id,type,urgency,status,assigned_machine,arrival_time,execution_time,energy_usage,start_time,completion_time,missed_time,deadline,extended_deadline
0,T3,BESTEFFORT,COMPLETED,m6-1,0.343,"{'m1-1': 26.21, 'm2-1': 102.48, 'm3-1': 96.2, 'm4-1': 25.92, 'm5-1': 5.35, 'm6-1': 0.96, 'm7-1': 105.48, 'm8-1': 25.85}",1.44,0.343,1.303,inf,110.343,110.343
1,T8,BESTEFFORT,COMPLETED,m6-1,2.443,"{'m1-1': 23.15, 'm2-1': 101.91, 'm3-1': 100.43, 'm4-1': 25.34, 'm5-1': 5.39, 'm6-1': 1.06, 'm7-1': 94.62, 'm8-1': 24.26}",1.59,2.443,3.503,inf,112.443,112.443
2,T9,BESTEFFORT,COMPLETED,m6-1,4.542,"{'m1-1': 27.18, 'm2-1': 113.34, 'm3-1': 116.16, 'm4-1': 26.53, 'm5-1': 5.25, 'm6-1': 1.1, 'm7-1': 99.85, 'm8-1': 25.43}",1.6500000000000001,4.542,5.6419999999999995,inf,114.542,114.542
3,T2,BESTEFFORT,COMPLETED,m6-1,4.693,"{'m1-1': 25.82, 'm2-1': 106.07, 'm3-1': 107.61, 'm4-1': 28.79, 'm5-1': 5.01, 'm6-1': 1.14, 'm7-1': 100.86, 'm8-1': 27.67}",1.71,5.6419999999999995,6.781999999999999,inf,114.693,114.693
4,T3,BESTEFFORT,COMPLETED,m6-1,7.059,"{'m1-1': 29.31, 'm2-1': 117.28, 'm3-1': 109.1, 'm4-1': 26.62, 'm5-1': 5.1, 'm6-1': 1.05, 'm7-1': 112.54, 'm8-1': 27.27}",1.5750000000000002,7.059,8.109,inf,117.059,117.059
5,T8,BESTEFFORT,COMPLETED,m6-1,7.868,"{'m1-1': 24.06, 'm2-1': 111.57, 'm3-1': 105.74, 'm4-1': 25.14, 'm5-1': 5.18, 'm6-1': 1.01, 'm7-1': 97.84, 'm8-1': 28.01}",1.5150000000000001,8.109,9.119,inf,117.868,117.868
6,T7,BESTEFFORT,COMPLETED,m6-1,11.542,"{'m1-1': 29.2, 'm2-1': 106.82, 'm3-1': 110.25, 'm4-1': 26.84, 'm5-1': 5.5, 'm6-1': 1.03, 'm7-1': 107.28, 'm8-1': 23.67}",1.545,11.542,12.572,inf,121.542,121.542
7,T7,BESTEFFORT,COMPLETED,m6-1,12.11,"{'m1-1': 26.23, 'm2-1': 102.98, 'm3-1': 105.93, 'm4-1': 25.11, 'm5-1': 5.22, 'm6-1': 1.0, 'm7-1': 95.76, 'm8-1': 25.68}",1.5,12.572,13.572,inf,122.11,122.11
8,T8,BESTEFFORT,COMPLETED,m6-1,13.217,"{'m1-1': 23.94, 'm2-1': 101.51, 'm3-1': 99.61, 'm4-1': 27.83, 'm5-1': 4.94, 'm6-1': 1.04, 'm7-1': 107.24, 'm8-1': 25.11}",1.56,13.572,14.611999999999998,inf,123.217,123.217
9,T8,BESTEFFORT,COMPLETED,m6-1,15.084,"{'m1-1': 24.7, 'm2-1': 112.2, 'm3-1': 97.49, 'm4-1': 25.38, 'm5-1': 5.25, 'm6-1': 1.14, 'm7-1': 106.61, 'm8-1': 26.12}",1.71,15.084,16.224,inf,125.084,125.084
10,T5,BESTEFFORT,COMPLETED,m6-1,15.182,"{'m1-1': 26.05, 'm2-1': 105.58, 'm3-1': 93.89, 'm4-1': 28.31, 'm5-1': 5.33, 'm6-1': 1.09, 'm7-1': 97.39, 'm8-1': 28.88}",1.6350000000000002,16.224,17.314,inf,125.182,125.182
11,T1,BESTEFFORT,COMPLETED,m6-1,19.582,"{'m1-1': 24.98, 'm2-1': 111.27, 'm3-1': 114.55, 'm4-1': 27.27, 'm5-1': 5.04, 'm6-1': 1.07, 'm7-1': 101.87, 'm8-1': 24.65}",1.605,19.582,20.652,inf,129.582,129.582
12,T5,BESTEFFORT,COMPLETED,m6-1,19.981,"{'m1-1': 28.31, 'm2-1': 107.5, 'm3-1': 104.72, 'm4-1': 24.75, 'm5-1': 5.63, 'm6-1': 1.19, 'm7-1': 104.03, 'm8-1': 28.58}",1.785,20.652,21.842000000000002,inf,129.981,129.981
13,T10,BESTEFFORT,COMPLETED,m6-1,20.105,"{'m1-1': 26.22, 'm2-1': 103.74, 'm3-1': 98.18, 'm4-1': 26.74, 'm5-1': 4.98, 'm6-1': 1.03, 'm7-1': 105.58, 'm8-1': 25.2}",1.545,21.842000000000002,22.872000000000003,inf,130.105,130.105
14,T6,BESTEFFORT,COMPLETED,m6-1,20.921,"{'m1-1': 28.5, 'm2-1': 107.08, 'm3-1': 99.16, 'm4-1': 25.13, 'm5-1': 5.19, 'm6-1': 1.04, 'm7-1': 97.37, 'm8-1': 23.52}",1.56,22.872000000000003,23.912000000000003,inf,130.921,130.921
15,T6,BESTEFFORT,COMPLETED,m6-1,21.57,"{'m1-1': 26.28, 'm2-1': 115.98, 'm3-1': 98.55, 'm4-1': 25.2, 'm5-1': 5.43, 'm6-1': 1.05, 'm7-1': 95.06, 'm8-1': 27.4}",1.5750000000000002,23.912000000000003,24.962000000000003,inf,131.57,131.57
16,T4,BESTEFFORT,COMPLETED,m5-1,21.705,"{'m1-1': 23.11, 'm2-1': 108.74, 'm3-1': 92.85, 'm4-1': 24.13, 'm5-1': 5.03, 'm6-1': 1.0, 'm7-1': 98.12, 'm8-1': 27.65}",7.545,21.705,26.735,inf,131.70499999999998,131.70499999999998
17,T7,BESTEFFORT,COMPLETED,m6-1,22.539,"{'m1-1': 25.64, 'm2-1': 104.49, 'm3-1': 95.35, 'm4-1': 24.56, 'm5-1': 5.27, 'm6-1': 1.0, 'm7-1': 99.27, 'm8-1': 23.93}",1.5,24.962000000000003,25.962000000000003,inf,132.539,132.539
18,T6,BESTEFFORT,COMPLETED,m5-1,22.847,"{'m1-1': 25.13, 'm2-1': 106.09, 'm3-1': 114.23, 'm4-1': 24.37, 'm5-1': 5.01, 'm6-1': 0.92, 'm7-1': 111.45, 'm8-1': 23.38}",7.515,26.735,31.744999999999997,inf,132.847,132.847
19,T1,BESTEFFORT,COMPLETED,m6-1,24.246,"{'m1-1': 25.86, 'm2-1': 104.93, 'm3-1': 104.87, 'm4-1': 27.68, 'm5-1': 4.96, 'm6-1': 0.97, 'm7-1': 102.54, 'm8-1': 23.68}",1.455,25.962000000000003,26.932000000000002,inf,134.246,134.246
20,T3,BESTEFFORT,COMPLETED,m6-1,25.773,"{'m1-1': 26.85, 'm2-1': 101.35, 'm3-1': 96.82, 'm4-1': 26.43, 'm5-1': 5.82, 'm6-1': 0.94, 'm7-1': 100.51, 'm8-1': 26.24}",1.41,26.932000000000002,27.872000000000003,inf,135.773,135.773
21,T9,BESTEFFORT,COMPLETED,m6-1,30.395,"{'m1-1': 27.72, 'm2-1': 108.98, 'm3-1': 113.88, 'm4-1': 26.06, 'm5-1': 4.64, 'm6-1': 1.0, 'm7-1': 105.84, 'm8-1': 25.04}",1.5,30.395,31.395,inf,140.395,140.395
22,T9,BESTEFFORT,COMPLETED,m6-1,31.047,"{'m1-1': 28.72, 'm2-1': 112.78, 'm3-1': 98.82, 'm4-1': 25.53, 'm5-1': 4.64, 'm6-1': 1.15, 'm7-1': 108.53, 'm8-1': 27.72}",1.7249999999999999,31.395,32.545,inf,141.047,141.047
23,T3,BESTEFFORT,COMPLETED,m6-1,31.073,"{'m1-1': 26.3, 'm2-1': 102.06, 'm3-1': 95.46, 'm4-1': 25.23, 'm5-1': 5.0, 'm6-1': 1.06, 'm7-1': 100.51, 'm8-1': 24.38}",1.59,32.545,33.605000000000004,inf,141.073,141.073
24,T7,BESTEFFORT,COMPLETED,m6-1,31.207,"{'m1-1': 28.97, 'm2-1': 108.17, 'm3-1': 109.52, 'm4-1': 25.93, 'm5-1': 4.64, 'm6-1': 1.06, 'm7-1': 99.24, 'm8-1': 26.17}",1.59,33.605000000000004,34.665000000000006,inf,141.207,141.207
25,T1,BESTEFFORT,COMPLETED,m6-1,32.345,"{'m1-1': 28.43, 'm2-1': 110.74, 'm3-1': 104.29, 'm4-1': 26.23, 'm5-1': 4.78, 'm6-1': 1.05, 'm7-1': 100.21, 'm8-1': 26.72}",1.5750000000000002,34.665000000000006,35.715,inf,142.345,142.345
26,T2,BESTEFFORT,COMPLETED,m6-1,34.794,"{'m1-1': 26.55, 'm2-1': 110.32, 'm3-1': 109.14, 'm4-1': 27.93, 'm5-1': 5.44, 'm6-1': 1.18, 'm7-1': 103.0, 'm8-1': 27.54}",1.77,35.715,36.895,inf,144.79399999999998,144.79399999999998
27,T8,BESTEFFORT,COMPLETED,m6-1,35.194,"{'m1-1': 24.57, 'm2-1': 110.46, 'm3-1': 107.09, 'm4-1': 23.82, 'm5-1': 5.58, 'm6-1': 1.12, 'm7-1': 100.41, 'm8-1': 27.76}",1.6800000000000002,36.895,38.015,inf,145.19400000000002,145.19400000000002
28,T7,BESTEFFORT,COMPLETED,m6-1,35.314,"{'m1-1': 28.22, 'm2-1': 97.25, 'm3-1': 106.77, 'm4-1': 25.82, 'm5-1': 4.98, 'm6-1': 1.06, 'm7-1': 110.1, 'm8-1': 23.57}",1.59,38.015,39.075,inf,145.314,145.314
29,T7,BESTEFFORT,COMPLETED,m6-1,36.451,"{'m1-1': 26.02, 'm2-1': 110.35, 'm3-1': 97.75, 'm4-1': 28.72, 'm5-1': 5.24, 'm6-1': 1.11, 'm7-1': 101.6, 'm8-1': 27.16}",1.665,39.075,40.185,inf,146.451,146.451
30,T4,BESTEFFORT,COMPLETED,m6-1,37.244,"{'m1-1': 23.72, 'm2-1': 110.88, 'm3-1': 98.59, 'm4-1': 24.73, 'm5-1': 5.09, 'm6-1': 0.98, 'm7-1': 94.82, 'm8-1': 26.97}",1.47,40.185,41.165,inf,147.244,147.244
31,T5,BESTEFFORT,COMPLETED,m5-1,37.621,"{'m1-1': 27.61, 'm2-1': 107.57, 'm3-1': 95.5, 'm4-1': 27.62, 'm5-1': 5.58, 'm6-1': 1.19, 'm7-1': 99.25, 'm8-1': 25.81}",8.370000000000001,37.621,43.201,inf,147.621,147.621
32,T6,BESTEFFORT,COMPLETED,m6-1,38.339,"{'m1-1': 26.81, 'm2-1': 118.19, 'm3-1': 98.73, 'm4-1': 27.04, 'm5-1': 5.18, 'm6-1': 0.96, 'm7-1': 109.35, 'm8-1': 26.8}",1.44,41.165,42.125,inf,148.339,148.339
33,T3,BESTEFFORT,COMPLETED,m6-1,41.054,"{'m1-1': 29.2, 'm2-1': 113.86, 'm3-1': 111.2, 'm4-1': 26.03, 'm5-1': 5.09, 'm6-1': 1.07, 'm7-1': 108.88, 'm8-1': 26.04}",1.605,42.125,43.195,inf,151.054,151.054
34,T4,BESTEFFORT,COMPLETED,m6-1,42.773,"{'m1-1': 24.48, 'm2-1': 104.46, 'm3-1': 96.73, 'm4-1': 23.51, 'm5-1': 5.27, 'm6-1': 1.07, 'm7-1': 101.99, 'm8-1': 25.62}",1.605,43.195,44.265,inf,152.773,152.773
35,T3,BESTEFFORT,COMPLETED,m6-1,44.492,"{'m1-1': 28.21, 'm2-1': 100.19, 'm3-1': 98.11, 'm4-1': 28.17, 'm5-1': 5.1, 'm6-1': 0.95, 'm7-1': 111.97, 'm8-1': 24.2}",1.4249999999999998,44.492,45.442,inf,154.492,154.492
36,T8,BESTEFFORT,COMPLETED,m6-1,44.888,"{'m1-1': 26.21, 'm2-1': 103.97, 'm3-1': 101.74, 'm4-1': 24.83, 'm5-1': 5.66, 'm6-1': 0.99, 'm7-1': 105.43, 'm8-1': 26.39}",1.4849999999999999,45.442,46.432,inf,154.888,154.888
37,T7,BESTEFFORT,COMPLETED,m6-1,46.279,"{'m1-1': 27.95, 'm2-1': 103.43, 'm3-1': 95.17, 'm4-1': 28.59, 'm5-1': 4.97, 'm6-1': 1.15, 'm7-1': 93.88, 'm8-1': 23.55}",1.7249999999999999,46.432,47.582,inf,156.279,156.279
38,T2,BESTEFFORT,COMPLETED,m6-1,47.961,"{'m1-1': 27.17, 'm2-1': 105.48, 'm3-1': 116.28, 'm4-1': 28.41, 'm5-1': 5.24, 'm6-1': 1.17, 'm7-1': 107.53, 'm8-1': 28.02}",1.755,47.961,49.131,inf,157.961,157.961
39,T4,BESTEFFORT,COMPLETED,m6-1,49.291,"{'m1-1': 23.66, 'm2-1': 95.37, 'm3-1': 95.25, 'm4-1': 24.35, 'm5-1': 5.0, 'm6-1': 0.97, 'm7-1': 99.68, 'm8-1': 24.43}",1.455,49.291,50.260999999999996,inf,159.291,159.291
40,T4,BESTEFFORT,COMPLETED,m6-1,49.294,"{'m1-1': 25.95, 'm2-1': 111.36, 'm3-1': 101.25, 'm4-1': 27.04, 'm5-1': 5.35, 'm6-1': 1.08, 'm7-1': 102.52, 'm8-1': 27.39}",1.62,50.260999999999996,51.340999999999994,inf,159.29399999999998,159.29399999999998
41,T8,BESTEFFORT,COMPLETED,m6-1,50.616,"{'m1-1': 27.22, 'm2-1': 106.16, 'm3-1': 107.56, 'm4-1': 24.2, 'm5-1': 4.8, 'm6-1': 1.12, 'm7-1': 106.21, 'm8-1': 28.01}",1.6800000000000002,51.340999999999994,52.46099999999999,inf,160.61599999999999,160.61599999999999
42,T10,BESTEFFORT,COMPLETED,m6-1,51.448,"{'m1-1': 27.31, 'm2-1': 108.63, 'm3-1': 98.22, 'm4-1': 27.03, 'm5-1': 5.64, 'm6-1': 1.13, 'm7-1': 101.03, 'm8-1': 26.79}",1.6949999999999998,52.46099999999999,53.590999999999994,inf,161.448,161.448
43,T3,BESTEFFORT,COMPLETED,m6-1,52.318,"{'m1-1': 25.76, 'm2-1': 115.73, 'm3-1': 105.71, 'm4-1': 25.09, 'm5-1': 5.64, 'm6-1': 0.96, 'm7-1': 112.73, 'm8-1': 27.15}",1.44,53.590999999999994,54.550999999999995,inf,162.31799999999998,162.31799999999998
44,T5,BESTEFFORT,COMPLETED,m6-1,52.839,"{'m1-1': 26.31, 'm2-1': 108.07, 'm3-1': 94.67, 'm4-1': 26.56, 'm5-1': 5.47, 'm6-1': 1.16, 'm7-1': 97.68, 'm8-1': 27.11}",1.7399999999999998,54.550999999999995,55.71099999999999,inf,162.839,162.839
45,T3,BESTEFFORT,COMPLETED,m6-1,54.908,"{'m1-1': 25.3, 'm2-1': 113.54, 'm3-1': 108.44, 'm4-1': 26.22, 'm5-1': 5.5, 'm6-1': 0.98, 'm7-1': 99.88, 'm8-1': 26.95}",1.47,55.71099999999999,56.69099999999999,inf,164.90800000000002,164.90800000000002
46,T2,BESTEFFORT,COMPLETED,m6-1,57.091,"{'m1-1': 25.21, 'm2-1': 108.13, 'm3-1': 110.64, 'm4-1': 27.21, 'm5-1': 5.28, 'm6-1': 1.16, 'm7-1': 105.19, 'm8-1': 27.84}",1.7399999999999998,57.091,58.251,inf,167.091,167.091
47,T3,BESTEFFORT,COMPLETED,m6-1,57.656,"{'m1-1': 27.27, 'm2-1': 104.3, 'm3-1': 108.25, 'm4-1': 25.81, 'm5-1': 5.81, 'm6-1': 1.03, 'm7-1': 111.54, 'm8-1': 26.4}",1.545,58.251,59.281,inf,167.656,167.656
48,T2,BESTEFFORT,COMPLETED,m6-1,58.787,"{'m1-1': 27.17, 'm2-1': 116.02, 'm3-1': 108.59, 'm4-1': 25.14, 'm5-1': 4.88, 'm6-1': 1.18, 'm7-1': 95.88, 'm8-1': 26.57}",1.77,59.281,60.461,inf,168.787,168.787
49,T2,BESTEFFORT,COMPLETED,m6-1,60.483,"{'m1-1': 25.64, 'm2-1': 102.99, 'm3-1': 110.98, 'm4-1': 25.2, 'm5-1': 4.99, 'm6-1': 1.02, 'm7-1': 107.81, 'm8-1': 28.58}",1.53,60.483,61.503,inf,170.483,170.483
50,T2,BESTEFFORT,COMPLETED,m6-1,61.081,"{'m1-1': 26.62, 'm2-1': 110.34, 'm3-1': 115.98, 'm4-1': 25.38, 'm5-1': 4.65, 'm6-1': 1.17, 'm7-1': 104.84, 'm8-1': 28.69}",1.755,61.503,62.673,inf,171.08100000000002,171.08100000000002
51,T8,BESTEFFORT,COMPLETED,m6-1,62.153,"{'m1-1': 26.93, 'm2-1': 107.0, 'm3-1': 100.43, 'm4-1': 23.95, 'm5-1': 5.3, 'm6-1': 1.04, 'm7-1': 101.01, 'm8-1': 25.92}",1.56,62.673,63.713,inf,172.153,172.153
52,T8,BESTEFFORT,COMPLETED,m6-1,62.775,"{'m1-1': 23.94, 'm2-1': 104.9, 'm3-1': 104.61, 'm4-1': 26.63, 'm5-1': 4.85, 'm6-1': 1.07, 'm7-1': 103.04, 'm8-1': 24.3}",1.605,63.713,64.783,inf,172.775,172.775
53,T1,BESTEFFORT,COMPLETED,m6-1,63.503,"{'m1-1': 27.95, 'm2-1': 114.66, 'm3-1': 102.76, 'm4-1': 26.08, 'm5-1': 4.89, 'm6-1': 0.93, 'm7-1': 103.21, 'm8-1': 28.09}",1.395,64.783,65.71300000000001,inf,173.503,173.503
54,T7,BESTEFFORT,COMPLETED,m6-1,64.595,"{'m1-1': 28.5, 'm2-1': 98.92, 'm3-1': 93.95, 'm4-1': 28.62, 'm5-1': 4.72, 'm6-1': 1.07, 'm7-1': 99.97, 'm8-1': 25.76}",1.605,65.71300000000001,66.783,inf,174.595,174.595
55,T10,BESTEFFORT,COMPLETED,m6-1,64.919,"{'m1-1': 29.13, 'm2-1': 102.7, 'm3-1': 97.59, 'm4-1': 28.47, 'm5-1': 5.09, 'm6-1': 1.03, 'm7-1': 108.09, 'm8-1': 27.42}",1.545,66.783,67.813,inf,174.91899999999998,174.91899999999998
56,T7,BESTEFFORT,COMPLETED,m6-1,66.345,"{'m1-1': 26.52, 'm2-1': 100.21, 'm3-1': 107.51, 'm4-1': 25.6, 'm5-1': 5.44, 'm6-1': 1.15, 'm7-1': 105.13, 'm8-1': 27.8}",1.7249999999999999,67.813,68.96300000000001,inf,176.345,176.345
57,T7,BESTEFFORT,COMPLETED,m6-1,66.996,"{'m1-1': 28.21, 'm2-1': 100.11, 'm3-1': 99.09, 'm4-1': 27.13, 'm5-1': 5.21, 'm6-1': 1.04, 'm7-1': 104.93, 'm8-1': 25.79}",1.56,68.96300000000001,70.00300000000001,inf,176.99599999999998,176.99599999999998
58,T7,BESTEFFORT,COMPLETED,m6-1,68.458,"{'m1-1': 26.73, 'm2-1': 98.34, 'm3-1': 108.06, 'm4-1': 26.64, 'm5-1': 5.12, 'm6-1': 1.06, 'm7-1': 93.93, 'm8-1': 25.85}",1.59,70.00300000000001,71.06300000000002,inf,178.458,178.458
59,T4,BESTEFFORT,COMPLETED,m6-1,68.699,"{'m1-1': 25.94, 'm2-1': 103.7, 'm3-1': 100.04, 'm4-1': 24.77, 'm5-1': 5.31, 'm6-1': 1.07, 'm7-1': 106.36, 'm8-1': 25.17}",1.605,71.06300000000002,72.13300000000001,inf,178.699,178.699
60,T5,BESTEFFORT,COMPLETED,m6-1,69.014,"{'m1-1': 24.86, 'm2-1': 95.89, 'm3-1': 106.48, 'm4-1': 24.87, 'm5-1': 5.83, 'm6-1': 1.15, 'm7-1': 97.48, 'm8-1': 28.29}",1.7249999999999999,72.13300000000001,73.28300000000002,inf,179.014,179.014
61,T4,BESTEFFORT,COMPLETED,m6-1,73.058,"{'m1-1': 22.89, 'm2-1': 103.41, 'm3-1': 107.2, 'm4-1': 26.82, 'm5-1': 5.43, 'm6-1': 1.04, 'm7-1': 97.72, 'm8-1': 24.7}",1.56,73.28300000000002,74.32300000000002,inf,183.058,183.058
62,T5,BESTEFFORT,COMPLETED,m6-1,73.428,"{'m1-1': 26.96, 'm2-1': 94.64, 'm3-1': 94.72, 'm4-1': 24.29, 'm5-1': 5.63, 'm6-1': 1.01, 'm7-1': 104.28, 'm8-1': 25.19}",1.5150000000000001,74.32300000000002,75.33300000000003,inf,183.428,183.428
63,T9,BESTEFFORT,COMPLETED,m6-1,76.172,"{'m1-1': 27.28, 'm2-1': 110.16, 'm3-1': 103.27, 'm4-1': 25.35, 'm5-1': 5.45, 'm6-1': 1.12, 'm7-1': 105.49, 'm8-1': 25.59}",1.6800000000000002,76.172,77.292,inf,186.172,186.172
64,T6,BESTEFFORT,COMPLETED,m6-1,76.239,"{'m1-1': 27.97, 'm2-1': 115.75, 'm3-1': 98.45, 'm4-1': 27.89, 'm5-1': 5.11, 'm6-1': 1.06, 'm7-1': 104.33, 'm8-1': 23.5}",1.59,77.292,78.352,inf,186.239,186.239
65,T1,BESTEFFORT,COMPLETED,m6-1,76.847,"{'m1-1': 27.5, 'm2-1': 112.2, 'm3-1': 104.57, 'm4-1': 27.61, 'm5-1': 4.88, 'm6-1': 0.98, 'm7-1': 115.23, 'm8-1': 23.85}",1.47,78.352,79.33200000000001,inf,186.84699999999998,186.84699999999998
66,T10,BESTEFFORT,COMPLETED,m6-1,78.568,"{'m1-1': 26.83, 'm2-1': 99.07, 'm3-1': 98.34, 'm4-1': 26.28, 'm5-1': 5.29, 'm6-1': 1.08, 'm7-1': 116.5, 'm8-1': 26.77}",1.62,79.33200000000001,80.412,inf,188.56799999999998,188.56799999999998
67,T6,BESTEFFORT,COMPLETED,m6-1,79.412,"{'m1-1': 27.08, 'm2-1': 114.61, 'm3-1': 110.64, 'm4-1': 28.61, 'm5-1': 5.12, 'm6-1': 0.98, 'm7-1': 100.74, 'm8-1': 23.62}",1.47,80.412,81.39200000000001,inf,189.412,189.412
68,T4,BESTEFFORT,COMPLETED,m6-1,79.728,"{'m1-1': 26.22, 'm2-1': 103.96, 'm3-1': 102.77, 'm4-1': 26.26, 'm5-1': 5.5, 'm6-1': 1.01, 'm7-1': 105.49, 'm8-1': 26.27}",1.5150000000000001,81.39200000000001,82.40200000000002,inf,189.728,189.728
69,T2,BESTEFFORT,COMPLETED,m6-1,81.194,"{'m1-1': 27.65, 'm2-1': 111.45, 'm3-1': 107.04, 'm4-1': 27.62, 'm5-1': 5.26, 'm6-1': 1.03, 'm7-1': 95.77, 'm8-1': 24.82}",1.545,82.40200000000002,83.43200000000002,inf,191.19400000000002,191.19400000000002
70,T4,BESTEFFORT,COMPLETED,m6-1,85.549,"{'m1-1': 23.84, 'm2-1': 96.01, 'm3-1': 99.27, 'm4-1': 24.13, 'm5-1': 5.3, 'm6-1': 1.06, 'm7-1': 98.91, 'm8-1': 23.73}",1.59,85.549,86.60900000000001,inf,195.549,195.549
71,T9,BESTEFFORT,COMPLETED,m6-1,86.518,"{'m1-1': 27.65, 'm2-1': 108.22, 'm3-1': 114.05, 'm4-1': 28.86, 'm5-1': 5.4, 'm6-1': 1.07, 'm7-1': 105.84, 'm8-1': 26.24}",1.605,86.60900000000001,87.679,inf,196.518,196.518
72,T3,BESTEFFORT,COMPLETED,m6-1,88.33,"{'m1-1': 26.08, 'm2-1': 110.4, 'm3-1': 103.42, 'm4-1': 27.78, 'm5-1': 5.74, 'm6-1': 1.03, 'm7-1': 103.2, 'm8-1': 25.23}",1.545,88.33,89.36,inf,198.32999999999998,198.32999999999998
73,T8,BESTEFFORT,COMPLETED,m6-1,88.99,"{'m1-1': 23.26, 'm2-1': 105.07, 'm3-1': 102.47, 'm4-1': 25.82, 'm5-1': 5.18, 'm6-1': 1.13, 'm7-1': 100.62, 'm8-1': 23.87}",1.6949999999999998,89.36,90.49,inf,198.99,198.99
74,T8,BESTEFFORT,COMPLETED,m6-1,90.238,"{'m1-1': 25.13, 'm2-1': 101.08, 'm3-1': 107.67, 'm4-1': 24.57, 'm5-1': 4.85, 'm6-1': 0.98, 'm7-1': 104.59, 'm8-1': 24.94}",1.47,90.49,91.47,inf,200.238,200.238
75,T2,BESTEFFORT,COMPLETED,m6-1,90.385,"{'m1-1': 29.2, 'm2-1': 110.39, 'm3-1': 118.37, 'm4-1': 26.81, 'm5-1': 4.86, 'm6-1': 1.07, 'm7-1': 97.79, 'm8-1': 28.75}",1.605,91.47,92.53999999999999,inf,200.385,200.385
76,T1,BESTEFFORT,COMPLETED,m6-1,93.786,"{'m1-1': 27.77, 'm2-1': 105.0, 'm3-1': 105.26, 'm4-1': 23.5, 'm5-1': 5.23, 'm6-1': 0.99, 'm7-1': 97.91, 'm8-1': 23.72}",1.4849999999999999,93.786,94.776,inf,203.786,203.786
77,T1,BESTEFFORT,COMPLETED,m6-1,94.852,"{'m1-1': 26.59, 'm2-1': 107.44, 'm3-1': 96.93, 'm4-1': 26.22, 'm5-1': 5.06, 'm6-1': 1.02, 'm7-1': 115.8, 'm8-1': 25.75}",1.53,94.852,95.872,inf,204.852,204.852
78,T9,BESTEFFORT,COMPLETED,m6-1,96.875,"{'m1-1': 29.0, 'm2-1': 111.86, 'm3-1': 104.35, 'm4-1': 27.41, 'm5-1': 5.07, 'm6-1': 1.03, 'm7-1': 103.34, 'm8-1': 24.84}",1.545,96.875,97.905,inf,206.875,206.875
79,T7,BESTEFFORT,COMPLETED,m6-1,97.875,"{'m1-1': 24.66, 'm2-1': 110.29, 'm3-1': 99.87, 'm4-1': 28.86, 'm5-1': 4.74, 'm6-1': 1.08, 'm7-1': 110.41, 'm8-1': 25.6}",1.62,97.905,98.985,inf,207.875,207.875
80,T3,BESTEFFORT,COMPLETED,m6-1,98.71,"{'m1-1': 27.92, 'm2-1': 111.38, 'm3-1': 94.87, 'm4-1': 28.51, 'm5-1': 5.59, 'm6-1': 1.06, 'm7-1': 95.97, 'm8-1': 26.89}",1.59,98.985,100.045,inf,208.70999999999998,208.70999999999998
81,T3,BESTEFFORT,COMPLETED,m6-1,98.89,"{'m1-1': 29.33, 'm2-1': 105.14, 'm3-1': 105.46, 'm4-1': 28.08, 'm5-1': 5.43, 'm6-1': 1.05, 'm7-1': 112.21, 'm8-1': 26.02}",1.5750000000000002,100.045,101.095,inf,208.89,208.89
82,T6,BESTEFFORT,COMPLETED,m6-1,100.152,"{'m1-1': 25.21, 'm2-1': 108.5, 'm3-1': 112.29, 'm4-1': 26.92, 'm5-1': 5.95, 'm6-1': 1.01, 'm7-1': 102.74, 'm8-1': 24.42}",1.5150000000000001,101.095,102.105,inf,210.152,210.152
83,T8,BESTEFFORT,COMPLETED,m6-1,101.114,"{'m1-1': 26.59, 'm2-1': 108.04, 'm3-1': 102.32, 'm4-1': 27.26, 'm5-1': 5.48, 'm6-1': 1.08, 'm7-1': 94.41, 'm8-1': 24.71}",1.62,102.105,103.185,inf,211.114,211.114
84,T7,BESTEFFORT,COMPLETED,m6-1,101.202,"{'m1-1': 28.52, 'm2-1': 103.76, 'm3-1': 97.39, 'm4-1': 27.5, 'm5-1': 5.31, 'm6-1': 1.04, 'm7-1': 107.59, 'm8-1': 27.95}",1.56,103.185,104.22500000000001,inf,211.202,211.202
85,T2,BESTEFFORT,COMPLETED,m6-1,102.697,"{'m1-1': 25.99, 'm2-1': 102.51, 'm3-1': 107.8, 'm4-1': 25.98, 'm5-1': 4.79, 'm6-1': 1.15, 'm7-1': 104.53, 'm8-1': 26.44}",1.7249999999999999,104.22500000000001,105.37500000000001,inf,212.697,212.697
86,T7,BESTEFFORT,COMPLETED,m6-1,102.741,"{'m1-1': 25.28, 'm2-1': 104.5, 'm3-1': 94.69, 'm4-1': 28.63, 'm5-1': 4.71, 'm6-1': 1.06, 'm7-1': 93.93, 'm8-1': 27.83}",1.59,105.37500000000001,106.43500000000002,inf,212.74099999999999,212.74099999999999
87,T10,BESTEFFORT,COMPLETED,m5-1,102.743,"{'m1-1': 26.22, 'm2-1': 106.34, 'm3-1': 103.8, 'm4-1': 28.22, 'm5-1': 5.13, 'm6-1': 1.07, 'm7-1': 112.14, 'm8-1': 26.88}",7.695,102.743,107.87299999999999,inf,212.743,212.743
88,T2,BESTEFFORT,COMPLETED,m5-1,102.905,"{'m1-1': 25.29, 'm2-1': 105.88, 'm3-1': 109.52, 'm4-1': 25.59, 'm5-1': 5.08, 'm6-1': 1.07, 'm7-1': 97.16, 'm8-1': 24.55}",7.62,107.87299999999999,112.95299999999999,inf,212.905,212.905
89,T10,BESTEFFORT,COMPLETED,m6-1,104.341,"{'m1-1': 25.14, 'm2-1': 98.82, 'm3-1': 105.4, 'm4-1': 28.39, 'm5-1': 5.75, 'm6-1': 1.14, 'm7-1': 101.13, 'm8-1': 26.18}",1.71,106.43500000000002,107.57500000000002,inf,214.341,214.341
90,T10,BESTEFFORT,COMPLETED,m6-1,105.609,"{'m1-1': 27.31, 'm2-1': 100.92, 'm3-1': 92.94, 'm4-1': 29.13, 'm5-1': 5.02, 'm6-1': 1.04, 'm7-1': 105.45, 'm8-1': 24.84}",1.56,107.57500000000002,108.61500000000002,inf,215.60899999999998,215.60899999999998
91,T8,BESTEFFORT,COMPLETED,m6-1,106.018,"{'m1-1': 24.05, 'm2-1': 102.37, 'm3-1': 103.93, 'm4-1': 23.88, 'm5-1': 5.12, 'm6-1': 1.06, 'm7-1': 95.66, 'm8-1': 23.99}",1.59,108.61500000000002,109.67500000000003,inf,216.018,216.018
92,T5,BESTEFFORT,COMPLETED,m5-1,106.162,"{'m1-1': 28.86, 'm2-1': 102.0, 'm3-1': 99.94, 'm4-1': 28.06, 'm5-1': 5.72, 'm6-1': 1.14, 'm7-1': 96.26, 'm8-1': 26.64}",8.58,112.95299999999999,118.67299999999999,inf,216.162,216.162
93,T6,BESTEFFORT,COMPLETED,m5-1,106.292,"{'m1-1': 27.88, 'm2-1': 102.99, 'm3-1': 105.48, 'm4-1': 27.44, 'm5-1': 5.71, 'm6-1': 1.06, 'm7-1': 95.38, 'm8-1': 24.37}",8.565,118.67299999999999,124.38299999999998,inf,216.292,216.292
94,T7,BESTEFFORT,COMPLETED,m6-1,110.221,"{'m1-1': 27.49, 'm2-1': 98.84, 'm3-1': 97.44, 'm4-1': 24.48, 'm5-1': 4.82, 'm6-1': 1.15, 'm7-1': 95.59, 'm8-1': 23.7}",1.7249999999999999,110.221,111.37100000000001,inf,220.221,220.221
95,T5,BESTEFFORT,COMPLETED,m6-1,110.566,"{'m1-1': 26.43, 'm2-1': 104.65, 'm3-1': 108.96, 'm4-1': 24.93, 'm5-1': 5.45, 'm6-1': 1.01, 'm7-1': 98.36, 'm8-1': 25.21}",1.5150000000000001,111.37100000000001,112.38100000000001,inf,220.566,220.566
96,T9,BESTEFFORT,COMPLETED,m6-1,110.665,"{'m1-1': 26.66, 'm2-1': 117.53, 'm3-1': 105.97, 'm4-1': 26.76, 'm5-1': 5.19, 'm6-1': 1.08, 'm7-1': 107.08, 'm8-1': 24.62}",1.62,112.38100000000001,113.46100000000001,inf,220.66500000000002,220.66500000000002
97,T7,BESTEFFORT,COMPLETED,m6-1,110.866,"{'m1-1': 28.72, 'm2-1': 100.81, 'm3-1': 99.3, 'm4-1': 28.32, 'm5-1': 5.38, 'm6-1': 1.14, 'm7-1': 101.17, 'm8-1': 23.67}",1.71,113.46100000000001,114.60100000000001,inf,220.86599999999999,220.86599999999999
98,T9,BESTEFFORT,COMPLETED,m6-1,112.258,"{'m1-1': 26.68, 'm2-1': 101.2, 'm3-1': 103.37, 'm4-1': 27.18, 'm5-1': 5.38, 'm6-1': 1.08, 'm7-1': 95.19, 'm8-1': 27.6}",1.62,114.60100000000001,115.68100000000001,inf,222.25799999999998,222.25799999999998
99,T10,BESTEFFORT,COMPLETED,m6-1,112.928,"{'m1-1': 27.35, 'm2-1': 100.92, 'm3-1': 95.7, 'm4-1': 29.01, 'm5-1': 5.14, 'm6-1': 1.12, 'm7-1': 105.81, 'm8-1': 26.9}",1.6800000000000002,115.68100000000001,116.80100000000002,inf,222.928,222.928
100,T4,BESTEFFORT,COMPLETED,m5-1,113.45,"{'m1-1': 23.9, 'm2-1': 96.31, 'm3-1': 93.51, 'm4-1': 26.14, 'm5-1': 5.15, 'm6-1': 1.03, 'm7-1': 108.81, 'm8-1': 27.85}",7.7250000000000005,124.38299999999998,129.533,inf,223.45,223.45
101,T6,BESTEFFORT,COMPLETED,m6-1,116.475,"{'m1-1': 29.08, 'm2-1': 115.98, 'm3-1': 104.17, 'm4-1': 28.66, 'm5-1': 5.48, 'm6-1': 1.06, 'm7-1': 107.25, 'm8-1': 25.97}",1.59,116.80100000000002,117.86100000000002,inf,226.475,226.475
102,T7,BESTEFFORT,COMPLETED,m6-1,118.991,"{'m1-1': 29.01, 'm2-1': 105.57, 'm3-1': 101.15, 'm4-1': 28.48, 'm5-1': 5.34, 'm6-1': 1.0, 'm7-1': 107.1, 'm8-1': 27.46}",1.5,118.991,119.991,inf,228.99099999999999,228.99099999999999
103,T10,BESTEFFORT,COMPLETED,m6-1,119.84,"{'m1-1': 26.95, 'm2-1': 114.93, 'm3-1': 101.84, 'm4-1': 27.98, 'm5-1': 5.16, 'm6-1': 0.99, 'm7-1': 116.42, 'm8-1': 24.86}",1.4849999999999999,119.991,120.981,inf,229.84,229.84
104,T9,BESTEFFORT,COMPLETED,m6-1,121.129,"{'m1-1': 26.75, 'm2-1': 110.11, 'm3-1': 114.24, 'm4-1': 27.87, 'm5-1': 4.7, 'm6-1': 1.07, 'm7-1': 109.23, 'm8-1': 26.6}",1.605,121.129,122.199,inf,231.12900000000002,231.12900000000002
105,T1,BESTEFFORT,COMPLETED,m6-1,121.231,"{'m1-1': 24.61, 'm2-1': 114.42, 'm3-1': 107.51, 'm4-1': 23.91, 'm5-1': 4.97, 'm6-1': 0.98, 'm7-1': 98.13, 'm8-1': 25.37}",1.47,122.199,123.179,inf,231.231,231.231
106,T9,BESTEFFORT,COMPLETED,m6-1,123.808,"{'m1-1': 28.91, 'm2-1': 103.4, 'm3-1': 102.56, 'm4-1': 27.84, 'm5-1': 4.85, 'm6-1': 1.01, 'm7-1': 105.85, 'm8-1': 25.09}",1.5150000000000001,123.808,124.81800000000001,inf,233.808,233.808
107,T9,BESTEFFORT,COMPLETED,m6-1,125.495,"{'m1-1': 27.99, 'm2-1': 102.7, 'm3-1': 111.52, 'm4-1': 24.81, 'm5-1': 5.22, 'm6-1': 1.08, 'm7-1': 95.1, 'm8-1': 24.27}",1.62,125.495,126.575,inf,235.495,235.495
108,T4,BESTEFFORT,COMPLETED,m6-1,126.097,"{'m1-1': 23.92, 'm2-1': 107.33, 'm3-1': 101.78, 'm4-1': 24.3, 'm5-1': 4.99, 'm6-1': 1.09, 'm7-1': 98.23, 'm8-1': 24.73}",1.6350000000000002,126.575,127.665,inf,236.09699999999998,236.09699999999998
109,T7,BESTEFFORT,COMPLETED,m6-1,126.525,"{'m1-1': 26.72, 'm2-1': 105.68, 'm3-1': 98.26, 'm4-1': 28.32, 'm5-1': 5.36, 'm6-1': 1.14, 'm7-1': 100.4, 'm8-1': 25.33}",1.71,127.665,128.805,inf,236.525,236.525
110,T7,BESTEFFORT,COMPLETED,m6-1,126.817,"{'m1-1': 29.0, 'm2-1': 108.43, 'm3-1': 98.41, 'm4-1': 27.28, 'm5-1': 4.98, 'm6-1': 1.05, 'm7-1': 98.13, 'm8-1': 24.92}",1.5750000000000002,128.805,129.85500000000002,inf,236.817,236.817
111,T8,BESTEFFORT,COMPLETED,m6-1,127.192,"{'m1-1': 23.46, 'm2-1': 113.58, 'm3-1': 96.08, 'm4-1': 26.96, 'm5-1': 5.21, 'm6-1': 1.1, 'm7-1': 105.66, 'm8-1': 28.19}",1.6500000000000001,129.85500000000002,130.955,inf,237.192,237.192
112,T5,BESTEFFORT,COMPLETED,m5-1,127.636,"{'m1-1': 26.37, 'm2-1': 105.2, 'm3-1': 108.52, 'm4-1': 24.14, 'm5-1': 5.2, 'm6-1': 1.19, 'm7-1': 102.34, 'm8-1': 25.69}",7.800000000000001,129.533,134.73299999999998,inf,237.636,237.636
113,T1,BESTEFFORT,COMPLETED,m6-1,130.624,"{'m1-1': 25.87, 'm2-1': 108.11, 'm3-1': 105.9, 'm4-1': 25.58, 'm5-1': 4.92, 'm6-1': 0.95, 'm7-1': 105.97, 'm8-1': 24.82}",1.4249999999999998,130.955,131.905,inf,240.624,240.624
114,T8,BESTEFFORT,COMPLETED,m6-1,130.816,"{'m1-1': 25.81, 'm2-1': 101.58, 'm3-1': 110.94, 'm4-1': 25.18, 'm5-1': 4.97, 'm6-1': 1.14, 'm7-1': 96.33, 'm8-1': 25.21}",1.71,131.905,133.045,inf,240.816,240.816
115,T6,BESTEFFORT,COMPLETED,m6-1,131.696,"{'m1-1': 26.03, 'm2-1': 102.09, 'm3-1': 105.25, 'm4-1': 28.46, 'm5-1': 5.8, 'm6-1': 0.96, 'm7-1': 101.84, 'm8-1': 27.49}",1.44,133.045,134.005,inf,241.696,241.696
116,T10,BESTEFFORT,COMPLETED,m6-1,135.804,"{'m1-1': 26.29, 'm2-1': 104.95, 'm3-1': 92.76, 'm4-1': 25.74, 'm5-1': 5.39, 'm6-1': 1.1, 'm7-1': 109.99, 'm8-1': 24.23}",1.6500000000000001,135.804,136.904,inf,245.804,245.804
117,T2,BESTEFFORT,COMPLETED,m6-1,137.941,"{'m1-1': 27.06, 'm2-1': 113.92, 'm3-1': 109.52, 'm4-1': 27.36, 'm5-1': 4.71, 'm6-1': 1.08, 'm7-1': 105.96, 'm8-1': 25.25}",1.62,137.941,139.02100000000002,inf,247.941,247.941
118,T1,BESTEFFORT,COMPLETED,m6-1,139.701,"{'m1-1': 24.51, 'm2-1': 110.15, 'm3-1': 99.48, 'm4-1': 26.51, 'm5-1': 4.94, 'm6-1': 0.98, 'm7-1': 101.64, 'm8-1': 26.82}",1.47,139.701,140.68099999999998,inf,249.701,249.701
119,T8,BESTEFFORT,COMPLETED,m6-1,139.759,"{'m1-1': 26.27, 'm2-1': 106.9, 'm3-1': 110.5, 'm4-1': 26.32, 'm5-1': 5.17, 'm6-1': 1.0, 'm7-1': 108.45, 'm8-1': 26.74}",1.5,140.68099999999998,141.68099999999998,inf,249.759,249.759
120,T1,BESTEFFORT,COMPLETED,m6-1,140.664,"{'m1-1': 25.67, 'm2-1': 112.66, 'm3-1': 104.1, 'm4-1': 26.74, 'm5-1': 5.44, 'm6-1': 1.07, 'm7-1': 101.16, 'm8-1': 28.0}",1.605,141.68099999999998,142.75099999999998,inf,250.664,250.664
121,T8,BESTEFFORT,COMPLETED,m6-1,140.675,"{'m1-1': 26.9, 'm2-1': 113.19, 'm3-1': 108.16, 'm4-1': 27.73, 'm5-1': 5.04, 'm6-1': 1.05, 'm7-1': 95.37, 'm8-1': 25.34}",1.5750000000000002,142.75099999999998,143.801,inf,250.675,250.675
122,T8,BESTEFFORT,COMPLETED,m6-1,141.688,"{'m1-1': 23.85, 'm2-1': 116.95, 'm3-1': 100.16, 'm4-1': 26.28, 'm5-1': 5.47, 'm6-1': 1.16, 'm7-1': 94.95, 'm8-1': 25.43}",1.7399999999999998,143.801,144.96099999999998,inf,251.688,251.688
123,T6,BESTEFFORT,COMPLETED,m6-1,141.703,"{'m1-1': 26.72, 'm2-1': 112.12, 'm3-1': 104.67, 'm4-1': 25.15, 'm5-1': 5.42, 'm6-1': 0.92, 'm7-1': 98.91, 'm8-1': 26.48}",1.3800000000000001,144.96099999999998,145.88099999999997,inf,251.703,251.703
124,T6,BESTEFFORT,COMPLETED,m6-1,143.061,"{'m1-1': 26.94, 'm2-1': 111.4, 'm3-1': 101.51, 'm4-1': 26.39, 'm5-1': 5.28, 'm6-1': 1.0, 'm7-1': 100.55, 'm8-1': 26.68}",1.5,145.88099999999997,146.88099999999997,inf,253.061,253.061
125,T4,BESTEFFORT,COMPLETED,m6-1,144.444,"{'m1-1': 25.05, 'm2-1': 108.73, 'm3-1': 102.4, 'm4-1': 25.43, 'm5-1': 5.48, 'm6-1': 0.92, 'm7-1': 97.95, 'm8-1': 26.25}",1.3800000000000001,146.88099999999997,147.80099999999996,inf,254.444,254.444
126,T1,BESTEFFORT,COMPLETED,m5-1,144.898,"{'m1-1': 26.63, 'm2-1': 107.83, 'm3-1': 98.71, 'm4-1': 27.68, 'm5-1': 5.37, 'm6-1': 0.98, 'm7-1': 106.86, 'm8-1': 25.47}",8.055,144.898,150.268,inf,254.898,254.898
127,T10,BESTEFFORT,COMPLETED,m6-1,147.676,"{'m1-1': 28.27, 'm2-1': 100.69, 'm3-1': 104.82, 'm4-1': 25.14, 'm5-1': 5.59, 'm6-1': 1.06, 'm7-1': 103.38, 'm8-1': 25.35}",1.59,147.80099999999996,148.86099999999996,inf,257.676,257.676
128,T4,BESTEFFORT,COMPLETED,m6-1,147.891,"{'m1-1': 22.96, 'm2-1': 108.8, 'm3-1': 98.4, 'm4-1': 23.47, 'm5-1': 5.33, 'm6-1': 1.09, 'm7-1': 95.23, 'm8-1': 23.72}",1.6350000000000002,148.86099999999996,149.95099999999996,inf,257.89099999999996,257.89099999999996
129,T9,BESTEFFORT,COMPLETED,m6-1,149.039,"{'m1-1': 25.91, 'm2-1': 111.32, 'm3-1': 102.67, 'm4-1': 25.29, 'm5-1': 4.87, 'm6-1': 1.13, 'm7-1': 99.84, 'm8-1': 26.77}",1.6949999999999998,149.95099999999996,151.08099999999996,inf,259.039,259.039
130,T5,BESTEFFORT,COMPLETED,m6-1,151.194,"{'m1-1': 28.01, 'm2-1': 98.6, 'm3-1': 102.82, 'm4-1': 27.05, 'm5-1': 5.76, 'm6-1': 1.08, 'm7-1': 99.91, 'm8-1': 24.9}",1.62,151.194,152.274,inf,261.19399999999996,261.19399999999996
131,T8,BESTEFFORT,COMPLETED,m6-1,151.311,"{'m1-1': 25.52, 'm2-1': 116.46, 'm3-1': 96.22, 'm4-1': 24.3, 'm5-1': 5.66, 'm6-1': 1.02, 'm7-1': 107.48, 'm8-1': 23.99}",1.53,152.274,153.294,inf,261.31100000000004,261.31100000000004
132,T5,BESTEFFORT,COMPLETED,m6-1,151.631,"{'m1-1': 25.39, 'm2-1': 97.44, 'm3-1': 92.08, 'm4-1': 24.95, 'm5-1': 5.9, 'm6-1': 1.07, 'm7-1': 107.77, 'm8-1': 25.3}",1.605,153.294,154.364,inf,261.631,261.631
133,T5,BESTEFFORT,COMPLETED,m6-1,151.795,"{'m1-1': 26.0, 'm2-1': 96.41, 'm3-1': 104.72, 'm4-1': 25.26, 'm5-1': 5.54, 'm6-1': 1.0, 'm7-1': 107.76, 'm8-1': 25.99}",1.5,154.364,155.364,inf,261.79499999999996,261.79499999999996
134,T3,BESTEFFORT,COMPLETED,m6-1,154.424,"{'m1-1': 28.86, 'm2-1': 100.15, 'm3-1': 107.92, 'm4-1': 24.76, 'm5-1': 5.32, 'm6-1': 0.97, 'm7-1': 102.67, 'm8-1': 25.49}",1.455,155.364,156.334,inf,264.424,264.424
135,T1,BESTEFFORT,COMPLETED,m6-1,155.767,"{'m1-1': 25.74, 'm2-1': 105.79, 'm3-1': 100.67, 'm4-1': 23.83, 'm5-1': 4.74, 'm6-1': 0.99, 'm7-1': 103.9, 'm8-1': 23.77}",1.4849999999999999,156.334,157.324,inf,265.767,265.767
136,T2,BESTEFFORT,COMPLETED,m6-1,155.805,"{'m1-1': 27.55, 'm2-1': 104.5, 'm3-1': 106.85, 'm4-1': 28.4, 'm5-1': 4.65, 'm6-1': 1.05, 'm7-1': 99.13, 'm8-1': 27.08}",1.5750000000000002,157.324,158.37400000000002,inf,265.805,265.805
137,T10,BESTEFFORT,COMPLETED,m6-1,156.199,"{'m1-1': 27.05, 'm2-1': 100.98, 'm3-1': 93.22, 'm4-1': 26.74, 'm5-1': 5.65, 'm6-1': 1.06, 'm7-1': 112.8, 'm8-1': 25.62}",1.59,158.37400000000002,159.43400000000003,inf,266.199,266.199
138,T2,BESTEFFORT,COMPLETED,m6-1,158.192,"{'m1-1': 27.31, 'm2-1': 104.84, 'm3-1': 103.9, 'm4-1': 27.63, 'm5-1': 4.96, 'm6-1': 1.15, 'm7-1': 96.62, 'm8-1': 28.02}",1.7249999999999999,159.43400000000003,160.58400000000003,inf,268.192,268.192
139,T7,BESTEFFORT,COMPLETED,m6-1,159.003,"{'m1-1': 24.6, 'm2-1': 113.67, 'm3-1': 94.68, 'm4-1': 28.68, 'm5-1': 5.34, 'm6-1': 1.12, 'm7-1': 94.0, 'm8-1': 27.82}",1.6800000000000002,160.58400000000003,161.70400000000004,inf,269.003,269.003
140,T7,BESTEFFORT,COMPLETED,m6-1,159.166,"{'m1-1': 27.96, 'm2-1': 100.5, 'm3-1': 98.58, 'm4-1': 28.82, 'm5-1': 4.9, 'm6-1': 1.05, 'm7-1': 107.59, 'm8-1': 25.46}",1.5750000000000002,161.70400000000004,162.75400000000005,inf,269.166,269.166
141,T5,BESTEFFORT,COMPLETED,m6-1,159.915,"{'m1-1': 28.34, 'm2-1': 98.85, 'm3-1': 95.28, 'm4-1': 28.29, 'm5-1': 5.45, 'm6-1': 1.15, 'm7-1': 100.0, 'm8-1': 26.01}",1.7249999999999999,162.75400000000005,163.90400000000005,inf,269.91499999999996,269.91499999999996
142,T2,BESTEFFORT,COMPLETED,m5-1,160.199,"{'m1-1': 25.21, 'm2-1': 109.13, 'm3-1': 110.43, 'm4-1': 28.41, 'm5-1': 5.13, 'm6-1': 1.17, 'm7-1': 108.88, 'm8-1': 28.94}",7.695,160.199,165.329,inf,270.199,270.199
143,T5,BESTEFFORT,COMPLETED,m6-1,160.755,"{'m1-1': 25.93, 'm2-1': 104.42, 'm3-1': 100.88, 'm4-1': 28.23, 'm5-1': 5.4, 'm6-1': 1.07, 'm7-1': 107.46, 'm8-1': 27.0}",1.605,163.90400000000005,164.97400000000005,inf,270.755,270.755
144,T1,BESTEFFORT,COMPLETED,m5-1,161.596,"{'m1-1': 27.91, 'm2-1': 116.96, 'm3-1': 108.44, 'm4-1': 24.7, 'm5-1': 5.03, 'm6-1': 1.1, 'm7-1': 102.93, 'm8-1': 25.75}",7.545,165.329,170.359,inf,271.596,271.596
145,T2,BESTEFFORT,COMPLETED,m6-1,162.225,"{'m1-1': 26.93, 'm2-1': 100.1, 'm3-1': 109.58, 'm4-1': 26.19, 'm5-1': 4.8, 'm6-1': 1.1, 'm7-1': 108.64, 'm8-1': 27.41}",1.6500000000000001,164.97400000000005,166.07400000000004,inf,272.225,272.225
146,T8,BESTEFFORT,COMPLETED,m6-1,164.78,"{'m1-1': 26.61, 'm2-1': 104.4, 'm3-1': 97.58, 'm4-1': 23.86, 'm5-1': 5.37, 'm6-1': 1.03, 'm7-1': 101.66, 'm8-1': 23.8}",1.545,166.07400000000004,167.10400000000004,inf,274.78,274.78
147,T10,BESTEFFORT,COMPLETED,m6-1,164.944,"{'m1-1': 27.12, 'm2-1': 112.63, 'm3-1': 100.73, 'm4-1': 25.8, 'm5-1': 5.68, 'm6-1': 1.17, 'm7-1': 115.09, 'm8-1': 24.34}",1.755,167.10400000000004,168.27400000000003,inf,274.94399999999996,274.94399999999996
148,T2,BESTEFFORT,COMPLETED,m6-1,165.852,"{'m1-1': 28.8, 'm2-1': 103.42, 'm3-1': 108.02, 'm4-1': 27.71, 'm5-1': 5.09, 'm6-1': 1.17, 'm7-1': 106.59, 'm8-1': 28.3}",1.755,168.27400000000003,169.44400000000002,inf,275.852,275.852
149,T4,BESTEFFORT,COMPLETED,m5-1,165.923,"{'m1-1': 24.46, 'm2-1': 104.04, 'm3-1': 97.32, 'm4-1': 24.35, 'm5-1': 5.92, 'm6-1': 0.98, 'm7-1': 97.23, 'm8-1': 27.72}",8.879999999999999,170.359,176.279,inf,275.923,275.923
150,T3,BESTEFFORT,COMPLETED,m6-1,167.712,"{'m1-1': 25.41, 'm2-1': 114.84, 'm3-1': 94.68, 'm4-1': 28.8, 'm5-1': 5.62, 'm6-1': 1.0, 'm7-1': 103.02, 'm8-1': 24.32}",1.5,169.44400000000002,170.44400000000002,inf,277.712,277.712
151,T1,BESTEFFORT,COMPLETED,m6-1,169.614,"{'m1-1': 24.98, 'm2-1': 113.94, 'm3-1': 96.5, 'm4-1': 25.67, 'm5-1': 5.44, 'm6-1': 1.11, 'm7-1': 103.71, 'm8-1': 27.04}",1.665,170.44400000000002,171.55400000000003,inf,279.61400000000003,279.61400000000003
152,T4,BESTEFFORT,COMPLETED,m6-1,171.855,"{'m1-1': 25.19, 'm2-1': 95.74, 'm3-1': 98.33, 'm4-1': 23.52, 'm5-1': 5.55, 'm6-1': 1.06, 'm7-1': 95.92, 'm8-1': 25.84}",1.59,171.855,172.915,inf,281.855,281.855
153,T2,BESTEFFORT,COMPLETED,m6-1,173.291,"{'m1-1': 27.84, 'm2-1': 115.11, 'm3-1': 108.14, 'm4-1': 26.27, 'm5-1': 5.34, 'm6-1': 1.14, 'm7-1': 96.04, 'm8-1': 26.88}",1.71,173.291,174.43099999999998,inf,283.291,283.291
154,T10,BESTEFFORT,COMPLETED,m6-1,174.588,"{'m1-1': 29.09, 'm2-1': 116.74, 'm3-1': 108.31, 'm4-1': 27.06, 'm5-1': 5.56, 'm6-1': 1.16, 'm7-1': 102.54, 'm8-1': 27.3}",1.7399999999999998,174.588,175.748,inf,284.58799999999997,284.58799999999997
155,T4,BESTEFFORT,COMPLETED,m6-1,175.27,"{'m1-1': 23.9, 'm2-1': 112.58, 'm3-1': 96.15, 'm4-1': 26.77, 'm5-1': 5.48, 'm6-1': 0.97, 'm7-1': 106.15, 'm8-1': 27.52}",1.455,175.748,176.718,inf,285.27,285.27
156,T7,BESTEFFORT,COMPLETED,m6-1,178.911,"{'m1-1': 26.14, 'm2-1': 103.76, 'm3-1': 108.82, 'm4-1': 28.44, 'm5-1': 5.39, 'm6-1': 1.04, 'm7-1': 103.28, 'm8-1': 25.77}",1.56,178.911,179.951,inf,288.911,288.911
157,T2,BESTEFFORT,COMPLETED,m6-1,178.947,"{'m1-1': 28.09, 'm2-1': 104.78, 'm3-1': 114.2, 'm4-1': 27.95, 'm5-1': 5.16, 'm6-1': 1.16, 'm7-1': 96.87, 'm8-1': 24.92}",1.7399999999999998,179.951,181.111,inf,288.947,288.947
158,T7,BESTEFFORT,COMPLETED,m6-1,179.463,"{'m1-1': 28.62, 'm2-1': 107.72, 'm3-1': 98.02, 'm4-1': 28.75, 'm5-1': 4.79, 'm6-1': 1.04, 'm7-1': 105.41, 'm8-1': 27.64}",1.56,181.111,182.15099999999998,inf,289.46299999999997,289.46299999999997
159,T4,BESTEFFORT,COMPLETED,m6-1,180.434,"{'m1-1': 23.72, 'm2-1': 105.15, 'm3-1': 99.1, 'm4-1': 27.09, 'm5-1': 5.72, 'm6-1': 1.03, 'm7-1': 110.91, 'm8-1': 25.76}",1.545,182.15099999999998,183.18099999999998,inf,290.43399999999997,290.43399999999997
160,T3,BESTEFFORT,COMPLETED,m6-1,180.511,"{'m1-1': 27.09, 'm2-1': 111.78, 'm3-1': 95.2, 'm4-1': 26.99, 'm5-1': 5.09, 'm6-1': 1.06, 'm7-1': 102.09, 'm8-1': 23.41}",1.59,183.18099999999998,184.24099999999999,inf,290.51099999999997,290.51099999999997
161,T10,BESTEFFORT,COMPLETED,m6-1,181.697,"{'m1-1': 26.0, 'm2-1': 101.4, 'm3-1': 105.52, 'm4-1': 24.75, 'm5-1': 5.32, 'm6-1': 1.06, 'm7-1': 107.87, 'm8-1': 27.42}",1.59,184.24099999999999,185.301,inf,291.697,291.697
162,T1,BESTEFFORT,COMPLETED,m5-1,181.778,"{'m1-1': 25.09, 'm2-1': 113.54, 'm3-1': 111.15, 'm4-1': 24.74, 'm5-1': 4.94, 'm6-1': 0.93, 'm7-1': 101.62, 'm8-1': 26.76}",7.41,181.778,186.718,inf,291.778,291.778
163,T2,BESTEFFORT,COMPLETED,m6-1,182.389,"{'m1-1': 27.88, 'm2-1': 106.14, 'm3-1': 103.53, 'm4-1': 29.04, 'm5-1': 4.79, 'm6-1': 1.12, 'm7-1': 106.59, 'm8-1': 27.08}",1.6800000000000002,185.301,186.421,inf,292.389,292.389
164,T9,BESTEFFORT,COMPLETED,m5-1,182.75,"{'m1-1': 26.52, 'm2-1': 110.24, 'm3-1': 103.74, 'm4-1': 28.69, 'm5-1': 5.33, 'm6-1': 1.01, 'm7-1': 98.38, 'm8-1': 25.46}",7.995,186.718,192.048,inf,292.75,292.75
165,T8,BESTEFFORT,COMPLETED,m6-1,185.538,"{'m1-1': 24.85, 'm2-1': 104.24, 'm3-1': 99.8, 'm4-1': 27.63, 'm5-1': 5.01, 'm6-1': 0.99, 'm7-1': 98.04, 'm8-1': 26.55}",1.4849999999999999,186.421,187.411,inf,295.538,295.538
166,T3,BESTEFFORT,COMPLETED,m6-1,185.796,"{'m1-1': 24.82, 'm2-1': 113.76, 'm3-1': 97.72, 'm4-1': 26.11, 'm5-1': 5.72, 'm6-1': 1.0, 'm7-1': 102.05, 'm8-1': 27.44}",1.5,187.411,188.411,inf,295.796,295.796
167,T10,BESTEFFORT,COMPLETED,m6-1,187.62,"{'m1-1': 28.8, 'm2-1': 112.24, 'm3-1': 96.02, 'm4-1': 24.8, 'm5-1': 5.56, 'm6-1': 1.13, 'm7-1': 106.43, 'm8-1': 28.06}",1.6949999999999998,188.411,189.541,inf,297.62,297.62
168,T3,BESTEFFORT,COMPLETED,m6-1,188.074,"{'m1-1': 26.66, 'm2-1': 111.24, 'm3-1': 95.93, 'm4-1': 26.8, 'm5-1': 5.69, 'm6-1': 1.02, 'm7-1': 103.44, 'm8-1': 23.62}",1.53,189.541,190.561,inf,298.074,298.074
169,T1,BESTEFFORT,COMPLETED,m6-1,190.68,"{'m1-1': 24.35, 'm2-1': 117.47, 'm3-1': 100.43, 'm4-1': 26.34, 'm5-1': 5.12, 'm6-1': 1.04, 'm7-1': 113.28, 'm8-1': 24.76}",1.56,190.68,191.72,inf,300.68,300.68
170,T1,BESTEFFORT,COMPLETED,m6-1,191.192,"{'m1-1': 26.95, 'm2-1': 112.2, 'm3-1': 107.78, 'm4-1': 27.71, 'm5-1': 5.5, 'm6-1': 0.95, 'm7-1': 107.08, 'm8-1': 26.9}",1.4249999999999998,191.72,192.67,inf,301.192,301.192
171,T2,BESTEFFORT,COMPLETED,m6-1,191.853,"{'m1-1': 28.52, 'm2-1': 103.51, 'm3-1': 114.92, 'm4-1': 29.04, 'm5-1': 4.8, 'm6-1': 1.13, 'm7-1': 109.63, 'm8-1': 26.02}",1.6949999999999998,192.67,193.79999999999998,inf,301.853,301.853
172,T10,BESTEFFORT,COMPLETED,m6-1,193.125,"{'m1-1': 27.87, 'm2-1': 101.63, 'm3-1': 108.28, 'm4-1': 24.79, 'm5-1': 5.69, 'm6-1': 1.17, 'm7-1': 110.54, 'm8-1': 23.99}",1.755,193.79999999999998,194.96999999999997,inf,303.125,303.125
173,T2,BESTEFFORT,COMPLETED,m6-1,193.355,"{'m1-1': 27.77, 'm2-1': 104.53, 'm3-1': 114.56, 'm4-1': 28.06, 'm5-1': 5.2, 'm6-1': 1.16, 'm7-1': 107.69, 'm8-1': 25.98}",1.7399999999999998,194.96999999999997,196.12999999999997,inf,303.355,303.355
174,T5,BESTEFFORT,COMPLETED,m6-1,194.069,"{'m1-1': 25.06, 'm2-1': 94.5, 'm3-1': 108.28, 'm4-1': 25.28, 'm5-1': 5.74, 'm6-1': 1.06, 'm7-1': 100.84, 'm8-1': 27.03}",1.59,196.12999999999997,197.18999999999997,inf,304.06899999999996,304.06899999999996
175,T4,BESTEFFORT,COMPLETED,m6-1,196.493,"{'m1-1': 23.32, 'm2-1': 96.87, 'm3-1': 108.16, 'm4-1': 25.84, 'm5-1': 5.52, 'm6-1': 0.93, 'm7-1': 105.49, 'm8-1': 25.81}",1.395,197.18999999999997,198.11999999999998,inf,306.493,306.493
176,T2,BESTEFFORT,COMPLETED,m6-1,196.81,"{'m1-1': 26.28, 'm2-1': 106.7, 'm3-1': 110.35, 'm4-1': 29.18, 'm5-1': 5.33, 'm6-1': 1.17, 'm7-1': 104.05, 'm8-1': 28.68}",1.755,198.11999999999998,199.28999999999996,inf,306.81,306.81
177,T7,BESTEFFORT,COMPLETED,m6-1,198.921,"{'m1-1': 25.83, 'm2-1': 99.84, 'm3-1': 108.95, 'm4-1': 26.7, 'm5-1': 5.48, 'm6-1': 1.01, 'm7-1': 95.81, 'm8-1': 26.02}",1.5150000000000001,199.28999999999996,200.29999999999995,inf,308.921,308.921
178,T5,BESTEFFORT,COMPLETED,m6-1,199.32,"{'m1-1': 27.18, 'm2-1': 94.52, 'm3-1': 97.67, 'm4-1': 26.75, 'm5-1': 5.6, 'm6-1': 1.07, 'm7-1': 92.13, 'm8-1': 28.93}",1.605,200.29999999999995,201.36999999999995,inf,309.32,309.32
179,T1,BESTEFFORT,COMPLETED,m6-1,199.443,"{'m1-1': 24.91, 'm2-1': 112.2, 'm3-1': 107.93, 'm4-1': 26.72, 'm5-1': 5.02, 'm6-1': 1.08, 'm7-1': 106.99, 'm8-1': 26.74}",1.62,201.36999999999995,202.44999999999996,inf,309.443,309.443
180,T2,BESTEFFORT,COMPLETED,m6-1,201.373,"{'m1-1': 26.49, 'm2-1': 113.67, 'm3-1': 102.08, 'm4-1': 26.13, 'm5-1': 5.42, 'm6-1': 1.01, 'm7-1': 102.54, 'm8-1': 25.82}",1.5150000000000001,202.44999999999996,203.45999999999995,inf,311.373,311.373
181,T10,BESTEFFORT,COMPLETED,m6-1,202.592,"{'m1-1': 27.62, 'm2-1': 100.49, 'm3-1': 91.94, 'm4-1': 26.58, 'm5-1': 5.1, 'm6-1': 0.99, 'm7-1': 108.6, 'm8-1': 27.8}",1.4849999999999999,203.45999999999995,204.44999999999996,inf,312.592,312.592
182,T6,BESTEFFORT,COMPLETED,m6-1,203.113,"{'m1-1': 25.38, 'm2-1': 114.05, 'm3-1': 106.96, 'm4-1': 26.12, 'm5-1': 5.19, 'm6-1': 1.06, 'm7-1': 105.69, 'm8-1': 23.83}",1.59,204.44999999999996,205.50999999999996,inf,313.113,313.113
183,T5,BESTEFFORT,COMPLETED,m6-1,203.258,"{'m1-1': 24.78, 'm2-1': 92.36, 'm3-1': 109.03, 'm4-1': 25.28, 'm5-1': 5.66, 'm6-1': 1.14, 'm7-1': 107.45, 'm8-1': 29.34}",1.71,205.50999999999996,206.64999999999995,inf,313.25800000000004,313.25800000000004
184,T7,BESTEFFORT,COMPLETED,m6-1,204.897,"{'m1-1': 28.18, 'm2-1': 113.94, 'm3-1': 97.44, 'm4-1': 25.44, 'm5-1': 5.4, 'm6-1': 1.11, 'm7-1': 105.2, 'm8-1': 27.28}",1.665,206.64999999999995,207.75999999999996,inf,314.897,314.897
185,T7,BESTEFFORT,COMPLETED,m6-1,205.209,"{'m1-1': 25.23, 'm2-1': 104.37, 'm3-1': 98.14, 'm4-1': 26.03, 'm5-1': 4.68, 'm6-1': 1.04, 'm7-1': 104.86, 'm8-1': 25.02}",1.56,207.75999999999996,208.79999999999995,inf,315.209,315.209
186,T7,BESTEFFORT,COMPLETED,m5-1,205.3,"{'m1-1': 25.6, 'm2-1': 97.61, 'm3-1': 106.92, 'm4-1': 28.79, 'm5-1': 5.24, 'm6-1': 1.13, 'm7-1': 103.14, 'm8-1': 24.84}",7.86,205.3,210.54000000000002,inf,315.3,315.3
187,T7,BESTEFFORT,COMPLETED,m6-1,206.617,"{'m1-1': 27.88, 'm2-1': 104.14, 'm3-1': 100.45, 'm4-1': 26.54, 'm5-1': 5.38, 'm6-1': 1.08, 'm7-1': 110.4, 'm8-1': 24.86}",1.62,208.79999999999995,209.87999999999997,inf,316.61699999999996,316.61699999999996
188,T2,BESTEFFORT,COMPLETED,m6-1,207.462,"{'m1-1': 26.12, 'm2-1': 110.53, 'm3-1': 113.25, 'm4-1': 26.29, 'm5-1': 5.26, 'm6-1': 1.15, 'm7-1': 95.0, 'm8-1': 26.04}",1.7249999999999999,209.87999999999997,211.02999999999997,inf,317.462,317.462
189,T8,BESTEFFORT,COMPLETED,m5-1,207.569,"{'m1-1': 24.49, 'm2-1': 115.86, 'm3-1': 95.2, 'm4-1': 24.14, 'm5-1': 5.23, 'm6-1': 1.04, 'm7-1': 95.47, 'm8-1': 24.55}",7.845000000000001,210.54000000000002,215.77,inf,317.56899999999996,317.56899999999996
190,T9,BESTEFFORT,COMPLETED,m6-1,208.284,"{'m1-1': 25.45, 'm2-1': 105.56, 'm3-1': 104.91, 'm4-1': 26.23, 'm5-1': 5.16, 'm6-1': 1.05, 'm7-1': 102.85, 'm8-1': 25.97}",1.5750000000000002,211.02999999999997,212.07999999999998,inf,318.284,318.284
191,T8,BESTEFFORT,COMPLETED,m5-1,208.488,"{'m1-1': 26.9, 'm2-1': 117.88, 'm3-1': 98.52, 'm4-1': 27.3, 'm5-1': 5.38, 'm6-1': 1.02, 'm7-1': 101.69, 'm8-1': 26.12}",8.07,215.77,221.15,inf,318.488,318.488
192,T10,BESTEFFORT,COMPLETED,m6-1,209.163,"{'m1-1': 27.23, 'm2-1': 101.26, 'm3-1': 92.8, 'm4-1': 27.03, 'm5-1': 5.03, 'm6-1': 1.13, 'm7-1': 110.61, 'm8-1': 25.15}",1.6949999999999998,212.07999999999998,213.20999999999998,inf,319.163,319.163
193,T5,BESTEFFORT,COMPLETED,m5-1,209.502,"{'m1-1': 25.64, 'm2-1': 100.17, 'm3-1': 94.56, 'm4-1': 27.34, 'm5-1': 5.65, 'm6-1': 1.05, 'm7-1': 104.3, 'm8-1': 28.33}",8.475000000000001,221.15,226.8,inf,319.502,319.502
194,T6,BESTEFFORT,COMPLETED,m6-1,212.97,"{'m1-1': 28.32, 'm2-1': 107.97, 'm3-1': 113.2, 'm4-1': 28.69, 'm5-1': 5.72, 'm6-1': 0.97, 'm7-1': 101.59, 'm8-1': 25.52}",1.455,213.20999999999998,214.17999999999998,inf,322.97,322.97
195,T9,BESTEFFORT,COMPLETED,m6-1,213.363,"{'m1-1': 26.5, 'm2-1': 102.58, 'm3-1': 110.39, 'm4-1': 27.86, 'm5-1': 5.13, 'm6-1': 0.99, 'm7-1': 101.06, 'm8-1': 26.5}",1.4849999999999999,214.17999999999998,215.17,inf,323.363,323.363
196,T6,BESTEFFORT,COMPLETED,m6-1,213.441,"{'m1-1': 29.32, 'm2-1': 113.81, 'm3-1': 103.51, 'm4-1': 24.53, 'm5-1': 5.53, 'm6-1': 0.93, 'm7-1': 111.11, 'm8-1': 23.7}",1.395,215.17,216.1,inf,323.44100000000003,323.44100000000003
197,T1,BESTEFFORT,COMPLETED,m6-1,213.982,"{'m1-1': 25.13, 'm2-1': 106.36, 'm3-1': 105.74, 'm4-1': 25.64, 'm5-1': 4.8, 'm6-1': 1.02, 'm7-1': 102.01, 'm8-1': 26.67}",1.53,216.1,217.12,inf,323.98199999999997,323.98199999999997
198,T9,BESTEFFORT,COMPLETED,m5-1,214.164,"{'m1-1': 25.47, 'm2-1': 111.64, 'm3-1': 102.7, 'm4-1': 24.5, 'm5-1': 4.92, 'm6-1': 1.04, 'm7-1': 108.48, 'm8-1': 26.2}",7.38,226.8,231.72,inf,324.164,324.164
199,T4,BESTEFFORT,COMPLETED,m6-1,215.861,"{'m1-1': 26.06, 'm2-1': 98.28, 'm3-1': 93.28, 'm4-1': 25.39, 'm5-1': 5.13, 'm6-1': 0.96, 'm7-1': 104.73, 'm8-1': 25.23}",1.44,217.12,218.08,inf,325.861,325.861
200,T7,BESTEFFORT,COMPLETED,m6-1,217.438,"{'m1-1': 27.11, 'm2-1': 106.05, 'm3-1': 100.98, 'm4-1': 26.59, 'm5-1': 4.76, 'm6-1': 1.15, 'm7-1': 94.44, 'm8-1': 24.78}",1.7249999999999999,218.08,219.23000000000002,inf,327.438,327.438
201,T7,BESTEFFORT,COMPLETED,m6-1,219.655,"{'m1-1': 27.38, 'm2-1': 109.45, 'm3-1': 94.85, 'm4-1': 27.69, 'm5-1': 5.16, 'm6-1': 1.01, 'm7-1': 95.89, 'm8-1': 23.77}",1.5150000000000001,219.655,220.665,inf,329.655,329.655
202,T8,BESTEFFORT,COMPLETED,m6-1,219.989,"{'m1-1': 23.54, 'm2-1': 109.09, 'm3-1': 94.83, 'm4-1': 25.18, 'm5-1': 4.97, 'm6-1': 1.16, 'm7-1': 110.58, 'm8-1': 27.4}",1.7399999999999998,220.665,221.825,inf,329.98900000000003,329.98900000000003
203,T3,BESTEFFORT,COMPLETED,m6-1,220.803,"{'m1-1': 28.32, 'm2-1': 107.26, 'm3-1': 107.38, 'm4-1': 28.95, 'm5-1': 5.77, 'm6-1': 1.02, 'm7-1': 97.2, 'm8-1': 23.23}",1.53,221.825,222.845,inf,330.803,330.803
204,T8,BESTEFFORT,COMPLETED,m6-1,220.915,"{'m1-1': 23.58, 'm2-1': 112.64, 'm3-1': 98.32, 'm4-1': 27.91, 'm5-1': 5.17, 'm6-1': 1.0, 'm7-1': 105.64, 'm8-1': 24.73}",1.5,222.845,223.845,inf,330.91499999999996,330.91499999999996
205,T2,BESTEFFORT,COMPLETED,m6-1,222.842,"{'m1-1': 25.29, 'm2-1': 112.17, 'm3-1': 103.19, 'm4-1': 27.91, 'm5-1': 5.02, 'm6-1': 1.02, 'm7-1': 107.86, 'm8-1': 26.86}",1.53,223.845,224.865,inf,332.842,332.842
206,T6,BESTEFFORT,COMPLETED,m6-1,223.138,"{'m1-1': 27.34, 'm2-1': 102.32, 'm3-1': 97.47, 'm4-1': 27.8, 'm5-1': 5.71, 'm6-1': 0.93, 'm7-1': 106.37, 'm8-1': 26.3}",1.395,224.865,225.79500000000002,inf,333.13800000000003,333.13800000000003
207,T3,BESTEFFORT,COMPLETED,m6-1,223.345,"{'m1-1': 27.2, 'm2-1': 112.01, 'm3-1': 108.29, 'm4-1': 28.24, 'm5-1': 5.34, 'm6-1': 1.07, 'm7-1': 104.21, 'm8-1': 23.31}",1.605,225.79500000000002,226.865,inf,333.345,333.345
208,T3,BESTEFFORT,COMPLETED,m5-1,223.835,"{'m1-1': 29.47, 'm2-1': 103.53, 'm3-1': 104.84, 'm4-1': 26.33, 'm5-1': 5.15, 'm6-1': 1.06, 'm7-1': 113.55, 'm8-1': 24.28}",7.7250000000000005,231.72,236.87,inf,333.83500000000004,333.83500000000004
209,T2,BESTEFFORT,COMPLETED,m6-1,225.069,"{'m1-1': 26.03, 'm2-1': 103.58, 'm3-1': 105.0, 'm4-1': 28.65, 'm5-1': 4.87, 'm6-1': 1.07, 'm7-1': 106.9, 'm8-1': 28.06}",1.605,226.865,227.935,inf,335.06899999999996,335.06899999999996
210,T9,BESTEFFORT,COMPLETED,m6-1,225.557,"{'m1-1': 25.68, 'm2-1': 113.42, 'm3-1': 98.73, 'm4-1': 24.51, 'm5-1': 5.25, 'm6-1': 1.13, 'm7-1': 105.2, 'm8-1': 27.86}",1.6949999999999998,227.935,229.065,inf,335.557,335.557
211,T6,BESTEFFORT,COMPLETED,m6-1,227.234,"{'m1-1': 28.4, 'm2-1': 112.91, 'm3-1': 110.0, 'm4-1': 25.08, 'm5-1': 5.28, 'm6-1': 0.96, 'm7-1': 99.0, 'm8-1': 25.83}",1.44,229.065,230.025,inf,337.23400000000004,337.23400000000004
212,T4,BESTEFFORT,COMPLETED,m6-1,228.451,"{'m1-1': 26.39, 'm2-1': 106.27, 'm3-1': 100.56, 'm4-1': 25.84, 'm5-1': 5.73, 'm6-1': 0.99, 'm7-1': 94.41, 'm8-1': 25.92}",1.4849999999999999,230.025,231.01500000000001,inf,338.451,338.451
213,T9,BESTEFFORT,COMPLETED,m6-1,229.089,"{'m1-1': 25.12, 'm2-1': 108.06, 'm3-1': 105.04, 'm4-1': 27.73, 'm5-1': 5.21, 'm6-1': 1.08, 'm7-1': 97.2, 'm8-1': 26.6}",1.62,231.01500000000001,232.09500000000003,inf,339.089,339.089
214,T5,BESTEFFORT,COMPLETED,m6-1,230.021,"{'m1-1': 26.82, 'm2-1': 102.24, 'm3-1': 105.44, 'm4-1': 27.71, 'm5-1': 5.62, 'm6-1': 1.03, 'm7-1': 100.47, 'm8-1': 25.03}",1.545,232.09500000000003,233.12500000000003,inf,340.02099999999996,340.02099999999996
215,T2,BESTEFFORT,COMPLETED,m6-1,232.289,"{'m1-1': 27.14, 'm2-1': 104.94, 'm3-1': 102.48, 'm4-1': 28.01, 'm5-1': 5.45, 'm6-1': 1.03, 'm7-1': 93.68, 'm8-1': 28.06}",1.545,233.12500000000003,234.15500000000003,inf,342.289,342.289
216,T7,BESTEFFORT,COMPLETED,m6-1,233.843,"{'m1-1': 29.2, 'm2-1': 108.96, 'm3-1': 110.72, 'm4-1': 26.12, 'm5-1': 4.94, 'm6-1': 1.06, 'm7-1': 102.93, 'm8-1': 27.19}",1.59,234.15500000000003,235.21500000000003,inf,343.84299999999996,343.84299999999996
217,T5,BESTEFFORT,COMPLETED,m6-1,234.375,"{'m1-1': 27.89, 'm2-1': 101.64, 'm3-1': 97.86, 'm4-1': 23.9, 'm5-1': 5.04, 'm6-1': 1.06, 'm7-1': 104.93, 'm8-1': 26.4}",1.59,235.21500000000003,236.27500000000003,inf,344.375,344.375
218,T9,BESTEFFORT,COMPLETED,m6-1,235.437,"{'m1-1': 25.56, 'm2-1': 106.02, 'm3-1': 116.82, 'm4-1': 26.43, 'm5-1': 4.96, 'm6-1': 0.98, 'm7-1': 109.68, 'm8-1': 25.68}",1.47,236.27500000000003,237.25500000000002,inf,345.437,345.437
219,T9,BESTEFFORT,COMPLETED,m6-1,236.521,"{'m1-1': 25.85, 'm2-1': 103.29, 'm3-1': 102.22, 'm4-1': 26.88, 'm5-1': 5.27, 'm6-1': 1.13, 'm7-1': 94.98, 'm8-1': 25.39}",1.6949999999999998,237.25500000000002,238.38500000000002,inf,346.52099999999996,346.52099999999996
220,T5,BESTEFFORT,COMPLETED,m6-1,236.804,"{'m1-1': 26.6, 'm2-1': 94.37, 'm3-1': 98.26, 'm4-1': 27.64, 'm5-1': 5.72, 'm6-1': 1.12, 'm7-1': 98.51, 'm8-1': 25.81}",1.6800000000000002,238.38500000000002,239.50500000000002,inf,346.804,346.804
221,T10,BESTEFFORT,COMPLETED,m6-1,237.171,"{'m1-1': 26.92, 'm2-1': 117.4, 'm3-1': 92.76, 'm4-1': 26.92, 'm5-1': 5.38, 'm6-1': 1.15, 'm7-1': 104.32, 'm8-1': 26.08}",1.7249999999999999,239.50500000000002,240.65500000000003,inf,347.171,347.171
222,T1,BESTEFFORT,COMPLETED,m6-1,238.163,"{'m1-1': 28.62, 'm2-1': 118.34, 'm3-1': 101.24, 'm4-1': 27.37, 'm5-1': 4.97, 'm6-1': 1.02, 'm7-1': 113.07, 'm8-1': 26.17}",1.53,240.65500000000003,241.67500000000004,inf,348.163,348.163
223,T5,BESTEFFORT,COMPLETED,m6-1,239.057,"{'m1-1': 26.35, 'm2-1': 101.95, 'm3-1': 100.65, 'm4-1': 25.2, 'm5-1': 5.86, 'm6-1': 1.05, 'm7-1': 95.7, 'm8-1': 28.3}",1.5750000000000002,241.67500000000004,242.72500000000005,inf,349.057,349.057
224,T1,BESTEFFORT,COMPLETED,m5-1,239.138,"{'m1-1': 25.61, 'm2-1': 102.6, 'm3-1': 102.89, 'm4-1': 26.6, 'm5-1': 5.39, 'm6-1': 1.09, 'm7-1': 115.91, 'm8-1': 27.31}",8.084999999999999,239.138,244.528,inf,349.13800000000003,349.13800000000003
225,T9,BESTEFFORT,COMPLETED,m5-1,239.434,"{'m1-1': 27.56, 'm2-1': 102.62, 'm3-1': 101.8, 'm4-1': 25.07, 'm5-1': 5.48, 'm6-1': 1.1, 'm7-1': 110.44, 'm8-1': 28.04}",8.22,244.528,250.00799999999998,inf,349.43399999999997,349.43399999999997
226,T9,BESTEFFORT,COMPLETED,m6-1,239.576,"{'m1-1': 27.3, 'm2-1': 112.68, 'm3-1': 108.05, 'm4-1': 27.67, 'm5-1': 5.25, 'm6-1': 1.1, 'm7-1': 105.88, 'm8-1': 27.94}",1.6500000000000001,242.72500000000005,243.82500000000005,inf,349.576,349.576
227,T10,BESTEFFORT,COMPLETED,m5-1,239.579,"{'m1-1': 25.41, 'm2-1': 103.59, 'm3-1': 104.25, 'm4-1': 27.71, 'm5-1': 5.08, 'm6-1': 1.05, 'm7-1': 116.03, 'm8-1': 27.87}",7.62,250.00799999999998,255.088,inf,349.579,349.579
228,T2,BESTEFFORT,COMPLETED,m6-1,241.264,"{'m1-1': 29.07, 'm2-1': 102.74, 'm3-1': 115.36, 'm4-1': 26.28, 'm5-1': 5.34, 'm6-1': 1.06, 'm7-1': 110.61, 'm8-1': 28.73}",1.59,243.82500000000005,244.88500000000005,inf,351.264,351.264
229,T6,BESTEFFORT,COMPLETED,m5-1,241.623,"{'m1-1': 26.55, 'm2-1': 103.71, 'm3-1': 106.47, 'm4-1': 26.87, 'm5-1': 5.39, 'm6-1': 0.93, 'm7-1': 106.71, 'm8-1': 27.03}",8.084999999999999,255.088,260.478,inf,351.623,351.623
230,T2,BESTEFFORT,COMPLETED,m6-1,241.74,"{'m1-1': 26.72, 'm2-1': 115.5, 'm3-1': 104.96, 'm4-1': 25.66, 'm5-1': 5.27, 'm6-1': 1.15, 'm7-1': 98.5, 'm8-1': 28.92}",1.7249999999999999,244.88500000000005,246.03500000000005,inf,351.74,351.74
231,T7,BESTEFFORT,COMPLETED,m4-1,241.765,"{'m1-1': 26.85, 'm2-1': 108.45, 'm3-1': 97.76, 'm4-1': 25.98, 'm5-1': 4.79, 'm6-1': 1.16, 'm7-1': 98.75, 'm8-1': 24.57}",38.97,241.765,267.745,inf,351.765,351.765
232,T5,BESTEFFORT,COMPLETED,m1-1,241.815,"{'m1-1': 25.24, 'm2-1': 95.22, 'm3-1': 96.75, 'm4-1': 26.93, 'm5-1': 5.36, 'm6-1': 1.03, 'm7-1': 92.34, 'm8-1': 27.15}",37.86,241.815,267.055,inf,351.815,351.815
233,T6,BESTEFFORT,COMPLETED,m6-1,242.787,"{'m1-1': 25.87, 'm2-1': 115.61, 'm3-1': 99.95, 'm4-1': 27.33, 'm5-1': 5.65, 'm6-1': 0.93, 'm7-1': 99.42, 'm8-1': 27.12}",1.395,246.03500000000005,246.96500000000006,inf,352.78700000000003,352.78700000000003
234,T7,BESTEFFORT,COMPLETED,m8-1,243.686,"{'m1-1': 28.9, 'm2-1': 112.16, 'm3-1': 109.07, 'm4-1': 27.69, 'm5-1': 4.91, 'm6-1': 1.18, 'm7-1': 105.0, 'm8-1': 26.01}",39.015,243.686,269.696,inf,353.68600000000004,353.68600000000004
235,T4,BESTEFFORT,COMPLETED,m4-1,243.751,"{'m1-1': 26.5, 'm2-1': 105.41, 'm3-1': 109.23, 'm4-1': 25.03, 'm5-1': 5.85, 'm6-1': 0.94, 'm7-1': 99.28, 'm8-1': 25.79}",37.545,267.745,292.775,inf,353.751,353.751
236,T5,BESTEFFORT,COMPLETED,m6-1,244.228,"{'m1-1': 25.46, 'm2-1': 105.83, 'm3-1': 96.75, 'm4-1': 27.41, 'm5-1': 5.78, 'm6-1': 1.16, 'm7-1': 105.33, 'm8-1': 24.97}",1.7399999999999998,246.96500000000006,248.12500000000006,inf,354.228,354.228
237,T3,BESTEFFORT,COMPLETED,m6-1,245.363,"{'m1-1': 25.06, 'm2-1': 117.91, 'm3-1': 99.18, 'm4-1': 25.15, 'm5-1': 5.68, 'm6-1': 0.98, 'm7-1': 105.47, 'm8-1': 26.42}",1.47,248.12500000000006,249.10500000000005,inf,355.363,355.363
238,T5,BESTEFFORT,COMPLETED,m6-1,247.121,"{'m1-1': 25.58, 'm2-1': 94.0, 'm3-1': 96.74, 'm4-1': 26.29, 'm5-1': 5.66, 'm6-1': 1.03, 'm7-1': 101.68, 'm8-1': 29.4}",1.545,249.10500000000005,250.13500000000005,inf,357.121,357.121
239,T6,BESTEFFORT,COMPLETED,m6-1,250.066,"{'m1-1': 28.77, 'm2-1': 106.57, 'm3-1': 107.09, 'm4-1': 26.89, 'm5-1': 5.14, 'm6-1': 1.05, 'm7-1': 95.08, 'm8-1': 24.15}",1.5750000000000002,250.13500000000005,251.18500000000006,inf,360.06600000000003,360.06600000000003
240,T10,BESTEFFORT,COMPLETED,m6-1,250.209,"{'m1-1': 26.68, 'm2-1': 99.05, 'm3-1': 93.79, 'm4-1': 27.95, 'm5-1': 5.2, 'm6-1': 1.16, 'm7-1': 108.14, 'm8-1': 25.64}",1.7399999999999998,251.18500000000006,252.34500000000006,inf,360.209,360.209
241,T10,BESTEFFORT,COMPLETED,m6-1,250.561,"{'m1-1': 26.51, 'm2-1': 110.02, 'm3-1': 93.79, 'm4-1': 26.11, 'm5-1': 5.08, 'm6-1': 1.1, 'm7-1': 112.07, 'm8-1': 24.28}",1.6500000000000001,252.34500000000006,253.44500000000005,inf,360.56100000000004,360.56100000000004
242,T5,BESTEFFORT,COMPLETED,m6-1,250.99,"{'m1-1': 28.04, 'm2-1': 97.29, 'm3-1': 101.08, 'm4-1': 27.02, 'm5-1': 5.21, 'm6-1': 1.12, 'm7-1': 101.27, 'm8-1': 25.65}",1.6800000000000002,253.44500000000005,254.56500000000005,inf,360.99,360.99
243,T2,BESTEFFORT,COMPLETED,m5-1,251.093,"{'m1-1': 28.99, 'm2-1': 101.56, 'm3-1': 101.24, 'm4-1': 27.87, 'm5-1': 4.66, 'm6-1': 1.01, 'm7-1': 99.12, 'm8-1': 27.33}",6.99,260.478,265.13800000000003,inf,361.09299999999996,361.09299999999996
244,T2,BESTEFFORT,COMPLETED,m6-1,252.963,"{'m1-1': 25.79, 'm2-1': 104.93, 'm3-1': 114.65, 'm4-1': 28.32, 'm5-1': 5.18, 'm6-1': 1.08, 'm7-1': 100.58, 'm8-1': 25.74}",1.62,254.56500000000005,255.64500000000007,inf,362.96299999999997,362.96299999999997
245,T10,BESTEFFORT,COMPLETED,m6-1,252.992,"{'m1-1': 25.37, 'm2-1': 109.35, 'm3-1': 94.75, 'm4-1': 28.53, 'm5-1': 4.9, 'm6-1': 1.14, 'm7-1': 110.15, 'm8-1': 24.44}",1.71,255.64500000000007,256.7850000000001,inf,362.99199999999996,362.99199999999996
246,T10,BESTEFFORT,COMPLETED,m5-1,253.288,"{'m1-1': 29.34, 'm2-1': 106.47, 'm3-1': 100.41, 'm4-1': 24.69, 'm5-1': 4.98, 'm6-1': 1.05, 'm7-1': 115.02, 'm8-1': 26.12}",7.470000000000001,265.13800000000003,270.11800000000005,inf,363.288,363.288
247,T2,BESTEFFORT,COMPLETED,m6-1,253.636,"{'m1-1': 26.46, 'm2-1': 106.73, 'm3-1': 101.54, 'm4-1': 29.37, 'm5-1': 5.02, 'm6-1': 1.13, 'm7-1': 93.8, 'm8-1': 24.53}",1.6949999999999998,256.7850000000001,257.9150000000001,inf,363.63599999999997,363.63599999999997
248,T10,BESTEFFORT,COMPLETED,m8-1,254.345,"{'m1-1': 29.72, 'm2-1': 112.18, 'm3-1': 102.84, 'm4-1': 25.99, 'm5-1': 5.29, 'm6-1': 1.12, 'm7-1': 114.08, 'm8-1': 27.98}",41.97,269.696,297.67600000000004,inf,364.345,364.345
249,T8,BESTEFFORT,COMPLETED,m6-1,256.46,"{'m1-1': 23.97, 'm2-1': 117.45, 'm3-1': 102.92, 'm4-1': 25.94, 'm5-1': 5.44, 'm6-1': 1.0, 'm7-1': 103.46, 'm8-1': 25.61}",1.5,257.9150000000001,258.9150000000001,inf,366.46,366.46
250,T5,BESTEFFORT,COMPLETED,m6-1,258.686,"{'m1-1': 28.39, 'm2-1': 108.12, 'm3-1': 99.41, 'm4-1': 25.86, 'm5-1': 5.17, 'm6-1': 1.19, 'm7-1': 102.1, 'm8-1': 26.05}",1.785,258.9150000000001,260.1050000000001,inf,368.686,368.686
251,T8,BESTEFFORT,COMPLETED,m6-1,258.821,"{'m1-1': 25.94, 'm2-1': 104.03, 'm3-1': 108.3, 'm4-1': 25.51, 'm5-1': 5.2, 'm6-1': 1.03, 'm7-1': 106.33, 'm8-1': 24.86}",1.545,260.1050000000001,261.13500000000005,inf,368.821,368.821
252,T5,BESTEFFORT,COMPLETED,m6-1,259.528,"{'m1-1': 24.79, 'm2-1': 101.36, 'm3-1': 105.86, 'm4-1': 24.72, 'm5-1': 5.68, 'm6-1': 1.18, 'm7-1': 104.52, 'm8-1': 29.39}",1.77,261.13500000000005,262.31500000000005,inf,369.528,369.528
253,T6,BESTEFFORT,COMPLETED,m6-1,259.946,"{'m1-1': 27.58, 'm2-1': 101.97, 'm3-1': 111.83, 'm4-1': 26.87, 'm5-1': 5.16, 'm6-1': 0.92, 'm7-1': 107.48, 'm8-1': 23.26}",1.3800000000000001,262.31500000000005,263.23500000000007,inf,369.946,369.946
254,T5,BESTEFFORT,COMPLETED,m5-1,259.962,"{'m1-1': 24.52, 'm2-1': 106.93, 'm3-1': 106.24, 'm4-1': 27.93, 'm5-1': 5.38, 'm6-1': 1.03, 'm7-1': 105.77, 'm8-1': 28.32}",8.07,270.11800000000005,275.49800000000005,inf,369.962,369.962
255,T7,BESTEFFORT,COMPLETED,m1-1,260.098,"{'m1-1': 25.18, 'm2-1': 104.83, 'm3-1': 104.42, 'm4-1': 25.21, 'm5-1': 4.79, 'm6-1': 1.12, 'm7-1': 104.38, 'm8-1': 25.57}",37.769999999999996,267.055,292.235,inf,370.098,370.098
256,T1,BESTEFFORT,COMPLETED,m6-1,262.42,"{'m1-1': 24.7, 'm2-1': 116.69, 'm3-1': 98.94, 'm4-1': 27.61, 'm5-1': 4.91, 'm6-1': 1.04, 'm7-1': 105.56, 'm8-1': 24.92}",1.56,263.23500000000007,264.2750000000001,inf,372.42,372.42
257,T10,BESTEFFORT,COMPLETED,m6-1,263.535,"{'m1-1': 26.67, 'm2-1': 109.73, 'm3-1': 102.48, 'm4-1': 27.85, 'm5-1': 5.5, 'm6-1': 1.08, 'm7-1': 105.51, 'm8-1': 26.71}",1.62,264.2750000000001,265.3550000000001,inf,373.535,373.535
258,T4,BESTEFFORT,COMPLETED,m6-1,264.163,"{'m1-1': 24.04, 'm2-1': 110.74, 'm3-1': 104.58, 'm4-1': 25.65, 'm5-1': 5.07, 'm6-1': 1.08, 'm7-1': 111.67, 'm8-1': 25.89}",1.62,265.3550000000001,266.43500000000006,inf,374.163,374.163
259,T9,BESTEFFORT,COMPLETED,m6-1,264.949,"{'m1-1': 28.69, 'm2-1': 110.89, 'm3-1': 115.64, 'm4-1': 27.82, 'm5-1': 5.21, 'm6-1': 0.99, 'm7-1': 99.34, 'm8-1': 27.6}",1.4849999999999999,266.43500000000006,267.42500000000007,inf,374.949,374.949
260,T4,BESTEFFORT,COMPLETED,m6-1,266.038,"{'m1-1': 23.48, 'm2-1': 107.02, 'm3-1': 96.78, 'm4-1': 24.88, 'm5-1': 5.34, 'm6-1': 1.03, 'm7-1': 98.98, 'm8-1': 25.99}",1.545,267.42500000000007,268.45500000000004,inf,376.038,376.038
261,T10,BESTEFFORT,COMPLETED,m6-1,267.011,"{'m1-1': 25.61, 'm2-1': 107.29, 'm3-1': 107.22, 'm4-1': 25.36, 'm5-1': 5.17, 'm6-1': 1.04, 'm7-1': 106.08, 'm8-1': 24.56}",1.56,268.45500000000004,269.49500000000006,inf,377.011,377.011
262,T3,BESTEFFORT,COMPLETED,m6-1,267.357,"{'m1-1': 28.34, 'm2-1': 111.11, 'm3-1': 94.48, 'm4-1': 26.5, 'm5-1': 5.47, 'm6-1': 1.0, 'm7-1': 111.89, 'm8-1': 23.29}",1.5,269.49500000000006,270.49500000000006,inf,377.357,377.357
263,T1,BESTEFFORT,COMPLETED,m6-1,268.599,"{'m1-1': 25.85, 'm2-1': 114.58, 'm3-1': 100.38, 'm4-1': 25.4, 'm5-1': 4.72, 'm6-1': 0.98, 'm7-1': 102.27, 'm8-1': 26.18}",1.47,270.49500000000006,271.4750000000001,inf,378.599,378.599
264,T7,BESTEFFORT,COMPLETED,m6-1,270.287,"{'m1-1': 25.92, 'm2-1': 109.48, 'm3-1': 108.2, 'm4-1': 25.44, 'm5-1': 4.95, 'm6-1': 1.04, 'm7-1': 95.74, 'm8-1': 25.11}",1.56,271.4750000000001,272.5150000000001,inf,380.287,380.287
265,T8,BESTEFFORT,COMPLETED,m6-1,270.395,"{'m1-1': 23.43, 'm2-1': 101.68, 'm3-1': 100.07, 'm4-1': 26.36, 'm5-1': 5.32, 'm6-1': 1.07, 'm7-1': 109.14, 'm8-1': 27.92}",1.605,272.5150000000001,273.5850000000001,inf,380.395,380.395
266,T4,BESTEFFORT,COMPLETED,m6-1,271.843,"{'m1-1': 24.13, 'm2-1': 96.58, 'm3-1': 95.62, 'm4-1': 24.32, 'm5-1': 4.99, 'm6-1': 1.07, 'm7-1': 95.22, 'm8-1': 26.06}",1.605,273.5850000000001,274.6550000000001,inf,381.843,381.843
267,T5,BESTEFFORT,COMPLETED,m6-1,272.22,"{'m1-1': 26.43, 'm2-1': 108.47, 'm3-1': 107.3, 'm4-1': 24.42, 'm5-1': 5.45, 'm6-1': 1.13, 'm7-1': 91.98, 'm8-1': 26.82}",1.6949999999999998,274.6550000000001,275.7850000000001,inf,382.22,382.22
268,T8,BESTEFFORT,COMPLETED,m6-1,273.795,"{'m1-1': 26.21, 'm2-1': 103.63, 'm3-1': 99.03, 'm4-1': 25.0, 'm5-1': 5.31, 'm6-1': 1.02, 'm7-1': 108.01, 'm8-1': 26.74}",1.53,275.7850000000001,276.80500000000006,inf,383.795,383.795
269,T1,BESTEFFORT,COMPLETED,m6-1,274.614,"{'m1-1': 25.66, 'm2-1': 104.67, 'm3-1': 102.04, 'm4-1': 25.38, 'm5-1': 4.75, 'm6-1': 0.98, 'm7-1': 105.4, 'm8-1': 24.23}",1.47,276.80500000000006,277.7850000000001,inf,384.614,384.614
270,T10,BESTEFFORT,COMPLETED,m6-1,275.078,"{'m1-1': 27.52, 'm2-1': 111.18, 'm3-1': 105.9, 'm4-1': 25.08, 'm5-1': 5.6, 'm6-1': 1.03, 'm7-1': 114.57, 'm8-1': 23.66}",1.545,277.7850000000001,278.81500000000005,inf,385.078,385.078
271,T10,BESTEFFORT,COMPLETED,m6-1,277.37,"{'m1-1': 27.07, 'm2-1': 105.89, 'm3-1': 102.79, 'm4-1': 28.39, 'm5-1': 5.69, 'm6-1': 1.15, 'm7-1': 110.15, 'm8-1': 27.69}",1.7249999999999999,278.81500000000005,279.96500000000003,inf,387.37,387.37
272,T9,BESTEFFORT,COMPLETED,m6-1,277.451,"{'m1-1': 26.35, 'm2-1': 100.41, 'm3-1': 110.92, 'm4-1': 28.44, 'm5-1': 5.02, 'm6-1': 1.11, 'm7-1': 101.91, 'm8-1': 26.41}",1.665,279.96500000000003,281.07500000000005,inf,387.451,387.451
273,T6,BESTEFFORT,COMPLETED,m6-1,278.484,"{'m1-1': 27.62, 'm2-1': 104.84, 'm3-1': 99.24, 'm4-1': 27.66, 'm5-1': 5.45, 'm6-1': 1.04, 'm7-1': 105.88, 'm8-1': 24.85}",1.56,281.07500000000005,282.11500000000007,inf,388.484,388.484
274,T6,BESTEFFORT,COMPLETED,m6-1,279.69,"{'m1-1': 29.66, 'm2-1': 114.82, 'm3-1': 96.89, 'm4-1': 26.03, 'm5-1': 5.68, 'm6-1': 1.04, 'm7-1': 97.39, 'm8-1': 27.51}",1.56,282.11500000000007,283.1550000000001,inf,389.69,389.69
275,T9,BESTEFFORT,COMPLETED,m6-1,280.237,"{'m1-1': 25.59, 'm2-1': 117.03, 'm3-1': 113.24, 'm4-1': 25.59, 'm5-1': 4.89, 'm6-1': 1.14, 'm7-1': 98.11, 'm8-1': 27.58}",1.71,283.1550000000001,284.2950000000001,inf,390.237,390.237
276,T9,BESTEFFORT,COMPLETED,m6-1,282.257,"{'m1-1': 26.46, 'm2-1': 103.68, 'm3-1': 103.24, 'm4-1': 27.86, 'm5-1': 4.81, 'm6-1': 1.01, 'm7-1': 112.23, 'm8-1': 26.61}",1.5150000000000001,284.2950000000001,285.30500000000006,inf,392.257,392.257
277,T10,BESTEFFORT,COMPLETED,m6-1,282.397,"{'m1-1': 26.12, 'm2-1': 107.01, 'm3-1': 101.71, 'm4-1': 24.89, 'm5-1': 5.08, 'm6-1': 1.15, 'm7-1': 111.56, 'm8-1': 27.96}",1.7249999999999999,285.30500000000006,286.45500000000004,inf,392.397,392.397
278,T8,BESTEFFORT,COMPLETED,m5-1,282.764,"{'m1-1': 25.25, 'm2-1': 101.41, 'm3-1': 109.22, 'm4-1': 26.97, 'm5-1': 5.19, 'm6-1': 1.06, 'm7-1': 109.05, 'm8-1': 27.68}",7.785,282.764,287.954,inf,392.764,392.764
279,T6,BESTEFFORT,COMPLETED,m5-1,283.149,"{'m1-1': 26.06, 'm2-1': 101.24, 'm3-1': 99.74, 'm4-1': 28.87, 'm5-1': 5.43, 'm6-1': 1.04, 'm7-1': 103.69, 'm8-1': 24.5}",8.145,287.954,293.384,inf,393.149,393.149
280,T7,BESTEFFORT,COMPLETED,m6-1,283.251,"{'m1-1': 25.7, 'm2-1': 103.42, 'm3-1': 93.92, 'm4-1': 28.32, 'm5-1': 5.18, 'm6-1': 1.0, 'm7-1': 104.63, 'm8-1': 26.25}",1.5,286.45500000000004,287.45500000000004,inf,393.251,393.251
281,T2,BESTEFFORT,COMPLETED,m5-1,283.373,"{'m1-1': 27.7, 'm2-1': 108.36, 'm3-1': 109.42, 'm4-1': 29.0, 'm5-1': 5.11, 'm6-1': 1.0, 'm7-1': 104.25, 'm8-1': 26.31}",7.665000000000001,293.384,298.494,inf,393.373,393.373
282,T6,BESTEFFORT,COMPLETED,m5-1,283.91,"{'m1-1': 26.55, 'm2-1': 106.61, 'm3-1': 98.35, 'm4-1': 28.71, 'm5-1': 5.28, 'm6-1': 0.94, 'm7-1': 108.15, 'm8-1': 27.12}",7.92,298.494,303.774,inf,393.91,393.91
283,T4,BESTEFFORT,COMPLETED,m6-1,286.689,"{'m1-1': 24.86, 'm2-1': 110.83, 'm3-1': 107.65, 'm4-1': 26.57, 'm5-1': 5.88, 'm6-1': 0.94, 'm7-1': 107.22, 'm8-1': 23.76}",1.41,287.45500000000004,288.39500000000004,inf,396.689,396.689
284,T8,BESTEFFORT,COMPLETED,m6-1,287.557,"{'m1-1': 26.37, 'm2-1': 106.68, 'm3-1': 96.41, 'm4-1': 24.26, 'm5-1': 4.83, 'm6-1': 1.03, 'm7-1': 109.78, 'm8-1': 27.34}",1.545,288.39500000000004,289.425,inf,397.557,397.557
285,T8,BESTEFFORT,COMPLETED,m6-1,288.094,"{'m1-1': 24.85, 'm2-1': 118.31, 'm3-1': 99.47, 'm4-1': 24.04, 'm5-1': 5.25, 'm6-1': 1.01, 'm7-1': 112.06, 'm8-1': 25.75}",1.5150000000000001,289.425,290.435,inf,398.094,398.094
286,T10,BESTEFFORT,COMPLETED,m6-1,294.64,"{'m1-1': 25.93, 'm2-1': 104.8, 'm3-1': 93.25, 'm4-1': 28.18, 'm5-1': 5.74, 'm6-1': 1.03, 'm7-1': 102.3, 'm8-1': 25.67}",1.545,294.64,295.66999999999996,inf,404.64,404.64
287,T10,BESTEFFORT,COMPLETED,m6-1,294.83,"{'m1-1': 27.73, 'm2-1': 109.3, 'm3-1': 103.86, 'm4-1': 25.52, 'm5-1': 5.5, 'm6-1': 1.02, 'm7-1': 112.8, 'm8-1': 24.9}",1.53,295.66999999999996,296.68999999999994,inf,404.83,404.83
288,T6,BESTEFFORT,COMPLETED,m6-1,294.916,"{'m1-1': 25.49, 'm2-1': 103.17, 'm3-1': 101.8, 'm4-1': 28.94, 'm5-1': 5.54, 'm6-1': 0.93, 'm7-1': 105.13, 'm8-1': 25.96}",1.395,296.68999999999994,297.61999999999995,inf,404.916,404.916
289,T6,BESTEFFORT,COMPLETED,m6-1,297.472,"{'m1-1': 28.76, 'm2-1': 107.78, 'm3-1': 106.96, 'm4-1': 25.51, 'm5-1': 5.75, 'm6-1': 0.99, 'm7-1': 105.94, 'm8-1': 23.84}",1.4849999999999999,297.61999999999995,298.60999999999996,inf,407.472,407.472
290,T7,BESTEFFORT,COMPLETED,m6-1,298.052,"{'m1-1': 26.38, 'm2-1': 108.87, 'm3-1': 97.45, 'm4-1': 28.22, 'm5-1': 5.06, 'm6-1': 1.01, 'm7-1': 102.02, 'm8-1': 24.8}",1.5150000000000001,298.60999999999996,299.61999999999995,inf,408.052,408.052
291,T9,BESTEFFORT,COMPLETED,m6-1,299.454,"{'m1-1': 26.69, 'm2-1': 105.78, 'm3-1': 102.89, 'm4-1': 28.86, 'm5-1': 5.49, 'm6-1': 1.06, 'm7-1': 107.99, 'm8-1': 25.06}",1.59,299.61999999999995,300.67999999999995,inf,409.454,409.454
292,T3,BESTEFFORT,COMPLETED,m6-1,300.267,"{'m1-1': 29.36, 'm2-1': 102.72, 'm3-1': 101.26, 'm4-1': 26.18, 'm5-1': 5.19, 'm6-1': 1.0, 'm7-1': 96.7, 'm8-1': 23.14}",1.5,300.67999999999995,301.67999999999995,inf,410.267,410.267
293,T5,BESTEFFORT,COMPLETED,m6-1,303.152,"{'m1-1': 25.56, 'm2-1': 101.54, 'm3-1': 96.54, 'm4-1': 27.65, 'm5-1': 5.23, 'm6-1': 1.09, 'm7-1': 106.2, 'm8-1': 26.3}",1.6350000000000002,303.152,304.24199999999996,inf,413.152,413.152
294,T9,BESTEFFORT,COMPLETED,m6-1,303.574,"{'m1-1': 27.54, 'm2-1': 114.28, 'm3-1': 106.26, 'm4-1': 24.46, 'm5-1': 5.22, 'm6-1': 1.11, 'm7-1': 94.87, 'm8-1': 25.5}",1.665,304.24199999999996,305.352,inf,413.574,413.574
295,T8,BESTEFFORT,COMPLETED,m6-1,304.728,"{'m1-1': 27.11, 'm2-1': 113.25, 'm3-1': 105.52, 'm4-1': 25.4, 'm5-1': 4.97, 'm6-1': 1.12, 'm7-1': 99.16, 'm8-1': 25.16}",1.6800000000000002,305.352,306.472,inf,414.728,414.728
296,T6,BESTEFFORT,COMPLETED,m6-1,304.786,"{'m1-1': 29.51, 'm2-1': 102.77, 'm3-1': 104.21, 'm4-1': 27.83, 'm5-1': 5.27, 'm6-1': 0.93, 'm7-1': 103.26, 'm8-1': 23.45}",1.395,306.472,307.402,inf,414.786,414.786
297,T8,BESTEFFORT,COMPLETED,m6-1,305.209,"{'m1-1': 26.08, 'm2-1': 100.28, 'm3-1': 107.76, 'm4-1': 24.88, 'm5-1': 4.86, 'm6-1': 0.99, 'm7-1': 106.23, 'm8-1': 24.87}",1.4849999999999999,307.402,308.392,inf,415.209,415.209
298,T10,BESTEFFORT,COMPLETED,m5-1,305.226,"{'m1-1': 27.29, 'm2-1': 98.95, 'm3-1': 91.93, 'm4-1': 27.56, 'm5-1': 5.57, 'm6-1': 1.17, 'm7-1': 112.76, 'm8-1': 23.7}",8.355,305.226,310.796,inf,415.226,415.226
299,T8,BESTEFFORT,COMPLETED,m6-1,305.578,"{'m1-1': 24.36, 'm2-1': 116.11, 'm3-1': 97.32, 'm4-1': 25.62, 'm5-1': 5.07, 'm6-1': 1.11, 'm7-1': 111.59, 'm8-1': 23.72}",1.665,308.392,309.502,inf,415.578,415.578
300,T9,BESTEFFORT,COMPLETED,m5-1,305.936,"{'m1-1': 29.15, 'm2-1': 105.37, 'm3-1': 108.39, 'm4-1': 28.64, 'm5-1': 5.19, 'm6-1': 1.13, 'm7-1': 103.61, 'm8-1': 25.32}",7.785,310.796,315.986,inf,415.936,415.936
301,T8,BESTEFFORT,COMPLETED,m5-1,306.186,"{'m1-1': 25.2, 'm2-1': 102.17, 'm3-1': 109.28, 'm4-1': 25.9, 'm5-1': 4.87, 'm6-1': 1.06, 'm7-1': 99.77, 'm8-1': 25.44}",7.305,315.986,320.856,inf,416.186,416.186
302,T9,BESTEFFORT,COMPLETED,m6-1,307.532,"{'m1-1': 28.8, 'm2-1': 106.08, 'm3-1': 115.03, 'm4-1': 24.71, 'm5-1': 4.79, 'm6-1': 1.13, 'm7-1': 106.02, 'm8-1': 27.47}",1.6949999999999998,309.502,310.632,inf,417.532,417.532
303,T3,BESTEFFORT,COMPLETED,m6-1,309.713,"{'m1-1': 28.28, 'm2-1': 109.76, 'm3-1': 109.7, 'm4-1': 26.18, 'm5-1': 5.22, 'm6-1': 1.06, 'm7-1': 111.3, 'm8-1': 26.12}",1.59,310.632,311.692,inf,419.713,419.713
304,T10,BESTEFFORT,COMPLETED,m6-1,310.31,"{'m1-1': 29.61, 'm2-1': 103.14, 'm3-1': 106.9, 'm4-1': 26.98, 'm5-1': 5.55, 'm6-1': 1.08, 'm7-1': 110.74, 'm8-1': 26.38}",1.62,311.692,312.772,inf,420.31,420.31
305,T9,BESTEFFORT,COMPLETED,m6-1,310.462,"{'m1-1': 25.85, 'm2-1': 99.98, 'm3-1': 104.46, 'm4-1': 26.68, 'm5-1': 4.98, 'm6-1': 1.07, 'm7-1': 110.59, 'm8-1': 26.37}",1.605,312.772,313.842,inf,420.462,420.462
306,T8,BESTEFFORT,COMPLETED,m6-1,311.188,"{'m1-1': 24.36, 'm2-1': 102.71, 'm3-1': 95.55, 'm4-1': 25.4, 'm5-1': 5.23, 'm6-1': 1.1, 'm7-1': 96.45, 'm8-1': 26.36}",1.6500000000000001,313.842,314.942,inf,421.188,421.188
307,T4,BESTEFFORT,COMPLETED,m6-1,311.961,"{'m1-1': 26.46, 'm2-1': 97.74, 'm3-1': 93.43, 'm4-1': 25.81, 'm5-1': 5.54, 'm6-1': 0.98, 'm7-1': 98.75, 'm8-1': 27.64}",1.47,314.942,315.922,inf,421.961,421.961
308,T5,BESTEFFORT,COMPLETED,m5-1,312.657,"{'m1-1': 26.84, 'm2-1': 109.29, 'm3-1': 94.65, 'm4-1': 25.58, 'm5-1': 5.3, 'm6-1': 1.02, 'm7-1': 92.97, 'm8-1': 29.15}",7.949999999999999,320.856,326.156,inf,422.657,422.657
309,T8,BESTEFFORT,COMPLETED,m6-1,313.326,"{'m1-1': 26.32, 'm2-1': 109.23, 'm3-1': 100.07, 'm4-1': 24.86, 'm5-1': 4.97, 'm6-1': 0.99, 'm7-1': 98.17, 'm8-1': 25.0}",1.4849999999999999,315.922,316.91200000000003,inf,423.326,423.326
310,T8,BESTEFFORT,COMPLETED,m5-1,313.431,"{'m1-1': 26.39, 'm2-1': 115.94, 'm3-1': 109.51, 'm4-1': 27.74, 'm5-1': 5.18, 'm6-1': 1.1, 'm7-1': 110.74, 'm8-1': 25.58}",7.77,326.156,331.336,inf,423.431,423.431
311,T6,BESTEFFORT,COMPLETED,m1-1,313.655,"{'m1-1': 28.2, 'm2-1': 112.95, 'm3-1': 100.67, 'm4-1': 26.49, 'm5-1': 5.54, 'm6-1': 1.06, 'm7-1': 99.12, 'm8-1': 24.85}",42.3,313.655,341.85499999999996,inf,423.655,423.655
312,T9,BESTEFFORT,COMPLETED,m6-1,316.073,"{'m1-1': 25.9, 'm2-1': 100.62, 'm3-1': 112.46, 'm4-1': 25.91, 'm5-1': 4.89, 'm6-1': 1.14, 'm7-1': 98.77, 'm8-1': 27.74}",1.71,316.91200000000003,318.052,inf,426.073,426.073
313,T4,BESTEFFORT,COMPLETED,m6-1,316.308,"{'m1-1': 22.9, 'm2-1': 111.52, 'm3-1': 103.21, 'm4-1': 27.31, 'm5-1': 5.31, 'm6-1': 1.07, 'm7-1': 108.63, 'm8-1': 24.46}",1.605,318.052,319.122,inf,426.308,426.308
314,T2,BESTEFFORT,COMPLETED,m6-1,317.079,"{'m1-1': 28.87, 'm2-1': 99.45, 'm3-1': 100.41, 'm4-1': 27.54, 'm5-1': 4.67, 'm6-1': 1.14, 'm7-1': 94.15, 'm8-1': 28.6}",1.71,319.122,320.262,inf,427.079,427.079
315,T4,BESTEFFORT,COMPLETED,m6-1,317.575,"{'m1-1': 25.6, 'm2-1': 96.37, 'm3-1': 99.44, 'm4-1': 25.34, 'm5-1': 5.8, 'm6-1': 0.93, 'm7-1': 107.35, 'm8-1': 27.07}",1.395,320.262,321.192,inf,427.575,427.575
316,T7,BESTEFFORT,COMPLETED,m5-1,317.706,"{'m1-1': 26.25, 'm2-1': 113.0, 'm3-1': 98.77, 'm4-1': 27.14, 'm5-1': 4.93, 'm6-1': 1.14, 'm7-1': 94.61, 'm8-1': 24.05}",7.395,331.336,336.266,inf,427.706,427.706
317,T7,BESTEFFORT,COMPLETED,m6-1,318.355,"{'m1-1': 29.05, 'm2-1': 104.87, 'm3-1': 107.01, 'm4-1': 26.84, 'm5-1': 4.98, 'm6-1': 1.17, 'm7-1': 95.05, 'm8-1': 24.0}",1.755,321.192,322.362,inf,428.355,428.355
318,T6,BESTEFFORT,COMPLETED,m6-1,319.667,"{'m1-1': 26.85, 'm2-1': 112.26, 'm3-1': 98.55, 'm4-1': 28.15, 'm5-1': 5.9, 'm6-1': 1.0, 'm7-1': 100.69, 'm8-1': 26.47}",1.5,322.362,323.362,inf,429.667,429.667
319,T7,BESTEFFORT,COMPLETED,m6-1,320.387,"{'m1-1': 25.63, 'm2-1': 97.74, 'm3-1': 94.03, 'm4-1': 25.58, 'm5-1': 4.86, 'm6-1': 1.09, 'm7-1': 99.63, 'm8-1': 24.85}",1.6350000000000002,323.362,324.452,inf,430.387,430.387
320,T4,BESTEFFORT,COMPLETED,m6-1,322.251,"{'m1-1': 25.55, 'm2-1': 94.83, 'm3-1': 94.58, 'm4-1': 24.28, 'm5-1': 5.34, 'm6-1': 1.05, 'm7-1': 94.61, 'm8-1': 24.74}",1.5750000000000002,324.452,325.502,inf,432.251,432.251
321,T10,BESTEFFORT,COMPLETED,m6-1,322.588,"{'m1-1': 25.85, 'm2-1': 109.57, 'm3-1': 106.6, 'm4-1': 26.68, 'm5-1': 4.89, 'm6-1': 1.1, 'm7-1': 107.9, 'm8-1': 26.75}",1.6500000000000001,325.502,326.60200000000003,inf,432.588,432.588
322,T4,BESTEFFORT,COMPLETED,m6-1,324.266,"{'m1-1': 24.69, 'm2-1': 94.99, 'm3-1': 97.68, 'm4-1': 24.67, 'm5-1': 5.83, 'm6-1': 0.94, 'm7-1': 110.48, 'm8-1': 24.87}",1.41,326.60200000000003,327.54200000000003,inf,434.266,434.266
323,T5,BESTEFFORT,COMPLETED,m5-1,324.272,"{'m1-1': 28.61, 'm2-1': 106.55, 'm3-1': 104.14, 'm4-1': 27.9, 'm5-1': 5.61, 'm6-1': 1.01, 'm7-1': 104.99, 'm8-1': 24.91}",8.415000000000001,336.266,341.87600000000003,inf,434.272,434.272
324,T4,BESTEFFORT,COMPLETED,m8-1,324.344,"{'m1-1': 27.14, 'm2-1': 98.29, 'm3-1': 108.98, 'm4-1': 23.32, 'm5-1': 5.72, 'm6-1': 0.97, 'm7-1': 106.54, 'm8-1': 26.48}",39.72,324.344,350.824,inf,434.344,434.344
325,T7,BESTEFFORT,COMPLETED,m6-1,325.965,"{'m1-1': 26.04, 'm2-1': 102.6, 'm3-1': 98.14, 'm4-1': 26.17, 'm5-1': 4.69, 'm6-1': 1.08, 'm7-1': 105.78, 'm8-1': 25.3}",1.62,327.54200000000003,328.622,inf,435.965,435.965
326,T8,BESTEFFORT,COMPLETED,m6-1,326.621,"{'m1-1': 24.9, 'm2-1': 118.13, 'm3-1': 110.33, 'm4-1': 24.41, 'm5-1': 5.46, 'm6-1': 1.05, 'm7-1': 97.48, 'm8-1': 27.64}",1.5750000000000002,328.622,329.672,inf,436.621,436.621
327,T5,BESTEFFORT,COMPLETED,m6-1,326.733,"{'m1-1': 26.26, 'm2-1': 106.22, 'm3-1': 98.03, 'm4-1': 27.41, 'm5-1': 5.73, 'm6-1': 1.07, 'm7-1': 95.14, 'm8-1': 28.97}",1.605,329.672,330.742,inf,436.733,436.733
328,T9,BESTEFFORT,COMPLETED,m6-1,328.17,"{'m1-1': 26.98, 'm2-1': 111.22, 'm3-1': 108.69, 'm4-1': 27.65, 'm5-1': 5.08, 'm6-1': 0.99, 'm7-1': 95.6, 'm8-1': 25.73}",1.4849999999999999,330.742,331.732,inf,438.17,438.17
329,T7,BESTEFFORT,COMPLETED,m5-1,328.244,"{'m1-1': 26.51, 'm2-1': 107.04, 'm3-1': 98.74, 'm4-1': 27.64, 'm5-1': 5.0, 'm6-1': 1.15, 'm7-1': 94.03, 'm8-1': 25.33}",7.5,341.87600000000003,346.87600000000003,inf,438.244,438.244
330,T10,BESTEFFORT,COMPLETED,m6-1,328.726,"{'m1-1': 27.95, 'm2-1': 100.73, 'm3-1': 98.71, 'm4-1': 28.29, 'm5-1': 5.79, 'm6-1': 1.16, 'm7-1': 110.72, 'm8-1': 27.61}",1.7399999999999998,331.732,332.89200000000005,inf,438.726,438.726
331,T7,BESTEFFORT,COMPLETED,m4-1,328.948,"{'m1-1': 27.31, 'm2-1': 110.08, 'm3-1': 100.42, 'm4-1': 26.73, 'm5-1': 5.08, 'm6-1': 1.05, 'm7-1': 97.73, 'm8-1': 26.42}",40.095,328.948,355.678,inf,438.948,438.948
332,T9,BESTEFFORT,COMPLETED,m1-1,328.972,"{'m1-1': 28.46, 'm2-1': 106.82, 'm3-1': 99.85, 'm4-1': 25.26, 'm5-1': 4.94, 'm6-1': 1.15, 'm7-1': 110.2, 'm8-1': 25.39}",42.69,341.85499999999996,370.31499999999994,inf,438.972,438.972
333,T9,BESTEFFORT,COMPLETED,m8-1,329.328,"{'m1-1': 28.26, 'm2-1': 113.05, 'm3-1': 109.47, 'm4-1': 25.77, 'm5-1': 4.95, 'm6-1': 0.97, 'm7-1': 95.74, 'm8-1': 28.09}",42.135,350.824,378.914,inf,439.328,439.328
334,T8,BESTEFFORT,COMPLETED,m6-1,330.752,"{'m1-1': 25.59, 'm2-1': 103.15, 'm3-1': 108.05, 'm4-1': 25.29, 'm5-1': 5.47, 'm6-1': 1.16, 'm7-1': 107.4, 'm8-1': 27.41}",1.7399999999999998,332.89200000000005,334.0520000000001,inf,440.752,440.752
335,T8,BESTEFFORT,COMPLETED,m6-1,331.256,"{'m1-1': 25.22, 'm2-1': 113.04, 'm3-1': 104.02, 'm4-1': 25.62, 'm5-1': 5.31, 'm6-1': 1.11, 'm7-1': 99.72, 'm8-1': 26.98}",1.665,334.0520000000001,335.1620000000001,inf,441.256,441.256
336,T6,BESTEFFORT,COMPLETED,m6-1,332.789,"{'m1-1': 27.29, 'm2-1': 101.32, 'm3-1': 104.49, 'm4-1': 26.48, 'm5-1': 5.63, 'm6-1': 0.98, 'm7-1': 95.72, 'm8-1': 26.93}",1.47,335.1620000000001,336.1420000000001,inf,442.789,442.789
337,T2,BESTEFFORT,COMPLETED,m6-1,333.602,"{'m1-1': 26.9, 'm2-1': 102.07, 'm3-1': 114.15, 'm4-1': 26.91, 'm5-1': 5.16, 'm6-1': 1.04, 'm7-1': 98.89, 'm8-1': 27.54}",1.56,336.1420000000001,337.18200000000013,inf,443.602,443.602
338,T9,BESTEFFORT,COMPLETED,m5-1,333.974,"{'m1-1': 27.68, 'm2-1': 111.26, 'm3-1': 103.29, 'm4-1': 24.85, 'm5-1': 5.0, 'm6-1': 1.1, 'm7-1': 103.31, 'm8-1': 27.87}",7.5,346.87600000000003,351.87600000000003,inf,443.974,443.974
339,T2,BESTEFFORT,COMPLETED,m6-1,337.235,"{'m1-1': 25.5, 'm2-1': 111.45, 'm3-1': 116.66, 'm4-1': 28.75, 'm5-1': 5.0, 'm6-1': 1.03, 'm7-1': 93.92, 'm8-1': 25.36}",1.545,337.235,338.265,inf,447.235,447.235
340,T8,BESTEFFORT,COMPLETED,m6-1,337.925,"{'m1-1': 26.21, 'm2-1': 101.95, 'm3-1': 105.55, 'm4-1': 27.65, 'm5-1': 5.66, 'm6-1': 1.16, 'm7-1': 111.2, 'm8-1': 24.63}",1.7399999999999998,338.265,339.425,inf,447.925,447.925
341,T2,BESTEFFORT,COMPLETED,m6-1,338.263,"{'m1-1': 28.82, 'm2-1': 107.48, 'm3-1': 102.65, 'm4-1': 27.39, 'm5-1': 4.81, 'm6-1': 1.14, 'm7-1': 108.03, 'm8-1': 27.65}",1.71,339.425,340.565,inf,448.263,448.263
342,T10,BESTEFFORT,COMPLETED,m6-1,338.69,"{'m1-1': 27.41, 'm2-1': 102.45, 'm3-1': 103.75, 'm4-1': 28.8, 'm5-1': 5.58, 'm6-1': 1.12, 'm7-1': 114.41, 'm8-1': 24.28}",1.6800000000000002,340.565,341.685,inf,448.69,448.69
343,T10,BESTEFFORT,COMPLETED,m6-1,339.294,"{'m1-1': 27.68, 'm2-1': 100.12, 'm3-1': 102.61, 'm4-1': 27.87, 'm5-1': 5.17, 'm6-1': 1.05, 'm7-1': 102.12, 'm8-1': 27.91}",1.5750000000000002,341.685,342.735,inf,449.294,449.294
344,T10,BESTEFFORT,COMPLETED,m6-1,342.157,"{'m1-1': 29.73, 'm2-1': 111.52, 'm3-1': 106.98, 'm4-1': 26.26, 'm5-1': 5.56, 'm6-1': 1.14, 'm7-1': 107.36, 'm8-1': 27.59}",1.71,342.735,343.875,inf,452.157,452.157
345,T7,BESTEFFORT,COMPLETED,m6-1,344.838,"{'m1-1': 29.03, 'm2-1': 108.64, 'm3-1': 107.78, 'm4-1': 27.6, 'm5-1': 4.75, 'm6-1': 1.03, 'm7-1': 107.99, 'm8-1': 26.59}",1.545,344.838,345.868,inf,454.838,454.838
346,T5,BESTEFFORT,COMPLETED,m6-1,347.683,"{'m1-1': 24.87, 'm2-1': 106.75, 'm3-1': 106.94, 'm4-1': 24.18, 'm5-1': 5.68, 'm6-1': 1.05, 'm7-1': 95.71, 'm8-1': 25.13}",1.5750000000000002,347.683,348.733,inf,457.683,457.683
347,T4,BESTEFFORT,COMPLETED,m6-1,349.205,"{'m1-1': 24.26, 'm2-1': 105.6, 'm3-1': 96.5, 'm4-1': 25.6, 'm5-1': 5.42, 'm6-1': 0.99, 'm7-1': 103.01, 'm8-1': 24.79}",1.4849999999999999,349.205,350.195,inf,459.205,459.205
348,T1,BESTEFFORT,COMPLETED,m6-1,349.234,"{'m1-1': 26.17, 'm2-1': 115.9, 'm3-1': 102.55, 'm4-1': 27.33, 'm5-1': 5.0, 'm6-1': 0.98, 'm7-1': 113.42, 'm8-1': 24.44}",1.47,350.195,351.175,inf,459.234,459.234
349,T5,BESTEFFORT,COMPLETED,m6-1,349.419,"{'m1-1': 27.28, 'm2-1': 106.6, 'm3-1': 103.93, 'm4-1': 24.61, 'm5-1': 5.55, 'm6-1': 1.07, 'm7-1': 104.2, 'm8-1': 25.31}",1.605,351.175,352.245,inf,459.419,459.419
350,T2,BESTEFFORT,COMPLETED,m6-1,349.79,"{'m1-1': 26.45, 'm2-1': 116.05, 'm3-1': 101.56, 'm4-1': 27.41, 'm5-1': 5.07, 'm6-1': 1.12, 'm7-1': 105.19, 'm8-1': 27.12}",1.6800000000000002,352.245,353.365,inf,459.79,459.79
351,T1,BESTEFFORT,COMPLETED,m6-1,351.007,"{'m1-1': 28.48, 'm2-1': 106.42, 'm3-1': 114.14, 'm4-1': 24.25, 'm5-1': 4.73, 'm6-1': 1.02, 'm7-1': 111.51, 'm8-1': 27.61}",1.53,353.365,354.385,inf,461.007,461.007
352,T8,BESTEFFORT,COMPLETED,m6-1,351.834,"{'m1-1': 23.2, 'm2-1': 113.17, 'm3-1': 104.02, 'm4-1': 23.57, 'm5-1': 5.39, 'm6-1': 1.13, 'm7-1': 110.74, 'm8-1': 27.62}",1.6949999999999998,354.385,355.515,inf,461.834,461.834
353,T3,BESTEFFORT,COMPLETED,m6-1,352.268,"{'m1-1': 25.41, 'm2-1': 109.49, 'm3-1': 107.75, 'm4-1': 27.82, 'm5-1': 5.58, 'm6-1': 0.96, 'm7-1': 111.63, 'm8-1': 23.38}",1.44,355.515,356.47499999999997,inf,462.268,462.268
354,T2,BESTEFFORT,COMPLETED,m6-1,355.591,"{'m1-1': 25.83, 'm2-1': 99.37, 'm3-1': 116.12, 'm4-1': 26.4, 'm5-1': 5.07, 'm6-1': 1.08, 'm7-1': 107.65, 'm8-1': 27.98}",1.62,356.47499999999997,357.55499999999995,inf,465.591,465.591
355,T10,BESTEFFORT,COMPLETED,m6-1,356.081,"{'m1-1': 28.71, 'm2-1': 101.38, 'm3-1': 96.94, 'm4-1': 25.56, 'm5-1': 5.41, 'm6-1': 1.05, 'm7-1': 103.41, 'm8-1': 24.08}",1.5750000000000002,357.55499999999995,358.60499999999996,inf,466.081,466.081
356,T7,BESTEFFORT,COMPLETED,m6-1,356.532,"{'m1-1': 25.77, 'm2-1': 99.38, 'm3-1': 97.63, 'm4-1': 24.68, 'm5-1': 4.95, 'm6-1': 1.03, 'm7-1': 108.72, 'm8-1': 27.49}",1.545,358.60499999999996,359.63499999999993,inf,466.532,466.532
357,T5,BESTEFFORT,COMPLETED,m6-1,356.574,"{'m1-1': 28.1, 'm2-1': 107.5, 'm3-1': 100.67, 'm4-1': 24.84, 'm5-1': 5.1, 'm6-1': 1.07, 'm7-1': 98.55, 'm8-1': 29.0}",1.605,359.63499999999993,360.7049999999999,inf,466.574,466.574
358,T7,BESTEFFORT,COMPLETED,m5-1,356.842,"{'m1-1': 27.0, 'm2-1': 112.73, 'm3-1': 96.93, 'm4-1': 24.96, 'm5-1': 4.97, 'm6-1': 1.11, 'm7-1': 108.44, 'm8-1': 25.08}",7.455,356.842,361.812,inf,466.842,466.842
359,T2,BESTEFFORT,COMPLETED,m5-1,356.893,"{'m1-1': 28.54, 'm2-1': 110.47, 'm3-1': 112.84, 'm4-1': 27.66, 'm5-1': 4.61, 'm6-1': 1.03, 'm7-1': 98.11, 'm8-1': 24.43}",6.915000000000001,361.812,366.422,inf,466.893,466.893
360,T7,BESTEFFORT,COMPLETED,m5-1,357.212,"{'m1-1': 25.42, 'm2-1': 98.17, 'm3-1': 94.01, 'm4-1': 28.63, 'm5-1': 4.65, 'm6-1': 1.04, 'm7-1': 93.88, 'm8-1': 27.22}",6.9750000000000005,366.422,371.072,inf,467.212,467.212
361,T3,BESTEFFORT,COMPLETED,m5-1,357.428,"{'m1-1': 29.4, 'm2-1': 117.12, 'm3-1': 105.48, 'm4-1': 25.7, 'm5-1': 5.01, 'm6-1': 1.05, 'm7-1': 109.83, 'm8-1': 24.69}",7.515,371.072,376.082,inf,467.428,467.428
362,T9,BESTEFFORT,COMPLETED,m6-1,357.824,"{'m1-1': 26.35, 'm2-1': 117.26, 'm3-1': 115.53, 'm4-1': 26.03, 'm5-1': 4.78, 'm6-1': 1.14, 'm7-1': 112.49, 'm8-1': 27.93}",1.71,360.7049999999999,361.8449999999999,inf,467.824,467.824
363,T5,BESTEFFORT,COMPLETED,m6-1,358.917,"{'m1-1': 28.04, 'm2-1': 95.22, 'm3-1': 92.04, 'm4-1': 27.93, 'm5-1': 5.34, 'm6-1': 1.14, 'm7-1': 105.03, 'm8-1': 28.93}",1.71,361.8449999999999,362.9849999999999,inf,468.917,468.917
364,T3,BESTEFFORT,COMPLETED,m4-1,359.135,"{'m1-1': 28.53, 'm2-1': 113.44, 'm3-1': 95.41, 'm4-1': 26.89, 'm5-1': 5.87, 'm6-1': 0.94, 'm7-1': 108.1, 'm8-1': 23.47}",40.335,359.135,386.025,inf,469.135,469.135
365,T7,BESTEFFORT,COMPLETED,m6-1,361.225,"{'m1-1': 27.05, 'm2-1': 111.14, 'm3-1': 107.6, 'm4-1': 28.6, 'm5-1': 4.7, 'm6-1': 1.16, 'm7-1': 101.27, 'm8-1': 25.6}",1.7399999999999998,362.9849999999999,364.1449999999999,inf,471.225,471.225
366,T9,BESTEFFORT,COMPLETED,m6-1,361.986,"{'m1-1': 27.17, 'm2-1': 110.25, 'm3-1': 115.44, 'm4-1': 27.47, 'm5-1': 5.17, 'm6-1': 1.05, 'm7-1': 112.23, 'm8-1': 23.91}",1.5750000000000002,364.1449999999999,365.19499999999994,inf,471.986,471.986
367,T4,BESTEFFORT,COMPLETED,m6-1,363.168,"{'m1-1': 25.59, 'm2-1': 97.66, 'm3-1': 102.7, 'm4-1': 27.4, 'm5-1': 5.2, 'm6-1': 0.92, 'm7-1': 111.42, 'm8-1': 23.59}",1.3800000000000001,365.19499999999994,366.11499999999995,inf,473.168,473.168
368,T1,BESTEFFORT,COMPLETED,m6-1,363.364,"{'m1-1': 25.7, 'm2-1': 109.62, 'm3-1': 109.02, 'm4-1': 27.39, 'm5-1': 5.48, 'm6-1': 0.98, 'm7-1': 99.32, 'm8-1': 25.29}",1.47,366.11499999999995,367.09499999999997,inf,473.364,473.364
369,T5,BESTEFFORT,COMPLETED,m5-1,363.379,"{'m1-1': 24.95, 'm2-1': 94.91, 'm3-1': 97.32, 'm4-1': 27.39, 'm5-1': 5.52, 'm6-1': 1.16, 'm7-1': 107.23, 'm8-1': 27.0}",8.28,376.082,381.602,inf,473.379,473.379
370,T2,BESTEFFORT,COMPLETED,m1-1,363.728,"{'m1-1': 27.02, 'm2-1': 103.8, 'm3-1': 102.7, 'm4-1': 29.39, 'm5-1': 5.08, 'm6-1': 1.15, 'm7-1': 95.52, 'm8-1': 25.61}",40.53,370.31499999999994,397.3349999999999,inf,473.728,473.728
371,T8,BESTEFFORT,COMPLETED,m8-1,363.768,"{'m1-1': 26.11, 'm2-1': 105.71, 'm3-1': 110.03, 'm4-1': 27.8, 'm5-1': 4.87, 'm6-1': 1.03, 'm7-1': 104.45, 'm8-1': 25.06}",37.589999999999996,378.914,403.974,inf,473.768,473.768
372,T2,BESTEFFORT,COMPLETED,m4-1,364.078,"{'m1-1': 26.12, 'm2-1': 109.64, 'm3-1': 111.38, 'm4-1': 25.47, 'm5-1': 5.45, 'm6-1': 1.12, 'm7-1': 95.2, 'm8-1': 28.22}",38.205,386.025,411.495,inf,474.078,474.078
373,T5,BESTEFFORT,COMPLETED,m6-1,364.296,"{'m1-1': 24.44, 'm2-1': 99.86, 'm3-1': 94.06, 'm4-1': 27.5, 'm5-1': 5.07, 'm6-1': 1.01, 'm7-1': 105.24, 'm8-1': 29.31}",1.5150000000000001,367.09499999999997,368.10499999999996,inf,474.296,474.296
374,T4,BESTEFFORT,COMPLETED,m1-1,364.307,"{'m1-1': 23.25, 'm2-1': 97.56, 'm3-1': 101.43, 'm4-1': 26.62, 'm5-1': 5.3, 'm6-1': 1.01, 'm7-1': 96.34, 'm8-1': 26.74}",34.875,397.3349999999999,420.5849999999999,inf,474.307,474.307
375,T9,BESTEFFORT,COMPLETED,m8-1,364.767,"{'m1-1': 26.7, 'm2-1': 109.7, 'm3-1': 98.85, 'm4-1': 24.37, 'm5-1': 5.16, 'm6-1': 1.09, 'm7-1': 97.43, 'm8-1': 27.52}",41.28,403.974,431.49399999999997,inf,474.767,474.767
376,T1,BESTEFFORT,COMPLETED,m4-1,365.115,"{'m1-1': 26.63, 'm2-1': 108.77, 'm3-1': 101.8, 'm4-1': 24.0, 'm5-1': 5.26, 'm6-1': 1.03, 'm7-1': 102.16, 'm8-1': 24.78}",36.0,411.495,435.495,inf,475.115,475.115
377,T10,BESTEFFORT,COMPLETED,m1-1,365.132,"{'m1-1': 29.49, 'm2-1': 100.47, 'm3-1': 91.59, 'm4-1': 25.28, 'm5-1': 5.12, 'm6-1': 1.04, 'm7-1': 100.06, 'm8-1': 26.96}",44.235,420.5849999999999,450.07499999999993,inf,475.132,475.132
378,T5,BESTEFFORT,COMPLETED,m6-1,365.59,"{'m1-1': 28.4, 'm2-1': 95.51, 'm3-1': 97.34, 'm4-1': 25.82, 'm5-1': 5.27, 'm6-1': 1.18, 'm7-1': 104.05, 'm8-1': 27.92}",1.77,368.10499999999996,369.28499999999997,inf,475.59,475.59
379,T10,BESTEFFORT,COMPLETED,m6-1,366.756,"{'m1-1': 27.31, 'm2-1': 100.13, 'm3-1': 105.15, 'm4-1': 25.63, 'm5-1': 5.73, 'm6-1': 1.14, 'm7-1': 110.88, 'm8-1': 23.66}",1.71,369.28499999999997,370.42499999999995,inf,476.756,476.756
380,T6,BESTEFFORT,COMPLETED,m5-1,366.839,"{'m1-1': 27.9, 'm2-1': 100.88, 'm3-1': 106.47, 'm4-1': 26.74, 'm5-1': 5.62, 'm6-1': 1.06, 'm7-1': 95.69, 'm8-1': 26.75}",8.43,381.602,387.222,inf,476.839,476.839
381,T3,BESTEFFORT,COMPLETED,m6-1,367.989,"{'m1-1': 26.43, 'm2-1': 106.56, 'm3-1': 108.14, 'm4-1': 28.18, 'm5-1': 5.14, 'm6-1': 0.92, 'm7-1': 97.94, 'm8-1': 25.28}",1.3800000000000001,370.42499999999995,371.34499999999997,inf,477.989,477.989
382,T6,BESTEFFORT,COMPLETED,m6-1,369.025,"{'m1-1': 27.63, 'm2-1': 101.61, 'm3-1': 102.1, 'm4-1': 26.45, 'm5-1': 5.79, 'm6-1': 1.01, 'm7-1': 104.72, 'm8-1': 25.42}",1.5150000000000001,371.34499999999997,372.35499999999996,inf,479.025,479.025
383,T3,BESTEFFORT,COMPLETED,m6-1,372.843,"{'m1-1': 25.76, 'm2-1': 110.82, 'm3-1': 103.5, 'm4-1': 26.25, 'm5-1': 5.84, 'm6-1': 1.08, 'm7-1': 101.8, 'm8-1': 24.21}",1.62,372.843,373.923,inf,482.843,482.843
384,T4,BESTEFFORT,COMPLETED,m6-1,375.591,"{'m1-1': 26.78, 'm2-1': 104.87, 'm3-1': 101.94, 'm4-1': 23.82, 'm5-1': 5.29, 'm6-1': 1.08, 'm7-1': 105.33, 'm8-1': 26.02}",1.62,375.591,376.671,inf,485.591,485.591
385,T3,BESTEFFORT,COMPLETED,m6-1,376.323,"{'m1-1': 28.09, 'm2-1': 111.81, 'm3-1': 94.97, 'm4-1': 28.33, 'm5-1': 5.05, 'm6-1': 1.0, 'm7-1': 104.31, 'm8-1': 23.13}",1.5,376.671,377.671,inf,486.323,486.323
386,T3,BESTEFFORT,COMPLETED,m6-1,376.5,"{'m1-1': 26.78, 'm2-1': 103.68, 'm3-1': 99.99, 'm4-1': 26.77, 'm5-1': 5.51, 'm6-1': 1.04, 'm7-1': 113.71, 'm8-1': 27.12}",1.56,377.671,378.711,inf,486.5,486.5
387,T7,BESTEFFORT,COMPLETED,m6-1,377.679,"{'m1-1': 24.66, 'm2-1': 97.41, 'm3-1': 105.49, 'm4-1': 26.4, 'm5-1': 5.29, 'm6-1': 1.1, 'm7-1': 110.1, 'm8-1': 25.68}",1.6500000000000001,378.711,379.81100000000004,inf,487.679,487.679
388,T1,BESTEFFORT,COMPLETED,m6-1,381.763,"{'m1-1': 27.9, 'm2-1': 102.33, 'm3-1': 107.93, 'm4-1': 24.46, 'm5-1': 4.85, 'm6-1': 1.07, 'm7-1': 110.05, 'm8-1': 25.5}",1.605,381.763,382.83299999999997,inf,491.763,491.763
389,T6,BESTEFFORT,COMPLETED,m6-1,381.903,"{'m1-1': 29.2, 'm2-1': 114.01, 'm3-1': 108.3, 'm4-1': 25.76, 'm5-1': 5.03, 'm6-1': 1.05, 'm7-1': 111.63, 'm8-1': 27.55}",1.5750000000000002,382.83299999999997,383.883,inf,491.903,491.903
390,T1,BESTEFFORT,COMPLETED,m6-1,382.121,"{'m1-1': 28.55, 'm2-1': 106.46, 'm3-1': 100.3, 'm4-1': 26.41, 'm5-1': 5.24, 'm6-1': 0.99, 'm7-1': 113.04, 'm8-1': 25.14}",1.4849999999999999,383.883,384.873,inf,492.121,492.121
391,T3,BESTEFFORT,COMPLETED,m6-1,382.79,"{'m1-1': 25.07, 'm2-1': 104.62, 'm3-1': 96.07, 'm4-1': 25.33, 'm5-1': 5.16, 'm6-1': 1.04, 'm7-1': 106.96, 'm8-1': 25.44}",1.56,384.873,385.913,inf,492.79,492.79
392,T4,BESTEFFORT,COMPLETED,m6-1,383.333,"{'m1-1': 24.64, 'm2-1': 96.18, 'm3-1': 102.68, 'm4-1': 23.54, 'm5-1': 5.46, 'm6-1': 1.04, 'm7-1': 105.49, 'm8-1': 26.31}",1.56,385.913,386.95300000000003,inf,493.333,493.333
393,T2,BESTEFFORT,COMPLETED,m6-1,388.082,"{'m1-1': 28.23, 'm2-1': 115.72, 'm3-1': 114.06, 'm4-1': 28.01, 'm5-1': 5.09, 'm6-1': 1.14, 'm7-1': 105.25, 'm8-1': 24.9}",1.71,388.082,389.222,inf,498.082,498.082
394,T10,BESTEFFORT,COMPLETED,m6-1,388.804,"{'m1-1': 27.57, 'm2-1': 111.17, 'm3-1': 93.88, 'm4-1': 25.65, 'm5-1': 5.69, 'm6-1': 1.06, 'm7-1': 115.57, 'm8-1': 26.11}",1.59,389.222,390.282,inf,498.804,498.804
395,T1,BESTEFFORT,COMPLETED,m6-1,389.776,"{'m1-1': 26.39, 'm2-1': 107.38, 'm3-1': 105.64, 'm4-1': 24.42, 'm5-1': 5.18, 'm6-1': 1.02, 'm7-1': 97.91, 'm8-1': 26.62}",1.53,390.282,391.30199999999996,inf,499.776,499.776
396,T8,BESTEFFORT,COMPLETED,m6-1,390.442,"{'m1-1': 24.62, 'm2-1': 103.07, 'm3-1': 99.58, 'm4-1': 27.07, 'm5-1': 5.51, 'm6-1': 1.05, 'm7-1': 99.72, 'm8-1': 27.18}",1.5750000000000002,391.30199999999996,392.352,inf,500.442,500.442
397,T4,BESTEFFORT,COMPLETED,m6-1,390.776,"{'m1-1': 26.27, 'm2-1': 98.79, 'm3-1': 99.13, 'm4-1': 23.95, 'm5-1': 5.32, 'm6-1': 1.02, 'm7-1': 101.28, 'm8-1': 25.48}",1.53,392.352,393.37199999999996,inf,500.776,500.776
398,T7,BESTEFFORT,COMPLETED,m6-1,390.814,"{'m1-1': 27.61, 'm2-1': 112.26, 'm3-1': 101.3, 'm4-1': 25.52, 'm5-1': 5.29, 'm6-1': 1.11, 'm7-1': 107.06, 'm8-1': 26.4}",1.665,393.37199999999996,394.48199999999997,inf,500.814,500.814
399,T2,BESTEFFORT,COMPLETED,m5-1,391.077,"{'m1-1': 28.0, 'm2-1': 104.66, 'm3-1': 102.3, 'm4-1': 27.25, 'm5-1': 4.96, 'm6-1': 1.0, 'm7-1': 104.53, 'm8-1': 25.05}",7.4399999999999995,391.077,396.037,inf,501.077,501.077
400,T1,BESTEFFORT,COMPLETED,m6-1,391.597,"{'m1-1': 24.51, 'm2-1': 104.54, 'm3-1': 110.42, 'm4-1': 27.37, 'm5-1': 5.03, 'm6-1': 1.06, 'm7-1': 111.26, 'm8-1': 25.53}",1.59,394.48199999999997,395.542,inf,501.597,501.597
401,T7,BESTEFFORT,COMPLETED,m6-1,394.929,"{'m1-1': 27.68, 'm2-1': 103.51, 'm3-1': 98.67, 'm4-1': 25.85, 'm5-1': 4.99, 'm6-1': 1.06, 'm7-1': 108.09, 'm8-1': 26.06}",1.59,395.542,396.602,inf,504.929,504.929
402,T7,BESTEFFORT,COMPLETED,m6-1,395.145,"{'m1-1': 25.45, 'm2-1': 100.56, 'm3-1': 108.82, 'm4-1': 25.83, 'm5-1': 4.93, 'm6-1': 1.12, 'm7-1': 106.38, 'm8-1': 25.22}",1.6800000000000002,396.602,397.722,inf,505.145,505.145
403,T1,BESTEFFORT,COMPLETED,m6-1,395.284,"{'m1-1': 26.31, 'm2-1': 117.73, 'm3-1': 107.36, 'm4-1': 24.77, 'm5-1': 5.48, 'm6-1': 1.06, 'm7-1': 105.4, 'm8-1': 24.15}",1.59,397.722,398.782,inf,505.284,505.284
404,T10,BESTEFFORT,COMPLETED,m5-1,395.393,"{'m1-1': 28.13, 'm2-1': 100.12, 'm3-1': 107.86, 'm4-1': 28.64, 'm5-1': 5.36, 'm6-1': 1.05, 'm7-1': 111.94, 'm8-1': 27.84}",8.040000000000001,396.037,401.397,inf,505.393,505.393
405,T1,BESTEFFORT,COMPLETED,m6-1,395.745,"{'m1-1': 24.48, 'm2-1': 106.46, 'm3-1': 103.44, 'm4-1': 26.73, 'm5-1': 5.17, 'm6-1': 0.99, 'm7-1': 109.82, 'm8-1': 24.18}",1.4849999999999999,398.782,399.772,inf,505.745,505.745
406,T8,BESTEFFORT,COMPLETED,m5-1,396.148,"{'m1-1': 25.26, 'm2-1': 108.42, 'm3-1': 106.17, 'm4-1': 27.59, 'm5-1': 5.61, 'm6-1': 1.13, 'm7-1': 97.6, 'm8-1': 24.03}",8.415000000000001,401.397,407.007,inf,506.148,506.148
407,T10,BESTEFFORT,COMPLETED,m5-1,396.551,"{'m1-1': 28.68, 'm2-1': 103.8, 'm3-1': 98.45, 'm4-1': 26.34, 'm5-1': 5.06, 'm6-1': 1.12, 'm7-1': 116.31, 'm8-1': 27.36}",7.59,407.007,412.067,inf,506.551,506.551
408,T7,BESTEFFORT,COMPLETED,m6-1,397.302,"{'m1-1': 28.62, 'm2-1': 105.57, 'm3-1': 102.33, 'm4-1': 24.68, 'm5-1': 5.24, 'm6-1': 1.1, 'm7-1': 95.26, 'm8-1': 27.41}",1.6500000000000001,399.772,400.872,inf,507.302,507.302
409,T6,BESTEFFORT,COMPLETED,m5-1,397.303,"{'m1-1': 25.46, 'm2-1': 100.43, 'm3-1': 102.94, 'm4-1': 24.47, 'm5-1': 5.51, 'm6-1': 1.05, 'm7-1': 98.97, 'm8-1': 26.66}",8.265,412.067,417.577,inf,507.303,507.303
410,T1,BESTEFFORT,COMPLETED,m6-1,398.471,"{'m1-1': 26.46, 'm2-1': 100.95, 'm3-1': 105.95, 'm4-1': 24.0, 'm5-1': 4.87, 'm6-1': 1.04, 'm7-1': 114.94, 'm8-1': 24.3}",1.56,400.872,401.91200000000003,inf,508.471,508.471
411,T9,BESTEFFORT,COMPLETED,m6-1,399.093,"{'m1-1': 25.08, 'm2-1': 115.61, 'm3-1': 114.17, 'm4-1': 27.25, 'm5-1': 5.23, 'm6-1': 1.06, 'm7-1': 109.77, 'm8-1': 26.59}",1.59,401.91200000000003,402.97200000000004,inf,509.093,509.093
412,T4,BESTEFFORT,COMPLETED,m6-1,400.308,"{'m1-1': 23.04, 'm2-1': 105.6, 'm3-1': 105.31, 'm4-1': 26.22, 'm5-1': 5.34, 'm6-1': 1.08, 'm7-1': 102.62, 'm8-1': 26.64}",1.62,402.97200000000004,404.052,inf,510.308,510.308
413,T7,BESTEFFORT,COMPLETED,m8-1,400.36,"{'m1-1': 28.87, 'm2-1': 110.29, 'm3-1': 100.89, 'm4-1': 25.26, 'm5-1': 4.69, 'm6-1': 1.1, 'm7-1': 95.59, 'm8-1': 24.84}",37.26,431.49399999999997,456.33399999999995,inf,510.36,510.36
414,T7,BESTEFFORT,COMPLETED,m4-1,400.455,"{'m1-1': 25.22, 'm2-1': 101.69, 'm3-1': 99.95, 'm4-1': 27.12, 'm5-1': 5.01, 'm6-1': 1.17, 'm7-1': 106.11, 'm8-1': 27.5}",40.68,435.495,462.615,inf,510.455,510.455
415,T2,BESTEFFORT,COMPLETED,m6-1,401.94,"{'m1-1': 25.73, 'm2-1': 100.9, 'm3-1': 115.15, 'm4-1': 29.77, 'm5-1': 4.96, 'm6-1': 1.06, 'm7-1': 109.83, 'm8-1': 27.45}",1.59,404.052,405.112,inf,511.94,511.94
416,T6,BESTEFFORT,COMPLETED,m6-1,405.181,"{'m1-1': 28.5, 'm2-1': 117.55, 'm3-1': 102.26, 'm4-1': 28.66, 'm5-1': 5.25, 'm6-1': 0.98, 'm7-1': 106.02, 'm8-1': 27.29}",1.47,405.181,406.161,inf,515.181,515.181
417,T2,BESTEFFORT,COMPLETED,m6-1,405.675,"{'m1-1': 29.2, 'm2-1': 104.18, 'm3-1': 106.04, 'm4-1': 28.46, 'm5-1': 4.93, 'm6-1': 1.13, 'm7-1': 110.25, 'm8-1': 26.5}",1.6949999999999998,406.161,407.291,inf,515.675,515.675
418,T3,BESTEFFORT,COMPLETED,m6-1,406.876,"{'m1-1': 27.2, 'm2-1': 111.26, 'm3-1': 97.51, 'm4-1': 29.38, 'm5-1': 5.39, 'm6-1': 1.02, 'm7-1': 100.69, 'm8-1': 23.94}",1.53,407.291,408.311,inf,516.876,516.876
419,T7,BESTEFFORT,COMPLETED,m6-1,407.524,"{'m1-1': 26.6, 'm2-1': 109.3, 'm3-1': 105.85, 'm4-1': 25.04, 'm5-1': 4.68, 'm6-1': 1.15, 'm7-1': 95.74, 'm8-1': 27.64}",1.7249999999999999,408.311,409.46099999999996,inf,517.524,517.524
420,T3,BESTEFFORT,COMPLETED,m6-1,407.958,"{'m1-1': 29.37, 'm2-1': 108.76, 'm3-1': 106.27, 'm4-1': 28.6, 'm5-1': 5.54, 'm6-1': 0.98, 'm7-1': 102.67, 'm8-1': 25.64}",1.47,409.46099999999996,410.441,inf,517.9580000000001,517.9580000000001
421,T7,BESTEFFORT,COMPLETED,m6-1,408.044,"{'m1-1': 25.44, 'm2-1': 106.89, 'm3-1': 101.72, 'm4-1': 27.7, 'm5-1': 4.93, 'm6-1': 1.15, 'm7-1': 105.74, 'm8-1': 27.55}",1.7249999999999999,410.441,411.59099999999995,inf,518.044,518.044
422,T1,BESTEFFORT,COMPLETED,m6-1,409.705,"{'m1-1': 27.02, 'm2-1': 101.13, 'm3-1': 96.68, 'm4-1': 27.03, 'm5-1': 5.05, 'm6-1': 1.02, 'm7-1': 102.04, 'm8-1': 27.36}",1.53,411.59099999999995,412.61099999999993,inf,519.7049999999999,519.7049999999999
423,T8,BESTEFFORT,COMPLETED,m6-1,411.788,"{'m1-1': 25.07, 'm2-1': 102.57, 'm3-1': 98.54, 'm4-1': 25.09, 'm5-1': 5.2, 'm6-1': 1.08, 'm7-1': 105.5, 'm8-1': 24.97}",1.62,412.61099999999993,413.6909999999999,inf,521.788,521.788
424,T2,BESTEFFORT,COMPLETED,m6-1,413.016,"{'m1-1': 27.45, 'm2-1': 114.53, 'm3-1': 108.63, 'm4-1': 28.01, 'm5-1': 5.34, 'm6-1': 1.06, 'm7-1': 98.29, 'm8-1': 26.84}",1.59,413.6909999999999,414.7509999999999,inf,523.0160000000001,523.0160000000001
425,T4,BESTEFFORT,COMPLETED,m6-1,413.188,"{'m1-1': 23.63, 'm2-1': 109.73, 'm3-1': 108.77, 'm4-1': 23.48, 'm5-1': 5.75, 'm6-1': 1.1, 'm7-1': 98.5, 'm8-1': 25.23}",1.6500000000000001,414.7509999999999,415.85099999999994,inf,523.188,523.188
426,T3,BESTEFFORT,COMPLETED,m6-1,413.555,"{'m1-1': 28.33, 'm2-1': 104.08, 'm3-1': 106.27, 'm4-1': 27.39, 'm5-1': 5.31, 'm6-1': 0.92, 'm7-1': 102.2, 'm8-1': 26.09}",1.3800000000000001,415.85099999999994,416.77099999999996,inf,523.5550000000001,523.5550000000001
427,T4,BESTEFFORT,COMPLETED,m6-1,413.894,"{'m1-1': 24.52, 'm2-1': 111.86, 'm3-1': 103.11, 'm4-1': 24.79, 'm5-1': 5.48, 'm6-1': 0.93, 'm7-1': 100.13, 'm8-1': 26.54}",1.395,416.77099999999996,417.70099999999996,inf,523.894,523.894
428,T9,BESTEFFORT,COMPLETED,m5-1,414.46,"{'m1-1': 26.43, 'm2-1': 99.4, 'm3-1': 115.52, 'm4-1': 26.8, 'm5-1': 5.02, 'm6-1': 1.0, 'm7-1': 107.99, 'm8-1': 26.91}",7.529999999999999,417.577,422.597,inf,524.46,524.46
429,T3,BESTEFFORT,COMPLETED,m6-1,414.958,"{'m1-1': 25.3, 'm2-1': 117.62, 'm3-1': 100.22, 'm4-1': 27.63, 'm5-1': 5.78, 'm6-1': 0.94, 'm7-1': 106.73, 'm8-1': 24.67}",1.41,417.70099999999996,418.64099999999996,inf,524.9580000000001,524.9580000000001
430,T3,BESTEFFORT,COMPLETED,m6-1,416.146,"{'m1-1': 25.54, 'm2-1': 104.1, 'm3-1': 109.62, 'm4-1': 26.43, 'm5-1': 5.31, 'm6-1': 1.03, 'm7-1': 98.05, 'm8-1': 25.32}",1.545,418.64099999999996,419.67099999999994,inf,526.146,526.146
431,T5,BESTEFFORT,COMPLETED,m6-1,418.36,"{'m1-1': 26.53, 'm2-1': 95.93, 'm3-1': 105.28, 'm4-1': 26.63, 'm5-1': 5.52, 'm6-1': 1.1, 'm7-1': 97.82, 'm8-1': 25.57}",1.6500000000000001,419.67099999999994,420.77099999999996,inf,528.36,528.36
432,T4,BESTEFFORT,COMPLETED,m6-1,420.188,"{'m1-1': 25.34, 'm2-1': 106.02, 'm3-1': 95.78, 'm4-1': 25.54, 'm5-1': 5.62, 'm6-1': 1.04, 'm7-1': 106.15, 'm8-1': 26.0}",1.56,420.77099999999996,421.811,inf,530.188,530.188
433,T2,BESTEFFORT,COMPLETED,m6-1,420.928,"{'m1-1': 25.68, 'm2-1': 99.7, 'm3-1': 108.06, 'm4-1': 26.24, 'm5-1': 5.16, 'm6-1': 1.13, 'm7-1': 97.31, 'm8-1': 24.83}",1.6949999999999998,421.811,422.941,inf,530.928,530.928
434,T10,BESTEFFORT,COMPLETED,m6-1,421.273,"{'m1-1': 27.77, 'm2-1': 104.9, 'm3-1': 106.8, 'm4-1': 24.71, 'm5-1': 5.72, 'm6-1': 1.0, 'm7-1': 108.86, 'm8-1': 27.73}",1.5,422.941,423.941,inf,531.273,531.273
435,T2,BESTEFFORT,COMPLETED,m6-1,422.972,"{'m1-1': 29.25, 'm2-1': 99.26, 'm3-1': 104.2, 'm4-1': 29.54, 'm5-1': 4.68, 'm6-1': 1.16, 'm7-1': 109.29, 'm8-1': 26.99}",1.7399999999999998,423.941,425.101,inf,532.972,532.972
436,T6,BESTEFFORT,COMPLETED,m6-1,423.078,"{'m1-1': 28.13, 'm2-1': 101.54, 'm3-1': 106.58, 'm4-1': 28.0, 'm5-1': 5.42, 'm6-1': 1.0, 'm7-1': 103.38, 'm8-1': 25.08}",1.5,425.101,426.101,inf,533.078,533.078
437,T6,BESTEFFORT,COMPLETED,m6-1,423.322,"{'m1-1': 26.65, 'm2-1': 110.32, 'm3-1': 113.18, 'm4-1': 28.81, 'm5-1': 5.82, 'm6-1': 0.97, 'm7-1': 94.87, 'm8-1': 25.05}",1.455,426.101,427.071,inf,533.322,533.322
438,T1,BESTEFFORT,COMPLETED,m6-1,424.955,"{'m1-1': 28.01, 'm2-1': 103.61, 'm3-1': 108.09, 'm4-1': 24.46, 'm5-1': 5.32, 'm6-1': 1.01, 'm7-1': 107.67, 'm8-1': 24.76}",1.5150000000000001,427.071,428.081,inf,534.9549999999999,534.9549999999999
439,T5,BESTEFFORT,COMPLETED,m6-1,425.578,"{'m1-1': 24.45, 'm2-1': 101.77, 'm3-1': 107.73, 'm4-1': 26.92, 'm5-1': 5.42, 'm6-1': 1.17, 'm7-1': 99.26, 'm8-1': 26.76}",1.755,428.081,429.25100000000003,inf,535.578,535.578
440,T4,BESTEFFORT,COMPLETED,m6-1,426.378,"{'m1-1': 25.74, 'm2-1': 96.76, 'm3-1': 110.02, 'm4-1': 27.02, 'm5-1': 5.72, 'm6-1': 1.1, 'm7-1': 103.16, 'm8-1': 27.39}",1.6500000000000001,429.25100000000003,430.35100000000006,inf,536.3779999999999,536.3779999999999
441,T7,BESTEFFORT,COMPLETED,m6-1,429.928,"{'m1-1': 25.75, 'm2-1': 104.29, 'm3-1': 111.4, 'm4-1': 25.49, 'm5-1': 5.5, 'm6-1': 1.16, 'm7-1': 102.41, 'm8-1': 27.4}",1.7399999999999998,430.35100000000006,431.5110000000001,inf,539.928,539.928
442,T6,BESTEFFORT,COMPLETED,m6-1,431.998,"{'m1-1': 28.1, 'm2-1': 113.4, 'm3-1': 105.3, 'm4-1': 27.24, 'm5-1': 5.24, 'm6-1': 1.0, 'm7-1': 100.25, 'm8-1': 25.93}",1.5,431.998,432.998,inf,541.998,541.998
443,T10,BESTEFFORT,COMPLETED,m6-1,432.594,"{'m1-1': 28.19, 'm2-1': 111.62, 'm3-1': 99.65, 'm4-1': 26.75, 'm5-1': 5.71, 'm6-1': 1.07, 'm7-1': 105.72, 'm8-1': 25.56}",1.605,432.998,434.068,inf,542.594,542.594
444,T10,BESTEFFORT,COMPLETED,m6-1,432.905,"{'m1-1': 28.79, 'm2-1': 109.57, 'm3-1': 106.25, 'm4-1': 25.85, 'm5-1': 4.99, 'm6-1': 1.14, 'm7-1': 99.48, 'm8-1': 23.78}",1.71,434.068,435.20799999999997,inf,542.905,542.905
445,T8,BESTEFFORT,COMPLETED,m6-1,435.316,"{'m1-1': 26.56, 'm2-1': 104.97, 'm3-1': 110.4, 'm4-1': 25.54, 'm5-1': 5.56, 'm6-1': 1.03, 'm7-1': 104.0, 'm8-1': 24.86}",1.545,435.316,436.34599999999995,inf,545.316,545.316
446,T9,BESTEFFORT,COMPLETED,m6-1,435.973,"{'m1-1': 28.85, 'm2-1': 113.54, 'm3-1': 112.61, 'm4-1': 27.78, 'm5-1': 4.84, 'm6-1': 1.14, 'm7-1': 112.56, 'm8-1': 26.79}",1.71,436.34599999999995,437.48599999999993,inf,545.973,545.973
447,T7,BESTEFFORT,COMPLETED,m6-1,436.245,"{'m1-1': 29.13, 'm2-1': 113.93, 'm3-1': 99.11, 'm4-1': 24.6, 'm5-1': 5.33, 'm6-1': 1.11, 'm7-1': 100.15, 'm8-1': 26.98}",1.665,437.48599999999993,438.59599999999995,inf,546.245,546.245
448,T10,BESTEFFORT,COMPLETED,m6-1,436.723,"{'m1-1': 28.79, 'm2-1': 98.99, 'm3-1': 101.66, 'm4-1': 28.3, 'm5-1': 4.91, 'm6-1': 1.0, 'm7-1': 115.79, 'm8-1': 26.15}",1.5,438.59599999999995,439.59599999999995,inf,546.723,546.723
449,T1,BESTEFFORT,COMPLETED,m6-1,436.837,"{'m1-1': 27.07, 'm2-1': 118.93, 'm3-1': 96.54, 'm4-1': 26.87, 'm5-1': 5.34, 'm6-1': 1.01, 'm7-1': 101.8, 'm8-1': 24.4}",1.5150000000000001,439.59599999999995,440.60599999999994,inf,546.837,546.837
450,T5,BESTEFFORT,COMPLETED,m5-1,437.074,"{'m1-1': 28.43, 'm2-1': 107.12, 'm3-1': 104.07, 'm4-1': 27.76, 'm5-1': 5.18, 'm6-1': 1.04, 'm7-1': 92.91, 'm8-1': 27.32}",7.77,437.074,442.254,inf,547.0740000000001,547.0740000000001
451,T5,BESTEFFORT,COMPLETED,m6-1,438.245,"{'m1-1': 27.16, 'm2-1': 103.05, 'm3-1': 96.86, 'm4-1': 24.8, 'm5-1': 5.32, 'm6-1': 1.02, 'm7-1': 104.68, 'm8-1': 26.9}",1.53,440.60599999999994,441.6259999999999,inf,548.245,548.245
452,T8,BESTEFFORT,COMPLETED,m6-1,438.658,"{'m1-1': 24.71, 'm2-1': 117.86, 'm3-1': 98.83, 'm4-1': 26.12, 'm5-1': 5.62, 'm6-1': 0.99, 'm7-1': 103.02, 'm8-1': 24.71}",1.4849999999999999,441.6259999999999,442.61599999999993,inf,548.658,548.658
453,T6,BESTEFFORT,COMPLETED,m6-1,440.58,"{'m1-1': 25.73, 'm2-1': 109.43, 'm3-1': 106.05, 'm4-1': 25.07, 'm5-1': 5.17, 'm6-1': 0.99, 'm7-1': 98.08, 'm8-1': 24.98}",1.4849999999999999,442.61599999999993,443.60599999999994,inf,550.5799999999999,550.5799999999999
454,T1,BESTEFFORT,COMPLETED,m6-1,440.826,"{'m1-1': 26.6, 'm2-1': 116.44, 'm3-1': 107.51, 'm4-1': 24.99, 'm5-1': 5.46, 'm6-1': 1.05, 'm7-1': 115.34, 'm8-1': 24.9}",1.5750000000000002,443.60599999999994,444.65599999999995,inf,550.826,550.826
455,T3,BESTEFFORT,COMPLETED,m6-1,442.573,"{'m1-1': 26.98, 'm2-1': 117.04, 'm3-1': 99.14, 'm4-1': 26.41, 'm5-1': 5.64, 'm6-1': 1.02, 'm7-1': 101.01, 'm8-1': 24.89}",1.53,444.65599999999995,445.67599999999993,inf,552.573,552.573
456,T10,BESTEFFORT,COMPLETED,m6-1,443.264,"{'m1-1': 27.86, 'm2-1': 106.75, 'm3-1': 91.99, 'm4-1': 28.22, 'm5-1': 5.39, 'm6-1': 1.13, 'm7-1': 104.3, 'm8-1': 24.44}",1.6949999999999998,445.67599999999993,446.8059999999999,inf,553.264,553.264
457,T4,BESTEFFORT,COMPLETED,m6-1,443.726,"{'m1-1': 24.89, 'm2-1': 101.65, 'm3-1': 109.38, 'm4-1': 25.49, 'm5-1': 5.81, 'm6-1': 1.08, 'm7-1': 111.48, 'm8-1': 26.5}",1.62,446.8059999999999,447.8859999999999,inf,553.726,553.726
458,T7,BESTEFFORT,COMPLETED,m5-1,444.16,"{'m1-1': 26.18, 'm2-1': 96.92, 'm3-1': 101.62, 'm4-1': 28.0, 'm5-1': 4.93, 'm6-1': 1.04, 'm7-1': 103.8, 'm8-1': 24.57}",7.395,444.16,449.09000000000003,inf,554.1600000000001,554.1600000000001
459,T8,BESTEFFORT,COMPLETED,m6-1,444.849,"{'m1-1': 26.81, 'm2-1': 116.25, 'm3-1': 107.33, 'm4-1': 24.58, 'm5-1': 5.17, 'm6-1': 1.1, 'm7-1': 105.81, 'm8-1': 24.85}",1.6500000000000001,447.8859999999999,448.98599999999993,inf,554.8489999999999,554.8489999999999
460,T7,BESTEFFORT,COMPLETED,m5-1,444.882,"{'m1-1': 26.63, 'm2-1': 98.09, 'm3-1': 101.67, 'm4-1': 26.5, 'm5-1': 5.29, 'm6-1': 1.02, 'm7-1': 101.62, 'm8-1': 25.98}",7.9350000000000005,449.09000000000003,454.38000000000005,inf,554.8820000000001,554.8820000000001
461,T1,BESTEFFORT,COMPLETED,m6-1,447.639,"{'m1-1': 27.35, 'm2-1': 109.01, 'm3-1': 113.32, 'm4-1': 27.46, 'm5-1': 5.38, 'm6-1': 1.02, 'm7-1': 101.3, 'm8-1': 27.75}",1.53,448.98599999999993,450.0059999999999,inf,557.639,557.639
462,T4,BESTEFFORT,COMPLETED,m6-1,448.327,"{'m1-1': 24.66, 'm2-1': 105.17, 'm3-1': 97.42, 'm4-1': 27.03, 'm5-1': 5.87, 'm6-1': 1.04, 'm7-1': 96.43, 'm8-1': 25.38}",1.56,450.0059999999999,451.04599999999994,inf,558.327,558.327
463,T5,BESTEFFORT,COMPLETED,m6-1,448.352,"{'m1-1': 26.12, 'm2-1': 98.0, 'm3-1': 106.23, 'm4-1': 26.55, 'm5-1': 5.32, 'm6-1': 1.02, 'm7-1': 101.36, 'm8-1': 27.96}",1.53,451.04599999999994,452.0659999999999,inf,558.352,558.352
464,T6,BESTEFFORT,COMPLETED,m5-1,448.584,"{'m1-1': 25.73, 'm2-1': 108.05, 'm3-1': 99.61, 'm4-1': 24.7, 'm5-1': 5.8, 'm6-1': 1.08, 'm7-1': 105.46, 'm8-1': 27.31}",8.7,454.38000000000005,460.18000000000006,inf,558.5840000000001,558.5840000000001
465,T8,BESTEFFORT,COMPLETED,m6-1,451.08,"{'m1-1': 27.12, 'm2-1': 102.41, 'm3-1': 103.64, 'm4-1': 27.59, 'm5-1': 5.45, 'm6-1': 1.08, 'm7-1': 106.52, 'm8-1': 24.14}",1.62,452.0659999999999,453.1459999999999,inf,561.0799999999999,561.0799999999999
466,T7,BESTEFFORT,COMPLETED,m6-1,451.914,"{'m1-1': 27.77, 'm2-1': 100.89, 'm3-1': 97.23, 'm4-1': 24.44, 'm5-1': 5.43, 'm6-1': 1.06, 'm7-1': 99.42, 'm8-1': 27.36}",1.59,453.1459999999999,454.2059999999999,inf,561.914,561.914
467,T3,BESTEFFORT,COMPLETED,m6-1,452.23,"{'m1-1': 26.48, 'm2-1': 110.11, 'm3-1': 104.43, 'm4-1': 25.45, 'm5-1': 5.72, 'm6-1': 0.92, 'm7-1': 96.4, 'm8-1': 24.31}",1.3800000000000001,454.2059999999999,455.1259999999999,inf,562.23,562.23
468,T5,BESTEFFORT,COMPLETED,m6-1,453.051,"{'m1-1': 26.71, 'm2-1': 94.32, 'm3-1': 96.09, 'm4-1': 28.24, 'm5-1': 5.05, 'm6-1': 1.19, 'm7-1': 96.14, 'm8-1': 25.4}",1.785,455.1259999999999,456.3159999999999,inf,563.0509999999999,563.0509999999999
469,T4,BESTEFFORT,COMPLETED,m5-1,453.076,"{'m1-1': 23.61, 'm2-1': 107.61, 'm3-1': 96.95, 'm4-1': 26.77, 'm5-1': 5.78, 'm6-1': 1.06, 'm7-1': 111.53, 'm8-1': 25.28}",8.67,460.18000000000006,465.96000000000004,inf,563.076,563.076
470,T5,BESTEFFORT,COMPLETED,m6-1,453.215,"{'m1-1': 25.03, 'm2-1': 100.77, 'm3-1': 102.55, 'm4-1': 27.02, 'm5-1': 5.28, 'm6-1': 1.12, 'm7-1': 107.23, 'm8-1': 29.34}",1.6800000000000002,456.3159999999999,457.4359999999999,inf,563.2149999999999,563.2149999999999
471,T4,BESTEFFORT,COMPLETED,m5-1,453.769,"{'m1-1': 25.17, 'm2-1': 105.27, 'm3-1': 100.76, 'm4-1': 25.13, 'm5-1': 5.28, 'm6-1': 1.0, 'm7-1': 103.13, 'm8-1': 27.44}",7.92,465.96000000000004,471.24,inf,563.769,563.769
472,T1,BESTEFFORT,COMPLETED,m6-1,455.064,"{'m1-1': 28.32, 'm2-1': 104.32, 'm3-1': 105.95, 'm4-1': 26.32, 'm5-1': 4.87, 'm6-1': 1.1, 'm7-1': 113.59, 'm8-1': 25.27}",1.6500000000000001,457.4359999999999,458.53599999999994,inf,565.0640000000001,565.0640000000001
473,T3,BESTEFFORT,COMPLETED,m6-1,455.39,"{'m1-1': 28.78, 'm2-1': 109.61, 'm3-1': 107.28, 'm4-1': 25.92, 'm5-1': 5.92, 'm6-1': 1.07, 'm7-1': 104.96, 'm8-1': 23.98}",1.605,458.53599999999994,459.60599999999994,inf,565.39,565.39
474,T8,BESTEFFORT,COMPLETED,m6-1,456.786,"{'m1-1': 25.4, 'm2-1': 113.73, 'm3-1': 96.91, 'm4-1': 27.1, 'm5-1': 5.37, 'm6-1': 0.98, 'm7-1': 107.28, 'm8-1': 24.48}",1.47,459.60599999999994,460.58599999999996,inf,566.7860000000001,566.7860000000001
475,T4,BESTEFFORT,COMPLETED,m5-1,457.354,"{'m1-1': 24.66, 'm2-1': 111.29, 'm3-1': 98.03, 'm4-1': 24.64, 'm5-1': 5.47, 'm6-1': 0.94, 'm7-1': 98.51, 'm8-1': 26.53}",8.205,471.24,476.71000000000004,inf,567.354,567.354
476,T2,BESTEFFORT,COMPLETED,m6-1,457.9,"{'m1-1': 27.96, 'm2-1': 117.19, 'm3-1': 114.46, 'm4-1': 26.08, 'm5-1': 5.35, 'm6-1': 1.08, 'm7-1': 102.27, 'm8-1': 24.86}",1.62,460.58599999999996,461.66599999999994,inf,567.9,567.9
477,T1,BESTEFFORT,COMPLETED,m6-1,458.61,"{'m1-1': 24.17, 'm2-1': 111.5, 'm3-1': 96.87, 'm4-1': 27.49, 'm5-1': 4.86, 'm6-1': 1.02, 'm7-1': 110.84, 'm8-1': 25.56}",1.53,461.66599999999994,462.6859999999999,inf,568.61,568.61
478,T5,BESTEFFORT,COMPLETED,m6-1,463.53,"{'m1-1': 25.84, 'm2-1': 102.07, 'm3-1': 94.67, 'm4-1': 24.75, 'm5-1': 5.0, 'm6-1': 1.03, 'm7-1': 95.22, 'm8-1': 29.15}",1.545,463.53,464.55999999999995,inf,573.53,573.53
479,T5,BESTEFFORT,COMPLETED,m6-1,464.596,"{'m1-1': 27.46, 'm2-1': 102.16, 'm3-1': 101.8, 'm4-1': 24.8, 'm5-1': 5.06, 'm6-1': 1.08, 'm7-1': 95.37, 'm8-1': 25.9}",1.62,464.596,465.676,inf,574.596,574.596
480,T10,BESTEFFORT,COMPLETED,m6-1,464.757,"{'m1-1': 28.19, 'm2-1': 110.89, 'm3-1': 93.79, 'm4-1': 26.68, 'm5-1': 5.54, 'm6-1': 1.04, 'm7-1': 112.5, 'm8-1': 25.42}",1.56,465.676,466.716,inf,574.7570000000001,574.7570000000001
481,T1,BESTEFFORT,COMPLETED,m6-1,464.83,"{'m1-1': 26.49, 'm2-1': 117.18, 'm3-1': 108.04, 'm4-1': 25.07, 'm5-1': 5.49, 'm6-1': 1.06, 'm7-1': 100.21, 'm8-1': 25.26}",1.59,466.716,467.776,inf,574.8299999999999,574.8299999999999
482,T9,BESTEFFORT,COMPLETED,m6-1,465.972,"{'m1-1': 26.89, 'm2-1': 117.49, 'm3-1': 116.04, 'm4-1': 26.11, 'm5-1': 5.21, 'm6-1': 1.1, 'm7-1': 94.87, 'm8-1': 27.68}",1.6500000000000001,467.776,468.87600000000003,inf,575.972,575.972
483,T7,BESTEFFORT,COMPLETED,m6-1,466.061,"{'m1-1': 26.73, 'm2-1': 105.9, 'm3-1': 100.08, 'm4-1': 24.62, 'm5-1': 5.34, 'm6-1': 1.06, 'm7-1': 97.01, 'm8-1': 26.96}",1.59,468.87600000000003,469.93600000000004,inf,576.0609999999999,576.0609999999999
484,T9,BESTEFFORT,COMPLETED,m5-1,466.222,"{'m1-1': 25.62, 'm2-1': 103.71, 'm3-1': 105.92, 'm4-1': 25.14, 'm5-1': 4.73, 'm6-1': 1.06, 'm7-1': 110.4, 'm8-1': 23.96}",7.095000000000001,476.71000000000004,481.44000000000005,inf,576.222,576.222
485,T5,BESTEFFORT,COMPLETED,m5-1,466.331,"{'m1-1': 27.0, 'm2-1': 106.68, 'm3-1': 100.26, 'm4-1': 27.98, 'm5-1': 5.44, 'm6-1': 1.05, 'm7-1': 106.56, 'm8-1': 27.1}",8.16,481.44000000000005,486.88000000000005,inf,576.331,576.331
486,T3,BESTEFFORT,COMPLETED,m6-1,468.665,"{'m1-1': 27.96, 'm2-1': 114.61, 'm3-1': 110.02, 'm4-1': 26.88, 'm5-1': 5.7, 'm6-1': 1.06, 'm7-1': 109.24, 'm8-1': 23.52}",1.59,469.93600000000004,470.99600000000004,inf,578.665,578.665
487,T9,BESTEFFORT,COMPLETED,m6-1,469.904,"{'m1-1': 25.94, 'm2-1': 117.6, 'm3-1': 110.05, 'm4-1': 26.61, 'm5-1': 5.29, 'm6-1': 1.04, 'm7-1': 110.93, 'm8-1': 24.3}",1.56,470.99600000000004,472.03600000000006,inf,579.904,579.904
488,T6,BESTEFFORT,COMPLETED,m6-1,469.953,"{'m1-1': 25.45, 'm2-1': 110.71, 'm3-1': 113.12, 'm4-1': 28.78, 'm5-1': 5.17, 'm6-1': 1.0, 'm7-1': 100.42, 'm8-1': 24.58}",1.5,472.03600000000006,473.03600000000006,inf,579.953,579.953
489,T3,BESTEFFORT,COMPLETED,m6-1,470.76,"{'m1-1': 26.64, 'm2-1': 103.57, 'm3-1': 103.46, 'm4-1': 26.53, 'm5-1': 5.68, 'm6-1': 1.01, 'm7-1': 100.36, 'm8-1': 26.97}",1.5150000000000001,473.03600000000006,474.04600000000005,inf,580.76,580.76
490,T2,BESTEFFORT,COMPLETED,m6-1,472.823,"{'m1-1': 27.46, 'm2-1': 105.49, 'm3-1': 116.66, 'm4-1': 26.22, 'm5-1': 4.87, 'm6-1': 1.1, 'm7-1': 110.45, 'm8-1': 27.02}",1.6500000000000001,474.04600000000005,475.1460000000001,inf,582.823,582.823
491,T3,BESTEFFORT,COMPLETED,m6-1,474.078,"{'m1-1': 29.32, 'm2-1': 111.27, 'm3-1': 102.49, 'm4-1': 27.92, 'm5-1': 5.61, 'm6-1': 0.95, 'm7-1': 103.66, 'm8-1': 27.11}",1.4249999999999998,475.1460000000001,476.09600000000006,inf,584.078,584.078
492,T8,BESTEFFORT,COMPLETED,m6-1,475.878,"{'m1-1': 27.28, 'm2-1': 118.48, 'm3-1': 105.74, 'm4-1': 27.39, 'm5-1': 4.78, 'm6-1': 1.11, 'm7-1': 106.89, 'm8-1': 24.2}",1.665,476.09600000000006,477.2060000000001,inf,585.8779999999999,585.8779999999999
493,T3,BESTEFFORT,COMPLETED,m6-1,477.523,"{'m1-1': 26.47, 'm2-1': 100.23, 'm3-1': 94.97, 'm4-1': 26.53, 'm5-1': 5.49, 'm6-1': 1.0, 'm7-1': 113.92, 'm8-1': 23.47}",1.5,477.523,478.523,inf,587.523,587.523
494,T4,BESTEFFORT,COMPLETED,m6-1,477.878,"{'m1-1': 23.64, 'm2-1': 103.88, 'm3-1': 103.35, 'm4-1': 27.14, 'm5-1': 5.88, 'm6-1': 1.05, 'm7-1': 111.73, 'm8-1': 25.81}",1.5750000000000002,478.523,479.57300000000004,inf,587.8779999999999,587.8779999999999
495,T5,BESTEFFORT,COMPLETED,m6-1,478.286,"{'m1-1': 27.13, 'm2-1': 99.51, 'm3-1': 93.47, 'm4-1': 25.95, 'm5-1': 5.78, 'm6-1': 1.1, 'm7-1': 103.48, 'm8-1': 28.18}",1.6500000000000001,479.57300000000004,480.67300000000006,inf,588.2860000000001,588.2860000000001
496,T8,BESTEFFORT,COMPLETED,m6-1,481.45,"{'m1-1': 23.33, 'm2-1': 109.09, 'm3-1': 95.08, 'm4-1': 23.57, 'm5-1': 5.37, 'm6-1': 1.06, 'm7-1': 105.1, 'm8-1': 25.8}",1.59,481.45,482.51,inf,591.45,591.45
497,T5,BESTEFFORT,COMPLETED,m6-1,481.608,"{'m1-1': 27.91, 'm2-1': 98.13, 'm3-1': 106.4, 'm4-1': 24.02, 'm5-1': 5.6, 'm6-1': 1.07, 'm7-1': 105.5, 'm8-1': 28.1}",1.605,482.51,483.58,inf,591.608,591.608
498,T9,BESTEFFORT,COMPLETED,m6-1,482.92,"{'m1-1': 27.18, 'm2-1': 103.69, 'm3-1': 107.61, 'm4-1': 27.14, 'm5-1': 5.4, 'm6-1': 1.14, 'm7-1': 103.25, 'm8-1': 25.68}",1.71,483.58,484.71999999999997,inf,592.9200000000001,592.9200000000001
499,T4,BESTEFFORT,COMPLETED,m6-1,484.531,"{'m1-1': 24.76, 'm2-1': 105.6, 'm3-1': 102.1, 'm4-1': 25.35, 'm5-1': 5.81, 'm6-1': 1.07, 'm7-1': 100.88, 'm8-1': 25.94}",1.605,484.71999999999997,485.78999999999996,inf,594.531,594.531
500,T3,BESTEFFORT,COMPLETED,m6-1,484.814,"{'m1-1': 28.44, 'm2-1': 100.84, 'm3-1': 106.23, 'm4-1': 28.22, 'm5-1': 5.84, 'm6-1': 1.07, 'm7-1': 102.33, 'm8-1': 23.98}",1.605,485.78999999999996,486.85999999999996,inf,594.8140000000001,594.8140000000001
501,T6,BESTEFFORT,COMPLETED,m6-1,484.99,"{'m1-1': 26.73, 'm2-1': 109.14, 'm3-1': 111.05, 'm4-1': 26.49, 'm5-1': 5.01, 'm6-1': 1.01, 'm7-1': 100.43, 'm8-1': 25.71}",1.5150000000000001,486.85999999999996,487.86999999999995,inf,594.99,594.99
502,T4,BESTEFFORT,COMPLETED,m6-1,486.889,"{'m1-1': 24.14, 'm2-1': 99.54, 'm3-1': 106.47, 'm4-1': 27.25, 'm5-1': 5.74, 'm6-1': 0.95, 'm7-1': 97.92, 'm8-1': 27.02}",1.4249999999999998,487.86999999999995,488.81999999999994,inf,596.889,596.889
503,T10,BESTEFFORT,COMPLETED,m6-1,487.603,"{'m1-1': 27.86, 'm2-1': 101.48, 'm3-1': 93.27, 'm4-1': 27.82, 'm5-1': 4.89, 'm6-1': 1.06, 'm7-1': 107.78, 'm8-1': 27.76}",1.59,488.81999999999994,489.87999999999994,inf,597.6030000000001,597.6030000000001
504,T4,BESTEFFORT,COMPLETED,m6-1,488.338,"{'m1-1': 24.26, 'm2-1': 109.55, 'm3-1': 103.61, 'm4-1': 24.84, 'm5-1': 5.66, 'm6-1': 1.09, 'm7-1': 96.12, 'm8-1': 26.06}",1.6350000000000002,489.87999999999994,490.9699999999999,inf,598.338,598.338
505,T6,BESTEFFORT,COMPLETED,m6-1,488.969,"{'m1-1': 25.54, 'm2-1': 111.51, 'm3-1': 111.34, 'm4-1': 28.63, 'm5-1': 5.76, 'm6-1': 1.04, 'm7-1': 96.41, 'm8-1': 27.13}",1.56,490.9699999999999,492.00999999999993,inf,598.969,598.969
506,T4,BESTEFFORT,COMPLETED,m6-1,489.243,"{'m1-1': 24.89, 'm2-1': 99.28, 'm3-1': 99.21, 'm4-1': 25.58, 'm5-1': 5.07, 'm6-1': 0.98, 'm7-1': 98.29, 'm8-1': 26.54}",1.47,492.00999999999993,492.98999999999995,inf,599.2429999999999,599.2429999999999
507,T3,BESTEFFORT,COMPLETED,m5-1,489.689,"{'m1-1': 28.44, 'm2-1': 108.8, 'm3-1': 99.38, 'm4-1': 25.54, 'm5-1': 5.02, 'm6-1': 0.94, 'm7-1': 110.25, 'm8-1': 26.74}",7.529999999999999,489.689,494.709,inf,599.6890000000001,599.6890000000001
508,T8,BESTEFFORT,COMPLETED,m6-1,490.948,"{'m1-1': 26.41, 'm2-1': 116.56, 'm3-1': 109.42, 'm4-1': 25.21, 'm5-1': 5.01, 'm6-1': 1.1, 'm7-1': 107.43, 'm8-1': 25.22}",1.6500000000000001,492.98999999999995,494.09,inf,600.948,600.948
509,T3,BESTEFFORT,COMPLETED,m6-1,492.328,"{'m1-1': 29.2, 'm2-1': 107.47, 'm3-1': 108.43, 'm4-1': 26.19, 'm5-1': 5.09, 'm6-1': 1.02, 'm7-1': 101.9, 'm8-1': 24.45}",1.53,494.09,495.10999999999996,inf,602.328,602.328
510,T9,BESTEFFORT,COMPLETED,m6-1,493.701,"{'m1-1': 28.7, 'm2-1': 107.36, 'm3-1': 111.84, 'm4-1': 25.91, 'm5-1': 5.4, 'm6-1': 1.08, 'm7-1': 112.47, 'm8-1': 24.41}",1.62,495.10999999999996,496.18999999999994,inf,603.701,603.701
511,T7,BESTEFFORT,COMPLETED,m6-1,494.854,"{'m1-1': 28.73, 'm2-1': 109.42, 'm3-1': 98.25, 'm4-1': 26.63, 'm5-1': 5.3, 'm6-1': 1.13, 'm7-1': 102.55, 'm8-1': 25.9}",1.6949999999999998,496.18999999999994,497.31999999999994,inf,604.854,604.854
512,T8,BESTEFFORT,COMPLETED,m6-1,495.0,"{'m1-1': 27.22, 'm2-1': 102.47, 'm3-1': 98.72, 'm4-1': 25.15, 'm5-1': 5.1, 'm6-1': 1.16, 'm7-1': 111.9, 'm8-1': 25.43}",1.7399999999999998,497.31999999999994,498.47999999999996,inf,605.0,605.0
513,T10,BESTEFFORT,COMPLETED,m6-1,497.114,"{'m1-1': 29.33, 'm2-1': 103.99, 'm3-1': 99.94, 'm4-1': 28.4, 'm5-1': 5.13, 'm6-1': 1.14, 'm7-1': 105.53, 'm8-1': 24.07}",1.71,498.47999999999996,499.61999999999995,inf,607.114,607.114
514,T9,BESTEFFORT,COMPLETED,m6-1,499.093,"{'m1-1': 26.18, 'm2-1': 102.91, 'm3-1': 116.46, 'm4-1': 28.47, 'm5-1': 4.65, 'm6-1': 1.02, 'm7-1': 110.22, 'm8-1': 26.98}",1.53,499.61999999999995,500.63999999999993,inf,609.0930000000001,609.0930000000001
515,T7,BESTEFFORT,COMPLETED,m6-1,499.309,"{'m1-1': 26.02, 'm2-1': 98.09, 'm3-1': 110.13, 'm4-1': 27.89, 'm5-1': 5.06, 'm6-1': 1.0, 'm7-1': 102.94, 'm8-1': 25.75}",1.5,500.63999999999993,501.63999999999993,inf,609.309,609.309
516,T5,BESTEFFORT,COMPLETED,m6-1,499.505,"{'m1-1': 27.16, 'm2-1': 102.96, 'm3-1': 106.0, 'm4-1': 24.95, 'm5-1': 5.43, 'm6-1': 1.09, 'm7-1': 105.3, 'm8-1': 29.4}",1.6350000000000002,501.63999999999993,502.7299999999999,inf,609.505,609.505
517,T2,BESTEFFORT,COMPLETED,m6-1,500.874,"{'m1-1': 29.02, 'm2-1': 108.67, 'm3-1': 107.47, 'm4-1': 27.42, 'm5-1': 5.08, 'm6-1': 1.1, 'm7-1': 103.73, 'm8-1': 26.77}",1.6500000000000001,502.7299999999999,503.8299999999999,inf,610.874,610.874
518,T6,BESTEFFORT,COMPLETED,m6-1,502.618,"{'m1-1': 28.11, 'm2-1': 109.16, 'm3-1': 111.83, 'm4-1': 25.76, 'm5-1': 5.41, 'm6-1': 0.95, 'm7-1': 108.74, 'm8-1': 25.43}",1.4249999999999998,503.8299999999999,504.7799999999999,inf,612.6179999999999,612.6179999999999
519,T4,BESTEFFORT,COMPLETED,m6-1,504.955,"{'m1-1': 26.78, 'm2-1': 110.38, 'm3-1': 96.68, 'm4-1': 23.58, 'm5-1': 5.9, 'm6-1': 0.95, 'm7-1': 111.24, 'm8-1': 27.55}",1.4249999999999998,504.955,505.905,inf,614.9549999999999,614.9549999999999
520,T1,BESTEFFORT,COMPLETED,m6-1,506.684,"{'m1-1': 26.0, 'm2-1': 103.78, 'm3-1': 97.77, 'm4-1': 27.65, 'm5-1': 5.23, 'm6-1': 1.09, 'm7-1': 102.52, 'm8-1': 24.82}",1.6350000000000002,506.684,507.774,inf,616.684,616.684
521,T3,BESTEFFORT,COMPLETED,m6-1,508.739,"{'m1-1': 27.79, 'm2-1': 106.22, 'm3-1': 103.24, 'm4-1': 27.2, 'm5-1': 5.2, 'm6-1': 1.01, 'm7-1': 106.96, 'm8-1': 25.67}",1.5150000000000001,508.739,509.74899999999997,inf,618.739,618.739
522,T7,BESTEFFORT,COMPLETED,m6-1,509.509,"{'m1-1': 25.63, 'm2-1': 106.09, 'm3-1': 110.25, 'm4-1': 25.09, 'm5-1': 5.27, 'm6-1': 1.16, 'm7-1': 106.46, 'm8-1': 25.18}",1.7399999999999998,509.74899999999997,510.909,inf,619.509,619.509
523,T10,BESTEFFORT,COMPLETED,m6-1,511.021,"{'m1-1': 27.84, 'm2-1': 116.19, 'm3-1': 101.31, 'm4-1': 26.63, 'm5-1': 5.66, 'm6-1': 0.99, 'm7-1': 102.4, 'm8-1': 26.44}",1.4849999999999999,511.021,512.011,inf,621.021,621.021
524,T9,BESTEFFORT,COMPLETED,m6-1,512.572,"{'m1-1': 27.97, 'm2-1': 103.1, 'm3-1': 106.32, 'm4-1': 26.54, 'm5-1': 4.66, 'm6-1': 1.13, 'm7-1': 109.42, 'm8-1': 25.17}",1.6949999999999998,512.572,513.702,inf,622.572,622.572
525,T1,BESTEFFORT,COMPLETED,m6-1,513.638,"{'m1-1': 27.32, 'm2-1': 108.44, 'm3-1': 97.71, 'm4-1': 27.5, 'm5-1': 4.81, 'm6-1': 1.0, 'm7-1': 114.36, 'm8-1': 25.5}",1.5,513.702,514.702,inf,623.638,623.638
526,T8,BESTEFFORT,COMPLETED,m6-1,517.482,"{'m1-1': 25.0, 'm2-1': 112.96, 'm3-1': 111.28, 'm4-1': 27.52, 'm5-1': 4.96, 'm6-1': 1.07, 'm7-1': 109.17, 'm8-1': 27.77}",1.605,517.482,518.552,inf,627.482,627.482
527,T4,BESTEFFORT,COMPLETED,m6-1,518.444,"{'m1-1': 25.28, 'm2-1': 110.22, 'm3-1': 92.51, 'm4-1': 24.69, 'm5-1': 5.45, 'm6-1': 1.0, 'm7-1': 107.94, 'm8-1': 25.33}",1.5,518.552,519.552,inf,628.444,628.444
528,T1,BESTEFFORT,COMPLETED,m6-1,518.715,"{'m1-1': 24.1, 'm2-1': 107.52, 'm3-1': 111.2, 'm4-1': 26.15, 'm5-1': 4.76, 'm6-1': 1.04, 'm7-1': 97.92, 'm8-1': 25.95}",1.56,519.552,520.592,inf,628.715,628.715
529,T8,BESTEFFORT,COMPLETED,m6-1,520.094,"{'m1-1': 26.4, 'm2-1': 107.31, 'm3-1': 103.41, 'm4-1': 26.74, 'm5-1': 4.82, 'm6-1': 1.12, 'm7-1': 97.48, 'm8-1': 25.75}",1.6800000000000002,520.592,521.712,inf,630.094,630.094
530,T7,BESTEFFORT,COMPLETED,m6-1,520.685,"{'m1-1': 26.18, 'm2-1': 107.14, 'm3-1': 104.76, 'm4-1': 28.64, 'm5-1': 5.09, 'm6-1': 1.15, 'm7-1': 93.2, 'm8-1': 24.0}",1.7249999999999999,521.712,522.862,inf,630.685,630.685
531,T3,BESTEFFORT,COMPLETED,m6-1,521.038,"{'m1-1': 27.51, 'm2-1': 106.8, 'm3-1': 104.06, 'm4-1': 27.44, 'm5-1': 5.86, 'm6-1': 1.07, 'm7-1': 104.67, 'm8-1': 25.24}",1.605,522.862,523.932,inf,631.038,631.038
532,T2,BESTEFFORT,COMPLETED,m6-1,523.395,"{'m1-1': 28.47, 'm2-1': 107.03, 'm3-1': 110.95, 'm4-1': 29.15, 'm5-1': 5.23, 'm6-1': 1.09, 'm7-1': 98.43, 'm8-1': 28.95}",1.6350000000000002,523.932,525.022,inf,633.395,633.395
533,T6,BESTEFFORT,COMPLETED,m6-1,524.014,"{'m1-1': 27.17, 'm2-1': 115.96, 'm3-1': 108.58, 'm4-1': 25.81, 'm5-1': 5.44, 'm6-1': 1.0, 'm7-1': 107.2, 'm8-1': 26.2}",1.5,525.022,526.022,inf,634.014,634.014
534,T10,BESTEFFORT,COMPLETED,m6-1,524.139,"{'m1-1': 25.23, 'm2-1': 103.39, 'm3-1': 96.42, 'm4-1': 26.44, 'm5-1': 5.5, 'm6-1': 1.06, 'm7-1': 116.12, 'm8-1': 24.62}",1.59,526.022,527.082,inf,634.139,634.139
535,T4,BESTEFFORT,COMPLETED,m6-1,526.309,"{'m1-1': 24.89, 'm2-1': 111.36, 'm3-1': 99.27, 'm4-1': 24.5, 'm5-1': 5.77, 'm6-1': 1.07, 'm7-1': 106.8, 'm8-1': 24.65}",1.605,527.082,528.152,inf,636.309,636.309
536,T5,BESTEFFORT,COMPLETED,m6-1,526.833,"{'m1-1': 25.06, 'm2-1': 95.1, 'm3-1': 98.9, 'm4-1': 26.12, 'm5-1': 5.52, 'm6-1': 1.15, 'm7-1': 101.99, 'm8-1': 28.73}",1.7249999999999999,528.152,529.302,inf,636.833,636.833
537,T7,BESTEFFORT,COMPLETED,m6-1,527.584,"{'m1-1': 25.61, 'm2-1': 108.07, 'm3-1': 94.09, 'm4-1': 25.3, 'm5-1': 5.15, 'm6-1': 1.01, 'm7-1': 99.04, 'm8-1': 24.24}",1.5150000000000001,529.302,530.312,inf,637.584,637.584
538,T9,BESTEFFORT,COMPLETED,m6-1,527.773,"{'m1-1': 28.83, 'm2-1': 100.62, 'm3-1': 115.97, 'm4-1': 26.08, 'm5-1': 5.5, 'm6-1': 1.03, 'm7-1': 100.05, 'm8-1': 25.36}",1.545,530.312,531.342,inf,637.773,637.773
539,T4,BESTEFFORT,COMPLETED,m6-1,528.536,"{'m1-1': 26.42, 'm2-1': 105.44, 'm3-1': 100.25, 'm4-1': 25.06, 'm5-1': 5.31, 'm6-1': 1.06, 'm7-1': 99.28, 'm8-1': 24.89}",1.59,531.342,532.4019999999999,inf,638.536,638.536
540,T5,BESTEFFORT,COMPLETED,m5-1,529.022,"{'m1-1': 26.89, 'm2-1': 108.52, 'm3-1': 97.38, 'm4-1': 25.71, 'm5-1': 5.42, 'm6-1': 1.08, 'm7-1': 99.9, 'm8-1': 24.97}",8.129999999999999,529.022,534.442,inf,639.022,639.022
541,T1,BESTEFFORT,COMPLETED,m6-1,531.731,"{'m1-1': 26.04, 'm2-1': 117.6, 'm3-1': 103.12, 'm4-1': 25.01, 'm5-1': 5.38, 'm6-1': 1.03, 'm7-1': 109.95, 'm8-1': 23.94}",1.545,532.4019999999999,533.4319999999999,inf,641.731,641.731
542,T10,BESTEFFORT,COMPLETED,m6-1,531.816,"{'m1-1': 26.33, 'm2-1': 103.46, 'm3-1': 106.91, 'm4-1': 26.2, 'm5-1': 5.74, 'm6-1': 1.13, 'm7-1': 100.98, 'm8-1': 27.14}",1.6949999999999998,533.4319999999999,534.5619999999999,inf,641.816,641.816
543,T2,BESTEFFORT,COMPLETED,m6-1,532.506,"{'m1-1': 25.66, 'm2-1': 116.17, 'm3-1': 112.19, 'm4-1': 28.54, 'm5-1': 4.93, 'm6-1': 1.04, 'm7-1': 109.85, 'm8-1': 26.6}",1.56,534.5619999999999,535.6019999999999,inf,642.506,642.506
544,T6,BESTEFFORT,COMPLETED,m6-1,534.093,"{'m1-1': 27.27, 'm2-1': 103.58, 'm3-1': 102.01, 'm4-1': 24.4, 'm5-1': 5.67, 'm6-1': 1.02, 'm7-1': 97.45, 'm8-1': 25.5}",1.53,535.6019999999999,536.6219999999998,inf,644.093,644.093
545,T5,BESTEFFORT,COMPLETED,m6-1,534.695,"{'m1-1': 28.38, 'm2-1': 94.95, 'm3-1': 100.9, 'm4-1': 27.29, 'm5-1': 5.92, 'm6-1': 1.19, 'm7-1': 95.48, 'm8-1': 25.19}",1.785,536.6219999999998,537.8119999999999,inf,644.695,644.695
546,T10,BESTEFFORT,COMPLETED,m6-1,535.297,"{'m1-1': 27.27, 'm2-1': 113.35, 'm3-1': 103.96, 'm4-1': 25.53, 'm5-1': 5.1, 'm6-1': 1.14, 'm7-1': 102.92, 'm8-1': 27.47}",1.71,537.8119999999999,538.9519999999999,inf,645.297,645.297
547,T9,BESTEFFORT,COMPLETED,m5-1,535.346,"{'m1-1': 28.26, 'm2-1': 108.49, 'm3-1': 103.46, 'm4-1': 26.04, 'm5-1': 5.35, 'm6-1': 1.13, 'm7-1': 102.52, 'm8-1': 26.58}",8.024999999999999,535.346,540.696,inf,645.346,645.346
548,T8,BESTEFFORT,COMPLETED,m6-1,536.813,"{'m1-1': 25.8, 'm2-1': 107.19, 'm3-1': 111.02, 'm4-1': 25.62, 'm5-1': 5.07, 'm6-1': 1.03, 'm7-1': 101.21, 'm8-1': 24.82}",1.545,538.9519999999999,539.9819999999999,inf,646.813,646.813
549,T3,BESTEFFORT,COMPLETED,m6-1,539.991,"{'m1-1': 27.19, 'm2-1': 115.96, 'm3-1': 109.94, 'm4-1': 24.9, 'm5-1': 5.01, 'm6-1': 0.94, 'm7-1': 102.01, 'm8-1': 24.36}",1.41,539.991,540.931,inf,649.991,649.991
550,T8,BESTEFFORT,COMPLETED,m6-1,540.356,"{'m1-1': 25.57, 'm2-1': 109.18, 'm3-1': 107.6, 'm4-1': 24.03, 'm5-1': 5.37, 'm6-1': 1.0, 'm7-1': 97.88, 'm8-1': 24.01}",1.5,540.931,541.931,inf,650.356,650.356
551,T4,BESTEFFORT,COMPLETED,m6-1,541.18,"{'m1-1': 24.74, 'm2-1': 104.56, 'm3-1': 104.8, 'm4-1': 27.38, 'm5-1': 5.66, 'm6-1': 0.94, 'm7-1': 111.06, 'm8-1': 25.88}",1.41,541.931,542.8710000000001,inf,651.18,651.18
552,T4,BESTEFFORT,COMPLETED,m6-1,541.479,"{'m1-1': 23.69, 'm2-1': 106.46, 'm3-1': 98.86, 'm4-1': 27.37, 'm5-1': 5.13, 'm6-1': 0.95, 'm7-1': 105.64, 'm8-1': 27.34}",1.4249999999999998,542.8710000000001,543.8210000000001,inf,651.479,651.479
553,T8,BESTEFFORT,COMPLETED,m6-1,543.915,"{'m1-1': 23.79, 'm2-1': 110.24, 'm3-1': 110.16, 'm4-1': 27.86, 'm5-1': 5.4, 'm6-1': 1.09, 'm7-1': 96.82, 'm8-1': 23.83}",1.6350000000000002,543.915,545.005,inf,653.915,653.915
554,T7,BESTEFFORT,COMPLETED,m6-1,544.45,"{'m1-1': 28.83, 'm2-1': 103.28, 'm3-1': 94.01, 'm4-1': 26.87, 'm5-1': 5.18, 'm6-1': 1.16, 'm7-1': 99.7, 'm8-1': 25.74}",1.7399999999999998,545.005,546.165,inf,654.45,654.45
555,T3,BESTEFFORT,COMPLETED,m6-1,544.514,"{'m1-1': 25.71, 'm2-1': 110.27, 'm3-1': 97.5, 'm4-1': 27.96, 'm5-1': 5.85, 'm6-1': 0.96, 'm7-1': 107.65, 'm8-1': 26.48}",1.44,546.165,547.125,inf,654.514,654.514
556,T4,BESTEFFORT,COMPLETED,m6-1,544.571,"{'m1-1': 27.17, 'm2-1': 112.03, 'm3-1': 108.08, 'm4-1': 23.36, 'm5-1': 5.53, 'm6-1': 1.02, 'm7-1': 109.39, 'm8-1': 25.53}",1.53,547.125,548.145,inf,654.571,654.571
557,T6,BESTEFFORT,COMPLETED,m5-1,544.572,"{'m1-1': 25.9, 'm2-1': 112.19, 'm3-1': 102.74, 'm4-1': 27.2, 'm5-1': 5.55, 'm6-1': 1.03, 'm7-1': 106.64, 'm8-1': 23.87}",8.325,544.572,550.122,inf,654.572,654.572
558,T7,BESTEFFORT,COMPLETED,m6-1,545.581,"{'m1-1': 25.79, 'm2-1': 104.13, 'm3-1': 106.63, 'm4-1': 28.47, 'm5-1': 5.06, 'm6-1': 1.15, 'm7-1': 104.38, 'm8-1': 24.78}",1.7249999999999999,548.145,549.295,inf,655.581,655.581
559,T8,BESTEFFORT,COMPLETED,m6-1,546.887,"{'m1-1': 25.3, 'm2-1': 112.42, 'm3-1': 110.96, 'm4-1': 26.12, 'm5-1': 5.01, 'm6-1': 0.98, 'm7-1': 94.41, 'm8-1': 27.58}",1.47,549.295,550.275,inf,656.887,656.887
560,T8,BESTEFFORT,COMPLETED,m6-1,547.468,"{'m1-1': 24.6, 'm2-1': 110.62, 'm3-1': 103.91, 'm4-1': 24.8, 'm5-1': 5.51, 'm6-1': 1.11, 'm7-1': 109.02, 'm8-1': 24.87}",1.665,550.275,551.385,inf,657.468,657.468
561,T8,BESTEFFORT,COMPLETED,m6-1,548.181,"{'m1-1': 24.62, 'm2-1': 109.41, 'm3-1': 100.58, 'm4-1': 26.49, 'm5-1': 5.59, 'm6-1': 1.02, 'm7-1': 111.74, 'm8-1': 26.42}",1.53,551.385,552.405,inf,658.181,658.181
562,T3,BESTEFFORT,COMPLETED,m5-1,548.604,"{'m1-1': 26.93, 'm2-1': 111.13, 'm3-1': 95.68, 'm4-1': 29.14, 'm5-1': 5.87, 'm6-1': 1.04, 'm7-1': 113.74, 'm8-1': 25.9}",8.805,550.122,555.992,inf,658.604,658.604
563,T6,BESTEFFORT,COMPLETED,m6-1,550.093,"{'m1-1': 28.27, 'm2-1': 118.1, 'm3-1': 111.34, 'm4-1': 27.94, 'm5-1': 5.35, 'm6-1': 0.94, 'm7-1': 100.51, 'm8-1': 25.13}",1.41,552.405,553.345,inf,660.093,660.093
564,T7,BESTEFFORT,COMPLETED,m6-1,550.839,"{'m1-1': 25.77, 'm2-1': 96.33, 'm3-1': 102.68, 'm4-1': 25.83, 'm5-1': 5.41, 'm6-1': 1.02, 'm7-1': 105.79, 'm8-1': 24.04}",1.53,553.345,554.365,inf,660.839,660.839
565,T6,BESTEFFORT,COMPLETED,m5-1,550.937,"{'m1-1': 26.93, 'm2-1': 100.72, 'm3-1': 109.49, 'm4-1': 28.27, 'm5-1': 5.37, 'm6-1': 1.05, 'm7-1': 106.97, 'm8-1': 24.1}",8.055,555.992,561.362,inf,660.937,660.937
566,T1,BESTEFFORT,COMPLETED,m6-1,551.633,"{'m1-1': 26.04, 'm2-1': 103.56, 'm3-1': 107.35, 'm4-1': 25.24, 'm5-1': 5.29, 'm6-1': 1.0, 'm7-1': 101.53, 'm8-1': 27.74}",1.5,554.365,555.365,inf,661.633,661.633
567,T1,BESTEFFORT,COMPLETED,m5-1,551.898,"{'m1-1': 27.34, 'm2-1': 104.04, 'm3-1': 112.42, 'm4-1': 24.35, 'm5-1': 5.26, 'm6-1': 0.94, 'm7-1': 103.38, 'm8-1': 27.04}",7.89,561.362,566.622,inf,661.898,661.898
568,T5,BESTEFFORT,COMPLETED,m5-1,552.197,"{'m1-1': 25.11, 'm2-1': 96.7, 'm3-1': 96.2, 'm4-1': 24.11, 'm5-1': 5.38, 'm6-1': 1.1, 'm7-1': 109.21, 'm8-1': 24.91}",8.07,566.622,572.002,inf,662.197,662.197
569,T5,BESTEFFORT,COMPLETED,m6-1,554.407,"{'m1-1': 27.49, 'm2-1': 102.99, 'm3-1': 92.78, 'm4-1': 25.05, 'm5-1': 5.19, 'm6-1': 1.18, 'm7-1': 101.36, 'm8-1': 27.24}",1.77,555.365,556.545,inf,664.407,664.407
570,T1,BESTEFFORT,COMPLETED,m6-1,555.323,"{'m1-1': 28.38, 'm2-1': 111.4, 'm3-1': 100.93, 'm4-1': 27.62, 'm5-1': 4.67, 'm6-1': 0.99, 'm7-1': 104.23, 'm8-1': 25.34}",1.4849999999999999,556.545,557.535,inf,665.323,665.323
571,T8,BESTEFFORT,COMPLETED,m6-1,555.56,"{'m1-1': 23.82, 'm2-1': 101.07, 'm3-1': 95.03, 'm4-1': 24.83, 'm5-1': 5.07, 'm6-1': 1.13, 'm7-1': 100.04, 'm8-1': 27.34}",1.6949999999999998,557.535,558.665,inf,665.56,665.56
572,T6,BESTEFFORT,COMPLETED,m6-1,556.643,"{'m1-1': 28.49, 'm2-1': 103.08, 'm3-1': 103.14, 'm4-1': 28.97, 'm5-1': 5.89, 'm6-1': 1.01, 'm7-1': 97.83, 'm8-1': 23.65}",1.5150000000000001,558.665,559.675,inf,666.643,666.643
573,T9,BESTEFFORT,COMPLETED,m6-1,557.145,"{'m1-1': 24.9, 'm2-1': 103.52, 'm3-1': 104.1, 'm4-1': 25.75, 'm5-1': 5.25, 'm6-1': 1.08, 'm7-1': 98.71, 'm8-1': 25.62}",1.62,559.675,560.755,inf,667.145,667.145
574,T10,BESTEFFORT,COMPLETED,m5-1,557.296,"{'m1-1': 29.19, 'm2-1': 108.74, 'm3-1': 91.81, 'm4-1': 25.02, 'm5-1': 5.58, 'm6-1': 1.08, 'm7-1': 107.52, 'm8-1': 24.94}",8.370000000000001,572.002,577.582,inf,667.296,667.296
575,T2,BESTEFFORT,COMPLETED,m6-1,558.0,"{'m1-1': 28.47, 'm2-1': 101.43, 'm3-1': 107.1, 'm4-1': 28.39, 'm5-1': 4.72, 'm6-1': 1.07, 'm7-1': 106.36, 'm8-1': 26.54}",1.605,560.755,561.825,inf,668.0,668.0
576,T2,BESTEFFORT,COMPLETED,m6-1,558.927,"{'m1-1': 27.09, 'm2-1': 106.35, 'm3-1': 106.13, 'm4-1': 27.87, 'm5-1': 5.19, 'm6-1': 1.04, 'm7-1': 102.61, 'm8-1': 26.67}",1.56,561.825,562.865,inf,668.927,668.927
577,T2,BESTEFFORT,COMPLETED,m6-1,561.108,"{'m1-1': 25.68, 'm2-1': 117.28, 'm3-1': 101.6, 'm4-1': 29.6, 'm5-1': 5.37, 'm6-1': 1.0, 'm7-1': 110.45, 'm8-1': 28.8}",1.5,562.865,563.865,inf,671.108,671.108
578,T2,BESTEFFORT,COMPLETED,m6-1,561.571,"{'m1-1': 27.01, 'm2-1': 114.84, 'm3-1': 105.4, 'm4-1': 25.17, 'm5-1': 5.45, 'm6-1': 1.04, 'm7-1': 93.98, 'm8-1': 26.08}",1.56,563.865,564.905,inf,671.571,671.571
579,T8,BESTEFFORT,COMPLETED,m6-1,561.858,"{'m1-1': 25.48, 'm2-1': 110.96, 'm3-1': 101.15, 'm4-1': 27.58, 'm5-1': 5.13, 'm6-1': 1.14, 'm7-1': 110.75, 'm8-1': 26.61}",1.71,564.905,566.045,inf,671.858,671.858
580,T6,BESTEFFORT,COMPLETED,m5-1,561.928,"{'m1-1': 25.02, 'm2-1': 112.46, 'm3-1': 96.52, 'm4-1': 26.47, 'm5-1': 5.46, 'm6-1': 1.01, 'm7-1': 109.51, 'm8-1': 27.33}",8.19,577.582,583.042,inf,671.928,671.928
581,T9,BESTEFFORT,COMPLETED,m8-1,562.027,"{'m1-1': 27.66, 'm2-1': 109.8, 'm3-1': 104.18, 'm4-1': 25.9, 'm5-1': 5.13, 'm6-1': 1.08, 'm7-1': 110.31, 'm8-1': 25.31}",37.964999999999996,562.027,587.337,inf,672.027,672.027
582,T6,BESTEFFORT,COMPLETED,m6-1,563.224,"{'m1-1': 27.2, 'm2-1': 114.61, 'm3-1': 105.27, 'm4-1': 24.62, 'm5-1': 5.64, 'm6-1': 1.02, 'm7-1': 94.67, 'm8-1': 23.74}",1.53,566.045,567.0649999999999,inf,673.224,673.224
583,T4,BESTEFFORT,COMPLETED,m6-1,564.537,"{'m1-1': 24.89, 'm2-1': 100.0, 'm3-1': 108.44, 'm4-1': 24.74, 'm5-1': 5.24, 'm6-1': 1.08, 'm7-1': 108.43, 'm8-1': 23.6}",1.62,567.0649999999999,568.145,inf,674.537,674.537
584,T2,BESTEFFORT,COMPLETED,m6-1,565.506,"{'m1-1': 28.36, 'm2-1': 104.82, 'm3-1': 103.12, 'm4-1': 28.43, 'm5-1': 4.79, 'm6-1': 1.18, 'm7-1': 106.85, 'm8-1': 26.68}",1.77,568.145,569.3249999999999,inf,675.506,675.506
585,T2,BESTEFFORT,COMPLETED,m6-1,570.427,"{'m1-1': 27.25, 'm2-1': 104.84, 'm3-1': 112.64, 'm4-1': 27.82, 'm5-1': 5.45, 'm6-1': 1.0, 'm7-1': 94.51, 'm8-1': 26.58}",1.5,570.427,571.427,inf,680.427,680.427
586,T1,BESTEFFORT,COMPLETED,m6-1,570.885,"{'m1-1': 27.54, 'm2-1': 116.01, 'm3-1': 111.25, 'm4-1': 24.01, 'm5-1': 5.19, 'm6-1': 0.96, 'm7-1': 105.31, 'm8-1': 28.11}",1.44,571.427,572.3870000000001,inf,680.885,680.885
587,T5,BESTEFFORT,COMPLETED,m6-1,571.367,"{'m1-1': 25.8, 'm2-1': 97.24, 'm3-1': 100.91, 'm4-1': 25.58, 'm5-1': 5.36, 'm6-1': 1.18, 'm7-1': 99.9, 'm8-1': 27.47}",1.77,572.3870000000001,573.567,inf,681.367,681.367
588,T7,BESTEFFORT,COMPLETED,m6-1,572.033,"{'m1-1': 25.18, 'm2-1': 98.16, 'm3-1': 94.5, 'm4-1': 26.83, 'm5-1': 5.05, 'm6-1': 1.02, 'm7-1': 95.1, 'm8-1': 27.48}",1.53,573.567,574.587,inf,682.033,682.033
589,T5,BESTEFFORT,COMPLETED,m6-1,572.222,"{'m1-1': 27.33, 'm2-1': 96.71, 'm3-1': 108.74, 'm4-1': 27.01, 'm5-1': 5.32, 'm6-1': 1.16, 'm7-1': 95.68, 'm8-1': 26.6}",1.7399999999999998,574.587,575.747,inf,682.222,682.222
590,T2,BESTEFFORT,COMPLETED,m6-1,573.593,"{'m1-1': 25.9, 'm2-1': 104.97, 'm3-1': 114.58, 'm4-1': 25.22, 'm5-1': 5.3, 'm6-1': 1.01, 'm7-1': 99.25, 'm8-1': 25.92}",1.5150000000000001,575.747,576.757,inf,683.593,683.593
591,T9,BESTEFFORT,COMPLETED,m6-1,574.226,"{'m1-1': 25.12, 'm2-1': 111.29, 'm3-1': 102.76, 'm4-1': 25.84, 'm5-1': 4.74, 'm6-1': 0.97, 'm7-1': 102.51, 'm8-1': 25.1}",1.455,576.757,577.727,inf,684.226,684.226
592,T3,BESTEFFORT,COMPLETED,m6-1,575.184,"{'m1-1': 26.93, 'm2-1': 108.1, 'm3-1': 94.77, 'm4-1': 25.78, 'm5-1': 5.78, 'm6-1': 0.97, 'm7-1': 113.75, 'm8-1': 23.2}",1.455,577.727,578.697,inf,685.184,685.184
593,T1,BESTEFFORT,COMPLETED,m6-1,576.994,"{'m1-1': 24.25, 'm2-1': 116.31, 'm3-1': 99.76, 'm4-1': 26.87, 'm5-1': 5.47, 'm6-1': 1.0, 'm7-1': 104.64, 'm8-1': 27.83}",1.5,578.697,579.697,inf,686.994,686.994
594,T1,BESTEFFORT,COMPLETED,m6-1,577.063,"{'m1-1': 27.46, 'm2-1': 105.22, 'm3-1': 114.02, 'm4-1': 27.03, 'm5-1': 4.88, 'm6-1': 0.94, 'm7-1': 98.35, 'm8-1': 25.9}",1.41,579.697,580.6370000000001,inf,687.063,687.063
595,T5,BESTEFFORT,COMPLETED,m5-1,577.36,"{'m1-1': 25.26, 'm2-1': 92.8, 'm3-1': 103.82, 'm4-1': 26.94, 'm5-1': 5.19, 'm6-1': 1.18, 'm7-1': 95.72, 'm8-1': 26.67}",7.785,583.042,588.2320000000001,inf,687.36,687.36
596,T8,BESTEFFORT,COMPLETED,m6-1,578.35,"{'m1-1': 24.32, 'm2-1': 108.77, 'm3-1': 97.88, 'm4-1': 26.75, 'm5-1': 5.48, 'm6-1': 1.06, 'm7-1': 109.34, 'm8-1': 23.71}",1.59,580.6370000000001,581.697,inf,688.35,688.35
597,T10,BESTEFFORT,COMPLETED,m6-1,579.524,"{'m1-1': 29.57, 'm2-1': 107.01, 'm3-1': 108.06, 'm4-1': 25.52, 'm5-1': 5.09, 'm6-1': 1.08, 'm7-1': 106.41, 'm8-1': 24.52}",1.62,581.697,582.777,inf,689.524,689.524
598,T4,BESTEFFORT,COMPLETED,m6-1,581.445,"{'m1-1': 27.11, 'm2-1': 105.27, 'm3-1': 94.34, 'm4-1': 24.74, 'm5-1': 5.89, 'm6-1': 1.03, 'm7-1': 108.38, 'm8-1': 26.93}",1.545,582.777,583.807,inf,691.445,691.445
599,T1,BESTEFFORT,COMPLETED,m6-1,582.499,"{'m1-1': 28.56, 'm2-1': 101.78, 'm3-1': 99.76, 'm4-1': 24.22, 'm5-1': 5.05, 'm6-1': 0.98, 'm7-1': 110.82, 'm8-1': 24.04}",1.47,583.807,584.787,inf,692.499,692.499
600,T8,BESTEFFORT,COMPLETED,m6-1,582.76,"{'m1-1': 26.28, 'm2-1': 111.57, 'm3-1': 109.65, 'm4-1': 24.44, 'm5-1': 4.97, 'm6-1': 1.13, 'm7-1': 108.68, 'm8-1': 27.46}",1.6949999999999998,584.787,585.917,inf,692.76,692.76
601,T4,BESTEFFORT,COMPLETED,m6-1,585.8,"{'m1-1': 25.1, 'm2-1': 106.59, 'm3-1': 108.48, 'm4-1': 25.59, 'm5-1': 5.09, 'm6-1': 0.95, 'm7-1': 96.84, 'm8-1': 25.02}",1.4249999999999998,585.917,586.8670000000001,inf,695.8,695.8
602,T9,BESTEFFORT,COMPLETED,m6-1,586.191,"{'m1-1': 28.74, 'm2-1': 100.51, 'm3-1': 104.56, 'm4-1': 28.93, 'm5-1': 4.94, 'm6-1': 1.04, 'm7-1': 107.74, 'm8-1': 26.03}",1.56,586.8670000000001,587.907,inf,696.191,696.191
603,T1,BESTEFFORT,COMPLETED,m6-1,586.514,"{'m1-1': 25.13, 'm2-1': 114.1, 'm3-1': 97.77, 'm4-1': 23.98, 'm5-1': 5.23, 'm6-1': 0.97, 'm7-1': 113.81, 'm8-1': 25.38}",1.455,587.907,588.8770000000001,inf,696.514,696.514
604,T10,BESTEFFORT,COMPLETED,m6-1,586.871,"{'m1-1': 29.0, 'm2-1': 114.58, 'm3-1': 92.76, 'm4-1': 25.75, 'm5-1': 5.19, 'm6-1': 1.06, 'm7-1': 112.3, 'm8-1': 24.44}",1.59,588.8770000000001,589.937,inf,696.871,696.871
605,T9,BESTEFFORT,COMPLETED,m6-1,587.616,"{'m1-1': 26.12, 'm2-1': 99.02, 'm3-1': 115.03, 'm4-1': 26.78, 'm5-1': 4.93, 'm6-1': 1.03, 'm7-1': 108.29, 'm8-1': 24.25}",1.545,589.937,590.967,inf,697.616,697.616
606,T6,BESTEFFORT,COMPLETED,m6-1,589.313,"{'m1-1': 25.75, 'm2-1': 102.16, 'm3-1': 100.2, 'm4-1': 28.95, 'm5-1': 5.22, 'm6-1': 0.92, 'm7-1': 110.72, 'm8-1': 23.82}",1.3800000000000001,590.967,591.887,inf,699.313,699.313
607,T8,BESTEFFORT,COMPLETED,m6-1,589.512,"{'m1-1': 24.15, 'm2-1': 107.76, 'm3-1': 105.55, 'm4-1': 27.56, 'm5-1': 4.8, 'm6-1': 1.16, 'm7-1': 104.41, 'm8-1': 27.13}",1.7399999999999998,591.887,593.0469999999999,inf,699.512,699.512
608,T3,BESTEFFORT,COMPLETED,m6-1,590.056,"{'m1-1': 25.92, 'm2-1': 113.68, 'm3-1': 98.29, 'm4-1': 26.42, 'm5-1': 5.19, 'm6-1': 1.06, 'm7-1': 105.93, 'm8-1': 24.3}",1.59,593.0469999999999,594.1069999999999,inf,700.056,700.056
609,T9,BESTEFFORT,COMPLETED,m5-1,590.666,"{'m1-1': 27.47, 'm2-1': 106.02, 'm3-1': 101.68, 'm4-1': 28.25, 'm5-1': 4.81, 'm6-1': 1.14, 'm7-1': 108.98, 'm8-1': 27.1}",7.215,590.666,595.476,inf,700.666,700.666
610,T2,BESTEFFORT,COMPLETED,m6-1,591.239,"{'m1-1': 26.48, 'm2-1': 113.5, 'm3-1': 106.1, 'm4-1': 29.77, 'm5-1': 4.62, 'm6-1': 1.1, 'm7-1': 107.69, 'm8-1': 25.53}",1.6500000000000001,594.1069999999999,595.2069999999999,inf,701.239,701.239
611,T2,BESTEFFORT,COMPLETED,m6-1,595.651,"{'m1-1': 29.21, 'm2-1': 112.25, 'm3-1': 102.98, 'm4-1': 26.52, 'm5-1': 5.17, 'm6-1': 1.06, 'm7-1': 96.1, 'm8-1': 28.75}",1.59,595.651,596.7109999999999,inf,705.651,705.651
612,T10,BESTEFFORT,COMPLETED,m6-1,595.771,"{'m1-1': 28.0, 'm2-1': 101.48, 'm3-1': 108.26, 'm4-1': 27.32, 'm5-1': 5.12, 'm6-1': 1.02, 'm7-1': 115.81, 'm8-1': 25.7}",1.53,596.7109999999999,597.7309999999999,inf,705.771,705.771
613,T1,BESTEFFORT,COMPLETED,m6-1,595.781,"{'m1-1': 26.78, 'm2-1': 108.07, 'm3-1': 105.15, 'm4-1': 25.48, 'm5-1': 5.34, 'm6-1': 1.06, 'm7-1': 99.14, 'm8-1': 27.85}",1.59,597.7309999999999,598.7909999999998,inf,705.781,705.781
614,T2,BESTEFFORT,COMPLETED,m6-1,598.949,"{'m1-1': 25.06, 'm2-1': 110.05, 'm3-1': 116.1, 'm4-1': 25.27, 'm5-1': 5.19, 'm6-1': 1.06, 'm7-1': 99.02, 'm8-1': 27.85}",1.59,598.949,600.0089999999999,inf,708.949,708.949
615,T3,BESTEFFORT,COMPLETED,m6-1,598.992,"{'m1-1': 26.34, 'm2-1': 114.35, 'm3-1': 94.85, 'm4-1': 28.15, 'm5-1': 5.42, 'm6-1': 1.04, 'm7-1': 102.7, 'm8-1': 26.96}",1.56,600.0089999999999,601.0489999999999,inf,708.992,708.992
616,T1,BESTEFFORT,COMPLETED,m6-1,599.706,"{'m1-1': 25.94, 'm2-1': 108.95, 'm3-1': 104.1, 'm4-1': 27.48, 'm5-1': 5.17, 'm6-1': 1.08, 'm7-1': 113.37, 'm8-1': 23.71}",1.62,601.0489999999999,602.1289999999999,inf,709.706,709.706
617,T8,BESTEFFORT,COMPLETED,m6-1,600.064,"{'m1-1': 25.23, 'm2-1': 100.35, 'm3-1': 97.17, 'm4-1': 25.45, 'm5-1': 4.9, 'm6-1': 1.14, 'm7-1': 102.21, 'm8-1': 25.27}",1.71,602.1289999999999,603.2689999999999,inf,710.064,710.064
618,T4,BESTEFFORT,COMPLETED,m6-1,600.83,"{'m1-1': 26.98, 'm2-1': 96.96, 'm3-1': 98.8, 'm4-1': 24.04, 'm5-1': 5.39, 'm6-1': 1.04, 'm7-1': 96.92, 'm8-1': 27.52}",1.56,603.2689999999999,604.3089999999999,inf,710.83,710.83
619,T2,BESTEFFORT,COMPLETED,m6-1,606.773,"{'m1-1': 25.8, 'm2-1': 102.25, 'm3-1': 116.37, 'm4-1': 25.38, 'm5-1': 5.17, 'm6-1': 1.1, 'm7-1': 96.21, 'm8-1': 26.5}",1.6500000000000001,606.773,607.873,inf,716.773,716.773
620,T2,BESTEFFORT,COMPLETED,m6-1,608.292,"{'m1-1': 28.16, 'm2-1': 102.88, 'm3-1': 109.2, 'm4-1': 29.37, 'm5-1': 4.95, 'm6-1': 1.11, 'm7-1': 106.15, 'm8-1': 25.69}",1.665,608.292,609.402,inf,718.292,718.292
621,T6,BESTEFFORT,COMPLETED,m6-1,613.02,"{'m1-1': 28.99, 'm2-1': 112.66, 'm3-1': 113.01, 'm4-1': 25.83, 'm5-1': 5.86, 'm6-1': 0.92, 'm7-1': 106.85, 'm8-1': 26.77}",1.3800000000000001,613.02,613.9399999999999,inf,723.02,723.02
622,T5,BESTEFFORT,COMPLETED,m6-1,613.703,"{'m1-1': 24.37, 'm2-1': 103.79, 'm3-1': 102.79, 'm4-1': 25.24, 'm5-1': 5.46, 'm6-1': 1.1, 'm7-1': 97.8, 'm8-1': 25.17}",1.6500000000000001,613.9399999999999,615.04,inf,723.703,723.703
623,T9,BESTEFFORT,COMPLETED,m6-1,616.97,"{'m1-1': 25.9, 'm2-1': 110.99, 'm3-1': 100.51, 'm4-1': 28.68, 'm5-1': 5.25, 'm6-1': 1.06, 'm7-1': 104.93, 'm8-1': 25.72}",1.59,616.97,618.03,inf,726.97,726.97
624,T4,BESTEFFORT,COMPLETED,m6-1,618.318,"{'m1-1': 25.41, 'm2-1': 96.18, 'm3-1': 100.39, 'm4-1': 23.28, 'm5-1': 5.33, 'm6-1': 0.94, 'm7-1': 108.99, 'm8-1': 23.62}",1.41,618.318,619.258,inf,728.318,728.318
625,T9,BESTEFFORT,COMPLETED,m6-1,620.651,"{'m1-1': 26.01, 'm2-1': 110.4, 'm3-1': 104.14, 'm4-1': 24.58, 'm5-1': 4.78, 'm6-1': 1.15, 'm7-1': 106.18, 'm8-1': 25.79}",1.7249999999999999,620.651,621.8009999999999,inf,730.651,730.651
626,T3,BESTEFFORT,COMPLETED,m6-1,620.852,"{'m1-1': 27.34, 'm2-1': 105.13, 'm3-1': 106.36, 'm4-1': 26.48, 'm5-1': 5.66, 'm6-1': 1.08, 'm7-1': 100.65, 'm8-1': 24.46}",1.62,621.8009999999999,622.881,inf,730.852,730.852
627,T8,BESTEFFORT,COMPLETED,m6-1,621.123,"{'m1-1': 26.27, 'm2-1': 112.82, 'm3-1': 97.67, 'm4-1': 25.46, 'm5-1': 4.94, 'm6-1': 1.04, 'm7-1': 111.48, 'm8-1': 27.46}",1.56,622.881,623.9209999999999,inf,731.123,731.123
628,T9,BESTEFFORT,COMPLETED,m6-1,623.037,"{'m1-1': 25.11, 'm2-1': 115.41, 'm3-1': 103.38, 'm4-1': 27.41, 'm5-1': 5.28, 'm6-1': 1.11, 'm7-1': 94.87, 'm8-1': 26.04}",1.665,623.9209999999999,625.031,inf,733.037,733.037
629,T6,BESTEFFORT,COMPLETED,m6-1,624.286,"{'m1-1': 27.12, 'm2-1': 107.08, 'm3-1': 102.17, 'm4-1': 24.98, 'm5-1': 5.6, 'm6-1': 1.05, 'm7-1': 94.99, 'm8-1': 24.56}",1.5750000000000002,625.031,626.0809999999999,inf,734.286,734.286
630,T7,BESTEFFORT,COMPLETED,m6-1,624.48,"{'m1-1': 28.22, 'm2-1': 106.18, 'm3-1': 102.97, 'm4-1': 26.41, 'm5-1': 4.78, 'm6-1': 1.1, 'm7-1': 102.24, 'm8-1': 24.04}",1.6500000000000001,626.0809999999999,627.1809999999999,inf,734.48,734.48
631,T2,BESTEFFORT,COMPLETED,m6-1,624.497,"{'m1-1': 25.5, 'm2-1': 109.39, 'm3-1': 109.14, 'm4-1': 27.05, 'm5-1': 5.08, 'm6-1': 1.0, 'm7-1': 107.34, 'm8-1': 26.36}",1.5,627.1809999999999,628.1809999999999,inf,734.497,734.497
632,T2,BESTEFFORT,COMPLETED,m6-1,625.272,"{'m1-1': 26.03, 'm2-1': 109.19, 'm3-1': 101.41, 'm4-1': 28.05, 'm5-1': 5.27, 'm6-1': 1.15, 'm7-1': 108.9, 'm8-1': 25.33}",1.7249999999999999,628.1809999999999,629.3309999999999,inf,735.272,735.272
633,T4,BESTEFFORT,COMPLETED,m6-1,627.315,"{'m1-1': 25.42, 'm2-1': 96.96, 'm3-1': 105.7, 'm4-1': 26.93, 'm5-1': 5.23, 'm6-1': 1.0, 'm7-1': 101.41, 'm8-1': 23.56}",1.5,629.3309999999999,630.3309999999999,inf,737.315,737.315
634,T10,BESTEFFORT,COMPLETED,m6-1,629.627,"{'m1-1': 27.74, 'm2-1': 105.8, 'm3-1': 95.63, 'm4-1': 24.73, 'm5-1': 5.01, 'm6-1': 0.99, 'm7-1': 110.36, 'm8-1': 25.58}",1.4849999999999999,630.3309999999999,631.3209999999999,inf,739.627,739.627
635,T3,BESTEFFORT,COMPLETED,m6-1,632.238,"{'m1-1': 27.71, 'm2-1': 116.02, 'm3-1': 98.11, 'm4-1': 24.73, 'm5-1': 5.84, 'm6-1': 0.97, 'm7-1': 101.51, 'm8-1': 23.18}",1.455,632.238,633.2080000000001,inf,742.238,742.238
636,T3,BESTEFFORT,COMPLETED,m6-1,632.418,"{'m1-1': 27.05, 'm2-1': 107.0, 'm3-1': 108.25, 'm4-1': 27.38, 'm5-1': 5.64, 'm6-1': 1.0, 'm7-1': 97.64, 'm8-1': 24.79}",1.5,633.2080000000001,634.2080000000001,inf,742.418,742.418
637,T5,BESTEFFORT,COMPLETED,m6-1,634.916,"{'m1-1': 27.17, 'm2-1': 103.11, 'm3-1': 94.86, 'm4-1': 26.24, 'm5-1': 5.42, 'm6-1': 1.12, 'm7-1': 101.93, 'm8-1': 26.05}",1.6800000000000002,634.916,636.0360000000001,inf,744.916,744.916
638,T5,BESTEFFORT,COMPLETED,m6-1,635.316,"{'m1-1': 28.3, 'm2-1': 103.85, 'm3-1': 94.57, 'm4-1': 25.67, 'm5-1': 5.06, 'm6-1': 1.09, 'm7-1': 105.9, 'm8-1': 25.47}",1.6350000000000002,636.0360000000001,637.1260000000001,inf,745.316,745.316
639,T6,BESTEFFORT,COMPLETED,m6-1,635.724,"{'m1-1': 27.07, 'm2-1': 117.96, 'm3-1': 99.89, 'm4-1': 24.7, 'm5-1': 5.9, 'm6-1': 1.04, 'm7-1': 95.51, 'm8-1': 26.13}",1.56,637.1260000000001,638.166,inf,745.724,745.724
640,T9,BESTEFFORT,COMPLETED,m6-1,636.583,"{'m1-1': 27.2, 'm2-1': 109.77, 'm3-1': 114.66, 'm4-1': 28.44, 'm5-1': 4.9, 'm6-1': 1.01, 'm7-1': 107.12, 'm8-1': 24.61}",1.5150000000000001,638.166,639.176,inf,746.583,746.583
641,T5,BESTEFFORT,COMPLETED,m6-1,639.083,"{'m1-1': 25.17, 'm2-1': 96.44, 'm3-1': 102.14, 'm4-1': 24.65, 'm5-1': 5.65, 'm6-1': 1.06, 'm7-1': 93.84, 'm8-1': 26.26}",1.59,639.176,640.236,inf,749.083,749.083
642,T5,BESTEFFORT,COMPLETED,m6-1,639.173,"{'m1-1': 25.15, 'm2-1': 102.7, 'm3-1': 96.75, 'm4-1': 25.29, 'm5-1': 5.21, 'm6-1': 1.14, 'm7-1': 93.16, 'm8-1': 25.66}",1.71,640.236,641.376,inf,749.173,749.173
643,T1,BESTEFFORT,COMPLETED,m6-1,639.472,"{'m1-1': 27.97, 'm2-1': 100.78, 'm3-1': 103.57, 'm4-1': 27.03, 'm5-1': 5.52, 'm6-1': 1.09, 'm7-1': 102.85, 'm8-1': 24.53}",1.6350000000000002,641.376,642.466,inf,749.472,749.472
644,T5,BESTEFFORT,COMPLETED,m6-1,639.875,"{'m1-1': 25.6, 'm2-1': 104.87, 'm3-1': 92.12, 'm4-1': 27.09, 'm5-1': 5.82, 'm6-1': 1.09, 'm7-1': 97.76, 'm8-1': 27.41}",1.6350000000000002,642.466,643.556,inf,749.875,749.875
645,T10,BESTEFFORT,COMPLETED,m5-1,640.235,"{'m1-1': 25.58, 'm2-1': 104.62, 'm3-1': 91.63, 'm4-1': 26.84, 'm5-1': 4.99, 'm6-1': 1.05, 'm7-1': 109.94, 'm8-1': 26.19}",7.485,640.235,645.225,inf,750.235,750.235
646,T10,BESTEFFORT,COMPLETED,m6-1,640.72,"{'m1-1': 26.91, 'm2-1': 103.43, 'm3-1': 103.37, 'm4-1': 27.37, 'm5-1': 5.69, 'm6-1': 1.15, 'm7-1': 109.98, 'm8-1': 25.03}",1.7249999999999999,643.556,644.706,inf,750.72,750.72
647,T7,BESTEFFORT,COMPLETED,m6-1,641.792,"{'m1-1': 25.44, 'm2-1': 107.82, 'm3-1': 98.35, 'm4-1': 27.01, 'm5-1': 5.21, 'm6-1': 1.13, 'm7-1': 107.52, 'm8-1': 27.39}",1.6949999999999998,644.706,645.836,inf,751.792,751.792
648,T4,BESTEFFORT,COMPLETED,m5-1,642.15,"{'m1-1': 23.49, 'm2-1': 109.8, 'm3-1': 105.85, 'm4-1': 25.72, 'm5-1': 5.53, 'm6-1': 1.0, 'm7-1': 105.59, 'm8-1': 25.21}",8.295,645.225,650.755,inf,752.15,752.15
649,T8,BESTEFFORT,COMPLETED,m6-1,643.881,"{'m1-1': 23.41, 'm2-1': 118.72, 'm3-1': 103.99, 'm4-1': 24.46, 'm5-1': 5.08, 'm6-1': 1.15, 'm7-1': 97.27, 'm8-1': 27.55}",1.7249999999999999,645.836,646.986,inf,753.881,753.881
650,T5,BESTEFFORT,COMPLETED,m6-1,643.886,"{'m1-1': 27.64, 'm2-1': 103.9, 'm3-1': 105.28, 'm4-1': 24.26, 'm5-1': 5.43, 'm6-1': 1.15, 'm7-1': 103.18, 'm8-1': 26.77}",1.7249999999999999,646.986,648.136,inf,753.886,753.886
651,T5,BESTEFFORT,COMPLETED,m5-1,644.377,"{'m1-1': 25.5, 'm2-1': 103.39, 'm3-1': 106.34, 'm4-1': 28.31, 'm5-1': 5.16, 'm6-1': 1.13, 'm7-1': 105.53, 'm8-1': 25.36}",7.74,650.755,655.915,inf,754.377,754.377
652,T4,BESTEFFORT,COMPLETED,m6-1,648.054,"{'m1-1': 23.64, 'm2-1': 96.18, 'm3-1': 105.34, 'm4-1': 26.82, 'm5-1': 5.13, 'm6-1': 0.98, 'm7-1': 105.33, 'm8-1': 26.2}",1.47,648.136,649.116,inf,758.054,758.054
653,T1,BESTEFFORT,COMPLETED,m6-1,648.345,"{'m1-1': 27.07, 'm2-1': 102.09, 'm3-1': 99.79, 'm4-1': 26.68, 'm5-1': 5.28, 'm6-1': 1.05, 'm7-1': 99.7, 'm8-1': 25.4}",1.5750000000000002,649.116,650.1659999999999,inf,758.345,758.345
654,T3,BESTEFFORT,COMPLETED,m6-1,648.515,"{'m1-1': 27.78, 'm2-1': 100.74, 'm3-1': 103.9, 'm4-1': 28.51, 'm5-1': 5.27, 'm6-1': 1.0, 'm7-1': 104.18, 'm8-1': 23.47}",1.5,650.1659999999999,651.1659999999999,inf,758.515,758.515
655,T9,BESTEFFORT,COMPLETED,m6-1,648.788,"{'m1-1': 29.0, 'm2-1': 116.99, 'm3-1': 108.37, 'm4-1': 27.14, 'm5-1': 4.86, 'm6-1': 1.11, 'm7-1': 103.06, 'm8-1': 27.55}",1.665,651.1659999999999,652.276,inf,758.788,758.788
656,T9,BESTEFFORT,COMPLETED,m6-1,649.409,"{'m1-1': 27.09, 'm2-1': 100.51, 'm3-1': 100.03, 'm4-1': 26.76, 'm5-1': 5.24, 'm6-1': 1.03, 'm7-1': 110.24, 'm8-1': 27.36}",1.545,652.276,653.3059999999999,inf,759.409,759.409
657,T1,BESTEFFORT,COMPLETED,m5-1,649.75,"{'m1-1': 24.29, 'm2-1': 107.84, 'm3-1': 107.51, 'm4-1': 27.34, 'm5-1': 5.22, 'm6-1': 0.94, 'm7-1': 107.97, 'm8-1': 24.82}",7.83,655.915,661.135,inf,759.75,759.75
658,T6,BESTEFFORT,COMPLETED,m6-1,653.895,"{'m1-1': 28.09, 'm2-1': 110.48, 'm3-1': 103.44, 'm4-1': 25.85, 'm5-1': 5.28, 'm6-1': 1.08, 'm7-1': 105.05, 'm8-1': 24.54}",1.62,653.895,654.975,inf,763.895,763.895
659,T4,BESTEFFORT,COMPLETED,m6-1,654.052,"{'m1-1': 24.32, 'm2-1': 101.18, 'm3-1': 99.12, 'm4-1': 25.26, 'm5-1': 5.83, 'm6-1': 0.94, 'm7-1': 96.94, 'm8-1': 24.08}",1.41,654.975,655.9150000000001,inf,764.052,764.052
660,T9,BESTEFFORT,COMPLETED,m6-1,655.713,"{'m1-1': 27.06, 'm2-1': 103.45, 'm3-1': 106.48, 'm4-1': 26.64, 'm5-1': 4.94, 'm6-1': 1.06, 'm7-1': 102.25, 'm8-1': 28.1}",1.59,655.9150000000001,656.975,inf,765.713,765.713
661,T9,BESTEFFORT,COMPLETED,m6-1,655.754,"{'m1-1': 27.21, 'm2-1': 99.58, 'm3-1': 113.14, 'm4-1': 25.32, 'm5-1': 4.95, 'm6-1': 1.14, 'm7-1': 107.39, 'm8-1': 25.95}",1.71,656.975,658.115,inf,765.754,765.754
662,T10,BESTEFFORT,COMPLETED,m6-1,656.017,"{'m1-1': 27.3, 'm2-1': 103.23, 'm3-1': 104.92, 'm4-1': 26.69, 'm5-1': 5.03, 'm6-1': 1.11, 'm7-1': 98.79, 'm8-1': 25.24}",1.665,658.115,659.225,inf,766.017,766.017
663,T1,BESTEFFORT,COMPLETED,m6-1,657.111,"{'m1-1': 24.96, 'm2-1': 106.91, 'm3-1': 101.32, 'm4-1': 24.58, 'm5-1': 5.07, 'm6-1': 0.99, 'm7-1': 102.64, 'm8-1': 25.13}",1.4849999999999999,659.225,660.215,inf,767.111,767.111
664,T3,BESTEFFORT,COMPLETED,m6-1,659.423,"{'m1-1': 25.19, 'm2-1': 106.07, 'm3-1': 95.79, 'm4-1': 29.02, 'm5-1': 5.0, 'm6-1': 1.0, 'm7-1': 110.29, 'm8-1': 25.67}",1.5,660.215,661.215,inf,769.423,769.423
665,T4,BESTEFFORT,COMPLETED,m6-1,660.388,"{'m1-1': 23.18, 'm2-1': 98.04, 'm3-1': 107.61, 'm4-1': 24.28, 'm5-1': 5.77, 'm6-1': 0.99, 'm7-1': 110.86, 'm8-1': 27.25}",1.4849999999999999,661.215,662.205,inf,770.388,770.388
666,T6,BESTEFFORT,COMPLETED,m6-1,661.181,"{'m1-1': 25.85, 'm2-1': 103.05, 'm3-1': 97.18, 'm4-1': 25.6, 'm5-1': 5.46, 'm6-1': 1.0, 'm7-1': 106.64, 'm8-1': 27.48}",1.5,662.205,663.205,inf,771.181,771.181
667,T1,BESTEFFORT,COMPLETED,m6-1,661.542,"{'m1-1': 26.53, 'm2-1': 117.44, 'm3-1': 106.13, 'm4-1': 26.21, 'm5-1': 4.95, 'm6-1': 1.08, 'm7-1': 98.63, 'm8-1': 26.6}",1.62,663.205,664.2850000000001,inf,771.542,771.542
668,T1,BESTEFFORT,COMPLETED,m6-1,661.693,"{'m1-1': 28.6, 'm2-1': 115.9, 'm3-1': 104.78, 'm4-1': 26.5, 'm5-1': 5.19, 'm6-1': 0.95, 'm7-1': 102.68, 'm8-1': 28.12}",1.4249999999999998,664.2850000000001,665.2350000000001,inf,771.693,771.693
669,T4,BESTEFFORT,COMPLETED,m6-1,662.429,"{'m1-1': 25.9, 'm2-1': 105.45, 'm3-1': 94.78, 'm4-1': 26.77, 'm5-1': 5.25, 'm6-1': 0.96, 'm7-1': 97.33, 'm8-1': 25.04}",1.44,665.2350000000001,666.1950000000002,inf,772.429,772.429
670,T4,BESTEFFORT,COMPLETED,m5-1,662.547,"{'m1-1': 26.43, 'm2-1': 97.62, 'm3-1': 96.91, 'm4-1': 25.43, 'm5-1': 5.35, 'm6-1': 0.95, 'm7-1': 98.46, 'm8-1': 26.97}",8.024999999999999,662.547,667.897,inf,772.547,772.547
671,T1,BESTEFFORT,COMPLETED,m5-1,662.707,"{'m1-1': 25.22, 'm2-1': 112.6, 'm3-1': 102.62, 'm4-1': 26.77, 'm5-1': 5.01, 'm6-1': 1.09, 'm7-1': 97.53, 'm8-1': 27.55}",7.515,667.897,672.907,inf,772.707,772.707
672,T3,BESTEFFORT,COMPLETED,m5-1,662.974,"{'m1-1': 26.95, 'm2-1': 116.74, 'm3-1': 111.67, 'm4-1': 26.06, 'm5-1': 5.82, 'm6-1': 0.96, 'm7-1': 98.57, 'm8-1': 25.44}",8.73,672.907,678.7270000000001,inf,772.974,772.974
673,T6,BESTEFFORT,COMPLETED,m6-1,667.219,"{'m1-1': 27.15, 'm2-1': 105.32, 'm3-1': 100.99, 'm4-1': 26.58, 'm5-1': 5.88, 'm6-1': 1.06, 'm7-1': 98.08, 'm8-1': 25.13}",1.59,667.219,668.279,inf,777.219,777.219
674,T2,BESTEFFORT,COMPLETED,m6-1,668.613,"{'m1-1': 28.54, 'm2-1': 102.99, 'm3-1': 109.12, 'm4-1': 28.49, 'm5-1': 5.34, 'm6-1': 1.01, 'm7-1': 107.13, 'm8-1': 27.91}",1.5150000000000001,668.613,669.623,inf,778.613,778.613
675,T9,BESTEFFORT,COMPLETED,m6-1,670.112,"{'m1-1': 27.72, 'm2-1': 107.79, 'm3-1': 103.86, 'm4-1': 28.9, 'm5-1': 4.64, 'm6-1': 1.04, 'm7-1': 105.15, 'm8-1': 27.85}",1.56,670.112,671.1519999999999,inf,780.112,780.112
676,T3,BESTEFFORT,COMPLETED,m6-1,670.464,"{'m1-1': 26.66, 'm2-1': 102.48, 'm3-1': 100.16, 'm4-1': 27.8, 'm5-1': 5.04, 'm6-1': 1.08, 'm7-1': 112.04, 'm8-1': 25.71}",1.62,671.1519999999999,672.232,inf,780.464,780.464
677,T6,BESTEFFORT,COMPLETED,m6-1,672.424,"{'m1-1': 25.5, 'm2-1': 106.01, 'm3-1': 98.52, 'm4-1': 25.84, 'm5-1': 5.73, 'm6-1': 0.98, 'm7-1': 109.63, 'm8-1': 25.4}",1.47,672.424,673.404,inf,782.424,782.424
678,T3,BESTEFFORT,COMPLETED,m6-1,672.64,"{'m1-1': 28.23, 'm2-1': 116.27, 'm3-1': 96.73, 'm4-1': 26.57, 'm5-1': 5.24, 'm6-1': 1.02, 'm7-1': 113.3, 'm8-1': 26.03}",1.53,673.404,674.424,inf,782.64,782.64
679,T3,BESTEFFORT,COMPLETED,m6-1,674.72,"{'m1-1': 25.56, 'm2-1': 110.88, 'm3-1': 101.25, 'm4-1': 26.65, 'm5-1': 5.1, 'm6-1': 0.92, 'm7-1': 107.54, 'm8-1': 23.66}",1.3800000000000001,674.72,675.64,inf,784.72,784.72
680,T8,BESTEFFORT,COMPLETED,m6-1,676.79,"{'m1-1': 23.7, 'm2-1': 107.43, 'm3-1': 105.47, 'm4-1': 26.13, 'm5-1': 5.17, 'm6-1': 1.14, 'm7-1': 111.26, 'm8-1': 27.34}",1.71,676.79,677.93,inf,786.79,786.79
681,T9,BESTEFFORT,COMPLETED,m6-1,677.288,"{'m1-1': 25.84, 'm2-1': 99.38, 'm3-1': 108.4, 'm4-1': 28.95, 'm5-1': 4.92, 'm6-1': 0.98, 'm7-1': 102.48, 'm8-1': 24.13}",1.47,677.93,678.91,inf,787.288,787.288
682,T1,BESTEFFORT,COMPLETED,m6-1,678.043,"{'m1-1': 25.56, 'm2-1': 117.54, 'm3-1': 103.45, 'm4-1': 25.82, 'm5-1': 5.33, 'm6-1': 0.93, 'm7-1': 108.42, 'm8-1': 27.19}",1.395,678.91,679.8399999999999,inf,788.043,788.043
683,T8,BESTEFFORT,COMPLETED,m6-1,679.18,"{'m1-1': 24.83, 'm2-1': 100.86, 'm3-1': 99.58, 'm4-1': 25.75, 'm5-1': 4.99, 'm6-1': 1.07, 'm7-1': 103.97, 'm8-1': 23.73}",1.605,679.8399999999999,680.91,inf,789.18,789.18
684,T9,BESTEFFORT,COMPLETED,m6-1,681.773,"{'m1-1': 25.67, 'm2-1': 104.78, 'm3-1': 105.82, 'm4-1': 28.77, 'm5-1': 4.67, 'm6-1': 1.08, 'm7-1': 102.8, 'm8-1': 24.0}",1.62,681.773,682.8530000000001,inf,791.773,791.773
685,T5,BESTEFFORT,COMPLETED,m6-1,683.303,"{'m1-1': 25.81, 'm2-1': 101.4, 'm3-1': 93.93, 'm4-1': 24.24, 'm5-1': 5.66, 'm6-1': 1.01, 'm7-1': 96.92, 'm8-1': 27.34}",1.5150000000000001,683.303,684.313,inf,793.303,793.303
686,T2,BESTEFFORT,COMPLETED,m6-1,683.408,"{'m1-1': 25.63, 'm2-1': 115.16, 'm3-1': 111.97, 'm4-1': 26.0, 'm5-1': 5.07, 'm6-1': 1.17, 'm7-1': 98.84, 'm8-1': 28.23}",1.755,684.313,685.483,inf,793.408,793.408
687,T1,BESTEFFORT,COMPLETED,m6-1,683.611,"{'m1-1': 27.11, 'm2-1': 107.31, 'm3-1': 108.69, 'm4-1': 23.77, 'm5-1': 5.41, 'm6-1': 1.04, 'm7-1': 109.71, 'm8-1': 24.94}",1.56,685.483,686.5229999999999,inf,793.611,793.611
688,T6,BESTEFFORT,COMPLETED,m6-1,683.781,"{'m1-1': 25.1, 'm2-1': 112.56, 'm3-1': 103.11, 'm4-1': 25.35, 'm5-1': 5.89, 'm6-1': 1.04, 'm7-1': 99.89, 'm8-1': 23.29}",1.56,686.5229999999999,687.5629999999999,inf,793.781,793.781
689,T2,BESTEFFORT,COMPLETED,m6-1,685.623,"{'m1-1': 25.27, 'm2-1': 100.39, 'm3-1': 115.44, 'm4-1': 28.65, 'm5-1': 4.93, 'm6-1': 1.02, 'm7-1': 96.69, 'm8-1': 28.84}",1.53,687.5629999999999,688.5829999999999,inf,795.623,795.623
690,T2,BESTEFFORT,COMPLETED,m6-1,685.679,"{'m1-1': 27.02, 'm2-1': 109.07, 'm3-1': 112.55, 'm4-1': 28.6, 'm5-1': 5.45, 'm6-1': 1.02, 'm7-1': 103.64, 'm8-1': 24.43}",1.53,688.5829999999999,689.6029999999998,inf,795.679,795.679
691,T1,BESTEFFORT,COMPLETED,m5-1,685.817,"{'m1-1': 24.38, 'm2-1': 103.28, 'm3-1': 106.34, 'm4-1': 24.46, 'm5-1': 4.91, 'm6-1': 1.06, 'm7-1': 110.31, 'm8-1': 26.18}",7.365,685.817,690.727,inf,795.817,795.817
692,T9,BESTEFFORT,COMPLETED,m6-1,687.178,"{'m1-1': 26.8, 'm2-1': 100.24, 'm3-1': 110.98, 'm4-1': 25.1, 'm5-1': 5.33, 'm6-1': 0.98, 'm7-1': 106.11, 'm8-1': 27.98}",1.47,689.6029999999998,690.5829999999999,inf,797.178,797.178
693,T3,BESTEFFORT,COMPLETED,m6-1,688.999,"{'m1-1': 28.3, 'm2-1': 99.77, 'm3-1': 111.33, 'm4-1': 27.8, 'm5-1': 5.38, 'm6-1': 0.92, 'm7-1': 103.13, 'm8-1': 27.46}",1.3800000000000001,690.5829999999999,691.5029999999998,inf,798.999,798.999
694,T6,BESTEFFORT,COMPLETED,m6-1,689.05,"{'m1-1': 27.12, 'm2-1': 107.46, 'm3-1': 100.73, 'm4-1': 26.35, 'm5-1': 5.45, 'm6-1': 1.01, 'm7-1': 99.95, 'm8-1': 25.01}",1.5150000000000001,691.5029999999998,692.5129999999998,inf,799.05,799.05
695,T10,BESTEFFORT,COMPLETED,m6-1,689.612,"{'m1-1': 26.53, 'm2-1': 112.18, 'm3-1': 95.29, 'm4-1': 25.36, 'm5-1': 4.97, 'm6-1': 1.16, 'm7-1': 113.25, 'm8-1': 26.24}",1.7399999999999998,692.5129999999998,693.6729999999998,inf,799.612,799.612
696,T5,BESTEFFORT,COMPLETED,m6-1,691.83,"{'m1-1': 24.54, 'm2-1': 104.79, 'm3-1': 92.7, 'm4-1': 24.24, 'm5-1': 5.6, 'm6-1': 1.18, 'm7-1': 109.21, 'm8-1': 29.2}",1.77,693.6729999999998,694.8529999999997,inf,801.83,801.83
697,T4,BESTEFFORT,COMPLETED,m6-1,693.999,"{'m1-1': 23.76, 'm2-1': 105.74, 'm3-1': 107.65, 'm4-1': 23.16, 'm5-1': 5.16, 'm6-1': 1.08, 'm7-1': 95.8, 'm8-1': 25.41}",1.62,694.8529999999997,695.9329999999998,inf,803.999,803.999
698,T1,BESTEFFORT,COMPLETED,m6-1,695.602,"{'m1-1': 26.34, 'm2-1': 112.95, 'm3-1': 105.41, 'm4-1': 26.92, 'm5-1': 4.88, 'm6-1': 1.0, 'm7-1': 112.88, 'm8-1': 25.76}",1.5,695.9329999999998,696.9329999999998,inf,805.602,805.602
699,T3,BESTEFFORT,COMPLETED,m6-1,696.808,"{'m1-1': 25.55, 'm2-1': 109.48, 'm3-1': 100.78, 'm4-1': 28.24, 'm5-1': 5.0, 'm6-1': 1.03, 'm7-1': 106.85, 'm8-1': 26.48}",1.545,696.9329999999998,697.9629999999997,inf,806.808,806.808
700,T9,BESTEFFORT,COMPLETED,m6-1,698.091,"{'m1-1': 24.96, 'm2-1': 106.8, 'm3-1': 108.39, 'm4-1': 26.5, 'm5-1': 5.05, 'm6-1': 1.13, 'm7-1': 106.37, 'm8-1': 27.68}",1.6949999999999998,698.091,699.221,inf,808.091,808.091
701,T9,BESTEFFORT,COMPLETED,m6-1,700.703,"{'m1-1': 27.07, 'm2-1': 115.34, 'm3-1': 115.14, 'm4-1': 25.61, 'm5-1': 4.9, 'm6-1': 1.14, 'm7-1': 95.58, 'm8-1': 24.62}",1.71,700.703,701.843,inf,810.703,810.703
702,T8,BESTEFFORT,COMPLETED,m6-1,702.096,"{'m1-1': 26.86, 'm2-1': 112.56, 'm3-1': 100.11, 'm4-1': 24.79, 'm5-1': 5.28, 'm6-1': 1.15, 'm7-1': 95.66, 'm8-1': 25.6}",1.7249999999999999,702.096,703.246,inf,812.096,812.096
703,T2,BESTEFFORT,COMPLETED,m6-1,702.578,"{'m1-1': 29.05, 'm2-1': 101.56, 'm3-1': 105.17, 'm4-1': 28.12, 'm5-1': 5.04, 'm6-1': 1.16, 'm7-1': 93.87, 'm8-1': 26.91}",1.7399999999999998,703.246,704.406,inf,812.578,812.578
704,T7,BESTEFFORT,COMPLETED,m6-1,703.982,"{'m1-1': 24.66, 'm2-1': 104.13, 'm3-1': 96.96, 'm4-1': 26.73, 'm5-1': 5.24, 'm6-1': 1.13, 'm7-1': 93.31, 'm8-1': 26.06}",1.6949999999999998,704.406,705.536,inf,813.982,813.982
705,T10,BESTEFFORT,COMPLETED,m6-1,704.549,"{'m1-1': 27.9, 'm2-1': 109.15, 'm3-1': 108.58, 'm4-1': 26.04, 'm5-1': 5.76, 'm6-1': 1.07, 'm7-1': 98.7, 'm8-1': 24.85}",1.605,705.536,706.606,inf,814.549,814.549
706,T5,BESTEFFORT,COMPLETED,m6-1,705.784,"{'m1-1': 26.0, 'm2-1': 98.47, 'm3-1': 96.79, 'm4-1': 24.75, 'm5-1': 5.1, 'm6-1': 1.08, 'm7-1': 95.82, 'm8-1': 26.09}",1.62,706.606,707.686,inf,815.784,815.784
707,T1,BESTEFFORT,COMPLETED,m6-1,705.826,"{'m1-1': 24.23, 'm2-1': 118.93, 'm3-1': 113.46, 'm4-1': 26.1, 'm5-1': 4.77, 'm6-1': 0.99, 'm7-1': 111.27, 'm8-1': 26.88}",1.4849999999999999,707.686,708.676,inf,815.826,815.826
708,T10,BESTEFFORT,COMPLETED,m6-1,707.569,"{'m1-1': 27.55, 'm2-1': 108.59, 'm3-1': 97.55, 'm4-1': 26.92, 'm5-1': 5.03, 'm6-1': 1.06, 'm7-1': 100.25, 'm8-1': 24.52}",1.59,708.676,709.736,inf,817.569,817.569
709,T7,BESTEFFORT,COMPLETED,m6-1,708.504,"{'m1-1': 28.5, 'm2-1': 102.75, 'm3-1': 101.57, 'm4-1': 26.36, 'm5-1': 4.92, 'm6-1': 1.09, 'm7-1': 109.39, 'm8-1': 25.31}",1.6350000000000002,709.736,710.826,inf,818.504,818.504
710,T1,BESTEFFORT,COMPLETED,m6-1,708.983,"{'m1-1': 27.86, 'm2-1': 107.44, 'm3-1': 105.66, 'm4-1': 23.57, 'm5-1': 5.1, 'm6-1': 1.08, 'm7-1': 109.78, 'm8-1': 26.71}",1.62,710.826,711.9060000000001,inf,818.983,818.983
711,T1,BESTEFFORT,COMPLETED,m6-1,710.373,"{'m1-1': 25.48, 'm2-1': 117.35, 'm3-1': 112.41, 'm4-1': 27.54, 'm5-1': 5.32, 'm6-1': 1.08, 'm7-1': 108.9, 'm8-1': 26.9}",1.62,711.9060000000001,712.9860000000001,inf,820.373,820.373
712,T8,BESTEFFORT,COMPLETED,m6-1,712.708,"{'m1-1': 25.89, 'm2-1': 100.37, 'm3-1': 99.85, 'm4-1': 24.9, 'm5-1': 5.25, 'm6-1': 1.03, 'm7-1': 99.32, 'm8-1': 26.92}",1.545,712.9860000000001,714.0160000000001,inf,822.708,822.708
713,T10,BESTEFFORT,COMPLETED,m6-1,712.842,"{'m1-1': 26.36, 'm2-1': 98.83, 'm3-1': 93.79, 'm4-1': 24.58, 'm5-1': 5.24, 'm6-1': 1.03, 'm7-1': 103.18, 'm8-1': 27.78}",1.545,714.0160000000001,715.046,inf,822.842,822.842
714,T7,BESTEFFORT,COMPLETED,m6-1,714.248,"{'m1-1': 28.19, 'm2-1': 111.01, 'm3-1': 103.9, 'm4-1': 28.57, 'm5-1': 4.7, 'm6-1': 1.14, 'm7-1': 104.44, 'm8-1': 26.83}",1.71,715.046,716.186,inf,824.248,824.248
715,T9,BESTEFFORT,COMPLETED,m6-1,714.439,"{'m1-1': 25.72, 'm2-1': 99.62, 'm3-1': 102.7, 'm4-1': 28.31, 'm5-1': 4.87, 'm6-1': 0.98, 'm7-1': 107.86, 'm8-1': 24.57}",1.47,716.186,717.166,inf,824.439,824.439
716,T2,BESTEFFORT,COMPLETED,m6-1,714.849,"{'m1-1': 28.7, 'm2-1': 113.94, 'm3-1': 111.04, 'm4-1': 27.4, 'm5-1': 4.6, 'm6-1': 1.05, 'm7-1': 95.32, 'm8-1': 28.13}",1.5750000000000002,717.166,718.216,inf,824.849,824.849
717,T6,BESTEFFORT,COMPLETED,m5-1,714.976,"{'m1-1': 28.6, 'm2-1': 115.95, 'm3-1': 113.79, 'm4-1': 27.2, 'm5-1': 5.53, 'm6-1': 1.02, 'm7-1': 107.7, 'm8-1': 24.56}",8.295,714.976,720.506,inf,824.976,824.976
718,T8,BESTEFFORT,COMPLETED,m5-1,714.979,"{'m1-1': 23.08, 'm2-1': 108.84, 'm3-1': 97.59, 'm4-1': 23.94, 'm5-1': 4.8, 'm6-1': 1.05, 'm7-1': 106.6, 'm8-1': 24.26}",7.199999999999999,720.506,725.3059999999999,inf,824.979,824.979
719,T9,BESTEFFORT,COMPLETED,m6-1,716.401,"{'m1-1': 28.86, 'm2-1': 117.71, 'm3-1': 99.78, 'm4-1': 28.13, 'm5-1': 5.13, 'm6-1': 1.05, 'm7-1': 95.02, 'm8-1': 24.19}",1.5750000000000002,718.216,719.266,inf,826.401,826.401
720,T1,BESTEFFORT,COMPLETED,m6-1,716.774,"{'m1-1': 28.25, 'm2-1': 107.25, 'm3-1': 108.04, 'm4-1': 27.48, 'm5-1': 5.47, 'm6-1': 0.95, 'm7-1': 107.54, 'm8-1': 25.3}",1.4249999999999998,719.266,720.216,inf,826.774,826.774
721,T3,BESTEFFORT,COMPLETED,m5-1,717.044,"{'m1-1': 25.71, 'm2-1': 111.81, 'm3-1': 99.96, 'm4-1': 26.98, 'm5-1': 5.43, 'm6-1': 0.93, 'm7-1': 110.73, 'm8-1': 25.08}",8.145,725.3059999999999,730.7359999999999,inf,827.044,827.044
722,T3,BESTEFFORT,COMPLETED,m6-1,718.896,"{'m1-1': 27.11, 'm2-1': 106.32, 'm3-1': 98.11, 'm4-1': 26.15, 'm5-1': 5.43, 'm6-1': 0.92, 'm7-1': 112.43, 'm8-1': 27.47}",1.3800000000000001,720.216,721.136,inf,828.896,828.896
723,T9,BESTEFFORT,COMPLETED,m6-1,719.426,"{'m1-1': 25.47, 'm2-1': 115.4, 'm3-1': 103.8, 'm4-1': 27.01, 'm5-1': 4.98, 'm6-1': 1.0, 'm7-1': 105.2, 'm8-1': 25.86}",1.5,721.136,722.136,inf,829.426,829.426
724,T7,BESTEFFORT,COMPLETED,m6-1,719.866,"{'m1-1': 26.26, 'm2-1': 111.01, 'm3-1': 102.12, 'm4-1': 28.85, 'm5-1': 5.19, 'm6-1': 1.15, 'm7-1': 92.97, 'm8-1': 23.55}",1.7249999999999999,722.136,723.286,inf,829.866,829.866
725,T1,BESTEFFORT,COMPLETED,m6-1,721.727,"{'m1-1': 24.21, 'm2-1': 118.82, 'm3-1': 102.04, 'm4-1': 26.18, 'm5-1': 4.94, 'm6-1': 1.04, 'm7-1': 106.99, 'm8-1': 26.57}",1.56,723.286,724.3259999999999,inf,831.727,831.727
726,T3,BESTEFFORT,COMPLETED,m6-1,722.172,"{'m1-1': 26.08, 'm2-1': 104.58, 'm3-1': 109.54, 'm4-1': 26.2, 'm5-1': 5.56, 'm6-1': 0.95, 'm7-1': 102.05, 'm8-1': 26.93}",1.4249999999999998,724.3259999999999,725.276,inf,832.172,832.172
727,T4,BESTEFFORT,COMPLETED,m6-1,722.633,"{'m1-1': 26.16, 'm2-1': 112.32, 'm3-1': 103.1, 'm4-1': 24.87, 'm5-1': 5.88, 'm6-1': 0.97, 'm7-1': 100.52, 'm8-1': 26.63}",1.455,725.276,726.246,inf,832.633,832.633
728,T4,BESTEFFORT,COMPLETED,m5-1,723.122,"{'m1-1': 27.03, 'm2-1': 111.58, 'm3-1': 102.28, 'm4-1': 25.22, 'm5-1': 5.12, 'm6-1': 1.03, 'm7-1': 99.91, 'm8-1': 26.53}",7.68,730.7359999999999,735.8559999999999,inf,833.122,833.122
729,T10,BESTEFFORT,COMPLETED,m6-1,725.476,"{'m1-1': 26.43, 'm2-1': 108.66, 'm3-1': 107.15, 'm4-1': 27.22, 'm5-1': 5.1, 'm6-1': 1.16, 'm7-1': 111.21, 'm8-1': 26.21}",1.7399999999999998,726.246,727.406,inf,835.476,835.476
730,T1,BESTEFFORT,COMPLETED,m6-1,726.92,"{'m1-1': 26.27, 'm2-1': 101.2, 'm3-1': 103.24, 'm4-1': 25.75, 'm5-1': 5.33, 'm6-1': 1.11, 'm7-1': 97.52, 'm8-1': 25.56}",1.665,727.406,728.516,inf,836.92,836.92
731,T5,BESTEFFORT,COMPLETED,m6-1,727.372,"{'m1-1': 27.92, 'm2-1': 105.5, 'm3-1': 93.67, 'm4-1': 26.47, 'm5-1': 5.05, 'm6-1': 1.19, 'm7-1': 96.76, 'm8-1': 25.96}",1.785,728.516,729.706,inf,837.372,837.372
732,T2,BESTEFFORT,COMPLETED,m6-1,727.905,"{'m1-1': 25.99, 'm2-1': 114.06, 'm3-1': 115.15, 'm4-1': 26.56, 'm5-1': 5.15, 'm6-1': 1.08, 'm7-1': 99.43, 'm8-1': 25.84}",1.62,729.706,730.7860000000001,inf,837.905,837.905
733,T7,BESTEFFORT,COMPLETED,m6-1,729.36,"{'m1-1': 26.37, 'm2-1': 98.58, 'm3-1': 108.28, 'm4-1': 28.71, 'm5-1': 5.38, 'm6-1': 1.12, 'm7-1': 99.69, 'm8-1': 27.23}",1.6800000000000002,730.7860000000001,731.9060000000001,inf,839.36,839.36
734,T3,BESTEFFORT,COMPLETED,m6-1,729.379,"{'m1-1': 26.31, 'm2-1': 101.17, 'm3-1': 100.28, 'm4-1': 25.15, 'm5-1': 5.62, 'm6-1': 1.07, 'm7-1': 96.46, 'm8-1': 23.38}",1.605,731.9060000000001,732.9760000000001,inf,839.379,839.379
735,T1,BESTEFFORT,COMPLETED,m6-1,731.639,"{'m1-1': 28.14, 'm2-1': 109.26, 'm3-1': 101.76, 'm4-1': 23.86, 'm5-1': 5.33, 'm6-1': 1.02, 'm7-1': 103.46, 'm8-1': 23.99}",1.53,732.9760000000001,733.9960000000001,inf,841.639,841.639
736,T8,BESTEFFORT,COMPLETED,m6-1,731.822,"{'m1-1': 26.64, 'm2-1': 117.04, 'm3-1': 102.99, 'm4-1': 23.85, 'm5-1': 5.11, 'm6-1': 1.05, 'm7-1': 109.52, 'm8-1': 24.79}",1.5750000000000002,733.9960000000001,735.046,inf,841.822,841.822
737,T1,BESTEFFORT,COMPLETED,m6-1,735.094,"{'m1-1': 27.23, 'm2-1': 118.12, 'm3-1': 99.16, 'm4-1': 24.8, 'm5-1': 5.29, 'm6-1': 0.98, 'm7-1': 106.99, 'm8-1': 23.72}",1.47,735.094,736.0740000000001,inf,845.094,845.094
738,T9,BESTEFFORT,COMPLETED,m6-1,735.357,"{'m1-1': 29.24, 'm2-1': 102.26, 'm3-1': 113.82, 'm4-1': 25.5, 'm5-1': 4.79, 'm6-1': 1.14, 'm7-1': 106.77, 'm8-1': 25.78}",1.71,736.0740000000001,737.214,inf,845.357,845.357
739,T9,BESTEFFORT,COMPLETED,m6-1,736.296,"{'m1-1': 28.1, 'm2-1': 117.36, 'm3-1': 112.86, 'm4-1': 26.86, 'm5-1': 5.23, 'm6-1': 1.05, 'm7-1': 99.18, 'm8-1': 24.98}",1.5750000000000002,737.214,738.264,inf,846.296,846.296
740,T3,BESTEFFORT,COMPLETED,m6-1,736.705,"{'m1-1': 25.86, 'm2-1': 105.02, 'm3-1': 102.17, 'm4-1': 28.42, 'm5-1': 5.83, 'm6-1': 0.95, 'm7-1': 110.67, 'm8-1': 25.5}",1.4249999999999998,738.264,739.214,inf,846.705,846.705
741,T3,BESTEFFORT,COMPLETED,m6-1,737.105,"{'m1-1': 25.81, 'm2-1': 104.67, 'm3-1': 100.06, 'm4-1': 28.99, 'm5-1': 5.67, 'm6-1': 0.93, 'm7-1': 113.65, 'm8-1': 24.48}",1.395,739.214,740.144,inf,847.105,847.105
742,T7,BESTEFFORT,COMPLETED,m6-1,739.798,"{'m1-1': 28.56, 'm2-1': 112.2, 'm3-1': 103.27, 'm4-1': 25.55, 'm5-1': 5.41, 'm6-1': 1.12, 'm7-1': 100.85, 'm8-1': 27.91}",1.6800000000000002,740.144,741.264,inf,849.798,849.798
743,T7,BESTEFFORT,COMPLETED,m6-1,740.078,"{'m1-1': 26.54, 'm2-1': 101.44, 'm3-1': 106.82, 'm4-1': 25.03, 'm5-1': 5.22, 'm6-1': 1.06, 'm7-1': 107.06, 'm8-1': 25.82}",1.59,741.264,742.324,inf,850.078,850.078
744,T2,BESTEFFORT,COMPLETED,m6-1,742.657,"{'m1-1': 25.28, 'm2-1': 111.48, 'm3-1': 114.27, 'm4-1': 28.91, 'm5-1': 5.17, 'm6-1': 1.08, 'm7-1': 106.59, 'm8-1': 25.37}",1.62,742.657,743.7370000000001,inf,852.657,852.657
745,T1,BESTEFFORT,COMPLETED,m6-1,743.144,"{'m1-1': 26.2, 'm2-1': 102.83, 'm3-1': 114.47, 'm4-1': 26.82, 'm5-1': 4.88, 'm6-1': 0.99, 'm7-1': 115.43, 'm8-1': 27.03}",1.4849999999999999,743.7370000000001,744.7270000000001,inf,853.144,853.144
746,T2,BESTEFFORT,COMPLETED,m6-1,743.427,"{'m1-1': 28.85, 'm2-1': 101.67, 'm3-1': 107.48, 'm4-1': 27.86, 'm5-1': 4.66, 'm6-1': 1.13, 'm7-1': 94.27, 'm8-1': 25.85}",1.6949999999999998,744.7270000000001,745.8570000000001,inf,853.427,853.427
747,T9,BESTEFFORT,COMPLETED,m6-1,743.868,"{'m1-1': 26.7, 'm2-1': 117.4, 'm3-1': 108.89, 'm4-1': 28.93, 'm5-1': 4.88, 'm6-1': 1.1, 'm7-1': 110.56, 'm8-1': 28.04}",1.6500000000000001,745.8570000000001,746.9570000000001,inf,853.868,853.868
748,T5,BESTEFFORT,COMPLETED,m6-1,744.23,"{'m1-1': 27.09, 'm2-1': 98.59, 'm3-1': 106.79, 'm4-1': 24.61, 'm5-1': 5.04, 'm6-1': 1.13, 'm7-1': 92.75, 'm8-1': 24.95}",1.6949999999999998,746.9570000000001,748.0870000000001,inf,854.23,854.23
749,T10,BESTEFFORT,COMPLETED,m5-1,744.473,"{'m1-1': 28.94, 'm2-1': 99.61, 'm3-1': 103.65, 'm4-1': 25.28, 'm5-1': 5.03, 'm6-1': 1.11, 'm7-1': 106.08, 'm8-1': 26.33}",7.545,744.473,749.5029999999999,inf,854.473,854.473
750,T9,BESTEFFORT,COMPLETED,m6-1,744.999,"{'m1-1': 28.85, 'm2-1': 115.87, 'm3-1': 99.07, 'm4-1': 26.92, 'm5-1': 5.01, 'm6-1': 1.0, 'm7-1': 107.39, 'm8-1': 26.35}",1.5,748.0870000000001,749.0870000000001,inf,854.999,854.999
751,T9,BESTEFFORT,COMPLETED,m5-1,745.409,"{'m1-1': 26.14, 'm2-1': 106.93, 'm3-1': 115.26, 'm4-1': 27.31, 'm5-1': 5.5, 'm6-1': 1.12, 'm7-1': 99.8, 'm8-1': 24.69}",8.25,749.5029999999999,755.0029999999999,inf,855.409,855.409
752,T9,BESTEFFORT,COMPLETED,m6-1,747.196,"{'m1-1': 26.71, 'm2-1': 104.54, 'm3-1': 110.39, 'm4-1': 24.62, 'm5-1': 5.45, 'm6-1': 0.99, 'm7-1': 96.24, 'm8-1': 25.14}",1.4849999999999999,749.0870000000001,750.0770000000001,inf,857.196,857.196
753,T5,BESTEFFORT,COMPLETED,m6-1,747.505,"{'m1-1': 26.99, 'm2-1': 96.87, 'm3-1': 95.96, 'm4-1': 27.65, 'm5-1': 5.32, 'm6-1': 1.03, 'm7-1': 103.5, 'm8-1': 27.4}",1.545,750.0770000000001,751.1070000000001,inf,857.505,857.505
754,T8,BESTEFFORT,COMPLETED,m5-1,747.827,"{'m1-1': 23.46, 'm2-1': 107.03, 'm3-1': 102.81, 'm4-1': 23.76, 'm5-1': 5.41, 'm6-1': 0.98, 'm7-1': 94.5, 'm8-1': 25.41}",8.115,755.0029999999999,760.4129999999999,inf,857.827,857.827
755,T8,BESTEFFORT,COMPLETED,m5-1,747.834,"{'m1-1': 23.87, 'm2-1': 106.06, 'm3-1': 95.59, 'm4-1': 25.4, 'm5-1': 5.46, 'm6-1': 1.04, 'm7-1': 103.12, 'm8-1': 23.95}",8.19,760.4129999999999,765.8729999999999,inf,857.834,857.834
756,T2,BESTEFFORT,COMPLETED,m1-1,747.866,"{'m1-1': 25.3, 'm2-1': 115.31, 'm3-1': 109.31, 'm4-1': 27.4, 'm5-1': 5.07, 'm6-1': 1.18, 'm7-1': 104.2, 'm8-1': 26.56}",37.95,747.866,773.1659999999999,inf,857.866,857.866
757,T1,BESTEFFORT,COMPLETED,m6-1,748.786,"{'m1-1': 26.79, 'm2-1': 118.04, 'm3-1': 114.07, 'm4-1': 27.23, 'm5-1': 4.67, 'm6-1': 1.03, 'm7-1': 115.48, 'm8-1': 24.5}",1.545,751.1070000000001,752.1370000000001,inf,858.786,858.786
758,T2,BESTEFFORT,COMPLETED,m6-1,749.097,"{'m1-1': 26.09, 'm2-1': 104.69, 'm3-1': 116.65, 'm4-1': 27.51, 'm5-1': 4.73, 'm6-1': 1.16, 'm7-1': 96.08, 'm8-1': 27.17}",1.7399999999999998,752.1370000000001,753.297,inf,859.097,859.097
759,T6,BESTEFFORT,COMPLETED,m8-1,749.465,"{'m1-1': 26.54, 'm2-1': 106.01, 'm3-1': 98.5, 'm4-1': 26.87, 'm5-1': 5.43, 'm6-1': 1.06, 'm7-1': 106.06, 'm8-1': 26.01}",39.015,749.465,775.475,inf,859.465,859.465
760,T3,BESTEFFORT,COMPLETED,m6-1,750.282,"{'m1-1': 28.9, 'm2-1': 113.58, 'm3-1': 104.75, 'm4-1': 29.0, 'm5-1': 5.04, 'm6-1': 0.95, 'm7-1': 101.16, 'm8-1': 23.76}",1.4249999999999998,753.297,754.2470000000001,inf,860.282,860.282
761,T8,BESTEFFORT,COMPLETED,m5-1,750.943,"{'m1-1': 25.5, 'm2-1': 107.44, 'm3-1': 105.36, 'm4-1': 27.35, 'm5-1': 5.54, 'm6-1': 1.02, 'm7-1': 112.06, 'm8-1': 25.57}",8.31,765.8729999999999,771.4129999999999,inf,860.943,860.943
762,T4,BESTEFFORT,COMPLETED,m6-1,751.831,"{'m1-1': 23.14, 'm2-1': 109.18, 'm3-1': 104.49, 'm4-1': 27.11, 'm5-1': 5.79, 'm6-1': 0.96, 'm7-1': 105.08, 'm8-1': 23.84}",1.44,754.2470000000001,755.2070000000001,inf,861.831,861.831
763,T10,BESTEFFORT,COMPLETED,m6-1,753.252,"{'m1-1': 27.19, 'm2-1': 103.48, 'm3-1': 102.31, 'm4-1': 26.3, 'm5-1': 5.29, 'm6-1': 1.0, 'm7-1': 107.55, 'm8-1': 23.72}",1.5,755.2070000000001,756.2070000000001,inf,863.252,863.252
764,T3,BESTEFFORT,COMPLETED,m6-1,753.417,"{'m1-1': 25.41, 'm2-1': 102.94, 'm3-1': 110.08, 'm4-1': 25.39, 'm5-1': 5.43, 'm6-1': 1.08, 'm7-1': 111.6, 'm8-1': 23.8}",1.62,756.2070000000001,757.2870000000001,inf,863.417,863.417
765,T6,BESTEFFORT,COMPLETED,m6-1,754.504,"{'m1-1': 27.81, 'm2-1': 104.03, 'm3-1': 97.4, 'm4-1': 28.8, 'm5-1': 5.51, 'm6-1': 1.07, 'm7-1': 99.76, 'm8-1': 26.14}",1.605,757.2870000000001,758.3570000000002,inf,864.504,864.504
766,T6,BESTEFFORT,COMPLETED,m6-1,755.828,"{'m1-1': 26.29, 'm2-1': 102.31, 'm3-1': 102.81, 'm4-1': 24.77, 'm5-1': 5.79, 'm6-1': 0.96, 'm7-1': 110.64, 'm8-1': 23.68}",1.44,758.3570000000002,759.3170000000002,inf,865.828,865.828
767,T7,BESTEFFORT,COMPLETED,m6-1,756.413,"{'m1-1': 26.48, 'm2-1': 107.82, 'm3-1': 96.08, 'm4-1': 26.5, 'm5-1': 4.75, 'm6-1': 1.18, 'm7-1': 94.28, 'm8-1': 24.75}",1.77,759.3170000000002,760.4970000000002,inf,866.413,866.413
768,T7,BESTEFFORT,COMPLETED,m6-1,757.93,"{'m1-1': 28.31, 'm2-1': 109.39, 'm3-1': 108.95, 'm4-1': 24.6, 'm5-1': 4.86, 'm6-1': 1.18, 'm7-1': 98.46, 'm8-1': 25.8}",1.77,760.4970000000002,761.6770000000001,inf,867.93,867.93
769,T4,BESTEFFORT,COMPLETED,m6-1,759.517,"{'m1-1': 26.22, 'm2-1': 96.87, 'm3-1': 96.32, 'm4-1': 26.5, 'm5-1': 5.87, 'm6-1': 1.0, 'm7-1': 108.96, 'm8-1': 27.5}",1.5,761.6770000000001,762.6770000000001,inf,869.517,869.517
770,T6,BESTEFFORT,COMPLETED,m6-1,761.471,"{'m1-1': 28.7, 'm2-1': 114.94, 'm3-1': 100.85, 'm4-1': 27.44, 'm5-1': 5.55, 'm6-1': 0.95, 'm7-1': 111.42, 'm8-1': 23.32}",1.4249999999999998,762.6770000000001,763.6270000000002,inf,871.471,871.471
771,T4,BESTEFFORT,COMPLETED,m6-1,761.593,"{'m1-1': 23.99, 'm2-1': 97.74, 'm3-1': 93.59, 'm4-1': 26.58, 'm5-1': 5.69, 'm6-1': 1.02, 'm7-1': 97.9, 'm8-1': 24.42}",1.53,763.6270000000002,764.6470000000002,inf,871.593,871.593
772,T9,BESTEFFORT,COMPLETED,m6-1,762.248,"{'m1-1': 25.62, 'm2-1': 102.7, 'm3-1': 109.61, 'm4-1': 28.21, 'm5-1': 4.84, 'm6-1': 1.0, 'm7-1': 95.92, 'm8-1': 24.17}",1.5,764.6470000000002,765.6470000000002,inf,872.248,872.248
773,T9,BESTEFFORT,COMPLETED,m6-1,762.977,"{'m1-1': 29.15, 'm2-1': 108.16, 'm3-1': 110.53, 'm4-1': 28.66, 'm5-1': 5.13, 'm6-1': 1.04, 'm7-1': 103.92, 'm8-1': 27.34}",1.56,765.6470000000002,766.6870000000001,inf,872.977,872.977
774,T1,BESTEFFORT,COMPLETED,m6-1,764.099,"{'m1-1': 26.39, 'm2-1': 109.27, 'm3-1': 105.74, 'm4-1': 25.23, 'm5-1': 5.33, 'm6-1': 1.08, 'm7-1': 99.67, 'm8-1': 27.0}",1.62,766.6870000000001,767.7670000000002,inf,874.099,874.099
775,T4,BESTEFFORT,COMPLETED,m6-1,764.873,"{'m1-1': 25.39, 'm2-1': 103.56, 'm3-1': 106.92, 'm4-1': 26.27, 'm5-1': 5.29, 'm6-1': 1.04, 'm7-1': 96.04, 'm8-1': 26.83}",1.56,767.7670000000002,768.8070000000001,inf,874.873,874.873
776,T8,BESTEFFORT,COMPLETED,m5-1,765.161,"{'m1-1': 26.56, 'm2-1': 107.16, 'm3-1': 102.99, 'm4-1': 23.7, 'm5-1': 4.82, 'm6-1': 1.0, 'm7-1': 111.94, 'm8-1': 24.93}",7.23,771.4129999999999,776.233,inf,875.161,875.161
777,T9,BESTEFFORT,COMPLETED,m6-1,765.789,"{'m1-1': 27.67, 'm2-1': 102.91, 'm3-1': 109.88, 'm4-1': 26.37, 'm5-1': 5.34, 'm6-1': 1.06, 'm7-1': 103.32, 'm8-1': 25.87}",1.59,768.8070000000001,769.8670000000001,inf,875.789,875.789
778,T6,BESTEFFORT,COMPLETED,m5-1,766.182,"{'m1-1': 25.52, 'm2-1': 103.07, 'm3-1': 96.67, 'm4-1': 26.94, 'm5-1': 5.2, 'm6-1': 1.03, 'm7-1': 95.82, 'm8-1': 25.33}",7.800000000000001,776.233,781.433,inf,876.182,876.182
779,T2,BESTEFFORT,COMPLETED,m6-1,768.982,"{'m1-1': 27.76, 'm2-1': 103.84, 'm3-1': 102.65, 'm4-1': 28.17, 'm5-1': 4.97, 'm6-1': 1.11, 'm7-1': 101.65, 'm8-1': 24.61}",1.665,769.8670000000001,770.9770000000001,inf,878.982,878.982
780,T6,BESTEFFORT,COMPLETED,m6-1,770.055,"{'m1-1': 27.47, 'm2-1': 117.19, 'm3-1': 109.4, 'm4-1': 24.37, 'm5-1': 5.29, 'm6-1': 0.93, 'm7-1': 112.17, 'm8-1': 26.36}",1.395,770.9770000000001,771.907,inf,880.055,880.055
781,T5,BESTEFFORT,COMPLETED,m6-1,771.244,"{'m1-1': 27.23, 'm2-1': 106.17, 'm3-1': 94.0, 'm4-1': 25.47, 'm5-1': 5.94, 'm6-1': 1.12, 'm7-1': 98.08, 'm8-1': 26.58}",1.6800000000000002,771.907,773.027,inf,881.244,881.244
782,T4,BESTEFFORT,COMPLETED,m6-1,773.432,"{'m1-1': 23.23, 'm2-1': 98.02, 'm3-1': 102.61, 'm4-1': 25.32, 'm5-1': 5.21, 'm6-1': 1.05, 'm7-1': 110.02, 'm8-1': 27.75}",1.5750000000000002,773.432,774.482,inf,883.432,883.432
783,T10,BESTEFFORT,COMPLETED,m6-1,775.131,"{'m1-1': 26.6, 'm2-1': 114.3, 'm3-1': 108.05, 'm4-1': 26.06, 'm5-1': 5.5, 'm6-1': 1.03, 'm7-1': 99.32, 'm8-1': 27.94}",1.545,775.131,776.161,inf,885.131,885.131
784,T5,BESTEFFORT,COMPLETED,m6-1,775.174,"{'m1-1': 28.67, 'm2-1': 99.35, 'm3-1': 102.59, 'm4-1': 27.02, 'm5-1': 5.34, 'm6-1': 1.06, 'm7-1': 95.14, 'm8-1': 25.87}",1.59,776.161,777.2209999999999,inf,885.174,885.174
785,T9,BESTEFFORT,COMPLETED,m6-1,775.321,"{'m1-1': 28.03, 'm2-1': 112.6, 'm3-1': 99.43, 'm4-1': 25.36, 'm5-1': 5.13, 'm6-1': 1.03, 'm7-1': 107.48, 'm8-1': 26.99}",1.545,777.2209999999999,778.2509999999999,inf,885.321,885.321
786,T6,BESTEFFORT,COMPLETED,m6-1,775.97,"{'m1-1': 26.04, 'm2-1': 109.76, 'm3-1': 108.46, 'm4-1': 28.32, 'm5-1': 5.33, 'm6-1': 1.01, 'm7-1': 102.35, 'm8-1': 25.03}",1.5150000000000001,778.2509999999999,779.2609999999999,inf,885.97,885.97
787,T1,BESTEFFORT,COMPLETED,m6-1,776.165,"{'m1-1': 27.42, 'm2-1': 112.48, 'm3-1': 109.99, 'm4-1': 26.17, 'm5-1': 4.75, 'm6-1': 1.1, 'm7-1': 99.56, 'm8-1': 26.36}",1.6500000000000001,779.2609999999999,780.3609999999999,inf,886.165,886.165
788,T8,BESTEFFORT,COMPLETED,m5-1,776.45,"{'m1-1': 26.15, 'm2-1': 111.12, 'm3-1': 111.02, 'm4-1': 25.26, 'm5-1': 5.37, 'm6-1': 1.0, 'm7-1': 100.05, 'm8-1': 27.5}",8.055,781.433,786.803,inf,886.45,886.45
789,T3,BESTEFFORT,COMPLETED,m6-1,777.309,"{'m1-1': 25.87, 'm2-1': 105.35, 'm3-1': 103.9, 'm4-1': 28.09, 'm5-1': 5.61, 'm6-1': 1.03, 'm7-1': 112.82, 'm8-1': 27.46}",1.545,780.3609999999999,781.3909999999998,inf,887.309,887.309
790,T2,BESTEFFORT,COMPLETED,m6-1,778.745,"{'m1-1': 26.98, 'm2-1': 117.76, 'm3-1': 113.91, 'm4-1': 25.9, 'm5-1': 4.97, 'm6-1': 1.17, 'm7-1': 105.86, 'm8-1': 26.98}",1.755,781.3909999999998,782.5609999999998,inf,888.745,888.745
791,T4,BESTEFFORT,COMPLETED,m6-1,779.933,"{'m1-1': 26.24, 'm2-1': 110.92, 'm3-1': 107.9, 'm4-1': 23.56, 'm5-1': 5.83, 'm6-1': 0.96, 'm7-1': 108.99, 'm8-1': 27.0}",1.44,782.5609999999998,783.5209999999998,inf,889.933,889.933
792,T2,BESTEFFORT,COMPLETED,m6-1,782.764,"{'m1-1': 27.41, 'm2-1': 106.46, 'm3-1': 105.94, 'm4-1': 28.49, 'm5-1': 4.9, 'm6-1': 1.0, 'm7-1': 97.37, 'm8-1': 25.41}",1.5,783.5209999999998,784.5209999999998,inf,892.764,892.764
793,T2,BESTEFFORT,COMPLETED,m6-1,783.42,"{'m1-1': 29.14, 'm2-1': 101.64, 'm3-1': 117.24, 'm4-1': 28.41, 'm5-1': 4.76, 'm6-1': 1.17, 'm7-1': 107.75, 'm8-1': 27.29}",1.755,784.5209999999998,785.6909999999998,inf,893.42,893.42
794,T8,BESTEFFORT,COMPLETED,m6-1,783.807,"{'m1-1': 27.17, 'm2-1': 114.73, 'm3-1': 110.98, 'm4-1': 23.61, 'm5-1': 5.04, 'm6-1': 1.16, 'm7-1': 109.91, 'm8-1': 26.1}",1.7399999999999998,785.6909999999998,786.8509999999998,inf,893.807,893.807
795,T8,BESTEFFORT,COMPLETED,m6-1,784.365,"{'m1-1': 25.49, 'm2-1': 107.0, 'm3-1': 107.43, 'm4-1': 26.52, 'm5-1': 5.09, 'm6-1': 1.05, 'm7-1': 95.29, 'm8-1': 27.68}",1.5750000000000002,786.8509999999998,787.9009999999997,inf,894.365,894.365
796,T2,BESTEFFORT,COMPLETED,m6-1,787.145,"{'m1-1': 29.0, 'm2-1': 111.63, 'm3-1': 100.3, 'm4-1': 27.79, 'm5-1': 5.45, 'm6-1': 1.18, 'm7-1': 98.35, 'm8-1': 27.98}",1.77,787.9009999999997,789.0809999999997,inf,897.145,897.145
797,T7,BESTEFFORT,COMPLETED,m6-1,789.805,"{'m1-1': 27.36, 'm2-1': 110.07, 'm3-1': 105.02, 'm4-1': 27.43, 'm5-1': 4.99, 'm6-1': 1.1, 'm7-1': 106.69, 'm8-1': 25.9}",1.6500000000000001,789.805,790.905,inf,899.805,899.805
798,T9,BESTEFFORT,COMPLETED,m6-1,789.962,"{'m1-1': 27.15, 'm2-1': 113.54, 'm3-1': 102.86, 'm4-1': 28.5, 'm5-1': 5.01, 'm6-1': 1.11, 'm7-1': 96.19, 'm8-1': 26.9}",1.665,790.905,792.015,inf,899.962,899.962
799,T10,BESTEFFORT,COMPLETED,m6-1,790.253,"{'m1-1': 27.86, 'm2-1': 115.62, 'm3-1': 101.39, 'm4-1': 28.4, 'm5-1': 5.38, 'm6-1': 1.14, 'm7-1': 111.73, 'm8-1': 24.44}",1.71,792.015,793.155,inf,900.253,900.253
800,T8,BESTEFFORT,COMPLETED,m6-1,790.733,"{'m1-1': 26.08, 'm2-1': 112.96, 'm3-1': 106.58, 'm4-1': 23.99, 'm5-1': 5.58, 'm6-1': 1.11, 'm7-1': 99.34, 'm8-1': 26.09}",1.665,793.155,794.265,inf,900.733,900.733
801,T2,BESTEFFORT,COMPLETED,m6-1,791.078,"{'m1-1': 28.43, 'm2-1': 115.27, 'm3-1': 116.2, 'm4-1': 27.84, 'm5-1': 4.83, 'm6-1': 1.1, 'm7-1': 109.83, 'm8-1': 24.99}",1.6500000000000001,794.265,795.365,inf,901.078,901.078
802,T1,BESTEFFORT,COMPLETED,m5-1,791.144,"{'m1-1': 25.18, 'm2-1': 114.57, 'm3-1': 100.89, 'm4-1': 25.55, 'm5-1': 4.7, 'm6-1': 1.02, 'm7-1': 106.18, 'm8-1': 27.52}",7.050000000000001,791.144,795.844,inf,901.144,901.144
803,T1,BESTEFFORT,COMPLETED,m6-1,794.539,"{'m1-1': 25.67, 'm2-1': 102.87, 'm3-1': 108.77, 'm4-1': 26.0, 'm5-1': 4.92, 'm6-1': 1.11, 'm7-1': 109.42, 'm8-1': 24.7}",1.665,795.365,796.475,inf,904.539,904.539
804,T1,BESTEFFORT,COMPLETED,m6-1,796.9,"{'m1-1': 24.47, 'm2-1': 112.23, 'm3-1': 106.24, 'm4-1': 24.83, 'm5-1': 5.54, 'm6-1': 0.94, 'm7-1': 98.48, 'm8-1': 24.09}",1.41,796.9,797.84,inf,906.9,906.9
805,T3,BESTEFFORT,COMPLETED,m6-1,798.452,"{'m1-1': 26.97, 'm2-1': 100.88, 'm3-1': 98.12, 'm4-1': 25.92, 'm5-1': 5.12, 'm6-1': 0.93, 'm7-1': 102.79, 'm8-1': 25.77}",1.395,798.452,799.382,inf,908.452,908.452
806,T8,BESTEFFORT,COMPLETED,m6-1,800.382,"{'m1-1': 25.46, 'm2-1': 109.64, 'm3-1': 99.07, 'm4-1': 25.22, 'm5-1': 5.07, 'm6-1': 1.05, 'm7-1': 105.56, 'm8-1': 24.65}",1.5750000000000002,800.382,801.4319999999999,inf,910.382,910.382
807,T4,BESTEFFORT,COMPLETED,m6-1,801.643,"{'m1-1': 24.67, 'm2-1': 100.78, 'm3-1': 100.67, 'm4-1': 24.91, 'm5-1': 5.22, 'm6-1': 0.95, 'm7-1': 103.21, 'm8-1': 27.48}",1.4249999999999998,801.643,802.5930000000001,inf,911.643,911.643
808,T10,BESTEFFORT,COMPLETED,m6-1,801.803,"{'m1-1': 26.45, 'm2-1': 109.84, 'm3-1': 95.13, 'm4-1': 27.04, 'm5-1': 5.73, 'm6-1': 1.01, 'm7-1': 110.68, 'm8-1': 25.56}",1.5150000000000001,802.5930000000001,803.6030000000001,inf,911.803,911.803
809,T5,BESTEFFORT,COMPLETED,m6-1,802.125,"{'m1-1': 28.23, 'm2-1': 95.52, 'm3-1': 96.9, 'm4-1': 26.69, 'm5-1': 5.19, 'm6-1': 1.14, 'm7-1': 97.1, 'm8-1': 27.42}",1.71,803.6030000000001,804.743,inf,912.125,912.125
810,T3,BESTEFFORT,COMPLETED,m6-1,802.711,"{'m1-1': 29.51, 'm2-1': 112.1, 'm3-1': 94.97, 'm4-1': 27.06, 'm5-1': 5.0, 'm6-1': 0.92, 'm7-1': 112.58, 'm8-1': 25.94}",1.3800000000000001,804.743,805.663,inf,912.711,912.711
811,T1,BESTEFFORT,COMPLETED,m6-1,803.914,"{'m1-1': 28.21, 'm2-1': 111.97, 'm3-1': 99.43, 'm4-1': 25.16, 'm5-1': 4.72, 'm6-1': 1.03, 'm7-1': 112.29, 'm8-1': 26.83}",1.545,805.663,806.693,inf,913.914,913.914
812,T2,BESTEFFORT,COMPLETED,m6-1,804.157,"{'m1-1': 25.43, 'm2-1': 114.36, 'm3-1': 116.66, 'm4-1': 28.12, 'm5-1': 5.14, 'm6-1': 1.16, 'm7-1': 104.03, 'm8-1': 24.85}",1.7399999999999998,806.693,807.853,inf,914.157,914.157
813,T4,BESTEFFORT,COMPLETED,m5-1,804.279,"{'m1-1': 24.26, 'm2-1': 111.18, 'm3-1': 105.87, 'm4-1': 23.29, 'm5-1': 5.05, 'm6-1': 1.08, 'm7-1': 99.32, 'm8-1': 26.83}",7.574999999999999,804.279,809.329,inf,914.279,914.279
814,T1,BESTEFFORT,COMPLETED,m6-1,805.343,"{'m1-1': 26.42, 'm2-1': 118.18, 'm3-1': 102.13, 'm4-1': 25.27, 'm5-1': 4.96, 'm6-1': 0.97, 'm7-1': 109.2, 'm8-1': 25.06}",1.455,807.853,808.823,inf,915.343,915.343
815,T3,BESTEFFORT,COMPLETED,m6-1,806.975,"{'m1-1': 25.6, 'm2-1': 117.04, 'm3-1': 97.06, 'm4-1': 28.66, 'm5-1': 5.76, 'm6-1': 0.99, 'm7-1': 96.17, 'm8-1': 26.19}",1.4849999999999999,808.823,809.813,inf,916.975,916.975
816,T1,BESTEFFORT,COMPLETED,m6-1,807.222,"{'m1-1': 27.66, 'm2-1': 103.92, 'm3-1': 97.5, 'm4-1': 25.8, 'm5-1': 5.5, 'm6-1': 1.01, 'm7-1': 115.03, 'm8-1': 25.78}",1.5150000000000001,809.813,810.823,inf,917.222,917.222
817,T8,BESTEFFORT,COMPLETED,m5-1,807.568,"{'m1-1': 25.78, 'm2-1': 110.88, 'm3-1': 104.08, 'm4-1': 24.57, 'm5-1': 5.01, 'm6-1': 1.05, 'm7-1': 102.14, 'm8-1': 25.5}",7.515,809.329,814.3389999999999,inf,917.568,917.568
818,T5,BESTEFFORT,COMPLETED,m6-1,808.085,"{'m1-1': 28.02, 'm2-1': 96.51, 'm3-1': 103.09, 'm4-1': 24.9, 'm5-1': 5.76, 'm6-1': 1.19, 'm7-1': 93.47, 'm8-1': 28.82}",1.785,810.823,812.013,inf,918.085,918.085
819,T1,BESTEFFORT,COMPLETED,m6-1,810.039,"{'m1-1': 27.83, 'm2-1': 106.5, 'm3-1': 107.41, 'm4-1': 25.7, 'm5-1': 4.82, 'm6-1': 1.02, 'm7-1': 104.71, 'm8-1': 23.66}",1.53,812.013,813.033,inf,920.039,920.039
820,T1,BESTEFFORT,COMPLETED,m6-1,810.475,"{'m1-1': 25.93, 'm2-1': 115.95, 'm3-1': 96.54, 'm4-1': 27.74, 'm5-1': 5.52, 'm6-1': 1.03, 'm7-1': 114.46, 'm8-1': 25.96}",1.545,813.033,814.063,inf,920.475,920.475
821,T6,BESTEFFORT,COMPLETED,m6-1,811.109,"{'m1-1': 28.14, 'm2-1': 101.02, 'm3-1': 97.04, 'm4-1': 26.13, 'm5-1': 5.34, 'm6-1': 1.07, 'm7-1': 105.46, 'm8-1': 25.04}",1.605,814.063,815.133,inf,921.109,921.109
822,T1,BESTEFFORT,COMPLETED,m6-1,813.042,"{'m1-1': 26.12, 'm2-1': 110.71, 'm3-1': 107.8, 'm4-1': 24.3, 'm5-1': 5.31, 'm6-1': 0.98, 'm7-1': 101.38, 'm8-1': 27.58}",1.47,815.133,816.113,inf,923.042,923.042
823,T2,BESTEFFORT,COMPLETED,m6-1,814.306,"{'m1-1': 24.91, 'm2-1': 103.3, 'm3-1': 100.47, 'm4-1': 25.63, 'm5-1': 5.24, 'm6-1': 1.03, 'm7-1': 105.01, 'm8-1': 26.06}",1.545,816.113,817.143,inf,924.306,924.306
824,T10,BESTEFFORT,COMPLETED,m6-1,815.663,"{'m1-1': 28.24, 'm2-1': 108.09, 'm3-1': 105.16, 'm4-1': 26.07, 'm5-1': 4.89, 'm6-1': 0.99, 'm7-1': 103.97, 'm8-1': 26.29}",1.4849999999999999,817.143,818.133,inf,925.663,925.663
825,T5,BESTEFFORT,COMPLETED,m6-1,816.584,"{'m1-1': 27.16, 'm2-1': 95.4, 'm3-1': 108.94, 'm4-1': 26.24, 'm5-1': 5.36, 'm6-1': 1.14, 'm7-1': 108.62, 'm8-1': 28.37}",1.71,818.133,819.273,inf,926.584,926.584
826,T10,BESTEFFORT,COMPLETED,m6-1,816.667,"{'m1-1': 29.51, 'm2-1': 100.4, 'm3-1': 99.01, 'm4-1': 28.76, 'm5-1': 5.32, 'm6-1': 1.12, 'm7-1': 107.55, 'm8-1': 27.54}",1.6800000000000002,819.273,820.393,inf,926.667,926.667
827,T3,BESTEFFORT,COMPLETED,m6-1,817.7,"{'m1-1': 26.52, 'm2-1': 104.56, 'm3-1': 103.62, 'm4-1': 26.43, 'm5-1': 5.42, 'm6-1': 1.06, 'm7-1': 104.56, 'm8-1': 24.47}",1.59,820.393,821.453,inf,927.7,927.7
828,T5,BESTEFFORT,COMPLETED,m6-1,818.876,"{'m1-1': 28.54, 'm2-1': 100.75, 'm3-1': 97.09, 'm4-1': 26.53, 'm5-1': 5.05, 'm6-1': 1.14, 'm7-1': 99.82, 'm8-1': 27.65}",1.71,821.453,822.593,inf,928.876,928.876
829,T8,BESTEFFORT,COMPLETED,m6-1,820.851,"{'m1-1': 26.73, 'm2-1': 106.06, 'm3-1': 104.86, 'm4-1': 26.15, 'm5-1': 5.06, 'm6-1': 1.0, 'm7-1': 104.64, 'm8-1': 25.4}",1.5,822.593,823.593,inf,930.851,930.851
830,T1,BESTEFFORT,COMPLETED,m6-1,822.869,"{'m1-1': 25.42, 'm2-1': 116.44, 'm3-1': 96.99, 'm4-1': 24.28, 'm5-1': 5.52, 'm6-1': 0.94, 'm7-1': 103.9, 'm8-1': 24.06}",1.41,823.593,824.533,inf,932.869,932.869
831,T9,BESTEFFORT,COMPLETED,m6-1,822.932,"{'m1-1': 28.74, 'm2-1': 99.49, 'm3-1': 114.03, 'm4-1': 25.8, 'm5-1': 5.23, 'm6-1': 1.01, 'm7-1': 99.57, 'm8-1': 28.09}",1.5150000000000001,824.533,825.543,inf,932.932,932.932
832,T7,BESTEFFORT,COMPLETED,m6-1,825.129,"{'m1-1': 29.08, 'm2-1': 111.96, 'm3-1': 108.65, 'm4-1': 26.96, 'm5-1': 5.4, 'm6-1': 1.15, 'm7-1': 110.3, 'm8-1': 27.81}",1.7249999999999999,825.543,826.693,inf,935.129,935.129
833,T10,BESTEFFORT,COMPLETED,m6-1,828.094,"{'m1-1': 27.04, 'm2-1': 103.46, 'm3-1': 99.62, 'm4-1': 28.64, 'm5-1': 5.1, 'm6-1': 1.09, 'm7-1': 103.97, 'm8-1': 23.99}",1.6350000000000002,828.094,829.1840000000001,inf,938.094,938.094
834,T6,BESTEFFORT,COMPLETED,m6-1,830.085,"{'m1-1': 29.67, 'm2-1': 106.25, 'm3-1': 106.28, 'm4-1': 27.6, 'm5-1': 5.21, 'm6-1': 0.97, 'm7-1': 100.1, 'm8-1': 24.2}",1.455,830.085,831.0550000000001,inf,940.085,940.085
835,T1,BESTEFFORT,COMPLETED,m6-1,832.93,"{'m1-1': 25.01, 'm2-1': 115.04, 'm3-1': 108.66, 'm4-1': 26.72, 'm5-1': 5.33, 'm6-1': 0.99, 'm7-1': 101.85, 'm8-1': 27.53}",1.4849999999999999,832.93,833.92,inf,942.93,942.93
836,T3,BESTEFFORT,COMPLETED,m6-1,833.408,"{'m1-1': 27.97, 'm2-1': 106.59, 'm3-1': 106.19, 'm4-1': 26.81, 'm5-1': 5.19, 'm6-1': 1.01, 'm7-1': 107.49, 'm8-1': 25.53}",1.5150000000000001,833.92,834.93,inf,943.408,943.408
837,T6,BESTEFFORT,COMPLETED,m6-1,834.09,"{'m1-1': 27.41, 'm2-1': 101.66, 'm3-1': 104.79, 'm4-1': 28.88, 'm5-1': 5.67, 'm6-1': 0.98, 'm7-1': 95.96, 'm8-1': 23.2}",1.47,834.93,835.91,inf,944.09,944.09
838,T6,BESTEFFORT,COMPLETED,m6-1,835.999,"{'m1-1': 27.03, 'm2-1': 106.04, 'm3-1': 105.93, 'm4-1': 27.96, 'm5-1': 5.39, 'm6-1': 0.92, 'm7-1': 100.25, 'm8-1': 24.01}",1.3800000000000001,835.999,836.919,inf,945.999,945.999
839,T2,BESTEFFORT,COMPLETED,m6-1,836.128,"{'m1-1': 26.42, 'm2-1': 114.59, 'm3-1': 114.56, 'm4-1': 26.71, 'm5-1': 4.89, 'm6-1': 1.1, 'm7-1': 95.36, 'm8-1': 26.77}",1.6500000000000001,836.919,838.019,inf,946.128,946.128
840,T10,BESTEFFORT,COMPLETED,m6-1,837.026,"{'m1-1': 29.64, 'm2-1': 107.58, 'm3-1': 91.43, 'm4-1': 26.86, 'm5-1': 5.52, 'm6-1': 1.11, 'm7-1': 106.68, 'm8-1': 25.9}",1.665,838.019,839.129,inf,947.026,947.026
841,T3,BESTEFFORT,COMPLETED,m6-1,838.387,"{'m1-1': 27.66, 'm2-1': 110.38, 'm3-1': 95.08, 'm4-1': 25.79, 'm5-1': 5.21, 'm6-1': 1.06, 'm7-1': 114.08, 'm8-1': 25.15}",1.59,839.129,840.189,inf,948.387,948.387
842,T5,BESTEFFORT,COMPLETED,m6-1,839.016,"{'m1-1': 27.61, 'm2-1': 95.58, 'm3-1': 92.06, 'm4-1': 28.06, 'm5-1': 5.36, 'm6-1': 1.1, 'm7-1': 104.42, 'm8-1': 25.48}",1.6500000000000001,840.189,841.289,inf,949.016,949.016
843,T1,BESTEFFORT,COMPLETED,m6-1,840.543,"{'m1-1': 25.02, 'm2-1': 107.44, 'm3-1': 103.85, 'm4-1': 26.72, 'm5-1': 4.78, 'm6-1': 0.99, 'm7-1': 114.41, 'm8-1': 26.68}",1.4849999999999999,841.289,842.279,inf,950.543,950.543
844,T5,BESTEFFORT,COMPLETED,m6-1,842.192,"{'m1-1': 26.38, 'm2-1': 101.29, 'm3-1': 106.56, 'm4-1': 24.92, 'm5-1': 5.47, 'm6-1': 1.14, 'm7-1': 93.86, 'm8-1': 28.28}",1.71,842.279,843.419,inf,952.192,952.192
845,T2,BESTEFFORT,COMPLETED,m6-1,842.519,"{'m1-1': 26.94, 'm2-1': 102.22, 'm3-1': 111.72, 'm4-1': 28.82, 'm5-1': 4.81, 'm6-1': 1.07, 'm7-1': 101.33, 'm8-1': 28.91}",1.605,843.419,844.489,inf,952.519,952.519
846,T7,BESTEFFORT,COMPLETED,m6-1,842.634,"{'m1-1': 25.5, 'm2-1': 99.63, 'm3-1': 96.32, 'm4-1': 25.2, 'm5-1': 4.74, 'm6-1': 1.05, 'm7-1': 94.22, 'm8-1': 24.9}",1.5750000000000002,844.489,845.539,inf,952.634,952.634
847,T2,BESTEFFORT,COMPLETED,m6-1,843.793,"{'m1-1': 26.8, 'm2-1': 110.12, 'm3-1': 110.78, 'm4-1': 25.66, 'm5-1': 5.16, 'm6-1': 1.16, 'm7-1': 95.11, 'm8-1': 25.41}",1.7399999999999998,845.539,846.699,inf,953.793,953.793
848,T6,BESTEFFORT,COMPLETED,m6-1,844.493,"{'m1-1': 28.41, 'm2-1': 109.24, 'm3-1': 108.15, 'm4-1': 25.68, 'm5-1': 5.67, 'm6-1': 1.01, 'm7-1': 108.02, 'm8-1': 26.42}",1.5150000000000001,846.699,847.709,inf,954.493,954.493
849,T6,BESTEFFORT,COMPLETED,m6-1,845.447,"{'m1-1': 25.94, 'm2-1': 117.9, 'm3-1': 113.95, 'm4-1': 28.89, 'm5-1': 5.73, 'm6-1': 1.0, 'm7-1': 107.0, 'm8-1': 23.28}",1.5,847.709,848.709,inf,955.447,955.447
850,T10,BESTEFFORT,COMPLETED,m6-1,846.466,"{'m1-1': 25.47, 'm2-1': 113.58, 'm3-1': 107.94, 'm4-1': 25.87, 'm5-1': 5.6, 'm6-1': 1.0, 'm7-1': 98.98, 'm8-1': 27.54}",1.5,848.709,849.709,inf,956.466,956.466
851,T4,BESTEFFORT,COMPLETED,m6-1,849.43,"{'m1-1': 23.4, 'm2-1': 95.24, 'm3-1': 107.84, 'm4-1': 25.98, 'm5-1': 5.29, 'm6-1': 0.92, 'm7-1': 109.17, 'm8-1': 25.32}",1.3800000000000001,849.709,850.6289999999999,inf,959.43,959.43
852,T5,BESTEFFORT,COMPLETED,m6-1,849.537,"{'m1-1': 26.63, 'm2-1': 94.1, 'm3-1': 91.94, 'm4-1': 26.12, 'm5-1': 5.15, 'm6-1': 1.1, 'm7-1': 95.14, 'm8-1': 24.94}",1.6500000000000001,850.6289999999999,851.7289999999999,inf,959.537,959.537
853,T1,BESTEFFORT,COMPLETED,m6-1,853.837,"{'m1-1': 25.6, 'm2-1': 105.33, 'm3-1': 112.07, 'm4-1': 25.19, 'm5-1': 5.35, 'm6-1': 1.05, 'm7-1': 109.51, 'm8-1': 27.83}",1.5750000000000002,853.837,854.887,inf,963.837,963.837
854,T6,BESTEFFORT,COMPLETED,m6-1,855.477,"{'m1-1': 29.0, 'm2-1': 105.48, 'm3-1': 107.66, 'm4-1': 24.7, 'm5-1': 5.52, 'm6-1': 1.02, 'm7-1': 97.19, 'm8-1': 25.96}",1.53,855.477,856.497,inf,965.477,965.477
855,T5,BESTEFFORT,COMPLETED,m6-1,855.956,"{'m1-1': 28.35, 'm2-1': 96.61, 'm3-1': 97.14, 'm4-1': 23.86, 'm5-1': 5.92, 'm6-1': 1.04, 'm7-1': 96.5, 'm8-1': 25.03}",1.56,856.497,857.5369999999999,inf,965.956,965.956
856,T2,BESTEFFORT,COMPLETED,m6-1,856.284,"{'m1-1': 25.82, 'm2-1': 109.64, 'm3-1': 117.44, 'm4-1': 27.1, 'm5-1': 4.59, 'm6-1': 1.01, 'm7-1': 105.84, 'm8-1': 25.07}",1.5150000000000001,857.5369999999999,858.5469999999999,inf,966.284,966.284
857,T4,BESTEFFORT,COMPLETED,m6-1,858.679,"{'m1-1': 23.05, 'm2-1': 99.18, 'm3-1': 108.1, 'm4-1': 24.83, 'm5-1': 5.43, 'm6-1': 1.01, 'm7-1': 96.94, 'm8-1': 23.75}",1.5150000000000001,858.679,859.689,inf,968.679,968.679
858,T8,BESTEFFORT,COMPLETED,m6-1,859.266,"{'m1-1': 24.27, 'm2-1': 115.48, 'm3-1': 99.1, 'm4-1': 23.85, 'm5-1': 5.27, 'm6-1': 0.99, 'm7-1': 97.8, 'm8-1': 26.28}",1.4849999999999999,859.689,860.679,inf,969.266,969.266
859,T9,BESTEFFORT,COMPLETED,m6-1,859.414,"{'m1-1': 27.9, 'm2-1': 100.23, 'm3-1': 99.05, 'm4-1': 28.92, 'm5-1': 5.34, 'm6-1': 1.05, 'm7-1': 107.59, 'm8-1': 27.35}",1.5750000000000002,860.679,861.7289999999999,inf,969.414,969.414
860,T7,BESTEFFORT,COMPLETED,m6-1,860.063,"{'m1-1': 27.86, 'm2-1': 106.26, 'm3-1': 100.88, 'm4-1': 26.63, 'm5-1': 4.69, 'm6-1': 1.05, 'm7-1': 100.01, 'm8-1': 25.75}",1.5750000000000002,861.7289999999999,862.7789999999999,inf,970.063,970.063
861,T10,BESTEFFORT,COMPLETED,m6-1,860.461,"{'m1-1': 25.1, 'm2-1': 103.28, 'm3-1': 101.2, 'm4-1': 26.86, 'm5-1': 4.9, 'm6-1': 1.14, 'm7-1': 105.04, 'm8-1': 27.44}",1.71,862.7789999999999,863.9189999999999,inf,970.461,970.461
862,T5,BESTEFFORT,COMPLETED,m6-1,863.116,"{'m1-1': 28.34, 'm2-1': 98.02, 'm3-1': 92.48, 'm4-1': 26.84, 'm5-1': 5.56, 'm6-1': 1.19, 'm7-1': 107.81, 'm8-1': 25.12}",1.785,863.9189999999999,865.1089999999999,inf,973.116,973.116
863,T6,BESTEFFORT,COMPLETED,m6-1,865.494,"{'m1-1': 26.88, 'm2-1': 103.39, 'm3-1': 103.72, 'm4-1': 26.42, 'm5-1': 5.46, 'm6-1': 0.96, 'm7-1': 105.66, 'm8-1': 24.22}",1.44,865.494,866.4540000000001,inf,975.494,975.494
864,T5,BESTEFFORT,COMPLETED,m6-1,866.862,"{'m1-1': 26.63, 'm2-1': 103.9, 'm3-1': 93.02, 'm4-1': 24.08, 'm5-1': 5.91, 'm6-1': 1.18, 'm7-1': 92.55, 'm8-1': 27.14}",1.77,866.862,868.0419999999999,inf,976.862,976.862
865,T7,BESTEFFORT,COMPLETED,m6-1,870.054,"{'m1-1': 26.83, 'm2-1': 111.47, 'm3-1': 101.52, 'm4-1': 25.23, 'm5-1': 5.1, 'm6-1': 1.07, 'm7-1': 108.35, 'm8-1': 27.16}",1.605,870.054,871.124,inf,980.054,980.054
866,T9,BESTEFFORT,COMPLETED,m6-1,870.524,"{'m1-1': 26.69, 'm2-1': 114.82, 'm3-1': 107.66, 'm4-1': 24.6, 'm5-1': 4.87, 'm6-1': 1.0, 'm7-1': 104.47, 'm8-1': 24.14}",1.5,871.124,872.124,inf,980.524,980.524
867,T2,BESTEFFORT,COMPLETED,m6-1,870.588,"{'m1-1': 28.71, 'm2-1': 108.93, 'm3-1': 107.46, 'm4-1': 28.91, 'm5-1': 4.96, 'm6-1': 1.11, 'm7-1': 94.25, 'm8-1': 27.06}",1.665,872.124,873.234,inf,980.588,980.588
868,T1,BESTEFFORT,COMPLETED,m6-1,870.72,"{'m1-1': 26.85, 'm2-1': 101.38, 'm3-1': 113.94, 'm4-1': 26.04, 'm5-1': 5.4, 'm6-1': 0.96, 'm7-1': 106.91, 'm8-1': 27.9}",1.44,873.234,874.1940000000001,inf,980.72,980.72
869,T7,BESTEFFORT,COMPLETED,m5-1,870.892,"{'m1-1': 26.83, 'm2-1': 103.51, 'm3-1': 106.11, 'm4-1': 26.72, 'm5-1': 4.63, 'm6-1': 1.05, 'm7-1': 110.38, 'm8-1': 25.75}",6.945,870.892,875.522,inf,980.892,980.892
870,T3,BESTEFFORT,COMPLETED,m6-1,873.734,"{'m1-1': 25.73, 'm2-1': 104.75, 'm3-1': 99.65, 'm4-1': 26.62, 'm5-1': 5.89, 'm6-1': 0.93, 'm7-1': 99.24, 'm8-1': 26.92}",1.395,874.1940000000001,875.124,inf,983.734,983.734
871,T9,BESTEFFORT,COMPLETED,m6-1,874.358,"{'m1-1': 26.39, 'm2-1': 100.41, 'm3-1': 106.26, 'm4-1': 24.52, 'm5-1': 5.13, 'm6-1': 0.98, 'm7-1': 102.57, 'm8-1': 26.07}",1.47,875.124,876.104,inf,984.358,984.358
872,T1,BESTEFFORT,COMPLETED,m6-1,875.418,"{'m1-1': 26.33, 'm2-1': 102.65, 'm3-1': 110.5, 'm4-1': 23.95, 'm5-1': 5.4, 'm6-1': 1.06, 'm7-1': 101.85, 'm8-1': 26.72}",1.59,876.104,877.164,inf,985.418,985.418
873,T6,BESTEFFORT,COMPLETED,m6-1,877.438,"{'m1-1': 29.56, 'm2-1': 105.01, 'm3-1': 109.21, 'm4-1': 26.23, 'm5-1': 5.23, 'm6-1': 1.08, 'm7-1': 106.83, 'm8-1': 25.62}",1.62,877.438,878.518,inf,987.438,987.438
874,T10,BESTEFFORT,COMPLETED,m6-1,877.628,"{'m1-1': 25.32, 'm2-1': 105.82, 'm3-1': 106.7, 'm4-1': 27.89, 'm5-1': 5.33, 'm6-1': 1.1, 'm7-1': 109.98, 'm8-1': 25.56}",1.6500000000000001,878.518,879.618,inf,987.628,987.628
875,T2,BESTEFFORT,COMPLETED,m6-1,878.827,"{'m1-1': 26.8, 'm2-1': 108.36, 'm3-1': 108.39, 'm4-1': 25.22, 'm5-1': 5.2, 'm6-1': 1.04, 'm7-1': 101.0, 'm8-1': 26.84}",1.56,879.618,880.658,inf,988.827,988.827
876,T10,BESTEFFORT,COMPLETED,m6-1,878.976,"{'m1-1': 26.64, 'm2-1': 98.95, 'm3-1': 96.34, 'm4-1': 29.13, 'm5-1': 5.76, 'm6-1': 1.0, 'm7-1': 113.37, 'm8-1': 23.77}",1.5,880.658,881.658,inf,988.976,988.976
877,T9,BESTEFFORT,COMPLETED,m6-1,880.278,"{'m1-1': 29.2, 'm2-1': 111.59, 'm3-1': 98.62, 'm4-1': 27.29, 'm5-1': 4.72, 'm6-1': 1.02, 'm7-1': 98.71, 'm8-1': 24.67}",1.53,881.658,882.678,inf,990.278,990.278
878,T4,BESTEFFORT,COMPLETED,m6-1,880.433,"{'m1-1': 25.54, 'm2-1': 99.58, 'm3-1': 102.28, 'm4-1': 26.77, 'm5-1': 5.65, 'm6-1': 0.99, 'm7-1': 96.88, 'm8-1': 27.52}",1.4849999999999999,882.678,883.668,inf,990.433,990.433
879,T6,BESTEFFORT,COMPLETED,m6-1,882.489,"{'m1-1': 27.04, 'm2-1': 112.01, 'm3-1': 96.45, 'm4-1': 26.11, 'm5-1': 5.84, 'm6-1': 1.06, 'm7-1': 100.6, 'm8-1': 26.0}",1.59,883.668,884.728,inf,992.489,992.489
880,T5,BESTEFFORT,COMPLETED,m6-1,885.845,"{'m1-1': 24.86, 'm2-1': 97.22, 'm3-1': 98.12, 'm4-1': 27.57, 'm5-1': 5.68, 'm6-1': 1.17, 'm7-1': 102.58, 'm8-1': 27.59}",1.755,885.845,887.015,inf,995.845,995.845
881,T3,BESTEFFORT,COMPLETED,m6-1,885.999,"{'m1-1': 28.56, 'm2-1': 108.43, 'm3-1': 97.51, 'm4-1': 27.91, 'm5-1': 5.89, 'm6-1': 1.07, 'm7-1': 109.92, 'm8-1': 24.79}",1.605,887.015,888.085,inf,995.999,995.999
882,T4,BESTEFFORT,COMPLETED,m6-1,886.455,"{'m1-1': 26.9, 'm2-1': 105.05, 'm3-1': 103.88, 'm4-1': 25.1, 'm5-1': 5.92, 'm6-1': 0.96, 'm7-1': 111.34, 'm8-1': 26.53}",1.44,888.085,889.0450000000001,inf,996.455,996.455
883,T7,BESTEFFORT,COMPLETED,m6-1,886.513,"{'m1-1': 28.24, 'm2-1': 113.34, 'm3-1': 102.12, 'm4-1': 28.22, 'm5-1': 5.34, 'm6-1': 1.16, 'm7-1': 103.74, 'm8-1': 27.38}",1.7399999999999998,889.0450000000001,890.205,inf,996.513,996.513
884,T6,BESTEFFORT,COMPLETED,m6-1,887.352,"{'m1-1': 29.49, 'm2-1': 106.16, 'm3-1': 98.51, 'm4-1': 24.66, 'm5-1': 5.47, 'm6-1': 1.02, 'm7-1': 105.68, 'm8-1': 24.96}",1.53,890.205,891.225,inf,997.352,997.352
885,T9,BESTEFFORT,COMPLETED,m6-1,888.508,"{'m1-1': 27.9, 'm2-1': 109.33, 'm3-1': 105.04, 'm4-1': 26.27, 'm5-1': 5.11, 'm6-1': 1.05, 'm7-1': 111.03, 'm8-1': 27.64}",1.5750000000000002,891.225,892.275,inf,998.508,998.508
886,T6,BESTEFFORT,COMPLETED,m5-1,888.982,"{'m1-1': 28.97, 'm2-1': 108.45, 'm3-1': 109.59, 'm4-1': 28.66, 'm5-1': 5.82, 'm6-1': 1.04, 'm7-1': 96.3, 'm8-1': 23.28}",8.73,888.982,894.802,inf,998.982,998.982
887,T8,BESTEFFORT,COMPLETED,m6-1,889.695,"{'m1-1': 23.03, 'm2-1': 102.47, 'm3-1': 99.24, 'm4-1': 24.24, 'm5-1': 5.47, 'm6-1': 1.15, 'm7-1': 94.3, 'm8-1': 25.12}",1.7249999999999999,892.275,893.425,inf,999.695,999.695
888,T1,BESTEFFORT,COMPLETED,m6-1,891.762,"{'m1-1': 28.56, 'm2-1': 111.01, 'm3-1': 99.22, 'm4-1': 24.55, 'm5-1': 4.89, 'm6-1': 1.06, 'm7-1': 109.84, 'm8-1': 26.74}",1.59,893.425,894.4849999999999,inf,1001.762,1001.762
889,T2,BESTEFFORT,COMPLETED,m6-1,893.566,"{'m1-1': 25.24, 'm2-1': 100.9, 'm3-1': 108.19, 'm4-1': 25.7, 'm5-1': 4.61, 'm6-1': 1.05, 'm7-1': 97.81, 'm8-1': 26.76}",1.5750000000000002,894.4849999999999,895.5349999999999,inf,1003.566,1003.566
890,T7,BESTEFFORT,COMPLETED,m6-1,896.29,"{'m1-1': 27.43, 'm2-1': 105.95, 'm3-1': 96.64, 'm4-1': 27.45, 'm5-1': 4.94, 'm6-1': 1.07, 'm7-1': 106.83, 'm8-1': 25.89}",1.605,896.29,897.36,inf,1006.29,1006.29
891,T4,BESTEFFORT,COMPLETED,m6-1,898.263,"{'m1-1': 23.59, 'm2-1': 96.35, 'm3-1': 92.88, 'm4-1': 24.49, 'm5-1': 5.17, 'm6-1': 0.96, 'm7-1': 108.16, 'm8-1': 25.05}",1.44,898.263,899.2230000000001,inf,1008.263,1008.263
892,T6,BESTEFFORT,COMPLETED,m6-1,898.632,"{'m1-1': 28.77, 'm2-1': 111.89, 'm3-1': 99.29, 'm4-1': 27.29, 'm5-1': 5.76, 'm6-1': 0.96, 'm7-1': 100.43, 'm8-1': 26.2}",1.44,899.2230000000001,900.1830000000001,inf,1008.632,1008.632
893,T2,BESTEFFORT,COMPLETED,m6-1,900.374,"{'m1-1': 24.95, 'm2-1': 111.06, 'm3-1': 117.83, 'm4-1': 26.37, 'm5-1': 5.1, 'm6-1': 1.14, 'm7-1': 100.42, 'm8-1': 25.54}",1.71,900.374,901.514,inf,1010.374,1010.374
894,T8,BESTEFFORT,COMPLETED,m6-1,901.445,"{'m1-1': 23.89, 'm2-1': 114.81, 'm3-1': 105.74, 'm4-1': 27.11, 'm5-1': 5.33, 'm6-1': 1.15, 'm7-1': 110.05, 'm8-1': 25.85}",1.7249999999999999,901.514,902.664,inf,1011.445,1011.445
895,T8,BESTEFFORT,COMPLETED,m6-1,901.849,"{'m1-1': 24.63, 'm2-1': 116.86, 'm3-1': 111.01, 'm4-1': 24.01, 'm5-1': 4.96, 'm6-1': 1.07, 'm7-1': 104.19, 'm8-1': 28.05}",1.605,902.664,903.734,inf,1011.849,1011.849
896,T8,BESTEFFORT,COMPLETED,m6-1,903.184,"{'m1-1': 23.48, 'm2-1': 111.14, 'm3-1': 105.09, 'm4-1': 25.62, 'm5-1': 4.84, 'm6-1': 1.04, 'm7-1': 104.12, 'm8-1': 26.69}",1.56,903.734,904.774,inf,1013.184,1013.184
897,T3,BESTEFFORT,COMPLETED,m6-1,905.281,"{'m1-1': 25.21, 'm2-1': 107.05, 'm3-1': 101.26, 'm4-1': 25.05, 'm5-1': 5.39, 'm6-1': 0.94, 'm7-1': 98.12, 'm8-1': 26.59}",1.41,905.281,906.221,inf,1015.281,1015.281
898,T5,BESTEFFORT,COMPLETED,m6-1,906.823,"{'m1-1': 28.36, 'm2-1': 95.22, 'm3-1': 108.08, 'm4-1': 27.46, 'm5-1': 5.1, 'm6-1': 1.03, 'm7-1': 93.9, 'm8-1': 25.08}",1.545,906.823,907.853,inf,1016.823,1016.823
899,T2,BESTEFFORT,COMPLETED,m6-1,907.771,"{'m1-1': 26.54, 'm2-1': 106.34, 'm3-1': 116.32, 'm4-1': 25.86, 'm5-1': 5.39, 'm6-1': 1.02, 'm7-1': 102.73, 'm8-1': 25.52}",1.53,907.853,908.8729999999999,inf,1017.771,1017.771
900,T10,BESTEFFORT,COMPLETED,m6-1,907.877,"{'m1-1': 28.6, 'm2-1': 102.0, 'm3-1': 95.29, 'm4-1': 24.85, 'm5-1': 5.11, 'm6-1': 1.04, 'm7-1': 103.42, 'm8-1': 27.18}",1.56,908.8729999999999,909.9129999999999,inf,1017.877,1017.877
901,T7,BESTEFFORT,COMPLETED,m6-1,912.818,"{'m1-1': 26.1, 'm2-1': 109.77, 'm3-1': 97.4, 'm4-1': 24.69, 'm5-1': 5.31, 'm6-1': 1.11, 'm7-1': 101.97, 'm8-1': 24.38}",1.665,912.818,913.928,inf,1022.818,1022.818
902,T1,BESTEFFORT,COMPLETED,m6-1,912.935,"{'m1-1': 26.16, 'm2-1': 104.42, 'm3-1': 105.15, 'm4-1': 25.07, 'm5-1': 5.3, 'm6-1': 0.98, 'm7-1': 97.69, 'm8-1': 25.83}",1.47,913.928,914.908,inf,1022.935,1022.935
903,T2,BESTEFFORT,COMPLETED,m6-1,913.349,"{'m1-1': 26.74, 'm2-1': 105.52, 'm3-1': 113.19, 'm4-1': 28.51, 'm5-1': 4.8, 'm6-1': 1.0, 'm7-1': 104.54, 'm8-1': 24.92}",1.5,914.908,915.908,inf,1023.349,1023.349
904,T2,BESTEFFORT,COMPLETED,m6-1,913.606,"{'m1-1': 27.59, 'm2-1': 117.53, 'm3-1': 114.99, 'm4-1': 26.29, 'm5-1': 5.37, 'm6-1': 1.03, 'm7-1': 109.38, 'm8-1': 28.97}",1.545,915.908,916.938,inf,1023.606,1023.606
905,T2,BESTEFFORT,COMPLETED,m6-1,914.748,"{'m1-1': 25.68, 'm2-1': 106.35, 'm3-1': 109.05, 'm4-1': 26.48, 'm5-1': 5.24, 'm6-1': 1.14, 'm7-1': 109.0, 'm8-1': 24.48}",1.71,916.938,918.078,inf,1024.748,1024.748
906,T7,BESTEFFORT,COMPLETED,m6-1,916.549,"{'m1-1': 25.43, 'm2-1': 105.35, 'm3-1': 101.45, 'm4-1': 27.4, 'm5-1': 5.02, 'm6-1': 1.08, 'm7-1': 96.74, 'm8-1': 26.22}",1.62,918.078,919.158,inf,1026.549,1026.549
907,T6,BESTEFFORT,COMPLETED,m6-1,918.903,"{'m1-1': 26.58, 'm2-1': 109.14, 'm3-1': 108.4, 'm4-1': 25.71, 'm5-1': 5.39, 'm6-1': 0.93, 'm7-1': 106.44, 'm8-1': 23.32}",1.395,919.158,920.088,inf,1028.903,1028.903
908,T1,BESTEFFORT,COMPLETED,m6-1,921.775,"{'m1-1': 25.42, 'm2-1': 116.25, 'm3-1': 114.15, 'm4-1': 27.08, 'm5-1': 5.53, 'm6-1': 0.93, 'm7-1': 111.96, 'm8-1': 24.61}",1.395,921.775,922.7049999999999,inf,1031.775,1031.775
909,T5,BESTEFFORT,COMPLETED,m6-1,923.175,"{'m1-1': 26.38, 'm2-1': 103.31, 'm3-1': 98.04, 'm4-1': 25.38, 'm5-1': 5.88, 'm6-1': 1.05, 'm7-1': 101.04, 'm8-1': 25.44}",1.5750000000000002,923.175,924.2249999999999,inf,1033.175,1033.175
910,T4,BESTEFFORT,COMPLETED,m6-1,927.431,"{'m1-1': 25.11, 'm2-1': 112.44, 'm3-1': 92.77, 'm4-1': 23.26, 'm5-1': 5.07, 'm6-1': 1.01, 'm7-1': 101.13, 'm8-1': 27.42}",1.5150000000000001,927.431,928.441,inf,1037.431,1037.431
911,T10,BESTEFFORT,COMPLETED,m6-1,929.229,"{'m1-1': 27.34, 'm2-1': 103.07, 'm3-1': 96.79, 'm4-1': 24.77, 'm5-1': 5.59, 'm6-1': 1.12, 'm7-1': 107.87, 'm8-1': 25.57}",1.6800000000000002,929.229,930.349,inf,1039.229,1039.229
912,T6,BESTEFFORT,COMPLETED,m6-1,930.214,"{'m1-1': 29.49, 'm2-1': 100.14, 'm3-1': 102.41, 'm4-1': 25.6, 'm5-1': 5.91, 'm6-1': 1.05, 'm7-1': 109.65, 'm8-1': 27.12}",1.5750000000000002,930.349,931.399,inf,1040.214,1040.214
913,T3,BESTEFFORT,COMPLETED,m6-1,930.736,"{'m1-1': 26.33, 'm2-1': 116.9, 'm3-1': 98.26, 'm4-1': 29.16, 'm5-1': 5.79, 'm6-1': 0.95, 'm7-1': 97.64, 'm8-1': 25.22}",1.4249999999999998,931.399,932.349,inf,1040.7359999999999,1040.7359999999999
914,T4,BESTEFFORT,COMPLETED,m6-1,930.897,"{'m1-1': 24.78, 'm2-1': 110.24, 'm3-1': 104.2, 'm4-1': 26.5, 'm5-1': 5.27, 'm6-1': 1.07, 'm7-1': 97.62, 'm8-1': 27.23}",1.605,932.349,933.4190000000001,inf,1040.897,1040.897
915,T5,BESTEFFORT,COMPLETED,m6-1,932.269,"{'m1-1': 25.47, 'm2-1': 98.84, 'm3-1': 100.58, 'm4-1': 24.05, 'm5-1': 5.48, 'm6-1': 1.09, 'm7-1': 107.73, 'm8-1': 27.64}",1.6350000000000002,933.4190000000001,934.5090000000001,inf,1042.269,1042.269
916,T1,BESTEFFORT,COMPLETED,m6-1,932.442,"{'m1-1': 24.47, 'm2-1': 104.71, 'm3-1': 107.62, 'm4-1': 24.14, 'm5-1': 5.21, 'm6-1': 1.0, 'm7-1': 102.91, 'm8-1': 26.6}",1.5,934.5090000000001,935.5090000000001,inf,1042.442,1042.442
917,T9,BESTEFFORT,COMPLETED,m6-1,932.794,"{'m1-1': 29.04, 'm2-1': 111.58, 'm3-1': 109.78, 'm4-1': 27.22, 'm5-1': 5.25, 'm6-1': 0.99, 'm7-1': 97.5, 'm8-1': 24.22}",1.4849999999999999,935.5090000000001,936.4990000000001,inf,1042.7939999999999,1042.7939999999999
918,T5,BESTEFFORT,COMPLETED,m5-1,933.264,"{'m1-1': 27.78, 'm2-1': 105.29, 'm3-1': 96.06, 'm4-1': 28.19, 'm5-1': 5.4, 'm6-1': 1.08, 'm7-1': 98.09, 'm8-1': 27.79}",8.100000000000001,933.264,938.664,inf,1043.2640000000001,1043.2640000000001
919,T6,BESTEFFORT,COMPLETED,m6-1,933.673,"{'m1-1': 25.85, 'm2-1': 118.2, 'm3-1': 99.8, 'm4-1': 25.55, 'm5-1': 5.28, 'm6-1': 1.04, 'm7-1': 111.7, 'm8-1': 23.23}",1.56,936.4990000000001,937.5390000000001,inf,1043.673,1043.673
920,T8,BESTEFFORT,COMPLETED,m6-1,934.567,"{'m1-1': 26.26, 'm2-1': 114.61, 'm3-1': 100.87, 'm4-1': 27.75, 'm5-1': 5.54, 'm6-1': 1.13, 'm7-1': 110.5, 'm8-1': 25.75}",1.6949999999999998,937.5390000000001,938.6690000000001,inf,1044.567,1044.567
921,T10,BESTEFFORT,COMPLETED,m6-1,935.539,"{'m1-1': 28.81, 'm2-1': 109.73, 'm3-1': 95.34, 'm4-1': 24.86, 'm5-1': 5.48, 'm6-1': 1.12, 'm7-1': 99.68, 'm8-1': 27.13}",1.6800000000000002,938.6690000000001,939.7890000000001,inf,1045.539,1045.539
922,T8,BESTEFFORT,COMPLETED,m6-1,936.831,"{'m1-1': 24.71, 'm2-1': 114.76, 'm3-1': 100.29, 'm4-1': 24.94, 'm5-1': 5.18, 'm6-1': 1.01, 'm7-1': 99.72, 'm8-1': 25.39}",1.5150000000000001,939.7890000000001,940.7990000000001,inf,1046.8310000000001,1046.8310000000001
923,T3,BESTEFFORT,COMPLETED,m6-1,937.858,"{'m1-1': 26.93, 'm2-1': 115.81, 'm3-1': 106.59, 'm4-1': 28.25, 'm5-1': 5.46, 'm6-1': 1.03, 'm7-1': 109.52, 'm8-1': 24.29}",1.545,940.7990000000001,941.8290000000001,inf,1047.858,1047.858
924,T8,BESTEFFORT,COMPLETED,m5-1,938.077,"{'m1-1': 24.36, 'm2-1': 114.46, 'm3-1': 105.1, 'm4-1': 25.57, 'm5-1': 5.43, 'm6-1': 1.03, 'm7-1': 100.47, 'm8-1': 25.61}",8.145,938.664,944.0939999999999,inf,1048.077,1048.077
925,T5,BESTEFFORT,COMPLETED,m5-1,938.4,"{'m1-1': 26.34, 'm2-1': 95.66, 'm3-1': 96.55, 'm4-1': 23.82, 'm5-1': 5.19, 'm6-1': 1.16, 'm7-1': 105.9, 'm8-1': 25.81}",7.785,944.0939999999999,949.284,inf,1048.4,1048.4
926,T5,BESTEFFORT,COMPLETED,m6-1,939.222,"{'m1-1': 26.74, 'm2-1': 104.61, 'm3-1': 92.79, 'm4-1': 24.11, 'm5-1': 5.82, 'm6-1': 1.19, 'm7-1': 104.02, 'm8-1': 28.16}",1.785,941.8290000000001,943.0190000000001,inf,1049.222,1049.222
927,T6,BESTEFFORT,COMPLETED,m6-1,940.089,"{'m1-1': 27.36, 'm2-1': 105.81, 'm3-1': 112.28, 'm4-1': 27.83, 'm5-1': 5.18, 'm6-1': 0.92, 'm7-1': 99.97, 'm8-1': 26.57}",1.3800000000000001,943.0190000000001,943.9390000000001,inf,1050.089,1050.089
928,T7,BESTEFFORT,COMPLETED,m6-1,941.31,"{'m1-1': 28.08, 'm2-1': 98.93, 'm3-1': 99.22, 'm4-1': 27.68, 'm5-1': 5.13, 'm6-1': 1.14, 'm7-1': 96.86, 'm8-1': 27.0}",1.71,943.9390000000001,945.0790000000001,inf,1051.31,1051.31
929,T4,BESTEFFORT,COMPLETED,m5-1,941.318,"{'m1-1': 26.46, 'm2-1': 112.51, 'm3-1': 101.52, 'm4-1': 25.85, 'm5-1': 5.27, 'm6-1': 0.96, 'm7-1': 95.52, 'm8-1': 24.02}",7.904999999999999,949.284,954.554,inf,1051.318,1051.318
930,T9,BESTEFFORT,COMPLETED,m5-1,941.552,"{'m1-1': 28.67, 'm2-1': 112.1, 'm3-1': 104.66, 'm4-1': 24.93, 'm5-1': 4.99, 'm6-1': 1.0, 'm7-1': 108.41, 'm8-1': 26.9}",7.485,954.554,959.544,inf,1051.5520000000001,1051.5520000000001
931,T9,BESTEFFORT,COMPLETED,m6-1,942.803,"{'m1-1': 27.74, 'm2-1': 102.52, 'm3-1': 114.88, 'm4-1': 26.63, 'm5-1': 4.66, 'm6-1': 0.97, 'm7-1': 106.34, 'm8-1': 27.05}",1.455,945.0790000000001,946.0490000000001,inf,1052.8029999999999,1052.8029999999999
932,T4,BESTEFFORT,COMPLETED,m6-1,943.37,"{'m1-1': 23.7, 'm2-1': 101.71, 'm3-1': 102.79, 'm4-1': 23.58, 'm5-1': 5.66, 'm6-1': 1.04, 'm7-1': 107.37, 'm8-1': 26.2}",1.56,946.0490000000001,947.089,inf,1053.37,1053.37
933,T9,BESTEFFORT,COMPLETED,m6-1,947.085,"{'m1-1': 26.43, 'm2-1': 113.11, 'm3-1': 115.14, 'm4-1': 24.74, 'm5-1': 5.2, 'm6-1': 1.11, 'm7-1': 100.1, 'm8-1': 25.39}",1.665,947.089,948.1990000000001,inf,1057.085,1057.085
934,T4,BESTEFFORT,COMPLETED,m6-1,948.228,"{'m1-1': 24.81, 'm2-1': 100.49, 'm3-1': 102.05, 'm4-1': 25.82, 'm5-1': 5.21, 'm6-1': 1.08, 'm7-1': 95.49, 'm8-1': 26.33}",1.62,948.228,949.308,inf,1058.228,1058.228
935,T4,BESTEFFORT,COMPLETED,m6-1,948.472,"{'m1-1': 26.45, 'm2-1': 111.56, 'm3-1': 98.12, 'm4-1': 26.53, 'm5-1': 5.34, 'm6-1': 0.95, 'm7-1': 111.73, 'm8-1': 25.29}",1.4249999999999998,949.308,950.258,inf,1058.472,1058.472
936,T5,BESTEFFORT,COMPLETED,m6-1,949.512,"{'m1-1': 24.98, 'm2-1': 97.86, 'm3-1': 105.7, 'm4-1': 24.51, 'm5-1': 5.6, 'm6-1': 1.05, 'm7-1': 104.82, 'm8-1': 28.22}",1.5750000000000002,950.258,951.308,inf,1059.512,1059.512
937,T8,BESTEFFORT,COMPLETED,m6-1,949.68,"{'m1-1': 23.31, 'm2-1': 110.62, 'm3-1': 110.4, 'm4-1': 24.24, 'm5-1': 5.46, 'm6-1': 1.16, 'm7-1': 97.85, 'm8-1': 26.55}",1.7399999999999998,951.308,952.468,inf,1059.6799999999998,1059.6799999999998
938,T8,BESTEFFORT,COMPLETED,m6-1,950.112,"{'m1-1': 22.97, 'm2-1': 107.0, 'm3-1': 105.18, 'm4-1': 23.82, 'm5-1': 4.93, 'm6-1': 1.0, 'm7-1': 98.12, 'm8-1': 26.84}",1.5,952.468,953.468,inf,1060.112,1060.112
939,T3,BESTEFFORT,COMPLETED,m6-1,951.537,"{'m1-1': 28.41, 'm2-1': 107.48, 'm3-1': 103.25, 'm4-1': 26.37, 'm5-1': 5.72, 'm6-1': 0.96, 'm7-1': 111.36, 'm8-1': 27.3}",1.44,953.468,954.428,inf,1061.537,1061.537
940,T3,BESTEFFORT,COMPLETED,m6-1,952.961,"{'m1-1': 29.29, 'm2-1': 117.27, 'm3-1': 106.24, 'm4-1': 29.07, 'm5-1': 5.64, 'm6-1': 1.02, 'm7-1': 108.93, 'm8-1': 26.89}",1.53,954.428,955.448,inf,1062.961,1062.961
941,T10,BESTEFFORT,COMPLETED,m6-1,953.759,"{'m1-1': 25.94, 'm2-1': 105.37, 'm3-1': 98.85, 'm4-1': 26.33, 'm5-1': 5.47, 'm6-1': 1.14, 'm7-1': 98.85, 'm8-1': 25.66}",1.71,955.448,956.588,inf,1063.759,1063.759
942,T5,BESTEFFORT,COMPLETED,m6-1,953.777,"{'m1-1': 28.33, 'm2-1': 93.01, 'm3-1': 94.14, 'm4-1': 24.08, 'm5-1': 5.36, 'm6-1': 1.03, 'm7-1': 92.84, 'm8-1': 26.17}",1.545,956.588,957.6179999999999,inf,1063.777,1063.777
943,T10,BESTEFFORT,COMPLETED,m5-1,954.302,"{'m1-1': 27.02, 'm2-1': 111.82, 'm3-1': 106.25, 'm4-1': 25.97, 'm5-1': 5.04, 'm6-1': 1.07, 'm7-1': 103.22, 'm8-1': 23.82}",7.5600000000000005,959.544,964.584,inf,1064.3020000000001,1064.3020000000001
944,T5,BESTEFFORT,COMPLETED,m6-1,955.315,"{'m1-1': 27.89, 'm2-1': 94.95, 'm3-1': 94.35, 'm4-1': 26.98, 'm5-1': 5.93, 'm6-1': 1.09, 'm7-1': 103.1, 'm8-1': 28.79}",1.6350000000000002,957.6179999999999,958.708,inf,1065.315,1065.315
945,T4,BESTEFFORT,COMPLETED,m6-1,956.58,"{'m1-1': 26.1, 'm2-1': 100.9, 'm3-1': 106.33, 'm4-1': 25.65, 'm5-1': 5.22, 'm6-1': 0.92, 'm7-1': 109.98, 'm8-1': 24.18}",1.3800000000000001,958.708,959.6279999999999,inf,1066.58,1066.58
946,T10,BESTEFFORT,COMPLETED,m6-1,956.745,"{'m1-1': 26.55, 'm2-1': 114.08, 'm3-1': 106.64, 'm4-1': 29.11, 'm5-1': 5.73, 'm6-1': 1.0, 'm7-1': 102.94, 'm8-1': 26.14}",1.5,959.6279999999999,960.6279999999999,inf,1066.745,1066.745
947,T3,BESTEFFORT,COMPLETED,m5-1,956.864,"{'m1-1': 27.47, 'm2-1': 114.58, 'm3-1': 103.42, 'm4-1': 28.83, 'm5-1': 5.3, 'm6-1': 0.99, 'm7-1': 105.52, 'm8-1': 27.48}",7.949999999999999,964.584,969.8839999999999,inf,1066.864,1066.864
948,T10,BESTEFFORT,COMPLETED,m5-1,957.177,"{'m1-1': 27.35, 'm2-1': 113.52, 'm3-1': 103.47, 'm4-1': 28.3, 'm5-1': 5.39, 'm6-1': 1.05, 'm7-1': 107.25, 'm8-1': 25.32}",8.084999999999999,969.8839999999999,975.2739999999999,inf,1067.1770000000001,1067.1770000000001
949,T5,BESTEFFORT,COMPLETED,m6-1,958.957,"{'m1-1': 25.78, 'm2-1': 94.1, 'm3-1': 96.9, 'm4-1': 25.3, 'm5-1': 5.42, 'm6-1': 1.17, 'm7-1': 105.08, 'm8-1': 28.87}",1.755,960.6279999999999,961.7979999999999,inf,1068.9569999999999,1068.9569999999999
950,T7,BESTEFFORT,COMPLETED,m6-1,959.633,"{'m1-1': 26.01, 'm2-1': 101.43, 'm3-1': 99.76, 'm4-1': 28.96, 'm5-1': 4.72, 'm6-1': 1.12, 'm7-1': 105.74, 'm8-1': 25.23}",1.6800000000000002,961.7979999999999,962.9179999999999,inf,1069.633,1069.633
951,T7,BESTEFFORT,COMPLETED,m6-1,960.544,"{'m1-1': 28.92, 'm2-1': 113.9, 'm3-1': 94.1, 'm4-1': 26.42, 'm5-1': 5.2, 'm6-1': 1.11, 'm7-1': 106.21, 'm8-1': 26.51}",1.665,962.9179999999999,964.0279999999999,inf,1070.5439999999999,1070.5439999999999
952,T6,BESTEFFORT,COMPLETED,m6-1,961.405,"{'m1-1': 28.19, 'm2-1': 107.23, 'm3-1': 112.66, 'm4-1': 28.03, 'm5-1': 5.81, 'm6-1': 0.92, 'm7-1': 111.45, 'm8-1': 23.84}",1.3800000000000001,964.0279999999999,964.9479999999999,inf,1071.405,1071.405
953,T6,BESTEFFORT,COMPLETED,m6-1,965.45,"{'m1-1': 25.95, 'm2-1': 117.68, 'm3-1': 102.53, 'm4-1': 27.6, 'm5-1': 5.59, 'm6-1': 0.97, 'm7-1': 110.53, 'm8-1': 24.72}",1.455,965.45,966.4200000000001,inf,1075.45,1075.45
954,T9,BESTEFFORT,COMPLETED,m6-1,965.53,"{'m1-1': 26.25, 'm2-1': 112.52, 'm3-1': 108.33, 'm4-1': 28.92, 'm5-1': 4.72, 'm6-1': 0.99, 'm7-1': 107.8, 'm8-1': 26.07}",1.4849999999999999,966.4200000000001,967.4100000000001,inf,1075.53,1075.53
955,T10,BESTEFFORT,COMPLETED,m6-1,967.632,"{'m1-1': 26.77, 'm2-1': 115.1, 'm3-1': 99.5, 'm4-1': 28.73, 'm5-1': 4.99, 'm6-1': 0.99, 'm7-1': 103.47, 'm8-1': 27.19}",1.4849999999999999,967.632,968.622,inf,1077.632,1077.632
956,T6,BESTEFFORT,COMPLETED,m6-1,968.415,"{'m1-1': 26.5, 'm2-1': 103.58, 'm3-1': 106.9, 'm4-1': 25.34, 'm5-1': 5.06, 'm6-1': 0.94, 'm7-1': 102.73, 'm8-1': 23.19}",1.41,968.622,969.562,inf,1078.415,1078.415
957,T7,BESTEFFORT,COMPLETED,m6-1,970.742,"{'m1-1': 25.01, 'm2-1': 109.07, 'm3-1': 96.02, 'm4-1': 25.75, 'm5-1': 5.1, 'm6-1': 1.12, 'm7-1': 109.82, 'm8-1': 27.39}",1.6800000000000002,970.742,971.862,inf,1080.742,1080.742
958,T4,BESTEFFORT,COMPLETED,m6-1,972.441,"{'m1-1': 23.13, 'm2-1': 107.75, 'm3-1': 96.21, 'm4-1': 26.21, 'm5-1': 5.72, 'm6-1': 1.08, 'm7-1': 98.35, 'm8-1': 23.62}",1.62,972.441,973.5210000000001,inf,1082.441,1082.441
959,T5,BESTEFFORT,COMPLETED,m6-1,972.569,"{'m1-1': 27.04, 'm2-1': 93.5, 'm3-1': 98.32, 'm4-1': 24.07, 'm5-1': 5.59, 'm6-1': 1.12, 'm7-1': 95.18, 'm8-1': 26.95}",1.6800000000000002,973.5210000000001,974.6410000000001,inf,1082.569,1082.569
960,T7,BESTEFFORT,COMPLETED,m6-1,973.156,"{'m1-1': 27.42, 'm2-1': 99.42, 'm3-1': 106.02, 'm4-1': 26.32, 'm5-1': 4.76, 'm6-1': 1.12, 'm7-1': 96.24, 'm8-1': 26.59}",1.6800000000000002,974.6410000000001,975.7610000000001,inf,1083.156,1083.156
961,T9,BESTEFFORT,COMPLETED,m6-1,975.957,"{'m1-1': 26.7, 'm2-1': 99.73, 'm3-1': 110.96, 'm4-1': 28.83, 'm5-1': 4.74, 'm6-1': 0.98, 'm7-1': 99.57, 'm8-1': 27.93}",1.47,975.957,976.937,inf,1085.9569999999999,1085.9569999999999
962,T7,BESTEFFORT,COMPLETED,m6-1,978.064,"{'m1-1': 25.47, 'm2-1': 107.93, 'm3-1': 99.41, 'm4-1': 28.68, 'm5-1': 5.48, 'm6-1': 1.02, 'm7-1': 107.9, 'm8-1': 26.97}",1.53,978.064,979.084,inf,1088.0639999999999,1088.0639999999999
963,T4,BESTEFFORT,COMPLETED,m6-1,978.95,"{'m1-1': 26.71, 'm2-1': 101.38, 'm3-1': 108.25, 'm4-1': 27.1, 'm5-1': 5.36, 'm6-1': 1.0, 'm7-1': 99.62, 'm8-1': 26.7}",1.5,979.084,980.084,inf,1088.95,1088.95
964,T4,BESTEFFORT,COMPLETED,m6-1,979.274,"{'m1-1': 26.87, 'm2-1': 111.39, 'm3-1': 107.18, 'm4-1': 23.49, 'm5-1': 5.35, 'm6-1': 0.96, 'm7-1': 94.39, 'm8-1': 25.33}",1.44,980.084,981.044,inf,1089.274,1089.274
965,T4,BESTEFFORT,COMPLETED,m6-1,979.637,"{'m1-1': 26.43, 'm2-1': 104.03, 'm3-1': 103.13, 'm4-1': 23.92, 'm5-1': 5.54, 'm6-1': 0.93, 'm7-1': 110.12, 'm8-1': 26.0}",1.395,981.044,981.9739999999999,inf,1089.637,1089.637
966,T3,BESTEFFORT,COMPLETED,m6-1,982.901,"{'m1-1': 28.67, 'm2-1': 112.58, 'm3-1': 108.81, 'm4-1': 25.89, 'm5-1': 5.12, 'm6-1': 0.94, 'm7-1': 111.89, 'm8-1': 25.29}",1.41,982.901,983.841,inf,1092.9009999999998,1092.9009999999998
967,T9,BESTEFFORT,COMPLETED,m6-1,986.189,"{'m1-1': 27.4, 'm2-1': 117.15, 'm3-1': 105.68, 'm4-1': 27.04, 'm5-1': 5.28, 'm6-1': 1.12, 'm7-1': 103.6, 'm8-1': 24.27}",1.6800000000000002,986.189,987.309,inf,1096.1889999999999,1096.1889999999999
968,T7,BESTEFFORT,COMPLETED,m6-1,988.293,"{'m1-1': 26.87, 'm2-1': 100.54, 'm3-1': 102.22, 'm4-1': 24.96, 'm5-1': 5.4, 'm6-1': 1.09, 'm7-1': 98.92, 'm8-1': 27.16}",1.6350000000000002,988.293,989.383,inf,1098.2930000000001,1098.2930000000001
969,T10,BESTEFFORT,COMPLETED,m6-1,995.678,"{'m1-1': 28.5, 'm2-1': 109.14, 'm3-1': 96.56, 'm4-1': 27.58, 'm5-1': 5.19, 'm6-1': 1.03, 'm7-1': 106.37, 'm8-1': 27.1}",1.545,995.678,996.708,inf,1105.6779999999999,1105.6779999999999
970,T10,BESTEFFORT,COMPLETED,m6-1,1000.859,"{'m1-1': 28.94, 'm2-1': 99.85, 'm3-1': 96.02, 'm4-1': 27.3, 'm5-1': 5.36, 'm6-1': 1.13, 'm7-1': 106.35, 'm8-1': 25.26}",1.6949999999999998,1000.859,1001.989,inf,1110.859,1110.859
971,T9,BESTEFFORT,COMPLETED,m6-1,1001.794,"{'m1-1': 29.14, 'm2-1': 117.15, 'm3-1': 98.71, 'm4-1': 27.18, 'm5-1': 5.19, 'm6-1': 1.01, 'm7-1': 107.48, 'm8-1': 28.23}",1.5150000000000001,1001.989,1002.999,inf,1111.7939999999999,1111.7939999999999
972,T9,BESTEFFORT,COMPLETED,m6-1,1004.109,"{'m1-1': 28.4, 'm2-1': 109.77, 'm3-1': 106.41, 'm4-1': 27.76, 'm5-1': 4.92, 'm6-1': 0.98, 'm7-1': 107.22, 'm8-1': 26.55}",1.47,1004.109,1005.089,inf,1114.109,1114.109
973,T6,BESTEFFORT,COMPLETED,m6-1,1009.281,"{'m1-1': 26.28, 'm2-1': 111.59, 'm3-1': 113.93, 'm4-1': 28.73, 'm5-1': 5.02, 'm6-1': 1.01, 'm7-1': 104.76, 'm8-1': 26.56}",1.5150000000000001,1009.281,1010.2909999999999,inf,1119.281,1119.281
974,T6,BESTEFFORT,COMPLETED,m6-1,1011.327,"{'m1-1': 28.82, 'm2-1': 101.55, 'm3-1': 101.94, 'm4-1': 24.98, 'm5-1': 5.15, 'm6-1': 1.07, 'm7-1': 97.74, 'm8-1': 27.55}",1.605,1011.327,1012.397,inf,1121.327,1121.327
975,T10,BESTEFFORT,COMPLETED,m6-1,1012.157,"{'m1-1': 29.08, 'm2-1': 112.17, 'm3-1': 107.5, 'm4-1': 26.73, 'm5-1': 5.59, 'm6-1': 1.15, 'm7-1': 106.23, 'm8-1': 23.97}",1.7249999999999999,1012.397,1013.547,inf,1122.1570000000002,1122.1570000000002
976,T10,BESTEFFORT,COMPLETED,m6-1,1019.799,"{'m1-1': 25.35, 'm2-1': 108.18, 'm3-1': 105.16, 'm4-1': 25.28, 'm5-1': 5.16, 'm6-1': 1.05, 'm7-1': 115.06, 'm8-1': 24.83}",1.5750000000000002,1019.799,1020.8489999999999,inf,1129.799,1129.799
977,T10,BESTEFFORT,COMPLETED,m6-1,1020.056,"{'m1-1': 26.03, 'm2-1': 115.62, 'm3-1': 95.39, 'm4-1': 26.4, 'm5-1': 4.88, 'm6-1': 1.13, 'm7-1': 105.18, 'm8-1': 27.25}",1.6949999999999998,1020.8489999999999,1021.9789999999999,inf,1130.056,1130.056
978,T4,BESTEFFORT,COMPLETED,m6-1,1021.649,"{'m1-1': 25.84, 'm2-1': 104.46, 'm3-1': 94.99, 'm4-1': 24.01, 'm5-1': 5.52, 'm6-1': 1.0, 'm7-1': 101.55, 'm8-1': 25.0}",1.5,1021.9789999999999,1022.9789999999999,inf,1131.649,1131.649
979,T4,BESTEFFORT,COMPLETED,m6-1,1033.826,"{'m1-1': 22.97, 'm2-1': 100.21, 'm3-1': 109.16, 'm4-1': 25.26, 'm5-1': 5.83, 'm6-1': 1.08, 'm7-1': 95.91, 'm8-1': 25.22}",1.62,1033.826,1034.906,inf,1143.826,1143.826
980,T6,BESTEFFORT,COMPLETED,m6-1,1046.675,"{'m1-1': 25.5, 'm2-1': 108.68, 'm3-1': 101.39, 'm4-1': 28.9, 'm5-1': 5.17, 'm6-1': 0.97, 'm7-1': 96.01, 'm8-1': 27.07}",1.455,1046.675,1047.645,inf,1156.675,1156.675
981,T6,BESTEFFORT,COMPLETED,m6-1,1048.142,"{'m1-1': 26.95, 'm2-1': 109.28, 'm3-1': 108.7, 'm4-1': 24.38, 'm5-1': 5.05, 'm6-1': 1.01, 'm7-1': 102.91, 'm8-1': 25.68}",1.5150000000000001,1048.142,1049.152,inf,1158.142,1158.142
982,T10,BESTEFFORT,COMPLETED,m6-1,1060.691,"{'m1-1': 28.19, 'm2-1': 108.6, 'm3-1': 96.86, 'm4-1': 25.83, 'm5-1': 5.49, 'm6-1': 1.0, 'm7-1': 112.31, 'm8-1': 25.49}",1.5,1060.691,1061.691,inf,1170.691,1170.691
983,T3,BESTEFFORT,COMPLETED,m6-1,1060.814,"{'m1-1': 24.94, 'm2-1': 108.8, 'm3-1': 106.09, 'm4-1': 26.63, 'm5-1': 5.68, 'm6-1': 1.06, 'm7-1': 106.47, 'm8-1': 27.27}",1.59,1061.691,1062.751,inf,1170.814,1170.814
984,T10,BESTEFFORT,COMPLETED,m6-1,1061.115,"{'m1-1': 29.04, 'm2-1': 99.96, 'm3-1': 106.55, 'm4-1': 28.43, 'm5-1': 5.65, 'm6-1': 1.1, 'm7-1': 114.41, 'm8-1': 26.78}",1.6500000000000001,1062.751,1063.8509999999999,inf,1171.115,1171.115
985,T3,BESTEFFORT,COMPLETED,m6-1,1061.795,"{'m1-1': 28.38, 'm2-1': 113.58, 'm3-1': 100.27, 'm4-1': 28.92, 'm5-1': 5.32, 'm6-1': 0.94, 'm7-1': 98.96, 'm8-1': 27.15}",1.41,1063.8509999999999,1064.791,inf,1171.795,1171.795
986,T10,BESTEFFORT,COMPLETED,m6-1,1063.224,"{'m1-1': 28.94, 'm2-1': 101.53, 'm3-1': 106.02, 'm4-1': 24.55, 'm5-1': 5.62, 'm6-1': 1.12, 'm7-1': 111.51, 'm8-1': 24.74}",1.6800000000000002,1064.791,1065.9109999999998,inf,1173.224,1173.224
987,T3,BESTEFFORT,COMPLETED,m6-1,1087.113,"{'m1-1': 25.51, 'm2-1': 110.18, 'm3-1': 98.83, 'm4-1': 29.3, 'm5-1': 5.78, 'm6-1': 1.08, 'm7-1': 104.82, 'm8-1': 27.4}",1.62,1087.113,1088.193,inf,1197.113,1197.113
988,T3,BESTEFFORT,COMPLETED,m6-1,1087.47,"{'m1-1': 29.29, 'm2-1': 104.58, 'm3-1': 97.68, 'm4-1': 28.87, 'm5-1': 5.09, 'm6-1': 0.95, 'm7-1': 98.0, 'm8-1': 26.91}",1.4249999999999998,1088.193,1089.143,inf,1197.47,1197.47
989,T3,BESTEFFORT,COMPLETED,m6-1,1088.842,"{'m1-1': 25.07, 'm2-1': 116.99, 'm3-1': 107.83, 'm4-1': 27.91, 'm5-1': 5.06, 'm6-1': 0.94, 'm7-1': 102.01, 'm8-1': 23.21}",1.41,1089.143,1090.083,inf,1198.842,1198.842
990,T6,BESTEFFORT,COMPLETED,m6-1,1105.961,"{'m1-1': 27.29, 'm2-1': 113.05, 'm3-1': 100.59, 'm4-1': 28.03, 'm5-1': 5.03, 'm6-1': 0.95, 'm7-1': 99.12, 'm8-1': 25.74}",1.4249999999999998,1105.961,1106.911,inf,1215.961,1215.961
991,T6,BESTEFFORT,COMPLETED,m6-1,1106.056,"{'m1-1': 28.82, 'm2-1': 100.89, 'm3-1': 100.84, 'm4-1': 27.68, 'm5-1': 5.35, 'm6-1': 1.03, 'm7-1': 110.37, 'm8-1': 23.56}",1.545,1106.911,1107.941,inf,1216.056,1216.056
992,T3,BESTEFFORT,COMPLETED,m6-1,1110.169,"{'m1-1': 29.35, 'm2-1': 110.18, 'm3-1': 101.74, 'm4-1': 27.46, 'm5-1': 5.14, 'm6-1': 1.0, 'm7-1': 96.45, 'm8-1': 26.08}",1.5,1110.169,1111.169,inf,1220.169,1220.169
993,T6,BESTEFFORT,COMPLETED,m6-1,1116.711,"{'m1-1': 28.34, 'm2-1': 106.66, 'm3-1': 98.47, 'm4-1': 24.7, 'm5-1': 5.4, 'm6-1': 1.03, 'm7-1': 96.5, 'm8-1': 24.48}",1.545,1116.711,1117.741,inf,1226.711,1226.711
994,T6,BESTEFFORT,COMPLETED,m6-1,1116.789,"{'m1-1': 27.68, 'm2-1': 104.28, 'm3-1': 112.56, 'm4-1': 27.28, 'm5-1': 5.14, 'm6-1': 0.97, 'm7-1': 101.68, 'm8-1': 23.65}",1.455,1117.741,1118.711,inf,1226.789,1226.789
995,T6,BESTEFFORT,COMPLETED,m6-1,1126.203,"{'m1-1': 29.26, 'm2-1': 105.43, 'm3-1': 99.92, 'm4-1': 25.54, 'm5-1': 5.13, 'm6-1': 1.03, 'm7-1': 110.78, 'm8-1': 24.72}",1.545,1126.203,1127.233,inf,1236.203,1236.203
996,T3,BESTEFFORT,COMPLETED,m6-1,1127.652,"{'m1-1': 28.66, 'm2-1': 99.44, 'm3-1': 100.38, 'm4-1': 24.81, 'm5-1': 5.32, 'm6-1': 1.05, 'm7-1': 99.33, 'm8-1': 25.37}",1.5750000000000002,1127.652,1128.702,inf,1237.652,1237.652
997,T3,BESTEFFORT,COMPLETED,m6-1,1134.196,"{'m1-1': 28.76, 'm2-1': 103.16, 'm3-1': 99.47, 'm4-1': 28.03, 'm5-1': 5.33, 'm6-1': 0.98, 'm7-1': 100.53, 'm8-1': 25.25}",1.47,1134.196,1135.176,inf,1244.196,1244.196
998,T3,BESTEFFORT,COMPLETED,m6-1,1136.217,"{'m1-1': 28.76, 'm2-1': 100.47, 'm3-1': 111.66, 'm4-1': 26.6, 'm5-1': 5.18, 'm6-1': 1.01, 'm7-1': 105.12, 'm8-1': 27.3}",1.5150000000000001,1136.217,1137.227,inf,1246.217,1246.217
999,T3,BESTEFFORT,COMPLETED,m6-1,1147.367,"{'m1-1': 27.21, 'm2-1': 101.21, 'm3-1': 111.36, 'm4-1': 24.82, 'm5-1': 5.3, 'm6-1': 0.97, 'm7-1': 96.42, 'm8-1': 27.45}",1.455,1147.367,1148.337,inf,1257.367,1257.367
