id,type,urgency,status,assigned_machine,arrival_time,execution_time,energy_usage,start_time,completion_time,missed_time,deadline,extended_deadline
0,T3,BESTEFFORT,COMPLETED,m6-1,0.211,"{'m1-1': 11.6, 'm2-1': 1.03, 'm3-1': 1.07, 'm4-1': 92.63, 'm5-1': 104.66, 'm6-1': 1.04, 'm7-1': 99.57, 'm8-1': 11.31}",1.56,0.211,1.2510000000000001,inf,150.211,150.211
1,T3,BESTEFFORT,COMPLETED,m3-1,0.363,"{'m1-1': 11.18, 'm2-1': 1.14, 'm3-1': 1.09, 'm4-1': 107.25, 'm5-1': 102.92, 'm6-1': 1.09, 'm7-1': 98.65, 'm8-1': 9.62}",1.6350000000000002,0.363,1.453,inf,150.363,150.363
2,T1,BESTEFFORT,COMPLETED,m2-1,0.748,"{'m1-1': 10.09, 'm2-1': 1.05, 'm3-1': 1.13, 'm4-1': 101.86, 'm5-1': 101.01, 'm6-1': 1.1, 'm7-1': 107.11, 'm8-1': 10.89}",1.5750000000000002,0.748,1.798,inf,150.748,150.748
3,T3,BESTEFFORT,COMPLETED,m3-1,1.647,"{'m1-1': 10.95, 'm2-1': 1.09, 'm3-1': 1.12, 'm4-1': 108.27, 'm5-1': 108.72, 'm6-1': 0.97, 'm7-1': 110.1, 'm8-1': 9.92}",1.6800000000000002,1.647,2.7670000000000003,inf,151.647,151.647
4,T2,BESTEFFORT,COMPLETED,m6-1,1.734,"{'m1-1': 10.2, 'm2-1': 1.17, 'm3-1': 1.08, 'm4-1': 95.5, 'm5-1': 103.96, 'm6-1': 1.1, 'm7-1': 94.11, 'm8-1': 11.21}",1.6500000000000001,1.734,2.834,inf,151.734,151.734
5,T2,BESTEFFORT,COMPLETED,m2-1,2.278,"{'m1-1': 9.91, 'm2-1': 1.15, 'm3-1': 0.93, 'm4-1': 108.28, 'm5-1': 108.95, 'm6-1': 1.05, 'm7-1': 109.57, 'm8-1': 11.45}",1.7249999999999999,2.278,3.428,inf,152.278,152.278
6,T1,BESTEFFORT,COMPLETED,m3-1,2.508,"{'m1-1': 10.3, 'm2-1': 1.05, 'm3-1': 1.12, 'm4-1': 105.13, 'm5-1': 105.34, 'm6-1': 1.04, 'm7-1': 113.18, 'm8-1': 10.68}",1.6800000000000002,2.7670000000000003,3.8870000000000005,inf,152.508,152.508
7,T4,BESTEFFORT,COMPLETED,m6-1,2.712,"{'m1-1': 11.03, 'm2-1': 1.12, 'm3-1': 0.94, 'm4-1': 107.97, 'm5-1': 110.61, 'm6-1': 1.02, 'm7-1': 107.49, 'm8-1': 11.13}",1.53,2.834,3.854,inf,152.712,152.712
8,T4,BESTEFFORT,COMPLETED,m2-1,3.176,"{'m1-1': 11.06, 'm2-1': 1.06, 'm3-1': 0.99, 'm4-1': 112.6, 'm5-1': 103.33, 'm6-1': 1.08, 'm7-1': 102.8, 'm8-1': 11.16}",1.59,3.428,4.4879999999999995,inf,153.176,153.176
9,T3,BESTEFFORT,COMPLETED,m3-1,3.651,"{'m1-1': 11.5, 'm2-1': 1.02, 'm3-1': 1.13, 'm4-1': 99.86, 'm5-1': 105.71, 'm6-1': 1.14, 'm7-1': 108.81, 'm8-1': 10.48}",1.6949999999999998,3.8870000000000005,5.017,inf,153.651,153.651
10,T3,BESTEFFORT,COMPLETED,m6-1,3.923,"{'m1-1': 11.17, 'm2-1': 1.18, 'm3-1': 1.0, 'm4-1': 99.55, 'm5-1': 112.44, 'm6-1': 0.98, 'm7-1': 100.88, 'm8-1': 9.68}",1.47,3.923,4.9030000000000005,inf,153.923,153.923
11,T3,BESTEFFORT,COMPLETED,m2-1,4.264,"{'m1-1': 10.21, 'm2-1': 1.14, 'm3-1': 1.07, 'm4-1': 93.46, 'm5-1': 113.98, 'm6-1': 1.1, 'm7-1': 95.57, 'm8-1': 10.12}",1.71,4.4879999999999995,5.627999999999999,inf,154.264,154.264
12,T1,BESTEFFORT,COMPLETED,m3-1,4.536,"{'m1-1': 10.2, 'm2-1': 1.06, 'm3-1': 1.03, 'm4-1': 109.08, 'm5-1': 108.17, 'm6-1': 1.18, 'm7-1': 106.55, 'm8-1': 11.05}",1.545,5.017,6.047000000000001,inf,154.536,154.536
13,T2,BESTEFFORT,COMPLETED,m6-1,4.558,"{'m1-1': 9.71, 'm2-1': 1.04, 'm3-1': 1.08, 'm4-1': 102.86, 'm5-1': 105.06, 'm6-1': 1.15, 'm7-1': 101.82, 'm8-1': 11.23}",1.7249999999999999,4.9030000000000005,6.053000000000001,inf,154.558,154.558
14,T1,BESTEFFORT,COMPLETED,m2-1,4.806,"{'m1-1': 9.7, 'm2-1': 1.01, 'm3-1': 1.06, 'm4-1': 105.65, 'm5-1': 106.93, 'm6-1': 1.07, 'm7-1': 113.58, 'm8-1': 10.44}",1.5150000000000001,5.627999999999999,6.637999999999999,inf,154.806,154.806
15,T2,BESTEFFORT,COMPLETED,m3-1,4.809,"{'m1-1': 10.46, 'm2-1': 1.09, 'm3-1': 0.99, 'm4-1': 108.78, 'm5-1': 104.39, 'm6-1': 1.0, 'm7-1': 100.19, 'm8-1': 10.97}",1.4849999999999999,6.047000000000001,7.037000000000001,inf,154.809,154.809
16,T3,BESTEFFORT,COMPLETED,m6-1,5.262,"{'m1-1': 11.4, 'm2-1': 1.01, 'm3-1': 1.12, 'm4-1': 93.28, 'm5-1': 98.83, 'm6-1': 1.04, 'm7-1': 95.35, 'm8-1': 10.61}",1.56,6.053000000000001,7.093000000000001,inf,155.262,155.262
17,T1,BESTEFFORT,COMPLETED,m2-1,5.872,"{'m1-1': 11.03, 'm2-1': 1.1, 'm3-1': 1.1, 'm4-1': 107.99, 'm5-1': 108.19, 'm6-1': 1.14, 'm7-1': 116.01, 'm8-1': 11.12}",1.6500000000000001,6.637999999999999,7.7379999999999995,inf,155.872,155.872
18,T3,BESTEFFORT,COMPLETED,m3-1,6.313,"{'m1-1': 10.41, 'm2-1': 1.1, 'm3-1': 1.04, 'm4-1': 94.44, 'm5-1': 104.57, 'm6-1': 1.1, 'm7-1': 98.6, 'm8-1': 10.47}",1.56,7.037000000000001,8.077000000000002,inf,156.313,156.313
19,T1,BESTEFFORT,COMPLETED,m6-1,6.362,"{'m1-1': 10.62, 'm2-1': 1.06, 'm3-1': 1.08, 'm4-1': 106.76, 'm5-1': 109.1, 'm6-1': 1.18, 'm7-1': 114.94, 'm8-1': 10.4}",1.77,7.093000000000001,8.273000000000001,inf,156.362,156.362
20,T3,BESTEFFORT,COMPLETED,m2-1,6.69,"{'m1-1': 10.26, 'm2-1': 1.03, 'm3-1': 1.13, 'm4-1': 97.43, 'm5-1': 113.94, 'm6-1': 1.14, 'm7-1': 109.7, 'm8-1': 10.26}",1.545,7.7379999999999995,8.767999999999999,inf,156.69,156.69
21,T4,BESTEFFORT,COMPLETED,m3-1,7.049,"{'m1-1': 11.37, 'm2-1': 1.05, 'm3-1': 1.04, 'm4-1': 105.75, 'm5-1': 113.06, 'm6-1': 1.07, 'm7-1': 93.05, 'm8-1': 11.47}",1.56,8.077000000000002,9.117,inf,157.049,157.049
22,T1,BESTEFFORT,COMPLETED,m6-1,7.947,"{'m1-1': 9.83, 'm2-1': 1.04, 'm3-1': 1.1, 'm4-1': 101.83, 'm5-1': 93.81, 'm6-1': 1.15, 'm7-1': 106.9, 'm8-1': 11.21}",1.7249999999999999,8.273000000000001,9.423000000000002,inf,157.947,157.947
23,T2,BESTEFFORT,COMPLETED,m2-1,8.257,"{'m1-1': 10.21, 'm2-1': 1.02, 'm3-1': 0.96, 'm4-1': 106.47, 'm5-1': 96.43, 'm6-1': 1.01, 'm7-1': 93.44, 'm8-1': 10.36}",1.53,8.767999999999999,9.787999999999998,inf,158.257,158.257
24,T1,BESTEFFORT,COMPLETED,m3-1,8.373,"{'m1-1': 10.49, 'm2-1': 1.12, 'm3-1': 1.08, 'm4-1': 116.92, 'm5-1': 103.54, 'm6-1': 1.06, 'm7-1': 105.38, 'm8-1': 10.21}",1.62,9.117,10.197000000000001,inf,158.373,158.373
25,T1,BESTEFFORT,COMPLETED,m6-1,8.577,"{'m1-1': 10.84, 'm2-1': 1.11, 'm3-1': 1.04, 'm4-1': 117.25, 'm5-1': 107.34, 'm6-1': 1.13, 'm7-1': 115.55, 'm8-1': 10.31}",1.6949999999999998,9.423000000000002,10.553,inf,158.577,158.577
26,T4,BESTEFFORT,COMPLETED,m2-1,8.622,"{'m1-1': 10.63, 'm2-1': 1.01, 'm3-1': 0.99, 'm4-1': 106.15, 'm5-1': 110.43, 'm6-1': 1.03, 'm7-1': 97.79, 'm8-1': 11.22}",1.5150000000000001,9.787999999999998,10.797999999999998,inf,158.622,158.622
27,T1,BESTEFFORT,COMPLETED,m3-1,8.669,"{'m1-1': 9.79, 'm2-1': 1.03, 'm3-1': 1.07, 'm4-1': 109.66, 'm5-1': 100.43, 'm6-1': 1.1, 'm7-1': 111.26, 'm8-1': 10.52}",1.605,10.197000000000001,11.267000000000001,inf,158.669,158.669
28,T4,BESTEFFORT,COMPLETED,m6-1,8.804,"{'m1-1': 11.66, 'm2-1': 1.06, 'm3-1': 1.1, 'm4-1': 114.38, 'm5-1': 117.39, 'm6-1': 1.06, 'm7-1': 102.85, 'm8-1': 11.06}",1.59,10.553,11.613000000000001,inf,158.804,158.804
29,T1,BESTEFFORT,COMPLETED,m2-1,8.829,"{'m1-1': 9.35, 'm2-1': 1.01, 'm3-1': 0.99, 'm4-1': 113.41, 'm5-1': 101.36, 'm6-1': 1.18, 'm7-1': 108.45, 'm8-1': 10.46}",1.5150000000000001,10.797999999999998,11.807999999999998,inf,158.829,158.829
30,T1,BESTEFFORT,COMPLETED,m3-1,8.859,"{'m1-1': 10.31, 'm2-1': 1.09, 'm3-1': 1.1, 'm4-1': 119.06, 'm5-1': 98.71, 'm6-1': 1.19, 'm7-1': 109.97, 'm8-1': 10.21}",1.6500000000000001,11.267000000000001,12.367,inf,158.859,158.859
31,T2,BESTEFFORT,COMPLETED,m6-1,9.045,"{'m1-1': 10.88, 'm2-1': 1.06, 'm3-1': 1.06, 'm4-1': 97.37, 'm5-1': 106.57, 'm6-1': 1.01, 'm7-1': 92.97, 'm8-1': 10.05}",1.5150000000000001,11.613000000000001,12.623000000000001,inf,159.045,159.045
32,T4,BESTEFFORT,COMPLETED,m2-1,9.08,"{'m1-1': 10.84, 'm2-1': 0.95, 'm3-1': 0.94, 'm4-1': 111.73, 'm5-1': 111.34, 'm6-1': 1.1, 'm7-1': 107.7, 'm8-1': 11.24}",1.4249999999999998,11.807999999999998,12.757999999999997,inf,159.08,159.08
33,T1,BESTEFFORT,COMPLETED,m3-1,9.391,"{'m1-1': 10.65, 'm2-1': 1.03, 'm3-1': 1.0, 'm4-1': 117.72, 'm5-1': 97.13, 'm6-1': 1.04, 'm7-1': 116.19, 'm8-1': 11.46}",1.5,12.367,13.367,inf,159.391,159.391
34,T4,BESTEFFORT,COMPLETED,m6-1,9.858,"{'m1-1': 11.02, 'm2-1': 1.11, 'm3-1': 0.95, 'm4-1': 106.89, 'm5-1': 113.29, 'm6-1': 0.98, 'm7-1': 106.6, 'm8-1': 10.38}",1.47,12.623000000000001,13.603000000000002,inf,159.858,159.858
35,T3,BESTEFFORT,COMPLETED,m2-1,10.56,"{'m1-1': 9.78, 'm2-1': 1.04, 'm3-1': 1.03, 'm4-1': 103.24, 'm5-1': 101.31, 'm6-1': 1.12, 'm7-1': 104.43, 'm8-1': 10.33}",1.56,12.757999999999997,13.797999999999998,inf,160.56,160.56
36,T2,BESTEFFORT,COMPLETED,m3-1,10.817,"{'m1-1': 10.99, 'm2-1': 1.09, 'm3-1': 0.95, 'm4-1': 107.29, 'm5-1': 109.0, 'm6-1': 1.12, 'm7-1': 102.66, 'm8-1': 10.04}",1.4249999999999998,13.367,14.317,inf,160.817,160.817
37,T1,BESTEFFORT,COMPLETED,m6-1,10.951,"{'m1-1': 11.01, 'm2-1': 1.0, 'm3-1': 1.07, 'm4-1': 112.75, 'm5-1': 103.09, 'm6-1': 1.04, 'm7-1': 102.18, 'm8-1': 9.69}",1.56,13.603000000000002,14.643,inf,160.951,160.951
38,T4,BESTEFFORT,COMPLETED,m2-1,11.04,"{'m1-1': 11.42, 'm2-1': 0.96, 'm3-1': 1.01, 'm4-1': 114.29, 'm5-1': 105.54, 'm6-1': 1.0, 'm7-1': 108.08, 'm8-1': 11.6}",1.44,13.797999999999998,14.758,inf,161.04,161.04
39,T4,BESTEFFORT,COMPLETED,m8-1,11.124,"{'m1-1': 10.7, 'm2-1': 1.06, 'm3-1': 0.94, 'm4-1': 105.86, 'm5-1': 105.19, 'm6-1': 0.97, 'm7-1': 99.14, 'm8-1': 10.1}",15.149999999999999,11.124,21.224,inf,161.124,161.124
40,T1,BESTEFFORT,COMPLETED,m3-1,11.395,"{'m1-1': 9.4, 'm2-1': 1.06, 'm3-1': 1.06, 'm4-1': 100.72, 'm5-1': 103.12, 'm6-1': 1.12, 'm7-1': 108.58, 'm8-1': 10.15}",1.59,14.317,15.377,inf,161.395,161.395
41,T4,BESTEFFORT,COMPLETED,m1-1,11.6,"{'m1-1': 11.7, 'm2-1': 1.0, 'm3-1': 0.94, 'm4-1': 97.69, 'm5-1': 114.84, 'm6-1': 0.98, 'm7-1': 100.15, 'm8-1': 10.94}",17.549999999999997,11.6,23.299999999999997,inf,161.6,161.6
42,T3,BESTEFFORT,COMPLETED,m6-1,11.988,"{'m1-1': 11.47, 'm2-1': 1.0, 'm3-1': 1.05, 'm4-1': 93.66, 'm5-1': 107.9, 'm6-1': 0.99, 'm7-1': 95.56, 'm8-1': 10.41}",1.4849999999999999,14.643,15.633000000000001,inf,161.988,161.988
43,T1,BESTEFFORT,COMPLETED,m2-1,12.023,"{'m1-1': 10.48, 'm2-1': 1.01, 'm3-1': 1.01, 'm4-1': 112.98, 'm5-1': 94.13, 'm6-1': 1.18, 'm7-1': 104.2, 'm8-1': 9.85}",1.5150000000000001,14.758,15.767999999999999,inf,162.023,162.023
44,T3,BESTEFFORT,COMPLETED,m8-1,12.362,"{'m1-1': 10.38, 'm2-1': 1.11, 'm3-1': 1.12, 'm4-1': 99.08, 'm5-1': 102.53, 'm6-1': 0.98, 'm7-1': 104.74, 'm8-1': 10.54}",15.809999999999999,21.224,31.764,inf,162.362,162.362
45,T3,BESTEFFORT,COMPLETED,m6-1,12.829,"{'m1-1': 10.33, 'm2-1': 1.1, 'm3-1': 1.0, 'm4-1': 95.36, 'm5-1': 103.54, 'm6-1': 1.0, 'm7-1': 94.33, 'm8-1': 9.98}",1.5,15.633000000000001,16.633000000000003,inf,162.829,162.829
46,T4,BESTEFFORT,COMPLETED,m3-1,12.844,"{'m1-1': 11.2, 'm2-1': 1.07, 'm3-1': 1.1, 'm4-1': 111.16, 'm5-1': 116.44, 'm6-1': 1.12, 'm7-1': 101.31, 'm8-1': 11.33}",1.6500000000000001,15.377,16.477,inf,162.844,162.844
47,T4,BESTEFFORT,COMPLETED,m2-1,13.479,"{'m1-1': 10.62, 'm2-1': 1.01, 'm3-1': 0.95, 'm4-1': 115.15, 'm5-1': 104.27, 'm6-1': 1.05, 'm7-1': 106.77, 'm8-1': 10.29}",1.5150000000000001,15.767999999999999,16.778,inf,163.47899999999998,163.47899999999998
48,T2,BESTEFFORT,COMPLETED,m3-1,13.595,"{'m1-1': 10.56, 'm2-1': 1.08, 'm3-1': 0.98, 'm4-1': 101.41, 'm5-1': 103.65, 'm6-1': 1.1, 'm7-1': 105.19, 'm8-1': 10.67}",1.47,16.477,17.457,inf,163.595,163.595
49,T3,BESTEFFORT,COMPLETED,m6-1,14.137,"{'m1-1': 10.7, 'm2-1': 1.08, 'm3-1': 1.0, 'm4-1': 103.21, 'm5-1': 101.92, 'm6-1': 0.98, 'm7-1': 97.04, 'm8-1': 9.87}",1.47,16.633000000000003,17.613000000000003,inf,164.137,164.137
50,T4,BESTEFFORT,COMPLETED,m2-1,15.126,"{'m1-1': 10.06, 'm2-1': 1.05, 'm3-1': 0.94, 'm4-1': 100.39, 'm5-1': 116.63, 'm6-1': 1.04, 'm7-1': 104.59, 'm8-1': 10.56}",1.5750000000000002,16.778,17.828,inf,165.126,165.126
51,T1,BESTEFFORT,COMPLETED,m3-1,15.254,"{'m1-1': 9.82, 'm2-1': 1.11, 'm3-1': 1.09, 'm4-1': 117.65, 'm5-1': 106.49, 'm6-1': 1.16, 'm7-1': 102.32, 'm8-1': 11.22}",1.6350000000000002,17.457,18.547,inf,165.254,165.254
52,T3,BESTEFFORT,COMPLETED,m6-1,15.469,"{'m1-1': 11.33, 'm2-1': 1.09, 'm3-1': 1.01, 'm4-1': 104.11, 'm5-1': 103.19, 'm6-1': 0.97, 'm7-1': 99.05, 'm8-1': 10.31}",1.455,17.613000000000003,18.583000000000002,inf,165.469,165.469
53,T2,BESTEFFORT,COMPLETED,m2-1,15.547,"{'m1-1': 10.34, 'm2-1': 1.02, 'm3-1': 1.0, 'm4-1': 108.37, 'm5-1': 106.56, 'm6-1': 1.16, 'm7-1': 94.93, 'm8-1': 10.31}",1.53,17.828,18.848,inf,165.547,165.547
54,T3,BESTEFFORT,COMPLETED,m3-1,15.614,"{'m1-1': 11.4, 'm2-1': 1.06, 'm3-1': 1.08, 'm4-1': 98.74, 'm5-1': 101.51, 'm6-1': 1.07, 'm7-1': 109.06, 'm8-1': 11.02}",1.62,18.547,19.627000000000002,inf,165.614,165.614
55,T4,BESTEFFORT,COMPLETED,m6-1,15.875,"{'m1-1': 10.2, 'm2-1': 0.99, 'm3-1': 1.01, 'm4-1': 111.79, 'm5-1': 105.35, 'm6-1': 1.03, 'm7-1': 99.31, 'm8-1': 10.17}",1.545,18.583000000000002,19.613000000000003,inf,165.875,165.875
56,T3,BESTEFFORT,COMPLETED,m2-1,15.991,"{'m1-1': 10.48, 'm2-1': 1.08, 'm3-1': 1.04, 'm4-1': 102.15, 'm5-1': 112.93, 'm6-1': 1.13, 'm7-1': 106.2, 'm8-1': 10.42}",1.62,18.848,19.927999999999997,inf,165.99099999999999,165.99099999999999
57,T2,BESTEFFORT,COMPLETED,m1-1,16.252,"{'m1-1': 9.33, 'm2-1': 1.08, 'm3-1': 0.96, 'm4-1': 102.48, 'm5-1': 102.36, 'm6-1': 1.15, 'm7-1': 105.22, 'm8-1': 11.08}",13.995000000000001,23.299999999999997,32.629999999999995,inf,166.252,166.252
58,T3,BESTEFFORT,COMPLETED,m3-1,16.764,"{'m1-1': 11.32, 'm2-1': 1.13, 'm3-1': 0.97, 'm4-1': 107.01, 'm5-1': 101.57, 'm6-1': 0.98, 'm7-1': 107.21, 'm8-1': 11.2}",1.455,19.627000000000002,20.597,inf,166.764,166.764
59,T3,BESTEFFORT,COMPLETED,m6-1,16.792,"{'m1-1': 11.56, 'm2-1': 1.06, 'm3-1': 1.12, 'm4-1': 102.96, 'm5-1': 103.97, 'm6-1': 1.06, 'm7-1': 93.85, 'm8-1': 11.35}",1.59,19.613000000000003,20.673000000000002,inf,166.792,166.792
60,T1,BESTEFFORT,COMPLETED,m2-1,16.954,"{'m1-1': 9.96, 'm2-1': 1.16, 'm3-1': 1.16, 'm4-1': 100.41, 'm5-1': 94.59, 'm6-1': 1.13, 'm7-1': 115.78, 'm8-1': 10.88}",1.7399999999999998,19.927999999999997,21.087999999999997,inf,166.954,166.954
61,T3,BESTEFFORT,COMPLETED,m8-1,17.158,"{'m1-1': 11.2, 'm2-1': 1.03, 'm3-1': 1.04, 'm4-1': 92.63, 'm5-1': 101.33, 'm6-1': 1.12, 'm7-1': 100.45, 'm8-1': 11.37}",17.055,31.764,43.134,inf,167.15800000000002,167.15800000000002
62,T2,BESTEFFORT,COMPLETED,m3-1,17.602,"{'m1-1': 10.55, 'm2-1': 1.13, 'm3-1': 1.01, 'm4-1': 100.0, 'm5-1': 106.06, 'm6-1': 1.05, 'm7-1': 99.87, 'm8-1': 10.04}",1.5150000000000001,20.597,21.607000000000003,inf,167.602,167.602
63,T2,BESTEFFORT,COMPLETED,m6-1,17.66,"{'m1-1': 9.98, 'm2-1': 1.15, 'm3-1': 0.98, 'm4-1': 109.84, 'm5-1': 99.36, 'm6-1': 1.08, 'm7-1': 106.14, 'm8-1': 10.63}",1.62,20.673000000000002,21.753,inf,167.66,167.66
64,T3,BESTEFFORT,COMPLETED,m1-1,17.75,"{'m1-1': 10.14, 'm2-1': 1.06, 'm3-1': 1.09, 'm4-1': 107.25, 'm5-1': 103.66, 'm6-1': 1.1, 'm7-1': 107.5, 'm8-1': 9.65}",15.21,32.629999999999995,42.769999999999996,inf,167.75,167.75
65,T1,BESTEFFORT,COMPLETED,m2-1,17.885,"{'m1-1': 9.95, 'm2-1': 1.02, 'm3-1': 1.15, 'm4-1': 119.1, 'm5-1': 109.04, 'm6-1': 1.11, 'm7-1': 110.96, 'm8-1': 11.08}",1.53,21.087999999999997,22.107999999999997,inf,167.885,167.885
66,T3,BESTEFFORT,COMPLETED,m8-1,17.925,"{'m1-1': 11.13, 'm2-1': 1.09, 'm3-1': 1.03, 'm4-1': 101.5, 'm5-1': 99.7, 'm6-1': 1.04, 'm7-1': 96.02, 'm8-1': 11.29}",16.935,43.134,54.424,inf,167.925,167.925
67,T1,BESTEFFORT,COMPLETED,m1-1,17.962,"{'m1-1': 9.93, 'm2-1': 1.13, 'm3-1': 1.07, 'm4-1': 105.65, 'm5-1': 99.33, 'm6-1': 1.16, 'm7-1': 116.19, 'm8-1': 10.34}",14.895,42.769999999999996,52.699999999999996,inf,167.962,167.962
68,T2,BESTEFFORT,COMPLETED,m4-1,18.081,"{'m1-1': 10.73, 'm2-1': 1.0, 'm3-1': 1.03, 'm4-1': 109.9, 'm5-1': 105.93, 'm6-1': 1.09, 'm7-1': 99.33, 'm8-1': 10.3}",164.85000000000002,18.081,127.98100000000001,inf,168.081,168.081
69,T2,BESTEFFORT,COMPLETED,m5-1,18.52,"{'m1-1': 10.98, 'm2-1': 1.07, 'm3-1': 1.09, 'm4-1': 101.49, 'm5-1': 103.47, 'm6-1': 1.01, 'm7-1': 98.4, 'm8-1': 11.32}",155.20499999999998,18.52,121.99,inf,168.52,168.52
70,T2,BESTEFFORT,COMPLETED,m3-1,18.904,"{'m1-1': 9.73, 'm2-1': 1.08, 'm3-1': 0.99, 'm4-1': 111.97, 'm5-1': 107.03, 'm6-1': 1.04, 'm7-1': 107.84, 'm8-1': 11.38}",1.4849999999999999,21.607000000000003,22.597,inf,168.904,168.904
71,T4,BESTEFFORT,COMPLETED,m6-1,19.029,"{'m1-1': 11.48, 'm2-1': 0.98, 'm3-1': 1.04, 'm4-1': 111.73, 'm5-1': 109.21, 'm6-1': 1.1, 'm7-1': 97.3, 'm8-1': 10.69}",1.6500000000000001,21.753,22.853,inf,169.029,169.029
72,T2,BESTEFFORT,COMPLETED,m2-1,19.107,"{'m1-1': 10.54, 'm2-1': 1.01, 'm3-1': 1.08, 'm4-1': 98.29, 'm5-1': 96.47, 'm6-1': 1.14, 'm7-1': 108.89, 'm8-1': 11.68}",1.5150000000000001,22.107999999999997,23.118,inf,169.107,169.107
73,T2,BESTEFFORT,COMPLETED,m7-1,19.531,"{'m1-1': 11.03, 'm2-1': 1.16, 'm3-1': 1.08, 'm4-1': 96.07, 'm5-1': 103.65, 'm6-1': 1.09, 'm7-1': 103.47, 'm8-1': 11.32}",155.20499999999998,19.531,123.001,inf,169.531,169.531
74,T2,BESTEFFORT,COMPLETED,m3-1,19.818,"{'m1-1': 10.64, 'm2-1': 1.05, 'm3-1': 1.04, 'm4-1': 104.95, 'm5-1': 99.29, 'm6-1': 1.07, 'm7-1': 102.17, 'm8-1': 11.22}",1.56,22.597,23.637,inf,169.818,169.818
75,T1,BESTEFFORT,COMPLETED,m6-1,19.874,"{'m1-1': 9.79, 'm2-1': 1.16, 'm3-1': 1.06, 'm4-1': 114.28, 'm5-1': 94.6, 'm6-1': 1.12, 'm7-1': 113.03, 'm8-1': 9.95}",1.6800000000000002,22.853,23.973000000000003,inf,169.874,169.874
76,T3,BESTEFFORT,MISSED,m4-1,19.926,"{'m1-1': 9.86, 'm2-1': 1.16, 'm3-1': 1.02, 'm4-1': 93.71, 'm5-1': 99.28, 'm6-1': 1.01, 'm7-1': 107.76, 'm8-1': 10.53}",62.91749999999997,127.98100000000001,inf,169.926,169.926,169.926
77,T2,BESTEFFORT,COMPLETED,m2-1,21.438,"{'m1-1': 10.15, 'm2-1': 1.12, 'm3-1': 1.07, 'm4-1': 108.12, 'm5-1': 94.18, 'm6-1': 1.06, 'm7-1': 100.93, 'm8-1': 9.99}",1.6800000000000002,23.118,24.238,inf,171.438,171.438
78,T3,BESTEFFORT,COMPLETED,m3-1,21.451,"{'m1-1': 10.6, 'm2-1': 1.03, 'm3-1': 1.08, 'm4-1': 100.5, 'm5-1': 103.13, 'm6-1': 1.11, 'm7-1': 103.55, 'm8-1': 10.29}",1.62,23.637,24.717,inf,171.451,171.451
79,T4,BESTEFFORT,COMPLETED,m6-1,21.789,"{'m1-1': 11.77, 'm2-1': 1.1, 'm3-1': 1.1, 'm4-1': 103.96, 'm5-1': 102.26, 'm6-1': 1.0, 'm7-1': 95.27, 'm8-1': 10.25}",1.5,23.973000000000003,24.973000000000003,inf,171.789,171.789
80,T3,BESTEFFORT,COMPLETED,m2-1,21.892,"{'m1-1': 10.53, 'm2-1': 1.08, 'm3-1': 1.09, 'm4-1': 106.09, 'm5-1': 113.8, 'm6-1': 1.03, 'm7-1': 106.2, 'm8-1': 9.81}",1.62,24.238,25.317999999999998,inf,171.892,171.892
81,T4,BESTEFFORT,COMPLETED,m3-1,21.925,"{'m1-1': 10.88, 'm2-1': 1.03, 'm3-1': 1.07, 'm4-1': 100.68, 'm5-1': 117.76, 'm6-1': 1.13, 'm7-1': 106.54, 'm8-1': 10.45}",1.605,24.717,25.787,inf,171.925,171.925
82,T2,BESTEFFORT,COMPLETED,m6-1,22.015,"{'m1-1': 9.52, 'm2-1': 1.03, 'm3-1': 1.0, 'm4-1': 100.3, 'm5-1': 111.03, 'm6-1': 1.0, 'm7-1': 95.55, 'm8-1': 10.47}",1.5,24.973000000000003,25.973000000000003,inf,172.015,172.015
83,T1,BESTEFFORT,COMPLETED,m2-1,22.752,"{'m1-1': 9.4, 'm2-1': 1.03, 'm3-1': 1.01, 'm4-1': 104.98, 'm5-1': 103.25, 'm6-1': 1.07, 'm7-1': 104.54, 'm8-1': 10.11}",1.545,25.317999999999998,26.348,inf,172.752,172.752
84,T2,BESTEFFORT,COMPLETED,m3-1,23.067,"{'m1-1': 10.61, 'm2-1': 1.03, 'm3-1': 1.03, 'm4-1': 96.69, 'm5-1': 106.55, 'm6-1': 1.02, 'm7-1': 96.86, 'm8-1': 10.62}",1.545,25.787,26.817,inf,173.067,173.067
85,T2,BESTEFFORT,COMPLETED,m6-1,23.411,"{'m1-1': 9.73, 'm2-1': 1.03, 'm3-1': 1.09, 'm4-1': 105.26, 'm5-1': 95.96, 'm6-1': 1.03, 'm7-1': 104.03, 'm8-1': 10.46}",1.545,25.973000000000003,27.003000000000004,inf,173.411,173.411
86,T1,BESTEFFORT,COMPLETED,m2-1,23.427,"{'m1-1': 10.23, 'm2-1': 1.0, 'm3-1': 1.0, 'm4-1': 109.1, 'm5-1': 105.61, 'm6-1': 1.09, 'm7-1': 107.55, 'm8-1': 10.14}",1.5,26.348,27.348,inf,173.427,173.427
87,T4,BESTEFFORT,COMPLETED,m3-1,23.762,"{'m1-1': 10.15, 'm2-1': 1.1, 'm3-1': 0.94, 'm4-1': 101.96, 'm5-1': 100.42, 'm6-1': 1.09, 'm7-1': 94.31, 'm8-1': 11.52}",1.41,26.817,27.757,inf,173.762,173.762
88,T2,BESTEFFORT,COMPLETED,m8-1,23.818,"{'m1-1': 9.32, 'm2-1': 1.01, 'm3-1': 0.93, 'm4-1': 106.33, 'm5-1': 109.88, 'm6-1': 1.02, 'm7-1': 96.2, 'm8-1': 10.45}",15.674999999999999,54.424,64.874,inf,173.818,173.818
89,T4,BESTEFFORT,COMPLETED,m6-1,24.05,"{'m1-1': 11.26, 'm2-1': 1.05, 'm3-1': 0.95, 'm4-1': 106.28, 'm5-1': 109.99, 'm6-1': 1.1, 'm7-1': 97.61, 'm8-1': 10.54}",1.6500000000000001,27.003000000000004,28.103000000000005,inf,174.05,174.05
90,T3,BESTEFFORT,COMPLETED,m2-1,24.776,"{'m1-1': 9.88, 'm2-1': 1.06, 'm3-1': 0.99, 'm4-1': 99.02, 'm5-1': 112.49, 'm6-1': 1.14, 'm7-1': 110.3, 'm8-1': 11.05}",1.59,27.348,28.407999999999998,inf,174.776,174.776
91,T1,BESTEFFORT,COMPLETED,m3-1,24.897,"{'m1-1': 10.43, 'm2-1': 1.02, 'm3-1': 1.15, 'm4-1': 107.12, 'm5-1': 100.03, 'm6-1': 1.12, 'm7-1': 110.18, 'm8-1': 11.15}",1.7249999999999999,27.757,28.907,inf,174.897,174.897
92,T2,BESTEFFORT,COMPLETED,m6-1,25.421,"{'m1-1': 10.57, 'm2-1': 0.99, 'm3-1': 1.02, 'm4-1': 109.97, 'm5-1': 102.15, 'm6-1': 1.06, 'm7-1': 97.13, 'm8-1': 9.93}",1.59,28.103000000000005,29.163000000000004,inf,175.421,175.421
93,T1,BESTEFFORT,COMPLETED,m2-1,27.187,"{'m1-1': 10.42, 'm2-1': 1.07, 'm3-1': 1.06, 'm4-1': 102.37, 'm5-1': 108.86, 'm6-1': 1.14, 'm7-1': 116.79, 'm8-1': 10.43}",1.605,28.407999999999998,29.477999999999998,inf,177.187,177.187
94,T4,BESTEFFORT,COMPLETED,m3-1,27.872,"{'m1-1': 10.06, 'm2-1': 1.02, 'm3-1': 1.02, 'm4-1': 115.59, 'm5-1': 104.96, 'm6-1': 1.04, 'm7-1': 91.95, 'm8-1': 11.31}",1.53,28.907,29.927,inf,177.872,177.872
95,T3,BESTEFFORT,COMPLETED,m6-1,28.602,"{'m1-1': 11.48, 'm2-1': 1.17, 'm3-1': 1.03, 'm4-1': 100.91, 'm5-1': 98.46, 'm6-1': 1.0, 'm7-1': 109.92, 'm8-1': 9.72}",1.5,29.163000000000004,30.163000000000004,inf,178.602,178.602
96,T1,BESTEFFORT,COMPLETED,m2-1,29.202,"{'m1-1': 9.56, 'm2-1': 1.16, 'm3-1': 1.07, 'm4-1': 117.8, 'm5-1': 105.42, 'm6-1': 1.19, 'm7-1': 105.77, 'm8-1': 11.32}",1.7399999999999998,29.477999999999998,30.637999999999998,inf,179.202,179.202
97,T3,BESTEFFORT,COMPLETED,m3-1,29.239,"{'m1-1': 9.84, 'm2-1': 1.12, 'm3-1': 0.96, 'm4-1': 95.89, 'm5-1': 106.68, 'm6-1': 0.98, 'm7-1': 100.04, 'm8-1': 10.24}",1.44,29.927,30.887,inf,179.239,179.239
98,T4,BESTEFFORT,COMPLETED,m6-1,29.411,"{'m1-1': 10.56, 'm2-1': 0.97, 'm3-1': 1.01, 'm4-1': 100.96, 'm5-1': 115.04, 'm6-1': 1.02, 'm7-1': 92.53, 'm8-1': 10.48}",1.53,30.163000000000004,31.183000000000003,inf,179.411,179.411
99,T4,BESTEFFORT,COMPLETED,m2-1,29.635,"{'m1-1': 10.84, 'm2-1': 1.09, 'm3-1': 1.06, 'm4-1': 104.1, 'm5-1': 105.43, 'm6-1': 1.09, 'm7-1': 97.74, 'm8-1': 10.89}",1.6350000000000002,30.637999999999998,31.727999999999998,inf,179.635,179.635
100,T4,BESTEFFORT,COMPLETED,m3-1,29.703,"{'m1-1': 11.78, 'm2-1': 0.99, 'm3-1': 1.02, 'm4-1': 109.72, 'm5-1': 111.77, 'm6-1': 1.1, 'm7-1': 100.49, 'm8-1': 10.88}",1.53,30.887,31.907,inf,179.703,179.703
101,T4,BESTEFFORT,COMPLETED,m6-1,29.782,"{'m1-1': 11.39, 'm2-1': 0.96, 'm3-1': 0.97, 'm4-1': 99.59, 'm5-1': 102.0, 'm6-1': 1.04, 'm7-1': 106.9, 'm8-1': 10.49}",1.56,31.183000000000003,32.223000000000006,inf,179.782,179.782
102,T4,BESTEFFORT,COMPLETED,m2-1,29.983,"{'m1-1': 10.83, 'm2-1': 0.98, 'm3-1': 1.08, 'm4-1': 115.8, 'm5-1': 115.56, 'm6-1': 1.12, 'm7-1': 94.12, 'm8-1': 10.51}",1.47,31.727999999999998,32.708,inf,179.983,179.983
103,T4,BESTEFFORT,COMPLETED,m3-1,30.555,"{'m1-1': 10.35, 'm2-1': 1.1, 'm3-1': 0.97, 'm4-1': 99.67, 'm5-1': 100.32, 'm6-1': 1.1, 'm7-1': 94.48, 'm8-1': 11.83}",1.455,31.907,32.877,inf,180.555,180.555
104,T1,BESTEFFORT,COMPLETED,m6-1,30.819,"{'m1-1': 9.56, 'm2-1': 1.09, 'm3-1': 1.08, 'm4-1': 117.65, 'm5-1': 104.07, 'm6-1': 1.01, 'm7-1': 117.19, 'm8-1': 11.33}",1.5150000000000001,32.223000000000006,33.233000000000004,inf,180.819,180.819
105,T3,BESTEFFORT,COMPLETED,m2-1,30.854,"{'m1-1': 9.88, 'm2-1': 1.05, 'm3-1': 1.09, 'm4-1': 99.4, 'm5-1': 96.84, 'm6-1': 1.1, 'm7-1': 102.75, 'm8-1': 11.38}",1.5750000000000002,32.708,33.757999999999996,inf,180.85399999999998,180.85399999999998
106,T1,BESTEFFORT,COMPLETED,m3-1,31.474,"{'m1-1': 10.06, 'm2-1': 1.07, 'm3-1': 1.1, 'm4-1': 108.0, 'm5-1': 97.5, 'm6-1': 1.17, 'm7-1': 102.37, 'm8-1': 10.86}",1.6500000000000001,32.877,33.977000000000004,inf,181.474,181.474
107,T4,BESTEFFORT,COMPLETED,m6-1,31.488,"{'m1-1': 11.79, 'm2-1': 0.99, 'm3-1': 1.07, 'm4-1': 99.13, 'm5-1': 102.68, 'm6-1': 1.0, 'm7-1': 106.94, 'm8-1': 10.12}",1.5,33.233000000000004,34.233000000000004,inf,181.488,181.488
108,T3,BESTEFFORT,COMPLETED,m2-1,31.556,"{'m1-1': 10.41, 'm2-1': 1.06, 'm3-1': 1.02, 'm4-1': 99.54, 'm5-1': 111.94, 'm6-1': 1.02, 'm7-1': 109.97, 'm8-1': 11.12}",1.59,33.757999999999996,34.818,inf,181.556,181.556
109,T1,BESTEFFORT,COMPLETED,m3-1,31.905,"{'m1-1': 9.56, 'm2-1': 1.0, 'm3-1': 1.04, 'm4-1': 103.21, 'm5-1': 105.26, 'm6-1': 1.05, 'm7-1': 104.29, 'm8-1': 11.37}",1.56,33.977000000000004,35.017,inf,181.905,181.905
110,T4,BESTEFFORT,COMPLETED,m6-1,32.286,"{'m1-1': 11.17, 'm2-1': 1.02, 'm3-1': 0.95, 'm4-1': 99.6, 'm5-1': 112.15, 'm6-1': 1.11, 'm7-1': 94.92, 'm8-1': 10.06}",1.665,34.233000000000004,35.343,inf,182.286,182.286
111,T2,BESTEFFORT,COMPLETED,m2-1,32.43,"{'m1-1': 10.73, 'm2-1': 1.01, 'm3-1': 1.0, 'm4-1': 112.69, 'm5-1': 97.06, 'm6-1': 1.06, 'm7-1': 96.05, 'm8-1': 10.3}",1.5150000000000001,34.818,35.827999999999996,inf,182.43,182.43
112,T4,BESTEFFORT,COMPLETED,m3-1,32.602,"{'m1-1': 11.63, 'm2-1': 0.98, 'm3-1': 0.95, 'm4-1': 114.0, 'm5-1': 105.6, 'm6-1': 1.08, 'm7-1': 92.28, 'm8-1': 10.59}",1.4249999999999998,35.017,35.967000000000006,inf,182.602,182.602
113,T1,BESTEFFORT,COMPLETED,m6-1,33.149,"{'m1-1': 9.88, 'm2-1': 1.05, 'm3-1': 1.06, 'm4-1': 107.03, 'm5-1': 109.85, 'm6-1': 1.13, 'm7-1': 114.72, 'm8-1': 11.12}",1.6949999999999998,35.343,36.473000000000006,inf,183.149,183.149
114,T2,BESTEFFORT,COMPLETED,m2-1,33.845,"{'m1-1': 10.76, 'm2-1': 1.04, 'm3-1': 1.1, 'm4-1': 113.32, 'm5-1': 102.98, 'm6-1': 1.0, 'm7-1': 105.81, 'm8-1': 11.54}",1.56,35.827999999999996,36.867999999999995,inf,183.845,183.845
115,T3,BESTEFFORT,COMPLETED,m3-1,33.988,"{'m1-1': 9.99, 'm2-1': 1.05, 'm3-1': 1.06, 'm4-1': 104.24, 'm5-1': 108.14, 'm6-1': 0.97, 'm7-1': 96.57, 'm8-1': 10.39}",1.59,35.967000000000006,37.02700000000001,inf,183.988,183.988
116,T2,BESTEFFORT,COMPLETED,m6-1,34.183,"{'m1-1': 10.55, 'm2-1': 1.12, 'm3-1': 0.93, 'm4-1': 109.68, 'm5-1': 111.43, 'm6-1': 1.14, 'm7-1': 98.68, 'm8-1': 10.39}",1.71,36.473000000000006,37.61300000000001,inf,184.183,184.183
117,T2,BESTEFFORT,COMPLETED,m2-1,34.378,"{'m1-1': 9.88, 'm2-1': 1.14, 'm3-1': 1.0, 'm4-1': 99.5, 'm5-1': 106.56, 'm6-1': 1.07, 'm7-1': 97.87, 'm8-1': 10.72}",1.71,36.867999999999995,38.007999999999996,inf,184.378,184.378
118,T1,BESTEFFORT,COMPLETED,m3-1,34.411,"{'m1-1': 10.34, 'm2-1': 1.1, 'm3-1': 1.02, 'm4-1': 100.44, 'm5-1': 92.7, 'm6-1': 1.08, 'm7-1': 110.18, 'm8-1': 11.3}",1.53,37.02700000000001,38.04700000000001,inf,184.411,184.411
119,T2,BESTEFFORT,COMPLETED,m6-1,34.728,"{'m1-1': 9.32, 'm2-1': 1.07, 'm3-1': 0.96, 'm4-1': 108.25, 'm5-1': 98.77, 'm6-1': 1.13, 'm7-1': 95.68, 'm8-1': 10.06}",1.6949999999999998,37.61300000000001,38.74300000000001,inf,184.728,184.728
120,T3,BESTEFFORT,COMPLETED,m1-1,34.777,"{'m1-1': 10.41, 'm2-1': 1.16, 'm3-1': 1.0, 'm4-1': 101.8, 'm5-1': 100.43, 'm6-1': 0.98, 'm7-1': 108.42, 'm8-1': 10.36}",15.615,52.699999999999996,63.11,inf,184.777,184.777
121,T4,BESTEFFORT,COMPLETED,m3-1,35.481,"{'m1-1': 11.11, 'm2-1': 1.0, 'm3-1': 1.1, 'm4-1': 103.48, 'm5-1': 106.56, 'm6-1': 1.13, 'm7-1': 99.45, 'm8-1': 11.47}",1.6500000000000001,38.04700000000001,39.14700000000001,inf,185.481,185.481
122,T4,BESTEFFORT,COMPLETED,m2-1,35.961,"{'m1-1': 11.44, 'm2-1': 1.03, 'm3-1': 1.1, 'm4-1': 102.91, 'm5-1': 111.29, 'm6-1': 1.13, 'm7-1': 98.97, 'm8-1': 10.13}",1.545,38.007999999999996,39.038,inf,185.961,185.961
123,T2,BESTEFFORT,COMPLETED,m6-1,36.093,"{'m1-1': 9.76, 'm2-1': 1.13, 'm3-1': 0.96, 'm4-1': 112.16, 'm5-1': 98.47, 'm6-1': 1.07, 'm7-1': 97.74, 'm8-1': 11.45}",1.605,38.74300000000001,39.81300000000001,inf,186.09300000000002,186.09300000000002
124,T1,BESTEFFORT,COMPLETED,m2-1,36.099,"{'m1-1': 9.84, 'm2-1': 1.11, 'm3-1': 1.12, 'm4-1': 110.18, 'm5-1': 104.81, 'm6-1': 1.09, 'm7-1': 110.84, 'm8-1': 11.02}",1.665,39.038,40.147999999999996,inf,186.099,186.099
125,T4,BESTEFFORT,COMPLETED,m3-1,36.233,"{'m1-1': 11.52, 'm2-1': 1.06, 'm3-1': 1.05, 'm4-1': 109.37, 'm5-1': 110.66, 'm6-1': 1.11, 'm7-1': 94.81, 'm8-1': 10.9}",1.5750000000000002,39.14700000000001,40.19700000000001,inf,186.233,186.233
126,T2,BESTEFFORT,COMPLETED,m1-1,36.275,"{'m1-1': 10.5, 'm2-1': 1.06, 'm3-1': 1.0, 'm4-1': 102.02, 'm5-1': 100.67, 'm6-1': 1.13, 'm7-1': 104.52, 'm8-1': 10.19}",15.75,63.11,73.61,inf,186.275,186.275
127,T2,BESTEFFORT,COMPLETED,m6-1,36.804,"{'m1-1': 10.78, 'm2-1': 1.12, 'm3-1': 1.01, 'm4-1': 109.63, 'm5-1': 108.79, 'm6-1': 1.0, 'm7-1': 106.84, 'm8-1': 10.51}",1.5,39.81300000000001,40.81300000000001,inf,186.804,186.804
128,T2,BESTEFFORT,COMPLETED,m2-1,36.886,"{'m1-1': 9.91, 'm2-1': 1.01, 'm3-1': 0.98, 'm4-1': 96.7, 'm5-1': 101.54, 'm6-1': 1.07, 'm7-1': 109.11, 'm8-1': 10.91}",1.5150000000000001,40.147999999999996,41.157999999999994,inf,186.886,186.886
129,T1,BESTEFFORT,COMPLETED,m3-1,37.252,"{'m1-1': 10.23, 'm2-1': 1.14, 'm3-1': 1.14, 'm4-1': 104.05, 'm5-1': 107.52, 'm6-1': 1.19, 'm7-1': 113.94, 'm8-1': 10.08}",1.71,40.19700000000001,41.33700000000001,inf,187.252,187.252
130,T3,BESTEFFORT,COMPLETED,m8-1,37.575,"{'m1-1': 11.16, 'm2-1': 1.06, 'm3-1': 0.99, 'm4-1': 97.51, 'm5-1': 100.37, 'm6-1': 1.08, 'm7-1': 94.85, 'm8-1': 10.01}",15.015,64.874,74.884,inf,187.575,187.575
131,T4,BESTEFFORT,COMPLETED,m6-1,38.203,"{'m1-1': 11.01, 'm2-1': 0.97, 'm3-1': 1.06, 'm4-1': 114.0, 'm5-1': 105.63, 'm6-1': 1.07, 'm7-1': 97.98, 'm8-1': 10.81}",1.605,40.81300000000001,41.88300000000001,inf,188.203,188.203
132,T3,BESTEFFORT,COMPLETED,m2-1,38.221,"{'m1-1': 10.03, 'm2-1': 1.1, 'm3-1': 1.08, 'm4-1': 104.02, 'm5-1': 112.9, 'm6-1': 0.98, 'm7-1': 104.21, 'm8-1': 11.21}",1.6500000000000001,41.157999999999994,42.257999999999996,inf,188.221,188.221
133,T3,BESTEFFORT,COMPLETED,m3-1,38.467,"{'m1-1': 11.34, 'm2-1': 1.09, 'm3-1': 1.07, 'm4-1': 104.74, 'm5-1': 112.25, 'm6-1': 1.13, 'm7-1': 95.64, 'm8-1': 9.79}",1.605,41.33700000000001,42.40700000000001,inf,188.46699999999998,188.46699999999998
134,T2,BESTEFFORT,MISSED,m5-1,38.51,"{'m1-1': 10.12, 'm2-1': 1.08, 'm3-1': 1.0, 'm4-1': 108.12, 'm5-1': 98.14, 'm6-1': 1.16, 'm7-1': 108.0, 'm8-1': 11.12}",99.78,121.99,inf,188.51,188.51,188.51
135,T3,BESTEFFORT,COMPLETED,m6-1,38.776,"{'m1-1': 11.1, 'm2-1': 1.18, 'm3-1': 1.08, 'm4-1': 101.53, 'm5-1': 102.65, 'm6-1': 1.14, 'm7-1': 98.85, 'm8-1': 10.93}",1.71,41.88300000000001,43.02300000000001,inf,188.776,188.776
136,T1,BESTEFFORT,MISSED,m7-1,38.995,"{'m1-1': 10.12, 'm2-1': 1.01, 'm3-1': 1.12, 'm4-1': 110.28, 'm5-1': 105.76, 'm6-1': 1.16, 'm7-1': 105.72, 'm8-1': 10.29}",98.991,123.001,inf,188.995,188.995,188.995
137,T2,BESTEFFORT,COMPLETED,m2-1,39.12,"{'m1-1': 9.65, 'm2-1': 1.04, 'm3-1': 0.93, 'm4-1': 102.0, 'm5-1': 97.96, 'm6-1': 1.04, 'm7-1': 101.01, 'm8-1': 11.64}",1.56,42.257999999999996,43.297999999999995,inf,189.12,189.12
138,T2,BESTEFFORT,COMPLETED,m3-1,39.236,"{'m1-1': 10.06, 'm2-1': 1.17, 'm3-1': 0.94, 'm4-1': 98.57, 'm5-1': 102.92, 'm6-1': 1.13, 'm7-1': 106.75, 'm8-1': 10.68}",1.41,42.40700000000001,43.34700000000001,inf,189.236,189.236
139,T2,BESTEFFORT,MISSED,m4-1,39.325,"{'m1-1': 9.96, 'm2-1': 1.06, 'm3-1': 1.08, 'm4-1': 98.9, 'm5-1': 103.74, 'm6-1': 1.12, 'm7-1': 109.74, 'm8-1': 11.19}",29.0985,169.926,inf,189.325,189.325,189.325
140,T3,BESTEFFORT,COMPLETED,m6-1,40.571,"{'m1-1': 10.09, 'm2-1': 1.01, 'm3-1': 1.1, 'm4-1': 102.94, 'm5-1': 112.11, 'm6-1': 0.99, 'm7-1': 94.23, 'm8-1': 11.13}",1.4849999999999999,43.02300000000001,44.01300000000001,inf,190.571,190.571
141,T4,BESTEFFORT,COMPLETED,m3-1,40.893,"{'m1-1': 11.55, 'm2-1': 1.09, 'm3-1': 1.06, 'm4-1': 111.73, 'm5-1': 106.1, 'm6-1': 0.98, 'm7-1': 99.03, 'm8-1': 11.52}",1.59,43.34700000000001,44.40700000000001,inf,190.893,190.893
142,T4,BESTEFFORT,COMPLETED,m2-1,42.389,"{'m1-1': 10.21, 'm2-1': 1.04, 'm3-1': 1.01, 'm4-1': 102.71, 'm5-1': 108.34, 'm6-1': 0.99, 'm7-1': 91.97, 'm8-1': 10.66}",1.56,43.297999999999995,44.337999999999994,inf,192.389,192.389
143,T3,BESTEFFORT,COMPLETED,m6-1,42.497,"{'m1-1': 9.8, 'm2-1': 1.01, 'm3-1': 0.98, 'm4-1': 98.47, 'm5-1': 109.16, 'm6-1': 1.02, 'm7-1': 99.13, 'm8-1': 9.86}",1.53,44.01300000000001,45.033000000000015,inf,192.497,192.497
144,T2,BESTEFFORT,COMPLETED,m3-1,42.522,"{'m1-1': 9.75, 'm2-1': 1.09, 'm3-1': 0.98, 'm4-1': 108.99, 'm5-1': 95.45, 'm6-1': 1.18, 'm7-1': 103.63, 'm8-1': 10.6}",1.47,44.40700000000001,45.38700000000001,inf,192.522,192.522
145,T4,BESTEFFORT,COMPLETED,m2-1,42.889,"{'m1-1': 10.46, 'm2-1': 1.06, 'm3-1': 1.04, 'm4-1': 112.93, 'm5-1': 115.7, 'm6-1': 0.98, 'm7-1': 92.7, 'm8-1': 10.87}",1.59,44.337999999999994,45.397999999999996,inf,192.889,192.889
146,T1,BESTEFFORT,COMPLETED,m6-1,43.602,"{'m1-1': 10.8, 'm2-1': 1.02, 'm3-1': 1.0, 'm4-1': 115.46, 'm5-1': 100.36, 'm6-1': 1.16, 'm7-1': 114.28, 'm8-1': 9.83}",1.7399999999999998,45.033000000000015,46.19300000000001,inf,193.602,193.602
147,T4,BESTEFFORT,COMPLETED,m2-1,43.645,"{'m1-1': 10.86, 'm2-1': 1.12, 'm3-1': 1.07, 'm4-1': 107.09, 'm5-1': 114.1, 'm6-1': 1.09, 'm7-1': 94.83, 'm8-1': 10.75}",1.6800000000000002,45.397999999999996,46.517999999999994,inf,193.645,193.645
148,T1,BESTEFFORT,COMPLETED,m3-1,43.779,"{'m1-1': 9.36, 'm2-1': 1.04, 'm3-1': 1.12, 'm4-1': 108.85, 'm5-1': 108.65, 'm6-1': 1.17, 'm7-1': 110.27, 'm8-1': 11.17}",1.6800000000000002,45.38700000000001,46.507000000000005,inf,193.779,193.779
149,T3,BESTEFFORT,COMPLETED,m3-1,43.84,"{'m1-1': 9.88, 'm2-1': 1.18, 'm3-1': 1.13, 'm4-1': 109.08, 'm5-1': 107.02, 'm6-1': 1.15, 'm7-1': 99.34, 'm8-1': 9.74}",1.6949999999999998,46.507000000000005,47.63700000000001,inf,193.84,193.84
150,T4,BESTEFFORT,COMPLETED,m2-1,43.871,"{'m1-1': 11.37, 'm2-1': 1.12, 'm3-1': 0.95, 'm4-1': 114.17, 'm5-1': 105.63, 'm6-1': 1.14, 'm7-1': 99.32, 'm8-1': 10.06}",1.6800000000000002,46.517999999999994,47.63799999999999,inf,193.871,193.871
151,T2,BESTEFFORT,COMPLETED,m6-1,43.884,"{'m1-1': 9.67, 'm2-1': 1.09, 'm3-1': 1.07, 'm4-1': 107.82, 'm5-1': 106.39, 'm6-1': 1.03, 'm7-1': 94.71, 'm8-1': 10.99}",1.545,46.19300000000001,47.22300000000001,inf,193.88400000000001,193.88400000000001
152,T4,BESTEFFORT,COMPLETED,m6-1,44.296,"{'m1-1': 10.23, 'm2-1': 1.0, 'm3-1': 1.0, 'm4-1': 100.42, 'm5-1': 103.63, 'm6-1': 1.01, 'm7-1': 105.72, 'm8-1': 10.66}",1.5150000000000001,47.22300000000001,48.23300000000001,inf,194.296,194.296
153,T1,BESTEFFORT,COMPLETED,m2-1,44.404,"{'m1-1': 9.79, 'm2-1': 1.1, 'm3-1': 1.0, 'm4-1': 100.54, 'm5-1': 101.38, 'm6-1': 1.17, 'm7-1': 99.97, 'm8-1': 10.68}",1.6500000000000001,47.63799999999999,48.73799999999999,inf,194.404,194.404
154,T3,BESTEFFORT,COMPLETED,m3-1,44.482,"{'m1-1': 10.08, 'm2-1': 1.05, 'm3-1': 0.97, 'm4-1': 95.81, 'm5-1': 110.12, 'm6-1': 1.09, 'm7-1': 104.75, 'm8-1': 10.06}",1.455,47.63700000000001,48.607000000000006,inf,194.482,194.482
155,T4,BESTEFFORT,COMPLETED,m1-1,44.772,"{'m1-1': 9.99, 'm2-1': 1.03, 'm3-1': 1.05, 'm4-1': 109.59, 'm5-1': 108.46, 'm6-1': 1.03, 'm7-1': 95.78, 'm8-1': 10.99}",14.985,73.61,83.6,inf,194.772,194.772
156,T3,BESTEFFORT,COMPLETED,m8-1,44.956,"{'m1-1': 9.94, 'm2-1': 1.08, 'm3-1': 1.0, 'm4-1': 99.46, 'm5-1': 97.84, 'm6-1': 1.02, 'm7-1': 103.93, 'm8-1': 9.79}",14.684999999999999,74.884,84.674,inf,194.95600000000002,194.95600000000002
157,T1,BESTEFFORT,COMPLETED,m6-1,45.204,"{'m1-1': 9.96, 'm2-1': 0.99, 'm3-1': 0.98, 'm4-1': 106.98, 'm5-1': 100.52, 'm6-1': 1.12, 'm7-1': 102.88, 'm8-1': 9.96}",1.6800000000000002,48.23300000000001,49.35300000000001,inf,195.204,195.204
158,T4,BESTEFFORT,COMPLETED,m2-1,45.716,"{'m1-1': 10.2, 'm2-1': 0.99, 'm3-1': 0.99, 'm4-1': 105.91, 'm5-1': 104.43, 'm6-1': 0.97, 'm7-1': 92.87, 'm8-1': 10.84}",1.4849999999999999,48.73799999999999,49.727999999999994,inf,195.716,195.716
159,T4,BESTEFFORT,COMPLETED,m3-1,45.929,"{'m1-1': 10.69, 'm2-1': 1.1, 'm3-1': 0.94, 'm4-1': 112.31, 'm5-1': 112.79, 'm6-1': 0.98, 'm7-1': 100.49, 'm8-1': 10.99}",1.41,48.607000000000006,49.547000000000004,inf,195.929,195.929
160,T4,BESTEFFORT,COMPLETED,m6-1,46.381,"{'m1-1': 11.18, 'm2-1': 1.1, 'm3-1': 1.09, 'm4-1': 113.46, 'm5-1': 115.17, 'm6-1': 1.07, 'm7-1': 106.61, 'm8-1': 10.13}",1.605,49.35300000000001,50.42300000000001,inf,196.381,196.381
161,T3,BESTEFFORT,MISSED,m7-1,46.464,"{'m1-1': 11.11, 'm2-1': 1.02, 'm3-1': 1.09, 'm4-1': 93.39, 'm5-1': 112.98, 'm6-1': 1.01, 'm7-1': 95.29, 'm8-1': 11.34}",11.203499999999991,188.995,inf,196.464,196.464,196.464
162,T3,BESTEFFORT,COMPLETED,m2-1,47.007,"{'m1-1': 10.91, 'm2-1': 1.07, 'm3-1': 1.0, 'm4-1': 92.7, 'm5-1': 101.91, 'm6-1': 0.99, 'm7-1': 104.18, 'm8-1': 11.05}",1.605,49.727999999999994,50.797999999999995,inf,197.007,197.007
163,T3,BESTEFFORT,COMPLETED,m3-1,47.605,"{'m1-1': 11.54, 'm2-1': 1.08, 'm3-1': 0.97, 'm4-1': 93.63, 'm5-1': 107.16, 'm6-1': 1.04, 'm7-1': 109.86, 'm8-1': 10.88}",1.455,49.547000000000004,50.517,inf,197.605,197.605
164,T4,BESTEFFORT,COMPLETED,m6-1,47.814,"{'m1-1': 11.48, 'm2-1': 1.1, 'm3-1': 0.96, 'm4-1': 98.26, 'm5-1': 117.44, 'm6-1': 1.11, 'm7-1': 98.62, 'm8-1': 11.21}",1.665,50.42300000000001,51.53300000000001,inf,197.814,197.814
165,T4,BESTEFFORT,COMPLETED,m2-1,47.912,"{'m1-1': 9.95, 'm2-1': 1.1, 'm3-1': 0.94, 'm4-1': 111.98, 'm5-1': 105.87, 'm6-1': 0.96, 'm7-1': 101.1, 'm8-1': 10.12}",1.6500000000000001,50.797999999999995,51.897999999999996,inf,197.912,197.912
166,T1,BESTEFFORT,COMPLETED,m3-1,48.215,"{'m1-1': 9.68, 'm2-1': 1.15, 'm3-1': 1.05, 'm4-1': 106.56, 'm5-1': 97.18, 'm6-1': 1.15, 'm7-1': 117.42, 'm8-1': 10.92}",1.5750000000000002,50.517,51.567,inf,198.215,198.215
167,T4,BESTEFFORT,COMPLETED,m6-1,48.452,"{'m1-1': 10.42, 'm2-1': 1.02, 'm3-1': 1.1, 'm4-1': 113.38, 'm5-1': 102.17, 'm6-1': 1.11, 'm7-1': 99.57, 'm8-1': 10.72}",1.665,51.53300000000001,52.64300000000001,inf,198.452,198.452
168,T3,BESTEFFORT,MISSED,m4-1,48.559,"{'m1-1': 9.76, 'm2-1': 1.14, 'm3-1': 0.98, 'm4-1': 94.22, 'm5-1': 101.21, 'm6-1': 1.09, 'm7-1': 108.86, 'm8-1': 10.73}",13.851000000000013,189.325,inf,198.559,198.559,198.559
169,T2,BESTEFFORT,COMPLETED,m3-1,48.698,"{'m1-1': 10.82, 'm2-1': 1.06, 'm3-1': 0.94, 'm4-1': 111.76, 'm5-1': 96.35, 'm6-1': 1.07, 'm7-1': 108.23, 'm8-1': 11.01}",1.41,51.567,52.507,inf,198.698,198.698
170,T2,BESTEFFORT,COMPLETED,m2-1,48.966,"{'m1-1': 9.29, 'm2-1': 1.13, 'm3-1': 0.98, 'm4-1': 110.44, 'm5-1': 98.02, 'm6-1': 1.18, 'm7-1': 98.54, 'm8-1': 11.23}",1.6949999999999998,51.897999999999996,53.028,inf,198.966,198.966
171,T2,BESTEFFORT,MISSED,m5-1,49.025,"{'m1-1': 10.62, 'm2-1': 1.15, 'm3-1': 1.05, 'm4-1': 105.18, 'm5-1': 110.96, 'm6-1': 1.07, 'm7-1': 94.84, 'm8-1': 10.64}",15.772500000000022,188.51,inf,199.025,199.025,199.025
172,T2,BESTEFFORT,MISSED,m5-1,49.055,"{'m1-1': 9.8, 'm2-1': 0.99, 'm3-1': 0.98, 'm4-1': 99.53, 'm5-1': 103.87, 'm6-1': 1.17, 'm7-1': 97.24, 'm8-1': 10.06}",0.045000000000001705,199.025,inf,199.055,199.055,199.055
173,T3,BESTEFFORT,MISSED,m7-1,49.055,"{'m1-1': 11.46, 'm2-1': 1.0, 'm3-1': 1.1, 'm4-1': 101.96, 'm5-1': 112.05, 'm6-1': 1.1, 'm7-1': 101.22, 'm8-1': 9.82}",3.8865000000000123,196.464,inf,199.055,199.055,199.055
174,T3,BESTEFFORT,COMPLETED,m6-1,49.087,"{'m1-1': 11.18, 'm2-1': 1.14, 'm3-1': 1.04, 'm4-1': 93.53, 'm5-1': 100.7, 'm6-1': 1.01, 'm7-1': 100.26, 'm8-1': 10.89}",1.5150000000000001,52.64300000000001,53.653000000000006,inf,199.087,199.087
175,T1,BESTEFFORT,COMPLETED,m3-1,49.221,"{'m1-1': 9.46, 'm2-1': 1.06, 'm3-1': 1.07, 'm4-1': 112.4, 'm5-1': 105.69, 'm6-1': 1.18, 'm7-1': 105.67, 'm8-1': 9.86}",1.605,52.507,53.577,inf,199.221,199.221
176,T4,BESTEFFORT,COMPLETED,m2-1,49.281,"{'m1-1': 10.22, 'm2-1': 1.02, 'm3-1': 1.06, 'm4-1': 109.28, 'm5-1': 112.54, 'm6-1': 0.97, 'm7-1': 105.12, 'm8-1': 11.07}",1.53,53.028,54.048,inf,199.281,199.281
177,T3,BESTEFFORT,COMPLETED,m6-1,49.417,"{'m1-1': 10.9, 'm2-1': 1.08, 'm3-1': 1.02, 'm4-1': 98.39, 'm5-1': 109.6, 'm6-1': 1.04, 'm7-1': 109.01, 'm8-1': 10.98}",1.56,53.653000000000006,54.693000000000005,inf,199.417,199.417
178,T4,BESTEFFORT,COMPLETED,m3-1,50.035,"{'m1-1': 10.56, 'm2-1': 1.11, 'm3-1': 1.1, 'm4-1': 102.3, 'm5-1': 103.84, 'm6-1': 1.08, 'm7-1': 97.29, 'm8-1': 10.67}",1.6500000000000001,53.577,54.677,inf,200.035,200.035
179,T4,BESTEFFORT,COMPLETED,m2-1,50.257,"{'m1-1': 11.68, 'm2-1': 1.1, 'm3-1': 0.96, 'm4-1': 108.15, 'm5-1': 114.48, 'm6-1': 1.11, 'm7-1': 98.8, 'm8-1': 11.81}",1.6500000000000001,54.048,55.148,inf,200.257,200.257
180,T1,BESTEFFORT,COMPLETED,m6-1,50.759,"{'m1-1': 9.66, 'm2-1': 1.15, 'm3-1': 1.03, 'm4-1': 111.81, 'm5-1': 103.82, 'm6-1': 1.19, 'm7-1': 99.76, 'm8-1': 10.16}",1.785,54.693000000000005,55.883,inf,200.75900000000001,200.75900000000001
181,T1,BESTEFFORT,COMPLETED,m3-1,50.783,"{'m1-1': 10.75, 'm2-1': 1.02, 'm3-1': 1.03, 'm4-1': 117.23, 'm5-1': 101.68, 'm6-1': 1.1, 'm7-1': 115.64, 'm8-1': 11.29}",1.545,54.677,55.707,inf,200.78300000000002,200.78300000000002
182,T1,BESTEFFORT,COMPLETED,m2-1,50.889,"{'m1-1': 10.85, 'm2-1': 1.11, 'm3-1': 1.04, 'm4-1': 108.81, 'm5-1': 94.73, 'm6-1': 1.01, 'm7-1': 107.09, 'm8-1': 10.71}",1.665,55.148,56.258,inf,200.889,200.889
183,T3,BESTEFFORT,COMPLETED,m3-1,51.191,"{'m1-1': 11.58, 'm2-1': 1.18, 'm3-1': 1.09, 'm4-1': 93.44, 'm5-1': 114.34, 'm6-1': 0.98, 'm7-1': 101.8, 'm8-1': 11.34}",1.6350000000000002,55.707,56.797000000000004,inf,201.191,201.191
184,T2,BESTEFFORT,COMPLETED,m6-1,51.387,"{'m1-1': 10.02, 'm2-1': 1.12, 'm3-1': 1.0, 'm4-1': 98.1, 'm5-1': 110.7, 'm6-1': 1.12, 'm7-1': 99.08, 'm8-1': 10.09}",1.6800000000000002,55.883,57.003,inf,201.387,201.387
185,T1,BESTEFFORT,COMPLETED,m1-1,52.083,"{'m1-1': 10.92, 'm2-1': 1.14, 'm3-1': 1.01, 'm4-1': 108.6, 'm5-1': 95.54, 'm6-1': 1.08, 'm7-1': 113.03, 'm8-1': 10.55}",16.38,83.6,94.52,inf,202.083,202.083
186,T2,BESTEFFORT,COMPLETED,m2-1,52.222,"{'m1-1': 9.45, 'm2-1': 1.07, 'm3-1': 0.94, 'm4-1': 110.17, 'm5-1': 99.72, 'm6-1': 1.18, 'm7-1': 101.44, 'm8-1': 11.19}",1.605,56.258,57.328,inf,202.222,202.222
187,T2,BESTEFFORT,COMPLETED,m3-1,52.566,"{'m1-1': 9.66, 'm2-1': 1.14, 'm3-1': 0.94, 'm4-1': 98.74, 'm5-1': 105.77, 'm6-1': 1.09, 'm7-1': 102.4, 'm8-1': 10.99}",1.41,56.797000000000004,57.737,inf,202.566,202.566
188,T4,BESTEFFORT,COMPLETED,m6-1,52.647,"{'m1-1': 10.36, 'm2-1': 1.02, 'm3-1': 1.01, 'm4-1': 105.3, 'm5-1': 112.17, 'm6-1': 0.99, 'm7-1': 103.87, 'm8-1': 10.05}",1.4849999999999999,57.003,57.993,inf,202.647,202.647
189,T1,BESTEFFORT,COMPLETED,m2-1,52.801,"{'m1-1': 9.78, 'm2-1': 1.13, 'm3-1': 1.16, 'm4-1': 106.76, 'm5-1': 96.46, 'm6-1': 1.14, 'm7-1': 118.45, 'm8-1': 11.28}",1.6949999999999998,57.328,58.458000000000006,inf,202.801,202.801
190,T4,BESTEFFORT,COMPLETED,m8-1,52.844,"{'m1-1': 10.52, 'm2-1': 1.0, 'm3-1': 1.11, 'm4-1': 115.23, 'm5-1': 101.25, 'm6-1': 1.13, 'm7-1': 106.94, 'm8-1': 10.45}",15.674999999999999,84.674,95.12400000000001,inf,202.844,202.844
191,T3,BESTEFFORT,COMPLETED,m3-1,52.941,"{'m1-1': 10.81, 'm2-1': 1.11, 'm3-1': 1.0, 'm4-1': 97.25, 'm5-1': 113.61, 'm6-1': 0.99, 'm7-1': 103.77, 'm8-1': 10.16}",1.5,57.737,58.737,inf,202.941,202.941
192,T3,BESTEFFORT,COMPLETED,m6-1,53.111,"{'m1-1': 11.42, 'm2-1': 1.13, 'm3-1': 1.09, 'm4-1': 109.42, 'm5-1': 102.8, 'm6-1': 1.0, 'm7-1': 96.25, 'm8-1': 10.55}",1.5,57.993,58.993,inf,203.111,203.111
193,T2,BESTEFFORT,COMPLETED,m2-1,53.241,"{'m1-1': 10.42, 'm2-1': 1.11, 'm3-1': 0.96, 'm4-1': 99.49, 'm5-1': 108.05, 'm6-1': 1.13, 'm7-1': 102.32, 'm8-1': 10.78}",1.665,58.458000000000006,59.568000000000005,inf,203.24099999999999,203.24099999999999
194,T4,BESTEFFORT,COMPLETED,m3-1,53.271,"{'m1-1': 10.29, 'm2-1': 1.08, 'm3-1': 0.99, 'm4-1': 104.81, 'm5-1': 99.57, 'm6-1': 1.07, 'm7-1': 105.69, 'm8-1': 10.89}",1.4849999999999999,58.737,59.727000000000004,inf,203.27100000000002,203.27100000000002
195,T2,BESTEFFORT,COMPLETED,m6-1,53.419,"{'m1-1': 9.51, 'm2-1': 1.14, 'm3-1': 0.98, 'm4-1': 101.14, 'm5-1': 104.88, 'm6-1': 1.07, 'm7-1': 107.05, 'm8-1': 11.01}",1.605,58.993,60.063,inf,203.41899999999998,203.41899999999998
196,T1,BESTEFFORT,COMPLETED,m2-1,53.726,"{'m1-1': 10.09, 'm2-1': 1.09, 'm3-1': 1.01, 'm4-1': 101.84, 'm5-1': 100.77, 'm6-1': 1.11, 'm7-1': 118.26, 'm8-1': 9.95}",1.6350000000000002,59.568000000000005,60.65800000000001,inf,203.726,203.726
197,T3,BESTEFFORT,COMPLETED,m3-1,53.755,"{'m1-1': 11.17, 'm2-1': 1.05, 'm3-1': 1.08, 'm4-1': 96.38, 'm5-1': 97.71, 'm6-1': 1.12, 'm7-1': 96.95, 'm8-1': 10.13}",1.62,59.727000000000004,60.807,inf,203.755,203.755
198,T4,BESTEFFORT,COMPLETED,m6-1,53.772,"{'m1-1': 11.14, 'm2-1': 1.08, 'm3-1': 1.01, 'm4-1': 105.64, 'm5-1': 105.57, 'm6-1': 1.13, 'm7-1': 107.7, 'm8-1': 11.58}",1.6949999999999998,60.063,61.193000000000005,inf,203.772,203.772
199,T3,BESTEFFORT,COMPLETED,m2-1,54.078,"{'m1-1': 10.19, 'm2-1': 1.04, 'm3-1': 1.06, 'm4-1': 92.63, 'm5-1': 113.92, 'm6-1': 1.06, 'm7-1': 109.95, 'm8-1': 11.4}",1.56,60.65800000000001,61.69800000000001,inf,204.078,204.078
200,T1,BESTEFFORT,COMPLETED,m3-1,54.084,"{'m1-1': 10.39, 'm2-1': 1.12, 'm3-1': 1.14, 'm4-1': 107.11, 'm5-1': 92.39, 'm6-1': 1.05, 'm7-1': 104.37, 'm8-1': 11.05}",1.71,60.807,61.947,inf,204.084,204.084
201,T3,BESTEFFORT,COMPLETED,m6-1,54.282,"{'m1-1': 10.28, 'm2-1': 1.1, 'm3-1': 1.03, 'm4-1': 103.83, 'm5-1': 114.43, 'm6-1': 0.98, 'm7-1': 107.58, 'm8-1': 10.05}",1.47,61.193000000000005,62.173,inf,204.28199999999998,204.28199999999998
202,T4,BESTEFFORT,COMPLETED,m2-1,54.319,"{'m1-1': 11.11, 'm2-1': 1.02, 'm3-1': 1.03, 'm4-1': 110.68, 'm5-1': 116.94, 'm6-1': 1.14, 'm7-1': 106.54, 'm8-1': 10.06}",1.53,61.69800000000001,62.71800000000001,inf,204.31900000000002,204.31900000000002
203,T4,BESTEFFORT,COMPLETED,m3-1,54.825,"{'m1-1': 10.13, 'm2-1': 0.98, 'm3-1': 1.02, 'm4-1': 114.33, 'm5-1': 99.26, 'm6-1': 1.06, 'm7-1': 102.88, 'm8-1': 11.52}",1.53,61.947,62.967000000000006,inf,204.825,204.825
204,T3,BESTEFFORT,COMPLETED,m6-1,55.244,"{'m1-1': 11.1, 'm2-1': 1.06, 'm3-1': 0.98, 'm4-1': 100.86, 'm5-1': 105.0, 'm6-1': 1.05, 'm7-1': 96.87, 'm8-1': 9.59}",1.5750000000000002,62.173,63.223,inf,205.244,205.244
205,T2,BESTEFFORT,COMPLETED,m2-1,55.659,"{'m1-1': 9.81, 'm2-1': 1.02, 'm3-1': 0.94, 'm4-1': 97.33, 'm5-1': 99.09, 'm6-1': 1.04, 'm7-1': 95.81, 'm8-1': 10.78}",1.53,62.71800000000001,63.738000000000014,inf,205.659,205.659
206,T3,BESTEFFORT,COMPLETED,m3-1,55.66,"{'m1-1': 10.08, 'm2-1': 1.0, 'm3-1': 1.06, 'm4-1': 109.58, 'm5-1': 109.62, 'm6-1': 1.05, 'm7-1': 96.42, 'm8-1': 10.89}",1.59,62.967000000000006,64.027,inf,205.66,205.66
207,T1,BESTEFFORT,COMPLETED,m6-1,55.984,"{'m1-1': 9.53, 'm2-1': 1.16, 'm3-1': 0.98, 'm4-1': 112.12, 'm5-1': 95.82, 'm6-1': 1.14, 'm7-1': 103.93, 'm8-1': 11.03}",1.71,63.223,64.363,inf,205.984,205.984
208,T3,BESTEFFORT,COMPLETED,m2-1,56.37,"{'m1-1': 10.16, 'm2-1': 1.01, 'm3-1': 1.0, 'm4-1': 104.72, 'm5-1': 106.64, 'm6-1': 1.04, 'm7-1': 94.85, 'm8-1': 11.03}",1.5150000000000001,63.738000000000014,64.74800000000002,inf,206.37,206.37
209,T3,BESTEFFORT,COMPLETED,m3-1,56.585,"{'m1-1': 10.88, 'm2-1': 1.04, 'm3-1': 1.03, 'm4-1': 107.18, 'm5-1': 110.96, 'm6-1': 1.1, 'm7-1': 107.93, 'm8-1': 9.85}",1.545,64.027,65.057,inf,206.585,206.585
210,T2,BESTEFFORT,COMPLETED,m6-1,56.69,"{'m1-1': 11.03, 'm2-1': 1.16, 'm3-1': 1.01, 'm4-1': 102.98, 'm5-1': 102.14, 'm6-1': 1.08, 'm7-1': 106.87, 'm8-1': 10.25}",1.62,64.363,65.443,inf,206.69,206.69
211,T2,BESTEFFORT,COMPLETED,m2-1,57.069,"{'m1-1': 9.67, 'm2-1': 1.11, 'm3-1': 0.97, 'm4-1': 97.93, 'm5-1': 105.0, 'm6-1': 1.17, 'm7-1': 99.25, 'm8-1': 11.55}",1.665,64.74800000000002,65.85800000000002,inf,207.06900000000002,207.06900000000002
212,T4,BESTEFFORT,COMPLETED,m3-1,57.081,"{'m1-1': 10.18, 'm2-1': 1.01, 'm3-1': 0.98, 'm4-1': 107.54, 'm5-1': 101.53, 'm6-1': 1.02, 'm7-1': 106.28, 'm8-1': 11.75}",1.47,65.057,66.037,inf,207.08100000000002,207.08100000000002
213,T2,BESTEFFORT,COMPLETED,m6-1,57.458,"{'m1-1': 10.65, 'm2-1': 1.11, 'm3-1': 0.97, 'm4-1': 99.6, 'm5-1': 99.72, 'm6-1': 1.07, 'm7-1': 97.16, 'm8-1': 11.09}",1.605,65.443,66.51299999999999,inf,207.458,207.458
214,T4,BESTEFFORT,COMPLETED,m2-1,57.512,"{'m1-1': 11.41, 'm2-1': 1.07, 'm3-1': 1.05, 'm4-1': 103.71, 'm5-1': 110.48, 'm6-1': 1.04, 'm7-1': 98.99, 'm8-1': 10.89}",1.605,65.85800000000002,66.92800000000001,inf,207.512,207.512
215,T2,BESTEFFORT,COMPLETED,m3-1,58.041,"{'m1-1': 10.14, 'm2-1': 1.01, 'm3-1': 1.0, 'm4-1': 108.85, 'm5-1': 97.68, 'm6-1': 1.09, 'm7-1': 98.21, 'm8-1': 11.0}",1.5,66.037,67.037,inf,208.041,208.041
216,T2,BESTEFFORT,COMPLETED,m1-1,58.343,"{'m1-1': 10.78, 'm2-1': 1.17, 'm3-1': 1.08, 'm4-1': 112.37, 'm5-1': 97.78, 'm6-1': 1.09, 'm7-1': 103.06, 'm8-1': 10.94}",16.169999999999998,94.52,105.3,inf,208.34300000000002,208.34300000000002
217,T3,BESTEFFORT,COMPLETED,m6-1,58.429,"{'m1-1': 11.1, 'm2-1': 1.08, 'm3-1': 1.06, 'm4-1': 109.24, 'm5-1': 97.46, 'm6-1': 1.04, 'm7-1': 101.62, 'm8-1': 10.16}",1.56,66.51299999999999,67.553,inf,208.429,208.429
218,T1,BESTEFFORT,COMPLETED,m2-1,58.759,"{'m1-1': 10.01, 'm2-1': 1.01, 'm3-1': 1.12, 'm4-1': 101.52, 'm5-1': 102.71, 'm6-1': 1.17, 'm7-1': 102.28, 'm8-1': 10.32}",1.5150000000000001,66.92800000000001,67.93800000000002,inf,208.75900000000001,208.75900000000001
219,T3,BESTEFFORT,COMPLETED,m3-1,58.858,"{'m1-1': 10.76, 'm2-1': 1.0, 'm3-1': 1.01, 'm4-1': 93.44, 'm5-1': 103.37, 'm6-1': 1.02, 'm7-1': 97.47, 'm8-1': 10.29}",1.5150000000000001,67.037,68.04700000000001,inf,208.858,208.858
220,T1,BESTEFFORT,COMPLETED,m6-1,58.913,"{'m1-1': 10.23, 'm2-1': 1.09, 'm3-1': 1.06, 'm4-1': 113.38, 'm5-1': 100.29, 'm6-1': 1.03, 'm7-1': 110.1, 'm8-1': 11.02}",1.545,67.553,68.583,inf,208.913,208.913
221,T1,BESTEFFORT,COMPLETED,m2-1,59.265,"{'m1-1': 10.39, 'm2-1': 1.02, 'm3-1': 1.05, 'm4-1': 107.2, 'm5-1': 107.63, 'm6-1': 1.05, 'm7-1': 108.03, 'm8-1': 10.48}",1.53,67.93800000000002,68.95800000000001,inf,209.265,209.265
222,T4,BESTEFFORT,COMPLETED,m8-1,59.972,"{'m1-1': 11.11, 'm2-1': 1.06, 'm3-1': 1.01, 'm4-1': 97.84, 'm5-1': 116.96, 'm6-1': 0.96, 'm7-1': 91.66, 'm8-1': 11.7}",17.549999999999997,95.12400000000001,106.82400000000001,inf,209.972,209.972
223,T2,BESTEFFORT,COMPLETED,m3-1,60.241,"{'m1-1': 10.46, 'm2-1': 1.03, 'm3-1': 0.95, 'm4-1': 106.67, 'm5-1': 109.75, 'm6-1': 1.13, 'm7-1': 104.03, 'm8-1': 11.18}",1.4249999999999998,68.04700000000001,68.99700000000001,inf,210.24099999999999,210.24099999999999
224,T1,BESTEFFORT,COMPLETED,m6-1,60.702,"{'m1-1': 11.03, 'm2-1': 1.0, 'm3-1': 1.12, 'm4-1': 114.49, 'm5-1': 107.68, 'm6-1': 1.19, 'm7-1': 101.56, 'm8-1': 10.12}",1.785,68.583,69.773,inf,210.702,210.702
225,T3,BESTEFFORT,COMPLETED,m2-1,60.956,"{'m1-1': 9.84, 'm2-1': 1.1, 'm3-1': 1.12, 'm4-1': 108.38, 'm5-1': 114.32, 'm6-1': 0.97, 'm7-1': 100.5, 'm8-1': 10.35}",1.6500000000000001,68.95800000000001,70.058,inf,210.95600000000002,210.95600000000002
226,T1,BESTEFFORT,COMPLETED,m3-1,61.365,"{'m1-1': 10.18, 'm2-1': 1.05, 'm3-1': 1.06, 'm4-1': 108.04, 'm5-1': 107.96, 'm6-1': 1.12, 'm7-1': 117.36, 'm8-1': 9.84}",1.59,68.99700000000001,70.05700000000002,inf,211.365,211.365
227,T2,BESTEFFORT,COMPLETED,m6-1,61.834,"{'m1-1': 10.44, 'm2-1': 1.07, 'm3-1': 1.09, 'm4-1': 104.74, 'm5-1': 111.35, 'm6-1': 1.11, 'm7-1': 109.18, 'm8-1': 10.14}",1.665,69.773,70.883,inf,211.834,211.834
228,T1,BESTEFFORT,COMPLETED,m2-1,61.979,"{'m1-1': 9.71, 'm2-1': 1.12, 'm3-1': 1.1, 'm4-1': 118.03, 'm5-1': 100.02, 'm6-1': 1.14, 'm7-1': 109.57, 'm8-1': 11.11}",1.6800000000000002,70.058,71.17800000000001,inf,211.97899999999998,211.97899999999998
229,T3,BESTEFFORT,COMPLETED,m3-1,62.114,"{'m1-1': 11.34, 'm2-1': 1.18, 'm3-1': 0.98, 'm4-1': 99.1, 'm5-1': 106.11, 'm6-1': 1.14, 'm7-1': 104.81, 'm8-1': 9.66}",1.47,70.05700000000002,71.03700000000002,inf,212.114,212.114
230,T3,BESTEFFORT,COMPLETED,m6-1,62.168,"{'m1-1': 9.84, 'm2-1': 1.06, 'm3-1': 0.95, 'm4-1': 96.67, 'm5-1': 100.84, 'm6-1': 1.15, 'm7-1': 98.85, 'm8-1': 11.12}",1.7249999999999999,70.883,72.033,inf,212.168,212.168
231,T2,BESTEFFORT,COMPLETED,m2-1,62.548,"{'m1-1': 10.86, 'm2-1': 1.06, 'm3-1': 1.04, 'm4-1': 111.7, 'm5-1': 100.07, 'm6-1': 1.03, 'm7-1': 102.72, 'm8-1': 10.72}",1.59,71.17800000000001,72.23800000000001,inf,212.548,212.548
232,T1,BESTEFFORT,COMPLETED,m3-1,62.601,"{'m1-1': 9.82, 'm2-1': 1.15, 'm3-1': 1.07, 'm4-1': 110.61, 'm5-1': 106.49, 'm6-1': 1.08, 'm7-1': 102.77, 'm8-1': 10.32}",1.605,71.03700000000002,72.10700000000001,inf,212.601,212.601
233,T2,BESTEFFORT,COMPLETED,m6-1,63.004,"{'m1-1': 9.51, 'm2-1': 1.14, 'm3-1': 1.01, 'm4-1': 112.08, 'm5-1': 100.97, 'm6-1': 1.03, 'm7-1': 101.48, 'm8-1': 11.62}",1.545,72.033,73.063,inf,213.004,213.004
234,T1,BESTEFFORT,COMPLETED,m2-1,63.1,"{'m1-1': 9.53, 'm2-1': 1.04, 'm3-1': 1.13, 'm4-1': 103.06, 'm5-1': 107.6, 'm6-1': 1.18, 'm7-1': 101.46, 'm8-1': 9.83}",1.56,72.23800000000001,73.27800000000002,inf,213.1,213.1
235,T3,BESTEFFORT,COMPLETED,m3-1,63.757,"{'m1-1': 10.85, 'm2-1': 1.08, 'm3-1': 1.0, 'm4-1': 108.38, 'm5-1': 105.65, 'm6-1': 1.03, 'm7-1': 108.61, 'm8-1': 11.34}",1.5,72.10700000000001,73.10700000000001,inf,213.757,213.757
236,T4,BESTEFFORT,COMPLETED,m6-1,63.845,"{'m1-1': 10.52, 'm2-1': 1.02, 'm3-1': 1.06, 'm4-1': 102.64, 'm5-1': 103.35, 'm6-1': 0.99, 'm7-1': 91.96, 'm8-1': 11.65}",1.4849999999999999,73.063,74.053,inf,213.845,213.845
237,T3,BESTEFFORT,COMPLETED,m3-1,64.928,"{'m1-1': 11.44, 'm2-1': 1.12, 'm3-1': 1.01, 'm4-1': 102.3, 'm5-1': 99.11, 'm6-1': 1.03, 'm7-1': 103.79, 'm8-1': 9.97}",1.5150000000000001,73.10700000000001,74.11700000000002,inf,214.928,214.928
238,T2,BESTEFFORT,COMPLETED,m2-1,65.455,"{'m1-1': 9.51, 'm2-1': 1.01, 'm3-1': 0.95, 'm4-1': 98.78, 'm5-1': 108.01, 'm6-1': 1.16, 'm7-1': 105.88, 'm8-1': 10.44}",1.5150000000000001,73.27800000000002,74.28800000000003,inf,215.45499999999998,215.45499999999998
239,T2,BESTEFFORT,COMPLETED,m6-1,65.602,"{'m1-1': 9.75, 'm2-1': 1.06, 'm3-1': 0.95, 'm4-1': 99.52, 'm5-1': 109.66, 'm6-1': 1.01, 'm7-1': 96.9, 'm8-1': 11.25}",1.5150000000000001,74.053,75.063,inf,215.602,215.602
240,T4,BESTEFFORT,COMPLETED,m3-1,66.935,"{'m1-1': 10.3, 'm2-1': 1.04, 'm3-1': 1.09, 'm4-1': 114.17, 'm5-1': 105.56, 'm6-1': 1.06, 'm7-1': 92.8, 'm8-1': 10.54}",1.6350000000000002,74.11700000000002,75.20700000000002,inf,216.935,216.935
241,T4,BESTEFFORT,COMPLETED,m2-1,67.277,"{'m1-1': 11.28, 'm2-1': 1.0, 'm3-1': 0.97, 'm4-1': 105.55, 'm5-1': 106.27, 'm6-1': 1.03, 'm7-1': 100.36, 'm8-1': 11.72}",1.5,74.28800000000003,75.28800000000003,inf,217.277,217.277
242,T2,BESTEFFORT,COMPLETED,m6-1,67.289,"{'m1-1': 9.98, 'm2-1': 1.05, 'm3-1': 1.07, 'm4-1': 101.85, 'm5-1': 97.05, 'm6-1': 1.16, 'm7-1': 104.7, 'm8-1': 10.06}",1.7399999999999998,75.063,76.223,inf,217.289,217.289
243,T3,BESTEFFORT,COMPLETED,m3-1,67.306,"{'m1-1': 10.22, 'm2-1': 1.18, 'm3-1': 1.0, 'm4-1': 95.88, 'm5-1': 110.91, 'm6-1': 0.99, 'm7-1': 105.11, 'm8-1': 10.36}",1.5,75.20700000000002,76.20700000000002,inf,217.30599999999998,217.30599999999998
244,T2,BESTEFFORT,COMPLETED,m2-1,67.407,"{'m1-1': 10.01, 'm2-1': 1.17, 'm3-1': 0.95, 'm4-1': 110.95, 'm5-1': 102.33, 'm6-1': 1.13, 'm7-1': 92.72, 'm8-1': 10.42}",1.755,75.28800000000003,76.45800000000003,inf,217.40699999999998,217.40699999999998
245,T4,BESTEFFORT,COMPLETED,m6-1,67.534,"{'m1-1': 10.41, 'm2-1': 1.04, 'm3-1': 1.05, 'm4-1': 112.15, 'm5-1': 104.33, 'm6-1': 1.07, 'm7-1': 103.4, 'm8-1': 10.05}",1.605,76.223,77.29299999999999,inf,217.534,217.534
246,T3,BESTEFFORT,COMPLETED,m3-1,67.662,"{'m1-1': 11.33, 'm2-1': 1.16, 'm3-1': 1.1, 'm4-1': 97.29, 'm5-1': 109.5, 'm6-1': 0.99, 'm7-1': 110.97, 'm8-1': 10.58}",1.6500000000000001,76.20700000000002,77.30700000000002,inf,217.662,217.662
247,T3,BESTEFFORT,COMPLETED,m2-1,67.899,"{'m1-1': 9.97, 'm2-1': 1.09, 'm3-1': 1.03, 'm4-1': 92.77, 'm5-1': 102.69, 'm6-1': 1.09, 'm7-1': 107.01, 'm8-1': 11.3}",1.6350000000000002,76.45800000000003,77.54800000000003,inf,217.899,217.899
248,T1,BESTEFFORT,COMPLETED,m1-1,68.568,"{'m1-1': 10.68, 'm2-1': 1.14, 'm3-1': 1.12, 'm4-1': 107.03, 'm5-1': 92.45, 'm6-1': 1.17, 'm7-1': 114.76, 'm8-1': 9.73}",16.02,105.3,115.97999999999999,inf,218.56799999999998,218.56799999999998
249,T3,BESTEFFORT,COMPLETED,m6-1,69.413,"{'m1-1': 10.54, 'm2-1': 1.11, 'm3-1': 1.11, 'm4-1': 106.16, 'm5-1': 109.3, 'm6-1': 1.08, 'm7-1': 105.62, 'm8-1': 10.54}",1.62,77.29299999999999,78.37299999999999,inf,219.413,219.413
250,T2,BESTEFFORT,COMPLETED,m3-1,70.539,"{'m1-1': 10.84, 'm2-1': 1.16, 'm3-1': 1.0, 'm4-1': 109.13, 'm5-1': 105.06, 'm6-1': 1.17, 'm7-1': 100.92, 'm8-1': 10.22}",1.5,77.30700000000002,78.30700000000002,inf,220.539,220.539
251,T3,BESTEFFORT,COMPLETED,m2-1,70.758,"{'m1-1': 10.62, 'm2-1': 1.07, 'm3-1': 1.0, 'm4-1': 103.58, 'm5-1': 109.79, 'm6-1': 1.09, 'm7-1': 102.94, 'm8-1': 10.03}",1.605,77.54800000000003,78.61800000000002,inf,220.75799999999998,220.75799999999998
252,T1,BESTEFFORT,COMPLETED,m8-1,70.895,"{'m1-1': 10.32, 'm2-1': 1.08, 'm3-1': 1.09, 'm4-1': 102.61, 'm5-1': 99.44, 'm6-1': 1.17, 'm7-1': 105.09, 'm8-1': 10.6}",15.899999999999999,106.82400000000001,117.424,inf,220.89499999999998,220.89499999999998
253,T2,BESTEFFORT,COMPLETED,m6-1,71.029,"{'m1-1': 9.92, 'm2-1': 1.09, 'm3-1': 0.98, 'm4-1': 99.52, 'm5-1': 95.19, 'm6-1': 1.05, 'm7-1': 96.67, 'm8-1': 11.24}",1.5750000000000002,78.37299999999999,79.42299999999999,inf,221.029,221.029
254,T1,BESTEFFORT,COMPLETED,m3-1,71.164,"{'m1-1': 9.68, 'm2-1': 1.11, 'm3-1': 1.14, 'm4-1': 116.17, 'm5-1': 103.12, 'm6-1': 1.05, 'm7-1': 105.68, 'm8-1': 10.34}",1.71,78.30700000000002,79.44700000000002,inf,221.164,221.164
255,T4,BESTEFFORT,COMPLETED,m2-1,71.169,"{'m1-1': 10.6, 'm2-1': 1.03, 'm3-1': 1.1, 'm4-1': 101.95, 'm5-1': 117.51, 'm6-1': 0.97, 'm7-1': 98.27, 'm8-1': 11.15}",1.545,78.61800000000002,79.64800000000002,inf,221.16899999999998,221.16899999999998
256,T4,BESTEFFORT,COMPLETED,m3-1,71.25,"{'m1-1': 10.56, 'm2-1': 0.95, 'm3-1': 1.1, 'm4-1': 104.03, 'm5-1': 117.76, 'm6-1': 1.06, 'm7-1': 96.91, 'm8-1': 9.98}",1.6500000000000001,79.44700000000002,80.54700000000001,inf,221.25,221.25
257,T1,BESTEFFORT,COMPLETED,m6-1,71.421,"{'m1-1': 10.35, 'm2-1': 1.1, 'm3-1': 1.09, 'm4-1': 109.12, 'm5-1': 109.72, 'm6-1': 1.02, 'm7-1': 111.74, 'm8-1': 10.15}",1.53,79.42299999999999,80.44299999999998,inf,221.421,221.421
258,T1,BESTEFFORT,COMPLETED,m2-1,71.553,"{'m1-1': 10.9, 'm2-1': 1.16, 'm3-1': 1.05, 'm4-1': 116.63, 'm5-1': 93.66, 'm6-1': 1.11, 'm7-1': 105.67, 'm8-1': 11.19}",1.7399999999999998,79.64800000000002,80.80800000000002,inf,221.553,221.553
259,T3,BESTEFFORT,COMPLETED,m6-1,71.685,"{'m1-1': 10.99, 'm2-1': 1.01, 'm3-1': 0.97, 'm4-1': 98.23, 'm5-1': 114.54, 'm6-1': 0.97, 'm7-1': 105.27, 'm8-1': 9.96}",1.455,80.44299999999998,81.41299999999998,inf,221.685,221.685
260,T4,BESTEFFORT,COMPLETED,m3-1,71.88,"{'m1-1': 10.49, 'm2-1': 1.12, 'm3-1': 0.99, 'm4-1': 102.2, 'm5-1': 107.94, 'm6-1': 1.03, 'm7-1': 94.01, 'm8-1': 11.31}",1.4849999999999999,80.54700000000001,81.537,inf,221.88,221.88
261,T1,BESTEFFORT,COMPLETED,m2-1,72.156,"{'m1-1': 10.31, 'm2-1': 1.07, 'm3-1': 1.16, 'm4-1': 116.78, 'm5-1': 92.45, 'm6-1': 1.06, 'm7-1': 102.54, 'm8-1': 10.34}",1.605,80.80800000000002,81.87800000000001,inf,222.156,222.156
262,T3,BESTEFFORT,COMPLETED,m3-1,72.295,"{'m1-1': 9.84, 'm2-1': 1.08, 'm3-1': 1.09, 'm4-1': 93.66, 'm5-1': 101.82, 'm6-1': 1.05, 'm7-1': 96.42, 'm8-1': 10.65}",1.6350000000000002,81.537,82.62700000000001,inf,222.29500000000002,222.29500000000002
263,T2,BESTEFFORT,COMPLETED,m6-1,72.345,"{'m1-1': 9.51, 'm2-1': 1.04, 'm3-1': 0.95, 'm4-1': 108.42, 'm5-1': 102.46, 'm6-1': 1.02, 'm7-1': 109.16, 'm8-1': 10.26}",1.53,81.41299999999998,82.43299999999998,inf,222.345,222.345
264,T1,BESTEFFORT,COMPLETED,m2-1,73.328,"{'m1-1': 9.92, 'm2-1': 1.1, 'm3-1': 1.04, 'm4-1': 118.96, 'm5-1': 108.18, 'm6-1': 1.15, 'm7-1': 100.91, 'm8-1': 10.72}",1.6500000000000001,81.87800000000001,82.97800000000001,inf,223.328,223.328
265,T3,BESTEFFORT,COMPLETED,m6-1,73.4,"{'m1-1': 10.12, 'm2-1': 1.18, 'm3-1': 1.12, 'm4-1': 109.46, 'm5-1': 99.07, 'm6-1': 1.03, 'm7-1': 108.7, 'm8-1': 9.75}",1.545,82.43299999999998,83.46299999999998,inf,223.4,223.4
266,T2,BESTEFFORT,COMPLETED,m2-1,73.6,"{'m1-1': 9.72, 'm2-1': 1.12, 'm3-1': 1.01, 'm4-1': 107.86, 'm5-1': 97.56, 'm6-1': 1.13, 'm7-1': 102.09, 'm8-1': 11.33}",1.6800000000000002,82.97800000000001,84.09800000000001,inf,223.6,223.6
267,T2,BESTEFFORT,COMPLETED,m3-1,73.6,"{'m1-1': 10.84, 'm2-1': 1.1, 'm3-1': 1.1, 'm4-1': 105.21, 'm5-1': 95.94, 'm6-1': 1.14, 'm7-1': 99.63, 'm8-1': 11.58}",1.6500000000000001,82.62700000000001,83.727,inf,223.6,223.6
268,T4,BESTEFFORT,COMPLETED,m6-1,73.728,"{'m1-1': 10.22, 'm2-1': 0.96, 'm3-1': 1.1, 'm4-1': 105.03, 'm5-1': 113.43, 'm6-1': 1.0, 'm7-1': 107.11, 'm8-1': 11.2}",1.5,83.46299999999998,84.46299999999998,inf,223.728,223.728
269,T1,BESTEFFORT,COMPLETED,m3-1,73.732,"{'m1-1': 9.73, 'm2-1': 1.16, 'm3-1': 1.08, 'm4-1': 106.38, 'm5-1': 102.77, 'm6-1': 1.14, 'm7-1': 100.18, 'm8-1': 10.98}",1.62,83.727,84.807,inf,223.732,223.732
270,T4,BESTEFFORT,COMPLETED,m2-1,73.823,"{'m1-1': 10.13, 'm2-1': 1.08, 'm3-1': 0.94, 'm4-1': 106.66, 'm5-1': 113.54, 'm6-1': 1.06, 'm7-1': 103.65, 'm8-1': 11.25}",1.62,84.09800000000001,85.17800000000001,inf,223.82299999999998,223.82299999999998
271,T1,BESTEFFORT,COMPLETED,m6-1,73.86,"{'m1-1': 9.66, 'm2-1': 1.02, 'm3-1': 1.12, 'm4-1': 101.1, 'm5-1': 97.04, 'm6-1': 1.11, 'm7-1': 109.32, 'm8-1': 10.37}",1.665,84.46299999999998,85.57299999999998,inf,223.86,223.86
272,T1,BESTEFFORT,COMPLETED,m3-1,74.067,"{'m1-1': 9.58, 'm2-1': 1.04, 'm3-1': 0.99, 'm4-1': 102.79, 'm5-1': 93.42, 'm6-1': 1.18, 'm7-1': 100.03, 'm8-1': 9.78}",1.4849999999999999,84.807,85.797,inf,224.067,224.067
273,T2,BESTEFFORT,COMPLETED,m2-1,74.246,"{'m1-1': 10.74, 'm2-1': 1.01, 'm3-1': 1.04, 'm4-1': 102.04, 'm5-1': 94.35, 'm6-1': 1.02, 'm7-1': 97.93, 'm8-1': 10.05}",1.5150000000000001,85.17800000000001,86.18800000000002,inf,224.24599999999998,224.24599999999998
274,T2,BESTEFFORT,COMPLETED,m6-1,74.63,"{'m1-1': 10.49, 'm2-1': 1.15, 'm3-1': 0.98, 'm4-1': 100.72, 'm5-1': 101.2, 'm6-1': 1.01, 'm7-1': 100.83, 'm8-1': 10.66}",1.5150000000000001,85.57299999999998,86.58299999999998,inf,224.63,224.63
275,T4,BESTEFFORT,COMPLETED,m3-1,74.808,"{'m1-1': 10.29, 'm2-1': 1.07, 'm3-1': 1.03, 'm4-1': 109.62, 'm5-1': 116.08, 'm6-1': 1.08, 'm7-1': 103.4, 'm8-1': 11.82}",1.545,85.797,86.827,inf,224.808,224.808
276,T4,BESTEFFORT,COMPLETED,m2-1,74.883,"{'m1-1': 10.47, 'm2-1': 1.08, 'm3-1': 0.97, 'm4-1': 108.15, 'm5-1': 111.32, 'm6-1': 1.07, 'm7-1': 95.79, 'm8-1': 10.49}",1.62,86.18800000000002,87.26800000000001,inf,224.88299999999998,224.88299999999998
277,T3,BESTEFFORT,COMPLETED,m6-1,75.246,"{'m1-1': 10.17, 'm2-1': 1.04, 'm3-1': 1.08, 'm4-1': 97.28, 'm5-1': 111.39, 'm6-1': 1.03, 'm7-1': 104.81, 'm8-1': 10.26}",1.545,86.58299999999998,87.61299999999999,inf,225.24599999999998,225.24599999999998
278,T3,BESTEFFORT,COMPLETED,m1-1,75.605,"{'m1-1': 10.14, 'm2-1': 1.12, 'm3-1': 1.11, 'm4-1': 93.77, 'm5-1': 102.35, 'm6-1': 1.14, 'm7-1': 102.53, 'm8-1': 11.12}",15.21,115.97999999999999,126.11999999999999,inf,225.60500000000002,225.60500000000002
279,T4,BESTEFFORT,COMPLETED,m3-1,75.935,"{'m1-1': 11.63, 'm2-1': 1.03, 'm3-1': 0.97, 'm4-1': 110.2, 'm5-1': 99.7, 'm6-1': 1.14, 'm7-1': 98.07, 'm8-1': 10.67}",1.455,86.827,87.797,inf,225.935,225.935
280,T3,BESTEFFORT,COMPLETED,m2-1,76.746,"{'m1-1': 10.62, 'm2-1': 1.17, 'm3-1': 1.05, 'm4-1': 108.38, 'm5-1': 100.96, 'm6-1': 1.03, 'm7-1': 94.09, 'm8-1': 10.28}",1.755,87.26800000000001,88.43800000000002,inf,226.74599999999998,226.74599999999998
281,T3,BESTEFFORT,COMPLETED,m6-1,77.222,"{'m1-1': 11.21, 'm2-1': 1.14, 'm3-1': 1.11, 'm4-1': 109.02, 'm5-1': 107.26, 'm6-1': 1.12, 'm7-1': 102.23, 'm8-1': 9.99}",1.6800000000000002,87.61299999999999,88.73299999999999,inf,227.22199999999998,227.22199999999998
282,T3,BESTEFFORT,COMPLETED,m8-1,77.717,"{'m1-1': 10.7, 'm2-1': 1.07, 'm3-1': 1.11, 'm4-1': 109.09, 'm5-1': 113.04, 'm6-1': 1.02, 'm7-1': 103.36, 'm8-1': 10.76}",16.14,117.424,128.184,inf,227.71699999999998,227.71699999999998
283,T2,BESTEFFORT,COMPLETED,m3-1,77.853,"{'m1-1': 9.37, 'm2-1': 0.99, 'm3-1': 1.01, 'm4-1': 98.0, 'm5-1': 98.64, 'm6-1': 1.1, 'm7-1': 107.15, 'm8-1': 10.08}",1.5150000000000001,87.797,88.807,inf,227.853,227.853
284,T1,BESTEFFORT,COMPLETED,m2-1,77.87,"{'m1-1': 9.62, 'm2-1': 1.13, 'm3-1': 1.06, 'm4-1': 114.37, 'm5-1': 101.66, 'm6-1': 1.09, 'm7-1': 104.8, 'm8-1': 9.69}",1.6949999999999998,88.43800000000002,89.56800000000001,inf,227.87,227.87
285,T4,BESTEFFORT,COMPLETED,m6-1,77.881,"{'m1-1': 10.68, 'm2-1': 1.11, 'm3-1': 1.09, 'm4-1': 103.42, 'm5-1': 116.16, 'm6-1': 0.97, 'm7-1': 107.79, 'm8-1': 10.02}",1.455,88.73299999999999,89.70299999999999,inf,227.881,227.881
286,T4,BESTEFFORT,COMPLETED,m3-1,77.982,"{'m1-1': 11.27, 'm2-1': 1.0, 'm3-1': 1.05, 'm4-1': 106.39, 'm5-1': 113.54, 'm6-1': 1.02, 'm7-1': 100.92, 'm8-1': 10.25}",1.5750000000000002,88.807,89.857,inf,227.982,227.982
287,T4,BESTEFFORT,COMPLETED,m2-1,78.074,"{'m1-1': 10.06, 'm2-1': 0.95, 'm3-1': 1.03, 'm4-1': 100.32, 'm5-1': 108.6, 'm6-1': 1.04, 'm7-1': 93.06, 'm8-1': 10.55}",1.4249999999999998,89.56800000000001,90.51800000000001,inf,228.074,228.074
288,T2,BESTEFFORT,COMPLETED,m6-1,78.311,"{'m1-1': 9.98, 'm2-1': 1.03, 'm3-1': 1.08, 'm4-1': 104.43, 'm5-1': 95.43, 'm6-1': 1.18, 'm7-1': 96.63, 'm8-1': 10.16}",1.77,89.70299999999999,90.883,inf,228.311,228.311
289,T3,BESTEFFORT,COMPLETED,m3-1,78.324,"{'m1-1': 10.98, 'm2-1': 1.07, 'm3-1': 1.06, 'm4-1': 105.96, 'm5-1': 111.78, 'm6-1': 1.1, 'm7-1': 103.6, 'm8-1': 11.19}",1.59,89.857,90.917,inf,228.324,228.324
290,T2,BESTEFFORT,COMPLETED,m2-1,78.654,"{'m1-1': 9.44, 'm2-1': 1.09, 'm3-1': 0.94, 'm4-1': 108.37, 'm5-1': 107.55, 'm6-1': 1.06, 'm7-1': 97.1, 'm8-1': 10.34}",1.6350000000000002,90.51800000000001,91.60800000000002,inf,228.654,228.654
291,T3,BESTEFFORT,COMPLETED,m6-1,78.705,"{'m1-1': 11.57, 'm2-1': 1.14, 'm3-1': 0.97, 'm4-1': 102.68, 'm5-1': 101.44, 'm6-1': 1.04, 'm7-1': 93.51, 'm8-1': 11.2}",1.56,90.883,91.923,inf,228.70499999999998,228.70499999999998
292,T2,BESTEFFORT,COMPLETED,m3-1,78.73,"{'m1-1': 10.94, 'm2-1': 1.04, 'm3-1': 0.94, 'm4-1': 107.06, 'm5-1': 94.51, 'm6-1': 1.16, 'm7-1': 94.69, 'm8-1': 11.2}",1.41,90.917,91.857,inf,228.73000000000002,228.73000000000002
293,T3,BESTEFFORT,COMPLETED,m2-1,78.779,"{'m1-1': 10.61, 'm2-1': 1.0, 'm3-1': 1.06, 'm4-1': 104.74, 'm5-1': 98.6, 'm6-1': 1.02, 'm7-1': 106.52, 'm8-1': 11.19}",1.5,91.60800000000002,92.60800000000002,inf,228.779,228.779
294,T3,BESTEFFORT,COMPLETED,m6-1,78.79,"{'m1-1': 10.58, 'm2-1': 1.08, 'm3-1': 1.09, 'm4-1': 106.19, 'm5-1': 113.6, 'm6-1': 1.09, 'm7-1': 105.64, 'm8-1': 9.63}",1.6350000000000002,91.923,93.013,inf,228.79000000000002,228.79000000000002
295,T4,BESTEFFORT,COMPLETED,m3-1,79.042,"{'m1-1': 11.44, 'm2-1': 0.97, 'm3-1': 1.06, 'm4-1': 103.89, 'm5-1': 101.47, 'm6-1': 0.99, 'm7-1': 108.27, 'm8-1': 11.03}",1.59,91.857,92.917,inf,229.042,229.042
296,T2,BESTEFFORT,COMPLETED,m2-1,79.502,"{'m1-1': 9.77, 'm2-1': 1.08, 'm3-1': 1.04, 'm4-1': 100.59, 'm5-1': 109.08, 'm6-1': 1.15, 'm7-1': 94.88, 'm8-1': 11.63}",1.62,92.60800000000002,93.68800000000002,inf,229.502,229.502
297,T1,BESTEFFORT,COMPLETED,m6-1,79.562,"{'m1-1': 10.89, 'm2-1': 1.09, 'm3-1': 1.08, 'm4-1': 117.72, 'm5-1': 99.23, 'm6-1': 1.07, 'm7-1': 112.58, 'm8-1': 10.9}",1.605,93.013,94.083,inf,229.562,229.562
298,T4,BESTEFFORT,COMPLETED,m3-1,79.763,"{'m1-1': 10.56, 'm2-1': 1.01, 'm3-1': 0.94, 'm4-1': 101.49, 'm5-1': 115.82, 'm6-1': 0.99, 'm7-1': 107.53, 'm8-1': 11.04}",1.41,92.917,93.857,inf,229.763,229.763
299,T3,BESTEFFORT,COMPLETED,m2-1,79.848,"{'m1-1': 10.86, 'm2-1': 1.15, 'm3-1': 1.07, 'm4-1': 97.74, 'm5-1': 102.68, 'm6-1': 1.1, 'm7-1': 95.36, 'm8-1': 10.32}",1.7249999999999999,93.68800000000002,94.83800000000002,inf,229.848,229.848
300,T3,BESTEFFORT,COMPLETED,m6-1,80.149,"{'m1-1': 10.16, 'm2-1': 1.02, 'm3-1': 1.1, 'm4-1': 106.94, 'm5-1': 108.46, 'm6-1': 1.15, 'm7-1': 98.78, 'm8-1': 10.94}",1.7249999999999999,94.083,95.233,inf,230.149,230.149
301,T1,BESTEFFORT,COMPLETED,m3-1,80.209,"{'m1-1': 10.44, 'm2-1': 1.16, 'm3-1': 1.04, 'm4-1': 115.77, 'm5-1': 95.67, 'm6-1': 1.12, 'm7-1': 106.77, 'm8-1': 10.84}",1.56,93.857,94.897,inf,230.209,230.209
302,T1,BESTEFFORT,COMPLETED,m2-1,80.625,"{'m1-1': 9.36, 'm2-1': 1.01, 'm3-1': 1.02, 'm4-1': 107.95, 'm5-1': 108.86, 'm6-1': 1.05, 'm7-1': 103.7, 'm8-1': 10.6}",1.5150000000000001,94.83800000000002,95.84800000000003,inf,230.625,230.625
303,T3,BESTEFFORT,COMPLETED,m3-1,81.024,"{'m1-1': 10.86, 'm2-1': 1.06, 'm3-1': 1.1, 'm4-1': 94.11, 'm5-1': 108.23, 'm6-1': 1.1, 'm7-1': 102.13, 'm8-1': 9.99}",1.6500000000000001,94.897,95.997,inf,231.024,231.024
304,T1,BESTEFFORT,COMPLETED,m6-1,81.191,"{'m1-1': 9.85, 'm2-1': 1.14, 'm3-1': 0.98, 'm4-1': 105.69, 'm5-1': 100.31, 'm6-1': 1.02, 'm7-1': 114.57, 'm8-1': 9.86}",1.53,95.233,96.253,inf,231.191,231.191
305,T3,BESTEFFORT,COMPLETED,m2-1,81.371,"{'m1-1': 10.78, 'm2-1': 1.04, 'm3-1': 0.95, 'm4-1': 107.51, 'm5-1': 107.16, 'm6-1': 1.13, 'm7-1': 94.36, 'm8-1': 10.37}",1.56,95.84800000000003,96.88800000000003,inf,231.37099999999998,231.37099999999998
306,T2,BESTEFFORT,COMPLETED,m3-1,81.557,"{'m1-1': 10.82, 'm2-1': 1.15, 'm3-1': 0.95, 'm4-1': 111.33, 'm5-1': 106.4, 'm6-1': 1.07, 'm7-1': 95.26, 'm8-1': 11.32}",1.4249999999999998,95.997,96.947,inf,231.55700000000002,231.55700000000002
307,T3,BESTEFFORT,COMPLETED,m6-1,81.886,"{'m1-1': 9.84, 'm2-1': 1.18, 'm3-1': 1.06, 'm4-1': 107.79, 'm5-1': 101.22, 'm6-1': 1.04, 'm7-1': 110.71, 'm8-1': 10.53}",1.56,96.253,97.293,inf,231.886,231.886
308,T2,BESTEFFORT,COMPLETED,m2-1,83.1,"{'m1-1': 9.32, 'm2-1': 0.99, 'm3-1': 1.07, 'm4-1': 95.44, 'm5-1': 94.46, 'm6-1': 1.04, 'm7-1': 108.71, 'm8-1': 10.06}",1.4849999999999999,96.88800000000003,97.87800000000003,inf,233.1,233.1
309,T4,BESTEFFORT,COMPLETED,m3-1,83.262,"{'m1-1': 11.12, 'm2-1': 0.98, 'm3-1': 0.94, 'm4-1': 100.04, 'm5-1': 109.57, 'm6-1': 1.1, 'm7-1': 93.99, 'm8-1': 10.97}",1.41,96.947,97.887,inf,233.262,233.262
310,T2,BESTEFFORT,COMPLETED,m6-1,83.726,"{'m1-1': 9.97, 'm2-1': 1.04, 'm3-1': 0.97, 'm4-1': 113.06, 'm5-1': 111.5, 'm6-1': 1.07, 'm7-1': 95.52, 'm8-1': 11.07}",1.605,97.293,98.363,inf,233.726,233.726
311,T3,BESTEFFORT,COMPLETED,m1-1,84.12,"{'m1-1': 11.53, 'm2-1': 1.17, 'm3-1': 1.13, 'm4-1': 93.51, 'm5-1': 113.38, 'm6-1': 1.03, 'm7-1': 106.93, 'm8-1': 11.0}",17.294999999999998,126.11999999999999,137.64999999999998,inf,234.12,234.12
312,T4,BESTEFFORT,COMPLETED,m2-1,84.959,"{'m1-1': 11.26, 'm2-1': 0.98, 'm3-1': 0.99, 'm4-1': 101.86, 'm5-1': 107.52, 'm6-1': 0.97, 'm7-1': 102.18, 'm8-1': 10.93}",1.47,97.87800000000003,98.85800000000003,inf,234.959,234.959
313,T4,BESTEFFORT,COMPLETED,m3-1,85.093,"{'m1-1': 10.68, 'm2-1': 0.98, 'm3-1': 0.93, 'm4-1': 104.81, 'm5-1': 110.05, 'm6-1': 1.08, 'm7-1': 99.81, 'm8-1': 11.55}",1.395,97.887,98.81700000000001,inf,235.09300000000002,235.09300000000002
314,T4,BESTEFFORT,COMPLETED,m8-1,85.219,"{'m1-1': 10.75, 'm2-1': 1.02, 'm3-1': 1.01, 'm4-1': 112.01, 'm5-1': 112.95, 'm6-1': 1.08, 'm7-1': 93.15, 'm8-1': 10.31}",15.465,128.184,138.494,inf,235.219,235.219
315,T4,BESTEFFORT,COMPLETED,m6-1,85.36,"{'m1-1': 9.99, 'm2-1': 1.06, 'm3-1': 0.98, 'm4-1': 103.93, 'm5-1': 102.95, 'm6-1': 1.04, 'm7-1': 104.82, 'm8-1': 10.22}",1.56,98.363,99.403,inf,235.36,235.36
316,T2,BESTEFFORT,COMPLETED,m2-1,85.409,"{'m1-1': 10.66, 'm2-1': 1.15, 'm3-1': 1.07, 'm4-1': 107.08, 'm5-1': 94.09, 'm6-1': 1.18, 'm7-1': 96.14, 'm8-1': 10.38}",1.7249999999999999,98.85800000000003,100.00800000000004,inf,235.409,235.409
317,T1,BESTEFFORT,COMPLETED,m3-1,85.477,"{'m1-1': 10.44, 'm2-1': 1.1, 'm3-1': 1.0, 'm4-1': 110.98, 'm5-1': 103.16, 'm6-1': 1.08, 'm7-1': 111.24, 'm8-1': 11.16}",1.5,98.81700000000001,99.81700000000001,inf,235.477,235.477
318,T4,BESTEFFORT,COMPLETED,m6-1,85.691,"{'m1-1': 10.44, 'm2-1': 0.99, 'm3-1': 1.0, 'm4-1': 107.74, 'm5-1': 102.23, 'm6-1': 1.04, 'm7-1': 102.1, 'm8-1': 10.18}",1.56,99.403,100.44300000000001,inf,235.691,235.691
319,T3,BESTEFFORT,COMPLETED,m2-1,86.704,"{'m1-1': 9.86, 'm2-1': 1.11, 'm3-1': 1.0, 'm4-1': 104.08, 'm5-1': 111.83, 'm6-1': 1.11, 'm7-1': 104.77, 'm8-1': 9.99}",1.665,100.00800000000004,101.11800000000004,inf,236.704,236.704
320,T2,BESTEFFORT,COMPLETED,m3-1,86.992,"{'m1-1': 10.49, 'm2-1': 1.0, 'm3-1': 1.06, 'm4-1': 103.46, 'm5-1': 108.69, 'm6-1': 1.15, 'm7-1': 103.71, 'm8-1': 10.47}",1.59,99.81700000000001,100.87700000000001,inf,236.99200000000002,236.99200000000002
321,T2,BESTEFFORT,COMPLETED,m6-1,87.23,"{'m1-1': 9.3, 'm2-1': 1.0, 'm3-1': 1.04, 'm4-1': 102.87, 'm5-1': 97.52, 'm6-1': 1.14, 'm7-1': 102.7, 'm8-1': 11.03}",1.71,100.44300000000001,101.58300000000001,inf,237.23000000000002,237.23000000000002
322,T3,BESTEFFORT,COMPLETED,m2-1,87.264,"{'m1-1': 11.53, 'm2-1': 1.05, 'm3-1': 1.0, 'm4-1': 101.29, 'm5-1': 113.52, 'm6-1': 1.04, 'm7-1': 96.95, 'm8-1': 9.79}",1.5750000000000002,101.11800000000004,102.16800000000003,inf,237.264,237.264
323,T2,BESTEFFORT,COMPLETED,m3-1,87.474,"{'m1-1': 10.38, 'm2-1': 1.03, 'm3-1': 1.01, 'm4-1': 109.04, 'm5-1': 102.33, 'm6-1': 1.17, 'm7-1': 93.17, 'm8-1': 10.91}",1.5150000000000001,100.87700000000001,101.88700000000001,inf,237.474,237.474
324,T2,BESTEFFORT,COMPLETED,m6-1,88.114,"{'m1-1': 10.98, 'm2-1': 1.12, 'm3-1': 0.93, 'm4-1': 107.06, 'm5-1': 105.49, 'm6-1': 1.06, 'm7-1': 108.25, 'm8-1': 10.3}",1.59,101.58300000000001,102.64300000000001,inf,238.114,238.114
325,T4,BESTEFFORT,COMPLETED,m3-1,88.363,"{'m1-1': 10.87, 'm2-1': 1.07, 'm3-1': 0.96, 'm4-1': 105.45, 'm5-1': 115.32, 'm6-1': 1.1, 'm7-1': 93.87, 'm8-1': 11.56}",1.44,101.88700000000001,102.84700000000001,inf,238.363,238.363
326,T3,BESTEFFORT,COMPLETED,m2-1,88.402,"{'m1-1': 10.88, 'm2-1': 1.02, 'm3-1': 0.98, 'm4-1': 98.64, 'm5-1': 111.75, 'm6-1': 1.01, 'm7-1': 103.05, 'm8-1': 10.14}",1.53,102.16800000000003,103.18800000000003,inf,238.402,238.402
327,T4,BESTEFFORT,COMPLETED,m6-1,88.695,"{'m1-1': 11.05, 'm2-1': 1.01, 'm3-1': 1.0, 'm4-1': 104.55, 'm5-1': 115.46, 'm6-1': 1.07, 'm7-1': 94.16, 'm8-1': 10.69}",1.605,102.64300000000001,103.71300000000001,inf,238.695,238.695
328,T1,BESTEFFORT,COMPLETED,m3-1,88.793,"{'m1-1': 10.01, 'm2-1': 1.05, 'm3-1': 1.07, 'm4-1': 114.68, 'm5-1': 97.17, 'm6-1': 1.11, 'm7-1': 103.56, 'm8-1': 10.11}",1.605,102.84700000000001,103.917,inf,238.793,238.793
329,T4,BESTEFFORT,COMPLETED,m2-1,88.907,"{'m1-1': 10.58, 'm2-1': 1.1, 'm3-1': 1.09, 'm4-1': 107.09, 'm5-1': 103.38, 'm6-1': 1.02, 'm7-1': 97.74, 'm8-1': 10.06}",1.6500000000000001,103.18800000000003,104.28800000000003,inf,238.90699999999998,238.90699999999998
330,T4,BESTEFFORT,COMPLETED,m6-1,89.027,"{'m1-1': 11.51, 'm2-1': 1.05, 'm3-1': 1.01, 'm4-1': 100.38, 'm5-1': 116.95, 'm6-1': 0.96, 'm7-1': 93.26, 'm8-1': 11.02}",1.44,103.71300000000001,104.673,inf,239.027,239.027
331,T4,BESTEFFORT,COMPLETED,m3-1,89.205,"{'m1-1': 10.38, 'm2-1': 1.04, 'm3-1': 1.07, 'm4-1': 102.9, 'm5-1': 105.43, 'm6-1': 1.14, 'm7-1': 99.7, 'm8-1': 10.25}",1.605,103.917,104.987,inf,239.20499999999998,239.20499999999998
332,T4,BESTEFFORT,COMPLETED,m2-1,89.378,"{'m1-1': 10.81, 'm2-1': 0.96, 'm3-1': 1.09, 'm4-1': 112.57, 'm5-1': 107.87, 'm6-1': 1.04, 'm7-1': 107.77, 'm8-1': 11.51}",1.44,104.28800000000003,105.24800000000002,inf,239.378,239.378
333,T3,BESTEFFORT,COMPLETED,m6-1,89.474,"{'m1-1': 10.59, 'm2-1': 1.02, 'm3-1': 1.05, 'm4-1': 108.42, 'm5-1': 97.71, 'm6-1': 1.02, 'm7-1': 94.36, 'm8-1': 9.8}",1.53,104.673,105.693,inf,239.474,239.474
334,T2,BESTEFFORT,COMPLETED,m3-1,89.76,"{'m1-1': 10.18, 'm2-1': 1.01, 'm3-1': 1.03, 'm4-1': 108.23, 'm5-1': 103.11, 'm6-1': 1.14, 'm7-1': 104.43, 'm8-1': 10.72}",1.545,104.987,106.017,inf,239.76,239.76
335,T2,BESTEFFORT,COMPLETED,m2-1,90.011,"{'m1-1': 10.38, 'm2-1': 1.17, 'm3-1': 0.95, 'm4-1': 105.38, 'm5-1': 105.12, 'm6-1': 1.07, 'm7-1': 103.83, 'm8-1': 10.49}",1.755,105.24800000000002,106.41800000000002,inf,240.011,240.011
336,T3,BESTEFFORT,COMPLETED,m6-1,90.149,"{'m1-1': 9.92, 'm2-1': 1.08, 'm3-1': 1.06, 'm4-1': 94.06, 'm5-1': 112.11, 'm6-1': 1.07, 'm7-1': 96.05, 'm8-1': 9.77}",1.605,105.693,106.76299999999999,inf,240.149,240.149
337,T1,BESTEFFORT,COMPLETED,m3-1,90.231,"{'m1-1': 9.73, 'm2-1': 1.02, 'm3-1': 1.03, 'm4-1': 101.84, 'm5-1': 106.26, 'm6-1': 1.03, 'm7-1': 110.44, 'm8-1': 9.78}",1.545,106.017,107.047,inf,240.231,240.231
338,T4,BESTEFFORT,COMPLETED,m2-1,90.487,"{'m1-1': 11.59, 'm2-1': 0.96, 'm3-1': 1.02, 'm4-1': 108.69, 'm5-1': 116.47, 'm6-1': 0.98, 'm7-1': 95.13, 'm8-1': 10.25}",1.44,106.41800000000002,107.37800000000001,inf,240.487,240.487
339,T4,BESTEFFORT,COMPLETED,m6-1,90.544,"{'m1-1': 10.29, 'm2-1': 1.06, 'm3-1': 1.07, 'm4-1': 105.48, 'm5-1': 111.39, 'm6-1': 0.96, 'm7-1': 93.99, 'm8-1': 11.24}",1.44,106.76299999999999,107.72299999999998,inf,240.54399999999998,240.54399999999998
340,T1,BESTEFFORT,COMPLETED,m3-1,90.738,"{'m1-1': 10.26, 'm2-1': 1.09, 'm3-1': 1.1, 'm4-1': 111.88, 'm5-1': 97.93, 'm6-1': 1.05, 'm7-1': 105.78, 'm8-1': 9.73}",1.6500000000000001,107.047,108.14699999999999,inf,240.738,240.738
341,T4,BESTEFFORT,COMPLETED,m2-1,90.81,"{'m1-1': 9.95, 'm2-1': 0.95, 'm3-1': 1.09, 'm4-1': 103.89, 'm5-1': 111.31, 'm6-1': 1.0, 'm7-1': 101.56, 'm8-1': 10.25}",1.4249999999999998,107.37800000000001,108.32800000000002,inf,240.81,240.81
342,T2,BESTEFFORT,COMPLETED,m6-1,90.835,"{'m1-1': 9.31, 'm2-1': 1.08, 'm3-1': 0.97, 'm4-1': 112.27, 'm5-1': 105.54, 'm6-1': 1.18, 'm7-1': 102.32, 'm8-1': 10.94}",1.77,107.72299999999998,108.90299999999999,inf,240.83499999999998,240.83499999999998
343,T1,BESTEFFORT,COMPLETED,m3-1,91.657,"{'m1-1': 10.8, 'm2-1': 1.0, 'm3-1': 1.02, 'm4-1': 103.72, 'm5-1': 100.31, 'm6-1': 1.17, 'm7-1': 103.01, 'm8-1': 10.5}",1.53,108.14699999999999,109.16699999999999,inf,241.65699999999998,241.65699999999998
344,T3,BESTEFFORT,COMPLETED,m2-1,92.219,"{'m1-1': 11.0, 'm2-1': 1.1, 'm3-1': 1.11, 'm4-1': 107.89, 'm5-1': 113.46, 'm6-1': 1.11, 'm7-1': 97.16, 'm8-1': 9.85}",1.6500000000000001,108.32800000000002,109.42800000000001,inf,242.219,242.219
345,T4,BESTEFFORT,COMPLETED,m1-1,92.332,"{'m1-1': 10.61, 'm2-1': 1.06, 'm3-1': 1.03, 'm4-1': 104.1, 'm5-1': 110.64, 'm6-1': 1.04, 'm7-1': 96.94, 'm8-1': 11.4}",15.915,137.64999999999998,148.26,inf,242.332,242.332
346,T2,BESTEFFORT,COMPLETED,m6-1,92.559,"{'m1-1': 9.44, 'm2-1': 1.12, 'm3-1': 1.08, 'm4-1': 104.64, 'm5-1': 97.18, 'm6-1': 1.01, 'm7-1': 95.55, 'm8-1': 11.08}",1.5150000000000001,108.90299999999999,109.913,inf,242.559,242.559
347,T4,BESTEFFORT,COMPLETED,m3-1,92.584,"{'m1-1': 10.3, 'm2-1': 0.97, 'm3-1': 1.05, 'm4-1': 109.23, 'm5-1': 100.79, 'm6-1': 1.04, 'm7-1': 106.56, 'm8-1': 11.63}",1.5750000000000002,109.16699999999999,110.21699999999998,inf,242.584,242.584
348,T1,BESTEFFORT,COMPLETED,m2-1,92.648,"{'m1-1': 10.3, 'm2-1': 1.04, 'm3-1': 1.06, 'm4-1': 117.21, 'm5-1': 99.33, 'm6-1': 1.13, 'm7-1': 105.27, 'm8-1': 11.14}",1.56,109.42800000000001,110.46800000000002,inf,242.648,242.648
349,T1,BESTEFFORT,COMPLETED,m6-1,92.797,"{'m1-1': 10.49, 'm2-1': 1.15, 'm3-1': 1.1, 'm4-1': 106.1, 'm5-1': 101.67, 'm6-1': 1.04, 'm7-1': 116.19, 'm8-1': 10.68}",1.56,109.913,110.953,inf,242.797,242.797
350,T2,BESTEFFORT,COMPLETED,m8-1,92.813,"{'m1-1': 10.85, 'm2-1': 1.0, 'm3-1': 1.02, 'm4-1': 108.65, 'm5-1': 107.19, 'm6-1': 1.03, 'm7-1': 104.76, 'm8-1': 10.66}",15.99,138.494,149.154,inf,242.813,242.813
351,T4,BESTEFFORT,COMPLETED,m3-1,92.928,"{'m1-1': 10.68, 'm2-1': 0.96, 'm3-1': 0.95, 'm4-1': 107.77, 'm5-1': 116.94, 'm6-1': 1.12, 'm7-1': 97.78, 'm8-1': 11.57}",1.4249999999999998,110.21699999999998,111.16699999999999,inf,242.928,242.928
352,T2,BESTEFFORT,COMPLETED,m2-1,92.934,"{'m1-1': 10.27, 'm2-1': 1.1, 'm3-1': 1.02, 'm4-1': 99.39, 'm5-1': 103.34, 'm6-1': 1.06, 'm7-1': 107.73, 'm8-1': 11.72}",1.6500000000000001,110.46800000000002,111.56800000000001,inf,242.934,242.934
353,T2,BESTEFFORT,COMPLETED,m6-1,92.996,"{'m1-1': 9.58, 'm2-1': 1.12, 'm3-1': 1.04, 'm4-1': 103.56, 'm5-1': 110.21, 'm6-1': 1.11, 'm7-1': 106.57, 'm8-1': 11.74}",1.665,110.953,112.063,inf,242.99599999999998,242.99599999999998
354,T3,BESTEFFORT,COMPLETED,m3-1,93.224,"{'m1-1': 10.11, 'm2-1': 1.05, 'm3-1': 0.97, 'm4-1': 104.72, 'm5-1': 106.53, 'm6-1': 0.98, 'm7-1': 102.94, 'm8-1': 10.61}",1.455,111.16699999999999,112.13699999999999,inf,243.224,243.224
355,T3,BESTEFFORT,COMPLETED,m2-1,93.62,"{'m1-1': 10.05, 'm2-1': 1.05, 'm3-1': 0.99, 'm4-1': 108.8, 'm5-1': 97.49, 'm6-1': 1.05, 'm7-1': 107.91, 'm8-1': 11.32}",1.5750000000000002,111.56800000000001,112.61800000000001,inf,243.62,243.62
356,T4,BESTEFFORT,COMPLETED,m6-1,93.631,"{'m1-1': 10.35, 'm2-1': 1.03, 'm3-1': 1.01, 'm4-1': 100.97, 'm5-1': 105.1, 'm6-1': 1.0, 'm7-1': 92.53, 'm8-1': 10.85}",1.5,112.063,113.063,inf,243.631,243.631
357,T2,BESTEFFORT,COMPLETED,m3-1,93.722,"{'m1-1': 10.59, 'm2-1': 1.11, 'm3-1': 1.06, 'm4-1': 102.82, 'm5-1': 104.2, 'm6-1': 1.17, 'm7-1': 97.4, 'm8-1': 10.03}",1.59,112.13699999999999,113.19699999999999,inf,243.72199999999998,243.72199999999998
358,T3,BESTEFFORT,COMPLETED,m2-1,93.746,"{'m1-1': 11.48, 'm2-1': 1.07, 'm3-1': 1.1, 'm4-1': 96.0, 'm5-1': 97.76, 'm6-1': 1.04, 'm7-1': 105.15, 'm8-1': 9.64}",1.605,112.61800000000001,113.688,inf,243.74599999999998,243.74599999999998
359,T2,BESTEFFORT,COMPLETED,m6-1,93.838,"{'m1-1': 9.76, 'm2-1': 1.12, 'm3-1': 1.06, 'm4-1': 106.23, 'm5-1': 101.54, 'm6-1': 1.05, 'm7-1': 102.11, 'm8-1': 10.4}",1.5750000000000002,113.063,114.113,inf,243.838,243.838
360,T3,BESTEFFORT,COMPLETED,m3-1,94.359,"{'m1-1': 11.19, 'm2-1': 1.14, 'm3-1': 0.96, 'm4-1': 95.37, 'm5-1': 107.29, 'm6-1': 1.11, 'm7-1': 107.86, 'm8-1': 10.94}",1.44,113.19699999999999,114.15699999999998,inf,244.35899999999998,244.35899999999998
361,T4,BESTEFFORT,COMPLETED,m2-1,94.473,"{'m1-1': 9.99, 'm2-1': 1.05, 'm3-1': 0.97, 'm4-1': 106.28, 'm5-1': 115.64, 'm6-1': 1.04, 'm7-1': 106.43, 'm8-1': 11.79}",1.5750000000000002,113.688,114.738,inf,244.473,244.473
362,T1,BESTEFFORT,COMPLETED,m6-1,94.476,"{'m1-1': 10.82, 'm2-1': 1.08, 'm3-1': 1.15, 'm4-1': 111.78, 'm5-1': 107.96, 'm6-1': 1.15, 'm7-1': 109.03, 'm8-1': 10.2}",1.7249999999999999,114.113,115.263,inf,244.476,244.476
363,T4,BESTEFFORT,COMPLETED,m3-1,95.53,"{'m1-1': 10.24, 'm2-1': 1.1, 'm3-1': 1.09, 'm4-1': 104.54, 'm5-1': 107.31, 'm6-1': 1.1, 'm7-1': 107.75, 'm8-1': 11.57}",1.6350000000000002,114.15699999999998,115.24699999999999,inf,245.53,245.53
364,T3,BESTEFFORT,COMPLETED,m2-1,95.629,"{'m1-1': 10.9, 'm2-1': 1.06, 'm3-1': 1.07, 'm4-1': 99.42, 'm5-1': 101.4, 'm6-1': 1.04, 'm7-1': 99.42, 'm8-1': 9.67}",1.59,114.738,115.798,inf,245.62900000000002,245.62900000000002
365,T2,BESTEFFORT,COMPLETED,m6-1,96.166,"{'m1-1': 10.24, 'm2-1': 0.99, 'm3-1': 0.96, 'm4-1': 97.68, 'm5-1': 99.88, 'm6-1': 1.15, 'm7-1': 96.88, 'm8-1': 10.81}",1.7249999999999999,115.263,116.41300000000001,inf,246.166,246.166
366,T2,BESTEFFORT,COMPLETED,m3-1,96.355,"{'m1-1': 9.73, 'm2-1': 1.08, 'm3-1': 0.93, 'm4-1': 112.35, 'm5-1': 103.47, 'm6-1': 1.03, 'm7-1': 99.08, 'm8-1': 11.25}",1.395,115.24699999999999,116.17699999999999,inf,246.35500000000002,246.35500000000002
367,T1,BESTEFFORT,COMPLETED,m2-1,96.449,"{'m1-1': 10.4, 'm2-1': 1.15, 'm3-1': 0.99, 'm4-1': 117.72, 'm5-1': 97.78, 'm6-1': 1.05, 'm7-1': 116.51, 'm8-1': 9.72}",1.7249999999999999,115.798,116.94800000000001,inf,246.449,246.449
368,T4,BESTEFFORT,COMPLETED,m6-1,96.698,"{'m1-1': 11.38, 'm2-1': 1.01, 'm3-1': 1.03, 'm4-1': 107.77, 'm5-1': 100.84, 'm6-1': 1.03, 'm7-1': 105.97, 'm8-1': 10.27}",1.545,116.41300000000001,117.44300000000001,inf,246.69799999999998,246.69799999999998
369,T1,BESTEFFORT,COMPLETED,m3-1,97.076,"{'m1-1': 9.7, 'm2-1': 1.02, 'm3-1': 1.07, 'm4-1': 107.2, 'm5-1': 102.15, 'm6-1': 1.17, 'm7-1': 112.81, 'm8-1': 9.75}",1.605,116.17699999999999,117.24699999999999,inf,247.076,247.076
370,T2,BESTEFFORT,COMPLETED,m2-1,97.21,"{'m1-1': 10.69, 'm2-1': 1.06, 'm3-1': 1.06, 'm4-1': 109.84, 'm5-1': 109.76, 'm6-1': 1.1, 'm7-1': 106.65, 'm8-1': 10.69}",1.59,116.94800000000001,118.00800000000001,inf,247.20999999999998,247.20999999999998
371,T3,BESTEFFORT,COMPLETED,m6-1,97.429,"{'m1-1': 9.89, 'm2-1': 1.11, 'm3-1': 0.96, 'm4-1': 95.02, 'm5-1': 114.21, 'm6-1': 1.05, 'm7-1': 97.06, 'm8-1': 10.12}",1.5750000000000002,117.44300000000001,118.49300000000001,inf,247.429,247.429
372,T1,BESTEFFORT,COMPLETED,m3-1,97.941,"{'m1-1': 9.7, 'm2-1': 1.02, 'm3-1': 1.16, 'm4-1': 104.06, 'm5-1': 107.17, 'm6-1': 1.04, 'm7-1': 115.09, 'm8-1': 10.98}",1.7399999999999998,117.24699999999999,118.40699999999998,inf,247.941,247.941
373,T3,BESTEFFORT,COMPLETED,m2-1,98.206,"{'m1-1': 11.1, 'm2-1': 1.07, 'm3-1': 1.0, 'm4-1': 108.38, 'm5-1': 101.95, 'm6-1': 1.01, 'm7-1': 97.7, 'm8-1': 11.14}",1.605,118.00800000000001,119.078,inf,248.20600000000002,248.20600000000002
374,T3,BESTEFFORT,COMPLETED,m3-1,98.404,"{'m1-1': 10.56, 'm2-1': 1.04, 'm3-1': 1.09, 'm4-1': 99.82, 'm5-1': 114.37, 'm6-1': 1.03, 'm7-1': 97.58, 'm8-1': 9.81}",1.6350000000000002,118.40699999999998,119.49699999999999,inf,248.404,248.404
375,T4,BESTEFFORT,COMPLETED,m6-1,98.411,"{'m1-1': 10.63, 'm2-1': 1.05, 'm3-1': 0.98, 'm4-1': 99.74, 'm5-1': 116.71, 'm6-1': 0.97, 'm7-1': 92.42, 'm8-1': 11.83}",1.455,118.49300000000001,119.46300000000001,inf,248.411,248.411
376,T2,BESTEFFORT,COMPLETED,m2-1,98.559,"{'m1-1': 10.44, 'm2-1': 1.09, 'm3-1': 1.1, 'm4-1': 109.28, 'm5-1': 103.31, 'm6-1': 1.08, 'm7-1': 106.69, 'm8-1': 11.35}",1.6350000000000002,119.078,120.168,inf,248.559,248.559
377,T3,BESTEFFORT,COMPLETED,m1-1,98.632,"{'m1-1': 10.39, 'm2-1': 1.14, 'm3-1': 1.02, 'm4-1': 97.38, 'm5-1': 107.76, 'm6-1': 0.98, 'm7-1': 107.41, 'm8-1': 10.47}",15.585,148.26,158.64999999999998,inf,248.632,248.632
378,T3,BESTEFFORT,COMPLETED,m3-1,98.822,"{'m1-1': 10.18, 'm2-1': 1.0, 'm3-1': 1.04, 'm4-1': 103.24, 'm5-1': 106.82, 'm6-1': 0.98, 'm7-1': 104.03, 'm8-1': 10.2}",1.56,119.49699999999999,120.53699999999999,inf,248.822,248.822
379,T1,BESTEFFORT,COMPLETED,m6-1,99.167,"{'m1-1': 10.45, 'm2-1': 1.09, 'm3-1': 1.03, 'm4-1': 102.52, 'm5-1': 100.9, 'm6-1': 1.09, 'm7-1': 103.01, 'm8-1': 10.97}",1.6350000000000002,119.46300000000001,120.55300000000001,inf,249.167,249.167
380,T2,BESTEFFORT,COMPLETED,m2-1,99.386,"{'m1-1': 9.5, 'm2-1': 1.03, 'm3-1': 1.07, 'm4-1': 101.35, 'm5-1': 110.3, 'm6-1': 1.04, 'm7-1': 98.53, 'm8-1': 10.99}",1.545,120.168,121.19800000000001,inf,249.386,249.386
381,T3,BESTEFFORT,COMPLETED,m3-1,99.53,"{'m1-1': 10.69, 'm2-1': 1.11, 'm3-1': 1.04, 'm4-1': 97.52, 'm5-1': 98.25, 'm6-1': 1.03, 'm7-1': 96.05, 'm8-1': 9.85}",1.56,120.53699999999999,121.577,inf,249.53,249.53
382,T4,BESTEFFORT,COMPLETED,m8-1,99.868,"{'m1-1': 10.35, 'm2-1': 1.04, 'm3-1': 0.95, 'm4-1': 102.19, 'm5-1': 109.66, 'm6-1': 1.01, 'm7-1': 103.16, 'm8-1': 11.11}",16.665,149.154,160.264,inf,249.868,249.868
383,T2,BESTEFFORT,COMPLETED,m6-1,100.273,"{'m1-1': 9.61, 'm2-1': 1.08, 'm3-1': 1.04, 'm4-1': 103.96, 'm5-1': 107.83, 'm6-1': 1.16, 'm7-1': 101.49, 'm8-1': 11.08}",1.7399999999999998,120.55300000000001,121.71300000000001,inf,250.273,250.273
384,T3,BESTEFFORT,COMPLETED,m2-1,100.707,"{'m1-1': 10.24, 'm2-1': 1.0, 'm3-1': 1.07, 'm4-1': 104.17, 'm5-1': 104.02, 'm6-1': 1.0, 'm7-1': 108.98, 'm8-1': 9.79}",1.5,121.19800000000001,122.19800000000001,inf,250.707,250.707
385,T1,BESTEFFORT,COMPLETED,m3-1,100.782,"{'m1-1': 10.39, 'm2-1': 1.11, 'm3-1': 1.12, 'm4-1': 110.78, 'm5-1': 100.11, 'm6-1': 1.07, 'm7-1': 111.29, 'm8-1': 11.24}",1.6800000000000002,121.577,122.697,inf,250.78199999999998,250.78199999999998
386,T4,BESTEFFORT,COMPLETED,m6-1,101.153,"{'m1-1': 10.99, 'm2-1': 0.96, 'm3-1': 1.07, 'm4-1': 115.08, 'm5-1': 103.24, 'm6-1': 1.05, 'm7-1': 107.95, 'm8-1': 11.82}",1.5750000000000002,121.71300000000001,122.763,inf,251.15300000000002,251.15300000000002
387,T2,BESTEFFORT,COMPLETED,m2-1,101.296,"{'m1-1': 10.32, 'm2-1': 1.02, 'm3-1': 1.05, 'm4-1': 109.16, 'm5-1': 95.6, 'm6-1': 1.01, 'm7-1': 103.6, 'm8-1': 11.31}",1.53,122.19800000000001,123.218,inf,251.296,251.296
388,T3,BESTEFFORT,COMPLETED,m6-1,101.421,"{'m1-1': 11.53, 'm2-1': 1.08, 'm3-1': 1.01, 'm4-1': 108.53, 'm5-1': 105.52, 'm6-1': 1.14, 'm7-1': 98.85, 'm8-1': 11.34}",1.71,122.763,123.903,inf,251.421,251.421
389,T1,BESTEFFORT,COMPLETED,m3-1,101.798,"{'m1-1': 9.7, 'm2-1': 1.16, 'm3-1': 0.99, 'm4-1': 116.62, 'm5-1': 99.35, 'm6-1': 1.15, 'm7-1': 105.84, 'm8-1': 11.17}",1.4849999999999999,122.697,123.687,inf,251.798,251.798
390,T4,BESTEFFORT,COMPLETED,m2-1,102.095,"{'m1-1': 10.94, 'm2-1': 0.98, 'm3-1': 1.0, 'm4-1': 111.99, 'm5-1': 104.19, 'm6-1': 1.02, 'm7-1': 97.78, 'm8-1': 10.76}",1.47,123.218,124.19800000000001,inf,252.095,252.095
391,T3,BESTEFFORT,COMPLETED,m3-1,102.162,"{'m1-1': 9.93, 'm2-1': 1.13, 'm3-1': 0.98, 'm4-1': 97.98, 'm5-1': 111.4, 'm6-1': 0.97, 'm7-1': 102.39, 'm8-1': 11.02}",1.47,123.687,124.667,inf,252.162,252.162
392,T1,BESTEFFORT,COMPLETED,m6-1,102.6,"{'m1-1': 10.94, 'm2-1': 1.11, 'm3-1': 1.1, 'm4-1': 106.24, 'm5-1': 105.6, 'm6-1': 1.08, 'm7-1': 114.16, 'm8-1': 10.84}",1.62,123.903,124.983,inf,252.6,252.6
393,T1,BESTEFFORT,COMPLETED,m2-1,102.656,"{'m1-1': 10.02, 'm2-1': 1.13, 'm3-1': 1.06, 'm4-1': 116.22, 'm5-1': 107.76, 'm6-1': 1.15, 'm7-1': 109.36, 'm8-1': 10.01}",1.6949999999999998,124.19800000000001,125.328,inf,252.656,252.656
394,T4,BESTEFFORT,COMPLETED,m3-1,102.795,"{'m1-1': 10.79, 'm2-1': 1.01, 'm3-1': 0.94, 'm4-1': 104.07, 'm5-1': 116.4, 'm6-1': 1.0, 'm7-1': 104.05, 'm8-1': 11.78}",1.41,124.667,125.607,inf,252.79500000000002,252.79500000000002
395,T1,BESTEFFORT,COMPLETED,m6-1,102.835,"{'m1-1': 10.34, 'm2-1': 1.04, 'm3-1': 1.12, 'm4-1': 109.82, 'm5-1': 99.71, 'm6-1': 1.07, 'm7-1': 114.53, 'm8-1': 11.4}",1.605,124.983,126.053,inf,252.83499999999998,252.83499999999998
396,T3,BESTEFFORT,MISSED,m5-1,102.946,"{'m1-1': 10.84, 'm2-1': 1.03, 'm3-1': 1.08, 'm4-1': 97.65, 'm5-1': 111.5, 'm6-1': 1.01, 'm7-1': 101.61, 'm8-1': 10.23}",80.83649999999999,199.055,inf,252.946,252.946,252.946
397,T4,BESTEFFORT,COMPLETED,m2-1,103.376,"{'m1-1': 11.47, 'm2-1': 1.05, 'm3-1': 1.05, 'm4-1': 114.58, 'm5-1': 116.04, 'm6-1': 1.02, 'm7-1': 103.57, 'm8-1': 11.07}",1.5750000000000002,125.328,126.378,inf,253.376,253.376
398,T1,BESTEFFORT,COMPLETED,m3-1,103.491,"{'m1-1': 10.67, 'm2-1': 1.07, 'm3-1': 1.11, 'm4-1': 105.45, 'm5-1': 102.59, 'm6-1': 1.18, 'm7-1': 107.38, 'm8-1': 9.95}",1.665,125.607,126.717,inf,253.49099999999999,253.49099999999999
399,T4,BESTEFFORT,COMPLETED,m6-1,103.496,"{'m1-1': 10.72, 'm2-1': 0.99, 'm3-1': 1.03, 'm4-1': 113.79, 'm5-1': 113.16, 'm6-1': 1.03, 'm7-1': 93.99, 'm8-1': 11.0}",1.545,126.053,127.083,inf,253.49599999999998,253.49599999999998
400,T2,BESTEFFORT,MISSED,m7-1,103.628,"{'m1-1': 9.31, 'm2-1': 1.03, 'm3-1': 1.05, 'm4-1': 107.92, 'm5-1': 97.93, 'm6-1': 1.13, 'm7-1': 104.7, 'm8-1': 10.48}",81.85949999999997,199.055,inf,253.628,253.628,253.628
401,T1,BESTEFFORT,COMPLETED,m2-1,103.673,"{'m1-1': 10.3, 'm2-1': 1.15, 'm3-1': 1.15, 'm4-1': 108.07, 'm5-1': 96.33, 'm6-1': 1.06, 'm7-1': 106.13, 'm8-1': 9.7}",1.7249999999999999,126.378,127.528,inf,253.673,253.673
402,T3,BESTEFFORT,COMPLETED,m3-1,103.875,"{'m1-1': 10.56, 'm2-1': 1.11, 'm3-1': 1.04, 'm4-1': 108.86, 'm5-1': 104.61, 'm6-1': 1.0, 'm7-1': 96.46, 'm8-1': 9.87}",1.56,126.717,127.757,inf,253.875,253.875
403,T1,BESTEFFORT,COMPLETED,m6-1,104.283,"{'m1-1': 10.76, 'm2-1': 1.0, 'm3-1': 1.08, 'm4-1': 106.9, 'm5-1': 92.36, 'm6-1': 1.03, 'm7-1': 104.31, 'm8-1': 10.88}",1.545,127.083,128.113,inf,254.28300000000002,254.28300000000002
404,T1,BESTEFFORT,COMPLETED,m2-1,104.366,"{'m1-1': 9.82, 'm2-1': 1.05, 'm3-1': 1.1, 'm4-1': 101.83, 'm5-1': 103.09, 'm6-1': 1.15, 'm7-1': 99.84, 'm8-1': 11.43}",1.5750000000000002,127.528,128.578,inf,254.36599999999999,254.36599999999999
405,T4,BESTEFFORT,COMPLETED,m3-1,104.537,"{'m1-1': 10.51, 'm2-1': 0.96, 'm3-1': 1.02, 'm4-1': 102.06, 'm5-1': 113.04, 'm6-1': 1.0, 'm7-1': 94.59, 'm8-1': 11.53}",1.53,127.757,128.77700000000002,inf,254.537,254.537
406,T3,BESTEFFORT,COMPLETED,m6-1,104.781,"{'m1-1': 11.32, 'm2-1': 1.17, 'm3-1': 1.12, 'm4-1': 95.67, 'm5-1': 112.93, 'm6-1': 0.98, 'm7-1': 99.38, 'm8-1': 11.17}",1.47,128.113,129.093,inf,254.781,254.781
407,T3,BESTEFFORT,COMPLETED,m2-1,104.984,"{'m1-1': 11.16, 'm2-1': 1.04, 'm3-1': 1.07, 'm4-1': 103.1, 'm5-1': 106.45, 'm6-1': 1.08, 'm7-1': 97.94, 'm8-1': 11.07}",1.56,128.578,129.618,inf,254.98399999999998,254.98399999999998
408,T2,BESTEFFORT,COMPLETED,m3-1,105.118,"{'m1-1': 9.54, 'm2-1': 1.16, 'm3-1': 0.97, 'm4-1': 109.38, 'm5-1': 98.05, 'm6-1': 1.02, 'm7-1': 93.53, 'm8-1': 11.73}",1.455,128.77700000000002,129.747,inf,255.118,255.118
409,T4,BESTEFFORT,COMPLETED,m6-1,105.372,"{'m1-1': 11.66, 'm2-1': 1.04, 'm3-1': 1.01, 'm4-1': 107.7, 'm5-1': 100.95, 'm6-1': 1.03, 'm7-1': 105.1, 'm8-1': 10.17}",1.545,129.093,130.123,inf,255.372,255.372
410,T2,BESTEFFORT,COMPLETED,m1-1,105.696,"{'m1-1': 9.3, 'm2-1': 1.06, 'm3-1': 0.97, 'm4-1': 106.76, 'm5-1': 97.88, 'm6-1': 1.1, 'm7-1': 105.37, 'm8-1': 11.19}",13.950000000000001,158.64999999999998,167.95,inf,255.696,255.696
411,T3,BESTEFFORT,COMPLETED,m2-1,106.025,"{'m1-1': 10.59, 'm2-1': 1.1, 'm3-1': 1.02, 'm4-1': 106.52, 'm5-1': 106.92, 'm6-1': 0.98, 'm7-1': 103.86, 'm8-1': 9.95}",1.6500000000000001,129.618,130.718,inf,256.025,256.025
412,T4,BESTEFFORT,COMPLETED,m3-1,106.156,"{'m1-1': 10.3, 'm2-1': 0.96, 'm3-1': 1.08, 'm4-1': 105.53, 'm5-1': 114.21, 'm6-1': 1.03, 'm7-1': 98.62, 'm8-1': 11.57}",1.62,129.747,130.82700000000003,inf,256.156,256.156
413,T4,BESTEFFORT,COMPLETED,m6-1,106.753,"{'m1-1': 10.12, 'm2-1': 1.08, 'm3-1': 1.0, 'm4-1': 102.92, 'm5-1': 109.21, 'm6-1': 1.07, 'm7-1': 98.35, 'm8-1': 10.41}",1.605,130.123,131.19299999999998,inf,256.753,256.753
414,T4,BESTEFFORT,COMPLETED,m2-1,107.103,"{'m1-1': 11.05, 'm2-1': 1.1, 'm3-1': 1.05, 'm4-1': 111.2, 'm5-1': 100.3, 'm6-1': 1.11, 'm7-1': 105.26, 'm8-1': 10.16}",1.6500000000000001,130.718,131.81799999999998,inf,257.103,257.103
415,T4,BESTEFFORT,COMPLETED,m3-1,107.374,"{'m1-1': 10.44, 'm2-1': 0.98, 'm3-1': 1.04, 'm4-1': 98.98, 'm5-1': 108.9, 'm6-1': 1.05, 'm7-1': 102.22, 'm8-1': 11.61}",1.56,130.82700000000003,131.86700000000002,inf,257.374,257.374
416,T1,BESTEFFORT,MISSED,m4-1,107.875,"{'m1-1': 9.86, 'm2-1': 1.08, 'm3-1': 1.03, 'm4-1': 108.13, 'm5-1': 98.36, 'm6-1': 1.02, 'm7-1': 116.26, 'm8-1': 9.86}",88.974,198.559,inf,257.875,257.875,257.875
417,T2,BESTEFFORT,COMPLETED,m6-1,107.878,"{'m1-1': 10.74, 'm2-1': 1.07, 'm3-1': 0.95, 'm4-1': 101.26, 'm5-1': 103.47, 'm6-1': 1.09, 'm7-1': 104.43, 'm8-1': 10.14}",1.6350000000000002,131.19299999999998,132.283,inf,257.878,257.878
418,T1,BESTEFFORT,COMPLETED,m8-1,108.574,"{'m1-1': 10.15, 'm2-1': 1.12, 'm3-1': 1.02, 'm4-1': 118.9, 'm5-1': 107.93, 'm6-1': 1.17, 'm7-1': 100.07, 'm8-1': 10.96}",16.44,160.264,171.22400000000002,inf,258.574,258.574
419,T4,BESTEFFORT,COMPLETED,m2-1,108.621,"{'m1-1': 11.8, 'm2-1': 1.12, 'm3-1': 1.07, 'm4-1': 113.12, 'm5-1': 101.22, 'm6-1': 0.98, 'm7-1': 100.4, 'm8-1': 10.76}",1.6800000000000002,131.81799999999998,132.938,inf,258.621,258.621
420,T1,BESTEFFORT,COMPLETED,m3-1,108.945,"{'m1-1': 9.95, 'm2-1': 1.02, 'm3-1': 1.02, 'm4-1': 102.49, 'm5-1': 108.43, 'm6-1': 1.05, 'm7-1': 109.69, 'm8-1': 10.96}",1.53,131.86700000000002,132.88700000000003,inf,258.945,258.945
421,T3,BESTEFFORT,COMPLETED,m6-1,109.323,"{'m1-1': 10.0, 'm2-1': 1.01, 'm3-1': 1.09, 'm4-1': 109.65, 'm5-1': 102.15, 'm6-1': 1.02, 'm7-1': 102.43, 'm8-1': 10.15}",1.53,132.283,133.303,inf,259.323,259.323
422,T2,BESTEFFORT,COMPLETED,m2-1,109.503,"{'m1-1': 9.51, 'm2-1': 1.01, 'm3-1': 1.06, 'm4-1': 105.59, 'm5-1': 105.31, 'm6-1': 1.03, 'm7-1': 106.84, 'm8-1': 10.45}",1.5150000000000001,132.938,133.94799999999998,inf,259.503,259.503
423,T3,BESTEFFORT,COMPLETED,m3-1,109.561,"{'m1-1': 10.59, 'm2-1': 1.16, 'm3-1': 1.08, 'm4-1': 96.58, 'm5-1': 112.19, 'm6-1': 1.08, 'm7-1': 100.7, 'm8-1': 10.42}",1.62,132.88700000000003,133.96700000000004,inf,259.56100000000004,259.56100000000004
424,T2,BESTEFFORT,COMPLETED,m6-1,109.817,"{'m1-1': 10.33, 'm2-1': 1.04, 'm3-1': 1.05, 'm4-1': 97.38, 'm5-1': 94.42, 'm6-1': 1.08, 'm7-1': 95.22, 'm8-1': 10.93}",1.62,133.303,134.383,inf,259.817,259.817
425,T1,BESTEFFORT,COMPLETED,m2-1,109.992,"{'m1-1': 9.81, 'm2-1': 1.09, 'm3-1': 1.08, 'm4-1': 112.86, 'm5-1': 102.96, 'm6-1': 1.09, 'm7-1': 105.13, 'm8-1': 10.23}",1.6350000000000002,133.94799999999998,135.03799999999998,inf,259.992,259.992
426,T3,BESTEFFORT,COMPLETED,m3-1,110.106,"{'m1-1': 10.61, 'm2-1': 1.18, 'm3-1': 1.01, 'm4-1': 107.91, 'm5-1': 99.7, 'm6-1': 1.11, 'm7-1': 106.55, 'm8-1': 10.65}",1.5150000000000001,133.96700000000004,134.97700000000003,inf,260.106,260.106
427,T2,BESTEFFORT,COMPLETED,m6-1,110.14,"{'m1-1': 9.76, 'm2-1': 1.0, 'm3-1': 0.96, 'm4-1': 100.64, 'm5-1': 97.85, 'm6-1': 1.12, 'm7-1': 101.14, 'm8-1': 11.5}",1.6800000000000002,134.383,135.50300000000001,inf,260.14,260.14
428,T2,BESTEFFORT,COMPLETED,m2-1,110.559,"{'m1-1': 9.49, 'm2-1': 1.13, 'm3-1': 1.09, 'm4-1': 100.85, 'm5-1': 105.36, 'm6-1': 1.0, 'm7-1': 96.9, 'm8-1': 11.57}",1.6949999999999998,135.03799999999998,136.16799999999998,inf,260.55899999999997,260.55899999999997
429,T4,BESTEFFORT,COMPLETED,m3-1,110.609,"{'m1-1': 10.63, 'm2-1': 1.01, 'm3-1': 0.98, 'm4-1': 100.46, 'm5-1': 116.33, 'm6-1': 1.1, 'm7-1': 91.52, 'm8-1': 11.34}",1.47,134.97700000000003,135.95700000000002,inf,260.609,260.609
430,T4,BESTEFFORT,COMPLETED,m6-1,111.039,"{'m1-1': 10.47, 'm2-1': 1.03, 'm3-1': 1.07, 'm4-1': 107.25, 'm5-1': 101.98, 'm6-1': 1.1, 'm7-1': 92.2, 'm8-1': 11.07}",1.6500000000000001,135.50300000000001,136.603,inf,261.039,261.039
431,T1,BESTEFFORT,COMPLETED,m3-1,111.182,"{'m1-1': 10.19, 'm2-1': 1.0, 'm3-1': 1.15, 'm4-1': 108.9, 'm5-1': 93.63, 'm6-1': 1.08, 'm7-1': 109.22, 'm8-1': 10.93}",1.7249999999999999,135.95700000000002,137.10700000000003,inf,261.182,261.182
432,T2,BESTEFFORT,COMPLETED,m2-1,111.242,"{'m1-1': 9.67, 'm2-1': 1.02, 'm3-1': 0.94, 'm4-1': 99.72, 'm5-1': 111.7, 'm6-1': 1.15, 'm7-1': 97.36, 'm8-1': 10.19}",1.53,136.16799999999998,137.188,inf,261.242,261.242
433,T3,BESTEFFORT,COMPLETED,m6-1,111.352,"{'m1-1': 11.17, 'm2-1': 1.07, 'm3-1': 1.05, 'm4-1': 104.36, 'm5-1': 109.5, 'm6-1': 1.06, 'm7-1': 107.52, 'm8-1': 10.15}",1.59,136.603,137.663,inf,261.352,261.352
434,T2,BESTEFFORT,COMPLETED,m2-1,111.87,"{'m1-1': 9.68, 'm2-1': 1.12, 'm3-1': 1.07, 'm4-1': 96.56, 'm5-1': 96.51, 'm6-1': 1.15, 'm7-1': 93.44, 'm8-1': 11.09}",1.6800000000000002,137.188,138.308,inf,261.87,261.87
435,T1,BESTEFFORT,COMPLETED,m3-1,112.35,"{'m1-1': 10.07, 'm2-1': 1.02, 'm3-1': 1.14, 'm4-1': 118.69, 'm5-1': 101.72, 'm6-1': 1.06, 'm7-1': 105.12, 'm8-1': 10.63}",1.71,137.10700000000003,138.247,inf,262.35,262.35
436,T2,BESTEFFORT,COMPLETED,m6-1,112.582,"{'m1-1': 9.29, 'm2-1': 1.06, 'm3-1': 0.94, 'm4-1': 111.26, 'm5-1': 100.18, 'm6-1': 1.04, 'm7-1': 100.62, 'm8-1': 10.13}",1.56,137.663,138.703,inf,262.582,262.582
437,T3,BESTEFFORT,COMPLETED,m3-1,112.689,"{'m1-1': 10.98, 'm2-1': 1.14, 'm3-1': 1.08, 'm4-1': 100.12, 'm5-1': 110.62, 'm6-1': 1.02, 'm7-1': 105.92, 'm8-1': 10.69}",1.62,138.247,139.32700000000003,inf,262.68899999999996,262.68899999999996
438,T3,BESTEFFORT,COMPLETED,m2-1,113.316,"{'m1-1': 11.56, 'm2-1': 1.07, 'm3-1': 1.07, 'm4-1': 107.24, 'm5-1': 112.96, 'm6-1': 1.04, 'm7-1': 95.04, 'm8-1': 10.38}",1.605,138.308,139.378,inf,263.31600000000003,263.31600000000003
439,T3,BESTEFFORT,COMPLETED,m6-1,113.736,"{'m1-1': 11.6, 'm2-1': 1.12, 'm3-1': 0.96, 'm4-1': 98.07, 'm5-1': 100.26, 'm6-1': 1.03, 'm7-1': 96.52, 'm8-1': 10.46}",1.545,138.703,139.733,inf,263.736,263.736
440,T1,BESTEFFORT,COMPLETED,m3-1,114.04,"{'m1-1': 10.44, 'm2-1': 1.09, 'm3-1': 1.0, 'm4-1': 102.52, 'm5-1': 97.38, 'm6-1': 1.11, 'm7-1': 104.8, 'm8-1': 9.87}",1.5,139.32700000000003,140.32700000000003,inf,264.04,264.04
441,T4,BESTEFFORT,COMPLETED,m2-1,114.109,"{'m1-1': 10.11, 'm2-1': 1.06, 'm3-1': 0.94, 'm4-1': 98.4, 'm5-1': 99.13, 'm6-1': 1.12, 'm7-1': 108.68, 'm8-1': 11.42}",1.59,139.378,140.438,inf,264.109,264.109
442,T2,BESTEFFORT,COMPLETED,m6-1,114.907,"{'m1-1': 9.39, 'm2-1': 1.08, 'm3-1': 1.07, 'm4-1': 111.76, 'm5-1': 109.76, 'm6-1': 1.11, 'm7-1': 107.81, 'm8-1': 9.97}",1.665,139.733,140.84300000000002,inf,264.907,264.907
443,T4,BESTEFFORT,COMPLETED,m3-1,115.168,"{'m1-1': 10.61, 'm2-1': 0.99, 'm3-1': 1.0, 'm4-1': 109.41, 'm5-1': 113.54, 'm6-1': 1.05, 'm7-1': 92.32, 'm8-1': 10.64}",1.5,140.32700000000003,141.32700000000003,inf,265.168,265.168
444,T3,BESTEFFORT,COMPLETED,m2-1,115.251,"{'m1-1': 10.19, 'm2-1': 1.18, 'm3-1': 0.99, 'm4-1': 93.32, 'm5-1': 99.0, 'm6-1': 1.12, 'm7-1': 109.23, 'm8-1': 10.36}",1.77,140.438,141.618,inf,265.251,265.251
445,T2,BESTEFFORT,COMPLETED,m1-1,115.277,"{'m1-1': 10.25, 'm2-1': 1.11, 'm3-1': 1.06, 'm4-1': 98.2, 'm5-1': 97.8, 'm6-1': 1.02, 'm7-1': 104.23, 'm8-1': 10.55}",15.375,167.95,178.2,inf,265.277,265.277
446,T1,BESTEFFORT,COMPLETED,m6-1,115.345,"{'m1-1': 9.63, 'm2-1': 0.99, 'm3-1': 1.02, 'm4-1': 117.0, 'm5-1': 103.77, 'm6-1': 1.13, 'm7-1': 99.84, 'm8-1': 11.36}",1.6949999999999998,140.84300000000002,141.973,inf,265.345,265.345
447,T1,BESTEFFORT,COMPLETED,m3-1,115.406,"{'m1-1': 9.83, 'm2-1': 0.99, 'm3-1': 1.02, 'm4-1': 100.45, 'm5-1': 109.79, 'm6-1': 1.14, 'm7-1': 107.46, 'm8-1': 10.52}",1.53,141.32700000000003,142.34700000000004,inf,265.406,265.406
448,T3,BESTEFFORT,COMPLETED,m2-1,115.512,"{'m1-1': 10.09, 'm2-1': 1.12, 'm3-1': 1.1, 'm4-1': 105.4, 'm5-1': 111.94, 'm6-1': 1.05, 'm7-1': 94.38, 'm8-1': 10.84}",1.6800000000000002,141.618,142.738,inf,265.512,265.512
449,T4,BESTEFFORT,COMPLETED,m8-1,115.535,"{'m1-1': 11.66, 'm2-1': 1.0, 'm3-1': 0.98, 'm4-1': 98.6, 'm5-1': 104.84, 'm6-1': 1.08, 'm7-1': 97.54, 'm8-1': 10.28}",15.419999999999998,171.22400000000002,181.50400000000002,inf,265.53499999999997,265.53499999999997
450,T2,BESTEFFORT,COMPLETED,m6-1,115.613,"{'m1-1': 10.34, 'm2-1': 1.0, 'm3-1': 1.04, 'm4-1': 97.35, 'm5-1': 101.87, 'm6-1': 1.05, 'm7-1': 93.47, 'm8-1': 11.46}",1.5750000000000002,141.973,143.02300000000002,inf,265.613,265.613
451,T4,BESTEFFORT,COMPLETED,m3-1,115.968,"{'m1-1': 10.4, 'm2-1': 0.99, 'm3-1': 1.04, 'm4-1': 99.22, 'm5-1': 113.29, 'm6-1': 1.06, 'm7-1': 94.52, 'm8-1': 10.03}",1.56,142.34700000000004,143.38700000000003,inf,265.968,265.968
452,T4,BESTEFFORT,COMPLETED,m2-1,116.414,"{'m1-1': 9.99, 'm2-1': 1.02, 'm3-1': 1.01, 'm4-1': 102.64, 'm5-1': 101.1, 'm6-1': 1.0, 'm7-1': 108.76, 'm8-1': 10.69}",1.53,142.738,143.758,inf,266.414,266.414
453,T4,BESTEFFORT,COMPLETED,m6-1,116.432,"{'m1-1': 11.77, 'm2-1': 0.98, 'm3-1': 1.09, 'm4-1': 100.35, 'm5-1': 106.07, 'm6-1': 1.0, 'm7-1': 97.3, 'm8-1': 10.45}",1.5,143.02300000000002,144.02300000000002,inf,266.432,266.432
454,T2,BESTEFFORT,COMPLETED,m3-1,116.809,"{'m1-1': 10.25, 'm2-1': 1.02, 'm3-1': 1.03, 'm4-1': 101.8, 'm5-1': 107.72, 'm6-1': 1.13, 'm7-1': 96.74, 'm8-1': 10.46}",1.545,143.38700000000003,144.41700000000003,inf,266.80899999999997,266.80899999999997
455,T2,BESTEFFORT,COMPLETED,m2-1,117.056,"{'m1-1': 10.35, 'm2-1': 1.09, 'm3-1': 0.95, 'm4-1': 104.95, 'm5-1': 105.49, 'm6-1': 1.06, 'm7-1': 96.12, 'm8-1': 10.63}",1.6350000000000002,143.758,144.848,inf,267.056,267.056
456,T2,BESTEFFORT,COMPLETED,m6-1,117.654,"{'m1-1': 9.34, 'm2-1': 1.06, 'm3-1': 0.94, 'm4-1': 99.06, 'm5-1': 104.26, 'm6-1': 1.09, 'm7-1': 101.57, 'm8-1': 11.21}",1.6350000000000002,144.02300000000002,145.11300000000003,inf,267.654,267.654
457,T4,BESTEFFORT,COMPLETED,m3-1,117.982,"{'m1-1': 11.56, 'm2-1': 0.97, 'm3-1': 1.09, 'm4-1': 104.83, 'm5-1': 99.83, 'm6-1': 1.09, 'm7-1': 107.75, 'm8-1': 11.41}",1.6350000000000002,144.41700000000003,145.50700000000003,inf,267.98199999999997,267.98199999999997
458,T3,BESTEFFORT,COMPLETED,m2-1,118.158,"{'m1-1': 11.12, 'm2-1': 1.12, 'm3-1': 1.04, 'm4-1': 99.92, 'm5-1': 108.09, 'm6-1': 0.97, 'm7-1': 99.55, 'm8-1': 10.58}",1.6800000000000002,144.848,145.96800000000002,inf,268.158,268.158
459,T1,BESTEFFORT,COMPLETED,m6-1,118.228,"{'m1-1': 10.72, 'm2-1': 1.1, 'm3-1': 1.09, 'm4-1': 112.86, 'm5-1': 109.66, 'm6-1': 1.19, 'm7-1': 111.3, 'm8-1': 10.1}",1.785,145.11300000000003,146.30300000000003,inf,268.228,268.228
460,T4,BESTEFFORT,COMPLETED,m3-1,118.24,"{'m1-1': 11.19, 'm2-1': 1.08, 'm3-1': 1.01, 'm4-1': 101.49, 'm5-1': 112.44, 'm6-1': 1.09, 'm7-1': 101.8, 'm8-1': 10.54}",1.5150000000000001,145.50700000000003,146.51700000000002,inf,268.24,268.24
461,T3,BESTEFFORT,COMPLETED,m2-1,118.487,"{'m1-1': 10.9, 'm2-1': 1.16, 'm3-1': 1.12, 'm4-1': 98.41, 'm5-1': 106.6, 'm6-1': 1.02, 'm7-1': 95.96, 'm8-1': 9.71}",1.7399999999999998,145.96800000000002,147.12800000000001,inf,268.48699999999997,268.48699999999997
462,T4,BESTEFFORT,COMPLETED,m6-1,118.697,"{'m1-1': 10.04, 'm2-1': 0.97, 'm3-1': 0.99, 'm4-1': 107.75, 'm5-1': 102.81, 'm6-1': 1.07, 'm7-1': 108.27, 'm8-1': 10.99}",1.605,146.30300000000003,147.37300000000002,inf,268.697,268.697
463,T2,BESTEFFORT,COMPLETED,m3-1,118.712,"{'m1-1': 9.71, 'm2-1': 1.03, 'm3-1': 0.94, 'm4-1': 98.04, 'm5-1': 110.85, 'm6-1': 1.13, 'm7-1': 107.58, 'm8-1': 11.51}",1.41,146.51700000000002,147.45700000000002,inf,268.712,268.712
464,T2,BESTEFFORT,COMPLETED,m2-1,118.76,"{'m1-1': 10.74, 'm2-1': 1.07, 'm3-1': 0.97, 'm4-1': 98.81, 'm5-1': 96.03, 'm6-1': 1.14, 'm7-1': 94.79, 'm8-1': 10.48}",1.605,147.12800000000001,148.198,inf,268.76,268.76
465,T2,BESTEFFORT,COMPLETED,m6-1,119.056,"{'m1-1': 10.63, 'm2-1': 1.03, 'm3-1': 0.92, 'm4-1': 108.95, 'm5-1': 98.44, 'm6-1': 1.13, 'm7-1': 99.3, 'm8-1': 11.25}",1.6949999999999998,147.37300000000002,148.50300000000001,inf,269.056,269.056
466,T2,BESTEFFORT,COMPLETED,m3-1,119.083,"{'m1-1': 10.64, 'm2-1': 1.06, 'm3-1': 0.98, 'm4-1': 106.48, 'm5-1': 110.5, 'm6-1': 1.0, 'm7-1': 95.14, 'm8-1': 10.47}",1.47,147.45700000000002,148.437,inf,269.08299999999997,269.08299999999997
467,T1,BESTEFFORT,COMPLETED,m2-1,119.622,"{'m1-1': 9.68, 'm2-1': 1.12, 'm3-1': 1.12, 'm4-1': 101.83, 'm5-1': 104.05, 'm6-1': 1.14, 'm7-1': 113.95, 'm8-1': 10.68}",1.6800000000000002,148.198,149.318,inf,269.622,269.622
468,T4,BESTEFFORT,COMPLETED,m6-1,120.023,"{'m1-1': 11.48, 'm2-1': 0.96, 'm3-1': 0.94, 'm4-1': 108.44, 'm5-1': 114.96, 'm6-1': 1.03, 'm7-1': 94.86, 'm8-1': 10.26}",1.545,148.50300000000001,149.53300000000002,inf,270.023,270.023
469,T2,BESTEFFORT,COMPLETED,m3-1,120.044,"{'m1-1': 10.3, 'm2-1': 1.05, 'm3-1': 0.97, 'm4-1': 110.64, 'm5-1': 99.76, 'm6-1': 1.0, 'm7-1': 103.71, 'm8-1': 10.82}",1.455,148.437,149.407,inf,270.044,270.044
470,T1,BESTEFFORT,COMPLETED,m2-1,120.155,"{'m1-1': 9.54, 'm2-1': 1.08, 'm3-1': 1.1, 'm4-1': 107.95, 'm5-1': 95.67, 'm6-1': 1.18, 'm7-1': 118.45, 'm8-1': 11.51}",1.62,149.318,150.39800000000002,inf,270.155,270.155
471,T3,BESTEFFORT,COMPLETED,m6-1,120.304,"{'m1-1': 10.37, 'm2-1': 1.01, 'm3-1': 0.97, 'm4-1': 96.88, 'm5-1': 100.16, 'm6-1': 1.09, 'm7-1': 97.57, 'm8-1': 10.96}",1.6350000000000002,149.53300000000002,150.62300000000002,inf,270.304,270.304
472,T1,BESTEFFORT,COMPLETED,m3-1,120.308,"{'m1-1': 10.54, 'm2-1': 1.0, 'm3-1': 1.15, 'm4-1': 104.22, 'm5-1': 109.84, 'm6-1': 1.09, 'm7-1': 118.39, 'm8-1': 10.26}",1.7249999999999999,149.407,150.55700000000002,inf,270.308,270.308
473,T1,BESTEFFORT,COMPLETED,m2-1,120.7,"{'m1-1': 10.63, 'm2-1': 1.05, 'm3-1': 1.12, 'm4-1': 108.78, 'm5-1': 98.16, 'm6-1': 1.19, 'm7-1': 113.58, 'm8-1': 9.96}",1.5750000000000002,150.39800000000002,151.44800000000004,inf,270.7,270.7
474,T1,BESTEFFORT,COMPLETED,m6-1,120.994,"{'m1-1': 10.03, 'm2-1': 1.06, 'm3-1': 1.02, 'm4-1': 102.17, 'm5-1': 94.92, 'm6-1': 1.1, 'm7-1': 117.2, 'm8-1': 10.81}",1.6500000000000001,150.62300000000002,151.723,inf,270.994,270.994
475,T4,BESTEFFORT,COMPLETED,m3-1,121.411,"{'m1-1': 10.38, 'm2-1': 1.08, 'm3-1': 0.95, 'm4-1': 108.3, 'm5-1': 104.34, 'm6-1': 1.09, 'm7-1': 98.8, 'm8-1': 11.21}",1.4249999999999998,150.55700000000002,151.507,inf,271.411,271.411
476,T1,BESTEFFORT,COMPLETED,m2-1,122.255,"{'m1-1': 10.48, 'm2-1': 1.04, 'm3-1': 1.03, 'm4-1': 117.78, 'm5-1': 100.52, 'm6-1': 1.08, 'm7-1': 105.49, 'm8-1': 11.19}",1.56,151.44800000000004,152.48800000000003,inf,272.255,272.255
477,T1,BESTEFFORT,COMPLETED,m1-1,122.306,"{'m1-1': 9.4, 'm2-1': 1.0, 'm3-1': 1.13, 'm4-1': 103.64, 'm5-1': 95.75, 'm6-1': 1.05, 'm7-1': 99.77, 'm8-1': 10.5}",14.100000000000001,178.2,187.6,inf,272.306,272.306
478,T2,BESTEFFORT,COMPLETED,m3-1,122.43,"{'m1-1': 10.98, 'm2-1': 1.02, 'm3-1': 0.95, 'm4-1': 99.34, 'm5-1': 96.26, 'm6-1': 1.03, 'm7-1': 108.42, 'm8-1': 10.34}",1.4249999999999998,151.507,152.457,inf,272.43,272.43
479,T2,BESTEFFORT,COMPLETED,m6-1,123.056,"{'m1-1': 10.88, 'm2-1': 1.1, 'm3-1': 1.09, 'm4-1': 108.54, 'm5-1': 111.09, 'm6-1': 1.16, 'm7-1': 105.96, 'm8-1': 11.73}",1.7399999999999998,151.723,152.883,inf,273.056,273.056
480,T4,BESTEFFORT,COMPLETED,m8-1,123.32,"{'m1-1': 10.44, 'm2-1': 1.07, 'm3-1': 1.08, 'm4-1': 104.49, 'm5-1': 107.14, 'm6-1': 1.06, 'm7-1': 98.92, 'm8-1': 11.56}",17.34,181.50400000000002,193.06400000000002,inf,273.32,273.32
481,T1,BESTEFFORT,COMPLETED,m2-1,124.904,"{'m1-1': 9.66, 'm2-1': 1.05, 'm3-1': 1.0, 'm4-1': 104.1, 'm5-1': 96.83, 'm6-1': 1.14, 'm7-1': 105.24, 'm8-1': 9.7}",1.5750000000000002,152.48800000000003,153.53800000000004,inf,274.904,274.904
482,T2,BESTEFFORT,COMPLETED,m3-1,125.52,"{'m1-1': 10.75, 'm2-1': 1.1, 'm3-1': 1.1, 'm4-1': 112.71, 'm5-1': 111.35, 'm6-1': 1.03, 'm7-1': 93.81, 'm8-1': 10.82}",1.6500000000000001,152.457,153.557,inf,275.52,275.52
483,T1,BESTEFFORT,COMPLETED,m6-1,126.441,"{'m1-1': 10.58, 'm2-1': 1.15, 'm3-1': 1.05, 'm4-1': 117.95, 'm5-1': 94.04, 'm6-1': 1.06, 'm7-1': 101.03, 'm8-1': 10.75}",1.59,152.883,153.943,inf,276.44100000000003,276.44100000000003
484,T2,BESTEFFORT,COMPLETED,m2-1,127.51,"{'m1-1': 10.29, 'm2-1': 1.13, 'm3-1': 0.97, 'm4-1': 104.92, 'm5-1': 103.15, 'm6-1': 1.11, 'm7-1': 106.98, 'm8-1': 10.14}",1.6949999999999998,153.53800000000004,154.66800000000003,inf,277.51,277.51
485,T1,BESTEFFORT,COMPLETED,m3-1,127.73,"{'m1-1': 10.85, 'm2-1': 1.17, 'm3-1': 1.14, 'm4-1': 111.33, 'm5-1': 108.35, 'm6-1': 1.14, 'm7-1': 105.04, 'm8-1': 10.02}",1.71,153.557,154.69699999999997,inf,277.73,277.73
486,T2,BESTEFFORT,COMPLETED,m6-1,127.949,"{'m1-1': 10.25, 'm2-1': 1.13, 'm3-1': 1.02, 'm4-1': 107.23, 'm5-1': 104.4, 'm6-1': 1.1, 'm7-1': 101.69, 'm8-1': 10.38}",1.6500000000000001,153.943,155.043,inf,277.949,277.949
487,T1,BESTEFFORT,COMPLETED,m2-1,129.863,"{'m1-1': 10.39, 'm2-1': 1.15, 'm3-1': 1.02, 'm4-1': 118.03, 'm5-1': 98.91, 'm6-1': 1.06, 'm7-1': 114.55, 'm8-1': 11.49}",1.7249999999999999,154.66800000000003,155.81800000000004,inf,279.863,279.863
488,T1,BESTEFFORT,COMPLETED,m3-1,132.338,"{'m1-1': 10.75, 'm2-1': 1.09, 'm3-1': 1.04, 'm4-1': 110.21, 'm5-1': 107.22, 'm6-1': 1.15, 'm7-1': 107.54, 'm8-1': 10.99}",1.56,154.69699999999997,155.73699999999997,inf,282.33799999999997,282.33799999999997
489,T1,BESTEFFORT,COMPLETED,m6-1,132.584,"{'m1-1': 10.73, 'm2-1': 1.11, 'm3-1': 1.13, 'm4-1': 102.73, 'm5-1': 100.04, 'm6-1': 1.16, 'm7-1': 114.16, 'm8-1': 11.04}",1.7399999999999998,155.043,156.203,inf,282.584,282.584
490,T1,BESTEFFORT,COMPLETED,m3-1,134.087,"{'m1-1': 9.79, 'm2-1': 1.11, 'm3-1': 1.05, 'm4-1': 106.72, 'm5-1': 104.07, 'm6-1': 1.1, 'm7-1': 108.65, 'm8-1': 10.76}",1.5750000000000002,155.73699999999997,156.78699999999998,inf,284.087,284.087
491,T1,BESTEFFORT,COMPLETED,m2-1,134.847,"{'m1-1': 10.14, 'm2-1': 1.17, 'm3-1': 1.05, 'm4-1': 118.85, 'm5-1': 104.91, 'm6-1': 1.01, 'm7-1': 99.65, 'm8-1': 11.53}",1.755,155.81800000000004,156.98800000000003,inf,284.847,284.847
492,T1,BESTEFFORT,COMPLETED,m6-1,135.416,"{'m1-1': 10.46, 'm2-1': 1.06, 'm3-1': 1.11, 'm4-1': 116.48, 'm5-1': 107.65, 'm6-1': 1.19, 'm7-1': 104.51, 'm8-1': 9.73}",1.785,156.203,157.393,inf,285.416,285.416
493,T1,BESTEFFORT,COMPLETED,m2-1,137.897,"{'m1-1': 9.38, 'm2-1': 1.11, 'm3-1': 1.07, 'm4-1': 118.72, 'm5-1': 104.07, 'm6-1': 1.17, 'm7-1': 111.91, 'm8-1': 9.87}",1.665,156.98800000000003,158.09800000000004,inf,287.897,287.897
494,T1,BESTEFFORT,COMPLETED,m3-1,142.734,"{'m1-1': 10.09, 'm2-1': 1.14, 'm3-1': 1.07, 'm4-1': 112.04, 'm5-1': 105.5, 'm6-1': 1.14, 'm7-1': 99.73, 'm8-1': 10.49}",1.605,156.78699999999998,157.85699999999997,inf,292.73400000000004,292.73400000000004
495,T1,BESTEFFORT,COMPLETED,m6-1,143.598,"{'m1-1': 10.02, 'm2-1': 1.14, 'm3-1': 1.04, 'm4-1': 117.01, 'm5-1': 103.11, 'm6-1': 1.14, 'm7-1': 114.08, 'm8-1': 10.56}",1.71,157.393,158.533,inf,293.598,293.598
496,T1,BESTEFFORT,COMPLETED,m2-1,146.137,"{'m1-1': 9.36, 'm2-1': 1.0, 'm3-1': 1.15, 'm4-1': 109.4, 'm5-1': 98.91, 'm6-1': 1.14, 'm7-1': 102.38, 'm8-1': 10.87}",1.5,158.09800000000004,159.09800000000004,inf,296.137,296.137
497,T1,BESTEFFORT,COMPLETED,m3-1,148.531,"{'m1-1': 10.01, 'm2-1': 1.0, 'm3-1': 0.99, 'm4-1': 103.68, 'm5-1': 102.22, 'm6-1': 1.05, 'm7-1': 113.58, 'm8-1': 9.78}",1.4849999999999999,157.85699999999997,158.84699999999998,inf,298.531,298.531
498,T1,BESTEFFORT,COMPLETED,m6-1,149.257,"{'m1-1': 9.94, 'm2-1': 1.15, 'm3-1': 1.1, 'm4-1': 114.89, 'm5-1': 96.98, 'm6-1': 1.08, 'm7-1': 118.26, 'm8-1': 10.42}",1.62,158.533,159.613,inf,299.257,299.257
499,T1,BESTEFFORT,COMPLETED,m3-1,149.39,"{'m1-1': 9.31, 'm2-1': 1.01, 'm3-1': 1.12, 'm4-1': 106.57, 'm5-1': 109.24, 'm6-1': 1.19, 'm7-1': 107.18, 'm8-1': 10.34}",1.6800000000000002,158.84699999999998,159.96699999999998,inf,299.39,299.39
