task_type_id,arrival_time,est_m1,est_m2,est_m3,est_m4,est_m5,est_m6,est_m7,ext_m1-1,ext_m2-1,ext_m3-1,ext_m4-1,ext_m5-1,ext_m6-1,ext_m7-1
2,0.09,105.916,0.979,106.113,105.138,108.693,1.12,106.605,99.525,1.023,117.365,111.24,106.564,1.121,108.245
1,0.093,11.346,115.538,98.117,107.248,92.427,9.924,0.95,10.921,101.429,106.845,111.14,103.07,11.256,1.035
3,0.13,10.204,0.978,97.315,106.093,105.321,1.014,100.113,10.384,1.025,101.267,97.229,94.006,0.958,103.901
4,0.483,109.046,1.041,0.995,1.113,99.334,97.328,9.818,99.169,1.096,1.096,1.081,104.447,105.117,10.248
3,0.514,10.994,1.007,99.468,93.34,94.309,1.058,96.918,9.817,0.999,107.519,102.098,95.116,1.032,106.458
1,0.961,11.179,110.502,106.468,116.33,106.468,10.193,1.028,10.718,101.116,106.654,100.793,96.614,10.863,1.089
1,1.31,10.38,108.309,107.479,100.958,96.882,10.835,0.999,10.942,106.995,102.531,114.864,97.157,10.611,0.946
3,1.549,10.946,1.0,94.866,104.389,99.258,1.084,94.035,9.581,1.112,103.003,99.923,96.57,1.103,106.296
3,1.608,10.265,0.974,94.933,101.016,107.153,1.025,94.097,10.825,0.981,94.703,108.718,103.892,0.958,98.052
3,1.742,11.25,1.09,99.898,104.728,103.962,1.039,100.613,10.456,1.133,107.638,108.286,99.337,1.064,99.449
3,2.055,9.73,1.019,96.021,101.933,99.024,1.086,94.137,10.222,1.139,103.858,96.197,96.632,1.008,106.294
3,2.081,9.943,0.977,97.364,107.287,100.46,1.106,108.664,9.979,1.041,102.122,106.679,101.046,0.956,94.441
4,2.102,104.809,1.137,1.101,0.998,100.888,106.743,11.134,105.645,1.084,0.973,1.093,110.165,110.86,9.695
1,2.147,9.925,102.786,95.889,114.329,103.279,10.338,0.946,10.303,102.932,107.593,115.822,100.477,11.652,0.98
1,2.207,10.512,117.587,110.567,114.548,101.732,11.058,1.044,11.389,108.183,100.499,102.522,108.604,10.522,1.072
2,2.409,104.2,0.994,104.785,102.907,100.883,1.005,113.522,112.818,0.936,100.554,106.874,112.894,1.102,107.759
4,2.488,108.678,1.11,1.125,1.113,101.571,99.019,10.468,110.517,1.137,1.127,0.973,109.109,104.045,11.202
3,2.599,10.507,0.993,99.812,109.783,96.917,1.084,99.485,10.237,1.023,104.353,107.494,105.321,1.007,101.023
3,2.695,10.863,1.009,92.973,101.016,96.993,1.07,101.834,9.628,1.049,108.804,94.56,104.451,1.001,99.897
1,2.889,11.712,106.631,113.205,104.222,96.669,10.772,0.982,10.189,103.288,104.33,109.199,103.405,11.525,0.999
4,3.142,114.47,1.048,1.06,1.019,102.961,96.305,11.03,110.106,1.106,1.025,1.069,100.769,101.504,9.687
3,3.192,10.574,1.104,93.72,101.064,95.294,0.964,103.347,10.097,1.064,102.127,97.698,108.157,1.014,101.647
2,3.197,95.533,0.998,107.476,105.047,100.79,1.11,116.73,113.013,0.945,117.515,104.183,102.435,1.053,99.451
4,3.242,111.413,1.125,1.111,1.098,108.538,110.231,10.042,100.026,1.059,1.023,1.078,109.282,95.833,11.04
2,3.335,97.814,0.955,114.604,100.483,111.093,1.103,116.836,101.243,1.084,111.5,106.299,103.885,1.048,109.302
4,3.385,100.522,0.996,1.012,0.998,97.164,104.453,11.265,103.782,1.065,1.108,1.114,106.667,102.269,9.823
1,3.566,11.429,106.264,96.561,111.846,92.181,11.565,1.006,10.105,102.47,108.814,104.498,101.519,11.379,1.082
1,3.877,10.334,110.966,113.357,99.742,103.043,11.037,1.029,10.443,109.571,98.18,109.429,104.154,11.695,0.957
4,4.23,113.938,1.053,1.054,1.07,108.633,109.733,9.934,107.067,1.113,0.993,0.958,106.036,108.993,10.495
3,4.232,10.175,1.023,105.2,107.604,105.418,1.015,107.059,9.581,0.976,96.083,99.851,100.912,1.112,99.32
1,4.42,10.893,118.068,107.347,109.412,96.09,9.937,0.996,11.588,112.215,103.355,104.904,95.511,11.212,1.074
1,4.838,9.943,113.077,99.349,111.083,93.483,11.651,1.073,11.729,112.765,112.795,110.056,98.902,10.783,0.936
2,5.194,113.115,1.056,113.153,110.47,113.901,0.971,112.759,104.296,1.031,102.589,111.583,114.765,1.119,112.857
4,5.64,98.118,1.139,1.001,1.085,100.237,109.054,10.419,99.065,1.003,1.016,1.087,109.907,103.627,9.837
1,5.738,11.62,116.328,110.146,105.502,97.717,10.853,0.973,11.511,100.685,96.277,115.682,93.365,11.248,1.09
4,6.091,111.901,1.13,1.029,1.087,97.582,98.797,10.68,99.567,1.0,0.999,1.062,93.344,96.426,9.767
3,6.663,9.758,1.052,101.004,102.549,104.258,1.07,99.175,9.627,1.079,94.703,103.106,97.851,0.952,99.149
2,6.715,104.318,1.017,116.382,99.602,104.354,1.106,106.876,106.443,0.98,108.032,110.669,107.667,1.131,113.293
1,6.721,9.896,106.371,98.625,110.926,94.899,10.632,1.034,10.449,101.306,97.819,116.508,101.132,11.165,0.952
2,6.737,99.209,1.043,101.891,104.375,112.183,1.106,103.93,109.506,1.05,107.592,108.709,111.06,0.999,109.482
1,6.957,9.963,117.759,100.993,107.994,96.65,11.457,1.031,10.542,103.394,112.286,103.654,96.903,10.743,1.06
3,6.965,9.478,1.087,99.401,105.288,101.209,1.069,100.811,10.501,1.016,93.943,95.734,94.659,0.981,104.699
1,7.042,11.595,105.954,105.541,111.147,106.09,10.874,1.056,11.728,109.46,96.398,109.246,101.331,10.57,1.036
3,7.209,10.574,0.999,110.274,107.559,108.5,1.037,104.788,10.953,0.977,105.092,94.172,94.042,0.971,104.186
2,7.415,103.956,0.969,118.097,101.108,104.449,1.11,100.492,111.295,1.053,105.208,108.877,114.679,0.984,116.682
2,7.521,97.645,1.006,106.952,103.836,102.241,1.09,115.168,102.593,0.945,111.549,99.9,112.929,1.133,116.175
2,7.627,105.572,1.055,112.204,107.195,106.492,1.146,102.269,97.569,1.084,101.833,109.502,105.434,1.034,111.7
2,7.759,101.24,0.983,116.592,100.862,100.808,1.124,101.018,99.162,1.007,114.381,106.404,102.467,1.076,112.797
2,7.823,111.172,1.041,114.564,111.807,110.9,1.137,109.482,103.982,0.968,103.672,101.301,97.598,1.147,104.683
2,7.995,110.356,1.059,100.558,108.008,101.418,1.096,105.365,97.84,1.022,103.634,103.463,100.452,0.999,110.104
4,8.027,107.451,1.127,0.982,1.125,106.332,98.091,9.888,110.212,1.12,0.968,1.013,97.539,106.418,10.272
4,8.178,110.523,1.096,1.09,1.086,106.478,104.842,10.198,113.069,1.131,1.08,1.126,96.852,97.168,9.643
1,8.186,9.874,112.632,107.714,118.083,101.116,10.659,0.97,10.638,114.917,111.444,116.451,107.725,10.337,1.006
2,8.205,96.776,1.001,117.543,113.866,104.126,1.056,100.905,111.172,1.064,108.62,105.138,110.542,1.096,103.604
4,8.271,107.42,1.067,0.967,1.054,110.431,110.291,10.191,114.391,0.978,1.08,1.016,110.723,101.795,10.656
3,8.476,10.702,0.997,104.203,101.103,98.521,0.96,95.254,10.894,1.073,105.572,93.94,95.167,1.069,101.157
1,8.737,10.599,112.011,95.805,113.239,101.059,11.63,1.098,10.894,112.141,100.832,105.072,107.805,11.6,1.053
4,8.921,108.769,1.1,1.012,1.082,96.979,109.054,10.681,99.377,1.083,1.002,1.121,105.162,111.282,11.184
4,9.054,107.743,0.968,1.092,1.001,108.884,98.043,10.015,110.599,1.068,1.051,1.126,97.804,94.058,10.216
1,9.104,11.18,117.908,109.049,104.249,96.541,11.633,1.093,11.109,110.781,110.686,104.054,93.708,9.936,1.046
4,9.406,110.938,1.125,0.994,1.106,103.076,103.851,10.054,98.746,0.976,1.139,1.035,108.129,97.119,10.554
3,9.659,10.642,1.111,100.523,108.017,108.911,1.088,93.301,10.282,1.14,108.005,97.198,110.68,1.076,105.844
3,9.683,10.62,1.065,109.51,98.674,109.169,0.963,107.043,9.657,1.05,97.695,107.076,99.439,0.997,100.225
1,9.686,10.637,101.994,102.999,99.742,105.993,11.376,1.102,10.647,107.082,102.364,111.524,100.0,9.869,1.045
3,9.696,10.274,1.057,100.835,103.586,98.172,0.952,108.683,9.979,1.039,105.48,96.104,101.82,1.116,93.603
2,9.922,98.218,0.987,109.091,99.441,106.386,1.08,105.489,110.508,0.963,111.037,102.056,104.845,1.079,117.054
3,9.972,10.501,1.0,97.88,108.199,98.675,0.998,107.067,10.631,1.084,94.838,96.783,100.229,1.056,93.175
3,10.012,11.159,1.085,102.004,104.093,99.746,0.958,94.99,10.109,1.012,93.536,100.859,102.075,1.103,100.514
1,10.092,10.38,103.561,105.616,118.155,102.902,10.396,0.939,10.009,107.106,99.642,110.954,106.249,9.934,1.095
2,10.121,97.85,1.043,111.245,101.443,106.539,0.979,110.435,105.103,0.968,106.244,106.071,112.31,1.082,102.052
2,10.543,106.631,1.029,111.866,100.35,102.44,1.0,105.41,98.898,0.948,106.061,102.24,111.906,1.12,113.954
1,11.026,11.016,102.786,106.03,115.794,93.48,11.302,1.059,11.657,115.577,103.148,110.521,104.919,10.851,0.959
4,11.289,99.029,1.062,1.115,1.019,94.911,109.476,10.064,103.392,0.97,1.004,1.052,109.009,103.554,9.565
2,11.625,112.775,1.001,109.07,107.78,114.04,1.048,111.277,112.691,0.949,100.093,113.474,114.401,0.968,102.052
4,11.779,106.921,1.024,1.019,1.01,107.39,100.395,11.335,115.612,0.973,1.075,1.12,102.032,93.845,10.793
4,12.017,102.595,1.036,1.092,1.096,94.993,103.627,10.59,115.56,1.138,1.126,0.979,103.333,94.725,10.503
3,12.064,10.543,1.09,94.561,104.962,100.079,1.008,92.589,9.617,1.133,100.316,104.918,98.367,1.043,103.262
3,12.276,9.858,0.999,96.252,102.934,109.545,0.995,106.004,9.831,1.02,103.117,93.292,104.97,0.951,99.553
2,12.376,103.962,1.002,100.751,101.439,111.977,1.069,111.439,103.039,1.074,116.718,114.403,103.848,1.134,111.039
2,12.662,106.136,1.04,116.913,99.142,112.117,1.023,110.01,97.911,0.981,109.082,112.498,104.951,1.118,111.39
1,12.851,10.826,99.933,96.879,117.025,100.533,11.248,0.931,10.155,112.609,106.963,108.461,95.021,10.17,0.967
3,12.956,10.897,0.997,107.323,105.815,102.601,1.013,109.219,11.179,1.097,109.957,110.441,109.134,1.012,98.849
2,13.171,101.192,0.931,106.722,112.949,113.528,0.982,114.397,105.395,0.999,107.348,112.749,112.332,1.11,112.58
3,13.286,10.789,1.033,106.073,109.41,98.07,1.063,94.346,10.604,0.995,101.056,106.295,102.188,0.983,108.076
2,13.392,101.267,1.018,116.841,109.478,99.113,1.096,115.968,111.609,1.083,104.011,101.75,104.126,1.143,102.272
2,13.853,100.477,1.085,105.354,112.447,100.567,1.107,111.662,103.983,0.984,102.213,109.133,103.183,1.105,111.771
3,14.391,10.25,1.117,97.89,106.994,94.475,0.979,108.533,9.739,1.041,108.684,103.265,108.113,1.104,92.3
1,14.545,10.071,110.989,113.436,107.616,101.638,10.316,1.003,9.948,108.185,98.427,115.422,104.021,11.626,0.987
4,14.665,100.8,1.021,1.033,0.966,98.139,101.842,11.236,108.563,0.979,0.965,1.08,96.929,96.399,10.328
1,15.03,11.119,105.319,98.369,103.336,102.718,11.255,1.09,10.432,112.797,101.028,103.35,101.2,11.259,1.009
3,15.126,9.578,1.044,110.176,93.428,95.107,0.967,94.332,10.458,0.991,105.315,98.246,111.044,1.087,98.215
3,15.15,10.92,1.127,110.454,98.671,104.571,0.964,93.174,11.0,1.122,95.759,102.266,108.05,1.027,103.154
2,15.481,96.436,1.018,115.401,103.815,111.152,1.148,102.781,96.132,1.105,106.424,103.419,101.307,1.096,114.964
3,15.613,10.214,1.116,103.18,106.816,108.823,1.106,108.87,10.855,1.036,107.109,107.026,103.2,0.974,102.357
2,15.647,99.4,1.063,116.077,98.819,108.184,1.133,102.882,102.834,0.94,108.287,114.066,100.799,1.138,103.895
1,16.155,10.573,111.328,103.694,108.429,103.917,10.929,1.01,10.926,108.58,107.72,107.853,106.487,11.558,1.008
3,16.202,10.886,0.977,93.452,97.411,102.56,1.117,109.369,9.939,1.033,108.942,104.276,106.246,1.09,94.852
1,16.286,10.088,114.732,113.753,109.724,109.328,10.181,1.041,9.993,100.834,113.783,102.648,108.904,10.729,1.005
4,16.399,113.812,1.146,1.104,1.113,109.759,100.69,11.005,97.956,1.062,1.01,1.018,100.069,99.221,9.628
1,17.046,10.002,100.924,107.479,99.73,99.352,10.479,1.097,9.899,113.989,98.795,110.145,99.355,11.142,1.069
4,17.077,110.639,1.023,1.12,1.117,99.154,97.649,9.92,114.485,1.036,1.051,0.991,106.129,111.272,9.951
4,17.104,107.948,0.979,1.038,1.058,103.878,93.845,10.342,112.624,1.021,0.966,0.982,99.234,100.003,9.711
4,17.219,105.81,1.022,1.071,1.112,95.163,100.757,10.9,110.781,1.047,1.054,0.974,102.436,109.346,11.334
2,17.34,110.294,0.994,105.898,99.9,106.12,1.01,117.067,96.335,1.01,106.46,109.659,107.809,1.071,113.761
3,17.464,10.813,0.984,105.268,102.438,108.05,1.081,99.647,10.218,1.106,103.858,102.014,94.557,0.99,106.191
1,17.67,10.542,110.406,109.208,112.684,99.211,11.085,1.01,10.038,116.87,101.881,117.567,94.059,11.166,0.994
2,17.834,108.595,1.018,114.381,114.637,106.15,0.994,110.826,99.271,1.009,113.452,116.122,107.402,1.093,104.277
4,17.962,99.682,1.143,0.986,1.1,94.446,110.153,11.176,103.376,1.056,0.994,0.965,102.07,96.893,10.389
1,18.156,10.98,104.158,101.05,106.225,104.523,10.06,0.972,11.194,105.247,98.534,111.211,106.468,10.343,1.039
4,18.19,111.441,1.042,1.138,1.125,99.07,111.272,10.543,102.212,1.061,1.124,0.975,99.285,104.03,10.624
3,18.223,9.896,1.076,103.047,96.332,108.795,0.997,100.514,10.418,0.98,100.817,93.899,105.468,1.123,93.174
2,18.543,108.808,1.003,100.107,104.128,102.671,1.101,117.142,113.272,1.068,111.607,116.092,107.448,1.069,109.821
3,18.576,10.013,1.034,97.4,101.016,99.331,1.056,102.321,9.912,1.029,96.851,93.971,109.95,0.989,94.855
3,19.167,11.087,1.047,103.933,94.417,103.721,1.068,94.852,10.666,1.102,93.933,103.605,103.432,1.035,99.964
3,19.179,10.919,1.131,107.135,99.764,97.334,1.076,99.74,9.559,1.098,99.823,98.349,100.72,1.062,98.608
2,19.217,97.118,0.992,116.841,99.309,101.408,1.062,111.662,112.718,1.001,110.737,116.126,99.272,0.979,106.847
3,19.373,10.375,1.069,94.712,96.371,105.901,1.047,108.814,9.478,1.017,93.93,95.314,95.424,1.014,97.868
2,19.441,103.709,0.966,112.751,106.527,106.539,1.048,107.759,104.802,0.996,109.205,109.918,112.816,1.076,110.86
3,19.859,9.596,1.098,100.344,106.107,93.605,1.0,107.901,10.037,1.053,99.568,96.264,98.809,0.973,97.214
2,19.957,99.598,0.992,117.358,116.682,99.059,1.09,117.067,102.219,1.055,107.204,105.255,107.054,1.088,115.66
2,20.172,98.365,0.958,101.319,99.394,105.512,0.97,102.746,99.182,1.043,107.485,117.039,114.11,1.112,110.716
3,20.863,9.517,1.112,108.571,102.436,104.671,1.067,100.85,9.683,1.055,104.012,103.024,96.531,1.054,109.204
3,20.878,10.066,1.049,103.244,107.152,107.52,1.071,104.594,10.101,1.079,105.343,94.805,105.891,0.977,92.777
4,21.028,101.477,1.06,1.025,1.006,108.104,98.023,10.714,101.681,1.076,1.126,1.031,95.611,94.522,10.515
2,21.082,104.712,1.07,101.609,108.008,96.851,0.984,105.775,110.518,1.053,101.095,103.651,100.263,1.026,114.908
3,21.187,11.022,0.997,103.168,106.448,97.037,0.97,94.129,10.615,1.09,95.646,102.011,99.216,1.066,102.499
1,21.276,10.181,114.503,102.779,116.895,106.503,11.277,1.076,9.939,112.555,106.957,102.724,107.223,10.8,1.051
2,21.39,109.021,0.944,114.604,104.504,105.683,1.131,107.628,98.947,1.041,103.742,103.393,113.985,1.03,108.489
3,21.789,10.527,1.117,98.254,101.006,100.251,1.061,94.659,10.049,1.043,109.51,105.886,108.462,1.094,97.588
4,21.83,107.492,1.031,1.1,1.019,105.044,108.485,11.102,100.671,1.114,1.1,1.051,105.297,104.744,10.352
4,21.863,112.549,1.036,1.026,1.049,100.268,107.628,10.707,106.992,1.076,1.045,1.007,110.053,102.569,10.54
1,21.901,10.054,112.025,110.186,107.853,104.648,11.425,1.059,11.498,111.756,101.298,103.193,105.274,10.732,1.044
4,21.964,104.976,0.969,0.986,1.125,106.447,96.592,9.896,112.236,1.138,1.104,1.083,93.48,104.535,11.08
3,22.175,11.232,1.022,105.458,109.573,95.87,1.073,106.75,9.955,0.996,110.316,109.702,104.051,1.115,102.614
1,22.239,11.422,104.524,110.891,109.313,106.873,11.275,1.094,11.202,106.613,99.837,107.816,92.956,10.468,1.083
3,22.245,11.229,0.998,106.747,101.926,107.84,0.999,101.367,9.776,0.999,105.253,95.6,98.787,1.076,100.36
2,22.341,100.68,0.935,107.71,110.415,113.803,1.075,107.012,98.592,1.044,108.061,107.483,98.838,1.11,101.088
2,22.361,98.931,0.994,102.618,108.427,100.486,1.032,101.469,112.775,0.991,107.014,107.427,114.221,1.11,112.336
4,22.72,97.98,1.139,0.99,1.101,97.205,98.833,11.198,106.008,1.067,1.11,1.041,99.539,110.081,10.681
3,22.817,9.588,1.022,96.726,107.339,102.484,1.04,93.981,10.795,0.964,96.658,108.386,94.504,0.97,103.293
2,22.936,103.073,1.059,111.941,105.766,110.816,1.057,100.531,110.354,1.049,100.158,104.423,105.829,1.032,107.323
4,23.388,101.932,0.971,1.019,1.049,100.322,96.158,11.302,99.894,1.13,1.142,1.021,107.38,109.413,10.053
3,23.463,10.764,0.975,108.5,109.682,104.53,1.057,96.918,9.725,1.108,98.466,99.923,101.278,1.024,109.007
4,23.573,97.774,1.009,1.008,0.957,106.805,108.854,10.292,100.538,1.041,1.025,1.072,108.919,105.395,10.603
1,24.061,11.242,107.415,107.045,115.946,103.585,11.11,0.981,10.373,111.314,98.765,107.144,106.286,11.276,1.02
4,24.215,105.614,0.994,1.052,0.965,107.531,93.982,9.755,115.023,1.118,1.031,1.079,93.393,97.883,11.044
4,24.28,105.981,1.046,1.039,0.967,109.759,110.524,11.005,114.485,1.077,1.126,1.115,99.299,100.967,9.748
2,24.339,103.879,1.054,117.056,105.87,100.89,0.985,105.13,101.837,1.036,103.396,105.209,100.88,0.971,104.044
4,24.539,108.96,1.036,0.983,1.04,94.286,101.19,10.681,107.463,0.991,1.098,0.999,103.227,98.143,10.832
3,24.563,10.759,1.014,109.612,99.297,103.11,1.006,99.013,10.261,1.012,99.871,101.859,94.579,1.087,107.469
2,24.601,103.34,0.993,111.576,108.816,99.553,1.125,101.371,100.888,1.07,104.253,111.894,112.698,1.11,99.482
1,24.903,10.482,114.865,98.883,99.643,109.553,9.944,0.944,11.027,115.714,103.715,99.994,108.061,10.124,0.961
2,24.967,97.628,1.028,103.178,106.083,103.565,1.004,99.855,108.119,1.05,118.042,111.576,114.715,0.97,103.665
3,25.405,10.368,1.115,102.133,98.607,104.051,1.119,96.321,10.715,1.002,101.165,102.635,97.949,1.063,93.925
1,25.41,11.201,107.806,102.536,107.479,100.533,10.969,1.02,10.081,113.988,111.157,117.59,95.92,10.907,0.973
3,25.412,10.548,1.092,109.957,102.572,106.055,1.123,99.856,10.922,1.024,107.032,96.332,110.916,1.059,96.368
2,25.448,109.43,1.094,106.823,109.067,100.567,0.998,100.803,105.799,0.955,118.068,104.652,111.379,1.129,105.959
1,25.649,11.593,100.784,104.386,101.627,96.55,11.663,0.959,10.059,105.7,107.915,118.277,92.837,10.609,1.083
2,25.702,109.354,1.049,117.457,102.438,104.277,1.093,111.277,99.758,1.082,106.129,111.894,100.503,1.003,101.417
4,26.086,110.672,1.085,0.973,1.117,106.838,98.118,11.31,108.648,1.018,1.025,1.084,100.196,108.09,10.639
4,26.414,108.187,1.126,0.963,1.078,96.45,106.963,10.216,97.762,0.983,1.108,1.05,109.484,104.771,9.659
1,26.53,10.469,112.854,111.081,111.322,99.936,10.743,0.996,11.204,113.077,110.643,105.233,92.104,11.443,1.05
2,26.535,104.318,1.01,111.396,116.807,114.794,1.022,115.708,97.52,0.954,115.485,104.868,112.441,1.11,104.254
3,26.599,9.578,1.039,97.868,110.124,102.95,0.994,97.535,10.183,1.124,109.361,102.238,102.341,0.951,100.903
1,26.679,10.296,107.178,103.4,111.684,98.346,10.494,1.034,10.721,106.49,111.421,115.711,104.94,11.464,0.975
1,26.759,11.698,117.279,106.978,100.473,94.046,10.455,1.029,10.599,100.761,102.518,107.479,108.176,10.558,1.019
4,26.771,99.17,1.015,1.108,1.01,105.737,106.249,10.414,97.34,1.145,1.108,1.108,109.397,103.775,10.64
2,26.833,112.266,1.044,115.944,114.019,108.228,1.055,116.314,97.305,1.003,114.78,116.418,99.468,1.038,110.717
2,26.9,101.148,1.068,108.594,112.892,104.776,1.057,112.759,103.813,1.093,104.709,98.899,100.938,1.007,114.598
4,27.15,104.978,1.144,1.096,0.99,95.823,110.167,10.71,97.774,1.023,1.109,1.097,110.711,95.434,11.211
2,27.164,103.071,1.031,112.099,102.761,112.801,1.113,102.042,97.628,0.969,107.198,116.408,115.004,1.06,116.491
1,27.477,9.94,109.142,96.561,107.026,96.062,11.601,1.097,10.365,110.695,100.564,113.004,93.771,11.142,0.949
1,27.656,10.579,109.971,103.305,116.764,99.774,10.617,0.948,10.248,115.152,99.315,117.833,106.31,11.383,1.011
2,27.694,99.47,1.044,114.035,104.28,99.883,1.061,101.357,97.661,1.007,111.905,116.799,113.368,1.036,107.602
3,27.748,9.572,1.07,109.788,109.517,94.713,0.997,99.93,9.551,1.063,106.879,94.467,101.27,1.005,96.007
4,27.871,111.844,1.145,1.057,1.055,104.34,104.568,9.88,108.582,1.023,1.039,1.026,96.45,100.76,10.579
1,28.109,10.237,106.264,99.315,112.99,106.421,10.826,0.978,11.419,104.02,113.105,111.507,102.8,10.44,1.012
1,28.112,10.793,114.749,109.27,99.558,93.708,10.038,1.023,10.481,111.45,105.26,113.419,98.802,10.358,1.075
1,28.507,10.377,110.791,99.752,115.762,101.535,10.151,0.952,10.932,100.924,100.996,115.453,95.527,9.859,0.988
2,28.528,96.57,1.101,111.601,103.363,112.655,1.036,106.35,113.056,0.982,106.669,116.111,99.253,1.124,108.742
3,28.598,11.058,0.973,101.835,105.582,95.017,1.001,109.113,9.716,0.996,101.998,103.887,101.674,1.021,98.597
2,28.607,101.172,1.104,103.493,107.567,114.911,0.969,100.203,110.83,1.069,105.178,112.098,100.89,1.149,116.659
3,28.81,10.491,0.988,97.638,106.339,105.039,1.069,95.819,11.246,1.075,99.405,106.107,98.516,1.006,98.039
4,28.894,109.702,1.023,1.112,0.981,110.294,110.759,10.881,111.702,1.036,1.061,1.092,96.941,102.264,11.279
3,28.904,11.14,1.061,99.755,97.073,111.001,1.08,103.06,9.79,1.074,103.927,95.511,109.463,1.076,97.509
1,28.93,10.291,104.796,96.124,104.676,103.284,11.463,1.074,9.917,114.485,98.869,115.961,92.374,10.392,0.996
3,29.132,10.633,1.121,99.819,100.18,98.099,1.101,107.794,10.027,0.986,107.241,95.157,102.529,0.967,108.339
1,29.324,10.802,112.609,110.253,111.083,94.498,10.853,1.059,11.417,106.899,98.809,116.865,101.65,10.524,1.095
1,29.418,10.358,107.9,102.566,104.236,94.324,11.065,1.027,11.646,115.387,98.809,114.8,109.337,11.418,1.041
4,29.533,98.562,0.991,1.049,1.043,109.408,109.173,11.335,108.975,1.008,0.99,1.127,104.122,98.33,10.205
2,29.552,98.325,1.053,110.305,114.713,105.096,0.989,99.397,110.076,1.04,112.279,100.616,110.471,1.021,110.143
1,29.724,10.249,106.714,109.234,112.693,96.44,10.629,0.99,10.148,112.442,99.642,99.612,105.009,11.197,0.97
1,29.787,10.805,103.18,112.49,100.712,103.07,10.485,0.979,10.059,100.969,112.54,110.458,100.029,10.93,0.959
3,29.98,10.14,0.977,106.113,100.225,109.264,0.952,106.75,11.14,1.018,94.712,97.345,110.126,1.027,100.903
3,30.077,10.548,1.103,110.194,107.694,106.409,0.999,109.366,10.79,0.981,99.788,92.871,103.874,1.028,99.225
3,30.099,9.958,1.029,99.569,107.902,96.128,0.99,106.004,9.825,0.986,107.634,104.865,108.911,1.088,94.889
3,30.189,11.266,1.139,109.361,105.917,102.014,1.076,94.732,11.173,1.101,108.936,99.904,93.502,1.073,93.957
2,30.202,95.942,1.017,111.327,98.899,99.834,0.972,111.541,112.06,0.993,108.671,106.654,104.916,1.129,104.683
1,30.319,10.226,105.127,97.36,110.926,97.325,11.65,0.959,11.367,109.864,108.536,112.553,104.456,11.602,0.95
3,30.556,9.546,1.107,105.67,102.014,106.829,1.096,108.446,10.218,1.047,101.216,98.518,104.309,1.085,98.977
3,30.571,9.865,0.996,96.507,106.22,98.032,1.108,96.88,9.793,1.099,110.159,103.976,102.489,1.032,97.893
1,30.634,11.391,101.953,99.123,101.379,104.241,10.63,0.948,10.316,108.247,104.296,105.579,95.957,10.021,1.014
1,31.008,10.865,110.333,96.385,116.745,107.029,11.184,1.001,10.566,114.752,108.791,112.413,95.53,10.088,1.045
1,31.239,9.924,114.182,101.454,109.977,101.535,10.848,1.024,10.041,102.128,98.795,113.905,92.272,11.514,0.971
4,31.345,105.408,1.085,0.97,1.135,106.152,110.967,10.191,101.595,0.986,1.047,0.969,104.381,100.845,11.216
3,31.395,11.175,1.076,96.507,102.999,98.532,0.989,97.887,10.009,0.981,97.737,105.722,93.969,1.126,109.215
3,31.467,9.989,1.068,93.026,106.679,110.359,0.951,92.717,9.735,1.13,95.695,105.3,109.013,1.063,107.372
1,31.517,10.034,116.442,100.379,116.886,94.003,10.62,1.062,10.168,107.242,101.809,102.737,98.031,11.3,0.947
1,31.666,10.709,114.29,100.605,99.488,109.276,9.859,0.993,10.215,114.182,112.811,100.68,104.295,11.143,0.966
1,31.852,10.084,101.412,108.298,114.136,98.516,9.998,0.955,11.129,104.546,101.45,112.594,97.348,11.554,1.08
4,32.056,97.34,1.046,1.075,0.991,104.844,96.914,10.368,101.984,0.97,1.108,1.106,97.258,98.635,10.08
3,32.137,10.154,0.997,102.588,103.605,97.673,1.075,103.656,9.962,0.99,105.23,104.422,104.032,1.077,102.415
3,32.336,11.08,1.079,108.684,100.536,104.671,0.991,108.45,10.235,1.051,102.546,106.967,98.533,0.991,104.835
3,32.705,10.738,1.11,100.419,106.841,109.344,1.021,101.695,11.232,0.983,100.446,109.018,110.107,0.969,100.613
3,33.431,9.912,1.023,100.446,100.536,97.037,1.056,94.99,11.012,1.138,101.26,102.671,109.432,1.06,99.205
4,33.543,106.727,0.97,1.088,1.12,108.684,98.811,11.277,114.405,1.056,1.111,1.135,110.409,108.668,11.232
4,33.775,115.622,0.995,1.101,1.123,95.163,107.858,9.976,100.538,1.092,1.109,1.001,94.736,100.382,10.808
4,33.835,102.335,1.057,1.061,1.01,101.382,111.145,10.977,111.393,0.99,0.993,0.966,107.484,95.089,10.788
2,34.036,112.804,1.072,100.829,112.447,115.0,0.986,113.939,106.373,0.931,110.166,102.513,104.776,1.03,113.033
1,34.333,10.302,101.266,108.579,108.844,96.599,10.103,1.033,10.705,117.02,101.145,109.199,106.127,10.009,1.039
3,34.385,10.2,1.031,93.924,94.67,106.479,1.121,98.608,10.426,0.984,107.541,98.021,107.594,0.957,104.979
4,34.402,114.018,1.138,1.021,1.06,93.393,103.418,9.901,106.652,1.031,0.993,1.049,105.286,98.839,10.554
1,34.652,10.768,99.991,101.372,110.756,104.697,10.978,1.055,11.685,108.635,99.382,109.518,108.275,10.03,0.999
4,34.949,108.391,1.011,0.965,1.088,99.962,99.582,10.39,99.68,1.118,0.991,0.999,109.246,104.4,9.743
1,35.101,10.371,111.125,104.735,106.225,94.899,11.246,1.091,11.43,100.122,111.419,111.832,108.046,10.352,0.942
4,35.587,113.782,1.003,1.054,1.044,109.3,110.255,10.648,104.871,1.071,1.091,1.124,103.484,110.938,10.707
1,35.628,11.697,99.991,107.312,101.71,93.521,10.528,1.065,10.941,114.131,107.257,103.058,100.409,10.514,0.946
1,35.64,10.105,108.86,109.962,105.23,104.295,11.196,1.023,11.517,118.571,108.791,102.962,95.787,10.595,1.06
1,35.671,11.097,103.448,113.192,116.805,95.645,11.146,1.063,10.91,111.454,101.699,101.145,105.632,10.732,0.94
3,35.682,11.252,1.064,108.403,102.807,97.851,0.995,104.758,10.633,1.007,97.847,107.393,93.581,1.117,97.487
1,35.728,10.145,111.01,112.38,112.521,101.324,11.005,0.939,10.245,106.041,113.706,105.912,98.958,11.185,1.016
1,35.737,10.299,108.912,107.273,111.228,105.874,10.286,0.989,10.047,116.13,99.28,100.514,109.168,11.085,0.934
4,35.794,114.447,1.051,1.02,1.002,109.907,107.706,10.0,105.718,1.044,0.965,1.081,95.902,101.084,10.051
4,35.851,102.675,0.97,0.966,1.101,97.819,111.3,10.868,115.189,1.1,1.001,1.064,110.266,103.922,10.951
4,35.988,111.342,0.976,1.067,1.006,103.426,102.344,9.911,115.189,1.092,1.04,0.962,109.269,105.689,9.649
1,36.217,11.247,111.525,107.561,115.001,98.116,10.753,1.014,10.724,105.739,99.004,107.938,95.05,11.29,0.956
2,36.416,109.2,1.0,103.323,102.521,107.117,0.973,104.992,111.816,0.963,108.214,101.2,112.905,1.151,110.75
1,37.141,11.274,117.81,101.809,103.787,94.139,11.278,1.008,10.467,111.314,98.652,118.139,108.752,11.252,0.969
2,37.347,112.182,1.082,109.041,112.346,98.381,1.089,113.994,112.663,1.013,109.792,108.554,110.946,0.998,113.799
1,37.406,10.255,112.076,98.872,109.246,100.157,10.439,0.978,10.565,104.622,110.961,111.695,98.841,10.336,0.927
2,37.407,97.734,1.071,107.159,107.249,109.018,1.072,103.95,106.562,1.087,116.571,113.524,112.548,1.027,99.632
3,37.471,11.181,1.002,100.487,95.129,96.374,1.03,100.85,10.892,1.074,97.33,96.739,99.04,1.086,94.129
4,37.566,108.872,1.058,0.963,1.025,98.626,95.818,11.31,101.693,1.146,0.993,0.974,94.585,104.88,10.718
2,37.68,108.683,1.095,111.16,101.406,110.943,1.037,106.847,104.628,1.034,103.08,110.338,107.344,0.975,109.146
1,37.983,10.321,115.836,113.239,102.661,101.725,11.361,1.046,10.189,113.186,110.379,113.162,94.652,10.994,1.082
3,38.0,11.164,1.053,102.273,98.173,99.748,1.033,99.433,10.368,1.056,93.011,93.05,104.258,1.015,109.606
1,38.164,11.688,104.034,112.811,99.793,105.116,11.254,0.999,10.537,105.276,103.755,117.73,92.486,11.124,0.946
2,38.198,111.439,0.997,109.053,99.441,101.049,1.139,100.134,113.325,0.943,113.746,109.723,104.395,1.15,106.287
3,38.273,10.939,1.095,109.788,93.844,93.948,1.037,97.944,10.806,0.966,103.858,100.39,109.887,1.063,106.976
1,38.372,11.623,106.697,104.493,111.524,92.723,9.967,1.055,10.047,100.076,112.261,117.946,95.561,10.471,1.023
3,38.376,10.643,1.071,103.858,108.015,101.331,1.009,107.63,10.141,1.12,93.935,105.356,108.758,1.015,99.958
4,38.38,101.08,1.051,0.982,1.09,102.893,111.026,10.644,109.129,1.003,1.113,1.077,99.719,102.984,10.414
4,39.179,99.065,1.112,1.003,0.956,106.332,109.838,10.951,106.34,1.112,1.038,1.113,101.229,107.387,10.11
2,39.28,111.711,1.037,105.134,105.202,111.049,1.063,109.654,109.445,1.041,108.873,108.456,104.951,1.086,100.803
3,39.56,9.85,1.092,109.504,106.87,103.828,1.073,101.255,10.577,1.033,100.689,98.564,95.038,1.072,103.745
2,39.733,110.114,0.971,101.386,114.589,105.891,1.044,113.627,103.693,1.023,108.182,112.447,112.331,0.98,114.02
1,39.746,10.245,118.077,97.001,105.12,93.48,11.347,0.989,11.146,99.993,95.883,100.517,94.178,9.922,0.98
2,39.776,104.879,1.061,110.201,109.05,104.485,1.081,105.425,111.711,1.067,110.546,105.099,106.12,1.032,116.314
2,39.953,111.839,1.004,108.041,114.462,110.534,1.129,103.166,99.361,0.997,114.783,116.052,102.41,1.027,114.02
4,40.008,113.198,0.99,1.095,0.976,105.46,99.089,9.791,105.408,1.103,0.99,0.971,110.134,98.406,9.749
1,40.242,10.184,114.282,97.632,101.872,96.903,9.933,0.984,11.232,108.935,100.31,103.327,104.534,10.952,0.976
3,40.413,9.725,1.136,99.557,99.28,109.446,1.096,106.327,10.404,1.085,103.24,98.695,108.113,1.044,102.565
1,40.428,10.721,113.132,103.26,117.444,96.614,11.391,0.984,11.482,108.641,111.478,114.326,104.429,10.986,1.072
2,40.688,105.876,0.996,116.718,115.888,114.429,0.983,101.534,100.041,0.949,102.618,106.692,107.142,1.086,108.428
2,40.688,108.891,1.092,117.947,116.99,99.93,1.017,102.991,103.375,1.056,104.021,113.142,100.79,1.105,113.522
4,40.703,112.398,1.125,1.074,1.08,108.83,96.268,10.223,109.097,0.966,1.106,1.063,94.897,111.073,9.885
1,41.651,10.422,100.122,112.229,113.41,104.151,10.986,0.934,10.749,114.23,97.611,114.557,94.57,10.958,1.023
4,41.738,106.373,1.14,0.999,0.993,95.134,97.836,10.595,100.538,1.105,0.993,1.125,103.729,95.072,10.419
4,41.741,104.799,0.984,1.092,1.016,108.921,98.912,11.213,101.556,0.973,1.139,1.132,98.012,99.426,11.082
2,41.92,95.444,1.013,116.348,115.364,97.773,1.06,105.775,102.219,1.027,105.689,112.141,99.287,1.069,104.133
4,41.938,110.822,0.986,1.044,1.034,98.206,97.195,9.872,99.603,1.1,0.98,1.007,93.531,96.245,11.066
2,42.143,107.454,1.054,114.747,115.237,110.711,0.986,98.666,107.189,1.053,118.87,110.905,104.075,0.994,99.525
4,42.303,107.451,1.056,1.021,1.09,104.894,98.437,9.965,107.314,1.003,0.967,1.05,95.323,98.079,9.931
2,42.469,109.18,1.011,110.986,105.681,97.998,1.057,114.836,112.325,1.085,118.785,117.148,101.076,1.041,103.824
1,42.637,9.863,112.624,111.529,118.08,93.182,10.828,0.949,11.678,113.736,99.744,114.664,98.886,11.437,0.948
2,42.826,110.294,0.947,108.392,107.654,112.506,1.05,114.747,102.967,0.967,109.447,116.126,103.461,1.11,117.126
3,43.07,9.803,1.075,107.29,100.45,101.285,0.987,106.327,10.449,0.997,99.557,98.446,105.888,1.005,107.491
2,43.182,109.47,1.077,114.628,112.892,96.881,1.094,113.723,105.189,1.083,107.623,106.973,97.309,1.131,111.23
1,43.47,10.58,114.82,108.028,102.144,106.394,11.278,1.075,10.949,112.929,97.36,104.751,106.946,11.652,1.042
1,43.489,10.378,112.141,105.541,114.326,92.372,10.514,0.976,11.316,105.318,100.165,112.413,97.079,10.175,0.99
1,43.648,9.928,105.763,97.518,113.559,93.742,10.994,1.06,9.906,105.739,106.776,102.27,96.515,11.15,0.992
4,43.656,110.625,0.988,1.089,0.957,109.269,107.857,10.023,100.864,0.988,1.007,0.964,97.163,101.867,9.871
2,43.685,105.406,0.967,107.329,103.419,111.928,0.981,99.973,97.428,0.968,104.884,109.528,107.403,1.12,105.453
1,43.689,10.911,105.799,104.984,107.515,106.421,11.214,1.089,10.181,113.649,110.494,107.175,100.973,9.859,1.019
1,43.694,11.678,107.989,113.015,110.458,103.87,10.11,1.028,10.721,118.456,99.63,116.849,104.523,10.572,0.937
4,44.029,103.909,1.03,0.993,1.103,100.005,101.991,9.931,97.426,1.069,1.111,1.063,96.195,105.913,10.212
1,44.102,10.303,113.077,101.45,104.357,93.794,10.796,1.053,10.148,100.042,105.586,102.913,100.533,10.448,0.95
1,44.237,11.671,101.495,108.331,107.685,93.447,10.266,1.04,10.883,101.429,111.888,115.211,106.772,10.522,1.028
1,44.47,11.059,109.664,98.599,103.84,101.292,11.463,1.016,11.614,108.498,102.974,114.588,98.754,11.058,1.042
4,44.567,106.188,0.999,0.973,1.073,96.979,109.222,10.309,106.778,1.059,0.978,1.075,100.889,101.742,10.958
4,44.679,102.954,0.982,1.003,1.011,97.594,98.126,10.155,104.706,1.138,1.109,1.119,103.61,106.647,10.053
3,44.868,10.976,1.042,98.436,93.716,93.973,1.124,97.669,9.723,1.108,99.896,105.027,98.208,0.969,93.741
2,45.082,105.995,1.034,111.044,106.453,105.938,1.087,116.18,105.282,1.028,103.08,116.418,100.239,0.984,104.08
3,45.132,11.25,0.961,103.23,100.19,110.498,0.968,103.996,10.242,0.99,105.458,106.73,102.348,1.034,99.93
1,45.297,10.41,105.081,102.518,106.992,109.438,11.135,0.975,11.402,102.326,104.874,107.102,102.635,10.388,0.949
4,45.725,100.288,1.126,1.006,0.966,104.285,94.57,10.307,97.898,1.113,1.003,1.059,103.652,94.804,10.729
4,45.817,113.867,1.085,1.076,1.049,101.742,100.54,10.235,102.652,1.124,1.082,1.005,94.631,107.86,10.482
4,46.035,103.782,1.017,1.139,1.024,100.246,111.407,10.03,111.355,1.14,1.107,0.979,108.104,109.413,10.885
1,46.147,10.485,117.38,112.354,109.423,95.942,11.035,1.037,10.034,101.412,110.939,103.327,108.883,10.851,1.082
3,46.217,9.725,0.967,93.701,102.364,98.639,1.08,98.654,10.993,0.979,96.201,97.97,94.309,1.019,101.621
4,46.379,113.798,0.974,1.119,1.062,95.886,99.316,9.715,106.166,1.132,1.139,1.001,106.124,101.926,10.08
4,46.521,101.087,1.1,1.134,0.993,105.363,94.476,9.727,113.198,1.036,1.104,0.955,102.283,96.17,11.321
4,46.539,115.023,1.125,1.098,1.047,107.931,103.644,10.768,102.471,1.05,1.092,1.065,95.81,103.081,10.843
3,46.877,10.553,1.034,109.159,102.595,102.529,1.099,104.742,10.431,0.994,101.504,96.168,100.919,1.124,93.749
4,46.943,106.591,1.077,1.134,0.957,108.545,101.323,11.03,110.579,1.126,0.98,1.0,99.792,101.082,10.603
2,47.06,96.602,1.046,115.254,107.349,103.47,1.144,100.509,97.728,0.969,103.634,105.606,105.757,0.998,113.931
3,47.336,9.482,1.121,106.838,96.332,106.816,0.982,98.129,11.046,1.126,99.707,109.308,97.583,1.035,97.377
3,47.438,11.272,1.034,95.392,103.051,95.969,1.048,98.425,10.759,1.066,103.948,104.169,96.074,0.981,99.601
2,48.132,107.064,1.071,101.094,102.787,102.165,1.124,106.368,103.581,1.091,105.178,113.442,110.866,1.081,109.237
1,48.82,10.927,114.984,102.755,109.448,93.705,10.916,0.988,10.174,107.81,100.778,112.895,99.612,9.925,0.948
1,49.113,10.467,106.613,100.297,115.682,107.778,10.753,0.942,10.947,105.416,101.977,116.911,98.365,10.128,1.03
2,49.202,104.864,1.105,115.09,112.134,105.678,1.107,111.794,104.61,1.068,118.39,113.706,102.149,1.049,114.964
4,49.228,97.535,1.126,0.975,1.121,101.755,98.414,10.044,105.82,1.0,1.079,1.051,101.873,110.759,11.331
2,49.48,104.61,0.971,107.061,103.459,113.2,1.074,111.131,103.983,1.017,101.351,101.499,113.985,1.01,111.023
2,49.599,108.843,0.978,105.969,112.388,105.419,0.976,103.7,105.633,1.038,108.318,109.554,105.051,1.147,113.576
2,49.836,109.131,1.044,116.385,117.148,103.08,1.041,111.277,100.171,1.038,100.456,111.461,111.706,1.032,117.053
2,50.058,95.883,0.952,103.409,110.529,109.15,1.075,116.118,99.334,1.048,108.736,110.087,103.326,1.146,102.984
3,50.089,10.234,1.092,101.984,109.934,95.933,0.984,96.642,9.803,1.073,93.712,97.291,99.083,1.018,99.673
2,50.116,96.265,1.003,105.969,107.718,108.291,1.059,108.621,103.879,1.049,107.801,105.874,111.878,1.079,117.292
4,50.586,101.713,1.089,0.994,1.118,107.824,108.851,9.986,110.74,0.998,1.086,1.112,93.728,102.213,10.572
1,50.743,11.027,106.695,110.253,115.659,95.645,10.887,1.031,11.382,107.178,95.889,105.233,104.969,11.605,0.959
2,51.103,100.361,1.027,114.44,103.268,98.679,1.033,107.388,96.379,1.094,102.573,99.889,99.553,0.976,109.821
3,51.171,11.155,1.002,97.225,95.6,109.903,1.126,105.896,10.349,1.056,102.62,105.842,100.229,0.986,99.93
1,51.276,10.267,108.539,108.652,108.781,101.491,11.383,0.959,11.254,104.597,108.349,112.594,96.851,11.591,0.975
4,51.629,102.843,1.139,1.123,1.007,109.246,104.771,10.969,104.706,0.989,1.015,1.015,105.212,99.986,9.846
2,51.689,108.182,0.948,109.798,103.712,114.448,1.133,116.71,110.503,0.974,106.631,99.148,97.906,1.035,112.728
1,51.851,10.12,104.874,101.849,108.867,93.008,11.495,0.99,10.999,114.401,101.803,117.573,104.262,9.955,0.962
1,51.879,10.19,104.874,105.119,100.767,101.069,10.116,1.1,10.138,114.82,106.853,104.521,108.604,10.165,0.964
2,52.159,106.222,0.953,118.701,104.869,102.41,1.125,103.203,99.579,0.935,107.592,104.113,99.287,1.019,105.13
4,52.23,99.906,0.989,1.033,1.091,93.748,96.731,9.926,103.896,1.023,1.096,1.076,108.538,110.081,11.23
3,52.578,10.101,1.09,105.892,93.404,109.778,1.018,109.13,9.592,1.056,101.635,106.302,100.442,1.023,102.674
3,52.588,10.327,1.112,99.933,98.419,103.48,1.021,102.362,9.676,1.094,94.655,107.587,101.176,1.056,102.825
1,53.069,11.306,109.767,98.951,106.483,101.268,10.219,0.952,11.686,115.661,101.387,116.955,96.809,10.284,1.075
1,53.293,10.731,111.663,104.586,100.181,100.022,9.977,0.969,10.291,109.628,103.373,117.134,106.693,10.586,1.036
4,53.655,102.01,1.035,1.094,0.962,97.676,97.24,10.001,110.523,0.971,1.077,1.086,104.038,101.972,10.642
2,53.909,105.853,1.053,112.354,102.926,111.12,1.007,113.924,111.011,0.942,102.35,104.364,97.598,1.144,108.968
4,54.02,109.192,1.12,1.128,1.053,104.782,111.407,11.287,103.037,1.104,0.981,1.087,93.534,107.598,10.022
3,54.064,9.518,1.021,98.863,92.898,101.72,0.961,101.918,11.192,1.121,109.297,109.375,96.835,0.971,92.391
4,54.153,111.441,1.126,1.062,1.075,106.352,97.851,10.189,113.056,0.996,0.979,1.069,100.891,98.314,10.482
3,54.216,10.993,1.1,104.283,101.487,103.721,0.971,105.203,10.546,0.986,107.966,93.525,108.081,1.069,92.65
2,54.607,103.693,1.018,113.951,112.851,105.419,1.049,107.211,100.363,1.063,109.024,117.071,110.28,0.976,110.5
1,54.809,11.595,106.559,112.86,107.927,101.132,10.368,1.069,11.145,114.335,97.482,105.641,105.051,10.248,1.033
4,55.023,107.582,1.042,0.992,1.019,102.913,108.94,10.474,104.378,1.142,1.109,1.121,99.74,96.755,10.352
2,55.137,96.965,1.089,110.806,100.406,114.964,1.078,112.688,108.73,0.979,103.479,105.456,107.738,1.049,113.315
2,55.15,111.486,0.982,116.918,98.906,98.048,0.982,109.008,105.916,1.073,113.979,113.142,97.327,0.994,110.148
3,55.187,10.27,0.998,95.414,108.296,97.675,1.017,108.418,9.825,1.118,98.466,108.032,95.297,1.104,95.475
4,55.267,101.604,1.122,1.103,1.048,95.211,101.089,10.08,105.82,1.076,1.044,1.127,109.045,95.055,10.405
4,55.278,99.359,1.069,1.108,1.087,104.796,97.649,11.198,100.906,0.97,0.997,1.069,109.355,107.052,11.103
1,55.37,10.14,104.796,105.678,117.738,108.058,10.877,0.949,11.568,112.555,100.751,115.102,99.831,10.203,1.054
3,55.432,10.039,1.029,96.604,109.548,94.713,0.98,98.505,9.527,0.974,99.676,109.866,106.001,0.969,92.393
1,55.536,10.687,103.406,101.145,112.868,96.689,11.501,0.976,10.977,100.198,108.765,105.737,97.158,10.17,1.098
4,55.62,102.122,1.146,0.975,1.019,100.169,102.975,9.934,114.485,1.017,1.111,1.068,95.672,94.988,10.293
4,55.629,105.846,1.007,0.97,0.968,107.968,96.198,9.779,113.313,1.057,1.067,0.959,94.286,107.764,10.321
1,55.743,11.575,118.444,96.245,103.399,95.589,11.396,1.061,10.325,103.091,101.702,100.275,103.535,10.368,1.0
3,55.743,11.016,1.081,93.033,98.252,99.746,1.029,103.996,11.237,0.961,106.592,109.76,99.704,0.956,96.793
1,55.936,10.658,112.62,99.315,114.387,108.361,10.872,1.053,11.156,103.269,113.071,103.125,98.046,10.152,0.988
1,56.158,10.154,115.551,108.458,104.676,99.901,11.667,1.031,10.604,118.617,110.126,111.919,92.48,11.119,1.006
3,56.394,10.955,0.999,95.414,102.393,110.107,1.055,96.179,10.529,1.003,108.734,99.981,109.727,1.126,101.685
3,56.598,10.574,1.058,105.571,105.571,98.032,0.986,106.246,9.947,1.129,103.912,108.583,102.017,0.979,96.007
4,56.672,111.381,1.071,1.132,1.13,97.804,100.804,11.287,114.188,1.064,0.997,1.029,99.881,109.395,11.249
4,56.718,111.342,1.092,1.027,1.075,110.642,108.796,10.739,104.338,0.974,1.013,1.095,100.005,100.003,10.784
2,57.461,97.697,1.096,117.543,104.902,103.532,1.008,101.721,106.581,1.024,103.634,106.324,97.348,1.071,112.336
2,57.701,105.068,0.981,101.377,111.555,100.607,1.04,101.516,111.842,1.015,111.917,100.424,106.563,1.035,110.829
4,57.878,112.015,1.005,1.114,0.988,108.011,99.32,11.065,103.946,1.049,1.04,1.1,108.372,98.693,9.774
3,58.08,10.327,0.974,108.374,98.232,103.786,0.974,106.051,10.667,1.0,107.526,108.676,98.342,0.984,94.097
2,58.182,99.511,1.015,109.945,114.889,111.093,1.108,114.12,98.124,0.931,113.209,115.482,114.41,1.101,109.342
4,58.41,109.907,1.055,1.136,1.03,110.645,105.589,10.77,104.667,1.023,1.01,1.01,106.252,106.619,10.155
4,58.434,114.339,1.027,1.026,1.133,109.203,104.461,10.191,110.212,1.119,1.124,0.956,102.135,94.858,9.867
4,58.589,113.697,1.008,1.1,0.963,105.059,94.449,11.173,109.493,1.059,0.995,1.085,97.756,111.403,10.664
2,58.775,111.027,1.017,107.862,112.765,107.392,1.089,98.884,110.472,1.003,115.814,109.067,114.95,0.989,108.987
1,58.844,9.873,100.008,102.573,105.661,96.137,10.155,1.031,10.806,116.032,98.257,107.862,94.663,10.097,0.991
2,58.86,100.672,1.1,100.979,101.012,106.99,1.021,111.753,112.752,1.04,106.594,106.492,101.029,1.091,101.398
2,58.878,95.422,0.983,103.409,105.018,98.071,1.12,108.236,110.245,1.049,103.161,114.713,111.007,1.118,102.575
2,59.094,111.138,0.949,107.885,114.601,114.281,1.109,117.304,111.172,1.009,107.296,106.598,108.741,1.133,99.25
3,59.114,10.1,1.013,102.937,99.492,96.57,1.071,101.445,10.425,1.1,104.291,100.77,97.784,1.001,98.999
1,59.254,10.514,99.848,104.488,100.715,96.949,10.978,0.978,10.633,115.387,109.413,104.92,99.041,11.381,0.98
1,59.504,10.796,102.88,109.247,109.232,92.524,10.822,0.952,10.554,114.263,111.604,100.546,104.83,11.171,1.024
3,59.655,9.936,0.983,107.865,106.286,96.516,1.065,98.821,10.712,1.092,104.954,92.898,96.697,1.117,100.144
4,59.9,112.422,0.987,1.025,1.061,96.059,110.18,9.8,108.114,1.109,1.051,1.132,94.234,100.928,9.637
1,60.016,9.877,99.853,112.536,114.387,98.009,11.054,1.021,10.568,103.721,111.907,115.822,94.498,10.251,1.051
2,60.192,95.613,1.062,109.447,115.353,111.06,1.017,106.876,104.928,1.006,114.608,103.147,106.067,0.977,111.074
4,60.215,113.821,1.018,1.103,1.128,99.203,108.786,9.652,101.249,1.131,1.092,1.127,109.355,105.941,11.198
1,60.482,10.263,114.383,96.006,108.92,98.801,11.085,1.08,10.36,107.125,109.281,104.338,97.927,11.692,0.962
3,60.624,10.944,1.007,109.456,109.113,96.01,0.989,103.548,10.382,1.072,98.464,98.686,107.523,1.032,94.763
4,60.709,101.631,1.131,1.092,1.065,99.233,107.86,10.476,108.449,1.03,1.025,1.111,101.668,109.287,10.12
2,60.897,110.076,0.967,113.511,104.168,104.911,1.053,111.662,103.455,1.081,113.282,98.721,103.404,1.009,111.771
2,60.96,98.153,1.071,115.226,116.89,111.127,0.975,111.399,99.085,1.035,118.785,110.104,110.671,0.982,113.939
2,61.19,95.533,0.962,112.442,115.32,108.251,1.049,100.941,105.027,0.967,114.205,117.402,98.838,1.04,103.193
4,61.321,102.407,0.979,1.129,1.066,101.571,102.105,10.996,114.623,1.084,1.113,0.999,100.439,110.216,10.957
3,61.455,10.141,1.062,97.11,105.105,102.346,0.96,100.372,10.543,1.107,109.563,105.274,107.789,1.082,95.903
2,61.549,97.85,1.018,102.829,103.147,101.076,1.12,117.131,107.54,1.042,105.449,111.738,112.441,0.974,104.714
1,61.708,10.526,110.763,103.177,108.956,97.557,10.323,1.009,11.613,110.037,98.407,100.07,105.355,11.162,0.939
4,61.956,108.648,1.082,0.993,1.112,100.269,108.851,9.88,99.252,1.091,1.018,1.06,102.424,110.74,11.174
2,62.759,111.368,1.068,111.826,99.684,104.449,1.026,110.242,112.775,1.106,101.254,100.809,99.867,1.037,110.415
3,62.964,10.919,1.075,97.57,104.962,96.922,1.043,98.329,10.609,0.998,92.929,104.791,95.076,0.973,97.464
2,63.015,96.036,1.044,112.055,109.659,106.995,0.983,115.204,95.422,0.974,105.813,116.785,99.676,0.984,107.388
1,63.147,10.843,102.531,101.372,105.115,109.328,10.933,1.097,10.052,106.743,108.922,103.998,93.48,11.47,1.007
3,63.573,9.551,0.964,103.892,96.482,109.967,0.961,95.07,10.033,0.984,101.39,106.2,97.673,0.962,93.235
4,63.629,106.183,1.072,1.012,1.058,107.38,108.327,10.365,103.69,1.029,1.063,1.109,99.298,96.393,11.149
2,63.998,99.915,1.021,110.475,106.672,100.831,1.093,111.798,101.373,1.005,103.348,113.758,108.798,1.016,108.501
2,64.358,99.627,1.018,101.361,105.795,100.596,1.032,107.073,100.647,0.951,104.785,104.529,110.626,1.038,99.142
3,64.558,11.047,1.009,108.655,100.365,105.468,1.034,100.817,10.689,1.121,105.915,109.237,99.288,1.088,100.474
1,64.693,11.247,112.777,110.379,116.911,95.116,11.578,1.014,10.058,107.806,102.536,118.228,99.849,11.122,0.997
4,64.873,114.185,1.144,1.06,1.115,106.912,104.705,10.927,101.426,0.974,1.054,1.043,104.089,104.416,10.843
4,65.4,103.951,1.011,1.058,0.991,104.224,99.3,11.232,111.157,1.076,0.966,0.96,97.832,104.464,11.102
2,65.653,108.628,1.088,111.639,101.108,104.395,1.091,117.046,105.798,1.071,114.157,111.042,105.891,1.116,117.168
2,65.732,108.402,1.093,117.261,101.384,108.634,1.032,107.526,104.318,1.001,117.958,109.934,100.094,1.118,110.899
4,66.243,105.729,1.104,1.031,1.1,107.007,102.404,10.126,98.19,1.038,0.97,1.037,107.08,100.503,10.221
4,66.84,112.359,0.983,1.133,1.021,100.376,106.046,9.855,100.361,1.059,1.027,0.961,95.891,110.44,9.877
4,67.674,99.079,1.022,1.058,1.047,103.652,108.687,10.053,114.517,1.036,1.021,1.052,110.442,103.775,10.79
4,67.764,97.835,1.142,1.022,1.053,94.897,108.731,11.3,108.741,1.14,0.979,0.972,102.778,95.127,11.13
1,67.858,11.382,115.505,113.389,113.549,92.511,9.912,1.074,10.945,108.86,101.599,111.708,93.628,10.88,1.054
4,67.866,110.869,0.992,1.096,1.058,103.893,111.465,10.51,99.17,1.047,1.058,1.035,107.931,96.205,10.099
4,67.921,108.301,1.035,1.02,1.006,106.239,98.079,10.68,98.366,0.99,1.044,1.069,99.116,100.019,9.591
4,67.989,103.737,0.969,1.0,0.978,107.278,106.023,10.828,113.821,1.095,0.986,1.13,105.162,99.117,10.697
2,67.994,102.267,0.968,100.635,106.527,105.465,1.027,99.33,109.72,1.001,109.62,113.706,98.397,1.129,117.034
2,68.02,112.012,1.009,109.219,100.608,110.781,1.139,106.594,107.792,0.983,116.335,107.791,108.389,1.01,104.044
1,68.16,11.146,104.071,103.694,113.375,97.708,11.3,1.007,11.592,107.106,103.773,99.488,102.285,11.05,1.023
2,68.333,96.602,1.098,107.355,107.529,110.304,1.043,112.539,110.286,1.049,112.231,112.46,111.751,1.103,115.77
3,68.495,9.673,1.117,105.334,97.188,103.7,1.037,107.29,10.218,1.093,98.56,110.143,98.532,0.952,107.442
4,69.262,99.08,0.991,1.125,1.127,104.706,101.716,9.67,98.732,1.095,1.06,1.047,108.538,99.997,10.47
4,69.44,110.781,0.981,0.973,1.012,93.534,94.535,10.899,102.606,1.025,1.102,1.014,97.763,103.433,10.419
2,69.491,112.103,1.058,110.825,105.058,114.038,1.043,112.702,100.86,1.062,108.041,106.622,100.319,1.09,114.397
3,69.55,10.204,1.132,95.733,93.609,102.617,1.023,99.424,9.776,1.042,99.857,107.095,111.137,1.025,102.357
1,69.722,11.251,117.309,105.718,108.766,97.593,10.639,1.016,10.583,105.088,104.487,109.406,96.423,10.381,0.936
4,70.024,105.765,1.05,0.969,1.066,99.178,104.409,9.673,104.852,1.054,0.995,0.965,105.363,98.475,11.209
4,70.08,102.016,1.003,1.054,1.112,102.668,107.953,10.515,106.992,0.979,0.979,1.091,103.375,94.143,10.787
3,70.276,9.856,0.967,94.712,101.903,98.258,1.01,95.524,10.103,1.006,97.33,96.662,102.617,1.058,100.603
1,70.345,10.463,102.262,104.501,106.846,99.125,10.942,0.984,9.941,110.139,107.519,113.81,108.733,10.509,1.039
2,70.605,108.843,0.968,116.75,111.213,104.92,1.017,115.666,107.034,0.946,115.087,101.759,111.579,1.08,114.156
3,70.741,10.533,0.96,99.064,100.18,99.52,1.085,106.792,9.71,1.107,96.609,101.802,106.222,1.056,96.439
1,70.99,10.565,105.911,96.608,104.214,92.699,10.811,1.022,11.097,115.656,105.464,105.661,102.46,10.835,1.06
4,71.078,112.372,0.966,1.085,1.082,102.906,104.34,10.642,113.407,0.978,1.095,0.979,99.07,109.058,11.216
4,71.195,103.352,1.027,1.125,1.077,109.278,101.538,10.736,112.984,0.983,1.058,0.971,107.835,106.046,10.64
2,71.524,110.934,0.975,110.207,110.62,100.689,1.026,102.065,104.895,0.967,112.231,108.335,105.116,1.083,115.445
2,71.738,100.783,1.088,113.538,99.757,107.809,0.974,117.054,103.845,0.992,107.703,116.682,108.842,1.11,112.427
4,71.768,103.214,1.047,1.087,1.122,93.208,108.329,10.8,113.461,1.06,1.076,1.02,102.436,95.072,9.791
3,71.84,9.725,0.967,110.373,97.337,98.322,1.078,102.375,9.628,1.099,101.39,99.904,99.759,0.977,97.535
1,71.874,10.895,105.36,96.245,116.8,92.564,10.695,1.05,11.352,110.186,98.633,116.295,97.75,11.471,0.966
2,72.063,109.405,1.004,104.241,116.09,104.317,1.033,112.426,104.018,1.084,106.763,112.46,106.967,1.121,110.701
4,72.716,113.704,0.966,1.068,1.079,98.886,110.095,10.405,99.97,1.074,1.053,1.081,100.489,101.54,10.288
4,73.095,103.021,1.008,1.08,1.07,93.576,96.38,10.565,102.789,1.039,1.141,1.098,101.821,103.951,10.402
1,73.227,11.347,110.41,111.738,115.074,105.405,10.953,0.975,11.562,108.384,112.229,104.959,108.377,11.544,1.029
2,73.241,102.939,1.06,116.652,101.033,96.955,1.116,115.733,100.477,1.051,109.613,100.424,97.518,1.036,105.591
3,73.288,11.022,0.97,110.322,97.282,102.482,1.03,94.494,10.289,1.047,98.762,93.227,108.015,1.011,99.224
3,73.364,10.243,0.992,103.173,101.893,95.969,0.979,106.327,10.62,1.002,104.47,108.726,102.691,0.959,108.052
3,73.405,9.554,1.118,99.857,101.374,106.246,1.034,98.226,10.968,1.043,100.18,96.819,102.81,1.117,93.301
1,73.409,10.841,110.538,105.586,102.648,99.412,11.481,0.928,10.385,108.871,105.982,115.822,101.215,11.593,1.054
4,73.633,112.549,1.139,1.016,1.059,100.7,102.264,10.068,102.81,0.98,1.139,1.019,97.163,98.839,10.45
2,73.837,95.564,0.94,107.055,103.4,97.798,1.034,101.003,104.018,1.057,103.742,112.083,104.354,0.992,101.659
4,73.878,112.523,1.12,1.008,1.08,98.153,101.196,11.036,112.459,1.025,1.027,1.026,94.333,108.317,10.958
1,74.207,9.917,113.213,109.962,100.306,92.48,10.493,0.979,11.712,111.459,98.151,118.026,106.09,10.723,1.04
1,74.247,10.471,108.405,102.105,104.075,107.699,10.293,0.996,10.147,113.932,112.38,109.641,98.249,10.203,1.063
3,74.319,10.866,1.048,99.898,105.105,94.347,1.11,92.709,10.106,0.981,107.744,105.619,96.948,0.964,108.086
3,74.85,11.019,1.121,106.481,105.156,105.314,0.981,107.458,10.324,1.07,101.63,96.078,110.712,1.075,95.673
2,75.134,110.114,1.044,117.543,115.893,100.606,1.023,107.078,105.952,1.097,108.671,99.923,112.801,1.011,99.639
2,75.404,98.609,1.074,103.311,99.617,103.697,1.014,103.93,99.649,0.932,113.533,105.554,100.432,1.022,112.417
4,75.586,104.525,0.984,0.985,0.957,110.099,95.759,10.729,109.948,1.025,0.972,1.03,104.038,98.103,10.39
3,75.699,10.569,1.028,103.81,101.091,95.841,1.056,98.039,9.865,1.085,99.109,96.332,101.751,1.117,107.944
1,75.803,10.721,112.379,98.765,102.268,106.79,10.586,0.98,10.864,113.649,107.072,112.434,102.092,10.039,1.055
4,76.052,113.798,1.059,1.058,0.987,104.319,110.515,9.785,105.339,1.042,0.99,1.035,96.795,94.604,11.194
4,76.176,103.435,1.105,1.019,1.128,98.799,102.29,10.137,97.75,1.119,1.02,1.019,101.729,102.388,9.711
1,76.475,11.159,101.248,101.998,111.889,94.685,11.596,0.937,10.77,101.549,100.743,105.954,97.896,10.919,0.949
3,76.632,11.143,1.129,109.361,94.659,102.382,0.961,97.912,11.063,0.974,99.374,104.918,105.851,1.038,95.978
3,76.651,11.022,1.126,110.4,109.79,98.754,1.115,102.345,10.504,1.101,104.722,103.63,110.916,0.987,97.925
4,77.322,98.732,0.973,1.125,1.091,103.585,99.295,10.378,100.087,1.022,1.003,0.999,105.214,111.465,11.06
2,77.424,98.1,0.971,118.28,115.692,106.176,1.13,114.031,99.511,1.049,114.473,99.46,105.482,1.036,99.931
3,77.47,9.815,0.988,103.142,98.597,94.337,1.027,100.885,9.89,0.972,102.75,108.511,96.697,0.959,93.5
1,77.663,10.75,117.09,107.629,109.374,95.787,11.184,0.936,10.05,107.404,104.3,105.293,105.743,10.915,0.937
4,77.698,103.737,1.056,1.003,1.089,100.102,102.019,11.274,113.812,0.981,1.05,0.964,104.038,98.118,9.727
2,77.997,111.172,1.051,108.092,114.23,105.096,1.041,117.053,103.449,0.954,106.571,101.012,108.498,1.01,102.085
3,78.034,9.896,1.125,108.684,98.338,98.454,0.976,104.881,10.448,1.088,103.474,99.87,101.858,1.069,98.562
4,78.119,97.503,1.069,1.048,1.009,104.381,110.095,11.168,114.145,0.999,1.04,1.133,98.178,103.035,10.415
3,78.161,11.08,1.081,99.707,93.069,101.697,0.978,97.294,9.628,1.117,102.098,101.614,96.607,1.014,95.349
4,78.232,112.197,0.971,1.11,1.033,102.541,97.246,10.482,102.245,0.994,1.116,1.006,96.192,108.486,10.314
1,78.531,10.879,110.932,101.905,110.548,99.062,11.285,1.066,10.96,112.609,105.193,104.352,105.949,11.463,1.06
3,78.899,9.978,1.126,94.869,95.6,98.099,0.998,97.17,10.682,0.996,105.343,98.494,98.675,1.09,101.672
2,78.909,110.503,1.08,109.091,102.168,110.304,1.075,107.536,110.503,0.974,110.622,112.537,102.361,1.134,116.847
2,78.999,109.445,1.099,112.606,115.482,113.415,1.015,102.575,112.691,1.08,103.974,116.89,113.631,1.13,109.598
4,79.368,103.389,1.067,1.053,1.058,108.053,103.121,11.233,113.411,1.035,1.071,0.993,108.285,103.655,10.379
2,79.631,101.148,1.075,113.676,103.681,99.867,1.14,114.228,101.311,1.071,111.866,110.585,101.692,1.08,110.984
1,79.708,10.929,111.102,104.243,104.0,100.263,11.003,0.987,10.077,101.538,110.149,105.323,98.365,11.379,0.972
4,79.717,114.545,1.114,1.107,1.048,100.269,102.269,11.14,100.045,1.131,1.138,1.05,108.538,100.745,9.59
2,79.792,111.439,1.063,111.208,100.862,108.874,1.125,116.181,99.386,0.976,101.46,116.408,110.781,1.132,102.575
2,80.275,96.021,0.983,109.137,108.709,97.598,1.032,105.462,97.073,1.006,105.354,98.871,110.136,1.133,109.598
3,80.568,9.485,0.997,107.392,106.468,95.651,1.039,100.514,9.722,0.972,110.454,105.087,94.847,0.99,109.072
2,80.582,96.186,0.999,110.682,115.492,97.309,1.013,99.3,111.609,0.995,103.786,100.072,100.239,1.057,100.94
4,80.719,106.285,1.014,0.976,1.123,109.976,93.883,9.554,103.782,1.115,1.086,1.05,98.748,107.538,11.13
4,80.805,102.693,1.053,1.098,0.996,93.512,110.255,10.01,99.97,0.982,1.038,1.131,97.527,110.44,11.21
2,80.856,112.718,0.986,108.786,100.243,102.44,1.032,113.892,96.982,1.041,110.281,102.761,105.805,1.08,113.603
1,81.018,9.999,118.096,105.541,118.117,100.029,11.227,0.994,10.188,117.489,108.035,100.843,103.067,10.153,1.034
3,81.028,9.51,1.135,95.802,97.335,108.462,0.982,102.018,9.968,1.007,106.618,110.399,106.816,0.967,105.844
4,81.224,113.035,1.049,1.017,1.011,105.649,103.337,11.236,114.498,1.103,1.118,1.061,95.333,111.188,9.636
4,81.257,100.878,0.991,1.071,1.052,94.384,95.729,9.785,108.925,1.101,0.984,1.038,93.61,103.52,10.072
2,82.252,112.489,0.974,118.865,112.794,98.21,1.128,107.064,104.599,1.04,113.283,112.487,97.348,0.976,106.912
4,82.287,103.904,1.028,1.085,1.037,106.492,96.17,9.642,99.578,1.009,1.028,0.99,109.847,98.023,11.216
3,82.388,11.251,1.027,93.026,103.129,109.323,1.013,98.039,9.527,0.977,110.456,100.945,105.691,1.107,101.691
1,82.574,10.072,117.309,103.63,112.689,106.703,11.266,0.992,9.978,105.745,97.218,101.191,97.696,11.608,1.053
3,82.608,10.934,1.104,107.29,104.561,105.352,1.126,97.43,11.204,1.088,106.572,107.549,96.179,1.071,101.367
3,82.621,10.343,0.99,108.403,108.286,109.545,1.056,101.834,9.48,1.04,105.863,101.531,108.316,1.061,101.773
1,82.739,10.537,117.391,98.872,108.911,95.816,11.14,1.1,11.515,116.02,108.035,109.349,93.218,11.114,1.1
3,82.779,10.577,1.098,102.106,101.843,96.761,0.994,94.139,10.51,1.028,99.716,94.836,105.321,1.056,108.45
3,82.901,10.93,0.993,103.858,105.735,95.77,1.008,97.106,10.715,0.967,99.646,105.019,97.85,0.978,97.031
4,82.916,101.693,1.111,0.964,1.036,104.618,111.145,10.06,114.693,1.132,1.084,1.061,110.539,101.991,10.069
3,82.963,11.16,1.055,99.676,107.597,106.861,1.012,105.668,10.898,1.124,107.388,105.973,94.246,0.956,95.023
3,82.998,11.144,1.089,106.879,108.676,106.725,0.998,109.188,9.711,0.964,95.414,105.842,104.726,0.967,96.179
1,83.131,11.156,110.119,101.702,112.594,104.176,11.533,1.097,11.461,117.695,112.49,109.597,96.541,10.293,1.058
3,83.266,10.543,0.995,99.137,108.192,107.088,1.13,108.489,10.109,0.986,99.865,101.903,94.059,1.063,97.082
3,83.357,10.218,1.02,99.716,100.952,100.192,1.049,93.175,10.146,1.078,105.64,103.52,95.223,1.032,93.798
1,83.412,10.525,109.459,97.298,106.719,97.304,10.198,1.034,10.563,117.024,101.454,100.448,94.001,10.092,1.061
1,83.917,10.641,118.419,103.54,103.813,94.035,10.856,0.93,10.641,118.415,108.139,107.631,100.017,11.692,1.066
1,84.291,11.057,110.793,110.127,100.03,109.532,11.649,0.984,11.409,107.292,106.03,115.671,99.138,10.165,1.02
2,84.514,110.518,1.086,112.099,108.164,107.965,1.145,100.947,102.211,1.013,108.62,109.279,109.558,1.15,108.122
1,84.79,10.168,103.208,100.528,103.998,105.108,11.65,0.99,11.665,114.426,107.629,103.925,97.709,11.406,0.955
2,84.948,110.05,1.091,105.522,112.117,108.798,1.066,110.257,108.879,0.943,101.629,106.092,112.332,1.01,107.006
1,85.024,11.35,108.976,111.267,108.86,97.539,10.155,1.016,11.054,100.14,105.619,101.127,96.44,10.81,0.927
4,85.054,102.691,1.06,1.022,1.073,101.412,108.865,10.79,101.369,1.134,0.975,1.053,109.545,94.336,11.019
1,85.343,10.583,114.822,102.286,115.867,99.064,10.149,0.959,10.138,104.071,110.37,107.736,92.765,10.317,1.029
3,85.619,10.085,1.075,93.624,96.646,98.488,1.129,95.995,10.024,0.973,99.933,93.716,106.542,1.04,98.052
1,85.666,11.173,100.761,103.686,99.855,107.924,11.166,0.933,11.083,100.362,112.86,112.434,103.224,10.795,1.095
3,85.874,10.119,1.007,106.768,92.949,102.978,0.973,102.755,10.048,1.046,106.465,96.819,100.621,1.045,97.294
3,86.369,10.362,0.998,103.173,106.143,99.517,1.101,103.699,10.413,1.114,105.463,94.24,99.808,0.977,104.964
4,86.383,111.743,1.126,1.138,1.133,110.205,103.775,10.879,103.689,1.041,1.108,1.05,97.756,103.819,9.674
3,86.452,10.057,1.04,96.319,93.675,99.337,1.076,95.149,10.279,1.087,105.218,104.587,110.271,1.034,108.084
1,86.457,10.365,111.525,100.639,105.389,105.108,11.279,1.053,10.531,110.425,99.102,113.284,107.577,11.334,1.046
2,86.842,112.775,0.963,117.428,102.056,97.502,1.036,111.662,109.72,1.055,112.932,107.439,105.151,1.086,99.525
4,87.062,113.079,1.103,1.127,1.0,93.257,104.579,10.747,100.529,1.118,1.041,1.077,98.887,98.33,9.657
1,87.193,11.515,103.288,100.07,113.81,102.833,10.911,0.946,10.155,118.022,98.569,111.029,96.956,10.039,0.957
3,87.224,10.106,1.049,95.621,105.019,100.727,1.021,96.262,9.572,1.074,105.343,108.686,97.675,1.115,99.32
1,87.452,10.579,101.235,98.883,109.882,93.647,10.814,0.973,11.208,114.392,110.126,118.063,94.169,10.266,0.995
2,87.601,102.043,0.972,116.697,115.81,108.773,1.117,114.363,112.848,0.939,102.335,107.791,99.228,1.074,110.872
4,87.864,110.583,0.991,1.066,0.973,99.354,106.446,11.198,106.29,1.084,0.977,0.999,94.661,107.837,9.776
3,88.008,10.968,0.978,99.933,97.277,106.778,1.094,105.474,10.514,1.125,104.902,109.953,108.563,1.066,109.362
2,88.051,104.685,0.938,108.182,105.26,104.605,0.972,112.427,98.631,1.081,111.297,100.109,103.336,1.081,107.938
4,88.105,103.904,1.067,1.045,1.058,100.693,108.359,11.257,110.938,0.971,1.018,1.078,96.217,104.967,10.419
1,88.319,11.291,108.498,99.587,101.147,109.553,10.357,0.979,9.974,117.882,102.045,105.502,107.602,11.282,0.995
3,88.636,11.111,1.033,93.026,107.429,103.874,0.995,100.106,9.705,1.102,97.4,93.448,94.316,0.969,108.638
1,88.811,11.582,109.808,102.045,104.802,105.571,11.037,0.952,10.649,112.673,111.419,105.936,105.399,10.439,0.937
3,88.864,9.628,1.021,110.411,95.582,98.536,1.073,99.237,10.401,1.14,109.938,109.237,108.147,1.067,107.067
4,88.885,114.833,1.022,1.124,0.989,98.887,104.859,10.356,110.856,1.132,1.125,1.113,109.269,100.432,9.932
4,89.454,115.259,0.988,1.097,1.054,106.908,105.622,10.352,101.556,0.998,1.036,1.135,95.805,102.264,9.658
3,89.668,10.606,1.006,107.986,100.011,109.386,1.036,95.978,9.983,0.998,105.524,104.298,96.687,1.049,96.49
1,89.768,10.512,105.107,97.69,111.345,102.063,10.731,0.999,11.306,102.841,106.465,113.157,96.903,10.611,1.013
3,90.24,10.068,1.03,95.369,98.689,99.168,0.972,99.424,9.983,1.103,106.951,109.018,104.974,1.125,93.87
4,90.287,108.59,1.145,1.141,1.002,96.377,110.29,9.807,103.297,0.991,0.964,1.005,95.101,109.359,11.104
4,90.314,109.809,1.076,0.973,1.033,108.894,108.519,10.995,114.693,1.056,1.063,1.109,98.572,110.347,11.061
1,90.428,11.176,112.215,107.554,103.404,106.388,10.124,1.058,10.724,108.202,102.953,114.445,103.744,10.263,0.996
4,90.55,97.741,1.041,1.068,1.123,99.234,94.672,10.898,103.617,1.089,1.115,1.054,93.43,99.332,10.351
4,90.626,108.697,1.086,0.992,0.987,93.165,95.229,10.791,100.492,0.983,1.073,1.133,103.374,107.663,10.972
3,90.637,10.894,1.121,108.241,103.887,98.208,0.953,95.079,10.896,1.103,93.97,97.885,96.83,0.953,93.5
2,90.659,104.716,0.955,104.978,99.846,108.303,0.973,102.303,109.171,1.009,102.759,110.932,100.566,1.016,106.937
4,91.248,106.197,1.146,1.062,1.066,101.191,98.765,10.387,98.655,1.124,1.027,0.961,110.453,94.603,9.97
2,91.314,108.785,0.979,101.777,110.488,100.438,1.006,101.918,108.935,1.067,105.984,107.567,99.834,1.035,99.995
2,91.492,100.792,0.943,106.228,101.47,100.799,1.106,116.836,105.372,1.017,105.827,111.587,103.177,1.132,105.591
1,91.949,10.238,109.765,101.889,112.684,97.146,10.337,1.025,11.367,108.087,101.859,108.354,94.652,11.653,1.053
1,92.013,10.353,111.34,97.415,104.042,92.144,9.934,0.994,10.361,105.209,111.656,101.051,92.48,10.676,0.998
2,92.162,110.856,0.952,116.953,98.721,106.039,1.085,111.656,110.842,0.976,101.842,104.652,105.314,1.146,105.924
4,92.534,105.644,1.102,1.032,0.973,100.196,107.156,10.79,103.932,1.042,1.004,1.05,109.976,94.672,10.624
2,92.566,104.716,1.017,102.692,115.891,108.979,1.1,101.398,96.776,1.019,113.887,109.524,112.31,1.059,117.046
3,92.615,10.35,1.084,97.701,110.386,105.309,1.045,97.294,10.991,1.111,103.052,106.626,110.84,1.112,105.7
1,92.631,11.59,109.46,97.189,113.703,99.0,11.002,0.931,10.189,114.511,113.563,107.853,104.036,11.048,1.001
1,92.636,10.749,115.684,108.791,99.951,106.903,9.989,1.083,11.317,106.038,106.86,117.274,100.436,11.284,0.984
1,92.783,10.525,118.041,96.33,113.329,94.046,11.628,0.982,10.761,101.412,109.981,115.927,98.009,10.985,0.984
3,92.96,10.735,1.062,110.051,103.853,101.499,0.952,94.852,10.611,0.995,98.421,101.938,109.934,1.03,104.483
4,93.126,102.092,1.085,0.971,1.085,106.478,103.389,10.134,99.972,1.031,1.091,0.996,104.557,94.672,11.31
3,93.559,10.008,1.036,102.526,101.938,103.721,1.055,108.064,9.94,1.083,98.255,104.107,95.511,1.007,92.393
1,93.635,11.39,109.808,109.208,111.695,96.919,11.357,1.05,11.422,117.908,99.744,100.767,94.404,10.352,0.99
3,93.725,10.654,0.979,109.259,104.587,109.496,1.118,109.414,11.039,1.016,102.046,105.973,100.237,0.958,107.262
3,93.784,10.962,1.133,95.877,103.0,96.064,1.114,109.188,10.802,1.0,101.755,98.858,95.911,0.97,107.282
3,93.807,9.925,1.019,101.478,104.918,98.559,1.002,102.032,10.134,0.98,107.662,105.92,101.542,1.028,94.23
4,93.996,101.771,0.97,0.989,1.052,108.928,103.117,10.484,115.024,1.025,1.084,0.966,102.712,102.509,10.489
2,94.057,95.521,0.995,106.233,105.058,109.48,1.129,111.579,102.582,0.974,102.091,116.408,98.969,1.129,101.371
3,94.246,11.231,0.984,93.933,105.728,98.787,0.969,94.072,10.877,1.111,95.563,104.961,108.884,1.028,92.906
2,94.372,105.952,0.949,108.27,102.865,109.884,1.144,117.052,111.64,1.045,116.977,104.599,110.439,1.012,114.861
4,94.415,106.041,1.09,1.126,1.011,108.845,95.308,11.036,112.254,1.039,1.078,1.011,94.993,103.744,11.238
1,94.465,10.699,112.758,96.385,107.095,105.051,10.753,1.055,10.842,101.857,102.448,109.423,98.514,11.688,0.972
1,94.487,11.59,108.405,102.449,103.974,97.376,10.616,1.034,11.026,117.554,107.397,112.421,94.691,10.285,1.093
2,94.562,102.167,1.02,107.852,107.567,112.78,1.041,107.006,96.776,0.931,100.635,108.335,112.133,1.068,108.268
2,94.744,113.013,1.01,111.238,111.531,99.403,1.066,116.314,100.727,0.971,108.802,102.521,110.711,1.112,102.882
4,94.848,114.09,1.095,0.998,1.063,98.65,103.735,10.9,114.188,0.979,1.108,0.967,101.756,103.01,9.554
4,94.919,115.612,1.07,1.063,1.061,110.494,111.171,10.16,111.53,1.147,1.126,1.092,97.23,101.795,11.135
2,95.033,100.783,1.038,111.044,103.041,99.676,1.113,103.441,104.41,0.951,109.62,101.439,112.892,1.047,111.136
1,95.289,10.836,115.134,111.606,107.174,103.313,10.902,0.955,11.59,112.111,104.564,101.851,99.064,10.939,1.099
1,95.561,10.393,103.241,104.946,107.994,106.358,10.99,1.047,10.904,99.828,107.723,114.068,108.084,11.13,0.976
1,95.767,10.806,105.739,100.075,117.639,105.805,10.528,1.038,10.484,112.906,105.167,107.026,96.004,11.632,1.035
4,96.131,105.248,1.007,1.091,1.059,103.833,103.216,10.267,106.161,1.023,1.019,0.999,100.693,108.359,10.495
3,96.133,10.176,1.074,101.679,103.265,97.25,1.032,95.689,10.725,1.048,107.638,99.192,110.401,1.073,94.225
4,96.443,107.073,1.0,1.063,1.045,109.968,102.344,11.199,105.82,1.06,1.118,1.0,93.197,100.432,10.958
1,96.855,11.528,102.512,95.889,104.338,92.486,10.597,1.046,11.712,116.87,97.075,107.692,92.699,10.481,1.019
2,96.929,100.723,0.935,107.375,111.738,106.596,1.029,106.653,111.711,0.946,100.303,107.724,113.484,1.077,106.961
4,97.031,103.617,0.982,1.117,1.125,99.299,111.333,10.48,101.477,0.979,1.139,0.978,108.092,104.007,10.972
2,97.111,101.415,1.079,109.127,106.874,110.198,1.005,111.7,96.648,1.046,112.112,108.709,108.291,1.01,104.266
2,97.576,98.574,1.087,114.766,109.593,110.471,1.151,114.51,100.823,1.005,117.365,111.519,103.404,1.137,111.834
4,97.827,97.721,1.023,1.058,1.055,108.602,102.569,10.955,113.613,1.005,1.054,1.13,99.319,101.337,11.0
2,98.105,99.758,0.942,107.885,99.142,112.96,1.115,112.548,103.878,0.935,113.827,117.001,110.742,1.073,101.469
3,98.371,9.978,0.967,100.011,109.797,96.327,1.128,109.32,9.895,1.103,95.447,98.518,94.316,1.117,106.603
2,99.462,111.609,1.106,104.953,106.94,109.163,1.033,108.772,97.073,1.044,105.836,103.147,103.558,0.977,106.693
4,99.493,104.634,1.098,1.031,0.998,93.576,97.643,10.13,109.493,1.042,1.105,1.038,100.439,98.414,11.31
1,99.504,10.358,107.36,97.254,112.895,98.557,11.085,0.992,10.715,111.01,107.479,115.969,104.22,11.652,0.971
4,99.519,111.536,1.031,1.106,1.095,110.102,110.29,10.053,104.77,1.046,0.993,1.032,109.33,98.762,11.236
2,99.567,99.334,1.005,104.978,110.104,108.952,1.138,101.706,105.972,1.073,111.532,111.24,104.329,1.12,101.233
2,99.577,108.24,0.975,109.137,113.65,105.359,0.99,109.803,96.541,1.01,101.899,103.191,108.303,1.136,107.526
1,99.663,11.302,110.566,109.049,117.781,105.057,10.187,0.976,9.963,113.824,98.943,106.056,94.251,10.009,1.1
4,99.709,102.224,1.014,1.119,1.119,96.795,107.147,9.673,100.104,1.099,1.115,1.119,100.934,109.183,9.643
3,99.846,10.656,1.109,102.75,103.106,101.015,0.978,97.486,9.832,1.105,103.81,100.974,102.591,1.086,96.937
2,100.111,104.839,1.079,109.945,115.268,105.121,1.101,101.597,100.532,0.934,118.622,109.199,107.678,1.06,102.798
4,100.255,99.001,1.054,1.02,1.097,102.906,102.338,9.734,103.916,1.083,1.144,1.06,104.712,105.622,10.916
4,100.308,103.923,1.005,1.114,1.034,96.105,98.912,10.198,99.97,1.121,1.009,0.984,102.152,101.818,10.848
2,100.337,98.681,0.978,106.834,112.254,113.294,0.999,115.323,96.335,1.043,108.849,110.283,101.229,1.11,115.822
3,100.519,9.65,1.039,110.245,102.238,104.088,1.033,104.199,9.807,0.977,101.442,103.841,99.331,1.032,96.946
2,100.767,103.322,1.063,113.283,102.75,99.038,1.144,102.042,109.753,0.942,111.866,114.21,103.958,1.107,113.406
3,101.164,10.033,1.007,95.724,93.525,99.022,1.091,108.001,9.581,1.039,101.834,102.8,97.307,0.992,97.061
1,101.645,11.612,101.412,102.636,102.19,108.944,10.255,1.042,10.778,105.799,100.832,106.556,98.889,10.022,1.099
2,101.931,111.828,1.0,102.529,107.439,111.093,1.1,112.962,98.847,0.966,104.979,105.043,110.816,0.989,106.971
2,102.104,98.757,0.977,115.233,114.517,106.895,1.102,112.857,110.408,1.085,105.533,109.192,112.613,1.126,111.55
3,102.162,10.573,0.961,108.439,107.597,109.727,0.988,96.908,10.689,1.128,100.049,108.004,111.216,1.011,98.17
1,102.188,11.316,111.204,111.924,116.561,97.87,10.369,0.982,11.685,106.891,112.811,113.936,104.519,10.17,0.963
4,102.274,113.461,0.981,1.141,1.081,97.208,100.432,11.315,100.091,1.009,1.045,1.019,109.763,101.295,10.177
1,102.324,10.362,117.093,110.184,114.909,100.973,10.935,1.028,9.935,104.337,111.444,105.284,94.472,10.738,1.034
2,102.395,97.07,1.034,101.176,101.156,103.47,0.998,105.775,96.186,1.056,104.367,101.406,101.269,1.125,100.711
3,102.451,9.961,1.1,103.474,108.686,97.465,1.114,102.814,10.383,0.975,95.621,105.77,99.668,1.036,99.553
2,102.504,108.785,0.993,112.227,110.152,99.935,1.149,116.758,111.64,1.011,102.589,113.142,107.392,0.988,99.699
1,102.575,9.905,100.947,109.234,99.793,100.519,10.075,1.036,10.304,112.854,102.449,110.025,99.927,11.591,1.025
2,102.737,98.609,0.955,100.623,115.81,109.174,1.05,112.857,109.43,1.054,108.603,110.4,114.31,0.975,99.3
1,102.791,9.988,104.548,109.231,106.25,92.956,10.595,0.941,11.22,118.306,98.787,114.588,93.067,9.869,1.015
1,103.324,10.411,103.288,105.541,116.743,103.067,10.185,0.971,10.052,113.077,112.811,112.541,99.093,10.753,1.082
3,103.422,10.632,1.105,97.701,103.348,97.078,0.979,97.74,10.384,0.965,109.048,102.917,93.969,1.007,92.393
1,103.452,10.848,101.648,96.981,110.995,95.355,11.165,1.057,11.102,103.721,103.496,107.685,105.722,10.741,0.978
4,103.501,110.485,1.121,1.033,1.061,100.237,105.118,10.368,105.478,1.095,1.124,1.011,93.165,97.083,10.088
1,103.753,10.758,104.673,104.3,106.346,103.746,10.811,1.056,11.45,104.403,107.56,113.162,97.896,11.014,0.978
3,103.988,10.449,1.085,97.511,96.482,96.001,0.983,96.79,9.947,1.007,95.877,98.674,110.394,1.051,98.579
1,103.995,9.99,105.318,101.885,99.973,94.098,10.963,0.96,11.475,114.426,108.579,114.706,94.046,11.054,1.053
2,103.998,98.093,1.03,110.648,113.816,104.266,1.102,117.112,105.635,0.951,118.513,114.21,106.895,1.116,105.341
4,104.192,115.29,1.126,1.143,1.119,110.048,93.885,9.701,111.282,1.093,1.134,1.094,100.069,95.992,11.12
4,104.198,99.294,1.028,1.106,1.119,93.804,107.936,10.205,113.57,1.004,1.066,0.99,93.109,94.535,10.369
2,104.27,112.266,1.094,106.761,111.213,111.928,1.092,110.155,113.009,1.001,113.106,101.2,96.944,1.096,99.19
4,104.605,109.942,1.072,1.019,1.126,109.3,107.811,10.272,100.319,1.066,0.973,1.034,106.395,108.363,10.793
1,104.721,11.545,118.503,105.961,106.586,105.694,10.851,0.975,11.551,118.077,112.266,107.927,104.22,11.655,1.007
2,104.843,112.828,0.949,117.334,102.141,113.631,0.974,112.974,108.452,0.989,104.021,102.84,111.506,1.047,115.241
2,104.93,111.172,1.056,108.796,108.938,112.331,0.989,108.312,100.727,0.945,112.204,112.449,106.563,1.006,115.968
3,104.943,10.708,1.091,96.507,96.47,110.946,1.004,99.612,10.214,1.043,106.038,96.104,102.617,0.955,93.235
1,105.027,10.411,112.515,112.54,111.684,92.699,11.617,0.971,11.165,109.55,108.354,115.999,107.546,11.63,1.058
2,105.223,104.895,1.005,101.094,109.793,103.404,0.995,101.607,104.091,1.096,105.647,101.057,104.887,1.0,103.95
1,105.26,10.361,110.41,99.525,116.849,96.854,10.853,1.016,10.172,100.928,104.33,114.068,99.209,9.953,0.98
4,105.462,102.363,1.125,1.022,1.069,96.592,104.569,10.86,115.29,1.064,1.101,1.098,97.663,106.384,9.635
3,105.58,10.425,1.014,97.287,109.972,102.463,1.024,107.211,10.884,1.043,107.176,101.859,108.008,1.084,93.714
1,105.88,10.911,101.538,103.715,113.128,94.586,11.165,1.059,10.275,111.104,108.822,104.994,103.585,11.466,0.998
2,106.008,104.231,1.076,115.331,116.679,106.895,1.072,110.704,108.841,1.104,106.794,111.011,104.059,1.101,101.918
3,106.012,9.51,0.999,99.557,100.855,97.805,1.066,100.903,9.605,0.979,103.052,100.739,94.504,1.001,96.451
2,106.059,112.387,1.001,102.774,100.103,104.605,1.003,117.142,96.872,0.993,117.218,107.791,104.682,1.103,110.555
1,106.081,9.981,117.024,96.405,117.738,101.498,10.808,1.001,10.0,113.213,106.444,102.71,103.597,9.998,1.016
4,106.087,99.894,1.146,0.969,1.01,94.585,96.351,11.274,105.707,1.031,1.053,1.044,107.946,104.581,9.676
4,106.095,102.789,1.071,0.965,1.074,108.035,96.085,10.049,105.345,1.09,1.067,1.092,95.134,109.821,10.9
2,106.097,107.25,1.031,111.037,104.796,105.148,1.041,116.0,97.787,0.94,114.381,112.003,112.332,1.005,112.904
4,106.128,99.926,1.132,1.109,1.086,106.297,110.167,10.443,108.42,1.017,1.047,0.982,104.99,108.693,10.856
3,106.253,9.527,1.019,105.279,98.246,98.367,0.958,108.574,10.481,0.98,105.463,103.475,101.102,1.027,105.83
2,106.579,106.366,0.998,114.877,115.778,114.059,0.982,100.724,111.83,0.992,112.849,113.419,103.031,1.139,102.621
4,106.771,101.945,1.022,0.962,0.984,105.927,109.821,10.516,110.106,1.033,1.027,1.109,98.16,94.26,10.163
3,106.923,10.975,1.043,97.638,101.211,104.904,1.113,107.423,10.07,0.979,106.313,97.839,100.048,1.007,101.455
1,107.037,10.339,106.855,108.541,117.423,108.904,11.501,0.939,9.981,118.38,107.257,111.954,98.678,9.912,0.984
1,107.066,10.257,111.204,98.172,113.457,92.486,10.524,1.037,10.881,99.891,99.15,116.108,92.837,10.828,1.099
1,107.141,10.938,100.178,95.889,110.308,109.113,10.608,0.969,11.034,111.941,111.444,110.94,97.256,11.039,1.006
3,107.251,10.412,0.988,104.35,101.183,108.35,1.059,97.802,10.404,1.111,98.551,104.276,98.516,1.006,101.166
3,107.296,10.25,1.065,107.037,96.958,107.011,1.032,101.726,11.206,1.027,95.501,103.475,108.795,0.975,101.507
3,107.387,10.05,1.054,97.317,102.992,94.998,1.027,108.462,10.581,1.109,107.471,95.626,98.675,0.953,99.602
4,107.451,100.123,1.119,1.044,1.006,99.319,94.26,10.501,101.801,1.025,1.029,1.035,107.48,106.78,10.98
4,107.617,106.889,1.055,1.053,1.065,104.788,99.222,9.759,103.297,1.076,1.098,1.111,110.205,104.409,11.206
3,107.686,9.704,1.04,100.407,93.324,104.051,0.951,100.586,10.62,1.044,94.342,97.885,97.417,0.954,104.507
1,107.82,11.453,110.538,109.231,105.186,100.043,10.753,1.083,11.274,114.511,100.938,113.549,97.858,11.387,1.045
1,108.301,10.848,110.378,101.849,103.178,104.277,10.306,1.057,10.968,107.415,98.954,112.175,101.132,10.676,0.974
2,108.403,111.825,1.102,108.221,112.797,103.532,1.08,104.03,95.535,0.96,109.487,105.601,104.745,1.057,111.399
2,108.636,107.219,0.943,104.085,102.425,114.241,1.129,113.939,98.574,1.04,113.6,100.746,97.081,0.975,102.272
4,108.762,98.562,1.128,1.02,0.96,103.878,109.976,10.239,98.586,1.003,1.071,1.097,108.218,98.912,10.154
4,108.981,101.238,1.102,1.099,0.985,107.556,95.168,10.988,103.352,0.983,1.108,1.091,98.516,100.755,10.443
1,108.993,11.33,99.993,103.305,101.121,103.284,11.406,1.093,10.862,102.103,103.955,118.063,93.362,10.062,1.097
2,109.13,101.971,0.966,116.939,113.152,102.489,1.034,99.093,96.07,1.086,104.256,115.285,113.53,1.082,108.637
4,109.175,103.032,1.068,0.965,0.996,98.303,107.904,11.073,106.482,0.99,1.114,0.957,97.539,110.142,10.288
1,109.234,11.522,113.359,109.014,104.338,103.522,11.471,1.091,11.026,109.054,108.368,101.429,94.92,9.953,1.023
2,109.237,106.136,0.997,116.939,113.28,111.863,1.131,107.691,111.011,1.095,117.151,102.425,100.684,1.032,116.73
4,109.958,104.096,1.042,0.97,0.998,107.38,108.953,10.435,99.371,1.008,1.062,0.962,107.278,106.943,10.42
2,109.988,95.951,1.059,103.225,112.642,106.565,0.977,114.354,100.126,0.956,110.816,102.268,112.183,1.107,115.29
2,110.047,105.03,0.945,111.396,109.199,98.057,1.052,111.827,100.631,0.945,100.539,112.839,112.926,0.971,99.607
3,110.1,10.494,1.134,93.965,93.26,95.782,1.112,92.394,9.85,0.983,95.621,109.76,104.31,0.987,102.651
2,110.307,103.581,1.106,101.095,113.152,102.755,0.998,101.233,96.776,0.975,111.396,99.141,103.404,1.139,105.584
1,110.36,9.974,104.131,103.521,103.236,105.559,10.528,1.073,11.204,101.235,113.768,107.647,102.715,10.808,0.959
3,110.503,11.209,1.058,100.518,102.098,101.136,1.057,101.647,10.818,1.062,100.611,93.154,95.77,1.123,99.468
4,110.639,106.87,0.994,1.025,0.957,96.525,100.192,9.904,97.741,1.023,1.003,1.024,105.163,106.473,10.54
1,110.784,10.441,106.041,108.791,107.792,101.885,11.014,0.953,10.48,102.882,104.467,104.575,95.021,10.489,1.001
1,110.955,10.022,114.804,108.551,101.851,106.487,11.276,1.042,10.39,110.588,109.981,116.451,94.652,10.874,0.962
4,111.119,103.904,1.138,1.037,1.088,109.545,108.317,10.042,112.893,1.056,1.022,1.076,105.224,103.148,11.311
3,111.134,9.482,1.131,109.94,109.938,102.591,1.103,102.503,10.966,1.033,97.535,105.034,103.874,0.965,104.248
3,111.265,11.175,1.047,100.132,104.44,109.115,1.051,101.445,10.744,1.115,93.349,97.411,98.808,0.994,102.998
4,111.309,107.547,1.146,1.038,1.054,95.889,97.949,10.292,97.713,1.036,1.06,0.993,93.531,99.271,9.576
4,111.542,97.351,1.1,1.038,1.085,104.712,102.388,9.916,111.133,1.016,1.089,1.071,110.253,111.491,9.734
2,111.596,97.658,1.058,118.785,100.432,99.347,0.989,104.947,100.727,1.019,118.303,104.909,98.057,0.994,110.793
4,111.604,102.434,1.133,1.136,0.992,100.398,96.955,11.236,113.711,0.965,1.016,0.968,97.763,111.075,9.62
4,111.641,103.037,1.006,0.993,1.131,108.148,110.437,11.341,114.883,1.027,1.124,1.042,94.585,95.759,10.319
4,111.694,105.805,0.97,1.018,1.123,96.369,110.511,10.206,113.411,1.145,1.094,1.101,93.665,101.742,10.695
4,111.782,105.58,1.011,1.142,1.005,99.783,99.117,9.916,105.408,1.071,1.138,1.02,104.123,105.691,10.388
1,111.813,11.035,106.891,104.06,108.774,95.368,10.932,0.937,11.12,103.795,107.479,107.526,93.046,10.634,1.034
3,112.097,10.772,1.126,102.316,93.609,94.073,1.096,107.09,9.967,1.063,96.507,105.58,95.073,0.962,100.272
2,112.413,110.733,1.063,107.703,115.371,113.338,0.981,102.913,102.405,0.96,108.341,102.55,98.618,1.146,115.972
1,112.468,10.864,107.082,111.77,104.882,106.249,11.541,1.062,10.393,118.503,99.861,110.218,93.628,11.383,0.969
1,112.479,10.162,103.394,110.016,108.815,106.903,9.935,0.99,10.881,112.62,108.363,117.684,106.742,11.425,0.952
2,112.647,99.525,1.027,111.639,115.364,100.799,1.048,102.712,110.472,1.011,105.751,104.113,97.037,1.001,103.007
2,112.684,98.847,0.968,112.354,112.239,110.702,1.091,113.723,98.338,1.074,106.784,100.146,114.04,0.998,114.861
2,112.708,110.198,1.037,113.692,108.734,107.477,0.977,105.636,98.204,0.978,117.155,114.892,100.128,1.05,108.769
1,113.473,10.011,117.668,103.685,109.1,104.277,10.424,0.928,11.427,112.824,104.011,114.213,109.24,10.744,0.974
2,113.631,99.209,0.938,102.888,98.721,105.051,1.018,115.024,95.4,0.967,110.961,112.083,114.038,0.974,102.248
3,113.822,9.762,1.105,101.431,106.0,103.506,1.106,100.613,11.256,1.058,98.944,104.741,98.184,1.101,99.224
4,114.173,103.737,1.057,0.993,1.07,108.519,97.153,10.693,112.169,1.051,1.096,1.078,108.651,102.975,11.13
4,114.317,102.26,1.1,1.013,1.026,110.409,102.146,10.994,109.702,1.101,1.017,1.078,106.838,111.073,10.348
3,114.815,10.939,1.005,109.775,105.3,108.925,0.973,109.224,9.655,1.044,104.269,107.879,104.499,0.965,92.393
2,114.943,106.952,0.968,114.035,114.23,104.045,1.034,114.198,101.107,0.955,103.178,112.089,97.462,1.043,104.591
1,114.947,10.923,100.87,104.789,108.86,101.04,10.165,1.044,10.202,105.438,105.718,104.867,99.047,11.466,1.001
4,115.109,106.796,1.146,1.09,1.1,109.351,102.079,11.32,113.481,1.05,1.002,0.998,108.884,107.387,10.186
1,115.241,10.942,103.422,103.715,103.765,105.475,10.99,1.059,11.35,116.244,108.827,107.685,108.412,11.452,1.07
4,115.739,97.371,1.092,0.979,1.026,102.874,94.449,10.651,114.042,0.981,0.968,1.082,101.287,105.985,10.406
1,116.028,11.725,100.362,108.331,105.971,107.632,10.915,1.06,10.911,114.773,97.71,108.46,98.283,10.545,1.016
4,116.093,112.061,1.112,0.99,1.026,96.406,110.269,10.59,98.586,1.062,1.02,0.964,104.789,106.699,9.635
4,116.261,97.281,0.966,1.065,1.068,107.324,108.09,11.077,115.023,1.123,1.114,1.114,94.145,102.103,9.837
3,116.268,9.715,1.136,107.25,110.242,107.761,0.971,104.699,10.413,1.128,96.283,98.03,98.047,1.003,101.921
1,116.571,10.711,108.309,98.856,116.841,94.608,10.582,0.952,10.993,106.559,100.574,116.508,96.55,10.248,0.94
3,116.715,9.812,1.129,100.998,97.727,95.296,0.958,107.048,10.002,1.083,103.059,107.786,93.497,1.086,97.74
2,116.779,103.523,1.058,114.801,107.457,104.569,1.087,99.767,100.953,1.057,100.959,115.13,114.9,1.01,108.589
1,116.799,10.255,108.102,106.232,101.604,103.597,10.907,0.936,10.933,115.356,99.639,110.025,106.106,10.403,1.065
3,117.482,9.982,0.982,94.175,101.531,105.671,1.019,107.831,9.86,1.058,107.109,106.536,99.467,0.985,92.503
2,117.764,98.706,1.096,113.277,100.142,109.236,1.05,112.539,102.142,1.059,110.546,110.501,107.014,1.077,106.086
4,117.769,102.666,1.07,1.037,1.095,104.735,106.384,11.264,107.401,1.132,1.13,0.98,107.936,96.244,10.927
3,118.192,10.334,1.103,103.196,109.656,93.787,1.046,94.071,10.491,0.996,108.317,92.978,106.995,1.02,97.106
1,118.423,11.299,100.696,104.365,107.15,101.478,11.195,0.951,11.382,117.309,106.845,117.025,99.48,11.569,0.966
3,118.772,10.642,1.043,110.274,102.653,102.014,1.089,101.895,9.57,1.139,94.755,105.815,95.199,0.958,107.63
4,118.961,109.929,0.972,1.076,0.963,110.294,104.581,9.751,101.666,1.084,0.989,0.99,108.694,106.472,10.717
3,119.098,10.985,1.033,100.132,104.312,97.408,1.124,97.469,10.642,1.045,105.434,102.393,96.779,1.119,105.748
3,119.394,10.759,1.009,104.393,103.33,98.099,1.084,98.999,10.813,1.13,102.326,99.428,96.25,1.09,101.895
3,119.833,11.15,1.002,103.927,104.377,98.823,1.091,100.106,9.92,1.063,102.148,100.6,97.675,0.994,95.673
3,119.861,11.167,1.025,101.432,105.288,106.878,1.073,94.399,9.832,1.051,107.648,93.324,100.278,1.116,97.274
4,119.944,104.634,1.043,1.087,1.016,106.252,103.774,11.04,104.046,1.136,1.1,1.008,98.899,109.165,11.287
3,120.146,9.794,1.133,103.19,106.345,100.079,0.985,95.937,11.075,1.025,98.167,92.903,109.686,0.97,105.172
1,120.185,10.637,109.42,98.569,117.526,106.261,10.493,1.034,10.459,116.314,96.648,116.901,103.859,11.357,1.039
4,120.351,112.265,1.024,1.014,1.087,109.511,108.48,10.578,101.879,0.973,0.995,1.104,108.104,106.722,10.329
3,120.624,9.725,1.12,109.936,101.702,101.722,1.089,100.113,9.852,1.081,104.269,104.1,102.09,0.958,94.401
1,120.671,10.449,105.438,97.298,117.827,104.154,10.502,0.961,10.154,105.209,112.447,104.338,105.437,9.859,0.93
4,120.701,97.517,0.97,1.023,1.005,107.278,106.487,11.12,114.54,1.093,1.136,1.004,107.38,96.724,10.514
3,120.921,10.124,1.055,93.702,95.582,106.431,1.076,106.01,9.538,1.079,105.523,98.456,104.088,1.101,108.489
1,121.275,9.989,103.066,113.706,100.669,96.956,10.446,0.979,10.77,106.957,112.276,118.228,100.053,10.828,0.959
3,121.276,10.569,1.002,106.038,96.162,99.14,0.978,99.881,9.512,1.062,102.005,94.498,104.82,1.067,96.49
2,121.573,103.118,0.931,117.39,108.008,100.452,1.111,103.529,104.695,0.979,103.352,111.21,104.126,0.995,108.769
1,121.961,11.429,106.631,96.553,101.184,105.088,11.206,0.994,10.267,110.327,104.896,113.268,101.018,10.894,1.038
2,122.388,103.941,0.967,114.907,113.461,113.027,1.114,110.717,95.658,1.043,111.019,108.177,114.267,1.134,106.961
2,122.394,113.276,0.961,111.637,108.008,100.296,1.125,101.916,106.711,0.994,101.369,114.542,110.713,1.104,115.725
4,122.483,113.368,1.097,1.041,1.023,105.899,103.117,11.326,105.765,1.021,1.001,1.095,97.582,109.604,9.776
3,122.502,9.866,0.994,107.657,98.081,108.575,1.095,102.375,10.491,1.026,103.71,106.696,99.978,1.089,109.449
3,122.675,10.504,0.996,102.733,94.446,93.989,1.066,97.887,10.364,1.001,97.848,104.377,110.701,0.973,99.781
3,123.191,9.82,1.009,102.228,107.902,104.137,1.059,97.43,11.147,1.133,96.628,103.746,110.309,0.986,109.007
2,123.358,107.567,0.996,100.326,103.138,114.587,1.003,106.437,104.053,1.013,111.163,100.406,114.715,1.035,115.445
1,123.812,10.444,104.668,107.397,101.491,93.551,10.31,1.018,10.189,114.732,100.9,117.337,94.148,10.783,1.017
1,123.896,10.374,109.55,99.28,111.071,108.285,10.333,1.007,9.879,109.669,113.791,112.908,99.226,11.593,1.042
2,124.317,102.043,1.086,114.272,106.211,104.583,1.1,102.746,105.531,1.044,118.622,105.139,106.664,1.146,108.453
2,124.326,105.41,0.951,101.922,113.155,109.236,1.084,110.014,112.189,1.044,110.961,101.845,103.11,1.006,99.179
3,124.777,9.729,1.012,105.913,106.716,104.525,1.129,108.035,9.786,1.126,109.938,100.881,101.047,1.107,92.791
4,125.05,106.34,1.129,1.102,1.114,105.433,94.522,10.695,112.625,0.988,0.989,0.982,104.711,104.659,10.761
1,125.379,10.616,115.181,100.667,110.218,95.867,10.515,1.031,11.529,111.01,104.488,105.455,103.535,11.058,0.976
2,125.502,105.317,1.01,103.071,108.819,102.484,0.984,105.896,108.595,0.994,102.347,99.467,105.357,1.103,108.588
1,125.556,10.687,113.932,102.902,108.755,106.388,9.977,0.96,11.331,108.965,96.553,117.414,99.849,9.922,1.014
3,125.608,10.575,0.988,93.181,96.501,110.753,1.029,97.464,9.674,0.98,103.23,102.571,103.11,1.024,109.072
2,125.875,111.367,0.999,111.826,103.994,105.148,1.064,110.75,106.598,0.95,102.049,108.66,111.028,1.031,103.93
2,126.345,95.774,0.984,114.949,112.46,112.331,0.969,114.169,104.465,1.06,117.643,104.28,113.269,1.131,115.59
4,126.364,108.925,1.044,1.129,1.093,95.457,111.408,9.631,97.774,0.976,0.968,1.069,107.931,110.048,11.172
4,126.429,111.901,1.05,0.993,1.123,102.961,106.559,10.309,101.67,1.043,0.972,1.009,107.38,110.73,10.06
4,126.575,105.846,1.061,1.082,1.014,109.042,106.457,10.869,104.291,1.12,1.085,1.01,100.694,104.453,10.978
3,127.05,10.62,1.081,94.332,108.386,111.001,1.035,101.455,10.894,0.965,102.484,98.402,105.671,0.993,98.183
3,127.229,9.562,0.985,95.424,108.757,109.472,1.073,98.608,10.039,1.043,101.583,109.815,107.3,0.991,105.392
4,127.643,99.235,1.022,0.98,0.965,106.805,110.081,11.056,100.062,1.067,0.969,1.087,104.229,102.213,9.948
2,127.715,101.939,0.95,110.622,109.991,101.366,1.137,111.674,98.583,1.071,116.977,101.082,112.538,1.111,108.268
2,127.754,101.964,1.061,118.77,115.268,110.483,1.061,109.148,112.167,1.03,115.09,102.513,113.319,1.002,112.761
4,127.756,100.47,1.108,1.094,1.035,108.98,101.396,10.188,99.808,0.993,1.101,1.014,98.16,104.162,10.445
4,127.804,100.661,1.083,0.989,1.096,100.588,107.568,10.579,103.623,1.142,1.038,1.09,100.169,103.744,10.903
1,127.873,9.91,115.397,98.328,114.755,101.336,10.62,0.935,10.529,100.478,106.166,103.717,97.002,11.259,1.098
4,128.408,114.409,1.042,0.965,1.028,102.712,103.856,10.12,99.725,1.112,1.115,1.052,96.446,107.28,11.297
2,128.537,103.813,1.064,102.567,103.297,102.489,0.973,100.625,100.888,1.043,105.858,109.927,109.002,1.111,109.672
3,128.946,10.92,0.981,94.579,108.888,94.07,1.091,100.017,11.235,0.986,96.507,106.98,102.12,1.066,98.727
2,128.996,107.163,0.956,109.205,110.684,105.829,0.97,104.254,99.879,1.023,108.098,110.104,106.386,1.056,108.122
2,129.027,97.728,0.934,106.631,108.481,100.452,1.064,108.245,113.276,1.065,107.481,99.964,102.073,1.012,103.113
4,129.237,99.807,1.062,1.097,1.034,108.148,94.585,11.236,109.28,1.089,1.048,1.077,101.575,98.043,10.072
1,129.43,11.607,118.474,100.859,101.659,101.029,11.143,1.019,11.615,109.638,96.33,111.4,101.398,11.081,1.046
4,129.661,98.466,1.138,1.134,1.038,95.099,107.837,9.62,111.282,1.022,0.965,0.987,95.823,98.103,10.577
1,129.718,11.288,114.132,110.421,113.162,96.167,10.165,1.012,10.106,106.855,110.535,117.432,94.139,10.278,1.06
4,129.912,110.015,1.146,1.058,1.081,109.278,103.775,10.891,104.667,1.143,1.091,1.066,105.348,95.769,10.474
1,130.081,10.33,115.389,111.907,111.296,95.304,10.413,1.016,11.134,118.041,110.867,101.436,100.727,10.452,1.076
4,130.51,106.285,1.122,1.127,1.106,104.399,95.429,11.12,101.879,0.982,1.132,1.112,106.813,101.972,10.944
1,130.959,10.434,110.062,109.981,107.144,109.487,10.331,1.024,10.576,116.328,105.354,105.836,96.669,10.164,0.957
1,130.982,9.941,115.003,98.869,102.819,104.301,10.055,0.978,11.689,107.544,105.534,100.621,94.933,10.253,1.071
2,131.032,101.604,0.949,112.316,100.746,96.823,1.024,106.55,100.672,1.058,101.813,101.052,107.477,1.08,114.15
1,131.037,10.793,100.395,111.443,117.236,97.158,11.698,0.929,9.935,109.936,109.981,112.689,105.127,11.558,1.04
3,131.607,10.782,1.078,100.611,97.367,107.191,0.98,94.979,10.501,1.111,94.561,110.15,94.07,1.061,97.912
1,131.931,11.242,102.262,112.721,117.73,102.473,11.452,1.096,10.972,111.328,103.476,107.366,105.355,11.03,0.998
2,131.951,105.876,1.042,105.286,100.406,98.832,0.975,106.876,97.587,1.056,110.305,115.487,100.469,1.12,109.559
3,131.973,9.732,1.092,100.446,105.417,105.885,1.095,94.963,10.818,1.023,102.537,105.356,95.199,1.125,94.492
4,131.977,108.677,1.102,1.018,1.125,97.222,105.769,11.334,109.536,0.983,1.116,1.012,100.221,103.389,10.588
3,131.99,11.144,1.034,101.478,102.39,102.09,1.102,104.591,10.175,1.074,98.762,93.971,101.849,1.048,109.356
4,132.509,113.079,0.983,1.104,1.008,110.494,107.067,9.934,101.67,1.06,1.038,1.112,106.496,97.083,9.859
4,132.522,99.682,1.099,1.057,1.132,106.805,104.601,10.588,107.022,1.002,1.117,1.087,95.038,104.569,10.933
4,132.734,97.34,1.023,1.033,1.098,100.036,103.381,10.934,111.282,1.1,1.042,1.097,109.683,110.29,9.558
1,132.957,10.022,108.514,97.482,106.309,104.443,10.795,1.016,9.879,107.082,96.405,108.682,106.622,11.345,0.963
4,133.654,111.494,0.99,1.041,1.06,103.274,98.213,10.761,103.896,1.068,1.082,0.962,108.022,106.362,10.78
1,134.187,10.341,112.379,105.605,105.908,109.553,11.05,1.009,11.658,116.546,102.566,113.453,105.722,10.302,0.972
1,134.348,10.376,112.758,100.667,117.649,92.699,10.466,1.026,10.308,105.438,100.436,115.927,95.996,10.493,0.98
2,134.802,100.0,1.095,107.159,115.937,106.039,1.108,110.984,102.542,1.084,118.725,116.09,98.909,1.096,103.54
4,134.907,110.701,1.116,1.144,1.069,106.667,106.566,10.633,101.932,0.995,1.06,1.125,110.066,102.032,10.303
1,134.908,11.205,111.455,97.854,103.816,96.004,10.729,0.982,10.183,100.178,103.706,108.355,98.415,9.996,1.102
2,135.302,103.646,0.968,113.267,113.142,101.339,1.09,102.542,109.396,1.05,116.906,117.384,114.05,0.973,107.536
4,135.303,114.983,1.105,1.133,0.956,102.436,108.74,9.941,109.28,1.145,1.085,0.968,99.783,95.818,9.594
4,135.304,112.216,1.14,1.027,1.056,97.756,99.733,10.714,103.037,1.1,1.073,1.13,101.564,102.735,11.073
4,135.404,112.281,1.042,1.041,0.998,100.546,101.818,9.901,106.197,1.131,1.028,0.965,95.734,105.985,10.651
4,135.648,110.835,1.132,1.006,1.065,95.457,106.135,10.341,108.295,1.01,1.085,1.113,101.756,97.14,9.934
4,135.749,106.652,1.028,0.991,1.101,108.092,102.183,10.442,102.458,1.022,1.096,1.114,103.704,111.273,10.348
1,135.885,11.081,111.627,109.243,112.315,107.744,10.969,0.96,11.39,100.804,107.519,115.166,100.367,11.054,1.038
2,136.375,107.499,1.001,113.277,99.986,100.257,0.979,115.822,107.082,1.05,113.722,115.32,100.597,1.014,104.405
2,136.41,101.107,1.025,115.746,108.877,110.681,1.038,110.626,106.772,1.019,109.874,108.507,99.167,1.019,113.212
2,136.486,111.368,1.005,110.659,98.884,104.682,1.059,116.103,110.606,1.095,109.487,107.55,102.201,0.973,109.751
2,136.828,105.876,0.98,102.659,111.324,114.822,1.11,101.659,96.205,0.989,104.714,113.796,113.935,1.081,108.318
2,137.02,112.752,0.984,107.39,113.531,104.946,1.019,111.251,101.452,1.084,118.04,113.798,107.402,1.116,104.863
4,137.073,114.145,1.145,1.029,1.089,100.084,104.679,11.07,98.969,1.049,0.997,1.012,93.113,107.436,10.699
4,137.112,98.586,0.968,0.985,1.131,95.886,107.673,10.388,111.982,1.1,1.014,1.126,102.353,96.25,9.656
3,137.239,10.813,0.974,110.385,96.518,97.31,1.084,109.16,10.057,0.975,106.829,98.189,102.913,0.975,101.561
2,137.322,107.792,1.063,101.351,107.55,99.403,1.052,99.416,111.869,0.982,118.862,101.165,113.94,0.994,115.439
2,137.474,109.813,1.106,103.448,106.011,104.845,0.974,102.065,100.125,1.001,100.326,114.637,110.833,0.983,112.261
3,137.48,10.548,1.019,103.397,102.888,99.393,1.096,94.472,10.866,1.048,102.273,97.073,110.946,0.991,109.31
2,137.499,105.592,1.052,103.225,103.525,113.2,1.086,102.712,111.616,0.974,111.403,110.471,111.537,1.133,101.417
3,137.603,10.566,1.013,109.361,109.783,101.116,1.051,103.03,11.146,1.063,104.177,100.42,107.1,1.117,93.235
3,137.724,10.29,1.035,98.466,97.411,99.748,1.008,108.626,10.324,1.02,97.287,105.182,101.514,1.071,101.023
2,137.943,106.008,1.1,118.04,99.757,110.946,1.037,102.176,108.81,1.044,102.296,107.35,98.467,1.043,103.21
3,138.071,9.548,1.13,102.95,107.597,102.209,1.114,101.616,10.957,0.965,97.57,104.298,102.463,1.06,93.655
1,138.177,11.591,107.292,100.155,116.225,94.79,10.116,1.003,10.58,102.376,102.448,109.913,93.563,11.357,1.006
1,138.266,11.161,113.457,99.639,106.088,94.471,11.088,1.029,10.189,117.376,105.557,105.778,106.613,9.9,1.042
4,138.59,108.652,1.132,0.98,1.005,104.485,96.629,10.07,99.451,1.087,1.138,0.994,103.833,103.148,10.267
2,138.789,98.23,1.004,116.396,101.165,102.331,0.981,106.086,99.662,1.019,107.768,103.681,113.676,1.146,115.588
3,139.116,10.596,1.073,99.294,99.371,97.1,0.974,98.478,10.852,1.06,95.117,108.352,98.92,0.979,102.415
4,139.181,97.264,1.14,0.968,1.117,95.108,103.644,9.955,109.769,1.057,1.0,1.005,102.011,107.966,10.588
3,139.215,9.969,1.133,108.287,107.586,96.687,0.954,100.961,10.35,1.015,103.303,98.671,110.023,1.056,94.346
3,140.484,9.478,1.03,93.163,103.732,97.31,1.056,105.728,9.646,1.126,95.695,107.041,93.599,1.047,99.424
3,140.512,10.993,1.099,101.551,95.129,109.348,1.075,109.204,11.018,1.12,99.568,103.812,97.673,1.128,104.152
2,140.658,97.837,1.054,102.678,115.298,103.177,1.039,116.372,102.477,1.026,101.778,117.039,99.038,1.124,116.81
1,140.753,11.261,110.247,98.809,113.487,103.139,10.872,1.087,11.134,118.667,100.915,118.107,101.65,11.595,1.005
4,140.769,110.599,1.104,1.003,0.969,109.313,94.192,10.822,106.041,1.11,1.034,1.085,102.284,109.92,9.88
4,140.898,103.782,1.147,1.102,1.001,107.579,102.183,10.448,109.769,1.037,1.099,1.079,108.092,105.236,10.419
3,141.079,10.383,0.982,106.435,102.266,110.107,1.069,103.06,9.527,0.971,99.989,94.12,108.071,1.055,104.483
1,141.228,10.263,103.19,111.443,114.289,106.597,10.04,0.966,11.188,100.924,100.484,106.588,105.108,11.131,1.024
4,141.342,110.206,1.12,1.132,1.116,107.37,111.463,10.798,107.401,1.131,0.995,0.959,99.74,107.86,10.368
3,141.574,10.176,1.114,101.045,96.972,104.719,1.037,104.694,10.761,1.002,100.994,105.119,93.973,1.007,109.072
2,141.819,112.325,1.055,109.695,105.633,111.595,1.151,110.692,96.648,1.105,100.885,107.966,107.11,1.105,99.541
3,141.904,11.263,1.056,106.306,100.641,93.895,1.066,109.204,10.158,1.047,100.363,98.729,104.671,1.113,102.551
3,142.814,10.981,0.996,95.873,97.515,109.013,1.102,106.258,11.143,1.021,103.958,97.073,102.08,1.1,108.683
4,142.94,103.661,1.036,1.018,1.065,93.344,98.219,10.854,97.658,0.991,1.116,1.131,107.732,109.432,10.952
4,143.175,108.443,1.042,1.108,1.004,102.284,103.714,11.126,107.073,1.132,0.966,1.04,97.527,101.082,11.138
1,143.182,11.71,110.186,103.027,114.66,106.456,11.705,1.009,10.979,108.566,100.243,111.675,109.24,10.484,0.944
2,143.69,100.636,1.056,103.266,109.793,99.883,1.11,106.737,107.064,1.011,103.445,117.3,107.272,0.969,108.772
1,143.714,9.928,110.793,96.911,102.311,92.948,10.026,0.996,10.805,114.426,111.444,113.803,100.302,9.866,0.929
1,143.796,11.499,108.965,96.385,102.737,103.382,11.464,1.006,10.263,105.799,107.554,114.8,96.809,10.38,1.068
1,144.531,10.187,107.535,112.38,103.654,92.837,9.9,0.995,11.292,105.429,97.595,107.939,97.198,10.731,0.963
2,144.798,108.956,1.069,115.087,107.374,97.081,1.026,104.592,97.428,0.951,110.961,112.581,105.554,1.113,116.771
1,144.863,9.91,107.404,106.03,110.006,95.787,10.678,1.082,11.302,101.857,108.791,105.015,94.507,10.693,0.954
3,145.182,10.066,1.066,100.645,97.922,102.537,1.069,104.594,9.962,1.105,93.958,104.131,105.511,1.083,95.475
2,145.418,102.648,1.103,117.76,115.919,96.944,1.142,106.574,96.966,0.959,103.634,115.892,112.045,1.129,106.368
3,145.507,10.022,1.095,98.436,93.703,95.772,1.079,104.388,10.898,0.996,97.268,101.966,98.184,1.021,96.179
2,145.637,101.649,1.084,105.983,115.888,99.059,0.979,116.101,100.792,0.938,101.612,107.874,114.897,1.128,113.145
2,145.704,104.41,0.966,104.195,107.263,111.082,1.126,114.014,110.856,1.045,106.784,111.807,108.228,1.02,102.689
3,146.01,10.487,1.064,103.303,110.143,104.614,0.991,98.478,10.494,0.991,101.729,107.004,103.343,1.056,98.663
1,146.267,10.0,104.154,100.195,107.171,97.66,11.643,0.936,11.395,110.708,96.431,99.643,99.48,10.396,1.024
4,146.361,98.401,1.132,1.012,1.124,96.013,111.332,11.14,113.105,1.028,1.022,0.996,108.894,107.138,10.249
3,146.371,10.566,1.017,95.447,108.386,106.479,1.076,93.23,9.599,0.99,99.682,102.45,110.946,1.109,105.058
3,146.372,10.912,0.995,99.717,98.581,95.93,1.078,105.027,11.087,1.005,95.12,105.972,107.775,1.036,109.007
4,146.42,106.547,1.061,1.105,1.067,100.047,94.57,10.889,99.69,1.121,1.129,1.095,110.053,97.246,9.64
4,146.485,115.379,0.976,1.001,1.123,98.664,105.37,10.927,98.473,1.085,0.995,1.028,104.712,103.816,10.16
2,146.889,111.697,1.056,108.997,113.706,109.445,1.143,113.646,108.653,1.097,116.52,101.284,113.403,1.123,98.804
3,147.372,9.931,1.127,97.804,96.668,98.384,1.124,103.745,10.955,1.119,107.951,95.901,103.071,0.995,100.322
3,147.385,10.113,1.101,93.934,103.853,99.52,1.012,94.504,9.669,0.99,101.431,94.56,106.409,0.97,104.613
1,147.54,10.104,104.231,110.146,106.346,99.664,11.087,0.99,10.843,110.883,108.298,117.781,97.931,10.155,0.979
2,147.672,102.819,1.09,114.921,110.043,96.909,0.984,107.512,100.672,1.073,114.549,114.019,107.741,0.981,110.555
1,147.853,10.828,111.018,105.842,103.796,103.741,10.104,0.995,9.939,102.702,107.135,107.827,101.336,9.981,0.93
4,147.934,97.956,1.002,1.132,1.095,96.556,104.633,10.85,111.441,1.145,1.032,1.007,98.094,108.09,10.958
2,148.028,105.876,1.031,117.752,113.499,102.332,1.098,104.631,105.31,0.971,117.074,116.943,99.113,1.007,100.905
2,148.165,100.265,0.943,112.751,102.182,111.329,0.992,98.926,100.898,1.004,111.076,115.778,103.877,1.109,112.59
3,148.829,10.863,0.998,103.258,109.866,95.454,0.971,106.204,10.958,1.045,107.865,93.154,107.1,1.027,105.453
1,148.837,10.959,108.613,110.562,107.203,99.774,10.524,1.0,10.349,104.627,111.894,112.774,104.236,11.214,0.997
3,148.932,9.738,1.053,102.526,102.364,109.948,0.96,97.39,10.415,0.976,108.465,107.18,93.902,0.999,109.13
1,149.305,10.354,117.522,98.599,104.521,105.229,10.942,1.102,11.489,116.443,110.192,107.736,107.839,10.151,0.963
4,149.33,113.056,1.127,0.995,1.008,98.626,109.476,11.003,107.881,1.011,0.967,1.132,101.851,110.76,9.852
2,149.377,95.406,0.939,113.064,103.681,98.236,1.029,105.9,107.0,1.045,108.38,116.09,114.41,1.061,106.574
4,149.399,109.365,1.139,0.997,0.968,102.712,103.851,10.399,114.178,1.12,1.033,1.071,110.539,107.966,10.689
4,149.578,112.274,0.996,1.06,0.982,109.089,93.937,11.267,102.675,1.113,1.032,1.068,98.808,108.317,11.136
3,149.773,9.565,1.012,102.937,100.516,106.562,1.123,100.656,10.052,1.003,104.576,96.456,95.933,1.033,102.345
4,149.811,103.021,1.126,1.044,0.967,106.776,108.953,10.89,115.066,1.036,1.054,1.026,107.953,95.567,10.681
1,149.963,10.437,115.076,108.296,104.867,103.067,10.076,1.051,9.957,105.657,112.38,114.808,107.38,10.656,0.959
3,150.142,9.691,1.043,101.506,104.298,110.037,1.128,95.723,9.716,1.088,93.712,95.548,108.113,1.011,103.09
1,150.143,11.409,116.679,110.186,117.448,100.738,9.978,1.019,9.978,102.018,107.723,118.117,95.714,10.521,0.942
2,150.275,112.011,0.956,102.657,107.204,99.403,1.091,102.413,98.124,1.106,104.241,111.24,108.744,1.114,111.794
1,150.501,10.485,116.852,99.483,116.818,94.14,9.897,1.1,11.431,111.459,106.023,112.594,102.509,11.383,1.083
2,150.631,95.533,1.086,112.368,112.431,102.63,1.016,102.272,96.555,1.032,113.722,115.353,102.44,1.1,103.478
2,150.887,98.483,1.099,112.926,112.439,105.116,1.038,98.762,109.29,0.993,104.191,102.976,113.294,1.129,103.478
3,151.7,9.912,1.059,99.557,104.169,110.289,1.071,95.349,10.946,1.092,95.733,109.087,107.614,0.951,104.089
1,151.887,10.088,109.44,113.042,115.211,104.241,11.316,1.099,11.155,109.176,107.629,108.682,93.339,10.092,0.968
2,151.981,98.574,0.973,109.992,99.494,107.503,1.088,111.023,104.091,1.059,101.899,102.787,101.392,0.983,109.04
4,152.074,109.426,0.99,1.09,1.101,98.026,103.421,9.89,108.907,1.075,1.05,1.004,100.888,105.411,10.995
2,152.328,101.365,1.086,101.377,116.99,98.503,1.072,104.336,112.921,0.973,100.337,115.216,98.673,1.032,105.584
3,152.396,9.548,1.076,103.196,102.592,106.816,1.05,104.058,9.865,1.134,109.51,104.377,99.439,1.117,101.633
1,152.445,11.367,105.263,101.859,116.819,108.275,11.048,0.958,10.412,108.921,99.143,110.681,95.992,11.385,1.011
4,152.686,110.106,1.024,1.058,1.006,101.043,96.051,10.929,114.545,1.067,1.075,1.125,99.679,100.845,10.441
1,152.989,10.313,104.532,97.54,118.218,100.017,10.316,1.059,11.055,116.02,111.529,107.15,96.919,10.574,1.009
2,153.052,110.53,1.023,100.643,110.816,107.667,1.012,114.081,112.387,1.013,110.578,114.904,99.468,0.992,99.639
4,153.075,97.258,1.097,1.05,1.016,106.432,100.063,10.951,108.599,1.007,1.138,1.0,99.611,105.622,10.977
1,153.148,10.085,112.555,97.998,102.278,94.139,10.026,0.937,10.926,103.173,97.611,112.391,101.25,11.596,1.083
2,153.383,111.825,1.104,117.947,103.066,97.229,0.997,110.342,111.006,1.106,102.425,103.585,110.439,1.139,116.314
2,153.385,96.265,0.952,108.098,108.277,98.473,1.025,111.834,112.705,1.083,106.794,108.112,114.593,1.127,98.787
3,153.486,11.143,1.123,99.857,102.592,100.727,1.073,107.29,10.022,1.115,104.099,94.09,94.699,1.119,100.771
3,153.81,9.968,1.082,99.064,106.69,98.07,1.114,102.116,9.912,1.043,103.52,103.746,104.321,1.076,106.327
4,153.954,107.401,1.053,0.984,1.093,110.409,96.334,9.659,99.906,1.116,0.997,1.034,104.894,108.637,9.931
1,154.107,11.083,117.09,108.296,108.479,103.849,11.638,0.952,10.361,108.116,103.609,108.86,92.699,10.794,0.958
2,154.185,103.523,1.045,115.746,111.753,99.167,1.121,111.23,110.472,1.078,113.452,99.077,101.942,1.074,105.489
3,154.193,10.854,0.985,96.628,105.305,95.975,1.006,97.39,10.175,0.974,98.191,101.041,110.271,0.999,105.613
2,154.619,101.243,1.062,115.669,110.471,106.596,1.105,111.585,99.474,0.977,105.389,99.923,112.045,0.97,114.338
1,154.689,11.536,113.942,96.567,101.398,97.557,11.578,0.949,11.698,106.609,105.464,100.94,100.634,10.31,1.052
4,154.715,115.29,1.124,1.051,1.119,97.539,97.624,10.818,115.589,1.073,1.026,1.013,102.517,99.705,9.943
4,154.734,103.23,1.065,1.102,1.096,97.164,104.771,10.414,110.49,1.119,1.054,1.095,97.974,107.433,10.267
3,154.976,10.885,0.995,93.432,98.338,108.384,0.965,102.345,10.818,1.112,93.475,94.447,110.971,0.989,103.574
2,155.005,111.304,1.06,100.535,115.843,108.298,1.013,101.233,112.33,1.087,115.883,111.324,102.39,1.093,108.588
1,155.432,10.714,104.594,109.049,104.912,107.376,11.541,1.01,11.573,113.499,107.915,104.139,105.057,11.008,0.949
2,155.445,112.752,1.026,110.61,112.487,98.653,1.03,108.044,103.998,0.955,115.814,100.496,110.143,0.968,115.725
1,155.472,11.566,105.451,110.039,107.418,105.795,10.522,1.063,10.542,100.362,113.383,113.613,97.198,11.307,0.963
1,155.626,10.787,115.584,113.042,107.479,92.756,11.227,1.07,11.055,114.928,110.192,103.84,104.882,11.124,0.952
4,155.644,112.333,1.033,0.989,1.016,105.362,109.052,10.828,111.236,1.121,1.017,1.111,100.588,100.199,9.618
4,155.739,100.429,1.021,1.082,1.007,108.972,99.3,9.701,110.835,1.108,0.993,1.097,100.102,108.684,10.212
2,155.781,108.73,1.004,113.421,101.742,113.342,1.041,110.701,101.818,1.072,107.71,108.816,101.48,1.123,99.923
2,155.845,98.108,1.04,107.198,107.979,105.596,0.999,111.072,100.326,1.087,108.873,104.909,112.942,0.982,110.486
2,155.855,101.315,0.932,101.907,112.756,98.774,1.094,114.12,112.804,1.029,113.511,106.682,108.436,1.021,99.069
4,156.038,112.324,1.124,1.017,1.008,101.934,96.885,10.415,113.481,0.998,1.051,1.118,96.795,103.287,10.622
3,156.225,10.958,1.112,94.838,93.324,101.277,1.078,99.424,9.581,1.033,100.157,106.023,106.427,1.111,107.772
2,156.718,101.971,0.958,112.368,103.301,115.016,1.09,106.847,110.856,0.951,109.447,103.303,109.671,0.973,108.115
1,157.039,11.027,110.967,100.04,109.374,104.524,11.364,1.006,10.183,113.056,104.501,100.374,99.9,11.616,1.082
4,157.06,103.469,1.091,1.058,1.133,97.978,110.269,10.457,113.867,1.112,1.019,1.026,94.014,110.967,10.274
1,157.173,10.481,101.272,110.961,117.99,101.069,11.58,1.034,10.16,118.419,110.765,102.71,109.271,11.142,1.069
4,157.309,102.733,1.112,1.138,1.107,98.748,95.035,11.295,99.502,1.062,1.113,1.1,93.413,109.413,10.951
2,157.386,103.523,1.061,115.917,115.538,109.239,0.968,106.661,110.614,1.042,105.208,100.699,104.277,1.01,102.417
1,157.548,10.862,105.494,108.313,102.742,93.708,9.955,1.089,11.299,103.673,107.823,110.214,107.376,10.311,1.022
2,157.558,112.752,0.936,107.471,104.592,107.503,1.045,112.48,99.334,0.932,114.189,112.003,99.161,0.989,108.092
3,157.792,9.978,0.998,93.026,97.284,105.033,1.071,95.139,10.527,1.139,102.004,100.171,102.913,1.077,100.789
2,157.995,110.112,1.086,106.823,110.503,100.938,1.104,111.684,110.15,1.087,113.026,99.923,112.198,1.006,103.824
1,158.312,10.147,108.755,97.622,110.329,94.087,10.198,1.002,11.178,115.814,100.106,112.684,94.324,10.285,1.072
4,158.948,114.365,0.986,1.099,1.066,94.578,97.246,10.739,104.42,1.135,1.099,0.974,104.046,105.395,10.927
4,158.956,99.029,1.022,0.974,0.98,104.34,100.81,10.474,105.305,1.039,1.015,0.98,101.821,101.295,10.405
3,159.033,10.658,1.111,109.213,106.262,108.872,1.006,93.497,10.508,1.03,95.695,103.378,104.547,1.073,107.427
2,159.196,105.853,1.039,114.921,115.298,107.265,1.075,108.602,98.898,1.039,117.002,102.575,111.049,1.115,103.441
2,159.262,110.197,0.978,115.154,100.746,109.48,1.067,116.735,105.605,0.996,106.276,101.08,113.256,1.055,108.245
2,159.378,108.891,1.021,107.862,104.994,108.684,0.992,111.486,108.135,1.002,113.026,112.083,114.059,0.969,103.142
3,159.525,10.551,1.136,104.329,100.14,96.591,1.052,109.743,10.994,1.003,97.469,100.392,104.238,0.963,93.87
2,159.59,103.039,0.956,100.093,105.143,108.807,1.026,109.146,99.915,0.935,113.228,98.729,97.506,0.974,104.08
1,159.693,9.939,112.713,99.737,117.134,101.107,11.252,1.014,11.054,110.967,102.928,108.479,93.563,11.548,1.019
1,159.843,11.629,105.247,102.676,114.557,99.415,10.637,0.973,10.718,101.99,100.469,115.684,98.035,10.55,0.969
3,159.941,11.056,1.035,108.308,103.788,95.911,0.994,107.282,9.573,0.962,101.478,96.383,107.84,0.951,98.999
1,160.143,11.267,112.797,107.355,113.619,95.384,10.39,0.937,9.863,111.01,97.632,99.597,99.874,11.508,0.97
3,160.312,10.83,1.133,106.747,99.385,109.496,1.051,108.648,10.166,1.066,107.145,98.367,109.967,0.972,104.852
2,160.504,106.499,1.065,112.105,112.487,110.483,1.06,109.335,102.669,1.044,108.786,111.765,103.565,1.12,110.484
3,160.586,10.945,1.124,95.047,93.844,106.392,1.047,105.768,11.215,1.011,99.348,96.927,106.18,1.061,102.375
2,160.805,100.631,1.027,105.595,113.242,113.295,1.005,107.323,109.499,0.995,104.241,103.505,100.257,1.015,115.598
4,161.121,115.612,1.132,1.018,1.011,109.564,103.233,10.83,97.426,1.13,1.038,1.097,104.399,99.089,9.577
1,161.153,11.109,113.031,104.296,104.636,106.675,11.385,1.054,9.91,102.654,104.896,117.655,103.119,10.493,0.953
3,161.162,10.364,1.09,96.216,109.859,108.758,0.989,93.562,9.565,1.056,104.28,109.1,108.071,1.002,92.44
3,161.32,9.721,1.07,100.213,98.395,97.784,1.001,103.875,9.578,1.086,99.788,97.715,103.575,1.018,96.287
4,161.379,107.661,1.026,1.13,1.02,106.649,109.065,10.85,110.672,1.146,1.116,1.062,99.234,94.672,9.949
1,161.392,10.793,109.42,108.071,103.35,98.825,11.227,1.084,11.727,114.401,102.693,112.684,106.098,10.751,0.939
1,161.425,9.917,100.122,104.243,116.955,93.794,10.927,1.075,10.794,106.074,109.27,104.533,105.559,9.924,1.06
4,161.464,101.785,1.091,1.07,0.956,93.208,109.145,10.091,109.661,1.086,1.113,0.965,102.464,106.619,10.971
3,162.194,9.628,1.07,108.491,109.783,100.229,1.06,101.0,11.059,0.981,93.246,109.244,103.732,0.989,104.248
4,162.211,114.204,1.041,1.037,1.072,106.763,105.643,11.06,103.112,1.0,1.075,1.074,105.386,105.691,10.571
2,162.313,95.512,0.95,105.751,103.651,108.127,1.009,117.126,111.63,0.942,101.26,103.712,108.807,1.032,116.659
2,162.403,99.373,1.092,118.747,108.456,106.564,1.088,99.653,111.806,0.971,114.184,116.482,114.679,1.076,117.26
4,162.983,114.419,1.028,0.974,1.114,110.294,95.593,9.673,110.106,1.084,1.138,1.018,105.163,101.952,10.978
2,163.186,110.934,1.036,115.331,112.756,107.752,1.092,105.743,100.953,1.074,117.074,109.593,100.319,1.093,107.011
4,163.235,106.421,1.031,1.001,0.963,102.604,108.585,9.904,103.575,1.146,1.013,1.08,97.594,95.168,10.67
4,163.257,101.366,0.979,0.995,1.096,100.196,108.716,10.838,98.89,1.051,1.079,1.035,109.246,104.711,10.792
2,163.616,95.951,0.994,108.45,101.703,102.288,1.107,108.428,97.328,1.01,109.447,106.101,101.221,1.002,112.421
1,163.644,10.939,106.041,111.06,105.778,94.003,11.007,1.046,10.226,117.179,106.03,107.862,99.112,11.391,0.99
2,163.697,103.455,1.072,114.949,102.056,101.451,0.982,102.796,110.53,1.077,100.554,102.856,102.484,1.108,114.908
3,164.037,9.605,1.09,95.455,105.08,98.774,1.036,94.546,10.288,1.073,98.144,100.569,101.499,1.087,95.962
2,164.35,102.07,0.945,103.67,103.393,108.081,1.13,99.19,109.133,1.004,109.812,115.937,102.518,1.108,98.885
1,164.358,11.158,108.137,111.521,101.398,104.86,10.144,1.026,10.403,114.401,100.639,103.404,102.348,11.502,1.038
4,164.378,101.666,1.132,1.042,1.0,101.742,107.692,10.047,114.16,1.018,0.966,0.965,98.946,107.156,11.295
3,164.536,9.642,1.015,108.882,101.876,111.078,1.096,95.978,9.89,1.02,107.826,110.284,110.596,1.117,105.668
2,164.631,102.648,1.011,105.644,107.995,102.361,1.133,111.585,101.372,1.017,118.303,108.507,111.371,1.063,106.033
3,165.193,10.915,1.099,96.604,98.607,98.721,1.047,92.709,9.549,1.102,96.021,98.493,109.446,1.062,107.427
4,165.225,97.229,1.145,1.029,1.124,103.833,106.457,10.16,114.145,0.97,1.102,1.102,94.341,95.089,11.238
2,165.534,101.49,0.951,108.604,109.473,108.807,1.088,114.02,96.773,0.943,115.494,114.889,106.236,1.102,110.701
2,165.893,101.107,1.097,116.652,102.816,99.038,1.035,110.944,99.719,0.951,117.477,105.632,107.91,1.137,105.943
2,166.058,95.311,1.015,105.644,114.733,97.502,0.998,105.721,99.549,1.086,110.111,113.392,110.248,1.085,99.541
1,166.142,10.411,100.166,99.737,104.636,104.277,11.22,1.001,10.168,100.122,112.365,104.042,107.619,11.383,0.962
2,166.341,105.559,1.097,114.149,99.401,97.906,1.137,112.871,100.429,0.967,103.582,112.241,103.161,1.093,110.624
4,166.546,110.515,1.0,1.139,1.047,103.004,104.288,10.225,97.281,1.057,0.977,1.039,109.438,105.702,9.685
1,166.605,10.174,111.455,108.097,105.342,105.993,10.266,1.03,10.454,118.503,102.185,108.86,105.571,10.255,0.981
2,166.732,107.363,1.022,112.62,116.799,114.751,1.147,102.542,102.565,1.054,109.012,111.646,100.684,0.976,108.852
3,166.926,10.442,1.038,93.701,103.732,103.113,1.114,100.219,10.568,1.048,99.076,107.716,97.166,0.98,105.449
4,167.419,104.84,1.062,1.107,1.035,99.07,107.707,9.636,105.246,1.006,1.051,1.106,102.464,104.323,10.976
2,168.419,105.916,1.021,103.653,99.617,112.183,1.079,100.087,101.352,1.036,114.604,109.99,114.401,1.113,109.713
3,168.456,11.229,0.962,96.201,97.311,97.929,1.086,98.052,10.294,0.981,97.953,96.339,96.948,1.104,101.0
1,168.827,11.391,112.797,97.518,102.49,94.003,11.13,0.929,11.431,106.071,101.454,111.345,95.437,11.692,0.991
1,168.934,10.237,117.99,101.767,109.597,108.046,10.502,0.939,11.547,113.888,104.413,113.341,94.426,9.995,0.942
1,169.245,11.517,101.436,104.418,100.509,99.629,11.095,1.006,10.796,104.328,113.563,99.97,108.388,11.504,0.995
4,169.37,112.322,0.998,1.073,0.994,107.501,104.4,11.061,109.223,1.115,0.976,1.033,110.711,105.411,9.686
1,169.397,11.159,117.554,99.28,114.706,109.136,11.7,0.97,11.331,114.383,107.593,113.613,101.09,10.493,1.011
2,169.496,111.679,1.106,117.002,108.709,112.075,1.022,105.721,95.422,1.051,101.842,105.143,100.094,1.063,99.234
4,169.591,110.523,1.146,1.023,1.081,96.037,94.892,10.822,113.461,1.078,1.008,1.08,99.986,108.865,10.142
3,169.813,9.697,1.075,97.323,99.385,93.76,0.962,101.928,10.235,0.967,110.495,97.854,102.229,0.971,103.996
3,170.179,9.483,1.043,93.483,100.198,102.795,1.024,100.152,10.265,1.086,109.668,108.192,94.475,0.991,108.879
4,170.535,103.021,1.051,1.139,1.069,105.163,110.291,10.829,104.994,1.0,1.036,1.134,97.756,110.291,10.929
2,170.559,101.275,0.987,105.533,110.104,104.449,0.981,109.217,112.828,1.034,101.813,106.407,106.218,0.976,105.504
3,170.561,9.855,0.965,93.701,106.333,108.081,0.978,94.004,10.435,1.05,104.372,106.644,95.291,0.999,102.321
3,170.673,9.947,1.094,107.36,108.726,108.292,1.018,103.745,10.62,0.981,110.034,96.614,94.799,1.037,95.079
4,170.744,110.139,1.034,1.018,1.091,107.405,101.012,11.135,108.579,0.98,1.006,1.018,101.287,108.439,9.913
3,171.11,9.596,1.05,108.687,98.493,103.662,0.973,92.869,9.638,1.014,102.75,98.338,106.878,1.021,95.995
3,171.728,10.26,1.098,101.459,107.56,103.361,0.978,107.028,11.008,1.018,101.002,102.525,105.241,0.98,103.883
1,171.737,10.162,117.81,105.75,107.515,103.139,11.422,0.982,10.084,114.511,96.843,100.249,107.47,10.742,1.034
1,171.834,9.935,101.958,97.245,111.57,96.599,10.856,0.938,10.41,100.538,106.983,117.129,107.602,11.08,1.046
2,171.894,103.709,0.984,114.604,102.169,110.142,0.993,110.148,96.869,1.011,111.511,112.749,108.746,1.066,109.895
1,171.953,11.192,106.071,108.652,114.635,107.715,11.126,0.995,10.995,109.02,101.635,108.867,105.986,11.088,0.995
2,171.963,111.493,0.99,101.243,115.798,107.61,1.076,115.953,109.506,1.062,101.899,112.66,111.012,1.113,108.236
2,172.774,95.521,0.954,110.116,109.991,114.162,1.12,115.754,99.05,1.094,118.232,108.507,110.498,1.085,111.577
4,172.881,112.359,1.145,1.052,1.009,95.038,106.647,10.856,106.763,1.084,1.008,1.093,104.618,102.975,11.247
1,173.447,11.573,116.314,97.832,107.938,93.06,10.516,1.006,11.653,114.383,103.63,115.61,103.741,11.119,1.1
1,173.489,11.257,111.333,107.858,100.602,96.65,10.299,0.959,10.303,101.077,109.117,112.175,92.948,10.93,1.076
2,174.164,112.373,1.028,101.939,117.039,114.162,1.114,108.448,109.084,1.09,109.091,105.202,113.696,1.009,99.969
2,174.845,111.295,1.053,107.656,115.892,104.803,0.983,114.54,95.311,1.02,112.241,109.199,112.728,1.062,101.656
1,175.076,10.552,103.173,97.207,105.951,93.551,10.11,1.062,10.062,111.807,99.603,109.913,100.302,11.652,0.987
4,175.307,98.843,1.132,1.02,1.133,105.066,100.783,9.768,101.488,1.058,1.05,1.052,106.036,96.755,9.621
2,175.335,96.465,0.94,105.178,108.008,97.518,1.146,111.7,109.707,0.986,106.973,100.772,101.35,1.09,100.161
1,175.38,11.582,117.588,98.856,116.33,107.546,10.293,1.029,10.365,113.162,109.321,103.639,95.961,11.467,0.959
4,175.401,111.466,1.017,1.014,1.079,107.249,100.063,10.272,110.781,1.052,1.041,1.133,110.526,104.834,10.904
4,175.796,102.099,1.093,1.09,0.998,95.942,97.432,9.642,101.785,1.006,1.074,0.958,107.838,100.995,10.188
4,176.193,104.408,1.073,1.065,1.131,102.353,105.497,10.341,113.035,1.074,1.028,0.964,97.33,101.323,10.968
2,176.416,111.855,1.045,103.311,106.627,102.484,1.038,113.375,113.076,1.029,103.172,112.815,102.955,1.15,105.391
4,176.635,106.763,1.1,0.982,1.091,106.049,108.084,10.54,112.549,1.066,1.079,0.974,100.084,94.725,10.699
1,176.83,10.076,118.667,103.846,108.46,93.362,10.536,1.011,11.089,113.18,97.448,106.588,103.405,9.858,1.058
4,176.862,105.268,1.124,1.012,1.084,108.046,96.244,11.297,107.451,0.99,0.966,1.065,96.797,99.926,10.515
4,176.948,99.926,1.077,1.115,1.0,106.082,105.968,11.247,110.426,1.065,0.975,1.046,104.894,103.469,9.795
1,177.159,11.043,105.405,111.469,109.406,104.828,10.323,1.024,10.208,108.927,112.536,108.354,104.989,10.544,1.012
4,177.38,115.084,1.066,1.141,1.123,93.534,95.127,10.053,101.556,1.118,1.036,0.992,102.706,103.216,11.34
1,177.735,10.949,105.081,103.355,103.236,95.714,11.007,1.039,10.291,108.205,111.384,109.66,104.892,11.44,1.102
1,178.154,11.566,111.825,99.8,105.597,92.399,10.302,0.973,10.828,117.522,97.102,102.71,106.026,11.107,0.933
4,178.41,102.81,0.979,1.115,0.978,100.919,96.468,10.095,102.733,0.971,1.013,1.039,108.651,98.839,10.959
4,178.535,106.34,1.024,1.069,1.083,107.39,99.953,11.327,97.503,1.132,0.976,1.004,98.372,102.032,10.348
2,178.688,109.396,1.107,110.843,109.285,107.392,0.985,116.71,98.108,1.0,108.671,115.892,112.171,1.079,99.653
4,178.855,108.639,1.147,1.008,1.082,110.708,110.453,10.885,106.271,1.037,1.012,0.974,109.313,110.826,9.904
2,179.024,105.968,1.021,106.86,108.86,106.163,0.989,98.885,109.323,1.001,105.853,106.9,113.935,0.996,114.363
2,179.697,95.883,1.069,111.072,107.829,107.371,0.989,108.369,108.119,1.086,108.27,108.988,100.018,0.989,106.735
2,179.927,98.754,1.031,108.739,101.012,109.973,0.977,106.55,106.69,0.969,113.722,105.505,111.579,1.01,100.941
2,180.048,102.291,0.982,110.426,116.738,96.933,1.096,116.181,101.365,1.07,101.025,101.033,101.341,1.025,102.533
3,180.11,10.13,1.138,93.263,99.904,101.27,1.125,107.693,9.974,0.972,101.614,94.456,104.97,1.038,106.004
2,180.202,104.181,0.974,104.81,115.937,113.676,1.015,99.02,101.837,0.977,102.213,113.816,114.959,0.974,107.484
4,180.434,112.149,1.027,1.053,0.972,107.501,100.783,10.265,111.494,1.072,1.026,1.062,110.453,104.323,11.225
2,180.462,97.45,0.956,102.017,110.333,97.924,1.124,101.376,101.373,1.028,114.949,108.456,113.403,1.151,107.564
2,180.535,109.544,1.09,101.629,113.816,108.467,1.069,104.726,98.153,1.034,112.606,113.669,112.331,1.114,105.425
4,180.9,114.391,0.983,1.138,1.123,98.808,100.745,9.969,97.75,1.018,1.083,1.085,104.706,98.912,10.567
2,181.065,107.209,1.005,112.849,106.816,106.067,1.054,117.184,104.181,0.95,108.736,103.805,106.888,1.072,110.96
1,181.147,10.174,103.394,110.893,113.487,94.14,10.396,0.948,10.071,101.436,98.718,106.588,93.395,11.056,1.062
2,181.274,103.495,1.066,116.335,100.142,108.372,1.132,105.425,100.651,1.057,100.517,101.082,110.43,1.1,106.876
2,181.321,96.751,1.016,108.624,101.017,102.807,1.001,110.899,100.317,1.013,104.953,107.471,96.851,1.026,116.682
1,181.542,10.56,104.532,104.362,115.166,107.778,11.131,0.979,10.722,109.603,108.368,115.794,104.151,10.531,1.038
4,181.959,106.038,0.996,1.135,1.079,108.053,95.512,10.637,100.297,1.071,0.978,1.05,98.153,98.314,10.352
1,182.11,11.057,110.297,98.013,102.913,109.439,10.934,0.973,10.774,117.33,100.49,113.341,94.879,9.991,1.068
1,182.123,10.853,110.738,101.086,104.0,108.467,10.493,0.953,10.207,104.82,98.652,115.074,94.162,11.418,0.932
1,182.261,11.678,101.28,110.534,100.173,102.953,9.907,0.982,11.161,110.671,102.536,108.844,104.82,10.81,1.093
3,182.398,9.867,1.141,99.755,106.77,99.759,0.967,105.83,10.945,1.14,98.633,98.349,103.492,1.09,102.986
2,182.557,101.275,0.984,112.577,107.642,105.504,0.99,104.894,111.93,0.935,105.842,115.487,97.175,1.015,116.973
2,182.589,102.189,1.092,110.173,103.203,112.255,1.09,102.996,98.757,0.962,117.477,105.505,100.208,1.007,114.54
4,182.6,104.829,1.084,1.031,0.984,93.165,107.083,10.563,99.702,1.006,1.132,0.988,94.341,96.893,9.551
3,182.603,10.772,1.084,109.788,100.09,102.691,1.101,93.632,9.771,0.975,99.843,100.855,103.828,1.051,92.637
3,183.121,10.381,1.054,109.448,109.1,102.81,1.001,104.362,10.918,1.103,94.342,100.344,105.503,1.036,98.444
2,183.47,102.198,0.979,110.648,114.493,114.2,1.043,103.203,112.055,0.932,110.579,103.724,98.673,1.002,111.662
1,183.493,10.168,118.077,104.564,107.805,97.66,10.939,1.053,11.069,100.395,97.71,104.441,104.277,10.076,1.053
3,183.547,10.494,1.063,102.046,96.289,96.776,1.103,92.336,10.898,0.996,98.014,96.668,93.989,1.034,101.503
2,183.551,99.303,0.984,112.847,108.695,103.11,1.139,114.906,103.998,0.938,118.123,106.973,99.883,0.98,110.578
1,183.586,10.932,111.663,109.321,116.911,99.062,10.621,1.024,10.441,112.929,105.861,115.684,104.593,11.131,0.942
3,183.658,10.92,1.011,107.097,96.668,95.973,1.111,106.327,10.63,0.982,93.839,109.9,104.281,1.003,101.895
4,183.669,115.576,1.14,1.078,1.12,100.733,109.733,10.496,113.697,0.976,1.117,1.132,102.284,104.569,9.64
1,183.805,10.385,100.639,105.469,109.44,97.392,11.113,0.996,10.291,101.306,103.496,106.916,108.345,9.955,0.953
2,183.919,102.593,0.978,108.45,112.003,103.115,1.106,98.869,106.258,1.045,113.153,114.139,105.704,1.1,111.043
2,184.003,107.509,1.011,110.205,106.874,101.062,1.124,99.65,100.631,0.935,101.59,112.711,103.115,1.034,107.786
4,184.257,100.255,1.056,1.132,0.985,107.68,102.757,9.595,113.152,1.102,1.095,0.979,107.39,94.625,11.265
1,184.684,10.05,106.264,112.266,103.125,98.683,10.723,0.96,10.879,102.88,112.365,107.389,96.205,11.3,0.928
3,185.059,11.263,0.996,103.303,99.463,110.126,0.959,95.977,9.628,1.055,108.942,100.641,106.878,1.066,107.066
2,185.218,101.172,1.053,101.526,103.401,99.468,1.075,111.627,96.265,1.046,111.207,101.697,101.972,1.121,108.757
3,185.342,10.068,1.091,101.783,104.728,100.229,1.054,97.486,10.605,1.12,107.097,102.934,95.454,1.067,101.094
4,185.601,112.216,0.976,0.979,1.089,94.631,105.941,9.791,97.714,1.051,1.101,1.062,104.883,101.223,10.435
2,185.632,101.311,1.106,107.853,103.992,102.167,1.015,101.84,104.018,0.967,101.319,109.166,113.027,1.008,110.016
2,185.705,98.706,1.028,106.244,103.96,114.279,0.994,102.085,108.034,0.967,105.372,110.932,100.908,1.034,114.363
4,185.871,102.245,1.095,1.074,1.072,101.023,94.603,10.828,114.82,1.003,1.123,1.039,98.411,110.256,9.694
3,186.456,10.51,1.13,93.97,101.194,109.775,0.989,108.271,10.922,0.977,107.122,95.142,108.676,1.091,94.803
2,186.561,108.446,0.967,115.397,114.733,105.026,1.031,114.342,106.717,0.986,114.165,112.642,97.773,1.026,104.393
1,186.795,9.884,105.276,104.445,104.323,103.47,10.219,1.029,10.379,101.569,96.055,111.848,94.074,10.455,1.016
3,186.985,9.725,0.97,100.998,108.759,109.554,1.087,101.141,9.529,1.001,105.962,103.605,100.586,0.957,99.683
4,187.106,99.451,1.01,1.096,1.073,100.766,109.548,10.408,109.661,1.14,1.017,1.092,105.386,99.357,10.957
1,187.891,10.236,102.654,102.475,109.456,97.619,10.835,0.986,10.379,114.917,111.698,112.958,104.183,11.17,0.988
2,187.941,108.452,1.0,102.589,104.54,111.06,0.975,117.349,96.908,0.992,118.068,99.467,113.368,1.127,103.478
3,188.034,9.82,1.027,95.889,103.095,103.343,1.061,104.475,11.154,1.056,95.566,98.085,107.523,1.108,93.798
1,188.245,10.583,113.888,98.787,101.19,92.865,10.528,0.98,10.39,116.485,110.741,100.712,107.848,10.686,0.938
1,188.467,10.095,110.502,95.883,106.585,104.028,10.302,1.052,9.927,111.125,107.045,105.794,95.561,10.034,1.093
3,188.499,10.594,0.996,102.398,98.693,105.19,1.027,109.204,11.141,1.038,96.767,104.312,93.941,1.055,107.271
3,188.56,10.93,0.992,102.584,103.508,107.84,1.086,100.113,10.543,1.09,97.501,109.934,104.795,1.069,105.852
4,188.611,106.727,0.973,1.117,1.096,104.712,95.089,10.257,104.525,1.108,1.03,1.066,107.251,106.963,10.948
4,188.637,113.711,1.002,1.057,0.955,100.717,103.287,11.084,106.591,1.034,1.126,1.092,108.985,100.531,10.581
1,188.918,10.374,107.852,108.248,102.853,102.801,10.552,0.973,11.551,104.742,97.155,101.191,92.307,10.558,1.008
2,189.189,98.328,1.001,101.46,115.459,108.068,1.062,103.21,110.228,1.059,108.032,117.07,108.684,1.107,110.155
2,189.199,100.862,0.938,105.836,115.919,111.84,1.037,116.836,105.068,1.062,118.87,101.685,98.297,1.011,114.342
1,189.213,10.923,108.073,104.453,107.805,105.774,10.792,1.031,11.097,104.842,108.776,101.147,92.291,11.6,0.958
4,189.215,108.872,1.146,1.039,1.127,107.931,96.594,10.632,108.907,1.141,1.131,1.121,106.838,111.333,9.965
2,189.244,110.83,0.983,102.732,111.472,99.167,1.021,102.699,103.68,1.084,105.086,105.939,103.848,1.054,100.704
1,189.722,10.705,102.018,100.325,106.493,97.58,11.7,0.944,10.454,111.184,97.799,100.137,96.536,10.357,1.093
2,189.76,96.136,1.05,109.127,115.285,99.676,1.005,117.209,101.489,1.035,111.474,108.352,107.61,0.982,104.405
3,189.77,11.143,1.033,104.768,94.836,99.668,0.954,95.035,9.877,1.069,108.807,94.318,103.092,0.999,104.982
4,189.906,112.624,0.968,0.977,1.069,97.756,107.568,10.663,107.258,1.002,0.97,1.046,105.163,102.468,10.049
4,190.42,111.433,1.108,1.02,0.967,97.195,99.551,9.577,107.026,0.984,1.139,1.101,109.24,94.058,10.905
3,190.445,10.509,0.995,93.97,94.456,102.382,0.996,105.83,10.109,1.065,103.52,108.838,102.913,1.02,105.52
3,190.634,10.066,1.035,106.127,109.479,101.559,1.096,108.662,11.215,0.979,106.745,99.602,99.819,1.073,92.766
4,190.746,113.056,0.997,1.026,1.085,99.962,108.814,9.833,105.645,1.146,1.034,0.998,99.284,99.551,9.563
1,190.769,11.059,118.068,103.416,107.515,105.515,9.959,1.034,10.463,115.384,97.51,102.762,95.36,10.795,1.069
1,190.777,10.796,105.319,109.234,108.278,100.848,10.506,1.101,10.807,104.724,106.978,116.476,92.33,10.293,1.053
2,190.908,102.542,1.0,106.176,115.32,105.051,0.996,110.428,107.651,1.035,103.67,116.923,112.514,1.02,107.512
2,191.398,108.346,0.955,106.426,102.381,98.013,1.145,102.905,96.898,1.028,105.712,104.104,98.366,1.002,101.417
3,191.921,10.898,1.047,99.617,108.583,98.058,1.039,94.389,10.457,1.061,100.011,106.485,101.499,1.112,106.051
1,192.236,9.932,101.842,101.926,116.867,107.756,11.184,1.042,11.429,100.12,110.127,102.49,102.739,10.469,1.034
4,192.627,113.157,1.075,0.963,1.034,98.557,98.089,10.3,108.741,1.042,0.993,1.13,102.424,102.267,11.287
4,192.742,100.392,0.983,1.123,1.0,96.517,108.486,10.025,102.652,0.976,1.054,1.119,94.901,100.482,9.921
2,192.974,96.436,1.053,113.11,116.122,101.831,1.076,112.539,102.51,0.987,107.881,117.388,101.341,1.027,104.59
4,193.232,108.96,1.081,1.04,0.99,99.075,97.225,9.754,104.834,1.084,1.114,1.089,99.234,98.693,10.12
3,193.383,9.793,0.965,110.051,109.703,110.309,0.952,98.052,10.826,1.047,104.269,102.073,103.143,1.069,96.451
4,193.667,98.586,1.1,1.055,1.027,105.889,102.735,10.588,104.829,1.056,1.144,1.135,98.675,106.249,11.217
2,193.723,101.372,0.954,105.208,106.878,97.142,0.985,98.781,110.97,1.073,100.972,99.584,99.25,1.03,107.628
4,193.841,103.708,1.124,0.987,1.028,101.755,111.159,10.693,104.539,1.068,1.049,1.101,101.491,103.52,10.06
1,193.981,11.666,101.7,105.49,110.547,105.698,11.146,0.957,11.486,110.593,102.461,114.864,107.548,10.16,0.992
2,194.751,109.499,1.059,105.751,111.074,96.787,1.002,101.959,106.526,1.065,107.001,102.398,114.959,1.09,100.365
1,194.947,10.015,105.438,97.854,105.431,108.058,10.743,1.058,11.635,100.804,111.372,108.04,103.279,11.721,0.996
2,194.958,110.228,0.983,116.785,100.47,97.878,1.004,102.052,106.581,1.068,113.259,117.071,107.392,1.112,99.767
4,195.686,100.52,1.112,1.048,0.957,103.797,110.73,10.622,109.046,0.997,1.022,1.097,104.944,96.672,11.142
1,196.202,10.05,114.14,110.529,102.913,96.854,9.899,1.086,10.041,109.716,111.167,112.504,102.466,10.01,1.041
3,196.492,10.417,1.03,95.705,108.754,101.499,1.081,94.979,10.067,0.983,103.828,104.919,97.79,1.043,105.034
4,196.607,105.614,0.973,1.031,1.085,101.547,107.156,10.068,114.367,1.131,1.094,1.051,95.567,108.648,9.872
3,196.658,9.982,1.034,104.339,98.367,96.516,1.008,102.318,10.395,1.055,95.724,101.278,102.537,1.062,107.197
3,196.732,10.494,0.977,97.608,101.064,103.828,0.984,107.09,11.25,1.063,99.468,101.466,93.567,1.083,104.982
1,196.796,10.568,107.541,103.541,111.296,104.882,10.147,1.057,11.156,117.597,104.27,107.862,93.006,10.314,0.947
4,196.804,112.798,1.027,0.985,1.126,93.748,99.316,10.098,100.288,1.09,1.076,0.999,102.331,103.714,10.389
3,197.081,9.771,0.972,94.817,102.58,110.753,1.027,107.944,10.384,1.118,105.334,104.865,100.03,0.997,102.94
4,197.186,107.169,1.03,1.071,0.999,100.268,93.937,10.31,109.929,1.033,1.137,0.99,103.701,97.754,9.653
4,197.206,103.638,1.121,1.071,1.098,99.07,100.995,11.239,100.395,1.036,1.093,1.033,93.86,101.396,9.842
1,197.823,11.367,117.028,99.102,115.659,102.538,10.128,1.019,11.668,100.642,102.005,108.278,101.959,11.22,0.982
2,197.977,100.898,1.023,114.52,103.459,113.033,1.056,114.363,98.46,0.992,105.827,112.851,112.24,0.969,115.541
4,198.188,98.004,1.125,1.026,1.022,93.414,94.414,9.695,110.625,1.1,1.125,0.99,104.894,108.486,11.198
1,198.792,11.391,103.091,112.042,104.882,109.042,11.026,1.034,9.91,115.675,98.809,109.456,99.226,10.744,1.079
4,198.842,109.929,1.097,1.11,0.966,104.788,107.156,10.064,106.787,1.071,1.054,1.109,96.587,100.15,10.807
3,198.891,10.863,0.967,104.576,109.517,94.713,1.127,98.14,10.009,1.133,97.323,99.492,97.9,1.04,103.678
2,199.188,107.875,0.983,106.761,104.442,103.404,1.076,112.547,110.902,0.95,114.694,106.94,103.115,1.064,114.93
2,199.782,106.828,1.098,107.667,99.467,102.116,1.059,106.085,100.125,0.932,105.983,101.449,104.021,1.147,100.679
1,199.959,10.134,111.455,100.639,100.981,100.627,10.219,0.939,10.528,114.506,105.541,107.134,95.663,11.096,1.029
1,200.28,10.856,108.309,97.544,104.002,105.809,10.908,1.031,10.866,114.427,95.865,101.58,94.14,10.393,0.983
3,200.285,10.148,1.082,101.984,93.01,101.209,1.005,105.392,10.761,1.048,99.092,104.961,108.404,1.119,108.086
3,200.293,10.758,1.018,102.192,105.812,103.492,1.034,109.08,10.944,0.991,101.878,109.378,106.867,1.035,95.171
4,200.301,115.284,1.034,0.966,1.133,107.358,102.707,11.08,105.54,1.059,1.132,1.093,95.038,101.322,9.676
4,200.437,103.348,1.02,1.025,1.069,104.381,109.939,10.916,108.52,0.981,1.088,1.078,104.391,93.796,10.556
3,200.445,10.009,1.043,108.936,106.841,102.382,1.123,103.456,9.581,1.069,102.005,106.066,100.124,1.029,109.228
1,200.738,10.79,107.806,103.541,104.357,103.608,10.915,1.086,10.57,117.38,96.577,104.575,93.309,10.155,0.933
1,200.778,11.054,110.297,110.765,105.006,107.932,11.383,1.039,9.943,110.053,100.729,99.793,104.692,11.228,1.004
4,200.97,113.879,1.144,1.089,0.963,93.659,99.631,9.572,112.821,0.997,1.02,1.004,97.582,106.722,10.587
2,201.112,107.064,1.05,115.863,106.9,100.296,1.081,105.22,96.541,1.081,105.984,98.946,113.343,0.99,104.59
3,201.115,9.94,1.018,97.811,105.571,98.07,1.051,106.53,10.362,0.963,100.68,107.026,102.348,1.076,100.335
4,201.353,104.721,1.124,1.02,0.958,109.759,98.023,10.047,97.281,1.029,0.989,1.119,103.21,104.902,10.572
4,201.519,108.973,1.109,0.972,0.993,106.3,101.972,10.632,99.745,1.071,1.085,0.993,97.23,93.778,9.701
2,201.52,110.631,1.086,101.813,112.839,103.565,1.057,111.684,110.842,1.042,106.343,104.183,98.969,1.015,116.356
2,202.028,99.525,1.078,115.331,116.093,101.124,1.136,103.665,105.833,1.0,101.176,98.899,105.116,1.132,113.522
3,202.054,9.595,1.09,103.19,104.741,96.516,1.061,107.21,10.175,1.05,106.618,108.004,103.334,0.962,109.356
2,202.096,102.273,0.998,102.017,103.268,108.159,0.999,110.716,106.366,0.986,111.788,113.24,102.712,1.086,104.277
2,202.281,103.17,1.086,104.979,109.478,108.874,1.103,106.909,100.953,0.945,104.011,106.654,113.641,1.133,104.412
1,202.389,9.957,105.276,100.579,111.675,96.65,10.546,1.058,10.886,101.538,100.101,114.147,106.383,11.12,0.98
3,202.692,10.927,1.116,102.733,96.518,106.997,1.106,93.105,10.113,1.063,92.973,96.47,107.721,1.084,104.817
2,202.714,109.021,1.056,112.969,99.862,102.489,1.096,110.411,101.275,1.064,107.245,107.172,96.809,1.037,110.826
3,202.859,9.773,0.973,107.657,106.833,109.558,1.028,107.372,10.029,0.975,98.986,93.292,105.406,1.025,98.684
1,202.914,10.725,114.426,96.006,109.024,100.738,10.647,1.091,10.022,110.67,100.971,104.882,106.286,11.647,0.99
4,203.132,104.948,1.142,1.09,1.009,96.311,110.155,10.303,108.563,1.073,1.128,1.112,109.086,107.568,10.171
4,203.139,105.305,0.988,1.076,1.01,107.978,99.001,10.827,101.67,1.136,1.069,1.001,105.954,97.648,10.148
1,203.428,10.665,109.55,97.482,109.374,95.996,10.627,1.078,10.164,118.433,103.521,115.505,95.143,11.213,0.975
4,203.632,97.535,1.106,0.99,1.075,99.284,110.142,10.636,101.921,1.017,1.096,1.093,103.227,102.199,9.791
4,203.669,101.457,1.027,1.018,1.125,108.413,96.232,9.846,109.914,1.005,0.972,1.0,103.837,111.282,11.302
3,203.823,9.747,1.07,99.812,99.169,96.545,1.093,103.678,10.35,1.103,98.167,94.659,106.761,1.008,103.044
2,204.696,107.209,1.068,117.002,100.47,114.9,0.983,108.956,108.595,1.096,101.891,104.727,113.295,1.063,103.7
4,204.717,104.819,1.135,1.081,1.109,98.557,103.922,10.889,104.871,1.108,0.984,1.089,103.833,103.742,10.581
4,205.056,101.984,1.003,1.132,1.112,99.574,98.864,9.986,115.008,1.051,1.038,1.13,98.85,102.29,11.134
1,205.095,11.395,113.935,97.218,108.479,99.093,10.424,1.082,10.826,111.399,103.817,115.969,104.183,11.644,0.974
1,205.294,11.178,100.89,99.521,101.19,97.157,11.113,0.96,11.089,115.202,106.654,104.774,105.267,9.995,1.089
1,205.323,10.377,106.757,103.471,111.228,107.5,10.461,1.089,11.119,112.777,103.405,115.166,99.621,10.494,0.998
2,205.731,95.951,0.943,118.189,109.11,112.088,1.033,116.587,98.46,1.037,111.208,98.793,110.635,1.01,110.954
2,205.904,105.431,1.095,101.26,115.919,111.807,1.147,104.393,104.181,0.944,114.035,98.819,103.581,0.974,101.659
3,206.248,10.863,1.055,93.97,101.721,107.637,1.024,95.763,9.939,1.111,96.628,108.65,110.5,1.103,106.244
1,206.261,10.155,105.752,113.783,103.646,101.638,10.703,0.994,11.046,110.694,106.86,116.588,92.143,10.88,1.033
2,206.414,109.2,1.013,112.657,103.292,101.972,1.15,111.704,107.209,1.106,106.761,111.213,97.598,1.06,107.287
2,206.492,110.15,0.975,108.739,98.992,101.35,1.011,116.43,103.622,1.004,116.623,99.148,97.309,1.048,112.904
2,206.634,98.832,0.967,116.277,103.0,98.573,1.107,116.181,98.847,0.954,103.266,108.877,110.047,0.988,114.198
4,206.895,112.637,1.123,1.13,0.991,97.582,96.786,9.949,110.015,0.967,1.107,0.984,96.446,104.163,10.803
2,206.899,102.597,0.937,112.926,112.765,108.627,0.976,110.428,96.446,1.022,107.623,113.762,108.184,1.125,114.836
3,207.015,9.735,1.128,105.005,104.029,102.587,0.952,100.656,9.573,0.984,104.233,105.583,106.18,1.048,108.606
2,207.565,96.335,0.955,100.054,105.139,106.539,0.994,116.771,107.189,1.082,103.161,104.88,109.73,1.038,100.693
4,207.578,113.798,1.052,1.013,1.098,101.191,95.035,10.748,101.631,1.039,1.107,1.066,94.723,103.939,11.104
1,207.604,11.287,114.773,102.738,99.784,99.072,10.599,0.931,10.77,100.279,103.831,111.467,99.095,10.176,0.955
2,207.699,95.422,0.979,112.849,103.585,97.298,1.024,112.857,95.613,0.992,103.266,103.301,111.77,1.035,105.9
2,207.703,102.233,1.075,112.752,106.622,112.647,1.028,109.04,111.546,0.956,111.866,114.592,114.798,0.995,113.729
3,207.754,10.401,1.11,104.194,109.068,108.913,1.02,92.336,11.012,1.034,97.001,99.035,104.896,0.992,104.422
2,208.051,111.138,1.038,102.774,103.301,98.013,1.026,108.448,101.145,1.057,109.524,108.475,110.738,0.98,102.156
2,208.135,108.683,1.044,105.916,104.599,100.408,1.05,99.531,105.571,0.977,111.786,114.227,96.881,1.113,111.501
1,208.204,10.761,118.013,99.416,111.291,104.277,11.661,0.971,11.517,110.068,100.189,109.05,96.951,10.225,1.066
1,208.218,10.403,111.772,112.286,105.766,100.914,10.181,0.952,10.97,103.269,95.818,113.496,102.111,10.536,1.0
4,208.275,108.41,1.05,1.067,1.102,104.598,98.091,9.673,108.888,1.029,0.986,0.962,95.886,97.565,11.236
4,208.327,99.403,0.981,1.086,1.04,100.102,98.79,10.622,104.338,1.05,1.058,1.04,93.512,101.084,9.99
4,208.477,114.82,1.083,1.087,0.992,109.351,96.268,10.884,104.145,0.981,1.071,1.001,108.928,103.87,11.149
1,208.605,11.659,108.405,110.039,115.794,99.695,11.688,1.082,11.18,111.328,96.602,105.23,98.241,10.601,1.086
3,209.033,10.891,1.095,98.56,108.676,99.216,1.029,98.608,10.994,0.971,103.933,98.494,102.95,1.066,94.495
2,209.207,108.179,0.987,116.149,99.401,99.739,1.055,98.91,110.382,0.994,101.922,101.694,108.303,1.036,104.592
3,209.438,10.265,0.977,104.722,96.47,104.916,1.067,98.292,9.884,1.084,96.234,101.893,103.94,0.967,98.444
1,209.526,11.227,116.074,108.071,110.872,99.664,10.149,0.951,11.724,109.716,108.536,108.638,94.685,10.291,0.998
4,209.554,112.265,1.039,0.989,1.028,110.453,108.348,11.273,102.458,1.101,1.046,1.096,100.985,105.389,10.622
3,209.575,10.568,1.031,104.826,102.062,95.0,1.065,98.323,10.013,1.133,99.468,107.222,98.708,0.984,107.059
1,209.706,10.566,117.093,98.427,107.479,93.168,9.945,1.071,11.698,101.892,104.578,115.659,98.027,10.57,1.057
4,209.966,101.693,1.027,1.132,0.957,103.925,101.761,11.209,114.348,1.108,0.966,1.067,108.684,108.327,10.537
3,209.998,10.449,1.103,96.877,100.392,101.541,1.091,102.357,10.204,1.007,107.662,93.94,108.246,0.97,103.09
1,210.218,11.453,105.861,104.445,104.35,104.524,10.796,1.023,11.251,111.075,110.657,108.645,97.445,10.103,0.968
3,210.349,10.945,0.996,97.953,99.494,110.096,0.957,96.092,10.362,1.124,95.595,99.851,107.594,1.128,101.726
3,210.409,9.484,1.126,101.755,106.696,97.1,0.985,96.284,9.722,1.055,98.951,94.09,110.289,1.03,109.31
1,211.112,10.854,114.485,105.384,102.489,96.75,11.661,1.002,10.076,100.178,101.372,102.232,105.532,10.595,0.959
3,211.165,11.25,1.114,98.014,105.327,100.835,1.01,102.755,9.73,0.965,94.742,106.362,110.096,1.073,95.378
1,211.176,11.391,109.638,107.135,112.301,108.253,11.437,0.967,10.202,104.337,112.921,103.916,95.182,10.01,1.067
1,211.712,10.467,107.082,105.678,103.916,107.605,10.795,1.034,11.06,110.053,101.599,113.619,99.178,10.465,0.968
2,211.886,96.253,1.107,111.511,107.642,103.047,0.985,100.709,100.265,0.938,100.36,105.047,113.033,1.133,116.742
1,211.918,9.935,110.722,113.14,102.737,107.328,10.616,1.005,11.658,111.102,104.3,110.342,101.018,10.513,1.009
3,212.247,10.491,1.09,106.235,106.08,104.571,1.126,92.65,9.793,1.111,99.348,102.992,102.879,1.009,95.023
3,212.261,10.166,1.034,93.588,109.113,110.518,0.957,107.803,11.11,0.99,100.446,98.29,107.3,0.984,107.458
1,212.344,10.134,113.831,109.246,100.958,103.87,11.196,1.074,11.205,103.476,99.737,105.015,94.14,11.595,1.058
3,212.399,9.82,1.058,95.877,109.43,107.637,0.997,108.064,9.913,1.067,105.005,109.76,97.531,1.032,95.188
1,212.459,9.911,103.957,113.147,104.352,105.984,10.522,1.019,10.087,110.057,103.089,114.271,102.538,10.024,1.039
3,212.472,10.413,1.077,95.874,99.269,105.523,1.065,96.367,11.173,1.076,107.06,105.894,96.574,0.979,103.432
4,212.509,110.639,1.035,1.04,1.063,97.137,101.981,10.47,107.547,1.134,0.966,1.114,100.345,110.29,10.732
4,212.598,97.544,0.968,1.102,1.008,100.767,107.067,9.559,112.41,0.996,1.067,0.959,93.41,110.524,9.97
2,212.682,104.879,1.08,108.629,110.381,98.467,1.03,102.796,107.123,1.048,114.207,106.012,104.449,1.012,102.253
3,212.752,10.934,1.114,95.626,94.479,104.614,1.02,109.211,10.368,1.097,99.106,106.909,94.784,0.993,95.149
1,212.878,10.132,109.986,103.148,116.267,94.348,9.913,1.041,10.313,117.908,98.172,101.085,94.277,10.368,0.952
2,212.887,102.49,1.09,107.186,99.077,101.366,1.034,105.636,97.48,1.038,118.303,113.538,106.117,1.06,110.274
4,213.016,102.26,0.974,1.084,1.046,107.838,105.389,11.34,111.037,1.016,1.05,1.089,95.942,104.659,10.788
2,213.332,103.702,1.097,118.846,112.346,100.408,1.074,105.126,103.995,1.004,113.353,103.585,105.415,1.075,114.004
4,213.455,101.879,1.059,1.086,1.024,98.318,108.178,10.957,97.774,1.067,1.038,0.955,95.099,97.073,9.867
1,213.493,9.99,113.142,102.902,100.306,107.635,10.656,1.006,10.158,113.18,108.541,102.494,105.515,10.599,1.033
1,213.519,11.515,114.106,109.874,112.958,102.9,11.058,0.935,11.25,117.98,99.861,107.853,99.539,10.494,1.011
4,213.807,114.545,1.12,1.11,1.063,108.039,101.991,10.091,111.987,0.999,1.038,1.075,105.286,105.964,9.649
4,213.841,106.34,1.128,0.986,0.999,110.698,107.202,10.924,108.741,0.991,0.967,1.111,97.205,104.705,9.877
3,213.854,10.962,1.104,110.034,93.34,109.134,1.077,97.188,10.431,1.048,99.617,105.812,108.02,0.968,97.188
1,213.94,11.71,115.163,104.874,104.139,109.532,11.315,0.935,10.529,114.917,110.126,109.311,95.787,10.918,0.929
3,214.074,11.208,1.11,98.951,105.894,104.022,0.986,109.176,11.231,1.035,99.896,94.489,97.529,1.006,94.574
1,214.091,9.928,117.882,98.787,114.998,96.253,11.285,0.946,10.714,101.313,101.372,107.862,99.621,10.616,1.02
3,214.207,10.263,0.965,97.737,106.232,108.303,1.081,92.393,10.952,1.092,99.402,98.385,102.462,1.098,92.866
4,214.436,100.058,1.033,1.014,0.957,98.428,97.677,10.168,101.961,1.14,1.002,1.098,105.3,109.173,11.266
2,214.458,100.844,1.028,116.918,101.194,98.838,1.024,99.451,97.619,0.988,109.5,115.358,108.228,1.103,101.959
4,214.791,99.682,1.003,1.022,1.019,105.018,111.123,10.502,102.119,1.031,1.079,1.019,95.973,110.943,11.297
1,214.824,10.923,104.248,113.422,115.387,103.259,11.284,1.022,11.202,113.055,104.923,114.289,96.25,10.502,1.025
3,215.047,10.527,1.002,98.015,104.048,98.258,1.024,105.345,9.585,0.989,100.998,106.942,102.872,1.066,92.766
1,215.076,9.94,113.649,111.627,104.92,95.527,10.302,0.933,11.475,103.129,110.184,114.755,105.532,10.203,0.947
1,215.1,10.084,110.327,100.66,107.805,106.394,10.637,0.971,11.282,111.879,96.24,103.84,105.385,10.688,1.001
4,215.109,112.893,1.076,0.983,1.028,99.319,97.195,10.938,107.067,1.003,1.072,1.022,108.814,101.089,10.514
1,215.129,11.339,108.087,96.561,110.897,100.157,10.738,1.019,10.64,99.848,104.493,118.277,97.566,11.619,0.951
2,215.216,103.677,0.972,107.471,110.345,103.677,1.074,111.571,108.956,1.097,116.277,116.923,112.942,1.128,106.391
1,215.498,10.064,110.124,110.381,113.749,108.025,11.547,1.061,10.202,110.458,103.221,114.213,96.078,10.007,1.038
3,215.527,9.825,1.136,104.547,95.574,109.109,0.998,96.667,9.962,0.962,99.266,93.899,110.5,1.08,105.728
3,215.63,10.726,0.967,101.906,94.412,106.931,1.06,92.44,10.891,1.042,93.72,103.571,106.18,0.972,96.318
4,215.783,108.443,1.05,1.048,1.006,109.986,95.055,11.274,100.914,1.053,0.967,1.124,98.517,94.988,10.712
3,215.999,9.565,1.134,93.839,100.812,107.758,0.984,101.883,9.527,1.126,98.543,106.98,99.808,1.027,104.591
2,216.232,112.378,0.952,109.05,106.407,100.808,1.1,108.976,110.286,1.057,118.189,117.248,98.679,1.061,104.417
1,216.434,10.183,114.749,105.657,109.232,98.889,10.513,0.93,9.988,107.36,106.023,113.559,93.435,11.311,0.943
3,216.53,9.931,0.994,93.708,109.702,101.401,0.967,106.249,10.204,1.001,101.906,99.476,107.995,0.957,108.691
2,216.548,99.511,1.058,114.628,105.139,108.648,0.984,104.662,99.117,0.995,105.178,109.461,98.909,1.038,104.714
3,216.806,10.448,0.999,102.253,109.88,103.2,0.98,98.333,9.535,1.023,110.316,101.893,106.409,0.97,98.425
2,216.967,112.685,1.068,103.522,110.62,112.757,1.044,99.179,96.078,1.056,112.684,102.533,109.239,0.978,108.02
2,217.196,113.114,0.932,110.227,107.702,102.998,1.024,115.733,111.869,1.018,102.856,101.156,109.163,1.102,101.607
4,217.884,114.983,1.142,1.144,1.09,105.066,109.1,9.896,106.188,1.054,1.036,1.054,103.205,102.435,9.854
1,218.217,10.353,116.13,100.778,110.605,99.9,10.007,0.928,10.454,99.819,99.349,105.597,100.391,10.953,1.078
1,218.258,10.084,117.493,104.057,114.755,103.139,10.181,0.943,11.402,107.852,100.697,107.862,105.986,10.04,1.075
2,218.407,111.086,1.09,105.522,107.035,105.641,1.119,117.271,109.825,1.0,115.377,102.313,105.192,1.009,107.211
4,218.861,110.748,1.057,1.099,1.098,98.596,109.623,10.225,99.172,1.051,1.018,0.972,94.363,101.538,10.736
1,218.89,10.851,100.076,111.711,104.323,106.613,10.267,0.981,11.664,103.924,110.527,103.414,95.437,10.741,1.027
4,218.915,108.099,1.133,0.962,0.98,93.816,105.814,9.867,102.349,1.088,1.026,1.028,104.782,101.818,10.206
2,218.939,101.141,0.965,107.801,115.538,105.145,1.146,117.112,105.559,1.002,105.346,116.126,98.965,1.105,115.968
2,219.251,102.267,1.078,117.958,107.374,103.669,1.08,101.417,109.18,1.04,107.014,102.025,106.236,0.987,116.761
4,219.392,105.891,0.993,0.98,1.12,96.627,102.707,10.388,98.257,1.12,1.014,0.976,93.393,109.1,10.9
3,219.894,10.527,1.116,109.783,102.934,110.701,1.087,103.69,11.164,0.986,99.522,102.808,100.971,1.11,100.072
3,220.16,10.945,1.021,106.558,106.73,106.725,1.117,98.561,9.581,1.074,93.72,106.77,103.113,0.973,99.659
1,220.491,10.423,102.18,101.025,102.889,97.192,9.958,1.064,10.568,109.754,104.33,116.895,99.062,10.128,1.009
3,220.683,9.86,1.111,104.729,103.071,102.229,1.085,107.491,10.07,1.108,101.442,107.785,96.811,1.062,101.364
2,220.782,105.531,1.085,109.663,117.039,106.828,0.983,112.334,99.4,0.943,109.271,115.414,104.803,1.073,105.41
1,220.858,10.654,113.632,108.331,117.639,104.479,10.147,1.033,10.953,108.62,111.53,114.136,107.021,11.143,1.076
4,221.222,102.717,1.109,0.979,1.078,107.249,101.322,10.059,113.764,1.087,1.125,1.026,110.227,101.818,10.818
3,221.31,9.491,1.097,100.238,95.548,107.775,1.103,95.975,11.08,0.986,105.268,102.412,101.862,1.057,104.835
4,221.465,107.661,1.063,0.978,1.06,109.185,96.724,11.337,99.972,1.05,1.099,0.988,97.23,98.811,11.278
1,221.802,10.779,101.266,102.449,110.425,104.277,9.997,0.929,10.058,114.282,99.15,105.204,107.005,11.698,1.084
2,222.075,103.461,1.077,108.594,110.106,101.995,1.105,101.681,97.619,1.034,101.939,112.72,101.303,1.074,117.184
4,222.423,111.537,1.061,1.124,1.024,104.795,95.174,10.67,100.864,1.045,0.993,0.982,110.341,103.922,10.943
2,222.435,106.69,1.03,107.794,110.873,100.433,1.032,110.211,110.374,0.967,106.381,117.115,97.773,1.143,100.134
1,222.477,9.978,106.086,104.06,116.819,105.949,11.096,0.965,10.758,104.774,97.832,107.02,106.713,10.149,0.953
1,222.509,11.391,106.136,100.297,116.33,102.285,10.502,0.938,10.41,113.04,109.447,112.256,101.011,10.091,1.046
4,222.521,109.907,1.025,0.982,0.969,110.409,108.402,10.288,102.122,1.143,1.127,0.99,106.297,102.892,11.206
4,222.563,106.652,1.079,0.987,1.09,101.101,108.359,10.557,100.557,1.004,1.061,1.1,101.184,102.239,11.084
2,222.603,109.171,0.949,117.515,100.932,98.653,1.077,116.372,105.798,1.005,100.959,101.685,112.546,1.114,106.369
4,222.639,106.889,1.108,1.005,1.038,95.317,97.58,9.649,113.311,1.032,1.14,1.063,108.986,103.851,10.82
3,222.711,10.633,1.005,97.298,97.715,94.543,0.974,93.384,10.621,1.128,105.343,97.353,95.294,1.108,105.314
1,222.815,9.884,111.94,102.693,102.737,92.181,10.489,1.027,10.154,116.328,98.257,114.557,105.668,10.291,1.091
1,222.898,9.914,117.918,97.157,103.639,92.699,11.402,1.057,10.725,109.498,112.891,113.867,109.168,10.56,1.081
2,223.085,102.535,1.069,114.561,109.793,97.313,1.038,111.704,96.555,1.103,103.479,106.101,99.834,1.017,108.501
4,223.141,104.799,1.098,1.108,1.028,95.078,95.818,10.014,107.978,1.126,1.09,1.095,109.726,109.51,11.295
1,223.154,11.529,111.746,109.234,106.575,104.697,11.277,1.042,10.316,107.38,108.541,113.749,100.302,11.651,0.947
1,223.325,9.988,118.046,99.639,113.619,106.946,10.144,1.029,10.715,101.412,100.2,112.36,96.621,10.574,0.957
1,223.595,11.034,109.058,102.044,112.85,109.135,10.336,0.94,11.517,115.181,105.657,104.676,99.316,11.569,0.947
4,223.615,103.392,1.134,1.116,1.04,100.872,109.935,10.906,115.32,1.143,1.038,1.056,95.905,101.991,9.628
3,223.649,10.384,1.012,99.843,102.635,101.697,1.059,98.076,9.595,1.002,96.107,94.894,105.912,1.066,107.623
2,223.731,105.317,0.96,100.799,112.797,112.613,1.029,116.761,110.529,0.937,114.205,109.884,107.746,1.114,100.741
1,223.885,11.443,104.724,110.891,105.207,99.293,10.011,0.981,10.341,117.076,113.192,110.214,97.66,11.519,1.065
2,224.067,99.18,1.046,102.507,113.142,112.295,1.034,100.161,99.034,1.021,101.813,105.939,105.192,0.973,103.166
2,224.288,108.072,1.102,114.834,115.308,113.901,1.032,100.45,101.452,1.028,100.828,116.237,104.106,1.049,105.058
2,224.343,109.534,1.051,117.334,99.169,101.774,1.03,106.085,106.24,0.995,105.533,114.599,113.528,0.997,113.145
2,224.745,108.891,1.06,101.779,99.859,109.445,0.968,106.596,96.824,0.954,103.634,109.133,102.276,0.981,115.702
1,224.87,10.862,103.208,106.978,111.497,96.799,11.624,0.974,10.895,117.217,102.508,117.025,93.826,11.152,1.089
3,224.963,10.721,1.103,96.67,94.856,106.725,1.102,102.449,10.44,0.966,108.443,109.79,95.266,1.03,104.475
2,225.093,98.706,1.068,110.648,99.602,105.653,0.979,113.057,101.344,0.961,114.035,113.245,106.74,1.148,115.645
1,225.172,11.455,108.61,104.488,113.81,95.327,10.93,0.964,10.684,101.194,97.111,117.639,104.882,10.994,0.934
2,225.247,105.103,1.06,114.488,115.371,99.93,1.12,100.161,107.373,1.071,112.015,103.205,106.243,1.113,111.892
4,225.38,108.652,1.069,0.991,1.062,107.68,109.939,11.06,108.47,1.052,1.08,1.01,109.512,94.378,10.476
1,225.422,10.177,104.329,104.057,115.001,107.999,10.943,1.029,11.611,117.309,110.127,102.988,104.894,9.925,1.062
2,225.554,99.474,1.042,109.344,112.367,106.902,1.055,114.544,103.702,0.932,118.359,112.761,99.579,1.055,110.397
3,225.838,9.538,1.138,106.589,106.533,99.925,1.112,98.076,10.621,0.989,104.596,93.069,104.394,1.122,100.817
4,226.105,100.661,1.025,0.993,1.052,105.903,107.522,10.216,109.769,1.03,0.984,1.073,105.468,108.847,10.133
2,226.153,102.171,0.94,100.635,116.619,105.79,1.099,100.465,103.082,1.0,114.272,113.392,105.359,1.145,108.044
4,226.614,113.044,1.045,1.115,1.068,95.933,101.795,10.529,100.361,1.089,0.962,1.023,93.817,108.716,11.179
1,226.677,11.261,118.571,102.928,117.59,96.621,10.514,1.038,9.877,116.229,99.304,104.393,98.902,10.413,1.004
1,227.541,10.738,114.33,112.688,105.23,92.524,11.406,0.967,9.955,101.194,110.961,100.473,107.087,10.907,0.99
2,228.267,99.182,1.027,114.801,107.85,103.378,1.002,102.991,107.813,1.089,113.979,111.815,112.548,1.107,103.899
3,228.309,11.118,1.048,98.421,104.377,108.563,1.067,96.513,9.592,1.09,101.046,94.09,94.109,1.056,107.002
1,228.572,11.55,113.499,106.104,105.641,100.754,11.331,1.041,10.573,102.601,105.605,105.892,96.253,11.558,0.948
4,228.782,99.045,1.061,1.07,1.008,109.351,104.446,10.319,115.092,1.135,1.026,1.101,104.711,95.277,10.699
4,229.034,102.35,1.142,1.058,1.096,104.557,105.159,10.631,107.273,1.021,1.08,1.093,108.317,108.483,11.256
2,229.155,106.443,1.034,102.589,111.24,114.2,0.968,103.529,97.85,1.021,100.311,109.067,112.78,1.091,110.342
1,229.627,10.092,115.37,96.577,105.503,102.111,10.894,0.942,10.391,106.96,104.257,117.237,95.714,10.381,0.957
3,229.67,11.143,1.019,99.896,100.401,100.852,1.112,104.636,10.504,1.058,105.834,102.459,106.818,0.95,101.687
3,229.696,10.176,1.09,108.874,109.106,94.316,1.067,92.44,10.631,1.063,110.274,101.459,100.312,0.965,99.468
4,229.713,101.631,1.042,1.01,0.969,94.662,107.558,10.848,113.477,1.076,1.045,0.994,95.886,101.538,10.348
2,229.927,108.059,1.024,116.592,107.549,112.198,1.133,106.085,103.878,1.088,102.091,107.374,97.518,0.988,110.428
1,229.937,10.349,104.482,109.665,101.051,100.758,11.642,0.929,10.831,105.438,99.061,118.255,95.147,10.377,1.069
4,230.211,106.34,1.045,0.965,1.112,104.122,98.44,11.064,100.297,1.031,1.064,1.127,98.139,94.591,11.064
3,230.387,10.645,0.997,110.382,94.902,108.676,0.984,96.667,10.29,1.084,96.604,94.672,97.956,1.081,94.852
2,230.398,109.825,1.009,105.916,98.994,113.696,1.123,104.366,104.091,1.056,102.507,114.969,107.61,1.064,114.841
3,230.595,9.884,1.09,105.848,95.36,109.386,1.114,98.671,10.189,0.99,103.173,107.771,98.164,1.058,100.329
4,230.596,114.1,1.006,1.116,0.976,108.656,103.779,10.408,105.981,0.986,1.108,1.061,98.732,110.256,10.655
1,230.6,10.441,111.34,105.469,107.116,107.27,9.918,0.994,11.395,100.947,113.791,113.7,107.021,11.704,1.048
4,230.832,108.483,1.108,1.044,0.966,109.545,108.483,10.678,101.583,1.008,1.141,1.076,103.704,100.15,10.603
3,231.091,10.1,1.055,102.537,106.485,109.928,1.067,106.938,10.632,1.054,101.677,93.142,99.024,1.128,97.626
4,231.176,113.688,1.09,1.093,1.091,96.824,108.359,10.655,104.9,1.076,1.102,1.067,100.345,107.201,9.921
1,231.475,10.391,118.503,108.182,116.639,104.523,10.028,1.041,10.856,115.675,99.981,113.635,106.688,10.861,0.931
4,231.547,102.363,1.023,1.125,1.089,97.163,109.222,10.286,102.335,0.966,1.088,0.96,102.424,103.744,11.239
3,231.687,10.369,0.974,105.343,108.65,95.679,0.99,109.204,9.721,1.097,106.607,105.156,100.03,1.012,108.45
3,231.854,10.483,0.977,108.804,104.741,109.727,1.084,98.74,10.886,1.007,104.55,93.069,110.126,1.08,103.506
2,231.985,110.97,1.086,111.128,111.587,104.475,0.991,104.643,99.499,1.079,118.572,100.483,111.906,1.024,115.702
1,232.394,10.828,105.7,113.563,110.567,102.718,10.756,0.98,10.409,113.359,103.615,105.503,107.021,11.552,0.95
4,232.569,98.834,0.966,1.065,1.089,107.997,98.043,10.389,98.715,1.013,1.099,1.016,107.675,109.11,10.027
2,232.645,105.651,1.001,109.053,102.659,101.105,1.037,115.953,101.186,1.069,110.281,100.841,112.088,1.15,101.659
4,232.676,99.702,1.038,1.133,1.108,94.723,100.995,10.713,111.555,1.138,1.084,1.015,104.861,102.771,10.256
1,232.981,10.789,112.076,111.604,112.36,109.167,11.653,0.94,11.182,104.403,112.585,114.213,97.929,11.519,1.027
3,233.014,10.62,1.042,99.401,94.836,94.417,0.983,92.766,10.682,1.074,98.191,109.702,101.674,1.117,99.93
3,233.176,10.772,1.11,93.93,94.836,93.925,1.093,108.456,9.858,1.065,106.073,108.845,104.853,1.078,100.789
1,233.244,10.315,111.469,101.623,105.437,104.882,10.296,1.016,9.921,115.584,111.888,101.145,108.976,11.048,1.082
2,233.34,113.325,1.043,101.351,99.481,109.445,1.126,113.817,113.013,1.045,109.127,104.111,107.385,1.075,102.549
3,233.358,10.607,0.993,101.471,94.568,105.406,0.951,103.699,10.896,1.048,104.177,97.462,104.151,0.968,107.531
4,233.526,112.683,1.058,1.024,1.117,94.837,96.779,9.543,106.29,1.056,1.047,1.065,98.65,105.518,10.529
4,233.85,97.66,0.967,1.065,0.955,94.234,95.641,11.103,101.529,0.98,1.095,1.098,94.265,99.986,9.577
3,234.043,9.583,0.999,104.393,108.186,105.418,1.012,102.565,10.13,1.042,101.503,104.791,99.04,1.049,103.507
1,234.224,11.245,110.139,108.822,107.134,97.381,11.483,1.084,10.137,102.582,108.922,112.958,98.671,11.661,1.05
2,234.513,104.716,1.089,113.713,104.28,104.449,1.107,113.817,96.776,0.972,103.493,114.966,99.122,0.969,113.994
2,234.626,102.233,1.004,114.907,111.765,112.647,1.096,104.714,102.415,1.024,107.853,102.141,107.014,0.971,101.376
2,234.808,98.75,0.937,104.109,102.787,104.075,0.976,102.796,107.064,0.976,101.777,116.436,110.268,1.01,107.526
1,234.877,11.198,116.659,107.7,115.961,100.424,10.769,1.037,10.325,100.122,103.416,109.429,104.334,10.522,1.094
2,234.991,97.814,1.096,109.039,116.713,96.881,0.992,103.6,102.854,1.051,114.78,100.343,112.257,0.985,106.937
3,234.996,10.863,1.012,97.99,102.879,99.022,0.985,100.152,9.562,1.119,94.869,102.592,94.469,1.12,94.494
3,235.127,10.529,1.095,93.512,94.446,99.04,0.978,102.423,10.932,1.092,101.986,108.933,97.251,0.973,94.346
3,235.17,9.962,1.056,101.442,93.899,102.075,1.076,108.36,10.109,1.035,102.05,109.058,98.721,0.989,101.647
2,235.903,104.042,0.945,101.778,114.252,102.489,1.109,99.234,104.937,1.005,112.279,114.679,103.11,1.038,111.744
3,236.031,10.758,0.981,99.685,101.016,97.531,0.968,96.271,9.89,1.039,96.021,102.148,108.881,0.998,105.844
1,236.069,10.39,102.762,113.042,117.684,96.167,11.501,1.006,11.695,108.93,104.069,111.848,102.739,11.463,1.016
1,236.091,10.264,108.073,109.28,113.268,99.629,10.934,1.023,11.291,110.538,102.044,109.199,99.316,10.55,1.02
3,236.508,10.541,0.975,99.604,98.227,99.036,1.02,93.525,9.848,1.108,96.376,104.989,103.588,0.961,93.878
3,236.573,10.734,1.032,109.259,95.129,96.911,1.09,100.144,11.128,1.002,99.685,92.978,97.949,0.985,100.474
4,236.653,99.016,0.972,1.1,0.971,101.46,95.089,10.476,113.313,1.006,1.03,0.993,97.208,110.788,10.341
3,236.805,10.878,0.975,108.807,93.694,97.949,1.024,99.602,10.057,1.103,106.218,103.812,101.862,1.128,108.456
4,236.899,108.579,1.118,1.073,1.107,107.525,97.14,10.188,110.106,1.111,1.026,0.962,98.834,102.11,9.948
3,236.934,9.676,1.0,99.374,109.842,95.911,1.056,108.743,10.853,1.002,95.001,93.997,103.878,1.084,104.446
3,237.365,9.646,1.103,101.834,97.044,108.113,1.027,99.683,9.735,0.961,110.034,107.434,95.686,1.03,103.855
3,237.525,10.97,1.025,103.245,96.554,110.518,1.034,104.058,10.289,1.049,107.701,109.703,110.107,1.101,98.333
4,237.611,107.638,0.991,1.029,1.008,96.525,100.079,10.3,97.281,1.064,0.995,1.113,110.294,105.814,10.967
2,237.629,97.52,0.982,115.037,115.937,99.568,0.999,101.959,101.823,1.042,113.259,112.439,109.801,1.027,101.656
3,237.644,11.232,1.065,96.201,98.518,105.498,1.075,103.699,10.759,0.966,102.28,108.91,102.12,1.126,107.557
2,237.703,95.676,1.01,105.178,105.185,111.131,1.107,112.59,106.008,1.05,106.761,112.953,107.724,0.998,114.484
3,237.728,9.829,1.138,101.103,95.225,103.361,0.99,103.321,10.955,1.129,101.319,102.23,99.815,1.076,93.07
3,237.791,9.737,1.114,104.813,104.597,105.033,1.099,106.976,10.658,1.012,102.398,99.165,95.169,1.028,97.031
2,237.793,109.682,1.003,113.722,103.268,110.498,1.104,100.937,110.286,0.982,111.318,111.753,106.546,1.063,109.319
1,238.012,10.699,109.526,97.218,112.804,105.822,9.869,1.082,11.686,101.083,102.448,103.058,97.158,11.026,1.076
1,238.23,10.988,100.583,100.081,115.961,93.769,10.929,1.031,10.103,104.742,111.301,102.993,97.539,10.744,1.068
2,238.24,100.387,1.082,114.381,103.247,98.748,1.044,99.07,102.884,1.088,115.254,105.018,98.838,0.971,112.287
2,238.466,111.616,1.086,99.992,99.983,101.392,1.074,106.737,99.511,0.945,103.997,112.083,111.187,1.052,111.674
3,238.693,10.851,1.125,104.28,102.84,99.978,0.972,96.763,11.127,1.011,106.038,97.282,102.251,1.018,96.937
4,238.958,106.008,1.011,1.053,1.091,104.34,105.643,10.42,114.204,0.968,0.967,1.123,110.253,94.058,11.334
2,239.016,106.136,0.942,102.213,105.255,105.829,0.997,101.371,103.513,0.945,108.629,101.75,104.911,0.979,104.947
3,239.151,9.807,0.996,97.33,108.838,97.251,1.028,103.319,9.881,0.974,105.962,94.555,107.721,1.054,92.709
4,239.198,101.606,1.083,0.998,1.011,107.371,107.628,10.663,105.44,1.006,0.972,1.1,96.446,106.619,10.98
3,239.626,10.744,1.097,102.797,107.494,109.554,1.119,102.318,10.487,1.067,107.694,99.385,98.92,0.991,96.638
3,239.695,11.215,1.14,99.933,92.949,94.991,1.121,102.24,9.892,1.005,96.609,94.902,106.761,1.078,97.626
1,240.111,11.159,100.804,101.859,118.062,104.83,10.466,0.962,11.343,102.807,103.143,101.007,103.586,11.077,1.091
1,240.153,11.35,103.512,102.425,114.033,99.9,10.465,1.094,11.362,100.008,98.765,109.977,94.285,10.039,1.019
4,240.188,99.784,1.035,0.997,1.042,106.727,97.523,10.079,110.77,1.041,1.046,1.055,97.582,99.631,10.023
1,240.235,10.313,113.989,106.057,102.805,95.938,9.859,1.019,10.249,109.664,101.64,116.639,106.503,10.806,1.068
4,240.739,115.023,1.059,1.124,1.022,105.472,101.337,9.687,99.97,1.022,0.985,0.963,94.292,106.619,9.888
2,240.771,104.436,0.932,109.127,107.808,100.799,1.141,108.453,102.998,1.056,103.634,113.519,107.919,1.035,109.103
1,240.92,11.708,102.807,98.013,110.548,93.339,11.647,0.939,10.325,116.49,111.06,115.326,102.739,9.92,1.068
3,241.3,9.893,1.047,110.439,98.03,100.278,1.117,93.718,9.983,0.978,103.858,101.516,109.767,0.987,103.507
3,241.361,9.532,1.062,93.193,104.276,104.309,1.038,94.129,11.241,0.999,101.165,103.171,106.479,0.969,98.684
2,241.525,102.834,0.967,115.494,115.353,111.263,0.999,112.427,98.124,0.997,101.351,110.4,107.194,1.146,104.643
3,241.656,10.855,1.136,100.611,103.887,96.574,0.979,103.69,9.479,1.07,106.419,103.793,96.248,1.081,97.206
3,241.727,11.019,1.136,99.725,94.56,105.071,1.063,103.03,10.058,0.982,105.356,100.413,104.172,1.047,97.569
2,241.981,110.842,1.088,106.395,116.401,103.16,1.151,102.798,110.709,1.09,115.494,107.883,112.698,1.06,105.636
4,242.319,98.213,0.998,0.996,0.988,99.319,104.162,10.502,114.127,1.136,1.138,0.956,100.376,105.968,10.154
2,242.328,110.709,0.94,106.424,105.554,110.439,1.15,108.176,98.947,1.036,112.606,101.965,104.911,0.97,101.962
2,242.505,100.15,1.01,111.786,112.254,110.69,1.083,113.831,111.03,1.062,112.354,114.904,99.161,0.979,114.125
1,242.506,11.562,117.98,108.248,115.071,104.828,11.166,1.087,10.715,101.306,98.718,109.748,94.717,11.548,1.088
2,242.643,98.162,1.031,118.572,106.57,112.198,1.039,115.022,107.567,0.941,106.877,114.589,99.834,1.137,116.052
2,242.665,108.541,1.001,114.282,112.254,104.569,1.069,107.526,109.143,1.008,115.814,106.324,107.063,1.102,116.81
3,242.721,10.573,1.139,99.522,108.746,107.274,1.108,106.204,10.832,1.118,95.316,107.495,110.163,1.103,92.777
3,242.837,9.605,1.137,97.4,100.188,97.034,1.115,106.729,11.093,0.961,96.658,110.188,100.553,1.033,99.392
4,242.965,101.758,1.138,0.966,1.112,99.814,96.286,9.959,103.617,1.119,0.971,1.063,106.432,108.585,10.31
3,243.033,10.574,1.07,102.002,96.71,109.041,1.063,107.197,10.688,1.0,107.343,105.226,109.928,1.13,98.215
1,243.053,9.957,117.99,110.305,111.868,99.831,10.851,0.929,10.721,110.738,112.91,114.66,105.355,10.659,1.047
1,243.333,9.873,101.235,113.071,112.327,100.951,10.439,0.931,10.613,111.761,105.163,100.326,106.261,10.165,0.994
4,243.509,100.016,1.005,1.124,0.976,106.83,106.046,10.78,108.147,1.111,0.989,1.018,108.011,98.475,11.247
1,243.548,10.722,101.876,100.126,110.06,99.695,11.652,1.096,11.528,101.088,97.54,113.019,92.407,11.079,1.034
2,243.603,96.622,1.037,111.916,105.601,109.511,1.072,116.587,97.52,0.974,105.375,113.996,99.338,0.997,107.484
3,243.689,11.188,1.117,107.966,101.876,93.53,1.076,100.444,10.886,1.02,102.797,109.018,111.137,1.062,99.621
3,243.782,9.73,1.119,95.829,108.676,96.574,0.989,94.129,10.878,1.12,96.548,98.729,109.109,0.992,98.81
3,244.379,10.243,1.012,106.589,105.315,109.887,1.052,104.742,10.504,0.978,96.507,102.414,97.461,1.064,96.451
1,244.452,10.097,101.28,100.379,116.639,103.597,11.58,1.087,11.372,100.696,101.64,104.521,106.613,10.12,1.101
3,244.469,9.562,1.009,108.308,101.149,104.97,1.055,106.168,10.793,1.009,105.356,95.685,100.665,0.963,101.359
3,244.89,10.281,1.058,103.861,94.75,95.073,1.076,101.691,11.058,0.964,104.553,105.077,93.941,0.979,96.04
3,245.596,10.877,1.043,100.132,96.371,107.153,1.125,97.028,10.504,1.126,106.768,96.427,105.563,1.108,104.507
4,245.8,107.743,1.105,1.115,1.009,95.672,105.056,9.785,110.99,0.999,1.026,1.012,100.853,107.138,11.288
3,245.817,9.815,1.044,100.18,99.28,109.38,0.968,100.514,9.672,0.965,98.71,97.698,98.488,1.056,105.374
4,245.824,103.602,1.019,1.06,1.135,106.013,103.287,10.08,113.378,0.988,1.022,1.053,98.27,109.285,11.104
1,246.03,10.853,111.94,97.206,103.193,104.443,9.991,1.01,11.62,117.597,107.303,115.857,105.515,10.923,0.936
3,246.109,10.24,1.114,94.933,100.18,99.808,1.061,98.037,9.538,1.114,108.658,105.371,101.277,1.043,104.629
2,246.117,106.258,1.086,100.349,99.757,104.887,1.116,111.744,100.672,1.106,112.657,110.4,108.291,0.979,113.375
3,246.294,10.967,0.995,99.865,104.417,105.528,1.034,108.1,11.274,1.027,110.245,100.536,101.514,1.053,106.249
1,246.476,11.419,100.042,106.804,101.191,107.184,10.08,0.967,9.91,110.967,100.165,100.326,100.634,9.864,1.058
3,246.734,9.796,1.131,103.861,103.08,107.775,1.062,105.843,11.133,1.039,104.596,108.463,109.344,1.043,103.875
4,247.127,109.192,1.143,1.022,1.017,99.588,110.544,10.841,97.264,1.106,1.069,1.012,98.28,102.468,10.503
4,247.15,105.408,1.128,1.107,1.108,109.33,94.143,9.611,111.494,1.061,1.071,1.072,107.314,93.937,10.027
1,247.533,9.9,112.62,97.145,116.34,104.523,10.203,0.953,11.302,118.38,96.521,104.745,92.407,10.323,1.042
2,247.622,104.22,1.022,104.244,116.284,101.392,0.997,109.863,96.824,1.027,118.77,99.757,104.317,1.049,112.807
1,247.696,10.57,109.42,105.605,108.766,94.165,11.471,1.044,9.95,109.17,109.248,117.337,109.155,9.996,1.07
2,247.833,104.885,1.076,113.106,114.592,101.39,1.072,114.169,96.982,1.095,118.572,111.042,112.198,1.113,116.997
4,247.863,107.067,1.123,1.022,0.978,105.539,105.702,10.404,107.067,1.04,0.993,0.965,104.844,107.599,11.217
4,247.917,109.365,0.97,1.051,1.125,94.993,110.095,10.578,112.236,1.074,1.085,0.964,98.139,109.359,10.572
1,247.954,10.385,106.371,107.303,109.006,92.533,11.09,1.025,10.939,103.719,105.52,103.414,108.139,11.619,0.959
2,248.349,97.264,1.047,117.39,112.43,97.406,1.113,100.14,100.429,0.94,106.446,112.641,114.964,1.084,115.972
1,248.535,11.45,114.33,102.475,112.679,92.747,10.479,0.959,11.59,114.749,100.499,104.498,97.293,11.589,0.951
3,248.66,10.615,1.056,104.013,101.721,109.918,0.999,98.318,10.027,1.061,107.694,108.192,110.026,1.043,98.81
2,248.783,102.565,1.051,107.58,115.364,99.113,1.103,110.013,111.842,1.064,107.543,108.516,110.198,1.119,106.976
3,248.985,10.432,0.996,101.165,96.501,94.347,1.081,103.462,10.761,1.109,105.463,93.404,104.657,1.029,102.825
4,249.151,102.883,1.089,1.022,0.978,97.649,96.12,10.916,110.015,1.078,1.133,1.035,100.717,103.714,10.189
3,249.365,10.363,1.126,97.176,102.635,109.079,1.049,98.037,9.657,1.095,109.612,110.454,99.974,1.006,92.915
3,249.376,10.841,1.119,106.385,101.516,94.482,1.061,108.664,10.483,0.994,95.759,102.648,95.686,0.988,97.871
1,249.413,11.716,108.74,110.891,115.999,94.724,11.334,1.023,11.729,105.954,107.815,110.342,95.511,10.934,1.042
3,250.03,11.128,1.111,105.892,100.812,104.602,1.035,106.526,9.84,1.05,101.027,104.1,107.732,1.091,92.637
4,250.116,109.089,0.998,1.012,0.969,105.309,109.935,11.166,102.608,1.058,0.986,1.068,102.283,99.729,10.171
2,250.428,112.735,0.976,102.704,102.991,101.344,0.982,114.363,109.314,1.038,112.62,98.782,105.891,1.02,111.23
4,250.444,106.591,1.047,1.045,0.997,107.556,109.806,10.407,103.952,0.976,1.006,1.101,105.46,108.993,11.037
2,251.175,96.265,0.954,110.866,98.978,111.131,1.086,105.924,99.034,1.053,105.275,114.966,101.307,1.092,111.977
2,251.372,109.156,0.969,107.71,115.492,110.574,1.032,104.266,109.72,0.95,114.149,113.798,102.912,1.077,116.314
4,251.392,110.088,1.066,0.981,1.119,104.122,107.953,9.614,108.301,1.036,1.142,1.044,94.726,97.225,10.293
1,251.427,11.478,109.872,104.467,103.542,96.65,9.866,0.972,11.292,110.319,100.528,114.09,99.072,10.369,0.945
2,251.587,96.9,1.106,109.479,99.602,114.715,0.982,106.558,109.445,1.042,101.526,115.893,102.41,1.076,106.653
4,251.729,113.688,0.969,1.133,1.001,103.388,100.079,10.448,98.87,1.095,1.041,1.048,98.316,101.797,10.79
1,252.05,11.026,105.739,102.529,101.105,94.746,10.96,1.027,11.245,109.054,111.888,107.939,92.349,11.183,0.938
3,252.126,10.316,1.035,95.455,98.03,110.723,0.974,96.987,10.027,0.966,102.606,105.023,95.266,1.068,108.086
2,252.409,96.156,0.962,103.961,109.721,107.722,1.036,114.02,111.093,1.0,117.643,99.923,114.11,1.066,102.827
4,252.583,98.704,1.14,1.092,1.04,96.512,99.316,9.955,104.948,1.044,1.075,1.018,97.752,105.212,10.203
1,252.96,10.578,108.026,98.954,112.908,105.978,10.77,0.955,10.658,105.066,109.768,100.474,103.604,11.126,1.023
3,253.114,10.73,0.988,105.177,96.747,103.105,1.062,104.699,9.628,1.01,94.374,97.279,97.06,0.968,95.349
2,253.153,103.371,1.037,110.214,100.483,107.708,1.016,115.571,101.186,0.978,108.951,116.679,101.341,1.016,112.334
2,253.255,100.125,0.987,100.778,113.154,113.373,1.034,101.569,101.141,1.027,115.746,115.308,105.355,1.1,109.046
2,253.445,105.155,0.947,100.17,115.363,99.105,1.043,105.307,108.402,1.098,106.46,100.406,109.15,1.033,106.847
2,253.591,103.236,1.042,114.97,105.046,97.334,1.067,105.365,99.598,1.089,113.228,99.275,112.905,0.97,100.531
2,253.702,98.153,1.028,115.944,116.738,107.722,1.004,112.082,97.814,1.011,116.588,110.106,109.507,1.092,111.744
1,253.869,11.724,112.076,111.924,116.867,98.889,10.39,1.099,10.481,115.387,100.597,116.639,100.634,10.052,0.971
2,253.956,97.003,1.098,112.969,110.905,102.346,1.088,100.679,96.915,0.949,103.634,104.902,107.402,1.021,108.47
2,254.056,112.996,1.091,99.944,100.302,100.424,1.138,114.484,111.493,0.953,104.73,108.877,107.402,1.105,102.991
3,254.258,10.51,1.129,109.731,101.966,108.223,1.062,108.035,10.93,1.067,101.503,99.28,107.637,1.105,104.186
1,254.853,10.011,118.617,99.639,112.124,106.468,11.098,0.941,11.173,112.824,109.542,101.145,92.64,10.744,0.927
4,254.859,114.778,0.973,1.061,1.013,104.203,101.761,10.307,99.927,1.052,1.008,1.049,100.766,106.78,9.791
2,254.959,101.971,0.982,111.917,113.142,103.587,0.973,108.766,104.802,1.05,103.497,110.682,112.568,1.03,106.55
2,255.161,98.583,1.046,113.713,104.727,113.2,1.12,102.996,108.388,0.968,117.151,104.679,111.77,1.004,106.976
3,255.248,10.992,1.015,106.745,108.296,109.751,1.071,96.802,10.55,0.964,98.863,96.47,100.089,1.056,97.509
2,255.393,95.512,1.007,102.618,105.099,97.348,1.1,109.418,103.962,1.044,105.836,104.832,112.332,1.058,107.628
3,255.409,9.91,0.977,102.227,98.607,95.0,0.98,92.906,10.759,0.982,108.551,103.788,98.665,0.952,106.009
3,255.614,10.922,0.984,108.465,99.904,108.507,1.013,93.562,10.002,1.137,98.56,110.172,96.395,0.973,92.589
3,255.683,9.931,1.108,107.865,99.923,101.499,0.99,98.562,11.162,1.079,96.107,94.412,93.739,0.985,103.293
3,256.072,10.894,1.092,102.153,100.392,101.438,1.078,96.747,9.823,1.104,93.674,95.434,109.903,1.063,92.44
2,256.198,101.38,0.979,118.28,105.047,104.673,1.1,115.882,111.367,0.961,111.786,113.669,113.056,1.107,102.927
2,256.616,103.622,0.941,99.989,99.889,97.313,1.01,104.08,107.209,1.089,117.212,106.627,107.667,1.136,101.233
1,257.193,9.967,100.096,100.083,105.86,104.969,10.069,1.097,11.349,108.514,97.001,112.421,108.253,9.937,1.1
3,257.194,10.12,1.007,95.889,98.597,94.55,1.075,97.878,10.656,1.129,110.454,107.786,99.587,1.107,97.985
2,257.217,112.189,1.01,116.652,104.408,109.163,0.978,104.338,108.557,1.07,107.009,113.155,112.548,1.113,99.993
1,257.246,10.517,101.116,98.795,105.072,103.139,11.595,1.094,10.835,113.077,105.961,117.332,101.491,10.94,1.034
1,257.508,9.893,106.112,106.166,112.689,109.487,10.011,0.992,11.129,102.702,102.93,115.277,108.345,11.215,0.999
4,257.637,114.715,1.047,1.086,1.117,108.602,95.729,9.604,112.169,1.008,1.076,1.094,105.496,101.135,10.352
3,257.885,11.046,1.089,98.255,101.103,93.853,1.031,106.229,10.654,1.095,100.316,97.367,107.783,1.014,97.912
3,257.98,10.476,1.056,107.133,94.135,99.748,0.976,104.629,11.19,1.048,100.774,98.536,100.518,0.966,104.427
3,258.107,9.679,1.005,94.154,107.343,109.629,1.102,107.282,9.482,1.043,102.537,109.703,105.293,1.042,98.052
2,258.178,103.236,1.046,104.545,106.083,104.508,1.111,116.863,99.236,1.026,115.469,114.805,112.568,1.131,116.863
2,258.181,113.239,1.011,104.109,115.778,104.361,1.028,100.365,111.368,0.991,114.528,106.94,115.046,1.039,114.125
2,258.423,106.772,0.932,116.446,104.705,113.2,1.026,109.157,110.709,1.036,110.227,102.864,111.082,0.992,113.555
1,258.473,10.828,117.631,113.389,103.357,109.328,10.59,1.05,10.286,115.134,102.75,116.059,107.403,10.41,0.974
4,258.712,112.821,0.998,1.081,0.985,100.221,103.829,10.038,105.231,0.988,1.067,1.086,97.919,111.026,9.632
4,258.813,99.761,1.025,1.11,1.016,96.224,102.892,10.213,107.463,1.018,0.993,1.0,105.999,104.774,10.844
1,259.013,11.158,111.663,97.51,114.147,108.139,10.179,1.004,10.293,115.538,113.611,100.333,98.423,10.311,1.057
4,259.054,99.377,1.024,1.061,1.075,103.941,96.551,9.695,98.834,1.118,1.074,1.014,94.306,94.573,11.259
1,259.25,10.41,106.041,104.295,106.309,103.87,10.002,1.039,10.064,104.622,98.257,100.473,100.646,11.302,0.97
2,259.418,107.801,1.106,112.099,105.185,113.94,1.09,115.733,105.605,1.046,110.986,103.292,111.794,1.111,108.268
2,259.546,104.042,1.034,108.38,99.325,103.177,1.017,102.549,102.542,0.971,101.609,107.51,102.245,1.121,110.578
2,259.707,95.774,0.955,101.885,113.538,107.298,1.121,102.798,104.469,1.089,109.5,112.016,103.847,1.049,111.469
4,259.796,105.846,0.993,1.034,1.07,108.814,100.004,10.681,106.161,1.052,0.985,1.119,104.557,99.32,9.7
1,259.913,10.39,108.627,105.49,104.98,104.262,10.934,1.033,9.994,117.588,103.685,116.081,98.035,10.439,0.991
2,259.969,112.787,1.064,116.913,100.772,101.689,1.066,113.581,100.571,1.053,111.637,116.418,98.057,1.1,105.681
1,260.174,11.579,113.146,105.583,110.897,106.613,10.76,1.037,11.615,104.321,110.63,107.847,100.424,10.506,0.941
4,260.383,110.426,1.005,0.964,1.106,101.767,109.81,10.163,105.84,1.061,1.084,0.994,108.894,104.771,9.743
2,260.64,101.275,1.104,106.033,107.427,105.678,1.032,116.356,109.396,0.967,116.073,104.504,111.371,1.117,112.811
3,260.652,10.825,1.128,96.233,107.343,101.331,0.996,98.579,10.23,1.018,97.706,104.422,106.562,0.985,99.311
4,260.673,100.392,1.106,0.962,1.107,101.575,100.845,11.203,111.441,1.133,1.046,1.016,98.273,95.692,11.035
2,260.873,108.072,0.96,102.639,102.84,106.12,1.024,109.805,100.361,1.087,114.166,100.767,111.049,1.107,114.12
3,261.114,10.548,0.964,95.628,109.573,111.066,0.97,104.103,9.674,1.003,108.536,95.364,95.604,1.027,106.729
1,261.206,10.329,106.891,102.878,117.003,106.394,11.596,0.927,11.292,114.132,110.039,116.875,108.271,10.465,1.075
3,261.24,11.031,0.983,96.851,93.227,100.586,1.072,101.773,11.019,0.981,107.252,108.192,109.675,0.992,92.851
4,261.485,103.904,1.057,1.012,0.996,100.307,94.058,10.66,101.921,1.086,1.096,1.046,97.163,97.392,10.195
2,261.657,98.201,1.0,105.286,109.524,110.198,1.092,111.039,97.45,1.056,109.041,100.762,104.168,1.14,112.014
1,261.72,10.245,108.93,100.66,108.755,95.53,11.593,1.072,10.353,114.14,98.328,100.102,109.438,11.136,1.062
3,261.819,9.705,0.978,106.419,96.927,103.541,1.092,98.129,10.83,1.139,101.766,96.332,108.275,1.049,96.318
4,262.074,103.623,1.055,1.036,1.011,93.841,101.089,10.225,111.133,1.132,0.966,1.123,95.902,102.509,9.589
3,262.167,9.86,1.074,94.869,93.292,96.629,1.05,96.125,9.939,0.994,94.914,95.142,95.296,1.12,104.943
4,262.456,114.693,1.064,0.963,1.117,104.2,97.649,10.671,108.599,0.986,1.098,0.999,107.382,101.213,10.664
4,262.573,109.942,1.057,1.135,1.103,100.608,101.981,11.003,109.847,1.142,1.0,1.04,96.041,94.591,11.149
3,262.931,9.701,1.12,100.207,96.762,110.394,0.974,100.578,9.983,1.082,103.979,100.952,108.479,1.119,104.827
2,262.965,109.134,0.994,110.166,100.879,115.046,0.989,114.342,99.915,0.951,105.861,103.0,98.033,1.004,115.882
2,263.122,106.139,0.958,108.629,108.541,104.757,1.064,114.125,104.945,1.042,105.372,110.669,105.678,1.019,113.033
2,263.728,102.51,0.993,103.396,117.039,114.959,0.989,115.29,111.63,1.085,114.252,103.363,102.915,1.119,116.71
1,263.799,9.943,104.724,96.33,103.888,103.04,10.902,0.951,11.484,116.918,101.086,116.257,102.8,10.455,0.981
1,263.85,11.226,102.341,96.047,102.49,98.683,9.985,0.971,11.568,112.379,109.542,108.354,93.794,9.907,0.959
1,264.01,11.7,109.281,99.042,113.341,95.298,10.549,1.02,10.507,108.102,96.208,105.502,97.947,10.822,1.015
1,264.011,11.551,105.635,103.471,111.467,96.956,10.131,0.955,10.542,112.711,100.231,110.753,102.586,11.11,1.078
2,264.029,101.243,1.051,110.111,98.899,114.845,1.119,111.452,102.648,1.072,100.017,112.43,97.074,1.112,103.7
4,264.247,103.951,0.965,1.036,0.982,96.105,104.4,10.631,109.417,0.983,0.982,1.123,99.09,110.694,10.438
4,264.268,105.329,1.02,1.108,1.121,93.086,103.607,10.351,97.98,0.978,0.972,1.134,105.167,106.487,10.959
1,264.893,11.427,110.738,107.373,111.14,94.14,10.772,0.972,11.374,106.995,103.858,106.846,106.775,11.109,1.024
1,264.943,10.805,101.745,96.133,115.771,107.021,10.01,1.075,11.374,110.41,109.315,100.079,95.957,10.387,0.996
4,264.966,97.747,1.105,0.995,1.075,97.834,100.972,9.931,97.258,1.142,1.036,1.033,104.622,103.421,10.767
2,265.104,113.019,0.984,117.977,106.011,102.41,1.121,99.531,96.205,1.016,111.388,108.516,104.776,1.15,112.957
2,265.227,101.365,0.975,102.053,99.176,102.251,1.032,108.203,110.842,1.071,110.318,100.932,107.956,1.045,108.757
3,265.68,9.823,0.985,97.848,108.747,107.571,1.017,108.103,11.0,0.976,103.111,95.574,106.793,1.115,96.934
2,265.752,112.099,1.004,103.951,117.303,99.96,0.972,106.293,112.388,1.093,111.072,105.817,96.787,1.069,100.583
4,265.757,112.256,0.993,1.134,1.06,95.805,106.777,10.556,100.045,1.04,0.986,1.103,109.907,102.735,10.11
2,266.04,104.93,1.038,108.872,101.082,98.473,1.09,110.872,100.821,0.982,109.053,116.203,105.022,1.017,116.372
3,266.195,11.046,1.004,110.412,108.644,101.972,1.064,96.558,10.735,1.021,107.596,103.403,107.855,1.106,94.004
3,266.376,9.938,1.047,92.929,105.087,109.406,0.963,108.848,10.649,1.124,92.993,109.577,98.342,1.123,98.329
2,266.426,109.979,1.087,118.28,107.642,114.478,1.023,108.241,108.891,0.967,102.037,111.24,114.038,1.069,114.397
1,267.034,11.568,115.127,100.859,110.401,100.391,10.452,1.057,10.796,113.055,109.281,112.684,94.81,11.266,0.957
3,267.218,11.105,1.084,99.707,101.598,96.957,1.081,106.168,11.143,1.003,107.794,96.456,94.819,1.117,106.051
1,267.325,9.866,112.699,111.851,112.41,104.059,10.302,1.082,10.761,103.884,102.762,111.684,93.898,11.679,1.083
4,267.422,104.612,1.041,1.11,1.009,105.737,108.658,10.886,105.294,1.105,1.13,1.124,94.897,111.3,11.12
1,267.566,10.514,113.724,105.26,111.948,94.608,10.817,1.018,10.432,112.758,110.075,113.997,103.382,11.34,1.02
3,267.691,11.256,1.063,108.115,107.222,95.031,1.024,103.949,10.45,1.125,98.206,102.274,94.799,0.95,106.397
2,268.434,95.519,1.016,103.653,111.221,105.145,0.989,111.323,95.533,1.098,105.35,106.101,98.62,0.968,107.526
1,268.459,10.866,105.723,97.463,114.745,102.718,11.539,1.087,10.072,111.828,101.849,107.389,103.224,10.609,0.98
4,268.558,100.395,1.071,0.983,1.135,110.692,94.859,10.023,101.133,1.051,0.975,0.989,109.524,106.276,10.905
2,268.788,111.892,1.036,102.047,104.28,112.331,1.111,102.913,99.102,1.051,105.974,104.54,98.057,1.113,116.43
1,268.904,10.565,114.216,113.071,104.912,103.284,10.013,1.027,10.796,109.864,104.259,105.401,104.86,10.712,0.942
1,268.938,11.007,101.584,98.164,115.531,106.719,10.026,1.059,11.188,118.503,112.361,99.651,100.563,11.598,1.096
4,268.994,101.366,1.105,0.975,1.089,93.876,97.69,10.86,103.469,0.98,1.101,1.104,100.345,99.128,10.63
2,269.026,112.474,1.028,110.63,110.488,110.69,0.974,107.287,106.242,1.094,106.55,99.986,97.229,1.012,105.584
4,269.132,106.161,1.126,1.026,1.085,101.625,98.635,10.053,112.084,1.128,1.126,1.007,103.974,94.078,9.759
4,269.205,109.493,1.105,1.067,1.113,109.643,95.91,10.295,115.576,1.086,1.113,1.128,94.052,95.833,9.753
3,269.216,10.018,1.022,97.287,101.857,101.862,1.11,97.188,9.725,1.084,110.21,93.089,105.489,0.957,109.211
2,269.297,111.94,0.998,108.993,110.307,114.647,1.098,110.274,106.631,1.077,101.046,108.335,104.822,1.058,100.693
3,269.31,10.375,1.004,94.026,96.197,110.137,1.056,107.805,11.106,1.041,110.454,108.754,95.038,1.058,95.079
2,269.326,111.472,1.074,109.205,116.334,100.503,0.998,115.725,101.191,1.085,112.149,112.46,112.399,1.033,100.709
1,269.521,10.492,107.948,100.743,109.288,108.282,10.918,0.987,11.22,102.744,96.24,117.562,96.65,10.1,1.074
2,269.698,96.718,1.022,109.427,114.227,106.034,0.975,109.237,101.328,1.05,105.297,114.227,98.838,1.121,99.923
4,269.991,112.637,1.14,1.121,0.961,94.286,104.753,9.88,100.492,0.966,1.027,1.033,97.663,105.339,10.455
4,270.018,109.817,0.974,1.027,0.956,108.148,98.797,9.8,108.287,1.041,0.993,1.073,102.464,106.362,10.849
3,270.048,10.4,1.131,109.218,107.568,98.787,1.005,103.506,9.61,1.137,106.829,95.424,93.969,0.989,101.833
3,270.329,9.979,1.033,99.277,97.842,102.075,1.039,106.204,10.966,1.018,94.869,107.08,98.082,0.992,107.651
4,270.569,109.817,0.985,0.962,1.095,106.049,105.518,11.266,114.688,1.083,1.138,1.017,107.64,97.566,10.714
3,270.574,10.267,0.975,104.553,102.124,107.378,1.01,101.364,10.115,1.019,110.382,96.942,97.465,1.077,98.561
1,271.005,11.392,107.258,102.93,110.995,104.176,11.351,0.941,11.226,117.489,100.6,109.724,106.273,10.531,0.991
3,271.029,10.891,0.982,102.197,99.715,108.167,1.008,103.996,10.354,1.099,106.73,109.087,100.312,1.053,104.475
3,271.27,10.039,1.109,106.597,101.278,102.907,1.1,92.741,10.342,1.1,94.869,105.973,101.024,1.091,93.971
1,271.341,11.357,107.704,96.275,112.85,102.548,10.73,1.009,10.409,109.901,102.044,117.022,104.86,11.195,0.948
2,271.45,102.542,0.964,118.725,115.798,100.684,1.148,98.869,101.265,0.966,113.532,101.052,104.951,1.121,108.203
3,271.519,11.143,1.136,103.817,101.802,94.991,0.965,98.727,10.274,1.042,96.604,107.152,108.05,1.024,100.225
2,271.662,106.811,0.95,118.603,112.537,104.449,1.081,114.964,103.276,1.016,100.604,102.351,99.62,1.137,111.428
2,271.885,106.222,0.967,118.723,117.208,102.276,1.123,106.85,102.535,0.988,103.937,102.673,113.167,1.143,109.515
2,271.971,112.529,0.941,99.997,100.762,102.755,1.118,105.725,104.2,0.942,106.343,101.47,106.565,1.11,104.417
3,272.546,9.738,0.967,107.145,98.402,103.506,0.975,101.157,10.067,1.074,102.227,105.582,98.533,0.995,99.422
1,272.679,11.658,115.935,95.846,100.673,98.035,10.796,0.948,10.895,106.757,109.248,113.239,99.674,11.464,1.006
4,272.683,115.023,1.004,1.136,1.124,110.453,110.692,10.838,110.106,1.121,0.972,1.096,101.934,100.974,10.759
2,272.889,98.034,1.035,104.401,104.917,106.967,1.11,110.284,112.388,1.017,100.751,100.699,98.149,1.017,108.766
1,272.981,10.73,110.741,105.772,108.197,99.691,10.801,0.966,11.707,115.127,98.307,103.719,105.632,11.357,1.061
2,273.094,101.842,1.084,109.649,110.503,99.117,1.038,114.908,111.93,1.049,115.76,104.442,103.404,1.106,104.849
1,273.136,10.138,106.995,103.355,111.185,99.041,11.644,0.955,10.145,111.342,105.039,103.647,97.87,11.652,0.986
3,273.301,10.426,1.116,106.589,96.162,99.811,1.036,97.868,9.895,1.085,103.817,97.842,100.835,1.078,108.456
2,273.923,105.189,1.044,111.072,103.292,107.054,1.015,110.561,98.038,1.039,115.154,99.602,112.647,1.129,110.013
4,273.943,114.207,1.099,1.072,1.047,106.776,95.322,9.907,114.581,1.053,1.016,1.095,105.349,108.993,10.739
4,274.155,107.743,1.072,1.087,0.986,102.893,95.873,10.543,102.471,1.045,0.984,1.087,109.891,98.023,11.305
3,274.165,10.14,0.969,103.729,94.318,93.683,1.055,106.85,9.632,0.982,109.573,95.157,108.893,1.036,93.714
3,274.276,9.586,1.027,103.729,107.587,97.675,1.035,95.593,9.729,1.135,97.737,101.516,96.854,1.037,94.035
1,274.298,10.96,112.907,109.101,106.293,107.932,10.344,0.952,10.15,104.313,101.767,117.205,101.885,11.606,1.014
2,274.467,102.219,0.933,114.487,114.805,109.856,1.007,107.388,108.879,1.103,106.86,109.813,108.773,1.143,104.173
3,274.563,11.008,1.03,99.707,103.739,108.157,0.97,108.914,10.726,1.002,108.551,102.8,94.255,1.1,97.802
2,274.767,106.366,1.087,104.819,109.097,97.691,1.051,114.598,103.073,1.027,115.254,105.87,101.851,0.995,114.12
2,274.777,110.842,1.033,101.757,114.285,108.69,0.982,111.469,100.125,0.995,107.39,103.926,100.486,1.026,116.587
3,274.818,10.66,1.131,103.059,101.04,99.33,1.1,95.188,9.491,1.058,93.181,106.302,99.024,0.999,106.004
3,275.102,9.512,1.115,110.034,95.582,102.277,0.984,106.327,10.349,1.052,106.135,105.996,96.993,1.081,99.897
1,275.815,10.446,107.178,102.448,110.605,104.523,11.245,0.932,11.202,103.673,110.534,116.955,108.752,10.741,1.07
3,275.823,10.844,1.002,104.808,96.197,100.912,1.052,104.399,10.546,1.086,96.507,95.23,103.079,0.972,109.16
4,275.862,107.582,1.073,1.022,0.974,108.129,94.585,10.25,104.706,0.99,1.14,1.078,108.519,105.698,11.056
1,276.337,10.066,115.181,107.302,103.427,104.82,10.864,1.09,11.529,112.343,98.18,110.567,95.029,10.758,1.073
2,276.774,112.619,1.041,107.051,101.194,105.051,1.005,102.085,98.631,0.946,105.025,114.904,112.568,1.121,108.092
3,277.306,9.73,1.112,101.783,108.976,100.576,1.031,99.099,11.173,1.021,99.819,105.658,98.809,1.006,105.905
4,277.576,101.488,1.065,1.092,1.021,107.9,101.564,10.523,115.066,1.125,0.975,1.084,100.181,108.851,10.325
3,277.756,9.949,1.092,107.171,100.569,103.541,1.043,93.921,11.128,0.983,100.207,107.972,99.567,1.076,101.217
4,278.085,109.089,1.124,1.012,1.112,104.904,97.328,10.239,102.349,0.992,1.04,1.029,110.539,105.259,10.651
2,278.095,96.622,0.986,110.831,108.541,103.177,1.021,103.895,101.243,0.95,112.015,116.401,111.84,0.989,101.574
3,278.124,10.381,1.107,104.329,105.356,99.011,0.989,97.464,11.143,1.079,104.206,98.695,104.137,1.058,93.11
2,278.269,99.474,1.088,107.009,100.406,115.016,0.995,102.882,112.266,1.013,115.518,111.576,107.956,1.068,116.682
4,278.486,99.347,1.014,0.985,1.103,110.723,102.264,9.62,109.218,1.04,1.015,1.098,109.763,111.491,10.356
3,278.67,11.201,1.031,100.132,106.139,99.158,0.977,108.076,9.584,1.127,103.858,95.901,109.903,0.979,97.944
2,278.771,101.525,0.94,104.241,105.64,105.026,1.071,109.57,102.51,0.995,110.579,100.932,110.467,0.975,105.047
1,278.838,10.582,102.399,104.445,116.017,99.375,10.801,0.932,10.583,105.416,98.633,104.89,108.425,10.368,1.031
2,279.03,103.236,0.932,108.736,110.669,107.699,1.075,103.529,106.24,0.958,106.691,100.165,104.673,0.998,101.122
2,279.722,97.703,0.967,118.097,112.303,112.905,1.105,110.704,108.182,0.951,109.98,99.846,112.171,1.055,109.04
3,279.946,11.15,1.041,94.344,107.495,95.017,1.022,105.575,10.548,1.052,110.276,103.475,105.671,0.951,100.552
3,280.396,10.354,1.018,107.66,100.724,101.82,1.094,96.318,10.63,0.97,95.941,108.826,96.604,1.003,92.766
2,280.437,101.983,1.044,115.233,103.247,114.241,1.09,99.809,112.266,1.045,114.373,111.042,98.236,0.994,109.938
2,280.901,112.452,1.005,118.359,98.908,99.62,1.02,116.467,97.617,1.086,111.238,112.892,113.803,1.105,115.245
1,280.986,11.614,107.541,100.25,111.757,101.478,10.172,0.996,11.188,110.057,103.755,102.785,103.597,10.295,1.064
1,281.11,10.353,106.264,107.72,107.593,99.415,10.41,1.089,10.038,104.683,102.448,111.139,95.227,11.383,0.931
4,281.198,100.581,1.068,1.084,1.13,96.217,102.593,11.0,97.423,1.074,1.117,1.093,106.479,104.104,10.759
3,281.229,9.673,1.068,99.064,106.898,96.629,1.108,102.014,10.852,1.054,99.896,103.382,96.835,0.967,96.802
1,281.239,10.011,109.18,106.386,106.265,109.532,10.154,0.94,10.98,115.661,107.045,105.802,97.349,10.28,1.031
2,281.324,103.391,0.967,102.768,115.71,112.198,1.098,101.42,108.077,1.001,101.023,112.397,102.008,1.061,102.261
4,281.391,113.056,1.078,0.968,1.05,100.853,106.457,9.825,99.567,0.999,1.075,1.092,94.446,98.219,10.389
2,281.637,109.284,0.975,106.46,103.403,104.916,0.997,101.505,100.639,1.096,115.377,115.358,98.297,1.025,105.365
1,281.847,11.018,113.454,108.536,103.28,99.694,10.712,1.07,10.761,108.169,100.826,103.856,98.128,10.558,1.033
1,281.923,10.168,109.986,111.545,109.445,97.947,10.406,0.993,10.055,103.887,97.932,116.489,94.498,10.567,1.068
4,282.215,110.212,1.056,0.966,1.034,101.571,108.693,10.186,103.623,1.052,1.019,1.06,95.078,108.019,11.104
4,282.504,113.805,1.068,1.045,0.979,101.35,108.851,10.732,113.821,0.983,1.142,1.107,110.431,100.25,11.218
1,282.509,9.899,103.28,101.599,106.939,98.107,11.689,0.96,9.914,102.354,111.95,116.484,96.515,10.57,1.06
2,282.634,101.415,0.977,102.213,100.841,110.379,1.034,108.602,95.313,1.054,111.208,101.406,106.701,0.977,111.389
4,282.787,114.581,1.116,1.048,1.112,105.649,108.176,10.709,104.145,1.005,1.045,1.07,94.014,104.834,10.665
2,282.825,105.833,0.945,100.227,111.408,111.131,1.042,111.834,99.531,1.091,101.375,112.449,105.818,1.109,105.9
1,282.882,11.282,107.579,111.851,109.738,105.571,10.81,1.038,10.651,111.018,103.595,104.094,104.151,10.369,0.975
4,282.968,111.833,1.072,0.989,1.092,102.284,102.435,10.577,98.568,1.146,1.051,1.131,110.643,102.262,10.427
4,283.072,101.426,1.062,0.986,1.121,108.845,99.019,9.933,97.501,0.997,1.098,1.096,95.805,98.857,10.713
4,283.213,108.907,0.991,1.109,1.017,99.154,105.643,10.957,100.491,1.142,1.092,0.991,100.888,99.316,11.084
4,283.399,108.301,1.018,0.975,1.022,103.52,110.544,10.827,110.141,1.03,1.075,1.021,102.283,95.772,9.941
2,283.434,112.752,1.077,108.423,104.868,114.232,1.061,116.847,112.33,1.072,111.905,113.142,101.803,0.98,110.016
1,283.683,11.429,101.864,106.324,115.961,108.604,10.586,0.988,9.928,101.035,104.789,114.983,108.046,11.025,1.019
4,283.767,99.761,1.018,0.994,0.957,99.574,103.121,9.572,100.8,1.066,0.995,1.134,97.676,110.347,10.795
2,284.185,104.937,0.935,113.574,103.481,111.06,1.085,101.534,109.636,0.971,105.33,109.067,106.546,1.034,108.769
2,284.409,108.446,1.068,100.885,103.553,97.327,1.131,104.505,95.62,0.993,118.28,114.066,98.822,1.088,111.276
3,284.427,9.644,1.04,107.343,105.736,110.309,0.998,99.714,10.204,1.121,108.115,94.447,104.258,1.079,96.455
3,284.705,9.519,0.973,108.888,108.46,102.209,1.071,108.606,10.022,1.079,93.163,109.292,95.797,1.032,100.514
1,284.854,11.173,105.209,100.528,99.612,95.368,11.366,1.047,11.529,109.55,105.193,101.191,108.285,10.867,0.929
1,285.132,9.884,117.217,103.889,110.671,96.541,10.626,1.023,11.18,113.413,113.753,111.147,95.527,10.813,1.062
4,285.439,104.42,1.053,0.987,1.074,98.303,96.85,9.931,98.843,1.128,0.987,0.969,100.891,102.894,10.388
4,285.475,97.903,1.092,1.014,1.014,100.246,102.916,10.416,107.273,1.085,1.024,0.973,97.594,106.846,10.516
4,285.548,112.333,1.008,1.037,1.052,99.611,103.926,10.12,113.938,1.074,0.966,0.965,107.484,100.482,10.34
2,285.619,101.191,1.005,103.203,101.2,104.822,1.049,103.441,98.108,1.056,102.618,109.678,113.329,1.1,116.847
2,285.656,95.535,1.016,109.271,103.247,101.243,1.133,105.591,101.311,0.992,108.872,104.442,113.975,1.151,110.867
1,285.695,10.084,110.247,113.192,101.754,102.473,10.676,1.007,11.658,106.041,104.218,100.443,102.739,10.992,0.99
1,285.874,10.313,105.7,96.602,116.8,101.215,10.919,1.049,10.058,115.814,100.075,114.755,95.116,10.826,1.025
4,286.417,104.667,1.124,1.007,1.087,107.18,95.308,11.279,113.613,0.971,1.017,1.13,102.424,108.658,9.846
4,286.54,104.871,1.073,0.971,0.973,106.044,94.59,10.905,100.529,1.066,1.006,0.963,96.979,108.019,10.303
4,286.67,114.876,0.986,1.096,1.125,96.929,103.554,10.54,101.805,0.999,1.077,1.035,100.891,97.775,10.221
1,286.684,10.071,100.883,100.574,105.886,100.394,9.966,1.019,9.967,104.683,111.956,102.278,93.686,11.595,1.054
1,286.686,10.212,105.188,107.483,103.906,105.483,11.688,0.955,11.039,110.292,106.978,105.29,92.956,10.522,0.956
2,286.702,108.653,1.003,108.802,106.816,103.587,0.983,111.217,108.843,1.044,114.167,112.089,111.732,1.143,109.598
1,286.718,11.708,114.773,100.325,106.225,94.291,10.582,0.945,11.59,101.925,107.312,114.909,105.483,10.144,0.962
3,286.746,10.962,0.992,103.567,95.734,94.475,1.054,92.393,9.967,0.979,102.537,93.463,104.853,1.102,96.42
1,286.931,9.914,110.55,104.27,104.049,104.479,10.052,1.03,10.927,102.42,111.141,100.07,99.849,10.285,0.934
4,286.959,98.401,1.042,1.123,1.053,99.203,100.745,9.903,98.704,0.973,0.989,1.068,97.649,94.378,10.657
4,287.037,113.86,0.991,1.079,0.979,99.679,102.892,11.055,101.574,1.102,1.028,1.06,100.19,101.878,9.637
1,287.052,11.055,110.292,97.932,103.193,102.959,10.545,1.059,11.731,114.556,98.316,116.536,105.274,10.08,1.013
3,287.296,10.491,1.059,102.978,96.737,103.945,0.973,97.844,10.363,1.076,105.227,100.739,108.018,1.063,97.214
4,287.309,108.599,0.964,1.139,1.016,106.515,95.512,10.529,102.434,1.099,1.035,1.122,103.863,106.457,9.59
2,287.636,104.181,1.017,106.877,115.71,97.251,1.094,100.492,110.408,1.09,102.903,100.243,109.002,1.095,115.582
3,287.779,10.362,1.021,95.316,109.17,101.394,1.125,101.367,10.476,1.112,99.374,106.635,110.099,1.021,93.655
1,288.074,10.168,108.678,106.877,110.966,92.538,11.206,1.016,10.911,116.245,107.559,116.081,105.991,11.143,0.992
1,288.16,11.198,101.665,98.869,116.615,100.424,11.065,0.988,10.105,110.139,107.915,102.003,104.585,10.742,1.083
2,288.251,111.369,1.011,110.513,99.189,105.026,1.112,117.105,112.921,0.993,118.189,102.398,102.467,1.145,110.397
1,288.317,11.027,105.635,111.167,108.197,93.483,10.439,1.065,10.015,106.49,107.858,104.352,97.079,11.466,1.046
4,288.33,115.395,0.977,0.977,1.075,110.048,97.667,10.917,106.161,1.033,0.987,0.96,95.317,98.797,10.379
4,288.37,107.073,1.1,0.995,1.092,107.436,105.913,10.845,97.34,0.995,1.126,0.986,105.886,105.165,10.967
3,288.497,10.543,1.03,107.657,96.872,99.858,1.089,92.483,9.585,1.058,95.392,106.342,97.408,1.082,97.893
2,288.963,101.107,1.099,111.941,111.873,113.804,0.979,113.581,96.898,1.042,108.38,113.142,106.895,1.092,101.905
1,289.114,10.076,116.485,102.475,105.794,104.919,11.252,1.095,9.993,107.485,111.07,113.549,106.873,10.601,1.094
3,289.211,9.788,1.095,93.991,98.837,103.603,0.979,102.159,10.199,1.091,108.596,101.893,101.972,1.062,109.586
2,289.302,106.499,1.058,101.59,112.815,104.564,1.129,111.7,110.197,1.028,111.532,107.222,112.892,0.99,99.995
2,289.552,107.651,1.071,114.747,110.684,110.635,1.136,110.704,104.945,0.996,105.983,107.85,99.117,0.988,106.114
3,289.708,11.047,1.114,93.512,96.56,99.815,0.967,94.127,10.772,1.005,95.787,98.865,105.824,1.099,97.985
3,289.912,11.103,0.987,106.388,96.47,93.853,1.097,99.045,9.738,0.996,109.731,102.417,97.417,0.958,106.938
4,290.554,101.285,0.986,1.099,1.133,107.08,95.097,9.64,114.409,1.09,1.046,1.049,101.04,99.997,10.994
4,290.601,105.166,1.084,1.099,1.071,98.326,108.288,11.061,111.157,1.024,1.039,1.091,106.044,111.231,9.776
1,290.666,9.863,108.202,112.811,103.719,98.027,9.925,0.928,9.911,117.179,102.74,113.496,99.694,10.084,0.946
4,290.721,106.038,0.98,1.094,1.018,96.493,105.518,10.027,110.106,1.119,1.082,1.014,93.576,104.967,10.388
3,291.191,10.962,0.972,108.115,105.999,100.174,1.12,94.546,9.595,1.069,105.587,99.272,107.3,0.99,109.204
1,291.335,10.114,105.352,98.795,116.875,93.711,10.751,1.083,11.665,105.414,98.939,103.551,107.725,9.977,0.963
4,291.342,107.314,1.084,1.018,1.1,93.86,111.104,10.826,115.259,0.983,1.109,1.123,109.042,111.073,10.448
4,291.434,111.982,1.146,1.023,0.981,109.92,93.845,10.933,110.251,1.007,1.058,0.996,106.496,110.864,10.199
2,291.648,110.062,1.001,109.127,114.836,113.803,1.001,98.877,101.275,1.087,103.711,113.243,113.94,0.984,109.56
3,291.678,10.952,1.021,98.731,104.754,109.686,0.968,96.367,10.735,1.118,93.943,102.844,98.609,1.001,98.17
2,291.828,95.422,0.991,101.757,102.521,106.218,1.146,100.709,106.687,1.081,116.906,116.09,104.172,1.086,113.892
4,291.967,97.747,1.125,1.133,1.127,101.377,96.998,9.89,97.426,1.036,1.029,0.99,109.042,104.967,10.112
1,292.328,11.046,113.077,112.891,105.3,109.439,10.856,1.058,10.578,114.485,96.827,103.336,101.725,10.24,1.082
2,292.445,95.885,1.091,106.228,116.807,103.958,0.998,114.373,102.987,1.054,110.641,112.846,97.327,1.072,104.967
3,292.48,9.691,1.018,95.501,102.45,103.234,1.069,98.689,10.953,0.996,110.194,100.193,106.778,1.04,93.798
4,292.626,106.161,1.14,1.122,1.083,105.899,97.983,11.176,102.363,0.993,1.122,1.035,106.763,107.387,10.388
3,292.633,9.793,0.967,94.77,100.841,103.115,0.983,101.501,9.517,1.12,96.572,99.169,100.46,1.01,100.103
1,292.733,11.484,104.248,107.298,114.47,107.619,10.263,0.946,11.347,109.557,111.888,109.374,105.795,10.674,1.091
1,292.746,11.057,118.068,100.155,107.827,104.88,10.002,1.031,11.429,104.337,108.317,103.813,96.669,10.632,1.023
2,293.074,98.75,1.067,118.351,114.892,103.877,0.996,115.791,111.855,1.063,116.588,108.877,100.257,1.035,99.931
2,293.174,108.452,0.932,116.588,103.96,103.532,1.013,100.679,109.225,0.945,114.391,106.2,112.892,0.987,103.895
3,293.237,9.848,1.045,103.212,98.597,102.482,1.128,104.475,10.671,1.002,95.659,94.184,100.487,1.09,98.256
1,293.263,11.026,105.963,105.388,114.734,107.029,11.669,1.062,11.146,101.28,96.567,104.411,99.774,11.42,1.066
2,293.411,97.15,1.107,117.459,107.374,114.822,1.032,111.234,110.294,1.082,101.095,109.488,107.708,1.148,108.757
1,293.717,10.879,111.018,99.752,104.332,104.059,11.672,0.941,11.604,113.627,111.98,102.163,94.498,10.295,0.97
3,293.733,10.715,1.075,101.906,94.184,107.843,0.998,109.606,10.573,1.011,110.069,97.59,110.126,1.035,93.128
4,293.775,102.162,1.008,0.967,1.129,100.539,107.936,9.618,105.222,1.128,0.987,1.043,96.06,99.2,11.252
2,293.845,105.027,0.953,101.698,103.836,98.838,1.076,112.759,98.325,1.049,102.364,100.483,97.867,1.049,102.575
2,293.937,106.562,1.003,118.118,114.744,103.581,0.985,101.417,96.869,0.956,110.012,115.364,112.269,0.995,100.947
4,293.978,103.946,0.979,1.102,1.089,100.376,96.232,10.376,110.138,1.077,1.003,0.956,103.333,104.461,9.795
4,294.095,108.575,1.1,1.12,1.008,110.099,110.256,10.714,109.767,1.103,0.996,0.959,107.931,111.333,10.11
4,294.175,100.145,1.103,1.075,1.12,98.738,99.332,10.889,104.844,1.003,1.137,1.131,107.371,101.239,9.577
4,294.238,114.696,1.131,1.099,0.982,93.165,96.594,9.66,101.255,1.033,1.132,1.009,101.866,102.934,10.287
3,294.447,10.574,1.061,100.994,105.571,104.675,0.987,95.975,9.854,1.029,103.196,106.816,98.342,1.035,109.215
3,294.847,11.188,0.994,110.382,106.679,107.575,0.985,93.129,9.71,1.12,97.79,105.61,94.557,0.962,99.094
1,294.931,10.155,109.17,113.147,101.601,109.135,9.918,0.947,10.381,113.932,113.753,99.488,106.742,10.679,1.05
3,295.078,11.25,0.983,102.253,98.361,104.172,1.103,108.235,11.22,1.031,100.68,100.356,97.1,0.996,109.228
1,295.42,11.331,107.796,112.354,107.095,93.174,11.122,1.062,11.297,105.931,100.231,114.815,97.709,10.091,0.975
4,295.583,97.748,1.081,1.091,1.097,109.545,100.432,11.236,112.523,1.1,0.975,1.028,109.109,93.937,10.828
3,295.588,9.759,1.083,93.057,104.15,96.948,0.984,98.2,10.476,1.045,103.196,103.13,107.565,1.122,104.591
3,295.786,10.049,1.125,100.701,99.87,104.051,0.973,101.633,10.594,1.112,102.379,106.901,97.465,0.998,93.348
3,295.848,9.549,0.981,101.878,99.428,98.376,1.097,97.944,9.969,0.982,108.005,94.476,104.668,1.051,98.343
2,295.853,101.964,1.027,99.944,113.866,106.596,1.065,117.168,109.841,1.018,111.511,100.699,108.842,0.999,114.156
3,295.915,10.772,1.124,101.562,102.999,98.488,1.012,94.105,10.623,0.976,94.561,107.041,107.795,1.012,106.458
3,295.923,11.173,1.002,110.173,93.367,96.854,1.062,105.3,10.828,0.982,93.573,97.116,101.499,1.045,96.747
4,295.994,110.515,1.071,1.137,0.984,102.284,108.019,11.282,108.623,0.998,1.112,1.116,99.726,106.975,10.388
2,296.136,113.076,1.037,111.403,113.28,105.415,1.018,101.52,111.63,0.935,107.055,110.437,105.046,1.009,108.369
4,296.25,112.851,1.006,1.14,0.958,100.376,104.891,11.299,103.504,1.042,1.067,1.057,93.512,100.544,10.554
3,296.267,10.191,1.112,106.465,94.262,101.514,1.126,103.432,9.989,0.986,95.435,109.068,105.576,0.955,108.36
4,296.81,100.501,0.983,1.117,0.963,109.278,96.755,10.307,103.748,1.042,0.965,1.107,103.274,102.404,10.285
1,296.859,10.693,108.116,97.245,113.341,95.53,11.385,0.952,11.686,103.828,108.765,111.757,99.006,11.22,0.951
4,296.964,99.065,1.078,1.091,1.123,104.399,94.556,10.009,115.622,1.118,1.082,1.032,99.574,100.079,10.652
4,296.974,99.101,1.136,1.02,1.119,101.742,102.29,10.689,109.232,1.074,1.006,1.133,109.564,99.734,10.563
1,297.048,11.483,105.414,102.005,109.429,103.585,11.338,1.009,10.015,105.752,112.286,100.275,106.883,11.124,0.942
2,297.194,96.646,0.993,106.691,106.092,102.915,1.147,99.65,106.505,1.018,118.61,108.481,113.881,1.075,111.251
1,297.265,11.152,100.362,113.015,103.663,104.154,11.43,1.074,11.529,105.188,102.286,103.414,106.286,10.856,1.102
2,297.322,110.606,0.999,107.159,109.943,114.846,1.059,110.867,105.011,1.081,118.393,102.141,98.033,1.088,104.005
2,297.38,95.819,1.01,110.383,102.398,106.051,1.079,113.212,106.735,0.971,100.054,112.498,111.228,0.992,111.309
1,297.723,10.105,115.766,110.075,118.228,96.209,10.299,0.994,10.304,101.584,110.192,105.401,108.976,10.887,1.034
3,297.978,10.736,1.06,106.746,102.472,108.439,1.036,109.366,9.669,1.111,108.58,100.6,106.82,1.096,105.263
3,298.068,10.66,1.07,107.526,102.238,94.818,0.963,104.446,10.481,1.107,101.998,104.107,100.919,1.001,92.3
1,298.108,10.809,109.473,101.843,109.685,104.698,11.435,0.939,10.325,115.802,99.061,111.889,109.439,11.563,0.976
2,298.381,110.959,1.017,103.997,104.869,113.342,1.15,104.366,102.542,1.071,104.545,105.401,104.769,1.096,114.544
2,298.439,105.027,0.984,105.842,106.9,112.543,1.135,113.924,104.839,1.009,107.663,113.866,112.31,1.093,117.209
1,298.708,11.39,106.995,104.865,111.15,99.051,11.46,1.046,10.932,110.062,98.885,103.883,99.925,10.65,0.978
2,298.844,109.323,1.073,110.737,110.393,103.677,0.98,99.25,100.04,1.065,101.094,107.328,114.846,1.126,111.276
2,298.878,109.499,0.998,118.118,105.632,106.018,1.08,108.044,105.068,0.993,116.277,105.302,113.703,1.115,105.312
1,299.059,11.45,111.828,111.53,106.346,105.993,10.524,0.993,11.579,108.247,111.07,108.355,107.725,10.124,1.076
3,299.107,10.922,1.109,97.469,102.011,110.772,1.125,107.852,10.759,1.074,97.79,102.107,93.969,1.072,100.613
4,299.162,109.809,1.069,1.041,1.012,110.431,110.443,10.16,105.017,1.042,1.014,1.089,102.989,94.656,9.699
4,299.307,104.844,1.108,1.134,1.011,108.706,111.104,10.995,111.355,1.052,0.966,1.109,98.395,110.847,10.414
4,299.32,105.231,1.033,1.109,1.012,99.285,101.761,11.07,112.903,1.066,0.979,0.957,97.527,101.742,10.439
1,299.482,10.542,104.482,96.405,104.521,101.09,10.663,1.044,11.312,100.628,103.685,102.311,96.035,9.918,1.003
4,299.751,112.398,1.116,0.977,1.006,104.735,102.213,9.754,110.701,1.128,1.006,1.131,95.099,105.674,10.212
3,299.871,9.827,0.964,100.604,100.39,105.314,0.989,105.83,10.096,1.057,101.63,108.463,102.789,1.108,101.695
4,300.113,106.547,0.988,0.991,1.064,106.478,107.28,10.406,98.168,0.981,1.103,1.121,99.588,99.271,10.225
2,300.21,105.828,1.013,102.463,115.891,106.36,1.053,99.736,98.032,1.015,116.652,107.249,103.565,1.073,101.202
1,300.435,10.809,114.119,104.362,104.357,97.348,11.403,0.963,10.145,109.689,98.885,101.145,106.489,11.376,0.95
1,300.522,10.969,115.202,105.373,107.593,101.478,10.471,1.069,10.361,103.288,102.762,115.432,96.689,10.923,1.034
3,300.583,11.273,1.107,107.826,98.494,98.639,0.972,103.732,9.829,1.117,93.23,105.226,98.157,0.952,94.26
3,300.852,9.48,1.133,98.56,105.751,111.137,1.108,108.385,10.553,1.104,93.935,105.226,96.629,1.025,103.567
4,301.014,100.872,1.076,0.995,1.076,102.625,105.691,9.589,99.172,0.975,1.06,1.073,95.319,97.983,10.0
1,301.457,11.71,115.202,104.487,115.684,99.375,9.915,0.951,10.327,103.506,111.157,103.646,94.756,10.77,1.091
3,301.537,9.786,1.043,106.518,96.972,100.172,1.067,96.937,10.789,1.1,94.143,107.559,110.023,0.999,100.95
1,301.619,11.594,106.63,99.102,113.019,101.516,10.219,1.057,11.551,106.648,99.916,111.615,99.888,10.934,0.981
1,301.836,10.578,112.011,108.551,108.755,100.394,10.387,1.02,9.914,110.858,103.26,104.45,105.177,10.01,0.981
2,301.954,100.898,1.072,105.346,112.098,114.794,1.05,110.556,110.609,0.999,116.382,112.346,99.883,1.0,110.143
3,301.991,11.047,1.07,108.717,97.198,106.431,0.995,105.52,10.955,1.028,107.171,98.536,96.868,1.067,99.714
1,302.008,11.529,114.506,97.682,117.539,92.511,11.271,1.08,11.685,108.309,108.717,105.401,104.534,10.942,0.96
3,302.32,10.922,1.111,104.35,104.417,108.5,1.066,101.507,9.592,1.113,102.05,105.288,101.133,1.117,107.901
1,302.35,11.299,117.99,102.363,110.926,108.772,10.297,0.98,9.884,114.935,98.427,105.737,93.703,10.549,1.023
1,302.388,10.599,117.024,97.497,104.533,108.458,10.075,1.033,10.641,101.876,97.796,108.46,109.113,10.312,1.098
2,302.527,100.862,1.034,106.446,100.616,114.822,1.075,104.412,96.776,1.053,112.231,110.159,103.161,0.993,115.245
4,302.778,108.099,0.989,1.109,1.089,107.732,96.592,10.348,114.54,1.044,0.989,1.055,110.539,95.819,11.233
4,303.03,112.265,1.032,1.125,1.021,99.284,101.818,10.838,102.608,0.966,1.015,1.107,103.558,102.404,10.878
3,303.085,10.918,1.112,101.292,106.841,109.38,1.071,105.768,11.274,1.081,98.731,105.119,98.56,0.99,106.241
3,303.181,10.894,1.0,95.47,94.146,95.297,0.97,96.42,9.673,1.012,93.624,107.026,111.137,0.997,95.723
3,303.408,10.615,1.012,96.496,101.211,102.283,1.067,98.821,10.082,1.025,100.363,96.85,108.303,1.005,92.394
4,303.656,101.945,1.006,1.113,1.024,97.103,99.953,10.137,102.66,0.978,1.001,1.118,108.538,99.221,11.31
3,303.867,10.668,1.123,93.97,108.435,103.187,0.996,107.104,10.83,1.06,99.273,109.962,102.691,1.055,107.531
3,303.952,11.152,1.049,107.196,96.62,95.767,1.051,109.743,9.994,0.969,107.36,101.966,93.948,1.019,106.294
3,303.986,9.491,1.109,110.173,94.172,110.946,0.998,97.031,10.918,1.103,109.048,96.289,98.748,1.125,108.475
3,304.014,10.645,1.109,96.443,100.974,108.822,1.03,95.975,9.522,0.986,103.168,101.933,105.224,1.056,94.494
1,304.139,10.826,113.277,100.574,104.393,103.04,11.018,0.987,10.828,100.89,105.826,115.761,100.505,9.997,1.046
1,304.447,10.787,102.144,103.806,112.693,92.791,11.642,1.012,9.92,115.348,108.765,117.282,100.519,11.483,0.955
1,304.646,9.924,106.609,106.902,105.12,105.833,11.4,1.024,11.245,113.92,111.529,107.418,107.328,10.616,1.091
3,304.653,9.831,0.98,103.129,102.238,98.774,1.118,98.209,9.628,1.006,100.506,97.411,106.542,0.967,99.902
3,304.855,11.147,1.003,98.354,105.119,97.529,0.987,101.159,10.509,0.978,101.226,96.927,108.328,0.974,99.344
4,304.932,102.458,1.075,1.122,1.012,93.222,98.103,10.309,114.545,1.139,1.093,1.089,100.181,107.807,9.896
3,305.293,11.012,1.043,105.963,101.183,110.916,1.073,98.452,10.944,1.093,107.634,106.994,101.024,1.026,106.01
2,305.533,110.474,1.049,111.076,109.903,105.355,1.079,104.759,106.373,1.053,106.834,99.46,101.243,1.06,108.637
1,305.985,10.963,117.914,109.447,105.484,94.498,10.923,0.931,10.432,116.13,96.275,114.326,102.759,10.633,1.08
4,306.107,115.612,1.058,1.115,0.967,97.8,100.81,10.636,106.72,1.128,1.096,1.134,93.43,108.055,9.732
2,306.404,100.821,1.024,113.283,101.203,100.018,1.136,100.435,98.946,0.961,118.393,104.168,105.805,0.977,110.201
1,306.53,10.062,107.242,95.974,107.903,99.316,10.617,0.952,11.442,107.9,111.141,103.28,107.184,10.193,0.979
4,306.654,112.254,1.074,1.091,1.019,108.129,105.476,11.236,115.221,1.01,1.035,1.022,96.824,108.847,10.137
4,306.988,99.702,1.1,1.139,1.059,100.269,94.537,10.39,114.838,0.994,0.963,1.113,103.004,102.509,10.622
3,307.072,11.037,1.092,110.303,105.894,94.719,0.99,103.656,9.881,0.966,108.123,107.393,97.06,0.979,96.638
4,307.183,103.904,1.134,0.967,1.036,96.192,99.271,11.156,102.335,1.124,1.072,0.991,109.907,109.604,10.195
3,307.296,9.491,1.034,99.717,103.378,99.337,0.971,108.664,10.841,1.065,95.646,104.728,94.847,0.999,105.058
4,307.631,100.522,1.035,1.092,1.016,109.269,108.703,10.049,112.798,0.99,1.019,0.993,94.631,95.434,11.225
4,308.144,112.851,1.089,1.133,0.999,94.993,101.135,10.802,98.701,1.133,1.023,1.016,98.28,99.95,11.247
1,308.216,11.412,100.834,99.304,113.329,109.135,10.182,1.046,10.911,107.796,100.778,111.424,93.435,10.597,1.034
2,308.33,97.85,0.983,101.881,110.283,97.309,0.998,111.662,102.607,0.938,103.493,103.393,103.963,0.977,107.471
2,308.394,100.363,1.046,104.937,107.549,114.241,0.979,116.771,109.534,1.022,106.426,107.855,103.404,1.064,109.482
1,308.542,10.665,108.218,110.893,109.004,102.085,10.265,0.978,10.768,107.579,107.283,106.309,99.629,11.005,1.076
2,308.582,112.775,1.089,116.677,113.538,101.105,1.107,110.106,104.131,1.045,107.71,98.899,106.779,0.99,106.991
4,308.605,108.301,1.06,1.05,1.066,93.342,97.117,10.789,109.661,0.981,1.02,1.004,99.814,107.704,10.328
1,308.632,10.409,109.005,113.465,109.311,92.747,11.695,0.986,11.051,118.38,98.036,113.239,99.347,11.199,0.969
1,308.683,11.039,99.939,108.296,106.708,97.816,11.14,0.972,9.93,101.412,103.434,116.63,103.119,10.432,1.027
3,308.736,9.794,1.008,110.412,105.108,102.482,1.025,106.792,10.527,1.003,99.781,97.367,98.231,1.07,99.958
2,308.758,98.681,0.952,105.858,99.467,101.146,0.997,108.545,101.415,1.0,100.017,111.583,111.977,1.032,100.492
4,308.816,108.943,1.036,0.969,1.001,100.694,107.568,11.077,99.807,1.017,0.985,0.974,103.974,103.381,10.569
3,308.843,9.583,1.113,107.73,98.911,99.978,1.058,106.829,9.969,0.981,97.176,108.267,100.852,1.015,103.507
2,308.859,101.107,1.018,110.334,116.092,109.15,1.133,111.894,105.158,1.04,113.746,102.575,110.655,1.033,98.666
2,308.958,106.025,0.956,100.604,102.056,105.088,0.971,111.043,98.153,1.081,108.786,112.449,114.994,1.109,111.731
2,309.087,108.509,1.021,100.772,106.598,110.534,0.993,110.429,102.82,1.017,114.78,116.799,103.986,1.1,110.415
1,309.279,10.24,108.62,98.569,108.815,100.367,10.398,0.937,10.236,108.62,108.354,110.995,94.087,11.405,1.081
1,309.416,10.583,117.587,110.893,101.627,103.99,10.124,1.039,10.805,113.932,103.858,116.841,99.093,10.18,1.038
2,309.633,96.63,0.997,104.778,111.753,103.856,0.998,111.074,105.396,1.028,108.788,105.046,108.614,1.014,99.528
2,309.713,97.428,0.936,108.604,114.493,109.917,1.088,115.708,96.465,1.058,113.574,114.227,109.856,1.122,117.184
2,309.744,100.361,1.053,103.774,114.892,110.816,1.021,102.684,109.979,0.987,102.355,100.762,97.598,1.115,102.544
2,309.868,112.103,0.989,101.612,98.721,106.563,1.129,114.598,96.978,1.105,101.055,103.481,108.798,1.0,106.369
3,310.428,9.772,0.972,102.484,95.429,99.815,1.072,104.883,10.653,1.099,93.78,93.973,100.585,1.017,93.128
1,310.429,10.569,118.456,99.603,115.659,106.128,11.248,1.007,11.588,99.972,104.493,101.092,94.507,10.404,0.951
1,310.898,11.677,100.008,98.446,105.627,93.402,10.53,0.947,10.543,116.088,112.784,114.588,94.498,10.923,1.064
2,311.183,104.378,1.022,103.513,115.384,110.047,1.045,107.938,101.983,1.083,117.056,113.866,100.808,1.1,107.746
1,311.238,11.391,116.443,100.579,105.332,99.925,10.907,0.934,10.637,117.564,104.243,112.301,93.686,10.753,0.975
4,311.278,107.373,0.965,1.054,1.134,97.527,96.893,11.304,100.878,1.116,1.013,1.004,100.647,107.387,9.594
1,311.308,10.334,113.142,105.605,104.768,106.487,9.865,1.062,10.291,116.328,102.153,107.816,99.936,10.502,1.062
1,311.467,11.704,104.329,107.303,104.768,97.947,10.413,1.061,10.063,111.102,104.057,102.827,106.388,11.626,0.997
4,311.575,107.3,1.062,1.017,0.969,108.407,104.774,9.887,114.127,1.025,1.092,1.007,104.224,107.966,10.329
2,311.669,97.013,0.969,103.653,110.47,103.648,1.145,113.581,109.693,0.993,103.479,115.184,106.034,1.051,115.52
3,311.683,9.518,1.045,105.758,103.475,96.48,1.048,93.918,11.273,1.124,107.48,104.126,94.059,1.035,103.319
3,312.57,10.836,1.064,100.988,93.94,110.394,1.01,95.079,9.881,0.981,105.356,103.475,94.07,1.024,101.359
1,312.677,11.528,108.627,105.541,111.579,103.224,10.776,0.96,11.671,110.605,100.04,111.016,104.007,11.331,0.962
3,312.828,10.944,1.044,101.319,107.343,110.498,0.978,94.122,10.846,1.124,97.391,93.716,108.517,0.952,97.597
1,312.935,10.951,110.333,110.253,117.274,94.717,9.978,1.076,11.686,101.077,103.423,109.423,108.361,11.255,1.078
3,313.194,10.962,1.041,102.546,93.142,96.722,1.092,105.726,10.634,1.073,101.39,106.889,94.006,0.953,109.188
3,313.247,10.836,0.965,104.329,103.036,98.808,0.958,96.934,10.218,1.08,100.157,99.494,108.881,1.004,102.708
4,313.258,99.682,1.015,1.115,1.021,108.919,105.327,10.06,113.034,1.132,1.091,1.119,95.323,105.674,10.699
4,313.515,107.722,0.971,1.047,1.057,107.838,98.693,9.837,108.301,1.144,1.094,1.112,93.165,100.76,10.137
1,313.694,11.134,101.864,111.627,117.444,102.338,9.932,0.955,10.316,117.628,95.883,116.487,108.253,10.043,0.952
1,313.735,11.204,115.666,111.711,117.423,100.391,10.04,0.931,11.517,112.924,102.264,106.939,101.885,11.276,0.959
1,313.823,10.827,113.04,109.015,104.332,93.008,10.517,1.042,10.64,105.694,97.36,111.419,104.919,10.04,1.025
4,314.224,101.681,1.091,1.066,0.997,93.534,110.142,10.994,111.571,1.003,1.136,1.033,110.698,102.406,11.311
2,314.288,110.31,1.044,117.643,115.268,98.066,1.038,108.47,104.802,0.982,105.372,105.505,109.726,1.093,100.625
2,314.883,97.428,0.996,108.45,112.892,108.798,1.01,101.959,106.86,0.982,115.883,104.321,111.928,1.106,114.251
3,315.023,10.916,1.076,105.218,106.967,104.599,1.062,100.152,9.819,1.005,105.283,105.077,95.797,1.075,102.326
2,315.37,112.828,1.056,104.819,107.18,113.415,1.103,116.031,100.326,1.058,106.426,116.785,105.815,1.048,116.118
1,315.615,11.146,108.247,98.599,104.249,96.133,11.097,1.06,10.582,103.561,111.711,116.745,106.753,11.275,0.976
3,316.016,11.19,1.107,99.519,106.935,95.933,1.024,105.129,10.92,0.997,108.754,95.345,97.034,1.104,108.339
1,316.058,11.134,110.21,103.471,109.979,102.538,10.251,1.081,10.022,115.035,100.49,107.203,99.664,10.144,0.994
1,316.276,11.376,116.49,102.762,106.068,105.437,10.061,0.961,11.198,111.018,107.298,100.806,107.223,10.448,1.079
2,316.355,108.653,1.041,101.055,99.584,114.822,1.124,100.257,103.322,1.042,109.812,104.796,102.467,1.02,99.245
1,316.67,11.011,109.689,97.54,102.278,101.687,11.541,1.031,10.517,110.292,98.476,110.547,108.906,10.452,0.968
3,316.834,11.058,1.043,93.97,103.49,102.789,1.051,103.044,10.976,0.988,98.775,107.087,104.657,0.992,99.662
2,317.458,109.323,1.079,118.603,110.113,112.698,1.072,112.071,99.188,1.003,116.595,104.796,114.312,1.025,110.429
3,317.486,10.975,1.128,104.808,103.051,107.125,1.119,100.329,10.916,1.016,103.203,106.626,96.922,0.974,99.225
2,317.517,102.962,0.987,107.656,99.602,110.711,0.994,111.135,102.854,0.942,115.533,111.474,112.929,1.146,113.293
4,317.526,111.441,1.028,1.054,1.113,102.353,101.991,9.678,108.623,1.023,0.989,0.981,108.538,105.32,9.986
3,317.665,10.66,1.106,103.18,106.339,98.39,1.118,105.034,9.848,1.034,110.051,102.275,100.912,1.001,107.582
4,317.701,110.088,0.967,1.116,1.105,104.711,107.147,11.259,106.373,0.981,1.047,1.081,97.266,97.119,9.754
4,317.773,113.002,0.992,1.0,0.973,109.438,110.511,9.652,107.772,0.98,1.046,1.024,101.287,100.741,11.278
2,317.785,103.998,0.982,108.017,100.746,113.979,0.971,104.417,100.862,1.02,112.049,109.502,112.758,1.071,111.309
2,317.918,109.354,1.01,110.305,109.723,101.076,1.079,103.665,104.96,0.961,106.886,106.2,108.184,1.139,101.646
1,318.029,9.93,115.37,105.138,101.184,93.898,11.512,1.096,10.633,114.687,102.529,110.753,99.901,11.591,0.958
4,318.17,100.361,1.135,1.134,1.069,103.837,97.775,10.176,98.257,1.034,0.979,1.115,104.203,96.18,10.11
3,318.438,10.382,1.056,109.108,100.956,96.68,1.01,93.655,11.214,1.132,107.792,105.583,109.344,1.128,105.61
4,318.54,106.188,1.028,0.99,1.134,93.816,97.538,10.235,102.099,1.077,1.018,1.079,93.126,101.878,10.45
1,318.792,10.757,115.127,98.633,104.0,99.006,10.729,0.966,10.851,115.675,99.748,117.833,103.917,10.012,1.076
4,319.041,109.217,1.102,1.033,1.053,99.299,99.2,10.891,108.295,1.015,1.117,1.004,106.447,110.29,11.252
4,319.279,107.332,0.997,1.005,0.965,100.34,101.012,10.631,97.742,1.03,0.989,1.001,110.453,106.648,11.084
3,319.382,10.957,1.14,106.388,103.106,94.847,1.075,104.389,10.13,0.99,104.393,107.026,109.686,1.048,107.104
2,319.563,103.455,0.998,112.015,103.147,104.776,1.003,101.574,100.571,1.0,110.61,102.982,114.339,1.12,101.122
3,319.646,10.772,1.058,93.466,101.103,105.3,1.004,96.48,10.941,1.02,106.388,102.592,97.486,1.006,109.412
4,320.085,113.622,1.115,1.06,0.956,103.166,104.288,10.351,110.49,1.097,1.021,0.986,96.098,107.857,9.804
4,320.171,104.819,0.979,1.033,1.005,100.145,94.925,9.554,99.377,1.002,1.028,1.09,99.881,103.554,10.047
4,320.291,104.9,1.008,0.998,0.974,99.299,110.758,10.087,102.26,1.133,1.019,1.134,106.996,98.857,11.214
3,320.295,9.788,0.974,95.001,101.827,102.913,1.091,103.699,10.841,0.964,106.385,108.296,96.917,0.986,103.456
2,320.499,100.265,0.937,109.479,99.494,114.059,1.124,117.249,112.387,0.966,104.834,101.159,107.678,1.034,111.439
1,320.869,10.783,107.973,105.583,111.229,108.467,10.601,1.102,11.665,118.617,99.663,108.04,105.273,10.051,1.033
3,321.398,11.045,1.052,100.506,105.288,94.893,1.097,105.26,10.761,1.127,103.655,98.232,104.032,0.978,100.603
1,322.249,11.427,109.04,102.076,103.816,92.696,11.056,1.038,10.583,118.415,97.796,105.892,107.699,10.478,1.056
4,322.362,109.923,1.005,1.021,1.117,107.824,105.497,10.726,109.097,1.093,1.007,0.961,94.021,109.173,9.992
1,322.523,11.091,110.722,113.802,100.793,104.443,11.525,0.948,10.952,104.546,103.609,103.358,98.516,10.902,1.055
1,322.572,11.582,112.758,100.946,102.006,101.947,10.071,1.063,10.933,107.021,98.723,106.916,104.882,11.048,1.039
3,322.658,10.404,1.031,98.058,101.006,102.014,1.093,105.261,9.955,1.065,109.213,107.152,104.075,1.04,93.384
4,322.697,114.485,1.022,1.132,1.036,94.446,110.101,10.472,111.844,1.024,1.124,1.004,107.586,110.864,10.745
1,323.862,10.212,104.832,104.488,114.808,101.659,11.254,1.034,10.765,100.195,112.585,113.019,100.048,10.44,1.058
1,324.178,11.613,113.055,100.417,107.938,92.723,9.936,1.082,9.956,105.416,98.885,117.237,93.046,10.028,0.996
3,324.574,11.192,1.086,109.456,110.133,96.697,0.956,92.503,10.863,0.983,106.03,103.517,105.576,1.028,102.116
4,324.713,112.679,1.105,1.001,1.1,98.452,95.031,10.275,101.604,1.126,1.045,1.016,103.426,108.055,10.843
1,324.789,10.042,112.212,108.271,104.833,108.139,10.647,0.959,10.826,118.383,103.355,116.639,107.184,11.624,0.928
1,325.026,11.391,111.175,100.231,101.58,106.703,10.954,0.935,11.43,105.368,112.913,111.296,107.191,11.184,1.09
3,325.082,11.207,1.028,107.901,109.404,95.996,1.104,95.139,10.297,1.016,104.89,100.752,94.37,1.005,93.231
1,325.1,10.047,107.579,105.534,118.026,93.705,11.03,1.074,10.596,114.132,109.27,115.794,98.009,9.882,1.063
3,325.577,10.246,1.009,109.159,97.499,94.828,1.087,102.213,10.449,0.968,103.828,101.379,108.726,1.119,106.01
4,326.561,112.265,0.979,1.09,0.99,109.184,98.912,10.325,100.412,1.044,1.126,1.1,96.369,107.739,9.846
3,326.81,10.632,1.057,106.306,104.405,103.071,1.089,104.26,10.846,1.098,102.731,94.836,106.431,0.962,98.579
4,326.952,102.733,0.998,1.09,1.021,107.007,98.18,11.288,112.637,0.984,1.022,1.008,100.134,93.776,10.154
1,327.145,11.51,103.826,103.817,103.427,94.419,10.155,0.97,11.609,111.94,95.883,112.769,95.401,11.11,0.928
4,327.501,107.96,1.081,1.058,1.045,101.101,111.465,11.192,100.519,1.081,1.063,0.966,93.427,102.96,10.768
1,327.588,11.18,108.129,104.56,104.533,104.695,11.499,1.062,11.708,108.169,106.201,105.411,99.888,11.317,1.059
4,327.747,108.391,1.126,1.114,1.112,93.841,94.143,9.637,97.745,1.097,1.092,1.101,107.968,105.476,10.338
3,327.901,11.152,1.138,99.656,107.076,95.838,1.021,100.225,9.729,0.991,103.729,97.842,97.675,1.031,101.225
1,327.975,10.063,100.096,109.874,115.684,106.286,10.863,0.994,10.08,116.244,98.013,113.157,106.713,10.67,1.074
1,328.171,10.485,105.066,111.924,109.374,104.059,10.16,0.953,10.921,117.032,105.193,109.684,94.498,10.93,1.015
4,328.375,110.869,1.076,1.047,1.107,96.941,106.961,9.715,100.285,1.134,1.131,1.031,95.891,95.308,9.685
3,328.411,10.449,1.095,110.272,97.842,100.067,1.06,100.927,9.697,1.027,108.403,95.582,96.868,1.073,95.977
1,329.011,9.884,110.538,102.573,105.661,99.047,9.977,1.057,11.282,115.348,100.993,110.88,96.088,11.357,0.973
3,329.047,9.966,1.07,98.354,96.289,109.767,1.047,97.469,10.883,1.052,97.506,110.241,102.872,1.033,104.475
3,329.431,9.664,1.032,110.382,95.364,107.84,1.033,104.362,9.938,1.073,95.056,93.899,104.281,1.045,108.263
1,329.53,10.138,114.23,102.153,116.849,106.456,10.275,0.969,11.292,110.967,110.657,117.946,92.396,10.57,1.046
3,329.532,9.968,1.014,96.216,100.14,97.486,0.97,100.219,10.851,1.05,104.498,97.335,98.809,1.055,97.844
1,329.663,10.155,102.376,100.126,113.549,100.828,10.069,0.959,11.629,101.941,99.173,103.35,96.903,10.584,1.053
3,329.675,9.669,1.089,99.083,106.87,108.913,1.104,108.626,9.583,0.983,94.742,107.888,94.204,0.99,93.603
1,330.78,10.467,111.075,106.877,100.843,104.334,10.811,0.942,11.394,109.44,107.094,112.651,96.669,11.245,0.944
4,330.799,113.938,1.121,1.029,0.976,110.645,95.434,9.732,99.079,0.981,1.103,0.969,101.851,108.266,11.256
4,331.176,114.316,1.092,1.099,1.106,108.148,108.178,10.348,106.29,1.004,0.982,1.109,100.539,111.073,10.455
4,331.288,109.809,1.146,0.983,1.122,103.388,108.953,10.633,108.678,0.993,1.14,1.082,98.675,108.058,11.018
1,331.475,11.443,103.66,110.891,110.425,94.273,11.254,0.966,10.296,112.025,107.776,112.639,108.458,10.175,0.935
4,331.941,99.836,1.1,1.099,1.132,102.706,96.994,10.83,105.891,0.967,0.986,0.984,95.945,97.507,9.711
4,331.995,108.449,1.06,1.041,1.119,104.557,109.939,9.921,115.239,1.038,1.051,1.059,93.208,101.785,11.244
4,332.086,109.817,0.998,1.141,1.031,107.586,110.544,10.173,101.984,1.13,1.008,0.957,106.297,106.021,9.656
4,332.452,98.843,1.147,1.1,1.045,102.86,101.795,10.407,107.073,1.071,1.142,0.973,98.926,100.296,10.818
3,332.784,9.893,1.036,100.167,109.919,108.575,0.985,98.037,9.94,1.054,96.507,103.925,104.394,1.046,98.608
4,332.836,114.485,1.028,0.966,1.083,101.272,107.936,10.803,109.769,1.027,1.133,1.004,109.726,96.272,10.177
4,333.022,109.192,0.974,0.998,1.084,105.059,104.435,9.727,100.914,1.132,1.104,1.028,97.163,94.805,9.871
3,333.091,10.806,1.082,103.858,103.348,99.083,1.046,93.971,9.814,1.021,100.893,100.392,96.001,1.068,105.575
3,333.435,11.215,0.979,110.051,93.603,110.84,1.057,109.028,10.375,1.098,93.636,109.953,105.891,1.117,93.637
3,333.481,10.198,1.092,94.91,103.586,108.167,0.986,102.844,9.617,0.971,103.828,95.142,106.18,1.055,95.584
4,334.139,112.348,0.966,0.991,1.013,104.089,101.196,10.221,114.962,0.992,0.979,0.997,107.48,103.85,10.354
3,334.254,9.913,0.968,101.471,104.39,99.441,0.952,101.367,11.046,1.104,94.101,104.169,110.934,0.973,101.647
3,334.304,9.735,1.007,102.702,99.494,110.76,1.069,93.348,10.954,1.053,94.641,100.467,94.37,1.018,103.154
3,334.558,11.154,1.092,93.033,95.664,110.098,1.027,102.118,9.943,1.128,93.475,94.672,101.608,1.109,98.292
3,334.823,10.884,1.0,95.628,105.305,107.197,0.985,92.574,9.765,1.041,99.819,105.371,99.216,0.984,104.943
3,334.968,10.334,1.016,106.03,109.859,108.462,1.038,104.613,9.676,1.13,109.698,102.808,102.382,0.991,98.215
3,335.706,10.094,1.13,99.294,105.236,100.844,1.082,95.79,10.368,1.012,96.149,106.143,97.899,1.117,107.028
3,337.081,10.354,1.0,101.999,106.696,104.525,1.1,105.058,11.181,1.099,107.176,97.345,108.167,0.985,98.129
3,338.905,9.938,0.964,98.354,105.099,102.563,1.055,107.21,9.772,1.018,104.008,95.548,105.528,1.043,107.29
3,338.92,10.353,1.139,109.957,103.0,96.697,1.075,106.229,9.592,1.002,107.826,95.259,100.46,1.058,101.141
3,339.535,9.829,1.069,98.986,100.198,100.487,1.113,97.061,9.855,1.11,107.814,109.375,105.538,1.02,96.439
3,340.91,10.991,1.07,101.442,98.361,108.872,1.05,106.424,10.501,1.078,110.35,106.69,104.97,1.013,104.026
3,341.711,9.827,1.059,102.546,102.808,95.283,1.045,97.597,10.781,1.012,95.545,106.023,95.996,0.958,101.507
3,341.808,10.557,0.96,99.076,103.065,104.599,1.056,105.373,10.51,1.099,93.78,106.2,97.486,1.045,95.767
3,342.331,10.596,0.975,108.717,106.644,108.439,1.005,95.023,10.62,1.12,104.194,98.385,104.309,0.977,108.103
3,343.846,9.613,0.994,97.952,100.641,97.6,1.076,92.906,10.922,1.137,108.754,105.119,105.3,1.056,92.51
3,344.318,9.512,1.115,96.628,104.12,109.073,1.104,101.834,9.572,1.081,100.132,95.574,96.48,1.019,107.252
3,344.859,10.962,0.987,101.733,102.129,109.169,1.075,108.45,10.381,1.056,95.435,105.999,102.891,1.003,95.995
