task_type_id,arrival_time,est_m1,est_m2,est_m3,est_m4,est_m5,est_m6,est_m7,est_m8,ext_m1-1,ext_m2-1,ext_m3-1,ext_m4-1,ext_m5-1,ext_m6-1,ext_m7-1,ext_m8-1
2,0.022,10.23,10.71,112.22,106.62,99.02,102.73,103.92,0.94,10.12,9.74,108.68,107.92,108.98,99.68,110.43,1.02
3,0.042,10.5,10.55,100.61,92.96,106.71,105.32,96.27,1.14,9.92,10.68,98.71,99.51,100.87,95.61,103.56,1.07
1,0.419,10.2,10.02,110.27,105.72,100.88,98.65,109.73,0.95,11.21,10.32,99.15,105.36,96.6,112.42,99.71,1.11
1,0.425,9.77,10.51,110.59,101.74,94.4,115.0,106.28,1.09,11.26,11.15,97.4,99.84,95.01,111.21,100.7,1.02
3,0.482,10.35,10.24,108.96,92.86,109.3,100.32,106.03,1.15,10.53,10.85,113.33,105.9,111.06,108.77,93.32,1.04
1,0.537,10.24,10.21,103.82,106.44,95.26,97.53,110.08,1.07,9.7,11.13,102.74,109.14,103.73,101.28,102.41,0.99
2,0.56,10.5,10.78,102.28,95.12,102.09,108.6,101.37,0.98,11.04,9.88,102.4,95.45,98.56,107.33,101.14,1.09
2,0.9,11.48,10.26,100.75,100.06,94.68,100.44,103.32,0.99,11.44,9.89,110.03,105.36,106.46,104.66,108.42,0.96
3,1.749,10.45,10.96,111.24,97.08,112.94,99.87,106.63,1.08,9.72,11.19,102.03,95.62,111.88,107.84,95.01,1.12
1,2.37,9.58,11.8,98.99,98.83,98.06,111.8,98.44,0.98,11.18,10.84,111.69,111.48,100.75,113.39,109.1,1.03
3,2.384,9.62,10.63,96.72,106.68,105.19,99.96,105.06,1.06,10.83,10.58,110.84,107.06,100.34,101.91,109.19,1.0
3,2.869,10.04,9.76,103.18,108.24,98.98,100.73,108.18,1.0,9.71,10.93,96.14,94.35,101.84,101.85,109.23,1.1
3,2.945,10.55,10.4,113.55,105.89,106.71,110.48,106.12,1.13,9.59,10.81,110.57,102.21,111.63,103.8,108.53,1.14
1,3.454,10.07,10.54,113.78,99.2,107.55,99.97,101.03,1.12,10.96,10.87,109.4,102.44,94.26,105.16,110.54,1.03
4,3.57,10.22,10.28,104.54,106.17,106.3,94.88,112.76,1.07,11.03,10.65,113.4,99.07,101.67,97.32,107.96,0.96
1,3.701,10.7,10.3,106.36,113.86,105.49,99.68,98.0,1.03,10.45,10.26,97.75,106.7,107.92,105.52,98.98,1.08
4,3.905,10.91,9.97,113.85,99.48,111.4,111.44,108.38,1.01,10.25,9.58,102.32,107.99,100.48,111.05,111.71,1.06
4,4.112,9.81,9.7,113.88,104.79,108.95,100.41,104.3,0.99,10.01,10.44,100.22,98.08,110.86,101.37,112.74,0.96
1,4.441,11.03,10.84,112.17,105.45,107.06,106.52,101.8,1.01,10.2,10.39,112.93,108.65,97.16,99.83,104.1,1.02
1,4.686,11.25,11.59,107.62,110.63,100.9,108.16,106.7,1.1,10.13,10.07,104.4,101.74,109.33,107.03,94.72,1.07
2,4.714,11.61,9.84,111.64,107.78,101.02,105.09,112.45,0.96,11.65,9.64,112.03,100.16,98.45,106.85,109.68,1.04
3,4.909,10.05,9.97,108.73,92.67,104.59,99.96,96.15,1.04,10.12,9.82,96.84,93.83,110.8,102.31,93.71,1.06
4,4.973,10.45,10.88,109.69,95.56,105.45,103.98,111.7,1.08,10.52,10.07,102.32,94.53,108.44,104.74,108.64,0.96
4,5.321,10.38,11.16,112.02,98.19,105.86,101.46,114.01,1.04,10.72,9.59,99.77,108.47,98.81,99.79,114.38,1.07
4,5.638,11.11,9.53,101.04,101.22,107.62,103.54,98.37,1.0,10.98,10.38,110.66,107.99,109.7,94.56,113.34,1.02
3,5.836,9.3,10.16,102.78,101.3,109.94,98.12,101.76,1.11,10.32,11.28,107.09,101.7,102.38,107.5,100.51,1.08
2,5.984,10.22,11.25,105.64,110.05,105.38,103.4,101.14,1.05,10.49,10.02,109.88,105.5,102.14,98.13,101.57,1.02
4,6.005,11.21,10.26,96.29,109.53,99.86,98.99,105.17,1.04,10.03,10.5,106.68,106.68,97.81,98.78,98.2,1.05
2,6.498,10.5,9.81,113.76,109.72,98.2,108.63,107.59,1.05,10.94,10.92,97.8,101.61,94.62,112.26,112.58,0.99
3,7.519,10.25,9.7,104.3,105.47,107.95,108.8,104.48,1.0,10.4,11.5,101.42,95.09,107.57,101.4,100.19,1.1
4,7.845,11.04,9.53,113.69,105.9,96.31,94.61,98.63,0.99,10.61,9.91,107.79,107.71,107.14,110.24,99.99,1.0
4,8.704,10.18,10.02,113.73,105.82,103.03,99.9,113.78,1.05,11.33,10.73,113.51,103.98,98.19,110.45,98.08,1.06
2,8.731,11.71,11.13,96.96,108.49,105.7,108.26,108.49,0.97,10.19,10.32,104.07,110.0,94.05,100.31,106.88,0.99
4,8.763,10.25,9.53,108.12,103.63,110.35,108.23,108.72,1.1,9.97,11.3,111.39,96.62,109.88,111.91,111.39,1.03
2,8.917,11.26,10.27,97.12,106.82,92.74,95.84,102.89,1.07,11.19,10.86,99.62,98.78,95.86,109.0,96.98,1.0
1,8.981,10.64,10.22,113.4,103.96,109.74,97.14,109.17,1.12,10.35,10.28,114.98,110.88,96.21,113.18,104.42,0.98
2,9.149,10.52,9.95,99.09,107.08,105.92,109.15,112.15,1.01,10.57,11.18,98.19,105.58,94.12,97.2,101.35,1.07
3,9.474,9.9,11.16,97.92,104.27,108.98,103.25,97.45,1.1,10.49,9.99,110.14,107.1,107.06,108.21,92.8,1.09
1,9.48,10.32,10.3,99.63,113.91,94.68,102.87,105.33,1.07,9.52,10.45,100.97,99.48,95.8,110.06,105.22,0.98
1,9.971,11.24,11.78,113.72,101.07,93.8,97.47,105.04,0.95,10.92,11.5,107.85,111.53,93.99,107.06,100.7,1.08
3,10.536,10.55,10.3,100.73,96.24,109.69,100.59,103.05,1.12,9.68,10.02,104.09,93.28,105.41,110.12,94.98,1.13
2,10.621,10.41,9.88,109.99,106.63,108.08,99.08,101.9,1.05,10.05,9.95,97.73,95.61,105.42,95.0,103.58,0.98
3,10.672,10.37,10.98,113.28,94.54,100.61,106.84,95.01,0.98,9.58,10.76,100.92,98.94,104.9,102.95,96.49,1.15
2,10.714,11.62,10.72,110.14,99.93,94.66,103.06,97.13,1.09,9.93,11.36,104.82,100.1,105.76,98.13,99.1,1.06
3,11.393,10.12,9.8,113.55,102.18,107.39,96.75,104.49,1.05,9.3,10.73,106.61,96.9,108.61,109.08,95.18,1.02
1,11.537,9.56,10.05,105.92,109.53,108.59,106.57,110.59,0.97,10.74,10.78,110.48,103.87,100.99,96.82,107.94,0.98
1,11.568,10.24,11.86,114.13,107.96,105.93,111.36,98.98,1.03,9.7,11.77,98.13,110.04,109.65,105.03,107.38,1.06
2,11.619,10.1,10.83,103.3,102.72,103.76,99.04,102.84,1.07,10.46,9.92,104.88,110.12,105.2,111.75,104.88,0.96
3,11.671,11.02,11.35,102.86,105.34,103.73,108.2,105.47,1.11,10.97,11.4,111.29,97.79,113.44,104.51,105.32,1.04
4,12.105,11.18,10.3,99.44,99.65,103.65,104.47,106.33,1.0,11.01,9.7,111.39,100.69,102.03,101.46,110.95,0.96
4,12.15,9.77,11.05,105.11,105.9,100.9,99.46,112.77,0.98,10.66,10.58,112.5,107.75,104.69,104.88,111.35,1.05
2,12.357,10.6,10.93,108.01,108.77,100.22,110.37,95.98,0.95,11.23,9.75,106.74,103.5,95.18,106.43,112.96,1.0
4,12.452,10.52,10.64,101.74,101.86,100.15,111.94,104.67,1.13,10.0,10.35,110.35,108.1,101.21,100.09,115.16,1.1
2,12.636,10.02,9.75,106.76,110.13,95.98,95.82,107.48,1.1,10.68,10.59,107.54,93.4,104.88,108.9,96.96,1.09
2,12.771,11.25,11.08,109.35,106.64,100.98,101.73,111.9,0.94,10.12,10.4,110.18,107.87,101.36,97.48,101.37,0.96
1,12.815,11.15,11.54,107.16,116.22,96.87,97.62,101.21,1.05,10.09,10.32,99.1,100.96,106.8,113.38,102.5,1.06
3,13.237,10.16,10.45,113.12,92.6,113.51,100.68,94.24,1.12,10.8,10.63,100.11,103.32,103.78,104.76,104.1,0.99
3,13.373,9.72,11.37,97.7,94.54,109.3,102.62,96.55,1.07,10.74,11.5,102.0,96.9,114.65,110.0,99.46,1.02
2,13.635,10.2,10.53,106.61,98.78,98.62,108.87,100.68,0.94,11.08,11.13,97.94,104.53,106.96,109.25,100.53,1.02
3,13.734,10.06,11.07,106.0,98.63,115.91,103.84,93.99,1.08,9.6,11.42,105.68,107.37,106.0,95.9,104.3,0.98
4,14.108,10.52,10.78,103.74,99.99,100.85,107.08,107.16,1.1,10.97,10.45,105.32,101.03,108.25,100.24,113.36,1.02
3,14.118,10.93,11.2,97.67,96.35,115.0,110.41,96.01,0.98,10.61,11.35,111.42,106.54,104.33,101.92,101.49,1.1
3,14.439,10.28,11.22,106.01,106.98,101.32,108.43,96.24,0.98,10.94,11.32,103.06,97.63,115.84,99.55,99.12,1.05
2,14.748,10.59,10.84,112.76,93.78,99.24,110.71,101.2,1.08,10.04,10.21,104.41,103.39,99.7,105.73,102.65,0.99
1,14.815,10.83,11.69,113.45,108.02,93.06,105.73,100.33,1.02,10.81,11.81,99.2,105.94,104.14,100.84,96.96,1.06
1,15.187,10.46,10.32,112.9,108.5,103.56,114.66,104.76,1.12,9.52,10.39,112.25,99.13,103.37,105.88,109.09,1.09
1,15.589,10.57,10.78,100.34,109.25,94.64,104.08,106.9,0.98,10.2,11.44,112.63,105.0,98.08,96.96,96.0,1.02
4,15.864,10.39,10.0,101.04,104.06,96.27,94.23,99.08,0.97,9.6,10.83,98.11,106.5,108.78,99.62,99.24,1.07
1,16.635,9.96,11.83,97.77,115.31,94.3,100.84,111.05,1.01,10.99,10.43,114.39,113.86,107.17,114.78,96.67,1.0
4,16.719,10.97,10.26,109.06,110.13,107.72,108.79,102.23,1.11,10.6,11.09,96.8,104.36,110.06,94.99,105.19,0.99
2,16.89,10.23,11.25,105.77,108.06,104.74,94.52,101.55,0.95,10.45,11.16,97.3,103.4,102.19,94.87,106.51,1.06
3,16.998,11.03,11.36,101.97,97.94,113.85,103.06,95.47,1.1,11.04,10.12,105.15,105.87,111.78,96.7,108.97,1.13
3,17.348,10.99,9.75,104.91,99.6,109.35,107.24,101.76,1.15,11.0,10.36,101.68,104.29,112.5,95.27,104.16,1.1
4,17.377,10.39,9.82,111.77,110.42,98.03,102.69,98.53,0.96,9.89,10.85,102.27,108.54,107.72,95.29,105.74,1.01
1,17.44,10.25,11.89,101.35,106.68,100.12,105.92,100.33,0.98,10.24,11.02,102.67,114.45,106.61,97.64,94.53,1.06
4,17.851,9.78,10.63,101.87,107.76,109.05,106.45,104.89,0.97,9.63,11.07,97.16,99.53,97.99,109.69,100.37,1.13
1,18.232,10.19,11.52,100.86,106.68,108.65,103.19,94.8,0.96,10.79,11.68,103.87,113.8,101.37,102.56,111.09,1.11
4,18.275,11.12,11.07,96.46,99.93,106.06,99.16,102.69,1.06,10.16,11.33,96.81,93.29,108.62,102.95,107.08,1.01
4,18.3,10.35,9.83,96.1,109.31,109.0,97.16,107.96,1.1,9.98,10.89,113.32,108.71,102.16,94.24,104.06,1.07
3,18.628,10.49,11.3,103.18,92.6,107.96,104.69,102.93,0.99,10.82,10.37,106.79,101.21,110.06,98.77,96.66,1.06
2,18.885,10.61,9.91,104.88,94.64,98.5,97.54,105.8,1.0,11.56,11.35,106.76,100.61,99.33,103.19,110.21,1.05
4,19.017,10.15,10.31,100.14,103.58,100.8,95.29,100.37,0.97,10.79,10.08,101.94,106.72,109.42,108.82,105.44,0.99
1,19.07,11.08,11.91,101.32,105.74,105.09,100.93,97.74,0.99,10.24,11.51,107.16,105.92,94.3,105.42,100.14,1.03
2,19.213,11.62,9.64,103.44,103.44,103.3,105.39,111.7,1.07,11.1,10.27,110.7,93.72,96.74,108.62,103.08,0.93
1,19.307,10.07,11.83,110.42,116.29,105.68,114.52,107.96,1.12,9.6,10.67,104.22,108.55,108.16,104.7,104.63,1.12
4,19.367,11.08,10.84,108.68,93.57,97.22,105.34,108.89,1.12,10.09,10.08,104.04,99.56,100.26,102.14,110.6,1.1
2,19.413,10.78,10.16,102.53,96.69,98.62,99.28,104.28,1.03,9.89,9.67,103.96,93.36,93.82,107.33,100.89,0.99
2,19.576,10.94,9.63,107.38,94.1,98.2,107.19,101.27,0.97,11.45,11.14,108.95,105.31,94.82,102.03,98.96,1.01
4,19.577,10.37,10.9,103.55,99.49,105.05,100.65,99.34,1.0,10.61,10.32,99.16,103.33,113.22,99.64,108.36,1.05
4,19.623,9.82,10.01,109.99,107.22,103.51,106.97,108.42,1.08,11.33,10.55,105.03,93.26,108.95,103.74,103.62,1.05
3,19.757,9.75,9.82,96.07,93.91,100.86,107.96,93.64,1.08,10.56,11.35,100.73,94.93,108.58,111.43,108.05,1.13
2,20.304,11.28,9.94,106.76,96.47,104.3,107.47,100.23,1.05,11.35,10.43,101.95,106.63,97.91,99.08,104.56,0.99
3,20.93,10.55,10.74,108.17,102.64,103.64,94.34,101.53,1.12,10.28,10.18,107.88,94.91,107.05,110.36,104.22,1.04
3,22.072,9.33,11.27,95.63,92.34,110.37,105.75,95.44,1.06,10.1,10.99,96.85,98.02,106.05,110.96,105.32,1.13
2,22.497,10.8,10.7,95.65,106.54,98.52,95.58,106.38,0.98,10.03,11.04,112.02,100.72,108.99,103.44,99.03,1.02
4,22.623,10.39,10.52,109.0,97.55,100.35,104.22,97.2,0.97,10.87,10.51,109.58,108.14,108.54,105.73,113.79,0.99
3,22.967,10.85,9.7,111.64,100.88,110.76,96.7,109.22,1.15,10.41,9.84,109.1,95.89,109.4,104.96,105.56,1.13
3,23.133,10.78,10.31,99.56,94.58,113.78,97.49,107.48,1.08,10.11,10.06,97.3,107.22,110.49,106.01,101.19,1.09
2,23.284,11.7,9.94,101.17,110.29,95.5,102.91,107.93,1.08,11.34,9.94,106.65,93.56,98.9,112.38,101.95,0.98
3,23.557,9.72,10.16,96.4,91.6,115.0,110.49,101.53,1.15,9.52,9.76,110.13,95.89,103.59,97.85,94.84,1.0
1,23.616,10.37,11.55,97.42,103.16,102.92,103.41,104.62,1.11,11.26,10.05,99.1,106.44,93.18,103.46,99.44,1.01
1,24.448,10.3,11.41,101.09,99.76,99.23,106.42,110.0,1.09,9.62,11.3,105.97,107.01,94.1,110.14,110.34,1.06
4,24.633,10.72,10.74,96.75,101.96,103.82,105.86,109.49,0.98,10.35,10.6,113.42,106.97,109.69,97.51,108.48,1.08
3,24.812,9.6,9.78,97.67,106.72,114.35,95.48,96.4,1.05,9.66,10.83,102.83,102.2,102.49,109.93,99.97,1.12
4,25.092,10.79,11.08,109.63,96.64,104.66,101.31,97.9,1.02,10.56,10.89,112.05,101.13,100.33,94.19,102.88,1.0
4,25.307,10.85,11.02,104.52,94.37,109.04,107.38,101.09,1.08,10.34,11.28,109.43,105.4,97.47,104.58,109.96,1.0
3,25.506,11.01,11.4,109.09,95.5,108.37,110.66,103.31,1.13,10.91,9.7,101.58,92.26,111.69,104.76,92.1,1.08
2,25.63,11.63,10.76,103.5,103.65,103.86,100.75,96.0,0.99,9.97,9.97,105.33,96.53,95.42,96.42,99.62,1.06
2,25.727,11.65,10.88,96.5,95.79,105.9,106.09,103.24,1.01,11.68,9.98,106.61,96.83,103.86,108.02,104.19,1.0
1,26.089,10.41,11.24,100.07,113.69,95.94,106.54,106.89,1.03,10.41,10.97,103.15,109.55,108.77,110.03,97.7,1.02
4,26.879,10.3,10.36,109.65,107.91,99.91,109.92,105.56,1.12,9.7,10.04,96.38,101.41,107.97,108.44,97.33,1.02
4,26.929,10.16,10.01,98.54,110.42,109.88,98.68,97.49,1.06,10.86,10.9,99.44,103.2,100.09,95.65,105.76,1.04
3,27.025,9.55,10.61,103.32,103.81,100.91,110.47,108.54,0.98,10.23,10.69,100.77,102.94,109.38,107.69,99.18,1.04
2,27.157,10.72,10.5,99.86,95.44,94.4,98.16,104.71,1.05,11.36,10.98,101.33,93.54,97.95,104.04,104.22,1.09
4,27.172,9.71,9.65,111.98,103.29,107.98,108.23,108.38,1.05,10.77,10.04,108.51,107.67,110.26,96.98,114.37,1.02
3,27.29,10.64,11.37,99.43,98.42,111.99,95.07,96.39,1.09,10.29,10.58,105.69,101.67,111.66,98.17,109.19,1.07
3,27.346,9.6,9.76,102.46,94.31,102.27,99.19,94.26,1.1,10.05,10.4,103.67,103.5,102.66,98.75,105.96,1.12
3,27.477,10.91,11.22,109.85,106.55,100.26,107.44,93.34,1.11,9.71,10.78,104.96,91.7,108.99,108.36,101.17,1.05
3,27.647,10.1,9.91,103.13,95.13,100.43,110.82,97.93,1.03,10.75,10.88,109.28,103.03,108.7,106.6,94.28,0.98
4,28.037,9.76,10.83,96.56,95.82,99.28,101.72,108.95,1.01,9.65,10.7,112.8,103.69,105.07,107.08,103.25,1.05
2,28.193,11.39,10.55,111.2,98.35,106.68,105.01,100.71,1.07,10.64,10.67,101.95,99.13,102.38,94.84,106.29,0.93
2,28.228,10.07,9.81,112.14,107.94,105.25,96.05,112.66,0.98,10.75,10.46,110.57,106.03,100.56,106.53,96.43,0.98
2,28.858,11.7,10.51,101.99,93.15,99.88,102.74,111.68,1.04,11.7,11.09,106.96,108.94,106.74,98.27,110.02,1.06
4,29.393,10.32,10.76,108.58,99.74,102.68,109.2,101.8,0.96,10.75,10.51,100.82,98.85,97.71,97.78,103.98,1.01
2,29.884,11.59,10.61,101.52,101.78,101.26,107.15,103.98,1.04,10.54,10.86,96.35,102.23,95.64,104.93,109.02,0.96
2,29.899,10.79,10.23,106.22,101.83,108.82,108.08,99.19,1.03,10.47,10.44,100.75,94.18,94.82,105.74,99.85,1.0
2,30.021,10.16,10.28,113.02,104.98,102.09,107.15,108.01,1.07,10.32,10.1,100.87,103.69,99.25,103.65,102.89,0.93
4,30.072,11.19,9.55,109.82,105.16,96.85,98.4,114.34,1.04,10.91,9.58,103.58,100.1,100.81,99.33,114.87,1.07
2,30.145,11.16,10.33,101.73,107.93,102.13,95.12,104.19,1.01,11.62,11.37,98.06,93.26,104.05,106.27,105.2,1.08
3,30.445,10.75,11.14,101.21,96.12,106.97,108.47,108.71,1.02,10.79,11.35,100.33,91.56,104.25,104.87,100.43,1.06
2,31.019,11.08,9.85,103.47,97.82,105.5,107.17,106.24,0.95,11.03,9.9,99.65,106.65,97.7,107.59,111.25,0.98
1,31.247,10.94,11.82,106.0,109.27,107.92,108.09,96.67,1.04,10.38,11.24,99.99,108.65,103.4,101.98,105.04,1.04
4,31.795,11.11,10.02,104.2,103.0,101.41,97.32,105.65,1.02,11.29,9.55,100.97,98.42,112.22,105.08,112.97,1.12
4,32.162,11.31,9.53,96.13,105.76,111.22,106.74,106.25,1.13,9.62,9.74,98.05,107.07,107.2,105.92,108.57,0.96
2,32.934,10.13,10.4,101.39,98.78,105.55,101.73,103.63,0.99,11.2,9.83,96.01,106.51,104.4,95.08,109.96,0.99
3,33.408,10.52,10.98,105.28,98.24,115.49,100.68,104.77,1.05,10.9,10.01,113.66,101.12,114.15,108.01,106.81,1.16
1,33.464,10.3,11.27,100.91,114.56,101.96,103.1,93.66,0.98,9.56,10.59,112.53,100.3,97.83,108.52,104.77,1.03
2,34.028,11.33,11.08,104.44,105.6,104.89,99.44,98.8,0.98,11.66,10.03,97.64,107.87,102.46,110.98,96.23,1.02
3,34.493,10.69,11.2,103.74,104.86,114.47,104.86,97.24,1.04,9.34,9.85,110.32,105.56,110.78,103.06,101.71,1.0
1,34.648,10.85,10.48,106.8,113.87,104.45,102.73,111.06,1.05,10.47,11.27,103.93,105.45,104.24,106.11,110.01,1.04
2,34.695,10.38,9.68,96.29,101.22,109.81,110.48,105.68,0.98,10.2,10.95,98.43,98.37,101.93,95.89,109.15,0.93
2,35.117,10.76,11.14,111.2,95.83,106.15,105.17,105.28,1.01,10.31,10.28,98.58,97.44,108.57,96.18,98.79,0.93
1,35.387,9.79,11.74,105.47,108.59,95.01,100.12,95.95,0.96,10.74,11.1,114.08,99.16,101.76,101.42,106.37,0.96
3,35.714,9.68,10.38,96.23,105.0,100.86,97.11,96.01,1.03,9.3,10.51,96.17,92.22,105.93,107.78,95.12,1.05
3,35.938,10.79,11.36,99.35,107.28,100.11,108.81,100.32,1.09,9.51,11.48,105.15,107.28,106.18,99.73,106.4,1.14
1,36.084,10.36,10.05,101.43,114.0,99.71,103.73,100.51,1.08,9.7,11.35,103.83,113.85,102.45,102.28,105.0,1.03
4,36.512,11.34,10.82,109.02,97.74,106.39,103.29,113.84,1.03,10.97,9.81,99.59,93.54,111.67,110.93,113.75,1.04
1,36.784,9.9,10.48,110.54,111.33,109.24,105.5,107.07,1.1,10.67,10.3,102.28,106.18,109.0,98.97,96.66,1.01
4,36.841,11.21,10.01,102.66,104.47,104.42,97.76,109.2,1.13,9.72,10.3,111.27,94.87,109.16,99.05,107.07,0.97
1,37.053,10.2,11.55,106.76,103.71,103.64,103.96,106.93,0.96,11.1,10.13,102.23,110.77,96.21,100.78,109.45,1.07
2,37.406,11.17,10.19,98.4,98.43,101.93,94.9,103.69,0.98,11.32,10.6,109.73,109.34,100.67,109.78,100.44,1.07
3,37.677,9.93,11.29,111.39,91.71,105.68,97.49,105.2,1.16,10.65,11.15,109.09,102.89,114.42,96.73,103.9,1.16
4,38.517,10.46,10.97,109.36,97.94,113.25,101.2,106.57,1.05,10.47,10.8,110.97,103.8,101.26,94.98,105.34,1.04
3,38.72,9.59,10.29,109.66,96.79,108.97,96.44,101.05,1.12,11.0,10.59,105.63,101.4,104.92,100.87,103.74,1.03
4,38.753,10.77,9.67,97.73,96.91,105.07,105.26,107.32,1.09,10.0,10.82,101.09,96.08,100.85,101.17,111.21,0.98
4,39.07,10.95,10.04,109.69,97.23,112.67,99.35,105.82,0.95,9.81,11.19,100.19,99.65,108.39,100.31,112.0,1.13
4,39.506,10.51,10.38,96.5,103.46,113.8,106.74,109.16,0.99,9.76,10.84,97.25,108.04,109.18,95.59,102.65,1.01
4,39.651,9.71,10.95,111.41,105.57,99.2,99.97,98.05,1.11,10.28,10.26,108.67,106.9,105.1,99.91,105.08,1.08
1,40.049,11.0,11.48,96.79,100.27,104.0,97.49,105.9,1.02,10.16,11.82,114.94,115.31,98.8,109.06,111.23,0.99
3,40.879,10.84,10.08,97.3,108.24,108.64,104.8,107.83,1.12,10.03,9.83,97.56,104.3,110.45,107.27,93.63,1.08
4,41.463,10.59,11.11,112.53,102.76,110.34,106.39,106.89,1.0,9.87,10.87,96.32,95.21,109.71,108.3,105.56,0.96
1,41.514,9.65,11.6,100.47,112.04,100.47,111.01,94.22,0.99,10.83,10.58,105.3,99.5,103.35,113.4,105.53,1.06
2,41.865,10.06,10.14,111.51,93.61,92.9,104.75,103.83,1.06,10.85,10.27,98.83,105.38,100.77,103.14,97.84,1.01
3,41.964,10.29,10.66,112.04,101.12,104.06,105.7,93.29,1.09,10.02,9.95,107.25,99.94,98.59,108.2,109.19,1.12
1,42.608,10.26,11.21,104.19,108.98,100.86,114.0,98.22,1.08,10.55,11.34,111.34,105.29,99.45,108.81,96.14,1.11
1,42.635,10.18,10.62,96.9,102.88,96.57,104.77,104.56,0.95,9.56,11.45,99.09,101.49,101.62,103.57,99.44,1.08
4,43.11,11.21,11.07,102.36,109.83,100.85,94.6,108.8,1.0,10.58,9.98,109.29,103.79,99.07,110.47,97.26,0.95
2,43.139,11.44,9.99,111.57,93.88,98.04,111.6,97.84,1.08,10.06,10.8,103.1,105.67,93.51,105.77,96.33,0.99
4,43.206,10.7,10.36,105.33,97.92,106.74,95.79,114.78,0.98,9.57,10.42,98.05,93.24,113.19,102.24,109.17,1.08
1,43.274,10.75,10.87,104.14,105.85,99.49,98.05,101.76,1.05,9.69,10.97,98.99,105.44,98.67,99.75,103.32,1.0
3,43.38,9.44,11.36,100.08,107.33,113.62,94.7,96.22,1.03,9.87,10.6,96.56,101.28,104.94,108.43,106.23,1.07
2,43.606,11.65,9.9,103.86,95.54,94.78,104.04,103.61,1.02,10.43,10.41,95.64,104.06,102.67,105.38,111.21,1.05
2,43.729,9.95,9.82,95.77,104.63,102.64,111.92,107.29,0.96,11.24,10.7,108.7,103.4,99.54,101.37,108.84,0.92
4,43.99,9.99,10.86,106.77,107.22,112.01,95.71,113.45,1.08,10.74,10.03,96.46,103.58,104.42,107.57,112.6,1.12
1,44.082,9.57,10.4,105.01,107.17,101.0,106.11,109.64,0.97,10.22,11.3,104.61,105.3,94.69,115.1,106.7,0.98
1,44.231,10.15,10.31,105.12,108.58,107.28,108.92,101.31,1.03,10.63,11.28,98.53,102.47,94.04,114.62,101.03,1.05
3,44.553,10.64,10.12,98.25,96.16,108.72,100.02,107.48,0.99,10.44,10.11,100.96,106.14,111.39,107.72,104.95,1.02
3,45.385,11.05,10.06,104.21,101.48,110.48,103.93,93.61,1.16,10.57,10.05,104.9,104.11,112.55,108.22,98.3,1.03
2,45.544,11.69,10.04,109.23,103.99,104.61,105.08,104.65,1.08,11.32,10.7,97.91,93.76,108.03,101.06,101.96,0.93
4,46.263,10.82,9.56,104.76,99.16,107.38,97.08,102.13,1.11,10.16,10.7,110.97,107.97,96.84,106.78,101.92,1.13
1,46.386,9.54,10.4,108.52,115.39,105.56,108.48,97.26,1.04,9.88,11.54,105.85,114.82,108.38,100.96,104.49,1.1
2,46.729,10.18,10.91,99.65,93.44,99.33,107.72,110.06,0.98,10.81,11.16,101.14,108.39,93.12,97.53,101.96,0.97
3,46.819,10.55,11.43,100.74,104.23,109.2,110.17,107.41,1.14,9.56,10.34,108.53,101.61,111.68,95.42,96.94,1.0
1,47.186,10.0,10.85,103.39,113.42,93.75,97.73,95.3,1.03,10.03,10.96,100.08,98.94,106.59,107.22,97.99,1.05
4,47.304,9.6,10.99,101.65,101.97,105.25,100.7,109.83,1.0,10.7,11.03,113.51,106.89,111.37,110.34,104.67,1.03
3,47.415,10.94,9.7,108.41,98.1,100.83,104.38,95.68,0.98,10.11,11.29,109.91,101.5,115.17,94.47,99.99,1.05
4,47.473,10.24,10.56,110.47,94.81,111.01,97.48,111.44,1.08,10.97,10.0,106.68,100.24,101.0,98.68,102.46,1.09
3,47.728,9.49,9.86,113.14,98.9,113.94,96.6,103.91,1.13,10.4,10.96,99.21,96.64,104.15,107.38,109.22,1.06
2,47.958,10.01,10.62,100.48,101.4,107.2,101.08,101.6,0.96,11.6,11.16,104.12,103.65,106.24,97.9,99.22,0.98
1,48.131,11.24,10.4,104.38,110.91,107.96,113.86,108.71,0.96,10.74,11.29,106.24,113.97,96.5,108.96,105.93,1.11
4,48.224,10.55,11.19,108.88,108.22,97.99,94.5,100.56,0.99,10.49,10.08,111.75,101.15,99.81,111.22,107.96,0.99
2,48.624,10.24,9.76,96.04,97.27,94.64,101.5,111.31,0.97,11.36,9.84,102.12,103.16,93.03,100.58,113.03,1.04
3,49.173,9.76,9.67,103.4,98.61,105.32,106.58,94.3,1.15,11.04,10.01,105.66,107.7,102.02,95.52,106.74,1.03
2,49.194,11.29,9.68,105.6,102.78,103.4,104.41,96.2,1.01,11.51,9.83,107.98,95.47,105.33,104.93,96.34,0.97
2,49.242,10.5,11.02,102.56,96.72,95.33,94.79,98.83,1.04,11.15,10.82,112.68,104.46,92.94,112.36,106.52,1.05
1,49.438,10.26,10.89,108.31,104.46,95.45,100.26,107.57,0.99,9.55,11.04,114.58,110.43,102.74,105.2,106.33,1.01
2,49.756,10.16,11.04,97.29,97.71,92.94,108.2,99.03,0.98,10.11,11.26,111.68,97.58,97.86,103.14,103.03,0.92
4,49.832,9.93,10.18,108.51,100.62,106.1,105.73,113.8,0.96,10.33,9.65,112.05,93.99,98.08,102.14,98.66,1.04
2,50.118,10.72,9.83,100.7,105.44,104.06,97.42,98.73,1.07,11.7,9.95,95.72,109.93,105.44,111.28,110.41,0.93
1,50.578,10.83,11.47,104.49,111.74,99.76,106.68,110.08,1.02,9.97,11.88,111.32,115.19,96.67,103.04,104.77,1.11
2,50.898,11.34,11.3,102.06,95.44,97.21,95.73,100.51,0.99,10.78,11.03,101.24,110.54,100.29,103.06,108.92,0.99
1,50.905,11.17,11.51,103.69,107.91,96.21,105.92,111.09,1.09,10.15,11.6,98.77,108.22,102.49,103.01,103.29,1.07
4,51.231,10.87,11.09,110.62,108.9,98.1,105.16,108.62,1.08,10.83,10.02,112.36,107.02,102.28,101.27,110.21,1.12
1,51.729,10.16,11.54,98.03,111.64,105.92,98.53,108.6,1.05,10.3,10.98,99.02,100.31,103.27,104.75,103.07,1.05
4,52.011,10.02,9.82,105.32,101.46,100.1,103.17,102.53,1.01,10.74,10.97,109.86,95.13,112.77,105.81,97.46,1.1
3,52.606,10.84,9.75,100.78,104.86,106.03,98.98,100.48,1.06,10.62,10.68,108.94,106.02,110.96,105.99,96.85,1.01
4,52.725,10.86,9.76,112.11,93.28,98.0,102.62,109.63,1.12,10.13,10.95,110.4,97.55,112.56,107.78,112.34,0.95
1,52.761,9.75,11.44,104.5,111.97,102.67,100.25,106.5,1.06,10.63,10.14,101.63,104.11,95.15,102.25,108.22,0.94
2,53.729,10.3,11.09,110.85,105.44,109.44,106.2,102.5,1.02,11.48,10.72,99.31,110.5,109.69,110.31,101.62,1.08
3,53.923,9.38,11.21,96.44,102.63,110.78,108.06,108.59,1.11,10.99,10.9,110.25,97.12,101.54,107.18,106.02,1.11
1,54.108,10.6,10.65,99.91,108.7,105.83,110.87,102.32,1.01,10.04,11.58,96.84,105.25,109.65,100.75,111.02,1.05
3,54.419,10.84,9.73,102.46,98.91,114.9,103.14,109.24,1.15,10.12,11.04,109.6,95.61,115.3,98.16,101.6,1.0
2,54.813,10.45,10.44,100.43,109.05,95.45,102.61,106.73,0.98,11.22,10.42,103.06,101.26,95.54,106.82,100.92,0.99
3,54.876,10.97,11.42,110.96,103.79,112.4,96.03,108.36,1.04,10.55,10.62,111.74,100.06,113.63,100.88,108.56,0.98
1,54.959,11.21,11.74,108.48,103.2,106.89,107.99,104.99,0.99,10.15,10.69,100.03,100.6,94.41,104.18,100.1,0.96
4,55.081,9.72,9.91,105.0,99.48,99.91,111.11,113.16,0.95,11.33,9.65,101.8,99.99,108.59,97.55,110.71,1.0
1,55.226,10.7,11.48,97.08,104.41,103.32,111.01,109.35,1.1,10.22,10.42,113.5,98.49,100.66,110.76,107.57,1.01
1,55.275,10.43,11.27,101.91,101.48,106.24,109.27,109.61,1.06,11.14,11.68,109.15,110.57,100.49,98.97,100.14,0.97
3,55.426,10.91,10.46,110.65,106.91,102.72,106.09,106.26,1.15,9.51,10.45,107.32,98.17,106.56,99.86,94.98,1.06
3,55.602,9.42,10.8,100.49,103.61,112.38,106.6,104.1,1.1,10.93,10.12,106.52,105.34,113.44,96.73,97.54,1.02
2,55.867,10.0,9.96,107.05,100.18,106.08,95.33,98.46,1.03,10.78,9.81,101.99,95.44,97.63,94.59,100.62,1.0
1,56.057,11.05,11.58,105.3,113.69,94.51,108.05,107.96,0.99,10.86,11.33,106.05,99.44,93.23,111.38,107.16,0.94
1,56.06,11.12,11.56,112.25,102.79,99.66,105.9,102.19,1.12,10.81,10.4,104.61,100.83,95.77,107.27,98.95,1.11
3,56.117,9.87,10.93,100.73,94.11,99.47,110.82,104.2,1.15,10.78,9.84,102.5,93.26,113.17,109.98,95.53,1.14
4,56.439,9.84,10.25,99.4,96.9,99.46,111.63,112.52,1.09,10.63,10.0,100.07,100.09,97.99,98.38,114.78,1.12
4,56.72,10.76,10.9,109.69,103.7,113.33,95.2,110.6,1.05,10.2,11.16,104.99,94.45,105.06,99.11,103.47,1.03
3,57.314,9.58,10.68,101.62,100.96,108.51,103.5,95.16,1.09,9.7,10.94,96.84,94.69,109.45,105.05,108.82,0.98
4,57.461,10.94,11.0,99.16,104.78,112.59,101.98,111.52,1.1,9.95,10.7,99.08,94.08,104.41,102.33,109.18,0.97
1,57.864,9.78,11.53,102.15,105.82,100.72,110.15,96.59,0.98,10.67,11.46,99.45,106.31,104.49,98.21,93.91,1.07
1,57.903,9.89,11.12,110.24,104.65,103.49,98.43,103.08,1.09,10.94,10.84,114.67,107.39,96.5,111.53,108.73,1.02
1,58.007,10.66,11.51,110.27,115.17,97.94,103.92,108.32,0.99,9.69,11.44,97.42,109.55,97.5,98.35,107.88,1.09
1,58.148,11.14,11.34,102.74,103.4,96.96,104.7,107.39,0.95,10.38,10.96,111.03,109.76,93.2,107.21,109.1,1.07
4,58.291,10.88,10.7,109.18,96.78,97.09,95.71,107.6,1.06,10.76,11.02,107.11,108.54,102.41,108.32,113.94,1.08
4,58.365,10.21,10.86,106.45,108.48,109.54,110.74,102.5,0.97,10.4,9.76,106.11,108.66,105.46,110.94,101.79,1.09
2,58.512,11.67,10.64,113.7,103.63,94.17,99.76,107.51,1.03,11.05,10.52,111.08,99.32,103.1,107.72,113.26,1.01
4,58.739,11.36,10.73,105.62,103.91,113.67,98.45,97.4,1.12,10.1,10.65,103.4,102.17,97.23,96.18,106.15,1.11
1,58.953,10.73,11.35,99.45,102.68,97.01,108.78,99.22,1.06,9.89,11.35,114.51,102.75,108.38,103.41,103.07,1.11
1,58.956,9.71,10.05,109.07,112.77,104.55,105.61,105.34,1.02,11.16,11.68,109.89,106.68,98.39,99.43,110.98,1.04
2,59.089,11.25,10.13,102.39,107.05,101.96,97.06,108.54,1.03,10.36,9.91,110.82,104.55,97.17,103.92,97.2,1.08
1,59.263,10.14,10.94,97.19,98.39,101.55,103.46,111.2,1.04,9.93,10.72,103.99,104.32,109.32,108.31,105.42,0.99
1,59.419,11.14,11.62,110.02,99.91,100.89,98.3,106.4,1.01,9.9,11.73,96.8,107.88,109.4,100.76,100.51,1.11
2,60.073,10.26,11.15,100.52,98.35,94.28,99.58,100.57,1.03,11.56,10.18,100.77,101.96,100.53,106.23,108.04,0.97
4,60.937,9.71,10.77,108.23,98.14,97.94,107.53,104.2,1.11,10.67,10.76,100.85,98.77,97.06,104.78,100.65,1.09
1,61.185,9.88,11.16,105.24,116.01,103.1,108.62,106.07,1.0,10.45,11.65,108.83,112.49,94.74,101.8,107.57,1.09
4,61.288,10.33,9.95,98.99,97.58,111.86,106.09,109.06,1.05,9.65,10.65,99.16,106.61,107.53,104.82,102.16,1.11
3,61.33,9.41,10.54,102.02,96.63,110.56,106.77,97.37,1.06,9.64,10.94,102.86,106.3,100.86,107.91,103.0,1.12
1,61.509,10.68,10.11,113.63,109.17,101.96,104.2,102.84,1.0,9.54,10.05,113.23,99.19,99.36,101.09,111.04,1.06
2,61.608,10.83,11.1,113.72,109.05,97.74,111.75,98.42,0.95,10.59,10.75,99.88,97.25,103.24,94.72,103.0,1.08
3,61.626,9.92,9.86,103.37,106.03,114.09,109.2,93.31,1.05,9.59,10.12,96.06,101.75,113.92,105.72,106.02,1.11
3,61.676,9.99,10.46,113.06,95.22,111.78,96.15,100.48,1.03,10.9,11.11,108.0,99.93,102.18,110.38,108.22,1.1
4,61.742,9.76,9.53,112.21,104.19,100.36,108.77,107.71,0.97,10.23,10.32,99.38,95.47,109.73,96.08,107.53,1.02
1,61.871,10.27,11.41,107.64,101.27,108.75,97.53,94.81,1.12,9.81,10.77,101.32,107.76,93.37,114.69,109.1,1.11
2,61.89,10.39,10.67,105.14,104.95,93.86,100.98,103.26,1.08,11.25,10.36,105.42,106.02,105.86,100.3,96.78,1.05
1,62.062,10.24,11.37,112.09,105.94,96.4,110.23,102.56,1.04,9.81,10.74,110.42,106.8,96.41,99.82,100.22,0.95
2,62.161,10.01,10.94,112.49,97.82,93.76,103.48,97.4,0.97,10.18,10.72,101.48,110.38,99.74,95.02,106.76,1.06
2,62.429,10.31,9.69,97.57,103.81,100.78,104.46,109.86,0.97,11.42,10.96,99.3,101.96,94.58,100.83,105.79,1.07
4,63.484,10.68,11.23,110.18,104.22,110.53,105.66,111.44,1.1,10.78,10.79,101.74,109.97,106.76,105.63,106.2,1.03
4,63.546,10.76,11.07,101.49,107.01,97.47,104.82,100.04,1.11,9.92,9.7,105.0,96.31,105.2,103.16,107.6,0.97
3,63.834,10.0,10.33,105.28,103.61,107.2,98.08,105.37,1.03,10.75,11.28,107.58,102.48,104.6,95.43,101.07,1.16
3,64.287,10.25,10.1,104.85,102.47,115.08,100.98,102.79,1.13,10.67,9.68,106.73,104.04,110.56,106.65,98.97,1.09
1,64.29,10.14,10.54,98.89,113.01,107.55,111.71,100.86,1.11,10.29,10.3,111.46,106.01,107.34,104.18,99.95,1.0
3,64.465,9.76,10.15,103.6,103.48,102.38,102.91,92.12,1.05,10.28,11.2,95.88,107.19,110.78,99.98,92.4,0.98
4,65.022,10.0,10.17,107.52,110.31,110.58,108.86,114.82,0.98,10.86,11.32,111.68,105.8,101.74,98.72,101.99,1.09
2,65.614,11.54,10.54,101.18,96.77,98.79,97.66,110.17,1.06,10.04,11.31,107.34,100.06,104.38,95.18,103.7,1.07
4,65.66,11.12,9.91,97.94,109.21,103.49,105.85,104.13,1.05,10.28,10.52,112.73,102.87,106.87,106.19,98.11,1.05
4,65.689,9.89,10.15,100.2,103.2,96.77,95.17,101.8,1.04,10.14,10.76,112.22,101.88,97.77,96.36,108.23,0.97
4,66.255,10.07,9.8,98.7,96.48,98.32,101.96,109.09,1.04,10.08,10.24,102.27,103.07,103.98,105.32,107.26,1.1
4,66.69,10.95,10.99,102.61,105.87,104.61,105.78,109.09,1.08,11.15,10.41,106.89,106.0,108.1,107.06,105.57,0.96
4,67.114,11.26,9.56,105.06,96.57,96.02,108.15,112.42,1.11,11.19,10.68,110.79,96.95,111.37,104.38,105.56,1.07
2,67.496,10.7,11.14,111.28,105.52,105.54,97.54,96.02,1.04,9.9,10.08,108.95,109.96,108.83,95.74,95.85,1.04
1,67.668,10.15,10.36,107.75,108.72,105.44,97.34,104.62,1.11,9.88,11.69,100.68,114.5,106.56,108.83,96.38,1.07
3,68.258,9.93,10.1,101.87,106.07,113.22,106.76,101.19,1.09,10.64,10.37,107.24,107.1,99.8,96.0,100.61,1.15
2,68.714,10.23,9.87,96.21,107.87,94.62,96.39,98.3,0.93,10.13,10.25,100.87,104.28,98.24,111.67,101.27,1.08
3,69.246,10.39,11.22,109.16,94.54,108.89,108.09,99.45,1.04,10.23,11.48,102.75,101.96,115.69,99.87,104.3,1.0
2,70.269,11.59,10.27,100.92,96.04,102.28,101.46,110.51,1.08,11.71,10.82,111.09,99.09,98.28,98.8,108.49,1.05
3,70.556,10.88,9.74,105.18,101.66,112.03,109.58,102.67,1.08,9.81,10.44,104.21,106.95,102.59,102.73,102.46,1.13
4,70.604,10.42,10.38,102.86,93.53,112.16,110.3,108.96,1.09,11.17,9.75,109.01,97.0,97.75,98.78,114.07,1.08
2,70.715,10.92,11.03,98.44,98.12,94.59,104.95,101.78,1.06,11.29,10.41,103.63,100.32,104.05,103.8,106.42,0.94
3,70.79,9.95,9.89,103.66,103.17,108.7,96.04,104.48,1.1,10.38,11.46,110.87,98.1,102.59,98.44,108.59,0.99
2,70.824,10.26,11.18,98.53,101.8,97.66,106.41,109.52,0.98,11.28,11.36,106.25,99.44,101.77,106.56,113.02,1.04
2,70.862,10.57,10.22,96.12,105.06,100.93,100.44,101.46,1.05,11.6,11.18,97.36,102.38,101.51,100.31,103.28,1.03
4,71.304,11.33,10.2,104.5,94.84,109.63,105.91,114.07,1.1,10.25,10.16,98.37,93.24,108.39,96.57,111.65,0.98
2,71.374,11.09,11.31,104.49,107.87,105.57,105.55,99.62,0.96,10.9,10.18,102.71,96.55,94.12,94.86,104.78,1.07
1,71.656,11.03,11.04,107.31,106.95,101.2,106.57,104.85,1.09,11.13,10.76,112.14,102.88,106.49,106.85,98.44,1.09
3,71.765,10.84,9.97,100.49,98.02,109.61,99.55,105.96,1.05,9.77,11.13,101.49,108.32,106.97,103.76,94.02,1.01
4,71.969,11.01,10.82,107.53,109.17,99.51,103.74,108.57,1.02,10.65,11.29,108.73,108.14,109.5,94.83,111.29,1.06
2,71.99,10.73,10.41,99.08,94.81,100.35,98.84,106.17,1.02,10.92,9.82,106.32,108.51,98.29,95.1,103.32,1.07
3,72.017,10.01,11.18,101.49,95.75,100.98,108.81,107.85,0.98,9.82,11.29,112.95,104.94,103.74,107.08,105.39,1.12
3,72.348,10.04,11.39,105.63,97.37,101.57,95.62,93.15,1.02,10.11,10.35,103.86,92.39,98.8,95.61,103.63,1.12
3,73.432,10.9,10.9,96.35,96.32,115.03,94.33,96.97,1.15,9.7,10.8,100.73,94.65,112.92,107.17,102.85,1.11
3,73.543,9.32,10.62,95.81,102.64,109.38,106.02,108.32,1.03,9.61,10.01,98.06,104.22,112.38,99.87,105.98,1.01
1,73.773,9.73,11.91,108.83,115.46,106.58,104.44,94.83,0.99,11.12,11.51,101.62,106.38,99.71,105.97,97.86,1.03
2,73.825,10.26,10.95,103.34,97.28,92.68,105.95,108.61,1.06,10.09,10.14,110.77,97.7,108.03,101.28,106.92,1.08
3,74.068,9.31,10.22,96.81,92.7,101.26,103.72,100.48,0.99,9.52,10.13,102.25,95.66,101.19,102.71,105.86,1.06
4,74.101,11.25,10.46,112.2,101.03,110.76,96.74,99.44,0.96,9.82,10.16,103.02,104.72,111.22,101.63,104.58,1.11
3,74.438,9.64,9.95,112.04,100.84,110.8,100.01,99.18,1.05,10.14,10.64,108.49,95.96,115.51,103.87,98.58,1.14
1,74.907,11.17,11.68,99.38,104.67,108.19,97.92,94.58,1.1,9.86,10.85,106.07,113.49,94.64,105.39,93.92,1.08
4,74.944,11.13,10.14,107.36,101.65,106.31,105.91,109.68,1.1,10.56,10.05,111.88,103.63,112.94,110.93,100.89,0.98
1,75.253,10.92,11.33,107.83,113.81,96.37,99.14,110.51,1.1,9.64,10.79,107.83,111.97,101.76,113.78,109.73,0.99
2,75.368,11.67,10.72,111.07,98.84,98.6,101.93,102.51,0.98,10.94,9.68,103.06,107.03,92.94,111.18,109.89,1.02
1,76.014,10.49,11.48,108.31,115.7,100.43,104.18,94.21,1.04,11.08,11.31,97.81,111.97,109.04,98.53,94.18,1.01
3,76.114,9.84,10.18,102.51,94.25,98.27,110.83,97.62,1.1,10.74,10.94,107.25,100.05,101.89,104.07,105.62,1.15
1,76.193,10.0,11.77,102.5,108.83,103.37,101.66,105.31,1.08,10.02,10.82,101.63,101.39,94.04,110.54,99.25,1.08
1,76.398,10.55,11.18,105.81,111.45,104.13,96.9,94.58,1.01,11.31,11.55,106.0,102.14,93.16,106.7,93.56,1.08
2,76.497,11.44,11.28,108.22,95.98,107.32,102.73,95.96,1.06,11.11,10.03,98.4,98.97,103.07,105.8,100.51,0.96
3,76.59,9.73,10.68,112.66,107.33,109.61,109.08,99.46,1.15,10.72,11.46,109.22,99.21,115.3,98.69,108.94,0.99
2,76.689,9.9,9.66,97.36,107.93,98.34,97.16,102.5,1.06,11.65,11.31,109.0,100.26,104.37,98.13,106.48,1.05
3,76.857,10.27,10.55,101.84,100.64,111.66,97.4,92.43,1.03,10.29,9.96,97.46,93.94,115.42,107.93,94.47,1.14
3,76.866,10.74,9.78,103.96,102.94,100.92,101.85,103.6,0.98,9.88,11.42,102.24,105.9,106.37,107.84,108.95,1.08
2,76.906,9.95,9.72,112.02,107.55,101.78,106.29,103.73,1.04,10.22,10.25,100.28,98.43,98.4,97.58,112.5,1.08
4,76.99,10.07,11.21,101.86,104.79,109.72,96.87,101.58,0.97,9.84,9.53,99.16,100.31,113.96,111.37,112.52,1.01
3,77.513,10.36,10.41,111.64,103.96,106.22,109.3,106.29,1.16,9.88,10.48,95.88,104.87,105.27,104.1,100.43,1.07
3,77.614,10.06,11.1,96.95,108.32,111.58,107.48,105.98,1.06,10.65,10.79,100.91,102.4,100.4,98.34,95.81,1.01
3,77.814,9.31,11.32,105.57,104.03,103.72,96.17,103.7,1.03,10.54,10.93,97.2,102.46,102.52,95.27,91.98,1.13
4,78.421,10.0,10.59,109.48,101.24,105.25,98.15,101.67,1.09,9.77,10.4,110.8,103.1,113.17,101.83,103.3,0.97
4,78.575,11.02,11.22,99.5,100.57,104.34,100.53,112.52,1.08,10.52,10.48,99.17,105.87,101.44,94.56,97.26,1.05
3,78.902,9.53,9.91,112.71,99.92,104.91,102.55,106.17,1.05,9.48,10.23,110.25,100.81,113.78,104.96,93.34,1.14
3,78.92,9.43,10.12,101.98,91.61,98.95,108.14,101.05,1.12,11.01,10.96,107.73,107.1,112.28,96.41,104.14,1.06
3,79.002,11.05,10.52,98.62,92.74,116.09,101.22,98.22,1.11,10.88,11.48,96.17,100.96,99.27,104.38,96.15,1.08
3,79.204,9.93,9.75,113.09,100.05,106.88,110.92,108.9,1.13,9.62,11.07,100.3,101.25,98.59,109.76,105.24,1.12
1,79.234,9.58,11.73,106.22,106.35,100.97,112.22,110.73,0.96,10.48,10.38,105.69,100.1,106.24,114.0,101.08,0.96
1,79.442,9.82,10.14,110.37,103.33,106.7,113.94,94.18,0.96,10.26,11.57,100.52,105.0,95.09,108.23,97.35,1.1
2,79.499,11.07,10.41,111.07,103.14,100.56,94.79,97.4,0.98,11.4,11.01,106.45,99.04,103.11,101.33,97.12,0.97
1,79.623,10.17,10.42,98.38,98.96,103.56,98.52,105.44,0.98,10.22,11.62,110.61,106.59,101.03,112.3,109.66,0.98
4,79.735,10.38,9.57,104.44,109.19,109.83,98.36,102.16,1.05,11.27,11.22,106.85,99.07,96.98,106.03,112.77,1.01
1,79.971,10.66,10.48,104.4,114.51,93.58,114.77,98.35,0.99,10.66,11.04,110.67,100.23,93.31,111.01,100.12,1.07
4,80.199,10.3,10.11,111.74,106.12,107.97,104.74,98.35,1.02,11.1,10.28,113.67,103.32,98.66,104.99,107.3,1.1
1,80.339,9.54,10.49,111.62,107.96,100.87,104.43,105.38,1.04,11.14,11.71,109.52,111.14,102.0,109.43,95.8,1.03
1,80.498,10.99,10.7,113.3,103.2,94.34,114.68,108.18,1.07,10.57,11.3,105.45,109.13,97.36,101.66,104.71,1.1
2,80.913,10.78,11.28,102.5,103.03,93.67,101.0,102.32,1.09,11.66,10.64,111.25,107.15,104.38,98.15,111.1,1.09
1,81.387,10.28,10.87,102.28,107.9,105.41,98.57,103.34,0.95,9.77,11.07,106.7,105.4,105.56,104.43,103.4,0.95
1,81.659,9.96,11.0,106.25,114.82,99.39,98.04,108.89,1.05,10.64,10.58,100.97,105.08,94.15,98.51,94.05,1.07
4,81.86,10.89,10.34,113.64,97.62,104.56,99.89,109.83,1.07,9.87,10.69,98.07,105.46,112.31,108.01,104.34,1.03
3,82.008,9.37,11.2,96.13,100.64,113.05,106.8,109.18,1.07,10.53,9.84,111.87,102.2,113.97,100.07,95.82,1.06
3,82.146,10.3,11.2,111.51,92.83,103.0,94.26,106.51,1.1,9.34,11.15,106.6,97.37,109.34,107.37,99.22,1.05
4,82.702,10.88,10.4,110.69,109.11,106.94,108.98,101.53,0.98,10.53,9.85,109.66,106.61,105.93,103.53,100.57,1.04
4,83.212,10.26,10.02,102.22,104.06,106.73,94.24,115.03,0.98,10.89,10.58,107.86,103.63,96.31,111.79,112.87,1.07
3,83.256,10.4,10.96,102.67,95.69,101.46,104.86,94.31,1.07,9.99,11.02,111.13,93.93,112.47,94.01,103.0,1.15
3,83.701,9.99,10.55,97.3,102.2,116.06,107.96,98.96,1.04,10.44,10.11,107.67,104.22,101.66,110.77,104.41,1.08
4,83.799,10.18,10.7,104.69,93.99,101.55,104.36,113.16,0.97,10.98,10.94,112.61,101.77,110.07,107.26,111.09,1.09
1,83.994,10.8,11.74,112.77,100.89,101.17,113.51,94.96,1.05,9.72,10.43,104.86,107.62,104.95,100.63,103.6,1.0
2,83.998,9.87,10.02,110.65,104.62,97.74,95.05,97.61,1.08,10.92,10.14,97.73,105.97,108.68,111.92,106.64,0.98
4,84.646,10.44,10.11,102.06,93.26,104.89,103.64,114.67,1.08,10.42,9.66,100.44,103.08,114.02,106.31,111.29,1.06
3,85.17,9.32,9.84,105.19,101.98,113.62,95.61,99.89,1.1,10.4,9.85,107.29,108.82,111.79,111.69,92.32,1.11
4,85.33,9.8,10.63,104.2,106.72,104.97,98.07,113.07,1.07,10.85,10.77,112.73,99.29,105.52,100.46,102.28,0.96
2,86.187,11.25,11.06,99.84,103.45,108.68,98.92,104.19,0.95,10.45,10.07,102.44,95.44,98.8,95.18,111.32,0.94
4,86.242,10.79,10.89,103.22,108.94,108.49,99.16,98.16,1.03,9.71,9.66,98.21,101.8,106.52,99.36,106.24,1.07
4,86.9,11.28,10.14,110.24,103.81,99.91,108.05,101.82,0.96,11.37,10.54,103.74,93.9,102.44,101.37,98.31,1.01
3,87.085,10.16,10.57,105.93,100.06,105.66,94.11,92.75,1.02,9.63,10.11,101.98,91.73,102.27,103.37,109.25,1.09
3,87.818,10.6,9.84,104.17,93.21,102.99,110.87,99.97,1.15,9.48,11.11,112.95,104.89,107.38,104.73,103.63,1.09
2,88.044,10.07,9.68,111.25,102.79,93.05,104.6,106.1,0.98,10.12,11.19,110.87,95.73,97.69,100.46,98.26,1.02
1,88.486,10.78,10.84,101.63,115.19,93.55,107.36,105.16,1.08,10.41,11.23,112.26,97.87,104.3,99.98,103.92,1.1
2,88.848,10.67,10.84,109.06,96.72,105.32,100.29,103.82,1.02,11.6,11.18,97.75,97.88,108.5,98.62,97.93,0.94
4,89.411,10.62,10.99,98.68,96.07,107.53,103.16,101.77,1.03,11.29,10.3,107.46,102.17,109.32,99.43,108.03,1.13
3,89.846,9.38,10.55,104.26,95.97,111.2,111.3,94.12,1.13,10.92,10.12,112.62,93.46,100.24,109.93,100.99,1.0
1,90.004,9.63,10.17,114.49,114.52,109.36,102.42,99.84,1.0,10.48,11.0,114.58,102.07,99.63,110.21,107.24,0.99
4,90.168,11.39,9.53,101.6,110.51,100.27,108.97,98.95,1.07,10.92,10.81,107.5,96.48,101.34,94.31,101.64,0.97
1,90.285,10.14,10.21,97.72,105.12,107.5,106.08,105.67,1.03,10.78,11.13,106.05,104.04,107.14,111.53,94.78,1.1
2,90.998,10.1,11.03,99.49,108.86,102.64,96.15,99.15,0.98,11.68,11.08,110.93,107.19,93.68,100.29,97.12,0.96
3,91.205,9.57,10.11,108.43,106.52,110.35,96.34,97.72,1.1,10.65,9.83,102.44,93.0,114.1,95.9,101.71,1.03
3,91.232,10.11,10.54,101.92,94.2,98.81,110.5,92.62,0.98,9.55,9.96,107.24,95.71,107.03,99.96,96.77,1.03
3,91.543,9.89,11.28,110.62,100.39,101.48,100.04,101.57,1.02,9.55,11.51,104.32,104.33,111.63,100.21,102.72,1.16
2,91.631,11.54,9.9,107.08,94.5,99.37,97.48,108.84,1.06,11.09,9.59,105.56,96.75,109.13,110.31,98.46,1.08
4,92.831,10.75,10.58,99.4,96.78,108.25,106.24,99.24,1.05,11.37,10.62,96.61,107.51,97.88,103.53,103.08,1.05
4,92.831,11.37,10.62,102.31,103.05,110.47,102.95,111.14,1.11,10.42,10.28,105.84,102.95,113.5,104.78,109.67,1.09
3,93.082,10.06,11.39,109.66,104.87,104.42,98.18,106.6,1.03,9.57,10.37,110.51,96.36,101.14,99.79,100.88,1.15
4,93.206,10.18,11.13,104.01,101.68,109.46,110.74,112.82,1.03,10.25,10.1,102.16,94.04,111.37,106.99,102.6,0.99
1,93.355,9.69,11.39,112.09,100.49,104.43,109.72,99.15,1.0,10.78,11.42,112.78,99.12,97.99,105.71,106.78,0.95
4,93.69,10.97,10.88,103.0,94.1,97.94,100.53,97.79,1.09,10.62,9.66,99.75,105.55,111.67,111.54,115.34,1.0
3,94.036,10.85,10.63,104.68,101.0,106.46,98.44,108.53,1.14,10.0,10.99,109.66,96.11,104.42,105.72,104.09,1.1
2,94.055,11.52,10.17,102.4,95.5,99.88,111.76,112.86,1.0,10.75,10.85,103.86,93.01,102.94,111.77,102.14,0.96
1,94.473,11.12,10.11,98.85,112.17,99.09,106.45,105.79,0.98,11.14,10.66,111.47,104.28,100.28,112.18,94.21,1.1
2,94.984,11.19,11.36,109.34,98.66,95.5,100.58,106.56,1.02,10.75,10.18,111.37,103.52,108.59,97.04,96.22,0.98
3,95.614,9.67,10.86,104.17,92.21,99.8,105.81,103.28,1.15,10.04,11.14,112.19,101.59,98.0,97.77,97.65,1.07
1,95.649,10.82,11.51,105.54,106.38,109.16,97.62,107.64,1.06,9.99,10.14,97.51,108.86,101.37,99.72,105.49,1.1
1,96.064,10.32,10.55,112.2,99.48,108.74,98.06,105.58,0.98,11.15,10.67,113.12,107.22,94.99,113.39,107.4,0.95
1,96.768,10.61,11.55,98.14,109.67,102.69,110.01,101.41,1.04,9.81,10.85,110.24,102.82,95.24,115.03,110.34,1.04
2,96.773,9.97,11.11,100.49,96.4,108.33,104.73,96.85,1.02,9.99,9.8,110.19,103.03,97.7,97.28,99.62,0.95
2,97.46,11.54,11.12,107.71,96.66,103.37,112.03,111.88,1.09,10.47,11.09,106.82,102.94,98.33,104.28,98.28,1.08
1,98.089,11.12,11.74,109.65,106.95,95.45,108.17,109.28,1.0,10.78,11.37,97.44,105.0,94.3,113.64,105.17,1.09
4,98.396,11.0,10.97,97.59,106.97,103.5,106.79,106.19,1.0,10.05,10.77,105.62,94.01,106.94,110.84,100.49,1.1
1,98.757,9.9,11.25,111.78,107.73,105.18,108.0,99.64,1.04,9.95,11.03,96.89,100.32,105.55,114.72,100.8,1.05
1,98.835,9.7,10.38,109.07,110.58,103.17,108.06,94.81,1.05,10.53,11.56,112.52,106.52,108.92,105.03,96.96,0.97
2,99.137,10.76,9.99,107.65,98.22,98.56,107.68,97.95,0.99,10.87,10.59,109.35,104.72,101.77,97.84,97.36,1.1
4,99.315,10.78,10.75,109.66,98.8,101.56,95.76,103.33,1.06,10.97,9.7,107.58,94.84,98.36,107.53,103.47,1.11
2,99.97,10.93,9.92,102.44,99.6,104.85,104.98,108.18,0.93,10.39,10.09,109.37,99.82,104.7,104.74,110.9,1.02
4,100.07,9.84,10.73,108.88,102.5,99.83,102.25,108.72,1.01,10.72,10.42,108.32,96.44,102.68,106.31,107.53,1.01
1,100.145,9.74,10.85,97.7,104.11,94.34,106.61,109.72,0.98,10.19,11.33,98.81,103.71,104.55,110.13,105.42,1.09
1,100.337,9.82,10.53,113.31,101.23,93.8,102.58,96.33,0.97,10.94,10.76,112.94,109.5,98.35,97.72,111.02,1.08
2,100.482,11.51,9.98,112.76,100.61,104.73,95.58,96.52,1.01,11.02,10.65,96.39,101.78,107.69,95.7,112.51,1.09
2,101.381,9.88,11.34,106.55,96.35,105.78,98.33,103.92,1.04,11.62,10.16,107.54,99.44,103.13,103.4,105.57,1.06
3,102.048,9.99,11.15,101.2,95.62,113.17,96.71,95.16,1.1,10.69,9.7,112.51,94.69,104.43,97.09,95.56,1.08
2,102.455,10.8,10.76,112.67,101.44,108.45,101.06,102.25,1.08,11.67,11.12,104.18,96.13,102.05,109.78,96.51,1.04
2,102.767,11.67,10.7,103.15,97.58,108.28,106.27,105.81,0.93,11.51,10.26,103.98,93.96,109.75,107.95,107.48,1.06
4,103.017,11.03,10.17,107.33,101.97,105.93,111.36,105.95,1.06,10.71,10.44,96.86,109.94,110.69,98.12,98.0,1.1
2,103.204,10.92,11.35,103.75,105.01,101.21,103.91,107.49,1.09,10.74,10.54,113.42,106.6,108.63,106.27,106.77,1.08
3,103.261,10.08,11.02,103.4,102.2,115.1,100.07,101.68,0.98,9.88,10.27,103.03,106.31,111.53,102.57,98.5,1.16
1,103.354,10.0,10.91,111.02,111.24,93.41,98.12,93.92,1.03,9.97,10.28,113.76,104.46,96.67,98.6,96.03,0.96
1,103.502,10.09,11.13,104.22,103.9,95.24,105.73,101.11,1.0,10.67,10.43,99.38,104.28,110.12,114.77,101.44,1.01
4,103.599,10.09,10.88,96.86,95.69,104.32,111.98,100.7,0.96,9.75,10.5,104.29,106.97,114.02,98.68,109.49,0.97
3,103.739,9.93,9.84,100.46,98.19,111.53,97.34,96.88,1.1,10.12,11.43,97.67,92.86,103.0,96.8,93.26,1.15
3,104.198,10.83,11.5,98.45,95.92,99.18,104.8,109.01,1.11,9.87,11.48,95.81,104.76,102.49,103.72,93.77,1.03
3,104.541,10.8,11.41,99.49,108.36,101.92,102.57,109.03,1.01,11.03,10.33,112.65,97.63,109.52,100.86,93.23,1.0
3,104.899,10.91,10.59,111.14,93.8,108.6,100.98,106.01,1.14,9.7,10.96,95.77,92.72,102.59,103.94,93.29,0.99
4,105.148,10.35,10.36,107.17,98.06,96.13,102.33,111.98,0.99,11.14,10.5,101.67,103.48,112.91,105.5,105.11,1.09
3,105.306,10.66,11.33,112.65,104.22,111.12,103.37,95.16,1.1,10.3,11.11,110.65,91.74,110.78,101.3,96.92,1.1
4,105.827,10.39,10.83,100.24,99.1,110.63,109.58,109.74,1.03,10.3,10.2,100.61,100.4,113.39,104.12,98.73,1.03
2,105.838,11.52,10.76,112.58,102.51,92.46,106.41,107.76,1.02,10.39,10.22,101.8,96.47,101.93,111.18,103.24,0.98
4,106.165,11.1,10.08,101.48,96.08,100.26,100.24,101.05,0.97,10.45,10.77,108.23,99.16,104.28,101.95,98.06,1.06
3,106.219,10.11,11.22,108.68,91.63,105.56,95.72,92.11,1.06,10.54,11.5,96.73,97.76,114.7,101.99,107.17,1.03
4,106.368,10.5,10.85,96.37,106.72,104.16,94.99,107.82,0.97,10.72,10.65,100.65,107.21,106.32,109.55,101.76,1.01
2,106.476,11.29,10.72,104.49,108.17,109.32,94.72,107.49,0.98,10.8,10.9,102.77,99.58,102.19,110.28,101.14,1.03
3,106.562,10.25,10.51,100.3,103.46,114.24,97.31,96.88,1.14,9.34,11.12,98.68,104.89,110.21,104.06,94.12,1.16
4,107.286,10.85,11.12,109.66,99.88,111.83,99.05,107.67,1.1,10.67,10.49,102.63,97.0,98.19,94.76,101.64,1.11
3,107.353,10.57,9.73,103.67,103.17,108.62,96.41,99.48,1.04,9.32,9.68,111.28,104.9,111.0,104.61,99.08,1.12
2,107.395,10.7,9.79,103.75,105.44,104.7,112.28,101.88,1.08,11.74,10.84,104.44,108.94,93.09,107.68,103.03,1.03
3,107.546,10.4,11.16,100.11,98.92,100.26,107.31,94.25,1.15,10.75,10.68,96.04,99.69,98.9,108.21,101.53,1.0
4,107.687,11.22,9.81,103.08,96.16,98.37,99.84,99.26,1.12,10.08,9.53,113.41,105.41,98.19,95.36,109.79,1.05
2,108.826,11.25,10.38,110.09,95.2,96.81,96.37,96.11,1.02,10.52,10.17,97.72,98.98,106.01,110.18,106.36,0.97
1,108.905,10.66,10.92,107.08,110.81,101.3,102.34,102.19,0.99,10.34,10.27,104.99,103.34,100.4,111.34,108.88,1.0
1,109.24,11.12,10.55,110.86,101.04,97.0,114.53,103.61,0.96,9.78,10.26,109.34,109.33,99.32,102.58,97.37,1.04
2,109.648,10.91,10.97,100.66,100.88,100.29,96.49,98.72,1.0,9.91,9.97,112.59,104.05,104.74,95.76,106.1,1.04
2,109.886,10.78,9.84,113.25,97.21,93.88,94.9,111.31,1.06,9.97,9.62,99.88,98.44,103.76,111.67,102.5,0.96
1,109.941,11.09,11.64,98.13,110.33,107.28,102.51,99.21,0.97,9.68,10.89,98.02,115.17,105.52,98.08,109.35,0.97
1,110.0,10.64,11.28,109.78,100.6,107.99,112.42,102.95,0.94,9.81,11.71,108.76,111.44,102.64,97.36,101.7,1.06
4,110.089,9.74,10.4,103.06,103.8,109.16,106.51,107.08,0.97,10.38,10.0,98.27,93.21,111.39,102.81,113.71,1.01
1,110.535,10.72,10.7,97.51,98.22,97.75,105.17,108.66,1.07,10.14,10.96,112.63,103.56,109.74,108.91,107.68,0.98
4,111.023,10.61,10.13,109.06,95.74,105.7,110.73,97.76,1.01,9.68,10.54,111.98,100.43,102.71,111.4,101.32,1.03
1,111.116,10.96,10.81,107.1,105.92,97.19,106.05,103.63,1.04,9.73,11.66,104.41,105.2,103.64,111.62,98.84,1.01
3,111.243,10.68,10.12,98.71,100.05,109.68,105.72,104.59,1.04,11.06,10.85,102.98,100.74,100.91,95.9,100.94,1.07
4,111.365,10.02,9.75,105.18,101.74,100.08,96.69,97.46,1.07,10.17,9.91,97.89,100.16,108.46,98.87,105.0,1.1
1,111.618,9.83,10.68,98.22,100.96,103.93,99.98,102.88,1.11,10.87,10.58,110.55,112.89,103.2,114.46,102.85,1.03
2,112.315,10.8,9.92,108.77,95.54,108.1,105.15,96.2,0.98,10.26,9.61,109.9,109.05,108.24,107.24,96.82,0.97
2,112.348,11.27,11.28,104.89,110.0,108.33,96.4,96.45,1.08,11.0,9.7,110.1,108.65,107.91,106.8,111.53,1.01
3,112.472,10.25,10.97,110.33,99.72,101.57,103.54,97.72,1.1,10.73,10.1,100.49,105.6,107.93,109.29,100.58,1.02
3,112.626,10.44,10.69,104.57,95.5,116.01,97.85,94.47,1.04,10.29,10.02,104.44,99.94,110.67,108.82,108.56,1.13
1,113.607,9.59,10.52,110.68,115.46,103.41,97.74,108.36,1.05,9.59,10.43,114.92,109.93,103.07,103.45,110.99,1.08
4,113.866,10.13,10.74,105.87,109.58,103.5,111.03,115.27,1.01,9.64,10.07,104.63,106.47,103.36,100.7,106.14,1.05
3,113.906,10.32,9.73,101.87,96.12,101.14,95.42,106.94,1.06,9.52,11.08,96.04,95.66,113.86,108.23,107.01,1.03
2,113.921,10.69,10.96,106.3,108.98,95.33,105.28,97.7,0.93,11.33,11.17,103.15,94.67,103.22,94.53,102.64,0.95
4,114.088,10.86,10.5,97.28,101.05,113.58,105.81,103.46,1.05,9.91,9.74,100.12,104.5,110.96,111.08,108.87,1.06
3,114.127,10.25,10.45,111.94,91.62,104.5,96.07,102.89,0.98,9.93,11.28,107.46,99.37,105.58,97.0,98.97,1.04
2,114.157,10.48,10.97,106.42,108.47,101.82,101.08,102.32,0.98,11.48,10.62,96.48,100.19,108.51,96.94,103.92,0.95
2,114.18,10.54,9.73,98.83,106.06,103.55,110.31,102.09,1.05,11.55,10.9,102.49,107.01,98.45,94.96,106.52,1.05
4,114.309,11.05,10.63,98.79,106.1,97.77,95.05,113.42,1.11,10.35,11.27,100.82,98.32,99.91,106.46,109.79,0.96
4,114.561,10.65,10.46,97.59,93.26,108.74,94.94,106.82,1.06,11.04,9.57,100.85,109.13,110.94,106.11,101.72,1.0
1,115.906,10.8,11.64,104.5,107.88,109.14,107.63,99.76,0.95,11.02,11.02,109.7,113.88,105.03,103.15,101.46,0.98
2,115.979,11.36,9.61,95.87,93.15,101.76,98.43,96.25,0.94,11.2,10.65,108.76,108.38,104.02,94.67,99.1,1.05
2,116.23,10.03,9.77,109.65,107.6,105.88,96.96,101.46,1.06,11.59,10.26,107.56,106.52,101.96,101.8,97.2,1.03
3,116.333,10.02,11.15,103.18,91.73,114.35,94.47,107.56,1.1,9.31,10.82,99.08,107.1,108.18,102.29,106.62,1.16
1,117.235,10.52,10.77,108.32,111.45,97.66,109.1,94.64,1.0,10.69,11.03,104.4,108.27,106.58,115.11,94.54,0.98
3,117.722,10.97,11.29,111.55,98.68,108.76,109.26,98.92,1.03,10.65,11.14,98.9,103.56,104.81,108.11,94.12,1.0
4,117.792,10.29,10.17,106.81,108.32,107.02,105.41,112.56,1.06,10.95,10.69,105.39,108.49,104.28,107.02,115.27,1.05
3,118.813,9.89,10.37,103.14,92.1,111.58,95.93,99.6,1.04,9.72,10.72,111.55,104.33,97.96,100.04,94.68,1.03
1,119.613,9.88,11.41,100.47,99.9,97.79,110.09,104.68,1.03,9.67,11.45,113.58,110.4,106.81,110.09,109.45,1.0
3,119.701,10.4,11.16,98.64,104.01,114.7,97.7,99.62,1.12,10.88,10.84,103.44,102.27,98.11,103.12,92.11,0.99
4,119.849,9.92,9.53,99.02,94.46,104.39,94.86,102.6,1.06,11.32,10.52,98.29,97.73,111.52,106.14,102.69,1.0
1,120.439,9.54,10.56,102.09,112.15,106.81,106.78,99.56,1.04,9.58,11.2,112.97,108.5,106.59,103.97,111.18,0.99
4,120.644,10.69,11.14,112.36,96.5,107.87,109.51,102.13,1.06,11.01,10.02,108.2,99.95,113.53,97.48,114.11,1.03
4,120.883,10.01,10.83,107.48,107.96,104.28,100.08,101.94,1.09,10.76,10.94,99.03,109.53,100.86,99.64,102.88,0.99
1,120.998,9.65,11.55,112.0,102.82,94.1,103.24,100.26,1.12,10.09,11.29,110.86,115.43,107.85,113.27,101.41,1.06
4,121.002,10.79,10.35,113.41,100.4,100.79,103.17,109.76,0.99,10.68,10.03,100.12,105.41,101.42,105.63,105.23,1.04
4,121.007,10.07,11.02,105.83,106.72,104.39,102.49,110.19,1.06,10.94,10.33,111.14,109.56,109.14,103.88,103.84,1.08
4,121.065,9.62,10.5,106.5,93.28,113.67,103.71,104.08,1.06,11.17,10.45,97.59,102.58,112.05,109.65,111.53,0.95
1,121.364,10.83,10.22,97.44,102.74,109.32,96.95,102.1,0.98,11.12,10.23,107.62,106.32,101.96,107.65,98.24,1.11
1,122.039,11.15,11.44,101.62,104.15,106.38,98.05,106.68,1.01,9.9,10.83,98.13,97.91,103.4,110.4,96.24,1.09
2,122.369,10.38,10.58,112.85,108.54,95.01,97.31,101.19,1.05,10.74,10.95,106.25,107.08,108.63,95.0,102.94,0.94
4,122.384,10.76,10.89,111.14,94.81,96.94,104.17,112.41,1.11,9.58,11.04,97.44,101.33,99.91,109.64,115.29,1.02
1,122.507,9.55,11.8,111.78,102.7,101.12,100.47,100.7,0.94,11.19,11.44,113.06,103.71,104.3,107.63,107.84,0.97
4,123.021,11.39,11.1,95.96,103.0,110.67,108.44,98.03,1.1,10.07,11.25,108.2,94.38,112.41,107.53,109.48,0.97
2,123.096,11.17,11.0,98.43,102.19,108.91,100.58,99.19,1.06,10.41,9.69,112.44,107.95,106.8,108.34,98.5,0.96
4,123.353,11.28,10.09,109.63,103.09,111.9,104.88,106.64,1.05,10.2,9.62,110.4,94.87,110.77,103.76,103.05,0.96
2,123.5,10.48,10.7,96.9,104.09,96.29,105.58,97.84,0.98,10.76,10.29,105.79,93.89,92.94,112.39,103.26,1.06
2,123.532,9.93,11.29,109.01,104.01,99.32,96.02,108.26,0.98,10.91,10.29,113.66,99.24,103.06,96.05,96.83,1.03
4,123.572,10.89,10.21,97.1,102.17,111.92,102.91,100.09,1.01,10.6,10.33,102.16,110.06,105.97,100.34,102.45,1.06
1,123.813,9.96,10.94,104.49,106.68,108.78,98.45,107.21,0.96,11.13,10.95,97.45,113.51,110.4,105.74,102.75,1.06
1,124.019,10.02,10.28,105.55,100.46,94.24,112.63,106.18,0.97,9.56,11.35,113.55,110.84,95.77,110.09,99.76,1.06
2,124.447,10.82,10.41,101.24,109.57,96.67,109.24,102.09,1.05,10.56,9.91,113.32,101.31,105.29,99.88,113.75,0.98
3,124.549,10.04,10.36,105.71,106.17,101.01,109.35,98.38,1.11,10.72,10.65,113.22,94.65,113.51,95.59,94.63,1.03
4,124.926,10.61,9.8,110.16,99.77,109.1,105.44,111.62,1.01,11.11,11.16,96.7,97.53,105.17,104.15,99.06,0.97
3,125.197,9.88,10.56,105.5,94.29,100.91,102.31,109.15,1.04,9.49,10.07,98.8,104.27,111.33,98.02,106.29,1.03
2,125.749,10.32,10.44,112.67,99.16,97.51,106.71,99.1,0.96,11.33,10.45,109.13,99.75,103.58,101.67,106.24,1.04
2,125.915,9.92,9.8,95.94,107.24,106.57,106.38,112.64,0.95,11.33,10.29,98.7,99.48,102.42,99.66,110.08,1.05
4,125.962,10.86,9.98,99.94,109.29,102.29,100.02,110.32,1.11,9.71,10.15,99.59,103.47,110.04,111.03,99.31,1.06
4,126.161,9.94,10.19,105.44,103.54,102.73,103.71,104.36,1.08,11.26,10.26,109.31,99.65,97.71,110.39,108.84,1.05
3,126.357,9.3,10.2,108.97,107.29,103.28,103.14,92.63,1.07,10.46,10.48,97.27,100.05,111.53,104.86,105.98,0.99
3,126.466,10.36,11.49,105.26,107.46,112.16,99.48,107.3,1.04,9.45,11.34,109.98,91.56,108.58,108.25,105.63,1.01
1,126.578,10.06,11.69,101.21,104.31,105.9,112.87,103.1,1.12,11.0,10.9,98.06,115.44,104.62,96.98,100.8,0.96
3,126.689,10.15,10.23,104.81,92.08,99.61,94.73,94.56,0.98,10.8,10.05,109.49,99.36,114.42,99.87,108.56,1.15
4,126.695,9.63,9.53,108.14,101.24,106.27,108.44,98.52,1.02,10.2,9.82,112.1,101.96,96.36,101.99,98.52,1.1
3,126.977,10.71,9.99,111.53,107.06,107.87,109.98,104.61,1.14,10.63,10.29,103.4,96.9,106.03,100.84,103.91,1.08
4,127.615,11.26,10.54,110.32,109.17,96.07,101.06,110.8,1.03,9.84,10.69,109.14,103.36,107.42,101.05,106.98,0.98
4,128.088,10.45,10.75,109.29,94.81,104.85,105.5,106.17,1.12,10.41,10.02,108.53,103.81,102.82,98.8,114.42,1.13
2,128.367,10.94,10.12,108.7,100.13,108.87,106.92,104.24,0.94,10.33,10.27,110.45,97.44,108.07,104.93,108.08,1.03
4,128.791,10.76,9.58,102.46,99.04,100.39,100.4,98.14,1.0,9.81,10.97,96.46,108.66,111.42,107.28,103.7,1.05
1,128.813,10.83,11.28,112.2,102.95,106.8,101.58,104.79,0.98,10.02,10.62,104.07,111.97,96.79,97.47,96.81,1.12
1,129.307,9.92,11.81,100.35,112.71,101.84,103.78,102.18,1.04,9.8,10.74,114.76,105.94,95.83,108.83,93.88,1.06
3,129.37,10.23,9.94,100.77,94.13,113.92,102.89,97.38,1.16,10.12,9.91,108.02,94.2,104.42,106.83,104.88,1.08
1,129.394,10.02,10.54,97.67,99.34,107.27,114.94,95.81,1.1,9.61,10.45,110.47,111.27,94.6,101.94,97.1,0.95
3,129.605,10.3,10.42,110.51,103.17,103.4,107.79,103.82,1.14,10.7,10.12,98.43,97.81,114.86,108.17,107.14,1.11
4,129.647,9.84,9.53,102.02,99.11,103.25,110.83,104.05,1.11,10.05,10.84,104.23,100.36,104.34,95.16,107.08,0.98
1,129.875,11.02,11.73,112.17,107.73,103.93,98.46,109.45,1.05,11.3,11.13,105.21,109.27,107.27,114.52,107.38,1.06
4,129.915,10.51,9.64,104.9,95.62,98.93,111.11,103.78,0.98,11.12,9.74,108.08,93.48,101.94,98.03,106.9,1.03
3,130.318,10.74,10.41,96.17,97.52,114.46,100.01,94.54,1.1,9.55,9.74,103.09,93.67,99.02,100.68,100.11,1.06
2,130.444,11.53,11.14,109.06,98.18,106.42,107.15,103.34,1.02,10.14,10.73,100.6,108.49,92.79,99.95,101.92,0.96
3,130.885,10.94,11.07,111.83,94.47,101.72,108.22,98.9,1.12,9.52,9.83,110.25,98.35,105.82,108.05,101.38,1.12
1,131.023,10.81,10.32,105.21,105.76,96.61,98.84,111.06,0.95,10.98,11.84,106.88,107.17,97.61,98.05,104.32,0.99
3,131.042,10.09,10.78,102.7,102.2,104.83,99.41,102.67,1.06,9.59,11.28,105.5,106.38,105.41,107.41,99.17,1.14
2,131.086,11.33,10.85,104.94,109.3,103.22,99.29,109.26,1.04,11.39,10.39,100.08,96.06,101.68,103.4,100.23,1.1
4,132.02,10.71,9.8,107.83,110.78,110.38,106.51,105.65,1.08,10.62,10.68,111.41,109.03,105.7,110.24,114.36,1.03
4,132.485,10.96,11.06,103.02,95.29,103.51,97.39,109.71,1.05,10.56,9.66,111.68,108.64,98.12,101.4,97.28,1.11
4,132.815,10.61,10.81,109.99,109.5,106.44,96.78,110.82,1.06,9.77,10.28,99.65,96.0,100.61,101.95,107.96,0.96
4,132.898,10.01,11.31,111.77,109.8,98.36,99.14,98.31,1.01,11.35,11.0,101.27,101.09,100.67,99.35,109.18,1.01
4,133.067,10.69,10.97,96.5,107.25,113.17,104.95,111.42,1.09,11.17,10.14,103.05,105.84,107.0,99.71,99.4,1.01
2,133.092,10.81,11.2,103.06,103.52,109.01,95.06,97.64,1.04,10.76,9.9,100.34,105.16,103.46,99.58,103.28,1.04
2,133.163,11.74,11.33,103.95,98.35,106.23,106.27,104.32,1.08,10.55,9.78,97.64,106.31,101.82,95.54,110.19,0.93
1,133.53,10.14,11.7,100.27,98.49,94.26,100.76,108.66,1.03,10.9,10.97,104.07,112.95,94.61,108.22,94.8,1.01
1,133.727,10.13,10.26,97.73,106.74,94.84,114.85,110.54,1.0,11.09,10.4,110.38,100.18,109.88,107.51,103.29,0.98
3,134.197,10.18,11.09,111.65,105.9,109.82,108.38,96.42,1.07,9.4,11.17,96.56,106.9,111.15,102.42,105.98,1.14
1,134.303,10.47,10.27,105.85,105.72,106.91,105.5,108.06,1.03,10.26,10.97,107.94,112.42,105.51,113.2,98.45,1.07
3,134.383,10.45,11.46,98.76,107.76,100.61,101.24,104.79,1.11,9.7,11.15,109.67,105.06,104.68,109.06,94.93,1.04
4,134.511,9.87,11.24,96.33,95.16,98.73,101.96,100.08,1.03,10.06,10.92,106.93,99.88,105.9,108.05,102.13,1.0
1,134.552,10.21,10.7,97.7,112.1,97.76,102.53,109.38,1.05,10.59,11.35,104.97,101.53,93.7,109.72,105.5,1.04
1,134.584,10.27,10.51,101.71,113.7,106.66,110.58,105.2,1.01,11.28,10.97,109.33,98.62,103.08,107.52,103.1,1.0
2,134.635,10.17,10.43,99.66,107.94,99.07,102.62,106.01,0.95,11.32,10.23,102.65,97.34,99.89,98.77,99.86,1.01
2,134.698,10.64,9.57,99.49,96.27,94.66,99.95,109.76,1.05,11.19,11.24,96.12,104.75,102.71,95.33,107.89,1.07
1,134.798,11.18,10.07,110.15,103.16,94.6,107.22,106.85,0.98,9.92,10.49,100.03,99.42,99.39,103.37,96.0,1.04
3,135.002,10.1,9.91,102.86,102.86,104.06,103.78,103.59,1.11,10.44,11.33,98.34,102.94,99.82,107.48,97.99,1.05
4,135.005,9.98,10.76,111.41,110.38,99.72,103.05,113.07,1.04,10.77,11.06,104.81,98.66,110.06,104.55,106.17,1.05
3,135.782,9.83,10.24,99.02,104.18,108.46,100.41,100.07,1.13,11.04,10.27,109.83,91.57,108.24,97.29,104.95,1.09
3,136.811,10.53,10.31,96.04,102.1,110.25,103.35,109.24,1.05,10.29,10.62,106.01,101.94,100.76,109.34,103.56,1.13
4,136.823,10.22,9.91,96.31,96.32,104.48,96.7,112.91,0.99,9.6,9.65,101.87,105.28,112.07,104.12,112.05,1.01
4,136.912,10.38,10.35,101.88,106.4,112.71,95.83,104.5,0.97,10.09,10.61,113.65,102.96,110.2,108.82,102.53,1.13
2,136.921,10.63,10.9,102.28,106.06,105.98,112.03,108.95,1.0,11.16,9.75,105.14,107.94,106.61,100.49,111.87,0.98
3,137.001,11.02,9.87,96.02,101.53,107.72,105.93,96.06,1.16,10.54,9.9,97.75,92.28,103.4,111.19,107.32,0.99
2,137.628,10.96,10.14,100.92,108.09,92.5,98.33,113.62,1.06,9.88,11.35,105.19,93.69,108.88,111.12,97.89,1.08
1,137.709,9.68,10.49,113.3,108.75,97.94,98.53,97.37,1.0,10.96,11.6,112.78,110.36,93.79,99.49,94.11,1.1
4,137.812,10.21,10.1,109.61,102.76,106.23,99.73,102.96,0.99,9.93,10.35,104.09,98.39,106.64,103.12,97.32,0.95
1,137.926,11.2,10.47,103.34,112.77,106.42,113.54,102.41,0.98,9.64,11.71,111.76,100.51,105.76,110.06,104.6,0.95
3,138.27,10.55,10.8,109.64,97.9,101.54,100.09,101.68,1.13,10.2,10.57,110.33,108.08,112.03,97.72,97.48,1.14
3,138.914,9.56,11.2,103.02,102.31,114.92,98.93,96.63,1.13,9.68,10.96,104.16,107.69,110.79,108.22,100.06,1.01
1,139.226,10.09,10.84,104.17,109.0,95.87,112.06,110.98,1.1,9.98,10.97,105.64,106.68,97.71,110.66,100.22,1.01
3,139.511,10.4,10.6,103.44,91.74,110.79,106.76,105.4,1.0,10.19,9.93,101.52,92.48,108.64,109.55,108.06,1.0
4,139.592,10.04,10.06,106.73,100.61,111.83,105.35,101.64,1.04,10.3,11.2,105.83,101.09,112.91,96.4,108.96,1.05
4,139.76,9.84,9.81,101.91,110.37,107.87,105.32,102.14,1.04,9.77,10.19,104.81,93.54,102.04,102.81,112.74,1.01
2,139.825,11.24,9.66,108.62,104.06,105.42,101.68,100.95,1.06,11.11,9.69,95.82,106.47,94.68,101.3,96.86,0.97
3,139.948,10.99,10.09,103.6,98.33,97.99,103.14,92.89,1.02,10.85,9.89,107.06,99.0,116.09,107.27,99.66,1.06
2,139.999,10.8,9.86,105.33,99.16,94.98,101.46,109.79,1.06,10.56,10.25,104.32,107.06,94.88,105.26,108.84,0.99
4,140.197,10.98,9.82,108.2,110.09,111.63,105.96,98.76,1.0,9.82,11.31,96.06,107.07,99.86,101.63,106.85,0.95
1,140.224,9.58,11.62,104.97,115.12,102.62,102.8,107.95,1.11,11.2,10.68,110.06,100.18,108.4,99.24,106.35,1.04
3,140.429,10.15,9.83,103.0,108.39,111.33,102.51,106.09,1.11,10.17,11.43,109.22,100.12,107.98,95.61,94.13,0.98
4,140.546,10.72,9.69,108.98,97.6,108.37,107.65,107.62,1.07,10.49,10.89,107.47,109.48,98.56,111.51,114.26,0.99
4,140.775,9.74,9.78,99.86,94.63,112.87,111.82,107.53,1.08,10.39,9.66,111.27,102.64,103.2,108.01,106.33,1.05
2,140.867,10.74,11.06,113.02,106.43,102.97,109.3,110.19,1.04,10.18,10.54,98.38,103.96,107.65,110.09,111.28,0.96
2,141.114,10.14,9.88,107.21,102.79,103.08,98.94,106.29,1.0,10.26,11.28,97.83,98.96,93.62,106.53,111.18,0.95
1,141.397,11.02,10.17,106.57,114.85,109.89,110.4,100.22,0.95,11.18,10.08,113.03,99.04,94.76,105.18,97.51,1.1
1,141.533,10.23,11.2,110.1,100.32,94.3,103.28,102.71,0.95,9.89,10.07,97.12,102.42,106.54,98.28,100.33,1.08
1,141.665,11.12,10.67,105.73,101.91,101.84,100.76,98.85,1.0,10.4,10.42,109.89,109.55,100.99,113.52,109.73,0.99
4,141.9,10.83,11.27,112.61,105.67,99.54,100.1,100.95,0.98,11.32,9.74,101.86,94.87,103.79,98.19,101.77,0.96
1,142.245,10.84,11.77,106.36,99.44,94.4,104.93,110.08,0.96,10.55,10.87,104.19,115.17,109.94,107.28,96.09,0.98
1,142.414,10.3,11.51,100.63,99.9,98.96,98.84,105.54,1.0,9.7,11.35,105.54,106.69,96.79,109.1,100.76,1.03
2,142.551,11.26,9.97,108.7,107.18,98.42,112.03,103.5,0.98,11.68,10.16,100.7,94.5,109.56,99.66,108.08,1.04
1,142.928,9.68,10.59,113.28,108.92,98.9,111.8,110.27,1.02,11.29,10.63,97.21,108.55,108.03,108.0,102.1,1.02
4,142.972,10.37,10.8,111.69,109.37,106.6,98.38,108.03,1.02,10.24,9.95,109.02,97.47,106.94,104.47,110.19,1.0
4,143.017,11.14,10.46,99.17,94.42,97.98,106.99,100.85,1.05,10.72,10.78,97.63,105.77,101.75,95.76,111.54,1.0
1,143.058,10.53,11.37,102.05,114.43,102.62,105.97,109.22,1.08,11.18,11.9,99.91,99.72,98.67,105.36,96.9,1.02
3,143.825,10.43,11.16,110.49,103.61,104.33,98.19,95.01,1.09,9.45,11.22,105.74,105.56,112.65,102.2,99.16,1.12
3,144.626,9.5,10.41,112.11,105.76,105.96,100.16,108.32,1.04,9.74,9.95,110.39,94.22,103.38,100.81,108.53,1.01
3,144.802,9.55,9.91,98.16,106.15,98.81,95.11,106.5,0.98,10.3,9.77,106.64,91.88,110.45,100.39,105.98,1.05
1,145.139,10.04,11.51,110.47,116.3,99.77,109.83,97.62,1.03,10.7,11.44,100.28,109.65,103.7,104.61,103.56,1.08
3,145.392,9.92,10.16,103.06,92.83,104.71,104.28,99.83,1.06,10.86,10.1,106.58,103.4,108.19,95.3,106.4,1.09
1,145.537,9.75,10.05,107.86,101.44,109.4,97.47,109.02,1.11,10.67,10.21,103.31,111.33,98.67,109.1,109.83,1.01
1,145.998,10.4,10.66,109.77,111.5,104.43,100.74,102.23,1.1,11.14,10.63,98.87,111.6,101.2,109.08,110.69,1.02
3,146.362,11.03,10.61,96.97,92.22,113.69,111.33,103.28,1.03,11.04,10.75,107.86,108.38,98.69,103.27,99.11,1.15
4,146.69,10.29,10.86,111.72,109.03,106.94,103.57,113.42,1.03,9.61,10.48,110.69,98.47,96.98,98.19,105.65,1.08
2,147.024,10.69,9.95,107.53,105.03,104.8,106.38,107.64,0.99,11.56,10.44,105.62,107.74,104.73,110.09,97.61,0.99
3,147.372,10.7,10.8,102.07,108.36,109.5,104.49,93.05,1.1,10.22,11.17,100.72,97.1,98.0,108.17,94.53,1.1
1,147.388,9.82,11.07,104.86,108.08,101.66,105.36,98.71,1.04,9.89,11.69,104.4,106.36,102.9,107.97,109.1,1.08
2,147.431,11.46,10.81,106.22,106.41,106.21,101.69,102.24,1.0,11.22,10.33,102.3,94.15,92.92,97.31,97.76,0.94
1,147.477,11.1,10.42,111.14,115.19,107.45,105.74,109.69,1.09,10.43,11.54,99.99,103.42,102.41,109.62,108.51,0.97
1,148.096,10.74,10.97,109.85,105.12,93.7,108.17,110.0,1.08,10.87,10.85,105.45,105.45,97.66,99.31,102.78,0.95
1,148.25,10.27,11.03,113.43,99.48,100.9,104.7,108.86,0.94,9.69,11.51,104.44,112.71,105.6,104.03,105.17,1.03
4,148.546,9.74,10.5,110.27,94.19,100.8,107.21,98.12,1.07,9.98,10.35,111.39,109.11,102.48,97.42,105.33,1.11
4,149.214,10.61,9.96,112.96,96.9,101.4,105.14,109.96,1.08,10.1,10.43,107.33,107.07,97.93,98.78,107.76,1.04
1,149.374,10.52,10.86,108.34,105.57,95.58,107.06,102.5,1.0,10.32,10.99,108.32,112.88,108.58,108.2,101.97,0.96
3,150.309,9.92,10.13,100.28,104.39,103.27,100.32,95.05,1.01,9.72,9.83,102.44,102.46,114.06,104.67,106.91,1.06
4,150.41,10.18,9.78,96.31,105.23,104.55,95.38,103.32,1.07,10.76,10.76,105.87,93.29,108.04,94.24,113.46,1.03
4,150.861,10.21,10.18,103.68,98.26,103.49,110.96,109.09,1.02,10.95,10.46,97.23,109.29,102.31,107.01,104.59,0.97
4,150.958,9.99,9.71,101.65,99.83,109.25,105.87,101.41,0.96,10.46,10.68,101.94,102.4,110.58,101.98,105.44,1.04
3,151.167,10.84,10.34,103.96,93.36,103.43,110.55,103.6,1.04,10.55,11.25,110.33,96.29,98.22,104.93,96.97,1.15
1,151.483,9.57,10.07,112.9,110.81,105.69,114.68,108.86,0.99,9.86,11.72,98.23,103.56,98.35,112.51,107.64,1.01
3,151.55,9.85,10.72,95.63,95.86,101.22,111.14,108.48,1.06,10.39,10.2,113.58,102.5,100.23,108.17,105.24,1.04
3,151.594,10.8,10.32,100.3,101.7,102.1,110.92,97.85,1.13,10.8,10.68,109.66,100.15,107.06,108.11,103.63,1.05
3,152.009,9.3,10.47,100.05,104.04,98.44,98.13,101.96,1.14,10.93,10.42,110.96,96.35,105.59,100.04,106.11,1.1
2,152.046,11.36,11.05,101.32,93.44,106.1,103.69,103.82,0.94,10.05,10.3,104.48,100.8,99.84,103.86,103.24,0.93
1,152.275,10.63,10.59,97.16,115.44,95.24,100.75,102.19,1.0,9.98,10.5,110.16,104.21,105.9,103.25,102.0,1.08
3,152.584,9.31,10.98,96.55,107.48,114.52,100.32,91.92,1.08,9.42,11.25,99.03,105.45,107.79,108.36,108.06,1.12
2,152.79,10.45,11.17,109.02,110.36,92.39,107.45,97.25,0.97,10.58,11.25,99.26,101.78,104.74,109.02,100.79,1.08
2,152.847,10.36,10.82,99.57,94.41,98.6,100.64,98.46,0.96,11.7,10.49,112.72,94.16,98.38,95.92,97.92,1.0
4,153.15,10.48,10.09,98.08,97.02,110.16,99.97,112.49,1.06,10.33,10.97,108.08,105.22,96.34,105.08,111.63,1.08
2,153.512,10.83,9.72,95.73,98.35,106.13,105.01,97.32,0.97,10.45,10.26,104.32,101.19,103.04,102.82,102.01,0.96
3,153.714,11.02,10.2,96.13,99.7,106.29,104.57,100.43,1.12,10.98,11.25,110.32,94.74,112.68,98.16,97.48,0.99
4,153.806,10.04,10.26,112.61,95.25,106.56,99.46,102.1,1.11,11.17,9.65,106.73,103.62,112.55,110.49,111.85,0.98
1,154.022,10.04,11.62,100.72,109.66,95.77,104.42,98.82,1.02,10.16,11.1,98.16,99.82,98.96,111.34,95.94,1.02
2,154.508,9.89,9.59,112.21,94.5,93.21,103.76,111.82,1.0,10.5,10.24,102.66,108.71,109.2,101.6,97.89,0.99
2,154.572,10.41,9.58,110.86,93.12,92.61,100.36,113.02,1.08,11.34,9.79,96.01,109.0,102.06,99.25,113.41,1.08
3,154.865,10.37,11.16,113.73,93.93,99.84,108.65,99.98,1.11,9.6,9.91,99.48,99.78,108.99,107.34,102.33,1.15
1,154.984,9.79,11.42,102.05,110.82,107.55,100.62,98.0,0.96,10.92,11.54,100.45,105.76,94.56,111.28,110.31,0.99
3,155.253,9.89,11.11,104.48,93.97,114.98,109.97,105.73,1.1,9.32,10.16,102.63,97.72,116.09,108.23,108.88,1.02
4,155.306,11.13,10.63,106.16,100.04,108.96,100.0,111.36,0.98,10.46,10.41,97.64,94.92,105.21,109.1,109.62,0.98
4,155.496,9.92,9.98,111.93,99.78,99.44,97.8,110.14,0.96,9.7,9.78,108.72,105.4,107.55,108.83,104.63,0.96
2,155.616,10.74,11.13,98.62,98.37,94.21,99.72,109.06,0.96,10.75,10.12,111.64,100.88,106.1,100.64,105.11,1.03
4,155.678,10.77,10.69,112.02,108.32,105.05,98.06,107.96,1.07,10.42,10.46,110.66,104.92,113.67,98.04,104.08,1.01
3,155.713,10.21,11.48,104.92,105.0,114.08,108.6,109.17,1.03,10.97,9.68,96.4,97.66,110.92,111.01,97.85,1.13
2,155.887,9.9,11.15,110.93,110.01,94.05,101.06,113.51,1.07,10.16,11.02,100.74,96.35,100.6,100.96,109.76,1.05
4,155.992,11.02,9.94,97.34,101.9,105.7,100.43,106.89,1.02,10.6,10.9,109.36,108.94,109.0,99.89,102.65,1.05
3,156.056,9.71,10.13,104.29,96.26,102.82,96.8,102.86,1.02,10.92,9.95,103.37,96.2,107.72,99.3,100.51,1.09
4,156.381,9.93,9.91,108.78,104.41,113.98,109.66,102.96,0.98,10.45,10.64,105.47,94.01,112.59,95.46,107.62,1.08
2,156.398,10.52,10.73,103.06,108.77,108.66,103.78,106.44,1.0,11.73,11.33,96.77,98.64,104.3,103.02,98.83,0.99
2,156.568,10.7,11.09,107.74,96.48,105.55,104.11,100.45,0.99,10.85,10.14,97.3,103.95,93.88,95.12,113.68,0.94
3,156.604,9.84,9.94,101.86,98.83,113.04,108.93,102.1,1.15,9.57,10.86,96.48,98.54,107.79,99.96,96.0,1.08
4,157.195,10.63,10.97,110.19,110.06,110.67,111.12,113.98,1.09,10.43,9.98,101.61,96.81,109.1,103.52,104.5,1.13
2,157.307,10.03,11.37,96.12,103.0,108.2,95.97,112.44,0.94,10.29,9.66,110.14,110.05,96.03,111.02,103.79,1.01
4,157.541,10.42,10.97,108.67,99.65,109.99,104.95,100.24,1.09,9.75,9.61,107.94,106.21,106.08,99.35,114.66,1.02
2,157.917,11.48,10.9,104.19,101.32,109.63,110.47,101.49,0.93,11.66,10.91,113.34,105.73,99.85,95.18,99.19,0.96
1,158.182,9.99,11.19,108.15,113.22,103.44,110.0,94.69,1.1,9.93,11.44,96.95,99.48,93.93,98.18,101.08,0.99
3,158.316,10.08,9.79,107.79,93.21,108.46,95.11,107.32,1.13,9.7,10.18,108.96,97.52,101.66,96.65,107.9,1.05
1,158.329,9.73,11.03,100.28,97.91,108.59,110.0,104.77,0.96,9.9,11.04,113.55,107.9,94.24,96.89,106.86,1.08
4,158.338,10.16,9.67,99.8,101.49,96.65,99.47,106.29,1.07,10.55,10.35,106.3,100.62,101.75,102.5,106.62,1.11
2,158.427,11.47,11.12,97.83,98.09,92.79,110.03,104.8,1.06,11.56,10.76,98.11,102.84,103.58,99.76,106.04,1.0
2,159.14,10.78,11.18,113.25,104.81,98.18,96.11,96.25,0.93,9.98,10.83,97.65,97.88,98.66,108.7,104.47,1.08
3,159.149,9.46,11.42,110.48,98.68,101.28,98.19,99.42,1.12,9.61,10.13,96.21,93.91,105.81,96.27,92.27,1.16
2,159.697,10.94,9.58,100.48,100.8,102.67,102.73,108.64,1.04,10.25,9.82,109.73,109.67,97.43,98.41,102.3,0.99
1,160.301,10.07,10.65,113.46,108.55,93.74,104.88,110.69,1.07,9.87,10.84,98.52,113.61,99.06,98.83,106.18,0.97
2,160.309,10.26,10.55,108.04,94.92,103.47,95.12,97.88,0.95,10.58,9.86,99.86,97.58,98.36,105.8,101.78,1.05
2,160.314,10.21,10.83,108.1,96.72,97.9,106.98,102.2,1.08,11.3,9.63,102.66,104.83,101.09,104.76,111.8,1.01
3,160.332,10.69,10.95,107.67,102.97,105.93,111.46,92.91,1.03,10.46,9.7,109.9,107.7,98.24,98.26,95.01,0.99
3,160.657,10.53,11.33,106.44,101.4,114.9,105.85,101.23,1.14,9.52,11.4,99.35,103.75,113.6,103.94,108.5,1.08
4,160.686,10.55,10.26,98.68,94.43,109.1,107.7,110.38,1.09,11.37,9.93,104.99,108.62,98.0,107.41,97.46,1.11
4,160.696,10.38,10.65,110.12,101.93,103.82,95.35,106.85,0.96,9.99,10.94,104.97,108.41,109.66,102.15,98.48,0.98
1,160.818,10.33,11.46,104.15,102.96,96.6,105.94,103.43,0.96,9.57,10.38,97.77,107.17,94.95,107.55,99.14,1.1
3,161.221,10.08,11.02,113.69,107.89,108.75,102.31,99.68,1.0,9.37,10.11,107.96,95.4,100.36,107.66,98.09,1.07
2,161.305,10.17,10.8,107.3,95.44,101.98,100.55,107.05,0.99,11.73,11.24,96.73,101.73,100.12,95.76,110.41,1.01
4,161.374,9.67,11.18,96.07,109.55,97.3,98.81,101.57,0.98,9.78,10.11,97.72,107.48,101.34,100.55,107.37,1.05
3,161.694,9.51,11.06,109.51,96.48,101.34,103.42,100.39,1.06,9.98,9.68,111.99,98.94,107.78,99.62,94.31,1.06
3,161.766,9.49,11.33,96.02,94.35,101.46,106.22,103.71,1.07,10.3,11.29,99.35,93.97,100.04,101.29,106.01,0.98
1,161.909,11.02,11.78,109.58,115.02,102.48,103.18,102.16,1.04,9.9,11.53,107.08,102.96,97.16,111.08,105.19,1.04
1,162.322,9.77,10.82,113.85,110.88,103.93,105.66,108.47,1.03,9.75,11.4,99.65,115.09,106.74,113.4,99.73,0.99
1,162.554,10.55,10.27,105.44,107.86,94.96,111.32,93.88,0.95,9.74,10.98,102.61,107.5,96.84,112.71,100.12,1.12
1,162.84,10.63,11.02,99.99,102.83,106.89,112.63,95.44,1.0,10.77,11.48,110.31,108.33,96.6,97.13,110.43,0.98
3,162.92,10.48,11.19,101.49,91.63,100.04,104.05,101.37,0.98,10.58,11.11,98.1,95.22,112.23,98.49,106.76,1.06
3,163.103,9.9,10.08,101.86,94.19,109.84,99.96,103.74,1.05,10.05,10.31,111.7,98.35,111.69,109.85,104.83,1.05
1,163.16,9.58,11.57,105.49,115.98,96.28,102.56,109.04,1.04,10.68,11.56,114.26,113.42,102.0,105.61,97.19,1.04
3,163.39,10.14,10.05,101.54,103.84,114.65,111.12,95.11,1.13,9.6,11.28,101.46,108.39,104.0,108.8,104.22,1.03
3,163.401,9.49,10.34,99.29,98.35,106.47,97.44,97.41,1.03,9.57,9.97,109.28,95.32,107.29,101.08,105.2,1.1
1,163.665,11.26,10.74,108.9,102.84,100.5,112.79,109.3,1.04,9.81,11.06,98.52,112.1,106.91,107.76,111.09,1.0
2,163.83,10.99,11.18,110.24,106.82,102.14,105.96,100.12,1.01,11.13,10.5,96.72,98.97,94.82,108.8,96.34,0.99
4,164.363,10.13,10.56,97.39,99.92,110.94,102.33,104.59,0.98,9.65,10.94,108.67,104.24,97.94,105.16,97.98,1.05
1,164.378,10.29,11.48,105.63,103.57,109.78,108.89,105.34,1.12,9.93,11.91,110.79,111.89,100.43,105.04,102.88,1.04
2,164.418,10.88,10.29,97.05,109.3,105.13,100.64,100.87,0.99,10.67,10.91,96.77,98.64,97.58,104.14,104.85,0.92
2,164.464,11.69,9.7,99.81,106.03,102.9,111.84,112.98,1.05,11.25,10.23,107.21,100.72,101.94,98.8,104.61,1.05
3,164.488,9.48,10.86,112.52,108.46,107.7,104.96,100.66,1.15,10.62,9.96,110.25,108.02,101.28,99.3,104.99,1.0
1,164.53,9.87,10.99,107.72,108.7,109.89,108.96,106.08,0.96,10.81,10.88,99.99,109.14,104.95,112.99,98.12,0.99
4,164.882,10.66,11.03,98.22,107.01,112.43,108.72,99.99,1.06,11.1,10.32,110.16,100.04,111.89,107.38,103.78,0.99
2,164.984,11.25,10.29,108.2,108.77,102.62,103.56,97.32,1.06,10.23,11.34,112.75,102.97,106.12,102.12,110.34,1.03
2,165.422,11.38,9.86,96.85,107.87,108.45,95.86,96.51,1.03,11.38,10.78,99.37,96.89,93.66,98.62,110.2,0.99
2,165.554,11.06,10.36,102.97,101.2,94.58,101.5,106.04,1.1,10.68,11.18,103.63,101.26,106.33,108.88,107.78,1.08
1,166.073,9.98,11.25,106.44,106.74,93.85,103.97,100.25,0.96,10.1,11.73,106.01,105.15,93.72,107.22,98.1,1.11
4,166.221,11.25,11.09,112.77,106.68,103.79,98.4,103.7,1.06,10.68,10.97,112.89,95.06,97.05,106.39,111.14,1.06
1,167.0,10.25,10.17,113.44,101.4,94.9,106.42,95.98,1.0,10.1,10.98,106.83,105.03,96.5,109.3,98.42,1.06
1,167.203,10.4,10.43,99.12,101.49,93.23,107.73,98.0,1.01,10.13,10.98,103.31,108.09,106.24,107.13,103.77,1.09
4,167.211,10.38,10.85,106.73,93.21,103.65,107.38,100.5,1.04,9.78,10.48,105.87,105.12,99.38,102.72,114.66,1.0
4,167.832,9.94,9.66,95.99,100.17,106.74,101.29,110.78,1.0,11.1,10.58,101.89,97.0,101.19,95.8,106.98,1.0
1,167.849,11.06,11.74,105.12,103.19,107.37,105.38,97.15,1.04,11.32,10.87,100.35,101.53,93.85,102.62,108.77,1.0
1,168.963,11.25,11.35,111.39,99.82,94.23,102.57,97.82,1.07,9.86,10.89,101.88,103.4,107.14,108.92,104.67,1.04
2,169.492,10.43,11.28,105.84,101.13,101.04,100.3,96.32,0.94,11.15,9.93,103.36,94.94,97.97,105.87,98.46,1.01
1,169.494,10.37,10.97,114.86,105.26,109.73,113.18,106.18,0.96,10.96,11.07,110.38,110.43,97.76,102.79,110.51,1.0
4,169.506,11.0,10.61,96.24,97.46,98.67,108.98,97.07,1.01,10.46,11.18,102.44,106.51,107.97,105.87,98.46,0.96
1,169.713,10.99,10.3,102.9,103.52,96.67,106.49,98.14,0.95,9.88,10.36,98.1,103.34,106.06,111.48,98.97,1.11
4,170.538,9.93,9.93,110.95,107.21,96.13,107.76,109.09,0.98,9.67,10.7,100.2,97.24,110.77,99.46,99.71,1.09
2,170.682,10.58,11.38,97.22,101.1,93.82,98.55,97.62,1.05,10.47,11.15,103.09,108.17,104.49,108.17,96.51,1.07
2,170.743,10.86,10.01,99.35,109.91,98.3,108.9,110.1,1.02,10.56,10.67,105.49,93.8,97.91,106.87,109.27,0.99
4,170.873,10.87,10.87,101.04,109.11,107.07,95.76,104.32,1.05,9.65,10.3,107.86,99.34,99.94,97.04,108.84,1.08
4,171.034,10.1,10.88,104.67,104.78,98.02,97.2,105.91,1.13,10.78,11.07,103.5,102.57,105.44,109.51,103.37,0.98
1,171.176,10.98,10.82,103.16,106.34,108.5,110.8,110.01,1.03,9.89,11.47,99.12,104.56,105.83,105.9,105.45,1.0
3,171.688,10.84,10.44,100.08,108.12,101.62,108.09,103.32,1.03,9.64,10.49,110.62,105.26,110.28,107.02,109.01,1.08
3,171.864,9.59,10.18,113.28,108.33,113.22,98.56,107.96,1.07,10.26,10.07,99.04,103.0,102.5,99.87,94.72,1.13
2,172.151,10.91,10.83,112.59,103.65,95.07,110.4,105.91,0.92,10.12,9.84,107.75,110.28,105.73,100.29,103.9,1.03
3,172.567,9.7,10.16,104.56,91.82,108.58,108.82,96.42,1.16,11.04,10.84,102.24,95.86,102.41,100.28,105.47,0.99
3,172.603,9.83,10.93,108.49,99.57,106.08,110.14,105.96,1.04,10.97,11.12,108.24,101.38,109.74,102.55,107.13,1.16
3,173.136,10.4,10.29,96.24,103.52,113.68,99.13,104.22,1.11,10.82,9.98,105.5,97.92,104.17,110.87,96.46,1.06
3,173.693,9.34,10.72,95.94,97.56,107.15,96.48,101.68,0.99,9.57,10.39,96.48,102.83,101.46,103.51,98.06,0.99
1,174.107,11.1,10.54,114.13,110.84,93.96,112.3,96.73,1.0,9.78,10.62,97.73,101.23,102.6,110.01,98.82,1.04
3,174.228,9.69,9.92,96.44,94.41,115.7,110.55,93.24,0.99,9.57,10.45,113.72,100.83,111.53,104.02,101.53,1.14
4,174.264,10.04,9.91,113.15,107.42,110.77,103.85,112.72,0.99,9.59,10.72,106.58,99.44,110.63,109.39,102.54,1.05
2,174.285,10.39,9.59,99.65,101.34,103.51,94.86,111.47,1.03,11.21,9.84,106.38,96.75,94.73,101.12,96.49,1.04
4,174.402,10.82,10.3,100.2,107.92,104.68,95.36,97.21,1.0,10.68,10.68,107.5,96.08,100.98,104.15,113.09,1.09
3,174.539,9.55,11.15,106.67,108.35,107.7,108.93,100.12,1.12,9.39,10.75,103.74,103.75,110.16,105.1,103.77,1.11
1,175.144,10.38,11.56,112.79,100.46,93.55,98.12,102.16,1.02,10.98,11.87,110.27,105.3,94.96,110.7,105.9,1.01
1,175.231,11.1,11.03,103.55,113.61,104.48,114.0,102.11,0.96,9.64,10.81,114.82,98.8,100.09,98.21,104.64,1.02
2,175.851,10.82,9.74,105.49,110.46,98.99,97.16,107.62,1.06,11.35,11.1,100.69,94.81,99.2,106.36,99.26,1.05
4,175.921,10.43,10.41,98.06,95.64,107.62,104.47,113.89,1.04,11.3,9.88,104.3,103.62,109.69,94.88,114.08,1.04
1,176.266,10.74,11.41,112.93,109.33,95.54,103.78,101.38,1.06,10.87,10.89,102.85,101.49,105.6,96.82,109.18,1.06
3,176.449,10.63,9.74,102.8,92.25,103.41,108.83,108.44,1.16,9.7,10.12,103.85,105.9,103.73,103.13,93.82,1.05
4,177.011,9.95,10.18,106.3,98.72,96.77,105.23,111.83,0.97,9.77,9.64,112.21,107.55,114.0,97.66,103.3,1.05
2,177.082,9.95,9.57,95.87,108.42,92.71,110.09,108.54,1.08,10.52,11.13,102.56,100.81,96.74,96.42,111.89,0.98
4,177.145,10.89,10.0,101.94,100.13,109.54,103.29,101.86,0.98,9.89,10.5,105.66,98.88,99.93,102.49,100.57,1.04
3,177.177,10.86,11.47,110.32,108.24,103.59,108.78,107.73,1.03,10.01,10.33,101.68,98.61,101.92,100.04,99.15,1.12
4,177.215,10.45,11.18,112.47,108.99,106.55,96.58,99.03,1.1,10.2,9.56,100.2,109.56,104.9,98.42,97.69,1.07
2,177.266,11.32,10.71,110.92,108.69,95.45,110.03,109.45,1.0,11.36,9.77,98.4,101.39,102.19,109.74,113.14,1.03
3,177.359,9.97,10.79,110.49,100.24,113.78,108.61,101.1,1.13,10.14,10.56,102.71,98.44,103.94,108.14,100.57,1.01
3,177.473,10.12,10.5,105.68,100.05,105.08,104.76,103.08,1.1,10.4,9.83,108.24,103.47,104.4,104.66,92.63,0.99
3,177.752,10.96,10.61,108.79,106.07,116.17,103.54,103.42,1.14,9.59,9.89,113.55,97.08,105.58,110.98,92.63,1.04
4,177.873,11.07,10.02,108.88,97.05,96.26,99.09,97.96,1.03,10.16,9.82,99.27,110.28,104.34,111.14,99.4,1.11
4,178.184,11.32,10.85,103.54,105.97,99.78,103.78,101.4,1.06,11.19,11.1,101.17,108.9,107.28,101.62,106.35,1.04
1,178.499,9.62,10.25,99.09,105.51,94.41,104.53,101.43,0.97,9.58,11.35,102.38,114.0,98.71,112.25,100.1,1.05
4,179.028,11.0,9.97,108.12,108.47,96.31,106.21,97.48,1.06,10.58,10.97,102.67,108.12,102.13,98.33,107.6,0.96
2,179.345,11.61,10.3,108.46,108.1,105.89,103.86,99.66,0.98,11.65,10.97,97.26,96.66,99.02,100.4,111.15,1.0
1,179.387,11.1,10.87,97.27,106.05,107.17,110.09,105.0,1.05,10.58,10.52,108.3,112.86,104.32,102.57,99.18,0.96
2,179.633,9.9,10.16,107.76,107.93,104.4,101.66,97.92,1.01,11.33,11.19,99.2,108.31,109.56,101.26,108.61,0.99
1,179.779,9.98,11.22,101.88,104.11,96.67,100.88,96.57,1.06,9.97,11.56,114.39,106.88,100.47,96.96,93.55,1.03
2,180.103,10.33,10.24,113.42,102.48,101.76,98.15,101.88,1.04,11.27,11.23,110.7,104.43,94.79,111.51,104.71,0.99
4,180.159,10.38,10.65,99.98,95.32,102.31,99.91,104.75,1.07,11.38,10.38,105.44,103.29,96.34,101.06,101.48,0.99
3,180.252,9.43,10.03,111.7,94.1,106.78,102.35,101.64,1.09,10.29,9.91,103.85,92.68,107.08,97.58,98.73,1.04
2,180.318,11.03,10.72,103.86,110.25,106.46,103.69,98.78,1.01,11.54,10.73,113.49,104.43,98.24,110.75,102.69,1.0
1,180.331,10.57,11.13,102.66,111.97,95.86,114.69,106.1,0.96,11.05,11.41,97.45,99.86,107.28,114.53,98.19,1.05
4,180.919,10.69,9.7,106.07,108.54,102.03,110.13,108.36,1.04,10.41,10.34,99.31,100.62,108.53,110.96,110.34,0.97
4,181.239,9.6,9.62,112.76,99.98,111.9,108.41,101.9,1.04,11.07,10.93,101.32,95.56,98.27,104.93,102.1,1.06
2,181.299,10.57,10.91,98.84,103.33,106.81,107.15,110.9,1.06,11.0,9.9,112.79,109.84,95.98,107.8,108.55,1.0
4,181.37,10.61,11.16,104.14,93.75,102.41,100.53,102.86,1.05,10.06,9.58,110.62,101.75,102.74,105.89,107.33,0.98
2,181.385,10.81,10.55,112.88,94.15,108.72,105.82,104.18,0.99,10.88,9.94,111.37,95.82,103.61,112.14,110.63,1.08
4,181.741,10.38,9.59,106.05,102.95,109.0,100.56,112.02,1.03,10.6,9.65,110.24,95.08,97.75,99.02,98.76,1.07
2,182.075,10.76,10.0,104.07,97.37,100.93,110.76,101.0,1.07,10.87,10.64,100.72,108.77,105.06,106.38,100.8,1.01
2,182.142,10.43,9.73,106.32,108.49,107.08,95.34,105.83,0.98,10.38,9.97,106.61,100.11,92.54,105.55,107.24,1.08
4,182.225,10.62,10.48,101.6,110.5,99.54,95.29,102.83,1.0,10.4,10.25,112.61,105.12,112.83,98.04,110.95,1.08
4,182.448,11.33,11.24,104.09,96.46,113.67,102.62,105.33,0.98,10.01,10.36,98.68,102.09,107.47,109.51,114.36,1.0
2,182.741,11.21,11.01,100.28,100.06,94.18,95.15,100.51,1.02,10.62,11.15,100.09,100.64,104.19,96.62,101.96,1.0
4,182.754,10.02,9.97,108.58,108.14,105.35,100.91,105.39,1.06,10.45,9.69,107.86,106.17,98.77,104.96,115.27,1.01
1,182.906,10.83,11.81,113.94,107.69,97.82,104.83,104.63,0.96,11.02,11.86,110.54,104.15,106.8,108.99,110.55,1.01
4,183.291,9.98,10.49,102.3,95.92,104.02,111.12,111.29,0.97,11.03,10.87,108.15,103.98,106.6,96.21,98.11,1.05
1,183.616,9.81,11.19,108.68,101.2,101.96,99.98,95.56,1.1,9.59,10.96,102.92,101.07,107.96,96.96,105.65,1.02
4,183.848,10.78,10.84,112.59,105.46,104.12,98.72,109.06,1.02,10.3,10.92,111.98,108.06,105.86,96.22,100.67,0.99
4,184.563,9.9,10.72,95.89,109.53,104.88,101.72,103.05,1.06,10.4,9.75,100.69,102.66,101.26,102.35,101.32,0.99
4,184.825,11.24,10.07,109.42,102.44,98.62,105.86,111.65,0.97,10.63,11.05,113.42,99.18,98.48,97.68,97.81,0.99
2,185.061,11.66,9.83,99.1,96.58,98.33,104.93,111.89,1.08,11.52,11.28,96.7,107.87,95.94,106.22,111.27,0.95
4,185.394,10.67,10.3,112.73,100.92,110.57,109.75,111.9,0.98,9.79,10.77,108.95,99.3,101.26,102.34,107.57,1.12
2,185.429,10.34,10.27,109.37,97.98,95.94,95.93,102.89,1.01,11.2,9.84,95.66,110.46,95.71,96.69,106.1,1.0
4,185.525,10.4,10.42,96.62,94.75,105.45,105.13,100.48,1.1,11.32,10.06,99.8,96.47,103.96,108.65,110.0,1.06
4,185.762,9.78,10.92,107.53,102.69,110.62,110.33,99.24,1.07,10.2,10.93,101.26,97.99,98.86,102.72,98.76,1.04
3,186.096,10.29,10.92,101.84,107.06,102.36,98.16,107.94,1.1,10.85,11.03,111.99,98.38,100.38,95.72,98.92,1.1
2,186.325,10.92,9.68,101.61,95.26,103.37,104.76,106.64,1.01,11.66,10.86,107.71,100.14,107.09,110.09,109.58,1.09
3,186.413,9.72,10.56,106.67,94.13,109.17,111.19,93.05,0.98,9.95,10.86,105.34,100.39,107.06,100.41,92.43,1.03
3,186.763,9.48,11.37,96.66,102.76,110.8,108.81,105.47,1.02,10.04,10.28,107.73,100.06,98.6,98.1,93.94,1.14
2,186.84,11.67,10.2,99.35,99.76,99.17,100.44,111.86,0.98,10.6,10.34,108.39,103.44,94.78,109.23,106.56,1.04
3,186.878,9.97,10.15,113.55,99.36,114.54,109.58,107.61,1.15,11.02,11.39,103.61,101.43,103.64,101.22,108.82,1.03
4,187.382,10.73,11.3,106.38,104.82,111.89,110.35,103.91,1.12,11.14,10.07,101.26,105.94,96.58,99.43,109.81,1.08
4,187.502,10.93,9.66,97.64,105.16,99.8,107.02,102.45,1.09,11.21,10.88,108.58,109.52,108.25,98.33,103.02,1.12
1,187.567,10.85,11.89,108.76,113.69,97.4,104.09,104.07,1.09,10.02,11.41,110.13,114.85,95.77,106.85,101.88,1.06
1,187.614,10.18,10.09,102.79,114.52,99.95,106.53,110.52,0.99,10.3,10.28,113.85,100.57,98.17,104.18,93.66,1.0
3,187.988,9.88,9.73,102.6,106.15,114.11,105.33,108.04,1.15,9.91,9.98,106.07,102.41,112.78,95.56,95.26,1.04
1,188.123,9.72,10.7,113.26,110.6,109.55,115.12,95.78,1.11,9.79,10.38,97.21,104.17,95.78,101.83,111.21,0.98
2,188.146,9.92,10.73,95.73,98.46,101.43,94.84,108.42,1.03,11.12,11.3,96.46,101.39,106.46,96.39,110.51,1.01
4,188.382,10.81,10.28,100.64,98.89,98.86,105.08,102.05,1.03,11.34,10.66,109.67,101.77,106.09,97.8,103.43,1.05
1,188.819,11.23,10.14,98.05,100.38,105.26,108.93,99.26,1.06,9.62,11.82,112.95,114.92,101.25,109.62,108.12,0.99
3,188.853,10.07,10.16,104.07,95.69,101.22,98.39,104.66,1.05,11.05,11.36,97.26,97.85,98.76,104.87,92.7,1.04
3,188.953,10.62,11.21,95.99,94.75,107.31,98.93,101.42,1.1,10.74,9.91,104.26,92.68,111.06,97.79,106.67,0.98
1,189.894,10.53,11.34,109.29,111.58,101.84,108.05,96.57,0.95,11.05,10.97,111.62,100.42,106.66,100.43,103.88,1.1
2,189.973,11.46,10.14,100.75,99.7,103.04,100.4,100.58,0.92,10.11,9.83,109.94,108.33,107.71,111.81,113.56,0.96
4,190.353,11.22,11.33,109.14,99.66,107.38,94.34,112.49,1.01,10.28,10.62,96.41,108.29,104.69,108.35,113.2,1.05
1,190.367,10.6,10.07,105.42,98.81,101.66,114.05,98.98,1.08,9.81,11.73,106.44,111.95,99.8,111.31,110.98,0.98
3,190.552,10.07,9.68,104.07,93.8,111.36,96.64,106.26,1.03,9.93,11.16,101.87,93.54,100.91,100.41,109.23,1.09
3,190.567,10.73,9.84,104.51,94.3,108.19,103.02,109.22,1.12,10.9,10.48,113.28,102.87,98.69,99.73,94.93,1.07
2,190.679,10.15,10.09,108.9,97.71,109.18,104.6,108.1,0.95,11.49,10.25,107.08,102.72,109.28,106.71,112.51,1.08
4,190.77,10.42,10.18,112.89,99.89,106.82,101.1,101.67,1.1,10.61,10.63,111.75,109.62,105.89,101.59,108.86,1.07
2,190.771,11.06,11.15,102.65,107.9,104.38,95.41,98.09,0.92,11.73,9.72,112.02,109.8,96.78,98.06,101.26,1.08
4,190.951,10.39,10.02,108.73,105.28,112.98,110.23,100.22,1.12,9.71,10.08,102.28,109.66,96.58,103.85,100.11,1.04
2,191.954,10.8,9.91,99.88,94.42,93.07,100.05,100.89,0.98,11.37,10.43,107.1,106.17,94.78,108.26,104.68,0.98
3,192.546,9.74,10.23,108.61,103.98,101.06,108.39,105.35,1.09,10.12,11.27,97.25,92.9,114.65,98.34,93.68,1.13
4,193.074,10.28,10.78,96.53,95.33,107.32,110.66,110.93,0.97,9.98,10.85,113.9,97.01,107.8,99.64,112.52,1.11
2,193.437,11.6,11.1,105.91,94.28,104.38,109.3,107.12,0.99,11.22,10.07,99.66,107.73,97.21,97.2,97.81,1.08
3,193.822,10.56,11.08,109.23,101.12,98.9,109.55,94.3,1.16,9.85,11.5,106.58,103.61,104.59,94.98,107.17,1.08
1,194.411,9.83,10.42,97.45,104.14,94.34,97.14,107.22,1.04,10.13,10.03,114.41,110.98,99.77,108.18,102.18,1.1
2,194.585,10.88,9.89,101.32,106.69,103.76,100.55,97.92,0.94,11.11,10.61,113.76,99.68,96.81,107.7,106.24,1.06
1,195.154,10.48,11.34,114.49,111.57,93.18,102.28,106.33,1.04,11.24,11.54,114.41,102.0,98.8,103.47,108.73,0.96
3,195.322,9.72,11.17,109.85,101.48,113.22,108.97,102.29,1.16,9.37,11.22,109.56,103.68,112.43,94.74,95.2,1.16
1,195.475,10.46,10.93,108.56,106.16,103.92,109.3,97.63,1.09,10.06,11.06,110.21,99.84,95.26,106.04,95.94,1.02
3,195.516,9.31,11.19,107.1,98.34,107.72,96.87,98.97,1.12,10.88,10.57,107.58,106.72,105.82,99.99,100.35,1.02
1,196.258,11.18,10.59,111.7,103.87,98.64,102.84,98.56,0.99,10.25,10.28,107.48,113.8,109.48,98.65,109.86,1.0
4,196.49,10.95,9.81,96.27,100.17,106.03,106.58,105.33,1.07,11.19,10.64,112.28,96.66,101.37,106.24,100.04,1.01
2,196.993,10.82,11.08,104.06,107.78,100.6,104.11,101.06,1.0,11.38,9.57,104.91,101.54,98.63,112.38,111.31,1.08
2,197.006,10.52,11.28,104.19,96.26,100.52,95.92,112.36,1.05,10.88,9.86,111.28,100.1,102.66,109.02,106.51,1.07
1,197.666,9.8,11.48,109.25,107.59,106.58,115.0,97.86,1.08,10.74,10.48,101.37,102.88,103.37,104.7,100.76,1.04
2,197.763,10.17,10.29,112.27,103.95,107.83,99.77,105.06,1.09,11.24,10.98,104.61,107.15,108.32,96.42,105.17,1.08
4,198.138,11.18,11.14,106.9,98.8,106.23,105.75,109.2,1.09,11.14,10.55,112.66,96.65,105.44,98.3,102.91,1.12
3,199.162,10.6,10.13,105.13,96.21,109.83,105.67,94.72,0.98,10.75,11.39,109.85,99.57,102.7,104.96,93.15,1.06
3,199.26,9.69,11.4,96.17,95.32,109.38,110.2,104.1,1.16,10.47,10.86,111.45,96.18,100.43,100.61,106.3,1.14
3,199.415,9.37,10.59,101.72,92.39,115.3,103.93,108.86,1.12,9.41,10.1,97.91,98.54,106.9,110.61,94.71,1.13
3,199.83,9.95,10.52,102.88,93.76,108.82,105.93,102.6,1.07,10.96,9.74,101.2,104.81,103.4,97.11,93.74,1.14
4,200.031,10.64,11.0,112.91,99.64,98.04,110.93,99.08,1.08,10.62,9.93,97.34,109.58,108.05,106.22,107.22,1.09
4,200.409,10.26,10.59,99.34,100.36,102.71,107.33,98.16,1.01,10.77,10.64,99.31,107.63,98.93,94.66,97.76,1.1
4,200.546,11.36,10.47,106.84,94.26,107.8,106.36,113.94,1.06,9.64,10.01,112.22,104.99,110.55,109.19,113.42,1.03
3,200.652,10.96,10.2,100.81,99.7,98.19,101.85,105.62,1.07,9.87,11.06,107.72,103.18,109.47,104.59,109.18,1.0
2,200.703,10.25,9.89,107.06,97.37,98.54,108.39,99.03,0.97,10.26,9.91,108.19,98.02,99.27,102.31,96.82,1.01
1,200.875,10.15,11.07,107.87,114.73,106.81,106.49,103.3,1.08,10.45,11.83,111.02,115.24,94.6,114.17,98.84,1.03
3,200.914,9.86,10.65,102.44,94.8,98.83,100.21,98.96,0.98,9.38,10.11,110.48,106.68,110.78,109.36,101.6,1.11
3,201.134,10.6,9.68,96.12,104.11,108.94,94.4,93.36,1.11,10.24,11.44,101.6,100.24,100.91,107.33,95.19,1.1
4,201.158,9.64,10.74,104.52,102.27,103.74,109.64,108.67,1.1,10.01,10.38,102.69,107.22,104.18,94.65,101.78,1.01
4,201.497,10.77,11.09,101.6,93.53,108.72,105.43,105.77,0.98,10.63,10.7,104.63,103.81,97.6,107.42,113.42,1.05
3,201.722,10.4,10.11,111.36,106.53,113.52,103.32,103.11,0.99,10.51,10.66,102.24,102.99,109.38,100.01,94.54,1.1
1,201.805,11.26,10.96,101.92,115.02,98.1,101.94,103.56,1.0,10.27,10.26,108.13,110.36,98.27,107.63,100.52,1.08
2,201.959,10.63,11.08,105.03,103.37,102.0,94.96,104.64,1.01,11.12,10.47,103.75,104.85,102.94,109.09,98.96,1.07
3,202.331,9.72,10.68,96.14,99.51,109.62,102.2,103.41,1.11,10.73,11.2,111.06,97.37,100.39,94.01,92.48,1.11
4,202.362,9.68,10.95,101.81,106.72,110.96,109.88,102.09,1.04,10.63,11.14,113.83,100.58,101.94,105.61,104.66,1.1
1,203.0,10.97,10.94,106.4,107.39,96.21,112.52,110.52,1.04,9.9,11.88,104.97,103.87,93.25,100.25,103.29,1.11
1,203.569,10.77,11.06,105.42,100.24,100.06,99.84,109.67,0.97,10.66,11.43,108.32,108.33,100.84,101.94,110.43,1.05
1,203.655,9.84,10.02,97.25,98.83,99.27,110.18,94.41,1.04,11.25,10.02,110.07,108.18,94.34,109.33,110.34,1.03
2,204.329,10.74,11.28,103.95,107.95,103.66,109.92,102.5,1.0,10.36,10.84,104.66,102.82,99.95,109.99,103.26,1.07
2,204.905,10.74,10.49,107.08,96.62,95.33,97.14,98.16,0.98,11.25,11.14,98.03,96.66,102.44,106.23,105.64,1.06
3,205.072,9.37,11.36,96.73,93.94,103.03,110.92,104.61,1.12,10.46,9.81,110.02,94.04,105.12,97.4,94.2,1.03
4,205.165,10.01,10.7,98.7,96.13,112.94,107.38,104.74,0.96,10.77,9.98,109.69,107.18,98.66,98.71,104.75,1.03
2,205.272,11.19,11.07,109.11,101.1,104.06,98.38,96.8,0.94,11.71,10.44,106.24,97.62,97.21,96.35,102.65,1.01
1,205.611,10.88,10.95,99.46,105.56,98.62,114.18,107.68,1.09,10.8,11.27,99.45,113.31,103.77,112.84,105.95,1.08
3,205.822,10.53,9.97,100.18,103.25,103.59,100.32,95.2,1.05,10.48,11.29,101.91,95.5,105.86,97.44,96.76,0.98
1,206.125,10.41,10.98,104.86,109.97,104.05,98.63,102.71,1.01,11.24,11.88,96.9,101.38,97.19,107.65,94.96,1.06
4,206.125,11.21,10.16,104.34,100.6,108.28,97.04,109.68,1.09,10.91,9.9,112.35,110.36,105.82,101.38,113.97,0.98
3,206.259,10.88,10.33,111.51,104.71,115.87,107.84,96.8,0.99,10.12,10.71,100.18,101.94,109.82,107.02,109.19,1.05
1,207.175,10.68,10.63,111.34,104.64,100.57,97.92,94.96,1.01,10.89,10.28,104.44,104.47,105.6,114.85,103.6,1.07
1,207.414,10.24,11.79,107.04,103.82,95.45,100.78,98.14,1.05,9.66,11.06,98.9,97.94,95.15,109.83,105.34,1.01
1,207.606,9.59,10.96,97.97,100.26,100.47,99.34,106.2,1.02,10.25,11.58,102.08,116.03,106.31,100.2,95.97,1.04
2,207.678,11.38,10.75,109.11,96.42,92.43,106.86,103.24,0.95,11.11,9.98,106.59,107.95,105.94,100.3,108.89,1.05
2,208.005,10.44,10.79,96.71,100.27,97.62,105.2,100.12,0.94,10.71,9.7,110.45,103.56,95.45,98.33,100.2,1.07
1,208.132,10.65,10.23,114.67,108.97,108.76,96.95,94.05,0.95,10.24,10.37,113.91,102.84,100.14,102.33,107.72,1.11
4,208.218,11.17,10.47,107.72,96.0,106.9,109.32,112.77,0.95,10.21,9.74,104.14,103.81,104.32,98.96,101.76,1.03
2,208.258,9.99,10.88,96.08,99.0,94.61,104.66,100.48,0.93,11.53,10.66,99.86,100.5,108.7,103.14,111.15,1.07
2,208.316,10.93,10.95,102.5,94.13,108.53,103.74,98.73,1.05,10.11,11.3,102.71,93.94,100.34,102.83,99.97,1.07
2,208.496,11.36,11.01,112.22,95.62,98.77,100.86,113.68,1.02,11.38,10.61,98.09,102.72,96.39,106.47,110.7,1.06
4,210.413,11.12,10.22,110.24,94.8,96.31,99.11,105.44,1.04,9.65,11.14,101.04,104.47,107.97,100.89,100.53,1.1
3,210.643,9.64,10.79,111.64,92.96,102.34,102.7,98.96,1.07,10.53,11.07,110.82,94.74,112.2,110.17,92.24,1.06
3,210.835,9.78,11.02,105.93,106.69,115.51,102.56,105.24,1.03,10.35,10.54,99.04,101.12,100.56,103.16,92.73,1.13
1,211.02,9.77,10.49,107.5,98.5,93.72,96.8,108.34,0.99,9.56,11.46,99.12,109.26,99.49,109.55,98.82,0.95
4,211.165,10.45,9.66,105.32,103.0,112.07,102.64,102.7,1.04,11.15,10.08,108.51,106.0,104.69,95.56,109.67,1.12
3,211.896,9.49,10.68,99.35,92.72,101.37,107.62,102.93,1.0,9.8,10.09,112.88,95.29,99.84,109.46,107.79,1.06
3,212.072,10.91,9.9,109.65,103.29,115.63,109.68,109.22,1.02,10.25,10.48,106.67,102.19,109.46,107.24,104.61,1.05
4,212.881,9.88,10.35,96.56,102.58,99.94,107.62,97.25,1.04,9.65,10.9,108.49,97.89,99.44,106.27,109.04,1.07
4,212.891,10.25,10.28,96.23,105.4,97.71,100.43,97.88,0.96,10.56,10.2,101.84,108.48,101.69,103.88,102.31,1.11
2,213.559,11.29,9.77,105.45,101.14,99.69,94.71,101.37,1.08,10.25,10.95,110.8,96.72,94.74,108.92,100.74,1.02
1,213.862,11.11,10.89,96.79,116.25,96.81,105.73,109.76,1.02,10.73,10.41,102.85,108.02,97.76,102.72,95.36,1.11
3,214.099,10.97,11.47,109.83,99.08,100.4,99.03,104.32,1.0,10.31,10.72,101.84,94.82,105.65,100.04,106.46,1.05
1,214.239,10.79,11.05,104.97,115.7,99.8,98.54,105.16,0.95,10.03,11.16,105.01,105.4,106.84,97.74,110.8,1.07
4,214.246,10.0,10.74,107.9,100.09,98.07,95.94,105.23,1.06,11.17,10.88,112.41,103.62,105.42,105.41,109.45,1.07
2,214.306,9.9,10.72,100.4,110.1,100.12,101.28,111.87,1.05,11.09,9.71,96.37,98.23,94.59,95.15,98.53,1.06
1,214.319,10.47,10.55,99.92,100.67,105.17,115.11,105.67,1.08,9.61,11.05,104.15,101.34,94.7,113.68,104.87,1.1
3,214.552,9.63,11.02,103.02,98.35,107.52,101.99,101.37,0.99,10.31,10.41,112.75,96.35,104.78,100.88,95.12,1.0
3,214.734,10.87,11.2,109.47,103.86,109.47,108.77,92.91,1.03,9.71,10.19,100.28,97.07,112.85,107.34,102.43,1.13
3,214.749,10.19,11.18,95.88,107.52,115.0,106.47,107.51,1.09,9.9,10.18,98.34,96.76,111.32,106.16,95.43,0.98
4,214.919,10.29,10.55,98.37,104.28,110.07,103.16,105.76,1.06,10.2,11.32,111.27,96.17,107.3,104.29,105.62,1.13
2,214.981,10.19,10.84,109.37,94.33,107.89,108.53,109.45,1.0,10.06,11.35,102.91,98.16,94.78,98.52,102.94,1.02
4,215.249,10.01,10.1,108.14,107.76,110.33,100.12,110.35,1.07,11.02,10.49,113.51,99.8,106.29,109.92,107.89,1.12
3,215.45,10.74,10.76,99.06,91.7,98.44,104.01,97.7,1.08,9.95,9.72,107.92,106.31,101.92,107.73,99.62,0.99
3,215.86,10.6,11.43,104.81,98.04,111.14,107.34,99.34,1.12,9.61,10.41,104.97,93.54,102.13,104.76,105.0,1.09
3,215.942,10.91,11.14,100.33,102.43,113.78,99.3,92.36,1.15,10.53,10.57,106.89,97.04,105.76,95.5,105.36,1.06
2,216.085,11.31,10.84,111.25,105.67,109.86,95.73,106.38,1.01,10.42,10.22,95.97,96.66,98.78,97.72,106.88,1.0
3,216.148,10.52,10.49,108.96,106.31,109.45,104.8,108.04,1.15,10.21,10.97,100.46,92.72,106.18,100.88,95.63,1.09
1,216.201,10.15,11.78,98.14,103.33,105.51,111.08,94.98,1.02,10.55,10.46,108.83,101.24,109.06,103.37,94.99,1.02
4,216.421,11.19,10.58,96.81,93.21,110.48,96.84,97.44,1.07,10.99,10.93,112.87,102.17,113.7,111.12,99.23,1.03
3,216.437,10.53,11.05,96.02,104.03,116.19,107.2,104.03,1.0,10.86,10.09,107.52,103.95,98.32,110.12,103.82,1.11
3,216.448,9.41,9.97,109.1,95.76,103.78,106.6,96.27,1.06,10.82,10.02,100.54,98.68,115.94,110.7,100.58,1.06
4,216.519,11.31,10.85,106.64,97.15,96.34,109.65,111.44,1.01,9.81,10.3,104.67,99.3,102.13,103.87,101.68,1.13
1,218.317,10.47,10.85,100.32,112.24,93.41,104.57,104.97,1.03,9.89,11.04,114.26,106.95,105.54,106.49,103.65,1.05
2,218.447,10.74,10.29,104.49,100.3,106.23,96.11,96.0,0.98,10.48,10.65,97.74,109.96,99.22,110.4,108.61,0.96
2,219.09,10.32,11.08,106.13,102.82,99.27,105.26,106.24,1.06,11.14,9.68,95.63,102.22,94.51,102.34,96.54,0.92
4,219.299,10.09,10.21,113.42,97.44,111.63,110.38,104.64,1.11,10.33,10.99,104.29,107.48,108.59,100.85,104.72,1.04
3,219.416,9.61,10.53,98.64,101.12,108.89,100.32,106.26,1.04,10.44,10.22,105.9,102.6,102.34,102.89,93.77,1.07
2,219.558,11.3,10.58,112.58,105.48,98.56,101.06,104.74,1.01,11.7,9.59,112.49,97.9,108.5,108.7,110.39,1.01
4,219.932,10.93,11.06,98.68,103.81,105.45,95.51,101.14,0.99,10.25,10.51,105.32,104.47,102.92,110.67,98.35,1.07
2,220.16,11.13,11.05,101.52,109.93,99.4,103.24,105.82,1.08,10.37,10.91,102.03,99.76,98.27,111.19,103.63,0.98
1,220.448,9.66,11.5,114.92,99.74,106.41,104.1,95.44,0.96,10.2,10.18,100.52,101.08,99.95,111.45,95.53,0.96
3,220.752,10.35,10.83,96.14,101.78,103.16,99.56,103.41,1.04,10.4,10.84,111.78,104.44,100.08,102.55,99.15,1.07
2,220.828,11.2,11.35,106.82,93.26,106.61,99.34,104.16,1.03,10.09,10.25,111.2,109.57,108.63,102.46,96.16,0.98
4,220.836,10.24,11.2,99.75,96.57,112.09,111.12,97.25,1.04,10.45,10.35,96.22,100.36,113.58,96.36,113.36,1.1
2,220.992,11.7,10.71,96.95,105.38,105.54,111.7,101.94,0.97,10.25,10.64,112.24,104.59,107.53,99.76,100.05,0.96
3,221.561,10.77,10.59,97.99,91.85,106.04,97.6,93.87,1.08,10.86,10.88,106.88,98.53,109.68,103.8,96.2,1.05
1,221.707,10.19,10.44,112.74,111.46,98.09,114.85,98.22,0.96,9.67,11.87,100.59,114.22,108.42,111.8,96.93,1.12
4,221.946,10.45,10.07,105.62,95.06,106.73,109.52,105.9,1.04,10.24,10.13,105.46,96.42,96.78,101.06,110.0,1.0
2,222.134,10.61,11.36,107.06,99.03,103.25,100.31,109.24,0.94,11.34,10.21,107.22,106.11,101.21,102.5,97.88,1.1
1,223.253,9.57,10.35,109.9,101.83,100.9,98.3,98.13,1.02,10.42,10.8,98.1,109.95,98.8,112.49,93.92,1.07
1,223.283,9.9,11.48,109.48,102.3,103.44,106.68,108.51,1.06,11.02,10.01,111.13,104.98,110.1,113.61,108.51,1.0
2,223.339,11.47,10.03,113.76,110.12,105.79,105.58,104.61,1.07,10.1,10.15,98.87,99.6,99.4,96.6,111.54,1.07
4,223.402,9.97,10.26,97.59,109.78,99.75,103.64,111.41,1.06,11.34,10.58,102.46,97.58,96.85,109.96,100.56,0.96
4,223.429,9.59,9.58,111.88,94.68,109.05,101.97,107.08,1.02,11.32,11.32,105.47,93.53,113.8,107.41,101.63,1.1
3,223.67,10.72,10.29,104.42,92.83,113.44,96.1,98.65,1.11,10.94,11.17,98.9,92.02,115.72,94.89,105.7,0.99
3,223.992,10.94,10.7,112.26,94.71,106.07,95.3,92.87,1.05,9.78,10.23,101.7,103.86,105.03,109.39,95.7,1.13
1,224.126,10.02,11.47,103.54,106.6,99.69,109.3,98.33,1.03,9.82,10.67,108.48,111.33,102.58,101.16,100.02,1.01
2,224.303,11.32,11.21,107.21,93.18,107.0,104.22,109.98,1.03,10.49,11.16,112.27,98.07,105.88,109.72,101.46,1.07
3,224.697,10.81,10.68,104.61,92.06,105.41,95.53,95.73,1.08,10.08,9.7,100.92,104.13,104.87,102.56,106.27,1.0
3,224.718,10.79,9.78,99.48,95.97,110.76,104.46,94.56,1.06,10.23,11.04,102.78,101.32,105.32,100.84,96.46,1.05
4,224.776,11.02,10.13,108.82,93.93,112.33,105.5,109.35,0.97,10.44,10.75,104.63,107.07,113.76,104.95,101.5,1.03
2,224.84,10.91,10.39,103.19,98.88,109.4,100.36,107.93,0.94,10.07,10.33,107.18,93.12,92.5,104.9,103.3,1.04
3,225.17,9.95,9.84,103.1,102.92,109.34,101.6,94.55,1.03,10.54,11.27,108.04,95.31,103.73,105.48,102.41,1.1
3,225.172,9.76,11.48,95.67,97.2,112.3,94.89,98.73,1.05,11.01,10.47,98.9,104.04,114.42,107.48,95.55,1.14
3,225.416,10.84,10.16,105.51,98.92,98.83,108.38,101.6,0.99,11.02,10.28,112.62,101.08,107.7,102.53,109.19,1.04
2,225.6,11.18,10.4,100.75,94.94,107.75,108.21,105.64,0.96,10.96,9.98,113.19,106.69,103.84,105.29,100.74,1.08
1,225.707,9.75,10.31,112.36,109.9,102.39,108.01,109.1,1.02,10.87,11.01,97.07,115.12,97.14,110.06,103.45,0.96
2,226.397,11.19,10.49,102.53,97.9,105.02,106.71,110.26,0.94,9.97,11.22,105.05,101.19,107.64,110.67,108.73,1.07
4,227.12,10.0,10.75,98.68,95.05,111.32,103.74,110.18,1.01,10.45,10.09,100.94,94.71,113.73,108.44,105.56,1.0
2,227.205,11.72,10.88,111.85,110.0,101.29,100.29,100.92,1.06,10.94,9.94,101.14,109.96,96.82,111.02,113.37,1.02
4,227.406,10.83,9.98,112.44,94.45,97.81,104.82,101.57,0.98,11.08,10.47,103.69,102.82,110.58,103.54,105.9,1.05
1,227.547,10.2,11.0,113.85,115.31,94.2,108.78,109.45,1.01,9.92,11.2,106.16,101.34,107.55,99.0,109.45,1.04
1,227.84,11.18,11.01,112.32,112.16,105.97,102.29,106.7,1.1,9.92,10.53,101.71,99.07,95.86,111.88,98.4,1.1
4,227.95,10.75,10.19,104.5,93.51,111.63,110.91,101.77,1.04,9.65,9.85,109.98,105.46,111.99,108.73,101.32,1.08
1,227.96,11.13,10.96,114.51,102.0,93.7,108.66,105.22,0.98,11.03,10.4,113.28,102.64,109.62,112.31,103.65,1.11
2,228.116,10.52,10.56,105.17,96.26,99.74,111.89,104.34,0.96,10.88,11.28,97.8,97.29,104.27,111.67,96.45,1.01
4,228.648,10.45,10.59,108.77,100.82,108.9,103.94,100.49,0.99,9.98,10.97,104.81,102.09,103.35,111.95,112.34,1.0
1,228.733,9.82,10.7,97.36,115.49,98.1,114.02,109.22,0.94,10.24,11.74,97.72,103.71,99.43,99.12,95.17,1.08
4,228.771,9.97,10.4,104.29,93.93,104.0,104.73,101.79,0.98,9.61,10.39,95.89,110.04,99.46,111.36,102.69,1.01
2,229.13,10.29,10.81,102.65,98.96,100.38,103.06,98.95,1.04,11.35,10.28,109.21,98.25,100.56,111.71,100.83,0.97
4,229.34,10.04,11.23,109.14,107.99,111.29,111.46,113.98,1.01,10.16,10.21,98.11,97.81,100.43,102.33,97.31,1.09
4,229.621,10.7,10.55,112.61,103.0,107.44,98.73,110.3,1.02,11.39,11.25,100.98,109.52,111.61,97.89,109.21,1.1
4,229.667,10.42,10.73,98.81,106.74,111.54,104.63,108.8,1.12,10.65,11.17,96.56,103.56,95.99,104.72,109.73,1.08
4,230.197,9.71,11.2,112.2,93.26,98.18,109.69,111.66,1.1,10.63,10.38,112.61,109.19,104.67,110.37,101.41,0.96
1,230.267,11.21,10.16,106.59,109.5,102.62,100.02,108.47,0.97,10.24,10.11,104.59,101.9,96.36,106.78,98.0,1.1
4,230.978,10.3,10.65,101.75,100.51,97.37,111.22,111.36,0.98,9.89,10.47,103.97,102.09,110.66,98.18,112.72,1.01
4,231.095,10.89,10.56,112.21,95.22,106.67,102.91,112.76,1.04,11.39,10.89,97.81,103.28,95.92,108.97,107.0,1.09
1,231.679,10.25,11.77,114.51,102.82,104.3,102.84,95.98,1.01,10.88,10.7,114.39,100.38,98.48,112.7,103.3,1.06
2,232.331,11.56,9.66,105.6,107.93,108.1,110.31,98.73,1.01,10.37,11.05,99.09,110.0,106.96,96.32,107.95,1.0
4,232.514,11.12,10.46,107.5,101.46,102.99,99.46,109.04,0.96,10.85,9.58,106.05,102.94,110.08,101.06,109.13,1.1
3,232.588,9.52,10.47,95.62,96.0,102.18,94.74,107.57,1.03,10.35,10.22,110.82,93.39,111.27,101.24,108.95,1.02
3,232.714,9.46,10.81,99.35,103.25,111.1,94.0,96.91,1.11,9.3,10.94,105.85,108.24,116.11,98.13,93.87,1.1
4,232.739,11.04,10.54,97.7,104.72,100.36,98.73,112.97,1.06,11.18,10.83,101.36,103.81,112.71,111.12,115.34,1.04
2,232.98,11.15,10.63,99.69,96.0,104.35,105.1,100.18,1.0,10.07,11.31,113.25,102.31,105.38,106.82,104.82,0.95
4,233.229,10.13,11.11,108.58,100.02,111.47,107.02,108.39,0.98,9.58,9.86,113.19,105.45,109.18,102.5,97.45,1.05
2,233.859,10.97,10.24,98.19,104.95,102.52,107.31,106.88,1.02,10.3,11.31,99.86,99.75,108.45,99.08,105.31,1.06
1,233.96,10.92,10.19,99.9,114.84,94.3,97.74,106.37,1.11,9.54,11.83,99.92,107.02,106.24,100.47,109.53,0.99
4,234.191,11.38,10.21,103.69,98.03,111.36,94.56,100.09,1.06,11.0,10.79,102.26,107.22,105.9,95.79,110.18,0.97
1,234.326,11.02,11.2,110.14,103.16,108.99,100.03,98.68,1.12,11.3,10.35,108.33,109.14,105.9,113.33,94.96,1.06
2,234.33,10.29,11.2,113.76,94.55,108.54,100.52,98.75,1.06,11.36,10.78,104.06,96.09,94.83,105.55,111.12,1.06
2,234.348,10.81,9.75,101.14,105.38,106.8,98.41,98.8,1.05,11.67,9.88,113.34,105.73,97.23,99.39,98.25,1.1
1,234.361,10.88,10.27,98.77,107.5,106.57,99.56,95.46,1.0,11.08,10.41,112.65,105.94,103.74,104.73,106.23,1.09
1,234.412,10.81,10.24,112.24,109.86,104.17,113.91,97.15,1.07,10.07,11.21,109.94,105.29,107.88,104.88,110.56,0.96
4,234.665,10.07,11.33,112.86,98.27,110.2,106.36,109.99,1.03,10.39,9.57,97.04,103.63,103.64,105.63,112.82,1.07
4,234.857,11.19,11.24,103.58,106.63,107.07,102.5,110.29,1.08,9.9,11.2,96.32,106.97,103.39,100.83,99.52,1.08
1,234.96,10.1,11.79,110.42,99.38,97.3,107.64,97.88,1.01,11.1,11.26,109.62,99.89,96.56,109.02,96.73,1.0
2,234.981,10.72,11.1,103.75,98.84,99.25,102.91,104.68,1.1,10.58,11.36,96.9,99.8,106.15,100.29,102.02,1.08
4,235.878,10.89,9.72,111.08,102.44,111.29,109.75,109.0,1.1,11.38,11.11,111.42,102.09,104.62,98.68,106.22,0.98
3,235.965,9.35,10.89,101.72,98.53,111.1,105.75,103.33,1.03,9.86,9.72,111.22,99.76,112.47,106.44,107.09,1.01
4,236.0,9.82,10.61,104.25,96.76,108.9,99.91,102.17,1.12,10.83,10.56,110.09,97.3,98.66,103.98,97.03,1.05
3,236.342,10.78,9.85,110.04,100.85,111.66,102.99,108.5,1.13,9.89,11.02,104.29,99.93,112.47,95.5,93.74,1.09
2,236.359,10.71,11.08,107.22,105.4,109.65,106.85,107.89,0.93,10.81,11.0,101.66,96.88,107.08,101.08,113.41,1.0
2,236.402,11.42,10.16,102.86,100.16,108.56,104.76,113.68,1.08,10.43,10.04,110.24,96.83,103.88,108.21,106.76,0.98
4,236.61,10.65,10.33,107.31,106.72,96.16,94.27,101.66,0.98,10.83,10.78,112.77,97.59,105.21,99.73,108.8,0.97
1,236.871,10.79,11.37,112.9,98.94,96.39,106.77,106.16,1.02,9.76,10.98,114.25,105.61,100.97,113.35,105.0,1.03
4,236.99,10.69,9.97,95.94,102.83,111.32,108.93,98.92,1.05,10.42,11.18,108.2,109.16,110.8,97.16,112.75,1.12
4,237.829,10.05,10.92,106.11,97.13,112.41,99.8,104.64,1.1,9.77,11.3,99.61,102.75,99.44,101.5,105.71,1.11
2,239.845,10.1,11.04,112.84,98.43,95.18,98.33,100.24,0.94,11.35,9.72,96.01,93.3,99.63,101.37,107.67,0.96
2,239.855,10.75,11.18,112.58,103.85,102.1,107.42,109.37,0.92,11.24,11.33,97.13,100.3,94.14,107.45,101.7,0.96
3,240.015,9.88,10.44,100.06,92.43,115.0,110.48,92.85,1.11,11.04,11.47,112.22,102.46,112.93,103.56,106.72,1.1
3,240.151,9.36,9.76,104.79,101.03,109.52,94.76,95.82,1.03,10.45,10.12,108.04,98.73,98.46,95.02,95.96,1.13
1,240.21,10.02,10.62,113.2,104.14,104.82,106.95,107.83,1.0,10.35,10.43,112.79,107.73,93.48,108.66,110.8,1.08
2,240.271,11.38,9.87,111.66,104.07,109.2,101.33,97.91,1.08,11.34,10.39,109.08,103.41,99.69,98.52,107.25,1.1
3,240.354,10.82,10.96,98.12,105.5,116.0,94.88,95.37,1.01,9.82,10.15,108.09,100.88,99.65,106.78,106.88,1.03
2,241.0,10.32,9.56,96.91,100.04,107.33,97.77,104.17,0.98,10.78,11.02,109.22,110.13,93.94,98.21,109.06,0.99
1,241.109,10.65,10.47,108.72,102.84,95.89,109.4,97.25,1.1,10.74,11.17,104.52,107.01,107.98,101.89,101.68,0.98
1,241.246,10.3,10.97,97.71,112.24,93.14,111.92,102.49,1.09,10.7,10.17,99.18,110.19,105.18,97.21,99.18,1.11
1,241.569,11.28,10.32,110.15,104.25,94.75,107.74,98.22,0.94,10.4,10.99,102.5,111.45,102.5,103.68,96.83,1.05
4,241.661,10.63,10.95,111.51,107.33,106.4,99.91,106.19,1.01,9.83,9.6,109.23,109.6,101.75,104.21,108.23,0.97
2,241.69,11.74,9.9,96.5,99.12,108.33,106.93,100.78,1.0,11.66,10.87,102.28,110.38,95.45,100.64,97.66,0.93
4,242.141,10.57,9.54,96.06,107.91,101.75,107.42,101.4,1.13,9.9,11.28,105.94,106.13,113.93,104.99,97.2,0.96
3,242.485,10.84,9.79,96.31,104.86,115.31,107.2,108.76,1.12,9.72,10.13,104.54,99.6,116.09,100.18,103.91,1.09
3,242.552,10.4,10.36,107.24,100.51,103.43,109.22,97.48,1.01,9.46,10.5,101.62,96.28,114.89,94.86,95.1,0.99
1,242.708,9.59,10.18,112.2,115.2,104.46,99.97,100.52,0.96,11.21,10.38,99.46,103.67,106.64,106.11,105.54,1.01
2,243.171,10.6,10.32,106.21,101.43,108.4,107.31,102.01,1.09,10.6,10.99,108.52,100.64,108.58,104.36,97.12,1.0
4,244.169,9.79,10.74,108.46,104.17,99.46,111.08,114.01,0.96,10.3,10.02,103.68,98.79,107.71,105.4,103.07,1.02
2,244.595,11.64,10.45,103.63,98.77,97.47,97.02,110.14,0.95,10.91,9.81,111.37,99.8,106.08,101.96,106.67,0.98
1,244.715,9.88,10.73,100.97,106.51,96.36,103.32,96.26,1.04,9.64,11.09,113.14,109.86,97.3,101.41,99.65,1.08
1,244.77,10.73,11.64,106.6,113.83,109.7,111.34,109.38,1.01,9.86,10.38,105.36,106.68,102.9,101.4,104.33,1.02
4,245.082,10.25,10.45,104.36,95.32,103.39,106.66,112.4,0.98,10.22,10.07,101.5,99.04,100.12,100.81,105.08,0.99
3,245.251,9.5,10.96,110.04,102.16,106.13,104.89,107.83,1.1,9.49,10.76,98.45,94.71,109.59,102.99,105.06,1.1
1,245.293,9.62,11.35,112.81,100.18,108.54,110.09,93.81,1.02,11.2,10.47,100.72,103.71,95.83,100.82,102.37,1.08
4,245.743,11.29,10.84,99.39,98.32,96.06,107.67,104.05,1.02,10.09,10.41,99.77,96.76,96.07,100.73,99.52,0.99
4,245.832,9.69,11.33,107.47,110.27,101.52,104.95,111.53,1.03,9.64,10.65,107.46,110.57,100.3,109.64,112.77,1.06
3,246.349,9.7,10.4,111.41,106.15,113.69,109.11,102.6,1.03,10.79,9.76,106.46,92.83,102.91,106.72,107.74,1.11
4,246.407,10.19,11.04,97.4,106.4,103.58,96.94,112.49,1.08,10.97,9.73,100.1,95.33,111.29,99.64,115.18,1.12
2,246.436,10.06,10.88,107.54,97.62,104.01,96.44,96.03,1.08,10.25,9.68,96.48,107.48,98.4,97.77,109.58,1.03
4,246.574,11.31,10.32,106.32,98.45,111.66,98.15,102.12,1.06,9.64,9.99,105.47,107.64,111.24,109.3,109.78,0.98
3,247.127,10.21,11.42,111.24,95.42,115.57,103.13,106.29,1.12,10.78,10.11,101.2,107.52,105.68,109.85,95.47,1.09
4,247.678,9.65,9.91,100.03,101.0,109.7,95.24,102.76,1.06,10.29,10.88,100.69,96.48,109.47,100.56,106.95,1.09
2,247.7,10.78,11.15,105.94,99.11,99.24,97.31,99.26,0.93,10.71,10.22,101.64,97.01,98.33,102.73,112.04,1.01
4,247.845,10.61,10.93,113.88,93.93,106.73,104.93,105.74,0.97,10.88,9.73,110.97,110.06,106.36,96.3,110.5,1.06
2,248.047,10.77,11.19,97.83,109.84,106.63,103.32,107.51,1.05,11.67,9.95,104.44,105.54,108.5,109.8,109.51,1.05
3,248.308,9.66,11.04,111.96,103.2,112.43,111.6,92.89,1.05,9.32,10.23,104.91,108.46,102.96,111.28,109.15,1.05
1,248.323,9.64,10.26,106.4,112.71,98.71,110.09,102.23,1.1,10.21,10.77,115.14,100.62,97.5,110.01,96.88,1.02
3,248.538,10.28,9.7,111.06,103.59,98.46,102.54,104.1,1.03,10.66,10.2,106.01,97.36,100.98,110.17,105.4,1.13
2,248.867,11.29,11.07,109.99,104.06,95.86,102.46,100.97,0.92,10.7,11.04,100.48,107.93,108.5,112.26,107.35,1.02
1,248.947,9.62,10.63,113.19,100.61,107.68,114.08,105.65,0.99,10.02,10.93,98.85,112.89,97.16,113.05,98.13,0.98
3,249.368,9.49,11.11,102.14,94.13,110.21,101.13,107.51,1.03,10.41,10.25,100.46,96.48,106.88,97.0,100.25,1.01
1,249.593,9.52,10.97,102.74,98.61,99.69,112.31,107.07,1.03,9.75,11.68,97.27,113.44,108.67,104.64,102.16,0.97
2,249.677,10.17,10.36,103.05,101.02,103.29,101.35,101.09,1.05,10.84,9.63,95.73,93.09,98.58,101.73,96.34,0.92
1,249.74,10.88,11.85,98.1,102.07,99.4,103.18,111.09,0.95,10.55,11.35,114.67,99.5,98.27,106.11,102.42,1.0
4,249.773,9.98,9.99,100.82,94.83,111.53,96.0,112.74,1.01,11.07,10.9,112.76,103.09,97.93,111.82,99.49,1.01
2,249.889,10.88,10.86,97.57,107.01,106.86,102.51,97.88,1.05,10.11,10.67,101.04,98.07,104.72,105.28,109.15,1.06
1,249.914,10.17,10.86,102.83,105.62,100.84,107.43,109.67,1.06,11.28,11.81,102.08,112.89,98.69,113.49,96.61,1.03
1,249.978,11.03,11.47,106.07,111.14,104.57,110.18,97.82,1.0,10.81,11.19,98.63,103.16,109.9,102.57,100.89,1.08
3,250.1,11.02,10.23,113.72,101.25,113.02,96.48,99.46,1.16,9.43,10.54,108.09,106.95,104.24,109.36,94.54,1.05
3,250.133,10.65,10.08,99.76,100.03,103.13,98.93,100.39,1.08,9.64,10.37,101.62,102.16,106.71,94.73,94.12,1.13
4,250.213,9.9,10.16,98.25,102.17,113.77,111.78,98.29,0.96,10.25,9.54,105.47,100.69,106.39,98.91,107.79,0.97
2,250.401,9.93,10.71,106.53,97.65,98.19,94.55,99.19,0.98,10.41,10.27,101.22,109.16,99.64,95.97,111.18,0.94
4,250.409,10.5,11.15,106.38,103.05,109.99,108.15,115.3,1.1,10.0,10.17,105.32,102.02,110.67,106.64,101.63,1.12
3,250.457,9.53,10.94,98.08,94.31,114.11,108.83,106.36,1.0,10.95,10.72,103.37,99.94,103.14,100.63,106.26,1.16
3,250.591,9.87,9.97,111.99,103.87,99.26,99.42,105.79,0.98,9.41,11.5,100.92,104.9,106.88,108.25,104.66,1.01
3,250.936,10.3,11.15,102.43,100.04,108.64,107.2,96.85,1.06,9.39,10.54,96.95,106.15,105.34,99.0,96.23,1.0
1,251.27,10.55,10.69,106.59,105.56,94.78,98.21,109.22,1.04,10.3,11.41,113.5,99.23,94.74,99.98,104.87,1.08
1,251.498,9.95,11.63,107.5,102.82,103.93,112.2,97.35,0.97,9.6,11.47,113.03,98.43,95.44,114.69,98.2,0.95
1,252.492,10.13,11.67,110.15,106.98,94.47,111.96,94.8,1.07,10.3,11.27,102.54,98.18,104.04,103.27,104.01,1.11
1,252.493,11.12,10.41,113.36,108.65,100.53,103.69,99.01,1.1,9.96,10.19,109.56,103.67,100.28,109.33,99.01,1.0
2,253.011,11.14,10.37,100.53,97.58,108.54,98.13,110.43,1.08,11.35,10.02,101.27,95.63,102.12,102.37,105.11,0.97
3,253.531,9.87,10.58,113.31,100.48,98.98,107.86,94.36,1.14,9.58,10.39,99.7,106.21,100.91,110.61,105.56,1.13
2,253.54,9.98,10.23,99.68,109.34,100.17,106.85,97.67,0.97,10.78,9.7,112.24,105.8,102.39,94.61,111.5,1.06
1,254.334,10.1,10.47,100.28,113.69,93.2,108.06,104.86,1.09,9.71,10.03,115.09,100.07,103.21,112.25,102.88,0.97
3,254.345,10.75,9.99,104.47,91.57,111.31,96.0,96.91,1.1,9.88,10.94,104.68,93.93,99.4,95.15,92.25,1.14
3,254.554,10.38,10.15,100.23,102.01,114.83,95.43,101.49,1.06,10.28,9.8,99.03,107.98,107.35,99.25,102.51,1.01
2,254.629,10.39,10.89,109.96,105.16,98.56,106.27,104.66,0.95,11.04,11.2,109.83,108.01,100.07,111.32,105.49,1.01
4,254.813,10.82,11.31,109.12,96.11,97.05,105.43,105.64,1.01,9.91,10.24,110.47,105.22,100.3,98.24,110.92,0.96
4,255.032,10.52,11.14,113.83,93.3,103.15,94.98,105.65,1.05,10.09,9.57,110.21,108.94,99.72,106.52,112.76,1.08
4,255.052,9.64,10.9,102.31,95.56,102.04,111.95,112.83,0.96,9.93,10.46,110.64,96.67,110.34,101.37,103.81,1.06
2,255.118,11.54,10.43,111.66,100.19,95.45,110.71,99.12,0.98,11.33,9.91,95.63,95.54,96.25,105.77,102.81,1.08
1,255.348,10.19,11.05,104.03,108.92,98.79,113.53,93.53,0.96,10.31,10.49,106.81,101.08,104.14,114.04,107.79,0.98
4,255.644,9.98,10.51,97.92,99.88,103.22,96.75,107.67,1.08,9.68,11.28,97.09,99.95,100.72,109.01,108.84,1.01
1,255.88,10.41,10.08,114.76,112.7,96.81,101.74,103.27,1.06,10.83,10.46,98.34,106.6,102.14,104.03,101.38,1.06
4,255.947,9.9,9.68,108.82,102.5,103.95,102.91,104.13,1.13,10.6,11.28,97.28,102.23,97.83,100.73,101.63,0.96
3,256.142,10.46,11.04,110.09,98.68,112.4,104.08,98.23,1.09,9.62,11.19,108.26,107.61,105.64,102.62,102.41,1.1
2,256.144,10.55,10.64,107.75,99.58,104.06,112.15,99.66,1.03,10.23,10.84,105.48,94.5,95.51,109.42,98.25,0.94
3,256.958,10.37,9.78,100.31,94.74,110.81,99.1,100.61,1.1,10.78,10.8,104.99,106.9,116.09,103.75,106.09,1.1
2,257.026,11.38,10.31,107.18,110.29,95.36,98.14,113.43,1.02,11.52,11.03,99.88,99.66,107.36,100.62,104.32,0.96
2,257.744,9.94,10.72,103.49,97.7,103.1,98.22,108.49,1.04,10.77,11.1,103.82,103.84,108.5,104.83,107.37,0.96
1,257.745,10.79,10.71,110.31,112.85,93.2,101.65,102.22,1.1,9.54,11.1,104.33,106.01,92.9,101.8,98.56,1.06
2,257.795,10.04,10.96,102.64,97.58,92.68,106.53,110.39,1.0,11.03,9.94,110.7,106.54,109.38,96.62,108.38,1.08
1,257.856,10.14,11.71,109.97,99.38,110.08,99.0,108.9,1.04,10.82,10.37,112.06,112.16,107.49,100.76,107.64,1.06
1,258.348,10.98,11.64,98.01,98.77,93.8,103.1,99.57,1.1,11.16,11.02,108.32,102.07,94.7,97.12,99.82,0.98
4,258.463,10.48,10.49,112.2,99.96,98.18,106.71,99.12,1.08,9.82,10.49,98.1,97.39,112.98,94.74,97.37,1.1
2,258.552,10.29,9.78,103.95,100.63,92.47,111.02,98.11,1.06,10.7,11.06,97.7,104.72,106.5,100.62,111.41,0.93
1,259.282,10.57,11.84,103.94,98.11,95.89,98.02,100.11,1.05,10.66,10.85,97.19,110.35,110.1,102.25,100.33,0.96
1,259.402,9.56,10.25,98.7,106.32,99.08,100.8,105.22,1.04,10.82,10.31,109.89,101.99,94.96,105.92,106.35,0.99
2,259.456,10.78,10.44,107.57,94.6,98.52,95.08,97.89,1.07,11.73,10.69,101.59,100.12,108.7,110.97,112.39,1.08
1,259.458,10.68,11.01,102.66,100.32,104.89,114.88,110.08,1.09,9.82,10.84,114.35,105.45,93.2,101.44,107.86,1.03
3,259.58,9.53,11.03,99.35,94.69,103.33,104.27,105.72,1.04,10.28,11.19,112.88,105.08,101.53,106.57,102.71,1.1
4,260.472,11.22,9.78,98.37,102.47,97.78,105.92,106.14,1.05,11.14,10.76,96.86,109.66,111.14,107.43,111.47,1.02
4,260.845,10.7,10.3,100.01,98.09,97.88,105.85,98.16,1.09,9.59,10.01,102.22,106.82,100.52,95.85,99.91,1.12
1,261.476,9.81,10.34,107.03,112.93,96.87,100.78,106.21,0.95,11.15,11.8,96.91,101.9,103.9,111.67,104.73,1.07
2,261.601,10.6,10.37,105.61,101.2,107.08,101.93,102.2,0.99,11.06,10.53,112.77,103.37,96.9,101.52,105.36,0.99
1,261.742,11.16,10.13,112.63,111.65,96.9,100.26,106.56,1.04,10.68,11.82,108.94,106.16,106.64,110.32,106.3,1.09
4,261.767,9.65,9.89,112.91,97.99,100.26,107.26,103.07,1.1,10.02,9.58,101.94,103.99,107.23,106.1,106.08,1.09
3,261.9,10.58,11.13,96.72,95.66,107.53,104.8,98.38,1.02,9.82,11.5,107.73,93.65,108.89,105.97,105.64,1.02
4,262.059,9.71,10.28,112.63,109.65,108.58,104.82,113.09,1.04,10.61,11.04,102.36,105.55,105.93,94.99,109.73,1.04
1,262.291,10.8,10.59,106.64,102.11,108.65,106.68,101.26,1.09,11.12,11.14,98.64,98.19,96.37,114.53,99.89,0.99
1,262.314,10.57,10.71,109.69,107.76,108.8,108.93,95.23,0.97,10.49,10.36,99.32,111.97,103.26,108.02,104.51,1.09
3,262.687,9.31,10.22,106.42,106.28,108.62,94.74,102.53,1.15,10.85,10.59,103.53,95.86,113.47,110.01,93.32,1.0
2,262.728,10.36,10.23,97.33,106.47,97.21,101.69,112.11,1.03,10.72,9.68,97.58,110.42,99.84,105.55,99.44,0.92
4,262.735,9.7,10.25,108.32,99.41,112.0,103.17,101.78,1.03,9.98,10.77,104.85,103.54,103.49,94.5,111.21,1.07
3,262.764,11.06,10.55,111.33,107.19,114.77,103.16,94.58,1.03,9.49,9.68,102.83,98.21,103.64,103.8,94.84,1.03
4,262.941,9.65,10.36,96.45,102.5,97.92,107.17,113.55,1.0,11.2,9.92,102.5,99.58,112.55,105.43,100.49,0.99
3,263.037,10.06,10.1,101.2,102.6,98.54,111.66,107.66,1.06,11.04,10.63,99.41,93.0,109.61,103.72,105.62,1.13
1,263.183,9.96,10.9,113.31,100.34,110.38,101.4,103.61,0.99,10.35,10.15,114.98,100.89,95.05,112.13,95.83,1.02
3,263.25,10.81,10.27,107.92,101.67,114.98,96.49,108.44,1.0,9.52,10.63,106.68,97.2,99.43,100.42,97.99,1.03
1,263.655,10.51,10.52,105.45,113.68,101.89,114.78,109.38,1.1,10.68,11.34,97.12,99.64,95.8,103.49,107.81,1.05
1,263.938,9.73,11.55,109.28,110.1,97.01,103.52,97.88,0.95,9.64,11.71,106.16,98.5,105.28,106.05,102.49,0.97
3,264.127,11.01,10.01,96.36,92.56,110.76,100.21,103.51,0.99,10.68,9.71,102.8,97.52,99.7,103.74,107.09,0.98
4,264.236,11.21,9.74,111.96,100.82,98.2,100.0,109.35,1.01,10.56,9.89,112.86,105.97,107.04,96.75,101.06,1.06
2,264.811,10.19,10.28,110.43,93.4,106.89,111.91,96.95,1.02,9.93,11.32,100.84,106.38,94.97,100.44,112.04,1.05
2,264.83,10.7,10.99,95.66,93.01,107.39,103.24,97.92,0.93,11.66,9.84,104.44,103.37,108.5,106.43,111.37,1.03
4,265.402,10.21,9.94,101.61,107.93,97.92,104.68,110.16,1.12,9.95,11.07,105.42,99.66,100.43,111.9,109.95,1.11
4,265.542,10.42,9.87,112.96,95.58,110.4,94.5,104.32,1.07,10.28,10.15,100.46,102.28,96.13,99.32,98.12,1.01
4,265.647,11.03,11.3,96.02,109.21,104.97,103.02,105.28,1.01,10.44,9.6,109.45,103.79,104.0,104.29,111.44,1.07
3,266.001,9.93,11.23,111.07,104.54,99.8,110.93,106.03,0.99,11.01,9.75,106.64,104.77,110.2,108.81,102.1,1.06
3,266.274,10.08,10.21,103.3,93.85,104.91,110.65,101.6,1.16,9.34,10.38,102.83,92.16,115.94,95.36,97.86,1.16
3,266.471,10.88,11.08,98.28,99.85,105.58,97.49,101.24,1.14,10.56,11.42,111.4,97.52,100.34,101.85,106.63,1.13
2,266.689,10.76,11.12,112.86,102.23,92.67,109.42,98.63,1.0,10.1,11.19,101.87,103.72,100.75,107.18,108.38,0.94
4,266.984,10.25,11.29,95.85,103.63,98.36,104.55,113.41,1.08,10.02,10.62,109.48,94.06,107.81,94.56,101.51,1.11
1,267.112,10.55,11.18,113.63,112.69,106.5,99.54,104.71,1.0,9.72,10.12,109.58,112.23,94.92,113.68,94.41,1.05
3,267.187,9.82,9.85,97.82,100.38,103.4,107.91,101.96,1.08,9.31,11.45,106.01,95.76,109.66,96.27,106.01,1.0
1,267.211,10.4,11.44,111.34,111.89,96.23,106.12,104.42,1.11,9.99,11.73,111.75,107.59,103.48,101.99,109.67,1.11
2,267.324,10.04,10.69,106.13,103.65,106.33,105.13,109.99,0.96,10.87,9.64,112.81,94.26,93.62,104.6,110.68,0.98
2,267.649,10.17,10.05,101.59,108.51,94.05,104.7,110.12,1.01,10.74,9.83,103.34,108.71,95.94,104.75,108.7,1.08
3,268.235,10.78,10.78,105.57,103.18,98.32,99.42,93.74,1.03,10.96,10.54,96.66,103.97,113.66,106.57,100.25,1.04
2,268.389,11.0,10.91,112.75,95.26,106.08,107.8,107.46,1.03,11.7,10.01,109.35,103.35,107.05,95.45,105.31,1.09
1,268.57,10.13,10.59,107.16,114.58,106.32,108.02,106.95,1.0,10.87,11.77,98.66,116.05,106.57,105.61,102.18,1.02
2,268.594,10.49,10.73,106.76,98.62,100.35,106.6,109.63,0.94,11.14,10.91,105.45,102.51,101.45,106.04,104.56,1.05
1,268.81,9.77,11.8,108.56,110.19,108.4,109.9,111.17,0.96,9.55,10.43,111.5,104.25,110.01,111.44,105.22,1.05
1,268.964,10.08,10.35,102.15,111.89,101.76,111.59,106.78,0.98,9.79,11.18,100.72,108.86,99.3,109.1,94.53,1.05
1,269.358,9.98,11.2,112.24,97.91,98.06,107.43,106.37,1.08,11.22,10.05,108.1,111.45,105.82,104.81,101.11,1.08
4,269.396,10.34,11.19,100.12,104.95,100.39,104.32,114.34,1.08,10.97,9.7,103.42,94.87,103.94,103.53,98.92,1.12
4,269.549,10.55,11.17,109.13,101.67,97.94,103.7,113.25,1.05,10.44,11.03,98.18,102.4,107.27,106.04,102.87,1.05
1,269.96,10.3,10.51,99.12,116.3,98.8,104.7,105.17,1.07,11.22,10.98,112.14,116.22,95.9,113.52,102.49,1.06
4,270.09,10.27,10.93,107.12,108.1,102.31,109.1,98.03,0.98,10.1,10.97,103.84,102.66,110.66,103.32,100.99,1.05
3,270.347,10.27,9.94,108.12,96.05,106.27,108.78,107.51,1.1,10.36,10.42,113.05,100.97,110.37,103.97,105.78,0.99
1,270.37,10.3,11.51,99.75,101.07,104.45,114.85,108.08,0.97,10.65,11.31,112.2,110.03,109.86,97.15,103.3,1.06
1,270.694,11.16,11.28,104.35,99.64,108.66,97.66,98.98,1.03,10.52,10.64,99.01,111.58,98.62,97.93,101.58,1.08
4,270.769,10.62,9.7,101.74,108.49,102.29,96.78,97.45,0.96,11.0,10.71,97.34,105.28,111.19,108.32,111.65,1.02
1,270.838,10.74,10.66,111.32,113.31,94.1,107.91,109.86,1.03,11.16,10.44,98.88,99.84,97.74,101.53,101.1,0.99
1,271.125,9.84,10.61,106.6,100.22,103.36,101.09,100.1,1.1,9.82,11.34,98.91,108.22,98.4,101.16,94.14,1.11
3,271.346,10.78,10.47,113.37,100.61,104.71,95.95,104.33,1.09,10.94,9.89,100.18,102.94,110.68,96.27,102.41,1.14
2,271.935,10.55,11.18,97.58,101.31,99.7,97.39,108.59,0.96,11.68,10.49,96.96,105.48,98.18,98.58,99.23,1.08
1,272.059,9.89,10.93,99.11,108.64,104.03,112.87,100.7,0.95,10.87,11.35,112.75,103.71,99.23,98.14,94.83,1.07
4,272.521,10.84,10.92,102.44,94.54,104.5,100.46,112.05,1.1,10.64,10.33,102.67,98.41,112.06,97.51,109.78,1.07
4,272.846,9.67,10.93,99.38,102.65,107.77,100.7,104.06,1.02,11.37,10.25,97.4,105.41,109.8,105.7,103.25,0.96
3,272.87,10.28,10.32,96.73,102.63,104.94,98.93,97.11,1.12,10.32,9.97,97.68,101.66,113.41,99.99,97.1,1.15
1,273.603,10.85,10.37,100.16,106.68,104.06,108.05,97.57,1.11,10.55,11.68,108.59,104.99,100.29,101.71,108.08,1.03
3,273.817,9.5,9.95,96.33,105.95,108.0,95.46,107.22,1.1,10.92,10.84,97.97,107.7,107.08,102.2,99.83,1.05
1,273.861,10.22,10.61,105.3,115.98,97.1,101.94,102.78,1.09,10.1,10.63,104.79,112.7,100.77,113.05,103.97,1.1
1,273.987,10.67,10.74,108.5,103.14,109.74,112.13,94.99,0.95,10.96,10.05,109.06,107.91,98.06,108.3,94.05,1.1
3,274.36,10.19,11.03,112.53,107.61,114.46,95.68,100.06,1.04,11.0,9.81,109.69,102.21,103.74,99.0,91.98,1.16
1,274.652,11.24,11.73,112.22,99.59,104.67,104.38,107.07,1.08,10.35,11.14,98.85,104.73,104.62,112.55,109.6,0.98
1,275.338,11.14,10.87,103.85,104.16,107.4,98.96,104.62,1.0,10.68,10.41,100.63,108.54,96.21,109.06,107.88,0.96
4,276.184,10.05,11.16,104.34,96.51,98.1,106.03,100.09,1.07,11.19,10.56,99.31,106.9,103.82,99.53,102.86,1.11
3,276.319,10.23,10.1,110.61,107.88,109.29,94.75,108.28,1.16,9.34,11.23,107.4,101.96,98.69,108.77,106.86,1.05
2,277.123,10.0,10.02,106.38,102.53,102.67,96.47,109.36,1.01,11.49,10.75,109.99,107.26,101.1,105.61,112.2,0.97
2,277.196,11.64,11.05,104.58,101.2,98.0,97.55,101.8,0.96,10.6,10.32,110.8,99.7,108.63,105.48,99.62,0.94
4,277.457,10.0,10.3,104.72,104.28,109.53,107.63,100.04,1.0,9.77,10.32,106.98,102.96,109.63,100.03,110.48,1.11
1,277.54,11.04,10.68,101.62,109.2,106.54,100.9,100.7,1.04,11.25,11.34,113.72,101.2,101.59,102.04,107.04,0.96
2,278.197,11.47,10.44,107.06,98.89,99.32,95.0,106.44,1.01,10.35,10.15,108.95,107.33,106.0,99.27,113.26,0.93
2,278.58,10.69,9.96,113.49,100.49,106.13,102.16,106.22,1.08,10.68,9.9,110.91,108.82,98.22,105.1,110.37,1.07
3,279.399,9.76,10.18,103.88,92.6,114.1,100.79,97.94,1.09,9.52,10.39,108.01,92.83,113.14,109.78,106.94,1.04
3,279.806,10.97,11.2,103.37,98.52,109.47,99.98,105.28,1.16,9.34,10.18,104.9,105.42,110.03,96.2,96.46,1.04
1,279.846,11.0,10.09,107.46,105.32,103.19,104.38,104.58,0.94,9.54,10.89,108.72,109.6,102.52,103.68,94.72,1.12
3,279.986,11.03,10.78,107.8,96.29,107.39,96.41,106.94,1.04,10.4,10.6,101.72,106.55,108.86,96.1,93.21,1.07
2,280.018,10.22,9.75,113.42,93.82,95.5,111.0,103.76,1.07,11.04,10.2,107.06,96.59,108.64,109.75,100.71,1.06
4,280.322,10.33,10.56,105.26,103.54,110.24,108.15,100.7,1.09,10.39,10.09,100.33,103.7,113.84,111.9,110.82,1.1
1,280.446,10.48,11.54,104.38,103.5,95.91,111.21,101.25,1.08,10.31,10.99,100.1,110.25,109.4,108.53,104.79,1.03
1,281.012,11.17,11.11,112.21,111.9,103.27,105.74,106.86,1.0,10.75,11.03,108.28,98.45,105.46,113.78,95.34,0.95
3,281.233,10.89,11.08,101.84,92.3,111.31,96.39,108.16,1.08,9.99,10.08,99.29,101.43,104.9,100.91,94.42,1.0
2,281.317,9.95,9.69,105.45,96.08,101.8,100.28,104.8,0.93,10.96,10.5,106.9,96.68,93.88,96.39,97.06,1.08
2,281.685,11.1,11.34,109.53,93.88,100.45,95.92,97.81,1.08,10.52,10.56,105.19,97.88,97.85,106.19,109.06,0.97
2,281.901,10.56,9.99,97.47,96.11,99.97,110.67,96.84,1.05,11.53,11.28,99.08,96.41,101.78,106.29,108.73,1.03
3,281.991,10.32,10.53,108.68,93.44,97.71,97.27,100.28,1.12,9.72,10.02,108.68,101.74,104.98,104.69,98.7,1.05
3,282.278,9.31,9.85,99.35,98.15,114.09,96.33,103.87,1.04,10.32,9.82,104.47,101.12,111.1,107.73,99.57,1.09
1,282.465,10.21,10.05,108.99,104.11,102.62,102.34,99.73,0.98,10.88,11.83,97.22,109.05,104.66,103.24,99.71,0.96
2,282.646,11.67,10.71,96.71,105.48,98.54,100.1,111.21,1.01,9.98,10.75,101.64,100.02,108.2,96.65,99.32,1.09
4,282.714,10.37,10.92,106.68,97.01,111.87,96.92,100.72,1.04,10.6,10.28,102.56,100.89,108.87,110.68,107.44,1.06
2,282.991,11.58,10.23,96.45,106.04,99.6,107.99,104.32,1.02,10.34,10.71,107.78,106.94,102.08,107.92,108.68,0.98
4,282.999,9.6,10.63,107.29,104.2,112.41,101.53,106.15,1.0,10.44,9.88,107.6,109.02,107.91,107.93,114.35,0.99
1,283.199,11.19,10.7,107.04,109.14,92.9,101.82,103.27,0.96,10.25,10.86,101.12,106.32,101.24,104.61,106.7,0.96
3,283.703,10.91,11.05,109.64,95.98,113.72,96.73,100.47,1.12,9.39,9.85,106.68,104.8,102.34,96.33,100.06,1.08
2,283.725,10.17,10.5,113.4,97.27,101.09,105.5,101.9,0.99,11.4,11.08,105.54,93.89,94.59,95.1,113.53,1.01
3,283.756,9.64,10.98,107.06,108.85,112.47,101.34,94.41,1.08,9.59,10.23,111.65,104.03,111.12,98.83,102.31,0.98
2,283.915,11.22,10.73,95.64,98.64,95.14,107.42,113.19,0.93,10.78,10.22,99.86,98.93,99.27,100.82,102.13,1.07
2,284.066,9.98,10.02,97.89,101.84,108.9,98.66,104.61,1.08,10.1,11.26,110.91,103.16,108.56,104.76,103.03,1.04
1,284.711,10.73,10.59,112.67,100.24,101.3,106.06,97.57,1.04,10.85,11.44,103.83,109.22,100.1,108.01,110.34,1.11
2,284.724,10.22,9.87,102.71,98.2,95.19,102.5,105.83,1.03,10.23,10.91,99.05,93.88,100.12,108.63,110.06,0.98
4,285.353,11.23,11.12,111.36,106.32,113.17,98.04,107.68,1.02,10.0,11.33,105.85,97.48,110.57,99.07,102.91,0.97
4,285.589,10.92,10.99,111.91,101.74,106.31,97.89,106.17,1.0,11.32,10.1,112.66,94.74,106.4,94.54,97.32,1.06
2,286.094,10.0,11.3,104.22,103.95,94.94,97.14,109.86,0.95,10.57,10.36,108.61,105.44,108.25,98.22,108.49,1.08
2,286.27,10.42,10.08,107.56,96.0,95.53,99.68,100.2,1.1,10.61,10.95,103.75,109.73,100.76,94.72,99.26,1.04
2,286.673,11.53,9.76,99.06,96.18,102.09,100.9,96.38,0.99,10.15,10.11,111.25,103.5,108.67,108.63,100.78,0.97
2,286.884,10.05,10.2,99.5,100.18,99.89,105.2,110.21,0.99,11.19,11.12,105.39,100.27,99.33,107.89,102.81,1.02
3,287.752,10.0,10.93,110.77,107.52,109.46,94.34,92.0,0.98,10.44,10.2,98.08,96.26,104.44,104.69,108.46,1.04
2,287.757,9.92,11.3,108.03,101.82,97.51,103.06,108.61,1.07,10.79,9.58,104.74,105.58,102.21,97.35,112.23,1.0
3,287.911,10.24,10.27,110.09,94.65,101.0,105.19,92.85,1.07,9.93,10.64,105.39,101.98,113.64,99.05,100.23,1.15
3,287.971,10.77,9.72,98.45,95.39,109.35,111.42,93.72,1.06,10.93,9.72,103.06,92.6,113.29,105.75,96.06,1.05
4,288.148,9.58,10.28,104.04,102.66,104.56,99.21,105.23,1.09,11.09,10.15,109.12,95.87,109.8,99.11,109.04,1.01
2,288.48,10.58,10.09,105.79,98.03,97.9,98.66,110.86,1.06,10.87,9.79,102.72,101.32,94.78,100.62,98.48,1.09
1,288.598,10.66,10.83,102.93,101.2,103.17,110.48,97.36,1.03,10.03,10.52,101.81,113.44,104.98,101.11,101.31,1.09
4,288.62,10.72,11.15,102.32,103.33,111.14,97.76,97.92,0.97,9.98,9.63,104.76,105.41,102.99,105.1,109.08,1.12
1,288.909,9.61,10.97,106.27,99.9,104.48,109.9,106.93,1.08,10.88,10.28,107.48,100.46,102.75,97.6,98.84,1.01
4,289.119,9.58,10.99,103.41,108.9,111.22,111.59,108.12,1.06,9.81,10.97,97.77,105.52,103.68,102.98,112.97,1.11
4,289.26,11.33,10.7,110.62,97.98,105.94,110.6,100.0,1.03,11.02,9.81,112.36,96.68,106.67,111.37,108.94,0.96
2,289.527,11.47,9.62,103.66,97.37,94.01,102.06,105.88,0.93,11.51,10.27,104.0,101.19,97.76,94.98,99.04,0.98
1,289.805,11.31,10.63,112.67,100.1,103.93,110.94,94.11,1.06,9.83,11.74,114.08,107.17,94.6,100.54,106.07,0.98
1,290.055,10.23,10.22,113.51,97.81,110.17,101.94,104.36,1.04,11.06,11.68,97.81,107.38,97.22,100.67,94.96,1.02
1,290.37,10.46,10.59,98.14,115.31,96.95,104.75,94.81,1.02,11.13,10.42,110.48,114.24,107.34,98.45,104.81,1.04
3,290.913,10.9,10.54,103.82,104.76,98.67,99.58,97.48,1.05,9.62,11.25,113.06,108.22,115.91,104.51,98.83,1.04
4,291.094,10.91,10.27,109.29,98.47,101.14,96.87,97.81,1.11,9.67,10.48,96.56,107.14,100.09,108.88,103.43,1.06
1,291.283,10.07,11.41,109.0,110.58,109.67,108.83,102.09,1.08,9.62,11.56,106.61,112.29,98.35,99.32,106.09,0.97
4,291.585,10.78,9.73,108.67,94.45,109.2,105.59,108.34,1.11,10.39,11.2,100.14,96.01,97.27,95.85,107.96,0.98
3,291.875,9.42,11.23,104.8,98.88,98.12,100.86,104.95,1.06,10.72,9.84,98.33,93.49,99.84,103.72,107.52,0.98
4,292.257,10.34,10.82,101.81,106.79,111.52,103.52,97.75,1.12,11.21,9.62,99.59,99.83,110.17,101.46,98.08,0.96
3,292.366,10.91,10.5,101.96,106.68,101.9,103.02,99.62,1.16,10.54,10.46,95.88,93.54,111.32,100.28,101.85,1.02
1,292.944,11.23,11.23,107.08,98.89,94.78,97.73,95.12,0.98,9.89,10.1,101.59,116.29,100.3,108.66,93.68,1.1
4,292.946,9.86,9.91,101.89,102.58,98.48,108.25,97.96,1.06,11.07,10.37,106.84,104.17,113.33,111.04,109.19,0.95
2,292.996,11.36,10.44,97.86,96.35,93.03,111.46,97.13,1.07,10.29,11.14,101.04,93.51,108.85,109.12,109.4,0.97
3,293.376,10.26,10.22,107.25,96.63,107.72,108.21,100.33,1.01,9.99,10.98,102.92,106.55,115.39,97.79,107.29,1.06
1,293.44,11.15,11.38,106.2,97.95,104.0,113.4,104.16,1.0,11.26,10.09,99.03,100.66,106.42,107.55,106.79,0.94
4,293.919,10.84,9.68,98.96,105.89,97.72,108.88,111.83,1.04,10.88,11.05,96.61,102.86,101.02,94.68,103.52,1.0
1,294.262,11.1,10.65,108.89,108.25,103.69,110.01,111.21,1.0,11.18,11.77,113.33,111.33,93.49,100.75,97.82,1.0
1,294.413,10.99,10.26,103.81,106.44,100.71,107.43,98.56,1.08,10.64,10.7,104.86,103.27,97.18,106.54,104.86,0.96
3,294.875,11.04,9.95,108.94,105.44,98.19,100.16,105.07,1.14,10.82,11.26,97.2,106.03,107.06,110.12,105.26,1.03
1,295.764,11.2,10.78,105.23,105.74,105.6,101.28,96.82,1.08,9.55,11.87,112.2,106.61,108.22,113.27,108.83,1.02
2,295.789,10.99,11.02,98.58,110.5,95.71,107.42,107.44,1.01,11.71,10.37,108.76,99.7,100.24,107.58,100.8,1.0
4,296.065,10.45,10.7,110.4,99.64,112.22,107.05,103.41,1.1,11.38,10.82,112.22,97.0,96.36,107.68,105.82,1.03
4,296.862,9.67,10.02,113.88,108.62,101.37,111.94,110.32,1.03,9.91,10.79,100.05,94.06,100.1,94.5,111.44,0.97
2,296.928,11.15,9.64,96.55,99.15,105.32,108.72,102.2,1.08,10.35,10.36,102.67,108.61,108.68,111.24,105.79,1.06
1,297.619,9.77,10.66,112.3,111.47,107.27,104.16,94.69,1.09,9.96,11.05,111.01,115.43,107.2,105.86,108.94,1.06
3,297.781,10.26,11.42,110.42,91.71,111.66,98.04,93.72,1.05,9.44,10.11,99.11,108.31,102.78,103.8,99.22,1.11
4,297.952,10.61,11.12,96.58,94.35,108.95,107.42,111.9,0.99,10.45,10.04,100.65,99.44,104.85,99.58,114.22,1.06
4,298.276,11.2,10.6,111.41,105.45,106.66,109.55,107.68,1.12,10.35,10.15,106.3,106.68,104.22,95.83,105.15,1.1
2,299.278,10.21,10.36,97.5,96.72,108.57,107.15,113.02,0.98,11.36,10.18,107.56,101.43,100.24,96.11,112.71,0.96
4,299.388,11.01,9.83,109.72,106.75,111.89,102.34,108.87,1.08,10.96,10.82,100.86,105.77,105.74,101.89,107.35,1.04
2,299.725,10.91,9.57,97.83,109.72,103.03,104.11,113.43,1.02,9.97,10.8,110.5,98.35,104.64,107.78,112.58,1.01
3,300.54,10.83,9.95,111.88,94.53,101.57,104.52,107.11,1.1,10.71,9.81,96.92,92.3,100.86,111.01,103.1,1.0
2,300.938,10.88,10.32,103.86,93.76,104.6,111.7,109.99,0.99,10.88,9.7,110.93,99.14,108.86,111.76,102.89,0.98
2,301.14,10.49,11.1,112.02,107.09,97.32,107.33,100.81,1.05,11.71,10.66,109.02,105.92,107.06,100.65,101.62,0.96
4,301.142,10.69,10.93,108.81,108.32,99.83,106.72,106.9,1.12,10.45,10.28,109.69,100.63,100.12,104.58,101.41,1.04
2,301.194,10.64,10.33,107.07,101.78,103.37,110.2,97.71,0.98,11.09,11.0,110.14,110.01,107.05,107.52,105.34,1.01
2,301.926,11.25,10.28,96.85,103.33,94.29,111.6,101.85,1.02,10.65,9.7,99.78,99.11,97.97,105.62,108.92,1.0
4,303.207,10.25,10.01,107.08,94.1,113.45,96.04,109.45,1.01,10.3,9.97,103.63,99.92,107.47,101.98,113.53,1.0
3,303.607,9.31,10.72,100.37,100.45,107.57,98.66,94.45,1.04,10.37,11.38,111.78,91.56,111.1,96.44,102.93,1.04
4,304.29,9.92,10.76,96.81,104.72,96.26,105.5,113.09,1.01,10.16,9.79,111.98,109.8,104.77,101.1,101.99,1.12
4,304.482,10.77,10.92,106.84,95.87,111.63,108.68,106.35,1.05,10.01,11.11,99.34,99.75,110.4,101.17,111.98,1.05
3,304.609,10.08,11.4,113.09,100.06,107.93,101.85,103.41,1.0,10.44,10.55,97.3,102.53,114.95,110.48,92.38,1.1
3,305.573,9.42,9.7,104.56,105.72,102.29,109.09,100.57,1.12,10.81,9.71,95.69,102.94,112.5,96.2,109.17,1.11
1,305.789,11.06,11.68,103.82,115.06,99.66,111.11,107.27,1.08,11.31,10.77,112.07,112.85,105.44,99.45,99.01,1.07
4,306.358,9.94,9.85,102.8,94.8,101.45,108.51,108.84,1.1,10.2,10.11,105.62,97.99,108.47,99.39,111.03,0.96
2,306.476,10.23,10.36,102.09,96.68,106.25,110.62,107.64,0.92,11.68,10.76,98.64,104.29,108.32,106.29,110.63,1.05
1,306.728,10.1,11.42,110.68,112.4,109.55,98.05,102.2,1.1,9.56,10.48,98.61,110.04,94.34,111.81,101.54,1.0
4,306.909,10.19,9.9,108.83,106.3,113.96,101.4,105.33,0.96,9.9,9.57,110.4,95.64,96.31,94.27,100.49,1.05
2,307.119,10.51,9.98,104.58,106.62,92.45,95.45,102.93,1.02,10.97,11.35,98.87,100.04,108.08,95.7,105.91,1.08
4,307.383,9.89,11.26,101.6,97.22,96.16,110.38,107.86,0.96,10.79,10.54,109.06,101.53,107.3,110.51,98.57,1.01
2,308.346,10.41,10.36,107.07,93.34,101.81,106.22,105.36,0.97,11.16,10.66,112.34,95.09,103.4,107.17,101.09,1.03
1,308.458,11.25,11.21,107.83,109.34,95.56,104.42,107.82,0.96,9.97,11.43,112.79,114.0,98.4,99.21,106.79,1.06
2,308.864,10.78,10.77,111.22,105.69,104.15,104.14,100.46,1.09,10.12,10.41,102.5,106.04,98.52,96.39,106.26,0.99
4,309.242,10.64,10.83,98.48,102.73,110.47,94.95,111.44,1.1,9.58,10.13,106.11,108.99,111.85,109.57,99.33,1.1
1,309.52,10.63,10.38,108.55,107.95,95.83,108.31,100.34,1.05,10.47,11.34,110.29,106.16,108.38,99.43,98.84,1.07
4,310.388,11.36,9.76,103.05,100.22,102.73,109.16,101.8,1.13,10.61,9.64,101.87,101.01,101.14,102.72,109.96,0.98
4,310.585,9.98,9.94,98.4,103.66,108.89,111.95,110.71,1.12,11.33,10.6,102.19,93.74,109.5,110.4,105.82,1.06
3,311.071,10.19,10.68,97.9,107.81,101.72,107.97,96.77,1.03,10.66,10.59,112.38,92.88,111.39,95.42,96.39,1.05
2,311.418,10.93,11.32,106.53,98.63,99.77,101.68,112.04,1.1,11.24,10.71,103.49,96.03,109.44,98.92,113.03,1.04
3,311.709,10.04,9.68,101.54,107.08,112.89,108.47,99.67,1.14,10.65,11.39,95.74,92.83,98.81,107.18,95.7,1.0
3,311.852,9.74,11.44,109.6,96.19,108.58,96.98,104.43,1.05,9.38,9.79,112.98,99.96,99.75,110.64,97.47,1.15
1,312.149,9.57,11.78,102.83,98.75,95.97,98.96,104.83,0.99,10.96,10.43,103.4,102.92,109.05,108.09,109.22,1.02
1,312.278,11.11,10.02,100.03,102.11,104.67,97.47,109.35,1.02,9.82,10.77,103.4,107.98,104.79,108.93,97.51,0.97
4,312.332,10.12,10.63,103.45,99.78,111.24,96.95,107.53,0.97,10.39,9.53,110.47,104.43,112.58,100.29,99.24,1.07
3,312.427,10.53,11.33,101.77,91.78,105.04,97.29,92.27,1.01,9.35,10.62,101.74,94.82,101.22,104.06,107.45,1.04
1,312.46,10.63,11.59,113.72,98.8,101.98,97.85,98.03,1.02,10.24,10.23,103.7,110.77,99.99,113.56,104.97,1.09
4,312.469,11.13,10.64,108.17,109.03,98.93,109.53,107.76,1.13,10.0,9.63,104.88,99.48,102.09,105.61,103.69,1.02
2,312.796,10.04,10.22,107.99,99.57,106.63,105.74,109.69,1.08,10.35,10.84,106.03,97.88,98.18,111.01,100.78,0.94
2,312.822,11.65,10.8,98.09,104.63,98.17,95.33,102.74,0.92,10.87,10.64,104.19,106.61,108.88,95.86,113.51,1.01
2,313.162,9.89,10.25,103.43,105.58,107.0,111.18,97.79,1.01,11.53,10.44,103.86,102.23,108.83,96.37,109.48,1.06
4,313.529,10.1,9.78,99.59,94.71,108.25,97.2,100.08,1.12,10.42,10.92,97.87,108.98,113.97,95.24,106.05,0.97
2,313.535,9.99,10.12,102.56,106.03,93.71,109.7,98.49,1.03,10.76,10.64,108.01,110.13,102.04,101.0,100.62,1.05
3,313.813,10.0,11.13,103.67,101.3,107.86,107.48,100.58,1.04,9.82,11.16,96.17,98.33,114.37,100.41,92.36,1.04
4,313.959,10.14,9.7,112.44,103.54,109.46,104.94,115.27,1.11,9.87,10.24,107.5,109.62,113.88,105.97,100.22,1.07
4,314.295,10.84,10.88,106.21,98.58,96.24,102.05,106.98,1.0,9.58,9.92,98.21,94.2,112.81,107.98,98.53,1.1
3,314.498,10.72,10.17,110.4,103.22,106.84,98.66,106.46,1.11,10.4,11.06,100.4,99.37,108.03,107.06,92.24,1.12
1,314.583,10.74,11.66,99.33,103.42,96.92,105.73,110.0,1.05,10.18,11.89,97.17,107.88,94.76,108.83,94.42,1.1
2,314.729,11.06,10.98,113.58,105.8,103.38,96.46,106.64,0.92,10.53,10.6,104.71,110.12,104.15,97.35,101.37,0.99
2,314.808,10.06,9.98,98.5,96.47,93.62,102.73,97.91,1.01,10.04,10.38,98.31,101.44,94.83,96.39,107.49,1.01
4,314.82,10.69,10.06,103.94,109.9,110.74,106.21,97.76,1.13,10.0,11.03,108.58,107.93,97.88,109.59,105.65,1.1
2,315.502,10.92,10.37,98.72,93.15,102.12,104.32,102.49,1.03,10.96,10.62,95.97,104.66,109.53,111.05,107.93,0.92
4,315.601,9.92,10.3,107.46,99.16,110.64,109.64,105.86,1.12,9.94,10.05,96.23,93.36,113.75,95.83,107.33,1.03
4,315.704,11.12,10.72,96.56,101.41,113.33,99.91,105.04,1.12,10.63,9.71,111.58,104.75,100.53,100.43,97.19,1.08
3,315.79,10.8,11.07,108.75,103.29,98.76,107.06,104.61,1.06,9.6,10.15,111.99,102.49,102.96,97.48,100.11,1.01
3,315.939,10.97,10.47,106.62,101.64,110.45,94.82,96.91,1.16,9.53,11.08,108.11,94.37,115.3,100.65,100.83,1.11
2,315.986,11.73,11.24,102.56,102.31,103.61,99.34,109.16,1.08,10.38,10.47,106.96,96.72,108.08,108.34,105.64,0.94
3,316.142,9.84,11.17,106.92,92.53,110.68,108.05,106.61,1.02,9.34,10.34,108.97,97.85,108.0,107.5,106.29,1.1
1,316.296,10.19,11.34,110.37,103.2,96.81,112.33,106.97,0.96,11.09,11.81,99.99,98.49,97.74,108.65,106.64,1.1
2,316.471,11.57,10.76,112.59,96.62,98.36,103.32,97.24,1.07,11.3,10.72,101.68,93.76,109.44,98.33,100.77,1.01
1,316.54,9.7,10.91,97.19,104.55,93.06,112.26,105.83,0.96,10.63,11.8,113.76,108.09,102.44,102.69,111.04,0.96
2,316.743,10.76,11.18,103.11,108.9,107.78,107.45,101.62,1.01,10.15,10.55,103.19,107.46,104.64,102.72,98.87,0.94
2,316.937,10.78,9.75,100.68,107.5,107.89,107.35,100.57,1.07,10.3,9.92,110.86,99.14,105.62,99.71,110.33,1.06
3,317.097,10.99,10.57,103.28,102.94,113.41,95.62,96.03,1.1,9.41,9.73,102.83,94.25,103.39,111.81,91.94,1.04
1,317.694,10.63,11.51,97.78,116.06,104.32,114.33,109.76,1.08,10.2,11.56,104.4,113.94,95.26,105.51,107.27,1.07
2,317.777,10.14,10.35,98.28,96.74,98.67,107.85,100.95,1.01,10.73,11.26,107.17,96.51,106.41,106.86,98.72,0.93
3,317.829,9.39,11.43,97.3,91.73,113.62,106.82,94.81,1.13,9.68,10.08,100.54,93.44,99.54,106.09,99.24,1.1
3,317.973,9.88,10.37,102.01,103.97,105.54,99.05,98.92,1.09,9.63,10.11,96.62,100.4,99.3,96.41,105.84,1.0
3,317.992,10.53,10.53,111.86,103.54,101.72,97.6,101.57,1.02,9.4,11.03,108.17,92.5,97.69,96.56,92.12,0.99
4,318.42,10.02,10.74,100.47,99.74,103.39,104.55,99.54,1.03,10.46,10.49,101.57,95.21,96.13,100.79,108.09,1.0
2,318.531,10.07,9.89,107.54,99.57,103.47,109.42,105.6,0.93,11.0,10.26,112.47,95.44,94.14,112.2,113.03,1.05
1,318.558,11.09,11.04,97.45,109.4,107.56,100.78,97.99,1.02,9.87,11.32,100.03,115.51,102.15,108.92,107.59,0.98
4,318.654,10.09,9.71,109.99,94.6,96.31,105.66,98.63,0.98,11.06,10.71,97.14,99.44,109.69,101.89,113.86,1.05
2,318.692,10.32,9.99,111.28,109.94,96.31,109.02,100.12,1.06,10.48,11.05,110.14,101.37,104.01,99.25,111.28,0.98
4,319.283,10.91,10.87,104.69,94.26,101.11,109.16,105.65,0.99,10.2,10.94,104.3,93.84,104.11,109.58,98.92,1.03
3,319.457,9.38,10.18,97.39,107.33,105.48,96.98,103.87,1.04,9.59,11.29,105.13,93.95,98.4,102.13,103.91,1.1
1,319.468,11.28,11.56,102.26,100.62,109.79,103.27,94.92,1.09,10.33,11.66,98.92,101.22,92.93,111.01,102.95,0.98
4,319.985,10.98,9.88,104.34,95.9,113.39,109.73,112.41,1.04,10.12,11.31,109.11,96.42,110.04,106.39,111.83,1.0
1,320.128,10.05,10.3,102.46,112.42,94.88,103.46,110.28,1.02,10.11,11.47,105.19,112.89,110.18,102.0,110.55,1.06
1,320.223,10.79,10.87,107.32,99.48,108.1,98.46,104.02,1.02,11.11,10.18,101.37,108.02,94.7,97.83,93.62,1.06
3,320.449,10.8,11.5,98.41,102.6,100.23,97.77,92.18,1.04,9.62,11.05,99.49,92.34,98.95,107.98,99.02,0.98
2,320.535,11.61,11.13,107.17,107.78,106.61,107.78,96.81,1.02,11.26,9.8,102.71,100.5,106.13,101.18,95.98,1.07
4,320.606,10.76,10.56,110.26,105.92,102.29,106.74,112.72,1.07,10.16,9.6,102.28,96.78,102.53,105.35,98.31,1.1
2,320.792,11.57,10.92,109.56,93.88,107.3,96.96,104.74,0.99,11.44,9.89,109.0,98.3,104.64,109.74,105.28,1.08
4,321.053,10.89,10.95,101.09,97.0,100.89,106.21,102.05,1.03,11.32,10.9,109.56,105.46,114.0,98.95,108.57,0.99
2,321.081,10.88,10.89,107.56,95.44,102.19,106.6,107.85,1.06,10.16,10.26,103.63,98.12,102.84,110.04,96.25,1.0
3,321.267,9.84,11.17,101.13,102.25,101.06,107.27,98.23,1.06,9.93,11.42,109.82,103.63,109.62,102.53,94.18,0.98
2,321.27,10.8,10.24,103.36,100.06,96.03,111.7,102.27,1.06,10.54,10.12,99.06,105.8,100.16,108.8,97.2,0.96
4,321.957,10.16,10.65,104.26,98.03,96.26,107.79,113.25,1.02,10.98,11.22,111.93,102.83,111.63,111.51,103.99,0.96
1,322.193,10.41,11.43,108.76,111.45,95.26,104.1,100.22,0.95,11.08,11.62,98.81,116.15,102.48,101.71,104.02,1.04
1,322.272,9.71,11.33,97.51,113.82,103.91,101.28,94.05,0.99,10.92,10.82,112.89,102.44,106.56,103.19,96.26,1.04
4,322.352,10.94,10.13,95.89,96.65,96.24,103.98,102.75,1.08,10.7,10.57,113.83,95.64,99.78,102.91,97.03,1.06
3,322.608,9.62,9.86,97.97,104.29,103.41,110.41,107.79,1.14,10.59,11.48,101.7,103.94,111.95,94.81,106.08,1.04
4,322.756,11.18,9.7,101.67,97.05,98.92,109.57,105.81,0.96,10.41,9.7,104.14,98.27,102.41,108.41,105.15,1.02
3,322.826,9.76,11.45,98.38,95.71,110.92,95.36,108.91,1.0,9.99,11.21,103.39,96.55,110.78,104.08,101.1,1.06
4,322.828,10.78,10.83,97.92,107.83,111.22,99.11,98.76,0.99,10.81,10.38,105.33,95.32,112.36,110.48,105.04,0.95
4,322.943,10.0,10.34,96.66,99.67,106.09,100.7,98.29,1.09,10.31,9.55,109.02,99.83,113.76,104.63,111.41,1.04
4,323.338,11.03,10.83,97.38,106.61,110.73,96.29,103.07,1.0,10.1,10.3,101.57,102.58,102.76,99.46,111.53,1.13
4,323.448,10.19,10.44,102.83,93.24,103.79,98.61,111.97,1.13,10.76,10.47,97.1,94.43,100.79,94.69,107.3,1.05
3,323.775,10.89,10.68,97.44,92.28,106.47,107.31,102.86,1.15,9.64,10.17,103.28,102.97,105.28,101.91,92.38,1.0
2,323.84,9.91,10.42,106.69,95.26,108.08,97.53,100.66,1.05,11.49,10.41,102.9,98.12,109.23,94.55,113.7,1.03
1,323.997,11.06,10.43,107.1,101.19,104.82,111.31,104.6,1.07,10.4,11.3,108.32,101.91,108.38,105.9,95.44,1.02
3,324.131,9.55,10.2,98.67,103.79,114.92,95.95,96.63,1.03,9.38,9.75,96.62,103.2,114.7,96.15,102.29,1.09
3,324.21,10.24,9.93,100.05,106.69,113.24,104.1,91.92,1.16,9.74,11.15,99.28,92.43,101.37,110.32,103.47,1.05
4,324.856,10.16,9.77,97.58,100.02,110.47,94.56,102.91,1.01,9.7,9.7,106.16,96.01,105.05,110.4,99.73,1.02
3,325.178,10.33,9.73,102.08,101.85,98.22,102.08,101.6,1.06,10.4,10.88,107.52,93.38,99.53,105.56,100.32,1.0
2,325.34,11.2,10.21,105.39,96.53,109.39,104.18,101.01,1.06,9.89,10.59,113.02,93.4,96.02,111.32,113.28,1.08
3,325.662,9.34,10.53,98.14,92.6,99.76,97.58,105.79,1.12,10.26,10.78,100.4,94.54,101.58,95.86,94.86,1.07
2,325.692,10.43,9.7,96.96,105.92,92.99,108.03,111.64,1.08,10.55,11.0,99.57,94.28,104.6,105.73,108.92,1.09
2,326.269,10.75,11.32,102.71,110.01,93.66,104.7,103.25,1.06,11.23,11.34,97.64,110.54,93.76,102.42,106.76,0.98
1,326.62,9.68,11.29,113.91,113.8,105.1,110.23,94.21,1.06,10.96,11.88,114.81,104.55,99.32,99.32,104.81,1.03
4,327.348,9.65,10.51,98.37,106.93,101.25,94.66,97.33,1.07,11.06,9.69,105.55,102.64,101.89,110.34,103.01,1.06
2,327.552,10.14,10.51,101.73,97.23,102.67,99.84,97.31,1.04,10.55,10.55,110.7,105.0,107.72,112.32,109.07,0.93
4,327.816,10.71,9.98,113.53,93.57,97.27,101.05,102.31,1.05,9.72,9.94,101.64,94.63,97.96,105.97,108.09,1.09
2,327.998,10.52,9.98,102.77,105.95,96.9,101.66,100.9,1.08,10.14,10.47,109.23,98.37,92.62,102.26,98.08,1.05
1,328.023,10.19,10.4,96.96,110.67,109.26,109.76,98.0,0.98,9.82,11.91,97.37,111.3,99.5,105.92,96.66,0.94
3,328.19,10.78,10.94,98.62,103.01,110.49,104.93,108.71,1.03,9.52,11.22,110.04,93.26,110.87,108.93,99.05,1.0
3,328.256,9.59,10.15,100.57,98.67,104.59,109.67,97.05,1.03,11.01,10.38,106.92,103.04,110.68,100.32,103.05,1.01
2,328.365,11.5,10.9,101.61,93.94,108.24,107.72,96.78,0.96,10.84,9.89,110.34,107.5,94.2,95.18,97.09,1.07
4,328.635,10.82,10.37,103.4,97.6,103.36,94.28,112.76,1.06,11.18,10.7,111.96,102.38,101.34,106.15,108.0,0.98
4,328.79,10.83,10.75,113.42,106.9,111.24,108.04,105.01,0.98,9.86,10.91,96.38,97.77,106.52,99.09,115.03,1.11
4,329.027,11.15,10.81,110.19,106.91,100.48,95.05,113.51,0.99,11.12,11.32,101.27,109.82,104.08,105.44,111.71,1.07
1,329.071,10.56,11.51,111.02,110.77,101.85,106.58,94.38,1.01,10.42,11.32,98.1,103.33,96.6,108.2,106.5,1.11
2,329.43,10.78,11.2,113.7,103.99,102.52,108.72,111.89,1.05,11.4,10.69,97.75,102.31,97.74,98.95,101.35,1.06
1,329.979,10.51,11.58,102.66,113.21,97.87,97.56,96.96,0.99,10.0,10.63,113.98,115.74,94.6,108.0,110.71,1.1
2,330.119,10.58,10.37,97.01,102.01,96.73,107.95,104.66,1.1,10.74,9.57,108.85,98.03,104.3,98.58,106.24,1.02
1,330.152,9.85,11.22,103.12,105.32,109.64,101.4,98.88,1.0,9.56,11.73,100.34,106.7,105.54,101.52,97.58,0.98
1,330.271,10.11,11.81,98.22,101.26,99.46,110.03,107.48,0.98,11.19,11.68,97.7,110.4,106.88,98.08,108.02,1.12
3,330.636,9.88,11.0,101.2,98.18,114.46,109.98,104.83,1.09,11.02,9.91,112.52,102.94,106.77,100.86,99.46,1.09
2,330.756,10.04,11.29,96.75,101.58,96.82,96.18,102.34,1.03,10.56,9.69,99.23,99.96,99.74,104.11,106.42,0.92
4,331.011,10.75,10.35,104.2,106.69,99.81,98.99,103.07,1.0,10.46,10.36,110.94,101.96,99.46,99.32,107.07,1.13
3,331.249,10.73,10.64,107.79,104.5,98.46,110.01,100.47,1.03,9.3,10.55,96.36,101.5,99.52,107.78,93.68,1.06
1,331.261,10.3,11.63,105.85,104.64,104.19,108.14,107.24,1.09,11.1,10.66,108.5,107.9,92.93,110.09,95.44,1.11
2,331.338,10.42,10.48,111.49,101.84,108.4,98.21,104.07,1.03,10.17,9.66,104.27,106.47,107.32,99.43,109.7,1.03
4,331.496,10.7,10.41,105.97,95.24,112.71,100.7,104.53,1.09,10.38,10.08,111.33,95.13,98.19,107.29,110.14,1.02
3,331.866,11.06,10.33,100.61,97.56,110.66,108.83,95.7,0.99,10.91,10.96,110.44,101.73,107.32,104.78,105.39,1.13
4,331.989,10.98,10.38,110.58,102.02,102.29,97.55,108.03,1.11,9.91,10.44,112.8,103.28,102.58,103.54,109.81,1.07
3,332.038,9.88,9.74,103.92,100.58,107.88,107.88,101.1,1.05,9.77,10.68,112.19,95.98,116.11,96.73,94.03,1.13
3,332.044,10.39,11.02,101.2,101.3,101.27,106.79,105.81,1.05,9.72,9.96,108.63,98.93,104.68,96.15,95.44,1.09
4,332.862,11.22,11.28,110.53,93.26,113.63,101.05,97.98,1.03,10.6,11.23,106.89,95.57,107.38,95.98,101.76,1.09
4,333.102,10.85,10.42,111.16,105.94,106.6,104.72,113.8,1.05,9.88,10.88,101.51,103.71,103.29,103.19,104.89,1.05
1,333.205,10.02,11.79,101.08,115.02,98.06,99.01,102.39,1.06,11.21,11.38,114.47,107.95,94.3,99.12,109.89,0.99
3,333.398,10.11,10.89,111.88,106.0,100.87,109.06,102.38,0.99,9.32,11.04,101.23,96.36,107.91,110.14,95.76,1.11
2,333.523,11.52,9.76,95.72,99.85,92.39,94.79,98.42,0.96,10.61,9.99,108.85,107.03,98.12,103.44,113.04,0.95
3,333.712,9.42,10.1,104.8,106.43,98.98,94.82,98.92,1.08,9.49,10.74,99.09,92.86,110.78,104.39,104.95,1.11
2,334.105,11.13,10.34,104.35,105.84,93.89,96.4,108.55,0.98,11.66,9.89,108.8,96.12,100.12,107.12,105.88,1.05
4,334.42,11.37,9.81,105.76,100.11,112.96,105.87,98.49,1.1,10.68,10.4,109.69,95.56,101.41,108.75,100.08,1.13
2,334.424,11.2,10.28,112.84,105.97,94.15,111.04,103.62,1.06,11.27,9.9,106.22,110.5,105.9,110.37,106.54,0.96
2,334.427,9.87,10.32,107.08,96.58,94.56,100.05,101.9,1.05,10.23,10.85,98.83,110.0,100.16,98.15,113.43,1.03
2,334.799,10.23,9.98,98.58,100.06,93.8,100.67,104.54,1.01,10.78,11.19,96.21,107.87,101.0,105.38,100.95,0.99
2,334.877,11.56,9.67,97.28,105.84,94.85,104.78,108.71,1.0,10.2,11.26,103.34,106.64,107.64,96.62,104.8,1.04
1,335.271,9.6,11.84,96.89,110.62,97.78,101.16,103.14,0.99,10.33,11.31,113.53,110.62,105.93,105.99,101.64,0.97
2,336.387,10.45,10.28,98.31,96.53,96.0,102.34,108.22,0.96,11.55,10.33,99.35,109.82,96.22,102.62,111.39,0.92
2,336.453,11.46,9.8,108.03,106.43,97.1,95.58,110.43,1.1,11.58,9.57,101.49,94.57,107.53,102.33,102.74,1.06
1,336.601,10.94,11.54,109.11,116.01,95.83,105.04,106.21,0.96,10.32,10.54,104.79,110.6,99.93,113.56,104.77,1.1
2,336.781,11.04,11.16,98.92,104.46,108.64,110.65,111.1,1.03,10.78,10.81,104.36,109.57,94.66,112.14,97.7,0.95
4,337.717,9.57,10.36,102.18,98.85,109.5,107.91,113.42,0.96,10.78,10.9,109.82,101.04,97.47,102.34,111.71,1.06
4,338.019,9.68,10.94,113.47,109.39,105.8,95.22,104.2,1.05,10.12,9.72,113.19,107.14,109.47,105.5,111.65,0.96
2,338.042,10.0,10.09,108.22,106.04,95.94,104.9,108.6,1.0,10.58,10.13,98.5,104.27,96.72,110.65,107.83,1.05
2,338.085,10.95,9.65,107.08,105.67,105.55,98.61,102.33,1.08,11.32,9.68,106.3,103.29,101.6,96.65,104.42,0.99
4,338.138,10.4,10.96,95.99,94.54,101.57,109.17,107.05,0.99,11.32,10.27,108.98,97.71,100.08,107.7,102.02,1.02
1,338.157,10.55,11.08,100.27,111.85,96.34,109.12,99.28,1.03,10.85,10.3,112.95,108.46,102.5,105.63,108.12,1.11
2,338.172,10.01,11.03,102.73,105.72,101.03,110.83,103.82,0.99,11.09,10.85,105.17,98.23,94.12,100.96,96.45,0.98
3,338.429,9.9,10.44,105.28,104.13,107.38,108.22,100.14,1.0,10.19,9.85,108.24,100.65,107.96,100.32,106.11,1.1
2,338.63,11.61,9.71,110.57,102.92,99.85,106.38,100.92,1.09,10.41,10.56,101.39,99.94,103.29,110.73,110.51,1.03
4,338.635,10.47,10.63,101.74,95.74,108.46,106.22,98.48,1.12,10.92,10.3,112.23,98.88,100.3,101.18,102.99,0.99
4,338.958,9.6,9.58,96.24,101.8,102.29,110.27,115.34,0.98,10.89,10.06,101.09,94.49,103.21,103.97,98.99,1.07
4,339.081,9.98,9.81,101.84,103.87,97.92,100.92,107.68,0.96,10.2,10.48,113.92,109.94,107.86,103.36,114.78,1.05
2,339.331,10.9,10.25,102.73,104.09,106.42,105.69,96.86,1.06,11.3,10.82,111.49,101.32,94.82,111.83,99.11,1.08
4,339.406,10.74,9.58,97.04,109.97,97.37,105.81,107.03,0.96,9.91,9.81,100.22,107.91,105.16,102.5,103.05,1.11
4,339.96,10.99,10.35,109.72,107.25,113.17,108.26,109.13,1.02,10.1,10.7,99.94,97.92,106.66,108.44,100.89,0.96
2,340.025,10.96,9.92,112.55,110.38,106.21,107.52,96.52,0.94,11.64,11.26,113.14,104.33,96.68,94.71,100.37,0.97
1,340.057,10.1,10.43,110.13,105.86,102.52,108.2,101.7,1.11,10.13,10.29,106.2,114.72,92.87,107.03,102.02,1.07
4,340.261,11.28,9.89,99.82,94.35,111.54,94.69,106.81,0.99,11.37,11.07,101.27,105.41,99.32,107.21,98.73,1.01
2,340.404,10.57,11.16,105.14,97.01,99.61,105.93,111.28,0.99,10.94,9.57,110.7,110.1,105.65,109.63,97.67,1.07
3,340.934,9.6,9.79,97.05,94.3,99.55,95.59,109.23,1.06,9.5,10.33,100.61,92.6,115.68,96.0,104.6,1.15
1,341.513,10.49,11.43,108.56,99.62,105.96,102.49,107.96,1.12,9.54,10.43,110.12,113.67,100.35,101.91,102.22,1.11
4,341.582,11.35,10.02,99.39,105.8,99.21,107.26,107.53,0.97,10.38,10.07,99.16,98.71,109.52,106.92,103.68,1.12
4,341.65,10.73,10.15,103.3,98.66,97.72,103.94,107.32,1.07,10.15,9.7,104.28,106.97,103.82,111.08,99.56,1.05
3,341.895,9.78,11.32,104.96,94.6,105.71,110.89,105.23,1.06,10.35,10.88,108.93,93.61,111.95,104.42,108.78,1.01
3,342.346,10.08,10.32,108.84,94.58,113.9,99.2,96.41,1.04,9.41,10.79,103.96,108.32,113.14,111.29,96.22,1.12
4,342.45,10.05,11.02,109.66,93.3,97.07,95.93,114.78,1.04,9.62,10.48,109.23,97.16,96.31,99.89,108.86,1.08
3,342.486,10.99,10.08,112.22,108.12,106.47,105.76,105.0,1.07,10.57,10.15,99.52,95.66,116.02,105.28,100.78,1.13
4,342.751,9.65,10.43,99.05,100.36,108.05,109.92,115.16,1.08,11.04,11.0,96.31,101.83,108.04,103.81,113.25,1.03
2,343.201,10.92,11.08,98.58,99.8,104.89,103.16,100.57,0.94,11.39,9.58,104.61,93.72,93.17,111.51,98.3,1.05
3,343.213,10.97,11.5,97.97,106.07,109.4,111.73,108.54,1.03,9.62,10.52,111.36,108.84,108.46,111.69,94.53,1.09
2,343.362,10.8,9.81,110.93,101.31,100.47,100.46,100.37,1.04,10.24,10.66,111.2,98.64,100.58,104.04,97.0,1.04
1,343.771,9.69,11.45,114.49,108.46,94.41,103.05,108.06,0.95,10.2,10.12,100.07,111.53,96.57,106.95,110.58,1.1
2,343.846,11.29,10.47,112.73,100.13,93.03,98.8,111.18,1.08,11.35,11.04,97.47,108.61,92.45,97.9,107.27,0.99
4,343.882,10.07,9.83,105.75,105.32,100.97,101.05,99.49,0.97,10.62,10.94,98.45,105.5,108.87,102.35,106.15,1.08
3,343.934,10.28,10.32,106.49,103.59,104.6,106.78,97.85,1.04,9.47,10.7,98.14,92.97,102.25,100.07,103.33,1.0
4,344.061,11.33,11.33,109.47,100.15,106.77,110.7,97.69,0.96,11.18,10.54,108.91,110.31,111.96,101.42,106.04,1.07
1,344.231,11.02,10.26,99.9,111.19,100.12,110.05,110.71,1.03,10.9,10.26,100.15,102.7,109.95,99.77,102.08,0.95
3,344.521,10.23,10.04,99.35,93.83,103.27,103.5,92.22,1.1,10.37,10.42,109.88,104.22,111.88,95.36,95.18,1.04
1,344.736,9.64,10.28,106.0,98.34,94.78,106.57,106.96,0.98,9.9,10.89,104.61,98.01,98.17,114.68,96.89,1.0
1,344.745,9.84,11.37,98.14,104.11,100.77,103.05,103.45,1.1,9.79,10.69,104.49,113.49,94.26,112.64,99.54,0.99
2,344.775,10.32,11.23,110.34,101.66,101.82,103.71,109.15,1.01,10.8,10.91,100.69,98.84,107.64,101.67,101.8,0.99
2,345.189,10.92,11.24,100.39,104.8,102.62,109.8,104.9,0.92,10.13,11.14,106.22,98.1,99.7,104.23,103.73,0.99
3,345.19,10.53,10.72,98.68,94.54,104.4,97.84,98.95,1.0,10.21,10.72,99.28,107.98,113.05,102.84,98.96,1.01
4,345.843,9.72,10.22,104.63,106.1,101.44,102.61,105.34,0.98,10.09,11.2,113.5,94.08,96.2,100.41,101.1,1.11
3,345.896,9.71,10.02,105.04,96.12,107.04,105.12,100.57,1.09,9.52,10.84,106.42,97.54,102.7,104.43,101.94,1.04
2,346.521,10.27,9.82,111.25,100.28,93.21,105.82,104.19,1.01,10.76,10.84,108.61,105.8,96.4,102.12,113.68,0.98
3,346.76,10.92,10.02,104.0,104.33,99.27,102.11,99.6,1.07,10.37,11.43,103.87,108.38,113.61,99.55,106.88,1.04
1,346.856,10.8,11.66,108.48,98.61,102.69,114.72,106.53,1.11,10.43,11.58,100.45,109.05,94.4,107.22,111.18,1.02
3,347.272,10.76,10.3,106.6,107.18,110.17,96.2,93.44,0.98,10.32,10.46,111.67,98.61,114.16,97.8,103.77,1.03
3,347.732,10.29,10.3,107.29,93.41,101.22,108.59,100.57,1.01,9.57,10.3,96.35,105.45,113.29,110.64,101.6,1.06
3,347.778,10.39,9.78,108.61,93.29,100.83,96.0,100.19,1.1,9.78,10.76,110.56,103.61,100.4,100.01,102.05,1.05
3,348.045,9.64,10.43,101.86,96.16,110.45,102.91,96.27,1.11,10.16,10.38,108.26,95.0,98.62,107.73,97.1,1.13
2,348.18,9.99,10.72,99.65,100.8,93.29,95.44,107.69,0.97,10.52,10.51,102.67,97.57,97.85,104.74,101.62,1.06
1,348.621,10.68,11.47,99.96,101.2,104.41,112.96,101.8,1.11,10.08,11.43,113.91,107.9,93.2,111.05,103.66,1.05
4,348.711,11.36,9.7,96.24,94.54,103.0,98.38,108.89,1.01,9.84,10.15,102.31,96.32,99.41,107.7,109.91,1.12
1,348.733,9.66,10.3,112.62,114.93,103.64,101.4,101.88,0.95,11.18,11.18,98.34,106.85,95.55,113.56,106.16,1.0
3,348.781,10.55,9.68,104.99,100.83,101.37,99.76,94.93,1.08,9.76,10.61,106.64,91.79,115.17,107.58,99.15,1.16
1,349.115,10.05,11.38,114.5,110.16,94.41,105.9,109.22,0.94,10.15,11.51,107.38,102.42,107.23,109.24,97.88,0.96
3,349.158,9.73,11.21,109.98,97.0,115.42,109.41,100.23,1.02,10.7,10.22,101.21,97.56,113.56,106.01,107.83,1.15
3,349.192,10.74,11.37,113.15,107.1,99.8,99.18,92.89,1.07,11.01,11.19,107.32,96.8,100.36,101.45,100.48,1.14
3,349.296,9.47,11.44,102.24,107.65,110.48,108.14,102.83,1.06,10.29,9.88,113.48,96.79,103.72,96.4,99.89,1.0
2,349.376,9.88,9.78,101.92,101.9,103.51,101.42,110.02,1.1,11.63,11.18,95.76,102.48,96.34,111.51,113.68,1.0
3,350.074,10.64,10.4,96.54,94.74,98.55,95.9,108.15,1.12,10.65,9.74,102.03,96.28,104.12,98.56,93.75,1.06
4,350.675,10.96,10.1,108.95,106.13,99.44,111.37,104.75,1.06,10.92,10.04,103.99,106.2,113.19,94.69,111.71,1.13
1,350.783,10.91,10.27,105.62,102.54,96.33,109.83,100.12,0.96,11.23,11.71,105.14,104.57,93.31,104.83,105.67,1.1
2,351.089,10.0,10.04,110.41,98.03,94.65,108.2,109.06,1.01,10.26,9.97,109.11,106.38,99.32,101.48,109.05,0.97
4,351.096,10.12,9.74,113.9,101.71,110.2,95.79,105.8,1.12,9.95,10.94,104.36,95.06,106.23,96.3,99.24,1.11
3,351.486,10.76,9.89,110.96,101.5,114.98,104.98,99.97,0.98,10.73,11.5,108.36,91.79,102.72,104.19,107.57,0.99
2,351.569,11.19,10.73,100.75,104.26,95.33,97.31,96.84,0.96,10.73,11.18,109.53,98.98,94.83,106.29,113.66,0.99
3,351.751,10.66,10.51,108.11,108.04,102.03,107.78,101.48,1.06,10.82,10.36,102.44,95.13,100.91,100.07,95.12,1.13
2,351.831,10.72,10.51,103.1,96.59,93.21,104.86,98.78,0.97,10.15,10.1,104.88,107.87,108.58,100.46,110.9,1.02
2,352.027,10.73,11.35,110.9,103.84,102.05,106.7,111.28,1.02,10.02,10.08,102.15,96.98,92.47,106.65,112.23,1.0
1,352.073,10.75,11.72,101.09,98.03,101.51,104.01,107.79,1.07,10.8,11.38,100.36,109.08,100.18,103.58,98.13,0.98
1,352.181,10.94,11.0,102.64,99.19,96.88,97.66,95.59,1.02,10.87,11.17,104.26,115.31,97.01,99.84,100.54,1.02
4,352.283,10.49,10.34,105.33,94.63,99.2,103.16,109.43,0.97,9.71,10.43,105.32,95.92,104.77,108.63,104.58,1.08
2,352.319,10.3,9.76,112.92,101.78,97.66,104.41,111.07,0.95,11.24,10.8,109.36,100.81,98.56,109.48,112.75,1.06
1,352.608,9.62,10.34,107.03,103.16,109.93,101.44,106.01,1.04,10.02,10.4,109.7,112.1,107.35,109.22,98.13,1.0
1,353.308,11.03,11.57,101.06,105.38,98.62,99.82,100.04,1.11,11.21,10.14,98.61,113.86,100.18,110.09,97.02,1.04
1,353.322,11.27,10.24,102.93,110.57,101.89,107.27,96.82,1.0,10.72,10.8,107.63,112.46,104.3,110.17,100.18,0.97
2,353.626,10.07,9.68,96.8,108.65,104.89,108.14,100.79,0.98,10.06,10.85,106.59,102.59,101.77,107.12,99.98,0.97
3,353.696,10.9,10.59,100.92,105.36,111.68,111.81,97.51,0.98,10.14,10.17,104.51,108.88,103.72,107.78,100.28,1.06
3,353.726,9.72,11.28,97.92,106.15,101.56,100.02,102.33,1.06,10.8,9.97,111.39,99.49,116.11,99.01,108.97,1.02
1,353.773,10.43,11.77,114.86,109.0,100.97,105.94,108.89,0.99,11.03,11.38,113.78,100.23,108.98,113.79,110.45,1.05
3,354.31,10.09,10.17,95.86,97.1,103.1,96.41,100.99,1.05,10.87,11.1,104.26,103.65,108.22,101.13,106.2,1.1
3,354.449,10.58,10.11,113.14,108.46,105.82,109.2,103.89,1.09,10.44,11.0,109.83,95.92,113.44,99.48,96.91,1.07
3,354.588,9.98,9.76,107.05,108.43,103.87,104.85,102.12,1.04,9.96,10.43,96.69,97.2,101.24,107.5,102.85,1.08
4,355.156,10.0,9.96,109.36,96.67,100.86,109.86,109.28,1.12,11.19,10.67,105.4,93.54,109.64,111.85,105.08,1.0
2,355.19,10.9,10.88,103.25,96.41,102.63,106.8,100.46,0.97,11.34,9.63,98.5,93.96,100.22,99.17,110.12,1.03
1,355.427,11.27,11.25,101.42,107.01,109.09,102.58,99.71,1.06,10.35,11.57,105.45,107.73,96.66,104.7,97.58,0.99
3,355.615,10.23,9.94,106.38,106.91,112.19,103.03,105.11,1.11,10.85,11.4,108.04,102.94,101.54,111.13,102.71,1.12
1,355.631,10.59,10.85,107.64,114.09,93.33,114.17,109.02,1.07,10.83,10.32,110.16,111.46,105.28,113.27,109.92,1.02
1,355.738,10.14,11.03,114.91,100.46,94.43,105.04,97.57,1.11,10.43,10.62,104.19,98.62,97.78,114.94,111.04,0.96
2,355.819,10.92,11.09,103.15,98.12,106.4,104.73,102.97,1.07,11.07,10.88,112.91,99.1,97.0,109.52,113.19,0.98
3,355.944,9.97,10.55,106.58,106.17,114.09,107.08,102.33,1.16,9.31,10.33,100.96,95.69,107.63,107.27,100.23,1.12
3,355.97,10.97,10.76,100.74,103.63,113.09,105.76,107.41,1.08,9.57,10.18,98.6,107.48,113.22,94.01,92.87,1.03
3,356.003,10.25,9.82,111.99,106.15,100.36,110.66,106.15,1.16,11.01,10.88,110.77,97.98,115.69,104.1,94.03,1.09
2,356.135,10.16,9.63,104.12,107.15,108.59,98.16,99.59,1.08,11.31,9.8,103.96,106.54,104.15,109.74,109.65,1.03
3,356.39,10.21,10.52,111.14,96.2,113.15,109.38,104.79,1.08,9.34,11.04,109.66,97.2,101.27,96.72,106.88,1.16
4,356.704,10.95,10.68,107.83,94.08,96.31,106.1,114.78,0.96,10.9,11.33,96.07,107.71,111.41,101.29,104.99,1.04
3,357.512,9.63,10.94,110.44,102.6,111.55,103.56,100.79,1.16,9.6,10.1,96.24,97.36,100.95,103.45,101.39,1.13
4,357.761,10.2,11.22,98.99,103.81,107.0,99.35,105.78,1.06,10.65,10.26,101.98,107.05,100.28,111.12,100.3,0.96
4,357.771,11.24,9.7,98.22,93.67,111.39,98.06,107.68,0.98,10.14,10.75,105.03,108.47,98.25,106.27,108.09,1.07
2,357.977,11.72,10.4,106.5,109.97,95.19,108.29,102.08,1.0,11.13,10.92,107.99,101.84,106.15,107.85,103.28,0.99
3,358.28,10.8,10.1,106.78,99.6,114.42,107.5,102.83,1.04,10.22,10.68,100.46,106.55,104.69,99.05,106.08,1.03
1,358.547,11.16,10.41,104.09,105.76,105.78,112.7,104.81,1.03,10.47,11.81,101.37,112.61,102.4,108.3,101.31,1.04
1,358.72,9.71,11.19,106.83,110.67,104.27,97.92,103.7,1.07,9.67,11.6,106.27,102.28,93.84,99.3,105.68,1.03
1,358.841,10.13,10.52,105.85,101.59,93.74,99.98,104.1,1.04,10.67,10.58,97.53,107.48,96.46,102.42,99.18,1.0
3,358.843,9.86,9.78,109.28,106.3,111.58,107.02,93.36,1.06,10.38,11.28,109.98,108.32,105.81,100.69,105.72,1.02
1,358.916,11.14,10.19,105.64,106.84,106.52,112.79,93.82,1.1,9.99,11.88,100.66,103.2,94.26,98.42,104.77,1.04
3,359.718,10.97,10.51,112.98,102.6,102.7,99.62,101.97,1.03,9.42,10.43,99.53,103.87,103.75,104.46,105.11,1.14
1,360.52,10.15,10.92,97.16,108.67,105.56,113.78,105.3,1.11,10.87,11.51,104.26,98.99,108.92,99.54,94.44,1.08
4,361.791,9.67,10.13,103.84,100.65,106.66,108.73,108.76,1.03,11.15,10.46,100.05,101.65,106.6,101.45,114.58,1.06
4,362.676,11.38,10.35,101.75,97.55,103.2,109.73,111.98,1.11,10.03,9.92,113.15,97.14,109.37,108.3,111.66,1.07
2,363.084,10.71,11.36,108.38,97.87,97.76,100.48,96.38,1.07,11.66,10.31,106.29,96.44,92.94,108.8,104.08,1.01
3,363.591,10.06,11.21,101.84,94.11,109.47,103.87,102.72,1.04,9.66,10.64,110.65,97.47,115.24,96.02,107.42,1.06
4,363.719,10.26,10.44,102.7,94.68,109.28,103.81,109.35,1.08,9.73,10.66,113.83,97.71,109.87,111.2,105.04,1.12
1,363.873,10.7,10.47,98.77,109.65,95.94,107.21,102.1,1.06,9.79,10.19,111.03,101.24,96.49,111.75,103.08,0.97
3,363.886,9.82,10.16,99.53,94.8,99.75,108.23,96.97,1.07,9.49,10.63,111.14,103.79,102.42,107.87,105.37,1.16
4,364.633,9.95,11.19,113.67,110.27,107.01,107.27,111.9,1.05,11.26,10.03,111.88,108.98,110.58,94.54,109.48,1.06
2,365.134,11.57,10.8,106.94,103.21,107.33,107.99,104.61,1.06,11.39,9.7,104.49,107.25,96.67,100.38,108.6,1.07
4,365.545,10.38,11.19,109.56,104.84,96.36,95.13,110.58,1.07,10.12,10.65,98.21,100.23,113.67,111.82,106.88,0.98
2,366.198,10.2,11.16,106.76,104.46,97.21,109.35,110.7,1.07,10.56,10.36,95.87,110.52,107.87,108.15,98.29,1.07
3,366.256,10.87,11.02,105.9,92.91,110.03,97.83,94.02,1.15,9.5,10.58,99.16,104.33,114.64,110.66,102.39,1.07
3,366.282,11.0,9.81,104.17,98.42,100.73,104.69,98.03,1.0,9.55,10.68,98.3,94.8,115.63,108.8,108.53,0.98
2,366.414,11.16,10.9,101.92,104.75,101.82,98.88,109.87,0.96,9.88,11.1,97.64,93.49,104.77,103.55,106.14,1.07
4,366.592,9.87,11.07,96.31,101.01,104.39,105.91,104.99,1.08,10.58,9.53,104.84,100.17,112.26,109.99,105.91,1.0
1,366.768,11.23,10.96,114.13,113.69,105.96,112.2,107.21,0.99,9.95,11.57,110.13,107.39,97.99,114.41,105.9,1.08
2,366.904,10.78,9.65,103.49,97.71,96.13,106.19,95.98,1.05,11.65,10.07,111.1,109.18,97.53,103.16,106.05,0.96
3,367.252,10.05,10.44,109.14,97.52,115.68,97.7,101.18,1.11,10.02,9.72,105.68,101.54,97.84,104.98,95.05,1.02
3,367.317,10.4,10.63,101.49,97.2,108.99,96.1,96.92,1.16,10.27,11.04,102.6,97.47,107.54,104.05,101.07,1.0
3,367.404,10.84,11.34,95.78,95.5,100.29,96.08,93.91,1.03,10.26,10.18,104.04,94.22,98.59,111.28,104.31,1.02
4,367.96,9.99,10.08,109.66,103.33,102.1,107.88,98.03,1.08,10.22,10.37,97.09,102.16,108.27,95.18,109.95,1.01
2,368.25,11.38,9.86,113.58,97.37,92.61,102.98,110.21,0.92,10.41,11.25,105.6,104.84,99.05,96.39,110.76,1.04
2,368.443,10.48,9.74,111.78,96.57,102.7,97.31,108.49,0.98,11.09,11.17,98.06,107.72,94.4,109.28,98.26,0.96
3,368.484,11.04,10.11,109.67,98.27,101.08,108.83,95.13,1.02,10.94,9.68,95.81,102.76,109.08,103.02,100.39,1.03
1,368.57,10.08,11.41,105.81,103.29,93.16,98.82,99.71,0.96,10.99,10.05,99.45,110.44,93.49,114.08,100.02,1.05
1,368.892,11.25,11.88,112.78,112.29,100.1,113.4,104.33,0.98,10.88,10.17,104.54,105.32,106.74,103.37,107.82,1.0
4,370.092,10.75,11.08,108.94,102.64,111.22,99.11,107.46,1.1,10.46,9.65,98.1,109.17,103.58,99.73,112.72,1.01
1,370.353,10.04,11.58,101.58,113.06,97.61,114.78,96.0,1.1,10.9,11.13,112.74,107.3,97.88,103.68,99.42,1.07
3,370.644,10.73,11.06,105.34,104.81,115.66,111.42,100.26,1.07,10.97,9.92,101.92,101.81,108.99,100.68,99.46,1.15
3,371.074,10.13,11.33,109.14,100.65,99.54,106.77,93.31,1.02,9.95,11.42,105.18,99.87,108.99,109.16,103.87,1.16
4,371.13,9.59,10.28,101.69,95.64,112.16,103.81,102.69,1.05,9.71,9.76,98.4,100.18,107.38,106.24,109.2,1.07
3,371.327,10.53,11.26,103.37,104.76,101.57,94.88,96.22,1.01,10.66,10.96,106.28,102.19,115.27,99.87,104.3,1.15
3,371.668,10.94,10.52,102.75,103.65,104.92,105.12,93.25,1.03,9.72,9.96,100.78,103.6,110.76,100.47,108.97,1.08
2,371.902,11.66,10.37,98.37,102.68,97.29,102.76,112.15,0.94,11.07,11.33,105.68,102.23,92.89,109.02,104.95,1.03
4,372.041,10.02,9.68,105.06,94.89,112.51,100.16,108.62,1.04,9.98,11.29,111.75,106.74,101.41,100.18,106.89,0.98
1,372.335,9.83,10.58,111.8,106.4,103.25,114.78,100.12,1.1,10.3,11.73,107.64,110.62,103.7,111.59,108.32,1.11
2,372.376,11.06,10.46,97.5,95.5,106.24,106.93,104.35,1.04,11.52,11.37,101.32,103.99,94.51,101.26,98.42,0.94
3,372.467,9.43,9.89,102.7,96.12,97.73,107.33,102.05,1.0,9.35,10.83,96.31,105.71,106.29,97.6,107.51,1.13
4,373.312,10.7,10.83,98.22,99.41,107.81,110.8,99.4,1.01,11.14,10.21,98.22,98.08,109.83,104.78,98.25,1.11
3,373.411,9.53,11.43,105.75,93.86,104.83,97.8,104.15,1.0,9.4,9.68,106.18,108.08,114.33,102.89,107.89,0.99
3,373.526,9.71,10.37,108.53,103.46,115.08,108.78,101.53,1.06,9.6,11.29,95.93,98.19,98.9,106.82,102.05,1.15
1,373.58,10.09,10.12,104.85,100.42,106.89,109.1,98.68,1.11,10.96,10.58,105.93,115.79,107.17,110.76,100.22,1.1
2,374.198,10.79,10.72,97.73,94.57,105.55,109.78,99.26,0.96,11.3,11.26,111.02,94.92,94.08,110.29,96.55,1.07
1,374.461,10.55,10.62,111.76,100.6,108.8,99.76,108.02,0.99,11.18,11.14,110.1,102.7,100.5,100.75,108.59,1.04
2,374.474,11.7,9.91,96.71,96.57,108.33,106.69,96.51,0.95,11.18,10.02,97.72,102.31,102.73,105.52,111.55,1.04
1,374.599,10.14,11.24,113.91,112.86,94.64,114.21,109.64,1.03,10.4,10.97,114.98,101.28,102.49,110.43,98.67,1.01
2,374.805,11.07,10.17,108.52,107.33,102.97,111.51,99.16,1.01,11.68,10.41,99.16,109.3,93.42,96.32,95.78,1.0
2,374.868,10.83,11.31,106.47,95.73,93.81,103.05,113.47,0.99,10.92,11.36,97.19,109.33,102.52,94.59,96.78,1.07
4,375.181,9.6,10.38,110.8,107.64,99.91,108.04,105.91,1.12,9.6,10.49,96.24,108.47,99.56,110.8,111.96,0.99
4,375.196,9.62,10.94,98.52,109.39,111.44,103.6,100.11,1.02,10.62,10.03,113.67,103.09,107.33,100.56,98.2,0.95
1,375.581,10.64,11.62,113.39,105.36,108.19,113.94,104.71,0.95,10.46,11.17,111.89,108.5,93.8,107.63,103.77,1.03
4,375.584,9.78,9.7,96.38,109.56,98.08,102.24,97.51,1.05,10.91,10.3,107.08,96.48,96.61,111.67,106.94,1.05
2,375.685,11.29,9.56,97.94,102.51,96.54,95.33,104.19,1.0,11.06,10.07,113.37,104.67,93.72,108.8,100.95,0.98
3,376.257,10.23,11.38,97.29,95.63,108.37,108.97,103.71,1.14,9.97,9.85,100.81,93.36,97.75,108.61,107.01,1.01
2,376.58,10.68,10.7,108.75,98.32,99.7,96.02,95.97,1.04,9.92,10.74,104.18,105.65,94.5,100.48,96.32,0.93
2,376.673,11.68,9.83,100.48,106.73,95.83,99.1,104.76,0.93,10.79,10.11,99.57,98.94,109.56,103.24,109.69,0.96
3,377.517,10.12,11.4,106.01,104.33,98.69,107.28,104.48,1.02,9.79,10.96,99.28,93.95,104.81,94.34,101.84,1.02
4,377.687,10.45,9.84,106.96,97.16,100.99,94.6,108.42,0.97,11.03,10.71,101.52,110.51,100.25,95.24,111.02,1.08
2,377.95,9.92,10.5,99.52,108.28,99.37,111.7,96.33,0.99,10.04,11.34,106.12,110.38,97.38,111.95,101.62,0.94
2,378.254,11.57,9.74,113.69,100.28,108.1,107.04,112.94,1.06,10.86,10.04,113.19,100.36,99.69,95.12,110.12,1.0
2,378.491,10.52,10.64,111.72,95.5,108.59,101.34,104.9,1.05,10.85,10.44,105.05,107.65,108.58,111.57,101.0,1.08
1,378.716,9.67,10.09,102.46,99.42,110.12,106.5,106.94,1.05,10.02,10.96,97.97,116.01,103.19,97.53,106.07,1.01
3,379.1,10.19,10.03,108.36,104.22,105.96,109.8,103.29,1.0,9.72,10.0,111.67,99.16,112.46,107.18,93.44,1.0
3,379.171,9.42,11.11,104.76,105.16,102.41,105.32,92.32,1.05,10.17,10.24,101.98,102.49,107.52,109.34,98.3,1.02
2,379.405,11.27,10.57,105.42,106.64,96.72,94.98,104.56,0.97,11.29,10.99,109.31,99.16,109.01,107.52,97.18,1.0
3,379.558,10.36,10.81,101.2,105.45,108.22,109.38,96.57,1.1,9.69,10.4,95.68,105.53,113.44,99.03,97.54,1.08
4,379.834,10.01,11.28,102.8,103.61,108.49,110.3,109.79,1.05,10.96,10.87,111.33,96.17,96.84,94.98,109.71,0.99
2,380.191,10.71,10.25,97.99,104.81,109.63,105.85,97.79,0.98,11.22,11.34,97.64,97.84,97.95,103.65,107.24,1.08
4,380.48,11.01,9.56,112.2,102.8,112.91,105.41,97.46,1.13,9.98,10.91,109.88,94.44,111.24,105.66,112.34,0.98
1,380.611,10.48,11.73,100.31,113.69,102.55,103.24,94.28,1.0,10.09,10.23,112.65,102.54,93.2,111.43,96.33,0.96
3,380.876,10.4,10.2,99.53,101.75,108.51,102.26,101.1,1.13,9.56,10.56,111.34,102.92,113.87,104.76,97.51,1.12
4,381.138,10.59,9.89,96.62,106.1,111.67,111.98,111.26,1.09,10.66,10.99,104.3,106.93,111.36,100.71,108.72,1.0
2,381.19,11.16,10.31,108.93,105.36,102.98,102.42,99.87,1.02,9.9,10.19,104.34,108.49,101.3,109.23,111.54,1.07
4,381.613,10.6,10.02,98.99,103.81,103.45,107.49,97.66,1.08,10.08,9.57,96.84,93.82,109.46,109.58,111.98,1.03
4,381.899,10.98,9.56,109.68,109.19,106.73,102.49,98.11,1.02,10.18,10.73,112.72,94.07,113.5,111.11,106.09,1.06
1,382.058,10.82,10.31,100.31,111.14,98.17,111.12,108.32,1.02,11.14,10.66,115.12,109.23,95.48,108.78,99.02,0.95
1,383.116,9.64,11.2,106.16,114.43,94.43,110.28,110.52,0.98,9.76,11.54,96.84,105.09,109.7,107.34,94.38,0.98
1,383.224,9.83,11.87,106.83,111.6,103.56,99.52,108.32,1.03,9.61,10.07,106.81,104.02,107.92,110.17,103.61,1.08
1,383.356,9.84,11.35,102.83,103.67,109.73,114.22,109.39,1.02,9.67,10.66,101.46,113.99,105.3,99.21,101.31,1.08
4,383.617,10.71,11.23,97.64,105.97,104.11,106.28,101.9,1.1,9.61,9.81,111.3,100.17,108.0,97.87,114.36,1.11
3,383.644,9.51,10.47,96.66,100.88,114.42,106.65,99.46,1.03,10.72,10.9,111.07,105.96,108.06,95.9,98.82,1.08
1,383.657,10.0,11.91,101.33,111.85,97.5,98.63,94.33,1.1,11.0,11.84,97.42,104.55,97.59,102.13,102.16,1.09
3,383.75,10.26,10.13,102.0,96.63,110.8,101.29,94.26,1.07,10.53,10.07,98.1,102.76,106.22,108.17,107.22,1.03
2,383.847,9.95,10.62,104.71,93.04,98.42,111.62,103.76,1.02,11.63,11.07,104.19,107.09,101.45,100.31,107.93,0.96
3,384.247,10.84,10.96,102.0,103.03,113.6,97.23,108.16,1.02,10.62,11.26,98.43,101.7,112.65,98.38,102.38,1.01
1,384.513,10.48,10.12,108.27,105.12,97.87,114.22,111.05,1.06,10.35,10.05,115.0,98.03,106.81,101.79,99.06,0.98
4,384.57,10.74,10.43,100.71,100.89,113.45,104.38,97.66,1.07,9.64,10.02,96.31,107.24,111.37,97.2,104.98,1.1
3,384.663,10.54,10.57,101.19,91.79,107.78,99.51,108.48,1.04,9.92,11.02,100.61,93.54,111.2,103.84,103.87,1.12
2,384.736,10.02,10.99,103.62,100.03,98.34,111.17,106.04,1.08,11.35,9.9,101.49,106.11,95.86,101.8,109.26,0.98
1,384.882,9.92,11.4,107.1,115.72,102.62,97.05,97.67,1.0,9.64,10.98,113.45,115.66,103.62,111.38,103.71,0.99
2,386.021,11.58,9.56,102.56,93.63,95.3,100.58,110.43,1.1,10.11,10.84,97.58,104.62,103.74,102.78,104.86,1.06
3,386.262,10.88,9.84,102.44,108.33,107.06,111.7,106.77,1.05,9.42,10.88,111.9,96.32,106.53,109.98,106.68,1.05
2,386.353,11.19,10.6,110.46,107.02,97.29,110.32,102.94,1.08,11.65,10.37,98.09,99.05,96.9,97.17,112.23,1.0
3,386.622,9.41,10.47,97.55,105.42,108.51,103.54,107.09,1.05,9.59,10.62,109.28,104.34,105.66,104.01,100.8,1.06
4,386.673,10.72,11.28,101.49,99.65,107.77,98.38,106.19,1.07,10.13,10.14,98.37,105.63,108.1,95.38,112.11,1.03
3,387.231,10.84,10.46,101.76,92.91,101.32,109.69,96.4,1.01,9.69,11.46,111.23,94.2,116.12,106.77,94.31,1.03
3,387.412,10.17,11.45,109.6,92.3,115.7,107.33,108.1,1.03,10.59,11.14,98.6,106.03,108.64,102.08,107.55,1.13
1,387.513,10.48,11.79,101.3,109.02,106.44,97.62,100.14,1.07,10.07,10.05,98.66,103.13,96.57,104.92,94.88,0.95
1,387.563,10.35,10.34,102.22,107.52,95.01,97.73,102.18,1.03,10.68,11.19,112.25,109.26,94.76,110.7,95.33,0.98
2,387.721,10.39,10.58,110.24,105.82,108.7,98.22,110.02,0.98,11.29,9.98,97.72,106.69,106.85,95.05,100.89,1.1
4,387.817,11.29,9.73,105.18,106.17,106.94,104.33,106.62,1.07,11.04,11.15,108.2,101.99,107.52,102.91,101.54,1.1
4,388.128,9.89,9.76,105.12,106.97,112.34,102.34,115.08,1.03,10.51,10.4,102.7,101.77,109.0,101.4,107.76,1.12
3,388.623,10.65,11.12,103.18,98.15,110.72,102.83,108.53,0.98,9.34,10.82,105.5,100.74,104.24,106.84,94.31,1.04
3,388.733,10.35,11.18,100.08,98.76,109.81,95.43,102.1,1.05,9.31,9.74,95.62,107.06,105.43,100.23,102.1,1.04
1,389.276,10.39,11.22,97.67,111.92,95.1,107.03,106.89,1.05,10.99,10.86,111.39,106.98,104.46,114.18,106.2,1.0
4,389.299,9.9,9.58,100.82,97.91,105.45,110.83,100.99,1.01,10.74,11.0,110.32,93.48,97.6,98.86,115.18,1.11
1,389.985,9.79,11.5,110.06,115.17,103.77,106.04,106.2,1.11,10.52,10.12,112.08,102.79,98.39,113.6,108.86,1.0
3,390.307,9.4,9.84,99.56,94.54,113.62,103.55,98.16,1.13,10.97,10.4,95.93,104.49,98.12,108.81,104.41,1.04
2,390.328,11.18,11.28,103.75,110.41,93.85,103.63,106.54,0.93,9.98,11.3,112.52,104.63,104.06,97.05,113.11,1.09
4,390.364,10.34,11.22,101.91,106.74,103.56,95.13,105.19,1.09,11.1,9.57,107.2,108.29,99.07,100.45,103.72,1.05
1,390.391,9.76,10.55,101.48,108.33,96.33,103.97,96.6,1.06,11.04,11.41,102.61,115.23,106.83,103.72,104.3,1.02
3,391.179,10.4,10.44,108.02,101.4,108.78,94.89,94.76,1.06,10.38,11.21,102.83,104.22,103.56,95.56,99.17,1.12
4,391.538,10.73,10.32,99.11,93.53,98.37,111.82,115.18,1.05,9.78,10.68,99.11,95.4,107.98,109.86,110.62,1.0
3,392.714,9.45,9.85,102.92,97.79,115.91,109.12,92.85,1.07,9.66,10.13,113.33,99.6,102.96,109.06,97.26,1.03
2,392.722,9.99,9.99,105.21,98.97,108.86,98.61,98.46,0.97,10.31,10.64,103.3,105.38,95.98,107.54,107.25,1.04
2,392.853,10.2,9.97,112.24,102.79,100.58,103.65,97.06,0.94,10.48,10.34,111.28,109.18,94.21,100.55,112.63,1.09
1,393.072,9.57,11.19,113.53,111.57,94.51,102.28,102.06,1.06,9.94,10.94,109.15,109.17,102.16,101.08,99.71,0.97
2,393.485,10.23,10.7,100.39,94.6,96.37,112.07,111.88,1.08,10.57,11.11,96.44,103.5,104.0,108.09,112.11,1.07
4,393.911,11.36,9.67,113.19,104.78,100.48,108.3,101.99,1.05,11.27,9.61,98.68,93.84,107.76,95.39,101.98,1.08
1,394.078,10.27,10.08,105.45,113.31,107.96,112.3,95.34,1.01,9.69,11.81,108.98,106.24,103.56,104.63,102.32,0.98
3,394.096,10.66,10.42,107.05,92.25,111.87,109.85,106.02,1.15,9.72,9.68,99.93,94.82,109.6,101.94,94.68,1.1
4,394.21,11.12,10.22,98.06,99.64,96.74,110.83,101.67,0.98,9.93,10.44,111.88,102.75,106.66,99.43,107.46,1.05
3,394.572,10.53,10.48,111.07,97.58,104.2,107.6,97.26,1.06,9.49,9.71,96.06,91.89,105.28,109.67,101.6,1.12
2,394.976,9.99,10.56,95.85,109.98,107.08,102.43,102.79,1.05,10.25,9.64,103.09,95.5,103.49,95.92,104.32,1.02
3,395.301,10.89,11.45,105.93,91.73,106.97,105.67,99.83,1.04,10.12,11.09,105.71,100.32,110.88,97.61,100.94,1.13
2,395.507,10.79,10.35,112.68,104.36,99.97,95.06,106.51,1.06,10.08,11.25,108.04,101.19,98.79,95.44,107.93,1.03
1,395.568,10.94,11.36,104.76,106.85,107.56,106.04,98.14,0.99,9.75,11.04,106.88,114.29,97.36,96.89,105.54,1.01
2,395.654,11.65,10.27,99.72,94.55,105.7,100.58,110.69,0.95,10.66,10.7,101.5,105.09,109.18,102.43,110.58,0.98
3,395.681,10.46,10.96,111.36,93.46,98.76,99.48,105.36,1.0,11.0,11.2,109.28,101.25,112.4,96.7,101.6,1.03
1,396.057,9.72,10.41,113.27,107.38,108.1,101.53,106.64,1.11,10.76,11.79,104.51,108.66,107.99,102.34,93.66,0.94
2,396.127,9.88,9.9,106.5,98.64,107.09,111.67,98.26,0.98,10.76,9.66,112.27,101.51,97.9,109.75,99.1,0.99
1,396.162,11.24,11.27,99.81,110.91,94.9,100.53,102.42,1.01,10.69,11.48,113.85,113.26,108.04,98.57,100.89,0.96
2,396.8,10.3,10.79,101.48,93.63,99.86,111.04,108.92,0.97,10.97,10.73,100.52,99.1,108.72,104.78,95.87,0.93
3,396.926,10.03,10.07,104.56,105.76,113.47,102.87,99.57,1.0,9.9,10.94,101.98,96.63,109.11,99.81,100.26,1.02
3,396.943,10.96,11.23,103.3,95.89,113.63,95.67,108.44,1.02,9.41,10.65,104.17,106.02,99.42,99.55,108.71,1.01
1,397.125,9.83,11.8,107.03,98.45,108.39,112.44,94.14,1.02,10.14,11.46,108.91,100.42,98.88,108.66,102.44,1.11
1,397.177,10.35,10.84,104.86,114.99,100.87,101.82,104.58,1.06,11.22,11.37,106.7,108.02,102.5,113.73,98.42,1.1
2,397.245,10.29,10.63,98.72,93.94,103.22,96.69,107.95,0.98,11.1,10.9,113.76,105.16,99.85,103.7,100.05,1.08
4,398.302,10.26,11.28,111.39,106.47,104.24,98.18,97.02,1.12,10.28,9.96,112.58,96.62,108.8,98.53,104.75,1.01
3,398.321,10.92,11.5,96.68,91.79,101.87,106.22,103.87,1.16,9.37,10.89,112.34,91.82,104.0,111.29,103.62,1.03
4,398.81,10.78,10.79,99.65,108.22,96.36,96.46,104.9,0.95,10.58,9.56,112.36,99.83,102.1,100.08,111.59,0.98
1,398.922,10.24,11.29,104.86,101.9,99.01,105.35,99.86,1.07,10.19,10.39,108.19,103.46,97.36,111.34,97.82,0.99
4,398.932,10.42,10.35,105.62,97.1,108.49,106.04,106.19,0.96,10.56,10.15,105.0,96.13,110.58,109.15,97.26,0.98
3,399.125,10.85,10.01,101.72,100.45,98.48,99.86,92.38,1.03,10.39,10.05,105.34,107.68,103.79,109.16,94.98,1.12
2,399.962,10.78,10.38,110.06,93.63,98.29,103.86,103.82,0.95,11.14,10.95,99.09,106.06,94.16,103.05,102.47,0.96
4,400.394,10.68,10.62,109.72,104.6,97.22,99.54,108.07,1.08,9.72,10.92,100.68,109.9,112.05,109.01,110.5,1.03
4,400.507,10.06,10.26,108.75,108.38,105.16,95.43,97.75,1.01,11.24,9.53,97.73,97.73,104.42,94.65,110.8,1.13
1,400.719,9.82,10.47,110.24,110.62,105.1,106.5,102.88,0.95,11.16,11.06,102.57,98.03,110.08,110.0,103.08,1.06
3,400.878,9.38,10.45,104.06,101.25,102.52,103.59,92.84,0.99,10.0,10.52,107.56,107.92,105.96,103.14,108.46,1.03
4,400.989,9.65,9.55,113.25,104.13,112.51,101.17,111.65,1.04,9.88,10.7,101.26,110.07,110.2,111.03,113.06,1.13
2,401.255,10.76,10.12,98.58,101.78,95.14,99.71,113.28,1.0,11.68,10.56,96.96,107.98,102.94,107.34,102.51,1.09
3,401.774,10.15,10.94,109.09,105.5,108.81,105.28,102.52,1.08,10.38,10.0,102.54,107.28,113.64,104.69,93.28,1.11
3,401.913,9.37,10.36,96.68,93.43,104.78,110.32,107.17,1.14,9.95,10.63,99.48,105.4,104.85,102.76,94.81,1.15
4,401.952,11.1,10.92,103.69,96.29,97.73,96.15,101.94,1.03,11.19,10.27,101.74,100.31,110.33,96.68,114.35,1.07
3,403.255,9.94,9.7,107.94,104.54,110.38,103.81,109.08,1.12,10.6,10.08,102.08,102.5,115.27,98.37,104.77,1.06
2,403.792,11.36,10.75,95.85,106.1,103.66,98.62,113.51,1.03,10.39,10.15,98.48,110.25,99.81,110.32,109.27,1.02
4,403.884,10.52,10.5,104.09,98.66,103.5,106.21,110.81,0.97,11.1,10.83,112.05,105.55,113.67,111.44,107.53,1.1
3,404.244,10.4,10.74,112.48,101.3,109.46,106.47,99.56,1.0,10.58,9.84,112.34,106.01,111.36,95.35,106.15,1.12
4,404.402,10.07,10.62,108.51,110.16,109.52,109.16,98.12,0.97,10.99,9.61,96.46,108.49,104.4,102.72,97.26,0.95
3,404.616,10.66,11.51,99.41,101.3,106.58,94.96,96.58,1.09,10.28,10.62,103.83,95.73,115.69,95.46,102.85,1.04
1,405.02,10.04,10.91,106.51,110.88,107.23,101.89,103.07,0.95,9.9,10.08,108.5,103.4,103.91,102.68,93.96,0.95
3,405.165,10.4,10.93,111.86,94.2,102.41,110.2,92.29,1.14,9.43,10.48,107.79,106.01,99.7,96.02,92.11,1.0
4,405.518,9.96,10.73,111.58,98.1,99.8,95.68,107.05,0.96,11.35,9.61,96.64,104.38,107.55,107.41,105.44,1.07
2,405.619,10.1,10.26,100.72,94.89,100.75,111.76,103.83,0.98,11.57,10.73,113.14,102.99,97.66,99.44,112.43,1.0
2,405.789,10.08,9.8,100.34,103.05,103.58,107.33,106.67,1.09,10.88,9.85,99.03,96.53,100.98,98.36,99.4,1.05
2,406.676,9.98,10.24,112.76,97.8,95.08,98.78,111.77,1.08,10.96,10.65,99.84,98.77,99.95,104.76,111.15,1.01
2,407.012,11.73,9.92,96.73,93.98,105.29,100.55,111.25,1.0,11.69,10.22,102.69,93.91,108.64,110.07,101.45,0.97
4,407.699,9.72,10.05,112.11,95.07,106.66,110.36,107.67,1.0,9.62,11.06,111.88,99.16,109.04,111.37,109.35,1.1
4,407.725,10.24,9.88,99.67,110.16,110.08,102.64,107.6,1.03,9.88,9.58,106.61,100.94,97.48,106.19,106.9,1.08
2,407.758,10.95,10.56,98.58,103.69,94.15,103.53,101.14,1.08,10.76,10.85,98.7,97.24,102.09,97.42,97.69,1.05
2,407.769,10.74,9.78,102.73,94.52,98.29,108.68,106.88,0.92,11.6,11.04,108.54,108.51,102.62,108.57,100.68,0.98
2,407.887,11.08,10.74,113.14,106.54,100.4,102.98,109.99,1.0,10.59,9.66,108.9,104.82,94.16,111.83,102.94,1.03
4,407.887,10.29,10.92,105.06,110.17,110.66,98.07,101.82,1.03,11.25,11.16,108.83,103.47,96.77,100.7,114.07,1.0
1,407.957,9.92,10.67,114.07,113.84,94.51,107.03,94.69,1.04,10.63,11.88,112.74,103.71,98.79,104.16,107.3,0.98
1,408.327,10.99,10.91,101.89,109.6,101.76,105.01,104.86,1.06,10.02,11.48,111.19,101.36,97.0,98.97,100.11,0.96
4,408.675,10.64,11.22,97.89,100.24,108.47,101.42,114.07,1.0,11.17,10.76,112.45,106.45,97.71,101.72,102.84,0.96
2,408.746,10.01,10.91,103.52,93.89,94.2,95.97,113.26,0.95,10.68,11.22,95.66,103.26,98.54,94.96,111.83,0.99
1,408.748,10.27,10.68,108.72,97.91,108.3,106.3,101.23,1.02,10.74,10.62,114.28,102.28,96.4,99.66,98.63,1.07
2,409.079,10.39,10.65,99.88,93.4,103.95,98.86,96.54,0.93,10.44,11.33,105.68,104.46,106.78,101.5,107.49,1.09
2,409.086,10.36,9.96,110.54,103.21,94.28,110.36,105.17,1.03,11.18,10.25,111.25,106.46,104.7,106.36,103.03,1.03
2,409.284,10.58,10.94,106.96,110.23,99.53,106.34,110.51,0.92,9.9,11.03,99.57,107.06,95.53,100.1,109.13,1.08
4,409.635,9.99,10.87,112.05,107.92,104.12,101.46,110.93,1.12,10.32,11.03,96.1,108.64,105.42,104.15,104.2,1.03
2,409.911,11.39,9.84,103.68,106.65,107.65,104.46,106.22,1.07,11.68,9.83,96.3,109.0,93.9,98.78,106.54,0.93
1,410.402,10.05,10.98,114.92,105.42,97.31,110.57,106.09,0.98,11.02,11.84,101.38,98.77,108.32,103.05,108.78,1.02
4,410.654,9.77,10.55,113.83,104.17,108.28,101.04,111.8,0.98,9.9,10.27,100.1,98.19,97.07,110.98,115.32,1.06
1,410.72,9.88,10.84,97.22,107.76,95.26,105.71,109.3,1.09,9.98,10.91,106.7,111.38,99.95,105.78,102.19,1.04
2,410.884,11.45,10.73,110.74,93.4,93.7,98.44,113.08,0.99,11.27,9.65,113.49,106.63,100.38,106.53,107.59,1.06
2,410.89,10.91,9.69,106.76,96.83,105.25,105.88,107.76,0.93,11.18,10.24,104.91,93.98,95.56,97.9,104.01,0.97
4,411.354,10.78,10.94,111.91,106.12,105.9,102.04,97.32,1.07,10.49,10.5,110.12,109.78,96.31,106.09,110.48,1.11
3,411.384,9.88,11.43,102.33,107.1,106.97,99.76,102.75,1.08,9.4,11.45,109.66,97.47,106.94,101.13,106.31,1.01
3,412.574,10.06,11.35,101.2,101.4,97.73,99.3,104.94,1.16,10.86,11.43,103.66,104.18,108.18,94.82,106.5,1.06
3,412.701,10.68,9.82,96.19,99.27,111.1,109.46,92.72,1.04,9.42,10.68,108.73,104.33,108.33,100.84,92.7,0.98
2,412.749,11.0,9.84,108.85,96.99,95.7,111.29,113.03,1.04,10.03,10.56,106.22,107.02,109.04,109.02,103.0,1.02
3,412.897,10.57,10.93,110.12,105.27,103.39,96.53,107.45,1.05,10.16,10.31,112.51,93.93,102.08,103.78,100.61,1.06
3,413.136,9.73,9.94,101.66,102.06,114.49,106.8,93.87,1.13,10.37,9.72,100.18,95.92,109.4,99.07,107.62,1.15
4,413.154,10.26,10.86,97.25,109.76,97.04,105.87,107.68,1.1,10.66,10.81,103.41,96.1,102.04,107.29,108.31,1.12
3,413.164,10.31,11.0,98.42,99.48,113.85,107.37,98.16,1.15,9.72,10.24,104.4,104.22,114.74,99.18,99.23,1.0
1,413.301,9.71,10.71,109.44,111.48,93.7,108.02,107.84,1.01,10.9,11.24,101.81,115.66,107.42,104.73,98.1,0.95
2,413.333,11.67,9.81,103.11,98.35,97.32,97.53,98.73,0.95,10.76,10.37,99.16,105.31,97.93,108.11,103.82,1.02
3,413.761,9.56,10.2,111.06,94.2,114.37,98.05,96.22,1.07,9.81,10.69,98.28,98.35,102.88,98.34,94.13,1.03
3,414.44,10.75,11.22,113.05,99.13,107.85,95.59,92.57,0.98,9.3,9.99,106.6,97.32,114.39,97.11,101.62,1.06
4,414.869,10.68,10.11,100.61,98.07,110.2,96.78,109.36,1.06,10.8,11.28,101.49,102.87,110.71,109.86,113.14,1.0
2,415.6,11.01,10.89,104.77,100.72,109.44,99.77,101.7,1.08,11.53,10.0,97.12,97.74,101.51,106.93,113.51,1.0
3,415.8,10.09,9.78,101.52,98.82,102.6,99.88,96.12,1.12,10.23,10.44,101.92,103.32,102.61,100.7,104.62,1.15
1,415.886,10.99,11.66,113.53,109.34,108.8,109.06,95.94,1.0,10.23,11.68,103.69,109.9,97.18,97.21,99.11,1.08
1,416.078,10.14,10.16,105.06,111.24,97.5,110.4,110.75,1.0,11.17,11.72,108.1,106.32,103.12,103.72,100.7,1.09
1,416.162,10.12,10.18,103.48,102.54,92.93,112.96,97.16,0.94,9.56,11.1,113.23,113.22,105.3,103.1,94.69,1.0
2,416.245,11.16,10.22,110.7,96.94,92.94,105.17,99.4,1.08,11.55,9.93,102.61,110.01,93.9,99.11,96.28,1.07
2,416.436,11.14,10.39,103.98,93.09,106.78,109.48,110.43,0.98,10.18,9.59,98.9,107.86,106.57,101.28,107.02,0.93
1,416.568,9.54,11.25,103.81,108.54,101.66,98.05,104.0,0.99,9.79,11.54,115.12,100.32,99.2,110.32,100.83,0.95
2,416.636,11.43,10.92,102.54,103.29,98.84,110.09,97.2,0.95,10.91,10.29,112.84,107.9,109.8,106.45,105.17,1.03
4,416.748,10.53,10.01,99.19,108.47,100.97,98.45,107.03,1.1,9.94,10.62,102.14,105.89,103.68,107.02,101.51,1.04
4,417.562,10.97,9.98,97.16,108.49,106.6,98.78,102.31,0.99,10.37,10.56,107.73,93.51,100.97,108.23,107.28,1.03
4,417.626,10.82,9.82,100.86,104.36,103.92,110.05,111.62,0.96,10.01,9.72,113.03,99.47,103.45,110.34,104.71,1.01
1,418.147,9.74,10.6,107.48,111.3,106.24,109.9,98.26,0.98,10.54,10.58,103.94,104.31,97.45,97.01,98.03,0.96
1,418.306,9.82,11.87,112.75,109.2,104.53,106.19,104.81,1.07,10.66,10.03,98.01,100.67,100.99,111.45,98.51,1.02
3,418.385,9.84,10.1,109.28,106.15,101.37,97.23,106.5,1.14,9.96,11.22,111.13,105.67,104.83,106.43,101.42,1.05
1,418.42,10.24,10.68,114.81,98.64,105.09,106.68,104.3,1.1,9.82,10.54,106.22,110.57,97.58,108.78,102.82,1.11
1,418.656,11.0,10.91,112.76,107.39,100.38,98.04,95.24,1.02,10.68,10.65,97.72,112.04,105.31,110.05,104.77,1.08
3,418.679,9.62,10.62,96.54,99.73,108.01,98.69,98.48,1.12,9.88,10.94,106.18,94.65,115.49,103.93,106.46,1.07
1,418.906,10.1,11.28,112.0,108.5,99.75,114.04,106.53,1.07,9.77,10.94,105.54,113.71,110.1,101.02,101.0,1.11
1,419.035,9.98,11.74,101.18,108.71,108.1,107.76,102.56,1.02,10.63,10.34,98.01,113.83,107.45,101.42,105.36,1.1
3,419.597,10.92,9.85,95.81,100.38,114.98,100.16,97.05,1.16,9.74,10.86,100.54,100.48,105.77,98.19,102.41,1.03
4,419.769,10.39,10.48,102.28,93.85,111.29,109.1,112.62,1.03,11.04,9.66,106.81,97.92,103.37,107.41,106.14,1.07
4,420.377,9.84,9.55,100.83,109.62,103.88,109.92,103.56,1.07,10.09,9.57,107.77,101.67,110.06,100.65,106.42,0.97
4,420.386,10.89,10.44,112.27,97.26,109.36,105.35,113.09,0.99,10.62,10.99,111.04,103.58,98.54,104.93,104.15,0.96
3,420.872,9.35,10.55,109.12,93.29,105.24,95.53,93.05,1.1,10.11,10.68,106.64,107.76,103.41,106.61,96.41,1.08
1,421.863,10.9,10.45,99.71,104.49,109.48,106.53,101.68,0.96,11.25,11.04,102.34,108.74,97.45,102.22,98.45,1.05
3,421.881,9.82,10.59,96.98,101.4,100.46,103.02,92.24,1.13,10.51,10.8,97.97,99.48,102.25,110.5,98.97,1.03
3,422.066,9.31,10.77,109.48,97.85,107.85,111.48,95.75,1.06,10.64,11.22,98.09,107.52,108.7,97.85,108.56,1.03
3,422.197,10.81,10.2,101.54,94.31,111.34,97.78,93.4,1.15,9.49,9.76,112.48,100.07,110.26,98.08,100.94,1.07
2,423.408,10.8,11.19,100.69,105.95,104.14,108.21,106.24,0.99,10.52,10.86,106.88,99.13,95.53,97.16,104.22,1.04
4,423.517,10.52,9.88,102.2,95.68,101.94,108.21,97.56,0.97,9.63,11.14,97.34,100.43,113.73,98.29,113.11,1.0
3,423.657,9.51,11.03,104.98,93.41,110.44,97.18,99.88,1.1,10.66,9.96,105.85,107.32,98.44,110.38,98.44,1.12
3,423.872,9.72,11.06,111.67,93.5,104.42,103.62,99.15,1.01,9.92,11.3,104.09,100.88,102.25,100.65,99.16,1.1
4,423.889,10.5,10.07,99.17,95.56,102.82,107.55,109.68,0.97,10.7,9.67,106.89,99.22,99.56,106.3,106.85,0.98
2,423.953,10.02,10.3,108.93,96.72,98.94,111.51,110.43,0.98,10.0,11.33,111.8,103.48,100.06,102.73,103.98,1.03
1,424.333,9.88,11.59,104.41,114.84,99.8,107.91,106.24,1.09,9.61,10.95,104.76,112.71,101.62,102.57,94.91,0.95
1,424.544,10.24,11.85,102.72,105.15,101.76,111.53,100.26,1.12,10.65,10.27,109.89,106.32,97.19,99.54,110.56,1.07
1,425.141,11.25,10.9,102.18,115.85,104.97,113.06,110.16,1.05,9.85,10.55,110.63,103.88,99.01,111.81,95.12,1.11
4,425.21,11.12,9.98,103.54,104.96,110.98,98.18,109.81,1.04,9.92,10.17,103.87,101.74,98.02,106.71,108.39,1.03
1,425.252,9.84,11.6,98.02,99.05,102.58,103.68,99.02,1.08,9.84,10.05,99.74,99.19,98.09,106.58,107.49,0.95
2,425.519,10.94,10.73,97.86,107.87,109.51,108.99,98.47,1.1,10.89,9.59,103.82,103.44,100.21,98.16,111.64,0.94
4,425.899,11.38,10.45,110.47,93.84,102.13,107.08,104.5,0.98,11.18,11.24,99.71,97.39,102.96,103.77,107.68,0.98
4,426.074,9.65,10.5,103.9,102.58,102.29,94.76,107.01,1.02,10.65,9.78,112.36,99.42,104.57,106.45,101.43,0.98
1,426.314,10.87,11.18,98.53,101.91,92.93,109.76,102.71,0.99,11.08,10.52,112.14,115.66,108.35,101.1,95.48,0.98
3,426.735,10.66,10.0,100.03,101.7,105.97,98.13,97.46,1.07,9.97,10.59,95.79,96.52,97.71,110.87,98.92,1.08
4,426.956,9.87,9.62,111.94,109.35,100.25,105.72,109.36,1.08,10.46,10.73,96.13,103.32,99.91,94.56,97.51,1.11
4,427.106,11.32,11.23,112.19,107.02,110.58,110.37,97.05,1.07,9.59,10.43,100.17,106.74,99.46,111.14,114.74,1.07
1,427.203,11.17,11.87,104.4,102.12,104.3,108.93,104.37,1.04,10.42,11.18,114.35,115.98,94.3,98.48,105.53,1.05
1,427.211,10.66,11.27,111.42,111.89,96.88,97.33,108.71,1.11,10.46,11.42,108.56,110.62,100.14,102.53,102.42,1.04
1,427.285,11.04,11.21,109.7,113.26,106.09,104.84,106.28,1.02,9.74,11.25,113.36,105.51,93.39,97.83,97.46,1.04
2,427.67,11.15,10.98,111.2,94.1,100.67,109.37,106.52,0.94,11.48,9.85,102.98,98.88,94.16,97.42,106.26,1.08
3,427.707,10.36,9.75,113.55,98.21,100.24,99.86,101.66,1.14,10.27,11.03,104.16,106.91,102.85,99.86,104.1,1.12
1,428.063,10.64,11.4,113.36,97.91,106.57,110.7,94.2,1.02,9.84,11.5,100.76,103.63,107.68,101.66,103.65,0.99
4,428.14,9.97,10.51,108.58,95.4,109.73,103.53,114.42,0.95,11.25,10.43,96.87,95.73,97.71,110.93,111.47,1.08
4,428.596,10.69,10.36,100.01,96.08,109.53,102.81,104.13,1.11,11.29,11.31,98.68,100.02,106.02,111.44,112.37,1.0
3,428.609,9.94,10.48,101.84,100.39,116.17,102.05,104.03,1.12,10.44,11.04,102.67,93.8,102.85,105.16,107.01,1.0
4,428.863,10.01,10.84,100.98,99.88,110.34,104.12,101.63,1.03,10.52,11.22,112.37,109.29,102.29,98.81,109.13,0.98
4,428.923,10.5,10.6,110.24,93.39,103.57,111.2,98.48,1.06,11.09,11.15,112.96,100.0,109.64,100.16,99.08,1.13
4,429.156,10.44,10.22,97.23,97.37,98.93,94.19,103.7,0.97,11.19,10.18,105.71,109.3,98.25,107.62,102.5,1.12
3,429.292,9.51,10.83,101.72,101.85,104.9,98.42,98.96,1.03,10.19,9.98,102.78,108.36,103.4,107.28,103.97,1.02
1,429.643,10.96,10.5,115.0,112.16,99.63,107.9,108.83,0.94,9.8,10.45,98.13,105.16,95.87,98.26,110.58,0.96
2,429.786,9.93,10.15,106.1,95.14,109.13,102.06,107.36,1.03,10.76,10.76,111.2,105.5,104.06,98.02,106.24,0.94
4,430.486,11.01,9.65,99.89,96.78,105.1,104.95,97.21,0.95,9.59,10.1,107.73,93.51,100.98,101.4,103.78,1.04
4,430.581,11.1,10.35,111.72,105.5,106.74,107.01,111.47,0.98,10.0,10.59,99.11,102.65,96.6,110.06,108.34,1.09
2,430.721,11.55,9.82,97.8,110.54,96.1,108.8,112.11,1.06,11.22,9.69,104.44,96.57,99.34,100.28,105.88,1.0
3,431.208,9.55,10.32,109.49,94.65,112.19,104.38,107.61,1.09,9.77,11.4,112.62,102.02,105.3,105.07,94.12,1.03
1,431.703,9.7,11.8,112.9,108.88,106.7,102.96,109.86,1.0,9.88,10.3,97.06,115.56,110.02,107.65,102.88,1.01
1,431.727,11.21,10.66,108.83,113.48,97.14,102.68,103.74,1.08,10.92,10.96,103.39,114.96,108.03,104.84,103.45,1.09
4,431.769,10.7,9.69,113.43,103.0,108.74,107.42,106.24,1.1,11.28,11.13,98.55,98.08,96.9,106.52,100.76,1.12
1,431.81,10.65,10.15,106.22,112.49,100.97,99.6,105.9,1.01,9.62,10.52,109.89,109.32,110.13,97.6,93.91,0.98
1,431.9,10.6,10.62,111.95,111.64,107.2,98.6,106.79,1.0,10.46,10.49,98.13,99.07,107.99,97.21,105.65,0.99
2,432.293,10.02,9.6,103.43,94.64,103.62,110.9,105.43,1.03,11.71,10.5,107.71,93.91,101.43,99.7,106.7,1.09
2,432.499,10.23,10.4,107.98,107.26,98.54,100.5,103.63,0.92,11.25,10.36,112.22,96.05,101.94,105.01,107.48,0.95
4,432.789,10.66,10.28,97.4,109.37,104.59,94.99,100.07,0.97,10.75,11.29,108.81,108.64,100.09,100.56,101.67,1.09
1,433.018,10.55,11.41,104.86,102.92,100.4,110.32,100.1,1.1,10.94,10.14,100.76,108.25,96.92,104.25,99.68,1.1
3,433.167,9.42,11.09,100.73,93.92,98.98,107.34,105.06,1.08,10.58,11.1,101.87,105.44,107.63,98.16,99.02,0.99
1,433.228,10.14,10.7,102.45,111.24,102.92,103.69,104.82,1.08,10.69,11.13,107.54,111.33,103.49,98.28,94.55,1.1
4,433.6,9.73,10.26,106.06,96.57,105.74,105.09,102.45,1.12,10.15,11.3,104.44,94.49,106.02,106.31,113.37,1.03
1,434.604,10.85,11.0,112.71,98.99,94.34,96.82,94.39,0.99,10.78,11.64,114.51,101.71,105.15,101.94,108.6,0.95
2,435.262,10.67,9.82,96.84,93.01,102.54,108.47,105.83,1.09,10.83,10.21,108.32,97.38,100.07,106.71,99.19,0.94
2,435.679,11.68,11.02,103.32,101.13,95.14,110.09,97.94,1.09,11.73,9.85,111.1,101.51,97.75,99.94,108.6,1.02
2,435.96,10.27,9.7,96.78,101.14,108.59,99.04,107.21,1.04,10.93,10.57,108.39,106.63,97.86,102.67,110.19,1.09
3,436.236,10.84,11.12,97.5,102.69,110.96,106.5,105.34,1.07,10.91,10.21,111.99,103.29,108.33,110.12,94.03,0.98
1,436.26,9.97,11.04,111.08,103.34,110.34,102.34,103.1,0.95,10.65,10.21,97.22,113.06,109.74,105.33,109.16,1.12
3,437.001,10.38,10.05,111.96,105.95,114.89,104.04,93.61,1.05,10.51,11.3,104.61,96.87,99.61,108.14,104.15,1.13
1,437.173,10.34,10.45,109.11,98.22,108.06,101.3,94.18,0.99,9.93,10.49,100.97,110.67,104.06,101.64,104.07,1.0
4,437.444,11.12,10.1,111.19,106.21,111.22,111.94,105.82,1.06,11.37,9.62,108.49,93.74,106.87,101.04,110.93,0.97
3,437.523,9.84,10.68,102.07,102.39,97.74,108.05,105.16,1.03,10.97,11.23,101.85,93.5,114.95,94.63,103.35,1.13
2,437.943,10.92,10.4,104.58,103.81,97.76,104.76,97.99,1.01,10.77,11.13,111.92,95.06,99.81,111.81,104.35,1.0
3,438.303,11.05,10.08,99.04,106.3,102.26,100.88,106.15,1.15,10.09,11.33,109.47,106.62,106.05,100.32,104.14,0.99
2,438.587,11.64,10.37,106.3,96.11,104.85,109.45,104.76,0.92,10.88,10.99,106.1,106.1,103.49,101.31,105.99,1.01
3,439.58,10.54,11.29,100.29,100.12,103.16,103.56,101.0,1.14,10.4,10.94,111.73,98.25,114.42,95.95,92.89,1.09
4,440.433,9.65,11.32,101.52,110.04,102.92,102.35,110.19,1.04,10.83,9.72,109.45,95.62,112.06,104.38,105.82,1.03
3,440.556,10.51,11.43,109.98,94.13,104.91,104.06,108.15,1.04,10.0,10.11,96.17,107.4,98.98,95.01,93.96,1.01
2,440.628,10.37,10.78,98.62,99.15,92.54,99.27,107.68,1.06,9.93,11.08,105.21,105.4,98.99,103.64,103.27,1.07
3,440.692,10.11,10.12,99.41,93.67,115.68,97.49,100.57,1.03,9.96,10.3,108.97,94.08,114.92,101.28,107.66,1.12
2,441.13,10.07,9.59,100.48,94.16,108.68,105.82,96.0,1.04,11.73,10.81,95.72,98.1,106.21,100.86,109.27,0.94
3,441.243,10.5,10.45,111.74,97.76,111.66,108.97,103.1,1.13,10.98,11.07,104.22,103.79,104.39,109.32,104.77,1.16
3,441.625,10.08,11.16,95.99,108.39,111.2,101.92,100.78,1.0,10.62,10.86,98.03,107.06,103.83,102.31,107.13,1.03
3,442.079,9.52,11.28,109.24,95.32,105.82,98.24,94.45,1.1,10.94,10.47,105.07,99.27,101.61,99.27,106.6,1.01
4,442.221,10.4,11.17,105.77,106.29,96.35,104.99,114.55,1.11,9.71,10.16,98.81,106.06,107.81,95.23,105.82,0.98
1,442.549,9.81,11.3,109.78,114.5,100.14,99.24,108.41,1.06,11.06,10.52,103.34,100.1,109.88,106.5,108.64,1.07
4,442.668,11.02,10.36,110.76,96.66,100.89,107.93,106.26,1.06,10.9,11.14,103.14,109.37,104.18,105.34,103.43,1.12
2,442.747,11.15,9.73,105.03,106.38,106.25,95.08,99.19,1.05,11.29,10.96,106.1,95.13,105.88,102.62,102.2,0.93
2,442.91,11.14,11.24,108.85,99.6,96.13,107.8,97.89,0.93,10.12,11.3,100.43,102.92,103.06,105.58,102.79,1.06
2,443.136,11.62,10.56,103.75,109.97,94.42,99.82,103.2,0.94,10.65,11.19,105.03,110.0,95.01,96.05,111.28,1.06
1,443.445,10.83,10.87,103.85,102.13,108.1,112.16,95.43,1.08,11.16,10.37,104.76,110.0,95.24,103.52,108.57,1.04
3,443.652,10.12,10.8,111.03,108.71,105.27,98.56,106.23,1.14,10.07,10.31,108.75,102.49,110.26,103.14,101.07,1.09
1,443.674,10.03,10.15,111.5,101.33,95.89,108.2,103.08,0.99,11.19,11.47,108.33,100.1,103.4,105.74,100.18,0.98
4,444.925,10.39,9.92,106.6,96.51,101.22,99.08,103.98,1.05,9.67,10.46,102.22,103.29,111.92,108.97,115.17,1.1
4,445.128,11.19,9.79,101.8,107.92,103.36,100.43,100.18,0.99,9.62,9.97,106.58,94.07,109.18,98.4,101.51,1.09
4,445.204,9.73,10.04,100.01,109.55,112.43,94.68,113.36,1.11,10.36,11.12,111.88,102.5,112.51,104.96,104.59,1.05
4,445.256,10.69,10.25,96.66,93.89,107.6,97.8,111.53,0.99,10.61,10.27,105.22,98.08,105.94,95.38,108.84,0.98
2,445.403,11.15,10.46,96.67,105.11,102.04,106.2,103.54,1.02,11.72,9.66,111.49,97.67,101.82,108.68,107.18,0.95
4,446.029,10.09,9.89,103.03,102.27,106.74,96.84,101.74,1.06,9.77,10.15,109.48,110.31,108.1,100.53,108.12,1.1
4,446.394,10.29,10.46,102.09,108.49,104.68,103.94,111.31,1.07,10.98,10.9,104.92,110.07,103.35,94.24,110.16,1.02
3,446.478,9.84,11.05,98.6,96.52,103.43,98.57,98.18,1.12,9.47,10.45,104.56,104.23,111.0,104.9,107.01,1.03
1,446.859,9.67,10.27,97.06,103.2,102.48,102.26,95.04,1.12,9.83,10.57,107.87,111.74,99.39,114.18,109.13,1.04
3,447.389,10.43,11.15,95.85,92.15,103.02,104.72,98.88,0.99,9.84,10.37,98.34,94.58,110.17,102.99,107.94,1.04
2,447.807,11.08,10.51,98.94,110.33,93.21,108.8,98.88,1.06,10.87,10.47,99.1,107.19,97.02,107.85,108.92,0.95
1,448.179,10.32,10.7,115.13,105.91,106.58,101.4,99.18,1.03,10.54,10.43,105.8,105.09,105.27,99.54,104.1,0.96
3,448.511,9.6,9.69,104.9,102.64,106.85,98.49,100.66,1.08,10.38,10.68,106.4,108.36,113.95,98.83,101.07,1.06
2,448.568,10.35,10.26,105.91,94.15,97.7,103.7,101.55,0.95,9.95,10.24,108.8,93.37,106.18,104.86,105.21,0.98
4,448.597,10.12,9.94,109.68,101.86,109.16,94.23,111.21,1.06,11.19,9.81,102.28,104.36,109.83,100.1,101.05,1.1
1,449.28,10.05,11.16,106.7,104.11,98.67,106.3,105.95,1.03,10.88,11.41,108.76,115.41,110.04,110.0,106.18,1.01
1,449.588,11.07,11.26,111.4,115.51,106.62,102.44,98.56,1.06,10.26,11.74,99.45,108.08,103.9,106.5,101.31,0.95
4,450.462,11.37,10.69,106.58,102.5,103.56,100.18,108.84,1.02,11.14,10.68,102.2,101.79,111.96,100.73,115.08,1.08
3,450.574,10.58,10.18,100.09,108.37,114.95,109.55,101.6,1.1,10.73,11.37,97.79,102.99,115.67,105.93,101.1,1.02
1,451.189,11.04,10.36,112.21,98.43,100.97,98.35,100.73,0.99,9.86,11.32,100.36,101.62,101.96,106.73,95.83,0.96
1,452.255,10.57,10.66,112.58,106.74,104.24,107.21,103.3,1.03,11.19,11.6,105.79,110.58,97.0,110.2,111.18,1.05
2,452.919,11.15,10.63,113.15,101.34,99.02,96.18,111.21,1.01,10.26,10.33,105.49,102.06,107.05,105.91,104.57,1.07
3,453.294,10.06,10.89,106.13,98.52,105.34,100.09,96.91,1.09,9.84,10.54,95.74,98.92,108.58,96.65,102.1,1.06
2,453.312,10.14,11.24,101.95,96.32,97.76,104.98,96.58,1.03,10.32,9.63,113.22,109.28,94.56,108.53,99.66,0.99
3,453.354,10.01,9.77,99.64,101.93,104.91,106.82,105.73,1.05,9.38,10.44,101.58,97.02,98.12,109.58,109.17,1.07
4,453.393,10.57,11.08,98.04,93.48,99.08,99.11,108.36,1.1,10.86,10.56,106.55,107.29,106.09,107.98,100.08,1.0
3,453.885,10.62,11.44,110.0,105.55,115.86,98.57,95.11,1.13,10.54,10.44,98.1,93.43,101.92,104.66,102.85,1.13
4,454.108,10.83,10.89,109.02,108.19,113.75,94.31,102.64,1.05,10.53,10.73,112.11,103.46,109.1,105.04,105.57,0.99
3,454.261,10.62,11.06,104.3,98.76,107.85,109.27,97.48,1.02,10.59,10.14,108.26,97.2,111.06,96.6,98.49,1.15
2,455.241,11.08,11.11,103.15,106.82,103.11,110.18,101.88,0.96,10.57,11.28,99.1,104.0,108.6,104.04,106.77,1.06
4,455.296,10.44,9.85,109.45,102.82,107.6,105.09,98.76,1.12,10.97,10.38,109.1,103.8,106.06,100.4,102.91,0.98
2,456.06,10.62,10.21,97.86,110.28,106.52,95.0,96.33,1.0,11.53,11.26,104.89,105.06,99.89,111.76,112.36,1.07
1,456.473,10.24,11.31,99.45,110.19,109.47,98.05,101.38,1.04,10.82,10.49,114.35,103.88,95.24,111.81,110.27,1.02
4,456.525,10.88,10.2,107.52,103.98,104.39,100.16,113.55,1.12,10.41,9.87,110.24,109.82,104.11,111.51,104.74,1.1
2,456.595,10.44,11.35,100.69,93.16,101.54,102.88,111.07,0.96,10.58,10.89,99.88,109.96,96.04,106.82,111.94,1.07
3,456.63,10.4,10.93,107.73,92.9,99.61,109.92,97.45,0.98,10.26,10.34,97.67,106.03,108.29,107.17,95.44,0.98
3,456.822,10.94,10.31,99.8,98.37,106.0,100.92,99.87,1.12,9.83,10.47,96.06,97.68,99.7,96.41,98.9,1.08
2,456.974,10.62,10.55,96.59,98.16,107.95,106.93,103.61,0.99,11.29,10.44,100.6,96.0,98.62,98.43,103.58,0.96
2,457.212,10.01,9.83,104.82,98.52,108.83,110.18,110.3,1.02,10.23,9.82,96.26,104.63,97.85,106.98,106.04,0.98
1,457.395,9.72,10.05,108.91,103.5,109.55,103.09,108.06,0.99,10.25,10.59,106.46,101.08,99.11,108.05,98.21,0.94
4,457.525,10.06,10.42,105.06,98.43,112.32,106.97,110.26,0.96,11.27,10.54,109.99,105.41,111.76,94.6,105.33,1.07
4,457.574,9.62,11.24,113.42,109.55,112.71,105.82,102.57,1.05,10.92,9.9,96.46,102.09,106.85,107.23,114.38,1.12
3,457.689,10.73,10.75,104.64,97.1,108.64,108.58,105.67,1.16,10.86,10.66,98.95,91.78,111.69,106.83,102.31,1.11
2,458.04,11.72,10.5,109.99,103.68,98.34,98.6,109.63,1.08,10.26,11.08,113.34,99.76,103.98,101.6,98.8,1.07
2,458.075,10.65,10.84,106.6,106.97,102.67,99.08,98.87,0.95,11.1,10.72,109.9,96.72,103.79,109.53,109.76,1.02
1,458.478,10.98,10.37,110.67,115.68,102.64,114.78,98.56,1.1,9.7,10.69,104.4,115.39,105.97,104.49,106.2,0.99
2,458.515,10.58,10.23,107.07,105.31,108.46,110.47,95.8,0.96,11.66,9.75,95.82,98.63,99.7,108.41,101.09,1.01
4,459.221,10.75,10.22,99.34,104.96,97.47,96.32,104.05,1.03,9.9,10.97,109.68,106.39,96.16,107.34,106.09,1.03
3,459.242,9.98,11.05,103.88,91.73,102.3,107.88,105.71,1.12,9.55,10.38,98.11,99.21,106.9,104.02,100.94,1.09
2,459.472,11.52,11.15,106.82,110.01,95.98,107.72,110.76,0.96,11.36,9.85,107.22,110.4,109.01,98.38,107.78,1.08
2,460.088,10.8,10.78,108.32,97.38,109.53,99.28,96.15,1.03,11.54,10.8,110.45,93.28,108.86,108.21,103.35,1.0
2,460.155,10.49,10.49,108.85,100.4,92.61,107.74,107.93,1.07,10.69,10.16,110.91,101.58,106.21,97.02,107.18,0.97
1,460.298,11.12,11.07,102.54,106.6,107.7,98.44,109.09,0.99,10.67,10.88,106.8,99.16,107.17,114.69,111.23,1.04
2,460.361,10.75,11.34,107.76,101.14,101.81,105.69,101.7,0.99,10.59,10.28,107.01,99.8,109.4,99.72,110.33,0.96
1,460.814,10.82,11.57,98.05,109.26,97.99,100.93,108.32,1.04,9.95,10.57,105.23,112.7,102.49,112.57,99.82,1.1
3,461.647,9.33,11.19,110.72,95.39,102.82,96.75,92.43,0.99,9.3,9.85,113.14,100.4,102.61,98.66,95.06,1.06
1,461.922,9.63,10.59,108.19,103.84,104.3,98.45,107.64,0.99,10.18,10.91,113.72,108.22,93.41,97.61,104.15,0.95
2,462.096,10.46,10.22,111.49,107.33,99.81,100.58,98.8,1.05,10.52,10.89,103.61,99.66,97.91,97.35,104.95,1.03
1,462.149,11.15,11.01,98.13,110.18,107.55,113.51,105.3,1.06,10.02,11.66,99.55,114.41,99.46,115.02,99.71,0.97
1,462.217,10.27,11.44,113.85,110.38,95.91,106.11,102.23,1.04,10.26,11.09,113.66,105.3,104.62,104.17,106.05,1.08
4,462.242,9.96,10.89,109.29,101.24,99.25,103.29,98.35,1.04,10.18,9.75,107.53,110.5,106.76,106.75,103.37,1.0
2,462.369,10.85,11.11,104.21,96.83,98.66,95.93,100.22,1.05,10.85,10.91,100.34,108.65,102.04,108.13,100.2,1.08
2,462.452,10.13,10.09,110.78,103.73,96.9,105.3,97.3,0.98,10.07,10.45,103.62,101.61,93.89,112.34,109.15,1.02
2,462.524,11.28,10.26,98.19,106.03,104.57,96.6,99.64,1.07,11.38,11.21,113.34,93.61,94.08,99.25,98.42,1.09
3,462.836,9.78,11.08,105.57,95.34,111.23,102.54,92.07,1.05,9.99,11.5,112.19,92.12,106.46,106.97,107.45,1.01
4,462.885,10.72,9.61,112.27,104.58,99.8,105.78,101.4,0.96,10.62,9.89,111.73,107.76,113.39,108.82,97.49,1.01
3,463.009,9.72,10.12,106.68,101.3,107.85,95.67,102.52,1.16,10.9,10.19,109.83,93.92,103.14,111.42,97.41,1.01
1,463.311,9.92,10.61,104.8,101.38,103.44,100.9,94.8,1.07,9.81,10.36,99.58,106.88,95.48,100.93,108.39,1.09
3,463.461,9.43,10.39,102.38,98.34,100.41,108.66,104.15,1.07,11.05,11.39,95.63,103.63,105.19,100.86,94.42,1.12
1,463.629,9.74,10.97,99.01,111.3,100.97,103.66,107.59,1.07,10.19,10.58,104.26,103.57,102.63,107.36,101.1,1.05
2,463.743,11.61,9.63,108.8,94.92,93.48,107.47,99.19,0.95,11.65,10.71,98.57,97.88,102.09,108.18,96.18,1.01
3,464.308,9.43,10.18,107.21,91.74,115.51,98.05,94.31,1.15,10.65,9.67,101.72,98.1,105.06,107.58,108.71,0.98
1,464.883,10.4,10.42,104.74,100.1,101.93,109.38,102.15,1.07,10.09,10.4,102.68,111.49,101.59,103.13,97.06,0.96
4,465.276,9.98,10.26,101.98,106.29,111.76,100.31,115.05,1.02,10.2,11.19,112.44,106.15,107.54,97.68,101.49,1.0
1,465.299,10.53,10.7,98.61,105.0,94.63,105.54,95.73,1.04,10.57,11.05,106.07,110.19,93.49,113.26,105.65,0.94
2,465.553,10.22,10.08,106.74,97.5,109.75,97.17,108.54,0.97,11.66,10.7,98.31,107.46,105.66,94.52,101.96,1.05
1,465.604,9.69,11.63,104.06,103.96,107.98,98.63,108.51,1.08,10.76,10.36,115.13,99.91,108.35,111.11,94.39,1.04
4,465.624,10.77,9.85,100.46,101.04,109.0,97.05,100.09,1.1,10.14,9.62,103.03,103.79,104.5,104.98,103.41,1.05
1,466.467,10.22,11.01,100.52,115.74,97.14,100.26,98.2,1.04,9.54,10.66,115.0,109.97,93.53,103.04,105.83,0.96
1,466.607,9.85,11.66,108.83,101.17,105.44,107.74,104.46,1.06,9.64,10.64,106.38,103.03,106.7,113.23,99.79,1.11
4,466.838,10.2,10.05,101.58,97.05,97.75,105.5,97.81,1.03,9.85,9.88,111.08,93.4,104.77,105.55,102.02,1.13
2,466.925,10.76,11.09,107.22,107.87,103.35,103.81,111.88,0.92,11.71,10.42,113.34,99.75,108.64,94.71,109.07,1.01
2,467.239,10.88,9.56,101.87,106.25,106.22,96.32,106.73,0.94,10.43,9.71,111.49,99.44,96.22,101.22,99.11,1.07
3,467.619,9.64,11.3,109.47,100.04,113.72,110.03,107.38,0.98,11.0,11.01,105.94,103.0,115.27,107.72,108.91,1.08
2,468.324,11.55,10.33,112.61,110.54,98.2,98.27,108.56,1.0,11.38,10.14,99.66,99.37,103.76,102.72,99.16,1.01
1,468.769,10.56,11.91,103.56,107.62,103.37,114.53,101.84,0.99,9.6,10.58,111.5,108.66,95.86,103.18,99.57,1.06
1,468.923,10.72,10.09,98.66,112.86,93.48,108.54,97.86,1.0,11.26,11.82,98.03,113.69,93.93,108.1,104.1,0.99
2,469.487,10.04,10.29,107.65,108.42,99.58,96.62,97.12,0.96,11.05,10.92,109.39,109.08,92.81,97.62,112.5,1.05
4,469.717,9.84,10.74,99.17,99.63,100.61,101.73,113.94,1.04,11.09,10.48,98.22,102.17,105.07,96.29,104.61,1.1
4,469.91,9.97,10.5,111.36,100.17,96.02,103.53,101.74,0.98,11.35,10.34,104.91,93.54,100.79,100.03,102.12,0.96
4,470.024,11.2,10.07,102.63,104.13,107.38,95.68,97.05,1.12,9.7,10.02,104.57,101.86,110.07,98.33,112.05,0.98
1,470.449,10.54,11.73,109.88,109.7,96.17,108.52,109.48,0.95,10.29,10.58,114.05,105.74,101.76,113.64,99.96,1.11
4,470.627,10.45,9.8,96.07,95.8,100.52,96.09,99.44,1.05,11.25,10.75,109.4,96.44,113.19,109.39,97.32,1.11
2,470.713,10.19,9.83,107.07,98.2,100.0,96.69,102.15,0.97,10.91,10.34,111.67,107.76,99.97,102.51,104.8,0.96
3,470.893,9.59,11.4,96.74,104.17,115.31,109.16,97.86,1.13,10.86,10.8,103.37,92.76,114.88,104.39,103.0,1.0
4,471.333,11.32,10.73,102.44,93.99,102.84,104.75,109.08,1.12,9.93,9.91,112.28,107.79,102.11,96.75,99.26,1.06
3,471.374,10.94,9.97,112.5,108.47,103.85,105.33,94.25,0.99,10.97,10.52,111.69,105.48,115.83,98.49,107.73,1.16
1,471.569,11.03,11.54,99.9,102.47,101.93,104.18,104.49,1.03,9.99,10.28,107.16,115.95,105.0,97.21,102.11,1.11
3,471.762,9.71,9.84,100.03,108.85,115.81,100.66,107.83,1.13,9.99,11.29,101.23,97.92,99.8,105.75,92.24,1.08
2,472.623,10.96,9.9,102.56,98.22,101.14,106.29,97.31,1.1,10.7,11.3,111.46,99.24,105.88,106.38,97.99,1.07
2,473.493,10.04,10.34,109.34,93.96,98.29,108.34,96.32,1.06,10.9,10.82,101.68,103.42,97.53,97.62,100.81,1.03
3,473.767,9.32,10.61,103.92,97.52,112.12,96.58,103.12,1.11,10.07,10.61,102.01,106.53,102.49,95.3,102.7,1.03
4,473.983,10.52,10.21,101.98,93.4,96.26,99.55,108.8,1.1,11.24,10.65,112.72,95.5,111.32,99.91,103.3,1.05
3,474.129,9.36,10.76,105.66,96.24,108.22,109.34,107.78,1.02,9.99,10.56,109.64,97.07,105.34,94.73,101.19,1.02
3,474.348,9.86,10.68,103.92,107.4,103.94,95.47,100.32,1.09,9.59,10.31,110.32,103.96,101.98,100.98,97.93,1.08
2,474.589,10.65,11.19,97.19,93.18,92.46,105.39,104.08,1.03,10.29,11.07,102.91,103.44,93.0,96.8,109.52,1.07
2,474.675,10.39,11.25,111.92,101.82,108.51,105.96,109.92,1.04,10.91,9.83,105.6,108.9,97.51,110.09,97.2,0.96
2,475.257,10.23,10.63,97.33,99.75,95.33,99.68,107.44,1.08,11.29,9.87,96.3,93.28,108.88,104.76,102.09,1.07
2,475.301,11.15,10.02,103.68,100.22,94.12,100.5,112.12,1.08,11.73,11.26,95.85,96.1,100.76,111.92,96.83,1.07
3,475.926,11.0,10.59,102.86,107.08,111.58,103.75,99.62,1.03,9.87,10.5,109.78,91.73,104.85,95.01,93.68,1.01
2,475.985,11.15,10.19,99.8,95.63,95.08,108.75,96.54,0.98,11.09,10.46,113.02,94.5,96.03,101.5,107.44,1.08
2,477.17,10.52,9.66,99.57,105.65,93.94,96.69,100.98,1.08,11.48,11.22,98.84,97.89,108.56,102.28,103.41,1.1
1,477.432,10.59,10.94,108.36,99.21,106.84,113.52,100.12,0.98,10.1,11.85,110.45,101.98,98.72,109.53,100.1,1.04
3,477.746,9.51,10.42,106.22,95.58,111.79,106.39,100.25,1.1,10.19,11.42,99.28,101.12,109.96,99.99,100.78,1.04
1,477.917,11.02,11.01,104.42,107.69,105.83,110.13,109.83,1.05,10.83,11.33,109.38,110.64,109.55,109.38,94.66,0.98
4,478.096,10.37,10.68,97.58,103.98,107.42,105.73,114.3,0.96,10.39,11.01,99.05,96.65,102.29,104.46,106.24,0.96
2,478.143,11.45,11.08,96.75,108.17,103.29,95.54,100.78,1.08,10.18,10.71,98.98,96.18,107.87,111.6,103.18,1.08
3,478.273,9.95,10.03,110.35,93.47,113.92,110.32,108.59,1.12,9.76,10.8,113.14,106.66,108.86,105.76,100.57,1.08
4,478.845,10.4,10.28,104.23,102.55,97.11,98.15,108.76,1.0,10.13,11.2,101.87,97.08,95.99,106.19,102.6,1.13
1,479.065,9.59,10.12,100.07,102.92,93.49,102.89,97.53,1.12,10.03,11.77,111.01,106.84,98.62,99.21,95.14,0.96
4,479.257,11.11,10.64,102.18,110.52,101.75,100.53,111.54,1.09,10.66,10.88,97.59,107.48,108.04,108.25,105.9,1.01
4,479.562,11.32,10.66,113.15,108.06,101.57,94.99,108.72,1.12,10.24,11.06,106.05,99.34,96.58,108.79,105.44,1.1
2,480.007,10.83,10.95,107.98,105.48,108.62,102.74,109.69,0.95,11.52,10.52,102.9,93.73,105.53,111.04,109.65,1.08
1,480.457,10.94,10.22,113.06,110.95,97.16,113.15,106.83,1.12,9.59,10.67,98.35,108.02,97.1,109.1,93.53,1.04
2,480.475,11.29,9.66,108.32,102.02,93.76,110.17,97.78,1.08,11.21,9.83,109.18,93.09,108.7,95.74,103.63,1.08
1,480.498,10.73,11.54,105.12,108.64,104.3,96.8,101.0,1.1,10.84,11.5,98.43,102.84,102.98,110.21,105.35,1.01
2,480.991,10.35,11.28,110.7,101.51,97.01,98.51,99.62,1.04,9.95,10.14,104.07,104.44,92.67,100.55,111.5,0.97
3,481.35,10.94,10.47,100.31,99.93,114.9,105.75,107.74,1.0,11.0,9.86,95.99,99.76,106.97,110.96,93.98,0.99
4,481.434,10.83,10.68,109.86,100.93,102.68,99.91,98.2,1.04,11.03,9.53,113.82,95.29,103.36,102.96,97.5,0.95
2,481.847,10.3,9.63,112.85,103.0,108.98,107.95,108.61,1.06,11.26,10.75,107.62,101.61,100.48,109.19,97.79,0.94
3,482.083,10.05,10.38,112.11,101.3,99.79,108.82,105.28,1.14,10.26,11.14,107.29,98.15,97.96,110.89,106.74,1.06
2,482.35,10.39,10.63,96.67,98.64,102.5,111.17,102.25,1.03,11.14,10.35,99.21,100.8,103.79,104.08,96.52,0.94
1,482.689,9.65,10.79,104.4,114.63,97.99,107.38,95.96,1.1,11.12,10.87,109.07,107.52,110.02,97.83,106.93,1.01
4,483.038,10.87,11.16,110.35,96.44,99.28,107.06,111.35,1.01,10.49,9.58,105.9,110.5,109.05,100.4,114.73,1.11
4,483.436,10.09,9.71,107.5,101.36,111.22,102.64,114.38,1.04,9.98,10.32,103.94,99.59,99.91,97.87,103.15,1.01
2,484.58,10.25,9.67,101.5,102.66,96.0,111.09,96.42,1.08,10.91,10.8,101.73,109.57,102.73,111.12,96.8,1.02
4,484.92,10.12,10.74,105.11,96.67,107.0,106.59,114.34,0.96,11.15,10.12,113.16,97.99,102.31,107.38,103.08,1.12
4,485.135,10.39,9.71,101.91,106.29,109.84,107.26,103.61,1.03,10.81,10.62,101.99,108.21,113.75,111.94,105.82,0.98
4,485.461,10.41,11.22,101.74,99.89,108.53,105.2,105.82,0.99,10.45,11.2,110.95,102.28,103.15,99.95,106.24,1.05
2,485.486,10.26,10.33,110.14,107.87,99.66,101.26,106.76,1.06,11.1,11.15,111.04,102.79,99.81,95.92,112.24,1.04
2,485.842,11.31,10.22,102.28,96.58,97.91,107.86,105.83,1.07,10.94,10.57,104.93,100.11,102.42,104.04,105.17,0.96
2,486.644,11.72,9.86,102.15,102.19,97.95,94.86,113.46,1.09,10.58,11.1,101.79,94.74,100.45,104.75,104.19,1.04
4,486.81,9.65,10.69,102.8,95.64,100.61,104.62,102.69,1.03,9.71,11.18,108.8,101.42,102.44,102.55,101.1,1.04
1,486.897,10.95,10.14,100.1,109.9,94.1,108.92,99.38,1.04,10.86,11.37,99.91,102.92,99.42,99.21,109.53,1.02
4,486.905,11.06,9.56,106.06,105.4,104.57,98.95,104.06,1.06,9.65,10.48,103.82,109.19,99.91,100.7,107.3,1.08
2,487.019,10.07,10.02,104.18,106.11,98.33,97.1,110.7,1.09,11.26,9.96,98.44,93.61,106.08,102.28,105.23,1.08
2,487.154,10.25,10.21,103.32,94.18,101.76,95.58,107.49,1.06,10.85,10.72,99.62,105.88,100.22,110.98,103.43,0.95
2,487.639,9.93,10.41,102.91,102.9,102.73,110.32,111.94,1.03,10.88,10.21,110.57,103.69,107.68,100.64,95.8,1.02
1,487.709,11.03,11.38,105.36,111.55,107.5,113.18,94.44,1.03,10.38,10.15,98.32,109.93,109.21,100.74,96.67,1.12
3,488.472,10.41,10.54,102.0,101.4,105.96,103.76,97.38,1.07,9.59,9.96,107.32,96.07,106.78,106.77,98.22,1.04
3,488.762,10.07,10.49,109.98,92.43,108.52,110.99,102.52,1.04,9.62,10.54,109.57,103.5,106.37,103.16,107.97,0.98
3,488.79,10.86,11.19,106.49,97.76,112.86,95.27,107.97,1.1,9.53,10.01,95.99,97.82,98.89,109.29,102.67,0.99
2,488.8,11.7,10.8,109.39,98.09,106.4,105.16,100.81,1.03,10.18,10.25,111.64,97.34,98.03,100.12,96.78,1.1
2,489.47,10.39,9.77,108.85,110.01,101.29,98.83,97.12,1.06,10.91,10.89,97.75,97.44,106.78,98.22,97.66,0.93
4,489.555,9.93,10.43,108.46,109.17,108.24,108.44,104.99,1.06,9.8,10.5,110.56,99.58,96.31,97.58,112.87,1.06
2,490.141,10.41,10.63,103.68,107.88,94.73,97.43,103.28,1.05,10.63,10.75,107.75,96.51,107.08,111.84,110.21,1.03
1,490.424,10.09,10.96,111.4,116.01,105.47,104.84,106.72,0.97,10.59,11.2,97.64,112.77,105.27,99.49,104.3,0.96
2,490.521,9.89,11.09,110.82,103.21,109.01,96.61,108.49,0.95,11.05,10.98,100.6,101.44,92.47,106.88,99.8,1.01
2,490.733,10.67,9.6,105.03,102.51,92.79,101.88,109.15,1.05,10.8,9.66,110.85,99.88,103.86,104.41,103.35,1.09
3,490.912,9.77,10.2,107.41,100.99,102.38,102.13,107.78,1.05,10.73,10.62,102.07,106.9,108.52,100.88,103.39,1.16
2,491.986,10.08,11.05,103.15,106.47,105.42,94.71,107.76,0.96,11.7,10.23,100.68,105.06,99.7,112.28,106.56,0.93
3,492.241,10.82,10.68,102.04,105.44,112.9,109.67,98.9,0.99,10.4,10.45,96.11,107.98,103.64,104.08,107.52,1.16
2,492.517,10.72,10.79,111.84,96.31,106.22,112.38,101.7,1.02,11.21,9.85,108.54,97.49,106.15,101.26,103.25,1.02
2,492.674,11.3,11.15,104.18,98.62,100.45,102.86,98.65,0.96,11.67,9.8,100.34,95.54,98.39,101.48,107.02,1.07
1,492.71,9.71,10.38,110.45,111.55,105.08,97.47,103.65,1.1,11.12,11.6,114.76,111.76,96.88,108.21,107.79,0.96
3,492.736,10.86,11.4,100.29,102.94,104.0,97.66,105.73,1.12,10.32,9.94,100.3,108.46,106.0,104.28,107.64,1.07
3,493.197,10.04,10.94,109.16,105.63,98.54,98.37,102.12,1.04,10.28,10.48,111.45,98.21,97.75,110.61,108.86,1.16
1,493.423,10.65,11.13,101.12,115.61,93.2,110.2,104.32,1.05,11.27,11.81,114.5,109.05,106.63,107.22,100.13,1.01
1,494.268,9.82,11.72,97.97,100.01,104.0,106.78,93.87,1.08,9.52,10.26,112.09,106.2,105.3,109.3,105.97,0.96
3,494.494,9.89,10.27,99.79,96.16,107.31,109.46,108.86,1.15,10.99,10.04,113.28,108.24,104.91,109.22,108.22,1.07
3,495.095,10.22,10.1,110.51,97.08,97.84,99.56,109.22,1.07,9.83,10.93,111.21,97.98,115.31,101.91,94.53,0.99
1,495.159,9.82,10.74,97.0,102.64,110.4,97.73,95.97,1.04,10.23,11.33,114.67,113.04,99.39,109.12,94.83,1.06
2,495.776,10.39,11.24,97.58,102.39,98.0,95.79,105.88,0.97,10.09,11.32,98.06,103.8,107.78,95.34,104.34,0.98
3,495.994,9.4,10.16,103.12,92.97,113.62,100.5,93.98,1.15,9.56,9.82,100.4,98.04,108.58,101.92,103.87,1.06
1,497.264,11.1,11.1,104.86,107.5,108.29,102.87,105.34,1.1,11.1,11.01,111.01,98.54,100.09,100.88,107.96,1.04
3,497.573,10.08,9.84,106.44,94.31,105.81,107.91,96.56,1.13,9.72,11.45,96.68,108.32,109.6,106.82,105.79,1.05
2,497.74,10.18,10.23,96.72,107.01,107.53,102.6,108.2,0.94,10.16,9.68,98.44,107.25,92.47,95.44,102.23,0.97
1,498.438,9.99,10.97,103.8,109.98,102.63,110.34,95.14,1.06,11.25,11.13,110.45,103.88,94.41,106.08,108.36,1.03
2,498.731,9.97,10.78,111.51,100.23,101.36,103.44,104.85,1.06,10.23,10.44,102.65,101.4,104.74,103.32,105.28,1.06
2,499.285,10.92,10.53,100.4,106.46,96.57,107.11,99.11,1.08,10.7,10.11,95.77,103.14,102.46,111.28,111.18,1.0
3,500.125,10.36,9.75,109.07,101.12,110.28,109.46,93.32,1.08,9.45,11.32,104.81,99.6,113.9,103.85,101.02,1.05
2,500.226,11.0,11.02,100.13,103.52,108.67,107.55,95.78,0.95,10.91,10.72,102.65,96.03,107.21,98.61,107.21,0.97
3,500.238,10.21,9.79,96.22,105.72,102.41,94.66,96.06,1.14,9.58,9.95,95.88,100.36,112.94,101.45,93.68,1.03
1,500.638,10.61,11.2,102.67,104.43,97.99,100.62,103.08,1.03,9.62,10.18,101.19,108.74,97.76,110.09,104.49,1.11
2,500.675,10.22,9.98,111.84,106.61,93.88,106.34,108.6,1.0,11.21,10.91,110.45,96.8,104.7,110.53,107.67,1.08
2,500.792,11.48,10.84,108.61,105.3,98.19,111.24,96.96,0.96,10.13,10.0,96.04,109.18,103.06,104.95,102.2,1.08
2,501.07,11.0,10.58,109.2,109.98,93.12,107.63,100.62,1.0,10.23,11.14,103.96,100.19,98.99,105.74,109.65,0.95
1,501.446,9.82,11.12,102.61,102.12,97.75,102.72,104.68,0.97,10.81,10.74,105.36,100.2,109.92,110.15,103.34,1.06
1,502.374,10.14,10.71,106.73,111.46,100.72,108.01,102.18,1.1,11.17,11.79,100.08,115.17,108.53,113.78,102.23,1.03
1,502.623,10.99,10.55,103.81,99.74,96.21,103.52,101.97,1.1,10.22,11.84,114.11,103.5,107.42,105.78,99.28,0.98
1,502.856,10.18,11.34,104.38,115.31,110.1,97.48,104.76,1.07,11.28,11.73,107.67,102.82,108.66,110.76,109.7,1.08
3,503.095,10.12,11.16,111.39,105.91,101.84,95.67,106.02,1.03,10.68,10.8,108.3,94.56,101.28,106.82,103.07,1.03
1,503.657,11.03,10.96,114.39,107.27,108.0,101.16,102.5,0.95,10.05,11.67,105.28,110.91,102.81,106.42,103.0,0.96
3,503.993,9.93,9.85,101.72,94.52,100.46,98.39,108.85,1.12,10.16,10.47,107.73,95.02,112.09,109.29,96.24,1.02
1,505.862,9.56,11.06,112.06,114.82,109.24,107.44,110.98,1.11,9.74,11.06,105.01,104.49,94.7,99.98,104.85,1.0
1,505.97,10.72,10.59,113.88,112.86,106.24,103.41,99.48,1.04,10.48,10.16,113.36,98.23,94.92,105.61,104.79,0.94
3,506.383,10.17,10.53,96.97,101.7,109.39,102.71,109.18,1.04,10.37,11.19,103.83,94.75,103.56,102.67,101.16,1.16
3,506.745,10.94,11.32,109.91,108.82,106.03,97.09,109.1,1.06,10.52,11.17,106.59,98.35,104.12,106.84,107.17,1.04
3,507.793,10.74,11.3,106.89,97.85,97.99,111.43,109.02,1.02,10.97,10.51,108.41,96.44,109.5,107.27,96.55,1.13
3,508.543,9.32,10.96,107.4,97.82,98.19,95.54,96.27,0.98,9.31,9.76,106.76,92.56,106.04,106.15,107.64,1.1
1,508.899,9.89,11.85,106.6,101.91,94.47,114.66,96.61,0.95,11.03,11.36,108.55,113.82,96.35,110.09,106.2,0.98
1,509.222,11.17,11.63,97.42,103.46,106.84,97.36,98.95,0.94,11.08,10.32,102.08,104.17,102.48,99.51,110.34,1.11
1,509.248,10.88,10.07,112.9,101.89,97.58,110.48,93.87,1.09,9.62,10.31,110.38,101.34,107.99,103.04,97.86,1.01
1,510.137,11.03,10.97,104.45,99.19,108.65,98.82,98.15,1.02,10.64,11.51,113.28,105.38,96.49,105.92,100.52,0.99
1,510.303,10.26,11.28,110.39,113.71,100.4,102.44,108.27,1.03,11.04,11.0,104.52,98.02,103.97,110.84,99.44,1.1
1,512.035,10.89,11.34,102.93,97.91,102.39,106.07,106.18,0.96,9.96,10.37,98.34,113.71,94.84,104.25,94.21,1.02
1,513.938,10.46,11.35,100.37,114.84,103.17,105.5,109.53,1.02,9.66,10.48,98.01,115.12,102.27,104.18,99.14,0.97
1,514.241,11.06,10.63,97.4,108.44,108.77,109.62,99.01,1.11,9.99,11.88,101.12,106.36,96.39,97.81,109.69,0.99
1,514.679,9.9,10.46,104.35,111.6,95.09,112.16,97.51,1.0,10.37,10.66,97.17,115.89,93.14,108.54,109.86,1.05
1,514.759,9.92,10.99,98.06,109.44,96.46,103.97,108.29,1.09,11.17,10.52,113.91,111.7,100.09,114.48,110.95,1.05
1,515.816,9.7,11.77,97.17,112.86,93.78,98.46,100.28,0.96,10.14,10.03,100.76,107.22,97.16,103.41,102.67,1.01
1,515.88,10.94,11.46,115.09,98.13,105.14,110.09,96.26,0.96,10.29,10.35,113.58,101.72,106.24,98.33,104.77,1.08
1,517.022,11.24,11.87,98.28,105.56,94.6,101.9,107.55,0.99,10.85,11.24,102.08,111.14,106.31,110.01,104.59,0.96
1,520.171,11.05,11.73,105.28,105.54,101.98,100.2,107.16,1.03,10.34,10.83,101.33,108.83,101.44,106.13,93.82,0.96
1,520.794,10.75,10.52,99.38,104.67,104.05,101.9,94.49,1.1,11.11,10.52,100.62,111.15,93.33,110.17,93.66,1.07
1,521.604,10.24,10.32,104.48,111.55,98.69,109.02,95.4,1.04,10.22,10.23,103.01,100.26,97.64,114.69,108.38,1.04
1,522.111,10.99,10.54,112.9,115.02,104.67,100.8,103.71,1.11,11.15,10.4,105.83,102.44,100.38,114.77,101.1,1.02
1,522.207,9.89,11.22,106.91,116.17,106.18,97.53,107.83,1.01,11.02,10.57,106.51,98.48,99.06,100.84,106.64,1.09
1,524.395,9.64,11.41,98.23,103.45,99.01,110.35,105.87,1.11,11.24,10.26,112.51,108.53,108.21,106.49,101.63,1.0
1,525.802,10.57,10.58,102.28,115.19,98.4,105.92,96.57,0.96,11.12,10.83,98.87,108.46,106.58,101.44,98.0,0.96
1,525.806,11.17,10.14,114.98,113.87,109.09,107.51,109.07,1.0,11.04,10.7,108.89,110.03,106.33,103.37,107.84,1.08
1,528.826,10.32,10.58,106.64,112.23,93.84,99.49,110.47,1.12,11.11,11.44,97.19,115.34,108.28,108.01,105.76,1.03
1,529.3,10.74,10.69,98.82,114.52,98.61,111.11,110.51,0.95,10.37,11.7,113.53,103.71,102.2,97.75,104.46,0.98
1,530.577,9.94,11.41,104.44,108.98,99.75,98.46,110.12,1.09,10.28,11.41,103.54,98.5,108.21,97.36,110.54,1.09
1,531.345,9.64,10.22,110.68,113.9,108.27,103.41,109.83,1.1,10.27,10.09,108.1,110.2,109.78,112.86,99.15,1.06
1,531.619,9.64,11.5,111.08,106.95,109.88,101.98,105.31,0.94,9.78,11.71,111.07,110.03,107.2,97.64,93.91,1.02
1,533.937,11.0,10.49,104.85,107.87,99.41,100.25,101.25,1.01,10.31,10.37,106.94,116.15,96.96,102.77,94.18,0.99
1,534.3,11.26,11.63,114.11,98.21,105.19,98.96,103.0,1.02,11.28,10.6,98.87,109.14,102.28,99.76,101.43,0.95
