task_type_id,arrival_time,est_m1,est_m2,est_m3,est_m4,est_m5,est_m6,est_m7,ext_m1-1,ext_m2-1,ext_m3-1,ext_m4-1,ext_m5-1,ext_m6-1,ext_m7-1
2,0.102,114.979,103.282,9.918,96.429,109.755,106.244,106.438,99.535,114.614,10.691,105.744,114.921,99.002,97.214
4,0.143,100.294,1.076,100.889,1.044,11.816,103.783,1.049,100.335,1.039,105.921,1.066,10.535,107.974,1.073
1,0.242,103.812,1.045,94.956,114.93,113.921,107.631,109.977,94.524,1.042,103.418,117.324,101.483,107.588,105.578
2,0.347,110.407,107.63,10.41,105.615,100.813,105.856,111.826,112.378,108.083,9.389,106.35,112.449,109.338,109.854
4,0.423,101.104,1.074,99.063,1.113,10.316,95.548,0.949,98.206,0.985,106.13,1.076,11.184,102.006,1.016
1,0.56,97.615,1.06,108.193,108.33,100.69,107.601,110.094,103.361,1.076,99.517,116.842,103.517,100.497,104.458
2,0.647,112.864,104.553,10.659,104.807,118.791,100.003,98.243,106.361,103.706,9.448,103.546,116.289,98.643,99.438
1,1.002,110.226,1.149,100.1,117.622,108.822,105.078,109.409,97.081,1.021,109.943,108.709,102.894,110.829,108.43
4,1.104,101.73,1.125,101.276,1.113,10.627,110.332,1.074,105.415,0.985,98.692,1.003,10.18,98.491,0.959
3,1.185,117.196,1.137,99.71,97.299,1.029,105.717,1.106,113.575,1.05,96.809,95.029,1.003,103.605,1.049
4,1.467,99.018,1.09,113.062,1.006,10.664,101.14,1.046,106.225,1.141,101.279,0.997,11.161,107.397,0.952
4,1.75,98.853,1.026,113.521,1.097,10.086,104.446,1.088,111.496,1.084,96.709,1.03,10.99,109.287,1.069
1,1.966,99.175,1.135,105.138,105.473,100.419,106.312,100.33,108.211,1.133,110.73,106.76,101.803,107.47,107.136
2,2.16,111.494,113.593,10.654,92.492,116.236,113.699,95.374,111.301,105.476,10.101,108.887,118.899,109.06,96.332
4,2.334,96.317,0.995,100.783,0.964,11.718,107.964,1.006,110.642,1.096,107.058,1.036,10.347,106.677,1.089
3,2.837,110.502,1.029,111.447,108.705,1.039,99.311,0.981,115.371,1.01,111.646,103.846,0.987,97.219,1.042
3,2.886,118.556,1.078,99.26,95.711,1.069,107.755,1.051,106.623,1.066,111.134,101.747,1.029,100.649,1.11
1,2.992,106.271,1.063,97.074,106.371,101.452,99.109,110.049,103.682,1.165,111.884,108.709,99.773,100.234,106.52
4,3.025,106.119,1.155,102.068,1.055,11.658,107.711,0.919,100.948,1.15,110.073,1.105,10.909,101.686,0.948
4,3.155,101.269,1.05,107.705,1.005,11.073,100.264,0.973,106.679,1.071,101.103,1.036,10.065,98.938,1.004
2,3.175,115.276,100.825,9.366,101.49,115.793,111.457,103.708,104.168,101.709,10.239,95.384,105.965,96.407,108.884
2,3.362,114.842,103.896,10.833,105.062,102.959,109.616,98.947,99.368,112.764,9.48,101.983,108.728,98.41,107.235
2,3.891,111.648,104.261,10.081,93.232,101.259,97.296,100.689,107.125,109.617,10.537,95.972,102.472,108.221,104.357
1,4.243,95.429,1.036,107.107,106.256,109.273,110.613,108.944,101.527,1.103,108.952,100.98,99.773,105.248,107.797
1,5.112,100.64,1.101,104.225,106.936,105.443,107.97,99.016,105.25,1.141,109.727,103.859,109.273,103.261,102.632
3,5.224,109.923,0.977,103.915,94.649,0.992,100.858,1.011,107.807,1.032,111.558,102.855,1.059,103.665,0.984
4,5.233,110.18,1.044,110.035,1.019,10.954,96.135,1.0,107.178,1.111,100.903,1.118,10.729,110.506,0.993
3,5.371,105.301,1.023,106.833,99.694,0.932,103.156,1.019,117.051,1.115,105.458,95.003,0.935,92.433,0.984
1,5.518,104.188,1.019,110.935,104.883,103.943,103.504,98.697,110.574,1.069,107.874,106.22,114.555,111.682,107.36
3,5.549,113.672,0.972,111.122,104.664,1.066,97.107,0.965,114.775,1.13,113.944,100.468,0.965,109.388,1.109
2,5.753,106.512,108.462,10.812,96.068,103.227,112.933,105.681,106.156,117.237,9.468,103.954,116.835,114.037,101.842
3,5.786,102.777,1.11,112.418,95.689,0.997,93.116,1.114,113.443,0.963,108.827,101.412,1.099,97.525,1.081
3,6.152,113.733,1.014,98.898,104.653,1.072,98.257,1.128,111.756,1.032,97.624,92.639,1.007,109.425,1.054
2,6.418,107.239,116.25,9.534,93.305,113.812,104.169,107.366,108.647,105.138,9.349,108.153,105.478,109.781,99.934
3,6.616,104.113,1.117,106.027,106.3,1.041,108.43,1.074,113.845,1.024,98.888,99.696,1.085,107.387,1.043
4,6.872,100.109,1.146,109.522,1.117,10.173,95.086,1.004,110.427,0.988,102.29,1.096,10.035,103.32,1.003
3,6.898,116.539,0.997,100.042,96.715,0.963,103.154,1.096,100.516,1.123,109.332,101.223,1.061,94.383,1.115
1,7.002,96.796,1.121,109.889,117.705,114.801,99.097,98.543,105.714,1.119,106.162,111.249,102.352,97.093,101.583
2,7.167,102.549,109.514,10.426,109.223,103.826,99.938,97.928,103.522,104.555,10.44,108.144,112.798,105.803,96.831
3,7.359,108.698,0.97,103.037,105.084,0.99,99.386,1.041,108.497,1.111,100.819,101.048,0.934,101.753,1.085
2,7.491,109.537,100.416,9.381,97.605,119.285,96.987,106.786,110.636,110.443,9.269,105.644,105.478,106.725,98.93
2,7.756,108.198,104.534,10.542,95.972,108.655,96.772,98.658,105.245,106.798,10.849,97.098,114.491,110.214,103.476
3,7.891,106.702,1.024,105.18,99.456,1.022,100.46,1.114,105.731,0.975,101.718,92.148,1.0,107.064,1.035
1,8.013,104.76,1.166,106.403,104.638,99.607,107.97,95.341,109.578,1.071,109.459,100.442,115.314,115.14,99.173
3,8.274,116.236,1.069,100.93,101.926,1.024,95.031,1.115,102.589,1.121,112.672,99.946,1.006,106.11,0.977
4,8.522,102.081,1.09,100.783,0.984,10.379,104.605,0.927,102.687,1.095,110.806,0.987,11.697,100.971,0.922
1,8.717,100.99,1.086,105.056,106.125,115.914,114.014,98.398,96.147,1.078,109.795,103.935,111.551,104.566,111.748
1,8.843,106.532,1.029,110.522,107.917,116.076,100.603,103.422,104.547,1.141,108.558,108.466,112.244,113.499,104.941
3,8.967,112.841,1.103,110.725,98.043,1.035,93.692,1.121,100.444,1.016,113.67,103.953,0.99,93.692,1.006
1,9.17,104.895,1.174,107.512,113.962,113.01,110.736,104.728,94.205,1.051,100.534,109.148,109.358,109.806,101.824
4,9.589,103.434,1.097,107.651,1.141,10.123,107.743,1.006,100.551,1.032,110.788,1.036,10.036,100.507,1.081
2,9.949,109.195,112.21,10.373,107.008,117.991,108.571,98.76,105.261,105.778,10.8,107.963,115.701,108.895,101.864
2,10.111,100.51,102.842,9.83,95.904,110.817,106.065,99.382,104.443,103.339,9.677,107.037,111.489,100.54,100.884
2,10.215,103.427,103.948,10.236,96.429,103.211,100.617,104.564,103.12,100.868,10.741,106.48,106.197,111.858,106.143
1,10.344,106.34,1.17,110.971,106.101,110.443,111.602,99.86,94.329,1.113,104.959,108.207,101.483,99.368,96.788
2,10.428,106.113,116.015,10.474,100.079,118.099,109.989,102.245,107.793,114.607,9.47,100.84,100.321,108.01,100.714
1,10.52,104.013,1.048,106.409,105.491,101.571,101.789,96.324,109.273,1.117,110.751,109.721,110.139,112.836,95.656
3,10.741,115.105,1.051,113.644,93.86,1.016,101.701,1.032,116.676,0.978,107.079,98.838,1.057,98.733,0.998
3,12.345,104.082,0.97,114.385,92.672,0.933,100.948,1.045,118.855,1.016,103.319,92.508,0.973,103.853,1.108
2,12.39,99.748,103.592,9.236,95.106,103.088,100.739,104.264,97.791,102.767,9.67,99.321,104.427,108.631,101.331
1,12.614,107.587,1.039,94.185,114.813,101.483,104.345,101.689,107.379,1.157,101.064,116.954,110.451,104.85,107.864
3,12.622,110.588,1.024,102.873,100.34,1.09,108.4,1.083,105.559,0.987,106.712,101.937,0.989,100.617,1.003
3,12.823,119.074,1.127,114.03,101.096,1.056,92.639,1.034,114.449,1.103,111.802,91.969,1.091,106.139,1.121
4,13.243,101.634,1.035,106.288,1.096,11.906,99.006,0.945,99.553,1.069,97.831,1.101,11.278,110.829,0.919
1,13.276,104.594,1.167,99.385,107.287,101.137,114.014,105.231,94.861,1.089,104.334,109.027,112.103,98.526,108.074
2,13.444,108.705,112.934,9.611,95.135,105.066,108.489,108.29,110.604,106.291,10.037,95.646,106.036,113.328,106.657
3,13.569,118.351,1.107,97.873,104.069,1.089,102.705,1.02,118.267,0.989,107.238,95.678,1.09,101.124,1.049
4,13.984,105.781,1.128,113.404,0.972,10.971,110.582,0.922,110.99,1.041,101.137,1.121,11.017,101.569,0.997
2,14.059,99.232,99.049,9.339,107.142,103.286,98.097,112.011,109.88,114.409,10.378,98.961,113.785,101.06,99.17
2,14.137,101.457,109.325,10.68,109.341,101.804,97.192,95.837,102.954,100.83,10.083,99.867,102.801,110.282,97.015
2,14.245,110.212,110.513,10.416,93.852,101.825,107.067,108.272,103.439,105.241,9.396,108.48,110.926,104.298,98.517
4,15.556,99.839,1.048,105.782,1.077,10.82,104.082,0.998,109.752,1.004,95.923,1.132,11.224,109.255,1.013
3,16.022,102.632,1.033,98.179,108.451,0.986,107.744,1.095,110.283,1.13,105.449,101.456,1.064,102.457,1.01
1,16.438,107.714,1.036,110.935,103.414,110.443,111.576,111.287,99.363,1.073,99.518,116.168,113.095,112.061,106.393
1,16.578,95.211,1.082,108.316,102.003,101.184,107.333,94.984,93.998,1.142,109.727,108.006,111.069,100.917,100.007
2,16.907,112.498,113.441,10.627,103.153,105.765,111.419,104.483,102.887,100.462,10.375,102.253,102.353,108.413,99.861
2,16.955,107.125,106.662,10.007,109.435,101.827,107.417,103.224,110.648,102.635,10.009,96.845,119.14,104.359,104.188
4,16.958,106.872,1.162,108.862,0.97,11.338,106.336,1.073,97.54,1.137,109.808,1.017,11.367,99.745,0.942
1,17.585,107.052,1.078,107.315,113.651,99.976,99.165,107.181,105.959,1.067,105.517,112.588,105.145,97.865,99.447
4,17.817,101.004,1.145,106.174,1.103,10.707,100.838,1.043,102.345,1.135,107.734,0.983,11.367,110.324,1.074
3,18.212,103.912,1.006,96.749,100.207,1.056,93.051,1.02,112.92,0.978,104.079,94.922,0.947,95.078,1.034
3,18.251,111.254,0.99,111.558,103.687,0.973,95.209,0.974,104.043,0.972,99.609,101.98,1.087,104.812,1.054
4,18.626,111.555,1.071,110.899,1.134,11.177,97.58,1.021,102.156,1.11,99.483,0.986,11.171,109.081,1.07
1,18.847,95.761,1.035,105.184,114.772,100.823,104.661,98.156,106.266,1.077,106.848,109.24,98.898,102.113,109.893
3,19.59,102.703,1.121,107.348,94.308,1.074,107.456,1.136,105.117,1.069,106.109,91.679,1.008,109.861,0.963
2,19.937,111.192,111.611,9.982,93.497,109.975,105.133,111.965,115.468,108.461,9.973,107.026,111.463,99.278,97.928
3,20.063,107.102,1.093,105.714,108.713,0.993,93.639,1.073,115.322,0.994,97.624,103.995,1.001,92.58,1.055
4,20.117,100.839,1.075,109.511,0.972,10.069,105.386,1.024,111.187,1.099,107.378,1.002,11.395,111.066,1.051
4,20.303,106.921,1.08,112.864,0.999,10.784,98.387,1.069,100.759,1.018,96.294,1.068,10.944,107.397,1.064
2,21.59,100.716,106.763,9.768,96.27,105.649,114.3,107.557,98.916,116.73,10.148,106.721,101.042,106.943,97.918
4,22.065,109.501,0.996,102.456,1.013,11.882,107.808,1.053,98.012,1.081,110.383,1.088,10.202,101.798,0.95
4,22.148,102.205,1.008,101.755,1.03,11.91,98.913,0.919,107.246,1.094,99.799,1.017,11.055,97.305,0.966
2,22.69,97.206,100.157,9.285,102.964,109.606,102.882,100.492,111.536,102.422,10.041,108.144,106.261,114.077,97.935
2,23.082,99.784,117.624,10.466,94.281,102.03,97.606,95.139,111.771,116.399,9.982,102.686,100.671,104.155,106.514
2,23.279,114.65,113.627,10.317,95.29,101.711,104.636,111.06,108.227,101.718,10.533,105.3,105.003,113.469,108.741
3,23.546,115.374,1.009,114.393,107.543,0.993,99.44,1.018,117.519,1.128,110.221,105.091,1.057,100.767,0.965
2,24.088,104.444,102.649,10.399,102.253,113.429,96.987,111.653,100.662,117.232,10.17,103.208,113.762,105.856,108.825
2,24.091,99.243,99.51,10.869,109.353,104.333,99.289,111.947,113.773,103.757,10.8,100.118,102.051,101.4,101.13
3,24.096,105.075,0.997,106.584,91.623,1.005,106.086,1.085,111.018,1.124,102.449,96.645,1.041,107.176,0.96
3,24.209,117.092,1.011,113.892,103.601,0.967,109.808,1.123,116.106,1.081,103.319,103.818,0.949,100.415,1.031
4,24.235,111.289,1.144,105.102,1.13,10.126,106.266,1.041,100.108,1.024,104.788,1.034,11.592,104.082,0.919
1,24.318,102.233,1.105,108.03,108.807,117.177,100.462,108.05,101.513,1.171,101.071,110.459,113.492,107.82,106.876
1,24.346,109.531,1.119,109.727,106.647,100.568,113.851,105.223,102.381,1.072,98.86,109.695,104.889,112.565,107.412
3,24.347,105.146,1.037,104.613,103.36,0.987,106.812,1.028,105.199,1.13,106.957,105.14,1.014,93.262,1.002
2,24.836,107.051,104.022,9.311,94.371,115.292,98.429,108.725,106.904,109.579,10.24,102.335,105.971,105.035,101.531
4,25.171,103.273,1.077,102.315,1.026,10.36,110.701,1.064,101.038,1.017,100.558,0.988,11.853,106.918,0.973
2,25.213,111.735,113.593,10.818,92.911,103.738,108.16,111.581,103.317,104.713,10.187,101.4,117.078,109.809,108.212
1,25.339,103.464,1.019,99.55,107.747,109.009,102.563,108.743,100.662,1.121,108.379,99.859,101.879,111.462,103.385
4,25.614,104.236,1.039,111.89,1.139,11.789,103.676,0.942,109.421,1.098,108.756,1.093,10.991,102.422,0.95
3,26.018,109.579,1.113,96.562,96.139,0.981,102.19,1.01,100.36,1.043,112.597,98.193,1.055,93.368,0.982
3,26.076,105.559,1.062,103.311,97.133,0.935,109.491,1.128,100.261,1.028,98.679,97.728,1.052,96.074,1.116
4,26.194,98.846,1.011,103.278,0.971,11.056,109.974,1.062,97.451,1.088,110.512,1.034,11.307,98.384,1.073
1,26.209,105.199,1.058,95.716,105.288,107.522,102.893,100.895,109.07,1.159,104.035,115.928,116.444,98.094,101.574
3,26.429,100.992,1.087,101.056,103.094,0.963,106.119,1.072,100.158,0.996,108.142,102.808,0.942,105.172,1.099
4,26.887,105.818,0.985,97.824,1.061,10.888,95.573,0.934,108.058,1.054,96.77,1.114,11.247,100.845,1.014
3,27.076,111.018,1.044,101.482,91.675,0.986,106.707,1.019,114.142,1.047,102.855,98.56,1.011,108.054,1.056
1,27.735,102.591,1.022,102.018,108.916,105.08,111.444,95.587,106.728,1.007,100.616,109.331,107.985,109.947,109.596
2,27.763,98.136,106.277,9.403,105.615,112.73,96.69,96.313,105.435,102.42,10.454,103.033,105.598,100.257,99.83
4,27.864,108.477,1.162,106.566,1.017,11.608,106.594,1.045,94.33,1.164,100.346,1.094,10.075,104.873,0.944
4,27.994,96.038,1.141,96.112,1.131,11.666,94.628,0.945,96.902,1.049,111.68,1.078,11.084,106.931,0.974
1,28.028,104.931,1.076,107.349,103.774,117.282,104.013,106.224,98.699,1.1,95.796,104.638,100.789,97.004,101.836
2,28.548,99.586,108.831,10.5,109.223,102.787,102.951,106.417,98.574,116.287,9.387,99.11,116.2,106.821,102.522
4,28.677,103.208,1.112,99.892,0.979,11.765,102.096,1.02,103.423,1.109,95.939,1.112,10.143,99.083,1.016
4,28.677,106.844,1.106,101.007,1.084,10.475,99.5,1.012,94.792,1.146,106.301,1.1,10.239,101.602,0.945
2,28.772,113.416,109.082,10.83,98.891,113.709,105.669,104.82,109.209,104.482,10.471,100.05,105.558,98.698,102.641
1,28.908,95.657,1.138,110.576,111.185,115.609,103.945,111.948,101.073,1.043,105.289,105.509,104.373,99.402,100.634
4,29.181,110.986,1.167,99.065,0.968,10.355,102.502,0.99,99.319,1.049,103.332,1.075,11.177,98.688,1.038
4,29.471,95.471,1.076,101.378,0.969,10.787,107.894,1.052,100.904,1.059,98.966,1.002,10.99,106.335,0.922
1,29.471,97.677,1.073,95.821,110.806,108.92,112.874,103.935,106.692,1.1,98.853,107.356,115.312,111.701,109.6
4,29.621,105.587,1.166,107.651,0.987,11.889,106.335,1.054,111.33,0.988,97.808,1.081,10.769,95.2,0.947
1,29.627,95.873,1.012,98.624,115.234,100.671,114.098,99.844,104.452,1.141,107.249,111.127,114.672,101.319,107.039
3,30.547,109.997,1.037,111.025,98.462,1.075,102.831,1.026,110.557,1.123,100.854,102.266,0.981,94.078,1.106
1,30.843,111.276,0.996,111.835,113.725,111.65,105.244,95.496,109.07,1.171,106.753,102.676,110.813,98.55,101.173
2,31.021,100.171,102.068,10.374,107.963,110.242,112.197,98.649,100.091,104.667,10.041,95.305,113.029,112.469,104.158
2,31.036,112.671,115.581,10.585,107.138,106.94,100.968,102.272,97.719,100.83,10.537,108.451,106.445,106.758,97.312
2,31.078,114.4,106.798,9.241,104.723,118.084,99.73,96.289,106.602,113.07,10.571,104.424,109.117,105.352,109.512
2,31.877,100.643,107.353,9.994,93.62,114.491,103.067,111.573,110.778,116.334,10.812,94.554,114.238,103.593,108.494
2,31.88,99.243,103.663,10.453,107.827,109.713,101.086,99.728,101.623,113.695,10.317,108.235,111.627,102.155,99.774
4,31.957,104.626,1.037,104.777,1.081,10.356,103.827,1.036,107.85,1.142,104.656,0.966,10.435,103.671,0.982
2,32.574,98.677,109.155,10.302,102.41,116.346,108.413,99.039,102.72,115.309,10.359,103.361,116.683,114.163,109.873
1,32.76,96.846,1.037,110.544,108.627,104.352,102.63,96.961,97.544,1.067,106.713,107.401,108.063,98.569,108.752
3,32.942,112.046,1.046,102.948,98.625,1.059,93.949,1.044,115.679,1.039,105.97,93.733,0.977,104.655,1.029
3,33.105,117.97,1.112,105.557,103.91,0.997,96.02,0.993,102.911,1.12,101.482,96.977,1.051,95.217,1.045
3,33.222,105.443,1.079,113.464,103.955,0.968,100.72,1.062,115.947,1.085,112.12,100.823,1.1,93.906,1.032
4,33.328,95.56,1.122,113.259,1.12,10.707,103.275,1.026,104.73,1.077,102.147,0.969,10.753,97.63,0.925
1,33.363,101.445,1.078,109.984,106.256,110.026,114.603,96.971,102.963,1.043,104.087,114.268,99.668,107.522,108.896
2,33.431,110.361,104.72,10.167,92.36,103.959,112.686,95.455,98.785,116.519,9.37,109.243,107.54,102.358,106.438
1,33.472,105.628,1.113,95.821,101.5,114.041,98.753,111.102,97.089,1.085,106.163,106.187,111.491,101.271,106.547
4,33.551,104.34,1.037,107.705,1.111,10.052,102.855,1.08,97.251,0.996,106.594,1.041,10.615,101.213,1.049
4,33.636,110.36,1.101,107.217,1.087,10.249,108.146,0.985,107.043,0.987,97.108,1.082,10.656,105.386,1.089
2,33.924,97.791,113.593,9.785,104.313,102.026,112.197,96.864,112.094,115.203,9.209,106.121,102.277,108.312,94.94
3,34.001,103.426,1.046,114.004,97.501,1.095,107.963,0.967,111.441,0.982,102.436,95.176,1.082,100.51,1.119
1,34.125,109.87,1.14,104.972,105.289,114.997,107.98,96.961,96.528,1.101,108.193,116.315,105.587,104.145,96.607
2,34.237,111.505,109.283,9.462,99.861,107.037,101.388,105.662,112.684,109.302,10.76,106.531,107.924,106.405,102.303
3,34.513,107.258,1.092,111.913,107.411,1.06,104.291,1.057,117.412,1.134,113.411,93.494,1.077,102.201,1.121
3,34.616,115.949,1.064,107.232,93.97,1.086,103.572,1.078,104.55,1.045,98.179,98.898,0.966,106.047,0.974
3,35.296,103.654,1.042,111.906,108.2,1.09,96.976,1.11,111.425,0.969,112.734,98.122,1.085,106.628,1.128
2,35.314,111.216,102.422,10.783,93.27,113.206,100.253,101.222,109.018,100.929,9.994,104.29,111.934,104.245,95.054
4,35.342,106.106,1.146,104.092,1.134,11.501,101.104,1.037,111.709,1.003,101.984,0.97,11.536,108.377,1.051
1,35.557,96.516,1.137,106.433,109.977,113.581,107.846,99.713,97.084,1.0,99.522,115.055,113.316,105.455,107.066
4,35.637,104.281,1.134,96.66,1.08,10.052,98.584,0.999,103.592,1.014,95.836,1.13,11.666,102.466,1.009
4,36.103,110.378,1.146,106.301,0.982,10.373,102.226,0.926,98.504,0.989,96.13,0.993,11.007,103.744,0.926
1,36.925,105.406,1.105,111.293,103.397,106.115,112.438,108.031,99.181,1.112,104.179,117.701,100.601,99.693,101.059
4,36.976,100.044,1.109,109.627,0.982,10.478,93.89,0.952,110.07,1.013,100.671,1.088,10.454,102.581,1.007
3,37.057,108.491,1.107,105.18,96.022,0.979,107.483,1.008,108.171,1.025,104.41,92.716,0.965,100.045,1.004
1,37.116,94.901,1.105,95.097,114.51,103.012,111.828,105.635,97.076,1.037,98.463,112.809,107.758,96.918,107.775
3,37.98,112.116,1.074,97.699,105.765,1.095,107.226,0.96,102.095,1.116,106.65,107.596,1.099,103.855,1.069
3,37.983,101.53,1.043,106.01,104.196,0.975,99.386,1.037,114.887,0.992,110.517,101.405,0.968,108.916,1.126
3,38.063,111.04,0.966,109.811,105.24,0.946,104.731,1.115,105.069,1.131,98.535,96.761,0.968,103.806,0.984
1,38.156,105.192,1.155,94.737,101.857,100.419,108.15,110.189,97.409,1.021,111.466,104.948,102.347,102.677,103.665
3,38.179,113.497,1.127,99.26,96.139,0.932,93.049,1.047,114.975,1.075,108.403,95.444,1.053,107.047,1.047
1,38.391,109.989,1.035,94.69,100.531,105.501,99.693,100.71,101.572,1.023,98.601,111.775,104.787,100.7,94.352
2,38.42,110.787,112.079,9.324,104.326,101.703,103.283,101.716,109.304,106.267,10.533,108.908,112.695,107.739,97.015
3,38.436,101.59,0.988,112.672,99.543,1.048,92.653,1.123,114.723,1.038,111.945,102.651,0.987,106.009,1.136
2,38.444,110.407,107.24,9.755,105.905,113.699,111.252,99.042,101.556,102.775,9.859,104.072,103.142,108.221,107.835
2,38.65,114.365,108.685,9.861,102.428,102.99,109.148,99.859,97.381,114.546,9.887,108.178,116.505,104.372,105.306
3,38.669,110.219,1.103,97.201,95.689,1.034,96.224,1.063,118.854,1.122,110.045,98.56,1.06,96.785,1.061
1,38.75,108.612,1.173,99.507,102.807,101.675,97.52,94.984,104.405,1.101,99.848,106.754,115.936,107.195,105.06
3,39.039,103.508,1.027,112.012,105.486,0.978,106.227,1.02,102.597,1.0,110.247,99.513,0.948,102.972,0.983
4,39.169,97.809,1.003,106.491,1.116,10.081,106.534,1.072,96.317,1.061,111.934,1.038,10.879,110.486,1.072
3,39.807,116.98,0.977,96.817,105.463,0.96,101.032,0.995,105.95,1.03,98.888,105.247,0.96,97.219,0.977
3,39.841,117.126,1.069,109.084,94.423,0.994,106.47,1.123,108.669,1.116,97.873,93.129,0.928,108.838,1.002
3,40.206,103.023,0.995,100.149,101.072,1.063,93.326,1.072,114.971,1.031,108.142,104.466,1.101,103.226,1.131
3,40.404,104.57,1.14,108.833,103.124,1.087,99.712,1.004,116.665,1.025,107.422,99.885,1.056,97.506,0.976
3,40.531,105.199,1.08,98.813,94.758,1.058,102.116,1.077,101.156,1.006,114.565,107.934,1.087,92.906,1.041
4,40.997,103.251,1.029,100.453,1.125,10.327,103.549,0.987,111.282,1.032,101.439,1.039,10.468,100.514,1.082
2,41.301,108.759,110.995,10.106,93.739,115.738,104.0,98.14,112.95,103.717,10.007,105.747,111.293,98.254,103.784
4,41.382,94.604,1.052,98.772,1.115,11.828,99.84,0.931,106.225,1.09,107.038,1.017,10.548,99.5,0.948
1,41.442,98.449,1.002,99.787,112.965,107.71,107.49,106.571,99.428,1.17,101.346,99.948,103.671,98.753,99.372
1,41.791,100.559,1.111,110.68,99.269,112.846,106.056,108.233,109.362,0.994,108.22,111.885,99.607,102.167,106.709
3,41.959,103.426,0.978,109.158,96.479,1.1,96.141,1.021,112.812,1.102,112.672,102.96,0.933,100.319,1.021
3,42.036,103.44,1.126,108.345,100.266,0.985,109.293,1.015,115.499,1.112,101.184,95.506,1.066,99.685,1.083
2,42.201,113.11,112.764,9.776,94.618,104.492,108.122,111.653,102.054,103.757,10.213,104.174,111.429,109.126,110.904
4,42.252,94.325,1.131,104.092,1.092,10.048,96.705,1.085,103.283,1.018,110.872,1.018,11.098,108.382,1.092
4,42.405,105.879,1.04,107.638,1.141,10.327,105.622,0.939,96.975,1.0,101.159,1.086,10.049,96.082,1.045
4,42.445,103.706,1.073,107.016,1.05,10.55,107.202,0.985,97.451,1.098,97.443,1.015,10.775,101.937,1.005
1,42.866,101.566,1.173,109.283,111.928,109.118,100.597,102.348,100.895,1.113,102.786,103.774,113.004,112.732,103.568
2,42.9,103.872,109.379,9.662,98.924,101.267,108.299,97.185,113.499,114.351,10.124,99.153,106.853,108.209,96.064
2,42.911,97.206,109.283,9.672,107.179,101.015,102.702,95.089,99.232,114.854,9.692,108.009,105.44,111.013,103.393
2,43.133,100.089,109.145,10.606,104.786,116.79,113.169,101.464,110.787,99.627,10.515,92.526,117.004,106.489,102.96
2,43.18,105.63,115.442,10.744,99.813,111.37,111.555,103.469,113.053,101.697,10.56,108.671,116.619,99.707,97.214
4,43.359,98.158,1.167,113.802,1.05,11.367,101.483,1.002,111.876,1.116,102.545,1.03,11.592,109.255,0.936
4,43.456,102.124,1.134,109.358,0.968,10.996,95.073,1.015,109.718,1.145,112.847,1.061,11.149,104.441,0.96
3,44.505,116.826,1.02,100.799,97.898,1.042,107.906,0.97,110.888,1.037,112.672,106.517,1.094,99.42,1.031
2,44.644,102.794,101.716,9.443,97.109,109.55,109.717,97.283,104.708,110.726,9.645,104.723,105.066,104.284,106.447
1,45.037,110.179,1.071,97.638,107.211,115.702,97.869,94.877,99.777,1.129,106.596,100.798,109.911,113.736,95.1
4,45.218,98.846,1.166,97.431,0.962,11.558,95.56,0.952,109.906,1.166,103.072,1.015,11.708,94.319,0.931
2,45.63,100.081,114.836,10.62,97.481,108.533,113.699,106.447,106.36,101.401,9.666,93.497,104.912,109.368,110.071
2,45.838,98.573,112.135,9.636,93.109,110.507,99.0,111.653,100.527,100.698,10.667,101.737,104.34,101.543,112.011
4,46.174,99.2,1.137,108.522,1.123,10.943,109.168,1.002,98.164,1.116,110.992,0.963,10.879,98.229,0.921
3,46.269,119.063,0.979,99.147,98.625,1.041,109.46,1.014,114.257,0.987,107.079,105.022,1.04,105.003,1.078
3,46.272,113.477,1.063,107.815,96.358,1.079,107.064,1.049,102.415,1.065,109.933,103.124,1.039,97.301,1.012
2,46.296,103.273,100.12,9.523,108.982,116.2,105.117,111.365,100.126,117.188,9.244,96.8,109.88,100.604,105.021
1,46.437,100.062,1.112,94.569,116.996,113.004,104.83,109.212,99.151,1.071,98.853,110.208,105.438,102.912,105.855
2,46.521,112.961,117.334,10.477,101.808,100.611,108.122,102.212,110.895,112.96,9.84,98.733,113.719,109.064,106.102
1,47.201,104.144,1.023,101.05,102.807,99.056,99.612,103.692,108.144,1.165,104.091,112.189,105.638,99.007,104.296
4,48.4,100.759,0.995,98.912,1.125,10.652,111.058,1.041,102.253,0.995,111.216,1.077,11.543,105.005,1.006
2,48.478,111.751,106.06,9.887,108.71,117.765,113.728,103.207,105.837,112.289,10.583,95.972,100.321,109.904,107.216
3,49.544,101.014,1.09,114.496,92.13,1.058,97.786,1.097,114.645,1.001,103.311,103.116,1.069,101.386,0.973
3,50.149,114.72,1.125,104.145,100.237,0.981,100.627,0.995,113.376,1.101,114.226,106.478,0.975,95.839,1.14
3,50.234,112.715,1.136,97.482,93.043,0.93,107.609,0.985,101.962,1.024,98.091,103.178,1.053,107.243,1.047
1,50.453,108.266,1.088,108.003,112.826,109.157,107.157,111.251,108.175,1.046,95.114,106.208,102.85,109.011,99.817
1,50.482,104.909,1.143,96.73,101.736,114.687,101.52,111.721,107.209,1.01,110.745,112.147,102.617,101.613,103.615
1,51.659,105.358,1.152,100.534,111.259,102.512,101.114,108.05,109.182,1.059,102.018,99.224,113.01,104.661,96.607
3,51.771,114.966,0.968,109.811,100.402,1.016,100.161,1.091,108.942,1.081,102.873,108.72,1.016,98.059,0.986
2,51.879,114.989,100.199,10.71,95.888,104.504,112.575,98.04,113.729,107.459,9.231,102.695,106.162,110.482,107.53
2,51.915,102.549,108.743,9.688,102.952,104.436,96.575,107.865,104.481,105.09,9.37,108.732,107.175,107.254,98.625
1,52.03,109.07,1.119,107.545,112.36,115.272,99.042,95.608,101.055,1.094,100.8,115.45,108.822,105.766,106.571
1,52.094,101.61,1.006,111.443,107.466,111.648,100.285,110.823,110.038,1.117,96.686,115.404,110.739,110.084,97.324
2,52.099,110.922,103.417,10.794,100.859,112.984,106.4,106.271,114.393,104.798,10.533,97.59,109.901,108.616,108.272
2,53.223,105.062,101.428,9.222,102.335,107.409,112.577,97.212,108.957,114.384,9.776,106.574,113.376,110.834,99.402
3,54.134,117.913,0.975,108.145,106.395,0.946,109.425,0.977,117.291,0.978,108.891,92.311,0.969,99.447,1.105
4,54.283,107.573,1.11,105.266,1.089,10.27,102.226,1.061,103.966,1.135,98.931,1.073,10.609,110.54,1.076
1,54.393,111.311,1.093,109.431,109.689,114.871,105.886,101.147,109.325,1.086,105.592,106.643,113.067,109.971,102.226
1,54.567,102.963,0.993,95.964,101.857,110.089,111.438,98.507,97.373,1.036,97.193,113.448,112.103,109.684,100.228
3,54.606,106.359,1.12,104.41,93.842,1.041,102.737,1.113,103.32,1.138,108.6,107.588,1.037,103.1,1.041
1,54.694,104.895,1.034,101.946,107.537,105.438,100.188,106.406,95.659,1.012,95.965,110.238,116.964,112.151,94.634
3,54.786,113.883,1.044,105.677,108.837,1.028,97.856,1.083,106.623,1.119,107.079,95.303,1.041,108.682,1.029
2,54.844,111.226,114.555,9.645,101.032,113.719,103.874,111.365,112.135,116.037,10.239,98.442,106.07,114.219,102.254
3,54.995,117.049,0.992,105.103,94.017,0.973,97.243,1.12,105.97,1.004,101.789,96.365,0.927,95.976,1.139
4,55.018,100.096,1.011,111.187,1.043,10.213,96.69,0.939,103.971,1.013,105.2,0.997,10.123,94.567,0.943
2,55.681,102.035,105.043,9.503,99.783,103.575,112.781,111.649,110.392,103.282,10.546,104.131,103.033,109.681,98.436
2,56.217,110.392,112.037,10.204,104.29,118.969,112.395,96.85,100.282,117.108,10.567,109.069,116.597,101.945,95.556
3,56.358,115.503,1.107,113.119,100.536,1.002,98.279,0.984,107.555,1.065,98.732,103.116,1.027,100.496,0.988
4,56.457,96.236,1.167,102.959,1.068,10.993,96.263,0.931,96.192,1.091,111.101,1.098,10.122,102.421,1.074
1,56.849,95.943,1.014,99.815,102.212,99.231,113.998,99.032,104.144,1.121,111.682,113.005,113.284,106.906,99.204
4,57.226,105.0,1.011,98.692,1.094,11.399,103.377,0.956,102.999,0.993,110.593,1.059,10.689,107.989,0.969
2,57.249,107.104,116.111,9.335,103.954,103.167,96.584,110.369,109.948,108.949,10.062,94.733,101.369,105.38,107.052
1,57.281,108.592,1.167,105.592,103.155,109.11,96.974,98.762,109.122,1.017,101.23,106.76,100.185,115.199,108.712
1,57.497,106.95,0.999,102.152,102.885,110.643,103.073,100.61,101.308,1.067,101.048,111.259,102.352,103.339,95.81
4,57.524,111.776,1.155,99.865,1.124,11.382,103.676,1.092,104.135,1.124,101.614,0.984,11.292,109.605,1.087
1,57.62,94.991,1.088,106.208,107.341,110.149,102.262,110.964,100.64,1.072,111.391,112.362,117.523,110.829,101.347
2,57.648,104.735,105.476,10.476,108.681,118.481,110.834,107.235,105.717,117.331,10.087,94.303,101.14,98.005,97.017
2,57.695,103.322,114.409,9.25,98.53,101.827,108.844,100.766,100.206,115.537,9.443,105.148,105.649,114.239,100.263
4,58.236,96.619,1.014,98.224,1.11,10.731,96.042,0.935,101.116,1.168,100.564,1.085,10.662,107.332,1.069
2,58.333,105.717,115.648,9.579,108.235,103.06,111.327,107.482,101.421,105.401,9.92,99.242,102.643,111.284,95.088
3,58.762,107.557,0.966,111.588,101.237,1.096,100.46,1.031,104.871,0.997,99.419,92.223,1.066,104.329,1.027
1,59.059,109.931,1.026,104.258,104.341,116.4,105.894,110.132,105.481,1.109,107.571,108.229,110.406,102.514,101.329
1,59.454,97.475,1.032,102.555,104.588,110.652,109.271,94.323,111.248,1.148,109.614,117.964,106.005,109.971,103.665
1,59.94,109.87,1.167,105.267,112.512,114.825,105.856,101.689,107.827,1.051,97.263,112.946,107.531,109.556,105.456
2,60.186,108.497,115.439,9.404,97.486,118.775,103.431,110.3,109.353,112.96,10.895,94.194,102.679,113.851,100.707
2,60.249,110.895,99.547,10.347,108.471,113.911,97.619,105.364,99.392,99.627,10.768,95.461,108.396,104.317,96.723
1,60.58,110.734,1.004,106.059,107.416,101.009,109.097,111.236,99.3,1.018,106.888,103.359,109.673,112.915,96.178
3,60.609,103.592,1.057,105.076,94.217,0.956,104.069,0.982,101.836,0.964,100.177,93.88,1.007,94.605,1.107
4,60.713,95.595,1.114,102.375,1.073,11.169,107.952,1.08,96.666,1.143,110.652,1.046,10.996,111.36,0.983
4,60.768,97.694,1.142,111.565,0.984,10.781,111.342,1.045,107.965,1.161,106.582,1.045,11.104,101.971,1.087
3,61.018,115.175,1.1,113.902,99.014,1.005,98.862,1.14,101.019,1.066,109.387,92.328,1.037,94.812,1.105
2,62.041,98.851,101.257,10.653,105.716,100.415,114.544,108.016,106.012,113.593,9.955,95.646,102.775,107.24,109.42
1,62.147,107.229,1.079,102.913,101.826,110.975,103.311,100.838,105.235,1.161,94.569,111.889,113.311,109.755,105.06
2,62.446,108.652,115.779,9.487,106.701,117.569,108.299,94.259,99.103,102.842,9.639,108.545,113.96,114.077,103.066
3,62.49,115.803,1.133,110.122,92.436,0.978,99.82,1.112,114.599,1.11,109.991,102.125,1.018,94.383,1.019
1,62.64,110.774,1.128,108.159,109.358,102.926,111.598,103.757,102.764,1.085,105.106,100.952,111.708,98.445,109.939
2,62.89,98.39,114.607,9.521,102.331,102.841,101.458,112.008,104.219,115.602,10.889,105.105,106.001,111.178,102.641
1,63.317,98.302,1.023,97.829,106.198,111.565,106.927,108.493,103.361,0.987,107.921,109.113,115.999,112.827,95.484
3,64.31,113.808,1.123,108.567,91.967,1.049,97.904,1.121,118.076,1.144,100.482,108.42,1.081,102.183,1.11
1,64.312,100.695,1.16,102.448,111.73,102.241,99.302,110.907,108.731,1.059,110.522,115.404,101.954,97.195,108.149
1,64.539,110.322,1.089,110.139,113.991,116.564,103.691,109.485,100.434,1.169,106.433,106.66,111.484,103.542,105.599
2,65.031,109.88,112.427,10.147,102.253,114.511,102.861,109.411,108.968,103.428,10.899,98.618,117.419,100.728,104.236
3,65.807,114.097,0.977,108.067,101.186,1.063,95.693,1.053,108.097,1.119,111.334,92.972,0.991,108.916,0.991
3,66.226,117.287,1.107,103.25,103.176,1.08,95.371,1.081,109.65,1.024,105.45,101.456,1.073,97.788,1.077
4,66.397,106.679,1.08,96.827,1.009,10.964,102.478,0.988,105.406,1.13,111.255,0.961,11.544,107.584,0.93
4,66.763,101.296,1.16,98.584,1.111,10.069,108.689,0.937,96.562,1.018,112.673,1.009,10.784,104.813,0.944
2,66.936,104.441,114.126,9.822,92.777,105.743,111.027,107.337,107.167,109.887,9.866,104.174,113.666,100.617,101.183
4,66.95,109.972,1.039,109.763,0.974,11.557,97.032,1.077,97.694,1.06,104.22,1.031,11.444,107.266,0.989
2,67.227,100.421,99.007,9.371,107.633,116.525,114.239,99.214,108.562,110.795,9.882,99.812,112.259,105.63,107.297
3,67.807,115.769,1.005,114.44,98.838,1.074,106.737,1.073,103.654,0.989,105.213,100.773,1.003,100.93,0.994
3,67.932,117.229,1.001,98.049,97.191,0.977,94.182,1.097,107.175,1.018,102.615,99.439,1.087,106.34,1.068
1,68.147,108.8,0.99,107.512,101.645,104.163,111.012,96.207,99.181,1.025,107.013,99.375,116.402,98.157,110.445
3,68.285,103.658,1.049,97.094,98.665,1.069,108.911,1.139,113.855,0.991,103.319,107.512,1.089,95.696,1.109
2,68.521,101.206,105.401,10.865,96.274,118.271,103.368,111.303,106.907,101.161,10.417,106.887,116.332,109.708,99.111
3,69.159,107.639,1.056,113.604,94.308,0.96,107.498,1.016,105.001,1.054,103.545,104.229,0.951,106.916,1.062
4,69.753,111.996,1.071,110.788,1.014,11.247,110.933,0.938,104.577,1.092,101.391,1.088,10.238,101.021,0.939
3,69.889,111.299,1.074,104.931,108.705,0.932,99.44,1.079,101.895,1.129,105.971,106.153,0.949,109.065,1.105
4,70.019,111.996,1.08,111.196,1.082,11.708,102.581,1.004,99.284,1.061,106.525,0.993,11.104,106.341,0.96
3,70.047,107.199,1.102,105.103,107.976,0.946,102.409,0.976,113.503,1.113,105.499,93.842,1.053,93.276,1.102
1,70.343,94.93,1.088,109.31,111.495,103.776,110.047,109.388,106.441,1.119,110.813,117.705,104.11,113.13,99.577
4,70.801,101.621,1.123,103.943,0.996,10.795,98.045,0.966,99.954,1.08,112.784,0.99,10.651,95.56,1.058
1,70.803,97.879,1.024,110.08,113.118,110.882,109.345,108.137,95.098,1.117,103.193,99.742,101.458,114.758,98.272
1,71.535,107.568,1.12,95.114,108.013,112.151,106.275,109.485,102.774,1.054,106.137,116.857,109.938,98.017,110.934
2,72.131,108.996,106.576,9.423,105.529,104.052,98.632,100.411,105.878,111.792,10.605,108.812,113.842,111.306,109.478
2,72.611,114.424,111.021,10.462,107.729,116.25,110.341,103.192,111.526,102.66,9.493,97.637,117.975,101.271,104.633
2,73.462,100.712,107.375,9.964,98.004,116.106,106.544,98.673,104.247,105.142,10.645,95.305,101.278,103.725,96.222
4,73.594,110.8,0.996,100.791,1.073,11.879,104.26,0.923,103.187,1.042,110.439,1.116,10.141,101.057,1.069
4,73.862,100.839,1.17,108.276,0.986,10.458,100.104,0.931,111.484,1.171,110.593,0.992,11.523,105.74,1.004
4,73.895,108.359,1.089,100.783,1.072,11.867,102.099,0.997,100.698,0.992,96.086,1.049,10.769,100.937,0.956
2,73.907,106.276,111.261,10.296,105.052,100.676,111.814,95.775,101.51,105.166,10.682,92.81,116.554,107.417,100.018
1,73.957,103.839,1.044,101.053,101.078,110.975,109.788,107.36,97.677,1.137,109.943,115.86,101.555,98.766,98.962
2,74.279,106.314,116.111,9.408,93.62,112.138,101.426,94.717,103.98,113.368,9.491,104.199,116.099,112.84,110.33
3,75.148,105.942,0.972,114.496,95.456,1.033,94.965,1.036,113.645,1.081,97.42,108.759,1.066,103.158,1.057
1,75.356,110.621,1.132,100.332,107.6,99.976,107.902,96.011,102.891,1.046,108.862,114.395,102.969,98.92,101.872
1,75.612,99.625,1.023,105.556,113.658,100.234,102.023,103.392,96.875,1.051,111.156,101.826,115.312,97.736,100.373
1,75.766,99.146,1.076,103.717,107.194,113.284,101.502,99.356,106.53,1.159,110.95,114.514,107.284,113.515,102.668
3,76.394,105.146,1.022,111.191,105.768,1.033,92.906,1.058,113.033,1.096,99.204,102.4,0.976,100.208,1.026
3,76.446,110.737,1.056,99.499,107.397,0.967,104.591,1.035,101.989,1.09,101.632,107.164,1.028,97.517,1.01
3,77.059,108.171,1.102,113.78,93.115,0.947,107.047,1.069,108.496,1.009,110.896,105.24,0.928,104.884,0.983
4,77.094,98.411,1.061,107.378,0.962,10.455,99.716,0.919,94.169,1.057,101.497,0.987,10.898,96.374,1.058
4,77.289,94.708,1.141,98.768,1.068,10.435,101.213,0.948,105.689,0.999,106.553,1.03,11.902,107.493,1.012
2,77.428,110.479,107.399,10.191,106.701,104.738,107.306,95.808,107.119,104.261,10.563,96.37,113.666,106.972,109.552
1,77.843,97.297,1.06,98.511,99.763,115.398,103.311,102.999,106.454,1.051,111.468,114.813,112.103,111.972,101.457
3,78.305,106.884,0.964,103.061,91.832,0.997,99.319,1.024,109.028,0.964,110.6,107.513,0.977,108.376,0.976
2,78.532,107.534,113.282,10.184,102.964,109.19,106.522,108.417,97.126,110.654,10.916,102.772,110.868,100.68,105.323
4,78.586,110.139,1.119,108.304,1.11,10.15,100.391,1.063,111.555,1.033,98.912,1.098,10.035,107.619,1.082
1,78.597,102.353,1.158,107.874,103.316,112.779,99.332,96.461,107.431,1.147,101.048,115.256,113.601,98.691,96.869
3,78.617,109.514,1.119,105.18,93.043,1.081,94.078,1.087,116.29,1.136,111.871,105.755,1.029,102.333,0.98
3,78.929,107.128,1.005,106.544,108.236,0.958,95.241,1.141,102.497,1.052,111.452,97.204,1.071,93.751,1.02
3,78.986,112.858,1.128,106.121,104.678,1.063,108.671,1.004,116.29,1.02,113.496,105.397,0.973,102.806,0.995
4,79.281,108.359,1.114,109.382,1.053,11.521,94.057,0.998,108.161,0.995,112.49,1.116,10.486,107.992,0.944
2,79.419,111.549,99.036,9.279,101.949,117.581,101.419,104.323,106.314,116.96,10.544,98.728,115.292,114.018,95.837
2,79.446,109.88,117.136,10.33,107.81,108.142,99.005,104.66,102.887,107.94,10.844,108.385,101.634,111.34,109.826
1,79.592,110.621,1.02,105.996,103.526,101.571,115.021,95.712,94.775,1.002,99.865,105.889,101.555,113.578,103.094
2,79.593,99.107,104.774,9.241,94.361,115.892,97.413,106.905,113.501,109.014,10.585,100.735,101.281,103.085,108.016
3,79.728,104.092,0.98,98.813,106.576,0.984,107.212,1.081,105.069,1.115,112.946,96.084,0.971,93.849,1.02
2,80.16,111.141,103.59,10.146,93.045,119.279,100.728,106.407,112.817,103.527,9.693,100.228,112.49,98.627,109.262
4,80.32,94.438,1.101,95.928,1.116,10.4,110.106,1.024,99.319,1.115,99.465,1.002,11.322,95.277,1.036
4,80.569,96.351,1.122,109.221,1.023,10.508,98.596,1.051,94.208,0.995,112.59,1.032,11.153,95.662,0.947
2,80.786,107.826,113.081,9.707,97.362,101.307,101.051,102.307,102.399,116.399,10.618,104.715,101.278,100.623,99.039
2,80.81,100.512,112.135,10.397,99.629,103.531,99.221,101.836,110.388,108.294,10.806,99.861,113.739,100.678,111.664
4,81.11,103.966,1.123,105.769,1.097,11.573,94.525,1.047,100.01,0.985,109.382,1.116,11.503,99.139,0.937
1,81.304,110.985,1.077,105.538,113.509,115.834,97.165,94.945,101.548,1.143,101.249,113.999,108.635,98.691,108.544
3,81.322,118.48,1.068,107.499,103.843,1.002,101.923,0.992,106.359,1.04,111.995,100.188,1.031,93.198,0.994
2,81.775,113.204,106.522,9.87,94.228,116.099,107.24,106.964,109.894,109.283,9.241,102.695,113.842,112.706,108.554
3,81.975,117.816,1.048,98.363,93.249,0.926,102.044,1.019,102.384,1.109,104.322,94.942,1.083,99.449,1.13
4,82.087,105.583,1.04,106.223,1.141,11.276,104.664,0.981,100.413,1.17,105.295,1.125,10.956,109.951,0.963
3,82.152,108.44,0.964,111.945,105.226,1.029,102.465,0.995,113.378,0.977,103.25,107.082,1.023,107.873,1.123
2,82.249,114.071,106.972,10.542,98.092,102.517,98.086,105.744,111.498,112.59,9.755,96.432,118.556,114.399,99.728
4,82.417,95.465,1.028,107.038,0.972,11.085,102.196,0.948,100.363,1.117,107.869,1.06,10.138,106.38,0.931
4,82.477,105.571,1.096,98.076,1.054,10.334,97.676,0.984,96.282,1.104,98.395,1.086,11.127,93.856,0.99
3,82.483,103.422,0.977,99.015,95.678,1.062,105.091,1.127,112.73,1.069,98.453,99.922,1.026,103.037,1.128
3,82.646,110.464,1.066,98.849,91.936,0.945,105.187,1.105,114.802,1.09,109.0,96.358,1.056,93.051,1.091
4,83.638,107.745,1.087,109.829,1.096,11.498,103.381,0.965,103.966,1.052,107.777,0.999,10.504,98.387,1.033
3,83.877,110.534,1.069,110.453,103.63,0.968,109.818,1.018,104.427,0.999,105.367,108.805,0.971,107.672,1.091
4,84.23,101.296,0.999,106.731,0.994,10.781,95.867,0.972,111.223,1.003,112.232,1.009,10.559,109.141,1.087
4,84.48,95.772,1.149,105.466,0.972,10.776,94.926,0.994,104.499,1.049,96.951,1.084,10.456,99.555,1.079
1,84.624,101.307,1.101,97.471,106.662,110.171,114.927,111.916,101.796,1.124,100.636,106.32,106.086,98.219,97.148
4,84.724,96.626,1.129,112.19,1.04,10.461,105.306,0.941,96.902,1.136,104.058,1.038,11.832,105.74,1.081
2,84.764,108.83,102.46,9.87,97.034,106.911,104.653,104.959,112.203,101.498,9.382,108.129,118.373,100.792,107.047
3,85.27,116.635,0.982,107.817,91.746,0.944,96.981,1.043,104.763,1.088,112.757,96.529,1.023,106.805,1.054
2,85.285,105.588,99.039,9.909,100.56,106.821,114.515,99.438,104.099,99.484,9.235,105.744,106.636,109.351,102.873
4,86.153,110.063,1.072,102.467,1.005,11.718,101.937,1.02,109.437,1.101,104.092,1.13,11.853,97.754,0.98
2,86.274,114.632,111.73,10.627,92.887,102.057,108.977,99.327,99.107,104.227,10.689,107.931,101.622,98.294,99.571
1,86.614,100.118,1.12,95.461,109.308,105.092,113.578,103.636,108.752,1.073,111.786,111.775,105.611,101.549,102.21
4,86.834,106.536,1.112,99.886,1.038,11.461,110.327,0.938,107.667,1.138,103.658,0.997,11.382,95.061,0.971
4,87.025,96.119,1.108,99.117,1.117,11.819,100.141,0.949,110.585,1.121,97.383,1.098,11.352,102.099,0.921
1,87.135,101.868,1.073,108.141,107.747,100.609,102.113,108.318,110.168,1.002,100.768,113.022,117.363,108.111,94.292
1,87.242,101.21,1.121,98.461,106.678,98.999,107.591,109.277,100.695,1.085,101.042,115.47,116.9,102.805,103.714
2,87.298,114.665,107.399,10.173,105.148,104.426,99.133,104.264,106.492,108.831,10.679,93.806,111.681,105.254,97.865
2,87.516,111.498,103.622,9.918,102.104,106.092,110.214,101.475,104.168,106.351,9.342,92.627,112.0,113.261,104.09
3,87.594,108.596,1.02,101.438,104.504,0.933,102.842,0.995,118.063,1.073,108.703,92.672,1.052,93.378,0.985
4,88.183,96.368,1.043,101.159,0.99,10.489,97.483,1.038,97.423,1.103,107.935,1.133,11.765,98.174,1.032
1,88.303,109.48,0.992,99.209,100.342,103.192,114.161,103.998,96.516,1.105,98.812,111.005,115.849,108.381,109.895
4,88.748,102.893,1.024,112.238,1.101,10.758,107.883,1.034,105.695,1.116,106.789,1.137,10.238,94.567,1.0
1,88.925,94.358,1.1,97.829,115.327,113.429,111.682,103.568,94.93,1.037,101.993,116.192,99.607,101.011,96.619
3,88.931,108.981,1.107,96.809,102.266,1.037,103.605,0.981,108.208,1.027,100.305,98.217,1.048,106.608,1.116
1,88.991,103.666,0.988,103.74,111.158,101.009,107.974,96.029,108.88,1.098,105.965,114.393,105.738,107.81,103.198
1,89.434,111.184,1.124,97.471,110.58,100.541,101.286,105.695,105.196,1.128,110.971,99.431,101.987,101.286,109.401
3,89.487,118.415,0.98,101.901,94.942,0.941,104.591,0.999,116.429,0.995,105.339,106.997,1.068,95.974,1.026
3,89.588,118.556,0.999,99.609,98.982,1.057,105.242,1.038,110.419,1.027,99.159,95.616,1.091,103.831,1.036
3,89.627,106.663,1.032,109.362,97.715,0.981,103.156,1.008,118.976,1.015,106.223,102.265,1.041,95.528,0.981
4,90.075,100.294,1.008,112.03,1.035,11.646,104.045,1.055,103.979,1.09,100.645,1.006,11.042,101.314,1.023
1,90.584,93.8,0.994,108.345,114.615,117.62,102.678,103.819,99.363,1.143,108.01,110.624,112.728,113.13,104.065
3,90.782,117.108,1.054,112.541,94.423,1.001,103.075,1.018,115.503,1.057,99.609,100.188,1.02,108.548,1.034
3,91.281,108.766,1.048,112.071,97.464,0.958,100.283,1.121,100.803,1.03,96.548,94.939,1.01,105.596,1.01
1,91.991,110.574,1.101,108.952,114.026,110.882,101.097,96.729,102.647,1.014,96.81,110.033,106.005,113.628,110.877
3,92.396,118.927,1.006,108.266,95.156,1.009,99.65,1.036,115.447,1.074,105.339,97.685,1.014,95.693,1.027
4,92.469,101.936,1.141,104.74,1.11,10.964,97.783,1.066,97.453,1.088,100.693,1.095,10.572,110.465,1.084
4,92.533,95.772,1.047,106.704,1.069,10.221,94.384,1.043,102.291,1.114,102.29,1.003,10.465,107.571,1.045
3,92.852,110.112,1.137,103.25,99.588,1.033,105.348,1.052,114.428,1.049,104.538,92.691,1.013,108.473,1.105
3,92.925,109.768,0.964,110.896,91.937,1.066,103.723,0.991,112.219,1.111,110.841,102.062,0.948,105.099,1.023
2,93.07,99.586,106.299,10.73,107.676,109.455,108.818,98.782,104.216,101.161,10.688,94.913,102.879,101.198,101.84
4,93.479,96.586,1.088,111.216,1.118,11.318,96.148,1.085,109.873,1.111,103.708,1.084,10.024,99.61,0.938
3,93.613,107.929,1.113,97.699,97.715,1.052,98.011,1.027,115.322,1.076,112.53,96.143,1.075,100.371,1.059
2,93.942,114.423,101.49,9.876,98.754,115.387,104.431,110.48,103.855,116.823,10.8,106.599,112.341,99.707,96.784
1,94.343,94.991,1.17,108.862,107.481,115.295,99.693,101.583,108.087,1.051,103.742,102.833,109.633,111.986,94.823
3,94.62,107.575,1.108,108.591,95.303,1.058,103.017,1.023,115.47,1.112,101.635,99.041,1.088,95.976,0.974
3,94.736,114.775,1.129,104.613,96.752,0.977,95.049,0.98,115.333,1.011,97.767,106.053,1.101,94.416,0.983
2,94.911,100.206,111.028,10.016,96.326,115.064,109.159,108.64,108.227,101.934,10.452,93.905,108.183,114.511,112.085
3,94.94,111.736,1.074,99.409,95.29,0.987,101.644,1.06,117.787,0.975,107.739,105.267,0.945,100.39,1.034
3,95.018,100.36,1.027,106.433,102.062,0.958,108.831,1.058,109.202,0.98,97.364,92.15,0.931,109.895,1.004
3,95.06,112.982,0.974,104.579,106.478,1.023,106.633,1.013,103.658,0.997,99.525,99.586,0.986,108.473,1.109
4,96.015,105.479,1.104,110.119,1.049,11.34,98.584,0.928,101.789,1.039,103.806,1.127,11.169,100.568,1.057
2,96.04,107.027,101.85,10.216,104.523,114.75,100.68,95.088,106.021,102.693,10.323,97.217,107.409,104.469,109.022
4,96.086,109.505,0.999,101.655,0.965,11.592,96.599,0.976,102.566,1.004,105.16,0.965,10.595,97.64,1.025
1,96.312,104.763,1.06,106.706,99.479,110.171,104.035,98.934,98.142,0.993,96.147,106.124,110.507,98.766,101.495
4,96.724,97.871,0.988,97.681,0.961,10.151,100.778,1.002,100.445,1.09,100.125,1.086,10.443,101.231,1.048
2,97.09,110.479,110.729,9.456,102.074,117.205,102.563,104.998,110.726,115.775,9.419,99.964,102.277,101.543,107.468
4,97.554,106.536,1.012,98.692,1.086,11.519,102.425,0.983,105.389,1.053,106.337,1.069,11.592,98.546,1.011
3,97.566,111.704,1.078,99.27,100.076,0.994,96.184,1.039,110.283,1.033,99.429,94.423,1.069,94.831,1.092
3,97.605,116.5,1.129,103.061,97.636,0.948,93.198,0.989,114.019,1.015,104.25,94.963,1.093,108.182,1.063
1,97.662,99.627,0.993,100.206,110.125,104.6,97.27,102.911,98.018,1.094,95.714,112.946,101.147,97.441,95.81
3,97.981,113.987,1.011,105.643,102.988,0.96,106.676,1.052,101.24,0.963,100.047,102.014,1.032,99.012,1.136
2,98.027,109.992,109.509,9.863,100.973,108.195,98.627,99.859,107.936,103.185,9.883,107.711,105.738,104.231,98.792
3,98.17,117.901,1.121,109.34,99.301,0.93,104.095,1.074,110.77,1.12,113.644,101.412,0.976,98.678,0.992
2,98.368,102.356,112.483,10.9,106.853,108.283,103.067,101.086,114.26,107.494,10.045,100.128,112.502,99.519,103.475
2,98.846,100.662,100.719,10.204,102.599,116.346,104.965,107.562,104.168,109.167,9.475,108.153,118.864,111.391,102.807
1,98.993,100.435,1.074,110.626,109.721,103.012,114.949,103.037,108.699,1.106,106.406,109.792,114.851,110.33,101.724
4,98.994,109.512,1.024,113.539,1.002,10.787,100.588,1.086,110.986,1.117,104.408,1.059,11.544,94.282,1.073
1,99.327,110.143,1.118,106.921,108.315,110.139,114.779,97.412,103.171,1.0,95.399,108.664,117.108,106.699,103.293
3,99.417,114.645,1.031,113.944,108.72,1.021,102.982,1.123,104.161,1.051,100.305,104.322,0.954,109.505,1.032
1,99.877,104.656,1.089,108.688,99.269,100.615,103.455,108.283,106.811,1.057,110.371,106.101,114.823,109.806,109.833
3,99.935,111.791,1.018,112.75,105.64,0.991,101.019,1.063,115.505,0.98,113.464,106.859,1.096,98.961,1.026
2,99.978,104.168,115.532,9.503,105.206,101.321,112.363,106.894,98.927,114.693,9.47,98.632,110.488,100.003,108.133
4,100.378,97.84,1.024,103.944,1.067,10.273,109.256,1.071,100.821,1.063,106.747,0.964,10.981,102.818,1.042
1,100.513,103.812,1.093,97.518,112.471,110.94,107.483,106.272,97.743,1.154,102.457,108.143,106.182,101.206,99.208
3,100.565,109.912,1.027,97.534,93.83,0.942,109.423,1.083,113.685,1.129,107.817,97.94,1.091,108.256,1.071
1,101.023,106.014,1.0,101.156,111.185,101.389,112.137,99.27,106.441,1.082,110.498,106.029,111.44,113.504,94.909
3,101.084,107.198,0.986,98.074,99.797,0.96,96.36,1.057,115.503,1.103,103.625,108.602,0.992,107.406,1.068
1,101.104,110.113,1.103,103.298,106.124,112.166,107.588,108.031,110.168,1.068,110.511,110.237,117.567,114.889,109.518
1,101.441,103.277,1.145,109.769,99.566,108.703,103.542,101.969,95.755,1.173,111.503,108.384,107.284,97.441,94.371
2,101.508,113.729,107.955,9.619,107.714,113.334,102.503,108.89,109.673,106.663,9.272,106.934,101.017,106.33,98.065
1,101.643,96.796,0.991,111.45,99.566,101.355,107.385,108.799,105.959,1.068,97.464,111.249,113.406,100.234,100.854
1,101.879,99.918,1.06,100.585,115.055,110.62,107.852,105.79,103.529,1.039,109.492,111.928,114.61,103.145,106.844
3,102.055,111.139,0.972,113.166,94.842,0.933,99.472,1.121,109.127,0.967,112.757,108.011,0.972,105.42,1.037
1,102.097,110.474,1.125,101.588,117.715,114.097,102.656,97.695,95.235,1.007,108.993,115.486,111.323,114.406,100.208
2,102.119,101.19,113.368,9.366,98.309,108.201,97.411,96.816,106.361,116.46,10.456,93.352,113.264,109.3,98.673
4,102.176,105.571,1.023,102.404,1.019,10.559,106.341,1.056,101.027,1.081,104.306,1.117,10.661,95.56,0.969
1,102.371,110.42,1.163,105.484,107.961,104.114,112.976,110.196,95.749,1.122,109.134,99.19,113.781,100.46,108.664
4,103.255,111.692,1.133,99.06,1.003,11.149,100.902,0.929,97.171,1.008,101.956,1.107,11.708,103.377,0.948
1,103.293,108.794,1.043,106.059,104.553,103.671,113.736,102.446,93.912,1.115,103.875,102.111,105.269,97.03,107.64
3,103.447,104.251,1.056,97.046,98.018,0.938,100.109,0.981,115.068,0.967,103.512,107.968,1.041,98.045,1.141
2,104.204,114.979,105.899,10.495,94.779,116.235,102.515,110.724,107.793,102.66,9.77,102.187,103.167,97.783,97.322
2,104.67,99.831,116.308,10.13,100.262,114.516,113.906,98.82,110.388,112.188,10.786,99.477,118.222,109.126,110.349
2,104.858,104.517,115.358,9.468,105.291,112.053,99.73,102.094,104.219,110.087,10.575,103.597,102.03,106.294,105.511
3,105.224,113.502,0.978,110.192,104.154,1.092,96.184,1.123,102.941,1.098,101.776,94.121,0.96,107.911,1.095
1,105.339,101.728,1.098,104.611,101.842,110.264,97.736,109.899,99.051,1.144,110.745,116.538,104.287,105.887,104.296
2,105.352,111.97,102.422,10.593,105.607,116.824,102.861,95.258,97.45,105.334,9.647,99.665,112.861,107.481,96.44
4,105.607,94.621,1.01,98.263,1.1,10.367,105.59,1.079,101.731,1.008,103.954,1.043,10.59,94.904,1.035
2,105.801,109.537,108.816,10.124,107.849,109.605,98.429,109.618,109.924,105.528,9.589,100.678,110.847,100.101,109.552
1,106.765,110.547,1.152,109.302,99.244,109.087,108.159,111.765,101.348,1.089,98.441,100.895,113.339,99.671,102.084
3,107.314,104.005,1.107,104.842,101.796,1.062,104.331,0.999,104.493,1.024,113.107,105.329,0.927,102.09,1.04
2,107.334,101.513,115.285,10.542,108.362,118.752,101.051,107.865,99.103,111.904,10.424,107.158,116.864,97.195,111.472
4,107.651,94.943,1.032,111.073,1.1,10.475,109.663,0.982,97.809,1.051,106.525,1.111,10.11,96.089,1.053
2,108.316,97.487,112.031,10.488,93.62,114.834,105.159,109.262,100.126,107.064,10.688,102.244,112.984,101.469,101.068
4,108.82,110.427,1.02,113.086,1.018,11.272,99.617,0.949,95.63,1.001,103.278,1.113,11.88,101.388,0.973
1,109.908,108.573,1.058,98.403,101.778,99.532,110.763,103.151,100.371,1.014,111.161,103.207,109.467,113.37,110.796
1,110.726,94.243,0.997,99.993,106.256,107.729,103.102,103.271,98.919,0.996,99.353,114.706,103.784,104.501,102.826
2,111.206,102.701,115.154,9.535,95.881,106.096,101.433,96.618,101.701,109.07,9.351,95.011,113.412,100.358,98.0
4,111.213,97.338,1.073,97.77,1.127,10.76,102.84,0.967,107.573,1.078,98.551,1.127,11.735,100.264,0.953
4,111.38,111.454,1.035,102.903,0.986,10.41,99.318,1.037,106.787,1.011,111.665,0.98,11.588,94.359,0.96
4,112.104,101.661,0.988,113.049,0.975,10.212,109.915,1.031,103.966,1.035,104.248,1.03,11.362,98.295,0.953
4,112.471,110.594,1.145,109.735,1.085,11.882,100.72,0.952,100.352,0.996,101.391,0.985,11.604,97.754,1.072
1,112.796,108.737,1.03,104.846,101.385,103.968,109.211,97.873,105.521,1.169,95.716,101.752,113.568,115.044,100.897
4,112.862,104.354,1.061,104.406,1.128,10.173,107.118,0.946,101.024,1.055,102.404,1.095,11.603,100.199,1.012
4,112.942,108.443,1.171,107.705,1.084,11.179,101.021,1.007,111.51,0.996,100.629,0.972,11.036,104.988,0.99
4,113.265,105.699,1.012,103.075,1.115,10.064,106.655,1.051,98.575,1.11,107.862,1.08,10.189,103.162,1.047
3,113.953,103.355,1.105,100.483,105.165,0.973,93.325,1.035,109.615,1.037,104.931,98.462,1.001,97.83,1.084
3,114.028,103.887,0.981,101.056,99.379,1.003,101.186,1.083,114.52,1.074,102.91,100.856,0.939,107.387,0.984
1,114.068,94.062,1.11,104.246,107.521,113.557,107.537,94.71,107.205,1.103,95.313,108.164,117.432,106.221,99.973
3,114.437,104.466,1.12,104.564,98.435,1.039,98.045,1.04,104.251,1.0,109.651,97.059,1.03,92.96,0.977
1,114.475,97.898,1.042,111.842,102.537,115.186,112.339,96.939,97.612,1.086,95.234,102.578,103.978,100.633,110.796
1,114.586,94.245,1.164,104.632,115.13,103.985,102.552,101.45,107.333,1.148,98.382,106.51,110.882,115.103,94.618
1,114.712,105.127,1.086,110.801,103.376,116.443,114.87,94.945,100.118,1.005,100.941,107.696,102.006,100.102,109.25
1,114.852,95.374,1.06,107.351,109.683,108.821,108.308,102.281,101.728,1.069,102.622,109.58,108.798,101.286,105.686
4,115.072,95.708,1.102,107.705,1.029,11.018,111.022,1.018,99.91,1.09,111.015,1.008,10.572,107.111,1.088
4,115.342,101.661,1.101,104.981,1.128,10.971,102.096,0.934,96.858,1.087,113.241,0.976,11.228,105.089,1.054
2,115.635,104.614,116.308,9.279,92.509,118.775,111.306,98.517,108.998,115.81,10.381,106.403,107.686,104.53,109.735
1,115.639,108.268,1.163,110.406,116.369,106.115,104.483,101.907,95.562,1.064,110.762,113.243,102.303,110.125,105.223
3,116.26,113.424,0.963,105.774,92.169,0.98,101.186,0.987,103.508,1.013,101.158,99.273,1.063,106.25,0.993
3,116.274,109.95,0.962,97.05,95.17,1.097,109.523,1.002,114.097,1.012,108.127,102.545,0.945,97.18,1.032
2,116.37,106.602,115.179,9.41,106.412,112.997,98.72,108.438,97.729,113.562,10.415,108.153,108.036,101.318,95.665
3,117.262,103.22,1.045,111.504,91.594,1.026,105.441,1.001,107.796,1.043,103.566,96.036,1.016,93.17,0.97
1,117.351,100.2,1.087,99.993,114.438,105.366,106.391,102.999,109.866,1.019,110.971,101.496,110.185,108.614,100.896
2,117.707,107.659,114.97,9.604,99.117,105.738,100.709,105.245,104.038,99.495,9.883,100.176,114.975,112.82,106.964
4,117.723,94.483,1.033,95.872,1.024,11.156,103.728,1.005,97.171,1.071,98.15,0.966,11.536,106.03,1.02
1,117.741,105.648,1.116,101.117,105.485,115.432,99.165,99.501,98.411,1.078,97.258,99.626,100.601,114.082,101.583
2,118.6,107.441,104.086,10.459,102.421,101.342,108.631,102.448,111.078,106.067,9.25,97.533,118.273,100.952,111.826
1,118.814,102.492,1.139,106.504,115.45,110.259,111.986,107.066,110.212,1.079,104.091,106.32,103.192,109.546,108.303
1,118.964,102.541,1.028,109.181,109.997,115.914,107.852,105.456,105.834,1.111,94.186,108.732,113.146,101.206,111.013
1,119.453,105.422,1.17,98.441,101.403,104.349,115.14,94.371,103.642,1.111,102.016,105.547,111.65,112.684,107.484
2,120.523,103.322,105.126,9.677,102.361,103.167,96.638,98.517,103.798,115.431,9.518,100.631,100.714,102.15,98.82
2,120.765,115.331,114.836,9.701,98.023,105.178,106.104,102.307,111.078,109.868,10.199,93.54,116.597,101.998,102.307
1,121.019,101.072,1.07,111.69,115.514,103.991,101.632,107.478,94.901,1.127,111.466,111.808,108.908,114.406,97.234
4,121.293,102.833,1.159,103.806,1.11,11.406,94.087,0.982,94.698,1.021,101.145,1.093,11.036,101.14,1.006
1,121.509,99.363,1.166,111.293,112.017,109.358,107.482,98.543,105.648,1.161,94.607,101.873,113.45,102.842,109.693
4,122.298,100.393,1.04,108.469,1.075,10.41,94.041,0.991,109.752,1.088,97.458,0.963,10.489,100.51,0.975
4,122.348,97.338,1.152,105.343,1.101,10.836,106.657,0.935,99.103,1.117,106.311,0.973,11.468,108.787,1.028
4,122.501,111.429,0.996,110.899,1.002,10.758,107.347,0.993,111.51,1.154,100.925,0.974,11.809,106.74,0.96
4,122.794,94.503,1.171,96.902,1.033,10.825,111.347,0.964,100.247,1.163,106.566,1.101,10.707,106.97,1.051
3,122.909,107.639,1.109,97.048,107.021,1.049,109.318,1.103,105.199,1.024,108.299,95.514,1.058,108.719,1.072
4,123.282,107.871,1.074,102.091,1.048,11.736,96.148,0.973,100.16,1.073,106.1,1.082,11.915,107.743,1.0
2,123.738,102.243,114.693,9.684,99.401,105.919,111.262,106.835,99.776,103.786,10.786,101.49,108.876,114.018,99.471
2,123.78,97.448,107.29,10.574,107.023,105.012,113.536,97.428,110.425,100.729,10.239,92.892,111.293,112.141,108.016
4,123.911,97.684,1.027,105.106,1.079,11.322,107.01,0.92,106.679,0.998,107.854,1.032,11.853,102.502,1.047
2,124.123,97.721,117.136,10.118,109.315,106.835,104.679,95.455,100.025,100.207,9.311,106.099,107.09,100.84,101.086
4,124.39,99.65,1.138,103.261,1.048,10.069,97.024,1.039,94.698,1.033,102.233,1.006,11.669,104.004,0.936
2,124.519,103.831,116.761,9.591,97.661,102.894,113.444,104.682,109.54,115.16,9.235,109.278,108.036,106.635,110.557
2,124.641,100.512,113.534,9.469,93.929,107.742,111.313,101.754,111.415,107.804,9.335,96.274,104.849,111.527,100.263
4,124.79,104.959,1.161,100.364,1.014,11.049,102.757,1.028,100.688,1.015,110.356,1.135,11.538,97.236,1.074
4,125.116,101.104,1.049,110.982,1.095,10.996,100.429,1.049,97.694,1.087,104.149,1.015,10.031,100.761,0.94
4,125.541,98.201,1.009,113.027,1.096,10.811,111.026,0.985,103.372,1.13,112.669,1.056,10.334,105.472,0.993
3,126.132,106.689,1.1,107.237,104.217,0.93,97.209,1.011,118.089,0.967,104.85,101.922,0.936,93.195,1.132
1,126.205,99.573,1.157,94.565,106.66,100.242,99.347,94.292,100.691,1.07,104.191,104.165,107.096,102.569,103.32
1,126.244,94.998,1.086,101.481,107.355,103.469,110.282,96.265,107.891,1.089,105.267,104.803,116.304,99.553,105.776
3,126.293,117.967,1.096,106.584,106.5,1.042,104.093,1.033,118.677,1.08,103.061,93.082,0.973,99.711,1.059
4,126.726,104.88,1.056,96.829,0.979,11.338,104.782,1.06,99.756,1.027,113.136,0.979,11.026,104.474,1.077
4,126.824,95.816,1.108,99.531,0.99,11.114,110.971,0.95,95.703,1.116,111.925,1.005,10.258,100.753,0.957
2,127.487,101.041,114.284,9.507,106.655,109.975,109.229,103.539,114.757,112.422,10.889,97.909,107.466,107.439,100.878
3,127.677,112.075,1.085,105.339,97.987,1.077,101.274,1.056,114.191,1.023,98.915,104.466,0.962,107.911,1.093
2,127.782,98.851,102.794,9.499,100.505,106.975,113.368,104.259,113.08,106.774,10.133,104.286,101.804,97.774,98.964
3,127.899,107.197,1.095,108.298,99.134,1.06,106.805,1.026,104.113,1.136,99.735,105.972,1.084,103.716,1.109
3,128.235,115.049,1.134,97.046,106.501,0.996,97.467,0.974,111.256,0.997,114.079,103.022,0.979,106.397,1.081
3,128.727,111.791,1.088,96.666,101.048,0.935,97.506,1.006,106.643,1.04,114.485,91.89,0.964,107.501,1.015
2,129.11,98.277,110.235,10.721,102.337,118.979,108.895,108.049,99.218,107.195,9.834,105.277,105.043,114.559,106.413
2,129.606,110.552,106.781,9.398,92.777,117.439,112.575,106.846,107.534,103.579,9.387,95.558,112.175,107.871,99.934
1,129.977,101.697,0.996,98.622,106.256,101.966,106.194,96.536,97.612,1.012,109.369,111.185,115.703,106.452,98.989
3,130.615,104.336,0.965,113.564,91.7,1.052,96.224,0.977,110.366,1.093,109.19,97.622,0.968,104.812,0.982
2,130.754,111.675,100.479,10.124,106.994,110.983,101.426,105.631,113.08,102.767,9.396,94.589,113.332,109.98,97.028
2,130.793,109.199,107.119,10.638,95.305,102.403,113.999,97.735,99.225,105.248,10.102,105.607,113.135,109.06,109.439
2,131.15,103.522,102.777,9.908,103.795,103.441,108.01,101.298,105.424,102.693,10.895,97.683,102.089,111.048,94.717
1,131.249,96.651,1.039,105.291,100.798,100.795,109.369,97.589,101.796,1.163,111.764,104.588,102.817,113.284,97.622
2,131.446,113.338,103.027,9.309,106.611,118.403,105.035,96.764,104.071,117.345,10.184,105.49,118.752,114.559,105.6
1,131.636,94.164,1.071,105.102,109.414,104.702,98.507,102.664,104.2,1.09,106.361,116.911,99.773,104.483,109.805
3,131.64,113.549,0.992,96.743,95.251,1.097,93.719,1.043,114.449,1.143,108.6,107.512,1.021,107.243,1.141
3,132.015,114.533,1.119,99.733,101.937,0.982,105.003,1.069,105.227,1.043,113.824,97.181,0.933,100.717,1.0
3,132.091,116.873,1.043,99.91,92.464,1.09,96.829,1.048,101.765,1.111,112.87,98.7,1.058,106.19,0.979
4,132.216,106.722,1.142,102.791,1.066,11.461,94.398,0.947,104.354,1.138,96.478,1.034,10.747,98.859,0.992
2,132.457,109.584,105.043,10.547,100.913,112.205,99.853,95.822,99.525,103.072,10.654,102.397,104.436,98.657,94.832
3,132.953,115.503,1.123,106.252,97.923,1.082,106.916,1.138,118.771,1.123,111.694,99.247,1.09,94.834,1.032
2,133.127,100.019,106.067,10.833,105.977,107.94,112.038,96.44,109.687,102.106,10.648,93.029,110.957,111.013,107.467
1,133.322,95.615,0.997,109.614,105.226,102.216,103.339,105.829,106.884,1.112,99.507,103.229,115.425,110.268,98.157
3,133.513,102.897,1.086,101.901,97.739,0.973,94.482,1.057,100.158,1.035,103.281,106.709,1.028,108.908,1.074
2,133.538,111.988,111.62,9.611,108.73,108.09,98.086,96.235,97.672,102.767,9.956,97.605,102.949,108.105,108.036
2,133.812,98.045,111.935,10.673,102.884,112.663,112.141,100.14,98.284,116.73,9.783,104.977,112.998,110.403,104.704
1,134.175,101.569,1.116,110.418,117.34,99.526,98.633,107.547,99.605,1.092,99.223,104.839,110.518,97.551,111.598
3,134.18,106.935,1.143,112.012,93.395,1.077,109.388,1.133,111.374,1.141,111.659,105.28,0.994,100.46,1.07
4,134.272,102.612,1.073,107.892,1.126,10.442,95.205,1.015,107.423,1.081,100.833,1.066,11.009,102.855,0.929
1,135.111,108.589,1.075,106.75,102.111,101.389,104.652,94.471,97.409,0.989,105.075,115.304,106.43,103.504,107.136
2,135.392,100.939,116.355,9.776,105.457,105.94,99.794,102.502,112.232,115.334,9.876,106.272,109.762,105.556,103.134
3,136.116,115.228,0.972,110.192,91.936,1.091,109.523,1.046,102.105,1.125,103.978,103.843,1.009,104.883,1.042
3,136.244,110.454,1.113,101.635,106.576,0.97,100.199,0.968,114.259,0.966,101.143,93.729,0.963,95.696,1.138
4,136.493,109.718,1.086,105.44,0.964,11.104,99.455,0.975,94.266,1.093,111.173,1.039,11.068,105.59,1.035
2,136.833,104.071,101.88,10.22,102.391,118.902,113.0,102.411,101.412,108.064,10.33,104.84,118.576,103.893,106.657
2,136.863,99.586,105.483,9.973,96.498,102.504,105.349,94.758,100.308,100.267,9.469,98.112,111.881,106.155,101.84
2,136.962,100.477,115.882,9.923,105.577,119.279,106.087,98.341,112.716,116.741,9.352,96.673,119.192,98.362,99.389
4,137.1,101.038,1.0,107.68,1.009,11.742,107.822,0.985,108.701,1.098,102.469,1.034,11.817,100.822,0.956
2,137.131,97.788,108.831,9.909,105.642,112.259,103.188,106.447,108.408,100.052,9.587,94.302,118.979,99.002,98.658
1,137.194,107.229,1.022,108.683,102.471,107.924,99.141,96.306,96.9,1.085,98.228,109.501,106.801,111.986,97.447
1,138.754,110.547,1.048,102.152,110.319,111.551,112.565,104.941,93.924,1.034,100.97,113.462,100.348,106.105,101.435
2,139.128,106.491,103.948,9.755,99.271,101.278,98.482,108.123,107.104,105.043,10.07,104.286,112.138,112.197,111.86
1,139.42,93.8,1.001,101.982,107.543,105.021,112.061,109.401,106.166,1.008,98.735,99.763,116.762,107.82,108.778
1,140.135,97.612,1.02,97.751,112.027,103.784,101.159,107.78,103.243,1.094,98.255,107.331,105.228,97.774,99.204
3,140.222,112.394,1.069,99.647,93.395,0.979,109.464,0.972,117.412,0.992,102.672,107.158,1.059,103.09,1.069
2,140.518,100.871,99.74,10.507,98.507,115.888,97.156,104.998,101.421,109.155,10.24,101.737,115.876,97.606,107.143
1,140.625,104.405,1.168,110.632,114.883,116.444,114.846,94.654,108.038,1.062,95.097,102.724,113.543,105.106,96.794
2,140.665,109.402,108.623,10.363,95.29,110.088,104.431,111.582,109.929,110.564,10.204,92.327,114.873,101.543,109.114
2,140.787,111.502,111.62,9.191,100.679,111.973,104.129,101.634,106.361,114.053,10.585,106.164,109.132,99.858,99.83
4,140.99,102.533,1.056,102.2,1.133,10.508,98.387,1.088,94.566,1.012,109.596,0.997,10.267,101.826,1.051
4,141.492,96.548,1.012,113.727,1.059,10.861,111.066,0.964,104.024,1.028,102.924,1.002,10.323,100.896,1.047
4,141.528,102.533,0.993,106.752,1.136,11.915,103.275,0.976,96.721,1.145,108.44,1.036,10.548,96.959,0.932
3,141.747,104.427,1.102,100.49,97.437,1.077,95.329,1.015,116.412,1.088,112.541,103.226,1.052,93.488,1.065
2,142.019,107.104,110.71,9.228,100.262,117.975,96.903,104.346,106.021,104.641,9.332,102.03,113.826,109.739,105.815
2,142.13,102.403,103.953,10.443,101.49,107.11,98.632,111.409,104.58,109.07,9.916,97.683,106.628,101.143,101.061
4,142.526,102.156,1.045,105.546,0.985,10.458,96.25,0.923,96.351,1.042,101.565,1.096,10.04,97.143,0.947
2,143.02,110.932,108.949,10.138,94.25,112.734,99.367,102.245,112.244,110.729,10.087,100.852,100.321,102.694,109.208
4,143.035,99.91,1.121,109.138,1.095,10.735,105.041,0.987,110.393,1.092,106.731,0.992,10.957,96.544,0.976
4,143.807,95.296,1.082,102.321,1.091,10.896,93.875,1.003,100.741,1.015,100.791,0.972,11.529,108.06,1.093
2,143.95,107.528,115.358,9.382,95.384,106.853,101.4,101.857,105.467,112.619,9.925,107.158,105.94,102.072,107.839
4,144.657,94.235,1.102,102.467,1.081,11.225,100.527,0.962,106.022,1.112,106.44,1.069,11.399,105.186,1.004
2,144.989,106.061,109.379,10.829,94.928,110.093,113.423,105.662,113.689,115.264,10.389,99.477,113.666,106.958,107.774
1,145.046,97.855,1.021,95.361,111.889,101.534,109.011,99.577,99.605,1.018,101.052,116.583,107.758,111.206,94.37
2,145.229,99.839,109.181,10.529,109.347,103.049,111.808,109.114,103.386,109.629,9.989,100.37,106.916,98.27,108.098
3,145.427,107.4,1.047,108.887,92.508,1.069,95.653,1.028,108.072,1.079,98.303,101.691,0.988,97.814,1.078
3,145.619,115.328,0.977,98.813,102.729,0.994,105.811,1.074,115.499,0.98,112.911,93.609,0.962,108.838,0.976
4,145.765,109.687,1.0,97.869,1.126,10.316,106.534,1.079,97.523,1.141,99.865,0.987,11.523,104.446,1.012
2,145.804,112.003,107.46,9.944,93.669,109.426,113.501,111.081,102.876,117.373,10.827,92.75,102.045,111.846,109.42
1,146.335,96.147,1.102,108.052,102.562,111.811,100.7,97.22,106.222,1.091,100.099,116.305,114.135,97.024,97.049
4,146.71,105.7,1.123,106.804,1.044,10.199,108.434,1.032,103.731,1.099,107.346,1.088,11.464,108.435,1.023
2,147.101,109.673,111.258,9.91,99.813,114.862,113.549,94.717,111.46,114.896,10.732,102.372,114.262,98.319,101.167
1,147.233,97.361,1.007,108.155,113.655,116.795,115.166,101.425,99.479,1.051,98.86,109.24,111.475,99.581,99.559
3,147.305,108.217,0.968,100.375,104.229,1.036,99.671,0.965,102.23,1.037,106.702,97.636,1.012,108.381,1.019
3,147.788,109.17,0.963,97.58,91.679,0.951,99.197,1.088,107.4,1.083,111.115,102.406,1.098,97.914,1.026
2,148.292,108.053,106.137,10.677,95.183,112.06,112.197,105.511,101.041,114.384,10.062,106.251,118.271,103.236,109.022
1,149.109,96.528,1.01,110.801,103.269,113.879,104.345,100.419,102.367,1.034,94.432,114.816,101.508,97.55,111.074
4,149.176,109.718,1.169,108.276,1.074,11.816,100.905,1.009,103.592,0.995,106.879,1.13,10.162,98.203,0.927
2,149.692,104.883,99.397,10.472,107.27,116.229,109.06,100.058,105.06,108.09,10.68,94.445,116.289,111.419,108.288
4,149.893,110.73,1.163,99.799,1.079,11.577,99.5,1.068,104.947,1.079,99.193,1.081,10.829,106.97,0.921
1,150.577,95.143,1.106,97.518,104.479,104.432,103.977,109.076,94.585,1.051,99.277,108.941,104.472,105.925,107.769
3,150.633,119.048,1.105,114.525,107.411,0.993,92.722,1.05,100.734,1.001,113.547,108.837,1.041,103.045,1.02
1,150.991,109.531,0.997,99.865,107.509,105.429,107.588,109.21,104.12,1.038,110.949,101.889,117.512,107.852,103.692
2,151.276,99.255,101.88,10.006,103.562,117.004,105.234,100.468,113.383,113.388,10.829,108.199,100.813,98.057,104.708
1,151.832,95.859,1.071,104.989,116.622,116.814,104.566,98.875,109.029,1.119,101.954,100.138,117.351,107.81,108.664
4,151.914,97.489,1.048,112.864,0.974,10.048,94.051,1.074,103.996,1.135,110.865,1.031,10.488,94.279,0.984
2,152.582,102.726,109.841,10.17,105.615,116.808,97.251,98.792,114.976,116.355,10.124,109.274,113.412,112.82,105.744
3,152.673,111.374,1.03,98.226,97.826,1.099,96.37,0.965,100.306,1.056,113.124,102.771,0.948,96.18,1.045
3,152.81,115.76,0.988,102.138,95.111,0.974,99.697,1.1,102.731,0.995,104.153,99.565,1.037,109.878,1.0
3,152.82,105.168,1.067,103.566,94.144,1.021,103.855,1.103,114.277,0.986,102.952,101.056,1.052,93.183,0.996
2,152.934,112.135,103.339,10.389,96.421,112.081,108.724,111.159,102.408,108.462,9.844,108.48,100.455,109.351,102.49
3,152.959,116.537,0.974,113.113,94.409,0.99,100.212,1.091,103.158,1.129,102.672,96.905,0.967,97.029,1.068
4,153.214,110.581,1.171,106.789,0.975,11.105,96.063,0.941,95.631,1.073,104.22,0.974,11.228,98.546,0.947
4,153.255,99.565,0.995,108.851,1.045,10.825,103.418,1.084,111.709,1.124,103.566,1.089,10.11,97.571,0.94
4,153.559,94.474,0.988,103.823,1.09,10.89,107.584,1.0,98.729,1.075,110.948,0.992,10.888,108.489,1.061
2,153.9,106.936,105.284,10.442,94.394,102.277,107.389,110.557,109.536,106.067,10.081,96.163,109.755,101.139,108.288
3,154.007,110.404,1.03,97.673,93.599,1.027,93.142,1.029,104.657,0.996,111.433,93.953,1.048,96.141,1.112
3,154.385,112.812,1.069,112.262,105.544,0.942,101.435,0.977,114.723,1.115,108.788,104.229,1.083,102.333,1.017
1,154.515,97.884,1.006,95.037,115.827,102.499,113.346,107.066,103.188,1.167,110.751,112.686,100.234,102.494,98.272
2,154.695,104.087,110.993,9.36,106.5,106.845,105.917,99.515,109.178,116.259,10.275,100.679,102.119,111.252,97.71
1,154.831,101.412,1.147,108.867,103.698,104.432,105.046,104.088,95.443,1.163,102.555,101.544,101.954,109.345,110.433
4,155.249,103.423,1.166,109.879,0.98,10.655,105.77,1.09,94.559,0.999,106.752,1.014,10.798,107.203,0.973
1,155.361,101.041,1.12,98.426,113.688,104.584,110.436,97.3,105.954,1.019,107.545,107.234,102.775,101.58,101.23
1,155.581,109.122,1.014,107.657,105.491,117.365,107.902,96.405,102.16,1.085,110.378,106.981,105.66,112.797,109.812
3,155.828,110.502,1.061,108.315,106.47,1.097,96.981,1.025,104.152,0.976,109.572,105.14,1.024,92.722,1.109
3,156.158,101.836,0.99,106.121,107.662,0.952,92.844,1.134,118.422,1.047,107.909,107.513,1.048,97.945,1.057
4,156.408,99.436,1.11,112.232,1.052,11.449,108.666,1.079,107.573,1.17,102.538,1.116,11.303,109.575,1.073
2,156.681,112.742,109.082,9.89,105.201,106.6,103.066,105.025,112.782,103.843,9.371,92.487,110.068,99.328,96.747
3,157.104,100.158,1.073,96.914,104.864,1.045,100.727,0.972,100.172,1.032,107.079,108.775,1.032,97.533,1.065
4,157.282,96.721,1.013,112.115,0.967,10.677,102.371,1.022,105.699,1.134,99.765,0.985,11.864,107.571,1.05
2,157.388,99.243,113.174,10.178,105.403,110.102,101.359,110.3,102.549,116.276,10.037,103.856,106.107,103.152,104.111
1,157.522,106.423,1.17,110.793,107.357,107.961,104.144,101.713,97.386,1.105,105.369,101.736,117.363,106.699,106.691
1,157.758,108.884,1.157,106.617,101.826,105.707,115.016,98.375,94.049,1.099,105.031,111.598,110.185,104.853,96.461
3,158.077,117.236,1.066,100.34,105.419,0.995,104.069,1.021,100.43,0.988,113.458,100.481,0.994,109.305,1.074
2,158.145,112.684,108.461,10.707,99.629,113.334,102.125,97.322,113.015,102.898,9.523,95.101,115.03,109.435,107.252
3,158.331,109.467,0.971,105.458,101.747,0.933,99.886,0.966,110.494,0.983,114.525,98.914,1.0,106.916,0.981
1,158.387,103.464,1.161,101.549,110.145,117.567,97.12,94.5,94.062,1.122,102.805,99.375,111.491,104.898,105.804
3,158.427,114.854,1.094,104.705,93.467,1.04,99.694,0.986,114.966,1.092,102.566,100.903,1.088,97.731,1.115
3,159.786,105.063,1.094,105.194,105.097,1.028,97.168,1.08,112.754,0.978,110.997,105.77,1.029,109.738,1.035
3,159.905,111.562,1.045,98.841,98.296,1.041,101.386,1.123,112.841,1.049,110.126,104.127,1.06,97.372,1.085
3,160.027,105.063,1.076,102.362,93.733,0.978,101.946,1.002,113.616,1.018,98.679,105.942,1.041,99.386,1.015
1,160.155,103.69,1.062,99.277,106.292,107.193,112.804,102.026,110.077,1.073,110.853,111.145,112.391,102.552,108.01
2,160.244,114.043,103.953,10.417,92.906,110.817,111.457,96.618,105.896,104.987,9.203,108.178,112.875,100.709,99.236
1,160.245,108.371,1.128,99.209,100.775,116.239,108.242,101.899,106.614,1.078,102.913,110.892,114.997,106.228,100.871
4,160.402,110.019,1.164,111.215,1.063,10.707,110.582,0.922,97.539,1.12,112.171,1.098,11.623,111.17,0.986
1,160.733,100.64,1.125,108.004,115.447,101.259,107.333,105.856,97.392,1.017,106.706,102.003,102.006,109.231,106.691
3,161.017,118.604,1.004,109.24,103.91,1.064,96.09,1.111,109.582,1.092,106.906,104.12,1.064,104.313,0.966
1,161.158,108.759,1.137,98.403,108.941,105.773,101.884,106.746,107.487,1.121,101.458,116.315,112.975,100.716,107.729
3,161.303,111.562,1.006,105.556,101.893,1.047,100.695,1.104,117.97,1.048,108.065,95.405,1.09,103.952,1.039
1,161.674,105.569,1.099,106.006,112.914,108.645,97.321,105.913,100.324,1.068,106.921,105.201,114.607,107.47,99.173
1,162.343,99.989,1.082,95.414,108.408,104.365,112.836,111.247,93.652,1.044,102.647,110.806,115.398,98.053,95.341
3,162.654,115.004,1.034,97.413,107.16,0.954,95.951,1.035,114.052,1.102,102.883,106.576,0.929,103.017,1.103
3,162.688,110.111,1.08,101.535,92.876,0.962,100.496,1.081,108.058,1.144,101.016,98.074,1.06,107.744,1.098
4,162.719,100.605,1.018,96.824,1.121,11.543,102.371,1.002,111.429,1.064,100.453,0.999,10.081,105.055,0.994
1,163.771,94.627,1.141,106.816,107.537,103.844,98.963,105.578,105.406,1.068,110.534,105.491,105.707,97.55,100.832
4,163.944,94.864,1.055,99.829,1.116,10.171,105.386,1.023,97.542,0.989,102.493,1.097,11.807,100.971,0.987
1,164.305,103.65,1.111,104.929,117.416,116.076,109.22,99.44,97.089,1.124,104.334,108.385,101.256,103.102,100.148
4,165.584,102.504,1.088,100.664,1.009,10.938,107.743,1.0,104.947,1.008,100.671,0.989,10.468,107.649,1.059
2,165.964,101.914,114.402,9.661,96.241,100.897,113.501,96.056,110.787,113.695,9.285,95.091,107.715,97.296,109.618
3,165.975,108.298,0.97,99.829,105.247,1.021,106.025,1.045,112.394,1.08,112.87,104.833,0.972,101.742,0.994
3,166.081,113.874,1.044,106.01,96.645,1.008,94.18,0.974,115.004,1.074,110.257,103.053,0.95,105.689,1.123
2,166.856,109.536,109.903,10.037,99.479,113.213,103.893,107.252,101.359,107.129,9.783,97.019,112.49,105.352,99.668
1,166.956,101.271,1.063,109.17,116.791,104.432,114.922,99.222,108.009,1.001,96.024,116.252,99.516,108.977,108.822
3,167.069,111.299,1.063,101.957,107.934,1.09,96.463,0.975,102.941,1.136,99.056,108.42,1.039,103.37,1.103
3,167.122,101.085,1.1,101.411,105.343,0.958,104.071,1.032,104.813,1.083,98.372,103.36,0.969,97.916,1.122
2,167.697,97.781,103.837,10.098,104.633,105.789,107.234,98.792,113.016,99.495,10.755,96.861,109.55,112.148,110.793
2,167.807,97.4,108.582,9.462,94.618,118.969,102.548,110.302,114.297,100.597,10.146,92.551,116.188,106.525,95.595
2,167.839,105.312,115.084,9.315,102.344,103.227,111.262,106.761,98.906,113.627,9.456,109.214,111.807,111.133,99.515
1,168.06,108.323,1.074,101.42,102.25,100.419,99.68,111.102,101.395,1.052,96.686,111.485,99.532,111.828,106.791
2,168.428,103.317,105.899,10.398,107.472,109.863,114.335,107.297,107.239,110.09,10.833,105.073,114.629,107.164,94.629
1,168.467,101.417,1.109,102.423,103.784,108.689,99.135,109.388,111.376,1.078,108.155,108.013,100.659,97.343,107.125
2,168.618,106.807,111.273,9.81,98.988,101.042,108.616,103.125,103.275,114.351,10.52,102.624,112.282,110.1,103.475
1,168.766,108.001,1.14,108.531,107.543,102.398,112.425,109.354,109.578,1.038,110.751,109.421,104.114,104.261,106.746
1,168.915,108.759,1.156,111.371,102.118,109.911,109.602,99.969,105.016,1.11,99.879,103.708,100.692,103.453,100.897
3,169.677,101.904,1.033,106.163,91.825,1.082,106.47,1.039,104.522,1.102,112.53,95.989,0.99,100.458,0.996
3,170.27,114.424,1.01,111.025,108.552,1.043,93.245,1.043,105.611,0.981,104.756,105.638,0.987,109.724,1.012
2,170.407,108.759,101.646,10.73,95.67,102.879,104.062,108.133,110.799,102.777,9.743,109.481,104.528,104.454,96.551
1,170.506,109.122,1.06,95.965,113.487,115.194,106.927,101.224,108.8,1.005,100.557,116.168,113.146,96.952,96.13
3,170.922,114.854,1.099,110.896,95.532,0.933,102.857,1.112,115.205,1.017,111.311,108.703,1.053,97.042,1.127
1,171.065,110.816,1.047,105.289,109.647,116.795,111.815,94.41,107.461,1.054,101.7,102.562,107.177,113.613,101.329
2,171.103,111.46,105.528,10.593,105.955,116.268,113.457,96.313,115.08,109.923,10.728,100.721,106.313,101.647,95.796
4,171.459,98.0,1.08,105.716,1.06,11.064,97.899,1.048,102.406,1.037,97.623,1.085,11.073,108.203,1.082
2,171.555,109.879,109.874,9.187,100.678,115.075,98.07,110.302,101.253,109.326,9.208,93.109,100.309,108.312,101.991
4,171.556,94.969,0.992,98.483,1.057,10.189,101.231,0.925,107.675,1.113,101.047,0.993,10.433,95.566,0.991
1,171.787,104.763,1.12,103.411,106.936,104.11,104.189,109.612,102.824,1.164,111.239,116.613,117.516,110.268,100.896
1,171.902,109.834,1.12,104.513,107.746,111.417,109.011,103.193,93.749,1.07,106.116,108.229,104.232,110.118,109.899
4,171.992,110.188,1.137,103.707,0.997,11.09,107.52,1.089,96.368,1.122,102.268,1.045,10.974,98.044,0.942
4,172.343,110.71,1.071,110.512,1.068,10.461,106.594,0.969,102.834,1.045,105.967,1.133,10.435,111.342,1.042
3,172.723,111.254,1.103,108.298,104.192,0.969,104.704,1.073,102.063,1.124,104.715,91.89,1.03,93.17,1.129
1,173.231,104.698,1.061,97.77,116.448,111.491,114.135,111.251,104.359,1.126,97.471,116.801,99.976,98.278,106.667
1,173.27,107.209,1.008,95.152,108.143,106.144,103.969,110.833,94.457,1.051,104.957,112.781,103.657,108.72,95.337
1,173.411,107.815,0.992,107.249,101.778,114.223,97.541,103.757,98.699,1.144,99.518,109.346,104.634,112.377,108.233
4,173.594,110.156,1.117,97.791,1.109,11.736,107.288,0.947,103.127,1.143,113.043,1.03,10.069,106.816,0.931
2,173.654,110.123,104.534,10.33,107.596,118.018,101.385,102.917,109.05,102.38,10.57,92.376,108.655,107.443,100.219
2,173.834,108.571,100.729,10.12,104.987,110.757,104.679,100.035,102.481,108.015,10.575,103.197,111.934,114.077,98.596
3,174.081,103.713,0.994,111.995,101.295,0.956,98.907,0.993,105.484,1.012,110.805,94.89,1.093,95.148,1.004
4,174.188,96.122,0.988,112.31,1.089,10.198,103.327,0.939,97.871,0.989,107.056,1.103,10.898,109.964,0.992
1,174.376,110.857,1.104,111.256,105.15,114.997,103.488,105.915,106.374,1.042,94.906,109.027,111.855,108.926,108.563
4,174.599,98.411,1.043,113.478,1.117,11.421,94.789,1.052,110.427,1.143,98.301,0.972,10.82,98.759,1.001
4,175.681,107.052,1.039,107.52,1.008,10.82,96.955,1.093,107.243,1.065,110.865,1.116,10.626,96.465,0.945
2,176.018,107.139,112.483,10.835,98.733,113.804,100.698,107.111,112.203,112.701,10.49,106.272,113.978,111.048,94.676
3,176.349,116.635,1.079,108.89,103.226,1.093,95.671,0.998,102.556,1.024,109.848,95.456,0.983,106.735,1.097
4,176.375,97.918,1.128,111.117,1.088,11.013,105.135,0.987,111.429,1.151,106.767,1.031,11.88,110.016,1.013
1,176.562,106.802,1.128,98.464,112.512,116.595,98.147,105.071,102.183,1.02,106.597,106.46,115.914,102.514,100.896
2,176.813,105.943,115.414,9.994,104.906,112.695,112.752,101.298,101.648,102.588,9.546,108.681,114.915,100.68,104.959
2,177.118,111.771,108.568,9.371,93.029,111.153,106.69,105.306,110.259,109.138,9.245,101.332,115.495,111.404,103.806
4,177.295,110.215,1.034,105.343,0.991,10.964,98.644,0.961,107.608,1.075,106.311,1.014,11.627,99.719,1.061
3,178.281,117.692,0.977,102.976,99.301,0.938,108.671,1.104,105.812,0.964,111.296,95.506,0.96,92.906,1.054
3,178.29,105.811,1.029,113.917,95.227,1.095,107.755,1.14,106.926,1.072,96.994,104.864,1.029,106.835,1.089
4,178.677,103.476,0.994,106.525,1.049,11.026,101.483,0.924,100.209,1.129,97.44,1.091,11.088,97.58,0.976
3,179.47,109.65,0.992,102.633,105.534,1.03,94.146,1.131,101.865,0.997,111.622,102.259,0.927,106.805,1.127
2,179.692,115.276,103.622,10.31,103.041,116.136,109.966,105.021,99.829,112.538,9.863,98.54,102.783,109.3,99.429
1,179.891,100.519,1.143,95.955,101.873,116.4,101.286,111.368,99.574,1.047,104.972,102.23,107.046,114.949,97.447
1,179.925,100.944,1.046,108.004,117.493,99.056,98.658,109.694,100.268,1.011,101.484,105.819,99.839,104.699,96.457
2,180.24,102.035,112.188,9.609,108.915,112.663,112.201,98.792,110.993,101.751,9.245,103.033,109.713,112.781,98.025
3,180.831,116.197,1.054,101.348,94.79,0.935,107.873,0.983,100.43,0.981,108.735,103.468,0.982,109.111,1.058
3,180.981,101.148,1.086,105.449,101.893,1.022,96.983,0.995,113.337,1.017,105.45,107.622,1.055,99.694,1.112
4,181.154,100.209,1.146,104.023,1.052,10.553,95.382,1.016,103.251,1.004,107.064,1.06,10.173,94.975,0.927
3,181.546,117.562,1.126,114.079,94.741,0.977,100.458,1.041,108.44,1.122,111.191,97.133,1.009,93.741,1.025
2,181.583,99.748,114.896,10.634,93.905,109.455,99.396,107.943,109.195,115.804,9.512,99.242,112.218,107.739,96.831
3,181.793,113.641,1.079,111.409,108.759,1.026,103.665,1.127,111.161,1.117,114.485,107.512,1.003,108.191,1.027
3,181.866,107.536,1.103,103.709,95.373,1.069,105.82,1.049,104.082,1.112,112.705,96.46,0.936,108.119,1.024
3,182.219,111.788,1.129,100.819,91.905,0.972,107.873,1.048,116.347,1.048,97.403,95.711,1.009,106.549,1.09
1,182.502,104.564,1.059,101.672,106.584,101.866,111.804,97.783,97.615,1.076,100.601,101.078,100.551,113.091,101.544
1,182.515,106.435,1.106,101.954,104.479,102.664,97.201,106.89,101.99,1.173,105.592,110.116,107.046,97.765,94.93
2,183.111,107.348,104.482,9.981,105.452,107.289,114.559,107.345,108.727,103.579,10.458,109.214,113.273,104.636,111.934
1,183.639,95.873,1.071,98.601,112.017,100.403,96.952,111.492,103.695,0.988,101.42,102.33,117.351,101.368,101.64
2,183.822,108.053,113.92,10.677,95.305,110.834,103.932,103.066,103.674,111.399,9.341,105.105,101.369,107.915,96.864
1,183.949,100.118,0.997,99.898,113.005,115.43,103.907,111.247,98.53,1.138,111.801,106.647,106.182,104.714,109.893
1,184.176,98.862,1.136,101.549,102.696,115.333,111.438,102.226,107.614,1.085,102.018,115.741,109.507,109.369,101.059
2,184.611,110.932,101.257,9.411,104.041,104.415,99.837,102.223,110.408,104.367,10.723,108.368,105.743,99.278,101.347
1,184.689,97.834,1.139,100.008,113.398,106.581,102.698,101.035,96.796,1.006,98.779,102.778,117.108,100.462,95.546
4,185.231,106.878,1.081,113.21,0.978,10.355,106.539,0.995,99.414,0.995,99.483,1.117,10.336,105.679,0.925
3,185.634,106.321,1.066,114.133,93.486,0.944,95.812,0.97,113.808,1.037,103.281,101.129,0.965,108.13,0.969
4,185.642,101.918,1.108,105.309,1.093,10.581,105.123,1.081,101.104,1.048,105.343,0.97,10.306,105.748,0.951
3,185.807,115.214,1.119,96.809,105.972,0.932,97.313,1.071,101.989,0.972,112.321,105.493,1.081,98.955,1.014
4,185.881,98.654,1.007,113.539,1.038,11.521,109.08,1.035,99.786,1.074,111.377,1.002,10.359,104.341,0.967
3,185.998,101.342,1.08,113.604,96.636,1.051,99.521,1.024,115.134,1.001,98.849,92.61,0.977,106.549,1.141
1,186.581,100.633,1.005,98.797,104.293,115.425,114.339,105.538,101.697,1.087,101.158,101.762,111.417,113.586,99.973
1,186.826,109.717,1.081,111.348,99.683,112.151,114.744,110.28,103.484,1.138,99.652,117.687,101.27,98.445,105.856
3,187.146,109.934,1.039,101.259,97.856,1.004,100.717,0.96,116.595,1.138,102.436,92.672,1.023,103.853,0.999
2,187.352,114.458,113.92,9.657,102.472,115.859,107.24,101.979,98.407,107.235,10.399,108.013,108.09,98.496,112.007
3,187.814,113.002,1.01,109.848,101.436,0.979,93.2,0.975,102.955,1.031,102.861,92.147,0.975,92.868,0.975
3,187.844,118.422,1.075,112.418,107.139,1.028,101.847,0.984,115.471,1.023,100.298,100.371,1.06,104.286,1.014
4,187.929,101.116,1.043,102.493,0.986,10.977,100.141,1.014,108.161,1.016,112.234,1.008,11.538,108.414,0.999
1,188.191,109.347,1.143,96.325,113.588,115.322,99.165,96.457,94.022,1.03,103.332,109.538,100.355,104.576,96.457
4,188.244,94.371,1.154,110.806,0.969,11.315,104.051,0.978,106.782,1.012,104.226,1.103,11.604,109.964,1.002
1,188.312,107.562,1.005,107.545,102.945,114.671,100.676,96.442,104.004,1.101,97.193,114.715,100.19,99.264,110.785
1,189.41,109.609,1.173,104.611,102.111,101.358,105.393,96.536,107.478,1.119,100.201,112.734,109.239,98.515,102.623
1,189.719,99.674,1.105,100.97,110.105,102.303,113.271,111.688,94.41,1.169,102.09,107.156,112.066,106.737,107.36
3,189.917,107.624,1.031,101.403,104.774,0.959,104.814,1.077,102.271,1.115,108.113,92.494,1.081,99.671,1.134
4,190.161,110.07,1.056,106.766,0.963,11.498,96.249,1.093,103.187,1.111,99.254,0.983,10.24,104.882,1.03
2,190.239,103.528,104.591,10.371,97.59,104.688,102.563,110.575,107.528,105.597,9.701,103.899,113.636,109.06,99.943
3,190.544,104.493,1.121,111.737,98.569,1.005,97.83,0.988,109.028,1.098,102.153,103.475,1.097,92.523,1.005
4,190.641,96.468,1.073,102.819,1.126,10.266,108.276,1.049,97.171,0.991,107.442,0.973,10.707,111.052,1.086
3,190.917,112.658,1.009,108.6,95.013,0.969,96.195,0.971,115.068,1.058,104.378,95.156,0.979,104.624,1.051
1,191.414,101.589,1.059,100.768,100.164,110.971,106.726,109.135,100.684,1.065,107.643,103.106,104.061,104.501,108.896
1,191.811,101.072,0.987,101.05,113.499,115.702,102.656,95.27,109.745,1.138,100.428,116.62,110.62,99.302,101.377
3,192.327,104.983,1.001,112.71,94.589,1.054,108.571,1.093,100.91,1.08,104.334,91.89,0.966,106.784,1.058
3,192.997,114.887,1.14,106.223,95.364,0.935,93.751,0.964,104.113,1.109,113.564,92.869,0.946,93.516,1.033
3,193.136,115.31,1.048,96.994,108.756,0.929,97.235,0.978,117.19,1.072,112.765,107.588,1.08,109.603,0.975
1,193.406,109.66,1.019,100.616,101.869,107.35,102.927,100.106,93.924,1.12,105.893,100.531,104.134,108.412,101.026
4,193.569,104.464,1.127,109.874,1.13,11.018,96.249,1.072,111.515,1.063,107.773,1.07,10.204,94.045,0.954
2,194.449,113.016,104.591,9.788,99.536,114.862,97.263,104.555,109.993,110.729,10.515,95.409,113.748,111.178,97.982
2,195.152,110.819,112.976,9.641,108.154,106.6,104.452,102.079,112.961,113.702,10.765,102.008,101.256,99.575,106.251
2,195.214,98.396,112.47,9.518,99.153,118.491,100.021,110.716,100.381,104.579,10.009,102.03,105.234,102.603,102.476
3,195.611,103.687,1.043,108.559,91.969,0.992,95.976,0.974,115.567,1.019,104.16,98.001,0.97,94.095,1.127
1,195.957,99.034,1.144,99.859,101.715,103.991,101.589,101.646,105.647,1.078,99.433,116.622,111.069,108.15,96.257
4,196.382,96.586,1.038,111.837,0.979,11.735,96.386,0.927,102.753,1.09,97.623,1.127,10.704,98.584,0.92
4,196.57,107.103,1.159,101.614,1.029,10.799,99.716,1.018,96.562,1.167,96.77,1.03,10.685,103.029,0.933
3,196.703,102.897,1.048,96.814,107.4,0.993,102.199,1.048,111.161,1.061,99.001,106.669,1.071,99.443,0.974
1,197.039,99.968,1.166,100.97,105.819,114.097,105.868,110.049,99.744,1.158,106.686,105.067,100.568,108.321,95.524
3,197.298,105.559,1.044,111.558,104.717,0.993,103.141,1.048,116.955,1.08,100.644,106.053,1.071,93.326,1.068
2,197.333,114.665,104.406,9.423,105.774,100.439,100.427,95.374,97.249,116.741,10.345,102.796,110.208,102.951,101.621
1,197.469,100.895,1.089,110.694,114.026,103.997,98.445,107.381,106.884,1.005,101.082,108.815,105.445,99.996,111.568
1,197.493,96.418,1.116,101.868,103.734,102.172,114.18,99.577,106.614,1.057,108.052,99.333,99.415,105.725,103.816
4,198.045,102.753,1.101,99.892,1.125,10.591,102.84,0.999,97.809,1.155,99.658,1.019,11.152,101.462,1.032
2,198.596,103.427,108.392,10.398,99.49,104.199,96.861,100.714,112.284,103.709,9.235,109.481,117.526,106.776,103.223
2,199.133,110.845,109.145,9.916,103.885,108.966,111.649,101.654,110.739,115.292,10.542,100.05,119.172,104.305,99.528
3,199.26,100.265,1.08,100.962,93.842,0.939,97.949,1.045,116.412,1.086,100.435,105.177,1.062,108.719,1.121
2,199.263,102.763,113.927,10.689,108.154,117.078,98.496,103.134,111.988,114.482,9.184,99.647,103.959,106.244,107.033
4,199.417,102.217,1.135,110.752,1.024,11.335,94.926,1.081,106.004,1.12,103.579,1.105,11.088,104.18,0.998
3,199.433,117.934,1.041,109.849,106.083,0.976,98.066,1.065,117.967,1.081,102.85,101.072,1.0,100.51,1.052
2,199.776,98.045,107.064,9.686,105.99,107.927,108.146,104.346,100.222,99.715,9.443,98.928,118.273,98.8,100.321
2,200.237,101.701,107.533,10.563,93.929,102.448,112.61,105.213,110.636,116.355,9.48,95.904,112.205,106.352,102.245
3,200.35,108.41,1.044,104.504,104.881,0.984,101.094,1.091,105.95,1.051,112.365,108.713,1.076,99.42,1.018
2,200.482,113.164,103.953,9.361,94.539,114.238,109.066,97.789,109.992,110.09,9.945,99.315,101.877,112.91,102.641
2,200.552,113.11,112.259,9.81,105.514,108.728,113.491,109.09,107.239,99.007,10.569,105.052,118.809,105.63,99.438
1,201.018,95.749,0.993,104.988,100.81,102.923,97.813,109.354,99.05,1.019,106.564,111.249,117.529,97.417,101.28
1,201.057,105.393,1.064,100.14,105.216,114.672,104.451,106.354,95.631,1.0,105.373,113.059,103.844,109.893,111.087
4,201.266,111.282,1.163,99.991,1.093,11.177,96.804,0.93,103.343,1.113,108.912,1.135,10.231,101.462,0.975
1,201.566,108.88,1.115,102.788,111.69,106.508,111.123,97.305,99.918,1.007,105.031,109.995,101.389,107.572,101.628
4,202.396,107.293,1.14,106.111,0.972,11.493,111.268,0.922,107.552,1.051,98.301,1.127,10.036,95.499,1.058
2,202.596,113.416,104.261,10.689,99.94,108.794,111.391,110.076,98.36,112.625,9.615,92.81,111.575,106.026,110.252
1,202.719,105.959,1.152,100.723,105.952,100.175,106.795,99.817,106.582,1.014,96.061,117.573,99.605,100.147,102.065
4,202.872,105.913,1.124,107.608,1.089,11.588,97.814,0.99,107.466,1.083,103.324,1.009,11.889,96.599,1.06
2,203.154,99.381,113.388,9.203,95.904,109.731,97.771,99.389,104.735,117.188,9.275,101.638,109.555,107.867,109.177
3,203.296,100.313,1.001,112.689,101.926,0.981,105.717,1.076,106.337,1.021,108.583,98.462,1.05,100.29,0.978
1,203.333,95.862,1.01,100.8,102.336,102.674,110.731,111.758,96.908,1.163,110.527,117.802,112.728,111.412,105.581
2,203.639,111.605,101.564,9.887,97.195,115.03,100.133,104.09,109.003,99.733,10.367,102.372,110.433,98.087,100.035
4,204.081,109.414,1.159,98.15,1.053,10.651,110.582,0.973,103.889,1.139,112.583,1.051,10.529,109.168,0.962
2,204.145,100.957,112.641,9.451,92.487,108.901,112.015,97.552,113.08,111.255,9.368,102.187,112.218,106.763,95.182
4,204.889,103.332,1.143,103.566,1.064,11.211,107.77,0.962,103.354,1.16,101.137,1.008,10.266,93.992,1.005
1,204.921,101.308,1.101,107.778,105.559,99.989,99.71,97.855,93.924,1.132,99.169,106.371,107.235,97.004,103.015
3,205.062,107.564,1.076,110.703,92.95,1.082,105.232,1.064,112.754,1.063,104.564,106.395,1.089,105.028,1.034
1,205.128,96.061,1.119,106.15,109.098,111.811,99.039,96.973,95.936,1.165,95.716,107.509,105.755,110.829,99.817
3,205.285,117.831,1.072,97.299,97.185,1.011,107.725,1.083,116.64,1.03,107.079,107.135,0.971,99.886,0.989
3,206.002,100.807,0.995,99.609,104.275,1.032,103.472,1.046,113.375,1.068,111.841,95.017,1.005,96.573,1.047
2,206.336,111.502,100.66,9.993,100.132,107.719,102.882,99.071,100.838,111.963,10.564,97.079,119.24,104.133,100.81
4,207.238,106.147,0.996,98.551,1.089,10.689,100.209,1.026,95.614,1.094,107.418,1.059,10.82,100.546,1.049
3,207.434,110.073,1.124,96.817,92.494,1.085,100.978,1.042,118.193,0.966,96.562,94.855,1.079,104.605,0.989
2,207.966,100.331,101.88,10.704,105.181,118.791,105.98,100.601,103.121,110.632,10.427,92.835,106.892,106.535,105.074
3,208.055,102.1,1.052,105.887,106.564,0.995,93.026,1.129,114.803,1.126,113.119,104.466,1.051,103.952,0.997
3,208.158,117.831,1.004,109.439,100.35,1.09,102.842,1.034,102.897,1.073,107.05,94.169,0.973,100.796,1.04
1,208.371,94.049,1.156,100.456,110.968,111.708,112.976,107.777,100.141,1.023,109.899,108.465,111.174,111.682,97.51
4,208.839,98.206,1.044,104.416,0.973,10.067,108.766,0.951,110.8,1.116,95.77,1.049,10.729,111.535,0.92
3,209.157,114.463,1.047,113.124,98.043,1.008,101.045,1.008,111.281,1.019,102.744,92.61,1.057,108.662,1.024
4,209.266,102.999,1.088,113.478,1.029,11.345,108.965,1.006,109.62,1.077,112.475,1.019,11.728,100.527,0.967
1,209.41,104.405,1.036,102.805,102.562,105.425,106.195,96.907,105.67,1.036,104.917,108.188,112.846,99.368,101.495
4,209.786,100.088,0.989,104.854,1.073,11.726,97.981,1.002,109.698,1.046,110.713,1.082,10.921,111.173,1.009
1,210.006,94.418,1.117,102.017,112.22,116.814,104.013,107.105,111.256,1.119,110.926,99.742,116.249,107.49,106.67
3,210.165,107.199,1.135,97.314,93.266,0.992,96.194,0.992,105.132,0.994,110.788,107.082,1.019,100.717,1.038
3,210.201,114.758,1.097,111.435,106.612,1.088,96.703,1.064,115.87,1.044,106.556,108.215,0.977,102.96,0.969
3,210.276,112.027,1.144,102.609,103.132,1.034,97.396,1.015,117.805,1.046,98.732,106.858,1.099,104.338,1.042
3,210.621,118.076,0.997,114.565,91.588,1.045,97.905,0.991,112.16,0.993,112.268,96.365,0.962,106.646,1.09
1,210.698,101.458,1.01,104.136,117.128,105.903,110.268,108.929,96.239,1.038,105.061,109.995,112.701,103.713,101.329
3,211.042,100.198,1.002,110.206,106.478,1.052,108.684,1.049,112.02,1.019,109.707,101.328,0.939,98.907,0.994
4,211.086,108.359,1.164,107.058,1.009,10.86,95.634,1.053,96.613,1.059,105.2,0.994,11.748,98.735,1.065
3,211.938,111.897,1.071,105.236,103.818,0.927,101.847,1.125,114.019,1.079,99.674,108.837,0.985,99.129,1.097
2,212.655,98.902,105.461,9.768,97.217,113.213,105.179,111.523,110.652,99.832,9.723,99.688,103.188,103.154,103.649
4,212.803,98.124,1.111,112.794,1.125,10.651,103.418,1.054,109.752,0.996,107.311,0.981,10.064,110.933,1.045
1,212.811,99.182,1.082,101.053,108.102,108.764,97.765,102.911,99.382,0.987,105.102,110.806,107.03,105.251,103.615
2,213.055,109.528,104.165,9.444,104.61,109.901,100.604,107.507,108.759,107.63,10.118,92.75,103.757,96.899,101.475
3,213.125,104.871,1.104,103.915,99.922,0.945,103.59,0.984,103.887,1.063,113.187,94.4,0.969,98.721,0.981
4,213.158,103.481,1.091,98.82,0.961,10.705,109.032,0.944,104.255,0.986,107.403,1.056,11.553,96.69,0.923
3,213.69,108.647,0.978,111.963,104.954,1.007,97.195,1.108,113.432,1.043,107.486,102.265,1.018,107.326,1.086
2,213.957,109.381,114.271,10.581,104.386,118.977,99.878,105.815,98.407,114.271,10.627,100.98,114.271,103.112,96.44
4,214.537,110.595,1.032,113.28,1.127,11.651,109.206,0.964,110.279,1.17,100.346,1.113,10.535,103.864,0.926
3,214.694,113.085,1.074,106.11,102.4,1.015,101.946,0.996,114.699,1.12,111.806,97.421,1.039,101.186,1.125
4,214.734,106.526,1.023,96.824,1.083,11.415,96.561,0.937,98.174,0.995,102.404,1.112,11.043,106.084,0.937
2,214.973,112.623,106.655,9.871,95.381,106.723,101.608,96.391,111.301,111.657,10.794,104.993,103.088,114.219,96.056
3,215.289,100.842,1.001,110.233,108.873,1.088,107.222,0.966,116.316,1.047,111.35,94.144,0.973,93.639,1.113
2,215.305,98.074,109.887,9.382,99.75,110.093,109.357,109.618,105.06,100.096,10.33,107.008,118.05,99.575,104.767
4,215.59,108.148,0.993,103.937,1.096,10.879,96.135,1.044,108.018,1.099,110.854,1.02,10.21,103.827,0.926
4,215.626,95.639,1.091,112.31,1.051,10.347,104.899,0.976,94.579,1.161,100.645,1.092,10.978,107.332,1.091
4,215.681,98.344,1.06,95.77,1.065,10.692,104.051,1.008,96.586,1.028,109.221,0.979,10.138,109.332,0.985
4,215.809,102.731,1.167,105.441,0.988,10.122,97.463,0.95,103.251,1.104,112.115,0.992,11.47,97.506,1.045
3,216.079,100.426,0.974,114.069,96.382,1.073,104.023,1.048,107.293,0.986,110.718,105.64,0.962,97.168,1.122
3,216.503,104.466,1.102,100.923,108.713,1.008,98.123,1.042,118.855,0.994,111.806,105.24,0.983,94.397,1.088
3,216.6,106.902,1.102,110.541,95.251,1.02,93.174,1.118,107.969,1.084,101.238,105.091,1.026,106.677,1.104
2,217.328,111.502,113.441,9.604,106.403,107.742,108.042,110.044,104.968,115.072,9.822,104.855,105.066,107.053,107.886
2,217.443,111.756,115.203,10.544,106.043,104.437,102.115,104.66,114.757,100.825,9.707,95.558,101.74,103.793,108.984
1,217.524,99.479,1.152,99.536,101.385,110.171,101.046,97.589,104.405,1.163,98.228,103.546,115.394,111.412,98.594
2,218.067,97.167,102.842,10.781,109.093,101.342,113.312,112.011,108.415,100.096,10.517,98.442,116.25,99.858,98.084
3,218.607,112.219,1.072,104.86,100.402,1.028,96.34,1.07,107.56,1.097,106.163,96.582,1.024,92.972,1.049
2,218.62,112.094,113.966,9.66,98.793,112.571,105.104,103.192,114.043,103.709,10.729,104.646,112.308,104.372,96.115
3,218.656,115.31,1.03,101.256,107.129,0.933,98.214,1.019,111.193,1.043,113.107,99.888,1.041,108.023,1.018
1,219.18,106.528,1.096,110.513,104.555,107.91,113.109,95.137,99.788,0.987,102.229,103.392,110.929,107.988,104.357
1,219.317,101.484,1.12,105.132,107.961,115.194,107.385,99.775,102.353,1.094,104.837,103.859,112.694,98.451,103.358
4,219.544,100.16,1.106,113.027,1.046,10.336,94.61,0.92,100.839,1.116,97.997,1.109,10.166,100.576,1.078
1,219.667,105.016,1.147,97.997,107.317,100.601,107.98,95.496,97.884,1.162,103.74,115.963,106.885,103.734,94.458
3,220.002,105.755,1.115,110.916,100.903,1.022,97.168,1.077,112.222,1.117,103.157,102.813,0.996,103.099,1.063
1,220.407,103.628,1.09,111.689,102.732,100.69,99.963,99.659,102.8,1.04,104.091,110.968,114.671,108.64,106.141
4,220.414,103.101,1.061,96.045,1.018,11.35,110.984,0.951,111.709,1.074,97.186,1.075,10.468,94.743,1.092
3,221.299,101.014,1.088,97.179,94.842,1.027,105.892,1.105,107.314,0.993,97.299,106.517,1.008,109.425,1.137
4,221.412,96.665,1.039,103.381,1.093,10.731,98.836,1.065,97.143,1.028,111.187,0.964,11.352,109.141,1.089
1,221.545,107.901,1.043,104.632,104.549,108.307,104.271,98.873,107.633,1.019,99.209,105.662,101.449,113.895,95.066
3,221.821,113.672,1.011,96.994,102.537,0.982,105.811,1.025,109.97,0.978,111.802,93.494,0.981,102.842,1.094
1,222.046,105.199,1.106,103.527,113.757,108.963,112.137,109.44,110.371,1.049,110.513,115.879,112.059,108.96,103.389
4,222.149,110.594,1.093,107.854,1.101,11.216,95.002,0.985,95.456,1.037,98.269,1.03,10.82,108.729,0.99
1,222.169,98.833,0.994,95.821,102.312,116.516,108.881,111.074,107.514,1.14,109.914,108.918,103.646,114.889,111.396
2,222.85,101.307,112.619,10.881,98.1,106.598,104.184,102.385,102.93,114.73,9.944,99.473,115.26,108.824,111.691
2,222.853,103.762,101.677,10.618,98.805,103.959,104.271,104.188,110.646,110.729,10.474,102.709,118.969,103.915,110.267
2,223.249,115.203,108.93,9.772,101.78,102.466,99.325,95.079,111.301,99.617,10.292,105.236,102.108,105.327,98.39
4,223.299,94.169,1.03,97.973,0.977,11.007,109.575,0.996,108.477,0.993,100.925,1.03,11.034,105.135,1.044
1,223.51,104.895,1.02,106.163,102.676,116.885,113.613,101.228,110.437,1.012,108.003,104.597,117.475,108.604,96.769
1,223.545,109.745,1.152,96.19,101.842,112.374,101.27,94.349,95.755,1.152,106.921,117.715,113.492,99.671,111.087
1,223.897,103.628,1.02,107.246,105.29,116.433,105.117,96.948,95.405,1.038,100.066,114.581,105.51,97.042,105.213
1,223.908,104.656,1.066,94.69,100.619,108.798,108.57,101.827,104.004,1.14,105.016,108.846,100.415,104.013,103.441
1,224.144,103.484,1.156,96.106,112.894,102.029,115.24,98.419,107.237,1.093,94.867,114.026,114.805,99.368,100.419
2,224.287,115.162,100.927,10.375,98.179,109.085,112.201,107.146,101.623,111.755,10.806,100.428,117.77,106.998,97.865
1,224.368,98.284,0.998,100.428,106.509,102.433,111.649,103.389,104.12,1.004,104.625,113.725,115.494,106.766,104.385
2,224.909,99.218,104.571,10.292,98.52,112.73,99.837,108.725,114.223,109.874,9.858,95.305,101.681,102.944,95.796
3,225.075,102.633,1.006,113.604,96.036,0.967,107.387,1.072,116.435,1.137,107.348,104.833,0.992,99.694,0.989
1,225.332,105.177,1.003,97.554,111.805,100.244,102.677,102.576,110.851,1.039,98.234,109.065,116.472,98.107,108.778
3,225.355,106.689,1.073,106.142,102.813,1.063,97.533,1.062,115.105,1.039,101.102,101.117,0.984,100.415,1.127
4,225.444,107.293,1.022,103.658,1.122,11.378,108.732,0.976,102.481,1.023,102.493,1.039,10.262,96.536,1.055
3,225.753,114.296,1.135,98.53,105.985,0.948,94.416,1.135,115.108,1.015,113.177,92.898,0.987,101.535,1.135
2,225.932,110.392,108.827,10.912,101.253,104.808,104.431,104.82,105.626,116.225,10.271,108.178,114.662,104.679,101.864
1,226.004,102.196,1.122,95.601,108.601,114.689,98.041,107.777,107.294,0.998,101.659,108.33,101.954,108.598,110.489
1,226.115,102.88,1.068,99.686,110.02,99.472,99.568,105.623,98.098,1.102,95.988,99.383,114.555,113.091,94.823
2,226.177,97.152,110.645,9.383,93.62,109.852,102.309,102.309,105.626,103.364,9.626,103.795,101.681,104.653,103.649
1,226.314,107.343,1.002,99.522,108.63,107.156,107.097,101.577,110.779,1.132,97.922,103.376,107.046,101.92,110.132
1,227.208,94.998,1.142,104.846,100.619,108.933,110.736,109.904,94.595,1.013,110.504,115.523,103.652,110.244,107.487
4,227.333,105.699,0.99,105.009,1.107,10.575,96.25,1.021,98.379,1.123,109.763,1.019,10.707,97.705,0.935
2,227.49,112.55,109.325,9.684,94.554,113.216,101.593,96.864,115.331,104.949,10.751,99.915,105.108,104.907,108.977
2,227.902,108.896,114.166,10.018,99.401,114.862,102.882,105.323,99.982,103.527,10.364,105.457,112.413,99.853,94.26
3,228.131,110.073,1.081,106.5,94.855,1.068,103.129,1.027,101.963,1.023,110.703,100.402,0.946,101.757,1.123
3,228.424,106.469,1.105,96.611,108.32,0.973,93.702,1.136,111.378,1.043,113.733,100.467,1.057,100.913,1.049
2,228.851,109.57,104.116,10.889,93.778,107.655,107.162,96.064,112.213,107.064,10.278,106.272,104.747,100.776,101.531
3,229.138,107.664,1.054,100.393,100.562,1.003,93.741,1.009,102.497,1.066,105.991,92.869,1.092,98.907,1.141
2,229.158,103.273,114.212,9.913,107.652,113.216,105.98,107.111,114.456,106.554,10.886,96.032,115.348,108.631,97.702
1,230.015,93.749,1.157,107.349,101.596,100.924,114.871,105.45,108.323,1.128,109.646,111.005,103.359,107.16,99.173
1,230.082,94.282,0.994,99.277,117.432,113.425,98.017,107.352,93.977,1.085,111.177,106.349,117.516,104.85,94.34
2,230.189,107.528,102.087,10.102,96.901,110.823,109.845,101.536,105.972,103.853,10.563,97.003,101.672,104.418,108.757
1,230.203,106.085,1.051,107.008,112.822,108.632,107.793,105.913,99.143,1.16,102.207,116.583,114.894,114.779,109.44
4,230.446,101.079,1.033,98.301,0.987,10.787,106.341,1.081,105.218,0.99,106.827,1.133,11.832,103.353,0.937
3,230.698,108.649,1.022,113.044,95.118,0.93,99.319,1.002,102.703,1.13,97.314,92.328,0.99,100.669,0.983
2,230.815,105.626,115.292,10.865,93.305,118.523,100.133,99.442,105.626,114.053,9.758,92.571,110.203,109.123,110.188
2,230.834,97.167,102.898,9.666,105.744,100.945,101.198,111.365,107.534,99.397,10.903,104.199,100.74,110.547,95.624
1,230.863,106.787,1.041,99.173,103.179,117.177,102.271,109.268,110.31,1.163,100.992,99.756,116.032,110.03,110.28
4,230.899,108.205,1.156,104.416,1.084,10.899,95.499,1.022,101.251,1.102,102.851,1.013,10.435,106.837,0.948
1,231.12,103.767,1.094,96.735,116.779,115.173,100.812,111.484,101.416,1.043,100.175,100.777,104.439,101.481,106.844
4,231.723,105.415,1.169,97.77,1.068,11.762,94.456,1.08,104.391,1.142,110.512,1.033,10.045,95.086,1.092
1,232.048,111.086,0.987,100.755,108.384,112.103,104.271,108.563,101.91,1.09,100.132,100.194,105.443,100.188,102.623
3,232.193,102.703,1.092,114.213,104.717,1.083,103.969,1.117,114.288,1.049,98.813,100.988,1.088,95.055,1.1
1,232.461,108.706,1.157,99.862,108.385,103.261,106.056,108.663,109.927,1.043,104.453,109.414,99.472,97.301,106.67
3,232.962,103.452,1.018,97.05,106.132,1.041,93.965,1.086,102.131,1.035,113.044,92.494,1.031,105.749,1.02
1,233.397,94.022,1.129,96.488,100.829,115.555,108.664,101.574,109.257,1.168,95.317,106.754,107.683,103.342,100.877
3,233.726,113.49,1.061,113.116,108.36,1.054,101.851,1.015,100.723,1.024,107.909,105.131,1.097,109.77,1.132
2,233.808,112.212,116.741,9.882,95.101,105.108,96.925,104.525,111.585,106.511,10.585,102.253,115.701,107.804,94.36
1,234.224,103.13,1.067,106.077,114.284,111.032,105.351,109.49,104.931,1.073,94.988,112.695,101.712,102.364,95.378
3,234.531,117.97,1.107,100.177,96.891,1.055,107.825,1.127,102.346,1.119,109.572,103.027,0.964,100.109,1.127
3,234.612,113.625,1.102,111.806,102.125,0.945,97.413,1.026,100.306,1.136,109.234,94.855,1.072,98.299,1.076
3,234.692,112.477,0.978,102.619,96.032,0.969,96.184,1.115,109.313,0.983,105.18,101.456,0.97,97.042,0.978
3,234.736,100.29,1.008,102.778,107.135,0.953,107.854,1.034,108.261,1.116,100.49,101.799,0.943,96.224,1.139
3,235.039,113.337,1.043,104.047,106.32,1.086,108.54,1.136,105.075,1.017,105.567,100.139,1.09,105.774,1.13
2,235.072,100.22,112.392,9.546,109.4,106.845,99.807,110.559,102.339,113.306,9.955,102.796,103.551,96.856,107.724
4,235.221,101.802,1.161,98.912,1.021,10.081,94.045,0.991,104.095,1.126,106.243,0.992,10.355,104.899,0.978
2,235.589,113.724,101.708,9.462,95.443,105.597,106.035,102.307,112.779,105.899,9.289,94.32,102.466,102.034,103.216
1,235.857,107.209,1.145,109.895,113.448,105.051,108.324,95.496,99.627,1.022,100.872,114.715,109.633,109.384,96.306
1,235.968,110.064,1.165,104.453,106.662,105.232,114.539,100.439,96.695,1.145,103.74,106.349,108.933,110.913,111.735
1,236.18,110.284,1.172,97.757,112.255,107.156,111.986,98.543,95.793,1.14,96.476,115.055,115.914,102.552,96.729
4,236.821,109.769,1.155,99.605,1.118,10.212,96.561,1.07,98.689,1.104,103.261,1.09,11.39,109.032,1.041
4,236.964,110.8,1.034,112.046,0.97,11.607,102.518,1.009,96.142,1.16,106.952,0.988,11.896,94.319,1.016
1,237.069,106.741,1.022,106.097,110.005,98.999,97.765,110.049,105.628,1.171,109.431,109.538,100.69,99.042,95.524
2,237.078,112.782,110.918,10.529,104.174,106.741,106.294,99.33,104.481,105.93,10.323,107.389,109.901,102.83,96.142
1,237.436,105.521,1.111,94.558,103.22,103.657,98.551,96.719,100.857,1.131,108.174,102.471,101.508,108.822,97.065
4,237.746,94.566,1.121,105.131,1.135,11.778,110.33,1.088,102.41,1.152,110.618,1.096,10.399,103.353,1.074
4,238.159,96.236,1.084,109.382,0.961,11.444,100.689,0.985,101.116,1.155,97.123,1.078,11.38,94.229,0.958
4,238.399,106.022,1.073,103.933,1.003,11.491,104.782,1.005,108.419,1.157,102.819,0.997,10.581,101.938,1.087
3,238.599,113.575,1.011,113.633,105.311,1.036,99.531,1.091,112.046,0.998,103.82,92.672,1.051,97.727,1.091
2,238.962,112.602,116.96,9.475,100.428,106.096,108.489,106.964,102.929,105.63,10.733,105.569,116.249,102.944,96.064
1,239.113,96.73,1.124,110.813,106.509,115.688,97.534,98.873,100.449,1.081,103.863,107.356,109.157,102.678,101.173
2,239.967,100.238,108.568,9.865,104.778,105.662,112.82,105.401,107.911,116.9,10.326,106.251,103.826,109.159,100.766
3,240.21,116.347,1.101,103.818,106.669,1.051,108.182,0.969,103.099,1.006,106.833,105.189,1.089,102.333,1.029
3,240.447,104.944,0.971,105.97,107.129,0.926,101.078,1.026,112.291,1.077,112.338,94.939,1.04,93.383,1.123
1,240.836,105.406,1.022,99.202,112.837,108.764,98.56,99.016,99.146,1.004,100.535,115.273,104.351,104.128,103.568
1,240.879,97.827,1.173,96.686,102.286,108.689,101.971,111.841,109.618,1.062,109.112,108.916,116.402,112.961,100.007
4,240.895,97.259,0.989,110.692,1.104,11.642,102.938,0.938,97.137,1.17,104.071,0.992,10.735,109.551,1.005
4,241.076,105.815,1.149,97.791,0.973,10.143,100.209,0.973,101.023,1.114,96.883,1.112,11.481,97.521,0.984
1,241.236,104.274,1.101,108.22,113.386,101.966,109.684,111.305,106.884,1.069,95.997,102.23,101.795,109.062,100.837
3,241.335,104.326,1.079,108.991,98.208,1.073,101.472,1.029,102.066,1.107,106.272,105.267,1.068,107.814,1.125
4,242.152,108.751,1.022,108.12,1.081,11.087,99.84,0.966,102.485,1.059,109.382,0.986,10.273,109.43,1.084
1,242.176,99.19,1.109,97.554,100.314,99.668,98.607,101.381,96.713,1.167,111.443,107.401,106.483,107.537,107.78
4,242.282,98.036,1.079,110.383,1.119,11.76,101.673,1.084,94.362,1.165,98.684,1.101,11.894,106.841,0.968
1,242.976,101.165,1.131,99.798,117.553,99.208,107.16,96.556,108.038,1.075,106.524,103.859,111.855,108.954,94.566
4,243.035,97.171,1.091,96.204,1.087,11.029,109.02,1.001,94.645,1.152,111.011,0.996,11.861,110.352,1.052
1,243.183,95.793,1.028,106.874,109.923,105.366,111.157,99.363,100.227,1.03,109.943,112.837,104.398,114.758,105.538
1,243.614,100.684,1.114,102.788,113.991,109.62,110.664,95.048,95.657,1.11,102.647,102.778,100.929,105.871,101.836
2,243.629,114.297,109.881,9.549,104.632,112.294,112.577,101.522,99.218,100.729,9.621,105.135,111.934,97.078,107.751
4,244.048,105.621,1.011,112.246,1.108,11.043,110.445,1.052,104.936,1.167,101.687,1.051,10.074,105.959,0.973
4,244.051,101.755,1.131,104.23,1.07,10.176,99.448,0.933,102.291,1.096,104.991,1.045,11.153,102.915,1.093
4,244.054,105.291,1.049,102.538,1.047,11.448,101.673,1.075,94.626,1.076,102.791,1.001,10.173,109.141,1.004
2,244.103,103.015,109.494,10.415,105.583,118.315,108.959,107.782,104.364,109.16,10.599,99.057,118.907,104.094,97.017
3,244.172,116.977,1.029,98.849,101.217,1.017,95.744,0.988,105.755,1.068,113.944,97.299,1.063,93.446,1.132
3,244.309,115.333,1.059,104.538,106.243,1.023,102.478,1.037,100.36,0.986,111.134,98.776,1.028,106.47,1.004
2,244.349,105.943,99.832,10.406,92.526,100.986,108.142,103.327,104.688,111.33,9.994,92.511,106.29,106.026,110.076
1,245.068,104.132,1.164,105.99,113.114,114.555,97.67,108.493,101.804,1.085,100.707,117.432,109.435,113.643,106.009
4,245.142,97.933,1.082,110.854,0.981,11.525,107.743,1.001,98.374,1.098,100.969,1.06,10.41,107.035,1.037
3,245.223,104.434,1.132,103.94,96.479,1.003,93.443,1.028,115.392,1.041,104.16,102.364,1.091,108.43,1.01
4,245.341,103.481,1.042,104.854,1.09,11.261,100.616,0.98,103.099,1.039,106.952,1.053,10.848,94.087,1.016
1,246.186,108.812,1.164,110.544,106.76,113.879,98.209,96.729,100.17,1.1,110.214,114.615,104.867,107.974,101.329
3,246.353,112.817,1.085,102.286,95.715,1.073,98.279,1.046,106.469,0.964,113.256,107.329,0.946,96.224,1.107
2,246.511,110.877,112.589,10.036,96.673,100.813,111.013,111.965,104.347,114.152,10.744,109.243,115.786,105.159,94.677
1,246.54,102.88,1.146,111.443,105.509,107.716,98.952,108.074,106.271,1.14,98.069,100.305,110.132,111.477,110.285
2,246.615,100.878,107.119,9.301,103.655,112.966,106.259,110.796,99.679,111.685,9.887,102.42,112.715,111.285,103.708
1,246.644,100.633,1.119,111.371,107.543,108.212,100.603,95.565,110.908,1.169,107.601,103.894,114.178,98.43,96.719
2,246.758,110.636,116.037,10.373,107.138,115.963,113.536,102.411,97.206,104.236,10.134,93.62,112.593,100.633,99.737
3,247.433,102.897,1.079,97.314,100.051,0.946,92.981,0.984,108.631,1.113,106.586,103.955,1.091,102.19,1.054
4,247.477,97.251,1.023,97.623,0.973,10.042,95.205,0.951,94.169,1.079,104.416,1.097,11.367,106.793,1.032
1,247.825,95.368,1.069,101.015,116.719,110.518,99.553,105.538,108.922,0.998,104.741,116.62,111.858,115.044,98.934
3,248.105,101.904,1.041,103.372,101.591,0.971,103.853,1.009,114.723,1.071,103.061,95.444,0.969,105.441,0.981
3,248.15,113.683,1.112,111.963,97.923,1.023,104.704,1.124,111.248,0.996,109.807,97.501,1.004,96.089,1.022
3,248.162,106.183,1.017,101.901,97.301,1.012,109.523,1.131,114.512,1.081,102.063,103.081,0.929,100.648,1.116
4,248.277,103.139,1.066,104.512,1.114,10.266,94.891,1.046,104.24,1.0,105.789,1.081,11.338,100.546,1.048
2,248.324,114.757,105.133,10.898,109.223,104.427,106.943,101.908,106.021,105.476,9.678,105.539,111.463,114.239,111.865
1,249.437,101.513,1.135,106.986,104.453,103.956,99.691,111.754,109.999,1.071,95.451,114.641,102.531,103.918,101.23
4,249.728,101.021,1.039,109.024,1.076,11.268,102.863,1.033,103.838,1.052,97.147,1.079,10.158,98.555,0.976
2,250.095,97.206,103.753,9.657,98.686,100.945,113.851,107.835,113.373,101.277,10.519,101.49,115.217,109.895,100.833
4,250.692,109.134,1.057,106.28,1.12,11.164,111.36,1.08,95.731,1.131,100.571,1.014,10.119,94.287,0.942
4,250.846,100.413,1.082,107.777,0.982,11.484,101.155,1.051,103.731,1.063,105.739,1.102,10.928,110.219,1.008
4,251.573,110.71,0.999,112.238,1.121,11.917,104.767,0.973,96.851,1.08,106.905,1.078,11.904,98.666,0.927
1,251.79,97.409,1.165,105.538,115.234,103.714,109.118,100.419,103.304,1.06,94.758,109.897,114.009,99.705,106.254
1,251.8,94.049,1.073,106.787,105.288,104.706,108.57,111.147,95.114,1.079,101.588,108.869,100.866,98.336,96.971
1,251.811,105.571,1.161,110.19,103.037,110.558,110.007,110.176,98.098,0.995,98.773,105.216,109.991,100.497,111.86
3,251.929,111.148,1.115,106.17,104.664,0.986,97.402,1.048,105.001,1.097,109.109,92.869,1.063,107.825,0.988
1,252.392,99.953,1.038,108.605,108.442,105.244,108.454,111.368,108.266,1.118,102.322,103.597,100.551,97.534,107.784
4,252.408,104.24,1.152,106.952,1.12,11.798,96.326,1.051,98.379,0.991,96.267,0.97,11.467,101.483,0.966
2,252.416,103.799,99.249,9.388,106.251,117.77,105.917,99.042,100.071,100.416,10.043,107.849,113.216,100.623,101.908
1,252.879,101.165,1.127,102.429,106.981,116.449,102.238,95.1,105.401,0.999,111.391,113.218,102.512,102.096,105.173
1,253.118,101.632,1.12,108.685,112.948,106.182,97.201,96.13,107.294,1.11,104.055,99.269,113.081,110.662,95.799
2,253.608,102.547,105.93,9.843,109.41,104.859,103.417,96.816,108.084,114.53,10.709,101.992,115.348,100.968,107.482
3,253.926,117.486,1.009,108.856,91.679,1.001,97.168,1.127,111.798,1.136,100.93,96.767,1.041,103.214,1.048
4,253.951,98.104,1.128,99.254,1.01,11.169,93.875,0.985,104.593,1.101,104.651,0.986,10.199,100.51,1.0
1,254.327,97.834,1.115,110.214,103.8,114.135,110.034,111.735,100.419,1.172,111.59,112.781,106.144,106.195,108.096
4,254.337,98.689,1.053,100.883,1.1,10.415,102.797,0.994,97.357,1.064,99.865,1.1,10.592,97.872,0.936
4,254.565,100.577,1.017,111.011,0.979,10.804,95.955,1.008,109.718,0.998,106.3,1.057,10.482,111.026,1.078
1,254.843,104.884,1.122,105.965,113.999,106.086,112.524,97.376,96.147,1.0,95.451,102.724,107.03,114.779,111.102
4,255.874,109.128,1.011,98.692,1.112,11.619,103.411,0.985,111.834,1.166,104.491,1.006,10.539,102.658,1.008
3,256.107,112.73,1.007,102.45,98.719,0.993,105.464,1.13,102.622,1.017,104.519,101.894,1.087,104.726,1.039
3,256.598,106.884,1.047,106.356,91.883,1.008,95.658,1.085,111.35,1.116,100.962,101.043,1.074,97.788,1.058
3,256.961,112.641,1.082,112.12,106.807,1.014,100.871,1.051,118.415,1.143,110.742,93.842,0.967,101.998,1.112
4,257.569,101.196,1.09,108.756,1.117,10.129,101.314,1.046,104.149,1.152,111.565,1.124,11.049,108.377,0.934
1,258.49,101.041,1.019,96.061,110.145,107.661,107.527,107.454,97.834,1.1,108.683,112.376,114.237,112.151,95.721
4,258.792,102.687,0.999,98.249,1.075,10.04,107.889,1.04,96.851,1.124,106.309,1.047,10.106,105.494,1.075
3,259.707,116.096,1.048,105.449,92.452,0.969,95.156,1.134,104.55,0.967,101.158,101.6,1.014,94.257,1.034
4,260.2,111.555,1.129,112.502,1.1,10.024,105.948,1.038,104.562,1.071,109.86,1.056,11.416,109.287,1.06
4,260.253,104.655,1.016,105.763,1.113,10.034,109.317,0.927,104.161,1.112,104.076,1.002,10.899,107.974,1.048
2,260.456,112.471,102.42,9.455,100.364,112.25,99.005,95.841,114.534,114.7,10.435,100.969,114.103,98.052,102.914
2,260.461,112.633,117.042,9.462,106.693,105.812,106.598,108.308,111.563,111.22,10.871,105.774,101.076,103.915,97.06
1,260.562,108.268,1.1,104.972,114.199,109.62,112.425,107.412,104.909,1.087,104.613,109.414,104.412,112.281,96.638
2,260.916,109.584,101.143,10.435,96.986,104.688,101.57,105.5,109.57,102.068,9.615,95.469,105.178,112.015,106.964
2,261.476,99.267,103.592,9.575,96.429,109.755,98.622,94.526,110.326,106.554,10.5,95.972,114.238,112.086,104.372
3,262.746,111.272,1.024,98.939,101.883,1.029,98.28,0.977,101.25,1.084,98.849,102.461,0.928,95.031,1.034
4,263.335,95.1,1.015,105.443,0.978,11.436,100.576,0.989,102.01,1.035,110.512,0.976,10.249,95.584,0.953
1,264.049,101.458,1.077,95.037,115.121,104.118,109.127,101.952,106.441,1.17,106.409,106.205,105.135,107.9,101.561
4,264.422,104.88,1.166,96.086,0.996,10.068,94.359,1.022,110.321,1.037,100.137,1.141,10.506,94.926,0.998
1,264.697,94.329,0.993,105.885,105.0,115.449,112.381,105.822,104.895,1.099,109.134,100.92,99.516,100.867,109.388
1,264.894,107.3,1.157,110.868,115.404,101.009,108.14,97.625,99.642,1.132,106.612,116.62,115.956,108.867,97.305
4,265.012,99.91,0.995,108.787,1.088,10.953,107.493,1.052,110.594,1.128,112.159,1.109,10.334,99.448,1.005
3,265.14,111.378,1.102,102.449,108.837,1.049,105.028,1.051,112.291,1.071,111.579,103.204,0.969,105.749,0.983
2,265.204,105.467,108.949,10.581,92.989,109.55,103.154,99.042,99.243,107.645,9.501,103.354,102.735,107.053,103.475
4,265.299,109.126,1.094,101.912,1.003,10.792,100.605,1.047,98.897,0.988,105.309,1.006,10.461,104.988,1.023
3,265.73,117.55,1.076,102.102,95.532,1.015,99.02,0.973,108.027,1.069,113.306,96.909,0.978,95.889,1.041
1,265.823,103.243,1.129,108.22,113.869,100.477,112.657,94.269,110.088,1.035,104.76,102.853,112.524,100.572,98.974
1,265.835,105.834,0.993,100.322,106.029,106.298,105.251,109.059,107.205,1.055,100.129,113.688,100.477,101.527,101.495
1,265.849,101.574,1.168,108.688,107.521,103.844,105.583,106.384,98.87,1.002,95.549,111.288,108.764,105.436,96.707
3,266.205,102.941,1.035,109.096,103.9,0.964,99.967,1.136,112.715,1.132,103.781,102.406,1.089,98.299,0.995
1,266.3,107.575,1.165,101.053,111.534,102.969,111.242,99.893,100.737,1.042,96.896,102.778,111.861,97.869,103.568
2,266.647,107.635,107.157,10.842,94.533,109.246,100.792,104.758,99.748,111.685,9.77,92.231,110.548,101.554,107.235
2,266.828,113.392,104.008,10.275,107.718,119.082,112.265,98.596,108.108,100.352,10.427,100.697,118.099,107.417,99.859
1,266.867,99.607,1.086,98.902,112.822,103.011,115.24,101.809,104.547,1.116,100.332,109.836,106.298,106.203,105.705
4,267.014,102.936,1.06,100.629,1.061,11.292,103.556,1.002,100.363,1.011,99.661,1.06,10.422,111.36,1.055
2,267.384,102.93,113.311,9.589,98.372,108.641,99.325,106.906,98.392,114.546,10.615,92.858,116.808,111.391,97.56
4,267.506,108.563,1.136,108.191,0.99,10.074,95.295,1.047,104.626,1.06,102.461,0.974,10.162,109.984,0.93
1,267.591,101.484,1.05,100.099,115.228,102.563,100.497,108.754,109.475,0.992,109.914,111.185,103.947,104.101,108.034
3,268.092,102.158,1.13,114.548,101.603,1.083,106.417,1.026,118.267,1.09,104.564,91.642,0.939,97.217,1.018
2,268.221,98.574,117.136,9.986,105.642,104.849,101.433,95.776,98.392,102.014,9.678,100.951,102.119,98.83,107.697
1,268.468,104.34,1.115,109.035,108.835,104.926,108.496,100.871,100.227,1.116,111.842,110.687,104.398,110.326,105.635
2,269.002,113.773,116.851,10.579,106.937,103.254,108.878,102.094,102.72,105.669,9.809,96.516,119.133,97.432,111.813
1,269.065,111.185,1.076,111.466,109.469,99.516,111.701,99.998,98.142,1.124,111.461,102.778,114.845,106.927,101.995
3,269.134,113.616,1.066,109.096,107.619,1.01,94.182,0.985,108.483,0.963,97.481,93.421,1.021,98.285,0.986
2,269.168,114.632,102.583,9.678,108.013,116.513,112.577,101.222,102.591,107.955,10.281,109.214,111.422,111.048,96.85
3,269.507,114.162,1.143,107.422,99.946,1.0,94.499,1.044,112.648,1.001,103.566,91.938,0.958,106.009,1.105
2,269.597,112.969,116.475,10.733,94.015,108.843,103.236,105.5,107.04,109.182,9.994,104.993,103.167,111.179,104.707
2,269.617,110.652,106.221,10.495,106.272,114.516,112.038,95.297,103.992,106.237,9.186,104.899,112.822,111.056,111.947
1,269.974,98.669,1.135,97.089,99.566,113.453,104.261,104.782,106.343,1.149,111.348,115.47,99.641,100.782,110.678
2,270.084,104.614,115.651,10.254,100.735,110.817,105.035,101.842,105.062,102.529,10.381,106.924,114.262,113.549,108.467
3,270.223,108.631,0.978,96.642,105.177,0.969,103.1,1.078,104.159,1.074,100.727,104.162,1.065,95.078,1.077
4,270.239,109.068,1.079,102.893,1.03,11.468,100.927,1.029,99.2,1.149,97.601,1.089,11.834,109.255,0.952
1,270.408,106.802,1.058,100.684,113.487,103.997,111.184,98.222,103.529,1.064,111.391,112.965,100.244,114.744,98.934
4,270.436,95.434,1.151,97.335,1.059,11.57,103.218,1.063,96.468,1.108,107.226,1.107,11.061,109.109,1.083
3,270.861,111.299,1.037,104.504,91.594,0.986,107.064,0.991,117.229,1.066,97.179,102.567,1.023,95.394,1.113
1,271.479,109.609,1.021,104.513,106.125,117.557,104.853,96.265,93.879,1.173,98.069,107.989,113.24,108.57,109.485
1,271.525,111.348,0.987,94.711,113.386,103.956,98.287,106.852,109.745,1.145,105.125,100.167,101.06,103.977,108.493
3,271.563,103.687,1.049,97.299,94.07,1.041,98.733,1.082,116.321,1.079,111.319,95.303,1.07,109.423,1.034
4,271.607,102.318,1.083,104.801,1.009,10.201,97.699,0.977,105.166,1.06,107.869,1.112,11.626,94.39,1.028
3,271.623,115.567,1.048,109.33,102.616,1.007,94.825,1.131,106.961,1.036,100.854,94.855,0.943,98.721,1.109
3,272.162,111.788,1.029,97.993,106.395,0.965,102.09,1.036,108.096,1.035,104.711,91.969,1.063,105.837,0.966
4,272.247,97.809,1.066,112.246,0.973,10.848,105.123,0.985,101.661,1.045,110.487,1.117,10.355,94.917,1.024
3,273.062,111.378,1.06,97.811,108.36,1.0,107.045,1.064,115.431,0.989,99.71,99.463,0.981,108.673,1.082
2,273.087,115.074,107.725,9.425,109.435,108.592,114.558,108.212,106.515,102.106,9.913,106.161,104.931,101.051,98.658
2,273.342,107.971,109.514,9.736,107.157,111.38,111.577,102.212,103.659,106.576,10.753,96.432,117.139,107.006,108.725
1,273.721,97.577,1.023,108.432,99.948,101.803,108.64,103.899,107.911,1.163,100.813,113.049,116.4,99.988,101.546
2,274.197,97.764,107.235,10.286,108.368,117.139,100.314,99.33,114.098,106.749,9.309,100.031,107.02,102.694,95.975
1,274.41,99.65,1.128,110.626,104.43,105.145,111.412,109.506,104.591,1.071,101.346,115.741,106.975,111.611,94.654
4,274.415,98.379,1.091,106.241,1.03,10.161,105.613,1.044,97.776,1.009,109.748,1.094,10.416,109.105,1.016
2,274.839,107.246,111.567,10.583,102.42,110.757,105.677,100.018,98.277,113.854,9.203,98.361,100.447,111.453,104.144
4,275.23,109.022,1.166,108.819,1.09,11.544,105.027,0.991,102.522,1.032,103.277,0.987,10.367,102.757,0.937
4,275.249,104.149,1.171,111.216,1.031,11.422,102.861,1.036,94.579,1.052,103.329,1.079,11.728,106.534,0.985
1,275.953,100.737,1.085,98.902,108.986,111.473,112.995,97.379,99.848,1.16,106.559,112.384,102.811,106.391,106.044
4,276.045,104.233,1.078,112.159,1.137,10.346,110.844,1.036,97.742,0.997,97.122,1.005,10.14,109.061,1.051
4,276.474,111.948,0.985,106.309,1.031,11.521,94.688,0.925,108.656,1.024,101.687,1.137,10.774,99.448,1.052
4,277.051,103.838,1.007,101.147,1.097,11.252,97.58,1.058,105.979,1.123,102.493,1.006,11.25,106.352,0.928
2,277.365,108.297,108.833,10.242,106.574,116.641,103.283,100.648,108.65,110.09,9.475,102.613,117.139,99.833,111.472
2,277.991,102.122,111.62,10.748,106.637,112.571,112.493,96.221,101.715,113.507,10.812,94.864,114.58,112.84,94.832
2,278.523,107.592,109.755,10.654,100.679,115.682,99.712,98.274,110.328,108.015,10.581,94.539,104.938,113.546,99.111
4,278.687,95.195,1.037,107.777,0.972,10.033,106.335,0.921,106.864,1.039,103.027,1.122,10.276,105.123,1.024
4,279.127,100.821,1.018,112.31,1.031,11.75,101.937,0.972,107.103,1.025,101.497,0.973,10.55,105.706,1.051
3,279.172,105.559,1.13,100.009,97.822,0.987,99.765,1.035,112.291,1.045,113.917,91.825,1.064,103.156,1.112
2,280.566,108.482,108.546,10.773,96.734,116.729,114.384,108.016,103.029,106.229,10.345,106.501,106.636,103.939,109.14
1,280.77,111.185,1.03,111.069,108.627,104.439,101.046,110.552,104.153,1.093,109.909,105.985,107.587,114.187,103.271
2,281.208,109.931,100.462,10.453,101.949,118.809,108.06,102.49,107.982,115.442,10.586,105.135,103.772,105.327,99.182
4,281.665,96.255,1.124,98.48,0.97,11.778,94.567,0.994,96.317,0.996,108.12,1.022,11.592,93.831,0.935
4,281.998,101.891,1.158,97.147,1.048,10.51,110.352,0.987,94.362,1.141,97.257,0.981,11.565,100.902,1.043
3,282.977,103.654,1.133,100.018,92.81,1.049,100.648,1.081,102.105,1.085,104.108,94.606,1.016,102.465,1.035
1,283.118,108.851,1.118,104.055,113.462,110.193,98.094,106.044,108.203,1.169,110.576,111.931,101.508,114.518,96.306
3,283.242,113.443,0.994,104.751,94.573,1.01,94.371,1.003,105.731,0.976,101.046,97.591,1.074,96.187,1.016
3,283.453,100.287,0.963,106.586,104.919,0.928,102.702,1.001,102.415,1.139,99.122,100.471,1.073,95.951,0.983
1,283.501,109.87,1.132,101.05,103.536,99.231,99.007,104.357,97.868,1.007,105.452,99.515,104.977,109.478,99.618
2,283.765,97.792,110.726,10.68,98.786,106.885,99.858,104.891,109.57,101.616,10.28,106.618,115.716,112.873,99.943
2,283.904,99.655,115.656,9.945,103.93,100.321,112.556,111.188,102.707,104.674,10.599,95.379,119.205,108.701,97.491
4,283.914,97.644,1.117,113.478,1.13,10.585,106.099,0.928,99.408,1.009,111.178,1.13,10.327,109.47,1.044
2,284.229,114.918,106.994,10.606,105.747,107.715,109.989,102.472,109.977,116.73,10.515,93.56,113.812,113.234,94.259
3,284.3,107.96,0.98,100.321,99.482,1.021,108.081,1.044,108.823,1.031,113.116,96.772,1.011,107.607,1.004
4,284.36,100.289,1.064,105.549,1.018,10.69,110.352,1.085,102.684,1.142,108.302,1.099,10.305,94.492,0.948
2,284.535,99.816,115.999,9.423,102.41,108.036,112.277,97.735,115.132,107.723,9.815,103.126,111.73,113.951,103.216
4,284.566,95.595,1.04,99.658,1.06,10.756,111.347,1.055,101.024,0.988,98.027,1.117,11.592,93.898,1.051
2,284.982,112.244,101.677,10.74,93.54,117.312,98.528,99.376,109.633,114.965,10.691,94.35,106.103,109.201,107.398
3,285.0,114.299,1.066,110.725,94.121,0.959,97.142,1.095,113.609,1.095,109.537,93.571,1.002,98.721,1.078
3,285.079,101.928,1.009,104.034,106.709,0.947,105.749,1.043,117.967,1.034,111.906,107.411,0.966,99.685,0.983
4,285.402,99.635,1.03,101.439,1.075,11.728,103.671,1.079,106.874,1.043,106.44,1.116,10.188,105.612,0.936
2,285.514,109.537,107.725,9.883,106.985,113.433,104.679,96.884,98.574,113.226,9.77,96.734,119.205,110.547,103.096
2,285.989,111.137,113.472,10.345,94.25,114.921,101.419,97.051,111.502,100.096,10.829,106.778,102.841,103.442,103.421
4,286.024,105.689,1.065,108.191,1.109,11.828,107.332,0.946,108.219,1.141,97.383,0.964,10.065,108.766,0.944
3,286.359,108.921,1.117,99.609,106.612,0.926,106.025,1.127,114.962,0.963,105.236,103.953,1.094,94.095,1.049
3,286.8,102.731,1.086,109.822,100.771,1.052,108.29,0.977,107.051,0.963,98.363,106.79,1.084,93.183,0.971
4,287.183,99.439,1.148,99.18,1.101,11.247,97.095,1.092,101.076,1.12,100.718,1.019,11.88,104.555,1.017
2,287.341,99.312,104.774,10.02,106.985,113.797,100.875,110.103,108.053,115.358,10.345,103.213,104.808,104.701,104.111
3,287.904,101.989,1.091,100.693,103.89,1.063,93.149,1.076,116.412,1.125,99.159,97.32,0.962,93.291,0.982
2,288.959,112.716,116.355,9.831,104.024,115.716,99.617,107.525,104.793,100.677,9.633,99.49,116.557,113.885,105.391
1,288.977,98.86,1.005,98.267,108.815,100.541,98.147,105.804,98.588,1.007,95.821,112.896,115.883,114.979,106.477
1,289.555,107.473,1.064,101.875,113.509,99.397,96.947,97.873,105.422,1.141,95.716,111.908,117.177,102.251,111.315
2,289.6,100.381,101.953,9.455,97.372,109.507,114.511,99.171,99.817,115.307,10.818,100.679,116.543,110.922,95.455
2,289.677,97.388,104.704,9.503,107.229,102.448,114.429,97.159,104.038,103.473,10.898,100.196,108.166,105.394,101.792
2,289.862,103.324,105.51,10.728,102.428,104.989,112.141,99.859,102.122,112.261,10.533,105.06,100.945,98.759,103.024
3,289.933,117.938,0.998,114.564,96.294,1.091,107.777,0.994,111.194,1.107,103.311,108.015,1.002,98.011,1.05
2,290.433,111.756,115.861,9.264,93.786,105.901,113.469,110.716,113.864,110.09,9.882,94.138,116.268,106.776,96.008
4,290.481,100.488,1.04,99.901,0.977,10.899,108.564,0.927,103.099,1.031,109.253,0.962,11.249,106.532,1.04
4,290.575,98.174,0.995,105.996,1.047,11.352,101.795,0.985,109.213,1.145,106.711,1.02,10.685,109.256,1.026
4,290.683,108.916,1.074,104.22,1.139,10.266,97.335,0.919,103.158,1.081,105.295,1.03,11.272,99.083,0.93
2,290.939,98.464,108.93,9.84,97.596,103.638,107.791,111.86,99.525,109.326,10.147,98.555,106.137,96.44,97.354
4,291.309,101.535,1.141,108.12,1.028,10.508,98.859,1.076,111.657,1.01,107.322,1.085,11.105,111.355,1.041
2,291.645,102.14,110.649,10.515,96.486,100.439,103.612,103.384,114.632,100.994,9.315,100.168,112.728,104.461,94.623
1,291.655,97.076,0.994,104.334,107.234,110.185,109.602,99.912,95.823,1.054,104.509,102.562,99.012,105.345,94.292
3,291.782,105.811,1.12,105.618,95.689,1.015,92.972,0.996,118.254,1.102,106.433,106.259,0.969,92.433,1.019
1,291.976,96.162,1.124,100.97,111.908,114.078,103.063,111.592,109.07,1.14,95.308,102.561,104.349,104.566,105.094
4,292.103,106.872,1.04,106.43,1.082,11.275,96.418,0.942,103.372,1.144,108.304,0.97,10.483,103.734,0.998
4,292.532,108.751,0.987,102.666,0.961,11.804,96.544,1.002,103.179,1.003,100.629,1.12,11.497,109.256,1.073
2,292.683,111.87,108.582,9.662,109.243,109.366,112.933,110.796,99.232,103.798,9.776,99.536,107.936,110.199,109.735
1,293.287,100.268,1.171,110.457,106.509,99.778,99.859,106.967,103.812,1.163,103.801,109.354,103.041,97.534,96.607
2,293.511,112.264,110.359,10.9,106.934,104.912,113.885,99.027,110.554,108.18,9.89,108.153,115.478,97.944,100.248
4,293.661,109.002,1.073,105.967,1.002,11.029,96.906,0.922,98.094,1.148,107.763,0.981,10.254,95.363,0.928
4,294.13,104.391,1.003,98.584,0.975,11.161,102.481,1.081,102.974,1.088,113.815,1.12,10.27,108.181,0.987
4,294.308,111.996,1.099,99.617,1.137,11.722,108.595,1.067,103.688,0.996,101.159,0.998,10.425,104.813,1.058
4,295.067,97.259,1.158,112.864,1.003,10.829,96.955,0.973,94.465,1.101,104.276,1.087,11.362,106.336,1.08
2,295.207,106.361,116.478,9.77,97.59,113.977,98.585,105.306,115.255,109.48,9.235,100.571,113.206,97.929,94.781
1,295.243,103.464,1.106,96.803,116.284,101.147,112.512,108.712,101.308,0.988,94.867,109.113,108.769,99.536,105.822
4,295.976,97.029,1.122,107.883,1.067,10.987,106.841,1.032,106.704,0.996,113.102,1.065,10.15,94.839,0.932
2,295.979,112.659,115.656,10.618,105.291,101.356,98.83,106.761,108.198,102.693,9.658,97.909,102.926,103.343,94.881
2,296.735,112.416,108.232,9.593,92.911,115.555,102.309,97.487,102.707,106.198,10.124,94.18,115.998,114.15,102.504
2,296.784,110.497,103.266,9.686,99.633,116.849,113.929,104.564,98.835,106.763,9.997,109.497,100.735,103.964,101.978
2,296.911,102.929,100.157,10.752,103.562,101.634,104.431,108.494,105.837,103.837,10.037,107.676,104.528,107.743,104.959
1,297.363,108.277,1.015,94.329,113.771,100.222,101.184,99.503,108.885,1.027,97.373,99.208,107.03,109.755,108.096
4,297.451,106.633,1.13,96.522,1.125,10.692,96.616,0.948,95.355,1.018,97.176,1.124,10.461,111.066,1.014
3,297.876,103.508,1.091,111.298,99.888,1.1,100.51,1.018,100.755,1.059,113.411,102.265,1.002,96.111,1.019
1,298.032,98.399,1.145,96.81,107.696,107.035,111.828,112.015,102.963,1.027,99.824,113.075,114.213,100.365,105.913
1,298.066,107.587,1.066,94.329,116.469,112.23,97.195,94.34,107.635,1.097,99.879,117.964,115.837,109.689,109.899
4,298.286,97.539,1.111,98.395,0.982,11.042,105.612,1.033,103.731,1.051,108.464,0.993,11.651,109.383,1.027
1,298.34,103.496,1.122,105.184,115.827,109.435,111.508,103.819,100.449,1.036,95.212,110.624,111.484,102.383,104.623
1,298.382,94.282,1.106,100.614,116.448,112.738,109.914,96.011,103.889,1.129,102.858,108.384,116.433,99.134,99.218
4,298.674,100.501,1.16,95.939,1.112,11.367,100.838,1.081,101.269,1.071,96.531,1.123,11.71,106.655,0.936
3,298.954,103.617,1.098,113.78,104.12,0.961,108.29,1.035,113.189,1.019,98.119,108.215,0.935,94.825,1.064
4,299.068,97.542,1.046,98.048,1.044,11.885,104.555,1.089,95.615,1.003,113.46,1.088,11.768,103.222,1.026
2,299.121,100.609,112.764,10.797,95.712,109.713,103.593,103.412,109.178,114.178,10.471,108.655,117.293,104.373,107.777
2,299.393,108.227,108.032,10.533,94.733,101.843,107.915,110.402,115.162,109.952,10.795,95.009,109.492,102.47,100.689
1,300.078,111.034,1.146,105.885,103.392,101.27,113.194,109.727,102.891,1.123,98.255,111.815,107.194,100.597,100.619
1,300.504,101.041,1.171,100.464,114.813,106.562,99.693,107.784,94.595,1.167,95.821,103.734,111.645,113.874,102.77
4,300.69,94.691,1.053,96.05,1.127,10.132,97.783,0.964,101.918,1.152,113.41,0.978,11.49,95.25,0.991
3,301.044,114.037,1.003,100.282,102.831,1.098,109.284,0.991,112.142,1.079,107.605,105.105,0.979,102.457,1.043
4,301.08,101.33,1.04,107.226,1.011,10.189,99.788,1.062,105.415,1.05,102.493,1.106,11.221,110.781,1.001
2,301.445,98.162,112.767,9.611,105.49,115.682,97.172,105.418,115.31,113.702,10.654,93.669,104.436,113.505,109.228
1,301.686,108.806,1.003,110.709,108.601,110.481,112.137,108.907,100.99,1.148,108.003,101.857,117.512,113.499,96.405
1,301.955,100.349,0.997,98.073,99.244,110.451,101.751,107.801,94.022,1.106,107.33,107.543,108.764,97.321,95.546
1,302.017,100.847,1.141,111.085,105.735,105.244,108.236,102.065,109.362,1.029,102.788,107.036,108.387,115.18,110.408
1,302.175,105.481,1.016,94.432,112.026,110.481,101.744,105.739,94.627,1.148,111.821,111.775,109.157,113.959,102.262
1,302.489,100.695,1.084,98.234,114.117,104.11,98.507,95.479,105.235,1.048,111.59,117.15,115.295,111.972,99.969
4,302.77,103.381,1.028,113.166,0.974,11.76,100.814,1.041,106.421,1.098,111.602,1.093,10.534,111.173,0.937
2,303.074,114.423,114.482,9.396,97.051,110.433,101.593,97.538,99.991,109.509,9.332,107.412,105.417,97.922,108.825
4,303.325,108.08,1.156,98.726,1.047,11.249,95.82,1.006,107.508,1.161,105.466,1.003,11.668,95.731,0.999
3,304.193,109.381,1.09,106.976,105.247,1.044,99.609,1.116,118.267,0.981,104.107,97.207,0.933,98.695,1.12
4,304.218,107.688,1.038,110.814,1.09,11.589,98.604,1.085,99.954,1.094,104.062,1.125,10.11,95.573,0.925
3,304.233,116.605,1.128,97.534,92.385,1.091,97.076,0.989,111.45,0.996,105.456,106.753,1.066,94.146,1.133
3,304.441,102.182,1.127,99.204,108.705,1.062,94.667,1.045,115.803,0.998,112.262,92.065,0.949,108.594,0.999
2,304.505,113.383,112.79,10.049,108.71,105.67,109.186,109.101,112.212,101.85,10.56,93.905,106.036,114.515,105.005
3,304.576,116.999,1.048,99.674,92.169,0.95,100.283,1.013,114.811,1.083,110.916,101.117,0.972,104.914,1.037
4,305.011,111.402,1.051,96.086,1.003,11.604,107.584,1.076,105.9,1.007,99.423,1.014,10.096,105.306,1.079
4,305.624,108.701,1.151,96.85,1.089,10.354,97.699,0.954,111.496,1.157,111.565,1.014,11.141,93.976,1.011
4,305.82,101.363,1.09,106.331,0.973,10.154,95.2,0.924,106.561,1.014,108.512,1.124,11.694,104.446,1.028
2,306.438,103.304,108.94,10.185,101.027,104.938,103.832,101.531,100.12,111.73,10.118,108.587,115.482,109.077,96.028
2,306.79,113.036,111.685,10.373,108.732,115.495,98.005,94.491,110.123,112.289,10.058,97.921,118.349,110.223,111.365
1,308.192,110.168,1.152,99.363,103.164,116.586,99.923,101.827,97.48,1.105,105.461,110.65,104.398,99.409,111.765
4,309.172,108.758,1.072,98.784,1.079,10.239,98.174,0.974,106.6,1.121,105.265,1.044,11.015,106.779,0.931
3,309.356,107.796,1.032,112.012,95.514,1.035,94.667,1.139,117.55,1.051,111.416,95.647,1.009,95.884,1.098
1,309.639,106.522,1.123,107.246,110.894,108.196,103.073,100.95,100.895,0.991,102.457,99.208,114.066,112.915,102.576
4,309.655,95.067,1.061,98.966,0.971,10.263,106.926,1.013,102.698,1.165,113.727,0.98,11.511,104.135,0.936
4,309.87,98.813,1.169,99.849,1.044,10.784,106.915,1.045,107.533,1.09,100.889,1.089,11.765,110.533,1.036
3,310.095,112.641,1.044,108.828,105.894,1.03,95.383,1.023,113.641,0.986,110.536,96.163,1.061,95.693,1.047
4,310.387,94.559,1.146,104.776,0.964,11.887,104.446,1.023,106.722,1.039,96.768,1.06,11.853,110.515,1.004
2,310.931,109.631,111.015,10.627,92.36,118.693,114.132,94.897,100.081,100.044,10.028,99.69,110.253,111.846,95.258
3,312.006,115.505,0.977,110.997,102.813,1.056,92.657,1.131,102.346,1.045,108.588,100.34,1.046,107.226,1.092
1,312.04,94.145,1.063,101.707,113.462,116.444,113.599,98.783,96.741,0.987,110.383,103.212,104.842,97.813,96.405
3,312.301,107.237,1.037,112.597,103.124,1.087,104.883,1.094,116.197,1.094,101.901,107.93,0.992,108.511,1.04
1,312.706,96.846,1.102,103.801,107.232,115.394,102.494,101.952,97.417,1.047,106.137,103.546,105.638,105.167,103.636
3,313.234,102.941,1.094,99.69,100.076,0.958,104.331,1.141,109.129,1.072,102.609,103.549,0.988,96.981,1.106
2,313.275,105.658,104.086,9.419,92.36,119.082,96.772,105.564,105.883,108.568,10.016,105.045,116.229,103.808,97.208
1,313.478,94.504,1.078,109.492,109.331,112.846,107.333,97.957,107.243,1.007,100.236,112.948,103.968,104.146,103.714
2,313.633,112.135,112.619,10.896,95.881,100.53,106.977,108.825,100.308,109.019,10.744,99.84,101.897,96.66,103.779
2,313.638,109.691,105.268,9.307,98.988,100.874,100.792,95.808,105.626,102.693,9.36,106.685,114.955,98.622,107.967
4,313.707,100.759,1.17,105.58,1.086,10.888,107.397,0.946,99.319,1.055,113.647,1.114,10.521,102.973,0.945
2,313.856,99.199,103.592,10.191,93.842,110.102,96.371,106.421,108.968,116.387,10.378,98.143,104.938,104.052,104.721
1,314.012,94.145,1.101,98.205,112.189,112.103,100.102,104.929,100.081,1.039,98.234,104.549,111.278,99.285,104.623
1,314.515,110.226,1.05,96.441,110.1,100.601,110.268,96.939,96.608,1.133,98.073,103.956,110.295,114.187,109.969
4,314.628,94.884,1.06,113.13,1.066,11.751,107.576,1.074,106.163,1.111,101.398,0.985,10.323,103.218,1.016
4,314.726,102.522,1.09,99.04,0.981,11.493,100.538,1.086,103.273,1.161,99.193,1.048,11.668,110.648,1.022
2,314.844,112.135,111.611,9.468,106.314,101.897,104.965,107.266,111.542,107.56,9.222,99.399,109.532,103.964,107.008
1,314.993,99.605,1.12,109.189,114.591,100.677,104.85,99.867,106.203,1.112,107.777,101.405,108.963,112.339,105.867
4,315.092,102.816,1.16,105.385,1.085,11.203,104.18,1.005,104.16,1.02,106.525,1.056,11.371,103.441,0.979
4,315.332,100.192,1.016,98.726,1.057,10.651,109.128,1.071,102.378,1.094,98.48,1.029,11.885,99.284,0.993
1,315.433,95.8,1.17,109.889,110.459,99.477,109.259,99.212,98.588,1.168,104.091,102.286,113.9,110.822,97.22
3,315.561,106.469,1.001,98.813,102.586,1.093,109.111,1.023,107.084,1.137,100.509,100.43,0.956,108.588,1.053
4,315.709,109.237,1.049,103.352,1.113,10.568,109.355,1.046,106.147,1.113,98.261,1.076,11.748,107.035,1.039
1,315.883,97.5,1.052,102.451,99.437,104.6,98.551,108.66,98.372,1.14,108.22,112.279,109.23,104.788,109.25
1,316.095,100.081,1.124,105.99,100.521,104.6,110.613,108.563,98.829,1.163,99.652,111.025,100.94,108.683,96.011
1,316.63,106.454,0.992,104.035,99.827,105.429,104.975,107.516,105.628,1.133,97.414,114.88,115.194,98.173,100.962
4,316.813,105.166,0.987,104.857,1.088,11.661,101.487,0.96,103.208,1.039,113.002,1.006,10.433,105.177,0.971
4,316.858,98.411,1.019,97.791,1.005,11.608,105.357,1.028,111.776,1.106,106.248,0.964,11.467,110.183,0.953
2,317.05,114.071,113.265,10.863,102.023,105.163,98.242,108.532,103.359,113.035,10.221,99.768,116.597,105.63,105.328
3,317.19,119.035,1.045,100.17,95.66,1.059,106.774,1.046,101.762,0.99,114.043,94.423,1.07,95.291,1.021
1,317.195,101.412,1.152,104.989,100.982,102.674,101.702,103.702,94.863,1.16,98.007,100.342,104.163,103.476,95.695
1,319.243,96.695,1.12,108.214,113.095,99.526,112.73,99.974,94.487,1.081,101.371,117.794,108.212,113.752,99.446
2,319.342,109.977,103.527,9.856,95.443,113.785,106.525,96.978,100.823,115.882,9.925,95.308,104.738,107.182,103.548
4,319.469,97.038,1.03,102.673,1.082,11.238,111.393,1.04,111.948,1.055,107.905,1.003,11.177,107.906,1.092
2,320.302,109.528,106.554,10.221,96.796,104.989,112.603,110.585,110.06,115.924,10.629,99.803,110.261,110.992,98.471
3,320.315,114.186,1.099,104.519,94.958,1.01,98.078,1.123,116.354,0.976,114.613,92.805,1.028,103.572,1.112
2,320.55,98.076,105.528,10.654,108.271,107.927,105.358,95.054,103.799,99.74,10.564,95.379,108.09,108.862,104.633
2,320.687,97.95,106.972,9.254,97.622,103.507,101.115,109.056,106.137,103.417,9.53,99.915,113.812,108.977,97.322
1,321.01,105.943,1.129,98.998,101.659,103.636,97.813,100.99,109.87,1.04,97.806,117.794,111.551,101.058,97.305
3,321.751,112.027,1.063,97.05,91.937,1.01,93.245,0.986,110.756,1.004,105.774,99.754,0.984,101.032,1.106
1,322.449,110.774,1.004,111.391,103.993,106.181,107.385,106.815,103.783,1.066,110.162,113.725,102.775,113.194,102.623
4,322.876,102.999,1.16,113.142,1.052,10.202,99.338,1.071,104.562,1.052,112.502,0.978,11.113,108.55,1.035
1,323.051,101.99,1.085,102.239,103.734,111.14,100.285,102.858,98.53,1.05,109.184,111.259,104.634,101.751,94.791
2,323.071,98.927,105.58,9.447,96.8,108.283,107.504,106.417,105.878,116.144,10.278,96.353,108.283,106.69,111.306
3,323.119,115.76,1.048,104.715,98.914,0.99,106.47,1.019,110.588,0.982,110.802,94.217,1.059,107.406,0.99
3,323.291,111.299,1.126,102.349,99.574,0.99,109.141,1.04,102.364,1.124,113.478,97.191,0.962,106.063,1.112
2,323.498,112.684,106.932,10.236,92.565,113.334,111.453,95.783,111.427,104.025,9.858,99.647,116.831,107.728,95.808
3,323.934,115.764,1.125,104.751,103.027,1.081,95.884,1.087,108.481,0.97,104.039,102.601,0.93,101.6,0.989
1,324.021,103.969,1.162,108.479,112.676,104.634,100.73,108.799,111.184,0.999,95.955,109.897,116.516,113.274,97.157
4,324.141,104.461,1.132,98.305,1.013,10.214,98.596,0.945,100.675,1.072,96.204,0.983,11.372,95.25,1.083
3,324.639,109.997,1.12,110.805,93.486,1.07,97.313,1.043,107.635,1.102,102.229,104.605,1.026,103.39,0.982
3,324.804,111.173,1.123,102.609,100.139,0.994,102.324,1.138,115.638,1.115,98.449,100.175,0.942,93.101,1.068
3,324.888,105.075,0.986,96.849,107.617,1.027,103.362,0.971,117.309,1.094,98.53,105.411,1.08,106.119,1.125
3,326.015,102.622,1.059,107.131,106.81,0.928,107.212,1.057,114.512,0.972,109.614,94.07,1.035,106.227,1.119
2,326.955,113.086,112.031,10.702,93.669,106.975,110.566,110.463,105.424,102.069,9.701,92.858,100.735,106.848,104.136
1,326.991,104.15,1.146,104.467,110.649,102.877,106.819,101.025,97.855,1.171,107.806,101.807,107.457,109.971,100.837
4,327.029,111.172,1.109,100.364,1.121,10.385,103.381,1.069,106.633,1.04,103.332,1.137,10.283,96.164,0.933
2,327.119,112.212,103.943,10.579,95.662,112.175,107.044,101.185,104.344,114.596,10.13,105.747,117.293,111.404,95.775
4,327.122,96.228,1.047,108.851,1.124,11.661,102.518,1.089,108.656,1.033,97.131,1.1,11.039,107.818,1.032
2,327.346,113.878,108.698,9.478,105.53,118.81,112.873,94.832,101.479,113.966,10.748,96.12,119.31,98.222,97.185
2,327.391,105.236,103.583,10.433,100.631,112.798,106.229,105.281,99.454,103.363,9.964,108.655,111.345,106.782,109.125
4,327.445,103.017,1.04,110.713,1.103,11.497,101.795,1.001,102.156,1.061,111.934,0.99,10.045,95.335,0.935
3,327.524,101.669,0.997,101.493,101.056,1.071,97.691,1.136,109.734,1.086,96.817,94.942,1.041,92.773,1.138
4,327.568,94.792,1.051,100.629,1.003,11.691,107.393,0.98,110.748,1.127,102.261,1.049,11.39,104.626,1.089
2,327.707,105.717,113.081,10.787,104.234,108.335,102.732,99.442,100.469,113.265,10.537,107.963,107.765,113.851,110.212
2,327.883,108.957,101.161,9.619,106.129,102.215,99.19,100.09,115.074,113.174,10.199,96.353,115.701,104.575,104.708
3,328.116,117.871,1.025,101.718,97.728,1.043,95.532,0.995,112.394,1.006,103.666,106.79,1.006,108.684,1.107
4,328.179,98.506,1.102,97.997,1.138,10.636,97.452,0.997,111.515,1.042,106.747,0.965,10.548,106.779,1.051
1,328.298,101.868,1.114,111.081,101.752,100.624,109.011,97.562,100.833,1.11,105.138,114.043,110.026,103.198,96.236
2,328.445,110.123,115.825,10.786,107.764,112.048,104.305,102.309,114.984,111.702,9.639,107.24,103.738,104.974,99.774
1,328.542,97.898,1.167,105.125,116.252,105.425,102.913,103.828,101.874,1.038,109.984,100.895,106.086,99.671,105.776
3,328.624,118.854,0.978,99.674,107.735,1.093,106.338,0.981,102.924,0.987,106.123,95.591,1.092,105.774,1.095
1,328.874,103.431,1.082,109.255,117.923,108.689,109.006,99.998,99.382,1.166,99.686,116.305,112.955,98.753,102.281
3,329.106,107.124,1.009,101.535,108.215,1.096,98.086,0.983,116.266,1.112,102.063,97.827,0.992,96.071,1.021
1,329.175,102.891,1.1,100.201,115.335,114.438,98.017,107.925,101.906,0.989,100.873,101.497,110.451,104.83,102.831
4,329.296,106.358,1.127,112.596,0.959,10.23,110.267,1.03,101.33,1.063,96.215,1.115,11.541,94.556,1.0
4,329.54,96.579,1.014,108.851,0.992,11.015,104.275,1.071,95.471,1.164,97.26,1.002,10.048,101.381,1.088
1,329.677,108.287,1.1,106.409,100.48,102.969,114.675,111.758,99.625,1.036,108.045,110.968,112.989,105.273,107.36
1,329.825,98.54,1.008,97.518,99.375,101.866,113.659,96.528,95.176,1.152,104.59,101.496,107.161,112.729,111.287
4,329.835,102.471,1.013,111.731,1.067,10.776,110.844,1.023,106.536,1.15,103.735,1.102,10.776,107.785,1.007
3,330.098,116.29,1.043,105.236,92.898,1.086,95.699,1.054,114.887,1.101,98.898,101.846,1.041,105.294,1.114
3,330.108,102.547,0.971,97.991,107.588,0.929,107.387,1.124,106.803,1.049,107.817,98.049,0.976,98.073,1.05
3,330.561,111.441,1.107,96.91,95.373,1.082,106.139,1.095,112.501,0.982,108.076,92.628,0.947,106.812,0.989
2,330.735,99.267,113.206,10.585,105.49,102.353,110.712,105.273,110.932,113.973,10.292,95.384,116.79,105.123,98.134
4,330.872,102.841,1.134,113.142,1.04,10.508,96.823,1.049,105.699,1.069,97.087,1.046,10.467,105.536,0.964
3,331.765,109.912,1.109,96.666,98.217,1.041,97.372,0.998,103.782,1.142,98.939,106.259,1.088,106.633,0.987
2,331.773,107.761,99.872,10.426,98.228,104.34,113.536,102.671,99.381,104.798,9.84,103.354,102.783,104.884,100.248
4,331.863,100.682,1.123,107.897,0.981,11.882,108.226,1.069,98.012,1.127,110.512,0.972,11.372,107.546,1.07
4,331.933,111.454,1.066,113.822,1.109,10.531,106.053,1.061,97.451,1.029,106.986,1.083,11.737,103.225,0.942
1,332.071,111.345,1.145,108.01,117.924,115.046,101.52,101.899,104.715,1.084,111.069,99.977,104.232,98.43,97.845
1,332.165,110.734,1.014,105.016,114.043,114.672,114.472,102.262,95.659,1.069,94.399,100.708,116.433,99.571,99.148
1,332.271,102.447,1.04,97.806,115.544,102.894,104.505,97.355,97.361,1.005,107.643,110.687,100.568,106.962,95.066
3,332.759,109.028,0.993,110.944,99.668,1.066,95.839,1.016,101.127,0.993,100.435,96.977,1.074,107.045,1.032
4,333.364,97.357,1.079,98.726,1.097,10.961,93.815,0.986,96.707,1.149,108.056,1.047,10.781,110.184,0.945
4,333.53,95.56,1.005,108.424,1.133,11.278,96.959,1.03,105.737,1.09,101.81,0.98,11.658,107.139,0.976
1,333.795,95.098,1.019,96.573,102.34,108.689,107.123,104.596,105.569,1.136,106.825,111.005,110.94,104.144,105.223
2,334.277,108.497,114.7,9.587,107.472,103.638,99.486,107.235,108.43,111.021,10.827,103.136,105.468,98.622,105.632
3,334.514,109.823,0.992,104.107,101.628,1.079,94.62,0.977,104.522,1.106,100.483,99.041,0.945,97.134,1.046
4,335.538,103.187,1.13,107.176,1.031,10.89,95.941,1.076,104.178,1.124,97.924,0.968,10.243,107.787,1.033
1,335.573,108.617,1.103,111.835,104.054,108.871,96.947,110.507,105.196,1.128,99.858,106.1,110.481,98.287,108.031
1,335.629,97.5,1.163,106.986,117.068,103.858,114.889,106.238,99.182,1.018,96.278,108.941,115.654,106.158,100.965
4,335.771,111.223,1.075,104.226,1.103,11.443,107.066,1.049,100.445,1.117,99.575,1.093,11.104,108.369,1.029
2,335.959,103.304,112.261,9.187,103.34,112.228,99.076,99.528,97.558,110.956,10.31,96.241,110.488,102.811,100.018
3,335.965,104.493,1.102,110.718,107.119,1.062,95.884,1.07,100.733,1.138,100.272,105.77,1.061,93.2,1.067
2,336.254,114.652,107.064,10.417,99.551,101.897,113.169,106.031,102.035,107.958,10.581,107.157,114.711,112.015,97.585
2,336.388,109.929,101.49,9.443,105.977,116.513,98.482,97.798,108.581,115.715,10.185,104.238,109.798,102.175,101.13
3,337.146,106.244,1.12,103.198,105.677,0.933,97.396,1.028,115.328,1.1,100.586,98.043,0.943,100.796,1.018
3,337.362,101.156,1.073,97.156,103.468,1.062,107.68,1.025,108.606,1.003,105.545,95.13,1.09,93.368,1.132
1,337.477,108.277,1.016,109.31,110.082,111.508,98.43,103.358,110.851,1.078,97.749,108.333,106.609,112.151,107.495
1,337.534,107.457,1.022,110.926,115.86,107.767,104.49,104.296,95.793,1.01,106.564,106.981,108.689,110.234,110.752
2,337.585,106.515,114.216,9.806,106.059,108.226,111.649,99.605,103.285,109.514,10.427,100.453,109.66,101.998,100.321
4,337.928,106.083,1.167,106.357,0.99,10.711,96.959,0.976,106.526,1.031,105.314,1.054,11.043,103.728,1.009
1,338.093,101.906,1.013,104.12,117.687,115.16,109.813,98.32,106.085,1.085,107.93,117.27,116.814,105.273,110.433
2,338.414,98.162,114.29,9.493,99.473,108.498,109.433,94.287,114.029,112.767,9.446,99.351,110.242,110.223,105.328
3,338.55,115.864,1.084,96.383,91.679,1.081,93.291,1.029,104.996,0.963,112.233,101.186,1.021,97.93,1.069
1,339.846,109.717,1.032,111.253,106.989,106.41,101.497,97.602,96.608,1.098,98.426,112.588,117.363,113.874,104.296
2,339.861,108.408,101.064,10.682,93.109,117.247,101.57,106.825,103.317,106.774,10.585,104.993,105.598,109.187,106.535
3,339.955,106.587,1.064,106.906,102.831,1.017,107.267,1.077,100.367,1.048,103.304,105.493,1.027,97.44,0.978
4,339.984,94.285,0.992,102.147,0.972,10.508,96.804,1.04,100.354,1.051,103.329,1.079,11.416,96.486,1.045
1,340.185,104.135,1.05,106.816,109.022,117.473,98.219,98.507,99.009,1.168,108.244,108.63,107.35,104.483,99.27
1,340.331,103.849,0.991,108.24,102.285,115.764,101.178,94.34,105.893,1.005,102.212,106.299,100.866,97.734,108.43
2,340.404,103.662,104.571,10.53,106.853,111.934,113.405,107.703,112.659,105.224,9.692,92.839,105.483,104.457,97.789
1,340.922,105.406,1.101,104.517,104.839,114.135,106.683,109.969,102.764,1.066,110.777,117.381,106.181,112.715,109.915
4,341.244,100.105,1.158,110.992,1.137,11.586,94.071,0.93,97.871,1.128,102.903,0.989,10.266,106.745,1.082
2,341.708,112.75,115.536,10.367,100.079,103.238,97.559,99.938,101.038,112.701,9.562,102.952,101.74,99.049,104.564
2,341.872,104.443,111.792,10.187,103.354,105.127,109.186,111.721,98.801,109.096,10.28,107.314,114.862,102.115,98.05
4,342.224,109.421,1.007,103.944,1.1,10.716,96.901,1.003,110.277,1.037,110.693,1.099,11.153,106.03,1.028
4,342.277,109.068,0.996,111.196,1.063,10.153,101.624,1.062,108.477,1.062,103.823,1.012,11.45,102.622,0.934
4,342.317,103.996,1.019,102.893,0.974,10.478,111.098,1.049,104.391,1.042,99.065,1.124,11.444,100.72,0.994
3,342.537,101.675,1.126,113.598,98.754,0.966,95.439,1.034,112.641,1.086,101.632,96.143,1.03,92.806,1.088
2,342.611,102.396,107.251,10.515,96.796,114.103,103.715,94.36,102.707,103.592,9.342,105.583,110.757,114.515,97.538
1,343.337,98.527,1.075,108.122,103.859,116.201,114.491,94.647,103.496,1.005,109.073,110.145,116.032,115.199,101.969
2,343.413,99.105,110.077,10.751,96.659,104.856,113.833,96.764,105.291,112.211,10.382,100.168,116.513,98.799,99.605
2,343.713,114.783,104.774,10.535,109.347,100.676,100.739,104.786,99.319,111.792,10.453,94.375,109.798,114.369,95.775
3,343.713,108.418,1.048,107.448,107.619,1.031,101.151,0.982,106.359,1.065,106.236,108.32,1.057,101.274,1.138
3,344.158,107.914,1.04,113.496,104.833,1.018,105.42,1.046,104.082,1.021,104.816,98.914,0.931,107.226,1.036
3,344.656,114.257,1.113,108.196,102.927,0.99,102.326,1.01,101.342,1.011,103.341,107.329,1.044,108.548,0.984
3,344.68,109.683,0.974,101.403,91.988,1.017,107.226,0.961,116.057,0.999,104.855,98.195,0.97,100.72,1.105
1,345.111,100.519,1.009,108.637,110.661,115.43,103.589,105.536,108.815,1.098,110.062,109.065,112.142,96.974,102.664
1,345.21,102.679,0.996,105.192,103.774,104.147,111.423,106.791,102.994,1.045,94.956,99.359,115.966,97.602,105.45
2,345.467,109.006,100.462,9.534,98.463,119.187,104.729,109.09,114.953,101.277,9.393,95.4,119.185,103.152,111.582
4,345.815,96.033,1.077,106.288,1.097,10.143,102.861,1.065,108.452,1.064,110.457,1.066,10.088,94.078,0.93
3,345.893,116.429,1.144,112.958,100.336,0.931,102.806,1.091,103.158,1.129,104.689,100.467,0.968,93.045,1.01
4,346.607,105.879,1.0,98.027,0.983,10.609,101.212,1.003,111.996,1.046,97.031,1.066,10.508,103.977,1.014
3,346.819,106.294,1.032,106.654,99.682,1.05,102.116,1.128,118.958,1.124,99.147,97.822,1.001,101.274,1.086
4,346.865,110.63,1.134,106.311,1.029,11.89,104.275,1.023,102.01,1.062,97.791,0.969,11.543,102.487,0.938
3,346.931,100.516,1.058,106.833,99.682,1.066,92.613,1.141,116.539,1.042,104.756,108.751,0.977,95.532,1.032
3,347.425,117.206,1.071,101.482,103.176,1.035,99.309,1.045,101.812,1.035,99.27,105.14,1.01,103.472,1.035
4,347.836,102.084,1.055,113.727,1.129,11.021,103.85,1.051,105.603,1.113,97.562,1.128,11.683,98.044,1.03
1,348.3,96.55,1.148,106.947,104.18,100.075,100.144,103.16,110.064,1.02,101.982,109.995,106.182,105.83,99.204
4,348.385,98.201,1.061,99.661,1.049,11.538,106.793,1.057,106.004,1.039,106.241,1.092,11.25,100.45,0.942
3,349.129,116.98,0.972,110.541,103.549,0.979,106.444,1.032,104.748,0.989,96.411,107.729,1.027,99.862,1.096
4,349.302,108.359,1.016,99.991,0.982,11.174,96.368,1.052,100.152,1.044,101.755,1.088,10.345,107.124,1.046
4,349.326,101.33,1.142,108.303,0.961,11.832,109.964,1.069,97.607,1.0,103.063,0.971,10.385,100.16,0.96
4,349.42,111.172,1.011,111.211,1.132,11.169,111.316,0.947,106.932,1.155,96.926,1.122,10.212,97.985,1.072
2,349.425,97.804,110.501,9.666,96.37,107.018,99.878,97.024,104.614,109.296,10.858,100.43,109.41,98.496,109.264
2,349.502,112.813,99.495,9.84,104.024,117.619,101.419,99.33,99.272,112.422,9.361,95.379,116.4,114.499,99.96
4,349.773,108.443,1.162,96.204,1.123,10.19,96.501,1.072,102.345,1.125,96.112,1.113,11.238,107.266,0.956
1,349.938,110.523,1.129,110.186,109.501,104.992,109.006,104.782,95.114,1.014,103.881,101.715,104.993,98.679,106.044
1,350.323,109.717,1.107,108.739,113.974,113.557,112.063,94.358,106.271,1.042,99.237,105.462,110.915,105.167,108.074
2,350.689,99.267,114.614,9.707,107.764,104.699,102.309,110.559,113.087,114.548,9.411,107.389,118.491,100.253,95.139
2,351.035,104.443,116.631,10.296,96.27,106.036,109.3,106.761,104.017,115.988,10.475,97.61,104.001,96.713,101.575
4,351.226,96.665,1.08,112.099,1.065,10.069,97.143,1.042,102.834,1.073,97.855,0.965,10.327,94.567,1.022
2,351.387,98.27,101.969,9.913,104.219,107.686,105.369,105.612,103.522,117.028,10.811,107.764,119.14,96.991,111.934
3,351.702,117.816,0.999,103.531,96.654,1.053,100.135,1.069,105.063,1.07,113.464,98.749,1.07,93.702,1.139
3,351.959,114.975,1.073,100.693,91.832,0.988,106.227,1.097,108.137,1.093,110.045,105.569,1.031,102.478,1.12
4,352.345,100.741,1.028,99.423,1.038,11.887,102.38,1.057,109.752,1.09,109.763,1.139,10.391,108.595,1.041
1,352.512,97.373,1.093,96.878,104.046,105.51,111.642,100.3,103.812,1.161,95.988,100.102,99.183,108.977,97.027
2,352.807,102.757,115.41,10.225,109.315,114.55,107.859,110.827,104.668,112.079,10.468,96.734,110.796,101.419,99.438
4,352.846,101.789,1.0,101.59,0.988,10.967,101.381,1.004,106.526,1.028,113.241,1.096,10.77,103.873,1.085
3,353.09,108.669,1.005,105.618,93.76,1.065,105.689,0.983,115.075,0.968,110.119,107.596,1.028,108.191,1.035
1,353.152,110.3,1.166,105.047,100.279,109.507,104.145,107.56,100.229,1.043,104.246,105.289,106.749,97.27,103.636
2,353.354,106.057,110.956,10.71,103.852,118.235,97.402,100.467,108.227,104.008,10.454,107.96,118.537,101.556,107.228
1,353.504,101.421,1.071,111.256,106.198,99.679,99.097,104.088,105.628,1.169,103.421,112.734,99.641,114.082,106.514
3,353.877,103.822,1.009,111.159,95.029,0.97,93.949,1.069,100.172,0.979,108.583,108.366,1.037,103.605,1.086
4,354.28,102.143,1.131,113.539,1.125,11.017,95.831,0.954,94.72,1.153,98.912,0.973,10.501,100.727,0.989
1,354.323,104.274,1.049,101.048,103.591,111.787,99.68,106.532,100.004,1.036,102.035,100.708,105.016,100.462,108.283
3,355.0,106.687,1.007,98.765,102.666,0.951,97.313,1.099,112.751,1.09,109.621,92.95,0.945,106.139,0.983
4,355.469,104.34,1.101,105.381,1.007,11.661,104.782,0.937,102.438,0.995,112.046,1.086,10.213,104.446,0.949
3,355.721,113.645,1.144,98.898,100.12,1.01,92.79,0.989,102.622,1.106,103.903,93.026,1.014,96.829,0.998
1,355.743,101.165,0.997,107.875,107.696,117.248,101.527,105.708,103.812,0.988,110.626,116.448,100.551,107.67,99.844
3,355.799,109.059,1.101,99.91,105.105,1.063,95.451,0.967,109.768,1.102,112.608,105.059,1.028,99.609,1.119
3,356.656,109.129,1.047,98.67,98.739,0.965,106.025,0.963,108.224,1.115,101.043,108.221,1.057,93.026,1.003
2,356.911,99.105,109.514,10.41,105.613,117.439,106.776,98.673,97.719,114.97,9.265,100.079,108.201,107.091,98.853
1,357.036,101.513,1.031,96.336,101.889,107.5,99.373,94.352,110.989,1.034,99.859,117.573,105.295,111.642,100.403
1,357.102,106.53,1.036,100.322,100.73,99.864,113.643,98.529,102.687,1.171,100.614,110.707,103.011,110.799,98.529
4,357.191,108.368,1.088,108.599,0.998,10.415,104.603,1.059,103.535,1.016,111.788,1.002,10.729,94.556,1.048
4,357.407,109.159,1.169,113.181,0.974,10.909,93.856,1.073,110.378,1.073,108.195,1.046,10.89,94.926,0.988
3,358.157,102.247,1.111,114.56,96.358,1.083,93.488,1.113,106.709,1.04,114.496,93.88,1.001,93.025,0.981
2,358.284,99.103,104.798,10.535,99.479,103.142,101.556,100.601,111.384,114.212,9.358,97.005,117.008,112.706,109.873
1,358.357,103.13,1.099,101.649,102.212,117.557,104.035,100.439,108.917,1.124,100.389,115.447,104.455,108.454,109.563
2,358.476,114.783,103.706,10.851,99.964,109.776,99.486,99.839,105.246,105.133,10.218,105.277,102.742,98.566,107.398
2,359.494,107.635,99.598,10.44,94.424,109.863,98.294,107.235,101.73,114.409,10.581,94.233,106.036,97.398,108.977
4,359.557,107.745,1.013,110.713,1.036,10.967,106.779,1.016,96.365,1.041,109.382,0.985,11.211,95.573,1.014
4,359.66,96.875,1.063,102.532,1.089,10.854,103.218,1.051,106.635,1.06,96.531,1.069,11.016,96.012,1.032
2,359.741,108.99,106.22,9.443,95.558,102.176,106.405,108.195,114.783,115.442,9.868,107.211,117.312,106.536,106.12
1,360.086,110.683,1.038,103.881,99.375,113.866,97.859,100.965,95.227,1.107,109.727,103.037,111.645,98.92,94.791
3,360.64,110.111,1.144,110.541,107.164,1.095,108.511,1.032,118.604,0.963,106.544,101.052,0.95,103.158,1.122
1,360.744,111.026,1.006,109.474,110.237,115.077,109.487,97.602,111.185,1.094,108.95,115.809,117.346,111.804,96.556
1,360.96,99.625,1.029,103.448,113.875,106.435,98.094,99.447,110.774,1.066,108.956,102.336,104.842,96.959,99.356
2,361.135,97.606,105.241,10.793,105.522,109.481,107.291,100.289,97.788,107.31,10.811,97.195,114.834,112.91,106.882
1,361.192,109.639,1.137,99.572,106.292,107.758,112.73,104.458,95.657,1.005,105.99,101.588,106.144,101.221,95.656
4,361.55,102.533,1.002,106.314,1.007,11.313,101.104,0.929,110.325,1.127,106.299,1.009,11.152,102.622,1.07
3,361.696,103.617,1.07,106.58,103.475,1.033,108.719,1.106,111.214,1.102,108.541,103.468,1.077,99.129,1.021
4,361.77,110.986,1.136,103.944,1.137,10.204,102.902,0.949,104.721,1.143,106.624,1.078,11.604,98.181,0.936
1,361.874,98.572,1.088,109.889,115.809,105.462,114.145,99.618,96.162,1.101,104.989,110.116,110.119,114.539,96.748
1,362.007,93.749,1.04,99.286,111.158,103.701,102.313,101.577,106.988,1.147,97.635,110.174,113.095,102.364,107.56
1,362.199,104.187,1.14,95.998,112.734,105.71,105.251,99.495,95.851,1.105,103.193,100.224,110.482,98.097,97.646
2,362.283,104.125,103.428,10.753,99.376,112.228,108.072,97.574,108.108,112.524,9.775,92.519,117.388,110.663,100.911
2,362.705,108.968,102.269,9.875,96.8,112.55,102.951,106.251,108.99,99.733,10.344,100.697,106.092,104.453,103.125
3,363.104,101.865,1.098,110.05,99.565,0.947,103.969,1.028,104.251,0.979,101.184,101.738,0.942,102.088,1.032
2,363.118,103.121,103.266,9.641,104.219,115.471,113.0,107.252,106.156,114.212,10.339,102.901,100.437,107.472,110.103
2,363.264,106.234,113.702,9.178,107.314,115.463,106.998,108.532,102.834,109.283,10.849,97.907,102.466,101.143,107.423
3,364.104,106.895,0.991,101.373,92.169,0.961,99.197,1.004,104.983,1.114,98.905,94.174,0.96,95.952,1.001
1,364.519,103.65,1.173,110.762,99.186,104.061,110.829,99.218,104.91,1.001,110.813,100.424,104.365,105.725,95.721
2,364.803,102.763,100.416,10.634,108.368,115.35,111.056,96.905,99.573,115.635,10.173,107.24,110.889,101.4,95.575
2,364.896,98.162,109.887,10.455,97.015,104.867,105.159,108.368,99.831,113.07,9.999,104.365,104.859,112.201,104.704
3,365.628,103.096,0.989,103.542,98.914,1.031,109.724,1.133,108.323,1.079,100.819,99.029,1.056,94.993,1.107
3,366.79,113.625,1.03,114.213,96.438,1.01,94.108,1.053,105.227,1.029,101.238,93.838,1.037,93.835,1.015
1,367.002,95.637,1.149,94.978,112.822,112.738,100.41,95.556,101.548,0.987,105.075,101.715,110.739,97.52,105.45
4,367.042,110.974,0.986,97.031,1.138,10.307,100.987,0.985,107.296,1.115,113.539,1.033,11.891,98.408,1.03
3,367.173,113.777,0.981,113.633,98.982,0.99,93.174,1.081,118.877,1.117,113.166,105.463,1.09,108.719,1.071
4,367.222,110.585,1.147,98.305,0.979,10.75,101.212,0.965,98.379,1.067,103.507,1.087,10.461,110.88,0.957
1,367.262,96.217,1.0,98.426,114.393,106.483,105.455,105.915,97.299,1.021,99.686,110.319,110.451,105.106,105.06
4,367.383,96.385,1.061,99.892,0.983,11.261,100.689,1.009,103.696,1.036,108.469,1.058,10.356,109.753,0.987
3,367.424,114.449,1.081,114.565,94.793,0.964,103.723,1.022,111.391,1.143,114.393,95.13,0.957,103.223,1.127
4,367.569,94.465,1.084,100.654,1.125,10.606,103.85,0.945,111.876,1.09,105.716,1.066,11.367,105.055,0.987
3,367.661,109.794,0.989,98.849,92.81,1.011,104.255,1.101,116.31,1.015,97.717,107.879,0.933,103.605,1.101
1,367.738,103.529,1.119,99.865,115.036,110.643,101.751,104.666,109.771,1.065,108.382,116.807,104.323,98.107,98.697
4,367.936,102.205,1.111,99.016,0.969,10.272,100.214,0.971,101.912,1.003,96.883,1.07,11.057,104.135,1.047
4,368.711,98.654,1.151,109.089,0.962,10.08,103.864,0.947,102.035,1.081,112.222,0.984,10.037,109.43,0.985
4,369.045,105.479,1.045,98.269,1.137,10.82,104.986,1.07,96.619,1.01,99.465,1.105,10.098,111.347,1.073
2,369.092,114.029,113.654,10.197,97.195,117.152,113.193,107.134,108.273,112.79,10.367,105.206,109.48,113.494,104.287
1,369.163,98.656,1.152,96.803,101.405,100.682,107.326,95.546,97.089,1.126,97.77,106.101,109.099,112.438,97.855
3,369.279,113.685,1.095,99.696,108.775,1.089,95.618,1.14,111.148,0.974,98.363,101.369,0.998,100.913,1.027
2,369.292,113.383,107.94,10.535,102.142,113.347,111.419,107.977,100.968,103.798,9.855,109.347,103.142,103.361,100.664
1,370.117,98.092,1.05,107.107,99.244,101.675,97.732,106.65,95.761,1.073,111.03,100.777,113.568,110.07,110.907
2,370.647,111.389,108.013,10.062,94.554,113.699,103.118,97.487,98.785,109.514,10.395,104.041,115.876,111.649,96.196
2,370.655,101.658,117.481,9.264,106.968,107.367,102.515,96.36,104.606,103.027,9.59,103.369,108.617,97.699,99.49
1,370.752,110.523,1.132,103.944,107.423,102.404,101.104,104.831,97.38,1.14,104.632,106.729,100.897,114.614,111.363
3,370.92,118.188,1.017,109.614,93.98,0.986,105.156,0.984,106.926,1.104,114.358,104.678,0.996,104.97,1.042
1,370.952,97.409,1.14,101.346,102.34,116.55,111.163,99.577,104.216,1.096,105.064,109.372,114.866,99.581,98.873
3,371.677,110.363,0.963,114.564,100.371,0.958,92.79,1.054,102.683,1.088,102.112,105.586,1.07,102.287,1.021
1,372.281,99.009,1.079,100.616,102.524,114.536,105.776,103.811,107.055,1.149,105.699,102.617,99.532,113.452,105.913
1,372.817,95.571,1.028,95.915,115.928,101.27,99.693,103.198,98.092,1.043,98.203,108.315,102.969,112.584,95.712
1,373.413,104.656,1.117,102.451,99.869,105.388,105.83,101.74,102.588,1.029,99.286,116.857,107.153,99.568,109.977
2,373.742,111.741,114.476,10.605,106.611,110.208,111.846,98.157,108.198,109.629,9.645,98.272,116.768,96.772,97.028
4,374.371,98.344,1.107,106.357,1.12,11.122,111.535,1.002,96.59,1.097,108.326,1.051,10.799,94.359,0.972
1,374.498,101.796,1.017,106.559,110.839,99.509,101.533,99.867,102.665,1.078,106.077,114.326,101.632,104.85,102.664
1,374.644,110.604,1.0,100.507,100.89,113.081,101.352,102.868,95.509,0.993,102.336,113.988,106.666,105.725,100.208
1,374.66,105.206,1.159,100.941,116.249,115.834,97.164,109.563,95.659,1.112,108.969,116.305,109.559,99.932,100.001
4,374.684,110.329,1.08,103.708,1.06,11.882,111.026,0.986,96.468,0.991,102.621,1.012,11.742,97.899,1.092
3,375.036,109.914,1.074,111.418,101.968,0.937,103.7,1.048,105.409,1.093,106.724,108.724,0.933,95.769,1.124
1,375.083,110.31,1.128,101.649,99.763,107.587,98.691,109.291,94.82,1.119,110.406,109.203,106.332,105.299,102.001
3,375.482,111.173,1.088,111.159,97.842,1.099,93.276,1.057,114.037,1.003,97.767,95.678,1.095,103.644,1.027
4,375.572,94.559,1.124,101.314,1.08,11.592,103.439,1.028,97.918,1.071,103.063,1.03,11.247,109.753,1.03
4,376.158,109.333,1.087,108.44,0.979,11.896,96.955,1.004,94.621,0.988,112.669,1.126,10.576,98.752,1.043
4,376.254,102.378,1.162,112.847,1.063,10.048,110.464,1.047,106.848,0.987,108.273,0.96,11.515,106.655,0.973
3,376.555,114.259,0.97,97.625,94.796,1.009,95.055,0.998,104.983,1.044,107.562,108.873,0.995,98.678,1.067
1,376.846,109.927,1.051,107.349,112.822,100.615,104.566,106.141,108.88,1.167,100.066,112.617,103.012,98.415,99.148
3,376.966,107.564,1.057,100.962,97.833,1.058,93.025,0.996,110.099,0.977,110.073,92.328,1.007,105.172,1.141
2,377.262,108.972,117.331,10.826,103.954,111.934,114.037,99.214,99.312,101.709,10.733,107.026,109.481,106.072,98.274
1,377.293,95.114,1.112,110.751,115.47,101.85,105.167,100.001,97.48,1.125,96.597,106.492,99.896,102.554,105.532
4,377.401,101.737,1.092,109.511,1.032,10.176,104.899,0.956,111.715,1.012,105.806,1.044,11.272,101.403,1.014
3,377.585,106.183,1.078,98.422,98.719,0.952,94.825,1.049,106.849,1.093,114.613,96.909,1.021,106.662,0.975
4,377.678,102.485,1.151,107.311,1.105,11.885,103.791,0.943,104.458,1.113,107.217,1.095,11.586,99.84,1.016
2,377.708,104.897,105.669,9.913,94.459,101.369,108.299,105.313,115.334,102.217,9.247,106.701,115.202,100.968,96.289
3,377.84,113.35,0.993,109.19,93.5,0.949,109.388,1.06,116.197,1.094,114.012,91.717,0.933,95.344,1.066
2,378.158,97.4,101.616,9.856,93.919,109.783,105.117,96.332,114.289,106.216,9.892,108.199,101.281,99.807,100.601
1,378.211,94.395,1.139,101.481,106.32,108.506,115.103,95.378,97.708,1.02,110.935,113.386,99.668,97.337,111.702
3,378.294,108.58,1.023,105.567,96.068,0.96,99.66,1.124,102.703,0.97,103.077,97.464,0.991,101.644,0.986
2,378.381,104.168,104.82,9.546,108.671,118.373,98.88,110.103,107.104,107.641,10.388,93.463,112.413,102.732,96.36
4,378.992,111.531,1.024,102.532,1.045,10.795,104.674,0.919,94.884,1.144,96.867,0.99,10.731,97.895,1.005
3,379.117,110.66,1.102,104.057,97.622,0.952,103.974,1.054,110.494,1.136,103.037,105.018,0.968,106.749,1.072
1,379.128,96.846,1.061,94.812,115.963,107.25,109.011,103.816,110.683,1.082,97.997,117.364,105.45,107.157,102.395
4,379.369,105.7,1.048,96.238,1.136,11.666,109.287,1.087,100.605,1.09,105.984,0.992,11.026,107.397,1.091
1,379.825,102.588,1.127,97.998,108.408,117.536,103.566,100.295,108.287,1.007,100.175,111.352,106.483,113.659,97.3
3,380.185,115.461,1.048,113.517,107.178,0.969,109.861,1.038,110.275,1.126,107.246,91.681,1.026,103.1,1.109
1,380.248,97.5,1.075,102.451,102.853,112.348,97.164,103.568,94.145,1.0,104.899,102.933,110.638,105.856,110.049
4,380.693,108.671,1.155,112.818,1.105,11.577,95.439,0.983,102.641,0.989,102.29,0.974,11.89,106.745,1.086
2,381.549,97.621,104.116,9.822,107.142,101.342,106.087,97.577,107.119,111.467,9.366,98.501,111.345,108.713,109.276
4,381.881,101.503,1.059,111.731,1.116,11.498,111.021,0.923,101.021,1.078,107.204,0.965,10.052,110.33,0.94
4,381.907,99.284,1.091,109.673,0.972,10.724,98.859,0.947,104.959,1.024,107.777,1.114,10.695,94.492,0.939
1,382.106,103.369,1.007,108.314,110.625,116.814,108.822,109.409,108.144,1.001,102.429,100.895,112.498,97.541,97.789
1,382.245,102.492,1.019,109.431,116.779,101.712,105.251,95.304,103.431,1.008,96.476,115.256,106.182,113.101,94.71
4,382.431,96.851,1.116,105.773,0.983,10.323,101.483,1.045,111.939,1.146,102.46,1.094,10.475,97.894,0.929
2,382.669,115.012,106.97,10.036,92.504,102.778,98.416,100.321,104.712,115.988,10.483,103.637,116.39,103.067,108.016
2,382.986,100.932,111.755,10.689,93.842,101.466,96.938,104.552,100.131,110.427,9.834,93.842,119.205,111.814,99.96
1,383.045,104.545,1.037,108.637,111.239,108.871,111.466,94.368,95.296,1.057,95.313,116.857,104.781,113.659,105.578
3,383.211,111.219,1.006,112.672,95.17,1.096,93.846,0.998,101.148,1.11,113.826,103.91,1.051,105.997,0.961
2,383.246,108.72,113.07,10.142,103.041,102.264,99.358,110.724,99.76,107.46,10.118,94.361,101.061,110.203,105.401
1,383.334,98.192,1.004,110.377,115.62,113.425,113.672,112.024,94.585,1.078,96.207,116.369,115.557,105.251,98.221
3,383.454,103.22,1.053,101.785,104.936,0.973,104.329,1.138,114.257,0.981,99.732,106.536,1.07,94.499,1.09
3,383.543,109.736,1.078,109.683,104.086,1.077,95.394,1.091,119.059,1.013,112.53,103.716,1.07,100.963,1.053
4,383.747,102.014,1.107,113.51,1.109,10.879,94.456,1.073,105.695,1.108,102.439,1.1,11.034,100.689,1.047
2,383.936,109.906,111.561,9.843,102.195,117.186,111.574,98.157,107.104,107.723,9.386,104.3,110.068,106.535,108.309
1,383.991,99.479,1.051,95.313,111.259,111.11,103.455,103.935,95.859,1.121,97.748,107.863,100.975,109.097,99.148
3,384.023,107.639,1.14,96.914,103.176,0.986,103.974,0.986,110.419,0.995,111.995,102.047,0.939,103.831,1.046
4,384.073,106.022,1.004,112.81,0.968,11.819,98.458,1.008,99.791,1.166,106.317,1.13,11.461,99.426,1.056
1,384.335,96.9,1.161,97.77,114.026,109.666,114.518,94.332,110.064,1.1,99.518,114.715,107.4,112.729,109.915
1,384.473,106.435,1.1,96.255,106.125,115.081,105.925,99.372,104.274,1.1,98.601,117.964,103.469,106.391,102.315
4,384.575,101.106,1.167,112.988,0.993,10.591,97.418,1.002,107.508,1.06,110.862,1.09,10.037,111.08,0.962
3,384.948,112.02,1.128,102.623,97.856,0.975,96.829,1.031,111.756,1.096,99.848,93.658,1.071,105.14,1.059
1,385.023,105.422,1.033,100.636,117.553,110.264,102.364,102.084,96.061,1.039,108.01,107.977,111.14,112.73,100.854
1,385.141,102.854,1.057,110.544,111.038,113.095,102.677,97.51,108.175,1.156,105.452,101.158,99.15,102.698,101.356
2,385.194,110.646,104.949,9.585,93.463,109.036,103.152,105.313,114.842,100.479,9.228,102.0,116.864,97.432,95.975
1,385.361,98.154,1.094,108.662,101.752,105.755,101.284,105.532,99.757,1.088,94.399,106.921,104.455,113.628,106.92
3,385.427,114.882,1.138,100.566,107.786,1.012,95.976,1.063,101.913,1.129,108.779,104.919,1.009,103.393,1.127
1,385.791,102.381,1.142,106.071,116.538,114.982,100.144,103.831,97.354,1.049,108.873,109.308,115.494,97.177,96.516
2,385.794,102.726,100.698,9.822,107.849,118.023,109.904,97.312,99.392,117.028,9.84,99.149,116.729,97.172,111.472
4,386.067,100.801,1.079,110.693,1.005,11.538,106.566,0.993,111.657,1.025,105.527,1.002,11.521,108.155,0.932
3,386.243,114.418,1.096,108.989,98.327,1.02,107.68,1.092,108.035,1.112,98.074,107.622,1.021,100.727,0.981
2,386.545,105.943,101.751,10.797,99.268,108.498,99.878,111.942,102.143,117.097,10.895,104.071,118.969,104.133,111.287
4,386.941,94.325,1.09,106.758,1.044,10.486,101.765,1.006,111.95,1.012,97.855,1.018,11.077,98.935,0.945
3,387.026,117.566,1.034,103.666,91.883,1.022,94.371,1.069,116.057,1.0,96.817,92.419,0.938,97.077,1.018
1,387.079,106.728,1.139,103.95,116.508,112.524,104.098,95.496,108.268,1.119,100.8,102.656,102.92,110.613,105.37
1,387.536,105.175,1.011,110.19,100.982,110.712,114.927,98.529,106.528,1.148,107.028,109.113,106.985,108.72,94.681
4,387.969,101.634,1.042,108.606,1.083,10.037,94.917,1.001,111.429,1.052,107.418,0.962,10.664,108.325,1.081
4,388.076,107.103,1.003,103.944,1.033,10.284,98.688,0.93,106.627,1.031,111.76,1.063,11.592,96.302,1.084
4,388.864,107.573,1.166,102.233,1.096,10.189,108.434,0.996,101.691,0.995,112.475,0.962,11.088,96.249,1.065
2,388.92,115.266,106.279,10.454,93.029,101.825,96.66,105.281,98.407,115.602,9.883,95.461,108.9,99.807,104.136
3,389.303,107.144,1.126,112.047,101.436,0.947,96.272,1.109,109.683,1.083,113.733,105.28,0.969,107.863,1.015
2,389.456,101.908,111.005,10.673,107.81,100.439,99.837,96.313,105.658,112.866,10.292,97.907,111.436,109.123,111.338
3,389.646,113.378,1.04,113.826,102.771,0.961,105.464,1.064,107.452,1.025,96.749,107.467,1.055,100.796,1.093
3,389.822,117.238,1.034,97.413,95.66,1.002,102.168,0.977,112.732,1.042,113.187,107.934,0.93,100.855,1.018
1,390.227,106.014,1.163,111.689,100.442,114.871,102.554,98.268,110.772,1.126,111.764,116.34,107.883,111.449,103.615
1,390.463,95.851,1.146,96.686,115.389,103.646,104.345,110.492,111.245,1.14,94.956,103.22,115.745,110.844,98.126
1,390.721,111.348,1.088,104.522,102.362,109.988,112.976,98.221,93.778,1.11,101.644,102.524,113.004,102.344,95.639
3,390.942,106.461,1.137,99.475,97.523,0.986,101.597,1.036,112.858,1.044,109.848,108.236,0.973,95.209,1.022
1,390.98,94.717,1.059,106.75,104.291,100.609,112.806,106.37,94.755,1.157,100.992,112.946,115.849,101.492,112.123
2,391.259,102.481,102.069,9.645,99.903,118.273,110.663,97.694,108.43,113.174,10.284,102.371,109.55,108.105,110.04
1,391.575,96.608,1.116,99.286,102.948,113.557,107.178,106.92,95.384,1.006,96.024,108.601,100.94,112.612,95.556
4,391.804,106.848,1.069,108.985,1.115,10.088,108.146,0.98,106.561,1.039,102.261,1.12,11.257,110.488,1.002
3,392.125,110.275,1.101,107.715,106.536,1.028,102.168,1.09,111.448,1.103,98.781,104.275,1.081,94.82,0.963
1,392.139,95.212,1.143,99.55,107.413,116.55,111.297,96.575,99.65,1.038,107.777,100.895,107.03,105.542,107.729
1,392.396,108.175,1.166,100.97,110.624,105.762,97.343,109.49,110.545,1.038,102.788,108.102,102.347,115.021,110.934
2,393.26,111.498,111.005,10.561,95.537,116.229,102.563,101.754,110.993,106.199,10.138,106.637,103.531,102.017,96.064
2,394.724,97.558,100.313,9.954,107.88,107.865,104.169,99.861,109.948,101.277,9.198,106.721,109.852,111.425,97.491
1,394.737,95.19,1.036,100.813,105.985,102.006,101.201,107.381,96.322,1.143,99.419,101.648,113.968,114.406,107.008
4,394.87,95.106,1.049,111.653,1.1,10.186,103.234,1.074,111.237,1.116,100.671,0.985,11.428,103.756,1.091
4,395.48,111.876,1.107,101.655,1.101,11.056,106.655,0.919,109.866,1.115,106.711,1.091,11.461,102.502,0.929
4,395.572,95.966,1.093,104.449,0.97,11.436,109.141,1.003,94.507,1.016,102.167,0.986,10.539,110.365,0.945
2,395.95,108.69,112.008,9.826,96.429,109.901,104.284,95.374,109.404,112.584,10.568,101.467,115.888,107.04,96.513
1,396.091,101.728,1.078,101.766,104.883,107.292,97.335,105.57,98.244,1.047,107.202,106.198,116.7,100.645,98.543
2,396.267,111.616,112.345,9.455,94.591,101.061,97.744,101.234,110.212,110.26,9.785,96.147,111.958,113.754,97.507
3,396.655,111.139,1.115,113.67,93.908,1.041,100.319,1.056,106.461,1.068,100.375,95.762,1.049,105.043,1.052
4,396.689,95.034,1.144,110.439,1.069,11.853,107.619,0.974,108.915,1.033,108.862,1.081,10.705,100.753,1.043
4,397.06,109.04,1.063,97.886,0.963,11.792,106.779,0.947,96.011,1.089,112.686,0.961,10.702,109.206,1.093
3,397.148,101.561,0.982,104.079,101.603,1.03,97.042,1.077,118.095,1.051,105.677,96.288,0.981,95.884,0.975
4,397.858,111.51,1.125,101.76,1.1,10.695,99.235,0.922,111.054,1.006,106.243,1.121,10.795,107.348,1.093
3,398.357,111.451,0.969,104.295,103.245,0.985,103.007,1.136,112.271,0.998,108.591,100.336,0.98,98.695,0.975
2,398.611,111.137,117.097,10.733,99.94,102.353,113.309,98.0,111.472,107.819,10.397,97.637,117.633,114.559,106.657
1,399.318,102.37,1.147,111.503,104.567,113.45,99.376,108.137,107.195,1.047,96.512,110.772,115.394,113.787,101.461
4,399.559,105.952,1.146,106.43,1.037,11.468,110.706,1.034,101.587,1.037,108.912,1.106,11.063,96.135,1.05
3,399.596,105.301,0.972,102.449,95.828,1.014,96.36,1.037,103.508,0.989,108.127,106.687,0.926,109.724,1.093
4,399.697,103.755,0.996,113.657,1.11,10.458,100.588,1.023,102.217,1.022,104.23,1.018,10.178,99.5,0.923
2,400.046,102.02,116.25,10.794,101.138,102.778,112.038,109.164,100.22,100.462,10.851,98.733,111.826,107.574,97.602
1,400.137,99.19,1.102,109.646,110.346,103.991,99.409,100.71,99.429,1.163,100.155,113.498,113.004,98.531,97.646
1,400.948,100.081,1.102,110.935,114.615,116.711,96.959,94.903,96.651,1.159,107.639,116.996,101.803,113.874,95.639
1,401.29,100.227,1.101,108.691,112.362,105.762,99.921,106.746,105.355,1.17,99.286,105.151,113.592,111.649,95.152
4,401.307,100.904,1.165,111.216,1.034,10.904,94.669,0.951,96.903,1.042,101.59,1.08,10.266,95.867,0.949
3,401.528,108.38,1.136,109.572,103.799,1.024,103.98,1.032,100.447,1.056,105.914,103.124,1.017,105.892,0.986
2,401.918,106.878,115.673,10.689,103.213,104.473,103.939,102.239,104.517,105.241,9.358,100.981,116.043,109.032,96.141
3,401.951,100.447,1.081,97.555,100.313,1.064,94.078,1.003,103.458,0.977,102.778,103.799,1.056,98.608,0.984
3,402.024,103.529,1.137,109.906,99.246,1.028,107.483,0.986,100.29,0.967,99.525,95.029,1.056,106.204,0.961
3,402.845,108.804,1.14,99.122,108.821,0.978,106.065,1.0,101.976,1.107,103.379,91.767,0.933,106.628,1.132
3,403.006,114.887,1.127,103.56,95.716,1.078,109.1,0.995,116.653,1.102,103.87,93.166,1.057,92.881,1.119
2,403.085,100.071,108.689,9.701,94.928,118.354,105.99,95.773,99.817,111.422,10.535,97.019,119.14,104.062,108.438
3,403.142,104.082,1.081,104.572,95.03,1.047,96.184,1.14,101.669,0.975,106.062,95.303,1.016,108.098,1.13
1,403.195,100.081,1.132,106.409,111.885,114.135,110.118,99.272,96.669,1.121,96.325,106.839,113.339,114.161,99.969
4,403.604,110.04,1.17,107.056,1.121,10.052,110.706,1.0,111.02,1.088,107.773,1.069,10.239,100.269,0.937
2,403.669,105.559,103.753,9.662,97.044,114.491,100.491,107.507,104.071,114.546,9.698,101.411,114.146,96.903,101.234
3,404.094,113.616,1.0,98.781,97.301,1.015,108.673,0.983,106.244,1.015,98.419,95.738,1.08,106.238,1.056
3,404.652,102.623,1.081,103.818,94.649,0.975,105.894,1.119,106.835,1.055,98.781,95.13,0.981,108.059,1.133
3,405.221,109.65,0.989,98.939,96.316,1.099,97.506,0.96,106.927,1.066,108.887,107.947,1.021,96.187,0.963
2,405.812,99.293,113.507,10.811,96.992,116.619,106.944,97.735,113.887,114.935,9.298,103.704,117.569,108.753,103.421
2,406.287,111.417,112.037,10.337,105.642,119.204,108.454,104.564,97.792,111.029,9.918,99.727,119.204,105.669,106.398
2,406.671,98.573,102.171,10.579,103.838,113.135,109.966,105.744,109.536,112.483,9.869,98.023,105.812,111.671,96.047
4,406.753,110.436,1.138,107.038,0.98,11.466,100.104,1.008,96.122,1.061,96.85,1.134,10.336,93.94,1.043
3,406.821,107.569,1.143,97.364,103.204,0.933,96.664,0.964,114.097,1.049,96.994,106.67,1.034,104.071,1.075
1,406.857,108.978,1.027,104.989,111.145,110.443,99.621,105.118,110.396,1.128,104.479,103.376,99.034,108.77,103.422
3,407.008,114.52,1.037,112.672,106.978,1.009,109.442,0.981,116.74,0.992,106.556,106.536,0.927,101.472,0.988
1,407.693,96.064,0.995,94.408,101.807,99.509,108.286,108.799,108.003,1.138,107.806,110.741,101.495,104.488,108.096
4,408.183,94.483,1.059,99.124,1.033,10.76,109.575,0.942,111.003,1.048,112.577,1.077,10.588,108.203,0.964
1,408.201,94.93,1.094,110.457,117.432,108.632,97.024,99.977,108.175,1.067,95.594,116.807,107.537,114.145,106.585
3,408.217,110.888,1.067,114.393,92.385,0.988,103.723,1.093,112.291,1.072,111.298,105.131,1.058,92.722,1.045
4,408.266,94.708,1.069,102.85,1.133,11.443,99.555,1.07,101.691,1.117,113.41,1.118,11.376,94.688,0.948
3,408.654,105.127,0.972,103.718,93.174,0.966,101.094,1.018,111.451,0.975,112.597,103.818,0.978,103.586,1.106
4,408.98,104.338,1.048,98.913,1.11,11.886,107.649,1.039,110.642,1.115,111.187,1.138,10.153,110.984,0.951
3,409.259,104.117,0.99,112.071,106.807,0.953,100.472,1.011,110.14,0.982,112.884,93.86,1.038,97.805,0.965
1,409.812,105.199,1.126,109.112,116.94,114.711,101.632,101.356,106.802,1.034,110.342,111.166,111.861,98.756,97.065
1,409.835,107.763,1.123,106.713,113.588,105.577,107.537,94.5,99.679,1.039,100.389,113.008,103.457,101.789,101.377
2,410.109,104.469,100.927,9.257,92.777,116.835,109.684,98.115,98.395,117.113,10.406,103.789,106.892,98.052,97.214
3,410.308,115.679,1.083,112.541,97.622,0.93,105.165,1.083,110.494,1.119,99.609,95.344,1.021,99.311,1.077
1,410.57,100.711,1.116,111.461,105.201,99.259,101.481,107.198,100.118,1.114,96.488,115.13,104.232,115.021,104.385
2,410.984,114.141,116.459,9.404,92.571,112.25,106.087,100.936,97.526,102.254,9.382,108.48,100.309,104.447,108.29
2,411.292,112.824,113.827,9.244,99.449,117.106,107.944,97.491,100.222,102.075,9.575,95.203,109.054,114.335,102.079
1,412.283,101.724,1.021,107.387,113.909,109.358,110.244,97.375,107.763,1.168,101.707,101.857,117.282,110.533,100.446
1,412.451,101.412,1.1,97.751,103.956,111.196,101.702,95.452,94.208,1.064,94.758,105.211,115.16,99.33,98.308
3,412.459,109.059,1.143,106.586,101.73,1.0,107.901,1.073,106.271,0.975,111.973,93.6,1.09,93.368,1.09
4,412.945,104.544,1.018,99.016,1.023,11.493,100.44,0.945,110.975,1.063,102.791,1.019,11.141,102.084,0.919
4,413.495,104.562,1.155,106.593,1.103,10.273,94.305,0.978,102.886,1.037,105.739,1.034,10.15,109.915,0.945
2,413.569,99.982,111.963,9.455,107.468,109.532,114.315,102.303,101.556,116.259,10.703,98.686,100.448,114.515,99.83
2,413.586,111.616,109.629,10.765,106.73,117.419,98.005,95.775,106.775,107.111,9.909,96.743,108.418,112.352,106.017
1,413.61,107.473,1.138,111.163,104.073,111.484,112.512,98.856,105.859,1.008,105.075,102.802,115.494,106.848,105.627
1,413.805,102.353,1.163,109.057,102.945,99.976,100.145,106.395,104.909,1.132,109.861,112.734,115.931,106.778,107.769
4,413.874,97.489,1.17,106.711,1.11,11.741,111.495,1.02,111.136,1.169,96.268,1.061,10.585,106.352,1.061
4,413.924,111.692,1.018,104.74,0.972,11.007,108.787,0.985,103.187,1.113,95.77,1.045,10.391,97.05,0.987
4,413.928,110.365,1.169,106.43,0.961,10.92,101.504,0.982,106.815,1.082,98.48,1.1,10.359,106.74,1.001
4,414.123,105.437,1.158,110.899,1.079,11.238,99.66,0.952,105.414,0.996,103.027,1.137,11.457,107.992,0.936
3,414.628,100.36,1.108,107.05,96.741,1.097,102.088,1.13,114.277,1.099,106.976,100.43,1.049,103.141,1.091
2,414.766,97.729,111.051,10.9,93.594,111.934,99.837,99.372,99.0,108.083,10.234,108.703,115.658,112.493,102.212
3,414.77,103.782,1.086,106.584,93.599,0.936,99.309,1.003,117.111,1.02,100.047,104.057,1.0,94.62,1.123
1,414.987,104.832,1.001,107.967,101.103,116.156,111.598,102.76,96.265,1.151,105.893,116.613,109.157,105.667,101.304
1,415.008,97.392,1.059,100.873,107.977,108.87,103.647,111.305,98.86,1.154,102.112,103.581,109.988,109.985,109.139
1,415.136,105.521,1.105,95.212,103.155,108.703,110.803,104.878,105.653,1.078,108.254,116.192,111.855,112.339,106.111
3,415.198,105.132,1.104,102.138,101.628,0.977,94.249,1.103,101.928,1.009,109.991,107.119,0.948,107.873,1.034
3,415.309,104.883,1.042,101.016,108.756,1.051,104.635,0.981,105.199,1.037,102.892,92.81,1.087,100.871,1.112
3,415.347,111.161,1.143,99.83,97.865,1.006,102.171,1.022,111.04,1.098,112.365,108.759,1.07,106.77,1.029
2,415.627,109.54,114.271,9.311,99.75,110.817,97.839,100.766,110.326,111.779,10.732,108.703,117.765,104.245,95.094
3,415.8,104.113,1.025,107.907,96.772,1.029,101.701,1.122,115.819,1.022,104.107,93.599,0.977,104.069,0.964
4,416.017,101.106,1.081,106.337,1.132,11.498,101.307,1.005,102.406,1.031,108.41,1.018,11.708,106.793,1.051
2,416.576,108.487,102.308,9.443,98.545,114.255,112.979,104.959,99.96,104.915,10.812,99.149,106.749,108.558,98.139
2,416.742,108.182,98.921,10.579,101.35,106.107,102.952,105.693,99.679,112.167,9.534,103.789,106.107,109.362,100.932
4,417.065,108.477,1.116,101.263,1.076,10.488,102.478,0.965,110.675,0.989,99.924,1.065,11.376,104.883,0.938
3,417.18,114.259,1.124,96.642,93.396,0.973,95.371,1.126,104.059,0.992,109.387,105.091,1.095,93.045,1.053
3,417.566,114.072,1.067,102.813,101.223,1.028,100.855,1.13,109.683,1.048,109.33,105.408,1.011,109.284,1.074
3,417.57,101.977,1.117,110.802,96.246,1.083,103.214,1.09,101.156,1.004,113.119,106.95,1.033,93.183,0.998
2,417.675,109.906,106.853,10.397,102.132,113.313,96.856,95.088,103.695,107.65,9.84,100.505,110.208,98.667,100.289
2,417.757,109.402,110.2,9.341,98.928,118.791,99.19,99.978,99.272,103.753,9.693,93.026,101.877,98.632,101.39
1,418.135,107.431,1.159,95.821,106.51,108.822,115.24,109.672,104.359,1.057,100.992,111.293,101.99,108.14,94.586
3,418.207,117.309,1.083,113.458,92.328,1.008,103.566,1.129,102.05,1.0,105.656,107.976,1.092,103.968,1.031
4,418.756,103.706,1.009,103.03,1.029,10.266,108.363,1.022,100.354,1.003,104.408,1.009,10.695,109.547,0.957
2,419.044,100.081,115.804,9.619,98.507,115.075,97.934,108.098,105.972,117.373,9.922,102.142,112.946,96.575,97.435
4,419.139,104.741,1.002,101.263,1.025,11.042,102.607,0.976,111.776,1.168,99.71,1.131,11.493,109.134,0.938
4,419.418,99.007,1.013,98.164,1.1,10.956,104.272,0.947,94.715,1.087,99.271,1.088,10.023,102.632,0.929
1,419.699,99.59,1.069,96.683,116.779,109.49,109.197,98.507,107.901,1.013,106.116,102.537,110.813,105.155,102.091
4,421.505,97.871,1.054,106.825,1.083,11.904,108.564,0.981,100.711,1.094,108.12,1.044,11.502,105.748,1.059
3,421.757,104.883,1.035,104.107,101.217,1.032,109.641,1.048,105.199,1.027,104.295,105.755,0.987,102.455,0.988
4,421.992,106.679,1.071,111.635,1.048,10.134,107.368,1.045,111.692,1.114,100.903,1.141,10.425,100.455,1.071
3,422.258,103.33,1.041,103.705,100.175,1.081,108.588,1.054,111.015,1.083,105.97,95.909,1.028,96.111,0.989
4,422.541,100.146,1.084,110.053,1.11,11.34,108.965,1.073,109.512,1.118,99.065,1.086,11.052,107.989,0.936
1,422.709,101.416,1.028,111.406,100.279,116.461,99.805,104.062,94.627,1.098,105.394,99.683,110.026,106.781,105.213
2,422.736,104.688,102.269,9.476,94.433,101.74,110.173,108.958,102.979,114.351,10.178,103.795,114.873,100.604,97.798
3,423.053,101.765,0.981,111.025,103.226,1.027,93.2,0.961,110.557,0.998,102.114,105.133,1.092,99.66,1.007
3,423.075,104.116,0.964,110.841,92.351,1.053,102.618,1.087,108.097,1.033,100.837,108.873,0.929,97.005,1.135
1,423.269,99.59,1.025,111.434,110.892,104.6,114.539,94.934,99.848,1.081,108.739,108.918,105.425,110.583,110.339
1,423.371,104.564,1.147,110.745,106.46,113.592,111.995,103.692,102.994,1.067,97.502,107.32,99.839,106.312,97.148
2,424.109,108.487,114.619,9.614,95.95,110.451,100.639,98.955,108.643,109.155,9.386,101.333,118.099,98.977,106.417
3,424.392,115.803,0.982,104.908,102.265,0.969,105.107,1.134,112.894,1.077,96.814,105.329,0.938,109.724,0.988
4,424.719,108.473,1.018,112.15,1.008,10.654,111.058,1.061,96.851,1.08,102.167,0.983,10.971,94.245,0.949
3,424.723,108.41,1.048,108.541,94.103,1.09,95.951,1.067,102.632,0.991,106.811,103.9,0.955,104.085,1.121
2,424.76,103.869,111.702,10.33,98.212,119.204,102.78,108.899,101.926,106.534,10.535,96.791,109.88,100.305,111.903
1,424.776,105.943,0.995,98.853,107.524,104.455,109.806,104.831,104.359,1.156,98.023,113.974,113.69,113.289,94.909
3,424.862,106.687,1.11,102.112,95.227,1.063,100.29,0.996,106.328,0.965,100.837,96.576,0.95,93.326,0.993
3,424.977,105.755,1.116,111.579,106.644,1.047,93.456,0.961,118.65,1.069,101.259,93.249,0.933,93.364,1.052
2,425.014,112.399,99.039,10.781,107.488,105.971,108.105,111.888,115.255,104.704,9.782,96.497,100.813,110.482,101.536
1,425.635,100.527,1.001,107.858,103.155,112.968,100.364,99.264,109.87,1.166,106.15,103.8,113.118,107.537,96.788
4,425.818,104.236,1.108,109.511,1.088,11.067,99.703,1.038,104.626,0.996,104.651,1.103,11.104,103.218,0.978
2,425.943,104.444,103.417,10.458,99.117,106.029,108.299,96.513,109.003,106.663,9.96,95.712,108.9,111.623,107.047
3,426.278,106.101,1.033,106.764,97.778,0.951,93.051,0.993,116.333,0.969,106.662,99.414,1.033,103.156,0.973
4,426.434,97.539,1.123,100.653,1.029,10.504,99.006,1.005,107.437,1.156,105.37,1.011,11.098,104.99,1.04
3,426.585,119.048,1.012,105.394,107.596,1.08,107.744,1.101,104.451,0.982,100.34,100.402,1.027,105.787,1.068
4,426.591,102.481,1.023,102.903,1.008,11.414,103.847,0.983,110.215,1.168,104.651,0.97,11.461,103.676,1.045
4,426.64,96.903,1.019,112.502,0.986,11.661,96.815,1.008,106.581,1.003,107.185,1.029,11.111,101.389,0.99
3,426.897,108.008,1.12,96.717,98.783,0.971,98.999,1.02,101.865,1.057,114.44,108.703,0.971,104.704,1.008
4,426.986,94.507,1.047,113.28,1.135,11.28,107.974,0.956,100.01,1.137,110.402,0.964,11.557,98.181,1.052
3,427.13,110.275,1.004,114.608,100.266,0.991,92.868,1.065,115.203,1.003,113.596,108.713,1.081,97.301,0.998
1,427.183,110.077,1.112,107.107,117.22,103.956,112.381,99.218,94.407,1.146,97.668,113.974,102.48,111.642,102.065
1,427.327,99.843,1.117,101.611,112.516,109.299,108.664,101.836,104.039,1.014,100.557,106.989,103.978,108.867,103.674
3,428.022,118.351,0.988,106.123,93.733,0.985,103.472,1.089,118.604,0.964,107.823,100.362,1.033,108.02,1.04
2,428.414,99.982,112.332,10.345,93.392,105.031,112.631,107.519,114.899,107.63,10.507,109.355,101.634,110.542,101.654
1,429.032,98.534,1.048,104.136,110.095,108.933,102.885,111.049,108.059,1.003,101.346,99.515,109.982,113.137,103.193
2,429.216,111.988,108.24,10.723,99.75,109.776,98.41,95.595,104.214,99.598,10.018,98.618,115.26,100.101,95.308
2,430.114,106.137,107.383,10.797,107.717,111.092,99.358,104.963,107.793,101.646,10.623,106.778,107.356,97.774,111.934
4,430.377,104.34,1.149,101.952,1.11,10.836,106.145,0.932,94.691,1.001,112.754,1.047,11.029,107.795,1.062
2,430.51,109.438,115.237,10.011,92.565,109.041,106.036,111.043,109.57,114.178,9.443,104.004,117.166,99.707,97.762
4,430.639,104.099,1.137,99.168,1.137,11.47,97.63,1.043,95.708,1.169,111.249,1.116,11.447,96.616,1.002
1,430.691,103.839,1.068,106.75,114.043,105.389,97.199,100.007,95.405,1.14,106.596,102.853,102.112,105.244,98.116
4,431.023,96.426,1.128,100.769,1.047,11.759,98.408,0.961,100.455,1.028,102.494,1.131,10.134,103.606,0.993
2,431.129,112.392,105.93,10.44,100.893,103.757,111.858,109.326,112.633,117.199,9.801,102.331,115.876,98.999,110.534
4,431.285,98.506,1.018,112.127,0.961,10.781,104.986,0.976,101.116,1.062,99.65,1.063,11.315,110.506,0.93
2,431.354,111.675,111.171,10.589,101.501,100.986,105.554,100.294,102.054,111.755,9.253,93.806,102.264,106.489,95.479
3,431.651,118.771,0.994,100.509,106.786,0.97,103.7,1.061,108.117,1.03,102.161,99.754,0.937,103.075,1.081
2,431.917,104.3,114.73,10.302,105.065,105.44,102.861,101.068,102.452,115.781,10.605,97.481,105.97,113.999,104.721
3,432.427,105.95,1.092,107.514,95.506,0.939,108.682,1.098,106.255,1.116,109.822,103.89,1.004,109.293,1.012
1,432.461,108.735,1.173,104.351,112.617,113.697,111.763,112.039,110.816,1.04,105.885,109.022,110.696,98.556,101.618
3,432.585,109.923,1.019,102.425,106.259,1.099,108.511,1.012,105.01,1.001,111.871,96.169,0.943,99.93,1.015
1,432.74,107.473,1.064,111.69,103.591,107.587,99.109,96.516,96.836,1.141,101.644,115.706,104.349,105.351,108.43
4,432.957,94.604,0.995,105.246,1.117,11.007,98.341,1.025,98.104,1.063,112.475,0.98,11.642,100.141,0.964
2,433.015,104.668,106.249,9.47,99.149,111.826,97.869,100.099,104.038,115.933,10.596,99.234,119.31,101.543,105.051
1,433.239,110.314,1.078,109.164,112.734,101.571,110.126,109.915,106.787,1.002,108.771,116.811,116.595,103.713,107.259
2,433.362,97.295,110.715,9.916,96.161,117.975,104.454,101.369,103.869,114.79,10.102,93.603,117.526,107.053,112.011
4,433.524,108.452,1.164,104.523,1.109,11.345,102.973,1.08,97.501,1.143,109.024,1.129,11.683,107.393,0.985
4,433.663,110.986,1.164,112.864,1.074,10.346,95.634,1.008,95.38,1.018,110.713,0.962,11.338,103.639,1.039
3,433.771,114.052,1.037,104.387,99.754,0.942,100.285,1.135,106.783,1.084,99.609,98.435,0.991,103.974,1.027
3,433.782,115.004,1.015,113.116,97.257,1.055,98.961,1.089,105.01,1.101,107.05,101.281,1.059,93.732,1.049
3,434.901,107.251,0.981,101.776,105.158,1.009,97.279,1.104,107.605,1.109,114.393,102.406,1.074,99.012,0.977
4,434.962,102.081,1.049,113.815,0.996,11.01,103.544,0.933,103.273,1.153,97.387,1.141,11.768,99.142,0.973
4,435.116,99.756,1.085,102.846,1.127,10.689,100.141,1.023,103.208,1.009,102.673,1.088,10.166,107.393,1.033
2,435.139,108.233,110.26,9.723,94.059,116.808,104.469,106.447,100.342,113.339,9.834,107.026,106.636,100.263,98.341
3,435.269,104.251,1.061,111.886,95.019,0.973,106.444,1.053,118.999,1.115,97.811,96.761,1.082,100.707,1.035
4,435.308,95.465,1.079,107.064,0.976,10.99,99.142,0.926,94.466,1.159,102.859,0.965,10.706,97.345,0.937
1,435.577,103.613,1.159,98.981,117.15,117.567,108.412,105.79,106.744,1.03,104.509,105.582,111.174,109.375,102.026
1,435.743,108.277,1.018,101.272,105.288,114.16,104.651,108.821,100.662,1.162,99.303,108.99,113.492,111.157,111.363
2,436.198,115.2,100.071,9.997,94.533,112.853,99.0,106.421,103.954,111.467,9.2,102.401,104.859,109.351,96.509
4,436.201,111.657,1.01,106.767,1.015,10.811,97.985,0.942,95.578,1.119,108.985,0.963,11.171,96.012,0.988
4,436.778,107.466,1.054,106.317,1.123,11.608,100.689,1.029,95.78,1.138,104.306,1.105,11.013,94.39,1.07
2,436.884,99.776,105.559,9.245,99.629,106.619,101.983,102.49,111.585,106.299,10.794,106.099,111.934,100.043,111.649
3,437.037,110.689,1.102,101.056,105.657,1.009,101.33,0.965,112.081,1.098,102.615,95.616,0.959,97.395,1.128
2,438.115,102.164,102.42,10.561,108.48,107.257,112.11,96.791,108.957,103.579,9.564,98.261,112.205,99.278,97.271
2,438.137,104.364,110.651,9.458,107.477,105.662,106.259,101.609,108.415,117.655,10.293,92.215,114.255,102.951,100.099
4,438.221,100.354,1.099,108.359,0.972,10.367,110.016,1.051,95.639,1.071,107.638,1.093,10.379,94.071,1.07
3,438.273,118.64,0.986,104.383,107.313,0.946,102.842,0.986,111.546,1.032,112.597,108.083,1.063,98.299,0.971
1,438.357,95.509,1.113,95.477,108.236,106.445,106.043,108.754,96.818,1.12,101.611,114.119,99.679,101.481,99.093
4,438.45,97.143,0.988,109.024,1.06,10.042,103.938,1.05,104.099,1.074,112.583,1.083,11.589,101.104,1.014
1,438.615,96.909,1.151,100.008,103.227,105.859,115.203,102.858,104.135,0.996,108.683,108.63,112.307,112.137,96.707
2,438.711,100.576,104.949,10.89,104.051,112.916,103.921,100.689,100.21,109.505,10.435,105.045,104.504,113.368,104.111
2,438.927,109.887,101.064,9.264,104.786,106.994,107.472,102.914,98.328,100.416,10.481,109.093,115.482,107.504,97.235
3,439.74,105.811,1.122,108.541,104.691,0.979,102.457,1.01,114.72,1.065,97.624,103.843,1.016,95.148,1.141
3,440.062,111.425,1.09,103.119,96.659,1.021,100.978,0.976,114.699,0.973,99.953,98.749,1.085,97.901,0.984
1,440.304,99.05,1.003,105.015,102.73,115.046,113.613,108.498,96.176,1.11,110.576,105.985,105.611,109.746,98.355
4,440.989,96.851,1.011,100.783,1.005,11.904,94.319,0.925,111.496,1.027,107.016,1.131,10.269,107.99,0.948
2,441.082,110.993,99.717,10.007,96.141,101.042,110.304,100.331,97.791,109.495,9.887,96.442,114.529,109.196,108.977
2,441.088,105.972,109.212,9.535,106.599,115.859,103.361,101.857,113.618,99.627,10.653,97.486,105.417,100.257,109.42
3,441.55,118.193,0.992,99.62,101.376,1.011,93.775,1.045,108.963,0.992,97.716,102.545,1.026,97.68,1.098
3,441.567,111.206,1.074,104.122,99.816,1.063,98.28,1.091,115.949,1.044,110.86,106.576,0.933,97.195,1.023
1,441.78,107.635,1.059,103.717,109.469,107.883,107.572,107.775,94.793,1.069,105.889,100.952,107.961,113.504,103.998
3,442.181,103.836,1.066,111.183,105.158,0.997,98.073,1.019,116.316,1.063,109.332,106.687,1.019,102.831,1.055
2,442.768,108.987,104.227,9.863,100.702,102.058,103.407,110.402,104.247,114.335,9.998,102.401,105.786,108.878,97.664
1,443.06,110.235,1.004,111.37,106.029,110.915,106.737,94.692,105.355,1.106,99.803,102.477,103.991,109.69,100.832
2,444.161,114.632,107.27,10.286,102.331,113.273,106.525,108.036,113.08,105.284,9.352,103.473,119.24,97.411,97.491
1,444.426,94.407,1.033,111.466,116.583,113.69,112.727,106.89,110.491,1.062,95.955,103.665,114.178,103.647,100.353
1,444.62,105.657,1.111,100.546,110.082,101.234,111.206,97.957,110.428,0.988,110.096,111.352,117.528,105.667,103.869
1,444.651,111.275,1.173,107.724,109.02,112.348,102.842,99.557,99.721,1.048,94.812,116.504,102.439,101.928,95.152
4,444.654,109.718,1.102,102.584,0.985,10.539,104.004,1.075,106.497,1.031,98.912,1.016,10.785,98.546,0.945
4,444.982,99.693,1.014,100.653,1.113,10.143,99.074,1.069,101.918,1.152,113.13,1.078,11.913,108.494,0.923
3,444.993,110.112,1.135,110.725,97.94,1.002,98.279,1.012,108.035,1.11,105.714,107.618,0.957,106.966,1.013
4,445.317,94.487,1.05,110.099,1.068,10.204,97.736,0.934,105.261,1.043,104.306,1.024,10.508,109.47,0.973
4,445.775,103.448,1.042,99.293,0.983,10.769,110.781,0.945,104.024,1.095,95.836,0.997,10.636,97.658,1.012
1,446.271,108.048,1.03,102.801,103.734,107.4,109.893,111.702,94.407,1.132,106.656,104.291,105.366,101.046,102.395
1,446.335,110.527,1.084,100.127,117.651,117.512,105.244,103.351,105.214,1.018,104.38,116.305,103.463,106.68,110.094
2,447.069,110.432,115.651,10.533,93.806,113.637,96.856,106.905,110.326,113.472,10.68,97.095,101.634,98.057,108.288
4,447.139,106.362,1.138,97.257,1.092,10.967,109.605,1.024,99.693,0.986,113.408,1.088,11.036,102.425,1.052
2,447.46,102.396,114.104,10.773,97.543,115.859,112.148,100.817,112.335,114.854,9.332,96.186,111.293,110.798,105.418
3,447.674,109.113,0.994,104.444,99.273,0.941,95.329,1.072,117.562,0.971,104.583,91.675,0.999,97.31,1.089
3,447.676,114.758,1.079,106.236,93.082,1.074,100.472,1.101,117.231,0.963,96.962,100.811,1.038,95.812,1.0
2,449.578,111.126,114.712,10.424,93.56,114.064,99.807,105.662,111.192,116.929,9.307,104.234,119.099,112.575,99.762
2,449.679,106.361,111.62,9.847,96.601,118.481,111.327,97.584,108.51,99.896,9.549,107.24,111.153,111.34,96.338
3,449.728,107.96,1.09,107.452,93.486,1.027,101.597,1.048,115.068,1.044,105.557,95.689,0.936,99.309,1.119
4,449.958,108.656,1.09,98.305,1.111,11.636,99.139,1.017,101.968,1.127,97.087,1.126,10.55,107.974,0.919
4,450.004,95.966,1.067,111.101,1.015,11.338,95.573,1.025,105.839,1.163,99.32,0.968,10.977,97.285,1.086
3,450.176,101.25,1.092,99.69,105.486,1.039,105.036,1.074,112.009,0.993,111.081,105.755,0.987,97.949,0.977
4,450.592,109.128,1.168,96.238,1.038,11.016,103.377,0.973,111.738,1.042,103.083,0.984,11.58,94.904,1.062
2,450.603,103.712,113.627,9.953,104.723,112.748,103.994,98.253,97.526,101.844,10.185,100.068,105.36,111.669,102.245
2,450.627,105.435,105.44,10.543,96.147,101.938,104.209,104.236,99.102,115.807,10.476,100.697,103.0,98.496,106.998
3,450.754,104.427,0.998,97.05,105.131,1.015,92.653,1.062,110.538,0.997,113.564,97.599,0.926,104.095,1.086
3,450.895,110.588,0.966,100.201,93.598,1.063,102.183,1.036,110.366,1.1,98.373,97.32,1.066,95.952,1.059
1,451.175,106.744,1.106,101.954,104.991,104.35,106.228,99.969,107.318,1.1,106.617,108.164,115.16,101.284,98.856
4,451.539,95.578,1.018,104.054,1.118,10.623,101.021,0.983,109.068,1.131,98.886,1.087,11.742,99.716,1.04
2,451.61,98.297,116.276,10.912,92.341,112.423,106.998,96.132,97.287,100.994,9.858,104.987,105.965,106.782,98.243
3,451.614,102.219,1.052,105.914,106.478,0.928,95.248,1.093,100.723,1.119,109.603,102.567,1.063,108.328,0.989
3,451.784,104.116,1.124,105.545,101.996,0.951,94.505,1.054,113.349,1.066,96.44,104.057,0.987,102.142,0.97
3,452.002,117.816,0.969,113.598,93.716,1.014,105.006,0.983,118.854,1.005,112.87,108.36,0.953,103.969,0.966
1,452.357,98.335,1.155,100.723,100.48,103.011,102.805,96.07,94.793,1.02,109.727,113.658,110.325,101.352,109.994
4,452.625,111.876,1.019,106.28,0.972,10.533,109.449,1.069,104.16,1.069,111.173,1.097,11.88,96.263,1.065
1,453.293,102.196,1.113,105.996,103.046,106.725,103.273,98.156,105.328,1.09,100.066,108.188,105.244,108.532,97.783
3,453.504,115.499,0.967,103.234,93.396,0.943,93.09,1.132,109.615,0.997,103.304,105.991,1.007,108.552,0.987
4,453.536,98.813,1.073,102.893,0.991,10.283,102.099,0.965,98.374,1.014,101.83,1.054,10.884,102.842,1.006
1,454.335,94.962,1.083,100.389,103.956,103.844,113.628,101.435,101.566,1.131,107.413,100.0,100.682,101.971,96.07
4,454.485,103.486,1.079,96.112,1.093,10.716,99.193,0.933,100.152,1.084,102.97,0.987,11.371,108.732,0.973
3,454.665,103.156,1.022,112.047,103.846,1.007,95.693,1.127,114.142,1.083,98.27,104.159,1.091,106.735,1.011
1,454.948,104.343,1.106,105.016,109.098,109.358,109.206,101.872,105.714,1.093,103.974,113.218,112.694,110.975,100.782
1,455.132,100.737,1.002,94.569,104.046,110.119,106.195,98.768,105.569,1.063,101.954,99.431,108.295,112.727,110.913
2,455.801,99.199,102.217,10.886,107.718,111.37,97.441,110.252,101.457,109.054,10.52,93.305,115.495,109.351,108.977
3,455.834,106.603,1.074,108.096,94.588,1.009,94.825,1.098,106.808,1.07,98.67,105.972,0.998,109.307,1.029
2,456.086,98.284,109.53,9.654,105.974,117.765,101.419,98.426,99.479,103.801,10.786,108.295,119.099,114.559,110.539
2,456.103,102.481,107.975,9.228,101.49,106.261,102.861,95.667,107.007,105.93,9.383,101.646,104.243,108.413,107.751
4,456.768,95.667,1.113,108.787,1.116,11.543,105.357,1.033,96.619,1.138,101.147,1.038,10.392,96.217,0.976
1,456.78,96.204,1.088,110.576,114.816,107.716,114.145,97.375,110.249,1.165,109.895,108.229,110.418,101.613,102.576
1,456.985,100.419,1.061,97.757,104.012,115.375,113.586,94.984,108.867,1.132,99.171,113.075,113.586,106.234,97.301
4,457.257,101.431,1.045,113.424,1.128,10.458,103.218,0.973,109.62,1.149,112.115,1.018,10.652,94.839,1.079
1,458.126,98.54,1.061,100.496,108.649,99.175,101.751,106.217,107.431,1.007,110.797,112.843,111.974,105.621,106.982
4,458.758,94.708,1.117,104.023,0.973,11.45,97.305,0.925,106.556,1.087,112.232,1.102,11.82,99.426,1.046
4,458.812,102.417,1.169,99.06,0.983,11.683,94.862,0.942,107.052,1.031,108.44,1.078,11.141,97.521,0.938
3,458.995,114.097,1.032,110.206,96.163,1.077,102.197,1.082,116.539,1.028,106.906,101.372,1.096,102.96,1.123
1,459.136,110.959,1.001,98.007,115.47,113.859,106.927,98.594,105.328,1.1,97.922,114.284,107.046,101.363,111.721
3,459.271,108.804,0.978,110.202,93.266,1.0,103.154,0.978,110.924,1.022,101.348,103.9,0.97,106.665,0.979
2,459.37,99.843,112.392,10.585,99.343,108.09,103.616,108.747,109.003,100.267,9.349,106.266,118.734,106.758,101.908
3,459.457,113.432,1.035,101.184,92.134,1.096,104.369,1.01,115.735,0.997,103.198,105.569,0.943,108.41,0.962
1,459.51,99.843,1.051,104.246,110.1,98.987,103.969,95.632,94.631,1.022,110.504,103.652,100.531,99.332,102.226
4,459.648,103.448,1.078,103.507,0.986,10.4,108.55,0.972,111.237,1.051,107.058,1.019,11.38,103.176,0.932
3,459.687,111.45,1.009,98.841,92.385,0.986,107.901,1.059,117.831,1.069,105.051,107.507,0.931,105.165,1.035
4,460.022,101.661,1.046,111.946,0.966,11.697,100.902,1.023,106.581,1.121,102.461,0.994,10.483,111.412,1.052
4,460.221,106.436,1.034,104.788,1.084,10.943,98.683,1.01,96.579,1.015,103.507,1.005,10.226,100.636,0.932
2,460.587,111.033,106.515,9.404,104.656,112.475,111.506,105.042,108.482,108.032,10.785,102.132,112.695,111.056,94.287
3,460.672,110.77,0.999,108.828,108.101,1.063,98.608,1.056,101.922,1.106,99.513,108.705,0.986,97.954,1.079
4,461.171,103.448,0.991,99.924,1.086,10.568,95.625,1.087,96.365,1.156,105.391,1.095,10.122,102.902,0.938
4,461.361,109.333,1.156,99.575,0.962,10.974,95.409,1.005,111.365,1.117,112.596,1.097,11.558,107.139,1.046
2,461.375,103.659,102.269,9.758,97.117,101.843,113.248,111.366,109.199,106.853,10.373,100.027,118.023,112.394,106.824
2,461.401,99.776,99.076,9.527,94.537,113.056,113.796,105.14,112.75,115.924,9.225,93.695,103.583,96.44,111.338
4,461.778,110.99,1.113,106.337,1.002,10.707,95.092,1.038,111.237,1.048,111.831,0.985,10.331,100.573,0.936
4,461.854,99.791,1.035,105.703,1.126,11.205,99.217,0.949,100.821,1.039,104.005,0.993,10.977,105.504,0.945
1,462.373,108.617,1.078,96.026,103.106,100.258,96.974,102.262,98.118,1.049,102.389,109.645,114.068,109.69,100.396
3,463.206,117.206,1.044,107.067,91.967,1.077,109.307,1.058,101.127,1.101,110.997,100.367,0.938,94.146,1.124
2,463.273,104.117,115.292,10.753,99.163,114.199,108.616,103.427,114.037,109.099,9.593,105.955,109.88,104.626,101.826
3,463.38,108.217,1.106,98.449,103.601,1.08,93.692,0.961,115.138,1.052,103.915,108.342,1.052,104.635,1.134
4,463.523,108.563,1.077,104.656,0.971,10.606,93.89,1.042,111.172,1.075,99.892,0.969,10.575,100.992,0.949
3,463.551,108.93,1.051,100.652,99.922,1.036,106.489,1.083,115.371,0.979,109.848,106.053,0.958,93.262,1.064
2,463.757,115.15,109.181,9.742,104.897,109.795,112.395,96.115,109.402,117.331,9.868,92.839,117.129,106.083,100.707
1,463.883,94.991,1.097,101.42,113.627,116.564,104.098,107.833,101.203,1.132,109.831,111.001,112.968,111.339,94.354
2,464.165,99.816,111.657,10.857,106.266,106.911,98.874,107.779,97.705,101.646,9.853,100.237,107.419,110.547,105.021
4,464.423,111.996,1.128,113.027,1.005,10.853,106.341,0.971,104.947,1.094,106.704,1.107,11.52,103.228,1.015
3,464.45,106.767,1.068,104.705,96.753,0.927,109.134,1.096,105.117,1.121,96.524,93.885,0.93,104.338,0.963
2,464.571,97.448,104.639,9.637,97.622,110.592,112.297,111.409,102.399,109.495,9.335,109.243,111.492,114.558,104.669
3,464.78,113.002,0.988,98.813,93.827,1.031,108.682,1.05,105.069,1.115,100.798,105.334,0.937,105.607,1.02
1,465.167,96.176,1.007,105.291,113.869,107.716,112.874,96.638,100.833,1.07,99.173,101.544,112.946,106.199,111.218
4,465.258,101.431,1.088,107.955,0.984,10.562,98.174,0.976,98.137,1.09,113.13,0.966,10.799,106.21,1.088
2,465.43,105.246,116.519,10.185,94.304,114.818,99.771,99.796,111.741,108.698,9.701,95.461,107.936,107.778,95.182
3,466.001,107.969,1.09,107.237,108.607,1.059,97.727,1.125,118.556,0.967,106.324,92.147,1.041,92.653,1.059
1,466.351,100.449,1.007,95.399,111.531,100.496,98.607,102.193,98.284,1.012,106.874,112.734,109.813,104.576,99.893
3,466.822,108.096,1.129,112.765,100.139,1.033,109.46,1.119,116.846,1.034,103.818,92.972,0.943,96.399,1.079
1,466.864,108.203,1.078,111.225,109.695,107.196,114.614,109.711,107.633,1.046,94.306,107.76,109.944,97.201,106.65
3,467.047,111.349,1.046,102.855,103.714,0.96,97.731,0.994,101.09,0.966,106.637,103.601,0.947,96.793,1.028
4,467.353,111.282,1.025,97.289,0.984,11.54,99.84,0.957,99.284,0.995,99.65,1.088,10.284,109.317,1.093
3,467.377,104.158,1.042,104.802,102.616,1.089,104.979,0.988,115.87,1.051,96.948,104.069,0.978,105.42,1.068
3,467.675,101.715,1.077,111.646,93.591,0.942,96.981,1.036,109.313,1.086,99.953,104.52,0.971,103.98,1.123
2,468.056,99.784,112.767,10.317,95.091,119.204,103.423,95.164,99.319,104.966,10.028,100.641,105.463,101.593,103.145
3,468.76,106.328,1.068,98.732,95.527,1.054,92.79,1.023,113.432,1.108,102.45,103.176,0.981,105.774,1.141
3,469.094,102.149,1.018,102.362,105.64,1.066,109.318,1.105,101.101,1.025,98.547,95.373,1.05,103.037,0.974
3,469.344,103.687,1.118,102.976,95.017,1.063,96.252,1.136,111.45,0.981,113.311,99.579,1.073,97.005,1.13
4,469.982,97.03,1.04,106.311,1.088,11.289,98.384,0.988,106.186,1.102,107.793,1.11,11.471,96.906,0.991
4,470.001,103.208,1.148,102.703,1.019,11.576,103.275,1.075,97.644,1.163,104.452,0.987,10.731,101.506,1.011
4,470.024,109.614,1.09,98.305,1.063,11.88,98.08,1.002,106.262,1.107,113.466,1.102,10.258,105.041,1.075
3,470.14,117.196,1.046,106.322,102.265,0.94,105.099,1.001,104.883,1.046,99.848,101.404,1.079,99.319,1.023
2,470.324,98.36,102.711,9.264,93.586,115.716,99.451,98.065,106.936,113.405,9.67,94.368,105.44,107.048,94.623
3,470.539,104.161,1.016,101.438,93.98,1.019,97.209,1.109,102.955,1.138,100.282,97.464,0.98,98.059,1.083
2,470.832,108.571,112.538,9.887,101.333,109.426,112.506,107.297,102.982,115.771,10.858,101.138,100.415,98.41,95.182
4,470.912,104.544,1.025,99.278,1.105,10.65,96.25,1.047,101.079,1.052,104.674,0.984,11.315,108.489,1.011
2,472.597,104.708,116.683,9.36,105.452,107.65,103.085,101.691,108.83,105.241,9.455,105.181,115.699,108.315,109.164
3,472.867,105.812,1.111,103.048,108.292,1.081,109.442,1.006,118.927,0.996,98.287,107.588,1.044,109.826,1.097
4,473.128,107.745,1.127,97.562,1.111,11.211,105.77,1.033,103.273,1.102,106.3,1.074,10.468,97.233,0.949
2,473.409,105.658,101.277,10.087,103.795,104.938,111.34,96.509,106.807,101.49,10.116,93.375,101.356,103.557,101.978
2,473.752,110.895,115.431,10.638,95.074,112.366,104.884,103.635,108.009,110.947,9.647,104.523,106.853,107.871,101.185
2,473.861,103.831,114.896,10.571,95.935,109.016,109.895,97.028,97.517,103.681,9.47,101.793,101.751,98.799,108.725
4,474.836,103.146,1.08,98.483,1.098,10.239,105.991,0.975,106.796,1.146,113.142,0.987,10.707,108.325,0.976
3,475.148,114.411,1.066,108.629,105.905,0.983,101.045,1.034,105.168,1.088,108.788,93.395,1.073,105.043,0.975
4,475.151,106.314,1.09,101.147,1.031,10.562,106.066,1.055,111.223,1.033,104.23,1.019,10.727,102.582,1.005
2,475.471,109.438,100.267,10.459,96.901,112.953,113.423,109.411,112.378,105.244,10.427,96.344,109.863,111.133,111.897
1,475.619,108.85,1.063,107.657,106.678,100.531,112.339,111.406,99.679,1.023,101.117,111.754,113.622,98.451,97.562
3,475.722,100.842,0.976,110.046,94.174,1.036,104.095,1.018,101.765,1.09,106.662,103.027,0.971,94.82,1.017
3,476.119,118.854,0.972,110.289,97.715,0.938,92.569,0.969,109.179,1.055,100.369,102.969,1.01,103.19,1.039
3,476.139,108.117,1.09,111.637,101.256,1.035,103.626,0.983,105.227,0.964,99.528,100.58,0.942,96.406,1.012
1,476.144,101.203,1.139,107.778,99.19,115.081,101.178,94.41,94.022,1.078,108.993,114.284,115.186,110.788,103.16
1,476.67,109.449,1.029,111.31,111.754,117.075,110.664,110.408,103.619,1.073,98.023,114.445,113.339,110.47,99.844
3,476.923,114.887,0.964,105.714,105.337,1.083,104.969,0.999,110.756,0.969,111.447,101.922,1.008,98.026,1.1
4,477.571,96.239,1.149,98.931,1.009,11.708,95.453,1.041,100.354,1.067,102.893,0.97,10.314,111.342,1.045
4,477.809,108.674,1.169,105.682,1.096,10.798,105.622,1.083,106.526,1.137,98.483,1.005,10.977,108.766,1.006
4,478.299,95.374,1.09,109.288,1.065,10.179,111.066,1.026,94.604,1.057,112.19,1.139,11.516,105.991,1.088
4,478.441,95.302,1.028,98.652,1.107,10.841,104.135,0.924,100.338,1.061,100.425,0.965,10.425,111.342,1.043
4,478.499,101.968,1.022,98.027,1.135,11.042,108.434,0.946,107.98,1.116,100.206,1.077,10.14,98.428,0.95
1,478.673,101.597,1.007,110.374,103.359,115.702,114.758,99.973,104.437,1.156,110.427,108.835,115.194,108.46,105.664
1,478.698,101.566,1.11,103.74,101.821,114.866,109.546,98.186,105.696,1.037,107.593,103.894,115.833,104.83,100.446
1,478.863,104.986,1.171,103.514,104.283,103.776,104.723,105.071,93.8,1.061,97.074,99.437,99.641,110.583,110.189
1,479.265,108.806,1.012,104.087,108.333,111.798,108.496,97.324,108.759,1.057,110.522,106.309,102.303,114.749,98.308
4,479.577,98.206,1.018,107.346,1.007,11.433,103.756,0.948,96.011,1.116,107.322,1.111,10.094,100.538,1.054
2,479.635,101.445,99.495,9.815,94.433,110.57,107.867,96.008,101.715,104.025,9.476,92.504,111.345,109.187,99.057
4,479.91,103.966,1.149,108.471,1.122,11.179,104.272,1.045,98.379,1.018,103.261,1.036,11.034,100.104,0.939
3,480.186,116.284,0.964,101.33,101.463,1.017,99.112,1.112,112.893,1.067,111.311,106.776,0.966,101.911,1.071
3,480.45,112.291,1.058,97.058,102.567,0.933,106.444,1.116,105.161,1.112,106.163,107.968,1.023,103.141,0.978
1,480.518,107.343,1.057,100.614,113.114,104.417,102.271,101.019,105.338,1.002,102.336,113.725,108.764,108.923,102.429
2,480.608,103.522,102.46,9.994,93.54,107.175,108.869,109.456,102.309,116.851,9.591,100.735,101.763,113.342,105.213
2,480.616,110.288,102.706,10.627,106.531,103.697,105.137,98.341,107.635,104.038,9.906,104.899,109.426,108.895,101.06
3,481.449,101.815,1.015,110.868,101.328,0.933,104.093,1.109,110.111,1.129,111.435,105.419,1.087,107.047,0.996
2,481.585,106.904,112.79,9.645,94.397,118.693,97.06,98.653,112.741,117.188,9.57,94.864,118.907,112.357,105.527
2,482.005,98.407,102.693,10.615,101.01,105.848,96.371,109.618,103.059,108.689,10.043,93.375,109.035,108.824,95.791
2,482.16,99.831,108.006,9.466,94.445,118.05,109.98,100.289,114.458,114.74,10.314,101.042,105.971,103.567,100.411
1,483.26,94.243,1.16,110.377,102.285,116.249,100.98,105.718,100.559,1.106,107.322,99.859,99.087,111.163,109.485
3,483.481,109.514,1.028,107.499,105.889,1.053,97.257,1.061,114.257,1.024,106.711,104.678,1.044,101.814,0.976
3,483.547,108.236,1.067,103.752,99.463,1.041,108.54,1.095,105.301,1.042,106.906,106.776,1.026,103.223,1.036
2,483.858,107.577,104.641,9.265,105.569,100.432,108.253,111.582,108.487,115.635,10.895,102.868,106.103,99.278,94.928
1,483.935,107.887,1.05,108.174,104.948,108.822,98.952,101.665,109.741,1.131,103.881,117.34,100.496,114.749,100.007
3,484.065,112.817,1.057,108.354,105.997,0.967,102.457,0.977,100.313,1.08,104.16,97.437,1.014,102.165,1.098
1,484.192,106.811,1.012,102.761,114.88,99.477,110.788,97.059,94.934,1.169,104.634,109.02,113.581,108.923,101.724
2,484.37,99.031,109.308,9.782,99.223,111.807,111.075,109.059,98.906,109.579,9.865,105.478,108.498,101.426,95.67
1,484.625,100.527,1.143,105.452,99.431,113.75,109.369,94.647,93.962,1.101,111.271,104.067,103.388,106.169,107.181
2,485.412,100.692,108.24,9.643,97.003,104.989,100.16,97.664,109.887,116.013,10.016,103.885,118.693,102.278,106.332
3,485.653,116.98,1.096,99.525,100.371,1.003,107.226,1.038,114.418,1.106,106.125,92.487,1.025,108.588,1.063
4,485.798,104.681,1.06,111.977,1.095,11.457,100.573,0.938,94.753,0.999,96.332,0.999,10.596,111.181,0.962
2,485.831,104.906,111.62,9.456,92.858,103.739,113.929,98.93,109.894,114.712,10.705,108.95,111.608,107.167,111.807
1,485.995,98.455,1.156,95.461,115.815,114.135,101.751,105.855,111.358,1.068,108.771,111.449,106.005,111.477,110.877
3,486.222,104.113,1.028,113.517,91.988,0.977,100.472,1.049,101.019,0.982,104.974,105.486,0.992,105.232,1.054
1,486.407,104.547,1.022,105.125,102.617,103.533,103.556,111.406,100.081,0.99,99.517,101.63,117.359,103.542,98.213
3,486.431,106.935,1.069,96.524,106.807,0.93,100.847,1.106,106.808,1.121,98.535,95.373,0.973,103.156,1.12
3,487.363,108.236,1.101,104.039,101.603,0.942,95.974,1.056,107.485,1.057,109.425,94.174,1.033,96.531,0.981
3,487.586,109.914,1.093,108.842,102.266,0.987,99.007,1.045,110.39,1.076,111.418,92.452,1.005,99.197,0.999
4,487.825,98.717,1.076,105.37,1.113,10.51,104.664,1.036,100.426,1.155,96.755,0.969,11.055,99.536,0.97
1,487.91,94.243,1.174,100.2,112.695,110.139,101.178,99.775,99.744,1.024,104.38,102.807,110.638,114.656,112.103
2,488.117,102.795,114.896,9.342,95.458,109.404,105.198,108.747,110.778,111.868,9.216,93.919,106.036,105.117,98.351
1,488.216,109.609,1.085,100.755,100.532,107.03,99.923,108.944,93.924,1.111,111.884,113.526,104.287,115.199,95.721
1,488.256,95.374,1.12,95.234,115.544,106.332,112.142,96.455,101.747,1.001,105.594,106.729,104.147,110.656,94.299
4,488.354,94.362,1.167,101.059,1.102,10.373,93.875,1.044,96.282,1.149,111.249,0.987,10.468,108.409,0.926
1,488.368,109.347,1.116,99.642,113.416,108.689,109.511,100.295,94.998,1.156,102.788,114.401,108.506,98.527,100.782
4,488.531,110.832,1.011,100.664,1.093,11.853,95.566,0.942,94.502,1.033,112.686,0.983,10.418,104.099,1.088
1,489.563,101.668,0.991,110.139,116.911,106.435,103.328,100.373,106.014,1.158,106.116,107.863,111.292,100.928,111.406
3,489.622,114.52,1.034,101.66,94.341,0.926,108.332,1.132,102.796,1.065,100.962,101.234,1.043,100.496,1.09
2,489.858,112.722,115.663,10.326,108.013,111.429,104.372,100.553,103.427,115.882,9.611,105.49,113.666,109.98,100.018
2,490.432,109.512,104.178,10.121,99.662,105.97,103.874,104.076,102.054,110.805,9.853,100.059,119.205,108.146,102.502
1,490.537,101.486,1.059,105.291,102.158,106.888,100.917,101.425,99.428,1.112,109.861,111.449,103.517,114.18,100.838
2,490.599,115.2,113.075,9.388,100.981,101.342,104.054,107.157,113.284,100.273,9.393,109.347,108.641,107.944,96.289
1,490.66,110.491,1.006,100.646,108.188,101.358,101.613,96.178,101.747,1.17,109.831,108.006,109.606,102.514,107.516
2,490.844,114.071,103.428,10.158,93.74,115.31,104.461,101.234,101.513,102.171,10.381,108.908,109.492,99.771,96.198
1,491.568,106.423,1.165,96.472,113.295,103.943,110.034,103.757,99.034,1.005,110.294,108.216,110.929,109.546,94.586
4,491.733,103.071,0.99,98.395,1.024,11.736,99.155,0.978,107.727,1.147,111.173,1.126,10.947,106.816,1.046
1,492.108,98.192,1.101,107.111,112.516,105.051,109.947,106.224,93.76,1.136,103.74,101.496,102.85,98.409,106.571
4,492.166,107.533,0.993,97.131,1.085,10.052,100.796,1.023,94.604,1.033,109.138,1.125,10.173,109.369,1.013
4,492.342,94.483,1.037,101.378,1.024,10.435,99.845,1.025,110.629,1.126,105.286,0.977,10.853,99.139,1.001
4,492.907,101.293,1.065,101.314,1.044,10.677,108.595,1.084,111.496,1.129,100.836,1.111,10.917,107.575,1.006
1,493.034,96.265,1.054,101.071,106.853,106.43,99.347,97.668,99.363,1.006,107.658,115.694,116.584,96.959,101.418
3,493.223,103.687,0.962,108.991,92.148,1.036,93.949,1.05,109.823,1.142,112.818,99.301,1.093,93.308,1.026
2,493.274,99.312,114.284,10.33,109.085,106.879,112.493,109.411,109.536,113.226,10.037,102.187,112.228,107.761,100.294
2,493.481,110.432,108.063,9.881,93.806,114.238,109.06,110.827,111.505,112.244,9.366,107.275,118.902,97.556,106.761
2,493.502,106.936,104.406,9.589,100.969,118.084,108.725,98.274,101.412,102.367,9.458,107.779,114.873,109.681,94.475
2,493.615,97.206,109.182,10.608,100.542,107.655,110.223,99.83,99.586,101.114,9.755,98.309,103.772,110.403,94.259
2,494.109,99.102,113.306,9.474,97.596,112.571,103.067,107.297,104.494,112.96,9.371,104.365,105.36,100.68,111.043
2,494.231,99.199,108.94,10.691,92.989,107.54,98.401,111.06,101.106,103.527,10.549,108.235,112.571,104.0,102.469
4,494.449,101.47,1.152,108.846,1.016,10.86,96.386,0.94,96.033,1.099,112.115,1.024,10.689,100.688,0.999
3,494.455,105.829,1.059,106.544,99.328,0.945,108.916,1.022,118.958,1.112,101.29,96.316,1.082,94.471,1.138
2,494.465,104.793,107.082,10.102,102.104,114.549,110.214,100.467,99.586,107.65,9.356,102.401,101.622,97.195,105.14
2,494.599,100.308,101.751,9.812,103.0,109.967,106.48,98.115,107.239,112.196,9.178,106.599,104.426,112.356,108.741
2,494.752,97.24,100.994,10.543,97.655,112.571,109.809,111.557,97.167,116.225,10.007,99.768,102.466,108.125,109.059
1,494.882,100.662,1.021,110.659,116.34,109.435,111.462,97.502,96.695,1.145,106.816,105.233,102.241,103.476,111.32
2,495.054,104.017,100.416,9.847,105.539,118.955,100.512,95.549,101.032,112.79,9.534,94.537,106.966,112.313,99.382
2,495.141,98.37,102.649,9.425,93.54,102.566,112.313,101.716,103.439,116.496,10.871,99.242,118.556,104.284,98.76
4,495.152,106.766,1.116,106.752,1.007,11.25,100.44,1.074,101.909,1.004,112.475,1.051,11.586,96.278,1.054
3,495.397,102.401,1.112,100.49,96.753,1.001,100.847,1.129,117.519,1.001,114.289,93.805,1.008,94.535,1.112
4,495.887,111.885,1.098,106.582,1.086,10.186,94.133,1.014,106.615,1.055,97.184,1.085,11.592,110.365,0.996
2,496.593,99.479,115.098,10.581,105.659,109.87,107.866,111.06,100.645,109.099,9.37,102.845,105.118,103.932,107.707
2,496.766,99.679,99.896,10.221,97.851,108.9,111.173,103.157,112.633,103.835,10.703,107.81,101.369,111.882,108.308
3,496.846,112.839,1.068,108.196,94.745,1.066,92.986,1.134,114.542,0.972,100.149,100.212,1.053,103.322,1.104
4,496.908,97.207,1.085,99.628,0.99,10.825,96.386,1.032,104.741,0.993,99.293,1.075,11.546,110.701,1.045
1,497.164,109.999,1.058,94.504,111.099,106.43,104.505,95.952,103.958,1.003,110.498,110.712,109.099,101.421,107.259
1,497.2,98.53,1.111,99.787,113.416,100.98,100.867,94.354,96.147,0.999,98.234,108.846,115.126,115.016,107.178
1,497.947,97.38,0.999,110.971,99.359,104.662,109.678,108.572,94.387,1.11,109.189,114.043,111.565,102.711,105.223
3,498.101,117.291,1.024,104.583,97.464,0.936,97.586,1.133,115.819,1.068,103.045,101.73,1.098,106.749,0.995
3,498.658,104.363,0.981,112.553,103.618,0.948,104.812,1.139,108.137,1.027,109.967,99.366,1.0,95.055,1.074
3,499.328,111.931,0.968,112.18,106.591,1.038,108.191,1.134,113.497,0.998,106.957,103.63,1.002,101.12,0.984
3,499.579,119.003,1.113,109.849,97.833,0.933,100.498,1.055,101.765,0.989,111.654,100.139,1.0,95.078,1.078
1,499.869,108.869,1.157,104.949,108.465,102.404,98.165,107.259,99.721,1.174,108.688,114.119,108.307,104.45,110.833
4,500.168,111.353,1.148,101.007,1.025,11.888,101.021,0.927,96.976,1.017,110.692,0.991,11.026,98.229,0.938
4,500.248,98.575,1.129,103.944,1.085,10.336,93.969,1.051,94.169,1.128,102.924,1.019,10.945,93.976,0.979
1,500.42,106.423,1.157,109.431,112.896,103.041,107.631,109.21,100.534,1.161,96.573,103.207,108.43,109.033,97.157
1,500.46,106.454,1.014,102.79,109.399,104.365,102.251,99.775,106.792,1.004,110.971,109.089,113.586,97.621,99.212
4,500.837,109.972,1.021,102.09,1.121,10.151,110.29,0.992,101.269,1.16,98.31,1.091,11.707,109.128,0.935
2,500.871,109.379,109.579,10.517,97.61,110.916,113.917,109.208,109.512,99.872,9.672,105.403,108.236,114.3,101.864
4,500.876,103.448,1.022,102.091,0.984,10.798,96.536,1.001,100.698,1.021,100.718,1.084,11.136,101.212,1.073
4,501.15,106.083,1.081,100.883,1.041,11.015,101.389,1.028,104.681,1.106,106.804,0.962,10.489,101.826,1.082
1,501.196,95.176,1.132,103.74,111.926,113.453,103.647,102.079,101.632,1.12,107.06,101.496,116.239,111.995,97.668
2,501.203,110.018,109.841,10.124,102.31,101.281,99.837,105.775,110.249,101.613,10.886,95.904,116.136,103.786,99.53
1,501.856,105.834,1.012,109.795,107.481,102.85,105.495,103.757,95.637,1.084,97.51,101.982,114.997,99.571,99.86
1,502.146,106.266,1.086,101.052,111.37,111.417,107.852,110.339,98.115,1.163,104.625,101.221,100.213,97.55,111.336
1,502.23,101.425,1.054,109.85,112.512,117.444,103.261,110.274,108.589,1.107,102.448,104.996,112.385,114.645,110.408
2,503.03,113.416,101.161,9.776,103.213,110.548,108.909,104.422,100.643,113.534,10.849,106.505,114.455,98.144,108.467
1,503.117,106.318,0.992,110.659,102.726,111.11,101.513,111.492,94.076,1.16,100.908,114.352,110.149,107.16,98.186
2,503.884,109.003,109.841,9.408,109.574,112.053,112.865,101.503,112.565,99.627,9.655,106.099,109.0,113.405,100.14
4,504.011,98.012,1.15,112.81,1.085,10.973,107.24,0.964,106.679,1.113,113.647,1.101,11.498,102.855,1.006
1,505.349,108.706,1.165,99.652,99.837,105.445,112.979,97.112,100.172,1.038,101.169,113.733,113.557,107.522,99.618
4,505.541,101.803,1.095,105.879,1.06,11.077,96.25,0.931,98.575,1.088,105.353,1.036,10.455,100.72,1.04
2,505.817,112.602,115.084,10.058,107.96,112.138,108.362,109.022,99.368,116.496,9.834,106.006,110.102,113.885,101.754
4,506.947,97.251,1.13,101.247,1.089,11.206,106.639,1.092,108.758,1.106,99.571,1.085,10.908,95.384,1.046
2,507.634,101.63,115.427,9.308,105.3,113.442,108.204,111.813,106.775,109.617,10.256,101.793,109.275,103.33,101.522
2,507.745,103.317,98.97,9.535,107.814,102.068,98.566,95.549,99.843,113.388,10.765,103.885,118.576,109.06,103.414
4,508.114,106.119,1.037,96.525,1.097,10.957,109.72,0.933,105.261,1.137,104.944,1.045,11.527,110.386,0.952
4,508.779,107.727,1.055,105.106,1.139,11.198,96.418,0.964,109.698,0.986,100.571,1.13,11.89,107.066,1.052
2,508.783,103.273,117.053,9.859,106.655,106.572,107.164,104.035,107.007,113.966,10.702,101.926,104.06,106.033,104.767
4,508.935,102.687,1.102,103.38,1.098,10.581,103.681,0.947,99.786,1.135,98.428,1.084,10.55,106.266,0.96
2,509.17,106.245,109.495,10.896,108.48,106.771,99.0,105.527,111.605,100.729,9.633,105.363,106.709,103.874,98.792
2,512.123,105.522,115.334,10.363,93.508,109.755,108.749,94.94,106.878,110.805,10.704,106.887,113.842,100.709,96.884
2,512.232,101.133,106.662,9.606,105.345,115.646,106.065,100.403,102.02,108.462,10.5,98.261,106.87,107.519,107.423
2,514.049,105.261,114.79,10.584,95.384,116.801,99.837,97.227,101.412,105.559,9.382,104.523,108.9,113.105,109.525
2,514.467,104.712,115.018,9.981,107.389,113.953,96.407,99.528,112.742,107.46,10.823,104.736,115.646,111.013,105.254
2,516.037,109.687,107.959,9.456,96.861,101.804,101.983,107.345,111.46,99.631,10.13,92.526,111.492,107.608,110.188
2,516.542,112.722,101.052,10.869,103.564,113.264,113.59,104.372,97.729,114.152,9.889,96.442,111.75,103.873,109.42
2,516.821,99.605,106.22,9.67,106.818,119.314,99.389,99.083,106.057,100.576,9.488,106.403,112.366,104.052,101.26
2,518.12,104.712,103.417,10.91,95.384,114.398,112.394,96.699,108.227,117.59,9.755,109.017,112.289,102.675,110.923
2,518.971,106.361,112.549,10.121,96.673,109.426,102.15,101.503,104.247,99.872,10.689,104.365,117.92,97.783,107.033
2,519.35,104.298,115.41,9.649,106.675,113.264,105.856,98.183,109.687,108.521,9.335,94.618,103.772,103.17,111.947
4,519.831,95.614,1.034,110.814,0.982,11.448,109.383,1.002,98.261,1.142,109.904,1.103,11.09,107.202,1.083
4,521.454,102.471,1.052,113.106,1.111,10.986,97.63,1.093,102.569,1.17,106.43,1.036,10.214,109.734,1.006
4,521.663,110.083,0.995,99.577,1.026,10.769,105.386,1.079,94.483,1.078,106.827,1.091,11.902,96.279,1.079
2,521.786,100.957,115.309,10.164,92.327,112.289,97.619,111.181,106.245,116.287,10.583,100.176,119.045,111.882,101.716
4,522.07,103.316,1.098,98.913,1.13,11.798,100.636,0.964,100.759,1.016,106.711,1.05,10.119,101.212,0.953
4,524.785,111.136,1.019,106.516,1.066,11.013,109.551,0.949,99.276,1.017,99.776,1.137,10.11,95.499,1.051
4,526.278,102.63,1.122,112.784,1.046,10.655,104.782,1.046,106.553,1.047,96.622,1.116,11.45,110.933,1.044
4,526.338,102.753,1.043,111.239,0.993,11.009,101.132,1.054,101.535,1.113,98.576,1.116,10.4,95.662,0.982
4,526.6,96.317,1.014,101.502,1.032,10.037,104.099,0.983,109.159,1.003,113.412,1.066,10.644,107.808,1.0
4,526.861,104.023,1.116,110.168,0.973,10.739,107.438,0.974,94.484,1.17,96.313,1.07,10.695,110.829,1.023
4,527.032,95.691,1.052,113.823,1.02,10.977,104.135,1.059,111.402,1.012,105.186,0.972,10.327,96.906,1.003
4,528.264,101.731,1.042,98.772,1.005,11.227,98.767,0.997,103.434,1.0,109.474,1.013,11.82,109.355,1.089
4,529.941,111.51,1.086,109.735,1.005,11.263,96.063,0.965,94.465,1.123,102.147,1.044,11.538,107.807,1.074
4,531.281,110.04,1.114,100.769,1.061,11.828,103.925,1.039,100.948,1.121,100.182,1.072,10.4,100.214,0.926
4,532.448,107.604,1.097,106.243,1.045,11.519,95.927,1.088,101.709,1.087,110.713,0.99,11.39,109.951,0.962
4,532.995,100.16,1.124,104.386,1.046,10.575,107.787,1.032,95.296,1.11,113.539,1.018,10.179,104.082,0.997
4,534.997,104.737,1.073,106.789,0.99,10.307,100.237,1.017,104.086,1.118,110.814,1.046,10.977,98.146,1.03
4,535.7,106.163,1.166,108.219,1.128,11.372,98.384,1.005,100.076,1.018,109.879,0.959,10.9,105.123,0.984
