id,type,urgency,status,assigned_machine,arrival_time,execution_time,energy_usage,start_time,completion_time,missed_time,deadline,extended_deadline
0,T7,BESTEFFORT,COMPLETED,m6-1,0.126,"{'m1-1': 98.99, 'm2-1': 4.72, 'm3-1': 112.25, 'm4-1': 28.4, 'm5-1': 137.72, 'm6-1': 1.16, 'm7-1': 143.17, 'm8-1': 29.09}",1.7399999999999998,0.126,1.286,inf,110.126,110.126
1,T9,BESTEFFORT,COMPLETED,m6-1,2.145,"{'m1-1': 100.94, 'm2-1': 4.75, 'm3-1': 100.63, 'm4-1': 25.21, 'm5-1': 161.55, 'm6-1': 1.18, 'm7-1': 159.61, 'm8-1': 23.71}",1.77,2.145,3.325,inf,112.145,112.145
2,T6,BESTEFFORT,COMPLETED,m6-1,2.385,"{'m1-1': 111.38, 'm2-1': 5.69, 'm3-1': 107.76, 'm4-1': 25.69, 'm5-1': 160.6, 'm6-1': 0.95, 'm7-1': 157.64, 'm8-1': 24.15}",1.4249999999999998,3.325,4.275,inf,112.385,112.385
3,T2,BESTEFFORT,COMPLETED,m6-1,3.635,"{'m1-1': 116.13, 'm2-1': 4.72, 'm3-1': 112.78, 'm4-1': 26.58, 'm5-1': 156.22, 'm6-1': 1.19, 'm7-1': 158.96, 'm8-1': 24.95}",1.785,4.275,5.465,inf,113.635,113.635
4,T7,BESTEFFORT,COMPLETED,m6-1,4.745,"{'m1-1': 111.22, 'm2-1': 4.76, 'm3-1': 96.8, 'm4-1': 25.82, 'm5-1': 148.48, 'm6-1': 1.1, 'm7-1': 148.44, 'm8-1': 25.51}",1.6500000000000001,5.465,6.5649999999999995,inf,114.745,114.745
5,T5,BESTEFFORT,COMPLETED,m6-1,4.784,"{'m1-1': 105.11, 'm2-1': 5.57, 'm3-1': 97.24, 'm4-1': 27.18, 'm5-1': 168.65, 'm6-1': 1.1, 'm7-1': 147.2, 'm8-1': 24.82}",1.6500000000000001,6.5649999999999995,7.664999999999999,inf,114.784,114.784
6,T3,BESTEFFORT,COMPLETED,m6-1,6.067,"{'m1-1': 112.16, 'm2-1': 5.58, 'm3-1': 99.37, 'm4-1': 24.7, 'm5-1': 151.96, 'm6-1': 1.12, 'm7-1': 149.28, 'm8-1': 26.04}",1.6800000000000002,7.664999999999999,8.785,inf,116.06700000000001,116.06700000000001
7,T6,BESTEFFORT,COMPLETED,m6-1,7.548,"{'m1-1': 101.42, 'm2-1': 5.52, 'm3-1': 95.6, 'm4-1': 25.05, 'm5-1': 149.36, 'm6-1': 1.0, 'm7-1': 156.1, 'm8-1': 26.01}",1.5,8.785,9.785,inf,117.548,117.548
8,T10,BESTEFFORT,COMPLETED,m6-1,7.946,"{'m1-1': 115.52, 'm2-1': 5.08, 'm3-1': 114.39, 'm4-1': 25.4, 'm5-1': 166.97, 'm6-1': 0.94, 'm7-1': 146.29, 'm8-1': 27.34}",1.41,9.785,10.725,inf,117.946,117.946
9,T9,BESTEFFORT,COMPLETED,m6-1,8.977,"{'m1-1': 103.2, 'm2-1': 5.44, 'm3-1': 101.03, 'm4-1': 25.63, 'm5-1': 151.71, 'm6-1': 1.1, 'm7-1': 147.09, 'm8-1': 23.83}",1.6500000000000001,10.725,11.825,inf,118.977,118.977
10,T6,BESTEFFORT,COMPLETED,m6-1,9.226,"{'m1-1': 110.21, 'm2-1': 5.77, 'm3-1': 108.17, 'm4-1': 25.99, 'm5-1': 166.1, 'm6-1': 1.07, 'm7-1': 160.04, 'm8-1': 27.54}",1.605,11.825,12.895,inf,119.226,119.226
11,T5,BESTEFFORT,COMPLETED,m6-1,11.482,"{'m1-1': 110.96, 'm2-1': 5.52, 'm3-1': 108.68, 'm4-1': 25.38, 'm5-1': 168.49, 'm6-1': 1.07, 'm7-1': 148.04, 'm8-1': 26.54}",1.605,12.895,13.965,inf,121.482,121.482
12,T5,BESTEFFORT,COMPLETED,m6-1,13.445,"{'m1-1': 103.96, 'm2-1': 5.56, 'm3-1': 105.32, 'm4-1': 27.37, 'm5-1': 156.28, 'm6-1': 0.95, 'm7-1': 157.76, 'm8-1': 27.44}",1.4249999999999998,13.965,14.915,inf,123.445,123.445
13,T7,BESTEFFORT,COMPLETED,m6-1,13.454,"{'m1-1': 107.89, 'm2-1': 5.4, 'm3-1': 109.0, 'm4-1': 27.85, 'm5-1': 156.78, 'm6-1': 1.06, 'm7-1': 157.96, 'm8-1': 28.05}",1.59,14.915,15.975,inf,123.45400000000001,123.45400000000001
14,T4,BESTEFFORT,COMPLETED,m6-1,13.893,"{'m1-1': 97.47, 'm2-1': 5.02, 'm3-1': 99.22, 'm4-1': 25.45, 'm5-1': 150.2, 'm6-1': 1.05, 'm7-1': 151.03, 'm8-1': 25.42}",1.5750000000000002,15.975,17.025,inf,123.893,123.893
15,T9,BESTEFFORT,COMPLETED,m6-1,16.756,"{'m1-1': 112.1, 'm2-1': 4.88, 'm3-1': 98.76, 'm4-1': 26.25, 'm5-1': 159.0, 'm6-1': 1.1, 'm7-1': 140.42, 'm8-1': 25.1}",1.6500000000000001,17.025,18.125,inf,126.756,126.756
16,T4,BESTEFFORT,COMPLETED,m6-1,17.13,"{'m1-1': 111.88, 'm2-1': 5.49, 'm3-1': 100.9, 'm4-1': 25.74, 'm5-1': 159.68, 'm6-1': 1.03, 'm7-1': 147.46, 'm8-1': 26.63}",1.545,18.125,19.155,inf,127.13,127.13
17,T5,BESTEFFORT,COMPLETED,m6-1,17.617,"{'m1-1': 106.47, 'm2-1': 5.09, 'm3-1': 95.64, 'm4-1': 26.61, 'm5-1': 147.75, 'm6-1': 1.08, 'm7-1': 142.15, 'm8-1': 25.57}",1.62,19.155,20.235,inf,127.617,127.617
18,T9,BESTEFFORT,COMPLETED,m6-1,17.731,"{'m1-1': 97.11, 'm2-1': 5.41, 'm3-1': 101.06, 'm4-1': 24.63, 'm5-1': 163.04, 'm6-1': 1.07, 'm7-1': 140.77, 'm8-1': 25.39}",1.605,20.235,21.305,inf,127.731,127.731
19,T5,BESTEFFORT,COMPLETED,m2-1,18.072,"{'m1-1': 103.04, 'm2-1': 5.2, 'm3-1': 99.64, 'm4-1': 25.72, 'm5-1': 166.72, 'm6-1': 1.01, 'm7-1': 149.39, 'm8-1': 24.8}",7.800000000000001,18.072,23.272,inf,128.072,128.072
20,T6,BESTEFFORT,COMPLETED,m6-1,19.196,"{'m1-1': 100.08, 'm2-1': 5.5, 'm3-1': 95.56, 'm4-1': 26.42, 'm5-1': 169.0, 'm6-1': 0.93, 'm7-1': 165.03, 'm8-1': 27.56}",1.395,21.305,22.235,inf,129.196,129.196
21,T8,BESTEFFORT,COMPLETED,m6-1,22.229,"{'m1-1': 109.29, 'm2-1': 5.72, 'm3-1': 99.08, 'm4-1': 28.2, 'm5-1': 147.58, 'm6-1': 0.97, 'm7-1': 168.93, 'm8-1': 27.55}",1.455,22.235,23.205,inf,132.22899999999998,132.22899999999998
22,T6,BESTEFFORT,COMPLETED,m6-1,23.777,"{'m1-1': 117.0, 'm2-1': 5.51, 'm3-1': 95.04, 'm4-1': 23.51, 'm5-1': 157.16, 'm6-1': 1.04, 'm7-1': 156.03, 'm8-1': 25.39}",1.56,23.777,24.817,inf,133.777,133.777
23,T5,BESTEFFORT,COMPLETED,m6-1,23.812,"{'m1-1': 98.48, 'm2-1': 5.32, 'm3-1': 97.57, 'm4-1': 27.24, 'm5-1': 151.23, 'm6-1': 0.93, 'm7-1': 150.68, 'm8-1': 24.29}",1.395,24.817,25.747,inf,133.812,133.812
24,T10,BESTEFFORT,COMPLETED,m6-1,23.903,"{'m1-1': 114.96, 'm2-1': 5.17, 'm3-1': 104.42, 'm4-1': 27.13, 'm5-1': 170.43, 'm6-1': 1.02, 'm7-1': 162.6, 'm8-1': 27.85}",1.53,25.747,26.767,inf,133.903,133.903
25,T10,BESTEFFORT,COMPLETED,m6-1,23.964,"{'m1-1': 114.59, 'm2-1': 5.21, 'm3-1': 112.72, 'm4-1': 27.1, 'm5-1': 153.72, 'm6-1': 0.96, 'm7-1': 145.74, 'm8-1': 29.17}",1.44,26.767,27.727,inf,133.964,133.964
26,T1,BESTEFFORT,COMPLETED,m2-1,24.032,"{'m1-1': 95.42, 'm2-1': 5.6, 'm3-1': 100.89, 'm4-1': 28.65, 'm5-1': 158.81, 'm6-1': 1.06, 'm7-1': 152.9, 'm8-1': 26.38}",8.399999999999999,24.032,29.631999999999998,inf,134.032,134.032
27,T5,BESTEFFORT,COMPLETED,m2-1,24.175,"{'m1-1': 100.73, 'm2-1': 5.09, 'm3-1': 109.92, 'm4-1': 25.37, 'm5-1': 154.64, 'm6-1': 1.07, 'm7-1': 155.18, 'm8-1': 27.07}",7.635,29.631999999999998,34.721999999999994,inf,134.175,134.175
28,T3,BESTEFFORT,COMPLETED,m6-1,24.871,"{'m1-1': 99.2, 'm2-1': 5.01, 'm3-1': 99.88, 'm4-1': 26.13, 'm5-1': 171.31, 'm6-1': 1.07, 'm7-1': 152.56, 'm8-1': 26.12}",1.605,27.727,28.797,inf,134.871,134.871
29,T6,BESTEFFORT,COMPLETED,m6-1,26.175,"{'m1-1': 103.81, 'm2-1': 5.04, 'm3-1': 97.84, 'm4-1': 24.4, 'm5-1': 145.21, 'm6-1': 1.07, 'm7-1': 153.57, 'm8-1': 26.81}",1.605,28.797,29.867,inf,136.175,136.175
30,T8,BESTEFFORT,COMPLETED,m6-1,27.395,"{'m1-1': 112.0, 'm2-1': 5.7, 'm3-1': 100.91, 'm4-1': 25.9, 'm5-1': 147.06, 'm6-1': 1.09, 'm7-1': 166.0, 'm8-1': 23.95}",1.6350000000000002,29.867,30.957,inf,137.395,137.395
31,T4,BESTEFFORT,COMPLETED,m6-1,29.106,"{'m1-1': 103.94, 'm2-1': 5.35, 'm3-1': 101.84, 'm4-1': 25.78, 'm5-1': 166.19, 'm6-1': 1.03, 'm7-1': 146.79, 'm8-1': 26.22}",1.545,30.957,31.987000000000002,inf,139.106,139.106
32,T3,BESTEFFORT,COMPLETED,m6-1,32.442,"{'m1-1': 108.82, 'm2-1': 5.72, 'm3-1': 92.18, 'm4-1': 27.64, 'm5-1': 167.82, 'm6-1': 0.96, 'm7-1': 151.94, 'm8-1': 26.59}",1.44,32.442,33.402,inf,142.442,142.442
33,T5,BESTEFFORT,COMPLETED,m6-1,34.209,"{'m1-1': 106.94, 'm2-1': 5.45, 'm3-1': 101.78, 'm4-1': 24.43, 'm5-1': 164.64, 'm6-1': 1.06, 'm7-1': 163.34, 'm8-1': 23.6}",1.59,34.209,35.269000000000005,inf,144.209,144.209
34,T2,BESTEFFORT,COMPLETED,m6-1,34.218,"{'m1-1': 116.01, 'm2-1': 5.17, 'm3-1': 100.25, 'm4-1': 28.08, 'm5-1': 148.57, 'm6-1': 1.15, 'm7-1': 145.21, 'm8-1': 24.28}",1.7249999999999999,35.269000000000005,36.419000000000004,inf,144.21800000000002,144.21800000000002
35,T7,BESTEFFORT,COMPLETED,m6-1,34.366,"{'m1-1': 106.14, 'm2-1': 4.86, 'm3-1': 107.32, 'm4-1': 26.2, 'm5-1': 140.45, 'm6-1': 1.04, 'm7-1': 139.45, 'm8-1': 27.42}",1.56,36.419000000000004,37.459,inf,144.36599999999999,144.36599999999999
36,T8,BESTEFFORT,COMPLETED,m6-1,35.184,"{'m1-1': 97.59, 'm2-1': 5.68, 'm3-1': 108.56, 'm4-1': 28.02, 'm5-1': 141.91, 'm6-1': 1.1, 'm7-1': 163.38, 'm8-1': 25.24}",1.6500000000000001,37.459,38.559000000000005,inf,145.184,145.184
37,T8,BESTEFFORT,COMPLETED,m2-1,35.236,"{'m1-1': 97.53, 'm2-1': 5.41, 'm3-1': 106.0, 'm4-1': 28.27, 'm5-1': 141.19, 'm6-1': 0.95, 'm7-1': 153.74, 'm8-1': 24.98}",8.115,35.236,40.646,inf,145.236,145.236
38,T1,BESTEFFORT,COMPLETED,m6-1,35.878,"{'m1-1': 99.24, 'm2-1': 5.4, 'm3-1': 113.38, 'm4-1': 28.2, 'm5-1': 142.06, 'm6-1': 1.08, 'm7-1': 166.98, 'm8-1': 26.7}",1.62,38.559000000000005,39.639,inf,145.878,145.878
39,T10,BESTEFFORT,COMPLETED,m6-1,36.54,"{'m1-1': 108.89, 'm2-1': 5.26, 'm3-1': 106.15, 'm4-1': 27.52, 'm5-1': 168.71, 'm6-1': 1.12, 'm7-1': 146.24, 'm8-1': 28.27}",1.6800000000000002,39.639,40.759,inf,146.54,146.54
40,T5,BESTEFFORT,COMPLETED,m2-1,36.663,"{'m1-1': 113.24, 'm2-1': 4.72, 'm3-1': 95.82, 'm4-1': 24.74, 'm5-1': 158.6, 'm6-1': 1.0, 'm7-1': 155.03, 'm8-1': 24.91}",7.08,40.646,45.366,inf,146.663,146.663
41,T7,BESTEFFORT,COMPLETED,m6-1,38.515,"{'m1-1': 114.99, 'm2-1': 4.79, 'm3-1': 110.81, 'm4-1': 24.94, 'm5-1': 152.81, 'm6-1': 1.01, 'm7-1': 145.16, 'm8-1': 27.42}",1.5150000000000001,40.759,41.769,inf,148.515,148.515
42,T1,BESTEFFORT,COMPLETED,m6-1,41.341,"{'m1-1': 94.23, 'm2-1': 5.51, 'm3-1': 108.07, 'm4-1': 29.47, 'm5-1': 142.76, 'm6-1': 1.09, 'm7-1': 161.35, 'm8-1': 28.36}",1.6350000000000002,41.769,42.859,inf,151.341,151.341
43,T3,BESTEFFORT,COMPLETED,m6-1,43.14,"{'m1-1': 110.26, 'm2-1': 5.58, 'm3-1': 106.17, 'm4-1': 27.11, 'm5-1': 159.12, 'm6-1': 1.04, 'm7-1': 171.06, 'm8-1': 26.95}",1.56,43.14,44.18,inf,153.14,153.14
44,T10,BESTEFFORT,COMPLETED,m6-1,44.169,"{'m1-1': 111.18, 'm2-1': 5.22, 'm3-1': 103.51, 'm4-1': 26.1, 'm5-1': 166.74, 'm6-1': 1.01, 'm7-1': 153.0, 'm8-1': 29.39}",1.5150000000000001,44.18,45.19,inf,154.16899999999998,154.16899999999998
45,T8,BESTEFFORT,COMPLETED,m6-1,46.191,"{'m1-1': 97.57, 'm2-1': 5.09, 'm3-1': 103.32, 'm4-1': 28.0, 'm5-1': 160.29, 'm6-1': 0.95, 'm7-1': 146.21, 'm8-1': 25.0}",1.4249999999999998,46.191,47.141000000000005,inf,156.191,156.191
46,T10,BESTEFFORT,COMPLETED,m6-1,47.242,"{'m1-1': 101.47, 'm2-1': 4.94, 'm3-1': 97.93, 'm4-1': 24.4, 'm5-1': 165.88, 'm6-1': 0.96, 'm7-1': 142.71, 'm8-1': 25.97}",1.44,47.242,48.202,inf,157.242,157.242
47,T8,BESTEFFORT,COMPLETED,m6-1,48.143,"{'m1-1': 109.39, 'm2-1': 4.81, 'm3-1': 107.24, 'm4-1': 25.22, 'm5-1': 162.51, 'm6-1': 1.04, 'm7-1': 150.06, 'm8-1': 24.87}",1.56,48.202,49.242,inf,158.143,158.143
48,T3,BESTEFFORT,COMPLETED,m6-1,49.224,"{'m1-1': 96.46, 'm2-1': 4.86, 'm3-1': 95.32, 'm4-1': 24.34, 'm5-1': 157.02, 'm6-1': 1.12, 'm7-1': 149.28, 'm8-1': 24.03}",1.6800000000000002,49.242,50.361999999999995,inf,159.224,159.224
49,T7,BESTEFFORT,COMPLETED,m6-1,49.432,"{'m1-1': 113.9, 'm2-1': 5.29, 'm3-1': 98.5, 'm4-1': 27.88, 'm5-1': 162.79, 'm6-1': 1.11, 'm7-1': 146.3, 'm8-1': 28.58}",1.665,50.361999999999995,51.471999999999994,inf,159.43200000000002,159.43200000000002
50,T9,BESTEFFORT,COMPLETED,m6-1,50.033,"{'m1-1': 106.9, 'm2-1': 5.09, 'm3-1': 109.4, 'm4-1': 26.02, 'm5-1': 148.14, 'm6-1': 1.13, 'm7-1': 164.33, 'm8-1': 26.43}",1.6949999999999998,51.471999999999994,52.602,inf,160.03300000000002,160.03300000000002
51,T5,BESTEFFORT,COMPLETED,m6-1,51.3,"{'m1-1': 108.83, 'm2-1': 4.9, 'm3-1': 108.58, 'm4-1': 26.61, 'm5-1': 158.03, 'm6-1': 0.96, 'm7-1': 146.24, 'm8-1': 25.62}",1.44,52.602,53.562,inf,161.3,161.3
52,T3,BESTEFFORT,COMPLETED,m6-1,52.047,"{'m1-1': 103.3, 'm2-1': 5.27, 'm3-1': 97.26, 'm4-1': 26.69, 'm5-1': 169.26, 'm6-1': 1.11, 'm7-1': 159.71, 'm8-1': 25.02}",1.665,53.562,54.672,inf,162.047,162.047
53,T1,BESTEFFORT,COMPLETED,m6-1,53.063,"{'m1-1': 110.44, 'm2-1': 5.36, 'm3-1': 112.09, 'm4-1': 27.42, 'm5-1': 141.93, 'm6-1': 1.0, 'm7-1': 156.51, 'm8-1': 25.25}",1.5,54.672,55.672,inf,163.063,163.063
54,T3,BESTEFFORT,COMPLETED,m6-1,53.073,"{'m1-1': 110.58, 'm2-1': 5.0, 'm3-1': 96.62, 'm4-1': 28.15, 'm5-1': 157.18, 'm6-1': 1.1, 'm7-1': 152.31, 'm8-1': 24.83}",1.6500000000000001,55.672,56.772,inf,163.073,163.073
55,T8,BESTEFFORT,COMPLETED,m6-1,53.97,"{'m1-1': 107.49, 'm2-1': 5.19, 'm3-1': 109.09, 'm4-1': 25.39, 'm5-1': 146.78, 'm6-1': 1.1, 'm7-1': 149.65, 'm8-1': 24.29}",1.6500000000000001,56.772,57.872,inf,163.97,163.97
56,T5,BESTEFFORT,COMPLETED,m6-1,55.592,"{'m1-1': 97.58, 'm2-1': 5.09, 'm3-1': 97.12, 'm4-1': 25.2, 'm5-1': 151.47, 'm6-1': 1.08, 'm7-1': 156.95, 'm8-1': 26.78}",1.62,57.872,58.952,inf,165.59199999999998,165.59199999999998
57,T6,BESTEFFORT,COMPLETED,m6-1,56.554,"{'m1-1': 103.28, 'm2-1': 5.06, 'm3-1': 108.96, 'm4-1': 25.7, 'm5-1': 161.54, 'm6-1': 1.07, 'm7-1': 155.41, 'm8-1': 25.67}",1.605,58.952,60.022,inf,166.554,166.554
58,T10,BESTEFFORT,COMPLETED,m6-1,59.481,"{'m1-1': 103.2, 'm2-1': 5.49, 'm3-1': 97.84, 'm4-1': 27.49, 'm5-1': 159.25, 'm6-1': 0.94, 'm7-1': 142.41, 'm8-1': 26.27}",1.41,60.022,60.961999999999996,inf,169.481,169.481
59,T3,BESTEFFORT,COMPLETED,m6-1,59.869,"{'m1-1': 111.32, 'm2-1': 4.93, 'm3-1': 100.6, 'm4-1': 26.44, 'm5-1': 162.17, 'm6-1': 1.08, 'm7-1': 168.37, 'm8-1': 26.02}",1.62,60.961999999999996,62.041999999999994,inf,169.869,169.869
60,T7,BESTEFFORT,COMPLETED,m6-1,60.051,"{'m1-1': 108.17, 'm2-1': 4.93, 'm3-1': 96.9, 'm4-1': 25.64, 'm5-1': 162.52, 'm6-1': 1.07, 'm7-1': 161.12, 'm8-1': 28.42}",1.605,62.041999999999994,63.111999999999995,inf,170.051,170.051
61,T9,BESTEFFORT,COMPLETED,m6-1,60.469,"{'m1-1': 101.13, 'm2-1': 5.18, 'm3-1': 108.71, 'm4-1': 25.87, 'm5-1': 155.1, 'm6-1': 1.18, 'm7-1': 141.04, 'm8-1': 25.74}",1.77,63.111999999999995,64.292,inf,170.469,170.469
62,T8,BESTEFFORT,COMPLETED,m2-1,60.692,"{'m1-1': 97.57, 'm2-1': 5.63, 'm3-1': 111.65, 'm4-1': 27.31, 'm5-1': 154.45, 'm6-1': 1.03, 'm7-1': 168.28, 'm8-1': 24.17}",8.445,60.692,66.322,inf,170.692,170.692
63,T3,BESTEFFORT,COMPLETED,m6-1,62.303,"{'m1-1': 102.92, 'm2-1': 5.03, 'm3-1': 105.41, 'm4-1': 27.22, 'm5-1': 155.6, 'm6-1': 1.08, 'm7-1': 157.6, 'm8-1': 23.16}",1.62,64.292,65.372,inf,172.303,172.303
64,T7,BESTEFFORT,COMPLETED,m6-1,63.558,"{'m1-1': 116.02, 'm2-1': 5.08, 'm3-1': 107.93, 'm4-1': 25.28, 'm5-1': 155.78, 'm6-1': 1.14, 'm7-1': 143.13, 'm8-1': 27.76}",1.71,65.372,66.512,inf,173.558,173.558
65,T7,BESTEFFORT,COMPLETED,m6-1,63.949,"{'m1-1': 111.39, 'm2-1': 4.94, 'm3-1': 104.08, 'm4-1': 24.66, 'm5-1': 149.29, 'm6-1': 1.16, 'm7-1': 138.98, 'm8-1': 28.51}",1.7399999999999998,66.512,67.672,inf,173.949,173.949
66,T4,BESTEFFORT,COMPLETED,m6-1,64.537,"{'m1-1': 111.82, 'm2-1': 5.49, 'm3-1': 107.4, 'm4-1': 27.96, 'm5-1': 167.3, 'm6-1': 1.15, 'm7-1': 162.02, 'm8-1': 26.83}",1.7249999999999999,67.672,68.822,inf,174.537,174.537
67,T10,BESTEFFORT,COMPLETED,m6-1,66.957,"{'m1-1': 104.15, 'm2-1': 5.3, 'm3-1': 107.51, 'm4-1': 23.54, 'm5-1': 160.94, 'm6-1': 0.98, 'm7-1': 144.71, 'm8-1': 28.1}",1.47,68.822,69.802,inf,176.957,176.957
68,T2,BESTEFFORT,COMPLETED,m6-1,67.66,"{'m1-1': 113.45, 'm2-1': 4.96, 'm3-1': 110.13, 'm4-1': 27.51, 'm5-1': 156.39, 'm6-1': 1.03, 'm7-1': 166.95, 'm8-1': 24.67}",1.545,69.802,70.83200000000001,inf,177.66,177.66
69,T8,BESTEFFORT,COMPLETED,m6-1,70.897,"{'m1-1': 102.09, 'm2-1': 4.87, 'm3-1': 97.28, 'm4-1': 24.19, 'm5-1': 150.35, 'm6-1': 1.03, 'm7-1': 156.43, 'm8-1': 25.71}",1.545,70.897,71.927,inf,180.897,180.897
70,T1,BESTEFFORT,COMPLETED,m6-1,70.959,"{'m1-1': 108.56, 'm2-1': 5.32, 'm3-1': 100.14, 'm4-1': 28.81, 'm5-1': 161.01, 'm6-1': 1.01, 'm7-1': 149.41, 'm8-1': 26.15}",1.5150000000000001,71.927,72.93700000000001,inf,180.959,180.959
71,T2,BESTEFFORT,COMPLETED,m6-1,71.872,"{'m1-1': 112.0, 'm2-1': 4.86, 'm3-1': 101.87, 'm4-1': 27.84, 'm5-1': 154.37, 'm6-1': 1.13, 'm7-1': 167.73, 'm8-1': 26.85}",1.6949999999999998,72.93700000000001,74.06700000000001,inf,181.872,181.872
72,T6,BESTEFFORT,COMPLETED,m6-1,74.308,"{'m1-1': 117.62, 'm2-1': 5.81, 'm3-1': 105.42, 'm4-1': 27.0, 'm5-1': 148.93, 'm6-1': 0.99, 'm7-1': 163.71, 'm8-1': 24.48}",1.4849999999999999,74.308,75.298,inf,184.308,184.308
73,T8,BESTEFFORT,COMPLETED,m6-1,75.054,"{'m1-1': 97.03, 'm2-1': 5.06, 'm3-1': 107.77, 'm4-1': 27.55, 'm5-1': 144.61, 'm6-1': 1.02, 'm7-1': 166.71, 'm8-1': 25.85}",1.53,75.298,76.318,inf,185.054,185.054
74,T6,BESTEFFORT,COMPLETED,m6-1,76.163,"{'m1-1': 103.94, 'm2-1': 5.23, 'm3-1': 111.13, 'm4-1': 24.04, 'm5-1': 168.05, 'm6-1': 1.03, 'm7-1': 145.58, 'm8-1': 27.07}",1.545,76.318,77.348,inf,186.163,186.163
75,T5,BESTEFFORT,COMPLETED,m6-1,77.209,"{'m1-1': 96.34, 'm2-1': 4.72, 'm3-1': 107.34, 'm4-1': 27.53, 'm5-1': 153.99, 'm6-1': 1.06, 'm7-1': 151.53, 'm8-1': 27.49}",1.59,77.348,78.408,inf,187.209,187.209
76,T5,BESTEFFORT,COMPLETED,m6-1,78.137,"{'m1-1': 113.08, 'm2-1': 5.1, 'm3-1': 100.57, 'm4-1': 27.18, 'm5-1': 145.68, 'm6-1': 0.95, 'm7-1': 138.44, 'm8-1': 24.96}",1.4249999999999998,78.408,79.358,inf,188.137,188.137
77,T7,BESTEFFORT,COMPLETED,m6-1,78.677,"{'m1-1': 100.12, 'm2-1': 4.69, 'm3-1': 110.02, 'm4-1': 28.12, 'm5-1': 159.78, 'm6-1': 1.05, 'm7-1': 157.06, 'm8-1': 26.57}",1.5750000000000002,79.358,80.408,inf,188.67700000000002,188.67700000000002
78,T4,BESTEFFORT,COMPLETED,m6-1,79.253,"{'m1-1': 110.73, 'm2-1': 5.64, 'm3-1': 100.85, 'm4-1': 27.94, 'm5-1': 148.84, 'm6-1': 1.13, 'm7-1': 148.41, 'm8-1': 28.5}",1.6949999999999998,80.408,81.538,inf,189.253,189.253
79,T1,BESTEFFORT,COMPLETED,m6-1,80.145,"{'m1-1': 103.88, 'm2-1': 5.8, 'm3-1': 102.15, 'm4-1': 26.05, 'm5-1': 157.29, 'm6-1': 1.05, 'm7-1': 143.6, 'm8-1': 25.4}",1.5750000000000002,81.538,82.588,inf,190.14499999999998,190.14499999999998
80,T10,BESTEFFORT,COMPLETED,m6-1,80.507,"{'m1-1': 109.79, 'm2-1': 4.74, 'm3-1': 112.32, 'm4-1': 26.6, 'm5-1': 147.34, 'm6-1': 0.95, 'm7-1': 146.21, 'm8-1': 26.93}",1.4249999999999998,82.588,83.538,inf,190.507,190.507
81,T1,BESTEFFORT,COMPLETED,m6-1,81.414,"{'m1-1': 100.46, 'm2-1': 5.07, 'm3-1': 102.63, 'm4-1': 28.88, 'm5-1': 157.79, 'm6-1': 1.14, 'm7-1': 150.67, 'm8-1': 26.4}",1.71,83.538,84.678,inf,191.414,191.414
82,T1,BESTEFFORT,COMPLETED,m6-1,81.989,"{'m1-1': 97.97, 'm2-1': 5.27, 'm3-1': 102.15, 'm4-1': 26.05, 'm5-1': 159.57, 'm6-1': 1.13, 'm7-1': 169.82, 'm8-1': 24.72}",1.6949999999999998,84.678,85.80799999999999,inf,191.989,191.989
83,T3,BESTEFFORT,COMPLETED,m2-1,82.509,"{'m1-1': 110.34, 'm2-1': 5.01, 'm3-1': 104.92, 'm4-1': 23.95, 'm5-1': 155.13, 'm6-1': 1.02, 'm7-1': 157.6, 'm8-1': 25.13}",7.515,82.509,87.519,inf,192.50900000000001,192.50900000000001
84,T8,BESTEFFORT,COMPLETED,m6-1,82.647,"{'m1-1': 102.42, 'm2-1': 5.09, 'm3-1': 99.88, 'm4-1': 27.81, 'm5-1': 154.44, 'm6-1': 1.03, 'm7-1': 145.51, 'm8-1': 26.33}",1.545,85.80799999999999,86.838,inf,192.647,192.647
85,T8,BESTEFFORT,COMPLETED,m6-1,83.987,"{'m1-1': 105.6, 'm2-1': 5.48, 'm3-1': 99.65, 'm4-1': 25.8, 'm5-1': 146.33, 'm6-1': 1.05, 'm7-1': 146.28, 'm8-1': 25.88}",1.5750000000000002,86.838,87.88799999999999,inf,193.987,193.987
86,T1,BESTEFFORT,COMPLETED,m6-1,84.764,"{'m1-1': 100.27, 'm2-1': 5.64, 'm3-1': 105.59, 'm4-1': 29.77, 'm5-1': 147.41, 'm6-1': 1.05, 'm7-1': 155.19, 'm8-1': 25.12}",1.5750000000000002,87.88799999999999,88.93799999999999,inf,194.764,194.764
87,T7,BESTEFFORT,COMPLETED,m2-1,84.948,"{'m1-1': 100.48, 'm2-1': 5.44, 'm3-1': 101.1, 'm4-1': 26.71, 'm5-1': 159.51, 'm6-1': 1.1, 'm7-1': 153.67, 'm8-1': 28.3}",8.16,87.519,92.959,inf,194.94799999999998,194.94799999999998
88,T8,BESTEFFORT,COMPLETED,m2-1,85.402,"{'m1-1': 106.57, 'm2-1': 5.05, 'm3-1': 110.29, 'm4-1': 26.0, 'm5-1': 158.33, 'm6-1': 1.1, 'm7-1': 155.11, 'm8-1': 23.54}",7.574999999999999,92.959,98.009,inf,195.402,195.402
89,T9,BESTEFFORT,COMPLETED,m6-1,88.026,"{'m1-1': 101.97, 'm2-1': 4.9, 'm3-1': 105.52, 'm4-1': 27.69, 'm5-1': 167.85, 'm6-1': 1.07, 'm7-1': 141.91, 'm8-1': 26.24}",1.605,88.93799999999999,90.00799999999998,inf,198.026,198.026
90,T10,BESTEFFORT,COMPLETED,m6-1,88.903,"{'m1-1': 114.42, 'm2-1': 5.51, 'm3-1': 110.23, 'm4-1': 23.56, 'm5-1': 164.72, 'm6-1': 0.98, 'm7-1': 168.45, 'm8-1': 28.92}",1.47,90.00799999999998,90.98799999999999,inf,198.90300000000002,198.90300000000002
91,T7,BESTEFFORT,COMPLETED,m6-1,89.72,"{'m1-1': 100.82, 'm2-1': 4.74, 'm3-1': 112.52, 'm4-1': 27.66, 'm5-1': 155.33, 'm6-1': 1.05, 'm7-1': 156.54, 'm8-1': 26.08}",1.5750000000000002,90.98799999999999,92.03799999999998,inf,199.72,199.72
92,T9,BESTEFFORT,COMPLETED,m6-1,94.144,"{'m1-1': 98.73, 'm2-1': 5.02, 'm3-1': 97.23, 'm4-1': 27.31, 'm5-1': 158.29, 'm6-1': 1.08, 'm7-1': 139.4, 'm8-1': 26.37}",1.62,94.144,95.224,inf,204.144,204.144
93,T7,BESTEFFORT,COMPLETED,m6-1,95.11,"{'m1-1': 101.26, 'm2-1': 5.13, 'm3-1': 103.62, 'm4-1': 26.82, 'm5-1': 159.35, 'm6-1': 1.11, 'm7-1': 148.88, 'm8-1': 29.06}",1.665,95.224,96.334,inf,205.11,205.11
94,T6,BESTEFFORT,COMPLETED,m6-1,95.869,"{'m1-1': 103.29, 'm2-1': 5.12, 'm3-1': 97.74, 'm4-1': 24.28, 'm5-1': 147.55, 'm6-1': 1.08, 'm7-1': 145.07, 'm8-1': 26.29}",1.62,96.334,97.414,inf,205.869,205.869
95,T4,BESTEFFORT,COMPLETED,m6-1,97.389,"{'m1-1': 95.56, 'm2-1': 5.3, 'm3-1': 101.02, 'm4-1': 25.1, 'm5-1': 157.88, 'm6-1': 1.06, 'm7-1': 164.06, 'm8-1': 26.57}",1.59,97.414,98.474,inf,207.389,207.389
96,T6,BESTEFFORT,COMPLETED,m6-1,98.042,"{'m1-1': 111.44, 'm2-1': 5.05, 'm3-1': 104.77, 'm4-1': 23.94, 'm5-1': 168.36, 'm6-1': 0.97, 'm7-1': 140.63, 'm8-1': 24.83}",1.455,98.474,99.444,inf,208.042,208.042
97,T8,BESTEFFORT,COMPLETED,m6-1,98.829,"{'m1-1': 100.42, 'm2-1': 5.0, 'm3-1': 101.93, 'm4-1': 28.27, 'm5-1': 162.15, 'm6-1': 1.05, 'm7-1': 156.6, 'm8-1': 26.13}",1.5750000000000002,99.444,100.494,inf,208.829,208.829
98,T4,BESTEFFORT,COMPLETED,m6-1,99.111,"{'m1-1': 103.0, 'm2-1': 5.46, 'm3-1': 100.32, 'm4-1': 27.42, 'm5-1': 153.86, 'm6-1': 1.08, 'm7-1': 151.45, 'm8-1': 26.78}",1.62,100.494,101.574,inf,209.111,209.111
99,T3,BESTEFFORT,COMPLETED,m6-1,103.281,"{'m1-1': 108.12, 'm2-1': 5.4, 'm3-1': 95.2, 'm4-1': 27.85, 'm5-1': 149.38, 'm6-1': 1.01, 'm7-1': 145.29, 'm8-1': 23.78}",1.5150000000000001,103.281,104.29100000000001,inf,213.281,213.281
100,T10,BESTEFFORT,COMPLETED,m6-1,103.895,"{'m1-1': 110.15, 'm2-1': 5.56, 'm3-1': 113.97, 'm4-1': 27.58, 'm5-1': 154.04, 'm6-1': 0.95, 'm7-1': 156.23, 'm8-1': 27.68}",1.4249999999999998,104.29100000000001,105.24100000000001,inf,213.89499999999998,213.89499999999998
101,T5,BESTEFFORT,COMPLETED,m6-1,104.653,"{'m1-1': 111.46, 'm2-1': 4.94, 'm3-1': 97.57, 'm4-1': 25.81, 'm5-1': 151.47, 'm6-1': 1.06, 'm7-1': 153.94, 'm8-1': 23.45}",1.59,105.24100000000001,106.30100000000002,inf,214.65300000000002,214.65300000000002
102,T3,BESTEFFORT,COMPLETED,m6-1,104.767,"{'m1-1': 95.67, 'm2-1': 5.18, 'm3-1': 106.57, 'm4-1': 27.14, 'm5-1': 151.85, 'm6-1': 1.04, 'm7-1': 148.56, 'm8-1': 24.65}",1.56,106.30100000000002,107.34100000000002,inf,214.767,214.767
103,T10,BESTEFFORT,COMPLETED,m6-1,105.785,"{'m1-1': 115.44, 'm2-1': 5.12, 'm3-1': 114.52, 'm4-1': 26.05, 'm5-1': 159.65, 'm6-1': 0.98, 'm7-1': 163.28, 'm8-1': 26.55}",1.47,107.34100000000002,108.32100000000003,inf,215.785,215.785
104,T4,BESTEFFORT,COMPLETED,m6-1,108.722,"{'m1-1': 111.36, 'm2-1': 5.58, 'm3-1': 103.35, 'm4-1': 24.41, 'm5-1': 148.52, 'm6-1': 1.11, 'm7-1': 167.71, 'm8-1': 27.32}",1.665,108.722,109.832,inf,218.72199999999998,218.72199999999998
105,T9,BESTEFFORT,COMPLETED,m6-1,109.04,"{'m1-1': 108.68, 'm2-1': 5.42, 'm3-1': 110.21, 'm4-1': 26.76, 'm5-1': 171.96, 'm6-1': 1.12, 'm7-1': 149.75, 'm8-1': 25.35}",1.6800000000000002,109.832,110.952,inf,219.04000000000002,219.04000000000002
106,T10,BESTEFFORT,COMPLETED,m6-1,109.174,"{'m1-1': 100.65, 'm2-1': 5.57, 'm3-1': 113.86, 'm4-1': 24.55, 'm5-1': 159.07, 'm6-1': 0.94, 'm7-1': 150.46, 'm8-1': 27.79}",1.41,110.952,111.892,inf,219.174,219.174
107,T3,BESTEFFORT,COMPLETED,m6-1,109.459,"{'m1-1': 110.44, 'm2-1': 5.05, 'm3-1': 102.95, 'm4-1': 26.71, 'm5-1': 149.81, 'm6-1': 1.06, 'm7-1': 161.42, 'm8-1': 26.06}",1.59,111.892,112.952,inf,219.459,219.459
108,T1,BESTEFFORT,COMPLETED,m6-1,112.941,"{'m1-1': 101.77, 'm2-1': 5.51, 'm3-1': 108.08, 'm4-1': 28.9, 'm5-1': 140.62, 'm6-1': 1.06, 'm7-1': 153.63, 'm8-1': 24.72}",1.59,112.952,114.012,inf,222.941,222.941
109,T9,BESTEFFORT,COMPLETED,m6-1,115.809,"{'m1-1': 110.93, 'm2-1': 4.8, 'm3-1': 108.6, 'm4-1': 27.5, 'm5-1': 155.16, 'm6-1': 1.1, 'm7-1': 147.93, 'm8-1': 26.6}",1.6500000000000001,115.809,116.90899999999999,inf,225.809,225.809
110,T10,BESTEFFORT,COMPLETED,m6-1,116.421,"{'m1-1': 110.83, 'm2-1': 5.08, 'm3-1': 103.89, 'm4-1': 24.66, 'm5-1': 162.13, 'm6-1': 0.97, 'm7-1': 149.71, 'm8-1': 26.43}",1.455,116.90899999999999,117.87899999999999,inf,226.421,226.421
111,T6,BESTEFFORT,COMPLETED,m6-1,118.662,"{'m1-1': 113.5, 'm2-1': 5.62, 'm3-1': 104.0, 'm4-1': 26.66, 'm5-1': 155.31, 'm6-1': 0.93, 'm7-1': 147.88, 'm8-1': 27.12}",1.395,118.662,119.59200000000001,inf,228.662,228.662
112,T5,BESTEFFORT,COMPLETED,m6-1,119.457,"{'m1-1': 111.14, 'm2-1': 4.78, 'm3-1': 106.52, 'm4-1': 27.62, 'm5-1': 154.96, 'm6-1': 0.98, 'm7-1': 143.02, 'm8-1': 26.93}",1.47,119.59200000000001,120.57200000000002,inf,229.457,229.457
113,T8,BESTEFFORT,COMPLETED,m6-1,121.471,"{'m1-1': 97.29, 'm2-1': 5.05, 'm3-1': 107.38, 'm4-1': 25.85, 'm5-1': 161.51, 'm6-1': 0.95, 'm7-1': 145.51, 'm8-1': 25.41}",1.4249999999999998,121.471,122.421,inf,231.471,231.471
114,T5,BESTEFFORT,COMPLETED,m6-1,122.37,"{'m1-1': 100.26, 'm2-1': 5.34, 'm3-1': 93.92, 'm4-1': 23.95, 'm5-1': 166.52, 'm6-1': 1.08, 'm7-1': 151.18, 'm8-1': 26.36}",1.62,122.421,123.501,inf,232.37,232.37
115,T2,BESTEFFORT,COMPLETED,m6-1,122.843,"{'m1-1': 100.46, 'm2-1': 5.37, 'm3-1': 113.12, 'm4-1': 24.32, 'm5-1': 157.04, 'm6-1': 1.01, 'm7-1': 156.2, 'm8-1': 28.04}",1.5150000000000001,123.501,124.51100000000001,inf,232.84300000000002,232.84300000000002
116,T7,BESTEFFORT,COMPLETED,m6-1,122.982,"{'m1-1': 101.45, 'm2-1': 5.34, 'm3-1': 101.34, 'm4-1': 27.76, 'm5-1': 147.11, 'm6-1': 1.07, 'm7-1': 139.36, 'm8-1': 28.91}",1.605,124.51100000000001,125.581,inf,232.982,232.982
117,T10,BESTEFFORT,COMPLETED,m6-1,123.125,"{'m1-1': 100.76, 'm2-1': 5.49, 'm3-1': 103.04, 'm4-1': 24.49, 'm5-1': 147.41, 'm6-1': 0.94, 'm7-1': 158.86, 'm8-1': 26.49}",1.41,125.581,126.521,inf,233.125,233.125
118,T8,BESTEFFORT,COMPLETED,m6-1,124.42,"{'m1-1': 113.9, 'm2-1': 5.37, 'm3-1': 104.11, 'm4-1': 24.8, 'm5-1': 159.04, 'm6-1': 0.95, 'm7-1': 149.57, 'm8-1': 23.77}",1.4249999999999998,126.521,127.471,inf,234.42000000000002,234.42000000000002
119,T4,BESTEFFORT,COMPLETED,m2-1,124.487,"{'m1-1': 95.36, 'm2-1': 5.3, 'm3-1': 109.97, 'm4-1': 27.73, 'm5-1': 150.54, 'm6-1': 1.15, 'm7-1': 147.92, 'm8-1': 27.68}",7.949999999999999,124.487,129.787,inf,234.487,234.487
120,T9,BESTEFFORT,COMPLETED,m6-1,124.674,"{'m1-1': 104.83, 'm2-1': 5.05, 'm3-1': 103.73, 'm4-1': 28.01, 'm5-1': 147.65, 'm6-1': 1.08, 'm7-1': 159.74, 'm8-1': 26.94}",1.62,127.471,128.55100000000002,inf,234.674,234.674
121,T2,BESTEFFORT,COMPLETED,m6-1,126.44,"{'m1-1': 106.97, 'm2-1': 4.92, 'm3-1': 106.52, 'm4-1': 25.68, 'm5-1': 157.77, 'm6-1': 1.1, 'm7-1': 153.21, 'm8-1': 28.52}",1.6500000000000001,128.55100000000002,129.651,inf,236.44,236.44
122,T7,BESTEFFORT,COMPLETED,m6-1,127.111,"{'m1-1': 114.84, 'm2-1': 4.81, 'm3-1': 95.96, 'm4-1': 26.9, 'm5-1': 137.8, 'm6-1': 1.04, 'm7-1': 160.34, 'm8-1': 26.96}",1.56,129.651,130.691,inf,237.111,237.111
123,T6,BESTEFFORT,COMPLETED,m2-1,127.18,"{'m1-1': 110.45, 'm2-1': 5.83, 'm3-1': 94.9, 'm4-1': 26.97, 'm5-1': 164.99, 'm6-1': 1.02, 'm7-1': 162.84, 'm8-1': 27.02}",8.745000000000001,129.787,135.61700000000002,inf,237.18,237.18
124,T8,BESTEFFORT,COMPLETED,m6-1,127.854,"{'m1-1': 105.78, 'm2-1': 5.38, 'm3-1': 105.43, 'm4-1': 27.73, 'm5-1': 145.96, 'm6-1': 1.07, 'm7-1': 159.05, 'm8-1': 26.86}",1.605,130.691,131.761,inf,237.85399999999998,237.85399999999998
125,T7,BESTEFFORT,COMPLETED,m2-1,128.267,"{'m1-1': 103.04, 'm2-1': 5.0, 'm3-1': 96.95, 'm4-1': 25.57, 'm5-1': 150.2, 'm6-1': 1.04, 'm7-1': 159.55, 'm8-1': 27.95}",7.5,135.61700000000002,140.61700000000002,inf,238.267,238.267
126,T5,BESTEFFORT,COMPLETED,m6-1,132.191,"{'m1-1': 98.51, 'm2-1': 5.42, 'm3-1': 94.65, 'm4-1': 23.97, 'm5-1': 165.4, 'm6-1': 0.94, 'm7-1': 155.71, 'm8-1': 27.09}",1.41,132.191,133.131,inf,242.191,242.191
127,T6,BESTEFFORT,COMPLETED,m6-1,132.568,"{'m1-1': 110.16, 'm2-1': 5.39, 'm3-1': 105.58, 'm4-1': 24.28, 'm5-1': 156.3, 'm6-1': 1.02, 'm7-1': 159.36, 'm8-1': 25.13}",1.53,133.131,134.151,inf,242.568,242.568
128,T8,BESTEFFORT,COMPLETED,m6-1,132.806,"{'m1-1': 107.12, 'm2-1': 5.35, 'm3-1': 104.24, 'm4-1': 25.67, 'm5-1': 149.6, 'm6-1': 1.12, 'm7-1': 160.31, 'm8-1': 25.11}",1.6800000000000002,134.151,135.27100000000002,inf,242.806,242.806
129,T4,BESTEFFORT,COMPLETED,m6-1,132.947,"{'m1-1': 110.06, 'm2-1': 5.26, 'm3-1': 104.0, 'm4-1': 26.35, 'm5-1': 152.56, 'm6-1': 1.13, 'm7-1': 155.45, 'm8-1': 26.51}",1.6949999999999998,135.27100000000002,136.401,inf,242.947,242.947
130,T6,BESTEFFORT,COMPLETED,m6-1,134.139,"{'m1-1': 112.43, 'm2-1': 5.07, 'm3-1': 108.62, 'm4-1': 25.81, 'm5-1': 155.7, 'm6-1': 1.04, 'm7-1': 142.49, 'm8-1': 24.21}",1.56,136.401,137.441,inf,244.139,244.139
131,T8,BESTEFFORT,COMPLETED,m6-1,134.273,"{'m1-1': 97.58, 'm2-1': 5.03, 'm3-1': 105.87, 'm4-1': 27.73, 'm5-1': 154.26, 'm6-1': 1.06, 'm7-1': 148.81, 'm8-1': 23.22}",1.59,137.441,138.501,inf,244.273,244.273
132,T5,BESTEFFORT,COMPLETED,m2-1,134.941,"{'m1-1': 113.48, 'm2-1': 5.26, 'm3-1': 105.33, 'm4-1': 24.24, 'm5-1': 148.41, 'm6-1': 0.96, 'm7-1': 162.22, 'm8-1': 27.46}",7.89,140.61700000000002,145.877,inf,244.941,244.941
133,T4,BESTEFFORT,COMPLETED,m2-1,135.229,"{'m1-1': 100.52, 'm2-1': 5.16, 'm3-1': 102.23, 'm4-1': 28.05, 'm5-1': 163.35, 'm6-1': 1.03, 'm7-1': 149.68, 'm8-1': 25.64}",7.74,145.877,151.037,inf,245.229,245.229
134,T1,BESTEFFORT,COMPLETED,m6-1,136.283,"{'m1-1': 99.01, 'm2-1': 5.37, 'm3-1': 100.34, 'm4-1': 26.33, 'm5-1': 138.0, 'm6-1': 1.14, 'm7-1': 161.92, 'm8-1': 24.7}",1.71,138.501,139.641,inf,246.283,246.283
135,T7,BESTEFFORT,COMPLETED,m6-1,136.545,"{'m1-1': 101.56, 'm2-1': 5.24, 'm3-1': 101.02, 'm4-1': 28.45, 'm5-1': 157.9, 'm6-1': 1.05, 'm7-1': 150.32, 'm8-1': 26.92}",1.5750000000000002,139.641,140.691,inf,246.545,246.545
136,T1,BESTEFFORT,COMPLETED,m2-1,136.757,"{'m1-1': 108.54, 'm2-1': 5.54, 'm3-1': 98.14, 'm4-1': 29.11, 'm5-1': 137.52, 'm6-1': 1.1, 'm7-1': 144.79, 'm8-1': 24.68}",8.31,151.037,156.577,inf,246.757,246.757
137,T4,BESTEFFORT,COMPLETED,m6-1,140.771,"{'m1-1': 111.22, 'm2-1': 5.26, 'm3-1': 99.26, 'm4-1': 27.4, 'm5-1': 164.1, 'm6-1': 1.09, 'm7-1': 148.53, 'm8-1': 27.62}",1.6350000000000002,140.771,141.861,inf,250.771,250.771
138,T8,BESTEFFORT,COMPLETED,m6-1,141.885,"{'m1-1': 107.14, 'm2-1': 5.36, 'm3-1': 104.95, 'm4-1': 23.92, 'm5-1': 141.24, 'm6-1': 1.02, 'm7-1': 166.32, 'm8-1': 26.11}",1.53,141.885,142.905,inf,251.885,251.885
139,T1,BESTEFFORT,COMPLETED,m6-1,142.344,"{'m1-1': 99.7, 'm2-1': 5.84, 'm3-1': 105.4, 'm4-1': 25.37, 'm5-1': 153.07, 'm6-1': 1.17, 'm7-1': 152.17, 'm8-1': 24.53}",1.755,142.905,144.075,inf,252.344,252.344
140,T5,BESTEFFORT,COMPLETED,m6-1,145.213,"{'m1-1': 96.88, 'm2-1': 4.91, 'm3-1': 97.26, 'm4-1': 26.32, 'm5-1': 154.64, 'm6-1': 0.96, 'm7-1': 139.45, 'm8-1': 27.08}",1.44,145.213,146.173,inf,255.213,255.213
141,T7,BESTEFFORT,COMPLETED,m6-1,145.314,"{'m1-1': 111.26, 'm2-1': 4.62, 'm3-1': 111.5, 'm4-1': 24.4, 'm5-1': 162.74, 'm6-1': 1.04, 'm7-1': 150.21, 'm8-1': 24.88}",1.56,146.173,147.213,inf,255.314,255.314
142,T9,BESTEFFORT,COMPLETED,m6-1,145.374,"{'m1-1': 100.79, 'm2-1': 4.97, 'm3-1': 105.12, 'm4-1': 25.49, 'm5-1': 168.88, 'm6-1': 1.12, 'm7-1': 144.5, 'm8-1': 25.49}",1.6800000000000002,147.213,148.333,inf,255.374,255.374
143,T2,BESTEFFORT,COMPLETED,m6-1,147.333,"{'m1-1': 103.62, 'm2-1': 5.2, 'm3-1': 105.61, 'm4-1': 27.28, 'm5-1': 148.99, 'm6-1': 1.16, 'm7-1': 165.12, 'm8-1': 26.06}",1.7399999999999998,148.333,149.493,inf,257.33299999999997,257.33299999999997
144,T3,BESTEFFORT,COMPLETED,m6-1,148.719,"{'m1-1': 112.34, 'm2-1': 5.01, 'm3-1': 93.82, 'm4-1': 27.96, 'm5-1': 158.44, 'm6-1': 1.03, 'm7-1': 147.66, 'm8-1': 25.96}",1.545,149.493,150.523,inf,258.719,258.719
145,T5,BESTEFFORT,COMPLETED,m6-1,152.748,"{'m1-1': 107.32, 'm2-1': 5.32, 'm3-1': 106.23, 'm4-1': 24.99, 'm5-1': 154.08, 'm6-1': 0.96, 'm7-1': 140.55, 'm8-1': 26.39}",1.44,152.748,153.708,inf,262.748,262.748
146,T8,BESTEFFORT,COMPLETED,m6-1,154.257,"{'m1-1': 108.13, 'm2-1': 5.05, 'm3-1': 104.72, 'm4-1': 27.88, 'm5-1': 163.83, 'm6-1': 0.98, 'm7-1': 168.97, 'm8-1': 24.71}",1.47,154.257,155.237,inf,264.257,264.257
147,T10,BESTEFFORT,COMPLETED,m6-1,154.564,"{'m1-1': 109.89, 'm2-1': 5.12, 'm3-1': 108.09, 'm4-1': 24.59, 'm5-1': 157.5, 'm6-1': 0.99, 'm7-1': 167.3, 'm8-1': 27.32}",1.4849999999999999,155.237,156.227,inf,264.56399999999996,264.56399999999996
148,T6,BESTEFFORT,COMPLETED,m6-1,155.372,"{'m1-1': 106.91, 'm2-1': 5.74, 'm3-1': 109.05, 'm4-1': 27.02, 'm5-1': 166.94, 'm6-1': 0.93, 'm7-1': 146.4, 'm8-1': 25.84}",1.395,156.227,157.157,inf,265.372,265.372
149,T7,BESTEFFORT,COMPLETED,m6-1,156.43,"{'m1-1': 103.65, 'm2-1': 5.25, 'm3-1': 103.21, 'm4-1': 28.3, 'm5-1': 159.12, 'm6-1': 1.12, 'm7-1': 154.34, 'm8-1': 26.14}",1.6800000000000002,157.157,158.27700000000002,inf,266.43,266.43
150,T3,BESTEFFORT,COMPLETED,m6-1,156.516,"{'m1-1': 105.28, 'm2-1': 5.43, 'm3-1': 103.24, 'm4-1': 23.96, 'm5-1': 146.74, 'm6-1': 1.04, 'm7-1': 160.52, 'm8-1': 23.58}",1.56,158.27700000000002,159.317,inf,266.51599999999996,266.51599999999996
151,T9,BESTEFFORT,COMPLETED,m6-1,156.769,"{'m1-1': 103.5, 'm2-1': 5.0, 'm3-1': 104.71, 'm4-1': 28.22, 'm5-1': 154.63, 'm6-1': 1.19, 'm7-1': 163.82, 'm8-1': 26.0}",1.785,159.317,160.507,inf,266.769,266.769
152,T7,BESTEFFORT,COMPLETED,m6-1,157.702,"{'m1-1': 100.38, 'm2-1': 4.88, 'm3-1': 104.36, 'm4-1': 28.6, 'm5-1': 139.0, 'm6-1': 1.12, 'm7-1': 149.25, 'm8-1': 27.17}",1.6800000000000002,160.507,161.627,inf,267.702,267.702
153,T9,BESTEFFORT,COMPLETED,m6-1,159.274,"{'m1-1': 96.5, 'm2-1': 5.3, 'm3-1': 99.72, 'm4-1': 28.8, 'm5-1': 169.34, 'm6-1': 1.07, 'm7-1': 142.61, 'm8-1': 25.7}",1.605,161.627,162.697,inf,269.274,269.274
154,T8,BESTEFFORT,COMPLETED,m2-1,159.316,"{'m1-1': 105.89, 'm2-1': 5.12, 'm3-1': 109.46, 'm4-1': 23.9, 'm5-1': 143.25, 'm6-1': 1.0, 'm7-1': 158.49, 'm8-1': 26.68}",7.68,159.316,164.436,inf,269.31600000000003,269.31600000000003
155,T2,BESTEFFORT,COMPLETED,m6-1,159.563,"{'m1-1': 99.9, 'm2-1': 5.1, 'm3-1': 99.17, 'm4-1': 27.5, 'm5-1': 148.99, 'm6-1': 1.13, 'm7-1': 162.72, 'm8-1': 27.48}",1.6949999999999998,162.697,163.827,inf,269.563,269.563
156,T3,BESTEFFORT,COMPLETED,m6-1,160.843,"{'m1-1': 109.73, 'm2-1': 5.54, 'm3-1': 101.6, 'm4-1': 26.14, 'm5-1': 160.37, 'm6-1': 1.12, 'm7-1': 159.94, 'm8-1': 26.21}",1.6800000000000002,163.827,164.947,inf,270.84299999999996,270.84299999999996
157,T5,BESTEFFORT,COMPLETED,m6-1,162.405,"{'m1-1': 112.51, 'm2-1': 5.1, 'm3-1': 108.06, 'm4-1': 25.77, 'm5-1': 146.9, 'm6-1': 1.04, 'm7-1': 138.57, 'm8-1': 26.37}",1.56,164.947,165.987,inf,272.405,272.405
158,T8,BESTEFFORT,COMPLETED,m2-1,162.632,"{'m1-1': 111.69, 'm2-1': 5.58, 'm3-1': 105.51, 'm4-1': 27.16, 'm5-1': 143.62, 'm6-1': 0.98, 'm7-1': 155.6, 'm8-1': 26.14}",8.370000000000001,164.436,170.01600000000002,inf,272.632,272.632
159,T7,BESTEFFORT,COMPLETED,m6-1,163.071,"{'m1-1': 100.12, 'm2-1': 5.44, 'm3-1': 102.92, 'm4-1': 28.54, 'm5-1': 148.67, 'm6-1': 1.02, 'm7-1': 146.3, 'm8-1': 28.64}",1.53,165.987,167.007,inf,273.071,273.071
160,T4,BESTEFFORT,COMPLETED,m2-1,163.68,"{'m1-1': 102.82, 'm2-1': 5.6, 'm3-1': 99.36, 'm4-1': 24.42, 'm5-1': 152.87, 'm6-1': 1.14, 'm7-1': 166.66, 'm8-1': 25.85}",8.399999999999999,170.01600000000002,175.616,inf,273.68,273.68
161,T8,BESTEFFORT,COMPLETED,m6-1,163.883,"{'m1-1': 109.56, 'm2-1': 5.31, 'm3-1': 98.76, 'm4-1': 26.62, 'm5-1': 144.34, 'm6-1': 0.95, 'm7-1': 156.35, 'm8-1': 25.41}",1.4249999999999998,167.007,167.957,inf,273.88300000000004,273.88300000000004
162,T7,BESTEFFORT,COMPLETED,m2-1,164.025,"{'m1-1': 110.67, 'm2-1': 5.26, 'm3-1': 96.77, 'm4-1': 25.89, 'm5-1': 137.72, 'm6-1': 1.0, 'm7-1': 152.82, 'm8-1': 27.87}",7.89,175.616,180.876,inf,274.025,274.025
163,T1,BESTEFFORT,COMPLETED,m6-1,168.562,"{'m1-1': 98.69, 'm2-1': 5.32, 'm3-1': 112.72, 'm4-1': 25.18, 'm5-1': 142.05, 'm6-1': 1.09, 'm7-1': 148.94, 'm8-1': 27.44}",1.6350000000000002,168.562,169.65200000000002,inf,278.562,278.562
164,T10,BESTEFFORT,COMPLETED,m6-1,169.89,"{'m1-1': 108.22, 'm2-1': 4.77, 'm3-1': 113.86, 'm4-1': 26.17, 'm5-1': 167.02, 'm6-1': 0.99, 'm7-1': 156.07, 'm8-1': 29.38}",1.4849999999999999,169.89,170.88,inf,279.89,279.89
165,T6,BESTEFFORT,COMPLETED,m6-1,169.949,"{'m1-1': 115.52, 'm2-1': 5.06, 'm3-1': 109.88, 'm4-1': 24.28, 'm5-1': 145.62, 'm6-1': 1.08, 'm7-1': 147.2, 'm8-1': 23.54}",1.62,170.88,171.96,inf,279.949,279.949
166,T10,BESTEFFORT,COMPLETED,m6-1,169.996,"{'m1-1': 104.51, 'm2-1': 4.92, 'm3-1': 98.62, 'm4-1': 27.08, 'm5-1': 151.16, 'm6-1': 0.97, 'm7-1': 150.88, 'm8-1': 27.99}",1.455,171.96,172.93,inf,279.996,279.996
167,T4,BESTEFFORT,COMPLETED,m6-1,170.498,"{'m1-1': 102.98, 'm2-1': 5.04, 'm3-1': 113.16, 'm4-1': 25.95, 'm5-1': 155.29, 'm6-1': 1.12, 'm7-1': 161.06, 'm8-1': 27.84}",1.6800000000000002,172.93,174.05,inf,280.498,280.498
168,T2,BESTEFFORT,COMPLETED,m6-1,170.993,"{'m1-1': 106.06, 'm2-1': 4.61, 'm3-1': 97.95, 'm4-1': 26.12, 'm5-1': 170.11, 'm6-1': 1.17, 'm7-1': 168.85, 'm8-1': 26.22}",1.755,174.05,175.22,inf,280.993,280.993
169,T8,BESTEFFORT,COMPLETED,m6-1,172.802,"{'m1-1': 96.93, 'm2-1': 5.26, 'm3-1': 104.17, 'm4-1': 27.41, 'm5-1': 143.66, 'm6-1': 1.04, 'm7-1': 169.21, 'm8-1': 24.02}",1.56,175.22,176.26,inf,282.802,282.802
170,T6,BESTEFFORT,COMPLETED,m6-1,173.718,"{'m1-1': 109.77, 'm2-1': 5.04, 'm3-1': 110.34, 'm4-1': 27.15, 'm5-1': 163.61, 'm6-1': 1.06, 'm7-1': 140.08, 'm8-1': 23.37}",1.59,176.26,177.32,inf,283.71799999999996,283.71799999999996
171,T10,BESTEFFORT,COMPLETED,m2-1,173.902,"{'m1-1': 104.35, 'm2-1': 5.33, 'm3-1': 98.53, 'm4-1': 23.77, 'm5-1': 162.02, 'm6-1': 0.94, 'm7-1': 160.34, 'm8-1': 25.2}",7.995,180.876,186.20600000000002,inf,283.902,283.902
172,T8,BESTEFFORT,COMPLETED,m6-1,175.213,"{'m1-1': 107.7, 'm2-1': 5.6, 'm3-1': 106.72, 'm4-1': 25.72, 'm5-1': 161.21, 'm6-1': 1.09, 'm7-1': 162.96, 'm8-1': 25.34}",1.6350000000000002,177.32,178.41,inf,285.21299999999997,285.21299999999997
173,T7,BESTEFFORT,COMPLETED,m6-1,175.521,"{'m1-1': 105.76, 'm2-1': 5.08, 'm3-1': 97.46, 'm4-1': 24.5, 'm5-1': 148.48, 'm6-1': 1.09, 'm7-1': 163.5, 'm8-1': 26.93}",1.6350000000000002,178.41,179.5,inf,285.52099999999996,285.52099999999996
174,T7,BESTEFFORT,COMPLETED,m2-1,175.577,"{'m1-1': 106.14, 'm2-1': 4.61, 'm3-1': 103.59, 'm4-1': 26.18, 'm5-1': 144.38, 'm6-1': 1.0, 'm7-1': 154.17, 'm8-1': 28.75}",6.915000000000001,186.20600000000002,190.81600000000003,inf,285.577,285.577
175,T8,BESTEFFORT,COMPLETED,m6-1,176.431,"{'m1-1': 104.9, 'm2-1': 4.83, 'm3-1': 97.46, 'm4-1': 25.02, 'm5-1': 147.58, 'm6-1': 0.99, 'm7-1': 161.26, 'm8-1': 23.39}",1.4849999999999999,179.5,180.49,inf,286.43100000000004,286.43100000000004
176,T4,BESTEFFORT,COMPLETED,m2-1,176.526,"{'m1-1': 101.7, 'm2-1': 5.34, 'm3-1': 104.87, 'm4-1': 27.08, 'm5-1': 162.67, 'm6-1': 1.07, 'm7-1': 156.41, 'm8-1': 26.86}",8.01,190.81600000000003,196.15600000000003,inf,286.526,286.526
177,T6,BESTEFFORT,COMPLETED,m6-1,177.792,"{'m1-1': 103.19, 'm2-1': 5.18, 'm3-1': 109.37, 'm4-1': 23.46, 'm5-1': 163.7, 'm6-1': 1.06, 'm7-1': 160.09, 'm8-1': 26.3}",1.59,180.49,181.55,inf,287.79200000000003,287.79200000000003
178,T10,BESTEFFORT,COMPLETED,m8-1,178.233,"{'m1-1': 104.37, 'm2-1': 5.59, 'm3-1': 105.85, 'm4-1': 27.52, 'm5-1': 146.76, 'm6-1': 0.99, 'm7-1': 156.0, 'm8-1': 29.58}",44.37,178.233,207.813,inf,288.233,288.233
179,T2,BESTEFFORT,COMPLETED,m6-1,178.94,"{'m1-1': 102.06, 'm2-1': 5.38, 'm3-1': 109.84, 'm4-1': 25.92, 'm5-1': 159.22, 'm6-1': 1.19, 'm7-1': 159.04, 'm8-1': 26.77}",1.785,181.55,182.74,inf,288.94,288.94
180,T8,BESTEFFORT,COMPLETED,m6-1,180.034,"{'m1-1': 98.61, 'm2-1': 4.99, 'm3-1': 109.5, 'm4-1': 23.99, 'm5-1': 162.5, 'm6-1': 0.99, 'm7-1': 168.07, 'm8-1': 24.39}",1.4849999999999999,182.74,183.73000000000002,inf,290.034,290.034
181,T3,BESTEFFORT,COMPLETED,m4-1,180.122,"{'m1-1': 99.34, 'm2-1': 5.56, 'm3-1': 104.33, 'm4-1': 24.38, 'm5-1': 168.78, 'm6-1': 0.98, 'm7-1': 171.04, 'm8-1': 27.02}",36.57,180.122,204.502,inf,290.122,290.122
182,T6,BESTEFFORT,COMPLETED,m6-1,182.219,"{'m1-1': 100.31, 'm2-1': 5.1, 'm3-1': 101.77, 'm4-1': 23.85, 'm5-1': 164.24, 'm6-1': 1.04, 'm7-1': 160.39, 'm8-1': 24.2}",1.56,183.73000000000002,184.77,inf,292.219,292.219
183,T1,BESTEFFORT,COMPLETED,m6-1,185.569,"{'m1-1': 107.91, 'm2-1': 5.27, 'm3-1': 103.04, 'm4-1': 29.08, 'm5-1': 159.45, 'm6-1': 1.15, 'm7-1': 145.06, 'm8-1': 27.5}",1.7249999999999999,185.569,186.719,inf,295.56899999999996,295.56899999999996
184,T9,BESTEFFORT,COMPLETED,m6-1,185.904,"{'m1-1': 110.61, 'm2-1': 4.89, 'm3-1': 93.78, 'm4-1': 25.71, 'm5-1': 152.62, 'm6-1': 1.16, 'm7-1': 140.51, 'm8-1': 27.49}",1.7399999999999998,186.719,187.879,inf,295.904,295.904
185,T6,BESTEFFORT,COMPLETED,m6-1,186.318,"{'m1-1': 118.08, 'm2-1': 5.79, 'm3-1': 112.48, 'm4-1': 26.93, 'm5-1': 156.1, 'm6-1': 1.04, 'm7-1': 140.73, 'm8-1': 26.41}",1.56,187.879,188.91899999999998,inf,296.318,296.318
186,T5,BESTEFFORT,COMPLETED,m6-1,186.553,"{'m1-1': 113.35, 'm2-1': 5.29, 'm3-1': 99.67, 'm4-1': 26.24, 'm5-1': 151.04, 'm6-1': 1.01, 'm7-1': 159.9, 'm8-1': 24.79}",1.5150000000000001,188.91899999999998,189.92899999999997,inf,296.553,296.553
187,T5,BESTEFFORT,COMPLETED,m6-1,187.085,"{'m1-1': 104.98, 'm2-1': 4.72, 'm3-1': 99.21, 'm4-1': 24.29, 'm5-1': 169.88, 'm6-1': 1.09, 'm7-1': 152.1, 'm8-1': 23.86}",1.6350000000000002,189.92899999999997,191.01899999999998,inf,297.08500000000004,297.08500000000004
188,T2,BESTEFFORT,COMPLETED,m2-1,187.473,"{'m1-1': 112.04, 'm2-1': 5.03, 'm3-1': 96.55, 'm4-1': 28.16, 'm5-1': 172.27, 'm6-1': 1.09, 'm7-1': 152.28, 'm8-1': 25.47}",7.545,196.15600000000003,201.18600000000004,inf,297.473,297.473
189,T5,BESTEFFORT,COMPLETED,m6-1,188.357,"{'m1-1': 98.89, 'm2-1': 4.98, 'm3-1': 105.73, 'm4-1': 24.69, 'm5-1': 153.6, 'm6-1': 0.92, 'm7-1': 149.2, 'm8-1': 26.28}",1.3800000000000001,191.01899999999998,191.93899999999996,inf,298.35699999999997,298.35699999999997
190,T5,BESTEFFORT,COMPLETED,m6-1,189.915,"{'m1-1': 98.14, 'm2-1': 5.16, 'm3-1': 93.2, 'm4-1': 27.02, 'm5-1': 169.11, 'm6-1': 0.98, 'm7-1': 161.37, 'm8-1': 23.65}",1.47,191.93899999999996,192.91899999999995,inf,299.91499999999996,299.91499999999996
191,T7,BESTEFFORT,COMPLETED,m6-1,190.289,"{'m1-1': 100.82, 'm2-1': 4.86, 'm3-1': 110.25, 'm4-1': 26.25, 'm5-1': 143.05, 'm6-1': 1.15, 'm7-1': 156.96, 'm8-1': 28.05}",1.7249999999999999,192.91899999999995,194.06899999999996,inf,300.289,300.289
192,T3,BESTEFFORT,COMPLETED,m2-1,190.8,"{'m1-1': 99.09, 'm2-1': 5.49, 'm3-1': 107.16, 'm4-1': 28.21, 'm5-1': 152.86, 'm6-1': 1.12, 'm7-1': 165.27, 'm8-1': 26.37}",8.235,201.18600000000004,206.67600000000004,inf,300.8,300.8
193,T8,BESTEFFORT,COMPLETED,m6-1,191.999,"{'m1-1': 108.73, 'm2-1': 5.44, 'm3-1': 106.97, 'm4-1': 27.75, 'm5-1': 159.48, 'm6-1': 0.94, 'm7-1': 169.03, 'm8-1': 27.55}",1.41,194.06899999999996,195.00899999999996,inf,301.999,301.999
194,T4,BESTEFFORT,COMPLETED,m6-1,192.194,"{'m1-1': 96.87, 'm2-1': 5.27, 'm3-1': 107.8, 'm4-1': 25.09, 'm5-1': 157.52, 'm6-1': 1.09, 'm7-1': 166.53, 'm8-1': 27.51}",1.6350000000000002,195.00899999999996,196.09899999999996,inf,302.19399999999996,302.19399999999996
195,T1,BESTEFFORT,COMPLETED,m2-1,192.564,"{'m1-1': 96.6, 'm2-1': 5.1, 'm3-1': 103.27, 'm4-1': 26.56, 'm5-1': 137.99, 'm6-1': 1.01, 'm7-1': 152.52, 'm8-1': 27.63}",7.6499999999999995,206.67600000000004,211.77600000000004,inf,302.56399999999996,302.56399999999996
196,T5,BESTEFFORT,COMPLETED,m4-1,192.831,"{'m1-1': 111.35, 'm2-1': 4.95, 'm3-1': 96.3, 'm4-1': 26.94, 'm5-1': 171.2, 'm6-1': 0.97, 'm7-1': 154.61, 'm8-1': 27.68}",40.410000000000004,204.502,231.442,inf,302.831,302.831
197,T5,BESTEFFORT,COMPLETED,m6-1,193.398,"{'m1-1': 97.7, 'm2-1': 5.2, 'm3-1': 107.64, 'm4-1': 24.01, 'm5-1': 171.4, 'm6-1': 1.08, 'm7-1': 163.21, 'm8-1': 27.62}",1.62,196.09899999999996,197.17899999999997,inf,303.398,303.398
198,T7,BESTEFFORT,COMPLETED,m8-1,193.801,"{'m1-1': 99.14, 'm2-1': 5.23, 'm3-1': 109.47, 'm4-1': 26.31, 'm5-1': 138.05, 'm6-1': 1.1, 'm7-1': 160.26, 'm8-1': 26.81}",40.214999999999996,207.813,234.623,inf,303.801,303.801
199,T1,BESTEFFORT,COMPLETED,m6-1,194.137,"{'m1-1': 106.12, 'm2-1': 5.81, 'm3-1': 113.66, 'm4-1': 26.11, 'm5-1': 160.29, 'm6-1': 1.17, 'm7-1': 167.81, 'm8-1': 25.16}",1.755,197.17899999999997,198.34899999999996,inf,304.137,304.137
200,T10,BESTEFFORT,COMPLETED,m6-1,195.36,"{'m1-1': 104.56, 'm2-1': 5.36, 'm3-1': 98.14, 'm4-1': 26.08, 'm5-1': 157.62, 'm6-1': 1.02, 'm7-1': 148.1, 'm8-1': 27.94}",1.53,198.34899999999996,199.36899999999997,inf,305.36,305.36
201,T3,BESTEFFORT,COMPLETED,m6-1,196.593,"{'m1-1': 109.86, 'm2-1': 4.96, 'm3-1': 99.37, 'm4-1': 25.91, 'm5-1': 156.25, 'm6-1': 1.02, 'm7-1': 164.52, 'm8-1': 26.66}",1.53,199.36899999999997,200.38899999999998,inf,306.59299999999996,306.59299999999996
202,T3,BESTEFFORT,COMPLETED,m2-1,196.766,"{'m1-1': 96.92, 'm2-1': 5.62, 'm3-1': 101.09, 'm4-1': 27.26, 'm5-1': 152.82, 'm6-1': 1.03, 'm7-1': 160.52, 'm8-1': 23.16}",8.43,211.77600000000004,217.39600000000004,inf,306.76599999999996,306.76599999999996
203,T9,BESTEFFORT,COMPLETED,m6-1,197.266,"{'m1-1': 107.29, 'm2-1': 5.36, 'm3-1': 98.44, 'm4-1': 26.03, 'm5-1': 159.26, 'm6-1': 1.08, 'm7-1': 145.62, 'm8-1': 23.27}",1.62,200.38899999999998,201.469,inf,307.26599999999996,307.26599999999996
204,T6,BESTEFFORT,COMPLETED,m6-1,199.684,"{'m1-1': 101.93, 'm2-1': 5.07, 'm3-1': 103.89, 'm4-1': 23.7, 'm5-1': 155.09, 'm6-1': 0.94, 'm7-1': 160.92, 'm8-1': 25.8}",1.41,201.469,202.409,inf,309.68399999999997,309.68399999999997
205,T7,BESTEFFORT,COMPLETED,m6-1,201.151,"{'m1-1': 101.56, 'm2-1': 4.93, 'm3-1': 110.41, 'm4-1': 27.84, 'm5-1': 153.55, 'm6-1': 1.04, 'm7-1': 152.2, 'm8-1': 25.3}",1.56,202.409,203.44899999999998,inf,311.151,311.151
206,T7,BESTEFFORT,COMPLETED,m6-1,201.41,"{'m1-1': 104.46, 'm2-1': 4.73, 'm3-1': 96.8, 'm4-1': 25.86, 'm5-1': 157.68, 'm6-1': 0.99, 'm7-1': 163.58, 'm8-1': 27.73}",1.4849999999999999,203.44899999999998,204.439,inf,311.40999999999997,311.40999999999997
207,T8,BESTEFFORT,COMPLETED,m6-1,201.577,"{'m1-1': 104.38, 'm2-1': 4.84, 'm3-1': 107.51, 'm4-1': 25.79, 'm5-1': 142.98, 'm6-1': 1.03, 'm7-1': 156.21, 'm8-1': 24.02}",1.545,204.439,205.469,inf,311.577,311.577
208,T3,BESTEFFORT,COMPLETED,m2-1,202.19,"{'m1-1': 98.16, 'm2-1': 4.87, 'm3-1': 106.62, 'm4-1': 23.82, 'm5-1': 158.42, 'm6-1': 0.97, 'm7-1': 153.73, 'm8-1': 23.69}",7.305,217.39600000000004,222.26600000000005,inf,312.19,312.19
209,T1,BESTEFFORT,COMPLETED,m6-1,203.054,"{'m1-1': 106.29, 'm2-1': 4.95, 'm3-1': 99.12, 'm4-1': 26.71, 'm5-1': 149.19, 'm6-1': 1.04, 'm7-1': 155.1, 'm8-1': 28.45}",1.56,205.469,206.509,inf,313.054,313.054
210,T9,BESTEFFORT,COMPLETED,m6-1,203.584,"{'m1-1': 107.9, 'm2-1': 5.1, 'm3-1': 108.98, 'm4-1': 26.65, 'm5-1': 164.9, 'm6-1': 1.02, 'm7-1': 144.82, 'm8-1': 24.32}",1.53,206.509,207.529,inf,313.584,313.584
211,T9,BESTEFFORT,COMPLETED,m8-1,203.684,"{'m1-1': 110.04, 'm2-1': 5.3, 'm3-1': 109.34, 'm4-1': 24.79, 'm5-1': 169.24, 'm6-1': 1.18, 'm7-1': 150.36, 'm8-1': 24.53}",36.795,234.623,259.153,inf,313.68399999999997,313.68399999999997
212,T10,BESTEFFORT,COMPLETED,m6-1,207.267,"{'m1-1': 101.53, 'm2-1': 4.72, 'm3-1': 105.05, 'm4-1': 23.76, 'm5-1': 156.99, 'm6-1': 0.98, 'm7-1': 142.66, 'm8-1': 28.01}",1.47,207.529,208.509,inf,317.267,317.267
213,T4,BESTEFFORT,COMPLETED,m6-1,207.367,"{'m1-1': 96.9, 'm2-1': 5.4, 'm3-1': 111.29, 'm4-1': 25.41, 'm5-1': 165.85, 'm6-1': 1.08, 'm7-1': 145.06, 'm8-1': 26.58}",1.62,208.509,209.589,inf,317.36699999999996,317.36699999999996
214,T1,BESTEFFORT,COMPLETED,m6-1,207.829,"{'m1-1': 108.24, 'm2-1': 4.96, 'm3-1': 101.75, 'm4-1': 29.11, 'm5-1': 161.2, 'm6-1': 1.14, 'm7-1': 152.95, 'm8-1': 25.94}",1.71,209.589,210.72899999999998,inf,317.829,317.829
215,T4,BESTEFFORT,COMPLETED,m6-1,209.702,"{'m1-1': 106.74, 'm2-1': 4.97, 'm3-1': 104.14, 'm4-1': 27.44, 'm5-1': 172.91, 'm6-1': 1.04, 'm7-1': 165.49, 'm8-1': 28.25}",1.56,210.72899999999998,211.76899999999998,inf,319.702,319.702
216,T9,BESTEFFORT,COMPLETED,m6-1,211.709,"{'m1-1': 112.5, 'm2-1': 5.1, 'm3-1': 107.73, 'm4-1': 24.81, 'm5-1': 158.83, 'm6-1': 1.01, 'm7-1': 150.33, 'm8-1': 24.1}",1.5150000000000001,211.76899999999998,212.77899999999997,inf,321.709,321.709
217,T4,BESTEFFORT,COMPLETED,m6-1,212.124,"{'m1-1': 101.15, 'm2-1': 5.46, 'm3-1': 112.28, 'm4-1': 27.88, 'm5-1': 155.35, 'm6-1': 1.0, 'm7-1': 157.85, 'm8-1': 25.29}",1.5,212.77899999999997,213.77899999999997,inf,322.124,322.124
218,T2,BESTEFFORT,COMPLETED,m6-1,214.13,"{'m1-1': 107.29, 'm2-1': 5.38, 'm3-1': 102.5, 'm4-1': 26.27, 'm5-1': 160.06, 'm6-1': 1.05, 'm7-1': 169.03, 'm8-1': 26.18}",1.5750000000000002,214.13,215.18,inf,324.13,324.13
219,T9,BESTEFFORT,COMPLETED,m6-1,217.034,"{'m1-1': 111.42, 'm2-1': 5.55, 'm3-1': 101.95, 'm4-1': 27.67, 'm5-1': 148.66, 'm6-1': 1.0, 'm7-1': 157.06, 'm8-1': 24.92}",1.5,217.034,218.034,inf,327.034,327.034
220,T5,BESTEFFORT,COMPLETED,m6-1,218.256,"{'m1-1': 104.95, 'm2-1': 5.24, 'm3-1': 102.12, 'm4-1': 24.1, 'm5-1': 152.81, 'm6-1': 0.98, 'm7-1': 160.25, 'm8-1': 23.61}",1.47,218.256,219.236,inf,328.256,328.256
221,T3,BESTEFFORT,COMPLETED,m6-1,218.307,"{'m1-1': 108.54, 'm2-1': 5.36, 'm3-1': 93.44, 'm4-1': 24.92, 'm5-1': 148.04, 'm6-1': 1.06, 'm7-1': 144.7, 'm8-1': 23.58}",1.59,219.236,220.296,inf,328.307,328.307
222,T6,BESTEFFORT,COMPLETED,m6-1,219.377,"{'m1-1': 106.99, 'm2-1': 5.0, 'm3-1': 97.25, 'm4-1': 23.35, 'm5-1': 145.11, 'm6-1': 1.03, 'm7-1': 149.09, 'm8-1': 24.42}",1.545,220.296,221.326,inf,329.377,329.377
223,T8,BESTEFFORT,COMPLETED,m6-1,220.202,"{'m1-1': 101.03, 'm2-1': 4.85, 'm3-1': 100.91, 'm4-1': 27.34, 'm5-1': 139.69, 'm6-1': 1.08, 'm7-1': 156.72, 'm8-1': 24.8}",1.62,221.326,222.406,inf,330.202,330.202
224,T8,BESTEFFORT,COMPLETED,m6-1,222.512,"{'m1-1': 100.14, 'm2-1': 4.94, 'm3-1': 100.96, 'm4-1': 24.53, 'm5-1': 147.98, 'm6-1': 1.02, 'm7-1': 146.44, 'm8-1': 26.9}",1.53,222.512,223.532,inf,332.512,332.512
225,T10,BESTEFFORT,COMPLETED,m6-1,223.14,"{'m1-1': 113.1, 'm2-1': 4.79, 'm3-1': 114.94, 'm4-1': 26.95, 'm5-1': 167.54, 'm6-1': 0.98, 'm7-1': 155.96, 'm8-1': 25.18}",1.47,223.532,224.512,inf,333.14,333.14
226,T2,BESTEFFORT,COMPLETED,m6-1,223.338,"{'m1-1': 99.97, 'm2-1': 4.99, 'm3-1': 110.99, 'm4-1': 27.82, 'm5-1': 166.72, 'm6-1': 1.17, 'm7-1': 168.32, 'm8-1': 26.87}",1.755,224.512,225.682,inf,333.33799999999997,333.33799999999997
227,T1,BESTEFFORT,COMPLETED,m6-1,223.608,"{'m1-1': 99.26, 'm2-1': 5.52, 'm3-1': 100.06, 'm4-1': 27.37, 'm5-1': 148.05, 'm6-1': 1.06, 'm7-1': 161.35, 'm8-1': 28.18}",1.59,225.682,226.742,inf,333.608,333.608
228,T7,BESTEFFORT,COMPLETED,m6-1,223.87,"{'m1-1': 111.4, 'm2-1': 5.1, 'm3-1': 107.27, 'm4-1': 27.05, 'm5-1': 160.1, 'm6-1': 1.14, 'm7-1': 162.98, 'm8-1': 28.47}",1.71,226.742,227.88199999999998,inf,333.87,333.87
229,T10,BESTEFFORT,COMPLETED,m2-1,224.012,"{'m1-1': 103.38, 'm2-1': 4.84, 'm3-1': 102.32, 'm4-1': 26.65, 'm5-1': 169.51, 'm6-1': 0.99, 'm7-1': 161.81, 'm8-1': 27.66}",7.26,224.012,228.852,inf,334.012,334.012
230,T8,BESTEFFORT,COMPLETED,m6-1,224.913,"{'m1-1': 108.22, 'm2-1': 5.56, 'm3-1': 113.14, 'm4-1': 25.7, 'm5-1': 142.8, 'm6-1': 0.95, 'm7-1': 153.34, 'm8-1': 24.12}",1.4249999999999998,227.88199999999998,228.83199999999997,inf,334.913,334.913
231,T7,BESTEFFORT,COMPLETED,m6-1,227.59,"{'m1-1': 109.61, 'm2-1': 5.36, 'm3-1': 99.5, 'm4-1': 24.34, 'm5-1': 154.59, 'm6-1': 1.12, 'm7-1': 163.29, 'm8-1': 26.19}",1.6800000000000002,228.83199999999997,229.95199999999997,inf,337.59000000000003,337.59000000000003
232,T1,BESTEFFORT,COMPLETED,m6-1,228.071,"{'m1-1': 105.0, 'm2-1': 5.53, 'm3-1': 96.43, 'm4-1': 29.78, 'm5-1': 151.34, 'm6-1': 1.01, 'm7-1': 169.42, 'm8-1': 26.78}",1.5150000000000001,229.95199999999997,230.96199999999996,inf,338.071,338.071
233,T7,BESTEFFORT,COMPLETED,m6-1,229.925,"{'m1-1': 101.43, 'm2-1': 5.18, 'm3-1': 98.2, 'm4-1': 26.0, 'm5-1': 162.63, 'm6-1': 1.17, 'm7-1': 153.53, 'm8-1': 28.68}",1.755,230.96199999999996,232.13199999999995,inf,339.925,339.925
234,T3,BESTEFFORT,COMPLETED,m6-1,230.049,"{'m1-1': 99.82, 'm2-1': 5.04, 'm3-1': 95.36, 'm4-1': 24.85, 'm5-1': 148.41, 'm6-1': 0.98, 'm7-1': 161.3, 'm8-1': 26.46}",1.47,232.13199999999995,233.11199999999994,inf,340.049,340.049
235,T6,BESTEFFORT,COMPLETED,m6-1,230.251,"{'m1-1': 117.23, 'm2-1': 5.58, 'm3-1': 108.58, 'm4-1': 27.36, 'm5-1': 166.1, 'm6-1': 0.98, 'm7-1': 151.93, 'm8-1': 24.38}",1.47,233.11199999999994,234.09199999999993,inf,340.251,340.251
236,T7,BESTEFFORT,COMPLETED,m6-1,231.056,"{'m1-1': 105.3, 'm2-1': 4.63, 'm3-1': 104.15, 'm4-1': 28.21, 'm5-1': 160.14, 'm6-1': 1.03, 'm7-1': 157.9, 'm8-1': 27.41}",1.545,234.09199999999993,235.12199999999993,inf,341.05600000000004,341.05600000000004
237,T2,BESTEFFORT,COMPLETED,m2-1,231.254,"{'m1-1': 115.85, 'm2-1': 4.77, 'm3-1': 96.96, 'm4-1': 27.67, 'm5-1': 159.48, 'm6-1': 1.02, 'm7-1': 151.31, 'm8-1': 27.77}",7.154999999999999,231.254,236.024,inf,341.254,341.254
238,T8,BESTEFFORT,COMPLETED,m6-1,232.354,"{'m1-1': 101.5, 'm2-1': 5.61, 'm3-1': 107.42, 'm4-1': 27.51, 'm5-1': 149.53, 'm6-1': 1.06, 'm7-1': 168.18, 'm8-1': 26.0}",1.59,235.12199999999993,236.18199999999993,inf,342.35400000000004,342.35400000000004
239,T8,BESTEFFORT,COMPLETED,m6-1,233.242,"{'m1-1': 104.97, 'm2-1': 5.37, 'm3-1': 99.76, 'm4-1': 27.48, 'm5-1': 163.98, 'm6-1': 0.97, 'm7-1': 167.08, 'm8-1': 25.94}",1.455,236.18199999999993,237.15199999999993,inf,343.24199999999996,343.24199999999996
240,T9,BESTEFFORT,COMPLETED,m6-1,236.927,"{'m1-1': 108.65, 'm2-1': 5.2, 'm3-1': 97.44, 'm4-1': 27.9, 'm5-1': 168.97, 'm6-1': 1.09, 'm7-1': 147.37, 'm8-1': 25.0}",1.6350000000000002,237.15199999999993,238.24199999999993,inf,346.927,346.927
241,T9,BESTEFFORT,COMPLETED,m6-1,237.457,"{'m1-1': 98.29, 'm2-1': 5.52, 'm3-1': 93.78, 'm4-1': 27.84, 'm5-1': 157.12, 'm6-1': 1.11, 'm7-1': 148.12, 'm8-1': 24.09}",1.665,238.24199999999993,239.35199999999995,inf,347.457,347.457
242,T3,BESTEFFORT,COMPLETED,m6-1,237.505,"{'m1-1': 110.47, 'm2-1': 5.07, 'm3-1': 94.52, 'm4-1': 24.38, 'm5-1': 172.15, 'm6-1': 1.0, 'm7-1': 156.13, 'm8-1': 25.0}",1.5,239.35199999999995,240.35199999999995,inf,347.505,347.505
243,T8,BESTEFFORT,COMPLETED,m6-1,238.667,"{'m1-1': 99.53, 'm2-1': 5.18, 'm3-1': 97.3, 'm4-1': 27.01, 'm5-1': 156.45, 'm6-1': 0.96, 'm7-1': 150.23, 'm8-1': 25.51}",1.44,240.35199999999995,241.31199999999995,inf,348.66700000000003,348.66700000000003
244,T8,BESTEFFORT,COMPLETED,m6-1,241.994,"{'m1-1': 107.76, 'm2-1': 4.88, 'm3-1': 103.58, 'm4-1': 24.19, 'm5-1': 143.51, 'm6-1': 0.98, 'm7-1': 154.2, 'm8-1': 24.17}",1.47,241.994,242.974,inf,351.994,351.994
245,T8,BESTEFFORT,COMPLETED,m6-1,244.435,"{'m1-1': 110.18, 'm2-1': 5.03, 'm3-1': 109.35, 'm4-1': 24.37, 'm5-1': 157.13, 'm6-1': 0.98, 'm7-1': 155.36, 'm8-1': 24.73}",1.47,244.435,245.415,inf,354.435,354.435
246,T1,BESTEFFORT,COMPLETED,m6-1,245.192,"{'m1-1': 108.45, 'm2-1': 5.43, 'm3-1': 109.06, 'm4-1': 29.66, 'm5-1': 146.7, 'm6-1': 1.15, 'm7-1': 159.47, 'm8-1': 28.62}",1.7249999999999999,245.415,246.565,inf,355.192,355.192
247,T3,BESTEFFORT,COMPLETED,m6-1,245.494,"{'m1-1': 100.43, 'm2-1': 5.3, 'm3-1': 96.73, 'm4-1': 26.24, 'm5-1': 154.03, 'm6-1': 1.12, 'm7-1': 166.66, 'm8-1': 26.18}",1.6800000000000002,246.565,247.685,inf,355.494,355.494
248,T8,BESTEFFORT,COMPLETED,m6-1,246.225,"{'m1-1': 104.38, 'm2-1': 5.52, 'm3-1': 111.69, 'm4-1': 28.15, 'm5-1': 149.91, 'm6-1': 1.09, 'm7-1': 146.0, 'm8-1': 23.25}",1.6350000000000002,247.685,248.775,inf,356.225,356.225
249,T8,BESTEFFORT,COMPLETED,m6-1,247.471,"{'m1-1': 103.77, 'm2-1': 4.91, 'm3-1': 102.3, 'm4-1': 23.96, 'm5-1': 162.61, 'm6-1': 0.94, 'm7-1': 146.32, 'm8-1': 25.03}",1.41,248.775,249.715,inf,357.471,357.471
250,T3,BESTEFFORT,COMPLETED,m6-1,247.726,"{'m1-1': 104.79, 'm2-1': 5.74, 'm3-1': 104.64, 'm4-1': 23.89, 'm5-1': 155.87, 'm6-1': 1.02, 'm7-1': 157.19, 'm8-1': 26.04}",1.53,249.715,250.735,inf,357.726,357.726
251,T9,BESTEFFORT,COMPLETED,m6-1,248.276,"{'m1-1': 96.32, 'm2-1': 5.08, 'm3-1': 97.38, 'm4-1': 26.73, 'm5-1': 168.65, 'm6-1': 1.08, 'm7-1': 157.27, 'm8-1': 26.57}",1.62,250.735,251.81500000000003,inf,358.276,358.276
252,T7,BESTEFFORT,COMPLETED,m6-1,252.359,"{'m1-1': 98.99, 'm2-1': 5.36, 'm3-1': 102.64, 'm4-1': 28.48, 'm5-1': 154.25, 'm6-1': 1.01, 'm7-1': 153.66, 'm8-1': 24.97}",1.5150000000000001,252.359,253.369,inf,362.35900000000004,362.35900000000004
253,T7,BESTEFFORT,COMPLETED,m6-1,255.099,"{'m1-1': 104.94, 'm2-1': 5.03, 'm3-1': 97.62, 'm4-1': 27.16, 'm5-1': 152.64, 'm6-1': 1.17, 'm7-1': 146.15, 'm8-1': 26.36}",1.755,255.099,256.269,inf,365.099,365.099
254,T6,BESTEFFORT,COMPLETED,m6-1,255.248,"{'m1-1': 104.4, 'm2-1': 5.26, 'm3-1': 104.7, 'm4-1': 25.12, 'm5-1': 161.92, 'm6-1': 1.08, 'm7-1': 162.9, 'm8-1': 25.64}",1.62,256.269,257.349,inf,365.248,365.248
255,T4,BESTEFFORT,COMPLETED,m6-1,255.493,"{'m1-1': 111.85, 'm2-1': 5.32, 'm3-1': 111.6, 'm4-1': 27.31, 'm5-1': 154.63, 'm6-1': 1.06, 'm7-1': 159.85, 'm8-1': 24.1}",1.59,257.349,258.409,inf,365.493,365.493
256,T7,BESTEFFORT,COMPLETED,m6-1,255.68,"{'m1-1': 113.73, 'm2-1': 5.18, 'm3-1': 104.45, 'm4-1': 28.02, 'm5-1': 143.49, 'm6-1': 1.12, 'm7-1': 158.34, 'm8-1': 28.64}",1.6800000000000002,258.409,259.529,inf,365.68,365.68
257,T5,BESTEFFORT,COMPLETED,m2-1,255.841,"{'m1-1': 109.73, 'm2-1': 5.25, 'm3-1': 103.53, 'm4-1': 27.95, 'm5-1': 151.47, 'm6-1': 1.01, 'm7-1': 140.55, 'm8-1': 25.92}",7.875,255.841,261.091,inf,365.841,365.841
258,T2,BESTEFFORT,COMPLETED,m6-1,256.813,"{'m1-1': 110.79, 'm2-1': 4.73, 'm3-1': 110.64, 'm4-1': 27.49, 'm5-1': 154.72, 'm6-1': 1.15, 'm7-1': 150.94, 'm8-1': 24.02}",1.7249999999999999,259.529,260.679,inf,366.813,366.813
259,T9,BESTEFFORT,COMPLETED,m6-1,257.71,"{'m1-1': 109.02, 'm2-1': 4.96, 'm3-1': 103.5, 'm4-1': 28.79, 'm5-1': 156.74, 'm6-1': 1.1, 'm7-1': 145.11, 'm8-1': 23.35}",1.6500000000000001,260.679,261.779,inf,367.71,367.71
260,T2,BESTEFFORT,COMPLETED,m6-1,258.482,"{'m1-1': 112.27, 'm2-1': 4.94, 'm3-1': 98.48, 'm4-1': 28.89, 'm5-1': 160.04, 'm6-1': 1.1, 'm7-1': 155.9, 'm8-1': 26.4}",1.6500000000000001,261.779,262.879,inf,368.482,368.482
261,T6,BESTEFFORT,COMPLETED,m6-1,259.696,"{'m1-1': 115.93, 'm2-1': 5.31, 'm3-1': 98.95, 'm4-1': 27.43, 'm5-1': 165.95, 'm6-1': 0.99, 'm7-1': 146.8, 'm8-1': 24.44}",1.4849999999999999,262.879,263.869,inf,369.696,369.696
262,T10,BESTEFFORT,COMPLETED,m2-1,260.054,"{'m1-1': 118.92, 'm2-1': 5.16, 'm3-1': 113.6, 'm4-1': 25.13, 'm5-1': 161.54, 'm6-1': 1.03, 'm7-1': 162.16, 'm8-1': 27.18}",7.74,261.091,266.25100000000003,inf,370.054,370.054
263,T7,BESTEFFORT,COMPLETED,m2-1,260.416,"{'m1-1': 112.82, 'm2-1': 4.62, 'm3-1': 111.64, 'm4-1': 25.88, 'm5-1': 140.97, 'm6-1': 1.06, 'm7-1': 153.64, 'm8-1': 26.15}",6.93,266.25100000000003,270.87100000000004,inf,370.416,370.416
264,T3,BESTEFFORT,COMPLETED,m2-1,260.56,"{'m1-1': 97.9, 'm2-1': 5.49, 'm3-1': 108.3, 'm4-1': 26.59, 'm5-1': 163.4, 'm6-1': 1.02, 'm7-1': 155.27, 'm8-1': 24.34}",8.235,270.87100000000004,276.36100000000005,inf,370.56,370.56
265,T2,BESTEFFORT,COMPLETED,m6-1,262.591,"{'m1-1': 106.04, 'm2-1': 5.24, 'm3-1': 104.53, 'm4-1': 24.9, 'm5-1': 162.36, 'm6-1': 1.07, 'm7-1': 162.77, 'm8-1': 24.88}",1.605,263.869,264.939,inf,372.591,372.591
266,T9,BESTEFFORT,COMPLETED,m6-1,263.017,"{'m1-1': 103.29, 'm2-1': 5.33, 'm3-1': 94.55, 'm4-1': 28.64, 'm5-1': 154.85, 'm6-1': 1.19, 'm7-1': 142.12, 'm8-1': 25.08}",1.785,264.939,266.129,inf,373.017,373.017
267,T5,BESTEFFORT,COMPLETED,m6-1,264.58,"{'m1-1': 97.8, 'm2-1': 5.07, 'm3-1': 99.49, 'm4-1': 26.3, 'm5-1': 147.51, 'm6-1': 1.01, 'm7-1': 147.27, 'm8-1': 27.54}",1.5150000000000001,266.129,267.139,inf,374.58,374.58
268,T1,BESTEFFORT,COMPLETED,m6-1,265.078,"{'m1-1': 97.12, 'm2-1': 5.22, 'm3-1': 96.9, 'm4-1': 28.07, 'm5-1': 153.54, 'm6-1': 1.14, 'm7-1': 147.84, 'm8-1': 24.27}",1.71,267.139,268.279,inf,375.078,375.078
269,T8,BESTEFFORT,COMPLETED,m6-1,266.662,"{'m1-1': 108.98, 'm2-1': 5.61, 'm3-1': 98.3, 'm4-1': 28.27, 'm5-1': 156.67, 'm6-1': 1.03, 'm7-1': 146.32, 'm8-1': 25.13}",1.545,268.279,269.30899999999997,inf,376.662,376.662
270,T6,BESTEFFORT,COMPLETED,m6-1,268.834,"{'m1-1': 106.94, 'm2-1': 5.85, 'm3-1': 95.21, 'm4-1': 25.74, 'm5-1': 163.09, 'm6-1': 1.0, 'm7-1': 147.6, 'm8-1': 26.41}",1.5,269.30899999999997,270.30899999999997,inf,378.834,378.834
271,T4,BESTEFFORT,COMPLETED,m6-1,270.843,"{'m1-1': 110.27, 'm2-1': 5.78, 'm3-1': 113.1, 'm4-1': 25.25, 'm5-1': 149.2, 'm6-1': 1.08, 'm7-1': 149.45, 'm8-1': 24.63}",1.62,270.843,271.923,inf,380.843,380.843
272,T6,BESTEFFORT,COMPLETED,m6-1,271.685,"{'m1-1': 102.99, 'm2-1': 5.66, 'm3-1': 95.87, 'm4-1': 26.05, 'm5-1': 142.5, 'm6-1': 1.0, 'm7-1': 162.01, 'm8-1': 26.68}",1.5,271.923,272.923,inf,381.685,381.685
273,T6,BESTEFFORT,COMPLETED,m6-1,273.426,"{'m1-1': 112.3, 'm2-1': 5.23, 'm3-1': 110.34, 'm4-1': 25.49, 'm5-1': 149.69, 'm6-1': 0.93, 'm7-1': 159.44, 'm8-1': 24.26}",1.395,273.426,274.356,inf,383.426,383.426
274,T6,BESTEFFORT,COMPLETED,m6-1,274.571,"{'m1-1': 107.66, 'm2-1': 5.45, 'm3-1': 97.14, 'm4-1': 24.76, 'm5-1': 158.29, 'm6-1': 1.08, 'm7-1': 146.51, 'm8-1': 27.5}",1.62,274.571,275.651,inf,384.571,384.571
275,T2,BESTEFFORT,COMPLETED,m6-1,277.869,"{'m1-1': 106.66, 'm2-1': 5.01, 'm3-1': 110.47, 'm4-1': 27.71, 'm5-1': 164.72, 'm6-1': 1.11, 'm7-1': 151.1, 'm8-1': 24.64}",1.665,277.869,278.97900000000004,inf,387.869,387.869
276,T5,BESTEFFORT,COMPLETED,m6-1,278.345,"{'m1-1': 99.23, 'm2-1': 5.08, 'm3-1': 99.12, 'm4-1': 25.31, 'm5-1': 168.72, 'm6-1': 0.94, 'm7-1': 140.78, 'm8-1': 27.52}",1.41,278.97900000000004,279.91900000000004,inf,388.345,388.345
277,T8,BESTEFFORT,COMPLETED,m6-1,278.731,"{'m1-1': 101.91, 'm2-1': 4.97, 'm3-1': 106.51, 'm4-1': 25.91, 'm5-1': 160.94, 'm6-1': 1.1, 'm7-1': 151.97, 'm8-1': 25.09}",1.6500000000000001,279.91900000000004,281.01900000000006,inf,388.731,388.731
278,T4,BESTEFFORT,COMPLETED,m6-1,279.58,"{'m1-1': 109.54, 'm2-1': 4.93, 'm3-1': 109.96, 'm4-1': 24.68, 'm5-1': 162.75, 'm6-1': 1.12, 'm7-1': 158.47, 'm8-1': 26.08}",1.6800000000000002,281.01900000000006,282.13900000000007,inf,389.58,389.58
279,T7,BESTEFFORT,COMPLETED,m6-1,279.874,"{'m1-1': 116.71, 'm2-1': 4.94, 'm3-1': 102.83, 'm4-1': 26.86, 'm5-1': 140.59, 'm6-1': 1.14, 'm7-1': 138.98, 'm8-1': 25.52}",1.71,282.13900000000007,283.27900000000005,inf,389.874,389.874
280,T4,BESTEFFORT,COMPLETED,m6-1,280.167,"{'m1-1': 95.52, 'm2-1': 5.73, 'm3-1': 103.72, 'm4-1': 25.72, 'm5-1': 163.65, 'm6-1': 1.1, 'm7-1': 143.81, 'm8-1': 24.83}",1.6500000000000001,283.27900000000005,284.3790000000001,inf,390.167,390.167
281,T1,BESTEFFORT,COMPLETED,m6-1,281.663,"{'m1-1': 100.51, 'm2-1': 5.76, 'm3-1': 103.84, 'm4-1': 25.05, 'm5-1': 154.3, 'm6-1': 1.16, 'm7-1': 170.04, 'm8-1': 25.87}",1.7399999999999998,284.3790000000001,285.5390000000001,inf,391.663,391.663
282,T4,BESTEFFORT,COMPLETED,m6-1,282.267,"{'m1-1': 109.48, 'm2-1': 5.33, 'm3-1': 105.29, 'm4-1': 27.0, 'm5-1': 153.82, 'm6-1': 1.03, 'm7-1': 159.66, 'm8-1': 28.33}",1.545,285.5390000000001,286.5690000000001,inf,392.267,392.267
283,T7,BESTEFFORT,COMPLETED,m6-1,284.672,"{'m1-1': 104.08, 'm2-1': 4.78, 'm3-1': 111.54, 'm4-1': 26.01, 'm5-1': 137.8, 'm6-1': 1.11, 'm7-1': 161.49, 'm8-1': 26.71}",1.665,286.5690000000001,287.6790000000001,inf,394.672,394.672
284,T4,BESTEFFORT,COMPLETED,m6-1,285.003,"{'m1-1': 109.89, 'm2-1': 4.96, 'm3-1': 107.87, 'm4-1': 27.56, 'm5-1': 170.7, 'm6-1': 1.05, 'm7-1': 162.03, 'm8-1': 25.15}",1.5750000000000002,287.6790000000001,288.7290000000001,inf,395.003,395.003
285,T9,BESTEFFORT,COMPLETED,m6-1,286.218,"{'m1-1': 107.28, 'm2-1': 5.34, 'm3-1': 100.37, 'm4-1': 26.72, 'm5-1': 160.89, 'm6-1': 1.13, 'm7-1': 145.1, 'm8-1': 23.8}",1.6949999999999998,288.7290000000001,289.8590000000001,inf,396.218,396.218
286,T7,BESTEFFORT,COMPLETED,m6-1,286.827,"{'m1-1': 103.57, 'm2-1': 5.29, 'm3-1': 99.03, 'm4-1': 26.42, 'm5-1': 140.33, 'm6-1': 1.0, 'm7-1': 141.85, 'm8-1': 24.88}",1.5,289.8590000000001,290.8590000000001,inf,396.827,396.827
287,T1,BESTEFFORT,COMPLETED,m2-1,287.053,"{'m1-1': 101.67, 'm2-1': 5.38, 'm3-1': 113.12, 'm4-1': 26.39, 'm5-1': 152.98, 'm6-1': 1.14, 'm7-1': 169.85, 'm8-1': 26.0}",8.07,287.053,292.433,inf,397.053,397.053
288,T2,BESTEFFORT,COMPLETED,m2-1,287.464,"{'m1-1': 107.72, 'm2-1': 5.12, 'm3-1': 98.86, 'm4-1': 25.44, 'm5-1': 156.28, 'm6-1': 1.02, 'm7-1': 165.86, 'm8-1': 25.88}",7.68,292.433,297.553,inf,397.464,397.464
289,T8,BESTEFFORT,COMPLETED,m6-1,288.204,"{'m1-1': 105.92, 'm2-1': 5.55, 'm3-1': 111.13, 'm4-1': 24.48, 'm5-1': 163.07, 'm6-1': 0.98, 'm7-1': 150.82, 'm8-1': 25.28}",1.47,290.8590000000001,291.8390000000001,inf,398.204,398.204
290,T2,BESTEFFORT,COMPLETED,m6-1,289.502,"{'m1-1': 100.74, 'm2-1': 5.24, 'm3-1': 112.71, 'm4-1': 26.1, 'm5-1': 172.12, 'm6-1': 1.14, 'm7-1': 145.69, 'm8-1': 24.75}",1.71,291.8390000000001,292.9790000000001,inf,399.502,399.502
291,T4,BESTEFFORT,COMPLETED,m2-1,289.688,"{'m1-1': 98.15, 'm2-1': 5.03, 'm3-1': 103.66, 'm4-1': 26.24, 'm5-1': 150.86, 'm6-1': 0.99, 'm7-1': 164.72, 'm8-1': 26.42}",7.545,297.553,302.58299999999997,inf,399.688,399.688
292,T8,BESTEFFORT,COMPLETED,m6-1,290.376,"{'m1-1': 96.72, 'm2-1': 5.04, 'm3-1': 101.6, 'm4-1': 25.19, 'm5-1': 160.2, 'm6-1': 0.97, 'm7-1': 151.18, 'm8-1': 27.34}",1.455,292.9790000000001,293.9490000000001,inf,400.376,400.376
293,T8,BESTEFFORT,COMPLETED,m2-1,290.665,"{'m1-1': 107.95, 'm2-1': 5.47, 'm3-1': 105.48, 'm4-1': 26.41, 'm5-1': 142.53, 'm6-1': 0.99, 'm7-1': 153.8, 'm8-1': 26.03}",8.205,302.58299999999997,308.053,inf,400.665,400.665
294,T4,BESTEFFORT,COMPLETED,m6-1,291.261,"{'m1-1': 98.09, 'm2-1': 5.63, 'm3-1': 102.95, 'm4-1': 23.96, 'm5-1': 153.98, 'm6-1': 1.12, 'm7-1': 154.46, 'm8-1': 27.21}",1.6800000000000002,293.9490000000001,295.06900000000013,inf,401.261,401.261
295,T6,BESTEFFORT,COMPLETED,m6-1,292.022,"{'m1-1': 99.86, 'm2-1': 5.92, 'm3-1': 109.9, 'm4-1': 25.42, 'm5-1': 166.79, 'm6-1': 0.96, 'm7-1': 162.01, 'm8-1': 24.32}",1.44,295.06900000000013,296.0290000000001,inf,402.022,402.022
296,T4,BESTEFFORT,COMPLETED,m4-1,292.377,"{'m1-1': 105.15, 'm2-1': 4.87, 'm3-1': 106.77, 'm4-1': 26.32, 'm5-1': 168.66, 'm6-1': 1.15, 'm7-1': 160.16, 'm8-1': 24.76}",39.480000000000004,292.377,318.697,inf,402.377,402.377
297,T5,BESTEFFORT,COMPLETED,m8-1,292.419,"{'m1-1': 104.6, 'm2-1': 5.58, 'm3-1': 108.24, 'm4-1': 23.68, 'm5-1': 148.76, 'm6-1': 0.96, 'm7-1': 161.55, 'm8-1': 26.54}",39.81,292.419,318.959,inf,402.419,402.419
298,T8,BESTEFFORT,COMPLETED,m6-1,293.486,"{'m1-1': 114.04, 'm2-1': 4.84, 'm3-1': 109.63, 'm4-1': 25.68, 'm5-1': 151.05, 'm6-1': 0.95, 'm7-1': 151.18, 'm8-1': 23.29}",1.4249999999999998,296.0290000000001,296.9790000000001,inf,403.486,403.486
299,T7,BESTEFFORT,COMPLETED,m6-1,294.976,"{'m1-1': 116.85, 'm2-1': 4.91, 'm3-1': 100.02, 'm4-1': 27.07, 'm5-1': 141.86, 'm6-1': 1.17, 'm7-1': 160.68, 'm8-1': 29.35}",1.755,296.9790000000001,298.1490000000001,inf,404.976,404.976
300,T1,BESTEFFORT,COMPLETED,m6-1,296.056,"{'m1-1': 94.68, 'm2-1': 5.54, 'm3-1': 97.3, 'm4-1': 25.82, 'm5-1': 139.07, 'm6-1': 1.0, 'm7-1': 165.86, 'm8-1': 27.55}",1.5,298.1490000000001,299.1490000000001,inf,406.056,406.056
301,T1,BESTEFFORT,COMPLETED,m6-1,299.62,"{'m1-1': 108.19, 'm2-1': 5.18, 'm3-1': 101.47, 'm4-1': 26.14, 'm5-1': 149.29, 'm6-1': 1.01, 'm7-1': 167.16, 'm8-1': 27.9}",1.5150000000000001,299.62,300.63,inf,409.62,409.62
302,T7,BESTEFFORT,COMPLETED,m6-1,300.51,"{'m1-1': 107.78, 'm2-1': 5.18, 'm3-1': 105.78, 'm4-1': 28.49, 'm5-1': 163.26, 'm6-1': 0.99, 'm7-1': 152.78, 'm8-1': 27.86}",1.4849999999999999,300.63,301.62,inf,410.51,410.51
303,T10,BESTEFFORT,COMPLETED,m6-1,302.255,"{'m1-1': 105.37, 'm2-1': 4.76, 'm3-1': 112.15, 'm4-1': 24.41, 'm5-1': 153.4, 'm6-1': 1.02, 'm7-1': 163.43, 'm8-1': 27.22}",1.53,302.255,303.275,inf,412.255,412.255
304,T2,BESTEFFORT,COMPLETED,m6-1,304.167,"{'m1-1': 107.15, 'm2-1': 4.77, 'm3-1': 101.52, 'm4-1': 24.67, 'm5-1': 165.6, 'm6-1': 1.14, 'm7-1': 146.55, 'm8-1': 24.47}",1.71,304.167,305.30699999999996,inf,414.167,414.167
305,T7,BESTEFFORT,COMPLETED,m6-1,305.926,"{'m1-1': 103.59, 'm2-1': 5.32, 'm3-1': 108.86, 'm4-1': 24.53, 'm5-1': 151.92, 'm6-1': 1.02, 'm7-1': 153.9, 'm8-1': 25.42}",1.53,305.926,306.94599999999997,inf,415.926,415.926
306,T4,BESTEFFORT,COMPLETED,m6-1,307.518,"{'m1-1': 105.32, 'm2-1': 5.69, 'm3-1': 113.94, 'm4-1': 26.61, 'm5-1': 152.71, 'm6-1': 1.03, 'm7-1': 153.52, 'm8-1': 27.98}",1.545,307.518,308.54799999999994,inf,417.518,417.518
307,T3,BESTEFFORT,COMPLETED,m6-1,307.602,"{'m1-1': 111.28, 'm2-1': 5.37, 'm3-1': 105.57, 'm4-1': 25.09, 'm5-1': 152.86, 'm6-1': 0.96, 'm7-1': 145.28, 'm8-1': 24.68}",1.44,308.54799999999994,309.5079999999999,inf,417.602,417.602
308,T9,BESTEFFORT,COMPLETED,m6-1,308.012,"{'m1-1': 103.82, 'm2-1': 5.33, 'm3-1': 100.19, 'm4-1': 24.86, 'm5-1': 156.09, 'm6-1': 1.13, 'm7-1': 154.41, 'm8-1': 26.66}",1.6949999999999998,309.5079999999999,310.6379999999999,inf,418.012,418.012
309,T2,BESTEFFORT,COMPLETED,m6-1,308.872,"{'m1-1': 110.84, 'm2-1': 4.83, 'm3-1': 102.5, 'm4-1': 24.6, 'm5-1': 158.56, 'm6-1': 1.08, 'm7-1': 148.13, 'm8-1': 28.36}",1.62,310.6379999999999,311.7179999999999,inf,418.872,418.872
310,T4,BESTEFFORT,COMPLETED,m6-1,309.738,"{'m1-1': 109.82, 'm2-1': 5.23, 'm3-1': 115.21, 'm4-1': 24.08, 'm5-1': 156.21, 'm6-1': 1.1, 'm7-1': 167.17, 'm8-1': 28.27}",1.6500000000000001,311.7179999999999,312.8179999999999,inf,419.738,419.738
311,T2,BESTEFFORT,COMPLETED,m6-1,309.942,"{'m1-1': 99.77, 'm2-1': 5.07, 'm3-1': 103.66, 'm4-1': 26.09, 'm5-1': 173.23, 'm6-1': 1.16, 'm7-1': 168.23, 'm8-1': 24.21}",1.7399999999999998,312.8179999999999,313.97799999999995,inf,419.942,419.942
312,T2,BESTEFFORT,COMPLETED,m6-1,310.953,"{'m1-1': 112.95, 'm2-1': 5.33, 'm3-1': 110.47, 'm4-1': 27.4, 'm5-1': 146.66, 'm6-1': 1.1, 'm7-1': 163.07, 'm8-1': 27.56}",1.6500000000000001,313.97799999999995,315.078,inf,420.953,420.953
313,T2,BESTEFFORT,COMPLETED,m2-1,311.159,"{'m1-1': 115.74, 'm2-1': 4.62, 'm3-1': 103.37, 'm4-1': 24.35, 'm5-1': 149.4, 'm6-1': 1.15, 'm7-1': 167.99, 'm8-1': 24.06}",6.93,311.159,315.779,inf,421.159,421.159
314,T9,BESTEFFORT,COMPLETED,m2-1,311.698,"{'m1-1': 95.92, 'm2-1': 5.36, 'm3-1': 98.04, 'm4-1': 28.74, 'm5-1': 161.73, 'm6-1': 1.08, 'm7-1': 151.36, 'm8-1': 25.43}",8.040000000000001,315.779,321.139,inf,421.698,421.698
315,T1,BESTEFFORT,COMPLETED,m6-1,311.817,"{'m1-1': 96.2, 'm2-1': 5.46, 'm3-1': 98.47, 'm4-1': 25.56, 'm5-1': 141.14, 'm6-1': 1.0, 'm7-1': 169.7, 'm8-1': 25.95}",1.5,315.078,316.078,inf,421.817,421.817
316,T4,BESTEFFORT,COMPLETED,m6-1,314.588,"{'m1-1': 103.66, 'm2-1': 5.63, 'm3-1': 110.1, 'm4-1': 27.93, 'm5-1': 147.54, 'm6-1': 1.1, 'm7-1': 153.66, 'm8-1': 28.34}",1.6500000000000001,316.078,317.178,inf,424.588,424.588
317,T10,BESTEFFORT,COMPLETED,m6-1,314.877,"{'m1-1': 101.92, 'm2-1': 4.81, 'm3-1': 109.43, 'm4-1': 23.41, 'm5-1': 161.29, 'm6-1': 1.1, 'm7-1': 168.55, 'm8-1': 28.34}",1.6500000000000001,317.178,318.278,inf,424.877,424.877
318,T6,BESTEFFORT,COMPLETED,m6-1,315.804,"{'m1-1': 111.26, 'm2-1': 5.1, 'm3-1': 103.33, 'm4-1': 27.13, 'm5-1': 160.25, 'm6-1': 1.02, 'm7-1': 151.08, 'm8-1': 24.63}",1.53,318.278,319.298,inf,425.804,425.804
319,T10,BESTEFFORT,COMPLETED,m6-1,316.767,"{'m1-1': 108.02, 'm2-1': 4.79, 'm3-1': 108.84, 'm4-1': 24.94, 'm5-1': 156.57, 'm6-1': 0.99, 'm7-1': 146.22, 'm8-1': 26.94}",1.4849999999999999,319.298,320.288,inf,426.767,426.767
320,T4,BESTEFFORT,COMPLETED,m6-1,319.245,"{'m1-1': 111.93, 'm2-1': 5.64, 'm3-1': 114.53, 'm4-1': 26.09, 'm5-1': 164.28, 'm6-1': 1.06, 'm7-1': 146.79, 'm8-1': 28.32}",1.59,320.288,321.348,inf,429.245,429.245
321,T1,BESTEFFORT,COMPLETED,m6-1,319.699,"{'m1-1': 106.95, 'm2-1': 5.58, 'm3-1': 108.45, 'm4-1': 28.85, 'm5-1': 148.06, 'm6-1': 1.15, 'm7-1': 159.26, 'm8-1': 24.24}",1.7249999999999999,321.348,322.498,inf,429.699,429.699
322,T8,BESTEFFORT,COMPLETED,m6-1,319.711,"{'m1-1': 113.24, 'm2-1': 5.48, 'm3-1': 113.14, 'm4-1': 27.33, 'm5-1': 164.15, 'm6-1': 1.03, 'm7-1': 159.38, 'm8-1': 24.46}",1.545,322.498,323.52799999999996,inf,429.711,429.711
323,T5,BESTEFFORT,COMPLETED,m2-1,320.167,"{'m1-1': 104.51, 'm2-1': 5.02, 'm3-1': 109.63, 'm4-1': 25.87, 'm5-1': 160.75, 'm6-1': 0.98, 'm7-1': 153.65, 'm8-1': 27.1}",7.529999999999999,321.139,326.159,inf,430.167,430.167
324,T5,BESTEFFORT,COMPLETED,m6-1,321.685,"{'m1-1': 107.1, 'm2-1': 5.37, 'm3-1': 97.34, 'm4-1': 27.46, 'm5-1': 168.86, 'm6-1': 0.99, 'm7-1': 158.62, 'm8-1': 25.65}",1.4849999999999999,323.52799999999996,324.518,inf,431.685,431.685
325,T3,BESTEFFORT,COMPLETED,m6-1,322.13,"{'m1-1': 95.92, 'm2-1': 5.6, 'm3-1': 106.26, 'm4-1': 25.08, 'm5-1': 150.13, 'm6-1': 1.09, 'm7-1': 148.65, 'm8-1': 24.04}",1.6350000000000002,324.518,325.60799999999995,inf,432.13,432.13
326,T5,BESTEFFORT,COMPLETED,m2-1,322.864,"{'m1-1': 95.69, 'm2-1': 5.16, 'm3-1': 94.98, 'm4-1': 24.12, 'm5-1': 169.25, 'm6-1': 0.99, 'm7-1': 155.52, 'm8-1': 24.73}",7.74,326.159,331.319,inf,432.864,432.864
327,T10,BESTEFFORT,COMPLETED,m6-1,322.864,"{'m1-1': 107.47, 'm2-1': 5.08, 'm3-1': 104.2, 'm4-1': 26.7, 'm5-1': 151.57, 'm6-1': 1.06, 'm7-1': 142.12, 'm8-1': 25.19}",1.59,325.60799999999995,326.66799999999995,inf,432.864,432.864
328,T2,BESTEFFORT,COMPLETED,m6-1,323.556,"{'m1-1': 111.62, 'm2-1': 4.82, 'm3-1': 106.71, 'm4-1': 25.49, 'm5-1': 165.88, 'm6-1': 1.06, 'm7-1': 170.61, 'm8-1': 24.0}",1.59,326.66799999999995,327.72799999999995,inf,433.556,433.556
329,T3,BESTEFFORT,COMPLETED,m2-1,323.903,"{'m1-1': 101.22, 'm2-1': 5.18, 'm3-1': 96.76, 'm4-1': 24.05, 'm5-1': 166.73, 'm6-1': 1.05, 'm7-1': 146.25, 'm8-1': 24.97}",7.77,331.319,336.499,inf,433.903,433.903
330,T7,BESTEFFORT,COMPLETED,m6-1,324.605,"{'m1-1': 113.12, 'm2-1': 4.97, 'm3-1': 112.75, 'm4-1': 27.2, 'm5-1': 157.99, 'm6-1': 1.07, 'm7-1': 141.73, 'm8-1': 29.09}",1.605,327.72799999999995,328.79799999999994,inf,434.605,434.605
331,T3,BESTEFFORT,COMPLETED,m2-1,324.897,"{'m1-1': 110.98, 'm2-1': 5.43, 'm3-1': 104.02, 'm4-1': 24.54, 'm5-1': 149.86, 'm6-1': 1.08, 'm7-1': 164.83, 'm8-1': 25.69}",8.145,336.499,341.92900000000003,inf,434.897,434.897
332,T5,BESTEFFORT,COMPLETED,m6-1,326.88,"{'m1-1': 112.87, 'm2-1': 5.56, 'm3-1': 109.18, 'm4-1': 24.66, 'm5-1': 172.48, 'm6-1': 1.08, 'm7-1': 141.43, 'm8-1': 24.08}",1.62,328.79799999999994,329.87799999999993,inf,436.88,436.88
333,T2,BESTEFFORT,COMPLETED,m6-1,326.915,"{'m1-1': 101.76, 'm2-1': 5.28, 'm3-1': 108.05, 'm4-1': 25.39, 'm5-1': 172.07, 'm6-1': 1.11, 'm7-1': 156.59, 'm8-1': 25.66}",1.665,329.87799999999993,330.98799999999994,inf,436.915,436.915
334,T5,BESTEFFORT,COMPLETED,m2-1,326.957,"{'m1-1': 100.73, 'm2-1': 4.8, 'm3-1': 108.06, 'm4-1': 27.21, 'm5-1': 149.4, 'm6-1': 1.0, 'm7-1': 159.8, 'm8-1': 23.91}",7.199999999999999,341.92900000000003,346.72900000000004,inf,436.957,436.957
335,T10,BESTEFFORT,COMPLETED,m4-1,327.563,"{'m1-1': 114.37, 'm2-1': 5.38, 'm3-1': 106.62, 'm4-1': 26.21, 'm5-1': 160.94, 'm6-1': 0.96, 'm7-1': 168.01, 'm8-1': 25.92}",39.315,327.563,353.77299999999997,inf,437.563,437.563
336,T2,BESTEFFORT,COMPLETED,m6-1,328.261,"{'m1-1': 109.73, 'm2-1': 5.23, 'm3-1': 95.31, 'm4-1': 24.81, 'm5-1': 157.68, 'm6-1': 1.17, 'm7-1': 153.23, 'm8-1': 28.22}",1.755,330.98799999999994,332.15799999999996,inf,438.261,438.261
337,T1,BESTEFFORT,COMPLETED,m6-1,329.23,"{'m1-1': 97.55, 'm2-1': 5.11, 'm3-1': 102.78, 'm4-1': 27.47, 'm5-1': 159.9, 'm6-1': 1.04, 'm7-1': 157.0, 'm8-1': 24.76}",1.56,332.15799999999996,333.198,inf,439.23,439.23
338,T8,BESTEFFORT,COMPLETED,m6-1,331.223,"{'m1-1': 99.42, 'm2-1': 5.29, 'm3-1': 106.94, 'm4-1': 24.41, 'm5-1': 149.3, 'm6-1': 1.09, 'm7-1': 145.01, 'm8-1': 27.51}",1.6350000000000002,333.198,334.28799999999995,inf,441.223,441.223
339,T9,BESTEFFORT,COMPLETED,m6-1,334.937,"{'m1-1': 109.15, 'm2-1': 5.32, 'm3-1': 109.0, 'm4-1': 25.03, 'm5-1': 174.84, 'm6-1': 1.18, 'm7-1': 157.37, 'm8-1': 27.23}",1.77,334.937,336.117,inf,444.937,444.937
340,T9,BESTEFFORT,COMPLETED,m6-1,336.964,"{'m1-1': 106.66, 'm2-1': 5.0, 'm3-1': 100.66, 'm4-1': 28.24, 'm5-1': 174.23, 'm6-1': 1.12, 'm7-1': 162.08, 'm8-1': 25.67}",1.6800000000000002,336.964,338.084,inf,446.964,446.964
341,T2,BESTEFFORT,COMPLETED,m6-1,339.387,"{'m1-1': 115.35, 'm2-1': 5.26, 'm3-1': 98.3, 'm4-1': 26.11, 'm5-1': 165.91, 'm6-1': 1.17, 'm7-1': 164.75, 'm8-1': 26.79}",1.755,339.387,340.557,inf,449.387,449.387
342,T5,BESTEFFORT,COMPLETED,m6-1,340.124,"{'m1-1': 98.26, 'm2-1': 5.34, 'm3-1': 106.64, 'm4-1': 26.44, 'm5-1': 157.04, 'm6-1': 0.99, 'm7-1': 148.15, 'm8-1': 24.43}",1.4849999999999999,340.557,341.547,inf,450.124,450.124
343,T4,BESTEFFORT,COMPLETED,m6-1,341.097,"{'m1-1': 100.44, 'm2-1': 4.89, 'm3-1': 99.59, 'm4-1': 25.88, 'm5-1': 172.21, 'm6-1': 1.04, 'm7-1': 157.52, 'm8-1': 24.68}",1.56,341.547,342.58700000000005,inf,451.097,451.097
344,T2,BESTEFFORT,COMPLETED,m6-1,341.516,"{'m1-1': 108.5, 'm2-1': 5.4, 'm3-1': 104.11, 'm4-1': 25.61, 'm5-1': 165.22, 'm6-1': 1.11, 'm7-1': 145.31, 'm8-1': 25.6}",1.665,342.58700000000005,343.69700000000006,inf,451.516,451.516
345,T5,BESTEFFORT,COMPLETED,m6-1,343.712,"{'m1-1': 104.67, 'm2-1': 5.24, 'm3-1': 98.77, 'm4-1': 26.08, 'm5-1': 155.12, 'm6-1': 1.01, 'm7-1': 144.61, 'm8-1': 24.46}",1.5150000000000001,343.712,344.722,inf,453.712,453.712
346,T1,BESTEFFORT,COMPLETED,m6-1,347.008,"{'m1-1': 94.97, 'm2-1': 5.81, 'm3-1': 109.59, 'm4-1': 26.48, 'm5-1': 160.5, 'm6-1': 0.99, 'm7-1': 169.13, 'm8-1': 26.04}",1.4849999999999999,347.008,347.998,inf,457.008,457.008
347,T7,BESTEFFORT,COMPLETED,m6-1,348.195,"{'m1-1': 103.52, 'm2-1': 5.22, 'm3-1': 101.58, 'm4-1': 25.86, 'm5-1': 151.94, 'm6-1': 1.05, 'm7-1': 163.34, 'm8-1': 28.57}",1.5750000000000002,348.195,349.245,inf,458.195,458.195
348,T9,BESTEFFORT,COMPLETED,m6-1,348.87,"{'m1-1': 107.28, 'm2-1': 4.79, 'm3-1': 96.99, 'm4-1': 26.27, 'm5-1': 161.15, 'm6-1': 1.01, 'm7-1': 139.27, 'm8-1': 26.28}",1.5150000000000001,349.245,350.255,inf,458.87,458.87
349,T7,BESTEFFORT,COMPLETED,m6-1,348.879,"{'m1-1': 116.54, 'm2-1': 4.96, 'm3-1': 103.23, 'm4-1': 24.76, 'm5-1': 142.47, 'm6-1': 1.13, 'm7-1': 153.56, 'm8-1': 25.38}",1.6949999999999998,350.255,351.385,inf,458.879,458.879
350,T9,BESTEFFORT,COMPLETED,m6-1,349.724,"{'m1-1': 106.03, 'm2-1': 5.27, 'm3-1': 95.41, 'm4-1': 27.24, 'm5-1': 160.21, 'm6-1': 1.18, 'm7-1': 162.89, 'm8-1': 23.43}",1.77,351.385,352.565,inf,459.724,459.724
351,T6,BESTEFFORT,COMPLETED,m6-1,350.189,"{'m1-1': 117.32, 'm2-1': 5.85, 'm3-1': 105.04, 'm4-1': 26.32, 'm5-1': 152.26, 'm6-1': 1.04, 'm7-1': 140.78, 'm8-1': 24.1}",1.56,352.565,353.605,inf,460.189,460.189
352,T7,BESTEFFORT,COMPLETED,m6-1,350.313,"{'m1-1': 103.94, 'm2-1': 5.3, 'm3-1': 103.31, 'm4-1': 26.36, 'm5-1': 140.89, 'm6-1': 1.13, 'm7-1': 163.02, 'm8-1': 24.97}",1.6949999999999998,353.605,354.735,inf,460.313,460.313
353,T9,BESTEFFORT,COMPLETED,m6-1,352.775,"{'m1-1': 101.88, 'm2-1': 5.37, 'm3-1': 92.89, 'm4-1': 28.36, 'm5-1': 153.24, 'm6-1': 1.02, 'm7-1': 149.92, 'm8-1': 25.68}",1.53,354.735,355.755,inf,462.775,462.775
354,T3,BESTEFFORT,COMPLETED,m6-1,353.201,"{'m1-1': 98.94, 'm2-1': 5.33, 'm3-1': 106.81, 'm4-1': 25.72, 'm5-1': 165.3, 'm6-1': 1.06, 'm7-1': 165.77, 'm8-1': 25.33}",1.59,355.755,356.815,inf,463.201,463.201
355,T8,BESTEFFORT,COMPLETED,m6-1,354.611,"{'m1-1': 110.2, 'm2-1': 5.2, 'm3-1': 104.9, 'm4-1': 26.62, 'm5-1': 162.92, 'm6-1': 0.97, 'm7-1': 152.72, 'm8-1': 23.76}",1.455,356.815,357.785,inf,464.611,464.611
356,T5,BESTEFFORT,COMPLETED,m6-1,357.221,"{'m1-1': 102.73, 'm2-1': 5.47, 'm3-1': 103.81, 'm4-1': 26.62, 'm5-1': 168.07, 'm6-1': 0.95, 'm7-1': 138.91, 'm8-1': 26.76}",1.4249999999999998,357.785,358.735,inf,467.221,467.221
357,T1,BESTEFFORT,COMPLETED,m6-1,357.474,"{'m1-1': 102.64, 'm2-1': 5.36, 'm3-1': 102.54, 'm4-1': 29.66, 'm5-1': 157.12, 'm6-1': 1.06, 'm7-1': 165.54, 'm8-1': 28.01}",1.59,358.735,359.795,inf,467.474,467.474
358,T10,BESTEFFORT,COMPLETED,m6-1,360.523,"{'m1-1': 112.43, 'm2-1': 5.28, 'm3-1': 98.03, 'm4-1': 26.27, 'm5-1': 159.19, 'm6-1': 1.1, 'm7-1': 156.87, 'm8-1': 28.16}",1.6500000000000001,360.523,361.62300000000005,inf,470.523,470.523
359,T5,BESTEFFORT,COMPLETED,m6-1,360.922,"{'m1-1': 98.59, 'm2-1': 5.06, 'm3-1': 109.22, 'm4-1': 24.15, 'm5-1': 170.21, 'm6-1': 0.98, 'm7-1': 147.74, 'm8-1': 25.64}",1.47,361.62300000000005,362.60300000000007,inf,470.922,470.922
360,T1,BESTEFFORT,COMPLETED,m6-1,361.727,"{'m1-1': 111.64, 'm2-1': 4.96, 'm3-1': 108.45, 'm4-1': 25.36, 'm5-1': 156.24, 'm6-1': 0.99, 'm7-1': 145.13, 'm8-1': 25.98}",1.4849999999999999,362.60300000000007,363.5930000000001,inf,471.727,471.727
361,T6,BESTEFFORT,COMPLETED,m6-1,361.925,"{'m1-1': 115.93, 'm2-1': 5.21, 'm3-1': 94.88, 'm4-1': 26.83, 'm5-1': 167.51, 'm6-1': 0.94, 'm7-1': 140.62, 'm8-1': 24.96}",1.41,363.5930000000001,364.5330000000001,inf,471.925,471.925
362,T10,BESTEFFORT,COMPLETED,m6-1,362.478,"{'m1-1': 115.7, 'm2-1': 4.76, 'm3-1': 107.56, 'm4-1': 23.68, 'm5-1': 165.88, 'm6-1': 0.97, 'm7-1': 157.92, 'm8-1': 25.21}",1.455,364.5330000000001,365.5030000000001,inf,472.478,472.478
363,T6,BESTEFFORT,COMPLETED,m6-1,366.45,"{'m1-1': 109.89, 'm2-1': 5.87, 'm3-1': 101.22, 'm4-1': 26.76, 'm5-1': 165.54, 'm6-1': 0.93, 'm7-1': 159.09, 'm8-1': 27.21}",1.395,366.45,367.38,inf,476.45,476.45
364,T1,BESTEFFORT,COMPLETED,m6-1,366.61,"{'m1-1': 108.19, 'm2-1': 5.68, 'm3-1': 101.13, 'm4-1': 27.59, 'm5-1': 145.18, 'm6-1': 1.08, 'm7-1': 163.08, 'm8-1': 26.11}",1.62,367.38,368.46,inf,476.61,476.61
365,T7,BESTEFFORT,COMPLETED,m6-1,367.099,"{'m1-1': 114.34, 'm2-1': 4.69, 'm3-1': 97.98, 'm4-1': 28.12, 'm5-1': 154.17, 'm6-1': 1.06, 'm7-1': 142.7, 'm8-1': 26.92}",1.59,368.46,369.52,inf,477.099,477.099
366,T3,BESTEFFORT,COMPLETED,m6-1,369.029,"{'m1-1': 101.9, 'm2-1': 5.73, 'm3-1': 99.91, 'm4-1': 25.95, 'm5-1': 170.33, 'm6-1': 1.1, 'm7-1': 152.28, 'm8-1': 25.81}",1.6500000000000001,369.52,370.62,inf,479.029,479.029
367,T6,BESTEFFORT,COMPLETED,m6-1,371.588,"{'m1-1': 108.62, 'm2-1': 5.65, 'm3-1': 112.73, 'm4-1': 27.33, 'm5-1': 166.67, 'm6-1': 1.02, 'm7-1': 148.01, 'm8-1': 24.57}",1.53,371.588,372.608,inf,481.588,481.588
368,T1,BESTEFFORT,COMPLETED,m6-1,371.733,"{'m1-1': 97.53, 'm2-1': 5.17, 'm3-1': 105.14, 'm4-1': 26.99, 'm5-1': 149.64, 'm6-1': 1.07, 'm7-1': 148.55, 'm8-1': 26.09}",1.605,372.608,373.678,inf,481.733,481.733
369,T9,BESTEFFORT,COMPLETED,m6-1,372.015,"{'m1-1': 99.89, 'm2-1': 5.16, 'm3-1': 97.28, 'm4-1': 28.43, 'm5-1': 161.24, 'm6-1': 1.16, 'm7-1': 143.86, 'm8-1': 24.12}",1.7399999999999998,373.678,374.838,inf,482.015,482.015
370,T2,BESTEFFORT,COMPLETED,m6-1,373.896,"{'m1-1': 110.5, 'm2-1': 4.74, 'm3-1': 103.72, 'm4-1': 27.72, 'm5-1': 160.2, 'm6-1': 1.11, 'm7-1': 165.43, 'm8-1': 27.68}",1.665,374.838,375.94800000000004,inf,483.896,483.896
371,T6,BESTEFFORT,COMPLETED,m6-1,374.648,"{'m1-1': 100.29, 'm2-1': 5.69, 'm3-1': 101.8, 'm4-1': 26.4, 'm5-1': 146.28, 'm6-1': 1.02, 'm7-1': 144.71, 'm8-1': 24.27}",1.53,375.94800000000004,376.968,inf,484.648,484.648
372,T5,BESTEFFORT,COMPLETED,m6-1,375.136,"{'m1-1': 102.68, 'm2-1': 4.96, 'm3-1': 103.94, 'm4-1': 24.15, 'm5-1': 159.65, 'm6-1': 0.92, 'm7-1': 157.14, 'm8-1': 23.56}",1.3800000000000001,376.968,377.88800000000003,inf,485.136,485.136
373,T9,BESTEFFORT,COMPLETED,m6-1,376.771,"{'m1-1': 101.96, 'm2-1': 4.78, 'm3-1': 93.7, 'm4-1': 24.92, 'm5-1': 163.29, 'm6-1': 1.12, 'm7-1': 150.57, 'm8-1': 25.0}",1.6800000000000002,377.88800000000003,379.00800000000004,inf,486.771,486.771
374,T5,BESTEFFORT,COMPLETED,m6-1,378.618,"{'m1-1': 99.02, 'm2-1': 5.24, 'm3-1': 101.46, 'm4-1': 25.7, 'm5-1': 163.81, 'm6-1': 0.94, 'm7-1': 152.18, 'm8-1': 25.17}",1.41,379.00800000000004,379.94800000000004,inf,488.618,488.618
375,T10,BESTEFFORT,COMPLETED,m6-1,379.119,"{'m1-1': 109.84, 'm2-1': 5.58, 'm3-1': 99.98, 'm4-1': 26.68, 'm5-1': 163.04, 'm6-1': 1.01, 'm7-1': 152.03, 'm8-1': 26.26}",1.5150000000000001,379.94800000000004,380.958,inf,489.119,489.119
376,T5,BESTEFFORT,COMPLETED,m6-1,381.201,"{'m1-1': 98.81, 'm2-1': 5.56, 'm3-1': 98.24, 'm4-1': 27.34, 'm5-1': 167.39, 'm6-1': 0.96, 'm7-1': 143.15, 'm8-1': 26.74}",1.44,381.201,382.161,inf,491.201,491.201
377,T3,BESTEFFORT,COMPLETED,m6-1,382.513,"{'m1-1': 111.73, 'm2-1': 5.08, 'm3-1': 106.53, 'm4-1': 27.69, 'm5-1': 162.34, 'm6-1': 0.98, 'm7-1': 165.83, 'm8-1': 24.24}",1.47,382.513,383.493,inf,492.513,492.513
378,T4,BESTEFFORT,COMPLETED,m6-1,384.234,"{'m1-1': 103.63, 'm2-1': 5.64, 'm3-1': 111.3, 'm4-1': 26.3, 'm5-1': 152.19, 'm6-1': 1.15, 'm7-1': 147.44, 'm8-1': 24.53}",1.7249999999999999,384.234,385.38399999999996,inf,494.234,494.234
379,T10,BESTEFFORT,COMPLETED,m6-1,385.954,"{'m1-1': 118.92, 'm2-1': 4.83, 'm3-1': 115.12, 'm4-1': 26.65, 'm5-1': 155.66, 'm6-1': 1.06, 'm7-1': 143.58, 'm8-1': 26.82}",1.59,385.954,387.014,inf,495.954,495.954
380,T10,BESTEFFORT,COMPLETED,m6-1,388.004,"{'m1-1': 104.24, 'm2-1': 5.31, 'm3-1': 98.33, 'm4-1': 25.25, 'm5-1': 152.16, 'm6-1': 1.05, 'm7-1': 142.73, 'm8-1': 26.8}",1.5750000000000002,388.004,389.05400000000003,inf,498.004,498.004
381,T5,BESTEFFORT,COMPLETED,m6-1,388.079,"{'m1-1': 104.22, 'm2-1': 5.37, 'm3-1': 105.32, 'm4-1': 24.54, 'm5-1': 146.22, 'm6-1': 1.04, 'm7-1': 144.48, 'm8-1': 26.0}",1.56,389.05400000000003,390.09400000000005,inf,498.079,498.079
382,T2,BESTEFFORT,COMPLETED,m6-1,390.009,"{'m1-1': 115.24, 'm2-1': 5.03, 'm3-1': 100.08, 'm4-1': 28.27, 'm5-1': 159.98, 'm6-1': 1.09, 'm7-1': 146.11, 'm8-1': 27.7}",1.6350000000000002,390.09400000000005,391.184,inf,500.009,500.009
383,T7,BESTEFFORT,COMPLETED,m6-1,390.117,"{'m1-1': 112.22, 'm2-1': 5.11, 'm3-1': 99.85, 'm4-1': 26.5, 'm5-1': 153.13, 'm6-1': 1.15, 'm7-1': 154.67, 'm8-1': 24.86}",1.7249999999999999,391.184,392.334,inf,500.117,500.117
384,T10,BESTEFFORT,COMPLETED,m6-1,391.762,"{'m1-1': 113.78, 'm2-1': 5.51, 'm3-1': 107.39, 'm4-1': 27.01, 'm5-1': 165.33, 'm6-1': 0.94, 'm7-1': 158.36, 'm8-1': 29.02}",1.41,392.334,393.274,inf,501.762,501.762
385,T9,BESTEFFORT,COMPLETED,m6-1,392.173,"{'m1-1': 107.28, 'm2-1': 4.73, 'm3-1': 102.35, 'm4-1': 26.05, 'm5-1': 170.58, 'm6-1': 1.05, 'm7-1': 154.59, 'm8-1': 25.71}",1.5750000000000002,393.274,394.324,inf,502.173,502.173
386,T2,BESTEFFORT,COMPLETED,m6-1,394.08,"{'m1-1': 102.45, 'm2-1': 5.31, 'm3-1': 104.54, 'm4-1': 27.82, 'm5-1': 150.03, 'm6-1': 1.13, 'm7-1': 160.03, 'm8-1': 26.99}",1.6949999999999998,394.324,395.454,inf,504.08,504.08
387,T4,BESTEFFORT,COMPLETED,m6-1,394.858,"{'m1-1': 112.24, 'm2-1': 5.53, 'm3-1': 104.74, 'm4-1': 28.17, 'm5-1': 166.15, 'm6-1': 1.1, 'm7-1': 159.21, 'm8-1': 25.3}",1.6500000000000001,395.454,396.55400000000003,inf,504.858,504.858
388,T7,BESTEFFORT,COMPLETED,m6-1,395.467,"{'m1-1': 109.64, 'm2-1': 4.99, 'm3-1': 100.86, 'm4-1': 27.94, 'm5-1': 138.05, 'm6-1': 1.03, 'm7-1': 154.58, 'm8-1': 24.93}",1.545,396.55400000000003,397.584,inf,505.467,505.467
389,T8,BESTEFFORT,COMPLETED,m6-1,396.185,"{'m1-1': 97.35, 'm2-1': 4.86, 'm3-1': 96.54, 'm4-1': 27.61, 'm5-1': 143.62, 'm6-1': 1.07, 'm7-1': 144.1, 'm8-1': 25.76}",1.605,397.584,398.654,inf,506.185,506.185
390,T7,BESTEFFORT,COMPLETED,m6-1,396.863,"{'m1-1': 105.13, 'm2-1': 5.26, 'm3-1': 103.89, 'm4-1': 28.19, 'm5-1': 157.17, 'm6-1': 1.01, 'm7-1': 159.24, 'm8-1': 25.46}",1.5150000000000001,398.654,399.664,inf,506.863,506.863
391,T2,BESTEFFORT,COMPLETED,m6-1,396.909,"{'m1-1': 108.34, 'm2-1': 5.22, 'm3-1': 97.55, 'm4-1': 28.92, 'm5-1': 162.12, 'm6-1': 1.14, 'm7-1': 153.85, 'm8-1': 24.28}",1.71,399.664,400.804,inf,506.909,506.909
392,T8,BESTEFFORT,COMPLETED,m6-1,398.634,"{'m1-1': 103.02, 'm2-1': 5.04, 'm3-1': 98.77, 'm4-1': 27.59, 'm5-1': 149.51, 'm6-1': 1.05, 'm7-1': 168.93, 'm8-1': 26.21}",1.5750000000000002,400.804,401.854,inf,508.634,508.634
393,T1,BESTEFFORT,COMPLETED,m6-1,401.223,"{'m1-1': 108.17, 'm2-1': 5.41, 'm3-1': 107.95, 'm4-1': 25.18, 'm5-1': 155.75, 'm6-1': 1.01, 'm7-1': 165.55, 'm8-1': 27.36}",1.5150000000000001,401.854,402.864,inf,511.223,511.223
394,T6,BESTEFFORT,COMPLETED,m6-1,401.385,"{'m1-1': 116.06, 'm2-1': 5.42, 'm3-1': 97.71, 'm4-1': 26.37, 'm5-1': 144.56, 'm6-1': 1.08, 'm7-1': 149.99, 'm8-1': 23.4}",1.62,402.864,403.94399999999996,inf,511.385,511.385
395,T4,BESTEFFORT,COMPLETED,m6-1,402.575,"{'m1-1': 100.2, 'm2-1': 5.06, 'm3-1': 105.14, 'm4-1': 27.45, 'm5-1': 166.73, 'm6-1': 1.13, 'm7-1': 145.1, 'm8-1': 28.13}",1.6949999999999998,403.94399999999996,405.07399999999996,inf,512.575,512.575
396,T6,BESTEFFORT,COMPLETED,m6-1,405.27,"{'m1-1': 101.41, 'm2-1': 5.31, 'm3-1': 112.68, 'm4-1': 26.33, 'm5-1': 145.63, 'm6-1': 0.96, 'm7-1': 162.26, 'm8-1': 23.61}",1.44,405.27,406.22999999999996,inf,515.27,515.27
397,T10,BESTEFFORT,COMPLETED,m6-1,405.341,"{'m1-1': 110.68, 'm2-1': 5.46, 'm3-1': 101.83, 'm4-1': 23.68, 'm5-1': 150.37, 'm6-1': 1.1, 'm7-1': 154.54, 'm8-1': 27.52}",1.6500000000000001,406.22999999999996,407.33,inf,515.341,515.341
398,T3,BESTEFFORT,COMPLETED,m6-1,405.914,"{'m1-1': 112.42, 'm2-1': 5.44, 'm3-1': 99.88, 'm4-1': 26.31, 'm5-1': 153.56, 'm6-1': 1.01, 'm7-1': 155.79, 'm8-1': 23.59}",1.5150000000000001,407.33,408.34,inf,515.914,515.914
399,T10,BESTEFFORT,COMPLETED,m6-1,406.309,"{'m1-1': 106.47, 'm2-1': 4.96, 'm3-1': 101.81, 'm4-1': 24.18, 'm5-1': 153.25, 'm6-1': 1.03, 'm7-1': 156.86, 'm8-1': 25.72}",1.545,408.34,409.36999999999995,inf,516.309,516.309
400,T5,BESTEFFORT,COMPLETED,m6-1,407.125,"{'m1-1': 103.54, 'm2-1': 5.44, 'm3-1': 108.54, 'm4-1': 27.02, 'm5-1': 163.74, 'm6-1': 1.08, 'm7-1': 161.55, 'm8-1': 23.43}",1.62,409.36999999999995,410.44999999999993,inf,517.125,517.125
401,T2,BESTEFFORT,COMPLETED,m6-1,407.564,"{'m1-1': 102.84, 'm2-1': 5.22, 'm3-1': 99.78, 'm4-1': 26.77, 'm5-1': 162.71, 'm6-1': 1.17, 'm7-1': 168.78, 'm8-1': 26.02}",1.755,410.44999999999993,411.61999999999995,inf,517.5640000000001,517.5640000000001
402,T3,BESTEFFORT,COMPLETED,m2-1,407.805,"{'m1-1': 96.34, 'm2-1': 5.09, 'm3-1': 96.76, 'm4-1': 24.56, 'm5-1': 151.85, 'm6-1': 1.06, 'm7-1': 152.82, 'm8-1': 23.3}",7.635,407.805,412.895,inf,517.8050000000001,517.8050000000001
403,T8,BESTEFFORT,COMPLETED,m6-1,409.926,"{'m1-1': 105.85, 'm2-1': 4.9, 'm3-1': 108.55, 'm4-1': 27.43, 'm5-1': 150.95, 'm6-1': 0.95, 'm7-1': 151.86, 'm8-1': 26.09}",1.4249999999999998,411.61999999999995,412.56999999999994,inf,519.9259999999999,519.9259999999999
404,T5,BESTEFFORT,COMPLETED,m6-1,411.747,"{'m1-1': 109.99, 'm2-1': 5.45, 'm3-1': 106.6, 'm4-1': 26.84, 'm5-1': 162.56, 'm6-1': 1.09, 'm7-1': 155.11, 'm8-1': 26.06}",1.6350000000000002,412.56999999999994,413.6599999999999,inf,521.7470000000001,521.7470000000001
405,T2,BESTEFFORT,COMPLETED,m6-1,412.278,"{'m1-1': 108.76, 'm2-1': 4.61, 'm3-1': 96.32, 'm4-1': 27.38, 'm5-1': 146.34, 'm6-1': 1.04, 'm7-1': 154.72, 'm8-1': 24.84}",1.56,413.6599999999999,414.69999999999993,inf,522.278,522.278
406,T8,BESTEFFORT,COMPLETED,m6-1,412.309,"{'m1-1': 114.64, 'm2-1': 4.96, 'm3-1': 100.72, 'm4-1': 27.28, 'm5-1': 148.39, 'm6-1': 0.98, 'm7-1': 168.23, 'm8-1': 25.82}",1.47,414.69999999999993,415.67999999999995,inf,522.309,522.309
407,T10,BESTEFFORT,COMPLETED,m6-1,413.902,"{'m1-1': 117.17, 'm2-1': 5.04, 'm3-1': 105.96, 'm4-1': 24.33, 'm5-1': 163.59, 'm6-1': 1.07, 'm7-1': 153.8, 'm8-1': 29.36}",1.605,415.67999999999995,416.74999999999994,inf,523.902,523.902
408,T10,BESTEFFORT,COMPLETED,m6-1,414.965,"{'m1-1': 105.16, 'm2-1': 5.52, 'm3-1': 106.71, 'm4-1': 25.67, 'm5-1': 164.36, 'm6-1': 1.11, 'm7-1': 152.4, 'm8-1': 29.26}",1.665,416.74999999999994,417.85999999999996,inf,524.9649999999999,524.9649999999999
409,T2,BESTEFFORT,COMPLETED,m6-1,415.847,"{'m1-1': 109.69, 'm2-1': 5.27, 'm3-1': 102.92, 'm4-1': 28.52, 'm5-1': 169.33, 'm6-1': 1.07, 'm7-1': 146.92, 'm8-1': 25.14}",1.605,417.85999999999996,418.92999999999995,inf,525.847,525.847
410,T5,BESTEFFORT,COMPLETED,m6-1,416.382,"{'m1-1': 102.04, 'm2-1': 5.51, 'm3-1': 103.48, 'm4-1': 26.75, 'm5-1': 165.54, 'm6-1': 0.96, 'm7-1': 152.89, 'm8-1': 27.54}",1.44,418.92999999999995,419.88999999999993,inf,526.3820000000001,526.3820000000001
411,T7,BESTEFFORT,COMPLETED,m6-1,418.371,"{'m1-1': 110.5, 'm2-1': 4.99, 'm3-1': 109.22, 'm4-1': 27.81, 'm5-1': 147.07, 'm6-1': 1.1, 'm7-1': 151.47, 'm8-1': 25.81}",1.6500000000000001,419.88999999999993,420.98999999999995,inf,528.371,528.371
412,T7,BESTEFFORT,COMPLETED,m6-1,418.775,"{'m1-1': 105.69, 'm2-1': 5.46, 'm3-1': 99.06, 'm4-1': 26.23, 'm5-1': 157.06, 'm6-1': 1.12, 'm7-1': 139.44, 'm8-1': 28.43}",1.6800000000000002,420.98999999999995,422.10999999999996,inf,528.775,528.775
413,T4,BESTEFFORT,COMPLETED,m6-1,420.27,"{'m1-1': 106.78, 'm2-1': 5.33, 'm3-1': 102.81, 'm4-1': 25.05, 'm5-1': 147.89, 'm6-1': 1.07, 'm7-1': 146.9, 'm8-1': 28.15}",1.605,422.10999999999996,423.17999999999995,inf,530.27,530.27
414,T5,BESTEFFORT,COMPLETED,m6-1,420.541,"{'m1-1': 113.36, 'm2-1': 5.37, 'm3-1': 93.5, 'm4-1': 27.69, 'm5-1': 156.24, 'm6-1': 0.96, 'm7-1': 139.29, 'm8-1': 23.71}",1.44,423.17999999999995,424.13999999999993,inf,530.5409999999999,530.5409999999999
415,T2,BESTEFFORT,COMPLETED,m6-1,421.108,"{'m1-1': 112.18, 'm2-1': 5.2, 'm3-1': 101.86, 'm4-1': 26.1, 'm5-1': 168.18, 'm6-1': 1.12, 'm7-1': 169.15, 'm8-1': 28.06}",1.6800000000000002,424.13999999999993,425.25999999999993,inf,531.108,531.108
416,T1,BESTEFFORT,COMPLETED,m6-1,423.347,"{'m1-1': 94.68, 'm2-1': 5.06, 'm3-1': 100.09, 'm4-1': 27.64, 'm5-1': 146.52, 'm6-1': 1.12, 'm7-1': 156.0, 'm8-1': 25.57}",1.6800000000000002,425.25999999999993,426.37999999999994,inf,533.347,533.347
417,T7,BESTEFFORT,COMPLETED,m6-1,423.44,"{'m1-1': 114.02, 'm2-1': 5.23, 'm3-1': 108.21, 'm4-1': 24.6, 'm5-1': 148.67, 'm6-1': 1.12, 'm7-1': 151.24, 'm8-1': 26.07}",1.6800000000000002,426.37999999999994,427.49999999999994,inf,533.44,533.44
418,T8,BESTEFFORT,COMPLETED,m2-1,423.447,"{'m1-1': 98.41, 'm2-1': 5.61, 'm3-1': 110.84, 'm4-1': 23.85, 'm5-1': 158.44, 'm6-1': 0.96, 'm7-1': 155.12, 'm8-1': 27.2}",8.415000000000001,423.447,429.057,inf,533.447,533.447
419,T1,BESTEFFORT,COMPLETED,m6-1,424.243,"{'m1-1': 100.95, 'm2-1': 5.32, 'm3-1': 105.16, 'm4-1': 28.81, 'm5-1': 144.86, 'm6-1': 1.12, 'm7-1': 156.76, 'm8-1': 24.87}",1.6800000000000002,427.49999999999994,428.61999999999995,inf,534.2429999999999,534.2429999999999
420,T7,BESTEFFORT,COMPLETED,m2-1,424.507,"{'m1-1': 104.08, 'm2-1': 5.4, 'm3-1': 111.46, 'm4-1': 24.29, 'm5-1': 142.85, 'm6-1': 1.07, 'm7-1': 140.85, 'm8-1': 27.29}",8.100000000000001,429.057,434.457,inf,534.5070000000001,534.5070000000001
421,T6,BESTEFFORT,COMPLETED,m2-1,424.864,"{'m1-1': 115.15, 'm2-1': 5.02, 'm3-1': 104.95, 'm4-1': 24.48, 'm5-1': 157.76, 'm6-1': 1.04, 'm7-1': 161.73, 'm8-1': 24.7}",7.529999999999999,434.457,439.477,inf,534.864,534.864
422,T3,BESTEFFORT,COMPLETED,m2-1,425.002,"{'m1-1': 100.59, 'm2-1': 5.05, 'm3-1': 102.76, 'm4-1': 25.25, 'm5-1': 153.82, 'm6-1': 0.99, 'm7-1': 165.98, 'm8-1': 23.23}",7.574999999999999,439.477,444.527,inf,535.002,535.002
423,T4,BESTEFFORT,COMPLETED,m6-1,425.602,"{'m1-1': 106.38, 'm2-1': 5.21, 'm3-1': 105.04, 'm4-1': 28.05, 'm5-1': 153.52, 'm6-1': 1.08, 'm7-1': 149.4, 'm8-1': 24.4}",1.62,428.61999999999995,429.69999999999993,inf,535.602,535.602
424,T1,BESTEFFORT,COMPLETED,m8-1,426.144,"{'m1-1': 100.99, 'm2-1': 5.66, 'm3-1': 100.99, 'm4-1': 28.81, 'm5-1': 161.1, 'm6-1': 1.14, 'm7-1': 144.4, 'm8-1': 24.93}",37.394999999999996,426.144,451.074,inf,536.144,536.144
425,T5,BESTEFFORT,COMPLETED,m6-1,426.77,"{'m1-1': 107.2, 'm2-1': 5.48, 'm3-1': 105.69, 'm4-1': 26.02, 'm5-1': 156.49, 'm6-1': 0.95, 'm7-1': 141.61, 'm8-1': 25.87}",1.4249999999999998,429.69999999999993,430.6499999999999,inf,536.77,536.77
426,T6,BESTEFFORT,COMPLETED,m4-1,427.304,"{'m1-1': 99.69, 'm2-1': 5.48, 'm3-1': 104.35, 'm4-1': 23.95, 'm5-1': 145.03, 'm6-1': 0.94, 'm7-1': 145.18, 'm8-1': 25.39}",35.925,427.304,451.25399999999996,inf,537.304,537.304
427,T3,BESTEFFORT,COMPLETED,m6-1,430.227,"{'m1-1': 110.76, 'm2-1': 5.29, 'm3-1': 96.79, 'm4-1': 26.16, 'm5-1': 157.32, 'm6-1': 0.97, 'm7-1': 146.94, 'm8-1': 23.1}",1.455,430.6499999999999,431.61999999999995,inf,540.227,540.227
428,T5,BESTEFFORT,COMPLETED,m6-1,431.707,"{'m1-1': 113.08, 'm2-1': 5.39, 'm3-1': 101.84, 'm4-1': 25.87, 'm5-1': 172.14, 'm6-1': 1.04, 'm7-1': 164.21, 'm8-1': 26.2}",1.56,431.707,432.747,inf,541.707,541.707
429,T4,BESTEFFORT,COMPLETED,m6-1,432.212,"{'m1-1': 101.58, 'm2-1': 4.94, 'm3-1': 100.06, 'm4-1': 27.85, 'm5-1': 159.22, 'm6-1': 1.14, 'm7-1': 158.18, 'm8-1': 27.7}",1.71,432.747,433.887,inf,542.212,542.212
430,T1,BESTEFFORT,COMPLETED,m6-1,432.931,"{'m1-1': 106.5, 'm2-1': 4.98, 'm3-1': 98.55, 'm4-1': 27.19, 'm5-1': 162.83, 'm6-1': 1.08, 'm7-1': 143.44, 'm8-1': 28.52}",1.62,433.887,434.967,inf,542.931,542.931
431,T10,BESTEFFORT,COMPLETED,m6-1,433.497,"{'m1-1': 110.7, 'm2-1': 5.42, 'm3-1': 107.55, 'm4-1': 24.86, 'm5-1': 146.31, 'm6-1': 0.94, 'm7-1': 148.48, 'm8-1': 29.38}",1.41,434.967,435.907,inf,543.4970000000001,543.4970000000001
432,T6,BESTEFFORT,COMPLETED,m6-1,433.827,"{'m1-1': 101.03, 'm2-1': 5.75, 'm3-1': 107.22, 'm4-1': 26.79, 'm5-1': 157.59, 'm6-1': 0.96, 'm7-1': 150.57, 'm8-1': 26.67}",1.44,435.907,436.86699999999996,inf,543.827,543.827
433,T7,BESTEFFORT,COMPLETED,m6-1,434.897,"{'m1-1': 104.44, 'm2-1': 4.79, 'm3-1': 97.57, 'm4-1': 27.88, 'm5-1': 142.23, 'm6-1': 1.15, 'm7-1': 152.29, 'm8-1': 29.09}",1.7249999999999999,436.86699999999996,438.01699999999994,inf,544.8969999999999,544.8969999999999
434,T3,BESTEFFORT,COMPLETED,m6-1,436.364,"{'m1-1': 107.82, 'm2-1': 5.58, 'm3-1': 101.6, 'm4-1': 25.64, 'm5-1': 171.55, 'm6-1': 1.08, 'm7-1': 156.4, 'm8-1': 25.81}",1.62,438.01699999999994,439.0969999999999,inf,546.364,546.364
435,T7,BESTEFFORT,COMPLETED,m6-1,436.808,"{'m1-1': 110.49, 'm2-1': 5.32, 'm3-1': 104.41, 'm4-1': 27.27, 'm5-1': 143.2, 'm6-1': 1.09, 'm7-1': 151.15, 'm8-1': 25.77}",1.6350000000000002,439.0969999999999,440.1869999999999,inf,546.808,546.808
436,T6,BESTEFFORT,COMPLETED,m6-1,437.075,"{'m1-1': 109.77, 'm2-1': 5.87, 'm3-1': 111.91, 'm4-1': 27.33, 'm5-1': 150.14, 'm6-1': 1.02, 'm7-1': 143.12, 'm8-1': 24.06}",1.53,440.1869999999999,441.2069999999999,inf,547.075,547.075
437,T8,BESTEFFORT,COMPLETED,m2-1,437.224,"{'m1-1': 106.86, 'm2-1': 5.39, 'm3-1': 106.92, 'm4-1': 25.49, 'm5-1': 162.83, 'm6-1': 1.04, 'm7-1': 169.27, 'm8-1': 25.34}",8.084999999999999,444.527,449.917,inf,547.2239999999999,547.2239999999999
438,T7,BESTEFFORT,COMPLETED,m6-1,440.652,"{'m1-1': 115.85, 'm2-1': 4.63, 'm3-1': 106.08, 'm4-1': 27.59, 'm5-1': 152.02, 'm6-1': 1.06, 'm7-1': 152.29, 'm8-1': 28.57}",1.59,441.2069999999999,442.2669999999999,inf,550.652,550.652
439,T4,BESTEFFORT,COMPLETED,m6-1,440.8,"{'m1-1': 99.81, 'm2-1': 5.34, 'm3-1': 108.96, 'm4-1': 26.96, 'm5-1': 156.34, 'm6-1': 1.14, 'm7-1': 161.58, 'm8-1': 25.27}",1.71,442.2669999999999,443.40699999999987,inf,550.8,550.8
440,T8,BESTEFFORT,COMPLETED,m6-1,440.81,"{'m1-1': 102.06, 'm2-1': 5.39, 'm3-1': 109.26, 'm4-1': 24.09, 'm5-1': 139.69, 'm6-1': 1.07, 'm7-1': 156.6, 'm8-1': 25.96}",1.605,443.40699999999987,444.47699999999986,inf,550.81,550.81
441,T2,BESTEFFORT,COMPLETED,m2-1,440.993,"{'m1-1': 107.48, 'm2-1': 4.8, 'm3-1': 96.49, 'm4-1': 24.7, 'm5-1': 172.51, 'm6-1': 1.04, 'm7-1': 161.07, 'm8-1': 26.01}",7.199999999999999,449.917,454.717,inf,550.9929999999999,550.9929999999999
442,T8,BESTEFFORT,COMPLETED,m6-1,444.87,"{'m1-1': 97.24, 'm2-1': 5.56, 'm3-1': 108.28, 'm4-1': 25.15, 'm5-1': 142.04, 'm6-1': 1.08, 'm7-1': 167.38, 'm8-1': 26.21}",1.62,444.87,445.95,inf,554.87,554.87
443,T3,BESTEFFORT,COMPLETED,m6-1,445.244,"{'m1-1': 112.62, 'm2-1': 5.01, 'm3-1': 92.62, 'm4-1': 26.71, 'm5-1': 161.84, 'm6-1': 1.03, 'm7-1': 152.79, 'm8-1': 25.42}",1.545,445.95,446.97999999999996,inf,555.244,555.244
444,T9,BESTEFFORT,COMPLETED,m6-1,445.79,"{'m1-1': 96.85, 'm2-1': 5.14, 'm3-1': 109.0, 'm4-1': 28.39, 'm5-1': 163.93, 'm6-1': 1.12, 'm7-1': 147.79, 'm8-1': 23.9}",1.6800000000000002,446.97999999999996,448.09999999999997,inf,555.79,555.79
445,T5,BESTEFFORT,COMPLETED,m6-1,446.88,"{'m1-1': 109.85, 'm2-1': 5.49, 'm3-1': 93.33, 'm4-1': 27.93, 'm5-1': 157.42, 'm6-1': 0.96, 'm7-1': 162.72, 'm8-1': 27.34}",1.44,448.09999999999997,449.05999999999995,inf,556.88,556.88
446,T7,BESTEFFORT,COMPLETED,m6-1,447.109,"{'m1-1': 99.94, 'm2-1': 5.19, 'm3-1': 107.0, 'm4-1': 27.88, 'm5-1': 161.7, 'm6-1': 1.05, 'm7-1': 139.02, 'm8-1': 26.51}",1.5750000000000002,449.05999999999995,450.10999999999996,inf,557.1089999999999,557.1089999999999
447,T6,BESTEFFORT,COMPLETED,m6-1,447.489,"{'m1-1': 99.72, 'm2-1': 5.85, 'm3-1': 107.07, 'm4-1': 27.08, 'm5-1': 161.59, 'm6-1': 0.97, 'm7-1': 153.25, 'm8-1': 24.08}",1.455,450.10999999999996,451.08,inf,557.489,557.489
448,T1,BESTEFFORT,COMPLETED,m6-1,452.484,"{'m1-1': 98.13, 'm2-1': 5.19, 'm3-1': 107.9, 'm4-1': 25.45, 'm5-1': 143.91, 'm6-1': 1.09, 'm7-1': 158.28, 'm8-1': 25.49}",1.6350000000000002,452.484,453.57399999999996,inf,562.4839999999999,562.4839999999999
449,T1,BESTEFFORT,COMPLETED,m6-1,457.192,"{'m1-1': 108.82, 'm2-1': 5.35, 'm3-1': 97.68, 'm4-1': 29.08, 'm5-1': 142.81, 'm6-1': 1.02, 'm7-1': 155.22, 'm8-1': 27.84}",1.53,457.192,458.212,inf,567.192,567.192
450,T7,BESTEFFORT,COMPLETED,m6-1,457.642,"{'m1-1': 99.83, 'm2-1': 5.45, 'm3-1': 101.78, 'm4-1': 26.47, 'm5-1': 160.12, 'm6-1': 1.0, 'm7-1': 152.38, 'm8-1': 27.59}",1.5,458.212,459.212,inf,567.642,567.642
451,T7,BESTEFFORT,COMPLETED,m6-1,458.646,"{'m1-1': 101.57, 'm2-1': 4.7, 'm3-1': 96.9, 'm4-1': 26.91, 'm5-1': 154.73, 'm6-1': 1.04, 'm7-1': 163.7, 'm8-1': 27.94}",1.56,459.212,460.252,inf,568.646,568.646
452,T6,BESTEFFORT,COMPLETED,m6-1,459.27,"{'m1-1': 118.13, 'm2-1': 5.43, 'm3-1': 111.87, 'm4-1': 27.36, 'm5-1': 143.93, 'm6-1': 0.96, 'm7-1': 149.62, 'm8-1': 26.77}",1.44,460.252,461.212,inf,569.27,569.27
453,T3,BESTEFFORT,COMPLETED,m6-1,459.528,"{'m1-1': 108.82, 'm2-1': 4.97, 'm3-1': 107.97, 'm4-1': 26.76, 'm5-1': 161.84, 'm6-1': 1.06, 'm7-1': 164.86, 'm8-1': 25.1}",1.59,461.212,462.272,inf,569.528,569.528
454,T2,BESTEFFORT,COMPLETED,m6-1,461.391,"{'m1-1': 113.76, 'm2-1': 5.24, 'm3-1': 101.68, 'm4-1': 25.66, 'm5-1': 156.37, 'm6-1': 1.02, 'm7-1': 153.01, 'm8-1': 25.91}",1.53,462.272,463.292,inf,571.3910000000001,571.3910000000001
455,T5,BESTEFFORT,COMPLETED,m6-1,462.547,"{'m1-1': 104.39, 'm2-1': 4.9, 'm3-1': 109.09, 'm4-1': 27.49, 'm5-1': 167.79, 'm6-1': 0.95, 'm7-1': 140.78, 'm8-1': 26.08}",1.4249999999999998,463.292,464.24199999999996,inf,572.547,572.547
456,T8,BESTEFFORT,COMPLETED,m6-1,462.57,"{'m1-1': 100.65, 'm2-1': 5.5, 'm3-1': 106.16, 'm4-1': 25.81, 'm5-1': 160.93, 'm6-1': 0.94, 'm7-1': 152.4, 'm8-1': 24.32}",1.41,464.24199999999996,465.18199999999996,inf,572.5699999999999,572.5699999999999
457,T6,BESTEFFORT,COMPLETED,m6-1,462.81,"{'m1-1': 101.99, 'm2-1': 5.57, 'm3-1': 99.01, 'm4-1': 26.62, 'm5-1': 156.62, 'm6-1': 1.01, 'm7-1': 144.67, 'm8-1': 26.01}",1.5150000000000001,465.18199999999996,466.19199999999995,inf,572.81,572.81
458,T8,BESTEFFORT,COMPLETED,m6-1,467.043,"{'m1-1': 103.68, 'm2-1': 5.15, 'm3-1': 108.28, 'm4-1': 27.18, 'm5-1': 158.74, 'm6-1': 0.98, 'm7-1': 149.29, 'm8-1': 26.72}",1.47,467.043,468.023,inf,577.043,577.043
459,T7,BESTEFFORT,COMPLETED,m6-1,467.376,"{'m1-1': 107.26, 'm2-1': 4.64, 'm3-1': 97.54, 'm4-1': 27.67, 'm5-1': 140.89, 'm6-1': 1.17, 'm7-1': 143.63, 'm8-1': 29.26}",1.755,468.023,469.19300000000004,inf,577.376,577.376
460,T3,BESTEFFORT,COMPLETED,m6-1,467.727,"{'m1-1': 101.48, 'm2-1': 5.67, 'm3-1': 98.71, 'm4-1': 25.36, 'm5-1': 167.84, 'm6-1': 0.97, 'm7-1': 161.02, 'm8-1': 24.43}",1.455,469.19300000000004,470.16300000000007,inf,577.727,577.727
461,T9,BESTEFFORT,COMPLETED,m6-1,468.763,"{'m1-1': 100.39, 'm2-1': 4.75, 'm3-1': 101.24, 'm4-1': 26.72, 'm5-1': 165.55, 'm6-1': 1.08, 'm7-1': 149.11, 'm8-1': 25.12}",1.62,470.16300000000007,471.24300000000005,inf,578.7629999999999,578.7629999999999
462,T3,BESTEFFORT,COMPLETED,m6-1,469.765,"{'m1-1': 95.43, 'm2-1': 5.12, 'm3-1': 99.36, 'm4-1': 24.46, 'm5-1': 162.53, 'm6-1': 1.0, 'm7-1': 165.71, 'm8-1': 26.34}",1.5,471.24300000000005,472.24300000000005,inf,579.765,579.765
463,T9,BESTEFFORT,COMPLETED,m6-1,469.904,"{'m1-1': 108.65, 'm2-1': 5.39, 'm3-1': 101.95, 'm4-1': 25.0, 'm5-1': 156.26, 'm6-1': 1.07, 'm7-1': 164.24, 'm8-1': 25.6}",1.605,472.24300000000005,473.31300000000005,inf,579.904,579.904
464,T1,BESTEFFORT,COMPLETED,m2-1,470.101,"{'m1-1': 103.36, 'm2-1': 5.26, 'm3-1': 97.28, 'm4-1': 27.29, 'm5-1': 142.61, 'm6-1': 1.05, 'm7-1': 166.57, 'm8-1': 25.31}",7.89,470.101,475.361,inf,580.101,580.101
465,T6,BESTEFFORT,COMPLETED,m6-1,470.62,"{'m1-1': 117.27, 'm2-1': 5.09, 'm3-1': 110.44, 'm4-1': 23.43, 'm5-1': 155.64, 'm6-1': 1.06, 'm7-1': 150.49, 'm8-1': 27.04}",1.59,473.31300000000005,474.37300000000005,inf,580.62,580.62
466,T6,BESTEFFORT,COMPLETED,m6-1,471.884,"{'m1-1': 101.24, 'm2-1': 5.54, 'm3-1': 104.08, 'm4-1': 27.7, 'm5-1': 158.64, 'm6-1': 0.95, 'm7-1': 163.33, 'm8-1': 25.54}",1.4249999999999998,474.37300000000005,475.32300000000004,inf,581.884,581.884
467,T10,BESTEFFORT,COMPLETED,m6-1,473.08,"{'m1-1': 116.41, 'm2-1': 5.48, 'm3-1': 104.26, 'm4-1': 26.9, 'm5-1': 169.43, 'm6-1': 1.02, 'm7-1': 164.82, 'm8-1': 26.26}",1.53,475.32300000000004,476.343,inf,583.0799999999999,583.0799999999999
468,T5,BESTEFFORT,COMPLETED,m6-1,474.341,"{'m1-1': 107.39, 'm2-1': 5.39, 'm3-1': 108.49, 'm4-1': 27.85, 'm5-1': 154.26, 'm6-1': 1.08, 'm7-1': 143.93, 'm8-1': 24.84}",1.62,476.343,477.423,inf,584.341,584.341
469,T2,BESTEFFORT,COMPLETED,m6-1,474.566,"{'m1-1': 114.09, 'm2-1': 5.0, 'm3-1': 108.71, 'm4-1': 26.97, 'm5-1': 167.71, 'm6-1': 1.08, 'm7-1': 144.18, 'm8-1': 24.82}",1.62,477.423,478.503,inf,584.566,584.566
470,T6,BESTEFFORT,COMPLETED,m6-1,476.467,"{'m1-1': 113.05, 'm2-1': 5.65, 'm3-1': 102.55, 'm4-1': 27.06, 'm5-1': 166.22, 'm6-1': 1.07, 'm7-1': 160.39, 'm8-1': 26.06}",1.605,478.503,479.573,inf,586.467,586.467
471,T3,BESTEFFORT,COMPLETED,m6-1,477.704,"{'m1-1': 100.25, 'm2-1': 5.55, 'm3-1': 107.18, 'm4-1': 26.61, 'm5-1': 154.78, 'm6-1': 1.04, 'm7-1': 163.72, 'm8-1': 26.29}",1.56,479.573,480.613,inf,587.704,587.704
472,T10,BESTEFFORT,COMPLETED,m6-1,479.117,"{'m1-1': 103.47, 'm2-1': 5.47, 'm3-1': 99.53, 'm4-1': 27.12, 'm5-1': 147.41, 'm6-1': 1.08, 'm7-1': 150.45, 'm8-1': 27.07}",1.62,480.613,481.693,inf,589.117,589.117
473,T10,BESTEFFORT,COMPLETED,m6-1,481.909,"{'m1-1': 102.61, 'm2-1': 5.16, 'm3-1': 99.98, 'm4-1': 25.6, 'm5-1': 159.83, 'm6-1': 1.01, 'm7-1': 165.14, 'm8-1': 25.86}",1.5150000000000001,481.909,482.919,inf,591.909,591.909
474,T10,BESTEFFORT,COMPLETED,m6-1,484.326,"{'m1-1': 116.25, 'm2-1': 4.92, 'm3-1': 102.74, 'm4-1': 23.75, 'm5-1': 148.75, 'm6-1': 0.98, 'm7-1': 154.38, 'm8-1': 28.35}",1.47,484.326,485.30600000000004,inf,594.326,594.326
475,T3,BESTEFFORT,COMPLETED,m6-1,484.588,"{'m1-1': 112.37, 'm2-1': 5.02, 'm3-1': 92.02, 'm4-1': 26.76, 'm5-1': 145.86, 'm6-1': 0.97, 'm7-1': 161.48, 'm8-1': 24.1}",1.455,485.30600000000004,486.27600000000007,inf,594.588,594.588
476,T4,BESTEFFORT,COMPLETED,m6-1,486.163,"{'m1-1': 110.55, 'm2-1': 5.64, 'm3-1': 99.08, 'm4-1': 24.99, 'm5-1': 170.68, 'm6-1': 1.03, 'm7-1': 165.09, 'm8-1': 27.33}",1.545,486.27600000000007,487.30600000000004,inf,596.163,596.163
477,T7,BESTEFFORT,COMPLETED,m6-1,486.598,"{'m1-1': 99.71, 'm2-1': 5.09, 'm3-1': 99.17, 'm4-1': 28.49, 'm5-1': 154.43, 'm6-1': 1.06, 'm7-1': 162.16, 'm8-1': 29.49}",1.59,487.30600000000004,488.36600000000004,inf,596.598,596.598
478,T8,BESTEFFORT,COMPLETED,m6-1,486.75,"{'m1-1': 108.04, 'm2-1': 5.69, 'm3-1': 107.51, 'm4-1': 24.99, 'm5-1': 157.87, 'm6-1': 1.03, 'm7-1': 160.07, 'm8-1': 23.29}",1.545,488.36600000000004,489.396,inf,596.75,596.75
479,T2,BESTEFFORT,COMPLETED,m6-1,486.932,"{'m1-1': 106.98, 'm2-1': 4.62, 'm3-1': 97.7, 'm4-1': 27.81, 'm5-1': 149.35, 'm6-1': 1.08, 'm7-1': 162.35, 'm8-1': 27.34}",1.62,489.396,490.476,inf,596.932,596.932
480,T6,BESTEFFORT,COMPLETED,m6-1,488.681,"{'m1-1': 116.79, 'm2-1': 5.66, 'm3-1': 105.44, 'm4-1': 24.8, 'm5-1': 166.85, 'm6-1': 1.01, 'm7-1': 162.9, 'm8-1': 27.46}",1.5150000000000001,490.476,491.486,inf,598.681,598.681
481,T2,BESTEFFORT,COMPLETED,m6-1,488.739,"{'m1-1': 114.58, 'm2-1': 4.83, 'm3-1': 96.88, 'm4-1': 28.46, 'm5-1': 152.91, 'm6-1': 1.03, 'm7-1': 168.98, 'm8-1': 25.43}",1.545,491.486,492.51599999999996,inf,598.739,598.739
482,T2,BESTEFFORT,COMPLETED,m2-1,488.902,"{'m1-1': 99.03, 'm2-1': 4.66, 'm3-1': 112.98, 'm4-1': 27.94, 'm5-1': 171.78, 'm6-1': 1.07, 'm7-1': 156.66, 'm8-1': 24.66}",6.99,488.902,493.562,inf,598.902,598.902
483,T4,BESTEFFORT,COMPLETED,m2-1,489.218,"{'m1-1': 105.34, 'm2-1': 4.98, 'm3-1': 108.26, 'm4-1': 27.26, 'm5-1': 153.39, 'm6-1': 1.07, 'm7-1': 163.36, 'm8-1': 26.78}",7.470000000000001,493.562,498.54200000000003,inf,599.2180000000001,599.2180000000001
484,T3,BESTEFFORT,COMPLETED,m2-1,489.371,"{'m1-1': 97.98, 'm2-1': 4.88, 'm3-1': 96.24, 'm4-1': 26.71, 'm5-1': 146.68, 'm6-1': 1.12, 'm7-1': 157.52, 'm8-1': 25.01}",7.32,498.54200000000003,503.422,inf,599.371,599.371
485,T8,BESTEFFORT,COMPLETED,m6-1,490.274,"{'m1-1': 99.35, 'm2-1': 4.85, 'm3-1': 99.41, 'm4-1': 23.94, 'm5-1': 144.82, 'm6-1': 0.94, 'm7-1': 148.55, 'm8-1': 24.31}",1.41,492.51599999999996,493.45599999999996,inf,600.274,600.274
486,T4,BESTEFFORT,COMPLETED,m6-1,492.472,"{'m1-1': 100.06, 'm2-1': 5.72, 'm3-1': 99.35, 'm4-1': 24.9, 'm5-1': 171.52, 'm6-1': 1.06, 'm7-1': 158.08, 'm8-1': 24.53}",1.59,493.45599999999996,494.51599999999996,inf,602.472,602.472
487,T3,BESTEFFORT,COMPLETED,m6-1,493.273,"{'m1-1': 108.38, 'm2-1': 5.63, 'm3-1': 102.33, 'm4-1': 27.72, 'm5-1': 154.44, 'm6-1': 1.08, 'm7-1': 148.52, 'm8-1': 25.45}",1.62,494.51599999999996,495.59599999999995,inf,603.273,603.273
488,T4,BESTEFFORT,COMPLETED,m6-1,493.807,"{'m1-1': 111.9, 'm2-1': 5.63, 'm3-1': 111.85, 'm4-1': 24.34, 'm5-1': 164.64, 'm6-1': 1.16, 'm7-1': 142.82, 'm8-1': 26.82}",1.7399999999999998,495.59599999999995,496.756,inf,603.807,603.807
489,T1,BESTEFFORT,COMPLETED,m6-1,494.679,"{'m1-1': 98.74, 'm2-1': 5.55, 'm3-1': 95.8, 'm4-1': 28.45, 'm5-1': 148.16, 'm6-1': 1.07, 'm7-1': 143.09, 'm8-1': 26.61}",1.605,496.756,497.82599999999996,inf,604.679,604.679
490,T3,BESTEFFORT,COMPLETED,m6-1,495.207,"{'m1-1': 101.99, 'm2-1': 5.3, 'm3-1': 94.83, 'm4-1': 26.24, 'm5-1': 161.5, 'm6-1': 1.1, 'm7-1': 162.84, 'm8-1': 23.99}",1.6500000000000001,497.82599999999996,498.926,inf,605.207,605.207
491,T1,BESTEFFORT,COMPLETED,m2-1,495.464,"{'m1-1': 98.44, 'm2-1': 5.53, 'm3-1': 96.37, 'm4-1': 25.14, 'm5-1': 144.22, 'm6-1': 1.09, 'm7-1': 152.13, 'm8-1': 25.77}",8.295,503.422,508.952,inf,605.4639999999999,605.4639999999999
492,T3,BESTEFFORT,COMPLETED,m6-1,497.135,"{'m1-1': 100.14, 'm2-1': 5.23, 'm3-1': 94.34, 'm4-1': 26.87, 'm5-1': 156.88, 'm6-1': 1.08, 'm7-1': 164.68, 'm8-1': 24.45}",1.62,498.926,500.006,inf,607.135,607.135
493,T1,BESTEFFORT,COMPLETED,m6-1,497.604,"{'m1-1': 104.2, 'm2-1': 5.73, 'm3-1': 109.59, 'm4-1': 27.55, 'm5-1': 143.55, 'm6-1': 1.15, 'm7-1': 162.72, 'm8-1': 26.35}",1.7249999999999999,500.006,501.15599999999995,inf,607.604,607.604
494,T8,BESTEFFORT,COMPLETED,m2-1,497.804,"{'m1-1': 99.67, 'm2-1': 5.03, 'm3-1': 108.83, 'm4-1': 25.92, 'm5-1': 140.59, 'm6-1': 0.98, 'm7-1': 166.32, 'm8-1': 25.03}",7.545,508.952,513.982,inf,607.804,607.804
495,T6,BESTEFFORT,COMPLETED,m6-1,498.948,"{'m1-1': 117.77, 'm2-1': 5.75, 'm3-1': 99.89, 'm4-1': 27.42, 'm5-1': 143.32, 'm6-1': 0.96, 'm7-1': 164.92, 'm8-1': 24.9}",1.44,501.15599999999995,502.11599999999993,inf,608.948,608.948
496,T4,BESTEFFORT,COMPLETED,m6-1,501.685,"{'m1-1': 102.52, 'm2-1': 5.31, 'm3-1': 109.58, 'm4-1': 25.65, 'm5-1': 164.14, 'm6-1': 1.12, 'm7-1': 167.98, 'm8-1': 27.66}",1.6800000000000002,502.11599999999993,503.23599999999993,inf,611.685,611.685
497,T4,BESTEFFORT,COMPLETED,m6-1,502.055,"{'m1-1': 101.23, 'm2-1': 5.58, 'm3-1': 117.04, 'm4-1': 25.19, 'm5-1': 155.82, 'm6-1': 1.0, 'm7-1': 155.14, 'm8-1': 26.58}",1.5,503.23599999999993,504.23599999999993,inf,612.0550000000001,612.0550000000001
498,T8,BESTEFFORT,COMPLETED,m6-1,502.721,"{'m1-1': 108.53, 'm2-1': 5.6, 'm3-1': 107.52, 'm4-1': 24.06, 'm5-1': 154.11, 'm6-1': 1.07, 'm7-1': 146.07, 'm8-1': 24.9}",1.605,504.23599999999993,505.3059999999999,inf,612.721,612.721
499,T10,BESTEFFORT,COMPLETED,m6-1,502.732,"{'m1-1': 112.9, 'm2-1': 5.16, 'm3-1': 104.02, 'm4-1': 26.61, 'm5-1': 170.43, 'm6-1': 0.95, 'm7-1': 142.84, 'm8-1': 27.46}",1.4249999999999998,505.3059999999999,506.2559999999999,inf,612.732,612.732
500,T7,BESTEFFORT,COMPLETED,m6-1,503.451,"{'m1-1': 106.4, 'm2-1': 5.12, 'm3-1': 108.83, 'm4-1': 27.51, 'm5-1': 147.94, 'm6-1': 1.0, 'm7-1': 145.02, 'm8-1': 25.36}",1.5,506.2559999999999,507.2559999999999,inf,613.451,613.451
501,T6,BESTEFFORT,COMPLETED,m2-1,503.707,"{'m1-1': 102.79, 'm2-1': 5.32, 'm3-1': 112.4, 'm4-1': 24.28, 'm5-1': 145.54, 'm6-1': 1.06, 'm7-1': 141.63, 'm8-1': 26.29}",7.98,513.982,519.302,inf,613.707,613.707
502,T4,BESTEFFORT,COMPLETED,m6-1,507.096,"{'m1-1': 99.93, 'm2-1': 5.22, 'm3-1': 116.33, 'm4-1': 27.75, 'm5-1': 148.4, 'm6-1': 1.14, 'm7-1': 147.46, 'm8-1': 27.82}",1.71,507.2559999999999,508.3959999999999,inf,617.096,617.096
503,T3,BESTEFFORT,COMPLETED,m6-1,507.313,"{'m1-1': 104.77, 'm2-1': 5.63, 'm3-1': 107.23, 'm4-1': 24.85, 'm5-1': 163.05, 'm6-1': 0.99, 'm7-1': 163.42, 'm8-1': 26.83}",1.4849999999999999,508.3959999999999,509.3859999999999,inf,617.313,617.313
504,T4,BESTEFFORT,COMPLETED,m6-1,507.841,"{'m1-1': 98.2, 'm2-1': 5.1, 'm3-1': 102.72, 'm4-1': 27.76, 'm5-1': 157.49, 'm6-1': 1.11, 'm7-1': 165.06, 'm8-1': 28.6}",1.665,509.3859999999999,510.4959999999999,inf,617.841,617.841
505,T9,BESTEFFORT,COMPLETED,m6-1,509.113,"{'m1-1': 100.19, 'm2-1': 5.54, 'm3-1': 105.71, 'm4-1': 28.84, 'm5-1': 173.78, 'm6-1': 1.05, 'm7-1': 146.93, 'm8-1': 25.08}",1.5750000000000002,510.4959999999999,511.54599999999994,inf,619.113,619.113
506,T7,BESTEFFORT,COMPLETED,m6-1,509.262,"{'m1-1': 111.22, 'm2-1': 5.1, 'm3-1': 99.85, 'm4-1': 27.18, 'm5-1': 145.64, 'm6-1': 1.12, 'm7-1': 163.86, 'm8-1': 26.17}",1.6800000000000002,511.54599999999994,512.6659999999999,inf,619.262,619.262
507,T9,BESTEFFORT,COMPLETED,m6-1,510.187,"{'m1-1': 103.7, 'm2-1': 5.01, 'm3-1': 93.04, 'm4-1': 26.9, 'm5-1': 174.54, 'm6-1': 1.01, 'm7-1': 140.03, 'm8-1': 27.23}",1.5150000000000001,512.6659999999999,513.6759999999999,inf,620.187,620.187
508,T7,BESTEFFORT,COMPLETED,m6-1,515.185,"{'m1-1': 103.0, 'm2-1': 5.27, 'm3-1': 107.46, 'm4-1': 26.78, 'm5-1': 140.47, 'm6-1': 1.1, 'm7-1': 160.13, 'm8-1': 26.78}",1.6500000000000001,515.185,516.285,inf,625.185,625.185
509,T10,BESTEFFORT,COMPLETED,m6-1,515.341,"{'m1-1': 114.03, 'm2-1': 4.85, 'm3-1': 105.99, 'm4-1': 24.01, 'm5-1': 152.54, 'm6-1': 1.01, 'm7-1': 154.83, 'm8-1': 27.56}",1.5150000000000001,516.285,517.295,inf,625.341,625.341
510,T5,BESTEFFORT,COMPLETED,m6-1,515.799,"{'m1-1': 108.02, 'm2-1': 5.45, 'm3-1': 99.95, 'm4-1': 24.22, 'm5-1': 164.92, 'm6-1': 1.02, 'm7-1': 163.94, 'm8-1': 25.93}",1.53,517.295,518.3149999999999,inf,625.799,625.799
511,T1,BESTEFFORT,COMPLETED,m6-1,517.794,"{'m1-1': 110.46, 'm2-1': 5.24, 'm3-1': 107.74, 'm4-1': 25.82, 'm5-1': 141.58, 'm6-1': 1.07, 'm7-1': 166.26, 'm8-1': 27.78}",1.605,518.3149999999999,519.385,inf,627.794,627.794
512,T3,BESTEFFORT,COMPLETED,m6-1,519.004,"{'m1-1': 105.84, 'm2-1': 5.01, 'm3-1': 99.46, 'm4-1': 25.17, 'm5-1': 163.4, 'm6-1': 1.07, 'm7-1': 162.58, 'm8-1': 24.73}",1.605,519.385,520.455,inf,629.004,629.004
513,T5,BESTEFFORT,COMPLETED,m6-1,519.741,"{'m1-1': 107.15, 'm2-1': 4.92, 'm3-1': 104.35, 'm4-1': 24.28, 'm5-1': 148.11, 'm6-1': 1.03, 'm7-1': 139.24, 'm8-1': 26.51}",1.545,520.455,521.485,inf,629.741,629.741
514,T3,BESTEFFORT,COMPLETED,m6-1,524.865,"{'m1-1': 103.6, 'm2-1': 5.22, 'm3-1': 94.42, 'm4-1': 27.57, 'm5-1': 164.1, 'm6-1': 1.04, 'm7-1': 149.45, 'm8-1': 23.73}",1.56,524.865,525.905,inf,634.865,634.865
515,T1,BESTEFFORT,COMPLETED,m6-1,528.271,"{'m1-1': 102.49, 'm2-1': 5.5, 'm3-1': 111.86, 'm4-1': 27.33, 'm5-1': 148.53, 'm6-1': 1.02, 'm7-1': 164.68, 'm8-1': 24.45}",1.53,528.271,529.2909999999999,inf,638.271,638.271
516,T6,BESTEFFORT,COMPLETED,m6-1,528.852,"{'m1-1': 109.22, 'm2-1': 5.43, 'm3-1': 95.94, 'm4-1': 26.49, 'm5-1': 158.66, 'm6-1': 1.0, 'm7-1': 148.39, 'm8-1': 23.54}",1.5,529.2909999999999,530.2909999999999,inf,638.852,638.852
517,T7,BESTEFFORT,COMPLETED,m6-1,529.926,"{'m1-1': 109.0, 'm2-1': 4.66, 'm3-1': 97.04, 'm4-1': 28.17, 'm5-1': 145.11, 'm6-1': 1.01, 'm7-1': 142.46, 'm8-1': 29.48}",1.5150000000000001,530.2909999999999,531.3009999999999,inf,639.926,639.926
518,T6,BESTEFFORT,COMPLETED,m6-1,530.333,"{'m1-1': 102.07, 'm2-1': 5.2, 'm3-1': 95.79, 'm4-1': 24.05, 'm5-1': 160.59, 'm6-1': 1.02, 'm7-1': 140.32, 'm8-1': 24.16}",1.53,531.3009999999999,532.3209999999999,inf,640.333,640.333
519,T8,BESTEFFORT,COMPLETED,m6-1,532.382,"{'m1-1': 111.69, 'm2-1': 5.48, 'm3-1': 98.66, 'm4-1': 24.79, 'm5-1': 139.23, 'm6-1': 1.0, 'm7-1': 153.18, 'm8-1': 26.64}",1.5,532.382,533.382,inf,642.382,642.382
520,T10,BESTEFFORT,COMPLETED,m6-1,534.057,"{'m1-1': 113.45, 'm2-1': 5.11, 'm3-1': 116.01, 'm4-1': 26.35, 'm5-1': 151.06, 'm6-1': 0.98, 'm7-1': 145.66, 'm8-1': 29.54}",1.47,534.057,535.037,inf,644.057,644.057
521,T6,BESTEFFORT,COMPLETED,m6-1,536.946,"{'m1-1': 111.43, 'm2-1': 5.56, 'm3-1': 106.6, 'm4-1': 27.51, 'm5-1': 162.83, 'm6-1': 0.99, 'm7-1': 144.39, 'm8-1': 26.3}",1.4849999999999999,536.946,537.936,inf,646.946,646.946
522,T8,BESTEFFORT,COMPLETED,m6-1,537.716,"{'m1-1': 101.96, 'm2-1': 5.28, 'm3-1': 104.18, 'm4-1': 25.13, 'm5-1': 150.79, 'm6-1': 0.97, 'm7-1': 160.07, 'm8-1': 24.44}",1.455,537.936,538.9060000000001,inf,647.716,647.716
523,T7,BESTEFFORT,COMPLETED,m6-1,538.824,"{'m1-1': 116.66, 'm2-1': 4.78, 'm3-1': 111.3, 'm4-1': 25.84, 'm5-1': 146.86, 'm6-1': 1.1, 'm7-1': 140.18, 'm8-1': 27.59}",1.6500000000000001,538.9060000000001,540.0060000000001,inf,648.824,648.824
524,T6,BESTEFFORT,COMPLETED,m6-1,540.161,"{'m1-1': 100.5, 'm2-1': 5.8, 'm3-1': 96.61, 'm4-1': 27.12, 'm5-1': 160.55, 'm6-1': 1.01, 'm7-1': 151.94, 'm8-1': 23.6}",1.5150000000000001,540.161,541.1709999999999,inf,650.161,650.161
525,T8,BESTEFFORT,COMPLETED,m6-1,541.659,"{'m1-1': 101.94, 'm2-1': 5.44, 'm3-1': 109.06, 'm4-1': 25.59, 'm5-1': 155.33, 'm6-1': 0.95, 'm7-1': 159.33, 'm8-1': 24.22}",1.4249999999999998,541.659,542.609,inf,651.659,651.659
526,T10,BESTEFFORT,COMPLETED,m6-1,541.723,"{'m1-1': 101.4, 'm2-1': 5.1, 'm3-1': 106.42, 'm4-1': 27.54, 'm5-1': 165.41, 'm6-1': 1.06, 'm7-1': 154.51, 'm8-1': 29.69}",1.59,542.609,543.669,inf,651.723,651.723
527,T8,BESTEFFORT,COMPLETED,m6-1,541.753,"{'m1-1': 98.97, 'm2-1': 5.05, 'm3-1': 109.64, 'm4-1': 27.83, 'm5-1': 161.8, 'm6-1': 0.99, 'm7-1': 169.88, 'm8-1': 24.25}",1.4849999999999999,543.669,544.659,inf,651.753,651.753
528,T10,BESTEFFORT,COMPLETED,m6-1,542.257,"{'m1-1': 113.39, 'm2-1': 4.93, 'm3-1': 116.07, 'm4-1': 26.54, 'm5-1': 159.57, 'm6-1': 1.06, 'm7-1': 146.2, 'm8-1': 28.63}",1.59,544.659,545.7189999999999,inf,652.257,652.257
529,T8,BESTEFFORT,COMPLETED,m6-1,543.052,"{'m1-1': 114.76, 'm2-1': 5.36, 'm3-1': 97.28, 'm4-1': 28.26, 'm5-1': 145.13, 'm6-1': 1.03, 'm7-1': 154.97, 'm8-1': 25.54}",1.545,545.7189999999999,546.7489999999999,inf,653.052,653.052
530,T10,BESTEFFORT,COMPLETED,m6-1,544.137,"{'m1-1': 100.25, 'm2-1': 4.72, 'm3-1': 114.79, 'm4-1': 25.19, 'm5-1': 172.74, 'm6-1': 0.98, 'm7-1': 151.64, 'm8-1': 25.45}",1.47,546.7489999999999,547.7289999999999,inf,654.137,654.137
531,T3,BESTEFFORT,COMPLETED,m2-1,544.366,"{'m1-1': 99.49, 'm2-1': 5.36, 'm3-1': 104.8, 'm4-1': 27.3, 'm5-1': 165.67, 'm6-1': 1.06, 'm7-1': 147.38, 'm8-1': 25.78}",8.040000000000001,544.366,549.726,inf,654.366,654.366
532,T5,BESTEFFORT,COMPLETED,m6-1,545.317,"{'m1-1': 103.31, 'm2-1': 4.87, 'm3-1': 101.99, 'm4-1': 26.73, 'm5-1': 150.61, 'm6-1': 0.99, 'm7-1': 145.9, 'm8-1': 24.63}",1.4849999999999999,547.7289999999999,548.7189999999999,inf,655.317,655.317
533,T10,BESTEFFORT,COMPLETED,m6-1,546.817,"{'m1-1': 115.0, 'm2-1': 5.29, 'm3-1': 112.25, 'm4-1': 24.28, 'm5-1': 169.49, 'm6-1': 1.1, 'm7-1': 153.22, 'm8-1': 25.18}",1.6500000000000001,548.7189999999999,549.819,inf,656.817,656.817
534,T7,BESTEFFORT,COMPLETED,m6-1,546.867,"{'m1-1': 107.51, 'm2-1': 5.33, 'm3-1': 108.99, 'm4-1': 27.63, 'm5-1': 158.35, 'm6-1': 1.17, 'm7-1': 162.8, 'm8-1': 26.29}",1.755,549.819,550.9889999999999,inf,656.867,656.867
535,T9,BESTEFFORT,COMPLETED,m2-1,547.219,"{'m1-1': 96.26, 'm2-1': 5.4, 'm3-1': 109.65, 'm4-1': 28.58, 'm5-1': 157.06, 'm6-1': 1.16, 'm7-1': 147.54, 'm8-1': 24.82}",8.100000000000001,549.726,555.126,inf,657.219,657.219
536,T7,BESTEFFORT,COMPLETED,m2-1,547.265,"{'m1-1': 106.62, 'm2-1': 5.02, 'm3-1': 106.08, 'm4-1': 26.86, 'm5-1': 160.71, 'm6-1': 1.0, 'm7-1': 151.15, 'm8-1': 29.31}",7.529999999999999,555.126,560.146,inf,657.265,657.265
537,T1,BESTEFFORT,COMPLETED,m6-1,548.149,"{'m1-1': 104.78, 'm2-1': 5.04, 'm3-1': 109.62, 'm4-1': 25.82, 'm5-1': 152.68, 'm6-1': 1.12, 'm7-1': 143.05, 'm8-1': 28.48}",1.6800000000000002,550.9889999999999,552.1089999999999,inf,658.149,658.149
538,T1,BESTEFFORT,COMPLETED,m6-1,548.762,"{'m1-1': 100.68, 'm2-1': 5.11, 'm3-1': 102.84, 'm4-1': 26.41, 'm5-1': 157.07, 'm6-1': 1.13, 'm7-1': 162.48, 'm8-1': 28.16}",1.6949999999999998,552.1089999999999,553.2389999999999,inf,658.762,658.762
539,T9,BESTEFFORT,COMPLETED,m2-1,549.409,"{'m1-1': 108.0, 'm2-1': 5.51, 'm3-1': 99.68, 'm4-1': 28.74, 'm5-1': 165.35, 'm6-1': 1.17, 'm7-1': 162.1, 'm8-1': 26.83}",8.265,560.146,565.656,inf,659.409,659.409
540,T7,BESTEFFORT,COMPLETED,m4-1,549.608,"{'m1-1': 113.94, 'm2-1': 5.11, 'm3-1': 96.62, 'm4-1': 26.1, 'm5-1': 156.17, 'm6-1': 1.01, 'm7-1': 151.95, 'm8-1': 29.45}",39.150000000000006,549.608,575.708,inf,659.608,659.608
541,T7,BESTEFFORT,COMPLETED,m2-1,549.752,"{'m1-1': 107.26, 'm2-1': 4.73, 'm3-1': 99.85, 'm4-1': 26.63, 'm5-1': 162.57, 'm6-1': 1.09, 'm7-1': 144.21, 'm8-1': 26.34}",7.095000000000001,565.656,570.386,inf,659.752,659.752
542,T6,BESTEFFORT,COMPLETED,m6-1,549.862,"{'m1-1': 101.82, 'm2-1': 5.51, 'm3-1': 112.67, 'm4-1': 27.67, 'm5-1': 153.68, 'm6-1': 0.94, 'm7-1': 159.65, 'm8-1': 26.14}",1.41,553.2389999999999,554.179,inf,659.862,659.862
543,T10,BESTEFFORT,COMPLETED,m6-1,552.372,"{'m1-1': 105.97, 'm2-1': 5.07, 'm3-1': 109.16, 'm4-1': 23.62, 'm5-1': 149.99, 'm6-1': 0.97, 'm7-1': 167.9, 'm8-1': 25.66}",1.455,554.179,555.149,inf,662.372,662.372
544,T2,BESTEFFORT,COMPLETED,m6-1,552.488,"{'m1-1': 99.49, 'm2-1': 5.17, 'm3-1': 102.54, 'm4-1': 28.78, 'm5-1': 147.31, 'm6-1': 1.12, 'm7-1': 168.72, 'm8-1': 26.87}",1.6800000000000002,555.149,556.269,inf,662.488,662.488
545,T1,BESTEFFORT,COMPLETED,m8-1,552.681,"{'m1-1': 101.67, 'm2-1': 5.81, 'm3-1': 98.4, 'm4-1': 29.46, 'm5-1': 147.11, 'm6-1': 1.04, 'm7-1': 160.19, 'm8-1': 24.61}",36.915,552.681,577.291,inf,662.681,662.681
546,T7,BESTEFFORT,COMPLETED,m6-1,553.398,"{'m1-1': 104.84, 'm2-1': 5.44, 'm3-1': 96.8, 'm4-1': 28.13, 'm5-1': 160.26, 'm6-1': 1.06, 'm7-1': 142.34, 'm8-1': 26.96}",1.59,556.269,557.329,inf,663.398,663.398
547,T6,BESTEFFORT,COMPLETED,m4-1,553.994,"{'m1-1': 102.05, 'm2-1': 5.92, 'm3-1': 108.19, 'm4-1': 25.74, 'm5-1': 165.96, 'm6-1': 1.02, 'm7-1': 145.07, 'm8-1': 27.56}",38.61,575.708,601.448,inf,663.994,663.994
548,T7,BESTEFFORT,COMPLETED,m6-1,554.267,"{'m1-1': 108.74, 'm2-1': 5.25, 'm3-1': 100.29, 'm4-1': 25.64, 'm5-1': 143.2, 'm6-1': 1.12, 'm7-1': 138.49, 'm8-1': 28.63}",1.6800000000000002,557.329,558.449,inf,664.267,664.267
549,T7,BESTEFFORT,COMPLETED,m6-1,558.293,"{'m1-1': 111.08, 'm2-1': 5.25, 'm3-1': 104.99, 'm4-1': 28.58, 'm5-1': 137.68, 'm6-1': 1.04, 'm7-1': 154.01, 'm8-1': 25.3}",1.56,558.449,559.4889999999999,inf,668.293,668.293
550,T2,BESTEFFORT,COMPLETED,m6-1,560.401,"{'m1-1': 111.82, 'm2-1': 4.87, 'm3-1': 100.25, 'm4-1': 26.05, 'm5-1': 164.81, 'm6-1': 1.18, 'm7-1': 150.26, 'm8-1': 26.73}",1.77,560.401,561.5809999999999,inf,670.401,670.401
551,T7,BESTEFFORT,COMPLETED,m6-1,560.959,"{'m1-1': 112.72, 'm2-1': 5.08, 'm3-1': 106.7, 'm4-1': 26.42, 'm5-1': 150.21, 'm6-1': 1.01, 'm7-1': 148.44, 'm8-1': 26.81}",1.5150000000000001,561.5809999999999,562.5909999999999,inf,670.959,670.959
552,T8,BESTEFFORT,COMPLETED,m6-1,561.999,"{'m1-1': 99.4, 'm2-1': 4.84, 'm3-1': 105.91, 'm4-1': 25.48, 'm5-1': 163.95, 'm6-1': 0.98, 'm7-1': 161.29, 'm8-1': 23.54}",1.47,562.5909999999999,563.5709999999999,inf,671.999,671.999
553,T3,BESTEFFORT,COMPLETED,m6-1,562.339,"{'m1-1': 98.88, 'm2-1': 5.01, 'm3-1': 94.48, 'm4-1': 24.51, 'm5-1': 155.68, 'm6-1': 0.96, 'm7-1': 171.2, 'm8-1': 25.88}",1.44,563.5709999999999,564.531,inf,672.339,672.339
554,T6,BESTEFFORT,COMPLETED,m6-1,564.024,"{'m1-1': 102.07, 'm2-1': 5.92, 'm3-1': 103.7, 'm4-1': 23.36, 'm5-1': 143.03, 'm6-1': 1.05, 'm7-1': 162.05, 'm8-1': 27.4}",1.5750000000000002,564.531,565.5809999999999,inf,674.024,674.024
555,T6,BESTEFFORT,COMPLETED,m6-1,564.121,"{'m1-1': 105.55, 'm2-1': 5.14, 'm3-1': 96.23, 'm4-1': 23.89, 'm5-1': 159.62, 'm6-1': 1.08, 'm7-1': 165.04, 'm8-1': 26.56}",1.62,565.5809999999999,566.661,inf,674.121,674.121
556,T9,BESTEFFORT,COMPLETED,m6-1,564.196,"{'m1-1': 112.93, 'm2-1': 5.08, 'm3-1': 109.2, 'm4-1': 27.21, 'm5-1': 148.54, 'm6-1': 1.17, 'm7-1': 145.39, 'm8-1': 26.86}",1.755,566.661,567.8309999999999,inf,674.196,674.196
557,T3,BESTEFFORT,COMPLETED,m6-1,565.483,"{'m1-1': 111.62, 'm2-1': 5.0, 'm3-1': 108.27, 'm4-1': 26.25, 'm5-1': 153.54, 'm6-1': 1.1, 'm7-1': 156.83, 'm8-1': 25.03}",1.6500000000000001,567.8309999999999,568.9309999999999,inf,675.483,675.483
558,T5,BESTEFFORT,COMPLETED,m6-1,567.496,"{'m1-1': 97.2, 'm2-1': 5.34, 'm3-1': 109.22, 'm4-1': 25.12, 'm5-1': 172.04, 'm6-1': 0.99, 'm7-1': 146.54, 'm8-1': 27.76}",1.4849999999999999,568.9309999999999,569.9209999999999,inf,677.496,677.496
559,T3,BESTEFFORT,COMPLETED,m6-1,569.017,"{'m1-1': 109.59, 'm2-1': 5.66, 'm3-1': 92.95, 'm4-1': 23.95, 'm5-1': 152.39, 'm6-1': 0.97, 'm7-1': 167.93, 'm8-1': 24.97}",1.455,569.9209999999999,570.891,inf,679.017,679.017
560,T9,BESTEFFORT,COMPLETED,m6-1,569.191,"{'m1-1': 100.43, 'm2-1': 4.87, 'm3-1': 99.81, 'm4-1': 26.1, 'm5-1': 167.91, 'm6-1': 1.15, 'm7-1': 163.88, 'm8-1': 23.92}",1.7249999999999999,570.891,572.0409999999999,inf,679.191,679.191
561,T9,BESTEFFORT,COMPLETED,m6-1,569.838,"{'m1-1': 106.67, 'm2-1': 4.84, 'm3-1': 94.63, 'm4-1': 25.7, 'm5-1': 173.09, 'm6-1': 1.05, 'm7-1': 142.48, 'm8-1': 25.29}",1.5750000000000002,572.0409999999999,573.0909999999999,inf,679.838,679.838
562,T5,BESTEFFORT,COMPLETED,m6-1,570.214,"{'m1-1': 108.48, 'm2-1': 5.47, 'm3-1': 108.29, 'm4-1': 27.81, 'm5-1': 159.26, 'm6-1': 0.94, 'm7-1': 152.55, 'm8-1': 27.45}",1.41,573.0909999999999,574.031,inf,680.214,680.214
563,T10,BESTEFFORT,COMPLETED,m2-1,570.525,"{'m1-1': 110.19, 'm2-1': 5.26, 'm3-1': 104.81, 'm4-1': 26.2, 'm5-1': 171.07, 'm6-1': 0.97, 'm7-1': 159.13, 'm8-1': 28.14}",7.89,570.525,575.785,inf,680.525,680.525
564,T6,BESTEFFORT,COMPLETED,m6-1,570.978,"{'m1-1': 115.52, 'm2-1': 5.63, 'm3-1': 98.2, 'm4-1': 24.14, 'm5-1': 167.34, 'm6-1': 0.96, 'm7-1': 141.82, 'm8-1': 23.88}",1.44,574.031,574.991,inf,680.978,680.978
565,T7,BESTEFFORT,COMPLETED,m2-1,571.2,"{'m1-1': 107.22, 'm2-1': 4.91, 'm3-1': 100.21, 'm4-1': 27.9, 'm5-1': 146.77, 'm6-1': 1.03, 'm7-1': 160.35, 'm8-1': 28.96}",7.365,575.785,580.6949999999999,inf,681.2,681.2
566,T3,BESTEFFORT,COMPLETED,m2-1,571.611,"{'m1-1': 109.18, 'm2-1': 5.21, 'm3-1': 96.81, 'm4-1': 25.7, 'm5-1': 148.0, 'm6-1': 1.11, 'm7-1': 167.63, 'm8-1': 23.9}",7.8149999999999995,580.6949999999999,585.905,inf,681.611,681.611
567,T3,BESTEFFORT,COMPLETED,m2-1,571.795,"{'m1-1': 103.93, 'm2-1': 4.92, 'm3-1': 92.04, 'm4-1': 24.9, 'm5-1': 155.54, 'm6-1': 1.03, 'm7-1': 166.57, 'm8-1': 26.25}",7.38,585.905,590.8249999999999,inf,681.795,681.795
568,T2,BESTEFFORT,COMPLETED,m6-1,574.571,"{'m1-1': 104.04, 'm2-1': 4.95, 'm3-1': 98.24, 'm4-1': 24.43, 'm5-1': 146.36, 'm6-1': 1.08, 'm7-1': 170.58, 'm8-1': 28.2}",1.62,574.991,576.071,inf,684.571,684.571
569,T7,BESTEFFORT,COMPLETED,m6-1,576.325,"{'m1-1': 100.24, 'm2-1': 5.31, 'm3-1': 106.4, 'm4-1': 24.91, 'm5-1': 139.69, 'm6-1': 1.05, 'm7-1': 149.08, 'm8-1': 26.73}",1.5750000000000002,576.325,577.375,inf,686.325,686.325
570,T7,BESTEFFORT,COMPLETED,m6-1,577.202,"{'m1-1': 104.95, 'm2-1': 4.62, 'm3-1': 98.25, 'm4-1': 27.17, 'm5-1': 158.0, 'm6-1': 1.08, 'm7-1': 147.06, 'm8-1': 26.31}",1.62,577.375,578.455,inf,687.202,687.202
571,T7,BESTEFFORT,COMPLETED,m6-1,577.303,"{'m1-1': 106.9, 'm2-1': 4.79, 'm3-1': 102.92, 'm4-1': 24.18, 'm5-1': 163.41, 'm6-1': 1.13, 'm7-1': 160.76, 'm8-1': 27.51}",1.6949999999999998,578.455,579.585,inf,687.303,687.303
572,T2,BESTEFFORT,COMPLETED,m6-1,577.677,"{'m1-1': 104.83, 'm2-1': 4.8, 'm3-1': 95.77, 'm4-1': 28.08, 'm5-1': 165.8, 'm6-1': 1.05, 'm7-1': 144.18, 'm8-1': 26.27}",1.5750000000000002,579.585,580.635,inf,687.677,687.677
573,T6,BESTEFFORT,COMPLETED,m6-1,577.998,"{'m1-1': 106.43, 'm2-1': 5.65, 'm3-1': 108.39, 'm4-1': 24.32, 'm5-1': 155.49, 'm6-1': 1.07, 'm7-1': 144.76, 'm8-1': 24.46}",1.605,580.635,581.705,inf,687.998,687.998
574,T4,BESTEFFORT,COMPLETED,m6-1,579.318,"{'m1-1': 101.2, 'm2-1': 4.87, 'm3-1': 105.8, 'm4-1': 24.75, 'm5-1': 161.08, 'm6-1': 1.03, 'm7-1': 146.54, 'm8-1': 26.54}",1.545,581.705,582.735,inf,689.318,689.318
575,T8,BESTEFFORT,COMPLETED,m2-1,579.362,"{'m1-1': 101.24, 'm2-1': 5.67, 'm3-1': 101.9, 'm4-1': 25.87, 'm5-1': 151.12, 'm6-1': 1.08, 'm7-1': 156.73, 'm8-1': 24.61}",8.504999999999999,590.8249999999999,596.4949999999999,inf,689.362,689.362
576,T3,BESTEFFORT,COMPLETED,m6-1,579.851,"{'m1-1': 111.58, 'm2-1': 5.01, 'm3-1': 105.54, 'm4-1': 26.46, 'm5-1': 168.65, 'm6-1': 1.06, 'm7-1': 145.97, 'm8-1': 24.36}",1.59,582.735,583.795,inf,689.851,689.851
577,T2,BESTEFFORT,COMPLETED,m6-1,581.092,"{'m1-1': 103.0, 'm2-1': 4.81, 'm3-1': 109.67, 'm4-1': 25.98, 'm5-1': 156.15, 'm6-1': 1.12, 'm7-1': 167.76, 'm8-1': 27.56}",1.6800000000000002,583.795,584.915,inf,691.092,691.092
578,T4,BESTEFFORT,COMPLETED,m6-1,581.722,"{'m1-1': 107.09, 'm2-1': 5.57, 'm3-1': 107.14, 'm4-1': 26.95, 'm5-1': 146.28, 'm6-1': 1.15, 'm7-1': 158.17, 'm8-1': 28.35}",1.7249999999999999,584.915,586.0649999999999,inf,691.722,691.722
579,T4,BESTEFFORT,COMPLETED,m6-1,583.362,"{'m1-1': 108.82, 'm2-1': 5.52, 'm3-1': 107.8, 'm4-1': 24.52, 'm5-1': 151.9, 'm6-1': 1.12, 'm7-1': 164.28, 'm8-1': 28.02}",1.6800000000000002,586.0649999999999,587.185,inf,693.362,693.362
580,T3,BESTEFFORT,COMPLETED,m2-1,583.367,"{'m1-1': 99.26, 'm2-1': 5.57, 'm3-1': 100.26, 'm4-1': 26.57, 'm5-1': 172.55, 'm6-1': 1.02, 'm7-1': 149.79, 'm8-1': 26.74}",8.355,596.4949999999999,602.0649999999999,inf,693.367,693.367
581,T10,BESTEFFORT,COMPLETED,m8-1,583.543,"{'m1-1': 101.91, 'm2-1': 4.76, 'm3-1': 104.75, 'm4-1': 23.51, 'm5-1': 157.17, 'm6-1': 0.99, 'm7-1': 164.67, 'm8-1': 29.74}",44.61,583.543,613.283,inf,693.543,693.543
582,T5,BESTEFFORT,COMPLETED,m6-1,585.337,"{'m1-1': 101.63, 'm2-1': 5.48, 'm3-1': 100.04, 'm4-1': 23.75, 'm5-1': 156.87, 'm6-1': 1.01, 'm7-1': 150.07, 'm8-1': 24.84}",1.5150000000000001,587.185,588.1949999999999,inf,695.337,695.337
583,T3,BESTEFFORT,COMPLETED,m6-1,585.787,"{'m1-1': 103.42, 'm2-1': 4.95, 'm3-1': 96.13, 'm4-1': 25.08, 'm5-1': 162.98, 'm6-1': 0.98, 'm7-1': 145.61, 'm8-1': 27.18}",1.47,588.1949999999999,589.175,inf,695.787,695.787
584,T5,BESTEFFORT,COMPLETED,m6-1,586.136,"{'m1-1': 112.68, 'm2-1': 5.26, 'm3-1': 107.11, 'm4-1': 28.05, 'm5-1': 161.32, 'm6-1': 0.92, 'm7-1': 153.82, 'm8-1': 25.71}",1.3800000000000001,589.175,590.0949999999999,inf,696.136,696.136
585,T10,BESTEFFORT,COMPLETED,m2-1,586.302,"{'m1-1': 106.45, 'm2-1': 4.84, 'm3-1': 100.15, 'm4-1': 26.19, 'm5-1': 165.63, 'm6-1': 0.99, 'm7-1': 151.36, 'm8-1': 28.5}",7.26,602.0649999999999,606.905,inf,696.302,696.302
586,T4,BESTEFFORT,COMPLETED,m4-1,586.632,"{'m1-1': 98.73, 'm2-1': 4.9, 'm3-1': 109.62, 'm4-1': 24.75, 'm5-1': 162.03, 'm6-1': 1.13, 'm7-1': 168.09, 'm8-1': 24.46}",37.125,601.448,626.198,inf,696.632,696.632
587,T10,BESTEFFORT,COMPLETED,m6-1,588.808,"{'m1-1': 111.72, 'm2-1': 5.23, 'm3-1': 104.15, 'm4-1': 27.13, 'm5-1': 148.24, 'm6-1': 0.95, 'm7-1': 145.87, 'm8-1': 29.38}",1.4249999999999998,590.0949999999999,591.045,inf,698.808,698.808
588,T3,BESTEFFORT,COMPLETED,m6-1,590.039,"{'m1-1': 105.06, 'm2-1': 5.56, 'm3-1': 99.44, 'm4-1': 25.07, 'm5-1': 153.96, 'm6-1': 1.01, 'm7-1': 156.05, 'm8-1': 23.56}",1.5150000000000001,591.045,592.055,inf,700.039,700.039
589,T8,BESTEFFORT,COMPLETED,m6-1,590.67,"{'m1-1': 97.73, 'm2-1': 4.92, 'm3-1': 107.59, 'm4-1': 25.64, 'm5-1': 155.33, 'm6-1': 0.98, 'm7-1': 148.83, 'm8-1': 24.18}",1.47,592.055,593.035,inf,700.67,700.67
590,T3,BESTEFFORT,COMPLETED,m6-1,591.221,"{'m1-1': 102.87, 'm2-1': 5.48, 'm3-1': 95.02, 'm4-1': 24.15, 'm5-1': 149.37, 'm6-1': 1.01, 'm7-1': 153.68, 'm8-1': 24.66}",1.5150000000000001,593.035,594.045,inf,701.221,701.221
591,T5,BESTEFFORT,COMPLETED,m6-1,591.795,"{'m1-1': 97.44, 'm2-1': 5.42, 'm3-1': 93.16, 'm4-1': 24.56, 'm5-1': 148.14, 'm6-1': 1.08, 'm7-1': 153.66, 'm8-1': 24.03}",1.62,594.045,595.125,inf,701.795,701.795
592,T6,BESTEFFORT,COMPLETED,m6-1,594.999,"{'m1-1': 105.91, 'm2-1': 5.46, 'm3-1': 103.05, 'm4-1': 25.29, 'm5-1': 156.87, 'm6-1': 1.0, 'm7-1': 164.38, 'm8-1': 25.76}",1.5,595.125,596.125,inf,704.999,704.999
593,T1,BESTEFFORT,COMPLETED,m6-1,596.184,"{'m1-1': 96.0, 'm2-1': 5.32, 'm3-1': 100.99, 'm4-1': 26.17, 'm5-1': 141.1, 'm6-1': 1.06, 'm7-1': 143.13, 'm8-1': 25.45}",1.59,596.184,597.2439999999999,inf,706.184,706.184
594,T8,BESTEFFORT,COMPLETED,m6-1,596.393,"{'m1-1': 104.72, 'm2-1': 5.05, 'm3-1': 98.05, 'm4-1': 24.31, 'm5-1': 157.79, 'm6-1': 1.08, 'm7-1': 149.18, 'm8-1': 24.82}",1.62,597.2439999999999,598.324,inf,706.393,706.393
595,T7,BESTEFFORT,COMPLETED,m6-1,596.767,"{'m1-1': 99.85, 'm2-1': 4.9, 'm3-1': 110.58, 'm4-1': 27.6, 'm5-1': 147.86, 'm6-1': 1.14, 'm7-1': 142.81, 'm8-1': 26.2}",1.71,598.324,599.4639999999999,inf,706.767,706.767
596,T10,BESTEFFORT,COMPLETED,m6-1,597.007,"{'m1-1': 118.12, 'm2-1': 4.92, 'm3-1': 114.28, 'm4-1': 24.63, 'm5-1': 172.35, 'm6-1': 0.99, 'm7-1': 156.65, 'm8-1': 29.52}",1.4849999999999999,599.4639999999999,600.454,inf,707.007,707.007
597,T9,BESTEFFORT,COMPLETED,m2-1,597.168,"{'m1-1': 109.86, 'm2-1': 4.97, 'm3-1': 99.34, 'm4-1': 25.29, 'm5-1': 164.41, 'm6-1': 1.13, 'm7-1': 143.94, 'm8-1': 25.94}",7.455,606.905,611.875,inf,707.168,707.168
598,T9,BESTEFFORT,COMPLETED,m6-1,599.962,"{'m1-1': 99.88, 'm2-1': 5.29, 'm3-1': 97.15, 'm4-1': 26.51, 'm5-1': 154.8, 'm6-1': 1.05, 'm7-1': 139.04, 'm8-1': 24.31}",1.5750000000000002,600.454,601.5039999999999,inf,709.962,709.962
599,T9,BESTEFFORT,COMPLETED,m6-1,600.62,"{'m1-1': 105.66, 'm2-1': 4.77, 'm3-1': 103.12, 'm4-1': 24.81, 'm5-1': 150.18, 'm6-1': 1.16, 'm7-1': 143.3, 'm8-1': 26.61}",1.7399999999999998,601.5039999999999,602.6639999999999,inf,710.62,710.62
600,T7,BESTEFFORT,COMPLETED,m6-1,603.033,"{'m1-1': 104.96, 'm2-1': 4.94, 'm3-1': 101.33, 'm4-1': 26.89, 'm5-1': 140.86, 'm6-1': 1.03, 'm7-1': 150.33, 'm8-1': 28.75}",1.545,603.033,604.063,inf,713.033,713.033
601,T5,BESTEFFORT,COMPLETED,m6-1,603.064,"{'m1-1': 105.73, 'm2-1': 4.87, 'm3-1': 95.78, 'm4-1': 28.08, 'm5-1': 152.09, 'm6-1': 1.01, 'm7-1': 144.98, 'm8-1': 25.72}",1.5150000000000001,604.063,605.073,inf,713.064,713.064
602,T1,BESTEFFORT,COMPLETED,m6-1,603.65,"{'m1-1': 111.45, 'm2-1': 5.13, 'm3-1': 112.78, 'm4-1': 28.72, 'm5-1': 160.39, 'm6-1': 1.07, 'm7-1': 156.81, 'm8-1': 24.15}",1.605,605.073,606.143,inf,713.65,713.65
603,T5,BESTEFFORT,COMPLETED,m6-1,603.777,"{'m1-1': 100.83, 'm2-1': 5.46, 'm3-1': 94.7, 'm4-1': 25.53, 'm5-1': 145.68, 'm6-1': 1.07, 'm7-1': 153.63, 'm8-1': 23.91}",1.605,606.143,607.2130000000001,inf,713.777,713.777
604,T5,BESTEFFORT,COMPLETED,m6-1,605.35,"{'m1-1': 104.14, 'm2-1': 5.32, 'm3-1': 103.7, 'm4-1': 23.69, 'm5-1': 169.8, 'm6-1': 1.06, 'm7-1': 159.69, 'm8-1': 27.2}",1.59,607.2130000000001,608.273,inf,715.35,715.35
605,T9,BESTEFFORT,COMPLETED,m6-1,608.509,"{'m1-1': 100.54, 'm2-1': 4.92, 'm3-1': 106.99, 'm4-1': 25.32, 'm5-1': 159.33, 'm6-1': 1.04, 'm7-1': 148.61, 'm8-1': 24.21}",1.56,608.509,609.549,inf,718.509,718.509
606,T6,BESTEFFORT,COMPLETED,m6-1,609.399,"{'m1-1': 106.29, 'm2-1': 5.36, 'm3-1': 101.86, 'm4-1': 27.42, 'm5-1': 148.87, 'm6-1': 1.04, 'm7-1': 159.13, 'm8-1': 26.15}",1.56,609.549,610.5889999999999,inf,719.399,719.399
607,T7,BESTEFFORT,COMPLETED,m6-1,614.318,"{'m1-1': 112.59, 'm2-1': 4.7, 'm3-1': 105.44, 'm4-1': 27.35, 'm5-1': 147.05, 'm6-1': 1.0, 'm7-1': 148.93, 'm8-1': 25.54}",1.5,614.318,615.318,inf,724.318,724.318
608,T10,BESTEFFORT,COMPLETED,m6-1,614.618,"{'m1-1': 107.16, 'm2-1': 4.78, 'm3-1': 101.76, 'm4-1': 25.05, 'm5-1': 149.25, 'm6-1': 1.05, 'm7-1': 155.1, 'm8-1': 25.39}",1.5750000000000002,615.318,616.3679999999999,inf,724.618,724.618
609,T6,BESTEFFORT,COMPLETED,m6-1,615.403,"{'m1-1': 99.84, 'm2-1': 5.04, 'm3-1': 99.31, 'm4-1': 25.69, 'm5-1': 159.02, 'm6-1': 1.07, 'm7-1': 146.04, 'm8-1': 25.58}",1.605,616.3679999999999,617.438,inf,725.403,725.403
610,T5,BESTEFFORT,COMPLETED,m6-1,617.875,"{'m1-1': 110.45, 'm2-1': 5.37, 'm3-1': 104.22, 'm4-1': 27.04, 'm5-1': 160.51, 'm6-1': 0.94, 'm7-1': 152.62, 'm8-1': 24.52}",1.41,617.875,618.815,inf,727.875,727.875
611,T2,BESTEFFORT,COMPLETED,m6-1,618.402,"{'m1-1': 107.15, 'm2-1': 4.99, 'm3-1': 110.13, 'm4-1': 25.21, 'm5-1': 156.34, 'm6-1': 1.18, 'm7-1': 149.93, 'm8-1': 26.45}",1.77,618.815,619.995,inf,728.402,728.402
612,T4,BESTEFFORT,COMPLETED,m6-1,619.999,"{'m1-1': 105.72, 'm2-1': 5.2, 'm3-1': 117.18, 'm4-1': 25.88, 'm5-1': 164.13, 'm6-1': 1.13, 'm7-1': 160.73, 'm8-1': 24.86}",1.6949999999999998,619.999,621.129,inf,729.999,729.999
613,T5,BESTEFFORT,COMPLETED,m6-1,620.2,"{'m1-1': 102.07, 'm2-1': 5.51, 'm3-1': 99.07, 'm4-1': 25.7, 'm5-1': 149.3, 'm6-1': 0.99, 'm7-1': 151.66, 'm8-1': 27.36}",1.4849999999999999,621.129,622.119,inf,730.2,730.2
614,T4,BESTEFFORT,COMPLETED,m6-1,620.249,"{'m1-1': 101.34, 'm2-1': 4.99, 'm3-1': 107.65, 'm4-1': 28.23, 'm5-1': 149.4, 'm6-1': 1.13, 'm7-1': 164.7, 'm8-1': 28.41}",1.6949999999999998,622.119,623.249,inf,730.249,730.249
615,T7,BESTEFFORT,COMPLETED,m6-1,621.228,"{'m1-1': 107.13, 'm2-1': 5.31, 'm3-1': 102.57, 'm4-1': 27.18, 'm5-1': 162.56, 'm6-1': 1.15, 'm7-1': 148.85, 'm8-1': 27.95}",1.7249999999999999,623.249,624.399,inf,731.228,731.228
616,T10,BESTEFFORT,COMPLETED,m6-1,621.259,"{'m1-1': 104.34, 'm2-1': 5.42, 'm3-1': 110.94, 'm4-1': 23.24, 'm5-1': 153.73, 'm6-1': 1.08, 'm7-1': 148.62, 'm8-1': 25.21}",1.62,624.399,625.479,inf,731.259,731.259
617,T4,BESTEFFORT,COMPLETED,m2-1,621.486,"{'m1-1': 108.19, 'm2-1': 5.42, 'm3-1': 107.28, 'm4-1': 25.65, 'm5-1': 147.89, 'm6-1': 1.1, 'm7-1': 144.29, 'm8-1': 28.38}",8.129999999999999,621.486,626.906,inf,731.486,731.486
618,T9,BESTEFFORT,COMPLETED,m2-1,621.544,"{'m1-1': 110.67, 'm2-1': 5.08, 'm3-1': 104.74, 'm4-1': 27.91, 'm5-1': 153.23, 'm6-1': 1.12, 'm7-1': 163.38, 'm8-1': 23.93}",7.62,626.906,631.986,inf,731.544,731.544
619,T3,BESTEFFORT,COMPLETED,m2-1,621.769,"{'m1-1': 112.37, 'm2-1': 5.28, 'm3-1': 106.66, 'm4-1': 26.38, 'm5-1': 170.93, 'm6-1': 1.04, 'm7-1': 169.78, 'm8-1': 23.5}",7.92,631.986,637.266,inf,731.769,731.769
620,T2,BESTEFFORT,COMPLETED,m6-1,622.434,"{'m1-1': 107.99, 'm2-1': 4.82, 'm3-1': 108.24, 'm4-1': 25.09, 'm5-1': 155.92, 'm6-1': 1.14, 'm7-1': 158.32, 'm8-1': 28.52}",1.71,625.479,626.619,inf,732.434,732.434
621,T1,BESTEFFORT,COMPLETED,m2-1,622.647,"{'m1-1': 108.06, 'm2-1': 5.2, 'm3-1': 104.36, 'm4-1': 27.33, 'm5-1': 160.39, 'm6-1': 1.17, 'm7-1': 151.69, 'm8-1': 25.16}",7.800000000000001,637.266,642.466,inf,732.647,732.647
622,T2,BESTEFFORT,COMPLETED,m8-1,622.791,"{'m1-1': 104.74, 'm2-1': 5.44, 'm3-1': 101.86, 'm4-1': 26.03, 'm5-1': 162.95, 'm6-1': 1.02, 'm7-1': 148.2, 'm8-1': 24.5}",36.75,622.791,647.291,inf,732.791,732.791
623,T8,BESTEFFORT,COMPLETED,m6-1,625.48,"{'m1-1': 110.83, 'm2-1': 5.64, 'm3-1': 107.51, 'm4-1': 28.27, 'm5-1': 146.13, 'm6-1': 0.96, 'm7-1': 166.0, 'm8-1': 23.46}",1.44,626.619,627.5790000000001,inf,735.48,735.48
624,T7,BESTEFFORT,COMPLETED,m6-1,627.58,"{'m1-1': 101.68, 'm2-1': 5.42, 'm3-1': 101.27, 'm4-1': 27.02, 'm5-1': 160.37, 'm6-1': 1.01, 'm7-1': 160.53, 'm8-1': 29.23}",1.5150000000000001,627.58,628.59,inf,737.58,737.58
625,T5,BESTEFFORT,COMPLETED,m6-1,628.154,"{'m1-1': 109.41, 'm2-1': 4.96, 'm3-1': 96.59, 'm4-1': 26.24, 'm5-1': 151.12, 'm6-1': 0.94, 'm7-1': 151.02, 'm8-1': 25.13}",1.41,628.59,629.5300000000001,inf,738.154,738.154
626,T6,BESTEFFORT,COMPLETED,m6-1,628.324,"{'m1-1': 111.88, 'm2-1': 5.04, 'm3-1': 108.93, 'm4-1': 25.89, 'm5-1': 159.96, 'm6-1': 1.05, 'm7-1': 161.01, 'm8-1': 23.54}",1.5750000000000002,629.5300000000001,630.58,inf,738.324,738.324
627,T7,BESTEFFORT,COMPLETED,m6-1,628.926,"{'m1-1': 111.9, 'm2-1': 5.08, 'm3-1': 108.53, 'm4-1': 25.7, 'm5-1': 153.92, 'm6-1': 1.01, 'm7-1': 142.3, 'm8-1': 26.21}",1.5150000000000001,630.58,631.59,inf,738.926,738.926
628,T2,BESTEFFORT,COMPLETED,m6-1,631.022,"{'m1-1': 98.62, 'm2-1': 4.64, 'm3-1': 105.1, 'm4-1': 26.71, 'm5-1': 162.74, 'm6-1': 1.14, 'm7-1': 160.73, 'm8-1': 27.21}",1.71,631.59,632.73,inf,741.022,741.022
629,T6,BESTEFFORT,COMPLETED,m6-1,631.155,"{'m1-1': 108.22, 'm2-1': 5.77, 'm3-1': 111.14, 'm4-1': 27.13, 'm5-1': 162.02, 'm6-1': 0.96, 'm7-1': 166.04, 'm8-1': 24.24}",1.44,632.73,633.69,inf,741.155,741.155
630,T2,BESTEFFORT,COMPLETED,m6-1,631.654,"{'m1-1': 100.14, 'm2-1': 4.95, 'm3-1': 106.43, 'm4-1': 26.98, 'm5-1': 172.37, 'm6-1': 1.17, 'm7-1': 167.66, 'm8-1': 27.62}",1.755,633.69,634.86,inf,741.654,741.654
631,T1,BESTEFFORT,COMPLETED,m6-1,632.258,"{'m1-1': 105.88, 'm2-1': 5.57, 'm3-1': 110.24, 'm4-1': 27.39, 'm5-1': 162.83, 'm6-1': 1.02, 'm7-1': 155.05, 'm8-1': 27.07}",1.53,634.86,635.88,inf,742.258,742.258
632,T7,BESTEFFORT,COMPLETED,m6-1,632.739,"{'m1-1': 100.05, 'm2-1': 4.65, 'm3-1': 112.5, 'm4-1': 25.32, 'm5-1': 157.32, 'm6-1': 1.11, 'm7-1': 146.26, 'm8-1': 25.99}",1.665,635.88,636.99,inf,742.739,742.739
633,T10,BESTEFFORT,COMPLETED,m2-1,633.244,"{'m1-1': 107.51, 'm2-1': 5.11, 'm3-1': 106.82, 'm4-1': 24.09, 'm5-1': 165.42, 'm6-1': 1.04, 'm7-1': 145.91, 'm8-1': 27.94}",7.665000000000001,642.466,647.576,inf,743.244,743.244
634,T2,BESTEFFORT,COMPLETED,m6-1,634.163,"{'m1-1': 107.29, 'm2-1': 4.93, 'm3-1': 101.96, 'm4-1': 26.19, 'm5-1': 160.56, 'm6-1': 1.04, 'm7-1': 163.97, 'm8-1': 27.56}",1.56,636.99,638.03,inf,744.163,744.163
635,T6,BESTEFFORT,COMPLETED,m2-1,634.235,"{'m1-1': 109.0, 'm2-1': 5.74, 'm3-1': 102.81, 'm4-1': 24.63, 'm5-1': 150.14, 'm6-1': 1.04, 'm7-1': 164.13, 'm8-1': 27.59}",8.61,647.576,653.316,inf,744.235,744.235
636,T6,BESTEFFORT,COMPLETED,m6-1,635.205,"{'m1-1': 116.07, 'm2-1': 5.63, 'm3-1': 104.34, 'm4-1': 25.86, 'm5-1': 155.36, 'm6-1': 1.02, 'm7-1': 166.49, 'm8-1': 25.31}",1.53,638.03,639.05,inf,745.205,745.205
637,T2,BESTEFFORT,COMPLETED,m6-1,636.53,"{'m1-1': 103.54, 'm2-1': 5.38, 'm3-1': 100.33, 'm4-1': 27.49, 'm5-1': 167.16, 'm6-1': 1.11, 'm7-1': 149.39, 'm8-1': 24.45}",1.665,639.05,640.16,inf,746.53,746.53
638,T6,BESTEFFORT,COMPLETED,m6-1,638.572,"{'m1-1': 117.41, 'm2-1': 5.03, 'm3-1': 105.89, 'm4-1': 26.4, 'm5-1': 154.01, 'm6-1': 1.04, 'm7-1': 165.4, 'm8-1': 24.75}",1.56,640.16,641.1999999999999,inf,748.572,748.572
639,T2,BESTEFFORT,COMPLETED,m6-1,639.319,"{'m1-1': 109.6, 'm2-1': 4.72, 'm3-1': 98.35, 'm4-1': 24.85, 'm5-1': 171.64, 'm6-1': 1.18, 'm7-1': 159.05, 'm8-1': 26.88}",1.77,641.1999999999999,642.3799999999999,inf,749.319,749.319
640,T4,BESTEFFORT,COMPLETED,m6-1,640.321,"{'m1-1': 110.7, 'm2-1': 4.98, 'm3-1': 107.04, 'm4-1': 25.45, 'm5-1': 154.38, 'm6-1': 1.11, 'm7-1': 150.75, 'm8-1': 25.1}",1.665,642.3799999999999,643.4899999999999,inf,750.321,750.321
641,T1,BESTEFFORT,COMPLETED,m6-1,642.566,"{'m1-1': 105.03, 'm2-1': 5.3, 'm3-1': 104.36, 'm4-1': 29.61, 'm5-1': 138.43, 'm6-1': 1.14, 'm7-1': 152.36, 'm8-1': 24.41}",1.71,643.4899999999999,644.6299999999999,inf,752.566,752.566
642,T8,BESTEFFORT,COMPLETED,m6-1,645.811,"{'m1-1': 97.29, 'm2-1': 4.87, 'm3-1': 104.45, 'm4-1': 27.83, 'm5-1': 162.83, 'm6-1': 1.08, 'm7-1': 146.29, 'm8-1': 23.79}",1.62,645.811,646.8910000000001,inf,755.811,755.811
643,T4,BESTEFFORT,COMPLETED,m6-1,648.814,"{'m1-1': 97.92, 'm2-1': 4.93, 'm3-1': 116.4, 'm4-1': 25.54, 'm5-1': 162.36, 'm6-1': 1.0, 'm7-1': 149.72, 'm8-1': 27.38}",1.5,648.814,649.814,inf,758.814,758.814
644,T8,BESTEFFORT,COMPLETED,m6-1,649.628,"{'m1-1': 107.64, 'm2-1': 4.95, 'm3-1': 96.93, 'm4-1': 26.8, 'm5-1': 162.5, 'm6-1': 1.06, 'm7-1': 157.75, 'm8-1': 23.83}",1.59,649.814,650.8739999999999,inf,759.628,759.628
645,T9,BESTEFFORT,COMPLETED,m6-1,649.953,"{'m1-1': 105.47, 'm2-1': 4.87, 'm3-1': 96.99, 'm4-1': 28.39, 'm5-1': 151.07, 'm6-1': 1.13, 'm7-1': 163.05, 'm8-1': 23.79}",1.6949999999999998,650.8739999999999,652.0039999999999,inf,759.953,759.953
646,T1,BESTEFFORT,COMPLETED,m6-1,649.96,"{'m1-1': 103.88, 'm2-1': 5.04, 'm3-1': 109.55, 'm4-1': 28.11, 'm5-1': 144.78, 'm6-1': 1.09, 'm7-1': 160.5, 'm8-1': 27.42}",1.6350000000000002,652.0039999999999,653.0939999999999,inf,759.96,759.96
647,T3,BESTEFFORT,COMPLETED,m6-1,650.067,"{'m1-1': 98.41, 'm2-1': 5.12, 'm3-1': 95.09, 'm4-1': 25.42, 'm5-1': 163.01, 'm6-1': 0.97, 'm7-1': 162.62, 'm8-1': 23.31}",1.455,653.0939999999999,654.064,inf,760.067,760.067
648,T2,BESTEFFORT,COMPLETED,m2-1,650.708,"{'m1-1': 100.39, 'm2-1': 4.72, 'm3-1': 107.44, 'm4-1': 25.45, 'm5-1': 171.34, 'm6-1': 1.05, 'm7-1': 144.56, 'm8-1': 27.57}",7.08,653.316,658.0360000000001,inf,760.708,760.708
649,T7,BESTEFFORT,COMPLETED,m2-1,650.728,"{'m1-1': 99.76, 'm2-1': 4.75, 'm3-1': 107.57, 'm4-1': 27.61, 'm5-1': 154.17, 'm6-1': 1.03, 'm7-1': 146.26, 'm8-1': 27.63}",7.125,658.0360000000001,662.7860000000001,inf,760.728,760.728
650,T10,BESTEFFORT,COMPLETED,m6-1,651.941,"{'m1-1': 100.72, 'm2-1': 4.84, 'm3-1': 111.9, 'm4-1': 26.5, 'm5-1': 168.92, 'm6-1': 0.96, 'm7-1': 164.18, 'm8-1': 25.31}",1.44,654.064,655.024,inf,761.941,761.941
651,T3,BESTEFFORT,COMPLETED,m6-1,652.037,"{'m1-1': 106.03, 'm2-1': 4.98, 'm3-1': 103.22, 'm4-1': 25.56, 'm5-1': 151.55, 'm6-1': 1.02, 'm7-1': 167.86, 'm8-1': 26.0}",1.53,655.024,656.044,inf,762.037,762.037
652,T3,BESTEFFORT,COMPLETED,m6-1,653.56,"{'m1-1': 95.34, 'm2-1': 4.94, 'm3-1': 94.38, 'm4-1': 27.21, 'm5-1': 158.96, 'm6-1': 1.05, 'm7-1': 144.87, 'm8-1': 26.74}",1.5750000000000002,656.044,657.0939999999999,inf,763.56,763.56
653,T1,BESTEFFORT,COMPLETED,m6-1,656.707,"{'m1-1': 100.82, 'm2-1': 4.98, 'm3-1': 105.16, 'm4-1': 26.56, 'm5-1': 141.86, 'm6-1': 1.02, 'm7-1': 150.51, 'm8-1': 25.08}",1.53,657.0939999999999,658.1139999999999,inf,766.707,766.707
654,T9,BESTEFFORT,COMPLETED,m6-1,658.336,"{'m1-1': 112.17, 'm2-1': 4.84, 'm3-1': 108.79, 'm4-1': 27.63, 'm5-1': 159.28, 'm6-1': 1.13, 'm7-1': 150.04, 'm8-1': 23.56}",1.6949999999999998,658.336,659.466,inf,768.336,768.336
655,T7,BESTEFFORT,COMPLETED,m6-1,659.274,"{'m1-1': 115.15, 'm2-1': 4.88, 'm3-1': 101.74, 'm4-1': 25.32, 'm5-1': 140.91, 'm6-1': 1.05, 'm7-1': 142.98, 'm8-1': 27.66}",1.5750000000000002,659.466,660.516,inf,769.274,769.274
656,T5,BESTEFFORT,COMPLETED,m6-1,660.925,"{'m1-1': 98.96, 'm2-1': 5.29, 'm3-1': 109.89, 'm4-1': 25.02, 'm5-1': 162.55, 'm6-1': 1.01, 'm7-1': 160.6, 'm8-1': 23.7}",1.5150000000000001,660.925,661.935,inf,770.925,770.925
657,T10,BESTEFFORT,COMPLETED,m6-1,661.064,"{'m1-1': 102.27, 'm2-1': 5.19, 'm3-1': 108.73, 'm4-1': 26.19, 'm5-1': 151.92, 'm6-1': 1.03, 'm7-1': 149.65, 'm8-1': 26.25}",1.545,661.935,662.9649999999999,inf,771.064,771.064
658,T2,BESTEFFORT,COMPLETED,m6-1,664.347,"{'m1-1': 108.05, 'm2-1': 4.71, 'm3-1': 99.66, 'm4-1': 24.35, 'm5-1': 148.67, 'm6-1': 1.16, 'm7-1': 158.96, 'm8-1': 25.55}",1.7399999999999998,664.347,665.507,inf,774.347,774.347
659,T7,BESTEFFORT,COMPLETED,m6-1,665.15,"{'m1-1': 100.89, 'm2-1': 5.16, 'm3-1': 107.0, 'm4-1': 26.01, 'm5-1': 150.88, 'm6-1': 1.05, 'm7-1': 157.3, 'm8-1': 26.96}",1.5750000000000002,665.507,666.5569999999999,inf,775.15,775.15
660,T8,BESTEFFORT,COMPLETED,m6-1,665.451,"{'m1-1': 103.01, 'm2-1': 5.11, 'm3-1': 112.48, 'm4-1': 24.01, 'm5-1': 148.58, 'm6-1': 1.0, 'm7-1': 153.76, 'm8-1': 27.37}",1.5,666.5569999999999,667.5569999999999,inf,775.451,775.451
661,T5,BESTEFFORT,COMPLETED,m6-1,665.939,"{'m1-1': 111.58, 'm2-1': 5.23, 'm3-1': 96.11, 'm4-1': 23.7, 'm5-1': 163.61, 'm6-1': 1.07, 'm7-1': 139.65, 'm8-1': 23.91}",1.605,667.5569999999999,668.627,inf,775.939,775.939
662,T8,BESTEFFORT,COMPLETED,m6-1,667.205,"{'m1-1': 100.81, 'm2-1': 5.44, 'm3-1': 103.51, 'm4-1': 27.55, 'm5-1': 161.69, 'm6-1': 1.0, 'm7-1': 170.6, 'm8-1': 25.88}",1.5,668.627,669.627,inf,777.205,777.205
663,T4,BESTEFFORT,COMPLETED,m6-1,667.263,"{'m1-1': 96.78, 'm2-1': 4.99, 'm3-1': 103.05, 'm4-1': 26.02, 'm5-1': 154.26, 'm6-1': 1.06, 'm7-1': 144.29, 'm8-1': 25.37}",1.59,669.627,670.6869999999999,inf,777.263,777.263
664,T5,BESTEFFORT,COMPLETED,m6-1,668.847,"{'m1-1': 96.88, 'm2-1': 5.42, 'm3-1': 107.28, 'm4-1': 23.89, 'm5-1': 161.28, 'm6-1': 0.97, 'm7-1': 143.73, 'm8-1': 27.68}",1.455,670.6869999999999,671.6569999999999,inf,778.847,778.847
665,T10,BESTEFFORT,COMPLETED,m6-1,669.816,"{'m1-1': 103.44, 'm2-1': 5.33, 'm3-1': 99.2, 'm4-1': 23.7, 'm5-1': 170.68, 'm6-1': 0.99, 'm7-1': 163.23, 'm8-1': 25.19}",1.4849999999999999,671.6569999999999,672.6469999999999,inf,779.816,779.816
666,T7,BESTEFFORT,COMPLETED,m6-1,670.812,"{'m1-1': 103.61, 'm2-1': 5.3, 'm3-1': 101.08, 'm4-1': 24.65, 'm5-1': 142.07, 'm6-1': 1.16, 'm7-1': 152.65, 'm8-1': 29.31}",1.7399999999999998,672.6469999999999,673.8069999999999,inf,780.812,780.812
667,T8,BESTEFFORT,COMPLETED,m6-1,672.354,"{'m1-1': 97.84, 'm2-1': 5.49, 'm3-1': 99.9, 'm4-1': 26.07, 'm5-1': 145.87, 'm6-1': 1.01, 'm7-1': 156.14, 'm8-1': 26.3}",1.5150000000000001,673.8069999999999,674.8169999999999,inf,782.354,782.354
668,T2,BESTEFFORT,COMPLETED,m6-1,672.903,"{'m1-1': 115.87, 'm2-1': 4.95, 'm3-1': 99.78, 'm4-1': 25.44, 'm5-1': 159.4, 'm6-1': 1.16, 'm7-1': 157.42, 'm8-1': 27.13}",1.7399999999999998,674.8169999999999,675.9769999999999,inf,782.903,782.903
669,T10,BESTEFFORT,COMPLETED,m6-1,674.831,"{'m1-1': 118.56, 'm2-1': 4.86, 'm3-1': 108.69, 'm4-1': 27.1, 'm5-1': 162.18, 'm6-1': 1.09, 'm7-1': 144.22, 'm8-1': 28.1}",1.6350000000000002,675.9769999999999,677.0669999999999,inf,784.831,784.831
670,T10,BESTEFFORT,COMPLETED,m6-1,676.581,"{'m1-1': 107.05, 'm2-1': 5.28, 'm3-1': 112.46, 'm4-1': 24.57, 'm5-1': 154.98, 'm6-1': 1.03, 'm7-1': 144.84, 'm8-1': 26.22}",1.545,677.0669999999999,678.0969999999999,inf,786.581,786.581
671,T2,BESTEFFORT,COMPLETED,m6-1,676.592,"{'m1-1': 113.51, 'm2-1': 5.2, 'm3-1': 108.47, 'm4-1': 25.07, 'm5-1': 146.28, 'm6-1': 1.11, 'm7-1': 155.9, 'm8-1': 25.03}",1.665,678.0969999999999,679.2069999999999,inf,786.592,786.592
672,T1,BESTEFFORT,COMPLETED,m6-1,677.14,"{'m1-1': 105.31, 'm2-1': 4.94, 'm3-1': 113.38, 'm4-1': 26.71, 'm5-1': 149.98, 'm6-1': 1.16, 'm7-1': 163.84, 'm8-1': 24.36}",1.7399999999999998,679.2069999999999,680.3669999999998,inf,787.14,787.14
673,T8,BESTEFFORT,COMPLETED,m6-1,678.046,"{'m1-1': 107.77, 'm2-1': 5.61, 'm3-1': 101.67, 'm4-1': 25.31, 'm5-1': 146.81, 'm6-1': 0.97, 'm7-1': 167.57, 'm8-1': 24.82}",1.455,680.3669999999998,681.3369999999999,inf,788.046,788.046
674,T2,BESTEFFORT,COMPLETED,m6-1,678.261,"{'m1-1': 98.76, 'm2-1': 4.94, 'm3-1': 98.73, 'm4-1': 26.19, 'm5-1': 151.47, 'm6-1': 1.08, 'm7-1': 153.51, 'm8-1': 25.29}",1.62,681.3369999999999,682.4169999999999,inf,788.261,788.261
675,T2,BESTEFFORT,COMPLETED,m2-1,678.954,"{'m1-1': 100.03, 'm2-1': 5.2, 'm3-1': 112.25, 'm4-1': 28.0, 'm5-1': 146.34, 'm6-1': 1.11, 'm7-1': 163.91, 'm8-1': 24.64}",7.800000000000001,678.954,684.154,inf,788.954,788.954
676,T5,BESTEFFORT,COMPLETED,m6-1,679.985,"{'m1-1': 108.92, 'm2-1': 5.15, 'm3-1': 108.65, 'm4-1': 24.22, 'm5-1': 160.51, 'm6-1': 1.05, 'm7-1': 145.28, 'm8-1': 26.12}",1.5750000000000002,682.4169999999999,683.4669999999999,inf,789.985,789.985
677,T5,BESTEFFORT,COMPLETED,m6-1,682.854,"{'m1-1': 104.55, 'm2-1': 4.87, 'm3-1': 107.27, 'm4-1': 26.17, 'm5-1': 153.56, 'm6-1': 0.96, 'm7-1': 145.86, 'm8-1': 26.6}",1.44,683.4669999999999,684.4269999999999,inf,792.854,792.854
678,T5,BESTEFFORT,COMPLETED,m6-1,684.322,"{'m1-1': 102.33, 'm2-1': 5.01, 'm3-1': 93.7, 'm4-1': 27.74, 'm5-1': 169.48, 'm6-1': 1.04, 'm7-1': 151.42, 'm8-1': 24.91}",1.56,684.4269999999999,685.4669999999999,inf,794.322,794.322
679,T9,BESTEFFORT,COMPLETED,m6-1,684.485,"{'m1-1': 111.45, 'm2-1': 5.43, 'm3-1': 105.88, 'm4-1': 26.55, 'm5-1': 169.32, 'm6-1': 1.16, 'm7-1': 139.68, 'm8-1': 23.89}",1.7399999999999998,685.4669999999999,686.6269999999998,inf,794.485,794.485
680,T2,BESTEFFORT,COMPLETED,m6-1,685.182,"{'m1-1': 114.1, 'm2-1': 5.37, 'm3-1': 106.75, 'm4-1': 25.43, 'm5-1': 165.02, 'm6-1': 1.18, 'm7-1': 168.07, 'm8-1': 24.69}",1.77,686.6269999999998,687.8069999999998,inf,795.182,795.182
681,T10,BESTEFFORT,COMPLETED,m6-1,685.913,"{'m1-1': 104.41, 'm2-1': 5.3, 'm3-1': 114.45, 'm4-1': 24.92, 'm5-1': 162.8, 'm6-1': 0.95, 'm7-1': 158.03, 'm8-1': 29.43}",1.4249999999999998,687.8069999999998,688.7569999999998,inf,795.913,795.913
682,T9,BESTEFFORT,COMPLETED,m6-1,686.34,"{'m1-1': 97.29, 'm2-1': 5.18, 'm3-1': 93.13, 'm4-1': 27.82, 'm5-1': 173.27, 'm6-1': 1.13, 'm7-1': 154.0, 'm8-1': 26.75}",1.6949999999999998,688.7569999999998,689.8869999999998,inf,796.34,796.34
683,T8,BESTEFFORT,COMPLETED,m6-1,686.695,"{'m1-1': 110.28, 'm2-1': 5.37, 'm3-1': 99.44, 'm4-1': 27.8, 'm5-1': 160.87, 'm6-1': 1.08, 'm7-1': 150.25, 'm8-1': 27.05}",1.62,689.8869999999998,690.9669999999999,inf,796.695,796.695
684,T6,BESTEFFORT,COMPLETED,m2-1,687.099,"{'m1-1': 100.44, 'm2-1': 5.63, 'm3-1': 98.08, 'm4-1': 24.98, 'm5-1': 148.77, 'm6-1': 0.93, 'm7-1': 148.5, 'm8-1': 25.44}",8.445,687.099,692.729,inf,797.099,797.099
685,T10,BESTEFFORT,COMPLETED,m2-1,687.594,"{'m1-1': 116.56, 'm2-1': 5.04, 'm3-1': 111.34, 'm4-1': 24.09, 'm5-1': 168.19, 'm6-1': 1.09, 'm7-1': 162.76, 'm8-1': 26.86}",7.5600000000000005,692.729,697.769,inf,797.594,797.594
686,T4,BESTEFFORT,COMPLETED,m6-1,688.058,"{'m1-1': 105.38, 'm2-1': 5.23, 'm3-1': 115.41, 'm4-1': 25.3, 'm5-1': 152.28, 'm6-1': 1.03, 'm7-1': 164.62, 'm8-1': 27.23}",1.545,690.9669999999999,691.9969999999998,inf,798.058,798.058
687,T3,BESTEFFORT,COMPLETED,m2-1,688.169,"{'m1-1': 109.29, 'm2-1': 4.89, 'm3-1': 107.69, 'm4-1': 27.25, 'm5-1': 157.27, 'm6-1': 1.11, 'm7-1': 170.69, 'm8-1': 23.65}",7.334999999999999,697.769,702.659,inf,798.169,798.169
688,T3,BESTEFFORT,COMPLETED,m2-1,688.724,"{'m1-1': 96.1, 'm2-1': 5.52, 'm3-1': 92.45, 'm4-1': 25.53, 'm5-1': 156.8, 'm6-1': 0.99, 'm7-1': 171.39, 'm8-1': 24.65}",8.28,702.659,708.179,inf,798.724,798.724
689,T2,BESTEFFORT,COMPLETED,m6-1,689.422,"{'m1-1': 103.21, 'm2-1': 5.34, 'm3-1': 98.69, 'm4-1': 24.64, 'm5-1': 166.11, 'm6-1': 1.13, 'm7-1': 159.9, 'm8-1': 25.43}",1.6949999999999998,691.9969999999998,693.1269999999998,inf,799.422,799.422
690,T7,BESTEFFORT,COMPLETED,m6-1,690.375,"{'m1-1': 101.12, 'm2-1': 5.36, 'm3-1': 98.94, 'm4-1': 24.1, 'm5-1': 140.91, 'm6-1': 1.1, 'm7-1': 147.43, 'm8-1': 26.17}",1.6500000000000001,693.1269999999998,694.2269999999999,inf,800.375,800.375
691,T1,BESTEFFORT,COMPLETED,m6-1,691.507,"{'m1-1': 108.03, 'm2-1': 5.49, 'm3-1': 111.93, 'm4-1': 29.54, 'm5-1': 150.48, 'm6-1': 1.08, 'm7-1': 154.85, 'm8-1': 25.78}",1.62,694.2269999999999,695.3069999999999,inf,801.507,801.507
692,T5,BESTEFFORT,COMPLETED,m4-1,691.912,"{'m1-1': 107.32, 'm2-1': 5.48, 'm3-1': 95.81, 'm4-1': 24.46, 'm5-1': 164.39, 'm6-1': 0.94, 'm7-1': 155.88, 'm8-1': 26.75}",36.69,691.912,716.3720000000001,inf,801.912,801.912
693,T10,BESTEFFORT,COMPLETED,m6-1,693.654,"{'m1-1': 114.87, 'm2-1': 5.14, 'm3-1': 104.19, 'm4-1': 23.3, 'm5-1': 148.82, 'm6-1': 0.99, 'm7-1': 155.19, 'm8-1': 26.79}",1.4849999999999999,695.3069999999999,696.2969999999999,inf,803.654,803.654
694,T4,BESTEFFORT,COMPLETED,m6-1,698.25,"{'m1-1': 108.74, 'm2-1': 5.21, 'm3-1': 116.82, 'm4-1': 26.66, 'm5-1': 166.73, 'm6-1': 1.16, 'm7-1': 159.48, 'm8-1': 26.69}",1.7399999999999998,698.25,699.41,inf,808.25,808.25
695,T7,BESTEFFORT,COMPLETED,m6-1,698.884,"{'m1-1': 114.84, 'm2-1': 5.18, 'm3-1': 100.48, 'm4-1': 25.88, 'm5-1': 146.57, 'm6-1': 1.02, 'm7-1': 155.09, 'm8-1': 26.7}",1.53,699.41,700.43,inf,808.884,808.884
696,T8,BESTEFFORT,COMPLETED,m6-1,699.555,"{'m1-1': 97.3, 'm2-1': 5.14, 'm3-1': 114.24, 'm4-1': 28.05, 'm5-1': 145.62, 'm6-1': 1.02, 'm7-1': 165.09, 'm8-1': 24.86}",1.53,700.43,701.4499999999999,inf,809.555,809.555
697,T5,BESTEFFORT,COMPLETED,m6-1,699.776,"{'m1-1': 111.02, 'm2-1': 4.9, 'm3-1': 94.44, 'm4-1': 26.32, 'm5-1': 161.75, 'm6-1': 1.09, 'm7-1': 148.67, 'm8-1': 27.65}",1.6350000000000002,701.4499999999999,702.54,inf,809.776,809.776
698,T1,BESTEFFORT,COMPLETED,m6-1,700.382,"{'m1-1': 108.81, 'm2-1': 5.24, 'm3-1': 102.16, 'm4-1': 29.07, 'm5-1': 162.34, 'm6-1': 1.14, 'm7-1': 156.65, 'm8-1': 26.79}",1.71,702.54,703.68,inf,810.382,810.382
699,T4,BESTEFFORT,COMPLETED,m6-1,701.233,"{'m1-1': 100.51, 'm2-1': 5.1, 'm3-1': 101.85, 'm4-1': 28.21, 'm5-1': 153.16, 'm6-1': 1.01, 'm7-1': 163.72, 'm8-1': 27.94}",1.5150000000000001,703.68,704.6899999999999,inf,811.233,811.233
700,T2,BESTEFFORT,COMPLETED,m6-1,702.509,"{'m1-1': 115.93, 'm2-1': 4.83, 'm3-1': 102.71, 'm4-1': 28.04, 'm5-1': 171.94, 'm6-1': 1.06, 'm7-1': 151.97, 'm8-1': 24.78}",1.59,704.6899999999999,705.7499999999999,inf,812.509,812.509
701,T5,BESTEFFORT,COMPLETED,m6-1,702.816,"{'m1-1': 101.33, 'm2-1': 5.33, 'm3-1': 100.0, 'm4-1': 26.35, 'm5-1': 155.92, 'm6-1': 1.09, 'm7-1': 161.4, 'm8-1': 27.68}",1.6350000000000002,705.7499999999999,706.8399999999999,inf,812.816,812.816
702,T3,BESTEFFORT,COMPLETED,m2-1,702.896,"{'m1-1': 102.68, 'm2-1': 4.9, 'm3-1': 93.48, 'm4-1': 25.47, 'm5-1': 146.07, 'm6-1': 1.04, 'm7-1': 156.84, 'm8-1': 23.16}",7.3500000000000005,708.179,713.079,inf,812.896,812.896
703,T3,BESTEFFORT,COMPLETED,m2-1,703.168,"{'m1-1': 96.89, 'm2-1': 5.52, 'm3-1': 97.56, 'm4-1': 25.81, 'm5-1': 160.77, 'm6-1': 1.1, 'm7-1': 160.52, 'm8-1': 25.14}",8.28,713.079,718.5989999999999,inf,813.168,813.168
704,T6,BESTEFFORT,COMPLETED,m6-1,704.283,"{'m1-1': 117.56, 'm2-1': 5.42, 'm3-1': 103.11, 'm4-1': 24.66, 'm5-1': 152.18, 'm6-1': 0.96, 'm7-1': 163.48, 'm8-1': 27.32}",1.44,706.8399999999999,707.8,inf,814.283,814.283
705,T1,BESTEFFORT,COMPLETED,m2-1,704.636,"{'m1-1': 95.27, 'm2-1': 5.18, 'm3-1': 99.08, 'm4-1': 28.98, 'm5-1': 141.79, 'm6-1': 1.07, 'm7-1': 146.09, 'm8-1': 28.23}",7.77,718.5989999999999,723.7789999999999,inf,814.636,814.636
706,T3,BESTEFFORT,COMPLETED,m6-1,706.082,"{'m1-1': 101.97, 'm2-1': 5.02, 'm3-1': 98.75, 'm4-1': 25.07, 'm5-1': 145.69, 'm6-1': 1.1, 'm7-1': 162.78, 'm8-1': 23.24}",1.6500000000000001,707.8,708.9,inf,816.082,816.082
707,T4,BESTEFFORT,COMPLETED,m6-1,708.488,"{'m1-1': 110.42, 'm2-1': 5.61, 'm3-1': 106.39, 'm4-1': 25.02, 'm5-1': 156.54, 'm6-1': 1.01, 'm7-1': 155.88, 'm8-1': 26.82}",1.5150000000000001,708.9,709.91,inf,818.488,818.488
708,T9,BESTEFFORT,COMPLETED,m6-1,708.53,"{'m1-1': 100.38, 'm2-1': 4.72, 'm3-1': 103.51, 'm4-1': 27.97, 'm5-1': 159.54, 'm6-1': 1.11, 'm7-1': 147.27, 'm8-1': 25.24}",1.665,709.91,711.02,inf,818.53,818.53
709,T10,BESTEFFORT,COMPLETED,m6-1,709.857,"{'m1-1': 113.88, 'm2-1': 4.76, 'm3-1': 98.78, 'm4-1': 26.3, 'm5-1': 161.48, 'm6-1': 0.96, 'm7-1': 147.36, 'm8-1': 27.18}",1.44,711.02,711.98,inf,819.857,819.857
710,T1,BESTEFFORT,COMPLETED,m6-1,713.015,"{'m1-1': 94.96, 'm2-1': 5.68, 'm3-1': 97.62, 'm4-1': 29.66, 'm5-1': 155.45, 'm6-1': 0.99, 'm7-1': 168.78, 'm8-1': 28.03}",1.4849999999999999,713.015,714.005,inf,823.015,823.015
711,T1,BESTEFFORT,COMPLETED,m6-1,713.234,"{'m1-1': 102.13, 'm2-1': 5.14, 'm3-1': 111.6, 'm4-1': 28.84, 'm5-1': 153.37, 'm6-1': 1.08, 'm7-1': 168.07, 'm8-1': 24.72}",1.62,714.005,715.085,inf,823.234,823.234
712,T9,BESTEFFORT,COMPLETED,m6-1,714.341,"{'m1-1': 97.86, 'm2-1': 4.86, 'm3-1': 98.9, 'm4-1': 27.68, 'm5-1': 164.59, 'm6-1': 1.17, 'm7-1': 153.17, 'm8-1': 24.83}",1.755,715.085,716.255,inf,824.341,824.341
713,T2,BESTEFFORT,COMPLETED,m6-1,714.574,"{'m1-1': 103.31, 'm2-1': 4.84, 'm3-1': 102.79, 'm4-1': 26.96, 'm5-1': 171.43, 'm6-1': 1.19, 'm7-1': 158.56, 'm8-1': 27.12}",1.785,716.255,717.445,inf,824.574,824.574
714,T6,BESTEFFORT,COMPLETED,m6-1,715.339,"{'m1-1': 117.95, 'm2-1': 5.85, 'm3-1': 107.29, 'm4-1': 24.45, 'm5-1': 145.33, 'm6-1': 0.94, 'm7-1': 160.92, 'm8-1': 24.01}",1.41,717.445,718.3850000000001,inf,825.339,825.339
715,T3,BESTEFFORT,COMPLETED,m6-1,716.989,"{'m1-1': 103.67, 'm2-1': 5.5, 'm3-1': 101.73, 'm4-1': 27.38, 'm5-1': 149.37, 'm6-1': 1.0, 'm7-1': 163.44, 'm8-1': 24.8}",1.5,718.3850000000001,719.3850000000001,inf,826.989,826.989
716,T5,BESTEFFORT,COMPLETED,m6-1,718.065,"{'m1-1': 112.05, 'm2-1': 5.37, 'm3-1': 102.5, 'm4-1': 24.8, 'm5-1': 163.66, 'm6-1': 1.09, 'm7-1': 148.7, 'm8-1': 27.75}",1.6350000000000002,719.3850000000001,720.4750000000001,inf,828.065,828.065
717,T2,BESTEFFORT,COMPLETED,m6-1,718.446,"{'m1-1': 109.0, 'm2-1': 5.1, 'm3-1': 111.33, 'm4-1': 27.25, 'm5-1': 169.27, 'm6-1': 1.04, 'm7-1': 159.66, 'm8-1': 26.38}",1.56,720.4750000000001,721.5150000000001,inf,828.446,828.446
718,T2,BESTEFFORT,COMPLETED,m6-1,721.829,"{'m1-1': 112.04, 'm2-1': 4.62, 'm3-1': 107.62, 'm4-1': 27.41, 'm5-1': 157.04, 'm6-1': 1.18, 'm7-1': 152.77, 'm8-1': 28.08}",1.77,721.829,723.0089999999999,inf,831.829,831.829
719,T8,BESTEFFORT,COMPLETED,m6-1,721.92,"{'m1-1': 112.02, 'm2-1': 5.08, 'm3-1': 113.28, 'm4-1': 27.53, 'm5-1': 147.97, 'm6-1': 1.09, 'm7-1': 149.77, 'm8-1': 23.38}",1.6350000000000002,723.0089999999999,724.0989999999999,inf,831.92,831.92
720,T10,BESTEFFORT,COMPLETED,m6-1,722.554,"{'m1-1': 103.44, 'm2-1': 5.0, 'm3-1': 103.9, 'm4-1': 24.2, 'm5-1': 162.83, 'm6-1': 1.09, 'm7-1': 146.57, 'm8-1': 29.45}",1.6350000000000002,724.0989999999999,725.189,inf,832.554,832.554
721,T3,BESTEFFORT,COMPLETED,m6-1,723.164,"{'m1-1': 111.1, 'm2-1': 4.89, 'm3-1': 99.88, 'm4-1': 26.22, 'm5-1': 167.28, 'm6-1': 1.09, 'm7-1': 167.1, 'm8-1': 23.78}",1.6350000000000002,725.189,726.279,inf,833.164,833.164
722,T5,BESTEFFORT,COMPLETED,m6-1,723.952,"{'m1-1': 108.27, 'm2-1': 4.77, 'm3-1': 107.27, 'm4-1': 24.98, 'm5-1': 158.23, 'm6-1': 1.03, 'm7-1': 155.24, 'm8-1': 26.17}",1.545,726.279,727.309,inf,833.952,833.952
723,T4,BESTEFFORT,COMPLETED,m6-1,725.302,"{'m1-1': 97.17, 'm2-1': 5.28, 'm3-1': 116.23, 'm4-1': 26.06, 'm5-1': 149.86, 'm6-1': 1.01, 'm7-1': 160.96, 'm8-1': 28.46}",1.5150000000000001,727.309,728.319,inf,835.302,835.302
724,T3,BESTEFFORT,COMPLETED,m6-1,725.969,"{'m1-1': 109.68, 'm2-1': 4.96, 'm3-1': 100.56, 'm4-1': 25.84, 'm5-1': 165.41, 'm6-1': 1.11, 'm7-1': 147.43, 'm8-1': 26.6}",1.665,728.319,729.429,inf,835.969,835.969
725,T9,BESTEFFORT,COMPLETED,m6-1,727.177,"{'m1-1': 112.03, 'm2-1': 5.42, 'm3-1': 105.58, 'm4-1': 28.84, 'm5-1': 164.69, 'm6-1': 1.02, 'm7-1': 163.62, 'm8-1': 27.33}",1.53,729.429,730.449,inf,837.177,837.177
726,T5,BESTEFFORT,COMPLETED,m6-1,728.62,"{'m1-1': 104.12, 'm2-1': 4.84, 'm3-1': 108.1, 'm4-1': 27.72, 'm5-1': 166.94, 'm6-1': 1.03, 'm7-1': 152.55, 'm8-1': 26.01}",1.545,730.449,731.4789999999999,inf,838.62,838.62
727,T3,BESTEFFORT,COMPLETED,m6-1,729.786,"{'m1-1': 102.69, 'm2-1': 4.84, 'm3-1': 98.48, 'm4-1': 26.99, 'm5-1': 170.62, 'm6-1': 1.01, 'm7-1': 155.55, 'm8-1': 23.18}",1.5150000000000001,731.4789999999999,732.4889999999999,inf,839.786,839.786
728,T3,BESTEFFORT,COMPLETED,m6-1,729.905,"{'m1-1': 98.96, 'm2-1': 5.29, 'm3-1': 105.69, 'm4-1': 27.96, 'm5-1': 168.86, 'm6-1': 1.03, 'm7-1': 171.28, 'm8-1': 23.58}",1.545,732.4889999999999,733.5189999999999,inf,839.905,839.905
729,T10,BESTEFFORT,COMPLETED,m2-1,730.17,"{'m1-1': 114.12, 'm2-1': 5.2, 'm3-1': 116.21, 'm4-1': 25.45, 'm5-1': 161.01, 'm6-1': 1.07, 'm7-1': 159.76, 'm8-1': 29.6}",7.800000000000001,730.17,735.37,inf,840.17,840.17
730,T8,BESTEFFORT,COMPLETED,m6-1,731.357,"{'m1-1': 109.44, 'm2-1': 5.38, 'm3-1': 98.55, 'm4-1': 24.18, 'm5-1': 161.31, 'm6-1': 0.97, 'm7-1': 154.65, 'm8-1': 25.05}",1.455,733.5189999999999,734.4889999999999,inf,841.357,841.357
731,T10,BESTEFFORT,COMPLETED,m2-1,731.433,"{'m1-1': 107.32, 'm2-1': 5.45, 'm3-1': 98.33, 'm4-1': 23.69, 'm5-1': 158.51, 'm6-1': 1.01, 'm7-1': 153.22, 'm8-1': 27.66}",8.175,735.37,740.82,inf,841.433,841.433
732,T5,BESTEFFORT,COMPLETED,m6-1,732.455,"{'m1-1': 97.1, 'm2-1': 5.24, 'm3-1': 102.0, 'm4-1': 25.4, 'm5-1': 151.47, 'm6-1': 1.02, 'm7-1': 149.52, 'm8-1': 25.55}",1.53,734.4889999999999,735.5089999999999,inf,842.455,842.455
733,T4,BESTEFFORT,COMPLETED,m6-1,732.691,"{'m1-1': 102.46, 'm2-1': 5.51, 'm3-1': 103.08, 'm4-1': 27.34, 'm5-1': 154.26, 'm6-1': 1.13, 'm7-1': 148.76, 'm8-1': 24.48}",1.6949999999999998,735.5089999999999,736.6389999999999,inf,842.691,842.691
734,T10,BESTEFFORT,COMPLETED,m2-1,732.767,"{'m1-1': 115.7, 'm2-1': 5.51, 'm3-1': 111.25, 'm4-1': 25.27, 'm5-1': 165.33, 'm6-1': 0.97, 'm7-1': 162.29, 'm8-1': 25.81}",8.265,740.82,746.33,inf,842.767,842.767
735,T8,BESTEFFORT,COMPLETED,m2-1,733.187,"{'m1-1': 107.0, 'm2-1': 5.34, 'm3-1': 109.32, 'm4-1': 27.62, 'm5-1': 139.23, 'm6-1': 1.11, 'm7-1': 161.77, 'm8-1': 24.51}",8.01,746.33,751.6700000000001,inf,843.187,843.187
736,T2,BESTEFFORT,COMPLETED,m6-1,733.749,"{'m1-1': 108.48, 'm2-1': 4.89, 'm3-1': 103.6, 'm4-1': 24.38, 'm5-1': 151.1, 'm6-1': 1.01, 'm7-1': 165.55, 'm8-1': 26.68}",1.5150000000000001,736.6389999999999,737.6489999999999,inf,843.749,843.749
737,T7,BESTEFFORT,COMPLETED,m6-1,734.681,"{'m1-1': 100.81, 'm2-1': 5.22, 'm3-1': 106.08, 'm4-1': 24.11, 'm5-1': 152.33, 'm6-1': 1.06, 'm7-1': 148.55, 'm8-1': 26.68}",1.59,737.6489999999999,738.7089999999998,inf,844.681,844.681
738,T8,BESTEFFORT,COMPLETED,m8-1,735.124,"{'m1-1': 97.78, 'm2-1': 5.51, 'm3-1': 103.42, 'm4-1': 27.16, 'm5-1': 140.39, 'm6-1': 0.94, 'm7-1': 145.5, 'm8-1': 23.51}",35.265,735.124,758.634,inf,845.124,845.124
739,T1,BESTEFFORT,COMPLETED,m6-1,738.807,"{'m1-1': 101.11, 'm2-1': 5.21, 'm3-1': 107.2, 'm4-1': 26.2, 'm5-1': 141.07, 'm6-1': 1.02, 'm7-1': 166.28, 'm8-1': 27.88}",1.53,738.807,739.827,inf,848.807,848.807
740,T1,BESTEFFORT,COMPLETED,m6-1,739.306,"{'m1-1': 108.55, 'm2-1': 5.47, 'm3-1': 105.14, 'm4-1': 26.29, 'm5-1': 159.96, 'm6-1': 1.06, 'm7-1': 150.26, 'm8-1': 25.7}",1.59,739.827,740.887,inf,849.306,849.306
741,T3,BESTEFFORT,COMPLETED,m6-1,740.424,"{'m1-1': 111.92, 'm2-1': 5.48, 'm3-1': 96.74, 'm4-1': 28.28, 'm5-1': 165.23, 'm6-1': 1.1, 'm7-1': 164.76, 'm8-1': 26.76}",1.6500000000000001,740.887,741.987,inf,850.424,850.424
742,T10,BESTEFFORT,COMPLETED,m6-1,740.525,"{'m1-1': 118.06, 'm2-1': 5.27, 'm3-1': 110.78, 'm4-1': 25.18, 'm5-1': 153.25, 'm6-1': 1.08, 'm7-1': 163.96, 'm8-1': 29.56}",1.62,741.987,743.067,inf,850.525,850.525
743,T9,BESTEFFORT,COMPLETED,m6-1,741.456,"{'m1-1': 107.04, 'm2-1': 5.13, 'm3-1': 94.36, 'm4-1': 26.94, 'm5-1': 166.11, 'm6-1': 1.05, 'm7-1': 139.48, 'm8-1': 23.57}",1.5750000000000002,743.067,744.117,inf,851.456,851.456
744,T1,BESTEFFORT,COMPLETED,m6-1,741.75,"{'m1-1': 97.63, 'm2-1': 5.82, 'm3-1': 99.44, 'm4-1': 27.38, 'm5-1': 139.79, 'm6-1': 1.05, 'm7-1': 143.51, 'm8-1': 27.03}",1.5750000000000002,744.117,745.1669999999999,inf,851.75,851.75
745,T5,BESTEFFORT,COMPLETED,m6-1,742.781,"{'m1-1': 96.0, 'm2-1': 5.58, 'm3-1': 110.13, 'm4-1': 26.18, 'm5-1': 172.14, 'm6-1': 0.94, 'm7-1': 141.43, 'm8-1': 24.12}",1.41,745.1669999999999,746.107,inf,852.781,852.781
746,T9,BESTEFFORT,COMPLETED,m6-1,743.168,"{'m1-1': 98.68, 'm2-1': 4.88, 'm3-1': 107.77, 'm4-1': 28.85, 'm5-1': 168.16, 'm6-1': 1.14, 'm7-1': 164.01, 'm8-1': 26.61}",1.71,746.107,747.247,inf,853.168,853.168
747,T3,BESTEFFORT,COMPLETED,m6-1,744.138,"{'m1-1': 96.52, 'm2-1': 5.29, 'm3-1': 97.55, 'm4-1': 24.6, 'm5-1': 152.86, 'm6-1': 1.02, 'm7-1': 163.05, 'm8-1': 24.14}",1.53,747.247,748.2669999999999,inf,854.138,854.138
748,T1,BESTEFFORT,COMPLETED,m2-1,744.249,"{'m1-1': 107.44, 'm2-1': 5.69, 'm3-1': 111.4, 'm4-1': 28.81, 'm5-1': 159.98, 'm6-1': 0.99, 'm7-1': 151.84, 'm8-1': 25.42}",8.535,751.6700000000001,757.3600000000001,inf,854.249,854.249
749,T7,BESTEFFORT,COMPLETED,m2-1,744.63,"{'m1-1': 107.99, 'm2-1': 5.3, 'm3-1': 100.13, 'm4-1': 26.67, 'm5-1': 137.92, 'm6-1': 1.16, 'm7-1': 146.43, 'm8-1': 28.59}",7.949999999999999,757.3600000000001,762.6600000000001,inf,854.63,854.63
750,T7,BESTEFFORT,COMPLETED,m4-1,744.635,"{'m1-1': 101.8, 'm2-1': 5.22, 'm3-1': 112.45, 'm4-1': 25.72, 'm5-1': 138.04, 'm6-1': 1.12, 'm7-1': 150.27, 'm8-1': 25.77}",38.58,744.635,770.355,inf,854.635,854.635
751,T5,BESTEFFORT,COMPLETED,m6-1,746.601,"{'m1-1': 101.05, 'm2-1': 5.32, 'm3-1': 109.89, 'm4-1': 26.94, 'm5-1': 163.98, 'm6-1': 0.92, 'm7-1': 144.22, 'm8-1': 25.73}",1.3800000000000001,748.2669999999999,749.1869999999999,inf,856.601,856.601
752,T10,BESTEFFORT,COMPLETED,m6-1,747.48,"{'m1-1': 108.63, 'm2-1': 5.35, 'm3-1': 103.44, 'm4-1': 27.4, 'm5-1': 169.13, 'm6-1': 0.99, 'm7-1': 153.59, 'm8-1': 26.83}",1.4849999999999999,749.1869999999999,750.1769999999999,inf,857.48,857.48
753,T5,BESTEFFORT,COMPLETED,m6-1,748.671,"{'m1-1': 99.12, 'm2-1': 5.49, 'm3-1': 95.69, 'm4-1': 27.85, 'm5-1': 167.42, 'm6-1': 0.94, 'm7-1': 138.41, 'm8-1': 26.39}",1.41,750.1769999999999,751.117,inf,858.671,858.671
754,T7,BESTEFFORT,COMPLETED,m6-1,751.336,"{'m1-1': 101.78, 'm2-1': 4.64, 'm3-1': 95.96, 'm4-1': 28.27, 'm5-1': 152.74, 'm6-1': 1.01, 'm7-1': 163.3, 'm8-1': 29.48}",1.5150000000000001,751.336,752.346,inf,861.336,861.336
755,T7,BESTEFFORT,COMPLETED,m6-1,751.929,"{'m1-1': 112.99, 'm2-1': 4.93, 'm3-1': 101.32, 'm4-1': 25.99, 'm5-1': 155.81, 'm6-1': 1.04, 'm7-1': 139.19, 'm8-1': 26.58}",1.56,752.346,753.386,inf,861.929,861.929
756,T2,BESTEFFORT,COMPLETED,m6-1,752.633,"{'m1-1': 113.93, 'm2-1': 5.2, 'm3-1': 110.38, 'm4-1': 26.32, 'm5-1': 156.17, 'm6-1': 1.19, 'm7-1': 168.9, 'm8-1': 24.17}",1.785,753.386,754.576,inf,862.633,862.633
757,T10,BESTEFFORT,COMPLETED,m6-1,753.115,"{'m1-1': 106.16, 'm2-1': 5.49, 'm3-1': 112.22, 'm4-1': 24.96, 'm5-1': 171.31, 'm6-1': 1.11, 'm7-1': 162.16, 'm8-1': 29.47}",1.665,754.576,755.686,inf,863.115,863.115
758,T9,BESTEFFORT,COMPLETED,m6-1,753.406,"{'m1-1': 96.61, 'm2-1': 4.9, 'm3-1': 108.71, 'm4-1': 27.4, 'm5-1': 151.53, 'm6-1': 1.17, 'm7-1': 146.84, 'm8-1': 25.74}",1.755,755.686,756.856,inf,863.406,863.406
759,T7,BESTEFFORT,COMPLETED,m6-1,753.806,"{'m1-1': 98.98, 'm2-1': 4.76, 'm3-1': 112.3, 'm4-1': 28.33, 'm5-1': 143.05, 'm6-1': 1.14, 'm7-1': 139.06, 'm8-1': 29.02}",1.71,756.856,757.996,inf,863.806,863.806
760,T3,BESTEFFORT,COMPLETED,m6-1,757.354,"{'m1-1': 105.47, 'm2-1': 5.18, 'm3-1': 108.7, 'm4-1': 26.31, 'm5-1': 163.5, 'm6-1': 1.01, 'm7-1': 167.24, 'm8-1': 25.26}",1.5150000000000001,757.996,759.006,inf,867.354,867.354
761,T2,BESTEFFORT,COMPLETED,m6-1,757.358,"{'m1-1': 109.89, 'm2-1': 5.31, 'm3-1': 98.14, 'm4-1': 24.36, 'm5-1': 171.31, 'm6-1': 1.08, 'm7-1': 156.11, 'm8-1': 25.42}",1.62,759.006,760.086,inf,867.358,867.358
762,T5,BESTEFFORT,COMPLETED,m6-1,759.374,"{'m1-1': 103.73, 'm2-1': 5.35, 'm3-1': 103.71, 'm4-1': 26.42, 'm5-1': 147.77, 'm6-1': 0.93, 'm7-1': 154.06, 'm8-1': 25.33}",1.395,760.086,761.016,inf,869.374,869.374
763,T1,BESTEFFORT,COMPLETED,m6-1,760.645,"{'m1-1': 109.57, 'm2-1': 5.52, 'm3-1': 113.07, 'm4-1': 28.14, 'm5-1': 143.83, 'm6-1': 1.03, 'm7-1': 163.91, 'm8-1': 25.08}",1.545,761.016,762.0459999999999,inf,870.645,870.645
764,T10,BESTEFFORT,COMPLETED,m6-1,761.455,"{'m1-1': 101.0, 'm2-1': 4.7, 'm3-1': 114.23, 'm4-1': 24.82, 'm5-1': 167.82, 'm6-1': 0.98, 'm7-1': 160.51, 'm8-1': 27.84}",1.47,762.0459999999999,763.026,inf,871.455,871.455
765,T2,BESTEFFORT,COMPLETED,m6-1,764.067,"{'m1-1': 113.45, 'm2-1': 5.08, 'm3-1': 104.82, 'm4-1': 27.0, 'm5-1': 168.21, 'm6-1': 1.02, 'm7-1': 151.51, 'm8-1': 28.06}",1.53,764.067,765.087,inf,874.067,874.067
766,T5,BESTEFFORT,COMPLETED,m6-1,764.418,"{'m1-1': 108.87, 'm2-1': 4.89, 'm3-1': 106.23, 'm4-1': 24.78, 'm5-1': 149.91, 'm6-1': 0.97, 'm7-1': 143.68, 'm8-1': 26.85}",1.455,765.087,766.057,inf,874.418,874.418
767,T3,BESTEFFORT,COMPLETED,m6-1,767.579,"{'m1-1': 99.55, 'm2-1': 4.85, 'm3-1': 95.05, 'm4-1': 27.04, 'm5-1': 169.46, 'm6-1': 0.98, 'm7-1': 158.1, 'm8-1': 25.06}",1.47,767.579,768.559,inf,877.579,877.579
768,T7,BESTEFFORT,COMPLETED,m6-1,768.167,"{'m1-1': 116.67, 'm2-1': 5.47, 'm3-1': 98.98, 'm4-1': 27.65, 'm5-1': 137.63, 'm6-1': 1.1, 'm7-1': 158.28, 'm8-1': 29.28}",1.6500000000000001,768.559,769.659,inf,878.167,878.167
769,T4,BESTEFFORT,COMPLETED,m6-1,770.058,"{'m1-1': 96.77, 'm2-1': 5.65, 'm3-1': 105.04, 'm4-1': 27.83, 'm5-1': 166.4, 'm6-1': 1.02, 'm7-1': 162.58, 'm8-1': 24.13}",1.53,770.058,771.078,inf,880.058,880.058
770,T9,BESTEFFORT,COMPLETED,m6-1,770.1,"{'m1-1': 103.27, 'm2-1': 5.07, 'm3-1': 98.11, 'm4-1': 26.28, 'm5-1': 173.14, 'm6-1': 1.16, 'm7-1': 147.28, 'm8-1': 25.41}",1.7399999999999998,771.078,772.2379999999999,inf,880.1,880.1
771,T4,BESTEFFORT,COMPLETED,m6-1,770.257,"{'m1-1': 107.58, 'm2-1': 4.98, 'm3-1': 116.38, 'm4-1': 28.16, 'm5-1': 155.96, 'm6-1': 1.16, 'm7-1': 142.74, 'm8-1': 27.88}",1.7399999999999998,772.2379999999999,773.3979999999999,inf,880.257,880.257
772,T4,BESTEFFORT,COMPLETED,m6-1,770.668,"{'m1-1': 110.81, 'm2-1': 5.34, 'm3-1': 114.11, 'm4-1': 24.9, 'm5-1': 155.61, 'm6-1': 1.12, 'm7-1': 149.21, 'm8-1': 26.16}",1.6800000000000002,773.3979999999999,774.5179999999999,inf,880.668,880.668
773,T1,BESTEFFORT,COMPLETED,m6-1,771.184,"{'m1-1': 101.01, 'm2-1': 5.85, 'm3-1': 104.7, 'm4-1': 29.42, 'm5-1': 140.54, 'm6-1': 1.08, 'm7-1': 163.06, 'm8-1': 28.62}",1.62,774.5179999999999,775.598,inf,881.184,881.184
774,T4,BESTEFFORT,COMPLETED,m2-1,771.517,"{'m1-1': 106.33, 'm2-1': 5.66, 'm3-1': 106.77, 'm4-1': 27.09, 'm5-1': 162.69, 'm6-1': 1.06, 'm7-1': 150.2, 'm8-1': 28.04}",8.49,771.517,777.177,inf,881.517,881.517
775,T10,BESTEFFORT,COMPLETED,m6-1,773.874,"{'m1-1': 114.5, 'm2-1': 4.76, 'm3-1': 114.81, 'm4-1': 24.03, 'm5-1': 165.94, 'm6-1': 1.01, 'm7-1': 156.09, 'm8-1': 26.44}",1.5150000000000001,775.598,776.608,inf,883.874,883.874
776,T9,BESTEFFORT,COMPLETED,m6-1,775.283,"{'m1-1': 99.55, 'm2-1': 4.93, 'm3-1': 101.28, 'm4-1': 28.75, 'm5-1': 166.63, 'm6-1': 1.08, 'm7-1': 154.4, 'm8-1': 23.99}",1.62,776.608,777.688,inf,885.283,885.283
777,T8,BESTEFFORT,COMPLETED,m6-1,775.418,"{'m1-1': 107.68, 'm2-1': 5.05, 'm3-1': 111.09, 'm4-1': 26.01, 'm5-1': 155.67, 'm6-1': 1.08, 'm7-1': 148.05, 'm8-1': 23.96}",1.62,777.688,778.768,inf,885.418,885.418
778,T1,BESTEFFORT,COMPLETED,m6-1,777.319,"{'m1-1': 110.6, 'm2-1': 5.84, 'm3-1': 100.99, 'm4-1': 28.74, 'm5-1': 153.09, 'm6-1': 1.16, 'm7-1': 169.83, 'm8-1': 27.63}",1.7399999999999998,778.768,779.928,inf,887.319,887.319
779,T5,BESTEFFORT,COMPLETED,m6-1,777.526,"{'m1-1': 100.64, 'm2-1': 4.97, 'm3-1': 97.89, 'm4-1': 27.89, 'm5-1': 155.28, 'm6-1': 1.02, 'm7-1': 149.68, 'm8-1': 25.7}",1.53,779.928,780.948,inf,887.526,887.526
780,T9,BESTEFFORT,COMPLETED,m6-1,778.636,"{'m1-1': 106.23, 'm2-1': 5.08, 'm3-1': 106.37, 'm4-1': 24.51, 'm5-1': 165.07, 'm6-1': 1.16, 'm7-1': 157.94, 'm8-1': 25.3}",1.7399999999999998,780.948,782.108,inf,888.636,888.636
781,T7,BESTEFFORT,COMPLETED,m2-1,778.73,"{'m1-1': 109.03, 'm2-1': 5.15, 'm3-1': 112.67, 'm4-1': 27.73, 'm5-1': 152.38, 'm6-1': 1.07, 'm7-1': 162.16, 'm8-1': 27.34}",7.7250000000000005,778.73,783.88,inf,888.73,888.73
782,T1,BESTEFFORT,COMPLETED,m6-1,779.932,"{'m1-1': 97.78, 'm2-1': 5.86, 'm3-1': 97.65, 'm4-1': 26.57, 'm5-1': 149.63, 'm6-1': 1.04, 'm7-1': 160.87, 'm8-1': 25.41}",1.56,782.108,783.1479999999999,inf,889.932,889.932
783,T5,BESTEFFORT,COMPLETED,m6-1,780.102,"{'m1-1': 113.39, 'm2-1': 5.54, 'm3-1': 98.64, 'm4-1': 27.24, 'm5-1': 170.03, 'm6-1': 1.01, 'm7-1': 148.62, 'm8-1': 23.95}",1.5150000000000001,783.1479999999999,784.1579999999999,inf,890.102,890.102
784,T1,BESTEFFORT,COMPLETED,m6-1,783.764,"{'m1-1': 94.39, 'm2-1': 5.36, 'm3-1': 107.02, 'm4-1': 26.49, 'm5-1': 148.91, 'm6-1': 1.08, 'm7-1': 151.77, 'm8-1': 26.49}",1.62,784.1579999999999,785.2379999999999,inf,893.764,893.764
785,T3,BESTEFFORT,COMPLETED,m6-1,784.034,"{'m1-1': 112.45, 'm2-1': 4.88, 'm3-1': 99.21, 'm4-1': 24.09, 'm5-1': 150.38, 'm6-1': 1.12, 'm7-1': 151.21, 'm8-1': 24.59}",1.6800000000000002,785.2379999999999,786.358,inf,894.034,894.034
786,T2,BESTEFFORT,COMPLETED,m6-1,788.405,"{'m1-1': 107.58, 'm2-1': 5.28, 'm3-1': 107.27, 'm4-1': 25.49, 'm5-1': 155.99, 'm6-1': 1.18, 'm7-1': 170.01, 'm8-1': 26.04}",1.77,788.405,789.5849999999999,inf,898.405,898.405
787,T8,BESTEFFORT,COMPLETED,m6-1,788.731,"{'m1-1': 105.41, 'm2-1': 5.68, 'm3-1': 100.29, 'm4-1': 25.44, 'm5-1': 153.42, 'm6-1': 0.99, 'm7-1': 162.24, 'm8-1': 26.27}",1.4849999999999999,789.5849999999999,790.5749999999999,inf,898.731,898.731
788,T8,BESTEFFORT,COMPLETED,m6-1,788.905,"{'m1-1': 104.6, 'm2-1': 5.36, 'm3-1': 111.93, 'm4-1': 23.87, 'm5-1': 148.65, 'm6-1': 0.97, 'm7-1': 147.77, 'm8-1': 26.64}",1.455,790.5749999999999,791.545,inf,898.905,898.905
789,T9,BESTEFFORT,COMPLETED,m6-1,793.655,"{'m1-1': 104.32, 'm2-1': 5.21, 'm3-1': 103.54, 'm4-1': 26.96, 'm5-1': 151.86, 'm6-1': 1.02, 'm7-1': 152.45, 'm8-1': 24.7}",1.53,793.655,794.675,inf,903.655,903.655
790,T1,BESTEFFORT,COMPLETED,m6-1,794.171,"{'m1-1': 102.96, 'm2-1': 5.8, 'm3-1': 107.6, 'm4-1': 26.69, 'm5-1': 148.54, 'm6-1': 1.15, 'm7-1': 159.88, 'm8-1': 24.84}",1.7249999999999999,794.675,795.8249999999999,inf,904.171,904.171
791,T10,BESTEFFORT,COMPLETED,m6-1,794.294,"{'m1-1': 106.16, 'm2-1': 5.07, 'm3-1': 112.57, 'm4-1': 24.62, 'm5-1': 149.45, 'm6-1': 1.1, 'm7-1': 149.29, 'm8-1': 29.13}",1.6500000000000001,795.8249999999999,796.925,inf,904.294,904.294
792,T2,BESTEFFORT,COMPLETED,m6-1,795.682,"{'m1-1': 109.51, 'm2-1': 4.72, 'm3-1': 109.46, 'm4-1': 27.79, 'm5-1': 172.66, 'm6-1': 1.15, 'm7-1': 169.12, 'm8-1': 25.02}",1.7249999999999999,796.925,798.0749999999999,inf,905.682,905.682
793,T2,BESTEFFORT,COMPLETED,m6-1,796.538,"{'m1-1': 105.52, 'm2-1': 5.05, 'm3-1': 104.31, 'm4-1': 24.92, 'm5-1': 146.65, 'm6-1': 1.12, 'm7-1': 155.61, 'm8-1': 26.06}",1.6800000000000002,798.0749999999999,799.1949999999999,inf,906.538,906.538
794,T10,BESTEFFORT,COMPLETED,m6-1,796.839,"{'m1-1': 118.2, 'm2-1': 5.07, 'm3-1': 106.23, 'm4-1': 25.44, 'm5-1': 173.32, 'm6-1': 1.12, 'm7-1': 158.76, 'm8-1': 28.35}",1.6800000000000002,799.1949999999999,800.3149999999999,inf,906.839,906.839
795,T8,BESTEFFORT,COMPLETED,m6-1,797.194,"{'m1-1': 113.35, 'm2-1': 4.85, 'm3-1': 96.73, 'm4-1': 27.59, 'm5-1': 149.94, 'm6-1': 1.03, 'm7-1': 147.07, 'm8-1': 23.89}",1.545,800.3149999999999,801.3449999999999,inf,907.194,907.194
796,T6,BESTEFFORT,COMPLETED,m6-1,798.681,"{'m1-1': 109.69, 'm2-1': 5.35, 'm3-1': 98.08, 'm4-1': 23.9, 'm5-1': 143.05, 'm6-1': 1.06, 'm7-1': 161.53, 'm8-1': 24.75}",1.59,801.3449999999999,802.4049999999999,inf,908.681,908.681
797,T3,BESTEFFORT,COMPLETED,m6-1,800.203,"{'m1-1': 103.49, 'm2-1': 5.55, 'm3-1': 106.17, 'm4-1': 26.54, 'm5-1': 145.59, 'm6-1': 1.12, 'm7-1': 162.23, 'm8-1': 23.33}",1.6800000000000002,802.4049999999999,803.5249999999999,inf,910.203,910.203
798,T5,BESTEFFORT,COMPLETED,m6-1,802.513,"{'m1-1': 105.49, 'm2-1': 5.39, 'm3-1': 99.18, 'm4-1': 25.91, 'm5-1': 156.48, 'm6-1': 0.98, 'm7-1': 143.64, 'm8-1': 24.54}",1.47,803.5249999999999,804.5049999999999,inf,912.513,912.513
799,T9,BESTEFFORT,COMPLETED,m6-1,803.023,"{'m1-1': 97.95, 'm2-1': 5.22, 'm3-1': 96.55, 'm4-1': 26.76, 'm5-1': 168.35, 'm6-1': 1.08, 'm7-1': 158.28, 'm8-1': 23.6}",1.62,804.5049999999999,805.5849999999999,inf,913.023,913.023
800,T8,BESTEFFORT,COMPLETED,m6-1,804.298,"{'m1-1': 104.13, 'm2-1': 4.91, 'm3-1': 107.9, 'm4-1': 27.85, 'm5-1': 156.17, 'm6-1': 1.03, 'm7-1': 160.25, 'm8-1': 25.56}",1.545,805.5849999999999,806.6149999999999,inf,914.298,914.298
801,T10,BESTEFFORT,COMPLETED,m6-1,805.54,"{'m1-1': 107.43, 'm2-1': 5.16, 'm3-1': 111.45, 'm4-1': 24.2, 'm5-1': 166.9, 'm6-1': 1.1, 'm7-1': 150.46, 'm8-1': 25.99}",1.6500000000000001,806.6149999999999,807.7149999999999,inf,915.54,915.54
802,T1,BESTEFFORT,COMPLETED,m6-1,805.603,"{'m1-1': 95.46, 'm2-1': 5.17, 'm3-1': 101.44, 'm4-1': 27.48, 'm5-1': 153.94, 'm6-1': 0.99, 'm7-1': 148.66, 'm8-1': 26.09}",1.4849999999999999,807.7149999999999,808.7049999999999,inf,915.603,915.603
803,T9,BESTEFFORT,COMPLETED,m6-1,806.771,"{'m1-1': 113.05, 'm2-1': 4.76, 'm3-1': 93.61, 'm4-1': 28.12, 'm5-1': 151.11, 'm6-1': 1.19, 'm7-1': 154.41, 'm8-1': 25.62}",1.785,808.7049999999999,809.895,inf,916.771,916.771
804,T3,BESTEFFORT,COMPLETED,m6-1,808.972,"{'m1-1': 101.76, 'm2-1': 5.02, 'm3-1': 93.47, 'm4-1': 25.84, 'm5-1': 159.81, 'm6-1': 1.06, 'm7-1': 161.48, 'm8-1': 24.59}",1.59,809.895,810.9549999999999,inf,918.972,918.972
805,T2,BESTEFFORT,COMPLETED,m6-1,808.989,"{'m1-1': 99.42, 'm2-1': 5.32, 'm3-1': 96.89, 'm4-1': 27.51, 'm5-1': 160.4, 'm6-1': 1.14, 'm7-1': 159.49, 'm8-1': 26.21}",1.71,810.9549999999999,812.0949999999999,inf,918.989,918.989
806,T3,BESTEFFORT,COMPLETED,m6-1,809.06,"{'m1-1': 97.5, 'm2-1': 4.98, 'm3-1': 100.04, 'm4-1': 26.24, 'm5-1': 161.84, 'm6-1': 0.97, 'm7-1': 163.56, 'm8-1': 26.71}",1.455,812.0949999999999,813.0649999999999,inf,919.06,919.06
807,T3,BESTEFFORT,COMPLETED,m6-1,810.612,"{'m1-1': 103.66, 'm2-1': 5.62, 'm3-1': 104.06, 'm4-1': 27.64, 'm5-1': 158.0, 'm6-1': 0.96, 'm7-1': 154.68, 'm8-1': 26.14}",1.44,813.0649999999999,814.025,inf,920.612,920.612
808,T1,BESTEFFORT,COMPLETED,m6-1,812.665,"{'m1-1': 104.79, 'm2-1': 5.08, 'm3-1': 102.63, 'm4-1': 25.79, 'm5-1': 144.65, 'm6-1': 1.1, 'm7-1': 152.89, 'm8-1': 27.37}",1.6500000000000001,814.025,815.125,inf,922.665,922.665
809,T9,BESTEFFORT,COMPLETED,m6-1,812.782,"{'m1-1': 105.64, 'm2-1': 5.45, 'm3-1': 99.72, 'm4-1': 25.18, 'm5-1': 174.33, 'm6-1': 1.15, 'm7-1': 148.44, 'm8-1': 25.36}",1.7249999999999999,815.125,816.275,inf,922.782,922.782
810,T3,BESTEFFORT,COMPLETED,m2-1,812.996,"{'m1-1': 107.31, 'm2-1': 5.49, 'm3-1': 100.3, 'm4-1': 25.64, 'm5-1': 150.7, 'm6-1': 1.12, 'm7-1': 156.87, 'm8-1': 24.16}",8.235,812.996,818.486,inf,922.996,922.996
811,T6,BESTEFFORT,COMPLETED,m2-1,813.018,"{'m1-1': 108.12, 'm2-1': 5.85, 'm3-1': 97.64, 'm4-1': 27.03, 'm5-1': 160.1, 'm6-1': 1.09, 'm7-1': 151.94, 'm8-1': 27.58}",8.774999999999999,818.486,824.336,inf,923.018,923.018
812,T1,BESTEFFORT,COMPLETED,m6-1,813.459,"{'m1-1': 107.38, 'm2-1': 5.68, 'm3-1': 112.67, 'm4-1': 29.58, 'm5-1': 138.7, 'm6-1': 1.0, 'm7-1': 166.14, 'm8-1': 28.46}",1.5,816.275,817.275,inf,923.459,923.459
813,T5,BESTEFFORT,COMPLETED,m6-1,814.153,"{'m1-1': 106.84, 'm2-1': 5.16, 'm3-1': 96.2, 'm4-1': 27.72, 'm5-1': 165.63, 'm6-1': 1.08, 'm7-1': 160.64, 'm8-1': 24.12}",1.62,817.275,818.355,inf,924.153,924.153
814,T5,BESTEFFORT,COMPLETED,m6-1,816.18,"{'m1-1': 109.64, 'm2-1': 5.44, 'm3-1': 101.61, 'm4-1': 24.97, 'm5-1': 171.81, 'm6-1': 1.05, 'm7-1': 162.13, 'm8-1': 25.93}",1.5750000000000002,818.355,819.405,inf,926.18,926.18
815,T2,BESTEFFORT,COMPLETED,m6-1,816.773,"{'m1-1': 113.89, 'm2-1': 4.67, 'm3-1': 96.16, 'm4-1': 25.24, 'm5-1': 146.65, 'm6-1': 1.02, 'm7-1': 147.07, 'm8-1': 27.02}",1.53,819.405,820.425,inf,926.773,926.773
816,T6,BESTEFFORT,COMPLETED,m2-1,817.231,"{'m1-1': 109.39, 'm2-1': 5.15, 'm3-1': 100.33, 'm4-1': 26.73, 'm5-1': 158.93, 'm6-1': 1.01, 'm7-1': 163.51, 'm8-1': 25.14}",7.7250000000000005,824.336,829.486,inf,927.231,927.231
817,T5,BESTEFFORT,COMPLETED,m6-1,817.896,"{'m1-1': 100.46, 'm2-1': 5.22, 'm3-1': 97.05, 'm4-1': 25.74, 'm5-1': 162.04, 'm6-1': 0.98, 'm7-1': 147.71, 'm8-1': 27.09}",1.47,820.425,821.405,inf,927.896,927.896
818,T4,BESTEFFORT,COMPLETED,m6-1,818.782,"{'m1-1': 101.56, 'm2-1': 5.47, 'm3-1': 117.01, 'm4-1': 25.02, 'm5-1': 168.28, 'm6-1': 1.16, 'm7-1': 160.37, 'm8-1': 25.11}",1.7399999999999998,821.405,822.5649999999999,inf,928.782,928.782
819,T4,BESTEFFORT,COMPLETED,m6-1,819.528,"{'m1-1': 108.24, 'm2-1': 5.54, 'm3-1': 106.32, 'm4-1': 25.17, 'm5-1': 156.49, 'm6-1': 1.05, 'm7-1': 154.81, 'm8-1': 27.02}",1.5750000000000002,822.5649999999999,823.6149999999999,inf,929.528,929.528
820,T8,BESTEFFORT,COMPLETED,m6-1,821.443,"{'m1-1': 99.54, 'm2-1': 5.14, 'm3-1': 99.24, 'm4-1': 24.44, 'm5-1': 162.41, 'm6-1': 1.05, 'm7-1': 167.84, 'm8-1': 25.86}",1.5750000000000002,823.6149999999999,824.6649999999998,inf,931.443,931.443
821,T6,BESTEFFORT,COMPLETED,m6-1,824.395,"{'m1-1': 107.86, 'm2-1': 5.62, 'm3-1': 102.27, 'm4-1': 24.22, 'm5-1': 160.62, 'm6-1': 1.05, 'm7-1': 148.0, 'm8-1': 27.56}",1.5750000000000002,824.6649999999998,825.7149999999998,inf,934.395,934.395
822,T3,BESTEFFORT,COMPLETED,m6-1,824.868,"{'m1-1': 97.47, 'm2-1': 5.05, 'm3-1': 93.71, 'm4-1': 26.33, 'm5-1': 148.01, 'm6-1': 1.06, 'm7-1': 149.47, 'm8-1': 23.29}",1.59,825.7149999999998,826.7749999999997,inf,934.868,934.868
823,T1,BESTEFFORT,COMPLETED,m6-1,825.938,"{'m1-1': 98.59, 'm2-1': 5.63, 'm3-1': 97.36, 'm4-1': 28.79, 'm5-1': 148.54, 'm6-1': 0.99, 'm7-1': 160.38, 'm8-1': 28.13}",1.4849999999999999,826.7749999999997,827.7649999999998,inf,935.938,935.938
824,T2,BESTEFFORT,COMPLETED,m6-1,826.628,"{'m1-1': 112.38, 'm2-1': 4.99, 'm3-1': 98.69, 'm4-1': 26.24, 'm5-1': 168.14, 'm6-1': 1.06, 'm7-1': 156.66, 'm8-1': 27.97}",1.59,827.7649999999998,828.8249999999997,inf,936.628,936.628
825,T2,BESTEFFORT,COMPLETED,m6-1,827.103,"{'m1-1': 103.85, 'm2-1': 4.68, 'm3-1': 108.45, 'm4-1': 28.88, 'm5-1': 157.96, 'm6-1': 1.14, 'm7-1': 163.12, 'm8-1': 26.94}",1.71,828.8249999999997,829.9649999999997,inf,937.103,937.103
826,T2,BESTEFFORT,COMPLETED,m6-1,827.589,"{'m1-1': 116.31, 'm2-1': 4.84, 'm3-1': 104.05, 'm4-1': 25.37, 'm5-1': 154.8, 'm6-1': 1.03, 'm7-1': 148.46, 'm8-1': 28.53}",1.545,829.9649999999997,830.9949999999997,inf,937.589,937.589
827,T2,BESTEFFORT,COMPLETED,m6-1,827.902,"{'m1-1': 106.93, 'm2-1': 4.82, 'm3-1': 111.06, 'm4-1': 27.09, 'm5-1': 159.73, 'm6-1': 1.17, 'm7-1': 161.07, 'm8-1': 25.93}",1.755,830.9949999999997,832.1649999999996,inf,937.902,937.902
828,T8,BESTEFFORT,COMPLETED,m6-1,829.301,"{'m1-1': 110.33, 'm2-1': 5.47, 'm3-1': 101.86, 'm4-1': 27.6, 'm5-1': 150.56, 'm6-1': 0.94, 'm7-1': 168.4, 'm8-1': 24.0}",1.41,832.1649999999996,833.1049999999997,inf,939.301,939.301
829,T4,BESTEFFORT,COMPLETED,m2-1,829.474,"{'m1-1': 96.56, 'm2-1': 4.91, 'm3-1': 102.23, 'm4-1': 26.79, 'm5-1': 170.61, 'm6-1': 1.1, 'm7-1': 144.63, 'm8-1': 25.2}",7.365,829.486,834.396,inf,939.474,939.474
830,T9,BESTEFFORT,COMPLETED,m2-1,829.559,"{'m1-1': 96.29, 'm2-1': 5.53, 'm3-1': 96.15, 'm4-1': 26.69, 'm5-1': 153.23, 'm6-1': 1.01, 'm7-1': 157.37, 'm8-1': 23.61}",8.295,834.396,839.9259999999999,inf,939.559,939.559
831,T8,BESTEFFORT,COMPLETED,m2-1,829.918,"{'m1-1': 114.39, 'm2-1': 5.06, 'm3-1': 114.4, 'm4-1': 25.64, 'm5-1': 156.46, 'm6-1': 0.99, 'm7-1': 145.51, 'm8-1': 24.13}",7.59,839.9259999999999,844.9859999999999,inf,939.918,939.918
832,T10,BESTEFFORT,COMPLETED,m6-1,830.495,"{'m1-1': 117.17, 'm2-1': 4.92, 'm3-1': 108.79, 'm4-1': 27.19, 'm5-1': 160.27, 'm6-1': 1.11, 'm7-1': 152.4, 'm8-1': 25.11}",1.665,833.1049999999997,834.2149999999997,inf,940.495,940.495
833,T2,BESTEFFORT,COMPLETED,m6-1,831.211,"{'m1-1': 108.57, 'm2-1': 4.94, 'm3-1': 98.21, 'm4-1': 26.23, 'm5-1': 162.86, 'm6-1': 1.14, 'm7-1': 146.15, 'm8-1': 25.52}",1.71,834.2149999999997,835.3549999999997,inf,941.211,941.211
834,T9,BESTEFFORT,COMPLETED,m2-1,831.486,"{'m1-1': 99.78, 'm2-1': 5.51, 'm3-1': 96.01, 'm4-1': 25.42, 'm5-1': 167.58, 'm6-1': 1.12, 'm7-1': 146.6, 'm8-1': 23.61}",8.265,844.9859999999999,850.4959999999999,inf,941.486,941.486
835,T9,BESTEFFORT,COMPLETED,m6-1,833.723,"{'m1-1': 107.2, 'm2-1': 5.24, 'm3-1': 109.0, 'm4-1': 25.83, 'm5-1': 174.66, 'm6-1': 1.19, 'm7-1': 160.95, 'm8-1': 27.46}",1.785,835.3549999999997,836.5449999999997,inf,943.723,943.723
836,T4,BESTEFFORT,COMPLETED,m6-1,834.778,"{'m1-1': 102.88, 'm2-1': 5.06, 'm3-1': 110.39, 'm4-1': 28.08, 'm5-1': 170.7, 'm6-1': 1.07, 'm7-1': 167.9, 'm8-1': 27.85}",1.605,836.5449999999997,837.6149999999998,inf,944.778,944.778
837,T10,BESTEFFORT,COMPLETED,m6-1,837.752,"{'m1-1': 116.81, 'm2-1': 5.51, 'm3-1': 98.28, 'm4-1': 27.1, 'm5-1': 168.37, 'm6-1': 1.1, 'm7-1': 142.28, 'm8-1': 25.8}",1.6500000000000001,837.752,838.852,inf,947.752,947.752
838,T4,BESTEFFORT,COMPLETED,m6-1,838.093,"{'m1-1': 97.47, 'm2-1': 5.78, 'm3-1': 110.45, 'm4-1': 26.43, 'm5-1': 162.16, 'm6-1': 1.11, 'm7-1': 166.04, 'm8-1': 26.19}",1.665,838.852,839.962,inf,948.093,948.093
839,T1,BESTEFFORT,COMPLETED,m6-1,839.341,"{'m1-1': 102.77, 'm2-1': 5.14, 'm3-1': 103.46, 'm4-1': 26.16, 'm5-1': 153.63, 'm6-1': 1.1, 'm7-1': 161.41, 'm8-1': 24.45}",1.6500000000000001,839.962,841.062,inf,949.341,949.341
840,T8,BESTEFFORT,COMPLETED,m6-1,840.728,"{'m1-1': 104.92, 'm2-1': 5.41, 'm3-1': 99.08, 'm4-1': 24.31, 'm5-1': 159.31, 'm6-1': 1.0, 'm7-1': 164.79, 'm8-1': 26.54}",1.5,841.062,842.062,inf,950.728,950.728
841,T9,BESTEFFORT,COMPLETED,m6-1,841.305,"{'m1-1': 110.48, 'm2-1': 5.23, 'm3-1': 106.4, 'm4-1': 25.28, 'm5-1': 166.63, 'm6-1': 1.04, 'm7-1': 155.18, 'm8-1': 23.93}",1.56,842.062,843.102,inf,951.305,951.305
842,T8,BESTEFFORT,COMPLETED,m6-1,843.077,"{'m1-1': 97.93, 'm2-1': 5.58, 'm3-1': 107.31, 'm4-1': 27.3, 'm5-1': 163.96, 'm6-1': 0.94, 'm7-1': 149.99, 'm8-1': 25.95}",1.41,843.102,844.042,inf,953.077,953.077
843,T1,BESTEFFORT,COMPLETED,m6-1,844.218,"{'m1-1': 105.87, 'm2-1': 5.0, 'm3-1': 96.45, 'm4-1': 27.28, 'm5-1': 159.78, 'm6-1': 1.08, 'm7-1': 163.25, 'm8-1': 28.03}",1.62,844.218,845.298,inf,954.218,954.218
844,T8,BESTEFFORT,COMPLETED,m6-1,844.526,"{'m1-1': 99.57, 'm2-1': 5.41, 'm3-1': 105.57, 'm4-1': 25.15, 'm5-1': 153.92, 'm6-1': 1.04, 'm7-1': 152.45, 'm8-1': 23.79}",1.56,845.298,846.338,inf,954.526,954.526
845,T10,BESTEFFORT,COMPLETED,m6-1,845.3,"{'m1-1': 101.52, 'm2-1': 5.31, 'm3-1': 114.72, 'm4-1': 27.16, 'm5-1': 158.76, 'm6-1': 0.98, 'm7-1': 166.31, 'm8-1': 29.83}",1.47,846.338,847.318,inf,955.3,955.3
846,T4,BESTEFFORT,COMPLETED,m6-1,845.869,"{'m1-1': 94.5, 'm2-1': 5.39, 'm3-1': 110.5, 'm4-1': 28.02, 'm5-1': 169.88, 'm6-1': 1.09, 'm7-1': 143.54, 'm8-1': 24.19}",1.6350000000000002,847.318,848.408,inf,955.869,955.869
847,T2,BESTEFFORT,COMPLETED,m6-1,846.031,"{'m1-1': 112.42, 'm2-1': 5.37, 'm3-1': 95.32, 'm4-1': 26.28, 'm5-1': 162.74, 'm6-1': 1.1, 'm7-1': 152.27, 'm8-1': 28.0}",1.6500000000000001,848.408,849.508,inf,956.031,956.031
848,T8,BESTEFFORT,COMPLETED,m6-1,846.676,"{'m1-1': 110.28, 'm2-1': 5.05, 'm3-1': 98.52, 'm4-1': 27.15, 'm5-1': 163.92, 'm6-1': 1.0, 'm7-1': 145.5, 'm8-1': 25.45}",1.5,849.508,850.508,inf,956.676,956.676
849,T2,BESTEFFORT,COMPLETED,m2-1,846.687,"{'m1-1': 99.77, 'm2-1': 4.72, 'm3-1': 98.4, 'm4-1': 25.0, 'm5-1': 147.74, 'm6-1': 1.05, 'm7-1': 169.21, 'm8-1': 27.48}",7.08,850.4959999999999,855.2159999999999,inf,956.687,956.687
850,T1,BESTEFFORT,COMPLETED,m2-1,847.215,"{'m1-1': 104.87, 'm2-1': 5.65, 'm3-1': 113.42, 'm4-1': 26.6, 'm5-1': 139.31, 'm6-1': 1.15, 'm7-1': 159.3, 'm8-1': 26.49}",8.475000000000001,855.2159999999999,860.8659999999999,inf,957.215,957.215
851,T9,BESTEFFORT,COMPLETED,m6-1,847.895,"{'m1-1': 105.43, 'm2-1': 5.23, 'm3-1': 107.2, 'm4-1': 28.79, 'm5-1': 168.22, 'm6-1': 1.17, 'm7-1': 153.89, 'm8-1': 26.42}",1.755,850.508,851.678,inf,957.895,957.895
852,T9,BESTEFFORT,COMPLETED,m6-1,850.644,"{'m1-1': 95.32, 'm2-1': 5.12, 'm3-1': 110.0, 'm4-1': 26.32, 'm5-1': 170.37, 'm6-1': 1.03, 'm7-1': 159.05, 'm8-1': 24.55}",1.545,851.678,852.708,inf,960.644,960.644
853,T4,BESTEFFORT,COMPLETED,m6-1,852.481,"{'m1-1': 99.35, 'm2-1': 5.33, 'm3-1': 99.57, 'm4-1': 26.78, 'm5-1': 153.64, 'm6-1': 1.1, 'm7-1': 158.83, 'm8-1': 26.51}",1.6500000000000001,852.708,853.808,inf,962.481,962.481
854,T4,BESTEFFORT,COMPLETED,m6-1,852.678,"{'m1-1': 100.27, 'm2-1': 5.06, 'm3-1': 103.94, 'm4-1': 23.91, 'm5-1': 162.99, 'm6-1': 1.08, 'm7-1': 150.45, 'm8-1': 25.66}",1.62,853.808,854.888,inf,962.678,962.678
855,T6,BESTEFFORT,COMPLETED,m6-1,856.239,"{'m1-1': 116.28, 'm2-1': 5.92, 'm3-1': 100.67, 'm4-1': 23.8, 'm5-1': 149.36, 'm6-1': 1.09, 'm7-1': 149.0, 'm8-1': 26.18}",1.6350000000000002,856.239,857.3290000000001,inf,966.239,966.239
856,T6,BESTEFFORT,COMPLETED,m6-1,857.363,"{'m1-1': 106.94, 'm2-1': 5.03, 'm3-1': 109.91, 'm4-1': 24.66, 'm5-1': 146.46, 'm6-1': 1.04, 'm7-1': 166.26, 'm8-1': 26.82}",1.56,857.363,858.403,inf,967.363,967.363
857,T3,BESTEFFORT,COMPLETED,m6-1,860.932,"{'m1-1': 110.99, 'm2-1': 5.42, 'm3-1': 91.75, 'm4-1': 24.3, 'm5-1': 164.36, 'm6-1': 0.98, 'm7-1': 149.23, 'm8-1': 26.82}",1.47,860.932,861.912,inf,970.932,970.932
858,T8,BESTEFFORT,COMPLETED,m6-1,863.444,"{'m1-1': 96.74, 'm2-1': 4.82, 'm3-1': 103.55, 'm4-1': 27.51, 'm5-1': 151.12, 'm6-1': 0.96, 'm7-1': 158.77, 'm8-1': 25.64}",1.44,863.444,864.404,inf,973.444,973.444
859,T9,BESTEFFORT,COMPLETED,m6-1,865.448,"{'m1-1': 111.45, 'm2-1': 5.37, 'm3-1': 94.7, 'm4-1': 28.18, 'm5-1': 154.8, 'm6-1': 1.05, 'm7-1': 162.54, 'm8-1': 26.7}",1.5750000000000002,865.448,866.4979999999999,inf,975.448,975.448
860,T2,BESTEFFORT,COMPLETED,m6-1,865.877,"{'m1-1': 104.37, 'm2-1': 5.03, 'm3-1': 109.39, 'm4-1': 27.76, 'm5-1': 158.95, 'm6-1': 1.05, 'm7-1': 148.71, 'm8-1': 27.98}",1.5750000000000002,866.4979999999999,867.5479999999999,inf,975.877,975.877
861,T3,BESTEFFORT,COMPLETED,m6-1,866.495,"{'m1-1': 100.96, 'm2-1': 5.35, 'm3-1': 104.06, 'm4-1': 26.57, 'm5-1': 156.48, 'm6-1': 0.99, 'm7-1': 162.51, 'm8-1': 26.17}",1.4849999999999999,867.5479999999999,868.5379999999999,inf,976.495,976.495
862,T10,BESTEFFORT,COMPLETED,m6-1,869.458,"{'m1-1': 103.98, 'm2-1': 5.17, 'm3-1': 101.68, 'm4-1': 24.7, 'm5-1': 171.5, 'm6-1': 1.03, 'm7-1': 153.85, 'm8-1': 26.21}",1.545,869.458,870.4879999999999,inf,979.458,979.458
863,T9,BESTEFFORT,COMPLETED,m6-1,870.854,"{'m1-1': 96.29, 'm2-1': 5.32, 'm3-1': 96.96, 'm4-1': 27.66, 'm5-1': 155.0, 'm6-1': 1.12, 'm7-1': 140.74, 'm8-1': 23.43}",1.6800000000000002,870.854,871.974,inf,980.854,980.854
864,T3,BESTEFFORT,COMPLETED,m6-1,872.269,"{'m1-1': 110.27, 'm2-1': 5.14, 'm3-1': 105.28, 'm4-1': 27.01, 'm5-1': 168.0, 'm6-1': 0.98, 'm7-1': 169.1, 'm8-1': 23.49}",1.47,872.269,873.249,inf,982.269,982.269
865,T5,BESTEFFORT,COMPLETED,m6-1,874.326,"{'m1-1': 102.08, 'm2-1': 4.96, 'm3-1': 105.38, 'm4-1': 26.43, 'm5-1': 157.5, 'm6-1': 0.93, 'm7-1': 161.32, 'm8-1': 24.48}",1.395,874.326,875.256,inf,984.326,984.326
866,T1,BESTEFFORT,COMPLETED,m6-1,874.397,"{'m1-1': 104.4, 'm2-1': 5.71, 'm3-1': 107.39, 'm4-1': 26.68, 'm5-1': 153.93, 'm6-1': 1.17, 'm7-1': 153.12, 'm8-1': 27.71}",1.755,875.256,876.4259999999999,inf,984.397,984.397
867,T4,BESTEFFORT,COMPLETED,m6-1,875.057,"{'m1-1': 96.23, 'm2-1': 5.65, 'm3-1': 114.81, 'm4-1': 25.11, 'm5-1': 150.99, 'm6-1': 1.0, 'm7-1': 160.34, 'm8-1': 24.09}",1.5,876.4259999999999,877.4259999999999,inf,985.057,985.057
868,T8,BESTEFFORT,COMPLETED,m6-1,875.176,"{'m1-1': 96.97, 'm2-1': 5.17, 'm3-1': 107.52, 'm4-1': 25.0, 'm5-1': 152.87, 'm6-1': 1.03, 'm7-1': 143.88, 'm8-1': 25.68}",1.545,877.4259999999999,878.4559999999999,inf,985.176,985.176
869,T1,BESTEFFORT,COMPLETED,m6-1,875.707,"{'m1-1': 104.87, 'm2-1': 4.97, 'm3-1': 109.14, 'm4-1': 28.74, 'm5-1': 140.42, 'm6-1': 1.13, 'm7-1': 167.92, 'm8-1': 26.78}",1.6949999999999998,878.4559999999999,879.5859999999999,inf,985.707,985.707
870,T8,BESTEFFORT,COMPLETED,m6-1,879.487,"{'m1-1': 100.33, 'm2-1': 4.84, 'm3-1': 103.81, 'm4-1': 23.93, 'm5-1': 155.11, 'm6-1': 1.07, 'm7-1': 156.4, 'm8-1': 25.99}",1.605,879.5859999999999,880.656,inf,989.487,989.487
871,T9,BESTEFFORT,COMPLETED,m6-1,879.98,"{'m1-1': 109.8, 'm2-1': 4.82, 'm3-1': 95.63, 'm4-1': 28.73, 'm5-1': 173.86, 'm6-1': 1.09, 'm7-1': 149.92, 'm8-1': 27.23}",1.6350000000000002,880.656,881.746,inf,989.98,989.98
872,T5,BESTEFFORT,COMPLETED,m6-1,880.037,"{'m1-1': 105.3, 'm2-1': 5.5, 'm3-1': 106.22, 'm4-1': 24.74, 'm5-1': 162.7, 'm6-1': 1.01, 'm7-1': 140.07, 'm8-1': 25.51}",1.5150000000000001,881.746,882.756,inf,990.037,990.037
873,T1,BESTEFFORT,COMPLETED,m6-1,880.257,"{'m1-1': 104.26, 'm2-1': 5.39, 'm3-1': 99.92, 'm4-1': 28.2, 'm5-1': 141.11, 'm6-1': 1.11, 'm7-1': 163.06, 'm8-1': 24.64}",1.665,882.756,883.866,inf,990.257,990.257
874,T3,BESTEFFORT,COMPLETED,m6-1,881.36,"{'m1-1': 103.6, 'm2-1': 5.17, 'm3-1': 103.1, 'm4-1': 25.06, 'm5-1': 155.42, 'm6-1': 0.99, 'm7-1': 164.18, 'm8-1': 26.56}",1.4849999999999999,883.866,884.856,inf,991.36,991.36
875,T5,BESTEFFORT,COMPLETED,m6-1,882.804,"{'m1-1': 110.29, 'm2-1': 5.36, 'm3-1': 100.17, 'm4-1': 25.76, 'm5-1': 154.9, 'm6-1': 1.06, 'm7-1': 152.61, 'm8-1': 26.73}",1.59,884.856,885.9159999999999,inf,992.804,992.804
876,T10,BESTEFFORT,COMPLETED,m6-1,884.176,"{'m1-1': 110.66, 'm2-1': 5.44, 'm3-1': 104.26, 'm4-1': 26.11, 'm5-1': 170.0, 'm6-1': 1.0, 'm7-1': 152.25, 'm8-1': 25.68}",1.5,885.9159999999999,886.9159999999999,inf,994.176,994.176
877,T6,BESTEFFORT,COMPLETED,m6-1,885.62,"{'m1-1': 108.25, 'm2-1': 5.69, 'm3-1': 109.28, 'm4-1': 25.69, 'm5-1': 149.36, 'm6-1': 0.96, 'm7-1': 148.81, 'm8-1': 27.08}",1.44,886.9159999999999,887.876,inf,995.62,995.62
878,T1,BESTEFFORT,COMPLETED,m6-1,887.803,"{'m1-1': 106.46, 'm2-1': 5.03, 'm3-1': 111.77, 'm4-1': 26.06, 'm5-1': 141.31, 'm6-1': 1.08, 'm7-1': 168.96, 'm8-1': 26.63}",1.62,887.876,888.956,inf,997.803,997.803
879,T10,BESTEFFORT,COMPLETED,m6-1,887.991,"{'m1-1': 115.12, 'm2-1': 5.35, 'm3-1': 105.0, 'm4-1': 23.75, 'm5-1': 151.09, 'm6-1': 1.1, 'm7-1': 163.69, 'm8-1': 28.47}",1.6500000000000001,888.956,890.056,inf,997.991,997.991
880,T1,BESTEFFORT,COMPLETED,m6-1,889.729,"{'m1-1': 107.75, 'm2-1': 4.96, 'm3-1': 104.19, 'm4-1': 28.47, 'm5-1': 137.5, 'm6-1': 1.17, 'm7-1': 167.18, 'm8-1': 27.24}",1.755,890.056,891.226,inf,999.729,999.729
881,T4,BESTEFFORT,COMPLETED,m6-1,891.277,"{'m1-1': 105.25, 'm2-1': 5.61, 'm3-1': 105.31, 'm4-1': 26.06, 'm5-1': 172.57, 'm6-1': 1.14, 'm7-1': 152.01, 'm8-1': 25.87}",1.71,891.277,892.417,inf,1001.277,1001.277
882,T6,BESTEFFORT,COMPLETED,m6-1,899.269,"{'m1-1': 105.36, 'm2-1': 5.51, 'm3-1': 96.94, 'm4-1': 26.73, 'm5-1': 169.04, 'm6-1': 0.95, 'm7-1': 159.14, 'm8-1': 24.32}",1.4249999999999998,899.269,900.219,inf,1009.269,1009.269
883,T9,BESTEFFORT,COMPLETED,m6-1,899.88,"{'m1-1': 111.95, 'm2-1': 5.25, 'm3-1': 96.99, 'm4-1': 26.29, 'm5-1': 155.54, 'm6-1': 1.19, 'm7-1': 158.47, 'm8-1': 27.02}",1.785,900.219,901.4090000000001,inf,1009.88,1009.88
884,T5,BESTEFFORT,COMPLETED,m6-1,900.282,"{'m1-1': 105.81, 'm2-1': 5.26, 'm3-1': 98.51, 'm4-1': 23.68, 'm5-1': 168.86, 'm6-1': 1.01, 'm7-1': 153.05, 'm8-1': 24.04}",1.5150000000000001,901.4090000000001,902.4190000000001,inf,1010.282,1010.282
885,T6,BESTEFFORT,COMPLETED,m6-1,900.573,"{'m1-1': 111.58, 'm2-1': 5.76, 'm3-1': 108.13, 'm4-1': 24.12, 'm5-1': 147.86, 'm6-1': 1.04, 'm7-1': 156.66, 'm8-1': 24.9}",1.56,902.4190000000001,903.4590000000001,inf,1010.573,1010.573
886,T6,BESTEFFORT,COMPLETED,m6-1,900.705,"{'m1-1': 117.92, 'm2-1': 5.39, 'm3-1': 108.42, 'm4-1': 23.29, 'm5-1': 149.76, 'm6-1': 1.06, 'm7-1': 149.7, 'm8-1': 24.24}",1.59,903.4590000000001,904.519,inf,1010.705,1010.705
887,T6,BESTEFFORT,COMPLETED,m2-1,901.382,"{'m1-1': 111.32, 'm2-1': 5.74, 'm3-1': 107.29, 'm4-1': 24.54, 'm5-1': 155.36, 'm6-1': 1.06, 'm7-1': 163.32, 'm8-1': 23.88}",8.61,901.382,907.122,inf,1011.382,1011.382
888,T3,BESTEFFORT,COMPLETED,m6-1,903.487,"{'m1-1': 100.96, 'm2-1': 5.11, 'm3-1': 99.04, 'm4-1': 23.95, 'm5-1': 170.33, 'm6-1': 1.07, 'm7-1': 144.64, 'm8-1': 23.9}",1.605,904.519,905.589,inf,1013.487,1013.487
889,T2,BESTEFFORT,COMPLETED,m6-1,904.366,"{'m1-1': 103.54, 'm2-1': 4.71, 'm3-1': 104.96, 'm4-1': 25.15, 'm5-1': 167.64, 'm6-1': 1.15, 'm7-1': 162.42, 'm8-1': 28.4}",1.7249999999999999,905.589,906.739,inf,1014.366,1014.366
890,T6,BESTEFFORT,COMPLETED,m6-1,906.087,"{'m1-1': 100.22, 'm2-1': 5.18, 'm3-1': 98.91, 'm4-1': 25.96, 'm5-1': 143.45, 'm6-1': 0.95, 'm7-1': 161.23, 'm8-1': 26.62}",1.4249999999999998,906.739,907.6890000000001,inf,1016.087,1016.087
891,T5,BESTEFFORT,COMPLETED,m6-1,910.209,"{'m1-1': 100.98, 'm2-1': 5.21, 'm3-1': 104.52, 'm4-1': 26.93, 'm5-1': 147.62, 'm6-1': 1.07, 'm7-1': 158.71, 'm8-1': 27.08}",1.605,910.209,911.279,inf,1020.209,1020.209
892,T2,BESTEFFORT,COMPLETED,m6-1,910.475,"{'m1-1': 103.34, 'm2-1': 5.45, 'm3-1': 112.68, 'm4-1': 28.06, 'm5-1': 167.29, 'm6-1': 1.01, 'm7-1': 153.68, 'm8-1': 26.22}",1.5150000000000001,911.279,912.289,inf,1020.475,1020.475
893,T4,BESTEFFORT,COMPLETED,m6-1,911.468,"{'m1-1': 109.6, 'm2-1': 5.54, 'm3-1': 99.27, 'm4-1': 27.08, 'm5-1': 158.52, 'm6-1': 1.08, 'm7-1': 157.24, 'm8-1': 24.16}",1.62,912.289,913.369,inf,1021.468,1021.468
894,T6,BESTEFFORT,COMPLETED,m6-1,916.099,"{'m1-1': 113.27, 'm2-1': 5.22, 'm3-1': 108.69, 'm4-1': 27.07, 'm5-1': 159.82, 'm6-1': 0.99, 'm7-1': 143.45, 'm8-1': 23.8}",1.4849999999999999,916.099,917.089,inf,1026.0990000000002,1026.0990000000002
895,T9,BESTEFFORT,COMPLETED,m6-1,917.358,"{'m1-1': 106.66, 'm2-1': 5.32, 'm3-1': 109.34, 'm4-1': 28.74, 'm5-1': 159.43, 'm6-1': 1.14, 'm7-1': 145.36, 'm8-1': 25.35}",1.71,917.358,918.4979999999999,inf,1027.358,1027.358
896,T2,BESTEFFORT,COMPLETED,m6-1,917.899,"{'m1-1': 99.03, 'm2-1': 5.05, 'm3-1': 110.63, 'm4-1': 28.71, 'm5-1': 153.53, 'm6-1': 1.12, 'm7-1': 165.86, 'm8-1': 26.42}",1.6800000000000002,918.4979999999999,919.6179999999999,inf,1027.899,1027.899
897,T3,BESTEFFORT,COMPLETED,m6-1,918.865,"{'m1-1': 96.18, 'm2-1': 5.28, 'm3-1': 93.8, 'm4-1': 24.55, 'm5-1': 148.54, 'm6-1': 1.06, 'm7-1': 165.82, 'm8-1': 27.31}",1.59,919.6179999999999,920.6779999999999,inf,1028.865,1028.865
898,T2,BESTEFFORT,COMPLETED,m6-1,919.371,"{'m1-1': 100.01, 'm2-1': 5.1, 'm3-1': 111.26, 'm4-1': 25.31, 'm5-1': 158.91, 'm6-1': 1.17, 'm7-1': 162.57, 'm8-1': 25.07}",1.755,920.6779999999999,921.8479999999998,inf,1029.371,1029.371
899,T4,BESTEFFORT,COMPLETED,m6-1,921.052,"{'m1-1': 107.01, 'm2-1': 5.05, 'm3-1': 111.12, 'm4-1': 25.21, 'm5-1': 170.29, 'm6-1': 1.06, 'm7-1': 152.35, 'm8-1': 24.38}",1.59,921.8479999999998,922.9079999999998,inf,1031.0520000000001,1031.0520000000001
900,T10,BESTEFFORT,COMPLETED,m6-1,923.08,"{'m1-1': 108.65, 'm2-1': 5.31, 'm3-1': 106.71, 'm4-1': 23.64, 'm5-1': 158.51, 'm6-1': 1.05, 'm7-1': 158.01, 'm8-1': 27.32}",1.5750000000000002,923.08,924.13,inf,1033.08,1033.08
901,T1,BESTEFFORT,COMPLETED,m6-1,923.399,"{'m1-1': 101.1, 'm2-1': 5.16, 'm3-1': 107.44, 'm4-1': 29.15, 'm5-1': 138.36, 'm6-1': 1.02, 'm7-1': 147.38, 'm8-1': 26.72}",1.53,924.13,925.15,inf,1033.399,1033.399
902,T3,BESTEFFORT,COMPLETED,m6-1,924.394,"{'m1-1': 111.53, 'm2-1': 5.3, 'm3-1': 100.92, 'm4-1': 26.11, 'm5-1': 160.41, 'm6-1': 1.01, 'm7-1': 163.09, 'm8-1': 26.27}",1.5150000000000001,925.15,926.16,inf,1034.394,1034.394
903,T2,BESTEFFORT,COMPLETED,m6-1,925.755,"{'m1-1': 104.0, 'm2-1': 5.02, 'm3-1': 107.1, 'm4-1': 26.77, 'm5-1': 152.32, 'm6-1': 1.12, 'm7-1': 152.69, 'm8-1': 28.49}",1.6800000000000002,926.16,927.28,inf,1035.755,1035.755
904,T6,BESTEFFORT,COMPLETED,m6-1,927.544,"{'m1-1': 108.13, 'm2-1': 5.32, 'm3-1': 97.14, 'm4-1': 26.23, 'm5-1': 144.69, 'm6-1': 1.05, 'm7-1': 155.73, 'm8-1': 24.11}",1.5750000000000002,927.544,928.5939999999999,inf,1037.5439999999999,1037.5439999999999
905,T9,BESTEFFORT,COMPLETED,m6-1,927.656,"{'m1-1': 96.85, 'm2-1': 5.48, 'm3-1': 109.34, 'm4-1': 26.09, 'm5-1': 174.75, 'm6-1': 1.07, 'm7-1': 156.54, 'm8-1': 24.25}",1.605,928.5939999999999,929.664,inf,1037.656,1037.656
906,T1,BESTEFFORT,COMPLETED,m6-1,927.956,"{'m1-1': 96.95, 'm2-1': 5.36, 'm3-1': 103.27, 'm4-1': 29.19, 'm5-1': 147.0, 'm6-1': 1.09, 'm7-1': 164.08, 'm8-1': 28.3}",1.6350000000000002,929.664,930.754,inf,1037.9560000000001,1037.9560000000001
907,T6,BESTEFFORT,COMPLETED,m6-1,929.219,"{'m1-1': 116.87, 'm2-1': 5.41, 'm3-1': 110.88, 'm4-1': 25.61, 'm5-1': 150.97, 'm6-1': 0.96, 'm7-1': 148.0, 'm8-1': 25.3}",1.44,930.754,931.714,inf,1039.219,1039.219
908,T10,BESTEFFORT,COMPLETED,m6-1,929.85,"{'m1-1': 113.96, 'm2-1': 4.76, 'm3-1': 98.23, 'm4-1': 23.62, 'm5-1': 173.27, 'm6-1': 1.0, 'm7-1': 159.19, 'm8-1': 25.13}",1.5,931.714,932.714,inf,1039.85,1039.85
909,T9,BESTEFFORT,COMPLETED,m6-1,935.172,"{'m1-1': 99.93, 'm2-1': 5.46, 'm3-1': 110.21, 'm4-1': 24.5, 'm5-1': 151.11, 'm6-1': 1.14, 'm7-1': 157.1, 'm8-1': 23.62}",1.71,935.172,936.312,inf,1045.172,1045.172
910,T6,BESTEFFORT,COMPLETED,m6-1,935.668,"{'m1-1': 116.0, 'm2-1': 5.8, 'm3-1': 99.88, 'm4-1': 24.64, 'm5-1': 147.39, 'm6-1': 1.01, 'm7-1': 156.87, 'm8-1': 23.88}",1.5150000000000001,936.312,937.322,inf,1045.6680000000001,1045.6680000000001
911,T5,BESTEFFORT,COMPLETED,m6-1,936.589,"{'m1-1': 113.52, 'm2-1': 5.09, 'm3-1': 108.21, 'm4-1': 28.02, 'm5-1': 151.18, 'm6-1': 1.08, 'm7-1': 151.85, 'm8-1': 24.62}",1.62,937.322,938.402,inf,1046.589,1046.589
912,T10,BESTEFFORT,COMPLETED,m6-1,936.694,"{'m1-1': 100.52, 'm2-1': 5.46, 'm3-1': 100.58, 'm4-1': 25.77, 'm5-1': 173.41, 'm6-1': 1.01, 'm7-1': 153.86, 'm8-1': 28.31}",1.5150000000000001,938.402,939.412,inf,1046.694,1046.694
913,T6,BESTEFFORT,COMPLETED,m6-1,937.814,"{'m1-1': 102.76, 'm2-1': 5.92, 'm3-1': 101.11, 'm4-1': 23.36, 'm5-1': 159.97, 'm6-1': 1.04, 'm7-1': 154.46, 'm8-1': 24.63}",1.56,939.412,940.452,inf,1047.8139999999999,1047.8139999999999
914,T3,BESTEFFORT,COMPLETED,m6-1,938.313,"{'m1-1': 100.43, 'm2-1': 4.89, 'm3-1': 93.24, 'm4-1': 24.06, 'm5-1': 169.1, 'm6-1': 1.0, 'm7-1': 171.15, 'm8-1': 26.73}",1.5,940.452,941.452,inf,1048.313,1048.313
915,T10,BESTEFFORT,COMPLETED,m6-1,938.487,"{'m1-1': 116.24, 'm2-1': 5.05, 'm3-1': 103.05, 'm4-1': 24.48, 'm5-1': 167.64, 'm6-1': 0.98, 'm7-1': 165.48, 'm8-1': 29.72}",1.47,941.452,942.432,inf,1048.487,1048.487
916,T1,BESTEFFORT,COMPLETED,m6-1,941.048,"{'m1-1': 104.33, 'm2-1': 5.86, 'm3-1': 104.86, 'm4-1': 25.54, 'm5-1': 142.63, 'm6-1': 1.09, 'm7-1': 148.94, 'm8-1': 26.01}",1.6350000000000002,942.432,943.522,inf,1051.048,1051.048
917,T2,BESTEFFORT,COMPLETED,m6-1,941.719,"{'m1-1': 102.55, 'm2-1': 4.84, 'm3-1': 106.94, 'm4-1': 28.56, 'm5-1': 155.16, 'm6-1': 1.02, 'm7-1': 149.04, 'm8-1': 24.78}",1.53,943.522,944.542,inf,1051.719,1051.719
918,T3,BESTEFFORT,COMPLETED,m6-1,942.855,"{'m1-1': 96.92, 'm2-1': 5.59, 'm3-1': 93.14, 'm4-1': 24.06, 'm5-1': 161.45, 'm6-1': 1.12, 'm7-1': 155.68, 'm8-1': 26.34}",1.6800000000000002,944.542,945.662,inf,1052.855,1052.855
919,T5,BESTEFFORT,COMPLETED,m6-1,944.828,"{'m1-1': 111.13, 'm2-1': 4.92, 'm3-1': 93.11, 'm4-1': 25.06, 'm5-1': 161.23, 'm6-1': 0.95, 'm7-1': 141.24, 'm8-1': 27.54}",1.4249999999999998,945.662,946.6120000000001,inf,1054.828,1054.828
920,T2,BESTEFFORT,COMPLETED,m6-1,946.03,"{'m1-1': 103.31, 'm2-1': 5.05, 'm3-1': 101.68, 'm4-1': 24.38, 'm5-1': 158.95, 'm6-1': 1.18, 'm7-1': 145.5, 'm8-1': 27.8}",1.77,946.6120000000001,947.792,inf,1056.03,1056.03
921,T5,BESTEFFORT,COMPLETED,m6-1,946.751,"{'m1-1': 107.72, 'm2-1': 5.4, 'm3-1': 107.64, 'm4-1': 24.65, 'm5-1': 150.22, 'm6-1': 1.09, 'm7-1': 140.14, 'm8-1': 24.58}",1.6350000000000002,947.792,948.8820000000001,inf,1056.751,1056.751
922,T2,BESTEFFORT,COMPLETED,m6-1,949.128,"{'m1-1': 105.22, 'm2-1': 4.87, 'm3-1': 95.3, 'm4-1': 26.67, 'm5-1': 157.89, 'm6-1': 1.14, 'm7-1': 148.21, 'm8-1': 25.58}",1.71,949.128,950.268,inf,1059.1280000000002,1059.1280000000002
923,T6,BESTEFFORT,COMPLETED,m6-1,949.527,"{'m1-1': 103.72, 'm2-1': 5.42, 'm3-1': 99.07, 'm4-1': 25.87, 'm5-1': 160.74, 'm6-1': 0.99, 'm7-1': 145.31, 'm8-1': 27.45}",1.4849999999999999,950.268,951.258,inf,1059.527,1059.527
924,T2,BESTEFFORT,COMPLETED,m6-1,952.041,"{'m1-1': 114.09, 'm2-1': 4.78, 'm3-1': 105.96, 'm4-1': 28.49, 'm5-1': 156.39, 'm6-1': 1.07, 'm7-1': 154.36, 'm8-1': 27.74}",1.605,952.041,953.1110000000001,inf,1062.0410000000002,1062.0410000000002
925,T2,BESTEFFORT,COMPLETED,m6-1,954.728,"{'m1-1': 114.09, 'm2-1': 5.28, 'm3-1': 101.14, 'm4-1': 28.77, 'm5-1': 162.93, 'm6-1': 1.18, 'm7-1': 169.59, 'm8-1': 26.0}",1.77,954.728,955.9079999999999,inf,1064.728,1064.728
926,T9,BESTEFFORT,COMPLETED,m6-1,955.085,"{'m1-1': 110.1, 'm2-1': 5.13, 'm3-1': 105.72, 'm4-1': 24.35, 'm5-1': 152.28, 'm6-1': 1.02, 'm7-1': 140.13, 'm8-1': 27.12}",1.53,955.9079999999999,956.9279999999999,inf,1065.085,1065.085
927,T4,BESTEFFORT,COMPLETED,m6-1,956.64,"{'m1-1': 99.59, 'm2-1': 5.63, 'm3-1': 105.65, 'm4-1': 26.3, 'm5-1': 150.11, 'm6-1': 1.15, 'm7-1': 160.15, 'm8-1': 27.73}",1.7249999999999999,956.9279999999999,958.0779999999999,inf,1066.6399999999999,1066.6399999999999
928,T3,BESTEFFORT,COMPLETED,m6-1,957.534,"{'m1-1': 95.31, 'm2-1': 5.37, 'm3-1': 97.69, 'm4-1': 26.2, 'm5-1': 147.24, 'm6-1': 1.12, 'm7-1': 163.51, 'm8-1': 27.42}",1.6800000000000002,958.0779999999999,959.1979999999999,inf,1067.534,1067.534
929,T6,BESTEFFORT,COMPLETED,m6-1,959.87,"{'m1-1': 112.69, 'm2-1': 5.04, 'm3-1': 98.25, 'm4-1': 23.95, 'm5-1': 160.1, 'm6-1': 1.04, 'm7-1': 150.0, 'm8-1': 25.1}",1.56,959.87,960.91,inf,1069.87,1069.87
930,T9,BESTEFFORT,COMPLETED,m6-1,961.253,"{'m1-1': 101.32, 'm2-1': 5.41, 'm3-1': 96.32, 'm4-1': 26.69, 'm5-1': 168.49, 'm6-1': 1.01, 'm7-1': 159.83, 'm8-1': 26.83}",1.5150000000000001,961.253,962.263,inf,1071.2530000000002,1071.2530000000002
931,T3,BESTEFFORT,COMPLETED,m6-1,962.348,"{'m1-1': 106.86, 'm2-1': 5.38, 'm3-1': 100.04, 'm4-1': 23.98, 'm5-1': 155.27, 'm6-1': 1.06, 'm7-1': 163.98, 'm8-1': 25.08}",1.59,962.348,963.4079999999999,inf,1072.348,1072.348
932,T2,BESTEFFORT,COMPLETED,m6-1,963.533,"{'m1-1': 100.72, 'm2-1': 5.18, 'm3-1': 98.73, 'm4-1': 28.13, 'm5-1': 154.12, 'm6-1': 1.08, 'm7-1': 163.41, 'm8-1': 28.08}",1.62,963.533,964.613,inf,1073.533,1073.533
933,T10,BESTEFFORT,COMPLETED,m6-1,963.721,"{'m1-1': 116.56, 'm2-1': 4.91, 'm3-1': 115.27, 'm4-1': 27.63, 'm5-1': 159.65, 'm6-1': 1.06, 'm7-1': 162.6, 'm8-1': 25.64}",1.59,964.613,965.673,inf,1073.721,1073.721
934,T4,BESTEFFORT,COMPLETED,m6-1,967.859,"{'m1-1': 104.73, 'm2-1': 5.34, 'm3-1': 101.5, 'm4-1': 26.21, 'm5-1': 153.04, 'm6-1': 1.0, 'm7-1': 151.12, 'm8-1': 26.08}",1.5,967.859,968.859,inf,1077.859,1077.859
935,T9,BESTEFFORT,COMPLETED,m6-1,969.456,"{'m1-1': 98.47, 'm2-1': 4.9, 'm3-1': 100.66, 'm4-1': 28.86, 'm5-1': 153.06, 'm6-1': 1.18, 'm7-1': 141.1, 'm8-1': 24.84}",1.77,969.456,970.636,inf,1079.4560000000001,1079.4560000000001
936,T1,BESTEFFORT,COMPLETED,m6-1,972.159,"{'m1-1': 107.82, 'm2-1': 5.78, 'm3-1': 104.7, 'm4-1': 25.5, 'm5-1': 141.59, 'm6-1': 1.01, 'm7-1': 151.51, 'm8-1': 25.06}",1.5150000000000001,972.159,973.169,inf,1082.159,1082.159
937,T1,BESTEFFORT,COMPLETED,m6-1,972.541,"{'m1-1': 107.79, 'm2-1': 5.39, 'm3-1': 102.57, 'm4-1': 28.32, 'm5-1': 146.3, 'm6-1': 1.03, 'm7-1': 147.47, 'm8-1': 25.15}",1.545,973.169,974.199,inf,1082.5410000000002,1082.5410000000002
938,T10,BESTEFFORT,COMPLETED,m6-1,972.936,"{'m1-1': 116.16, 'm2-1': 4.87, 'm3-1': 107.8, 'm4-1': 23.65, 'm5-1': 167.68, 'm6-1': 1.06, 'm7-1': 167.95, 'm8-1': 26.99}",1.59,974.199,975.2589999999999,inf,1082.9360000000001,1082.9360000000001
939,T3,BESTEFFORT,COMPLETED,m6-1,976.727,"{'m1-1': 102.13, 'm2-1': 4.97, 'm3-1': 103.19, 'm4-1': 26.93, 'm5-1': 145.59, 'm6-1': 1.12, 'm7-1': 158.27, 'm8-1': 25.54}",1.6800000000000002,976.727,977.847,inf,1086.7269999999999,1086.7269999999999
940,T10,BESTEFFORT,COMPLETED,m6-1,980.434,"{'m1-1': 114.01, 'm2-1': 5.55, 'm3-1': 116.12, 'm4-1': 24.85, 'm5-1': 162.42, 'm6-1': 1.04, 'm7-1': 160.92, 'm8-1': 29.45}",1.56,980.434,981.4739999999999,inf,1090.434,1090.434
941,T10,BESTEFFORT,COMPLETED,m6-1,981.485,"{'m1-1': 116.44, 'm2-1': 5.39, 'm3-1': 108.1, 'm4-1': 26.5, 'm5-1': 146.85, 'm6-1': 1.02, 'm7-1': 168.01, 'm8-1': 26.88}",1.53,981.485,982.505,inf,1091.4850000000001,1091.4850000000001
942,T6,BESTEFFORT,COMPLETED,m6-1,982.748,"{'m1-1': 103.28, 'm2-1': 5.18, 'm3-1': 111.93, 'm4-1': 27.46, 'm5-1': 153.66, 'm6-1': 1.09, 'm7-1': 164.14, 'm8-1': 24.38}",1.6350000000000002,982.748,983.8380000000001,inf,1092.748,1092.748
943,T10,BESTEFFORT,COMPLETED,m6-1,985.632,"{'m1-1': 115.36, 'm2-1': 5.43, 'm3-1': 111.55, 'm4-1': 25.91, 'm5-1': 166.56, 'm6-1': 1.08, 'm7-1': 164.09, 'm8-1': 26.17}",1.62,985.632,986.712,inf,1095.632,1095.632
944,T9,BESTEFFORT,COMPLETED,m6-1,986.903,"{'m1-1': 112.72, 'm2-1': 4.82, 'm3-1': 99.37, 'm4-1': 26.75, 'm5-1': 162.12, 'm6-1': 1.18, 'm7-1': 140.08, 'm8-1': 23.68}",1.77,986.903,988.083,inf,1096.903,1096.903
945,T10,BESTEFFORT,COMPLETED,m6-1,988.221,"{'m1-1': 114.17, 'm2-1': 4.95, 'm3-1': 113.12, 'm4-1': 24.34, 'm5-1': 155.24, 'm6-1': 1.03, 'm7-1': 142.79, 'm8-1': 28.01}",1.545,988.221,989.251,inf,1098.221,1098.221
946,T2,BESTEFFORT,COMPLETED,m6-1,989.548,"{'m1-1': 107.15, 'm2-1': 5.02, 'm3-1': 109.93, 'm4-1': 27.04, 'm5-1': 168.4, 'm6-1': 1.07, 'm7-1': 158.44, 'm8-1': 27.14}",1.605,989.548,990.618,inf,1099.548,1099.548
947,T6,BESTEFFORT,COMPLETED,m6-1,992.17,"{'m1-1': 108.68, 'm2-1': 5.0, 'm3-1': 112.18, 'm4-1': 26.33, 'm5-1': 155.2, 'm6-1': 1.02, 'm7-1': 154.56, 'm8-1': 27.11}",1.53,992.17,993.1899999999999,inf,1102.17,1102.17
948,T9,BESTEFFORT,COMPLETED,m6-1,992.907,"{'m1-1': 108.95, 'm2-1': 5.44, 'm3-1': 93.61, 'm4-1': 26.58, 'm5-1': 152.62, 'm6-1': 1.02, 'm7-1': 156.49, 'm8-1': 25.21}",1.53,993.1899999999999,994.2099999999999,inf,1102.9070000000002,1102.9070000000002
949,T2,BESTEFFORT,COMPLETED,m6-1,996.354,"{'m1-1': 104.88, 'm2-1': 5.17, 'm3-1': 97.92, 'm4-1': 26.22, 'm5-1': 152.93, 'm6-1': 1.02, 'm7-1': 162.64, 'm8-1': 25.71}",1.53,996.354,997.374,inf,1106.354,1106.354
950,T1,BESTEFFORT,COMPLETED,m6-1,1001.294,"{'m1-1': 98.78, 'm2-1': 4.97, 'm3-1': 109.71, 'm4-1': 26.13, 'm5-1': 139.31, 'm6-1': 1.13, 'm7-1': 166.23, 'm8-1': 28.42}",1.6949999999999998,1001.294,1002.424,inf,1111.2939999999999,1111.2939999999999
951,T9,BESTEFFORT,COMPLETED,m6-1,1004.459,"{'m1-1': 105.47, 'm2-1': 5.37, 'm3-1': 105.21, 'm4-1': 26.24, 'm5-1': 156.4, 'm6-1': 1.13, 'm7-1': 142.2, 'm8-1': 26.28}",1.6949999999999998,1004.459,1005.5889999999999,inf,1114.4589999999998,1114.4589999999998
952,T1,BESTEFFORT,COMPLETED,m6-1,1005.419,"{'m1-1': 95.18, 'm2-1': 5.8, 'm3-1': 113.2, 'm4-1': 27.85, 'm5-1': 141.26, 'm6-1': 1.02, 'm7-1': 159.89, 'm8-1': 27.5}",1.53,1005.5889999999999,1006.6089999999999,inf,1115.4189999999999,1115.4189999999999
953,T9,BESTEFFORT,COMPLETED,m6-1,1005.988,"{'m1-1': 102.12, 'm2-1': 5.49, 'm3-1': 105.1, 'm4-1': 28.19, 'm5-1': 148.66, 'm6-1': 1.16, 'm7-1': 162.85, 'm8-1': 27.01}",1.7399999999999998,1006.6089999999999,1007.7689999999999,inf,1115.988,1115.988
954,T10,BESTEFFORT,COMPLETED,m6-1,1008.541,"{'m1-1': 103.38, 'm2-1': 4.71, 'm3-1': 104.26, 'm4-1': 23.62, 'm5-1': 171.0, 'm6-1': 1.0, 'm7-1': 162.7, 'm8-1': 28.63}",1.5,1008.541,1009.541,inf,1118.5410000000002,1118.5410000000002
955,T2,BESTEFFORT,COMPLETED,m6-1,1009.446,"{'m1-1': 107.64, 'm2-1': 5.12, 'm3-1': 111.12, 'm4-1': 28.64, 'm5-1': 150.32, 'm6-1': 1.1, 'm7-1': 143.69, 'm8-1': 25.4}",1.6500000000000001,1009.541,1010.6410000000001,inf,1119.446,1119.446
956,T9,BESTEFFORT,COMPLETED,m6-1,1012.388,"{'m1-1': 99.23, 'm2-1': 5.02, 'm3-1': 107.07, 'm4-1': 27.54, 'm5-1': 149.72, 'm6-1': 1.09, 'm7-1': 148.16, 'm8-1': 24.12}",1.6350000000000002,1012.388,1013.4780000000001,inf,1122.388,1122.388
957,T1,BESTEFFORT,COMPLETED,m6-1,1014.459,"{'m1-1': 104.73, 'm2-1': 5.11, 'm3-1': 100.31, 'm4-1': 29.26, 'm5-1': 155.25, 'm6-1': 1.1, 'm7-1': 161.4, 'm8-1': 24.34}",1.6500000000000001,1014.459,1015.559,inf,1124.4589999999998,1124.4589999999998
958,T4,BESTEFFORT,COMPLETED,m6-1,1015.668,"{'m1-1': 103.7, 'm2-1': 5.45, 'm3-1': 104.83, 'm4-1': 25.89, 'm5-1': 169.54, 'm6-1': 1.03, 'm7-1': 169.02, 'm8-1': 26.98}",1.545,1015.668,1016.698,inf,1125.6680000000001,1125.6680000000001
959,T1,BESTEFFORT,COMPLETED,m6-1,1017.183,"{'m1-1': 101.74, 'm2-1': 5.69, 'm3-1': 107.56, 'm4-1': 26.45, 'm5-1': 150.79, 'm6-1': 1.0, 'm7-1': 166.38, 'm8-1': 28.07}",1.5,1017.183,1018.183,inf,1127.183,1127.183
960,T4,BESTEFFORT,COMPLETED,m6-1,1019.388,"{'m1-1': 102.48, 'm2-1': 5.12, 'm3-1': 112.98, 'm4-1': 25.0, 'm5-1': 168.88, 'm6-1': 1.01, 'm7-1': 164.75, 'm8-1': 28.41}",1.5150000000000001,1019.388,1020.398,inf,1129.388,1129.388
961,T9,BESTEFFORT,COMPLETED,m6-1,1021.627,"{'m1-1': 112.17, 'm2-1': 5.35, 'm3-1': 96.96, 'm4-1': 24.92, 'm5-1': 159.54, 'm6-1': 1.13, 'm7-1': 141.83, 'm8-1': 23.31}",1.6949999999999998,1021.627,1022.757,inf,1131.627,1131.627
962,T10,BESTEFFORT,COMPLETED,m6-1,1024.443,"{'m1-1': 102.47, 'm2-1': 4.84, 'm3-1': 103.04, 'm4-1': 24.48, 'm5-1': 152.35, 'm6-1': 0.95, 'm7-1': 154.86, 'm8-1': 29.05}",1.4249999999999998,1024.443,1025.393,inf,1134.443,1134.443
963,T9,BESTEFFORT,COMPLETED,m6-1,1024.518,"{'m1-1': 101.46, 'm2-1': 5.28, 'm3-1': 105.75, 'm4-1': 27.68, 'm5-1': 148.63, 'm6-1': 1.07, 'm7-1': 152.46, 'm8-1': 25.36}",1.605,1025.393,1026.463,inf,1134.518,1134.518
964,T1,BESTEFFORT,COMPLETED,m6-1,1025.98,"{'m1-1': 93.98, 'm2-1': 5.09, 'm3-1': 110.08, 'm4-1': 27.72, 'm5-1': 160.87, 'm6-1': 1.07, 'm7-1': 155.39, 'm8-1': 26.13}",1.605,1026.463,1027.533,inf,1135.98,1135.98
965,T4,BESTEFFORT,COMPLETED,m6-1,1026.614,"{'m1-1': 97.73, 'm2-1': 5.49, 'm3-1': 116.84, 'm4-1': 27.91, 'm5-1': 170.87, 'm6-1': 1.07, 'm7-1': 157.38, 'm8-1': 25.21}",1.605,1027.533,1028.6029999999998,inf,1136.614,1136.614
966,T6,BESTEFFORT,COMPLETED,m6-1,1027.13,"{'m1-1': 110.89, 'm2-1': 5.28, 'm3-1': 106.5, 'm4-1': 27.1, 'm5-1': 157.13, 'm6-1': 1.07, 'm7-1': 159.94, 'm8-1': 25.54}",1.605,1028.6029999999998,1029.6729999999998,inf,1137.13,1137.13
967,T1,BESTEFFORT,COMPLETED,m6-1,1029.093,"{'m1-1': 94.89, 'm2-1': 5.42, 'm3-1': 107.76, 'm4-1': 25.16, 'm5-1': 143.71, 'm6-1': 1.02, 'm7-1': 168.68, 'm8-1': 26.18}",1.53,1030.6829999999998,1031.7029999999997,inf,1139.093,1139.093
968,T6,BESTEFFORT,COMPLETED,m6-1,1029.093,"{'m1-1': 106.79, 'm2-1': 4.98, 'm3-1': 96.72, 'm4-1': 27.12, 'm5-1': 147.07, 'm6-1': 1.01, 'm7-1': 142.87, 'm8-1': 23.72}",1.5150000000000001,1029.6729999999998,1030.6829999999998,inf,1139.093,1139.093
969,T6,BESTEFFORT,COMPLETED,m6-1,1032.229,"{'m1-1': 110.89, 'm2-1': 5.74, 'm3-1': 97.14, 'm4-1': 25.77, 'm5-1': 149.02, 'm6-1': 0.94, 'm7-1': 157.03, 'm8-1': 23.36}",1.41,1032.229,1033.169,inf,1142.229,1142.229
970,T4,BESTEFFORT,COMPLETED,m6-1,1033.13,"{'m1-1': 109.3, 'm2-1': 5.34, 'm3-1': 103.66, 'm4-1': 24.51, 'm5-1': 170.18, 'm6-1': 1.14, 'm7-1': 149.18, 'm8-1': 25.14}",1.71,1033.169,1034.3090000000002,inf,1143.13,1143.13
971,T6,BESTEFFORT,COMPLETED,m6-1,1034.189,"{'m1-1': 101.03, 'm2-1': 5.77, 'm3-1': 109.4, 'm4-1': 24.31, 'm5-1': 155.69, 'm6-1': 0.92, 'm7-1': 149.62, 'm8-1': 25.88}",1.3800000000000001,1034.3090000000002,1035.2290000000003,inf,1144.189,1144.189
972,T9,BESTEFFORT,COMPLETED,m6-1,1035.366,"{'m1-1': 98.19, 'm2-1': 5.27, 'm3-1': 109.32, 'm4-1': 27.92, 'm5-1': 160.08, 'm6-1': 1.08, 'm7-1': 145.42, 'm8-1': 27.26}",1.62,1035.366,1036.446,inf,1145.366,1145.366
973,T6,BESTEFFORT,COMPLETED,m6-1,1038.239,"{'m1-1': 115.79, 'm2-1': 5.26, 'm3-1': 105.14, 'm4-1': 26.21, 'm5-1': 149.46, 'm6-1': 1.07, 'm7-1': 148.67, 'm8-1': 27.54}",1.605,1038.239,1039.309,inf,1148.239,1148.239
974,T1,BESTEFFORT,COMPLETED,m6-1,1038.961,"{'m1-1': 109.28, 'm2-1': 5.42, 'm3-1': 98.76, 'm4-1': 26.56, 'm5-1': 156.09, 'm6-1': 1.08, 'm7-1': 152.72, 'm8-1': 25.72}",1.62,1039.309,1040.389,inf,1148.961,1148.961
975,T1,BESTEFFORT,COMPLETED,m6-1,1041.71,"{'m1-1': 101.48, 'm2-1': 5.15, 'm3-1': 97.64, 'm4-1': 25.16, 'm5-1': 137.49, 'm6-1': 1.16, 'm7-1': 145.96, 'm8-1': 28.35}",1.7399999999999998,1041.71,1042.8700000000001,inf,1151.71,1151.71
976,T9,BESTEFFORT,COMPLETED,m6-1,1042.017,"{'m1-1': 101.74, 'm2-1': 5.27, 'm3-1': 106.7, 'm4-1': 25.1, 'm5-1': 170.04, 'm6-1': 1.16, 'm7-1': 138.74, 'm8-1': 23.4}",1.7399999999999998,1042.8700000000001,1044.0300000000002,inf,1152.017,1152.017
977,T4,BESTEFFORT,COMPLETED,m6-1,1045.634,"{'m1-1': 101.18, 'm2-1': 5.01, 'm3-1': 103.07, 'm4-1': 25.26, 'm5-1': 146.17, 'm6-1': 1.05, 'm7-1': 157.67, 'm8-1': 24.48}",1.5750000000000002,1045.634,1046.684,inf,1155.634,1155.634
978,T9,BESTEFFORT,COMPLETED,m6-1,1047.299,"{'m1-1': 108.34, 'm2-1': 5.13, 'm3-1': 95.83, 'm4-1': 25.68, 'm5-1': 164.98, 'm6-1': 1.14, 'm7-1': 157.68, 'm8-1': 24.86}",1.71,1047.299,1048.439,inf,1157.299,1157.299
979,T9,BESTEFFORT,COMPLETED,m6-1,1049.278,"{'m1-1': 103.38, 'm2-1': 5.33, 'm3-1': 97.28, 'm4-1': 26.58, 'm5-1': 169.53, 'm6-1': 1.08, 'm7-1': 149.45, 'm8-1': 27.26}",1.62,1049.278,1050.358,inf,1159.278,1159.278
980,T9,BESTEFFORT,COMPLETED,m6-1,1049.409,"{'m1-1': 101.06, 'm2-1': 5.35, 'm3-1': 100.14, 'm4-1': 24.79, 'm5-1': 159.92, 'm6-1': 1.17, 'm7-1': 142.76, 'm8-1': 24.39}",1.755,1050.358,1051.528,inf,1159.409,1159.409
981,T4,BESTEFFORT,COMPLETED,m6-1,1049.844,"{'m1-1': 106.5, 'm2-1': 5.38, 'm3-1': 106.82, 'm4-1': 26.58, 'm5-1': 171.27, 'm6-1': 1.09, 'm7-1': 162.1, 'm8-1': 26.62}",1.6350000000000002,1051.528,1052.618,inf,1159.844,1159.844
982,T9,BESTEFFORT,COMPLETED,m6-1,1055.945,"{'m1-1': 100.84, 'm2-1': 5.54, 'm3-1': 99.9, 'm4-1': 27.01, 'm5-1': 165.65, 'm6-1': 1.05, 'm7-1': 142.94, 'm8-1': 24.06}",1.5750000000000002,1055.945,1056.995,inf,1165.945,1165.945
983,T4,BESTEFFORT,COMPLETED,m6-1,1057.155,"{'m1-1': 109.82, 'm2-1': 5.64, 'm3-1': 114.81, 'm4-1': 25.19, 'm5-1': 157.36, 'm6-1': 1.02, 'm7-1': 150.21, 'm8-1': 25.18}",1.53,1057.155,1058.175,inf,1167.155,1167.155
984,T6,BESTEFFORT,COMPLETED,m6-1,1057.818,"{'m1-1': 115.92, 'm2-1': 5.46, 'm3-1': 103.93, 'm4-1': 24.31, 'm5-1': 165.65, 'm6-1': 1.02, 'm7-1': 146.78, 'm8-1': 23.66}",1.53,1058.175,1059.195,inf,1167.818,1167.818
985,T9,BESTEFFORT,COMPLETED,m6-1,1061.781,"{'m1-1': 105.87, 'm2-1': 5.37, 'm3-1': 94.07, 'm4-1': 26.77, 'm5-1': 171.58, 'm6-1': 1.12, 'm7-1': 164.13, 'm8-1': 26.11}",1.6800000000000002,1061.781,1062.9009999999998,inf,1171.781,1171.781
986,T4,BESTEFFORT,COMPLETED,m6-1,1063.871,"{'m1-1': 111.82, 'm2-1': 5.76, 'm3-1': 105.37, 'm4-1': 24.44, 'm5-1': 158.07, 'm6-1': 1.12, 'm7-1': 153.99, 'm8-1': 24.19}",1.6800000000000002,1063.871,1064.991,inf,1173.871,1173.871
987,T1,BESTEFFORT,COMPLETED,m6-1,1063.877,"{'m1-1': 97.5, 'm2-1': 5.79, 'm3-1': 100.26, 'm4-1': 26.13, 'm5-1': 145.96, 'm6-1': 1.11, 'm7-1': 155.02, 'm8-1': 25.45}",1.665,1064.991,1066.1009999999999,inf,1173.877,1173.877
988,T4,BESTEFFORT,COMPLETED,m6-1,1067.139,"{'m1-1': 107.55, 'm2-1': 5.66, 'm3-1': 104.14, 'm4-1': 24.25, 'm5-1': 163.38, 'm6-1': 1.14, 'm7-1': 149.55, 'm8-1': 24.51}",1.71,1067.139,1068.279,inf,1177.139,1177.139
989,T4,BESTEFFORT,COMPLETED,m6-1,1069.654,"{'m1-1': 104.28, 'm2-1': 5.14, 'm3-1': 112.98, 'm4-1': 28.24, 'm5-1': 157.8, 'm6-1': 1.0, 'm7-1': 169.02, 'm8-1': 25.43}",1.5,1069.654,1070.654,inf,1179.654,1179.654
990,T9,BESTEFFORT,COMPLETED,m6-1,1074.364,"{'m1-1': 100.0, 'm2-1': 4.9, 'm3-1': 97.38, 'm4-1': 25.87, 'm5-1': 161.02, 'm6-1': 1.02, 'm7-1': 161.61, 'm8-1': 23.68}",1.53,1074.364,1075.384,inf,1184.364,1184.364
991,T9,BESTEFFORT,COMPLETED,m6-1,1076.545,"{'m1-1': 103.2, 'm2-1': 5.38, 'm3-1': 107.32, 'm4-1': 24.78, 'm5-1': 151.23, 'm6-1': 1.06, 'm7-1': 149.77, 'm8-1': 26.78}",1.59,1076.545,1077.605,inf,1186.545,1186.545
992,T4,BESTEFFORT,COMPLETED,m6-1,1103.757,"{'m1-1': 96.33, 'm2-1': 5.25, 'm3-1': 100.14, 'm4-1': 25.32, 'm5-1': 161.79, 'm6-1': 1.08, 'm7-1': 145.45, 'm8-1': 25.06}",1.62,1103.757,1104.837,inf,1213.757,1213.757
993,T4,BESTEFFORT,COMPLETED,m6-1,1108.516,"{'m1-1': 108.19, 'm2-1': 5.07, 'm3-1': 109.35, 'm4-1': 24.36, 'm5-1': 166.02, 'm6-1': 1.14, 'm7-1': 153.99, 'm8-1': 25.42}",1.71,1108.516,1109.6560000000002,inf,1218.516,1218.516
994,T4,BESTEFFORT,COMPLETED,m6-1,1132.33,"{'m1-1': 110.41, 'm2-1': 5.25, 'm3-1': 101.36, 'm4-1': 27.56, 'm5-1': 155.84, 'm6-1': 1.07, 'm7-1': 151.77, 'm8-1': 26.4}",1.605,1132.33,1133.3999999999999,inf,1242.33,1242.33
995,T4,BESTEFFORT,COMPLETED,m6-1,1151.503,"{'m1-1': 108.35, 'm2-1': 5.62, 'm3-1': 102.18, 'm4-1': 24.69, 'm5-1': 155.96, 'm6-1': 1.08, 'm7-1': 155.26, 'm8-1': 25.94}",1.62,1151.503,1152.5829999999999,inf,1261.503,1261.503
996,T4,BESTEFFORT,COMPLETED,m6-1,1158.351,"{'m1-1': 111.33, 'm2-1': 5.27, 'm3-1': 104.35, 'm4-1': 23.9, 'm5-1': 165.36, 'm6-1': 1.07, 'm7-1': 153.7, 'm8-1': 27.05}",1.605,1158.351,1159.421,inf,1268.351,1268.351
997,T4,BESTEFFORT,COMPLETED,m6-1,1188.672,"{'m1-1': 99.29, 'm2-1': 5.23, 'm3-1': 112.89, 'm4-1': 25.06, 'm5-1': 146.36, 'm6-1': 1.02, 'm7-1': 167.16, 'm8-1': 27.02}",1.53,1188.672,1189.692,inf,1298.672,1298.672
998,T4,BESTEFFORT,COMPLETED,m6-1,1191.942,"{'m1-1': 95.56, 'm2-1': 5.42, 'm3-1': 114.24, 'm4-1': 26.17, 'm5-1': 160.31, 'm6-1': 1.1, 'm7-1': 169.31, 'm8-1': 28.12}",1.6500000000000001,1191.942,1193.042,inf,1301.942,1301.942
999,T4,BESTEFFORT,COMPLETED,m6-1,1215.755,"{'m1-1': 106.76, 'm2-1': 5.78, 'm3-1': 114.77, 'm4-1': 27.73, 'm5-1': 147.36, 'm6-1': 1.17, 'm7-1': 153.88, 'm8-1': 25.7}",1.755,1215.755,1216.9250000000002,inf,1325.755,1325.755
