id,type,urgency,status,assigned_machine,arrival_time,execution_time,energy_usage,start_time,completion_time,missed_time,deadline,extended_deadline
0,TT3,BESTEFFORT,COMPLETED,m4-1,0.388,"{'m1-1': 2.348, 'm2-1': 1.412, 'm3-1': 4.745, 'm4-1': 1.001}",1.5014999999999998,0.388,1.3889999999999998,inf,5.588,5.588
1,TT1,BESTEFFORT,COMPLETED,m4-1,0.564,"{'m1-1': 2.476, 'm2-1': 1.478, 'm3-1': 4.508, 'm4-1': 0.714}",1.071,1.3889999999999998,2.1029999999999998,inf,5.564,5.564
2,TT1,BESTEFFORT,COMPLETED,m4-1,0.879,"{'m1-1': 2.324, 'm2-1': 1.652, 'm3-1': 3.68, 'm4-1': 0.676}",1.014,2.1029999999999998,2.779,inf,5.879,5.879
3,TT4,BESTEFFORT,COMPLETED,m2-1,1.053,"{'m1-1': 2.224, 'm2-1': 1.469, 'm3-1': 3.702, 'm4-1': 1.032}",4.407,1.053,2.5220000000000002,inf,6.053,6.053
4,TT3,BESTEFFORT,COMPLETED,m1-1,1.242,"{'m1-1': 2.329, 'm2-1': 1.557, 'm3-1': 4.847, 'm4-1': 0.863}",3.7264000000000004,1.242,3.571,inf,6.442,6.442
5,TT1,BESTEFFORT,COMPLETED,m4-1,1.529,"{'m1-1': 2.291, 'm2-1': 1.838, 'm3-1': 4.357, 'm4-1': 0.861}",1.2915,2.779,3.6399999999999997,inf,6.529,6.529
6,TT1,BESTEFFORT,COMPLETED,m4-1,1.979,"{'m1-1': 2.095, 'm2-1': 1.961, 'm3-1': 4.054, 'm4-1': 0.652}",0.978,3.6399999999999997,4.292,inf,6.979,6.979
7,TT4,BESTEFFORT,COMPLETED,m2-1,1.983,"{'m1-1': 2.176, 'm2-1': 1.883, 'm3-1': 4.77, 'm4-1': 0.886}",5.649,2.5220000000000002,4.405,inf,6.9830000000000005,6.9830000000000005
8,TT2,BESTEFFORT,COMPLETED,m4-1,2.222,"{'m1-1': 1.966, 'm2-1': 2.04, 'm3-1': 4.869, 'm4-1': 0.835}",1.2525,4.292,5.127,inf,7.321999999999999,7.321999999999999
9,TT4,BESTEFFORT,COMPLETED,m1-1,2.489,"{'m1-1': 1.744, 'm2-1': 1.599, 'm3-1': 3.814, 'm4-1': 0.927}",2.7904,3.571,5.315,inf,7.489,7.489
10,TT3,BESTEFFORT,COMPLETED,m2-1,2.716,"{'m1-1': 1.816, 'm2-1': 1.346, 'm3-1': 4.93, 'm4-1': 0.785}",4.038,4.405,5.751,inf,7.916,7.916
11,TT4,BESTEFFORT,COMPLETED,m4-1,3.234,"{'m1-1': 2.262, 'm2-1': 1.827, 'm3-1': 5.1, 'm4-1': 1.051}",1.5764999999999998,5.127,6.178,inf,8.234,8.234
12,TT1,BESTEFFORT,COMPLETED,m3-1,3.282,"{'m1-1': 2.228, 'm2-1': 1.521, 'm3-1': 4.548, 'm4-1': 0.813}",8.1864,3.282,7.83,inf,8.282,8.282
13,TT4,BESTEFFORT,COMPLETED,m2-1,3.559,"{'m1-1': 2.326, 'm2-1': 1.568, 'm3-1': 4.003, 'm4-1': 0.881}",4.704000000000001,5.751,7.319000000000001,inf,8.559000000000001,8.559000000000001
14,TT1,BESTEFFORT,COMPLETED,m4-1,3.711,"{'m1-1': 2.055, 'm2-1': 1.554, 'm3-1': 4.864, 'm4-1': 0.789}",1.1835,6.178,6.967,inf,8.711,8.711
15,TT2,BESTEFFORT,COMPLETED,m1-1,3.755,"{'m1-1': 2.109, 'm2-1': 1.999, 'm3-1': 4.999, 'm4-1': 0.874}",3.3744,5.315,7.424,inf,8.855,8.855
16,TT1,BESTEFFORT,MISSED,m2-1,3.881,"{'m1-1': 2.233, 'm2-1': 1.927, 'm3-1': 3.847, 'm4-1': 0.74}",4.685999999999998,7.319000000000001,inf,8.881,8.881,8.881
17,TT3,BESTEFFORT,COMPLETED,m4-1,4.32,"{'m1-1': 1.974, 'm2-1': 1.335, 'm3-1': 5.26, 'm4-1': 0.744}",1.116,6.967,7.710999999999999,inf,9.52,9.52
18,TT3,BESTEFFORT,COMPLETED,m4-1,5.234,"{'m1-1': 1.868, 'm2-1': 1.642, 'm3-1': 5.888, 'm4-1': 0.988}",1.482,7.710999999999999,8.699,inf,10.434000000000001,10.434000000000001
19,TT3,BESTEFFORT,COMPLETED,m1-1,5.331,"{'m1-1': 2.101, 'm2-1': 1.639, 'm3-1': 5.092, 'm4-1': 0.761}",3.3616,7.424,9.525,inf,10.531,10.531
20,TT4,BESTEFFORT,MISSED,m2-1,5.384,"{'m1-1': 1.834, 'm2-1': 1.812, 'm3-1': 3.937, 'm4-1': 0.909}",4.509,8.881,inf,10.384,10.384,10.384
21,TT2,BESTEFFORT,MISSED,m3-1,5.457,"{'m1-1': 2.176, 'm2-1': 1.843, 'm3-1': 3.68, 'm4-1': 0.91}",4.908599999999997,7.83,inf,10.556999999999999,10.556999999999999,10.556999999999999
22,TT3,BESTEFFORT,MISSED,m1-1,5.606,"{'m1-1': 1.959, 'm2-1': 1.658, 'm3-1': 5.528, 'm4-1': 0.893}",2.049600000000001,9.525,inf,10.806000000000001,10.806000000000001,10.806000000000001
23,TT3,BESTEFFORT,MISSED,m2-1,5.92,"{'m1-1': 2.195, 'm2-1': 1.397, 'm3-1': 5.338, 'm4-1': 0.765}",2.208000000000002,10.384,inf,11.120000000000001,11.120000000000001,11.120000000000001
24,TT4,BESTEFFORT,MISSED,m1-1,5.994,"{'m1-1': 1.982, 'm2-1': 1.609, 'm3-1': 3.922, 'm4-1': 0.926}",0.3007999999999982,10.806000000000001,inf,10.994,10.994,10.994
25,TT1,BESTEFFORT,COMPLETED,m4-1,6.287,"{'m1-1': 2.333, 'm2-1': 1.639, 'm3-1': 4.611, 'm4-1': 0.696}",1.044,8.699,9.395,inf,11.286999999999999,11.286999999999999
26,TT1,BESTEFFORT,MISSED,m3-1,6.375,"{'m1-1': 2.031, 'm2-1': 1.885, 'm3-1': 3.848, 'm4-1': 0.754}",1.4724000000000026,10.556999999999999,inf,11.375,11.375,11.375
27,TT2,BESTEFFORT,MISSED,m3-1,6.378,"{'m1-1': 2.05, 'm2-1': 1.785, 'm3-1': 4.237, 'm4-1': 0.924}",0.18539999999999957,11.375,inf,11.478,11.478,11.478
28,TT1,BESTEFFORT,COMPLETED,m4-1,6.517,"{'m1-1': 2.482, 'm2-1': 1.822, 'm3-1': 4.753, 'm4-1': 0.659}",0.9885,9.395,10.054,inf,11.517,11.517
29,TT2,BESTEFFORT,MISSED,m2-1,7.184,"{'m1-1': 2.375, 'm2-1': 1.614, 'm3-1': 4.351, 'm4-1': 0.745}",3.4919999999999938,11.120000000000001,inf,12.283999999999999,12.283999999999999,12.283999999999999
30,TT1,BESTEFFORT,MISSED,m1-1,7.506,"{'m1-1': 2.118, 'm2-1': 1.73, 'm3-1': 3.672, 'm4-1': 0.703}",2.419200000000001,10.994,inf,12.506,12.506,12.506
31,TT3,BESTEFFORT,COMPLETED,m4-1,7.718,"{'m1-1': 2.043, 'm2-1': 1.532, 'm3-1': 5.026, 'm4-1': 1.005}",1.5074999999999998,10.054,11.059000000000001,inf,12.918,12.918
32,TT4,BESTEFFORT,MISSED,m3-1,8.478,"{'m1-1': 2.309, 'm2-1': 1.513, 'm3-1': 4.045, 'm4-1': 0.786}",3.6,11.478,inf,13.478,13.478,13.478
33,TT2,BESTEFFORT,COMPLETED,m4-1,8.766,"{'m1-1': 2.596, 'm2-1': 1.999, 'm3-1': 3.658, 'm4-1': 0.78}",1.17,11.059000000000001,11.839,inf,13.866,13.866
34,TT2,BESTEFFORT,COMPLETED,m4-1,9.715,"{'m1-1': 2.375, 'm2-1': 1.956, 'm3-1': 4.56, 'm4-1': 0.74}",1.1099999999999999,11.839,12.579,inf,14.815,14.815
35,TT2,BESTEFFORT,COMPLETED,m2-1,9.803,"{'m1-1': 2.315, 'm2-1': 1.882, 'm3-1': 3.921, 'm4-1': 0.91}",5.646,12.283999999999999,14.165999999999999,inf,14.903,14.903
36,TT3,BESTEFFORT,COMPLETED,m1-1,9.851,"{'m1-1': 2.228, 'm2-1': 1.448, 'm3-1': 5.714, 'm4-1': 0.968}",3.5648000000000004,12.506,14.734,inf,15.051000000000002,15.051000000000002
37,TT4,BESTEFFORT,COMPLETED,m4-1,10.598,"{'m1-1': 2.273, 'm2-1': 1.561, 'm3-1': 4.797, 'm4-1': 0.922}",1.383,12.579,13.501000000000001,inf,15.598,15.598
38,TT1,BESTEFFORT,COMPLETED,m2-1,10.775,"{'m1-1': 2.478, 'm2-1': 1.551, 'm3-1': 4.838, 'm4-1': 0.695}",4.653,14.165999999999999,15.716999999999999,inf,15.775,15.775
39,TT4,BESTEFFORT,COMPLETED,m4-1,12.194,"{'m1-1': 2.369, 'm2-1': 1.724, 'm3-1': 4.438, 'm4-1': 1.038}",1.557,13.501000000000001,14.539000000000001,inf,17.194000000000003,17.194000000000003
40,TT3,BESTEFFORT,COMPLETED,m4-1,12.258,"{'m1-1': 1.957, 'm2-1': 1.739, 'm3-1': 4.292, 'm4-1': 0.917}",1.3755000000000002,14.539000000000001,15.456000000000001,inf,17.458,17.458
41,TT4,BESTEFFORT,COMPLETED,m1-1,12.425,"{'m1-1': 1.947, 'm2-1': 1.493, 'm3-1': 3.755, 'm4-1': 0.765}",3.1152,14.734,16.681,inf,17.425,17.425
42,TT1,BESTEFFORT,COMPLETED,m4-1,12.7,"{'m1-1': 2.106, 'm2-1': 1.534, 'm3-1': 4.916, 'm4-1': 0.836}",1.254,15.456000000000001,16.292,inf,17.7,17.7
43,TT2,BESTEFFORT,COMPLETED,m3-1,13.056,"{'m1-1': 1.888, 'm2-1': 1.894, 'm3-1': 4.557, 'm4-1': 0.816}",8.2026,13.478,18.035,inf,18.156,18.156
44,TT2,BESTEFFORT,COMPLETED,m4-1,13.793,"{'m1-1': 2.131, 'm2-1': 2.03, 'm3-1': 4.235, 'm4-1': 0.836}",1.254,16.292,17.128,inf,18.893,18.893
45,TT2,BESTEFFORT,COMPLETED,m2-1,14.215,"{'m1-1': 2.424, 'm2-1': 1.829, 'm3-1': 4.304, 'm4-1': 0.754}",5.487,15.716999999999999,17.546,inf,19.314999999999998,19.314999999999998
46,TT2,BESTEFFORT,COMPLETED,m4-1,14.607,"{'m1-1': 2.139, 'm2-1': 1.791, 'm3-1': 4.133, 'm4-1': 0.9}",1.35,17.128,18.028,inf,19.707,19.707
47,TT4,BESTEFFORT,COMPLETED,m2-1,14.673,"{'m1-1': 1.931, 'm2-1': 1.38, 'm3-1': 5.098, 'm4-1': 0.759}",4.14,17.546,18.926,inf,19.673000000000002,19.673000000000002
48,TT2,BESTEFFORT,COMPLETED,m1-1,14.802,"{'m1-1': 2.007, 'm2-1': 2.078, 'm3-1': 4.472, 'm4-1': 0.83}",3.2112000000000003,16.681,18.688000000000002,inf,19.902,19.902
49,TT1,BESTEFFORT,COMPLETED,m4-1,15.696,"{'m1-1': 2.419, 'm2-1': 1.513, 'm3-1': 4.809, 'm4-1': 0.734}",1.101,18.028,18.762,inf,20.695999999999998,20.695999999999998
50,TT1,BESTEFFORT,COMPLETED,m2-1,15.973,"{'m1-1': 2.622, 'm2-1': 1.793, 'm3-1': 4.305, 'm4-1': 0.858}",5.379,18.926,20.718999999999998,inf,20.973,20.973
51,TT4,BESTEFFORT,COMPLETED,m4-1,16.56,"{'m1-1': 2.054, 'm2-1': 1.397, 'm3-1': 3.713, 'm4-1': 0.903}",1.3545,18.762,19.665,inf,21.56,21.56
52,TT4,BESTEFFORT,COMPLETED,m1-1,16.591,"{'m1-1': 1.819, 'm2-1': 1.794, 'm3-1': 4.133, 'm4-1': 0.819}",2.9104,18.688000000000002,20.507,inf,21.591,21.591
53,TT2,BESTEFFORT,MISSED,m3-1,16.737,"{'m1-1': 2.34, 'm2-1': 1.606, 'm3-1': 3.997, 'm4-1': 0.805}",6.843599999999993,18.035,inf,21.836999999999996,21.836999999999996,21.836999999999996
54,TT3,BESTEFFORT,MISSED,m2-1,16.775,"{'m1-1': 1.805, 'm2-1': 1.77, 'm3-1': 4.744, 'm4-1': 0.778}",3.7680000000000007,20.718999999999998,inf,21.974999999999998,21.974999999999998,21.974999999999998
55,TT4,BESTEFFORT,MISSED,m1-1,16.861,"{'m1-1': 1.846, 'm2-1': 1.786, 'm3-1': 4.257, 'm4-1': 0.839}",2.166399999999999,20.507,inf,21.861,21.861,21.861
56,TT2,BESTEFFORT,COMPLETED,m4-1,17.314,"{'m1-1': 1.94, 'm2-1': 1.974, 'm3-1': 4.466, 'm4-1': 0.982}",1.4729999999999999,19.665,20.647,inf,22.414,22.414
57,TT2,BESTEFFORT,MISSED,m2-1,17.961,"{'m1-1': 2.166, 'm2-1': 2.005, 'm3-1': 4.591, 'm4-1': 0.866}",3.2580000000000062,21.974999999999998,inf,23.061,23.061,23.061
58,TT3,BESTEFFORT,COMPLETED,m4-1,18.159,"{'m1-1': 1.837, 'm2-1': 1.502, 'm3-1': 5.206, 'm4-1': 0.787}",1.1805,20.647,21.433999999999997,inf,23.358999999999998,23.358999999999998
59,TT4,BESTEFFORT,MISSED,m1-1,18.328,"{'m1-1': 1.734, 'm2-1': 1.597, 'm3-1': 4.02, 'm4-1': 0.765}",2.347199999999998,21.861,inf,23.328,23.328,23.328
60,TT4,BESTEFFORT,MISSED,m3-1,18.535,"{'m1-1': 2.316, 'm2-1': 1.537, 'm3-1': 4.748, 'm4-1': 0.761}",3.056400000000007,21.836999999999996,inf,23.535,23.535,23.535
61,TT3,BESTEFFORT,COMPLETED,m4-1,18.787,"{'m1-1': 1.93, 'm2-1': 1.46, 'm3-1': 4.326, 'm4-1': 0.753}",1.1295,21.433999999999997,22.186999999999998,inf,23.987,23.987
62,TT3,BESTEFFORT,MISSED,m1-1,18.846,"{'m1-1': 2.26, 'm2-1': 1.661, 'm3-1': 5.34, 'm4-1': 0.835}",1.1488,23.328,inf,24.046,24.046,24.046
63,TT3,BESTEFFORT,MISSED,m2-1,19.175,"{'m1-1': 2.143, 'm2-1': 1.514, 'm3-1': 5.67, 'm4-1': 0.871}",3.942,23.061,inf,24.375,24.375,24.375
64,TT3,BESTEFFORT,COMPLETED,m4-1,19.719,"{'m1-1': 2.332, 'm2-1': 1.406, 'm3-1': 5.728, 'm4-1': 0.919}",1.3785,22.186999999999998,23.105999999999998,inf,24.919,24.919
65,TT3,BESTEFFORT,MISSED,m3-1,19.761,"{'m1-1': 2.281, 'm2-1': 1.658, 'm3-1': 5.48, 'm4-1': 0.766}",2.566799999999997,23.535,inf,24.961,24.961,24.961
66,TT2,BESTEFFORT,MISSED,m3-1,19.85,"{'m1-1': 2.252, 'm2-1': 1.833, 'm3-1': 4.995, 'm4-1': 0.916}",0.0,24.961,inf,24.961,24.950000000000003,24.950000000000003
67,TT3,BESTEFFORT,MISSED,m1-1,19.859,"{'m1-1': 1.758, 'm2-1': 1.549, 'm3-1': 5.087, 'm4-1': 0.874}",1.6208000000000027,24.046,inf,25.059,25.059,25.059
68,TT2,BESTEFFORT,COMPLETED,m4-1,20.25,"{'m1-1': 2.172, 'm2-1': 1.799, 'm3-1': 5.098, 'm4-1': 0.911}",1.3665,23.105999999999998,24.017,inf,25.35,25.35
69,TT3,BESTEFFORT,MISSED,m2-1,20.368,"{'m1-1': 1.851, 'm2-1': 1.36, 'm3-1': 5.233, 'm4-1': 0.728}",3.5789999999999935,24.375,inf,25.567999999999998,25.567999999999998,25.567999999999998
70,TT2,BESTEFFORT,COMPLETED,m4-1,21.008,"{'m1-1': 2.117, 'm2-1': 1.769, 'm3-1': 4.993, 'm4-1': 0.916}",1.374,24.017,24.933,inf,26.107999999999997,26.107999999999997
71,TT3,BESTEFFORT,MISSED,m3-1,21.524,"{'m1-1': 1.999, 'm2-1': 1.575, 'm3-1': 5.81, 'm4-1': 0.902}",3.173400000000003,24.961,inf,26.724,26.724,26.724
72,TT4,BESTEFFORT,MISSED,m1-1,21.815,"{'m1-1': 2.385, 'm2-1': 1.799, 'm3-1': 3.704, 'm4-1': 1.042}",2.8096000000000005,25.059,inf,26.815,26.815,26.815
73,TT3,BESTEFFORT,COMPLETED,m2-1,21.977,"{'m1-1': 2.414, 'm2-1': 1.374, 'm3-1': 5.607, 'm4-1': 0.72}",4.122,25.567999999999998,26.941999999999997,inf,27.177,27.177
74,TT4,BESTEFFORT,COMPLETED,m4-1,22.013,"{'m1-1': 1.902, 'm2-1': 1.348, 'm3-1': 4.386, 'm4-1': 0.755}",1.1325,24.933,25.688,inf,27.013,27.013
75,TT1,BESTEFFORT,MISSED,m2-1,22.257,"{'m1-1': 2.443, 'm2-1': 1.873, 'm3-1': 3.913, 'm4-1': 0.816}",0.9450000000000145,26.941999999999997,inf,27.257,27.257,27.257
76,TT2,BESTEFFORT,MISSED,m1-1,22.517,"{'m1-1': 1.964, 'm2-1': 1.886, 'm3-1': 4.368, 'm4-1': 0.733}",1.2831999999999937,26.815,inf,27.616999999999997,27.616999999999997,27.616999999999997
77,TT1,BESTEFFORT,COMPLETED,m4-1,22.613,"{'m1-1': 1.913, 'm2-1': 1.405, 'm3-1': 4.986, 'm4-1': 0.697}",1.0454999999999999,25.688,26.384999999999998,inf,27.613,27.613
78,TT3,BESTEFFORT,MISSED,m3-1,23.137,"{'m1-1': 1.773, 'm2-1': 1.697, 'm3-1': 4.895, 'm4-1': 0.958}",2.903399999999999,26.724,inf,28.337,28.337,28.337
79,TT1,BESTEFFORT,COMPLETED,m4-1,23.422,"{'m1-1': 2.428, 'm2-1': 1.783, 'm3-1': 4.411, 'm4-1': 0.697}",1.0454999999999999,26.384999999999998,27.081999999999997,inf,28.422,28.422
80,TT3,BESTEFFORT,MISSED,m1-1,24.046,"{'m1-1': 1.931, 'm2-1': 1.273, 'm3-1': 4.554, 'm4-1': 0.88}",2.6064000000000025,27.616999999999997,inf,29.246,29.246,29.246
81,TT4,BESTEFFORT,COMPLETED,m2-1,24.884,"{'m1-1': 1.993, 'm2-1': 1.479, 'm3-1': 4.767, 'm4-1': 0.909}",4.437,27.257,28.736,inf,29.884,29.884
82,TT3,BESTEFFORT,COMPLETED,m4-1,25.355,"{'m1-1': 2.202, 'm2-1': 1.397, 'm3-1': 5.098, 'm4-1': 0.986}",1.479,27.081999999999997,28.067999999999998,inf,30.555,30.555
83,TT3,BESTEFFORT,COMPLETED,m4-1,25.776,"{'m1-1': 2.129, 'm2-1': 1.741, 'm3-1': 5.043, 'm4-1': 0.905}",1.3575,28.067999999999998,28.973,inf,30.976,30.976
84,TT1,BESTEFFORT,COMPLETED,m2-1,26.139,"{'m1-1': 2.621, 'm2-1': 1.904, 'm3-1': 4.196, 'm4-1': 0.719}",5.712,28.736,30.64,inf,31.139,31.139
85,TT2,BESTEFFORT,COMPLETED,m4-1,26.589,"{'m1-1': 2.259, 'm2-1': 2.054, 'm3-1': 5.069, 'm4-1': 0.953}",1.4295,28.973,29.926,inf,31.689,31.689
86,TT1,BESTEFFORT,MISSED,m1-1,26.615,"{'m1-1': 2.486, 'm2-1': 1.844, 'm3-1': 4.533, 'm4-1': 0.675}",3.7904,29.246,inf,31.615,31.615,31.615
87,TT4,BESTEFFORT,MISSED,m3-1,26.636,"{'m1-1': 2.006, 'm2-1': 1.434, 'm3-1': 4.253, 'm4-1': 0.922}",5.938199999999999,28.337,inf,31.636,31.636,31.636
88,TT1,BESTEFFORT,MISSED,m1-1,26.873,"{'m1-1': 1.982, 'm2-1': 1.841, 'm3-1': 4.083, 'm4-1': 0.742}",0.4128000000000043,31.615,inf,31.873,31.873,31.873
89,TT4,BESTEFFORT,MISSED,m2-1,27.071,"{'m1-1': 2.389, 'm2-1': 1.476, 'm3-1': 3.863, 'm4-1': 1.005}",4.292999999999992,30.64,inf,32.071,32.071,32.071
90,TT3,BESTEFFORT,COMPLETED,m4-1,27.23,"{'m1-1': 2.27, 'm2-1': 1.272, 'm3-1': 5.528, 'm4-1': 0.892}",1.338,29.926,30.817999999999998,inf,32.43,32.43
91,TT4,BESTEFFORT,MISSED,m2-1,27.298,"{'m1-1': 2.0, 'm2-1': 1.711, 'm3-1': 4.954, 'm4-1': 0.874}",0.6810000000000116,32.071,inf,32.298,32.298,32.298
92,TT4,BESTEFFORT,MISSED,m1-1,27.801,"{'m1-1': 2.045, 'm2-1': 1.623, 'm3-1': 4.619, 'm4-1': 0.948}",1.4848000000000015,31.873,inf,32.801,32.801,32.801
93,TT4,BESTEFFORT,COMPLETED,m4-1,28.121,"{'m1-1': 2.322, 'm2-1': 1.373, 'm3-1': 3.666, 'm4-1': 0.821}",1.2315,30.817999999999998,31.639,inf,33.120999999999995,33.120999999999995
94,TT4,BESTEFFORT,MISSED,m3-1,28.312,"{'m1-1': 1.923, 'm2-1': 1.722, 'm3-1': 4.384, 'm4-1': 0.811}",3.0167999999999973,31.636,inf,33.312,33.312,33.312
95,TT3,BESTEFFORT,MISSED,m3-1,28.493,"{'m1-1': 1.758, 'm2-1': 1.625, 'm3-1': 4.214, 'm4-1': 0.845}",0.6858000000000004,33.312,inf,33.693,33.693,33.693
96,TT1,BESTEFFORT,COMPLETED,m2-1,28.859,"{'m1-1': 2.14, 'm2-1': 1.499, 'm3-1': 3.982, 'm4-1': 0.631}",4.497,32.298,33.797000000000004,inf,33.859,33.859
97,TT1,BESTEFFORT,COMPLETED,m4-1,29.361,"{'m1-1': 2.198, 'm2-1': 1.685, 'm3-1': 3.891, 'm4-1': 0.658}",0.9870000000000001,31.639,32.297,inf,34.361000000000004,34.361000000000004
98,TT2,BESTEFFORT,COMPLETED,m4-1,29.95,"{'m1-1': 1.925, 'm2-1': 1.583, 'm3-1': 3.966, 'm4-1': 0.969}",1.4535,32.297,33.266,inf,35.05,35.05
99,TT1,BESTEFFORT,MISSED,m1-1,29.987,"{'m1-1': 2.418, 'm2-1': 1.942, 'm3-1': 3.776, 'm4-1': 0.74}",3.4975999999999887,32.801,inf,34.986999999999995,34.986999999999995,34.986999999999995
100,TT1,BESTEFFORT,MISSED,m3-1,30.402,"{'m1-1': 1.986, 'm2-1': 1.799, 'm3-1': 3.877, 'm4-1': 0.765}",3.076200000000006,33.693,inf,35.402,35.402,35.402
101,TT3,BESTEFFORT,COMPLETED,m2-1,30.55,"{'m1-1': 2.039, 'm2-1': 1.362, 'm3-1': 4.542, 'm4-1': 0.907}",4.086,33.797000000000004,35.159000000000006,inf,35.75,35.75
102,TT3,BESTEFFORT,COMPLETED,m4-1,30.706,"{'m1-1': 2.153, 'm2-1': 1.617, 'm3-1': 5.423, 'm4-1': 0.729}",1.0935,33.266,33.995,inf,35.906,35.906
103,TT4,BESTEFFORT,MISSED,m1-1,30.882,"{'m1-1': 1.812, 'm2-1': 1.845, 'm3-1': 3.763, 'm4-1': 0.947}",1.4320000000000164,34.986999999999995,inf,35.882000000000005,35.882000000000005,35.882000000000005
104,TT4,BESTEFFORT,MISSED,m3-1,30.9,"{'m1-1': 2.304, 'm2-1': 1.764, 'm3-1': 5.048, 'm4-1': 0.983}",0.8963999999999956,35.402,inf,35.9,35.9,35.9
105,TT4,BESTEFFORT,COMPLETED,m4-1,31.209,"{'m1-1': 2.001, 'm2-1': 1.45, 'm3-1': 3.751, 'm4-1': 0.809}",1.2135,33.995,34.803999999999995,inf,36.209,36.209
106,TT3,BESTEFFORT,MISSED,m2-1,31.365,"{'m1-1': 2.092, 'm2-1': 1.563, 'm3-1': 5.031, 'm4-1': 0.933}",4.217999999999975,35.159000000000006,inf,36.565,36.565,36.565
107,TT4,BESTEFFORT,MISSED,m1-1,31.454,"{'m1-1': 1.956, 'm2-1': 1.731, 'm3-1': 4.821, 'm4-1': 0.92}",0.915199999999993,35.882000000000005,inf,36.454,36.454,36.454
108,TT4,BESTEFFORT,COMPLETED,m4-1,31.863,"{'m1-1': 2.166, 'm2-1': 1.349, 'm3-1': 4.659, 'm4-1': 0.799}",1.1985000000000001,34.803999999999995,35.602999999999994,inf,36.863,36.863
109,TT1,BESTEFFORT,MISSED,m2-1,32.017,"{'m1-1': 2.495, 'm2-1': 1.582, 'm3-1': 3.783, 'm4-1': 0.727}",1.3560000000000159,36.565,inf,37.017,37.017,37.017
110,TT4,BESTEFFORT,MISSED,m1-1,32.794,"{'m1-1': 2.191, 'm2-1': 1.822, 'm3-1': 5.057, 'm4-1': 1.055}",2.1439999999999944,36.454,inf,37.794,37.794,37.794
111,TT1,BESTEFFORT,COMPLETED,m4-1,32.923,"{'m1-1': 2.605, 'm2-1': 1.888, 'm3-1': 4.981, 'm4-1': 0.678}",1.0170000000000001,35.602999999999994,36.28099999999999,inf,37.923,37.923
112,TT3,BESTEFFORT,MISSED,m3-1,33.698,"{'m1-1': 2.331, 'm2-1': 1.292, 'm3-1': 5.712, 'm4-1': 0.87}",5.396400000000009,35.9,inf,38.898,38.898,38.898
113,TT4,BESTEFFORT,COMPLETED,m2-1,33.874,"{'m1-1': 1.798, 'm2-1': 1.691, 'm3-1': 4.735, 'm4-1': 0.785}",5.073,37.017,38.708000000000006,inf,38.874,38.874
114,TT1,BESTEFFORT,COMPLETED,m4-1,34.064,"{'m1-1': 2.327, 'm2-1': 1.586, 'm3-1': 4.128, 'm4-1': 0.854}",1.281,36.28099999999999,37.13499999999999,inf,39.064,39.064
115,TT2,BESTEFFORT,MISSED,m3-1,34.318,"{'m1-1': 2.411, 'm2-1': 1.576, 'm3-1': 4.765, 'm4-1': 0.747}",0.9359999999999928,38.898,inf,39.418,39.418,39.418
116,TT2,BESTEFFORT,COMPLETED,m4-1,34.346,"{'m1-1': 2.33, 'm2-1': 2.063, 'm3-1': 4.813, 'm4-1': 0.842}",1.263,37.13499999999999,37.97699999999999,inf,39.446,39.446
117,TT3,BESTEFFORT,COMPLETED,m1-1,35.361,"{'m1-1': 1.859, 'm2-1': 1.413, 'm3-1': 4.991, 'm4-1': 0.961}",2.9744,37.794,39.653,inf,40.561,40.561
118,TT1,BESTEFFORT,COMPLETED,m4-1,36.113,"{'m1-1': 2.045, 'm2-1': 1.702, 'm3-1': 4.707, 'm4-1': 0.69}",1.035,37.97699999999999,38.66699999999999,inf,41.113,41.113
119,TT4,BESTEFFORT,COMPLETED,m2-1,36.235,"{'m1-1': 1.976, 'm2-1': 1.515, 'm3-1': 4.314, 'm4-1': 0.826}",4.545,38.708000000000006,40.223000000000006,inf,41.235,41.235
120,TT4,BESTEFFORT,COMPLETED,m4-1,36.433,"{'m1-1': 2.186, 'm2-1': 1.646, 'm3-1': 4.24, 'm4-1': 0.95}",1.4249999999999998,38.66699999999999,39.61699999999999,inf,41.433,41.433
121,TT4,BESTEFFORT,COMPLETED,m1-1,36.485,"{'m1-1': 1.775, 'm2-1': 1.692, 'm3-1': 5.019, 'm4-1': 0.921}",2.84,39.653,41.428,inf,41.485,41.485
122,TT1,BESTEFFORT,COMPLETED,m2-1,36.896,"{'m1-1': 2.118, 'm2-1': 1.582, 'm3-1': 4.687, 'm4-1': 0.861}",4.746,40.223000000000006,41.80500000000001,inf,41.896,41.896
123,TT3,BESTEFFORT,COMPLETED,m4-1,37.193,"{'m1-1': 1.996, 'm2-1': 1.301, 'm3-1': 4.579, 'm4-1': 1.009}",1.5134999999999998,39.61699999999999,40.62599999999999,inf,42.393,42.393
124,TT4,BESTEFFORT,MISSED,m3-1,37.468,"{'m1-1': 2.065, 'm2-1': 1.851, 'm3-1': 4.711, 'm4-1': 0.786}",5.490000000000008,39.418,inf,42.468,42.468,42.468
125,TT2,BESTEFFORT,MISSED,m2-1,37.652,"{'m1-1': 2.521, 'm2-1': 1.802, 'm3-1': 4.187, 'm4-1': 0.871}",2.840999999999987,41.80500000000001,inf,42.752,42.752,42.752
126,TT3,BESTEFFORT,COMPLETED,m4-1,38.072,"{'m1-1': 1.792, 'm2-1': 1.654, 'm3-1': 4.748, 'm4-1': 0.986}",1.479,40.62599999999999,41.61199999999999,inf,43.272000000000006,43.272000000000006
127,TT2,BESTEFFORT,MISSED,m1-1,38.08,"{'m1-1': 2.386, 'm2-1': 1.912, 'm3-1': 3.96, 'm4-1': 0.931}",2.803200000000004,41.428,inf,43.18,43.18,43.18
128,TT2,BESTEFFORT,MISSED,m1-1,38.323,"{'m1-1': 2.428, 'm2-1': 2.053, 'm3-1': 3.898, 'm4-1': 0.741}",0.38880000000000337,43.18,inf,43.423,43.423,43.423
129,TT4,BESTEFFORT,MISSED,m3-1,38.433,"{'m1-1': 2.152, 'm2-1': 1.812, 'm3-1': 3.783, 'm4-1': 0.774}",1.7369999999999934,42.468,inf,43.433,43.433,43.433
130,TT3,BESTEFFORT,COMPLETED,m4-1,38.621,"{'m1-1': 2.371, 'm2-1': 1.381, 'm3-1': 4.819, 'm4-1': 0.888}",1.332,41.61199999999999,42.499999999999986,inf,43.821000000000005,43.821000000000005
131,TT1,BESTEFFORT,MISSED,m2-1,38.682,"{'m1-1': 2.431, 'm2-1': 1.82, 'm3-1': 4.556, 'm4-1': 0.701}",2.789999999999999,42.752,inf,43.682,43.682,43.682
132,TT2,BESTEFFORT,MISSED,m3-1,38.851,"{'m1-1': 2.605, 'm2-1': 1.861, 'm3-1': 4.99, 'm4-1': 0.732}",0.9324000000000012,43.433,inf,43.951,43.951,43.951
133,TT4,BESTEFFORT,MISSED,m3-1,39.244,"{'m1-1': 2.282, 'm2-1': 1.545, 'm3-1': 4.242, 'm4-1': 1.037}",0.5273999999999986,43.951,inf,44.244,44.244,44.244
134,TT3,BESTEFFORT,MISSED,m2-1,39.49,"{'m1-1': 2.141, 'm2-1': 1.458, 'm3-1': 4.964, 'm4-1': 0.938}",3.024000000000008,43.682,inf,44.690000000000005,44.690000000000005,44.690000000000005
135,TT2,BESTEFFORT,COMPLETED,m4-1,39.513,"{'m1-1': 2.582, 'm2-1': 2.104, 'm3-1': 4.44, 'm4-1': 0.837}",1.2555,42.499999999999986,43.33699999999999,inf,44.613,44.613
136,TT4,BESTEFFORT,MISSED,m1-1,39.613,"{'m1-1': 1.861, 'm2-1': 1.358, 'm3-1': 5.104, 'm4-1': 0.997}",1.9039999999999964,43.423,inf,44.613,44.613,44.613
137,TT3,BESTEFFORT,COMPLETED,m4-1,39.671,"{'m1-1': 1.824, 'm2-1': 1.344, 'm3-1': 4.448, 'm4-1': 0.867}",1.3005,43.33699999999999,44.203999999999986,inf,44.871,44.871
138,TT2,BESTEFFORT,MISSED,m4-1,39.995,"{'m1-1': 2.537, 'm2-1': 1.699, 'm3-1': 4.311, 'm4-1': 0.914}",1.3365000000000187,44.203999999999986,inf,45.095,45.095,45.095
139,TT1,BESTEFFORT,MISSED,m1-1,40.016,"{'m1-1': 2.209, 'm2-1': 1.443, 'm3-1': 4.516, 'm4-1': 0.74}",0.6447999999999979,44.613,inf,45.016,45.016,45.016
140,TT2,BESTEFFORT,MISSED,m3-1,40.137,"{'m1-1': 2.398, 'm2-1': 1.673, 'm3-1': 4.368, 'm4-1': 0.737}",1.7874000000000039,44.244,inf,45.237,45.237,45.237
141,TT1,BESTEFFORT,MISSED,m2-1,40.219,"{'m1-1': 1.879, 'm2-1': 1.605, 'm3-1': 4.746, 'm4-1': 0.684}",1.586999999999989,44.690000000000005,inf,45.219,45.219,45.219
142,TT2,BESTEFFORT,MISSED,m2-1,40.282,"{'m1-1': 2.281, 'm2-1': 1.987, 'm3-1': 4.93, 'm4-1': 0.885}",0.4889999999999901,45.219,inf,45.382,45.382,45.382
143,TT1,BESTEFFORT,MISSED,m4-1,40.311,"{'m1-1': 2.277, 'm2-1': 1.623, 'm3-1': 4.051, 'm4-1': 0.712}",0.3240000000000016,45.095,inf,45.311,45.311,45.311
144,TT3,BESTEFFORT,MISSED,m4-1,40.555,"{'m1-1': 2.023, 'm2-1': 1.369, 'm3-1': 4.442, 'm4-1': 0.891}",0.6660000000000039,45.311,inf,45.755,45.755,45.755
145,TT2,BESTEFFORT,MISSED,m1-1,40.572,"{'m1-1': 1.898, 'm2-1': 2.12, 'm3-1': 4.832, 'm4-1': 0.74}",1.0496000000000094,45.016,inf,45.672000000000004,45.672000000000004,45.672000000000004
146,TT3,BESTEFFORT,MISSED,m1-1,40.885,"{'m1-1': 2.017, 'm2-1': 1.495, 'm3-1': 5.745, 'm4-1': 0.91}",0.6607999999999947,45.672000000000004,inf,46.085,46.085,46.085
147,TT3,BESTEFFORT,MISSED,m3-1,41.439,"{'m1-1': 2.227, 'm2-1': 1.495, 'm3-1': 4.72, 'm4-1': 1.002}",2.523600000000002,45.237,inf,46.639,46.639,46.639
148,TT3,BESTEFFORT,MISSED,m2-1,41.448,"{'m1-1': 2.116, 'm2-1': 1.509, 'm3-1': 4.262, 'm4-1': 0.996}",3.798000000000016,45.382,inf,46.648,46.648,46.648
149,TT4,BESTEFFORT,MISSED,m3-1,41.689,"{'m1-1': 1.827, 'm2-1': 1.742, 'm3-1': 4.557, 'm4-1': 1.001}",0.08999999999999489,46.639,inf,46.689,46.689,46.689
150,TT3,BESTEFFORT,MISSED,m3-1,41.693,"{'m1-1': 1.819, 'm2-1': 1.437, 'm3-1': 4.268, 'm4-1': 0.773}",0.36720000000000114,46.689,inf,46.893,46.893,46.893
151,TT1,BESTEFFORT,COMPLETED,m4-1,41.861,"{'m1-1': 1.885, 'm2-1': 1.835, 'm3-1': 4.511, 'm4-1': 0.703}",1.0545,45.755,46.458000000000006,inf,46.861,46.861
152,TT1,BESTEFFORT,MISSED,m1-1,42.121,"{'m1-1': 1.872, 'm2-1': 1.715, 'm3-1': 4.88, 'm4-1': 0.69}",1.6576000000000022,46.085,inf,47.121,47.121,47.121
153,TT1,BESTEFFORT,MISSED,m2-1,43.241,"{'m1-1': 2.433, 'm2-1': 1.826, 'm3-1': 4.78, 'm4-1': 0.63}",4.778999999999989,46.648,inf,48.241,48.241,48.241
154,TT4,BESTEFFORT,MISSED,m1-1,43.415,"{'m1-1': 2.187, 'm2-1': 1.887, 'm3-1': 4.735, 'm4-1': 0.81}",2.0703999999999954,47.121,inf,48.415,48.415,48.415
155,TT4,BESTEFFORT,COMPLETED,m4-1,44.241,"{'m1-1': 2.383, 'm2-1': 1.383, 'm3-1': 4.467, 'm4-1': 0.801}",1.2015,46.458000000000006,47.25900000000001,inf,49.241,49.241
156,TT1,BESTEFFORT,MISSED,m2-1,44.256,"{'m1-1': 2.474, 'm2-1': 1.846, 'm3-1': 4.267, 'm4-1': 0.763}",3.0450000000000017,48.241,inf,49.256,49.256,49.256
157,TT1,BESTEFFORT,MISSED,m3-1,44.454,"{'m1-1': 2.248, 'm2-1': 1.433, 'm3-1': 3.706, 'm4-1': 0.656}",4.6098,46.893,inf,49.454,49.454,49.454
158,TT4,BESTEFFORT,COMPLETED,m4-1,44.527,"{'m1-1': 1.775, 'm2-1': 1.772, 'm3-1': 4.551, 'm4-1': 1.066}",1.5990000000000002,47.25900000000001,48.32500000000001,inf,49.527,49.527
159,TT1,BESTEFFORT,MISSED,m2-1,44.566,"{'m1-1': 2.561, 'm2-1': 1.977, 'm3-1': 4.347, 'm4-1': 0.86}",0.9300000000000068,49.256,inf,49.566,49.566,49.566
160,TT2,BESTEFFORT,MISSED,m1-1,44.655,"{'m1-1': 2.35, 'm2-1': 1.848, 'm3-1': 5.085, 'm4-1': 0.868}",2.1440000000000055,48.415,inf,49.755,49.755,49.755
161,TT3,BESTEFFORT,COMPLETED,m4-1,45.125,"{'m1-1': 2.413, 'm2-1': 1.75, 'm3-1': 5.638, 'm4-1': 0.799}",1.1985000000000001,48.32500000000001,49.12400000000001,inf,50.325,50.325
162,TT2,BESTEFFORT,MISSED,m1-1,45.371,"{'m1-1': 2.279, 'm2-1': 2.026, 'm3-1': 4.931, 'm4-1': 1.002}",1.1456000000000017,49.755,inf,50.471000000000004,50.471000000000004,50.471000000000004
163,TT3,BESTEFFORT,COMPLETED,m4-1,45.629,"{'m1-1': 2.164, 'm2-1': 1.501, 'm3-1': 5.727, 'm4-1': 0.791}",1.1865,49.12400000000001,49.915000000000006,inf,50.829,50.829
164,TT3,BESTEFFORT,MISSED,m3-1,46.606,"{'m1-1': 1.863, 'm2-1': 1.693, 'm3-1': 4.999, 'm4-1': 0.855}",4.233600000000007,49.454,inf,51.806000000000004,51.806000000000004,51.806000000000004
165,TT4,BESTEFFORT,COMPLETED,m2-1,47.055,"{'m1-1': 1.844, 'm2-1': 1.349, 'm3-1': 4.999, 'm4-1': 1.008}",4.047,49.566,50.915,inf,52.055,52.055
166,TT3,BESTEFFORT,COMPLETED,m4-1,47.683,"{'m1-1': 2.149, 'm2-1': 1.739, 'm3-1': 4.951, 'm4-1': 1.007}",1.5105,49.915000000000006,50.922000000000004,inf,52.883,52.883
167,TT2,BESTEFFORT,MISSED,m1-1,47.872,"{'m1-1': 2.646, 'm2-1': 1.519, 'm3-1': 3.633, 'm4-1': 0.955}",4.001599999999996,50.471000000000004,inf,52.972,52.972,52.972
168,TT1,BESTEFFORT,COMPLETED,m4-1,48.465,"{'m1-1': 2.41, 'm2-1': 1.946, 'm3-1': 4.714, 'm4-1': 0.625}",0.9375,50.922000000000004,51.547000000000004,inf,53.465,53.465
169,TT1,BESTEFFORT,COMPLETED,m2-1,48.994,"{'m1-1': 2.462, 'm2-1': 1.422, 'm3-1': 4.556, 'm4-1': 0.683}",4.266,50.915,52.336999999999996,inf,53.994,53.994
170,TT4,BESTEFFORT,COMPLETED,m4-1,49.132,"{'m1-1': 1.885, 'm2-1': 1.851, 'm3-1': 3.707, 'm4-1': 1.065}",1.5975,51.547000000000004,52.612,inf,54.132,54.132
171,TT4,BESTEFFORT,MISSED,m1-1,49.421,"{'m1-1': 2.17, 'm2-1': 1.478, 'm3-1': 3.842, 'm4-1': 0.881}",2.318399999999997,52.972,inf,54.421,54.421,54.421
172,TT2,BESTEFFORT,COMPLETED,m2-1,49.553,"{'m1-1': 2.392, 'm2-1': 1.852, 'm3-1': 5.005, 'm4-1': 0.893}",5.556,52.336999999999996,54.18899999999999,inf,54.653,54.653
173,TT3,BESTEFFORT,COMPLETED,m4-1,50.155,"{'m1-1': 2.025, 'm2-1': 1.344, 'm3-1': 5.333, 'm4-1': 0.798}",1.197,52.612,53.410000000000004,inf,55.355000000000004,55.355000000000004
174,TT2,BESTEFFORT,MISSED,m2-1,50.647,"{'m1-1': 2.222, 'm2-1': 2.032, 'm3-1': 4.836, 'm4-1': 0.776}",4.674000000000021,54.18899999999999,inf,55.747,55.747,55.747
175,TT3,BESTEFFORT,COMPLETED,m4-1,51.657,"{'m1-1': 2.351, 'm2-1': 1.458, 'm3-1': 4.317, 'm4-1': 0.745}",1.1175,53.410000000000004,54.155,inf,56.857,56.857
176,TT4,BESTEFFORT,COMPLETED,m4-1,52.725,"{'m1-1': 1.973, 'm2-1': 1.404, 'm3-1': 4.435, 'm4-1': 1.067}",1.6004999999999998,54.155,55.222,inf,57.725,57.725
177,TT4,BESTEFFORT,COMPLETED,m1-1,53.097,"{'m1-1': 2.018, 'm2-1': 1.461, 'm3-1': 3.897, 'm4-1': 0.799}",3.2287999999999997,54.421,56.439,inf,58.097,58.097
178,TT4,BESTEFFORT,COMPLETED,m4-1,53.225,"{'m1-1': 1.869, 'm2-1': 1.437, 'm3-1': 4.966, 'm4-1': 0.904}",1.356,55.222,56.126000000000005,inf,58.225,58.225
179,TT4,BESTEFFORT,COMPLETED,m3-1,53.368,"{'m1-1': 2.18, 'm2-1': 1.848, 'm3-1': 4.68, 'm4-1': 0.898}",8.424,53.368,58.048,inf,58.368,58.368
180,TT2,BESTEFFORT,COMPLETED,m4-1,54.586,"{'m1-1': 1.873, 'm2-1': 2.087, 'm3-1': 4.2, 'm4-1': 0.76}",1.1400000000000001,56.126000000000005,56.886,inf,59.686,59.686
181,TT3,BESTEFFORT,COMPLETED,m2-1,55.157,"{'m1-1': 2.09, 'm2-1': 1.783, 'm3-1': 5.619, 'm4-1': 0.835}",5.349,55.747,57.53,inf,60.357,60.357
182,TT4,BESTEFFORT,COMPLETED,m4-1,56.139,"{'m1-1': 1.747, 'm2-1': 1.511, 'm3-1': 4.157, 'm4-1': 0.826}",1.2389999999999999,56.886,57.712,inf,61.139,61.139
183,TT2,BESTEFFORT,COMPLETED,m1-1,56.787,"{'m1-1': 2.29, 'm2-1': 2.04, 'm3-1': 3.63, 'm4-1': 0.852}",3.664,56.787,59.077,inf,61.887,61.887
184,TT2,BESTEFFORT,COMPLETED,m4-1,56.932,"{'m1-1': 2.394, 'm2-1': 1.795, 'm3-1': 3.835, 'm4-1': 0.801}",1.2015,57.712,58.513000000000005,inf,62.032000000000004,62.032000000000004
185,TT4,BESTEFFORT,COMPLETED,m2-1,56.974,"{'m1-1': 1.961, 'm2-1': 1.837, 'm3-1': 4.049, 'm4-1': 0.915}",5.511,57.53,59.367000000000004,inf,61.974,61.974
186,TT3,BESTEFFORT,COMPLETED,m4-1,57.586,"{'m1-1': 2.378, 'm2-1': 1.317, 'm3-1': 5.719, 'm4-1': 0.861}",1.2915,58.513000000000005,59.374,inf,62.786,62.786
187,TT2,BESTEFFORT,COMPLETED,m4-1,57.866,"{'m1-1': 2.408, 'm2-1': 2.121, 'm3-1': 4.052, 'm4-1': 0.775}",1.1625,59.374,60.149,inf,62.966,62.966
188,TT3,BESTEFFORT,COMPLETED,m1-1,57.872,"{'m1-1': 2.25, 'm2-1': 1.706, 'm3-1': 4.462, 'm4-1': 0.729}",3.6,59.077,61.327,inf,63.072,63.072
189,TT1,BESTEFFORT,COMPLETED,m4-1,58.888,"{'m1-1': 1.913, 'm2-1': 1.819, 'm3-1': 4.219, 'm4-1': 0.646}",0.9690000000000001,60.149,60.795,inf,63.888,63.888
190,TT2,BESTEFFORT,COMPLETED,m2-1,58.899,"{'m1-1': 2.137, 'm2-1': 1.775, 'm3-1': 4.948, 'm4-1': 0.821}",5.324999999999999,59.367000000000004,61.142,inf,63.999,63.999
191,TT1,BESTEFFORT,COMPLETED,m4-1,59.212,"{'m1-1': 2.516, 'm2-1': 1.716, 'm3-1': 3.848, 'm4-1': 0.733}",1.0995,60.795,61.528,inf,64.212,64.212
192,TT3,BESTEFFORT,COMPLETED,m4-1,59.527,"{'m1-1': 2.259, 'm2-1': 1.52, 'm3-1': 4.507, 'm4-1': 0.756}",1.134,61.528,62.284,inf,64.727,64.727
193,TT1,BESTEFFORT,COMPLETED,m2-1,59.931,"{'m1-1': 2.542, 'm2-1': 1.405, 'm3-1': 4.345, 'm4-1': 0.735}",4.215,61.142,62.547000000000004,inf,64.931,64.931
194,TT3,BESTEFFORT,COMPLETED,m1-1,59.981,"{'m1-1': 2.151, 'm2-1': 1.531, 'm3-1': 5.346, 'm4-1': 0.911}",3.4415999999999998,61.327,63.477999999999994,inf,65.181,65.181
195,TT4,BESTEFFORT,COMPLETED,m4-1,60.287,"{'m1-1': 2.079, 'm2-1': 1.39, 'm3-1': 3.975, 'm4-1': 0.933}",1.3995000000000002,62.284,63.217,inf,65.287,65.287
196,TT4,BESTEFFORT,COMPLETED,m3-1,60.347,"{'m1-1': 1.828, 'm2-1': 1.61, 'm3-1': 4.499, 'm4-1': 1.027}",8.0982,60.347,64.846,inf,65.34700000000001,65.34700000000001
197,TT4,BESTEFFORT,COMPLETED,m2-1,60.646,"{'m1-1': 2.219, 'm2-1': 1.88, 'm3-1': 3.917, 'm4-1': 1.029}",5.64,62.547000000000004,64.427,inf,65.646,65.646
198,TT3,BESTEFFORT,COMPLETED,m4-1,62.04,"{'m1-1': 2.234, 'm2-1': 1.433, 'm3-1': 4.237, 'm4-1': 0.98}",1.47,63.217,64.197,inf,67.24,67.24
199,TT4,BESTEFFORT,COMPLETED,m4-1,62.273,"{'m1-1': 1.734, 'm2-1': 1.386, 'm3-1': 5.042, 'm4-1': 0.972}",1.458,64.197,65.169,inf,67.273,67.273
200,TT4,BESTEFFORT,COMPLETED,m1-1,62.448,"{'m1-1': 1.846, 'm2-1': 1.429, 'm3-1': 4.161, 'm4-1': 0.796}",2.9536000000000002,63.477999999999994,65.324,inf,67.44800000000001,67.44800000000001
201,TT4,BESTEFFORT,COMPLETED,m4-1,62.464,"{'m1-1': 2.0, 'm2-1': 1.555, 'm3-1': 4.049, 'm4-1': 1.062}",1.593,65.169,66.231,inf,67.464,67.464
202,TT1,BESTEFFORT,COMPLETED,m2-1,63.594,"{'m1-1': 1.86, 'm2-1': 1.478, 'm3-1': 4.805, 'm4-1': 0.758}",4.434,64.427,65.905,inf,68.594,68.594
203,TT2,BESTEFFORT,COMPLETED,m4-1,63.953,"{'m1-1': 2.094, 'm2-1': 1.856, 'm3-1': 4.274, 'm4-1': 0.755}",1.1325,66.231,66.98599999999999,inf,69.053,69.053
204,TT3,BESTEFFORT,COMPLETED,m2-1,63.994,"{'m1-1': 2.369, 'm2-1': 1.655, 'm3-1': 4.744, 'm4-1': 0.764}",4.965,65.905,67.56,inf,69.194,69.194
205,TT1,BESTEFFORT,COMPLETED,m4-1,64.368,"{'m1-1': 2.282, 'm2-1': 1.902, 'm3-1': 4.605, 'm4-1': 0.811}",1.2165000000000001,66.98599999999999,67.797,inf,69.368,69.368
206,TT3,BESTEFFORT,COMPLETED,m1-1,65.13,"{'m1-1': 1.951, 'm2-1': 1.406, 'm3-1': 5.115, 'm4-1': 0.768}",3.1216000000000004,65.324,67.27499999999999,inf,70.33,70.33
207,TT1,BESTEFFORT,COMPLETED,m4-1,66.131,"{'m1-1': 2.272, 'm2-1': 1.876, 'm3-1': 4.348, 'm4-1': 0.829}",1.2435,67.797,68.62599999999999,inf,71.131,71.131
208,TT4,BESTEFFORT,COMPLETED,m2-1,66.55,"{'m1-1': 2.326, 'm2-1': 1.861, 'm3-1': 4.62, 'm4-1': 1.052}",5.583,67.56,69.421,inf,71.55,71.55
209,TT2,BESTEFFORT,COMPLETED,m4-1,66.585,"{'m1-1': 2.439, 'm2-1': 1.73, 'm3-1': 4.934, 'm4-1': 0.736}",1.104,68.62599999999999,69.362,inf,71.68499999999999,71.68499999999999
210,TT1,BESTEFFORT,COMPLETED,m1-1,67.022,"{'m1-1': 2.471, 'm2-1': 1.708, 'm3-1': 4.888, 'm4-1': 0.681}",3.9536000000000002,67.27499999999999,69.746,inf,72.022,72.022
211,TT3,BESTEFFORT,COMPLETED,m4-1,67.041,"{'m1-1': 2.08, 'm2-1': 1.293, 'm3-1': 5.889, 'm4-1': 0.973}",1.4595,69.362,70.335,inf,72.241,72.241
212,TT1,BESTEFFORT,COMPLETED,m2-1,67.194,"{'m1-1': 2.562, 'm2-1': 1.524, 'm3-1': 4.386, 'm4-1': 0.638}",4.572,69.421,70.94500000000001,inf,72.194,72.194
213,TT2,BESTEFFORT,COMPLETED,m3-1,67.404,"{'m1-1': 2.065, 'm2-1': 1.561, 'm3-1': 3.63, 'm4-1': 0.831}",6.534,67.404,71.03399999999999,inf,72.50399999999999,72.50399999999999
214,TT4,BESTEFFORT,COMPLETED,m1-1,67.627,"{'m1-1': 2.219, 'm2-1': 1.721, 'm3-1': 4.271, 'm4-1': 0.815}",3.5504,69.746,71.96499999999999,inf,72.627,72.627
215,TT3,BESTEFFORT,COMPLETED,m2-1,67.696,"{'m1-1': 2.361, 'm2-1': 1.661, 'm3-1': 4.993, 'm4-1': 0.729}",4.9830000000000005,70.94500000000001,72.60600000000001,inf,72.896,72.896
216,TT2,BESTEFFORT,COMPLETED,m4-1,67.829,"{'m1-1': 2.412, 'm2-1': 1.664, 'm3-1': 4.289, 'm4-1': 0.867}",1.3005,70.335,71.202,inf,72.92899999999999,72.92899999999999
217,TT1,BESTEFFORT,MISSED,m1-1,68.226,"{'m1-1': 2.429, 'm2-1': 1.405, 'm3-1': 4.831, 'm4-1': 0.806}",2.017600000000016,71.96499999999999,inf,73.226,73.226,73.226
218,TT1,BESTEFFORT,MISSED,m2-1,68.539,"{'m1-1': 2.108, 'm2-1': 1.442, 'm3-1': 4.181, 'm4-1': 0.765}",2.798999999999978,72.60600000000001,inf,73.539,73.539,73.539
219,TT2,BESTEFFORT,COMPLETED,m4-1,69.036,"{'m1-1': 2.34, 'm2-1': 2.095, 'm3-1': 4.085, 'm4-1': 0.999}",1.4985,71.202,72.201,inf,74.136,74.136
220,TT3,BESTEFFORT,MISSED,m1-1,69.091,"{'m1-1': 2.397, 'm2-1': 1.655, 'm3-1': 5.346, 'm4-1': 0.837}",1.7039999999999964,73.226,inf,74.291,74.291,74.291
221,TT1,BESTEFFORT,MISSED,m3-1,69.172,"{'m1-1': 2.418, 'm2-1': 1.798, 'm3-1': 3.623, 'm4-1': 0.821}",5.648400000000009,71.03399999999999,inf,74.172,74.172,74.172
222,TT4,BESTEFFORT,MISSED,m3-1,69.248,"{'m1-1': 2.224, 'm2-1': 1.764, 'm3-1': 4.807, 'm4-1': 1.025}",0.13680000000001372,74.172,inf,74.248,74.248,74.248
223,TT4,BESTEFFORT,COMPLETED,m4-1,69.472,"{'m1-1': 2.206, 'm2-1': 1.693, 'm3-1': 4.163, 'm4-1': 0.919}",1.3785,72.201,73.11999999999999,inf,74.472,74.472
224,TT2,BESTEFFORT,MISSED,m2-1,69.489,"{'m1-1': 2.56, 'm2-1': 2.081, 'm3-1': 3.63, 'm4-1': 0.862}",3.1499999999999915,73.539,inf,74.589,74.589,74.589
225,TT4,BESTEFFORT,MISSED,m1-1,70.114,"{'m1-1': 1.905, 'm2-1': 1.851, 'm3-1': 5.016, 'm4-1': 1.063}",1.3168000000000122,74.291,inf,75.114,75.114,75.114
226,TT2,BESTEFFORT,COMPLETED,m4-1,70.518,"{'m1-1': 2.08, 'm2-1': 1.659, 'm3-1': 4.269, 'm4-1': 0.788}",1.182,73.11999999999999,73.90799999999999,inf,75.618,75.618
227,TT4,BESTEFFORT,MISSED,m3-1,70.699,"{'m1-1': 2.384, 'm2-1': 1.888, 'm3-1': 3.684, 'm4-1': 0.865}",2.611799999999988,74.248,inf,75.699,75.699,75.699
228,TT3,BESTEFFORT,MISSED,m3-1,70.803,"{'m1-1': 1.885, 'm2-1': 1.78, 'm3-1': 5.013, 'm4-1': 0.797}",0.5472000000000037,75.699,inf,76.003,76.003,76.003
229,TT1,BESTEFFORT,MISSED,m2-1,70.945,"{'m1-1': 2.49, 'm2-1': 1.956, 'm3-1': 5.006, 'm4-1': 0.619}",4.067999999999984,74.589,inf,75.945,75.945,75.945
230,TT1,BESTEFFORT,COMPLETED,m4-1,71.525,"{'m1-1': 2.048, 'm2-1': 1.598, 'm3-1': 5.009, 'm4-1': 0.775}",1.1625,73.90799999999999,74.68299999999999,inf,76.525,76.525
231,TT1,BESTEFFORT,MISSED,m1-1,71.737,"{'m1-1': 2.173, 'm2-1': 1.452, 'm3-1': 4.065, 'm4-1': 0.853}",2.596799999999985,75.114,inf,76.737,76.737,76.737
232,TT2,BESTEFFORT,COMPLETED,m4-1,72.425,"{'m1-1': 2.421, 'm2-1': 1.556, 'm3-1': 3.712, 'm4-1': 0.898}",1.347,74.68299999999999,75.58099999999999,inf,77.52499999999999,77.52499999999999
233,TT4,BESTEFFORT,MISSED,m2-1,72.482,"{'m1-1': 1.824, 'm2-1': 1.584, 'm3-1': 4.616, 'm4-1': 0.991}",4.611000000000018,75.945,inf,77.482,77.482,77.482
234,TT2,BESTEFFORT,COMPLETED,m4-1,72.83,"{'m1-1': 2.417, 'm2-1': 1.772, 'm3-1': 3.674, 'm4-1': 0.815}",1.2225,75.58099999999999,76.39599999999999,inf,77.92999999999999,77.92999999999999
235,TT2,BESTEFFORT,MISSED,m1-1,72.89,"{'m1-1': 2.166, 'm2-1': 1.914, 'm3-1': 4.149, 'm4-1': 0.91}",2.0048000000000004,76.737,inf,77.99,77.99,77.99
236,TT2,BESTEFFORT,MISSED,m2-1,73.087,"{'m1-1': 2.364, 'm2-1': 1.658, 'm3-1': 3.774, 'm4-1': 0.738}",2.114999999999995,77.482,inf,78.187,78.187,78.187
237,TT2,BESTEFFORT,COMPLETED,m4-1,73.983,"{'m1-1': 2.476, 'm2-1': 2.069, 'm3-1': 3.97, 'm4-1': 1.006}",1.509,76.39599999999999,77.40199999999999,inf,79.083,79.083
238,TT4,BESTEFFORT,MISSED,m1-1,74.323,"{'m1-1': 2.347, 'm2-1': 1.551, 'm3-1': 4.043, 'm4-1': 0.916}",2.1327999999999974,77.99,inf,79.323,79.323,79.323
239,TT1,BESTEFFORT,MISSED,m3-1,74.464,"{'m1-1': 2.324, 'm2-1': 1.509, 'm3-1': 4.393, 'm4-1': 0.623}",6.229799999999997,76.003,inf,79.464,79.464,79.464
240,TT1,BESTEFFORT,MISSED,m3-1,74.5,"{'m1-1': 1.928, 'm2-1': 1.479, 'm3-1': 3.783, 'm4-1': 0.819}",0.06480000000000245,79.464,inf,79.5,79.5,79.5
241,TT1,BESTEFFORT,COMPLETED,m4-1,75.018,"{'m1-1': 2.131, 'm2-1': 1.68, 'm3-1': 4.357, 'm4-1': 0.854}",1.281,77.40199999999999,78.25599999999999,inf,80.018,80.018
242,TT2,BESTEFFORT,COMPLETED,m2-1,75.097,"{'m1-1': 2.429, 'm2-1': 1.636, 'm3-1': 4.729, 'm4-1': 0.753}",4.9079999999999995,78.187,79.823,inf,80.19699999999999,80.19699999999999
243,TT4,BESTEFFORT,MISSED,m1-1,75.472,"{'m1-1': 2.171, 'm2-1': 1.773, 'm3-1': 5.001, 'm4-1': 1.013}",1.8384000000000016,79.323,inf,80.472,80.472,80.472
244,TT3,BESTEFFORT,COMPLETED,m4-1,75.673,"{'m1-1': 1.858, 'm2-1': 1.501, 'm3-1': 4.639, 'm4-1': 0.976}",1.464,78.25599999999999,79.23199999999999,inf,80.873,80.873
245,TT4,BESTEFFORT,MISSED,m2-1,76.031,"{'m1-1': 1.804, 'm2-1': 1.836, 'm3-1': 4.505, 'm4-1': 1.029}",3.624000000000038,79.823,inf,81.031,81.031,81.031
246,TT1,BESTEFFORT,COMPLETED,m4-1,76.47,"{'m1-1': 2.333, 'm2-1': 1.565, 'm3-1': 4.079, 'm4-1': 0.757}",1.1355,79.23199999999999,79.98899999999999,inf,81.47,81.47
247,TT1,BESTEFFORT,MISSED,m3-1,76.656,"{'m1-1': 2.146, 'm2-1': 1.418, 'm3-1': 4.454, 'm4-1': 0.848}",3.880800000000011,79.5,inf,81.656,81.656,81.656
248,TT3,BESTEFFORT,MISSED,m1-1,77.21,"{'m1-1': 2.015, 'm2-1': 1.711, 'm3-1': 4.507, 'm4-1': 0.818}",3.100800000000004,80.472,inf,82.41,82.41,82.41
249,TT4,BESTEFFORT,COMPLETED,m4-1,77.967,"{'m1-1': 2.101, 'm2-1': 1.724, 'm3-1': 5.023, 'm4-1': 0.806}",1.209,79.98899999999999,80.79499999999999,inf,82.967,82.967
250,TT3,BESTEFFORT,COMPLETED,m4-1,78.261,"{'m1-1': 1.849, 'm2-1': 1.641, 'm3-1': 5.257, 'm4-1': 0.738}",1.107,80.79499999999999,81.53299999999999,inf,83.461,83.461
251,TT1,BESTEFFORT,COMPLETED,m4-1,79.281,"{'m1-1': 2.566, 'm2-1': 1.608, 'm3-1': 5.095, 'm4-1': 0.667}",1.0005000000000002,81.53299999999999,82.19999999999999,inf,84.281,84.281
252,TT4,BESTEFFORT,COMPLETED,m2-1,79.398,"{'m1-1': 1.89, 'm2-1': 1.413, 'm3-1': 4.751, 'm4-1': 0.844}",4.239,81.031,82.444,inf,84.398,84.398
253,TT3,BESTEFFORT,COMPLETED,m2-1,79.498,"{'m1-1': 2.166, 'm2-1': 1.463, 'm3-1': 4.501, 'm4-1': 0.904}",4.389,82.444,83.907,inf,84.69800000000001,84.69800000000001
254,TT3,BESTEFFORT,COMPLETED,m1-1,79.735,"{'m1-1': 1.989, 'm2-1': 1.6, 'm3-1': 4.677, 'm4-1': 0.717}",3.1824000000000003,82.41,84.399,inf,84.935,84.935
255,TT2,BESTEFFORT,COMPLETED,m4-1,80.857,"{'m1-1': 2.397, 'm2-1': 2.028, 'm3-1': 5.029, 'm4-1': 0.941}",1.4115,82.19999999999999,83.14099999999999,inf,85.957,85.957
256,TT4,BESTEFFORT,COMPLETED,m4-1,81.645,"{'m1-1': 1.845, 'm2-1': 1.648, 'm3-1': 4.4, 'm4-1': 0.946}",1.419,83.14099999999999,84.08699999999999,inf,86.645,86.645
257,TT3,BESTEFFORT,COMPLETED,m4-1,81.682,"{'m1-1': 1.789, 'm2-1': 1.691, 'm3-1': 5.278, 'm4-1': 0.888}",1.332,84.08699999999999,84.975,inf,86.882,86.882
258,TT2,BESTEFFORT,COMPLETED,m2-1,82.094,"{'m1-1': 2.629, 'm2-1': 1.953, 'm3-1': 3.631, 'm4-1': 0.924}",5.859,83.907,85.86,inf,87.19399999999999,87.19399999999999
259,TT2,BESTEFFORT,COMPLETED,m1-1,82.169,"{'m1-1': 2.062, 'm2-1': 2.141, 'm3-1': 4.087, 'm4-1': 0.949}",3.2992,84.399,86.461,inf,87.26899999999999,87.26899999999999
260,TT4,BESTEFFORT,COMPLETED,m4-1,82.375,"{'m1-1': 2.414, 'm2-1': 1.599, 'm3-1': 4.76, 'm4-1': 1.059}",1.5884999999999998,84.975,86.03399999999999,inf,87.375,87.375
261,TT4,BESTEFFORT,COMPLETED,m3-1,83.015,"{'m1-1': 2.44, 'm2-1': 1.75, 'm3-1': 4.742, 'm4-1': 1.012}",8.5356,83.015,87.757,inf,88.015,88.015
262,TT1,BESTEFFORT,COMPLETED,m4-1,84.289,"{'m1-1': 2.214, 'm2-1': 1.51, 'm3-1': 4.029, 'm4-1': 0.763}",1.1445,86.03399999999999,86.797,inf,89.289,89.289
263,TT2,BESTEFFORT,COMPLETED,m4-1,84.345,"{'m1-1': 2.167, 'm2-1': 1.775, 'm3-1': 3.635, 'm4-1': 0.744}",1.116,86.797,87.541,inf,89.445,89.445
264,TT2,BESTEFFORT,COMPLETED,m1-1,84.437,"{'m1-1': 2.636, 'm2-1': 1.935, 'm3-1': 4.04, 'm4-1': 0.944}",4.2176,86.461,89.097,inf,89.53699999999999,89.53699999999999
265,TT3,BESTEFFORT,COMPLETED,m2-1,84.437,"{'m1-1': 2.385, 'm2-1': 1.484, 'm3-1': 5.568, 'm4-1': 0.75}",4.452,85.86,87.344,inf,89.637,89.637
266,TT1,BESTEFFORT,COMPLETED,m2-1,84.504,"{'m1-1': 1.854, 'm2-1': 1.771, 'm3-1': 4.549, 'm4-1': 0.687}",5.313,87.344,89.115,inf,89.504,89.504
267,TT4,BESTEFFORT,MISSED,m2-1,84.646,"{'m1-1': 2.279, 'm2-1': 1.452, 'm3-1': 4.242, 'm4-1': 0.975}",1.5930000000000177,89.115,inf,89.646,89.646,89.646
268,TT4,BESTEFFORT,MISSED,m1-1,84.888,"{'m1-1': 2.194, 'm2-1': 1.793, 'm3-1': 3.721, 'm4-1': 1.058}",1.2656000000000178,89.097,inf,89.888,89.888,89.888
269,TT4,BESTEFFORT,COMPLETED,m4-1,85.165,"{'m1-1': 2.245, 'm2-1': 1.379, 'm3-1': 3.742, 'm4-1': 0.923}",1.3845,87.541,88.464,inf,90.165,90.165
270,TT4,BESTEFFORT,MISSED,m3-1,85.372,"{'m1-1': 2.015, 'm2-1': 1.849, 'm3-1': 4.973, 'm4-1': 0.904}",4.706999999999991,87.757,inf,90.372,90.372,90.372
271,TT3,BESTEFFORT,MISSED,m2-1,85.916,"{'m1-1': 2.075, 'm2-1': 1.73, 'm3-1': 4.972, 'm4-1': 0.84}",4.409999999999997,89.646,inf,91.116,91.116,91.116
272,TT1,BESTEFFORT,COMPLETED,m4-1,86.174,"{'m1-1': 2.231, 'm2-1': 1.715, 'm3-1': 5.098, 'm4-1': 0.744}",1.116,88.464,89.208,inf,91.174,91.174
273,TT3,BESTEFFORT,MISSED,m1-1,86.316,"{'m1-1': 2.228, 'm2-1': 1.609, 'm3-1': 4.575, 'm4-1': 0.802}",2.6048000000000004,89.888,inf,91.516,91.516,91.516
274,TT4,BESTEFFORT,COMPLETED,m4-1,86.884,"{'m1-1': 2.026, 'm2-1': 1.453, 'm3-1': 4.102, 'm4-1': 1.051}",1.5764999999999998,89.208,90.259,inf,91.884,91.884
275,TT1,BESTEFFORT,COMPLETED,m4-1,87.57,"{'m1-1': 2.45, 'm2-1': 1.491, 'm3-1': 4.474, 'm4-1': 0.793}",1.1895,90.259,91.052,inf,92.57,92.57
276,TT2,BESTEFFORT,MISSED,m2-1,87.615,"{'m1-1': 2.436, 'm2-1': 1.743, 'm3-1': 3.626, 'm4-1': 0.763}",4.796999999999969,91.116,inf,92.71499999999999,92.71499999999999,92.71499999999999
277,TT1,BESTEFFORT,MISSED,m1-1,87.883,"{'m1-1': 1.972, 'm2-1': 1.601, 'm3-1': 4.926, 'm4-1': 0.674}",2.1871999999999843,91.516,inf,92.883,92.883,92.883
278,TT3,BESTEFFORT,MISSED,m3-1,88.107,"{'m1-1': 2.259, 'm2-1': 1.552, 'm3-1': 4.901, 'm4-1': 1.009}",5.283000000000004,90.372,inf,93.307,93.307,93.307
279,TT4,BESTEFFORT,COMPLETED,m4-1,88.625,"{'m1-1': 2.077, 'm2-1': 1.486, 'm3-1': 4.118, 'm4-1': 0.939}",1.4084999999999999,91.052,91.991,inf,93.625,93.625
280,TT2,BESTEFFORT,MISSED,m3-1,88.635,"{'m1-1': 2.052, 'm2-1': 1.776, 'm3-1': 4.286, 'm4-1': 0.876}",0.7703999999999951,93.307,inf,93.735,93.735,93.735
281,TT4,BESTEFFORT,MISSED,m3-1,88.705,"{'m1-1': 1.778, 'm2-1': 1.892, 'm3-1': 4.487, 'm4-1': 0.833}",0.0,93.735,inf,93.735,93.705,93.705
282,TT2,BESTEFFORT,COMPLETED,m4-1,89.293,"{'m1-1': 2.51, 'm2-1': 1.999, 'm3-1': 4.063, 'm4-1': 0.885}",1.3275000000000001,91.991,92.876,inf,94.393,94.393
283,TT1,BESTEFFORT,COMPLETED,m2-1,89.383,"{'m1-1': 2.461, 'm2-1': 1.569, 'm3-1': 4.784, 'm4-1': 0.839}",4.707,92.71499999999999,94.28399999999999,inf,94.383,94.383
284,TT2,BESTEFFORT,MISSED,m1-1,90.114,"{'m1-1': 2.582, 'm2-1': 1.95, 'm3-1': 4.82, 'm4-1': 0.937}",3.729600000000005,92.883,inf,95.214,95.214,95.214
285,TT2,BESTEFFORT,COMPLETED,m4-1,91.126,"{'m1-1': 2.509, 'm2-1': 1.658, 'm3-1': 3.782, 'm4-1': 0.876}",1.314,92.876,93.75200000000001,inf,96.226,96.226
286,TT2,BESTEFFORT,COMPLETED,m4-1,91.234,"{'m1-1': 1.891, 'm2-1': 2.022, 'm3-1': 4.039, 'm4-1': 0.894}",1.341,93.75200000000001,94.64600000000002,inf,96.33399999999999,96.33399999999999
287,TT2,BESTEFFORT,COMPLETED,m2-1,91.445,"{'m1-1': 2.082, 'm2-1': 1.686, 'm3-1': 3.978, 'm4-1': 0.738}",5.058,94.28399999999999,95.97,inf,96.54499999999999,96.54499999999999
288,TT1,BESTEFFORT,MISSED,m1-1,91.966,"{'m1-1': 2.458, 'm2-1': 1.443, 'm3-1': 3.692, 'm4-1': 0.754}",2.803199999999993,95.214,inf,96.966,96.966,96.966
289,TT4,BESTEFFORT,COMPLETED,m4-1,92.215,"{'m1-1': 2.355, 'm2-1': 1.614, 'm3-1': 4.811, 'm4-1': 0.979}",1.4685,94.64600000000002,95.62500000000001,inf,97.215,97.215
290,TT3,BESTEFFORT,COMPLETED,m2-1,92.66,"{'m1-1': 2.412, 'm2-1': 1.419, 'm3-1': 5.356, 'm4-1': 0.983}",4.257,95.97,97.389,inf,97.86,97.86
291,TT4,BESTEFFORT,COMPLETED,m3-1,92.681,"{'m1-1': 1.882, 'm2-1': 1.61, 'm3-1': 3.651, 'm4-1': 1.042}",6.5718,93.735,97.386,inf,97.681,97.681
292,TT2,BESTEFFORT,MISSED,m1-1,92.724,"{'m1-1': 2.587, 'm2-1': 2.035, 'm3-1': 3.628, 'm4-1': 0.774}",1.3728000000000067,96.966,inf,97.824,97.824,97.824
293,TT2,BESTEFFORT,MISSED,m2-1,92.764,"{'m1-1': 2.197, 'm2-1': 1.799, 'm3-1': 3.892, 'm4-1': 0.846}",1.424999999999983,97.389,inf,97.86399999999999,97.86399999999999,97.86399999999999
294,TT3,BESTEFFORT,COMPLETED,m4-1,92.969,"{'m1-1': 2.351, 'm2-1': 1.297, 'm3-1': 5.374, 'm4-1': 0.731}",1.0965,95.62500000000001,96.35600000000001,inf,98.169,98.169
295,TT2,BESTEFFORT,MISSED,m1-1,92.996,"{'m1-1': 2.276, 'm2-1': 2.039, 'm3-1': 3.71, 'm4-1': 0.747}",0.4351999999999862,97.824,inf,98.09599999999999,98.09599999999999,98.09599999999999
296,TT3,BESTEFFORT,MISSED,m3-1,93.13,"{'m1-1': 1.733, 'm2-1': 1.37, 'm3-1': 5.836, 'm4-1': 0.8}",1.6992000000000047,97.386,inf,98.33,98.33,98.33
297,TT3,BESTEFFORT,MISSED,m3-1,93.275,"{'m1-1': 2.255, 'm2-1': 1.641, 'm3-1': 4.819, 'm4-1': 0.727}",0.26100000000001844,98.33,inf,98.47500000000001,98.47500000000001,98.47500000000001
298,TT3,BESTEFFORT,MISSED,m3-1,93.51,"{'m1-1': 2.077, 'm2-1': 1.288, 'm3-1': 5.649, 'm4-1': 0.869}",0.422999999999999,98.47500000000001,inf,98.71000000000001,98.71000000000001,98.71000000000001
299,TT1,BESTEFFORT,COMPLETED,m4-1,94.52,"{'m1-1': 2.228, 'm2-1': 1.504, 'm3-1': 4.389, 'm4-1': 0.693}",1.0394999999999999,96.35600000000001,97.049,inf,99.52,99.52
300,TT3,BESTEFFORT,COMPLETED,m4-1,94.706,"{'m1-1': 2.074, 'm2-1': 1.369, 'm3-1': 4.527, 'm4-1': 0.749}",1.1235,97.049,97.798,inf,99.906,99.906
301,TT1,BESTEFFORT,COMPLETED,m4-1,95.627,"{'m1-1': 2.006, 'm2-1': 1.932, 'm3-1': 4.131, 'm4-1': 0.677}",1.0155,97.798,98.47500000000001,inf,100.627,100.627
302,TT1,BESTEFFORT,COMPLETED,m2-1,95.948,"{'m1-1': 2.386, 'm2-1': 1.531, 'm3-1': 3.989, 'm4-1': 0.691}",4.593,97.86399999999999,99.395,inf,100.948,100.948
303,TT4,BESTEFFORT,COMPLETED,m1-1,96.208,"{'m1-1': 1.857, 'm2-1': 1.609, 'm3-1': 4.127, 'm4-1': 1.045}",2.9712,98.09599999999999,99.95299999999999,inf,101.208,101.208
304,TT2,BESTEFFORT,MISSED,m2-1,96.277,"{'m1-1': 2.525, 'm2-1': 2.089, 'm3-1': 3.978, 'm4-1': 0.867}",5.945999999999998,99.395,inf,101.377,101.377,101.377
305,TT2,BESTEFFORT,COMPLETED,m4-1,96.703,"{'m1-1': 2.381, 'm2-1': 2.123, 'm3-1': 3.888, 'm4-1': 0.733}",1.0995,98.47500000000001,99.20800000000001,inf,101.803,101.803
306,TT4,BESTEFFORT,MISSED,m1-1,96.759,"{'m1-1': 2.282, 'm2-1': 1.519, 'm3-1': 4.67, 'm4-1': 1.021}",2.889600000000019,99.95299999999999,inf,101.759,101.759,101.759
307,TT1,BESTEFFORT,COMPLETED,m4-1,96.775,"{'m1-1': 2.057, 'm2-1': 1.685, 'm3-1': 4.631, 'm4-1': 0.722}",1.083,99.20800000000001,99.93,inf,101.775,101.775
308,TT2,BESTEFFORT,MISSED,m2-1,97.187,"{'m1-1': 2.614, 'm2-1': 1.691, 'm3-1': 4.79, 'm4-1': 1.011}",2.7299999999999898,101.377,inf,102.28699999999999,102.28699999999999,102.28699999999999
309,TT4,BESTEFFORT,MISSED,m3-1,97.204,"{'m1-1': 1.852, 'm2-1': 1.644, 'm3-1': 4.903, 'm4-1': 0.799}",6.289199999999974,98.71000000000001,inf,102.204,102.204,102.204
310,TT4,BESTEFFORT,COMPLETED,m4-1,98.784,"{'m1-1': 2.179, 'm2-1': 1.766, 'm3-1': 4.702, 'm4-1': 0.876}",1.314,99.93,100.80600000000001,inf,103.784,103.784
311,TT4,BESTEFFORT,COMPLETED,m4-1,98.885,"{'m1-1': 2.387, 'm2-1': 1.833, 'm3-1': 4.044, 'm4-1': 0.939}",1.4084999999999999,100.80600000000001,101.745,inf,103.885,103.885
312,TT3,BESTEFFORT,COMPLETED,m2-1,99.072,"{'m1-1': 1.805, 'm2-1': 1.756, 'm3-1': 5.372, 'm4-1': 0.898}",5.268,102.28699999999999,104.04299999999999,inf,104.272,104.272
313,TT1,BESTEFFORT,MISSED,m1-1,99.138,"{'m1-1': 2.397, 'm2-1': 1.447, 'm3-1': 4.175, 'm4-1': 0.676}",3.806400000000008,101.759,inf,104.138,104.138,104.138
314,TT4,BESTEFFORT,COMPLETED,m4-1,99.572,"{'m1-1': 2.401, 'm2-1': 1.816, 'm3-1': 3.858, 'm4-1': 1.063}",1.5945,101.745,102.808,inf,104.572,104.572
315,TT1,BESTEFFORT,COMPLETED,m4-1,99.983,"{'m1-1': 2.429, 'm2-1': 1.652, 'm3-1': 4.449, 'm4-1': 0.623}",0.9345,102.808,103.43100000000001,inf,104.983,104.983
316,TT4,BESTEFFORT,MISSED,m2-1,100.269,"{'m1-1': 1.981, 'm2-1': 1.449, 'm3-1': 4.36, 'm4-1': 0.965}",3.67800000000004,104.04299999999999,inf,105.269,105.269,105.269
317,TT2,BESTEFFORT,MISSED,m1-1,100.443,"{'m1-1': 2.044, 'm2-1': 2.127, 'm3-1': 5.056, 'm4-1': 0.863}",2.2479999999999793,104.138,inf,105.54299999999999,105.54299999999999,105.54299999999999
318,TT1,BESTEFFORT,MISSED,m3-1,100.65,"{'m1-1': 2.434, 'm2-1': 1.41, 'm3-1': 4.389, 'm4-1': 0.695}",6.202800000000022,102.204,inf,105.65,105.65,105.65
319,TT3,BESTEFFORT,COMPLETED,m4-1,101.162,"{'m1-1': 2.152, 'm2-1': 1.52, 'm3-1': 5.937, 'm4-1': 0.932}",1.3980000000000001,103.43100000000001,104.36300000000001,inf,106.36200000000001,106.36200000000001
320,TT4,BESTEFFORT,MISSED,m2-1,101.622,"{'m1-1': 2.268, 'm2-1': 1.615, 'm3-1': 3.739, 'm4-1': 0.879}",4.058999999999983,105.269,inf,106.622,106.622,106.622
321,TT3,BESTEFFORT,COMPLETED,m4-1,101.822,"{'m1-1': 2.16, 'm2-1': 1.432, 'm3-1': 4.876, 'm4-1': 0.878}",1.317,104.36300000000001,105.24100000000001,inf,107.022,107.022
322,TT1,BESTEFFORT,MISSED,m1-1,101.925,"{'m1-1': 2.346, 'm2-1': 1.543, 'm3-1': 4.498, 'm4-1': 0.726}",2.2112000000000083,105.54299999999999,inf,106.925,106.925,106.925
323,TT4,BESTEFFORT,MISSED,m1-1,102.183,"{'m1-1': 2.142, 'm2-1': 1.505, 'm3-1': 4.917, 'm4-1': 0.967}",0.41280000000001565,106.925,inf,107.183,107.183,107.183
324,TT4,BESTEFFORT,COMPLETED,m4-1,102.879,"{'m1-1': 2.054, 'm2-1': 1.692, 'm3-1': 4.452, 'm4-1': 0.905}",1.3575,105.24100000000001,106.14600000000002,inf,107.879,107.879
325,TT4,BESTEFFORT,COMPLETED,m4-1,103.887,"{'m1-1': 2.116, 'm2-1': 1.579, 'm3-1': 5.06, 'm4-1': 1.048}",1.572,106.14600000000002,107.19400000000002,inf,108.887,108.887
326,TT2,BESTEFFORT,COMPLETED,m2-1,104.192,"{'m1-1': 2.474, 'm2-1': 1.726, 'm3-1': 4.135, 'm4-1': 0.719}",5.178,106.622,108.348,inf,109.29199999999999,109.29199999999999
327,TT1,BESTEFFORT,COMPLETED,m4-1,104.752,"{'m1-1': 1.955, 'm2-1': 1.962, 'm3-1': 4.542, 'm4-1': 0.835}",1.2525,107.19400000000002,108.02900000000001,inf,109.752,109.752
328,TT4,BESTEFFORT,COMPLETED,m1-1,104.769,"{'m1-1': 1.887, 'm2-1': 1.47, 'm3-1': 4.851, 'm4-1': 0.903}",3.0192,107.183,109.07000000000001,inf,109.769,109.769
329,TT4,BESTEFFORT,MISSED,m3-1,104.92,"{'m1-1': 2.112, 'm2-1': 1.891, 'm3-1': 4.649, 'm4-1': 0.867}",7.685999999999993,105.65,inf,109.92,109.92,109.92
330,TT4,BESTEFFORT,COMPLETED,m2-1,104.922,"{'m1-1': 1.745, 'm2-1': 1.519, 'm3-1': 4.641, 'm4-1': 0.954}",4.5569999999999995,108.348,109.867,inf,109.922,109.922
331,TT2,BESTEFFORT,MISSED,m3-1,105.003,"{'m1-1': 2.368, 'm2-1': 1.916, 'm3-1': 3.831, 'm4-1': 0.905}",0.3293999999999869,109.92,inf,110.103,110.103,110.103
332,TT4,BESTEFFORT,MISSED,m3-1,105.008,"{'m1-1': 2.234, 'm2-1': 1.521, 'm3-1': 4.167, 'm4-1': 0.975}",0.0,110.103,inf,110.103,110.008,110.008
333,TT2,BESTEFFORT,COMPLETED,m4-1,105.308,"{'m1-1': 2.577, 'm2-1': 1.636, 'm3-1': 4.627, 'm4-1': 0.751}",1.1265,108.02900000000001,108.78000000000002,inf,110.408,110.408
334,TT4,BESTEFFORT,MISSED,m2-1,105.481,"{'m1-1': 1.771, 'm2-1': 1.803, 'm3-1': 4.324, 'm4-1': 1.014}",1.8419999999999703,109.867,inf,110.481,110.481,110.481
335,TT2,BESTEFFORT,MISSED,m1-1,105.783,"{'m1-1': 2.243, 'm2-1': 1.754, 'm3-1': 5.073, 'm4-1': 0.945}",2.900799999999981,109.07000000000001,inf,110.883,110.883,110.883
336,TT3,BESTEFFORT,MISSED,m3-1,106.047,"{'m1-1': 2.103, 'm2-1': 1.625, 'm3-1': 5.251, 'm4-1': 0.908}",2.05920000000001,110.103,inf,111.247,111.247,111.247
337,TT4,BESTEFFORT,COMPLETED,m4-1,106.091,"{'m1-1': 2.083, 'm2-1': 1.688, 'm3-1': 4.916, 'm4-1': 0.851}",1.2765,108.78000000000002,109.63100000000001,inf,111.091,111.091
338,TT2,BESTEFFORT,MISSED,m2-1,106.365,"{'m1-1': 2.483, 'm2-1': 1.943, 'm3-1': 3.976, 'm4-1': 0.801}",2.951999999999984,110.481,inf,111.46499999999999,111.46499999999999,111.46499999999999
339,TT2,BESTEFFORT,MISSED,m1-1,107.176,"{'m1-1': 2.361, 'm2-1': 1.517, 'm3-1': 5.078, 'm4-1': 0.814}",2.228800000000001,110.883,inf,112.276,112.276,112.276
340,TT4,BESTEFFORT,COMPLETED,m4-1,107.353,"{'m1-1': 1.772, 'm2-1': 1.812, 'm3-1': 4.999, 'm4-1': 0.789}",1.1835,109.63100000000001,110.42000000000002,inf,112.353,112.353
341,TT2,BESTEFFORT,COMPLETED,m4-1,108.477,"{'m1-1': 2.346, 'm2-1': 1.718, 'm3-1': 3.776, 'm4-1': 0.732}",1.0979999999999999,110.42000000000002,111.15200000000002,inf,113.577,113.577
342,TT1,BESTEFFORT,COMPLETED,m2-1,108.595,"{'m1-1': 2.312, 'm2-1': 1.926, 'm3-1': 4.597, 'm4-1': 0.716}",5.778,111.46499999999999,113.39099999999999,inf,113.595,113.595
343,TT1,BESTEFFORT,MISSED,m1-1,108.737,"{'m1-1': 2.326, 'm2-1': 1.554, 'm3-1': 4.971, 'm4-1': 0.765}",2.337599999999998,112.276,inf,113.737,113.737,113.737
344,TT4,BESTEFFORT,COMPLETED,m4-1,108.837,"{'m1-1': 2.156, 'm2-1': 1.343, 'm3-1': 4.364, 'm4-1': 0.814}",1.2209999999999999,111.15200000000002,111.96600000000001,inf,113.837,113.837
345,TT1,BESTEFFORT,MISSED,m1-1,109.087,"{'m1-1': 2.468, 'm2-1': 1.516, 'm3-1': 4.986, 'm4-1': 0.781}",0.5600000000000137,113.737,inf,114.087,114.087,114.087
346,TT4,BESTEFFORT,COMPLETED,m4-1,109.098,"{'m1-1': 2.413, 'm2-1': 1.56, 'm3-1': 4.005, 'm4-1': 0.903}",1.3545,111.96600000000001,112.86900000000001,inf,114.098,114.098
347,TT3,BESTEFFORT,MISSED,m2-1,109.24,"{'m1-1': 2.328, 'm2-1': 1.58, 'm3-1': 5.81, 'm4-1': 0.945}",3.14700000000002,113.39099999999999,inf,114.44,114.44,114.44
348,TT3,BESTEFFORT,MISSED,m3-1,109.742,"{'m1-1': 1.723, 'm2-1': 1.682, 'm3-1': 4.748, 'm4-1': 0.907}",0.15840000000001453,114.854,inf,114.94200000000001,114.94200000000001,114.94200000000001
349,TT4,BESTEFFORT,MISSED,m3-1,109.854,"{'m1-1': 1.878, 'm2-1': 1.89, 'm3-1': 3.877, 'm4-1': 0.954}",6.492599999999999,111.247,inf,114.854,114.854,114.854
350,TT2,BESTEFFORT,COMPLETED,m4-1,111.305,"{'m1-1': 2.422, 'm2-1': 1.538, 'm3-1': 4.962, 'm4-1': 0.914}",1.371,112.86900000000001,113.78300000000002,inf,116.405,116.405
351,TT2,BESTEFFORT,COMPLETED,m4-1,111.52,"{'m1-1': 2.108, 'm2-1': 1.635, 'm3-1': 4.989, 'm4-1': 0.791}",1.1865,113.78300000000002,114.57400000000001,inf,116.61999999999999,116.61999999999999
352,TT4,BESTEFFORT,COMPLETED,m2-1,111.711,"{'m1-1': 2.002, 'm2-1': 1.548, 'm3-1': 3.748, 'm4-1': 0.872}",4.644,114.44,115.988,inf,116.711,116.711
353,TT1,BESTEFFORT,COMPLETED,m1-1,111.795,"{'m1-1': 2.193, 'm2-1': 1.622, 'm3-1': 4.303, 'm4-1': 0.76}",3.5088000000000004,114.087,116.28,inf,116.795,116.795
354,TT1,BESTEFFORT,COMPLETED,m4-1,111.992,"{'m1-1': 2.201, 'm2-1': 1.883, 'm3-1': 4.231, 'm4-1': 0.721}",1.0815,114.57400000000001,115.29500000000002,inf,116.992,116.992
355,TT4,BESTEFFORT,MISSED,m2-1,112.283,"{'m1-1': 1.933, 'm2-1': 1.615, 'm3-1': 4.375, 'm4-1': 0.873}",3.885000000000005,115.988,inf,117.283,117.283,117.283
356,TT3,BESTEFFORT,MISSED,m1-1,112.798,"{'m1-1': 1.882, 'm2-1': 1.515, 'm3-1': 5.362, 'm4-1': 0.898}",2.748800000000006,116.28,inf,117.998,117.998,117.998
357,TT4,BESTEFFORT,COMPLETED,m4-1,113.524,"{'m1-1': 1.788, 'm2-1': 1.487, 'm3-1': 4.258, 'm4-1': 0.955}",1.4324999999999999,115.29500000000002,116.25000000000001,inf,118.524,118.524
358,TT4,BESTEFFORT,COMPLETED,m4-1,114.007,"{'m1-1': 2.049, 'm2-1': 1.419, 'm3-1': 4.274, 'm4-1': 0.851}",1.2765,116.25000000000001,117.10100000000001,inf,119.007,119.007
359,TT2,BESTEFFORT,COMPLETED,m3-1,114.027,"{'m1-1': 2.084, 'm2-1': 1.918, 'm3-1': 3.744, 'm4-1': 0.916}",6.7392,114.94200000000001,118.686,inf,119.127,119.127
360,TT3,BESTEFFORT,COMPLETED,m2-1,114.198,"{'m1-1': 2.03, 'm2-1': 1.592, 'm3-1': 5.81, 'm4-1': 0.85}",4.776,117.283,118.875,inf,119.398,119.398
361,TT4,BESTEFFORT,COMPLETED,m4-1,114.701,"{'m1-1': 2.075, 'm2-1': 1.396, 'm3-1': 4.676, 'm4-1': 0.761}",1.1415,117.10100000000001,117.86200000000001,inf,119.701,119.701
362,TT2,BESTEFFORT,MISSED,m1-1,114.849,"{'m1-1': 1.993, 'm2-1': 2.132, 'm3-1': 5.056, 'm4-1': 0.863}",3.1215999999999897,117.998,inf,119.949,119.949,119.949
363,TT1,BESTEFFORT,MISSED,m2-1,114.997,"{'m1-1': 2.499, 'm2-1': 1.988, 'm3-1': 3.932, 'm4-1': 0.742}",3.3659999999999997,118.875,inf,119.997,119.997,119.997
364,TT2,BESTEFFORT,COMPLETED,m4-1,115.561,"{'m1-1': 2.483, 'm2-1': 1.732, 'm3-1': 3.756, 'm4-1': 0.855}",1.2825,117.86200000000001,118.71700000000001,inf,120.661,120.661
365,TT4,BESTEFFORT,MISSED,m1-1,115.911,"{'m1-1': 2.055, 'm2-1': 1.473, 'm3-1': 4.446, 'm4-1': 0.942}",1.5392000000000055,119.949,inf,120.911,120.911,120.911
366,TT4,BESTEFFORT,MISSED,m2-1,116.154,"{'m1-1': 2.077, 'm2-1': 1.775, 'm3-1': 4.76, 'm4-1': 0.776}",3.4709999999999894,119.997,inf,121.154,121.154,121.154
367,TT2,BESTEFFORT,COMPLETED,m4-1,116.294,"{'m1-1': 2.622, 'm2-1': 2.125, 'm3-1': 4.372, 'm4-1': 0.745}",1.1175,118.71700000000001,119.46200000000002,inf,121.39399999999999,121.39399999999999
368,TT3,BESTEFFORT,MISSED,m1-1,117.07,"{'m1-1': 2.205, 'm2-1': 1.476, 'm3-1': 4.263, 'm4-1': 0.785}",2.1743999999999915,120.911,inf,122.27,122.27,122.27
369,TT3,BESTEFFORT,COMPLETED,m4-1,117.169,"{'m1-1': 2.253, 'm2-1': 1.483, 'm3-1': 4.7, 'm4-1': 0.968}",1.452,119.46200000000002,120.43000000000002,inf,122.369,122.369
370,TT2,BESTEFFORT,MISSED,m3-1,117.21,"{'m1-1': 2.052, 'm2-1': 2.035, 'm3-1': 3.925, 'm4-1': 0.831}",6.523199999999966,118.686,inf,122.30999999999999,122.30999999999999,122.30999999999999
371,TT4,BESTEFFORT,MISSED,m2-1,117.334,"{'m1-1': 1.732, 'm2-1': 1.669, 'm3-1': 4.571, 'm4-1': 0.875}",3.5400000000000205,121.154,inf,122.334,122.334,122.334
372,TT2,BESTEFFORT,MISSED,m3-1,117.555,"{'m1-1': 2.597, 'm2-1': 1.686, 'm3-1': 3.997, 'm4-1': 0.953}",0.6210000000000235,122.30999999999999,inf,122.655,122.655,122.655
373,TT1,BESTEFFORT,MISSED,m3-1,117.74,"{'m1-1': 2.576, 'm2-1': 1.48, 'm3-1': 4.29, 'm4-1': 0.817}",0.15299999999998876,122.655,inf,122.74,122.74,122.74
374,TT2,BESTEFFORT,COMPLETED,m4-1,117.793,"{'m1-1': 2.382, 'm2-1': 1.796, 'm3-1': 3.637, 'm4-1': 0.968}",1.452,120.43000000000002,121.39800000000002,inf,122.893,122.893
375,TT3,BESTEFFORT,MISSED,m1-1,118.127,"{'m1-1': 2.054, 'm2-1': 1.551, 'm3-1': 4.7, 'm4-1': 0.986}",1.6912000000000036,122.27,inf,123.327,123.327,123.327
376,TT1,BESTEFFORT,COMPLETED,m4-1,118.815,"{'m1-1': 2.318, 'm2-1': 1.661, 'm3-1': 3.978, 'm4-1': 0.642}",0.9630000000000001,121.39800000000002,122.04000000000002,inf,123.815,123.815
377,TT1,BESTEFFORT,COMPLETED,m2-1,119.045,"{'m1-1': 2.476, 'm2-1': 1.518, 'm3-1': 4.182, 'm4-1': 0.73}",4.554,122.334,123.852,inf,124.045,124.045
378,TT3,BESTEFFORT,MISSED,m3-1,119.421,"{'m1-1': 2.028, 'm2-1': 1.552, 'm3-1': 4.956, 'm4-1': 0.874}",3.385800000000026,122.74,inf,124.62100000000001,124.62100000000001,124.62100000000001
379,TT4,BESTEFFORT,COMPLETED,m4-1,119.656,"{'m1-1': 2.086, 'm2-1': 1.867, 'm3-1': 3.758, 'm4-1': 0.936}",1.4040000000000001,122.04000000000002,122.97600000000003,inf,124.656,124.656
380,TT4,BESTEFFORT,MISSED,m1-1,120.062,"{'m1-1': 2.224, 'm2-1': 1.577, 'm3-1': 4.054, 'm4-1': 0.949}",2.7759999999999994,123.327,inf,125.062,125.062,125.062
381,TT4,BESTEFFORT,MISSED,m2-1,120.067,"{'m1-1': 1.769, 'm2-1': 1.403, 'm3-1': 4.204, 'm4-1': 0.766}",3.6449999999999676,123.852,inf,125.067,125.067,125.067
382,TT2,BESTEFFORT,COMPLETED,m4-1,120.168,"{'m1-1': 2.418, 'm2-1': 1.525, 'm3-1': 3.953, 'm4-1': 0.851}",1.2765,122.97600000000003,123.82700000000003,inf,125.268,125.268
383,TT3,BESTEFFORT,MISSED,m1-1,120.396,"{'m1-1': 1.927, 'm2-1': 1.772, 'm3-1': 5.951, 'm4-1': 0.845}",0.8544000000000097,125.062,inf,125.596,125.596,125.596
384,TT2,BESTEFFORT,MISSED,m2-1,120.779,"{'m1-1': 2.17, 'm2-1': 1.571, 'm3-1': 4.258, 'm4-1': 0.921}",2.435999999999993,125.067,inf,125.87899999999999,125.87899999999999,125.87899999999999
385,TT4,BESTEFFORT,COMPLETED,m4-1,121.57,"{'m1-1': 2.421, 'm2-1': 1.353, 'm3-1': 4.648, 'm4-1': 0.77}",1.155,123.82700000000003,124.59700000000002,inf,126.57,126.57
386,TT3,BESTEFFORT,COMPLETED,m4-1,121.741,"{'m1-1': 1.955, 'm2-1': 1.741, 'm3-1': 4.237, 'm4-1': 0.962}",1.443,124.59700000000002,125.55900000000003,inf,126.941,126.941
387,TT3,BESTEFFORT,MISSED,m1-1,121.872,"{'m1-1': 2.176, 'm2-1': 1.298, 'm3-1': 5.898, 'm4-1': 0.937}",2.361599999999999,125.596,inf,127.072,127.072,127.072
388,TT3,BESTEFFORT,MISSED,m3-1,122.245,"{'m1-1': 2.218, 'm2-1': 1.27, 'm3-1': 5.016, 'm4-1': 0.742}",5.083199999999997,124.62100000000001,inf,127.44500000000001,127.44500000000001,127.44500000000001
389,TT3,BESTEFFORT,COMPLETED,m2-1,122.782,"{'m1-1': 1.818, 'm2-1': 1.488, 'm3-1': 4.803, 'm4-1': 0.814}",4.464,125.87899999999999,127.36699999999999,inf,127.982,127.982
390,TT3,BESTEFFORT,MISSED,m3-1,122.968,"{'m1-1': 2.081, 'm2-1': 1.331, 'm3-1': 5.319, 'm4-1': 0.958}",1.3013999999999981,127.44500000000001,inf,128.168,128.168,128.168
391,TT4,BESTEFFORT,COMPLETED,m4-1,123.16,"{'m1-1': 1.851, 'm2-1': 1.652, 'm3-1': 4.195, 'm4-1': 0.864}",1.296,125.55900000000003,126.42300000000003,inf,128.16,128.16
392,TT1,BESTEFFORT,MISSED,m3-1,123.215,"{'m1-1': 2.486, 'm2-1': 1.947, 'm3-1': 4.177, 'm4-1': 0.686}",0.08459999999999468,128.168,inf,128.215,128.215,128.215
393,TT1,BESTEFFORT,MISSED,m1-1,123.709,"{'m1-1': 2.093, 'm2-1': 1.682, 'm3-1': 3.814, 'm4-1': 0.61}",2.619200000000001,127.072,inf,128.709,128.709,128.709
394,TT2,BESTEFFORT,COMPLETED,m4-1,124.094,"{'m1-1': 2.016, 'm2-1': 1.919, 'm3-1': 4.389, 'm4-1': 0.804}",1.206,126.42300000000003,127.22700000000003,inf,129.194,129.194
395,TT1,BESTEFFORT,COMPLETED,m2-1,124.473,"{'m1-1': 2.282, 'm2-1': 1.929, 'm3-1': 4.753, 'm4-1': 0.845}",5.787,127.36699999999999,129.296,inf,129.473,129.473
396,TT2,BESTEFFORT,COMPLETED,m4-1,125.047,"{'m1-1': 2.105, 'm2-1': 1.7, 'm3-1': 4.434, 'm4-1': 0.815}",1.2225,127.22700000000003,128.04200000000003,inf,130.147,130.147
397,TT1,BESTEFFORT,MISSED,m2-1,125.113,"{'m1-1': 2.143, 'm2-1': 1.485, 'm3-1': 4.046, 'm4-1': 0.703}",2.451000000000022,129.296,inf,130.113,130.113,130.113
398,TT1,BESTEFFORT,MISSED,m1-1,125.385,"{'m1-1': 2.57, 'm2-1': 1.641, 'm3-1': 4.657, 'm4-1': 0.807}",2.6815999999999804,128.709,inf,130.385,130.385,130.385
399,TT2,BESTEFFORT,MISSED,m3-1,125.512,"{'m1-1': 2.122, 'm2-1': 1.636, 'm3-1': 4.227, 'm4-1': 0.769}",4.3145999999999844,128.215,inf,130.612,130.612,130.612
400,TT3,BESTEFFORT,COMPLETED,m4-1,126.166,"{'m1-1': 2.304, 'm2-1': 1.326, 'm3-1': 5.978, 'm4-1': 0.846}",1.269,128.04200000000003,128.88800000000003,inf,131.36599999999999,131.36599999999999
401,TT2,BESTEFFORT,MISSED,m2-1,126.21,"{'m1-1': 2.381, 'm2-1': 1.665, 'm3-1': 3.954, 'm4-1': 0.928}",3.591000000000008,130.113,inf,131.31,131.31,131.31
402,TT4,BESTEFFORT,MISSED,m1-1,126.256,"{'m1-1': 2.176, 'm2-1': 1.846, 'm3-1': 3.721, 'm4-1': 0.811}",1.393600000000015,130.385,inf,131.256,131.256,131.256
403,TT3,BESTEFFORT,COMPLETED,m4-1,126.309,"{'m1-1': 2.34, 'm2-1': 1.499, 'm3-1': 4.72, 'm4-1': 0.868}",1.302,128.88800000000003,129.75600000000003,inf,131.509,131.509
404,TT4,BESTEFFORT,COMPLETED,m4-1,127.33,"{'m1-1': 1.878, 'm2-1': 1.443, 'm3-1': 4.87, 'm4-1': 0.986}",1.479,129.75600000000003,130.74200000000002,inf,132.32999999999998,132.32999999999998
405,TT4,BESTEFFORT,MISSED,m2-1,127.401,"{'m1-1': 2.102, 'm2-1': 1.622, 'm3-1': 4.929, 'm4-1': 0.922}",3.2730000000000246,131.31,inf,132.401,132.401,132.401
406,TT1,BESTEFFORT,MISSED,m1-1,127.875,"{'m1-1': 2.276, 'm2-1': 1.77, 'm3-1': 4.045, 'm4-1': 0.719}",2.5904,131.256,inf,132.875,132.875,132.875
407,TT2,BESTEFFORT,COMPLETED,m4-1,128.492,"{'m1-1': 2.319, 'm2-1': 1.556, 'm3-1': 3.721, 'm4-1': 0.736}",1.104,130.74200000000002,131.478,inf,133.59199999999998,133.59199999999998
408,TT3,BESTEFFORT,COMPLETED,m4-1,128.986,"{'m1-1': 2.218, 'm2-1': 1.514, 'm3-1': 5.18, 'm4-1': 0.905}",1.3575,131.478,132.383,inf,134.18599999999998,134.18599999999998
409,TT3,BESTEFFORT,MISSED,m1-1,129.202,"{'m1-1': 2.333, 'm2-1': 1.304, 'm3-1': 5.329, 'm4-1': 0.883}",2.443199999999979,132.875,inf,134.402,134.402,134.402
410,TT4,BESTEFFORT,MISSED,m3-1,129.249,"{'m1-1': 2.176, 'm2-1': 1.588, 'm3-1': 4.757, 'm4-1': 0.762}",6.546600000000001,130.612,inf,134.249,134.249,134.249
411,TT1,BESTEFFORT,COMPLETED,m2-1,129.365,"{'m1-1': 2.556, 'm2-1': 1.582, 'm3-1': 4.981, 'm4-1': 0.719}",4.746,132.401,133.983,inf,134.365,134.365
412,TT2,BESTEFFORT,MISSED,m3-1,129.489,"{'m1-1': 1.973, 'm2-1': 1.966, 'm3-1': 4.394, 'm4-1': 0.837}",0.6120000000000062,134.249,inf,134.589,134.589,134.589
413,TT2,BESTEFFORT,MISSED,m3-1,129.705,"{'m1-1': 2.177, 'm2-1': 2.144, 'm3-1': 4.24, 'm4-1': 0.971}",0.38880000000001474,134.589,inf,134.805,134.805,134.805
414,TT1,BESTEFFORT,COMPLETED,m4-1,130.492,"{'m1-1': 2.358, 'm2-1': 1.921, 'm3-1': 4.35, 'm4-1': 0.617}",0.9255,132.383,133.0,inf,135.492,135.492
415,TT3,BESTEFFORT,COMPLETED,m4-1,130.878,"{'m1-1': 2.333, 'm2-1': 1.358, 'm3-1': 5.765, 'm4-1': 0.941}",1.4115,133.0,133.941,inf,136.07799999999997,136.07799999999997
416,TT3,BESTEFFORT,COMPLETED,m2-1,131.142,"{'m1-1': 2.04, 'm2-1': 1.787, 'm3-1': 4.865, 'm4-1': 0.994}",5.361,133.983,135.77,inf,136.34199999999998,136.34199999999998
417,TT2,BESTEFFORT,COMPLETED,m4-1,131.702,"{'m1-1': 2.596, 'm2-1': 1.869, 'm3-1': 4.678, 'm4-1': 0.941}",1.4115,133.941,134.882,inf,136.802,136.802
418,TT2,BESTEFFORT,COMPLETED,m4-1,132.507,"{'m1-1': 1.943, 'm2-1': 1.753, 'm3-1': 5.046, 'm4-1': 0.913}",1.3695,134.882,135.79500000000002,inf,137.607,137.607
419,TT1,BESTEFFORT,COMPLETED,m1-1,132.891,"{'m1-1': 1.903, 'm2-1': 1.868, 'm3-1': 4.941, 'm4-1': 0.752}",3.0448000000000004,134.402,136.30499999999998,inf,137.891,137.891
420,TT2,BESTEFFORT,COMPLETED,m4-1,133.054,"{'m1-1': 2.474, 'm2-1': 1.82, 'm3-1': 5.025, 'm4-1': 0.737}",1.1055,135.79500000000002,136.532,inf,138.154,138.154
421,TT4,BESTEFFORT,COMPLETED,m2-1,133.957,"{'m1-1': 1.732, 'm2-1': 1.542, 'm3-1': 4.67, 'm4-1': 0.781}",4.626,135.77,137.312,inf,138.957,138.957
422,TT3,BESTEFFORT,COMPLETED,m4-1,134.141,"{'m1-1': 1.9, 'm2-1': 1.549, 'm3-1': 5.528, 'm4-1': 1.009}",1.5134999999999998,136.532,137.541,inf,139.34099999999998,139.34099999999998
423,TT2,BESTEFFORT,COMPLETED,m2-1,134.505,"{'m1-1': 1.932, 'm2-1': 1.948, 'm3-1': 3.915, 'm4-1': 1.005}",5.843999999999999,137.312,139.26000000000002,inf,139.605,139.605
424,TT4,BESTEFFORT,COMPLETED,m1-1,134.56,"{'m1-1': 1.819, 'm2-1': 1.685, 'm3-1': 3.925, 'm4-1': 0.978}",2.9104,136.30499999999998,138.12399999999997,inf,139.56,139.56
425,TT4,BESTEFFORT,COMPLETED,m3-1,134.641,"{'m1-1': 2.312, 'm2-1': 1.887, 'm3-1': 3.926, 'm4-1': 0.814}",7.066800000000001,134.805,138.731,inf,139.641,139.641
426,TT3,BESTEFFORT,MISSED,m2-1,134.695,"{'m1-1': 1.849, 'm2-1': 1.644, 'm3-1': 4.908, 'm4-1': 0.897}",1.9049999999998875,139.26000000000002,inf,139.89499999999998,139.89499999999998,139.89499999999998
427,TT2,BESTEFFORT,COMPLETED,m4-1,134.957,"{'m1-1': 2.626, 'm2-1': 1.585, 'm3-1': 4.674, 'm4-1': 0.968}",1.452,137.541,138.509,inf,140.057,140.057
428,TT2,BESTEFFORT,MISSED,m1-1,135.456,"{'m1-1': 2.611, 'm2-1': 1.53, 'm3-1': 5.096, 'm4-1': 0.972}",3.891200000000026,138.12399999999997,inf,140.55599999999998,140.55599999999998,140.55599999999998
429,TT3,BESTEFFORT,COMPLETED,m4-1,136.233,"{'m1-1': 2.336, 'm2-1': 1.663, 'm3-1': 4.407, 'm4-1': 0.917}",1.3755000000000002,138.509,139.426,inf,141.433,141.433
430,TT2,BESTEFFORT,COMPLETED,m4-1,137.207,"{'m1-1': 2.231, 'm2-1': 1.758, 'm3-1': 4.144, 'm4-1': 0.97}",1.455,139.426,140.396,inf,142.307,142.307
431,TT2,BESTEFFORT,COMPLETED,m2-1,137.449,"{'m1-1': 2.127, 'm2-1': 1.528, 'm3-1': 4.408, 'm4-1': 0.803}",4.584,139.89499999999998,141.42299999999997,inf,142.549,142.549
432,TT3,BESTEFFORT,COMPLETED,m4-1,138.118,"{'m1-1': 2.14, 'm2-1': 1.55, 'm3-1': 5.166, 'm4-1': 0.998}",1.4969999999999999,140.396,141.39399999999998,inf,143.31799999999998,143.31799999999998
433,TT1,BESTEFFORT,COMPLETED,m1-1,138.237,"{'m1-1': 1.961, 'm2-1': 1.601, 'm3-1': 3.877, 'm4-1': 0.724}",3.1376000000000004,140.55599999999998,142.517,inf,143.237,143.237
434,TT1,BESTEFFORT,COMPLETED,m4-1,139.189,"{'m1-1': 2.446, 'm2-1': 1.978, 'm3-1': 4.182, 'm4-1': 0.656}",0.984,141.39399999999998,142.04999999999998,inf,144.189,144.189
435,TT3,BESTEFFORT,COMPLETED,m2-1,139.231,"{'m1-1': 1.81, 'm2-1': 1.639, 'm3-1': 5.215, 'm4-1': 0.782}",4.917,141.42299999999997,143.06199999999998,inf,144.43099999999998,144.43099999999998
436,TT4,BESTEFFORT,COMPLETED,m3-1,139.274,"{'m1-1': 2.058, 'm2-1': 1.418, 'm3-1': 4.757, 'm4-1': 0.76}",8.5626,139.274,144.031,inf,144.274,144.274
437,TT4,BESTEFFORT,COMPLETED,m4-1,139.501,"{'m1-1': 1.771, 'm2-1': 1.477, 'm3-1': 3.87, 'm4-1': 0.837}",1.2555,142.04999999999998,142.88699999999997,inf,144.501,144.501
438,TT2,BESTEFFORT,COMPLETED,m1-1,140.04,"{'m1-1': 2.044, 'm2-1': 1.956, 'm3-1': 4.213, 'm4-1': 0.904}",3.2704000000000004,142.517,144.561,inf,145.14,145.14
439,TT2,BESTEFFORT,COMPLETED,m2-1,140.041,"{'m1-1': 2.343, 'm2-1': 1.615, 'm3-1': 3.95, 'm4-1': 0.728}",4.845,143.06199999999998,144.677,inf,145.141,145.141
440,TT4,BESTEFFORT,MISSED,m2-1,140.385,"{'m1-1': 2.346, 'm2-1': 1.727, 'm3-1': 4.417, 'm4-1': 0.937}",2.1239999999999952,144.677,inf,145.385,145.385,145.385
441,TT2,BESTEFFORT,COMPLETED,m4-1,140.95,"{'m1-1': 1.923, 'm2-1': 1.821, 'm3-1': 4.292, 'm4-1': 0.843}",1.2645,142.88699999999997,143.72999999999996,inf,146.04999999999998,146.04999999999998
442,TT4,BESTEFFORT,MISSED,m1-1,141.328,"{'m1-1': 2.3, 'm2-1': 1.716, 'm3-1': 3.726, 'm4-1': 0.918}",2.8271999999999937,144.561,inf,146.328,146.328,146.328
443,TT1,BESTEFFORT,COMPLETED,m4-1,141.569,"{'m1-1': 2.568, 'm2-1': 1.851, 'm3-1': 3.659, 'm4-1': 0.748}",1.1219999999999999,143.72999999999996,144.47799999999995,inf,146.569,146.569
444,TT4,BESTEFFORT,MISSED,m2-1,141.956,"{'m1-1': 1.909, 'm2-1': 1.603, 'm3-1': 4.584, 'm4-1': 0.876}",4.712999999999994,145.385,inf,146.956,146.956,146.956
445,TT2,BESTEFFORT,COMPLETED,m4-1,142.136,"{'m1-1': 2.206, 'm2-1': 2.132, 'm3-1': 4.641, 'm4-1': 0.918}",1.377,144.47799999999995,145.39599999999996,inf,147.236,147.236
446,TT4,BESTEFFORT,COMPLETED,m4-1,143.219,"{'m1-1': 1.96, 'm2-1': 1.573, 'm3-1': 4.331, 'm4-1': 0.845}",1.2675,145.39599999999996,146.24099999999996,inf,148.219,148.219
447,TT3,BESTEFFORT,MISSED,m3-1,143.472,"{'m1-1': 2.225, 'm2-1': 1.384, 'm3-1': 4.727, 'm4-1': 0.964}",8.353799999999984,144.031,inf,148.672,148.672,148.672
448,TT2,BESTEFFORT,COMPLETED,m4-1,143.836,"{'m1-1': 2.639, 'm2-1': 1.697, 'm3-1': 4.466, 'm4-1': 0.949}",1.4235,146.24099999999996,147.18999999999997,inf,148.936,148.936
449,TT3,BESTEFFORT,COMPLETED,m2-1,143.883,"{'m1-1': 1.762, 'm2-1': 1.66, 'm3-1': 4.306, 'm4-1': 0.986}",4.9799999999999995,146.956,148.61599999999999,inf,149.083,149.083
450,TT3,BESTEFFORT,COMPLETED,m4-1,144.688,"{'m1-1': 1.773, 'm2-1': 1.591, 'm3-1': 5.745, 'm4-1': 0.718}",1.077,147.18999999999997,147.90799999999996,inf,149.88799999999998,149.88799999999998
451,TT3,BESTEFFORT,COMPLETED,m1-1,144.774,"{'m1-1': 2.073, 'm2-1': 1.656, 'm3-1': 5.098, 'm4-1': 0.93}",3.3168,146.328,148.401,inf,149.974,149.974
452,TT4,BESTEFFORT,MISSED,m2-1,144.851,"{'m1-1': 2.011, 'm2-1': 1.827, 'm3-1': 3.782, 'm4-1': 0.777}",3.705000000000041,148.61599999999999,inf,149.851,149.851,149.851
453,TT3,BESTEFFORT,COMPLETED,m4-1,145.569,"{'m1-1': 2.018, 'm2-1': 1.686, 'm3-1': 5.569, 'm4-1': 0.789}",1.1835,147.90799999999996,148.69699999999995,inf,150.76899999999998,150.76899999999998
454,TT4,BESTEFFORT,COMPLETED,m1-1,145.634,"{'m1-1': 2.016, 'm2-1': 1.341, 'm3-1': 4.933, 'm4-1': 1.053}",3.2256,148.401,150.417,inf,150.634,150.634
455,TT1,BESTEFFORT,MISSED,m2-1,145.791,"{'m1-1': 2.233, 'm2-1': 1.852, 'm3-1': 4.34, 'm4-1': 0.791}",2.819999999999993,149.851,inf,150.791,150.791,150.791
456,TT3,BESTEFFORT,MISSED,m1-1,146.098,"{'m1-1': 1.931, 'm2-1': 1.659, 'm3-1': 5.043, 'm4-1': 0.951}",1.4096000000000004,150.417,inf,151.298,151.298,151.298
457,TT4,BESTEFFORT,COMPLETED,m4-1,147.061,"{'m1-1': 2.274, 'm2-1': 1.761, 'm3-1': 3.897, 'm4-1': 1.051}",1.5764999999999998,148.69699999999995,149.74799999999993,inf,152.061,152.061
458,TT4,BESTEFFORT,COMPLETED,m4-1,147.825,"{'m1-1': 2.009, 'm2-1': 1.797, 'm3-1': 4.619, 'm4-1': 1.047}",1.5705,149.74799999999993,150.79499999999993,inf,152.825,152.825
459,TT1,BESTEFFORT,COMPLETED,m4-1,148.038,"{'m1-1': 2.061, 'm2-1': 1.741, 'm3-1': 4.44, 'm4-1': 0.637}",0.9555,150.79499999999993,151.43199999999993,inf,153.038,153.038
460,TT1,BESTEFFORT,COMPLETED,m2-1,148.165,"{'m1-1': 2.056, 'm2-1': 1.733, 'm3-1': 4.71, 'm4-1': 0.659}",5.199,150.791,152.524,inf,153.165,153.165
461,TT3,BESTEFFORT,COMPLETED,m1-1,148.182,"{'m1-1': 1.745, 'm2-1': 1.73, 'm3-1': 4.416, 'm4-1': 0.945}",2.7920000000000003,151.298,153.043,inf,153.38199999999998,153.38199999999998
462,TT2,BESTEFFORT,MISSED,m3-1,148.316,"{'m1-1': 2.063, 'm2-1': 1.987, 'm3-1': 4.885, 'm4-1': 0.941}",8.5392,148.672,inf,153.416,153.416,153.416
463,TT2,BESTEFFORT,MISSED,m1-1,148.57,"{'m1-1': 2.424, 'm2-1': 1.789, 'm3-1': 4.982, 'm4-1': 0.874}",1.00319999999997,153.043,inf,153.67,153.67,153.67
464,TT2,BESTEFFORT,MISSED,m2-1,148.628,"{'m1-1': 2.59, 'm2-1': 1.533, 'm3-1': 4.818, 'm4-1': 0.941}",3.611999999999938,152.524,inf,153.72799999999998,153.72799999999998,153.72799999999998
465,TT3,BESTEFFORT,COMPLETED,m4-1,149.466,"{'m1-1': 2.023, 'm2-1': 1.426, 'm3-1': 4.555, 'm4-1': 0.936}",1.4040000000000001,151.43199999999993,152.36799999999994,inf,154.666,154.666
466,TT4,BESTEFFORT,MISSED,m3-1,149.582,"{'m1-1': 2.063, 'm2-1': 1.419, 'm3-1': 4.903, 'm4-1': 0.856}",2.0987999999999944,153.416,inf,154.582,154.582,154.582
467,TT4,BESTEFFORT,COMPLETED,m4-1,150.465,"{'m1-1': 2.135, 'm2-1': 1.666, 'm3-1': 3.961, 'm4-1': 0.903}",1.3545,152.36799999999994,153.27099999999993,inf,155.465,155.465
468,TT2,BESTEFFORT,COMPLETED,m4-1,150.815,"{'m1-1': 2.558, 'm2-1': 2.132, 'm3-1': 4.866, 'm4-1': 0.803}",1.2045000000000001,153.27099999999993,154.07399999999993,inf,155.915,155.915
469,TT3,BESTEFFORT,COMPLETED,m2-1,150.884,"{'m1-1': 2.136, 'm2-1': 1.476, 'm3-1': 5.843, 'm4-1': 0.821}",4.428,153.72799999999998,155.20399999999998,inf,156.08399999999997,156.08399999999997
470,TT4,BESTEFFORT,COMPLETED,m1-1,150.912,"{'m1-1': 2.038, 'm2-1': 1.732, 'm3-1': 4.641, 'm4-1': 1.053}",3.2607999999999997,153.67,155.708,inf,155.912,155.912
471,TT4,BESTEFFORT,MISSED,m2-1,151.381,"{'m1-1': 1.803, 'm2-1': 1.615, 'm3-1': 4.851, 'm4-1': 0.768}",3.5310000000000628,155.20399999999998,inf,156.381,156.381,156.381
472,TT1,BESTEFFORT,COMPLETED,m4-1,151.577,"{'m1-1': 2.323, 'm2-1': 1.896, 'm3-1': 4.268, 'm4-1': 0.715}",1.0725,154.07399999999993,154.78899999999993,inf,156.577,156.577
473,TT4,BESTEFFORT,COMPLETED,m4-1,152.949,"{'m1-1': 2.316, 'm2-1': 1.511, 'm3-1': 3.8, 'm4-1': 0.878}",1.317,154.78899999999993,155.66699999999992,inf,157.949,157.949
474,TT3,BESTEFFORT,COMPLETED,m1-1,153.06,"{'m1-1': 1.947, 'm2-1': 1.316, 'm3-1': 4.269, 'm4-1': 0.99}",3.1152,155.708,157.655,inf,158.26,158.26
475,TT4,BESTEFFORT,MISSED,m2-1,153.146,"{'m1-1': 2.074, 'm2-1': 1.822, 'm3-1': 4.409, 'm4-1': 0.888}",5.294999999999959,156.381,inf,158.146,158.146,158.146
476,TT2,BESTEFFORT,COMPLETED,m4-1,153.385,"{'m1-1': 2.556, 'm2-1': 1.99, 'm3-1': 4.189, 'm4-1': 0.912}",1.368,155.66699999999992,156.57899999999992,inf,158.48499999999999,158.48499999999999
477,TT3,BESTEFFORT,MISSED,m3-1,153.641,"{'m1-1': 2.375, 'm2-1': 1.779, 'm3-1': 4.714, 'm4-1': 0.774}",7.666199999999975,154.582,inf,158.84099999999998,158.84099999999998,158.84099999999998
478,TT4,BESTEFFORT,MISSED,m2-1,153.745,"{'m1-1': 2.118, 'm2-1': 1.898, 'm3-1': 4.062, 'm4-1': 0.926}",1.7970000000000539,158.146,inf,158.745,158.745,158.745
479,TT1,BESTEFFORT,MISSED,m1-1,153.874,"{'m1-1': 2.379, 'm2-1': 1.691, 'm3-1': 4.297, 'm4-1': 0.743}",1.9503999999999906,157.655,inf,158.874,158.874,158.874
480,TT2,BESTEFFORT,COMPLETED,m4-1,154.825,"{'m1-1': 2.602, 'm2-1': 1.957, 'm3-1': 4.873, 'm4-1': 0.938}",1.407,156.57899999999992,157.5169999999999,inf,159.92499999999998,159.92499999999998
481,TT3,BESTEFFORT,COMPLETED,m4-1,155.734,"{'m1-1': 2.251, 'm2-1': 1.549, 'm3-1': 5.852, 'm4-1': 0.814}",1.2209999999999999,157.5169999999999,158.3309999999999,inf,160.934,160.934
482,TT3,BESTEFFORT,COMPLETED,m4-1,155.846,"{'m1-1': 2.211, 'm2-1': 1.528, 'm3-1': 5.732, 'm4-1': 0.72}",1.08,158.3309999999999,159.0509999999999,inf,161.046,161.046
483,TT4,BESTEFFORT,COMPLETED,m2-1,156.012,"{'m1-1': 2.172, 'm2-1': 1.548, 'm3-1': 3.929, 'm4-1': 1.045}",4.644,158.745,160.293,inf,161.012,161.012
484,TT3,BESTEFFORT,COMPLETED,m1-1,156.385,"{'m1-1': 1.914, 'm2-1': 1.515, 'm3-1': 4.772, 'm4-1': 0.825}",3.0624000000000002,158.874,160.78799999999998,inf,161.58499999999998,161.58499999999998
485,TT1,BESTEFFORT,COMPLETED,m4-1,156.901,"{'m1-1': 2.245, 'm2-1': 1.963, 'm3-1': 4.266, 'm4-1': 0.845}",1.2675,159.0509999999999,159.8959999999999,inf,161.901,161.901
486,TT2,BESTEFFORT,MISSED,m2-1,156.932,"{'m1-1': 2.095, 'm2-1': 1.904, 'm3-1': 4.649, 'm4-1': 0.718}",5.216999999999928,160.293,inf,162.03199999999998,162.03199999999998,162.03199999999998
487,TT3,BESTEFFORT,MISSED,m1-1,157.161,"{'m1-1': 2.376, 'm2-1': 1.317, 'm3-1': 4.893, 'm4-1': 0.997}",2.5168000000000124,160.78799999999998,inf,162.361,162.361,162.361
488,TT3,BESTEFFORT,COMPLETED,m4-1,157.897,"{'m1-1': 2.209, 'm2-1': 1.716, 'm3-1': 4.92, 'm4-1': 0.817}",1.2254999999999998,159.8959999999999,160.7129999999999,inf,163.09699999999998,163.09699999999998
489,TT2,BESTEFFORT,MISSED,m3-1,157.996,"{'m1-1': 1.9, 'm2-1': 1.935, 'm3-1': 4.902, 'm4-1': 0.911}",7.659000000000043,158.84099999999998,inf,163.096,163.096,163.096
490,TT2,BESTEFFORT,MISSED,m1-1,158.029,"{'m1-1': 2.027, 'm2-1': 1.743, 'm3-1': 4.495, 'm4-1': 0.741}",1.2288000000000012,162.361,inf,163.129,163.129,163.129
491,TT4,BESTEFFORT,COMPLETED,m4-1,158.447,"{'m1-1': 2.045, 'm2-1': 1.807, 'm3-1': 4.008, 'm4-1': 0.823}",1.2345,160.7129999999999,161.53599999999992,inf,163.447,163.447
492,TT2,BESTEFFORT,COMPLETED,m2-1,158.622,"{'m1-1': 2.4, 'm2-1': 1.63, 'm3-1': 4.62, 'm4-1': 0.745}",4.89,162.03199999999998,163.66199999999998,inf,163.722,163.722
493,TT4,BESTEFFORT,COMPLETED,m4-1,161.05,"{'m1-1': 2.259, 'm2-1': 1.546, 'm3-1': 5.068, 'm4-1': 1.013}",1.5194999999999999,161.53599999999992,162.54899999999992,inf,166.05,166.05
494,TT2,BESTEFFORT,COMPLETED,m4-1,161.326,"{'m1-1': 2.552, 'm2-1': 1.907, 'm3-1': 4.919, 'm4-1': 0.881}",1.3215,162.54899999999992,163.42999999999992,inf,166.426,166.426
495,TT2,BESTEFFORT,COMPLETED,m4-1,161.416,"{'m1-1': 1.935, 'm2-1': 1.766, 'm3-1': 4.805, 'm4-1': 0.727}",1.0905,163.42999999999992,164.15699999999993,inf,166.516,166.516
496,TT2,BESTEFFORT,COMPLETED,m1-1,161.475,"{'m1-1': 1.88, 'm2-1': 1.655, 'm3-1': 4.712, 'm4-1': 0.999}",3.008,163.129,165.009,inf,166.575,166.575
497,TT3,BESTEFFORT,COMPLETED,m2-1,161.735,"{'m1-1': 1.926, 'm2-1': 1.428, 'm3-1': 5.341, 'm4-1': 0.72}",4.284,163.66199999999998,165.08999999999997,inf,166.935,166.935
498,TT2,BESTEFFORT,COMPLETED,m4-1,162.803,"{'m1-1': 2.008, 'm2-1': 1.772, 'm3-1': 4.315, 'm4-1': 0.777}",1.1655,164.15699999999993,164.9339999999999,inf,167.903,167.903
499,TT3,BESTEFFORT,COMPLETED,m4-1,162.851,"{'m1-1': 2.347, 'm2-1': 1.29, 'm3-1': 5.577, 'm4-1': 0.73}",1.095,164.9339999999999,165.6639999999999,inf,168.051,168.051
500,TT2,BESTEFFORT,COMPLETED,m2-1,163.244,"{'m1-1': 2.334, 'm2-1': 1.637, 'm3-1': 4.289, 'm4-1': 1.0}",4.911,165.08999999999997,166.72699999999998,inf,168.344,168.344
501,TT3,BESTEFFORT,COMPLETED,m1-1,163.941,"{'m1-1': 2.319, 'm2-1': 1.69, 'm3-1': 5.436, 'm4-1': 0.745}",3.7104,165.009,167.32799999999997,inf,169.141,169.141
502,TT2,BESTEFFORT,COMPLETED,m4-1,164.186,"{'m1-1': 2.447, 'm2-1': 1.739, 'm3-1': 5.127, 'm4-1': 0.735}",1.1025,165.6639999999999,166.39899999999992,inf,169.286,169.286
503,TT1,BESTEFFORT,COMPLETED,m4-1,164.202,"{'m1-1': 2.173, 'm2-1': 1.647, 'm3-1': 4.078, 'm4-1': 0.786}",1.179,166.39899999999992,167.18499999999992,inf,169.202,169.202
504,TT3,BESTEFFORT,COMPLETED,m2-1,164.765,"{'m1-1': 1.955, 'm2-1': 1.513, 'm3-1': 5.488, 'm4-1': 0.864}",4.539,166.72699999999998,168.23999999999998,inf,169.96499999999997,169.96499999999997
505,TT2,BESTEFFORT,COMPLETED,m4-1,165.466,"{'m1-1': 2.502, 'm2-1': 1.775, 'm3-1': 3.997, 'm4-1': 0.933}",1.3995000000000002,167.18499999999992,168.1179999999999,inf,170.566,170.566
506,TT1,BESTEFFORT,COMPLETED,m4-1,165.915,"{'m1-1': 1.988, 'm2-1': 1.942, 'm3-1': 5.0, 'm4-1': 0.678}",1.0170000000000001,168.1179999999999,168.7959999999999,inf,170.915,170.915
507,TT3,BESTEFFORT,COMPLETED,m1-1,165.93,"{'m1-1': 1.832, 'm2-1': 1.693, 'm3-1': 4.581, 'm4-1': 0.806}",2.9312000000000005,167.32799999999997,169.15999999999997,inf,171.13,171.13
508,TT2,BESTEFFORT,COMPLETED,m2-1,166.151,"{'m1-1': 2.021, 'm2-1': 1.595, 'm3-1': 3.82, 'm4-1': 0.775}",4.785,168.23999999999998,169.83499999999998,inf,171.251,171.251
509,TT3,BESTEFFORT,COMPLETED,m1-1,166.158,"{'m1-1': 1.928, 'm2-1': 1.466, 'm3-1': 4.895, 'm4-1': 0.839}",3.0848,169.15999999999997,171.08799999999997,inf,171.35799999999998,171.35799999999998
510,TT3,BESTEFFORT,COMPLETED,m4-1,166.412,"{'m1-1': 2.191, 'm2-1': 1.73, 'm3-1': 5.958, 'm4-1': 0.975}",1.4625,168.7959999999999,169.7709999999999,inf,171.612,171.612
511,TT3,BESTEFFORT,COMPLETED,m2-1,166.429,"{'m1-1': 1.898, 'm2-1': 1.779, 'm3-1': 5.878, 'm4-1': 0.857}",5.337,169.83499999999998,171.61399999999998,inf,171.629,171.629
512,TT4,BESTEFFORT,COMPLETED,m3-1,166.549,"{'m1-1': 2.268, 'm2-1': 1.764, 'm3-1': 4.891, 'm4-1': 0.778}",8.8038,166.549,171.44,inf,171.549,171.549
513,TT3,BESTEFFORT,MISSED,m2-1,166.852,"{'m1-1': 2.182, 'm2-1': 1.329, 'm3-1': 4.657, 'm4-1': 0.908}",1.3140000000000498,171.61399999999998,inf,172.052,172.052,172.052
514,TT4,BESTEFFORT,MISSED,m1-1,166.877,"{'m1-1': 2.077, 'm2-1': 1.408, 'm3-1': 5.089, 'm4-1': 0.994}",1.2624000000000706,171.08799999999997,inf,171.877,171.877,171.877
515,TT1,BESTEFFORT,COMPLETED,m4-1,167.352,"{'m1-1': 2.273, 'm2-1': 1.901, 'm3-1': 3.941, 'm4-1': 0.644}",0.966,169.7709999999999,170.4149999999999,inf,172.352,172.352
516,TT4,BESTEFFORT,MISSED,m1-1,167.375,"{'m1-1': 1.813, 'm2-1': 1.345, 'm3-1': 4.101, 'm4-1': 0.81}",0.7967999999999847,171.877,inf,172.375,172.375,172.375
517,TT1,BESTEFFORT,MISSED,m3-1,167.547,"{'m1-1': 1.991, 'm2-1': 1.876, 'm3-1': 4.999, 'm4-1': 0.759}",1.9925999999999988,171.44,inf,172.547,172.547,172.547
518,TT4,BESTEFFORT,COMPLETED,m4-1,168.416,"{'m1-1': 1.95, 'm2-1': 1.724, 'm3-1': 4.939, 'm4-1': 0.983}",1.4745,170.4149999999999,171.3979999999999,inf,173.416,173.416
519,TT3,BESTEFFORT,COMPLETED,m2-1,168.684,"{'m1-1': 1.889, 'm2-1': 1.732, 'm3-1': 5.976, 'm4-1': 0.772}",5.196,172.052,173.784,inf,173.884,173.884
520,TT3,BESTEFFORT,COMPLETED,m4-1,169.032,"{'m1-1': 2.064, 'm2-1': 1.513, 'm3-1': 4.407, 'm4-1': 0.796}",1.194,171.3979999999999,172.1939999999999,inf,174.232,174.232
521,TT2,BESTEFFORT,MISSED,m3-1,169.152,"{'m1-1': 2.279, 'm2-1': 1.56, 'm3-1': 4.773, 'm4-1': 0.87}",3.0689999999999715,172.547,inf,174.25199999999998,174.25199999999998,174.25199999999998
522,TT1,BESTEFFORT,COMPLETED,m4-1,169.79,"{'m1-1': 2.581, 'm2-1': 1.98, 'm3-1': 3.748, 'm4-1': 0.82}",1.23,172.1939999999999,173.0139999999999,inf,174.79,174.79
523,TT4,BESTEFFORT,COMPLETED,m1-1,170.056,"{'m1-1': 1.837, 'm2-1': 1.567, 'm3-1': 4.324, 'm4-1': 1.045}",2.9392,172.375,174.212,inf,175.056,175.056
524,TT3,BESTEFFORT,COMPLETED,m4-1,170.854,"{'m1-1': 1.882, 'm2-1': 1.297, 'm3-1': 5.522, 'm4-1': 0.993}",1.4895,173.0139999999999,174.0069999999999,inf,176.054,176.054
525,TT4,BESTEFFORT,COMPLETED,m2-1,171.026,"{'m1-1': 2.406, 'm2-1': 1.601, 'm3-1': 3.93, 'm4-1': 0.844}",4.803,173.784,175.385,inf,176.026,176.026
526,TT4,BESTEFFORT,MISSED,m3-1,171.047,"{'m1-1': 2.167, 'm2-1': 1.753, 'm3-1': 4.922, 'm4-1': 0.851}",3.2310000000000287,174.25199999999998,inf,176.047,176.047,176.047
527,TT2,BESTEFFORT,COMPLETED,m1-1,171.237,"{'m1-1': 2.05, 'm2-1': 1.689, 'm3-1': 3.966, 'm4-1': 0.847}",3.28,174.212,176.262,inf,176.337,176.337
528,TT4,BESTEFFORT,COMPLETED,m4-1,171.821,"{'m1-1': 1.8, 'm2-1': 1.716, 'm3-1': 4.671, 'm4-1': 1.026}",1.5390000000000001,174.0069999999999,175.0329999999999,inf,176.821,176.821
529,TT3,BESTEFFORT,COMPLETED,m2-1,172.004,"{'m1-1': 1.978, 'm2-1': 1.381, 'm3-1': 5.468, 'm4-1': 0.823}",4.143,175.385,176.766,inf,177.20399999999998,177.20399999999998
530,TT4,BESTEFFORT,MISSED,m1-1,172.175,"{'m1-1': 1.804, 'm2-1': 1.421, 'm3-1': 4.729, 'm4-1': 0.945}",1.4608000000000176,176.262,inf,177.175,177.175,177.175
531,TT1,BESTEFFORT,COMPLETED,m4-1,173.06,"{'m1-1': 1.886, 'm2-1': 1.478, 'm3-1': 4.753, 'm4-1': 0.669}",1.0035,175.0329999999999,175.7019999999999,inf,178.06,178.06
532,TT4,BESTEFFORT,COMPLETED,m4-1,173.33,"{'m1-1': 2.065, 'm2-1': 1.648, 'm3-1': 4.61, 'm4-1': 0.762}",1.143,175.7019999999999,176.4639999999999,inf,178.33,178.33
533,TT3,BESTEFFORT,COMPLETED,m2-1,173.355,"{'m1-1': 2.423, 'm2-1': 1.395, 'm3-1': 5.264, 'm4-1': 0.746}",4.1850000000000005,176.766,178.161,inf,178.55499999999998,178.55499999999998
534,TT4,BESTEFFORT,COMPLETED,m4-1,174.045,"{'m1-1': 1.861, 'm2-1': 1.798, 'm3-1': 4.012, 'm4-1': 0.879}",1.3185,176.4639999999999,177.3429999999999,inf,179.045,179.045
535,TT1,BESTEFFORT,MISSED,m1-1,174.294,"{'m1-1': 2.466, 'm2-1': 1.846, 'm3-1': 3.888, 'm4-1': 0.861}",3.3903999999999996,177.175,inf,179.294,179.294,179.294
536,TT1,BESTEFFORT,MISSED,m2-1,174.84,"{'m1-1': 2.142, 'm2-1': 1.79, 'm3-1': 5.032, 'm4-1': 0.64}",5.037000000000006,178.161,inf,179.84,179.84,179.84
537,TT4,BESTEFFORT,MISSED,m3-1,174.93,"{'m1-1': 2.257, 'm2-1': 1.831, 'm3-1': 4.735, 'm4-1': 0.902}",6.989400000000018,176.047,inf,179.93,179.93,179.93
538,TT3,BESTEFFORT,COMPLETED,m4-1,175.081,"{'m1-1': 1.872, 'm2-1': 1.549, 'm3-1': 5.201, 'm4-1': 0.877}",1.3155000000000001,177.3429999999999,178.2199999999999,inf,180.28099999999998,180.28099999999998
539,TT4,BESTEFFORT,MISSED,m1-1,175.204,"{'m1-1': 2.444, 'm2-1': 1.646, 'm3-1': 4.957, 'm4-1': 0.907}",1.4559999999999946,179.294,inf,180.204,180.204,180.204
540,TT1,BESTEFFORT,MISSED,m2-1,175.558,"{'m1-1': 2.474, 'm2-1': 1.65, 'm3-1': 4.76, 'm4-1': 0.631}",2.153999999999968,179.84,inf,180.558,180.558,180.558
541,TT4,BESTEFFORT,COMPLETED,m4-1,176.42,"{'m1-1': 1.877, 'm2-1': 1.763, 'm3-1': 4.916, 'm4-1': 0.786}",1.179,178.2199999999999,179.00599999999991,inf,181.42,181.42
542,TT4,BESTEFFORT,COMPLETED,m4-1,176.479,"{'m1-1': 2.162, 'm2-1': 1.884, 'm3-1': 4.07, 'm4-1': 1.005}",1.5074999999999998,179.00599999999991,180.0109999999999,inf,181.479,181.479
543,TT3,BESTEFFORT,MISSED,m1-1,176.665,"{'m1-1': 2.329, 'm2-1': 1.498, 'm3-1': 4.941, 'm4-1': 0.787}",2.657599999999957,180.204,inf,181.86499999999998,181.86499999999998,181.86499999999998
544,TT1,BESTEFFORT,MISSED,m3-1,176.674,"{'m1-1': 2.592, 'm2-1': 1.654, 'm3-1': 4.001, 'm4-1': 0.638}",3.1391999999999998,179.93,inf,181.674,181.674,181.674
545,TT1,BESTEFFORT,MISSED,m3-1,176.708,"{'m1-1': 2.471, 'm2-1': 1.735, 'm3-1': 4.719, 'm4-1': 0.7}",0.061199999999985266,181.674,inf,181.708,181.708,181.708
546,TT3,BESTEFFORT,MISSED,m2-1,176.914,"{'m1-1': 1.759, 'm2-1': 1.636, 'm3-1': 5.229, 'm4-1': 0.893}",4.6679999999999495,180.558,inf,182.11399999999998,182.11399999999998,182.11399999999998
547,TT1,BESTEFFORT,MISSED,m3-1,177.019,"{'m1-1': 2.233, 'm2-1': 1.494, 'm3-1': 4.16, 'm4-1': 0.788}",0.5598000000000127,181.708,inf,182.019,182.019,182.019
548,TT2,BESTEFFORT,MISSED,m1-1,177.048,"{'m1-1': 2.63, 'm2-1': 1.809, 'm3-1': 5.114, 'm4-1': 0.745}",0.45280000000002474,181.86499999999998,inf,182.148,182.148,182.148
549,TT3,BESTEFFORT,COMPLETED,m4-1,177.913,"{'m1-1': 2.122, 'm2-1': 1.49, 'm3-1': 5.484, 'm4-1': 0.791}",1.1865,180.0109999999999,180.8019999999999,inf,183.113,183.113
550,TT4,BESTEFFORT,MISSED,m2-1,178.03,"{'m1-1': 1.957, 'm2-1': 1.859, 'm3-1': 3.742, 'm4-1': 1.042}",2.7480000000000757,182.11399999999998,inf,183.03,183.03,183.03
551,TT3,BESTEFFORT,COMPLETED,m4-1,178.295,"{'m1-1': 2.107, 'm2-1': 1.556, 'm3-1': 5.469, 'm4-1': 0.947}",1.4204999999999999,180.8019999999999,181.7489999999999,inf,183.49499999999998,183.49499999999998
552,TT2,BESTEFFORT,COMPLETED,m4-1,178.559,"{'m1-1': 2.042, 'm2-1': 1.743, 'm3-1': 4.83, 'm4-1': 0.92}",1.3800000000000001,181.7489999999999,182.6689999999999,inf,183.659,183.659
553,TT3,BESTEFFORT,MISSED,m2-1,178.607,"{'m1-1': 1.794, 'm2-1': 1.632, 'm3-1': 4.8, 'm4-1': 0.801}",2.3309999999999604,183.03,inf,183.807,183.807,183.807
554,TT1,BESTEFFORT,MISSED,m1-1,178.696,"{'m1-1': 2.434, 'm2-1': 1.801, 'm3-1': 5.008, 'm4-1': 0.861}",2.476800000000003,182.148,inf,183.696,183.696,183.696
555,TT4,BESTEFFORT,MISSED,m3-1,179.152,"{'m1-1': 1.766, 'm2-1': 1.347, 'm3-1': 3.974, 'm4-1': 1.002}",3.8393999999999666,182.019,inf,184.152,184.152,184.152
556,TT3,BESTEFFORT,COMPLETED,m4-1,179.471,"{'m1-1': 1.784, 'm2-1': 1.306, 'm3-1': 5.767, 'm4-1': 0.815}",1.2225,182.6689999999999,183.4839999999999,inf,184.671,184.671
557,TT2,BESTEFFORT,MISSED,m1-1,179.703,"{'m1-1': 2.426, 'm2-1': 1.869, 'm3-1': 5.084, 'm4-1': 0.753}",1.771199999999999,183.696,inf,184.803,184.803,184.803
558,TT2,BESTEFFORT,MISSED,m2-1,179.792,"{'m1-1': 2.462, 'm2-1': 1.665, 'm3-1': 4.629, 'm4-1': 0.841}",3.255000000000024,183.807,inf,184.892,184.892,184.892
559,TT3,BESTEFFORT,COMPLETED,m4-1,179.853,"{'m1-1': 1.991, 'm2-1': 1.358, 'm3-1': 5.282, 'm4-1': 1.01}",1.5150000000000001,183.4839999999999,184.4939999999999,inf,185.053,185.053
560,TT2,BESTEFFORT,MISSED,m3-1,180.415,"{'m1-1': 2.063, 'm2-1': 1.999, 'm3-1': 3.642, 'm4-1': 0.915}",2.4533999999999994,184.152,inf,185.515,185.515,185.515
561,TT2,BESTEFFORT,MISSED,m3-1,180.88,"{'m1-1': 1.94, 'm2-1': 1.953, 'm3-1': 3.768, 'm4-1': 0.787}",0.8370000000000062,185.515,inf,185.98,185.98,185.98
562,TT3,BESTEFFORT,MISSED,m1-1,181.494,"{'m1-1': 2.234, 'm2-1': 1.694, 'm3-1': 5.897, 'm4-1': 0.798}",3.025599999999986,184.803,inf,186.694,186.694,186.694
563,TT4,BESTEFFORT,COMPLETED,m4-1,181.623,"{'m1-1': 1.97, 'm2-1': 1.377, 'm3-1': 5.023, 'm4-1': 0.801}",1.2015,184.4939999999999,185.29499999999987,inf,186.623,186.623
564,TT4,BESTEFFORT,MISSED,m3-1,181.838,"{'m1-1': 2.385, 'm2-1': 1.837, 'm3-1': 3.949, 'm4-1': 1.027}",1.5444000000000073,185.98,inf,186.838,186.838,186.838
565,TT1,BESTEFFORT,MISSED,m1-1,181.996,"{'m1-1': 2.142, 'm2-1': 1.418, 'm3-1': 3.676, 'm4-1': 0.699}",0.4832000000000335,186.694,inf,186.996,186.996,186.996
566,TT1,BESTEFFORT,COMPLETED,m2-1,181.996,"{'m1-1': 2.211, 'm2-1': 1.618, 'm3-1': 3.729, 'm4-1': 0.841}",4.854,184.892,186.51,inf,186.996,186.996
567,TT1,BESTEFFORT,COMPLETED,m4-1,182.559,"{'m1-1': 2.066, 'm2-1': 1.417, 'm3-1': 4.354, 'm4-1': 0.817}",1.2254999999999998,185.29499999999987,186.11199999999988,inf,187.559,187.559
568,TT4,BESTEFFORT,MISSED,m2-1,182.775,"{'m1-1': 1.797, 'm2-1': 1.531, 'm3-1': 4.582, 'm4-1': 0.855}",3.7950000000000443,186.51,inf,187.775,187.775,187.775
569,TT1,BESTEFFORT,COMPLETED,m4-1,182.933,"{'m1-1': 2.591, 'm2-1': 1.441, 'm3-1': 4.666, 'm4-1': 0.687}",1.0305,186.11199999999988,186.7989999999999,inf,187.933,187.933
570,TT4,BESTEFFORT,MISSED,m1-1,183.042,"{'m1-1': 2.118, 'm2-1': 1.745, 'm3-1': 4.353, 'm4-1': 1.038}",1.6735999999999878,186.996,inf,188.042,188.042,188.042
571,TT3,BESTEFFORT,MISSED,m3-1,183.292,"{'m1-1': 1.799, 'm2-1': 1.601, 'm3-1': 4.395, 'm4-1': 0.716}",2.9771999999999936,186.838,inf,188.492,188.492,188.492
572,TT1,BESTEFFORT,MISSED,m2-1,183.449,"{'m1-1': 1.976, 'm2-1': 1.762, 'm3-1': 4.136, 'm4-1': 0.74}",2.02200000000002,187.775,inf,188.449,188.449,188.449
573,TT2,BESTEFFORT,COMPLETED,m4-1,184.133,"{'m1-1': 2.209, 'm2-1': 1.777, 'm3-1': 3.669, 'm4-1': 0.958}",1.4369999999999998,186.7989999999999,187.7569999999999,inf,189.233,189.233
574,TT3,BESTEFFORT,MISSED,m1-1,184.424,"{'m1-1': 2.336, 'm2-1': 1.572, 'm3-1': 5.174, 'm4-1': 0.949}",2.53119999999999,188.042,inf,189.624,189.624,189.624
575,TT1,BESTEFFORT,COMPLETED,m4-1,185.319,"{'m1-1': 2.566, 'm2-1': 1.443, 'm3-1': 4.689, 'm4-1': 0.689}",1.0334999999999999,187.7569999999999,188.44599999999988,inf,190.319,190.319
576,TT4,BESTEFFORT,COMPLETED,m4-1,187.611,"{'m1-1': 2.065, 'm2-1': 1.489, 'm3-1': 4.976, 'm4-1': 0.884}",1.326,188.44599999999988,189.32999999999987,inf,192.611,192.611
577,TT1,BESTEFFORT,COMPLETED,m2-1,187.641,"{'m1-1': 2.402, 'm2-1': 1.873, 'm3-1': 4.62, 'm4-1': 0.861}",5.619,188.449,190.322,inf,192.641,192.641
578,TT2,BESTEFFORT,COMPLETED,m4-1,187.884,"{'m1-1': 2.466, 'm2-1': 1.695, 'm3-1': 3.744, 'm4-1': 0.79}",1.185,189.32999999999987,190.11999999999986,inf,192.98399999999998,192.98399999999998
579,TT4,BESTEFFORT,COMPLETED,m2-1,187.996,"{'m1-1': 2.118, 'm2-1': 1.589, 'm3-1': 4.723, 'm4-1': 0.876}",4.7669999999999995,190.322,191.911,inf,192.996,192.996
580,TT4,BESTEFFORT,COMPLETED,m4-1,188.026,"{'m1-1': 2.428, 'm2-1': 1.848, 'm3-1': 3.965, 'm4-1': 0.997}",1.4955,190.11999999999986,191.11699999999988,inf,193.026,193.026
581,TT4,BESTEFFORT,COMPLETED,m1-1,188.124,"{'m1-1': 1.925, 'm2-1': 1.483, 'm3-1': 3.846, 'm4-1': 1.036}",3.08,189.624,191.549,inf,193.124,193.124
582,TT3,BESTEFFORT,MISSED,m3-1,188.384,"{'m1-1': 2.268, 'm2-1': 1.66, 'm3-1': 5.201, 'm4-1': 1.015}",9.165599999999973,188.492,inf,193.58399999999997,193.58399999999997,193.58399999999997
583,TT4,BESTEFFORT,COMPLETED,m4-1,188.513,"{'m1-1': 1.996, 'm2-1': 1.783, 'm3-1': 4.447, 'm4-1': 1.068}",1.602,191.11699999999988,192.1849999999999,inf,193.513,193.513
584,TT2,BESTEFFORT,COMPLETED,m2-1,188.647,"{'m1-1': 1.989, 'm2-1': 1.804, 'm3-1': 5.099, 'm4-1': 0.998}",5.412,191.911,193.715,inf,193.74699999999999,193.74699999999999
585,TT1,BESTEFFORT,COMPLETED,m4-1,189.35,"{'m1-1': 2.36, 'm2-1': 1.659, 'm3-1': 4.347, 'm4-1': 0.716}",1.0739999999999998,192.1849999999999,192.9009999999999,inf,194.35,194.35
586,TT1,BESTEFFORT,COMPLETED,m1-1,189.971,"{'m1-1': 2.145, 'm2-1': 1.885, 'm3-1': 4.746, 'm4-1': 0.849}",3.4320000000000004,191.549,193.69400000000002,inf,194.971,194.971
587,TT3,BESTEFFORT,COMPLETED,m4-1,190.281,"{'m1-1': 2.271, 'm2-1': 1.301, 'm3-1': 5.959, 'm4-1': 0.938}",1.407,192.9009999999999,193.83899999999988,inf,195.481,195.481
588,TT3,BESTEFFORT,COMPLETED,m2-1,190.409,"{'m1-1': 2.277, 'm2-1': 1.583, 'm3-1': 5.28, 'm4-1': 0.815}",4.749,193.715,195.298,inf,195.60899999999998,195.60899999999998
589,TT1,BESTEFFORT,MISSED,m1-1,190.413,"{'m1-1': 2.167, 'm2-1': 1.479, 'm3-1': 3.633, 'm4-1': 0.667}",2.7503999999999906,193.69400000000002,inf,195.413,195.413,195.413
590,TT3,BESTEFFORT,MISSED,m2-1,190.414,"{'m1-1': 1.816, 'm2-1': 1.594, 'm3-1': 5.9, 'm4-1': 0.986}",0.9479999999999222,195.298,inf,195.61399999999998,195.61399999999998,195.61399999999998
591,TT4,BESTEFFORT,MISSED,m1-1,190.62,"{'m1-1': 2.152, 'm2-1': 1.551, 'm3-1': 4.711, 'm4-1': 0.939}",0.33119999999998984,195.413,inf,195.62,195.62,195.62
592,TT2,BESTEFFORT,MISSED,m3-1,190.879,"{'m1-1': 2.121, 'm2-1': 1.99, 'm3-1': 4.175, 'm4-1': 0.961}",4.311000000000019,193.58399999999997,inf,195.97899999999998,195.97899999999998,195.97899999999998
593,TT3,BESTEFFORT,MISSED,m3-1,191.02,"{'m1-1': 1.856, 'm2-1': 1.727, 'm3-1': 5.567, 'm4-1': 0.832}",0.433800000000025,195.97899999999998,inf,196.22,196.22,196.22
594,TT2,BESTEFFORT,MISSED,m3-1,191.102,"{'m1-1': 2.535, 'm2-1': 1.823, 'm3-1': 3.783, 'm4-1': 0.807}",0.0,196.22,inf,196.22,196.202,196.202
595,TT3,BESTEFFORT,COMPLETED,m4-1,192.335,"{'m1-1': 2.164, 'm2-1': 1.516, 'm3-1': 5.523, 'm4-1': 0.954}",1.431,193.83899999999988,194.7929999999999,inf,197.535,197.535
596,TT2,BESTEFFORT,COMPLETED,m4-1,192.649,"{'m1-1': 2.549, 'm2-1': 1.823, 'm3-1': 5.003, 'm4-1': 0.833}",1.2494999999999998,194.7929999999999,195.6259999999999,inf,197.749,197.749
597,TT1,BESTEFFORT,COMPLETED,m4-1,192.964,"{'m1-1': 2.269, 'm2-1': 1.869, 'm3-1': 4.465, 'm4-1': 0.71}",1.065,195.6259999999999,196.3359999999999,inf,197.964,197.964
598,TT4,BESTEFFORT,COMPLETED,m2-1,193.496,"{'m1-1': 1.916, 'm2-1': 1.537, 'm3-1': 4.749, 'm4-1': 1.061}",4.611,195.61399999999998,197.15099999999998,inf,198.496,198.496
599,TT4,BESTEFFORT,COMPLETED,m4-1,193.854,"{'m1-1': 1.958, 'm2-1': 1.665, 'm3-1': 4.662, 'm4-1': 0.935}",1.4025,196.3359999999999,197.2709999999999,inf,198.854,198.854
600,TT2,BESTEFFORT,COMPLETED,m1-1,194.681,"{'m1-1': 2.334, 'm2-1': 1.554, 'm3-1': 4.313, 'm4-1': 0.722}",3.7344000000000004,195.62,197.954,inf,199.781,199.781
601,TT1,BESTEFFORT,COMPLETED,m4-1,195.188,"{'m1-1': 2.428, 'm2-1': 1.921, 'm3-1': 4.217, 'm4-1': 0.747}",1.1205,197.2709999999999,198.01799999999992,inf,200.188,200.188
602,TT1,BESTEFFORT,COMPLETED,m2-1,195.224,"{'m1-1': 2.563, 'm2-1': 1.613, 'm3-1': 4.252, 'm4-1': 0.791}",4.839,197.15099999999998,198.76399999999998,inf,200.224,200.224
603,TT4,BESTEFFORT,COMPLETED,m1-1,195.44,"{'m1-1': 2.121, 'm2-1': 1.75, 'm3-1': 4.204, 'm4-1': 0.884}",3.3936,197.954,200.07500000000002,inf,200.44,200.44
604,TT3,BESTEFFORT,COMPLETED,m2-1,195.514,"{'m1-1': 2.325, 'm2-1': 1.651, 'm3-1': 4.335, 'm4-1': 0.871}",4.953,198.76399999999998,200.415,inf,200.714,200.714
605,TT4,BESTEFFORT,MISSED,m3-1,195.59,"{'m1-1': 1.996, 'm2-1': 1.415, 'm3-1': 5.016, 'm4-1': 0.908}",7.8660000000000085,196.22,inf,200.59,200.59,200.59
606,TT2,BESTEFFORT,COMPLETED,m4-1,195.965,"{'m1-1': 2.59, 'm2-1': 1.836, 'm3-1': 4.504, 'm4-1': 0.923}",1.3845,198.01799999999992,198.94099999999992,inf,201.065,201.065
607,TT4,BESTEFFORT,COMPLETED,m4-1,196.365,"{'m1-1': 2.062, 'm2-1': 1.386, 'm3-1': 4.664, 'm4-1': 0.773}",1.1595,198.94099999999992,199.7139999999999,inf,201.365,201.365
608,TT3,BESTEFFORT,COMPLETED,m1-1,196.898,"{'m1-1': 1.785, 'm2-1': 1.438, 'm3-1': 5.469, 'm4-1': 0.808}",2.856,200.07500000000002,201.86,inf,202.09799999999998,202.09799999999998
609,TT4,BESTEFFORT,MISSED,m2-1,196.954,"{'m1-1': 2.312, 'm2-1': 1.853, 'm3-1': 4.802, 'm4-1': 1.022}",4.617000000000047,200.415,inf,201.954,201.954,201.954
610,TT1,BESTEFFORT,COMPLETED,m4-1,197.384,"{'m1-1': 2.309, 'm2-1': 1.651, 'm3-1': 4.548, 'm4-1': 0.758}",1.137,199.7139999999999,200.47199999999992,inf,202.384,202.384
611,TT4,BESTEFFORT,MISSED,m2-1,197.452,"{'m1-1': 2.037, 'm2-1': 1.383, 'm3-1': 4.138, 'm4-1': 1.054}",1.4939999999999714,201.954,inf,202.452,202.452,202.452
612,TT1,BESTEFFORT,MISSED,m1-1,197.468,"{'m1-1': 1.988, 'm2-1': 1.505, 'm3-1': 4.33, 'm4-1': 0.823}",0.9727999999999611,201.86,inf,202.468,202.468,202.468
613,TT3,BESTEFFORT,MISSED,m3-1,197.786,"{'m1-1': 2.132, 'm2-1': 1.623, 'm3-1': 5.306, 'm4-1': 0.838}",4.312799999999976,200.59,inf,202.986,202.986,202.986
614,TT3,BESTEFFORT,COMPLETED,m4-1,198.068,"{'m1-1': 2.153, 'm2-1': 1.422, 'm3-1': 4.467, 'm4-1': 0.757}",1.1355,200.47199999999992,201.22899999999993,inf,203.268,203.268
615,TT1,BESTEFFORT,MISSED,m1-1,198.215,"{'m1-1': 1.976, 'm2-1': 1.836, 'm3-1': 4.529, 'm4-1': 0.843}",1.1952000000000227,202.468,inf,203.215,203.215,203.215
616,TT3,BESTEFFORT,MISSED,m3-1,198.503,"{'m1-1': 2.269, 'm2-1': 1.726, 'm3-1': 5.675, 'm4-1': 0.732}",1.2905999999999722,202.986,inf,203.70299999999997,203.70299999999997,203.70299999999997
617,TT2,BESTEFFORT,MISSED,m3-1,198.565,"{'m1-1': 2.565, 'm2-1': 2.069, 'm3-1': 4.995, 'm4-1': 0.967}",0.0,203.70299999999997,inf,203.70299999999997,203.665,203.665
618,TT4,BESTEFFORT,MISSED,m2-1,198.598,"{'m1-1': 2.412, 'm2-1': 1.692, 'm3-1': 3.791, 'm4-1': 1.055}",3.438000000000045,202.452,inf,203.598,203.598,203.598
619,TT4,BESTEFFORT,COMPLETED,m4-1,198.944,"{'m1-1': 2.195, 'm2-1': 1.584, 'm3-1': 4.258, 'm4-1': 0.79}",1.185,201.22899999999993,202.01899999999992,inf,203.944,203.944
620,TT2,BESTEFFORT,COMPLETED,m4-1,199.045,"{'m1-1': 2.416, 'm2-1': 1.532, 'm3-1': 4.695, 'm4-1': 0.74}",1.1099999999999999,202.01899999999992,202.75899999999993,inf,204.14499999999998,204.14499999999998
621,TT2,BESTEFFORT,MISSED,m1-1,199.214,"{'m1-1': 2.198, 'm2-1': 1.821, 'm3-1': 4.004, 'm4-1': 0.719}",1.7583999999999833,203.215,inf,204.314,204.314,204.314
622,TT3,BESTEFFORT,COMPLETED,m2-1,200.351,"{'m1-1': 1.96, 'm2-1': 1.516, 'm3-1': 5.615, 'm4-1': 0.886}",4.548,203.598,205.114,inf,205.551,205.551
623,TT3,BESTEFFORT,COMPLETED,m4-1,200.425,"{'m1-1': 2.083, 'm2-1': 1.431, 'm3-1': 5.74, 'm4-1': 0.723}",1.0845,202.75899999999993,203.48199999999994,inf,205.625,205.625
624,TT1,BESTEFFORT,MISSED,m3-1,200.516,"{'m1-1': 2.558, 'm2-1': 1.585, 'm3-1': 4.717, 'm4-1': 0.791}",3.26340000000003,203.70299999999997,inf,205.516,205.516,205.516
625,TT1,BESTEFFORT,COMPLETED,m4-1,200.522,"{'m1-1': 2.197, 'm2-1': 1.848, 'm3-1': 4.059, 'm4-1': 0.621}",0.9315,203.48199999999994,204.10299999999995,inf,205.522,205.522
626,TT4,BESTEFFORT,MISSED,m1-1,200.538,"{'m1-1': 1.869, 'm2-1': 1.753, 'm3-1': 4.615, 'm4-1': 0.861}",1.9584000000000288,204.314,inf,205.538,205.538,205.538
627,TT2,BESTEFFORT,MISSED,m2-1,200.854,"{'m1-1': 2.118, 'm2-1': 1.567, 'm3-1': 4.56, 'm4-1': 0.899}",2.5200000000000102,205.114,inf,205.954,205.954,205.954
628,TT2,BESTEFFORT,COMPLETED,m4-1,201.223,"{'m1-1': 2.028, 'm2-1': 1.536, 'm3-1': 4.472, 'm4-1': 0.828}",1.242,204.10299999999995,204.93099999999995,inf,206.323,206.323
629,TT4,BESTEFFORT,MISSED,m2-1,202.059,"{'m1-1': 1.966, 'm2-1': 1.719, 'm3-1': 4.403, 'm4-1': 1.05}",3.3149999999999693,205.954,inf,207.059,207.059,207.059
630,TT4,BESTEFFORT,COMPLETED,m4-1,202.906,"{'m1-1': 2.427, 'm2-1': 1.343, 'm3-1': 4.887, 'm4-1': 0.946}",1.419,204.93099999999995,205.87699999999995,inf,207.906,207.906
631,TT3,BESTEFFORT,COMPLETED,m4-1,203.728,"{'m1-1': 1.976, 'm2-1': 1.448, 'm3-1': 4.502, 'm4-1': 0.947}",1.4204999999999999,205.87699999999995,206.82399999999996,inf,208.928,208.928
632,TT2,BESTEFFORT,COMPLETED,m1-1,203.756,"{'m1-1': 2.632, 'm2-1': 1.825, 'm3-1': 4.677, 'm4-1': 0.918}",4.211200000000001,205.538,208.17000000000002,inf,208.856,208.856
633,TT3,BESTEFFORT,COMPLETED,m2-1,203.976,"{'m1-1': 1.741, 'm2-1': 1.516, 'm3-1': 4.753, 'm4-1': 0.944}",4.548,207.059,208.575,inf,209.176,209.176
634,TT4,BESTEFFORT,COMPLETED,m4-1,204.18,"{'m1-1': 2.367, 'm2-1': 1.753, 'm3-1': 5.124, 'm4-1': 0.936}",1.4040000000000001,206.82399999999996,207.75999999999996,inf,209.18,209.18
635,TT3,BESTEFFORT,MISSED,m1-1,204.799,"{'m1-1': 2.02, 'm2-1': 1.299, 'm3-1': 5.23, 'm4-1': 0.907}",2.9263999999999672,208.17000000000002,inf,209.999,209.999,209.999
636,TT2,BESTEFFORT,COMPLETED,m4-1,205.55,"{'m1-1': 2.218, 'm2-1': 2.039, 'm3-1': 4.555, 'm4-1': 0.968}",1.452,207.75999999999996,208.72799999999995,inf,210.65,210.65
637,TT2,BESTEFFORT,COMPLETED,m4-1,206.427,"{'m1-1': 1.893, 'm2-1': 1.565, 'm3-1': 3.681, 'm4-1': 0.84}",1.26,208.72799999999995,209.56799999999996,inf,211.527,211.527
638,TT1,BESTEFFORT,COMPLETED,m4-1,207.014,"{'m1-1': 2.482, 'm2-1': 1.829, 'm3-1': 4.241, 'm4-1': 0.658}",0.9870000000000001,209.56799999999996,210.22599999999994,inf,212.014,212.014
639,TT1,BESTEFFORT,COMPLETED,m2-1,207.152,"{'m1-1': 2.466, 'm2-1': 1.853, 'm3-1': 4.505, 'm4-1': 0.833}",5.559,208.575,210.428,inf,212.152,212.152
640,TT1,BESTEFFORT,COMPLETED,m3-1,207.175,"{'m1-1': 2.422, 'm2-1': 1.469, 'm3-1': 4.674, 'm4-1': 0.675}",8.413200000000002,207.175,211.84900000000002,inf,212.175,212.175
641,TT1,BESTEFFORT,COMPLETED,m1-1,207.211,"{'m1-1': 2.12, 'm2-1': 1.825, 'm3-1': 3.619, 'm4-1': 0.843}",3.3920000000000003,209.999,212.119,inf,212.211,212.211
642,TT4,BESTEFFORT,COMPLETED,m2-1,207.441,"{'m1-1': 1.935, 'm2-1': 1.358, 'm3-1': 4.734, 'm4-1': 0.946}",4.074,210.428,211.786,inf,212.441,212.441
643,TT4,BESTEFFORT,MISSED,m1-1,207.484,"{'m1-1': 1.827, 'm2-1': 1.349, 'm3-1': 4.779, 'm4-1': 0.876}",0.5840000000000146,212.119,inf,212.484,212.484,212.484
644,TT1,BESTEFFORT,COMPLETED,m4-1,208.284,"{'m1-1': 1.99, 'm2-1': 1.519, 'm3-1': 3.664, 'm4-1': 0.724}",1.0859999999999999,210.22599999999994,210.94999999999993,inf,213.284,213.284
645,TT3,BESTEFFORT,COMPLETED,m4-1,208.779,"{'m1-1': 1.973, 'm2-1': 1.527, 'm3-1': 5.345, 'm4-1': 0.904}",1.356,210.94999999999993,211.85399999999993,inf,213.97899999999998,213.97899999999998
646,TT1,BESTEFFORT,COMPLETED,m2-1,208.92,"{'m1-1': 2.455, 'm2-1': 1.98, 'm3-1': 3.832, 'm4-1': 0.704}",5.9399999999999995,211.786,213.766,inf,213.92,213.92
647,TT3,BESTEFFORT,MISSED,m1-1,208.939,"{'m1-1': 1.822, 'm2-1': 1.381, 'm3-1': 5.212, 'm4-1': 0.828}",2.6479999999999566,212.484,inf,214.13899999999998,214.13899999999998,214.13899999999998
648,TT3,BESTEFFORT,MISSED,m2-1,209.048,"{'m1-1': 2.091, 'm2-1': 1.694, 'm3-1': 4.477, 'm4-1': 0.748}",1.445999999999998,213.766,inf,214.248,214.248,214.248
649,TT1,BESTEFFORT,MISSED,m3-1,209.086,"{'m1-1': 2.026, 'm2-1': 1.856, 'm3-1': 3.624, 'm4-1': 0.86}",4.02659999999999,211.84900000000002,inf,214.086,214.086,214.086
650,TT2,BESTEFFORT,MISSED,m3-1,209.43,"{'m1-1': 2.548, 'm2-1': 1.52, 'm3-1': 4.623, 'm4-1': 0.912}",0.7991999999999791,214.086,inf,214.53,214.53,214.53
651,TT4,BESTEFFORT,MISSED,m3-1,209.553,"{'m1-1': 2.162, 'm2-1': 1.434, 'm3-1': 4.164, 'm4-1': 1.012}",0.041399999999993047,214.53,inf,214.553,214.553,214.553
652,TT3,BESTEFFORT,COMPLETED,m4-1,209.679,"{'m1-1': 2.218, 'm2-1': 1.741, 'm3-1': 4.623, 'm4-1': 0.757}",1.1355,211.85399999999993,212.61099999999993,inf,214.879,214.879
653,TT4,BESTEFFORT,MISSED,m1-1,209.827,"{'m1-1': 2.28, 'm2-1': 1.442, 'm3-1': 3.917, 'm4-1': 0.947}",1.1008000000000266,214.13899999999998,inf,214.827,214.827,214.827
654,TT1,BESTEFFORT,COMPLETED,m4-1,210.449,"{'m1-1': 2.465, 'm2-1': 1.517, 'm3-1': 4.896, 'm4-1': 0.853}",1.2795,212.61099999999993,213.46399999999994,inf,215.449,215.449
655,TT1,BESTEFFORT,COMPLETED,m4-1,210.972,"{'m1-1': 2.012, 'm2-1': 1.73, 'm3-1': 4.298, 'm4-1': 0.659}",0.9885,213.46399999999994,214.12299999999993,inf,215.972,215.972
656,TT1,BESTEFFORT,COMPLETED,m2-1,211.369,"{'m1-1': 2.466, 'm2-1': 1.929, 'm3-1': 3.863, 'm4-1': 0.676}",5.787,214.248,216.177,inf,216.369,216.369
657,TT1,BESTEFFORT,MISSED,m2-1,211.452,"{'m1-1': 1.946, 'm2-1': 1.704, 'm3-1': 3.624, 'm4-1': 0.775}",0.825000000000017,216.177,inf,216.452,216.452,216.452
658,TT4,BESTEFFORT,MISSED,m3-1,211.529,"{'m1-1': 2.324, 'm2-1': 1.522, 'm3-1': 4.01, 'm4-1': 0.921}",3.5567999999999986,214.553,inf,216.529,216.529,216.529
659,TT2,BESTEFFORT,COMPLETED,m4-1,211.772,"{'m1-1': 1.913, 'm2-1': 1.944, 'm3-1': 4.151, 'm4-1': 0.736}",1.104,214.12299999999993,214.85899999999992,inf,216.87199999999999,216.87199999999999
660,TT3,BESTEFFORT,COMPLETED,m1-1,212.576,"{'m1-1': 1.807, 'm2-1': 1.682, 'm3-1': 4.247, 'm4-1': 0.827}",2.8912,214.827,216.634,inf,217.77599999999998,217.77599999999998
661,TT4,BESTEFFORT,COMPLETED,m4-1,212.99,"{'m1-1': 2.152, 'm2-1': 1.75, 'm3-1': 5.138, 'm4-1': 0.917}",1.3755000000000002,214.85899999999992,215.77599999999993,inf,217.99,217.99
662,TT2,BESTEFFORT,COMPLETED,m4-1,213.649,"{'m1-1': 2.2, 'm2-1': 2.026, 'm3-1': 3.71, 'm4-1': 0.801}",1.2015,215.77599999999993,216.5769999999999,inf,218.749,218.749
663,TT1,BESTEFFORT,COMPLETED,m2-1,213.931,"{'m1-1': 2.144, 'm2-1': 1.515, 'm3-1': 4.724, 'm4-1': 0.641}",4.545,216.452,217.96699999999998,inf,218.931,218.931
664,TT3,BESTEFFORT,COMPLETED,m4-1,214.468,"{'m1-1': 1.882, 'm2-1': 1.347, 'm3-1': 4.874, 'm4-1': 1.013}",1.5194999999999999,216.5769999999999,217.58999999999992,inf,219.66799999999998,219.66799999999998
665,TT2,BESTEFFORT,COMPLETED,m1-1,214.583,"{'m1-1': 2.112, 'm2-1': 1.695, 'm3-1': 4.495, 'm4-1': 0.84}",3.3792000000000004,216.634,218.74599999999998,inf,219.683,219.683
666,TT2,BESTEFFORT,COMPLETED,m2-1,214.654,"{'m1-1': 2.368, 'm2-1': 1.773, 'm3-1': 3.94, 'm4-1': 0.848}",5.319,217.96699999999998,219.73999999999998,inf,219.754,219.754
667,TT4,BESTEFFORT,MISSED,m3-1,214.731,"{'m1-1': 2.408, 'm2-1': 1.693, 'm3-1': 4.939, 'm4-1': 0.796}",5.763599999999997,216.529,inf,219.731,219.731,219.731
668,TT4,BESTEFFORT,COMPLETED,m4-1,214.873,"{'m1-1': 2.245, 'm2-1': 1.737, 'm3-1': 4.208, 'm4-1': 0.876}",1.314,217.58999999999992,218.46599999999992,inf,219.873,219.873
669,TT1,BESTEFFORT,COMPLETED,m4-1,216.064,"{'m1-1': 2.491, 'm2-1': 1.898, 'm3-1': 4.658, 'm4-1': 0.614}",0.921,218.46599999999992,219.07999999999993,inf,221.064,221.064
670,TT2,BESTEFFORT,COMPLETED,m1-1,216.112,"{'m1-1': 2.181, 'm2-1': 1.721, 'm3-1': 5.114, 'm4-1': 0.956}",3.4896000000000003,218.74599999999998,220.927,inf,221.212,221.212
671,TT1,BESTEFFORT,COMPLETED,m2-1,216.369,"{'m1-1': 2.099, 'm2-1': 1.485, 'm3-1': 3.627, 'm4-1': 0.627}",4.455,219.73999999999998,221.225,inf,221.369,221.369
672,TT3,BESTEFFORT,COMPLETED,m4-1,216.729,"{'m1-1': 2.138, 'm2-1': 1.273, 'm3-1': 5.146, 'm4-1': 0.86}",1.29,219.07999999999993,219.93999999999994,inf,221.929,221.929
673,TT1,BESTEFFORT,MISSED,m2-1,217.196,"{'m1-1': 2.622, 'm2-1': 1.819, 'm3-1': 4.025, 'm4-1': 0.678}",2.913000000000011,221.225,inf,222.196,222.196,222.196
674,TT2,BESTEFFORT,MISSED,m1-1,217.527,"{'m1-1': 2.545, 'm2-1': 1.575, 'm3-1': 4.088, 'm4-1': 0.899}",2.719999999999982,220.927,inf,222.62699999999998,222.62699999999998,222.62699999999998
675,TT3,BESTEFFORT,COMPLETED,m4-1,217.788,"{'m1-1': 1.978, 'm2-1': 1.385, 'm3-1': 4.265, 'm4-1': 1.009}",1.5134999999999998,219.93999999999994,220.94899999999993,inf,222.988,222.988
676,TT1,BESTEFFORT,MISSED,m2-1,218.305,"{'m1-1': 2.325, 'm2-1': 1.445, 'm3-1': 4.437, 'm4-1': 0.668}",3.3270000000000266,222.196,inf,223.305,223.305,223.305
677,TT2,BESTEFFORT,COMPLETED,m4-1,218.533,"{'m1-1': 2.514, 'm2-1': 1.787, 'm3-1': 4.764, 'm4-1': 0.72}",1.08,220.94899999999993,221.66899999999993,inf,223.63299999999998,223.63299999999998
678,TT3,BESTEFFORT,MISSED,m1-1,218.654,"{'m1-1': 1.824, 'm2-1': 1.52, 'm3-1': 4.68, 'm4-1': 0.723}",1.9632000000000063,222.62699999999998,inf,223.85399999999998,223.85399999999998,223.85399999999998
679,TT3,BESTEFFORT,MISSED,m3-1,218.886,"{'m1-1': 1.842, 'm2-1': 1.317, 'm3-1': 5.56, 'm4-1': 0.836}",7.838999999999982,219.731,inf,224.08599999999998,224.08599999999998,224.08599999999998
680,TT1,BESTEFFORT,COMPLETED,m4-1,219.141,"{'m1-1': 2.572, 'm2-1': 1.87, 'm3-1': 5.008, 'm4-1': 0.612}",0.9179999999999999,221.66899999999993,222.28099999999992,inf,224.141,224.141
681,TT4,BESTEFFORT,MISSED,m1-1,219.447,"{'m1-1': 1.824, 'm2-1': 1.429, 'm3-1': 4.159, 'm4-1': 0.837}",0.9488000000000284,223.85399999999998,inf,224.447,224.447,224.447
682,TT3,BESTEFFORT,MISSED,m3-1,219.516,"{'m1-1': 2.255, 'm2-1': 1.484, 'm3-1': 4.882, 'm4-1': 0.893}",1.133999999999992,224.08599999999998,inf,224.71599999999998,224.71599999999998,224.71599999999998
683,TT4,BESTEFFORT,MISSED,m3-1,219.731,"{'m1-1': 2.173, 'm2-1': 1.487, 'm3-1': 4.377, 'm4-1': 0.771}",0.027000000000026603,224.71599999999998,inf,224.731,224.731,224.731
684,TT3,BESTEFFORT,COMPLETED,m2-1,219.928,"{'m1-1': 2.178, 'm2-1': 1.384, 'm3-1': 5.46, 'm4-1': 0.971}",4.151999999999999,223.305,224.689,inf,225.128,225.128
685,TT4,BESTEFFORT,COMPLETED,m4-1,220.407,"{'m1-1': 2.34, 'm2-1': 1.666, 'm3-1': 4.183, 'm4-1': 0.879}",1.3185,222.28099999999992,223.1599999999999,inf,225.407,225.407
686,TT4,BESTEFFORT,COMPLETED,m4-1,221.292,"{'m1-1': 1.989, 'm2-1': 1.812, 'm3-1': 5.001, 'm4-1': 0.757}",1.1355,223.1599999999999,223.91699999999992,inf,226.292,226.292
687,TT3,BESTEFFORT,COMPLETED,m1-1,221.392,"{'m1-1': 2.094, 'm2-1': 1.775, 'm3-1': 4.279, 'm4-1': 0.8}",3.3504,224.447,226.541,inf,226.59199999999998,226.59199999999998
688,TT2,BESTEFFORT,COMPLETED,m4-1,221.705,"{'m1-1': 2.401, 'm2-1': 1.74, 'm3-1': 3.978, 'm4-1': 0.841}",1.2614999999999998,223.91699999999992,224.75799999999992,inf,226.805,226.805
689,TT3,BESTEFFORT,COMPLETED,m4-1,223.516,"{'m1-1': 2.031, 'm2-1': 1.624, 'm3-1': 4.62, 'm4-1': 0.782}",1.173,224.75799999999992,225.53999999999994,inf,228.71599999999998,228.71599999999998
690,TT3,BESTEFFORT,COMPLETED,m4-1,224.041,"{'m1-1': 2.267, 'm2-1': 1.54, 'm3-1': 5.958, 'm4-1': 0.927}",1.3905,225.53999999999994,226.46699999999993,inf,229.24099999999999,229.24099999999999
691,TT3,BESTEFFORT,COMPLETED,m2-1,224.75,"{'m1-1': 1.837, 'm2-1': 1.485, 'm3-1': 4.637, 'm4-1': 0.865}",4.455,224.75,226.235,inf,229.95,229.95
692,TT4,BESTEFFORT,COMPLETED,m4-1,225.274,"{'m1-1': 1.852, 'm2-1': 1.646, 'm3-1': 4.183, 'm4-1': 0.96}",1.44,226.46699999999993,227.42699999999994,inf,230.274,230.274
693,TT3,BESTEFFORT,COMPLETED,m2-1,225.317,"{'m1-1': 2.077, 'm2-1': 1.675, 'm3-1': 5.568, 'm4-1': 0.998}",5.025,226.235,227.91000000000003,inf,230.517,230.517
694,TT4,BESTEFFORT,COMPLETED,m4-1,226.053,"{'m1-1': 2.387, 'm2-1': 1.753, 'm3-1': 4.592, 'm4-1': 1.032}",1.548,227.42699999999994,228.45899999999995,inf,231.053,231.053
695,TT1,BESTEFFORT,COMPLETED,m1-1,226.483,"{'m1-1': 2.576, 'm2-1': 1.469, 'm3-1': 4.707, 'm4-1': 0.772}",4.1216,226.541,229.117,inf,231.483,231.483
696,TT3,BESTEFFORT,COMPLETED,m4-1,226.711,"{'m1-1': 1.957, 'm2-1': 1.686, 'm3-1': 4.863, 'm4-1': 0.748}",1.1219999999999999,228.45899999999995,229.20699999999994,inf,231.911,231.911
697,TT3,BESTEFFORT,COMPLETED,m2-1,226.753,"{'m1-1': 2.266, 'm2-1': 1.742, 'm3-1': 4.507, 'm4-1': 0.851}",5.226,227.91000000000003,229.65200000000002,inf,231.95299999999997,231.95299999999997
698,TT3,BESTEFFORT,COMPLETED,m4-1,226.924,"{'m1-1': 1.838, 'm2-1': 1.783, 'm3-1': 4.459, 'm4-1': 0.839}",1.2585,229.20699999999994,230.04599999999994,inf,232.124,232.124
699,TT2,BESTEFFORT,COMPLETED,m3-1,226.997,"{'m1-1': 2.379, 'm2-1': 2.113, 'm3-1': 4.58, 'm4-1': 0.852}",8.244,226.997,231.57700000000003,inf,232.097,232.097
700,TT4,BESTEFFORT,COMPLETED,m1-1,227.372,"{'m1-1': 2.327, 'm2-1': 1.551, 'm3-1': 4.787, 'm4-1': 0.933}",3.7232000000000003,229.117,231.444,inf,232.372,232.372
701,TT4,BESTEFFORT,COMPLETED,m2-1,227.374,"{'m1-1': 2.07, 'm2-1': 1.633, 'm3-1': 4.1, 'm4-1': 1.045}",4.899,229.65200000000002,231.28500000000003,inf,232.374,232.374
702,TT4,BESTEFFORT,COMPLETED,m4-1,227.479,"{'m1-1': 2.079, 'm2-1': 1.728, 'm3-1': 5.094, 'm4-1': 0.983}",1.4745,230.04599999999994,231.02899999999994,inf,232.479,232.479
703,TT3,BESTEFFORT,MISSED,m1-1,227.629,"{'m1-1': 2.028, 'm2-1': 1.321, 'm3-1': 4.507, 'm4-1': 0.773}",2.2159999999999855,231.444,inf,232.82899999999998,232.82899999999998,232.82899999999998
704,TT1,BESTEFFORT,MISSED,m2-1,227.723,"{'m1-1': 2.273, 'm2-1': 1.741, 'm3-1': 3.993, 'm4-1': 0.671}",4.3139999999999645,231.28500000000003,inf,232.723,232.723,232.723
705,TT4,BESTEFFORT,COMPLETED,m4-1,228.82,"{'m1-1': 1.789, 'm2-1': 1.729, 'm3-1': 4.036, 'm4-1': 0.977}",1.4655,231.02899999999994,232.00599999999994,inf,233.82,233.82
706,TT2,BESTEFFORT,COMPLETED,m4-1,229.513,"{'m1-1': 1.873, 'm2-1': 1.801, 'm3-1': 4.001, 'm4-1': 0.829}",1.2435,232.00599999999994,232.83499999999995,inf,234.613,234.613
707,TT4,BESTEFFORT,COMPLETED,m2-1,229.701,"{'m1-1': 2.373, 'm2-1': 1.376, 'm3-1': 4.386, 'm4-1': 0.98}",4.128,232.723,234.09900000000002,inf,234.701,234.701
708,TT1,BESTEFFORT,MISSED,m1-1,229.839,"{'m1-1': 2.014, 'm2-1': 1.452, 'm3-1': 4.616, 'm4-1': 0.687}",3.2160000000000313,232.82899999999998,inf,234.839,234.839,234.839
709,TT2,BESTEFFORT,MISSED,m3-1,230.02,"{'m1-1': 2.34, 'm2-1': 1.776, 'm3-1': 4.416, 'm4-1': 0.778}",6.377399999999961,231.57700000000003,inf,235.12,235.12,235.12
710,TT1,BESTEFFORT,COMPLETED,m4-1,230.987,"{'m1-1': 1.878, 'm2-1': 1.626, 'm3-1': 3.607, 'm4-1': 0.618}",0.927,232.83499999999995,233.45299999999995,inf,235.987,235.987
711,TT3,BESTEFFORT,COMPLETED,m4-1,231.347,"{'m1-1': 2.015, 'm2-1': 1.645, 'm3-1': 4.834, 'm4-1': 0.962}",1.443,233.45299999999995,234.41499999999994,inf,236.547,236.547
712,TT3,BESTEFFORT,COMPLETED,m2-1,231.617,"{'m1-1': 2.08, 'm2-1': 1.492, 'm3-1': 4.441, 'm4-1': 0.841}",4.476,234.09900000000002,235.591,inf,236.81699999999998,236.81699999999998
713,TT1,BESTEFFORT,COMPLETED,m1-1,231.818,"{'m1-1': 1.904, 'm2-1': 1.809, 'm3-1': 4.782, 'm4-1': 0.696}",3.0464,234.839,236.743,inf,236.818,236.818
714,TT2,BESTEFFORT,COMPLETED,m4-1,232.348,"{'m1-1': 2.557, 'm2-1': 1.942, 'm3-1': 4.501, 'm4-1': 0.809}",1.2135,234.41499999999994,235.22399999999993,inf,237.448,237.448
715,TT4,BESTEFFORT,COMPLETED,m4-1,232.997,"{'m1-1': 2.283, 'm2-1': 1.889, 'm3-1': 4.554, 'm4-1': 0.878}",1.317,235.22399999999993,236.10199999999992,inf,237.997,237.997
716,TT4,BESTEFFORT,COMPLETED,m2-1,233.014,"{'m1-1': 1.79, 'm2-1': 1.75, 'm3-1': 4.271, 'm4-1': 0.929}",5.25,235.591,237.341,inf,238.014,238.014
717,TT1,BESTEFFORT,MISSED,m1-1,233.171,"{'m1-1': 1.906, 'm2-1': 1.738, 'm3-1': 3.847, 'm4-1': 0.801}",2.2847999999999957,236.743,inf,238.171,238.171,238.171
718,TT2,BESTEFFORT,COMPLETED,m4-1,233.488,"{'m1-1': 2.582, 'm2-1': 1.987, 'm3-1': 3.804, 'm4-1': 0.92}",1.3800000000000001,236.10199999999992,237.0219999999999,inf,238.588,238.588
719,TT1,BESTEFFORT,MISSED,m2-1,234.079,"{'m1-1': 2.308, 'm2-1': 1.946, 'm3-1': 4.078, 'm4-1': 0.816}",5.213999999999999,237.341,inf,239.079,239.079,239.079
720,TT3,BESTEFFORT,COMPLETED,m4-1,235.393,"{'m1-1': 2.057, 'm2-1': 1.52, 'm3-1': 5.09, 'm4-1': 0.945}",1.4175,237.0219999999999,237.9669999999999,inf,240.593,240.593
721,TT4,BESTEFFORT,COMPLETED,m4-1,235.431,"{'m1-1': 2.326, 'm2-1': 1.864, 'm3-1': 4.33, 'm4-1': 0.996}",1.494,237.9669999999999,238.9629999999999,inf,240.431,240.431
722,TT4,BESTEFFORT,COMPLETED,m3-1,235.628,"{'m1-1': 2.196, 'm2-1': 1.427, 'm3-1': 4.38, 'm4-1': 1.031}",7.884,235.628,240.00799999999998,inf,240.628,240.628
723,TT1,BESTEFFORT,COMPLETED,m1-1,235.996,"{'m1-1': 2.011, 'm2-1': 1.796, 'm3-1': 3.668, 'm4-1': 0.695}",3.2176000000000005,238.171,240.182,inf,240.996,240.996
724,TT2,BESTEFFORT,COMPLETED,m4-1,236.824,"{'m1-1': 2.076, 'm2-1': 1.556, 'm3-1': 4.581, 'm4-1': 0.774}",1.161,238.9629999999999,239.7369999999999,inf,241.924,241.924
725,TT3,BESTEFFORT,COMPLETED,m2-1,236.911,"{'m1-1': 2.276, 'm2-1': 1.497, 'm3-1': 5.853, 'm4-1': 0.718}",4.4910000000000005,239.079,240.57600000000002,inf,242.111,242.111
726,TT4,BESTEFFORT,COMPLETED,m4-1,237.197,"{'m1-1': 2.421, 'm2-1': 1.89, 'm3-1': 5.001, 'm4-1': 0.897}",1.3455,239.7369999999999,240.6339999999999,inf,242.197,242.197
727,TT1,BESTEFFORT,MISSED,m2-1,237.321,"{'m1-1': 2.081, 'm2-1': 1.821, 'm3-1': 4.657, 'm4-1': 0.622}",5.234999999999928,240.57600000000002,inf,242.321,242.321,242.321
728,TT2,BESTEFFORT,COMPLETED,m1-1,237.494,"{'m1-1': 2.263, 'm2-1': 1.987, 'm3-1': 4.024, 'm4-1': 0.98}",3.6208,240.182,242.445,inf,242.594,242.594
729,TT4,BESTEFFORT,MISSED,m2-1,237.724,"{'m1-1': 2.176, 'm2-1': 1.476, 'm3-1': 5.097, 'm4-1': 0.84}",1.2089999999999748,242.321,inf,242.724,242.724,242.724
730,TT3,BESTEFFORT,MISSED,m3-1,237.754,"{'m1-1': 2.05, 'm2-1': 1.72, 'm3-1': 5.715, 'm4-1': 0.824}",5.302799999999997,240.00799999999998,inf,242.95399999999998,242.95399999999998,242.95399999999998
731,TT4,BESTEFFORT,MISSED,m1-1,237.941,"{'m1-1': 2.078, 'm2-1': 1.706, 'm3-1': 3.859, 'm4-1': 0.877}",0.793600000000015,242.445,inf,242.941,242.941,242.941
732,TT1,BESTEFFORT,COMPLETED,m4-1,238.244,"{'m1-1': 1.976, 'm2-1': 1.969, 'm3-1': 4.888, 'm4-1': 0.61}",0.915,240.6339999999999,241.24399999999991,inf,243.244,243.244
733,TT1,BESTEFFORT,MISSED,m1-1,238.545,"{'m1-1': 1.979, 'm2-1': 1.601, 'm3-1': 4.733, 'm4-1': 0.661}",0.9663999999999761,242.941,inf,243.545,243.545,243.545
734,TT4,BESTEFFORT,MISSED,m3-1,238.933,"{'m1-1': 2.304, 'm2-1': 1.502, 'm3-1': 4.193, 'm4-1': 0.88}",1.7622000000000242,242.95399999999998,inf,243.933,243.933,243.933
735,TT4,BESTEFFORT,COMPLETED,m4-1,238.994,"{'m1-1': 1.908, 'm2-1': 1.699, 'm3-1': 4.364, 'm4-1': 1.013}",1.5194999999999999,241.24399999999991,242.25699999999992,inf,243.994,243.994
736,TT3,BESTEFFORT,MISSED,m3-1,239.037,"{'m1-1': 2.375, 'm2-1': 1.584, 'm3-1': 4.467, 'm4-1': 0.78}",0.5472000000000037,243.933,inf,244.237,244.237,244.237
737,TT3,BESTEFFORT,COMPLETED,m2-1,239.102,"{'m1-1': 1.746, 'm2-1': 1.328, 'm3-1': 5.661, 'm4-1': 0.785}",3.984,242.724,244.052,inf,244.302,244.302
738,TT3,BESTEFFORT,COMPLETED,m4-1,239.43,"{'m1-1': 2.36, 'm2-1': 1.42, 'm3-1': 5.76, 'm4-1': 0.899}",1.3485,242.25699999999992,243.15599999999992,inf,244.63,244.63
739,TT3,BESTEFFORT,MISSED,m3-1,239.445,"{'m1-1': 2.084, 'm2-1': 1.644, 'm3-1': 5.417, 'm4-1': 0.955}",0.7343999999999767,244.237,inf,244.64499999999998,244.64499999999998,244.64499999999998
740,TT1,BESTEFFORT,MISSED,m1-1,239.702,"{'m1-1': 2.069, 'm2-1': 1.408, 'm3-1': 4.301, 'm4-1': 0.629}",1.8512000000000173,243.545,inf,244.702,244.702,244.702
741,TT2,BESTEFFORT,MISSED,m2-1,239.859,"{'m1-1': 2.625, 'm2-1': 1.983, 'm3-1': 4.777, 'm4-1': 0.954}",2.721000000000032,244.052,inf,244.959,244.959,244.959
742,TT4,BESTEFFORT,COMPLETED,m4-1,240.534,"{'m1-1': 2.026, 'm2-1': 1.377, 'm3-1': 4.171, 'm4-1': 0.825}",1.2374999999999998,243.15599999999992,243.9809999999999,inf,245.534,245.534
743,TT3,BESTEFFORT,COMPLETED,m4-1,240.693,"{'m1-1': 1.883, 'm2-1': 1.345, 'm3-1': 5.943, 'm4-1': 0.922}",1.383,243.9809999999999,244.9029999999999,inf,245.893,245.893
744,TT1,BESTEFFORT,COMPLETED,m4-1,240.964,"{'m1-1': 2.083, 'm2-1': 1.509, 'm3-1': 3.999, 'm4-1': 0.74}",1.1099999999999999,244.9029999999999,245.64299999999992,inf,245.964,245.964
745,TT1,BESTEFFORT,MISSED,m2-1,241.031,"{'m1-1': 2.126, 'm2-1': 1.478, 'm3-1': 4.737, 'm4-1': 0.808}",3.216000000000008,244.959,inf,246.031,246.031,246.031
746,TT3,BESTEFFORT,MISSED,m1-1,241.214,"{'m1-1': 1.97, 'm2-1': 1.363, 'm3-1': 5.631, 'm4-1': 0.791}",2.7391999999999825,244.702,inf,246.414,246.414,246.414
747,TT4,BESTEFFORT,MISSED,m2-1,241.439,"{'m1-1': 2.047, 'm2-1': 1.689, 'm3-1': 4.802, 'm4-1': 1.031}",1.2239999999999611,246.031,inf,246.439,246.439,246.439
748,TT1,BESTEFFORT,MISSED,m1-1,241.685,"{'m1-1': 2.263, 'm2-1': 1.927, 'm3-1': 5.088, 'm4-1': 0.741}",0.433600000000024,246.414,inf,246.685,246.685,246.685
749,TT2,BESTEFFORT,MISSED,m3-1,242.899,"{'m1-1': 1.946, 'm2-1': 1.864, 'm3-1': 4.928, 'm4-1': 0.765}",6.037200000000024,244.64499999999998,inf,247.999,247.999,247.999
750,TT3,BESTEFFORT,COMPLETED,m4-1,242.95,"{'m1-1': 2.246, 'm2-1': 1.679, 'm3-1': 4.865, 'm4-1': 0.72}",1.08,245.64299999999992,246.36299999999991,inf,248.14999999999998,248.14999999999998
751,TT2,BESTEFFORT,COMPLETED,m1-1,243.939,"{'m1-1': 2.183, 'm2-1': 2.015, 'm3-1': 4.372, 'm4-1': 0.777}",3.4928,246.685,248.868,inf,249.039,249.039
752,TT4,BESTEFFORT,COMPLETED,m4-1,244.956,"{'m1-1': 2.086, 'm2-1': 1.534, 'm3-1': 4.118, 'm4-1': 1.018}",1.5270000000000001,246.36299999999991,247.38099999999991,inf,249.956,249.956
753,TT1,BESTEFFORT,COMPLETED,m2-1,245.461,"{'m1-1': 2.346, 'm2-1': 1.459, 'm3-1': 3.726, 'm4-1': 0.766}",4.377000000000001,246.439,247.898,inf,250.461,250.461
754,TT3,BESTEFFORT,COMPLETED,m4-1,245.795,"{'m1-1': 1.789, 'm2-1': 1.306, 'm3-1': 4.686, 'm4-1': 0.909}",1.3635000000000002,247.38099999999991,248.2899999999999,inf,250.99499999999998,250.99499999999998
755,TT1,BESTEFFORT,COMPLETED,m4-1,246.105,"{'m1-1': 2.461, 'm2-1': 1.418, 'm3-1': 3.748, 'm4-1': 0.745}",1.1175,248.2899999999999,249.0349999999999,inf,251.105,251.105
756,TT4,BESTEFFORT,COMPLETED,m2-1,246.526,"{'m1-1': 2.144, 'm2-1': 1.822, 'm3-1': 4.517, 'm4-1': 0.861}",5.466,247.898,249.72,inf,251.526,251.526
757,TT3,BESTEFFORT,COMPLETED,m4-1,246.81,"{'m1-1': 1.96, 'm2-1': 1.519, 'm3-1': 4.685, 'm4-1': 0.849}",1.2734999999999999,249.0349999999999,249.8839999999999,inf,252.01,252.01
758,TT1,BESTEFFORT,COMPLETED,m4-1,247.743,"{'m1-1': 2.339, 'm2-1': 1.735, 'm3-1': 4.895, 'm4-1': 0.849}",1.2734999999999999,249.8839999999999,250.7329999999999,inf,252.743,252.743
759,TT3,BESTEFFORT,COMPLETED,m1-1,248.17,"{'m1-1': 2.365, 'm2-1': 1.303, 'm3-1': 4.346, 'm4-1': 0.978}",3.7840000000000007,248.868,251.233,inf,253.36999999999998,253.36999999999998
760,TT4,BESTEFFORT,COMPLETED,m2-1,248.524,"{'m1-1': 1.785, 'm2-1': 1.812, 'm3-1': 3.801, 'm4-1': 0.947}",5.436,249.72,251.532,inf,253.524,253.524
761,TT1,BESTEFFORT,COMPLETED,m4-1,248.783,"{'m1-1': 2.012, 'm2-1': 1.516, 'm3-1': 4.272, 'm4-1': 0.691}",1.0365,250.7329999999999,251.4239999999999,inf,253.783,253.783
762,TT1,BESTEFFORT,COMPLETED,m4-1,249.282,"{'m1-1': 2.591, 'm2-1': 1.685, 'm3-1': 4.549, 'm4-1': 0.643}",0.9645,251.4239999999999,252.0669999999999,inf,254.282,254.282
763,TT1,BESTEFFORT,COMPLETED,m1-1,249.85,"{'m1-1': 2.011, 'm2-1': 1.946, 'm3-1': 4.216, 'm4-1': 0.75}",3.2176000000000005,251.233,253.244,inf,254.85,254.85
764,TT4,BESTEFFORT,COMPLETED,m4-1,250.897,"{'m1-1': 1.87, 'm2-1': 1.52, 'm3-1': 4.283, 'm4-1': 1.029}",1.5434999999999999,252.0669999999999,253.0959999999999,inf,255.897,255.897
765,TT3,BESTEFFORT,COMPLETED,m2-1,251.121,"{'m1-1': 2.035, 'm2-1': 1.317, 'm3-1': 5.675, 'm4-1': 0.96}",3.9509999999999996,251.532,252.84900000000002,inf,256.321,256.321
766,TT1,BESTEFFORT,COMPLETED,m4-1,251.739,"{'m1-1': 2.223, 'm2-1': 1.61, 'm3-1': 4.861, 'm4-1': 0.742}",1.113,253.0959999999999,253.83799999999988,inf,256.73900000000003,256.73900000000003
767,TT2,BESTEFFORT,COMPLETED,m2-1,252.208,"{'m1-1': 1.938, 'm2-1': 1.966, 'm3-1': 4.972, 'm4-1': 0.779}",5.898,252.84900000000002,254.81500000000003,inf,257.308,257.308
768,TT2,BESTEFFORT,COMPLETED,m4-1,252.553,"{'m1-1': 2.534, 'm2-1': 1.57, 'm3-1': 4.599, 'm4-1': 0.935}",1.4025,253.83799999999988,254.77299999999988,inf,257.653,257.653
769,TT4,BESTEFFORT,COMPLETED,m4-1,252.783,"{'m1-1': 2.082, 'm2-1': 1.846, 'm3-1': 3.657, 'm4-1': 0.941}",1.4115,254.77299999999988,255.71399999999988,inf,257.783,257.783
770,TT4,BESTEFFORT,COMPLETED,m1-1,253.169,"{'m1-1': 2.156, 'm2-1': 1.871, 'm3-1': 4.377, 'm4-1': 0.987}",3.4496,253.244,255.4,inf,258.169,258.169
771,TT1,BESTEFFORT,COMPLETED,m4-1,253.18,"{'m1-1': 2.147, 'm2-1': 1.656, 'm3-1': 4.313, 'm4-1': 0.852}",1.278,255.71399999999988,256.56599999999986,inf,258.18,258.18
772,TT4,BESTEFFORT,COMPLETED,m2-1,253.52,"{'m1-1': 1.896, 'm2-1': 1.684, 'm3-1': 4.773, 'm4-1': 0.977}",5.052,254.81500000000003,256.499,inf,258.52,258.52
773,TT4,BESTEFFORT,COMPLETED,m4-1,254.262,"{'m1-1': 2.112, 'm2-1': 1.414, 'm3-1': 4.435, 'm4-1': 0.938}",1.407,256.56599999999986,257.50399999999985,inf,259.262,259.262
774,TT1,BESTEFFORT,COMPLETED,m1-1,254.666,"{'m1-1': 2.158, 'm2-1': 1.513, 'm3-1': 3.776, 'm4-1': 0.752}",3.4528,255.4,257.558,inf,259.666,259.666
775,TT1,BESTEFFORT,COMPLETED,m2-1,254.708,"{'m1-1': 2.238, 'm2-1': 1.782, 'm3-1': 4.134, 'm4-1': 0.824}",5.346,256.499,258.281,inf,259.70799999999997,259.70799999999997
776,TT3,BESTEFFORT,COMPLETED,m4-1,254.904,"{'m1-1': 1.893, 'm2-1': 1.749, 'm3-1': 5.89, 'm4-1': 0.947}",1.4204999999999999,257.50399999999985,258.45099999999985,inf,260.104,260.104
777,TT1,BESTEFFORT,COMPLETED,m1-1,255.599,"{'m1-1': 1.919, 'm2-1': 1.583, 'm3-1': 3.717, 'm4-1': 0.648}",3.0704000000000002,257.558,259.477,inf,260.599,260.599
778,TT4,BESTEFFORT,COMPLETED,m4-1,255.857,"{'m1-1': 2.383, 'm2-1': 1.782, 'm3-1': 3.816, 'm4-1': 0.872}",1.308,258.45099999999985,259.32299999999987,inf,260.85699999999997,260.85699999999997
779,TT4,BESTEFFORT,COMPLETED,m2-1,256.19,"{'m1-1': 1.789, 'm2-1': 1.41, 'm3-1': 3.733, 'm4-1': 0.829}",4.2299999999999995,258.281,259.69100000000003,inf,261.19,261.19
780,TT2,BESTEFFORT,COMPLETED,m3-1,256.384,"{'m1-1': 1.983, 'm2-1': 1.935, 'm3-1': 4.267, 'm4-1': 0.815}",7.680600000000001,256.384,260.651,inf,261.48400000000004,261.48400000000004
781,TT2,BESTEFFORT,MISSED,m1-1,256.4,"{'m1-1': 2.436, 'm2-1': 1.633, 'm3-1': 4.182, 'm4-1': 0.841}",3.2368000000000396,259.477,inf,261.5,261.5,261.5
782,TT3,BESTEFFORT,COMPLETED,m4-1,256.571,"{'m1-1': 2.006, 'm2-1': 1.366, 'm3-1': 5.209, 'm4-1': 0.811}",1.2165000000000001,259.32299999999987,260.13399999999984,inf,261.771,261.771
783,TT3,BESTEFFORT,COMPLETED,m2-1,256.966,"{'m1-1': 1.915, 'm2-1': 1.432, 'm3-1': 5.251, 'm4-1': 0.769}",4.295999999999999,259.69100000000003,261.12300000000005,inf,262.166,262.166
784,TT1,BESTEFFORT,MISSED,m2-1,257.148,"{'m1-1': 2.492, 'm2-1': 1.71, 'm3-1': 3.807, 'm4-1': 0.713}",3.074999999999932,261.12300000000005,inf,262.148,262.148,262.148
785,TT3,BESTEFFORT,MISSED,m1-1,257.217,"{'m1-1': 1.736, 'm2-1': 1.567, 'm3-1': 4.672, 'm4-1': 0.941}",1.4671999999999572,261.5,inf,262.417,262.417,262.417
786,TT2,BESTEFFORT,COMPLETED,m4-1,257.76,"{'m1-1': 2.514, 'm2-1': 1.825, 'm3-1': 4.851, 'm4-1': 0.773}",1.1595,260.13399999999984,260.90699999999987,inf,262.86,262.86
787,TT3,BESTEFFORT,MISSED,m2-1,258.374,"{'m1-1': 1.723, 'm2-1': 1.446, 'm3-1': 5.278, 'm4-1': 0.793}",4.277999999999963,262.148,inf,263.574,263.574,263.574
788,TT1,BESTEFFORT,MISSED,m1-1,258.45,"{'m1-1': 1.993, 'm2-1': 1.656, 'm3-1': 4.357, 'm4-1': 0.759}",1.652800000000025,262.417,inf,263.45,263.45,263.45
789,TT4,BESTEFFORT,COMPLETED,m4-1,258.842,"{'m1-1': 1.918, 'm2-1': 1.764, 'm3-1': 5.057, 'm4-1': 1.002}",1.5030000000000001,260.90699999999987,261.9089999999999,inf,263.842,263.842
790,TT3,BESTEFFORT,MISSED,m3-1,259.009,"{'m1-1': 2.166, 'm2-1': 1.501, 'm3-1': 4.863, 'm4-1': 1.009}",6.404399999999987,260.651,inf,264.209,264.209,264.209
791,TT3,BESTEFFORT,MISSED,m3-1,259.058,"{'m1-1': 2.051, 'm2-1': 1.727, 'm3-1': 5.319, 'm4-1': 0.981}",0.08819999999996071,264.209,inf,264.258,264.258,264.258
792,TT4,BESTEFFORT,COMPLETED,m4-1,259.494,"{'m1-1': 2.19, 'm2-1': 1.609, 'm3-1': 3.638, 'm4-1': 0.828}",1.242,261.9089999999999,262.73699999999985,inf,264.494,264.494
793,TT2,BESTEFFORT,MISSED,m1-1,259.588,"{'m1-1': 2.547, 'm2-1': 1.635, 'm3-1': 4.258, 'm4-1': 1.006}",1.9808000000000903,263.45,inf,264.68800000000005,264.68800000000005,264.68800000000005
794,TT4,BESTEFFORT,MISSED,m2-1,259.828,"{'m1-1': 2.06, 'm2-1': 1.646, 'm3-1': 3.93, 'm4-1': 0.856}",3.7619999999998868,263.574,inf,264.828,264.828,264.828
795,TT1,BESTEFFORT,COMPLETED,m4-1,260.153,"{'m1-1': 1.945, 'm2-1': 1.473, 'm3-1': 4.548, 'm4-1': 0.838}",1.257,262.73699999999985,263.5749999999999,inf,265.153,265.153
796,TT1,BESTEFFORT,MISSED,m3-1,260.615,"{'m1-1': 2.625, 'm2-1': 1.801, 'm3-1': 4.354, 'm4-1': 0.753}",2.44260000000005,264.258,inf,265.615,265.615,265.615
797,TT4,BESTEFFORT,MISSED,m3-1,260.752,"{'m1-1': 1.738, 'm2-1': 1.551, 'm3-1': 4.897, 'm4-1': 0.946}",0.24660000000000082,265.615,inf,265.752,265.752,265.752
798,TT3,BESTEFFORT,COMPLETED,m4-1,260.861,"{'m1-1': 2.294, 'm2-1': 1.391, 'm3-1': 5.889, 'm4-1': 0.826}",1.2389999999999999,263.5749999999999,264.4009999999999,inf,266.061,266.061
799,TT4,BESTEFFORT,MISSED,m2-1,261.11,"{'m1-1': 2.326, 'm2-1': 1.597, 'm3-1': 4.894, 'm4-1': 0.815}",3.8460000000001173,264.828,inf,266.11,266.11,266.11
800,TT4,BESTEFFORT,MISSED,m1-1,261.127,"{'m1-1': 2.37, 'm2-1': 1.685, 'm3-1': 4.743, 'm4-1': 0.968}",2.302399999999943,264.68800000000005,inf,266.127,266.127,266.127
801,TT2,BESTEFFORT,COMPLETED,m4-1,261.157,"{'m1-1': 2.59, 'm2-1': 1.868, 'm3-1': 4.351, 'm4-1': 0.89}",1.335,264.4009999999999,265.2909999999999,inf,266.257,266.257
802,TT2,BESTEFFORT,MISSED,m2-1,261.516,"{'m1-1': 2.073, 'm2-1': 1.793, 'm3-1': 4.357, 'm4-1': 0.932}",1.518000000000086,266.11,inf,266.61600000000004,266.61600000000004,266.61600000000004
803,TT1,BESTEFFORT,MISSED,m1-1,261.884,"{'m1-1': 2.431, 'm2-1': 1.574, 'm3-1': 4.405, 'm4-1': 0.733}",1.211200000000008,266.127,inf,266.884,266.884,266.884
804,TT2,BESTEFFORT,COMPLETED,m4-1,262.263,"{'m1-1': 2.615, 'm2-1': 1.548, 'm3-1': 4.313, 'm4-1': 0.84}",1.26,265.2909999999999,266.13099999999986,inf,267.363,267.363
805,TT2,BESTEFFORT,MISSED,m2-1,262.393,"{'m1-1': 2.329, 'm2-1': 1.761, 'm3-1': 3.827, 'm4-1': 0.949}",2.630999999999858,266.61600000000004,inf,267.493,267.493,267.493
806,TT1,BESTEFFORT,MISSED,m1-1,262.403,"{'m1-1': 2.291, 'm2-1': 1.562, 'm3-1': 3.87, 'm4-1': 0.841}",0.8304000000000088,266.884,inf,267.403,267.403,267.403
807,TT1,BESTEFFORT,COMPLETED,m4-1,262.52,"{'m1-1': 2.195, 'm2-1': 1.546, 'm3-1': 4.999, 'm4-1': 0.652}",0.978,266.13099999999986,266.78299999999984,inf,267.52,267.52
808,TT4,BESTEFFORT,MISSED,m3-1,263.668,"{'m1-1': 1.933, 'm2-1': 1.725, 'm3-1': 4.622, 'm4-1': 0.898}",5.248799999999995,265.752,inf,268.668,268.668,268.668
809,TT3,BESTEFFORT,MISSED,m3-1,263.803,"{'m1-1': 2.389, 'm2-1': 1.784, 'm3-1': 5.909, 'm4-1': 0.801}",0.6029999999999632,268.668,inf,269.003,269.003,269.003
810,TT2,BESTEFFORT,COMPLETED,m4-1,264.407,"{'m1-1': 2.298, 'm2-1': 1.838, 'm3-1': 4.175, 'm4-1': 0.938}",1.407,266.78299999999984,267.72099999999983,inf,269.507,269.507
811,TT4,BESTEFFORT,COMPLETED,m1-1,264.571,"{'m1-1': 2.078, 'm2-1': 1.565, 'm3-1': 5.106, 'm4-1': 1.067}",3.3247999999999998,267.403,269.481,inf,269.571,269.571
812,TT2,BESTEFFORT,COMPLETED,m2-1,264.58,"{'m1-1': 2.074, 'm2-1': 1.871, 'm3-1': 3.721, 'm4-1': 0.933}",5.6129999999999995,267.493,269.364,inf,269.68,269.68
813,TT3,BESTEFFORT,MISSED,m3-1,264.813,"{'m1-1': 2.259, 'm2-1': 1.568, 'm3-1': 4.787, 'm4-1': 0.888}",1.8179999999999836,269.003,inf,270.013,270.013,270.013
814,TT1,BESTEFFORT,COMPLETED,m4-1,264.867,"{'m1-1': 2.404, 'm2-1': 1.691, 'm3-1': 4.874, 'm4-1': 0.861}",1.2915,267.72099999999983,268.5819999999998,inf,269.867,269.867
815,TT1,BESTEFFORT,MISSED,m3-1,265.603,"{'m1-1': 2.383, 'm2-1': 1.548, 'm3-1': 3.82, 'm4-1': 0.681}",1.0620000000000573,270.013,inf,270.603,270.603,270.603
816,TT2,BESTEFFORT,COMPLETED,m4-1,267.205,"{'m1-1': 2.477, 'm2-1': 2.032, 'm3-1': 3.864, 'm4-1': 0.756}",1.134,268.5819999999998,269.3379999999998,inf,272.305,272.305
817,TT2,BESTEFFORT,COMPLETED,m4-1,267.578,"{'m1-1': 2.584, 'm2-1': 1.849, 'm3-1': 4.598, 'm4-1': 0.874}",1.311,269.3379999999998,270.2119999999998,inf,272.678,272.678
818,TT2,BESTEFFORT,COMPLETED,m2-1,267.693,"{'m1-1': 2.329, 'm2-1': 1.596, 'm3-1': 4.226, 'm4-1': 0.779}",4.788,269.364,270.96,inf,272.793,272.793
819,TT1,BESTEFFORT,COMPLETED,m4-1,267.772,"{'m1-1': 2.272, 'm2-1': 1.743, 'm3-1': 5.008, 'm4-1': 0.682}",1.0230000000000001,270.2119999999998,270.89399999999983,inf,272.772,272.772
820,TT2,BESTEFFORT,COMPLETED,m1-1,267.853,"{'m1-1': 2.523, 'm2-1': 1.847, 'm3-1': 3.751, 'm4-1': 0.852}",4.0368,269.481,272.004,inf,272.95300000000003,272.95300000000003
821,TT2,BESTEFFORT,COMPLETED,m2-1,268.035,"{'m1-1': 2.172, 'm2-1': 1.82, 'm3-1': 3.911, 'm4-1': 0.726}",5.46,270.96,272.78,inf,273.13500000000005,273.13500000000005
822,TT3,BESTEFFORT,MISSED,m2-1,268.456,"{'m1-1': 2.333, 'm2-1': 1.483, 'm3-1': 4.758, 'm4-1': 0.896}",2.6280000000000996,272.78,inf,273.656,273.656,273.656
823,TT4,BESTEFFORT,COMPLETED,m4-1,269.973,"{'m1-1': 2.28, 'm2-1': 1.519, 'm3-1': 3.949, 'm4-1': 0.933}",1.3995000000000002,270.89399999999983,271.8269999999998,inf,274.973,274.973
824,TT2,BESTEFFORT,COMPLETED,m4-1,270.339,"{'m1-1': 2.514, 'm2-1': 1.948, 'm3-1': 3.785, 'm4-1': 0.845}",1.2675,271.8269999999998,272.67199999999985,inf,275.439,275.439
825,TT2,BESTEFFORT,COMPLETED,m4-1,270.538,"{'m1-1': 2.022, 'm2-1': 1.555, 'm3-1': 4.274, 'm4-1': 0.736}",1.104,272.67199999999985,273.40799999999984,inf,275.63800000000003,275.63800000000003
826,TT1,BESTEFFORT,COMPLETED,m1-1,270.635,"{'m1-1': 2.429, 'm2-1': 1.603, 'm3-1': 4.29, 'm4-1': 0.672}",3.8864,272.004,274.433,inf,275.635,275.635
827,TT3,BESTEFFORT,COMPLETED,m4-1,271.087,"{'m1-1': 1.762, 'm2-1': 1.531, 'm3-1': 5.801, 'm4-1': 0.745}",1.1175,273.40799999999984,274.15299999999985,inf,276.287,276.287
828,TT1,BESTEFFORT,COMPLETED,m4-1,271.846,"{'m1-1': 2.076, 'm2-1': 1.631, 'm3-1': 3.663, 'm4-1': 0.76}",1.1400000000000001,274.15299999999985,274.91299999999984,inf,276.846,276.846
829,TT2,BESTEFFORT,COMPLETED,m2-1,272.487,"{'m1-1': 2.277, 'm2-1': 1.554, 'm3-1': 3.624, 'm4-1': 0.76}",4.662,273.656,275.21,inf,277.58700000000005,277.58700000000005
830,TT1,BESTEFFORT,COMPLETED,m4-1,274.039,"{'m1-1': 2.424, 'm2-1': 1.733, 'm3-1': 4.932, 'm4-1': 0.686}",1.0290000000000001,274.91299999999984,275.5989999999998,inf,279.039,279.039
831,TT4,BESTEFFORT,COMPLETED,m1-1,274.283,"{'m1-1': 1.91, 'm2-1': 1.728, 'm3-1': 4.472, 'm4-1': 0.849}",3.056,274.433,276.343,inf,279.283,279.283
832,TT4,BESTEFFORT,COMPLETED,m4-1,274.478,"{'m1-1': 1.807, 'm2-1': 1.347, 'm3-1': 4.773, 'm4-1': 0.874}",1.311,275.5989999999998,276.47299999999984,inf,279.478,279.478
833,TT3,BESTEFFORT,COMPLETED,m2-1,274.628,"{'m1-1': 2.4, 'm2-1': 1.751, 'm3-1': 5.898, 'm4-1': 0.788}",5.253,275.21,276.96099999999996,inf,279.828,279.828
834,TT4,BESTEFFORT,COMPLETED,m4-1,275.191,"{'m1-1': 2.371, 'm2-1': 1.794, 'm3-1': 5.028, 'm4-1': 1.021}",1.5314999999999999,276.47299999999984,277.49399999999986,inf,280.191,280.191
835,TT1,BESTEFFORT,COMPLETED,m4-1,275.406,"{'m1-1': 1.885, 'm2-1': 1.765, 'm3-1': 3.627, 'm4-1': 0.858}",1.287,277.49399999999986,278.35199999999986,inf,280.406,280.406
836,TT1,BESTEFFORT,COMPLETED,m2-1,275.595,"{'m1-1': 1.976, 'm2-1': 1.448, 'm3-1': 4.268, 'm4-1': 0.633}",4.343999999999999,276.96099999999996,278.40899999999993,inf,280.595,280.595
837,TT4,BESTEFFORT,COMPLETED,m1-1,276.416,"{'m1-1': 2.263, 'm2-1': 1.376, 'm3-1': 3.94, 'm4-1': 0.879}",3.6208,276.416,278.679,inf,281.416,281.416
838,TT2,BESTEFFORT,COMPLETED,m4-1,276.673,"{'m1-1': 2.43, 'm2-1': 1.679, 'm3-1': 4.086, 'm4-1': 0.91}",1.365,278.35199999999986,279.2619999999999,inf,281.773,281.773
839,TT4,BESTEFFORT,COMPLETED,m2-1,276.758,"{'m1-1': 1.98, 'm2-1': 1.588, 'm3-1': 4.008, 'm4-1': 0.811}",4.764,278.40899999999993,279.99699999999996,inf,281.758,281.758
840,TT2,BESTEFFORT,COMPLETED,m4-1,277.168,"{'m1-1': 2.324, 'm2-1': 1.615, 'm3-1': 3.804, 'm4-1': 0.906}",1.359,279.2619999999999,280.1679999999999,inf,282.26800000000003,282.26800000000003
841,TT2,BESTEFFORT,COMPLETED,m1-1,277.261,"{'m1-1': 2.253, 'm2-1': 1.919, 'm3-1': 3.733, 'm4-1': 0.929}",3.6048000000000004,278.679,280.93199999999996,inf,282.36100000000005,282.36100000000005
842,TT4,BESTEFFORT,COMPLETED,m3-1,277.284,"{'m1-1': 1.988, 'm2-1': 1.658, 'm3-1': 4.769, 'm4-1': 0.785}",8.584200000000001,277.284,282.053,inf,282.284,282.284
843,TT1,BESTEFFORT,COMPLETED,m2-1,277.399,"{'m1-1': 2.474, 'm2-1': 1.978, 'm3-1': 3.654, 'm4-1': 0.651}",5.934,279.99699999999996,281.97499999999997,inf,282.399,282.399
844,TT3,BESTEFFORT,COMPLETED,m4-1,277.75,"{'m1-1': 2.405, 'm2-1': 1.504, 'm3-1': 5.875, 'm4-1': 0.823}",1.2345,280.1679999999999,280.9909999999999,inf,282.95,282.95
845,TT4,BESTEFFORT,COMPLETED,m4-1,278.64,"{'m1-1': 1.937, 'm2-1': 1.497, 'm3-1': 4.811, 'm4-1': 0.793}",1.1895,280.9909999999999,281.7839999999999,inf,283.64,283.64
846,TT1,BESTEFFORT,COMPLETED,m1-1,278.812,"{'m1-1': 2.516, 'm2-1': 1.738, 'm3-1': 4.437, 'm4-1': 0.676}",4.0256,280.93199999999996,283.448,inf,283.812,283.812
847,TT2,BESTEFFORT,COMPLETED,m4-1,279.567,"{'m1-1': 2.502, 'm2-1': 1.732, 'm3-1': 3.904, 'm4-1': 0.778}",1.167,281.7839999999999,282.5619999999999,inf,284.66700000000003,284.66700000000003
848,TT4,BESTEFFORT,COMPLETED,m2-1,281.069,"{'m1-1': 2.031, 'm2-1': 1.812, 'm3-1': 4.013, 'm4-1': 0.948}",5.436,281.97499999999997,283.787,inf,286.069,286.069
849,TT3,BESTEFFORT,COMPLETED,m4-1,281.085,"{'m1-1': 2.191, 'm2-1': 1.685, 'm3-1': 4.491, 'm4-1': 0.967}",1.4505,282.5619999999999,283.5289999999999,inf,286.28499999999997,286.28499999999997
850,TT2,BESTEFFORT,COMPLETED,m4-1,281.236,"{'m1-1': 2.048, 'm2-1': 1.702, 'm3-1': 3.768, 'm4-1': 0.951}",1.4264999999999999,283.5289999999999,284.4799999999999,inf,286.336,286.336
851,TT2,BESTEFFORT,COMPLETED,m4-1,282.821,"{'m1-1': 1.894, 'm2-1': 2.005, 'm3-1': 3.835, 'm4-1': 0.863}",1.2945,284.4799999999999,285.3429999999999,inf,287.92100000000005,287.92100000000005
852,TT1,BESTEFFORT,COMPLETED,m1-1,282.93,"{'m1-1': 2.324, 'm2-1': 1.651, 'm3-1': 4.33, 'm4-1': 0.849}",3.7184,283.448,285.772,inf,287.93,287.93
853,TT1,BESTEFFORT,COMPLETED,m2-1,283.111,"{'m1-1': 2.31, 'm2-1': 1.405, 'm3-1': 3.626, 'm4-1': 0.716}",4.215,283.787,285.19199999999995,inf,288.111,288.111
854,TT2,BESTEFFORT,COMPLETED,m4-1,283.263,"{'m1-1': 2.579, 'm2-1': 2.04, 'm3-1': 5.013, 'm4-1': 0.747}",1.1205,285.3429999999999,286.0899999999999,inf,288.363,288.363
855,TT2,BESTEFFORT,COMPLETED,m2-1,283.613,"{'m1-1': 2.421, 'm2-1': 1.722, 'm3-1': 4.768, 'm4-1': 0.737}",5.166,285.19199999999995,286.91399999999993,inf,288.713,288.713
856,TT1,BESTEFFORT,COMPLETED,m4-1,283.764,"{'m1-1': 2.456, 'm2-1': 1.548, 'm3-1': 4.204, 'm4-1': 0.76}",1.1400000000000001,286.0899999999999,286.8499999999999,inf,288.764,288.764
857,TT2,BESTEFFORT,MISSED,m3-1,283.777,"{'m1-1': 2.006, 'm2-1': 1.809, 'm3-1': 5.115, 'm4-1': 0.805}",9.18000000000004,283.777,inf,288.877,288.877,288.877
858,TT2,BESTEFFORT,COMPLETED,m1-1,283.922,"{'m1-1': 2.128, 'm2-1': 1.999, 'm3-1': 4.397, 'm4-1': 0.794}",3.4048000000000003,285.772,287.9,inf,289.02200000000005,289.02200000000005
859,TT2,BESTEFFORT,COMPLETED,m2-1,284.144,"{'m1-1': 2.475, 'm2-1': 1.695, 'm3-1': 3.772, 'm4-1': 0.914}",5.085,286.91399999999993,288.6089999999999,inf,289.244,289.244
860,TT1,BESTEFFORT,COMPLETED,m4-1,284.947,"{'m1-1': 1.949, 'm2-1': 1.824, 'm3-1': 4.72, 'm4-1': 0.863}",1.2945,286.8499999999999,287.7129999999999,inf,289.947,289.947
861,TT4,BESTEFFORT,COMPLETED,m1-1,285.096,"{'m1-1': 2.174, 'm2-1': 1.764, 'm3-1': 3.66, 'm4-1': 0.916}",3.4784,287.9,290.07399999999996,inf,290.096,290.096
862,TT4,BESTEFFORT,MISSED,m2-1,285.122,"{'m1-1': 2.328, 'm2-1': 1.897, 'm3-1': 5.138, 'm4-1': 0.986}",4.5390000000002715,288.6089999999999,inf,290.122,290.122,290.122
863,TT2,BESTEFFORT,MISSED,m2-1,285.259,"{'m1-1': 2.341, 'm2-1': 1.844, 'm3-1': 4.231, 'm4-1': 0.801}",0.7110000000000696,290.122,inf,290.35900000000004,290.35900000000004,290.35900000000004
864,TT4,BESTEFFORT,COMPLETED,m4-1,285.349,"{'m1-1': 1.957, 'm2-1': 1.597, 'm3-1': 4.968, 'm4-1': 0.772}",1.158,287.7129999999999,288.4849999999999,inf,290.349,290.349
865,TT4,BESTEFFORT,MISSED,m1-1,285.809,"{'m1-1': 1.797, 'm2-1': 1.742, 'm3-1': 5.082, 'm4-1': 1.031}",1.1760000000001127,290.07399999999996,inf,290.809,290.809,290.809
866,TT1,BESTEFFORT,MISSED,m3-1,285.961,"{'m1-1': 2.231, 'm2-1': 1.642, 'm3-1': 4.249, 'm4-1': 0.852}",3.7512000000000056,288.877,inf,290.961,290.961,290.961
867,TT1,BESTEFFORT,COMPLETED,m4-1,286.099,"{'m1-1': 2.451, 'm2-1': 1.603, 'm3-1': 3.604, 'm4-1': 0.673}",1.0095,288.4849999999999,289.1579999999999,inf,291.099,291.099
868,TT3,BESTEFFORT,COMPLETED,m4-1,287.493,"{'m1-1': 1.926, 'm2-1': 1.273, 'm3-1': 4.306, 'm4-1': 0.817}",1.2254999999999998,289.1579999999999,289.9749999999999,inf,292.693,292.693
869,TT4,BESTEFFORT,COMPLETED,m4-1,287.764,"{'m1-1': 2.39, 'm2-1': 1.579, 'm3-1': 3.738, 'm4-1': 0.789}",1.1835,289.9749999999999,290.7639999999999,inf,292.764,292.764
870,TT1,BESTEFFORT,COMPLETED,m2-1,288.052,"{'m1-1': 2.388, 'm2-1': 1.654, 'm3-1': 3.86, 'm4-1': 0.862}",4.962,290.35900000000004,292.01300000000003,inf,293.052,293.052
871,TT3,BESTEFFORT,COMPLETED,m1-1,288.391,"{'m1-1': 2.408, 'm2-1': 1.46, 'm3-1': 5.018, 'm4-1': 0.914}",3.8528000000000002,290.809,293.21700000000004,inf,293.591,293.591
872,TT3,BESTEFFORT,MISSED,m1-1,288.393,"{'m1-1': 1.916, 'm2-1': 1.306, 'm3-1': 5.18, 'm4-1': 0.838}",0.6015999999998712,293.21700000000004,inf,293.59299999999996,293.59299999999996,293.59299999999996
873,TT1,BESTEFFORT,MISSED,m3-1,288.471,"{'m1-1': 2.493, 'm2-1': 1.844, 'm3-1': 4.341, 'm4-1': 0.734}",4.517999999999984,290.961,inf,293.471,293.471,293.471
874,TT3,BESTEFFORT,COMPLETED,m4-1,289.548,"{'m1-1': 2.152, 'm2-1': 1.551, 'm3-1': 4.416, 'm4-1': 0.926}",1.389,290.7639999999999,291.6899999999999,inf,294.748,294.748
875,TT2,BESTEFFORT,COMPLETED,m4-1,289.826,"{'m1-1': 2.016, 'm2-1': 1.651, 'm3-1': 4.56, 'm4-1': 0.844}",1.266,291.6899999999999,292.5339999999999,inf,294.92600000000004,294.92600000000004
876,TT4,BESTEFFORT,COMPLETED,m4-1,290.362,"{'m1-1': 2.449, 'm2-1': 1.775, 'm3-1': 4.543, 'm4-1': 0.926}",1.389,292.5339999999999,293.45999999999987,inf,295.362,295.362
877,TT1,BESTEFFORT,COMPLETED,m2-1,290.512,"{'m1-1': 2.334, 'm2-1': 1.69, 'm3-1': 4.89, 'm4-1': 0.778}",5.07,292.01300000000003,293.70300000000003,inf,295.512,295.512
878,TT1,BESTEFFORT,COMPLETED,m4-1,292.63,"{'m1-1': 1.976, 'm2-1': 1.891, 'm3-1': 4.608, 'm4-1': 0.701}",1.0514999999999999,293.45999999999987,294.1609999999999,inf,297.63,297.63
879,TT3,BESTEFFORT,COMPLETED,m4-1,292.743,"{'m1-1': 2.423, 'm2-1': 1.481, 'm3-1': 5.173, 'm4-1': 0.988}",1.482,294.1609999999999,295.1489999999999,inf,297.943,297.943
880,TT3,BESTEFFORT,COMPLETED,m2-1,292.962,"{'m1-1': 2.174, 'm2-1': 1.632, 'm3-1': 4.862, 'm4-1': 0.844}",4.896,293.70300000000003,295.33500000000004,inf,298.162,298.162
881,TT3,BESTEFFORT,COMPLETED,m4-1,293.564,"{'m1-1': 2.212, 'm2-1': 1.679, 'm3-1': 4.84, 'm4-1': 0.834}",1.251,295.1489999999999,295.9829999999999,inf,298.764,298.764
882,TT2,BESTEFFORT,COMPLETED,m1-1,293.741,"{'m1-1': 2.246, 'm2-1': 1.574, 'm3-1': 4.495, 'm4-1': 0.843}",3.5936000000000003,293.741,295.98699999999997,inf,298.841,298.841
883,TT1,BESTEFFORT,COMPLETED,m4-1,294.185,"{'m1-1': 1.899, 'm2-1': 1.491, 'm3-1': 4.196, 'm4-1': 0.854}",1.281,295.9829999999999,296.8369999999999,inf,299.185,299.185
884,TT3,BESTEFFORT,COMPLETED,m2-1,294.416,"{'m1-1': 1.767, 'm2-1': 1.329, 'm3-1': 4.361, 'm4-1': 0.993}",3.987,295.33500000000004,296.66400000000004,inf,299.616,299.616
885,TT2,BESTEFFORT,COMPLETED,m4-1,294.968,"{'m1-1': 2.044, 'm2-1': 1.873, 'm3-1': 4.44, 'm4-1': 0.923}",1.3845,296.8369999999999,297.7599999999999,inf,300.06800000000004,300.06800000000004
886,TT3,BESTEFFORT,COMPLETED,m2-1,295.433,"{'m1-1': 1.878, 'm2-1': 1.544, 'm3-1': 4.321, 'm4-1': 0.938}",4.632,296.66400000000004,298.208,inf,300.633,300.633
887,TT3,BESTEFFORT,COMPLETED,m1-1,295.465,"{'m1-1': 2.208, 'm2-1': 1.337, 'm3-1': 5.866, 'm4-1': 0.956}",3.5328000000000004,295.98699999999997,298.195,inf,300.66499999999996,300.66499999999996
888,TT3,BESTEFFORT,COMPLETED,m4-1,295.824,"{'m1-1': 1.933, 'm2-1': 1.425, 'm3-1': 5.85, 'm4-1': 0.735}",1.1025,297.7599999999999,298.4949999999999,inf,301.024,301.024
889,TT2,BESTEFFORT,COMPLETED,m3-1,295.912,"{'m1-1': 2.287, 'm2-1': 1.615, 'm3-1': 4.178, 'm4-1': 0.836}",7.5204,295.912,300.09,inf,301.012,301.012
890,TT1,BESTEFFORT,COMPLETED,m4-1,296.577,"{'m1-1': 2.03, 'm2-1': 1.877, 'm3-1': 4.961, 'm4-1': 0.666}",0.9990000000000001,298.4949999999999,299.1609999999999,inf,301.577,301.577
891,TT3,BESTEFFORT,COMPLETED,m1-1,296.652,"{'m1-1': 2.119, 'm2-1': 1.73, 'm3-1': 5.223, 'm4-1': 0.726}",3.3904000000000005,298.195,300.314,inf,301.852,301.852
892,TT1,BESTEFFORT,COMPLETED,m4-1,297.23,"{'m1-1': 2.327, 'm2-1': 1.405, 'm3-1': 4.411, 'm4-1': 0.765}",1.1475,299.1609999999999,299.9259999999999,inf,302.23,302.23
893,TT3,BESTEFFORT,COMPLETED,m2-1,297.528,"{'m1-1': 2.348, 'm2-1': 1.76, 'm3-1': 4.727, 'm4-1': 0.896}",5.28,298.208,299.968,inf,302.728,302.728
894,TT2,BESTEFFORT,COMPLETED,m4-1,297.864,"{'m1-1': 2.314, 'm2-1': 1.673, 'm3-1': 4.958, 'm4-1': 0.903}",1.3545,299.9259999999999,300.8289999999999,inf,302.964,302.964
895,TT1,BESTEFFORT,COMPLETED,m2-1,298.396,"{'m1-1': 2.469, 'm2-1': 1.773, 'm3-1': 3.664, 'm4-1': 0.861}",5.319,299.968,301.74100000000004,inf,303.396,303.396
896,TT2,BESTEFFORT,COMPLETED,m4-1,298.588,"{'m1-1': 2.592, 'm2-1': 1.609, 'm3-1': 3.675, 'm4-1': 0.969}",1.4535,300.8289999999999,301.7979999999999,inf,303.68800000000005,303.68800000000005
897,TT4,BESTEFFORT,COMPLETED,m1-1,298.826,"{'m1-1': 1.768, 'm2-1': 1.403, 'm3-1': 4.777, 'm4-1': 0.983}",2.8288,300.314,302.082,inf,303.826,303.826
898,TT4,BESTEFFORT,COMPLETED,m4-1,299.171,"{'m1-1': 2.389, 'm2-1': 1.442, 'm3-1': 4.854, 'm4-1': 1.012}",1.518,301.7979999999999,302.8099999999999,inf,304.171,304.171
899,TT3,BESTEFFORT,COMPLETED,m2-1,299.294,"{'m1-1': 2.031, 'm2-1': 1.55, 'm3-1': 4.515, 'm4-1': 0.719}",4.65,301.74100000000004,303.29100000000005,inf,304.49399999999997,304.49399999999997
900,TT3,BESTEFFORT,COMPLETED,m1-1,299.463,"{'m1-1': 2.253, 'm2-1': 1.504, 'm3-1': 4.99, 'm4-1': 0.77}",3.6048000000000004,302.082,304.335,inf,304.663,304.663
901,TT1,BESTEFFORT,COMPLETED,m3-1,299.495,"{'m1-1': 1.996, 'm2-1': 1.978, 'm3-1': 4.241, 'm4-1': 0.764}",7.6338,300.09,304.33099999999996,inf,304.495,304.495
902,TT4,BESTEFFORT,MISSED,m2-1,299.578,"{'m1-1': 2.351, 'm2-1': 1.498, 'm3-1': 4.639, 'm4-1': 0.969}",3.8609999999997626,303.29100000000005,inf,304.578,304.578,304.578
903,TT1,BESTEFFORT,COMPLETED,m4-1,300.086,"{'m1-1': 2.074, 'm2-1': 1.585, 'm3-1': 5.073, 'm4-1': 0.675}",1.0125000000000002,302.8099999999999,303.4849999999999,inf,305.086,305.086
904,TT3,BESTEFFORT,MISSED,m1-1,300.093,"{'m1-1': 2.019, 'm2-1': 1.642, 'm3-1': 5.889, 'm4-1': 0.913}",1.532800000000043,304.335,inf,305.293,305.293,305.293
905,TT4,BESTEFFORT,MISSED,m2-1,300.373,"{'m1-1': 2.124, 'm2-1': 1.371, 'm3-1': 4.351, 'm4-1': 1.061}",2.3850000000000477,304.578,inf,305.373,305.373,305.373
906,TT1,BESTEFFORT,MISSED,m1-1,300.706,"{'m1-1': 2.453, 'm2-1': 1.968, 'm3-1': 3.664, 'm4-1': 0.854}",0.6608000000000175,305.293,inf,305.706,305.706,305.706
907,TT1,BESTEFFORT,COMPLETED,m4-1,301.166,"{'m1-1': 2.571, 'm2-1': 1.655, 'm3-1': 3.632, 'm4-1': 0.754}",1.131,303.4849999999999,304.2389999999999,inf,306.166,306.166
908,TT4,BESTEFFORT,MISSED,m3-1,301.275,"{'m1-1': 2.224, 'm2-1': 1.476, 'm3-1': 5.057, 'm4-1': 0.811}",3.4992000000000303,304.33099999999996,inf,306.275,306.275,306.275
909,TT1,BESTEFFORT,MISSED,m3-1,301.349,"{'m1-1': 2.493, 'm2-1': 1.98, 'm3-1': 4.128, 'm4-1': 0.733}",0.1332000000000221,306.275,inf,306.349,306.349,306.349
910,TT2,BESTEFFORT,MISSED,m3-1,301.648,"{'m1-1': 2.348, 'm2-1': 1.995, 'm3-1': 3.873, 'm4-1': 0.919}",0.718200000000104,306.349,inf,306.74800000000005,306.74800000000005,306.74800000000005
911,TT1,BESTEFFORT,MISSED,m2-1,301.698,"{'m1-1': 2.15, 'm2-1': 1.879, 'm3-1': 5.073, 'm4-1': 0.822}",3.974999999999966,305.373,inf,306.698,306.698,306.698
912,TT4,BESTEFFORT,COMPLETED,m4-1,301.925,"{'m1-1': 2.202, 'm2-1': 1.859, 'm3-1': 3.632, 'm4-1': 0.792}",1.1880000000000002,304.2389999999999,305.0309999999999,inf,306.925,306.925
913,TT1,BESTEFFORT,MISSED,m1-1,302.357,"{'m1-1': 2.183, 'm2-1': 1.876, 'm3-1': 3.946, 'm4-1': 0.687}",2.641600000000017,305.706,inf,307.357,307.357,307.357
914,TT1,BESTEFFORT,COMPLETED,m4-1,302.824,"{'m1-1': 1.922, 'm2-1': 1.9, 'm3-1': 3.896, 'm4-1': 0.667}",1.0005000000000002,305.0309999999999,305.69799999999987,inf,307.824,307.824
915,TT2,BESTEFFORT,MISSED,m2-1,302.957,"{'m1-1': 2.46, 'm2-1': 1.612, 'm3-1': 3.714, 'm4-1': 1.006}",4.077000000000112,306.698,inf,308.057,308.057,308.057
916,TT3,BESTEFFORT,COMPLETED,m4-1,303.129,"{'m1-1': 2.432, 'm2-1': 1.587, 'm3-1': 4.866, 'm4-1': 0.975}",1.4625,305.69799999999987,306.6729999999999,inf,308.329,308.329
917,TT4,BESTEFFORT,COMPLETED,m4-1,303.592,"{'m1-1': 2.263, 'm2-1': 1.836, 'm3-1': 4.68, 'm4-1': 0.82}",1.23,306.6729999999999,307.4929999999999,inf,308.592,308.592
918,TT1,BESTEFFORT,MISSED,m3-1,303.763,"{'m1-1': 2.169, 'm2-1': 1.725, 'm3-1': 4.3, 'm4-1': 0.623}",3.626999999999873,306.74800000000005,inf,308.763,308.763,308.763
919,TT3,BESTEFFORT,MISSED,m1-1,304.049,"{'m1-1': 2.322, 'm2-1': 1.692, 'm3-1': 5.464, 'm4-1': 0.842}",3.027199999999903,307.357,inf,309.24899999999997,309.24899999999997,309.24899999999997
920,TT4,BESTEFFORT,MISSED,m2-1,304.608,"{'m1-1': 2.175, 'm2-1': 1.709, 'm3-1': 4.897, 'm4-1': 0.79}",4.652999999999963,308.057,inf,309.608,309.608,309.608
921,TT3,BESTEFFORT,MISSED,m1-1,304.611,"{'m1-1': 2.419, 'm2-1': 1.311, 'm3-1': 5.825, 'm4-1': 0.8}",0.899200000000019,309.24899999999997,inf,309.811,309.811,309.811
922,TT1,BESTEFFORT,COMPLETED,m4-1,304.649,"{'m1-1': 2.354, 'm2-1': 1.515, 'm3-1': 4.999, 'm4-1': 0.759}",1.1385,307.4929999999999,308.2519999999999,inf,309.649,309.649
923,TT2,BESTEFFORT,MISSED,m2-1,304.74,"{'m1-1': 2.375, 'm2-1': 1.57, 'm3-1': 3.955, 'm4-1': 0.91}",0.6960000000000832,309.608,inf,309.84000000000003,309.84000000000003,309.84000000000003
924,TT3,BESTEFFORT,COMPLETED,m4-1,304.743,"{'m1-1': 2.17, 'm2-1': 1.69, 'm3-1': 4.782, 'm4-1': 0.832}",1.248,308.2519999999999,309.0839999999999,inf,309.943,309.943
925,TT1,BESTEFFORT,MISSED,m1-1,305.056,"{'m1-1': 2.493, 'm2-1': 1.842, 'm3-1': 3.888, 'm4-1': 0.689}",0.3920000000000073,309.811,inf,310.056,310.056,310.056
926,TT2,BESTEFFORT,MISSED,m3-1,306.026,"{'m1-1': 2.016, 'm2-1': 1.994, 'm3-1': 3.657, 'm4-1': 0.913}",4.253400000000101,308.763,inf,311.12600000000003,311.12600000000003,311.12600000000003
927,TT4,BESTEFFORT,MISSED,m3-1,306.365,"{'m1-1': 1.901, 'm2-1': 1.692, 'm3-1': 5.089, 'm4-1': 0.968}",0.4301999999999566,311.12600000000003,inf,311.365,311.365,311.365
928,TT4,BESTEFFORT,COMPLETED,m4-1,306.582,"{'m1-1': 1.981, 'm2-1': 1.718, 'm3-1': 4.175, 'm4-1': 1.063}",1.5945,309.0839999999999,310.1469999999999,inf,311.582,311.582
929,TT3,BESTEFFORT,COMPLETED,m2-1,306.714,"{'m1-1': 2.365, 'm2-1': 1.329, 'm3-1': 5.4, 'm4-1': 0.837}",3.987,309.84000000000003,311.16900000000004,inf,311.914,311.914
930,TT2,BESTEFFORT,MISSED,m3-1,306.804,"{'m1-1': 2.246, 'm2-1': 1.587, 'm3-1': 4.227, 'm4-1': 0.844}",0.9701999999999771,311.365,inf,311.904,311.904,311.904
931,TT2,BESTEFFORT,MISSED,m1-1,306.85,"{'m1-1': 2.005, 'm2-1': 1.983, 'm3-1': 4.315, 'm4-1': 0.739}",3.0304000000000997,310.056,inf,311.95000000000005,311.95000000000005,311.95000000000005
932,TT4,BESTEFFORT,COMPLETED,m4-1,307.058,"{'m1-1': 1.817, 'm2-1': 1.885, 'm3-1': 4.636, 'm4-1': 1.06}",1.59,310.1469999999999,311.2069999999999,inf,312.058,312.058
933,TT4,BESTEFFORT,MISSED,m2-1,307.1,"{'m1-1': 2.385, 'm2-1': 1.629, 'm3-1': 4.957, 'm4-1': 0.803}",2.7929999999999495,311.16900000000004,inf,312.1,312.1,312.1
934,TT1,BESTEFFORT,COMPLETED,m4-1,307.121,"{'m1-1': 2.301, 'm2-1': 1.89, 'm3-1': 4.024, 'm4-1': 0.766}",1.149,311.2069999999999,311.9729999999999,inf,312.121,312.121
935,TT2,BESTEFFORT,MISSED,m3-1,307.217,"{'m1-1': 2.373, 'm2-1': 1.973, 'm3-1': 4.289, 'm4-1': 0.926}",0.7434000000000197,311.904,inf,312.317,312.317,312.317
936,TT3,BESTEFFORT,COMPLETED,m4-1,307.927,"{'m1-1': 2.235, 'm2-1': 1.638, 'm3-1': 5.41, 'm4-1': 0.991}",1.4865,311.9729999999999,312.9639999999999,inf,313.127,313.127
937,TT3,BESTEFFORT,MISSED,m1-1,308.256,"{'m1-1': 2.039, 'm2-1': 1.499, 'm3-1': 5.646, 'm4-1': 0.905}",2.4095999999998643,311.95000000000005,inf,313.45599999999996,313.45599999999996,313.45599999999996
938,TT1,BESTEFFORT,COMPLETED,m2-1,309.375,"{'m1-1': 2.469, 'm2-1': 1.619, 'm3-1': 3.884, 'm4-1': 0.714}",4.857,312.1,313.71900000000005,inf,314.375,314.375
939,TT2,BESTEFFORT,MISSED,m2-1,310.104,"{'m1-1': 2.026, 'm2-1': 1.561, 'm3-1': 3.721, 'm4-1': 0.721}",4.45499999999987,313.71900000000005,inf,315.204,315.204,315.204
940,TT2,BESTEFFORT,COMPLETED,m4-1,310.335,"{'m1-1': 1.951, 'm2-1': 1.967, 'm3-1': 4.014, 'm4-1': 0.731}",1.0965,312.9639999999999,313.6949999999999,inf,315.435,315.435
941,TT3,BESTEFFORT,COMPLETED,m1-1,310.597,"{'m1-1': 2.194, 'm2-1': 1.488, 'm3-1': 5.003, 'm4-1': 0.795}",3.5104,313.45599999999996,315.65,inf,315.79699999999997,315.79699999999997
942,TT2,BESTEFFORT,COMPLETED,m4-1,311.254,"{'m1-1': 1.929, 'm2-1': 1.799, 'm3-1': 3.927, 'm4-1': 0.731}",1.0965,313.6949999999999,314.4259999999999,inf,316.35400000000004,316.35400000000004
943,TT3,BESTEFFORT,MISSED,m3-1,311.509,"{'m1-1': 2.013, 'm2-1': 1.557, 'm3-1': 4.542, 'm4-1': 0.833}",7.905599999999993,312.317,inf,316.709,316.709,316.709
944,TT4,BESTEFFORT,MISSED,m2-1,311.755,"{'m1-1': 1.781, 'm2-1': 1.846, 'm3-1': 5.034, 'm4-1': 0.946}",4.652999999999963,315.204,inf,316.755,316.755,316.755
945,TT4,BESTEFFORT,MISSED,m1-1,311.828,"{'m1-1': 2.449, 'm2-1': 1.851, 'm3-1': 4.175, 'm4-1': 0.802}",1.8847999999999958,315.65,inf,316.828,316.828,316.828
946,TT2,BESTEFFORT,COMPLETED,m4-1,312.244,"{'m1-1': 2.084, 'm2-1': 1.892, 'm3-1': 4.545, 'm4-1': 0.816}",1.224,314.4259999999999,315.24199999999985,inf,317.34400000000005,317.34400000000005
947,TT4,BESTEFFORT,MISSED,m2-1,312.543,"{'m1-1': 2.383, 'm2-1': 1.794, 'm3-1': 3.8, 'm4-1': 0.941}",2.3640000000000327,316.755,inf,317.543,317.543,317.543
948,TT4,BESTEFFORT,MISSED,m1-1,312.648,"{'m1-1': 2.012, 'm2-1': 1.859, 'm3-1': 4.013, 'm4-1': 0.997}",1.3120000000000802,316.828,inf,317.648,317.648,317.648
949,TT1,BESTEFFORT,COMPLETED,m4-1,312.982,"{'m1-1': 2.427, 'm2-1': 1.657, 'm3-1': 4.564, 'm4-1': 0.668}",1.002,315.24199999999985,315.90999999999985,inf,317.982,317.982
950,TT3,BESTEFFORT,COMPLETED,m4-1,313.957,"{'m1-1': 2.068, 'm2-1': 1.55, 'm3-1': 5.477, 'm4-1': 0.851}",1.2765,315.90999999999985,316.76099999999985,inf,319.157,319.157
951,TT1,BESTEFFORT,MISSED,m2-1,314.029,"{'m1-1': 2.062, 'm2-1': 1.608, 'm3-1': 4.932, 'm4-1': 0.722}",4.45799999999997,317.543,inf,319.029,319.029,319.029
952,TT2,BESTEFFORT,MISSED,m1-1,314.411,"{'m1-1': 2.255, 'm2-1': 1.966, 'm3-1': 3.7, 'm4-1': 0.915}",2.9807999999999995,317.648,inf,319.511,319.511,319.511
953,TT4,BESTEFFORT,COMPLETED,m4-1,314.475,"{'m1-1': 2.021, 'm2-1': 1.64, 'm3-1': 4.765, 'm4-1': 1.067}",1.6004999999999998,316.76099999999985,317.82799999999986,inf,319.475,319.475
954,TT3,BESTEFFORT,COMPLETED,m4-1,315.938,"{'m1-1': 2.102, 'm2-1': 1.583, 'm3-1': 5.223, 'm4-1': 0.892}",1.338,317.82799999999986,318.71999999999986,inf,321.138,321.138
955,TT4,BESTEFFORT,COMPLETED,m4-1,315.973,"{'m1-1': 2.075, 'm2-1': 1.641, 'm3-1': 4.102, 'm4-1': 0.783}",1.1745,318.71999999999986,319.5029999999999,inf,320.973,320.973
956,TT1,BESTEFFORT,COMPLETED,m2-1,316.581,"{'m1-1': 2.284, 'm2-1': 1.65, 'm3-1': 3.865, 'm4-1': 0.812}",4.949999999999999,319.029,320.679,inf,321.581,321.581
957,TT1,BESTEFFORT,COMPLETED,m3-1,316.645,"{'m1-1': 2.211, 'm2-1': 1.858, 'm3-1': 4.402, 'm4-1': 0.696}",7.9236,316.709,321.111,inf,321.645,321.645
958,TT3,BESTEFFORT,COMPLETED,m4-1,317.419,"{'m1-1': 2.143, 'm2-1': 1.331, 'm3-1': 5.092, 'm4-1': 0.746}",1.119,319.5029999999999,320.24899999999985,inf,322.61899999999997,322.61899999999997
959,TT2,BESTEFFORT,COMPLETED,m4-1,318.018,"{'m1-1': 2.587, 'm2-1': 2.113, 'm3-1': 4.788, 'm4-1': 0.83}",1.2449999999999999,320.24899999999985,321.07899999999984,inf,323.118,323.118
960,TT3,BESTEFFORT,COMPLETED,m1-1,318.174,"{'m1-1': 2.081, 'm2-1': 1.436, 'm3-1': 5.822, 'm4-1': 0.915}",3.3296,319.511,321.59200000000004,inf,323.37399999999997,323.37399999999997
961,TT2,BESTEFFORT,COMPLETED,m2-1,318.286,"{'m1-1': 2.215, 'm2-1': 2.034, 'm3-1': 4.679, 'm4-1': 0.848}",6.101999999999999,320.679,322.71299999999997,inf,323.386,323.386
962,TT3,BESTEFFORT,MISSED,m1-1,318.41,"{'m1-1': 2.061, 'm2-1': 1.462, 'm3-1': 4.776, 'm4-1': 0.964}",3.2287999999999557,321.59200000000004,inf,323.61,323.61,323.61
963,TT1,BESTEFFORT,COMPLETED,m4-1,318.877,"{'m1-1': 2.428, 'm2-1': 1.48, 'm3-1': 3.724, 'm4-1': 0.722}",1.083,321.07899999999984,321.8009999999998,inf,323.877,323.877
964,TT2,BESTEFFORT,MISSED,m2-1,318.945,"{'m1-1': 2.512, 'm2-1': 1.774, 'm3-1': 3.855, 'm4-1': 0.771}",3.9960000000001514,322.71299999999997,inf,324.045,324.045,324.045
965,TT3,BESTEFFORT,COMPLETED,m4-1,319.794,"{'m1-1': 1.918, 'm2-1': 1.709, 'm3-1': 4.92, 'm4-1': 0.926}",1.389,321.8009999999998,322.7269999999998,inf,324.99399999999997,324.99399999999997
966,TT4,BESTEFFORT,MISSED,m2-1,320.016,"{'m1-1': 1.786, 'm2-1': 1.614, 'm3-1': 5.098, 'm4-1': 1.022}",2.913000000000011,324.045,inf,325.016,325.016,325.016
967,TT4,BESTEFFORT,COMPLETED,m4-1,320.369,"{'m1-1': 2.064, 'm2-1': 1.699, 'm3-1': 4.968, 'm4-1': 0.79}",1.185,322.7269999999998,323.5169999999998,inf,325.369,325.369
968,TT4,BESTEFFORT,MISSED,m1-1,320.471,"{'m1-1': 2.317, 'm2-1': 1.57, 'm3-1': 4.615, 'm4-1': 1.068}",2.9775999999999843,323.61,inf,325.471,325.471,325.471
969,TT2,BESTEFFORT,MISSED,m3-1,320.862,"{'m1-1': 2.222, 'm2-1': 2.125, 'm3-1': 5.088, 'm4-1': 0.851}",8.731800000000101,321.111,inf,325.96200000000005,325.96200000000005,325.96200000000005
970,TT1,BESTEFFORT,MISSED,m2-1,321.078,"{'m1-1': 1.936, 'm2-1': 1.634, 'm3-1': 5.095, 'm4-1': 0.617}",3.185999999999865,325.016,inf,326.078,326.078,326.078
971,TT3,BESTEFFORT,COMPLETED,m4-1,321.673,"{'m1-1': 2.4, 'm2-1': 1.592, 'm3-1': 4.82, 'm4-1': 0.757}",1.1355,323.5169999999998,324.27399999999983,inf,326.873,326.873
972,TT3,BESTEFFORT,COMPLETED,m4-1,322.632,"{'m1-1': 2.182, 'm2-1': 1.682, 'm3-1': 5.647, 'm4-1': 0.822}",1.2329999999999999,324.27399999999983,325.09599999999983,inf,327.832,327.832
973,TT3,BESTEFFORT,COMPLETED,m4-1,322.783,"{'m1-1': 2.398, 'm2-1': 1.775, 'm3-1': 5.727, 'm4-1': 0.757}",1.1355,325.09599999999983,325.85299999999984,inf,327.983,327.983
974,TT4,BESTEFFORT,COMPLETED,m4-1,323.749,"{'m1-1': 2.224, 'm2-1': 1.701, 'm3-1': 4.925, 'm4-1': 0.975}",1.4625,325.85299999999984,326.82799999999986,inf,328.749,328.749
975,TT2,BESTEFFORT,COMPLETED,m2-1,323.968,"{'m1-1': 2.361, 'm2-1': 1.966, 'm3-1': 4.196, 'm4-1': 0.867}",5.898,326.078,328.044,inf,329.06800000000004,329.06800000000004
976,TT3,BESTEFFORT,COMPLETED,m1-1,324.161,"{'m1-1': 1.818, 'm2-1': 1.736, 'm3-1': 5.743, 'm4-1': 0.72}",2.9088000000000003,325.471,327.289,inf,329.361,329.361
977,TT2,BESTEFFORT,MISSED,m2-1,324.252,"{'m1-1': 2.496, 'm2-1': 1.833, 'm3-1': 4.395, 'm4-1': 0.993}",3.9240000000001487,328.044,inf,329.35200000000003,329.35200000000003,329.35200000000003
978,TT1,BESTEFFORT,COMPLETED,m4-1,324.699,"{'m1-1': 2.177, 'm2-1': 1.806, 'm3-1': 4.759, 'm4-1': 0.774}",1.161,326.82799999999986,327.60199999999986,inf,329.699,329.699
979,TT3,BESTEFFORT,COMPLETED,m1-1,324.947,"{'m1-1': 2.294, 'm2-1': 1.655, 'm3-1': 5.132, 'm4-1': 0.752}",3.6704000000000003,327.289,329.58299999999997,inf,330.147,330.147
980,TT1,BESTEFFORT,COMPLETED,m4-1,325.169,"{'m1-1': 2.338, 'm2-1': 1.851, 'm3-1': 4.271, 'm4-1': 0.834}",1.251,327.60199999999986,328.43599999999986,inf,330.169,330.169
981,TT1,BESTEFFORT,MISSED,m3-1,325.374,"{'m1-1': 2.474, 'm2-1': 1.872, 'm3-1': 5.006, 'm4-1': 0.773}",7.94159999999996,325.96200000000005,inf,330.374,330.374,330.374
982,TT3,BESTEFFORT,MISSED,m2-1,325.588,"{'m1-1': 2.423, 'm2-1': 1.749, 'm3-1': 5.444, 'm4-1': 0.832}",4.307999999999936,329.35200000000003,inf,330.788,330.788,330.788
983,TT1,BESTEFFORT,MISSED,m1-1,325.613,"{'m1-1': 2.408, 'm2-1': 1.973, 'm3-1': 3.773, 'm4-1': 0.69}",1.6480000000000474,329.58299999999997,inf,330.613,330.613,330.613
984,TT2,BESTEFFORT,COMPLETED,m4-1,326.547,"{'m1-1': 2.155, 'm2-1': 1.78, 'm3-1': 4.987, 'm4-1': 0.962}",1.443,328.43599999999986,329.39799999999985,inf,331.64700000000005,331.64700000000005
985,TT2,BESTEFFORT,COMPLETED,m4-1,327.102,"{'m1-1': 2.508, 'm2-1': 1.974, 'm3-1': 4.338, 'm4-1': 0.923}",1.3845,329.39799999999985,330.32099999999986,inf,332.202,332.202
986,TT2,BESTEFFORT,MISSED,m2-1,327.396,"{'m1-1': 2.023, 'm2-1': 2.007, 'm3-1': 4.265, 'm4-1': 0.747}",5.1240000000000805,330.788,inf,332.49600000000004,332.49600000000004,332.49600000000004
987,TT3,BESTEFFORT,COMPLETED,m4-1,327.628,"{'m1-1': 2.392, 'm2-1': 1.403, 'm3-1': 5.776, 'm4-1': 0.796}",1.194,330.32099999999986,331.11699999999985,inf,332.828,332.828
988,TT3,BESTEFFORT,COMPLETED,m1-1,327.693,"{'m1-1': 1.788, 'm2-1': 1.58, 'm3-1': 5.175, 'm4-1': 0.724}",2.8608000000000002,330.613,332.401,inf,332.893,332.893
989,TT1,BESTEFFORT,MISSED,m1-1,327.891,"{'m1-1': 2.491, 'm2-1': 1.651, 'm3-1': 3.667, 'm4-1': 0.655}",0.7840000000000146,332.401,inf,332.891,332.891,332.891
990,TT4,BESTEFFORT,MISSED,m3-1,328.023,"{'m1-1': 2.449, 'm2-1': 1.889, 'm3-1': 4.779, 'm4-1': 0.87}",4.768200000000002,330.374,inf,333.023,333.023,333.023
991,TT1,BESTEFFORT,COMPLETED,m4-1,329.096,"{'m1-1': 2.471, 'm2-1': 1.809, 'm3-1': 4.675, 'm4-1': 0.803}",1.2045000000000001,331.11699999999985,331.91999999999985,inf,334.096,334.096
992,TT2,BESTEFFORT,COMPLETED,m2-1,329.388,"{'m1-1': 2.557, 'm2-1': 1.545, 'm3-1': 4.087, 'm4-1': 0.771}",4.635,332.49600000000004,334.04100000000005,inf,334.488,334.488
993,TT2,BESTEFFORT,COMPLETED,m4-1,329.519,"{'m1-1': 2.194, 'm2-1': 2.027, 'm3-1': 4.23, 'm4-1': 0.749}",1.1235,331.91999999999985,332.66899999999987,inf,334.619,334.619
994,TT2,BESTEFFORT,COMPLETED,m4-1,330.435,"{'m1-1': 2.039, 'm2-1': 1.995, 'm3-1': 4.304, 'm4-1': 1.014}",1.521,332.66899999999987,333.6829999999999,inf,335.535,335.535
995,TT4,BESTEFFORT,COMPLETED,m1-1,330.436,"{'m1-1': 2.206, 'm2-1': 1.573, 'm3-1': 3.693, 'm4-1': 0.776}",3.5296000000000003,332.891,335.09700000000004,inf,335.436,335.436
996,TT2,BESTEFFORT,COMPLETED,m4-1,331.314,"{'m1-1': 2.577, 'm2-1': 2.032, 'm3-1': 4.873, 'm4-1': 0.848}",1.272,333.6829999999999,334.5309999999999,inf,336.41400000000004,336.41400000000004
997,TT4,BESTEFFORT,COMPLETED,m2-1,331.705,"{'m1-1': 1.97, 'm2-1': 1.763, 'm3-1': 4.817, 'm4-1': 0.785}",5.289,334.04100000000005,335.80400000000003,inf,336.705,336.705
998,TT4,BESTEFFORT,MISSED,m1-1,331.792,"{'m1-1': 1.975, 'm2-1': 1.834, 'm3-1': 4.595, 'm4-1': 0.891}",2.7119999999998985,335.09700000000004,inf,336.792,336.792,336.792
999,TT3,BESTEFFORT,COMPLETED,m4-1,331.935,"{'m1-1': 1.851, 'm2-1': 1.684, 'm3-1': 4.297, 'm4-1': 0.911}",1.3665,334.5309999999999,335.4419999999999,inf,337.135,337.135
1000,TT4,BESTEFFORT,MISSED,m3-1,332.233,"{'m1-1': 1.835, 'm2-1': 1.607, 'm3-1': 5.016, 'm4-1': 1.024}",7.577999999999963,333.023,inf,337.233,337.233,337.233
1001,TT2,BESTEFFORT,MISSED,m2-1,332.291,"{'m1-1': 2.513, 'm2-1': 1.748, 'm3-1': 4.055, 'm4-1': 1.017}",4.760999999999967,335.80400000000003,inf,337.391,337.391,337.391
1002,TT1,BESTEFFORT,MISSED,m3-1,332.4,"{'m1-1': 2.478, 'm2-1': 1.868, 'm3-1': 4.118, 'm4-1': 0.765}",0.30059999999995174,337.233,inf,337.4,337.4,337.4
1003,TT1,BESTEFFORT,MISSED,m1-1,332.437,"{'m1-1': 2.42, 'm2-1': 1.406, 'm3-1': 4.204, 'm4-1': 0.806}",1.032000000000062,336.792,inf,337.437,337.437,337.437
1004,TT2,BESTEFFORT,MISSED,m2-1,332.573,"{'m1-1': 2.155, 'm2-1': 1.895, 'm3-1': 3.773, 'm4-1': 0.984}",0.8459999999999468,337.391,inf,337.673,337.673,337.673
1005,TT2,BESTEFFORT,COMPLETED,m4-1,334.611,"{'m1-1': 2.256, 'm2-1': 1.714, 'm3-1': 3.951, 'm4-1': 0.83}",1.2449999999999999,335.4419999999999,336.2719999999999,inf,339.711,339.711
1006,TT3,BESTEFFORT,COMPLETED,m4-1,335.882,"{'m1-1': 1.841, 'm2-1': 1.516, 'm3-1': 4.716, 'm4-1': 0.729}",1.0935,336.2719999999999,337.00099999999986,inf,341.082,341.082
1007,TT3,BESTEFFORT,COMPLETED,m4-1,336.443,"{'m1-1': 1.876, 'm2-1': 1.768, 'm3-1': 4.609, 'm4-1': 1.005}",1.5074999999999998,337.00099999999986,338.00599999999986,inf,341.643,341.643
1008,TT2,BESTEFFORT,COMPLETED,m4-1,336.653,"{'m1-1': 2.368, 'm2-1': 1.783, 'm3-1': 4.93, 'm4-1': 1.0}",1.5,338.00599999999986,339.00599999999986,inf,341.75300000000004,341.75300000000004
1009,TT1,BESTEFFORT,COMPLETED,m4-1,336.875,"{'m1-1': 1.972, 'm2-1': 1.744, 'm3-1': 4.978, 'm4-1': 0.738}",1.107,339.00599999999986,339.74399999999986,inf,341.875,341.875
1010,TT1,BESTEFFORT,COMPLETED,m1-1,337.454,"{'m1-1': 2.285, 'm2-1': 1.541, 'm3-1': 4.93, 'm4-1': 0.854}",3.6560000000000006,337.454,339.73900000000003,inf,342.454,342.454
1011,TT3,BESTEFFORT,COMPLETED,m2-1,338.084,"{'m1-1': 1.878, 'm2-1': 1.497, 'm3-1': 5.045, 'm4-1': 0.888}",4.4910000000000005,338.084,339.581,inf,343.284,343.284
1012,TT3,BESTEFFORT,COMPLETED,m4-1,338.21,"{'m1-1': 1.985, 'm2-1': 1.514, 'm3-1': 4.727, 'm4-1': 0.951}",1.4264999999999999,339.74399999999986,340.6949999999999,inf,343.40999999999997,343.40999999999997
1013,TT4,BESTEFFORT,COMPLETED,m2-1,338.8,"{'m1-1': 2.021, 'm2-1': 1.802, 'm3-1': 4.786, 'm4-1': 1.007}",5.406000000000001,339.581,341.38300000000004,inf,343.8,343.8
1014,TT1,BESTEFFORT,COMPLETED,m4-1,339.051,"{'m1-1': 2.462, 'm2-1': 1.956, 'm3-1': 5.06, 'm4-1': 0.743}",1.1145,340.6949999999999,341.4379999999999,inf,344.051,344.051
1015,TT3,BESTEFFORT,COMPLETED,m1-1,339.376,"{'m1-1': 2.363, 'm2-1': 1.422, 'm3-1': 5.958, 'm4-1': 0.888}",3.7808,339.73900000000003,342.10200000000003,inf,344.57599999999996,344.57599999999996
1016,TT2,BESTEFFORT,COMPLETED,m4-1,339.748,"{'m1-1': 2.188, 'm2-1': 1.898, 'm3-1': 4.357, 'm4-1': 0.844}",1.266,341.4379999999999,342.28199999999987,inf,344.848,344.848
1017,TT1,BESTEFFORT,COMPLETED,m2-1,340.083,"{'m1-1': 2.068, 'm2-1': 1.834, 'm3-1': 3.905, 'm4-1': 0.803}",5.502000000000001,341.38300000000004,343.21700000000004,inf,345.083,345.083
1018,TT4,BESTEFFORT,COMPLETED,m4-1,340.951,"{'m1-1': 2.288, 'm2-1': 1.894, 'm3-1': 4.351, 'm4-1': 1.059}",1.5884999999999998,342.28199999999987,343.3409999999999,inf,345.951,345.951
1019,TT3,BESTEFFORT,COMPLETED,m1-1,341.251,"{'m1-1': 2.324, 'm2-1': 1.449, 'm3-1': 4.416, 'm4-1': 0.971}",3.7184,342.10200000000003,344.42600000000004,inf,346.45099999999996,346.45099999999996
1020,TT2,BESTEFFORT,COMPLETED,m4-1,341.302,"{'m1-1': 2.046, 'm2-1': 1.609, 'm3-1': 3.908, 'm4-1': 0.817}",1.2254999999999998,343.3409999999999,344.1579999999999,inf,346.40200000000004,346.40200000000004
1021,TT2,BESTEFFORT,COMPLETED,m2-1,341.341,"{'m1-1': 2.554, 'm2-1': 1.608, 'm3-1': 3.658, 'm4-1': 0.996}",4.824,343.21700000000004,344.82500000000005,inf,346.44100000000003,346.44100000000003
1022,TT4,BESTEFFORT,COMPLETED,m3-1,341.424,"{'m1-1': 1.954, 'm2-1': 1.455, 'm3-1': 3.741, 'm4-1': 0.948}",6.7338000000000005,341.424,345.16499999999996,inf,346.424,346.424
1023,TT3,BESTEFFORT,COMPLETED,m4-1,343.407,"{'m1-1': 2.159, 'm2-1': 1.651, 'm3-1': 4.637, 'm4-1': 0.828}",1.242,344.1579999999999,344.9859999999999,inf,348.60699999999997,348.60699999999997
1024,TT4,BESTEFFORT,COMPLETED,m4-1,344.129,"{'m1-1': 2.136, 'm2-1': 1.626, 'm3-1': 4.375, 'm4-1': 1.001}",1.5014999999999998,344.9859999999999,345.98699999999985,inf,349.129,349.129
1025,TT4,BESTEFFORT,COMPLETED,m1-1,344.286,"{'m1-1': 1.919, 'm2-1': 1.857, 'm3-1': 4.438, 'm4-1': 0.792}",3.0704000000000002,344.42600000000004,346.345,inf,349.286,349.286
1026,TT3,BESTEFFORT,COMPLETED,m2-1,344.392,"{'m1-1': 2.132, 'm2-1': 1.658, 'm3-1': 4.772, 'm4-1': 1.004}",4.974,344.82500000000005,346.48300000000006,inf,349.592,349.592
1027,TT2,BESTEFFORT,COMPLETED,m4-1,344.539,"{'m1-1': 1.904, 'm2-1': 1.944, 'm3-1': 4.299, 'm4-1': 0.885}",1.3275000000000001,345.98699999999985,346.87199999999984,inf,349.639,349.639
1028,TT2,BESTEFFORT,COMPLETED,m4-1,344.942,"{'m1-1': 2.238, 'm2-1': 1.546, 'm3-1': 4.798, 'm4-1': 0.993}",1.4895,346.87199999999984,347.86499999999984,inf,350.04200000000003,350.04200000000003
1029,TT1,BESTEFFORT,COMPLETED,m2-1,345.248,"{'m1-1': 2.572, 'm2-1': 1.807, 'm3-1': 4.915, 'm4-1': 0.823}",5.420999999999999,346.48300000000006,348.2900000000001,inf,350.248,350.248
1030,TT2,BESTEFFORT,COMPLETED,m4-1,346.105,"{'m1-1': 2.279, 'm2-1': 1.821, 'm3-1': 4.368, 'm4-1': 0.929}",1.3935,347.86499999999984,348.7939999999998,inf,351.20500000000004,351.20500000000004
1031,TT2,BESTEFFORT,COMPLETED,m1-1,346.365,"{'m1-1': 2.025, 'm2-1': 1.818, 'm3-1': 4.474, 'm4-1': 0.748}",3.24,346.365,348.39,inf,351.46500000000003,351.46500000000003
1032,TT3,BESTEFFORT,COMPLETED,m4-1,348.374,"{'m1-1': 2.068, 'm2-1': 1.66, 'm3-1': 4.693, 'm4-1': 0.782}",1.173,348.7939999999998,349.5759999999998,inf,353.574,353.574
1033,TT2,BESTEFFORT,COMPLETED,m2-1,348.416,"{'m1-1': 2.378, 'm2-1': 1.659, 'm3-1': 4.771, 'm4-1': 0.776}",4.977,348.416,350.075,inf,353.516,353.516
1034,TT2,BESTEFFORT,COMPLETED,m4-1,348.559,"{'m1-1': 1.948, 'm2-1': 1.868, 'm3-1': 4.793, 'm4-1': 0.99}",1.4849999999999999,349.5759999999998,350.5659999999998,inf,353.65900000000005,353.65900000000005
1035,TT2,BESTEFFORT,COMPLETED,m1-1,348.646,"{'m1-1': 2.632, 'm2-1': 1.761, 'm3-1': 4.229, 'm4-1': 0.729}",4.211200000000001,348.646,351.278,inf,353.74600000000004,353.74600000000004
1036,TT2,BESTEFFORT,COMPLETED,m4-1,348.665,"{'m1-1': 2.176, 'm2-1': 1.599, 'm3-1': 4.764, 'm4-1': 0.994}",1.491,350.5659999999998,351.55999999999983,inf,353.76500000000004,353.76500000000004
1037,TT1,BESTEFFORT,COMPLETED,m2-1,348.78,"{'m1-1': 2.242, 'm2-1': 1.985, 'm3-1': 4.753, 'm4-1': 0.722}",5.955,350.075,352.06,inf,353.78,353.78
1038,TT1,BESTEFFORT,COMPLETED,m4-1,349.028,"{'m1-1': 1.922, 'm2-1': 1.958, 'm3-1': 4.999, 'm4-1': 0.705}",1.0574999999999999,351.55999999999983,352.2649999999998,inf,354.028,354.028
1039,TT1,BESTEFFORT,COMPLETED,m1-1,349.073,"{'m1-1': 2.34, 'm2-1': 1.626, 'm3-1': 3.733, 'm4-1': 0.753}",3.7439999999999998,351.278,353.618,inf,354.073,354.073
1040,TT2,BESTEFFORT,COMPLETED,m3-1,349.104,"{'m1-1': 2.565, 'm2-1': 1.792, 'm3-1': 3.653, 'm4-1': 0.963}",6.5754,349.104,352.757,inf,354.204,354.204
1041,TT1,BESTEFFORT,COMPLETED,m2-1,349.138,"{'m1-1': 2.145, 'm2-1': 1.735, 'm3-1': 4.624, 'm4-1': 0.841}",5.205,352.06,353.795,inf,354.138,354.138
1042,TT2,BESTEFFORT,MISSED,m2-1,349.314,"{'m1-1': 2.426, 'm2-1': 1.697, 'm3-1': 4.868, 'm4-1': 0.961}",1.8570000000000846,353.795,inf,354.41400000000004,354.41400000000004,354.41400000000004
1043,TT1,BESTEFFORT,MISSED,m1-1,349.428,"{'m1-1': 2.252, 'm2-1': 1.985, 'm3-1': 4.625, 'm4-1': 0.825}",1.2960000000000038,353.618,inf,354.428,354.428,354.428
1044,TT4,BESTEFFORT,COMPLETED,m4-1,349.629,"{'m1-1': 1.748, 'm2-1': 1.863, 'm3-1': 4.843, 'm4-1': 0.906}",1.359,352.2649999999998,353.1709999999998,inf,354.629,354.629
1045,TT2,BESTEFFORT,COMPLETED,m4-1,350.748,"{'m1-1': 2.196, 'm2-1': 1.761, 'm3-1': 4.357, 'm4-1': 0.729}",1.0935,353.1709999999998,353.8999999999998,inf,355.848,355.848
1046,TT3,BESTEFFORT,COMPLETED,m2-1,350.979,"{'m1-1': 1.755, 'm2-1': 1.53, 'm3-1': 5.655, 'm4-1': 0.928}",4.59,354.41400000000004,355.944,inf,356.179,356.179
1047,TT1,BESTEFFORT,MISSED,m1-1,350.997,"{'m1-1': 2.207, 'm2-1': 1.815, 'm3-1': 4.354, 'm4-1': 0.826}",2.5104000000000273,354.428,inf,355.997,355.997,355.997
1048,TT4,BESTEFFORT,MISSED,m3-1,351.501,"{'m1-1': 2.294, 'm2-1': 1.807, 'm3-1': 3.982, 'm4-1': 0.872}",6.739199999999949,352.757,inf,356.501,356.501,356.501
1049,TT4,BESTEFFORT,COMPLETED,m4-1,351.68,"{'m1-1': 1.976, 'm2-1': 1.535, 'm3-1': 4.023, 'm4-1': 0.884}",1.326,353.8999999999998,354.7839999999998,inf,356.68,356.68
1050,TT1,BESTEFFORT,MISSED,m1-1,352.049,"{'m1-1': 2.413, 'm2-1': 1.552, 'm3-1': 4.878, 'm4-1': 0.834}",1.6831999999999425,355.997,inf,357.049,357.049,357.049
1051,TT3,BESTEFFORT,MISSED,m2-1,352.092,"{'m1-1': 2.14, 'm2-1': 1.625, 'm3-1': 5.93, 'm4-1': 0.824}",4.043999999999869,355.944,inf,357.292,357.292,357.292
1052,TT2,BESTEFFORT,MISSED,m3-1,352.169,"{'m1-1': 2.368, 'm2-1': 1.823, 'm3-1': 4.605, 'm4-1': 0.759}",1.3824000000000525,356.501,inf,357.269,357.269,357.269
1053,TT2,BESTEFFORT,COMPLETED,m4-1,352.504,"{'m1-1': 2.605, 'm2-1': 1.565, 'm3-1': 4.259, 'm4-1': 0.773}",1.1595,354.7839999999998,355.55699999999985,inf,357.60400000000004,357.60400000000004
1054,TT1,BESTEFFORT,MISSED,m3-1,352.529,"{'m1-1': 2.393, 'm2-1': 1.846, 'm3-1': 4.116, 'm4-1': 0.765}",0.46799999999998365,357.269,inf,357.529,357.529,357.529
1055,TT1,BESTEFFORT,MISSED,m3-1,352.673,"{'m1-1': 2.248, 'm2-1': 1.966, 'm3-1': 4.737, 'm4-1': 0.847}",0.2592000000000098,357.529,inf,357.673,357.673,357.673
1056,TT3,BESTEFFORT,COMPLETED,m4-1,353.056,"{'m1-1': 2.028, 'm2-1': 1.633, 'm3-1': 4.259, 'm4-1': 0.968}",1.452,355.55699999999985,356.52499999999986,inf,358.256,358.256
1057,TT2,BESTEFFORT,MISSED,m2-1,353.873,"{'m1-1': 2.563, 'm2-1': 1.936, 'm3-1': 4.182, 'm4-1': 0.824}",5.04300000000012,357.292,inf,358.973,358.973,358.973
1058,TT3,BESTEFFORT,COMPLETED,m4-1,354.774,"{'m1-1': 2.255, 'm2-1': 1.79, 'm3-1': 5.595, 'm4-1': 1.013}",1.5194999999999999,356.52499999999986,357.53799999999984,inf,359.974,359.974
1059,TT4,BESTEFFORT,COMPLETED,m4-1,354.909,"{'m1-1': 2.427, 'm2-1': 1.682, 'm3-1': 3.862, 'm4-1': 0.988}",1.482,357.53799999999984,358.52599999999984,inf,359.909,359.909
1060,TT4,BESTEFFORT,COMPLETED,m1-1,355.083,"{'m1-1': 2.297, 'm2-1': 1.597, 'm3-1': 5.082, 'm4-1': 0.812}",3.6752000000000002,357.049,359.346,inf,360.083,360.083
1061,TT4,BESTEFFORT,COMPLETED,m2-1,355.491,"{'m1-1': 2.423, 'm2-1': 1.369, 'm3-1': 4.614, 'm4-1': 0.913}",4.107,358.973,360.34200000000004,inf,360.491,360.491
1062,TT4,BESTEFFORT,COMPLETED,m4-1,355.599,"{'m1-1': 2.165, 'm2-1': 1.386, 'm3-1': 4.32, 'm4-1': 1.064}",1.596,358.52599999999984,359.58999999999986,inf,360.599,360.599
1063,TT1,BESTEFFORT,MISSED,m1-1,355.914,"{'m1-1': 2.177, 'm2-1': 1.862, 'm3-1': 4.596, 'm4-1': 0.623}",2.508799999999974,359.346,inf,360.914,360.914,360.914
1064,TT2,BESTEFFORT,MISSED,m2-1,356.229,"{'m1-1': 2.285, 'm2-1': 1.804, 'm3-1': 4.495, 'm4-1': 0.83}",2.960999999999899,360.34200000000004,inf,361.329,361.329,361.329
1065,TT4,BESTEFFORT,MISSED,m1-1,356.325,"{'m1-1': 1.961, 'm2-1': 1.641, 'm3-1': 4.83, 'm4-1': 1.041}",0.6576000000000022,360.914,inf,361.325,361.325,361.325
1066,TT4,BESTEFFORT,MISSED,m3-1,356.378,"{'m1-1': 1.964, 'm2-1': 1.526, 'm3-1': 4.993, 'm4-1': 0.824}",6.668999999999971,357.673,inf,361.378,361.378,361.378
1067,TT2,BESTEFFORT,COMPLETED,m4-1,357.265,"{'m1-1': 2.06, 'm2-1': 1.844, 'm3-1': 4.357, 'm4-1': 0.758}",1.137,359.58999999999986,360.34799999999984,inf,362.365,362.365
1068,TT1,BESTEFFORT,MISSED,m2-1,357.382,"{'m1-1': 2.434, 'm2-1': 1.839, 'm3-1': 4.33, 'm4-1': 0.665}",3.158999999999992,361.329,inf,362.382,362.382,362.382
1069,TT3,BESTEFFORT,COMPLETED,m4-1,358.223,"{'m1-1': 2.046, 'm2-1': 1.622, 'm3-1': 4.442, 'm4-1': 0.791}",1.1865,360.34799999999984,361.13899999999984,inf,363.423,363.423
1070,TT2,BESTEFFORT,MISSED,m1-1,358.316,"{'m1-1': 2.293, 'm2-1': 1.692, 'm3-1': 4.733, 'm4-1': 0.805}",3.3456000000000135,361.325,inf,363.416,363.416,363.416
1071,TT3,BESTEFFORT,COMPLETED,m4-1,359.082,"{'m1-1': 2.081, 'm2-1': 1.73, 'm3-1': 4.345, 'm4-1': 0.801}",1.2015,361.13899999999984,361.9399999999998,inf,364.282,364.282
1072,TT2,BESTEFFORT,COMPLETED,m4-1,359.703,"{'m1-1': 2.013, 'm2-1': 1.519, 'm3-1': 4.894, 'm4-1': 0.904}",1.356,361.9399999999998,362.8439999999998,inf,364.803,364.803
1073,TT4,BESTEFFORT,COMPLETED,m2-1,359.873,"{'m1-1': 2.329, 'm2-1': 1.659, 'm3-1': 3.839, 'm4-1': 0.978}",4.977,362.382,364.041,inf,364.873,364.873
1074,TT2,BESTEFFORT,MISSED,m1-1,359.876,"{'m1-1': 2.131, 'm2-1': 1.847, 'm3-1': 3.782, 'm4-1': 0.954}",2.496000000000004,363.416,inf,364.976,364.976,364.976
1075,TT3,BESTEFFORT,COMPLETED,m4-1,361.161,"{'m1-1': 2.259, 'm2-1': 1.396, 'm3-1': 4.851, 'm4-1': 0.8}",1.2000000000000002,362.8439999999998,363.64399999999983,inf,366.361,366.361
1076,TT4,BESTEFFORT,COMPLETED,m4-1,361.927,"{'m1-1': 1.925, 'm2-1': 1.742, 'm3-1': 4.545, 'm4-1': 0.886}",1.329,363.64399999999983,364.52999999999986,inf,366.927,366.927
1077,TT1,BESTEFFORT,COMPLETED,m2-1,361.931,"{'m1-1': 2.003, 'm2-1': 1.438, 'm3-1': 4.373, 'm4-1': 0.678}",4.314,364.041,365.479,inf,366.931,366.931
1078,TT2,BESTEFFORT,COMPLETED,m4-1,362.885,"{'m1-1': 2.508, 'm2-1': 1.7, 'm3-1': 4.772, 'm4-1': 0.808}",1.2120000000000002,364.52999999999986,365.33799999999985,inf,367.985,367.985
1079,TT2,BESTEFFORT,COMPLETED,m4-1,362.938,"{'m1-1': 1.993, 'm2-1': 1.743, 'm3-1': 3.898, 'm4-1': 0.93}",1.395,365.33799999999985,366.26799999999986,inf,368.038,368.038
1080,TT4,BESTEFFORT,COMPLETED,m2-1,362.949,"{'m1-1': 1.884, 'm2-1': 1.436, 'm3-1': 3.896, 'm4-1': 0.979}",4.308,365.479,366.91499999999996,inf,367.949,367.949
1081,TT1,BESTEFFORT,COMPLETED,m1-1,363.518,"{'m1-1': 1.882, 'm2-1': 1.958, 'm3-1': 3.847, 'm4-1': 0.739}",3.0112,364.976,366.858,inf,368.518,368.518
1082,TT4,BESTEFFORT,COMPLETED,m4-1,363.87,"{'m1-1': 2.278, 'm2-1': 1.829, 'm3-1': 4.939, 'm4-1': 0.837}",1.2555,366.26799999999986,367.10499999999985,inf,368.87,368.87
1083,TT1,BESTEFFORT,COMPLETED,m3-1,363.944,"{'m1-1': 1.976, 'm2-1': 1.958, 'm3-1': 4.624, 'm4-1': 0.806}",8.3232,363.944,368.56800000000004,inf,368.944,368.944
1084,TT4,BESTEFFORT,COMPLETED,m2-1,363.944,"{'m1-1': 2.107, 'm2-1': 1.478, 'm3-1': 4.868, 'm4-1': 0.926}",4.434,366.91499999999996,368.393,inf,368.944,368.944
1085,TT2,BESTEFFORT,COMPLETED,m1-1,363.984,"{'m1-1': 2.023, 'm2-1': 1.599, 'm3-1': 4.515, 'm4-1': 0.913}",3.2368000000000006,366.858,368.88100000000003,inf,369.084,369.084
1086,TT3,BESTEFFORT,COMPLETED,m4-1,365.216,"{'m1-1': 2.179, 'm2-1': 1.754, 'm3-1': 5.621, 'm4-1': 0.74}",1.1099999999999999,367.10499999999985,367.84499999999986,inf,370.416,370.416
1087,TT3,BESTEFFORT,COMPLETED,m4-1,366.239,"{'m1-1': 2.175, 'm2-1': 1.327, 'm3-1': 5.008, 'm4-1': 0.812}",1.218,367.84499999999986,368.65699999999987,inf,371.43899999999996,371.43899999999996
1088,TT1,BESTEFFORT,COMPLETED,m4-1,366.299,"{'m1-1': 2.577, 'm2-1': 1.711, 'm3-1': 4.478, 'm4-1': 0.673}",1.0095,368.65699999999987,369.32999999999987,inf,371.299,371.299
1089,TT4,BESTEFFORT,COMPLETED,m2-1,366.358,"{'m1-1': 1.937, 'm2-1': 1.431, 'm3-1': 3.66, 'm4-1': 0.916}",4.293,368.393,369.82399999999996,inf,371.358,371.358
1090,TT4,BESTEFFORT,COMPLETED,m1-1,366.781,"{'m1-1': 2.118, 'm2-1': 1.821, 'm3-1': 4.18, 'm4-1': 0.771}",3.3888,368.88100000000003,370.999,inf,371.781,371.781
1091,TT1,BESTEFFORT,MISSED,m3-1,366.793,"{'m1-1': 1.949, 'm2-1': 1.862, 'm3-1': 4.825, 'm4-1': 0.644}",5.804999999999938,368.56800000000004,inf,371.793,371.793,371.793
1092,TT2,BESTEFFORT,COMPLETED,m4-1,367.473,"{'m1-1': 2.255, 'm2-1': 2.078, 'm3-1': 4.909, 'm4-1': 0.912}",1.368,369.32999999999987,370.24199999999985,inf,372.57300000000004,372.57300000000004
1093,TT4,BESTEFFORT,COMPLETED,m4-1,368.461,"{'m1-1': 1.78, 'm2-1': 1.864, 'm3-1': 4.712, 'm4-1': 1.031}",1.5465,370.24199999999985,371.27299999999985,inf,373.461,373.461
1094,TT4,BESTEFFORT,COMPLETED,m2-1,368.954,"{'m1-1': 2.397, 'm2-1': 1.597, 'm3-1': 4.709, 'm4-1': 0.925}",4.791,369.82399999999996,371.42099999999994,inf,373.954,373.954
1095,TT2,BESTEFFORT,COMPLETED,m4-1,369.009,"{'m1-1': 2.169, 'm2-1': 2.109, 'm3-1': 4.472, 'm4-1': 0.98}",1.47,371.27299999999985,372.2529999999999,inf,374.10900000000004,374.10900000000004
1096,TT1,BESTEFFORT,COMPLETED,m1-1,369.315,"{'m1-1': 2.464, 'm2-1': 1.949, 'm3-1': 4.974, 'm4-1': 0.689}",3.9424,370.999,373.463,inf,374.315,374.315
1097,TT2,BESTEFFORT,COMPLETED,m4-1,369.417,"{'m1-1': 2.438, 'm2-1': 1.785, 'm3-1': 5.05, 'm4-1': 0.97}",1.455,372.2529999999999,373.2229999999999,inf,374.517,374.517
1098,TT2,BESTEFFORT,COMPLETED,m2-1,369.527,"{'m1-1': 2.554, 'm2-1': 1.749, 'm3-1': 3.85, 'm4-1': 0.726}",5.247,371.42099999999994,373.16999999999996,inf,374.627,374.627
1099,TT4,BESTEFFORT,MISSED,m1-1,369.564,"{'m1-1': 2.136, 'm2-1': 1.735, 'm3-1': 4.522, 'm4-1': 0.859}",1.7615999999999987,373.463,inf,374.564,374.564,374.564
1100,TT4,BESTEFFORT,MISSED,m2-1,369.641,"{'m1-1': 1.844, 'm2-1': 1.562, 'm3-1': 5.042, 'm4-1': 0.95}",4.4130000000001814,373.16999999999996,inf,374.641,374.641,374.641
1101,TT4,BESTEFFORT,MISSED,m3-1,369.664,"{'m1-1': 2.338, 'm2-1': 1.775, 'm3-1': 3.863, 'm4-1': 0.953}",5.167799999999966,371.793,inf,374.664,374.664,374.664
1102,TT3,BESTEFFORT,COMPLETED,m4-1,370.515,"{'m1-1': 1.979, 'm2-1': 1.444, 'm3-1': 5.732, 'm4-1': 0.793}",1.1895,373.2229999999999,374.0159999999999,inf,375.715,375.715
1103,TT2,BESTEFFORT,COMPLETED,m4-1,371.743,"{'m1-1': 2.215, 'm2-1': 1.62, 'm3-1': 4.891, 'm4-1': 0.776}",1.1640000000000001,374.0159999999999,374.7919999999999,inf,376.843,376.843
1104,TT4,BESTEFFORT,COMPLETED,m2-1,371.838,"{'m1-1': 2.297, 'm2-1': 1.701, 'm3-1': 3.687, 'm4-1': 0.884}",5.103,374.641,376.34200000000004,inf,376.838,376.838
1105,TT3,BESTEFFORT,COMPLETED,m4-1,372.695,"{'m1-1': 2.31, 'm2-1': 1.496, 'm3-1': 4.263, 'm4-1': 0.835}",1.2525,374.7919999999999,375.6269999999999,inf,377.895,377.895
1106,TT1,BESTEFFORT,COMPLETED,m1-1,373.045,"{'m1-1': 2.162, 'm2-1': 1.931, 'm3-1': 4.891, 'm4-1': 0.675}",3.4592,374.564,376.726,inf,378.045,378.045
1107,TT4,BESTEFFORT,MISSED,m2-1,373.046,"{'m1-1': 1.82, 'm2-1': 1.743, 'm3-1': 4.86, 'm4-1': 1.03}",5.111999999999853,376.34200000000004,inf,378.046,378.046,378.046
1108,TT3,BESTEFFORT,COMPLETED,m4-1,373.588,"{'m1-1': 1.957, 'm2-1': 1.717, 'm3-1': 5.421, 'm4-1': 0.838}",1.257,375.6269999999999,376.4649999999999,inf,378.788,378.788
1109,TT4,BESTEFFORT,MISSED,m1-1,373.731,"{'m1-1': 2.195, 'm2-1': 1.694, 'm3-1': 3.862, 'm4-1': 1.031}",3.207999999999993,376.726,inf,378.731,378.731,378.731
1110,TT2,BESTEFFORT,COMPLETED,m4-1,374.239,"{'m1-1': 2.207, 'm2-1': 1.853, 'm3-1': 4.275, 'm4-1': 0.915}",1.3725,376.4649999999999,377.37999999999994,inf,379.339,379.339
1111,TT2,BESTEFFORT,MISSED,m3-1,374.317,"{'m1-1': 1.969, 'm2-1': 1.519, 'm3-1': 5.004, 'm4-1': 0.851}",8.555400000000077,374.664,inf,379.41700000000003,379.41700000000003,379.41700000000003
1112,TT4,BESTEFFORT,MISSED,m2-1,374.363,"{'m1-1': 2.009, 'm2-1': 1.386, 'm3-1': 4.929, 'm4-1': 0.825}",3.951000000000022,378.046,inf,379.363,379.363,379.363
1113,TT4,BESTEFFORT,COMPLETED,m4-1,375.569,"{'m1-1': 2.113, 'm2-1': 1.693, 'm3-1': 4.934, 'm4-1': 0.792}",1.1880000000000002,377.37999999999994,378.1719999999999,inf,380.569,380.569
1114,TT4,BESTEFFORT,COMPLETED,m4-1,375.935,"{'m1-1': 2.006, 'm2-1': 1.637, 'm3-1': 4.331, 'm4-1': 1.028}",1.542,378.1719999999999,379.19999999999993,inf,380.935,380.935
1115,TT3,BESTEFFORT,COMPLETED,m2-1,376.064,"{'m1-1': 1.951, 'm2-1': 1.549, 'm3-1': 4.75, 'm4-1': 0.972}",4.647,379.363,380.912,inf,381.264,381.264
1116,TT3,BESTEFFORT,COMPLETED,m1-1,376.145,"{'m1-1': 2.294, 'm2-1': 1.474, 'm3-1': 4.772, 'm4-1': 0.82}",3.6704000000000003,378.731,381.025,inf,381.34499999999997,381.34499999999997
1117,TT3,BESTEFFORT,MISSED,m2-1,376.447,"{'m1-1': 2.045, 'm2-1': 1.551, 'm3-1': 4.507, 'm4-1': 0.997}",2.205000000000041,380.912,inf,381.647,381.647,381.647
1118,TT1,BESTEFFORT,COMPLETED,m4-1,376.494,"{'m1-1': 2.22, 'm2-1': 1.899, 'm3-1': 3.908, 'm4-1': 0.86}",1.29,379.19999999999993,380.05999999999995,inf,381.494,381.494
1119,TT1,BESTEFFORT,MISSED,m3-1,377.073,"{'m1-1': 1.905, 'm2-1': 1.547, 'm3-1': 4.418, 'm4-1': 0.689}",4.780799999999909,379.41700000000003,inf,382.073,382.073,382.073
1120,TT2,BESTEFFORT,MISSED,m1-1,377.194,"{'m1-1': 2.51, 'm2-1': 1.599, 'm3-1': 4.715, 'm4-1': 0.868}",2.0304000000000997,381.025,inf,382.29400000000004,382.29400000000004,382.29400000000004
1121,TT3,BESTEFFORT,COMPLETED,m4-1,378.37,"{'m1-1': 2.253, 'm2-1': 1.556, 'm3-1': 5.667, 'm4-1': 0.741}",1.1115,380.05999999999995,380.80099999999993,inf,383.57,383.57
1122,TT4,BESTEFFORT,COMPLETED,m4-1,378.988,"{'m1-1': 2.319, 'm2-1': 1.671, 'm3-1': 5.001, 'm4-1': 0.823}",1.2345,380.80099999999993,381.6239999999999,inf,383.988,383.988
1123,TT4,BESTEFFORT,COMPLETED,m4-1,379.219,"{'m1-1': 1.744, 'm2-1': 1.364, 'm3-1': 4.699, 'm4-1': 1.003}",1.5044999999999997,381.6239999999999,382.6269999999999,inf,384.219,384.219
1124,TT3,BESTEFFORT,COMPLETED,m2-1,379.263,"{'m1-1': 2.018, 'm2-1': 1.656, 'm3-1': 5.518, 'm4-1': 0.935}",4.968,381.647,383.303,inf,384.46299999999997,384.46299999999997
1125,TT1,BESTEFFORT,COMPLETED,m1-1,379.425,"{'m1-1': 1.999, 'm2-1': 1.892, 'm3-1': 4.508, 'm4-1': 0.654}",3.1984000000000004,382.29400000000004,384.29300000000006,inf,384.425,384.425
1126,TT4,BESTEFFORT,MISSED,m2-1,379.484,"{'m1-1': 2.434, 'm2-1': 1.847, 'm3-1': 4.767, 'm4-1': 0.969}",3.5429999999999495,383.303,inf,384.484,384.484,384.484
1127,TT2,BESTEFFORT,MISSED,m3-1,379.994,"{'m1-1': 2.509, 'm2-1': 1.544, 'm3-1': 3.926, 'm4-1': 0.81}",5.43780000000013,382.073,inf,385.09400000000005,385.09400000000005,385.09400000000005
1128,TT1,BESTEFFORT,COMPLETED,m4-1,380.151,"{'m1-1': 2.098, 'm2-1': 1.716, 'm3-1': 4.305, 'm4-1': 0.656}",0.984,382.6269999999999,383.2829999999999,inf,385.151,385.151
1129,TT2,BESTEFFORT,MISSED,m1-1,380.255,"{'m1-1': 2.027, 'm2-1': 1.987, 'm3-1': 4.541, 'm4-1': 0.97}",1.699199999999928,384.29300000000006,inf,385.355,385.355,385.355
1130,TT3,BESTEFFORT,MISSED,m3-1,380.31,"{'m1-1': 1.887, 'm2-1': 1.549, 'm3-1': 5.481, 'm4-1': 0.846}",0.748799999999892,385.09400000000005,inf,385.51,385.51,385.51
1131,TT3,BESTEFFORT,MISSED,m3-1,380.625,"{'m1-1': 1.763, 'm2-1': 1.357, 'm3-1': 5.853, 'm4-1': 0.783}",0.566999999999996,385.51,inf,385.825,385.825,385.825
1132,TT4,BESTEFFORT,COMPLETED,m4-1,381.291,"{'m1-1': 2.083, 'm2-1': 1.413, 'm3-1': 4.103, 'm4-1': 0.791}",1.1865,383.2829999999999,384.0739999999999,inf,386.291,386.291
1133,TT4,BESTEFFORT,COMPLETED,m4-1,381.754,"{'m1-1': 2.34, 'm2-1': 1.446, 'm3-1': 4.72, 'm4-1': 0.855}",1.2825,384.0739999999999,384.9289999999999,inf,386.754,386.754
1134,TT3,BESTEFFORT,COMPLETED,m2-1,381.839,"{'m1-1': 2.153, 'm2-1': 1.585, 'm3-1': 5.751, 'm4-1': 0.991}",4.755,384.484,386.06899999999996,inf,387.039,387.039
1135,TT3,BESTEFFORT,MISSED,m1-1,382.129,"{'m1-1': 2.343, 'm2-1': 1.625, 'm3-1': 5.528, 'm4-1': 0.889}",3.1583999999999834,385.355,inf,387.329,387.329,387.329
1136,TT2,BESTEFFORT,MISSED,m2-1,382.495,"{'m1-1': 2.276, 'm2-1': 1.863, 'm3-1': 4.522, 'm4-1': 0.967}",4.578000000000202,386.06899999999996,inf,387.595,387.595,387.595
1137,TT1,BESTEFFORT,COMPLETED,m4-1,382.715,"{'m1-1': 2.086, 'm2-1': 1.613, 'm3-1': 3.83, 'm4-1': 0.83}",1.2449999999999999,384.9289999999999,385.7589999999999,inf,387.715,387.715
1138,TT2,BESTEFFORT,MISSED,m1-1,382.96,"{'m1-1': 1.888, 'm2-1': 1.588, 'm3-1': 4.664, 'm4-1': 0.795}",1.1695999999999913,387.329,inf,388.06,388.06,388.06
1139,TT3,BESTEFFORT,MISSED,m3-1,382.975,"{'m1-1': 2.332, 'm2-1': 1.726, 'm3-1': 4.859, 'm4-1': 0.78}",4.230000000000041,385.825,inf,388.175,388.175,388.175
1140,TT3,BESTEFFORT,COMPLETED,m4-1,383.125,"{'m1-1': 2.07, 'm2-1': 1.463, 'm3-1': 5.475, 'm4-1': 0.752}",1.1280000000000001,385.7589999999999,386.5109999999999,inf,388.325,388.325
1141,TT1,BESTEFFORT,MISSED,m2-1,383.332,"{'m1-1': 2.062, 'm2-1': 1.67, 'm3-1': 4.717, 'm4-1': 0.684}",2.210999999999899,387.595,inf,388.332,388.332,388.332
1142,TT4,BESTEFFORT,COMPLETED,m4-1,383.344,"{'m1-1': 1.976, 'm2-1': 1.573, 'm3-1': 4.967, 'm4-1': 0.8}",1.2000000000000002,386.5109999999999,387.3109999999999,inf,388.344,388.344
1143,TT4,BESTEFFORT,MISSED,m1-1,384.315,"{'m1-1': 1.844, 'm2-1': 1.894, 'm3-1': 4.283, 'm4-1': 0.927}",2.007999999999993,388.06,inf,389.315,389.315,389.315
1144,TT1,BESTEFFORT,MISSED,m2-1,384.386,"{'m1-1': 2.263, 'm2-1': 1.852, 'm3-1': 4.386, 'm4-1': 0.816}",3.1620000000000914,388.332,inf,389.386,389.386,389.386
1145,TT4,BESTEFFORT,COMPLETED,m4-1,385.219,"{'m1-1': 2.225, 'm2-1': 1.739, 'm3-1': 3.816, 'm4-1': 1.024}",1.536,387.3109999999999,388.3349999999999,inf,390.219,390.219
1146,TT3,BESTEFFORT,COMPLETED,m4-1,386.388,"{'m1-1': 2.154, 'm2-1': 1.66, 'm3-1': 4.528, 'm4-1': 0.91}",1.365,388.3349999999999,389.24499999999995,inf,391.58799999999997,391.58799999999997
1147,TT3,BESTEFFORT,COMPLETED,m4-1,387.433,"{'m1-1': 2.397, 'm2-1': 1.417, 'm3-1': 5.205, 'm4-1': 0.818}",1.2269999999999999,389.24499999999995,390.06299999999993,inf,392.633,392.633
1148,TT1,BESTEFFORT,COMPLETED,m4-1,387.586,"{'m1-1': 2.228, 'm2-1': 1.582, 'm3-1': 3.839, 'm4-1': 0.75}",1.125,390.06299999999993,390.81299999999993,inf,392.586,392.586
1149,TT2,BESTEFFORT,COMPLETED,m2-1,387.758,"{'m1-1': 1.921, 'm2-1': 2.121, 'm3-1': 4.135, 'm4-1': 0.724}",6.3629999999999995,389.386,391.507,inf,392.858,392.858
1150,TT1,BESTEFFORT,COMPLETED,m1-1,387.939,"{'m1-1': 2.561, 'm2-1': 1.893, 'm3-1': 4.74, 'm4-1': 0.752}",4.0976,389.315,391.876,inf,392.939,392.939
1151,TT4,BESTEFFORT,COMPLETED,m3-1,388.047,"{'m1-1': 2.262, 'm2-1': 1.685, 'm3-1': 4.817, 'm4-1': 1.009}",8.6706,388.175,392.992,inf,393.047,393.047
1152,TT4,BESTEFFORT,COMPLETED,m4-1,388.336,"{'m1-1': 2.102, 'm2-1': 1.524, 'm3-1': 4.647, 'm4-1': 0.929}",1.3935,390.81299999999993,391.7419999999999,inf,393.336,393.336
1153,TT4,BESTEFFORT,COMPLETED,m2-1,388.446,"{'m1-1': 2.195, 'm2-1': 1.531, 'm3-1': 4.551, 'm4-1': 0.792}",4.593,391.507,393.038,inf,393.446,393.446
1154,TT2,BESTEFFORT,MISSED,m1-1,388.678,"{'m1-1': 2.457, 'm2-1': 1.979, 'm3-1': 4.079, 'm4-1': 0.81}",3.04320000000007,391.876,inf,393.778,393.778,393.778
1155,TT1,BESTEFFORT,MISSED,m2-1,388.787,"{'m1-1': 2.049, 'm2-1': 1.541, 'm3-1': 3.875, 'm4-1': 0.63}",2.2469999999999004,393.038,inf,393.787,393.787,393.787
1156,TT3,BESTEFFORT,MISSED,m1-1,388.832,"{'m1-1': 2.231, 'm2-1': 1.362, 'm3-1': 4.794, 'm4-1': 0.877}",0.40639999999993964,393.778,inf,394.032,394.032,394.032
1157,TT4,BESTEFFORT,MISSED,m3-1,388.885,"{'m1-1': 2.413, 'm2-1': 1.423, 'm3-1': 4.747, 'm4-1': 0.981}",1.6073999999999502,392.992,inf,393.885,393.885,393.885
1158,TT2,BESTEFFORT,MISSED,m3-1,388.963,"{'m1-1': 2.095, 'm2-1': 1.715, 'm3-1': 4.64, 'm4-1': 0.949}",0.32040000000009744,393.885,inf,394.06300000000005,394.06300000000005,394.06300000000005
1159,TT4,BESTEFFORT,COMPLETED,m4-1,390.223,"{'m1-1': 1.752, 'm2-1': 1.519, 'm3-1': 3.774, 'm4-1': 0.908}",1.362,391.7419999999999,392.6499999999999,inf,395.223,395.223
1160,TT2,BESTEFFORT,COMPLETED,m4-1,390.285,"{'m1-1': 2.305, 'm2-1': 2.141, 'm3-1': 3.948, 'm4-1': 0.74}",1.1099999999999999,392.6499999999999,393.38999999999993,inf,395.38500000000005,395.38500000000005
1161,TT1,BESTEFFORT,COMPLETED,m2-1,390.651,"{'m1-1': 1.883, 'm2-1': 1.419, 'm3-1': 4.828, 'm4-1': 0.843}",4.257,393.787,395.20599999999996,inf,395.651,395.651
1162,TT3,BESTEFFORT,MISSED,m1-1,390.798,"{'m1-1': 2.303, 'm2-1': 1.591, 'm3-1': 5.129, 'm4-1': 0.866}",3.1456000000000133,394.032,inf,395.998,395.998,395.998
1163,TT3,BESTEFFORT,COMPLETED,m4-1,391.006,"{'m1-1': 2.378, 'm2-1': 1.784, 'm3-1': 4.542, 'm4-1': 0.744}",1.116,393.38999999999993,394.13399999999996,inf,396.20599999999996,396.20599999999996
1164,TT2,BESTEFFORT,MISSED,m3-1,391.155,"{'m1-1': 2.587, 'm2-1': 1.831, 'm3-1': 3.635, 'm4-1': 1.01}",3.945599999999911,394.06300000000005,inf,396.255,396.255,396.255
1165,TT1,BESTEFFORT,MISSED,m2-1,391.246,"{'m1-1': 2.279, 'm2-1': 1.947, 'm3-1': 4.707, 'm4-1': 0.684}",3.1200000000000614,395.20599999999996,inf,396.246,396.246,396.246
1166,TT2,BESTEFFORT,COMPLETED,m4-1,391.582,"{'m1-1': 2.549, 'm2-1': 1.713, 'm3-1': 3.744, 'm4-1': 0.765}",1.1475,394.13399999999996,394.89899999999994,inf,396.682,396.682
1167,TT2,BESTEFFORT,MISSED,m1-1,391.699,"{'m1-1': 2.581, 'm2-1': 1.943, 'm3-1': 4.999, 'm4-1': 0.808}",1.2816000000000713,395.998,inf,396.79900000000004,396.79900000000004,396.79900000000004
1168,TT2,BESTEFFORT,COMPLETED,m4-1,391.707,"{'m1-1': 2.625, 'm2-1': 1.599, 'm3-1': 4.777, 'm4-1': 0.741}",1.1115,394.89899999999994,395.63999999999993,inf,396.807,396.807
1169,TT1,BESTEFFORT,MISSED,m3-1,391.873,"{'m1-1': 2.015, 'm2-1': 1.714, 'm3-1': 4.076, 'm4-1': 0.818}",1.112399999999991,396.255,inf,396.873,396.873,396.873
1170,TT3,BESTEFFORT,MISSED,m2-1,391.992,"{'m1-1': 2.326, 'm2-1': 1.289, 'm3-1': 5.89, 'm4-1': 0.767}",2.838000000000079,396.246,inf,397.192,397.192,397.192
1171,TT1,BESTEFFORT,COMPLETED,m4-1,392.428,"{'m1-1': 2.615, 'm2-1': 1.531, 'm3-1': 4.549, 'm4-1': 0.63}",0.9450000000000001,395.63999999999993,396.2699999999999,inf,397.428,397.428
1172,TT1,BESTEFFORT,MISSED,m1-1,392.923,"{'m1-1': 2.455, 'm2-1': 1.512, 'm3-1': 3.877, 'm4-1': 0.686}",1.798399999999947,396.79900000000004,inf,397.923,397.923,397.923
1173,TT4,BESTEFFORT,COMPLETED,m2-1,394.109,"{'m1-1': 2.243, 'm2-1': 1.469, 'm3-1': 3.646, 'm4-1': 0.931}",4.407,397.192,398.661,inf,399.109,399.109
1174,TT4,BESTEFFORT,COMPLETED,m4-1,394.39,"{'m1-1': 1.844, 'm2-1': 1.452, 'm3-1': 4.291, 'm4-1': 0.756}",1.134,396.2699999999999,397.0259999999999,inf,399.39,399.39
1175,TT4,BESTEFFORT,COMPLETED,m4-1,395.366,"{'m1-1': 2.301, 'm2-1': 1.887, 'm3-1': 3.826, 'm4-1': 0.986}",1.479,397.0259999999999,398.0119999999999,inf,400.366,400.366
1176,TT3,BESTEFFORT,COMPLETED,m1-1,395.423,"{'m1-1': 2.398, 'm2-1': 1.327, 'm3-1': 4.59, 'm4-1': 0.984}",3.8368,397.923,400.321,inf,400.623,400.623
1177,TT4,BESTEFFORT,COMPLETED,m4-1,395.779,"{'m1-1': 1.779, 'm2-1': 1.416, 'm3-1': 4.005, 'm4-1': 0.878}",1.317,398.0119999999999,398.8899999999999,inf,400.779,400.779
1178,TT4,BESTEFFORT,COMPLETED,m2-1,395.861,"{'m1-1': 2.44, 'm2-1': 1.399, 'm3-1': 4.222, 'm4-1': 0.916}",4.197,398.661,400.06,inf,400.861,400.861
1179,TT2,BESTEFFORT,COMPLETED,m4-1,396.448,"{'m1-1': 2.586, 'm2-1': 1.544, 'm3-1': 4.946, 'm4-1': 0.967}",1.4505,398.8899999999999,399.85699999999986,inf,401.548,401.548
1180,TT2,BESTEFFORT,COMPLETED,m4-1,397.408,"{'m1-1': 2.433, 'm2-1': 2.071, 'm3-1': 4.194, 'm4-1': 0.9}",1.35,399.85699999999986,400.75699999999983,inf,402.50800000000004,402.50800000000004
1181,TT2,BESTEFFORT,COMPLETED,m2-1,397.498,"{'m1-1': 2.019, 'm2-1': 1.721, 'm3-1': 4.84, 'm4-1': 0.799}",5.163,400.06,401.781,inf,402.598,402.598
1182,TT1,BESTEFFORT,MISSED,m1-1,397.505,"{'m1-1': 2.397, 'm2-1': 1.827, 'm3-1': 4.042, 'm4-1': 0.682}",3.494399999999951,400.321,inf,402.505,402.505,402.505
1183,TT2,BESTEFFORT,COMPLETED,m4-1,398.468,"{'m1-1': 1.983, 'm2-1': 1.979, 'm3-1': 3.658, 'm4-1': 0.816}",1.224,400.75699999999983,401.5729999999998,inf,403.56800000000004,403.56800000000004
1184,TT1,BESTEFFORT,MISSED,m2-1,398.509,"{'m1-1': 2.269, 'm2-1': 1.962, 'm3-1': 3.608, 'm4-1': 0.802}",5.184000000000026,401.781,inf,403.509,403.509,403.509
1185,TT4,BESTEFFORT,COMPLETED,m3-1,398.544,"{'m1-1': 1.939, 'm2-1': 1.664, 'm3-1': 3.975, 'm4-1': 1.022}",7.155,398.544,402.519,inf,403.544,403.544
1186,TT4,BESTEFFORT,MISSED,m1-1,398.615,"{'m1-1': 2.125, 'm2-1': 1.822, 'm3-1': 4.249, 'm4-1': 0.855}",1.776000000000022,402.505,inf,403.615,403.615,403.615
1187,TT2,BESTEFFORT,COMPLETED,m4-1,399.007,"{'m1-1': 2.606, 'm2-1': 1.529, 'm3-1': 4.929, 'm4-1': 0.999}",1.4985,401.5729999999998,402.57199999999983,inf,404.107,404.107
1188,TT1,BESTEFFORT,MISSED,m2-1,399.096,"{'m1-1': 2.078, 'm2-1': 1.718, 'm3-1': 4.04, 'm4-1': 0.83}",1.7609999999999673,403.509,inf,404.096,404.096,404.096
1189,TT3,BESTEFFORT,MISSED,m1-1,399.145,"{'m1-1': 2.046, 'm2-1': 1.363, 'm3-1': 4.575, 'm4-1': 0.889}",1.1679999999999382,403.615,inf,404.34499999999997,404.34499999999997,404.34499999999997
1190,TT2,BESTEFFORT,COMPLETED,m4-1,400.048,"{'m1-1': 2.477, 'm2-1': 1.517, 'm3-1': 4.587, 'm4-1': 0.822}",1.2329999999999999,402.57199999999983,403.39399999999983,inf,405.148,405.148
1191,TT2,BESTEFFORT,MISSED,m2-1,400.139,"{'m1-1': 1.972, 'm2-1': 1.811, 'm3-1': 3.706, 'm4-1': 0.719}",3.4290000000000873,404.096,inf,405.23900000000003,405.23900000000003,405.23900000000003
1192,TT4,BESTEFFORT,MISSED,m3-1,400.32,"{'m1-1': 1.803, 'm2-1': 1.833, 'm3-1': 3.869, 'm4-1': 0.927}",5.041799999999978,402.519,inf,405.32,405.32,405.32
1193,TT3,BESTEFFORT,MISSED,m1-1,400.512,"{'m1-1': 2.118, 'm2-1': 1.378, 'm3-1': 5.936, 'm4-1': 0.986}",2.18720000000003,404.34499999999997,inf,405.712,405.712,405.712
1194,TT4,BESTEFFORT,COMPLETED,m4-1,401.122,"{'m1-1': 2.376, 'm2-1': 1.551, 'm3-1': 4.046, 'm4-1': 1.04}",1.56,403.39399999999983,404.43399999999986,inf,406.122,406.122
1195,TT2,BESTEFFORT,MISSED,m3-1,401.332,"{'m1-1': 2.108, 'm2-1': 2.13, 'm3-1': 4.529, 'm4-1': 0.888}",2.001600000000042,405.32,inf,406.432,406.432,406.432
1196,TT4,BESTEFFORT,COMPLETED,m4-1,401.721,"{'m1-1': 2.279, 'm2-1': 1.364, 'm3-1': 4.288, 'm4-1': 0.98}",1.47,404.43399999999986,405.4139999999999,inf,406.721,406.721
1197,TT3,BESTEFFORT,MISSED,m3-1,401.771,"{'m1-1': 2.101, 'm2-1': 1.656, 'm3-1': 5.622, 'm4-1': 0.824}",0.9701999999999771,406.432,inf,406.971,406.971,406.971
1198,TT2,BESTEFFORT,COMPLETED,m4-1,403.06,"{'m1-1': 2.39, 'm2-1': 1.595, 'm3-1': 4.821, 'm4-1': 0.785}",1.1775,405.4139999999999,406.1989999999999,inf,408.16,408.16
1199,TT2,BESTEFFORT,COMPLETED,m4-1,403.664,"{'m1-1': 2.569, 'm2-1': 1.599, 'm3-1': 3.831, 'm4-1': 0.782}",1.173,406.1989999999999,406.9809999999999,inf,408.764,408.764
1200,TT3,BESTEFFORT,COMPLETED,m2-1,403.808,"{'m1-1': 2.39, 'm2-1': 1.786, 'm3-1': 4.488, 'm4-1': 0.72}",5.3580000000000005,405.23900000000003,407.02500000000003,inf,409.008,409.008
1201,TT2,BESTEFFORT,COMPLETED,m1-1,404.264,"{'m1-1': 2.169, 'm2-1': 1.914, 'm3-1': 4.004, 'm4-1': 0.752}",3.4704,405.712,407.881,inf,409.36400000000003,409.36400000000003
1202,TT1,BESTEFFORT,COMPLETED,m4-1,404.436,"{'m1-1': 2.1, 'm2-1': 1.543, 'm3-1': 4.31, 'm4-1': 0.803}",1.2045000000000001,406.9809999999999,407.7839999999999,inf,409.436,409.436
1203,TT4,BESTEFFORT,COMPLETED,m2-1,404.487,"{'m1-1': 2.296, 'm2-1': 1.607, 'm3-1': 3.967, 'm4-1': 1.067}",4.821,407.02500000000003,408.63200000000006,inf,409.487,409.487
1204,TT3,BESTEFFORT,MISSED,m1-1,404.542,"{'m1-1': 2.013, 'm2-1': 1.317, 'm3-1': 5.477, 'm4-1': 0.761}",2.9775999999999843,407.881,inf,409.74199999999996,409.74199999999996,409.74199999999996
1205,TT4,BESTEFFORT,MISSED,m2-1,404.581,"{'m1-1': 2.118, 'm2-1': 1.646, 'm3-1': 4.83, 'm4-1': 1.05}",2.8469999999998663,408.63200000000006,inf,409.581,409.581,409.581
1206,TT4,BESTEFFORT,MISSED,m3-1,404.979,"{'m1-1': 2.146, 'm2-1': 1.424, 'm3-1': 4.089, 'm4-1': 0.945}",5.414399999999967,406.971,inf,409.979,409.979,409.979
1207,TT2,BESTEFFORT,COMPLETED,m4-1,405.902,"{'m1-1': 1.883, 'm2-1': 1.68, 'm3-1': 3.948, 'm4-1': 0.851}",1.2765,407.7839999999999,408.6349999999999,inf,411.002,411.002
1208,TT1,BESTEFFORT,MISSED,m2-1,405.982,"{'m1-1': 1.88, 'm2-1': 1.916, 'm3-1': 4.204, 'm4-1': 0.638}",4.203000000000031,409.581,inf,410.982,410.982,410.982
1209,TT3,BESTEFFORT,MISSED,m1-1,406.048,"{'m1-1': 2.397, 'm2-1': 1.566, 'm3-1': 4.366, 'm4-1': 0.849}",2.409600000000046,409.74199999999996,inf,411.248,411.248,411.248
1210,TT2,BESTEFFORT,COMPLETED,m4-1,406.534,"{'m1-1': 2.364, 'm2-1': 1.522, 'm3-1': 4.062, 'm4-1': 0.983}",1.4745,408.6349999999999,409.6179999999999,inf,411.634,411.634
1211,TT2,BESTEFFORT,COMPLETED,m4-1,407.007,"{'m1-1': 2.562, 'm2-1': 1.807, 'm3-1': 3.819, 'm4-1': 0.991}",1.4865,409.6179999999999,410.60899999999987,inf,412.107,412.107
1212,TT2,BESTEFFORT,MISSED,m1-1,407.009,"{'m1-1': 2.377, 'm2-1': 1.801, 'm3-1': 4.805, 'm4-1': 0.773}",1.377600000000075,411.248,inf,412.10900000000004,412.10900000000004,412.10900000000004
1213,TT2,BESTEFFORT,MISSED,m2-1,407.128,"{'m1-1': 1.928, 'm2-1': 1.686, 'm3-1': 4.361, 'm4-1': 0.775}",3.7379999999999427,410.982,inf,412.228,412.228,412.228
1214,TT3,BESTEFFORT,COMPLETED,m4-1,408.574,"{'m1-1': 2.383, 'm2-1': 1.283, 'm3-1': 4.334, 'm4-1': 0.769}",1.1535,410.60899999999987,411.3779999999999,inf,413.774,413.774
1215,TT1,BESTEFFORT,COMPLETED,m4-1,409.014,"{'m1-1': 2.422, 'm2-1': 1.582, 'm3-1': 4.775, 'm4-1': 0.819}",1.2285,411.3779999999999,412.1969999999999,inf,414.014,414.014
1216,TT3,BESTEFFORT,COMPLETED,m2-1,409.029,"{'m1-1': 1.991, 'm2-1': 1.437, 'm3-1': 4.591, 'm4-1': 0.745}",4.311,412.228,413.665,inf,414.229,414.229
1217,TT2,BESTEFFORT,MISSED,m1-1,409.157,"{'m1-1': 2.405, 'm2-1': 1.958, 'm3-1': 4.947, 'm4-1': 0.763}",3.4367999999999483,412.10900000000004,inf,414.257,414.257,414.257
1218,TT1,BESTEFFORT,MISSED,m3-1,409.333,"{'m1-1': 1.981, 'm2-1': 1.951, 'm3-1': 4.775, 'm4-1': 0.682}",7.837200000000076,409.979,inf,414.333,414.333,414.333
1219,TT1,BESTEFFORT,MISSED,m3-1,409.574,"{'m1-1': 1.991, 'm2-1': 1.821, 'm3-1': 4.529, 'm4-1': 0.768}",0.4337999999999738,414.333,inf,414.574,414.574,414.574
1220,TT2,BESTEFFORT,COMPLETED,m4-1,410.335,"{'m1-1': 2.577, 'm2-1': 1.609, 'm3-1': 4.178, 'm4-1': 0.89}",1.335,412.1969999999999,413.0869999999999,inf,415.435,415.435
1221,TT1,BESTEFFORT,COMPLETED,m2-1,410.368,"{'m1-1': 1.964, 'm2-1': 1.515, 'm3-1': 4.027, 'm4-1': 0.736}",4.545,413.665,415.18,inf,415.368,415.368
1222,TT3,BESTEFFORT,COMPLETED,m4-1,410.752,"{'m1-1': 2.369, 'm2-1': 1.767, 'm3-1': 5.184, 'm4-1': 0.818}",1.2269999999999999,413.0869999999999,413.90499999999986,inf,415.952,415.952
1223,TT2,BESTEFFORT,MISSED,m1-1,410.755,"{'m1-1': 1.916, 'm2-1': 1.533, 'm3-1': 4.142, 'm4-1': 0.972}",2.5568000000000213,414.257,inf,415.855,415.855,415.855
1224,TT1,BESTEFFORT,COMPLETED,m4-1,412.532,"{'m1-1': 2.324, 'm2-1': 1.821, 'm3-1': 3.707, 'm4-1': 0.722}",1.083,413.90499999999986,414.62699999999984,inf,417.532,417.532
1225,TT4,BESTEFFORT,COMPLETED,m4-1,412.554,"{'m1-1': 2.06, 'm2-1': 1.411, 'm3-1': 4.289, 'm4-1': 0.916}",1.374,414.62699999999984,415.54299999999984,inf,417.554,417.554
1226,TT4,BESTEFFORT,COMPLETED,m2-1,412.912,"{'m1-1': 2.261, 'm2-1': 1.827, 'm3-1': 4.145, 'm4-1': 0.898}",5.481,415.18,417.007,inf,417.912,417.912
1227,TT3,BESTEFFORT,COMPLETED,m1-1,413.007,"{'m1-1': 1.909, 'm2-1': 1.651, 'm3-1': 4.309, 'm4-1': 0.742}",3.0544000000000002,415.855,417.764,inf,418.207,418.207
1228,TT1,BESTEFFORT,COMPLETED,m4-1,413.175,"{'m1-1': 1.988, 'm2-1': 1.462, 'm3-1': 3.748, 'm4-1': 0.815}",1.2225,415.54299999999984,416.35799999999983,inf,418.175,418.175
1229,TT3,BESTEFFORT,COMPLETED,m2-1,413.252,"{'m1-1': 2.383, 'm2-1': 1.351, 'm3-1': 5.046, 'm4-1': 0.747}",4.053,417.007,418.358,inf,418.452,418.452
1230,TT4,BESTEFFORT,COMPLETED,m4-1,414.017,"{'m1-1': 2.03, 'm2-1': 1.629, 'm3-1': 4.659, 'm4-1': 0.938}",1.407,416.35799999999983,417.2959999999998,inf,419.017,419.017
1231,TT1,BESTEFFORT,COMPLETED,m4-1,415.124,"{'m1-1': 2.359, 'm2-1': 1.672, 'm3-1': 3.807, 'm4-1': 0.668}",1.002,417.2959999999998,417.9639999999998,inf,420.124,420.124
1232,TT1,BESTEFFORT,COMPLETED,m1-1,415.313,"{'m1-1': 2.528, 'm2-1': 1.422, 'm3-1': 4.988, 'm4-1': 0.811}",4.0448,417.764,420.29200000000003,inf,420.313,420.313
1233,TT4,BESTEFFORT,COMPLETED,m4-1,415.694,"{'m1-1': 1.925, 'm2-1': 1.624, 'm3-1': 4.986, 'm4-1': 1.0}",1.5,417.9639999999998,418.9639999999998,inf,420.694,420.694
1234,TT2,BESTEFFORT,COMPLETED,m2-1,416.008,"{'m1-1': 2.073, 'm2-1': 1.614, 'm3-1': 3.635, 'm4-1': 0.719}",4.8420000000000005,418.358,419.972,inf,421.108,421.108
1235,TT3,BESTEFFORT,COMPLETED,m3-1,416.019,"{'m1-1': 2.107, 'm2-1': 1.399, 'm3-1': 5.118, 'm4-1': 0.884}",9.2124,416.019,421.137,inf,421.219,421.219
1236,TT3,BESTEFFORT,COMPLETED,m4-1,416.503,"{'m1-1': 1.955, 'm2-1': 1.6, 'm3-1': 5.003, 'm4-1': 0.981}",1.4715,418.9639999999998,419.9449999999998,inf,421.703,421.703
1237,TT1,BESTEFFORT,MISSED,m1-1,416.874,"{'m1-1': 2.179, 'm2-1': 1.566, 'm3-1': 4.051, 'm4-1': 0.713}",2.53119999999999,420.29200000000003,inf,421.874,421.874,421.874
1238,TT4,BESTEFFORT,COMPLETED,m2-1,417.14,"{'m1-1': 2.212, 'm2-1': 1.69, 'm3-1': 4.584, 'm4-1': 0.792}",5.07,419.972,421.662,inf,422.14,422.14
1239,TT2,BESTEFFORT,COMPLETED,m4-1,417.895,"{'m1-1': 2.263, 'm2-1': 1.735, 'm3-1': 3.934, 'm4-1': 0.996}",1.494,419.9449999999998,420.9409999999998,inf,422.995,422.995
1240,TT2,BESTEFFORT,COMPLETED,m4-1,418.285,"{'m1-1': 2.277, 'm2-1': 1.789, 'm3-1': 5.085, 'm4-1': 0.92}",1.3800000000000001,420.9409999999998,421.8609999999998,inf,423.38500000000005,423.38500000000005
1241,TT3,BESTEFFORT,COMPLETED,m2-1,418.49,"{'m1-1': 2.007, 'm2-1': 1.451, 'm3-1': 5.281, 'm4-1': 0.841}",4.353,421.662,423.113,inf,423.69,423.69
1242,TT2,BESTEFFORT,MISSED,m1-1,418.533,"{'m1-1': 2.269, 'm2-1': 1.959, 'm3-1': 4.614, 'm4-1': 0.802}",2.8144000000000235,421.874,inf,423.63300000000004,423.63300000000004,423.63300000000004
1243,TT4,BESTEFFORT,MISSED,m3-1,418.573,"{'m1-1': 2.153, 'm2-1': 1.479, 'm3-1': 4.384, 'm4-1': 0.939}",4.384799999999962,421.137,inf,423.573,423.573,423.573
1244,TT1,BESTEFFORT,MISSED,m2-1,418.597,"{'m1-1': 2.49, 'm2-1': 1.859, 'm3-1': 3.663, 'm4-1': 0.854}",1.4519999999999413,423.113,inf,423.597,423.597,423.597
1245,TT1,BESTEFFORT,MISSED,m1-1,418.882,"{'m1-1': 2.025, 'm2-1': 1.691, 'm3-1': 4.182, 'm4-1': 0.616}",0.3983999999999469,423.63300000000004,inf,423.882,423.882,423.882
1246,TT4,BESTEFFORT,MISSED,m3-1,418.918,"{'m1-1': 1.854, 'm2-1': 1.568, 'm3-1': 4.591, 'm4-1': 0.972}",0.6210000000000492,423.573,inf,423.918,423.918,423.918
1247,TT3,BESTEFFORT,COMPLETED,m4-1,419.068,"{'m1-1': 2.075, 'm2-1': 1.432, 'm3-1': 4.958, 'm4-1': 0.871}",1.3065,421.8609999999998,422.7319999999998,inf,424.268,424.268
1248,TT3,BESTEFFORT,MISSED,m3-1,419.676,"{'m1-1': 1.786, 'm2-1': 1.551, 'm3-1': 5.014, 'm4-1': 0.905}",1.724399999999946,423.918,inf,424.876,424.876,424.876
1249,TT2,BESTEFFORT,COMPLETED,m4-1,419.726,"{'m1-1': 2.177, 'm2-1': 1.615, 'm3-1': 4.729, 'm4-1': 0.779}",1.1685,422.7319999999998,423.5109999999998,inf,424.826,424.826
1250,TT1,BESTEFFORT,MISSED,m2-1,420.15,"{'m1-1': 2.493, 'm2-1': 1.616, 'm3-1': 4.759, 'm4-1': 0.766}",4.658999999999992,423.597,inf,425.15,425.15,425.15
1251,TT2,BESTEFFORT,MISSED,m1-1,420.226,"{'m1-1': 2.269, 'm2-1': 1.813, 'm3-1': 4.182, 'm4-1': 0.815}",2.310400000000027,423.882,inf,425.326,425.326,425.326
1252,TT2,BESTEFFORT,COMPLETED,m4-1,420.247,"{'m1-1': 1.926, 'm2-1': 1.864, 'm3-1': 4.444, 'm4-1': 0.827}",1.2405,423.5109999999998,424.3379999999998,inf,425.34700000000004,425.34700000000004
1253,TT1,BESTEFFORT,MISSED,m3-1,420.547,"{'m1-1': 2.358, 'm2-1': 1.586, 'm3-1': 4.858, 'm4-1': 0.708}",1.2078000000000884,424.876,inf,425.547,425.547,425.547
1254,TT3,BESTEFFORT,COMPLETED,m4-1,420.828,"{'m1-1': 1.901, 'm2-1': 1.78, 'm3-1': 5.741, 'm4-1': 0.859}",1.2885,424.3379999999998,425.1969999999998,inf,426.02799999999996,426.02799999999996
1255,TT2,BESTEFFORT,MISSED,m2-1,420.851,"{'m1-1': 2.122, 'm2-1': 1.841, 'm3-1': 4.274, 'm4-1': 0.937}",2.4030000000001337,425.15,inf,425.951,425.951,425.951
1256,TT1,BESTEFFORT,MISSED,m1-1,421.415,"{'m1-1': 2.388, 'm2-1': 1.779, 'm3-1': 4.823, 'm4-1': 0.679}",1.742399999999998,425.326,inf,426.415,426.415,426.415
1257,TT4,BESTEFFORT,COMPLETED,m4-1,421.635,"{'m1-1': 2.412, 'm2-1': 1.837, 'm3-1': 4.545, 'm4-1': 0.881}",1.3215,425.1969999999998,426.07799999999975,inf,426.635,426.635
1258,TT1,BESTEFFORT,MISSED,m2-1,421.76,"{'m1-1': 2.315, 'm2-1': 1.869, 'm3-1': 3.61, 'm4-1': 0.652}",2.4269999999999072,425.951,inf,426.76,426.76,426.76
1259,TT1,BESTEFFORT,MISSED,m4-1,421.832,"{'m1-1': 2.177, 'm2-1': 1.699, 'm3-1': 4.386, 'm4-1': 0.797}",1.1310000000003697,426.07799999999975,inf,426.832,426.832,426.832
1260,TT4,BESTEFFORT,MISSED,m3-1,422.008,"{'m1-1': 1.961, 'm2-1': 1.436, 'm3-1': 5.049, 'm4-1': 0.94}",2.629799999999921,425.547,inf,427.008,427.008,427.008
1261,TT2,BESTEFFORT,MISSED,m1-1,422.216,"{'m1-1': 2.643, 'm2-1': 1.953, 'm3-1': 4.112, 'm4-1': 0.949}",1.4416000000000169,426.415,inf,427.31600000000003,427.31600000000003,427.31600000000003
1262,TT4,BESTEFFORT,MISSED,m2-1,422.234,"{'m1-1': 2.388, 'm2-1': 1.784, 'm3-1': 4.871, 'm4-1': 0.759}",1.4219999999999686,426.76,inf,427.234,427.234,427.234
1263,TT3,BESTEFFORT,MISSED,m1-1,422.484,"{'m1-1': 1.785, 'm2-1': 1.588, 'm3-1': 5.951, 'm4-1': 0.952}",0.5887999999999011,427.31600000000003,inf,427.68399999999997,427.68399999999997,427.68399999999997
1264,TT3,BESTEFFORT,MISSED,m3-1,422.654,"{'m1-1': 2.253, 'm2-1': 1.531, 'm3-1': 4.553, 'm4-1': 0.882}",1.5228000000000066,427.008,inf,427.854,427.854,427.854
1265,TT4,BESTEFFORT,COMPLETED,m4-1,422.986,"{'m1-1': 2.235, 'm2-1': 1.827, 'm3-1': 4.473, 'm4-1': 1.05}",1.5750000000000002,426.832,427.882,inf,427.986,427.986
1266,TT3,BESTEFFORT,MISSED,m3-1,423.002,"{'m1-1': 1.771, 'm2-1': 1.583, 'm3-1': 5.417, 'm4-1': 0.748}",0.6264000000000237,427.854,inf,428.202,428.202,428.202
1267,TT4,BESTEFFORT,MISSED,m2-1,423.528,"{'m1-1': 2.198, 'm2-1': 1.736, 'm3-1': 4.479, 'm4-1': 0.78}",3.8820000000001187,427.234,inf,428.528,428.528,428.528
1268,TT3,BESTEFFORT,MISSED,m3-1,423.726,"{'m1-1': 1.895, 'm2-1': 1.715, 'm3-1': 4.362, 'm4-1': 0.844}",1.3031999999999813,428.202,inf,428.926,428.926,428.926
1269,TT4,BESTEFFORT,MISSED,m4-1,423.8,"{'m1-1': 2.003, 'm2-1': 1.662, 'm3-1': 4.768, 'm4-1': 0.929}",1.3770000000000095,427.882,inf,428.8,428.8,428.8
1270,TT1,BESTEFFORT,MISSED,m1-1,423.854,"{'m1-1': 2.193, 'm2-1': 1.707, 'm3-1': 5.099, 'm4-1': 0.716}",1.8720000000000256,427.68399999999997,inf,428.854,428.854,428.854
1271,TT2,BESTEFFORT,MISSED,m2-1,424.707,"{'m1-1': 1.922, 'm2-1': 1.628, 'm3-1': 4.465, 'm4-1': 0.953}",3.836999999999989,428.528,inf,429.807,429.807,429.807
1272,TT2,BESTEFFORT,COMPLETED,m4-1,424.763,"{'m1-1': 2.116, 'm2-1': 1.959, 'm3-1': 4.162, 'm4-1': 0.912}",1.368,428.8,429.712,inf,429.863,429.863
1273,TT2,BESTEFFORT,MISSED,m1-1,425.029,"{'m1-1': 2.408, 'm2-1': 2.123, 'm3-1': 5.098, 'm4-1': 0.984}",2.0400000000000547,428.854,inf,430.129,430.129,430.129
1274,TT3,BESTEFFORT,COMPLETED,m4-1,426.648,"{'m1-1': 2.119, 'm2-1': 1.345, 'm3-1': 5.792, 'm4-1': 0.818}",1.2269999999999999,429.712,430.53,inf,431.848,431.848
1275,TT1,BESTEFFORT,COMPLETED,m2-1,426.68,"{'m1-1': 2.031, 'm2-1': 1.479, 'm3-1': 4.34, 'm4-1': 0.83}",4.437,429.807,431.286,inf,431.68,431.68
1276,TT4,BESTEFFORT,MISSED,m3-1,427.133,"{'m1-1': 2.381, 'm2-1': 1.36, 'm3-1': 3.871, 'm4-1': 0.903}",5.772599999999989,428.926,inf,432.133,432.133,432.133
1277,TT2,BESTEFFORT,MISSED,m2-1,427.278,"{'m1-1': 2.549, 'm2-1': 1.791, 'm3-1': 4.444, 'm4-1': 0.928}",3.276000000000124,431.286,inf,432.37800000000004,432.37800000000004,432.37800000000004
1278,TT1,BESTEFFORT,MISSED,m1-1,427.566,"{'m1-1': 2.509, 'm2-1': 1.44, 'm3-1': 4.523, 'm4-1': 0.774}",3.899199999999928,430.129,inf,432.566,432.566,432.566
1279,TT3,BESTEFFORT,MISSED,m1-1,427.593,"{'m1-1': 1.936, 'm2-1': 1.521, 'm3-1': 5.045, 'm4-1': 0.883}",0.3632000000000517,432.566,inf,432.793,432.793,432.793
1280,TT3,BESTEFFORT,MISSED,m3-1,427.776,"{'m1-1': 2.329, 'm2-1': 1.396, 'm3-1': 4.883, 'm4-1': 0.725}",1.517400000000032,432.133,inf,432.976,432.976,432.976
1281,TT3,BESTEFFORT,COMPLETED,m4-1,428.06,"{'m1-1': 2.273, 'm2-1': 1.393, 'm3-1': 5.567, 'm4-1': 0.849}",1.2734999999999999,430.53,431.37899999999996,inf,433.26,433.26
1282,TT4,BESTEFFORT,MISSED,m3-1,428.063,"{'m1-1': 2.189, 'm2-1': 1.414, 'm3-1': 4.521, 'm4-1': 0.845}",0.15659999999998037,432.976,inf,433.063,433.063,433.063
1283,TT2,BESTEFFORT,MISSED,m2-1,428.336,"{'m1-1': 1.951, 'm2-1': 1.721, 'm3-1': 5.069, 'm4-1': 0.975}",3.173999999999978,432.37800000000004,inf,433.43600000000004,433.43600000000004,433.43600000000004
1284,TT3,BESTEFFORT,MISSED,m3-1,428.49,"{'m1-1': 2.22, 'm2-1': 1.471, 'm3-1': 4.572, 'm4-1': 0.743}",1.1286000000000171,433.063,inf,433.69,433.69,433.69
1285,TT4,BESTEFFORT,COMPLETED,m4-1,428.555,"{'m1-1': 2.335, 'm2-1': 1.799, 'm3-1': 4.17, 'm4-1': 0.91}",1.365,431.37899999999996,432.289,inf,433.555,433.555
1286,TT1,BESTEFFORT,MISSED,m1-1,428.677,"{'m1-1': 2.051, 'm2-1': 1.703, 'm3-1': 4.388, 'm4-1': 0.762}",1.4144000000000234,432.793,inf,433.677,433.677,433.677
1287,TT3,BESTEFFORT,COMPLETED,m4-1,429.523,"{'m1-1': 1.741, 'm2-1': 1.561, 'm3-1': 5.676, 'm4-1': 0.97}",1.455,432.289,433.259,inf,434.723,434.723
1288,TT1,BESTEFFORT,COMPLETED,m2-1,430.517,"{'m1-1': 2.369, 'm2-1': 1.738, 'm3-1': 3.693, 'm4-1': 0.698}",5.214,433.43600000000004,435.17400000000004,inf,435.517,435.517
1289,TT4,BESTEFFORT,COMPLETED,m4-1,430.666,"{'m1-1': 1.804, 'm2-1': 1.739, 'm3-1': 4.139, 'm4-1': 0.894}",1.341,433.259,434.153,inf,435.666,435.666
1290,TT3,BESTEFFORT,COMPLETED,m1-1,430.681,"{'m1-1': 2.046, 'm2-1': 1.58, 'm3-1': 4.787, 'm4-1': 0.885}",3.2736,433.677,435.723,inf,435.881,435.881
1291,TT2,BESTEFFORT,MISSED,m2-1,430.909,"{'m1-1': 2.126, 'm2-1': 1.925, 'm3-1': 4.06, 'm4-1': 0.928}",2.5049999999999386,435.17400000000004,inf,436.009,436.009,436.009
1292,TT4,BESTEFFORT,COMPLETED,m4-1,431.18,"{'m1-1': 2.208, 'm2-1': 1.799, 'm3-1': 3.788, 'm4-1': 0.826}",1.2389999999999999,434.153,434.97900000000004,inf,436.18,436.18
1293,TT1,BESTEFFORT,MISSED,m3-1,431.397,"{'m1-1': 1.922, 'm2-1': 1.878, 'm3-1': 4.225, 'm4-1': 0.785}",4.872599999999989,433.69,inf,436.397,436.397,436.397
1294,TT3,BESTEFFORT,MISSED,m2-1,431.733,"{'m1-1': 1.909, 'm2-1': 1.473, 'm3-1': 4.278, 'm4-1': 0.775}",2.7719999999999345,436.009,inf,436.933,436.933,436.933
1295,TT4,BESTEFFORT,COMPLETED,m4-1,431.878,"{'m1-1': 1.819, 'm2-1': 1.853, 'm3-1': 3.675, 'm4-1': 0.823}",1.2345,434.97900000000004,435.802,inf,436.878,436.878
1296,TT3,BESTEFFORT,MISSED,m1-1,432.181,"{'m1-1': 2.369, 'm2-1': 1.381, 'm3-1': 5.896, 'm4-1': 0.759}",2.652799999999934,435.723,inf,437.381,437.381,437.381
1297,TT3,BESTEFFORT,MISSED,m1-1,432.895,"{'m1-1': 1.816, 'm2-1': 1.715, 'm3-1': 4.901, 'm4-1': 0.839}",1.1423999999999979,437.381,inf,438.09499999999997,438.09499999999997,438.09499999999997
1298,TT3,BESTEFFORT,MISSED,m3-1,433.231,"{'m1-1': 2.417, 'm2-1': 1.764, 'm3-1': 5.092, 'm4-1': 0.768}",3.6611999999999854,436.397,inf,438.431,438.431,438.431
1299,TT2,BESTEFFORT,COMPLETED,m4-1,433.562,"{'m1-1': 2.008, 'm2-1': 1.991, 'm3-1': 5.068, 'm4-1': 0.883}",1.3245,435.802,436.685,inf,438.66200000000003,438.66200000000003
1300,TT2,BESTEFFORT,COMPLETED,m4-1,434.606,"{'m1-1': 2.504, 'm2-1': 2.025, 'm3-1': 4.919, 'm4-1': 0.972}",1.458,436.685,437.657,inf,439.706,439.706
1301,TT3,BESTEFFORT,COMPLETED,m2-1,435.053,"{'m1-1': 2.322, 'm2-1': 1.659, 'm3-1': 4.305, 'm4-1': 0.982}",4.977,436.933,438.592,inf,440.253,440.253
1302,TT2,BESTEFFORT,COMPLETED,m4-1,435.295,"{'m1-1': 2.164, 'm2-1': 1.936, 'm3-1': 4.312, 'm4-1': 0.954}",1.431,437.657,438.611,inf,440.39500000000004,440.39500000000004
1303,TT3,BESTEFFORT,COMPLETED,m2-1,435.472,"{'m1-1': 2.085, 'm2-1': 1.393, 'm3-1': 4.314, 'm4-1': 0.984}",4.179,438.592,439.98499999999996,inf,440.67199999999997,440.67199999999997
1304,TT1,BESTEFFORT,COMPLETED,m4-1,435.88,"{'m1-1': 2.444, 'm2-1': 1.447, 'm3-1': 3.848, 'm4-1': 0.786}",1.179,438.611,439.397,inf,440.88,440.88
1305,TT2,BESTEFFORT,COMPLETED,m1-1,435.971,"{'m1-1': 2.075, 'm2-1': 2.107, 'm3-1': 4.345, 'm4-1': 0.911}",3.3200000000000003,438.09499999999997,440.16999999999996,inf,441.071,441.071
1306,TT1,BESTEFFORT,COMPLETED,m4-1,437.623,"{'m1-1': 1.985, 'm2-1': 1.423, 'm3-1': 3.838, 'm4-1': 0.627}",0.9405,439.397,440.024,inf,442.623,442.623
1307,TT1,BESTEFFORT,COMPLETED,m4-1,438.062,"{'m1-1': 2.054, 'm2-1': 1.98, 'm3-1': 4.915, 'm4-1': 0.611}",0.9165,440.024,440.635,inf,443.062,443.062
1308,TT1,BESTEFFORT,COMPLETED,m2-1,438.097,"{'m1-1': 2.577, 'm2-1': 1.649, 'm3-1': 4.405, 'm4-1': 0.773}",4.947,439.98499999999996,441.63399999999996,inf,443.097,443.097
1309,TT2,BESTEFFORT,COMPLETED,m1-1,438.284,"{'m1-1': 2.215, 'm2-1': 1.539, 'm3-1': 4.987, 'm4-1': 0.794}",3.544,440.16999999999996,442.38499999999993,inf,443.384,443.384
1310,TT4,BESTEFFORT,COMPLETED,m4-1,438.968,"{'m1-1': 2.381, 'm2-1': 1.859, 'm3-1': 4.371, 'm4-1': 0.779}",1.1685,440.635,441.414,inf,443.968,443.968
1311,TT3,BESTEFFORT,COMPLETED,m2-1,439.073,"{'m1-1': 2.247, 'm2-1': 1.733, 'm3-1': 4.895, 'm4-1': 0.838}",5.199,441.63399999999996,443.36699999999996,inf,444.27299999999997,444.27299999999997
1312,TT4,BESTEFFORT,COMPLETED,m3-1,439.131,"{'m1-1': 2.036, 'm2-1': 1.404, 'm3-1': 3.948, 'm4-1': 0.819}",7.1064,439.131,443.07899999999995,inf,444.131,444.131
1313,TT1,BESTEFFORT,COMPLETED,m4-1,440.222,"{'m1-1': 2.359, 'm2-1': 1.815, 'm3-1': 4.266, 'm4-1': 0.676}",1.014,441.414,442.09,inf,445.222,445.222
1314,TT4,BESTEFFORT,COMPLETED,m4-1,440.431,"{'m1-1': 2.302, 'm2-1': 1.859, 'm3-1': 3.869, 'm4-1': 1.012}",1.518,442.09,443.102,inf,445.431,445.431
1315,TT1,BESTEFFORT,COMPLETED,m1-1,440.53,"{'m1-1': 1.982, 'm2-1': 1.531, 'm3-1': 5.11, 'm4-1': 0.72}",3.1712000000000002,442.38499999999993,444.36699999999996,inf,445.53,445.53
1316,TT4,BESTEFFORT,COMPLETED,m4-1,440.751,"{'m1-1': 1.755, 'm2-1': 1.364, 'm3-1': 4.648, 'm4-1': 1.038}",1.557,443.102,444.14,inf,445.751,445.751
1317,TT2,BESTEFFORT,COMPLETED,m2-1,440.858,"{'m1-1': 2.183, 'm2-1': 1.917, 'm3-1': 5.095, 'm4-1': 0.904}",5.751,443.36699999999996,445.28399999999993,inf,445.958,445.958
1318,TT1,BESTEFFORT,COMPLETED,m4-1,441.618,"{'m1-1': 2.373, 'm2-1': 1.646, 'm3-1': 4.632, 'm4-1': 0.84}",1.26,444.14,444.97999999999996,inf,446.618,446.618
1319,TT1,BESTEFFORT,COMPLETED,m4-1,442.331,"{'m1-1': 2.517, 'm2-1': 1.814, 'm3-1': 4.533, 'm4-1': 0.645}",0.9675,444.97999999999996,445.62499999999994,inf,447.331,447.331
1320,TT3,BESTEFFORT,COMPLETED,m2-1,442.552,"{'m1-1': 2.236, 'm2-1': 1.501, 'm3-1': 5.158, 'm4-1': 0.984}",4.503,445.28399999999993,446.7849999999999,inf,447.752,447.752
1321,TT2,BESTEFFORT,COMPLETED,m1-1,442.567,"{'m1-1': 2.248, 'm2-1': 2.088, 'm3-1': 4.855, 'm4-1': 1.011}",3.5968000000000004,444.36699999999996,446.61499999999995,inf,447.66700000000003,447.66700000000003
1322,TT4,BESTEFFORT,COMPLETED,m3-1,442.717,"{'m1-1': 1.931, 'm2-1': 1.477, 'm3-1': 4.604, 'm4-1': 0.992}",8.2872,443.07899999999995,447.68299999999994,inf,447.717,447.717
1323,TT3,BESTEFFORT,MISSED,m2-1,442.778,"{'m1-1': 2.057, 'm2-1': 1.41, 'm3-1': 5.778, 'm4-1': 0.85}",3.579000000000292,446.7849999999999,inf,447.978,447.978,447.978
1324,TT4,BESTEFFORT,COMPLETED,m4-1,443.328,"{'m1-1': 2.116, 'm2-1': 1.452, 'm3-1': 3.656, 'm4-1': 0.949}",1.4235,445.62499999999994,446.57399999999996,inf,448.328,448.328
1325,TT4,BESTEFFORT,MISSED,m1-1,443.501,"{'m1-1': 2.166, 'm2-1': 1.649, 'm3-1': 4.01, 'm4-1': 0.841}",3.017600000000039,446.61499999999995,inf,448.501,448.501,448.501
1326,TT3,BESTEFFORT,MISSED,m2-1,443.562,"{'m1-1': 2.013, 'm2-1': 1.556, 'm3-1': 4.989, 'm4-1': 0.88}",2.3519999999999754,447.978,inf,448.762,448.762,448.762
1327,TT1,BESTEFFORT,MISSED,m1-1,444.003,"{'m1-1': 1.882, 'm2-1': 1.762, 'm3-1': 4.666, 'm4-1': 0.83}",0.8032000000000153,448.501,inf,449.003,449.003,449.003
1328,TT3,BESTEFFORT,MISSED,m3-1,444.04,"{'m1-1': 1.937, 'm2-1': 1.292, 'm3-1': 5.622, 'm4-1': 0.795}",2.802600000000132,447.68299999999994,inf,449.24,449.24,449.24
1329,TT4,BESTEFFORT,COMPLETED,m4-1,444.257,"{'m1-1': 1.884, 'm2-1': 1.403, 'm3-1': 4.939, 'm4-1': 0.926}",1.389,446.57399999999996,447.49999999999994,inf,449.257,449.257
1330,TT3,BESTEFFORT,MISSED,m1-1,444.565,"{'m1-1': 1.786, 'm2-1': 1.741, 'm3-1': 4.617, 'm4-1': 0.738}",1.2192000000000007,449.003,inf,449.765,449.765,449.765
1331,TT3,BESTEFFORT,MISSED,m3-1,444.628,"{'m1-1': 1.97, 'm2-1': 1.71, 'm3-1': 5.658, 'm4-1': 0.928}",1.0583999999999378,449.24,inf,449.828,449.828,449.828
1332,TT3,BESTEFFORT,MISSED,m3-1,444.664,"{'m1-1': 1.89, 'm2-1': 1.557, 'm3-1': 5.444, 'm4-1': 0.958}",0.06480000000000245,449.828,inf,449.864,449.864,449.864
1333,TT1,BESTEFFORT,COMPLETED,m4-1,445.538,"{'m1-1': 2.276, 'm2-1': 1.708, 'm3-1': 4.068, 'm4-1': 0.794}",1.191,447.49999999999994,448.2939999999999,inf,450.538,450.538
1334,TT4,BESTEFFORT,COMPLETED,m4-1,445.636,"{'m1-1': 1.925, 'm2-1': 1.524, 'm3-1': 3.704, 'm4-1': 0.925}",1.3875000000000002,448.2939999999999,449.21899999999994,inf,450.636,450.636
1335,TT4,BESTEFFORT,COMPLETED,m2-1,446.117,"{'m1-1': 1.736, 'm2-1': 1.854, 'm3-1': 4.118, 'm4-1': 0.79}",5.562,448.762,450.616,inf,451.117,451.117
1336,TT1,BESTEFFORT,COMPLETED,m4-1,446.353,"{'m1-1': 2.187, 'm2-1': 1.795, 'm3-1': 4.456, 'm4-1': 0.837}",1.2555,449.21899999999994,450.0559999999999,inf,451.353,451.353
1337,TT3,BESTEFFORT,COMPLETED,m1-1,446.68,"{'m1-1': 1.901, 'm2-1': 1.718, 'm3-1': 5.477, 'm4-1': 0.756}",3.0416000000000003,449.765,451.666,inf,451.88,451.88
1338,TT3,BESTEFFORT,MISSED,m2-1,446.729,"{'m1-1': 2.035, 'm2-1': 1.395, 'm3-1': 5.976, 'm4-1': 0.904}",3.9389999999999645,450.616,inf,451.929,451.929,451.929
1339,TT4,BESTEFFORT,COMPLETED,m4-1,447.488,"{'m1-1': 2.345, 'm2-1': 1.715, 'm3-1': 4.211, 'm4-1': 0.986}",1.479,450.0559999999999,451.0419999999999,inf,452.488,452.488
1340,TT3,BESTEFFORT,COMPLETED,m2-1,448.222,"{'m1-1': 2.034, 'm2-1': 1.432, 'm3-1': 4.785, 'm4-1': 0.931}",4.295999999999999,451.929,453.361,inf,453.42199999999997,453.42199999999997
1341,TT1,BESTEFFORT,COMPLETED,m4-1,448.303,"{'m1-1': 2.24, 'm2-1': 1.89, 'm3-1': 3.937, 'm4-1': 0.738}",1.107,451.0419999999999,451.7799999999999,inf,453.303,453.303
1342,TT4,BESTEFFORT,MISSED,m3-1,448.414,"{'m1-1': 2.093, 'm2-1': 1.387, 'm3-1': 4.258, 'm4-1': 0.762}",6.390000000000021,449.864,inf,453.414,453.414,453.414
1343,TT1,BESTEFFORT,MISSED,m1-1,448.444,"{'m1-1': 2.443, 'm2-1': 1.859, 'm3-1': 4.43, 'm4-1': 0.833}",2.844800000000032,451.666,inf,453.444,453.444,453.444
1344,TT1,BESTEFFORT,MISSED,m2-1,448.508,"{'m1-1': 2.228, 'm2-1': 1.623, 'm3-1': 4.986, 'm4-1': 0.65}",0.4409999999999741,453.361,inf,453.508,453.508,453.508
1345,TT1,BESTEFFORT,MISSED,m1-1,448.738,"{'m1-1': 1.988, 'm2-1': 1.862, 'm3-1': 4.025, 'm4-1': 0.745}",0.4703999999999724,453.444,inf,453.738,453.738,453.738
1346,TT3,BESTEFFORT,COMPLETED,m4-1,448.867,"{'m1-1': 2.091, 'm2-1': 1.628, 'm3-1': 5.8, 'm4-1': 0.884}",1.326,451.7799999999999,452.66399999999993,inf,454.067,454.067
1347,TT2,BESTEFFORT,MISSED,m3-1,449.121,"{'m1-1': 2.368, 'm2-1': 1.787, 'm3-1': 4.275, 'm4-1': 0.811}",1.4526000000000294,453.414,inf,454.221,454.221,454.221
1348,TT2,BESTEFFORT,MISSED,m1-1,449.83,"{'m1-1': 2.043, 'm2-1': 1.58, 'm3-1': 3.828, 'm4-1': 0.803}",1.9072000000000118,453.738,inf,454.93,454.93,454.93
1349,TT1,BESTEFFORT,MISSED,m3-1,449.979,"{'m1-1': 2.406, 'm2-1': 1.577, 'm3-1': 4.455, 'm4-1': 0.818}",1.3643999999999665,454.221,inf,454.979,454.979,454.979
1350,TT1,BESTEFFORT,COMPLETED,m4-1,450.541,"{'m1-1': 1.982, 'm2-1': 1.651, 'm3-1': 4.843, 'm4-1': 0.686}",1.0290000000000001,452.66399999999993,453.3499999999999,inf,455.541,455.541
1351,TT3,BESTEFFORT,COMPLETED,m2-1,450.62,"{'m1-1': 1.977, 'm2-1': 1.767, 'm3-1': 5.824, 'm4-1': 0.811}",5.301,453.508,455.275,inf,455.82,455.82
1352,TT1,BESTEFFORT,MISSED,m3-1,450.926,"{'m1-1': 2.014, 'm2-1': 1.417, 'm3-1': 3.644, 'm4-1': 0.742}",1.704600000000005,454.979,inf,455.926,455.926,455.926
1353,TT3,BESTEFFORT,COMPLETED,m4-1,451.171,"{'m1-1': 1.984, 'm2-1': 1.602, 'm3-1': 4.622, 'm4-1': 0.828}",1.242,453.3499999999999,454.1779999999999,inf,456.371,456.371
1354,TT3,BESTEFFORT,COMPLETED,m4-1,451.602,"{'m1-1': 2.281, 'm2-1': 1.526, 'm3-1': 4.427, 'm4-1': 0.79}",1.185,454.1779999999999,454.9679999999999,inf,456.80199999999996,456.80199999999996
1355,TT2,BESTEFFORT,MISSED,m1-1,451.65,"{'m1-1': 2.537, 'm2-1': 2.045, 'm3-1': 3.954, 'm4-1': 0.893}",2.9119999999999893,454.93,inf,456.75,456.75,456.75
1356,TT3,BESTEFFORT,COMPLETED,m4-1,452.702,"{'m1-1': 1.926, 'm2-1': 1.602, 'm3-1': 5.65, 'm4-1': 1.004}",1.506,454.9679999999999,455.9719999999999,inf,457.902,457.902
1357,TT1,BESTEFFORT,COMPLETED,m2-1,453.179,"{'m1-1': 2.078, 'm2-1': 1.918, 'm3-1': 4.138, 'm4-1': 0.64}",5.754,455.275,457.193,inf,458.179,458.179
1358,TT2,BESTEFFORT,COMPLETED,m4-1,453.256,"{'m1-1': 2.607, 'm2-1': 1.57, 'm3-1': 4.797, 'm4-1': 0.847}",1.2705,455.9719999999999,456.8189999999999,inf,458.356,458.356
1359,TT3,BESTEFFORT,MISSED,m2-1,453.318,"{'m1-1': 2.266, 'm2-1': 1.358, 'm3-1': 5.726, 'm4-1': 0.885}",3.974999999999966,457.193,inf,458.518,458.518,458.518
1360,TT1,BESTEFFORT,MISSED,m1-1,453.653,"{'m1-1': 2.145, 'm2-1': 1.73, 'm3-1': 4.177, 'm4-1': 0.83}",3.0448000000000324,456.75,inf,458.653,458.653,458.653
1361,TT2,BESTEFFORT,MISSED,m2-1,453.693,"{'m1-1': 2.05, 'm2-1': 1.887, 'm3-1': 5.112, 'm4-1': 0.857}",0.8250000000001023,458.518,inf,458.793,458.793,458.793
1362,TT4,BESTEFFORT,COMPLETED,m4-1,454.424,"{'m1-1': 1.744, 'm2-1': 1.358, 'm3-1': 4.138, 'm4-1': 1.039}",1.5585,456.8189999999999,457.8579999999999,inf,459.424,459.424
1363,TT1,BESTEFFORT,MISSED,m3-1,454.82,"{'m1-1': 2.495, 'm2-1': 1.966, 'm3-1': 5.102, 'm4-1': 0.702}",7.00920000000001,455.926,inf,459.82,459.82,459.82
1364,TT1,BESTEFFORT,MISSED,m1-1,454.883,"{'m1-1': 2.244, 'm2-1': 1.61, 'm3-1': 3.628, 'm4-1': 0.809}",1.9679999999999382,458.653,inf,459.883,459.883,459.883
1365,TT1,BESTEFFORT,COMPLETED,m4-1,455.191,"{'m1-1': 2.091, 'm2-1': 1.891, 'm3-1': 4.009, 'm4-1': 0.81}",1.215,457.8579999999999,458.6679999999999,inf,460.191,460.191
1366,TT2,BESTEFFORT,MISSED,m1-1,455.269,"{'m1-1': 2.218, 'm2-1': 1.978, 'm3-1': 3.659, 'm4-1': 0.968}",0.777600000000075,459.883,inf,460.369,460.369,460.369
1367,TT1,BESTEFFORT,COMPLETED,m4-1,456.031,"{'m1-1': 2.362, 'm2-1': 1.878, 'm3-1': 4.909, 'm4-1': 0.674}",1.0110000000000001,458.6679999999999,459.34199999999987,inf,461.031,461.031
1368,TT4,BESTEFFORT,COMPLETED,m2-1,456.636,"{'m1-1': 2.099, 'm2-1': 1.825, 'm3-1': 5.089, 'm4-1': 0.946}",5.475,458.793,460.618,inf,461.636,461.636
1369,TT4,BESTEFFORT,COMPLETED,m4-1,457.243,"{'m1-1': 2.314, 'm2-1': 1.774, 'm3-1': 4.585, 'm4-1': 1.038}",1.557,459.34199999999987,460.3799999999999,inf,462.243,462.243
1370,TT4,BESTEFFORT,COMPLETED,m2-1,457.653,"{'m1-1': 1.926, 'm2-1': 1.771, 'm3-1': 3.779, 'm4-1': 0.985}",5.313,460.618,462.389,inf,462.653,462.653
1371,TT4,BESTEFFORT,COMPLETED,m4-1,458.063,"{'m1-1': 2.136, 'm2-1': 1.796, 'm3-1': 3.954, 'm4-1': 0.799}",1.1985000000000001,460.3799999999999,461.17899999999986,inf,463.063,463.063
1372,TT3,BESTEFFORT,COMPLETED,m1-1,458.403,"{'m1-1': 2.182, 'm2-1': 1.594, 'm3-1': 5.588, 'm4-1': 0.764}",3.4912,460.369,462.55100000000004,inf,463.603,463.603
1373,TT2,BESTEFFORT,MISSED,m3-1,458.517,"{'m1-1': 2.587, 'm2-1': 1.828, 'm3-1': 4.368, 'm4-1': 0.728}",6.834600000000046,459.82,inf,463.617,463.617,463.617
1374,TT4,BESTEFFORT,COMPLETED,m4-1,458.715,"{'m1-1': 2.423, 'm2-1': 1.772, 'm3-1': 3.901, 'm4-1': 0.916}",1.374,461.17899999999986,462.09499999999986,inf,463.715,463.715
1375,TT1,BESTEFFORT,MISSED,m2-1,458.941,"{'m1-1': 2.388, 'm2-1': 1.611, 'm3-1': 4.57, 'm4-1': 0.613}",4.655999999999892,462.389,inf,463.941,463.941,463.941
1376,TT2,BESTEFFORT,COMPLETED,m4-1,459.632,"{'m1-1': 2.268, 'm2-1': 1.906, 'm3-1': 3.903, 'm4-1': 0.951}",1.4264999999999999,462.09499999999986,463.0459999999999,inf,464.732,464.732
1377,TT2,BESTEFFORT,COMPLETED,m1-1,460.296,"{'m1-1': 1.943, 'm2-1': 1.538, 'm3-1': 4.238, 'm4-1': 0.96}",3.1088000000000005,462.55100000000004,464.494,inf,465.396,465.396
1378,TT2,BESTEFFORT,COMPLETED,m4-1,460.457,"{'m1-1': 2.514, 'm2-1': 2.032, 'm3-1': 3.812, 'm4-1': 0.81}",1.215,463.0459999999999,463.8559999999999,inf,465.557,465.557
1379,TT4,BESTEFFORT,COMPLETED,m2-1,460.69,"{'m1-1': 1.898, 'm2-1': 1.366, 'm3-1': 4.618, 'm4-1': 0.914}",4.098000000000001,463.941,465.30699999999996,inf,465.69,465.69
1380,TT4,BESTEFFORT,MISSED,m1-1,460.805,"{'m1-1': 2.136, 'm2-1': 1.794, 'm3-1': 5.071, 'm4-1': 0.986}",2.0975999999999657,464.494,inf,465.805,465.805,465.805
1381,TT3,BESTEFFORT,MISSED,m2-1,460.937,"{'m1-1': 1.934, 'm2-1': 1.587, 'm3-1': 4.38, 'm4-1': 0.788}",2.490000000000123,465.30699999999996,inf,466.137,466.137,466.137
1382,TT2,BESTEFFORT,COMPLETED,m4-1,461.416,"{'m1-1': 2.312, 'm2-1': 2.036, 'm3-1': 4.231, 'm4-1': 0.867}",1.3005,463.8559999999999,464.7229999999999,inf,466.516,466.516
1383,TT4,BESTEFFORT,MISSED,m3-1,461.496,"{'m1-1': 2.291, 'm2-1': 1.793, 'm3-1': 4.071, 'm4-1': 1.05}",5.182199999999932,463.617,inf,466.496,466.496,466.496
1384,TT4,BESTEFFORT,MISSED,m1-1,461.904,"{'m1-1': 1.775, 'm2-1': 1.692, 'm3-1': 4.916, 'm4-1': 0.792}",1.7583999999999833,465.805,inf,466.904,466.904,466.904
1385,TT3,BESTEFFORT,COMPLETED,m4-1,462.28,"{'m1-1': 1.947, 'm2-1': 1.689, 'm3-1': 4.595, 'm4-1': 0.731}",1.0965,464.7229999999999,465.4539999999999,inf,467.47999999999996,467.47999999999996
1386,TT1,BESTEFFORT,MISSED,m3-1,462.302,"{'m1-1': 2.494, 'm2-1': 1.792, 'm3-1': 4.298, 'm4-1': 0.772}",1.450800000000072,466.496,inf,467.302,467.302,467.302
1387,TT2,BESTEFFORT,MISSED,m3-1,462.373,"{'m1-1': 2.509, 'm2-1': 2.12, 'm3-1': 4.243, 'm4-1': 0.732}",0.3077999999999861,467.302,inf,467.473,467.473,467.473
1388,TT4,BESTEFFORT,COMPLETED,m2-1,462.656,"{'m1-1': 2.296, 'm2-1': 1.476, 'm3-1': 4.865, 'm4-1': 0.954}",4.428,466.137,467.613,inf,467.656,467.656
1389,TT3,BESTEFFORT,MISSED,m1-1,463.027,"{'m1-1': 2.056, 'm2-1': 1.694, 'm3-1': 5.765, 'm4-1': 0.863}",2.1167999999999667,466.904,inf,468.227,468.227,468.227
1390,TT1,BESTEFFORT,COMPLETED,m4-1,463.154,"{'m1-1': 2.25, 'm2-1': 1.463, 'm3-1': 4.724, 'm4-1': 0.814}",1.2209999999999999,465.4539999999999,466.2679999999999,inf,468.154,468.154
1391,TT2,BESTEFFORT,MISSED,m3-1,463.356,"{'m1-1': 2.483, 'm2-1': 2.005, 'm3-1': 3.679, 'm4-1': 0.98}",1.7694000000000074,467.473,inf,468.456,468.456,468.456
1392,TT4,BESTEFFORT,COMPLETED,m4-1,463.918,"{'m1-1': 2.401, 'm2-1': 1.597, 'm3-1': 3.826, 'm4-1': 0.853}",1.2795,466.2679999999999,467.1209999999999,inf,468.918,468.918
1393,TT3,BESTEFFORT,COMPLETED,m2-1,464.635,"{'m1-1': 1.842, 'm2-1': 1.484, 'm3-1': 5.535, 'm4-1': 0.856}",4.452,467.613,469.097,inf,469.835,469.835
1394,TT2,BESTEFFORT,COMPLETED,m4-1,466.094,"{'m1-1': 2.156, 'm2-1': 1.856, 'm3-1': 3.732, 'm4-1': 0.866}",1.299,467.1209999999999,467.9869999999999,inf,471.194,471.194
1395,TT2,BESTEFFORT,COMPLETED,m4-1,466.489,"{'m1-1': 2.182, 'm2-1': 1.691, 'm3-1': 5.028, 'm4-1': 0.817}",1.2254999999999998,467.9869999999999,468.8039999999999,inf,471.589,471.589
1396,TT3,BESTEFFORT,COMPLETED,m4-1,466.697,"{'m1-1': 2.167, 'm2-1': 1.366, 'm3-1': 4.222, 'm4-1': 0.847}",1.2705,468.8039999999999,469.6509999999999,inf,471.897,471.897
1397,TT4,BESTEFFORT,COMPLETED,m1-1,466.93,"{'m1-1': 2.07, 'm2-1': 1.833, 'm3-1': 4.501, 'm4-1': 0.767}",3.312,468.227,470.29699999999997,inf,471.93,471.93
1398,TT3,BESTEFFORT,COMPLETED,m2-1,466.992,"{'m1-1': 2.318, 'm2-1': 1.301, 'm3-1': 4.81, 'm4-1': 0.743}",3.9029999999999996,469.097,470.39799999999997,inf,472.192,472.192
1399,TT3,BESTEFFORT,COMPLETED,m4-1,467.323,"{'m1-1': 2.202, 'm2-1': 1.466, 'm3-1': 5.551, 'm4-1': 0.879}",1.3185,469.6509999999999,470.5299999999999,inf,472.52299999999997,472.52299999999997
1400,TT3,BESTEFFORT,COMPLETED,m2-1,467.956,"{'m1-1': 2.231, 'm2-1': 1.749, 'm3-1': 5.413, 'm4-1': 1.005}",5.247,470.39799999999997,472.147,inf,473.156,473.156
1401,TT4,BESTEFFORT,COMPLETED,m4-1,468.128,"{'m1-1': 1.801, 'm2-1': 1.691, 'm3-1': 4.856, 'm4-1': 0.937}",1.4055,470.5299999999999,471.4669999999999,inf,473.128,473.128
1402,TT3,BESTEFFORT,COMPLETED,m1-1,468.252,"{'m1-1': 2.211, 'm2-1': 1.527, 'm3-1': 4.675, 'm4-1': 0.981}",3.5376,470.29699999999997,472.508,inf,473.452,473.452
1403,TT4,BESTEFFORT,COMPLETED,m3-1,468.27,"{'m1-1': 1.769, 'm2-1': 1.853, 'm3-1': 4.615, 'm4-1': 0.778}",8.307,468.456,473.071,inf,473.27,473.27
1404,TT2,BESTEFFORT,MISSED,m2-1,468.383,"{'m1-1': 2.195, 'm2-1': 1.565, 'm3-1': 3.838, 'm4-1': 0.771}",4.008000000000038,472.147,inf,473.483,473.483,473.483
1405,TT3,BESTEFFORT,MISSED,m1-1,468.431,"{'m1-1': 2.168, 'm2-1': 1.653, 'm3-1': 5.316, 'm4-1': 0.961}",1.7967999999999849,472.508,inf,473.631,473.631,473.631
1406,TT1,BESTEFFORT,MISSED,m1-1,468.463,"{'m1-1': 2.315, 'm2-1': 1.955, 'm3-1': 4.753, 'm4-1': 0.691}",0.0,473.631,inf,473.631,473.463,473.463
1407,TT4,BESTEFFORT,MISSED,m3-1,468.493,"{'m1-1': 2.426, 'm2-1': 1.785, 'm3-1': 3.981, 'm4-1': 1.028}",0.7595999999999435,473.071,inf,473.493,473.493,473.493
1408,TT2,BESTEFFORT,COMPLETED,m4-1,468.992,"{'m1-1': 2.316, 'm2-1': 1.535, 'm3-1': 3.75, 'm4-1': 0.863}",1.2945,471.4669999999999,472.3299999999999,inf,474.09200000000004,474.09200000000004
1409,TT4,BESTEFFORT,COMPLETED,m4-1,469.862,"{'m1-1': 1.828, 'm2-1': 1.799, 'm3-1': 5.049, 'm4-1': 0.758}",1.137,472.3299999999999,473.0879999999999,inf,474.862,474.862
1410,TT2,BESTEFFORT,MISSED,m2-1,470.059,"{'m1-1': 1.925, 'm2-1': 1.793, 'm3-1': 5.077, 'm4-1': 0.815}",5.028000000000134,473.483,inf,475.15900000000005,475.15900000000005,475.15900000000005
1411,TT3,BESTEFFORT,MISSED,m3-1,470.187,"{'m1-1': 2.238, 'm2-1': 1.28, 'm3-1': 5.813, 'm4-1': 0.844}",3.40920000000001,473.493,inf,475.387,475.387,475.387
1412,TT3,BESTEFFORT,COMPLETED,m4-1,471.434,"{'m1-1': 2.095, 'm2-1': 1.405, 'm3-1': 5.601, 'm4-1': 0.898}",1.347,473.0879999999999,473.98599999999993,inf,476.634,476.634
1413,TT1,BESTEFFORT,COMPLETED,m4-1,471.501,"{'m1-1': 2.026, 'm2-1': 1.918, 'm3-1': 4.005, 'm4-1': 0.811}",1.2165000000000001,473.98599999999993,474.7969999999999,inf,476.501,476.501
1414,TT2,BESTEFFORT,COMPLETED,m1-1,471.555,"{'m1-1': 2.135, 'm2-1': 1.856, 'm3-1': 5.131, 'm4-1': 0.852}",3.416,473.631,475.76599999999996,inf,476.65500000000003,476.65500000000003
1415,TT2,BESTEFFORT,MISSED,m2-1,471.706,"{'m1-1': 2.051, 'm2-1': 1.912, 'm3-1': 5.022, 'm4-1': 0.956}",4.940999999999974,475.15900000000005,inf,476.80600000000004,476.80600000000004,476.80600000000004
1416,TT3,BESTEFFORT,MISSED,m2-1,472.252,"{'m1-1': 1.984, 'm2-1': 1.671, 'm3-1': 5.163, 'm4-1': 0.774}",1.9379999999998745,476.80600000000004,inf,477.452,477.452,477.452
1417,TT3,BESTEFFORT,COMPLETED,m4-1,472.648,"{'m1-1': 1.993, 'm2-1': 1.504, 'm3-1': 4.575, 'm4-1': 0.772}",1.158,474.7969999999999,475.5689999999999,inf,477.848,477.848
1418,TT1,BESTEFFORT,COMPLETED,m1-1,473.056,"{'m1-1': 1.988, 'm2-1': 1.696, 'm3-1': 3.698, 'm4-1': 0.775}",3.1808,475.76599999999996,477.75399999999996,inf,478.056,478.056
1419,TT1,BESTEFFORT,COMPLETED,m4-1,473.106,"{'m1-1': 2.388, 'm2-1': 1.654, 'm3-1': 4.045, 'm4-1': 0.766}",1.149,475.5689999999999,476.3349999999999,inf,478.106,478.106
1420,TT2,BESTEFFORT,MISSED,m3-1,473.143,"{'m1-1': 2.577, 'm2-1': 2.119, 'm3-1': 5.025, 'm4-1': 0.745}",5.140799999999991,475.387,inf,478.243,478.243,478.243
1421,TT4,BESTEFFORT,MISSED,m2-1,473.629,"{'m1-1': 2.384, 'm2-1': 1.348, 'm3-1': 4.325, 'm4-1': 0.824}",3.5310000000000628,477.452,inf,478.629,478.629,478.629
1422,TT4,BESTEFFORT,MISSED,m1-1,473.815,"{'m1-1': 1.793, 'm2-1': 1.822, 'm3-1': 4.254, 'm4-1': 0.926}",1.6976000000000568,477.75399999999996,inf,478.815,478.815,478.815
1423,TT3,BESTEFFORT,COMPLETED,m4-1,474.025,"{'m1-1': 1.954, 'm2-1': 1.735, 'm3-1': 4.261, 'm4-1': 0.769}",1.1535,476.3349999999999,477.1039999999999,inf,479.22499999999997,479.22499999999997
1424,TT2,BESTEFFORT,MISSED,m1-1,474.519,"{'m1-1': 1.976, 'm2-1': 1.889, 'm3-1': 5.096, 'm4-1': 0.926}",1.2864000000000488,478.815,inf,479.619,479.619,479.619
1425,TT4,BESTEFFORT,COMPLETED,m4-1,474.823,"{'m1-1': 2.029, 'm2-1': 1.884, 'm3-1': 3.925, 'm4-1': 0.828}",1.242,477.1039999999999,477.9319999999999,inf,479.823,479.823
1426,TT2,BESTEFFORT,MISSED,m3-1,474.852,"{'m1-1': 2.392, 'm2-1': 1.595, 'm3-1': 4.268, 'm4-1': 0.969}",3.076200000000006,478.243,inf,479.952,479.952,479.952
1427,TT1,BESTEFFORT,COMPLETED,m4-1,475.881,"{'m1-1': 2.193, 'm2-1': 1.622, 'm3-1': 3.672, 'm4-1': 0.81}",1.215,477.9319999999999,478.7419999999999,inf,480.881,480.881
1428,TT3,BESTEFFORT,COMPLETED,m2-1,475.979,"{'m1-1': 1.961, 'm2-1': 1.736, 'm3-1': 5.03, 'm4-1': 0.95}",5.208,478.629,480.365,inf,481.179,481.179
1429,TT3,BESTEFFORT,MISSED,m1-1,476.043,"{'m1-1': 2.234, 'm2-1': 1.337, 'm3-1': 5.129, 'm4-1': 0.812}",2.598399999999947,479.619,inf,481.243,481.243,481.243
1430,TT4,BESTEFFORT,MISSED,m3-1,476.249,"{'m1-1': 2.14, 'm2-1': 1.564, 'm3-1': 4.018, 'm4-1': 0.885}",2.3346000000000457,479.952,inf,481.249,481.249,481.249
1431,TT1,BESTEFFORT,COMPLETED,m4-1,477.533,"{'m1-1': 2.082, 'm2-1': 1.969, 'm3-1': 4.311, 'm4-1': 0.664}",0.996,478.7419999999999,479.4059999999999,inf,482.533,482.533
1432,TT1,BESTEFFORT,COMPLETED,m4-1,477.564,"{'m1-1': 1.946, 'm2-1': 1.919, 'm3-1': 4.784, 'm4-1': 0.838}",1.257,479.4059999999999,480.2439999999999,inf,482.564,482.564
1433,TT1,BESTEFFORT,COMPLETED,m4-1,478.328,"{'m1-1': 2.066, 'm2-1': 1.682, 'm3-1': 3.709, 'm4-1': 0.726}",1.089,480.2439999999999,480.9699999999999,inf,483.328,483.328
1434,TT3,BESTEFFORT,COMPLETED,m2-1,479.482,"{'m1-1': 1.818, 'm2-1': 1.451, 'm3-1': 5.299, 'm4-1': 0.757}",4.353,480.365,481.81600000000003,inf,484.682,484.682
1435,TT1,BESTEFFORT,COMPLETED,m4-1,479.996,"{'m1-1': 2.277, 'm2-1': 1.559, 'm3-1': 3.761, 'm4-1': 0.788}",1.182,480.9699999999999,481.7579999999999,inf,484.996,484.996
1436,TT2,BESTEFFORT,COMPLETED,m4-1,480.102,"{'m1-1': 1.95, 'm2-1': 1.67, 'm3-1': 4.612, 'm4-1': 0.758}",1.137,481.7579999999999,482.5159999999999,inf,485.202,485.202
1437,TT4,BESTEFFORT,COMPLETED,m4-1,480.433,"{'m1-1': 2.111, 'm2-1': 1.524, 'm3-1': 4.639, 'm4-1': 1.066}",1.5990000000000002,482.5159999999999,483.5819999999999,inf,485.433,485.433
1438,TT1,BESTEFFORT,COMPLETED,m1-1,480.757,"{'m1-1': 2.166, 'm2-1': 1.85, 'm3-1': 4.555, 'm4-1': 0.802}",3.4656000000000002,481.243,483.409,inf,485.757,485.757
1439,TT1,BESTEFFORT,COMPLETED,m2-1,481.118,"{'m1-1': 2.173, 'm2-1': 1.804, 'm3-1': 4.075, 'm4-1': 0.714}",5.412,481.81600000000003,483.62,inf,486.118,486.118
1440,TT4,BESTEFFORT,COMPLETED,m4-1,481.156,"{'m1-1': 2.261, 'm2-1': 1.767, 'm3-1': 4.723, 'm4-1': 0.938}",1.407,483.5819999999999,484.51999999999987,inf,486.156,486.156
1441,TT4,BESTEFFORT,COMPLETED,m2-1,481.848,"{'m1-1': 1.775, 'm2-1': 1.677, 'm3-1': 4.773, 'm4-1': 0.842}",5.031000000000001,483.62,485.297,inf,486.848,486.848
1442,TT4,BESTEFFORT,COMPLETED,m4-1,482.433,"{'m1-1': 1.953, 'm2-1': 1.817, 'm3-1': 4.068, 'm4-1': 1.015}",1.5225,484.51999999999987,485.53499999999985,inf,487.433,487.433
1443,TT2,BESTEFFORT,COMPLETED,m1-1,482.466,"{'m1-1': 2.384, 'm2-1': 1.636, 'm3-1': 4.93, 'm4-1': 0.9}",3.8144,483.409,485.793,inf,487.56600000000003,487.56600000000003
1444,TT2,BESTEFFORT,COMPLETED,m3-1,482.512,"{'m1-1': 2.242, 'm2-1': 1.861, 'm3-1': 4.972, 'm4-1': 1.014}",8.9496,482.512,487.484,inf,487.612,487.612
1445,TT2,BESTEFFORT,COMPLETED,m4-1,482.563,"{'m1-1': 2.397, 'm2-1': 1.526, 'm3-1': 4.213, 'm4-1': 0.732}",1.0979999999999999,485.53499999999985,486.2669999999999,inf,487.663,487.663
1446,TT3,BESTEFFORT,COMPLETED,m2-1,482.628,"{'m1-1': 2.357, 'm2-1': 1.557, 'm3-1': 5.824, 'm4-1': 0.75}",4.670999999999999,485.297,486.85400000000004,inf,487.828,487.828
1447,TT2,BESTEFFORT,COMPLETED,m1-1,483.565,"{'m1-1': 1.891, 'm2-1': 1.68, 'm3-1': 5.029, 'm4-1': 0.908}",3.0256000000000003,485.793,487.684,inf,488.665,488.665
1448,TT4,BESTEFFORT,COMPLETED,m4-1,483.636,"{'m1-1': 2.005, 'm2-1': 1.487, 'm3-1': 4.773, 'm4-1': 1.044}",1.566,486.2669999999999,487.31099999999986,inf,488.636,488.636
1449,TT3,BESTEFFORT,COMPLETED,m2-1,483.68,"{'m1-1': 2.101, 'm2-1': 1.395, 'm3-1': 5.464, 'm4-1': 0.769}",4.1850000000000005,486.85400000000004,488.249,inf,488.88,488.88
1450,TT1,BESTEFFORT,MISSED,m3-1,483.74,"{'m1-1': 2.569, 'm2-1': 1.841, 'm3-1': 3.785, 'm4-1': 0.809}",2.2608000000000517,487.484,inf,488.74,488.74,488.74
1451,TT2,BESTEFFORT,MISSED,m1-1,484.118,"{'m1-1': 1.926, 'm2-1': 1.889, 'm3-1': 3.63, 'm4-1': 0.791}",2.4543999999999873,487.684,inf,489.218,489.218,489.218
1452,TT4,BESTEFFORT,MISSED,m2-1,484.481,"{'m1-1': 1.818, 'm2-1': 1.381, 'm3-1': 4.96, 'm4-1': 0.789}",3.6959999999999127,488.249,inf,489.481,489.481,489.481
1453,TT2,BESTEFFORT,COMPLETED,m4-1,484.581,"{'m1-1': 2.615, 'm2-1': 1.614, 'm3-1': 3.675, 'm4-1': 0.915}",1.3725,487.31099999999986,488.2259999999999,inf,489.68100000000004,489.68100000000004
1454,TT1,BESTEFFORT,MISSED,m1-1,484.607,"{'m1-1': 1.913, 'm2-1': 1.939, 'm3-1': 4.516, 'm4-1': 0.64}",0.622400000000016,489.218,inf,489.607,489.607,489.607
1455,TT1,BESTEFFORT,MISSED,m3-1,484.629,"{'m1-1': 2.346, 'm2-1': 1.856, 'm3-1': 4.653, 'm4-1': 0.751}",1.600200000000018,488.74,inf,489.629,489.629,489.629
1456,TT1,BESTEFFORT,MISSED,m3-1,484.757,"{'m1-1': 2.162, 'm2-1': 1.422, 'm3-1': 4.354, 'm4-1': 0.668}",0.23039999999997463,489.629,inf,489.757,489.757,489.757
1457,TT3,BESTEFFORT,MISSED,m1-1,484.832,"{'m1-1': 2.286, 'm2-1': 1.426, 'm3-1': 5.81, 'm4-1': 1.011}",0.6799999999999273,489.607,inf,490.032,490.032,490.032
1458,TT2,BESTEFFORT,MISSED,m2-1,484.866,"{'m1-1': 2.226, 'm2-1': 2.005, 'm3-1': 4.767, 'm4-1': 0.817}",1.455000000000041,489.481,inf,489.966,489.966,489.966
1459,TT3,BESTEFFORT,COMPLETED,m4-1,484.974,"{'m1-1': 2.212, 'm2-1': 1.767, 'm3-1': 5.954, 'm4-1': 0.87}",1.305,489.2189999999999,490.0889999999999,inf,490.174,490.174
1460,TT4,BESTEFFORT,COMPLETED,m4-1,484.979,"{'m1-1': 1.819, 'm2-1': 1.503, 'm3-1': 3.638, 'm4-1': 0.993}",1.4895,488.2259999999999,489.2189999999999,inf,489.979,489.979
1461,TT4,BESTEFFORT,MISSED,m2-1,485.544,"{'m1-1': 2.086, 'm2-1': 1.513, 'm3-1': 4.664, 'm4-1': 0.755}",1.7339999999999236,489.966,inf,490.544,490.544,490.544
1462,TT4,BESTEFFORT,MISSED,m4-1,485.635,"{'m1-1': 1.97, 'm2-1': 1.469, 'm3-1': 3.706, 'm4-1': 1.036}",0.8190000000001589,490.0889999999999,inf,490.635,490.635,490.635
1463,TT1,BESTEFFORT,MISSED,m3-1,486.301,"{'m1-1': 2.066, 'm2-1': 1.755, 'm3-1': 4.079, 'm4-1': 0.837}",2.779199999999969,489.757,inf,491.301,491.301,491.301
1464,TT2,BESTEFFORT,COMPLETED,m4-1,486.866,"{'m1-1': 2.605, 'm2-1': 1.546, 'm3-1': 3.893, 'm4-1': 0.914}",1.371,490.635,491.549,inf,491.966,491.966
1465,TT4,BESTEFFORT,MISSED,m1-1,486.888,"{'m1-1': 2.198, 'm2-1': 1.366, 'm3-1': 4.639, 'm4-1': 0.986}",2.9695999999999914,490.032,inf,491.888,491.888,491.888
1466,TT2,BESTEFFORT,MISSED,m3-1,487.374,"{'m1-1': 2.188, 'm2-1': 1.832, 'm3-1': 4.338, 'm4-1': 0.833}",2.111400000000106,491.301,inf,492.47400000000005,492.47400000000005,492.47400000000005
1467,TT1,BESTEFFORT,MISSED,m2-1,487.469,"{'m1-1': 2.282, 'm2-1': 1.963, 'm3-1': 5.049, 'm4-1': 0.666}",5.775000000000034,490.544,inf,492.469,492.469,492.469
1468,TT2,BESTEFFORT,MISSED,m1-1,487.522,"{'m1-1': 2.08, 'm2-1': 2.054, 'm3-1': 4.119, 'm4-1': 0.818}",1.1744000000000596,491.888,inf,492.622,492.622,492.622
1469,TT3,BESTEFFORT,COMPLETED,m4-1,487.552,"{'m1-1': 2.054, 'm2-1': 1.519, 'm3-1': 4.827, 'm4-1': 0.938}",1.407,491.549,492.48699999999997,inf,492.752,492.752
1470,TT1,BESTEFFORT,MISSED,m2-1,487.797,"{'m1-1': 1.982, 'm2-1': 1.834, 'm3-1': 3.648, 'm4-1': 0.701}",0.9840000000000941,492.469,inf,492.797,492.797,492.797
1471,TT3,BESTEFFORT,MISSED,m1-1,487.814,"{'m1-1': 2.303, 'm2-1': 1.548, 'm3-1': 5.484, 'm4-1': 0.817}",0.6271999999999935,492.622,inf,493.014,493.014,493.014
1472,TT2,BESTEFFORT,MISSED,m3-1,488.164,"{'m1-1': 2.251, 'm2-1': 1.578, 'm3-1': 4.401, 'm4-1': 0.816}",1.4219999999999346,492.47400000000005,inf,493.264,493.264,493.264
1473,TT3,BESTEFFORT,MISSED,m3-1,488.956,"{'m1-1': 2.271, 'm2-1': 1.581, 'm3-1': 5.807, 'm4-1': 0.849}",1.6055999999999926,493.264,inf,494.156,494.156,494.156
1474,TT4,BESTEFFORT,COMPLETED,m2-1,489.293,"{'m1-1': 2.359, 'm2-1': 1.432, 'm3-1': 4.451, 'm4-1': 1.067}",4.295999999999999,492.797,494.22900000000004,inf,494.293,494.293
1475,TT1,BESTEFFORT,COMPLETED,m4-1,490.38,"{'m1-1': 2.274, 'm2-1': 1.73, 'm3-1': 4.327, 'm4-1': 0.649}",0.9735,492.48699999999997,493.13599999999997,inf,495.38,495.38
1476,TT2,BESTEFFORT,COMPLETED,m4-1,490.925,"{'m1-1': 1.97, 'm2-1': 2.126, 'm3-1': 3.992, 'm4-1': 0.839}",1.2585,493.13599999999997,493.97499999999997,inf,496.02500000000003,496.02500000000003
1477,TT1,BESTEFFORT,COMPLETED,m1-1,491.277,"{'m1-1': 1.978, 'm2-1': 1.986, 'm3-1': 4.432, 'm4-1': 0.631}",3.1648,493.014,494.992,inf,496.277,496.277
1478,TT4,BESTEFFORT,COMPLETED,m4-1,491.591,"{'m1-1': 2.186, 'm2-1': 1.584, 'm3-1': 4.667, 'm4-1': 0.871}",1.3065,493.97499999999997,494.84599999999995,inf,496.591,496.591
1479,TT4,BESTEFFORT,COMPLETED,m2-1,491.889,"{'m1-1': 1.915, 'm2-1': 1.861, 'm3-1': 5.081, 'm4-1': 1.039}",5.583,494.22900000000004,496.09000000000003,inf,496.889,496.889
1480,TT1,BESTEFFORT,MISSED,m1-1,491.959,"{'m1-1': 1.991, 'm2-1': 1.685, 'm3-1': 4.86, 'm4-1': 0.701}",3.1471999999999754,494.992,inf,496.959,496.959,496.959
1481,TT2,BESTEFFORT,MISSED,m3-1,492.152,"{'m1-1': 1.993, 'm2-1': 1.861, 'm3-1': 4.466, 'm4-1': 0.839}",5.572800000000007,494.156,inf,497.252,497.252,497.252
1482,TT3,BESTEFFORT,MISSED,m2-1,492.277,"{'m1-1': 2.307, 'm2-1': 1.515, 'm3-1': 5.641, 'm4-1': 0.862}",4.160999999999831,496.09000000000003,inf,497.477,497.477,497.477
1483,TT1,BESTEFFORT,COMPLETED,m4-1,492.492,"{'m1-1': 2.559, 'm2-1': 1.913, 'm3-1': 4.803, 'm4-1': 0.72}",1.08,494.84599999999995,495.566,inf,497.492,497.492
1484,TT2,BESTEFFORT,MISSED,m3-1,492.554,"{'m1-1': 2.272, 'm2-1': 1.844, 'm3-1': 4.191, 'm4-1': 0.928}",0.7235999999999763,497.252,inf,497.654,497.654,497.654
1485,TT4,BESTEFFORT,MISSED,m2-1,493.035,"{'m1-1': 1.844, 'm2-1': 1.558, 'm3-1': 4.071, 'm4-1': 0.869}",1.6740000000001487,497.477,inf,498.035,498.035,498.035
1486,TT3,BESTEFFORT,COMPLETED,m4-1,493.35,"{'m1-1': 1.773, 'm2-1': 1.328, 'm3-1': 5.621, 'm4-1': 0.77}",1.155,495.566,496.33599999999996,inf,498.55,498.55
1487,TT3,BESTEFFORT,MISSED,m1-1,493.352,"{'m1-1': 2.218, 'm2-1': 1.524, 'm3-1': 5.715, 'm4-1': 0.887}",2.548799999999938,496.959,inf,498.55199999999996,498.55199999999996,498.55199999999996
1488,TT1,BESTEFFORT,MISSED,m1-1,493.624,"{'m1-1': 1.996, 'm2-1': 1.728, 'm3-1': 4.611, 'm4-1': 0.659}",0.11520000000009532,498.55199999999996,inf,498.624,498.624,498.624
1489,TT3,BESTEFFORT,MISSED,m3-1,493.755,"{'m1-1': 2.074, 'm2-1': 1.715, 'm3-1': 5.091, 'm4-1': 0.733}",2.341799999999978,497.654,inf,498.955,498.955,498.955
1490,TT2,BESTEFFORT,COMPLETED,m4-1,493.949,"{'m1-1': 1.87, 'm2-1': 2.036, 'm3-1': 4.495, 'm4-1': 0.904}",1.356,496.33599999999996,497.23999999999995,inf,499.04900000000004,499.04900000000004
1491,TT2,BESTEFFORT,MISSED,m2-1,494.65,"{'m1-1': 2.055, 'm2-1': 1.728, 'm3-1': 4.242, 'm4-1': 0.736}",5.144999999999925,498.035,inf,499.75,499.75,499.75
1492,TT1,BESTEFFORT,MISSED,m3-1,494.777,"{'m1-1': 1.92, 'm2-1': 1.549, 'm3-1': 4.325, 'm4-1': 0.733}",1.479600000000005,498.955,inf,499.777,499.777,499.777
1493,TT3,BESTEFFORT,COMPLETED,m4-1,495.326,"{'m1-1': 1.884, 'm2-1': 1.641, 'm3-1': 5.607, 'm4-1': 0.831}",1.2465,497.23999999999995,498.07099999999997,inf,500.526,500.526
1494,TT2,BESTEFFORT,COMPLETED,m4-1,495.768,"{'m1-1': 2.447, 'm2-1': 1.598, 'm3-1': 4.914, 'm4-1': 0.851}",1.2765,498.07099999999997,498.92199999999997,inf,500.868,500.868
1495,TT1,BESTEFFORT,COMPLETED,m1-1,495.884,"{'m1-1': 1.976, 'm2-1': 1.872, 'm3-1': 4.368, 'm4-1': 0.81}",3.1616,498.624,500.6,inf,500.884,500.884
1496,TT2,BESTEFFORT,MISSED,m2-1,496.184,"{'m1-1': 2.181, 'm2-1': 2.035, 'm3-1': 4.466, 'm4-1': 0.929}",4.602000000000146,499.75,inf,501.28400000000005,501.28400000000005,501.28400000000005
1497,TT3,BESTEFFORT,COMPLETED,m4-1,496.608,"{'m1-1': 2.077, 'm2-1': 1.627, 'm3-1': 4.824, 'm4-1': 0.984}",1.476,498.92199999999997,499.90599999999995,inf,501.808,501.808
1498,TT2,BESTEFFORT,MISSED,m1-1,497.08,"{'m1-1': 2.073, 'm2-1': 1.658, 'm3-1': 4.178, 'm4-1': 0.818}",2.5279999999999747,500.6,inf,502.18,502.18,502.18
1499,TT3,BESTEFFORT,COMPLETED,m4-1,497.739,"{'m1-1': 2.081, 'm2-1': 1.6, 'm3-1': 4.905, 'm4-1': 0.832}",1.248,499.90599999999995,500.73799999999994,inf,502.93899999999996,502.93899999999996
1500,TT2,BESTEFFORT,COMPLETED,m4-1,498.118,"{'m1-1': 1.886, 'm2-1': 2.115, 'm3-1': 5.096, 'm4-1': 0.998}",1.4969999999999999,500.73799999999994,501.73599999999993,inf,503.218,503.218
1501,TT1,BESTEFFORT,COMPLETED,m2-1,498.261,"{'m1-1': 2.535, 'm2-1': 1.579, 'm3-1': 3.946, 'm4-1': 0.682}",4.737,501.28400000000005,502.86300000000006,inf,503.261,503.261
1502,TT3,BESTEFFORT,MISSED,m2-1,498.47,"{'m1-1': 2.017, 'm2-1': 1.297, 'm3-1': 4.366, 'm4-1': 0.747}",2.4209999999998786,502.86300000000006,inf,503.67,503.67,503.67
1503,TT2,BESTEFFORT,MISSED,m3-1,498.531,"{'m1-1': 2.462, 'm2-1': 2.054, 'm3-1': 4.568, 'm4-1': 0.933}",6.937200000000075,499.777,inf,503.63100000000003,503.63100000000003,503.63100000000003
1504,TT1,BESTEFFORT,MISSED,m1-1,498.613,"{'m1-1': 2.191, 'm2-1': 1.842, 'm3-1': 4.042, 'm4-1': 0.86}",2.2927999999999886,502.18,inf,503.613,503.613,503.613
1505,TT2,BESTEFFORT,COMPLETED,m4-1,499.28,"{'m1-1': 2.343, 'm2-1': 1.927, 'm3-1': 3.878, 'm4-1': 0.801}",1.2015,501.73599999999993,502.5369999999999,inf,504.38,504.38
1506,TT2,BESTEFFORT,MISSED,m1-1,499.476,"{'m1-1': 1.873, 'm2-1': 2.015, 'm3-1': 3.975, 'm4-1': 0.977}",1.5408000000000357,503.613,inf,504.576,504.576,504.576
1507,TT3,BESTEFFORT,MISSED,m3-1,499.542,"{'m1-1': 2.005, 'm2-1': 1.27, 'm3-1': 4.842, 'm4-1': 0.788}",1.9997999999998797,503.63100000000003,inf,504.74199999999996,504.74199999999996,504.74199999999996
1508,TT3,BESTEFFORT,COMPLETED,m4-1,500.498,"{'m1-1': 2.371, 'm2-1': 1.361, 'm3-1': 5.447, 'm4-1': 0.945}",1.4175,502.5369999999999,503.4819999999999,inf,505.698,505.698
1509,TT4,BESTEFFORT,COMPLETED,m4-1,501.35,"{'m1-1': 2.208, 'm2-1': 1.668, 'm3-1': 4.899, 'm4-1': 0.801}",1.2015,503.4819999999999,504.2829999999999,inf,506.35,506.35
1510,TT2,BESTEFFORT,COMPLETED,m2-1,501.552,"{'m1-1': 2.582, 'm2-1': 2.027, 'm3-1': 5.01, 'm4-1': 0.902}",6.081,503.67,505.697,inf,506.65200000000004,506.65200000000004
1511,TT3,BESTEFFORT,COMPLETED,m4-1,501.776,"{'m1-1': 2.336, 'm2-1': 1.69, 'm3-1': 5.515, 'm4-1': 0.913}",1.3695,504.2829999999999,505.1959999999999,inf,506.976,506.976
1512,TT4,BESTEFFORT,COMPLETED,m1-1,502.195,"{'m1-1': 2.345, 'm2-1': 1.708, 'm3-1': 4.602, 'm4-1': 0.875}",3.7520000000000007,504.576,506.92100000000005,inf,507.195,507.195
1513,TT2,BESTEFFORT,COMPLETED,m2-1,502.204,"{'m1-1': 2.246, 'm2-1': 1.574, 'm3-1': 4.934, 'm4-1': 0.777}",4.722,505.697,507.271,inf,507.30400000000003,507.30400000000003
1514,TT3,BESTEFFORT,MISSED,m1-1,502.273,"{'m1-1': 2.035, 'm2-1': 1.458, 'm3-1': 4.314, 'm4-1': 0.823}",0.8831999999999426,506.92100000000005,inf,507.473,507.473,507.473
1515,TT1,BESTEFFORT,COMPLETED,m4-1,503.081,"{'m1-1': 2.402, 'm2-1': 1.467, 'm3-1': 4.186, 'm4-1': 0.693}",1.0394999999999999,505.1959999999999,505.8889999999999,inf,508.081,508.081
1516,TT4,BESTEFFORT,MISSED,m3-1,503.228,"{'m1-1': 2.245, 'm2-1': 1.526, 'm3-1': 4.88, 'm4-1': 0.81}",6.274800000000084,504.74199999999996,inf,508.228,508.228,508.228
1517,TT1,BESTEFFORT,MISSED,m2-1,503.287,"{'m1-1': 2.586, 'm2-1': 1.844, 'm3-1': 3.854, 'm4-1': 0.638}",3.047999999999888,507.271,inf,508.287,508.287,508.287
1518,TT4,BESTEFFORT,COMPLETED,m4-1,503.831,"{'m1-1': 2.055, 'm2-1': 1.558, 'm3-1': 4.012, 'm4-1': 0.896}",1.344,505.8889999999999,506.7849999999999,inf,508.831,508.831
1519,TT4,BESTEFFORT,MISSED,m2-1,503.84,"{'m1-1': 1.732, 'm2-1': 1.693, 'm3-1': 4.394, 'm4-1': 0.869}",1.6589999999999918,508.287,inf,508.84,508.84,508.84
1520,TT1,BESTEFFORT,MISSED,m1-1,504.162,"{'m1-1': 2.43, 'm2-1': 1.743, 'm3-1': 3.605, 'm4-1': 0.666}",2.7023999999999435,507.473,inf,509.162,509.162,509.162
1521,TT1,BESTEFFORT,COMPLETED,m4-1,504.34,"{'m1-1': 2.54, 'm2-1': 1.786, 'm3-1': 3.652, 'm4-1': 0.65}",0.9750000000000001,506.7849999999999,507.4349999999999,inf,509.34,509.34
1522,TT3,BESTEFFORT,MISSED,m3-1,504.503,"{'m1-1': 1.947, 'm2-1': 1.345, 'm3-1': 4.661, 'm4-1': 0.981}",2.6549999999999385,508.228,inf,509.703,509.703,509.703
1523,TT1,BESTEFFORT,COMPLETED,m4-1,505.404,"{'m1-1': 2.558, 'm2-1': 1.418, 'm3-1': 4.417, 'm4-1': 0.719}",1.0785,507.4349999999999,508.1539999999999,inf,510.404,510.404
1524,TT4,BESTEFFORT,MISSED,m1-1,505.457,"{'m1-1': 2.216, 'm2-1': 1.519, 'm3-1': 4.954, 'm4-1': 0.958}",2.0720000000000254,509.162,inf,510.457,510.457,510.457
1525,TT1,BESTEFFORT,COMPLETED,m4-1,506.135,"{'m1-1': 1.877, 'm2-1': 1.422, 'm3-1': 4.361, 'm4-1': 0.612}",0.9179999999999999,508.1539999999999,508.7659999999999,inf,511.135,511.135
1526,TT4,BESTEFFORT,COMPLETED,m4-1,507.349,"{'m1-1': 1.752, 'm2-1': 1.477, 'm3-1': 5.018, 'm4-1': 0.856}",1.284,508.7659999999999,509.6219999999999,inf,512.3489999999999,512.3489999999999
1527,TT2,BESTEFFORT,COMPLETED,m4-1,507.504,"{'m1-1': 1.932, 'm2-1': 2.036, 'm3-1': 5.056, 'm4-1': 0.99}",1.4849999999999999,509.6219999999999,510.6119999999999,inf,512.604,512.604
1528,TT4,BESTEFFORT,COMPLETED,m2-1,507.6,"{'m1-1': 2.212, 'm2-1': 1.417, 'm3-1': 3.869, 'm4-1': 0.992}",4.251,508.84,510.25699999999995,inf,512.6,512.6
1529,TT1,BESTEFFORT,COMPLETED,m2-1,507.792,"{'m1-1': 2.621, 'm2-1': 1.952, 'm3-1': 4.922, 'm4-1': 0.688}",5.856,510.25699999999995,512.209,inf,512.7919999999999,512.7919999999999
1530,TT3,BESTEFFORT,COMPLETED,m1-1,508.133,"{'m1-1': 2.147, 'm2-1': 1.578, 'm3-1': 5.233, 'm4-1': 0.986}",3.4352,510.457,512.604,inf,513.333,513.333
1531,TT2,BESTEFFORT,COMPLETED,m4-1,508.382,"{'m1-1': 2.059, 'm2-1': 1.629, 'm3-1': 4.686, 'm4-1': 0.8}",1.2000000000000002,510.6119999999999,511.4119999999999,inf,513.482,513.482
1532,TT1,BESTEFFORT,COMPLETED,m4-1,509.116,"{'m1-1': 2.273, 'm2-1': 1.792, 'm3-1': 4.479, 'm4-1': 0.772}",1.158,511.4119999999999,512.184,inf,514.116,514.116
1533,TT2,BESTEFFORT,COMPLETED,m2-1,509.318,"{'m1-1': 1.918, 'm2-1': 1.956, 'm3-1': 4.501, 'm4-1': 0.817}",5.868,512.209,514.165,inf,514.418,514.418
1534,TT4,BESTEFFORT,COMPLETED,m4-1,509.763,"{'m1-1': 2.416, 'm2-1': 1.877, 'm3-1': 3.726, 'm4-1': 1.038}",1.557,512.184,513.222,inf,514.7629999999999,514.7629999999999
1535,TT4,BESTEFFORT,COMPLETED,m1-1,510.316,"{'m1-1': 1.974, 'm2-1': 1.742, 'm3-1': 3.876, 'm4-1': 0.949}",3.1584000000000003,512.604,514.5780000000001,inf,515.316,515.316
1536,TT4,BESTEFFORT,COMPLETED,m4-1,510.83,"{'m1-1': 2.419, 'm2-1': 1.816, 'm3-1': 4.487, 'm4-1': 0.774}",1.161,513.222,513.996,inf,515.8299999999999,515.8299999999999
1537,TT2,BESTEFFORT,COMPLETED,m2-1,511.409,"{'m1-1': 2.167, 'm2-1': 1.68, 'm3-1': 3.707, 'm4-1': 0.81}",5.04,514.165,515.8449999999999,inf,516.509,516.509
1538,TT3,BESTEFFORT,COMPLETED,m4-1,512.27,"{'m1-1': 1.947, 'm2-1': 1.571, 'm3-1': 4.229, 'm4-1': 0.938}",1.407,513.996,514.934,inf,517.47,517.47
1539,TT3,BESTEFFORT,COMPLETED,m4-1,512.646,"{'m1-1': 2.386, 'm2-1': 1.58, 'm3-1': 4.614, 'm4-1': 1.014}",1.521,514.934,515.948,inf,517.846,517.846
1540,TT2,BESTEFFORT,COMPLETED,m1-1,512.881,"{'m1-1': 2.502, 'm2-1': 1.99, 'm3-1': 4.773, 'm4-1': 1.008}",4.0032,514.5780000000001,517.08,inf,517.981,517.981
1541,TT3,BESTEFFORT,COMPLETED,m2-1,512.923,"{'m1-1': 2.138, 'm2-1': 1.438, 'm3-1': 4.314, 'm4-1': 0.835}",4.314,515.8449999999999,517.2829999999999,inf,518.123,518.123
1542,TT2,BESTEFFORT,COMPLETED,m4-1,513.29,"{'m1-1': 2.34, 'm2-1': 1.92, 'm3-1': 4.466, 'm4-1': 0.991}",1.4865,515.948,516.939,inf,518.39,518.39
1543,TT2,BESTEFFORT,COMPLETED,m3-1,513.393,"{'m1-1': 2.523, 'm2-1': 2.03, 'm3-1': 4.727, 'm4-1': 0.841}",8.508600000000001,513.393,518.12,inf,518.493,518.493
1544,TT1,BESTEFFORT,MISSED,m1-1,513.808,"{'m1-1': 2.531, 'm2-1': 1.862, 'm3-1': 4.549, 'm4-1': 0.817}",2.764799999999923,517.08,inf,518.808,518.808,518.808
1545,TT1,BESTEFFORT,MISSED,m2-1,513.938,"{'m1-1': 2.482, 'm2-1': 1.866, 'm3-1': 3.665, 'm4-1': 0.825}",4.965000000000259,517.2829999999999,inf,518.938,518.938,518.938
1546,TT3,BESTEFFORT,COMPLETED,m4-1,514.417,"{'m1-1': 1.92, 'm2-1': 1.764, 'm3-1': 5.506, 'm4-1': 0.905}",1.3575,516.939,517.8439999999999,inf,519.6170000000001,519.6170000000001
1547,TT2,BESTEFFORT,MISSED,m2-1,514.649,"{'m1-1': 1.89, 'm2-1': 1.619, 'm3-1': 4.987, 'm4-1': 0.954}",2.4330000000001064,518.938,inf,519.749,519.749,519.749
1548,TT4,BESTEFFORT,COMPLETED,m4-1,515.265,"{'m1-1': 2.454, 'm2-1': 1.424, 'm3-1': 3.738, 'm4-1': 1.023}",1.5345,517.8439999999999,518.867,inf,520.265,520.265
1549,TT3,BESTEFFORT,COMPLETED,m4-1,516.045,"{'m1-1': 2.315, 'm2-1': 1.676, 'm3-1': 5.638, 'm4-1': 0.936}",1.4040000000000001,518.867,519.803,inf,521.245,521.245
1550,TT3,BESTEFFORT,COMPLETED,m1-1,516.153,"{'m1-1': 1.9, 'm2-1': 1.66, 'm3-1': 4.859, 'm4-1': 1.004}",3.04,518.808,520.708,inf,521.3530000000001,521.3530000000001
1551,TT3,BESTEFFORT,COMPLETED,m2-1,516.461,"{'m1-1': 2.208, 'm2-1': 1.661, 'm3-1': 5.551, 'm4-1': 0.897}",4.9830000000000005,519.749,521.41,inf,521.6610000000001,521.6610000000001
1552,TT4,BESTEFFORT,MISSED,m3-1,516.903,"{'m1-1': 1.946, 'm2-1': 1.888, 'm3-1': 3.989, 'm4-1': 0.796}",6.809400000000028,518.12,inf,521.903,521.903,521.903
1553,TT4,BESTEFFORT,COMPLETED,m4-1,518.465,"{'m1-1': 2.389, 'm2-1': 1.45, 'm3-1': 4.887, 'm4-1': 1.015}",1.5225,519.803,520.818,inf,523.465,523.465
1554,TT1,BESTEFFORT,COMPLETED,m4-1,518.614,"{'m1-1': 2.006, 'm2-1': 1.534, 'm3-1': 4.922, 'm4-1': 0.807}",1.2105000000000001,520.818,521.625,inf,523.614,523.614
1555,TT1,BESTEFFORT,COMPLETED,m2-1,518.76,"{'m1-1': 2.399, 'm2-1': 1.459, 'm3-1': 5.049, 'm4-1': 0.772}",4.377000000000001,521.41,522.8689999999999,inf,523.76,523.76
1556,TT1,BESTEFFORT,COMPLETED,m1-1,518.848,"{'m1-1': 2.408, 'm2-1': 1.959, 'm3-1': 4.677, 'm4-1': 0.852}",3.8528000000000002,520.708,523.116,inf,523.848,523.848
1557,TT3,BESTEFFORT,COMPLETED,m4-1,519.596,"{'m1-1': 1.875, 'm2-1': 1.367, 'm3-1': 5.946, 'm4-1': 0.826}",1.2389999999999999,521.625,522.451,inf,524.796,524.796
1558,TT1,BESTEFFORT,COMPLETED,m4-1,519.94,"{'m1-1': 2.029, 'm2-1': 1.866, 'm3-1': 3.805, 'm4-1': 0.668}",1.002,522.451,523.119,inf,524.94,524.94
1559,TT3,BESTEFFORT,COMPLETED,m2-1,520.444,"{'m1-1': 1.985, 'm2-1': 1.681, 'm3-1': 4.905, 'm4-1': 0.794}",5.043,522.8689999999999,524.55,inf,525.644,525.644
1560,TT3,BESTEFFORT,COMPLETED,m1-1,520.64,"{'m1-1': 2.396, 'm2-1': 1.743, 'm3-1': 5.937, 'm4-1': 0.984}",3.8336,523.116,525.512,inf,525.84,525.84
1561,TT1,BESTEFFORT,MISSED,m2-1,520.753,"{'m1-1': 1.914, 'm2-1': 1.662, 'm3-1': 4.442, 'm4-1': 0.612}",3.6090000000002647,524.55,inf,525.753,525.753,525.753
1562,TT1,BESTEFFORT,COMPLETED,m4-1,521.281,"{'m1-1': 2.597, 'm2-1': 1.462, 'm3-1': 4.714, 'm4-1': 0.822}",1.2329999999999999,523.119,523.941,inf,526.281,526.281
1563,TT3,BESTEFFORT,COMPLETED,m4-1,521.751,"{'m1-1': 1.853, 'm2-1': 1.52, 'm3-1': 4.882, 'm4-1': 0.975}",1.4625,523.941,524.916,inf,526.951,526.951
1564,TT3,BESTEFFORT,COMPLETED,m4-1,522.637,"{'m1-1': 2.343, 'm2-1': 1.321, 'm3-1': 5.944, 'm4-1': 0.756}",1.134,524.916,525.672,inf,527.837,527.837
1565,TT4,BESTEFFORT,COMPLETED,m4-1,523.617,"{'m1-1': 2.449, 'm2-1': 1.772, 'm3-1': 3.955, 'm4-1': 0.768}",1.1520000000000001,525.672,526.44,inf,528.617,528.617
1566,TT4,BESTEFFORT,COMPLETED,m1-1,523.669,"{'m1-1': 2.34, 'm2-1': 1.487, 'm3-1': 3.82, 'm4-1': 1.006}",3.7439999999999998,525.512,527.852,inf,528.669,528.669
1567,TT3,BESTEFFORT,COMPLETED,m2-1,523.886,"{'m1-1': 2.111, 'm2-1': 1.748, 'm3-1': 5.475, 'm4-1': 0.793}",5.244,525.753,527.5010000000001,inf,529.086,529.086
1568,TT3,BESTEFFORT,COMPLETED,m4-1,524.701,"{'m1-1': 2.022, 'm2-1': 1.31, 'm3-1': 5.099, 'm4-1': 0.729}",1.0935,526.44,527.1690000000001,inf,529.9010000000001,529.9010000000001
1569,TT2,BESTEFFORT,COMPLETED,m3-1,524.839,"{'m1-1': 2.14, 'm2-1': 1.52, 'm3-1': 3.898, 'm4-1': 0.985}",7.0164,524.839,528.7370000000001,inf,529.9390000000001,529.9390000000001
1570,TT1,BESTEFFORT,COMPLETED,m4-1,525.139,"{'m1-1': 2.359, 'm2-1': 1.457, 'm3-1': 3.604, 'm4-1': 0.688}",1.032,527.1690000000001,527.8570000000001,inf,530.139,530.139
1571,TT4,BESTEFFORT,COMPLETED,m2-1,525.181,"{'m1-1': 1.769, 'm2-1': 1.373, 'm3-1': 4.195, 'm4-1': 1.068}",4.119,527.5010000000001,528.8740000000001,inf,530.181,530.181
1572,TT3,BESTEFFORT,COMPLETED,m1-1,525.533,"{'m1-1': 2.388, 'm2-1': 1.378, 'm3-1': 5.857, 'm4-1': 0.766}",3.8208,527.852,530.24,inf,530.7330000000001,530.7330000000001
1573,TT2,BESTEFFORT,COMPLETED,m4-1,526.587,"{'m1-1': 2.642, 'm2-1': 1.974, 'm3-1': 5.114, 'm4-1': 0.966}",1.4489999999999998,527.8570000000001,528.8230000000001,inf,531.687,531.687
1574,TT2,BESTEFFORT,COMPLETED,m4-1,526.73,"{'m1-1': 1.95, 'm2-1': 1.613, 'm3-1': 3.692, 'm4-1': 0.923}",1.3845,528.8230000000001,529.7460000000001,inf,531.83,531.83
1575,TT4,BESTEFFORT,COMPLETED,m2-1,527.169,"{'m1-1': 2.039, 'm2-1': 1.615, 'm3-1': 4.035, 'm4-1': 0.835}",4.845,528.8740000000001,530.4890000000001,inf,532.169,532.169
1576,TT1,BESTEFFORT,COMPLETED,m4-1,527.635,"{'m1-1': 2.511, 'm2-1': 1.838, 'm3-1': 4.108, 'm4-1': 0.761}",1.1415,529.7460000000001,530.5070000000001,inf,532.635,532.635
1577,TT3,BESTEFFORT,COMPLETED,m4-1,528.553,"{'m1-1': 1.972, 'm2-1': 1.498, 'm3-1': 4.504, 'm4-1': 0.8}",1.2000000000000002,530.5070000000001,531.307,inf,533.753,533.753
1578,TT1,BESTEFFORT,COMPLETED,m4-1,528.991,"{'m1-1': 2.285, 'm2-1': 1.565, 'm3-1': 4.803, 'm4-1': 0.821}",1.2315,531.307,532.128,inf,533.991,533.991
1579,TT4,BESTEFFORT,COMPLETED,m1-1,529.241,"{'m1-1': 1.931, 'm2-1': 1.66, 'm3-1': 4.264, 'm4-1': 0.79}",3.0896000000000003,530.24,532.171,inf,534.241,534.241
1580,TT4,BESTEFFORT,COMPLETED,m2-1,529.868,"{'m1-1': 2.338, 'm2-1': 1.578, 'm3-1': 3.891, 'm4-1': 0.792}",4.734,530.4890000000001,532.0670000000001,inf,534.868,534.868
1581,TT2,BESTEFFORT,COMPLETED,m4-1,530.099,"{'m1-1': 2.062, 'm2-1': 2.068, 'm3-1': 4.014, 'm4-1': 0.987}",1.4805,532.128,533.115,inf,535.1990000000001,535.1990000000001
1582,TT1,BESTEFFORT,COMPLETED,m4-1,530.788,"{'m1-1': 2.177, 'm2-1': 1.872, 'm3-1': 4.481, 'm4-1': 0.699}",1.0485,533.115,533.814,inf,535.788,535.788
1583,TT3,BESTEFFORT,COMPLETED,m2-1,531.036,"{'m1-1': 2.02, 'm2-1': 1.358, 'm3-1': 4.911, 'm4-1': 0.873}",4.074,532.0670000000001,533.4250000000001,inf,536.236,536.236
1584,TT3,BESTEFFORT,COMPLETED,m4-1,531.992,"{'m1-1': 2.405, 'm2-1': 1.31, 'm3-1': 5.588, 'm4-1': 0.767}",1.1505,533.814,534.581,inf,537.192,537.192
1585,TT4,BESTEFFORT,COMPLETED,m1-1,532.394,"{'m1-1': 2.0, 'm2-1': 1.401, 'm3-1': 3.663, 'm4-1': 1.043}",3.2,532.394,534.394,inf,537.394,537.394
1586,TT1,BESTEFFORT,COMPLETED,m2-1,532.775,"{'m1-1': 2.42, 'm2-1': 1.948, 'm3-1': 4.61, 'm4-1': 0.726}",5.843999999999999,533.4250000000001,535.373,inf,537.775,537.775
1587,TT3,BESTEFFORT,COMPLETED,m4-1,533.076,"{'m1-1': 2.389, 'm2-1': 1.381, 'm3-1': 5.968, 'm4-1': 0.77}",1.155,534.581,535.351,inf,538.2760000000001,538.2760000000001
1588,TT1,BESTEFFORT,COMPLETED,m1-1,533.9,"{'m1-1': 2.215, 'm2-1': 1.559, 'm3-1': 4.429, 'm4-1': 0.841}",3.544,534.394,536.609,inf,538.9,538.9
1589,TT2,BESTEFFORT,COMPLETED,m4-1,534.253,"{'m1-1': 2.506, 'm2-1': 1.892, 'm3-1': 4.028, 'm4-1': 0.926}",1.389,535.351,536.277,inf,539.3530000000001,539.3530000000001
1590,TT2,BESTEFFORT,COMPLETED,m2-1,534.299,"{'m1-1': 2.438, 'm2-1': 1.635, 'm3-1': 4.052, 'm4-1': 0.946}",4.905,535.373,537.008,inf,539.399,539.399
1591,TT3,BESTEFFORT,COMPLETED,m4-1,536.909,"{'m1-1': 2.213, 'm2-1': 1.765, 'm3-1': 5.18, 'm4-1': 0.817}",1.2254999999999998,536.909,537.726,inf,542.109,542.109
1592,TT4,BESTEFFORT,COMPLETED,m4-1,537.881,"{'m1-1': 2.427, 'm2-1': 1.529, 'm3-1': 4.703, 'm4-1': 0.8}",1.2000000000000002,537.881,538.6809999999999,inf,542.881,542.881
1593,TT1,BESTEFFORT,COMPLETED,m4-1,538.466,"{'m1-1': 2.474, 'm2-1': 1.821, 'm3-1': 4.025, 'm4-1': 0.677}",1.0155,538.6809999999999,539.358,inf,543.466,543.466
1594,TT3,BESTEFFORT,COMPLETED,m2-1,538.918,"{'m1-1': 2.332, 'm2-1': 1.6, 'm3-1': 4.947, 'm4-1': 0.895}",4.800000000000001,538.918,540.518,inf,544.118,544.118
1595,TT1,BESTEFFORT,COMPLETED,m4-1,539.15,"{'m1-1': 1.885, 'm2-1': 1.817, 'm3-1': 5.043, 'm4-1': 0.649}",0.9735,539.358,540.007,inf,544.15,544.15
1596,TT4,BESTEFFORT,COMPLETED,m4-1,539.585,"{'m1-1': 2.063, 'm2-1': 1.737, 'm3-1': 4.72, 'm4-1': 0.775}",1.1625,540.007,540.7819999999999,inf,544.585,544.585
1597,TT2,BESTEFFORT,COMPLETED,m4-1,539.717,"{'m1-1': 2.16, 'm2-1': 1.864, 'm3-1': 4.495, 'm4-1': 0.834}",1.251,540.7819999999999,541.6159999999999,inf,544.817,544.817
1598,TT2,BESTEFFORT,COMPLETED,m2-1,540.018,"{'m1-1': 1.913, 'm2-1': 1.801, 'm3-1': 4.222, 'm4-1': 0.755}",5.403,540.518,542.3190000000001,inf,545.118,545.118
1599,TT4,BESTEFFORT,COMPLETED,m4-1,540.175,"{'m1-1': 1.807, 'm2-1': 1.74, 'm3-1': 4.459, 'm4-1': 1.062}",1.593,541.6159999999999,542.6779999999999,inf,545.175,545.175
1600,TT4,BESTEFFORT,COMPLETED,m1-1,540.316,"{'m1-1': 2.22, 'm2-1': 1.775, 'm3-1': 4.168, 'm4-1': 0.986}",3.5520000000000005,540.316,542.5360000000001,inf,545.316,545.316
1601,TT3,BESTEFFORT,COMPLETED,m4-1,541.248,"{'m1-1': 2.138, 'm2-1': 1.431, 'm3-1': 4.642, 'm4-1': 0.744}",1.116,542.6779999999999,543.4219999999999,inf,546.4480000000001,546.4480000000001
1602,TT1,BESTEFFORT,COMPLETED,m4-1,541.293,"{'m1-1': 1.987, 'm2-1': 1.977, 'm3-1': 4.402, 'm4-1': 0.69}",1.035,543.4219999999999,544.112,inf,546.293,546.293
1603,TT4,BESTEFFORT,COMPLETED,m2-1,541.389,"{'m1-1': 1.986, 'm2-1': 1.498, 'm3-1': 3.859, 'm4-1': 0.86}",4.494,542.3190000000001,543.8170000000001,inf,546.389,546.389
1604,TT1,BESTEFFORT,COMPLETED,m1-1,541.547,"{'m1-1': 2.032, 'm2-1': 1.467, 'm3-1': 4.889, 'm4-1': 0.838}",3.2512000000000003,542.5360000000001,544.5680000000001,inf,546.547,546.547
1605,TT3,BESTEFFORT,COMPLETED,m2-1,541.603,"{'m1-1': 1.883, 'm2-1': 1.617, 'm3-1': 4.811, 'm4-1': 0.837}",4.851,543.8170000000001,545.4340000000001,inf,546.803,546.803
1606,TT1,BESTEFFORT,COMPLETED,m4-1,541.797,"{'m1-1': 2.499, 'm2-1': 1.531, 'm3-1': 4.791, 'm4-1': 0.705}",1.0574999999999999,544.112,544.817,inf,546.797,546.797
1607,TT4,BESTEFFORT,COMPLETED,m1-1,541.883,"{'m1-1': 2.291, 'm2-1': 1.601, 'm3-1': 4.616, 'm4-1': 0.977}",3.6656,544.5680000000001,546.8590000000002,inf,546.883,546.883
1608,TT3,BESTEFFORT,COMPLETED,m2-1,542.1,"{'m1-1': 1.773, 'm2-1': 1.43, 'm3-1': 4.417, 'm4-1': 0.78}",4.29,545.4340000000001,546.864,inf,547.3000000000001,547.3000000000001
1609,TT3,BESTEFFORT,COMPLETED,m3-1,542.257,"{'m1-1': 2.182, 'm2-1': 1.628, 'm3-1': 4.522, 'm4-1': 0.737}",8.139600000000002,542.257,546.779,inf,547.457,547.457
1610,TT4,BESTEFFORT,MISSED,m1-1,542.306,"{'m1-1': 2.075, 'm2-1': 1.644, 'm3-1': 4.989, 'm4-1': 1.062}",0.7151999999998225,546.8590000000002,inf,547.306,547.306,547.306
1611,TT4,BESTEFFORT,MISSED,m2-1,542.542,"{'m1-1': 1.862, 'm2-1': 1.469, 'm3-1': 4.242, 'm4-1': 1.037}",2.033999999999992,546.864,inf,547.542,547.542,547.542
1612,TT3,BESTEFFORT,MISSED,m1-1,542.633,"{'m1-1': 2.269, 'm2-1': 1.516, 'm3-1': 4.409, 'm4-1': 0.856}",0.8432000000000699,547.306,inf,547.8330000000001,547.8330000000001,547.8330000000001
1613,TT2,BESTEFFORT,COMPLETED,m4-1,542.803,"{'m1-1': 1.952, 'm2-1': 2.04, 'm3-1': 3.915, 'm4-1': 0.916}",1.374,544.817,545.7330000000001,inf,547.903,547.903
1614,TT1,BESTEFFORT,MISSED,m3-1,543.128,"{'m1-1': 1.906, 'm2-1': 1.988, 'm3-1': 4.386, 'm4-1': 0.79}",2.4282000000000834,546.779,inf,548.128,548.128,548.128
1615,TT2,BESTEFFORT,MISSED,m3-1,543.155,"{'m1-1': 2.072, 'm2-1': 1.747, 'm3-1': 5.098, 'm4-1': 0.749}",0.22859999999991487,548.128,inf,548.255,548.255,548.255
1616,TT3,BESTEFFORT,MISSED,m3-1,543.18,"{'m1-1': 2.234, 'm2-1': 1.7, 'm3-1': 4.801, 'm4-1': 0.785}",0.225,548.255,inf,548.38,548.38,548.38
1617,TT2,BESTEFFORT,COMPLETED,m4-1,543.563,"{'m1-1': 2.368, 'm2-1': 1.649, 'm3-1': 3.734, 'm4-1': 0.952}",1.428,545.7330000000001,546.6850000000001,inf,548.663,548.663
1618,TT3,BESTEFFORT,MISSED,m2-1,543.625,"{'m1-1': 2.03, 'm2-1': 1.585, 'm3-1': 5.129, 'm4-1': 0.835}",3.8490000000000464,547.542,inf,548.825,548.825,548.825
1619,TT4,BESTEFFORT,COMPLETED,m4-1,543.861,"{'m1-1': 1.849, 'm2-1': 1.392, 'm3-1': 3.957, 'm4-1': 0.937}",1.4055,546.6850000000001,547.6220000000001,inf,548.861,548.861
1620,TT4,BESTEFFORT,COMPLETED,m4-1,545.332,"{'m1-1': 2.298, 'm2-1': 1.668, 'm3-1': 3.711, 'm4-1': 0.99}",1.4849999999999999,547.6220000000001,548.6120000000001,inf,550.332,550.332
1621,TT1,BESTEFFORT,COMPLETED,m1-1,545.657,"{'m1-1': 2.573, 'm2-1': 1.735, 'm3-1': 4.999, 'm4-1': 0.831}",4.1168000000000005,547.8330000000001,550.4060000000001,inf,550.657,550.657
1622,TT1,BESTEFFORT,COMPLETED,m4-1,545.785,"{'m1-1': 2.228, 'm2-1': 1.673, 'm3-1': 3.753, 'm4-1': 0.77}",1.155,548.6120000000001,549.3820000000001,inf,550.785,550.785
1623,TT2,BESTEFFORT,COMPLETED,m2-1,546.33,"{'m1-1': 1.95, 'm2-1': 1.612, 'm3-1': 3.782, 'm4-1': 0.919}",4.836,548.825,550.437,inf,551.4300000000001,551.4300000000001
1624,TT3,BESTEFFORT,COMPLETED,m4-1,546.624,"{'m1-1': 2.255, 'm2-1': 1.56, 'm3-1': 5.615, 'm4-1': 0.93}",1.395,549.3820000000001,550.312,inf,551.8240000000001,551.8240000000001
1625,TT3,BESTEFFORT,MISSED,m3-1,546.708,"{'m1-1': 1.893, 'm2-1': 1.462, 'm3-1': 5.972, 'm4-1': 0.788}",6.350400000000036,548.38,inf,551.908,551.908,551.908
1626,TT1,BESTEFFORT,COMPLETED,m2-1,547.1,"{'m1-1': 1.882, 'm2-1': 1.418, 'm3-1': 4.661, 'm4-1': 0.765}",4.254,550.437,551.855,inf,552.1,552.1
1627,TT2,BESTEFFORT,COMPLETED,m4-1,547.792,"{'m1-1': 2.073, 'm2-1': 1.846, 'm3-1': 4.193, 'm4-1': 0.983}",1.4745,550.312,551.295,inf,552.892,552.892
1628,TT2,BESTEFFORT,COMPLETED,m1-1,547.844,"{'m1-1': 2.011, 'm2-1': 2.126, 'm3-1': 3.926, 'm4-1': 0.8}",3.2176000000000005,550.4060000000001,552.417,inf,552.9440000000001,552.9440000000001
1629,TT3,BESTEFFORT,COMPLETED,m2-1,548.347,"{'m1-1': 2.049, 'm2-1': 1.333, 'm3-1': 5.682, 'm4-1': 0.975}",3.9989999999999997,551.855,553.188,inf,553.547,553.547
1630,TT3,BESTEFFORT,MISSED,m1-1,548.478,"{'m1-1': 2.132, 'm2-1': 1.55, 'm3-1': 4.679, 'm4-1': 0.882}",2.017599999999948,552.417,inf,553.678,553.678,553.678
1631,TT3,BESTEFFORT,MISSED,m1-1,548.559,"{'m1-1': 2.213, 'm2-1': 1.671, 'm3-1': 4.617, 'm4-1': 0.775}",0.12960000000002767,553.678,inf,553.759,553.759,553.759
1632,TT2,BESTEFFORT,COMPLETED,m4-1,548.685,"{'m1-1': 2.194, 'm2-1': 1.555, 'm3-1': 4.592, 'm4-1': 0.868}",1.302,551.295,552.163,inf,553.785,553.785
1633,TT3,BESTEFFORT,MISSED,m3-1,548.766,"{'m1-1': 1.717, 'm2-1': 1.488, 'm3-1': 4.569, 'm4-1': 0.964}",3.704399999999987,551.908,inf,553.966,553.966,553.966
1634,TT2,BESTEFFORT,MISSED,m2-1,548.868,"{'m1-1': 2.255, 'm2-1': 1.906, 'm3-1': 4.394, 'm4-1': 1.008}",2.340000000000259,553.188,inf,553.9680000000001,553.9680000000001,553.9680000000001
1635,TT3,BESTEFFORT,MISSED,m3-1,548.943,"{'m1-1': 2.253, 'm2-1': 1.674, 'm3-1': 5.522, 'm4-1': 0.881}",0.3186000000000377,553.966,inf,554.143,554.143,554.143
1636,TT3,BESTEFFORT,MISSED,m3-1,549.141,"{'m1-1': 1.883, 'm2-1': 1.791, 'm3-1': 5.591, 'm4-1': 0.767}",0.35639999999996236,554.143,inf,554.341,554.341,554.341
1637,TT2,BESTEFFORT,COMPLETED,m4-1,549.394,"{'m1-1': 2.305, 'm2-1': 1.792, 'm3-1': 4.149, 'm4-1': 0.84}",1.26,552.163,553.003,inf,554.494,554.494
1638,TT4,BESTEFFORT,COMPLETED,m4-1,549.486,"{'m1-1': 2.033, 'm2-1': 1.722, 'm3-1': 4.61, 'm4-1': 0.836}",1.254,553.003,553.839,inf,554.486,554.486
1639,TT2,BESTEFFORT,MISSED,m2-1,550.654,"{'m1-1': 1.905, 'm2-1': 2.117, 'm3-1': 4.014, 'm4-1': 0.753}",5.357999999999834,553.9680000000001,inf,555.754,555.754,555.754
1640,TT2,BESTEFFORT,MISSED,m1-1,550.677,"{'m1-1': 2.498, 'm2-1': 2.107, 'm3-1': 3.635, 'm4-1': 0.728}",3.2288000000000467,553.759,inf,555.777,555.777,555.777
1641,TT1,BESTEFFORT,COMPLETED,m4-1,550.736,"{'m1-1': 2.272, 'm2-1': 1.58, 'm3-1': 4.772, 'm4-1': 0.765}",1.1475,553.839,554.604,inf,555.736,555.736
1642,TT1,BESTEFFORT,COMPLETED,m4-1,552.531,"{'m1-1': 2.553, 'm2-1': 1.704, 'm3-1': 4.642, 'm4-1': 0.787}",1.1805,554.604,555.3910000000001,inf,557.531,557.531
1643,TT1,BESTEFFORT,COMPLETED,m2-1,552.939,"{'m1-1': 2.478, 'm2-1': 1.593, 'm3-1': 5.042, 'm4-1': 0.817}",4.779,555.754,557.347,inf,557.939,557.939
1644,TT1,BESTEFFORT,COMPLETED,m4-1,553.828,"{'m1-1': 1.941, 'm2-1': 1.711, 'm3-1': 4.781, 'm4-1': 0.719}",1.0785,555.3910000000001,556.1100000000001,inf,558.828,558.828
1645,TT3,BESTEFFORT,COMPLETED,m4-1,554.088,"{'m1-1': 2.073, 'm2-1': 1.332, 'm3-1': 5.252, 'm4-1': 0.811}",1.2165000000000001,556.1100000000001,556.9210000000002,inf,559.288,559.288
1646,TT2,BESTEFFORT,COMPLETED,m1-1,554.09,"{'m1-1': 2.508, 'm2-1': 1.712, 'm3-1': 4.332, 'm4-1': 0.928}",4.0128,555.777,558.2850000000001,inf,559.19,559.19
1647,TT2,BESTEFFORT,COMPLETED,m3-1,554.372,"{'m1-1': 2.364, 'm2-1': 2.121, 'm3-1': 4.586, 'm4-1': 0.924}",8.254800000000001,554.372,558.958,inf,559.472,559.472
1648,TT1,BESTEFFORT,COMPLETED,m4-1,555.044,"{'m1-1': 1.867, 'm2-1': 1.93, 'm3-1': 4.861, 'm4-1': 0.622}",0.933,556.9210000000002,557.5430000000001,inf,560.044,560.044
1649,TT1,BESTEFFORT,COMPLETED,m4-1,556.431,"{'m1-1': 2.324, 'm2-1': 1.746, 'm3-1': 4.617, 'm4-1': 0.745}",1.1175,557.5430000000001,558.2880000000001,inf,561.431,561.431
1650,TT3,BESTEFFORT,COMPLETED,m2-1,556.946,"{'m1-1': 2.361, 'm2-1': 1.377, 'm3-1': 5.695, 'm4-1': 0.719}",4.131,557.347,558.7239999999999,inf,562.1460000000001,562.1460000000001
1651,TT2,BESTEFFORT,COMPLETED,m4-1,557.039,"{'m1-1': 2.414, 'm2-1': 1.886, 'm3-1': 4.18, 'm4-1': 0.803}",1.2045000000000001,558.2880000000001,559.0910000000001,inf,562.139,562.139
1652,TT4,BESTEFFORT,COMPLETED,m1-1,557.512,"{'m1-1': 2.011, 'm2-1': 1.803, 'm3-1': 4.693, 'm4-1': 0.954}",3.2176000000000005,558.2850000000001,560.296,inf,562.512,562.512
1653,TT3,BESTEFFORT,COMPLETED,m4-1,558.03,"{'m1-1': 2.39, 'm2-1': 1.681, 'm3-1': 5.719, 'm4-1': 0.79}",1.185,559.0910000000001,559.8810000000001,inf,563.23,563.23
1654,TT1,BESTEFFORT,COMPLETED,m2-1,558.172,"{'m1-1': 1.988, 'm2-1': 1.956, 'm3-1': 4.851, 'm4-1': 0.816}",5.868,558.7239999999999,560.68,inf,563.172,563.172
1655,TT1,BESTEFFORT,COMPLETED,m4-1,558.375,"{'m1-1': 2.273, 'm2-1': 1.438, 'm3-1': 4.986, 'm4-1': 0.847}",1.2705,559.8810000000001,560.7280000000001,inf,563.375,563.375
1656,TT2,BESTEFFORT,COMPLETED,m4-1,558.41,"{'m1-1': 2.062, 'm2-1': 2.124, 'm3-1': 4.419, 'm4-1': 0.983}",1.4745,560.7280000000001,561.711,inf,563.51,563.51
1657,TT4,BESTEFFORT,COMPLETED,m2-1,558.79,"{'m1-1': 2.112, 'm2-1': 1.662, 'm3-1': 5.125, 'm4-1': 0.994}",4.986,560.68,562.342,inf,563.79,563.79
1658,TT4,BESTEFFORT,COMPLETED,m1-1,558.872,"{'m1-1': 1.947, 'm2-1': 1.758, 'm3-1': 4.808, 'm4-1': 1.005}",3.1152,560.296,562.243,inf,563.872,563.872
1659,TT2,BESTEFFORT,COMPLETED,m4-1,559.123,"{'m1-1': 2.619, 'm2-1': 1.819, 'm3-1': 4.675, 'm4-1': 0.774}",1.161,561.711,562.485,inf,564.2230000000001,564.2230000000001
1660,TT1,BESTEFFORT,COMPLETED,m3-1,559.324,"{'m1-1': 2.302, 'm2-1': 1.473, 'm3-1': 4.896, 'm4-1': 0.836}",8.8128,559.324,564.2199999999999,inf,564.324,564.324
1661,TT2,BESTEFFORT,COMPLETED,m2-1,559.516,"{'m1-1': 2.008, 'm2-1': 1.636, 'm3-1': 3.679, 'm4-1': 0.852}",4.9079999999999995,562.342,563.978,inf,564.616,564.616
1662,TT4,BESTEFFORT,COMPLETED,m4-1,560.099,"{'m1-1': 1.885, 'm2-1': 1.688, 'm3-1': 4.184, 'm4-1': 0.819}",1.2285,562.485,563.304,inf,565.099,565.099
1663,TT1,BESTEFFORT,COMPLETED,m1-1,560.43,"{'m1-1': 1.997, 'm2-1': 1.855, 'm3-1': 4.186, 'm4-1': 0.716}",3.1952000000000003,562.243,564.24,inf,565.43,565.43
1664,TT3,BESTEFFORT,COMPLETED,m2-1,560.667,"{'m1-1': 2.064, 'm2-1': 1.403, 'm3-1': 4.877, 'm4-1': 0.793}",4.209,563.978,565.381,inf,565.8670000000001,565.8670000000001
1665,TT1,BESTEFFORT,COMPLETED,m4-1,560.764,"{'m1-1': 2.408, 'm2-1': 1.898, 'm3-1': 4.611, 'm4-1': 0.847}",1.2705,563.304,564.151,inf,565.764,565.764
1666,TT1,BESTEFFORT,MISSED,m1-1,560.847,"{'m1-1': 2.36, 'm2-1': 1.505, 'm3-1': 4.468, 'm4-1': 0.849}",2.5711999999999535,564.24,inf,565.847,565.847,565.847
1667,TT2,BESTEFFORT,MISSED,m3-1,561.228,"{'m1-1': 2.019, 'm2-1': 1.838, 'm3-1': 4.629, 'm4-1': 0.725}",3.7944000000001097,564.2199999999999,inf,566.328,566.328,566.328
1668,TT1,BESTEFFORT,COMPLETED,m4-1,562.126,"{'m1-1': 2.573, 'm2-1': 1.549, 'm3-1': 3.76, 'm4-1': 0.684}",1.026,564.151,564.8349999999999,inf,567.126,567.126
1669,TT4,BESTEFFORT,COMPLETED,m2-1,562.275,"{'m1-1': 2.015, 'm2-1': 1.889, 'm3-1': 3.668, 'm4-1': 1.005}",5.667,565.381,567.27,inf,567.275,567.275
1670,TT1,BESTEFFORT,COMPLETED,m4-1,562.589,"{'m1-1': 2.279, 'm2-1': 1.675, 'm3-1': 3.646, 'm4-1': 0.613}",0.9195,564.8349999999999,565.448,inf,567.589,567.589
1671,TT2,BESTEFFORT,MISSED,m1-1,563.051,"{'m1-1': 2.508, 'm2-1': 2.113, 'm3-1': 3.919, 'm4-1': 0.91}",3.68640000000014,565.847,inf,568.1510000000001,568.1510000000001,568.1510000000001
1672,TT1,BESTEFFORT,COMPLETED,m4-1,563.492,"{'m1-1': 2.509, 'm2-1': 1.535, 'm3-1': 3.693, 'm4-1': 0.665}",0.9975,565.448,566.1129999999999,inf,568.492,568.492
1673,TT2,BESTEFFORT,MISSED,m2-1,563.583,"{'m1-1': 2.629, 'm2-1': 1.98, 'm3-1': 3.835, 'm4-1': 0.998}",4.239000000000033,567.27,inf,568.683,568.683,568.683
1674,TT4,BESTEFFORT,MISSED,m2-1,563.988,"{'m1-1': 1.95, 'm2-1': 1.708, 'm3-1': 4.765, 'm4-1': 0.941}",0.915000000000191,568.683,inf,568.988,568.988,568.988
1675,TT3,BESTEFFORT,MISSED,m1-1,564.141,"{'m1-1': 2.388, 'm2-1': 1.48, 'm3-1': 4.309, 'm4-1': 0.719}",1.9039999999999055,568.1510000000001,inf,569.341,569.341,569.341
1676,TT2,BESTEFFORT,COMPLETED,m4-1,564.554,"{'m1-1': 2.179, 'm2-1': 2.144, 'm3-1': 5.069, 'm4-1': 0.795}",1.1925000000000001,566.1129999999999,566.9079999999999,inf,569.654,569.654
1677,TT1,BESTEFFORT,COMPLETED,m4-1,565.101,"{'m1-1': 2.209, 'm2-1': 1.852, 'm3-1': 4.483, 'm4-1': 0.845}",1.2675,566.9079999999999,567.7529999999999,inf,570.101,570.101
1678,TT4,BESTEFFORT,MISSED,m3-1,565.175,"{'m1-1': 1.844, 'm2-1': 1.692, 'm3-1': 3.901, 'm4-1': 0.789}",6.924599999999964,566.328,inf,570.175,570.175,570.175
1679,TT3,BESTEFFORT,MISSED,m1-1,565.251,"{'m1-1': 1.78, 'm2-1': 1.391, 'm3-1': 4.359, 'm4-1': 0.731}",1.776000000000022,569.341,inf,570.451,570.451,570.451
1680,TT3,BESTEFFORT,COMPLETED,m4-1,565.453,"{'m1-1': 1.741, 'm2-1': 1.335, 'm3-1': 4.577, 'm4-1': 0.791}",1.1865,567.7529999999999,568.544,inf,570.653,570.653
1681,TT3,BESTEFFORT,COMPLETED,m2-1,565.702,"{'m1-1': 2.108, 'm2-1': 1.377, 'm3-1': 4.442, 'm4-1': 0.763}",4.131,568.988,570.365,inf,570.902,570.902
1682,TT3,BESTEFFORT,MISSED,m3-1,565.842,"{'m1-1': 2.313, 'm2-1': 1.335, 'm3-1': 4.665, 'm4-1': 0.815}",1.5606000000001359,570.175,inf,571.042,571.042,571.042
1683,TT4,BESTEFFORT,MISSED,m1-1,565.997,"{'m1-1': 2.059, 'm2-1': 1.644, 'm3-1': 4.55, 'm4-1': 0.871}",0.8735999999998967,570.451,inf,570.997,570.997,570.997
1684,TT2,BESTEFFORT,COMPLETED,m4-1,566.641,"{'m1-1': 2.238, 'm2-1': 1.72, 'm3-1': 3.912, 'm4-1': 0.821}",1.2315,568.544,569.365,inf,571.741,571.741
1685,TT3,BESTEFFORT,MISSED,m3-1,566.692,"{'m1-1': 1.901, 'm2-1': 1.78, 'm3-1': 5.306, 'm4-1': 0.772}",1.5300000000000409,571.042,inf,571.892,571.892,571.892
1686,TT2,BESTEFFORT,COMPLETED,m4-1,567.017,"{'m1-1': 2.309, 'm2-1': 1.629, 'm3-1': 4.977, 'm4-1': 0.821}",1.2315,569.365,570.186,inf,572.1170000000001,572.1170000000001
1687,TT3,BESTEFFORT,COMPLETED,m2-1,567.287,"{'m1-1': 2.181, 'm2-1': 1.492, 'm3-1': 5.275, 'm4-1': 0.847}",4.476,570.365,571.857,inf,572.4870000000001,572.4870000000001
1688,TT4,BESTEFFORT,COMPLETED,m4-1,567.935,"{'m1-1': 2.085, 'm2-1': 1.845, 'm3-1': 4.939, 'm4-1': 1.013}",1.5194999999999999,570.186,571.1990000000001,inf,572.935,572.935
1689,TT4,BESTEFFORT,MISSED,m3-1,567.973,"{'m1-1': 2.063, 'm2-1': 1.648, 'm3-1': 3.755, 'm4-1': 0.928}",1.9457999999998266,571.892,inf,572.973,572.973,572.973
1690,TT2,BESTEFFORT,COMPLETED,m1-1,568.399,"{'m1-1': 2.131, 'm2-1': 1.934, 'm3-1': 4.011, 'm4-1': 0.748}",3.4095999999999997,570.997,573.1279999999999,inf,573.499,573.499
1691,TT1,BESTEFFORT,COMPLETED,m4-1,568.405,"{'m1-1': 2.491, 'm2-1': 1.443, 'm3-1': 4.068, 'm4-1': 0.754}",1.131,571.1990000000001,571.9530000000001,inf,573.405,573.405
1692,TT4,BESTEFFORT,COMPLETED,m2-1,568.867,"{'m1-1': 2.029, 'm2-1': 1.89, 'm3-1': 4.032, 'm4-1': 1.058}",5.67,571.857,573.747,inf,573.867,573.867
1693,TT2,BESTEFFORT,MISSED,m2-1,569.037,"{'m1-1': 2.118, 'm2-1': 1.736, 'm3-1': 4.365, 'm4-1': 0.975}",1.1700000000003001,573.747,inf,574.1370000000001,574.1370000000001,574.1370000000001
1694,TT3,BESTEFFORT,MISSED,m1-1,569.075,"{'m1-1': 2.238, 'm2-1': 1.529, 'm3-1': 5.664, 'm4-1': 0.876}",1.835200000000259,573.1279999999999,inf,574.2750000000001,574.2750000000001,574.2750000000001
1695,TT3,BESTEFFORT,COMPLETED,m4-1,569.188,"{'m1-1': 2.286, 'm2-1': 1.719, 'm3-1': 5.65, 'm4-1': 0.871}",1.3065,571.9530000000001,572.8240000000001,inf,574.388,574.388
1696,TT2,BESTEFFORT,MISSED,m3-1,569.388,"{'m1-1': 2.56, 'm2-1': 2.088, 'm3-1': 4.962, 'm4-1': 0.765}",2.72700000000018,572.973,inf,574.488,574.488,574.488
1697,TT4,BESTEFFORT,COMPLETED,m4-1,570.399,"{'m1-1': 2.225, 'm2-1': 1.624, 'm3-1': 4.86, 'm4-1': 0.901}",1.3515000000000001,572.8240000000001,573.725,inf,575.399,575.399
1698,TT1,BESTEFFORT,MISSED,m2-1,570.537,"{'m1-1': 2.494, 'm2-1': 1.463, 'm3-1': 4.791, 'm4-1': 0.756}",4.199999999999932,574.1370000000001,inf,575.537,575.537,575.537
1699,TT3,BESTEFFORT,MISSED,m1-1,570.618,"{'m1-1': 1.844, 'm2-1': 1.577, 'm3-1': 5.976, 'm4-1': 0.977}",2.4688000000000105,574.2750000000001,inf,575.8180000000001,575.8180000000001,575.8180000000001
1700,TT2,BESTEFFORT,MISSED,m1-1,570.643,"{'m1-1': 2.182, 'm2-1': 1.666, 'm3-1': 4.572, 'm4-1': 0.73}",0.0,575.8180000000001,inf,575.8180000000001,575.743,575.743
1701,TT3,BESTEFFORT,MISSED,m3-1,570.915,"{'m1-1': 1.766, 'm2-1': 1.386, 'm3-1': 5.7, 'm4-1': 0.838}",2.928599999999915,574.488,inf,576.115,576.115,576.115
1702,TT2,BESTEFFORT,COMPLETED,m4-1,571.063,"{'m1-1': 2.401, 'm2-1': 1.892, 'm3-1': 3.86, 'm4-1': 0.847}",1.2705,573.725,574.572,inf,576.163,576.163
1703,TT2,BESTEFFORT,MISSED,m2-1,571.073,"{'m1-1': 2.207, 'm2-1': 1.768, 'm3-1': 4.587, 'm4-1': 0.987}",1.9079999999999018,575.537,inf,576.173,576.173,576.173
1704,TT3,BESTEFFORT,MISSED,m3-1,571.31,"{'m1-1': 2.414, 'm2-1': 1.495, 'm3-1': 5.279, 'm4-1': 0.957}",0.7109999999999673,576.115,inf,576.51,576.51,576.51
1705,TT1,BESTEFFORT,COMPLETED,m4-1,571.608,"{'m1-1': 2.36, 'm2-1': 1.921, 'm3-1': 4.364, 'm4-1': 0.675}",1.0125000000000002,574.572,575.247,inf,576.608,576.608
1706,TT3,BESTEFFORT,COMPLETED,m4-1,571.754,"{'m1-1': 2.054, 'm2-1': 1.27, 'm3-1': 5.878, 'm4-1': 0.942}",1.4129999999999998,575.247,576.189,inf,576.9540000000001,576.9540000000001
1707,TT4,BESTEFFORT,MISSED,m3-1,571.961,"{'m1-1': 2.063, 'm2-1': 1.436, 'm3-1': 4.817, 'm4-1': 0.87}",0.8118000000000393,576.51,inf,576.961,576.961,576.961
1708,TT4,BESTEFFORT,MISSED,m1-1,572.134,"{'m1-1': 1.744, 'm2-1': 1.724, 'm3-1': 5.033, 'm4-1': 0.779}",2.1055999999998676,575.8180000000001,inf,577.134,577.134,577.134
1709,TT1,BESTEFFORT,COMPLETED,m4-1,572.702,"{'m1-1': 2.051, 'm2-1': 1.591, 'm3-1': 3.729, 'm4-1': 0.641}",0.9615,576.189,576.8299999999999,inf,577.702,577.702
1710,TT3,BESTEFFORT,MISSED,m2-1,573.174,"{'m1-1': 2.064, 'm2-1': 1.499, 'm3-1': 4.784, 'm4-1': 0.793}",2.16599999999994,577.652,inf,578.374,578.374,578.374
1711,TT4,BESTEFFORT,COMPLETED,m2-1,573.254,"{'m1-1': 2.171, 'm2-1': 1.479, 'm3-1': 4.105, 'm4-1': 0.824}",4.437,576.173,577.652,inf,578.254,578.254
1712,TT1,BESTEFFORT,MISSED,m1-1,573.42,"{'m1-1': 2.521, 'm2-1': 1.789, 'm3-1': 4.725, 'm4-1': 0.696}",2.0575999999999115,577.134,inf,578.42,578.42,578.42
1713,TT3,BESTEFFORT,MISSED,m3-1,574.05,"{'m1-1': 2.226, 'm2-1': 1.733, 'm3-1': 5.488, 'm4-1': 0.898}",4.120199999999977,576.961,inf,579.25,579.25,579.25
1714,TT2,BESTEFFORT,COMPLETED,m4-1,574.625,"{'m1-1': 2.339, 'm2-1': 2.03, 'm3-1': 4.522, 'm4-1': 0.965}",1.4475,576.8299999999999,577.795,inf,579.725,579.725
1715,TT4,BESTEFFORT,COMPLETED,m4-1,575.581,"{'m1-1': 1.817, 'm2-1': 1.774, 'm3-1': 4.435, 'm4-1': 0.937}",1.4055,577.795,578.732,inf,580.581,580.581
1716,TT4,BESTEFFORT,COMPLETED,m2-1,575.671,"{'m1-1': 1.96, 'm2-1': 1.85, 'm3-1': 3.839, 'm4-1': 0.772}",5.550000000000001,578.374,580.224,inf,580.671,580.671
1717,TT4,BESTEFFORT,COMPLETED,m4-1,576.461,"{'m1-1': 1.747, 'm2-1': 1.812, 'm3-1': 4.487, 'm4-1': 0.847}",1.2705,578.732,579.579,inf,581.461,581.461
1718,TT3,BESTEFFORT,COMPLETED,m1-1,576.645,"{'m1-1': 2.425, 'm2-1': 1.431, 'm3-1': 4.911, 'm4-1': 0.8}",3.88,578.42,580.8449999999999,inf,581.845,581.845
1719,TT2,BESTEFFORT,MISSED,m2-1,576.659,"{'m1-1': 2.177, 'm2-1': 1.597, 'm3-1': 4.312, 'm4-1': 1.003}",4.6049999999999045,580.224,inf,581.759,581.759,581.759
1720,TT1,BESTEFFORT,COMPLETED,m4-1,577.07,"{'m1-1': 2.532, 'm2-1': 1.873, 'm3-1': 4.665, 'm4-1': 0.766}",1.149,579.579,580.3449999999999,inf,582.07,582.07
1721,TT2,BESTEFFORT,MISSED,m1-1,577.434,"{'m1-1': 2.044, 'm2-1': 1.889, 'm3-1': 4.226, 'm4-1': 0.756}",2.702400000000125,580.8449999999999,inf,582.534,582.534,582.534
1722,TT4,BESTEFFORT,COMPLETED,m4-1,578.394,"{'m1-1': 2.195, 'm2-1': 1.348, 'm3-1': 4.879, 'm4-1': 0.974}",1.4609999999999999,580.3449999999999,581.319,inf,583.394,583.394
1723,TT1,BESTEFFORT,COMPLETED,m2-1,578.593,"{'m1-1': 1.882, 'm2-1': 1.459, 'm3-1': 3.72, 'm4-1': 0.738}",4.377000000000001,581.759,583.218,inf,583.593,583.593
1724,TT4,BESTEFFORT,COMPLETED,m3-1,578.599,"{'m1-1': 1.732, 'm2-1': 1.803, 'm3-1': 3.824, 'm4-1': 0.857}",6.8831999999999995,579.25,583.074,inf,583.599,583.599
1725,TT1,BESTEFFORT,COMPLETED,m4-1,579.059,"{'m1-1': 1.982, 'm2-1': 1.959, 'm3-1': 3.929, 'm4-1': 0.619}",0.9285,581.319,581.938,inf,584.059,584.059
1726,TT1,BESTEFFORT,MISSED,m1-1,579.148,"{'m1-1': 2.305, 'm2-1': 1.849, 'm3-1': 3.624, 'm4-1': 0.734}",2.5824000000000527,582.534,inf,584.148,584.148,584.148
1727,TT3,BESTEFFORT,MISSED,m2-1,579.4,"{'m1-1': 1.728, 'm2-1': 1.431, 'm3-1': 4.463, 'm4-1': 0.835}",4.1460000000001855,583.218,inf,584.6,584.6,584.6
1728,TT3,BESTEFFORT,COMPLETED,m4-1,579.88,"{'m1-1': 2.016, 'm2-1': 1.471, 'm3-1': 5.201, 'm4-1': 0.993}",1.4895,581.938,582.931,inf,585.08,585.08
1729,TT1,BESTEFFORT,MISSED,m1-1,579.995,"{'m1-1': 2.065, 'm2-1': 1.58, 'm3-1': 4.29, 'm4-1': 0.843}",1.355199999999968,584.148,inf,584.995,584.995,584.995
1730,TT1,BESTEFFORT,MISSED,m3-1,580.112,"{'m1-1': 1.963, 'm2-1': 1.927, 'm3-1': 4.999, 'm4-1': 0.72}",3.6684000000000196,583.074,inf,585.112,585.112,585.112
1731,TT2,BESTEFFORT,MISSED,m2-1,580.243,"{'m1-1': 1.9, 'm2-1': 1.548, 'm3-1': 4.255, 'm4-1': 0.969}",2.2290000000001555,584.6,inf,585.3430000000001,585.3430000000001,585.3430000000001
1732,TT2,BESTEFFORT,MISSED,m3-1,580.245,"{'m1-1': 2.411, 'm2-1': 2.122, 'm3-1': 4.1, 'm4-1': 0.8}",0.4194000000001097,585.112,inf,585.345,585.345,585.345
1733,TT4,BESTEFFORT,COMPLETED,m4-1,580.696,"{'m1-1': 1.78, 'm2-1': 1.515, 'm3-1': 4.662, 'm4-1': 0.876}",1.314,582.931,583.807,inf,585.696,585.696
1734,TT3,BESTEFFORT,MISSED,m1-1,580.853,"{'m1-1': 2.141, 'm2-1': 1.487, 'm3-1': 5.349, 'm4-1': 0.993}",1.6927999999999885,584.995,inf,586.053,586.053,586.053
1735,TT2,BESTEFFORT,MISSED,m3-1,580.912,"{'m1-1': 2.526, 'm2-1': 1.875, 'm3-1': 4.031, 'm4-1': 0.944}",1.200600000000054,585.345,inf,586.0120000000001,586.0120000000001,586.0120000000001
1736,TT2,BESTEFFORT,COMPLETED,m4-1,581.163,"{'m1-1': 2.453, 'm2-1': 1.824, 'm3-1': 4.088, 'm4-1': 0.993}",1.4895,583.807,584.8000000000001,inf,586.263,586.263
1737,TT1,BESTEFFORT,MISSED,m2-1,581.379,"{'m1-1': 2.334, 'm2-1': 1.651, 'm3-1': 4.763, 'm4-1': 0.814}",3.1079999999998336,585.3430000000001,inf,586.379,586.379,586.379
1738,TT1,BESTEFFORT,COMPLETED,m4-1,581.384,"{'m1-1': 1.863, 'm2-1': 1.73, 'm3-1': 4.216, 'm4-1': 0.851}",1.2765,584.8000000000001,585.6510000000001,inf,586.384,586.384
1739,TT2,BESTEFFORT,MISSED,m1-1,581.476,"{'m1-1': 2.117, 'm2-1': 1.97, 'm3-1': 4.712, 'm4-1': 0.852}",0.8368000000000393,586.053,inf,586.576,586.576,586.576
1740,TT1,BESTEFFORT,COMPLETED,m4-1,581.668,"{'m1-1': 2.478, 'm2-1': 1.947, 'm3-1': 4.759, 'm4-1': 0.737}",1.1055,585.6510000000001,586.388,inf,586.668,586.668
1741,TT3,BESTEFFORT,MISSED,m3-1,582.433,"{'m1-1': 1.889, 'm2-1': 1.373, 'm3-1': 5.163, 'm4-1': 0.73}",2.9177999999999655,586.0120000000001,inf,587.633,587.633,587.633
1742,TT1,BESTEFFORT,COMPLETED,m2-1,583.646,"{'m1-1': 1.954, 'm2-1': 1.634, 'm3-1': 3.851, 'm4-1': 0.705}",4.901999999999999,586.379,588.013,inf,588.646,588.646
1743,TT2,BESTEFFORT,COMPLETED,m4-1,583.646,"{'m1-1': 1.928, 'm2-1': 2.108, 'm3-1': 4.767, 'm4-1': 0.992}",1.488,586.388,587.38,inf,588.746,588.746
1744,TT4,BESTEFFORT,COMPLETED,m1-1,583.94,"{'m1-1': 2.322, 'm2-1': 1.372, 'm3-1': 4.914, 'm4-1': 0.79}",3.7152000000000003,586.576,588.898,inf,588.94,588.94
1745,TT2,BESTEFFORT,COMPLETED,m4-1,584.298,"{'m1-1': 1.938, 'm2-1': 1.75, 'm3-1': 4.673, 'm4-1': 0.886}",1.329,587.38,588.266,inf,589.398,589.398
1746,TT1,BESTEFFORT,MISSED,m2-1,584.364,"{'m1-1': 2.346, 'm2-1': 1.896, 'm3-1': 4.955, 'm4-1': 0.757}",4.052999999999997,588.013,inf,589.364,589.364,589.364
1747,TT2,BESTEFFORT,MISSED,m1-1,584.64,"{'m1-1': 2.135, 'm2-1': 1.971, 'm3-1': 4.712, 'm4-1': 0.82}",1.3471999999999753,588.898,inf,589.74,589.74,589.74
1748,TT3,BESTEFFORT,MISSED,m2-1,584.968,"{'m1-1': 2.211, 'm2-1': 1.6, 'm3-1': 5.675, 'm4-1': 0.855}",2.411999999999921,589.364,inf,590.168,590.168,590.168
1749,TT4,BESTEFFORT,MISSED,m3-1,585.03,"{'m1-1': 1.852, 'm2-1': 1.39, 'm3-1': 4.521, 'm4-1': 0.95}",4.314599999999882,587.633,inf,590.03,590.03,590.03
1750,TT2,BESTEFFORT,MISSED,m3-1,585.464,"{'m1-1': 2.505, 'm2-1': 1.953, 'm3-1': 4.661, 'm4-1': 0.721}",0.9612000000001899,590.03,inf,590.5640000000001,590.5640000000001,590.5640000000001
1751,TT4,BESTEFFORT,COMPLETED,m4-1,585.562,"{'m1-1': 2.011, 'm2-1': 1.343, 'm3-1': 4.989, 'm4-1': 0.876}",1.314,588.266,589.1419999999999,inf,590.562,590.562
1752,TT3,BESTEFFORT,MISSED,m3-1,585.564,"{'m1-1': 2.31, 'm2-1': 1.563, 'm3-1': 5.648, 'm4-1': 0.74}",0.35999999999987725,590.5640000000001,inf,590.764,590.764,590.764
1753,TT3,BESTEFFORT,MISSED,m2-1,585.734,"{'m1-1': 2.119, 'm2-1': 1.575, 'm3-1': 5.844, 'm4-1': 0.835}",2.298000000000229,590.168,inf,590.9340000000001,590.9340000000001,590.9340000000001
1754,TT1,BESTEFFORT,MISSED,m1-1,585.924,"{'m1-1': 2.44, 'm2-1': 1.913, 'm3-1': 4.76, 'm4-1': 0.848}",1.8943999999999506,589.74,inf,590.924,590.924,590.924
1755,TT2,BESTEFFORT,COMPLETED,m4-1,587.563,"{'m1-1': 2.062, 'm2-1': 1.765, 'm3-1': 4.585, 'm4-1': 0.984}",1.476,589.1419999999999,590.126,inf,592.663,592.663
1756,TT4,BESTEFFORT,COMPLETED,m4-1,587.698,"{'m1-1': 2.027, 'm2-1': 1.372, 'm3-1': 3.872, 'm4-1': 0.929}",1.3935,590.126,591.055,inf,592.698,592.698
1757,TT4,BESTEFFORT,COMPLETED,m2-1,588.03,"{'m1-1': 1.844, 'm2-1': 1.737, 'm3-1': 5.1, 'm4-1': 0.926}",5.211,590.9340000000001,592.671,inf,593.03,593.03
1758,TT3,BESTEFFORT,COMPLETED,m4-1,588.294,"{'m1-1': 2.414, 'm2-1': 1.329, 'm3-1': 4.415, 'm4-1': 0.933}",1.3995000000000002,591.055,591.9879999999999,inf,593.494,593.494
1759,TT2,BESTEFFORT,COMPLETED,m1-1,589.063,"{'m1-1': 2.562, 'm2-1': 1.858, 'm3-1': 5.085, 'm4-1': 1.002}",4.0992,590.924,593.486,inf,594.163,594.163
1760,TT3,BESTEFFORT,COMPLETED,m4-1,589.406,"{'m1-1': 2.146, 'm2-1': 1.366, 'm3-1': 5.262, 'm4-1': 0.857}",1.2854999999999999,591.9879999999999,592.8449999999999,inf,594.606,594.606
1761,TT1,BESTEFFORT,COMPLETED,m2-1,589.921,"{'m1-1': 2.406, 'm2-1': 1.405, 'm3-1': 3.987, 'm4-1': 0.618}",4.215,592.671,594.076,inf,594.921,594.921
1762,TT3,BESTEFFORT,COMPLETED,m4-1,590.188,"{'m1-1': 2.141, 'm2-1': 1.712, 'm3-1': 5.473, 'm4-1': 0.986}",1.479,592.8449999999999,593.8309999999999,inf,595.388,595.388
1763,TT1,BESTEFFORT,COMPLETED,m3-1,590.718,"{'m1-1': 2.133, 'm2-1': 1.682, 'm3-1': 4.753, 'm4-1': 0.801}",8.5554,590.764,595.517,inf,595.718,595.718
1764,TT2,BESTEFFORT,COMPLETED,m1-1,590.894,"{'m1-1': 2.163, 'm2-1': 1.655, 'm3-1': 3.63, 'm4-1': 0.819}",3.4608,593.486,595.649,inf,595.994,595.994
1765,TT3,BESTEFFORT,COMPLETED,m4-1,591.172,"{'m1-1': 2.225, 'm2-1': 1.357, 'm3-1': 5.184, 'm4-1': 0.797}",1.1955,593.8309999999999,594.6279999999999,inf,596.3720000000001,596.3720000000001
1766,TT4,BESTEFFORT,COMPLETED,m2-1,591.256,"{'m1-1': 1.744, 'm2-1': 1.372, 'm3-1': 3.94, 'm4-1': 0.984}",4.1160000000000005,594.076,595.448,inf,596.256,596.256
1767,TT1,BESTEFFORT,MISSED,m2-1,591.505,"{'m1-1': 2.378, 'm2-1': 1.826, 'm3-1': 3.733, 'm4-1': 0.617}",3.171000000000049,595.448,inf,596.505,596.505,596.505
1768,TT3,BESTEFFORT,MISSED,m1-1,591.64,"{'m1-1': 2.278, 'm2-1': 1.677, 'm3-1': 4.982, 'm4-1': 0.995}",1.9056000000000495,595.649,inf,596.84,596.84,596.84
1769,TT2,BESTEFFORT,MISSED,m1-1,591.712,"{'m1-1': 1.882, 'm2-1': 1.715, 'm3-1': 4.943, 'm4-1': 0.839}",0.0,596.84,inf,596.84,596.812,596.812
1770,TT3,BESTEFFORT,MISSED,m3-1,591.984,"{'m1-1': 2.323, 'm2-1': 1.7, 'm3-1': 5.81, 'm4-1': 0.954}",3.000600000000054,595.517,inf,597.1840000000001,597.1840000000001,597.1840000000001
1771,TT4,BESTEFFORT,COMPLETED,m4-1,592.064,"{'m1-1': 1.785, 'm2-1': 1.615, 'm3-1': 4.234, 'm4-1': 1.045}",1.5675,594.6279999999999,595.6729999999999,inf,597.064,597.064
1772,TT3,BESTEFFORT,MISSED,m3-1,592.123,"{'m1-1': 2.255, 'm2-1': 1.513, 'm3-1': 4.81, 'm4-1': 0.879}",0.250200000000018,597.1840000000001,inf,597.3230000000001,597.3230000000001,597.3230000000001
1773,TT3,BESTEFFORT,MISSED,m3-1,592.354,"{'m1-1': 1.947, 'm2-1': 1.545, 'm3-1': 4.727, 'm4-1': 0.728}",0.4157999999999902,597.3230000000001,inf,597.5540000000001,597.5540000000001,597.5540000000001
1774,TT1,BESTEFFORT,COMPLETED,m4-1,593.467,"{'m1-1': 2.233, 'm2-1': 1.846, 'm3-1': 3.661, 'm4-1': 0.755}",1.1325,595.6729999999999,596.4279999999999,inf,598.467,598.467
1775,TT4,BESTEFFORT,COMPLETED,m4-1,593.873,"{'m1-1': 1.866, 'm2-1': 1.453, 'm3-1': 3.903, 'm4-1': 0.823}",1.2345,596.4279999999999,597.2509999999999,inf,598.873,598.873
1776,TT4,BESTEFFORT,COMPLETED,m2-1,594.004,"{'m1-1': 2.049, 'm2-1': 1.38, 'm3-1': 4.029, 'm4-1': 0.863}",4.14,596.505,597.885,inf,599.004,599.004
1777,TT4,BESTEFFORT,COMPLETED,m1-1,594.512,"{'m1-1': 1.915, 'm2-1': 1.534, 'm3-1': 4.787, 'm4-1': 1.066}",3.064,596.84,598.755,inf,599.512,599.512
1778,TT4,BESTEFFORT,COMPLETED,m4-1,594.7,"{'m1-1': 2.369, 'm2-1': 1.776, 'm3-1': 4.585, 'm4-1': 0.768}",1.1520000000000001,597.2509999999999,598.0189999999999,inf,599.7,599.7
1779,TT3,BESTEFFORT,COMPLETED,m2-1,594.938,"{'m1-1': 2.074, 'm2-1': 1.617, 'm3-1': 5.515, 'm4-1': 0.72}",4.851,597.885,599.502,inf,600.138,600.138
1780,TT3,BESTEFFORT,MISSED,m2-1,595.017,"{'m1-1': 2.132, 'm2-1': 1.272, 'm3-1': 5.586, 'm4-1': 0.782}",2.1450000000004366,599.502,inf,600.2170000000001,600.2170000000001,600.2170000000001
1781,TT2,BESTEFFORT,MISSED,m3-1,595.252,"{'m1-1': 2.368, 'm2-1': 1.517, 'm3-1': 4.06, 'm4-1': 0.996}",5.036399999999799,597.5540000000001,inf,600.352,600.352,600.352
1782,TT3,BESTEFFORT,MISSED,m1-1,595.439,"{'m1-1': 2.323, 'm2-1': 1.725, 'm3-1': 5.528, 'm4-1': 0.91}",3.0144000000000233,598.755,inf,600.639,600.639,600.639
1783,TT1,BESTEFFORT,COMPLETED,m4-1,596.296,"{'m1-1': 2.183, 'm2-1': 1.479, 'm3-1': 4.606, 'm4-1': 0.778}",1.167,598.0189999999999,598.7969999999999,inf,601.296,601.296
1784,TT2,BESTEFFORT,COMPLETED,m4-1,596.443,"{'m1-1': 1.985, 'm2-1': 1.925, 'm3-1': 3.683, 'm4-1': 1.016}",1.524,598.7969999999999,599.8129999999999,inf,601.543,601.543
1785,TT1,BESTEFFORT,MISSED,m2-1,596.638,"{'m1-1': 2.418, 'm2-1': 1.684, 'm3-1': 3.61, 'm4-1': 0.796}",4.262999999999806,600.2170000000001,inf,601.638,601.638,601.638
1786,TT3,BESTEFFORT,MISSED,m1-1,596.755,"{'m1-1': 2.05, 'm2-1': 1.78, 'm3-1': 5.22, 'm4-1': 1.014}",2.1056000000000497,600.639,inf,601.955,601.955,601.955
1787,TT4,BESTEFFORT,MISSED,m1-1,597.013,"{'m1-1': 1.779, 'm2-1': 1.529, 'm3-1': 4.005, 'm4-1': 0.845}",0.09279999999998836,601.955,inf,602.013,602.013,602.013
1788,TT3,BESTEFFORT,COMPLETED,m4-1,597.309,"{'m1-1': 1.893, 'm2-1': 1.538, 'm3-1': 4.572, 'm4-1': 0.951}",1.4264999999999999,599.8129999999999,600.7639999999999,inf,602.509,602.509
1789,TT2,BESTEFFORT,MISSED,m3-1,597.44,"{'m1-1': 1.965, 'm2-1': 2.054, 'm3-1': 5.043, 'm4-1': 0.77}",3.9384000000001835,600.352,inf,602.5400000000001,602.5400000000001,602.5400000000001
1790,TT4,BESTEFFORT,MISSED,m3-1,597.833,"{'m1-1': 2.45, 'm2-1': 1.626, 'm3-1': 4.061, 'm4-1': 0.762}",0.5273999999998068,602.5400000000001,inf,602.833,602.833,602.833
1791,TT2,BESTEFFORT,COMPLETED,m4-1,598.265,"{'m1-1': 2.436, 'm2-1': 1.6, 'm3-1': 5.099, 'm4-1': 0.881}",1.3215,600.7639999999999,601.6449999999999,inf,603.365,603.365
1792,TT2,BESTEFFORT,COMPLETED,m2-1,598.652,"{'m1-1': 2.601, 'm2-1': 1.579, 'm3-1': 4.729, 'm4-1': 0.843}",4.737,601.638,603.217,inf,603.7520000000001,603.7520000000001
1793,TT2,BESTEFFORT,COMPLETED,m4-1,599.023,"{'m1-1': 2.207, 'm2-1': 2.13, 'm3-1': 3.726, 'm4-1': 0.736}",1.104,601.6449999999999,602.3809999999999,inf,604.123,604.123
1794,TT3,BESTEFFORT,COMPLETED,m1-1,599.579,"{'m1-1': 2.398, 'm2-1': 1.615, 'm3-1': 5.947, 'm4-1': 0.821}",3.8368,602.013,604.4110000000001,inf,604.779,604.779
1795,TT4,BESTEFFORT,COMPLETED,m2-1,599.782,"{'m1-1': 2.327, 'm2-1': 1.562, 'm3-1': 4.838, 'm4-1': 0.756}",4.686,603.217,604.779,inf,604.782,604.782
1796,TT1,BESTEFFORT,MISSED,m3-1,599.79,"{'m1-1': 2.309, 'm2-1': 1.835, 'm3-1': 4.642, 'm4-1': 0.679}",3.5225999999999886,602.833,inf,604.79,604.79,604.79
1797,TT4,BESTEFFORT,COMPLETED,m4-1,599.992,"{'m1-1': 2.367, 'm2-1': 1.445, 'm3-1': 4.712, 'm4-1': 0.812}",1.218,602.3809999999999,603.1929999999999,inf,604.992,604.992
1798,TT4,BESTEFFORT,MISSED,m2-1,600.34,"{'m1-1': 1.985, 'm2-1': 1.833, 'm3-1': 4.353, 'm4-1': 0.771}",1.6830000000001064,604.779,inf,605.34,605.34,605.34
1799,TT2,BESTEFFORT,MISSED,m3-1,600.609,"{'m1-1': 2.188, 'm2-1': 1.591, 'm3-1': 4.934, 'm4-1': 0.822}",1.6542000000001735,604.79,inf,605.7090000000001,605.7090000000001,605.7090000000001
1800,TT3,BESTEFFORT,COMPLETED,m4-1,600.854,"{'m1-1': 2.432, 'm2-1': 1.658, 'm3-1': 4.634, 'm4-1': 0.964}",1.446,603.1929999999999,604.1569999999999,inf,606.0540000000001,606.0540000000001
1801,TT3,BESTEFFORT,MISSED,m1-1,600.971,"{'m1-1': 2.201, 'm2-1': 1.737, 'm3-1': 4.752, 'm4-1': 0.718}",2.8159999999999856,604.4110000000001,inf,606.171,606.171,606.171
1802,TT2,BESTEFFORT,MISSED,m2-1,601.092,"{'m1-1': 2.492, 'm2-1': 1.761, 'm3-1': 4.478, 'm4-1': 0.756}",2.5559999999999263,605.34,inf,606.192,606.192,606.192
1803,TT4,BESTEFFORT,COMPLETED,m4-1,601.693,"{'m1-1': 2.056, 'm2-1': 1.837, 'm3-1': 4.029, 'm4-1': 0.755}",1.1325,604.1569999999999,604.9119999999999,inf,606.693,606.693
1804,TT3,BESTEFFORT,MISSED,m1-1,602.104,"{'m1-1': 1.761, 'm2-1': 1.52, 'm3-1': 5.073, 'm4-1': 0.972}",1.8128000000000613,606.171,inf,607.3040000000001,607.3040000000001,607.3040000000001
1805,TT3,BESTEFFORT,COMPLETED,m4-1,602.543,"{'m1-1': 2.269, 'm2-1': 1.689, 'm3-1': 4.575, 'm4-1': 0.95}",1.4249999999999998,604.9119999999999,605.862,inf,607.743,607.743
1806,TT4,BESTEFFORT,MISSED,m1-1,602.911,"{'m1-1': 2.423, 'm2-1': 1.386, 'm3-1': 3.907, 'm4-1': 0.842}",0.9711999999997716,607.3040000000001,inf,607.911,607.911,607.911
1807,TT3,BESTEFFORT,COMPLETED,m4-1,603.357,"{'m1-1': 2.178, 'm2-1': 1.454, 'm3-1': 5.281, 'm4-1': 0.817}",1.2254999999999998,605.862,606.679,inf,608.557,608.557
1808,TT1,BESTEFFORT,COMPLETED,m2-1,603.806,"{'m1-1': 2.584, 'm2-1': 1.518, 'm3-1': 4.677, 'm4-1': 0.825}",4.554,606.192,607.71,inf,608.806,608.806
1809,TT4,BESTEFFORT,COMPLETED,m4-1,604.46,"{'m1-1': 2.005, 'm2-1': 1.638, 'm3-1': 4.748, 'm4-1': 0.761}",1.1415,606.679,607.4399999999999,inf,609.46,609.46
1810,TT2,BESTEFFORT,COMPLETED,m2-1,604.834,"{'m1-1': 2.525, 'm2-1': 2.066, 'm3-1': 4.977, 'm4-1': 0.777}",6.1979999999999995,607.71,609.7760000000001,inf,609.934,609.934
1811,TT2,BESTEFFORT,COMPLETED,m4-1,605.009,"{'m1-1': 2.03, 'm2-1': 1.84, 'm3-1': 4.557, 'm4-1': 0.972}",1.458,607.4399999999999,608.4119999999999,inf,610.109,610.109
1812,TT1,BESTEFFORT,MISSED,m3-1,605.119,"{'m1-1': 2.582, 'm2-1': 1.452, 'm3-1': 5.097, 'm4-1': 0.759}",7.937999999999943,605.7090000000001,inf,610.119,610.119,610.119
1813,TT2,BESTEFFORT,COMPLETED,m1-1,605.43,"{'m1-1': 2.437, 'm2-1': 1.752, 'm3-1': 4.075, 'm4-1': 0.752}",3.8992,607.911,610.348,inf,610.53,610.53
1814,TT2,BESTEFFORT,MISSED,m2-1,605.486,"{'m1-1': 1.88, 'm2-1': 2.121, 'm3-1': 4.444, 'm4-1': 0.995}",2.4299999999998363,609.7760000000001,inf,610.586,610.586,610.586
1815,TT4,BESTEFFORT,MISSED,m3-1,605.726,"{'m1-1': 2.414, 'm2-1': 1.803, 'm3-1': 3.688, 'm4-1': 1.023}",1.0925999999999476,610.119,inf,610.726,610.726,610.726
1816,TT2,BESTEFFORT,COMPLETED,m4-1,607.238,"{'m1-1': 2.549, 'm2-1': 1.772, 'm3-1': 3.892, 'm4-1': 0.81}",1.215,608.4119999999999,609.2219999999999,inf,612.3380000000001,612.3380000000001
1817,TT4,BESTEFFORT,COMPLETED,m4-1,607.931,"{'m1-1': 2.175, 'm2-1': 1.688, 'm3-1': 4.118, 'm4-1': 1.015}",1.5225,609.2219999999999,610.2369999999999,inf,612.931,612.931
1818,TT3,BESTEFFORT,COMPLETED,m4-1,608.031,"{'m1-1': 1.843, 'm2-1': 1.571, 'm3-1': 5.341, 'm4-1': 0.913}",1.3695,610.2369999999999,611.1499999999999,inf,613.231,613.231
1819,TT3,BESTEFFORT,COMPLETED,m1-1,608.103,"{'m1-1': 2.111, 'm2-1': 1.682, 'm3-1': 4.415, 'm4-1': 0.738}",3.3776000000000006,610.348,612.459,inf,613.303,613.303
1820,TT2,BESTEFFORT,COMPLETED,m2-1,608.348,"{'m1-1': 1.9, 'm2-1': 1.538, 'm3-1': 5.053, 'm4-1': 0.75}",4.614,610.586,612.124,inf,613.448,613.448
1821,TT3,BESTEFFORT,COMPLETED,m4-1,608.805,"{'m1-1': 2.392, 'm2-1': 1.369, 'm3-1': 5.46, 'm4-1': 0.85}",1.275,611.1499999999999,611.9999999999999,inf,614.005,614.005
1822,TT2,BESTEFFORT,COMPLETED,m4-1,609.408,"{'m1-1': 2.019, 'm2-1': 1.743, 'm3-1': 4.062, 'm4-1': 0.745}",1.1175,611.9999999999999,612.7449999999999,inf,614.508,614.508
1823,TT2,BESTEFFORT,COMPLETED,m1-1,609.599,"{'m1-1': 1.993, 'm2-1': 1.794, 'm3-1': 3.813, 'm4-1': 0.971}",3.1888000000000005,612.459,614.452,inf,614.6990000000001,614.6990000000001
1824,TT2,BESTEFFORT,COMPLETED,m2-1,610.045,"{'m1-1': 2.509, 'm2-1': 1.609, 'm3-1': 3.95, 'm4-1': 0.847}",4.827,612.124,613.7330000000001,inf,615.145,615.145
1825,TT3,BESTEFFORT,MISSED,m1-1,610.185,"{'m1-1': 2.405, 'm2-1': 1.7, 'm3-1': 5.862, 'm4-1': 0.893}",1.4927999999999884,614.452,inf,615.385,615.385,615.385
1826,TT1,BESTEFFORT,COMPLETED,m4-1,610.339,"{'m1-1': 2.407, 'm2-1': 1.762, 'm3-1': 4.456, 'm4-1': 0.627}",0.9405,612.7449999999999,613.3719999999998,inf,615.339,615.339
1827,TT3,BESTEFFORT,MISSED,m3-1,610.464,"{'m1-1': 1.893, 'm2-1': 1.605, 'm3-1': 5.115, 'm4-1': 0.812}",8.888400000000184,610.726,inf,615.6640000000001,615.6640000000001,615.6640000000001
1828,TT2,BESTEFFORT,COMPLETED,m2-1,610.999,"{'m1-1': 2.401, 'm2-1': 1.621, 'm3-1': 4.466, 'm4-1': 0.98}",4.8629999999999995,613.7330000000001,615.354,inf,616.099,616.099
1829,TT2,BESTEFFORT,MISSED,m2-1,611.138,"{'m1-1': 2.15, 'm2-1': 1.57, 'm3-1': 4.83, 'm4-1': 1.006}",2.6520000000000437,615.354,inf,616.238,616.238,616.238
1830,TT2,BESTEFFORT,COMPLETED,m4-1,611.209,"{'m1-1': 2.555, 'm2-1': 1.935, 'm3-1': 5.052, 'm4-1': 0.921}",1.3815,613.3719999999998,614.2929999999999,inf,616.309,616.309
1831,TT1,BESTEFFORT,MISSED,m1-1,611.35,"{'m1-1': 1.894, 'm2-1': 1.774, 'm3-1': 4.77, 'm4-1': 0.678}",1.544000000000051,615.385,inf,616.35,616.35,616.35
1832,TT3,BESTEFFORT,COMPLETED,m4-1,612.165,"{'m1-1': 2.132, 'm2-1': 1.523, 'm3-1': 4.447, 'm4-1': 0.973}",1.4595,614.2929999999999,615.2659999999998,inf,617.365,617.365
1833,TT2,BESTEFFORT,MISSED,m2-1,612.343,"{'m1-1': 2.415, 'm2-1': 1.884, 'm3-1': 4.213, 'm4-1': 0.75}",3.6149999999997817,616.238,inf,617.443,617.443,617.443
1834,TT4,BESTEFFORT,MISSED,m3-1,612.364,"{'m1-1': 2.014, 'm2-1': 1.646, 'm3-1': 4.32, 'm4-1': 0.88}",3.0599999999998775,615.6640000000001,inf,617.364,617.364,617.364
1835,TT3,BESTEFFORT,COMPLETED,m4-1,613.155,"{'m1-1': 1.799, 'm2-1': 1.41, 'm3-1': 5.798, 'm4-1': 0.993}",1.4895,615.2659999999998,616.2589999999999,inf,618.355,618.355
1836,TT1,BESTEFFORT,MISSED,m1-1,613.155,"{'m1-1': 2.238, 'm2-1': 1.866, 'm3-1': 4.733, 'm4-1': 0.655}",2.88799999999992,616.35,inf,618.155,618.155,618.155
1837,TT1,BESTEFFORT,MISSED,m3-1,613.312,"{'m1-1': 2.213, 'm2-1': 1.643, 'm3-1': 4.176, 'm4-1': 0.811}",1.7063999999999624,617.364,inf,618.312,618.312,618.312
1838,TT2,BESTEFFORT,COMPLETED,m4-1,613.411,"{'m1-1': 2.052, 'm2-1': 1.895, 'm3-1': 3.863, 'm4-1': 0.938}",1.407,616.2589999999999,617.1969999999999,inf,618.511,618.511
1839,TT3,BESTEFFORT,MISSED,m3-1,613.64,"{'m1-1': 2.238, 'm2-1': 1.632, 'm3-1': 4.782, 'm4-1': 1.005}",0.950400000000036,618.312,inf,618.84,618.84,618.84
1840,TT1,BESTEFFORT,MISSED,m2-1,613.978,"{'m1-1': 2.382, 'm2-1': 1.856, 'm3-1': 4.233, 'm4-1': 0.791}",4.6049999999999045,617.443,inf,618.978,618.978,618.978
1841,TT1,BESTEFFORT,COMPLETED,m4-1,614.073,"{'m1-1': 2.474, 'm2-1': 1.704, 'm3-1': 4.481, 'm4-1': 0.636}",0.954,617.1969999999999,617.8329999999999,inf,619.073,619.073
1842,TT3,BESTEFFORT,MISSED,m1-1,614.326,"{'m1-1': 1.86, 'm2-1': 1.651, 'm3-1': 5.958, 'm4-1': 0.832}",2.1936000000001514,618.155,inf,619.5260000000001,619.5260000000001,619.5260000000001
1843,TT2,BESTEFFORT,MISSED,m1-1,614.777,"{'m1-1': 2.622, 'm2-1': 2.105, 'm3-1': 5.073, 'm4-1': 0.945}",0.5615999999999985,619.5260000000001,inf,619.8770000000001,619.8770000000001,619.8770000000001
1844,TT4,BESTEFFORT,COMPLETED,m4-1,614.83,"{'m1-1': 2.001, 'm2-1': 1.739, 'm3-1': 4.257, 'm4-1': 1.051}",1.5764999999999998,617.8329999999999,618.8839999999999,inf,619.83,619.83
1845,TT1,BESTEFFORT,MISSED,m2-1,614.875,"{'m1-1': 2.309, 'm2-1': 1.921, 'm3-1': 4.992, 'm4-1': 0.811}",2.6910000000001446,618.978,inf,619.875,619.875,619.875
1846,TT3,BESTEFFORT,MISSED,m3-1,614.878,"{'m1-1': 1.842, 'm2-1': 1.505, 'm3-1': 4.784, 'm4-1': 0.958}",2.2284000000001014,618.84,inf,620.0780000000001,620.0780000000001,620.0780000000001
1847,TT4,BESTEFFORT,MISSED,m2-1,615.256,"{'m1-1': 2.315, 'm2-1': 1.847, 'm3-1': 5.083, 'm4-1': 0.775}",1.1429999999999154,619.875,inf,620.256,620.256,620.256
1848,TT2,BESTEFFORT,COMPLETED,m4-1,615.636,"{'m1-1': 2.256, 'm2-1': 1.688, 'm3-1': 3.768, 'm4-1': 0.904}",1.356,618.8839999999999,619.7879999999999,inf,620.736,620.736
1849,TT4,BESTEFFORT,MISSED,m1-1,615.769,"{'m1-1': 2.388, 'm2-1': 1.462, 'm3-1': 3.873, 'm4-1': 1.038}",1.4271999999999025,619.8770000000001,inf,620.769,620.769,620.769
1850,TT3,BESTEFFORT,COMPLETED,m4-1,615.816,"{'m1-1': 2.249, 'm2-1': 1.411, 'm3-1': 5.43, 'm4-1': 0.837}",1.2555,619.7879999999999,620.6249999999999,inf,621.0160000000001,621.0160000000001
1851,TT4,BESTEFFORT,MISSED,m3-1,616.057,"{'m1-1': 2.187, 'm2-1': 1.629, 'm3-1': 4.849, 'm4-1': 0.811}",1.7621999999998708,620.0780000000001,inf,621.057,621.057,621.057
1852,TT2,BESTEFFORT,MISSED,m2-1,616.157,"{'m1-1': 1.865, 'm2-1': 2.122, 'm3-1': 4.956, 'm4-1': 0.74}",3.00300000000027,620.256,inf,621.2570000000001,621.2570000000001,621.2570000000001
1853,TT2,BESTEFFORT,MISSED,m3-1,616.576,"{'m1-1': 1.996, 'm2-1': 1.819, 'm3-1': 4.675, 'm4-1': 0.754}",1.1142000000000507,621.057,inf,621.676,621.676,621.676
1854,TT4,BESTEFFORT,COMPLETED,m4-1,616.628,"{'m1-1': 2.257, 'm2-1': 1.849, 'm3-1': 4.903, 'm4-1': 0.949}",1.4235,620.6249999999999,621.5739999999998,inf,621.628,621.628
1855,TT1,BESTEFFORT,MISSED,m1-1,616.667,"{'m1-1': 1.943, 'm2-1': 1.412, 'm3-1': 4.353, 'm4-1': 0.677}",1.4368000000000394,620.769,inf,621.667,621.667,621.667
1856,TT1,BESTEFFORT,MISSED,m3-1,617.504,"{'m1-1': 1.86, 'm2-1': 1.882, 'm3-1': 4.757, 'm4-1': 0.625}",1.4903999999999542,621.676,inf,622.504,622.504,622.504
1857,TT1,BESTEFFORT,COMPLETED,m4-1,617.886,"{'m1-1': 2.482, 'm2-1': 1.777, 'm3-1': 3.648, 'm4-1': 0.688}",1.032,621.5739999999998,622.2619999999998,inf,622.886,622.886
1858,TT1,BESTEFFORT,COMPLETED,m2-1,618.005,"{'m1-1': 2.158, 'm2-1': 1.408, 'm3-1': 4.505, 'm4-1': 0.863}",4.224,621.2570000000001,622.6650000000001,inf,623.005,623.005
1859,TT4,BESTEFFORT,MISSED,m1-1,618.011,"{'m1-1': 1.803, 'm2-1': 1.503, 'm3-1': 3.734, 'm4-1': 0.79}",2.1503999999998995,621.667,inf,623.011,623.011,623.011
1860,TT1,BESTEFFORT,COMPLETED,m4-1,618.059,"{'m1-1': 2.493, 'm2-1': 1.73, 'm3-1': 3.895, 'm4-1': 0.758}",1.137,622.2619999999998,623.0199999999999,inf,623.059,623.059
1861,TT3,BESTEFFORT,MISSED,m2-1,618.114,"{'m1-1': 2.406, 'm2-1': 1.664, 'm3-1': 4.935, 'm4-1': 0.898}",1.9470000000000027,622.6650000000001,inf,623.3140000000001,623.3140000000001,623.3140000000001
1862,TT4,BESTEFFORT,MISSED,m1-1,619.07,"{'m1-1': 2.056, 'm2-1': 1.512, 'm3-1': 4.944, 'm4-1': 0.927}",1.6944000000001325,623.011,inf,624.07,624.07,624.07
1863,TT3,BESTEFFORT,MISSED,m3-1,619.661,"{'m1-1': 1.804, 'm2-1': 1.499, 'm3-1': 5.081, 'm4-1': 0.749}",4.242599999999948,622.504,inf,624.861,624.861,624.861
1864,TT2,BESTEFFORT,COMPLETED,m4-1,619.93,"{'m1-1': 1.914, 'm2-1': 1.887, 'm3-1': 4.357, 'm4-1': 0.89}",1.335,623.0199999999999,623.9099999999999,inf,625.03,625.03
1865,TT1,BESTEFFORT,MISSED,m2-1,619.997,"{'m1-1': 2.555, 'm2-1': 1.959, 'm3-1': 3.932, 'm4-1': 0.693}",5.048999999999637,623.3140000000001,inf,624.997,624.997,624.997
1866,TT4,BESTEFFORT,MISSED,m1-1,620.247,"{'m1-1': 1.842, 'm2-1': 1.485, 'm3-1': 4.342, 'm4-1': 0.88}",1.8831999999998517,624.07,inf,625.247,625.247,625.247
1867,TT4,BESTEFFORT,MISSED,m3-1,620.702,"{'m1-1': 2.136, 'm2-1': 1.343, 'm3-1': 4.271, 'm4-1': 1.008}",1.5138000000000147,624.861,inf,625.702,625.702,625.702
1868,TT4,BESTEFFORT,MISSED,m2-1,621.072,"{'m1-1': 2.086, 'm2-1': 1.657, 'm3-1': 4.939, 'm4-1': 0.963}",3.2250000000001364,624.997,inf,626.072,626.072,626.072
1869,TT4,BESTEFFORT,COMPLETED,m4-1,621.286,"{'m1-1': 2.419, 'm2-1': 1.658, 'm3-1': 3.667, 'm4-1': 0.957}",1.4355,623.9099999999999,624.8669999999998,inf,626.286,626.286
1870,TT2,BESTEFFORT,MISSED,m1-1,621.885,"{'m1-1': 2.048, 'm2-1': 2.049, 'm3-1': 4.151, 'm4-1': 0.813}",2.7808000000000903,625.247,inf,626.985,626.985,626.985
1871,TT2,BESTEFFORT,COMPLETED,m4-1,622.296,"{'m1-1': 2.473, 'm2-1': 2.007, 'm3-1': 4.098, 'm4-1': 0.912}",1.368,624.8669999999998,625.7789999999999,inf,627.3960000000001,627.3960000000001
1872,TT3,BESTEFFORT,COMPLETED,m4-1,623.066,"{'m1-1': 1.723, 'm2-1': 1.76, 'm3-1': 4.957, 'm4-1': 0.731}",1.0965,625.7789999999999,626.5099999999999,inf,628.2660000000001,628.2660000000001
1873,TT1,BESTEFFORT,COMPLETED,m2-1,623.275,"{'m1-1': 2.318, 'm2-1': 1.794, 'm3-1': 3.837, 'm4-1': 0.824}",5.382,626.072,627.866,inf,628.275,628.275
1874,TT3,BESTEFFORT,COMPLETED,m1-1,623.882,"{'m1-1': 1.867, 'm2-1': 1.722, 'm3-1': 4.796, 'm4-1': 0.981}",2.9872,626.985,628.852,inf,629.082,629.082
1875,TT4,BESTEFFORT,COMPLETED,m4-1,626.024,"{'m1-1': 2.19, 'm2-1': 1.685, 'm3-1': 5.094, 'm4-1': 0.773}",1.1595,626.5099999999999,627.2829999999999,inf,631.024,631.024
1876,TT2,BESTEFFORT,COMPLETED,m4-1,627.272,"{'m1-1': 2.352, 'm2-1': 1.891, 'm3-1': 3.702, 'm4-1': 0.837}",1.2555,627.2829999999999,628.1199999999999,inf,632.3720000000001,632.3720000000001
1877,TT1,BESTEFFORT,COMPLETED,m4-1,627.387,"{'m1-1': 2.192, 'm2-1': 1.839, 'm3-1': 4.084, 'm4-1': 0.734}",1.101,628.1199999999999,628.8539999999999,inf,632.387,632.387
1878,TT1,BESTEFFORT,COMPLETED,m4-1,627.426,"{'m1-1': 2.15, 'm2-1': 1.416, 'm3-1': 4.169, 'm4-1': 0.786}",1.179,628.8539999999999,629.6399999999999,inf,632.426,632.426
1879,TT3,BESTEFFORT,COMPLETED,m2-1,627.969,"{'m1-1': 2.246, 'm2-1': 1.667, 'm3-1': 4.872, 'm4-1': 0.993}",5.001,627.969,629.6360000000001,inf,633.1690000000001,633.1690000000001
1880,TT3,BESTEFFORT,COMPLETED,m4-1,629.573,"{'m1-1': 2.386, 'm2-1': 1.557, 'm3-1': 4.303, 'm4-1': 0.838}",1.257,629.6399999999999,630.4779999999998,inf,634.773,634.773
1881,TT3,BESTEFFORT,COMPLETED,m2-1,629.643,"{'m1-1': 2.324, 'm2-1': 1.442, 'm3-1': 4.776, 'm4-1': 0.75}",4.326,629.643,631.085,inf,634.8430000000001,634.8430000000001
1882,TT2,BESTEFFORT,COMPLETED,m4-1,629.702,"{'m1-1': 2.164, 'm2-1': 1.858, 'm3-1': 4.778, 'm4-1': 0.938}",1.407,630.4779999999998,631.4159999999998,inf,634.802,634.802
1883,TT4,BESTEFFORT,COMPLETED,m1-1,629.713,"{'m1-1': 1.834, 'm2-1': 1.611, 'm3-1': 4.957, 'm4-1': 0.968}",2.9344,629.713,631.5469999999999,inf,634.713,634.713
1884,TT3,BESTEFFORT,COMPLETED,m4-1,629.882,"{'m1-1': 1.801, 'm2-1': 1.564, 'm3-1': 5.852, 'm4-1': 0.772}",1.158,631.4159999999998,632.1879999999999,inf,635.082,635.082
1885,TT1,BESTEFFORT,COMPLETED,m4-1,629.942,"{'m1-1': 2.044, 'm2-1': 1.959, 'm3-1': 4.457, 'm4-1': 0.753}",1.1295,632.1879999999999,632.9409999999999,inf,634.942,634.942
1886,TT2,BESTEFFORT,COMPLETED,m2-1,630.02,"{'m1-1': 2.447, 'm2-1': 1.655, 'm3-1': 4.466, 'm4-1': 0.808}",4.965,631.085,632.74,inf,635.12,635.12
1887,TT4,BESTEFFORT,COMPLETED,m1-1,630.211,"{'m1-1': 1.957, 'm2-1': 1.417, 'm3-1': 5.013, 'm4-1': 0.931}",3.1312,631.5469999999999,633.5039999999999,inf,635.211,635.211
1888,TT3,BESTEFFORT,COMPLETED,m4-1,630.663,"{'m1-1': 1.753, 'm2-1': 1.666, 'm3-1': 5.968, 'm4-1': 0.985}",1.4775,632.9409999999999,633.9259999999999,inf,635.863,635.863
1889,TT2,BESTEFFORT,COMPLETED,m3-1,630.941,"{'m1-1': 1.904, 'm2-1': 1.859, 'm3-1': 4.543, 'm4-1': 0.753}",8.1774,630.941,635.484,inf,636.041,636.041
1890,TT3,BESTEFFORT,COMPLETED,m2-1,630.952,"{'m1-1': 2.435, 'm2-1': 1.698, 'm3-1': 5.372, 'm4-1': 0.975}",5.093999999999999,632.74,634.438,inf,636.152,636.152
1891,TT4,BESTEFFORT,COMPLETED,m4-1,632.439,"{'m1-1': 2.373, 'm2-1': 1.551, 'm3-1': 5.137, 'm4-1': 1.006}",1.509,633.9259999999999,634.9319999999999,inf,637.439,637.439
1892,TT2,BESTEFFORT,COMPLETED,m4-1,632.456,"{'m1-1': 2.545, 'm2-1': 1.537, 'm3-1': 3.75, 'm4-1': 0.833}",1.2494999999999998,634.9319999999999,635.7649999999999,inf,637.556,637.556
1893,TT2,BESTEFFORT,COMPLETED,m1-1,633.015,"{'m1-1': 1.912, 'm2-1': 1.861, 'm3-1': 4.453, 'm4-1': 0.837}",3.0592,633.5039999999999,635.4159999999999,inf,638.115,638.115
1894,TT1,BESTEFFORT,COMPLETED,m2-1,633.252,"{'m1-1': 2.571, 'm2-1': 1.41, 'm3-1': 5.11, 'm4-1': 0.76}",4.2299999999999995,634.438,635.848,inf,638.252,638.252
1895,TT1,BESTEFFORT,COMPLETED,m4-1,633.364,"{'m1-1': 1.918, 'm2-1': 1.659, 'm3-1': 4.045, 'm4-1': 0.617}",0.9255,635.7649999999999,636.3819999999998,inf,638.364,638.364
1896,TT3,BESTEFFORT,COMPLETED,m2-1,633.511,"{'m1-1': 1.893, 'm2-1': 1.561, 'm3-1': 5.931, 'm4-1': 0.845}",4.683,635.848,637.409,inf,638.711,638.711
1897,TT2,BESTEFFORT,COMPLETED,m1-1,633.673,"{'m1-1': 2.063, 'm2-1': 2.111, 'm3-1': 4.629, 'm4-1': 0.966}",3.3008000000000006,635.4159999999999,637.4789999999999,inf,638.773,638.773
1898,TT1,BESTEFFORT,MISSED,m2-1,633.869,"{'m1-1': 2.339, 'm2-1': 1.869, 'm3-1': 3.776, 'm4-1': 0.813}",4.380000000000109,637.409,inf,638.869,638.869,638.869
1899,TT4,BESTEFFORT,COMPLETED,m4-1,634.623,"{'m1-1': 2.169, 'm2-1': 1.515, 'm3-1': 4.639, 'm4-1': 1.06}",1.59,636.3819999999998,637.4419999999998,inf,639.623,639.623
1900,TT3,BESTEFFORT,COMPLETED,m4-1,635.317,"{'m1-1': 2.199, 'm2-1': 1.773, 'm3-1': 4.464, 'm4-1': 0.974}",1.4609999999999999,637.4419999999998,638.4159999999998,inf,640.517,640.517
1901,TT4,BESTEFFORT,COMPLETED,m3-1,635.516,"{'m1-1': 2.367, 'm2-1': 1.513, 'm3-1': 3.76, 'm4-1': 0.934}",6.768,635.516,639.276,inf,640.516,640.516
1902,TT2,BESTEFFORT,COMPLETED,m1-1,635.607,"{'m1-1': 2.016, 'm2-1': 1.654, 'm3-1': 4.686, 'm4-1': 0.829}",3.2256,637.4789999999999,639.4949999999999,inf,640.707,640.707
1903,TT4,BESTEFFORT,COMPLETED,m4-1,635.845,"{'m1-1': 1.772, 'm2-1': 1.595, 'm3-1': 4.389, 'm4-1': 0.776}",1.1640000000000001,638.4159999999998,639.1919999999998,inf,640.845,640.845
1904,TT3,BESTEFFORT,COMPLETED,m4-1,636.555,"{'m1-1': 1.859, 'm2-1': 1.361, 'm3-1': 5.184, 'm4-1': 0.856}",1.284,639.1919999999998,640.0479999999998,inf,641.755,641.755
1905,TT4,BESTEFFORT,COMPLETED,m2-1,636.814,"{'m1-1': 2.105, 'm2-1': 1.372, 'm3-1': 3.765, 'm4-1': 1.053}",4.1160000000000005,638.869,640.241,inf,641.814,641.814
1906,TT2,BESTEFFORT,MISSED,m2-1,636.827,"{'m1-1': 2.364, 'm2-1': 1.865, 'm3-1': 3.751, 'm4-1': 0.844}",5.058000000000106,640.241,inf,641.927,641.927,641.927
1907,TT1,BESTEFFORT,COMPLETED,m1-1,637.104,"{'m1-1': 2.482, 'm2-1': 1.607, 'm3-1': 4.713, 'm4-1': 0.766}",3.9712000000000005,639.4949999999999,641.9769999999999,inf,642.104,642.104
1908,TT4,BESTEFFORT,MISSED,m1-1,637.123,"{'m1-1': 2.006, 'm2-1': 1.812, 'm3-1': 4.325, 'm4-1': 0.761}",0.23360000000029688,641.9769999999999,inf,642.123,642.123,642.123
1909,TT3,BESTEFFORT,MISSED,m3-1,637.305,"{'m1-1': 2.41, 'm2-1': 1.494, 'm3-1': 5.045, 'm4-1': 0.717}",5.812200000000075,639.276,inf,642.505,642.505,642.505
1910,TT2,BESTEFFORT,MISSED,m3-1,637.344,"{'m1-1': 2.052, 'm2-1': 1.892, 'm3-1': 3.772, 'm4-1': 1.007}",0.0,642.505,inf,642.505,642.4440000000001,642.4440000000001
1911,TT4,BESTEFFORT,COMPLETED,m4-1,637.689,"{'m1-1': 2.257, 'm2-1': 1.785, 'm3-1': 3.779, 'm4-1': 0.825}",1.2374999999999998,640.0479999999998,640.8729999999998,inf,642.689,642.689
1912,TT4,BESTEFFORT,MISSED,m2-1,637.736,"{'m1-1': 2.0, 'm2-1': 1.555, 'm3-1': 4.487, 'm4-1': 0.769}",2.4269999999999072,641.927,inf,642.736,642.736,642.736
1913,TT2,BESTEFFORT,MISSED,m1-1,638.171,"{'m1-1': 2.391, 'm2-1': 2.002, 'm3-1': 4.873, 'm4-1': 0.91}",1.8368000000000393,642.123,inf,643.2710000000001,643.2710000000001,643.2710000000001
1914,TT2,BESTEFFORT,MISSED,m3-1,638.306,"{'m1-1': 2.16, 'm2-1': 2.046, 'm3-1': 3.847, 'm4-1': 0.835}",1.6218000000001211,642.505,inf,643.4060000000001,643.4060000000001,643.4060000000001
1915,TT4,BESTEFFORT,COMPLETED,m4-1,638.525,"{'m1-1': 2.302, 'm2-1': 1.752, 'm3-1': 3.668, 'm4-1': 1.06}",1.59,640.8729999999998,641.9329999999998,inf,643.525,643.525
1916,TT4,BESTEFFORT,MISSED,m2-1,638.568,"{'m1-1': 2.021, 'm2-1': 1.519, 'm3-1': 3.906, 'm4-1': 1.018}",2.495999999999981,642.736,inf,643.568,643.568,643.568
1917,TT1,BESTEFFORT,COMPLETED,m4-1,638.589,"{'m1-1': 2.009, 'm2-1': 1.787, 'm3-1': 4.699, 'm4-1': 0.818}",1.2269999999999999,641.9329999999998,642.7509999999997,inf,643.589,643.589
1918,TT3,BESTEFFORT,MISSED,m3-1,639.412,"{'m1-1': 2.253, 'm2-1': 1.316, 'm3-1': 5.351, 'm4-1': 0.958}",2.1708000000000314,643.4060000000001,inf,644.6120000000001,644.6120000000001,644.6120000000001
1919,TT4,BESTEFFORT,COMPLETED,m4-1,640.355,"{'m1-1': 2.242, 'm2-1': 1.426, 'm3-1': 3.873, 'm4-1': 0.963}",1.4445,642.7509999999997,643.7139999999997,inf,645.355,645.355
1920,TT4,BESTEFFORT,COMPLETED,m2-1,640.453,"{'m1-1': 2.033, 'm2-1': 1.648, 'm3-1': 4.03, 'm4-1': 0.856}",4.944,643.568,645.216,inf,645.453,645.453
1921,TT2,BESTEFFORT,COMPLETED,m1-1,640.518,"{'m1-1': 2.264, 'm2-1': 1.556, 'm3-1': 4.821, 'm4-1': 1.006}",3.6224,643.2710000000001,645.5350000000001,inf,645.618,645.618
1922,TT3,BESTEFFORT,COMPLETED,m4-1,640.779,"{'m1-1': 1.94, 'm2-1': 1.488, 'm3-1': 4.488, 'm4-1': 0.729}",1.0935,643.7139999999997,644.4429999999998,inf,645.979,645.979
1923,TT4,BESTEFFORT,COMPLETED,m2-1,641.892,"{'m1-1': 2.398, 'm2-1': 1.411, 'm3-1': 4.439, 'm4-1': 0.903}",4.2330000000000005,645.216,646.627,inf,646.892,646.892
1924,TT3,BESTEFFORT,COMPLETED,m4-1,641.95,"{'m1-1': 1.856, 'm2-1': 1.719, 'm3-1': 5.092, 'm4-1': 0.893}",1.3395000000000001,644.4429999999998,645.3359999999998,inf,647.1500000000001,647.1500000000001
1925,TT2,BESTEFFORT,MISSED,m1-1,642.207,"{'m1-1': 1.966, 'm2-1': 2.066, 'm3-1': 4.287, 'm4-1': 0.771}",2.8351999999998956,645.5350000000001,inf,647.307,647.307,647.307
1926,TT3,BESTEFFORT,MISSED,m1-1,642.423,"{'m1-1': 1.789, 'm2-1': 1.488, 'm3-1': 4.279, 'm4-1': 0.757}",0.5056000000000495,647.307,inf,647.623,647.623,647.623
1927,TT2,BESTEFFORT,COMPLETED,m4-1,642.793,"{'m1-1': 1.88, 'm2-1': 1.665, 'm3-1': 4.321, 'm4-1': 0.954}",1.431,645.3359999999998,646.2899999999997,inf,647.893,647.893
1928,TT3,BESTEFFORT,MISSED,m2-1,642.928,"{'m1-1': 2.045, 'm2-1': 1.513, 'm3-1': 4.22, 'm4-1': 0.806}",4.50300000000027,646.627,inf,648.128,648.128,648.128
1929,TT2,BESTEFFORT,COMPLETED,m3-1,643.507,"{'m1-1': 2.231, 'm2-1': 2.13, 'm3-1': 3.939, 'm4-1': 0.873}",7.0902,644.6120000000001,648.551,inf,648.607,648.607
1930,TT2,BESTEFFORT,MISSED,m1-1,643.601,"{'m1-1': 1.888, 'm2-1': 1.669, 'm3-1': 4.37, 'm4-1': 0.831}",1.7247999999999593,647.623,inf,648.701,648.701,648.701
1931,TT2,BESTEFFORT,COMPLETED,m4-1,643.819,"{'m1-1': 2.052, 'm2-1': 1.864, 'm3-1': 4.365, 'm4-1': 0.933}",1.3995000000000002,646.2899999999997,647.2229999999997,inf,648.919,648.919
1932,TT3,BESTEFFORT,MISSED,m2-1,644.17,"{'m1-1': 1.916, 'm2-1': 1.674, 'm3-1': 4.93, 'm4-1': 0.744}",3.7259999999998854,648.128,inf,649.37,649.37,649.37
1933,TT2,BESTEFFORT,COMPLETED,m4-1,644.868,"{'m1-1': 2.14, 'm2-1': 1.726, 'm3-1': 4.379, 'm4-1': 0.993}",1.4895,647.2229999999997,648.2159999999998,inf,649.9680000000001,649.9680000000001
1934,TT3,BESTEFFORT,MISSED,m3-1,644.874,"{'m1-1': 1.743, 'm2-1': 1.363, 'm3-1': 5.642, 'm4-1': 0.729}",2.7414000000000445,648.551,inf,650.0740000000001,650.0740000000001,650.0740000000001
1935,TT3,BESTEFFORT,COMPLETED,m4-1,645.759,"{'m1-1': 2.156, 'm2-1': 1.607, 'm3-1': 4.314, 'm4-1': 0.815}",1.2225,648.2159999999998,649.0309999999998,inf,650.9590000000001,650.9590000000001
1936,TT1,BESTEFFORT,COMPLETED,m4-1,647.454,"{'m1-1': 2.27, 'm2-1': 1.9, 'm3-1': 4.503, 'm4-1': 0.662}",0.9930000000000001,649.0309999999998,649.6929999999999,inf,652.454,652.454
1937,TT1,BESTEFFORT,COMPLETED,m4-1,647.792,"{'m1-1': 2.185, 'm2-1': 1.723, 'm3-1': 3.897, 'm4-1': 0.664}",0.996,649.6929999999999,650.3569999999999,inf,652.792,652.792
1938,TT2,BESTEFFORT,COMPLETED,m1-1,647.825,"{'m1-1': 2.295, 'm2-1': 2.047, 'm3-1': 4.275, 'm4-1': 0.719}",3.672,648.701,650.996,inf,652.9250000000001,652.9250000000001
1939,TT1,BESTEFFORT,COMPLETED,m2-1,648.84,"{'m1-1': 2.179, 'm2-1': 1.857, 'm3-1': 4.941, 'm4-1': 0.628}",5.571,649.37,651.227,inf,653.84,653.84
1940,TT2,BESTEFFORT,COMPLETED,m4-1,648.883,"{'m1-1': 2.327, 'm2-1': 1.533, 'm3-1': 3.633, 'm4-1': 0.861}",1.2915,650.3569999999999,651.2179999999998,inf,653.9830000000001,653.9830000000001
1941,TT2,BESTEFFORT,COMPLETED,m1-1,648.991,"{'m1-1': 2.529, 'm2-1': 1.979, 'm3-1': 4.555, 'm4-1': 0.75}",4.0464,650.996,653.525,inf,654.091,654.091
1942,TT1,BESTEFFORT,COMPLETED,m4-1,649.663,"{'m1-1': 2.379, 'm2-1': 1.736, 'm3-1': 4.412, 'm4-1': 0.815}",1.2225,651.2179999999998,652.0329999999999,inf,654.663,654.663
1943,TT1,BESTEFFORT,COMPLETED,m2-1,650.774,"{'m1-1': 2.462, 'm2-1': 1.438, 'm3-1': 4.292, 'm4-1': 0.621}",4.314,651.227,652.665,inf,655.774,655.774
1944,TT2,BESTEFFORT,COMPLETED,m4-1,651.069,"{'m1-1': 1.879, 'm2-1': 2.069, 'm3-1': 3.804, 'm4-1': 0.925}",1.3875000000000002,652.0329999999999,652.9579999999999,inf,656.169,656.169
1945,TT1,BESTEFFORT,COMPLETED,m4-1,651.393,"{'m1-1': 2.511, 'm2-1': 1.605, 'm3-1': 4.533, 'm4-1': 0.671}",1.0065,652.9579999999999,653.6289999999999,inf,656.393,656.393
1946,TT1,BESTEFFORT,COMPLETED,m4-1,653.317,"{'m1-1': 1.982, 'm2-1': 1.413, 'm3-1': 4.469, 'm4-1': 0.784}",1.1760000000000002,653.6289999999999,654.4129999999999,inf,658.317,658.317
1947,TT1,BESTEFFORT,COMPLETED,m4-1,653.95,"{'m1-1': 2.476, 'm2-1': 1.73, 'm3-1': 4.654, 'm4-1': 0.623}",0.9345,654.4129999999999,655.036,inf,658.95,658.95
1948,TT1,BESTEFFORT,COMPLETED,m4-1,654.05,"{'m1-1': 2.231, 'm2-1': 1.804, 'm3-1': 4.136, 'm4-1': 0.733}",1.0995,655.036,655.7689999999999,inf,659.05,659.05
1949,TT1,BESTEFFORT,COMPLETED,m2-1,654.091,"{'m1-1': 2.474, 'm2-1': 1.435, 'm3-1': 3.839, 'm4-1': 0.776}",4.305,654.091,655.526,inf,659.091,659.091
1950,TT1,BESTEFFORT,COMPLETED,m1-1,654.444,"{'m1-1': 1.904, 'm2-1': 1.981, 'm3-1': 4.04, 'm4-1': 0.719}",3.0464,654.444,656.348,inf,659.444,659.444
1951,TT1,BESTEFFORT,COMPLETED,m4-1,654.555,"{'m1-1': 2.441, 'm2-1': 1.834, 'm3-1': 4.389, 'm4-1': 0.739}",1.1085,655.7689999999999,656.5079999999999,inf,659.555,659.555
1952,TT1,BESTEFFORT,COMPLETED,m4-1,655.269,"{'m1-1': 2.043, 'm2-1': 1.784, 'm3-1': 4.941, 'm4-1': 0.736}",1.104,656.5079999999999,657.2439999999999,inf,660.269,660.269
1953,TT1,BESTEFFORT,COMPLETED,m2-1,655.465,"{'m1-1': 2.022, 'm2-1': 1.931, 'm3-1': 4.851, 'm4-1': 0.799}",5.793,655.526,657.457,inf,660.465,660.465
1954,TT1,BESTEFFORT,COMPLETED,m4-1,656.293,"{'m1-1': 2.439, 'm2-1': 1.873, 'm3-1': 3.778, 'm4-1': 0.612}",0.9179999999999999,657.2439999999999,657.8559999999999,inf,661.293,661.293
1955,TT1,BESTEFFORT,COMPLETED,m4-1,656.533,"{'m1-1': 2.024, 'm2-1': 1.412, 'm3-1': 3.724, 'm4-1': 0.799}",1.1985000000000001,657.8559999999999,658.6549999999999,inf,661.533,661.533
1956,TT1,BESTEFFORT,COMPLETED,m2-1,656.833,"{'m1-1': 2.559, 'm2-1': 1.988, 'm3-1': 4.714, 'm4-1': 0.64}",5.964,657.457,659.445,inf,661.833,661.833
1957,TT1,BESTEFFORT,COMPLETED,m4-1,657.454,"{'m1-1': 2.23, 'm2-1': 1.412, 'm3-1': 4.081, 'm4-1': 0.636}",0.954,658.6549999999999,659.2909999999998,inf,662.454,662.454
1958,TT2,BESTEFFORT,COMPLETED,m4-1,658.343,"{'m1-1': 2.277, 'm2-1': 1.949, 'm3-1': 4.198, 'm4-1': 0.805}",1.2075,659.2909999999998,660.0959999999998,inf,663.443,663.443
1959,TT2,BESTEFFORT,COMPLETED,m1-1,658.612,"{'m1-1': 1.908, 'm2-1': 1.654, 'm3-1': 4.231, 'm4-1': 0.929}",3.0528,658.612,660.52,inf,663.712,663.712
1960,TT1,BESTEFFORT,COMPLETED,m2-1,659.391,"{'m1-1': 2.56, 'm2-1': 1.501, 'm3-1': 4.201, 'm4-1': 0.674}",4.503,659.445,660.946,inf,664.391,664.391
1961,TT2,BESTEFFORT,COMPLETED,m4-1,659.79,"{'m1-1': 1.969, 'm2-1': 2.089, 'm3-1': 4.809, 'm4-1': 0.999}",1.4985,660.0959999999998,661.0949999999998,inf,664.89,664.89
1962,TT1,BESTEFFORT,COMPLETED,m4-1,660.607,"{'m1-1': 2.171, 'm2-1': 1.891, 'm3-1': 5.11, 'm4-1': 0.841}",1.2614999999999998,661.0949999999998,661.9359999999998,inf,665.607,665.607
1963,TT2,BESTEFFORT,COMPLETED,m4-1,661.329,"{'m1-1': 2.252, 'm2-1': 2.122, 'm3-1': 4.516, 'm4-1': 0.806}",1.209,661.9359999999998,662.7419999999998,inf,666.429,666.429
1964,TT1,BESTEFFORT,COMPLETED,m2-1,661.368,"{'m1-1': 2.474, 'm2-1': 1.509, 'm3-1': 4.366, 'm4-1': 0.677}",4.526999999999999,661.368,662.8770000000001,inf,666.368,666.368
1965,TT1,BESTEFFORT,COMPLETED,m4-1,661.574,"{'m1-1': 2.462, 'm2-1': 1.869, 'm3-1': 4.741, 'm4-1': 0.689}",1.0334999999999999,662.7419999999998,663.4309999999998,inf,666.574,666.574
1966,TT1,BESTEFFORT,COMPLETED,m4-1,662.629,"{'m1-1': 2.526, 'm2-1': 1.786, 'm3-1': 3.633, 'm4-1': 0.753}",1.1295,663.4309999999998,664.1839999999999,inf,667.629,667.629
1967,TT1,BESTEFFORT,COMPLETED,m4-1,663.418,"{'m1-1': 1.976, 'm2-1': 1.989, 'm3-1': 4.64, 'm4-1': 0.627}",0.9405,664.1839999999999,664.8109999999998,inf,668.418,668.418
1968,TT2,BESTEFFORT,COMPLETED,m2-1,663.501,"{'m1-1': 2.252, 'm2-1': 1.847, 'm3-1': 5.091, 'm4-1': 0.732}",5.541,663.501,665.348,inf,668.601,668.601
1969,TT2,BESTEFFORT,COMPLETED,m4-1,664.551,"{'m1-1': 2.145, 'm2-1': 1.635, 'm3-1': 4.838, 'm4-1': 0.912}",1.368,664.8109999999998,665.7229999999998,inf,669.6510000000001,669.6510000000001
1970,TT1,BESTEFFORT,COMPLETED,m4-1,666.031,"{'m1-1': 2.104, 'm2-1': 1.518, 'm3-1': 3.982, 'm4-1': 0.678}",1.0170000000000001,666.031,666.709,inf,671.031,671.031
1971,TT1,BESTEFFORT,COMPLETED,m4-1,666.398,"{'m1-1': 2.279, 'm2-1': 1.852, 'm3-1': 4.249, 'm4-1': 0.736}",1.104,666.709,667.4449999999999,inf,671.398,671.398
1972,TT1,BESTEFFORT,COMPLETED,m4-1,666.429,"{'m1-1': 2.346, 'm2-1': 1.799, 'm3-1': 3.832, 'm4-1': 0.685}",1.0275,667.4449999999999,668.1299999999999,inf,671.429,671.429
1973,TT2,BESTEFFORT,COMPLETED,m4-1,667.268,"{'m1-1': 2.197, 'm2-1': 1.543, 'm3-1': 4.702, 'm4-1': 0.889}",1.3335,668.1299999999999,669.0189999999999,inf,672.368,672.368
1974,TT2,BESTEFFORT,COMPLETED,m4-1,669.706,"{'m1-1': 2.361, 'm2-1': 1.895, 'm3-1': 4.514, 'm4-1': 0.863}",1.2945,669.706,670.5690000000001,inf,674.806,674.806
1975,TT2,BESTEFFORT,COMPLETED,m4-1,671.057,"{'m1-1': 2.105, 'm2-1': 2.007, 'm3-1': 4.983, 'm4-1': 0.783}",1.1745,671.057,671.84,inf,676.157,676.157
1976,TT2,BESTEFFORT,COMPLETED,m4-1,671.167,"{'m1-1': 1.888, 'm2-1': 1.913, 'm3-1': 4.842, 'm4-1': 0.797}",1.1955,671.84,672.6370000000001,inf,676.267,676.267
1977,TT2,BESTEFFORT,COMPLETED,m2-1,671.639,"{'m1-1': 2.552, 'm2-1': 2.068, 'm3-1': 4.569, 'm4-1': 1.002}",6.204000000000001,671.639,673.707,inf,676.739,676.739
1978,TT1,BESTEFFORT,COMPLETED,m4-1,674.683,"{'m1-1': 2.238, 'm2-1': 1.459, 'm3-1': 4.364, 'm4-1': 0.701}",1.0514999999999999,674.683,675.384,inf,679.683,679.683
1979,TT1,BESTEFFORT,COMPLETED,m4-1,676.332,"{'m1-1': 2.34, 'm2-1': 1.549, 'm3-1': 3.941, 'm4-1': 0.616}",0.9239999999999999,676.332,676.948,inf,681.332,681.332
1980,TT1,BESTEFFORT,COMPLETED,m4-1,679.066,"{'m1-1': 2.478, 'm2-1': 1.68, 'm3-1': 4.966, 'm4-1': 0.668}",1.002,679.066,679.734,inf,684.066,684.066
1981,TT1,BESTEFFORT,COMPLETED,m4-1,679.237,"{'m1-1': 1.974, 'm2-1': 1.508, 'm3-1': 4.121, 'm4-1': 0.73}",1.095,679.734,680.464,inf,684.237,684.237
1982,TT1,BESTEFFORT,COMPLETED,m4-1,681.235,"{'m1-1': 2.088, 'm2-1': 1.73, 'm3-1': 4.045, 'm4-1': 0.844}",1.266,681.235,682.0790000000001,inf,686.235,686.235
1983,TT1,BESTEFFORT,COMPLETED,m4-1,682.01,"{'m1-1': 1.906, 'm2-1': 1.958, 'm3-1': 4.5, 'm4-1': 0.647}",0.9705,682.0790000000001,682.7260000000001,inf,687.01,687.01
1984,TT1,BESTEFFORT,COMPLETED,m4-1,683.949,"{'m1-1': 2.235, 'm2-1': 1.837, 'm3-1': 4.719, 'm4-1': 0.807}",1.2105000000000001,683.949,684.756,inf,688.949,688.949
1985,TT1,BESTEFFORT,COMPLETED,m4-1,684.083,"{'m1-1': 1.878, 'm2-1': 1.41, 'm3-1': 4.725, 'm4-1': 0.83}",1.2449999999999999,684.756,685.586,inf,689.083,689.083
1986,TT1,BESTEFFORT,COMPLETED,m2-1,684.183,"{'m1-1': 2.24, 'm2-1': 1.863, 'm3-1': 4.564, 'm4-1': 0.669}",5.589,684.183,686.046,inf,689.183,689.183
1987,TT1,BESTEFFORT,COMPLETED,m4-1,684.211,"{'m1-1': 2.026, 'm2-1': 1.958, 'm3-1': 4.083, 'm4-1': 0.825}",1.2374999999999998,685.586,686.4110000000001,inf,689.211,689.211
1988,TT1,BESTEFFORT,COMPLETED,m4-1,685.332,"{'m1-1': 1.995, 'm2-1': 1.519, 'm3-1': 4.019, 'm4-1': 0.668}",1.002,686.4110000000001,687.0790000000001,inf,690.332,690.332
1989,TT1,BESTEFFORT,COMPLETED,m4-1,689.488,"{'m1-1': 2.329, 'm2-1': 1.633, 'm3-1': 4.252, 'm4-1': 0.711}",1.0665,689.488,690.1990000000001,inf,694.488,694.488
1990,TT1,BESTEFFORT,COMPLETED,m4-1,690.61,"{'m1-1': 2.513, 'm2-1': 1.51, 'm3-1': 3.807, 'm4-1': 0.786}",1.179,690.61,691.396,inf,695.61,695.61
1991,TT1,BESTEFFORT,COMPLETED,m4-1,692.071,"{'m1-1': 2.363, 'm2-1': 1.451, 'm3-1': 3.659, 'm4-1': 0.616}",0.9239999999999999,692.071,692.687,inf,697.071,697.071
1992,TT1,BESTEFFORT,COMPLETED,m4-1,692.072,"{'m1-1': 2.037, 'm2-1': 1.445, 'm3-1': 4.354, 'm4-1': 0.659}",0.9885,692.687,693.346,inf,697.072,697.072
1993,TT1,BESTEFFORT,COMPLETED,m4-1,692.606,"{'m1-1': 2.351, 'm2-1': 1.566, 'm3-1': 3.82, 'm4-1': 0.723}",1.0845,693.346,694.069,inf,697.606,697.606
1994,TT1,BESTEFFORT,COMPLETED,m4-1,693.617,"{'m1-1': 2.591, 'm2-1': 1.846, 'm3-1': 4.873, 'm4-1': 0.736}",1.104,694.069,694.805,inf,698.617,698.617
1995,TT1,BESTEFFORT,COMPLETED,m4-1,694.143,"{'m1-1': 1.925, 'm2-1': 1.528, 'm3-1': 4.148, 'm4-1': 0.633}",0.9495,694.805,695.438,inf,699.143,699.143
1996,TT1,BESTEFFORT,COMPLETED,m4-1,695.302,"{'m1-1': 2.471, 'm2-1': 1.562, 'm3-1': 4.16, 'm4-1': 0.724}",1.0859999999999999,695.438,696.162,inf,700.302,700.302
1997,TT1,BESTEFFORT,COMPLETED,m2-1,695.451,"{'m1-1': 2.191, 'm2-1': 1.839, 'm3-1': 4.658, 'm4-1': 0.701}",5.5169999999999995,695.451,697.2900000000001,inf,700.451,700.451
1998,TT1,BESTEFFORT,COMPLETED,m4-1,697.626,"{'m1-1': 2.221, 'm2-1': 1.512, 'm3-1': 3.627, 'm4-1': 0.806}",1.209,697.626,698.432,inf,702.626,702.626
1999,TT1,BESTEFFORT,COMPLETED,m4-1,698.182,"{'m1-1': 2.616, 'm2-1': 1.69, 'm3-1': 5.042, 'm4-1': 0.773}",1.1595,698.432,699.205,inf,703.182,703.182
