id,type,urgency,status,assigned_machine,arrival_time,execution_time,energy_usage,start_time,completion_time,missed_time,deadline,extended_deadline
0,T2,BESTEFFORT,COMPLETED,m6-1,0.224,"{'m1-1': 106.89, 'm2-1': 10.91, 'm3-1': 11.23, 'm4-1': 100.82, 'm5-1': 113.61, 'm6-1': 1.03, 'm7-1': 112.34, 'm8-1': 9.96}",1.545,0.224,1.254,inf,150.224,150.224
1,T1,BESTEFFORT,COMPLETED,m6-1,0.439,"{'m1-1': 114.63, 'm2-1': 10.35, 'm3-1': 9.76, 'm4-1': 93.39, 'm5-1': 104.46, 'm6-1': 0.99, 'm7-1': 111.83, 'm8-1': 10.92}",1.4849999999999999,1.254,2.2439999999999998,inf,150.439,150.439
2,T2,BESTEFFORT,COMPLETED,m6-1,0.623,"{'m1-1': 109.78, 'm2-1': 9.95, 'm3-1': 10.14, 'm4-1': 105.64, 'm5-1': 100.95, 'm6-1': 1.09, 'm7-1': 104.4, 'm8-1': 10.89}",1.6350000000000002,2.2439999999999998,3.3339999999999996,inf,150.623,150.623
3,T1,BESTEFFORT,COMPLETED,m6-1,0.856,"{'m1-1': 112.28, 'm2-1': 9.34, 'm3-1': 11.28, 'm4-1': 98.27, 'm5-1': 111.85, 'm6-1': 1.13, 'm7-1': 102.66, 'm8-1': 10.56}",1.6949999999999998,3.3339999999999996,4.4639999999999995,inf,150.856,150.856
4,T3,BESTEFFORT,COMPLETED,m3-1,0.947,"{'m1-1': 99.52, 'm2-1': 10.07, 'm3-1': 9.7, 'm4-1': 107.05, 'm5-1': 100.26, 'm6-1': 1.0, 'm7-1': 103.14, 'm8-1': 9.51}",14.549999999999999,0.947,10.646999999999998,inf,150.947,150.947
5,T2,BESTEFFORT,COMPLETED,m2-1,0.975,"{'m1-1': 104.49, 'm2-1': 10.85, 'm3-1': 10.67, 'm4-1': 104.63, 'm5-1': 107.86, 'm6-1': 1.1, 'm7-1': 105.76, 'm8-1': 10.28}",16.275,0.975,11.825,inf,150.975,150.975
6,T2,BESTEFFORT,COMPLETED,m8-1,1.073,"{'m1-1': 109.13, 'm2-1': 9.79, 'm3-1': 10.66, 'm4-1': 100.21, 'm5-1': 98.96, 'm6-1': 1.03, 'm7-1': 99.0, 'm8-1': 10.9}",16.35,1.073,11.973,inf,151.073,151.073
7,T3,BESTEFFORT,COMPLETED,m8-1,1.132,"{'m1-1': 102.3, 'm2-1': 11.65, 'm3-1': 9.69, 'm4-1': 99.49, 'm5-1': 94.99, 'm6-1': 1.12, 'm7-1': 103.2, 'm8-1': 10.4}",15.600000000000001,11.973,22.373,inf,151.132,151.132
8,T2,BESTEFFORT,COMPLETED,m6-1,1.478,"{'m1-1': 107.67, 'm2-1': 11.04, 'm3-1': 10.07, 'm4-1': 106.41, 'm5-1': 105.97, 'm6-1': 0.99, 'm7-1': 114.76, 'm8-1': 9.86}",1.4849999999999999,4.4639999999999995,5.454,inf,151.478,151.478
9,T3,BESTEFFORT,COMPLETED,m2-1,1.705,"{'m1-1': 96.82, 'm2-1': 10.97, 'm3-1': 10.94, 'm4-1': 108.16, 'm5-1': 110.7, 'm6-1': 1.08, 'm7-1': 101.56, 'm8-1': 10.58}",16.455000000000002,11.825,22.795,inf,151.705,151.705
10,T4,BESTEFFORT,COMPLETED,m6-1,2.494,"{'m1-1': 108.59, 'm2-1': 11.01, 'm3-1': 10.33, 'm4-1': 102.99, 'm5-1': 97.27, 'm6-1': 1.13, 'm7-1': 104.0, 'm8-1': 9.66}",1.6949999999999998,5.454,6.584,inf,152.494,152.494
11,T2,BESTEFFORT,COMPLETED,m3-1,2.77,"{'m1-1': 115.8, 'm2-1': 10.27, 'm3-1': 10.31, 'm4-1': 101.94, 'm5-1': 101.62, 'm6-1': 0.99, 'm7-1': 98.51, 'm8-1': 10.47}",15.465,10.646999999999998,20.957,inf,152.77,152.77
12,T3,BESTEFFORT,COMPLETED,m8-1,3.172,"{'m1-1': 109.37, 'm2-1': 9.94, 'm3-1': 11.2, 'm4-1': 110.4, 'm5-1': 106.53, 'm6-1': 1.08, 'm7-1': 97.48, 'm8-1': 10.46}",15.690000000000001,22.373,32.833,inf,153.172,153.172
13,T4,BESTEFFORT,COMPLETED,m3-1,3.233,"{'m1-1': 97.63, 'm2-1': 10.15, 'm3-1': 9.57, 'm4-1': 98.78, 'm5-1': 108.28, 'm6-1': 1.05, 'm7-1': 104.21, 'm8-1': 11.18}",14.355,20.957,30.527,inf,153.233,153.233
14,T4,BESTEFFORT,COMPLETED,m2-1,3.277,"{'m1-1': 104.0, 'm2-1': 10.14, 'm3-1': 10.69, 'm4-1': 104.6, 'm5-1': 105.79, 'm6-1': 1.0, 'm7-1': 112.02, 'm8-1': 9.95}",15.21,22.795,32.935,inf,153.277,153.277
15,T3,BESTEFFORT,COMPLETED,m6-1,3.522,"{'m1-1': 107.01, 'm2-1': 10.91, 'm3-1': 9.89, 'm4-1': 98.33, 'm5-1': 100.73, 'm6-1': 1.06, 'm7-1': 100.74, 'm8-1': 10.41}",1.59,6.584,7.644,inf,153.522,153.522
16,T1,BESTEFFORT,COMPLETED,m3-1,3.561,"{'m1-1': 97.68, 'm2-1': 10.12, 'm3-1': 9.97, 'm4-1': 100.8, 'm5-1': 102.22, 'm6-1': 1.04, 'm7-1': 107.18, 'm8-1': 9.95}",14.955000000000002,30.527,40.497,inf,153.561,153.561
17,T3,BESTEFFORT,COMPLETED,m2-1,3.683,"{'m1-1': 105.52, 'm2-1': 11.06, 'm3-1': 10.54, 'm4-1': 104.67, 'm5-1': 98.43, 'm6-1': 1.11, 'm7-1': 107.88, 'm8-1': 10.45}",16.59,32.935,43.995000000000005,inf,153.683,153.683
18,T3,BESTEFFORT,COMPLETED,m8-1,3.706,"{'m1-1': 107.19, 'm2-1': 11.43, 'm3-1': 10.91, 'm4-1': 98.51, 'm5-1': 109.74, 'm6-1': 1.07, 'm7-1': 112.67, 'm8-1': 10.63}",15.945,32.833,43.463,inf,153.706,153.706
19,T4,BESTEFFORT,COMPLETED,m5-1,3.824,"{'m1-1': 96.37, 'm2-1': 9.89, 'm3-1': 9.7, 'm4-1': 113.77, 'm5-1': 110.09, 'm6-1': 0.98, 'm7-1': 104.85, 'm8-1': 9.8}",165.135,3.824,113.914,inf,153.824,153.824
20,T2,BESTEFFORT,COMPLETED,m7-1,3.827,"{'m1-1': 103.17, 'm2-1': 10.82, 'm3-1': 11.42, 'm4-1': 101.96, 'm5-1': 110.29, 'm6-1': 0.97, 'm7-1': 106.01, 'm8-1': 11.5}",159.01500000000001,3.827,109.837,inf,153.827,153.827
21,T3,BESTEFFORT,COMPLETED,m4-1,4.251,"{'m1-1': 109.27, 'm2-1': 11.55, 'm3-1': 10.48, 'm4-1': 95.01, 'm5-1': 108.04, 'm6-1': 1.12, 'm7-1': 112.06, 'm8-1': 9.48}",142.51500000000001,4.251,99.26100000000001,inf,154.251,154.251
22,T3,BESTEFFORT,COMPLETED,m6-1,4.524,"{'m1-1': 99.91, 'm2-1': 10.08, 'm3-1': 10.24, 'm4-1': 103.12, 'm5-1': 95.16, 'm6-1': 1.12, 'm7-1': 96.72, 'm8-1': 10.29}",1.6800000000000002,7.644,8.764,inf,154.524,154.524
23,T2,BESTEFFORT,COMPLETED,m1-1,4.529,"{'m1-1': 117.58, 'm2-1': 11.1, 'm3-1': 10.24, 'm4-1': 113.61, 'm5-1': 105.93, 'm6-1': 0.97, 'm7-1': 111.84, 'm8-1': 10.3}",176.37,4.529,122.109,inf,154.529,154.529
24,T3,BESTEFFORT,MISSED,m4-1,4.936,"{'m1-1': 111.22, 'm2-1': 11.17, 'm3-1': 9.52, 'm4-1': 107.28, 'm5-1': 111.98, 'm6-1': 1.06, 'm7-1': 109.85, 'm8-1': 10.54}",83.51249999999999,99.26100000000001,inf,154.936,154.936,154.936
25,T4,BESTEFFORT,MISSED,m5-1,5.076,"{'m1-1': 110.26, 'm2-1': 9.6, 'm3-1': 9.78, 'm4-1': 98.93, 'm5-1': 95.41, 'm6-1': 1.06, 'm7-1': 113.63, 'm8-1': 10.79}",61.74299999999999,113.914,inf,155.076,155.076,155.076
26,T4,BESTEFFORT,MISSED,m7-1,5.244,"{'m1-1': 99.54, 'm2-1': 10.14, 'm3-1': 9.72, 'm4-1': 111.53, 'm5-1': 110.3, 'm6-1': 1.1, 'm7-1': 103.5, 'm8-1': 9.68}",68.1105,109.837,inf,155.244,155.244,155.244
27,T4,BESTEFFORT,MISSED,m1-1,5.296,"{'m1-1': 102.24, 'm2-1': 11.16, 'm3-1': 9.24, 'm4-1': 105.33, 'm5-1': 105.16, 'm6-1': 1.05, 'm7-1': 113.62, 'm8-1': 10.02}",49.780499999999996,122.109,inf,155.296,155.296,155.296
28,T1,BESTEFFORT,COMPLETED,m6-1,6.012,"{'m1-1': 112.01, 'm2-1': 9.74, 'm3-1': 10.78, 'm4-1': 104.55, 'm5-1': 114.46, 'm6-1': 0.98, 'm7-1': 100.48, 'm8-1': 10.11}",1.47,8.764,9.744,inf,156.012,156.012
29,T4,BESTEFFORT,MISSED,m5-1,6.487,"{'m1-1': 102.27, 'm2-1': 10.53, 'm3-1': 9.91, 'm4-1': 111.57, 'm5-1': 104.06, 'm6-1': 1.13, 'm7-1': 110.48, 'm8-1': 10.08}",2.116500000000002,155.076,inf,156.487,156.487,156.487
30,T2,BESTEFFORT,COMPLETED,m6-1,7.473,"{'m1-1': 103.07, 'm2-1': 10.09, 'm3-1': 11.12, 'm4-1': 104.91, 'm5-1': 111.95, 'm6-1': 1.04, 'm7-1': 106.05, 'm8-1': 9.94}",1.56,9.744,10.783999999999999,inf,157.473,157.473
31,T1,BESTEFFORT,COMPLETED,m6-1,7.829,"{'m1-1': 102.69, 'm2-1': 9.55, 'm3-1': 10.68, 'm4-1': 103.1, 'm5-1': 108.33, 'm6-1': 1.03, 'm7-1': 102.86, 'm8-1': 10.09}",1.545,10.783999999999999,11.813999999999998,inf,157.829,157.829
32,T1,BESTEFFORT,MISSED,m4-1,7.89,"{'m1-1': 105.88, 'm2-1': 9.26, 'm3-1': 10.02, 'm4-1': 98.02, 'm5-1': 106.42, 'm6-1': 1.0, 'm7-1': 98.38, 'm8-1': 11.06}",4.430999999999969,154.936,inf,157.89,157.89,157.89
33,T1,BESTEFFORT,MISSED,m7-1,8.175,"{'m1-1': 105.97, 'm2-1': 10.26, 'm3-1': 10.47, 'm4-1': 100.78, 'm5-1': 109.14, 'm6-1': 0.97, 'm7-1': 113.28, 'm8-1': 10.14}",4.396500000000017,155.244,inf,158.175,158.175,158.175
34,T2,BESTEFFORT,MISSED,m7-1,8.46,"{'m1-1': 106.51, 'm2-1': 9.8, 'm3-1': 10.97, 'm4-1': 100.02, 'm5-1': 101.19, 'm6-1': 1.1, 'm7-1': 101.42, 'm8-1': 9.81}",0.4274999999999949,158.175,inf,158.46,158.46,158.46
35,T4,BESTEFFORT,MISSED,m1-1,8.58,"{'m1-1': 112.85, 'm2-1': 9.82, 'm3-1': 10.86, 'm4-1': 104.54, 'm5-1': 105.77, 'm6-1': 1.05, 'm7-1': 101.11, 'm8-1': 10.79}",4.92600000000003,155.296,inf,158.58,158.58,158.58
36,T4,BESTEFFORT,COMPLETED,m6-1,8.769,"{'m1-1': 110.61, 'm2-1': 9.78, 'm3-1': 9.48, 'm4-1': 100.3, 'm5-1': 112.09, 'm6-1': 1.12, 'm7-1': 111.23, 'm8-1': 9.94}",1.6800000000000002,11.813999999999998,12.933999999999997,inf,158.769,158.769
37,T4,BESTEFFORT,MISSED,m5-1,8.793,"{'m1-1': 97.56, 'm2-1': 10.16, 'm3-1': 9.95, 'm4-1': 104.07, 'm5-1': 100.89, 'm6-1': 1.02, 'm7-1': 105.29, 'm8-1': 9.71}",3.4590000000000174,156.487,inf,158.793,158.793,158.793
38,T1,BESTEFFORT,MISSED,m4-1,8.887,"{'m1-1': 98.72, 'm2-1': 9.63, 'm3-1': 10.74, 'm4-1': 97.78, 'm5-1': 100.18, 'm6-1': 1.0, 'm7-1': 107.3, 'm8-1': 10.57}",1.4955000000000211,157.89,inf,158.887,158.887,158.887
39,T1,BESTEFFORT,MISSED,m1-1,8.981,"{'m1-1': 104.97, 'm2-1': 9.24, 'm3-1': 10.08, 'm4-1': 99.41, 'm5-1': 112.89, 'm6-1': 1.0, 'm7-1': 101.78, 'm8-1': 10.53}",0.6014999999999731,158.58,inf,158.981,158.981,158.981
40,T3,BESTEFFORT,COMPLETED,m3-1,9.615,"{'m1-1': 108.14, 'm2-1': 10.68, 'm3-1': 11.12, 'm4-1': 107.91, 'm5-1': 108.79, 'm6-1': 1.09, 'm7-1': 99.84, 'm8-1': 9.42}",16.68,40.497,51.617,inf,159.615,159.615
41,T4,BESTEFFORT,COMPLETED,m6-1,9.695,"{'m1-1': 110.22, 'm2-1': 9.69, 'm3-1': 9.47, 'm4-1': 105.24, 'm5-1': 96.19, 'm6-1': 1.01, 'm7-1': 108.72, 'm8-1': 10.11}",1.5150000000000001,12.933999999999997,13.943999999999997,inf,159.695,159.695
42,T3,BESTEFFORT,CANCELLED,,9.886,"{'m1-1': 111.07, 'm2-1': 10.25, 'm3-1': 10.88, 'm4-1': 97.24, 'm5-1': 102.33, 'm6-1': 1.1, 'm7-1': 110.32, 'm8-1': 10.49}",0.0,inf,inf,inf,159.886,159.886
43,T3,BESTEFFORT,COMPLETED,m6-1,9.971,"{'m1-1': 109.24, 'm2-1': 11.12, 'm3-1': 9.75, 'm4-1': 97.4, 'm5-1': 104.36, 'm6-1': 1.05, 'm7-1': 104.33, 'm8-1': 10.87}",1.5750000000000002,13.943999999999997,14.993999999999998,inf,159.971,159.971
44,T1,BESTEFFORT,COMPLETED,m2-1,10.519,"{'m1-1': 111.96, 'm2-1': 9.95, 'm3-1': 11.25, 'm4-1': 107.75, 'm5-1': 105.63, 'm6-1': 1.0, 'm7-1': 104.4, 'm8-1': 11.05}",14.924999999999999,43.995000000000005,53.94500000000001,inf,160.519,160.519
45,T1,BESTEFFORT,COMPLETED,m6-1,11.028,"{'m1-1': 114.03, 'm2-1': 10.76, 'm3-1': 11.45, 'm4-1': 103.69, 'm5-1': 107.95, 'm6-1': 1.07, 'm7-1': 110.81, 'm8-1': 10.29}",1.605,14.993999999999998,16.063999999999997,inf,161.028,161.028
46,T3,BESTEFFORT,CANCELLED,,11.078,"{'m1-1': 98.88, 'm2-1': 10.22, 'm3-1': 10.8, 'm4-1': 108.54, 'm5-1': 96.52, 'm6-1': 1.13, 'm7-1': 97.77, 'm8-1': 9.93}",0.0,inf,inf,inf,161.078,161.078
47,T4,BESTEFFORT,COMPLETED,m8-1,11.283,"{'m1-1': 100.64, 'm2-1': 10.74, 'm3-1': 10.35, 'm4-1': 101.58, 'm5-1': 96.1, 'm6-1': 1.14, 'm7-1': 109.61, 'm8-1': 10.5}",15.75,43.463,53.963,inf,161.283,161.283
48,T4,BESTEFFORT,CANCELLED,,11.522,"{'m1-1': 103.15, 'm2-1': 10.76, 'm3-1': 9.24, 'm4-1': 107.02, 'm5-1': 109.65, 'm6-1': 1.03, 'm7-1': 100.86, 'm8-1': 11.01}",0.0,inf,inf,inf,161.522,161.522
49,T1,BESTEFFORT,CANCELLED,,11.613,"{'m1-1': 106.17, 'm2-1': 10.66, 'm3-1': 10.34, 'm4-1': 96.28, 'm5-1': 107.5, 'm6-1': 1.04, 'm7-1': 103.03, 'm8-1': 10.36}",0.0,inf,inf,inf,161.613,161.613
50,T3,BESTEFFORT,CANCELLED,,12.049,"{'m1-1': 109.93, 'm2-1': 11.06, 'm3-1': 9.78, 'm4-1': 96.16, 'm5-1': 102.44, 'm6-1': 1.12, 'm7-1': 102.18, 'm8-1': 9.89}",0.0,inf,inf,inf,162.049,162.049
51,T4,BESTEFFORT,COMPLETED,m6-1,12.172,"{'m1-1': 112.09, 'm2-1': 10.56, 'm3-1': 10.31, 'm4-1': 109.55, 'm5-1': 105.57, 'm6-1': 1.15, 'm7-1': 106.55, 'm8-1': 10.56}",1.7249999999999999,16.063999999999997,17.213999999999995,inf,162.172,162.172
52,T3,BESTEFFORT,CANCELLED,,12.37,"{'m1-1': 99.04, 'm2-1': 10.04, 'm3-1': 11.18, 'm4-1': 95.75, 'm5-1': 105.71, 'm6-1': 1.08, 'm7-1': 99.29, 'm8-1': 9.3}",0.0,inf,inf,inf,162.37,162.37
53,T4,BESTEFFORT,CANCELLED,,12.61,"{'m1-1': 96.87, 'm2-1': 9.6, 'm3-1': 10.12, 'm4-1': 99.38, 'm5-1': 109.89, 'm6-1': 1.07, 'm7-1': 101.72, 'm8-1': 10.65}",0.0,inf,inf,inf,162.61,162.61
54,T3,BESTEFFORT,MISSED,m1-1,12.998,"{'m1-1': 101.16, 'm2-1': 10.1, 'm3-1': 10.14, 'm4-1': 106.65, 'm5-1': 102.15, 'm6-1': 1.01, 'm7-1': 113.54, 'm8-1': 10.6}",6.025499999999994,158.981,inf,162.998,162.998,162.998
55,T1,BESTEFFORT,COMPLETED,m2-1,13.075,"{'m1-1': 110.1, 'm2-1': 10.12, 'm3-1': 9.78, 'm4-1': 103.09, 'm5-1': 107.23, 'm6-1': 0.98, 'm7-1': 114.03, 'm8-1': 10.02}",15.18,53.94500000000001,64.06500000000001,inf,163.075,163.075
56,T3,BESTEFFORT,COMPLETED,m6-1,13.124,"{'m1-1': 108.32, 'm2-1': 11.32, 'm3-1': 11.09, 'm4-1': 108.48, 'm5-1': 98.58, 'm6-1': 1.14, 'm7-1': 98.1, 'm8-1': 9.47}",1.71,17.213999999999995,18.353999999999996,inf,163.124,163.124
57,T3,BESTEFFORT,CANCELLED,,13.2,"{'m1-1': 109.05, 'm2-1': 11.58, 'm3-1': 9.71, 'm4-1': 94.71, 'm5-1': 95.55, 'm6-1': 1.01, 'm7-1': 97.92, 'm8-1': 10.46}",0.0,inf,inf,inf,163.2,163.2
58,T2,BESTEFFORT,COMPLETED,m6-1,13.325,"{'m1-1': 110.01, 'm2-1': 10.14, 'm3-1': 10.93, 'm4-1': 97.76, 'm5-1': 103.37, 'm6-1': 1.12, 'm7-1': 98.1, 'm8-1': 10.86}",1.6800000000000002,160.26399999999998,161.384,inf,163.325,163.325
59,T2,BESTEFFORT,CANCELLED,,13.404,"{'m1-1': 115.98, 'm2-1': 11.44, 'm3-1': 10.22, 'm4-1': 112.8, 'm5-1': 107.74, 'm6-1': 1.03, 'm7-1': 113.57, 'm8-1': 10.68}",0.0,inf,inf,inf,163.404,163.404
60,T4,BESTEFFORT,CANCELLED,,13.602,"{'m1-1': 96.89, 'm2-1': 9.61, 'm3-1': 9.81, 'm4-1': 111.53, 'm5-1': 108.77, 'm6-1': 1.08, 'm7-1': 116.98, 'm8-1': 10.48}",0.0,inf,inf,inf,163.602,163.602
61,T2,BESTEFFORT,CANCELLED,,13.824,"{'m1-1': 114.6, 'm2-1': 9.85, 'm3-1': 11.14, 'm4-1': 113.87, 'm5-1': 111.56, 'm6-1': 1.05, 'm7-1': 114.66, 'm8-1': 10.82}",0.0,inf,inf,inf,163.824,163.824
62,T1,BESTEFFORT,COMPLETED,m6-1,13.91,"{'m1-1': 109.0, 'm2-1': 10.07, 'm3-1': 10.9, 'm4-1': 104.34, 'm5-1': 112.89, 'm6-1': 1.0, 'm7-1': 101.85, 'm8-1': 10.34}",1.5,18.353999999999996,19.353999999999996,inf,163.91,163.91
63,T2,BESTEFFORT,CANCELLED,,14.19,"{'m1-1': 117.51, 'm2-1': 11.23, 'm3-1': 10.01, 'm4-1': 107.56, 'm5-1': 106.16, 'm6-1': 0.98, 'm7-1': 106.28, 'm8-1': 10.4}",0.0,inf,inf,inf,164.19,164.19
64,T1,BESTEFFORT,COMPLETED,m2-1,14.191,"{'m1-1': 113.44, 'm2-1': 9.21, 'm3-1': 10.12, 'm4-1': 92.59, 'm5-1': 105.42, 'm6-1': 1.12, 'm7-1': 107.36, 'm8-1': 10.41}",13.815000000000001,64.06500000000001,73.275,inf,164.191,164.191
65,T4,BESTEFFORT,CANCELLED,,14.267,"{'m1-1': 100.55, 'm2-1': 9.69, 'm3-1': 9.72, 'm4-1': 111.87, 'm5-1': 106.55, 'm6-1': 1.06, 'm7-1': 116.73, 'm8-1': 10.17}",0.0,inf,inf,inf,164.267,164.267
66,T1,BESTEFFORT,CANCELLED,,14.979,"{'m1-1': 104.93, 'm2-1': 10.18, 'm3-1': 10.04, 'm4-1': 94.32, 'm5-1': 118.21, 'm6-1': 1.05, 'm7-1': 97.77, 'm8-1': 10.78}",0.0,inf,inf,inf,164.97899999999998,164.97899999999998
67,T1,BESTEFFORT,CANCELLED,,15.135,"{'m1-1': 108.06, 'm2-1': 9.97, 'm3-1': 10.42, 'm4-1': 94.46, 'm5-1': 104.8, 'm6-1': 1.12, 'm7-1': 102.42, 'm8-1': 10.41}",0.0,inf,inf,inf,165.135,165.135
68,T4,BESTEFFORT,COMPLETED,m6-1,15.38,"{'m1-1': 109.74, 'm2-1': 11.28, 'm3-1': 10.74, 'm4-1': 102.96, 'm5-1': 104.18, 'm6-1': 1.07, 'm7-1': 107.89, 'm8-1': 11.17}",1.605,35.24399999999999,36.31399999999999,inf,165.38,165.38
69,T2,BESTEFFORT,COMPLETED,m6-1,15.429,"{'m1-1': 113.31, 'm2-1': 10.56, 'm3-1': 11.44, 'm4-1': 114.12, 'm5-1': 109.05, 'm6-1': 1.09, 'm7-1': 97.89, 'm8-1': 10.1}",1.6350000000000002,20.393999999999995,21.483999999999995,inf,165.429,165.429
70,T3,BESTEFFORT,CANCELLED,,15.511,"{'m1-1': 111.28, 'm2-1': 10.68, 'm3-1': 9.97, 'm4-1': 106.33, 'm5-1': 107.83, 'm6-1': 0.99, 'm7-1': 101.82, 'm8-1': 9.85}",0.0,inf,inf,inf,165.511,165.511
71,T4,BESTEFFORT,COMPLETED,m6-1,15.707,"{'m1-1': 103.63, 'm2-1': 9.65, 'm3-1': 10.56, 'm4-1': 99.22, 'm5-1': 107.02, 'm6-1': 1.05, 'm7-1': 116.56, 'm8-1': 10.64}",1.5750000000000002,145.65399999999997,146.70399999999998,inf,165.707,165.707
72,T1,BESTEFFORT,COMPLETED,m6-1,15.731,"{'m1-1': 96.92, 'm2-1': 10.87, 'm3-1': 10.54, 'm4-1': 108.25, 'm5-1': 115.27, 'm6-1': 1.04, 'm7-1': 102.4, 'm8-1': 10.67}",1.56,19.353999999999996,20.393999999999995,inf,165.731,165.731
73,T4,BESTEFFORT,COMPLETED,m6-1,15.754,"{'m1-1': 105.44, 'm2-1': 11.31, 'm3-1': 10.7, 'm4-1': 109.29, 'm5-1': 98.88, 'm6-1': 1.06, 'm7-1': 113.29, 'm8-1': 10.37}",1.59,23.673999999999992,24.73399999999999,inf,165.754,165.754
74,T1,BESTEFFORT,COMPLETED,m2-1,16.357,"{'m1-1': 100.95, 'm2-1': 10.26, 'm3-1': 10.68, 'm4-1': 99.06, 'm5-1': 109.86, 'm6-1': 1.06, 'm7-1': 98.1, 'm8-1': 10.28}",15.39,82.78500000000001,93.04500000000002,inf,166.357,166.357
75,T3,BESTEFFORT,COMPLETED,m3-1,17.09,"{'m1-1': 107.58, 'm2-1': 10.1, 'm3-1': 10.35, 'm4-1': 94.92, 'm5-1': 96.26, 'm6-1': 1.14, 'm7-1': 108.72, 'm8-1': 10.02}",15.524999999999999,51.617,61.967,inf,167.09,167.09
76,T1,BESTEFFORT,COMPLETED,m6-1,17.621,"{'m1-1': 102.12, 'm2-1': 10.26, 'm3-1': 10.92, 'm4-1': 93.69, 'm5-1': 110.46, 'm6-1': 1.06, 'm7-1': 105.24, 'm8-1': 11.22}",1.59,21.483999999999995,22.543999999999993,inf,167.621,167.621
77,T4,BESTEFFORT,COMPLETED,m6-1,17.922,"{'m1-1': 99.51, 'm2-1': 10.9, 'm3-1': 9.63, 'm4-1': 115.95, 'm5-1': 106.06, 'm6-1': 1.1, 'm7-1': 104.85, 'm8-1': 10.21}",1.6500000000000001,53.22399999999999,54.32399999999999,inf,167.922,167.922
78,T2,BESTEFFORT,CANCELLED,,17.922,"{'m1-1': 114.1, 'm2-1': 11.32, 'm3-1': 11.57, 'm4-1': 108.88, 'm5-1': 108.78, 'm6-1': 1.03, 'm7-1': 103.43, 'm8-1': 11.47}",0.0,inf,inf,inf,167.922,167.922
79,T2,BESTEFFORT,COMPLETED,m6-1,18.006,"{'m1-1': 109.17, 'm2-1': 9.82, 'm3-1': 11.68, 'm4-1': 106.85, 'm5-1': 100.22, 'm6-1': 1.01, 'm7-1': 107.14, 'm8-1': 10.78}",1.5150000000000001,54.32399999999999,55.33399999999999,inf,168.006,168.006
80,T4,BESTEFFORT,COMPLETED,m6-1,18.016,"{'m1-1': 106.46, 'm2-1': 10.16, 'm3-1': 9.6, 'm4-1': 114.8, 'm5-1': 108.65, 'm6-1': 1.13, 'm7-1': 111.8, 'm8-1': 11.0}",1.6949999999999998,22.543999999999993,23.673999999999992,inf,168.016,168.016
81,T2,BESTEFFORT,CANCELLED,,18.071,"{'m1-1': 116.04, 'm2-1': 10.94, 'm3-1': 9.93, 'm4-1': 106.72, 'm5-1': 101.55, 'm6-1': 1.12, 'm7-1': 114.63, 'm8-1': 11.41}",0.0,inf,inf,inf,168.071,168.071
82,T3,BESTEFFORT,CANCELLED,,18.927,"{'m1-1': 97.93, 'm2-1': 11.47, 'm3-1': 9.98, 'm4-1': 97.52, 'm5-1': 95.08, 'm6-1': 1.08, 'm7-1': 103.02, 'm8-1': 9.36}",0.0,inf,inf,inf,168.927,168.927
83,T2,BESTEFFORT,COMPLETED,m6-1,18.944,"{'m1-1': 110.74, 'm2-1': 11.57, 'm3-1': 9.97, 'm4-1': 96.73, 'm5-1': 110.72, 'm6-1': 0.95, 'm7-1': 97.72, 'm8-1': 10.95}",1.4249999999999998,146.70399999999998,147.65399999999997,inf,168.944,168.944
84,T4,BESTEFFORT,COMPLETED,m8-1,19.415,"{'m1-1': 102.63, 'm2-1': 10.78, 'm3-1': 10.01, 'm4-1': 116.85, 'm5-1': 111.48, 'm6-1': 1.12, 'm7-1': 105.31, 'm8-1': 9.7}",14.549999999999999,53.963,63.663,inf,169.415,169.415
85,T2,BESTEFFORT,CANCELLED,,20.05,"{'m1-1': 112.96, 'm2-1': 11.5, 'm3-1': 11.14, 'm4-1': 97.12, 'm5-1': 112.13, 'm6-1': 0.98, 'm7-1': 112.47, 'm8-1': 10.5}",0.0,inf,inf,inf,170.05,170.05
86,T2,BESTEFFORT,CANCELLED,,20.059,"{'m1-1': 100.71, 'm2-1': 10.11, 'm3-1': 10.28, 'm4-1': 107.68, 'm5-1': 114.8, 'm6-1': 0.95, 'm7-1': 101.67, 'm8-1': 10.31}",0.0,inf,inf,inf,170.059,170.059
87,T2,BESTEFFORT,CANCELLED,,20.607,"{'m1-1': 100.28, 'm2-1': 10.05, 'm3-1': 11.26, 'm4-1': 101.39, 'm5-1': 98.21, 'm6-1': 0.99, 'm7-1': 103.81, 'm8-1': 9.88}",0.0,inf,inf,inf,170.607,170.607
88,T3,BESTEFFORT,COMPLETED,m6-1,20.615,"{'m1-1': 107.87, 'm2-1': 10.46, 'm3-1': 10.14, 'm4-1': 98.55, 'm5-1': 110.52, 'm6-1': 1.0, 'm7-1': 98.48, 'm8-1': 10.47}",1.5,24.73399999999999,25.73399999999999,inf,170.615,170.615
89,T1,BESTEFFORT,COMPLETED,m6-1,20.705,"{'m1-1': 114.4, 'm2-1': 9.92, 'm3-1': 11.2, 'm4-1': 104.67, 'm5-1': 108.66, 'm6-1': 0.99, 'm7-1': 111.79, 'm8-1': 11.46}",1.4849999999999999,31.003999999999994,31.993999999999993,inf,170.70499999999998,170.70499999999998
90,T4,BESTEFFORT,COMPLETED,m6-1,20.854,"{'m1-1': 113.1, 'm2-1': 10.54, 'm3-1': 9.55, 'm4-1': 101.76, 'm5-1': 112.8, 'm6-1': 1.15, 'm7-1': 100.24, 'm8-1': 11.23}",1.7249999999999999,161.384,162.534,inf,170.85399999999998,170.85399999999998
91,T2,BESTEFFORT,CANCELLED,,21.111,"{'m1-1': 102.33, 'm2-1': 9.76, 'm3-1': 9.91, 'm4-1': 113.56, 'm5-1': 105.63, 'm6-1': 1.1, 'm7-1': 102.34, 'm8-1': 11.37}",0.0,inf,inf,inf,171.111,171.111
92,T2,BESTEFFORT,CANCELLED,,21.187,"{'m1-1': 103.92, 'm2-1': 10.86, 'm3-1': 11.1, 'm4-1': 112.21, 'm5-1': 112.26, 'm6-1': 0.98, 'm7-1': 114.84, 'm8-1': 10.76}",0.0,inf,inf,inf,171.187,171.187
93,T4,BESTEFFORT,COMPLETED,m6-1,21.683,"{'m1-1': 111.25, 'm2-1': 10.73, 'm3-1': 10.62, 'm4-1': 110.46, 'm5-1': 110.64, 'm6-1': 1.05, 'm7-1': 116.75, 'm8-1': 11.05}",1.5750000000000002,25.73399999999999,26.783999999999992,inf,171.683,171.683
94,T1,BESTEFFORT,COMPLETED,m6-1,21.685,"{'m1-1': 106.87, 'm2-1': 9.36, 'm3-1': 11.23, 'm4-1': 94.76, 'm5-1': 112.62, 'm6-1': 1.13, 'm7-1': 102.02, 'm8-1': 10.98}",1.6949999999999998,162.534,163.664,inf,171.685,171.685
95,T4,BESTEFFORT,CANCELLED,,21.888,"{'m1-1': 103.15, 'm2-1': 11.15, 'm3-1': 9.45, 'm4-1': 111.24, 'm5-1': 98.37, 'm6-1': 1.11, 'm7-1': 109.97, 'm8-1': 11.24}",0.0,inf,inf,inf,171.888,171.888
96,T4,BESTEFFORT,CANCELLED,,21.947,"{'m1-1': 108.05, 'm2-1': 10.44, 'm3-1': 10.31, 'm4-1': 113.29, 'm5-1': 104.06, 'm6-1': 1.08, 'm7-1': 101.62, 'm8-1': 9.65}",0.0,inf,inf,inf,171.947,171.947
97,T1,BESTEFFORT,CANCELLED,,22.227,"{'m1-1': 104.89, 'm2-1': 10.27, 'm3-1': 9.96, 'm4-1': 102.55, 'm5-1': 117.88, 'm6-1': 1.01, 'm7-1': 97.4, 'm8-1': 10.95}",0.0,inf,inf,inf,172.227,172.227
98,T2,BESTEFFORT,COMPLETED,m6-1,22.658,"{'m1-1': 100.71, 'm2-1': 11.01, 'm3-1': 10.81, 'm4-1': 107.1, 'm5-1': 99.86, 'm6-1': 1.05, 'm7-1': 97.12, 'm8-1': 10.11}",1.5750000000000002,27.853999999999992,28.903999999999993,inf,172.65800000000002,172.65800000000002
99,T2,BESTEFFORT,COMPLETED,m6-1,22.868,"{'m1-1': 117.42, 'm2-1': 10.02, 'm3-1': 10.78, 'm4-1': 108.82, 'm5-1': 98.01, 'm6-1': 1.07, 'm7-1': 103.03, 'm8-1': 10.23}",1.605,26.783999999999992,27.853999999999992,inf,172.868,172.868
100,T4,BESTEFFORT,COMPLETED,m6-1,23.004,"{'m1-1': 96.45, 'm2-1': 10.95, 'm3-1': 10.83, 'm4-1': 115.85, 'm5-1': 103.52, 'm6-1': 1.06, 'm7-1': 99.99, 'm8-1': 9.95}",1.59,59.44399999999999,60.50399999999999,inf,173.004,173.004
101,T2,BESTEFFORT,COMPLETED,m6-1,23.499,"{'m1-1': 116.67, 'm2-1': 10.46, 'm3-1': 11.1, 'm4-1': 108.7, 'm5-1': 112.52, 'm6-1': 1.07, 'm7-1': 97.34, 'm8-1': 10.04}",1.605,28.903999999999993,29.973999999999993,inf,173.499,173.499
102,T1,BESTEFFORT,COMPLETED,m2-1,24.471,"{'m1-1': 110.38, 'm2-1': 10.3, 'm3-1': 11.38, 'm4-1': 96.58, 'm5-1': 117.4, 'm6-1': 1.09, 'm7-1': 115.04, 'm8-1': 10.28}",15.450000000000001,113.29500000000002,123.59500000000001,inf,174.471,174.471
103,T2,BESTEFFORT,CANCELLED,,24.553,"{'m1-1': 101.67, 'm2-1': 10.03, 'm3-1': 10.68, 'm4-1': 107.45, 'm5-1': 106.37, 'm6-1': 1.05, 'm7-1': 113.75, 'm8-1': 10.79}",0.0,inf,inf,inf,174.553,174.553
104,T2,BESTEFFORT,CANCELLED,,24.562,"{'m1-1': 118.31, 'm2-1': 11.28, 'm3-1': 10.62, 'm4-1': 111.97, 'm5-1': 100.05, 'm6-1': 1.04, 'm7-1': 106.54, 'm8-1': 10.96}",0.0,inf,inf,inf,174.562,174.562
105,T2,BESTEFFORT,CANCELLED,,24.632,"{'m1-1': 103.64, 'm2-1': 10.55, 'm3-1': 10.51, 'm4-1': 113.87, 'm5-1': 112.36, 'm6-1': 1.11, 'm7-1': 97.61, 'm8-1': 10.82}",0.0,inf,inf,inf,174.632,174.632
106,T1,BESTEFFORT,CANCELLED,,24.865,"{'m1-1': 107.12, 'm2-1': 9.53, 'm3-1': 11.39, 'm4-1': 109.27, 'm5-1': 109.66, 'm6-1': 1.0, 'm7-1': 100.57, 'm8-1': 11.42}",0.0,inf,inf,inf,174.865,174.865
107,T3,BESTEFFORT,CANCELLED,,25.321,"{'m1-1': 95.34, 'm2-1': 10.28, 'm3-1': 10.06, 'm4-1': 106.34, 'm5-1': 103.25, 'm6-1': 1.11, 'm7-1': 104.52, 'm8-1': 9.6}",0.0,inf,inf,inf,175.321,175.321
108,T2,BESTEFFORT,CANCELLED,,26.006,"{'m1-1': 100.31, 'm2-1': 10.89, 'm3-1': 10.49, 'm4-1': 112.18, 'm5-1': 98.76, 'm6-1': 1.12, 'm7-1': 108.99, 'm8-1': 10.34}",0.0,inf,inf,inf,176.006,176.006
109,T2,BESTEFFORT,COMPLETED,m6-1,26.177,"{'m1-1': 106.27, 'm2-1': 9.76, 'm3-1': 11.61, 'm4-1': 109.51, 'm5-1': 104.76, 'm6-1': 1.03, 'm7-1': 113.22, 'm8-1': 10.88}",1.545,29.973999999999993,31.003999999999994,inf,176.177,176.177
110,T3,BESTEFFORT,CANCELLED,,26.182,"{'m1-1': 111.47, 'm2-1': 9.98, 'm3-1': 11.12, 'm4-1': 95.68, 'm5-1': 94.29, 'm6-1': 1.13, 'm7-1': 107.54, 'm8-1': 10.0}",0.0,inf,inf,inf,176.182,176.182
111,T4,BESTEFFORT,COMPLETED,m6-1,26.576,"{'m1-1': 100.12, 'm2-1': 10.65, 'm3-1': 9.65, 'm4-1': 102.3, 'm5-1': 103.18, 'm6-1': 0.98, 'm7-1': 116.76, 'm8-1': 9.86}",1.47,31.993999999999993,32.97399999999999,inf,176.576,176.576
112,T2,BESTEFFORT,CANCELLED,,26.943,"{'m1-1': 102.17, 'm2-1': 11.35, 'm3-1': 11.16, 'm4-1': 99.41, 'm5-1': 111.7, 'm6-1': 1.09, 'm7-1': 113.86, 'm8-1': 10.77}",0.0,inf,inf,inf,176.943,176.943
113,T4,BESTEFFORT,COMPLETED,m6-1,27.729,"{'m1-1': 106.85, 'm2-1': 10.7, 'm3-1': 10.63, 'm4-1': 102.98, 'm5-1': 110.43, 'm6-1': 1.14, 'm7-1': 113.24, 'm8-1': 10.14}",1.71,32.97399999999999,34.11399999999999,inf,177.72899999999998,177.72899999999998
114,T3,BESTEFFORT,CANCELLED,,27.862,"{'m1-1': 97.92, 'm2-1': 11.2, 'm3-1': 11.12, 'm4-1': 103.74, 'm5-1': 105.71, 'm6-1': 1.06, 'm7-1': 110.84, 'm8-1': 9.41}",0.0,inf,inf,inf,177.862,177.862
115,T2,BESTEFFORT,CANCELLED,,28.071,"{'m1-1': 101.44, 'm2-1': 10.45, 'm3-1': 10.29, 'm4-1': 110.56, 'm5-1': 107.02, 'm6-1': 0.97, 'm7-1': 104.12, 'm8-1': 10.4}",0.0,inf,inf,inf,178.071,178.071
116,T3,BESTEFFORT,COMPLETED,m6-1,28.409,"{'m1-1': 101.04, 'm2-1': 10.44, 'm3-1': 11.1, 'm4-1': 97.42, 'm5-1': 100.41, 'm6-1': 1.13, 'm7-1': 98.56, 'm8-1': 10.91}",1.6949999999999998,60.50399999999999,61.63399999999999,inf,178.409,178.409
117,T3,BESTEFFORT,COMPLETED,m8-1,28.437,"{'m1-1': 109.07, 'm2-1': 10.68, 'm3-1': 10.72, 'm4-1': 99.44, 'm5-1': 102.29, 'm6-1': 1.07, 'm7-1': 99.49, 'm8-1': 9.66}",14.49,63.663,73.323,inf,178.437,178.437
118,T2,BESTEFFORT,CANCELLED,,28.804,"{'m1-1': 107.47, 'm2-1': 11.14, 'm3-1': 10.96, 'm4-1': 98.37, 'm5-1': 106.1, 'm6-1': 1.12, 'm7-1': 109.4, 'm8-1': 11.15}",0.0,inf,inf,inf,178.804,178.804
119,T1,BESTEFFORT,CANCELLED,,28.922,"{'m1-1': 98.8, 'm2-1': 9.2, 'm3-1': 10.08, 'm4-1': 95.58, 'm5-1': 103.76, 'm6-1': 1.08, 'm7-1': 115.49, 'm8-1': 10.08}",0.0,inf,inf,inf,178.922,178.922
120,T3,BESTEFFORT,MISSED,m5-1,29.043,"{'m1-1': 109.98, 'm2-1': 11.18, 'm3-1': 10.17, 'm4-1': 109.52, 'm5-1': 94.74, 'm6-1': 1.02, 'm7-1': 112.61, 'm8-1': 9.4}",0.0,229.09300000000002,inf,229.09300000000002,179.043,179.043
121,T3,BESTEFFORT,COMPLETED,m3-1,29.154,"{'m1-1': 108.71, 'm2-1': 10.27, 'm3-1': 10.52, 'm4-1': 103.16, 'm5-1': 96.71, 'm6-1': 1.11, 'm7-1': 114.03, 'm8-1': 10.37}",15.78,61.967,72.487,inf,179.154,179.154
122,T2,BESTEFFORT,CANCELLED,,29.536,"{'m1-1': 101.47, 'm2-1': 10.55, 'm3-1': 11.76, 'm4-1': 113.27, 'm5-1': 104.3, 'm6-1': 0.97, 'm7-1': 109.83, 'm8-1': 11.05}",0.0,inf,inf,inf,179.536,179.536
123,T1,BESTEFFORT,CANCELLED,,30.16,"{'m1-1': 99.6, 'm2-1': 9.94, 'm3-1': 11.43, 'm4-1': 97.41, 'm5-1': 109.07, 'm6-1': 1.13, 'm7-1': 104.98, 'm8-1': 10.99}",0.0,inf,inf,inf,180.16,180.16
124,T2,BESTEFFORT,CANCELLED,,30.163,"{'m1-1': 115.29, 'm2-1': 11.11, 'm3-1': 9.98, 'm4-1': 113.56, 'm5-1': 108.21, 'm6-1': 1.05, 'm7-1': 109.73, 'm8-1': 10.03}",0.0,inf,inf,inf,180.163,180.163
125,T2,BESTEFFORT,COMPLETED,m6-1,30.444,"{'m1-1': 106.76, 'm2-1': 10.33, 'm3-1': 9.91, 'm4-1': 102.69, 'm5-1': 98.75, 'm6-1': 1.13, 'm7-1': 107.53, 'm8-1': 10.31}",1.6949999999999998,34.11399999999999,35.24399999999999,inf,180.444,180.444
126,T3,BESTEFFORT,MISSED,m7-1,30.853,"{'m1-1': 109.05, 'm2-1': 11.32, 'm3-1': 10.95, 'm4-1': 98.12, 'm5-1': 107.23, 'm6-1': 1.11, 'm7-1': 112.71, 'm8-1': 9.51}",0.0,251.003,inf,251.003,180.853,180.853
127,T4,BESTEFFORT,COMPLETED,m3-1,31.118,"{'m1-1': 110.04, 'm2-1': 9.73, 'm3-1': 10.29, 'm4-1': 105.38, 'm5-1': 101.12, 'm6-1': 1.01, 'm7-1': 112.1, 'm8-1': 10.34}",15.434999999999999,72.487,82.77699999999999,inf,181.118,181.118
128,T3,BESTEFFORT,MISSED,m6-1,32.05,"{'m1-1': 106.62, 'm2-1': 11.44, 'm3-1': 10.82, 'm4-1': 102.4, 'm5-1': 110.56, 'm6-1': 0.99, 'm7-1': 105.3, 'm8-1': 10.89}",0.0,183.77399999999997,inf,183.77399999999997,182.05,182.05
129,T1,BESTEFFORT,MISSED,m4-1,32.714,"{'m1-1': 105.02, 'm2-1': 9.66, 'm3-1': 10.55, 'm4-1': 94.14, 'm5-1': 108.2, 'm6-1': 1.01, 'm7-1': 103.06, 'm8-1': 11.44}",0.0,251.499,inf,251.499,182.714,182.714
130,T2,BESTEFFORT,COMPLETED,m6-1,32.869,"{'m1-1': 112.73, 'm2-1': 10.81, 'm3-1': 11.45, 'm4-1': 108.03, 'm5-1': 104.68, 'm6-1': 0.96, 'm7-1': 103.73, 'm8-1': 10.48}",1.44,36.31399999999999,37.273999999999994,inf,182.869,182.869
131,T3,BESTEFFORT,CANCELLED,,32.883,"{'m1-1': 100.28, 'm2-1': 10.56, 'm3-1': 11.19, 'm4-1': 100.47, 'm5-1': 98.47, 'm6-1': 1.02, 'm7-1': 111.6, 'm8-1': 10.67}",0.0,inf,inf,inf,182.883,182.883
132,T4,BESTEFFORT,COMPLETED,m6-1,32.974,"{'m1-1': 112.07, 'm2-1': 11.07, 'm3-1': 9.38, 'm4-1': 100.83, 'm5-1': 103.28, 'm6-1': 1.0, 'm7-1': 113.36, 'm8-1': 10.72}",1.5,163.664,164.664,inf,182.974,182.974
133,T2,BESTEFFORT,COMPLETED,m6-1,32.983,"{'m1-1': 104.59, 'm2-1': 11.28, 'm3-1': 11.38, 'm4-1': 113.85, 'm5-1': 99.3, 'm6-1': 0.97, 'm7-1': 111.2, 'm8-1': 10.93}",1.455,164.664,165.634,inf,182.983,182.983
134,T3,BESTEFFORT,COMPLETED,m8-1,33.203,"{'m1-1': 107.57, 'm2-1': 10.11, 'm3-1': 10.88, 'm4-1': 103.44, 'm5-1': 97.95, 'm6-1': 1.08, 'm7-1': 98.96, 'm8-1': 9.55}",14.325000000000001,82.613,92.163,inf,183.203,183.203
135,T4,BESTEFFORT,CANCELLED,,33.21,"{'m1-1': 100.82, 'm2-1': 11.22, 'm3-1': 10.24, 'm4-1': 106.2, 'm5-1': 96.14, 'm6-1': 1.07, 'm7-1': 110.48, 'm8-1': 10.96}",0.0,inf,inf,inf,183.21,183.21
136,T4,BESTEFFORT,COMPLETED,m6-1,33.36,"{'m1-1': 105.8, 'm2-1': 10.37, 'm3-1': 9.4, 'm4-1': 116.3, 'm5-1': 110.8, 'm6-1': 1.09, 'm7-1': 101.13, 'm8-1': 11.23}",1.6350000000000002,165.634,166.724,inf,183.36,183.36
137,T2,BESTEFFORT,COMPLETED,m6-1,33.64,"{'m1-1': 108.6, 'm2-1': 10.59, 'm3-1': 11.42, 'm4-1': 99.71, 'm5-1': 112.99, 'm6-1': 1.06, 'm7-1': 97.07, 'm8-1': 9.75}",1.59,37.273999999999994,38.333999999999996,inf,183.64,183.64
138,T4,BESTEFFORT,COMPLETED,m6-1,33.782,"{'m1-1': 99.27, 'm2-1': 11.16, 'm3-1': 10.28, 'm4-1': 115.3, 'm5-1': 102.34, 'm6-1': 1.11, 'm7-1': 110.82, 'm8-1': 11.13}",1.665,40.464,41.574,inf,183.78199999999998,183.78199999999998
139,T4,BESTEFFORT,COMPLETED,m6-1,34.491,"{'m1-1': 111.72, 'm2-1': 10.86, 'm3-1': 9.4, 'm4-1': 111.32, 'm5-1': 99.06, 'm6-1': 1.11, 'm7-1': 118.35, 'm8-1': 10.65}",1.665,38.333999999999996,39.443999999999996,inf,184.49099999999999,184.49099999999999
140,T4,BESTEFFORT,CANCELLED,,34.83,"{'m1-1': 112.78, 'm2-1': 11.3, 'm3-1': 9.6, 'm4-1': 100.66, 'm5-1': 102.81, 'm6-1': 1.03, 'm7-1': 117.81, 'm8-1': 11.07}",0.0,inf,inf,inf,184.82999999999998,184.82999999999998
141,T2,BESTEFFORT,CANCELLED,,35.021,"{'m1-1': 116.0, 'm2-1': 10.68, 'm3-1': 10.75, 'm4-1': 98.94, 'm5-1': 108.34, 'm6-1': 1.09, 'm7-1': 107.36, 'm8-1': 10.74}",0.0,inf,inf,inf,185.02100000000002,185.02100000000002
142,T2,BESTEFFORT,COMPLETED,m6-1,35.508,"{'m1-1': 110.86, 'm2-1': 10.1, 'm3-1': 10.33, 'm4-1': 113.94, 'm5-1': 111.7, 'm6-1': 1.11, 'm7-1': 97.29, 'm8-1': 10.03}",1.665,41.574,42.684,inf,185.508,185.508
143,T4,BESTEFFORT,CANCELLED,,35.576,"{'m1-1': 98.58, 'm2-1': 10.46, 'm3-1': 10.72, 'm4-1': 113.49, 'm5-1': 103.87, 'm6-1': 1.01, 'm7-1': 118.54, 'm8-1': 10.51}",0.0,inf,inf,inf,185.576,185.576
144,T4,BESTEFFORT,COMPLETED,m6-1,36.024,"{'m1-1': 111.87, 'm2-1': 11.26, 'm3-1': 9.49, 'm4-1': 102.52, 'm5-1': 103.24, 'm6-1': 1.02, 'm7-1': 117.91, 'm8-1': 11.02}",1.53,39.443999999999996,40.464,inf,186.024,186.024
145,T2,BESTEFFORT,CANCELLED,,36.902,"{'m1-1': 114.28, 'm2-1': 10.59, 'm3-1': 11.74, 'm4-1': 103.1, 'm5-1': 100.67, 'm6-1': 1.06, 'm7-1': 114.2, 'm8-1': 10.35}",0.0,inf,inf,inf,186.902,186.902
146,T1,BESTEFFORT,COMPLETED,m6-1,37.202,"{'m1-1': 107.55, 'm2-1': 9.26, 'm3-1': 10.7, 'm4-1': 95.03, 'm5-1': 103.49, 'm6-1': 1.12, 'm7-1': 98.16, 'm8-1': 9.85}",1.6800000000000002,42.684,43.803999999999995,inf,187.202,187.202
147,T2,BESTEFFORT,CANCELLED,,38.327,"{'m1-1': 100.86, 'm2-1': 11.31, 'm3-1': 11.2, 'm4-1': 107.56, 'm5-1': 96.76, 'm6-1': 1.04, 'm7-1': 106.16, 'm8-1': 11.09}",0.0,inf,inf,inf,188.327,188.327
148,T1,BESTEFFORT,COMPLETED,m6-1,38.499,"{'m1-1': 113.5, 'm2-1': 9.67, 'm3-1': 10.14, 'm4-1': 95.92, 'm5-1': 102.57, 'm6-1': 0.99, 'm7-1': 98.37, 'm8-1': 10.03}",1.4849999999999999,147.65399999999997,148.64399999999998,inf,188.499,188.499
149,T2,BESTEFFORT,CANCELLED,,38.667,"{'m1-1': 103.92, 'm2-1': 11.49, 'm3-1': 10.26, 'm4-1': 98.68, 'm5-1': 103.75, 'm6-1': 1.03, 'm7-1': 107.8, 'm8-1': 10.09}",0.0,inf,inf,inf,188.667,188.667
150,T1,BESTEFFORT,CANCELLED,,38.901,"{'m1-1': 98.35, 'm2-1': 10.07, 'm3-1': 9.93, 'm4-1': 102.52, 'm5-1': 118.19, 'm6-1': 1.11, 'm7-1': 97.79, 'm8-1': 11.4}",0.0,inf,inf,inf,188.901,188.901
151,T1,BESTEFFORT,CANCELLED,,39.213,"{'m1-1': 97.49, 'm2-1': 10.84, 'm3-1': 10.01, 'm4-1': 105.26, 'm5-1': 103.66, 'm6-1': 1.05, 'm7-1': 112.64, 'm8-1': 11.05}",0.0,inf,inf,inf,189.213,189.213
152,T1,BESTEFFORT,CANCELLED,,39.321,"{'m1-1': 112.61, 'm2-1': 9.96, 'm3-1': 11.06, 'm4-1': 93.22, 'm5-1': 117.85, 'm6-1': 0.98, 'm7-1': 113.38, 'm8-1': 10.34}",0.0,inf,inf,inf,189.321,189.321
153,T1,BESTEFFORT,COMPLETED,m6-1,39.526,"{'m1-1': 105.93, 'm2-1': 9.47, 'm3-1': 10.34, 'm4-1': 99.55, 'm5-1': 104.18, 'm6-1': 1.1, 'm7-1': 105.96, 'm8-1': 10.99}",1.6500000000000001,45.754,46.854,inf,189.526,189.526
154,T3,BESTEFFORT,COMPLETED,m6-1,39.688,"{'m1-1': 99.3, 'm2-1': 11.12, 'm3-1': 10.25, 'm4-1': 103.1, 'm5-1': 96.35, 'm6-1': 1.1, 'm7-1': 105.39, 'm8-1': 10.35}",1.6500000000000001,51.14399999999999,52.24399999999999,inf,189.688,189.688
155,T1,BESTEFFORT,CANCELLED,,39.749,"{'m1-1': 111.35, 'm2-1': 10.71, 'm3-1': 10.92, 'm4-1': 93.11, 'm5-1': 104.55, 'm6-1': 1.13, 'm7-1': 102.2, 'm8-1': 11.3}",0.0,inf,inf,inf,189.749,189.749
156,T4,BESTEFFORT,COMPLETED,m3-1,39.754,"{'m1-1': 108.69, 'm2-1': 11.26, 'm3-1': 10.27, 'm4-1': 115.78, 'm5-1': 110.43, 'm6-1': 1.04, 'm7-1': 117.63, 'm8-1': 10.3}",15.405,92.14699999999999,102.41699999999999,inf,189.754,189.754
157,T2,BESTEFFORT,COMPLETED,m6-1,39.786,"{'m1-1': 106.44, 'm2-1': 10.78, 'm3-1': 10.97, 'm4-1': 104.96, 'm5-1': 105.06, 'm6-1': 0.96, 'm7-1': 98.95, 'm8-1': 9.78}",1.44,43.803999999999995,44.763999999999996,inf,189.786,189.786
158,T3,BESTEFFORT,CANCELLED,,39.837,"{'m1-1': 97.37, 'm2-1': 11.28, 'm3-1': 9.7, 'm4-1': 100.87, 'm5-1': 110.5, 'm6-1': 1.0, 'm7-1': 99.56, 'm8-1': 10.0}",0.0,inf,inf,inf,189.837,189.837
159,T2,BESTEFFORT,COMPLETED,m6-1,39.979,"{'m1-1': 115.18, 'm2-1': 10.48, 'm3-1': 10.81, 'm4-1': 106.96, 'm5-1': 113.67, 'm6-1': 0.99, 'm7-1': 99.88, 'm8-1': 9.98}",1.4849999999999999,44.763999999999996,45.754,inf,189.97899999999998,189.97899999999998
160,T1,BESTEFFORT,COMPLETED,m6-1,40.615,"{'m1-1': 108.39, 'm2-1': 10.57, 'm3-1': 10.12, 'm4-1': 96.66, 'm5-1': 109.77, 'm6-1': 1.05, 'm7-1': 106.53, 'm8-1': 10.83}",1.5750000000000002,47.974,49.023999999999994,inf,190.615,190.615
161,T3,BESTEFFORT,COMPLETED,m8-1,40.793,"{'m1-1': 106.42, 'm2-1': 10.78, 'm3-1': 11.08, 'm4-1': 97.98, 'm5-1': 94.78, 'm6-1': 1.04, 'm7-1': 98.22, 'm8-1': 10.04}",15.059999999999999,92.163,102.203,inf,190.793,190.793
162,T1,BESTEFFORT,COMPLETED,m6-1,40.912,"{'m1-1': 100.18, 'm2-1': 9.36, 'm3-1': 9.79, 'm4-1': 97.63, 'm5-1': 103.54, 'm6-1': 1.12, 'm7-1': 103.22, 'm8-1': 11.16}",1.6800000000000002,46.854,47.974,inf,190.912,190.912
163,T2,BESTEFFORT,CANCELLED,,41.094,"{'m1-1': 112.96, 'm2-1': 10.32, 'm3-1': 9.93, 'm4-1': 109.13, 'm5-1': 113.31, 'm6-1': 0.99, 'm7-1': 112.26, 'm8-1': 10.86}",0.0,inf,inf,inf,191.094,191.094
164,T1,BESTEFFORT,CANCELLED,,41.313,"{'m1-1': 110.07, 'm2-1': 10.86, 'm3-1': 10.71, 'm4-1': 107.75, 'm5-1': 105.05, 'm6-1': 1.06, 'm7-1': 111.24, 'm8-1': 10.98}",0.0,inf,inf,inf,191.313,191.313
165,T1,BESTEFFORT,CANCELLED,,41.397,"{'m1-1': 111.09, 'm2-1': 10.41, 'm3-1': 9.82, 'm4-1': 93.13, 'm5-1': 108.61, 'm6-1': 1.1, 'm7-1': 108.0, 'm8-1': 10.71}",0.0,inf,inf,inf,191.397,191.397
166,T2,BESTEFFORT,CANCELLED,,41.445,"{'m1-1': 103.5, 'm2-1': 10.75, 'm3-1': 10.1, 'm4-1': 106.96, 'm5-1': 103.14, 'm6-1': 1.01, 'm7-1': 106.19, 'm8-1': 10.57}",0.0,inf,inf,inf,191.445,191.445
167,T3,BESTEFFORT,COMPLETED,m6-1,41.456,"{'m1-1': 99.69, 'm2-1': 10.42, 'm3-1': 10.98, 'm4-1': 110.96, 'm5-1': 108.21, 'm6-1': 1.14, 'm7-1': 104.95, 'm8-1': 9.95}",1.71,166.724,167.86399999999998,inf,191.45600000000002,191.45600000000002
168,T3,BESTEFFORT,COMPLETED,m8-1,41.975,"{'m1-1': 103.76, 'm2-1': 10.68, 'm3-1': 10.18, 'm4-1': 112.17, 'm5-1': 108.83, 'm6-1': 1.16, 'm7-1': 113.57, 'm8-1': 9.29}",13.934999999999999,73.323,82.613,inf,191.975,191.975
169,T2,BESTEFFORT,CANCELLED,,42.159,"{'m1-1': 101.77, 'm2-1': 10.48, 'm3-1': 11.35, 'm4-1': 106.96, 'm5-1': 101.53, 'm6-1': 1.03, 'm7-1': 105.62, 'm8-1': 11.24}",0.0,inf,inf,inf,192.159,192.159
170,T2,BESTEFFORT,CANCELLED,,42.451,"{'m1-1': 113.31, 'm2-1': 10.82, 'm3-1': 10.98, 'm4-1': 103.65, 'm5-1': 109.65, 'm6-1': 1.03, 'm7-1': 102.65, 'm8-1': 11.34}",0.0,inf,inf,inf,192.451,192.451
171,T1,BESTEFFORT,COMPLETED,m6-1,42.652,"{'m1-1': 113.35, 'm2-1': 10.79, 'm3-1': 9.83, 'm4-1': 106.38, 'm5-1': 110.94, 'm6-1': 1.11, 'm7-1': 100.49, 'm8-1': 11.45}",1.665,167.86399999999998,168.974,inf,192.652,192.652
172,T4,BESTEFFORT,COMPLETED,m6-1,42.768,"{'m1-1': 99.73, 'm2-1': 10.32, 'm3-1': 9.26, 'm4-1': 113.72, 'm5-1': 108.23, 'm6-1': 1.11, 'm7-1': 112.32, 'm8-1': 10.17}",1.665,61.63399999999999,62.74399999999999,inf,192.768,192.768
173,T1,BESTEFFORT,COMPLETED,m2-1,42.994,"{'m1-1': 102.17, 'm2-1': 9.51, 'm3-1': 10.76, 'm4-1': 107.86, 'm5-1': 106.34, 'm6-1': 1.0, 'm7-1': 108.33, 'm8-1': 11.05}",14.265,73.275,82.78500000000001,inf,192.994,192.994
174,T4,BESTEFFORT,CANCELLED,,43.164,"{'m1-1': 109.09, 'm2-1': 11.0, 'm3-1': 9.43, 'm4-1': 108.14, 'm5-1': 99.4, 'm6-1': 1.05, 'm7-1': 103.81, 'm8-1': 9.95}",0.0,inf,inf,inf,193.164,193.164
175,T2,BESTEFFORT,COMPLETED,m6-1,43.209,"{'m1-1': 103.85, 'm2-1': 9.8, 'm3-1': 10.39, 'm4-1': 100.12, 'm5-1': 101.18, 'm6-1': 1.08, 'm7-1': 113.96, 'm8-1': 10.7}",1.62,50.06399999999999,51.14399999999999,inf,193.209,193.209
176,T3,BESTEFFORT,CANCELLED,,43.277,"{'m1-1': 100.35, 'm2-1': 10.97, 'm3-1': 10.32, 'm4-1': 103.44, 'm5-1': 96.98, 'm6-1': 1.13, 'm7-1': 110.83, 'm8-1': 9.82}",0.0,inf,inf,inf,193.277,193.277
177,T2,BESTEFFORT,CANCELLED,,43.362,"{'m1-1': 117.24, 'm2-1': 10.59, 'm3-1': 11.04, 'm4-1': 101.5, 'm5-1': 97.49, 'm6-1': 1.07, 'm7-1': 113.71, 'm8-1': 11.45}",0.0,inf,inf,inf,193.362,193.362
178,T3,BESTEFFORT,COMPLETED,m6-1,43.667,"{'m1-1': 111.1, 'm2-1': 11.68, 'm3-1': 10.07, 'm4-1': 111.19, 'm5-1': 102.19, 'm6-1': 0.99, 'm7-1': 108.42, 'm8-1': 10.34}",1.4849999999999999,168.974,169.964,inf,193.667,193.667
179,T1,BESTEFFORT,COMPLETED,m6-1,43.723,"{'m1-1': 100.95, 'm2-1': 9.91, 'm3-1': 10.26, 'm4-1': 98.34, 'm5-1': 103.94, 'm6-1': 1.12, 'm7-1': 98.34, 'm8-1': 11.32}",1.6800000000000002,183.77399999999997,184.89399999999998,inf,193.723,193.723
180,T4,BESTEFFORT,CANCELLED,,43.859,"{'m1-1': 100.37, 'm2-1': 11.4, 'm3-1': 10.37, 'm4-1': 106.02, 'm5-1': 101.39, 'm6-1': 0.98, 'm7-1': 118.01, 'm8-1': 11.07}",0.0,inf,inf,inf,193.859,193.859
181,T1,BESTEFFORT,COMPLETED,m2-1,43.966,"{'m1-1': 103.55, 'm2-1': 10.09, 'm3-1': 9.99, 'm4-1': 109.64, 'm5-1': 101.89, 'm6-1': 1.03, 'm7-1': 99.88, 'm8-1': 11.37}",15.135,123.59500000000001,133.685,inf,193.966,193.966
182,T3,BESTEFFORT,MISSED,m7-1,44.178,"{'m1-1': 104.74, 'm2-1': 11.12, 'm3-1': 10.35, 'm4-1': 98.06, 'm5-1': 97.16, 'm6-1': 1.03, 'm7-1': 112.56, 'm8-1': 9.52}",53.576999999999984,158.46,inf,194.178,194.178,194.178
183,T2,BESTEFFORT,CANCELLED,,44.318,"{'m1-1': 117.64, 'm2-1': 10.67, 'm3-1': 11.01, 'm4-1': 104.95, 'm5-1': 106.77, 'm6-1': 1.11, 'm7-1': 103.7, 'm8-1': 10.47}",0.0,inf,inf,inf,194.31799999999998,194.31799999999998
184,T4,BESTEFFORT,COMPLETED,m6-1,44.362,"{'m1-1': 103.56, 'm2-1': 10.89, 'm3-1': 9.65, 'm4-1': 115.64, 'm5-1': 106.89, 'm6-1': 1.05, 'm7-1': 109.79, 'm8-1': 10.66}",1.5750000000000002,169.964,171.014,inf,194.362,194.362
185,T1,BESTEFFORT,COMPLETED,m6-1,44.429,"{'m1-1': 112.46, 'm2-1': 9.36, 'm3-1': 9.85, 'm4-1': 106.24, 'm5-1': 109.87, 'm6-1': 1.0, 'm7-1': 113.97, 'm8-1': 9.82}",1.5,171.014,172.014,inf,194.429,194.429
186,T3,BESTEFFORT,CANCELLED,,44.563,"{'m1-1': 95.3, 'm2-1': 10.44, 'm3-1': 9.73, 'm4-1': 101.58, 'm5-1': 112.05, 'm6-1': 1.12, 'm7-1': 104.95, 'm8-1': 9.64}",0.0,inf,inf,inf,194.563,194.563
187,T1,BESTEFFORT,COMPLETED,m6-1,44.849,"{'m1-1': 98.9, 'm2-1': 9.53, 'm3-1': 9.96, 'm4-1': 104.99, 'm5-1': 108.2, 'm6-1': 1.04, 'm7-1': 103.74, 'm8-1': 9.75}",1.56,49.023999999999994,50.06399999999999,inf,194.849,194.849
188,T2,BESTEFFORT,COMPLETED,m6-1,44.954,"{'m1-1': 107.88, 'm2-1': 9.79, 'm3-1': 11.44, 'm4-1': 105.05, 'm5-1': 109.24, 'm6-1': 1.12, 'm7-1': 109.07, 'm8-1': 10.94}",1.6800000000000002,172.014,173.13400000000001,inf,194.954,194.954
189,T4,BESTEFFORT,CANCELLED,,45.016,"{'m1-1': 101.75, 'm2-1': 9.88, 'm3-1': 10.15, 'm4-1': 109.84, 'm5-1': 101.6, 'm6-1': 1.05, 'm7-1': 117.38, 'm8-1': 10.88}",0.0,inf,inf,inf,195.016,195.016
190,T1,BESTEFFORT,MISSED,m4-1,45.02,"{'m1-1': 98.86, 'm2-1': 9.5, 'm3-1': 9.98, 'm4-1': 95.4, 'm5-1': 108.69, 'm6-1': 1.1, 'm7-1': 100.32, 'm8-1': 10.01}",54.199500000000015,158.887,inf,195.02,195.02,195.02
191,T4,BESTEFFORT,COMPLETED,m6-1,46.259,"{'m1-1': 105.15, 'm2-1': 10.82, 'm3-1': 9.21, 'm4-1': 111.5, 'm5-1': 107.88, 'm6-1': 1.01, 'm7-1': 107.22, 'm8-1': 9.51}",1.5150000000000001,148.64399999999998,149.65399999999997,inf,196.25900000000001,196.25900000000001
192,T1,BESTEFFORT,CANCELLED,,46.821,"{'m1-1': 103.46, 'm2-1': 9.62, 'm3-1': 10.25, 'm4-1': 106.9, 'm5-1': 112.7, 'm6-1': 1.1, 'm7-1': 99.74, 'm8-1': 10.07}",0.0,inf,inf,inf,196.821,196.821
193,T1,BESTEFFORT,CANCELLED,,47.145,"{'m1-1': 104.02, 'm2-1': 10.46, 'm3-1': 9.75, 'm4-1': 94.7, 'm5-1': 106.02, 'm6-1': 1.01, 'm7-1': 101.41, 'm8-1': 10.53}",0.0,inf,inf,inf,197.145,197.145
194,T4,BESTEFFORT,CANCELLED,,47.224,"{'m1-1': 102.88, 'm2-1': 10.4, 'm3-1': 10.86, 'm4-1': 116.05, 'm5-1': 101.46, 'm6-1': 1.09, 'm7-1': 113.21, 'm8-1': 9.62}",0.0,inf,inf,inf,197.224,197.224
195,T3,BESTEFFORT,CANCELLED,,47.504,"{'m1-1': 99.97, 'm2-1': 10.14, 'm3-1': 10.91, 'm4-1': 94.55, 'm5-1': 102.99, 'm6-1': 1.15, 'm7-1': 101.32, 'm8-1': 10.51}",0.0,inf,inf,inf,197.504,197.504
196,T1,BESTEFFORT,COMPLETED,m6-1,47.73,"{'m1-1': 105.77, 'm2-1': 10.27, 'm3-1': 11.52, 'm4-1': 107.78, 'm5-1': 109.31, 'm6-1': 0.98, 'm7-1': 98.74, 'm8-1': 9.91}",1.47,52.24399999999999,53.22399999999999,inf,197.73,197.73
197,T2,BESTEFFORT,COMPLETED,m6-1,47.968,"{'m1-1': 103.57, 'm2-1': 11.31, 'm3-1': 9.95, 'm4-1': 108.03, 'm5-1': 111.6, 'm6-1': 1.1, 'm7-1': 113.09, 'm8-1': 11.25}",1.6500000000000001,173.13400000000001,174.234,inf,197.96800000000002,197.96800000000002
198,T4,BESTEFFORT,COMPLETED,m6-1,48.071,"{'m1-1': 97.26, 'm2-1': 11.37, 'm3-1': 10.17, 'm4-1': 111.47, 'm5-1': 108.25, 'm6-1': 1.13, 'm7-1': 109.96, 'm8-1': 10.94}",1.6949999999999998,63.78399999999999,64.91399999999999,inf,198.071,198.071
199,T2,BESTEFFORT,CANCELLED,,48.411,"{'m1-1': 99.59, 'm2-1': 11.47, 'm3-1': 11.51, 'm4-1': 98.99, 'm5-1': 102.37, 'm6-1': 0.97, 'm7-1': 97.12, 'm8-1': 10.45}",0.0,inf,inf,inf,198.411,198.411
200,T4,BESTEFFORT,CANCELLED,,48.795,"{'m1-1': 108.6, 'm2-1': 10.55, 'm3-1': 10.84, 'm4-1': 113.68, 'm5-1': 111.47, 'm6-1': 1.14, 'm7-1': 113.39, 'm8-1': 10.1}",0.0,inf,inf,inf,198.79500000000002,198.79500000000002
201,T4,BESTEFFORT,MISSED,m1-1,49.385,"{'m1-1': 108.44, 'm2-1': 10.42, 'm3-1': 10.16, 'm4-1': 102.96, 'm5-1': 108.78, 'm6-1': 0.98, 'm7-1': 117.08, 'm8-1': 10.07}",0.0,216.112,inf,216.112,199.385,199.385
202,T4,BESTEFFORT,COMPLETED,m3-1,49.916,"{'m1-1': 107.95, 'm2-1': 10.28, 'm3-1': 9.37, 'm4-1': 114.73, 'm5-1': 96.74, 'm6-1': 1.1, 'm7-1': 104.3, 'm8-1': 11.19}",14.055,82.77699999999999,92.14699999999999,inf,199.916,199.916
203,T3,BESTEFFORT,CANCELLED,,50.014,"{'m1-1': 100.29, 'm2-1': 10.99, 'm3-1': 9.91, 'm4-1': 109.11, 'm5-1': 103.81, 'm6-1': 1.07, 'm7-1': 112.4, 'm8-1': 9.96}",0.0,inf,inf,inf,200.014,200.014
204,T4,BESTEFFORT,COMPLETED,m6-1,50.051,"{'m1-1': 110.82, 'm2-1': 9.74, 'm3-1': 9.97, 'm4-1': 103.44, 'm5-1': 108.7, 'm6-1': 1.14, 'm7-1': 107.67, 'm8-1': 10.19}",1.71,64.91399999999999,66.05399999999999,inf,200.051,200.051
205,T4,BESTEFFORT,CANCELLED,,51.225,"{'m1-1': 111.73, 'm2-1': 10.4, 'm3-1': 10.61, 'm4-1': 115.7, 'm5-1': 106.87, 'm6-1': 1.0, 'm7-1': 104.82, 'm8-1': 9.86}",0.0,inf,inf,inf,201.225,201.225
206,T4,BESTEFFORT,COMPLETED,m6-1,51.422,"{'m1-1': 98.89, 'm2-1': 10.72, 'm3-1': 9.34, 'm4-1': 109.29, 'm5-1': 105.49, 'm6-1': 1.04, 'm7-1': 109.98, 'm8-1': 9.8}",1.56,55.33399999999999,56.37399999999999,inf,201.422,201.422
207,T3,BESTEFFORT,COMPLETED,m6-1,51.695,"{'m1-1': 109.74, 'm2-1': 10.57, 'm3-1': 11.21, 'm4-1': 98.84, 'm5-1': 99.88, 'm6-1': 1.11, 'm7-1': 100.13, 'm8-1': 9.73}",1.665,56.37399999999999,57.48399999999999,inf,201.695,201.695
208,T3,BESTEFFORT,CANCELLED,,51.73,"{'m1-1': 100.92, 'm2-1': 10.28, 'm3-1': 10.73, 'm4-1': 97.24, 'm5-1': 106.63, 'm6-1': 1.03, 'm7-1': 105.58, 'm8-1': 9.73}",0.0,inf,inf,inf,201.73,201.73
209,T2,BESTEFFORT,CANCELLED,,52.372,"{'m1-1': 116.44, 'm2-1': 11.08, 'm3-1': 10.17, 'm4-1': 104.7, 'm5-1': 113.98, 'm6-1': 1.02, 'm7-1': 113.19, 'm8-1': 10.42}",0.0,inf,inf,inf,202.372,202.372
210,T1,BESTEFFORT,CANCELLED,,53.368,"{'m1-1': 103.02, 'm2-1': 9.25, 'm3-1': 10.98, 'm4-1': 103.62, 'm5-1': 104.24, 'm6-1': 0.97, 'm7-1': 102.1, 'm8-1': 10.8}",0.0,inf,inf,inf,203.368,203.368
211,T2,BESTEFFORT,COMPLETED,m6-1,54.055,"{'m1-1': 109.16, 'm2-1': 11.46, 'm3-1': 9.95, 'm4-1': 101.76, 'm5-1': 104.0, 'm6-1': 0.95, 'm7-1': 109.94, 'm8-1': 10.89}",1.4249999999999998,57.48399999999999,58.43399999999999,inf,204.055,204.055
212,T3,BESTEFFORT,COMPLETED,m6-1,54.601,"{'m1-1': 103.27, 'm2-1': 11.35, 'm3-1': 11.17, 'm4-1': 107.57, 'm5-1': 104.03, 'm6-1': 1.01, 'm7-1': 113.21, 'm8-1': 9.5}",1.5150000000000001,58.43399999999999,59.44399999999999,inf,204.601,204.601
213,T4,BESTEFFORT,CANCELLED,,55.575,"{'m1-1': 105.36, 'm2-1': 9.84, 'm3-1': 10.58, 'm4-1': 99.02, 'm5-1': 96.43, 'm6-1': 1.01, 'm7-1': 105.63, 'm8-1': 10.03}",0.0,inf,inf,inf,205.575,205.575
214,T2,BESTEFFORT,CANCELLED,,56.133,"{'m1-1': 112.55, 'm2-1': 10.29, 'm3-1': 9.97, 'm4-1': 101.02, 'm5-1': 113.27, 'm6-1': 0.99, 'm7-1': 96.83, 'm8-1': 10.9}",0.0,inf,inf,inf,206.133,206.133
215,T2,BESTEFFORT,COMPLETED,m6-1,56.526,"{'m1-1': 115.74, 'm2-1': 11.48, 'm3-1': 10.41, 'm4-1': 97.12, 'm5-1': 97.63, 'm6-1': 1.0, 'm7-1': 97.78, 'm8-1': 11.06}",1.5,203.01399999999998,204.01399999999998,inf,206.526,206.526
216,T1,BESTEFFORT,COMPLETED,m6-1,57.271,"{'m1-1': 99.93, 'm2-1': 10.39, 'm3-1': 11.22, 'm4-1': 101.86, 'm5-1': 114.83, 'm6-1': 1.01, 'm7-1': 99.46, 'm8-1': 10.4}",1.5150000000000001,174.234,175.244,inf,207.27100000000002,207.27100000000002
217,T4,BESTEFFORT,CANCELLED,,57.311,"{'m1-1': 98.21, 'm2-1': 10.4, 'm3-1': 9.84, 'm4-1': 103.79, 'm5-1': 97.58, 'm6-1': 1.11, 'm7-1': 118.78, 'm8-1': 10.46}",0.0,inf,inf,inf,207.311,207.311
218,T3,BESTEFFORT,MISSED,m1-1,57.606,"{'m1-1': 95.08, 'm2-1': 10.24, 'm3-1': 9.71, 'm4-1': 97.4, 'm5-1': 110.68, 'm6-1': 1.06, 'm7-1': 109.66, 'm8-1': 10.08}",0.0,216.112,inf,216.112,207.606,207.606
219,T1,BESTEFFORT,MISSED,m2-1,57.685,"{'m1-1': 99.15, 'm2-1': 10.02, 'm3-1': 11.02, 'm4-1': 101.31, 'm5-1': 118.89, 'm6-1': 0.96, 'm7-1': 101.22, 'm8-1': 11.2}",0.0,222.565,inf,222.565,207.685,207.685
220,T4,BESTEFFORT,MISSED,m6-1,57.901,"{'m1-1': 97.94, 'm2-1': 10.9, 'm3-1': 9.64, 'm4-1': 115.09, 'm5-1': 99.24, 'm6-1': 1.09, 'm7-1': 115.98, 'm8-1': 10.99}",0.0,211.25400000000002,inf,211.25400000000002,207.901,207.901
221,T2,BESTEFFORT,COMPLETED,m6-1,58.478,"{'m1-1': 103.27, 'm2-1': 10.54, 'm3-1': 10.7, 'm4-1': 103.41, 'm5-1': 100.9, 'm6-1': 0.98, 'm7-1': 109.96, 'm8-1': 9.9}",1.47,67.12399999999998,68.10399999999998,inf,208.478,208.478
222,T1,BESTEFFORT,COMPLETED,m6-1,58.883,"{'m1-1': 105.93, 'm2-1': 9.6, 'm3-1': 10.17, 'm4-1': 93.48, 'm5-1': 113.6, 'm6-1': 1.04, 'm7-1': 112.0, 'm8-1': 10.84}",1.56,62.74399999999999,63.78399999999999,inf,208.883,208.883
223,T3,BESTEFFORT,MISSED,m8-1,59.249,"{'m1-1': 99.56, 'm2-1': 10.87, 'm3-1': 9.77, 'm4-1': 96.25, 'm5-1': 111.5, 'm6-1': 1.01, 'm7-1': 103.99, 'm8-1': 10.94}",0.0,221.59299999999996,inf,221.59299999999996,209.249,209.249
224,T2,BESTEFFORT,COMPLETED,m6-1,59.599,"{'m1-1': 102.72, 'm2-1': 10.32, 'm3-1': 11.55, 'm4-1': 110.55, 'm5-1': 97.01, 'm6-1': 0.99, 'm7-1': 102.85, 'm8-1': 10.7}",1.4849999999999999,83.704,84.69399999999999,inf,209.599,209.599
225,T2,BESTEFFORT,CANCELLED,,59.69,"{'m1-1': 105.74, 'm2-1': 10.72, 'm3-1': 11.48, 'm4-1': 99.96, 'm5-1': 114.1, 'm6-1': 1.01, 'm7-1': 98.32, 'm8-1': 10.95}",0.0,inf,inf,inf,209.69,209.69
226,T3,BESTEFFORT,CANCELLED,,59.905,"{'m1-1': 107.36, 'm2-1': 10.89, 'm3-1': 10.28, 'm4-1': 96.07, 'm5-1': 100.9, 'm6-1': 1.08, 'm7-1': 114.13, 'm8-1': 10.66}",0.0,inf,inf,inf,209.905,209.905
227,T1,BESTEFFORT,CANCELLED,,60.233,"{'m1-1': 99.82, 'm2-1': 10.84, 'm3-1': 9.77, 'm4-1': 95.74, 'm5-1': 117.04, 'm6-1': 1.01, 'm7-1': 114.18, 'm8-1': 9.76}",0.0,inf,inf,inf,210.233,210.233
228,T1,BESTEFFORT,CANCELLED,,60.255,"{'m1-1': 108.24, 'm2-1': 10.09, 'm3-1': 10.4, 'm4-1': 97.63, 'm5-1': 113.08, 'm6-1': 1.0, 'm7-1': 109.22, 'm8-1': 10.18}",0.0,inf,inf,inf,210.255,210.255
229,T4,BESTEFFORT,MISSED,m6-1,60.293,"{'m1-1': 109.08, 'm2-1': 9.73, 'm3-1': 9.14, 'm4-1': 105.03, 'm5-1': 99.69, 'm6-1': 1.02, 'm7-1': 116.74, 'm8-1': 11.2}",0.0,211.25400000000002,inf,211.25400000000002,210.293,210.293
230,T1,BESTEFFORT,COMPLETED,m2-1,60.619,"{'m1-1': 113.44, 'm2-1': 9.76, 'm3-1': 10.21, 'm4-1': 106.01, 'm5-1': 103.53, 'm6-1': 1.0, 'm7-1': 112.96, 'm8-1': 10.37}",14.64,93.04500000000002,102.80500000000002,inf,210.619,210.619
231,T4,BESTEFFORT,CANCELLED,,60.696,"{'m1-1': 109.41, 'm2-1': 9.74, 'm3-1': 9.83, 'm4-1': 102.02, 'm5-1': 98.2, 'm6-1': 1.03, 'm7-1': 101.84, 'm8-1': 9.93}",0.0,inf,inf,inf,210.696,210.696
232,T4,BESTEFFORT,CANCELLED,,61.056,"{'m1-1': 109.74, 'm2-1': 9.84, 'm3-1': 10.03, 'm4-1': 100.94, 'm5-1': 107.3, 'm6-1': 1.12, 'm7-1': 103.99, 'm8-1': 10.24}",0.0,inf,inf,inf,211.05599999999998,211.05599999999998
233,T2,BESTEFFORT,CANCELLED,,61.524,"{'m1-1': 107.3, 'm2-1': 10.71, 'm3-1': 10.26, 'm4-1': 96.14, 'm5-1': 98.76, 'm6-1': 1.06, 'm7-1': 105.0, 'm8-1': 9.76}",0.0,inf,inf,inf,211.524,211.524
234,T4,BESTEFFORT,COMPLETED,m6-1,61.617,"{'m1-1': 100.0, 'm2-1': 10.94, 'm3-1': 10.41, 'm4-1': 115.13, 'm5-1': 106.98, 'm6-1': 1.16, 'm7-1': 116.8, 'm8-1': 9.58}",1.7399999999999998,175.244,176.404,inf,211.617,211.617
235,T1,BESTEFFORT,COMPLETED,m2-1,62.544,"{'m1-1': 111.94, 'm2-1': 10.17, 'm3-1': 11.1, 'm4-1': 99.5, 'm5-1': 116.16, 'm6-1': 1.12, 'm7-1': 99.53, 'm8-1': 10.48}",15.254999999999999,181.595,191.765,inf,212.54399999999998,212.54399999999998
236,T4,BESTEFFORT,COMPLETED,m6-1,62.574,"{'m1-1': 102.29, 'm2-1': 10.09, 'm3-1': 10.43, 'm4-1': 98.74, 'm5-1': 97.83, 'm6-1': 1.07, 'm7-1': 111.7, 'm8-1': 11.08}",1.605,66.05399999999999,67.12399999999998,inf,212.574,212.574
237,T3,BESTEFFORT,MISSED,m8-1,63.309,"{'m1-1': 107.76, 'm2-1': 10.17, 'm3-1': 11.15, 'm4-1': 97.4, 'm5-1': 107.39, 'm6-1': 1.06, 'm7-1': 111.55, 'm8-1': 9.57}",0.0,221.59299999999996,inf,221.59299999999996,213.309,213.309
238,T4,BESTEFFORT,CANCELLED,,63.669,"{'m1-1': 100.24, 'm2-1': 10.09, 'm3-1': 10.33, 'm4-1': 106.64, 'm5-1': 108.2, 'm6-1': 1.12, 'm7-1': 118.17, 'm8-1': 11.03}",0.0,inf,inf,inf,213.66899999999998,213.66899999999998
239,T3,BESTEFFORT,CANCELLED,,63.848,"{'m1-1': 103.58, 'm2-1': 10.81, 'm3-1': 9.55, 'm4-1': 110.89, 'm5-1': 102.58, 'm6-1': 1.09, 'm7-1': 105.19, 'm8-1': 10.14}",0.0,inf,inf,inf,213.848,213.848
240,T1,BESTEFFORT,CANCELLED,,63.953,"{'m1-1': 106.79, 'm2-1': 10.68, 'm3-1': 11.03, 'm4-1': 98.38, 'm5-1': 101.76, 'm6-1': 1.01, 'm7-1': 103.1, 'm8-1': 9.85}",0.0,inf,inf,inf,213.953,213.953
241,T2,BESTEFFORT,COMPLETED,m6-1,63.956,"{'m1-1': 110.63, 'm2-1': 10.43, 'm3-1': 10.34, 'm4-1': 113.63, 'm5-1': 100.66, 'm6-1': 1.01, 'm7-1': 98.7, 'm8-1': 9.75}",1.5150000000000001,68.10399999999998,69.11399999999999,inf,213.95600000000002,213.95600000000002
242,T1,BESTEFFORT,COMPLETED,m2-1,63.96,"{'m1-1': 103.6, 'm2-1': 10.72, 'm3-1': 11.43, 'm4-1': 100.88, 'm5-1': 103.46, 'm6-1': 1.11, 'm7-1': 101.95, 'm8-1': 10.18}",16.080000000000002,191.765,202.48499999999999,inf,213.96,213.96
243,T4,BESTEFFORT,CANCELLED,,64.048,"{'m1-1': 102.0, 'm2-1': 11.11, 'm3-1': 9.41, 'm4-1': 109.3, 'm5-1': 108.1, 'm6-1': 1.15, 'm7-1': 107.69, 'm8-1': 10.73}",0.0,inf,inf,inf,214.048,214.048
244,T3,BESTEFFORT,COMPLETED,m6-1,64.232,"{'m1-1': 104.33, 'm2-1': 11.38, 'm3-1': 9.76, 'm4-1': 107.93, 'm5-1': 107.7, 'm6-1': 1.08, 'm7-1': 103.93, 'm8-1': 9.59}",1.62,74.144,75.224,inf,214.232,214.232
245,T3,BESTEFFORT,COMPLETED,m6-1,64.249,"{'m1-1': 108.87, 'm2-1': 10.4, 'm3-1': 9.98, 'm4-1': 97.29, 'm5-1': 106.92, 'm6-1': 1.03, 'm7-1': 102.98, 'm8-1': 10.32}",1.545,75.224,76.254,inf,214.249,214.249
246,T3,BESTEFFORT,COMPLETED,m6-1,64.288,"{'m1-1': 107.32, 'm2-1': 10.84, 'm3-1': 10.53, 'm4-1': 112.04, 'm5-1': 97.52, 'm6-1': 1.11, 'm7-1': 97.93, 'm8-1': 9.25}",1.665,116.53399999999998,117.64399999999998,inf,214.288,214.288
247,T3,BESTEFFORT,CANCELLED,,64.342,"{'m1-1': 99.21, 'm2-1': 10.37, 'm3-1': 10.73, 'm4-1': 108.48, 'm5-1': 101.7, 'm6-1': 1.08, 'm7-1': 108.31, 'm8-1': 9.58}",0.0,inf,inf,inf,214.34199999999998,214.34199999999998
248,T3,BESTEFFORT,CANCELLED,,64.479,"{'m1-1': 110.71, 'm2-1': 11.13, 'm3-1': 10.33, 'm4-1': 105.33, 'm5-1': 101.19, 'm6-1': 1.05, 'm7-1': 101.4, 'm8-1': 10.01}",0.0,inf,inf,inf,214.47899999999998,214.47899999999998
249,T3,BESTEFFORT,MISSED,m8-1,64.513,"{'m1-1': 96.28, 'm2-1': 11.45, 'm3-1': 9.76, 'm4-1': 96.47, 'm5-1': 107.7, 'm6-1': 1.15, 'm7-1': 105.3, 'm8-1': 10.09}",0.0,221.59299999999996,inf,221.59299999999996,214.513,214.513
250,T2,BESTEFFORT,COMPLETED,m6-1,64.631,"{'m1-1': 113.26, 'm2-1': 11.22, 'm3-1': 10.56, 'm4-1': 110.82, 'm5-1': 104.43, 'm6-1': 0.99, 'm7-1': 112.84, 'm8-1': 10.85}",1.4849999999999999,76.254,77.244,inf,214.631,214.631
251,T3,BESTEFFORT,MISSED,m5-1,64.77,"{'m1-1': 104.89, 'm2-1': 10.44, 'm3-1': 11.04, 'm4-1': 98.26, 'm5-1': 98.82, 'm6-1': 0.99, 'm7-1': 102.71, 'm8-1': 10.27}",0.0,229.09300000000002,inf,229.09300000000002,214.76999999999998,214.76999999999998
252,T1,BESTEFFORT,CANCELLED,,65.277,"{'m1-1': 98.41, 'm2-1': 9.82, 'm3-1': 10.69, 'm4-1': 94.9, 'm5-1': 103.8, 'm6-1': 1.12, 'm7-1': 115.44, 'm8-1': 10.83}",0.0,inf,inf,inf,215.277,215.277
253,T1,BESTEFFORT,COMPLETED,m6-1,65.368,"{'m1-1': 113.6, 'm2-1': 10.72, 'm3-1': 10.98, 'm4-1': 104.99, 'm5-1': 104.89, 'm6-1': 1.01, 'm7-1': 111.65, 'm8-1': 10.72}",1.5150000000000001,211.25400000000002,212.264,inf,215.368,215.368
254,T2,BESTEFFORT,COMPLETED,m6-1,65.409,"{'m1-1': 102.88, 'm2-1': 10.64, 'm3-1': 9.99, 'm4-1': 106.72, 'm5-1': 114.61, 'm6-1': 1.02, 'm7-1': 99.59, 'm8-1': 10.26}",1.53,204.01399999999998,205.034,inf,215.409,215.409
255,T3,BESTEFFORT,CANCELLED,,65.555,"{'m1-1': 99.67, 'm2-1': 10.52, 'm3-1': 9.54, 'm4-1': 104.59, 'm5-1': 102.41, 'm6-1': 0.99, 'm7-1': 112.25, 'm8-1': 9.5}",0.0,inf,inf,inf,215.555,215.555
256,T1,BESTEFFORT,COMPLETED,m6-1,65.561,"{'m1-1': 108.06, 'm2-1': 9.32, 'm3-1': 10.73, 'm4-1': 104.85, 'm5-1': 110.76, 'm6-1': 1.09, 'm7-1': 112.47, 'm8-1': 10.85}",1.6350000000000002,69.11399999999999,70.204,inf,215.561,215.561
257,T3,BESTEFFORT,MISSED,m1-1,65.752,"{'m1-1': 101.95, 'm2-1': 10.47, 'm3-1': 10.68, 'm4-1': 100.68, 'm5-1': 109.12, 'm6-1': 1.01, 'm7-1': 105.45, 'm8-1': 9.24}",0.0,216.112,inf,216.112,215.752,215.752
258,T3,BESTEFFORT,COMPLETED,m6-1,65.95,"{'m1-1': 102.58, 'm2-1': 11.69, 'm3-1': 10.97, 'm4-1': 107.92, 'm5-1': 103.99, 'm6-1': 1.14, 'm7-1': 107.98, 'm8-1': 10.59}",1.71,80.414,81.554,inf,215.95,215.95
259,T3,BESTEFFORT,MISSED,m1-1,66.112,"{'m1-1': 102.43, 'm2-1': 10.19, 'm3-1': 9.57, 'm4-1': 110.16, 'm5-1': 110.53, 'm6-1': 1.12, 'm7-1': 103.67, 'm8-1': 9.43}",79.671,162.998,inf,216.112,216.112,216.112
260,T2,BESTEFFORT,COMPLETED,m6-1,66.403,"{'m1-1': 112.74, 'm2-1': 10.05, 'm3-1': 10.55, 'm4-1': 103.73, 'm5-1': 102.34, 'm6-1': 1.07, 'm7-1': 112.36, 'm8-1': 11.24}",1.605,81.554,82.624,inf,216.40300000000002,216.40300000000002
261,T2,BESTEFFORT,COMPLETED,m6-1,66.666,"{'m1-1': 103.07, 'm2-1': 11.48, 'm3-1': 11.49, 'm4-1': 104.5, 'm5-1': 103.03, 'm6-1': 0.95, 'm7-1': 107.8, 'm8-1': 10.3}",1.4249999999999998,70.204,71.154,inf,216.666,216.666
262,T2,BESTEFFORT,CANCELLED,,66.868,"{'m1-1': 109.61, 'm2-1': 11.16, 'm3-1': 10.73, 'm4-1': 108.19, 'm5-1': 113.76, 'm6-1': 1.13, 'm7-1': 113.98, 'm8-1': 10.44}",0.0,inf,inf,inf,216.868,216.868
263,T1,BESTEFFORT,COMPLETED,m6-1,66.874,"{'m1-1': 100.0, 'm2-1': 10.45, 'm3-1': 11.05, 'm4-1': 94.26, 'm5-1': 111.6, 'm6-1': 1.1, 'm7-1': 103.03, 'm8-1': 10.88}",1.6500000000000001,117.64399999999998,118.74399999999997,inf,216.874,216.874
264,T3,BESTEFFORT,CANCELLED,,67.26,"{'m1-1': 101.2, 'm2-1': 11.11, 'm3-1': 9.56, 'm4-1': 95.75, 'm5-1': 106.61, 'm6-1': 0.98, 'm7-1': 114.43, 'm8-1': 10.32}",0.0,inf,inf,inf,217.26,217.26
265,T1,BESTEFFORT,COMPLETED,m6-1,67.445,"{'m1-1': 97.08, 'm2-1': 9.62, 'm3-1': 10.12, 'm4-1': 96.28, 'm5-1': 118.89, 'm6-1': 1.11, 'm7-1': 110.42, 'm8-1': 9.75}",1.665,212.264,213.37400000000002,inf,217.445,217.445
266,T1,BESTEFFORT,COMPLETED,m6-1,67.458,"{'m1-1': 97.61, 'm2-1': 9.24, 'm3-1': 10.77, 'm4-1': 100.26, 'm5-1': 112.17, 'm6-1': 1.08, 'm7-1': 104.81, 'm8-1': 10.39}",1.62,213.37400000000002,214.45400000000004,inf,217.458,217.458
267,T2,BESTEFFORT,COMPLETED,m6-1,67.502,"{'m1-1': 111.16, 'm2-1': 10.7, 'm3-1': 10.15, 'm4-1': 113.18, 'm5-1': 97.56, 'm6-1': 1.04, 'm7-1': 105.2, 'm8-1': 10.37}",1.56,71.154,72.194,inf,217.502,217.502
268,T1,BESTEFFORT,COMPLETED,m6-1,67.751,"{'m1-1': 100.32, 'm2-1': 10.1, 'm3-1': 11.03, 'm4-1': 98.38, 'm5-1': 103.44, 'm6-1': 1.03, 'm7-1': 113.77, 'm8-1': 10.64}",1.545,184.89399999999998,185.92399999999998,inf,217.751,217.751
269,T3,BESTEFFORT,CANCELLED,,67.893,"{'m1-1': 107.34, 'm2-1': 10.15, 'm3-1': 10.92, 'm4-1': 109.46, 'm5-1': 102.18, 'm6-1': 1.1, 'm7-1': 103.49, 'm8-1': 10.83}",0.0,inf,inf,inf,217.893,217.893
270,T1,BESTEFFORT,COMPLETED,m6-1,68.331,"{'m1-1': 106.18, 'm2-1': 10.57, 'm3-1': 10.73, 'm4-1': 95.06, 'm5-1': 110.14, 'm6-1': 0.98, 'm7-1': 103.44, 'm8-1': 10.05}",1.47,72.194,73.174,inf,218.33100000000002,218.33100000000002
271,T1,BESTEFFORT,COMPLETED,m2-1,68.478,"{'m1-1': 104.06, 'm2-1': 10.49, 'm3-1': 10.82, 'm4-1': 99.83, 'm5-1': 117.88, 'm6-1': 1.05, 'm7-1': 98.24, 'm8-1': 10.74}",15.735,102.80500000000002,113.29500000000002,inf,218.478,218.478
272,T1,BESTEFFORT,MISSED,m4-1,68.79,"{'m1-1': 101.8, 'm2-1': 10.64, 'm3-1': 10.22, 'm4-1': 107.94, 'm5-1': 102.63, 'm6-1': 1.06, 'm7-1': 114.99, 'm8-1': 9.93}",35.655000000000015,195.02,inf,218.79000000000002,218.79000000000002,218.79000000000002
273,T4,BESTEFFORT,COMPLETED,m6-1,69.048,"{'m1-1': 99.52, 'm2-1': 9.89, 'm3-1': 9.75, 'm4-1': 109.03, 'm5-1': 100.28, 'm6-1': 1.08, 'm7-1': 100.24, 'm8-1': 9.47}",1.62,214.45400000000004,215.53400000000005,inf,219.048,219.048
274,T1,BESTEFFORT,COMPLETED,m6-1,69.138,"{'m1-1': 107.1, 'm2-1': 10.65, 'm3-1': 10.78, 'm4-1': 100.1, 'm5-1': 105.83, 'm6-1': 1.08, 'm7-1': 105.7, 'm8-1': 9.91}",1.62,82.624,83.704,inf,219.138,219.138
275,T2,BESTEFFORT,COMPLETED,m6-1,69.278,"{'m1-1': 116.03, 'm2-1': 10.53, 'm3-1': 11.13, 'm4-1': 111.15, 'm5-1': 101.73, 'm6-1': 1.02, 'm7-1': 105.9, 'm8-1': 10.41}",1.53,149.65399999999997,150.67399999999998,inf,219.27800000000002,219.27800000000002
276,T3,BESTEFFORT,MISSED,m1-1,69.356,"{'m1-1': 110.11, 'm2-1': 9.96, 'm3-1': 9.62, 'm4-1': 98.33, 'm5-1': 101.06, 'm6-1': 1.15, 'm7-1': 107.44, 'm8-1': 9.4}",4.866,216.112,inf,219.356,219.356,219.356
277,T2,BESTEFFORT,COMPLETED,m6-1,69.78,"{'m1-1': 114.14, 'm2-1': 10.52, 'm3-1': 10.87, 'm4-1': 97.84, 'm5-1': 97.62, 'm6-1': 0.97, 'm7-1': 100.72, 'm8-1': 11.2}",1.455,73.174,74.144,inf,219.78,219.78
278,T1,BESTEFFORT,COMPLETED,m6-1,69.783,"{'m1-1': 108.46, 'm2-1': 9.53, 'm3-1': 11.26, 'm4-1': 107.85, 'm5-1': 105.92, 'm6-1': 1.06, 'm7-1': 110.08, 'm8-1': 10.71}",1.59,77.244,78.304,inf,219.78300000000002,219.78300000000002
279,T3,BESTEFFORT,CANCELLED,,70.461,"{'m1-1': 101.2, 'm2-1': 10.28, 'm3-1': 10.71, 'm4-1': 112.18, 'm5-1': 109.58, 'm6-1': 1.12, 'm7-1': 98.56, 'm8-1': 10.84}",0.0,inf,inf,inf,220.461,220.461
280,T3,BESTEFFORT,COMPLETED,m8-1,71.043,"{'m1-1': 109.88, 'm2-1': 10.76, 'm3-1': 10.96, 'm4-1': 97.68, 'm5-1': 107.68, 'm6-1': 1.06, 'm7-1': 97.75, 'm8-1': 10.04}",15.059999999999999,102.203,112.243,inf,221.043,221.043
281,T1,BESTEFFORT,COMPLETED,m6-1,71.113,"{'m1-1': 107.08, 'm2-1': 10.4, 'm3-1': 11.43, 'm4-1': 100.16, 'm5-1': 102.28, 'm6-1': 1.08, 'm7-1': 106.84, 'm8-1': 10.76}",1.62,185.92399999999998,187.004,inf,221.113,221.113
282,T4,BESTEFFORT,CANCELLED,,71.144,"{'m1-1': 112.66, 'm2-1': 10.7, 'm3-1': 9.94, 'm4-1': 105.26, 'm5-1': 109.93, 'm6-1': 1.09, 'm7-1': 113.9, 'm8-1': 10.93}",0.0,inf,inf,inf,221.144,221.144
283,T2,BESTEFFORT,COMPLETED,m6-1,71.449,"{'m1-1': 117.2, 'm2-1': 10.28, 'm3-1': 10.29, 'm4-1': 102.33, 'm5-1': 97.52, 'm6-1': 1.04, 'm7-1': 101.85, 'm8-1': 10.22}",1.56,118.74399999999997,119.78399999999998,inf,221.449,221.449
284,T4,BESTEFFORT,COMPLETED,m6-1,71.471,"{'m1-1': 108.55, 'm2-1': 10.75, 'm3-1': 9.93, 'm4-1': 106.76, 'm5-1': 110.01, 'm6-1': 1.03, 'm7-1': 118.75, 'm8-1': 10.05}",1.545,187.004,188.034,inf,221.471,221.471
285,T4,BESTEFFORT,COMPLETED,m3-1,71.831,"{'m1-1': 103.88, 'm2-1': 9.83, 'm3-1': 10.3, 'm4-1': 115.55, 'm5-1': 104.32, 'm6-1': 1.0, 'm7-1': 101.84, 'm8-1': 10.63}",15.450000000000001,102.41699999999999,112.71699999999998,inf,221.83100000000002,221.83100000000002
286,T3,BESTEFFORT,COMPLETED,m8-1,71.947,"{'m1-1': 94.74, 'm2-1': 11.44, 'm3-1': 11.25, 'm4-1': 100.1, 'm5-1': 106.05, 'm6-1': 1.13, 'm7-1': 101.63, 'm8-1': 10.43}",15.645,112.243,122.673,inf,221.947,221.947
287,T2,BESTEFFORT,COMPLETED,m6-1,72.035,"{'m1-1': 117.51, 'm2-1': 10.01, 'm3-1': 11.7, 'm4-1': 104.32, 'm5-1': 106.37, 'm6-1': 1.03, 'm7-1': 104.01, 'm8-1': 11.03}",1.545,79.384,80.414,inf,222.035,222.035
288,T4,BESTEFFORT,COMPLETED,m6-1,72.218,"{'m1-1': 107.15, 'm2-1': 10.18, 'm3-1': 10.24, 'm4-1': 108.67, 'm5-1': 96.3, 'm6-1': 1.0, 'm7-1': 99.99, 'm8-1': 10.88}",1.5,119.78399999999998,120.78399999999998,inf,222.21800000000002,222.21800000000002
289,T3,BESTEFFORT,CANCELLED,,72.566,"{'m1-1': 106.42, 'm2-1': 11.65, 'm3-1': 9.77, 'm4-1': 108.11, 'm5-1': 108.14, 'm6-1': 1.13, 'm7-1': 99.56, 'm8-1': 10.45}",0.0,inf,inf,inf,222.566,222.566
290,T2,BESTEFFORT,COMPLETED,m6-1,72.81,"{'m1-1': 115.3, 'm2-1': 10.12, 'm3-1': 11.37, 'm4-1': 105.51, 'm5-1': 98.95, 'm6-1': 1.06, 'm7-1': 112.33, 'm8-1': 10.67}",1.59,205.034,206.094,inf,222.81,222.81
291,T2,BESTEFFORT,COMPLETED,m6-1,73.781,"{'m1-1': 111.56, 'm2-1': 10.04, 'm3-1': 10.13, 'm4-1': 104.26, 'm5-1': 96.8, 'm6-1': 1.0, 'm7-1': 107.86, 'm8-1': 10.45}",1.5,120.78399999999998,121.78399999999998,inf,223.781,223.781
292,T4,BESTEFFORT,MISSED,m6-1,73.882,"{'m1-1': 111.74, 'm2-1': 10.77, 'm3-1': 10.85, 'm4-1': 110.13, 'm5-1': 99.06, 'm6-1': 0.99, 'm7-1': 110.25, 'm8-1': 10.38}",0.0,225.20400000000006,inf,225.20400000000006,223.882,223.882
293,T2,BESTEFFORT,COMPLETED,m6-1,74.022,"{'m1-1': 104.3, 'm2-1': 10.23, 'm3-1': 11.62, 'm4-1': 112.76, 'm5-1': 103.75, 'm6-1': 1.1, 'm7-1': 101.36, 'm8-1': 11.18}",1.6500000000000001,176.404,177.504,inf,224.022,224.022
294,T1,BESTEFFORT,COMPLETED,m6-1,74.157,"{'m1-1': 96.74, 'm2-1': 9.72, 'm3-1': 10.64, 'm4-1': 94.97, 'm5-1': 113.63, 'm6-1': 1.08, 'm7-1': 100.27, 'm8-1': 9.78}",1.62,78.304,79.384,inf,224.15699999999998,224.15699999999998
295,T1,BESTEFFORT,COMPLETED,m6-1,74.394,"{'m1-1': 102.79, 'm2-1': 10.6, 'm3-1': 10.27, 'm4-1': 94.26, 'm5-1': 108.94, 'm6-1': 1.02, 'm7-1': 113.63, 'm8-1': 9.99}",1.53,188.034,189.054,inf,224.394,224.394
296,T4,BESTEFFORT,CANCELLED,,75.689,"{'m1-1': 105.24, 'm2-1': 10.8, 'm3-1': 9.92, 'm4-1': 111.76, 'm5-1': 110.09, 'm6-1': 1.0, 'm7-1': 106.86, 'm8-1': 10.04}",0.0,inf,inf,inf,225.689,225.689
297,T3,BESTEFFORT,MISSED,m1-1,75.87,"{'m1-1': 108.87, 'm2-1': 11.21, 'm3-1': 11.17, 'm4-1': 111.56, 'm5-1': 100.19, 'm6-1': 1.13, 'm7-1': 110.84, 'm8-1': 9.78}",0.0,252.89,inf,252.89,225.87,225.87
298,T3,BESTEFFORT,CANCELLED,,76.03,"{'m1-1': 96.68, 'm2-1': 11.62, 'm3-1': 10.94, 'm4-1': 105.34, 'm5-1': 96.68, 'm6-1': 1.04, 'm7-1': 113.76, 'm8-1': 10.18}",0.0,inf,inf,inf,226.03,226.03
299,T4,BESTEFFORT,MISSED,m2-1,76.482,"{'m1-1': 104.99, 'm2-1': 11.33, 'm3-1': 10.39, 'm4-1': 110.56, 'm5-1': 102.49, 'm6-1': 0.99, 'm7-1': 102.45, 'm8-1': 9.49}",0.0,242.435,inf,242.435,226.482,226.482
300,T4,BESTEFFORT,COMPLETED,m3-1,76.845,"{'m1-1': 107.42, 'm2-1': 10.67, 'm3-1': 9.57, 'm4-1': 115.87, 'm5-1': 109.44, 'm6-1': 1.09, 'm7-1': 116.15, 'm8-1': 11.23}",14.355,171.09699999999998,180.66699999999997,inf,226.845,226.845
301,T4,BESTEFFORT,CANCELLED,,76.85,"{'m1-1': 98.26, 'm2-1': 10.85, 'm3-1': 10.77, 'm4-1': 117.04, 'm5-1': 101.88, 'm6-1': 1.08, 'm7-1': 109.79, 'm8-1': 10.15}",0.0,inf,inf,inf,226.85,226.85
302,T4,BESTEFFORT,COMPLETED,m3-1,76.947,"{'m1-1': 96.91, 'm2-1': 9.73, 'm3-1': 9.44, 'm4-1': 105.9, 'm5-1': 109.41, 'm6-1': 1.01, 'm7-1': 108.68, 'm8-1': 11.12}",14.16,112.71699999999998,122.15699999999998,inf,226.947,226.947
303,T4,BESTEFFORT,COMPLETED,m3-1,77.224,"{'m1-1': 100.92, 'm2-1': 10.87, 'm3-1': 9.43, 'm4-1': 113.22, 'm5-1': 103.34, 'm6-1': 0.98, 'm7-1': 106.32, 'm8-1': 9.56}",14.145,180.66699999999997,190.09699999999998,inf,227.224,227.224
304,T4,BESTEFFORT,MISSED,m8-1,77.232,"{'m1-1': 99.02, 'm2-1': 10.4, 'm3-1': 9.34, 'm4-1': 106.7, 'm5-1': 112.31, 'm6-1': 1.04, 'm7-1': 109.86, 'm8-1': 9.7}",0.0,253.75299999999996,inf,253.75299999999996,227.232,227.232
305,T4,BESTEFFORT,MISSED,m1-1,77.276,"{'m1-1': 101.42, 'm2-1': 10.95, 'm3-1': 10.72, 'm4-1': 100.51, 'm5-1': 99.34, 'm6-1': 1.04, 'm7-1': 110.24, 'm8-1': 9.58}",0.0,252.89,inf,252.89,227.276,227.276
306,T2,BESTEFFORT,CANCELLED,,77.281,"{'m1-1': 107.72, 'm2-1': 10.02, 'm3-1': 11.33, 'm4-1': 105.48, 'm5-1': 112.72, 'm6-1': 1.11, 'm7-1': 100.87, 'm8-1': 10.5}",0.0,inf,inf,inf,227.281,227.281
307,T4,BESTEFFORT,COMPLETED,m6-1,78.102,"{'m1-1': 104.25, 'm2-1': 10.07, 'm3-1': 9.41, 'm4-1': 106.47, 'm5-1': 98.93, 'm6-1': 1.11, 'm7-1': 111.82, 'm8-1': 10.99}",1.665,122.73399999999998,123.84399999999998,inf,228.102,228.102
308,T3,BESTEFFORT,CANCELLED,,78.404,"{'m1-1': 99.45, 'm2-1': 11.23, 'm3-1': 10.2, 'm4-1': 107.34, 'm5-1': 103.26, 'm6-1': 1.05, 'm7-1': 99.81, 'm8-1': 9.84}",0.0,inf,inf,inf,228.404,228.404
309,T2,BESTEFFORT,COMPLETED,m6-1,78.783,"{'m1-1': 100.98, 'm2-1': 11.06, 'm3-1': 10.67, 'm4-1': 96.83, 'm5-1': 100.87, 'm6-1': 1.03, 'm7-1': 100.1, 'm8-1': 11.35}",1.545,150.67399999999998,151.70399999999998,inf,228.78300000000002,228.78300000000002
310,T3,BESTEFFORT,MISSED,m5-1,79.093,"{'m1-1': 97.38, 'm2-1': 11.47, 'm3-1': 10.34, 'm4-1': 95.65, 'm5-1': 104.6, 'm6-1': 1.09, 'm7-1': 111.15, 'm8-1': 9.54}",105.45000000000002,158.793,inf,229.09300000000002,229.09300000000002,229.09300000000002
311,T2,BESTEFFORT,COMPLETED,m6-1,79.554,"{'m1-1': 114.1, 'm2-1': 10.97, 'm3-1': 9.92, 'm4-1': 106.8, 'm5-1': 110.48, 'm6-1': 0.98, 'm7-1': 97.62, 'm8-1': 10.02}",1.47,177.504,178.48399999999998,inf,229.554,229.554
312,T2,BESTEFFORT,CANCELLED,,79.593,"{'m1-1': 104.96, 'm2-1': 9.96, 'm3-1': 11.46, 'm4-1': 109.71, 'm5-1': 113.88, 'm6-1': 1.02, 'm7-1': 112.95, 'm8-1': 11.09}",0.0,inf,inf,inf,229.59300000000002,229.59300000000002
313,T2,BESTEFFORT,MISSED,m7-1,79.75,"{'m1-1': 109.93, 'm2-1': 10.7, 'm3-1': 11.53, 'm4-1': 104.95, 'm5-1': 98.34, 'm6-1': 1.08, 'm7-1': 111.0, 'm8-1': 9.98}",0.0,251.003,inf,251.003,229.75,229.75
314,T3,BESTEFFORT,CANCELLED,,79.99,"{'m1-1': 107.94, 'm2-1': 11.69, 'm3-1': 9.61, 'm4-1': 98.7, 'm5-1': 99.82, 'm6-1': 1.16, 'm7-1': 103.52, 'm8-1': 9.67}",0.0,inf,inf,inf,229.99,229.99
315,T1,BESTEFFORT,CANCELLED,,79.994,"{'m1-1': 100.63, 'm2-1': 10.39, 'm3-1': 11.32, 'm4-1': 100.94, 'm5-1': 112.99, 'm6-1': 1.03, 'm7-1': 110.33, 'm8-1': 11.46}",0.0,inf,inf,inf,229.994,229.994
316,T4,BESTEFFORT,COMPLETED,m6-1,80.109,"{'m1-1': 95.49, 'm2-1': 11.24, 'm3-1': 10.85, 'm4-1': 108.67, 'm5-1': 103.23, 'm6-1': 1.08, 'm7-1': 110.41, 'm8-1': 9.47}",1.62,206.094,207.174,inf,230.10899999999998,230.10899999999998
317,T2,BESTEFFORT,CANCELLED,,80.189,"{'m1-1': 110.7, 'm2-1': 10.91, 'm3-1': 10.57, 'm4-1': 108.12, 'm5-1': 100.87, 'm6-1': 1.07, 'm7-1': 106.75, 'm8-1': 9.82}",0.0,inf,inf,inf,230.189,230.189
318,T4,BESTEFFORT,COMPLETED,m6-1,80.268,"{'m1-1': 97.68, 'm2-1': 9.95, 'm3-1': 10.22, 'm4-1': 104.57, 'm5-1': 97.04, 'm6-1': 1.04, 'm7-1': 108.47, 'm8-1': 10.68}",1.56,151.70399999999998,152.74399999999997,inf,230.268,230.268
319,T4,BESTEFFORT,COMPLETED,m6-1,80.731,"{'m1-1': 97.59, 'm2-1': 10.89, 'm3-1': 9.36, 'm4-1': 100.82, 'm5-1': 108.88, 'm6-1': 1.04, 'm7-1': 108.08, 'm8-1': 10.84}",1.56,225.20400000000006,226.24400000000006,inf,230.731,230.731
320,T4,BESTEFFORT,CANCELLED,,80.818,"{'m1-1': 97.48, 'm2-1': 9.69, 'm3-1': 10.3, 'm4-1': 109.02, 'm5-1': 96.61, 'm6-1': 1.03, 'm7-1': 113.76, 'm8-1': 9.93}",0.0,inf,inf,inf,230.81799999999998,230.81799999999998
321,T1,BESTEFFORT,COMPLETED,m6-1,81.077,"{'m1-1': 101.79, 'm2-1': 10.5, 'm3-1': 10.17, 'm4-1': 94.89, 'm5-1': 117.72, 'm6-1': 0.98, 'm7-1': 107.56, 'm8-1': 10.81}",1.47,85.75399999999999,86.734,inf,231.077,231.077
322,T3,BESTEFFORT,COMPLETED,m8-1,81.144,"{'m1-1': 104.71, 'm2-1': 11.11, 'm3-1': 9.62, 'm4-1': 104.75, 'm5-1': 108.73, 'm6-1': 1.12, 'm7-1': 98.58, 'm8-1': 9.29}",13.934999999999999,122.673,131.963,inf,231.144,231.144
323,T3,BESTEFFORT,COMPLETED,m6-1,81.34,"{'m1-1': 99.54, 'm2-1': 10.28, 'm3-1': 10.33, 'm4-1': 108.11, 'm5-1': 98.8, 'm6-1': 1.06, 'm7-1': 107.12, 'm8-1': 9.89}",1.59,93.034,94.09400000000001,inf,231.34,231.34
324,T4,BESTEFFORT,COMPLETED,m6-1,81.496,"{'m1-1': 104.35, 'm2-1': 10.34, 'm3-1': 10.39, 'm4-1': 110.53, 'm5-1': 100.99, 'm6-1': 1.06, 'm7-1': 102.13, 'm8-1': 11.11}",1.59,84.69399999999999,85.75399999999999,inf,231.49599999999998,231.49599999999998
325,T1,BESTEFFORT,COMPLETED,m6-1,81.878,"{'m1-1': 100.08, 'm2-1': 10.0, 'm3-1': 10.17, 'm4-1': 102.26, 'm5-1': 111.85, 'm6-1': 1.04, 'm7-1': 101.86, 'm8-1': 11.28}",1.56,178.48399999999998,179.52399999999997,inf,231.878,231.878
326,T1,BESTEFFORT,CANCELLED,,82.395,"{'m1-1': 112.23, 'm2-1': 9.72, 'm3-1': 10.54, 'm4-1': 92.96, 'm5-1': 103.51, 'm6-1': 1.09, 'm7-1': 109.51, 'm8-1': 9.9}",0.0,inf,inf,inf,232.39499999999998,232.39499999999998
327,T1,BESTEFFORT,COMPLETED,m6-1,82.437,"{'m1-1': 103.87, 'm2-1': 10.72, 'm3-1': 10.82, 'm4-1': 107.06, 'm5-1': 113.43, 'm6-1': 1.01, 'm7-1': 109.66, 'm8-1': 11.45}",1.5150000000000001,94.09400000000001,95.10400000000001,inf,232.437,232.437
328,T4,BESTEFFORT,COMPLETED,m6-1,82.681,"{'m1-1': 110.95, 'm2-1': 9.96, 'm3-1': 9.28, 'm4-1': 99.32, 'm5-1': 108.3, 'm6-1': 1.04, 'm7-1': 103.92, 'm8-1': 9.9}",1.56,87.814,88.854,inf,232.68099999999998,232.68099999999998
329,T2,BESTEFFORT,COMPLETED,m6-1,82.899,"{'m1-1': 112.75, 'm2-1': 11.29, 'm3-1': 10.78, 'm4-1': 106.29, 'm5-1': 98.16, 'm6-1': 1.02, 'm7-1': 101.04, 'm8-1': 9.92}",1.53,123.84399999999998,124.86399999999998,inf,232.899,232.899
330,T2,BESTEFFORT,COMPLETED,m6-1,83.264,"{'m1-1': 109.75, 'm2-1': 11.33, 'm3-1': 11.03, 'm4-1': 113.48, 'm5-1': 112.52, 'm6-1': 1.04, 'm7-1': 110.43, 'm8-1': 9.75}",1.56,179.52399999999997,180.56399999999996,inf,233.264,233.264
331,T3,BESTEFFORT,MISSED,m7-1,83.34,"{'m1-1': 108.92, 'm2-1': 11.49, 'm3-1': 9.61, 'm4-1': 109.58, 'm5-1': 111.88, 'm6-1': 1.08, 'm7-1': 97.2, 'm8-1': 9.89}",0.0,251.003,inf,251.003,233.34,233.34
332,T1,BESTEFFORT,COMPLETED,m6-1,83.482,"{'m1-1': 109.15, 'm2-1': 9.41, 'm3-1': 10.38, 'm4-1': 105.82, 'm5-1': 106.16, 'm6-1': 1.08, 'm7-1': 104.91, 'm8-1': 11.27}",1.62,86.734,87.814,inf,233.482,233.482
333,T1,BESTEFFORT,COMPLETED,m6-1,83.595,"{'m1-1': 113.24, 'm2-1': 9.43, 'm3-1': 10.06, 'm4-1': 105.41, 'm5-1': 101.46, 'm6-1': 1.06, 'm7-1': 109.51, 'm8-1': 9.81}",1.59,91.974,93.034,inf,233.595,233.595
334,T4,BESTEFFORT,COMPLETED,m3-1,83.644,"{'m1-1': 109.32, 'm2-1': 10.23, 'm3-1': 10.38, 'm4-1': 115.52, 'm5-1': 105.8, 'm6-1': 1.03, 'm7-1': 106.74, 'm8-1': 10.88}",15.57,219.867,230.24699999999999,inf,233.644,233.644
335,T2,BESTEFFORT,COMPLETED,m6-1,83.676,"{'m1-1': 100.0, 'm2-1': 10.32, 'm3-1': 11.56, 'm4-1': 111.35, 'm5-1': 106.71, 'm6-1': 0.97, 'm7-1': 114.17, 'm8-1': 10.6}",1.455,207.174,208.144,inf,233.676,233.676
336,T3,BESTEFFORT,COMPLETED,m6-1,83.998,"{'m1-1': 104.97, 'm2-1': 10.86, 'm3-1': 10.44, 'm4-1': 110.09, 'm5-1': 95.99, 'm6-1': 1.14, 'm7-1': 110.53, 'm8-1': 9.43}",1.71,95.10400000000001,96.24400000000001,inf,233.998,233.998
337,T2,BESTEFFORT,COMPLETED,m6-1,84.065,"{'m1-1': 100.71, 'm2-1': 10.05, 'm3-1': 11.31, 'm4-1': 109.18, 'm5-1': 103.05, 'm6-1': 1.1, 'm7-1': 106.19, 'm8-1': 11.14}",1.6500000000000001,226.24400000000006,227.34400000000005,inf,234.065,234.065
338,T3,BESTEFFORT,COMPLETED,m6-1,84.07,"{'m1-1': 100.74, 'm2-1': 11.52, 'm3-1': 11.09, 'm4-1': 103.24, 'm5-1': 104.26, 'm6-1': 1.14, 'm7-1': 98.12, 'm8-1': 9.63}",1.71,152.74399999999997,153.88399999999996,inf,234.07,234.07
339,T4,BESTEFFORT,COMPLETED,m6-1,84.286,"{'m1-1': 108.69, 'm2-1': 9.63, 'm3-1': 10.83, 'm4-1': 102.73, 'm5-1': 98.68, 'm6-1': 1.12, 'm7-1': 106.28, 'm8-1': 10.23}",1.6800000000000002,88.854,89.974,inf,234.286,234.286
340,T4,BESTEFFORT,COMPLETED,m3-1,84.405,"{'m1-1': 103.45, 'm2-1': 11.36, 'm3-1': 10.04, 'm4-1': 109.71, 'm5-1': 107.37, 'm6-1': 0.99, 'm7-1': 116.02, 'm8-1': 9.49}",15.059999999999999,122.15699999999998,132.19699999999997,inf,234.405,234.405
341,T2,BESTEFFORT,COMPLETED,m6-1,84.471,"{'m1-1': 104.51, 'm2-1': 11.28, 'm3-1': 9.92, 'm4-1': 112.66, 'm5-1': 99.6, 'm6-1': 1.07, 'm7-1': 101.72, 'm8-1': 10.49}",1.605,125.91399999999997,126.98399999999997,inf,234.471,234.471
342,T3,BESTEFFORT,MISSED,m5-1,84.523,"{'m1-1': 109.06, 'm2-1': 11.28, 'm3-1': 9.6, 'm4-1': 96.83, 'm5-1': 97.46, 'm6-1': 1.14, 'm7-1': 111.56, 'm8-1': 10.25}",8.144999999999968,229.09300000000002,inf,234.523,234.523,234.523
343,T4,BESTEFFORT,COMPLETED,m6-1,84.657,"{'m1-1': 97.79, 'm2-1': 10.97, 'm3-1': 9.79, 'm4-1': 116.89, 'm5-1': 104.03, 'm6-1': 1.08, 'm7-1': 109.84, 'm8-1': 10.5}",1.62,153.88399999999996,154.96399999999997,inf,234.65699999999998,234.65699999999998
344,T3,BESTEFFORT,CANCELLED,,84.972,"{'m1-1': 98.28, 'm2-1': 10.0, 'm3-1': 11.24, 'm4-1': 105.57, 'm5-1': 94.94, 'm6-1': 1.15, 'm7-1': 102.43, 'm8-1': 10.5}",0.0,inf,inf,inf,234.97199999999998,234.97199999999998
345,T4,BESTEFFORT,MISSED,m5-1,85.109,"{'m1-1': 96.22, 'm2-1': 10.34, 'm3-1': 9.81, 'm4-1': 115.99, 'm5-1': 97.25, 'm6-1': 1.06, 'm7-1': 108.34, 'm8-1': 9.92}",0.0,280.884,inf,280.884,235.10899999999998,235.10899999999998
346,T4,BESTEFFORT,COMPLETED,m6-1,85.18,"{'m1-1': 96.84, 'm2-1': 10.12, 'm3-1': 9.36, 'm4-1': 113.13, 'm5-1': 108.88, 'm6-1': 1.02, 'm7-1': 105.67, 'm8-1': 9.83}",1.53,189.054,190.074,inf,235.18,235.18
347,T4,BESTEFFORT,COMPLETED,m6-1,85.293,"{'m1-1': 108.28, 'm2-1': 10.96, 'm3-1': 10.17, 'm4-1': 103.57, 'm5-1': 109.92, 'm6-1': 1.04, 'm7-1': 106.32, 'm8-1': 10.72}",1.56,89.974,91.01400000000001,inf,235.293,235.293
348,T3,BESTEFFORT,COMPLETED,m6-1,85.611,"{'m1-1': 95.83, 'm2-1': 10.78, 'm3-1': 9.94, 'm4-1': 102.4, 'm5-1': 103.74, 'm6-1': 0.99, 'm7-1': 110.24, 'm8-1': 10.07}",1.4849999999999999,208.144,209.13400000000001,inf,235.611,235.611
349,T3,BESTEFFORT,CANCELLED,,85.809,"{'m1-1': 102.48, 'm2-1': 10.48, 'm3-1': 10.52, 'm4-1': 111.85, 'm5-1': 102.62, 'm6-1': 1.1, 'm7-1': 105.05, 'm8-1': 10.79}",0.0,inf,inf,inf,235.809,235.809
350,T2,BESTEFFORT,COMPLETED,m6-1,85.812,"{'m1-1': 99.58, 'm2-1': 11.15, 'm3-1': 10.48, 'm4-1': 99.53, 'm5-1': 102.51, 'm6-1': 1.0, 'm7-1': 102.03, 'm8-1': 10.63}",1.5,227.34400000000005,228.34400000000005,inf,235.812,235.812
351,T3,BESTEFFORT,COMPLETED,m8-1,86.001,"{'m1-1': 108.01, 'm2-1': 11.54, 'm3-1': 9.56, 'm4-1': 96.71, 'm5-1': 106.33, 'm6-1': 1.15, 'm7-1': 114.3, 'm8-1': 9.89}",14.835,221.59299999999996,231.48299999999995,inf,236.001,236.001
352,T1,BESTEFFORT,COMPLETED,m6-1,86.472,"{'m1-1': 106.73, 'm2-1': 10.0, 'm3-1': 11.14, 'm4-1': 93.82, 'm5-1': 107.23, 'm6-1': 1.1, 'm7-1': 99.91, 'm8-1': 10.42}",1.6500000000000001,126.98399999999997,128.08399999999997,inf,236.47199999999998,236.47199999999998
353,T1,BESTEFFORT,COMPLETED,m6-1,87.311,"{'m1-1': 108.16, 'm2-1': 9.39, 'm3-1': 10.95, 'm4-1': 97.48, 'm5-1': 116.11, 'm6-1': 0.96, 'm7-1': 111.43, 'm8-1': 11.27}",1.44,91.01400000000001,91.974,inf,237.311,237.311
354,T4,BESTEFFORT,CANCELLED,,87.481,"{'m1-1': 103.73, 'm2-1': 10.12, 'm3-1': 9.77, 'm4-1': 106.88, 'm5-1': 101.24, 'm6-1': 1.12, 'm7-1': 115.39, 'm8-1': 10.34}",0.0,inf,inf,inf,237.481,237.481
355,T2,BESTEFFORT,COMPLETED,m6-1,88.003,"{'m1-1': 112.19, 'm2-1': 10.58, 'm3-1': 11.59, 'm4-1': 99.62, 'm5-1': 100.48, 'm6-1': 0.97, 'm7-1': 101.66, 'm8-1': 11.43}",1.455,234.54400000000004,235.51400000000004,inf,238.003,238.003
356,T2,BESTEFFORT,MISSED,m6-1,88.232,"{'m1-1': 113.45, 'm2-1': 10.91, 'm3-1': 11.42, 'm4-1': 103.94, 'm5-1': 96.89, 'm6-1': 1.06, 'm7-1': 106.14, 'm8-1': 10.88}",0.0,238.53400000000002,inf,238.53400000000002,238.232,238.232
357,T4,BESTEFFORT,COMPLETED,m3-1,88.583,"{'m1-1': 105.7, 'm2-1': 11.04, 'm3-1': 9.25, 'm4-1': 104.84, 'm5-1': 111.68, 'm6-1': 1.0, 'm7-1': 117.38, 'm8-1': 11.16}",13.875,190.09699999999998,199.34699999999998,inf,238.583,238.583
358,T3,BESTEFFORT,MISSED,m5-1,88.98,"{'m1-1': 96.16, 'm2-1': 11.03, 'm3-1': 11.1, 'm4-1': 103.24, 'm5-1': 108.15, 'm6-1': 1.1, 'm7-1': 97.87, 'm8-1': 9.86}",0.0,280.884,inf,280.884,238.98000000000002,238.98000000000002
359,T4,BESTEFFORT,COMPLETED,m6-1,89.582,"{'m1-1': 111.68, 'm2-1': 10.09, 'm3-1': 10.13, 'm4-1': 102.85, 'm5-1': 99.06, 'm6-1': 1.03, 'm7-1': 102.23, 'm8-1': 9.6}",1.545,154.96399999999997,155.99399999999997,inf,239.582,239.582
360,T3,BESTEFFORT,COMPLETED,m6-1,90.046,"{'m1-1': 99.69, 'm2-1': 10.61, 'm3-1': 10.54, 'm4-1': 104.58, 'm5-1': 108.26, 'm6-1': 1.06, 'm7-1': 101.86, 'm8-1': 10.02}",1.59,238.53400000000002,239.59400000000002,inf,240.046,240.046
361,T3,BESTEFFORT,COMPLETED,m6-1,90.191,"{'m1-1': 99.24, 'm2-1': 10.75, 'm3-1': 10.03, 'm4-1': 110.06, 'm5-1': 98.07, 'm6-1': 1.14, 'm7-1': 98.43, 'm8-1': 10.34}",1.71,128.08399999999997,129.22399999999996,inf,240.191,240.191
362,T1,BESTEFFORT,COMPLETED,m6-1,90.2,"{'m1-1': 110.75, 'm2-1': 9.94, 'm3-1': 11.3, 'm4-1': 109.19, 'm5-1': 118.79, 'm6-1': 1.13, 'm7-1': 108.99, 'm8-1': 9.75}",1.6949999999999998,101.704,102.83399999999999,inf,240.2,240.2
363,T1,BESTEFFORT,COMPLETED,m6-1,90.287,"{'m1-1': 100.39, 'm2-1': 10.61, 'm3-1': 10.58, 'm4-1': 101.31, 'm5-1': 100.17, 'm6-1': 1.11, 'm7-1': 105.88, 'm8-1': 10.55}",1.665,180.56399999999996,181.67399999999998,inf,240.287,240.287
364,T2,BESTEFFORT,COMPLETED,m6-1,90.357,"{'m1-1': 114.8, 'm2-1': 11.34, 'm3-1': 10.48, 'm4-1': 100.2, 'm5-1': 108.05, 'm6-1': 1.12, 'm7-1': 105.0, 'm8-1': 11.46}",1.6800000000000002,133.29399999999995,134.41399999999996,inf,240.357,240.357
365,T4,BESTEFFORT,COMPLETED,m3-1,90.429,"{'m1-1': 102.83, 'm2-1': 9.69, 'm3-1': 10.58, 'm4-1': 109.45, 'm5-1': 99.86, 'm6-1': 1.08, 'm7-1': 118.65, 'm8-1': 10.02}",15.870000000000001,199.34699999999998,209.927,inf,240.429,240.429
366,T4,BESTEFFORT,MISSED,m3-1,92.039,"{'m1-1': 105.75, 'm2-1': 10.46, 'm3-1': 9.98, 'm4-1': 105.92, 'm5-1': 112.9, 'm6-1': 1.03, 'm7-1': 108.82, 'm8-1': 10.91}",0.0,251.09699999999998,inf,251.09699999999998,242.039,242.039
367,T4,BESTEFFORT,COMPLETED,m6-1,92.126,"{'m1-1': 102.63, 'm2-1': 10.24, 'm3-1': 10.77, 'm4-1': 112.48, 'm5-1': 95.79, 'm6-1': 1.11, 'm7-1': 104.24, 'm8-1': 9.98}",1.665,134.41399999999996,135.52399999999997,inf,242.126,242.126
368,T1,BESTEFFORT,MISSED,m8-1,92.137,"{'m1-1': 111.72, 'm2-1': 9.83, 'm3-1': 10.82, 'm4-1': 93.02, 'm5-1': 117.6, 'm6-1': 1.13, 'm7-1': 109.48, 'm8-1': 10.71}",0.0,253.75299999999996,inf,253.75299999999996,242.137,242.137
369,T1,BESTEFFORT,COMPLETED,m6-1,92.418,"{'m1-1': 110.23, 'm2-1': 10.67, 'm3-1': 11.01, 'm4-1': 101.82, 'm5-1': 100.59, 'm6-1': 1.12, 'm7-1': 113.14, 'm8-1': 9.88}",1.6800000000000002,209.13400000000001,210.25400000000002,inf,242.418,242.418
370,T1,BESTEFFORT,COMPLETED,m6-1,92.763,"{'m1-1': 108.46, 'm2-1': 10.1, 'm3-1': 9.97, 'm4-1': 98.35, 'm5-1': 113.74, 'm6-1': 1.06, 'm7-1': 112.81, 'm8-1': 11.05}",1.59,190.074,191.13400000000001,inf,242.763,242.763
371,T3,BESTEFFORT,COMPLETED,m6-1,92.819,"{'m1-1': 109.4, 'm2-1': 10.49, 'm3-1': 9.86, 'm4-1': 95.19, 'm5-1': 101.43, 'm6-1': 1.01, 'm7-1': 102.08, 'm8-1': 9.35}",1.5150000000000001,135.52399999999997,136.53399999999996,inf,242.81900000000002,242.81900000000002
372,T1,BESTEFFORT,COMPLETED,m6-1,92.845,"{'m1-1': 105.46, 'm2-1': 10.1, 'm3-1': 11.28, 'm4-1': 97.83, 'm5-1': 101.21, 'm6-1': 1.13, 'm7-1': 99.3, 'm8-1': 10.89}",1.6949999999999998,96.24400000000001,97.37400000000001,inf,242.845,242.845
373,T1,BESTEFFORT,COMPLETED,m6-1,93.149,"{'m1-1': 108.24, 'm2-1': 10.5, 'm3-1': 10.94, 'm4-1': 97.23, 'm5-1': 117.87, 'm6-1': 0.99, 'm7-1': 111.24, 'm8-1': 9.85}",1.4849999999999999,136.53399999999996,137.52399999999997,inf,243.149,243.149
374,T1,BESTEFFORT,MISSED,m4-1,93.319,"{'m1-1': 110.31, 'm2-1': 10.87, 'm3-1': 11.15, 'm4-1': 92.99, 'm5-1': 105.35, 'm6-1': 0.98, 'm7-1': 107.31, 'm8-1': 11.2}",0.0,251.499,inf,251.499,243.31900000000002,243.31900000000002
375,T1,BESTEFFORT,COMPLETED,m2-1,93.571,"{'m1-1': 97.78, 'm2-1': 9.3, 'm3-1': 11.49, 'm4-1': 107.78, 'm5-1': 113.48, 'm6-1': 1.03, 'm7-1': 99.38, 'm8-1': 10.74}",13.950000000000001,133.685,142.985,inf,243.571,243.571
376,T1,BESTEFFORT,COMPLETED,m6-1,93.708,"{'m1-1': 102.66, 'm2-1': 10.08, 'm3-1': 10.41, 'm4-1': 107.37, 'm5-1': 100.08, 'm6-1': 1.1, 'm7-1': 110.2, 'm8-1': 10.05}",1.6500000000000001,97.37400000000001,98.474,inf,243.708,243.708
377,T1,BESTEFFORT,COMPLETED,m6-1,93.951,"{'m1-1': 113.15, 'm2-1': 10.87, 'm3-1': 10.23, 'm4-1': 98.8, 'm5-1': 103.92, 'm6-1': 1.1, 'm7-1': 99.9, 'm8-1': 10.28}",1.6500000000000001,235.51400000000004,236.61400000000003,inf,243.951,243.951
378,T4,BESTEFFORT,COMPLETED,m3-1,94.632,"{'m1-1': 98.78, 'm2-1': 11.0, 'm3-1': 9.65, 'm4-1': 115.66, 'm5-1': 105.71, 'm6-1': 1.05, 'm7-1': 100.8, 'm8-1': 9.56}",14.475000000000001,151.54699999999997,161.19699999999997,inf,244.632,244.632
379,T3,BESTEFFORT,COMPLETED,m6-1,94.663,"{'m1-1': 105.92, 'm2-1': 11.0, 'm3-1': 11.15, 'm4-1': 100.63, 'm5-1': 103.77, 'm6-1': 1.06, 'm7-1': 112.07, 'm8-1': 9.63}",1.59,155.99399999999997,157.05399999999997,inf,244.663,244.663
380,T3,BESTEFFORT,COMPLETED,m6-1,94.717,"{'m1-1': 107.34, 'm2-1': 10.92, 'm3-1': 10.86, 'm4-1': 103.74, 'm5-1': 94.78, 'm6-1': 1.09, 'm7-1': 111.56, 'm8-1': 9.48}",1.6350000000000002,228.34400000000005,229.43400000000005,inf,244.71699999999998,244.71699999999998
381,T4,BESTEFFORT,COMPLETED,m6-1,94.834,"{'m1-1': 97.56, 'm2-1': 10.12, 'm3-1': 10.02, 'm4-1': 100.3, 'm5-1': 97.1, 'm6-1': 1.1, 'm7-1': 102.2, 'm8-1': 11.24}",1.6500000000000001,98.474,99.574,inf,244.834,244.834
382,T3,BESTEFFORT,COMPLETED,m8-1,94.945,"{'m1-1': 98.37, 'm2-1': 11.58, 'm3-1': 9.76, 'm4-1': 103.18, 'm5-1': 110.87, 'm6-1': 1.14, 'm7-1': 107.32, 'm8-1': 9.45}",14.174999999999999,181.94299999999998,191.39299999999997,inf,244.945,244.945
383,T1,BESTEFFORT,COMPLETED,m6-1,95.039,"{'m1-1': 96.92, 'm2-1': 10.81, 'm3-1': 10.53, 'm4-1': 107.75, 'm5-1': 116.11, 'm6-1': 1.08, 'm7-1': 111.94, 'm8-1': 10.46}",1.62,215.53400000000005,216.61400000000006,inf,245.039,245.039
384,T2,BESTEFFORT,COMPLETED,m6-1,95.55,"{'m1-1': 101.47, 'm2-1': 10.71, 'm3-1': 10.28, 'm4-1': 99.87, 'm5-1': 102.07, 'm6-1': 0.99, 'm7-1': 98.1, 'm8-1': 10.82}",1.4849999999999999,99.574,100.564,inf,245.55,245.55
385,T1,BESTEFFORT,COMPLETED,m6-1,95.898,"{'m1-1': 114.61, 'm2-1': 10.0, 'm3-1': 11.4, 'm4-1': 97.5, 'm5-1': 102.57, 'm6-1': 1.11, 'm7-1': 103.33, 'm8-1': 10.12}",1.665,103.80399999999999,104.91399999999999,inf,245.898,245.898
386,T1,BESTEFFORT,COMPLETED,m2-1,96.82,"{'m1-1': 109.47, 'm2-1': 9.91, 'm3-1': 9.81, 'm4-1': 104.53, 'm5-1': 104.4, 'm6-1': 1.06, 'm7-1': 101.41, 'm8-1': 10.19}",14.865,142.985,152.895,inf,246.82,246.82
387,T3,BESTEFFORT,COMPLETED,m6-1,97.005,"{'m1-1': 105.17, 'm2-1': 11.14, 'm3-1': 10.53, 'm4-1': 101.01, 'm5-1': 105.74, 'm6-1': 1.14, 'm7-1': 101.8, 'm8-1': 9.44}",1.71,100.564,101.704,inf,247.005,247.005
388,T4,BESTEFFORT,COMPLETED,m6-1,97.136,"{'m1-1': 105.13, 'm2-1': 11.08, 'm3-1': 9.2, 'm4-1': 113.18, 'm5-1': 95.33, 'm6-1': 1.08, 'm7-1': 112.9, 'm8-1': 9.86}",1.62,137.52399999999997,138.60399999999998,inf,247.136,247.136
389,T4,BESTEFFORT,MISSED,m1-1,97.91,"{'m1-1': 105.44, 'm2-1': 10.46, 'm3-1': 9.21, 'm4-1': 109.88, 'm5-1': 113.23, 'm6-1': 0.98, 'm7-1': 118.3, 'm8-1': 9.88}",0.0,252.89,inf,252.89,247.91,247.91
390,T3,BESTEFFORT,COMPLETED,m6-1,98.125,"{'m1-1': 110.43, 'm2-1': 10.16, 'm3-1': 10.38, 'm4-1': 99.99, 'm5-1': 101.93, 'm6-1': 1.09, 'm7-1': 110.18, 'm8-1': 10.67}",1.6350000000000002,138.60399999999998,139.694,inf,248.125,248.125
391,T1,BESTEFFORT,MISSED,m2-1,98.263,"{'m1-1': 102.95, 'm2-1': 10.55, 'm3-1': 11.39, 'm4-1': 108.99, 'm5-1': 101.44, 'm6-1': 1.03, 'm7-1': 105.87, 'm8-1': 11.34}",0.0,261.505,inf,261.505,248.263,248.263
392,T1,BESTEFFORT,COMPLETED,m6-1,98.311,"{'m1-1': 108.86, 'm2-1': 9.44, 'm3-1': 10.94, 'm4-1': 96.36, 'm5-1': 106.12, 'm6-1': 1.0, 'm7-1': 101.25, 'm8-1': 11.41}",1.5,210.25400000000002,211.25400000000002,inf,248.311,248.311
393,T4,BESTEFFORT,COMPLETED,m6-1,98.442,"{'m1-1': 111.02, 'm2-1': 10.08, 'm3-1': 9.52, 'm4-1': 112.24, 'm5-1': 110.51, 'm6-1': 1.13, 'm7-1': 101.18, 'm8-1': 10.31}",1.6949999999999998,229.43400000000005,230.56400000000005,inf,248.442,248.442
394,T3,BESTEFFORT,COMPLETED,m6-1,98.478,"{'m1-1': 109.23, 'm2-1': 11.16, 'm3-1': 10.52, 'm4-1': 110.49, 'm5-1': 94.53, 'm6-1': 1.12, 'm7-1': 110.77, 'm8-1': 10.52}",1.6800000000000002,216.61400000000006,217.73400000000007,inf,248.478,248.478
395,T4,BESTEFFORT,COMPLETED,m2-1,98.82,"{'m1-1': 111.08, 'm2-1': 10.77, 'm3-1': 10.29, 'm4-1': 109.14, 'm5-1': 95.94, 'm6-1': 0.98, 'm7-1': 116.09, 'm8-1': 10.49}",16.155,211.795,222.565,inf,248.82,248.82
396,T1,BESTEFFORT,COMPLETED,m6-1,98.913,"{'m1-1': 109.75, 'm2-1': 10.67, 'm3-1': 11.22, 'm4-1': 102.59, 'm5-1': 118.83, 'm6-1': 0.97, 'm7-1': 111.32, 'm8-1': 10.45}",1.455,102.83399999999999,103.80399999999999,inf,248.913,248.913
397,T3,BESTEFFORT,COMPLETED,m8-1,99.804,"{'m1-1': 107.94, 'm2-1': 11.6, 'm3-1': 9.78, 'm4-1': 105.13, 'm5-1': 105.46, 'm6-1': 1.08, 'm7-1': 106.58, 'm8-1': 10.94}",16.41,201.05299999999997,211.99299999999997,inf,249.804,249.804
398,T4,BESTEFFORT,COMPLETED,m6-1,100.637,"{'m1-1': 96.41, 'm2-1': 10.09, 'm3-1': 9.95, 'm4-1': 103.1, 'm5-1': 110.01, 'm6-1': 1.01, 'm7-1': 114.98, 'm8-1': 10.61}",1.5150000000000001,108.10399999999998,109.11399999999999,inf,250.637,250.637
399,T4,BESTEFFORT,COMPLETED,m3-1,100.735,"{'m1-1': 110.73, 'm2-1': 11.2, 'm3-1': 9.65, 'm4-1': 105.2, 'm5-1': 108.03, 'm6-1': 1.1, 'm7-1': 101.77, 'm8-1': 9.47}",14.475000000000001,132.19699999999997,141.84699999999998,inf,250.735,250.735
400,T3,BESTEFFORT,COMPLETED,m8-1,100.767,"{'m1-1': 104.09, 'm2-1': 10.99, 'm3-1': 9.54, 'm4-1': 109.9, 'm5-1': 104.4, 'm6-1': 1.09, 'm7-1': 114.38, 'm8-1': 10.32}",15.48,131.963,142.283,inf,250.767,250.767
401,T3,BESTEFFORT,MISSED,m7-1,101.003,"{'m1-1': 96.97, 'm2-1': 11.04, 'm3-1': 9.77, 'm4-1': 104.19, 'm5-1': 103.26, 'm6-1': 1.13, 'm7-1': 96.78, 'm8-1': 10.48}",85.23749999999998,194.178,inf,251.003,251.003,251.003
402,T2,BESTEFFORT,COMPLETED,m6-1,101.211,"{'m1-1': 110.63, 'm2-1': 10.57, 'm3-1': 10.38, 'm4-1': 97.7, 'm5-1': 96.78, 'm6-1': 1.01, 'm7-1': 114.31, 'm8-1': 11.39}",1.5150000000000001,104.91399999999999,105.92399999999999,inf,251.211,251.211
403,T2,BESTEFFORT,COMPLETED,m6-1,101.253,"{'m1-1': 106.73, 'm2-1': 9.92, 'm3-1': 10.55, 'm4-1': 96.4, 'm5-1': 113.36, 'm6-1': 1.07, 'm7-1': 97.63, 'm8-1': 10.58}",1.605,105.92399999999999,106.99399999999999,inf,251.253,251.253
404,T2,BESTEFFORT,COMPLETED,m6-1,101.341,"{'m1-1': 111.42, 'm2-1': 11.01, 'm3-1': 10.24, 'm4-1': 104.53, 'm5-1': 97.28, 'm6-1': 1.11, 'm7-1': 111.28, 'm8-1': 10.05}",1.665,106.99399999999999,108.10399999999998,inf,251.341,251.341
405,T1,BESTEFFORT,MISSED,m4-1,101.499,"{'m1-1': 105.84, 'm2-1': 9.52, 'm3-1': 9.79, 'm4-1': 96.71, 'm5-1': 106.27, 'm6-1': 1.03, 'm7-1': 99.91, 'm8-1': 11.26}",49.06349999999996,218.79000000000002,inf,251.499,251.499,251.499
406,T2,BESTEFFORT,COMPLETED,m6-1,101.688,"{'m1-1': 113.12, 'm2-1': 9.95, 'm3-1': 11.55, 'm4-1': 111.35, 'm5-1': 110.77, 'm6-1': 1.09, 'm7-1': 103.42, 'm8-1': 10.72}",1.6350000000000002,191.13400000000001,192.22400000000002,inf,251.688,251.688
407,T1,BESTEFFORT,COMPLETED,m2-1,102.268,"{'m1-1': 101.08, 'm2-1': 9.28, 'm3-1': 11.09, 'm4-1': 107.96, 'm5-1': 104.35, 'm6-1': 1.04, 'm7-1': 115.22, 'm8-1': 10.02}",13.919999999999998,172.315,181.595,inf,252.268,252.268
408,T4,BESTEFFORT,COMPLETED,m6-1,102.47,"{'m1-1': 99.64, 'm2-1': 10.08, 'm3-1': 10.03, 'm4-1': 107.06, 'm5-1': 97.58, 'm6-1': 1.1, 'm7-1': 110.55, 'm8-1': 9.84}",1.6500000000000001,192.22400000000002,193.324,inf,252.47,252.47
409,T3,BESTEFFORT,COMPLETED,m3-1,102.623,"{'m1-1': 99.21, 'm2-1': 11.47, 'm3-1': 10.04, 'm4-1': 108.33, 'm5-1': 109.42, 'm6-1': 1.1, 'm7-1': 106.25, 'm8-1': 9.57}",15.059999999999999,241.057,251.09699999999998,inf,252.623,252.623
410,T3,BESTEFFORT,COMPLETED,m8-1,102.684,"{'m1-1': 103.6, 'm2-1': 9.88, 'm3-1': 10.39, 'm4-1': 109.64, 'm5-1': 100.31, 'm6-1': 1.13, 'm7-1': 111.59, 'm8-1': 10.58}",15.870000000000001,142.283,152.863,inf,252.684,252.684
411,T4,BESTEFFORT,COMPLETED,m8-1,102.712,"{'m1-1': 107.38, 'm2-1': 10.74, 'm3-1': 10.01, 'm4-1': 102.78, 'm5-1': 105.36, 'm6-1': 1.1, 'm7-1': 105.02, 'm8-1': 11.25}",16.875,231.48299999999995,242.73299999999995,inf,252.712,252.712
412,T4,BESTEFFORT,MISSED,m1-1,102.89,"{'m1-1': 105.86, 'm2-1': 10.94, 'm3-1': 10.28, 'm4-1': 107.19, 'm5-1': 107.62, 'm6-1': 1.1, 'm7-1': 112.87, 'm8-1': 9.47}",50.30099999999999,219.356,inf,252.89,252.89,252.89
413,T1,BESTEFFORT,COMPLETED,m6-1,102.914,"{'m1-1': 101.84, 'm2-1': 10.79, 'm3-1': 11.33, 'm4-1': 105.57, 'm5-1': 108.3, 'm6-1': 1.14, 'm7-1': 108.74, 'm8-1': 10.34}",1.71,193.324,194.464,inf,252.914,252.914
414,T3,BESTEFFORT,COMPLETED,m6-1,103.052,"{'m1-1': 112.25, 'm2-1': 11.27, 'm3-1': 9.8, 'm4-1': 104.12, 'm5-1': 97.62, 'm6-1': 0.98, 'm7-1': 112.87, 'm8-1': 10.96}",1.47,230.56400000000005,231.54400000000004,inf,253.05200000000002,253.05200000000002
415,T4,BESTEFFORT,COMPLETED,m3-1,103.127,"{'m1-1': 108.03, 'm2-1': 10.59, 'm3-1': 9.7, 'm4-1': 114.31, 'm5-1': 95.26, 'm6-1': 1.1, 'm7-1': 103.87, 'm8-1': 9.7}",14.549999999999999,141.84699999999998,151.54699999999997,inf,253.127,253.127
416,T3,BESTEFFORT,COMPLETED,m6-1,103.285,"{'m1-1': 112.23, 'm2-1': 10.06, 'm3-1': 10.63, 'm4-1': 108.23, 'm5-1': 107.18, 'm6-1': 0.98, 'm7-1': 107.13, 'm8-1': 10.93}",1.47,246.00400000000002,246.984,inf,253.285,253.285
417,T4,BESTEFFORT,COMPLETED,m2-1,103.313,"{'m1-1': 97.7, 'm2-1': 9.98, 'm3-1': 10.2, 'm4-1': 116.49, 'm5-1': 112.37, 'm6-1': 1.14, 'm7-1': 100.88, 'm8-1': 10.05}",14.97,222.565,232.545,inf,253.313,253.313
418,T2,BESTEFFORT,MISSED,m8-1,103.533,"{'m1-1': 99.94, 'm2-1': 10.02, 'm3-1': 11.08, 'm4-1': 102.1, 'm5-1': 101.34, 'm6-1': 1.12, 'm7-1': 112.26, 'm8-1': 11.47}",0.0,253.75299999999996,inf,253.75299999999996,253.53300000000002,253.53300000000002
419,T4,BESTEFFORT,COMPLETED,m6-1,103.989,"{'m1-1': 110.11, 'm2-1': 11.14, 'm3-1': 9.73, 'm4-1': 110.58, 'm5-1': 103.35, 'm6-1': 1.0, 'm7-1': 106.73, 'm8-1': 9.59}",1.5,217.73400000000007,218.73400000000007,inf,253.989,253.989
420,T1,BESTEFFORT,COMPLETED,m2-1,104.12,"{'m1-1': 105.65, 'm2-1': 9.89, 'm3-1': 10.58, 'm4-1': 106.93, 'm5-1': 107.38, 'm6-1': 1.05, 'm7-1': 110.05, 'm8-1': 10.47}",14.835,232.545,242.435,inf,254.12,254.12
421,T4,BESTEFFORT,COMPLETED,m6-1,104.693,"{'m1-1': 101.65, 'm2-1': 11.32, 'm3-1': 10.37, 'm4-1': 104.84, 'm5-1': 98.61, 'm6-1': 1.12, 'm7-1': 109.79, 'm8-1': 9.75}",1.6800000000000002,218.73400000000007,219.85400000000007,inf,254.69299999999998,254.69299999999998
422,T4,BESTEFFORT,COMPLETED,m6-1,104.85,"{'m1-1': 97.46, 'm2-1': 9.82, 'm3-1': 10.29, 'm4-1': 113.64, 'm5-1': 108.14, 'm6-1': 1.01, 'm7-1': 112.6, 'm8-1': 10.51}",1.5150000000000001,139.694,140.70399999999998,inf,254.85,254.85
423,T1,BESTEFFORT,COMPLETED,m6-1,104.998,"{'m1-1': 104.64, 'm2-1': 9.21, 'm3-1': 9.91, 'm4-1': 97.74, 'm5-1': 110.14, 'm6-1': 1.14, 'm7-1': 111.66, 'm8-1': 9.78}",1.71,246.984,248.124,inf,254.998,254.998
424,T4,BESTEFFORT,COMPLETED,m6-1,105.156,"{'m1-1': 108.6, 'm2-1': 11.26, 'm3-1': 10.2, 'm4-1': 107.06, 'm5-1': 95.64, 'm6-1': 0.99, 'm7-1': 101.84, 'm8-1': 11.07}",1.4849999999999999,194.464,195.454,inf,255.156,255.156
425,T2,BESTEFFORT,COMPLETED,m6-1,105.309,"{'m1-1': 112.15, 'm2-1': 11.4, 'm3-1': 11.46, 'm4-1': 105.78, 'm5-1': 113.76, 'm6-1': 1.11, 'm7-1': 113.75, 'm8-1': 10.04}",1.665,109.11399999999999,110.22399999999999,inf,255.309,255.309
426,T1,BESTEFFORT,COMPLETED,m6-1,105.785,"{'m1-1': 102.86, 'm2-1': 10.65, 'm3-1': 9.75, 'm4-1': 107.75, 'm5-1': 114.69, 'm6-1': 1.13, 'm7-1': 106.2, 'm8-1': 9.75}",1.6949999999999998,111.33399999999999,112.46399999999998,inf,255.785,255.785
427,T1,BESTEFFORT,COMPLETED,m6-1,106.384,"{'m1-1': 110.74, 'm2-1': 10.38, 'm3-1': 11.28, 'm4-1': 104.76, 'm5-1': 108.84, 'm6-1': 1.0, 'm7-1': 113.09, 'm8-1': 10.95}",1.5,140.70399999999998,141.70399999999998,inf,256.384,256.384
428,T4,BESTEFFORT,COMPLETED,m6-1,106.582,"{'m1-1': 99.84, 'm2-1': 11.14, 'm3-1': 9.91, 'm4-1': 102.21, 'm5-1': 99.29, 'm6-1': 1.1, 'm7-1': 109.98, 'm8-1': 10.92}",1.6500000000000001,195.454,196.554,inf,256.582,256.582
429,T3,BESTEFFORT,MISSED,m4-1,106.867,"{'m1-1': 111.07, 'm2-1': 11.54, 'm3-1': 11.04, 'm4-1': 98.2, 'm5-1': 101.96, 'm6-1': 1.15, 'm7-1': 105.19, 'm8-1': 10.04}",8.052000000000035,251.499,inf,256.867,256.867,256.867
430,T1,BESTEFFORT,COMPLETED,m6-1,106.914,"{'m1-1': 97.65, 'm2-1': 10.3, 'm3-1': 10.01, 'm4-1': 96.66, 'm5-1': 115.06, 'm6-1': 1.11, 'm7-1': 114.29, 'm8-1': 9.98}",1.665,110.22399999999999,111.33399999999999,inf,256.914,256.914
431,T4,BESTEFFORT,COMPLETED,m6-1,107.653,"{'m1-1': 96.58, 'm2-1': 11.13, 'm3-1': 9.6, 'm4-1': 102.85, 'm5-1': 98.38, 'm6-1': 1.01, 'm7-1': 109.9, 'm8-1': 10.52}",1.5150000000000001,196.554,197.564,inf,257.653,257.653
432,T2,BESTEFFORT,COMPLETED,m6-1,108.737,"{'m1-1': 99.62, 'm2-1': 9.85, 'm3-1': 11.17, 'm4-1': 99.45, 'm5-1': 97.4, 'm6-1': 1.02, 'm7-1': 98.4, 'm8-1': 10.87}",1.53,112.46399999999998,113.48399999999998,inf,258.73699999999997,258.73699999999997
433,T4,BESTEFFORT,COMPLETED,m6-1,108.91,"{'m1-1': 98.67, 'm2-1': 10.4, 'm3-1': 10.0, 'm4-1': 114.73, 'm5-1': 95.83, 'm6-1': 1.1, 'm7-1': 110.15, 'm8-1': 10.67}",1.6500000000000001,197.564,198.664,inf,258.90999999999997,258.90999999999997
434,T4,BESTEFFORT,COMPLETED,m8-1,108.915,"{'m1-1': 101.77, 'm2-1': 11.01, 'm3-1': 10.12, 'm4-1': 107.15, 'm5-1': 99.96, 'm6-1': 1.14, 'm7-1': 108.65, 'm8-1': 11.02}",16.53,242.73299999999995,253.75299999999996,inf,258.915,258.915
435,T2,BESTEFFORT,COMPLETED,m6-1,108.998,"{'m1-1': 114.25, 'm2-1': 10.0, 'm3-1': 10.58, 'm4-1': 96.79, 'm5-1': 113.6, 'm6-1': 1.04, 'm7-1': 99.36, 'm8-1': 10.53}",1.56,113.48399999999998,114.52399999999999,inf,258.998,258.998
436,T3,BESTEFFORT,COMPLETED,m8-1,109.269,"{'m1-1': 109.92, 'm2-1': 11.56, 'm3-1': 9.56, 'm4-1': 96.02, 'm5-1': 106.04, 'm6-1': 1.14, 'm7-1': 108.96, 'm8-1': 10.2}",15.299999999999999,152.863,163.063,inf,259.269,259.269
437,T1,BESTEFFORT,COMPLETED,m6-1,110.226,"{'m1-1': 110.28, 'm2-1': 9.23, 'm3-1': 10.5, 'm4-1': 97.51, 'm5-1': 116.41, 'm6-1': 0.97, 'm7-1': 115.4, 'm8-1': 11.42}",1.455,157.05399999999997,158.02399999999997,inf,260.226,260.226
438,T3,BESTEFFORT,COMPLETED,m6-1,110.397,"{'m1-1': 110.5, 'm2-1': 10.68, 'm3-1': 10.88, 'm4-1': 101.78, 'm5-1': 97.39, 'm6-1': 0.99, 'm7-1': 113.7, 'm8-1': 10.2}",1.4849999999999999,231.54400000000004,232.53400000000005,inf,260.397,260.397
439,T2,BESTEFFORT,COMPLETED,m6-1,110.512,"{'m1-1': 114.01, 'm2-1': 10.28, 'm3-1': 11.69, 'm4-1': 102.05, 'm5-1': 109.96, 'm6-1': 0.96, 'm7-1': 106.14, 'm8-1': 11.07}",1.44,114.52399999999999,115.48399999999998,inf,260.512,260.512
440,T3,BESTEFFORT,COMPLETED,m8-1,110.52,"{'m1-1': 94.82, 'm2-1': 10.64, 'm3-1': 9.8, 'm4-1': 98.05, 'm5-1': 95.99, 'm6-1': 1.09, 'm7-1': 97.85, 'm8-1': 9.64}",14.46,172.303,181.94299999999998,inf,260.52,260.52
441,T2,BESTEFFORT,COMPLETED,m6-1,111.116,"{'m1-1': 100.59, 'm2-1': 11.27, 'm3-1': 10.49, 'm4-1': 106.27, 'm5-1': 107.55, 'm6-1': 0.96, 'm7-1': 106.62, 'm8-1': 10.81}",1.44,219.85400000000007,220.81400000000008,inf,261.116,261.116
442,T2,BESTEFFORT,MISSED,m3-1,111.58,"{'m1-1': 109.54, 'm2-1': 11.31, 'm3-1': 11.3, 'm4-1': 103.94, 'm5-1': 103.85, 'm6-1': 1.02, 'm7-1': 108.23, 'm8-1': 10.15}",15.724500000000006,251.09699999999998,inf,261.58,261.58,261.58
443,T1,BESTEFFORT,COMPLETED,m6-1,111.977,"{'m1-1': 101.86, 'm2-1': 9.25, 'm3-1': 10.05, 'm4-1': 98.1, 'm5-1': 111.03, 'm6-1': 1.05, 'm7-1': 106.81, 'm8-1': 9.77}",1.5750000000000002,115.48399999999998,116.53399999999998,inf,261.977,261.977
444,T1,BESTEFFORT,COMPLETED,m6-1,112.118,"{'m1-1': 104.23, 'm2-1': 10.51, 'm3-1': 10.66, 'm4-1': 100.49, 'm5-1': 118.25, 'm6-1': 1.01, 'm7-1': 109.55, 'm8-1': 11.21}",1.5150000000000001,248.124,249.134,inf,262.118,262.118
445,T2,BESTEFFORT,COMPLETED,m6-1,112.353,"{'m1-1': 118.33, 'm2-1': 10.88, 'm3-1': 11.56, 'm4-1': 109.01, 'm5-1': 107.75, 'm6-1': 1.08, 'm7-1': 106.75, 'm8-1': 11.14}",1.62,244.924,246.00400000000002,inf,262.353,262.353
446,T2,BESTEFFORT,COMPLETED,m6-1,112.36,"{'m1-1': 117.47, 'm2-1': 10.86, 'm3-1': 9.99, 'm4-1': 113.78, 'm5-1': 102.93, 'm6-1': 1.09, 'm7-1': 108.62, 'm8-1': 10.78}",1.6350000000000002,252.29399999999998,253.384,inf,262.36,262.36
447,T4,BESTEFFORT,COMPLETED,m3-1,112.384,"{'m1-1': 96.71, 'm2-1': 11.15, 'm3-1': 9.94, 'm4-1': 100.96, 'm5-1': 108.8, 'm6-1': 1.07, 'm7-1': 115.73, 'm8-1': 10.86}",14.91,209.927,219.867,inf,262.384,262.384
448,T1,BESTEFFORT,COMPLETED,m6-1,112.451,"{'m1-1': 96.6, 'm2-1': 9.26, 'm3-1': 10.04, 'm4-1': 108.59, 'm5-1': 105.54, 'm6-1': 1.1, 'm7-1': 99.49, 'm8-1': 10.09}",1.6500000000000001,198.664,199.76399999999998,inf,262.451,262.451
449,T1,BESTEFFORT,COMPLETED,m6-1,112.514,"{'m1-1': 97.61, 'm2-1': 9.46, 'm3-1': 10.31, 'm4-1': 92.66, 'm5-1': 101.43, 'm6-1': 1.13, 'm7-1': 104.04, 'm8-1': 10.93}",1.6949999999999998,158.02399999999997,159.15399999999997,inf,262.514,262.514
450,T2,BESTEFFORT,COMPLETED,m6-1,112.611,"{'m1-1': 117.33, 'm2-1': 11.27, 'm3-1': 10.32, 'm4-1': 106.59, 'm5-1': 109.88, 'm6-1': 1.06, 'm7-1': 104.09, 'm8-1': 10.56}",1.59,181.67399999999998,182.73399999999998,inf,262.611,262.611
451,T4,BESTEFFORT,COMPLETED,m6-1,112.881,"{'m1-1': 109.63, 'm2-1': 10.94, 'm3-1': 9.32, 'm4-1': 107.24, 'm5-1': 100.04, 'm6-1': 1.13, 'm7-1': 100.8, 'm8-1': 10.72}",1.6949999999999998,199.76399999999998,200.89399999999998,inf,262.881,262.881
452,T3,BESTEFFORT,COMPLETED,m8-1,113.689,"{'m1-1': 108.02, 'm2-1': 11.67, 'm3-1': 9.66, 'm4-1': 103.91, 'm5-1': 110.4, 'm6-1': 1.06, 'm7-1': 96.89, 'm8-1': 9.6}",14.399999999999999,211.99299999999997,221.59299999999996,inf,263.68899999999996,263.68899999999996
453,T3,BESTEFFORT,COMPLETED,m6-1,113.785,"{'m1-1': 101.73, 'm2-1': 11.11, 'm3-1': 10.8, 'm4-1': 104.58, 'm5-1': 111.61, 'm6-1': 1.04, 'm7-1': 110.79, 'm8-1': 10.39}",1.56,182.73399999999998,183.77399999999997,inf,263.78499999999997,263.78499999999997
454,T2,BESTEFFORT,COMPLETED,m6-1,114.553,"{'m1-1': 115.8, 'm2-1': 10.53, 'm3-1': 11.57, 'm4-1': 101.46, 'm5-1': 108.48, 'm6-1': 0.97, 'm7-1': 109.74, 'm8-1': 10.06}",1.455,141.70399999999998,142.67399999999998,inf,264.553,264.553
455,T1,BESTEFFORT,COMPLETED,m6-1,114.596,"{'m1-1': 103.91, 'm2-1': 9.6, 'm3-1': 10.17, 'm4-1': 94.04, 'm5-1': 116.57, 'm6-1': 1.07, 'm7-1': 108.9, 'm8-1': 10.11}",1.605,249.134,250.20399999999998,inf,264.596,264.596
456,T3,BESTEFFORT,COMPLETED,m6-1,114.779,"{'m1-1': 101.02, 'm2-1': 11.3, 'm3-1': 10.93, 'm4-1': 100.43, 'm5-1': 106.74, 'm6-1': 1.04, 'm7-1': 101.4, 'm8-1': 10.47}",1.56,220.81400000000008,221.85400000000007,inf,264.779,264.779
457,T2,BESTEFFORT,COMPLETED,m6-1,115.293,"{'m1-1': 112.19, 'm2-1': 11.48, 'm3-1': 11.57, 'm4-1': 111.31, 'm5-1': 100.57, 'm6-1': 0.98, 'm7-1': 102.36, 'm8-1': 9.83}",1.47,241.794,242.774,inf,265.293,265.293
458,T2,BESTEFFORT,COMPLETED,m6-1,115.531,"{'m1-1': 109.82, 'm2-1': 10.67, 'm3-1': 10.34, 'm4-1': 109.66, 'm5-1': 112.52, 'm6-1': 1.12, 'm7-1': 98.95, 'm8-1': 11.05}",1.6800000000000002,221.85400000000007,222.97400000000007,inf,265.531,265.531
459,T2,BESTEFFORT,COMPLETED,m6-1,115.724,"{'m1-1': 101.71, 'm2-1': 10.67, 'm3-1': 9.97, 'm4-1': 101.84, 'm5-1': 101.89, 'm6-1': 1.12, 'm7-1': 106.69, 'm8-1': 11.15}",1.6800000000000002,250.20399999999998,251.32399999999998,inf,265.724,265.724
460,T1,BESTEFFORT,COMPLETED,m6-1,115.75,"{'m1-1': 107.35, 'm2-1': 9.31, 'm3-1': 10.18, 'm4-1': 108.79, 'm5-1': 102.25, 'm6-1': 1.02, 'm7-1': 106.9, 'm8-1': 9.78}",1.53,242.774,243.794,inf,265.75,265.75
461,T2,BESTEFFORT,COMPLETED,m6-1,116.337,"{'m1-1': 113.6, 'm2-1': 10.51, 'm3-1': 11.32, 'm4-1': 101.48, 'm5-1': 97.17, 'm6-1': 0.95, 'm7-1': 110.88, 'm8-1': 10.12}",1.4249999999999998,236.61400000000003,237.56400000000002,inf,266.337,266.337
462,T1,BESTEFFORT,MISSED,m2-1,116.374,"{'m1-1': 113.33, 'm2-1': 10.15, 'm3-1': 11.25, 'm4-1': 106.92, 'm5-1': 106.68, 'm6-1': 1.01, 'm7-1': 113.23, 'm8-1': 10.23}",7.303500000000042,261.505,inf,266.374,266.374,266.374
463,T3,BESTEFFORT,COMPLETED,m6-1,117.111,"{'m1-1': 110.22, 'm2-1': 10.82, 'm3-1': 9.55, 'm4-1': 110.85, 'm5-1': 109.92, 'm6-1': 1.14, 'm7-1': 97.49, 'm8-1': 10.68}",1.71,222.97400000000007,224.11400000000006,inf,267.111,267.111
464,T2,BESTEFFORT,COMPLETED,m6-1,117.2,"{'m1-1': 110.01, 'm2-1': 10.62, 'm3-1': 10.42, 'm4-1': 110.92, 'm5-1': 104.24, 'm6-1': 0.98, 'm7-1': 96.81, 'm8-1': 10.73}",1.47,232.53400000000005,233.51400000000004,inf,267.2,267.2
465,T3,BESTEFFORT,COMPLETED,m6-1,117.526,"{'m1-1': 109.36, 'm2-1': 11.0, 'm3-1': 10.33, 'm4-1': 96.56, 'm5-1': 100.64, 'm6-1': 1.09, 'm7-1': 99.7, 'm8-1': 10.89}",1.6350000000000002,224.11400000000006,225.20400000000006,inf,267.526,267.526
466,T1,BESTEFFORT,COMPLETED,m6-1,117.726,"{'m1-1': 113.09, 'm2-1': 9.69, 'm3-1': 11.45, 'm4-1': 95.68, 'm5-1': 114.64, 'm6-1': 1.11, 'm7-1': 103.9, 'm8-1': 9.95}",1.665,159.15399999999997,160.26399999999998,inf,267.726,267.726
467,T1,BESTEFFORT,COMPLETED,m2-1,117.991,"{'m1-1': 102.75, 'm2-1': 9.72, 'm3-1': 11.04, 'm4-1': 100.74, 'm5-1': 106.83, 'm6-1': 1.07, 'm7-1': 112.47, 'm8-1': 10.64}",14.580000000000002,242.435,252.155,inf,267.991,267.991
468,T1,BESTEFFORT,COMPLETED,m2-1,118.105,"{'m1-1': 100.32, 'm2-1': 9.81, 'm3-1': 9.81, 'm4-1': 99.68, 'm5-1': 103.74, 'm6-1': 1.04, 'm7-1': 111.48, 'm8-1': 10.25}",14.715,162.505,172.315,inf,268.105,268.105
469,T1,BESTEFFORT,COMPLETED,m2-1,118.305,"{'m1-1': 109.36, 'm2-1': 9.31, 'm3-1': 9.82, 'm4-1': 103.49, 'm5-1': 116.35, 'm6-1': 1.08, 'm7-1': 107.53, 'm8-1': 10.86}",13.965,202.48499999999999,211.795,inf,268.305,268.305
470,T3,BESTEFFORT,COMPLETED,m6-1,118.584,"{'m1-1': 102.62, 'm2-1': 11.29, 'm3-1': 10.54, 'm4-1': 106.35, 'm5-1': 101.97, 'm6-1': 1.12, 'm7-1': 112.4, 'm8-1': 10.95}",1.6800000000000002,200.89399999999998,202.01399999999998,inf,268.584,268.584
471,T2,BESTEFFORT,COMPLETED,m6-1,118.724,"{'m1-1': 103.42, 'm2-1': 10.77, 'm3-1': 11.1, 'm4-1': 104.7, 'm5-1': 112.8, 'm6-1': 0.95, 'm7-1': 110.14, 'm8-1': 10.72}",1.4249999999999998,121.78399999999998,122.73399999999998,inf,268.724,268.724
472,T2,BESTEFFORT,COMPLETED,m6-1,118.908,"{'m1-1': 101.0, 'm2-1': 10.82, 'm3-1': 9.91, 'm4-1': 111.13, 'm5-1': 108.28, 'm6-1': 0.98, 'm7-1': 96.81, 'm8-1': 10.56}",1.47,142.67399999999998,143.65399999999997,inf,268.908,268.908
473,T4,BESTEFFORT,COMPLETED,m3-1,120.048,"{'m1-1': 100.07, 'm2-1': 10.13, 'm3-1': 10.81, 'm4-1': 113.61, 'm5-1': 96.63, 'm6-1': 1.1, 'm7-1': 117.8, 'm8-1': 11.0}",16.215,230.24699999999999,241.057,inf,270.048,270.048
474,T1,BESTEFFORT,COMPLETED,m2-1,120.096,"{'m1-1': 99.81, 'm2-1': 9.35, 'm3-1': 11.25, 'm4-1': 109.48, 'm5-1': 103.71, 'm6-1': 0.98, 'm7-1': 103.06, 'm8-1': 11.14}",14.024999999999999,252.155,261.505,inf,270.096,270.096
475,T1,BESTEFFORT,COMPLETED,m6-1,120.29,"{'m1-1': 110.75, 'm2-1': 9.56, 'm3-1': 10.25, 'm4-1': 95.96, 'm5-1': 109.66, 'm6-1': 1.1, 'm7-1': 106.56, 'm8-1': 9.92}",1.6500000000000001,239.59400000000002,240.69400000000002,inf,270.29,270.29
476,T1,BESTEFFORT,COMPLETED,m6-1,121.065,"{'m1-1': 99.73, 'm2-1': 10.09, 'm3-1': 10.57, 'm4-1': 109.14, 'm5-1': 111.08, 'm6-1': 1.05, 'm7-1': 107.08, 'm8-1': 11.24}",1.5750000000000002,124.86399999999998,125.91399999999997,inf,271.065,271.065
477,T1,BESTEFFORT,COMPLETED,m2-1,121.141,"{'m1-1': 109.24, 'm2-1': 9.61, 'm3-1': 10.68, 'm4-1': 96.2, 'm5-1': 114.46, 'm6-1': 1.09, 'm7-1': 108.76, 'm8-1': 9.93}",14.415,152.895,162.505,inf,271.141,271.141
478,T3,BESTEFFORT,MISSED,m7-1,121.177,"{'m1-1': 108.51, 'm2-1': 10.74, 'm3-1': 10.22, 'm4-1': 111.78, 'm5-1': 109.85, 'm6-1': 0.99, 'm7-1': 108.33, 'm8-1': 9.64}",0.0,278.61199999999997,inf,278.61199999999997,271.177,271.177
479,T1,BESTEFFORT,COMPLETED,m6-1,121.415,"{'m1-1': 96.78, 'm2-1': 9.7, 'm3-1': 9.86, 'm4-1': 109.06, 'm5-1': 109.51, 'm6-1': 0.97, 'm7-1': 99.76, 'm8-1': 10.7}",1.455,237.56400000000002,238.53400000000002,inf,271.415,271.415
480,T3,BESTEFFORT,COMPLETED,m6-1,121.645,"{'m1-1': 102.62, 'm2-1': 11.42, 'm3-1': 10.35, 'm4-1': 104.62, 'm5-1': 109.57, 'm6-1': 1.04, 'm7-1': 97.63, 'm8-1': 9.98}",1.56,143.65399999999997,144.69399999999996,inf,271.645,271.645
481,T4,BESTEFFORT,COMPLETED,m3-1,121.819,"{'m1-1': 100.99, 'm2-1': 10.02, 'm3-1': 9.26, 'm4-1': 100.3, 'm5-1': 104.99, 'm6-1': 1.09, 'm7-1': 115.05, 'm8-1': 9.75}",13.89,261.58,270.84,inf,271.819,271.819
482,T3,BESTEFFORT,MISSED,m7-1,123.121,"{'m1-1': 105.74, 'm2-1': 10.27, 'm3-1': 10.69, 'm4-1': 108.38, 'm5-1': 97.27, 'm6-1': 1.08, 'm7-1': 112.06, 'm8-1': 10.35}",0.0,278.61199999999997,inf,278.61199999999997,273.121,273.121
483,T2,BESTEFFORT,COMPLETED,m6-1,123.153,"{'m1-1': 103.92, 'm2-1': 11.5, 'm3-1': 10.25, 'm4-1': 108.88, 'm5-1': 109.64, 'm6-1': 1.03, 'm7-1': 99.13, 'm8-1': 10.7}",1.545,233.51400000000004,234.54400000000004,inf,273.153,273.153
484,T4,BESTEFFORT,COMPLETED,m3-1,123.332,"{'m1-1': 110.58, 'm2-1': 11.04, 'm3-1': 9.9, 'm4-1': 101.47, 'm5-1': 105.1, 'm6-1': 1.08, 'm7-1': 109.69, 'm8-1': 9.88}",14.850000000000001,161.19699999999997,171.09699999999998,inf,273.332,273.332
485,T2,BESTEFFORT,COMPLETED,m6-1,123.843,"{'m1-1': 114.54, 'm2-1': 11.14, 'm3-1': 10.77, 'm4-1': 99.71, 'm5-1': 100.81, 'm6-1': 0.96, 'm7-1': 97.12, 'm8-1': 11.12}",1.44,144.69399999999996,145.65399999999997,inf,273.843,273.843
486,T2,BESTEFFORT,COMPLETED,m6-1,123.901,"{'m1-1': 100.24, 'm2-1': 11.03, 'm3-1': 11.18, 'm4-1': 96.92, 'm5-1': 108.75, 'm6-1': 0.97, 'm7-1': 104.4, 'm8-1': 10.6}",1.455,251.32399999999998,252.29399999999998,inf,273.901,273.901
487,T2,BESTEFFORT,COMPLETED,m6-1,124.619,"{'m1-1': 113.8, 'm2-1': 9.77, 'm3-1': 10.22, 'm4-1': 105.37, 'm5-1': 103.97, 'm6-1': 1.1, 'm7-1': 109.47, 'm8-1': 11.44}",1.6500000000000001,240.69400000000002,241.794,inf,274.619,274.619
488,T3,BESTEFFORT,COMPLETED,m6-1,125.385,"{'m1-1': 102.36, 'm2-1': 10.21, 'm3-1': 9.73, 'm4-1': 101.71, 'm5-1': 111.48, 'm6-1': 1.0, 'm7-1': 97.48, 'm8-1': 10.54}",1.5,129.22399999999996,130.22399999999996,inf,275.385,275.385
489,T2,BESTEFFORT,COMPLETED,m6-1,125.674,"{'m1-1': 110.44, 'm2-1': 10.96, 'm3-1': 10.02, 'm4-1': 100.22, 'm5-1': 110.71, 'm6-1': 1.02, 'm7-1': 106.41, 'm8-1': 11.2}",1.53,253.384,254.404,inf,275.674,275.674
490,T2,BESTEFFORT,COMPLETED,m6-1,126.27,"{'m1-1': 107.59, 'm2-1': 10.6, 'm3-1': 10.7, 'm4-1': 96.3, 'm5-1': 113.34, 'm6-1': 1.03, 'm7-1': 104.58, 'm8-1': 9.82}",1.545,131.26399999999995,132.29399999999995,inf,276.27,276.27
491,T3,BESTEFFORT,COMPLETED,m6-1,126.354,"{'m1-1': 110.66, 'm2-1': 11.42, 'm3-1': 10.92, 'm4-1': 108.16, 'm5-1': 94.51, 'm6-1': 1.0, 'm7-1': 112.56, 'm8-1': 9.57}",1.5,132.29399999999995,133.29399999999995,inf,276.354,276.354
492,T3,BESTEFFORT,COMPLETED,m6-1,126.517,"{'m1-1': 104.63, 'm2-1': 11.3, 'm3-1': 10.8, 'm4-1': 96.43, 'm5-1': 103.7, 'm6-1': 1.13, 'm7-1': 113.9, 'm8-1': 9.83}",1.6949999999999998,243.794,244.924,inf,276.517,276.517
493,T2,BESTEFFORT,COMPLETED,m6-1,126.607,"{'m1-1': 112.18, 'm2-1': 11.2, 'm3-1': 10.95, 'm4-1': 100.98, 'm5-1': 114.37, 'm6-1': 1.04, 'm7-1': 114.79, 'm8-1': 10.04}",1.56,130.22399999999996,131.26399999999995,inf,276.60699999999997,276.60699999999997
494,T3,BESTEFFORT,COMPLETED,m8-1,126.987,"{'m1-1': 109.1, 'm2-1': 11.48, 'm3-1': 9.98, 'm4-1': 96.02, 'm5-1': 107.08, 'm6-1': 1.13, 'm7-1': 108.26, 'm8-1': 9.66}",14.49,191.39299999999997,201.05299999999997,inf,276.98699999999997,276.98699999999997
495,T3,BESTEFFORT,COMPLETED,m6-1,127.997,"{'m1-1': 109.7, 'm2-1': 11.14, 'm3-1': 10.18, 'm4-1': 95.03, 'm5-1': 110.34, 'm6-1': 1.0, 'm7-1': 114.43, 'm8-1': 10.29}",1.5,202.01399999999998,203.01399999999998,inf,277.997,277.997
496,T3,BESTEFFORT,MISSED,m7-1,128.612,"{'m1-1': 110.7, 'm2-1': 9.98, 'm3-1': 10.48, 'm4-1': 107.73, 'm5-1': 109.85, 'm6-1': 1.15, 'm7-1': 107.32, 'm8-1': 9.83}",41.41349999999997,251.003,inf,278.61199999999997,278.61199999999997,278.61199999999997
497,T3,BESTEFFORT,COMPLETED,m8-1,129.372,"{'m1-1': 109.14, 'm2-1': 10.6, 'm3-1': 11.25, 'm4-1': 103.96, 'm5-1': 101.65, 'm6-1': 1.01, 'm7-1': 97.2, 'm8-1': 9.24}",13.86,163.063,172.303,inf,279.372,279.372
498,T3,BESTEFFORT,MISSED,m5-1,129.806,"{'m1-1': 94.65, 'm2-1': 10.02, 'm3-1': 11.13, 'm4-1': 100.47, 'm5-1': 95.29, 'm6-1': 0.99, 'm7-1': 105.58, 'm8-1': 9.22}",0.0,280.884,inf,280.884,279.80600000000004,279.80600000000004
499,T3,BESTEFFORT,MISSED,m5-1,130.884,"{'m1-1': 110.19, 'm2-1': 10.44, 'm3-1': 10.84, 'm4-1': 102.63, 'm5-1': 109.21, 'm6-1': 1.04, 'm7-1': 103.41, 'm8-1': 9.56}",69.54150000000003,234.523,inf,280.884,280.884,280.884
