id,type,urgency,status,assigned_machine,arrival_time,execution_time,energy_usage,start_time,completion_time,missed_time,deadline,extended_deadline
0,T3,BESTEFFORT,COMPLETED,m6-1,0.049,"{'m1-1': 10.13, 'm2-1': 10.0, 'm3-1': 9.91, 'm4-1': 10.88, 'm5-1': 110.48, 'm6-1': 1.07, 'm7-1': 10.2, 'm8-1': 11.33}",1.605,0.049,1.119,inf,150.049,150.049
1,T2,BESTEFFORT,COMPLETED,m6-1,0.077,"{'m1-1': 9.94, 'm2-1': 10.14, 'm3-1': 10.83, 'm4-1': 9.62, 'm5-1': 112.42, 'm6-1': 1.03, 'm7-1': 11.08, 'm8-1': 10.41}",1.545,1.119,2.149,inf,150.077,150.077
2,T3,BESTEFFORT,COMPLETED,m6-1,0.197,"{'m1-1': 10.09, 'm2-1': 10.44, 'm3-1': 9.99, 'm4-1': 10.34, 'm5-1': 106.42, 'm6-1': 0.98, 'm7-1': 9.93, 'm8-1': 11.58}",1.47,2.149,3.129,inf,150.197,150.197
3,T1,BESTEFFORT,COMPLETED,m6-1,0.41,"{'m1-1': 10.62, 'm2-1': 11.27, 'm3-1': 10.04, 'm4-1': 10.81, 'm5-1': 101.49, 'm6-1': 0.99, 'm7-1': 10.59, 'm8-1': 10.5}",1.4849999999999999,3.129,4.119,inf,150.41,150.41
4,T3,BESTEFFORT,COMPLETED,m3-1,0.463,"{'m1-1': 10.53, 'm2-1': 10.98, 'm3-1': 10.36, 'm4-1': 11.28, 'm5-1': 113.7, 'm6-1': 0.94, 'm7-1': 10.33, 'm8-1': 10.37}",15.54,0.463,10.822999999999999,inf,150.463,150.463
5,T2,BESTEFFORT,COMPLETED,m1-1,0.803,"{'m1-1': 10.19, 'm2-1': 10.25, 'm3-1': 9.3, 'm4-1': 10.22, 'm5-1': 105.54, 'm6-1': 0.98, 'm7-1': 10.72, 'm8-1': 11.06}",15.285,0.803,10.993,inf,150.803,150.803
6,T2,BESTEFFORT,COMPLETED,m2-1,0.854,"{'m1-1': 10.78, 'm2-1': 10.24, 'm3-1': 9.62, 'm4-1': 10.46, 'm5-1': 109.22, 'm6-1': 1.04, 'm7-1': 10.94, 'm8-1': 10.66}",15.36,0.854,11.094,inf,150.854,150.854
7,T1,BESTEFFORT,COMPLETED,m4-1,0.94,"{'m1-1': 10.07, 'm2-1': 10.84, 'm3-1': 9.54, 'm4-1': 10.57, 'm5-1': 97.18, 'm6-1': 1.0, 'm7-1': 11.29, 'm8-1': 10.56}",15.855,0.94,11.51,inf,150.94,150.94
8,T2,BESTEFFORT,COMPLETED,m8-1,0.955,"{'m1-1': 11.04, 'm2-1': 10.64, 'm3-1': 10.11, 'm4-1': 9.46, 'm5-1': 96.55, 'm6-1': 1.08, 'm7-1': 10.32, 'm8-1': 10.93}",16.395,0.955,11.885,inf,150.955,150.955
9,T4,BESTEFFORT,COMPLETED,m6-1,1.455,"{'m1-1': 11.65, 'm2-1': 10.97, 'm3-1': 9.76, 'm4-1': 10.58, 'm5-1': 104.82, 'm6-1': 1.11, 'm7-1': 9.29, 'm8-1': 11.1}",1.665,4.119,5.229,inf,151.455,151.455
10,T1,BESTEFFORT,COMPLETED,m7-1,1.49,"{'m1-1': 10.36, 'm2-1': 10.17, 'm3-1': 10.28, 'm4-1': 11.0, 'm5-1': 101.11, 'm6-1': 1.0, 'm7-1': 10.83, 'm8-1': 9.71}",16.245,1.49,12.32,inf,151.49,151.49
11,T1,BESTEFFORT,COMPLETED,m1-1,1.585,"{'m1-1': 10.6, 'm2-1': 11.09, 'm3-1': 10.32, 'm4-1': 10.29, 'm5-1': 102.91, 'm6-1': 1.04, 'm7-1': 11.51, 'm8-1': 9.74}",15.899999999999999,10.993,21.593,inf,151.585,151.585
12,T3,BESTEFFORT,COMPLETED,m3-1,1.734,"{'m1-1': 9.72, 'm2-1': 10.62, 'm3-1': 11.05, 'm4-1': 10.91, 'm5-1': 105.56, 'm6-1': 1.09, 'm7-1': 10.58, 'm8-1': 10.77}",16.575000000000003,10.822999999999999,21.872999999999998,inf,151.734,151.734
13,T4,BESTEFFORT,COMPLETED,m2-1,1.76,"{'m1-1': 10.06, 'm2-1': 9.94, 'm3-1': 9.85, 'm4-1': 10.06, 'm5-1': 100.29, 'm6-1': 0.98, 'm7-1': 10.63, 'm8-1': 9.94}",14.91,11.094,21.034,inf,151.76,151.76
14,T1,BESTEFFORT,COMPLETED,m4-1,1.794,"{'m1-1': 10.62, 'm2-1': 10.91, 'm3-1': 10.4, 'm4-1': 10.2, 'm5-1': 103.32, 'm6-1': 1.04, 'm7-1': 10.0, 'm8-1': 10.59}",15.299999999999999,11.51,21.71,inf,151.794,151.794
15,T3,BESTEFFORT,COMPLETED,m8-1,1.971,"{'m1-1': 9.4, 'm2-1': 10.47, 'm3-1': 9.59, 'm4-1': 9.74, 'm5-1': 101.6, 'm6-1': 0.94, 'm7-1': 9.62, 'm8-1': 10.43}",15.645,11.885,22.314999999999998,inf,151.971,151.971
16,T3,BESTEFFORT,COMPLETED,m7-1,2.136,"{'m1-1': 9.54, 'm2-1': 10.41, 'm3-1': 10.42, 'm4-1': 10.96, 'm5-1': 114.64, 'm6-1': 1.08, 'm7-1': 9.81, 'm8-1': 11.59}",14.715,12.32,22.130000000000003,inf,152.136,152.136
17,T4,BESTEFFORT,COMPLETED,m6-1,2.206,"{'m1-1': 9.84, 'm2-1': 9.93, 'm3-1': 11.51, 'm4-1': 11.68, 'm5-1': 102.21, 'm6-1': 1.11, 'm7-1': 10.03, 'm8-1': 11.43}",1.665,5.229,6.339,inf,152.206,152.206
18,T3,BESTEFFORT,COMPLETED,m3-1,2.224,"{'m1-1': 10.27, 'm2-1': 11.34, 'm3-1': 11.2, 'm4-1': 10.19, 'm5-1': 103.2, 'm6-1': 1.09, 'm7-1': 9.89, 'm8-1': 9.95}",16.799999999999997,21.872999999999998,33.07299999999999,inf,152.224,152.224
19,T1,BESTEFFORT,COMPLETED,m1-1,2.547,"{'m1-1': 10.39, 'm2-1': 10.51, 'm3-1': 10.29, 'm4-1': 9.96, 'm5-1': 103.23, 'm6-1': 0.99, 'm7-1': 11.46, 'm8-1': 10.37}",15.585,21.593,31.983,inf,152.547,152.547
20,T2,BESTEFFORT,COMPLETED,m2-1,2.812,"{'m1-1': 10.84, 'm2-1': 11.47, 'm3-1': 9.4, 'm4-1': 9.62, 'm5-1': 96.39, 'm6-1': 1.1, 'm7-1': 11.66, 'm8-1': 10.51}",17.205000000000002,21.034,32.504,inf,152.812,152.812
21,T3,BESTEFFORT,COMPLETED,m8-1,2.814,"{'m1-1': 9.52, 'm2-1': 10.34, 'm3-1': 9.68, 'm4-1': 10.42, 'm5-1': 98.88, 'm6-1': 1.09, 'm7-1': 9.4, 'm8-1': 10.82}",16.23,22.314999999999998,33.135,inf,152.814,152.814
22,T2,BESTEFFORT,COMPLETED,m6-1,3.569,"{'m1-1': 10.56, 'm2-1': 9.97, 'm3-1': 10.83, 'm4-1': 9.48, 'm5-1': 105.17, 'm6-1': 1.05, 'm7-1': 10.8, 'm8-1': 9.48}",1.5750000000000002,6.339,7.389,inf,153.569,153.569
23,T2,BESTEFFORT,COMPLETED,m4-1,3.726,"{'m1-1': 9.78, 'm2-1': 9.9, 'm3-1': 10.32, 'm4-1': 10.86, 'm5-1': 108.33, 'm6-1': 1.01, 'm7-1': 11.11, 'm8-1': 10.29}",16.29,21.71,32.57,inf,153.726,153.726
24,T4,BESTEFFORT,COMPLETED,m7-1,3.815,"{'m1-1': 11.16, 'm2-1': 9.75, 'm3-1': 10.13, 'm4-1': 10.12, 'm5-1': 100.48, 'm6-1': 1.05, 'm7-1': 10.08, 'm8-1': 9.86}",15.120000000000001,22.130000000000003,32.21,inf,153.815,153.815
25,T1,BESTEFFORT,COMPLETED,m3-1,4.098,"{'m1-1': 9.52, 'm2-1': 10.92, 'm3-1': 9.36, 'm4-1': 10.59, 'm5-1': 111.7, 'm6-1': 1.0, 'm7-1': 10.89, 'm8-1': 10.58}",14.04,33.07299999999999,42.43299999999999,inf,154.098,154.098
26,T1,BESTEFFORT,COMPLETED,m6-1,4.309,"{'m1-1': 9.52, 'm2-1': 11.4, 'm3-1': 10.68, 'm4-1': 10.74, 'm5-1': 99.38, 'm6-1': 1.02, 'm7-1': 11.24, 'm8-1': 9.97}",1.53,7.389,8.409,inf,154.309,154.309
27,T4,BESTEFFORT,COMPLETED,m2-1,4.573,"{'m1-1': 11.42, 'm2-1': 9.57, 'm3-1': 10.39, 'm4-1': 11.1, 'm5-1': 97.3, 'm6-1': 1.02, 'm7-1': 10.66, 'm8-1': 10.85}",14.355,32.504,42.074,inf,154.573,154.573
28,T4,BESTEFFORT,COMPLETED,m1-1,4.635,"{'m1-1': 10.65, 'm2-1': 10.36, 'm3-1': 10.49, 'm4-1': 11.77, 'm5-1': 105.4, 'm6-1': 1.03, 'm7-1': 10.67, 'm8-1': 10.23}",15.975000000000001,31.983,42.633,inf,154.635,154.635
29,T4,BESTEFFORT,COMPLETED,m8-1,4.81,"{'m1-1': 10.65, 'm2-1': 10.4, 'm3-1': 10.14, 'm4-1': 11.01, 'm5-1': 108.28, 'm6-1': 1.07, 'm7-1': 10.52, 'm8-1': 10.47}",15.705000000000002,33.135,43.605,inf,154.81,154.81
30,T3,BESTEFFORT,COMPLETED,m4-1,4.989,"{'m1-1': 10.81, 'm2-1': 10.22, 'm3-1': 10.51, 'm4-1': 10.68, 'm5-1': 108.93, 'm6-1': 0.97, 'm7-1': 9.46, 'm8-1': 10.92}",16.02,32.57,43.25,inf,154.989,154.989
31,T2,BESTEFFORT,COMPLETED,m7-1,5.199,"{'m1-1': 9.97, 'm2-1': 11.1, 'm3-1': 9.17, 'm4-1': 10.22, 'm5-1': 112.39, 'm6-1': 1.06, 'm7-1': 10.92, 'm8-1': 10.54}",16.38,32.21,43.13,inf,155.199,155.199
32,T3,BESTEFFORT,COMPLETED,m6-1,5.487,"{'m1-1': 10.27, 'm2-1': 10.01, 'm3-1': 10.46, 'm4-1': 9.81, 'm5-1': 104.31, 'm6-1': 1.0, 'm7-1': 10.49, 'm8-1': 10.09}",1.5,8.409,9.409,inf,155.487,155.487
33,T3,BESTEFFORT,COMPLETED,m5-1,5.51,"{'m1-1': 9.48, 'm2-1': 10.63, 'm3-1': 9.68, 'm4-1': 10.0, 'm5-1': 102.47, 'm6-1': 1.06, 'm7-1': 10.53, 'm8-1': 11.18}",153.70499999999998,5.51,107.98,inf,155.51,155.51
34,T1,BESTEFFORT,MISSED,m5-1,5.731,"{'m1-1': 10.09, 'm2-1': 11.05, 'm3-1': 9.64, 'm4-1': 10.91, 'm5-1': 98.5, 'm6-1': 1.09, 'm7-1': 11.08, 'm8-1': 10.38}",71.6265,107.98,inf,155.731,155.731,155.731
35,T1,BESTEFFORT,MISSED,m5-1,5.757,"{'m1-1': 10.83, 'm2-1': 10.11, 'm3-1': 9.33, 'm4-1': 10.31, 'm5-1': 105.48, 'm6-1': 1.06, 'm7-1': 11.34, 'm8-1': 10.07}",0.03900000000001569,155.731,inf,155.757,155.757,155.757
36,T1,BESTEFFORT,MISSED,m5-1,5.775,"{'m1-1': 10.72, 'm2-1': 10.04, 'm3-1': 9.81, 'm4-1': 10.16, 'm5-1': 97.71, 'm6-1': 1.09, 'm7-1': 9.94, 'm8-1': 9.48}",0.027000000000001023,155.757,inf,155.775,155.775,155.775
37,T3,BESTEFFORT,CANCELLED,,5.839,"{'m1-1': 10.72, 'm2-1': 10.7, 'm3-1': 10.87, 'm4-1': 10.0, 'm5-1': 107.76, 'm6-1': 1.09, 'm7-1': 9.98, 'm8-1': 11.55}",0.0,inf,inf,inf,155.839,155.839
38,T1,BESTEFFORT,CANCELLED,,6.008,"{'m1-1': 9.45, 'm2-1': 10.14, 'm3-1': 10.1, 'm4-1': 10.14, 'm5-1': 110.35, 'm6-1': 1.04, 'm7-1': 10.44, 'm8-1': 9.73}",0.0,inf,inf,inf,156.008,156.008
39,T4,BESTEFFORT,COMPLETED,m6-1,6.302,"{'m1-1': 10.08, 'm2-1': 10.55, 'm3-1': 11.42, 'm4-1': 10.89, 'm5-1': 97.25, 'm6-1': 1.06, 'm7-1': 9.41, 'm8-1': 10.07}",1.59,9.409,10.469000000000001,inf,156.302,156.302
40,T4,BESTEFFORT,COMPLETED,m2-1,6.623,"{'m1-1': 11.34, 'm2-1': 10.22, 'm3-1': 10.72, 'm4-1': 11.65, 'm5-1': 105.1, 'm6-1': 1.09, 'm7-1': 9.73, 'm8-1': 10.86}",15.330000000000002,51.814,62.034,inf,156.623,156.623
41,T3,BESTEFFORT,CANCELLED,,6.796,"{'m1-1': 10.19, 'm2-1': 10.33, 'm3-1': 10.33, 'm4-1': 11.14, 'm5-1': 99.52, 'm6-1': 0.98, 'm7-1': 10.46, 'm8-1': 10.06}",0.0,inf,inf,inf,156.796,156.796
42,T4,BESTEFFORT,COMPLETED,m6-1,6.863,"{'m1-1': 11.05, 'm2-1': 10.62, 'm3-1': 11.24, 'm4-1': 10.56, 'm5-1': 114.25, 'm6-1': 1.04, 'm7-1': 10.6, 'm8-1': 9.92}",1.56,10.469000000000001,11.509,inf,156.863,156.863
43,T3,BESTEFFORT,CANCELLED,,7.023,"{'m1-1': 10.1, 'm2-1': 10.44, 'm3-1': 10.91, 'm4-1': 10.01, 'm5-1': 100.49, 'm6-1': 0.94, 'm7-1': 10.34, 'm8-1': 10.35}",0.0,inf,inf,inf,157.023,157.023
44,T2,BESTEFFORT,MISSED,m8-1,7.405,"{'m1-1': 9.6, 'm2-1': 10.84, 'm3-1': 10.14, 'm4-1': 9.83, 'm5-1': 109.1, 'm6-1': 0.99, 'm7-1': 11.37, 'm8-1': 10.01}",2.2199999999999847,155.925,inf,157.405,157.405,157.405
45,T3,BESTEFFORT,CANCELLED,,7.621,"{'m1-1': 9.48, 'm2-1': 10.4, 'm3-1': 11.15, 'm4-1': 9.74, 'm5-1': 109.68, 'm6-1': 0.97, 'm7-1': 10.58, 'm8-1': 10.85}",0.0,inf,inf,inf,157.621,157.621
46,T1,BESTEFFORT,COMPLETED,m8-1,7.652,"{'m1-1': 10.57, 'm2-1': 9.9, 'm3-1': 9.77, 'm4-1': 10.72, 'm5-1': 105.48, 'm6-1': 1.1, 'm7-1': 11.28, 'm8-1': 9.91}",14.865,43.605,53.515,inf,157.652,157.652
47,T2,BESTEFFORT,MISSED,m1-1,7.738,"{'m1-1': 9.56, 'm2-1': 11.04, 'm3-1': 9.57, 'm4-1': 10.52, 'm5-1': 102.09, 'm6-1': 0.95, 'm7-1': 10.99, 'm8-1': 10.27}",0.0,163.963,inf,163.963,157.738,157.738
48,T3,BESTEFFORT,COMPLETED,m6-1,7.847,"{'m1-1': 10.19, 'm2-1': 11.16, 'm3-1': 10.29, 'm4-1': 10.11, 'm5-1': 115.45, 'm6-1': 1.03, 'm7-1': 9.99, 'm8-1': 10.61}",1.545,93.729,94.759,inf,157.847,157.847
49,T3,BESTEFFORT,COMPLETED,m3-1,8.102,"{'m1-1': 10.58, 'm2-1': 11.18, 'm3-1': 9.89, 'm4-1': 10.42, 'm5-1': 104.66, 'm6-1': 1.01, 'm7-1': 9.96, 'm8-1': 11.04}",14.835,42.43299999999999,52.32299999999999,inf,158.102,158.102
50,T4,BESTEFFORT,COMPLETED,m6-1,8.131,"{'m1-1': 10.73, 'm2-1': 11.24, 'm3-1': 10.26, 'm4-1': 11.06, 'm5-1': 104.4, 'm6-1': 1.11, 'm7-1': 10.41, 'm8-1': 11.05}",1.665,12.559000000000001,13.669,inf,158.131,158.131
51,T1,BESTEFFORT,COMPLETED,m6-1,8.146,"{'m1-1': 9.35, 'm2-1': 9.89, 'm3-1': 10.79, 'm4-1': 11.1, 'm5-1': 101.11, 'm6-1': 1.05, 'm7-1': 10.74, 'm8-1': 10.88}",1.5750000000000002,11.509,12.559000000000001,inf,158.14600000000002,158.14600000000002
52,T3,BESTEFFORT,MISSED,m6-1,8.227,"{'m1-1': 9.52, 'm2-1': 10.98, 'm3-1': 10.29, 'm4-1': 10.42, 'm5-1': 102.99, 'm6-1': 1.07, 'm7-1': 10.41, 'm8-1': 10.01}",0.0,158.88899999999987,inf,158.88899999999987,158.227,158.227
53,T3,BESTEFFORT,COMPLETED,m6-1,8.846,"{'m1-1': 9.74, 'm2-1': 11.33, 'm3-1': 9.92, 'm4-1': 10.86, 'm5-1': 108.56, 'm6-1': 1.01, 'm7-1': 9.58, 'm8-1': 11.51}",1.5150000000000001,14.789000000000001,15.799000000000001,inf,158.846,158.846
54,T4,BESTEFFORT,CANCELLED,,9.155,"{'m1-1': 11.25, 'm2-1': 10.24, 'm3-1': 10.47, 'm4-1': 10.24, 'm5-1': 106.71, 'm6-1': 0.97, 'm7-1': 9.62, 'm8-1': 10.85}",0.0,inf,inf,inf,159.155,159.155
55,T4,BESTEFFORT,CANCELLED,,9.246,"{'m1-1': 11.31, 'm2-1': 9.68, 'm3-1': 10.55, 'm4-1': 11.68, 'm5-1': 112.4, 'm6-1': 1.08, 'm7-1': 10.94, 'm8-1': 9.98}",0.0,inf,inf,inf,159.246,159.246
56,T1,BESTEFFORT,COMPLETED,m6-1,9.6,"{'m1-1': 9.52, 'm2-1': 9.86, 'm3-1': 9.38, 'm4-1': 10.08, 'm5-1': 111.95, 'm6-1': 1.12, 'm7-1': 11.47, 'm8-1': 10.18}",1.6800000000000002,13.669,14.789000000000001,inf,159.6,159.6
57,T4,BESTEFFORT,COMPLETED,m2-1,9.827,"{'m1-1': 11.48, 'm2-1': 9.74, 'm3-1': 9.87, 'm4-1': 11.33, 'm5-1': 102.4, 'm6-1': 0.95, 'm7-1': 9.64, 'm8-1': 10.41}",14.61,42.074,51.814,inf,159.827,159.827
58,T3,BESTEFFORT,COMPLETED,m1-1,9.928,"{'m1-1': 9.48, 'm2-1': 10.26, 'm3-1': 9.73, 'm4-1': 10.65, 'm5-1': 111.6, 'm6-1': 1.02, 'm7-1': 10.6, 'm8-1': 9.84}",14.22,42.633,52.113,inf,159.928,159.928
59,T2,BESTEFFORT,COMPLETED,m4-1,9.942,"{'m1-1': 11.05, 'm2-1': 10.8, 'm3-1': 10.36, 'm4-1': 10.73, 'm5-1': 107.57, 'm6-1': 1.07, 'm7-1': 10.71, 'm8-1': 10.14}",16.095,43.25,53.980000000000004,inf,159.942,159.942
60,T2,BESTEFFORT,CANCELLED,,10.076,"{'m1-1': 9.73, 'm2-1': 9.87, 'm3-1': 9.94, 'm4-1': 10.83, 'm5-1': 111.15, 'm6-1': 1.09, 'm7-1': 11.77, 'm8-1': 10.22}",0.0,inf,inf,inf,160.076,160.076
61,T1,BESTEFFORT,CANCELLED,,10.116,"{'m1-1': 10.29, 'm2-1': 9.8, 'm3-1': 9.95, 'm4-1': 10.33, 'm5-1': 96.75, 'm6-1': 1.06, 'm7-1': 11.58, 'm8-1': 9.46}",0.0,inf,inf,inf,160.11599999999999,160.11599999999999
62,T3,BESTEFFORT,COMPLETED,m6-1,10.372,"{'m1-1': 10.92, 'm2-1': 10.17, 'm3-1': 10.92, 'm4-1': 10.03, 'm5-1': 113.09, 'm6-1': 0.93, 'm7-1': 10.98, 'm8-1': 10.8}",1.395,17.769000000000002,18.699,inf,160.372,160.372
63,T4,BESTEFFORT,COMPLETED,m7-1,10.606,"{'m1-1': 11.16, 'm2-1': 10.06, 'm3-1': 9.87, 'm4-1': 10.31, 'm5-1': 103.41, 'm6-1': 1.11, 'm7-1': 9.74, 'm8-1': 11.07}",14.61,43.13,52.870000000000005,inf,160.606,160.606
64,T1,BESTEFFORT,COMPLETED,m6-1,11.316,"{'m1-1': 10.9, 'm2-1': 9.95, 'm3-1': 9.39, 'm4-1': 10.62, 'm5-1': 95.06, 'm6-1': 0.96, 'm7-1': 9.88, 'm8-1': 9.39}",1.44,65.469,66.42899999999999,inf,161.316,161.316
65,T4,BESTEFFORT,CANCELLED,,11.39,"{'m1-1': 10.56, 'm2-1': 10.87, 'm3-1': 9.71, 'm4-1': 9.98, 'm5-1': 112.99, 'm6-1': 1.04, 'm7-1': 9.28, 'm8-1': 11.08}",0.0,inf,inf,inf,161.39,161.39
66,T2,BESTEFFORT,CANCELLED,,11.578,"{'m1-1': 9.73, 'm2-1': 10.97, 'm3-1': 9.6, 'm4-1': 9.51, 'm5-1': 97.67, 'm6-1': 0.99, 'm7-1': 10.86, 'm8-1': 9.96}",0.0,inf,inf,inf,161.578,161.578
67,T3,BESTEFFORT,COMPLETED,m6-1,11.701,"{'m1-1': 9.5, 'm2-1': 10.63, 'm3-1': 10.14, 'm4-1': 10.13, 'm5-1': 107.83, 'm6-1': 0.99, 'm7-1': 9.96, 'm8-1': 11.48}",1.4849999999999999,15.799000000000001,16.789,inf,161.701,161.701
68,T4,BESTEFFORT,MISSED,m2-1,11.767,"{'m1-1': 10.72, 'm2-1': 10.17, 'm3-1': 10.24, 'm4-1': 10.32, 'm5-1': 101.33, 'm6-1': 1.11, 'm7-1': 9.93, 'm8-1': 10.67}",0.0,176.194,inf,176.194,161.767,161.767
69,T3,BESTEFFORT,CANCELLED,,12.005,"{'m1-1': 10.7, 'm2-1': 10.27, 'm3-1': 10.3, 'm4-1': 10.14, 'm5-1': 114.67, 'm6-1': 0.96, 'm7-1': 10.57, 'm8-1': 11.36}",0.0,inf,inf,inf,162.005,162.005
70,T1,BESTEFFORT,CANCELLED,,12.208,"{'m1-1': 10.08, 'm2-1': 10.8, 'm3-1': 10.59, 'm4-1': 11.13, 'm5-1': 107.24, 'm6-1': 0.97, 'm7-1': 9.91, 'm8-1': 11.07}",0.0,inf,inf,inf,162.208,162.208
71,T3,BESTEFFORT,COMPLETED,m6-1,12.266,"{'m1-1': 10.06, 'm2-1': 10.59, 'm3-1': 10.04, 'm4-1': 10.34, 'm5-1': 109.96, 'm6-1': 0.93, 'm7-1': 10.28, 'm8-1': 9.88}",1.395,131.76899999999995,132.69899999999996,inf,162.266,162.266
72,T2,BESTEFFORT,CANCELLED,,12.408,"{'m1-1': 9.98, 'm2-1': 9.67, 'm3-1': 10.6, 'm4-1': 10.76, 'm5-1': 99.71, 'm6-1': 0.95, 'm7-1': 10.34, 'm8-1': 10.61}",0.0,inf,inf,inf,162.408,162.408
73,T4,BESTEFFORT,CANCELLED,,12.469,"{'m1-1': 10.08, 'm2-1': 9.54, 'm3-1': 11.05, 'm4-1': 11.02, 'm5-1': 98.44, 'm6-1': 0.96, 'm7-1': 10.05, 'm8-1': 10.76}",0.0,inf,inf,inf,162.469,162.469
74,T2,BESTEFFORT,COMPLETED,m6-1,12.816,"{'m1-1': 9.97, 'm2-1': 11.15, 'm3-1': 10.05, 'm4-1': 9.67, 'm5-1': 108.7, 'm6-1': 1.07, 'm7-1': 10.68, 'm8-1': 10.24}",1.605,158.88899999999987,159.95899999999986,inf,162.816,162.816
75,T3,BESTEFFORT,COMPLETED,m6-1,13.076,"{'m1-1': 9.85, 'm2-1': 10.18, 'm3-1': 10.24, 'm4-1': 9.84, 'm5-1': 108.17, 'm6-1': 0.98, 'm7-1': 10.16, 'm8-1': 11.15}",1.47,16.789,17.769000000000002,inf,163.076,163.076
76,T1,BESTEFFORT,COMPLETED,m1-1,13.095,"{'m1-1': 9.51, 'm2-1': 10.97, 'm3-1': 9.86, 'm4-1': 10.56, 'm5-1': 109.59, 'm6-1': 0.98, 'm7-1': 10.98, 'm8-1': 10.9}",14.265,52.113,61.623,inf,163.095,163.095
77,T2,BESTEFFORT,COMPLETED,m3-1,13.129,"{'m1-1': 11.03, 'm2-1': 10.04, 'm3-1': 10.73, 'm4-1': 10.47, 'm5-1': 113.49, 'm6-1': 1.08, 'm7-1': 11.47, 'm8-1': 9.43}",16.095,52.32299999999999,63.053,inf,163.129,163.129
78,T4,BESTEFFORT,CANCELLED,,13.159,"{'m1-1': 10.63, 'm2-1': 10.72, 'm3-1': 10.65, 'm4-1': 10.52, 'm5-1': 106.64, 'm6-1': 1.02, 'm7-1': 10.93, 'm8-1': 10.34}",0.0,inf,inf,inf,163.159,163.159
79,T1,BESTEFFORT,CANCELLED,,13.16,"{'m1-1': 9.64, 'm2-1': 11.61, 'm3-1': 9.77, 'm4-1': 10.74, 'm5-1': 102.87, 'm6-1': 1.06, 'm7-1': 10.07, 'm8-1': 10.6}",0.0,inf,inf,inf,163.16,163.16
80,T3,BESTEFFORT,CANCELLED,,13.179,"{'m1-1': 10.96, 'm2-1': 9.86, 'm3-1': 10.92, 'm4-1': 11.08, 'm5-1': 105.01, 'm6-1': 1.03, 'm7-1': 9.81, 'm8-1': 11.18}",0.0,inf,inf,inf,163.179,163.179
81,T2,BESTEFFORT,COMPLETED,m4-1,13.287,"{'m1-1': 10.89, 'm2-1': 10.74, 'm3-1': 10.76, 'm4-1': 10.36, 'm5-1': 100.85, 'm6-1': 0.95, 'm7-1': 10.65, 'm8-1': 10.14}",15.54,53.980000000000004,64.34,inf,163.287,163.287
82,T4,BESTEFFORT,CANCELLED,,13.484,"{'m1-1': 11.22, 'm2-1': 11.11, 'm3-1': 10.43, 'm4-1': 11.32, 'm5-1': 111.25, 'm6-1': 1.07, 'm7-1': 10.19, 'm8-1': 10.47}",0.0,inf,inf,inf,163.484,163.484
83,T1,BESTEFFORT,CANCELLED,,13.627,"{'m1-1': 10.2, 'm2-1': 10.88, 'm3-1': 10.28, 'm4-1': 10.23, 'm5-1': 105.62, 'm6-1': 1.04, 'm7-1': 11.01, 'm8-1': 10.55}",0.0,inf,inf,inf,163.627,163.627
84,T1,BESTEFFORT,MISSED,m8-1,13.691,"{'m1-1': 9.83, 'm2-1': 10.35, 'm3-1': 9.6, 'm4-1': 9.99, 'm5-1': 101.77, 'm6-1': 1.02, 'm7-1': 10.48, 'm8-1': 9.4}",0.0,167.625,inf,167.625,163.691,163.691
85,T2,BESTEFFORT,CANCELLED,,13.708,"{'m1-1': 10.02, 'm2-1': 10.0, 'm3-1': 9.62, 'm4-1': 10.8, 'm5-1': 106.13, 'm6-1': 1.09, 'm7-1': 10.02, 'm8-1': 10.09}",0.0,inf,inf,inf,163.708,163.708
86,T2,BESTEFFORT,COMPLETED,m6-1,14.041,"{'m1-1': 10.75, 'm2-1': 10.02, 'm3-1': 9.4, 'm4-1': 10.11, 'm5-1': 107.95, 'm6-1': 0.95, 'm7-1': 10.06, 'm8-1': 10.44}",1.4249999999999998,159.95899999999986,160.90899999999985,inf,164.041,164.041
87,T3,BESTEFFORT,COMPLETED,m6-1,14.161,"{'m1-1': 11.07, 'm2-1': 10.07, 'm3-1': 9.99, 'm4-1': 11.03, 'm5-1': 99.67, 'm6-1': 0.98, 'm7-1': 10.34, 'm8-1': 10.68}",1.47,132.69899999999996,133.67899999999995,inf,164.161,164.161
88,T1,BESTEFFORT,COMPLETED,m6-1,14.349,"{'m1-1': 10.31, 'm2-1': 10.48, 'm3-1': 9.41, 'm4-1': 11.4, 'm5-1': 104.14, 'm6-1': 1.06, 'm7-1': 11.08, 'm8-1': 11.1}",1.59,133.67899999999995,134.73899999999995,inf,164.349,164.349
89,T2,BESTEFFORT,COMPLETED,m6-1,14.433,"{'m1-1': 10.86, 'm2-1': 10.7, 'm3-1': 9.58, 'm4-1': 10.38, 'm5-1': 103.99, 'm6-1': 1.06, 'm7-1': 10.54, 'm8-1': 10.48}",1.59,66.42899999999999,67.48899999999999,inf,164.433,164.433
90,T4,BESTEFFORT,COMPLETED,m6-1,14.473,"{'m1-1': 10.74, 'm2-1': 11.2, 'm3-1': 10.42, 'm4-1': 11.51, 'm5-1': 106.24, 'm6-1': 0.95, 'm7-1': 10.93, 'm8-1': 9.93}",1.4249999999999998,112.31899999999999,113.26899999999999,inf,164.473,164.473
91,T4,BESTEFFORT,COMPLETED,m6-1,14.487,"{'m1-1': 10.47, 'm2-1': 9.73, 'm3-1': 10.05, 'm4-1': 11.28, 'm5-1': 111.25, 'm6-1': 1.1, 'm7-1': 10.05, 'm8-1': 10.38}",1.6500000000000001,134.73899999999995,135.83899999999994,inf,164.487,164.487
92,T1,BESTEFFORT,COMPLETED,m6-1,14.506,"{'m1-1': 9.45, 'm2-1': 10.15, 'm3-1': 9.86, 'm4-1': 9.7, 'm5-1': 99.88, 'm6-1': 1.0, 'm7-1': 10.61, 'm8-1': 10.88}",1.5,94.759,95.759,inf,164.506,164.506
93,T4,BESTEFFORT,COMPLETED,m6-1,14.522,"{'m1-1': 10.16, 'm2-1': 10.66, 'm3-1': 11.15, 'm4-1': 10.17, 'm5-1': 98.28, 'm6-1': 1.01, 'm7-1': 10.63, 'm8-1': 10.84}",1.5150000000000001,135.83899999999994,136.84899999999993,inf,164.522,164.522
94,T2,BESTEFFORT,COMPLETED,m6-1,14.589,"{'m1-1': 10.66, 'm2-1': 10.42, 'm3-1': 10.05, 'm4-1': 10.72, 'm5-1': 107.26, 'm6-1': 1.06, 'm7-1': 10.5, 'm8-1': 10.73}",1.59,33.18899999999999,34.248999999999995,inf,164.589,164.589
95,T3,BESTEFFORT,COMPLETED,m6-1,14.765,"{'m1-1': 10.72, 'm2-1': 11.04, 'm3-1': 9.83, 'm4-1': 10.1, 'm5-1': 109.38, 'm6-1': 0.98, 'm7-1': 9.42, 'm8-1': 10.86}",1.47,136.84899999999993,137.82899999999992,inf,164.765,164.765
96,T1,BESTEFFORT,COMPLETED,m6-1,14.84,"{'m1-1': 9.68, 'm2-1': 10.88, 'm3-1': 10.8, 'm4-1': 10.74, 'm5-1': 106.63, 'm6-1': 0.97, 'm7-1': 10.6, 'm8-1': 9.54}",1.455,18.699,19.669,inf,164.84,164.84
97,T3,BESTEFFORT,COMPLETED,m6-1,14.986,"{'m1-1': 9.99, 'm2-1': 10.08, 'm3-1': 11.09, 'm4-1': 10.32, 'm5-1': 116.48, 'm6-1': 1.07, 'm7-1': 11.13, 'm8-1': 10.5}",1.605,113.26899999999999,114.33899999999998,inf,164.986,164.986
98,T4,BESTEFFORT,COMPLETED,m6-1,15.24,"{'m1-1': 10.31, 'm2-1': 10.23, 'm3-1': 10.39, 'm4-1': 10.74, 'm5-1': 97.21, 'm6-1': 1.12, 'm7-1': 9.82, 'm8-1': 10.83}",1.6800000000000002,34.248999999999995,35.36899999999999,inf,165.24,165.24
99,T1,BESTEFFORT,COMPLETED,m6-1,15.388,"{'m1-1': 9.61, 'm2-1': 11.44, 'm3-1': 10.27, 'm4-1': 9.76, 'm5-1': 111.41, 'm6-1': 1.11, 'm7-1': 10.69, 'm8-1': 9.39}",1.665,95.759,96.869,inf,165.388,165.388
100,T1,BESTEFFORT,CANCELLED,,15.46,"{'m1-1': 9.93, 'm2-1': 11.01, 'm3-1': 10.01, 'm4-1': 10.14, 'm5-1': 109.87, 'm6-1': 1.08, 'm7-1': 10.86, 'm8-1': 10.63}",0.0,inf,inf,inf,165.46,165.46
101,T2,BESTEFFORT,MISSED,m2-1,15.58,"{'m1-1': 10.14, 'm2-1': 10.76, 'm3-1': 9.96, 'm4-1': 10.86, 'm5-1': 104.53, 'm6-1': 1.01, 'm7-1': 11.55, 'm8-1': 9.89}",0.0,186.73399999999998,inf,186.73399999999998,165.58,165.58
102,T3,BESTEFFORT,COMPLETED,m6-1,16.201,"{'m1-1': 10.9, 'm2-1': 9.68, 'm3-1': 11.22, 'm4-1': 10.26, 'm5-1': 106.38, 'm6-1': 1.04, 'm7-1': 11.04, 'm8-1': 10.13}",1.56,160.90899999999985,161.94899999999984,inf,166.201,166.201
103,T1,BESTEFFORT,COMPLETED,m1-1,16.206,"{'m1-1': 9.36, 'm2-1': 10.91, 'm3-1': 10.83, 'm4-1': 10.37, 'm5-1': 107.58, 'm6-1': 1.07, 'm7-1': 11.15, 'm8-1': 9.41}",14.04,72.063,81.423,inf,166.206,166.206
104,T3,BESTEFFORT,COMPLETED,m6-1,16.227,"{'m1-1': 9.6, 'm2-1': 10.92, 'm3-1': 10.02, 'm4-1': 10.21, 'm5-1': 111.22, 'm6-1': 1.1, 'm7-1': 9.82, 'm8-1': 11.01}",1.6500000000000001,20.669,21.769000000000002,inf,166.227,166.227
105,T3,BESTEFFORT,COMPLETED,m6-1,16.394,"{'m1-1': 11.02, 'm2-1': 11.33, 'm3-1': 9.77, 'm4-1': 10.92, 'm5-1': 114.14, 'm6-1': 1.0, 'm7-1': 9.92, 'm8-1': 11.13}",1.5,19.669,20.669,inf,166.394,166.394
106,T1,BESTEFFORT,CANCELLED,,16.536,"{'m1-1': 10.15, 'm2-1': 11.25, 'm3-1': 10.6, 'm4-1': 11.36, 'm5-1': 106.63, 'm6-1': 0.97, 'm7-1': 10.63, 'm8-1': 10.58}",0.0,inf,inf,inf,166.536,166.536
107,T1,BESTEFFORT,CANCELLED,,16.817,"{'m1-1': 10.82, 'm2-1': 10.94, 'm3-1': 10.45, 'm4-1': 10.34, 'm5-1': 96.94, 'm6-1': 0.97, 'm7-1': 10.97, 'm8-1': 10.59}",0.0,inf,inf,inf,166.817,166.817
108,T1,BESTEFFORT,CANCELLED,,16.996,"{'m1-1': 10.54, 'm2-1': 10.29, 'm3-1': 10.72, 'm4-1': 10.89, 'm5-1': 108.68, 'm6-1': 1.08, 'm7-1': 10.65, 'm8-1': 10.62}",0.0,inf,inf,inf,166.996,166.996
109,T4,BESTEFFORT,COMPLETED,m6-1,17.014,"{'m1-1': 10.86, 'm2-1': 9.5, 'm3-1': 10.68, 'm4-1': 10.57, 'm5-1': 104.31, 'm6-1': 1.01, 'm7-1': 9.54, 'm8-1': 10.5}",1.5150000000000001,137.82899999999992,138.8389999999999,inf,167.014,167.014
110,T4,BESTEFFORT,COMPLETED,m6-1,17.029,"{'m1-1': 11.45, 'm2-1': 10.43, 'm3-1': 11.44, 'm4-1': 11.16, 'm5-1': 108.88, 'm6-1': 1.02, 'm7-1': 10.32, 'm8-1': 11.23}",1.53,138.8389999999999,139.85899999999992,inf,167.029,167.029
111,T2,BESTEFFORT,COMPLETED,m6-1,17.23,"{'m1-1': 9.74, 'm2-1': 9.92, 'm3-1': 9.76, 'm4-1': 10.31, 'm5-1': 109.74, 'm6-1': 1.04, 'm7-1': 11.21, 'm8-1': 10.93}",1.56,38.50899999999999,39.54899999999999,inf,167.23,167.23
112,T1,BESTEFFORT,CANCELLED,,17.347,"{'m1-1': 10.39, 'm2-1': 10.62, 'm3-1': 9.4, 'm4-1': 10.21, 'm5-1': 112.76, 'm6-1': 1.08, 'm7-1': 11.58, 'm8-1': 9.56}",0.0,inf,inf,inf,167.347,167.347
113,T1,BESTEFFORT,COMPLETED,m6-1,17.419,"{'m1-1': 10.74, 'm2-1': 10.67, 'm3-1': 10.73, 'm4-1': 10.42, 'm5-1': 98.36, 'm6-1': 1.11, 'm7-1': 11.58, 'm8-1': 9.64}",1.665,21.769000000000002,22.879,inf,167.419,167.419
114,T4,BESTEFFORT,CANCELLED,,17.491,"{'m1-1': 10.07, 'm2-1': 10.35, 'm3-1': 10.96, 'm4-1': 11.11, 'm5-1': 106.49, 'm6-1': 1.0, 'm7-1': 10.61, 'm8-1': 11.36}",0.0,inf,inf,inf,167.49099999999999,167.49099999999999
115,T4,BESTEFFORT,CANCELLED,,17.698,"{'m1-1': 10.84, 'm2-1': 10.27, 'm3-1': 11.41, 'm4-1': 10.15, 'm5-1': 109.26, 'm6-1': 0.96, 'm7-1': 9.39, 'm8-1': 9.85}",0.0,inf,inf,inf,167.698,167.698
116,T4,BESTEFFORT,COMPLETED,m6-1,17.943,"{'m1-1': 9.98, 'm2-1': 9.48, 'm3-1': 10.73, 'm4-1': 10.15, 'm5-1': 98.41, 'm6-1': 1.08, 'm7-1': 9.95, 'm8-1': 11.06}",1.62,114.33899999999998,115.41899999999998,inf,167.943,167.943
117,T3,BESTEFFORT,COMPLETED,m6-1,18.133,"{'m1-1': 10.44, 'm2-1': 10.62, 'm3-1': 10.0, 'm4-1': 9.49, 'm5-1': 112.07, 'm6-1': 0.98, 'm7-1': 9.88, 'm8-1': 9.84}",1.47,139.85899999999992,140.8389999999999,inf,168.133,168.133
118,T4,BESTEFFORT,CANCELLED,,18.301,"{'m1-1': 10.64, 'm2-1': 10.23, 'm3-1': 10.51, 'm4-1': 11.68, 'm5-1': 109.07, 'm6-1': 1.08, 'm7-1': 9.45, 'm8-1': 9.93}",0.0,inf,inf,inf,168.301,168.301
119,T4,BESTEFFORT,COMPLETED,m2-1,18.641,"{'m1-1': 10.34, 'm2-1': 10.7, 'm3-1': 10.72, 'm4-1': 11.3, 'm5-1': 106.53, 'm6-1': 1.05, 'm7-1': 9.36, 'm8-1': 11.59}",16.049999999999997,62.034,72.734,inf,168.641,168.641
120,T3,BESTEFFORT,COMPLETED,m6-1,18.661,"{'m1-1': 10.9, 'm2-1': 10.04, 'm3-1': 10.02, 'm4-1': 10.25, 'm5-1': 109.2, 'm6-1': 1.03, 'm7-1': 10.11, 'm8-1': 11.18}",1.545,23.839000000000002,24.869000000000003,inf,168.661,168.661
121,T3,BESTEFFORT,CANCELLED,,18.919,"{'m1-1': 10.9, 'm2-1': 10.38, 'm3-1': 11.22, 'm4-1': 10.24, 'm5-1': 105.54, 'm6-1': 1.03, 'm7-1': 9.84, 'm8-1': 9.95}",0.0,inf,inf,inf,168.919,168.919
122,T3,BESTEFFORT,COMPLETED,m6-1,18.94,"{'m1-1': 10.56, 'm2-1': 9.77, 'm3-1': 9.53, 'm4-1': 10.49, 'm5-1': 106.09, 'm6-1': 0.96, 'm7-1': 9.97, 'm8-1': 10.09}",1.44,22.879,23.839000000000002,inf,168.94,168.94
123,T4,BESTEFFORT,COMPLETED,m6-1,19.383,"{'m1-1': 11.17, 'm2-1': 11.06, 'm3-1': 10.96, 'm4-1': 11.41, 'm5-1': 112.91, 'm6-1': 0.99, 'm7-1': 10.12, 'm8-1': 11.51}",1.4849999999999999,115.41899999999998,116.40899999999998,inf,169.383,169.383
124,T2,BESTEFFORT,CANCELLED,,19.424,"{'m1-1': 10.76, 'm2-1': 10.77, 'm3-1': 10.05, 'm4-1': 9.27, 'm5-1': 105.35, 'm6-1': 1.05, 'm7-1': 10.54, 'm8-1': 9.61}",0.0,inf,inf,inf,169.424,169.424
125,T1,BESTEFFORT,COMPLETED,m6-1,19.432,"{'m1-1': 9.24, 'm2-1': 10.96, 'm3-1': 10.61, 'm4-1': 10.08, 'm5-1': 102.8, 'm6-1': 1.08, 'm7-1': 10.59, 'm8-1': 10.65}",1.62,25.929000000000002,27.009,inf,169.432,169.432
126,T4,BESTEFFORT,COMPLETED,m6-1,19.57,"{'m1-1': 9.96, 'm2-1': 10.9, 'm3-1': 10.41, 'm4-1': 10.06, 'm5-1': 110.79, 'm6-1': 0.96, 'm7-1': 9.93, 'm8-1': 10.17}",1.44,116.40899999999998,117.36899999999997,inf,169.57,169.57
127,T1,BESTEFFORT,COMPLETED,m3-1,19.577,"{'m1-1': 9.67, 'm2-1': 10.5, 'm3-1': 9.3, 'm4-1': 9.93, 'm5-1': 99.79, 'm6-1': 1.06, 'm7-1': 10.62, 'm8-1': 10.84}",13.950000000000001,63.053,72.353,inf,169.577,169.577
128,T4,BESTEFFORT,COMPLETED,m6-1,19.96,"{'m1-1': 10.33, 'm2-1': 10.4, 'm3-1': 10.85, 'm4-1': 10.99, 'm5-1': 102.76, 'm6-1': 1.0, 'm7-1': 10.63, 'm8-1': 11.3}",1.5,27.999,28.999,inf,169.96,169.96
129,T4,BESTEFFORT,CANCELLED,,20.434,"{'m1-1': 11.15, 'm2-1': 10.24, 'm3-1': 10.67, 'm4-1': 11.69, 'm5-1': 98.74, 'm6-1': 1.05, 'm7-1': 10.15, 'm8-1': 10.41}",0.0,inf,inf,inf,170.434,170.434
130,T1,BESTEFFORT,COMPLETED,m6-1,20.546,"{'m1-1': 9.69, 'm2-1': 11.24, 'm3-1': 10.04, 'm4-1': 11.17, 'm5-1': 105.9, 'm6-1': 1.07, 'm7-1': 9.84, 'm8-1': 9.42}",1.605,28.999,30.069,inf,170.546,170.546
131,T2,BESTEFFORT,CANCELLED,,20.608,"{'m1-1': 10.06, 'm2-1': 11.26, 'm3-1': 9.34, 'm4-1': 9.89, 'm5-1': 110.77, 'm6-1': 1.04, 'm7-1': 11.69, 'm8-1': 10.4}",0.0,inf,inf,inf,170.608,170.608
132,T2,BESTEFFORT,COMPLETED,m8-1,20.666,"{'m1-1': 10.82, 'm2-1': 11.33, 'm3-1': 10.25, 'm4-1': 9.48, 'm5-1': 103.38, 'm6-1': 1.0, 'm7-1': 10.28, 'm8-1': 9.8}",14.700000000000001,53.515,63.315,inf,170.666,170.666
133,T2,BESTEFFORT,CANCELLED,,20.717,"{'m1-1': 10.87, 'm2-1': 11.23, 'm3-1': 9.16, 'm4-1': 9.44, 'm5-1': 112.44, 'm6-1': 0.97, 'm7-1': 11.08, 'm8-1': 10.18}",0.0,inf,inf,inf,170.71699999999998,170.71699999999998
134,T3,BESTEFFORT,CANCELLED,,20.788,"{'m1-1': 9.72, 'm2-1': 10.22, 'm3-1': 10.76, 'm4-1': 10.31, 'm5-1': 111.33, 'm6-1': 1.08, 'm7-1': 11.02, 'm8-1': 10.1}",0.0,inf,inf,inf,170.788,170.788
135,T1,BESTEFFORT,CANCELLED,,20.873,"{'m1-1': 10.92, 'm2-1': 11.13, 'm3-1': 9.95, 'm4-1': 9.91, 'm5-1': 110.8, 'm6-1': 1.12, 'm7-1': 10.38, 'm8-1': 10.07}",0.0,inf,inf,inf,170.873,170.873
136,T3,BESTEFFORT,COMPLETED,m6-1,20.879,"{'m1-1': 10.19, 'm2-1': 10.89, 'm3-1': 9.99, 'm4-1': 9.74, 'm5-1': 105.2, 'm6-1': 1.06, 'm7-1': 11.06, 'm8-1': 10.34}",1.59,24.869000000000003,25.929000000000002,inf,170.879,170.879
137,T2,BESTEFFORT,COMPLETED,m6-1,21.163,"{'m1-1': 10.41, 'm2-1': 9.87, 'm3-1': 10.07, 'm4-1': 9.7, 'm5-1': 98.95, 'm6-1': 1.02, 'm7-1': 10.63, 'm8-1': 10.29}",1.53,96.869,97.889,inf,171.163,171.163
138,T1,BESTEFFORT,COMPLETED,m6-1,21.262,"{'m1-1': 10.75, 'm2-1': 9.9, 'm3-1': 10.56, 'm4-1': 11.17, 'm5-1': 109.01, 'm6-1': 0.98, 'm7-1': 11.54, 'm8-1': 9.98}",1.47,69.459,70.43900000000001,inf,171.262,171.262
139,T1,BESTEFFORT,COMPLETED,m6-1,21.392,"{'m1-1': 9.57, 'm2-1': 10.73, 'm3-1': 9.9, 'm4-1': 11.2, 'm5-1': 104.2, 'm6-1': 1.12, 'm7-1': 11.51, 'm8-1': 10.53}",1.6800000000000002,117.36899999999997,118.48899999999998,inf,171.392,171.392
140,T3,BESTEFFORT,COMPLETED,m7-1,21.917,"{'m1-1': 10.06, 'm2-1': 11.06, 'm3-1': 10.73, 'm4-1': 11.24, 'm5-1': 116.1, 'm6-1': 0.97, 'm7-1': 11.1, 'm8-1': 10.27}",16.65,52.870000000000005,63.970000000000006,inf,171.917,171.917
141,T4,BESTEFFORT,COMPLETED,m6-1,21.935,"{'m1-1': 11.44, 'm2-1': 9.99, 'm3-1': 10.23, 'm4-1': 10.12, 'm5-1': 100.3, 'm6-1': 1.08, 'm7-1': 10.17, 'm8-1': 11.11}",1.62,97.889,98.969,inf,171.935,171.935
142,T1,BESTEFFORT,COMPLETED,m6-1,22.257,"{'m1-1': 9.57, 'm2-1': 10.8, 'm3-1': 10.13, 'm4-1': 11.24, 'm5-1': 104.76, 'm6-1': 1.04, 'm7-1': 11.05, 'm8-1': 9.91}",1.56,140.8389999999999,141.8789999999999,inf,172.257,172.257
143,T3,BESTEFFORT,COMPLETED,m6-1,23.108,"{'m1-1': 10.41, 'm2-1': 9.77, 'm3-1': 10.39, 'm4-1': 9.61, 'm5-1': 116.66, 'm6-1': 0.99, 'm7-1': 10.78, 'm8-1': 11.65}",1.4849999999999999,27.009,27.999,inf,173.108,173.108
144,T3,BESTEFFORT,CANCELLED,,23.144,"{'m1-1': 9.86, 'm2-1': 11.2, 'm3-1': 9.77, 'm4-1': 10.68, 'm5-1': 107.83, 'm6-1': 0.98, 'm7-1': 10.49, 'm8-1': 10.82}",0.0,inf,inf,inf,173.144,173.144
145,T1,BESTEFFORT,MISSED,m3-1,23.183,"{'m1-1': 9.88, 'm2-1': 11.44, 'm3-1': 10.58, 'm4-1': 11.44, 'm5-1': 106.87, 'm6-1': 1.06, 'm7-1': 10.36, 'm8-1': 10.69}",0.0,185.38799999999998,inf,185.38799999999998,173.183,173.183
146,T2,BESTEFFORT,COMPLETED,m4-1,23.222,"{'m1-1': 10.92, 'm2-1': 9.71, 'm3-1': 9.77, 'm4-1': 10.65, 'm5-1': 104.4, 'm6-1': 0.95, 'm7-1': 11.49, 'm8-1': 11.05}",15.975000000000001,103.70000000000002,114.35000000000002,inf,173.222,173.222
147,T3,BESTEFFORT,COMPLETED,m6-1,23.409,"{'m1-1': 10.79, 'm2-1': 10.46, 'm3-1': 10.83, 'm4-1': 9.87, 'm5-1': 103.34, 'm6-1': 1.06, 'm7-1': 9.62, 'm8-1': 10.68}",1.59,30.069,31.128999999999998,inf,173.409,173.409
148,T3,BESTEFFORT,MISSED,m6-1,23.644,"{'m1-1': 9.44, 'm2-1': 10.79, 'm3-1': 10.06, 'm4-1': 10.26, 'm5-1': 102.74, 'm6-1': 1.07, 'm7-1': 10.44, 'm8-1': 10.59}",0.0,176.22899999999987,inf,176.22899999999987,173.644,173.644
149,T3,BESTEFFORT,CANCELLED,,23.829,"{'m1-1': 10.97, 'm2-1': 9.82, 'm3-1': 9.96, 'm4-1': 10.59, 'm5-1': 104.43, 'm6-1': 1.0, 'm7-1': 10.89, 'm8-1': 11.4}",0.0,inf,inf,inf,173.829,173.829
150,T3,BESTEFFORT,COMPLETED,m6-1,23.874,"{'m1-1': 9.51, 'm2-1': 10.14, 'm3-1': 10.31, 'm4-1': 11.24, 'm5-1': 114.55, 'm6-1': 1.01, 'm7-1': 10.46, 'm8-1': 10.32}",1.5150000000000001,31.128999999999998,32.138999999999996,inf,173.874,173.874
151,T2,BESTEFFORT,COMPLETED,m6-1,23.894,"{'m1-1': 9.5, 'm2-1': 9.89, 'm3-1': 10.74, 'm4-1': 9.58, 'm5-1': 103.48, 'm6-1': 1.06, 'm7-1': 10.0, 'm8-1': 10.31}",1.59,98.969,100.029,inf,173.894,173.894
152,T3,BESTEFFORT,MISSED,m6-1,24.199,"{'m1-1': 10.34, 'm2-1': 9.61, 'm3-1': 10.3, 'm4-1': 10.27, 'm5-1': 105.17, 'm6-1': 0.99, 'm7-1': 10.86, 'm8-1': 10.2}",0.0,176.22899999999987,inf,176.22899999999987,174.199,174.199
153,T2,BESTEFFORT,COMPLETED,m6-1,25.152,"{'m1-1': 10.54, 'm2-1': 9.73, 'm3-1': 9.87, 'm4-1': 10.28, 'm5-1': 98.64, 'm6-1': 0.99, 'm7-1': 11.11, 'm8-1': 10.6}",1.4849999999999999,118.48899999999998,119.47899999999997,inf,175.152,175.152
154,T2,BESTEFFORT,COMPLETED,m6-1,25.167,"{'m1-1': 10.94, 'm2-1': 11.34, 'm3-1': 10.83, 'm4-1': 9.86, 'm5-1': 105.48, 'm6-1': 0.94, 'm7-1': 11.69, 'm8-1': 9.61}",1.41,161.94899999999984,162.88899999999984,inf,175.167,175.167
155,T3,BESTEFFORT,CANCELLED,,25.201,"{'m1-1': 10.62, 'm2-1': 10.43, 'm3-1': 11.07, 'm4-1': 11.06, 'm5-1': 105.61, 'm6-1': 1.05, 'm7-1': 9.56, 'm8-1': 10.09}",0.0,inf,inf,inf,175.201,175.201
156,T4,BESTEFFORT,COMPLETED,m6-1,25.385,"{'m1-1': 10.82, 'm2-1': 10.93, 'm3-1': 10.8, 'm4-1': 11.19, 'm5-1': 110.03, 'm6-1': 1.09, 'm7-1': 9.32, 'm8-1': 11.06}",1.6350000000000002,162.88899999999984,163.97899999999984,inf,175.385,175.385
157,T3,BESTEFFORT,COMPLETED,m6-1,25.722,"{'m1-1': 9.66, 'm2-1': 9.72, 'm3-1': 9.88, 'm4-1': 9.92, 'm5-1': 107.8, 'm6-1': 0.98, 'm7-1': 10.48, 'm8-1': 11.51}",1.47,100.029,101.009,inf,175.722,175.722
158,T1,BESTEFFORT,CANCELLED,,25.729,"{'m1-1': 10.58, 'm2-1': 10.03, 'm3-1': 9.47, 'm4-1': 11.36, 'm5-1': 108.47, 'm6-1': 0.95, 'm7-1': 9.95, 'm8-1': 10.95}",0.0,inf,inf,inf,175.72899999999998,175.72899999999998
159,T4,BESTEFFORT,CANCELLED,,25.915,"{'m1-1': 10.03, 'm2-1': 10.94, 'm3-1': 10.09, 'm4-1': 10.42, 'm5-1': 97.57, 'm6-1': 1.05, 'm7-1': 10.85, 'm8-1': 10.77}",0.0,inf,inf,inf,175.915,175.915
160,T2,BESTEFFORT,MISSED,m6-1,26.163,"{'m1-1': 9.6, 'm2-1': 11.14, 'm3-1': 10.35, 'm4-1': 10.09, 'm5-1': 105.3, 'm6-1': 0.96, 'm7-1': 10.64, 'm8-1': 10.12}",0.0,176.22899999999987,inf,176.22899999999987,176.163,176.163
161,T2,BESTEFFORT,MISSED,m3-1,26.188,"{'m1-1': 9.92, 'm2-1': 11.24, 'm3-1': 9.71, 'm4-1': 9.62, 'm5-1': 110.04, 'm6-1': 1.1, 'm7-1': 10.31, 'm8-1': 10.64}",5.092499999999973,172.793,inf,176.188,176.188,176.188
162,T4,BESTEFFORT,CANCELLED,,26.287,"{'m1-1': 10.88, 'm2-1': 9.63, 'm3-1': 9.85, 'm4-1': 10.09, 'm5-1': 102.9, 'm6-1': 0.97, 'm7-1': 10.81, 'm8-1': 10.02}",0.0,inf,inf,inf,176.287,176.287
163,T3,BESTEFFORT,CANCELLED,,26.341,"{'m1-1': 9.52, 'm2-1': 9.98, 'm3-1': 10.34, 'm4-1': 11.13, 'm5-1': 109.28, 'm6-1': 1.04, 'm7-1': 10.42, 'm8-1': 10.37}",0.0,inf,inf,inf,176.341,176.341
164,T2,BESTEFFORT,COMPLETED,m6-1,26.559,"{'m1-1': 10.37, 'm2-1': 9.94, 'm3-1': 10.52, 'm4-1': 10.12, 'm5-1': 96.07, 'm6-1': 0.94, 'm7-1': 10.02, 'm8-1': 10.04}",1.41,163.97899999999984,164.91899999999984,inf,176.559,176.559
165,T3,BESTEFFORT,COMPLETED,m6-1,26.824,"{'m1-1': 9.98, 'm2-1': 10.51, 'm3-1': 9.51, 'm4-1': 10.98, 'm5-1': 112.99, 'm6-1': 1.09, 'm7-1': 10.84, 'm8-1': 11.38}",1.6350000000000002,39.54899999999999,40.638999999999996,inf,176.824,176.824
166,T4,BESTEFFORT,MISSED,m7-1,27.01,"{'m1-1': 11.39, 'm2-1': 9.64, 'm3-1': 9.93, 'm4-1': 10.86, 'm5-1': 97.5, 'm6-1': 1.05, 'm7-1': 10.89, 'm8-1': 11.26}",0.0,188.524,inf,188.524,177.01,177.01
167,T3,BESTEFFORT,CANCELLED,,27.04,"{'m1-1': 10.15, 'm2-1': 10.0, 'm3-1': 10.06, 'm4-1': 10.19, 'm5-1': 112.08, 'm6-1': 1.08, 'm7-1': 10.33, 'm8-1': 11.25}",0.0,inf,inf,inf,177.04,177.04
168,T4,BESTEFFORT,COMPLETED,m2-1,27.225,"{'m1-1': 10.39, 'm2-1': 9.8, 'm3-1': 11.35, 'm4-1': 10.24, 'm5-1': 114.05, 'm6-1': 1.06, 'm7-1': 10.26, 'm8-1': 11.0}",14.700000000000001,92.75399999999999,102.55399999999999,inf,177.225,177.225
169,T2,BESTEFFORT,COMPLETED,m6-1,27.265,"{'m1-1': 9.87, 'm2-1': 10.42, 'm3-1': 9.84, 'm4-1': 9.64, 'm5-1': 113.32, 'm6-1': 1.05, 'm7-1': 11.26, 'm8-1': 10.16}",1.5750000000000002,40.638999999999996,41.68899999999999,inf,177.265,177.265
170,T3,BESTEFFORT,COMPLETED,m7-1,27.62,"{'m1-1': 10.47, 'm2-1': 10.09, 'm3-1': 11.21, 'm4-1': 10.28, 'm5-1': 110.07, 'm6-1': 1.07, 'm7-1': 9.63, 'm8-1': 10.51}",14.445,63.970000000000006,73.60000000000001,inf,177.62,177.62
171,T3,BESTEFFORT,COMPLETED,m6-1,27.673,"{'m1-1': 10.84, 'm2-1': 10.56, 'm3-1': 11.15, 'm4-1': 9.92, 'm5-1': 105.0, 'm6-1': 0.92, 'm7-1': 9.43, 'm8-1': 10.63}",1.3800000000000001,141.8789999999999,142.7989999999999,inf,177.673,177.673
172,T3,BESTEFFORT,CANCELLED,,27.765,"{'m1-1': 10.04, 'm2-1': 9.67, 'm3-1': 9.61, 'm4-1': 10.48, 'm5-1': 101.7, 'm6-1': 1.07, 'm7-1': 10.98, 'm8-1': 11.24}",0.0,inf,inf,inf,177.765,177.765
173,T1,BESTEFFORT,COMPLETED,m1-1,27.802,"{'m1-1': 10.44, 'm2-1': 10.62, 'm3-1': 10.57, 'm4-1': 10.11, 'm5-1': 102.43, 'm6-1': 0.96, 'm7-1': 10.02, 'm8-1': 10.1}",15.66,61.623,72.063,inf,177.802,177.802
174,T2,BESTEFFORT,CANCELLED,,28.326,"{'m1-1': 9.45, 'm2-1': 10.47, 'm3-1': 10.8, 'm4-1': 10.47, 'm5-1': 108.23, 'm6-1': 1.09, 'm7-1': 11.19, 'm8-1': 9.89}",0.0,inf,inf,inf,178.326,178.326
175,T4,BESTEFFORT,COMPLETED,m6-1,28.395,"{'m1-1': 10.09, 'm2-1': 9.57, 'm3-1': 10.14, 'm4-1': 10.8, 'm5-1': 99.69, 'm6-1': 1.01, 'm7-1': 9.63, 'm8-1': 10.26}",1.5150000000000001,101.009,102.019,inf,178.395,178.395
176,T3,BESTEFFORT,COMPLETED,m6-1,28.473,"{'m1-1': 10.72, 'm2-1': 10.33, 'm3-1': 9.71, 'm4-1': 10.23, 'm5-1': 114.84, 'm6-1': 1.05, 'm7-1': 9.42, 'm8-1': 10.42}",1.5750000000000002,32.138999999999996,33.18899999999999,inf,178.473,178.473
177,T2,BESTEFFORT,COMPLETED,m8-1,28.539,"{'m1-1': 9.38, 'm2-1': 10.06, 'm3-1': 9.86, 'm4-1': 9.99, 'm5-1': 106.86, 'm6-1': 1.03, 'm7-1': 10.48, 'm8-1': 9.51}",14.265,63.315,72.825,inf,178.539,178.539
178,T3,BESTEFFORT,CANCELLED,,28.753,"{'m1-1': 10.17, 'm2-1': 9.85, 'm3-1': 9.71, 'm4-1': 9.69, 'm5-1': 101.25, 'm6-1': 0.94, 'm7-1': 9.83, 'm8-1': 10.12}",0.0,inf,inf,inf,178.753,178.753
179,T2,BESTEFFORT,CANCELLED,,28.788,"{'m1-1': 10.85, 'm2-1': 10.06, 'm3-1': 10.6, 'm4-1': 10.02, 'm5-1': 103.44, 'm6-1': 1.03, 'm7-1': 10.13, 'm8-1': 9.89}",0.0,inf,inf,inf,178.788,178.788
180,T1,BESTEFFORT,COMPLETED,m6-1,28.874,"{'m1-1': 9.66, 'm2-1': 11.32, 'm3-1': 9.8, 'm4-1': 11.19, 'm5-1': 101.9, 'm6-1': 1.06, 'm7-1': 10.32, 'm8-1': 10.89}",1.59,176.22899999999987,177.28899999999987,inf,178.874,178.874
181,T1,BESTEFFORT,COMPLETED,m3-1,28.939,"{'m1-1': 10.82, 'm2-1': 10.98, 'm3-1': 10.38, 'm4-1': 11.17, 'm5-1': 103.91, 'm6-1': 1.03, 'm7-1': 10.0, 'm8-1': 10.44}",15.57,162.413,172.793,inf,178.939,178.939
182,T3,BESTEFFORT,CANCELLED,,29.286,"{'m1-1': 9.96, 'm2-1': 10.04, 'm3-1': 10.52, 'm4-1': 10.03, 'm5-1': 113.98, 'm6-1': 0.98, 'm7-1': 9.52, 'm8-1': 10.69}",0.0,inf,inf,inf,179.286,179.286
183,T2,BESTEFFORT,COMPLETED,m6-1,29.313,"{'m1-1': 9.77, 'm2-1': 9.92, 'm3-1': 9.44, 'm4-1': 10.76, 'm5-1': 113.25, 'm6-1': 1.09, 'm7-1': 10.61, 'm8-1': 10.7}",1.6350000000000002,119.47899999999997,120.56899999999997,inf,179.313,179.313
184,T4,BESTEFFORT,COMPLETED,m6-1,29.552,"{'m1-1': 10.28, 'm2-1': 10.99, 'm3-1': 10.99, 'm4-1': 10.16, 'm5-1': 111.87, 'm6-1': 0.99, 'm7-1': 9.74, 'm8-1': 10.75}",1.4849999999999999,164.91899999999984,165.90899999999985,inf,179.552,179.552
185,T3,BESTEFFORT,CANCELLED,,29.762,"{'m1-1': 10.96, 'm2-1': 9.7, 'm3-1': 11.18, 'm4-1': 10.5, 'm5-1': 111.08, 'm6-1': 0.95, 'm7-1': 9.53, 'm8-1': 11.53}",0.0,inf,inf,inf,179.762,179.762
186,T2,BESTEFFORT,MISSED,m4-1,29.958,"{'m1-1': 10.2, 'm2-1': 9.95, 'm3-1': 9.2, 'm4-1': 9.65, 'm5-1': 96.3, 'm6-1': 1.04, 'm7-1': 10.3, 'm8-1': 10.07}",0.0,196.09,inf,196.09,179.958,179.958
187,T1,BESTEFFORT,CANCELLED,,30.018,"{'m1-1': 10.86, 'm2-1': 10.68, 'm3-1': 10.86, 'm4-1': 10.74, 'm5-1': 96.33, 'm6-1': 0.96, 'm7-1': 11.61, 'm8-1': 10.61}",0.0,inf,inf,inf,180.018,180.018
188,T2,BESTEFFORT,COMPLETED,m4-1,30.048,"{'m1-1': 10.41, 'm2-1': 10.89, 'm3-1': 10.0, 'm4-1': 9.84, 'm5-1': 107.91, 'm6-1': 1.07, 'm7-1': 11.64, 'm8-1': 10.13}",14.76,64.34,74.18,inf,180.048,180.048
189,T1,BESTEFFORT,CANCELLED,,30.096,"{'m1-1': 10.42, 'm2-1': 11.5, 'm3-1': 9.72, 'm4-1': 10.19, 'm5-1': 99.73, 'm6-1': 1.08, 'm7-1': 11.16, 'm8-1': 10.43}",0.0,inf,inf,inf,180.096,180.096
190,T2,BESTEFFORT,CANCELLED,,30.418,"{'m1-1': 10.39, 'm2-1': 10.54, 'm3-1': 9.89, 'm4-1': 10.16, 'm5-1': 101.56, 'm6-1': 1.05, 'm7-1': 10.13, 'm8-1': 9.98}",0.0,inf,inf,inf,180.418,180.418
191,T4,BESTEFFORT,MISSED,m7-1,30.472,"{'m1-1': 9.84, 'm2-1': 11.01, 'm3-1': 11.31, 'm4-1': 11.28, 'm5-1': 105.59, 'm6-1': 1.07, 'm7-1': 9.86, 'm8-1': 9.85}",0.0,188.524,inf,188.524,180.472,180.472
192,T4,BESTEFFORT,COMPLETED,m6-1,30.622,"{'m1-1': 11.05, 'm2-1': 10.57, 'm3-1': 9.97, 'm4-1': 11.35, 'm5-1': 113.36, 'm6-1': 1.13, 'm7-1': 10.56, 'm8-1': 10.08}",1.6949999999999998,102.019,103.149,inf,180.622,180.622
193,T1,BESTEFFORT,COMPLETED,m6-1,30.662,"{'m1-1': 9.95, 'm2-1': 11.09, 'm3-1': 9.79, 'm4-1': 11.32, 'm5-1': 98.35, 'm6-1': 1.01, 'm7-1': 10.22, 'm8-1': 10.73}",1.5150000000000001,103.149,104.159,inf,180.662,180.662
194,T1,BESTEFFORT,CANCELLED,,30.987,"{'m1-1': 9.24, 'm2-1': 11.23, 'm3-1': 9.33, 'm4-1': 9.85, 'm5-1': 107.57, 'm6-1': 1.05, 'm7-1': 9.86, 'm8-1': 10.04}",0.0,inf,inf,inf,180.987,180.987
195,T1,BESTEFFORT,MISSED,m8-1,31.061,"{'m1-1': 9.66, 'm2-1': 10.94, 'm3-1': 9.82, 'm4-1': 10.26, 'm5-1': 97.02, 'm6-1': 0.96, 'm7-1': 11.13, 'm8-1': 11.05}",0.0,188.025,inf,188.025,181.061,181.061
196,T1,BESTEFFORT,COMPLETED,m6-1,31.201,"{'m1-1': 9.51, 'm2-1': 10.62, 'm3-1': 10.69, 'm4-1': 10.84, 'm5-1': 106.32, 'm6-1': 1.01, 'm7-1': 10.65, 'm8-1': 10.98}",1.5150000000000001,35.36899999999999,36.37899999999999,inf,181.201,181.201
197,T1,BESTEFFORT,COMPLETED,m6-1,31.395,"{'m1-1': 10.01, 'm2-1': 10.98, 'm3-1': 10.68, 'm4-1': 11.08, 'm5-1': 108.34, 'm6-1': 0.99, 'm7-1': 11.43, 'm8-1': 10.02}",1.4849999999999999,165.90899999999985,166.89899999999986,inf,181.395,181.395
198,T1,BESTEFFORT,COMPLETED,m6-1,31.585,"{'m1-1': 10.42, 'm2-1': 10.25, 'm3-1': 9.43, 'm4-1': 9.82, 'm5-1': 110.63, 'm6-1': 0.97, 'm7-1': 10.3, 'm8-1': 10.86}",1.455,177.28899999999987,178.25899999999987,inf,181.585,181.585
199,T1,BESTEFFORT,MISSED,m1-1,31.656,"{'m1-1': 9.97, 'm2-1': 11.14, 'm3-1': 10.13, 'm4-1': 10.37, 'm5-1': 111.04, 'm6-1': 0.95, 'm7-1': 11.07, 'm8-1': 10.02}",0.0,195.78300000000002,inf,195.78300000000002,181.656,181.656
200,T3,BESTEFFORT,COMPLETED,m6-1,31.752,"{'m1-1': 9.68, 'm2-1': 10.73, 'm3-1': 10.4, 'm4-1': 11.12, 'm5-1': 102.13, 'm6-1': 1.06, 'm7-1': 10.43, 'm8-1': 11.39}",1.59,36.37899999999999,37.43899999999999,inf,181.752,181.752
201,T1,BESTEFFORT,CANCELLED,,31.829,"{'m1-1': 10.8, 'm2-1': 11.54, 'm3-1': 10.02, 'm4-1': 10.37, 'm5-1': 100.68, 'm6-1': 1.09, 'm7-1': 11.35, 'm8-1': 10.44}",0.0,inf,inf,inf,181.829,181.829
202,T4,BESTEFFORT,CANCELLED,,31.853,"{'m1-1': 11.26, 'm2-1': 10.45, 'm3-1': 10.68, 'm4-1': 11.66, 'm5-1': 108.55, 'm6-1': 1.03, 'm7-1': 10.55, 'm8-1': 9.96}",0.0,inf,inf,inf,181.853,181.853
203,T2,BESTEFFORT,CANCELLED,,31.905,"{'m1-1': 9.66, 'm2-1': 10.22, 'm3-1': 10.69, 'm4-1': 9.32, 'm5-1': 105.45, 'm6-1': 0.99, 'm7-1': 10.35, 'm8-1': 10.79}",0.0,inf,inf,inf,181.905,181.905
204,T3,BESTEFFORT,COMPLETED,m6-1,32.244,"{'m1-1': 9.68, 'm2-1': 11.3, 'm3-1': 10.33, 'm4-1': 9.95, 'm5-1': 98.85, 'm6-1': 0.99, 'm7-1': 11.12, 'm8-1': 10.8}",1.4849999999999999,142.7989999999999,143.7889999999999,inf,182.244,182.244
205,T4,BESTEFFORT,CANCELLED,,32.763,"{'m1-1': 10.17, 'm2-1': 11.1, 'm3-1': 11.48, 'm4-1': 10.02, 'm5-1': 113.17, 'm6-1': 1.02, 'm7-1': 9.53, 'm8-1': 11.51}",0.0,inf,inf,inf,182.763,182.763
206,T2,BESTEFFORT,COMPLETED,m3-1,33.082,"{'m1-1': 10.66, 'm2-1': 11.13, 'm3-1': 9.9, 'm4-1': 10.21, 'm5-1': 109.22, 'm6-1': 1.1, 'm7-1': 10.09, 'm8-1': 10.78}",14.850000000000001,142.803,152.703,inf,183.082,183.082
207,T4,BESTEFFORT,COMPLETED,m6-1,33.308,"{'m1-1': 10.29, 'm2-1': 10.42, 'm3-1': 11.36, 'm4-1': 10.31, 'm5-1': 99.06, 'm6-1': 1.08, 'm7-1': 9.82, 'm8-1': 11.28}",1.62,41.68899999999999,42.76899999999999,inf,183.308,183.308
208,T1,BESTEFFORT,COMPLETED,m6-1,33.34,"{'m1-1': 9.36, 'm2-1': 10.9, 'm3-1': 9.38, 'm4-1': 10.69, 'm5-1': 100.01, 'm6-1': 1.06, 'm7-1': 10.72, 'm8-1': 10.13}",1.59,42.76899999999999,43.82899999999999,inf,183.34,183.34
209,T3,BESTEFFORT,COMPLETED,m6-1,33.374,"{'m1-1': 10.86, 'm2-1': 10.6, 'm3-1': 11.05, 'm4-1': 10.77, 'm5-1': 105.29, 'm6-1': 1.07, 'm7-1': 10.05, 'm8-1': 11.36}",1.605,37.43899999999999,38.50899999999999,inf,183.374,183.374
210,T1,BESTEFFORT,COMPLETED,m6-1,33.502,"{'m1-1': 9.9, 'm2-1': 10.8, 'm3-1': 9.78, 'm4-1': 11.07, 'm5-1': 100.38, 'm6-1': 0.99, 'm7-1': 11.37, 'm8-1': 10.12}",1.4849999999999999,104.159,105.149,inf,183.502,183.502
211,T2,BESTEFFORT,COMPLETED,m6-1,33.615,"{'m1-1': 9.39, 'm2-1': 10.79, 'm3-1': 10.31, 'm4-1': 10.47, 'm5-1': 103.67, 'm6-1': 0.97, 'm7-1': 10.22, 'm8-1': 9.54}",1.455,120.56899999999997,121.53899999999997,inf,183.615,183.615
212,T3,BESTEFFORT,COMPLETED,m6-1,33.615,"{'m1-1': 10.63, 'm2-1': 9.95, 'm3-1': 9.99, 'm4-1': 10.68, 'm5-1': 103.67, 'm6-1': 0.94, 'm7-1': 10.36, 'm8-1': 10.17}",1.41,43.82899999999999,44.76899999999999,inf,183.615,183.615
213,T4,BESTEFFORT,COMPLETED,m7-1,34.276,"{'m1-1': 10.61, 'm2-1': 9.7, 'm3-1': 11.25, 'm4-1': 11.38, 'm5-1': 96.45, 'm6-1': 0.98, 'm7-1': 9.69, 'm8-1': 10.38}",14.535,174.20999999999998,183.89999999999998,inf,184.276,184.276
214,T4,BESTEFFORT,MISSED,m2-1,34.926,"{'m1-1': 10.38, 'm2-1': 11.0, 'm3-1': 10.14, 'm4-1': 9.99, 'm5-1': 99.84, 'm6-1': 0.98, 'm7-1': 10.18, 'm8-1': 11.51}",0.0,192.685,inf,192.685,184.926,184.926
215,T4,BESTEFFORT,COMPLETED,m6-1,35.074,"{'m1-1': 11.14, 'm2-1': 9.95, 'm3-1': 9.86, 'm4-1': 10.44, 'm5-1': 108.46, 'm6-1': 1.02, 'm7-1': 10.03, 'm8-1': 10.35}",1.53,166.89899999999986,167.91899999999987,inf,185.074,185.074
216,T2,BESTEFFORT,COMPLETED,m4-1,35.282,"{'m1-1': 10.88, 'm2-1': 9.8, 'm3-1': 9.83, 'm4-1': 9.45, 'm5-1': 99.18, 'm6-1': 1.03, 'm7-1': 10.73, 'm8-1': 10.38}",14.174999999999999,74.18,83.63000000000001,inf,185.28199999999998,185.28199999999998
217,T2,BESTEFFORT,MISSED,m1-1,35.382,"{'m1-1': 10.97, 'm2-1': 10.17, 'm3-1': 9.52, 'm4-1': 9.66, 'm5-1': 100.29, 'm6-1': 1.06, 'm7-1': 11.55, 'm8-1': 9.59}",0.0,206.013,inf,206.013,185.382,185.382
218,T1,BESTEFFORT,CANCELLED,,35.489,"{'m1-1': 10.16, 'm2-1': 11.25, 'm3-1': 10.69, 'm4-1': 10.54, 'm5-1': 106.33, 'm6-1': 1.11, 'm7-1': 11.56, 'm8-1': 9.97}",0.0,inf,inf,inf,185.489,185.489
219,T4,BESTEFFORT,COMPLETED,m6-1,35.505,"{'m1-1': 11.31, 'm2-1': 10.31, 'm3-1': 10.93, 'm4-1': 11.38, 'm5-1': 109.5, 'm6-1': 1.0, 'm7-1': 9.43, 'm8-1': 10.37}",1.5,167.91899999999987,168.91899999999987,inf,185.505,185.505
220,T2,BESTEFFORT,COMPLETED,m3-1,35.688,"{'m1-1': 10.97, 'm2-1': 9.73, 'm3-1': 9.2, 'm4-1': 9.64, 'm5-1': 99.82, 'm6-1': 1.08, 'm7-1': 11.62, 'm8-1': 10.51}",13.799999999999999,176.188,185.38799999999998,inf,185.688,185.688
221,T1,BESTEFFORT,CANCELLED,,35.707,"{'m1-1': 10.84, 'm2-1': 10.87, 'm3-1': 10.03, 'm4-1': 10.74, 'm5-1': 104.38, 'm6-1': 1.08, 'm7-1': 10.96, 'm8-1': 10.53}",0.0,inf,inf,inf,185.707,185.707
222,T2,BESTEFFORT,COMPLETED,m8-1,35.764,"{'m1-1': 9.34, 'm2-1': 10.98, 'm3-1': 9.4, 'm4-1': 9.71, 'm5-1': 110.55, 'm6-1': 0.98, 'm7-1': 10.92, 'm8-1': 9.61}",14.415,72.825,82.435,inf,185.764,185.764
223,T2,BESTEFFORT,CANCELLED,,35.823,"{'m1-1': 10.53, 'm2-1': 10.09, 'm3-1': 9.26, 'm4-1': 9.7, 'm5-1': 106.13, 'm6-1': 0.99, 'm7-1': 10.99, 'm8-1': 10.86}",0.0,inf,inf,inf,185.823,185.823
224,T1,BESTEFFORT,CANCELLED,,36.004,"{'m1-1': 10.3, 'm2-1': 11.46, 'm3-1': 10.81, 'm4-1': 10.83, 'm5-1': 104.4, 'm6-1': 1.08, 'm7-1': 11.35, 'm8-1': 9.81}",0.0,inf,inf,inf,186.004,186.004
225,T1,BESTEFFORT,COMPLETED,m6-1,36.098,"{'m1-1': 9.24, 'm2-1': 11.02, 'm3-1': 10.02, 'm4-1': 10.26, 'm5-1': 108.62, 'm6-1': 1.11, 'm7-1': 11.57, 'm8-1': 9.39}",1.665,143.7889999999999,144.89899999999992,inf,186.098,186.098
226,T3,BESTEFFORT,COMPLETED,m6-1,36.12,"{'m1-1': 10.1, 'm2-1': 10.74, 'm3-1': 11.18, 'm4-1': 10.5, 'm5-1': 107.78, 'm6-1': 1.0, 'm7-1': 9.87, 'm8-1': 10.83}",1.5,44.76899999999999,45.76899999999999,inf,186.12,186.12
227,T3,BESTEFFORT,CANCELLED,,36.168,"{'m1-1': 10.49, 'm2-1': 10.32, 'm3-1': 10.4, 'm4-1': 9.84, 'm5-1': 108.87, 'm6-1': 0.97, 'm7-1': 9.41, 'm8-1': 10.98}",0.0,inf,inf,inf,186.168,186.168
228,T4,BESTEFFORT,COMPLETED,m6-1,36.552,"{'m1-1': 10.94, 'm2-1': 10.34, 'm3-1': 10.06, 'm4-1': 11.23, 'm5-1': 105.1, 'm6-1': 0.97, 'm7-1': 9.53, 'm8-1': 10.92}",1.455,78.49900000000002,79.46900000000002,inf,186.552,186.552
229,T4,BESTEFFORT,COMPLETED,m2-1,36.614,"{'m1-1': 10.54, 'm2-1': 9.6, 'm3-1': 11.29, 'm4-1': 11.1, 'm5-1': 107.64, 'm6-1': 0.97, 'm7-1': 9.96, 'm8-1': 10.27}",14.399999999999999,72.734,82.33399999999999,inf,186.614,186.614
230,T1,BESTEFFORT,MISSED,m3-1,36.685,"{'m1-1': 9.75, 'm2-1': 10.29, 'm3-1': 10.57, 'm4-1': 9.69, 'm5-1': 96.91, 'm6-1': 0.99, 'm7-1': 10.7, 'm8-1': 9.62}",0.0,205.28799999999995,inf,205.28799999999995,186.685,186.685
231,T4,BESTEFFORT,COMPLETED,m7-1,36.75,"{'m1-1': 10.88, 'm2-1': 10.5, 'm3-1': 9.76, 'm4-1': 10.46, 'm5-1': 113.21, 'm6-1': 1.1, 'm7-1': 9.87, 'm8-1': 9.9}",14.805,73.60000000000001,83.47000000000001,inf,186.75,186.75
232,T4,BESTEFFORT,CANCELLED,,36.906,"{'m1-1': 10.74, 'm2-1': 10.2, 'm3-1': 10.39, 'm4-1': 11.07, 'm5-1': 111.32, 'm6-1': 1.02, 'm7-1': 10.54, 'm8-1': 9.87}",0.0,inf,inf,inf,186.906,186.906
233,T4,BESTEFFORT,CANCELLED,,36.915,"{'m1-1': 11.14, 'm2-1': 9.85, 'm3-1': 11.46, 'm4-1': 11.3, 'm5-1': 102.49, 'm6-1': 1.08, 'm7-1': 9.64, 'm8-1': 10.93}",0.0,inf,inf,inf,186.915,186.915
234,T3,BESTEFFORT,COMPLETED,m6-1,36.987,"{'m1-1': 10.3, 'm2-1': 11.1, 'm3-1': 11.07, 'm4-1': 10.64, 'm5-1': 107.49, 'm6-1': 1.07, 'm7-1': 9.89, 'm8-1': 10.78}",1.605,178.25899999999987,179.32899999999987,inf,186.987,186.987
235,T1,BESTEFFORT,CANCELLED,,37.181,"{'m1-1': 10.4, 'm2-1': 11.51, 'm3-1': 9.74, 'm4-1': 10.6, 'm5-1': 107.32, 'm6-1': 1.09, 'm7-1': 10.37, 'm8-1': 10.86}",0.0,inf,inf,inf,187.18099999999998,187.18099999999998
236,T3,BESTEFFORT,COMPLETED,m6-1,37.211,"{'m1-1': 11.11, 'm2-1': 10.6, 'm3-1': 10.37, 'm4-1': 10.88, 'm5-1': 116.33, 'm6-1': 1.1, 'm7-1': 10.41, 'm8-1': 9.84}",1.6500000000000001,144.89899999999992,145.9989999999999,inf,187.211,187.211
237,T1,BESTEFFORT,CANCELLED,,37.297,"{'m1-1': 10.21, 'm2-1': 11.26, 'm3-1': 9.58, 'm4-1': 9.68, 'm5-1': 111.67, 'm6-1': 0.97, 'm7-1': 10.22, 'm8-1': 11.12}",0.0,inf,inf,inf,187.297,187.297
238,T3,BESTEFFORT,COMPLETED,m1-1,37.36,"{'m1-1': 9.99, 'm2-1': 9.78, 'm3-1': 10.28, 'm4-1': 10.51, 'm5-1': 105.06, 'm6-1': 1.07, 'm7-1': 10.68, 'm8-1': 10.25}",14.985,163.963,173.953,inf,187.36,187.36
239,T4,BESTEFFORT,MISSED,m7-1,37.421,"{'m1-1': 11.31, 'm2-1': 9.76, 'm3-1': 10.62, 'm4-1': 10.36, 'm5-1': 114.09, 'm6-1': 1.07, 'm7-1': 10.79, 'm8-1': 10.66}",0.0,188.524,inf,188.524,187.421,187.421
240,T1,BESTEFFORT,COMPLETED,m6-1,37.573,"{'m1-1': 10.23, 'm2-1': 10.09, 'm3-1': 10.41, 'm4-1': 10.42, 'm5-1': 108.77, 'm6-1': 1.08, 'm7-1': 10.65, 'm8-1': 11.07}",1.62,45.76899999999999,46.84899999999999,inf,187.573,187.573
241,T4,BESTEFFORT,CANCELLED,,37.591,"{'m1-1': 10.4, 'm2-1': 10.04, 'm3-1': 11.33, 'm4-1': 11.1, 'm5-1': 103.73, 'm6-1': 0.99, 'm7-1': 9.75, 'm8-1': 10.5}",0.0,inf,inf,inf,187.591,187.591
242,T3,BESTEFFORT,COMPLETED,m6-1,37.923,"{'m1-1': 10.37, 'm2-1': 11.19, 'm3-1': 10.69, 'm4-1': 9.64, 'm5-1': 116.18, 'm6-1': 1.02, 'm7-1': 10.41, 'm8-1': 10.68}",1.53,179.32899999999987,180.34899999999988,inf,187.923,187.923
243,T1,BESTEFFORT,COMPLETED,m6-1,38.0,"{'m1-1': 9.47, 'm2-1': 11.33, 'm3-1': 10.68, 'm4-1': 11.15, 'm5-1': 104.66, 'm6-1': 1.11, 'm7-1': 11.47, 'm8-1': 10.88}",1.665,46.84899999999999,47.95899999999999,inf,188.0,188.0
244,T1,BESTEFFORT,MISSED,m3-1,38.116,"{'m1-1': 10.48, 'm2-1': 9.83, 'm3-1': 9.44, 'm4-1': 11.32, 'm5-1': 112.53, 'm6-1': 1.09, 'm7-1': 10.71, 'm8-1': 10.23}",0.0,205.28799999999995,inf,205.28799999999995,188.11599999999999,188.11599999999999
245,T1,BESTEFFORT,COMPLETED,m8-1,38.398,"{'m1-1': 10.04, 'm2-1': 10.24, 'm3-1': 9.51, 'm4-1': 11.13, 'm5-1': 98.77, 'm6-1': 1.02, 'm7-1': 10.94, 'm8-1': 9.61}",14.415,167.625,177.235,inf,188.398,188.398
246,T3,BESTEFFORT,COMPLETED,m6-1,38.433,"{'m1-1': 10.8, 'm2-1': 9.68, 'm3-1': 11.02, 'm4-1': 10.49, 'm5-1': 105.17, 'm6-1': 1.08, 'm7-1': 10.38, 'm8-1': 9.89}",1.62,121.53899999999997,122.61899999999997,inf,188.433,188.433
247,T4,BESTEFFORT,MISSED,m7-1,38.524,"{'m1-1': 10.4, 'm2-1': 10.54, 'm3-1': 10.95, 'm4-1': 11.65, 'm5-1': 106.26, 'm6-1': 1.01, 'm7-1': 10.29, 'm8-1': 10.22}",6.9360000000000355,183.89999999999998,inf,188.524,188.524,188.524
248,T4,BESTEFFORT,COMPLETED,m6-1,38.763,"{'m1-1': 10.51, 'm2-1': 10.43, 'm3-1': 9.71, 'm4-1': 11.72, 'm5-1': 109.11, 'm6-1': 1.0, 'm7-1': 9.98, 'm8-1': 9.94}",1.5,47.95899999999999,48.95899999999999,inf,188.763,188.763
249,T4,BESTEFFORT,COMPLETED,m2-1,38.916,"{'m1-1': 10.82, 'm2-1': 10.26, 'm3-1': 10.34, 'm4-1': 10.41, 'm5-1': 109.69, 'm6-1': 1.0, 'm7-1': 10.99, 'm8-1': 10.62}",15.39,122.97399999999999,133.23399999999998,inf,188.916,188.916
250,T4,BESTEFFORT,CANCELLED,,38.968,"{'m1-1': 10.75, 'm2-1': 11.06, 'm3-1': 10.03, 'm4-1': 11.57, 'm5-1': 104.06, 'm6-1': 1.06, 'm7-1': 9.76, 'm8-1': 10.68}",0.0,inf,inf,inf,188.96800000000002,188.96800000000002
251,T4,BESTEFFORT,COMPLETED,m6-1,39.034,"{'m1-1': 10.13, 'm2-1': 10.49, 'm3-1': 9.85, 'm4-1': 9.92, 'm5-1': 98.95, 'm6-1': 1.08, 'm7-1': 9.72, 'm8-1': 11.0}",1.62,180.34899999999988,181.4289999999999,inf,189.034,189.034
252,T4,BESTEFFORT,CANCELLED,,39.128,"{'m1-1': 10.3, 'm2-1': 9.55, 'm3-1': 9.91, 'm4-1': 11.0, 'm5-1': 100.74, 'm6-1': 1.01, 'm7-1': 10.13, 'm8-1': 11.56}",0.0,inf,inf,inf,189.128,189.128
253,T3,BESTEFFORT,CANCELLED,,39.188,"{'m1-1': 9.72, 'm2-1': 10.61, 'm3-1': 10.93, 'm4-1': 9.49, 'm5-1': 101.27, 'm6-1': 1.1, 'm7-1': 9.58, 'm8-1': 10.12}",0.0,inf,inf,inf,189.188,189.188
254,T2,BESTEFFORT,CANCELLED,,39.262,"{'m1-1': 10.34, 'm2-1': 9.8, 'm3-1': 10.43, 'm4-1': 10.35, 'm5-1': 105.18, 'm6-1': 0.99, 'm7-1': 11.69, 'm8-1': 9.71}",0.0,inf,inf,inf,189.262,189.262
255,T4,BESTEFFORT,COMPLETED,m7-1,39.661,"{'m1-1': 10.94, 'm2-1': 10.65, 'm3-1': 10.26, 'm4-1': 11.27, 'm5-1': 105.65, 'm6-1': 1.05, 'm7-1': 9.41, 'm8-1': 11.47}",14.115,134.44,143.85,inf,189.661,189.661
256,T4,BESTEFFORT,CANCELLED,,39.841,"{'m1-1': 11.41, 'm2-1': 10.38, 'm3-1': 11.35, 'm4-1': 11.19, 'm5-1': 111.95, 'm6-1': 1.1, 'm7-1': 9.33, 'm8-1': 10.67}",0.0,inf,inf,inf,189.841,189.841
257,T3,BESTEFFORT,COMPLETED,m6-1,39.848,"{'m1-1': 10.87, 'm2-1': 10.48, 'm3-1': 10.66, 'm4-1': 10.18, 'm5-1': 110.42, 'm6-1': 1.02, 'm7-1': 9.5, 'm8-1': 9.96}",1.53,80.56900000000002,81.58900000000001,inf,189.848,189.848
258,T1,BESTEFFORT,COMPLETED,m6-1,40.094,"{'m1-1': 10.46, 'm2-1': 10.63, 'm3-1': 10.02, 'm4-1': 10.21, 'm5-1': 111.74, 'm6-1': 1.02, 'm7-1': 10.81, 'm8-1': 10.83}",1.53,181.4289999999999,182.4489999999999,inf,190.094,190.094
259,T2,BESTEFFORT,CANCELLED,,40.209,"{'m1-1': 10.35, 'm2-1': 10.43, 'm3-1': 10.68, 'm4-1': 10.58, 'm5-1': 112.31, 'm6-1': 1.08, 'm7-1': 11.53, 'm8-1': 10.03}",0.0,inf,inf,inf,190.209,190.209
260,T1,BESTEFFORT,COMPLETED,m6-1,40.294,"{'m1-1': 9.21, 'm2-1': 10.91, 'm3-1': 9.55, 'm4-1': 10.34, 'm5-1': 108.17, 'm6-1': 1.1, 'm7-1': 10.63, 'm8-1': 9.74}",1.6500000000000001,105.149,106.249,inf,190.29399999999998,190.29399999999998
261,T1,BESTEFFORT,COMPLETED,m8-1,40.329,"{'m1-1': 10.44, 'm2-1': 10.16, 'm3-1': 9.61, 'm4-1': 9.88, 'm5-1': 104.16, 'm6-1': 1.08, 'm7-1': 10.01, 'm8-1': 10.81}",16.215,113.415,124.22500000000001,inf,190.329,190.329
262,T3,BESTEFFORT,CANCELLED,,40.396,"{'m1-1': 10.46, 'm2-1': 11.06, 'm3-1': 11.14, 'm4-1': 10.0, 'm5-1': 100.91, 'm6-1': 1.06, 'm7-1': 10.44, 'm8-1': 11.36}",0.0,inf,inf,inf,190.39600000000002,190.39600000000002
263,T3,BESTEFFORT,COMPLETED,m6-1,40.562,"{'m1-1': 10.41, 'm2-1': 11.33, 'm3-1': 9.79, 'm4-1': 9.91, 'm5-1': 113.0, 'm6-1': 1.06, 'm7-1': 10.93, 'm8-1': 11.4}",1.59,182.4489999999999,183.5089999999999,inf,190.562,190.562
264,T2,BESTEFFORT,COMPLETED,m6-1,40.577,"{'m1-1': 10.45, 'm2-1': 10.7, 'm3-1': 9.89, 'm4-1': 10.61, 'm5-1': 109.87, 'm6-1': 1.06, 'm7-1': 11.33, 'm8-1': 10.34}",1.59,183.5089999999999,184.5689999999999,inf,190.577,190.577
265,T1,BESTEFFORT,COMPLETED,m1-1,40.613,"{'m1-1': 10.62, 'm2-1': 11.41, 'm3-1': 9.46, 'm4-1': 10.76, 'm5-1': 112.53, 'm6-1': 1.04, 'm7-1': 10.41, 'm8-1': 10.72}",15.93,81.423,92.043,inf,190.613,190.613
266,T4,BESTEFFORT,COMPLETED,m2-1,40.633,"{'m1-1': 11.39, 'm2-1': 11.11, 'm3-1': 10.76, 'm4-1': 10.21, 'm5-1': 110.08, 'm6-1': 1.09, 'm7-1': 9.75, 'm8-1': 10.73}",16.665,133.23399999999998,144.344,inf,190.633,190.633
267,T4,BESTEFFORT,CANCELLED,,40.89,"{'m1-1': 10.35, 'm2-1': 11.19, 'm3-1': 11.24, 'm4-1': 10.51, 'm5-1': 101.6, 'm6-1': 1.08, 'm7-1': 10.55, 'm8-1': 10.37}",0.0,inf,inf,inf,190.89,190.89
268,T4,BESTEFFORT,COMPLETED,m7-1,40.935,"{'m1-1': 11.43, 'm2-1': 9.56, 'm3-1': 9.97, 'm4-1': 10.03, 'm5-1': 112.61, 'm6-1': 1.09, 'm7-1': 10.29, 'm8-1': 11.27}",15.434999999999999,143.85,154.14,inf,190.935,190.935
269,T1,BESTEFFORT,CANCELLED,,41.067,"{'m1-1': 9.76, 'm2-1': 11.18, 'm3-1': 10.13, 'm4-1': 11.38, 'm5-1': 95.29, 'm6-1': 1.1, 'm7-1': 10.41, 'm8-1': 10.33}",0.0,inf,inf,inf,191.067,191.067
270,T1,BESTEFFORT,COMPLETED,m6-1,41.209,"{'m1-1': 9.54, 'm2-1': 10.98, 'm3-1': 10.83, 'm4-1': 10.59, 'm5-1': 98.83, 'm6-1': 1.1, 'm7-1': 10.22, 'm8-1': 10.82}",1.6500000000000001,145.9989999999999,147.0989999999999,inf,191.209,191.209
271,T2,BESTEFFORT,COMPLETED,m6-1,41.366,"{'m1-1': 9.4, 'm2-1': 10.86, 'm3-1': 9.48, 'm4-1': 9.64, 'm5-1': 98.54, 'm6-1': 1.09, 'm7-1': 11.27, 'm8-1': 9.47}",1.6350000000000002,48.95899999999999,50.04899999999999,inf,191.36599999999999,191.36599999999999
272,T2,BESTEFFORT,COMPLETED,m8-1,41.369,"{'m1-1': 10.55, 'm2-1': 10.35, 'm3-1': 9.73, 'm4-1': 10.4, 'm5-1': 110.44, 'm6-1': 1.07, 'm7-1': 10.91, 'm8-1': 10.14}",15.21,124.22500000000001,134.365,inf,191.369,191.369
273,T1,BESTEFFORT,CANCELLED,,41.418,"{'m1-1': 9.34, 'm2-1': 10.1, 'm3-1': 10.16, 'm4-1': 10.0, 'm5-1': 100.86, 'm6-1': 0.97, 'm7-1': 10.9, 'm8-1': 10.32}",0.0,inf,inf,inf,191.418,191.418
274,T4,BESTEFFORT,CANCELLED,,41.495,"{'m1-1': 11.04, 'm2-1': 10.0, 'm3-1': 10.4, 'm4-1': 10.55, 'm5-1': 110.27, 'm6-1': 0.99, 'm7-1': 10.36, 'm8-1': 11.61}",0.0,inf,inf,inf,191.495,191.495
275,T1,BESTEFFORT,COMPLETED,m3-1,41.716,"{'m1-1': 10.66, 'm2-1': 11.25, 'm3-1': 10.66, 'm4-1': 11.09, 'm5-1': 109.29, 'm6-1': 0.97, 'm7-1': 10.18, 'm8-1': 9.99}",15.99,72.353,83.01299999999999,inf,191.716,191.716
276,T2,BESTEFFORT,CANCELLED,,42.171,"{'m1-1': 10.45, 'm2-1': 9.7, 'm3-1': 9.73, 'm4-1': 9.52, 'm5-1': 98.43, 'm6-1': 1.07, 'm7-1': 11.22, 'm8-1': 9.69}",0.0,inf,inf,inf,192.171,192.171
277,T3,BESTEFFORT,CANCELLED,,42.38,"{'m1-1': 10.42, 'm2-1': 11.13, 'm3-1': 9.5, 'm4-1': 10.65, 'm5-1': 107.12, 'm6-1': 0.96, 'm7-1': 9.41, 'm8-1': 11.34}",0.0,inf,inf,inf,192.38,192.38
278,T2,BESTEFFORT,COMPLETED,m8-1,42.433,"{'m1-1': 10.82, 'm2-1': 10.88, 'm3-1': 10.54, 'm4-1': 10.72, 'm5-1': 104.12, 'm6-1': 1.06, 'm7-1': 11.19, 'm8-1': 10.79}",16.185,177.235,188.025,inf,192.433,192.433
279,T4,BESTEFFORT,MISSED,m2-1,42.685,"{'m1-1': 10.07, 'm2-1': 10.52, 'm3-1': 11.19, 'm4-1': 10.89, 'm5-1': 98.29, 'm6-1': 1.07, 'm7-1': 9.39, 'm8-1': 10.67}",8.926500000000033,186.73399999999998,inf,192.685,192.685,192.685
280,T1,BESTEFFORT,CANCELLED,,42.823,"{'m1-1': 10.39, 'm2-1': 11.56, 'm3-1': 10.27, 'm4-1': 10.55, 'm5-1': 98.58, 'm6-1': 0.98, 'm7-1': 9.88, 'm8-1': 10.0}",0.0,inf,inf,inf,192.823,192.823
281,T3,BESTEFFORT,CANCELLED,,42.869,"{'m1-1': 10.87, 'm2-1': 11.33, 'm3-1': 9.7, 'm4-1': 10.71, 'm5-1': 102.9, 'm6-1': 1.05, 'm7-1': 9.84, 'm8-1': 11.1}",0.0,inf,inf,inf,192.869,192.869
282,T4,BESTEFFORT,CANCELLED,,42.991,"{'m1-1': 10.51, 'm2-1': 9.64, 'm3-1': 10.83, 'm4-1': 10.31, 'm5-1': 107.32, 'm6-1': 1.05, 'm7-1': 10.12, 'm8-1': 11.26}",0.0,inf,inf,inf,192.99099999999999,192.99099999999999
283,T1,BESTEFFORT,CANCELLED,,43.061,"{'m1-1': 10.43, 'm2-1': 10.95, 'm3-1': 10.87, 'm4-1': 10.07, 'm5-1': 99.36, 'm6-1': 1.01, 'm7-1': 10.04, 'm8-1': 10.7}",0.0,inf,inf,inf,193.061,193.061
284,T4,BESTEFFORT,CANCELLED,,43.155,"{'m1-1': 10.52, 'm2-1': 9.98, 'm3-1': 11.02, 'm4-1': 10.6, 'm5-1': 99.07, 'm6-1': 1.08, 'm7-1': 9.44, 'm8-1': 11.01}",0.0,inf,inf,inf,193.155,193.155
285,T3,BESTEFFORT,COMPLETED,m6-1,43.237,"{'m1-1': 9.92, 'm2-1': 10.71, 'm3-1': 11.01, 'm4-1': 10.52, 'm5-1': 101.18, 'm6-1': 1.07, 'm7-1': 10.36, 'm8-1': 11.63}",1.605,56.158999999999985,57.228999999999985,inf,193.237,193.237
286,T1,BESTEFFORT,MISSED,m5-1,43.7,"{'m1-1': 10.45, 'm2-1': 10.74, 'm3-1': 10.04, 'm4-1': 11.14, 'm5-1': 108.42, 'm6-1': 1.11, 'm7-1': 10.67, 'm8-1': 9.85}",0.0,200.30599999999998,inf,200.30599999999998,193.7,193.7
287,T4,BESTEFFORT,CANCELLED,,43.952,"{'m1-1': 10.51, 'm2-1': 10.92, 'm3-1': 9.96, 'm4-1': 10.52, 'm5-1': 112.07, 'm6-1': 0.97, 'm7-1': 9.67, 'm8-1': 10.61}",0.0,inf,inf,inf,193.952,193.952
288,T2,BESTEFFORT,MISSED,m6-1,44.182,"{'m1-1': 10.48, 'm2-1': 9.88, 'm3-1': 9.2, 'm4-1': 10.68, 'm5-1': 98.71, 'm6-1': 1.09, 'm7-1': 10.73, 'm8-1': 10.44}",0.0,197.84899999999993,inf,197.84899999999993,194.18200000000002,194.18200000000002
289,T2,BESTEFFORT,COMPLETED,m3-1,44.318,"{'m1-1': 9.93, 'm2-1': 10.17, 'm3-1': 10.79, 'm4-1': 10.36, 'm5-1': 101.45, 'm6-1': 1.0, 'm7-1': 10.58, 'm8-1': 10.6}",16.185,83.01299999999999,93.803,inf,194.31799999999998,194.31799999999998
290,T2,BESTEFFORT,CANCELLED,,44.357,"{'m1-1': 9.79, 'm2-1': 10.78, 'm3-1': 9.98, 'm4-1': 9.76, 'm5-1': 98.37, 'm6-1': 1.06, 'm7-1': 11.08, 'm8-1': 10.31}",0.0,inf,inf,inf,194.357,194.357
291,T1,BESTEFFORT,COMPLETED,m6-1,44.559,"{'m1-1': 10.93, 'm2-1': 10.54, 'm3-1': 9.7, 'm4-1': 10.63, 'm5-1': 100.22, 'm6-1': 0.94, 'm7-1': 11.5, 'm8-1': 10.33}",1.41,147.0989999999999,148.0389999999999,inf,194.559,194.559
292,T2,BESTEFFORT,COMPLETED,m4-1,45.023,"{'m1-1': 10.67, 'm2-1': 9.99, 'm3-1': 9.44, 'm4-1': 10.84, 'm5-1': 100.24, 'm6-1': 1.09, 'm7-1': 11.23, 'm8-1': 9.98}",16.259999999999998,155.53000000000003,166.37000000000003,inf,195.023,195.023
293,T1,BESTEFFORT,COMPLETED,m6-1,45.245,"{'m1-1': 9.76, 'm2-1': 10.56, 'm3-1': 9.76, 'm4-1': 9.74, 'm5-1': 101.11, 'm6-1': 0.97, 'm7-1': 10.11, 'm8-1': 11.04}",1.455,184.5689999999999,185.5389999999999,inf,195.245,195.245
294,T4,BESTEFFORT,COMPLETED,m2-1,45.281,"{'m1-1': 10.86, 'm2-1': 10.53, 'm3-1': 10.83, 'm4-1': 11.02, 'm5-1': 112.29, 'm6-1': 1.09, 'm7-1': 9.94, 'm8-1': 11.24}",15.794999999999998,144.344,154.874,inf,195.281,195.281
295,T1,BESTEFFORT,COMPLETED,m6-1,45.318,"{'m1-1': 9.71, 'm2-1': 10.04, 'm3-1': 9.88, 'm4-1': 10.02, 'm5-1': 94.99, 'm6-1': 1.0, 'm7-1': 10.95, 'm8-1': 11.07}",1.5,81.58900000000001,82.58900000000001,inf,195.31799999999998,195.31799999999998
296,T4,BESTEFFORT,COMPLETED,m6-1,45.511,"{'m1-1': 10.88, 'm2-1': 10.81, 'm3-1': 10.34, 'm4-1': 11.7, 'm5-1': 104.42, 'm6-1': 1.1, 'm7-1': 10.91, 'm8-1': 10.73}",1.6500000000000001,168.91899999999987,170.01899999999986,inf,195.511,195.511
297,T4,BESTEFFORT,COMPLETED,m6-1,45.67,"{'m1-1': 10.73, 'm2-1': 11.26, 'm3-1': 10.9, 'm4-1': 11.33, 'm5-1': 101.81, 'm6-1': 1.11, 'm7-1': 10.04, 'm8-1': 11.1}",1.665,192.75899999999993,193.86899999999994,inf,195.67000000000002,195.67000000000002
298,T2,BESTEFFORT,COMPLETED,m3-1,46.417,"{'m1-1': 9.47, 'm2-1': 10.84, 'm3-1': 9.48, 'm4-1': 10.47, 'm5-1': 110.3, 'm6-1': 0.96, 'm7-1': 10.05, 'm8-1': 10.33}",14.22,93.803,103.283,inf,196.417,196.417
299,T3,BESTEFFORT,COMPLETED,m6-1,46.437,"{'m1-1': 9.38, 'm2-1': 10.29, 'm3-1': 10.8, 'm4-1': 9.91, 'm5-1': 106.38, 'm6-1': 0.94, 'm7-1': 9.72, 'm8-1': 10.53}",1.41,50.04899999999999,50.98899999999999,inf,196.437,196.437
300,T4,BESTEFFORT,CANCELLED,,46.461,"{'m1-1': 10.37, 'm2-1': 9.55, 'm3-1': 10.86, 'm4-1': 11.33, 'm5-1': 108.42, 'm6-1': 0.97, 'm7-1': 9.76, 'm8-1': 9.86}",0.0,inf,inf,inf,196.461,196.461
301,T3,BESTEFFORT,COMPLETED,m6-1,46.772,"{'m1-1': 11.04, 'm2-1': 10.96, 'm3-1': 9.63, 'm4-1': 11.03, 'm5-1': 98.95, 'm6-1': 1.05, 'm7-1': 10.09, 'm8-1': 11.01}",1.5750000000000002,51.98899999999999,53.03899999999999,inf,196.772,196.772
302,T1,BESTEFFORT,COMPLETED,m6-1,46.989,"{'m1-1': 10.8, 'm2-1': 10.24, 'm3-1': 10.84, 'm4-1': 9.98, 'm5-1': 111.94, 'm6-1': 0.98, 'm7-1': 10.73, 'm8-1': 10.23}",1.47,148.0389999999999,149.0189999999999,inf,196.989,196.989
303,T1,BESTEFFORT,CANCELLED,,47.135,"{'m1-1': 10.86, 'm2-1': 11.24, 'm3-1': 10.55, 'm4-1': 10.11, 'm5-1': 103.11, 'm6-1': 1.03, 'm7-1': 10.0, 'm8-1': 10.2}",0.0,inf,inf,inf,197.135,197.135
304,T1,BESTEFFORT,COMPLETED,m6-1,47.143,"{'m1-1': 10.5, 'm2-1': 11.25, 'm3-1': 9.38, 'm4-1': 10.5, 'm5-1': 107.54, 'm6-1': 1.07, 'm7-1': 11.32, 'm8-1': 10.2}",1.605,106.249,107.31899999999999,inf,197.143,197.143
305,T4,BESTEFFORT,CANCELLED,,47.298,"{'m1-1': 10.94, 'm2-1': 10.39, 'm3-1': 10.42, 'm4-1': 11.14, 'm5-1': 99.81, 'm6-1': 1.06, 'm7-1': 10.74, 'm8-1': 9.85}",0.0,inf,inf,inf,197.298,197.298
306,T1,BESTEFFORT,CANCELLED,,47.367,"{'m1-1': 9.81, 'm2-1': 10.43, 'm3-1': 9.31, 'm4-1': 9.98, 'm5-1': 111.08, 'm6-1': 1.07, 'm7-1': 11.2, 'm8-1': 10.49}",0.0,inf,inf,inf,197.367,197.367
307,T1,BESTEFFORT,CANCELLED,,47.411,"{'m1-1': 9.59, 'm2-1': 11.13, 'm3-1': 10.15, 'm4-1': 10.93, 'm5-1': 112.35, 'm6-1': 0.96, 'm7-1': 10.49, 'm8-1': 10.7}",0.0,inf,inf,inf,197.411,197.411
308,T4,BESTEFFORT,COMPLETED,m6-1,47.619,"{'m1-1': 11.03, 'm2-1': 10.47, 'm3-1': 9.97, 'm4-1': 10.78, 'm5-1': 104.86, 'm6-1': 1.1, 'm7-1': 10.98, 'm8-1': 11.6}",1.6500000000000001,185.5389999999999,186.6389999999999,inf,197.619,197.619
309,T3,BESTEFFORT,COMPLETED,m6-1,47.743,"{'m1-1': 10.86, 'm2-1': 10.63, 'm3-1': 9.91, 'm4-1': 10.92, 'm5-1': 108.93, 'm6-1': 1.0, 'm7-1': 9.69, 'm8-1': 11.0}",1.5,50.98899999999999,51.98899999999999,inf,197.743,197.743
310,T2,BESTEFFORT,COMPLETED,m6-1,47.788,"{'m1-1': 9.37, 'm2-1': 11.06, 'm3-1': 10.06, 'm4-1': 9.95, 'm5-1': 111.15, 'm6-1': 0.96, 'm7-1': 10.28, 'm8-1': 11.17}",1.44,82.58900000000001,83.549,inf,197.788,197.788
311,T2,BESTEFFORT,COMPLETED,m4-1,47.868,"{'m1-1': 10.72, 'm2-1': 10.45, 'm3-1': 10.03, 'm4-1': 10.81, 'm5-1': 106.25, 'm6-1': 0.95, 'm7-1': 11.56, 'm8-1': 9.64}",16.215,83.63000000000001,94.44000000000001,inf,197.868,197.868
312,T3,BESTEFFORT,COMPLETED,m6-1,47.873,"{'m1-1': 9.78, 'm2-1': 9.58, 'm3-1': 10.73, 'm4-1': 10.92, 'm5-1': 115.13, 'm6-1': 0.98, 'm7-1': 9.71, 'm8-1': 11.43}",1.47,84.599,85.57900000000001,inf,197.873,197.873
313,T3,BESTEFFORT,CANCELLED,,48.189,"{'m1-1': 10.81, 'm2-1': 10.8, 'm3-1': 10.36, 'm4-1': 10.51, 'm5-1': 102.86, 'm6-1': 0.98, 'm7-1': 10.55, 'm8-1': 10.16}",0.0,inf,inf,inf,198.189,198.189
314,T4,BESTEFFORT,CANCELLED,,48.214,"{'m1-1': 10.15, 'm2-1': 10.61, 'm3-1': 9.92, 'm4-1': 10.54, 'm5-1': 104.82, 'm6-1': 1.03, 'm7-1': 10.03, 'm8-1': 10.84}",0.0,inf,inf,inf,198.214,198.214
315,T4,BESTEFFORT,COMPLETED,m6-1,48.504,"{'m1-1': 10.61, 'm2-1': 10.65, 'm3-1': 11.1, 'm4-1': 11.19, 'm5-1': 114.33, 'm6-1': 1.01, 'm7-1': 9.95, 'm8-1': 10.79}",1.5150000000000001,149.0189999999999,150.02899999999988,inf,198.504,198.504
316,T3,BESTEFFORT,MISSED,m6-1,48.588,"{'m1-1': 9.76, 'm2-1': 10.68, 'm3-1': 10.36, 'm4-1': 9.94, 'm5-1': 116.18, 'm6-1': 0.97, 'm7-1': 10.0, 'm8-1': 10.02}",1.1085000000000917,197.84899999999993,inf,198.588,198.588,198.588
317,T2,BESTEFFORT,COMPLETED,m8-1,48.602,"{'m1-1': 9.45, 'm2-1': 9.9, 'm3-1': 9.58, 'm4-1': 9.35, 'm5-1': 103.73, 'm6-1': 0.94, 'm7-1': 11.56, 'm8-1': 10.4}",15.600000000000001,134.365,144.76500000000001,inf,198.602,198.602
318,T1,BESTEFFORT,MISSED,m1-1,48.657,"{'m1-1': 9.94, 'm2-1': 10.09, 'm3-1': 9.86, 'm4-1': 10.23, 'm5-1': 105.06, 'm6-1': 1.0, 'm7-1': 10.87, 'm8-1': 10.84}",0.0,206.013,inf,206.013,198.65699999999998,198.65699999999998
319,T2,BESTEFFORT,COMPLETED,m6-1,48.792,"{'m1-1': 9.33, 'm2-1': 10.75, 'm3-1': 9.99, 'm4-1': 10.41, 'm5-1': 97.72, 'm6-1': 0.96, 'm7-1': 11.49, 'm8-1': 10.68}",1.44,122.61899999999997,123.57899999999997,inf,198.792,198.792
320,T1,BESTEFFORT,CANCELLED,,49.163,"{'m1-1': 10.7, 'm2-1': 10.12, 'm3-1': 10.28, 'm4-1': 11.05, 'm5-1': 101.27, 'm6-1': 1.07, 'm7-1': 9.84, 'm8-1': 10.8}",0.0,inf,inf,inf,199.163,199.163
321,T1,BESTEFFORT,COMPLETED,m6-1,49.513,"{'m1-1': 9.94, 'm2-1': 11.58, 'm3-1': 9.27, 'm4-1': 10.61, 'm5-1': 98.78, 'm6-1': 1.05, 'm7-1': 11.37, 'm8-1': 10.96}",1.5750000000000002,53.03899999999999,54.088999999999984,inf,199.513,199.513
322,T2,BESTEFFORT,COMPLETED,m4-1,49.635,"{'m1-1': 9.48, 'm2-1': 11.15, 'm3-1': 9.61, 'm4-1': 9.26, 'm5-1': 104.29, 'm6-1': 1.06, 'm7-1': 10.3, 'm8-1': 9.99}",13.89,94.44000000000001,103.70000000000002,inf,199.635,199.635
323,T2,BESTEFFORT,COMPLETED,m6-1,49.886,"{'m1-1': 9.42, 'm2-1': 10.81, 'm3-1': 9.54, 'm4-1': 10.87, 'm5-1': 106.82, 'm6-1': 1.08, 'm7-1': 11.02, 'm8-1': 9.71}",1.62,57.228999999999985,58.30899999999998,inf,199.886,199.886
324,T3,BESTEFFORT,COMPLETED,m6-1,50.168,"{'m1-1': 10.56, 'm2-1': 10.56, 'm3-1': 11.26, 'm4-1': 9.49, 'm5-1': 114.5, 'm6-1': 0.97, 'm7-1': 10.32, 'm8-1': 10.8}",1.455,54.088999999999984,55.05899999999998,inf,200.168,200.168
325,T1,BESTEFFORT,MISSED,m5-1,50.306,"{'m1-1': 10.42, 'm2-1': 11.22, 'm3-1': 9.53, 'm4-1': 10.96, 'm5-1': 109.46, 'm6-1': 0.96, 'm7-1': 10.72, 'm8-1': 11.12}",66.79649999999997,155.775,inf,200.30599999999998,200.30599999999998,200.30599999999998
326,T4,BESTEFFORT,COMPLETED,m7-1,50.345,"{'m1-1': 10.24, 'm2-1': 10.66, 'm3-1': 10.44, 'm4-1': 11.19, 'm5-1': 104.73, 'm6-1': 1.02, 'm7-1': 10.16, 'm8-1': 11.46}",15.24,83.47000000000001,93.63000000000001,inf,200.345,200.345
327,T3,BESTEFFORT,CANCELLED,,50.363,"{'m1-1': 10.81, 'm2-1': 9.71, 'm3-1': 11.18, 'm4-1': 10.25, 'm5-1': 114.42, 'm6-1': 0.97, 'm7-1': 10.36, 'm8-1': 10.48}",0.0,inf,inf,inf,200.363,200.363
328,T3,BESTEFFORT,CANCELLED,,50.433,"{'m1-1': 9.95, 'm2-1': 11.34, 'm3-1': 11.06, 'm4-1': 10.94, 'm5-1': 109.99, 'm6-1': 0.93, 'm7-1': 10.04, 'm8-1': 9.96}",0.0,inf,inf,inf,200.433,200.433
329,T4,BESTEFFORT,COMPLETED,m2-1,50.918,"{'m1-1': 10.05, 'm2-1': 10.42, 'm3-1': 9.96, 'm4-1': 11.09, 'm5-1': 99.92, 'm6-1': 1.06, 'm7-1': 9.59, 'm8-1': 10.17}",15.629999999999999,82.33399999999999,92.75399999999999,inf,200.918,200.918
330,T2,BESTEFFORT,COMPLETED,m6-1,50.984,"{'m1-1': 9.57, 'm2-1': 10.11, 'm3-1': 10.56, 'm4-1': 9.49, 'm5-1': 96.94, 'm6-1': 0.95, 'm7-1': 10.74, 'm8-1': 11.15}",1.4249999999999998,123.57899999999997,124.52899999999997,inf,200.984,200.984
331,T2,BESTEFFORT,COMPLETED,m6-1,51.026,"{'m1-1': 10.71, 'm2-1': 10.78, 'm3-1': 10.61, 'm4-1': 10.48, 'm5-1': 113.54, 'm6-1': 1.1, 'm7-1': 10.23, 'm8-1': 10.87}",1.6500000000000001,55.05899999999998,56.158999999999985,inf,201.026,201.026
332,T1,BESTEFFORT,CANCELLED,,51.102,"{'m1-1': 10.44, 'm2-1': 11.44, 'm3-1': 9.87, 'm4-1': 10.01, 'm5-1': 95.16, 'm6-1': 1.01, 'm7-1': 11.02, 'm8-1': 10.63}",0.0,inf,inf,inf,201.102,201.102
333,T2,BESTEFFORT,COMPLETED,m3-1,51.169,"{'m1-1': 9.66, 'm2-1': 10.54, 'm3-1': 9.92, 'm4-1': 9.74, 'm5-1': 99.62, 'm6-1': 1.08, 'm7-1': 9.9, 'm8-1': 9.6}",14.879999999999999,185.38799999999998,195.30799999999996,inf,201.16899999999998,201.16899999999998
334,T2,BESTEFFORT,COMPLETED,m6-1,51.205,"{'m1-1': 11.09, 'm2-1': 9.94, 'm3-1': 9.59, 'm4-1': 10.13, 'm5-1': 110.85, 'm6-1': 0.95, 'm7-1': 11.76, 'm8-1': 10.8}",1.4249999999999998,124.52899999999997,125.47899999999997,inf,201.20499999999998,201.20499999999998
335,T3,BESTEFFORT,COMPLETED,m6-1,51.225,"{'m1-1': 11.11, 'm2-1': 9.98, 'm3-1': 10.09, 'm4-1': 10.04, 'm5-1': 111.71, 'm6-1': 1.05, 'm7-1': 10.65, 'm8-1': 10.94}",1.5750000000000002,198.588,199.638,inf,201.225,201.225
336,T1,BESTEFFORT,COMPLETED,m8-1,51.432,"{'m1-1': 9.28, 'm2-1': 10.71, 'm3-1': 10.23, 'm4-1': 11.39, 'm5-1': 96.78, 'm6-1': 0.97, 'm7-1': 10.12, 'm8-1': 10.78}",16.169999999999998,82.435,93.215,inf,201.43200000000002,201.43200000000002
337,T1,BESTEFFORT,COMPLETED,m6-1,51.552,"{'m1-1': 9.54, 'm2-1': 10.92, 'm3-1': 10.21, 'm4-1': 11.36, 'm5-1': 112.53, 'm6-1': 0.97, 'm7-1': 11.2, 'm8-1': 10.19}",1.455,193.86899999999994,194.83899999999994,inf,201.552,201.552
338,T3,BESTEFFORT,CANCELLED,,51.939,"{'m1-1': 10.33, 'm2-1': 9.96, 'm3-1': 11.26, 'm4-1': 11.03, 'm5-1': 114.4, 'm6-1': 0.98, 'm7-1': 9.8, 'm8-1': 10.04}",0.0,inf,inf,inf,201.939,201.939
339,T1,BESTEFFORT,COMPLETED,m1-1,51.969,"{'m1-1': 9.63, 'm2-1': 10.45, 'm3-1': 10.33, 'm4-1': 11.36, 'm5-1': 107.41, 'm6-1': 0.98, 'm7-1': 11.5, 'm8-1': 10.84}",14.445,132.703,142.333,inf,201.969,201.969
340,T3,BESTEFFORT,COMPLETED,m2-1,52.318,"{'m1-1': 10.34, 'm2-1': 11.0, 'm3-1': 10.71, 'm4-1': 9.87, 'm5-1': 99.95, 'm6-1': 0.98, 'm7-1': 9.93, 'm8-1': 10.35}",16.5,154.874,165.874,inf,202.31799999999998,202.31799999999998
341,T1,BESTEFFORT,MISSED,m5-1,52.416,"{'m1-1': 10.82, 'm2-1': 10.96, 'm3-1': 10.34, 'm4-1': 10.74, 'm5-1': 108.92, 'm6-1': 0.98, 'm7-1': 9.86, 'm8-1': 10.23}",0.0,213.335,inf,213.335,202.416,202.416
342,T1,BESTEFFORT,COMPLETED,m8-1,52.853,"{'m1-1': 10.21, 'm2-1': 10.34, 'm3-1': 9.91, 'm4-1': 9.68, 'm5-1': 97.71, 'm6-1': 1.03, 'm7-1': 10.69, 'm8-1': 10.42}",15.629999999999999,102.995,113.415,inf,202.853,202.853
343,T4,BESTEFFORT,COMPLETED,m6-1,52.88,"{'m1-1': 10.61, 'm2-1': 11.07, 'm3-1': 10.62, 'm4-1': 11.78, 'm5-1': 112.74, 'm6-1': 0.95, 'm7-1': 10.47, 'm8-1': 10.93}",1.4249999999999998,107.31899999999999,108.26899999999999,inf,202.88,202.88
344,T4,BESTEFFORT,COMPLETED,m6-1,53.04,"{'m1-1': 10.66, 'm2-1': 9.72, 'm3-1': 9.86, 'm4-1': 11.64, 'm5-1': 96.95, 'm6-1': 0.97, 'm7-1': 9.49, 'm8-1': 9.97}",1.455,125.47899999999997,126.44899999999997,inf,203.04,203.04
345,T4,BESTEFFORT,MISSED,m7-1,53.236,"{'m1-1': 9.94, 'm2-1': 10.79, 'm3-1': 11.19, 'm4-1': 11.12, 'm5-1': 105.74, 'm6-1': 1.1, 'm7-1': 9.34, 'm8-1': 10.81}",0.0,213.653,inf,213.653,203.236,203.236
346,T3,BESTEFFORT,COMPLETED,m6-1,53.385,"{'m1-1': 10.13, 'm2-1': 10.95, 'm3-1': 10.32, 'm4-1': 10.9, 'm5-1': 103.16, 'm6-1': 1.06, 'm7-1': 10.04, 'm8-1': 10.05}",1.59,150.02899999999988,151.08899999999988,inf,203.385,203.385
347,T2,BESTEFFORT,COMPLETED,m6-1,53.627,"{'m1-1': 10.0, 'm2-1': 10.38, 'm3-1': 9.34, 'm4-1': 9.64, 'm5-1': 105.65, 'm6-1': 0.98, 'm7-1': 10.53, 'm8-1': 9.6}",1.47,186.6389999999999,187.6189999999999,inf,203.627,203.627
348,T3,BESTEFFORT,CANCELLED,,53.781,"{'m1-1': 10.7, 'm2-1': 9.96, 'm3-1': 9.95, 'm4-1': 10.07, 'm5-1': 99.93, 'm6-1': 0.97, 'm7-1': 10.78, 'm8-1': 11.63}",0.0,inf,inf,inf,203.781,203.781
349,T2,BESTEFFORT,COMPLETED,m4-1,53.928,"{'m1-1': 10.56, 'm2-1': 9.95, 'm3-1': 9.17, 'm4-1': 10.72, 'm5-1': 104.54, 'm6-1': 0.96, 'm7-1': 10.0, 'm8-1': 9.52}",16.080000000000002,144.81000000000003,155.53000000000003,inf,203.928,203.928
350,T4,BESTEFFORT,CANCELLED,,54.062,"{'m1-1': 10.87, 'm2-1': 10.14, 'm3-1': 11.46, 'm4-1': 10.48, 'm5-1': 102.02, 'm6-1': 1.08, 'm7-1': 10.29, 'm8-1': 9.89}",0.0,inf,inf,inf,204.062,204.062
351,T2,BESTEFFORT,COMPLETED,m8-1,54.256,"{'m1-1': 9.93, 'm2-1': 9.67, 'm3-1': 9.63, 'm4-1': 10.52, 'm5-1': 107.9, 'm6-1': 1.02, 'm7-1': 11.04, 'm8-1': 10.92}",16.38,188.025,198.945,inf,204.256,204.256
352,T4,BESTEFFORT,MISSED,m6-1,54.356,"{'m1-1': 11.59, 'm2-1': 11.08, 'm3-1': 10.73, 'm4-1': 11.55, 'm5-1': 113.65, 'm6-1': 0.99, 'm7-1': 10.34, 'm8-1': 11.12}",0.0,204.918,inf,204.918,204.356,204.356
353,T3,BESTEFFORT,COMPLETED,m6-1,54.415,"{'m1-1': 10.76, 'm2-1': 11.26, 'm3-1': 11.01, 'm4-1': 9.83, 'm5-1': 117.21, 'm6-1': 1.02, 'm7-1': 11.04, 'm8-1': 10.76}",1.53,151.08899999999988,152.1089999999999,inf,204.415,204.415
354,T1,BESTEFFORT,COMPLETED,m6-1,54.556,"{'m1-1': 9.85, 'm2-1': 9.92, 'm3-1': 9.87, 'm4-1': 10.82, 'm5-1': 107.61, 'm6-1': 0.94, 'm7-1': 10.6, 'm8-1': 10.12}",1.41,194.83899999999994,195.77899999999994,inf,204.55599999999998,204.55599999999998
355,T1,BESTEFFORT,COMPLETED,m1-1,54.69,"{'m1-1': 10.92, 'm2-1': 11.29, 'm3-1': 9.35, 'm4-1': 9.73, 'm5-1': 106.8, 'm6-1': 1.01, 'm7-1': 10.59, 'm8-1': 11.01}",16.38,142.333,153.253,inf,204.69,204.69
356,T3,BESTEFFORT,COMPLETED,m6-1,54.719,"{'m1-1': 10.66, 'm2-1': 9.74, 'm3-1': 10.02, 'm4-1': 10.02, 'm5-1': 112.02, 'm6-1': 1.07, 'm7-1': 10.71, 'm8-1': 11.32}",1.605,58.30899999999998,59.378999999999984,inf,204.719,204.719
357,T3,BESTEFFORT,CANCELLED,,55.365,"{'m1-1': 9.66, 'm2-1': 11.18, 'm3-1': 11.08, 'm4-1': 10.24, 'm5-1': 98.97, 'm6-1': 0.97, 'm7-1': 9.9, 'm8-1': 10.92}",0.0,inf,inf,inf,205.365,205.365
358,T3,BESTEFFORT,MISSED,m7-1,55.654,"{'m1-1': 10.19, 'm2-1': 9.98, 'm3-1': 10.52, 'm4-1': 10.98, 'm5-1': 117.17, 'm6-1': 0.95, 'm7-1': 10.06, 'm8-1': 10.07}",0.0,213.653,inf,213.653,205.654,205.654
359,T4,BESTEFFORT,CANCELLED,,55.963,"{'m1-1': 11.32, 'm2-1': 11.06, 'm3-1': 10.65, 'm4-1': 11.36, 'm5-1': 110.63, 'm6-1': 1.07, 'm7-1': 9.64, 'm8-1': 11.58}",0.0,inf,inf,inf,205.963,205.963
360,T1,BESTEFFORT,COMPLETED,m6-1,56.048,"{'m1-1': 10.81, 'm2-1': 11.19, 'm3-1': 9.81, 'm4-1': 10.5, 'm5-1': 99.97, 'm6-1': 1.01, 'm7-1': 11.51, 'm8-1': 11.0}",1.5150000000000001,59.378999999999984,60.38899999999998,inf,206.048,206.048
361,T4,BESTEFFORT,COMPLETED,m6-1,56.482,"{'m1-1': 10.2, 'm2-1': 11.23, 'm3-1': 10.14, 'm4-1': 10.52, 'm5-1': 97.62, 'm6-1': 0.95, 'm7-1': 9.94, 'm8-1': 11.41}",1.4249999999999998,60.38899999999998,61.338999999999984,inf,206.482,206.482
362,T3,BESTEFFORT,COMPLETED,m7-1,56.857,"{'m1-1': 9.4, 'm2-1': 10.68, 'm3-1': 11.18, 'm4-1': 10.84, 'm5-1': 115.61, 'm6-1': 1.02, 'm7-1': 10.0, 'm8-1': 11.59}",15.0,124.44,134.44,inf,206.857,206.857
363,T1,BESTEFFORT,COMPLETED,m6-1,56.889,"{'m1-1': 10.56, 'm2-1': 11.44, 'm3-1': 9.78, 'm4-1': 9.82, 'm5-1': 101.3, 'm6-1': 1.07, 'm7-1': 9.9, 'm8-1': 10.94}",1.605,126.44899999999997,127.51899999999996,inf,206.889,206.889
364,T1,BESTEFFORT,COMPLETED,m6-1,57.239,"{'m1-1': 10.31, 'm2-1': 10.39, 'm3-1': 9.66, 'm4-1': 11.2, 'm5-1': 102.6, 'm6-1': 0.96, 'm7-1': 10.51, 'm8-1': 10.25}",1.44,61.338999999999984,62.298999999999985,inf,207.239,207.239
365,T1,BESTEFFORT,COMPLETED,m6-1,57.302,"{'m1-1': 10.42, 'm2-1': 10.7, 'm3-1': 10.92, 'm4-1': 10.56, 'm5-1': 108.84, 'm6-1': 1.02, 'm7-1': 11.58, 'm8-1': 10.05}",1.53,108.26899999999999,109.28899999999999,inf,207.302,207.302
366,T4,BESTEFFORT,CANCELLED,,57.318,"{'m1-1': 10.43, 'm2-1': 10.74, 'm3-1': 10.66, 'm4-1': 11.68, 'm5-1': 105.2, 'm6-1': 1.07, 'm7-1': 10.89, 'm8-1': 11.2}",0.0,inf,inf,inf,207.31799999999998,207.31799999999998
367,T3,BESTEFFORT,COMPLETED,m6-1,57.361,"{'m1-1': 10.03, 'm2-1': 11.11, 'm3-1': 11.14, 'm4-1': 10.88, 'm5-1': 111.22, 'm6-1': 1.02, 'm7-1': 9.98, 'm8-1': 10.2}",1.53,187.6189999999999,188.6389999999999,inf,207.361,207.361
368,T2,BESTEFFORT,COMPLETED,m1-1,57.553,"{'m1-1': 10.23, 'm2-1': 10.27, 'm3-1': 10.23, 'm4-1': 10.54, 'm5-1': 96.75, 'm6-1': 0.94, 'm7-1': 10.72, 'm8-1': 11.16}",15.345,195.78300000000002,206.013,inf,207.553,207.553
369,T4,BESTEFFORT,CANCELLED,,57.696,"{'m1-1': 10.68, 'm2-1': 10.16, 'm3-1': 11.48, 'm4-1': 11.29, 'm5-1': 103.61, 'm6-1': 1.03, 'm7-1': 10.85, 'm8-1': 11.26}",0.0,inf,inf,inf,207.696,207.696
370,T1,BESTEFFORT,COMPLETED,m8-1,57.73,"{'m1-1': 9.5, 'm2-1': 10.34, 'm3-1': 10.03, 'm4-1': 11.14, 'm5-1': 108.39, 'm6-1': 1.05, 'm7-1': 11.32, 'm8-1': 9.78}",14.669999999999998,93.215,102.995,inf,207.73,207.73
371,T3,BESTEFFORT,MISSED,m6-1,57.774,"{'m1-1': 11.05, 'm2-1': 10.63, 'm3-1': 11.04, 'm4-1': 10.62, 'm5-1': 102.77, 'm6-1': 0.95, 'm7-1': 9.62, 'm8-1': 10.48}",0.0,207.94800000000004,inf,207.94800000000004,207.774,207.774
372,T4,BESTEFFORT,COMPLETED,m6-1,58.032,"{'m1-1': 11.04, 'm2-1': 10.9, 'm3-1': 10.32, 'm4-1': 10.5, 'm5-1': 102.0, 'm6-1': 1.05, 'm7-1': 10.29, 'm8-1': 10.86}",1.5750000000000002,127.51899999999996,128.56899999999996,inf,208.03199999999998,208.03199999999998
373,T4,BESTEFFORT,MISSED,m1-1,58.057,"{'m1-1': 10.02, 'm2-1': 9.94, 'm3-1': 10.03, 'm4-1': 10.42, 'm5-1': 109.5, 'm6-1': 1.02, 'm7-1': 10.16, 'm8-1': 11.05}",0.0,220.064,inf,220.064,208.05700000000002,208.05700000000002
374,T3,BESTEFFORT,MISSED,m6-1,58.083,"{'m1-1': 10.9, 'm2-1': 9.73, 'm3-1': 10.3, 'm4-1': 10.44, 'm5-1': 106.0, 'm6-1': 1.03, 'm7-1': 10.0, 'm8-1': 11.15}",0.0,211.00800000000004,inf,211.00800000000004,208.083,208.083
375,T2,BESTEFFORT,COMPLETED,m4-1,58.418,"{'m1-1': 10.91, 'm2-1': 11.1, 'm3-1': 10.5, 'm4-1': 10.01, 'm5-1': 109.88, 'm6-1': 1.03, 'm7-1': 11.38, 'm8-1': 10.75}",15.015,166.37000000000003,176.38000000000002,inf,208.418,208.418
376,T1,BESTEFFORT,COMPLETED,m1-1,58.627,"{'m1-1': 10.5, 'm2-1': 10.09, 'm3-1': 10.16, 'm4-1': 11.06, 'm5-1': 104.42, 'm6-1': 1.02, 'm7-1': 11.46, 'm8-1': 10.15}",15.75,92.043,102.543,inf,208.627,208.627
377,T3,BESTEFFORT,COMPLETED,m2-1,58.69,"{'m1-1': 9.64, 'm2-1': 10.32, 'm3-1': 10.33, 'm4-1': 9.87, 'm5-1': 112.86, 'm6-1': 0.93, 'm7-1': 10.81, 'm8-1': 11.64}",15.48,165.874,176.194,inf,208.69,208.69
378,T4,BESTEFFORT,COMPLETED,m2-1,58.719,"{'m1-1': 11.56, 'm2-1': 9.95, 'm3-1': 11.05, 'm4-1': 10.46, 'm5-1': 113.89, 'm6-1': 0.99, 'm7-1': 10.24, 'm8-1': 10.73}",14.924999999999999,102.55399999999999,112.50399999999999,inf,208.719,208.719
379,T4,BESTEFFORT,COMPLETED,m7-1,58.866,"{'m1-1': 10.7, 'm2-1': 10.61, 'm3-1': 10.95, 'm4-1': 10.78, 'm5-1': 96.87, 'm6-1': 1.05, 'm7-1': 9.95, 'm8-1': 11.36}",14.924999999999999,188.524,198.474,inf,208.86599999999999,208.86599999999999
380,T4,BESTEFFORT,COMPLETED,m6-1,59.046,"{'m1-1': 11.01, 'm2-1': 10.58, 'm3-1': 10.49, 'm4-1': 10.83, 'm5-1': 113.9, 'm6-1': 1.12, 'm7-1': 10.18, 'm8-1': 11.41}",1.6800000000000002,199.638,200.758,inf,209.046,209.046
381,T3,BESTEFFORT,COMPLETED,m6-1,59.224,"{'m1-1': 10.73, 'm2-1': 9.91, 'm3-1': 10.58, 'm4-1': 11.13, 'm5-1': 101.42, 'm6-1': 1.09, 'm7-1': 9.48, 'm8-1': 11.61}",1.6350000000000002,62.298999999999985,63.38899999999999,inf,209.224,209.224
382,T1,BESTEFFORT,COMPLETED,m6-1,59.405,"{'m1-1': 10.54, 'm2-1': 10.09, 'm3-1': 10.82, 'm4-1': 10.66, 'm5-1': 101.56, 'm6-1': 1.01, 'm7-1': 10.15, 'm8-1': 9.68}",1.5150000000000001,200.758,201.768,inf,209.405,209.405
383,T4,BESTEFFORT,MISSED,m5-1,59.463,"{'m1-1': 10.8, 'm2-1': 10.19, 'm3-1': 10.51, 'm4-1': 11.12, 'm5-1': 97.47, 'm6-1': 1.01, 'm7-1': 9.63, 'm8-1': 10.24}",0.0,213.335,inf,213.335,209.463,209.463
384,T2,BESTEFFORT,COMPLETED,m3-1,59.702,"{'m1-1': 9.97, 'm2-1': 11.46, 'm3-1': 9.24, 'm4-1': 9.99, 'm5-1': 105.94, 'm6-1': 1.09, 'm7-1': 11.13, 'm8-1': 10.26}",13.86,133.563,142.803,inf,209.702,209.702
385,T2,BESTEFFORT,COMPLETED,m6-1,59.741,"{'m1-1': 10.14, 'm2-1': 10.44, 'm3-1': 9.81, 'm4-1': 9.85, 'm5-1': 109.26, 'm6-1': 1.07, 'm7-1': 9.97, 'm8-1': 9.6}",1.605,63.38899999999999,64.45899999999999,inf,209.74099999999999,209.74099999999999
386,T2,BESTEFFORT,COMPLETED,m6-1,59.778,"{'m1-1': 11.04, 'm2-1': 10.63, 'm3-1': 9.16, 'm4-1': 10.69, 'm5-1': 105.94, 'm6-1': 0.98, 'm7-1': 10.27, 'm8-1': 10.36}",1.47,152.1089999999999,153.08899999999988,inf,209.778,209.778
387,T3,BESTEFFORT,COMPLETED,m7-1,59.87,"{'m1-1': 11.06, 'm2-1': 10.74, 'm3-1': 10.5, 'm4-1': 10.83, 'm5-1': 99.52, 'm6-1': 1.04, 'm7-1': 9.54, 'm8-1': 9.84}",14.309999999999999,114.9,124.44,inf,209.87,209.87
388,T2,BESTEFFORT,COMPLETED,m6-1,59.885,"{'m1-1': 9.78, 'm2-1': 10.82, 'm3-1': 10.86, 'm4-1': 10.58, 'm5-1': 102.44, 'm6-1': 1.01, 'm7-1': 10.19, 'm8-1': 9.92}",1.5150000000000001,109.28899999999999,110.29899999999999,inf,209.885,209.885
389,T4,BESTEFFORT,COMPLETED,m6-1,59.934,"{'m1-1': 9.82, 'm2-1': 9.65, 'm3-1': 11.52, 'm4-1': 11.0, 'm5-1': 96.74, 'm6-1': 0.95, 'm7-1': 10.76, 'm8-1': 11.45}",1.4249999999999998,153.08899999999988,154.03899999999987,inf,209.934,209.934
390,T2,BESTEFFORT,COMPLETED,m4-1,59.97,"{'m1-1': 9.97, 'm2-1': 10.93, 'm3-1': 10.5, 'm4-1': 10.23, 'm5-1': 106.04, 'm6-1': 1.04, 'm7-1': 10.92, 'm8-1': 10.77}",15.345,176.38000000000002,186.61,inf,209.97,209.97
391,T4,BESTEFFORT,COMPLETED,m6-1,60.06,"{'m1-1': 10.72, 'm2-1': 11.01, 'm3-1': 9.7, 'm4-1': 10.72, 'm5-1': 109.28, 'm6-1': 1.06, 'm7-1': 10.23, 'm8-1': 11.12}",1.59,207.94800000000004,209.00800000000004,inf,210.06,210.06
392,T1,BESTEFFORT,COMPLETED,m6-1,60.123,"{'m1-1': 9.96, 'm2-1': 10.21, 'm3-1': 9.79, 'm4-1': 11.24, 'm5-1': 101.27, 'm6-1': 0.96, 'm7-1': 10.47, 'm8-1': 9.45}",1.44,204.918,205.87800000000001,inf,210.123,210.123
393,T4,BESTEFFORT,COMPLETED,m6-1,60.176,"{'m1-1': 10.41, 'm2-1': 10.91, 'm3-1': 10.78, 'm4-1': 11.56, 'm5-1': 111.7, 'm6-1': 1.01, 'm7-1': 9.65, 'm8-1': 10.02}",1.5150000000000001,64.45899999999999,65.469,inf,210.176,210.176
394,T1,BESTEFFORT,MISSED,m1-1,60.344,"{'m1-1': 10.42, 'm2-1': 10.17, 'm3-1': 10.19, 'm4-1': 10.76, 'm5-1': 99.77, 'm6-1': 0.97, 'm7-1': 10.53, 'm8-1': 10.7}",6.496499999999983,206.013,inf,210.344,210.344,210.344
395,T1,BESTEFFORT,MISSED,m3-1,60.439,"{'m1-1': 9.6, 'm2-1': 11.21, 'm3-1': 10.83, 'm4-1': 10.14, 'm5-1': 108.71, 'm6-1': 1.03, 'm7-1': 10.78, 'm8-1': 9.39}",7.726500000000058,205.28799999999995,inf,210.439,210.439,210.439
396,T4,BESTEFFORT,COMPLETED,m7-1,60.518,"{'m1-1': 9.88, 'm2-1': 11.0, 'm3-1': 10.53, 'm4-1': 10.09, 'm5-1': 102.0, 'm6-1': 0.97, 'm7-1': 10.53, 'm8-1': 11.61}",15.794999999999998,93.63000000000001,104.16000000000001,inf,210.518,210.518
397,T4,BESTEFFORT,COMPLETED,m2-1,60.574,"{'m1-1': 10.85, 'm2-1': 11.26, 'm3-1': 10.91, 'm4-1': 11.39, 'm5-1': 111.17, 'm6-1': 1.12, 'm7-1': 9.93, 'm8-1': 10.54}",16.89,192.685,203.945,inf,210.574,210.574
398,T1,BESTEFFORT,COMPLETED,m6-1,60.684,"{'m1-1': 10.86, 'm2-1': 11.26, 'm3-1': 9.71, 'm4-1': 9.72, 'm5-1': 108.05, 'm6-1': 0.96, 'm7-1': 10.92, 'm8-1': 10.79}",1.44,170.01899999999986,170.97899999999987,inf,210.684,210.684
399,T2,BESTEFFORT,COMPLETED,m6-1,60.892,"{'m1-1': 9.7, 'm2-1': 11.17, 'm3-1': 9.67, 'm4-1': 10.45, 'm5-1': 100.91, 'm6-1': 1.02, 'm7-1': 10.56, 'm8-1': 11.02}",1.53,87.57900000000001,88.599,inf,210.892,210.892
400,T3,BESTEFFORT,MISSED,m2-1,60.893,"{'m1-1': 9.39, 'm2-1': 10.88, 'm3-1': 9.75, 'm4-1': 9.74, 'm5-1': 101.96, 'm6-1': 1.0, 'm7-1': 10.36, 'm8-1': 9.86}",10.422000000000011,203.945,inf,210.893,210.893,210.893
401,T3,BESTEFFORT,MISSED,m4-1,60.956,"{'m1-1': 10.25, 'm2-1': 11.19, 'm3-1': 11.02, 'm4-1': 10.55, 'm5-1': 114.0, 'm6-1': 1.01, 'm7-1': 10.9, 'm8-1': 11.06}",0.0,219.62099999999998,inf,219.62099999999998,210.95600000000002,210.95600000000002
402,T1,BESTEFFORT,MISSED,m1-1,60.968,"{'m1-1': 10.41, 'm2-1': 10.28, 'm3-1': 10.19, 'm4-1': 10.5, 'm5-1': 104.4, 'm6-1': 1.01, 'm7-1': 11.09, 'm8-1': 10.95}",0.0,220.064,inf,220.064,210.96800000000002,210.96800000000002
403,T4,BESTEFFORT,MISSED,m5-1,61.17,"{'m1-1': 10.67, 'm2-1': 10.7, 'm3-1': 10.11, 'm4-1': 10.0, 'm5-1': 99.98, 'm6-1': 0.98, 'm7-1': 10.56, 'm8-1': 10.56}",0.0,213.335,inf,213.335,211.17000000000002,211.17000000000002
404,T4,BESTEFFORT,COMPLETED,m6-1,61.29,"{'m1-1': 11.22, 'm2-1': 9.77, 'm3-1': 9.78, 'm4-1': 11.62, 'm5-1': 104.37, 'm6-1': 1.07, 'm7-1': 10.98, 'm8-1': 10.93}",1.605,170.97899999999987,172.04899999999986,inf,211.29,211.29
405,T3,BESTEFFORT,COMPLETED,m6-1,61.533,"{'m1-1': 10.98, 'm2-1': 11.24, 'm3-1': 11.17, 'm4-1': 10.21, 'm5-1': 103.4, 'm6-1': 0.99, 'm7-1': 9.54, 'm8-1': 11.25}",1.4849999999999999,110.29899999999999,111.28899999999999,inf,211.53300000000002,211.53300000000002
406,T4,BESTEFFORT,COMPLETED,m7-1,61.879,"{'m1-1': 11.28, 'm2-1': 10.93, 'm3-1': 11.32, 'm4-1': 11.57, 'm5-1': 107.05, 'm6-1': 0.97, 'm7-1': 9.91, 'm8-1': 11.41}",14.865,154.14,164.04999999999998,inf,211.879,211.879
407,T2,BESTEFFORT,MISSED,m1-1,62.205,"{'m1-1': 10.19, 'm2-1': 11.18, 'm3-1': 9.48, 'm4-1': 9.52, 'm5-1': 106.47, 'm6-1': 0.96, 'm7-1': 10.73, 'm8-1': 10.64}",0.0,220.064,inf,220.064,212.20499999999998,212.20499999999998
408,T1,BESTEFFORT,COMPLETED,m6-1,62.361,"{'m1-1': 9.6, 'm2-1': 10.81, 'm3-1': 9.26, 'm4-1': 11.08, 'm5-1': 108.57, 'm6-1': 1.05, 'm7-1': 10.85, 'm8-1': 9.57}",1.5750000000000002,154.03899999999987,155.08899999999988,inf,212.361,212.361
409,T4,BESTEFFORT,COMPLETED,m6-1,62.744,"{'m1-1': 10.47, 'm2-1': 11.13, 'm3-1': 11.37, 'm4-1': 10.54, 'm5-1': 113.06, 'm6-1': 1.02, 'm7-1': 10.93, 'm8-1': 11.27}",1.53,188.6389999999999,189.6589999999999,inf,212.744,212.744
410,T2,BESTEFFORT,COMPLETED,m1-1,63.31,"{'m1-1': 10.71, 'm2-1': 10.28, 'm3-1': 9.24, 'm4-1': 10.72, 'm5-1': 113.1, 'm6-1': 0.99, 'm7-1': 10.39, 'm8-1': 11.03}",16.065,153.253,163.963,inf,213.31,213.31
411,T3,BESTEFFORT,MISSED,m3-1,63.31,"{'m1-1': 10.81, 'm2-1': 11.28, 'm3-1': 10.96, 'm4-1': 10.37, 'm5-1': 100.92, 'm6-1': 0.98, 'm7-1': 9.43, 'm8-1': 10.78}",4.306500000000014,210.439,inf,213.31,213.31,213.31
412,T1,BESTEFFORT,MISSED,m5-1,63.335,"{'m1-1': 9.47, 'm2-1': 10.82, 'm3-1': 9.33, 'm4-1': 11.2, 'm5-1': 110.04, 'm6-1': 1.02, 'm7-1': 11.29, 'm8-1': 9.64}",19.543500000000037,200.30599999999998,inf,213.335,213.335,213.335
413,T2,BESTEFFORT,COMPLETED,m1-1,63.618,"{'m1-1': 10.46, 'm2-1': 9.83, 'm3-1': 10.1, 'm4-1': 10.44, 'm5-1': 109.63, 'm6-1': 1.03, 'm7-1': 10.27, 'm8-1': 10.47}",15.690000000000001,112.583,123.043,inf,213.618,213.618
414,T4,BESTEFFORT,MISSED,m7-1,63.653,"{'m1-1': 11.51, 'm2-1': 10.24, 'm3-1': 10.03, 'm4-1': 11.71, 'm5-1': 98.01, 'm6-1': 1.06, 'm7-1': 9.39, 'm8-1': 9.82}",8.563500000000005,207.944,inf,213.653,213.653,213.653
415,T2,BESTEFFORT,COMPLETED,m6-1,63.897,"{'m1-1': 10.84, 'm2-1': 10.22, 'm3-1': 9.22, 'm4-1': 9.63, 'm5-1': 110.09, 'm6-1': 1.11, 'm7-1': 11.09, 'm8-1': 9.96}",1.665,205.87800000000001,206.98800000000003,inf,213.897,213.897
416,T2,BESTEFFORT,COMPLETED,m4-1,63.943,"{'m1-1': 9.43, 'm2-1': 10.25, 'm3-1': 10.61, 'm4-1': 9.48, 'm5-1': 111.23, 'm6-1': 1.1, 'm7-1': 10.43, 'm8-1': 11.19}",14.22,186.61,196.09,inf,213.94299999999998,213.94299999999998
417,T3,BESTEFFORT,COMPLETED,m6-1,64.027,"{'m1-1': 10.75, 'm2-1': 11.14, 'm3-1': 9.5, 'm4-1': 10.19, 'm5-1': 111.8, 'm6-1': 0.93, 'm7-1': 10.67, 'm8-1': 11.64}",1.395,67.48899999999999,68.419,inf,214.027,214.027
418,T3,BESTEFFORT,COMPLETED,m6-1,64.278,"{'m1-1': 9.48, 'm2-1': 9.74, 'm3-1': 9.55, 'm4-1': 10.57, 'm5-1': 110.74, 'm6-1': 0.94, 'm7-1': 10.8, 'm8-1': 11.3}",1.41,155.08899999999988,156.02899999999988,inf,214.27800000000002,214.27800000000002
419,T2,BESTEFFORT,COMPLETED,m3-1,64.425,"{'m1-1': 10.16, 'm2-1': 10.02, 'm3-1': 9.71, 'm4-1': 9.48, 'm5-1': 97.09, 'm6-1': 1.06, 'm7-1': 11.74, 'm8-1': 10.26}",14.565000000000001,152.703,162.413,inf,214.425,214.425
420,T3,BESTEFFORT,COMPLETED,m6-1,64.485,"{'m1-1': 10.42, 'm2-1': 10.86, 'm3-1': 10.54, 'm4-1': 9.58, 'm5-1': 113.02, 'm6-1': 1.04, 'm7-1': 9.79, 'm8-1': 11.28}",1.56,68.419,69.459,inf,214.485,214.485
421,T1,BESTEFFORT,COMPLETED,m6-1,64.59,"{'m1-1': 9.38, 'm2-1': 9.86, 'm3-1': 9.66, 'm4-1': 10.1, 'm5-1': 108.03, 'm6-1': 1.01, 'm7-1': 10.28, 'm8-1': 10.75}",1.5150000000000001,195.77899999999994,196.78899999999993,inf,214.59,214.59
422,T3,BESTEFFORT,COMPLETED,m4-1,64.682,"{'m1-1': 10.09, 'm2-1': 10.95, 'm3-1': 11.07, 'm4-1': 10.22, 'm5-1': 100.94, 'm6-1': 1.01, 'm7-1': 10.97, 'm8-1': 10.94}",15.330000000000002,196.09,206.31,inf,214.68200000000002,214.68200000000002
423,T2,BESTEFFORT,COMPLETED,m4-1,64.774,"{'m1-1': 11.05, 'm2-1': 10.76, 'm3-1': 9.43, 'm4-1': 9.55, 'm5-1': 103.38, 'm6-1': 1.0, 'm7-1': 10.3, 'm8-1': 10.61}",14.325000000000001,125.17000000000002,134.72000000000003,inf,214.774,214.774
424,T3,BESTEFFORT,COMPLETED,m6-1,64.921,"{'m1-1': 9.62, 'm2-1': 10.78, 'm3-1': 10.34, 'm4-1': 10.83, 'm5-1': 114.84, 'm6-1': 0.94, 'm7-1': 10.9, 'm8-1': 9.95}",1.41,88.599,89.539,inf,214.921,214.921
425,T4,BESTEFFORT,COMPLETED,m7-1,65.068,"{'m1-1': 9.99, 'm2-1': 10.8, 'm3-1': 10.93, 'm4-1': 10.87, 'm5-1': 104.1, 'm6-1': 0.96, 'm7-1': 10.16, 'm8-1': 10.75}",15.24,164.04999999999998,174.20999999999998,inf,215.06799999999998,215.06799999999998
426,T3,BESTEFFORT,COMPLETED,m7-1,65.14,"{'m1-1': 10.55, 'm2-1': 10.9, 'm3-1': 9.56, 'm4-1': 10.48, 'm5-1': 111.73, 'm6-1': 0.95, 'm7-1': 9.47, 'm8-1': 11.39}",14.205000000000002,198.474,207.944,inf,215.14,215.14
427,T1,BESTEFFORT,COMPLETED,m8-1,65.303,"{'m1-1': 10.89, 'm2-1': 10.03, 'm3-1': 9.33, 'm4-1': 10.24, 'm5-1': 98.5, 'm6-1': 0.96, 'm7-1': 11.58, 'm8-1': 10.39}",15.585,198.945,209.33499999999998,inf,215.303,215.303
428,T1,BESTEFFORT,COMPLETED,m6-1,65.316,"{'m1-1': 10.32, 'm2-1': 11.44, 'm3-1': 10.4, 'm4-1': 11.41, 'm5-1': 105.33, 'm6-1': 1.01, 'm7-1': 10.8, 'm8-1': 9.82}",1.5150000000000001,89.539,90.549,inf,215.316,215.316
429,T4,BESTEFFORT,COMPLETED,m6-1,65.418,"{'m1-1': 10.54, 'm2-1': 9.76, 'm3-1': 11.16, 'm4-1': 11.58, 'm5-1': 101.61, 'm6-1': 1.12, 'm7-1': 11.0, 'm8-1': 10.32}",1.6800000000000002,128.56899999999996,129.68899999999996,inf,215.418,215.418
430,T3,BESTEFFORT,COMPLETED,m6-1,65.461,"{'m1-1': 10.81, 'm2-1': 10.5, 'm3-1': 10.31, 'm4-1': 9.59, 'm5-1': 101.99, 'm6-1': 1.04, 'm7-1': 11.04, 'm8-1': 10.57}",1.56,90.549,91.58900000000001,inf,215.461,215.461
431,T2,BESTEFFORT,MISSED,m4-1,65.478,"{'m1-1': 10.21, 'm2-1': 10.74, 'm3-1': 9.68, 'm4-1': 9.81, 'm5-1': 100.36, 'm6-1': 0.93, 'm7-1': 9.94, 'm8-1': 10.13}",0.0,216.53,inf,216.53,215.478,215.478
432,T3,BESTEFFORT,COMPLETED,m6-1,65.49,"{'m1-1': 10.82, 'm2-1': 9.61, 'm3-1': 10.14, 'm4-1': 10.55, 'm5-1': 101.6, 'm6-1': 1.03, 'm7-1': 9.41, 'm8-1': 11.07}",1.545,189.6589999999999,190.6889999999999,inf,215.49,215.49
433,T1,BESTEFFORT,COMPLETED,m6-1,65.685,"{'m1-1': 10.93, 'm2-1': 10.39, 'm3-1': 10.82, 'm4-1': 9.84, 'm5-1': 97.99, 'm6-1': 0.95, 'm7-1': 11.32, 'm8-1': 9.42}",1.4249999999999998,156.02899999999988,156.97899999999987,inf,215.685,215.685
434,T3,BESTEFFORT,COMPLETED,m6-1,65.709,"{'m1-1': 9.49, 'm2-1': 10.62, 'm3-1': 10.54, 'm4-1': 10.34, 'm5-1': 103.2, 'm6-1': 1.08, 'm7-1': 10.31, 'm8-1': 11.13}",1.62,172.04899999999986,173.12899999999988,inf,215.709,215.709
435,T3,BESTEFFORT,COMPLETED,m6-1,66.283,"{'m1-1': 10.52, 'm2-1': 10.92, 'm3-1': 10.38, 'm4-1': 10.73, 'm5-1': 108.3, 'm6-1': 0.98, 'm7-1': 11.05, 'm8-1': 10.85}",1.47,129.68899999999996,130.66899999999995,inf,216.28300000000002,216.28300000000002
436,T2,BESTEFFORT,COMPLETED,m3-1,66.428,"{'m1-1': 10.67, 'm2-1': 9.93, 'm3-1': 10.35, 'm4-1': 9.96, 'm5-1': 102.23, 'm6-1': 0.98, 'm7-1': 11.24, 'm8-1': 10.03}",15.524999999999999,103.283,113.633,inf,216.428,216.428
437,T4,BESTEFFORT,COMPLETED,m6-1,66.512,"{'m1-1': 10.48, 'm2-1': 10.44, 'm3-1': 11.01, 'm4-1': 11.27, 'm5-1': 111.43, 'm6-1': 1.07, 'm7-1': 9.45, 'm8-1': 11.47}",1.605,72.39900000000002,73.46900000000001,inf,216.512,216.512
438,T3,BESTEFFORT,COMPLETED,m6-1,66.647,"{'m1-1': 9.99, 'm2-1': 11.02, 'm3-1': 10.86, 'm4-1': 10.31, 'm5-1': 110.24, 'm6-1': 0.98, 'm7-1': 11.06, 'm8-1': 10.76}",1.47,70.43900000000001,71.41900000000001,inf,216.647,216.647
439,T1,BESTEFFORT,COMPLETED,m1-1,66.846,"{'m1-1': 9.66, 'm2-1': 11.21, 'm3-1': 10.54, 'm4-1': 9.86, 'm5-1': 109.38, 'm6-1': 1.02, 'm7-1': 10.99, 'm8-1': 10.66}",14.49,123.043,132.703,inf,216.846,216.846
440,T4,BESTEFFORT,MISSED,m2-1,66.856,"{'m1-1': 10.98, 'm2-1': 9.55, 'm3-1': 11.39, 'm4-1': 11.73, 'm5-1': 111.32, 'm6-1': 1.0, 'm7-1': 10.79, 'm8-1': 11.18}",8.94449999999999,210.893,inf,216.856,216.856,216.856
441,T1,BESTEFFORT,COMPLETED,m4-1,67.229,"{'m1-1': 9.6, 'm2-1': 9.96, 'm3-1': 10.38, 'm4-1': 10.22, 'm5-1': 96.98, 'm6-1': 1.01, 'm7-1': 11.46, 'm8-1': 10.23}",15.330000000000002,206.31,216.53,inf,217.22899999999998,217.22899999999998
442,T2,BESTEFFORT,COMPLETED,m8-1,67.242,"{'m1-1': 10.96, 'm2-1': 9.83, 'm3-1': 10.14, 'm4-1': 9.4, 'm5-1': 108.54, 'm6-1': 1.03, 'm7-1': 11.08, 'm8-1': 10.22}",15.330000000000002,157.405,167.625,inf,217.24200000000002,217.24200000000002
443,T2,BESTEFFORT,COMPLETED,m6-1,67.87,"{'m1-1': 9.48, 'm2-1': 10.92, 'm3-1': 10.44, 'm4-1': 9.33, 'm5-1': 112.78, 'm6-1': 0.98, 'm7-1': 10.38, 'm8-1': 10.67}",1.47,71.41900000000001,72.39900000000002,inf,217.87,217.87
444,T4,BESTEFFORT,MISSED,m3-1,68.023,"{'m1-1': 9.84, 'm2-1': 10.01, 'm3-1': 11.19, 'm4-1': 10.56, 'm5-1': 105.1, 'm6-1': 1.01, 'm7-1': 9.53, 'm8-1': 11.37}",0.0,225.304,inf,225.304,218.023,218.023
445,T3,BESTEFFORT,COMPLETED,m6-1,68.126,"{'m1-1': 10.37, 'm2-1': 11.23, 'm3-1': 10.1, 'm4-1': 9.65, 'm5-1': 100.6, 'm6-1': 1.08, 'm7-1': 10.86, 'm8-1': 10.42}",1.62,190.6889999999999,191.76899999999992,inf,218.126,218.126
446,T3,BESTEFFORT,COMPLETED,m6-1,68.265,"{'m1-1': 9.57, 'm2-1': 11.23, 'm3-1': 10.0, 'm4-1': 11.14, 'm5-1': 106.79, 'm6-1': 0.99, 'm7-1': 10.7, 'm8-1': 11.0}",1.4849999999999999,191.76899999999992,192.75899999999993,inf,218.265,218.265
447,T3,BESTEFFORT,COMPLETED,m1-1,68.284,"{'m1-1': 10.8, 'm2-1': 10.67, 'm3-1': 9.84, 'm4-1': 10.87, 'm5-1': 108.48, 'm6-1': 1.02, 'm7-1': 10.89, 'm8-1': 10.11}",16.200000000000003,184.983,195.78300000000002,inf,218.284,218.284
448,T4,BESTEFFORT,COMPLETED,m6-1,68.61,"{'m1-1': 10.32, 'm2-1': 9.66, 'm3-1': 11.38, 'm4-1': 10.2, 'm5-1': 103.55, 'm6-1': 1.08, 'm7-1': 10.62, 'm8-1': 11.41}",1.62,213.02800000000005,214.10800000000006,inf,218.61,218.61
449,T2,BESTEFFORT,COMPLETED,m6-1,68.714,"{'m1-1': 9.94, 'm2-1': 10.41, 'm3-1': 10.72, 'm4-1': 9.58, 'm5-1': 97.97, 'm6-1': 1.01, 'm7-1': 11.39, 'm8-1': 10.78}",1.5150000000000001,173.12899999999988,174.13899999999987,inf,218.714,218.714
450,T3,BESTEFFORT,COMPLETED,m6-1,68.741,"{'m1-1': 10.53, 'm2-1': 11.33, 'm3-1': 9.67, 'm4-1': 9.82, 'm5-1': 108.91, 'm6-1': 1.02, 'm7-1': 10.69, 'm8-1': 10.12}",1.53,214.10800000000006,215.12800000000007,inf,218.74099999999999,218.74099999999999
451,T3,BESTEFFORT,COMPLETED,m6-1,68.786,"{'m1-1': 10.25, 'm2-1': 11.22, 'm3-1': 9.73, 'm4-1': 10.86, 'm5-1': 100.92, 'm6-1': 0.98, 'm7-1': 10.72, 'm8-1': 10.87}",1.47,73.46900000000001,74.44900000000001,inf,218.786,218.786
452,T1,BESTEFFORT,COMPLETED,m6-1,68.9,"{'m1-1': 10.4, 'm2-1': 10.74, 'm3-1': 9.33, 'm4-1': 10.78, 'm5-1': 112.81, 'm6-1': 0.94, 'm7-1': 11.28, 'm8-1': 10.09}",1.41,209.00800000000004,209.94800000000004,inf,218.9,218.9
453,T3,BESTEFFORT,COMPLETED,m6-1,68.994,"{'m1-1': 10.78, 'm2-1': 11.33, 'm3-1': 11.18, 'm4-1': 10.39, 'm5-1': 103.95, 'm6-1': 0.97, 'm7-1': 9.48, 'm8-1': 11.03}",1.455,212.05800000000005,213.02800000000005,inf,218.994,218.994
454,T3,BESTEFFORT,COMPLETED,m6-1,69.327,"{'m1-1': 10.31, 'm2-1': 11.04, 'm3-1': 10.91, 'm4-1': 10.98, 'm5-1': 109.58, 'm6-1': 0.92, 'm7-1': 9.89, 'm8-1': 11.45}",1.3800000000000001,156.97899999999987,157.89899999999986,inf,219.327,219.327
455,T2,BESTEFFORT,COMPLETED,m6-1,69.344,"{'m1-1': 9.8, 'm2-1': 11.32, 'm3-1': 10.69, 'm4-1': 10.32, 'm5-1': 107.19, 'm6-1': 1.04, 'm7-1': 11.11, 'm8-1': 10.53}",1.56,74.44900000000001,75.48900000000002,inf,219.344,219.344
456,T2,BESTEFFORT,MISSED,m4-1,69.621,"{'m1-1': 11.04, 'm2-1': 10.32, 'm3-1': 10.33, 'm4-1': 10.78, 'm5-1': 113.3, 'm6-1': 1.02, 'm7-1': 11.6, 'm8-1': 10.21}",4.63649999999997,216.53,inf,219.62099999999998,219.62099999999998,219.62099999999998
457,T1,BESTEFFORT,COMPLETED,m6-1,69.825,"{'m1-1': 10.58, 'm2-1': 11.45, 'm3-1': 10.45, 'm4-1': 10.98, 'm5-1': 97.09, 'm6-1': 1.03, 'm7-1': 10.84, 'm8-1': 9.44}",1.545,111.28899999999999,112.31899999999999,inf,219.825,219.825
458,T3,BESTEFFORT,COMPLETED,m6-1,69.861,"{'m1-1': 9.46, 'm2-1': 9.6, 'm3-1': 9.95, 'm4-1': 10.8, 'm5-1': 104.84, 'm6-1': 1.03, 'm7-1': 11.04, 'm8-1': 11.19}",1.545,75.48900000000002,76.51900000000002,inf,219.861,219.861
459,T4,BESTEFFORT,COMPLETED,m6-1,69.924,"{'m1-1': 9.99, 'm2-1': 10.36, 'm3-1': 10.17, 'm4-1': 11.54, 'm5-1': 113.99, 'm6-1': 1.0, 'm7-1': 10.32, 'm8-1': 9.81}",1.5,174.13899999999987,175.13899999999987,inf,219.924,219.924
460,T4,BESTEFFORT,COMPLETED,m6-1,70.288,"{'m1-1': 11.31, 'm2-1': 11.23, 'm3-1': 9.75, 'm4-1': 10.7, 'm5-1': 112.61, 'm6-1': 1.07, 'm7-1': 10.29, 'm8-1': 10.86}",1.605,91.58900000000001,92.659,inf,220.288,220.288
461,T1,BESTEFFORT,COMPLETED,m1-1,70.328,"{'m1-1': 10.04, 'm2-1': 10.53, 'm3-1': 10.83, 'm4-1': 10.68, 'm5-1': 101.0, 'm6-1': 1.02, 'm7-1': 10.56, 'm8-1': 10.12}",15.059999999999999,102.543,112.583,inf,220.328,220.328
462,T3,BESTEFFORT,COMPLETED,m6-1,70.365,"{'m1-1': 10.39, 'm2-1': 9.69, 'm3-1': 9.88, 'm4-1': 9.83, 'm5-1': 106.86, 'm6-1': 1.07, 'm7-1': 10.97, 'm8-1': 10.02}",1.605,92.659,93.729,inf,220.365,220.365
463,T4,BESTEFFORT,COMPLETED,m6-1,70.88,"{'m1-1': 11.57, 'm2-1': 10.03, 'm3-1': 10.51, 'm4-1': 9.95, 'm5-1': 104.82, 'm6-1': 0.96, 'm7-1': 9.41, 'm8-1': 9.9}",1.44,206.98800000000003,207.94800000000004,inf,220.88,220.88
464,T1,BESTEFFORT,COMPLETED,m6-1,70.923,"{'m1-1': 10.18, 'm2-1': 11.28, 'm3-1': 9.89, 'm4-1': 10.87, 'm5-1': 104.46, 'm6-1': 0.94, 'm7-1': 10.22, 'm8-1': 10.04}",1.41,77.55900000000003,78.49900000000002,inf,220.923,220.923
465,T4,BESTEFFORT,COMPLETED,m2-1,71.015,"{'m1-1': 11.55, 'm2-1': 10.47, 'm3-1': 9.78, 'm4-1': 11.31, 'm5-1': 112.4, 'm6-1': 1.1, 'm7-1': 10.78, 'm8-1': 10.08}",15.705000000000002,112.50399999999999,122.97399999999999,inf,221.015,221.015
466,T2,BESTEFFORT,MISSED,m2-1,71.148,"{'m1-1': 9.73, 'm2-1': 10.14, 'm3-1': 9.47, 'm4-1': 9.38, 'm5-1': 105.29, 'm6-1': 0.94, 'm7-1': 11.3, 'm8-1': 10.07}",0.0,221.595,inf,221.595,221.148,221.148
467,T2,BESTEFFORT,MISSED,m8-1,71.527,"{'m1-1': 9.88, 'm2-1': 9.78, 'm3-1': 10.76, 'm4-1': 10.79, 'm5-1': 107.99, 'm6-1': 1.07, 'm7-1': 11.65, 'm8-1': 11.02}",0.0,223.437,inf,223.437,221.527,221.527
468,T4,BESTEFFORT,COMPLETED,m6-1,71.583,"{'m1-1': 9.83, 'm2-1': 9.89, 'm3-1': 10.14, 'm4-1': 10.14, 'm5-1': 101.77, 'm6-1': 1.06, 'm7-1': 9.93, 'm8-1': 10.63}",1.59,209.94800000000004,211.00800000000004,inf,221.583,221.583
469,T4,BESTEFFORT,COMPLETED,m7-1,71.588,"{'m1-1': 11.57, 'm2-1': 9.48, 'm3-1': 10.64, 'm4-1': 11.27, 'm5-1': 101.66, 'm6-1': 0.97, 'm7-1': 10.74, 'm8-1': 10.43}",16.11,104.16000000000001,114.9,inf,221.588,221.588
470,T1,BESTEFFORT,MISSED,m2-1,71.595,"{'m1-1': 10.86, 'm2-1': 11.07, 'm3-1': 10.68, 'm4-1': 10.7, 'm5-1': 106.89, 'm6-1': 0.98, 'm7-1': 10.99, 'm8-1': 10.02}",7.1085000000000065,216.856,inf,221.595,221.595,221.595
471,T1,BESTEFFORT,MISSED,m8-1,71.723,"{'m1-1': 9.42, 'm2-1': 11.05, 'm3-1': 10.17, 'm4-1': 10.14, 'm5-1': 106.04, 'm6-1': 0.94, 'm7-1': 11.38, 'm8-1': 9.7}",2.3220000000000454,220.17499999999998,inf,221.723,221.723,221.723
472,T4,BESTEFFORT,COMPLETED,m6-1,72.548,"{'m1-1': 11.47, 'm2-1': 10.49, 'm3-1': 11.39, 'm4-1': 11.54, 'm5-1': 109.6, 'm6-1': 1.05, 'm7-1': 9.63, 'm8-1': 10.21}",1.5750000000000002,211.00800000000004,212.05800000000005,inf,222.548,222.548
473,T2,BESTEFFORT,COMPLETED,m6-1,73.17,"{'m1-1': 9.91, 'm2-1': 10.04, 'm3-1': 10.42, 'm4-1': 10.18, 'm5-1': 101.53, 'm6-1': 1.04, 'm7-1': 10.0, 'm8-1': 10.76}",1.56,76.51900000000002,77.55900000000003,inf,223.17000000000002,223.17000000000002
474,T2,BESTEFFORT,MISSED,m8-1,73.437,"{'m1-1': 10.39, 'm2-1': 11.46, 'm3-1': 10.11, 'm4-1': 10.55, 'm5-1': 107.39, 'm6-1': 1.07, 'm7-1': 9.97, 'm8-1': 9.98}",2.570999999999998,221.723,inf,223.437,223.437,223.437
475,T2,BESTEFFORT,COMPLETED,m6-1,73.813,"{'m1-1': 10.25, 'm2-1': 10.92, 'm3-1': 9.93, 'm4-1': 10.3, 'm5-1': 99.2, 'm6-1': 1.08, 'm7-1': 10.48, 'm8-1': 10.64}",1.62,201.768,202.848,inf,223.813,223.813
476,T4,BESTEFFORT,COMPLETED,m7-1,74.123,"{'m1-1': 10.68, 'm2-1': 9.62, 'm3-1': 10.27, 'm4-1': 9.96, 'm5-1': 103.41, 'm6-1': 0.98, 'm7-1': 10.14, 'm8-1': 9.87}",15.21,213.653,223.793,inf,224.123,224.123
477,T2,BESTEFFORT,COMPLETED,m6-1,74.212,"{'m1-1': 10.66, 'm2-1': 10.32, 'm3-1': 9.7, 'm4-1': 10.79, 'm5-1': 110.3, 'm6-1': 0.99, 'm7-1': 10.86, 'm8-1': 10.26}",1.4849999999999999,157.89899999999986,158.88899999999987,inf,224.212,224.212
478,T4,BESTEFFORT,MISSED,m2-1,74.513,"{'m1-1': 10.65, 'm2-1': 11.26, 'm3-1': 10.15, 'm4-1': 11.78, 'm5-1': 101.06, 'm6-1': 1.06, 'm7-1': 9.51, 'm8-1': 10.52}",4.3770000000000095,221.595,inf,224.513,224.513,224.513
479,T2,BESTEFFORT,MISSED,m3-1,75.304,"{'m1-1': 9.72, 'm2-1': 11.24, 'm3-1': 10.06, 'm4-1': 10.0, 'm5-1': 113.54, 'm6-1': 1.1, 'm7-1': 10.39, 'm8-1': 10.43}",1.9110000000000014,224.03,inf,225.304,225.304,225.304
480,T2,BESTEFFORT,COMPLETED,m6-1,75.626,"{'m1-1': 10.1, 'm2-1': 10.66, 'm3-1': 9.34, 'm4-1': 9.46, 'm5-1': 104.29, 'm6-1': 1.1, 'm7-1': 11.13, 'm8-1': 10.81}",1.6500000000000001,79.46900000000002,80.56900000000002,inf,225.626,225.626
481,T2,BESTEFFORT,COMPLETED,m3-1,76.13,"{'m1-1': 9.75, 'm2-1': 10.09, 'm3-1': 10.35, 'm4-1': 10.91, 'm5-1': 97.77, 'm6-1': 1.06, 'm7-1': 10.81, 'm8-1': 10.02}",15.524999999999999,113.633,123.98299999999999,inf,226.13,226.13
482,T2,BESTEFFORT,COMPLETED,m6-1,79.408,"{'m1-1': 10.85, 'm2-1': 10.97, 'm3-1': 9.98, 'm4-1': 9.59, 'm5-1': 111.84, 'm6-1': 1.0, 'm7-1': 11.38, 'm8-1': 11.14}",1.5,202.848,203.848,inf,229.40800000000002,229.40800000000002
483,T2,BESTEFFORT,COMPLETED,m1-1,79.83,"{'m1-1': 9.72, 'm2-1': 10.33, 'm3-1': 9.18, 'm4-1': 10.3, 'm5-1': 109.91, 'm6-1': 0.99, 'm7-1': 11.55, 'm8-1': 10.6}",14.580000000000002,210.344,220.064,inf,229.82999999999998,229.82999999999998
484,T2,BESTEFFORT,COMPLETED,m6-1,80.101,"{'m1-1': 11.06, 'm2-1': 10.92, 'm3-1': 9.2, 'm4-1': 10.7, 'm5-1': 99.23, 'm6-1': 1.05, 'm7-1': 11.38, 'm8-1': 10.93}",1.5750000000000002,83.549,84.599,inf,230.101,230.101
485,T2,BESTEFFORT,COMPLETED,m6-1,81.536,"{'m1-1': 10.45, 'm2-1': 11.16, 'm3-1': 9.58, 'm4-1': 10.54, 'm5-1': 103.6, 'm6-1': 1.1, 'm7-1': 10.04, 'm8-1': 10.54}",1.6500000000000001,130.66899999999995,131.76899999999995,inf,231.536,231.536
486,T2,BESTEFFORT,COMPLETED,m8-1,81.946,"{'m1-1': 9.47, 'm2-1': 10.65, 'm3-1': 10.63, 'm4-1': 10.3, 'm5-1': 100.34, 'm6-1': 1.08, 'm7-1': 10.74, 'm8-1': 10.84}",16.259999999999998,209.33499999999998,220.17499999999998,inf,231.946,231.946
487,T2,BESTEFFORT,COMPLETED,m6-1,82.121,"{'m1-1': 9.7, 'm2-1': 11.31, 'm3-1': 10.35, 'm4-1': 10.86, 'm5-1': 111.23, 'm6-1': 0.96, 'm7-1': 11.59, 'm8-1': 10.97}",1.44,85.57900000000001,86.539,inf,232.12099999999998,232.12099999999998
488,T2,BESTEFFORT,COMPLETED,m6-1,82.307,"{'m1-1': 9.54, 'm2-1': 10.78, 'm3-1': 9.53, 'm4-1': 10.4, 'm5-1': 104.84, 'm6-1': 1.04, 'm7-1': 10.73, 'm8-1': 9.89}",1.56,86.539,87.57900000000001,inf,232.30700000000002,232.30700000000002
489,T2,BESTEFFORT,COMPLETED,m6-1,82.355,"{'m1-1': 10.96, 'm2-1': 10.33, 'm3-1': 9.95, 'm4-1': 9.73, 'm5-1': 105.24, 'm6-1': 1.09, 'm7-1': 11.1, 'm8-1': 10.41}",1.6350000000000002,175.13899999999987,176.22899999999987,inf,232.35500000000002,232.35500000000002
490,T2,BESTEFFORT,COMPLETED,m6-1,82.376,"{'m1-1': 10.4, 'm2-1': 10.84, 'm3-1': 10.7, 'm4-1': 9.93, 'm5-1': 96.54, 'm6-1': 1.06, 'm7-1': 11.46, 'm8-1': 10.59}",1.59,196.78899999999993,197.84899999999993,inf,232.376,232.376
491,T2,BESTEFFORT,COMPLETED,m4-1,82.519,"{'m1-1': 9.77, 'm2-1': 10.08, 'm3-1': 10.85, 'm4-1': 10.82, 'm5-1': 110.06, 'm6-1': 0.95, 'm7-1': 11.04, 'm8-1': 11.04}",16.23,114.35000000000002,125.17000000000002,inf,232.519,232.519
492,T2,BESTEFFORT,COMPLETED,m6-1,82.67,"{'m1-1': 10.84, 'm2-1': 9.93, 'm3-1': 9.35, 'm4-1': 10.78, 'm5-1': 99.69, 'm6-1': 1.07, 'm7-1': 11.16, 'm8-1': 9.58}",1.605,203.848,204.918,inf,232.67000000000002,232.67000000000002
493,T2,BESTEFFORT,COMPLETED,m1-1,82.84,"{'m1-1': 11.03, 'm2-1': 10.79, 'm3-1': 10.47, 'm4-1': 10.6, 'm5-1': 104.4, 'm6-1': 0.98, 'm7-1': 11.37, 'm8-1': 10.82}",16.544999999999998,173.953,184.983,inf,232.84,232.84
494,T2,BESTEFFORT,COMPLETED,m3-1,84.401,"{'m1-1': 9.53, 'm2-1': 10.92, 'm3-1': 9.58, 'm4-1': 10.52, 'm5-1': 100.41, 'm6-1': 0.93, 'm7-1': 11.3, 'm8-1': 10.49}",14.370000000000001,123.98299999999999,133.563,inf,234.401,234.401
495,T2,BESTEFFORT,COMPLETED,m8-1,85.805,"{'m1-1': 9.75, 'm2-1': 9.95, 'm3-1': 10.28, 'm4-1': 10.12, 'm5-1': 105.8, 'm6-1': 1.01, 'm7-1': 11.13, 'm8-1': 11.16}",16.740000000000002,144.76500000000001,155.925,inf,235.805,235.805
496,T2,BESTEFFORT,COMPLETED,m4-1,86.939,"{'m1-1': 10.68, 'm2-1': 9.77, 'm3-1': 9.65, 'm4-1': 10.09, 'm5-1': 111.42, 'm6-1': 1.1, 'm7-1': 10.94, 'm8-1': 11.09}",15.135,134.72000000000003,144.81000000000003,inf,236.939,236.939
497,T2,BESTEFFORT,COMPLETED,m3-1,87.147,"{'m1-1': 10.98, 'm2-1': 10.72, 'm3-1': 10.72, 'm4-1': 10.77, 'm5-1': 105.72, 'm6-1': 1.09, 'm7-1': 11.43, 'm8-1': 10.15}",16.080000000000002,213.31,224.03,inf,237.147,237.147
498,T2,BESTEFFORT,COMPLETED,m2-1,87.416,"{'m1-1': 10.86, 'm2-1': 10.54, 'm3-1': 9.62, 'm4-1': 10.91, 'm5-1': 100.91, 'm6-1': 1.04, 'm7-1': 11.76, 'm8-1': 10.31}",15.809999999999999,176.194,186.73399999999998,inf,237.416,237.416
499,T2,BESTEFFORT,COMPLETED,m3-1,88.431,"{'m1-1': 10.87, 'm2-1': 11.1, 'm3-1': 9.98, 'm4-1': 10.52, 'm5-1': 104.82, 'm6-1': 1.0, 'm7-1': 10.75, 'm8-1': 9.74}",14.97,195.30799999999996,205.28799999999995,inf,238.43099999999998,238.43099999999998
