task_type_id,arrival_time,est_m1,est_m2,est_m3,est_m4,est_m5,est_m6,est_m7,est_m8,ext_m1-1,ext_m2-1,ext_m3-1,ext_m4-1,ext_m5-1,ext_m6-1,ext_m7-1,ext_m8-1
1,0.224,104.34,10.96,99.69,10.34,109.45,109.27,98.4,108.68,105.4,10.62,111.23,10.86,106.85,104.45,103.3,109.23
1,0.623,104.36,10.7,108.18,10.31,101.16,107.95,101.36,101.76,107.03,9.86,102.18,11.04,101.19,107.49,105.44,96.59
4,0.742,100.03,11.8,109.6,10.96,99.68,113.7,105.5,94.78,100.68,11.21,102.39,11.0,101.34,102.72,102.12,103.04
4,0.864,103.55,10.26,111.82,10.39,104.34,100.34,113.16,108.63,108.59,10.85,106.53,11.55,107.69,109.25,113.68,107.22
2,0.947,114.16,10.72,95.66,9.38,103.2,105.56,105.26,111.28,101.4,9.25,102.08,10.69,101.16,110.71,106.42,95.28
1,0.975,98.59,11.14,98.23,10.25,105.23,106.0,92.72,109.65,110.27,10.71,115.2,10.51,103.29,102.44,100.59,109.58
1,1.073,107.49,10.41,113.85,11.05,97.89,102.44,98.18,112.91,111.28,10.06,108.93,9.8,93.98,101.78,103.34,104.72
2,1.132,99.55,9.25,92.88,11.0,113.08,109.44,112.03,111.53,110.08,9.91,105.08,10.2,112.27,112.17,108.39,112.96
1,1.478,111.24,9.99,111.25,9.91,93.97,101.85,101.6,110.87,110.68,11.01,106.05,10.95,108.93,109.64,105.73,112.63
2,1.705,102.79,9.6,94.7,10.31,102.43,118.31,100.58,111.53,114.65,10.71,105.8,10.67,106.47,105.43,99.36,110.48
4,1.709,107.1,11.42,112.24,10.79,110.29,99.64,106.07,95.0,96.24,10.46,100.83,10.91,112.06,104.47,105.15,94.88
4,2.229,103.26,11.62,108.83,10.87,105.74,111.07,108.47,96.33,100.88,10.62,112.57,10.24,113.26,114.25,103.5,99.29
4,2.43,108.28,10.44,112.26,9.89,106.87,104.06,106.67,110.88,94.64,10.63,100.01,11.38,105.87,107.48,114.82,97.86
3,2.494,112.73,9.73,99.98,10.4,106.73,114.94,95.67,107.77,101.44,10.14,102.44,10.27,101.27,114.11,93.69,107.72
4,2.601,104.65,10.59,106.44,11.14,107.52,103.18,104.65,106.26,109.09,11.02,111.98,11.1,99.51,106.55,106.3,109.26
1,2.77,112.8,9.97,105.86,9.79,101.01,104.29,93.15,109.49,96.83,11.1,104.56,10.9,102.43,105.97,93.19,111.2
4,2.985,101.25,10.32,104.32,11.53,112.72,115.23,110.16,99.86,104.98,11.8,112.22,10.72,101.54,109.25,115.38,97.47
2,3.172,105.01,9.84,93.77,9.68,109.21,118.87,105.36,107.81,114.71,10.85,99.52,10.03,104.82,114.48,99.32,102.32
3,3.233,103.08,10.23,108.48,10.71,108.42,97.54,97.37,106.42,111.25,10.68,108.17,9.98,104.38,115.52,93.68,103.67
3,3.277,115.28,10.82,94.46,11.36,101.38,97.66,105.04,97.68,104.18,10.25,110.49,11.03,105.55,97.48,100.69,109.47
4,3.389,96.68,10.24,112.43,11.47,115.11,112.27,99.22,105.74,105.88,11.23,111.58,10.82,109.48,102.53,115.85,98.55
2,3.522,108.31,9.32,96.12,9.97,103.56,116.51,109.36,110.83,111.44,9.87,99.43,10.11,107.92,111.99,112.61,104.43
2,3.683,111.12,9.34,107.55,10.3,105.35,104.2,104.54,97.59,114.99,10.51,104.2,10.04,113.13,107.2,116.3,100.92
2,3.706,101.21,9.37,97.48,9.77,113.56,103.24,105.93,103.82,109.04,9.3,106.3,10.68,105.79,112.69,110.55,103.36
3,3.824,114.25,9.51,103.16,11.35,111.86,102.06,100.25,98.95,114.98,9.34,102.68,9.73,107.19,107.64,100.77,101.27
1,3.827,97.92,10.19,101.78,11.52,98.8,115.74,93.16,99.98,97.96,10.78,111.81,9.77,108.26,112.97,94.53,103.61
2,4.251,117.4,10.75,103.05,9.62,100.57,114.94,102.81,97.52,115.62,9.75,106.43,10.14,107.58,105.31,101.42,105.2
2,4.524,101.75,10.85,101.58,10.61,109.24,102.14,113.27,96.86,103.62,10.26,105.66,10.6,110.43,116.39,111.02,95.6
1,4.529,95.89,10.39,101.17,10.46,107.82,108.24,108.1,107.76,97.28,10.5,111.22,11.42,104.74,111.98,99.2,112.14
4,4.639,97.17,10.71,112.24,9.78,113.41,113.3,115.59,107.39,102.42,10.23,106.8,10.69,104.06,112.71,115.53,107.61
2,4.936,102.34,10.93,93.37,9.78,109.06,100.41,106.55,102.66,101.68,10.68,103.42,10.65,106.86,115.98,108.57,105.37
3,5.076,112.4,9.35,97.49,10.9,103.33,114.29,101.81,99.02,112.25,10.12,98.19,9.74,102.76,115.95,100.39,96.68
3,5.244,107.14,9.96,101.56,9.87,100.29,103.77,103.64,104.82,99.43,9.77,105.22,10.88,100.04,105.74,97.12,107.54
3,5.296,102.24,9.59,103.32,10.14,100.95,108.66,93.28,97.71,107.04,10.68,106.02,10.66,104.11,115.21,93.45,102.94
4,5.85,105.58,11.19,102.72,10.8,104.17,115.51,100.37,107.11,98.41,11.43,110.09,10.03,112.71,115.34,101.49,101.11
4,6.315,105.38,11.32,110.27,11.28,115.42,106.44,103.32,94.3,102.03,11.41,97.14,11.5,112.26,102.88,110.87,104.13
3,6.487,115.23,9.25,96.65,10.01,101.18,107.28,100.31,99.31,115.65,9.33,104.42,10.51,99.1,107.39,95.87,99.72
1,7.473,111.73,10.94,99.67,10.98,102.6,106.88,107.14,110.48,100.52,11.0,114.61,9.9,107.6,109.17,104.73,96.87
4,8.141,106.92,11.32,110.18,10.29,110.3,98.29,104.42,101.04,95.21,11.48,97.3,11.55,107.57,102.63,102.68,102.0
1,8.46,99.31,11.28,102.94,10.02,100.71,105.16,94.11,106.54,105.58,10.16,98.84,9.78,109.55,113.94,99.05,102.26
3,8.58,109.72,10.52,108.05,11.03,105.36,99.16,96.73,103.22,112.05,10.21,99.22,10.44,102.62,114.64,106.98,107.33
3,8.769,108.93,10.5,95.64,10.01,110.18,107.93,92.53,107.72,114.96,10.34,97.21,10.97,105.28,108.27,105.09,98.51
3,8.793,97.51,10.85,101.24,10.66,104.26,101.56,106.18,97.9,106.58,9.63,102.53,10.5,105.01,112.98,103.32,113.98
2,9.615,107.82,10.17,101.5,10.94,112.35,115.2,105.36,98.77,111.26,10.16,96.16,11.03,108.4,117.15,98.83,98.31
3,9.695,110.23,9.4,101.71,9.86,98.32,97.96,104.35,106.37,97.7,10.26,107.61,9.81,101.07,110.04,105.17,107.52
2,9.886,116.85,10.09,100.47,9.45,109.77,115.65,114.89,95.38,116.47,10.42,108.54,9.99,110.48,117.4,107.24,100.93
2,9.971,114.91,10.44,102.58,10.05,106.67,101.87,110.34,97.86,106.92,9.77,103.79,10.88,108.11,104.41,98.86,108.94
2,11.078,114.99,10.09,104.1,10.8,104.28,115.87,105.54,106.7,105.13,9.96,108.65,9.55,104.74,100.66,116.09,103.79
4,11.156,99.8,10.74,98.18,10.44,113.76,109.75,113.71,95.23,107.18,10.63,110.34,10.98,104.23,107.67,109.51,96.86
3,11.283,106.02,10.22,105.54,10.3,106.14,102.6,103.38,111.7,105.36,9.38,104.55,10.61,100.3,108.98,103.51,108.43
4,11.431,95.92,11.6,98.66,11.38,100.36,115.46,110.9,99.97,103.28,11.04,99.73,10.16,100.11,108.66,112.44,107.61
3,11.522,99.1,10.16,110.42,10.08,110.47,97.77,105.69,113.18,105.15,9.61,104.92,11.25,113.67,106.77,107.48,101.13
2,12.049,109.24,9.47,102.13,10.33,106.98,104.49,99.2,108.36,105.59,9.24,107.94,10.82,96.53,118.4,107.7,113.19
3,12.172,104.74,9.23,102.05,11.25,108.33,108.03,103.59,105.82,109.62,9.83,95.68,10.53,105.67,113.2,100.32,108.18
2,12.37,111.17,9.55,93.81,10.84,109.66,102.16,100.13,112.62,110.4,9.96,104.05,9.58,98.59,102.16,102.23,101.98
3,12.61,115.24,9.24,102.84,10.15,112.27,110.33,104.3,97.17,115.0,9.96,105.31,10.01,98.79,104.31,101.66,97.72
2,12.998,112.69,9.93,95.19,10.98,110.39,102.81,106.45,97.1,105.91,10.83,92.5,9.73,100.13,103.43,104.89,102.66
2,13.124,103.31,10.25,106.1,10.97,112.23,118.6,105.29,95.28,110.66,9.48,93.01,10.22,106.37,107.74,106.76,99.18
2,13.2,108.08,9.89,105.06,11.0,97.72,114.39,114.52,103.79,111.26,10.92,100.84,9.41,102.45,104.48,111.54,110.65
1,13.325,97.35,10.12,111.97,10.11,93.61,106.3,100.22,106.25,106.66,9.64,108.18,10.98,98.39,98.54,99.17,111.56
1,13.404,101.09,11.1,104.98,10.77,92.7,106.34,94.12,110.03,109.05,10.45,109.53,10.62,109.83,110.41,95.15,111.81
4,13.489,95.67,11.0,107.23,10.06,110.42,111.43,116.1,109.55,97.73,10.22,110.8,10.34,103.8,100.72,103.86,106.33
3,13.602,105.37,10.34,104.07,10.83,101.55,103.93,104.72,108.23,100.58,10.44,105.88,9.76,108.21,112.71,96.88,104.05
1,13.824,106.88,10.58,102.36,11.17,101.39,115.12,95.48,98.73,96.55,11.04,101.99,11.05,106.78,99.15,94.04,101.57
4,14.15,99.33,11.51,109.09,10.57,117.53,113.43,100.6,101.18,107.49,11.05,96.66,11.13,116.5,99.38,113.04,94.88
1,14.19,96.64,11.43,107.13,11.12,104.71,106.93,99.21,108.12,98.57,9.66,109.71,10.27,99.91,111.76,102.06,110.69
3,14.267,114.65,9.8,106.03,10.76,113.96,104.99,96.98,104.48,99.25,9.39,102.5,11.25,107.86,104.7,106.54,101.9
3,15.38,109.93,9.85,100.79,11.39,110.04,108.19,98.61,104.5,99.02,9.75,108.29,10.54,101.18,102.22,104.44,101.85
1,15.429,111.45,10.58,106.28,11.17,96.81,105.04,94.86,96.44,99.25,10.51,109.51,11.37,94.25,112.46,106.22,107.31
2,15.511,108.85,9.3,104.38,9.38,112.62,111.5,106.57,104.74,109.19,10.19,103.17,11.0,111.1,118.62,102.79,96.03
3,15.707,98.38,10.2,104.74,11.3,105.4,103.37,103.9,96.84,111.87,10.23,99.6,11.29,108.4,114.7,101.74,101.89
3,15.754,106.68,9.22,107.68,10.28,102.95,105.64,100.84,105.73,109.2,10.4,94.8,10.48,110.61,108.27,95.23,114.75
2,17.09,105.62,10.77,99.88,9.98,105.97,118.73,99.1,110.97,105.54,10.59,105.55,9.4,96.76,109.3,112.61,112.92
4,17.454,108.04,10.9,112.26,11.26,115.28,113.03,109.47,109.35,96.05,11.28,108.68,11.47,103.21,99.76,114.38,94.88
3,17.922,110.1,10.37,102.01,9.99,112.78,97.78,108.04,99.49,107.16,9.42,99.37,10.03,96.72,112.15,103.21,112.29
1,17.922,108.01,10.21,107.26,10.27,99.52,113.93,95.42,107.83,107.71,10.88,108.87,11.36,108.71,113.38,104.27,108.16
4,17.988,99.54,11.78,96.04,11.5,114.94,98.02,103.65,93.49,96.71,10.0,105.33,10.28,112.75,108.24,102.69,107.39
1,18.006,108.03,10.58,109.24,11.27,92.58,112.46,92.75,112.54,109.07,11.41,107.32,10.51,103.08,105.27,102.79,113.48
3,18.016,113.61,9.32,97.31,10.56,109.74,100.57,108.86,109.62,104.41,10.2,105.22,10.46,104.11,111.96,95.97,102.36
1,18.071,107.24,10.53,103.42,9.84,96.0,103.49,100.97,98.98,111.93,11.18,98.97,11.32,104.76,98.23,96.55,97.14
4,18.331,97.17,10.58,113.53,10.68,106.08,99.33,115.66,105.99,110.0,10.12,98.66,10.5,110.36,109.33,110.86,98.92
4,18.743,92.62,11.05,111.7,10.98,114.08,113.29,113.38,106.11,105.36,10.53,104.81,10.33,114.16,113.15,106.67,105.74
2,18.927,117.75,10.62,101.58,9.87,98.65,112.69,99.94,96.54,117.76,9.66,96.38,9.55,109.85,103.9,112.76,96.74
1,18.944,113.23,10.09,97.46,10.89,92.56,99.91,101.58,99.4,96.42,11.24,114.63,10.63,104.15,100.08,106.39,98.89
3,19.415,105.82,9.96,95.94,10.23,103.1,114.61,93.97,102.09,99.47,9.95,100.89,9.78,105.82,106.53,102.91,100.26
4,19.732,105.09,10.05,109.24,10.55,116.97,106.65,111.52,101.65,97.17,10.1,113.38,10.28,115.99,105.83,111.53,103.51
4,19.798,107.05,10.22,100.44,10.81,116.7,110.02,117.36,108.53,101.97,11.47,98.37,11.07,117.53,114.59,109.84,107.22
4,19.812,109.42,10.65,99.13,10.81,117.61,115.33,111.68,103.63,100.07,10.87,98.17,11.34,99.56,103.58,99.62,95.24
1,20.05,96.35,10.46,104.3,11.41,106.18,103.8,103.04,105.0,106.36,10.46,99.88,9.82,109.32,105.73,100.47,96.0
1,20.059,103.84,9.84,102.49,11.48,101.58,105.94,103.27,109.86,102.83,11.31,104.91,11.31,100.03,99.51,105.1,111.22
4,20.35,101.79,11.56,100.43,10.24,102.58,107.25,109.31,93.63,100.9,10.12,105.71,10.95,116.62,105.54,114.77,110.69
1,20.607,98.69,10.62,108.92,10.52,96.86,114.18,99.22,103.08,111.72,10.4,114.45,10.89,93.99,98.33,105.97,107.94
2,20.615,103.88,10.33,106.87,9.97,103.33,111.58,110.28,106.35,110.41,9.68,95.07,10.24,105.22,113.47,106.27,105.96
3,20.854,106.82,9.56,105.93,11.4,112.83,113.26,103.76,110.59,108.67,9.63,97.83,10.44,110.76,99.98,96.13,112.11
1,21.111,110.74,11.31,115.44,10.04,100.85,103.54,106.32,103.57,108.2,10.69,104.84,10.64,107.82,106.9,104.97,111.59
1,21.187,100.84,11.04,112.68,10.68,108.28,114.48,101.34,108.96,102.77,10.42,105.65,11.04,98.9,100.68,96.18,104.75
3,21.683,113.51,9.27,100.42,9.87,104.3,108.3,107.4,97.9,103.08,9.52,105.66,10.01,99.69,105.99,95.0,106.09
3,21.888,113.34,9.45,95.92,9.71,108.89,105.36,95.56,114.64,104.96,9.68,105.95,11.04,105.28,110.57,106.54,97.46
3,21.947,109.4,10.88,100.3,10.99,108.55,99.46,102.13,105.41,98.07,10.89,108.09,10.0,97.78,114.31,100.41,97.68
1,22.658,100.66,10.25,101.14,10.1,92.75,101.26,101.9,105.99,106.57,11.09,111.41,10.4,94.25,106.65,101.52,108.52
1,22.868,110.21,9.85,103.0,11.28,104.2,109.41,97.05,111.22,102.75,11.15,105.39,10.54,106.78,109.94,109.87,101.65
3,23.004,106.22,9.46,101.85,10.49,112.94,105.4,105.87,113.92,113.67,10.63,96.23,10.09,99.65,115.2,100.6,107.08
1,23.499,112.46,10.41,99.14,10.82,106.08,107.8,107.46,111.64,107.24,11.2,101.44,10.58,96.0,115.47,100.8,109.71
1,24.553,106.39,11.16,98.96,10.0,94.13,102.34,104.63,113.04,113.18,9.77,115.66,10.83,95.37,108.81,98.83,111.49
1,24.562,105.92,10.7,111.87,10.41,92.6,102.73,109.53,105.05,105.1,10.37,106.09,9.84,98.4,115.24,103.39,108.51
1,24.632,108.2,9.81,109.47,11.43,98.96,108.87,103.44,113.68,97.98,10.01,109.76,10.54,95.55,103.54,95.56,104.84
4,24.797,93.56,11.72,112.15,10.87,102.52,100.28,106.01,99.88,94.08,11.24,111.92,10.06,114.36,116.13,116.26,95.35
2,25.321,109.72,10.57,107.2,9.91,110.59,112.49,116.19,112.09,106.47,10.61,105.18,10.4,104.38,115.7,113.6,110.17
1,26.006,104.06,10.25,108.0,10.13,104.57,112.24,94.3,97.53,110.35,9.92,107.72,11.2,99.02,102.33,106.13,107.12
4,26.036,109.79,11.23,104.72,10.29,110.3,101.56,100.33,105.06,107.2,11.71,111.48,10.94,110.57,104.3,103.58,106.11
1,26.177,96.52,11.02,114.95,10.66,99.7,110.94,105.53,111.19,102.83,11.34,101.92,10.92,106.78,104.74,108.15,106.92
2,26.182,103.34,9.34,99.92,9.45,98.41,105.35,100.66,112.83,105.99,9.35,109.22,10.16,109.08,111.68,99.9,103.34
3,26.576,98.09,10.52,95.46,11.0,104.68,109.0,93.12,106.1,114.83,9.26,110.59,11.13,96.21,114.38,97.54,109.17
4,26.709,109.5,11.48,99.51,9.97,105.1,107.68,102.23,101.4,104.13,10.93,112.5,10.43,108.84,100.41,101.74,97.62
1,26.943,103.12,9.65,110.27,10.9,107.37,99.09,100.15,109.65,110.53,11.07,104.44,10.9,103.76,98.4,107.4,107.72
3,27.729,111.71,10.29,101.63,9.92,98.89,112.65,96.88,103.31,110.01,9.79,108.79,11.11,108.98,104.99,98.33,104.48
4,27.741,92.95,11.64,110.09,10.94,114.56,106.95,104.28,104.68,103.58,10.05,97.53,10.43,99.5,106.86,115.07,107.39
2,27.862,107.45,10.16,106.91,9.96,106.15,112.96,101.02,108.02,112.06,9.82,108.54,10.4,114.09,109.68,101.17,106.32
4,28.065,104.65,11.68,102.22,11.23,105.18,114.26,108.19,95.57,99.36,10.59,97.7,11.18,107.44,110.73,103.59,100.8
1,28.071,96.78,9.96,115.29,11.49,101.99,109.44,100.46,98.28,106.94,10.19,109.58,9.84,104.07,113.7,96.28,108.66
2,28.409,117.02,9.24,108.53,9.4,102.23,108.67,107.24,112.14,111.51,10.43,107.88,10.48,98.76,108.4,102.26,112.08
2,28.437,100.63,9.32,107.88,10.7,100.99,100.44,99.86,105.9,109.12,10.45,104.03,11.04,96.67,106.13,110.3,109.63
4,28.639,105.99,11.53,98.94,9.77,99.68,99.79,109.59,105.96,94.1,11.56,98.15,10.4,102.95,107.82,99.62,101.08
4,28.659,94.0,10.66,104.93,10.55,114.32,112.2,112.64,98.01,95.46,11.4,110.61,10.5,100.89,113.91,112.78,106.43
1,28.804,104.35,10.7,98.17,9.79,95.08,109.44,106.9,99.77,97.75,10.45,97.74,10.17,104.37,108.06,95.44,96.09
2,29.043,103.13,10.66,98.05,9.58,113.75,104.06,114.3,106.62,101.26,9.76,99.67,10.96,113.07,105.59,112.08,103.85
2,29.154,108.37,9.67,103.32,10.79,110.8,117.09,106.06,103.66,114.99,10.79,93.5,9.59,114.09,116.68,98.44,113.15
1,29.536,109.73,11.41,112.9,10.53,93.1,101.1,102.47,103.63,104.32,11.34,104.75,10.06,95.73,102.8,107.8,97.96
4,30.025,98.94,11.22,96.69,11.28,103.62,112.26,102.63,102.62,107.42,11.37,108.13,11.35,112.76,115.55,116.44,98.92
1,30.163,112.48,10.69,101.7,10.83,96.26,111.11,104.72,108.55,106.76,10.05,107.65,11.4,93.99,101.45,100.05,100.91
1,30.444,101.66,11.05,114.11,11.18,97.63,115.08,104.74,95.71,109.73,11.18,114.08,10.77,106.87,108.29,103.82,108.74
2,30.853,117.21,9.54,104.35,10.72,102.76,106.58,103.61,108.09,115.08,10.42,106.75,9.69,105.19,104.49,115.92,101.99
3,31.118,112.91,10.22,96.69,11.23,104.67,102.21,101.78,103.1,104.62,9.83,105.28,9.8,113.43,107.41,105.03,101.57
4,31.749,104.18,10.84,111.75,10.29,115.33,109.93,113.71,101.04,107.31,11.02,98.05,10.34,103.52,105.72,106.6,93.63
4,32.018,105.65,10.59,104.04,10.51,103.12,110.56,99.17,107.51,103.01,10.8,99.47,10.09,100.72,105.37,114.82,95.46
2,32.05,109.19,10.28,99.22,10.42,111.66,101.61,113.44,103.79,108.27,9.9,104.02,10.68,99.15,108.01,110.36,112.27
1,32.869,107.71,10.72,107.91,11.0,107.37,102.8,98.73,98.78,102.83,9.82,104.3,11.45,105.46,99.92,93.32,106.33
2,32.883,105.13,9.5,107.43,10.95,110.76,113.85,107.01,106.52,103.18,10.81,102.97,9.77,106.93,100.6,112.07,101.89
3,32.974,114.25,10.82,99.9,11.02,105.94,111.6,99.53,110.27,109.26,9.32,106.69,10.46,108.32,98.68,100.13,105.54
1,32.983,113.52,9.81,109.83,10.87,104.32,109.71,103.31,111.76,107.88,11.06,100.44,11.32,105.38,108.6,93.64,107.4
2,33.203,104.29,10.28,98.7,9.86,108.1,100.69,116.1,103.57,113.18,10.07,101.99,9.83,108.84,115.26,110.28,99.03
3,33.21,104.62,9.71,98.34,9.76,101.48,97.6,95.9,112.49,114.86,10.37,101.56,10.4,109.04,111.61,92.96,105.18
3,33.36,109.2,10.06,102.5,10.09,108.5,100.29,105.18,105.38,98.95,10.64,97.43,11.25,112.66,115.1,107.4,114.55
1,33.64,112.74,11.06,103.84,11.39,103.09,108.68,94.96,110.95,101.66,10.77,102.23,10.17,95.55,112.31,104.73,113.14
3,33.782,106.61,10.4,110.73,10.83,97.93,113.26,101.29,99.34,109.4,10.76,108.98,10.48,101.98,114.7,94.13,111.07
4,34.133,96.68,10.54,106.96,9.83,101.3,114.3,112.61,98.55,99.34,11.43,112.57,10.17,100.78,99.94,107.73,109.55
3,34.491,106.81,9.62,106.29,11.23,110.78,99.88,93.45,111.54,98.92,9.34,101.39,11.25,109.9,106.94,107.62,106.47
3,34.83,112.39,9.33,95.2,10.2,99.82,101.19,95.2,106.43,108.58,9.2,93.68,10.41,95.97,100.62,108.13,102.36
1,35.021,107.5,11.27,103.57,9.94,95.7,100.2,99.73,98.78,98.45,10.92,110.33,10.29,99.62,108.8,98.99,108.75
1,35.508,100.0,10.12,103.34,10.07,109.19,105.92,103.3,111.93,108.15,10.06,104.84,11.07,101.04,109.13,96.22,104.91
3,35.576,111.87,10.52,101.37,10.52,102.98,103.89,99.32,106.52,105.66,10.87,105.41,11.07,103.77,112.83,97.74,110.54
3,36.024,104.48,9.3,102.35,10.16,111.21,113.58,109.2,98.3,109.02,9.9,93.97,10.58,97.9,111.32,104.92,101.25
4,36.562,108.28,10.98,113.8,9.89,105.84,115.64,114.26,103.51,100.16,11.48,100.71,10.97,103.0,99.39,109.27,109.91
4,36.62,93.88,10.36,104.75,10.63,110.68,99.14,117.56,98.98,102.01,10.42,105.8,10.78,111.81,112.43,109.91,94.27
1,36.902,103.22,9.98,111.47,10.12,101.57,107.12,96.55,109.32,96.26,11.15,106.82,9.9,95.17,99.84,93.68,101.72
4,37.306,98.41,10.81,105.48,10.58,109.93,111.43,115.0,109.09,108.31,11.5,109.29,10.26,112.23,109.03,102.3,102.86
1,38.327,99.83,10.12,109.02,10.7,109.72,99.03,108.95,110.52,96.95,10.66,102.09,10.71,109.67,110.05,106.59,111.76
4,38.404,98.58,11.06,106.59,10.86,103.58,103.14,113.54,109.7,100.41,10.79,103.48,11.41,115.2,106.73,116.46,107.61
1,38.667,109.74,11.44,109.68,11.28,107.84,108.8,106.87,97.12,111.44,10.88,110.07,11.23,109.9,112.85,101.42,107.76
4,39.393,106.6,10.66,112.24,10.57,116.72,106.66,108.58,94.4,103.43,10.2,107.06,11.1,116.29,112.73,115.79,94.23
2,39.688,108.28,10.28,94.61,10.96,103.96,116.51,111.27,102.73,102.34,9.44,106.33,10.27,111.18,101.82,99.98,105.26
4,39.737,98.91,10.7,97.74,10.75,110.29,99.76,112.26,100.63,96.57,11.8,109.6,11.42,111.9,109.38,103.34,100.88
3,39.754,108.67,10.64,107.98,10.74,96.95,102.37,108.13,103.69,112.05,10.37,101.56,11.3,97.9,102.73,100.42,98.3
1,39.786,101.05,10.23,110.77,10.4,95.45,106.99,100.83,97.53,99.68,10.5,107.13,11.06,94.6,111.86,95.04,111.74
2,39.837,116.53,9.74,92.48,9.72,104.06,116.45,104.4,107.42,106.11,9.58,98.28,10.51,109.65,107.59,113.19,111.4
1,39.979,101.51,10.33,115.12,11.11,106.85,102.56,101.99,105.91,99.72,9.87,108.34,9.99,109.65,101.45,101.6,108.45
2,40.793,108.11,9.46,97.36,10.07,104.93,101.3,108.6,105.3,109.72,9.77,101.0,10.79,113.3,107.94,101.96,107.07
1,41.094,107.38,10.51,114.16,10.95,106.85,108.85,98.57,101.92,103.22,11.11,102.8,10.21,103.65,109.6,104.11,100.71
1,41.445,111.44,10.04,107.64,10.98,102.51,105.35,109.62,101.8,97.08,10.65,111.74,10.22,99.4,98.24,93.56,105.08
2,41.456,109.04,10.7,101.15,10.43,106.47,112.02,113.5,104.87,113.09,9.43,100.99,10.07,103.07,118.45,108.38,99.52
4,41.491,97.76,10.89,99.52,11.27,109.34,102.82,105.49,108.51,106.7,11.8,102.86,10.52,116.53,109.6,110.43,106.32
2,41.975,102.01,9.42,92.38,10.38,104.25,112.54,116.3,113.0,101.49,9.49,104.14,10.69,112.0,111.39,99.15,101.11
1,42.159,107.75,9.93,106.03,10.28,104.56,104.78,97.05,112.14,97.93,10.53,108.81,10.02,97.83,114.46,101.22,104.16
1,42.451,95.76,10.04,102.2,9.85,100.01,105.92,108.46,108.96,102.22,10.48,112.71,10.88,109.98,107.84,98.25,104.04
3,42.768,104.04,10.49,93.27,9.88,109.05,102.8,108.04,101.49,98.99,10.64,104.09,9.96,98.28,106.72,98.86,111.2
4,42.988,105.52,10.66,111.25,10.05,101.08,105.49,117.0,103.26,98.53,10.81,109.04,10.33,108.52,97.93,110.81,99.5
4,43.0,104.54,10.55,107.06,10.75,102.98,114.8,115.76,106.86,96.52,10.68,101.07,11.07,115.5,109.03,104.04,100.14
3,43.164,112.72,10.69,94.22,10.62,105.98,110.27,102.44,112.65,106.87,9.32,93.7,10.79,97.91,105.24,105.7,108.29
1,43.209,103.16,9.86,99.54,11.02,106.18,108.87,106.39,112.83,112.37,11.36,113.85,10.46,99.7,99.36,94.25,109.21
2,43.277,107.9,9.72,92.32,9.43,104.26,110.37,107.92,95.39,105.41,10.58,103.61,10.56,112.44,105.38,106.72,112.7
1,43.362,95.89,11.13,104.28,11.29,105.47,114.35,106.33,103.42,101.7,10.74,114.46,10.79,94.06,111.96,107.1,105.03
2,43.667,106.47,10.07,93.24,9.65,112.12,109.6,111.2,98.89,101.34,9.98,96.64,9.31,102.34,116.75,114.06,107.24
3,43.859,114.51,9.4,102.03,9.89,103.62,110.96,102.06,96.83,112.0,9.48,106.38,10.97,110.06,100.86,104.32,111.2
2,44.178,116.94,9.56,93.21,10.71,107.44,103.8,104.17,111.11,117.43,9.63,96.39,10.4,105.97,112.82,115.37,109.64
1,44.318,99.65,11.21,106.29,11.18,99.62,111.28,98.26,104.04,102.23,9.7,98.84,10.86,97.64,111.42,107.67,97.67
3,44.362,109.84,10.45,100.31,10.83,109.54,113.14,109.2,96.6,98.95,10.48,100.24,10.84,109.9,106.5,103.58,113.32
2,44.563,101.4,10.28,94.77,9.96,105.58,111.8,99.61,106.82,112.58,9.74,106.25,10.93,107.9,107.24,107.33,102.42
1,44.954,110.66,11.41,110.6,11.32,93.96,112.03,97.07,97.18,107.03,11.15,109.81,11.51,101.67,107.28,105.65,109.98
3,45.016,110.09,10.71,97.82,10.48,101.59,98.43,93.64,105.52,105.67,10.2,100.83,9.77,99.82,97.53,102.21,98.92
4,45.577,102.65,10.82,97.94,10.05,109.17,110.77,114.28,106.33,105.38,11.36,103.98,10.73,117.13,98.04,113.35,101.79
3,46.259,113.34,10.24,103.19,9.81,113.51,99.42,92.56,105.38,104.96,9.36,99.86,11.23,103.08,106.96,98.81,108.43
4,46.621,96.2,11.43,97.28,11.58,102.74,111.54,101.33,98.2,99.3,10.62,103.02,11.57,99.56,100.72,102.6,100.58
3,47.224,102.54,10.6,109.89,11.31,105.64,104.02,98.17,103.95,107.57,9.68,109.79,11.14,112.94,114.94,93.64,97.31
2,47.504,115.37,10.71,108.1,9.38,104.84,102.42,105.54,111.11,115.26,9.73,107.34,10.56,103.22,102.16,106.37,95.22
1,47.968,112.92,10.32,110.6,9.98,93.1,100.66,94.74,113.15,104.51,11.44,109.43,10.46,107.19,99.08,99.65,110.01
3,48.071,109.6,10.56,95.53,10.47,95.97,98.89,100.19,101.27,115.19,9.75,99.64,10.74,99.2,97.61,96.06,101.98
1,48.411,98.44,9.8,102.94,10.11,97.06,105.27,106.27,101.52,98.69,9.9,98.06,11.44,96.7,98.28,100.05,99.03
4,48.794,104.3,11.76,110.75,11.55,103.58,107.98,100.94,106.1,98.76,10.25,98.55,10.53,117.07,115.58,116.78,98.55
3,48.795,97.7,9.25,98.35,11.04,105.59,102.46,107.48,104.58,105.4,9.76,96.14,10.44,96.15,103.0,95.01,97.68
4,48.921,94.68,10.56,113.71,11.07,103.43,100.95,102.46,110.82,101.72,11.52,98.66,9.97,116.5,112.48,106.62,103.39
3,49.385,114.81,9.33,95.48,10.74,110.48,104.29,93.7,99.88,114.55,10.67,106.07,9.87,97.6,98.35,102.8,105.11
3,49.916,106.88,10.01,95.66,11.0,104.06,107.67,105.82,111.86,112.26,10.41,110.22,9.99,95.98,97.79,97.82,102.0
2,50.014,109.32,10.42,94.2,10.14,105.79,112.18,116.48,107.71,116.42,9.61,107.55,10.77,102.96,117.63,98.49,98.21
3,50.051,97.91,9.96,104.53,10.9,112.74,105.2,93.4,113.46,109.09,9.71,102.94,10.31,111.53,105.64,103.54,108.3
4,50.906,96.13,10.41,96.39,9.95,104.62,104.47,109.13,103.01,102.5,10.09,97.36,11.34,102.88,110.37,99.24,105.88
4,51.189,97.17,11.36,110.58,10.78,113.89,105.38,107.98,98.44,100.98,10.76,98.66,11.42,111.64,103.05,108.53,100.14
3,51.225,103.73,10.46,100.09,10.61,97.93,98.73,101.06,98.5,103.3,10.43,109.55,10.91,103.16,106.18,92.15,108.15
3,51.422,104.29,10.44,96.94,10.62,97.06,103.01,102.12,97.59,112.4,10.44,98.97,10.92,110.92,109.67,107.81,109.51
4,51.652,101.77,10.5,105.24,10.44,107.62,108.66,104.63,106.68,102.68,11.56,109.92,10.59,109.33,113.89,101.39,103.77
2,51.695,110.08,10.63,98.6,10.09,96.91,103.57,102.1,106.7,109.84,9.66,100.47,9.57,102.69,101.27,113.99,105.88
2,51.73,117.56,10.9,100.83,10.1,99.28,109.06,107.76,110.24,111.91,10.5,101.08,10.14,112.81,110.15,99.82,102.28
4,52.243,97.1,11.76,108.83,10.5,107.57,105.47,113.18,110.09,100.58,11.11,110.6,10.46,108.74,110.32,108.18,93.48
1,52.372,98.0,10.39,99.87,10.29,109.96,101.69,102.86,112.41,111.96,11.35,111.57,10.81,100.3,106.48,109.48,106.62
4,52.673,98.24,10.12,111.12,11.5,106.67,106.24,102.46,107.51,109.04,11.72,99.36,10.54,115.91,103.88,106.93,110.84
4,52.784,104.05,11.05,100.83,11.21,107.78,115.53,104.41,106.54,106.06,11.64,109.35,9.8,115.31,112.43,102.54,98.32
1,54.055,97.04,10.1,102.22,11.44,93.61,98.79,98.49,112.73,96.36,11.04,110.93,10.27,108.71,103.17,110.08,99.61
4,54.406,107.24,10.18,100.54,11.05,113.29,106.24,104.49,98.36,107.47,11.84,101.88,11.24,98.98,109.33,115.74,95.19
4,54.46,104.41,10.94,111.19,10.44,104.04,114.62,115.59,98.97,107.42,10.09,107.73,11.2,111.22,99.97,100.72,97.86
2,54.601,108.78,10.76,105.02,9.32,106.94,107.68,112.92,102.13,99.7,9.84,92.32,10.83,112.05,107.6,99.29,103.29
4,55.172,109.48,11.43,101.85,11.05,102.65,106.94,100.4,101.68,108.09,11.46,113.84,11.02,108.97,109.82,111.26,94.02
4,55.264,100.9,11.14,106.29,10.9,106.44,114.26,102.75,101.78,95.77,10.5,110.75,10.54,111.31,109.69,111.55,106.68
3,55.575,103.19,9.39,108.93,9.82,108.21,97.54,93.7,99.31,111.87,9.51,108.11,10.7,112.79,112.12,94.88,111.76
1,56.133,113.3,10.07,99.63,9.87,104.02,116.14,110.0,111.01,111.76,10.05,111.57,10.62,94.0,104.08,104.26,104.5
1,56.526,107.75,10.41,112.13,10.29,96.3,106.0,100.54,111.22,96.47,10.4,105.44,10.92,98.59,107.51,96.7,113.71
3,57.311,114.87,10.86,108.54,10.67,114.06,97.78,96.62,110.52,103.99,9.4,99.6,10.13,102.99,100.26,103.32,101.51
2,57.606,99.26,9.39,98.09,11.03,108.94,117.27,101.54,101.89,103.82,10.31,100.99,10.61,112.23,100.72,107.8,97.3
3,57.901,112.37,10.71,96.45,11.0,100.75,107.04,101.08,112.16,111.85,9.86,94.48,10.97,108.73,109.29,107.83,111.66
4,58.092,94.86,11.46,103.51,9.89,107.44,102.72,110.02,93.76,107.89,11.56,100.51,10.71,100.58,107.65,109.5,98.32
4,58.332,108.69,10.24,105.65,10.67,101.07,103.85,107.98,100.83,107.48,11.27,105.5,9.9,114.4,102.06,107.03,110.84
1,58.478,112.4,9.78,113.51,10.77,102.86,109.15,99.24,109.35,100.19,10.42,99.81,10.79,100.79,99.23,101.99,111.59
2,59.249,115.3,9.84,107.44,10.37,104.87,103.78,114.74,108.94,114.82,9.85,102.57,9.36,101.25,112.73,106.07,97.82
1,59.599,110.52,9.93,104.3,10.86,94.22,108.25,110.15,103.25,97.75,10.38,101.68,11.32,104.2,112.64,93.04,112.76
1,59.69,100.81,10.63,99.79,10.81,101.39,110.1,104.9,106.39,98.87,9.81,114.37,9.85,93.46,100.58,104.86,104.84
2,59.905,110.63,9.91,105.48,9.56,106.72,116.38,101.51,109.1,101.02,9.84,97.4,10.07,99.22,117.68,104.7,104.68
3,60.293,107.54,9.47,97.53,11.02,107.16,105.36,92.62,101.89,102.28,10.0,105.53,11.41,107.21,106.96,98.49,99.9
3,60.696,105.45,9.86,95.46,10.2,101.35,109.42,96.56,106.94,104.66,9.8,108.98,9.72,99.55,102.94,104.47,111.69
3,61.056,109.68,9.31,109.05,10.06,96.14,102.25,91.91,104.32,109.94,10.33,102.08,10.34,108.64,107.23,92.41,108.88
4,61.182,103.55,10.53,111.15,11.15,101.73,111.5,117.64,107.5,104.45,10.64,96.04,9.94,104.6,103.23,107.22,96.51
1,61.524,98.75,10.92,105.35,10.51,101.04,99.11,102.94,111.2,112.7,11.1,110.29,10.52,92.72,98.63,98.81,103.32
3,61.617,99.95,10.4,102.02,10.93,113.86,99.27,103.35,104.63,101.74,10.72,104.79,11.27,112.46,99.9,107.77,99.86
4,62.276,103.47,11.18,111.15,10.1,106.05,113.43,114.9,102.42,96.59,11.38,98.25,10.91,104.01,98.56,105.09,110.6
4,62.482,100.14,10.87,109.19,10.49,99.85,110.68,102.06,93.48,103.84,11.58,100.9,9.91,105.18,107.17,108.18,94.13
3,62.574,111.38,10.54,99.87,9.67,96.72,100.29,97.28,114.06,99.08,10.93,100.54,11.41,112.21,108.29,109.09,97.17
4,62.59,97.51,11.21,111.3,10.78,105.74,98.39,99.83,104.73,104.11,10.32,103.29,11.24,111.21,113.29,108.82,102.86
2,63.309,100.18,10.24,109.26,9.5,113.21,112.01,98.46,106.34,106.43,10.26,92.88,9.32,111.18,116.82,116.2,105.81
3,63.669,109.56,9.82,104.63,10.85,113.46,107.2,95.67,98.88,100.39,10.69,102.5,10.32,110.38,114.3,96.3,101.91
2,63.848,116.78,10.83,99.28,9.56,109.21,118.82,100.89,95.55,102.05,9.37,99.82,9.96,110.52,107.36,116.82,112.14
1,63.956,113.23,10.91,111.56,10.88,106.68,107.69,100.58,96.38,111.06,10.33,108.0,10.62,97.28,112.22,93.55,101.09
3,64.048,112.09,9.35,105.25,10.67,108.72,99.78,109.03,114.58,104.36,9.81,94.68,10.84,107.86,107.93,93.89,102.78
2,64.232,110.89,10.18,95.0,10.79,102.69,117.33,114.5,105.72,110.16,10.19,96.18,10.13,114.02,108.78,106.78,103.04
2,64.249,110.66,10.39,107.31,9.72,112.22,104.66,111.8,112.47,116.26,9.42,100.41,10.2,106.67,109.06,113.2,101.32
2,64.288,111.06,9.32,108.63,10.62,106.94,108.88,115.76,95.46,103.75,10.75,107.19,9.56,108.61,111.38,109.64,109.19
4,64.337,101.58,11.29,110.82,10.83,116.95,115.23,116.79,101.0,93.89,10.8,96.69,11.39,99.25,100.94,105.42,94.25
2,64.342,110.33,10.32,106.25,10.14,104.21,105.53,107.69,110.21,104.05,10.85,92.3,9.45,111.59,113.78,114.74,108.45
2,64.479,104.09,9.29,107.28,11.04,107.01,101.8,99.73,102.57,113.55,9.52,100.6,9.68,107.57,105.14,98.95,103.71
4,64.498,99.01,11.48,112.22,10.2,115.6,102.67,112.43,93.93,107.02,11.64,105.52,10.43,117.49,115.62,105.8,106.82
2,64.513,102.47,9.97,96.98,10.04,105.99,106.51,115.56,106.25,111.79,10.64,106.71,9.46,112.46,101.7,99.73,110.24
1,64.631,102.01,10.45,99.34,10.76,93.8,111.6,98.44,111.59,102.53,10.45,105.45,10.55,105.12,99.19,95.85,113.09
4,64.71,107.79,11.21,98.19,9.9,108.66,103.39,101.33,100.45,95.77,10.28,105.82,11.57,104.82,111.82,114.86,100.19
2,64.77,116.0,10.23,94.51,10.03,100.71,113.18,105.85,106.7,112.15,9.43,106.25,10.74,102.66,117.06,106.14,104.54
1,65.409,98.67,9.85,112.5,10.11,97.11,111.74,99.97,97.24,110.15,10.45,107.69,9.71,96.76,107.34,96.58,111.3
2,65.555,116.99,9.43,107.26,9.99,99.68,118.36,107.98,110.17,101.24,10.42,101.24,9.59,100.9,106.35,100.96,106.44
2,65.752,112.31,10.51,96.33,9.67,109.3,102.79,100.32,112.25,111.48,9.87,106.2,10.06,107.12,103.94,110.31,97.78
2,65.95,99.6,10.06,101.57,9.65,109.9,100.05,109.91,103.85,116.96,9.28,95.66,10.73,113.07,114.73,104.89,102.12
4,66.086,97.56,11.82,102.72,10.56,103.58,103.34,108.47,99.34,109.25,10.28,104.73,11.15,99.04,111.43,109.12,104.48
2,66.112,101.7,10.14,100.64,9.57,97.74,111.05,116.04,100.9,99.67,10.38,95.83,10.81,97.01,102.72,112.67,96.11
1,66.403,99.97,11.34,109.7,11.04,102.6,105.06,104.01,106.73,98.59,10.46,112.94,11.45,98.64,106.62,108.14,108.64
1,66.666,111.75,11.27,112.61,11.4,96.3,99.6,98.45,105.38,109.35,11.19,105.62,10.1,101.28,113.73,107.52,105.99
1,66.868,98.96,11.34,112.84,10.34,93.99,100.82,109.93,110.84,101.09,9.84,100.58,10.5,96.21,101.52,99.18,112.43
2,67.26,114.91,10.97,106.25,9.43,104.93,118.26,105.34,96.33,106.3,9.82,102.57,9.5,96.44,106.21,101.09,111.99
1,67.502,100.84,10.68,113.38,10.55,94.54,98.54,103.27,98.26,112.58,9.87,100.06,10.68,97.26,110.95,104.08,97.68
4,67.724,103.63,10.32,106.68,11.52,114.77,98.17,115.04,109.27,96.31,10.52,109.42,10.75,105.84,109.74,115.07,93.53
2,67.893,115.98,9.63,96.33,10.25,101.6,111.81,108.56,111.89,101.9,9.97,107.46,10.06,102.11,104.54,113.04,102.02
3,69.048,99.75,10.74,96.94,11.16,113.31,113.43,108.22,107.81,114.27,10.23,101.17,10.15,100.68,110.42,96.94,114.54
1,69.278,109.47,10.73,111.8,9.89,105.37,113.16,94.33,110.82,110.22,10.26,99.14,10.89,94.35,98.79,97.1,110.9
2,69.356,102.67,10.05,106.49,9.5,112.4,113.04,109.45,109.73,103.5,9.28,93.52,10.14,100.89,111.22,115.29,98.77
1,69.78,105.48,10.58,106.88,10.0,93.17,108.57,101.11,106.31,106.66,10.09,112.9,10.88,92.6,98.63,103.42,109.13
2,70.461,115.48,10.1,104.83,9.84,96.76,107.59,100.66,108.89,114.91,9.89,108.7,11.01,96.16,113.78,99.31,105.59
2,71.043,102.92,10.63,95.03,10.61,99.88,111.16,100.76,109.64,105.21,10.72,98.6,9.77,96.32,102.3,109.18,105.59
3,71.144,114.94,10.19,101.9,11.12,107.54,107.44,107.77,113.4,102.41,10.32,103.94,11.09,112.33,107.41,99.67,113.97
1,71.449,98.51,9.91,102.69,11.04,94.61,98.43,96.06,108.74,112.95,10.87,105.43,9.93,98.11,100.82,96.65,96.71
3,71.471,98.66,9.57,100.89,10.88,99.6,98.64,99.02,105.03,109.41,10.94,100.29,10.64,103.62,104.1,95.89,101.5
3,71.831,105.56,10.51,99.39,10.45,109.52,110.32,108.81,104.54,113.37,10.55,103.39,11.04,98.18,104.72,108.78,108.18
2,71.947,116.47,9.73,95.24,9.57,102.45,107.66,107.92,100.37,116.82,9.47,99.72,10.78,102.37,112.23,101.36,98.74
1,72.035,112.77,10.77,104.98,10.4,99.62,107.49,98.4,109.14,104.04,11.34,102.35,10.21,106.51,104.62,94.04,99.0
3,72.218,99.43,10.33,99.3,11.03,99.14,106.72,103.42,104.63,105.67,9.76,95.8,11.3,97.24,103.19,101.59,101.0
4,72.305,107.51,10.87,98.22,10.31,116.53,111.21,104.81,95.83,94.33,11.7,111.79,10.12,101.81,103.38,111.52,106.34
2,72.566,109.35,9.89,106.31,10.74,110.65,112.7,106.27,103.79,104.28,9.79,94.92,9.63,112.52,102.37,98.72,108.9
1,72.81,111.13,10.78,110.49,10.25,108.42,103.07,105.71,105.44,110.76,11.33,114.97,10.5,95.53,109.46,93.04,102.94
1,73.781,95.89,10.41,101.39,11.46,101.6,115.71,102.53,102.04,99.02,9.73,99.46,9.93,109.72,100.86,108.2,97.52
3,73.882,110.34,9.23,104.42,11.12,97.27,103.61,97.25,106.84,110.88,10.65,97.49,10.9,102.95,109.82,104.82,108.05
1,74.022,95.61,11.24,106.29,10.29,96.93,103.47,101.69,101.2,103.12,10.93,99.74,9.91,93.97,109.46,98.4,107.54
3,75.689,114.1,10.93,105.59,9.8,107.44,108.49,104.36,102.85,106.25,10.23,95.18,9.94,109.65,99.32,99.0,107.63
4,75.733,93.73,11.46,109.92,11.27,104.23,98.05,113.31,96.17,100.45,11.87,96.65,10.25,114.93,99.64,109.18,96.78
2,75.87,110.9,10.7,103.05,11.06,101.26,101.63,105.35,95.91,101.26,9.37,93.16,9.42,113.73,113.47,100.7,98.74
2,76.03,110.66,10.85,96.36,10.1,107.83,116.65,112.03,95.78,107.37,10.92,104.41,9.65,107.83,115.52,105.06,104.74
4,76.149,105.88,10.14,108.77,10.03,100.66,110.09,106.82,97.38,98.72,11.19,111.13,11.18,112.07,105.04,108.47,109.27
3,76.482,113.87,9.36,104.28,9.81,112.08,104.1,97.7,110.98,107.66,9.75,93.51,9.98,96.85,102.72,99.41,96.64
3,76.845,100.62,10.56,109.14,10.61,109.34,104.99,94.01,96.85,113.94,9.77,102.74,10.91,113.47,109.94,92.83,104.82
3,76.85,105.3,10.4,107.0,10.75,110.37,108.05,108.72,100.16,98.38,9.84,106.55,11.4,110.01,98.89,95.9,108.0
3,76.947,99.77,10.94,105.9,9.63,105.02,108.53,100.67,101.2,108.43,10.12,103.37,10.85,111.21,113.28,103.66,101.77
3,77.224,101.9,10.43,110.57,10.04,98.18,112.31,104.21,114.69,105.4,10.63,110.06,9.93,110.21,109.12,97.94,107.81
3,77.232,114.81,9.84,99.64,11.03,99.23,103.51,95.14,102.6,107.81,10.88,106.02,11.14,97.93,101.67,108.25,104.98
4,77.248,108.17,11.05,109.93,10.15,114.98,98.23,117.56,110.51,96.88,10.77,110.99,10.56,113.69,104.7,110.26,94.54
3,77.276,109.22,10.18,107.39,10.97,95.94,98.75,101.81,103.63,104.16,9.8,109.8,9.98,105.67,101.56,106.97,109.69
1,77.281,105.44,10.03,109.98,11.24,98.26,116.01,93.05,108.99,110.57,9.78,104.95,9.7,92.61,110.46,95.82,111.93
3,78.102,102.32,10.4,97.84,10.89,100.7,111.31,100.69,96.58,111.43,9.88,101.29,10.05,98.18,105.24,98.28,109.15
2,78.404,105.91,10.85,106.79,10.17,105.3,118.06,103.55,109.53,106.49,10.66,92.31,10.21,100.36,103.9,105.5,98.07
1,78.783,103.56,10.24,104.98,10.31,99.71,103.31,102.18,99.61,113.13,11.16,108.18,10.54,98.42,99.72,109.53,102.58
2,79.093,117.7,9.4,107.14,10.16,103.94,118.14,113.38,103.79,101.87,9.71,94.28,10.38,111.09,106.78,110.93,99.98
4,79.376,95.59,11.16,108.18,11.24,109.95,99.37,110.24,104.72,99.8,10.03,103.21,10.63,106.78,115.62,101.88,93.43
1,79.554,106.81,10.83,111.46,9.7,108.18,108.84,103.19,105.57,110.01,10.24,110.09,10.09,108.97,98.98,100.9,98.89
1,79.593,101.89,10.94,106.78,10.0,97.42,111.1,98.98,96.75,97.92,11.07,110.35,10.88,108.28,115.69,94.04,100.56
1,79.75,109.7,10.54,98.7,10.22,93.81,101.95,107.14,113.41,95.58,10.37,111.87,11.45,107.61,109.16,103.7,112.14
2,79.99,117.08,10.9,94.04,10.11,113.34,101.61,99.72,99.54,114.91,10.93,104.02,10.93,96.35,108.4,113.3,104.58
4,80.065,100.16,10.74,97.12,10.72,113.77,106.78,105.72,93.49,95.8,10.48,98.28,10.91,99.25,106.68,99.25,99.99
3,80.109,112.74,9.78,103.16,10.59,103.32,112.15,103.09,104.18,97.51,9.89,99.98,9.77,101.53,108.66,99.77,98.89
1,80.189,103.36,11.25,113.99,10.56,100.28,103.28,98.84,98.77,107.96,9.94,109.83,9.97,95.62,113.72,97.7,113.34
3,80.268,107.95,9.6,99.13,10.29,113.51,108.19,91.97,98.43,105.05,9.32,102.02,10.93,111.58,114.02,95.6,102.33
3,80.731,106.79,10.37,106.23,10.58,106.82,109.31,95.56,97.79,98.09,9.67,100.54,10.29,96.42,107.97,94.5,106.72
3,80.818,101.8,9.4,109.67,10.86,109.04,109.29,101.82,109.79,114.02,9.74,110.22,10.11,105.37,106.16,103.72,108.28
2,81.144,110.44,9.66,95.0,9.4,102.51,100.83,110.11,98.34,114.26,9.77,108.21,10.56,106.22,104.89,102.6,108.67
4,81.335,108.34,10.13,107.48,10.63,115.99,112.38,99.92,96.06,105.06,10.16,104.97,11.36,105.81,112.05,104.95,109.43
2,81.34,111.59,10.87,101.34,9.54,99.82,109.01,106.26,109.05,100.94,9.45,102.13,10.06,108.23,108.96,112.15,98.48
3,81.496,112.53,9.86,97.52,10.56,111.47,113.2,103.78,107.4,114.33,10.71,94.79,11.34,113.47,108.3,92.09,102.92
3,82.681,105.05,10.87,100.41,10.48,96.64,102.78,95.44,105.11,98.99,10.88,97.69,11.17,108.86,110.14,98.61,102.78
1,82.899,97.7,10.8,112.44,10.24,95.69,98.76,104.08,99.69,108.01,10.82,109.02,10.24,109.83,100.37,94.57,108.75
1,83.264,99.51,10.13,105.26,10.49,108.71,111.86,108.2,98.44,101.06,11.27,106.32,10.59,95.88,99.41,107.57,111.01
2,83.34,108.32,10.15,98.8,9.96,99.4,107.94,106.34,96.85,107.62,9.95,103.16,10.89,104.25,100.69,116.48,96.68
3,83.644,106.75,9.26,109.72,11.02,113.41,109.07,93.7,101.88,105.37,9.7,95.33,11.35,104.99,113.47,107.15,107.91
1,83.676,105.35,10.34,104.88,9.76,104.02,98.76,94.62,107.68,100.11,10.55,112.29,10.82,102.76,116.47,98.06,97.38
2,83.998,106.75,9.3,103.11,10.25,101.08,118.73,98.4,102.4,102.52,9.93,107.14,9.37,97.34,115.62,108.67,107.91
1,84.065,110.74,11.2,106.92,11.02,98.41,110.31,108.66,108.28,98.45,10.55,103.75,10.48,97.89,100.94,93.16,100.79
2,84.07,117.02,9.41,101.91,9.53,101.19,115.17,102.46,95.91,107.62,10.55,106.26,10.74,108.81,116.94,103.46,109.75
3,84.286,114.78,10.93,99.88,9.84,102.86,105.09,98.71,103.98,103.61,10.86,95.06,10.47,108.2,97.66,103.49,109.29
4,84.339,103.61,10.85,112.97,10.74,115.85,115.96,116.52,97.23,104.87,11.86,103.18,10.53,106.2,99.55,105.07,100.63
3,84.405,105.33,10.68,107.69,9.65,110.18,104.43,106.93,107.69,115.82,10.54,97.35,10.62,98.17,114.64,105.66,96.85
1,84.471,110.57,11.4,106.76,10.19,96.26,109.73,94.57,112.83,97.4,10.61,107.56,11.05,99.46,101.03,98.62,101.68
2,84.523,114.92,9.43,95.04,10.16,110.76,111.65,116.48,104.65,111.77,9.77,103.03,10.8,111.32,115.07,100.78,100.72
3,84.657,114.85,9.72,107.19,10.95,109.79,105.23,107.01,110.32,101.48,10.4,99.7,10.08,102.66,113.64,106.47,103.65
2,84.972,111.28,10.13,98.6,10.77,100.5,109.49,106.6,106.77,102.37,10.53,98.24,10.61,104.51,111.77,104.77,104.32
3,85.109,102.54,9.29,105.87,10.57,107.3,102.1,95.45,96.81,105.87,9.51,104.28,11.29,98.45,101.18,105.93,111.3
3,85.18,111.65,10.62,102.81,10.9,101.54,97.54,103.72,111.16,98.36,10.64,102.26,10.23,106.76,111.49,94.82,103.53
3,85.293,104.78,10.17,102.19,11.02,109.91,101.96,98.29,102.68,104.74,10.01,101.18,10.12,105.64,102.76,107.33,97.95
2,85.611,104.89,9.32,98.39,9.66,107.9,118.11,100.29,98.34,104.54,9.74,99.52,10.62,103.84,100.54,100.54,95.25
2,85.809,99.02,10.24,95.46,10.59,105.41,113.1,100.32,107.62,108.93,9.81,105.71,9.82,107.83,105.06,102.32,105.56
1,85.812,112.92,11.32,104.12,10.68,96.5,115.39,97.75,100.18,97.36,10.93,97.86,10.46,98.09,106.78,101.47,108.75
2,86.001,106.81,9.72,98.28,10.65,112.32,103.6,100.56,98.63,100.41,9.3,105.23,9.55,105.68,108.44,111.17,98.08
4,86.522,93.89,11.36,98.11,10.64,99.64,105.91,102.44,105.8,107.92,11.44,112.26,9.87,109.24,103.01,110.61,106.36
4,87.473,95.0,11.18,107.22,10.74,101.54,98.07,105.87,107.37,109.79,10.98,112.43,11.34,100.46,115.83,108.76,110.09
3,87.481,98.14,9.73,107.47,9.76,113.43,108.89,108.54,107.71,104.4,10.6,100.65,10.95,96.55,104.26,93.33,102.15
1,88.003,96.51,10.2,107.68,10.73,94.0,115.24,95.89,100.18,108.37,11.06,104.3,10.06,96.59,98.29,99.86,100.89
1,88.232,99.52,9.68,105.41,9.77,92.54,112.22,93.38,97.51,109.48,9.93,99.52,11.42,101.29,104.69,106.55,98.68
3,88.583,109.68,10.16,95.48,10.53,110.63,113.07,98.22,102.11,104.18,10.06,93.47,10.03,102.07,104.13,93.31,97.31
2,88.98,117.47,10.64,105.73,10.6,103.49,101.26,113.99,98.89,112.72,10.07,93.03,10.09,98.21,109.9,101.74,111.66
3,89.582,106.89,9.79,102.65,10.15,97.09,100.96,94.03,107.32,102.4,10.2,101.39,11.14,103.3,114.31,103.18,110.14
2,90.046,102.77,10.27,101.49,10.06,96.16,103.75,99.61,102.8,116.11,10.55,108.04,10.61,104.58,113.62,109.74,110.24
2,90.191,101.24,10.35,93.61,9.79,103.64,111.21,108.6,102.5,106.59,10.06,98.2,9.44,107.86,116.99,113.57,101.27
1,90.357,111.45,11.46,100.03,10.79,106.34,111.72,97.47,113.18,97.97,11.07,108.34,10.78,105.48,108.81,102.18,99.7
3,90.429,112.92,9.41,94.84,11.36,110.47,98.89,97.94,108.36,105.83,9.26,93.31,9.72,108.95,112.94,102.8,100.1
4,90.935,106.31,10.06,104.37,10.72,106.78,109.95,111.92,105.5,104.65,10.42,104.95,10.58,114.86,115.34,104.1,101.7
3,92.039,108.59,9.77,97.13,11.31,113.61,108.29,98.68,105.84,113.89,9.23,104.71,9.86,96.47,109.29,99.73,113.39
3,92.126,97.98,9.25,102.94,11.0,103.71,108.24,95.89,105.55,113.4,10.36,107.46,10.08,109.18,101.25,96.46,105.96
2,92.819,112.31,10.43,107.02,9.84,109.4,101.81,108.39,101.98,100.27,10.13,94.55,10.34,103.2,112.51,108.38,102.5
4,93.161,104.96,10.17,99.4,11.15,110.48,113.03,116.3,101.6,96.28,11.81,105.35,10.93,105.74,102.13,113.54,98.54
4,93.263,98.14,10.61,103.35,10.44,105.97,106.45,107.41,107.7,97.96,10.94,96.8,11.38,99.55,114.2,112.6,95.53
4,94.174,95.54,10.92,112.22,10.49,99.33,102.39,116.78,104.86,100.56,10.89,103.65,10.64,111.28,115.42,109.31,97.46
3,94.632,104.3,10.52,101.24,11.31,100.32,109.5,104.1,111.88,112.24,10.9,100.88,11.22,112.27,109.7,102.76,101.65
2,94.663,110.48,10.44,108.82,9.97,97.05,112.5,115.06,100.0,104.55,10.62,100.14,10.59,97.39,110.04,102.32,101.9
2,94.717,110.89,10.42,108.53,11.0,113.47,104.48,105.5,98.64,104.89,10.9,108.81,9.48,97.36,101.93,108.72,101.44
3,94.834,110.28,9.52,100.3,10.61,95.94,115.5,100.39,110.84,110.09,9.33,95.46,10.9,107.56,109.02,105.38,110.94
2,94.945,115.77,10.01,109.31,9.68,112.97,115.14,113.64,95.22,108.31,10.65,102.6,9.63,104.28,115.65,103.23,107.25
4,95.024,99.3,11.48,103.7,11.5,115.74,103.53,107.12,108.84,95.84,11.63,112.43,11.48,103.0,100.11,115.42,102.07
4,95.2,106.82,10.08,104.45,11.11,112.51,106.44,117.01,105.66,99.79,10.22,108.02,10.62,99.35,100.58,101.2,95.91
1,95.55,105.01,10.53,109.63,9.92,107.92,110.69,101.09,99.2,106.48,9.87,102.94,10.76,99.59,99.44,108.61,97.34
4,95.885,95.65,11.62,97.93,11.39,106.62,112.5,107.1,102.73,100.14,10.62,99.3,11.21,101.98,111.41,104.81,98.36
4,96.343,93.77,10.42,99.28,10.31,109.87,113.15,104.8,108.84,103.63,11.46,101.08,10.0,108.52,108.82,112.44,109.7
4,96.807,100.11,10.56,97.56,10.47,112.81,98.52,106.02,93.88,93.44,11.78,98.05,10.49,113.07,106.95,115.2,109.59
2,97.005,115.42,10.41,92.34,9.72,109.93,109.54,113.22,110.04,117.58,10.48,100.78,9.56,106.29,114.21,104.36,107.07
3,97.136,107.09,9.52,109.01,10.16,110.18,106.02,109.03,111.81,115.23,9.34,107.97,10.68,104.32,114.15,105.71,114.46
3,97.91,113.34,10.63,106.29,10.5,102.18,101.62,103.15,111.94,99.84,10.26,99.98,9.94,110.76,108.24,97.12,103.72
2,98.125,109.68,10.21,101.47,9.64,114.22,112.46,99.12,97.52,114.57,9.49,96.12,9.37,110.15,107.04,113.44,99.25
3,98.442,109.81,10.15,103.2,10.48,106.24,103.81,108.25,114.7,112.33,10.94,102.94,11.37,97.53,100.1,106.97,98.13
2,98.478,114.57,9.49,97.7,10.02,98.31,116.38,113.58,112.31,106.63,10.24,101.22,10.38,111.6,114.94,106.88,100.13
4,98.801,107.31,11.04,104.12,10.44,112.76,98.64,100.72,108.63,108.83,10.47,107.01,11.07,104.62,106.86,117.01,96.09
3,98.82,102.06,10.63,98.51,10.76,106.88,106.2,98.73,100.82,106.59,10.32,109.2,10.4,104.43,108.12,103.4,96.86
4,99.003,93.76,10.02,107.63,10.57,111.18,101.35,108.48,99.57,93.42,10.4,97.0,11.51,108.64,110.2,112.42,106.33
4,99.375,105.74,11.58,103.22,9.81,101.67,113.49,111.79,98.49,102.12,10.66,112.11,10.66,109.75,109.65,101.07,107.5
4,99.505,101.65,10.42,101.88,11.1,110.94,110.83,109.74,107.64,97.85,10.42,106.8,10.76,113.59,98.35,106.72,100.82
2,99.804,111.03,9.3,108.25,10.0,110.41,114.44,113.25,108.93,117.7,9.76,102.73,9.74,107.92,102.8,105.54,107.71
4,100.095,97.76,11.76,107.61,10.34,113.72,110.58,104.36,99.49,102.5,10.81,109.19,11.02,105.37,105.49,101.04,110.52
4,100.395,100.87,11.34,103.77,10.87,110.99,105.19,117.19,101.75,93.63,10.41,109.95,10.48,110.18,108.18,102.6,106.3
3,100.637,98.73,9.72,105.82,9.88,110.18,101.67,101.66,99.3,114.82,10.02,97.89,9.96,99.23,108.29,99.73,100.16
3,100.735,97.62,9.57,104.39,11.19,113.75,105.89,103.42,98.0,112.24,10.58,103.19,10.9,106.34,100.78,108.89,102.67
2,100.767,108.76,10.27,100.49,11.05,99.51,106.54,113.27,107.44,101.78,10.94,107.7,9.62,103.67,101.63,107.5,103.79
2,101.003,106.47,10.88,104.47,9.85,111.09,111.47,106.6,101.51,100.92,9.5,102.01,9.71,97.57,107.24,116.45,111.68
1,101.211,112.69,10.45,107.56,10.97,106.96,101.52,97.79,100.8,112.29,11.04,99.16,10.76,94.02,99.28,102.96,111.06
1,101.253,105.41,11.25,100.89,10.73,93.93,105.74,107.91,100.54,100.22,10.38,103.04,10.83,95.57,114.48,93.81,102.15
1,101.341,98.34,10.2,114.88,10.3,107.63,102.56,104.89,105.96,106.45,10.67,97.86,10.77,92.56,113.58,94.09,106.33
1,101.688,107.5,9.88,105.38,10.99,99.01,113.06,97.51,110.48,100.07,10.11,103.14,9.77,101.33,107.9,95.89,109.83
3,102.47,98.67,10.87,105.64,10.68,104.94,107.0,105.04,104.33,111.71,10.3,109.14,9.73,96.07,107.24,93.7,97.79
2,102.623,112.26,10.12,93.24,10.61,109.93,100.51,116.31,103.24,113.57,9.8,102.16,9.85,108.68,109.3,108.6,107.24
2,102.684,109.35,9.91,101.4,9.44,108.01,102.2,114.98,103.98,99.33,9.4,106.26,9.96,105.21,100.18,103.92,107.4
3,102.712,104.55,10.01,108.66,10.87,96.52,101.26,105.09,110.53,111.43,10.71,109.67,11.41,113.95,115.84,97.97,110.91
3,102.89,109.08,9.26,105.62,11.35,113.51,98.46,108.04,106.11,105.31,10.88,110.73,11.02,99.53,107.99,92.89,113.4
2,103.052,116.9,9.76,96.16,10.54,112.84,100.05,111.83,110.26,101.74,10.76,103.8,9.85,101.54,107.88,104.67,104.0
3,103.127,107.14,10.59,96.05,10.26,112.78,110.04,107.73,108.59,110.57,9.51,99.16,11.3,113.45,99.46,93.31,97.29
2,103.285,115.31,10.27,101.17,10.17,112.62,102.37,115.31,101.77,102.18,9.89,106.23,9.46,113.04,104.34,98.83,111.65
3,103.313,102.48,10.2,102.68,10.67,106.69,105.42,95.16,107.9,107.09,10.85,96.07,10.5,107.72,106.58,101.61,108.1
1,103.533,112.24,10.01,111.75,11.39,105.2,99.41,108.38,96.27,102.68,10.27,111.32,11.4,105.51,110.94,97.56,101.2
3,103.989,105.63,10.92,97.43,11.18,96.44,114.69,95.47,106.09,110.9,10.09,99.27,11.09,97.76,114.37,96.13,111.33
3,104.693,114.55,10.82,97.13,11.29,102.92,109.5,95.01,113.27,104.66,9.2,100.74,10.03,105.55,97.99,97.95,108.58
3,104.85,113.16,10.19,110.83,9.74,98.59,106.85,95.58,108.1,105.83,9.46,110.06,10.94,103.69,114.98,93.7,104.52
3,105.156,107.09,9.24,109.38,11.27,97.09,113.02,95.44,109.35,111.7,10.33,106.5,10.61,102.98,114.98,99.3,111.76
1,105.309,101.52,11.44,106.84,9.97,102.88,107.57,100.39,108.94,104.5,11.15,109.82,10.66,94.53,113.05,101.32,102.25
4,105.717,98.12,10.33,110.09,10.77,106.18,103.32,115.83,110.69,104.31,11.16,104.45,11.59,99.85,98.95,104.1,106.89
4,106.101,105.28,11.48,107.71,10.39,103.82,100.72,108.22,94.27,102.94,10.25,111.48,11.28,114.77,106.62,110.63,107.77
3,106.582,100.44,9.86,108.94,9.8,112.02,97.6,101.46,114.69,100.42,9.32,99.6,10.33,110.63,103.51,104.32,104.88
4,106.6,107.73,10.4,106.77,10.47,117.66,113.03,107.98,93.48,99.76,10.12,98.28,10.17,115.6,107.84,116.56,106.26
4,106.853,105.41,10.48,104.3,10.42,114.19,100.43,105.16,108.53,100.03,11.05,111.14,10.02,114.38,106.66,116.78,95.26
4,106.859,97.95,11.19,108.71,9.99,108.31,102.72,105.29,109.61,105.76,10.23,110.22,10.75,112.06,109.03,102.59,96.48
2,106.867,115.9,10.07,106.42,9.88,110.5,104.28,108.35,98.63,113.1,9.94,94.18,10.64,111.59,114.94,99.63,109.76
3,107.653,107.26,9.57,109.06,11.08,96.21,101.7,96.2,110.85,98.54,9.62,102.44,10.67,97.48,104.47,98.38,98.65
1,108.737,112.4,11.15,109.29,11.4,93.26,111.11,102.58,113.69,112.4,11.04,104.2,11.05,107.1,112.53,95.59,106.92
3,108.91,98.38,10.26,104.74,10.29,102.11,115.12,97.94,98.37,114.2,9.41,104.94,11.01,96.12,108.22,95.01,102.3
3,108.915,97.85,10.63,94.07,10.04,96.55,105.78,105.7,105.53,115.23,10.75,99.65,9.76,110.15,111.94,104.54,107.74
1,108.998,110.68,11.42,102.94,9.99,105.62,103.13,96.21,98.64,97.2,9.9,97.74,10.1,106.96,106.63,97.47,103.03
2,109.269,111.29,9.66,103.16,10.52,111.54,118.47,106.9,96.52,116.62,9.45,95.52,10.5,108.9,113.77,99.42,105.37
4,109.657,96.16,10.64,101.07,11.54,109.95,98.07,107.77,105.8,98.72,11.21,106.29,11.36,115.7,113.73,117.31,104.86
2,110.397,114.4,10.5,108.25,10.64,113.61,117.49,99.91,104.74,111.25,9.28,103.29,9.4,111.23,115.31,108.27,95.57
1,110.512,109.54,10.39,105.34,10.26,99.94,103.48,97.87,109.91,106.13,10.86,110.77,10.61,105.06,102.62,101.98,109.98
2,110.52,104.62,10.08,106.25,9.42,109.71,114.94,111.42,104.06,99.26,10.97,94.57,10.32,114.2,117.95,109.47,96.36
1,111.116,96.67,9.92,99.15,11.28,97.42,110.64,93.3,96.34,109.54,11.05,114.63,11.05,109.63,115.66,96.99,108.12
1,111.58,110.56,10.74,104.52,11.44,102.76,98.41,104.43,101.27,110.43,9.64,104.07,10.12,107.19,103.66,104.87,111.77
4,112.089,106.7,11.39,109.93,10.42,113.9,101.36,106.15,95.58,95.25,10.95,95.94,10.74,110.39,98.68,116.08,107.92
1,112.353,102.48,9.92,107.92,10.99,98.08,108.81,99.12,107.55,107.19,10.0,100.0,10.36,101.47,109.27,104.89,96.73
1,112.36,108.63,10.24,109.18,11.32,104.84,110.57,97.58,103.72,102.07,10.17,104.58,11.4,96.14,98.18,99.16,102.98
3,112.384,114.5,9.26,108.27,9.89,103.08,97.92,96.73,103.46,110.59,9.76,94.82,10.42,96.88,107.52,94.18,108.05
1,112.611,108.68,10.05,99.84,10.89,93.1,110.75,101.43,101.86,112.54,10.2,112.07,10.25,98.42,98.42,104.63,111.78
3,112.881,105.5,10.1,104.39,10.85,99.2,104.86,100.92,98.76,105.84,10.92,109.97,9.8,113.95,108.08,99.97,104.33
2,113.689,114.39,9.84,92.41,10.4,107.32,103.9,112.27,96.86,106.06,9.77,103.05,10.68,102.97,101.66,112.45,102.46
2,113.785,103.92,9.71,103.76,10.38,103.72,109.01,108.53,95.68,105.21,10.15,103.17,9.57,111.89,116.03,101.64,102.29
1,114.553,108.9,9.7,106.28,10.63,102.13,109.72,104.28,97.39,113.39,11.28,99.34,9.91,105.82,116.33,94.04,102.03
2,114.779,117.58,10.28,94.15,10.48,105.68,111.5,110.19,108.45,116.74,10.53,97.9,10.5,114.15,114.81,111.8,106.33
4,115.1,101.9,10.73,110.09,10.08,107.86,103.06,102.5,100.82,109.1,11.76,103.74,10.81,103.32,111.54,99.06,106.9
1,115.293,97.14,10.67,98.87,11.49,107.88,102.47,102.09,109.12,103.31,10.98,103.66,11.42,107.19,106.62,103.04,111.8
1,115.531,104.16,10.93,110.25,11.16,98.05,109.26,97.39,110.87,96.96,9.79,111.56,10.29,105.36,104.28,100.61,109.83
1,115.724,108.37,10.73,104.3,10.5,101.19,115.38,108.04,105.77,110.72,9.85,104.78,11.12,98.64,113.68,99.2,99.38
4,116.278,100.48,10.28,110.22,10.14,113.85,100.41,107.6,102.62,93.32,11.85,106.0,10.52,106.76,110.28,101.53,102.04
1,116.337,106.28,10.06,100.12,9.73,98.77,100.84,109.44,102.94,107.24,10.79,107.99,11.36,104.44,111.72,106.9,110.43
4,116.666,96.28,10.19,108.37,10.46,115.98,113.73,109.98,107.91,98.39,11.14,104.46,10.4,103.88,114.85,115.76,97.47
4,116.704,105.74,10.7,103.66,11.38,108.08,112.71,99.68,96.31,95.18,10.86,111.66,11.24,109.89,103.34,102.08,93.93
2,117.111,115.98,9.37,99.49,9.48,106.22,117.12,108.19,97.89,114.18,10.8,104.2,10.49,99.29,106.16,111.22,99.52
1,117.2,103.66,11.34,107.9,10.59,106.56,108.94,94.97,109.23,102.03,10.29,102.8,10.62,104.74,107.57,92.73,100.42
4,117.491,102.68,11.87,99.3,10.51,99.23,115.69,115.79,99.37,92.84,10.04,110.36,11.06,114.36,114.55,104.1,108.23
2,117.526,104.42,9.97,96.16,9.77,109.9,118.19,112.15,108.02,103.57,10.19,103.8,10.75,102.78,103.0,107.69,102.55
4,117.537,100.64,11.38,100.63,11.14,115.42,98.57,117.07,105.72,107.26,11.46,106.51,10.66,113.64,102.52,102.28,105.74
2,118.584,111.35,9.34,106.52,9.54,100.58,112.72,112.33,107.84,108.31,9.91,100.79,9.69,96.91,100.18,112.78,102.32
1,118.724,109.98,11.27,108.87,10.81,98.65,116.27,96.4,102.32,97.58,10.48,101.0,10.15,105.59,98.59,94.4,113.08
1,118.908,96.66,10.54,108.93,9.7,93.56,106.22,96.45,99.99,104.51,11.19,105.87,10.76,100.76,102.44,104.02,101.68
4,119.069,101.5,10.6,113.44,11.19,110.34,105.91,117.79,95.22,103.7,10.36,105.88,11.1,116.51,102.58,104.42,98.86
4,119.171,97.89,11.86,97.7,10.15,103.36,110.0,106.72,94.68,108.83,11.78,96.6,11.15,107.57,112.03,105.72,107.0
4,119.798,102.8,11.67,109.24,11.43,106.94,100.29,100.33,95.91,98.05,11.19,111.06,9.78,115.78,100.06,113.55,110.79
3,120.048,106.61,10.58,95.94,10.14,112.9,108.5,93.67,102.18,111.38,10.47,107.47,10.31,108.08,99.01,99.57,112.98
4,121.136,109.22,10.9,105.68,10.01,115.33,107.25,113.91,99.57,98.35,10.7,108.54,10.74,105.87,99.86,115.75,99.4
2,121.177,100.91,10.53,104.38,10.07,98.77,102.13,99.44,96.52,105.62,9.64,97.26,10.0,108.65,115.3,98.86,105.3
2,121.645,105.54,9.84,93.37,9.68,100.58,114.73,98.98,112.31,100.22,10.43,95.54,9.59,103.28,118.2,104.17,97.61
3,121.819,108.47,9.74,108.71,10.29,104.68,97.67,107.26,102.8,107.09,9.69,93.2,11.25,99.76,113.48,101.82,113.18
4,121.985,97.3,11.04,101.77,9.77,99.99,102.01,105.74,105.23,103.68,10.72,99.3,10.73,111.5,116.31,112.12,99.86
2,123.121,111.49,10.46,108.6,10.58,101.95,110.34,102.46,95.78,106.45,9.66,108.25,9.38,109.6,109.3,115.09,102.8
1,123.153,111.28,11.34,111.15,10.28,95.94,101.35,99.45,103.96,113.08,10.32,100.2,10.58,107.43,110.57,100.02,96.5
4,123.312,100.12,10.03,105.65,10.59,101.3,115.83,100.34,110.62,102.14,11.73,110.36,10.26,100.51,115.76,105.49,104.72
3,123.332,102.41,9.88,108.17,10.01,110.14,111.61,107.89,113.28,102.9,10.32,93.92,11.28,102.15,112.79,99.96,106.84
1,123.843,113.34,10.1,107.11,11.31,95.43,105.34,100.54,106.85,105.57,9.8,103.12,10.96,97.31,115.95,95.63,102.27
1,123.901,103.73,10.73,99.55,10.2,96.94,99.85,104.05,97.88,110.04,9.67,110.63,10.87,98.29,111.15,106.59,99.03
4,124.335,97.96,10.53,113.73,10.55,106.1,106.16,104.77,106.89,103.48,10.84,109.87,10.38,99.14,108.0,101.68,105.72
1,124.619,107.85,11.13,115.36,10.69,102.97,109.01,96.65,113.41,103.08,10.42,105.33,10.98,101.77,112.59,99.71,112.26
4,124.97,107.42,10.57,108.62,11.41,108.23,115.34,110.93,110.91,103.04,11.1,111.76,11.6,101.96,113.46,110.43,101.66
3,125.061,104.5,9.74,108.8,9.85,97.56,97.98,92.68,99.63,107.84,10.07,102.94,10.28,97.9,106.9,98.49,112.65
2,125.385,112.55,10.92,107.7,10.79,103.91,110.78,105.38,103.66,104.96,10.58,98.39,10.21,102.92,113.44,110.92,110.22
3,125.576,102.0,10.85,99.64,11.27,101.06,97.79,103.96,111.28,104.16,9.6,99.27,11.38,100.1,97.86,107.88,113.44
1,125.674,109.73,10.09,109.81,11.51,94.33,105.69,97.03,97.8,107.95,10.22,107.81,10.1,100.53,113.58,101.84,105.96
1,126.27,107.71,11.03,104.26,10.34,104.08,112.87,99.88,106.74,112.69,9.77,114.43,11.04,108.9,104.51,101.06,97.7
2,126.354,99.27,10.84,100.79,9.4,96.68,107.82,107.13,112.36,102.88,9.87,96.48,10.3,108.32,100.94,111.8,102.94
2,126.517,99.26,10.88,100.28,9.94,114.22,101.81,116.27,106.6,101.8,10.92,108.18,10.4,99.45,102.55,116.3,109.54
1,126.607,104.5,10.39,101.53,9.73,105.96,112.41,95.88,107.5,106.48,11.33,98.84,11.35,98.2,107.79,107.57,102.35
4,126.612,95.56,11.55,96.69,11.18,104.9,103.43,111.12,100.11,95.82,11.33,111.6,10.29,105.66,99.38,107.12,101.66
3,126.652,108.55,9.9,97.43,10.88,100.89,97.78,106.33,97.68,101.44,10.68,108.64,9.92,112.67,107.26,95.14,101.89
2,126.987,99.42,10.5,109.6,10.31,111.66,105.82,103.0,112.6,102.01,9.45,103.2,10.92,110.85,117.09,111.02,112.22
2,127.997,102.88,9.95,107.02,9.9,110.42,117.28,115.27,97.16,105.13,9.38,95.82,10.55,102.23,114.78,109.42,98.79
4,128.275,94.58,10.73,111.6,10.29,100.12,104.21,109.99,105.75,93.55,10.87,113.95,9.77,107.36,101.72,101.58,106.77
1,128.541,109.94,11.28,111.29,10.58,98.68,115.83,92.75,103.84,106.71,10.04,108.0,11.42,104.5,106.2,100.69,100.29
2,128.612,113.55,9.39,93.74,10.69,96.82,109.63,112.14,110.21,115.07,10.09,102.71,10.14,112.27,111.24,98.89,96.03
3,128.672,98.7,9.47,93.49,11.07,97.53,109.85,109.1,99.05,98.7,9.91,109.27,10.08,98.38,109.5,98.32,103.46
4,129.354,94.47,11.27,102.29,10.81,114.04,100.23,110.02,104.73,97.4,11.79,105.27,9.83,111.17,102.68,113.61,108.12
2,129.372,111.4,10.95,107.46,9.62,113.9,108.12,110.77,103.91,113.87,10.66,109.11,9.59,110.65,113.5,102.92,101.78
2,129.806,115.08,10.02,103.91,10.84,101.66,113.44,98.98,95.89,115.0,10.11,93.99,10.18,98.21,113.69,100.96,103.79
3,130.44,101.68,10.0,95.51,10.19,113.35,108.8,107.06,102.3,111.69,10.64,102.68,11.34,105.74,99.78,97.94,106.94
2,130.884,116.19,10.8,94.62,10.81,102.11,118.21,115.08,96.62,117.76,9.91,98.05,9.42,107.57,116.49,115.97,105.72
3,131.05,114.98,9.79,94.48,11.3,109.68,98.0,98.2,103.91,112.91,10.8,107.16,10.15,99.69,103.51,100.42,111.92
4,131.098,106.61,10.7,100.54,11.59,104.74,101.45,113.46,99.52,108.63,10.7,109.13,10.65,101.34,105.17,114.06,103.0
4,131.186,108.92,10.43,98.58,11.57,114.34,110.22,109.18,104.64,95.61,11.71,110.79,11.29,103.73,113.67,117.19,93.91
3,131.374,106.92,10.56,95.33,10.22,97.4,103.78,103.19,99.28,102.76,10.34,109.37,11.41,112.55,112.89,103.78,113.63
2,131.532,115.0,10.86,94.2,9.81,111.55,113.1,116.37,108.44,103.58,10.65,103.43,9.46,105.3,102.3,113.68,101.74
1,131.953,104.05,10.62,111.87,11.41,107.6,103.09,106.22,107.88,108.41,10.17,105.82,11.05,101.08,115.12,94.62,112.35
2,132.138,113.24,10.97,106.61,10.24,109.85,108.67,111.42,109.05,109.81,10.63,108.1,9.35,111.84,115.7,112.76,109.98
2,132.271,103.31,10.41,103.69,9.55,104.88,107.75,110.95,106.1,110.0,10.55,105.48,9.37,96.32,100.02,102.46,110.17
2,132.803,111.32,10.97,94.73,10.48,105.97,112.72,105.25,97.9,101.99,9.35,96.98,9.67,107.43,102.8,102.48,99.28
2,133.122,106.43,9.48,102.46,10.53,113.34,118.82,104.86,98.67,113.18,9.44,94.04,10.54,104.8,116.53,108.43,109.51
1,133.251,103.73,10.32,106.18,9.95,96.76,106.65,103.87,95.74,103.27,10.7,103.97,9.97,103.42,100.94,104.63,103.45
2,133.548,114.9,9.33,96.33,9.65,99.22,111.77,106.88,102.32,108.52,10.45,94.94,10.77,109.96,110.9,107.19,101.98
4,134.714,103.7,10.92,101.64,10.34,106.44,105.72,101.52,95.9,94.23,11.8,110.58,11.23,111.58,111.11,108.61,107.02
3,134.788,106.25,9.52,96.65,10.77,98.76,97.7,103.47,102.47,111.86,9.39,103.57,10.86,106.01,101.97,102.96,111.16
3,134.969,98.49,9.69,99.01,11.28,113.86,108.3,92.56,106.44,103.38,10.86,100.84,11.41,100.16,107.27,105.49,109.8
4,135.066,101.22,11.55,110.03,10.68,106.92,103.19,107.1,104.73,102.44,10.25,105.99,10.61,110.28,106.2,112.56,100.96
4,135.572,109.8,11.8,102.05,10.37,114.98,103.49,111.46,105.51,98.17,11.22,107.33,10.66,106.45,114.37,103.22,106.1
4,135.677,98.41,11.72,113.44,9.99,106.65,109.82,109.0,108.0,92.54,11.79,98.95,11.01,99.04,113.07,113.71,107.68
4,136.119,102.67,10.57,106.97,10.2,113.22,109.27,100.92,98.49,103.73,10.77,97.26,10.21,109.12,112.73,116.31,107.32
3,137.186,110.73,9.74,109.59,9.76,109.75,102.46,92.54,106.34,109.22,10.65,102.35,9.94,105.64,104.1,93.67,97.01
2,137.212,114.34,9.99,93.38,9.38,113.76,109.7,109.02,95.25,109.17,9.98,98.12,9.58,111.7,102.1,104.62,98.63
1,137.215,98.69,9.9,111.8,10.55,98.0,104.56,95.89,102.04,106.45,10.66,102.49,9.7,101.92,102.8,101.13,111.87
3,137.404,111.59,9.87,107.68,11.38,108.25,106.52,107.34,113.68,108.08,10.77,109.56,11.22,102.17,99.94,104.4,113.18
2,137.455,102.28,10.16,106.25,9.66,102.97,118.02,99.62,112.59,114.34,9.73,92.39,9.62,102.21,107.99,107.13,112.0
1,137.478,97.38,10.4,103.28,11.32,93.48,107.27,93.37,101.72,100.67,11.31,113.09,9.85,100.9,103.84,96.07,109.98
3,137.815,107.3,9.72,105.67,10.52,97.97,112.15,105.25,106.44,113.94,9.34,97.13,9.75,98.24,112.9,101.73,99.75
4,137.834,109.42,10.96,102.32,11.43,112.65,108.7,111.22,103.9,105.15,11.31,98.7,11.16,100.62,98.61,115.04,109.07
2,138.603,112.31,9.46,105.32,10.78,104.83,116.54,103.9,113.25,106.43,10.17,93.41,10.22,114.2,114.01,102.81,107.3
2,138.635,110.64,10.65,96.2,11.04,110.32,114.77,109.95,95.6,115.2,10.26,106.16,10.57,103.9,116.32,113.99,100.88
3,139.136,110.01,10.36,104.9,10.4,104.62,104.37,104.92,104.48,106.06,10.41,109.22,10.84,109.68,103.51,93.31,113.97
4,139.406,107.64,11.7,101.65,10.42,99.66,111.78,102.51,97.49,108.65,11.62,105.26,11.16,106.21,106.05,108.45,104.45
1,139.436,105.46,10.77,113.43,10.36,106.27,106.6,93.05,99.28,98.04,9.68,114.25,10.09,94.74,100.37,95.63,102.82
3,139.588,114.7,10.2,102.8,9.98,112.92,103.19,99.57,97.17,101.91,10.65,106.36,10.93,112.89,109.5,94.14,113.32
3,139.897,113.88,9.88,100.74,10.35,106.01,104.58,102.94,99.32,112.59,9.2,107.85,9.78,97.22,109.17,93.13,105.46
2,140.439,101.78,9.37,106.66,10.15,103.54,105.52,105.25,112.08,117.27,10.4,106.79,10.67,111.25,118.2,107.41,105.07
1,140.462,103.43,10.9,103.45,11.25,99.01,101.94,97.24,102.85,98.62,10.01,115.27,10.5,93.8,107.72,108.35,111.74
3,140.863,98.38,9.84,103.1,10.44,106.34,112.33,108.7,110.85,99.43,9.54,99.38,10.27,110.47,106.0,95.26,101.1
4,140.937,108.1,11.83,105.86,10.0,111.3,107.52,103.94,98.32,98.24,10.43,112.73,9.78,103.17,116.14,106.38,93.39
4,141.211,109.16,10.78,101.84,11.39,107.86,110.17,103.94,94.3,104.62,11.22,106.73,10.75,114.91,114.23,105.29,105.16
2,141.649,117.58,10.24,101.21,10.89,101.85,107.82,113.19,105.2,115.3,9.35,103.38,9.8,111.61,116.86,116.48,95.68
1,141.977,109.23,10.67,111.06,10.08,109.19,99.91,107.05,97.24,96.6,10.9,115.0,11.23,103.78,115.58,99.36,102.68
3,142.027,112.25,10.66,107.11,10.3,107.57,98.52,107.62,107.0,107.06,9.98,97.82,9.77,109.68,111.4,100.69,111.91
1,142.186,111.96,10.01,97.48,10.28,95.62,107.86,102.96,96.74,106.02,10.02,109.2,9.74,105.65,105.92,96.45,96.6
4,142.276,102.59,10.84,113.71,11.25,99.13,114.1,113.68,103.17,100.86,11.86,99.52,11.11,109.03,105.74,112.67,99.57
3,142.403,98.36,9.96,104.07,9.82,96.98,106.85,97.29,109.13,113.85,9.42,103.46,10.57,96.23,100.38,108.88,104.42
4,142.434,107.47,11.72,98.19,11.23,109.87,110.56,109.74,110.84,105.98,11.44,105.26,10.52,110.62,101.57,109.4,110.44
3,142.748,115.4,10.68,100.84,10.61,98.03,113.13,103.47,106.47,113.37,9.87,97.31,9.92,102.92,102.76,103.04,107.39
4,143.33,104.84,10.57,108.79,10.57,114.12,102.73,107.5,109.19,104.11,10.48,111.98,11.06,113.85,101.45,102.53,109.62
1,143.978,99.04,11.05,114.8,10.61,105.07,99.66,94.4,112.62,111.3,9.78,98.65,10.06,100.5,114.97,108.95,102.27
4,144.435,93.2,11.47,106.03,10.65,103.58,102.68,105.54,100.94,102.5,11.89,110.62,11.09,109.59,109.03,108.8,107.29
4,144.524,103.9,10.03,107.23,11.27,115.56,105.94,105.74,104.04,101.8,10.12,110.81,9.78,116.77,108.78,102.95,99.99
1,144.535,100.0,11.27,113.74,10.58,99.5,107.01,105.71,101.76,107.66,9.67,107.14,11.11,107.57,115.39,99.02,98.26
4,144.619,109.04,10.86,96.0,11.48,115.09,113.67,114.01,110.42,96.67,10.3,99.33,10.77,112.07,110.32,107.5,103.82
4,144.993,109.98,11.41,104.12,11.01,100.99,111.28,116.87,110.72,101.18,11.05,97.37,11.01,116.4,102.76,100.33,101.42
2,145.029,108.47,10.88,94.54,9.3,112.84,101.99,112.93,110.49,110.92,10.92,99.52,10.5,113.08,115.87,114.82,107.47
3,145.668,112.19,10.32,108.26,10.47,105.7,99.76,105.75,108.05,100.57,10.42,93.18,11.27,96.47,114.3,96.27,114.0
2,145.925,117.79,10.49,106.81,10.68,113.63,117.65,106.13,108.9,111.75,9.76,105.69,10.94,100.71,102.99,115.76,96.12
4,145.969,92.64,10.63,109.23,10.82,112.4,110.73,114.83,106.81,93.32,10.81,108.22,10.8,117.63,100.68,115.9,97.49
2,146.17,110.92,10.88,108.06,9.79,111.93,109.18,105.5,105.88,104.5,10.83,105.76,10.18,99.22,116.92,105.01,97.4
4,146.357,108.57,10.56,99.76,10.91,99.54,102.66,110.32,110.46,109.94,10.94,104.46,10.09,106.63,99.05,104.94,106.1
1,146.429,105.41,9.92,108.55,10.51,95.97,107.93,103.1,100.15,98.91,11.31,101.75,10.68,100.01,108.84,96.38,100.28
3,146.535,106.75,9.85,93.31,11.37,97.96,108.35,94.14,110.85,113.6,9.54,109.72,10.0,104.38,103.86,102.68,108.09
2,147.44,103.88,10.19,108.81,9.81,111.64,115.52,113.5,112.62,111.79,9.56,101.5,10.84,114.22,105.48,113.38,99.83
2,147.471,108.08,9.39,104.46,9.84,100.08,118.26,110.92,104.56,100.73,10.85,102.69,10.4,107.44,102.24,105.8,95.48
2,148.014,116.42,9.41,103.43,9.71,96.55,106.46,99.92,104.54,111.17,10.2,107.54,9.8,100.67,118.12,99.32,110.42
1,148.09,95.68,11.45,113.48,11.18,94.35,99.38,98.81,110.39,102.15,10.32,112.19,9.99,93.6,112.94,106.13,105.91
1,148.18,100.1,10.2,110.98,9.73,103.96,100.63,96.7,106.17,111.42,9.86,112.02,10.05,107.72,106.22,93.31,111.19
2,148.344,100.2,10.93,93.62,10.13,105.14,105.98,110.24,106.12,111.49,9.59,93.62,9.32,96.53,105.76,98.66,101.75
2,148.456,100.91,10.49,100.83,9.4,107.31,118.06,115.75,111.66,100.37,10.25,102.78,10.93,113.47,103.75,99.1,105.88
2,149.012,103.03,10.87,101.34,10.75,106.93,105.31,111.9,111.56,100.41,9.94,93.57,9.71,99.45,113.5,104.82,109.73
3,149.365,101.65,10.38,102.3,11.09,104.86,97.55,96.22,108.36,104.33,10.48,105.25,10.15,108.12,103.77,98.51,107.62
3,149.461,101.1,9.76,109.38,9.78,102.07,114.95,92.68,100.82,105.63,9.2,95.89,11.3,104.41,114.84,107.72,110.33
3,150.015,106.94,10.2,93.4,10.97,97.01,110.57,107.01,102.19,112.05,9.41,94.22,9.85,109.38,102.42,104.34,113.27
2,150.848,115.72,9.92,106.22,9.46,106.22,109.19,101.4,105.3,109.66,9.91,99.47,9.67,101.82,100.6,114.95,96.77
2,150.965,99.13,10.67,93.4,10.1,102.45,116.08,98.69,102.32,106.07,10.41,96.93,10.92,103.44,100.37,110.09,95.74
4,151.013,109.71,10.49,101.01,11.19,103.0,108.35,108.09,107.52,109.24,11.24,105.52,11.6,110.99,111.47,117.24,105.83
3,151.142,104.39,9.62,100.37,11.3,100.4,106.55,95.97,112.65,101.36,10.58,101.34,11.35,113.61,104.71,96.27,108.0
4,151.393,97.41,10.54,111.92,10.06,114.94,105.23,110.9,98.98,102.38,10.05,113.55,10.54,107.59,104.36,108.31,102.84
1,151.912,102.22,10.41,111.41,10.02,107.75,104.84,98.17,111.88,102.95,11.31,102.97,10.77,101.34,110.9,106.9,96.69
4,152.148,107.73,10.21,112.05,10.73,102.32,115.78,103.6,95.17,97.32,10.59,98.18,10.2,108.06,105.47,105.91,105.81
3,152.319,100.86,10.7,109.84,10.51,109.48,115.36,108.68,104.47,112.73,9.65,94.68,10.88,101.99,110.33,95.67,113.68
1,153.305,111.76,10.18,104.88,10.4,109.45,103.92,95.31,112.46,109.35,11.22,111.41,9.81,92.56,109.15,105.1,102.11
4,153.712,100.12,10.54,103.46,10.3,111.99,107.54,109.71,100.26,103.7,11.07,106.95,10.53,109.93,106.01,104.06,109.19
4,153.793,95.53,11.27,99.01,10.53,113.91,100.72,111.53,95.0,106.52,11.53,106.03,11.16,99.89,100.98,111.49,104.45
1,154.065,106.15,11.0,101.94,11.18,106.35,99.29,103.39,96.71,99.16,9.93,105.97,10.11,104.06,103.86,101.13,97.27
3,154.179,107.59,9.95,99.86,10.08,102.62,109.92,92.54,96.75,112.75,10.09,96.19,10.88,113.87,98.87,102.4,111.54
1,154.3,95.64,9.7,115.02,11.45,94.64,101.63,97.56,98.14,104.46,11.09,99.52,11.43,93.33,110.04,103.56,100.64
3,154.422,106.18,10.15,107.28,10.24,113.21,115.83,107.28,107.81,99.78,9.34,108.96,10.85,112.27,109.29,103.54,101.08
3,154.596,101.62,9.67,108.09,11.11,108.4,109.7,102.72,111.66,102.17,10.07,105.58,11.01,110.32,99.47,93.66,111.81
3,155.022,110.83,9.66,106.07,11.15,111.52,104.3,105.39,109.7,100.66,10.42,95.41,11.35,98.11,109.82,107.86,100.6
2,155.282,104.55,10.38,93.77,10.83,105.42,107.58,115.21,110.97,112.98,9.67,105.61,9.47,113.23,115.33,112.45,112.6
1,155.539,103.66,10.06,102.09,10.2,107.84,104.62,105.73,99.77,102.93,10.14,103.57,10.9,96.85,101.58,97.54,110.01
2,155.547,108.3,10.4,102.69,10.31,104.51,106.98,103.72,103.44,115.3,10.25,103.65,9.36,103.02,106.89,114.52,97.3
4,155.942,105.06,10.36,113.8,11.12,108.06,106.62,111.46,107.02,101.58,10.96,111.58,10.69,117.53,115.58,114.91,107.29
2,156.825,116.62,10.42,102.86,9.69,101.34,111.89,111.2,104.08,116.09,10.33,100.6,10.73,106.93,107.85,106.03,108.93
3,157.006,112.19,9.53,95.5,10.33,96.91,109.6,95.89,109.8,101.82,10.7,107.18,9.91,102.76,104.94,100.77,101.39
3,157.048,109.02,10.6,101.55,9.86,108.61,98.87,97.27,107.32,101.52,10.49,94.6,11.07,108.06,97.78,92.54,111.86
3,157.262,98.65,10.33,95.06,10.68,112.11,111.77,98.57,112.2,100.9,9.33,94.65,10.98,105.34,110.44,103.15,97.72
3,157.321,105.41,9.79,96.45,10.94,98.58,113.14,104.33,112.81,102.12,10.02,110.42,10.37,99.94,111.6,93.96,99.63
4,157.38,104.83,11.51,107.95,10.82,109.9,111.43,117.22,102.61,98.84,10.86,98.08,9.76,100.86,99.94,102.11,100.85
4,157.569,100.07,11.87,109.86,10.22,108.56,111.4,108.22,108.53,106.5,10.74,100.76,10.63,113.39,112.19,112.89,95.0
1,157.679,106.13,11.22,104.03,11.41,99.01,116.27,107.28,108.75,109.19,11.13,105.33,10.52,105.4,105.67,110.22,110.38
1,157.787,99.97,10.27,108.6,10.95,103.76,115.54,98.7,100.79,112.17,10.72,115.7,10.91,108.21,114.48,105.08,103.87
2,157.907,116.94,10.25,92.21,10.75,112.27,112.1,105.72,100.25,100.47,10.78,104.14,9.95,111.32,112.94,99.42,111.23
2,157.988,107.28,10.82,97.12,9.54,109.54,101.24,110.24,105.37,105.43,9.61,108.19,10.46,107.96,118.26,101.98,110.99
2,159.183,100.33,9.99,100.38,10.74,99.6,100.32,110.13,101.46,107.77,9.51,106.8,9.84,109.1,112.2,105.55,104.58
2,159.491,104.55,9.51,109.16,10.45,100.67,102.29,115.43,96.35,102.04,10.61,105.23,9.56,100.77,112.2,99.91,103.82
1,160.117,98.4,11.24,101.17,10.9,94.33,105.16,96.33,96.86,101.48,10.62,99.15,10.84,108.97,107.62,95.81,105.32
3,160.322,107.09,10.55,95.97,10.94,113.75,110.06,95.63,114.58,105.03,10.4,93.64,11.32,109.07,108.8,105.1,96.74
3,160.808,113.37,10.43,103.74,10.28,113.82,100.8,94.03,103.37,113.94,10.45,101.85,10.59,106.74,102.15,92.38,102.3
3,160.822,102.17,9.7,110.32,10.07,97.15,97.48,103.72,105.81,103.84,10.8,104.92,9.7,96.98,113.02,101.81,102.19
4,161.109,97.25,10.68,112.51,10.56,102.76,102.86,112.93,97.54,105.2,10.95,108.02,9.94,101.07,112.47,101.07,93.43
4,161.616,103.63,11.85,102.59,10.99,102.22,107.65,109.69,110.91,109.61,10.02,109.6,11.35,117.24,111.94,111.35,103.01
1,161.742,97.58,9.84,107.64,10.56,103.59,101.31,98.4,113.71,95.64,11.3,111.06,11.46,94.0,108.24,105.97,106.75
2,161.812,115.77,10.17,107.06,10.67,100.52,117.15,112.76,107.91,105.46,10.81,102.57,10.07,108.95,117.12,106.17,104.94
1,162.097,99.41,10.37,108.34,10.29,92.52,111.42,94.06,109.71,109.47,10.49,105.82,10.52,106.11,99.46,100.11,104.59
4,162.253,97.19,10.87,100.74,11.15,117.24,114.01,105.71,107.61,97.51,11.01,111.65,11.56,100.58,114.41,104.66,104.51
4,163.357,105.21,10.16,100.74,10.64,99.51,105.47,100.64,105.12,100.68,10.23,106.44,10.58,115.49,108.1,114.8,95.94
2,163.517,104.05,9.69,105.95,9.78,113.62,102.91,105.06,109.54,110.72,10.21,109.46,10.46,111.64,100.74,113.17,108.08
4,163.56,107.51,10.06,101.01,10.84,107.27,102.06,106.85,95.44,102.94,11.88,96.28,9.81,104.69,103.0,99.69,110.12
1,163.601,107.62,10.42,98.19,11.29,103.18,104.94,95.9,103.57,98.79,10.46,106.29,11.32,107.96,109.94,108.24,102.16
1,163.664,107.58,10.8,101.36,11.02,101.56,114.05,102.3,96.9,96.82,9.94,104.66,9.8,96.64,99.11,97.03,112.92
1,163.713,111.24,10.92,102.49,11.16,93.26,98.63,97.09,110.93,106.66,10.69,105.12,10.33,98.52,104.28,96.45,104.25
1,163.952,104.6,9.9,107.72,10.51,96.86,103.42,94.87,96.72,110.43,10.33,114.66,9.87,99.59,114.44,104.69,113.7
2,164.027,117.69,10.19,94.85,9.93,108.88,107.83,99.45,103.02,117.75,9.49,106.86,10.48,101.58,114.72,115.45,107.0
4,164.035,95.67,10.69,102.23,11.17,117.17,110.92,106.19,101.51,96.57,10.55,97.61,11.07,109.65,105.34,106.06,110.31
4,164.346,109.8,10.3,105.38,10.39,112.37,112.69,113.35,104.05,108.06,11.36,103.15,10.74,111.11,112.98,116.21,109.45
4,164.564,99.56,10.13,99.31,10.88,116.1,105.86,113.88,108.93,96.82,11.24,108.02,10.93,108.33,102.43,99.71,97.73
4,165.258,106.92,10.55,103.35,9.97,105.67,110.6,115.41,99.38,102.14,11.7,107.87,9.84,101.8,104.36,107.12,96.17
1,165.593,103.05,10.05,100.0,10.6,106.02,103.48,99.21,106.25,109.74,11.4,105.93,11.02,101.33,110.6,103.89,108.79
4,165.724,104.95,10.34,101.31,10.28,117.61,110.77,105.57,106.9,94.55,10.09,111.25,10.85,103.3,108.41,111.55,101.51
2,165.743,112.74,9.85,104.22,10.03,99.37,106.3,114.82,106.98,116.77,10.88,103.65,10.35,110.65,108.56,98.86,101.27
1,165.791,112.26,10.07,105.26,11.52,94.25,114.65,101.99,110.82,99.5,10.94,99.73,11.39,107.98,110.98,99.97,108.43
3,165.941,106.98,9.42,109.33,10.82,97.31,98.51,96.06,97.83,101.46,10.35,97.31,11.25,102.38,114.31,101.45,102.96
2,165.964,99.56,9.73,98.6,10.54,105.97,107.24,116.22,95.31,106.2,10.66,104.31,9.64,114.02,105.31,114.97,98.35
4,166.267,105.55,11.21,109.9,9.95,117.53,109.95,108.63,102.7,95.36,11.48,104.34,11.43,115.03,114.25,112.89,96.08
2,166.703,103.26,9.39,95.56,11.01,106.45,101.69,108.76,105.35,101.34,10.92,94.76,10.0,103.51,116.99,110.02,99.76
4,166.831,96.08,10.15,97.74,10.42,109.33,114.23,109.41,108.28,108.16,11.76,110.52,10.77,100.16,99.04,99.69,104.22
3,167.03,104.61,9.36,97.82,10.36,110.38,101.86,92.14,101.05,110.96,10.49,95.4,9.87,102.11,115.69,96.22,104.65
2,167.235,116.11,10.07,105.67,10.93,103.18,107.4,113.17,112.92,104.85,9.38,105.86,9.47,112.3,106.89,112.45,96.11
4,167.789,105.55,10.87,109.23,11.19,105.18,105.17,109.22,101.25,103.47,11.81,110.09,10.55,111.26,113.97,116.25,103.47
1,167.931,100.19,9.78,99.06,10.94,103.13,109.44,95.42,110.16,109.34,10.51,103.15,10.2,96.01,99.74,106.9,102.11
1,168.121,96.96,10.14,112.07,10.33,97.63,101.52,93.19,98.28,98.52,11.02,112.26,10.59,94.6,99.43,107.51,99.69
4,168.23,93.76,10.55,102.34,11.56,107.8,107.82,113.76,99.99,105.29,10.4,104.75,9.96,109.95,110.16,106.07,105.5
3,168.376,107.54,9.36,106.02,10.86,106.96,112.49,96.98,101.51,104.79,9.4,104.4,9.82,104.92,100.35,97.74,105.18
4,168.75,93.2,11.19,108.81,11.28,107.62,114.83,113.28,96.03,98.5,11.46,97.68,10.64,99.35,102.67,105.09,107.02
1,169.043,104.36,11.42,108.67,9.95,104.02,109.88,106.33,98.44,99.97,11.12,105.43,9.91,102.22,111.0,95.32,108.08
4,169.508,107.69,11.46,105.69,11.02,103.96,112.26,112.68,100.86,96.2,10.2,101.2,10.46,103.43,104.7,104.37,100.74
3,169.802,97.48,9.79,106.04,9.73,97.44,105.64,100.69,107.13,104.63,10.58,95.53,10.96,97.12,112.71,101.99,98.16
2,169.836,106.16,9.66,104.99,9.98,104.35,101.3,101.09,112.46,106.3,10.8,104.22,10.78,107.96,107.89,104.64,108.0
1,170.353,110.54,11.1,99.96,10.53,94.64,115.38,109.05,103.4,103.67,9.71,106.9,9.95,98.53,111.53,105.92,97.32
1,170.701,96.58,10.06,115.02,11.04,100.82,113.93,100.95,107.31,100.42,11.04,105.97,9.91,93.56,111.6,104.22,98.66
4,171.113,95.27,10.07,108.03,11.53,114.2,102.1,114.98,97.62,99.66,10.62,97.7,9.83,105.65,113.89,114.91,93.97
4,171.248,93.88,11.67,103.76,11.58,107.8,114.55,99.52,103.73,106.13,11.36,102.79,10.45,103.43,105.6,114.13,105.88
2,171.581,109.55,9.3,105.7,10.91,97.39,109.26,111.14,98.91,101.69,10.94,108.38,10.82,102.5,112.02,113.68,109.46
4,171.692,101.48,10.33,106.8,10.77,99.22,99.78,111.15,106.81,93.27,10.28,96.39,11.19,99.56,98.56,116.8,107.59
4,171.929,94.47,10.73,106.76,10.43,106.07,98.57,116.56,104.17,109.72,11.02,96.13,11.0,111.81,112.79,99.72,102.07
3,172.234,107.43,10.47,94.24,10.21,110.47,114.96,91.83,102.28,106.91,10.41,105.29,10.19,96.37,98.8,96.08,110.44
2,172.277,99.56,10.79,94.28,10.2,102.4,116.76,99.2,109.27,111.08,9.89,103.16,10.55,110.43,109.29,105.43,110.92
2,172.401,116.26,9.72,109.18,9.68,111.7,115.33,110.38,113.25,105.67,10.24,101.47,10.42,104.68,110.07,103.44,110.26
2,172.413,103.62,9.49,95.87,9.57,111.72,112.58,110.12,108.62,113.7,10.48,103.12,9.66,99.42,117.93,100.76,110.81
4,172.814,98.81,11.37,112.36,11.06,112.72,102.93,109.74,96.86,93.09,11.52,110.53,10.62,116.54,112.69,105.41,94.8
1,172.836,109.73,9.8,103.52,10.34,102.94,108.38,98.75,102.94,101.35,10.67,108.0,10.25,93.42,108.95,97.51,109.1
4,172.985,100.91,11.86,103.51,10.85,104.82,105.67,101.16,103.01,109.8,10.98,103.26,11.19,110.14,106.16,114.94,104.76
1,173.527,101.7,10.53,110.07,9.85,101.88,98.76,109.51,111.3,100.66,10.2,106.73,10.02,97.7,106.06,100.6,104.48
4,173.631,98.17,10.94,108.51,10.23,105.84,114.22,109.2,97.34,99.56,10.54,111.15,11.52,103.01,98.2,114.13,94.18
1,173.641,98.69,9.65,107.22,9.83,101.78,105.75,107.5,100.22,97.96,10.49,108.98,10.52,106.28,98.18,99.34,100.34
4,174.117,107.34,10.37,102.04,10.55,113.15,106.64,116.08,105.07,105.13,11.2,107.56,11.1,105.82,106.83,109.48,99.34
4,174.434,94.33,11.58,112.78,10.1,99.23,103.74,103.2,110.45,99.33,11.41,108.1,10.49,111.12,114.92,105.97,102.04
2,174.856,110.18,10.52,96.17,10.4,105.97,115.65,116.19,108.44,102.79,9.63,106.61,11.06,110.36,105.68,110.21,110.99
1,174.957,106.81,11.04,115.27,10.68,102.72,110.02,92.71,96.88,96.82,9.99,110.9,11.22,106.91,113.58,96.81,95.76
3,175.227,111.59,9.59,106.64,11.19,109.68,100.54,96.48,101.36,114.64,9.86,93.49,10.94,101.82,100.76,104.03,109.13
2,175.574,109.18,9.91,99.4,9.85,98.59,104.26,103.36,108.94,99.51,9.4,100.72,9.74,100.68,108.09,99.09,101.14
3,176.146,114.5,10.22,99.39,10.94,110.47,113.13,108.17,110.4,104.26,10.04,107.07,10.72,100.61,103.44,94.99,99.13
3,176.544,108.1,9.92,107.68,10.57,111.77,99.8,105.37,96.7,104.55,9.36,94.8,10.52,110.41,105.61,105.17,110.85
3,176.783,109.88,10.62,107.94,10.76,108.74,108.27,94.01,106.36,109.26,9.47,109.22,10.1,105.52,104.04,101.83,98.77
1,176.913,95.92,10.68,112.19,11.35,94.33,99.95,95.89,98.73,103.12,10.44,101.99,10.9,103.13,113.45,92.8,100.51
1,177.148,104.7,9.95,100.71,11.48,107.96,105.27,107.14,108.17,101.45,10.31,107.7,10.94,98.52,111.23,109.23,102.11
2,177.426,102.6,10.45,109.31,10.04,111.65,110.72,107.5,106.78,103.98,10.44,97.65,9.63,106.24,118.06,108.53,105.09
2,177.526,104.1,10.82,103.05,10.95,108.1,102.37,102.25,96.03,116.2,10.39,108.85,10.3,107.7,117.29,103.01,95.48
3,177.845,98.36,10.47,106.76,11.3,97.59,102.98,98.61,108.66,112.26,10.12,103.44,10.88,109.68,112.93,96.96,113.6
4,178.35,102.67,11.87,105.82,11.18,112.76,102.45,116.21,101.26,106.98,10.59,109.56,10.37,111.9,101.56,103.78,106.72
3,178.94,106.79,9.35,102.91,9.9,108.14,103.78,93.19,100.77,104.78,10.53,101.53,10.56,97.53,98.72,106.48,102.5
2,179.153,104.32,10.5,96.98,10.7,96.44,99.99,111.52,107.06,109.55,9.8,103.93,10.96,109.69,111.1,104.84,96.08
4,179.173,104.43,10.84,103.35,10.36,108.62,105.86,101.17,106.54,108.46,11.43,101.84,10.51,106.7,103.81,102.14,103.47
2,179.217,105.62,9.79,98.44,10.53,111.91,103.81,101.13,110.34,110.18,9.89,93.56,9.67,109.62,104.24,104.2,107.25
4,179.492,94.38,10.32,112.25,9.83,101.4,116.01,99.24,103.26,102.04,10.48,109.02,10.18,108.23,107.76,106.13,99.14
4,179.668,101.89,11.04,99.95,10.37,112.75,114.28,115.52,99.57,109.28,11.02,110.29,10.66,109.64,111.41,99.24,100.51
1,180.111,102.01,11.37,107.64,10.88,105.81,108.49,95.42,95.97,107.87,10.33,104.78,10.45,101.58,110.62,101.36,106.88
2,180.226,99.13,9.26,93.5,9.33,110.26,107.77,113.14,102.7,116.27,10.9,93.76,10.22,111.1,103.83,116.91,97.9
3,180.729,110.26,9.36,107.11,11.03,109.87,104.99,106.55,103.17,112.46,9.23,106.0,10.38,110.18,107.96,99.67,104.79
4,180.895,103.22,10.51,101.76,11.36,109.27,106.8,111.46,96.83,93.78,11.31,108.22,11.13,113.09,103.23,109.75,99.44
3,181.022,109.27,10.02,98.26,9.81,98.0,102.52,92.29,105.12,105.77,9.27,109.19,9.82,113.87,97.6,100.82,111.36
4,181.46,108.57,10.47,100.01,11.23,101.24,105.88,110.86,94.79,103.03,11.38,96.6,11.26,108.6,113.3,102.72,105.72
4,181.858,101.18,11.84,107.33,10.06,101.07,103.89,102.2,101.14,101.93,11.81,98.54,11.48,106.85,108.96,115.42,96.51
3,181.888,114.34,9.59,99.64,10.58,99.79,108.5,92.11,106.44,106.01,9.88,95.4,10.42,103.33,114.58,107.98,103.43
4,182.021,100.86,11.74,110.27,11.15,105.77,103.46,107.53,101.92,92.64,11.07,100.68,11.04,116.51,116.29,110.98,103.66
1,182.727,97.17,10.24,111.29,10.66,99.35,112.6,96.09,95.83,100.86,10.14,107.05,11.01,101.07,114.12,95.31,103.2
1,183.125,109.34,10.64,108.12,10.93,98.91,109.26,96.07,112.92,103.92,11.21,105.39,9.84,101.04,105.32,93.46,106.39
1,183.283,101.76,10.09,114.88,11.36,104.2,102.31,106.96,100.89,101.05,10.92,100.52,11.39,94.13,99.6,109.62,99.6
3,183.466,99.43,9.94,104.05,10.66,100.04,100.91,97.74,98.24,105.87,10.68,106.34,10.35,111.86,109.67,99.72,107.09
2,183.693,104.81,9.3,97.31,9.63,109.6,101.13,116.55,103.79,107.91,9.42,101.97,10.8,104.77,101.7,105.43,104.49
4,184.158,102.09,10.22,113.53,11.56,115.98,115.0,116.42,102.73,101.82,10.84,103.51,11.15,101.07,100.87,113.19,107.18
2,184.199,103.16,10.16,109.16,9.36,105.33,106.72,108.36,103.18,107.55,9.83,108.19,11.03,110.42,108.45,101.28,104.94
1,184.671,104.06,10.31,108.03,10.53,97.7,116.14,103.31,107.77,102.92,10.44,106.8,11.41,93.11,109.47,97.11,104.48
1,184.882,112.11,10.91,109.7,10.21,105.38,106.27,105.65,111.8,103.67,10.42,101.57,11.05,104.32,113.61,93.56,104.48
2,185.277,112.86,9.25,92.56,10.06,102.51,117.36,113.59,109.0,101.95,9.86,92.87,9.83,102.03,116.32,106.84,96.0
2,185.519,114.4,10.67,94.98,10.21,107.86,104.66,106.46,101.9,101.95,10.07,92.88,10.96,113.43,118.41,108.76,106.22
4,185.665,103.78,10.35,97.17,9.88,111.22,103.27,109.0,100.88,107.52,11.18,98.22,11.36,100.98,107.06,113.44,103.28
3,186.109,104.74,9.48,97.89,10.86,104.28,109.5,94.38,102.35,110.25,9.47,99.4,11.02,100.3,110.86,101.97,110.76
3,186.206,101.48,9.78,110.74,10.8,110.73,101.45,106.34,107.91,102.66,9.75,104.02,11.23,113.47,115.52,108.82,108.5
1,186.223,100.17,10.33,106.41,9.9,98.77,100.72,93.45,99.04,103.0,10.15,97.66,9.76,95.75,112.39,104.47,98.14
3,186.339,107.4,10.44,97.53,10.39,113.67,107.44,104.8,104.88,98.85,9.41,101.24,9.81,106.24,114.55,106.18,101.52
1,186.385,110.18,10.66,99.6,10.53,93.17,102.08,97.11,103.57,106.41,10.01,101.81,11.37,99.92,110.88,96.74,100.1
4,187.254,100.45,10.4,111.1,10.29,115.06,112.79,110.93,103.0,105.41,11.14,103.0,10.32,100.88,113.23,104.8,104.2
2,187.725,110.72,9.7,98.63,10.05,109.98,102.98,108.39,98.08,99.85,10.76,102.7,9.72,97.3,106.96,108.83,110.45
4,188.327,104.78,11.53,109.13,10.58,111.6,109.34,105.97,103.63,104.45,11.06,106.62,11.05,106.75,110.95,117.16,107.53
3,188.432,105.01,9.72,97.05,10.22,102.04,115.12,95.27,105.5,109.95,10.66,99.4,10.72,99.53,114.38,96.94,111.98
4,189.018,98.46,10.19,111.1,11.37,111.22,102.76,105.15,95.19,103.13,11.15,100.9,10.59,106.7,107.85,113.55,96.31
3,190.53,109.22,10.34,103.57,10.56,114.06,97.57,97.84,104.92,115.24,10.58,104.51,11.3,101.59,104.38,105.17,99.61
1,190.664,102.51,10.41,104.09,10.73,94.57,107.72,97.6,112.35,102.83,11.05,105.43,10.97,98.08,115.43,107.13,106.3
1,191.187,102.15,10.15,111.21,10.29,106.29,108.29,98.93,96.03,104.26,9.94,111.15,10.27,92.7,112.71,105.3,107.92
4,191.297,105.99,11.2,96.16,10.63,99.13,108.84,115.66,106.1,102.4,10.3,101.81,9.88,101.86,98.6,117.42,99.88
1,191.32,100.92,11.23,97.83,10.11,94.24,114.97,106.73,111.59,102.07,9.96,112.02,9.79,104.13,113.23,96.46,100.18
4,191.367,103.09,10.63,107.49,10.49,100.36,101.35,116.08,97.16,105.98,11.46,98.05,10.31,101.67,101.67,105.74,108.53
3,191.425,98.05,9.35,109.8,10.79,110.24,105.74,97.49,107.4,109.91,10.12,102.22,9.72,113.31,111.49,95.26,110.76
4,191.67,98.12,11.16,110.17,11.09,106.07,105.94,116.28,105.9,101.37,11.33,108.22,10.25,112.38,104.94,113.91,97.62
3,191.672,98.41,9.8,94.07,9.85,109.48,102.29,105.67,112.99,115.6,9.64,94.02,10.34,110.36,107.52,108.82,108.31
2,192.04,110.4,10.25,98.2,9.99,108.73,117.49,99.06,98.83,99.56,10.07,101.0,10.53,104.39,103.0,99.83,104.0
3,192.288,100.53,10.46,109.2,10.99,109.9,111.31,106.71,112.52,104.04,10.36,105.04,10.74,98.41,107.28,93.98,102.5
4,192.301,98.84,11.82,109.41,9.78,111.57,111.41,110.82,107.03,105.98,10.53,105.88,10.74,100.46,115.62,110.57,102.91
1,193.078,112.17,11.24,112.35,11.34,98.52,99.38,100.83,105.18,106.39,11.33,114.58,9.84,107.39,114.46,94.49,106.03
2,193.382,105.23,9.28,92.48,9.93,101.95,112.91,104.94,108.03,114.9,9.72,102.57,10.85,98.01,100.76,115.08,101.51
3,194.292,109.09,10.49,105.38,10.32,110.73,105.27,103.32,101.78,109.04,9.47,98.51,11.0,108.28,108.03,93.77,102.72
3,194.361,108.64,9.33,108.89,10.22,111.07,102.06,103.42,101.48,103.05,10.47,99.06,10.4,97.9,102.21,102.94,99.9
2,194.408,106.9,9.4,100.64,9.91,96.44,114.37,104.03,98.3,108.81,10.13,93.36,10.88,111.85,114.44,107.94,112.62
2,194.698,111.46,10.81,100.45,9.85,108.79,100.74,113.38,104.43,113.57,9.74,105.77,10.25,107.58,118.62,98.83,103.36
1,194.852,101.7,10.53,113.98,11.42,107.82,102.48,99.12,113.59,105.4,10.73,115.71,10.57,92.5,106.93,100.58,96.15
2,195.344,107.45,9.71,106.88,10.99,113.38,117.66,103.31,110.13,111.35,9.91,105.04,10.02,103.28,112.72,114.22,99.98
2,195.656,113.35,10.59,108.38,9.57,110.85,106.45,108.08,97.35,107.29,9.53,103.42,9.56,103.33,114.03,103.36,108.36
4,195.749,108.11,10.93,109.2,11.39,117.57,107.58,115.63,103.15,102.22,11.86,106.14,11.25,99.85,110.42,102.64,105.07
4,195.963,101.12,11.7,107.86,11.38,105.66,107.06,108.61,104.13,100.17,10.33,109.59,10.52,101.02,106.97,104.19,97.73
3,196.182,105.83,9.62,99.48,11.05,110.15,108.04,108.98,104.5,105.59,10.0,104.65,11.25,108.4,98.57,109.03,102.85
3,196.254,106.59,9.51,95.97,11.4,104.41,106.5,106.41,109.29,112.53,10.59,96.89,11.07,106.73,100.05,108.11,107.04
1,196.537,96.73,9.82,104.91,11.34,108.42,100.37,98.86,97.8,102.77,10.83,107.65,9.73,98.78,106.16,100.59,104.77
1,196.908,109.74,10.99,113.65,9.76,108.51,106.77,95.82,98.73,112.94,9.95,98.89,10.95,109.83,104.41,108.13,100.41
1,197.019,102.1,11.0,111.58,10.02,102.43,108.4,98.84,112.83,95.95,10.96,104.75,10.62,93.29,111.45,108.1,103.25
4,197.194,100.26,10.7,95.93,9.84,103.62,98.02,101.38,105.78,98.96,10.39,106.41,10.56,102.76,101.53,114.66,95.34
2,197.683,103.41,10.55,99.23,9.73,102.57,109.71,111.95,110.05,107.74,9.85,96.38,10.16,97.12,103.13,115.27,107.34
2,197.994,114.9,9.85,93.98,11.0,104.96,115.61,109.99,101.45,99.55,10.55,97.14,9.7,97.9,100.92,104.57,112.22
4,198.507,103.01,11.7,110.36,11.26,110.14,109.2,103.65,95.3,100.44,10.19,108.12,10.09,108.35,98.39,114.13,109.45
1,198.513,110.37,10.76,106.32,10.19,107.29,109.19,102.39,101.72,111.6,10.11,115.62,10.8,105.2,108.29,93.05,100.05
1,198.529,108.24,11.12,102.15,11.11,97.27,111.24,108.1,99.24,104.78,9.85,104.68,10.99,104.97,101.52,96.84,98.73
3,198.735,98.65,10.84,102.07,10.7,108.61,110.61,108.57,104.33,112.56,10.79,93.49,11.27,109.29,104.07,103.24,98.41
3,198.817,106.62,10.33,98.78,10.51,106.14,109.84,107.09,108.25,112.4,9.47,98.7,11.03,96.12,110.96,95.0,103.33
4,199.101,98.08,10.49,109.06,10.54,100.3,103.6,115.58,95.3,93.32,10.68,99.3,10.9,102.92,108.7,114.95,110.84
3,199.31,109.46,9.48,109.88,10.02,107.66,113.56,92.35,106.66,100.86,10.38,106.02,10.74,100.41,103.92,105.27,113.4
1,200.724,98.94,10.67,113.91,9.89,104.96,103.85,107.87,99.25,105.48,10.68,104.3,10.73,106.11,110.95,109.5,105.77
4,200.78,105.39,11.05,112.22,10.17,110.18,112.16,107.22,102.84,105.05,11.07,97.68,10.91,114.86,112.78,104.65,94.88
3,201.322,112.74,10.47,103.93,10.21,106.1,103.65,100.78,98.22,110.44,10.29,106.39,11.34,112.11,114.55,100.19,102.8
1,201.549,112.11,10.86,110.09,9.85,102.43,105.27,94.46,111.68,107.5,11.2,107.3,11.04,101.3,104.03,104.73,111.2
2,201.606,104.66,10.79,93.89,9.32,99.06,105.69,101.45,102.85,115.91,10.71,96.0,9.6,108.7,106.98,104.06,106.73
2,201.846,105.46,9.5,108.4,10.52,109.3,100.19,99.94,107.14,113.23,9.62,98.05,9.96,100.9,103.19,112.68,97.04
2,202.2,105.51,9.46,107.98,9.92,107.44,118.78,102.82,98.26,101.62,10.71,93.37,10.4,109.71,101.69,99.57,106.64
4,202.612,102.34,10.73,109.15,10.51,101.57,109.79,116.56,95.51,103.24,11.8,108.13,10.45,103.8,110.93,102.16,97.39
1,202.614,108.9,11.42,115.25,9.79,105.88,115.51,92.86,97.89,107.73,11.04,97.65,10.21,105.55,103.61,97.43,112.89
1,202.792,100.79,10.65,101.99,10.56,104.08,110.02,96.74,96.22,112.04,9.86,112.33,10.78,100.82,109.38,96.34,99.61
3,203.213,107.09,9.74,105.95,10.0,102.76,97.78,93.41,104.05,102.62,10.38,107.92,10.87,110.16,106.68,96.13,104.92
2,203.535,116.79,10.28,94.28,10.57,106.45,104.88,111.22,95.74,108.22,9.88,101.4,10.43,113.6,109.76,107.84,96.81
2,203.548,117.61,10.61,102.71,9.68,103.74,104.24,107.69,102.42,112.31,9.34,101.91,11.06,97.22,99.99,100.56,113.14
2,203.578,108.1,10.59,106.26,10.04,106.42,102.44,106.07,99.18,107.88,9.89,100.86,10.99,96.66,102.2,106.55,103.09
1,203.946,101.92,10.82,100.91,11.12,93.97,111.24,99.62,99.8,105.48,11.01,113.07,9.74,106.71,102.33,95.54,111.73
4,204.324,103.58,10.25,99.47,10.08,117.21,111.43,116.08,106.83,99.0,11.51,108.88,10.49,114.05,103.35,105.13,97.53
4,204.387,106.53,10.22,101.47,11.34,107.64,101.2,101.52,106.58,107.17,10.12,100.46,11.41,103.66,102.77,107.98,105.06
3,204.506,111.48,9.34,106.34,10.25,96.52,100.49,95.81,106.71,99.08,9.66,110.27,10.15,98.0,107.28,94.7,111.44
3,204.637,99.11,10.48,105.29,10.5,105.19,107.79,105.62,101.88,114.17,10.89,95.41,10.48,112.83,105.05,97.74,97.59
1,204.79,101.1,9.87,108.22,10.43,101.91,113.89,92.76,111.23,110.56,11.43,113.91,11.04,101.76,103.96,98.86,103.08
1,204.897,99.66,11.07,105.39,11.09,104.21,105.16,104.53,96.0,112.37,10.16,108.12,9.82,95.63,114.12,108.5,97.09
2,204.902,106.94,10.02,101.05,10.7,111.52,107.46,111.62,108.78,107.22,10.42,93.16,10.77,114.33,103.19,115.72,107.71
2,205.591,100.51,9.99,104.54,10.33,108.79,115.52,99.92,108.79,108.97,10.25,107.16,9.62,105.14,113.69,100.69,103.8
2,205.837,99.56,9.54,103.72,10.13,109.37,103.98,113.35,99.84,102.44,10.29,100.74,9.64,97.33,116.78,115.82,103.91
2,205.846,108.63,10.01,102.76,10.84,113.46,112.85,104.41,107.07,113.37,10.26,103.5,9.97,98.23,116.36,103.07,112.96
3,207.173,109.04,10.15,97.43,10.84,102.51,98.75,94.76,102.85,109.08,10.36,99.19,10.02,101.53,100.53,94.29,98.5
4,207.429,98.97,10.0,105.62,10.29,105.86,110.6,113.64,100.37,102.03,11.79,105.0,10.82,115.86,102.76,100.89,104.65
1,207.657,99.52,11.04,111.14,10.54,104.71,101.88,100.41,111.16,112.64,10.24,109.54,10.75,98.66,114.35,94.04,96.25
2,207.748,109.04,10.87,96.17,10.8,97.03,115.52,105.48,106.33,114.98,9.86,107.08,9.68,104.38,108.01,100.9,105.52
3,207.833,104.9,10.68,104.79,10.84,106.21,98.16,108.5,110.25,114.56,9.72,103.87,10.04,105.78,109.86,97.54,111.69
3,208.048,107.06,10.1,93.96,10.49,113.87,99.05,98.91,107.81,106.3,10.24,108.11,10.33,112.74,106.85,92.9,97.4
2,208.517,99.56,9.29,94.07,10.57,107.92,105.08,99.57,110.16,112.51,9.41,95.58,10.21,102.21,112.54,100.84,107.35
1,208.743,99.77,11.24,101.92,11.07,107.06,107.78,102.94,113.34,100.87,10.64,109.47,10.6,93.1,116.05,104.0,96.6
1,209.672,98.69,10.6,112.45,11.35,105.18,100.95,109.53,102.8,113.3,10.14,103.1,10.71,97.89,102.07,106.87,110.64
4,209.719,95.06,10.87,109.31,10.29,117.02,108.18,103.32,98.4,101.48,11.69,107.01,11.07,106.22,98.02,117.31,107.64
4,209.76,99.54,10.77,98.16,10.76,115.86,99.56,113.28,102.04,104.33,10.94,109.68,10.58,107.36,113.12,114.9,99.44
2,209.803,115.08,10.7,93.28,9.46,113.47,113.88,115.29,98.38,101.85,9.89,92.54,11.04,100.5,117.12,105.06,111.94
3,209.819,113.27,9.73,94.82,10.86,96.37,114.73,95.01,113.02,102.35,10.31,102.17,10.42,108.73,104.31,99.88,102.24
4,210.1,99.66,11.66,102.36,10.55,109.07,109.65,104.08,97.09,108.04,10.51,111.26,10.64,113.45,115.62,117.31,109.12
3,210.148,107.5,9.4,106.24,10.64,97.41,115.43,104.32,98.24,102.35,10.35,96.58,10.21,102.68,113.26,100.33,105.71
1,210.43,96.01,10.48,102.84,9.86,95.28,111.96,99.92,107.12,107.79,10.53,112.75,11.05,109.82,114.05,103.97,107.0
2,210.886,114.4,10.03,98.24,10.84,111.7,116.81,115.27,100.48,109.54,10.71,106.1,9.57,108.32,111.96,106.34,107.44
4,210.89,98.39,10.86,112.31,10.82,113.39,102.47,99.83,96.05,98.36,11.72,99.95,10.5,109.24,115.89,99.92,110.99
3,211.081,112.37,9.76,109.72,10.3,102.86,109.22,98.39,106.46,102.12,10.35,94.48,10.85,102.36,108.02,98.33,106.71
3,211.375,113.03,9.32,109.06,11.15,110.81,104.79,102.8,107.69,102.65,10.3,105.88,10.29,111.46,109.65,107.19,97.46
1,211.409,100.87,11.36,100.57,10.97,93.99,103.96,106.17,98.26,96.42,10.34,108.87,10.82,108.71,116.05,98.73,106.32
3,211.685,103.74,9.49,100.74,11.36,112.56,108.5,107.09,105.71,110.96,10.31,104.37,10.83,97.41,98.11,98.26,106.36
4,211.731,99.3,11.06,101.2,10.1,113.43,116.25,112.35,109.2,103.01,10.33,112.66,10.84,109.34,110.4,99.69,105.23
3,212.116,103.05,9.26,99.39,10.39,100.56,105.78,102.3,103.59,104.92,10.24,107.04,11.1,97.11,97.98,104.86,105.55
4,212.187,107.67,10.06,108.09,10.12,103.03,109.82,106.08,103.17,102.42,10.4,98.03,11.47,104.34,115.38,108.95,101.67
4,212.295,94.65,11.19,107.37,11.08,111.9,106.44,110.64,109.4,102.14,11.76,112.73,11.38,116.7,104.67,111.08,105.66
2,212.711,103.9,10.11,109.15,10.75,106.13,116.86,107.71,100.86,111.63,10.03,98.16,10.17,105.29,109.6,104.81,97.9
4,212.823,104.71,10.03,109.04,9.77,115.4,98.23,109.0,110.31,95.77,10.05,111.52,11.53,108.77,104.92,116.8,97.69
3,212.828,112.58,10.92,110.84,11.16,108.5,114.83,92.56,106.24,109.08,10.14,102.01,9.78,97.56,97.7,109.04,101.43
1,212.915,112.16,11.21,107.35,9.93,98.0,115.31,110.0,109.08,104.36,11.42,113.64,10.49,105.55,110.51,104.72,103.96
3,212.999,98.73,10.06,105.66,11.35,105.01,100.29,108.98,111.33,110.2,9.76,102.24,10.15,106.74,103.95,101.08,110.49
2,213.202,106.81,9.4,94.41,10.8,111.81,113.3,109.87,97.29,106.44,10.93,106.19,10.12,104.93,103.24,98.45,97.95
1,213.231,109.3,11.11,104.68,9.79,103.96,113.38,103.89,102.11,105.15,10.07,108.34,9.89,95.06,113.72,93.66,106.73
1,213.367,106.97,10.12,105.34,11.46,99.59,109.1,99.19,98.77,106.84,10.86,114.84,11.17,108.46,98.95,95.79,102.05
1,213.438,112.16,10.2,103.34,10.32,95.62,98.72,103.41,113.15,112.43,10.1,114.01,11.44,101.71,100.49,107.62,107.2
3,213.63,114.0,10.15,109.72,11.05,102.15,111.9,97.89,112.84,111.7,9.45,98.31,10.8,97.56,108.43,97.52,112.71
1,213.709,110.04,9.85,102.52,11.38,101.46,103.47,100.58,99.86,101.35,11.01,107.14,10.2,104.5,103.61,108.46,98.97
2,213.758,99.56,10.03,95.18,10.15,107.56,114.68,98.49,107.81,104.23,9.63,102.23,10.06,98.22,102.76,109.26,112.26
4,214.021,93.4,10.31,112.15,9.82,113.69,108.48,106.85,110.84,104.68,10.65,103.66,10.34,99.43,103.42,103.54,107.28
3,214.219,115.24,10.46,93.18,9.89,109.07,97.76,102.85,104.5,110.44,9.77,107.32,10.28,103.42,103.51,102.8,109.36
4,214.256,100.49,10.2,100.6,9.77,115.88,103.38,99.16,94.25,95.51,10.24,104.96,10.03,101.27,98.62,108.53,109.61
4,214.305,103.52,10.86,97.44,11.15,106.14,98.7,110.32,107.64,102.68,10.76,102.78,10.33,114.2,100.41,110.95,107.56
1,214.317,109.64,10.38,101.89,11.42,95.17,109.09,107.46,109.85,106.14,11.25,113.65,10.44,97.27,116.14,95.32,104.78
1,214.741,108.31,10.45,105.45,11.48,104.32,111.26,95.62,109.49,100.81,11.05,110.82,10.36,92.58,107.93,94.25,107.9
4,214.813,98.67,10.97,113.38,10.57,106.22,115.58,113.91,105.36,93.76,11.81,96.15,10.9,106.56,116.35,103.98,110.7
4,215.04,108.57,10.04,99.34,11.23,100.62,105.34,102.01,101.03,94.24,10.34,113.71,11.55,110.29,115.07,110.13,99.15
4,215.151,100.38,10.23,100.76,11.27,105.82,107.59,112.58,107.18,106.54,11.51,103.74,11.0,100.66,99.08,103.45,105.51
1,215.212,109.4,10.07,97.74,11.03,102.6,100.67,103.96,104.72,102.86,9.95,108.92,10.22,101.56,100.67,95.12,111.16
2,215.519,107.83,9.51,94.78,10.06,104.67,111.68,110.37,106.64,106.92,9.84,103.81,9.62,106.54,100.74,106.72,103.63
2,216.152,105.25,9.51,99.47,10.05,104.37,100.11,115.1,112.15,109.07,10.45,96.0,9.71,101.6,108.56,110.48,101.75
4,216.173,95.44,10.69,109.81,10.51,106.56,110.0,111.45,103.04,109.91,10.56,109.88,11.51,107.16,113.77,99.38,106.52
3,216.213,111.85,9.99,103.65,9.78,111.14,100.91,100.01,110.52,102.32,9.57,105.67,9.75,101.2,112.94,101.81,110.93
3,216.794,102.41,10.56,95.24,10.05,112.32,101.86,108.14,113.34,101.25,9.66,97.62,9.97,100.7,100.99,92.09,106.44
4,216.877,93.9,11.17,98.68,9.78,117.26,104.53,113.54,101.4,105.28,10.33,113.95,10.74,110.29,102.1,115.26,104.51
4,217.055,107.9,11.48,107.01,11.44,103.28,108.0,114.77,109.09,108.34,10.28,105.71,10.01,112.67,106.73,113.41,102.91
4,217.097,93.89,11.16,100.93,10.28,105.18,99.14,113.19,107.42,103.43,11.44,103.52,10.16,100.09,103.6,113.18,99.12
1,217.846,104.73,11.24,102.46,10.28,92.51,106.82,104.57,98.09,103.86,11.17,104.41,10.5,97.63,103.42,94.93,113.69
2,217.867,111.03,9.37,98.1,10.95,111.7,107.08,113.76,99.47,111.28,9.35,105.45,11.03,98.34,118.73,111.18,111.06
2,217.881,110.16,9.41,100.38,9.8,102.94,114.17,113.22,97.3,112.42,10.86,95.29,9.92,107.7,116.13,109.18,103.5
2,218.386,103.04,10.8,92.29,9.44,102.33,102.44,104.36,100.86,108.97,9.4,107.18,10.61,96.68,105.77,116.87,107.35
2,218.524,115.03,10.43,96.34,10.88,111.93,102.2,107.93,96.08,104.62,10.84,107.06,10.32,107.58,115.6,100.22,108.76
4,218.566,97.59,10.85,100.47,9.76,108.82,104.44,105.29,105.03,106.92,11.08,97.17,11.28,112.76,105.24,100.08,110.57
2,218.649,101.87,10.85,101.47,10.01,107.99,117.56,105.01,110.42,103.61,10.09,106.26,9.9,103.42,113.28,113.09,101.03
2,218.88,110.26,10.07,94.15,10.8,105.3,103.34,114.06,112.14,99.8,9.62,104.54,10.73,113.45,111.48,98.74,109.27
4,218.932,107.26,11.84,111.15,11.01,101.57,104.98,104.74,110.6,96.43,10.42,113.53,10.24,109.93,115.79,108.36,99.57
1,219.243,106.96,11.44,97.86,10.07,93.19,111.58,102.3,99.22,107.89,11.25,100.11,9.99,96.12,103.28,93.07,108.81
1,219.351,97.44,10.74,105.93,10.66,92.78,115.81,100.6,109.97,98.52,10.11,98.83,10.13,98.11,105.35,100.74,105.99
1,219.664,111.13,10.37,98.97,11.4,101.66,115.36,97.67,97.53,107.26,10.39,115.72,10.26,98.97,108.02,94.74,111.76
4,219.781,106.99,10.68,97.24,10.63,106.34,97.93,103.82,107.59,103.7,10.19,112.78,10.33,99.23,109.23,117.79,110.92
4,219.934,98.14,10.33,109.15,10.98,106.05,109.76,114.46,109.62,102.48,11.31,102.26,10.52,103.9,110.67,108.93,106.62
2,220.257,116.94,10.79,104.14,10.17,109.1,111.88,107.01,108.02,103.04,9.96,99.0,10.93,96.26,115.7,105.53,106.48
3,220.456,103.3,10.43,110.27,9.64,110.04,112.66,100.52,97.89,112.92,9.88,95.57,10.99,112.36,104.31,109.2,110.96
3,220.59,105.98,10.48,96.05,10.01,96.76,105.36,107.74,105.86,105.11,10.37,106.76,10.94,96.22,100.45,95.6,110.82
1,220.712,101.72,10.15,97.98,10.52,107.43,100.46,96.4,111.8,101.05,10.32,106.64,9.87,100.96,103.28,97.05,102.26
3,221.252,100.44,10.83,98.34,9.73,101.72,100.91,103.9,113.02,99.98,9.93,97.31,10.68,109.74,107.95,107.81,112.08
4,221.618,109.25,10.59,110.36,11.15,114.91,111.94,112.76,109.43,96.68,10.7,108.37,9.82,111.21,110.6,117.72,94.4
1,222.078,109.68,11.15,109.18,9.78,105.96,111.74,99.68,104.06,97.73,10.16,97.98,10.53,99.35,98.33,102.94,101.44
2,222.917,116.94,10.6,103.65,10.33,98.22,113.62,115.22,109.22,113.27,9.93,92.73,10.99,96.56,106.36,114.12,106.22
3,222.977,102.5,9.5,103.87,10.63,113.62,99.94,100.4,107.68,107.78,9.37,104.6,9.98,101.99,104.21,100.2,103.37
3,223.352,106.57,10.0,104.39,9.74,101.73,104.88,98.91,114.55,100.89,10.1,108.12,11.17,105.03,97.92,109.03,102.24
2,223.397,100.22,10.58,104.14,10.75,112.23,108.08,113.99,110.97,106.5,9.5,93.8,10.57,109.32,116.36,103.6,97.57
3,223.601,104.76,10.9,99.98,10.53,106.66,115.51,102.98,101.66,98.25,9.42,105.89,10.25,97.53,104.58,93.92,111.79
2,224.014,106.2,9.81,103.87,9.62,107.32,109.16,106.93,95.92,99.48,9.62,105.24,10.87,105.68,104.68,107.76,104.54
1,224.374,109.34,10.54,112.84,10.78,109.6,108.01,96.64,113.25,96.29,9.72,104.12,10.29,102.51,111.24,108.83,105.56
4,224.559,95.83,11.8,100.93,11.15,102.52,114.8,102.46,101.3,95.62,10.66,102.69,10.17,117.58,110.73,108.8,104.56
1,224.936,96.56,11.28,107.14,10.26,95.91,109.04,93.8,99.97,107.83,10.05,103.34,10.66,104.83,108.96,104.74,104.95
3,225.226,101.46,10.45,109.41,11.01,96.35,97.96,107.68,106.24,110.03,10.71,94.32,10.96,105.23,98.51,94.16,108.05
3,225.302,112.53,9.72,108.23,9.74,111.07,105.8,93.81,106.37,107.4,9.33,107.55,11.23,108.28,106.5,95.03,104.47
1,226.039,108.26,9.77,102.49,10.18,106.78,109.64,108.2,105.26,111.06,10.22,114.58,10.98,104.32,115.1,98.17,96.71
2,226.08,109.18,9.47,100.0,10.6,100.57,101.69,105.06,103.16,109.32,10.84,103.91,10.73,96.9,116.66,100.96,103.44
1,226.287,101.63,10.92,107.5,11.29,99.89,111.53,95.86,98.72,101.6,10.94,115.87,10.46,100.22,102.56,106.39,102.11
3,226.498,115.24,10.18,93.97,10.0,101.27,105.09,94.56,105.82,106.47,9.87,97.3,9.65,108.4,108.04,100.25,98.65
1,227.503,99.77,10.19,99.33,9.95,100.28,107.4,93.45,97.23,110.56,11.11,110.25,9.95,107.39,99.75,96.48,98.28
4,227.698,105.58,10.49,108.63,9.86,103.12,102.47,116.46,99.08,94.16,11.14,100.93,11.31,115.99,101.56,99.52,102.41
4,227.725,101.93,10.12,98.48,10.18,101.21,113.97,101.59,107.52,93.96,10.09,109.42,10.25,108.69,115.88,115.04,100.3
2,227.765,114.66,10.63,94.73,9.5,109.24,118.73,99.03,96.04,115.9,10.28,108.21,10.08,96.46,105.82,110.36,107.69
2,227.79,106.92,9.79,92.34,9.93,110.83,103.83,100.03,104.37,106.34,9.89,94.14,10.81,112.27,118.41,108.08,101.11
4,228.134,109.25,10.33,107.78,10.8,101.8,102.55,117.31,97.05,102.51,10.65,107.12,10.72,101.86,106.77,109.84,99.15
4,228.34,107.22,10.19,105.16,10.74,108.98,108.78,109.85,109.91,101.9,10.56,96.79,11.47,100.47,115.25,103.65,102.04
1,228.825,104.05,9.96,112.9,11.0,109.75,99.78,96.32,102.61,108.63,9.79,113.51,10.59,101.54,113.68,100.81,107.64
4,229.015,102.7,10.65,101.55,10.86,105.77,101.1,104.1,99.24,98.65,11.4,100.71,10.78,112.26,114.3,103.28,98.55
4,229.472,98.75,11.32,101.33,10.21,101.3,103.65,100.34,105.27,108.84,10.95,102.48,10.56,114.32,105.34,101.88,100.49
2,229.854,109.91,9.58,107.02,10.81,109.23,109.44,104.89,105.9,108.1,10.24,93.67,9.37,97.33,102.2,112.7,111.34
3,230.231,106.88,10.93,96.34,11.25,102.58,110.14,103.94,112.47,115.28,10.06,109.14,11.15,103.39,103.86,95.14,105.65
4,230.361,96.5,10.4,96.38,10.26,104.17,112.39,99.16,103.39,98.41,10.4,103.94,10.25,116.95,108.35,107.11,101.93
2,230.782,109.32,10.14,99.96,9.67,102.11,117.84,116.88,104.39,117.72,10.52,109.2,10.46,110.76,107.6,113.9,110.19
3,230.911,114.27,10.13,102.45,11.3,111.04,114.38,101.51,104.0,115.18,9.54,93.51,9.76,105.87,98.54,107.19,105.86
4,231.316,105.2,10.19,105.16,10.08,100.39,111.5,110.73,108.39,108.32,10.23,107.63,10.24,109.17,102.86,106.63,101.79
2,231.508,117.7,9.49,109.41,9.48,107.05,114.37,103.6,101.99,104.57,9.89,96.2,10.75,101.12,105.35,106.4,112.31
4,231.735,108.63,10.85,98.95,10.96,117.42,113.84,114.95,93.8,102.67,10.24,107.33,10.17,100.62,105.98,117.44,107.06
2,232.398,107.15,10.42,106.56,9.85,107.04,111.19,108.71,108.78,115.28,10.17,100.41,10.32,113.23,109.18,98.83,101.25
4,232.587,109.91,10.42,104.84,11.45,103.82,116.16,112.98,94.42,108.17,11.36,109.35,11.14,114.08,111.18,117.7,108.85
4,232.866,100.82,11.28,107.23,11.1,111.44,113.73,104.2,111.02,97.09,11.37,113.74,11.54,107.2,112.46,116.63,99.73
1,233.35,104.56,9.89,110.25,10.27,98.0,104.8,96.16,98.72,95.73,11.21,108.57,10.45,106.63,109.43,99.86,108.68
1,233.491,98.67,11.11,115.09,10.54,103.44,106.9,108.94,107.94,102.4,11.36,104.81,10.42,99.94,98.42,106.46,106.25
2,234.007,117.51,10.16,101.54,10.07,98.16,114.01,99.91,95.3,107.25,9.83,98.34,9.85,105.97,108.54,105.29,100.13
2,234.197,114.66,9.42,107.91,10.39,103.39,117.04,106.26,104.28,114.82,10.25,101.42,10.56,99.22,112.74,101.54,109.16
2,234.404,102.73,9.49,93.56,10.09,110.15,101.43,104.68,106.1,102.52,10.39,98.25,9.55,96.68,118.34,100.22,112.78
4,234.473,93.98,10.04,101.51,11.34,107.29,114.37,100.47,109.57,93.77,10.42,103.35,10.82,103.24,104.47,105.8,94.88
1,234.569,112.64,10.78,106.67,11.51,105.23,111.0,99.6,101.63,103.76,9.64,106.18,10.37,103.01,106.13,109.56,113.15
2,234.702,103.92,10.3,97.98,10.88,99.45,101.86,109.0,110.12,101.32,9.36,103.19,10.64,114.29,102.5,116.29,106.74
2,234.755,103.69,9.39,103.02,11.04,96.19,100.18,116.19,104.5,108.11,9.84,104.87,9.84,113.0,108.12,115.75,108.24
3,234.768,110.23,10.91,106.29,10.77,101.87,104.36,96.57,110.74,113.08,9.79,103.77,10.32,106.98,112.88,93.12,111.44
3,234.945,114.17,9.83,104.09,9.76,111.64,104.14,101.99,111.66,113.9,9.42,104.5,9.88,113.31,98.08,95.81,101.52
2,235.559,102.92,10.07,99.47,10.93,98.0,109.7,105.1,100.36,110.16,9.28,105.58,10.81,106.74,108.4,111.45,103.34
4,235.686,92.95,10.17,109.21,10.77,100.45,106.75,108.09,94.29,96.43,10.6,96.16,10.54,100.11,106.94,110.63,97.55
1,235.891,102.01,10.39,114.32,10.86,96.69,109.01,95.54,106.92,101.22,10.62,109.27,9.97,109.82,103.43,93.07,98.44
2,235.993,105.62,10.97,107.88,10.73,105.9,114.91,107.69,95.55,100.33,9.37,108.06,10.77,107.03,114.83,101.54,109.1
1,236.324,110.24,9.85,114.25,10.87,93.49,110.21,107.53,101.84,101.1,10.28,108.19,9.86,101.9,103.07,97.09,98.78
3,236.515,111.87,10.23,94.5,10.15,109.15,106.5,107.01,97.73,110.06,9.34,106.55,10.21,99.14,102.41,107.01,105.52
1,236.904,96.02,10.43,109.98,11.2,106.91,115.71,94.6,111.77,106.94,10.17,112.97,10.94,97.83,115.73,104.73,104.39
1,236.91,100.84,10.78,107.25,10.34,106.78,112.13,108.04,107.4,100.73,11.18,110.62,11.06,94.77,99.11,107.07,111.77
1,237.61,97.16,11.41,99.54,10.56,102.55,103.66,109.73,104.24,95.52,11.28,101.39,10.65,95.97,104.66,96.21,112.28
3,238.191,103.21,9.62,104.55,10.01,101.2,100.35,101.45,108.34,115.46,10.88,106.5,9.94,100.4,104.47,107.86,113.01
1,238.299,111.96,11.09,102.92,10.54,105.3,106.78,107.03,98.44,109.24,10.03,112.52,9.75,101.56,112.97,96.3,107.65
2,238.482,99.67,9.66,96.16,10.31,110.64,118.64,113.27,101.75,103.31,9.45,104.34,10.22,111.09,101.86,112.16,104.7
1,238.686,109.28,11.24,114.01,11.01,102.43,102.48,107.1,98.28,103.31,10.73,100.28,10.0,100.22,102.44,108.5,113.71
3,238.783,114.43,10.56,103.1,11.4,112.8,115.82,101.18,113.69,112.21,9.37,104.79,11.32,103.77,115.2,93.1,100.97
3,239.039,99.36,10.74,94.41,10.35,99.34,104.98,92.45,97.73,103.1,10.89,97.54,10.64,101.53,100.26,101.24,111.79
2,239.129,109.94,10.53,103.25,10.94,98.09,112.77,102.58,100.22,105.39,10.83,92.8,10.87,97.57,104.66,105.35,104.94
3,239.194,107.57,10.31,105.43,10.47,96.12,102.08,94.99,103.74,104.62,9.75,103.51,11.18,100.29,115.29,97.14,105.73
2,239.239,105.91,9.85,98.53,9.86,113.63,108.95,105.36,96.74,109.07,10.53,94.7,10.38,105.42,109.6,99.1,95.91
2,239.405,103.69,10.63,98.6,9.9,108.9,100.74,114.26,96.81,103.73,10.44,98.75,10.64,104.04,110.22,107.37,97.88
2,239.725,102.34,10.93,94.28,10.32,105.09,105.17,103.42,99.84,114.58,9.86,93.78,10.09,103.39,116.83,103.88,104.24
1,240.032,99.24,10.48,109.83,10.56,105.37,111.4,97.79,105.24,97.38,10.93,112.29,10.48,98.11,115.71,98.84,106.6
1,240.835,107.66,10.05,110.33,10.33,103.13,106.93,93.66,100.28,110.21,10.94,109.71,11.29,106.11,100.46,104.0,111.49
4,240.953,107.44,11.28,111.7,11.42,115.31,111.4,101.92,95.32,108.65,10.44,104.21,10.79,112.75,107.66,105.8,96.33
4,240.964,107.07,11.14,108.55,9.85,112.26,103.81,104.06,99.15,107.61,11.32,109.2,10.25,117.5,106.69,117.03,95.09
2,241.246,114.71,10.42,101.51,9.47,110.5,116.65,113.76,106.7,106.13,9.43,108.82,10.32,104.58,117.04,115.09,101.03
2,241.745,102.01,10.13,99.66,10.17,102.98,100.96,116.9,104.02,114.16,10.55,105.44,9.52,113.99,101.93,109.95,111.57
3,241.831,112.66,10.64,101.67,10.59,112.89,112.26,103.9,101.5,112.19,10.7,102.35,10.55,108.12,100.68,98.27,99.49
3,241.981,106.33,10.92,99.35,9.92,113.06,109.26,92.54,107.0,112.75,10.6,108.17,10.52,110.85,104.72,97.81,110.85
4,242.409,102.14,11.73,108.13,10.64,105.13,104.72,100.96,102.29,102.24,11.33,105.26,10.51,117.02,101.1,107.97,98.76
3,242.43,102.28,10.08,102.17,11.15,107.64,100.78,95.58,112.77,114.2,10.58,106.29,11.42,103.25,110.96,98.63,113.6
1,242.477,102.27,10.46,113.4,11.27,100.98,104.22,107.53,108.47,109.3,10.7,107.47,10.06,106.78,108.8,97.65,99.71
1,242.485,105.44,11.3,105.38,11.51,94.35,109.76,105.54,103.28,104.71,10.6,99.6,10.53,108.77,108.68,102.76,98.34
1,242.664,97.44,9.64,101.78,9.82,97.63,98.54,106.12,104.78,102.02,10.46,114.66,10.67,93.21,101.24,93.6,102.25
4,242.684,98.39,11.84,102.22,10.56,99.36,98.14,112.78,109.61,106.32,10.8,101.48,9.92,111.05,98.35,116.14,110.12
4,242.919,96.77,11.57,112.13,10.82,99.57,101.37,115.34,99.31,105.05,11.78,100.21,11.1,100.57,113.72,116.46,110.57
1,243.061,107.86,10.8,99.16,10.02,96.3,106.27,97.47,111.23,99.31,9.71,106.41,9.85,93.66,98.16,99.19,104.24
2,243.349,105.87,10.78,102.04,9.42,104.5,102.64,99.36,105.26,110.06,9.83,102.01,9.44,98.16,106.37,110.2,106.48
3,243.688,105.55,9.7,97.2,10.66,108.4,114.66,104.5,107.37,114.65,9.49,100.56,10.1,104.98,109.71,94.16,98.91
2,243.917,102.56,10.57,99.07,9.85,113.61,111.64,105.39,109.85,101.85,10.21,104.04,10.54,108.94,112.2,98.83,95.24
2,244.002,109.59,10.73,104.03,10.51,102.44,113.36,106.82,100.53,103.1,9.83,96.16,10.0,103.49,113.18,106.57,102.88
2,244.012,114.31,10.03,96.28,9.41,110.06,101.61,116.45,103.5,112.75,9.63,98.41,10.0,97.71,118.54,110.2,103.57
4,244.027,92.54,10.55,113.98,10.73,115.68,110.67,108.88,98.32,98.46,11.71,104.93,10.51,109.61,109.25,111.0,102.03
1,244.233,103.09,11.12,98.96,10.02,109.63,102.44,93.84,102.11,106.71,11.04,103.47,10.58,106.27,115.93,99.55,102.94
3,244.478,112.47,9.38,105.38,9.65,108.73,104.07,95.56,109.8,98.57,10.3,102.01,10.24,99.35,98.35,104.82,107.13
2,244.576,100.54,10.52,102.8,9.64,111.21,109.18,108.26,102.46,115.77,9.58,107.88,10.2,100.99,107.29,99.98,96.1
4,244.966,103.63,10.16,113.98,10.52,101.41,108.77,114.95,108.66,102.01,10.09,108.94,10.28,116.09,100.79,107.1,97.26
3,245.009,105.08,9.35,100.81,11.03,113.87,107.93,97.94,99.23,109.46,10.73,104.24,10.97,103.28,97.7,108.81,109.28
1,245.509,109.4,11.4,109.38,10.33,105.61,104.62,104.22,104.86,100.06,10.07,109.54,10.91,93.1,112.51,96.16,110.56
4,245.629,103.03,10.97,101.2,10.05,107.69,104.37,109.69,104.86,103.7,11.01,96.16,10.96,115.33,111.78,104.54,101.51
2,245.663,114.98,9.38,93.31,10.15,101.11,107.4,116.12,102.33,103.29,9.85,101.35,9.57,104.82,112.59,111.65,97.07
1,246.114,97.66,9.85,106.76,11.45,109.83,105.73,100.11,103.72,103.66,10.16,113.84,11.35,102.28,105.83,93.04,96.44
4,246.274,109.01,11.34,108.63,10.13,117.28,115.5,111.46,106.86,102.65,10.6,106.57,11.02,113.47,106.86,115.85,102.58
2,246.387,102.67,9.64,97.12,10.14,108.21,116.67,111.83,110.48,107.26,10.81,102.21,9.34,97.97,103.78,106.06,103.64
3,246.59,112.91,9.47,98.34,10.94,104.94,106.48,95.8,98.18,101.68,10.56,97.83,11.0,99.23,109.84,101.66,102.85
2,247.255,108.31,10.49,98.16,10.76,101.51,118.53,102.82,103.87,103.04,10.71,107.7,10.07,99.55,106.01,112.33,103.76
1,247.355,107.83,11.41,110.44,11.17,101.71,116.32,100.69,102.11,113.02,11.29,111.44,10.18,108.28,102.82,93.55,100.28
3,247.912,104.26,10.75,109.18,11.27,102.18,115.19,108.63,98.3,114.04,9.35,97.02,10.86,103.69,101.15,107.94,114.69
2,247.934,109.12,9.32,97.9,9.81,101.26,109.0,101.04,98.56,106.34,9.53,103.42,10.66,106.58,110.38,102.23,99.1
1,247.976,100.93,9.87,108.0,10.53,93.99,102.44,101.79,99.03,113.23,10.4,98.65,9.72,96.82,102.73,104.41,112.92
4,248.005,101.18,11.21,109.41,10.72,114.59,108.74,107.66,100.94,102.4,11.76,101.01,10.48,112.65,107.0,114.06,97.38
3,248.642,112.49,10.56,107.31,10.29,105.74,108.22,93.89,111.66,107.67,10.53,102.7,10.63,110.09,104.16,102.15,110.21
1,248.766,99.97,10.11,99.25,10.17,102.55,111.96,101.01,96.74,96.99,10.78,109.13,11.14,95.53,108.01,102.62,98.09
3,249.025,111.43,10.85,110.78,10.02,104.43,108.87,93.98,108.23,115.6,10.1,95.05,10.2,113.28,98.54,98.48,112.78
1,249.136,98.0,11.0,100.54,11.42,94.84,108.56,109.48,109.71,97.41,10.88,115.76,10.46,102.48,108.01,101.65,106.73
2,249.283,106.92,9.76,106.1,10.34,103.54,105.73,100.56,108.36,100.5,10.39,103.81,11.03,103.96,102.81,104.45,101.73
1,249.337,105.21,10.27,100.0,10.78,92.58,113.83,95.65,109.65,98.01,10.65,100.66,10.03,106.96,105.94,107.05,96.52
3,250.367,106.94,9.3,108.17,10.82,99.21,100.26,107.2,113.63,111.48,10.58,109.18,10.97,96.47,105.67,107.68,104.54
3,250.604,102.12,9.7,99.4,9.74,111.99,105.89,108.91,113.44,98.73,9.75,104.65,10.45,111.32,97.99,98.73,112.05
3,250.669,108.47,9.6,109.2,10.61,96.37,109.69,105.82,99.46,104.04,10.84,93.42,10.91,110.32,103.44,105.94,108.66
3,250.758,111.9,10.35,95.14,9.91,113.31,114.42,98.74,111.02,105.49,10.12,106.12,10.72,111.63,100.88,100.42,112.47
2,250.841,117.59,10.97,99.98,10.32,97.0,112.6,113.36,97.52,104.81,9.81,102.7,10.69,97.64,117.86,110.92,103.16
4,251.857,98.68,10.34,100.77,10.85,104.17,112.46,111.42,99.39,104.22,10.95,96.15,9.95,105.8,113.3,105.8,97.47
3,252.074,107.06,9.8,107.54,9.72,103.28,106.89,99.9,111.19,101.94,10.63,110.62,11.18,112.83,105.17,101.66,108.0
3,252.307,110.5,10.69,99.9,11.29,109.07,97.66,107.98,113.52,109.12,10.03,95.92,10.61,112.33,98.57,93.97,98.3
2,252.36,106.02,10.3,100.7,10.8,97.58,116.05,105.17,106.53,103.03,10.26,98.25,9.79,113.04,102.81,111.06,101.27
4,252.454,106.08,11.41,97.72,11.33,98.98,102.05,114.5,96.62,103.63,11.07,107.59,10.16,111.42,108.72,112.76,95.92
2,252.497,103.34,10.63,92.63,9.91,102.62,108.67,109.64,101.44,114.9,9.47,96.17,10.78,99.42,115.26,115.29,107.07
4,252.531,93.56,11.8,106.94,11.31,116.96,110.58,106.67,105.73,95.92,10.16,96.21,11.39,100.32,103.36,113.59,110.95
3,252.897,110.79,10.39,102.8,9.99,113.35,110.33,101.43,108.43,100.57,9.8,101.36,9.92,100.4,103.28,106.62,114.86
1,252.93,99.73,10.98,110.25,11.43,104.44,110.46,99.05,105.73,103.92,11.44,107.25,10.27,106.18,110.64,93.73,111.87
3,253.048,113.35,10.37,96.58,9.93,99.24,104.26,97.52,105.86,97.69,9.34,100.15,11.05,111.86,110.95,107.83,114.81
1,253.133,110.45,9.99,112.75,10.4,96.64,100.72,106.59,106.39,97.08,11.22,112.68,10.55,106.51,104.18,106.5,100.79
4,253.483,93.55,10.24,108.66,10.67,101.88,102.53,101.49,94.28,96.88,10.48,102.7,11.03,103.03,103.19,103.64,106.3
4,253.799,107.31,11.2,104.03,10.37,108.92,108.41,114.78,96.55,104.54,11.11,106.06,11.2,107.44,108.32,99.83,106.43
1,253.849,110.68,11.44,104.88,11.22,92.75,103.0,103.17,100.02,103.54,9.76,109.16,11.25,107.92,101.51,105.41,104.77
3,254.176,100.77,9.76,95.98,11.34,96.0,100.45,95.58,105.26,109.18,9.51,105.04,10.15,100.16,113.98,105.6,104.5
3,254.186,106.87,9.79,103.92,10.45,101.12,100.26,96.59,104.14,112.54,9.69,102.96,9.95,99.8,102.25,103.9,107.8
1,254.194,111.56,10.68,110.27,9.82,99.27,109.37,105.54,111.73,112.93,9.9,111.45,10.83,105.46,104.95,98.4,99.83
3,254.49,105.83,10.79,109.11,9.82,96.95,98.62,94.57,97.23,100.57,9.95,104.99,10.82,97.14,101.27,96.59,98.28
1,255.19,111.23,10.84,115.03,11.04,98.39,107.62,101.02,95.9,105.36,11.42,110.89,10.31,102.28,103.1,95.48,100.89
3,255.238,108.36,10.52,110.73,11.3,111.46,105.05,100.42,102.06,97.58,10.56,95.56,9.71,102.46,104.58,104.62,103.2
2,255.312,114.69,9.71,101.57,9.41,109.12,102.99,111.25,96.1,99.55,9.52,92.8,9.58,107.64,116.04,106.85,102.81
1,255.507,103.76,10.72,101.9,10.16,101.08,105.52,97.56,108.77,108.09,10.2,104.92,10.64,92.69,108.64,99.2,98.28
1,255.699,105.08,11.07,114.31,11.07,96.48,115.69,101.01,111.2,98.01,11.42,100.9,11.38,104.86,97.96,97.16,113.02
1,255.803,96.9,10.31,100.91,10.7,106.11,109.71,94.87,109.9,110.88,10.11,101.83,10.67,109.05,106.34,92.76,113.02
1,255.866,99.97,11.34,105.82,10.62,104.16,112.31,96.88,111.77,109.73,9.74,115.73,10.12,105.71,115.51,102.47,110.84
3,256.055,98.55,9.47,107.14,10.01,103.11,107.67,103.04,108.67,115.25,10.12,105.29,10.72,111.07,104.1,106.94,102.24
1,256.15,101.22,9.91,111.11,10.87,109.44,98.53,102.3,105.38,101.72,11.41,106.58,10.84,108.25,100.19,95.71,103.28
1,256.746,102.02,10.58,106.42,10.84,103.89,103.66,108.93,107.07,99.53,10.67,100.44,9.88,96.03,107.67,97.79,105.91
1,256.776,99.44,9.88,114.65,9.94,94.82,106.16,99.63,105.0,111.5,9.83,108.64,10.37,92.71,101.11,109.19,112.23
4,257.163,103.61,11.7,111.6,9.77,99.56,99.06,113.16,107.26,105.15,10.32,106.28,10.91,103.77,103.54,105.8,105.78
2,257.414,102.79,10.83,105.96,10.99,111.24,101.47,109.92,106.62,108.4,10.08,102.69,9.4,107.7,109.63,98.6,105.52
3,257.623,112.47,9.6,104.5,11.19,113.95,114.5,97.94,114.04,108.52,10.52,104.99,10.12,105.02,109.19,98.8,106.52
4,257.98,95.87,10.81,105.72,10.37,115.2,100.36,101.13,99.49,106.64,10.4,99.34,11.38,110.73,100.58,99.06,95.69
1,258.337,111.18,11.13,113.85,10.24,100.35,111.95,99.0,95.98,100.93,10.28,100.92,10.02,105.23,103.43,105.65,95.74
4,258.358,102.24,10.76,97.36,11.0,110.6,112.12,110.32,110.57,93.41,11.63,112.5,11.33,106.88,100.87,105.54,109.0
4,258.362,95.82,10.66,107.05,10.31,102.98,100.78,103.79,101.79,97.88,10.14,99.51,10.09,106.74,108.21,100.59,93.93
2,258.616,102.13,9.89,93.91,10.8,103.04,100.06,104.67,103.29,111.28,9.78,94.65,9.65,112.81,103.57,109.45,112.17
1,259.071,98.52,10.01,102.12,10.26,109.98,101.27,97.06,106.23,102.1,10.6,111.23,11.11,105.94,112.22,93.76,109.71
3,259.211,115.03,10.1,104.48,10.56,104.27,101.15,101.4,109.8,111.7,10.01,94.07,9.94,101.16,106.28,105.95,103.08
3,259.516,113.35,9.63,98.26,10.42,102.11,99.55,100.77,112.64,109.88,9.33,106.34,11.29,100.28,99.05,98.38,108.18
3,259.766,112.33,9.25,105.25,10.66,101.47,111.14,102.15,112.99,113.51,9.51,99.25,10.04,105.09,97.76,98.54,111.36
1,260.446,110.56,10.44,114.03,9.7,108.18,115.97,93.81,97.18,109.68,9.68,103.82,9.74,105.49,109.16,103.87,113.65
3,261.255,105.08,9.83,100.31,10.97,109.69,100.03,101.81,100.2,106.87,10.75,99.98,10.34,106.09,111.67,108.68,108.09
3,261.36,106.62,10.24,104.53,9.86,111.22,103.29,108.16,108.25,113.94,10.16,102.35,10.5,113.97,105.09,104.66,103.6
2,261.379,100.82,10.22,98.41,10.75,113.88,107.59,108.3,108.89,112.49,10.04,100.41,9.31,109.3,111.63,99.57,109.19
3,261.641,105.27,9.41,106.23,10.72,97.4,98.46,99.5,113.86,113.87,9.54,101.43,10.57,113.75,104.86,93.96,109.68
1,262.02,113.51,11.27,99.53,11.34,99.74,100.89,104.79,108.58,102.4,11.04,100.66,10.15,105.07,104.71,95.3,110.9
2,262.499,112.42,9.5,93.18,10.53,106.49,106.36,110.52,103.34,110.72,9.5,96.38,10.37,105.19,112.7,116.22,98.13
3,263.38,107.19,9.78,98.14,9.94,108.25,99.12,103.01,110.08,115.02,10.14,107.57,9.95,108.14,106.41,92.54,103.99
2,263.402,106.88,10.87,102.6,10.61,103.39,111.88,113.2,99.42,104.81,10.45,108.54,10.6,113.21,116.13,101.42,112.97
1,263.497,100.42,11.0,106.18,10.28,106.42,106.47,99.69,106.74,112.35,10.76,109.81,9.75,97.36,106.25,109.06,104.91
3,263.53,103.45,10.92,107.43,10.04,97.48,99.47,93.58,110.59,111.97,10.04,100.63,10.9,107.01,99.8,98.54,112.42
3,263.677,115.26,9.35,108.05,11.15,105.98,109.71,104.58,108.51,110.43,10.33,101.89,10.91,105.32,104.48,108.68,111.13
4,263.786,99.18,11.18,113.38,10.34,109.28,110.03,107.48,101.41,97.17,11.23,112.11,10.08,99.56,106.64,110.23,95.93
2,263.825,117.62,10.56,100.93,11.0,99.55,103.75,111.17,100.5,104.69,10.46,101.9,10.59,104.82,113.5,104.67,106.62
1,263.867,96.55,11.43,106.96,9.86,93.35,111.37,101.01,109.82,112.84,11.27,111.8,10.64,97.82,115.52,96.05,99.99
2,263.912,99.13,9.84,95.24,10.17,101.34,117.2,103.21,100.86,109.72,9.46,104.3,11.01,104.13,114.35,113.3,103.64
1,264.558,112.77,10.19,105.78,10.31,109.79,105.27,97.7,112.77,103.56,10.35,115.24,10.59,109.47,114.27,94.12,113.09
3,264.604,98.1,9.6,104.67,10.42,96.92,100.62,97.74,112.65,98.42,10.88,110.07,10.61,107.23,103.51,100.97,97.76
2,264.778,113.24,9.7,108.99,9.66,113.76,100.0,115.14,104.6,108.51,9.91,102.8,9.42,97.46,101.08,100.33,101.52
2,264.796,106.45,9.5,93.6,9.37,109.86,116.53,99.29,109.39,99.66,9.74,108.3,10.76,110.7,107.58,105.17,111.77
1,264.883,102.92,9.67,99.35,10.53,92.56,112.22,103.19,96.09,100.79,9.8,97.74,9.87,103.59,113.09,106.55,112.08
4,265.349,100.71,11.31,103.98,10.08,117.66,99.13,109.13,94.56,95.87,11.24,102.25,10.01,110.13,113.3,108.65,98.92
2,265.6,99.55,10.42,92.34,10.57,105.68,100.18,110.76,102.27,113.67,10.11,104.05,9.43,102.33,103.83,103.04,108.99
4,265.608,102.19,11.52,109.13,10.0,109.12,98.85,107.34,109.59,93.41,11.18,106.97,10.58,103.19,99.3,111.35,93.84
2,266.601,108.51,10.36,107.32,9.96,112.12,108.15,99.3,112.0,100.17,10.65,94.04,11.03,103.22,100.51,114.76,107.57
4,266.915,102.09,10.88,96.79,11.54,99.94,99.16,101.36,109.43,101.84,11.34,98.44,10.29,110.97,114.55,104.31,101.04
1,267.48,112.84,10.62,109.02,10.05,97.74,102.98,96.58,96.44,97.36,11.23,99.77,10.2,94.33,107.44,109.87,105.99
2,267.736,114.39,9.4,107.28,9.49,109.62,100.56,116.5,109.39,105.77,9.85,94.26,10.56,111.89,106.54,100.37,99.29
2,267.923,103.27,9.89,94.78,10.2,109.24,114.39,101.6,108.21,106.02,10.86,100.81,10.55,109.17,114.78,104.84,106.55
4,268.339,102.94,10.73,105.99,10.92,108.63,102.82,109.5,94.4,102.55,10.82,109.16,10.69,102.58,105.34,109.28,108.28
3,268.475,99.76,10.67,107.67,10.23,107.12,103.65,104.62,105.28,100.23,10.77,99.29,10.22,100.9,98.86,103.51,108.88
1,268.648,97.3,11.08,101.17,10.76,97.63,110.18,96.55,95.83,95.83,10.46,103.57,10.83,106.61,110.64,109.23,104.64
2,268.783,108.3,10.8,105.69,9.77,105.19,117.12,105.06,107.46,109.24,9.26,96.85,10.46,97.46,107.94,104.62,111.05
1,268.935,106.39,11.24,98.89,11.39,103.91,98.4,107.03,101.28,103.86,9.79,105.86,11.24,98.37,104.62,101.78,111.59
2,269.014,110.78,9.73,98.24,10.01,98.24,112.42,102.68,98.28,113.69,10.25,92.32,10.89,107.8,113.36,107.07,96.81
2,269.303,101.87,10.94,94.65,10.44,98.67,114.21,103.41,111.79,108.32,10.74,93.88,9.41,104.48,109.78,113.73,104.94
1,269.46,105.91,11.45,105.38,9.98,104.08,99.42,105.97,104.18,98.08,10.2,113.94,10.54,106.78,105.06,108.94,106.26
1,270.362,111.38,10.43,112.64,9.72,102.43,109.06,103.3,113.62,112.48,10.15,110.96,11.5,94.39,102.77,95.49,109.97
1,271.433,104.6,10.44,98.66,11.29,97.1,113.78,99.24,102.94,104.05,10.29,97.57,10.61,93.96,106.65,95.06,112.26
1,271.435,105.57,10.07,104.58,10.06,99.43,113.79,93.15,95.78,105.32,9.86,105.35,10.09,100.52,109.89,97.75,107.77
4,271.541,94.55,11.54,100.77,11.11,109.28,98.61,103.39,101.3,96.93,11.73,107.34,11.49,112.37,111.36,101.07,97.87
1,271.7,95.92,11.46,113.65,11.41,98.62,101.52,95.88,106.44,109.29,10.9,104.24,10.73,95.39,108.06,93.83,96.17
3,271.974,111.86,9.33,105.58,10.0,110.15,100.1,96.78,100.66,98.62,10.59,107.06,10.77,106.02,102.8,104.5,99.75
1,272.06,101.1,10.7,106.05,9.73,102.1,108.43,95.08,112.16,107.28,10.11,109.71,10.7,93.75,108.87,96.46,112.76
3,272.138,100.53,10.41,106.76,11.32,102.95,107.71,101.97,105.86,110.79,9.93,99.98,10.93,109.99,114.38,107.98,103.3
3,272.551,112.22,10.58,109.31,10.14,103.33,112.94,104.54,103.37,99.07,9.88,93.62,10.94,100.87,106.89,105.74,99.3
2,272.786,109.41,9.97,94.1,10.15,112.32,118.02,115.06,112.59,113.17,10.79,96.48,10.75,111.18,104.71,100.37,112.73
1,272.971,95.88,11.08,112.52,11.18,95.75,113.21,96.22,109.98,98.69,10.16,113.83,10.55,92.6,98.78,103.64,99.8
3,273.078,108.73,10.92,104.71,10.12,97.53,114.42,98.54,102.46,97.45,9.35,105.23,9.89,101.65,99.84,96.48,105.84
3,273.112,105.05,10.4,103.63,11.03,101.05,108.05,97.05,103.99,112.17,10.43,107.92,10.15,110.08,101.7,104.07,97.83
3,273.193,112.28,10.62,102.08,10.88,107.9,108.49,101.18,103.95,104.23,9.31,104.59,10.48,113.7,114.19,98.33,99.34
1,273.208,99.02,10.88,100.78,10.15,99.82,109.41,93.76,108.19,105.8,10.61,97.67,10.81,106.68,103.79,107.05,96.34
4,273.23,102.01,11.44,98.73,11.5,103.78,103.31,116.3,106.36,104.3,10.2,96.0,10.96,109.03,108.35,114.74,94.4
3,273.288,98.79,9.99,106.73,11.32,99.69,106.72,104.66,103.63,113.61,9.56,102.13,9.8,108.99,114.55,108.54,111.66
3,273.349,106.24,9.9,99.86,10.12,100.38,111.31,92.38,104.5,107.22,10.12,100.79,10.58,105.16,113.03,98.22,101.77
4,273.656,99.82,11.67,96.89,10.72,114.58,104.7,107.64,108.84,102.24,10.56,98.68,11.58,115.49,101.68,111.6,100.15
1,274.07,110.98,10.53,109.11,10.99,104.98,103.66,98.56,108.81,102.01,10.44,104.78,10.26,109.67,109.95,102.04,100.89
2,275.055,114.97,10.45,99.88,10.88,112.15,108.96,113.27,99.32,117.43,10.15,95.95,9.61,110.59,100.88,103.69,96.38
1,275.115,111.44,10.62,105.81,11.22,107.65,113.72,95.49,105.57,112.46,9.82,104.0,10.67,95.28,106.9,93.8,96.82
2,275.186,110.08,10.51,103.92,10.98,105.68,101.66,99.83,102.32,109.47,9.34,100.6,10.92,110.94,108.45,101.77,102.97
4,276.008,93.26,11.2,102.43,10.29,109.64,112.46,103.22,96.05,106.22,10.62,98.25,11.18,98.97,104.72,106.71,110.92
3,276.158,105.4,9.73,110.04,10.95,106.03,103.44,96.62,102.04,106.76,9.39,97.06,11.45,103.51,97.81,92.89,107.08
3,276.392,109.91,9.79,105.88,10.74,100.28,108.97,106.94,98.13,114.01,10.47,95.06,10.33,97.78,115.51,99.97,108.54
3,276.707,104.18,10.33,107.32,10.2,100.9,103.29,108.68,112.34,112.98,10.32,103.62,10.04,96.12,109.26,97.38,114.62
2,277.316,110.4,9.63,104.04,10.72,109.69,115.01,105.86,97.52,100.48,10.05,92.35,9.4,100.71,117.06,104.14,102.41
4,277.846,99.67,11.68,100.71,10.76,115.7,105.02,103.22,109.45,105.44,11.55,105.46,11.42,105.68,109.64,117.31,96.38
1,278.468,101.09,9.71,103.79,9.86,101.57,109.44,101.84,112.88,112.69,9.88,111.38,10.59,100.9,108.68,104.73,100.06
4,278.596,102.33,11.26,108.79,10.47,99.64,108.77,113.51,100.19,106.25,11.82,99.63,10.5,112.17,99.64,103.88,109.11
4,278.696,97.98,11.28,96.9,10.97,111.46,105.4,107.07,108.18,102.08,11.34,103.98,10.09,114.15,100.06,110.9,94.0
1,278.778,98.04,10.27,104.96,10.53,97.63,112.75,101.31,105.91,106.39,10.87,101.84,10.88,96.68,99.86,96.42,112.3
3,279.104,110.7,9.87,100.63,10.92,109.69,104.97,107.73,98.44,105.15,9.75,99.25,10.74,111.45,109.06,95.19,102.99
4,279.244,92.54,10.21,95.9,10.2,99.56,113.8,116.77,104.92,96.28,10.23,101.42,10.58,103.28,103.31,115.04,94.42
4,279.278,105.29,11.38,107.24,11.22,113.85,114.01,117.31,108.03,106.15,11.71,101.63,10.48,110.06,104.45,99.05,102.91
3,279.71,101.14,9.94,102.94,10.01,102.25,111.46,104.3,112.45,98.7,10.84,93.62,10.36,104.3,104.88,93.66,111.35
3,280.198,108.81,10.49,109.05,10.47,101.95,102.21,97.1,105.71,115.23,9.62,105.45,10.42,100.18,109.0,92.63,97.79
2,280.273,115.26,10.92,98.97,10.25,105.58,102.02,102.31,110.82,108.35,10.85,94.71,10.57,106.77,105.76,100.69,103.96
4,280.302,93.48,11.2,108.03,11.14,106.28,110.86,111.79,104.81,106.15,11.69,112.98,9.91,114.94,100.85,105.95,101.66
1,280.443,104.64,10.19,103.82,10.9,109.47,102.51,102.61,102.94,102.06,9.76,105.8,9.79,108.87,100.2,107.53,107.94
2,280.889,108.09,10.75,96.82,10.25,111.54,101.99,100.37,108.4,114.16,10.48,101.05,9.37,107.4,117.17,106.25,102.15
4,281.085,108.71,10.38,104.45,10.57,104.6,99.59,109.66,110.75,97.6,10.22,104.52,10.45,109.24,101.41,109.97,102.11
2,281.421,113.28,10.34,92.73,10.64,113.04,105.62,102.44,100.65,107.74,9.76,94.26,9.97,101.8,104.84,108.35,102.29
4,281.712,108.17,11.06,104.64,11.22,108.99,102.26,106.32,95.5,100.18,10.19,101.05,9.88,103.58,114.89,101.97,108.55
2,282.282,105.78,9.83,104.6,10.5,111.21,105.37,100.73,98.3,110.18,10.29,101.63,10.34,99.45,116.16,99.73,101.11
3,282.461,102.55,9.23,107.32,10.89,101.53,114.77,102.69,105.84,107.09,10.46,105.51,10.45,106.42,103.93,93.92,106.61
2,282.766,112.03,10.32,105.67,10.07,112.62,117.68,105.54,110.34,117.6,10.88,105.51,10.24,102.11,102.64,106.74,95.24
2,282.945,110.1,10.02,97.78,9.97,113.0,100.18,101.64,107.33,112.55,9.83,98.82,9.42,97.34,110.9,103.86,109.78
4,282.952,107.78,11.42,99.51,10.82,101.88,115.03,104.41,104.93,107.85,10.65,106.97,10.31,109.48,99.13,112.42,110.46
1,283.204,110.78,10.07,112.0,10.82,96.82,103.54,102.3,103.02,110.53,10.19,102.94,10.29,107.72,108.02,101.58,99.65
4,283.51,96.93,10.36,98.27,9.99,115.78,110.08,104.27,110.12,95.63,10.44,98.05,11.59,107.36,106.73,111.26,110.07
4,283.576,105.2,10.88,102.7,10.24,100.89,107.74,104.28,94.41,104.22,11.4,97.56,11.18,112.67,99.84,106.01,95.33
1,283.741,104.56,10.54,115.32,10.4,93.66,100.89,93.71,102.32,97.44,10.74,105.35,10.28,92.72,102.48,109.06,104.5
2,283.991,100.5,9.4,97.01,10.32,103.39,100.2,102.16,101.03,108.37,10.9,94.12,10.83,96.78,116.42,108.54,106.78
4,283.996,104.96,10.13,105.91,11.59,106.09,107.26,102.84,104.48,109.23,10.76,112.22,9.89,110.45,114.01,113.35,97.51
2,284.278,105.13,9.37,105.55,9.66,106.37,104.54,111.18,104.6,110.9,9.37,109.18,11.06,109.93,116.04,105.06,110.18
1,284.758,95.68,10.52,115.37,11.45,104.52,108.57,98.4,95.78,96.99,10.67,113.4,10.24,103.48,114.97,98.5,106.42
4,285.155,96.57,10.22,102.47,11.38,99.25,109.25,108.61,109.13,95.67,10.24,111.76,10.37,104.04,109.38,108.36,105.35
1,285.19,98.04,10.25,97.66,10.81,94.53,98.35,98.48,107.81,107.82,11.43,115.37,11.36,97.08,111.37,92.76,110.84
2,285.353,104.26,10.18,95.36,9.85,110.95,116.66,113.76,108.45,108.33,10.18,93.01,9.84,99.29,109.63,99.83,112.31
1,286.534,105.36,10.43,105.87,11.29,95.55,112.85,97.47,104.77,103.66,11.12,114.26,11.25,107.72,109.44,105.24,96.72
3,287.191,109.53,10.01,97.74,10.57,98.75,105.65,100.42,98.96,98.14,10.58,94.84,9.81,96.22,110.04,103.47,112.92
2,287.66,102.74,10.16,104.05,10.32,102.89,116.29,116.33,105.88,101.75,10.87,97.43,10.32,96.26,100.23,108.67,111.61
3,288.352,100.86,9.4,109.38,10.01,100.26,97.54,102.29,104.32,111.88,10.63,109.72,10.32,110.48,104.07,104.61,110.53
3,289.002,105.67,9.34,103.63,9.76,99.58,101.39,108.59,99.71,109.84,9.9,105.64,10.66,96.31,115.12,107.76,105.88
4,289.108,109.91,11.88,110.21,11.38,117.22,114.55,103.22,94.43,108.09,10.69,104.95,11.36,108.97,111.65,115.4,104.01
3,289.646,99.84,10.12,107.54,10.69,97.31,105.09,101.78,114.6,107.71,9.47,95.05,11.29,107.79,102.28,104.34,103.91
2,290.041,114.16,9.41,109.31,10.57,104.77,106.47,116.82,97.9,101.62,9.69,109.21,10.82,104.13,116.03,105.85,100.13
1,290.078,104.65,11.07,112.96,9.89,100.32,116.38,106.17,108.94,112.26,11.34,102.69,10.45,103.72,114.0,104.87,108.08
4,290.235,95.18,11.49,107.06,10.7,100.89,99.06,99.72,106.43,100.14,11.55,100.41,10.57,103.27,111.47,115.42,98.49
1,290.245,110.28,10.28,100.52,10.2,106.78,103.79,105.92,97.14,95.89,11.31,111.21,11.25,96.03,102.34,107.48,109.12
3,290.655,112.46,10.94,104.54,10.44,102.08,105.4,99.0,110.35,112.39,10.77,97.13,11.35,103.45,104.31,105.7,98.29
2,291.348,104.17,10.42,98.14,10.58,100.53,108.63,102.98,97.07,106.15,10.24,99.66,9.9,106.86,112.74,99.0,95.6
4,291.49,98.81,10.95,111.68,10.24,110.62,99.14,111.68,109.91,98.65,10.51,107.87,11.59,112.97,103.2,106.93,109.11
2,291.54,106.65,10.72,105.06,10.6,107.44,118.19,116.21,104.32,111.78,9.71,93.03,9.73,114.34,111.18,114.56,95.55
1,291.62,108.07,9.84,112.14,10.54,102.56,99.23,95.44,108.28,107.73,10.27,111.1,10.19,96.14,101.13,95.71,97.78
2,292.081,112.03,10.07,96.18,9.8,107.25,105.69,102.61,95.46,108.48,10.68,107.46,10.81,113.43,102.1,104.89,97.22
3,292.097,102.19,10.41,110.15,10.56,111.58,112.9,108.87,105.38,105.98,10.86,99.22,10.5,112.9,105.42,106.84,113.01
2,292.374,105.52,10.78,104.05,10.4,100.26,116.95,112.41,102.6,113.58,10.19,106.44,9.9,111.81,106.71,103.21,103.16
4,292.961,103.7,10.86,104.6,10.03,115.28,109.25,104.95,94.86,108.12,11.49,110.87,11.11,115.31,104.72,117.2,97.59
3,292.978,108.29,10.82,106.64,10.19,106.09,107.32,104.31,100.14,109.94,9.47,98.39,10.31,112.54,108.32,98.42,113.32
4,293.208,108.41,10.95,113.79,10.79,101.76,115.51,108.04,96.1,103.63,10.71,98.28,11.34,105.28,109.03,105.07,97.68
4,293.616,95.44,10.54,102.44,10.37,110.88,116.14,108.23,96.99,102.31,10.81,111.68,10.83,104.49,112.46,107.97,109.52
2,293.71,114.92,9.83,104.22,9.97,98.96,113.64,116.3,96.1,105.01,10.63,102.13,9.81,106.05,118.82,101.44,106.62
4,293.782,105.15,11.43,105.26,10.28,108.98,102.2,104.18,107.53,109.3,11.16,96.62,11.59,110.87,107.62,99.06,101.51
4,293.788,96.86,11.32,108.98,9.83,114.94,113.44,99.22,100.67,98.76,10.12,106.03,10.58,116.54,99.92,114.74,99.24
3,294.114,102.76,9.8,99.41,10.09,104.86,100.62,98.28,108.28,111.16,10.89,102.26,9.98,103.87,108.86,92.13,107.42
2,294.175,109.66,9.56,97.74,9.84,107.31,102.2,114.82,104.5,99.48,10.97,102.78,9.95,99.67,111.09,106.37,99.52
4,294.32,94.35,11.79,99.02,9.77,105.86,106.8,100.64,99.29,109.22,11.82,105.16,11.39,116.86,116.01,99.42,100.32
3,294.38,101.96,9.7,106.92,10.74,96.66,104.31,104.61,108.46,101.52,10.26,107.07,11.29,111.66,99.01,98.71,110.53
2,294.771,111.04,10.02,109.11,9.85,106.67,106.97,104.7,107.31,108.7,9.93,99.99,10.36,100.9,118.11,114.95,95.28
4,294.917,100.16,11.27,96.8,10.57,108.35,112.89,115.29,99.55,104.68,10.49,108.51,11.0,116.97,98.34,109.4,94.3
1,295.568,110.15,10.34,103.17,11.04,101.19,110.4,101.6,106.26,107.86,10.14,112.16,10.64,98.39,102.48,94.93,106.69
1,295.973,100.1,10.9,112.84,10.06,97.36,112.97,101.43,107.26,98.34,10.19,111.72,11.18,101.64,103.0,93.6,107.8
3,296.719,99.36,9.64,94.83,11.38,113.95,113.26,107.76,112.52,103.93,10.82,106.68,10.44,107.35,101.19,100.33,100.04
1,297.423,101.19,11.04,106.84,9.82,106.48,107.82,99.55,108.51,105.93,10.03,115.5,9.74,104.49,107.34,99.54,109.49
2,297.535,115.37,10.15,95.69,9.87,97.21,114.45,104.5,102.12,104.85,9.46,108.69,10.61,111.8,108.58,99.07,111.94
4,297.585,105.5,10.28,100.36,11.49,99.62,113.23,110.87,101.82,105.34,11.21,102.2,10.89,116.7,98.72,100.52,108.37
1,297.663,102.74,10.94,114.37,11.39,94.09,110.62,107.14,112.46,97.54,9.96,107.13,10.52,96.3,112.22,106.04,106.56
3,298.394,111.3,9.29,104.54,10.17,107.12,115.36,103.32,106.71,105.63,10.42,95.85,10.88,106.39,102.1,93.97,98.77
1,298.592,97.37,10.73,99.16,9.97,96.68,98.08,93.73,98.88,104.07,9.82,109.23,10.93,98.91,112.94,107.53,96.69
3,298.717,104.6,9.51,99.26,10.19,109.74,97.81,97.42,101.91,100.77,10.63,108.73,10.25,105.19,110.99,106.62,114.32
4,298.735,102.59,10.23,107.2,10.24,105.02,104.6,101.09,106.89,99.76,10.32,107.74,10.65,103.87,113.8,112.06,95.82
4,298.94,96.59,10.16,111.68,11.38,107.2,113.5,115.25,93.57,95.56,11.27,105.02,10.17,104.89,112.98,101.24,98.25
3,299.133,112.33,10.15,108.48,11.05,100.56,112.87,101.97,102.85,111.2,10.4,104.32,10.36,112.96,101.26,92.62,114.61
2,299.212,113.17,10.57,108.72,9.68,100.42,106.01,109.14,97.58,102.74,10.97,108.45,10.42,98.0,106.46,116.13,108.76
3,299.23,102.47,10.42,98.19,10.46,102.52,101.27,95.44,109.11,113.89,10.68,98.58,10.5,109.69,111.73,92.29,100.08
2,299.243,102.73,10.94,103.91,9.81,112.6,117.49,104.84,97.96,116.95,10.53,104.04,9.84,100.22,112.1,99.76,102.94
2,299.539,101.61,9.71,101.34,10.66,110.98,111.75,110.33,97.95,104.73,9.59,97.83,10.83,114.27,101.99,109.03,111.47
4,299.615,98.48,11.7,111.52,11.53,101.13,115.12,99.83,101.99,92.98,11.52,107.63,9.89,100.24,113.46,113.76,104.4
1,299.683,97.66,10.78,99.59,10.89,100.22,102.88,92.88,98.64,99.66,10.74,108.67,11.39,106.31,99.9,98.17,102.15
3,299.71,113.34,9.79,107.03,9.88,100.34,114.66,107.94,104.08,109.94,10.73,101.17,10.39,99.98,109.67,107.81,114.48
1,299.746,98.08,9.8,108.1,11.26,94.35,115.06,103.3,107.54,106.04,10.62,115.32,9.85,92.89,108.81,107.58,102.11
3,300.231,104.63,10.7,110.73,10.5,113.47,114.73,97.42,103.22,104.35,10.74,95.95,10.04,96.72,105.0,101.4,97.28
2,300.405,114.69,9.62,100.26,10.81,111.16,105.37,106.34,101.74,112.64,9.83,108.99,10.74,108.26,108.21,116.5,110.23
1,300.658,104.04,9.73,107.3,11.01,106.16,113.68,94.99,99.98,105.92,10.63,111.74,10.4,101.9,103.65,102.64,103.42
2,300.889,104.95,10.82,95.18,10.03,96.46,102.1,101.04,112.31,104.26,10.58,95.38,9.42,97.31,104.06,99.98,104.68
1,300.921,104.5,10.67,100.31,10.54,102.12,114.82,99.72,99.38,104.07,10.69,100.71,10.82,94.4,116.43,95.86,103.53
3,301.524,110.74,9.83,95.33,10.1,104.79,112.49,100.2,101.44,112.21,10.71,108.64,10.91,103.25,106.3,104.49,106.37
4,301.541,97.69,11.41,96.72,10.78,108.01,113.6,111.42,100.11,97.04,11.67,97.4,10.68,115.28,109.97,108.09,101.5
1,302.095,103.59,10.61,111.83,10.94,106.02,105.56,93.56,102.51,108.32,10.11,98.18,10.37,102.17,102.51,93.99,107.83
3,302.156,97.5,9.27,109.62,10.53,100.7,106.61,93.68,111.97,102.08,9.93,104.79,11.13,97.12,98.0,96.13,106.1
4,302.218,103.58,10.68,100.68,11.16,104.46,107.76,101.17,106.33,95.85,11.46,111.95,11.1,105.37,107.02,113.84,106.34
4,302.314,108.65,11.36,108.88,11.49,99.44,104.93,103.1,93.88,108.32,11.69,96.15,11.44,106.86,105.4,107.73,104.81
2,302.394,102.58,10.39,103.5,9.93,111.54,101.15,110.48,108.99,113.06,9.85,108.56,11.0,100.36,103.27,106.9,108.78
3,302.923,99.95,10.39,95.33,11.36,112.46,113.86,98.27,98.89,114.82,10.77,109.88,10.38,101.15,107.24,95.58,101.43
1,303.037,105.11,11.3,99.14,11.1,95.03,106.81,100.91,95.68,106.36,11.39,98.88,10.89,98.8,106.27,101.64,100.1
3,303.039,110.25,10.48,110.16,9.74,100.91,102.76,99.6,108.06,113.27,10.12,108.26,10.28,110.6,102.06,97.89,98.29
1,303.065,107.54,10.19,114.11,10.14,97.42,115.24,102.05,111.06,110.56,10.1,104.68,10.29,92.89,97.99,101.32,96.72
2,303.148,113.09,9.89,107.44,10.05,104.11,117.93,103.14,102.11,116.8,9.28,102.23,10.96,111.72,101.81,102.46,101.34
4,303.241,92.68,11.46,97.35,10.96,100.09,98.57,112.06,107.61,96.71,10.74,102.28,10.45,111.26,114.23,114.39,104.72
2,303.271,109.52,10.35,94.62,9.69,102.97,108.12,111.96,102.88,105.94,10.39,103.8,9.4,111.74,106.58,108.58,112.0
3,304.251,104.18,9.58,97.77,11.02,106.66,115.57,94.21,102.11,107.5,9.86,99.27,10.05,97.06,113.62,92.75,107.36
1,304.295,101.9,11.42,112.49,11.18,98.65,113.74,98.57,102.5,96.87,10.58,110.9,11.44,93.35,104.95,100.77,96.98
3,304.661,102.47,10.64,104.5,9.76,98.6,111.6,106.83,101.09,111.38,9.99,93.92,10.32,108.98,108.14,98.39,97.29
2,304.717,105.62,9.69,107.49,10.28,113.8,118.05,110.92,106.53,100.15,9.95,96.38,9.85,112.78,112.7,113.02,102.22
2,304.93,114.13,10.8,97.98,9.56,111.18,117.63,98.46,106.86,113.46,9.71,102.57,9.51,97.64,100.0,104.77,97.93
2,305.402,102.77,9.84,108.45,10.32,99.22,118.32,116.29,104.39,113.42,10.21,94.6,9.45,102.34,118.43,103.21,105.88
2,305.402,110.18,10.45,93.24,10.81,104.28,118.78,113.01,95.66,101.78,9.66,92.54,11.04,106.98,114.61,106.93,105.5
3,305.519,110.63,10.8,108.17,10.11,100.21,108.16,93.2,101.72,107.45,9.25,107.67,10.73,106.01,115.04,92.89,97.57
1,305.632,97.3,10.2,109.02,9.73,98.05,102.68,104.87,105.24,111.38,11.14,101.04,10.4,109.78,104.95,104.05,109.65
4,305.688,93.77,11.66,108.55,10.85,108.99,102.23,101.68,110.45,94.64,10.1,102.18,10.46,104.05,112.22,106.76,96.06
1,305.717,111.76,10.19,101.89,10.74,102.32,108.79,101.58,112.32,104.43,10.07,100.66,10.71,101.99,106.63,98.93,100.8
3,305.819,110.2,10.8,103.27,10.8,107.44,102.6,107.07,99.48,105.3,10.17,108.27,11.02,108.74,104.36,100.4,113.27
3,306.418,112.91,9.62,94.91,11.43,105.37,98.84,108.71,96.65,99.21,9.56,104.58,10.42,107.57,106.8,103.01,102.33
4,306.759,105.32,11.24,107.71,9.77,108.31,104.57,113.11,95.28,97.16,10.96,109.23,10.82,115.63,114.04,107.69,105.9
1,306.828,102.22,10.41,107.46,11.14,104.32,105.04,97.08,101.49,110.57,11.04,108.74,11.37,99.66,112.51,105.18,98.53
3,307.368,112.24,9.2,94.79,9.88,103.94,104.47,93.41,99.3,97.81,10.5,97.25,10.81,100.68,109.12,108.66,108.28
1,307.516,97.3,10.72,103.45,10.02,99.92,111.74,95.61,112.75,110.34,10.17,98.02,10.66,94.42,113.73,99.73,102.03
4,307.646,96.31,11.36,111.7,10.17,106.74,106.57,104.54,110.44,104.62,10.69,102.47,10.08,116.54,114.68,103.01,93.56
2,308.338,99.6,10.88,95.87,9.52,102.44,111.71,109.05,112.62,105.43,9.37,101.91,9.58,111.63,117.33,114.76,95.77
1,308.451,98.96,10.37,113.96,10.2,105.55,109.14,108.38,106.7,107.95,11.35,108.12,11.21,107.16,97.96,108.01,111.6
4,308.591,106.5,10.82,100.49,11.33,99.01,99.56,109.11,100.64,103.25,11.43,112.22,11.59,103.47,112.89,109.83,101.42
4,308.829,106.06,11.36,98.17,10.21,102.61,106.4,117.7,97.52,108.63,11.74,109.41,10.23,114.56,100.52,103.98,99.9
4,308.953,102.59,10.06,108.66,10.14,111.31,102.23,103.1,105.12,103.61,10.48,109.96,10.53,99.51,99.37,114.22,95.42
2,309.537,115.91,10.24,105.66,10.37,108.88,111.09,112.16,101.99,116.62,10.61,96.37,9.83,107.86,101.3,111.02,96.2
2,309.635,115.01,9.4,95.19,10.82,103.38,106.97,116.29,103.9,115.84,9.66,106.88,9.9,99.88,107.36,101.09,96.54
3,310.153,111.88,10.86,96.06,9.78,102.92,99.53,94.82,107.09,102.72,10.64,98.8,10.42,111.43,99.76,101.56,110.85
4,310.579,93.97,11.18,104.93,10.54,113.22,99.3,115.32,102.12,94.45,10.03,96.64,10.24,102.92,109.21,103.32,101.65
1,310.677,98.04,9.76,112.34,10.0,105.76,99.75,93.23,112.35,98.98,10.16,102.97,10.53,93.97,103.08,93.6,105.38
4,310.68,103.69,10.59,104.14,11.09,106.92,112.5,114.4,104.86,100.5,11.47,107.78,11.31,102.95,104.91,101.07,109.51
3,310.932,110.93,10.75,99.85,10.0,95.99,102.3,94.01,104.45,105.83,9.22,102.5,9.96,98.17,101.24,103.35,111.54
1,310.985,101.72,11.45,108.01,10.83,96.14,116.04,102.79,99.65,112.56,9.78,103.1,10.61,101.3,107.74,94.92,105.54
4,311.155,98.46,10.29,112.45,10.04,101.8,107.78,107.22,97.83,106.74,11.4,100.99,10.86,111.42,104.85,107.49,99.69
1,311.181,110.34,11.22,114.32,9.88,108.42,108.18,105.28,108.76,97.93,10.13,111.44,9.8,96.44,108.32,104.71,102.05
1,311.291,105.65,10.84,105.38,10.54,97.28,105.35,104.47,100.56,111.42,9.89,105.71,10.27,94.33,106.0,94.4,113.66
1,311.412,97.38,11.15,97.83,10.07,101.8,112.75,105.3,111.68,95.58,10.41,100.17,11.44,95.28,111.11,104.41,98.44
4,311.587,109.14,11.07,113.95,11.02,113.29,103.38,110.7,95.42,109.7,11.48,104.1,11.1,117.41,113.15,105.62,100.96
1,311.597,106.03,11.09,97.6,10.56,98.2,105.38,109.35,104.87,107.28,10.8,109.13,10.99,100.82,108.74,106.59,103.25
1,312.199,102.56,10.4,97.99,11.51,107.85,114.62,102.47,96.52,108.2,9.87,107.14,10.74,103.7,103.8,94.81,108.74
4,312.249,94.38,10.96,105.68,10.31,103.35,105.62,114.84,100.94,100.58,10.56,101.64,11.48,105.6,100.42,112.12,95.8
3,312.305,109.12,10.52,108.73,9.71,99.11,103.19,99.23,104.42,107.56,10.73,107.67,11.25,102.93,107.26,99.57,106.37
1,312.336,107.51,10.71,110.49,9.99,103.95,113.74,101.37,111.74,104.07,10.47,109.89,10.52,98.42,106.44,95.86,105.52
2,312.44,115.36,10.26,108.94,10.76,110.51,103.7,111.42,103.36,108.08,9.83,94.94,9.67,97.3,110.78,99.08,108.12
4,312.811,93.78,10.32,99.47,11.26,104.43,104.57,114.28,100.6,101.82,11.86,101.55,10.91,99.68,113.35,115.83,99.57
2,312.818,99.17,9.3,109.15,10.42,104.74,100.83,100.33,113.19,109.1,10.49,104.02,10.84,106.37,116.01,104.68,100.91
4,312.838,102.42,10.55,100.35,10.3,99.23,111.95,105.49,99.55,107.64,11.57,113.66,10.91,106.54,105.09,115.82,103.15
2,313.118,113.57,10.97,107.94,9.63,107.04,115.96,112.15,102.13,104.69,9.51,109.25,10.86,102.43,108.54,104.9,111.23
1,313.239,110.78,10.19,114.13,10.43,92.91,112.69,93.12,108.68,96.37,10.93,105.12,11.03,94.78,115.62,106.39,108.16
3,313.391,100.58,10.19,97.08,9.88,96.5,108.84,104.24,112.4,102.4,9.21,94.91,9.76,96.44,114.9,97.22,98.02
2,313.425,112.58,10.76,108.19,10.06,111.32,106.6,99.92,105.28,109.24,10.34,107.91,9.73,104.28,113.62,108.11,111.61
1,313.909,112.84,10.62,105.61,9.97,99.3,112.31,102.43,99.8,110.32,9.69,98.63,9.8,94.42,103.8,94.09,101.0
1,314.107,109.29,10.55,115.0,10.27,100.01,111.48,95.42,96.59,111.28,10.82,103.48,11.49,94.35,104.38,97.05,111.06
4,314.168,100.02,10.26,112.15,11.16,103.0,116.29,109.48,93.44,105.15,11.65,105.89,10.28,106.16,100.58,109.97,97.26
1,314.199,96.64,10.77,100.12,9.88,104.76,105.19,103.42,99.21,107.49,9.81,102.31,10.39,103.0,111.15,98.7,111.23
1,314.684,108.29,11.38,107.95,10.0,99.77,106.9,104.28,109.12,99.37,9.7,106.96,9.69,102.24,109.84,109.37,104.11
2,314.755,114.99,9.64,106.1,9.85,107.44,113.18,113.14,112.61,99.72,10.5,98.84,9.38,96.44,102.13,109.1,102.15
3,314.964,114.0,10.56,109.89,9.92,107.85,98.62,105.66,97.27,102.62,10.21,98.33,9.82,96.06,98.62,100.79,108.97
3,315.128,112.05,9.95,105.19,10.6,109.86,99.55,103.72,109.28,108.38,10.16,99.95,10.72,111.66,109.19,97.21,98.45
4,315.45,95.49,10.01,96.4,11.47,99.65,113.21,109.41,101.42,94.47,10.38,104.09,10.84,105.82,98.7,110.07,109.87
1,316.055,98.05,11.32,109.74,10.58,103.48,103.09,99.19,110.12,109.19,10.65,101.36,11.41,105.66,112.28,109.23,109.29
3,316.465,107.03,9.51,107.14,11.38,112.44,105.42,106.99,111.03,104.63,10.1,96.19,10.15,107.85,100.7,108.0,109.11
2,316.74,115.28,10.45,93.84,9.41,104.25,106.84,110.33,111.04,110.26,9.97,95.58,9.6,108.84,103.94,109.07,98.59
2,316.797,114.73,9.57,99.18,10.4,107.19,106.46,104.4,105.64,115.2,10.32,101.91,10.14,104.82,117.17,114.38,99.64
2,316.809,101.75,10.25,97.84,11.02,104.13,110.38,107.69,100.8,114.43,9.32,107.64,10.64,100.68,104.58,103.72,106.33
4,317.649,101.18,10.25,100.86,10.19,109.54,115.73,113.4,100.37,108.57,11.29,111.48,9.8,106.07,98.07,105.32,97.39
1,317.653,97.0,9.66,105.51,10.26,107.29,98.53,97.05,110.84,100.36,10.38,112.94,10.99,95.29,99.52,102.94,106.03
1,318.382,101.71,11.41,109.76,10.77,97.1,99.16,103.34,99.71,95.83,10.14,106.7,10.81,98.77,115.93,93.39,100.56
3,318.505,114.86,10.18,97.62,10.26,100.9,115.03,100.79,111.66,100.23,9.62,110.71,10.3,98.91,98.26,97.71,104.09
3,318.862,108.61,10.0,107.24,11.28,112.74,100.26,98.27,97.73,110.68,9.51,100.77,10.3,111.66,104.24,92.53,113.78
3,319.072,114.87,10.52,102.44,11.27,98.71,101.26,105.96,101.44,106.17,10.42,103.87,10.61,106.63,107.73,96.58,107.42
4,319.252,103.63,11.54,98.28,11.36,114.71,109.59,105.04,95.43,102.06,11.02,102.42,10.26,114.58,104.85,103.28,103.51
4,319.556,103.47,10.03,101.07,11.55,100.33,115.63,112.23,97.52,98.93,11.82,112.44,10.04,117.57,100.89,103.66,107.8
3,320.401,105.01,9.48,97.25,9.97,101.69,106.2,107.74,98.43,105.93,9.52,108.48,10.35,103.77,106.2,98.6,99.61
3,320.615,109.5,9.86,98.24,9.81,103.71,105.79,109.15,113.36,113.87,9.53,107.17,10.07,97.44,99.25,106.53,109.2
4,320.843,103.28,10.21,113.95,10.47,110.34,108.69,107.11,95.5,93.55,11.0,113.66,9.86,112.88,105.24,108.28,110.09
4,321.465,96.7,11.4,101.84,11.37,108.0,108.84,117.74,106.89,106.08,11.46,96.1,10.82,106.34,101.79,115.53,105.78
4,321.569,100.91,11.79,107.73,10.91,113.0,116.12,108.53,108.39,103.47,11.74,102.23,10.51,106.72,104.99,99.71,98.4
1,321.63,107.52,10.45,106.4,11.01,106.7,106.78,103.27,111.94,108.2,10.55,106.76,11.5,93.77,106.16,101.99,113.09
3,321.7,115.82,10.04,95.94,11.06,96.79,110.52,101.98,110.52,109.04,10.06,100.33,9.75,104.22,111.73,101.45,108.18
4,322.456,100.08,10.15,105.85,11.59,114.12,106.78,111.26,104.13,98.25,10.84,109.27,10.23,112.51,110.64,113.54,110.92
4,322.756,92.85,10.36,106.06,11.01,110.3,100.06,108.65,110.21,96.91,10.32,96.36,10.63,115.03,99.14,109.55,101.37
1,322.933,97.18,11.41,115.5,10.28,106.87,114.14,99.51,108.16,95.89,11.21,100.2,10.23,107.82,105.65,109.62,111.6
4,322.937,102.51,11.43,99.55,10.89,103.19,104.73,112.89,94.4,96.7,11.62,107.92,9.8,117.5,98.45,109.72,100.08
2,323.094,99.33,10.08,96.18,9.95,102.94,117.59,114.81,97.23,111.05,9.64,95.46,10.78,101.46,103.18,106.96,106.53
2,323.613,102.24,10.81,105.03,10.71,97.54,102.64,104.06,100.23,104.85,9.9,109.41,10.5,104.26,110.15,109.18,97.9
4,323.994,94.91,10.6,97.4,11.32,109.93,111.82,116.8,107.93,94.1,10.76,97.32,9.94,99.23,113.22,115.27,100.16
1,324.176,105.8,9.77,102.15,10.36,100.5,103.15,93.36,109.53,110.45,11.34,101.09,10.35,97.94,109.27,93.05,98.78
4,324.266,94.23,11.81,107.25,10.08,101.07,106.56,113.68,98.36,104.94,11.77,103.84,11.59,108.2,115.15,101.46,104.48
1,324.304,95.48,10.67,113.12,9.91,101.9,112.59,100.66,97.34,110.86,10.45,106.92,11.43,98.39,99.51,99.05,104.5
1,324.764,107.33,10.48,102.91,10.49,97.63,113.85,103.35,101.02,98.4,10.22,107.32,9.99,95.34,103.4,97.75,98.14
1,324.992,99.87,11.3,113.94,11.47,104.81,103.43,102.86,105.8,98.52,11.14,99.97,10.46,99.16,106.54,98.73,99.8
1,325.086,96.84,10.6,100.73,9.87,101.3,99.78,107.05,113.52,107.76,10.63,101.78,9.89,97.42,116.5,104.58,112.43
3,325.144,98.72,9.64,94.5,9.98,103.3,109.19,102.98,97.28,111.94,10.55,104.79,10.75,109.56,113.48,103.79,108.43
2,325.45,116.99,9.53,109.51,10.22,113.75,108.67,100.58,100.43,111.75,9.47,103.76,10.12,111.18,104.15,106.57,96.52
2,325.532,112.72,9.89,108.2,10.64,103.09,113.62,111.17,109.91,105.01,10.24,98.45,9.59,105.42,106.08,114.26,98.62
4,325.588,103.54,10.71,96.97,10.75,101.98,110.64,116.78,106.9,98.94,10.63,110.09,10.19,104.43,101.97,111.26,95.09
4,325.727,102.5,11.87,101.31,10.56,117.51,107.48,107.52,105.05,103.5,11.79,97.02,11.59,100.02,107.43,108.01,93.45
4,326.092,99.49,10.21,110.41,9.88,114.44,98.78,104.77,97.86,103.96,10.59,107.13,10.57,99.16,98.14,112.67,98.32
3,326.193,104.55,10.26,104.02,10.68,97.12,113.86,109.09,108.51,110.45,9.78,100.44,10.36,108.21,103.19,96.53,100.18
3,326.98,106.76,9.24,100.92,11.32,112.96,102.78,93.29,109.01,112.37,10.45,97.66,10.46,112.74,105.96,107.68,100.74
3,327.102,112.43,9.91,93.3,10.35,98.17,113.47,97.4,102.09,105.83,9.44,98.9,10.56,106.82,100.76,102.06,100.16
1,327.182,113.17,10.37,107.37,10.29,93.97,103.32,106.5,103.42,107.82,10.12,110.64,10.59,97.36,102.34,101.26,111.76
2,327.376,105.77,9.82,100.8,10.1,110.62,111.55,104.94,101.34,103.95,9.71,96.12,9.37,96.91,104.41,113.04,108.09
2,327.398,114.6,9.66,103.17,10.57,101.24,106.45,108.14,96.35,106.48,10.51,96.84,10.18,107.51,115.62,112.76,104.94
3,327.765,101.94,10.41,108.05,10.51,99.1,97.8,95.77,107.7,101.65,10.4,106.75,10.49,96.85,110.06,96.42,102.85
2,327.943,99.81,9.86,92.4,9.56,108.14,110.82,99.71,97.57,110.0,10.52,93.21,10.99,101.11,105.69,98.83,98.89
1,328.278,106.81,10.72,115.83,10.31,94.58,105.28,104.28,96.09,107.28,9.96,115.25,10.02,96.82,104.66,101.11,102.47
1,328.338,110.84,10.28,102.22,11.5,98.26,102.62,98.4,110.64,109.3,9.83,108.1,10.53,101.97,109.6,106.14,99.1
2,328.575,117.56,9.75,102.69,9.59,103.91,116.16,112.27,95.28,103.29,9.91,93.56,10.39,97.11,104.66,113.05,96.44
2,328.832,101.24,10.97,100.59,9.44,96.32,117.84,114.5,101.47,104.55,9.52,98.28,11.01,108.22,103.66,98.83,99.52
4,329.147,106.54,11.12,111.82,10.57,101.68,106.57,115.19,105.54,109.04,10.74,113.98,10.72,104.63,106.94,113.02,102.04
3,329.234,99.33,9.29,110.71,10.75,109.34,107.74,109.14,98.3,109.2,9.51,105.9,9.78,96.35,106.5,96.77,107.64
2,329.314,102.99,9.66,105.54,10.14,107.32,112.64,102.33,112.21,115.89,10.96,102.57,9.91,102.55,113.51,109.05,111.11
3,329.501,110.79,10.84,110.46,10.48,106.26,105.69,93.44,114.06,113.42,10.37,107.32,9.99,106.76,104.26,105.39,104.92
1,329.683,111.42,10.46,109.29,11.25,106.36,112.81,93.59,110.84,109.66,10.04,99.59,9.81,105.76,105.61,106.55,111.0
1,329.683,97.44,10.2,100.54,11.21,107.17,103.29,100.0,96.72,110.04,10.75,105.05,10.33,103.6,100.47,95.64,107.09
4,329.753,96.67,11.39,105.81,10.0,110.99,109.27,115.04,100.25,103.39,10.28,109.43,10.59,105.68,100.58,103.54,109.26
2,329.804,111.1,9.28,100.7,10.68,97.21,118.32,115.32,101.46,103.34,10.42,92.41,10.7,104.06,102.13,106.03,101.98
3,330.078,104.27,10.6,95.66,11.03,111.52,114.64,107.17,102.47,101.08,9.98,103.1,10.55,101.15,104.7,106.18,104.14
4,331.338,104.71,11.42,110.87,11.03,99.27,99.97,112.04,110.62,95.89,11.52,98.47,11.52,110.47,116.13,116.44,94.54
2,331.725,100.91,10.2,95.07,10.75,99.06,117.93,106.94,95.27,112.49,9.47,103.64,9.94,97.36,110.65,105.59,105.29
1,331.854,106.29,9.77,99.77,11.32,98.05,109.16,95.72,100.89,112.28,10.58,100.11,10.73,108.25,98.88,98.5,113.69
2,331.874,106.47,9.96,97.14,9.72,106.05,110.73,109.96,111.04,112.45,9.37,99.94,9.73,103.66,108.09,116.33,95.94
4,332.224,98.12,10.22,104.24,11.32,101.68,98.52,103.32,110.85,106.7,11.89,111.97,10.44,109.52,104.06,109.52,101.08
4,332.242,108.19,10.1,99.36,11.08,105.72,107.24,105.87,100.74,101.42,10.4,111.68,10.8,107.31,114.64,115.42,105.85
2,332.98,99.13,10.28,105.59,10.82,109.53,106.97,101.4,106.62,111.23,10.41,104.94,10.76,110.65,107.04,107.71,102.03
3,333.215,106.87,10.25,104.51,10.45,103.84,112.93,102.9,110.84,109.6,9.83,101.81,10.15,107.9,97.94,106.62,102.44
4,333.648,103.47,10.98,104.62,10.38,112.92,108.01,113.55,109.35,95.49,10.28,102.76,10.83,110.34,110.75,113.59,110.66
2,333.838,101.95,10.16,105.86,10.89,111.09,103.61,115.52,106.13,115.28,10.63,96.2,10.73,104.48,101.8,113.36,105.71
2,333.98,104.26,10.36,106.47,10.62,104.21,109.26,104.97,95.94,99.79,10.93,106.47,10.16,106.61,116.65,114.52,104.94
2,334.159,105.03,9.5,106.23,10.5,106.45,106.11,110.76,96.29,112.89,10.37,96.28,10.0,107.19,114.2,102.32,112.34
3,334.321,107.57,9.38,95.53,9.88,104.54,106.78,103.24,102.76,113.87,9.66,105.82,10.57,109.07,105.56,102.95,101.43
3,334.385,114.81,9.5,108.27,10.35,107.44,101.45,107.28,106.66,104.63,9.67,97.08,11.08,103.28,104.94,97.14,107.46
2,334.702,103.31,9.49,108.09,10.99,105.21,113.46,100.96,110.23,102.99,9.39,105.44,10.13,109.66,101.61,113.87,106.23
2,334.714,112.45,9.47,108.27,11.04,101.03,116.39,110.11,98.73,114.9,9.34,94.57,9.71,101.86,111.71,99.82,97.82
2,334.957,112.28,9.87,106.53,9.89,100.46,115.42,111.29,104.68,110.67,10.73,106.09,10.69,105.14,102.55,103.74,112.92
2,335.345,111.32,10.75,97.9,9.74,102.62,118.21,100.76,108.36,99.31,10.52,99.49,9.92,97.39,107.86,109.18,105.94
1,335.663,97.7,11.16,114.66,10.13,96.03,105.52,105.89,97.24,102.74,10.61,100.74,10.34,98.77,102.77,107.62,103.18
4,335.714,105.76,10.18,112.22,9.88,106.86,110.22,111.2,100.19,96.52,10.82,106.94,11.09,102.82,106.8,110.95,96.72
4,335.93,106.09,10.42,110.15,10.56,99.57,107.67,105.71,104.46,104.41,11.68,105.26,10.24,110.13,112.58,108.95,101.6
4,336.434,105.58,10.36,110.52,10.62,113.11,103.14,115.38,106.68,109.8,10.3,109.69,10.24,117.21,112.5,102.73,103.93
1,336.514,96.6,10.76,103.81,10.31,101.01,105.52,95.56,96.38,113.23,10.68,106.82,10.67,109.58,102.44,108.01,103.08
3,336.688,107.59,9.57,107.85,10.33,97.97,115.36,98.8,110.02,103.84,10.5,102.72,11.32,112.9,103.01,101.43,101.09
4,337.003,108.19,10.41,101.37,10.51,103.27,108.41,116.56,98.47,106.39,10.12,109.23,10.48,115.85,106.78,108.28,105.35
2,337.047,113.27,10.13,95.91,10.35,107.05,111.12,107.5,108.37,115.62,9.32,102.44,9.96,97.74,116.88,101.98,100.48
1,337.201,95.64,9.92,97.99,11.41,108.51,109.27,97.11,106.33,102.23,9.8,103.86,10.56,97.22,111.28,103.6,102.11
1,337.344,104.15,10.26,115.04,11.45,105.38,99.29,93.59,112.35,111.37,9.78,107.67,11.44,98.77,113.61,100.18,103.15
4,337.458,101.09,10.81,104.69,10.76,107.9,111.11,112.06,100.65,108.93,11.32,99.31,10.63,106.46,98.82,116.37,102.96
3,337.637,114.2,9.88,102.48,11.02,102.18,97.78,94.18,110.82,108.73,10.83,94.62,10.41,106.09,103.32,106.94,104.63
1,338.382,101.76,11.22,112.53,10.06,104.52,104.45,103.01,109.17,97.78,11.19,112.15,10.53,105.49,99.36,104.41,99.26
4,338.854,96.82,11.76,105.91,11.02,110.25,98.05,109.0,110.56,102.59,11.1,102.2,10.14,101.86,113.67,102.44,95.5
2,338.881,103.92,9.72,106.49,9.89,99.53,118.7,105.25,101.99,108.44,10.66,97.98,9.32,112.84,115.42,110.2,104.01
3,339.434,114.56,9.6,105.06,11.1,97.93,104.97,103.81,98.28,109.34,10.22,110.17,10.74,96.79,110.18,95.01,101.9
3,339.528,109.34,10.36,98.38,10.33,111.08,98.52,96.59,101.2,100.42,9.56,101.9,11.05,113.21,104.3,96.39,96.64
1,339.609,112.59,9.74,108.98,10.5,106.78,107.28,100.95,98.28,99.73,9.7,111.41,10.07,101.76,107.87,109.19,111.3
2,339.63,113.81,9.53,103.69,10.2,98.12,101.93,99.16,111.77,99.18,9.51,105.73,10.2,114.11,111.21,111.95,103.24
2,339.926,109.95,9.76,96.34,10.68,104.21,102.1,103.36,100.75,100.54,10.24,108.19,9.79,111.92,110.12,103.49,96.54
2,339.999,101.75,9.33,108.72,9.85,113.49,114.21,105.57,99.52,110.18,10.28,96.34,10.97,97.12,107.94,103.6,106.77
3,340.675,108.2,9.29,101.59,10.64,98.38,105.36,106.89,100.46,104.33,10.44,95.31,11.09,104.84,105.64,102.76,105.99
3,341.433,99.03,9.42,97.05,10.11,96.92,104.94,93.13,99.98,115.46,9.67,110.76,11.12,98.6,102.41,97.74,102.19
3,341.478,98.67,10.63,94.35,10.12,106.1,114.8,106.73,107.17,110.31,9.38,102.72,9.63,96.48,103.61,93.45,102.06
2,342.079,108.08,9.77,99.28,10.58,103.22,113.77,101.09,112.05,99.65,10.42,96.34,10.81,106.92,109.86,106.07,102.51
1,342.233,109.54,10.37,109.54,9.93,109.95,99.92,96.55,97.36,113.04,10.0,113.64,9.98,96.38,103.4,101.68,95.66
4,342.285,93.89,10.01,110.95,10.81,104.01,102.68,100.94,110.57,103.7,10.96,105.16,9.78,111.18,106.44,109.93,101.42
3,342.507,106.76,10.01,107.94,10.97,106.14,106.63,91.84,109.13,110.9,10.14,107.4,10.74,110.73,109.52,99.87,96.88
4,342.641,105.47,11.76,109.41,10.94,100.36,104.7,113.35,104.86,108.24,11.28,112.98,10.51,109.45,104.78,100.01,106.9
2,342.692,105.62,10.51,104.48,10.37,103.42,103.83,112.05,105.01,112.2,9.35,101.91,10.98,111.47,103.76,112.98,95.98
3,342.699,106.3,9.25,110.61,10.29,113.97,109.22,104.48,99.32,102.24,9.59,109.88,9.76,102.0,100.26,104.86,103.91
2,343.191,115.49,10.41,102.68,10.64,109.32,114.52,109.47,101.34,108.81,9.97,97.43,9.5,106.44,100.94,114.16,104.64
2,343.745,99.68,10.92,93.72,10.08,99.3,115.33,99.25,106.34,112.55,10.61,97.29,10.22,105.32,106.63,112.22,99.25
1,343.943,105.94,10.85,110.33,10.67,107.02,106.49,105.15,97.51,107.28,11.11,111.8,10.51,100.01,108.25,101.06,109.86
1,343.954,99.72,11.13,111.06,9.71,96.0,115.58,97.32,105.0,113.03,10.11,106.18,10.26,109.12,99.4,93.75,105.13
1,344.108,97.02,9.86,107.73,10.33,98.76,109.82,94.07,112.67,110.84,10.2,104.46,11.45,106.42,111.53,104.05,101.63
4,344.498,104.94,11.43,113.53,11.47,99.36,114.17,100.94,93.7,100.91,10.23,102.28,10.45,112.72,106.36,107.53,106.3
2,344.775,105.94,10.95,96.38,9.47,102.57,113.69,103.22,108.97,107.4,10.44,92.48,9.92,111.64,116.01,105.57,101.18
4,344.784,100.99,10.82,113.55,9.85,110.53,99.89,108.47,93.46,96.7,11.27,99.51,11.12,99.77,100.06,101.14,102.58
1,344.952,95.82,10.04,102.18,9.78,105.48,114.62,97.43,100.06,100.11,9.98,106.84,10.53,93.24,116.21,108.93,113.16
3,345.15,114.86,10.33,96.73,11.28,109.48,113.37,95.45,113.52,97.51,9.91,106.25,10.64,109.59,113.74,104.35,98.38
4,345.159,104.47,11.16,110.18,10.57,104.05,106.72,100.08,105.06,102.44,11.67,110.34,10.68,112.9,113.15,106.23,97.49
4,345.273,104.23,10.72,111.66,10.67,105.84,99.38,115.12,107.51,103.14,11.64,110.93,11.13,116.06,106.3,104.65,102.38
1,345.299,106.36,11.26,106.41,10.29,101.13,112.21,105.97,101.55,103.43,10.39,113.88,10.69,109.45,106.49,93.59,101.76
3,345.544,114.86,9.87,95.56,10.24,100.43,98.91,104.03,108.88,113.27,10.19,95.03,10.87,108.42,113.2,103.42,100.8
2,345.555,109.07,10.81,105.18,10.95,111.81,111.81,101.71,109.57,113.37,9.79,103.96,10.91,105.73,118.11,115.52,107.28
3,345.599,113.51,9.42,100.55,9.94,98.95,114.23,94.7,100.3,112.47,9.75,107.43,10.6,108.23,115.52,97.14,98.22
1,346.194,103.0,10.79,107.12,11.48,107.98,98.12,104.0,105.05,112.08,10.92,104.14,10.46,93.78,115.81,106.87,105.24
4,346.743,103.93,11.61,101.87,9.97,110.85,116.27,102.73,94.14,105.2,10.09,97.37,10.63,98.97,113.84,111.32,108.84
2,346.79,104.4,10.02,107.75,10.28,110.26,103.78,115.59,102.02,101.59,10.75,109.61,9.93,103.43,111.24,109.96,104.87
2,346.836,101.69,9.53,92.35,10.56,106.15,103.76,115.75,107.2,99.87,10.53,98.86,9.98,106.66,104.57,115.27,98.38
3,347.106,100.26,10.2,101.59,10.14,110.47,102.41,109.09,111.02,108.93,9.43,102.3,10.3,110.73,104.31,108.75,111.76
4,347.551,101.41,11.78,101.9,11.04,106.18,112.79,113.51,103.87,105.52,10.25,110.68,11.37,103.28,111.28,104.54,100.46
2,347.822,110.43,9.93,105.55,10.38,103.04,112.51,113.27,108.02,102.28,10.05,108.22,9.57,110.92,100.06,115.45,97.82
3,347.877,108.09,9.79,94.02,9.72,112.9,106.49,102.44,104.73,106.62,10.68,107.32,10.44,105.01,113.37,103.72,106.24
4,348.398,101.65,11.16,108.29,11.0,109.17,113.35,116.51,109.36,93.27,11.02,110.31,10.18,109.94,107.26,113.68,101.04
4,348.63,97.96,11.72,97.14,11.23,111.3,101.2,114.05,96.95,106.98,10.12,109.06,9.91,111.46,104.72,110.51,105.8
4,349.03,100.88,10.86,109.36,9.98,110.26,116.31,103.75,102.65,103.22,10.94,97.11,10.3,110.25,109.6,107.79,106.86
4,349.186,105.72,10.94,104.3,10.87,103.96,113.27,102.6,103.82,97.59,10.19,108.22,11.36,107.44,113.8,105.62,110.44
1,349.19,109.68,10.24,104.41,11.18,94.26,100.51,107.06,96.24,110.34,9.96,109.83,11.11,108.57,103.32,98.48,109.29
3,349.696,104.41,9.35,100.65,10.99,95.92,99.19,95.6,102.94,102.35,9.92,107.66,10.85,101.18,111.14,99.68,101.32
3,351.13,110.86,10.84,100.2,10.0,108.08,112.02,94.21,108.14,114.51,9.89,100.47,10.61,101.34,107.05,100.42,105.5
1,351.31,106.46,10.37,105.87,9.99,109.59,99.74,93.05,109.17,102.06,9.89,109.8,9.86,104.07,108.4,94.86,103.63
2,351.311,112.64,9.59,105.23,9.71,103.64,112.86,104.7,101.08,100.74,10.63,93.61,9.93,110.42,117.71,103.12,100.77
1,351.413,107.81,10.92,109.43,10.34,109.68,110.16,104.79,98.14,109.64,9.86,113.83,10.84,107.22,104.1,109.2,97.96
4,351.495,102.96,10.02,98.27,10.92,99.8,98.45,104.19,101.66,106.77,10.42,104.52,10.01,112.39,114.25,101.59,101.07
1,351.832,103.24,10.14,109.29,10.17,96.83,100.38,106.12,96.0,98.51,10.15,105.13,10.22,103.33,105.75,93.63,109.86
3,352.097,107.4,9.79,108.77,11.45,109.53,106.82,93.81,114.54,97.76,10.52,93.49,10.89,99.4,102.76,93.4,109.81
1,352.127,96.7,10.57,99.15,9.9,104.73,100.84,97.97,106.88,101.9,10.94,100.86,10.0,96.5,103.17,105.88,112.68
1,352.629,105.44,11.15,104.31,11.5,97.83,108.81,103.81,113.02,113.23,10.04,104.08,10.67,100.28,114.18,105.58,107.55
4,352.876,94.33,10.03,107.13,10.25,99.33,103.74,100.22,108.2,101.34,10.84,110.64,11.5,105.8,100.82,105.74,105.78
2,353.01,105.46,9.61,96.34,9.76,102.37,114.46,114.95,95.77,107.55,10.02,100.92,10.05,107.03,117.43,99.9,99.81
4,353.017,100.16,11.79,106.62,11.51,101.64,102.12,102.26,95.9,107.49,10.87,103.48,10.72,101.34,110.1,113.2,101.04
3,353.418,109.3,9.25,102.72,9.72,99.54,108.89,92.62,101.53,112.91,10.89,105.95,10.03,105.88,112.49,102.85,98.47
4,353.933,95.14,11.23,100.82,11.14,106.69,99.41,99.64,105.97,100.95,11.76,104.25,10.77,114.86,101.12,103.28,99.31
2,354.444,105.25,10.68,108.82,9.71,113.75,114.38,104.4,101.06,99.08,10.72,92.69,10.4,111.4,109.82,103.32,107.08
1,354.548,108.0,11.08,102.89,10.84,96.65,98.18,96.59,99.69,101.1,10.5,111.88,9.73,99.43,100.89,94.12,95.78
4,354.746,102.58,11.35,95.9,10.1,100.3,98.85,99.24,94.48,105.52,11.43,107.44,10.77,116.48,116.34,104.18,109.43
2,355.114,106.02,9.32,100.52,9.96,105.01,111.75,115.76,102.12,115.46,9.74,100.47,10.67,96.23,115.54,110.39,100.43
3,355.152,112.75,9.94,96.23,11.2,108.44,104.02,92.29,109.47,104.3,10.28,109.31,9.78,103.42,97.53,93.46,97.23
1,355.247,96.51,11.38,104.04,10.18,97.7,114.14,105.62,111.3,110.91,11.38,99.6,11.3,101.92,107.78,102.62,101.65
2,355.248,109.12,10.95,102.99,10.58,96.42,109.29,107.69,96.81,108.37,9.75,100.59,10.56,112.12,106.99,100.78,108.67
3,355.398,106.51,10.03,94.11,9.98,107.98,114.2,108.63,108.23,105.5,9.76,97.25,11.28,111.53,98.03,104.23,101.94
1,355.572,103.09,11.06,111.15,10.19,94.0,110.9,98.7,101.3,98.05,10.12,100.02,9.88,104.73,110.19,102.34,110.82
2,355.598,111.08,10.81,108.3,10.75,104.28,114.58,113.33,104.74,108.5,10.13,105.95,9.55,107.26,101.88,100.58,110.47
2,355.624,116.52,9.52,96.35,9.93,109.73,102.37,107.98,100.5,113.87,10.44,99.72,9.61,113.62,109.18,106.17,106.83
2,355.708,104.38,9.75,103.85,9.76,103.2,114.37,116.12,99.98,100.82,10.34,108.59,10.22,99.77,100.06,114.58,106.1
2,355.751,102.88,10.42,103.96,10.56,107.54,109.9,113.76,111.79,100.47,10.16,103.79,9.9,114.34,115.52,99.72,96.06
3,355.849,106.1,10.59,106.45,10.94,109.9,108.98,91.83,98.69,107.31,10.28,101.25,10.18,112.43,103.19,103.35,110.12
4,356.264,106.61,10.46,104.14,9.91,111.44,106.78,106.6,104.92,107.73,11.35,100.21,11.41,111.46,103.34,102.46,99.31
2,356.359,111.1,10.89,95.86,9.31,112.0,102.29,114.06,98.76,113.67,10.87,98.84,9.64,99.82,103.19,99.45,111.77
2,356.391,117.56,9.38,100.84,9.81,102.51,114.46,104.59,104.49,106.5,10.31,97.55,10.5,109.91,112.5,116.38,95.78
3,356.661,99.61,9.25,110.5,11.04,99.24,114.38,101.27,114.61,104.39,10.16,104.87,10.74,107.98,98.54,104.23,105.9
4,356.693,107.48,11.47,104.83,11.13,111.56,101.96,112.89,99.73,100.95,11.38,97.11,10.51,109.27,103.85,117.36,110.72
3,356.759,115.25,9.87,101.56,10.66,96.23,113.2,107.73,102.04,101.45,9.72,105.41,10.62,110.47,107.41,106.97,103.77
3,357.393,107.2,10.68,100.55,11.14,103.82,113.35,92.6,99.45,99.02,10.73,102.74,10.85,105.28,113.64,96.2,98.45
3,358.588,105.45,9.67,101.63,9.92,111.5,101.83,105.66,114.25,102.48,10.29,108.98,10.85,98.24,106.58,94.95,109.2
3,358.612,104.18,10.52,106.8,10.59,110.24,112.66,104.87,101.78,109.8,9.47,96.06,10.86,99.28,113.56,99.77,113.6
1,358.744,97.75,10.66,106.7,10.72,106.78,110.19,108.36,96.09,104.3,11.04,99.59,10.44,100.81,98.42,99.93,99.04
4,359.15,98.29,10.81,104.1,11.19,112.51,106.02,104.74,104.65,107.73,10.23,108.29,11.2,108.81,114.26,99.83,102.42
3,359.37,102.41,10.21,110.37,11.15,103.54,114.23,97.1,100.83,114.01,10.89,102.74,11.4,102.09,101.62,107.52,103.05
1,359.46,105.93,10.94,113.48,11.39,93.01,107.87,109.2,107.2,101.66,10.92,107.69,10.59,94.22,99.68,92.71,109.49
4,359.481,102.8,11.19,111.74,10.62,117.08,109.2,103.2,99.34,95.18,10.32,96.79,10.89,108.73,99.38,117.19,101.66
2,359.635,117.7,10.12,105.24,10.56,103.67,116.65,110.2,101.06,114.37,10.67,95.41,9.32,103.24,114.81,113.42,109.53
2,360.178,108.31,9.45,98.19,9.64,107.0,103.75,106.76,102.75,99.4,9.91,108.99,10.22,98.23,109.19,111.7,112.62
2,360.646,107.22,10.84,95.04,10.61,107.58,115.14,114.14,108.57,103.1,9.34,94.85,10.36,103.91,118.18,105.06,102.15
1,360.727,105.46,11.14,107.3,10.45,99.61,112.64,98.86,107.2,113.18,10.7,103.08,10.66,107.96,113.33,99.17,111.01
2,361.351,113.28,10.19,101.26,10.95,108.61,118.13,112.27,100.75,102.14,10.02,93.99,9.69,97.34,117.1,116.31,108.78
2,361.399,103.32,10.6,103.05,10.26,105.52,115.01,115.45,112.61,112.64,10.13,101.0,10.24,105.41,118.2,98.86,100.69
4,361.782,102.95,11.12,110.97,11.55,116.81,113.23,115.85,97.62,100.17,10.68,108.02,11.56,103.62,104.3,102.63,105.56
4,362.189,108.22,10.63,96.8,9.86,99.5,102.77,99.24,100.82,106.16,10.94,108.51,10.94,110.82,113.26,113.55,105.74
2,362.705,109.53,10.84,104.22,10.75,103.52,102.37,102.81,111.59,105.76,10.24,108.99,10.52,101.54,115.31,99.31,100.27
2,362.802,116.52,10.31,105.18,9.74,102.44,106.35,101.17,100.69,110.33,9.27,97.53,11.03,110.06,109.3,99.76,103.98
3,362.901,107.04,10.01,110.42,11.11,112.38,109.85,106.98,101.76,110.59,9.96,97.05,10.61,104.86,98.54,100.31,101.51
4,364.16,92.85,10.09,95.95,9.97,100.51,106.4,101.07,98.33,93.85,11.05,98.92,10.23,101.97,112.78,100.96,97.8
1,364.249,102.79,9.74,99.96,10.54,99.72,103.66,102.06,106.54,109.88,11.19,99.85,9.97,97.08,100.5,96.22,98.73
1,364.578,110.58,10.82,99.69,11.28,98.64,104.12,97.39,113.52,110.05,11.27,108.98,9.98,106.91,100.49,104.01,106.39
3,364.979,113.67,9.56,108.27,11.09,100.89,103.61,106.33,112.03,114.7,10.85,96.06,10.2,112.9,101.24,95.81,102.72
3,366.128,103.16,10.23,95.41,10.24,106.85,115.68,101.51,102.92,112.4,10.69,110.06,10.94,103.6,109.6,94.15,102.95
2,366.518,114.26,10.69,96.35,10.55,99.53,109.82,103.48,104.58,108.8,10.87,107.31,10.37,102.67,107.04,102.14,103.98
4,366.718,102.38,10.12,109.13,11.22,101.91,106.2,102.11,105.58,103.01,11.46,109.56,10.72,101.66,112.98,104.04,95.94
4,366.779,107.03,11.67,108.62,10.91,100.84,108.5,111.46,99.39,97.3,10.11,105.65,10.28,101.97,103.21,101.23,110.35
2,367.049,99.2,10.18,92.69,9.62,107.32,108.04,109.42,112.98,107.55,10.24,99.46,10.04,102.23,111.22,107.01,102.28
1,367.081,103.0,11.44,114.08,10.02,105.2,101.85,104.86,112.67,103.32,11.41,99.16,10.76,106.65,109.01,102.33,111.8
3,367.675,113.87,10.01,98.24,11.12,103.16,111.46,101.09,102.8,105.31,10.27,99.86,11.08,100.4,102.74,108.25,99.3
3,367.94,112.98,10.2,95.64,9.81,108.4,111.55,94.65,101.76,98.41,10.18,103.57,10.04,107.51,98.75,92.15,106.96
3,368.501,101.11,9.89,102.74,10.86,112.59,112.52,103.04,96.74,99.48,10.43,95.68,10.33,110.23,98.89,104.57,113.52
2,368.599,110.32,10.75,102.59,10.57,102.0,109.86,106.13,105.59,110.92,9.46,107.2,10.61,111.16,108.19,101.22,98.08
1,368.814,110.27,10.99,98.66,9.85,109.55,103.79,104.72,96.52,99.65,9.78,113.84,9.88,107.72,103.09,101.02,112.89
1,369.091,95.89,10.49,114.66,11.2,93.19,105.35,100.11,108.68,101.18,9.9,109.23,11.13,95.91,99.56,93.23,104.08
1,369.249,106.73,11.27,101.39,10.29,106.78,103.96,94.92,96.52,104.45,11.03,97.99,10.68,106.71,100.49,95.49,107.24
1,369.642,96.38,11.2,107.91,11.32,102.86,111.17,94.11,110.64,109.75,10.47,114.41,11.24,101.58,101.69,101.83,113.65
3,369.808,110.13,9.41,104.52,11.14,96.18,104.68,102.0,106.69,114.0,10.15,102.74,10.31,109.99,98.35,98.74,97.01
3,369.941,98.25,10.47,97.64,9.8,101.68,110.82,93.36,109.28,105.16,9.2,96.96,11.22,101.82,108.27,108.11,101.91
1,370.002,112.48,10.53,104.42,9.7,96.06,101.45,98.25,108.99,105.48,10.54,100.28,9.86,101.56,110.06,97.87,108.67
4,370.354,108.63,11.69,104.45,11.03,113.77,104.94,100.89,108.27,96.59,11.56,98.05,10.68,104.63,101.2,116.8,96.71
4,370.537,102.42,10.22,109.43,9.77,110.06,103.18,108.21,97.62,102.98,11.58,109.4,10.63,115.6,114.23,113.32,110.17
3,370.938,115.12,9.84,106.27,10.32,100.38,104.71,94.89,97.14,114.7,9.3,105.67,10.12,101.29,112.3,103.01,97.72
3,371.31,104.63,10.73,98.47,11.29,109.75,103.2,95.44,112.05,104.3,9.79,95.06,10.43,113.51,113.64,104.57,106.84
3,371.815,114.71,9.54,102.66,11.08,112.27,111.13,103.29,103.62,108.43,10.75,106.8,11.41,109.87,104.02,92.09,105.55
3,371.952,114.71,9.26,100.59,9.75,112.83,106.61,104.2,106.65,108.54,10.93,93.42,10.53,102.62,115.21,102.9,107.64
2,372.023,101.87,10.6,92.69,9.32,104.93,117.68,99.2,95.78,115.46,10.12,104.99,11.02,99.1,114.94,104.41,112.95
4,372.104,105.99,10.82,113.43,10.58,108.73,114.64,112.09,99.88,102.22,10.68,102.44,10.05,111.03,99.13,107.6,109.19
3,372.214,106.92,9.9,97.64,11.21,102.36,104.48,93.68,103.12,109.04,10.52,108.36,10.68,104.34,113.68,97.0,108.45
4,372.275,95.1,11.07,106.56,9.96,112.71,108.18,116.87,105.51,109.28,10.04,97.92,11.23,107.93,101.67,105.12,102.23
3,372.362,112.02,10.3,100.06,11.36,109.9,102.48,99.6,107.54,98.99,10.69,100.92,10.96,102.17,102.06,102.95,99.27
1,372.599,110.08,10.21,111.75,10.61,101.07,105.35,92.71,112.43,106.41,10.04,112.52,10.18,103.33,106.27,109.73,113.25
3,372.633,108.64,10.83,101.81,10.93,103.77,113.58,101.81,101.05,112.61,9.8,98.26,9.65,98.55,114.81,99.53,114.14
3,372.808,106.68,9.63,99.3,10.83,99.26,115.12,101.66,104.4,101.65,9.73,105.23,10.1,109.33,102.5,100.52,97.28
1,372.866,111.46,10.39,106.43,10.57,102.12,110.16,102.02,111.9,110.0,9.68,102.09,10.34,94.82,103.14,106.58,100.79
1,372.877,101.17,10.68,111.81,10.02,104.15,110.77,109.54,113.15,97.0,10.45,101.11,10.58,108.71,113.56,106.87,105.18
3,372.921,106.1,10.32,100.19,10.12,112.94,108.24,93.58,102.47,102.41,10.37,98.53,10.97,101.51,104.47,100.42,106.78
4,373.504,99.0,11.82,104.39,11.52,111.99,104.48,106.13,97.54,99.67,11.82,109.19,11.02,112.97,106.01,116.63,105.47
1,373.507,105.36,9.76,104.26,10.02,101.9,109.15,106.46,111.3,98.69,10.55,106.43,11.05,109.57,104.45,96.5,103.64
4,373.791,108.32,10.7,109.15,11.19,114.38,116.18,101.13,95.82,106.13,10.02,111.38,11.27,113.39,114.35,114.26,101.51
1,374.046,105.29,10.41,107.11,11.25,104.98,103.92,107.14,112.3,104.26,9.7,115.76,11.42,96.0,104.66,106.15,99.61
1,374.381,98.28,10.31,99.24,10.53,97.22,100.58,100.58,112.7,102.56,9.8,109.98,10.46,109.62,111.79,99.36,97.73
4,374.403,103.48,11.01,111.75,11.56,105.95,110.47,100.34,102.96,103.38,11.26,103.24,10.83,106.8,103.35,108.88,106.45
4,374.448,98.63,11.33,105.0,9.81,115.49,110.67,99.91,94.56,108.93,10.94,96.6,11.46,99.44,103.38,104.31,107.93
1,374.456,104.44,11.09,111.54,11.44,104.57,102.31,99.92,104.25,110.45,10.38,112.15,9.92,97.83,106.75,105.65,103.38
2,374.666,115.66,9.84,105.05,9.48,105.19,102.37,103.24,112.7,104.54,10.55,95.36,10.22,109.62,114.1,111.94,96.1
3,375.323,112.76,10.87,98.9,11.32,98.28,114.8,105.66,113.78,104.29,10.1,107.57,10.01,108.72,109.5,108.14,104.52
1,375.442,96.01,10.72,106.18,10.93,106.34,113.93,106.65,104.06,95.88,10.01,107.16,11.11,104.84,116.44,97.56,99.25
1,376.073,112.65,11.1,111.85,10.67,93.8,112.31,105.97,98.5,103.71,10.15,103.0,10.15,102.82,112.93,94.04,107.24
1,376.242,106.81,11.31,115.02,10.17,104.13,98.76,95.88,100.18,97.58,11.46,114.08,11.44,101.54,99.14,102.43,106.54
2,376.357,109.74,9.79,107.43,10.92,113.91,118.05,105.25,99.98,116.95,10.3,95.04,10.43,113.49,115.84,101.14,102.76
4,376.36,95.78,10.24,110.48,10.2,99.05,99.3,115.64,105.25,106.61,10.63,104.12,11.58,105.82,113.5,103.22,97.8
1,376.564,109.71,11.28,110.7,10.52,97.8,98.42,99.6,106.39,111.04,10.45,109.47,10.17,109.27,99.75,108.94,103.42
4,376.703,101.23,10.7,111.95,10.2,116.33,110.6,103.35,105.97,100.04,10.98,98.17,10.56,111.58,112.27,107.92,100.44
1,377.065,112.11,10.66,110.06,11.42,95.75,109.38,94.11,100.06,102.23,11.14,109.27,9.86,98.24,102.62,93.12,107.9
3,377.581,105.01,10.49,99.45,10.93,105.89,97.79,95.01,110.94,106.92,9.91,109.5,10.38,108.06,99.21,104.99,97.19
4,378.059,99.57,11.66,103.7,10.81,101.24,100.06,111.52,110.7,102.14,10.79,101.05,10.8,111.6,114.98,115.0,100.53
1,378.144,105.93,10.96,98.41,10.67,105.61,100.47,108.94,102.45,98.54,10.06,113.98,10.02,108.52,106.2,95.06,99.6
1,378.496,110.9,11.14,103.21,10.11,104.78,103.44,95.32,107.87,101.1,10.06,97.74,11.03,96.86,100.66,98.25,95.74
1,378.567,107.54,10.01,106.29,11.04,100.27,112.6,109.59,98.14,97.17,11.31,105.62,10.74,92.98,106.0,106.65,105.03
1,378.596,110.28,9.87,112.61,10.92,106.27,108.74,106.48,113.33,103.67,10.47,111.75,10.88,104.73,106.3,107.52,95.74
3,378.853,108.52,9.55,107.55,10.85,99.53,112.52,94.64,104.76,111.75,9.24,97.44,10.64,95.97,106.72,95.64,101.32
3,378.872,113.61,10.62,97.82,10.5,111.34,100.5,102.56,111.19,111.43,9.64,103.65,10.95,107.63,102.83,101.06,99.3
2,378.899,109.36,9.74,105.13,10.43,106.46,118.45,115.97,104.59,108.42,10.17,98.94,10.14,107.83,114.56,100.57,108.09
1,379.504,102.06,10.7,110.83,10.09,96.47,115.54,95.63,113.09,99.87,11.37,108.67,10.06,101.57,101.51,110.08,98.14
3,379.88,104.04,10.01,106.39,10.33,100.34,100.86,100.6,105.96,101.74,9.77,107.59,9.65,106.88,101.19,98.04,111.54
2,380.143,114.99,9.4,99.96,9.42,112.4,108.12,105.69,108.67,105.23,10.29,97.07,9.97,102.2,111.68,107.4,95.77
1,380.411,97.14,10.59,106.84,10.08,93.93,115.14,95.66,104.68,102.83,10.16,106.88,10.43,105.51,110.26,96.46,100.89
3,380.744,112.05,10.71,108.36,10.15,96.22,101.58,106.71,101.2,110.26,10.33,108.28,9.71,103.77,109.22,105.05,97.29
2,380.982,110.44,10.58,100.59,9.57,110.25,102.8,105.06,96.54,99.26,10.13,102.8,9.32,96.9,110.09,100.54,104.12
4,381.517,93.32,11.07,110.09,10.03,111.44,102.06,109.76,101.42,105.5,11.53,105.26,10.32,114.94,112.46,103.65,107.77
3,382.105,111.88,10.38,109.72,10.99,99.69,109.94,108.25,113.39,107.06,9.8,94.32,10.47,107.69,99.47,106.0,96.61
1,382.549,101.6,10.92,108.79,11.33,105.38,100.38,96.45,97.36,98.36,11.14,109.53,10.88,98.38,104.56,107.5,111.82
2,382.807,100.22,10.77,99.9,9.32,113.62,109.35,103.41,113.19,113.39,9.3,103.43,10.16,101.36,118.05,105.3,106.7
1,382.972,102.96,9.64,102.72,10.02,104.74,105.2,94.9,96.22,109.48,11.34,102.2,11.01,106.78,108.02,97.08,100.06
3,383.239,100.9,9.48,102.38,10.28,99.69,105.36,105.03,108.43,111.2,10.17,98.26,10.05,109.9,103.93,93.16,105.02
4,383.481,101.95,10.65,105.56,10.58,115.28,109.64,111.79,93.91,105.46,10.52,98.37,10.24,115.56,98.98,100.3,97.59
4,383.598,105.28,10.74,110.18,11.18,112.29,105.47,116.18,106.52,107.03,10.01,111.7,9.89,108.23,115.66,114.22,101.3
1,383.715,112.7,9.64,111.72,10.89,108.85,99.15,105.33,97.16,107.89,10.28,114.08,10.88,95.73,106.01,103.1,106.85
1,383.78,102.6,9.99,109.58,9.74,101.56,106.62,98.56,100.16,97.16,9.65,111.83,10.65,106.78,102.44,92.71,98.68
2,383.791,113.09,9.5,94.89,10.04,100.22,102.37,106.37,111.3,107.9,10.77,106.42,10.13,107.12,111.89,113.27,103.1
1,383.805,95.61,10.15,107.8,10.4,102.24,98.43,94.65,100.8,102.26,10.1,103.1,10.62,97.89,107.72,100.47,109.93
2,383.876,110.8,10.17,107.45,9.54,111.72,118.06,107.07,96.62,115.82,9.63,93.01,10.58,103.66,103.34,116.17,100.77
4,384.088,109.2,10.02,103.7,11.54,103.26,104.49,103.68,94.27,101.5,10.78,102.05,10.74,111.31,111.35,107.3,106.62
3,384.435,110.05,10.27,110.59,9.92,110.59,112.82,104.21,103.99,110.56,9.92,109.59,11.43,103.39,112.08,108.38,109.62
4,384.76,107.92,10.87,107.24,11.06,99.25,113.27,113.54,101.07,104.65,10.51,96.5,9.84,101.34,112.39,110.43,103.17
1,384.766,102.08,10.68,99.69,9.74,95.69,111.78,95.06,109.69,98.52,10.72,98.17,9.94,104.73,100.86,102.9,106.46
2,385.394,108.48,10.42,105.83,10.42,103.04,117.13,116.31,101.85,114.18,9.59,101.63,10.67,112.32,103.75,103.22,111.01
1,385.836,111.47,10.78,107.95,10.59,95.52,113.54,101.99,112.89,111.42,9.74,101.39,11.25,107.32,109.44,105.53,97.38
2,385.836,110.44,10.9,103.61,10.95,106.56,106.44,102.61,111.25,115.9,10.9,93.34,9.82,111.1,101.08,112.61,112.0
3,385.854,104.21,10.59,95.66,11.06,106.88,108.97,99.72,101.03,103.71,10.71,97.25,11.28,113.46,106.72,94.7,102.99
1,385.856,109.07,9.78,109.59,10.95,95.52,99.44,103.1,112.32,101.27,9.64,102.92,10.02,93.98,116.38,109.87,111.76
4,386.053,99.47,10.33,111.35,10.5,107.57,115.12,112.58,100.68,101.58,10.96,96.28,11.21,108.64,108.86,108.01,105.15
4,386.186,100.99,10.54,108.09,9.88,117.36,100.94,110.06,99.9,106.54,10.96,112.09,10.88,109.69,108.06,109.74,95.76
3,386.278,107.14,10.58,100.47,9.69,106.14,99.61,107.77,113.48,111.48,10.54,105.89,9.67,100.92,107.67,92.62,103.74
1,386.413,96.82,11.4,112.19,11.12,109.05,111.47,100.01,97.96,110.18,10.16,108.59,10.67,101.46,104.99,95.59,97.23
4,386.715,93.82,10.84,104.49,10.36,115.7,115.5,105.74,109.61,101.97,10.53,97.7,11.17,117.51,114.2,114.46,105.12
3,386.835,101.81,9.72,100.6,10.23,101.02,106.2,103.35,98.78,97.91,9.54,109.4,10.5,98.26,108.05,100.58,102.18
4,386.876,97.41,11.54,112.22,10.04,99.13,105.0,108.47,95.09,100.51,10.02,104.94,10.17,113.49,107.48,114.74,95.57
3,386.9,113.87,10.74,110.04,9.65,98.16,112.68,94.74,110.96,106.24,9.79,94.19,10.18,103.84,113.64,96.24,105.96
4,387.106,104.43,11.03,101.05,11.39,107.5,112.46,112.6,99.51,101.84,11.09,103.31,10.21,112.26,109.32,105.97,102.04
2,387.396,108.97,9.8,97.7,9.47,98.22,100.22,100.81,105.47,111.33,9.99,105.77,10.64,97.21,101.27,106.46,107.78
3,387.537,109.33,9.76,96.61,9.8,104.3,101.56,104.21,99.46,108.63,9.21,95.99,10.0,97.88,101.56,100.46,98.15
4,387.962,102.78,10.58,109.06,11.41,115.02,115.69,99.5,110.66,104.67,11.36,108.79,11.37,107.77,105.72,105.04,94.59
2,388.259,113.36,10.63,93.0,9.69,106.77,109.23,104.74,97.82,99.17,10.13,100.47,10.79,109.93,103.24,100.49,112.83
4,388.529,96.13,10.81,107.05,9.81,105.58,112.73,115.74,102.51,99.12,10.3,112.88,10.51,115.98,101.67,111.2,109.87
1,389.555,111.93,10.42,97.65,11.44,102.66,106.56,107.67,102.58,102.26,11.25,115.28,10.64,107.17,111.4,96.18,99.69
2,389.787,109.19,9.63,107.2,9.32,107.56,109.01,103.88,102.33,113.58,10.06,108.1,10.64,111.73,111.21,115.52,107.23
3,389.975,109.09,10.46,100.27,10.61,109.01,110.99,98.8,110.54,102.17,9.84,104.13,10.64,111.57,109.36,103.24,103.69
1,390.074,106.78,10.75,101.14,9.69,97.15,110.31,95.62,104.87,104.58,11.21,102.91,10.94,95.0,115.37,94.1,112.65
4,391.145,95.18,10.82,105.91,10.16,105.02,104.47,103.58,104.54,108.71,10.26,99.28,10.51,99.15,109.69,113.37,105.97
2,391.439,101.7,10.42,104.75,11.03,97.9,112.7,107.84,112.08,110.41,10.1,101.19,10.75,107.96,111.33,114.74,108.24
2,391.841,111.16,10.5,108.6,11.03,112.18,112.69,111.22,95.74,106.56,9.57,109.11,9.49,102.7,111.68,114.38,107.71
3,393.016,98.73,10.85,102.3,11.36,107.44,103.51,101.45,109.28,112.46,10.35,110.62,10.91,105.37,102.89,93.99,109.17
3,393.577,109.08,9.2,108.8,10.8,101.68,108.9,103.16,114.25,111.48,9.36,102.5,9.99,96.14,115.01,99.87,112.52
2,395.291,99.18,10.44,100.55,10.95,113.73,117.65,115.23,111.04,111.33,9.8,96.44,10.72,103.51,103.85,108.3,97.07
1,396.17,102.4,10.88,97.65,10.18,104.2,101.15,100.54,105.54,113.23,9.71,104.84,11.06,101.54,104.12,97.32,106.92
3,396.478,99.64,9.27,105.87,10.74,104.71,109.34,107.76,104.92,112.12,9.78,102.17,10.61,113.96,112.92,91.98,98.43
1,396.549,110.57,11.12,115.27,9.93,106.36,108.57,98.81,113.52,108.03,10.97,101.17,9.85,109.96,102.05,104.28,96.48
3,397.023,106.22,10.3,100.3,9.96,96.51,114.64,99.0,113.18,110.05,10.85,107.61,10.22,107.94,113.48,93.31,100.88
2,397.601,105.52,9.69,95.0,9.63,107.36,105.62,115.72,106.33,113.1,9.88,107.58,10.17,105.36,102.73,113.14,110.64
3,397.678,112.46,9.85,102.3,11.12,111.53,101.34,95.14,101.2,112.61,9.84,96.03,10.48,101.5,105.37,104.1,106.59
4,397.718,97.64,11.07,100.65,11.52,106.7,106.3,101.14,105.51,102.06,10.62,111.92,10.25,101.07,99.06,117.21,97.86
3,397.886,102.12,10.17,100.2,10.25,98.5,101.36,97.44,109.15,112.33,9.59,103.49,10.72,108.64,102.78,99.53,100.6
4,398.293,98.65,10.65,108.62,10.57,102.46,113.09,113.88,107.56,104.3,11.27,109.04,11.43,112.23,114.37,113.31,105.57
4,398.988,104.45,10.1,110.41,10.74,104.79,106.23,106.98,97.49,109.14,11.46,104.39,11.35,103.27,113.78,109.55,95.0
2,399.347,100.21,10.63,95.32,9.64,112.56,106.99,100.22,113.19,115.7,9.83,99.79,10.73,109.5,103.94,109.25,102.66
1,399.408,105.8,10.63,107.91,10.07,108.38,111.75,107.05,97.66,96.37,10.17,101.53,10.33,104.83,114.46,100.95,107.0
1,399.702,107.5,11.14,105.93,9.86,95.73,105.78,108.02,103.96,108.63,11.33,99.63,11.21,98.72,105.53,93.15,106.3
2,399.892,116.13,10.04,95.09,9.99,96.68,103.18,115.58,100.36,112.4,10.25,101.58,10.48,103.91,101.99,98.98,104.39
2,399.985,104.09,10.64,92.29,10.03,103.64,117.17,107.76,102.81,105.13,10.49,94.1,10.24,107.04,113.93,106.08,101.91
4,400.058,96.93,10.15,101.63,10.0,104.8,110.73,110.12,110.63,104.62,10.54,102.05,11.57,117.58,108.69,107.3,101.04
4,400.063,93.76,10.74,98.54,10.96,110.85,103.65,104.4,97.05,108.34,10.31,96.46,10.4,102.04,115.15,112.64,108.83
1,400.152,106.84,10.99,107.01,10.4,98.09,103.47,96.48,100.94,112.5,10.58,97.74,10.06,100.27,108.38,101.31,95.88
3,400.626,112.13,9.59,105.13,11.05,97.88,113.25,107.64,113.86,109.93,10.14,99.95,10.27,103.81,101.57,100.33,111.97
3,400.735,112.37,9.28,106.03,10.42,101.73,108.89,102.68,108.25,99.11,9.68,102.86,10.83,106.69,114.84,99.68,104.48
2,401.042,112.56,10.44,106.66,9.98,107.56,109.19,111.0,109.53,108.72,10.42,98.37,9.37,97.03,112.85,99.25,99.83
2,401.418,105.39,10.29,105.06,10.13,97.25,109.21,108.3,101.23,112.15,10.8,101.49,9.83,103.22,106.06,105.8,104.06
4,401.693,105.65,11.77,107.73,11.03,105.82,108.1,112.57,104.58,96.16,10.26,100.27,11.12,113.42,103.36,104.9,106.46
4,401.724,96.7,10.8,96.93,10.77,113.24,106.65,104.81,100.0,102.96,10.85,99.31,10.96,117.61,107.96,101.08,104.56
2,402.089,109.92,10.81,104.34,9.52,98.42,118.36,103.45,96.44,110.72,9.32,103.12,10.64,107.25,101.82,99.3,95.89
3,403.098,101.81,10.35,99.05,9.78,113.41,114.96,96.38,112.62,107.54,10.4,107.63,10.33,98.14,108.21,93.86,110.44
1,403.312,102.83,11.42,106.76,10.25,101.9,106.16,103.17,113.02,109.68,10.93,99.54,10.61,97.3,115.54,104.94,102.32
2,403.639,108.55,10.25,93.24,10.95,99.34,109.6,107.21,101.67,101.68,10.41,99.82,9.96,101.39,109.49,106.82,112.62
2,404.099,108.1,10.36,96.26,9.75,97.39,113.96,109.74,107.84,110.8,10.43,101.63,9.56,107.12,107.89,98.93,112.9
1,404.769,108.43,10.94,105.8,10.18,104.58,115.74,107.46,112.16,96.73,9.92,115.28,11.51,104.43,102.29,109.59,100.71
1,404.833,98.54,11.06,101.7,10.85,94.47,109.14,106.48,104.12,104.46,9.64,106.67,11.48,98.53,109.64,97.13,102.4
1,405.613,108.23,10.8,106.03,10.43,92.57,105.65,106.38,113.16,102.68,10.2,109.13,11.31,96.24,104.61,102.62,111.0
3,405.995,114.04,10.56,97.2,11.38,97.94,110.7,102.91,114.63,107.04,9.99,109.01,9.89,95.92,109.22,109.18,106.24
4,406.018,92.64,11.35,101.88,10.82,108.52,104.41,109.24,94.18,105.88,11.86,100.27,11.59,105.18,98.3,99.57,106.68
4,406.888,102.17,11.72,110.93,10.44,101.97,106.57,113.4,98.97,105.28,10.4,107.62,11.55,101.07,98.65,103.2,107.57
2,407.092,104.52,9.5,106.31,10.74,112.28,112.85,102.33,113.16,108.93,10.65,92.94,10.95,102.86,109.15,106.82,99.22
2,407.406,105.54,9.4,104.81,10.07,100.24,109.41,106.34,107.25,108.42,10.72,106.22,10.24,112.77,102.81,111.39,108.44
4,407.498,107.9,11.26,110.27,10.83,116.5,109.69,115.57,108.2,95.61,11.16,100.83,10.85,106.88,114.22,115.32,95.8
2,407.54,115.9,10.92,99.79,10.04,101.34,107.24,116.68,105.41,111.03,9.29,95.49,10.29,107.76,117.11,112.93,106.64
4,407.874,109.09,10.98,110.18,11.58,107.36,107.83,107.41,98.96,104.38,10.98,99.3,10.76,117.44,112.71,116.83,102.5
3,407.925,104.16,10.53,96.52,10.09,111.07,104.68,99.68,107.64,101.25,10.86,93.7,10.74,108.53,104.48,93.22,101.36
1,408.236,98.14,9.77,106.77,10.9,100.71,106.2,98.79,102.04,99.35,10.01,111.02,9.89,107.43,108.87,104.41,97.98
1,408.386,102.93,9.92,98.56,10.46,98.97,114.35,106.38,104.65,111.73,10.22,109.74,9.79,94.91,98.35,108.04,97.96
1,408.554,107.62,10.09,106.22,11.39,93.88,115.47,95.43,100.64,110.72,10.67,101.49,11.01,108.9,108.98,97.97,104.24
2,408.854,117.47,10.42,92.29,9.81,112.81,113.18,113.9,102.76,109.35,10.7,99.96,9.43,104.77,105.95,106.93,109.63
1,408.957,109.34,11.15,99.85,11.22,99.62,98.23,98.98,112.62,110.66,11.11,100.0,11.28,102.82,99.44,92.85,109.08
2,408.977,116.26,9.41,100.8,10.25,113.13,114.83,99.76,109.66,111.36,9.47,104.46,9.55,109.18,107.49,116.3,109.57
3,409.17,98.49,10.41,99.69,10.74,108.99,113.47,97.52,98.45,113.51,9.69,103.63,9.74,97.11,106.55,104.47,111.84
4,409.518,97.25,11.06,113.65,10.81,104.34,103.35,101.4,100.49,105.98,11.32,110.19,11.56,101.8,110.83,106.67,107.02
1,409.525,105.91,10.29,103.01,9.85,96.3,98.31,98.56,102.32,109.34,10.42,105.62,11.03,104.06,102.07,104.01,98.42
4,409.848,96.3,11.43,96.8,11.56,100.3,105.17,112.04,96.55,102.68,10.23,102.59,10.97,110.62,100.94,103.79,101.75
3,410.926,109.12,9.89,94.3,11.13,102.17,102.73,97.71,102.44,105.1,10.59,104.94,10.26,100.31,115.84,107.81,102.95
1,410.938,95.86,10.13,111.14,9.99,97.41,112.03,99.62,109.49,112.43,11.15,114.82,10.91,100.35,111.0,106.33,98.62
4,411.228,94.56,11.1,113.79,10.78,99.14,109.65,107.07,98.96,105.41,11.18,99.13,10.68,103.52,103.61,100.6,96.08
4,411.612,103.25,10.96,110.37,11.26,103.0,111.36,117.01,98.28,94.78,10.98,109.74,10.49,112.36,107.59,104.04,103.9
2,411.672,107.26,9.35,108.95,10.68,103.02,111.75,115.75,96.43,115.3,10.67,99.47,10.1,96.23,117.95,111.84,100.29
2,411.699,101.78,10.78,101.61,9.33,100.99,106.89,112.6,108.08,105.61,10.13,102.23,10.63,105.25,111.47,108.39,103.9
3,412.056,107.43,10.87,106.8,11.3,110.63,97.97,95.45,101.52,110.26,9.57,94.28,10.55,97.15,108.28,94.48,101.43
1,412.251,97.4,10.86,97.94,10.85,92.6,115.52,105.3,111.93,98.96,11.32,108.99,10.67,97.6,107.93,99.63,96.5
2,412.287,100.54,9.94,97.15,9.38,108.1,104.26,106.36,101.77,117.43,9.74,95.16,10.76,98.2,117.86,115.97,101.85
1,412.543,108.09,11.34,110.3,10.33,103.96,110.28,110.07,96.74,113.09,10.57,112.75,10.76,93.26,113.58,101.55,106.73
4,413.157,102.59,11.02,97.25,9.84,117.08,101.21,111.79,100.63,106.54,11.42,108.66,10.45,102.25,114.26,106.26,107.28
1,413.275,110.63,9.8,99.07,10.38,106.05,98.72,103.24,98.65,103.12,10.55,111.75,10.38,93.96,107.28,97.51,107.39
4,413.323,99.82,10.82,106.4,9.97,107.93,105.0,113.14,96.99,103.33,11.58,102.25,11.27,108.81,98.45,106.63,102.0
2,413.364,110.48,9.89,97.43,9.32,102.55,115.47,116.33,95.28,105.82,10.41,99.58,9.66,99.24,100.94,99.06,101.08
4,413.377,103.24,10.84,95.94,11.16,100.24,110.83,111.26,105.08,93.41,11.12,104.83,10.08,105.18,100.22,104.1,94.48
2,413.458,102.44,9.84,101.34,10.04,108.84,109.94,106.84,111.59,106.94,9.94,94.42,10.68,96.35,114.46,111.22,110.62
2,413.521,114.9,9.38,93.99,10.99,112.22,100.76,105.3,102.03,105.43,9.46,98.94,10.04,111.21,117.63,114.92,101.18
4,413.535,104.29,11.2,100.93,10.21,105.58,98.24,111.12,108.47,96.19,11.46,111.97,10.16,114.36,110.47,102.48,110.6
1,414.103,112.86,10.88,111.47,10.07,108.74,111.78,103.99,106.04,111.43,10.07,111.87,10.22,108.77,100.82,95.49,100.99
4,414.105,106.81,11.27,105.72,10.12,114.54,113.84,115.79,97.86,104.41,11.18,99.02,10.78,109.0,115.07,114.06,103.9
3,414.27,100.76,10.61,103.65,10.56,104.57,114.01,92.15,110.76,107.84,10.33,100.65,10.67,99.2,107.67,97.94,99.27
1,414.305,105.15,10.23,105.05,9.9,102.06,108.56,95.44,99.3,98.34,10.61,107.81,11.21,101.68,110.56,95.59,102.32
3,414.416,105.46,9.83,97.49,10.23,101.04,101.3,103.13,106.43,112.58,10.87,106.03,10.36,99.35,104.25,100.6,108.28
4,414.429,101.77,10.44,104.81,11.56,108.99,102.55,112.58,95.34,106.13,11.57,103.51,10.28,109.94,100.36,99.69,107.53
3,414.766,104.15,10.07,108.54,9.66,104.18,105.16,91.84,114.69,110.41,10.49,98.03,11.3,99.66,114.5,104.57,114.58
3,415.641,112.24,9.91,105.38,10.77,98.16,109.5,97.21,112.21,99.84,10.86,107.32,10.56,112.2,103.2,100.4,113.34
1,415.934,110.14,10.45,99.9,10.3,105.38,111.81,100.34,105.5,97.58,10.53,101.14,9.8,106.95,107.78,102.46,111.3
4,416.231,94.45,11.04,98.58,11.18,105.2,109.71,103.82,103.28,95.59,11.12,98.17,10.87,115.86,107.88,99.91,108.12
2,416.327,110.0,9.52,92.8,10.17,109.97,113.04,102.81,104.87,109.18,10.78,93.3,10.37,102.43,100.66,99.44,99.84
4,417.382,96.71,10.02,106.29,10.17,105.34,108.03,113.68,98.06,96.36,11.87,107.22,10.65,99.05,102.2,116.25,106.56
3,417.587,106.79,9.42,97.15,9.71,113.48,109.06,100.01,101.63,98.7,10.86,110.74,10.68,98.28,102.94,92.89,112.51
1,417.687,108.26,9.75,112.19,10.52,103.1,100.75,97.16,105.56,101.18,9.94,99.01,9.9,100.14,109.43,103.34,103.08
3,417.996,105.63,9.28,101.04,10.13,108.87,109.13,106.41,101.78,102.62,9.33,99.95,10.26,108.11,104.94,105.95,107.45
1,418.27,104.33,11.36,107.65,11.52,106.69,104.78,109.04,107.9,111.6,11.08,105.9,10.33,105.59,114.12,99.33,106.32
3,418.302,107.09,10.8,99.01,11.15,97.84,101.83,105.66,112.77,107.47,9.66,95.96,9.72,102.95,111.4,94.01,103.63
4,418.456,104.31,10.5,101.76,9.96,110.71,105.86,104.65,99.62,104.96,11.66,106.53,11.15,102.13,102.6,117.22,106.09
2,419.089,107.45,9.8,94.47,10.14,98.96,101.27,104.84,97.9,117.61,10.72,103.07,10.65,110.62,109.01,104.36,112.15
3,419.096,103.73,9.76,102.66,10.02,113.31,114.39,99.32,99.75,104.32,10.14,103.7,10.52,104.68,101.57,99.24,111.84
3,419.242,114.92,10.38,110.07,10.08,102.95,100.97,93.31,108.59,112.61,10.6,95.18,11.13,98.79,109.47,108.64,113.27
3,419.32,110.43,10.54,108.17,10.72,104.39,100.98,96.42,100.18,109.66,9.96,101.26,11.08,107.85,109.19,106.11,112.42
1,420.145,103.73,11.25,101.92,10.46,101.71,98.84,93.54,105.0,105.93,10.17,102.28,10.55,104.81,113.85,97.54,101.72
3,420.17,104.78,9.86,97.27,10.75,110.78,112.71,93.86,103.51,114.04,10.26,109.76,9.73,113.61,112.02,105.67,106.63
4,421.155,106.16,10.84,101.01,9.83,116.32,103.65,115.26,107.7,104.7,10.7,113.66,10.78,108.52,100.52,111.36,110.95
3,421.25,111.08,10.53,101.7,11.12,108.32,114.02,98.08,98.27,111.69,9.8,102.5,10.07,97.75,103.86,93.66,101.8
3,421.362,112.73,10.02,97.17,10.57,110.47,108.63,109.1,97.17,102.09,10.77,102.7,11.26,96.29,114.94,107.83,111.15
4,421.703,104.67,11.34,99.55,10.0,117.24,106.44,110.61,110.57,97.1,11.31,105.46,10.96,103.81,103.38,113.68,105.57
3,421.889,112.58,10.34,102.05,11.02,102.28,101.19,103.01,112.92,99.84,9.67,100.53,10.47,100.41,105.3,97.4,108.48
2,421.913,108.42,9.33,93.78,10.67,100.46,103.08,102.28,98.89,112.06,10.64,106.15,9.36,106.98,103.41,108.67,106.48
1,421.927,109.98,10.53,100.21,10.88,99.11,103.66,102.01,100.36,107.28,9.73,105.23,10.14,96.44,107.78,109.2,101.58
2,422.068,116.13,10.93,101.35,10.17,99.53,109.23,104.45,98.64,113.18,10.19,92.69,9.74,112.46,112.96,99.38,106.9
4,422.718,98.87,11.22,106.91,11.08,114.19,111.35,99.76,100.6,105.01,11.15,108.83,10.03,99.17,113.87,116.65,110.99
2,422.878,106.56,9.84,99.42,10.56,113.07,117.65,109.74,104.52,105.76,10.65,96.33,9.46,98.26,100.88,115.29,102.16
2,423.047,105.89,10.2,104.99,10.4,111.63,100.75,111.54,104.31,106.59,10.04,105.48,10.84,110.98,104.15,103.48,109.22
3,423.205,101.81,10.2,94.5,9.81,104.71,100.0,96.08,107.16,104.67,9.72,106.69,10.12,111.53,105.65,97.44,99.05
3,423.452,115.48,10.76,93.96,11.0,108.94,97.53,97.4,106.04,111.43,10.59,98.78,10.35,110.53,97.48,95.56,103.14
2,423.599,105.82,9.93,109.51,9.85,106.72,106.71,105.48,99.83,106.5,10.61,93.82,9.38,98.41,104.89,110.17,109.63
1,423.749,112.4,11.23,114.67,10.74,103.81,99.98,98.17,97.24,106.45,10.67,112.94,9.75,92.97,114.08,103.77,98.22
4,423.789,95.89,11.29,102.54,11.12,112.78,109.82,105.02,108.55,98.97,11.87,110.6,10.06,102.96,101.36,106.54,103.84
1,423.866,97.37,10.11,112.34,10.73,92.71,110.04,103.01,109.51,111.48,10.92,103.67,9.98,107.17,115.14,96.7,102.45
3,424.597,101.94,9.33,106.07,11.22,101.82,105.05,105.96,113.29,102.76,10.47,107.87,10.59,104.38,104.1,106.53,113.77
1,424.938,95.72,11.11,101.3,10.9,108.93,98.54,108.69,112.16,107.94,10.99,98.67,10.53,92.97,103.8,105.29,104.12
1,425.022,99.31,9.7,110.49,11.28,107.06,102.64,107.5,108.73,110.9,10.21,109.98,10.5,108.76,116.05,108.01,99.63
1,425.046,103.22,11.01,101.44,11.14,95.62,111.82,95.15,105.56,103.0,10.36,112.18,11.21,94.87,103.96,109.06,102.37
2,425.197,107.59,9.46,105.54,10.99,110.76,114.7,104.46,95.25,111.26,10.44,93.01,9.33,112.97,117.15,116.86,109.31
3,425.263,99.84,9.56,97.05,11.07,105.34,109.22,103.61,107.78,107.66,9.84,94.82,10.62,106.69,107.2,108.25,105.42
2,425.415,113.69,9.88,94.77,9.61,101.34,102.91,99.0,100.59,110.4,9.97,97.12,10.51,103.86,113.58,100.76,102.8
4,425.6,97.79,10.77,101.56,11.52,103.58,104.3,116.26,104.86,106.58,11.83,111.35,9.9,100.35,103.38,100.37,105.35
1,425.843,97.17,11.26,101.87,11.5,97.82,115.64,104.49,105.04,109.73,10.7,112.23,10.46,100.27,113.36,100.08,98.12
4,425.894,108.38,10.83,96.6,10.09,116.72,100.95,112.42,110.46,95.64,11.89,110.27,11.25,99.89,102.3,109.06,106.36
2,426.147,99.66,10.62,99.67,10.11,111.25,113.77,103.04,96.24,101.2,10.43,100.76,10.48,114.11,113.66,99.86,106.0
4,426.185,100.91,11.35,100.51,11.34,114.58,111.18,104.73,109.13,97.87,11.05,112.88,11.16,102.96,98.05,117.7,104.22
1,426.289,113.04,11.27,107.35,10.69,101.0,99.41,97.87,107.31,101.83,10.24,99.87,9.91,99.27,110.31,97.38,110.01
2,426.323,101.65,10.76,92.37,10.32,111.18,101.92,104.81,105.57,103.58,10.37,96.16,9.95,113.49,108.6,99.46,112.6
2,426.327,115.3,10.18,98.16,10.19,112.15,109.15,107.92,109.04,112.88,10.78,101.13,9.6,105.32,114.03,99.58,103.96
1,426.774,109.05,11.27,108.81,10.77,96.85,105.35,93.14,111.3,106.96,10.23,113.99,9.7,101.9,100.37,97.36,113.03
2,427.26,113.1,10.77,102.22,10.53,113.75,116.01,104.06,102.13,114.15,10.74,98.45,9.68,109.62,105.69,100.84,101.25
1,427.346,110.12,9.89,105.29,10.11,97.36,98.18,101.85,108.68,105.63,9.66,109.7,10.53,92.98,115.99,104.0,111.71
3,427.572,106.51,9.9,94.75,9.97,99.46,106.48,99.95,106.71,113.77,9.93,101.63,9.88,109.9,115.43,96.21,113.78
1,427.832,110.66,10.39,100.11,10.6,92.75,102.38,104.72,102.58,102.08,10.73,102.49,9.91,98.41,105.28,105.97,108.59
3,428.255,105.37,9.42,98.34,10.08,98.87,105.79,99.02,108.23,105.2,9.56,101.39,10.39,111.07,102.29,95.58,104.14
1,428.462,110.54,11.03,110.8,10.05,99.82,110.94,104.28,100.06,113.02,11.24,103.34,10.08,106.52,110.72,108.93,102.8
4,428.855,95.0,10.3,107.62,10.59,107.19,100.72,112.61,108.54,107.26,10.01,104.3,11.42,109.34,102.86,111.15,110.99
4,428.944,109.96,11.2,98.22,10.12,113.64,103.21,111.7,95.19,95.7,11.83,112.72,10.28,103.92,111.57,104.73,96.43
3,429.012,98.62,9.98,94.65,9.81,103.04,104.47,93.77,100.14,115.19,10.63,93.78,11.12,107.94,105.4,97.25,101.67
4,429.033,96.88,11.36,113.59,10.08,106.18,101.97,109.93,110.69,100.17,11.81,106.69,11.24,99.23,111.43,106.33,105.9
3,429.386,113.89,10.25,105.9,11.38,105.74,100.72,107.74,106.73,99.92,10.7,99.48,10.63,110.21,98.67,101.18,107.03
4,429.84,101.14,10.84,107.22,11.39,103.62,100.62,107.35,96.66,107.48,11.71,106.91,10.05,110.29,111.85,101.12,107.2
2,430.592,115.93,9.45,107.19,9.57,97.36,115.65,116.38,95.71,106.95,9.62,102.73,9.7,113.76,104.49,102.25,99.27
1,431.019,97.3,10.6,100.57,10.1,103.95,101.53,95.93,108.52,105.93,10.02,97.74,10.8,97.6,100.38,92.88,108.78
3,431.135,109.8,10.47,108.12,10.51,109.52,97.98,99.98,110.2,104.92,10.12,103.2,11.44,110.01,107.24,95.87,99.61
3,431.976,110.32,10.14,100.31,9.8,97.75,105.76,96.35,113.86,107.25,10.65,104.86,9.98,98.75,99.38,105.38,105.12
3,432.205,107.84,9.35,95.9,10.41,110.81,105.8,104.35,101.17,111.98,9.62,103.63,10.59,99.34,114.15,107.37,103.09
2,432.464,104.54,9.92,108.25,9.98,102.96,108.45,107.69,105.64,112.64,10.25,93.99,11.04,98.57,113.87,115.32,96.2
1,432.865,106.51,9.68,99.7,9.95,102.58,103.77,100.41,110.56,106.84,10.01,98.6,10.54,105.17,99.28,109.73,96.43
3,432.877,107.66,10.67,98.44,10.3,112.36,112.26,103.32,108.88,103.93,9.99,105.89,10.7,106.25,114.64,99.97,105.54
4,432.95,105.55,10.52,109.69,10.96,109.5,102.52,116.87,106.04,98.5,10.13,97.94,10.87,107.74,99.38,108.2,98.36
4,432.985,98.32,11.46,101.08,10.74,112.72,108.61,113.11,99.46,103.63,10.23,111.56,10.24,111.11,102.58,112.67,94.46
2,433.561,111.9,9.89,106.26,10.79,107.01,107.14,108.27,103.63,106.81,10.09,100.7,9.61,111.47,110.15,99.43,99.25
4,434.2,94.6,11.87,104.97,10.05,105.13,115.71,100.93,106.26,93.78,11.22,107.86,11.27,111.56,104.06,116.31,106.94
3,434.761,106.69,9.46,109.0,11.21,111.07,97.97,106.71,97.19,112.37,9.75,106.02,10.09,106.14,99.57,99.98,103.04
2,434.97,109.83,10.8,108.09,10.89,113.4,101.81,104.26,110.99,103.16,9.32,97.8,9.72,105.3,105.77,113.92,106.78
4,435.001,107.39,11.64,101.21,10.81,100.98,114.25,110.81,100.55,107.4,11.07,97.28,10.97,103.01,114.26,103.6,93.49
2,435.035,114.85,9.64,93.33,10.52,110.92,103.63,105.05,111.77,104.81,10.97,96.67,9.9,114.3,117.59,115.55,109.91
3,435.605,99.84,9.36,94.46,10.34,106.0,99.47,98.04,108.88,110.73,9.21,99.22,11.36,112.94,113.8,103.9,113.45
2,435.67,101.24,10.34,97.53,10.25,103.2,103.39,104.5,106.8,113.42,9.7,100.74,10.09,112.88,100.11,102.99,103.48
3,436.004,113.9,10.5,103.74,10.64,104.47,105.36,101.06,110.93,106.98,9.62,102.98,10.94,95.97,97.79,98.37,114.61
3,436.01,101.81,9.35,103.16,10.76,111.07,106.29,93.06,112.64,107.93,9.35,93.38,9.66,102.93,106.5,102.4,108.2
2,436.051,112.45,9.73,98.64,9.93,110.5,102.3,104.81,110.42,111.54,9.87,93.22,9.68,102.44,111.22,115.52,97.33
2,436.25,117.28,9.64,102.41,9.98,103.66,103.66,101.04,99.76,112.75,10.14,105.02,10.79,100.71,105.51,109.64,102.53
1,436.543,106.15,10.73,100.34,10.14,95.31,103.14,101.27,98.53,98.6,10.1,103.84,9.79,101.34,103.76,92.98,106.39
4,436.921,102.68,11.05,113.76,11.19,112.23,98.02,101.52,100.7,100.17,11.06,106.29,11.2,109.59,116.29,105.15,102.68
2,436.97,107.55,9.32,105.06,10.12,113.04,101.87,115.29,103.22,104.1,10.89,97.01,9.95,113.78,107.12,110.48,98.56
4,437.261,101.86,10.0,110.03,10.36,105.39,113.59,102.98,106.56,99.0,10.65,110.39,11.48,99.85,109.68,106.07,104.86
2,437.344,99.17,9.54,94.12,9.46,107.83,103.75,115.55,112.17,108.76,9.85,106.07,9.76,100.5,106.71,115.56,101.52
3,438.225,105.37,10.89,102.91,10.97,107.54,97.76,99.02,106.69,114.71,10.04,97.66,11.14,110.94,109.98,105.23,109.58
2,438.85,116.29,9.73,92.34,9.73,113.49,117.68,108.88,105.81,99.48,10.35,93.77,10.24,100.13,109.68,109.81,110.51
3,439.112,102.93,10.66,107.32,11.4,101.99,98.89,100.2,107.69,115.28,9.6,99.98,10.65,104.57,100.97,95.29,111.14
2,439.157,109.15,9.99,98.9,10.72,101.25,118.47,107.7,102.53,110.08,9.85,109.0,9.74,112.02,104.89,100.96,97.4
3,439.259,110.96,9.5,107.21,11.4,101.6,114.11,103.78,104.79,109.68,10.34,104.65,9.98,96.04,104.7,93.22,101.63
1,439.3,112.02,10.2,104.08,10.25,97.12,102.62,103.97,108.73,99.52,11.33,102.44,10.35,95.75,113.79,99.6,112.33
4,439.326,101.34,10.98,108.54,11.0,100.57,101.62,105.94,106.54,97.87,10.18,96.1,9.76,117.25,110.2,116.65,101.92
3,439.936,109.09,9.94,93.97,10.79,102.44,97.61,105.03,103.91,106.61,10.29,95.57,10.5,101.5,113.56,97.71,114.06
4,440.996,100.87,11.04,107.33,11.0,112.06,108.41,105.62,98.32,104.78,11.05,104.41,11.59,116.03,98.72,102.26,96.87
4,441.106,103.63,10.49,97.06,11.41,106.62,100.72,109.75,99.39,109.66,10.12,107.33,10.69,106.16,116.11,102.14,98.46
1,441.502,104.43,10.71,103.15,10.09,99.62,104.84,105.92,106.32,110.42,9.66,105.45,9.7,100.86,109.2,106.02,106.03
3,441.519,98.73,9.71,98.38,11.45,98.5,100.8,94.72,102.54,106.49,10.1,105.67,10.96,96.14,100.78,104.54,101.78
2,441.694,111.49,9.83,106.91,10.68,101.95,111.21,113.15,95.37,115.48,9.46,104.48,10.79,111.21,102.21,107.28,100.59
4,441.901,105.2,11.84,102.22,10.05,107.78,107.52,111.41,102.91,106.08,10.05,97.67,10.75,106.35,114.85,108.58,109.64
4,442.158,100.57,10.1,102.42,10.12,108.66,113.6,99.41,100.59,94.78,11.86,102.7,10.83,103.03,103.2,100.01,110.62
3,442.33,102.76,9.33,108.4,10.59,101.99,113.43,101.72,102.85,103.14,10.08,110.06,11.07,112.42,98.03,92.68,107.51
1,442.915,101.1,10.8,112.26,9.85,96.39,114.82,95.31,109.12,101.52,11.25,99.14,11.05,94.6,107.84,98.48,100.07
2,443.03,100.95,10.05,103.87,9.49,96.5,108.2,112.01,107.78,104.29,10.26,94.75,11.03,101.95,108.01,112.76,103.8
2,443.033,101.86,9.28,98.63,10.49,104.82,102.16,104.59,105.5,108.4,10.02,99.08,9.66,108.93,100.06,108.0,96.37
4,443.871,92.68,11.86,100.59,10.12,116.86,109.03,105.2,95.57,93.32,11.86,97.74,11.16,101.78,105.74,108.14,97.14
4,443.893,96.77,10.4,99.49,10.68,100.68,107.96,102.17,102.01,106.81,11.56,100.0,10.84,110.28,116.2,110.24,95.57
3,444.308,114.33,10.92,95.5,10.79,101.68,115.43,108.74,114.0,100.77,9.63,105.48,10.16,109.4,98.79,107.11,106.09
1,444.451,102.74,11.31,112.26,10.62,101.77,108.68,96.88,109.14,103.72,11.24,115.43,10.28,108.06,100.2,109.56,109.65
3,444.613,102.41,10.56,99.48,10.02,99.11,104.91,102.95,103.05,105.47,10.0,98.31,10.61,100.3,107.13,98.08,104.06
4,444.641,99.34,10.65,105.46,11.41,107.8,100.72,117.36,96.72,101.9,11.13,108.84,11.49,102.56,115.38,109.11,110.44
3,445.043,107.45,10.54,103.48,10.11,109.9,109.52,102.56,111.11,114.86,10.19,99.99,10.42,101.2,113.28,100.01,111.77
4,445.398,102.33,11.43,109.96,10.02,114.47,108.82,110.87,105.89,98.57,11.8,102.7,9.99,99.27,114.4,99.41,95.02
4,445.442,94.24,10.3,108.63,11.0,114.66,99.64,111.22,93.84,97.19,10.53,112.22,10.21,113.68,109.79,111.54,105.63
3,446.215,104.86,10.1,95.66,9.85,110.53,104.74,101.43,104.14,115.89,9.4,106.02,10.29,110.96,108.19,100.31,101.9
3,446.259,115.89,10.92,97.77,9.74,97.9,100.29,94.64,110.82,112.72,9.34,100.79,9.67,111.44,106.5,92.29,105.46
2,446.331,100.28,10.18,108.82,10.17,111.89,113.29,110.37,99.1,114.07,9.77,92.3,9.69,106.47,110.04,111.22,99.48
4,447.068,92.58,11.29,105.86,10.44,116.08,104.06,109.94,107.59,95.96,10.76,102.82,11.23,103.47,112.71,108.75,103.63
1,447.146,109.38,9.93,102.44,10.9,101.91,102.38,96.34,112.35,95.58,10.68,108.37,11.38,104.84,101.44,96.59,102.35
2,447.432,108.68,10.9,106.6,10.01,97.3,109.64,106.55,110.62,114.2,10.44,97.78,10.74,106.58,106.45,103.88,106.39
1,447.442,108.24,11.42,114.99,10.38,93.81,100.34,103.27,110.83,110.68,11.14,115.5,10.53,98.29,113.93,95.86,100.67
2,447.541,102.63,10.97,96.34,9.38,109.25,106.55,108.5,102.13,102.03,10.29,101.82,9.46,99.51,107.32,115.18,102.66
4,447.562,103.6,10.84,97.93,10.44,106.14,111.83,107.16,99.66,103.48,11.38,101.32,10.4,103.18,113.97,107.92,107.04
4,447.904,104.87,10.6,104.67,10.86,110.24,110.73,109.41,99.88,102.71,11.17,106.62,11.04,104.74,98.56,106.71,104.54
1,448.015,110.56,11.38,101.36,11.42,104.06,108.25,99.29,108.75,110.0,10.92,108.59,11.06,108.01,113.58,104.05,105.32
4,448.191,97.3,11.02,103.7,10.09,106.63,107.65,106.67,97.62,95.96,11.7,112.75,10.55,111.03,106.02,106.96,104.92
3,448.695,114.65,9.26,107.42,10.33,97.16,109.96,95.89,104.59,106.89,9.52,104.74,11.19,102.02,99.57,94.99,104.98
4,448.992,96.75,11.12,99.76,9.9,100.47,102.58,116.21,100.85,97.95,10.26,96.11,10.29,99.65,105.0,99.8,95.3
2,449.34,102.58,10.72,106.19,9.71,109.1,112.17,106.26,102.02,111.79,9.9,93.38,10.98,97.0,108.12,105.52,104.08
2,449.735,111.48,10.49,108.19,10.3,101.85,110.26,104.5,100.27,103.14,10.41,109.46,10.0,97.63,118.36,102.07,97.21
4,449.821,109.88,11.89,108.54,10.46,109.24,114.55,109.4,105.5,102.94,10.56,100.92,11.15,111.65,108.81,102.62,105.72
3,450.614,103.91,10.17,94.79,11.12,104.34,111.45,96.62,99.82,103.66,9.44,107.06,10.67,96.06,98.2,99.96,108.34
3,450.786,101.46,10.74,97.28,10.81,98.91,97.79,106.73,98.3,112.4,10.4,101.7,11.24,98.5,98.08,97.71,107.53
3,450.905,103.51,9.41,105.5,11.05,98.8,105.74,92.71,110.81,99.75,10.63,93.96,10.52,99.11,106.95,93.69,112.78
4,450.964,95.25,10.13,113.73,10.61,106.46,105.72,113.02,97.38,102.4,11.68,110.87,10.17,112.09,102.47,116.68,109.91
2,450.975,109.04,9.28,105.08,11.02,112.23,106.55,115.06,109.05,114.07,10.46,105.67,10.61,99.92,118.81,114.22,101.93
4,451.063,95.53,11.21,105.16,10.4,99.77,111.78,114.74,107.26,98.5,11.0,107.52,10.58,113.73,115.55,107.03,93.91
3,451.339,107.25,10.07,101.23,10.99,108.52,114.11,95.03,114.62,105.77,9.35,98.95,10.5,110.15,107.33,109.09,104.47
2,451.716,105.25,10.7,101.35,9.94,110.83,106.58,101.17,102.94,112.47,10.43,102.99,10.89,97.0,114.03,100.78,103.13
2,451.74,117.01,10.13,105.55,10.6,113.63,112.86,109.92,108.19,103.27,9.81,108.88,10.39,97.3,100.94,105.96,111.77
2,451.776,111.09,9.94,96.31,10.54,112.85,99.99,115.72,106.53,113.69,10.59,94.21,10.35,112.88,112.46,112.19,101.73
4,451.803,109.24,10.03,111.75,11.44,103.58,109.4,109.11,98.16,102.9,11.14,102.59,10.15,113.43,103.62,111.59,101.7
4,452.01,97.4,11.0,102.89,9.99,101.76,109.55,112.89,101.67,107.42,11.86,112.4,11.02,114.09,111.21,101.69,101.13
1,452.107,113.08,10.14,103.34,10.25,96.24,100.18,107.46,109.74,97.54,9.77,99.73,10.12,92.72,111.43,103.18,97.24
1,452.142,96.66,10.01,105.43,9.91,101.78,106.06,94.43,105.0,105.06,11.15,109.18,10.37,95.69,100.19,103.39,109.09
3,452.421,104.04,10.62,98.58,11.05,113.51,114.26,103.12,108.66,110.01,9.8,106.12,11.4,96.12,104.07,104.57,108.09
2,452.972,100.82,9.49,93.57,10.48,97.57,116.85,99.2,103.09,115.84,9.68,101.43,11.01,99.06,111.71,106.07,100.29
1,453.007,100.0,10.75,101.69,11.41,96.68,102.2,96.57,95.78,111.53,11.0,107.64,10.21,105.49,98.18,104.18,112.62
4,453.216,97.89,10.35,112.68,10.55,115.39,108.74,108.1,98.96,102.31,10.44,102.34,10.66,104.43,108.5,115.04,110.02
2,453.325,104.72,10.88,104.6,10.45,102.75,100.3,99.42,100.48,117.32,9.72,100.36,9.76,107.24,117.95,114.32,98.34
2,453.697,105.65,9.32,106.47,10.14,113.21,113.88,110.55,97.4,112.23,10.38,101.57,10.81,104.32,114.7,110.36,101.44
2,453.873,117.33,9.8,107.49,10.82,103.26,112.77,112.03,98.91,100.33,9.49,94.28,9.91,112.56,109.15,116.21,98.81
3,454.626,108.63,9.4,94.6,11.15,96.18,109.26,102.85,99.61,103.62,9.92,94.75,10.05,99.53,97.67,93.41,114.75
4,454.919,100.18,10.7,104.73,11.22,110.82,111.55,105.48,100.64,98.5,11.56,108.8,11.48,112.23,99.14,102.01,97.59
4,454.926,107.39,10.44,107.25,10.91,106.86,105.55,107.98,107.78,109.61,10.5,107.49,10.5,116.29,111.41,106.38,103.61
1,455.006,99.06,10.34,105.8,10.62,97.85,114.24,107.19,111.2,102.86,11.3,97.89,9.94,105.59,116.27,100.8,104.16
4,455.118,94.47,10.54,108.94,10.16,104.5,99.08,115.53,101.42,107.13,11.78,113.44,11.15,106.08,98.82,100.01,94.36
4,455.785,110.04,11.64,112.05,11.34,110.14,103.34,114.8,109.79,107.58,10.86,100.83,10.25,105.23,115.0,108.65,106.62
4,456.063,104.3,11.86,99.06,10.57,106.22,113.22,108.42,98.32,98.59,11.1,108.02,10.46,99.33,100.86,105.16,105.8
4,456.287,109.24,11.25,105.48,10.52,113.59,107.85,107.04,95.12,97.08,10.97,104.96,10.68,107.5,115.64,113.2,105.72
4,456.474,94.58,10.94,113.74,11.28,99.65,115.34,107.22,97.09,93.81,11.46,107.63,10.29,117.59,108.18,107.16,110.17
4,456.794,94.55,11.46,107.13,9.83,109.64,105.89,114.81,100.74,99.96,10.3,97.26,10.72,115.33,99.45,114.05,108.72
3,456.948,113.51,10.67,96.95,10.21,96.7,108.08,102.21,96.86,99.54,10.52,96.8,10.33,109.68,103.77,108.9,108.5
1,457.165,95.73,11.3,97.48,10.77,92.57,100.2,101.31,104.65,109.29,10.66,100.94,9.9,92.57,115.6,110.02,111.59
1,457.247,102.47,10.51,111.83,10.11,100.82,104.22,99.34,108.0,110.05,10.76,100.59,10.98,98.68,106.6,110.1,100.1
3,457.715,101.34,9.73,110.27,10.08,113.97,102.87,104.31,113.02,110.33,10.4,104.55,11.25,105.87,113.64,101.51,107.52
1,457.786,102.25,10.81,102.74,10.21,98.6,110.3,95.86,113.03,98.04,10.66,112.77,11.44,107.19,103.6,108.81,99.98
3,457.8,111.94,9.51,106.08,11.36,104.77,102.87,106.54,103.4,112.21,9.84,100.27,10.85,105.52,109.77,107.98,108.26
1,459.405,103.71,10.67,102.52,10.47,96.01,112.85,93.63,107.9,108.09,9.88,108.93,10.52,108.93,109.26,104.49,106.54
1,459.478,110.63,9.84,107.95,11.01,99.59,108.24,105.44,110.94,105.46,10.9,115.03,10.73,106.62,105.46,109.51,109.8
4,459.596,108.75,11.4,103.28,11.0,111.13,103.65,104.65,95.6,98.06,10.53,95.93,11.07,109.64,102.98,113.16,95.71
2,459.756,105.82,9.38,102.78,9.47,113.37,111.68,111.7,97.29,117.31,9.84,105.12,10.43,109.34,101.93,116.89,112.83
4,459.846,102.65,10.38,108.28,10.38,106.3,107.65,102.06,98.95,105.2,11.0,96.64,10.36,99.48,100.96,117.44,105.57
2,460.038,116.96,10.69,101.21,10.81,112.61,111.12,102.69,102.37,104.32,10.77,96.34,9.62,102.76,113.0,104.19,111.79
3,460.057,108.11,10.24,109.62,11.32,99.5,97.7,98.72,99.36,108.64,9.52,99.46,10.56,104.86,105.6,92.75,108.8
4,460.44,103.29,10.54,112.19,10.83,110.9,100.58,110.72,110.48,109.07,11.36,97.88,11.02,114.09,116.25,111.32,94.33
3,460.637,101.82,10.54,105.58,10.27,108.42,104.38,97.44,96.6,111.69,10.81,96.14,10.94,96.22,103.52,92.42,98.37
1,460.844,111.46,10.69,106.05,10.91,101.9,112.54,99.52,112.92,109.74,11.27,97.46,11.0,101.28,98.42,104.73,96.86
3,461.135,113.67,9.51,108.81,9.87,109.58,114.11,109.04,113.77,115.69,10.71,93.64,10.61,99.9,109.13,103.4,102.16
4,461.167,100.82,10.53,99.43,11.1,106.46,102.53,105.04,101.6,98.93,10.62,110.94,11.22,111.46,100.78,111.79,106.25
1,461.443,106.24,10.5,99.16,11.04,97.77,111.58,97.39,99.86,112.08,11.25,106.73,10.83,104.08,105.35,102.96,96.38
4,461.595,106.77,10.25,112.15,11.13,102.44,101.26,102.62,110.01,109.7,10.8,104.37,11.12,102.46,104.6,116.1,99.57
4,461.792,105.36,10.65,107.23,10.78,103.27,112.58,109.63,95.1,106.59,10.8,100.01,11.12,106.24,113.78,106.02,108.85
1,461.915,110.24,10.04,113.98,10.52,101.08,103.58,99.86,99.97,95.61,9.7,104.83,9.93,97.36,107.62,98.4,110.58
4,462.455,97.32,11.78,106.44,9.97,114.94,98.65,109.3,98.96,108.31,11.58,113.59,9.91,110.85,111.78,104.2,109.09
1,462.744,97.45,10.94,99.16,9.88,97.31,101.96,97.39,100.0,96.52,9.9,113.84,10.29,94.0,106.9,105.97,113.68
3,463.515,111.88,9.31,100.59,9.94,100.06,106.82,94.7,111.84,112.91,9.63,109.77,11.44,104.38,111.18,99.67,103.6
4,463.672,106.08,11.69,109.13,11.31,105.6,106.36,109.64,96.73,108.1,10.16,105.99,10.76,110.04,105.66,100.76,98.06
2,464.333,103.5,10.01,109.25,9.51,110.86,115.84,111.0,104.43,105.62,9.5,100.65,10.37,110.26,113.87,102.28,112.09
2,464.696,115.26,10.95,101.35,9.58,102.89,100.05,100.76,96.35,114.4,10.18,97.95,10.22,112.66,107.4,105.48,112.31
1,464.714,103.32,10.92,109.13,10.78,100.72,106.6,105.97,96.51,107.41,10.39,104.78,10.81,102.66,107.74,96.46,100.22
2,464.997,114.9,10.41,98.2,9.72,112.85,104.38,114.62,113.2,108.72,10.14,94.47,10.59,100.94,109.5,104.29,95.66
2,465.546,109.47,9.62,107.75,10.8,111.6,105.57,107.98,110.83,103.9,10.81,107.93,10.15,104.28,109.44,112.61,106.33
4,465.596,92.85,10.1,111.14,10.76,112.19,110.92,112.56,109.61,97.17,10.72,107.73,11.31,106.96,102.88,111.54,102.68
3,465.62,111.48,10.2,108.42,11.06,106.01,105.0,108.92,104.32,113.96,9.76,100.2,10.68,97.03,104.46,99.96,104.45
4,465.697,107.73,10.26,98.91,11.04,113.47,116.27,101.97,99.65,94.0,10.94,113.97,11.31,101.02,108.74,115.53,109.2
3,465.921,99.75,9.76,110.59,10.68,102.42,108.2,106.98,100.14,99.84,10.94,105.04,11.23,99.2,98.67,102.8,99.84
2,466.286,110.44,9.37,107.57,9.91,102.55,104.88,105.5,100.92,99.68,9.73,92.88,10.2,99.29,105.14,111.2,101.25
3,466.578,99.95,9.5,106.37,10.61,99.24,113.86,95.67,105.9,105.77,10.13,104.94,10.64,113.21,100.68,98.52,107.63
3,466.665,103.19,9.45,108.54,10.31,110.38,108.97,97.51,102.41,107.4,9.46,99.26,10.64,107.72,98.67,98.49,108.56
2,466.748,109.97,10.8,100.16,9.62,107.37,116.32,105.52,100.46,110.18,10.19,102.58,11.04,97.74,100.02,116.82,104.86
3,466.851,114.83,9.32,108.95,11.38,113.93,97.57,100.13,110.87,102.35,10.88,106.02,11.12,103.72,98.54,102.9,110.44
2,466.987,115.26,10.53,108.1,10.0,114.09,101.26,106.66,103.16,102.67,10.94,104.47,9.45,106.24,117.6,103.41,103.8
3,467.08,114.17,10.71,109.79,10.42,102.41,115.15,96.17,110.27,98.62,10.31,97.3,10.11,104.92,115.57,100.33,104.07
3,467.083,107.59,10.56,106.91,10.04,103.7,115.68,97.14,108.1,114.51,9.25,108.96,9.94,100.68,97.77,97.0,101.68
2,467.123,110.41,9.83,93.22,10.82,99.77,109.26,105.82,110.34,116.62,9.9,97.35,9.83,99.35,103.75,112.45,104.54
4,467.191,101.42,10.94,110.8,11.51,104.01,110.3,104.36,107.06,105.29,10.48,107.63,11.48,105.77,108.02,100.84,105.78
2,467.409,108.22,10.8,107.02,10.92,97.71,103.97,112.15,104.87,111.46,10.41,100.49,9.57,112.29,108.32,113.15,95.72
4,467.857,97.79,10.59,105.78,11.16,104.05,111.74,103.28,99.96,100.65,11.05,102.69,10.87,112.06,108.35,107.41,101.88
2,468.113,102.62,10.29,108.32,10.95,104.11,107.12,110.42,103.57,115.0,9.41,105.67,9.5,98.26,103.13,102.49,104.87
2,468.177,105.18,9.92,98.25,9.68,99.15,107.36,100.68,110.24,114.69,9.91,97.14,9.44,114.2,111.78,108.73,112.31
1,468.514,97.58,10.12,97.46,10.59,94.33,115.12,99.54,112.91,101.7,9.91,107.81,11.42,96.68,101.94,96.46,104.7
2,468.534,116.09,10.31,95.87,10.44,113.9,103.76,114.32,109.46,107.11,10.58,93.84,10.06,111.61,103.9,113.05,103.11
4,468.722,97.17,10.59,110.68,10.42,106.18,99.64,117.44,100.0,102.67,10.83,109.47,11.21,106.09,102.58,109.46,100.99
1,468.822,98.02,10.27,110.82,11.32,92.69,103.92,95.63,109.83,100.42,10.46,109.7,11.06,100.69,101.51,108.04,97.89
1,469.062,109.38,10.03,101.14,11.39,98.78,107.99,96.45,107.56,113.23,9.64,110.93,10.16,92.72,99.38,94.53,97.66
1,469.194,96.02,11.44,109.67,9.86,99.72,106.2,105.89,106.54,107.62,10.41,104.44,10.88,99.5,105.84,109.14,111.56
1,469.197,97.75,11.21,104.3,10.15,96.17,114.65,108.1,98.14,99.04,11.04,112.26,11.35,94.66,110.0,107.8,102.85
4,469.371,97.73,11.84,110.27,11.15,105.8,102.18,113.86,98.69,103.28,11.0,106.41,10.24,107.61,100.39,101.5,108.33
1,469.536,102.4,9.77,109.43,9.97,109.83,107.14,96.42,106.75,100.44,11.15,99.6,11.18,101.19,114.55,95.26,102.72
2,469.555,105.62,9.66,92.48,11.04,98.52,101.61,100.03,106.18,109.42,10.32,102.23,10.0,96.26,110.78,112.42,103.9
3,469.962,114.01,9.54,107.48,10.53,102.8,107.56,94.72,99.21,105.88,10.15,110.04,9.81,109.54,115.26,101.24,111.76
4,470.222,95.85,10.3,106.14,9.99,114.94,115.46,104.54,98.49,95.12,10.68,101.8,11.41,113.11,98.52,103.06,101.42
2,470.335,117.49,10.38,93.59,9.84,105.39,100.88,99.37,108.76,117.12,10.72,96.7,10.04,103.02,117.15,104.36,112.58
4,470.384,94.29,11.36,109.88,10.91,116.48,99.59,100.33,105.78,102.1,10.92,109.68,11.39,100.84,110.09,113.88,102.52
4,470.59,94.68,11.55,97.7,10.47,108.77,114.85,107.16,94.58,96.86,11.56,104.45,9.78,117.28,111.82,105.32,110.12
2,470.97,104.62,10.84,94.72,9.56,109.33,103.57,115.54,102.82,117.58,9.38,100.89,10.75,99.33,117.84,101.09,105.01
4,471.38,94.94,10.52,109.29,11.38,99.05,108.17,105.74,95.91,106.52,10.42,105.62,11.39,105.63,106.16,102.08,98.36
4,471.56,100.48,10.96,110.61,10.92,99.64,107.52,104.75,104.22,99.67,11.69,108.81,10.46,106.43,109.32,109.36,97.38
1,471.704,104.46,10.61,109.81,10.54,104.2,99.19,96.1,97.78,107.62,10.14,99.91,11.06,108.76,114.46,106.69,96.27
2,471.721,102.03,9.31,98.09,10.52,109.44,112.02,100.89,109.63,101.29,10.82,101.63,9.96,114.15,106.35,103.69,96.44
1,471.894,112.08,11.1,106.33,10.5,107.32,105.69,106.22,110.13,97.73,11.16,103.86,10.79,99.99,113.45,106.22,112.13
3,472.237,107.78,9.41,93.99,10.76,108.99,106.63,95.33,101.88,104.75,10.37,107.46,10.5,111.99,97.57,103.94,105.22
3,472.308,98.34,9.56,97.28,10.67,102.13,98.3,94.7,108.12,109.18,9.42,104.37,10.75,110.61,101.48,107.19,104.65
4,472.323,102.11,11.2,110.59,10.64,110.78,105.34,104.36,104.76,108.83,11.89,110.18,10.66,109.34,99.82,105.72,103.66
3,472.743,106.94,10.11,95.68,10.74,101.55,105.65,99.67,112.52,104.9,10.06,95.66,10.74,114.06,108.24,104.72,97.46
2,473.085,112.16,10.45,94.15,10.3,103.42,118.36,108.14,110.05,106.31,10.09,104.54,10.1,100.4,108.62,115.75,102.8
3,473.165,112.9,10.21,96.04,10.36,101.32,103.51,105.04,112.7,114.25,10.52,100.89,10.48,96.51,115.51,96.17,107.78
4,473.245,97.76,10.4,109.59,10.01,99.23,101.56,109.31,106.64,98.53,11.76,108.12,11.48,104.03,104.92,113.27,97.35
3,473.431,110.26,10.06,101.78,9.81,104.54,114.11,104.23,96.81,103.69,10.53,103.17,10.8,110.85,109.13,108.53,108.43
4,473.456,106.61,11.33,109.43,10.42,107.66,116.03,103.98,100.44,100.88,11.4,101.69,10.96,112.9,108.88,110.57,94.0
2,473.575,106.75,9.72,92.37,9.57,108.84,118.21,99.16,97.42,114.95,9.64,106.57,10.68,104.08,118.53,107.27,103.97
1,474.166,107.79,9.7,99.15,11.42,95.58,110.16,96.45,109.29,102.6,11.32,107.26,11.13,94.43,99.85,105.95,111.22
1,474.562,109.19,10.82,108.59,10.91,93.56,113.06,106.38,97.51,106.44,10.41,98.23,10.82,109.67,115.51,107.48,106.2
4,474.658,101.9,10.7,111.78,10.42,116.94,104.55,104.54,107.61,103.7,11.18,113.62,11.38,99.35,102.6,104.28,104.4
2,474.703,112.51,10.52,92.34,9.91,105.69,109.33,113.87,102.33,104.29,9.23,93.5,9.66,98.22,104.7,100.78,109.32
4,474.714,98.59,11.78,113.71,11.4,102.95,101.21,111.34,98.94,92.8,10.3,105.8,11.07,105.95,97.93,110.82,99.9
1,474.793,101.52,10.68,107.84,10.2,106.47,104.09,105.27,109.49,103.66,10.44,115.5,10.84,105.55,98.12,96.65,98.87
3,475.023,109.2,10.03,110.46,10.39,113.41,102.78,95.51,102.66,107.09,10.4,103.04,10.38,107.51,114.57,94.18,97.23
4,476.015,102.68,10.17,98.94,10.66,102.06,108.32,110.7,106.9,92.77,11.5,112.25,10.14,112.26,106.4,100.48,108.72
3,476.688,109.92,10.35,108.27,9.78,104.28,101.87,101.73,110.84,110.8,9.59,98.71,10.57,96.5,103.8,101.45,106.71
2,476.707,106.44,10.18,106.88,10.81,97.21,117.28,100.29,99.98,103.16,9.26,93.12,10.84,105.23,109.81,101.71,104.27
4,477.583,103.37,10.98,103.02,10.76,115.03,114.28,101.52,103.42,101.84,10.92,110.39,11.06,103.44,111.41,110.26,96.95
2,477.64,109.86,10.46,106.23,9.96,110.5,118.45,105.96,103.71,116.47,10.5,101.42,10.2,113.21,103.75,116.13,101.73
4,477.999,108.34,11.72,99.38,11.07,108.56,98.17,107.03,99.73,107.49,11.6,104.01,10.03,115.4,116.19,115.63,109.4
4,478.715,93.48,10.7,104.45,10.89,116.1,113.51,110.57,105.66,98.83,11.68,105.02,11.23,110.42,99.94,105.29,97.23
1,478.769,97.3,10.71,114.99,9.93,104.25,103.6,102.64,108.75,98.34,9.84,108.43,10.96,102.76,112.64,103.87,113.76
4,478.837,95.83,10.03,108.7,10.06,115.4,111.07,107.92,100.59,97.94,10.94,104.39,10.91,107.4,103.44,114.32,100.11
4,478.873,107.22,11.56,108.51,10.86,107.62,114.08,111.25,110.5,102.11,11.38,111.66,11.26,99.44,112.13,109.12,93.72
2,478.93,109.18,9.81,105.12,10.82,97.64,105.44,107.31,103.71,102.39,9.85,95.57,9.96,98.16,104.24,105.43,103.6
2,478.964,99.74,10.18,108.04,10.36,113.38,103.24,104.59,96.2,107.14,10.59,100.41,9.84,108.79,112.57,98.44,101.6
1,479.277,109.88,9.68,107.3,9.89,101.67,109.14,96.65,108.36,112.74,11.35,114.95,9.74,104.15,106.27,99.72,102.09
1,479.305,105.35,10.54,109.86,10.88,103.33,98.33,106.39,113.09,102.8,10.24,112.27,10.92,101.13,115.47,98.56,106.48
4,479.431,101.94,10.8,101.31,11.13,101.81,100.49,102.62,109.55,94.26,10.55,103.35,10.63,109.93,100.2,115.25,95.91
2,479.562,111.78,10.84,105.06,9.5,113.04,110.18,112.07,102.08,105.79,10.79,104.94,10.86,114.3,118.35,109.92,105.92
3,479.586,103.61,10.85,93.57,10.21,97.14,112.54,99.02,99.46,112.0,10.26,107.32,9.88,106.9,108.86,96.58,101.72
3,479.897,100.77,9.51,99.71,9.88,109.75,102.83,104.47,108.8,104.12,9.94,103.39,11.2,108.38,113.12,95.14,97.17
2,480.027,108.7,9.23,109.25,9.72,97.95,111.69,98.54,107.62,106.92,9.92,102.15,10.87,109.53,117.49,102.61,104.5
2,480.187,103.88,9.62,97.43,10.36,99.6,110.67,105.93,108.36,115.11,9.52,102.41,9.43,109.53,114.73,115.93,105.41
1,480.43,97.14,10.81,99.63,11.36,95.18,102.38,93.54,106.92,101.05,10.66,107.46,10.99,96.73,116.33,94.43,103.8
1,480.634,112.74,10.66,100.17,10.31,99.11,106.88,105.65,110.43,111.41,9.83,113.98,10.67,95.62,109.02,110.06,107.2
2,480.903,110.43,10.82,94.53,10.1,98.21,103.12,101.25,109.78,108.93,10.15,107.34,9.73,104.37,103.19,110.48,104.94
2,480.913,111.63,9.63,106.34,10.94,104.43,106.54,114.95,111.25,101.75,10.55,106.15,9.84,112.6,100.48,108.54,110.13
4,481.023,101.78,11.64,101.31,10.12,109.22,111.82,117.56,107.02,109.48,10.93,102.26,10.88,109.9,108.77,111.22,106.77
3,481.946,105.36,9.38,107.17,9.85,107.77,107.73,103.13,104.7,111.98,10.75,94.22,9.91,110.96,111.61,105.95,113.42
1,482.235,96.72,11.17,114.95,9.85,104.71,112.46,96.05,106.02,99.66,9.78,100.05,10.88,101.77,112.69,98.97,105.39
3,482.241,111.13,10.42,96.07,11.44,100.04,106.16,101.56,102.85,107.43,10.86,100.53,9.99,103.07,98.16,108.17,102.46
3,482.55,105.2,10.43,102.24,10.44,98.0,111.63,102.83,114.67,104.3,10.4,100.79,10.98,110.05,103.61,93.66,98.27
1,482.658,105.4,10.48,115.28,11.35,108.28,110.38,97.08,102.24,101.06,9.79,104.08,11.01,98.72,101.94,98.44,102.94
2,482.817,117.4,10.13,108.63,9.3,97.48,117.2,100.17,112.62,100.88,10.81,94.2,9.38,111.72,104.32,114.16,109.83
3,483.585,99.47,10.56,103.49,11.36,101.14,110.61,98.72,98.91,101.24,9.89,99.87,10.92,105.75,114.7,106.73,109.01
2,483.631,107.03,10.65,97.17,9.87,98.57,117.83,108.9,100.25,105.37,9.7,103.05,9.32,105.99,112.64,109.0,102.57
3,483.7,103.74,10.34,101.0,10.47,104.06,97.64,104.47,114.0,104.04,10.59,110.62,11.15,101.29,110.57,100.77,110.04
1,483.841,108.68,10.41,105.35,11.04,97.82,100.66,98.27,107.56,110.56,10.09,111.44,10.83,98.98,99.09,99.54,102.15
1,483.853,113.35,10.05,101.39,11.18,105.49,103.97,98.45,96.83,112.4,11.1,113.07,9.85,97.84,99.42,97.32,105.52
2,484.12,111.7,10.46,98.28,10.94,110.85,115.0,110.46,99.84,110.43,10.69,101.22,10.74,98.42,104.88,114.56,111.66
1,484.786,113.04,10.61,98.6,9.74,109.68,106.47,96.68,98.79,108.55,10.06,115.2,9.95,94.26,108.87,103.5,110.39
3,484.862,105.51,10.67,94.82,10.3,109.87,110.14,100.53,104.41,106.31,9.36,108.18,10.31,95.94,115.89,98.81,108.2
2,485.158,114.58,10.97,92.21,9.3,112.27,109.7,102.92,102.03,102.11,10.11,93.62,9.57,101.29,103.73,105.48,100.8
1,485.23,105.24,9.72,105.45,10.71,98.65,107.78,105.16,107.64,107.89,10.46,109.16,10.84,109.85,111.1,99.12,96.83
3,485.754,109.92,9.9,93.96,10.23,104.06,106.52,102.8,98.43,101.91,10.41,107.09,11.11,113.87,114.91,103.92,101.77
1,485.758,110.12,9.72,99.01,9.99,93.1,102.05,100.18,98.87,105.04,11.35,103.92,11.03,103.33,113.56,96.7,96.88
3,485.832,113.51,9.29,95.96,11.09,105.98,108.97,92.15,114.3,104.75,9.88,110.24,11.0,111.08,108.14,103.81,99.3
2,486.596,110.18,9.66,102.46,10.14,108.01,104.06,99.76,111.08,108.8,10.02,95.12,9.59,104.82,113.2,107.2,112.9
2,486.882,113.39,10.68,105.04,10.88,103.22,113.1,99.12,101.47,116.3,10.12,94.47,10.54,113.99,100.6,105.13,103.6
2,487.4,105.82,10.21,102.83,10.78,98.76,109.83,102.9,112.21,114.89,10.86,107.08,10.78,109.6,108.96,104.57,98.08
2,487.597,106.88,9.91,108.95,9.96,112.44,101.88,110.4,108.94,115.13,10.94,108.02,10.61,112.35,109.6,112.61,109.31
1,487.739,111.76,11.27,103.84,10.85,106.47,102.62,103.32,105.77,113.25,10.73,100.91,10.53,92.98,103.66,106.68,97.45
1,487.826,106.29,10.59,104.66,10.69,95.52,100.27,97.46,109.17,111.37,10.01,97.74,10.62,101.67,109.94,101.72,99.78
1,488.67,112.77,10.05,115.0,10.34,93.61,116.0,104.22,103.19,110.45,11.15,100.2,10.07,109.89,100.34,94.96,96.43
2,488.677,109.84,10.52,98.6,9.32,103.74,114.63,107.31,100.48,114.57,10.61,108.09,11.03,107.26,113.29,107.37,98.26
3,491.188,106.31,10.33,97.13,10.4,112.54,105.69,95.39,102.57,104.16,10.1,94.12,10.74,97.76,113.42,103.38,109.08
1,491.28,103.09,10.21,104.2,10.82,101.04,111.17,98.97,111.93,100.14,9.8,105.51,10.82,107.92,99.87,94.04,107.79
3,491.328,110.31,10.75,109.88,10.43,104.48,97.61,98.27,111.88,109.22,10.92,95.7,10.44,97.09,115.1,108.87,107.77
1,491.521,103.31,10.12,102.82,10.27,104.54,109.6,103.18,96.24,104.56,9.83,107.05,9.96,107.43,110.18,98.1,104.16
4,491.574,104.78,10.75,104.79,9.87,116.08,104.7,114.86,103.87,106.52,10.24,111.66,9.86,99.33,102.1,106.96,95.9
3,492.992,110.32,9.61,105.45,9.74,101.6,100.82,96.13,111.05,99.77,10.77,102.13,10.2,100.6,99.38,92.89,111.66
4,493.212,108.57,11.09,110.36,10.89,112.55,112.96,111.1,102.27,97.58,11.04,108.81,11.1,109.72,104.02,117.36,100.82
1,493.366,101.05,11.25,106.67,9.76,95.03,104.81,100.41,113.41,108.54,11.36,107.65,11.49,101.0,106.62,96.65,108.99
3,493.486,115.75,10.19,96.38,10.85,111.26,102.69,103.68,102.68,112.92,9.22,100.77,9.91,99.79,110.95,102.13,105.65
3,493.779,111.78,10.31,95.96,10.56,110.21,114.62,107.83,100.88,114.28,10.86,98.31,9.78,103.3,102.25,108.22,106.69
4,493.808,96.94,11.89,107.71,11.58,103.89,98.78,104.4,94.68,101.79,10.1,110.45,10.25,99.56,101.68,104.54,94.23
1,494.143,107.12,10.2,104.81,11.06,102.55,99.61,97.75,112.81,100.73,10.5,107.37,11.35,102.2,111.6,98.33,99.22
4,494.163,109.35,10.35,100.36,11.25,106.66,99.13,109.53,102.01,94.45,10.39,101.84,11.24,104.17,100.52,109.4,99.51
1,494.439,104.7,11.37,115.24,10.52,102.76,104.56,103.31,99.17,110.35,10.67,115.39,9.77,109.64,114.92,93.32,113.48
4,494.732,107.85,11.34,97.12,11.53,107.51,99.06,99.69,98.46,103.04,11.33,110.99,10.09,110.46,111.83,99.96,106.33
4,494.972,100.87,10.82,113.6,10.2,117.63,100.43,104.75,95.02,104.31,10.64,97.37,10.29,109.25,110.81,110.87,107.37
3,495.295,113.4,9.96,106.13,10.04,109.12,113.02,97.1,108.06,103.49,9.77,102.96,10.15,103.69,114.31,100.92,114.69
3,495.951,102.72,9.5,102.3,11.06,113.35,103.51,95.45,108.65,113.78,9.65,105.32,10.19,96.77,103.51,95.2,96.58
2,496.207,117.58,10.13,95.81,10.53,99.81,100.18,115.1,111.01,109.86,9.91,97.24,10.61,100.9,116.04,110.48,109.57
2,496.24,109.17,9.73,106.61,10.19,109.86,105.53,113.85,95.28,112.74,9.73,105.58,9.96,114.29,105.68,112.77,103.79
4,496.285,98.17,10.98,99.7,10.09,111.63,104.81,112.57,109.1,107.52,11.7,98.63,9.79,108.24,100.55,115.12,108.72
2,496.388,101.86,10.56,103.43,9.53,104.04,113.54,104.36,96.51,100.91,9.94,104.1,9.37,113.39,100.98,104.57,99.98
2,496.625,107.83,10.62,96.14,10.71,114.06,108.22,100.78,99.32,108.28,10.23,105.42,9.72,97.63,103.48,99.36,102.94
2,496.669,116.8,9.75,108.72,10.71,109.93,115.18,103.18,105.07,112.06,9.88,106.23,10.99,99.3,103.34,115.01,107.69
2,497.043,114.89,9.33,105.97,10.76,110.52,115.01,110.21,106.27,108.04,10.96,109.35,10.22,114.11,113.89,102.58,101.34
2,497.203,107.77,10.75,108.1,10.4,98.09,118.35,111.52,105.81,107.0,10.53,109.18,10.13,111.59,111.19,113.68,108.24
4,497.832,108.27,10.91,102.91,9.9,117.22,113.83,108.75,97.36,94.45,11.22,102.11,10.42,102.55,98.08,112.19,110.62
2,497.873,106.02,9.65,103.02,9.51,109.71,118.18,100.45,111.25,99.36,10.51,94.72,9.4,109.44,115.76,114.16,99.31
4,497.918,105.06,11.05,111.71,10.62,107.04,104.48,104.19,97.52,106.52,11.24,103.01,10.23,103.24,103.65,113.44,95.23
2,498.355,99.55,10.79,104.54,10.16,105.26,113.83,101.17,108.21,102.22,9.89,102.6,9.54,98.62,117.17,111.5,102.13
2,499.103,109.18,10.61,102.68,11.05,111.42,111.71,106.07,112.7,108.73,10.31,95.41,10.73,99.31,115.76,103.74,109.83
4,499.133,96.46,11.72,104.69,9.91,108.15,106.44,106.16,95.43,100.99,10.2,104.45,10.97,107.19,101.93,100.56,103.47
2,499.173,114.2,10.75,92.94,10.95,106.77,117.4,102.24,104.64,117.57,9.34,107.58,10.28,106.15,109.06,102.88,101.95
2,499.591,102.76,9.37,108.28,9.88,114.11,111.75,105.48,102.94,106.68,9.7,107.91,10.2,98.59,108.95,116.22,108.57
1,499.696,100.93,10.11,111.22,10.93,104.97,108.02,109.63,97.25,104.3,10.22,102.91,10.21,104.97,111.78,96.2,108.25
3,499.757,109.46,9.79,100.2,10.94,111.83,106.89,92.44,113.92,106.22,9.37,97.02,10.65,111.52,99.05,104.34,107.72
4,499.866,99.33,11.49,98.08,10.42,107.5,113.41,105.2,95.19,95.0,10.13,111.15,10.04,110.68,108.01,112.23,107.8
3,500.458,97.51,9.88,101.56,9.64,102.53,106.95,101.08,108.0,104.78,10.76,105.13,10.9,99.35,112.71,92.62,104.76
2,500.645,111.77,10.82,97.48,10.99,98.78,115.88,110.39,107.25,113.06,10.18,101.24,9.37,113.99,107.04,109.87,105.3
3,501.18,112.12,9.9,100.6,9.78,104.92,111.68,102.8,98.96,104.22,10.52,104.87,10.56,110.36,112.12,104.17,112.65
3,501.378,113.87,9.36,101.34,11.09,97.4,109.19,97.14,104.18,104.71,9.56,105.48,10.94,99.39,100.76,92.1,113.34
2,501.598,108.32,9.8,105.46,9.3,112.84,104.15,99.55,108.79,112.98,10.13,108.83,10.23,107.44,108.12,100.81,97.83
4,501.653,107.42,11.25,102.23,11.39,111.53,109.36,103.32,97.59,106.24,11.27,107.56,11.11,115.49,110.18,110.85,101.03
1,501.939,110.98,10.03,100.34,9.79,98.26,115.04,92.86,103.38,97.16,10.76,107.13,10.79,93.33,108.8,104.89,111.76
4,503.677,106.53,10.81,113.71,10.1,109.52,108.48,111.87,95.91,109.1,10.3,98.03,10.63,115.09,98.61,100.84,103.9
1,504.513,109.32,9.8,109.77,11.02,101.56,100.51,98.56,104.06,101.28,10.31,105.13,11.47,103.96,113.09,101.58,107.2
1,504.643,105.43,10.06,113.23,11.41,105.59,110.26,109.62,113.68,101.66,9.85,110.97,9.86,96.32,104.09,92.86,101.02
1,505.252,98.13,10.05,114.11,10.65,97.0,99.84,108.44,105.47,98.02,10.6,106.67,10.11,103.65,102.44,100.06,101.55
1,505.456,110.42,10.37,103.66,10.84,95.44,104.71,104.0,111.74,103.54,10.12,112.0,10.66,108.42,112.75,97.51,99.6
3,507.333,111.7,9.79,105.64,11.27,112.38,104.88,97.37,113.52,101.84,9.71,110.55,9.74,102.06,115.69,99.7,112.08
3,509.2,108.64,9.29,103.84,11.0,108.4,103.51,107.23,104.79,106.04,10.92,107.39,10.63,110.23,104.75,98.97,98.58
1,509.305,107.94,10.96,109.7,11.03,103.0,102.01,107.29,96.09,112.32,11.29,98.6,10.27,108.32,100.15,95.29,100.7
1,509.638,98.94,10.37,101.0,11.51,104.8,102.74,106.59,112.08,98.68,11.3,113.3,10.23,97.11,105.52,99.69,104.5
3,510.177,114.51,10.1,110.55,10.5,110.97,110.42,101.83,108.0,109.9,10.41,97.53,10.6,111.23,107.32,94.88,97.44
1,510.512,108.29,10.32,107.35,10.53,100.17,106.22,97.51,110.93,96.02,10.68,111.56,10.49,95.34,99.72,105.12,98.62
3,510.668,101.46,9.87,107.55,10.57,105.38,107.05,107.76,98.02,102.4,9.9,110.12,10.92,112.33,114.52,95.29,98.12
1,511.188,96.47,9.75,112.34,10.62,100.52,106.93,98.9,107.05,98.34,10.55,114.69,10.38,97.8,109.14,109.79,111.9
3,511.48,114.0,10.75,101.04,10.75,97.24,98.64,95.29,111.35,104.61,9.41,104.07,10.47,102.36,115.16,98.52,106.73
3,511.764,101.1,9.81,103.46,10.09,109.08,105.69,97.44,96.89,106.77,10.25,99.86,10.75,97.75,106.85,99.16,104.88
1,512.042,105.37,10.26,105.78,11.11,102.32,113.73,105.33,113.59,107.22,11.46,111.8,10.14,103.65,99.36,106.48,99.7
3,512.065,102.41,9.86,93.78,9.92,113.07,113.75,96.2,108.8,106.94,10.32,108.15,9.82,109.68,108.49,98.94,98.47
1,512.135,102.07,11.38,108.78,10.98,96.5,112.71,107.67,99.65,111.47,9.86,105.18,11.52,94.57,103.0,95.18,101.94
1,512.914,100.36,10.94,106.5,10.28,104.22,100.12,99.12,98.89,107.88,10.0,106.41,10.3,103.78,98.29,102.22,111.01
1,514.074,103.5,10.32,115.5,10.34,105.76,102.77,101.64,95.76,107.85,10.31,114.9,10.26,93.61,112.6,104.89,101.44
1,516.295,97.44,9.88,105.04,10.44,98.73,100.01,95.71,108.99,101.35,11.09,107.65,10.86,95.19,107.28,109.53,110.73
1,516.791,113.18,10.82,97.74,11.04,98.14,112.31,93.3,98.91,105.46,10.46,105.99,10.27,93.81,109.19,105.16,96.24
