id,type,urgency,status,assigned_machine,arrival_time,execution_time,energy_usage,start_time,completion_time,missed_time,deadline,extended_deadline
0,T2,BESTEFFORT,COMPLETED,m6-1,0.05,"{'m1-1': 1.19, 'm2-1': 11.68, 'm3-1': 10.34, 'm4-1': 105.46, 'm5-1': 109.05, 'm6-1': 1.13, 'm7-1': 106.41, 'm8-1': 111.96}",1.6949999999999998,0.05,1.18,inf,150.05,150.05
1,T1,BESTEFFORT,COMPLETED,m6-1,0.199,"{'m1-1': 1.02, 'm2-1': 10.8, 'm3-1': 9.99, 'm4-1': 101.21, 'm5-1': 94.91, 'm6-1': 1.05, 'm7-1': 106.85, 'm8-1': 101.69}",1.5750000000000002,1.18,2.23,inf,150.199,150.199
2,T4,BESTEFFORT,COMPLETED,m1-1,0.205,"{'m1-1': 1.09, 'm2-1': 10.4, 'm3-1': 10.73, 'm4-1': 102.93, 'm5-1': 93.13, 'm6-1': 0.95, 'm7-1': 105.41, 'm8-1': 111.04}",1.6350000000000002,0.205,1.2950000000000002,inf,150.205,150.205
3,T1,BESTEFFORT,COMPLETED,m6-1,0.218,"{'m1-1': 1.05, 'm2-1': 9.43, 'm3-1': 10.72, 'm4-1': 105.89, 'm5-1': 102.19, 'm6-1': 0.94, 'm7-1': 114.32, 'm8-1': 98.59}",1.41,2.23,3.17,inf,150.218,150.218
4,T3,BESTEFFORT,COMPLETED,m1-1,0.289,"{'m1-1': 1.14, 'm2-1': 10.02, 'm3-1': 10.15, 'm4-1': 104.22, 'm5-1': 102.41, 'm6-1': 1.03, 'm7-1': 99.52, 'm8-1': 110.62}",1.71,1.2950000000000002,2.435,inf,150.289,150.289
5,T3,BESTEFFORT,COMPLETED,m6-1,0.336,"{'m1-1': 1.12, 'm2-1': 10.78, 'm3-1': 10.18, 'm4-1': 108.11, 'm5-1': 98.8, 'm6-1': 1.17, 'm7-1': 107.77, 'm8-1': 99.71}",1.755,3.17,4.34,inf,150.336,150.336
6,T2,BESTEFFORT,COMPLETED,m1-1,0.391,"{'m1-1': 1.12, 'm2-1': 10.38, 'm3-1': 11.18, 'm4-1': 113.87, 'm5-1': 96.86, 'm6-1': 1.02, 'm7-1': 106.14, 'm8-1': 102.1}",1.6800000000000002,2.435,3.555,inf,150.391,150.391
7,T4,BESTEFFORT,COMPLETED,m1-1,0.694,"{'m1-1': 0.96, 'm2-1': 10.83, 'm3-1': 10.81, 'm4-1': 111.38, 'm5-1': 94.82, 'm6-1': 1.03, 'm7-1': 115.87, 'm8-1': 102.17}",1.44,3.555,4.515000000000001,inf,150.694,150.694
8,T1,BESTEFFORT,COMPLETED,m2-1,0.841,"{'m1-1': 1.13, 'm2-1': 9.63, 'm3-1': 9.65, 'm4-1': 106.12, 'm5-1': 92.98, 'm6-1': 1.01, 'm7-1': 106.6, 'm8-1': 91.99}",14.445,0.841,10.471,inf,150.841,150.841
9,T3,BESTEFFORT,COMPLETED,m6-1,1.466,"{'m1-1': 1.18, 'm2-1': 10.94, 'm3-1': 10.99, 'm4-1': 96.99, 'm5-1': 97.19, 'm6-1': 1.15, 'm7-1': 103.39, 'm8-1': 113.99}",1.7249999999999999,4.34,5.49,inf,151.466,151.466
10,T3,BESTEFFORT,COMPLETED,m1-1,1.51,"{'m1-1': 1.15, 'm2-1': 10.08, 'm3-1': 9.96, 'm4-1': 92.25, 'm5-1': 103.98, 'm6-1': 1.12, 'm7-1': 109.64, 'm8-1': 110.89}",1.7249999999999999,4.515000000000001,5.665000000000001,inf,151.51,151.51
11,T3,BESTEFFORT,COMPLETED,m3-1,1.634,"{'m1-1': 1.15, 'm2-1': 10.37, 'm3-1': 9.32, 'm4-1': 96.42, 'm5-1': 107.9, 'm6-1': 1.17, 'm7-1': 98.43, 'm8-1': 100.18}",13.98,1.634,10.954,inf,151.634,151.634
12,T2,BESTEFFORT,COMPLETED,m2-1,1.668,"{'m1-1': 1.02, 'm2-1': 11.81, 'm3-1': 9.87, 'm4-1': 110.44, 'm5-1': 113.94, 'm6-1': 1.13, 'm7-1': 100.66, 'm8-1': 110.22}",17.715,10.471,22.281,inf,151.668,151.668
13,T2,BESTEFFORT,COMPLETED,m2-1,1.689,"{'m1-1': 1.02, 'm2-1': 10.77, 'm3-1': 10.3, 'm4-1': 112.17, 'm5-1': 104.84, 'm6-1': 1.05, 'm7-1': 97.08, 'm8-1': 113.0}",16.155,22.281,33.051,inf,151.689,151.689
14,T2,BESTEFFORT,COMPLETED,m3-1,1.92,"{'m1-1': 1.12, 'm2-1': 10.25, 'm3-1': 10.11, 'm4-1': 108.4, 'm5-1': 103.31, 'm6-1': 1.11, 'm7-1': 107.99, 'm8-1': 102.67}",15.165,10.954,21.064,inf,151.92,151.92
15,T2,BESTEFFORT,COMPLETED,m2-1,1.972,"{'m1-1': 1.11, 'm2-1': 10.42, 'm3-1': 10.93, 'm4-1': 106.35, 'm5-1': 105.21, 'm6-1': 1.0, 'm7-1': 107.24, 'm8-1': 110.09}",15.629999999999999,33.051,43.471000000000004,inf,151.972,151.972
16,T1,BESTEFFORT,COMPLETED,m3-1,2.131,"{'m1-1': 1.13, 'm2-1': 10.44, 'm3-1': 9.82, 'm4-1': 102.29, 'm5-1': 95.91, 'm6-1': 1.04, 'm7-1': 104.79, 'm8-1': 108.36}",14.73,21.064,30.884,inf,152.131,152.131
17,T2,BESTEFFORT,COMPLETED,m6-1,2.332,"{'m1-1': 1.15, 'm2-1': 10.53, 'm3-1': 9.74, 'm4-1': 109.76, 'm5-1': 105.84, 'm6-1': 1.05, 'm7-1': 108.66, 'm8-1': 103.76}",1.5750000000000002,5.49,6.54,inf,152.332,152.332
18,T4,BESTEFFORT,COMPLETED,m1-1,2.477,"{'m1-1': 1.06, 'm2-1': 10.02, 'm3-1': 10.67, 'm4-1': 107.02, 'm5-1': 96.06, 'm6-1': 0.96, 'm7-1': 109.46, 'm8-1': 100.82}",1.59,5.665000000000001,6.725000000000001,inf,152.477,152.477
19,T3,BESTEFFORT,COMPLETED,m3-1,2.56,"{'m1-1': 1.19, 'm2-1': 11.05, 'm3-1': 10.1, 'm4-1': 95.98, 'm5-1': 109.51, 'm6-1': 1.14, 'm7-1': 100.54, 'm8-1': 104.55}",15.149999999999999,30.884,40.984,inf,152.56,152.56
20,T1,BESTEFFORT,COMPLETED,m4-1,2.676,"{'m1-1': 1.14, 'm2-1': 10.08, 'm3-1': 9.52, 'm4-1': 112.2, 'm5-1': 101.09, 'm6-1': 1.02, 'm7-1': 101.27, 'm8-1': 92.3}",168.3,2.676,114.876,inf,152.676,152.676
21,T4,BESTEFFORT,COMPLETED,m8-1,2.699,"{'m1-1': 0.92, 'm2-1': 10.01, 'm3-1': 9.86, 'm4-1': 113.14, 'm5-1': 95.82, 'm6-1': 1.07, 'm7-1': 102.12, 'm8-1': 110.12}",165.18,2.699,112.819,inf,152.699,152.699
22,T3,BESTEFFORT,COMPLETED,m5-1,2.772,"{'m1-1': 1.17, 'm2-1': 11.28, 'm3-1': 9.32, 'm4-1': 105.56, 'm5-1': 110.99, 'm6-1': 1.15, 'm7-1': 100.33, 'm8-1': 112.27}",166.48499999999999,2.772,113.762,inf,152.772,152.772
23,T1,BESTEFFORT,CANCELLED,m6-1,3.341,"{'m1-1': 1.06, 'm2-1': 10.02, 'm3-1': 9.42, 'm4-1': 105.48, 'm5-1': 103.62, 'm6-1': 1.01, 'm7-1': 112.18, 'm8-1': 107.41}",0.0,inf,inf,inf,153.341,153.341
24,T1,BESTEFFORT,COMPLETED,m7-1,3.354,"{'m1-1': 1.09, 'm2-1': 10.41, 'm3-1': 9.76, 'm4-1': 103.78, 'm5-1': 101.46, 'm6-1': 0.94, 'm7-1': 108.38, 'm8-1': 95.71}",162.57,3.354,111.734,inf,153.354,153.354
25,T2,BESTEFFORT,MISSED,m8-1,3.422,"{'m1-1': 1.17, 'm2-1': 10.63, 'm3-1': 10.47, 'm4-1': 116.83, 'm5-1': 98.54, 'm6-1': 1.03, 'm7-1': 101.42, 'm8-1': 107.81}",60.90449999999999,112.819,inf,153.422,153.422,153.422
26,T2,BESTEFFORT,COMPLETED,m6-1,3.791,"{'m1-1': 1.02, 'm2-1': 10.82, 'm3-1': 11.16, 'm4-1': 109.81, 'm5-1': 104.87, 'm6-1': 0.98, 'm7-1': 96.22, 'm8-1': 97.74}",1.47,6.54,7.52,inf,153.791,153.791
27,T3,BESTEFFORT,COMPLETED,m1-1,3.876,"{'m1-1': 1.18, 'm2-1': 10.61, 'm3-1': 10.01, 'm4-1': 100.65, 'm5-1': 109.9, 'm6-1': 1.0, 'm7-1': 103.2, 'm8-1': 101.67}",1.77,6.725000000000001,7.905000000000001,inf,153.876,153.876
28,T1,BESTEFFORT,CANCELLED,m6-1,4.022,"{'m1-1': 1.14, 'm2-1': 10.06, 'm3-1': 10.34, 'm4-1': 103.36, 'm5-1': 95.98, 'm6-1': 0.97, 'm7-1': 114.14, 'm8-1': 104.94}",0.0,inf,inf,inf,154.022,154.022
29,T2,BESTEFFORT,COMPLETED,m1-1,4.667,"{'m1-1': 1.08, 'm2-1': 10.75, 'm3-1': 10.56, 'm4-1': 106.5, 'm5-1': 113.47, 'm6-1': 0.98, 'm7-1': 101.03, 'm8-1': 111.38}",1.62,7.905000000000001,8.985000000000001,inf,154.667,154.667
30,T2,BESTEFFORT,MISSED,m8-1,4.739,"{'m1-1': 1.16, 'm2-1': 10.49, 'm3-1': 10.88, 'm4-1': 117.71, 'm5-1': 107.98, 'm6-1': 0.99, 'm7-1': 104.78, 'm8-1': 102.38}",1.975500000000011,153.422,inf,154.739,154.739,154.739
31,T4,BESTEFFORT,COMPLETED,m6-1,5.182,"{'m1-1': 1.06, 'm2-1': 10.43, 'm3-1': 9.45, 'm4-1': 99.62, 'm5-1': 108.75, 'm6-1': 1.11, 'm7-1': 107.36, 'm8-1': 111.64}",1.665,7.52,8.629999999999999,inf,155.182,155.182
32,T3,BESTEFFORT,COMPLETED,m6-1,6.37,"{'m1-1': 1.04, 'm2-1': 9.64, 'm3-1': 10.04, 'm4-1': 98.87, 'm5-1': 100.07, 'm6-1': 1.14, 'm7-1': 101.3, 'm8-1': 102.28}",1.71,8.629999999999999,9.77,inf,156.37,156.37
33,T4,BESTEFFORT,COMPLETED,m1-1,6.735,"{'m1-1': 0.97, 'm2-1': 9.88, 'm3-1': 9.6, 'm4-1': 108.28, 'm5-1': 94.83, 'm6-1': 1.03, 'm7-1': 114.54, 'm8-1': 111.47}",1.455,8.985000000000001,9.955000000000002,inf,156.735,156.735
34,T2,BESTEFFORT,COMPLETED,m6-1,6.759,"{'m1-1': 1.08, 'm2-1': 11.13, 'm3-1': 10.84, 'm4-1': 105.94, 'm5-1': 107.94, 'm6-1': 1.02, 'm7-1': 110.07, 'm8-1': 101.2}",1.53,9.77,10.79,inf,156.75900000000001,156.75900000000001
35,T1,BESTEFFORT,COMPLETED,m1-1,6.866,"{'m1-1': 1.11, 'm2-1': 10.22, 'm3-1': 9.85, 'm4-1': 102.56, 'm5-1': 101.79, 'm6-1': 1.04, 'm7-1': 105.69, 'm8-1': 94.45}",1.665,9.955000000000002,11.065000000000001,inf,156.86599999999999,156.86599999999999
36,T2,BESTEFFORT,CANCELLED,,6.902,"{'m1-1': 1.09, 'm2-1': 11.49, 'm3-1': 11.38, 'm4-1': 105.84, 'm5-1': 104.53, 'm6-1': 1.07, 'm7-1': 97.67, 'm8-1': 105.24}",0.0,inf,inf,inf,156.902,156.902
37,T3,BESTEFFORT,CANCELLED,,6.913,"{'m1-1': 1.16, 'm2-1': 10.12, 'm3-1': 9.82, 'm4-1': 99.25, 'm5-1': 103.01, 'm6-1': 1.17, 'm7-1': 109.42, 'm8-1': 101.94}",0.0,inf,inf,inf,156.913,156.913
38,T2,BESTEFFORT,COMPLETED,m6-1,7.099,"{'m1-1': 1.02, 'm2-1': 11.06, 'm3-1': 10.4, 'm4-1': 103.67, 'm5-1': 104.23, 'm6-1': 1.0, 'm7-1': 98.44, 'm8-1': 102.88}",1.5,10.79,11.79,inf,157.099,157.099
39,T3,BESTEFFORT,CANCELLED,,7.317,"{'m1-1': 1.1, 'm2-1': 10.23, 'm3-1': 10.3, 'm4-1': 95.95, 'm5-1': 100.28, 'm6-1': 1.01, 'm7-1': 101.84, 'm8-1': 118.25}",0.0,inf,inf,inf,157.317,157.317
40,T3,BESTEFFORT,CANCELLED,,7.649,"{'m1-1': 1.15, 'm2-1': 10.11, 'm3-1': 10.19, 'm4-1': 100.27, 'm5-1': 113.08, 'm6-1': 1.04, 'm7-1': 96.66, 'm8-1': 115.16}",0.0,inf,inf,inf,157.649,157.649
41,T2,BESTEFFORT,COMPLETED,m1-1,7.784,"{'m1-1': 1.09, 'm2-1': 11.42, 'm3-1': 10.31, 'm4-1': 112.96, 'm5-1': 106.37, 'm6-1': 1.05, 'm7-1': 98.86, 'm8-1': 107.35}",1.6350000000000002,11.065000000000001,12.155000000000001,inf,157.784,157.784
42,T3,BESTEFFORT,CANCELLED,,7.856,"{'m1-1': 1.04, 'm2-1': 11.3, 'm3-1': 11.02, 'm4-1': 97.81, 'm5-1': 103.98, 'm6-1': 1.0, 'm7-1': 97.8, 'm8-1': 111.64}",0.0,inf,inf,inf,157.856,157.856
43,T4,BESTEFFORT,CANCELLED,m6-1,8.017,"{'m1-1': 1.01, 'm2-1': 10.24, 'm3-1': 9.98, 'm4-1': 98.56, 'm5-1': 97.36, 'm6-1': 1.05, 'm7-1': 108.43, 'm8-1': 104.18}",0.0,inf,inf,inf,158.017,158.017
44,T3,BESTEFFORT,COMPLETED,m1-1,8.237,"{'m1-1': 1.14, 'm2-1': 11.21, 'm3-1': 9.96, 'm4-1': 94.16, 'm5-1': 105.04, 'm6-1': 1.16, 'm7-1': 98.8, 'm8-1': 100.74}",1.71,12.155000000000001,13.295000000000002,inf,158.237,158.237
45,T1,BESTEFFORT,MISSED,m8-1,8.768,"{'m1-1': 1.06, 'm2-1': 10.73, 'm3-1': 10.21, 'm4-1': 107.14, 'm5-1': 101.69, 'm6-1': 0.97, 'm7-1': 107.71, 'm8-1': 102.29}",6.0434999999999945,154.739,inf,158.768,158.768,158.768
46,T3,BESTEFFORT,CANCELLED,m6-1,8.893,"{'m1-1': 1.01, 'm2-1': 11.28, 'm3-1': 10.97, 'm4-1': 108.22, 'm5-1': 103.98, 'm6-1': 1.16, 'm7-1': 103.28, 'm8-1': 113.07}",0.0,inf,inf,inf,158.893,158.893
47,T3,BESTEFFORT,CANCELLED,m6-1,8.965,"{'m1-1': 1.13, 'm2-1': 10.66, 'm3-1': 9.6, 'm4-1': 95.73, 'm5-1': 98.29, 'm6-1': 1.14, 'm7-1': 110.76, 'm8-1': 113.72}",0.0,inf,inf,inf,158.965,158.965
48,T2,BESTEFFORT,COMPLETED,m1-1,9.777,"{'m1-1': 1.16, 'm2-1': 11.64, 'm3-1': 11.41, 'm4-1': 102.79, 'm5-1': 102.01, 'm6-1': 0.98, 'm7-1': 108.0, 'm8-1': 109.44}",1.7399999999999998,13.295000000000002,14.455000000000002,inf,159.777,159.777
49,T1,BESTEFFORT,COMPLETED,m6-1,10.078,"{'m1-1': 1.0, 'm2-1': 10.74, 'm3-1': 9.68, 'm4-1': 101.84, 'm5-1': 95.27, 'm6-1': 0.95, 'm7-1': 108.15, 'm8-1': 105.69}",1.4249999999999998,11.79,12.739999999999998,inf,160.078,160.078
50,T3,BESTEFFORT,COMPLETED,m6-1,10.186,"{'m1-1': 1.19, 'm2-1': 10.91, 'm3-1': 9.44, 'm4-1': 96.74, 'm5-1': 106.82, 'm6-1': 1.12, 'm7-1': 95.32, 'm8-1': 104.07}",1.6800000000000002,13.749999999999998,14.869999999999997,inf,160.186,160.186
51,T1,BESTEFFORT,COMPLETED,m6-1,10.193,"{'m1-1': 1.04, 'm2-1': 10.17, 'm3-1': 10.95, 'm4-1': 104.92, 'm5-1': 92.48, 'm6-1': 1.01, 'm7-1': 98.44, 'm8-1': 105.63}",1.5150000000000001,12.739999999999998,13.749999999999998,inf,160.193,160.193
52,T3,BESTEFFORT,COMPLETED,m2-1,10.564,"{'m1-1': 1.12, 'm2-1': 11.28, 'm3-1': 10.81, 'm4-1': 105.72, 'm5-1': 104.42, 'm6-1': 1.1, 'm7-1': 99.91, 'm8-1': 104.61}",16.919999999999998,43.471000000000004,54.751000000000005,inf,160.564,160.564
53,T2,BESTEFFORT,COMPLETED,m1-1,11.199,"{'m1-1': 1.2, 'm2-1': 10.58, 'm3-1': 10.39, 'm4-1': 110.59, 'm5-1': 111.31, 'm6-1': 1.1, 'm7-1': 105.34, 'm8-1': 100.71}",1.7999999999999998,14.455000000000002,15.655000000000001,inf,161.199,161.199
54,T3,BESTEFFORT,COMPLETED,m6-1,11.931,"{'m1-1': 1.16, 'm2-1': 9.61, 'm3-1': 9.96, 'm4-1': 100.4, 'm5-1': 106.51, 'm6-1': 1.01, 'm7-1': 110.71, 'm8-1': 113.92}",1.5150000000000001,14.869999999999997,15.879999999999997,inf,161.931,161.931
55,T1,BESTEFFORT,COMPLETED,m1-1,12.436,"{'m1-1': 0.99, 'm2-1': 10.64, 'm3-1': 10.98, 'm4-1': 105.99, 'm5-1': 95.99, 'm6-1': 1.04, 'm7-1': 105.68, 'm8-1': 102.88}",1.4849999999999999,15.655000000000001,16.645,inf,162.436,162.436
56,T3,BESTEFFORT,COMPLETED,m3-1,12.439,"{'m1-1': 1.16, 'm2-1': 9.94, 'm3-1': 9.5, 'm4-1': 100.9, 'm5-1': 111.4, 'm6-1': 1.17, 'm7-1': 94.26, 'm8-1': 114.99}",14.25,40.984,50.484,inf,162.439,162.439
57,T3,BESTEFFORT,CANCELLED,m6-1,13.376,"{'m1-1': 1.15, 'm2-1': 11.39, 'm3-1': 9.96, 'm4-1': 107.38, 'm5-1': 105.0, 'm6-1': 1.11, 'm7-1': 100.2, 'm8-1': 115.39}",0.0,inf,inf,inf,163.376,163.376
58,T4,BESTEFFORT,COMPLETED,m1-1,13.465,"{'m1-1': 1.03, 'm2-1': 11.0, 'm3-1': 9.66, 'm4-1': 107.93, 'm5-1': 102.28, 'm6-1': 1.1, 'm7-1': 102.2, 'm8-1': 104.78}",1.545,16.645,17.675,inf,163.465,163.465
59,T1,BESTEFFORT,COMPLETED,m6-1,14.382,"{'m1-1': 1.1, 'm2-1': 10.56, 'm3-1': 10.61, 'm4-1': 107.4, 'm5-1': 104.48, 'm6-1': 1.06, 'm7-1': 107.49, 'm8-1': 96.72}",1.59,15.879999999999997,16.939999999999998,inf,164.382,164.382
60,T1,BESTEFFORT,CANCELLED,m1-1,14.562,"{'m1-1': 1.13, 'm2-1': 10.8, 'm3-1': 9.56, 'm4-1': 98.14, 'm5-1': 105.11, 'm6-1': 0.96, 'm7-1': 108.98, 'm8-1': 103.48}",0.0,inf,inf,inf,164.562,164.562
61,T3,BESTEFFORT,CANCELLED,m1-1,14.68,"{'m1-1': 1.18, 'm2-1': 10.87, 'm3-1': 9.7, 'm4-1': 96.88, 'm5-1': 101.61, 'm6-1': 1.04, 'm7-1': 106.61, 'm8-1': 111.66}",0.0,inf,inf,inf,164.68,164.68
62,T2,BESTEFFORT,CANCELLED,m6-1,14.722,"{'m1-1': 1.15, 'm2-1': 10.7, 'm3-1': 9.77, 'm4-1': 106.63, 'm5-1': 103.54, 'm6-1': 1.12, 'm7-1': 107.24, 'm8-1': 114.42}",0.0,inf,inf,inf,164.722,164.722
63,T3,BESTEFFORT,CANCELLED,m6-1,15.228,"{'m1-1': 1.07, 'm2-1': 11.12, 'm3-1': 10.85, 'm4-1': 106.84, 'm5-1': 110.02, 'm6-1': 1.15, 'm7-1': 99.03, 'm8-1': 115.42}",0.0,inf,inf,inf,165.228,165.228
64,T4,BESTEFFORT,COMPLETED,m1-1,15.332,"{'m1-1': 1.04, 'm2-1': 10.2, 'm3-1': 10.88, 'm4-1': 101.58, 'm5-1': 94.89, 'm6-1': 0.98, 'm7-1': 112.4, 'm8-1': 105.95}",1.56,18.825,19.865,inf,165.332,165.332
65,T1,BESTEFFORT,COMPLETED,m6-1,15.563,"{'m1-1': 1.08, 'm2-1': 10.04, 'm3-1': 10.79, 'm4-1': 114.5, 'm5-1': 104.68, 'm6-1': 1.04, 'm7-1': 106.42, 'm8-1': 105.12}",1.56,16.939999999999998,17.979999999999997,inf,165.563,165.563
66,T1,BESTEFFORT,COMPLETED,m1-1,15.584,"{'m1-1': 1.15, 'm2-1': 10.53, 'm3-1': 11.15, 'm4-1': 110.2, 'm5-1': 101.14, 'm6-1': 1.01, 'm7-1': 114.96, 'm8-1': 104.81}",1.7249999999999999,17.675,18.825,inf,165.584,165.584
67,T4,BESTEFFORT,CANCELLED,,15.598,"{'m1-1': 0.98, 'm2-1': 10.09, 'm3-1': 9.28, 'm4-1': 98.91, 'm5-1': 97.0, 'm6-1': 1.09, 'm7-1': 117.6, 'm8-1': 103.58}",0.0,inf,inf,inf,165.598,165.598
68,T1,BESTEFFORT,CANCELLED,m6-1,15.708,"{'m1-1': 1.07, 'm2-1': 9.48, 'm3-1': 10.16, 'm4-1': 104.03, 'm5-1': 96.5, 'm6-1': 0.98, 'm7-1': 112.27, 'm8-1': 95.57}",0.0,inf,inf,inf,165.708,165.708
69,T3,BESTEFFORT,CANCELLED,,15.728,"{'m1-1': 1.01, 'm2-1': 10.39, 'm3-1': 10.18, 'm4-1': 99.13, 'm5-1': 107.32, 'm6-1': 1.09, 'm7-1': 108.85, 'm8-1': 113.14}",0.0,inf,inf,inf,165.728,165.728
70,T4,BESTEFFORT,CANCELLED,,15.987,"{'m1-1': 0.92, 'm2-1': 9.85, 'm3-1': 9.73, 'm4-1': 102.95, 'm5-1': 104.5, 'm6-1': 1.03, 'm7-1': 103.58, 'm8-1': 96.6}",0.0,inf,inf,inf,165.987,165.987
71,T3,BESTEFFORT,CANCELLED,,15.993,"{'m1-1': 1.16, 'm2-1': 10.06, 'm3-1': 10.78, 'm4-1': 94.44, 'm5-1': 104.64, 'm6-1': 1.07, 'm7-1': 110.49, 'm8-1': 107.29}",0.0,inf,inf,inf,165.993,165.993
72,T1,BESTEFFORT,CANCELLED,m6-1,16.088,"{'m1-1': 1.08, 'm2-1': 10.8, 'm3-1': 11.03, 'm4-1': 102.96, 'm5-1': 93.3, 'm6-1': 0.95, 'm7-1': 98.42, 'm8-1': 101.63}",0.0,inf,inf,inf,166.088,166.088
73,T2,BESTEFFORT,CANCELLED,,16.146,"{'m1-1': 1.11, 'm2-1': 10.62, 'm3-1': 11.36, 'm4-1': 105.3, 'm5-1': 101.88, 'm6-1': 1.09, 'm7-1': 104.78, 'm8-1': 114.44}",0.0,inf,inf,inf,166.14600000000002,166.14600000000002
74,T1,BESTEFFORT,COMPLETED,m1-1,16.26,"{'m1-1': 1.16, 'm2-1': 9.5, 'm3-1': 10.05, 'm4-1': 97.27, 'm5-1': 108.29, 'm6-1': 1.0, 'm7-1': 100.04, 'm8-1': 101.06}",1.7399999999999998,19.865,21.025,inf,166.26,166.26
75,T3,BESTEFFORT,COMPLETED,m6-1,16.576,"{'m1-1': 1.04, 'm2-1': 11.25, 'm3-1': 10.63, 'm4-1': 102.9, 'm5-1': 95.26, 'm6-1': 1.07, 'm7-1': 107.93, 'm8-1': 106.31}",1.605,17.979999999999997,19.049999999999997,inf,166.576,166.576
76,T2,BESTEFFORT,CANCELLED,,16.631,"{'m1-1': 1.15, 'm2-1': 10.05, 'm3-1': 10.5, 'm4-1': 107.99, 'm5-1': 96.28, 'm6-1': 1.02, 'm7-1': 97.96, 'm8-1': 98.21}",0.0,inf,inf,inf,166.631,166.631
77,T3,BESTEFFORT,COMPLETED,m6-1,17.042,"{'m1-1': 1.09, 'm2-1': 9.64, 'm3-1': 10.09, 'm4-1': 107.39, 'm5-1': 96.43, 'm6-1': 1.16, 'm7-1': 95.06, 'm8-1': 107.76}",1.7399999999999998,19.049999999999997,20.209999999999997,inf,167.042,167.042
78,T2,BESTEFFORT,CANCELLED,,17.157,"{'m1-1': 1.01, 'm2-1': 10.26, 'm3-1': 11.14, 'm4-1': 113.35, 'm5-1': 105.12, 'm6-1': 1.06, 'm7-1': 102.77, 'm8-1': 107.78}",0.0,inf,inf,inf,167.157,167.157
79,T4,BESTEFFORT,CANCELLED,,17.248,"{'m1-1': 1.06, 'm2-1': 11.17, 'm3-1': 10.91, 'm4-1': 103.7, 'm5-1': 101.99, 'm6-1': 1.0, 'm7-1': 102.82, 'm8-1': 104.75}",0.0,inf,inf,inf,167.248,167.248
80,T4,BESTEFFORT,CANCELLED,m1-1,17.357,"{'m1-1': 1.07, 'm2-1': 11.0, 'm3-1': 10.73, 'm4-1': 98.56, 'm5-1': 105.5, 'm6-1': 1.07, 'm7-1': 110.53, 'm8-1': 101.92}",0.0,inf,inf,inf,167.357,167.357
81,T1,BESTEFFORT,CANCELLED,,17.683,"{'m1-1': 1.1, 'm2-1': 11.06, 'm3-1': 11.04, 'm4-1': 100.32, 'm5-1': 102.03, 'm6-1': 0.97, 'm7-1': 106.84, 'm8-1': 103.43}",0.0,inf,inf,inf,167.683,167.683
82,T3,BESTEFFORT,COMPLETED,m6-1,17.918,"{'m1-1': 1.13, 'm2-1': 10.32, 'm3-1': 9.73, 'm4-1': 105.23, 'm5-1': 102.09, 'm6-1': 1.02, 'm7-1': 95.99, 'm8-1': 107.69}",1.53,20.209999999999997,21.229999999999997,inf,167.918,167.918
83,T3,BESTEFFORT,COMPLETED,m6-1,18.024,"{'m1-1': 1.14, 'm2-1': 9.67, 'm3-1': 10.95, 'm4-1': 103.9, 'm5-1': 96.14, 'm6-1': 1.07, 'm7-1': 107.94, 'm8-1': 117.02}",1.605,21.229999999999997,22.299999999999997,inf,168.024,168.024
84,T4,BESTEFFORT,CANCELLED,,18.273,"{'m1-1': 0.97, 'm2-1': 9.71, 'm3-1': 10.8, 'm4-1': 110.52, 'm5-1': 94.54, 'm6-1': 0.98, 'm7-1': 117.53, 'm8-1': 108.87}",0.0,inf,inf,inf,168.273,168.273
85,T2,BESTEFFORT,CANCELLED,m6-1,18.406,"{'m1-1': 1.1, 'm2-1': 11.5, 'm3-1': 10.11, 'm4-1': 106.54, 'm5-1': 112.05, 'm6-1': 1.06, 'm7-1': 112.09, 'm8-1': 106.83}",0.0,inf,inf,inf,168.406,168.406
86,T4,BESTEFFORT,CANCELLED,m1-1,18.42,"{'m1-1': 0.98, 'm2-1': 10.39, 'm3-1': 10.42, 'm4-1': 105.01, 'm5-1': 99.22, 'm6-1': 1.06, 'm7-1': 100.86, 'm8-1': 97.14}",0.0,inf,inf,inf,168.42000000000002,168.42000000000002
87,T2,BESTEFFORT,CANCELLED,,18.722,"{'m1-1': 1.04, 'm2-1': 10.56, 'm3-1': 10.2, 'm4-1': 109.19, 'm5-1': 102.44, 'm6-1': 1.04, 'm7-1': 98.6, 'm8-1': 114.25}",0.0,inf,inf,inf,168.722,168.722
88,T3,BESTEFFORT,COMPLETED,m6-1,19.376,"{'m1-1': 1.02, 'm2-1': 10.26, 'm3-1': 10.94, 'm4-1': 97.23, 'm5-1': 100.0, 'm6-1': 1.17, 'm7-1': 101.32, 'm8-1': 112.46}",1.755,22.299999999999997,23.47,inf,169.376,169.376
89,T1,BESTEFFORT,COMPLETED,m6-1,19.388,"{'m1-1': 1.14, 'm2-1': 10.5, 'm3-1': 10.3, 'm4-1': 106.88, 'm5-1': 95.85, 'm6-1': 1.04, 'm7-1': 109.85, 'm8-1': 96.01}",1.56,23.47,24.509999999999998,inf,169.388,169.388
90,T3,BESTEFFORT,COMPLETED,m1-1,19.463,"{'m1-1': 1.07, 'm2-1': 10.66, 'm3-1': 9.45, 'm4-1': 100.57, 'm5-1': 106.28, 'm6-1': 1.01, 'm7-1': 111.09, 'm8-1': 107.3}",1.605,21.025,22.095,inf,169.463,169.463
91,T3,BESTEFFORT,COMPLETED,m1-1,19.598,"{'m1-1': 1.07, 'm2-1': 10.4, 'm3-1': 10.88, 'm4-1': 107.47, 'm5-1': 100.28, 'm6-1': 1.03, 'm7-1': 107.37, 'm8-1': 102.41}",1.605,22.095,23.165,inf,169.598,169.598
92,T1,BESTEFFORT,CANCELLED,,19.811,"{'m1-1': 1.11, 'm2-1': 9.98, 'm3-1': 10.58, 'm4-1': 104.42, 'm5-1': 96.12, 'm6-1': 0.99, 'm7-1': 114.85, 'm8-1': 100.7}",0.0,inf,inf,inf,169.811,169.811
93,T3,BESTEFFORT,COMPLETED,m1-1,19.988,"{'m1-1': 1.16, 'm2-1': 10.41, 'm3-1': 10.24, 'm4-1': 107.44, 'm5-1': 112.05, 'm6-1': 1.12, 'm7-1': 105.1, 'm8-1': 113.99}",1.7399999999999998,23.165,24.325,inf,169.988,169.988
94,T1,BESTEFFORT,CANCELLED,,20.195,"{'m1-1': 1.05, 'm2-1': 9.42, 'm3-1': 9.68, 'm4-1': 104.74, 'm5-1': 97.94, 'm6-1': 0.98, 'm7-1': 100.92, 'm8-1': 107.66}",0.0,inf,inf,inf,170.195,170.195
95,T1,BESTEFFORT,CANCELLED,,20.313,"{'m1-1': 1.02, 'm2-1': 10.36, 'm3-1': 10.74, 'm4-1': 113.02, 'm5-1': 94.13, 'm6-1': 0.97, 'm7-1': 100.36, 'm8-1': 103.43}",0.0,inf,inf,inf,170.313,170.313
96,T1,BESTEFFORT,CANCELLED,,20.401,"{'m1-1': 1.01, 'm2-1': 11.02, 'm3-1': 9.67, 'm4-1': 97.5, 'm5-1': 101.37, 'm6-1': 1.06, 'm7-1': 105.2, 'm8-1': 95.81}",0.0,inf,inf,inf,170.401,170.401
97,T2,BESTEFFORT,CANCELLED,,20.647,"{'m1-1': 1.12, 'm2-1': 11.07, 'm3-1': 10.51, 'm4-1': 117.32, 'm5-1': 96.14, 'm6-1': 1.12, 'm7-1': 101.32, 'm8-1': 99.3}",0.0,inf,inf,inf,170.647,170.647
98,T4,BESTEFFORT,COMPLETED,m3-1,20.715,"{'m1-1': 0.94, 'm2-1': 10.29, 'm3-1': 9.6, 'm4-1': 112.14, 'm5-1': 97.38, 'm6-1': 1.03, 'm7-1': 116.5, 'm8-1': 110.19}",14.399999999999999,50.484,60.084,inf,170.715,170.715
99,T4,BESTEFFORT,COMPLETED,m6-1,20.997,"{'m1-1': 0.94, 'm2-1': 10.04, 'm3-1': 10.29, 'm4-1': 101.62, 'm5-1': 104.98, 'm6-1': 0.99, 'm7-1': 117.53, 'm8-1': 105.39}",1.4849999999999999,24.509999999999998,25.499999999999996,inf,170.997,170.997
100,T3,BESTEFFORT,COMPLETED,m1-1,21.018,"{'m1-1': 1.01, 'm2-1': 10.2, 'm3-1': 10.68, 'm4-1': 105.82, 'm5-1': 97.24, 'm6-1': 1.13, 'm7-1': 102.76, 'm8-1': 100.51}",1.5150000000000001,24.325,25.335,inf,171.018,171.018
101,T1,BESTEFFORT,COMPLETED,m1-1,21.648,"{'m1-1': 1.01, 'm2-1': 10.29, 'm3-1': 11.07, 'm4-1': 105.39, 'm5-1': 95.39, 'm6-1': 0.96, 'm7-1': 115.71, 'm8-1': 98.52}",1.5150000000000001,25.335,26.345000000000002,inf,171.648,171.648
102,T1,BESTEFFORT,COMPLETED,m6-1,22.563,"{'m1-1': 1.15, 'm2-1': 9.36, 'm3-1': 10.35, 'm4-1': 101.45, 'm5-1': 103.3, 'm6-1': 1.02, 'm7-1': 109.97, 'm8-1': 106.86}",1.53,25.499999999999996,26.519999999999996,inf,172.563,172.563
103,T1,BESTEFFORT,COMPLETED,m2-1,22.621,"{'m1-1': 1.06, 'm2-1': 9.62, 'm3-1': 9.6, 'm4-1': 113.09, 'm5-1': 100.64, 'm6-1': 0.96, 'm7-1': 97.78, 'm8-1': 106.88}",14.43,54.751000000000005,64.37100000000001,inf,172.621,172.621
104,T2,BESTEFFORT,CANCELLED,m1-1,23.09,"{'m1-1': 1.14, 'm2-1': 10.3, 'm3-1': 11.15, 'm4-1': 116.61, 'm5-1': 96.98, 'm6-1': 1.02, 'm7-1': 104.78, 'm8-1': 108.66}",0.0,inf,inf,inf,173.09,173.09
105,T1,BESTEFFORT,COMPLETED,m1-1,23.274,"{'m1-1': 1.16, 'm2-1': 10.43, 'm3-1': 10.14, 'm4-1': 104.77, 'm5-1': 106.79, 'm6-1': 1.03, 'm7-1': 100.14, 'm8-1': 99.35}",1.7399999999999998,26.345000000000002,27.505000000000003,inf,173.274,173.274
106,T1,BESTEFFORT,COMPLETED,m6-1,23.788,"{'m1-1': 1.14, 'm2-1': 10.6, 'm3-1': 10.84, 'm4-1': 104.68, 'm5-1': 96.89, 'm6-1': 1.06, 'm7-1': 100.49, 'm8-1': 107.09}",1.59,26.519999999999996,27.579999999999995,inf,173.788,173.788
107,T4,BESTEFFORT,COMPLETED,m1-1,24.068,"{'m1-1': 1.04, 'm2-1': 10.7, 'm3-1': 10.15, 'm4-1': 112.08, 'm5-1': 91.55, 'm6-1': 0.98, 'm7-1': 107.7, 'm8-1': 103.67}",1.56,27.505000000000003,28.545,inf,174.068,174.068
108,T2,BESTEFFORT,COMPLETED,m6-1,24.521,"{'m1-1': 1.11, 'm2-1': 10.83, 'm3-1': 10.81, 'm4-1': 118.13, 'm5-1': 106.06, 'm6-1': 0.98, 'm7-1': 94.31, 'm8-1': 109.68}",1.47,27.579999999999995,28.559999999999995,inf,174.52100000000002,174.52100000000002
109,T2,BESTEFFORT,COMPLETED,m1-1,25.248,"{'m1-1': 1.09, 'm2-1': 10.61, 'm3-1': 11.37, 'm4-1': 104.51, 'm5-1': 106.86, 'm6-1': 1.04, 'm7-1': 104.26, 'm8-1': 104.88}",1.6350000000000002,28.545,29.635,inf,175.248,175.248
110,T2,BESTEFFORT,CANCELLED,m6-1,25.432,"{'m1-1': 1.18, 'm2-1': 10.14, 'm3-1': 11.33, 'm4-1': 115.65, 'm5-1': 101.55, 'm6-1': 1.03, 'm7-1': 101.38, 'm8-1': 115.29}",0.0,inf,inf,inf,175.432,175.432
111,T4,BESTEFFORT,CANCELLED,,25.62,"{'m1-1': 0.93, 'm2-1': 9.76, 'm3-1': 10.88, 'm4-1': 96.09, 'm5-1': 96.77, 'm6-1': 0.98, 'm7-1': 102.31, 'm8-1': 110.0}",0.0,inf,inf,inf,175.62,175.62
112,T1,BESTEFFORT,CANCELLED,m6-1,25.671,"{'m1-1': 1.12, 'm2-1': 9.38, 'm3-1': 10.2, 'm4-1': 114.47, 'm5-1': 91.9, 'm6-1': 1.05, 'm7-1': 106.3, 'm8-1': 92.27}",0.0,inf,inf,inf,175.671,175.671
113,T2,BESTEFFORT,CANCELLED,,25.786,"{'m1-1': 1.1, 'm2-1': 11.42, 'm3-1': 10.29, 'm4-1': 105.0, 'm5-1': 114.19, 'm6-1': 1.09, 'm7-1': 109.65, 'm8-1': 105.64}",0.0,inf,inf,inf,175.786,175.786
114,T2,BESTEFFORT,CANCELLED,,26.12,"{'m1-1': 1.08, 'm2-1': 10.52, 'm3-1': 11.04, 'm4-1': 112.54, 'm5-1': 101.36, 'm6-1': 1.08, 'm7-1': 104.03, 'm8-1': 106.67}",0.0,inf,inf,inf,176.12,176.12
115,T4,BESTEFFORT,COMPLETED,m1-1,26.19,"{'m1-1': 0.99, 'm2-1': 10.32, 'm3-1': 9.25, 'm4-1': 101.09, 'm5-1': 106.42, 'm6-1': 0.99, 'm7-1': 104.7, 'm8-1': 104.9}",1.4849999999999999,29.635,30.625,inf,176.19,176.19
116,T4,BESTEFFORT,COMPLETED,m6-1,26.484,"{'m1-1': 0.99, 'm2-1': 10.37, 'm3-1': 10.72, 'm4-1': 104.52, 'm5-1': 99.22, 'm6-1': 0.96, 'm7-1': 113.85, 'm8-1': 107.68}",1.44,28.559999999999995,29.519999999999996,inf,176.484,176.484
117,T2,BESTEFFORT,CANCELLED,,26.517,"{'m1-1': 1.06, 'm2-1': 11.77, 'm3-1': 11.11, 'm4-1': 101.8, 'm5-1': 99.2, 'm6-1': 1.07, 'm7-1': 101.51, 'm8-1': 106.78}",0.0,inf,inf,inf,176.517,176.517
118,T1,BESTEFFORT,CANCELLED,m6-1,26.937,"{'m1-1': 1.01, 'm2-1': 9.55, 'm3-1': 10.73, 'm4-1': 97.91, 'm5-1': 107.56, 'm6-1': 1.0, 'm7-1': 107.67, 'm8-1': 105.85}",0.0,inf,inf,inf,176.937,176.937
119,T4,BESTEFFORT,COMPLETED,m1-1,26.948,"{'m1-1': 1.07, 'm2-1': 10.84, 'm3-1': 9.21, 'm4-1': 99.48, 'm5-1': 104.98, 'm6-1': 1.08, 'm7-1': 103.03, 'm8-1': 109.61}",1.605,30.625,31.695,inf,176.948,176.948
120,T2,BESTEFFORT,CANCELLED,,27.133,"{'m1-1': 1.15, 'm2-1': 11.26, 'm3-1': 11.01, 'm4-1': 113.5, 'm5-1': 99.1, 'm6-1': 1.02, 'm7-1': 98.16, 'm8-1': 102.13}",0.0,inf,inf,inf,177.133,177.133
121,T4,BESTEFFORT,COMPLETED,m6-1,27.791,"{'m1-1': 0.92, 'm2-1': 10.42, 'm3-1': 9.9, 'm4-1': 101.56, 'm5-1': 101.53, 'm6-1': 1.08, 'm7-1': 112.2, 'm8-1': 111.05}",1.62,29.519999999999996,30.599999999999994,inf,177.791,177.791
122,T1,BESTEFFORT,COMPLETED,m6-1,27.858,"{'m1-1': 1.09, 'm2-1': 9.45, 'm3-1': 9.79, 'm4-1': 108.28, 'm5-1': 103.03, 'm6-1': 1.02, 'm7-1': 98.16, 'm8-1': 103.87}",1.53,31.659999999999993,32.67999999999999,inf,177.858,177.858
123,T2,BESTEFFORT,CANCELLED,,27.919,"{'m1-1': 1.12, 'm2-1': 10.37, 'm3-1': 10.88, 'm4-1': 100.77, 'm5-1': 109.45, 'm6-1': 1.13, 'm7-1': 94.96, 'm8-1': 109.35}",0.0,inf,inf,inf,177.919,177.919
124,T4,BESTEFFORT,COMPLETED,m6-1,28.13,"{'m1-1': 1.05, 'm2-1': 9.86, 'm3-1': 10.06, 'm4-1': 109.32, 'm5-1': 105.57, 'm6-1': 1.06, 'm7-1': 112.31, 'm8-1': 105.93}",1.59,30.599999999999994,31.659999999999993,inf,178.13,178.13
125,T2,BESTEFFORT,COMPLETED,m1-1,28.164,"{'m1-1': 1.09, 'm2-1': 10.24, 'm3-1': 9.72, 'm4-1': 114.34, 'm5-1': 105.32, 'm6-1': 1.04, 'm7-1': 104.26, 'm8-1': 100.79}",1.6350000000000002,31.695,32.785000000000004,inf,178.164,178.164
126,T3,BESTEFFORT,CANCELLED,,28.564,"{'m1-1': 1.01, 'm2-1': 10.17, 'm3-1': 11.02, 'm4-1': 105.63, 'm5-1': 98.29, 'm6-1': 1.02, 'm7-1': 96.48, 'm8-1': 106.9}",0.0,inf,inf,inf,178.564,178.564
127,T1,BESTEFFORT,CANCELLED,m1-1,28.662,"{'m1-1': 1.06, 'm2-1': 9.41, 'm3-1': 10.63, 'm4-1': 102.8, 'm5-1': 103.75, 'm6-1': 1.09, 'm7-1': 110.11, 'm8-1': 100.72}",0.0,inf,inf,inf,178.662,178.662
128,T3,BESTEFFORT,COMPLETED,m6-1,28.893,"{'m1-1': 1.1, 'm2-1': 10.18, 'm3-1': 9.72, 'm4-1': 96.72, 'm5-1': 95.35, 'm6-1': 1.01, 'm7-1': 109.92, 'm8-1': 111.82}",1.5150000000000001,32.67999999999999,33.68999999999999,inf,178.893,178.893
129,T3,BESTEFFORT,COMPLETED,m1-1,29.766,"{'m1-1': 1.03, 'm2-1': 9.92, 'm3-1': 10.77, 'm4-1': 101.53, 'm5-1': 98.39, 'm6-1': 1.1, 'm7-1': 108.3, 'm8-1': 112.17}",1.545,33.795,34.825,inf,179.766,179.766
130,T2,BESTEFFORT,COMPLETED,m6-1,29.773,"{'m1-1': 1.07, 'm2-1': 10.91, 'm3-1': 11.36, 'm4-1': 116.49, 'm5-1': 109.58, 'm6-1': 1.13, 'm7-1': 94.55, 'm8-1': 111.98}",1.6949999999999998,33.68999999999999,34.81999999999999,inf,179.773,179.773
131,T4,BESTEFFORT,COMPLETED,m1-1,30.092,"{'m1-1': 1.01, 'm2-1': 10.21, 'm3-1': 10.82, 'm4-1': 107.4, 'm5-1': 102.27, 'm6-1': 1.11, 'm7-1': 105.34, 'm8-1': 111.82}",1.5150000000000001,32.785000000000004,33.795,inf,180.09199999999998,180.09199999999998
132,T2,BESTEFFORT,COMPLETED,m3-1,31.07,"{'m1-1': 1.03, 'm2-1': 10.9, 'm3-1': 11.42, 'm4-1': 117.78, 'm5-1': 109.08, 'm6-1': 0.97, 'm7-1': 106.88, 'm8-1': 105.55}",17.13,60.084,71.504,inf,181.07,181.07
133,T1,BESTEFFORT,COMPLETED,m6-1,31.64,"{'m1-1': 1.05, 'm2-1': 10.21, 'm3-1': 11.17, 'm4-1': 113.57, 'm5-1': 95.55, 'm6-1': 1.06, 'm7-1': 103.63, 'm8-1': 99.6}",1.59,34.81999999999999,35.879999999999995,inf,181.64,181.64
134,T3,BESTEFFORT,COMPLETED,m1-1,31.827,"{'m1-1': 1.06, 'm2-1': 9.77, 'm3-1': 10.85, 'm4-1': 103.78, 'm5-1': 111.83, 'm6-1': 1.08, 'm7-1': 96.82, 'm8-1': 110.52}",1.59,34.825,35.885000000000005,inf,181.827,181.827
135,T4,BESTEFFORT,CANCELLED,m6-1,32.704,"{'m1-1': 0.92, 'm2-1': 11.17, 'm3-1': 9.85, 'm4-1': 106.81, 'm5-1': 102.67, 'm6-1': 1.08, 'm7-1': 108.32, 'm8-1': 109.47}",0.0,inf,inf,inf,182.704,182.704
136,T4,BESTEFFORT,CANCELLED,m1-1,32.742,"{'m1-1': 1.03, 'm2-1': 11.03, 'm3-1': 9.44, 'm4-1': 105.44, 'm5-1': 93.54, 'm6-1': 0.99, 'm7-1': 113.04, 'm8-1': 105.62}",0.0,inf,inf,inf,182.742,182.742
137,T2,BESTEFFORT,COMPLETED,m6-1,32.963,"{'m1-1': 1.17, 'm2-1': 10.45, 'm3-1': 11.45, 'm4-1': 110.06, 'm5-1': 111.55, 'm6-1': 1.07, 'm7-1': 98.79, 'm8-1': 99.65}",1.605,35.879999999999995,36.949999999999996,inf,182.963,182.963
138,T4,BESTEFFORT,COMPLETED,m2-1,33.134,"{'m1-1': 0.98, 'm2-1': 10.03, 'm3-1': 9.25, 'm4-1': 96.07, 'm5-1': 104.87, 'm6-1': 1.05, 'm7-1': 102.56, 'm8-1': 96.47}",15.044999999999998,64.37100000000001,74.40100000000001,inf,183.13400000000001,183.13400000000001
139,T2,BESTEFFORT,COMPLETED,m1-1,33.274,"{'m1-1': 1.16, 'm2-1': 11.68, 'm3-1': 10.14, 'm4-1': 117.11, 'm5-1': 111.31, 'm6-1': 1.11, 'm7-1': 109.35, 'm8-1': 106.65}",1.7399999999999998,35.885000000000005,37.045,inf,183.274,183.274
140,T3,BESTEFFORT,CANCELLED,,33.384,"{'m1-1': 1.19, 'm2-1': 10.36, 'm3-1': 9.33, 'm4-1': 93.22, 'm5-1': 102.12, 'm6-1': 1.1, 'm7-1': 110.19, 'm8-1': 112.46}",0.0,inf,inf,inf,183.38400000000001,183.38400000000001
141,T4,BESTEFFORT,CANCELLED,m6-1,33.546,"{'m1-1': 1.07, 'm2-1': 10.56, 'm3-1': 9.81, 'm4-1': 100.53, 'm5-1': 99.21, 'm6-1': 1.04, 'm7-1': 110.96, 'm8-1': 105.33}",0.0,inf,inf,inf,183.546,183.546
142,T3,BESTEFFORT,COMPLETED,m1-1,33.63,"{'m1-1': 1.19, 'm2-1': 9.94, 'm3-1': 9.81, 'm4-1': 100.83, 'm5-1': 97.81, 'm6-1': 1.02, 'm7-1': 98.43, 'm8-1': 109.01}",1.785,37.045,38.235,inf,183.63,183.63
143,T3,BESTEFFORT,CANCELLED,m6-1,34.056,"{'m1-1': 1.07, 'm2-1': 11.37, 'm3-1': 9.49, 'm4-1': 101.94, 'm5-1': 108.04, 'm6-1': 1.02, 'm7-1': 104.47, 'm8-1': 105.64}",0.0,inf,inf,inf,184.05599999999998,184.05599999999998
144,T2,BESTEFFORT,COMPLETED,m6-1,34.228,"{'m1-1': 1.03, 'm2-1': 11.72, 'm3-1': 9.96, 'm4-1': 107.86, 'm5-1': 96.94, 'm6-1': 0.99, 'm7-1': 104.19, 'm8-1': 111.61}",1.4849999999999999,36.949999999999996,37.94,inf,184.228,184.228
145,T4,BESTEFFORT,CANCELLED,,34.533,"{'m1-1': 0.98, 'm2-1': 10.69, 'm3-1': 10.88, 'm4-1': 96.99, 'm5-1': 101.2, 'm6-1': 0.98, 'm7-1': 100.12, 'm8-1': 110.47}",0.0,inf,inf,inf,184.53300000000002,184.53300000000002
146,T4,BESTEFFORT,CANCELLED,m1-1,34.611,"{'m1-1': 1.06, 'm2-1': 9.61, 'm3-1': 10.47, 'm4-1': 101.62, 'm5-1': 105.5, 'm6-1': 1.0, 'm7-1': 107.69, 'm8-1': 114.5}",0.0,inf,inf,inf,184.611,184.611
147,T4,BESTEFFORT,CANCELLED,,34.868,"{'m1-1': 1.09, 'm2-1': 10.27, 'm3-1': 9.6, 'm4-1': 113.17, 'm5-1': 102.89, 'm6-1': 1.03, 'm7-1': 100.64, 'm8-1': 101.73}",0.0,inf,inf,inf,184.868,184.868
148,T2,BESTEFFORT,COMPLETED,m6-1,35.286,"{'m1-1': 1.07, 'm2-1': 10.64, 'm3-1': 11.09, 'm4-1': 107.35, 'm5-1': 111.52, 'm6-1': 1.06, 'm7-1': 110.37, 'm8-1': 105.66}",1.59,37.94,39.0,inf,185.286,185.286
149,T3,BESTEFFORT,CANCELLED,m6-1,35.334,"{'m1-1': 1.14, 'm2-1': 10.02, 'm3-1': 10.3, 'm4-1': 96.03, 'm5-1': 99.35, 'm6-1': 1.0, 'm7-1': 109.12, 'm8-1': 110.88}",0.0,inf,inf,inf,185.334,185.334
150,T3,BESTEFFORT,CANCELLED,,35.771,"{'m1-1': 1.18, 'm2-1': 9.84, 'm3-1': 9.9, 'm4-1': 109.1, 'm5-1': 106.83, 'm6-1': 1.13, 'm7-1': 110.18, 'm8-1': 114.78}",0.0,inf,inf,inf,185.77100000000002,185.77100000000002
151,T2,BESTEFFORT,COMPLETED,m1-1,35.775,"{'m1-1': 1.0, 'm2-1': 10.81, 'm3-1': 10.35, 'm4-1': 113.87, 'm5-1': 99.39, 'm6-1': 1.1, 'm7-1': 106.68, 'm8-1': 109.15}",1.5,38.235,39.235,inf,185.775,185.775
152,T1,BESTEFFORT,COMPLETED,m1-1,35.958,"{'m1-1': 1.01, 'm2-1': 10.99, 'm3-1': 9.52, 'm4-1': 106.37, 'm5-1': 93.23, 'm6-1': 0.96, 'm7-1': 111.92, 'm8-1': 102.77}",1.5150000000000001,39.235,40.245,inf,185.958,185.958
153,T2,BESTEFFORT,COMPLETED,m6-1,36.303,"{'m1-1': 1.04, 'm2-1': 10.64, 'm3-1': 10.44, 'm4-1': 108.75, 'm5-1': 100.1, 'm6-1': 1.06, 'm7-1': 103.23, 'm8-1': 102.73}",1.59,39.0,40.06,inf,186.303,186.303
154,T1,BESTEFFORT,CANCELLED,,36.371,"{'m1-1': 1.17, 'm2-1': 10.78, 'm3-1': 11.09, 'm4-1': 102.08, 'm5-1': 99.38, 'm6-1': 0.94, 'm7-1': 103.76, 'm8-1': 97.44}",0.0,inf,inf,inf,186.371,186.371
155,T3,BESTEFFORT,CANCELLED,,36.388,"{'m1-1': 1.01, 'm2-1': 10.05, 'm3-1': 10.96, 'm4-1': 94.72, 'm5-1': 109.72, 'm6-1': 1.11, 'm7-1': 98.38, 'm8-1': 111.87}",0.0,inf,inf,inf,186.388,186.388
156,T1,BESTEFFORT,COMPLETED,m6-1,36.645,"{'m1-1': 1.1, 'm2-1': 10.81, 'm3-1': 9.9, 'm4-1': 113.63, 'm5-1': 102.86, 'm6-1': 1.09, 'm7-1': 99.87, 'm8-1': 93.32}",1.6350000000000002,40.06,41.150000000000006,inf,186.645,186.645
157,T3,BESTEFFORT,CANCELLED,m1-1,36.669,"{'m1-1': 1.13, 'm2-1': 10.0, 'm3-1': 10.52, 'm4-1': 101.17, 'm5-1': 98.78, 'm6-1': 1.17, 'm7-1': 106.2, 'm8-1': 109.36}",0.0,inf,inf,inf,186.66899999999998,186.66899999999998
158,T3,BESTEFFORT,CANCELLED,,37.001,"{'m1-1': 1.09, 'm2-1': 10.62, 'm3-1': 10.23, 'm4-1': 104.05, 'm5-1': 96.09, 'm6-1': 1.02, 'm7-1': 98.06, 'm8-1': 111.06}",0.0,inf,inf,inf,187.001,187.001
159,T4,BESTEFFORT,CANCELLED,m6-1,37.403,"{'m1-1': 0.92, 'm2-1': 11.28, 'm3-1': 10.77, 'm4-1': 111.86, 'm5-1': 94.52, 'm6-1': 1.0, 'm7-1': 118.2, 'm8-1': 102.6}",0.0,inf,inf,inf,187.403,187.403
160,T4,BESTEFFORT,COMPLETED,m1-1,37.695,"{'m1-1': 1.08, 'm2-1': 9.65, 'm3-1': 9.79, 'm4-1': 104.82, 'm5-1': 98.43, 'm6-1': 0.96, 'm7-1': 106.91, 'm8-1': 109.59}",1.62,40.245,41.324999999999996,inf,187.695,187.695
161,T2,BESTEFFORT,CANCELLED,m1-1,37.965,"{'m1-1': 1.17, 'm2-1': 10.4, 'm3-1': 9.65, 'm4-1': 99.79, 'm5-1': 108.6, 'm6-1': 0.97, 'm7-1': 95.0, 'm8-1': 113.47}",0.0,inf,inf,inf,187.965,187.965
162,T1,BESTEFFORT,CANCELLED,,38.237,"{'m1-1': 1.04, 'm2-1': 11.0, 'm3-1': 10.05, 'm4-1': 103.78, 'm5-1': 108.89, 'm6-1': 0.99, 'm7-1': 112.55, 'm8-1': 97.44}",0.0,inf,inf,inf,188.237,188.237
163,T1,BESTEFFORT,CANCELLED,,38.302,"{'m1-1': 1.07, 'm2-1': 10.71, 'm3-1': 10.67, 'm4-1': 102.29, 'm5-1': 104.27, 'm6-1': 0.93, 'm7-1': 100.86, 'm8-1': 108.16}",0.0,inf,inf,inf,188.302,188.302
164,T3,BESTEFFORT,CANCELLED,,38.751,"{'m1-1': 1.06, 'm2-1': 10.57, 'm3-1': 10.92, 'm4-1': 101.39, 'm5-1': 103.38, 'm6-1': 1.02, 'm7-1': 95.96, 'm8-1': 116.8}",0.0,inf,inf,inf,188.751,188.751
165,T1,BESTEFFORT,CANCELLED,m1-1,38.756,"{'m1-1': 1.15, 'm2-1': 10.98, 'm3-1': 10.74, 'm4-1': 108.4, 'm5-1': 98.59, 'm6-1': 0.95, 'm7-1': 97.73, 'm8-1': 96.67}",0.0,inf,inf,inf,188.756,188.756
166,T1,BESTEFFORT,COMPLETED,m6-1,38.828,"{'m1-1': 1.01, 'm2-1': 10.46, 'm3-1': 10.11, 'm4-1': 101.22, 'm5-1': 94.39, 'm6-1': 1.1, 'm7-1': 115.55, 'm8-1': 98.53}",1.6500000000000001,43.160000000000004,44.260000000000005,inf,188.828,188.828
167,T2,BESTEFFORT,CANCELLED,m6-1,38.882,"{'m1-1': 1.05, 'm2-1': 10.35, 'm3-1': 9.74, 'm4-1': 116.02, 'm5-1': 101.55, 'm6-1': 1.02, 'm7-1': 105.78, 'm8-1': 115.26}",0.0,inf,inf,inf,188.882,188.882
168,T1,BESTEFFORT,CANCELLED,m1-1,39.213,"{'m1-1': 1.11, 'm2-1': 9.9, 'm3-1': 9.7, 'm4-1': 104.37, 'm5-1': 102.2, 'm6-1': 0.93, 'm7-1': 106.05, 'm8-1': 95.59}",0.0,inf,inf,inf,189.213,189.213
169,T1,BESTEFFORT,COMPLETED,m6-1,39.286,"{'m1-1': 1.14, 'm2-1': 9.43, 'm3-1': 9.63, 'm4-1': 100.4, 'm5-1': 98.78, 'm6-1': 0.96, 'm7-1': 103.72, 'm8-1': 106.12}",1.44,41.150000000000006,42.11000000000001,inf,189.286,189.286
170,T1,BESTEFFORT,COMPLETED,m6-1,39.629,"{'m1-1': 1.07, 'm2-1': 10.38, 'm3-1': 10.67, 'm4-1': 109.06, 'm5-1': 103.48, 'm6-1': 1.05, 'm7-1': 98.79, 'm8-1': 108.55}",1.5750000000000002,42.11000000000001,43.160000000000004,inf,189.629,189.629
171,T4,BESTEFFORT,COMPLETED,m1-1,39.79,"{'m1-1': 0.97, 'm2-1': 9.65, 'm3-1': 10.48, 'm4-1': 101.74, 'm5-1': 107.96, 'm6-1': 0.97, 'm7-1': 106.91, 'm8-1': 99.21}",1.455,41.324999999999996,42.294999999999995,inf,189.79,189.79
172,T4,BESTEFFORT,CANCELLED,,40.134,"{'m1-1': 0.98, 'm2-1': 9.61, 'm3-1': 9.46, 'm4-1': 108.7, 'm5-1': 105.68, 'm6-1': 1.03, 'm7-1': 101.67, 'm8-1': 113.98}",0.0,inf,inf,inf,190.13400000000001,190.13400000000001
173,T4,BESTEFFORT,COMPLETED,m1-1,40.403,"{'m1-1': 0.97, 'm2-1': 11.01, 'm3-1': 9.48, 'm4-1': 99.23, 'm5-1': 106.78, 'm6-1': 0.97, 'm7-1': 115.04, 'm8-1': 102.12}",1.455,42.294999999999995,43.26499999999999,inf,190.403,190.403
174,T4,BESTEFFORT,COMPLETED,m1-1,40.608,"{'m1-1': 0.97, 'm2-1': 9.68, 'm3-1': 9.7, 'm4-1': 103.17, 'm5-1': 95.9, 'm6-1': 1.07, 'm7-1': 113.78, 'm8-1': 112.89}",1.455,43.26499999999999,44.23499999999999,inf,190.608,190.608
175,T4,BESTEFFORT,COMPLETED,m3-1,40.755,"{'m1-1': 0.93, 'm2-1': 10.02, 'm3-1': 9.99, 'm4-1': 105.28, 'm5-1': 99.26, 'm6-1': 1.1, 'm7-1': 102.8, 'm8-1': 108.5}",14.985,71.504,81.494,inf,190.755,190.755
176,T3,BESTEFFORT,CANCELLED,,40.826,"{'m1-1': 1.16, 'm2-1': 11.36, 'm3-1': 9.88, 'm4-1': 103.71, 'm5-1': 103.57, 'm6-1': 1.1, 'm7-1': 99.23, 'm8-1': 107.14}",0.0,inf,inf,inf,190.826,190.826
177,T3,BESTEFFORT,CANCELLED,m6-1,40.98,"{'m1-1': 1.16, 'm2-1': 11.3, 'm3-1': 10.68, 'm4-1': 101.39, 'm5-1': 97.42, 'm6-1': 1.09, 'm7-1': 105.43, 'm8-1': 113.56}",0.0,inf,inf,inf,190.98,190.98
178,T2,BESTEFFORT,CANCELLED,,41.168,"{'m1-1': 1.06, 'm2-1': 10.8, 'm3-1': 10.08, 'm4-1': 111.42, 'm5-1': 105.53, 'm6-1': 0.97, 'm7-1': 102.64, 'm8-1': 98.32}",0.0,inf,inf,inf,191.168,191.168
179,T1,BESTEFFORT,COMPLETED,m1-1,41.19,"{'m1-1': 1.03, 'm2-1': 9.43, 'm3-1': 9.57, 'm4-1': 113.85, 'm5-1': 103.09, 'm6-1': 1.03, 'm7-1': 97.37, 'm8-1': 98.52}",1.545,44.23499999999999,45.26499999999999,inf,191.19,191.19
180,T3,BESTEFFORT,COMPLETED,m6-1,41.308,"{'m1-1': 1.08, 'm2-1': 11.08, 'm3-1': 10.9, 'm4-1': 100.96, 'm5-1': 106.98, 'm6-1': 1.12, 'm7-1': 106.02, 'm8-1': 105.07}",1.6800000000000002,45.28000000000001,46.400000000000006,inf,191.308,191.308
181,T4,BESTEFFORT,COMPLETED,m6-1,41.415,"{'m1-1': 1.04, 'm2-1': 11.2, 'm3-1': 10.48, 'm4-1': 98.01, 'm5-1': 105.28, 'm6-1': 1.02, 'm7-1': 113.85, 'm8-1': 112.26}",1.53,44.260000000000005,45.28000000000001,inf,191.415,191.415
182,T2,BESTEFFORT,CANCELLED,m6-1,41.841,"{'m1-1': 1.1, 'm2-1': 11.39, 'm3-1': 10.78, 'm4-1': 108.1, 'm5-1': 102.33, 'm6-1': 1.14, 'm7-1': 100.65, 'm8-1': 112.92}",0.0,inf,inf,inf,191.841,191.841
183,T3,BESTEFFORT,CANCELLED,m1-1,42.053,"{'m1-1': 1.13, 'm2-1': 10.86, 'm3-1': 10.06, 'm4-1': 104.04, 'm5-1': 103.87, 'm6-1': 1.06, 'm7-1': 96.54, 'm8-1': 109.01}",0.0,inf,inf,inf,192.053,192.053
184,T4,BESTEFFORT,COMPLETED,m1-1,42.727,"{'m1-1': 1.0, 'm2-1': 11.0, 'm3-1': 9.6, 'm4-1': 109.2, 'm5-1': 98.88, 'm6-1': 1.0, 'm7-1': 103.11, 'm8-1': 100.69}",1.5,45.26499999999999,46.26499999999999,inf,192.727,192.727
185,T1,BESTEFFORT,COMPLETED,m1-1,43.548,"{'m1-1': 1.12, 'm2-1': 10.69, 'm3-1': 10.77, 'm4-1': 103.23, 'm5-1': 103.06, 'm6-1': 1.03, 'm7-1': 102.49, 'm8-1': 92.3}",1.6800000000000002,46.26499999999999,47.38499999999999,inf,193.548,193.548
186,T2,BESTEFFORT,COMPLETED,m2-1,43.603,"{'m1-1': 1.1, 'm2-1': 10.44, 'm3-1': 10.79, 'm4-1': 113.01, 'm5-1': 103.46, 'm6-1': 1.09, 'm7-1': 95.52, 'm8-1': 111.33}",15.66,74.40100000000001,84.84100000000001,inf,193.603,193.603
187,T4,BESTEFFORT,COMPLETED,m6-1,44.189,"{'m1-1': 1.06, 'm2-1': 10.52, 'm3-1': 10.46, 'm4-1': 99.82, 'm5-1': 104.77, 'm6-1': 1.0, 'm7-1': 113.44, 'm8-1': 99.78}",1.5,46.400000000000006,47.400000000000006,inf,194.189,194.189
188,T3,BESTEFFORT,COMPLETED,m1-1,44.364,"{'m1-1': 1.16, 'm2-1': 10.24, 'm3-1': 10.08, 'm4-1': 94.13, 'm5-1': 108.91, 'm6-1': 1.03, 'm7-1': 104.83, 'm8-1': 100.47}",1.7399999999999998,47.38499999999999,48.54499999999999,inf,194.364,194.364
189,T4,BESTEFFORT,COMPLETED,m6-1,44.56,"{'m1-1': 1.03, 'm2-1': 10.8, 'm3-1': 10.22, 'm4-1': 96.55, 'm5-1': 102.01, 'm6-1': 1.09, 'm7-1': 100.67, 'm8-1': 101.5}",1.6350000000000002,47.400000000000006,48.49000000000001,inf,194.56,194.56
190,T1,BESTEFFORT,CANCELLED,m1-1,45.122,"{'m1-1': 1.07, 'm2-1': 9.62, 'm3-1': 10.5, 'm4-1': 106.45, 'm5-1': 95.89, 'm6-1': 0.99, 'm7-1': 98.72, 'm8-1': 99.69}",0.0,inf,inf,inf,195.122,195.122
191,T3,BESTEFFORT,COMPLETED,m6-1,45.287,"{'m1-1': 1.13, 'm2-1': 10.38, 'm3-1': 10.04, 'm4-1': 99.74, 'm5-1': 104.37, 'm6-1': 1.0, 'm7-1': 99.05, 'm8-1': 111.09}",1.5,48.49000000000001,49.49000000000001,inf,195.287,195.287
192,T2,BESTEFFORT,CANCELLED,m1-1,45.562,"{'m1-1': 1.09, 'm2-1': 10.91, 'm3-1': 10.16, 'm4-1': 104.03, 'm5-1': 99.58, 'm6-1': 1.1, 'm7-1': 100.29, 'm8-1': 102.73}",0.0,inf,inf,inf,195.562,195.562
193,T4,BESTEFFORT,CANCELLED,m6-1,45.748,"{'m1-1': 1.01, 'm2-1': 9.64, 'm3-1': 10.17, 'm4-1': 100.76, 'm5-1': 106.35, 'm6-1': 1.03, 'm7-1': 105.3, 'm8-1': 103.03}",0.0,inf,inf,inf,195.748,195.748
194,T1,BESTEFFORT,CANCELLED,,45.947,"{'m1-1': 1.13, 'm2-1': 10.4, 'm3-1': 10.13, 'm4-1': 112.71, 'm5-1': 105.36, 'm6-1': 1.05, 'm7-1': 97.45, 'm8-1': 102.18}",0.0,inf,inf,inf,195.947,195.947
195,T3,BESTEFFORT,COMPLETED,m6-1,46.464,"{'m1-1': 1.19, 'm2-1': 10.38, 'm3-1': 10.32, 'm4-1': 106.52, 'm5-1': 104.04, 'm6-1': 1.12, 'm7-1': 98.29, 'm8-1': 105.15}",1.6800000000000002,49.49000000000001,50.61000000000001,inf,196.464,196.464
196,T3,BESTEFFORT,COMPLETED,m1-1,46.796,"{'m1-1': 1.05, 'm2-1': 10.1, 'm3-1': 9.96, 'm4-1': 107.96, 'm5-1': 108.63, 'm6-1': 1.13, 'm7-1': 100.28, 'm8-1': 113.7}",1.5750000000000002,48.54499999999999,49.594999999999985,inf,196.796,196.796
197,T1,BESTEFFORT,COMPLETED,m6-1,46.904,"{'m1-1': 1.05, 'm2-1': 9.64, 'm3-1': 11.0, 'm4-1': 100.34, 'm5-1': 108.02, 'm6-1': 1.01, 'm7-1': 102.76, 'm8-1': 95.03}",1.5150000000000001,50.61000000000001,51.620000000000005,inf,196.904,196.904
198,T2,BESTEFFORT,CANCELLED,,47.115,"{'m1-1': 1.02, 'm2-1': 10.12, 'm3-1': 9.64, 'm4-1': 100.38, 'm5-1': 106.48, 'm6-1': 1.08, 'm7-1': 103.68, 'm8-1': 114.33}",0.0,inf,inf,inf,197.115,197.115
199,T3,BESTEFFORT,COMPLETED,m1-1,47.12,"{'m1-1': 1.01, 'm2-1': 9.82, 'm3-1': 9.9, 'm4-1': 101.59, 'm5-1': 108.71, 'm6-1': 1.16, 'm7-1': 106.11, 'm8-1': 100.74}",1.5150000000000001,50.68499999999999,51.694999999999986,inf,197.12,197.12
200,T3,BESTEFFORT,COMPLETED,m1-1,47.289,"{'m1-1': 1.09, 'm2-1': 10.05, 'm3-1': 10.3, 'm4-1': 101.75, 'm5-1': 101.81, 'm6-1': 1.03, 'm7-1': 109.24, 'm8-1': 115.0}",1.6350000000000002,49.594999999999985,50.68499999999999,inf,197.289,197.289
201,T1,BESTEFFORT,CANCELLED,,47.352,"{'m1-1': 1.03, 'm2-1': 10.71, 'm3-1': 10.2, 'm4-1': 110.76, 'm5-1': 98.41, 'm6-1': 1.0, 'm7-1': 114.46, 'm8-1': 97.2}",0.0,inf,inf,inf,197.352,197.352
202,T1,BESTEFFORT,MISSED,m5-1,47.537,"{'m1-1': 1.05, 'm2-1': 10.02, 'm3-1': 9.54, 'm4-1': 113.81, 'm5-1': 101.45, 'm6-1': 1.08, 'm7-1': 104.95, 'm8-1': 101.98}",125.66250000000001,113.762,inf,197.537,197.537,197.537
203,T1,BESTEFFORT,COMPLETED,m1-1,48.11,"{'m1-1': 1.08, 'm2-1': 10.32, 'm3-1': 10.41, 'm4-1': 112.02, 'm5-1': 100.74, 'm6-1': 0.97, 'm7-1': 109.81, 'm8-1': 94.35}",1.62,51.694999999999986,52.774999999999984,inf,198.11,198.11
204,T3,BESTEFFORT,CANCELLED,m6-1,48.38,"{'m1-1': 1.1, 'm2-1': 10.16, 'm3-1': 9.32, 'm4-1': 106.98, 'm5-1': 97.65, 'm6-1': 1.11, 'm7-1': 100.59, 'm8-1': 111.82}",0.0,inf,inf,inf,198.38,198.38
205,T4,BESTEFFORT,CANCELLED,m6-1,48.742,"{'m1-1': 1.08, 'm2-1': 11.32, 'm3-1': 9.35, 'm4-1': 99.11, 'm5-1': 108.61, 'm6-1': 1.11, 'm7-1': 114.75, 'm8-1': 101.28}",0.0,inf,inf,inf,198.742,198.742
206,T2,BESTEFFORT,CANCELLED,,49.301,"{'m1-1': 1.08, 'm2-1': 11.55, 'm3-1': 10.73, 'm4-1': 112.17, 'm5-1': 103.07, 'm6-1': 1.03, 'm7-1': 97.67, 'm8-1': 113.54}",0.0,inf,inf,inf,199.301,199.301
207,T1,BESTEFFORT,COMPLETED,m6-1,49.43,"{'m1-1': 1.17, 'm2-1': 10.86, 'm3-1': 10.0, 'm4-1': 110.95, 'm5-1': 103.62, 'm6-1': 1.06, 'm7-1': 102.96, 'm8-1': 93.44}",1.59,52.620000000000005,53.68000000000001,inf,199.43,199.43
208,T1,BESTEFFORT,COMPLETED,m1-1,49.495,"{'m1-1': 1.14, 'm2-1': 10.17, 'm3-1': 10.39, 'm4-1': 110.54, 'm5-1': 99.41, 'm6-1': 0.94, 'm7-1': 115.7, 'm8-1': 92.75}",1.71,52.774999999999984,53.914999999999985,inf,199.495,199.495
209,T4,BESTEFFORT,MISSED,m4-1,49.497,"{'m1-1': 0.96, 'm2-1': 11.04, 'm3-1': 10.51, 'm4-1': 96.14, 'm5-1': 104.39, 'm6-1': 1.07, 'm7-1': 103.25, 'm8-1': 111.58}",126.93150000000001,114.876,inf,199.497,199.497,199.497
210,T1,BESTEFFORT,COMPLETED,m6-1,49.516,"{'m1-1': 1.08, 'm2-1': 10.21, 'm3-1': 9.81, 'm4-1': 100.47, 'm5-1': 98.8, 'm6-1': 1.0, 'm7-1': 113.85, 'm8-1': 106.26}",1.5,51.620000000000005,52.620000000000005,inf,199.516,199.516
211,T4,BESTEFFORT,COMPLETED,m3-1,50.04,"{'m1-1': 0.92, 'm2-1': 11.31, 'm3-1': 9.55, 'm4-1': 107.96, 'm5-1': 105.19, 'm6-1': 1.0, 'm7-1': 109.94, 'm8-1': 113.61}",14.325000000000001,81.494,91.044,inf,200.04,200.04
212,T2,BESTEFFORT,CANCELLED,m6-1,50.501,"{'m1-1': 1.07, 'm2-1': 10.99, 'm3-1': 9.7, 'm4-1': 106.5, 'm5-1': 103.29, 'm6-1': 1.07, 'm7-1': 109.61, 'm8-1': 102.19}",0.0,inf,inf,inf,200.501,200.501
213,T4,BESTEFFORT,COMPLETED,m1-1,50.872,"{'m1-1': 1.03, 'm2-1': 10.34, 'm3-1': 10.87, 'm4-1': 100.54, 'm5-1': 97.31, 'm6-1': 1.1, 'm7-1': 116.34, 'm8-1': 103.56}",1.545,53.914999999999985,54.944999999999986,inf,200.872,200.872
214,T1,BESTEFFORT,CANCELLED,,50.988,"{'m1-1': 1.14, 'm2-1': 10.66, 'm3-1': 10.97, 'm4-1': 98.8, 'm5-1': 102.57, 'm6-1': 0.95, 'm7-1': 109.8, 'm8-1': 104.81}",0.0,inf,inf,inf,200.988,200.988
215,T2,BESTEFFORT,CANCELLED,m6-1,51.107,"{'m1-1': 1.08, 'm2-1': 11.28, 'm3-1': 10.48, 'm4-1': 114.95, 'm5-1': 112.43, 'm6-1': 1.04, 'm7-1': 95.25, 'm8-1': 99.72}",0.0,inf,inf,inf,201.107,201.107
216,T3,BESTEFFORT,COMPLETED,m1-1,51.241,"{'m1-1': 1.13, 'm2-1': 9.85, 'm3-1': 9.69, 'm4-1': 105.66, 'm5-1': 96.43, 'm6-1': 1.18, 'm7-1': 98.54, 'm8-1': 112.1}",1.6949999999999998,54.944999999999986,56.07499999999999,inf,201.24099999999999,201.24099999999999
217,T1,BESTEFFORT,COMPLETED,m6-1,51.345,"{'m1-1': 0.99, 'm2-1': 11.12, 'm3-1': 10.5, 'm4-1': 100.26, 'm5-1': 97.41, 'm6-1': 1.03, 'm7-1': 115.34, 'm8-1': 106.39}",1.545,53.68000000000001,54.71000000000001,inf,201.345,201.345
218,T2,BESTEFFORT,COMPLETED,m6-1,51.472,"{'m1-1': 1.11, 'm2-1': 11.66, 'm3-1': 9.87, 'm4-1': 116.83, 'm5-1': 110.78, 'm6-1': 1.1, 'm7-1': 105.03, 'm8-1': 99.04}",1.6500000000000001,54.71000000000001,55.81000000000001,inf,201.472,201.472
219,T4,BESTEFFORT,CANCELLED,m1-1,52.35,"{'m1-1': 0.99, 'm2-1': 10.76, 'm3-1': 10.29, 'm4-1': 102.89, 'm5-1': 105.31, 'm6-1': 1.0, 'm7-1': 115.26, 'm8-1': 113.97}",0.0,inf,inf,inf,202.35,202.35
220,T3,BESTEFFORT,CANCELLED,,52.384,"{'m1-1': 1.08, 'm2-1': 10.4, 'm3-1': 9.69, 'm4-1': 101.08, 'm5-1': 109.04, 'm6-1': 1.05, 'm7-1': 105.25, 'm8-1': 101.98}",0.0,inf,inf,inf,202.38400000000001,202.38400000000001
221,T1,BESTEFFORT,CANCELLED,m6-1,52.553,"{'m1-1': 1.01, 'm2-1': 10.1, 'm3-1': 10.69, 'm4-1': 109.84, 'm5-1': 105.38, 'm6-1': 0.93, 'm7-1': 113.32, 'm8-1': 97.09}",0.0,inf,inf,inf,202.553,202.553
222,T4,BESTEFFORT,COMPLETED,m1-1,52.921,"{'m1-1': 1.01, 'm2-1': 10.28, 'm3-1': 10.09, 'm4-1': 103.17, 'm5-1': 102.21, 'm6-1': 1.09, 'm7-1': 101.56, 'm8-1': 98.79}",1.5150000000000001,57.25499999999999,58.264999999999986,inf,202.921,202.921
223,T2,BESTEFFORT,COMPLETED,m6-1,53.188,"{'m1-1': 1.17, 'm2-1': 10.32, 'm3-1': 10.56, 'm4-1': 116.59, 'm5-1': 102.01, 'm6-1': 1.12, 'm7-1': 105.63, 'm8-1': 104.01}",1.6800000000000002,56.88000000000001,58.00000000000001,inf,203.188,203.188
224,T2,BESTEFFORT,COMPLETED,m6-1,53.338,"{'m1-1': 1.17, 'm2-1': 11.36, 'm3-1': 9.7, 'm4-1': 118.46, 'm5-1': 102.65, 'm6-1': 1.07, 'm7-1': 101.43, 'm8-1': 98.48}",1.605,55.81000000000001,56.88000000000001,inf,203.338,203.338
225,T2,BESTEFFORT,COMPLETED,m1-1,53.851,"{'m1-1': 1.18, 'm2-1': 11.44, 'm3-1': 10.36, 'm4-1': 105.61, 'm5-1': 102.13, 'm6-1': 1.12, 'm7-1': 108.01, 'm8-1': 111.61}",1.77,56.07499999999999,57.25499999999999,inf,203.851,203.851
226,T1,BESTEFFORT,COMPLETED,m2-1,53.879,"{'m1-1': 1.02, 'm2-1': 9.59, 'm3-1': 11.0, 'm4-1': 104.0, 'm5-1': 103.3, 'm6-1': 0.95, 'm7-1': 100.22, 'm8-1': 107.14}",14.385,84.84100000000001,94.43100000000001,inf,203.879,203.879
227,T2,BESTEFFORT,COMPLETED,m6-1,54.114,"{'m1-1': 1.05, 'm2-1': 10.88, 'm3-1': 11.01, 'm4-1': 114.72, 'm5-1': 111.13, 'm6-1': 1.12, 'm7-1': 109.66, 'm8-1': 97.41}",1.6800000000000002,58.00000000000001,59.120000000000005,inf,204.114,204.114
228,T4,BESTEFFORT,CANCELLED,m1-1,54.164,"{'m1-1': 1.01, 'm2-1': 10.04, 'm3-1': 10.38, 'm4-1': 104.83, 'm5-1': 101.53, 'm6-1': 1.04, 'm7-1': 112.03, 'm8-1': 108.94}",0.0,inf,inf,inf,204.164,204.164
229,T3,BESTEFFORT,CANCELLED,,54.372,"{'m1-1': 1.18, 'm2-1': 10.9, 'm3-1': 9.61, 'm4-1': 104.09, 'm5-1': 103.0, 'm6-1': 1.13, 'm7-1': 107.95, 'm8-1': 112.42}",0.0,inf,inf,inf,204.372,204.372
230,T2,BESTEFFORT,COMPLETED,m1-1,55.007,"{'m1-1': 1.05, 'm2-1': 10.9, 'm3-1': 11.06, 'm4-1': 116.37, 'm5-1': 109.82, 'm6-1': 1.09, 'm7-1': 107.62, 'm8-1': 102.94}",1.5750000000000002,58.264999999999986,59.31499999999998,inf,205.007,205.007
231,T4,BESTEFFORT,COMPLETED,m6-1,55.365,"{'m1-1': 1.07, 'm2-1': 10.02, 'm3-1': 10.67, 'm4-1': 109.02, 'm5-1': 92.58, 'm6-1': 0.99, 'm7-1': 117.92, 'm8-1': 104.92}",1.4849999999999999,59.120000000000005,60.11000000000001,inf,205.365,205.365
232,T4,BESTEFFORT,COMPLETED,m1-1,55.538,"{'m1-1': 1.0, 'm2-1': 10.95, 'm3-1': 9.39, 'm4-1': 100.73, 'm5-1': 102.34, 'm6-1': 1.09, 'm7-1': 115.47, 'm8-1': 97.35}",1.5,59.31499999999998,60.31499999999998,inf,205.538,205.538
233,T4,BESTEFFORT,COMPLETED,m6-1,55.552,"{'m1-1': 0.98, 'm2-1': 10.36, 'm3-1': 10.38, 'm4-1': 97.09, 'm5-1': 102.92, 'm6-1': 1.1, 'm7-1': 99.83, 'm8-1': 112.74}",1.6500000000000001,60.11000000000001,61.21000000000001,inf,205.552,205.552
234,T1,BESTEFFORT,CANCELLED,,56.581,"{'m1-1': 1.12, 'm2-1': 10.37, 'm3-1': 10.08, 'm4-1': 96.4, 'm5-1': 96.78, 'm6-1': 1.04, 'm7-1': 97.77, 'm8-1': 92.27}",0.0,inf,inf,inf,206.58100000000002,206.58100000000002
235,T3,BESTEFFORT,CANCELLED,,56.797,"{'m1-1': 1.02, 'm2-1': 10.99, 'm3-1': 11.01, 'm4-1': 105.44, 'm5-1': 109.04, 'm6-1': 1.14, 'm7-1': 106.36, 'm8-1': 111.11}",0.0,inf,inf,inf,206.797,206.797
236,T1,BESTEFFORT,CANCELLED,,57.092,"{'m1-1': 1.15, 'm2-1': 9.94, 'm3-1': 10.8, 'm4-1': 103.06, 'm5-1': 101.06, 'm6-1': 0.93, 'm7-1': 111.93, 'm8-1': 99.6}",0.0,inf,inf,inf,207.09199999999998,207.09199999999998
237,T2,BESTEFFORT,CANCELLED,m1-1,57.181,"{'m1-1': 1.0, 'm2-1': 11.7, 'm3-1': 10.1, 'm4-1': 111.38, 'm5-1': 102.37, 'm6-1': 1.14, 'm7-1': 101.75, 'm8-1': 110.09}",0.0,inf,inf,inf,207.18099999999998,207.18099999999998
238,T4,BESTEFFORT,COMPLETED,m1-1,57.499,"{'m1-1': 0.95, 'm2-1': 11.11, 'm3-1': 10.29, 'm4-1': 108.9, 'm5-1': 102.69, 'm6-1': 0.95, 'm7-1': 105.26, 'm8-1': 108.67}",1.4249999999999998,60.31499999999998,61.264999999999986,inf,207.499,207.499
239,T1,BESTEFFORT,COMPLETED,m6-1,57.536,"{'m1-1': 1.16, 'm2-1': 10.34, 'm3-1': 10.61, 'm4-1': 108.28, 'm5-1': 108.39, 'm6-1': 0.97, 'm7-1': 114.98, 'm8-1': 95.59}",1.455,61.21000000000001,62.18000000000001,inf,207.536,207.536
240,T2,BESTEFFORT,CANCELLED,m1-1,57.578,"{'m1-1': 1.07, 'm2-1': 10.8, 'm3-1': 9.68, 'm4-1': 101.82, 'm5-1': 99.33, 'm6-1': 1.0, 'm7-1': 96.94, 'm8-1': 99.94}",0.0,inf,inf,inf,207.578,207.578
241,T4,BESTEFFORT,COMPLETED,m6-1,58.298,"{'m1-1': 1.0, 'm2-1': 9.66, 'm3-1': 9.34, 'm4-1': 108.58, 'm5-1': 97.56, 'm6-1': 0.99, 'm7-1': 102.82, 'm8-1': 99.72}",1.4849999999999999,62.18000000000001,63.17000000000001,inf,208.298,208.298
242,T4,BESTEFFORT,COMPLETED,m1-1,58.381,"{'m1-1': 0.94, 'm2-1': 10.17, 'm3-1': 10.14, 'm4-1': 111.4, 'm5-1': 101.53, 'm6-1': 1.06, 'm7-1': 113.58, 'm8-1': 111.17}",1.41,61.264999999999986,62.204999999999984,inf,208.381,208.381
243,T3,BESTEFFORT,CANCELLED,,58.486,"{'m1-1': 1.07, 'm2-1': 10.45, 'm3-1': 10.13, 'm4-1': 104.49, 'm5-1': 105.42, 'm6-1': 1.08, 'm7-1': 97.59, 'm8-1': 101.62}",0.0,inf,inf,inf,208.486,208.486
244,T4,BESTEFFORT,COMPLETED,m1-1,59.154,"{'m1-1': 1.02, 'm2-1': 10.39, 'm3-1': 10.36, 'm4-1': 103.06, 'm5-1': 103.57, 'm6-1': 1.11, 'm7-1': 111.97, 'm8-1': 111.55}",1.53,62.204999999999984,63.22499999999999,inf,209.154,209.154
245,T1,BESTEFFORT,COMPLETED,m6-1,59.179,"{'m1-1': 1.13, 'm2-1': 10.73, 'm3-1': 10.13, 'm4-1': 104.25, 'm5-1': 100.9, 'm6-1': 1.06, 'm7-1': 111.98, 'm8-1': 107.3}",1.59,63.17000000000001,64.23,inf,209.179,209.179
246,T2,BESTEFFORT,CANCELLED,,59.21,"{'m1-1': 1.14, 'm2-1': 10.06, 'm3-1': 10.81, 'm4-1': 109.27, 'm5-1': 99.44, 'm6-1': 1.02, 'm7-1': 95.66, 'm8-1': 99.13}",0.0,inf,inf,inf,209.21,209.21
247,T4,BESTEFFORT,COMPLETED,m3-1,59.446,"{'m1-1': 0.93, 'm2-1': 10.1, 'm3-1': 9.69, 'm4-1': 105.78, 'm5-1': 96.1, 'm6-1': 1.02, 'm7-1': 107.69, 'm8-1': 97.16}",14.535,91.044,100.734,inf,209.446,209.446
248,T3,BESTEFFORT,COMPLETED,m1-1,60.257,"{'m1-1': 1.17, 'm2-1': 10.56, 'm3-1': 10.88, 'm4-1': 101.39, 'm5-1': 96.64, 'm6-1': 1.04, 'm7-1': 99.96, 'm8-1': 117.45}",1.755,63.22499999999999,64.39499999999998,inf,210.257,210.257
249,T3,BESTEFFORT,CANCELLED,,60.284,"{'m1-1': 1.03, 'm2-1': 10.29, 'm3-1': 10.38, 'm4-1': 92.61, 'm5-1': 109.72, 'm6-1': 1.15, 'm7-1': 103.46, 'm8-1': 111.2}",0.0,inf,inf,inf,210.284,210.284
250,T3,BESTEFFORT,CANCELLED,,60.56,"{'m1-1': 1.17, 'm2-1': 9.92, 'm3-1': 9.92, 'm4-1': 92.91, 'm5-1': 99.72, 'm6-1': 1.16, 'm7-1': 103.26, 'm8-1': 104.27}",0.0,inf,inf,inf,210.56,210.56
251,T1,BESTEFFORT,CANCELLED,,60.625,"{'m1-1': 1.13, 'm2-1': 9.6, 'm3-1': 10.91, 'm4-1': 100.26, 'm5-1': 97.06, 'm6-1': 0.94, 'm7-1': 112.03, 'm8-1': 97.47}",0.0,inf,inf,inf,210.625,210.625
252,T2,BESTEFFORT,CANCELLED,m6-1,60.807,"{'m1-1': 1.09, 'm2-1': 10.84, 'm3-1': 10.59, 'm4-1': 102.34, 'm5-1': 96.19, 'm6-1': 1.04, 'm7-1': 109.14, 'm8-1': 108.06}",0.0,inf,inf,inf,210.80700000000002,210.80700000000002
253,T3,BESTEFFORT,COMPLETED,m1-1,60.869,"{'m1-1': 1.13, 'm2-1': 9.85, 'm3-1': 9.76, 'm4-1': 105.72, 'm5-1': 102.45, 'm6-1': 1.08, 'm7-1': 110.81, 'm8-1': 107.91}",1.6949999999999998,64.39499999999998,65.52499999999998,inf,210.869,210.869
254,T3,BESTEFFORT,CANCELLED,m6-1,61.348,"{'m1-1': 1.14, 'm2-1': 10.9, 'm3-1': 9.33, 'm4-1': 109.38, 'm5-1': 98.36, 'm6-1': 1.18, 'm7-1': 98.63, 'm8-1': 105.0}",0.0,inf,inf,inf,211.348,211.348
255,T1,BESTEFFORT,CANCELLED,,61.682,"{'m1-1': 1.06, 'm2-1': 11.02, 'm3-1': 10.74, 'm4-1': 96.83, 'm5-1': 98.9, 'm6-1': 1.05, 'm7-1': 101.58, 'm8-1': 97.32}",0.0,inf,inf,inf,211.68200000000002,211.68200000000002
256,T2,BESTEFFORT,COMPLETED,m6-1,61.903,"{'m1-1': 1.12, 'm2-1': 10.9, 'm3-1': 10.77, 'm4-1': 102.25, 'm5-1': 97.97, 'm6-1': 1.03, 'm7-1': 98.44, 'm8-1': 111.67}",1.545,64.23,65.26,inf,211.903,211.903
257,T3,BESTEFFORT,COMPLETED,m1-1,62.0,"{'m1-1': 1.15, 'm2-1': 9.71, 'm3-1': 10.43, 'm4-1': 93.36, 'm5-1': 102.29, 'm6-1': 1.06, 'm7-1': 105.05, 'm8-1': 105.03}",1.7249999999999999,65.52499999999998,66.67499999999998,inf,212.0,212.0
258,T2,BESTEFFORT,COMPLETED,m6-1,62.183,"{'m1-1': 1.19, 'm2-1': 11.48, 'm3-1': 11.23, 'm4-1': 115.69, 'm5-1': 108.28, 'm6-1': 1.01, 'm7-1': 97.44, 'm8-1': 100.73}",1.5150000000000001,65.26,66.27000000000001,inf,212.183,212.183
259,T3,BESTEFFORT,MISSED,m7-1,62.388,"{'m1-1': 1.15, 'm2-1': 11.25, 'm3-1': 10.49, 'm4-1': 99.29, 'm5-1': 110.0, 'm6-1': 1.13, 'm7-1': 105.34, 'm8-1': 99.96}",150.98100000000002,111.734,inf,212.388,212.388,212.388
260,T3,BESTEFFORT,COMPLETED,m1-1,62.963,"{'m1-1': 1.05, 'm2-1': 10.95, 'm3-1': 10.44, 'm4-1': 105.93, 'm5-1': 95.61, 'm6-1': 1.08, 'm7-1': 108.59, 'm8-1': 100.24}",1.5750000000000002,66.67499999999998,67.72499999999998,inf,212.963,212.963
261,T4,BESTEFFORT,COMPLETED,m6-1,63.159,"{'m1-1': 0.97, 'm2-1': 10.89, 'm3-1': 10.89, 'm4-1': 112.14, 'm5-1': 93.61, 'm6-1': 1.0, 'm7-1': 103.21, 'm8-1': 108.91}",1.5,66.27000000000001,67.27000000000001,inf,213.159,213.159
262,T1,BESTEFFORT,CANCELLED,,63.348,"{'m1-1': 1.1, 'm2-1': 9.97, 'm3-1': 10.18, 'm4-1': 100.12, 'm5-1': 96.95, 'm6-1': 1.0, 'm7-1': 112.7, 'm8-1': 99.26}",0.0,inf,inf,inf,213.348,213.348
263,T4,BESTEFFORT,CANCELLED,,63.469,"{'m1-1': 0.99, 'm2-1': 10.17, 'm3-1': 10.42, 'm4-1': 96.37, 'm5-1': 104.71, 'm6-1': 0.98, 'm7-1': 105.35, 'm8-1': 102.75}",0.0,inf,inf,inf,213.469,213.469
264,T3,BESTEFFORT,CANCELLED,,63.78,"{'m1-1': 1.15, 'm2-1': 9.85, 'm3-1': 10.03, 'm4-1': 94.21, 'm5-1': 104.41, 'm6-1': 1.01, 'm7-1': 94.63, 'm8-1': 118.33}",0.0,inf,inf,inf,213.78,213.78
265,T2,BESTEFFORT,CANCELLED,m6-1,63.894,"{'m1-1': 1.15, 'm2-1': 10.91, 'm3-1': 10.27, 'm4-1': 112.11, 'm5-1': 112.17, 'm6-1': 1.09, 'm7-1': 96.22, 'm8-1': 114.96}",0.0,inf,inf,inf,213.894,213.894
266,T3,BESTEFFORT,COMPLETED,m2-1,64.28,"{'m1-1': 1.19, 'm2-1': 11.25, 'm3-1': 9.82, 'm4-1': 93.77, 'm5-1': 97.9, 'm6-1': 1.01, 'm7-1': 94.32, 'm8-1': 116.2}",16.875,94.43100000000001,105.68100000000001,inf,214.28,214.28
267,T1,BESTEFFORT,CANCELLED,m1-1,64.376,"{'m1-1': 1.12, 'm2-1': 9.67, 'm3-1': 10.44, 'm4-1': 100.97, 'm5-1': 100.88, 'm6-1': 1.0, 'm7-1': 102.72, 'm8-1': 91.58}",0.0,inf,inf,inf,214.376,214.376
268,T4,BESTEFFORT,CANCELLED,,64.42,"{'m1-1': 1.07, 'm2-1': 10.54, 'm3-1': 10.89, 'm4-1': 110.22, 'm5-1': 97.73, 'm6-1': 1.02, 'm7-1': 101.32, 'm8-1': 101.22}",0.0,inf,inf,inf,214.42000000000002,214.42000000000002
269,T2,BESTEFFORT,COMPLETED,m1-1,64.524,"{'m1-1': 1.11, 'm2-1': 11.24, 'm3-1': 10.63, 'm4-1': 109.12, 'm5-1': 98.58, 'm6-1': 1.07, 'm7-1': 99.9, 'm8-1': 114.66}",1.665,67.72499999999998,68.83499999999998,inf,214.524,214.524
270,T4,BESTEFFORT,COMPLETED,m1-1,64.672,"{'m1-1': 1.08, 'm2-1': 10.12, 'm3-1': 9.9, 'm4-1': 102.6, 'm5-1': 97.37, 'm6-1': 1.01, 'm7-1': 117.73, 'm8-1': 109.46}",1.62,68.83499999999998,69.91499999999998,inf,214.672,214.672
271,T4,BESTEFFORT,CANCELLED,m6-1,64.831,"{'m1-1': 0.94, 'm2-1': 10.7, 'm3-1': 9.46, 'm4-1': 106.35, 'm5-1': 93.3, 'm6-1': 0.99, 'm7-1': 111.55, 'm8-1': 101.41}",0.0,inf,inf,inf,214.83100000000002,214.83100000000002
272,T3,BESTEFFORT,CANCELLED,,65.143,"{'m1-1': 1.15, 'm2-1': 9.78, 'm3-1': 10.83, 'm4-1': 94.73, 'm5-1': 102.41, 'm6-1': 1.13, 'm7-1': 107.39, 'm8-1': 105.01}",0.0,inf,inf,inf,215.143,215.143
273,T4,BESTEFFORT,CANCELLED,,65.428,"{'m1-1': 0.94, 'm2-1': 11.11, 'm3-1': 10.33, 'm4-1': 96.5, 'm5-1': 106.71, 'm6-1': 1.03, 'm7-1': 109.2, 'm8-1': 106.34}",0.0,inf,inf,inf,215.428,215.428
274,T3,BESTEFFORT,COMPLETED,m6-1,65.618,"{'m1-1': 1.04, 'm2-1': 9.82, 'm3-1': 10.32, 'm4-1': 99.45, 'm5-1': 98.24, 'm6-1': 1.04, 'm7-1': 103.61, 'm8-1': 117.1}",1.56,67.27000000000001,68.31000000000002,inf,215.618,215.618
275,T3,BESTEFFORT,COMPLETED,m6-1,65.846,"{'m1-1': 1.14, 'm2-1': 10.52, 'm3-1': 9.87, 'm4-1': 99.19, 'm5-1': 104.37, 'm6-1': 1.12, 'm7-1': 109.74, 'm8-1': 106.79}",1.6800000000000002,68.31000000000002,69.43000000000002,inf,215.846,215.846
276,T2,BESTEFFORT,COMPLETED,m6-1,65.868,"{'m1-1': 1.04, 'm2-1': 11.45, 'm3-1': 10.62, 'm4-1': 110.26, 'm5-1': 105.78, 'm6-1': 1.12, 'm7-1': 109.98, 'm8-1': 105.92}",1.6800000000000002,69.43000000000002,70.55000000000003,inf,215.868,215.868
277,T3,BESTEFFORT,CANCELLED,,66.299,"{'m1-1': 1.01, 'm2-1': 11.23, 'm3-1': 10.09, 'm4-1': 100.62, 'm5-1': 111.96, 'm6-1': 1.11, 'm7-1': 101.83, 'm8-1': 110.17}",0.0,inf,inf,inf,216.299,216.299
278,T2,BESTEFFORT,COMPLETED,m6-1,66.485,"{'m1-1': 1.09, 'm2-1': 10.46, 'm3-1': 10.14, 'm4-1': 107.16, 'm5-1': 99.56, 'm6-1': 1.11, 'm7-1': 101.82, 'm8-1': 111.29}",1.665,70.55000000000003,71.66000000000003,inf,216.485,216.485
279,T3,BESTEFFORT,COMPLETED,m1-1,67.513,"{'m1-1': 1.17, 'm2-1': 10.24, 'm3-1': 10.66, 'm4-1': 100.62, 'm5-1': 97.55, 'm6-1': 1.1, 'm7-1': 103.3, 'm8-1': 113.91}",1.755,69.91499999999998,71.08499999999998,inf,217.513,217.513
280,T1,BESTEFFORT,COMPLETED,m1-1,67.533,"{'m1-1': 1.05, 'm2-1': 9.88, 'm3-1': 9.48, 'm4-1': 105.62, 'm5-1': 103.17, 'm6-1': 1.06, 'm7-1': 103.8, 'm8-1': 98.59}",1.5750000000000002,71.08499999999998,72.13499999999998,inf,217.53300000000002,217.53300000000002
281,T1,BESTEFFORT,CANCELLED,m6-1,67.939,"{'m1-1': 1.04, 'm2-1': 9.57, 'm3-1': 10.29, 'm4-1': 97.73, 'm5-1': 104.8, 'm6-1': 1.07, 'm7-1': 104.41, 'm8-1': 105.18}",0.0,inf,inf,inf,217.939,217.939
282,T2,BESTEFFORT,COMPLETED,m6-1,68.481,"{'m1-1': 1.19, 'm2-1': 11.4, 'm3-1': 10.74, 'm4-1': 111.64, 'm5-1': 105.3, 'm6-1': 1.06, 'm7-1': 110.79, 'm8-1': 102.8}",1.59,71.66000000000003,72.72000000000003,inf,218.481,218.481
283,T3,BESTEFFORT,COMPLETED,m1-1,68.85,"{'m1-1': 1.15, 'm2-1': 9.98, 'm3-1': 10.84, 'm4-1': 106.84, 'm5-1': 106.83, 'm6-1': 1.13, 'm7-1': 95.49, 'm8-1': 113.64}",1.7249999999999999,72.13499999999998,73.28499999999998,inf,218.85,218.85
284,T4,BESTEFFORT,CANCELLED,m6-1,68.992,"{'m1-1': 0.94, 'm2-1': 10.71, 'm3-1': 9.99, 'm4-1': 112.79, 'm5-1': 95.17, 'm6-1': 1.0, 'm7-1': 116.37, 'm8-1': 99.06}",0.0,inf,inf,inf,218.99200000000002,218.99200000000002
285,T1,BESTEFFORT,CANCELLED,,69.28,"{'m1-1': 1.04, 'm2-1': 9.44, 'm3-1': 9.88, 'm4-1': 101.92, 'm5-1': 107.39, 'm6-1': 0.97, 'm7-1': 100.63, 'm8-1': 101.6}",0.0,inf,inf,inf,219.28,219.28
286,T2,BESTEFFORT,COMPLETED,m1-1,69.692,"{'m1-1': 1.03, 'm2-1': 11.44, 'm3-1': 10.74, 'm4-1': 115.43, 'm5-1': 112.53, 'm6-1': 1.09, 'm7-1': 101.32, 'm8-1': 99.32}",1.545,73.28499999999998,74.31499999999998,inf,219.692,219.692
287,T2,BESTEFFORT,COMPLETED,m6-1,69.876,"{'m1-1': 1.04, 'm2-1': 10.38, 'm3-1': 9.84, 'm4-1': 105.0, 'm5-1': 107.27, 'm6-1': 1.09, 'm7-1': 94.72, 'm8-1': 99.04}",1.6350000000000002,72.72000000000003,73.81000000000003,inf,219.876,219.876
288,T3,BESTEFFORT,CANCELLED,,69.997,"{'m1-1': 1.17, 'm2-1': 10.34, 'm3-1': 10.83, 'm4-1': 94.76, 'm5-1': 112.12, 'm6-1': 1.18, 'm7-1': 101.96, 'm8-1': 117.94}",0.0,inf,inf,inf,219.997,219.997
289,T2,BESTEFFORT,COMPLETED,m6-1,70.074,"{'m1-1': 1.11, 'm2-1': 10.95, 'm3-1': 11.41, 'm4-1': 103.04, 'm5-1': 112.29, 'm6-1': 1.14, 'm7-1': 99.39, 'm8-1': 101.3}",1.71,73.81000000000003,74.95000000000003,inf,220.074,220.074
290,T3,BESTEFFORT,CANCELLED,m6-1,70.103,"{'m1-1': 1.12, 'm2-1': 10.62, 'm3-1': 10.15, 'm4-1': 108.7, 'm5-1': 103.86, 'm6-1': 1.11, 'm7-1': 97.85, 'm8-1': 106.43}",0.0,inf,inf,inf,220.103,220.103
291,T3,BESTEFFORT,COMPLETED,m3-1,70.312,"{'m1-1': 1.02, 'm2-1': 9.75, 'm3-1': 9.82, 'm4-1': 98.24, 'm5-1': 109.96, 'm6-1': 1.06, 'm7-1': 100.15, 'm8-1': 105.03}",14.73,100.734,110.554,inf,220.312,220.312
292,T3,BESTEFFORT,COMPLETED,m1-1,71.035,"{'m1-1': 1.09, 'm2-1': 11.29, 'm3-1': 9.78, 'm4-1': 104.97, 'm5-1': 103.28, 'm6-1': 1.1, 'm7-1': 99.44, 'm8-1': 114.96}",1.6350000000000002,74.31499999999998,75.40499999999999,inf,221.035,221.035
293,T2,BESTEFFORT,COMPLETED,m1-1,71.97,"{'m1-1': 1.08, 'm2-1': 11.27, 'm3-1': 10.68, 'm4-1': 110.35, 'm5-1': 103.2, 'm6-1': 1.08, 'm7-1': 100.22, 'm8-1': 98.45}",1.62,75.40499999999999,76.48499999999999,inf,221.97,221.97
294,T1,BESTEFFORT,CANCELLED,,72.272,"{'m1-1': 1.15, 'm2-1': 11.05, 'm3-1': 11.06, 'm4-1': 99.81, 'm5-1': 96.85, 'm6-1': 1.05, 'm7-1': 111.08, 'm8-1': 103.58}",0.0,inf,inf,inf,222.272,222.272
295,T4,BESTEFFORT,CANCELLED,,72.333,"{'m1-1': 0.95, 'm2-1': 10.24, 'm3-1': 9.7, 'm4-1': 104.5, 'm5-1': 97.65, 'm6-1': 1.0, 'm7-1': 113.68, 'm8-1': 98.56}",0.0,inf,inf,inf,222.333,222.333
296,T2,BESTEFFORT,CANCELLED,m6-1,72.425,"{'m1-1': 1.18, 'm2-1': 11.25, 'm3-1': 10.41, 'm4-1': 110.06, 'm5-1': 107.11, 'm6-1': 1.04, 'm7-1': 94.66, 'm8-1': 104.22}",0.0,inf,inf,inf,222.425,222.425
297,T4,BESTEFFORT,CANCELLED,,72.464,"{'m1-1': 0.96, 'm2-1': 10.48, 'm3-1': 9.42, 'm4-1': 109.6, 'm5-1': 100.32, 'm6-1': 0.95, 'm7-1': 114.28, 'm8-1': 110.89}",0.0,inf,inf,inf,222.464,222.464
298,T1,BESTEFFORT,CANCELLED,m6-1,72.679,"{'m1-1': 1.04, 'm2-1': 9.89, 'm3-1': 10.34, 'm4-1': 100.34, 'm5-1': 97.8, 'm6-1': 1.06, 'm7-1': 108.05, 'm8-1': 105.77}",0.0,inf,inf,inf,222.679,222.679
299,T2,BESTEFFORT,CANCELLED,,72.904,"{'m1-1': 1.13, 'm2-1': 10.74, 'm3-1': 11.07, 'm4-1': 112.94, 'm5-1': 109.39, 'm6-1': 1.14, 'm7-1': 97.34, 'm8-1': 106.89}",0.0,inf,inf,inf,222.904,222.904
300,T4,BESTEFFORT,CANCELLED,,72.918,"{'m1-1': 1.01, 'm2-1': 11.21, 'm3-1': 10.46, 'm4-1': 97.13, 'm5-1': 101.71, 'm6-1': 0.99, 'm7-1': 111.32, 'm8-1': 100.65}",0.0,inf,inf,inf,222.918,222.918
301,T2,BESTEFFORT,CANCELLED,,72.946,"{'m1-1': 1.01, 'm2-1': 10.52, 'm3-1': 10.77, 'm4-1': 105.8, 'm5-1': 110.56, 'm6-1': 1.11, 'm7-1': 95.68, 'm8-1': 104.64}",0.0,inf,inf,inf,222.946,222.946
302,T3,BESTEFFORT,CANCELLED,,72.969,"{'m1-1': 1.03, 'm2-1': 9.74, 'm3-1': 9.67, 'm4-1': 100.62, 'm5-1': 110.24, 'm6-1': 1.07, 'm7-1': 105.1, 'm8-1': 112.17}",0.0,inf,inf,inf,222.969,222.969
303,T3,BESTEFFORT,CANCELLED,m6-1,73.002,"{'m1-1': 1.03, 'm2-1': 10.0, 'm3-1': 9.65, 'm4-1': 106.85, 'm5-1': 108.52, 'm6-1': 1.13, 'm7-1': 107.64, 'm8-1': 103.75}",0.0,inf,inf,inf,223.002,223.002
304,T4,BESTEFFORT,COMPLETED,m1-1,73.04,"{'m1-1': 1.02, 'm2-1': 9.68, 'm3-1': 10.25, 'm4-1': 100.4, 'm5-1': 96.12, 'm6-1': 0.97, 'm7-1': 100.24, 'm8-1': 108.66}",1.53,76.48499999999999,77.50499999999998,inf,223.04000000000002,223.04000000000002
305,T3,BESTEFFORT,CANCELLED,m6-1,73.216,"{'m1-1': 1.18, 'm2-1': 10.76, 'm3-1': 9.93, 'm4-1': 104.9, 'm5-1': 104.41, 'm6-1': 1.02, 'm7-1': 97.21, 'm8-1': 118.52}",0.0,inf,inf,inf,223.216,223.216
306,T1,BESTEFFORT,COMPLETED,m6-1,73.625,"{'m1-1': 0.99, 'm2-1': 9.97, 'm3-1': 9.51, 'm4-1': 98.71, 'm5-1': 106.74, 'm6-1': 1.05, 'm7-1': 101.46, 'm8-1': 91.68}",1.5750000000000002,74.95000000000003,76.00000000000003,inf,223.625,223.625
307,T2,BESTEFFORT,COMPLETED,m1-1,73.952,"{'m1-1': 1.07, 'm2-1': 11.5, 'm3-1': 10.02, 'm4-1': 104.16, 'm5-1': 96.73, 'm6-1': 1.08, 'm7-1': 107.27, 'm8-1': 101.03}",1.605,77.50499999999998,78.57499999999997,inf,223.952,223.952
308,T1,BESTEFFORT,COMPLETED,m6-1,74.08,"{'m1-1': 1.14, 'm2-1': 9.44, 'm3-1': 9.84, 'm4-1': 96.4, 'm5-1': 106.07, 'm6-1': 0.96, 'm7-1': 114.98, 'm8-1': 105.36}",1.44,76.00000000000003,76.96000000000002,inf,224.07999999999998,224.07999999999998
309,T1,BESTEFFORT,COMPLETED,m2-1,74.699,"{'m1-1': 1.0, 'm2-1': 10.76, 'm3-1': 10.92, 'm4-1': 97.4, 'm5-1': 95.38, 'm6-1': 1.01, 'm7-1': 107.64, 'm8-1': 94.83}",16.14,105.68100000000001,116.44100000000002,inf,224.699,224.699
310,T1,BESTEFFORT,COMPLETED,m6-1,74.777,"{'m1-1': 1.14, 'm2-1': 10.02, 'm3-1': 10.65, 'm4-1': 109.6, 'm5-1': 96.78, 'm6-1': 1.06, 'm7-1': 110.72, 'm8-1': 93.51}",1.59,76.96000000000002,78.02000000000002,inf,224.777,224.777
311,T1,BESTEFFORT,COMPLETED,m6-1,74.797,"{'m1-1': 1.15, 'm2-1': 9.98, 'm3-1': 9.64, 'm4-1': 96.83, 'm5-1': 107.53, 'm6-1': 0.95, 'm7-1': 101.96, 'm8-1': 107.6}",1.4249999999999998,78.02000000000002,78.97000000000003,inf,224.797,224.797
312,T3,BESTEFFORT,CANCELLED,,74.985,"{'m1-1': 1.07, 'm2-1': 9.84, 'm3-1': 9.76, 'm4-1': 102.86, 'm5-1': 105.59, 'm6-1': 1.07, 'm7-1': 106.33, 'm8-1': 115.36}",0.0,inf,inf,inf,224.985,224.985
313,T4,BESTEFFORT,COMPLETED,m1-1,75.268,"{'m1-1': 1.08, 'm2-1': 9.97, 'm3-1': 10.78, 'm4-1': 103.08, 'm5-1': 99.31, 'm6-1': 0.95, 'm7-1': 116.17, 'm8-1': 99.25}",1.62,78.57499999999997,79.65499999999997,inf,225.268,225.268
314,T2,BESTEFFORT,CANCELLED,m6-1,75.582,"{'m1-1': 1.2, 'm2-1': 11.22, 'm3-1': 10.62, 'm4-1': 115.26, 'm5-1': 102.28, 'm6-1': 1.04, 'm7-1': 110.03, 'm8-1': 106.95}",0.0,inf,inf,inf,225.582,225.582
315,T4,BESTEFFORT,COMPLETED,m1-1,76.107,"{'m1-1': 0.97, 'm2-1': 10.26, 'm3-1': 9.33, 'm4-1': 103.3, 'm5-1': 96.62, 'm6-1': 1.12, 'm7-1': 111.78, 'm8-1': 98.48}",1.455,79.65499999999997,80.62499999999997,inf,226.107,226.107
316,T1,BESTEFFORT,COMPLETED,m6-1,76.222,"{'m1-1': 1.02, 'm2-1': 9.79, 'm3-1': 9.49, 'm4-1': 109.78, 'm5-1': 96.97, 'm6-1': 0.97, 'm7-1': 106.52, 'm8-1': 104.36}",1.455,78.97000000000003,79.94000000000003,inf,226.22199999999998,226.22199999999998
317,T3,BESTEFFORT,CANCELLED,m1-1,76.441,"{'m1-1': 1.09, 'm2-1': 10.24, 'm3-1': 10.88, 'm4-1': 106.04, 'm5-1': 106.38, 'm6-1': 1.12, 'm7-1': 111.53, 'm8-1': 100.18}",0.0,inf,inf,inf,226.441,226.441
318,T1,BESTEFFORT,COMPLETED,m6-1,76.825,"{'m1-1': 1.08, 'm2-1': 10.57, 'm3-1': 10.71, 'm4-1': 112.71, 'm5-1': 98.56, 'm6-1': 1.03, 'm7-1': 114.22, 'm8-1': 93.82}",1.545,79.94000000000003,80.97000000000003,inf,226.825,226.825
319,T3,BESTEFFORT,CANCELLED,,77.188,"{'m1-1': 1.04, 'm2-1': 11.34, 'm3-1': 10.94, 'm4-1': 101.47, 'm5-1': 99.82, 'm6-1': 1.18, 'm7-1': 101.5, 'm8-1': 111.11}",0.0,inf,inf,inf,227.188,227.188
320,T1,BESTEFFORT,COMPLETED,m1-1,77.8,"{'m1-1': 1.05, 'm2-1': 10.3, 'm3-1': 10.27, 'm4-1': 104.81, 'm5-1': 108.92, 'm6-1': 1.05, 'm7-1': 108.03, 'm8-1': 99.27}",1.5750000000000002,80.62499999999997,81.67499999999997,inf,227.8,227.8
321,T2,BESTEFFORT,COMPLETED,m6-1,77.859,"{'m1-1': 1.03, 'm2-1': 10.06, 'm3-1': 10.33, 'm4-1': 107.25, 'm5-1': 109.21, 'm6-1': 0.97, 'm7-1': 106.59, 'm8-1': 98.28}",1.455,80.97000000000003,81.94000000000003,inf,227.85899999999998,227.85899999999998
322,T2,BESTEFFORT,CANCELLED,m1-1,78.075,"{'m1-1': 1.19, 'm2-1': 11.35, 'm3-1': 10.4, 'm4-1': 116.26, 'm5-1': 110.22, 'm6-1': 1.08, 'm7-1': 97.86, 'm8-1': 97.75}",0.0,inf,inf,inf,228.075,228.075
323,T4,BESTEFFORT,CANCELLED,m6-1,78.93,"{'m1-1': 0.98, 'm2-1': 11.05, 'm3-1': 9.84, 'm4-1': 104.82, 'm5-1': 108.66, 'm6-1': 1.07, 'm7-1': 101.5, 'm8-1': 113.6}",0.0,inf,inf,inf,228.93,228.93
324,T1,BESTEFFORT,COMPLETED,m6-1,79.147,"{'m1-1': 1.16, 'm2-1': 11.13, 'm3-1': 9.9, 'm4-1': 113.76, 'm5-1': 108.38, 'm6-1': 1.02, 'm7-1': 99.1, 'm8-1': 99.73}",1.53,82.98000000000003,84.00000000000003,inf,229.147,229.147
325,T4,BESTEFFORT,CANCELLED,,79.2,"{'m1-1': 1.03, 'm2-1': 9.85, 'm3-1': 10.74, 'm4-1': 108.03, 'm5-1': 102.13, 'm6-1': 0.96, 'm7-1': 100.14, 'm8-1': 111.67}",0.0,inf,inf,inf,229.2,229.2
326,T3,BESTEFFORT,COMPLETED,m1-1,79.59,"{'m1-1': 1.07, 'm2-1': 11.26, 'm3-1': 10.69, 'm4-1': 103.19, 'm5-1': 102.37, 'm6-1': 1.06, 'm7-1': 104.95, 'm8-1': 118.1}",1.605,81.67499999999997,82.74499999999996,inf,229.59,229.59
327,T1,BESTEFFORT,COMPLETED,m6-1,79.69,"{'m1-1': 1.05, 'm2-1': 9.59, 'm3-1': 10.33, 'm4-1': 111.89, 'm5-1': 99.92, 'm6-1': 1.04, 'm7-1': 113.49, 'm8-1': 96.68}",1.56,81.94000000000003,82.98000000000003,inf,229.69,229.69
328,T2,BESTEFFORT,CANCELLED,,80.022,"{'m1-1': 1.05, 'm2-1': 10.41, 'm3-1': 9.75, 'm4-1': 118.61, 'm5-1': 112.29, 'm6-1': 1.06, 'm7-1': 108.91, 'm8-1': 109.38}",0.0,inf,inf,inf,230.022,230.022
329,T1,BESTEFFORT,CANCELLED,m1-1,80.148,"{'m1-1': 1.01, 'm2-1': 11.08, 'm3-1': 10.73, 'm4-1': 112.79, 'm5-1': 96.87, 'm6-1': 0.94, 'm7-1': 110.6, 'm8-1': 91.94}",0.0,inf,inf,inf,230.148,230.148
330,T3,BESTEFFORT,COMPLETED,m1-1,80.16,"{'m1-1': 1.06, 'm2-1': 10.43, 'm3-1': 10.85, 'm4-1': 99.55, 'm5-1': 108.31, 'm6-1': 1.05, 'm7-1': 99.82, 'm8-1': 114.42}",1.59,82.74499999999996,83.80499999999996,inf,230.16,230.16
331,T2,BESTEFFORT,CANCELLED,,80.217,"{'m1-1': 1.01, 'm2-1': 10.34, 'm3-1': 10.28, 'm4-1': 101.8, 'm5-1': 104.32, 'm6-1': 0.99, 'm7-1': 105.86, 'm8-1': 105.2}",0.0,inf,inf,inf,230.21699999999998,230.21699999999998
332,T1,BESTEFFORT,CANCELLED,,80.333,"{'m1-1': 1.15, 'm2-1': 10.96, 'm3-1': 9.59, 'm4-1': 105.48, 'm5-1': 101.03, 'm6-1': 1.06, 'm7-1': 101.31, 'm8-1': 103.21}",0.0,inf,inf,inf,230.333,230.333
333,T2,BESTEFFORT,CANCELLED,,80.685,"{'m1-1': 1.18, 'm2-1': 11.87, 'm3-1': 10.84, 'm4-1': 113.88, 'm5-1': 104.23, 'm6-1': 1.12, 'm7-1': 98.16, 'm8-1': 98.28}",0.0,inf,inf,inf,230.685,230.685
334,T3,BESTEFFORT,COMPLETED,m1-1,80.838,"{'m1-1': 1.12, 'm2-1': 9.59, 'm3-1': 9.54, 'm4-1': 102.75, 'm5-1': 106.49, 'm6-1': 1.1, 'm7-1': 94.16, 'm8-1': 116.04}",1.6800000000000002,83.80499999999996,84.92499999999997,inf,230.838,230.838
335,T4,BESTEFFORT,CANCELLED,m6-1,81.164,"{'m1-1': 1.05, 'm2-1': 9.94, 'm3-1': 9.56, 'm4-1': 111.62, 'm5-1': 99.66, 'm6-1': 1.0, 'm7-1': 112.12, 'm8-1': 113.34}",0.0,inf,inf,inf,231.164,231.164
336,T2,BESTEFFORT,COMPLETED,m3-1,81.166,"{'m1-1': 1.18, 'm2-1': 11.72, 'm3-1': 10.96, 'm4-1': 107.61, 'm5-1': 99.34, 'm6-1': 1.02, 'm7-1': 95.4, 'm8-1': 110.12}",16.44,110.554,121.51400000000001,inf,231.166,231.166
337,T3,BESTEFFORT,COMPLETED,m6-1,81.499,"{'m1-1': 1.19, 'm2-1': 10.65, 'm3-1': 10.47, 'm4-1': 93.58, 'm5-1': 106.77, 'm6-1': 1.15, 'm7-1': 110.94, 'm8-1': 117.68}",1.7249999999999999,84.00000000000003,85.15000000000003,inf,231.499,231.499
338,T3,BESTEFFORT,COMPLETED,m1-1,81.66,"{'m1-1': 1.13, 'm2-1': 9.8, 'm3-1': 11.02, 'm4-1': 103.51, 'm5-1': 101.9, 'm6-1': 1.06, 'm7-1': 96.46, 'm8-1': 106.04}",1.6949999999999998,84.92499999999997,86.05499999999996,inf,231.66,231.66
339,T1,BESTEFFORT,CANCELLED,m6-1,81.912,"{'m1-1': 1.1, 'm2-1': 9.78, 'm3-1': 9.61, 'm4-1': 98.84, 'm5-1': 98.29, 'm6-1': 0.97, 'm7-1': 102.31, 'm8-1': 99.46}",0.0,inf,inf,inf,231.912,231.912
340,T2,BESTEFFORT,CANCELLED,,82.012,"{'m1-1': 1.03, 'm2-1': 10.56, 'm3-1': 10.1, 'm4-1': 109.76, 'm5-1': 97.78, 'm6-1': 1.1, 'm7-1': 95.68, 'm8-1': 113.11}",0.0,inf,inf,inf,232.012,232.012
341,T4,BESTEFFORT,CANCELLED,,82.235,"{'m1-1': 1.02, 'm2-1': 10.54, 'm3-1': 10.48, 'm4-1': 104.54, 'm5-1': 99.36, 'm6-1': 1.04, 'm7-1': 106.5, 'm8-1': 101.01}",0.0,inf,inf,inf,232.235,232.235
342,T3,BESTEFFORT,COMPLETED,m6-1,82.487,"{'m1-1': 1.02, 'm2-1': 10.27, 'm3-1': 10.35, 'm4-1': 99.25, 'm5-1': 103.01, 'm6-1': 1.07, 'm7-1': 98.8, 'm8-1': 101.12}",1.605,85.15000000000003,86.22000000000003,inf,232.487,232.487
343,T4,BESTEFFORT,COMPLETED,m1-1,82.677,"{'m1-1': 1.07, 'm2-1': 10.44, 'm3-1': 10.88, 'm4-1': 100.93, 'm5-1': 108.72, 'm6-1': 0.95, 'm7-1': 102.0, 'm8-1': 99.32}",1.605,86.05499999999996,87.12499999999996,inf,232.67700000000002,232.67700000000002
344,T2,BESTEFFORT,CANCELLED,,82.727,"{'m1-1': 1.12, 'm2-1': 10.29, 'm3-1': 10.24, 'm4-1': 118.25, 'm5-1': 105.52, 'm6-1': 1.01, 'm7-1': 99.33, 'm8-1': 109.46}",0.0,inf,inf,inf,232.727,232.727
345,T4,BESTEFFORT,CANCELLED,m6-1,82.89,"{'m1-1': 0.99, 'm2-1': 11.33, 'm3-1': 10.27, 'm4-1': 109.6, 'm5-1': 98.74, 'm6-1': 1.08, 'm7-1': 109.72, 'm8-1': 99.46}",0.0,inf,inf,inf,232.89,232.89
346,T4,BESTEFFORT,COMPLETED,m6-1,83.21,"{'m1-1': 0.96, 'm2-1': 9.61, 'm3-1': 9.21, 'm4-1': 110.14, 'm5-1': 93.2, 'm6-1': 1.02, 'm7-1': 110.78, 'm8-1': 102.13}",1.53,87.40000000000003,88.42000000000003,inf,233.20999999999998,233.20999999999998
347,T3,BESTEFFORT,COMPLETED,m6-1,83.245,"{'m1-1': 1.19, 'm2-1': 11.23, 'm3-1': 10.35, 'm4-1': 99.75, 'm5-1': 97.13, 'm6-1': 1.18, 'm7-1': 110.77, 'm8-1': 111.69}",1.77,86.22000000000003,87.40000000000003,inf,233.245,233.245
348,T2,BESTEFFORT,COMPLETED,m2-1,83.481,"{'m1-1': 1.07, 'm2-1': 11.78, 'm3-1': 11.14, 'm4-1': 117.22, 'm5-1': 110.55, 'm6-1': 1.08, 'm7-1': 101.68, 'm8-1': 107.81}",17.669999999999998,116.44100000000002,128.221,inf,233.481,233.481
349,T1,BESTEFFORT,CANCELLED,m1-1,83.702,"{'m1-1': 1.05, 'm2-1': 10.02, 'm3-1': 10.74, 'm4-1': 104.75, 'm5-1': 97.0, 'm6-1': 1.0, 'm7-1': 102.62, 'm8-1': 100.46}",0.0,inf,inf,inf,233.702,233.702
350,T2,BESTEFFORT,CANCELLED,m1-1,84.221,"{'m1-1': 1.16, 'm2-1': 10.28, 'm3-1': 10.45, 'm4-1': 107.04, 'm5-1': 104.55, 'm6-1': 1.14, 'm7-1': 105.02, 'm8-1': 105.79}",0.0,inf,inf,inf,234.221,234.221
351,T4,BESTEFFORT,CANCELLED,,85.013,"{'m1-1': 0.98, 'm2-1': 11.22, 'm3-1': 10.56, 'm4-1': 100.8, 'm5-1': 94.33, 'm6-1': 1.01, 'm7-1': 100.14, 'm8-1': 102.87}",0.0,inf,inf,inf,235.013,235.013
352,T1,BESTEFFORT,CANCELLED,m6-1,85.027,"{'m1-1': 1.15, 'm2-1': 10.17, 'm3-1': 10.61, 'm4-1': 99.22, 'm5-1': 95.36, 'm6-1': 1.03, 'm7-1': 99.82, 'm8-1': 98.73}",0.0,inf,inf,inf,235.027,235.027
353,T3,BESTEFFORT,CANCELLED,m6-1,85.409,"{'m1-1': 1.04, 'm2-1': 10.37, 'm3-1': 9.68, 'm4-1': 99.59, 'm5-1': 110.9, 'm6-1': 1.1, 'm7-1': 99.64, 'm8-1': 101.27}",0.0,inf,inf,inf,235.409,235.409
354,T3,BESTEFFORT,COMPLETED,m1-1,85.541,"{'m1-1': 1.02, 'm2-1': 10.22, 'm3-1': 10.49, 'm4-1': 95.16, 'm5-1': 98.1, 'm6-1': 1.18, 'm7-1': 101.09, 'm8-1': 103.46}",1.53,89.48499999999997,90.50499999999997,inf,235.541,235.541
355,T3,BESTEFFORT,COMPLETED,m1-1,85.602,"{'m1-1': 1.18, 'm2-1': 11.38, 'm3-1': 10.98, 'm4-1': 93.57, 'm5-1': 110.91, 'm6-1': 1.03, 'm7-1': 107.37, 'm8-1': 104.9}",1.77,87.12499999999996,88.30499999999996,inf,235.602,235.602
356,T3,BESTEFFORT,COMPLETED,m1-1,86.01,"{'m1-1': 1.18, 'm2-1': 10.43, 'm3-1': 10.4, 'm4-1': 96.85, 'm5-1': 97.57, 'm6-1': 1.18, 'm7-1': 106.23, 'm8-1': 114.94}",1.77,88.30499999999996,89.48499999999997,inf,236.01,236.01
357,T2,BESTEFFORT,COMPLETED,m6-1,86.908,"{'m1-1': 1.17, 'm2-1': 11.64, 'm3-1': 11.38, 'm4-1': 105.42, 'm5-1': 102.14, 'm6-1': 1.02, 'm7-1': 97.34, 'm8-1': 115.12}",1.53,88.42000000000003,89.44000000000003,inf,236.90800000000002,236.90800000000002
358,T3,BESTEFFORT,COMPLETED,m1-1,87.045,"{'m1-1': 1.05, 'm2-1': 10.44, 'm3-1': 9.33, 'm4-1': 93.56, 'm5-1': 104.18, 'm6-1': 1.04, 'm7-1': 99.37, 'm8-1': 116.68}",1.5750000000000002,90.50499999999997,91.55499999999996,inf,237.04500000000002,237.04500000000002
359,T1,BESTEFFORT,CANCELLED,,87.109,"{'m1-1': 1.01, 'm2-1': 10.07, 'm3-1': 10.49, 'm4-1': 111.17, 'm5-1': 108.39, 'm6-1': 1.03, 'm7-1': 106.69, 'm8-1': 99.01}",0.0,inf,inf,inf,237.10899999999998,237.10899999999998
360,T2,BESTEFFORT,COMPLETED,m6-1,87.191,"{'m1-1': 1.03, 'm2-1': 11.08, 'm3-1': 10.36, 'm4-1': 116.56, 'm5-1': 100.2, 'm6-1': 1.15, 'm7-1': 101.06, 'm8-1': 108.49}",1.7249999999999999,89.44000000000003,90.59000000000003,inf,237.191,237.191
361,T2,BESTEFFORT,COMPLETED,m6-1,87.424,"{'m1-1': 1.01, 'm2-1': 11.72, 'm3-1': 10.79, 'm4-1': 112.34, 'm5-1': 102.46, 'm6-1': 1.02, 'm7-1': 107.26, 'm8-1': 107.44}",1.53,90.59000000000003,91.61000000000003,inf,237.424,237.424
362,T3,BESTEFFORT,CANCELLED,,87.481,"{'m1-1': 1.12, 'm2-1': 9.91, 'm3-1': 9.78, 'm4-1': 102.13, 'm5-1': 107.95, 'm6-1': 1.18, 'm7-1': 100.81, 'm8-1': 102.18}",0.0,inf,inf,inf,237.481,237.481
363,T3,BESTEFFORT,CANCELLED,,87.93,"{'m1-1': 1.08, 'm2-1': 10.18, 'm3-1': 10.19, 'm4-1': 95.63, 'm5-1': 106.92, 'm6-1': 1.01, 'm7-1': 97.54, 'm8-1': 116.3}",0.0,inf,inf,inf,237.93,237.93
364,T1,BESTEFFORT,COMPLETED,m1-1,88.153,"{'m1-1': 1.11, 'm2-1': 10.77, 'm3-1': 10.65, 'm4-1': 98.24, 'm5-1': 100.87, 'm6-1': 1.0, 'm7-1': 106.31, 'm8-1': 96.02}",1.665,91.55499999999996,92.66499999999996,inf,238.15300000000002,238.15300000000002
365,T3,BESTEFFORT,COMPLETED,m6-1,88.319,"{'m1-1': 1.12, 'm2-1': 10.86, 'm3-1': 9.34, 'm4-1': 96.45, 'm5-1': 112.71, 'm6-1': 1.09, 'm7-1': 108.57, 'm8-1': 109.54}",1.6350000000000002,91.61000000000003,92.70000000000003,inf,238.31900000000002,238.31900000000002
366,T3,BESTEFFORT,CANCELLED,,88.505,"{'m1-1': 1.16, 'm2-1': 11.2, 'm3-1': 10.53, 'm4-1': 109.38, 'm5-1': 108.93, 'm6-1': 1.0, 'm7-1': 94.5, 'm8-1': 117.61}",0.0,inf,inf,inf,238.505,238.505
367,T3,BESTEFFORT,CANCELLED,,88.92,"{'m1-1': 1.07, 'm2-1': 10.92, 'm3-1': 9.34, 'm4-1': 108.08, 'm5-1': 98.8, 'm6-1': 1.02, 'm7-1': 106.83, 'm8-1': 101.47}",0.0,inf,inf,inf,238.92000000000002,238.92000000000002
368,T4,BESTEFFORT,CANCELLED,,89.047,"{'m1-1': 0.94, 'm2-1': 10.99, 'm3-1': 10.76, 'm4-1': 104.4, 'm5-1': 98.43, 'm6-1': 0.97, 'm7-1': 101.56, 'm8-1': 114.28}",0.0,inf,inf,inf,239.047,239.047
369,T2,BESTEFFORT,CANCELLED,m1-1,89.117,"{'m1-1': 1.16, 'm2-1': 11.18, 'm3-1': 10.51, 'm4-1': 118.38, 'm5-1': 101.22, 'm6-1': 0.99, 'm7-1': 101.7, 'm8-1': 107.67}",0.0,inf,inf,inf,239.11700000000002,239.11700000000002
370,T1,BESTEFFORT,COMPLETED,m6-1,89.344,"{'m1-1': 1.01, 'm2-1': 10.77, 'm3-1': 10.47, 'm4-1': 109.59, 'm5-1': 93.62, 'm6-1': 1.02, 'm7-1': 111.08, 'm8-1': 100.17}",1.53,92.70000000000003,93.72000000000003,inf,239.344,239.344
371,T2,BESTEFFORT,CANCELLED,,89.48,"{'m1-1': 1.08, 'm2-1': 10.84, 'm3-1': 10.47, 'm4-1': 104.58, 'm5-1': 98.67, 'm6-1': 1.05, 'm7-1': 97.03, 'm8-1': 107.94}",0.0,inf,inf,inf,239.48000000000002,239.48000000000002
372,T1,BESTEFFORT,COMPLETED,m1-1,89.559,"{'m1-1': 1.09, 'm2-1': 10.18, 'm3-1': 9.74, 'm4-1': 102.08, 'm5-1': 95.85, 'm6-1': 0.92, 'm7-1': 112.57, 'm8-1': 107.41}",1.6350000000000002,92.66499999999996,93.75499999999997,inf,239.559,239.559
373,T3,BESTEFFORT,CANCELLED,,89.748,"{'m1-1': 1.15, 'm2-1': 11.25, 'm3-1': 9.73, 'm4-1': 108.03, 'm5-1': 97.62, 'm6-1': 1.09, 'm7-1': 98.96, 'm8-1': 117.57}",0.0,inf,inf,inf,239.748,239.748
374,T4,BESTEFFORT,COMPLETED,m6-1,90.002,"{'m1-1': 0.99, 'm2-1': 11.13, 'm3-1': 10.32, 'm4-1': 109.9, 'm5-1': 108.32, 'm6-1': 1.06, 'm7-1': 112.44, 'm8-1': 104.94}",1.59,93.72000000000003,94.78000000000003,inf,240.002,240.002
375,T2,BESTEFFORT,COMPLETED,m3-1,90.605,"{'m1-1': 1.14, 'm2-1': 11.77, 'm3-1': 10.43, 'm4-1': 103.26, 'm5-1': 106.27, 'm6-1': 1.01, 'm7-1': 95.59, 'm8-1': 110.09}",15.645,121.51400000000001,131.94400000000002,inf,240.60500000000002,240.60500000000002
376,T3,BESTEFFORT,CANCELLED,,90.956,"{'m1-1': 1.11, 'm2-1': 9.89, 'm3-1': 10.82, 'm4-1': 103.67, 'm5-1': 96.49, 'm6-1': 1.0, 'm7-1': 97.14, 'm8-1': 105.67}",0.0,inf,inf,inf,240.95600000000002,240.95600000000002
377,T1,BESTEFFORT,COMPLETED,m1-1,91.018,"{'m1-1': 1.12, 'm2-1': 10.66, 'm3-1': 10.62, 'm4-1': 99.18, 'm5-1': 92.92, 'm6-1': 0.99, 'm7-1': 109.2, 'm8-1': 101.98}",1.6800000000000002,93.75499999999997,94.87499999999997,inf,241.018,241.018
378,T4,BESTEFFORT,CANCELLED,m6-1,91.361,"{'m1-1': 1.06, 'm2-1': 11.15, 'm3-1': 9.85, 'm4-1': 109.63, 'm5-1': 101.09, 'm6-1': 0.95, 'm7-1': 110.68, 'm8-1': 108.12}",0.0,inf,inf,inf,241.361,241.361
379,T1,BESTEFFORT,COMPLETED,m1-1,91.425,"{'m1-1': 1.14, 'm2-1': 11.09, 'm3-1': 10.16, 'm4-1': 108.6, 'm5-1': 104.31, 'm6-1': 0.93, 'm7-1': 97.72, 'm8-1': 106.12}",1.71,94.87499999999997,96.01499999999997,inf,241.425,241.425
380,T4,BESTEFFORT,CANCELLED,m6-1,91.718,"{'m1-1': 0.99, 'm2-1': 10.87, 'm3-1': 9.25, 'm4-1': 100.4, 'm5-1': 100.64, 'm6-1': 1.0, 'm7-1': 103.51, 'm8-1': 104.75}",0.0,inf,inf,inf,241.71800000000002,241.71800000000002
381,T1,BESTEFFORT,COMPLETED,m6-1,92.001,"{'m1-1': 1.11, 'm2-1': 10.02, 'm3-1': 11.14, 'm4-1': 106.24, 'm5-1': 94.55, 'm6-1': 1.0, 'm7-1': 100.56, 'm8-1': 100.4}",1.5,94.78000000000003,95.78000000000003,inf,242.001,242.001
382,T1,BESTEFFORT,COMPLETED,m1-1,92.385,"{'m1-1': 1.01, 'm2-1': 10.4, 'm3-1': 9.98, 'm4-1': 101.05, 'm5-1': 96.44, 'm6-1': 0.97, 'm7-1': 106.52, 'm8-1': 108.56}",1.5150000000000001,96.01499999999997,97.02499999999998,inf,242.385,242.385
383,T3,BESTEFFORT,CANCELLED,,92.611,"{'m1-1': 1.1, 'm2-1': 10.03, 'm3-1': 9.35, 'm4-1': 106.45, 'm5-1': 106.04, 'm6-1': 1.14, 'm7-1': 94.64, 'm8-1': 101.94}",0.0,inf,inf,inf,242.611,242.611
384,T3,BESTEFFORT,CANCELLED,,93.031,"{'m1-1': 1.1, 'm2-1': 10.57, 'm3-1': 9.73, 'm4-1': 99.25, 'm5-1': 112.02, 'm6-1': 1.02, 'm7-1': 96.44, 'm8-1': 103.35}",0.0,inf,inf,inf,243.031,243.031
385,T2,BESTEFFORT,CANCELLED,m6-1,93.177,"{'m1-1': 1.07, 'm2-1': 10.64, 'm3-1': 11.25, 'm4-1': 106.67, 'm5-1': 99.2, 'm6-1': 1.08, 'm7-1': 108.0, 'm8-1': 113.53}",0.0,inf,inf,inf,243.17700000000002,243.17700000000002
386,T1,BESTEFFORT,CANCELLED,m6-1,93.225,"{'m1-1': 1.08, 'm2-1': 10.02, 'm3-1': 10.67, 'm4-1': 110.13, 'm5-1': 95.55, 'm6-1': 1.06, 'm7-1': 103.61, 'm8-1': 99.91}",0.0,inf,inf,inf,243.225,243.225
387,T2,BESTEFFORT,COMPLETED,m1-1,93.25,"{'m1-1': 1.15, 'm2-1': 10.71, 'm3-1': 10.73, 'm4-1': 118.61, 'm5-1': 98.97, 'm6-1': 1.04, 'm7-1': 103.35, 'm8-1': 98.25}",1.7249999999999999,97.02499999999998,98.17499999999998,inf,243.25,243.25
388,T4,BESTEFFORT,CANCELLED,,93.497,"{'m1-1': 1.05, 'm2-1': 9.91, 'm3-1': 9.49, 'm4-1': 102.18, 'm5-1': 103.92, 'm6-1': 1.11, 'm7-1': 103.85, 'm8-1': 105.3}",0.0,inf,inf,inf,243.497,243.497
389,T4,BESTEFFORT,COMPLETED,m2-1,94.055,"{'m1-1': 0.95, 'm2-1': 10.33, 'm3-1': 9.34, 'm4-1': 103.8, 'm5-1': 105.28, 'm6-1': 1.01, 'm7-1': 111.7, 'm8-1': 113.6}",15.495000000000001,128.221,138.55100000000002,inf,244.055,244.055
390,T4,BESTEFFORT,CANCELLED,,94.206,"{'m1-1': 0.98, 'm2-1': 10.01, 'm3-1': 10.64, 'm4-1': 110.52, 'm5-1': 102.68, 'm6-1': 1.08, 'm7-1': 108.19, 'm8-1': 98.11}",0.0,inf,inf,inf,244.20600000000002,244.20600000000002
391,T1,BESTEFFORT,CANCELLED,m6-1,94.3,"{'m1-1': 1.05, 'm2-1': 10.18, 'm3-1': 10.67, 'm4-1': 104.99, 'm5-1': 108.91, 'm6-1': 1.05, 'm7-1': 102.33, 'm8-1': 106.29}",0.0,inf,inf,inf,244.3,244.3
392,T3,BESTEFFORT,COMPLETED,m1-1,94.459,"{'m1-1': 1.16, 'm2-1': 10.1, 'm3-1': 10.98, 'm4-1': 97.59, 'm5-1': 112.53, 'm6-1': 1.0, 'm7-1': 100.96, 'm8-1': 102.94}",1.7399999999999998,98.17499999999998,99.33499999999998,inf,244.459,244.459
393,T2,BESTEFFORT,COMPLETED,m6-1,94.772,"{'m1-1': 1.04, 'm2-1': 10.65, 'm3-1': 9.95, 'm4-1': 105.63, 'm5-1': 100.29, 'm6-1': 1.13, 'm7-1': 101.13, 'm8-1': 110.63}",1.6949999999999998,95.78000000000003,96.91000000000003,inf,244.772,244.772
394,T2,BESTEFFORT,COMPLETED,m6-1,94.808,"{'m1-1': 1.04, 'm2-1': 10.06, 'm3-1': 10.88, 'm4-1': 111.42, 'm5-1': 98.75, 'm6-1': 1.08, 'm7-1': 98.62, 'm8-1': 107.53}",1.62,96.91000000000003,97.99000000000002,inf,244.808,244.808
395,T3,BESTEFFORT,CANCELLED,,94.861,"{'m1-1': 1.12, 'm2-1': 9.93, 'm3-1': 10.93, 'm4-1': 92.91, 'm5-1': 108.07, 'm6-1': 1.13, 'm7-1': 107.56, 'm8-1': 114.99}",0.0,inf,inf,inf,244.861,244.861
396,T3,BESTEFFORT,CANCELLED,,95.148,"{'m1-1': 1.08, 'm2-1': 10.44, 'm3-1': 10.53, 'm4-1': 94.9, 'm5-1': 101.35, 'm6-1': 1.02, 'm7-1': 101.03, 'm8-1': 106.98}",0.0,inf,inf,inf,245.148,245.148
397,T1,BESTEFFORT,CANCELLED,,95.157,"{'m1-1': 1.04, 'm2-1': 10.21, 'm3-1': 10.59, 'm4-1': 112.21, 'm5-1': 92.81, 'm6-1': 1.05, 'm7-1': 107.0, 'm8-1': 95.26}",0.0,inf,inf,inf,245.15699999999998,245.15699999999998
398,T4,BESTEFFORT,CANCELLED,m1-1,95.504,"{'m1-1': 1.06, 'm2-1': 9.71, 'm3-1': 10.38, 'm4-1': 112.08, 'm5-1': 95.01, 'm6-1': 1.05, 'm7-1': 105.87, 'm8-1': 99.98}",0.0,inf,inf,inf,245.50400000000002,245.50400000000002
399,T2,BESTEFFORT,COMPLETED,m6-1,95.519,"{'m1-1': 1.14, 'm2-1': 10.29, 'm3-1': 10.62, 'm4-1': 101.99, 'm5-1': 104.71, 'm6-1': 1.11, 'm7-1': 95.0, 'm8-1': 99.52}",1.665,97.99000000000002,99.10000000000002,inf,245.519,245.519
400,T1,BESTEFFORT,CANCELLED,m6-1,95.54,"{'m1-1': 1.06, 'm2-1': 10.16, 'm3-1': 10.95, 'm4-1': 107.42, 'm5-1': 92.68, 'm6-1': 0.93, 'm7-1': 106.75, 'm8-1': 103.78}",0.0,inf,inf,inf,245.54000000000002,245.54000000000002
401,T1,BESTEFFORT,CANCELLED,,95.786,"{'m1-1': 1.07, 'm2-1': 9.4, 'm3-1': 10.44, 'm4-1': 99.86, 'm5-1': 96.01, 'm6-1': 1.01, 'm7-1': 113.22, 'm8-1': 108.53}",0.0,inf,inf,inf,245.786,245.786
402,T2,BESTEFFORT,CANCELLED,m6-1,96.097,"{'m1-1': 1.15, 'm2-1': 10.81, 'm3-1': 11.12, 'm4-1': 103.04, 'm5-1': 102.34, 'm6-1': 1.1, 'm7-1': 109.43, 'm8-1': 101.2}",0.0,inf,inf,inf,246.09699999999998,246.09699999999998
403,T3,BESTEFFORT,COMPLETED,m6-1,96.195,"{'m1-1': 1.16, 'm2-1': 10.18, 'm3-1': 9.98, 'm4-1': 109.35, 'm5-1': 97.26, 'm6-1': 1.03, 'm7-1': 106.95, 'm8-1': 114.9}",1.545,101.29000000000002,102.32000000000002,inf,246.195,246.195
404,T3,BESTEFFORT,COMPLETED,m1-1,96.723,"{'m1-1': 1.06, 'm2-1': 11.08, 'm3-1': 10.39, 'm4-1': 100.78, 'm5-1': 107.44, 'm6-1': 1.17, 'm7-1': 100.94, 'm8-1': 104.26}",1.59,99.33499999999998,100.39499999999998,inf,246.723,246.723
405,T3,BESTEFFORT,COMPLETED,m6-1,96.812,"{'m1-1': 1.17, 'm2-1': 10.72, 'm3-1': 10.52, 'm4-1': 93.89, 'm5-1': 107.06, 'm6-1': 1.07, 'm7-1': 100.43, 'm8-1': 109.84}",1.605,99.10000000000002,100.17000000000002,inf,246.812,246.812
406,T4,BESTEFFORT,CANCELLED,m6-1,97.086,"{'m1-1': 0.99, 'm2-1': 10.78, 'm3-1': 10.82, 'm4-1': 99.55, 'm5-1': 103.22, 'm6-1': 1.0, 'm7-1': 111.22, 'm8-1': 109.08}",0.0,inf,inf,inf,247.086,247.086
407,T2,BESTEFFORT,CANCELLED,,97.27,"{'m1-1': 1.13, 'm2-1': 10.99, 'm3-1': 10.93, 'm4-1': 115.55, 'm5-1': 99.7, 'm6-1': 0.99, 'm7-1': 105.92, 'm8-1': 112.08}",0.0,inf,inf,inf,247.26999999999998,247.26999999999998
408,T1,BESTEFFORT,CANCELLED,,97.65,"{'m1-1': 1.1, 'm2-1': 10.79, 'm3-1': 10.01, 'm4-1': 113.58, 'm5-1': 97.32, 'm6-1': 1.09, 'm7-1': 111.93, 'm8-1': 95.28}",0.0,inf,inf,inf,247.65,247.65
409,T3,BESTEFFORT,COMPLETED,m6-1,97.694,"{'m1-1': 1.06, 'm2-1': 9.67, 'm3-1': 9.48, 'm4-1': 95.63, 'm5-1': 111.76, 'm6-1': 1.12, 'm7-1': 100.59, 'm8-1': 118.4}",1.6800000000000002,100.17000000000002,101.29000000000002,inf,247.69400000000002,247.69400000000002
410,T1,BESTEFFORT,CANCELLED,,98.01,"{'m1-1': 1.15, 'm2-1': 10.1, 'm3-1': 10.1, 'm4-1': 97.29, 'm5-1': 94.33, 'm6-1': 1.08, 'm7-1': 104.1, 'm8-1': 105.22}",0.0,inf,inf,inf,248.01,248.01
411,T3,BESTEFFORT,COMPLETED,m1-1,98.026,"{'m1-1': 1.17, 'm2-1': 9.62, 'm3-1': 10.55, 'm4-1': 105.94, 'm5-1': 105.16, 'm6-1': 1.09, 'm7-1': 111.32, 'm8-1': 105.96}",1.755,100.39499999999998,101.56499999999998,inf,248.026,248.026
412,T3,BESTEFFORT,COMPLETED,m1-1,98.279,"{'m1-1': 1.18, 'm2-1': 10.09, 'm3-1': 9.74, 'm4-1': 101.53, 'm5-1': 102.85, 'm6-1': 1.1, 'm7-1': 101.88, 'm8-1': 100.82}",1.77,101.56499999999998,102.74499999999999,inf,248.279,248.279
413,T3,BESTEFFORT,CANCELLED,,98.486,"{'m1-1': 1.13, 'm2-1': 10.41, 'm3-1': 10.09, 'm4-1': 99.52, 'm5-1': 101.83, 'm6-1': 1.03, 'm7-1': 96.3, 'm8-1': 103.64}",0.0,inf,inf,inf,248.486,248.486
414,T1,BESTEFFORT,CANCELLED,,98.586,"{'m1-1': 1.07, 'm2-1': 10.63, 'm3-1': 11.06, 'm4-1': 108.46, 'm5-1': 101.06, 'm6-1': 1.05, 'm7-1': 104.26, 'm8-1': 98.16}",0.0,inf,inf,inf,248.586,248.586
415,T1,BESTEFFORT,CANCELLED,,98.682,"{'m1-1': 1.11, 'm2-1': 10.8, 'm3-1': 11.0, 'm4-1': 111.36, 'm5-1': 103.19, 'm6-1': 1.08, 'm7-1': 103.39, 'm8-1': 92.8}",0.0,inf,inf,inf,248.68200000000002,248.68200000000002
416,T4,BESTEFFORT,CANCELLED,,98.726,"{'m1-1': 0.98, 'm2-1': 10.85, 'm3-1': 9.93, 'm4-1': 102.57, 'm5-1': 95.88, 'm6-1': 1.02, 'm7-1': 115.63, 'm8-1': 100.13}",0.0,inf,inf,inf,248.726,248.726
417,T2,BESTEFFORT,CANCELLED,,98.78,"{'m1-1': 1.16, 'm2-1': 10.75, 'm3-1': 10.41, 'm4-1': 110.54, 'm5-1': 110.26, 'm6-1': 1.09, 'm7-1': 105.64, 'm8-1': 115.59}",0.0,inf,inf,inf,248.78,248.78
418,T2,BESTEFFORT,CANCELLED,,98.829,"{'m1-1': 1.01, 'm2-1': 10.21, 'm3-1': 10.48, 'm4-1': 110.35, 'm5-1': 112.72, 'm6-1': 0.99, 'm7-1': 96.8, 'm8-1': 100.93}",0.0,inf,inf,inf,248.829,248.829
419,T2,BESTEFFORT,CANCELLED,,98.906,"{'m1-1': 1.06, 'm2-1': 10.4, 'm3-1': 11.34, 'm4-1': 118.42, 'm5-1': 100.15, 'm6-1': 1.1, 'm7-1': 98.04, 'm8-1': 111.66}",0.0,inf,inf,inf,248.906,248.906
420,T1,BESTEFFORT,CANCELLED,m6-1,99.04,"{'m1-1': 1.05, 'm2-1': 9.47, 'm3-1': 9.66, 'm4-1': 107.88, 'm5-1': 94.52, 'm6-1': 0.98, 'm7-1': 108.76, 'm8-1': 104.23}",0.0,inf,inf,inf,249.04000000000002,249.04000000000002
421,T1,BESTEFFORT,COMPLETED,m1-1,99.13,"{'m1-1': 1.07, 'm2-1': 10.89, 'm3-1': 10.3, 'm4-1': 96.99, 'm5-1': 96.75, 'm6-1': 0.97, 'm7-1': 103.25, 'm8-1': 102.41}",1.605,102.74499999999999,103.81499999999998,inf,249.13,249.13
422,T1,BESTEFFORT,CANCELLED,m1-1,99.551,"{'m1-1': 1.13, 'm2-1': 10.63, 'm3-1': 10.27, 'm4-1': 112.67, 'm5-1': 92.43, 'm6-1': 1.01, 'm7-1': 102.66, 'm8-1': 106.41}",0.0,inf,inf,inf,249.551,249.551
423,T2,BESTEFFORT,COMPLETED,m6-1,99.835,"{'m1-1': 1.19, 'm2-1': 11.45, 'm3-1': 10.3, 'm4-1': 117.19, 'm5-1': 110.55, 'm6-1': 1.12, 'm7-1': 103.25, 'm8-1': 100.8}",1.6800000000000002,102.32000000000002,103.44000000000003,inf,249.83499999999998,249.83499999999998
424,T4,BESTEFFORT,COMPLETED,m3-1,100.352,"{'m1-1': 1.06, 'm2-1': 10.19, 'm3-1': 9.63, 'm4-1': 107.18, 'm5-1': 101.17, 'm6-1': 1.09, 'm7-1': 103.9, 'm8-1': 109.54}",14.445,131.94400000000002,141.574,inf,250.352,250.352
425,T4,BESTEFFORT,CANCELLED,m1-1,100.523,"{'m1-1': 1.01, 'm2-1': 10.5, 'm3-1': 10.78, 'm4-1': 100.84, 'm5-1': 100.85, 'm6-1': 1.04, 'm7-1': 113.62, 'm8-1': 111.83}",0.0,inf,inf,inf,250.523,250.523
426,T1,BESTEFFORT,COMPLETED,m1-1,100.786,"{'m1-1': 1.14, 'm2-1': 10.52, 'm3-1': 10.76, 'm4-1': 100.88, 'm5-1': 97.41, 'm6-1': 0.97, 'm7-1': 113.05, 'm8-1': 97.06}",1.71,103.81499999999998,104.95499999999998,inf,250.786,250.786
427,T2,BESTEFFORT,COMPLETED,m6-1,101.081,"{'m1-1': 1.06, 'm2-1': 11.08, 'm3-1': 11.02, 'm4-1': 118.62, 'm5-1': 104.22, 'm6-1': 1.1, 'm7-1': 109.99, 'm8-1': 111.02}",1.6500000000000001,104.45000000000003,105.55000000000003,inf,251.08100000000002,251.08100000000002
428,T2,BESTEFFORT,COMPLETED,m6-1,101.244,"{'m1-1': 1.15, 'm2-1': 11.54, 'm3-1': 9.96, 'm4-1': 112.9, 'm5-1': 104.11, 'm6-1': 1.01, 'm7-1': 102.25, 'm8-1': 102.57}",1.5150000000000001,103.44000000000003,104.45000000000003,inf,251.244,251.244
429,T2,BESTEFFORT,COMPLETED,m1-1,102.198,"{'m1-1': 1.03, 'm2-1': 11.44, 'm3-1': 10.41, 'm4-1': 105.07, 'm5-1': 100.59, 'm6-1': 0.99, 'm7-1': 96.3, 'm8-1': 112.3}",1.545,104.95499999999998,105.98499999999999,inf,252.19799999999998,252.19799999999998
430,T2,BESTEFFORT,COMPLETED,m6-1,102.362,"{'m1-1': 1.02, 'm2-1': 11.62, 'm3-1': 11.31, 'm4-1': 109.96, 'm5-1': 98.03, 'm6-1': 1.02, 'm7-1': 106.06, 'm8-1': 98.54}",1.53,105.55000000000003,106.57000000000002,inf,252.362,252.362
431,T4,BESTEFFORT,COMPLETED,m1-1,102.553,"{'m1-1': 0.98, 'm2-1': 9.58, 'm3-1': 9.34, 'm4-1': 100.66, 'm5-1': 102.49, 'm6-1': 1.04, 'm7-1': 111.04, 'm8-1': 102.5}",1.47,105.98499999999999,106.96499999999999,inf,252.553,252.553
432,T3,BESTEFFORT,CANCELLED,,102.567,"{'m1-1': 1.06, 'm2-1': 9.61, 'm3-1': 10.15, 'm4-1': 92.71, 'm5-1': 97.97, 'm6-1': 1.17, 'm7-1': 101.94, 'm8-1': 108.92}",0.0,inf,inf,inf,252.567,252.567
433,T3,BESTEFFORT,CANCELLED,,102.667,"{'m1-1': 1.12, 'm2-1': 11.16, 'm3-1': 9.96, 'm4-1': 94.72, 'm5-1': 105.84, 'm6-1': 1.01, 'm7-1': 98.47, 'm8-1': 105.12}",0.0,inf,inf,inf,252.667,252.667
434,T2,BESTEFFORT,CANCELLED,,102.981,"{'m1-1': 1.11, 'm2-1': 11.18, 'm3-1': 9.92, 'm4-1': 106.31, 'm5-1': 106.8, 'm6-1': 1.09, 'm7-1': 95.82, 'm8-1': 100.43}",0.0,inf,inf,inf,252.981,252.981
435,T3,BESTEFFORT,COMPLETED,m6-1,103.193,"{'m1-1': 1.1, 'm2-1': 10.89, 'm3-1': 10.8, 'm4-1': 95.14, 'm5-1': 108.28, 'm6-1': 1.12, 'm7-1': 101.43, 'm8-1': 113.65}",1.6800000000000002,106.57000000000002,107.69000000000003,inf,253.19299999999998,253.19299999999998
436,T3,BESTEFFORT,CANCELLED,,103.335,"{'m1-1': 1.09, 'm2-1': 9.92, 'm3-1': 9.4, 'm4-1': 107.7, 'm5-1': 111.63, 'm6-1': 1.01, 'm7-1': 103.16, 'm8-1': 109.49}",0.0,inf,inf,inf,253.33499999999998,253.33499999999998
437,T3,BESTEFFORT,COMPLETED,m1-1,103.381,"{'m1-1': 1.07, 'm2-1': 11.09, 'm3-1': 9.67, 'm4-1': 105.27, 'm5-1': 106.77, 'm6-1': 1.03, 'm7-1': 107.18, 'm8-1': 110.62}",1.605,106.96499999999999,108.03499999999998,inf,253.381,253.381
438,T4,BESTEFFORT,COMPLETED,m6-1,104.14,"{'m1-1': 1.01, 'm2-1': 9.9, 'm3-1': 10.17, 'm4-1': 95.84, 'm5-1': 99.38, 'm6-1': 0.95, 'm7-1': 108.88, 'm8-1': 97.51}",1.4249999999999998,107.69000000000003,108.64000000000003,inf,254.14,254.14
439,T1,BESTEFFORT,CANCELLED,m1-1,104.435,"{'m1-1': 1.17, 'm2-1': 9.52, 'm3-1': 9.59, 'm4-1': 105.91, 'm5-1': 101.53, 'm6-1': 1.05, 'm7-1': 108.48, 'm8-1': 98.56}",0.0,inf,inf,inf,254.435,254.435
440,T1,BESTEFFORT,COMPLETED,m6-1,105.416,"{'m1-1': 1.17, 'm2-1': 10.81, 'm3-1': 10.05, 'm4-1': 98.27, 'm5-1': 99.37, 'm6-1': 1.0, 'm7-1': 101.14, 'm8-1': 93.13}",1.5,108.64000000000003,109.64000000000003,inf,255.416,255.416
441,T4,BESTEFFORT,COMPLETED,m1-1,105.595,"{'m1-1': 1.07, 'm2-1': 11.3, 'm3-1': 10.34, 'm4-1': 102.12, 'm5-1': 103.22, 'm6-1': 1.07, 'm7-1': 109.02, 'm8-1': 114.09}",1.605,108.03499999999998,109.10499999999998,inf,255.595,255.595
442,T1,BESTEFFORT,COMPLETED,m2-1,105.73,"{'m1-1': 1.1, 'm2-1': 9.64, 'm3-1': 10.53, 'm4-1': 111.66, 'm5-1': 92.92, 'm6-1': 1.04, 'm7-1': 99.96, 'm8-1': 96.07}",14.46,138.55100000000002,148.19100000000003,inf,255.73000000000002,255.73000000000002
443,T4,BESTEFFORT,COMPLETED,m1-1,106.372,"{'m1-1': 1.04, 'm2-1': 11.27, 'm3-1': 10.74, 'm4-1': 99.7, 'm5-1': 103.91, 'm6-1': 0.99, 'm7-1': 106.58, 'm8-1': 102.13}",1.56,109.10499999999998,110.14499999999998,inf,256.372,256.372
444,T1,BESTEFFORT,COMPLETED,m6-1,106.799,"{'m1-1': 1.02, 'm2-1': 10.81, 'm3-1': 9.93, 'm4-1': 106.04, 'm5-1': 105.85, 'm6-1': 1.09, 'm7-1': 104.87, 'm8-1': 93.77}",1.6350000000000002,109.64000000000003,110.73000000000003,inf,256.799,256.799
445,T2,BESTEFFORT,CANCELLED,m1-1,106.906,"{'m1-1': 1.02, 'm2-1': 10.34, 'm3-1': 9.65, 'm4-1': 108.9, 'm5-1': 107.5, 'm6-1': 1.13, 'm7-1': 97.28, 'm8-1': 101.3}",0.0,inf,inf,inf,256.906,256.906
446,T4,BESTEFFORT,COMPLETED,m1-1,107.544,"{'m1-1': 1.03, 'm2-1': 9.56, 'm3-1': 9.83, 'm4-1': 107.73, 'm5-1': 97.87, 'm6-1': 1.11, 'm7-1': 107.6, 'm8-1': 109.51}",1.545,110.14499999999998,111.17499999999998,inf,257.544,257.544
447,T1,BESTEFFORT,COMPLETED,m6-1,107.785,"{'m1-1': 1.1, 'm2-1': 9.97, 'm3-1': 10.91, 'm4-1': 96.83, 'm5-1': 104.09, 'm6-1': 1.04, 'm7-1': 112.41, 'm8-1': 96.75}",1.56,110.73000000000003,111.77000000000004,inf,257.78499999999997,257.78499999999997
448,T2,BESTEFFORT,COMPLETED,m1-1,108.761,"{'m1-1': 1.03, 'm2-1': 10.39, 'm3-1': 10.01, 'm4-1': 100.77, 'm5-1': 97.15, 'm6-1': 1.06, 'm7-1': 107.75, 'm8-1': 97.58}",1.545,111.17499999999998,112.20499999999998,inf,258.76099999999997,258.76099999999997
449,T4,BESTEFFORT,COMPLETED,m6-1,108.944,"{'m1-1': 0.94, 'm2-1': 10.44, 'm3-1': 9.2, 'm4-1': 107.63, 'm5-1': 106.12, 'm6-1': 0.97, 'm7-1': 108.17, 'm8-1': 105.28}",1.455,111.77000000000004,112.74000000000004,inf,258.944,258.944
450,T1,BESTEFFORT,COMPLETED,m1-1,109.532,"{'m1-1': 1.02, 'm2-1': 10.04, 'm3-1': 10.38, 'm4-1': 99.33, 'm5-1': 103.76, 'm6-1': 1.08, 'm7-1': 111.53, 'm8-1': 102.23}",1.53,112.20499999999998,113.22499999999998,inf,259.532,259.532
451,T2,BESTEFFORT,COMPLETED,m6-1,109.938,"{'m1-1': 1.04, 'm2-1': 10.62, 'm3-1': 9.93, 'm4-1': 116.37, 'm5-1': 103.6, 'm6-1': 1.06, 'm7-1': 110.79, 'm8-1': 100.41}",1.59,112.74000000000004,113.80000000000004,inf,259.938,259.938
452,T1,BESTEFFORT,COMPLETED,m1-1,110.295,"{'m1-1': 1.01, 'm2-1': 9.66, 'm3-1': 10.58, 'm4-1': 112.4, 'm5-1': 93.25, 'm6-1': 0.93, 'm7-1': 109.62, 'm8-1': 97.33}",1.5150000000000001,113.22499999999998,114.23499999999999,inf,260.295,260.295
453,T2,BESTEFFORT,COMPLETED,m3-1,110.56,"{'m1-1': 1.04, 'm2-1': 10.98, 'm3-1': 10.88, 'm4-1': 102.62, 'm5-1': 111.3, 'm6-1': 1.03, 'm7-1': 105.43, 'm8-1': 111.84}",16.32,141.574,152.454,inf,260.56,260.56
454,T4,BESTEFFORT,COMPLETED,m6-1,110.834,"{'m1-1': 0.98, 'm2-1': 10.5, 'm3-1': 10.9, 'm4-1': 95.16, 'm5-1': 104.12, 'm6-1': 1.03, 'm7-1': 108.35, 'm8-1': 104.73}",1.545,113.80000000000004,114.83000000000004,inf,260.834,260.834
455,T4,BESTEFFORT,COMPLETED,m1-1,110.914,"{'m1-1': 1.03, 'm2-1': 10.24, 'm3-1': 9.39, 'm4-1': 105.7, 'm5-1': 98.9, 'm6-1': 1.09, 'm7-1': 104.36, 'm8-1': 100.94}",1.545,114.23499999999999,115.26499999999999,inf,260.914,260.914
456,T4,BESTEFFORT,COMPLETED,m6-1,111.688,"{'m1-1': 1.04, 'm2-1': 9.8, 'm3-1': 9.38, 'm4-1': 109.3, 'm5-1': 98.57, 'm6-1': 1.08, 'm7-1': 107.69, 'm8-1': 107.37}",1.62,114.83000000000004,115.91000000000004,inf,261.688,261.688
457,T1,BESTEFFORT,COMPLETED,m1-1,112.715,"{'m1-1': 0.99, 'm2-1': 10.31, 'm3-1': 10.4, 'm4-1': 111.59, 'm5-1': 101.56, 'm6-1': 1.08, 'm7-1': 100.93, 'm8-1': 96.67}",1.4849999999999999,115.26499999999999,116.25499999999998,inf,262.71500000000003,262.71500000000003
458,T4,BESTEFFORT,COMPLETED,m6-1,112.835,"{'m1-1': 1.06, 'm2-1': 11.19, 'm3-1': 10.27, 'm4-1': 97.09, 'm5-1': 94.68, 'm6-1': 1.08, 'm7-1': 103.47, 'm8-1': 99.73}",1.62,115.91000000000004,116.99000000000004,inf,262.835,262.835
459,T4,BESTEFFORT,COMPLETED,m8-1,112.935,"{'m1-1': 1.06, 'm2-1': 9.56, 'm3-1': 9.46, 'm4-1': 98.86, 'm5-1': 98.62, 'm6-1': 0.95, 'm7-1': 105.28, 'm8-1': 98.71}",148.065,158.768,257.478,inf,262.935,262.935
460,T2,BESTEFFORT,COMPLETED,m1-1,113.046,"{'m1-1': 1.17, 'm2-1': 11.65, 'm3-1': 9.89, 'm4-1': 101.51, 'm5-1': 103.74, 'm6-1': 0.97, 'm7-1': 109.25, 'm8-1': 109.01}",1.755,116.25499999999998,117.42499999999998,inf,263.046,263.046
461,T1,BESTEFFORT,CANCELLED,m1-1,113.252,"{'m1-1': 1.05, 'm2-1': 9.73, 'm3-1': 9.94, 'm4-1': 99.25, 'm5-1': 107.92, 'm6-1': 1.07, 'm7-1': 102.33, 'm8-1': 93.04}",0.0,inf,inf,inf,263.252,263.252
462,T1,BESTEFFORT,COMPLETED,m6-1,113.589,"{'m1-1': 1.15, 'm2-1': 10.36, 'm3-1': 10.86, 'm4-1': 106.81, 'm5-1': 103.05, 'm6-1': 1.04, 'm7-1': 109.2, 'm8-1': 92.27}",1.56,116.99000000000004,118.03000000000004,inf,263.589,263.589
463,T4,BESTEFFORT,CANCELLED,,114.246,"{'m1-1': 1.02, 'm2-1': 10.56, 'm3-1': 10.5, 'm4-1': 98.44, 'm5-1': 102.28, 'm6-1': 1.09, 'm7-1': 106.82, 'm8-1': 103.69}",0.0,inf,inf,inf,264.246,264.246
464,T1,BESTEFFORT,CANCELLED,,114.321,"{'m1-1': 0.99, 'm2-1': 10.17, 'm3-1': 9.62, 'm4-1': 112.05, 'm5-1': 92.12, 'm6-1': 1.1, 'm7-1': 111.84, 'm8-1': 98.66}",0.0,inf,inf,inf,264.321,264.321
465,T2,BESTEFFORT,COMPLETED,m6-1,114.365,"{'m1-1': 1.02, 'm2-1': 11.13, 'm3-1': 10.18, 'm4-1': 105.21, 'm5-1': 108.87, 'm6-1': 0.98, 'm7-1': 103.32, 'm8-1': 111.48}",1.47,118.03000000000004,119.01000000000005,inf,264.365,264.365
466,T2,BESTEFFORT,COMPLETED,m1-1,114.367,"{'m1-1': 1.01, 'm2-1': 10.91, 'm3-1': 11.27, 'm4-1': 103.68, 'm5-1': 105.04, 'm6-1': 1.14, 'm7-1': 105.02, 'm8-1': 104.62}",1.5150000000000001,117.42499999999998,118.43499999999999,inf,264.367,264.367
467,T4,BESTEFFORT,CANCELLED,m1-1,115.174,"{'m1-1': 0.98, 'm2-1': 10.3, 'm3-1': 10.31, 'm4-1': 95.16, 'm5-1': 103.84, 'm6-1': 1.04, 'm7-1': 114.88, 'm8-1': 101.73}",0.0,inf,inf,inf,265.174,265.174
468,T4,BESTEFFORT,CANCELLED,m6-1,115.19,"{'m1-1': 0.95, 'm2-1': 10.14, 'm3-1': 10.73, 'm4-1': 105.51, 'm5-1': 98.94, 'm6-1': 1.06, 'm7-1': 102.52, 'm8-1': 102.36}",0.0,inf,inf,inf,265.19,265.19
469,T2,BESTEFFORT,COMPLETED,m1-1,115.485,"{'m1-1': 1.1, 'm2-1': 11.91, 'm3-1': 11.41, 'm4-1': 111.81, 'm5-1': 107.41, 'm6-1': 1.01, 'm7-1': 108.58, 'm8-1': 111.08}",1.6500000000000001,118.43499999999999,119.53499999999998,inf,265.485,265.485
470,T2,BESTEFFORT,COMPLETED,m1-1,116.349,"{'m1-1': 1.07, 'm2-1': 11.64, 'm3-1': 9.71, 'm4-1': 114.09, 'm5-1': 107.53, 'm6-1': 1.06, 'm7-1': 105.15, 'm8-1': 106.36}",1.605,119.53499999999998,120.60499999999998,inf,266.349,266.349
471,T4,BESTEFFORT,COMPLETED,m2-1,116.682,"{'m1-1': 0.99, 'm2-1': 10.3, 'm3-1': 10.62, 'm4-1': 98.06, 'm5-1': 94.42, 'm6-1': 1.11, 'm7-1': 112.64, 'm8-1': 105.33}",15.450000000000001,148.19100000000003,158.49100000000004,inf,266.682,266.682
472,T1,BESTEFFORT,CANCELLED,m6-1,116.878,"{'m1-1': 1.01, 'm2-1': 9.66, 'm3-1': 10.54, 'm4-1': 100.09, 'm5-1': 93.3, 'm6-1': 0.96, 'm7-1': 107.05, 'm8-1': 108.15}",0.0,inf,inf,inf,266.878,266.878
473,T2,BESTEFFORT,COMPLETED,m6-1,117.001,"{'m1-1': 1.19, 'm2-1': 10.33, 'm3-1': 11.05, 'm4-1': 106.93, 'm5-1': 102.01, 'm6-1': 1.07, 'm7-1': 109.43, 'm8-1': 103.51}",1.605,119.01000000000005,120.08000000000004,inf,267.001,267.001
474,T2,BESTEFFORT,COMPLETED,m1-1,117.574,"{'m1-1': 1.16, 'm2-1': 11.35, 'm3-1': 9.78, 'm4-1': 112.76, 'm5-1': 97.7, 'm6-1': 1.08, 'm7-1': 96.35, 'm8-1': 106.7}",1.7399999999999998,120.60499999999998,121.76499999999997,inf,267.574,267.574
475,T4,BESTEFFORT,CANCELLED,,117.761,"{'m1-1': 1.02, 'm2-1': 11.3, 'm3-1': 9.99, 'm4-1': 112.89, 'm5-1': 107.51, 'm6-1': 0.98, 'm7-1': 117.75, 'm8-1': 97.8}",0.0,inf,inf,inf,267.76099999999997,267.76099999999997
476,T2,BESTEFFORT,COMPLETED,m6-1,118.026,"{'m1-1': 1.14, 'm2-1': 10.1, 'm3-1': 10.83, 'm4-1': 101.33, 'm5-1': 103.29, 'm6-1': 1.14, 'm7-1': 102.6, 'm8-1': 102.18}",1.71,120.08000000000004,121.22000000000004,inf,268.026,268.026
477,T1,BESTEFFORT,COMPLETED,m6-1,118.165,"{'m1-1': 0.99, 'm2-1': 10.63, 'm3-1': 10.3, 'm4-1': 105.12, 'm5-1': 102.67, 'm6-1': 1.0, 'm7-1': 100.36, 'm8-1': 96.75}",1.5,121.22000000000004,122.22000000000004,inf,268.165,268.165
478,T4,BESTEFFORT,COMPLETED,m6-1,118.27,"{'m1-1': 0.98, 'm2-1': 10.1, 'm3-1': 10.03, 'm4-1': 105.78, 'm5-1': 98.9, 'm6-1': 1.09, 'm7-1': 105.26, 'm8-1': 98.83}",1.6350000000000002,122.22000000000004,123.31000000000004,inf,268.27,268.27
479,T2,BESTEFFORT,COMPLETED,m1-1,118.36,"{'m1-1': 1.01, 'm2-1': 11.28, 'm3-1': 10.11, 'm4-1': 117.64, 'm5-1': 101.56, 'm6-1': 1.08, 'm7-1': 98.79, 'm8-1': 99.5}",1.5150000000000001,121.76499999999997,122.77499999999998,inf,268.36,268.36
480,T1,BESTEFFORT,COMPLETED,m6-1,118.846,"{'m1-1': 1.07, 'm2-1': 10.74, 'm3-1': 10.51, 'm4-1': 105.44, 'm5-1': 96.13, 'm6-1': 1.04, 'm7-1': 108.32, 'm8-1': 106.18}",1.56,123.31000000000004,124.35000000000005,inf,268.846,268.846
481,T1,BESTEFFORT,CANCELLED,m1-1,119.534,"{'m1-1': 1.0, 'm2-1': 10.1, 'm3-1': 9.67, 'm4-1': 110.36, 'm5-1': 108.55, 'm6-1': 1.0, 'm7-1': 113.5, 'm8-1': 97.06}",0.0,inf,inf,inf,269.534,269.534
482,T2,BESTEFFORT,COMPLETED,m1-1,119.838,"{'m1-1': 1.16, 'm2-1': 11.82, 'm3-1': 10.18, 'm4-1': 112.3, 'm5-1': 110.31, 'm6-1': 1.03, 'm7-1': 107.2, 'm8-1': 97.78}",1.7399999999999998,122.77499999999998,123.93499999999997,inf,269.83799999999997,269.83799999999997
483,T2,BESTEFFORT,COMPLETED,m1-1,121.096,"{'m1-1': 1.08, 'm2-1': 10.32, 'm3-1': 11.01, 'm4-1': 110.06, 'm5-1': 107.79, 'm6-1': 1.1, 'm7-1': 98.12, 'm8-1': 115.08}",1.62,123.93499999999997,125.01499999999997,inf,271.096,271.096
484,T4,BESTEFFORT,COMPLETED,m6-1,122.209,"{'m1-1': 0.93, 'm2-1': 11.06, 'm3-1': 10.32, 'm4-1': 110.23, 'm5-1': 103.71, 'm6-1': 0.98, 'm7-1': 110.43, 'm8-1': 104.72}",1.47,124.35000000000005,125.33000000000006,inf,272.209,272.209
485,T4,BESTEFFORT,COMPLETED,m1-1,122.415,"{'m1-1': 1.08, 'm2-1': 10.82, 'm3-1': 9.44, 'm4-1': 95.43, 'm5-1': 91.82, 'm6-1': 0.96, 'm7-1': 116.64, 'm8-1': 101.46}",1.62,125.01499999999997,126.09499999999997,inf,272.415,272.415
486,T4,BESTEFFORT,COMPLETED,m6-1,122.764,"{'m1-1': 0.96, 'm2-1': 10.66, 'm3-1': 9.99, 'm4-1': 105.31, 'm5-1': 99.51, 'm6-1': 0.98, 'm7-1': 110.4, 'm8-1': 112.39}",1.47,125.33000000000006,126.31000000000006,inf,272.764,272.764
487,T4,BESTEFFORT,COMPLETED,m1-1,123.394,"{'m1-1': 0.96, 'm2-1': 10.57, 'm3-1': 9.46, 'm4-1': 109.12, 'm5-1': 97.55, 'm6-1': 1.09, 'm7-1': 109.68, 'm8-1': 114.5}",1.44,126.09499999999997,127.05499999999996,inf,273.394,273.394
488,T4,BESTEFFORT,COMPLETED,m1-1,125.292,"{'m1-1': 1.03, 'm2-1': 10.38, 'm3-1': 9.81, 'm4-1': 109.02, 'm5-1': 91.62, 'm6-1': 1.12, 'm7-1': 116.08, 'm8-1': 98.1}",1.545,127.05499999999996,128.08499999999995,inf,275.29200000000003,275.29200000000003
489,T4,BESTEFFORT,COMPLETED,m1-1,125.511,"{'m1-1': 0.96, 'm2-1': 11.35, 'm3-1': 10.09, 'm4-1': 111.12, 'm5-1': 93.78, 'm6-1': 1.03, 'm7-1': 113.34, 'm8-1': 103.06}",1.44,128.08499999999995,129.04499999999996,inf,275.51099999999997,275.51099999999997
490,T4,BESTEFFORT,COMPLETED,m6-1,125.667,"{'m1-1': 0.96, 'm2-1': 10.3, 'm3-1': 9.28, 'm4-1': 108.7, 'm5-1': 92.75, 'm6-1': 1.1, 'm7-1': 105.32, 'm8-1': 112.11}",1.6500000000000001,126.31000000000006,127.41000000000005,inf,275.66700000000003,275.66700000000003
491,T4,BESTEFFORT,COMPLETED,m1-1,126.983,"{'m1-1': 0.96, 'm2-1': 9.82, 'm3-1': 10.19, 'm4-1': 95.41, 'm5-1': 99.16, 'm6-1': 0.94, 'm7-1': 112.5, 'm8-1': 110.54}",1.44,129.04499999999996,130.00499999999997,inf,276.983,276.983
492,T4,BESTEFFORT,COMPLETED,m6-1,128.632,"{'m1-1': 0.92, 'm2-1': 10.82, 'm3-1': 10.2, 'm4-1': 106.79, 'm5-1': 93.2, 'm6-1': 1.08, 'm7-1': 118.37, 'm8-1': 108.43}",1.62,128.632,129.71200000000002,inf,278.632,278.632
493,T4,BESTEFFORT,COMPLETED,m6-1,129.086,"{'m1-1': 0.96, 'm2-1': 10.34, 'm3-1': 10.1, 'm4-1': 112.08, 'm5-1': 101.28, 'm6-1': 1.08, 'm7-1': 106.36, 'm8-1': 109.78}",1.62,129.71200000000002,130.79200000000003,inf,279.086,279.086
494,T4,BESTEFFORT,COMPLETED,m1-1,130.653,"{'m1-1': 0.98, 'm2-1': 10.61, 'm3-1': 10.27, 'm4-1': 104.73, 'm5-1': 107.72, 'm6-1': 1.0, 'm7-1': 113.82, 'm8-1': 106.39}",1.47,130.653,131.63299999999998,inf,280.653,280.653
495,T4,BESTEFFORT,COMPLETED,m1-1,130.947,"{'m1-1': 0.98, 'm2-1': 10.01, 'm3-1': 10.48, 'm4-1': 103.16, 'm5-1': 91.62, 'm6-1': 1.11, 'm7-1': 111.24, 'm8-1': 111.92}",1.47,131.63299999999998,132.61299999999997,inf,280.947,280.947
496,T4,BESTEFFORT,COMPLETED,m1-1,131.649,"{'m1-1': 1.0, 'm2-1': 10.36, 'm3-1': 10.8, 'm4-1': 98.99, 'm5-1': 107.98, 'm6-1': 1.0, 'm7-1': 115.6, 'm8-1': 110.43}",1.5,132.61299999999997,133.61299999999997,inf,281.649,281.649
497,T4,BESTEFFORT,COMPLETED,m1-1,132.524,"{'m1-1': 0.94, 'm2-1': 10.72, 'm3-1': 9.2, 'm4-1': 95.22, 'm5-1': 99.03, 'm6-1': 1.04, 'm7-1': 112.01, 'm8-1': 108.8}",1.41,133.61299999999997,134.55299999999997,inf,282.524,282.524
498,T4,BESTEFFORT,COMPLETED,m1-1,134.146,"{'m1-1': 1.01, 'm2-1': 10.8, 'm3-1': 10.18, 'm4-1': 99.79, 'm5-1': 102.98, 'm6-1': 1.0, 'm7-1': 117.34, 'm8-1': 108.5}",1.5150000000000001,134.55299999999997,135.56299999999996,inf,284.14599999999996,284.14599999999996
499,T4,BESTEFFORT,COMPLETED,m6-1,134.635,"{'m1-1': 1.07, 'm2-1': 11.32, 'm3-1': 9.76, 'm4-1': 99.56, 'm5-1': 106.26, 'm6-1': 1.01, 'm7-1': 103.93, 'm8-1': 111.61}",1.5150000000000001,134.635,135.64499999999998,inf,284.635,284.635
