id,type,urgency,status,assigned_machine,arrival_time,execution_time,energy_usage,start_time,completion_time,missed_time,deadline,extended_deadline
0,T1,BESTEFFORT,COMPLETED,m7-1,0.044,"{'m1-1': 25.56, 'm2-1': 108.02, 'm3-1': 25.05, 'm4-1': 11.33, 'm5-1': 10.6, 'm6-1': 98.7, 'm7-1': 5.41, 'm8-1': 5.52}",8.115,0.044,5.454,inf,110.044,110.044
1,T5,BESTEFFORT,COMPLETED,m8-1,0.2,"{'m1-1': 26.17, 'm2-1': 106.06, 'm3-1': 24.32, 'm4-1': 11.15, 'm5-1': 10.03, 'm6-1': 104.44, 'm7-1': 5.6, 'm8-1': 5.27}",7.904999999999999,0.2,5.47,inf,110.2,110.2
2,T10,BESTEFFORT,COMPLETED,m7-1,0.368,"{'m1-1': 24.09, 'm2-1': 110.85, 'm3-1': 29.14, 'm4-1': 9.22, 'm5-1': 9.79, 'm6-1': 102.68, 'm7-1': 5.46, 'm8-1': 5.26}",8.19,5.454,10.914,inf,110.368,110.368
3,T9,BESTEFFORT,COMPLETED,m8-1,0.739,"{'m1-1': 27.28, 'm2-1': 108.5, 'm3-1': 26.22, 'm4-1': 10.79, 'm5-1': 10.52, 'm6-1': 111.92, 'm7-1': 5.55, 'm8-1': 5.13}",7.695,5.47,10.6,inf,110.739,110.739
4,T9,BESTEFFORT,COMPLETED,m8-1,1.024,"{'m1-1': 25.96, 'm2-1': 97.16, 'm3-1': 26.06, 'm4-1': 10.84, 'm5-1': 11.04, 'm6-1': 96.1, 'm7-1': 5.47, 'm8-1': 4.62}",6.93,10.6,15.219999999999999,inf,111.024,111.024
5,T2,BESTEFFORT,COMPLETED,m7-1,1.221,"{'m1-1': 26.07, 'm2-1': 95.15, 'm3-1': 28.49, 'm4-1': 10.66, 'm5-1': 10.65, 'm6-1': 105.8, 'm7-1': 5.03, 'm8-1': 5.3}",7.545,10.914,15.943999999999999,inf,111.221,111.221
6,T8,BESTEFFORT,COMPLETED,m7-1,1.366,"{'m1-1': 27.12, 'm2-1': 112.45, 'm3-1': 24.91, 'm4-1': 10.46, 'm5-1': 11.86, 'm6-1': 99.29, 'm7-1': 4.97, 'm8-1': 5.03}",7.455,15.943999999999999,20.913999999999998,inf,111.366,111.366
7,T10,BESTEFFORT,COMPLETED,m8-1,1.437,"{'m1-1': 24.75, 'm2-1': 107.8, 'm3-1': 27.48, 'm4-1': 9.31, 'm5-1': 10.65, 'm6-1': 112.92, 'm7-1': 5.43, 'm8-1': 5.4}",8.100000000000001,15.219999999999999,20.619999999999997,inf,111.437,111.437
8,T1,BESTEFFORT,COMPLETED,m8-1,1.456,"{'m1-1': 28.17, 'm2-1': 113.51, 'm3-1': 24.2, 'm4-1': 11.17, 'm5-1': 9.58, 'm6-1': 102.7, 'm7-1': 4.87, 'm8-1': 5.0}",7.5,20.619999999999997,25.619999999999997,inf,111.456,111.456
9,T8,BESTEFFORT,COMPLETED,m7-1,1.591,"{'m1-1': 27.69, 'm2-1': 106.04, 'm3-1': 24.61, 'm4-1': 10.44, 'm5-1': 11.25, 'm6-1': 117.58, 'm7-1': 4.64, 'm8-1': 5.39}",6.959999999999999,20.913999999999998,25.554,inf,111.591,111.591
10,T5,BESTEFFORT,COMPLETED,m7-1,1.791,"{'m1-1': 29.26, 'm2-1': 102.85, 'm3-1': 24.68, 'm4-1': 10.83, 'm5-1': 10.96, 'm6-1': 105.62, 'm7-1': 5.24, 'm8-1': 5.39}",7.86,25.554,30.793999999999997,inf,111.791,111.791
11,T5,BESTEFFORT,COMPLETED,m7-1,1.857,"{'m1-1': 27.16, 'm2-1': 107.84, 'm3-1': 27.36, 'm4-1': 9.81, 'm5-1': 11.05, 'm6-1': 116.98, 'm7-1': 5.16, 'm8-1': 5.53}",7.74,30.793999999999997,35.95399999999999,inf,111.857,111.857
12,T5,BESTEFFORT,COMPLETED,m8-1,1.95,"{'m1-1': 27.08, 'm2-1': 105.5, 'm3-1': 25.33, 'm4-1': 10.47, 'm5-1': 10.31, 'm6-1': 111.19, 'm7-1': 5.7, 'm8-1': 5.19}",7.785,25.619999999999997,30.81,inf,111.95,111.95
13,T7,BESTEFFORT,COMPLETED,m7-1,2.051,"{'m1-1': 25.05, 'm2-1': 96.73, 'm3-1': 26.31, 'm4-1': 10.44, 'm5-1': 10.18, 'm6-1': 111.95, 'm7-1': 4.82, 'm8-1': 5.66}",7.23,35.95399999999999,40.773999999999994,inf,112.051,112.051
14,T10,BESTEFFORT,COMPLETED,m8-1,2.282,"{'m1-1': 27.63, 'm2-1': 101.73, 'm3-1': 28.98, 'm4-1': 10.39, 'm5-1': 11.03, 'm6-1': 99.7, 'm7-1': 5.29, 'm8-1': 5.07}",7.605,30.81,35.879999999999995,inf,112.282,112.282
15,T2,BESTEFFORT,COMPLETED,m7-1,2.427,"{'m1-1': 28.2, 'm2-1': 102.29, 'm3-1': 28.11, 'm4-1': 11.67, 'm5-1': 9.88, 'm6-1': 98.49, 'm7-1': 5.44, 'm8-1': 5.51}",8.16,40.773999999999994,46.21399999999999,inf,112.427,112.427
16,T1,BESTEFFORT,COMPLETED,m7-1,2.586,"{'m1-1': 29.33, 'm2-1': 104.97, 'm3-1': 26.34, 'm4-1': 10.24, 'm5-1': 9.91, 'm6-1': 102.12, 'm7-1': 5.35, 'm8-1': 5.24}",8.024999999999999,46.21399999999999,51.56399999999999,inf,112.586,112.586
17,T3,BESTEFFORT,COMPLETED,m8-1,2.625,"{'m1-1': 27.06, 'm2-1': 109.62, 'm3-1': 24.54, 'm4-1': 10.89, 'm5-1': 10.79, 'm6-1': 105.92, 'm7-1': 5.63, 'm8-1': 4.82}",7.23,35.879999999999995,40.699999999999996,inf,112.625,112.625
18,T6,BESTEFFORT,COMPLETED,m8-1,2.731,"{'m1-1': 25.71, 'm2-1': 104.02, 'm3-1': 26.94, 'm4-1': 10.52, 'm5-1': 10.87, 'm6-1': 98.28, 'm7-1': 5.44, 'm8-1': 5.17}",7.755,40.699999999999996,45.87,inf,112.731,112.731
19,T2,BESTEFFORT,COMPLETED,m8-1,2.732,"{'m1-1': 26.48, 'm2-1': 110.68, 'm3-1': 28.21, 'm4-1': 11.02, 'm5-1': 11.28, 'm6-1': 113.6, 'm7-1': 5.33, 'm8-1': 5.1}",7.6499999999999995,45.87,50.97,inf,112.732,112.732
20,T3,BESTEFFORT,COMPLETED,m7-1,3.121,"{'m1-1': 26.93, 'm2-1': 95.69, 'm3-1': 27.48, 'm4-1': 10.97, 'm5-1': 10.53, 'm6-1': 96.69, 'm7-1': 5.51, 'm8-1': 5.36}",8.265,51.56399999999999,57.07399999999999,inf,113.121,113.121
21,T10,BESTEFFORT,COMPLETED,m8-1,3.35,"{'m1-1': 27.34, 'm2-1': 99.74, 'm3-1': 27.3, 'm4-1': 9.44, 'm5-1': 10.27, 'm6-1': 113.72, 'm7-1': 5.29, 'm8-1': 4.89}",7.334999999999999,50.97,55.86,inf,113.35,113.35
22,T7,BESTEFFORT,COMPLETED,m7-1,3.458,"{'m1-1': 26.23, 'm2-1': 97.36, 'm3-1': 27.23, 'm4-1': 11.34, 'm5-1': 9.54, 'm6-1': 113.4, 'm7-1': 5.16, 'm8-1': 5.38}",7.74,57.07399999999999,62.233999999999995,inf,113.458,113.458
23,T9,BESTEFFORT,COMPLETED,m8-1,3.463,"{'m1-1': 28.61, 'm2-1': 104.88, 'm3-1': 26.26, 'm4-1': 10.74, 'm5-1': 10.36, 'm6-1': 97.07, 'm7-1': 5.03, 'm8-1': 5.18}",7.77,55.86,61.04,inf,113.463,113.463
24,T7,BESTEFFORT,COMPLETED,m8-1,3.546,"{'m1-1': 27.67, 'm2-1': 105.17, 'm3-1': 26.89, 'm4-1': 11.24, 'm5-1': 10.04, 'm6-1': 111.73, 'm7-1': 4.75, 'm8-1': 5.27}",7.904999999999999,61.04,66.31,inf,113.546,113.546
25,T7,BESTEFFORT,COMPLETED,m7-1,3.597,"{'m1-1': 25.79, 'm2-1': 99.57, 'm3-1': 25.82, 'm4-1': 10.99, 'm5-1': 10.8, 'm6-1': 107.8, 'm7-1': 4.68, 'm8-1': 5.01}",7.02,62.233999999999995,66.91399999999999,inf,113.597,113.597
26,T8,BESTEFFORT,COMPLETED,m7-1,3.648,"{'m1-1': 29.0, 'm2-1': 97.27, 'm3-1': 25.22, 'm4-1': 10.11, 'm5-1': 10.04, 'm6-1': 102.68, 'm7-1': 5.1, 'm8-1': 5.79}",7.6499999999999995,66.91399999999999,72.01399999999998,inf,113.648,113.648
27,T3,BESTEFFORT,COMPLETED,m8-1,3.657,"{'m1-1': 27.18, 'm2-1': 103.1, 'm3-1': 27.39, 'm4-1': 9.58, 'm5-1': 9.79, 'm6-1': 95.67, 'm7-1': 5.69, 'm8-1': 5.25}",7.875,66.31,71.56,inf,113.657,113.657
28,T3,BESTEFFORT,COMPLETED,m8-1,3.751,"{'m1-1': 25.14, 'm2-1': 107.83, 'm3-1': 27.63, 'm4-1': 10.91, 'm5-1': 10.31, 'm6-1': 103.22, 'm7-1': 5.71, 'm8-1': 5.52}",8.28,71.56,77.08,inf,113.751,113.751
29,T6,BESTEFFORT,COMPLETED,m8-1,3.876,"{'m1-1': 23.99, 'm2-1': 103.37, 'm3-1': 24.88, 'm4-1': 9.65, 'm5-1': 10.14, 'm6-1': 115.34, 'm7-1': 5.15, 'm8-1': 5.65}",8.475000000000001,77.08,82.73,inf,113.876,113.876
30,T10,BESTEFFORT,COMPLETED,m8-1,3.956,"{'m1-1': 26.26, 'm2-1': 103.63, 'm3-1': 28.74, 'm4-1': 10.24, 'm5-1': 10.06, 'm6-1': 113.51, 'm7-1': 4.8, 'm8-1': 5.36}",8.040000000000001,82.73,88.09,inf,113.956,113.956
31,T2,BESTEFFORT,COMPLETED,m7-1,3.972,"{'m1-1': 28.21, 'm2-1': 110.71, 'm3-1': 27.56, 'm4-1': 11.06, 'm5-1': 9.99, 'm6-1': 106.46, 'm7-1': 5.21, 'm8-1': 5.43}",7.8149999999999995,72.01399999999998,77.22399999999998,inf,113.972,113.972
32,T6,BESTEFFORT,COMPLETED,m7-1,4.08,"{'m1-1': 23.96, 'm2-1': 110.86, 'm3-1': 26.3, 'm4-1': 9.93, 'm5-1': 9.67, 'm6-1': 97.76, 'm7-1': 5.18, 'm8-1': 5.1}",7.77,77.22399999999998,82.40399999999997,inf,114.08,114.08
33,T3,BESTEFFORT,COMPLETED,m8-1,4.086,"{'m1-1': 26.96, 'm2-1': 94.75, 'm3-1': 28.42, 'm4-1': 10.36, 'm5-1': 9.9, 'm6-1': 98.55, 'm7-1': 5.78, 'm8-1': 5.06}",7.59,88.09,93.15,inf,114.086,114.086
34,T7,BESTEFFORT,COMPLETED,m7-1,4.195,"{'m1-1': 27.81, 'm2-1': 108.05, 'm3-1': 25.24, 'm4-1': 11.29, 'm5-1': 11.0, 'm6-1': 102.09, 'm7-1': 5.08, 'm8-1': 4.95}",7.62,82.40399999999997,87.48399999999997,inf,114.195,114.195
35,T8,BESTEFFORT,COMPLETED,m7-1,4.299,"{'m1-1': 28.86, 'm2-1': 99.22, 'm3-1': 22.97, 'm4-1': 9.78, 'm5-1': 10.35, 'm6-1': 109.96, 'm7-1': 4.61, 'm8-1': 5.46}",6.915000000000001,87.48399999999997,92.09399999999997,inf,114.299,114.299
36,T2,BESTEFFORT,COMPLETED,m7-1,4.376,"{'m1-1': 24.78, 'm2-1': 95.1, 'm3-1': 26.29, 'm4-1': 10.51, 'm5-1': 11.26, 'm6-1': 110.98, 'm7-1': 4.75, 'm8-1': 5.19}",7.125,92.09399999999997,96.84399999999997,inf,114.376,114.376
37,T10,BESTEFFORT,COMPLETED,m8-1,4.378,"{'m1-1': 28.15, 'm2-1': 103.21, 'm3-1': 25.46, 'm4-1': 10.81, 'm5-1': 9.72, 'm6-1': 107.39, 'm7-1': 5.28, 'm8-1': 4.93}",7.395,93.15,98.08000000000001,inf,114.378,114.378
38,T5,BESTEFFORT,COMPLETED,m8-1,4.549,"{'m1-1': 27.1, 'm2-1': 96.8, 'm3-1': 24.57, 'm4-1': 11.08, 'm5-1': 10.11, 'm6-1': 113.86, 'm7-1': 5.76, 'm8-1': 5.32}",7.98,98.08000000000001,103.4,inf,114.549,114.549
39,T1,BESTEFFORT,COMPLETED,m8-1,4.583,"{'m1-1': 27.15, 'm2-1': 110.56, 'm3-1': 25.05, 'm4-1': 11.85, 'm5-1': 10.69, 'm6-1': 103.82, 'm7-1': 5.37, 'm8-1': 5.32}",7.98,103.4,108.72,inf,114.583,114.583
40,T1,BESTEFFORT,COMPLETED,m7-1,4.634,"{'m1-1': 25.38, 'm2-1': 98.13, 'm3-1': 24.12, 'm4-1': 11.85, 'm5-1': 11.1, 'm6-1': 103.59, 'm7-1': 4.99, 'm8-1': 5.0}",7.485,96.84399999999997,101.83399999999996,inf,114.634,114.634
41,T10,BESTEFFORT,COMPLETED,m8-1,4.898,"{'m1-1': 25.18, 'm2-1': 97.72, 'm3-1': 27.19, 'm4-1': 9.33, 'm5-1': 11.12, 'm6-1': 97.97, 'm7-1': 5.48, 'm8-1': 5.03}",7.545,108.72,113.75,inf,114.898,114.898
42,T10,BESTEFFORT,COMPLETED,m7-1,4.9,"{'m1-1': 24.98, 'm2-1': 105.46, 'm3-1': 26.55, 'm4-1': 9.94, 'm5-1': 10.72, 'm6-1': 100.7, 'm7-1': 5.09, 'm8-1': 4.93}",7.635,101.83399999999996,106.92399999999996,inf,114.9,114.9
43,T7,BESTEFFORT,MISSED,m8-1,4.998,"{'m1-1': 27.7, 'm2-1': 108.59, 'm3-1': 27.06, 'm4-1': 10.42, 'm5-1': 9.57, 'm6-1': 96.98, 'm7-1': 5.18, 'm8-1': 5.09}",1.872000000000007,113.75,inf,114.998,114.998,114.998
44,T4,BESTEFFORT,COMPLETED,m7-1,5.124,"{'m1-1': 26.68, 'm2-1': 107.95, 'm3-1': 27.05, 'm4-1': 10.27, 'm5-1': 10.29, 'm6-1': 111.57, 'm7-1': 4.82, 'm8-1': 5.58}",7.23,106.92399999999996,111.74399999999997,inf,115.124,115.124
45,T2,BESTEFFORT,MISSED,m7-1,5.143,"{'m1-1': 24.33, 'm2-1': 108.18, 'm3-1': 27.23, 'm4-1': 10.28, 'm5-1': 9.71, 'm6-1': 112.56, 'm7-1': 5.16, 'm8-1': 5.26}",5.098500000000044,111.74399999999997,inf,115.143,115.143,115.143
46,T5,BESTEFFORT,MISSED,m7-1,5.237,"{'m1-1': 26.78, 'm2-1': 104.7, 'm3-1': 24.86, 'm4-1': 10.09, 'm5-1': 10.68, 'm6-1': 110.09, 'm7-1': 4.93, 'm8-1': 4.82}",0.14099999999999113,115.143,inf,115.237,115.237,115.237
47,T1,BESTEFFORT,MISSED,m7-1,5.349,"{'m1-1': 26.41, 'm2-1': 101.41, 'm3-1': 25.61, 'm4-1': 10.89, 'm5-1': 10.97, 'm6-1': 107.02, 'm7-1': 4.91, 'm8-1': 5.31}",0.16800000000001347,115.237,inf,115.349,115.349,115.349
48,T3,BESTEFFORT,MISSED,m8-1,5.65,"{'m1-1': 24.25, 'm2-1': 109.59, 'm3-1': 26.56, 'm4-1': 10.7, 'm5-1': 10.84, 'm6-1': 111.4, 'm7-1': 4.96, 'm8-1': 4.76}",0.9780000000000015,114.998,inf,115.65,115.65,115.65
49,T3,BESTEFFORT,MISSED,m8-1,5.751,"{'m1-1': 23.2, 'm2-1': 97.52, 'm3-1': 24.36, 'm4-1': 9.74, 'm5-1': 10.67, 'm6-1': 99.28, 'm7-1': 5.08, 'm8-1': 5.04}",0.15149999999999864,115.65,inf,115.751,115.751,115.751
50,T10,BESTEFFORT,MISSED,m8-1,5.845,"{'m1-1': 24.81, 'm2-1': 97.41, 'm3-1': 26.86, 'm4-1': 10.53, 'm5-1': 10.07, 'm6-1': 113.88, 'm7-1': 5.58, 'm8-1': 5.64}",0.14099999999999113,115.751,inf,115.845,115.845,115.845
51,T4,BESTEFFORT,MISSED,m7-1,6.116,"{'m1-1': 27.16, 'm2-1': 103.13, 'm3-1': 25.57, 'm4-1': 10.62, 'm5-1': 11.09, 'm6-1': 104.96, 'm7-1': 5.41, 'm8-1': 5.06}",1.1504999999999939,115.349,inf,116.116,116.116,116.116
52,T5,BESTEFFORT,MISSED,m8-1,6.139,"{'m1-1': 25.24, 'm2-1': 101.1, 'm3-1': 24.21, 'm4-1': 9.74, 'm5-1': 11.18, 'm6-1': 106.32, 'm7-1': 5.05, 'm8-1': 4.9}",0.4409999999999954,115.845,inf,116.139,116.139,116.139
53,T9,BESTEFFORT,MISSED,m7-1,6.172,"{'m1-1': 26.62, 'm2-1': 99.35, 'm3-1': 27.52, 'm4-1': 9.96, 'm5-1': 10.66, 'm6-1': 98.64, 'm7-1': 5.31, 'm8-1': 4.88}",0.08399999999999608,116.116,inf,116.172,116.172,116.172
54,T7,BESTEFFORT,MISSED,m7-1,6.258,"{'m1-1': 27.88, 'm2-1': 104.98, 'm3-1': 25.31, 'm4-1': 10.59, 'm5-1': 10.74, 'm6-1': 99.96, 'm7-1': 5.17, 'm8-1': 4.95}",0.12899999999999778,116.172,inf,116.258,116.258,116.258
55,T3,BESTEFFORT,MISSED,m8-1,6.258,"{'m1-1': 23.55, 'm2-1': 108.96, 'm3-1': 25.9, 'm4-1': 10.65, 'm5-1': 10.48, 'm6-1': 112.88, 'm7-1': 5.34, 'm8-1': 5.03}",0.17849999999999966,116.139,inf,116.258,116.258,116.258
56,T1,BESTEFFORT,MISSED,m8-1,6.302,"{'m1-1': 26.76, 'm2-1': 110.51, 'm3-1': 24.99, 'm4-1': 10.82, 'm5-1': 11.06, 'm6-1': 111.4, 'm7-1': 5.14, 'm8-1': 5.26}",0.0659999999999954,116.258,inf,116.30199999999999,116.30199999999999,116.30199999999999
57,T8,BESTEFFORT,MISSED,m7-1,6.391,"{'m1-1': 25.55, 'm2-1': 98.95, 'm3-1': 25.5, 'm4-1': 9.75, 'm5-1': 11.76, 'm6-1': 99.86, 'm7-1': 5.2, 'm8-1': 5.09}",0.19950000000001467,116.258,inf,116.391,116.391,116.391
58,T9,BESTEFFORT,MISSED,m8-1,6.493,"{'m1-1': 26.0, 'm2-1': 106.32, 'm3-1': 27.68, 'm4-1': 9.62, 'm5-1': 10.02, 'm6-1': 99.68, 'm7-1': 4.98, 'm8-1': 4.69}",0.28650000000000375,116.30199999999999,inf,116.493,116.493,116.493
59,T6,BESTEFFORT,MISSED,m8-1,6.631,"{'m1-1': 25.68, 'm2-1': 113.29, 'm3-1': 27.82, 'm4-1': 9.63, 'm5-1': 9.85, 'm6-1': 99.7, 'm7-1': 5.31, 'm8-1': 5.69}",0.20700000000000784,116.493,inf,116.631,116.631,116.631
60,T10,BESTEFFORT,MISSED,m8-1,6.695,"{'m1-1': 26.29, 'm2-1': 99.85, 'm3-1': 28.15, 'm4-1': 9.69, 'm5-1': 10.83, 'm6-1': 109.93, 'm7-1': 5.57, 'm8-1': 4.79}",0.09599999999998943,116.631,inf,116.695,116.695,116.695
61,T1,BESTEFFORT,MISSED,m7-1,6.744,"{'m1-1': 25.36, 'm2-1': 110.26, 'm3-1': 25.69, 'm4-1': 10.28, 'm5-1': 10.23, 'm6-1': 99.84, 'm7-1': 5.45, 'm8-1': 5.07}",0.5294999999999916,116.391,inf,116.744,116.744,116.744
62,T1,BESTEFFORT,MISSED,m7-1,6.766,"{'m1-1': 25.64, 'm2-1': 111.02, 'm3-1': 26.58, 'm4-1': 11.42, 'm5-1': 10.65, 'm6-1': 101.52, 'm7-1': 5.07, 'm8-1': 4.96}",0.033000000000008356,116.744,inf,116.766,116.766,116.766
63,T1,BESTEFFORT,MISSED,m7-1,6.868,"{'m1-1': 28.31, 'm2-1': 109.77, 'm3-1': 28.26, 'm4-1': 10.35, 'm5-1': 10.37, 'm6-1': 113.86, 'm7-1': 4.86, 'm8-1': 5.22}",0.15299999999998448,116.766,inf,116.868,116.868,116.868
64,T10,BESTEFFORT,MISSED,m8-1,6.954,"{'m1-1': 24.61, 'm2-1': 97.45, 'm3-1': 28.76, 'm4-1': 10.39, 'm5-1': 9.9, 'm6-1': 104.98, 'm7-1': 5.1, 'm8-1': 4.82}",0.3885000000000005,116.695,inf,116.954,116.954,116.954
65,T4,BESTEFFORT,MISSED,m8-1,7.023,"{'m1-1': 28.4, 'm2-1': 105.1, 'm3-1': 24.31, 'm4-1': 9.79, 'm5-1': 11.05, 'm6-1': 101.29, 'm7-1': 5.5, 'm8-1': 5.57}",0.10350000000000392,116.954,inf,117.023,117.023,117.023
66,T7,BESTEFFORT,MISSED,m7-1,7.148,"{'m1-1': 26.79, 'm2-1': 97.23, 'm3-1': 24.12, 'm4-1': 11.4, 'm5-1': 10.12, 'm6-1': 102.19, 'm7-1': 5.39, 'm8-1': 5.72}",0.4200000000000017,116.868,inf,117.148,117.148,117.148
67,T5,BESTEFFORT,MISSED,m8-1,7.15,"{'m1-1': 28.41, 'm2-1': 103.22, 'm3-1': 27.78, 'm4-1': 10.1, 'm5-1': 10.74, 'm6-1': 111.46, 'm7-1': 5.23, 'm8-1': 5.61}",0.19050000000001432,117.023,inf,117.15,117.15,117.15
68,T1,BESTEFFORT,MISSED,m8-1,7.259,"{'m1-1': 25.83, 'm2-1': 107.07, 'm3-1': 27.77, 'm4-1': 11.43, 'm5-1': 9.56, 'm6-1': 98.73, 'm7-1': 5.34, 'm8-1': 4.86}",0.16349999999999199,117.15,inf,117.259,117.259,117.259
69,T5,BESTEFFORT,MISSED,m8-1,7.339,"{'m1-1': 26.62, 'm2-1': 93.52, 'm3-1': 27.21, 'm4-1': 10.88, 'm5-1': 9.79, 'm6-1': 115.76, 'm7-1': 5.32, 'm8-1': 5.44}",0.11999999999999744,117.259,inf,117.339,117.339,117.339
70,T4,BESTEFFORT,MISSED,m7-1,7.341,"{'m1-1': 25.28, 'm2-1': 102.22, 'm3-1': 24.83, 'm4-1': 9.86, 'm5-1': 10.49, 'm6-1': 106.79, 'm7-1': 5.2, 'm8-1': 5.27}",0.28949999999999676,117.148,inf,117.341,117.341,117.341
71,T3,BESTEFFORT,MISSED,m8-1,7.376,"{'m1-1': 26.79, 'm2-1': 108.77, 'm3-1': 26.26, 'm4-1': 10.11, 'm5-1': 10.21, 'm6-1': 108.23, 'm7-1': 5.18, 'm8-1': 5.26}",0.05550000000000921,117.339,inf,117.376,117.376,117.376
72,T4,BESTEFFORT,MISSED,m7-1,7.386,"{'m1-1': 26.17, 'm2-1': 111.8, 'm3-1': 26.28, 'm4-1': 10.92, 'm5-1': 11.26, 'm6-1': 102.77, 'm7-1': 4.89, 'm8-1': 5.79}",0.06750000000000256,117.341,inf,117.386,117.386,117.386
73,T7,BESTEFFORT,MISSED,m7-1,7.588,"{'m1-1': 27.51, 'm2-1': 107.59, 'm3-1': 26.74, 'm4-1': 10.56, 'm5-1': 10.05, 'm6-1': 98.22, 'm7-1': 5.4, 'm8-1': 5.14}",0.30299999999999727,117.386,inf,117.588,117.588,117.588
74,T2,BESTEFFORT,MISSED,m7-1,7.687,"{'m1-1': 24.34, 'm2-1': 112.66, 'm3-1': 27.54, 'm4-1': 9.94, 'm5-1': 10.52, 'm6-1': 97.35, 'm7-1': 5.34, 'm8-1': 5.64}",0.14850000000000563,117.588,inf,117.687,117.687,117.687
75,T1,BESTEFFORT,MISSED,m8-1,7.717,"{'m1-1': 27.68, 'm2-1': 110.29, 'm3-1': 26.53, 'm4-1': 10.89, 'm5-1': 11.04, 'm6-1': 100.51, 'm7-1': 4.99, 'm8-1': 4.86}",0.511499999999991,117.376,inf,117.717,117.717,117.717
76,T10,BESTEFFORT,MISSED,m7-1,7.806,"{'m1-1': 26.42, 'm2-1': 109.34, 'm3-1': 24.98, 'm4-1': 9.73, 'm5-1': 11.14, 'm6-1': 107.18, 'm7-1': 5.37, 'm8-1': 5.09}",0.17849999999999966,117.687,inf,117.806,117.806,117.806
77,T5,BESTEFFORT,MISSED,m8-1,7.943,"{'m1-1': 27.9, 'm2-1': 103.83, 'm3-1': 26.5, 'm4-1': 10.17, 'm5-1': 11.08, 'm6-1': 115.96, 'm7-1': 5.58, 'm8-1': 4.95}",0.33899999999999864,117.717,inf,117.943,117.943,117.943
78,T8,BESTEFFORT,MISSED,m7-1,8.033,"{'m1-1': 25.23, 'm2-1': 105.36, 'm3-1': 25.27, 'm4-1': 10.28, 'm5-1': 11.9, 'm6-1': 103.93, 'm7-1': 5.46, 'm8-1': 5.41}",0.3405000000000058,117.806,inf,118.033,118.033,118.033
79,T10,BESTEFFORT,MISSED,m8-1,8.045,"{'m1-1': 24.41, 'm2-1': 105.43, 'm3-1': 25.92, 'm4-1': 10.29, 'm5-1': 9.98, 'm6-1': 108.06, 'm7-1': 5.36, 'm8-1': 5.35}",0.1530000000000058,117.943,inf,118.045,118.045,118.045
80,T9,BESTEFFORT,MISSED,m8-1,8.132,"{'m1-1': 28.93, 'm2-1': 102.3, 'm3-1': 25.81, 'm4-1': 10.39, 'm5-1': 10.2, 'm6-1': 97.69, 'm7-1': 4.88, 'm8-1': 5.18}",0.13050000000000495,118.045,inf,118.132,118.132,118.132
81,T4,BESTEFFORT,MISSED,m7-1,8.136,"{'m1-1': 28.64, 'm2-1': 103.02, 'm3-1': 25.72, 'm4-1': 10.2, 'm5-1': 10.16, 'm6-1': 97.32, 'm7-1': 4.76, 'm8-1': 5.19}",0.15449999999999164,118.033,inf,118.136,118.136,118.136
82,T1,BESTEFFORT,MISSED,m7-1,8.195,"{'m1-1': 28.79, 'm2-1': 108.23, 'm3-1': 27.6, 'm4-1': 10.89, 'm5-1': 10.2, 'm6-1': 104.09, 'm7-1': 4.73, 'm8-1': 5.46}",0.08849999999999625,118.136,inf,118.195,118.195,118.195
83,T3,BESTEFFORT,MISSED,m8-1,8.29,"{'m1-1': 26.84, 'm2-1': 105.4, 'm3-1': 27.19, 'm4-1': 9.63, 'm5-1': 10.82, 'm6-1': 111.97, 'm7-1': 5.15, 'm8-1': 5.08}",0.23699999999998056,118.132,inf,118.28999999999999,118.28999999999999,118.28999999999999
84,T7,BESTEFFORT,MISSED,m8-1,8.566,"{'m1-1': 27.71, 'm2-1': 95.83, 'm3-1': 24.5, 'm4-1': 10.06, 'm5-1': 10.44, 'm6-1': 113.18, 'm7-1': 5.15, 'm8-1': 4.96}",0.4140000000000157,118.28999999999999,inf,118.566,118.566,118.566
85,T7,BESTEFFORT,MISSED,m7-1,8.634,"{'m1-1': 25.62, 'm2-1': 106.29, 'm3-1': 25.51, 'm4-1': 11.09, 'm5-1': 10.15, 'm6-1': 112.68, 'm7-1': 5.3, 'm8-1': 5.12}",0.6585000000000107,118.195,inf,118.634,118.634,118.634
86,T5,BESTEFFORT,MISSED,m8-1,8.828,"{'m1-1': 25.72, 'm2-1': 96.6, 'm3-1': 23.83, 'm4-1': 10.38, 'm5-1': 10.55, 'm6-1': 113.5, 'm7-1': 4.98, 'm8-1': 5.48}",0.3930000000000007,118.566,inf,118.828,118.828,118.828
87,T3,BESTEFFORT,MISSED,m8-1,8.874,"{'m1-1': 24.61, 'm2-1': 105.94, 'm3-1': 24.77, 'm4-1': 10.48, 'm5-1': 10.54, 'm6-1': 106.28, 'm7-1': 5.71, 'm8-1': 5.39}",0.0689999999999884,118.828,inf,118.874,118.874,118.874
88,T5,BESTEFFORT,MISSED,m7-1,8.958,"{'m1-1': 25.4, 'm2-1': 94.32, 'm3-1': 27.76, 'm4-1': 10.6, 'm5-1': 11.22, 'm6-1': 114.76, 'm7-1': 4.96, 'm8-1': 5.55}",0.4859999999999971,118.634,inf,118.958,118.958,118.958
89,T10,BESTEFFORT,MISSED,m7-1,8.975,"{'m1-1': 24.58, 'm2-1': 97.0, 'm3-1': 26.94, 'm4-1': 10.81, 'm5-1': 11.17, 'm6-1': 107.25, 'm7-1': 4.87, 'm8-1': 5.0}",0.02549999999999386,118.958,inf,118.975,118.975,118.975
90,T7,BESTEFFORT,MISSED,m7-1,9.01,"{'m1-1': 24.49, 'm2-1': 92.69, 'm3-1': 27.15, 'm4-1': 10.23, 'm5-1': 10.31, 'm6-1': 98.1, 'm7-1': 5.22, 'm8-1': 5.03}",0.0525000000000162,118.975,inf,119.01,119.01,119.01
91,T8,BESTEFFORT,MISSED,m8-1,9.028,"{'m1-1': 27.45, 'm2-1': 107.82, 'm3-1': 24.08, 'm4-1': 11.18, 'm5-1': 11.13, 'm6-1': 107.8, 'm7-1': 4.93, 'm8-1': 5.28}",0.23100000000001586,118.874,inf,119.028,119.028,119.028
92,T3,BESTEFFORT,MISSED,m7-1,9.169,"{'m1-1': 23.22, 'm2-1': 108.64, 'm3-1': 25.33, 'm4-1': 10.25, 'm5-1': 9.76, 'm6-1': 100.29, 'm7-1': 5.34, 'm8-1': 4.87}",0.23849999999998772,119.01,inf,119.169,119.169,119.169
93,T6,BESTEFFORT,MISSED,m8-1,9.203,"{'m1-1': 23.33, 'm2-1': 99.85, 'm3-1': 27.7, 'm4-1': 10.36, 'm5-1': 9.47, 'm6-1': 108.66, 'm7-1': 4.99, 'm8-1': 5.48}",0.26249999999999574,119.028,inf,119.203,119.203,119.203
94,T7,BESTEFFORT,MISSED,m7-1,9.218,"{'m1-1': 26.36, 'm2-1': 105.35, 'm3-1': 24.59, 'm4-1': 10.76, 'm5-1': 9.9, 'm6-1': 105.9, 'm7-1': 5.24, 'm8-1': 5.57}",0.07350000000000989,119.169,inf,119.218,119.218,119.218
95,T5,BESTEFFORT,MISSED,m8-1,9.243,"{'m1-1': 29.34, 'm2-1': 104.1, 'm3-1': 25.95, 'm4-1': 9.8, 'm5-1': 9.52, 'm6-1': 115.02, 'm7-1': 5.3, 'm8-1': 5.44}",0.05999999999998806,119.203,inf,119.243,119.243,119.243
96,T2,BESTEFFORT,MISSED,m7-1,9.316,"{'m1-1': 26.22, 'm2-1': 98.91, 'm3-1': 26.76, 'm4-1': 10.31, 'm5-1': 11.13, 'm6-1': 107.29, 'm7-1': 5.5, 'm8-1': 5.26}",0.14699999999999847,119.218,inf,119.316,119.316,119.316
97,T9,BESTEFFORT,MISSED,m8-1,9.397,"{'m1-1': 25.1, 'm2-1': 101.39, 'm3-1': 24.74, 'm4-1': 10.48, 'm5-1': 9.58, 'm6-1': 98.05, 'm7-1': 5.6, 'm8-1': 4.81}",0.23100000000001586,119.243,inf,119.397,119.397,119.397
98,T10,BESTEFFORT,MISSED,m8-1,9.406,"{'m1-1': 26.34, 'm2-1': 105.87, 'm3-1': 29.15, 'm4-1': 10.08, 'm5-1': 11.05, 'm6-1': 105.72, 'm7-1': 5.28, 'm8-1': 4.9}",0.013500000000000512,119.397,inf,119.406,119.406,119.406
99,T6,BESTEFFORT,MISSED,m8-1,9.666,"{'m1-1': 24.02, 'm2-1': 114.94, 'm3-1': 24.64, 'm4-1': 11.08, 'm5-1': 10.2, 'm6-1': 105.61, 'm7-1': 5.77, 'm8-1': 5.44}",0.38999999999998636,119.406,inf,119.666,119.666,119.666
100,T10,BESTEFFORT,MISSED,m8-1,9.8,"{'m1-1': 25.49, 'm2-1': 104.85, 'm3-1': 25.38, 'm4-1': 9.37, 'm5-1': 10.82, 'm6-1': 102.23, 'm7-1': 5.57, 'm8-1': 4.83}",0.2010000000000005,119.666,inf,119.8,119.8,119.8
101,T10,BESTEFFORT,MISSED,m8-1,9.838,"{'m1-1': 28.33, 'm2-1': 106.5, 'm3-1': 26.27, 'm4-1': 9.87, 'm5-1': 10.44, 'm6-1': 108.76, 'm7-1': 5.54, 'm8-1': 4.98}",0.056999999999995055,119.8,inf,119.838,119.838,119.838
102,T9,BESTEFFORT,MISSED,m8-1,10.008,"{'m1-1': 27.02, 'm2-1': 96.61, 'm3-1': 29.17, 'm4-1': 10.71, 'm5-1': 10.87, 'm6-1': 110.94, 'm7-1': 5.23, 'm8-1': 4.84}",0.25500000000000256,119.838,inf,120.008,120.008,120.008
103,T4,BESTEFFORT,MISSED,m7-1,10.118,"{'m1-1': 27.23, 'm2-1': 110.54, 'm3-1': 23.8, 'm4-1': 9.54, 'm5-1': 9.89, 'm6-1': 98.39, 'm7-1': 5.31, 'm8-1': 5.64}",1.2029999999999887,119.316,inf,120.118,120.118,120.118
104,T10,BESTEFFORT,MISSED,m7-1,10.166,"{'m1-1': 24.39, 'm2-1': 106.15, 'm3-1': 25.85, 'm4-1': 10.69, 'm5-1': 10.13, 'm6-1': 99.05, 'm7-1': 5.47, 'm8-1': 4.85}",0.07200000000000273,120.118,inf,120.166,120.166,120.166
105,T6,BESTEFFORT,MISSED,m8-1,10.588,"{'m1-1': 23.86, 'm2-1': 112.52, 'm3-1': 24.88, 'm4-1': 9.57, 'm5-1': 9.29, 'm6-1': 98.35, 'm7-1': 5.23, 'm8-1': 5.64}",0.8699999999999974,120.008,inf,120.588,120.588,120.588
106,T5,BESTEFFORT,MISSED,m8-1,10.627,"{'m1-1': 29.43, 'm2-1': 104.56, 'm3-1': 24.07, 'm4-1': 11.0, 'm5-1': 10.9, 'm6-1': 109.37, 'm7-1': 5.81, 'm8-1': 4.96}",0.05850000000000222,120.588,inf,120.627,120.627,120.627
107,T7,BESTEFFORT,MISSED,m7-1,10.665,"{'m1-1': 24.05, 'm2-1': 108.05, 'm3-1': 23.45, 'm4-1': 10.35, 'm5-1': 10.98, 'm6-1': 100.6, 'm7-1': 4.91, 'm8-1': 5.57}",0.7484999999999928,120.166,inf,120.66499999999999,120.66499999999999,120.66499999999999
108,T1,BESTEFFORT,MISSED,m7-1,11.109,"{'m1-1': 27.84, 'm2-1': 96.58, 'm3-1': 26.46, 'm4-1': 11.06, 'm5-1': 10.27, 'm6-1': 107.12, 'm7-1': 5.19, 'm8-1': 5.38}",0.6660000000000039,120.66499999999999,inf,121.109,121.109,121.109
109,T5,BESTEFFORT,MISSED,m8-1,11.144,"{'m1-1': 29.48, 'm2-1': 99.54, 'm3-1': 23.66, 'm4-1': 10.89, 'm5-1': 9.56, 'm6-1': 102.2, 'm7-1': 5.14, 'm8-1': 5.14}",0.7755000000000152,120.627,inf,121.144,121.144,121.144
110,T3,BESTEFFORT,MISSED,m8-1,11.239,"{'m1-1': 24.74, 'm2-1': 102.45, 'm3-1': 27.92, 'm4-1': 10.42, 'm5-1': 9.97, 'm6-1': 98.57, 'm7-1': 5.39, 'm8-1': 5.56}",0.1424999999999983,121.144,inf,121.239,121.239,121.239
111,T6,BESTEFFORT,MISSED,m8-1,11.324,"{'m1-1': 25.74, 'm2-1': 106.6, 'm3-1': 28.22, 'm4-1': 10.6, 'm5-1': 9.49, 'm6-1': 112.75, 'm7-1': 5.19, 'm8-1': 4.91}",0.12749999999999062,121.239,inf,121.324,121.324,121.324
112,T7,BESTEFFORT,MISSED,m7-1,11.327,"{'m1-1': 26.1, 'm2-1': 100.11, 'm3-1': 26.44, 'm4-1': 11.32, 'm5-1': 10.38, 'm6-1': 106.99, 'm7-1': 4.88, 'm8-1': 5.07}",0.3270000000000053,121.109,inf,121.327,121.327,121.327
113,T8,BESTEFFORT,MISSED,m8-1,11.447,"{'m1-1': 28.0, 'm2-1': 99.22, 'm3-1': 26.52, 'm4-1': 9.77, 'm5-1': 10.4, 'm6-1': 110.21, 'm7-1': 5.2, 'm8-1': 5.54}",0.184500000000007,121.324,inf,121.447,121.447,121.447
114,T6,BESTEFFORT,MISSED,m8-1,11.454,"{'m1-1': 26.49, 'm2-1': 98.2, 'm3-1': 27.22, 'm4-1': 10.59, 'm5-1': 9.76, 'm6-1': 109.26, 'm7-1': 5.53, 'm8-1': 5.76}",0.010500000000007503,121.447,inf,121.45400000000001,121.45400000000001,121.45400000000001
115,T6,BESTEFFORT,MISSED,m8-1,11.5,"{'m1-1': 23.56, 'm2-1': 104.6, 'm3-1': 24.43, 'm4-1': 9.97, 'm5-1': 10.4, 'm6-1': 98.8, 'm7-1': 5.34, 'm8-1': 5.13}",0.0689999999999884,121.45400000000001,inf,121.5,121.5,121.5
116,T5,BESTEFFORT,MISSED,m8-1,11.529,"{'m1-1': 28.81, 'm2-1': 110.13, 'm3-1': 26.99, 'm4-1': 11.09, 'm5-1': 10.88, 'm6-1': 105.97, 'm7-1': 5.03, 'm8-1': 4.87}",0.04349999999999454,121.5,inf,121.529,121.529,121.529
117,T9,BESTEFFORT,MISSED,m7-1,11.541,"{'m1-1': 26.2, 'm2-1': 99.12, 'm3-1': 26.42, 'm4-1': 10.67, 'm5-1': 10.19, 'm6-1': 101.44, 'm7-1': 4.85, 'm8-1': 4.62}",0.32099999999999795,121.327,inf,121.541,121.541,121.541
118,T7,BESTEFFORT,MISSED,m8-1,11.701,"{'m1-1': 24.65, 'm2-1': 92.37, 'm3-1': 26.93, 'm4-1': 10.3, 'm5-1': 9.39, 'm6-1': 101.93, 'm7-1': 5.35, 'm8-1': 5.31}",0.25799999999999557,121.529,inf,121.701,121.701,121.701
119,T8,BESTEFFORT,MISSED,m7-1,11.831,"{'m1-1': 27.43, 'm2-1': 100.66, 'm3-1': 23.86, 'm4-1': 11.22, 'm5-1': 11.75, 'm6-1': 117.78, 'm7-1': 5.14, 'm8-1': 5.74}",0.4350000000000094,121.541,inf,121.831,121.831,121.831
120,T7,BESTEFFORT,MISSED,m7-1,11.959,"{'m1-1': 27.62, 'm2-1': 108.59, 'm3-1': 24.71, 'm4-1': 11.08, 'm5-1': 9.95, 'm6-1': 101.81, 'm7-1': 4.95, 'm8-1': 5.68}",0.19200000000000017,121.831,inf,121.959,121.959,121.959
121,T6,BESTEFFORT,MISSED,m8-1,11.966,"{'m1-1': 23.86, 'm2-1': 103.85, 'm3-1': 24.98, 'm4-1': 9.78, 'm5-1': 9.28, 'm6-1': 104.04, 'm7-1': 5.62, 'm8-1': 5.01}",0.39750000000000085,121.701,inf,121.966,121.966,121.966
122,T4,BESTEFFORT,MISSED,m7-1,12.087,"{'m1-1': 29.04, 'm2-1': 106.96, 'm3-1': 23.89, 'm4-1': 9.8, 'm5-1': 11.07, 'm6-1': 107.19, 'm7-1': 4.99, 'm8-1': 5.12}",0.19200000000000017,121.959,inf,122.087,122.087,122.087
123,T4,BESTEFFORT,MISSED,m8-1,12.134,"{'m1-1': 27.56, 'm2-1': 98.68, 'm3-1': 26.65, 'm4-1': 10.16, 'm5-1': 11.23, 'm6-1': 111.33, 'm7-1': 5.19, 'm8-1': 5.15}",0.25200000000000955,121.966,inf,122.134,122.134,122.134
124,T3,BESTEFFORT,MISSED,m7-1,12.197,"{'m1-1': 23.71, 'm2-1': 108.96, 'm3-1': 24.28, 'm4-1': 10.45, 'm5-1': 11.04, 'm6-1': 96.34, 'm7-1': 5.06, 'm8-1': 5.11}",0.16499999999999915,122.087,inf,122.197,122.197,122.197
125,T5,BESTEFFORT,MISSED,m8-1,12.208,"{'m1-1': 25.02, 'm2-1': 100.53, 'm3-1': 25.38, 'm4-1': 10.53, 'm5-1': 10.58, 'm6-1': 109.7, 'm7-1': 5.0, 'm8-1': 5.32}",0.1109999999999971,122.134,inf,122.208,122.208,122.208
126,T6,BESTEFFORT,MISSED,m8-1,12.253,"{'m1-1': 24.89, 'm2-1': 103.39, 'm3-1': 25.57, 'm4-1': 9.82, 'm5-1': 9.66, 'm6-1': 99.1, 'm7-1': 5.48, 'm8-1': 4.97}",0.06750000000000256,122.208,inf,122.253,122.253,122.253
127,T4,BESTEFFORT,MISSED,m7-1,12.33,"{'m1-1': 27.26, 'm2-1': 110.36, 'm3-1': 24.18, 'm4-1': 10.43, 'm5-1': 10.03, 'm6-1': 113.82, 'm7-1': 5.23, 'm8-1': 5.29}",0.19949999999999335,122.197,inf,122.33,122.33,122.33
128,T5,BESTEFFORT,MISSED,m7-1,12.355,"{'m1-1': 27.48, 'm2-1': 103.3, 'm3-1': 27.52, 'm4-1': 10.42, 'm5-1': 10.02, 'm6-1': 111.8, 'm7-1': 5.64, 'm8-1': 5.17}",0.037500000000008527,122.33,inf,122.355,122.355,122.355
129,T4,BESTEFFORT,MISSED,m7-1,12.37,"{'m1-1': 26.62, 'm2-1': 102.22, 'm3-1': 24.95, 'm4-1': 10.91, 'm5-1': 11.25, 'm6-1': 103.22, 'm7-1': 4.9, 'm8-1': 4.94}",0.022500000000000853,122.355,inf,122.37,122.37,122.37
130,T8,BESTEFFORT,MISSED,m7-1,12.523,"{'m1-1': 28.08, 'm2-1': 112.78, 'm3-1': 25.92, 'm4-1': 11.12, 'm5-1': 11.26, 'm6-1': 106.67, 'm7-1': 4.92, 'm8-1': 5.2}",0.22949999999998738,122.37,inf,122.523,122.523,122.523
131,T6,BESTEFFORT,MISSED,m8-1,12.58,"{'m1-1': 23.93, 'm2-1': 98.13, 'm3-1': 25.51, 'm4-1': 9.93, 'm5-1': 10.54, 'm6-1': 111.55, 'm7-1': 5.4, 'm8-1': 4.88}",0.49049999999999727,122.253,inf,122.58,122.58,122.58
132,T2,BESTEFFORT,MISSED,m7-1,13.027,"{'m1-1': 26.52, 'm2-1': 107.28, 'm3-1': 26.43, 'm4-1': 10.08, 'm5-1': 10.68, 'm6-1': 100.5, 'm7-1': 4.92, 'm8-1': 5.12}",0.7560000000000073,122.523,inf,123.027,123.027,123.027
133,T4,BESTEFFORT,MISSED,m7-1,13.083,"{'m1-1': 27.15, 'm2-1': 115.42, 'm3-1': 23.42, 'm4-1': 9.68, 'm5-1': 11.24, 'm6-1': 101.43, 'm7-1': 5.29, 'm8-1': 5.67}",0.08399999999999608,123.027,inf,123.083,123.083,123.083
134,T2,BESTEFFORT,MISSED,m8-1,13.153,"{'m1-1': 24.75, 'm2-1': 104.53, 'm3-1': 26.77, 'm4-1': 11.46, 'm5-1': 10.31, 'm6-1': 98.9, 'm7-1': 5.23, 'm8-1': 5.51}",0.8595000000000113,122.58,inf,123.153,123.153,123.153
135,T4,BESTEFFORT,MISSED,m7-1,13.208,"{'m1-1': 27.73, 'm2-1': 104.85, 'm3-1': 24.97, 'm4-1': 10.23, 'm5-1': 10.93, 'm6-1': 102.5, 'm7-1': 4.83, 'm8-1': 5.12}",0.1875,123.083,inf,123.208,123.208,123.208
136,T5,BESTEFFORT,MISSED,m8-1,13.339,"{'m1-1': 29.1, 'm2-1': 103.62, 'm3-1': 27.01, 'm4-1': 10.78, 'm5-1': 10.64, 'm6-1': 112.58, 'm7-1': 5.37, 'm8-1': 5.05}",0.27899999999998926,123.153,inf,123.339,123.339,123.339
137,T4,BESTEFFORT,MISSED,m7-1,13.386,"{'m1-1': 26.62, 'm2-1': 98.97, 'm3-1': 25.63, 'm4-1': 9.75, 'm5-1': 10.48, 'm6-1': 102.23, 'm7-1': 4.98, 'm8-1': 5.06}",0.2669999999999959,123.208,inf,123.386,123.386,123.386
138,T1,BESTEFFORT,MISSED,m7-1,13.492,"{'m1-1': 28.3, 'm2-1': 103.81, 'm3-1': 28.21, 'm4-1': 10.31, 'm5-1': 10.06, 'm6-1': 101.94, 'm7-1': 5.09, 'm8-1': 4.82}",0.15900000000001313,123.386,inf,123.492,123.492,123.492
139,T2,BESTEFFORT,MISSED,m7-1,13.607,"{'m1-1': 26.62, 'm2-1': 112.42, 'm3-1': 25.14, 'm4-1': 10.47, 'm5-1': 10.87, 'm6-1': 107.24, 'm7-1': 5.01, 'm8-1': 5.08}",0.17249999999999233,123.492,inf,123.607,123.607,123.607
140,T1,BESTEFFORT,MISSED,m7-1,13.608,"{'m1-1': 28.65, 'm2-1': 108.29, 'm3-1': 26.54, 'm4-1': 10.92, 'm5-1': 10.54, 'm6-1': 103.35, 'm7-1': 4.87, 'm8-1': 4.83}",0.0015000000000071623,123.607,inf,123.608,123.608,123.608
141,T2,BESTEFFORT,MISSED,m8-1,13.814,"{'m1-1': 25.01, 'm2-1': 98.7, 'm3-1': 25.19, 'm4-1': 11.41, 'm5-1': 10.12, 'm6-1': 98.64, 'm7-1': 4.86, 'm8-1': 5.64}",0.7124999999999915,123.339,inf,123.814,123.814,123.814
142,T2,BESTEFFORT,MISSED,m7-1,13.877,"{'m1-1': 27.39, 'm2-1': 99.63, 'm3-1': 25.21, 'm4-1': 11.33, 'm5-1': 10.76, 'm6-1': 101.7, 'm7-1': 5.55, 'm8-1': 4.88}",0.40349999999998687,123.608,inf,123.877,123.877,123.877
143,T6,BESTEFFORT,MISSED,m7-1,14.147,"{'m1-1': 26.8, 'm2-1': 113.08, 'm3-1': 24.61, 'm4-1': 10.5, 'm5-1': 9.23, 'm6-1': 113.27, 'm7-1': 5.6, 'm8-1': 5.12}",0.40500000000001535,123.877,inf,124.147,124.147,124.147
144,T2,BESTEFFORT,MISSED,m7-1,14.216,"{'m1-1': 24.88, 'm2-1': 110.48, 'm3-1': 28.54, 'm4-1': 11.02, 'm5-1': 10.47, 'm6-1': 113.98, 'm7-1': 5.15, 'm8-1': 4.85}",0.1034999999999826,124.147,inf,124.216,124.216,124.216
145,T3,BESTEFFORT,MISSED,m8-1,14.371,"{'m1-1': 25.04, 'm2-1': 95.69, 'm3-1': 26.02, 'm4-1': 10.86, 'm5-1': 11.03, 'm6-1': 106.97, 'm7-1': 5.64, 'm8-1': 5.23}",0.8355000000000032,123.814,inf,124.371,124.371,124.371
146,T5,BESTEFFORT,MISSED,m7-1,14.466,"{'m1-1': 25.46, 'm2-1': 104.82, 'm3-1': 26.92, 'm4-1': 10.98, 'm5-1': 9.77, 'm6-1': 115.28, 'm7-1': 5.3, 'm8-1': 5.42}",0.375,124.216,inf,124.466,124.466,124.466
147,T4,BESTEFFORT,MISSED,m7-1,14.467,"{'m1-1': 28.8, 'm2-1': 117.08, 'm3-1': 24.78, 'm4-1': 10.28, 'm5-1': 11.32, 'm6-1': 106.52, 'm7-1': 5.43, 'm8-1': 5.34}",0.0015000000000071623,124.466,inf,124.467,124.467,124.467
148,T3,BESTEFFORT,MISSED,m7-1,14.473,"{'m1-1': 23.84, 'm2-1': 94.64, 'm3-1': 28.23, 'm4-1': 10.83, 'm5-1': 9.72, 'm6-1': 102.55, 'm7-1': 5.46, 'm8-1': 5.14}",0.009000000000000341,124.467,inf,124.473,124.473,124.473
149,T4,BESTEFFORT,MISSED,m7-1,14.817,"{'m1-1': 29.44, 'm2-1': 114.17, 'm3-1': 27.06, 'm4-1': 9.93, 'm5-1': 10.46, 'm6-1': 112.11, 'm7-1': 5.27, 'm8-1': 5.61}",0.5160000000000124,124.473,inf,124.81700000000001,124.81700000000001,124.81700000000001
150,T5,BESTEFFORT,MISSED,m8-1,14.877,"{'m1-1': 27.67, 'm2-1': 105.33, 'm3-1': 24.21, 'm4-1': 10.38, 'm5-1': 10.08, 'm6-1': 101.79, 'm7-1': 5.49, 'm8-1': 5.03}",0.7590000000000003,124.371,inf,124.877,124.877,124.877
151,T8,BESTEFFORT,MISSED,m7-1,14.908,"{'m1-1': 27.68, 'm2-1': 98.51, 'm3-1': 25.35, 'm4-1': 10.85, 'm5-1': 11.27, 'm6-1': 111.61, 'm7-1': 4.95, 'm8-1': 5.06}",0.13649999999999096,124.81700000000001,inf,124.908,124.908,124.908
152,T4,BESTEFFORT,MISSED,m7-1,14.91,"{'m1-1': 25.8, 'm2-1': 98.86, 'm3-1': 25.05, 'm4-1': 9.62, 'm5-1': 9.81, 'm6-1': 113.26, 'm7-1': 5.38, 'm8-1': 5.07}",0.0029999999999930083,124.908,inf,124.91,124.91,124.91
153,T9,BESTEFFORT,MISSED,m8-1,14.959,"{'m1-1': 25.86, 'm2-1': 102.48, 'm3-1': 27.89, 'm4-1': 10.97, 'm5-1': 11.11, 'm6-1': 97.33, 'm7-1': 4.85, 'm8-1': 5.44}",0.12300000000001177,124.877,inf,124.959,124.959,124.959
154,T2,BESTEFFORT,MISSED,m8-1,15.272,"{'m1-1': 25.72, 'm2-1': 100.71, 'm3-1': 27.88, 'm4-1': 10.85, 'm5-1': 9.67, 'm6-1': 104.26, 'm7-1': 5.27, 'm8-1': 5.65}",0.4695000000000036,124.959,inf,125.272,125.272,125.272
155,T10,BESTEFFORT,MISSED,m7-1,15.289,"{'m1-1': 25.47, 'm2-1': 97.86, 'm3-1': 28.92, 'm4-1': 10.5, 'm5-1': 9.9, 'm6-1': 104.13, 'm7-1': 5.12, 'm8-1': 4.78}",0.5685000000000073,124.91,inf,125.289,125.289,125.289
156,T3,BESTEFFORT,MISSED,m8-1,15.352,"{'m1-1': 23.58, 'm2-1': 98.24, 'm3-1': 27.92, 'm4-1': 10.86, 'm5-1': 10.4, 'm6-1': 99.39, 'm7-1': 5.65, 'm8-1': 5.36}",0.11999999999999744,125.272,inf,125.352,125.352,125.352
157,T8,BESTEFFORT,MISSED,m8-1,15.444,"{'m1-1': 26.59, 'm2-1': 102.02, 'm3-1': 24.82, 'm4-1': 10.2, 'm5-1': 10.8, 'm6-1': 109.14, 'm7-1': 4.75, 'm8-1': 4.98}",0.13799999999999812,125.352,inf,125.444,125.444,125.444
158,T7,BESTEFFORT,MISSED,m8-1,15.578,"{'m1-1': 25.89, 'm2-1': 105.06, 'm3-1': 26.96, 'm4-1': 10.86, 'm5-1': 10.82, 'm6-1': 112.24, 'm7-1': 4.89, 'm8-1': 5.36}",0.2010000000000005,125.444,inf,125.578,125.578,125.578
159,T4,BESTEFFORT,MISSED,m7-1,15.818,"{'m1-1': 28.56, 'm2-1': 105.02, 'm3-1': 22.92, 'm4-1': 9.2, 'm5-1': 10.36, 'm6-1': 98.53, 'm7-1': 5.54, 'm8-1': 5.04}",0.7934999999999945,125.289,inf,125.818,125.818,125.818
160,T7,BESTEFFORT,MISSED,m7-1,15.927,"{'m1-1': 25.25, 'm2-1': 101.4, 'm3-1': 26.55, 'm4-1': 10.32, 'm5-1': 10.82, 'm6-1': 99.42, 'm7-1': 5.13, 'm8-1': 5.44}",0.16349999999999199,125.818,inf,125.92699999999999,125.92699999999999,125.92699999999999
161,T2,BESTEFFORT,MISSED,m8-1,16.022,"{'m1-1': 24.6, 'm2-1': 101.81, 'm3-1': 26.81, 'm4-1': 10.04, 'm5-1': 9.85, 'm6-1': 108.35, 'm7-1': 5.35, 'm8-1': 5.23}",0.6659999999999826,125.578,inf,126.02199999999999,126.02199999999999,126.02199999999999
162,T8,BESTEFFORT,MISSED,m8-1,16.089,"{'m1-1': 25.98, 'm2-1': 97.5, 'm3-1': 26.72, 'm4-1': 9.83, 'm5-1': 11.0, 'm6-1': 100.59, 'm7-1': 4.81, 'm8-1': 5.67}",0.10050000000001091,126.02199999999999,inf,126.089,126.089,126.089
163,T1,BESTEFFORT,MISSED,m7-1,16.164,"{'m1-1': 27.06, 'm2-1': 108.62, 'm3-1': 26.04, 'm4-1': 11.83, 'm5-1': 11.27, 'm6-1': 98.62, 'm7-1': 5.12, 'm8-1': 5.17}",0.35550000000001347,125.92699999999999,inf,126.164,126.164,126.164
164,T9,BESTEFFORT,MISSED,m8-1,16.256,"{'m1-1': 26.4, 'm2-1': 106.02, 'm3-1': 28.18, 'm4-1': 9.99, 'm5-1': 10.7, 'm6-1': 104.79, 'm7-1': 4.88, 'm8-1': 5.12}",0.2505000000000024,126.089,inf,126.256,126.256,126.256
165,T3,BESTEFFORT,MISSED,m8-1,16.414,"{'m1-1': 23.62, 'm2-1': 108.22, 'm3-1': 26.34, 'm4-1': 10.6, 'm5-1': 10.69, 'm6-1': 105.8, 'm7-1': 5.79, 'm8-1': 5.13}",0.23700000000000188,126.256,inf,126.414,126.414,126.414
166,T3,BESTEFFORT,MISSED,m7-1,16.505,"{'m1-1': 24.66, 'm2-1': 95.39, 'm3-1': 25.64, 'm4-1': 9.7, 'm5-1': 9.76, 'm6-1': 97.94, 'm7-1': 5.45, 'm8-1': 4.82}",0.511499999999991,126.164,inf,126.505,126.505,126.505
167,T6,BESTEFFORT,MISSED,m8-1,16.704,"{'m1-1': 24.76, 'm2-1': 105.93, 'm3-1': 25.81, 'm4-1': 9.9, 'm5-1': 10.28, 'm6-1': 115.79, 'm7-1': 5.2, 'm8-1': 5.04}",0.4350000000000094,126.414,inf,126.70400000000001,126.70400000000001,126.70400000000001
168,T3,BESTEFFORT,MISSED,m7-1,16.756,"{'m1-1': 26.37, 'm2-1': 103.61, 'm3-1': 27.29, 'm4-1': 10.06, 'm5-1': 11.33, 'm6-1': 103.51, 'm7-1': 5.25, 'm8-1': 5.61}",0.37650000000000716,126.505,inf,126.756,126.756,126.756
169,T2,BESTEFFORT,MISSED,m8-1,16.825,"{'m1-1': 27.24, 'm2-1': 108.95, 'm3-1': 27.62, 'm4-1': 10.04, 'm5-1': 9.73, 'm6-1': 109.1, 'm7-1': 4.7, 'm8-1': 4.9}",0.18149999999999267,126.70400000000001,inf,126.825,126.825,126.825
170,T9,BESTEFFORT,MISSED,m8-1,17.002,"{'m1-1': 27.19, 'm2-1': 103.57, 'm3-1': 26.66, 'm4-1': 10.29, 'm5-1': 10.84, 'm6-1': 98.89, 'm7-1': 5.26, 'm8-1': 5.05}",0.26549999999998875,126.825,inf,127.002,127.002,127.002
171,T9,BESTEFFORT,MISSED,m8-1,17.11,"{'m1-1': 26.87, 'm2-1': 107.24, 'm3-1': 27.85, 'm4-1': 11.38, 'm5-1': 9.72, 'm6-1': 101.06, 'm7-1': 5.47, 'm8-1': 4.98}",0.16200000000000614,127.002,inf,127.11,127.11,127.11
172,T5,BESTEFFORT,MISSED,m7-1,17.42,"{'m1-1': 27.21, 'm2-1': 94.24, 'm3-1': 24.7, 'm4-1': 10.61, 'm5-1': 10.89, 'm6-1': 117.06, 'm7-1': 5.45, 'm8-1': 5.28}",0.9960000000000022,126.756,inf,127.42,127.42,127.42
173,T6,BESTEFFORT,MISSED,m7-1,17.536,"{'m1-1': 24.48, 'm2-1': 114.42, 'm3-1': 26.64, 'm4-1': 10.13, 'm5-1': 10.72, 'm6-1': 101.69, 'm7-1': 5.77, 'm8-1': 5.47}",0.1739999999999995,127.42,inf,127.536,127.536,127.536
174,T5,BESTEFFORT,MISSED,m8-1,17.664,"{'m1-1': 26.51, 'm2-1': 105.01, 'm3-1': 25.71, 'm4-1': 10.81, 'm5-1': 10.7, 'm6-1': 104.41, 'm7-1': 4.91, 'm8-1': 5.32}",0.8310000000000031,127.11,inf,127.664,127.664,127.664
175,T8,BESTEFFORT,MISSED,m7-1,17.719,"{'m1-1': 27.89, 'm2-1': 112.73, 'm3-1': 25.75, 'm4-1': 10.88, 'm5-1': 11.2, 'm6-1': 115.44, 'm7-1': 5.23, 'm8-1': 5.0}",0.2744999999999891,127.536,inf,127.719,127.719,127.719
176,T4,BESTEFFORT,MISSED,m7-1,17.735,"{'m1-1': 26.56, 'm2-1': 108.26, 'm3-1': 24.82, 'm4-1': 10.45, 'm5-1': 11.56, 'm6-1': 109.34, 'm7-1': 5.42, 'm8-1': 5.22}",0.024000000000008015,127.719,inf,127.735,127.735,127.735
177,T1,BESTEFFORT,MISSED,m7-1,17.786,"{'m1-1': 26.7, 'm2-1': 104.92, 'm3-1': 27.08, 'm4-1': 10.21, 'm5-1': 9.79, 'm6-1': 114.19, 'm7-1': 5.2, 'm8-1': 5.29}",0.0765000000000029,127.735,inf,127.786,127.786,127.786
178,T5,BESTEFFORT,MISSED,m8-1,17.885,"{'m1-1': 28.41, 'm2-1': 106.77, 'm3-1': 26.96, 'm4-1': 10.1, 'm5-1': 10.44, 'm6-1': 116.43, 'm7-1': 5.52, 'm8-1': 4.88}",0.33150000000000546,127.664,inf,127.885,127.885,127.885
179,T4,BESTEFFORT,MISSED,m8-1,17.906,"{'m1-1': 26.84, 'm2-1': 108.8, 'm3-1': 25.25, 'm4-1': 9.64, 'm5-1': 11.07, 'm6-1': 106.51, 'm7-1': 4.78, 'm8-1': 5.81}",0.031500000000001194,127.885,inf,127.906,127.906,127.906
180,T7,BESTEFFORT,MISSED,m7-1,17.919,"{'m1-1': 27.34, 'm2-1': 94.82, 'm3-1': 23.47, 'm4-1': 10.87, 'm5-1': 10.77, 'm6-1': 98.61, 'm7-1': 4.74, 'm8-1': 5.74}",0.19949999999999335,127.786,inf,127.919,127.919,127.919
181,T9,BESTEFFORT,MISSED,m7-1,17.925,"{'m1-1': 26.55, 'm2-1': 108.29, 'm3-1': 27.38, 'm4-1': 11.08, 'm5-1': 11.02, 'm6-1': 109.0, 'm7-1': 5.46, 'm8-1': 5.07}",0.009000000000000341,127.919,inf,127.925,127.925,127.925
182,T1,BESTEFFORT,MISSED,m8-1,17.932,"{'m1-1': 29.52, 'm2-1': 111.02, 'm3-1': 24.79, 'm4-1': 11.54, 'm5-1': 10.54, 'm6-1': 100.86, 'm7-1': 4.7, 'm8-1': 4.89}",0.03899999999999437,127.906,inf,127.932,127.932,127.932
183,T9,BESTEFFORT,MISSED,m8-1,17.948,"{'m1-1': 24.6, 'm2-1': 109.84, 'm3-1': 27.14, 'm4-1': 10.53, 'm5-1': 10.97, 'm6-1': 102.57, 'm7-1': 5.48, 'm8-1': 4.98}",0.024000000000008015,127.932,inf,127.94800000000001,127.94800000000001,127.94800000000001
184,T5,BESTEFFORT,MISSED,m7-1,18.188,"{'m1-1': 29.06, 'm2-1': 110.17, 'm3-1': 24.38, 'm4-1': 10.01, 'm5-1': 9.75, 'm6-1': 111.5, 'm7-1': 4.99, 'm8-1': 5.01}",0.39449999999998653,127.925,inf,128.188,128.188,128.188
185,T8,BESTEFFORT,MISSED,m7-1,18.199,"{'m1-1': 25.19, 'm2-1': 107.26, 'm3-1': 24.78, 'm4-1': 10.93, 'm5-1': 11.68, 'm6-1': 103.64, 'm7-1': 4.85, 'm8-1': 5.21}",0.016500000000036152,128.188,inf,128.199,128.199,128.199
186,T4,BESTEFFORT,MISSED,m7-1,18.359,"{'m1-1': 28.74, 'm2-1': 108.3, 'm3-1': 23.68, 'm4-1': 9.27, 'm5-1': 10.61, 'm6-1': 103.4, 'm7-1': 5.37, 'm8-1': 5.43}",0.23999999999999488,128.199,inf,128.359,128.359,128.359
187,T8,BESTEFFORT,MISSED,m7-1,18.387,"{'m1-1': 27.62, 'm2-1': 110.69, 'm3-1': 26.84, 'm4-1': 11.29, 'm5-1': 10.21, 'm6-1': 101.44, 'm7-1': 4.68, 'm8-1': 5.25}",0.04199999999998738,128.359,inf,128.387,128.387,128.387
188,T6,BESTEFFORT,MISSED,m8-1,18.455,"{'m1-1': 24.66, 'm2-1': 103.82, 'm3-1': 25.97, 'm4-1': 10.13, 'm5-1': 10.56, 'm6-1': 99.07, 'm7-1': 5.7, 'm8-1': 5.78}",0.7604999999999649,127.94800000000001,inf,128.45499999999998,128.45499999999998,128.45499999999998
189,T9,BESTEFFORT,MISSED,m8-1,18.515,"{'m1-1': 28.99, 'm2-1': 97.4, 'm3-1': 29.24, 'm4-1': 10.56, 'm5-1': 9.54, 'm6-1': 95.09, 'm7-1': 5.02, 'm8-1': 4.88}",0.09000000000000341,128.45499999999998,inf,128.515,128.515,128.515
190,T4,BESTEFFORT,MISSED,m8-1,18.53,"{'m1-1': 28.01, 'm2-1': 107.19, 'm3-1': 24.82, 'm4-1': 10.85, 'm5-1': 10.56, 'm6-1': 104.96, 'm7-1': 4.72, 'm8-1': 5.45}",0.02250000000002217,128.515,inf,128.53,128.53,128.53
191,T9,BESTEFFORT,MISSED,m8-1,18.543,"{'m1-1': 28.25, 'm2-1': 100.42, 'm3-1': 28.21, 'm4-1': 11.01, 'm5-1': 9.72, 'm6-1': 111.54, 'm7-1': 5.38, 'm8-1': 5.34}",0.019500000000007844,128.53,inf,128.543,128.543,128.543
192,T8,BESTEFFORT,MISSED,m7-1,18.6,"{'m1-1': 27.2, 'm2-1': 98.57, 'm3-1': 26.71, 'm4-1': 10.6, 'm5-1': 10.44, 'm6-1': 116.56, 'm7-1': 4.81, 'm8-1': 5.6}",0.3194999999999908,128.387,inf,128.6,128.6,128.6
193,T2,BESTEFFORT,MISSED,m7-1,18.646,"{'m1-1': 25.98, 'm2-1': 101.86, 'm3-1': 27.87, 'm4-1': 10.03, 'm5-1': 10.33, 'm6-1': 110.9, 'm7-1': 5.25, 'm8-1': 4.86}",0.06900000000003104,128.6,inf,128.64600000000002,128.64600000000002,128.64600000000002
194,T9,BESTEFFORT,MISSED,m7-1,18.659,"{'m1-1': 28.92, 'm2-1': 103.62, 'm3-1': 25.76, 'm4-1': 9.95, 'm5-1': 9.44, 'm6-1': 111.35, 'm7-1': 5.2, 'm8-1': 4.92}",0.019499999999965212,128.64600000000002,inf,128.659,128.659,128.659
195,T10,BESTEFFORT,MISSED,m7-1,18.683,"{'m1-1': 27.36, 'm2-1': 111.68, 'm3-1': 27.04, 'm4-1': 10.16, 'm5-1': 10.02, 'm6-1': 101.01, 'm7-1': 4.84, 'm8-1': 5.22}",0.036000000000001364,128.659,inf,128.683,128.683,128.683
196,T8,BESTEFFORT,MISSED,m7-1,18.8,"{'m1-1': 25.62, 'm2-1': 99.64, 'm3-1': 26.53, 'm4-1': 11.2, 'm5-1': 10.86, 'm6-1': 114.04, 'm7-1': 4.67, 'm8-1': 5.81}",0.17550000000002797,128.683,inf,128.8,128.8,128.8
197,T5,BESTEFFORT,MISSED,m8-1,18.821,"{'m1-1': 25.15, 'm2-1': 100.98, 'm3-1': 23.75, 'm4-1': 11.48, 'm5-1': 10.42, 'm6-1': 116.92, 'm7-1': 5.62, 'm8-1': 5.6}",0.4169999999999874,128.543,inf,128.821,128.821,128.821
198,T10,BESTEFFORT,MISSED,m8-1,18.906,"{'m1-1': 26.46, 'm2-1': 103.18, 'm3-1': 27.35, 'm4-1': 9.6, 'm5-1': 10.7, 'm6-1': 97.76, 'm7-1': 4.8, 'm8-1': 5.39}",0.12750000000001194,128.821,inf,128.906,128.906,128.906
199,T1,BESTEFFORT,MISSED,m7-1,18.957,"{'m1-1': 25.21, 'm2-1': 105.17, 'm3-1': 24.34, 'm4-1': 10.17, 'm5-1': 10.32, 'm6-1': 112.16, 'm7-1': 4.79, 'm8-1': 4.97}",0.2354999999999734,128.8,inf,128.957,128.957,128.957
200,T6,BESTEFFORT,MISSED,m7-1,19.242,"{'m1-1': 25.08, 'm2-1': 113.29, 'm3-1': 27.85, 'm4-1': 10.85, 'm5-1': 9.49, 'm6-1': 108.28, 'm7-1': 5.13, 'm8-1': 5.57}",0.4274999999999949,128.957,inf,129.242,129.242,129.242
201,T10,BESTEFFORT,MISSED,m8-1,19.246,"{'m1-1': 26.81, 'm2-1': 112.56, 'm3-1': 28.92, 'm4-1': 10.28, 'm5-1': 11.11, 'm6-1': 109.24, 'm7-1': 5.13, 'm8-1': 5.48}",0.5100000000000051,128.906,inf,129.246,129.246,129.246
202,T7,BESTEFFORT,MISSED,m7-1,19.306,"{'m1-1': 28.4, 'm2-1': 103.52, 'm3-1': 24.18, 'm4-1': 11.9, 'm5-1': 10.63, 'm6-1': 106.2, 'm7-1': 4.79, 'm8-1': 5.28}",0.09600000000003206,129.242,inf,129.306,129.306,129.306
203,T8,BESTEFFORT,MISSED,m8-1,19.425,"{'m1-1': 28.94, 'm2-1': 103.23, 'm3-1': 23.91, 'm4-1': 10.39, 'm5-1': 10.65, 'm6-1': 100.52, 'm7-1': 4.84, 'm8-1': 5.46}",0.26850000000000307,129.246,inf,129.425,129.425,129.425
204,T1,BESTEFFORT,MISSED,m8-1,19.483,"{'m1-1': 26.18, 'm2-1': 104.41, 'm3-1': 26.17, 'm4-1': 11.56, 'm5-1': 10.14, 'm6-1': 113.75, 'm7-1': 5.29, 'm8-1': 5.23}",0.08699999999998909,129.425,inf,129.483,129.483,129.483
205,T7,BESTEFFORT,MISSED,m8-1,19.604,"{'m1-1': 27.71, 'm2-1': 102.86, 'm3-1': 26.47, 'm4-1': 10.53, 'm5-1': 10.85, 'm6-1': 105.1, 'm7-1': 5.28, 'm8-1': 5.49}",0.18149999999997135,129.483,inf,129.60399999999998,129.60399999999998,129.60399999999998
206,T10,BESTEFFORT,MISSED,m7-1,19.621,"{'m1-1': 26.35, 'm2-1': 102.0, 'm3-1': 29.17, 'm4-1': 10.62, 'm5-1': 11.11, 'm6-1': 113.02, 'm7-1': 5.67, 'm8-1': 5.53}",0.4724999999999966,129.306,inf,129.621,129.621,129.621
207,T9,BESTEFFORT,MISSED,m8-1,19.886,"{'m1-1': 26.28, 'm2-1': 101.59, 'm3-1': 29.22, 'm4-1': 10.74, 'm5-1': 10.84, 'm6-1': 111.77, 'm7-1': 5.05, 'm8-1': 5.3}",0.42300000000001603,129.60399999999998,inf,129.886,129.886,129.886
208,T6,BESTEFFORT,MISSED,m8-1,19.909,"{'m1-1': 23.79, 'm2-1': 97.85, 'm3-1': 24.56, 'm4-1': 9.98, 'm5-1': 9.56, 'm6-1': 101.88, 'm7-1': 5.6, 'm8-1': 5.46}",0.0344999999999942,129.886,inf,129.909,129.909,129.909
209,T1,BESTEFFORT,MISSED,m8-1,19.969,"{'m1-1': 29.06, 'm2-1': 111.28, 'm3-1': 25.51, 'm4-1': 10.87, 'm5-1': 11.28, 'm6-1': 104.76, 'm7-1': 4.97, 'm8-1': 4.96}",0.09000000000000341,129.909,inf,129.969,129.969,129.969
210,T2,BESTEFFORT,MISSED,m7-1,19.978,"{'m1-1': 27.55, 'm2-1': 110.06, 'm3-1': 28.58, 'm4-1': 11.15, 'm5-1': 9.74, 'm6-1': 96.28, 'm7-1': 5.43, 'm8-1': 5.43}",0.535499999999999,129.621,inf,129.978,129.978,129.978
211,T5,BESTEFFORT,MISSED,m8-1,20.124,"{'m1-1': 27.98, 'm2-1': 101.64, 'm3-1': 24.98, 'm4-1': 11.13, 'm5-1': 10.22, 'm6-1': 106.51, 'm7-1': 5.52, 'm8-1': 5.52}",0.2325000000000017,129.969,inf,130.124,130.124,130.124
212,T6,BESTEFFORT,MISSED,m8-1,20.169,"{'m1-1': 24.22, 'm2-1': 100.89, 'm3-1': 24.97, 'm4-1': 9.7, 'm5-1': 10.06, 'm6-1': 115.15, 'm7-1': 5.13, 'm8-1': 5.36}",0.06750000000002387,130.124,inf,130.169,130.169,130.169
213,T2,BESTEFFORT,MISSED,m8-1,20.395,"{'m1-1': 25.33, 'm2-1': 101.18, 'm3-1': 26.01, 'm4-1': 11.44, 'm5-1': 9.82, 'm6-1': 98.73, 'm7-1': 4.78, 'm8-1': 5.46}",0.33899999999999864,130.169,inf,130.395,130.395,130.395
214,T9,BESTEFFORT,MISSED,m7-1,20.551,"{'m1-1': 25.94, 'm2-1': 98.83, 'm3-1': 25.71, 'm4-1': 10.94, 'm5-1': 10.1, 'm6-1': 98.32, 'm7-1': 4.87, 'm8-1': 5.18}",0.8594999999999686,129.978,inf,130.551,130.551,130.551
215,T6,BESTEFFORT,MISSED,m8-1,20.556,"{'m1-1': 24.74, 'm2-1': 99.51, 'm3-1': 26.52, 'm4-1': 10.58, 'm5-1': 9.74, 'm6-1': 106.86, 'm7-1': 5.27, 'm8-1': 5.74}",0.24150000000000205,130.395,inf,130.556,130.556,130.556
216,T3,BESTEFFORT,MISSED,m8-1,20.707,"{'m1-1': 24.25, 'm2-1': 94.98, 'm3-1': 27.93, 'm4-1': 11.09, 'm5-1': 10.76, 'm6-1': 103.96, 'm7-1': 5.26, 'm8-1': 5.38}",0.22649999999997306,130.556,inf,130.707,130.707,130.707
217,T4,BESTEFFORT,MISSED,m8-1,20.765,"{'m1-1': 27.26, 'm2-1': 108.88, 'm3-1': 24.45, 'm4-1': 10.35, 'm5-1': 10.39, 'm6-1': 107.39, 'm7-1': 5.24, 'm8-1': 5.17}",0.08699999999998909,130.707,inf,130.765,130.765,130.765
218,T1,BESTEFFORT,MISSED,m7-1,20.824,"{'m1-1': 25.91, 'm2-1': 108.18, 'm3-1': 28.51, 'm4-1': 11.29, 'm5-1': 10.92, 'm6-1': 106.92, 'm7-1': 4.89, 'm8-1': 5.09}",0.40950000000003683,130.551,inf,130.824,130.824,130.824
219,T9,BESTEFFORT,MISSED,m8-1,20.958,"{'m1-1': 27.84, 'm2-1': 110.14, 'm3-1': 28.2, 'm4-1': 9.88, 'm5-1': 10.26, 'm6-1': 102.84, 'm7-1': 5.03, 'm8-1': 4.88}",0.2895000000000181,130.765,inf,130.958,130.958,130.958
220,T8,BESTEFFORT,MISSED,m7-1,20.993,"{'m1-1': 27.74, 'm2-1': 103.29, 'm3-1': 24.01, 'm4-1': 11.33, 'm5-1': 11.22, 'm6-1': 102.52, 'm7-1': 5.06, 'm8-1': 5.22}",0.2534999999999741,130.824,inf,130.993,130.993,130.993
221,T6,BESTEFFORT,MISSED,m8-1,21.015,"{'m1-1': 25.12, 'm2-1': 110.47, 'm3-1': 24.53, 'm4-1': 9.47, 'm5-1': 9.67, 'm6-1': 105.34, 'm7-1': 5.47, 'm8-1': 5.5}",0.08549999999998192,130.958,inf,131.015,131.015,131.015
222,T7,BESTEFFORT,MISSED,m8-1,21.067,"{'m1-1': 28.32, 'm2-1': 99.46, 'm3-1': 27.09, 'm4-1': 11.86, 'm5-1': 10.67, 'm6-1': 99.63, 'm7-1': 5.45, 'm8-1': 5.73}",0.07800000000003138,131.015,inf,131.067,131.067,131.067
223,T5,BESTEFFORT,MISSED,m7-1,21.239,"{'m1-1': 28.47, 'm2-1': 108.41, 'm3-1': 23.83, 'm4-1': 9.93, 'm5-1': 10.74, 'm6-1': 118.09, 'm7-1': 4.97, 'm8-1': 4.88}",0.369000000000014,130.993,inf,131.239,131.239,131.239
224,T10,BESTEFFORT,MISSED,m7-1,21.253,"{'m1-1': 26.33, 'm2-1': 102.82, 'm3-1': 28.84, 'm4-1': 10.14, 'm5-1': 11.16, 'm6-1': 112.73, 'm7-1': 5.66, 'm8-1': 5.07}",0.020999999999972374,131.239,inf,131.253,131.253,131.253
225,T5,BESTEFFORT,MISSED,m7-1,21.445,"{'m1-1': 24.96, 'm2-1': 106.56, 'm3-1': 23.4, 'm4-1': 10.9, 'm5-1': 10.43, 'm6-1': 111.66, 'm7-1': 5.8, 'm8-1': 5.17}",0.2880000000000109,131.253,inf,131.445,131.445,131.445
226,T3,BESTEFFORT,MISSED,m8-1,21.541,"{'m1-1': 23.43, 'm2-1': 105.94, 'm3-1': 26.49, 'm4-1': 9.57, 'm5-1': 10.42, 'm6-1': 107.56, 'm7-1': 5.66, 'm8-1': 5.05}",0.7109999999999843,131.067,inf,131.541,131.541,131.541
227,T6,BESTEFFORT,MISSED,m7-1,21.557,"{'m1-1': 24.54, 'm2-1': 108.77, 'm3-1': 24.77, 'm4-1': 9.69, 'm5-1': 10.24, 'm6-1': 110.78, 'm7-1': 5.05, 'm8-1': 4.99}",0.16799999999999216,131.445,inf,131.557,131.557,131.557
228,T8,BESTEFFORT,MISSED,m7-1,21.789,"{'m1-1': 25.35, 'm2-1': 101.23, 'm3-1': 27.02, 'm4-1': 10.82, 'm5-1': 11.65, 'm6-1': 102.19, 'm7-1': 4.66, 'm8-1': 5.25}",0.347999999999999,131.557,inf,131.789,131.789,131.789
229,T8,BESTEFFORT,MISSED,m7-1,21.831,"{'m1-1': 26.24, 'm2-1': 98.28, 'm3-1': 26.62, 'm4-1': 10.06, 'm5-1': 11.1, 'm6-1': 103.0, 'm7-1': 4.75, 'm8-1': 5.69}",0.06300000000000239,131.789,inf,131.831,131.831,131.831
230,T1,BESTEFFORT,MISSED,m8-1,21.883,"{'m1-1': 28.28, 'm2-1': 95.9, 'm3-1': 25.37, 'm4-1': 10.39, 'm5-1': 10.71, 'm6-1': 97.69, 'm7-1': 5.19, 'm8-1': 5.55}",0.5130000000000194,131.541,inf,131.883,131.883,131.883
231,T8,BESTEFFORT,MISSED,m7-1,22.004,"{'m1-1': 28.36, 'm2-1': 113.59, 'm3-1': 25.48, 'm4-1': 11.08, 'm5-1': 10.51, 'm6-1': 112.11, 'm7-1': 5.22, 'm8-1': 5.58}",0.25950000000000273,131.831,inf,132.004,132.004,132.004
232,T10,BESTEFFORT,MISSED,m8-1,22.023,"{'m1-1': 26.94, 'm2-1': 106.18, 'm3-1': 25.11, 'm4-1': 9.43, 'm5-1': 10.19, 'm6-1': 100.7, 'm7-1': 4.96, 'm8-1': 5.17}",0.20999999999997954,131.883,inf,132.023,132.023,132.023
233,T4,BESTEFFORT,MISSED,m8-1,22.028,"{'m1-1': 25.16, 'm2-1': 112.14, 'm3-1': 24.62, 'm4-1': 10.13, 'm5-1': 10.98, 'm6-1': 111.86, 'm7-1': 5.33, 'm8-1': 5.43}",0.007499999999993179,132.023,inf,132.028,132.028,132.028
234,T7,BESTEFFORT,MISSED,m7-1,22.301,"{'m1-1': 24.06, 'm2-1': 103.78, 'm3-1': 25.2, 'm4-1': 10.47, 'm5-1': 10.33, 'm6-1': 110.85, 'm7-1': 4.74, 'm8-1': 5.14}",0.44549999999999557,132.004,inf,132.301,132.301,132.301
235,T7,BESTEFFORT,MISSED,m7-1,22.321,"{'m1-1': 25.56, 'm2-1': 103.72, 'm3-1': 26.68, 'm4-1': 11.39, 'm5-1': 10.37, 'm6-1': 112.09, 'm7-1': 5.17, 'm8-1': 5.64}",0.030000000000015348,132.301,inf,132.321,132.321,132.321
236,T4,BESTEFFORT,MISSED,m8-1,22.55,"{'m1-1': 27.52, 'm2-1': 113.84, 'm3-1': 25.95, 'm4-1': 9.94, 'm5-1': 11.35, 'm6-1': 108.27, 'm7-1': 5.28, 'm8-1': 5.22}",0.7830000000000297,132.028,inf,132.55,132.55,132.55
237,T3,BESTEFFORT,MISSED,m8-1,22.573,"{'m1-1': 24.32, 'm2-1': 107.7, 'm3-1': 26.46, 'm4-1': 9.42, 'm5-1': 10.0, 'm6-1': 110.68, 'm7-1': 5.43, 'm8-1': 5.42}",0.0344999999999942,132.55,inf,132.573,132.573,132.573
238,T6,BESTEFFORT,MISSED,m7-1,22.706,"{'m1-1': 24.31, 'm2-1': 116.01, 'm3-1': 25.73, 'm4-1': 10.03, 'm5-1': 9.37, 'm6-1': 109.96, 'm7-1': 5.57, 'm8-1': 5.49}",0.5774999999999864,132.321,inf,132.706,132.706,132.706
239,T5,BESTEFFORT,MISSED,m8-1,22.738,"{'m1-1': 26.77, 'm2-1': 110.51, 'm3-1': 24.86, 'm4-1': 11.16, 'm5-1': 10.18, 'm6-1': 105.14, 'm7-1': 5.32, 'm8-1': 5.2}",0.24749999999998806,132.573,inf,132.738,132.738,132.738
240,T9,BESTEFFORT,MISSED,m8-1,22.791,"{'m1-1': 25.88, 'm2-1': 101.45, 'm3-1': 27.53, 'm4-1': 10.9, 'm5-1': 10.3, 'm6-1': 104.57, 'm7-1': 5.09, 'm8-1': 4.86}",0.07949999999999591,132.738,inf,132.791,132.791,132.791
241,T9,BESTEFFORT,MISSED,m7-1,22.854,"{'m1-1': 28.36, 'm2-1': 102.83, 'm3-1': 26.26, 'm4-1': 10.99, 'm5-1': 9.6, 'm6-1': 100.69, 'm7-1': 5.1, 'm8-1': 5.42}",0.2219999999999942,132.706,inf,132.85399999999998,132.85399999999998,132.85399999999998
242,T3,BESTEFFORT,MISSED,m8-1,23.088,"{'m1-1': 25.89, 'm2-1': 92.58, 'm3-1': 28.01, 'm4-1': 9.54, 'm5-1': 10.53, 'm6-1': 112.92, 'm7-1': 5.41, 'm8-1': 4.78}",0.44549999999999557,132.791,inf,133.088,133.088,133.088
243,T9,BESTEFFORT,MISSED,m8-1,23.376,"{'m1-1': 28.76, 'm2-1': 98.55, 'm3-1': 27.45, 'm4-1': 10.01, 'm5-1': 10.91, 'm6-1': 110.7, 'm7-1': 5.72, 'm8-1': 4.74}",0.43200000000001637,133.088,inf,133.376,133.376,133.376
244,T7,BESTEFFORT,MISSED,m7-1,23.404,"{'m1-1': 27.35, 'm2-1': 100.28, 'm3-1': 25.51, 'm4-1': 11.59, 'm5-1': 10.28, 'm6-1': 110.48, 'm7-1': 4.93, 'm8-1': 5.38}",0.825000000000017,132.85399999999998,inf,133.404,133.404,133.404
245,T2,BESTEFFORT,MISSED,m7-1,23.427,"{'m1-1': 25.75, 'm2-1': 104.57, 'm3-1': 26.84, 'm4-1': 10.93, 'm5-1': 10.95, 'm6-1': 110.83, 'm7-1': 5.3, 'm8-1': 5.22}",0.0344999999999942,133.404,inf,133.427,133.427,133.427
246,T6,BESTEFFORT,MISSED,m8-1,23.503,"{'m1-1': 23.65, 'm2-1': 101.97, 'm3-1': 24.8, 'm4-1': 10.04, 'm5-1': 10.85, 'm6-1': 110.85, 'm7-1': 5.63, 'm8-1': 5.55}",0.1904999999999717,133.376,inf,133.503,133.503,133.503
247,T10,BESTEFFORT,MISSED,m8-1,23.528,"{'m1-1': 24.76, 'm2-1': 107.03, 'm3-1': 26.54, 'm4-1': 10.31, 'm5-1': 10.06, 'm6-1': 105.58, 'm7-1': 5.19, 'm8-1': 5.24}",0.0,133.528,inf,133.528,133.528,133.528
248,T6,BESTEFFORT,MISSED,m8-1,23.528,"{'m1-1': 24.78, 'm2-1': 113.7, 'm3-1': 28.59, 'm4-1': 10.72, 'm5-1': 9.85, 'm6-1': 111.51, 'm7-1': 5.04, 'm8-1': 5.42}",0.037500000000008527,133.503,inf,133.528,133.528,133.528
249,T4,BESTEFFORT,MISSED,m7-1,23.688,"{'m1-1': 28.42, 'm2-1': 101.94, 'm3-1': 23.36, 'm4-1': 10.64, 'm5-1': 11.53, 'm6-1': 100.17, 'm7-1': 4.96, 'm8-1': 5.41}",0.3914999999999935,133.427,inf,133.688,133.688,133.688
250,T5,BESTEFFORT,MISSED,m8-1,23.802,"{'m1-1': 27.26, 'm2-1': 102.67, 'm3-1': 27.42, 'm4-1': 10.16, 'm5-1': 10.76, 'm6-1': 105.62, 'm7-1': 5.41, 'm8-1': 4.97}",0.41100000000000136,133.528,inf,133.802,133.802,133.802
251,T4,BESTEFFORT,MISSED,m7-1,23.935,"{'m1-1': 26.34, 'm2-1': 110.76, 'm3-1': 25.54, 'm4-1': 10.8, 'm5-1': 10.16, 'm6-1': 108.92, 'm7-1': 5.16, 'm8-1': 5.18}",0.37050000000002115,133.688,inf,133.935,133.935,133.935
252,T3,BESTEFFORT,MISSED,m8-1,23.999,"{'m1-1': 24.24, 'm2-1': 102.29, 'm3-1': 25.63, 'm4-1': 9.74, 'm5-1': 9.64, 'm6-1': 100.05, 'm7-1': 5.26, 'm8-1': 5.0}",0.2955000000000041,133.802,inf,133.999,133.999,133.999
253,T5,BESTEFFORT,MISSED,m7-1,24.039,"{'m1-1': 28.64, 'm2-1': 98.3, 'm3-1': 26.56, 'm4-1': 10.68, 'm5-1': 10.78, 'm6-1': 117.89, 'm7-1': 4.98, 'm8-1': 4.98}",0.1559999999999775,133.935,inf,134.039,134.039,134.039
254,T2,BESTEFFORT,MISSED,m7-1,24.108,"{'m1-1': 27.54, 'm2-1': 105.84, 'm3-1': 27.96, 'm4-1': 11.14, 'm5-1': 10.42, 'm6-1': 96.5, 'm7-1': 4.73, 'm8-1': 5.12}",0.10350000000002524,134.039,inf,134.108,134.108,134.108
255,T2,BESTEFFORT,MISSED,m8-1,24.187,"{'m1-1': 28.18, 'm2-1': 108.36, 'm3-1': 27.61, 'm4-1': 10.26, 'm5-1': 10.78, 'm6-1': 102.14, 'm7-1': 5.08, 'm8-1': 4.79}",0.2820000000000249,133.999,inf,134.187,134.187,134.187
256,T5,BESTEFFORT,MISSED,m8-1,24.644,"{'m1-1': 25.83, 'm2-1': 93.73, 'm3-1': 24.49, 'm4-1': 10.71, 'm5-1': 10.19, 'm6-1': 103.66, 'm7-1': 5.27, 'm8-1': 5.03}",0.6854999999999905,134.187,inf,134.644,134.644,134.644
257,T10,BESTEFFORT,MISSED,m7-1,24.685,"{'m1-1': 24.59, 'm2-1': 102.11, 'm3-1': 24.88, 'm4-1': 9.62, 'm5-1': 11.19, 'm6-1': 111.8, 'm7-1': 5.15, 'm8-1': 5.13}",0.8654999999999973,134.108,inf,134.685,134.685,134.685
258,T6,BESTEFFORT,MISSED,m8-1,24.867,"{'m1-1': 25.65, 'm2-1': 108.14, 'm3-1': 25.35, 'm4-1': 9.81, 'm5-1': 9.79, 'm6-1': 115.29, 'm7-1': 5.04, 'm8-1': 4.91}",0.33449999999997715,134.644,inf,134.867,134.867,134.867
259,T6,BESTEFFORT,MISSED,m8-1,24.954,"{'m1-1': 25.44, 'm2-1': 110.56, 'm3-1': 25.31, 'm4-1': 10.93, 'm5-1': 10.5, 'm6-1': 115.04, 'm7-1': 5.54, 'm8-1': 5.68}",0.13050000000002626,134.867,inf,134.954,134.954,134.954
260,T4,BESTEFFORT,MISSED,m8-1,24.957,"{'m1-1': 25.04, 'm2-1': 111.11, 'm3-1': 26.98, 'm4-1': 10.38, 'm5-1': 10.31, 'm6-1': 113.23, 'm7-1': 5.18, 'm8-1': 5.63}",0.004499999999978854,134.954,inf,134.957,134.957,134.957
261,T1,BESTEFFORT,MISSED,m8-1,25.077,"{'m1-1': 26.74, 'm2-1': 98.47, 'm3-1': 24.48, 'm4-1': 11.52, 'm5-1': 9.56, 'm6-1': 106.25, 'm7-1': 4.98, 'm8-1': 5.23}",0.18000000000000682,134.957,inf,135.077,135.077,135.077
262,T4,BESTEFFORT,MISSED,m7-1,25.095,"{'m1-1': 25.33, 'm2-1': 113.39, 'm3-1': 24.26, 'm4-1': 9.48, 'm5-1': 11.24, 'm6-1': 108.58, 'm7-1': 5.25, 'm8-1': 5.27}",0.6149999999999949,134.685,inf,135.095,135.095,135.095
263,T2,BESTEFFORT,MISSED,m7-1,25.191,"{'m1-1': 24.68, 'm2-1': 112.02, 'm3-1': 24.98, 'm4-1': 11.62, 'm5-1': 10.84, 'm6-1': 98.64, 'm7-1': 5.2, 'm8-1': 5.61}",0.14400000000000546,135.095,inf,135.191,135.191,135.191
264,T5,BESTEFFORT,MISSED,m7-1,25.251,"{'m1-1': 26.81, 'm2-1': 106.7, 'm3-1': 23.8, 'm4-1': 11.42, 'm5-1': 10.26, 'm6-1': 117.77, 'm7-1': 5.71, 'm8-1': 5.03}",0.09000000000000341,135.191,inf,135.251,135.251,135.251
265,T6,BESTEFFORT,MISSED,m7-1,25.566,"{'m1-1': 26.71, 'm2-1': 109.75, 'm3-1': 24.69, 'm4-1': 10.12, 'm5-1': 10.07, 'm6-1': 107.12, 'm7-1': 5.27, 'm8-1': 5.34}",0.4724999999999966,135.251,inf,135.566,135.566,135.566
266,T1,BESTEFFORT,MISSED,m7-1,25.602,"{'m1-1': 26.78, 'm2-1': 98.24, 'm3-1': 24.61, 'm4-1': 10.12, 'm5-1': 9.86, 'm6-1': 108.95, 'm7-1': 4.92, 'm8-1': 5.13}",0.054000000000002046,135.566,inf,135.602,135.602,135.602
267,T1,BESTEFFORT,MISSED,m8-1,25.795,"{'m1-1': 26.47, 'm2-1': 109.57, 'm3-1': 25.3, 'm4-1': 11.11, 'm5-1': 11.06, 'm6-1': 108.23, 'm7-1': 5.38, 'm8-1': 5.59}",1.0770000000000266,135.077,inf,135.79500000000002,135.79500000000002,135.79500000000002
268,T8,BESTEFFORT,MISSED,m8-1,25.916,"{'m1-1': 25.58, 'm2-1': 107.89, 'm3-1': 25.32, 'm4-1': 9.77, 'm5-1': 11.45, 'm6-1': 104.56, 'm7-1': 5.42, 'm8-1': 5.44}",0.18149999999997135,135.79500000000002,inf,135.916,135.916,135.916
269,T5,BESTEFFORT,MISSED,m7-1,26.209,"{'m1-1': 29.18, 'm2-1': 96.76, 'm3-1': 24.65, 'm4-1': 11.0, 'm5-1': 10.58, 'm6-1': 114.65, 'm7-1': 5.31, 'm8-1': 5.01}",0.910499999999999,135.602,inf,136.209,136.209,136.209
270,T9,BESTEFFORT,MISSED,m8-1,26.278,"{'m1-1': 26.85, 'm2-1': 96.32, 'm3-1': 27.27, 'm4-1': 9.77, 'm5-1': 9.61, 'm6-1': 100.89, 'm7-1': 5.61, 'm8-1': 5.37}",0.5429999999999922,135.916,inf,136.278,136.278,136.278
271,T4,BESTEFFORT,MISSED,m7-1,26.291,"{'m1-1': 28.42, 'm2-1': 110.06, 'm3-1': 27.05, 'm4-1': 10.63, 'm5-1': 11.02, 'm6-1': 111.01, 'm7-1': 5.29, 'm8-1': 5.23}",0.12299999999999045,136.209,inf,136.291,136.291,136.291
272,T5,BESTEFFORT,MISSED,m8-1,26.358,"{'m1-1': 28.41, 'm2-1': 101.96, 'm3-1': 23.77, 'm4-1': 10.6, 'm5-1': 10.7, 'm6-1': 103.86, 'm7-1': 5.7, 'm8-1': 5.12}",0.12000000000001876,136.278,inf,136.358,136.358,136.358
273,T9,BESTEFFORT,MISSED,m8-1,26.381,"{'m1-1': 27.76, 'm2-1': 106.63, 'm3-1': 26.63, 'm4-1': 10.48, 'm5-1': 10.24, 'm6-1': 102.08, 'm7-1': 5.56, 'm8-1': 4.88}",0.0344999999999942,136.358,inf,136.381,136.381,136.381
274,T7,BESTEFFORT,MISSED,m7-1,26.41,"{'m1-1': 27.74, 'm2-1': 108.24, 'm3-1': 24.93, 'm4-1': 11.68, 'm5-1': 10.15, 'm6-1': 98.61, 'm7-1': 4.7, 'm8-1': 5.18}",0.17849999999999966,136.291,inf,136.41,136.41,136.41
275,T5,BESTEFFORT,MISSED,m7-1,26.465,"{'m1-1': 26.26, 'm2-1': 94.46, 'm3-1': 26.51, 'm4-1': 11.34, 'm5-1': 11.01, 'm6-1': 117.27, 'm7-1': 5.32, 'm8-1': 5.18}",0.08250000000001023,136.41,inf,136.465,136.465,136.465
276,T10,BESTEFFORT,MISSED,m8-1,26.81,"{'m1-1': 28.56, 'm2-1': 104.33, 'm3-1': 28.62, 'm4-1': 10.26, 'm5-1': 9.84, 'm6-1': 111.58, 'm7-1': 4.85, 'm8-1': 5.35}",0.6435000000000031,136.381,inf,136.81,136.81,136.81
277,T4,BESTEFFORT,MISSED,m7-1,26.89,"{'m1-1': 28.97, 'm2-1': 98.92, 'm3-1': 25.25, 'm4-1': 10.94, 'm5-1': 11.52, 'm6-1': 107.84, 'm7-1': 5.45, 'm8-1': 5.65}",0.6374999999999744,136.465,inf,136.89,136.89,136.89
278,T10,BESTEFFORT,MISSED,m7-1,26.893,"{'m1-1': 25.76, 'm2-1': 106.21, 'm3-1': 26.92, 'm4-1': 9.47, 'm5-1': 9.63, 'm6-1': 100.38, 'm7-1': 5.4, 'm8-1': 5.42}",0.004500000000021487,136.89,inf,136.893,136.893,136.893
279,T3,BESTEFFORT,MISSED,m8-1,26.947,"{'m1-1': 23.18, 'm2-1': 93.99, 'm3-1': 26.78, 'm4-1': 9.76, 'm5-1': 10.67, 'm6-1': 102.7, 'm7-1': 5.75, 'm8-1': 4.76}",0.20550000000000068,136.81,inf,136.947,136.947,136.947
280,T7,BESTEFFORT,MISSED,m7-1,27.022,"{'m1-1': 26.26, 'm2-1': 104.75, 'm3-1': 26.86, 'm4-1': 10.57, 'm5-1': 10.85, 'm6-1': 98.7, 'm7-1': 4.97, 'm8-1': 5.48}",0.19349999999998602,136.893,inf,137.022,137.022,137.022
281,T9,BESTEFFORT,MISSED,m8-1,27.085,"{'m1-1': 27.16, 'm2-1': 109.2, 'm3-1': 27.43, 'm4-1': 11.35, 'm5-1': 11.15, 'm6-1': 101.12, 'm7-1': 5.15, 'm8-1': 4.64}",0.20700000000000784,136.947,inf,137.085,137.085,137.085
282,T3,BESTEFFORT,MISSED,m8-1,27.163,"{'m1-1': 27.13, 'm2-1': 105.55, 'm3-1': 26.68, 'm4-1': 9.74, 'm5-1': 10.49, 'm6-1': 110.68, 'm7-1': 5.63, 'm8-1': 5.14}",0.11700000000000443,137.085,inf,137.163,137.163,137.163
283,T5,BESTEFFORT,MISSED,m7-1,27.271,"{'m1-1': 25.52, 'm2-1': 95.29, 'm3-1': 26.06, 'm4-1': 10.41, 'm5-1': 10.03, 'm6-1': 104.38, 'm7-1': 5.09, 'm8-1': 4.72}",0.37350000000003547,137.022,inf,137.27100000000002,137.27100000000002,137.27100000000002
284,T2,BESTEFFORT,MISSED,m8-1,27.374,"{'m1-1': 28.52, 'm2-1': 111.24, 'm3-1': 26.96, 'm4-1': 10.3, 'm5-1': 11.33, 'm6-1': 108.69, 'm7-1': 5.38, 'm8-1': 5.18}",0.31649999999997647,137.163,inf,137.374,137.374,137.374
285,T2,BESTEFFORT,MISSED,m8-1,27.515,"{'m1-1': 26.67, 'm2-1': 101.81, 'm3-1': 24.98, 'm4-1': 10.26, 'm5-1': 10.93, 'm6-1': 98.49, 'm7-1': 4.9, 'm8-1': 5.34}",0.2114999999999867,137.374,inf,137.515,137.515,137.515
286,T4,BESTEFFORT,MISSED,m7-1,27.672,"{'m1-1': 26.83, 'm2-1': 99.56, 'm3-1': 25.99, 'm4-1': 9.56, 'm5-1': 9.85, 'm6-1': 98.02, 'm7-1': 5.18, 'm8-1': 5.41}",0.6014999999999731,137.27100000000002,inf,137.672,137.672,137.672
287,T10,BESTEFFORT,MISSED,m7-1,27.71,"{'m1-1': 24.09, 'm2-1': 111.72, 'm3-1': 24.68, 'm4-1': 10.54, 'm5-1': 11.15, 'm6-1': 111.42, 'm7-1': 5.19, 'm8-1': 5.25}",0.05700000000001637,137.672,inf,137.71,137.71,137.71
288,T4,BESTEFFORT,MISSED,m7-1,27.776,"{'m1-1': 26.86, 'm2-1': 102.42, 'm3-1': 24.63, 'm4-1': 10.44, 'm5-1': 9.98, 'm6-1': 107.55, 'm7-1': 4.93, 'm8-1': 5.27}",0.09900000000000375,137.71,inf,137.776,137.776,137.776
289,T5,BESTEFFORT,MISSED,m8-1,27.842,"{'m1-1': 29.36, 'm2-1': 99.81, 'm3-1': 26.03, 'm4-1': 10.77, 'm5-1': 10.98, 'm6-1': 115.03, 'm7-1': 5.19, 'm8-1': 5.19}",0.49049999999999727,137.515,inf,137.84199999999998,137.84199999999998,137.84199999999998
290,T8,BESTEFFORT,MISSED,m7-1,27.867,"{'m1-1': 27.42, 'm2-1': 103.04, 'm3-1': 25.6, 'm4-1': 10.57, 'm5-1': 10.98, 'm6-1': 112.11, 'm7-1': 4.79, 'm8-1': 5.54}",0.13649999999996965,137.776,inf,137.867,137.867,137.867
291,T9,BESTEFFORT,MISSED,m8-1,27.9,"{'m1-1': 24.8, 'm2-1': 110.22, 'm3-1': 29.04, 'm4-1': 9.64, 'm5-1': 10.98, 'm6-1': 102.68, 'm7-1': 5.35, 'm8-1': 4.98}",0.08700000000003172,137.84199999999998,inf,137.9,137.9,137.9
292,T10,BESTEFFORT,MISSED,m8-1,28.014,"{'m1-1': 27.57, 'm2-1': 98.35, 'm3-1': 26.15, 'm4-1': 9.31, 'm5-1': 10.75, 'm6-1': 115.12, 'm7-1': 5.02, 'm8-1': 4.82}",0.17100000000000648,137.9,inf,138.014,138.014,138.014
293,T8,BESTEFFORT,MISSED,m7-1,28.174,"{'m1-1': 24.96, 'm2-1': 98.36, 'm3-1': 24.72, 'm4-1': 10.63, 'm5-1': 11.12, 'm6-1': 103.43, 'm7-1': 5.36, 'm8-1': 5.72}",0.46050000000002456,137.867,inf,138.174,138.174,138.174
294,T10,BESTEFFORT,MISSED,m8-1,28.22,"{'m1-1': 25.39, 'm2-1': 97.65, 'm3-1': 28.87, 'm4-1': 9.88, 'm5-1': 11.25, 'm6-1': 111.01, 'm7-1': 5.42, 'm8-1': 5.13}",0.3089999999999833,138.014,inf,138.22,138.22,138.22
295,T3,BESTEFFORT,MISSED,m8-1,28.447,"{'m1-1': 24.73, 'm2-1': 97.52, 'm3-1': 24.67, 'm4-1': 10.69, 'm5-1': 10.94, 'm6-1': 106.07, 'm7-1': 5.71, 'm8-1': 4.8}",0.3405000000000058,138.22,inf,138.447,138.447,138.447
296,T10,BESTEFFORT,MISSED,m8-1,28.67,"{'m1-1': 25.19, 'm2-1': 100.12, 'm3-1': 26.73, 'm4-1': 10.26, 'm5-1': 11.18, 'm6-1': 111.52, 'm7-1': 5.21, 'm8-1': 4.93}",0.3345000000000198,138.447,inf,138.67000000000002,138.67000000000002,138.67000000000002
297,T8,BESTEFFORT,MISSED,m7-1,28.813,"{'m1-1': 27.68, 'm2-1': 99.06, 'm3-1': 25.41, 'm4-1': 9.88, 'm5-1': 11.75, 'm6-1': 107.54, 'm7-1': 5.22, 'm8-1': 5.38}",0.9584999999999724,138.174,inf,138.813,138.813,138.813
298,T4,BESTEFFORT,MISSED,m7-1,28.869,"{'m1-1': 25.88, 'm2-1': 106.47, 'm3-1': 25.2, 'm4-1': 10.8, 'm5-1': 10.52, 'm6-1': 113.7, 'm7-1': 5.21, 'm8-1': 5.22}",0.0840000000000174,138.813,inf,138.869,138.869,138.869
299,T9,BESTEFFORT,MISSED,m8-1,28.873,"{'m1-1': 28.72, 'm2-1': 97.88, 'm3-1': 25.09, 'm4-1': 10.49, 'm5-1': 9.57, 'm6-1': 107.32, 'm7-1': 5.05, 'm8-1': 5.25}",0.3044999999999618,138.67000000000002,inf,138.873,138.873,138.873
300,T3,BESTEFFORT,MISSED,m8-1,28.898,"{'m1-1': 25.54, 'm2-1': 104.19, 'm3-1': 28.54, 'm4-1': 10.27, 'm5-1': 10.87, 'm6-1': 108.16, 'm7-1': 5.73, 'm8-1': 4.93}",0.037500000000008527,138.873,inf,138.898,138.898,138.898
301,T2,BESTEFFORT,MISSED,m7-1,28.985,"{'m1-1': 26.82, 'm2-1': 110.2, 'm3-1': 24.54, 'm4-1': 11.03, 'm5-1': 11.14, 'm6-1': 101.14, 'm7-1': 5.27, 'm8-1': 5.54}",0.1740000000000208,138.869,inf,138.985,138.985,138.985
302,T5,BESTEFFORT,MISSED,m7-1,28.988,"{'m1-1': 28.73, 'm2-1': 108.33, 'm3-1': 25.23, 'm4-1': 11.27, 'm5-1': 11.04, 'm6-1': 111.46, 'm7-1': 5.21, 'm8-1': 5.22}",0.004499999999978854,138.985,inf,138.988,138.988,138.988
303,T10,BESTEFFORT,MISSED,m8-1,29.105,"{'m1-1': 26.01, 'm2-1': 101.79, 'm3-1': 27.14, 'm4-1': 9.37, 'm5-1': 9.65, 'm6-1': 116.03, 'm7-1': 4.99, 'm8-1': 4.85}",0.31049999999999045,138.898,inf,139.105,139.105,139.105
304,T10,BESTEFFORT,MISSED,m7-1,29.176,"{'m1-1': 24.28, 'm2-1': 103.78, 'm3-1': 25.19, 'm4-1': 10.49, 'm5-1': 10.07, 'm6-1': 108.51, 'm7-1': 5.31, 'm8-1': 4.9}",0.28199999999998226,138.988,inf,139.176,139.176,139.176
305,T9,BESTEFFORT,MISSED,m8-1,29.328,"{'m1-1': 25.98, 'm2-1': 95.72, 'm3-1': 28.35, 'm4-1': 10.06, 'm5-1': 10.2, 'm6-1': 100.9, 'm7-1': 4.85, 'm8-1': 4.92}",0.3345000000000198,139.105,inf,139.328,139.328,139.328
306,T7,BESTEFFORT,MISSED,m7-1,29.534,"{'m1-1': 28.26, 'm2-1': 104.71, 'm3-1': 24.09, 'm4-1': 10.33, 'm5-1': 10.23, 'm6-1': 106.35, 'm7-1': 5.32, 'm8-1': 5.45}",0.5370000000000061,139.176,inf,139.534,139.534,139.534
307,T4,BESTEFFORT,MISSED,m8-1,29.662,"{'m1-1': 26.38, 'm2-1': 115.34, 'm3-1': 26.34, 'm4-1': 10.47, 'm5-1': 10.9, 'm6-1': 106.2, 'm7-1': 5.0, 'm8-1': 5.27}",0.5010000000000048,139.328,inf,139.662,139.662,139.662
308,T6,BESTEFFORT,MISSED,m8-1,29.796,"{'m1-1': 24.15, 'm2-1': 107.14, 'm3-1': 28.06, 'm4-1': 10.43, 'm5-1': 10.46, 'm6-1': 100.51, 'm7-1': 5.59, 'm8-1': 5.55}",0.2009999999999792,139.662,inf,139.796,139.796,139.796
309,T10,BESTEFFORT,MISSED,m7-1,30.035,"{'m1-1': 27.24, 'm2-1': 104.36, 'm3-1': 28.0, 'm4-1': 9.59, 'm5-1': 9.74, 'm6-1': 101.16, 'm7-1': 4.97, 'm8-1': 4.83}",0.7515000000000072,139.534,inf,140.035,140.035,140.035
310,T3,BESTEFFORT,MISSED,m8-1,30.066,"{'m1-1': 23.91, 'm2-1': 98.44, 'm3-1': 24.35, 'm4-1': 9.44, 'm5-1': 9.92, 'm6-1': 108.82, 'm7-1': 5.54, 'm8-1': 4.96}",0.40500000000001535,139.796,inf,140.066,140.066,140.066
311,T8,BESTEFFORT,MISSED,m8-1,30.793,"{'m1-1': 28.94, 'm2-1': 107.62, 'm3-1': 25.68, 'm4-1': 10.39, 'm5-1': 10.22, 'm6-1': 115.7, 'm7-1': 4.83, 'm8-1': 5.15}",1.0905000000000058,140.066,inf,140.793,140.793,140.793
312,T8,BESTEFFORT,MISSED,m8-1,30.98,"{'m1-1': 29.05, 'm2-1': 101.01, 'm3-1': 26.1, 'm4-1': 9.6, 'm5-1': 10.49, 'm6-1': 102.08, 'm7-1': 5.18, 'm8-1': 4.94}",0.2804999999999751,140.793,inf,140.98,140.98,140.98
313,T6,BESTEFFORT,MISSED,m8-1,31.384,"{'m1-1': 25.05, 'm2-1': 102.78, 'm3-1': 26.99, 'm4-1': 10.3, 'm5-1': 10.55, 'm6-1': 110.78, 'm7-1': 5.13, 'm8-1': 5.05}",0.6060000000000372,140.98,inf,141.38400000000001,141.38400000000001,141.38400000000001
314,T6,BESTEFFORT,MISSED,m8-1,31.697,"{'m1-1': 23.42, 'm2-1': 100.71, 'm3-1': 27.33, 'm4-1': 10.76, 'm5-1': 9.46, 'm6-1': 106.42, 'm7-1': 5.7, 'm8-1': 5.74}",0.46949999999998226,141.38400000000001,inf,141.697,141.697,141.697
315,T3,BESTEFFORT,MISSED,m7-1,31.708,"{'m1-1': 26.01, 'm2-1': 104.54, 'm3-1': 27.94, 'm4-1': 10.57, 'm5-1': 9.68, 'm6-1': 96.35, 'm7-1': 5.35, 'm8-1': 5.0}",2.5095000000000027,140.035,inf,141.708,141.708,141.708
316,T8,BESTEFFORT,MISSED,m7-1,31.87,"{'m1-1': 25.36, 'm2-1': 102.47, 'm3-1': 25.62, 'm4-1': 9.87, 'm5-1': 11.85, 'm6-1': 109.38, 'm7-1': 5.02, 'm8-1': 5.25}",0.2430000000000092,141.708,inf,141.87,141.87,141.87
317,T9,BESTEFFORT,MISSED,m7-1,31.966,"{'m1-1': 28.63, 'm2-1': 108.8, 'm3-1': 28.6, 'm4-1': 10.71, 'm5-1': 10.23, 'm6-1': 102.56, 'm7-1': 5.52, 'm8-1': 5.44}",0.14400000000000546,141.87,inf,141.966,141.966,141.966
318,T6,BESTEFFORT,MISSED,m7-1,32.01,"{'m1-1': 23.46, 'm2-1': 111.98, 'm3-1': 26.66, 'm4-1': 9.9, 'm5-1': 9.65, 'm6-1': 112.68, 'm7-1': 5.1, 'm8-1': 5.04}",0.06599999999997408,141.966,inf,142.01,142.01,142.01
319,T4,BESTEFFORT,MISSED,m7-1,32.288,"{'m1-1': 27.74, 'm2-1': 115.33, 'm3-1': 26.32, 'm4-1': 9.94, 'm5-1': 10.49, 'm6-1': 109.69, 'm7-1': 4.96, 'm8-1': 5.27}",0.41700000000003,142.01,inf,142.288,142.288,142.288
320,T9,BESTEFFORT,MISSED,m8-1,32.4,"{'m1-1': 25.52, 'm2-1': 106.91, 'm3-1': 28.27, 'm4-1': 9.74, 'm5-1': 10.66, 'm6-1': 102.11, 'm7-1': 5.3, 'm8-1': 5.04}",1.0545000000000044,141.697,inf,142.4,142.4,142.4
321,T6,BESTEFFORT,MISSED,m7-1,32.401,"{'m1-1': 25.53, 'm2-1': 108.39, 'm3-1': 25.3, 'm4-1': 10.51, 'm5-1': 10.06, 'm6-1': 100.8, 'm7-1': 5.27, 'm8-1': 5.6}",0.16949999999999932,142.288,inf,142.401,142.401,142.401
322,T7,BESTEFFORT,MISSED,m7-1,32.492,"{'m1-1': 26.62, 'm2-1': 98.33, 'm3-1': 23.42, 'm4-1': 10.74, 'm5-1': 9.83, 'm6-1': 106.24, 'm7-1': 4.77, 'm8-1': 5.07}",0.13649999999996965,142.401,inf,142.492,142.492,142.492
323,T4,BESTEFFORT,MISSED,m7-1,32.55,"{'m1-1': 28.07, 'm2-1': 98.69, 'm3-1': 23.9, 'm4-1': 10.51, 'm5-1': 9.98, 'm6-1': 107.32, 'm7-1': 4.97, 'm8-1': 5.82}",0.08700000000003172,142.492,inf,142.55,142.55,142.55
324,T5,BESTEFFORT,MISSED,m7-1,32.587,"{'m1-1': 25.66, 'm2-1': 106.58, 'm3-1': 25.36, 'm4-1': 9.79, 'm5-1': 9.81, 'm6-1': 103.08, 'm7-1': 5.52, 'm8-1': 5.46}",0.055499999999966576,142.55,inf,142.587,142.587,142.587
325,T4,BESTEFFORT,MISSED,m7-1,32.775,"{'m1-1': 28.72, 'm2-1': 101.48, 'm3-1': 24.7, 'm4-1': 10.33, 'm5-1': 10.15, 'm6-1': 98.88, 'm7-1': 4.84, 'm8-1': 5.6}",0.2820000000000249,142.587,inf,142.775,142.775,142.775
326,T8,BESTEFFORT,MISSED,m7-1,32.79,"{'m1-1': 24.61, 'm2-1': 96.23, 'm3-1': 24.18, 'm4-1': 10.36, 'm5-1': 11.79, 'm6-1': 107.39, 'm7-1': 5.4, 'm8-1': 5.42}",0.022499999999979536,142.775,inf,142.79,142.79,142.79
327,T9,BESTEFFORT,MISSED,m8-1,32.956,"{'m1-1': 25.58, 'm2-1': 100.51, 'm3-1': 29.28, 'm4-1': 9.65, 'm5-1': 9.92, 'm6-1': 109.4, 'm7-1': 5.65, 'm8-1': 4.68}",0.8340000000000174,142.4,inf,142.95600000000002,142.95600000000002,142.95600000000002
328,T7,BESTEFFORT,MISSED,m8-1,33.452,"{'m1-1': 26.4, 'm2-1': 93.14, 'm3-1': 24.74, 'm4-1': 10.53, 'm5-1': 9.93, 'm6-1': 111.55, 'm7-1': 4.64, 'm8-1': 5.17}",0.7439999999999714,142.95600000000002,inf,143.452,143.452,143.452
329,T7,BESTEFFORT,MISSED,m7-1,33.461,"{'m1-1': 26.45, 'm2-1': 101.3, 'm3-1': 26.13, 'm4-1': 11.13, 'm5-1': 10.04, 'm6-1': 99.3, 'm7-1': 4.93, 'm8-1': 5.67}",1.006500000000031,142.79,inf,143.461,143.461,143.461
330,T8,BESTEFFORT,MISSED,m8-1,33.522,"{'m1-1': 24.52, 'm2-1': 107.31, 'm3-1': 24.93, 'm4-1': 10.86, 'm5-1': 10.43, 'm6-1': 107.75, 'm7-1': 4.88, 'm8-1': 5.46}",0.10499999999998977,143.452,inf,143.522,143.522,143.522
331,T9,BESTEFFORT,MISSED,m7-1,33.549,"{'m1-1': 26.81, 'm2-1': 108.99, 'm3-1': 27.22, 'm4-1': 10.89, 'm5-1': 9.59, 'm6-1': 105.0, 'm7-1': 5.67, 'm8-1': 4.88}",0.1319999999999908,143.461,inf,143.549,143.549,143.549
332,T10,BESTEFFORT,MISSED,m8-1,33.697,"{'m1-1': 28.13, 'm2-1': 112.28, 'm3-1': 28.86, 'm4-1': 10.67, 'm5-1': 10.34, 'm6-1': 112.38, 'm7-1': 4.87, 'm8-1': 5.24}",0.26250000000001705,143.522,inf,143.697,143.697,143.697
333,T10,BESTEFFORT,MISSED,m7-1,33.729,"{'m1-1': 25.12, 'm2-1': 107.28, 'm3-1': 28.52, 'm4-1': 9.57, 'm5-1': 10.65, 'm6-1': 112.14, 'm7-1': 4.95, 'm8-1': 4.95}",0.2699999999999676,143.549,inf,143.72899999999998,143.72899999999998,143.72899999999998
334,T10,BESTEFFORT,MISSED,m7-1,33.76,"{'m1-1': 28.62, 'm2-1': 97.23, 'm3-1': 24.66, 'm4-1': 10.12, 'm5-1': 11.14, 'm6-1': 106.0, 'm7-1': 5.41, 'm8-1': 5.46}",0.04650000000000887,143.72899999999998,inf,143.76,143.76,143.76
335,T4,BESTEFFORT,MISSED,m7-1,34.001,"{'m1-1': 25.24, 'm2-1': 114.27, 'm3-1': 23.04, 'm4-1': 9.97, 'm5-1': 10.41, 'm6-1': 110.28, 'm7-1': 5.5, 'm8-1': 4.95}",0.3615000000000208,143.76,inf,144.001,144.001,144.001
336,T8,BESTEFFORT,MISSED,m8-1,34.098,"{'m1-1': 28.12, 'm2-1': 111.55, 'm3-1': 26.04, 'm4-1': 9.92, 'm5-1': 11.18, 'm6-1': 100.07, 'm7-1': 5.21, 'm8-1': 5.37}",0.6015000000000157,143.697,inf,144.098,144.098,144.098
337,T2,BESTEFFORT,MISSED,m8-1,34.233,"{'m1-1': 25.17, 'm2-1': 103.25, 'm3-1': 25.12, 'm4-1': 11.4, 'm5-1': 9.88, 'm6-1': 109.84, 'm7-1': 5.19, 'm8-1': 5.39}",0.20249999999998636,144.098,inf,144.233,144.233,144.233
338,T1,BESTEFFORT,MISSED,m7-1,34.491,"{'m1-1': 27.25, 'm2-1': 100.5, 'm3-1': 25.02, 'm4-1': 10.02, 'm5-1': 11.34, 'm6-1': 98.56, 'm7-1': 5.28, 'm8-1': 4.85}",0.734999999999971,144.001,inf,144.49099999999999,144.49099999999999,144.49099999999999
339,T1,BESTEFFORT,MISSED,m8-1,34.525,"{'m1-1': 27.82, 'm2-1': 110.03, 'm3-1': 28.06, 'm4-1': 10.98, 'm5-1': 9.96, 'm6-1': 112.49, 'm7-1': 5.44, 'm8-1': 5.0}",0.4380000000000024,144.233,inf,144.525,144.525,144.525
340,T5,BESTEFFORT,MISSED,m8-1,34.721,"{'m1-1': 27.98, 'm2-1': 107.97, 'm3-1': 26.16, 'm4-1': 10.95, 'm5-1': 10.55, 'm6-1': 100.82, 'm7-1': 5.41, 'm8-1': 5.13}",0.29399999999999693,144.525,inf,144.721,144.721,144.721
341,T9,BESTEFFORT,MISSED,m8-1,34.863,"{'m1-1': 24.89, 'm2-1': 106.19, 'm3-1': 25.26, 'm4-1': 9.96, 'm5-1': 9.65, 'm6-1': 99.92, 'm7-1': 5.26, 'm8-1': 5.38}",0.21299999999999386,144.721,inf,144.863,144.863,144.863
342,T10,BESTEFFORT,MISSED,m8-1,34.887,"{'m1-1': 27.18, 'm2-1': 109.11, 'm3-1': 24.78, 'm4-1': 10.31, 'm5-1': 10.53, 'm6-1': 108.36, 'm7-1': 5.32, 'm8-1': 5.54}",0.036000000000001364,144.863,inf,144.887,144.887,144.887
343,T4,BESTEFFORT,MISSED,m7-1,34.889,"{'m1-1': 27.17, 'm2-1': 107.18, 'm3-1': 24.19, 'm4-1': 10.27, 'm5-1': 11.29, 'm6-1': 110.74, 'm7-1': 5.19, 'm8-1': 5.54}",0.5970000000000368,144.49099999999999,inf,144.889,144.889,144.889
344,T4,BESTEFFORT,MISSED,m7-1,35.017,"{'m1-1': 28.52, 'm2-1': 98.72, 'm3-1': 26.91, 'm4-1': 10.17, 'm5-1': 10.08, 'm6-1': 99.39, 'm7-1': 5.23, 'm8-1': 5.45}",0.19199999999997885,144.889,inf,145.017,145.017,145.017
345,T10,BESTEFFORT,MISSED,m7-1,35.032,"{'m1-1': 25.47, 'm2-1': 103.78, 'm3-1': 25.41, 'm4-1': 10.9, 'm5-1': 10.16, 'm6-1': 112.36, 'm7-1': 5.69, 'm8-1': 5.04}",0.022499999999979536,145.017,inf,145.03199999999998,145.03199999999998,145.03199999999998
346,T4,BESTEFFORT,MISSED,m7-1,35.162,"{'m1-1': 27.78, 'm2-1': 116.84, 'm3-1': 24.78, 'm4-1': 10.59, 'm5-1': 9.91, 'm6-1': 112.68, 'm7-1': 5.4, 'm8-1': 5.72}",0.1950000000000358,145.03199999999998,inf,145.162,145.162,145.162
347,T9,BESTEFFORT,MISSED,m8-1,35.175,"{'m1-1': 25.73, 'm2-1': 93.29, 'm3-1': 28.1, 'm4-1': 10.39, 'm5-1': 9.4, 'm6-1': 99.77, 'm7-1': 5.11, 'm8-1': 5.13}",0.43200000000001637,144.887,inf,145.175,145.175,145.175
348,T5,BESTEFFORT,MISSED,m7-1,35.195,"{'m1-1': 28.63, 'm2-1': 93.83, 'm3-1': 27.5, 'm4-1': 11.33, 'm5-1': 10.58, 'm6-1': 105.94, 'm7-1': 5.42, 'm8-1': 5.52}",0.04949999999998056,145.162,inf,145.195,145.195,145.195
349,T2,BESTEFFORT,MISSED,m7-1,35.305,"{'m1-1': 27.42, 'm2-1': 98.78, 'm3-1': 28.21, 'm4-1': 11.7, 'm5-1': 10.0, 'm6-1': 101.42, 'm7-1': 5.21, 'm8-1': 5.09}",0.16500000000002046,145.195,inf,145.305,145.305,145.305
350,T5,BESTEFFORT,MISSED,m8-1,35.382,"{'m1-1': 26.75, 'm2-1': 108.16, 'm3-1': 25.87, 'm4-1': 11.44, 'm5-1': 10.88, 'm6-1': 104.16, 'm7-1': 5.06, 'm8-1': 4.73}",0.31049999999999045,145.175,inf,145.382,145.382,145.382
351,T7,BESTEFFORT,MISSED,m7-1,35.445,"{'m1-1': 27.78, 'm2-1': 97.84, 'm3-1': 27.05, 'm4-1': 10.25, 'm5-1': 9.64, 'm6-1': 112.34, 'm7-1': 5.44, 'm8-1': 5.63}",0.20999999999997954,145.305,inf,145.445,145.445,145.445
352,T10,BESTEFFORT,MISSED,m7-1,35.449,"{'m1-1': 27.41, 'm2-1': 108.75, 'm3-1': 27.14, 'm4-1': 9.86, 'm5-1': 10.28, 'm6-1': 113.18, 'm7-1': 5.0, 'm8-1': 5.57}",0.006000000000028649,145.445,inf,145.449,145.449,145.449
353,T3,BESTEFFORT,MISSED,m8-1,35.707,"{'m1-1': 23.74, 'm2-1': 107.73, 'm3-1': 24.24, 'm4-1': 10.09, 'm5-1': 10.63, 'm6-1': 101.6, 'm7-1': 5.57, 'm8-1': 4.83}",0.48749999999998295,145.382,inf,145.707,145.707,145.707
354,T4,BESTEFFORT,MISSED,m7-1,35.738,"{'m1-1': 27.54, 'm2-1': 116.24, 'm3-1': 23.53, 'm4-1': 10.1, 'm5-1': 10.5, 'm6-1': 101.59, 'm7-1': 5.2, 'm8-1': 5.52}",0.4334999999999809,145.449,inf,145.738,145.738,145.738
355,T4,BESTEFFORT,MISSED,m7-1,35.813,"{'m1-1': 27.47, 'm2-1': 107.36, 'm3-1': 23.97, 'm4-1': 10.66, 'm5-1': 11.46, 'm6-1': 98.02, 'm7-1': 5.35, 'm8-1': 5.79}",0.11249999999998295,145.738,inf,145.813,145.813,145.813
356,T7,BESTEFFORT,MISSED,m7-1,35.908,"{'m1-1': 24.36, 'm2-1': 105.06, 'm3-1': 25.2, 'm4-1': 10.45, 'm5-1': 10.92, 'm6-1': 100.56, 'm7-1': 5.4, 'm8-1': 5.14}",0.14250000000004093,145.813,inf,145.90800000000002,145.90800000000002,145.90800000000002
357,T9,BESTEFFORT,MISSED,m8-1,36.021,"{'m1-1': 26.84, 'm2-1': 102.21, 'm3-1': 29.32, 'm4-1': 10.52, 'm5-1': 10.3, 'm6-1': 103.14, 'm7-1': 5.69, 'm8-1': 5.17}",0.47100000000003206,145.707,inf,146.02100000000002,146.02100000000002,146.02100000000002
358,T4,BESTEFFORT,MISSED,m7-1,36.055,"{'m1-1': 24.89, 'm2-1': 117.02, 'm3-1': 23.7, 'm4-1': 10.51, 'm5-1': 10.69, 'm6-1': 102.45, 'm7-1': 4.98, 'm8-1': 5.01}",0.22049999999998704,145.90800000000002,inf,146.055,146.055,146.055
359,T3,BESTEFFORT,MISSED,m8-1,36.081,"{'m1-1': 26.88, 'm2-1': 94.97, 'm3-1': 24.94, 'm4-1': 9.52, 'm5-1': 10.74, 'm6-1': 112.1, 'm7-1': 5.34, 'm8-1': 5.14}",0.09000000000000341,146.02100000000002,inf,146.08100000000002,146.08100000000002,146.08100000000002
360,T4,BESTEFFORT,MISSED,m8-1,36.11,"{'m1-1': 28.45, 'm2-1': 112.49, 'm3-1': 26.4, 'm4-1': 10.74, 'm5-1': 11.61, 'm6-1': 109.34, 'm7-1': 5.1, 'm8-1': 5.57}",0.04349999999999454,146.08100000000002,inf,146.11,146.11,146.11
361,T4,BESTEFFORT,MISSED,m7-1,36.319,"{'m1-1': 26.84, 'm2-1': 110.09, 'm3-1': 23.81, 'm4-1': 9.28, 'm5-1': 10.65, 'm6-1': 108.61, 'm7-1': 4.82, 'm8-1': 5.33}",0.396000000000015,146.055,inf,146.31900000000002,146.31900000000002,146.31900000000002
362,T5,BESTEFFORT,MISSED,m7-1,36.367,"{'m1-1': 27.18, 'm2-1': 99.1, 'm3-1': 25.87, 'm4-1': 11.06, 'm5-1': 10.17, 'm6-1': 115.22, 'm7-1': 5.29, 'm8-1': 4.74}",0.0719999999999601,146.31900000000002,inf,146.367,146.367,146.367
363,T5,BESTEFFORT,MISSED,m8-1,36.401,"{'m1-1': 27.13, 'm2-1': 94.98, 'm3-1': 26.32, 'm4-1': 10.97, 'm5-1': 10.42, 'm6-1': 104.99, 'm7-1': 5.72, 'm8-1': 4.95}",0.4364999999999952,146.11,inf,146.401,146.401,146.401
364,T3,BESTEFFORT,MISSED,m8-1,36.473,"{'m1-1': 26.27, 'm2-1': 104.44, 'm3-1': 27.09, 'm4-1': 9.75, 'm5-1': 10.28, 'm6-1': 103.99, 'm7-1': 5.64, 'm8-1': 5.63}",0.10800000000000409,146.401,inf,146.473,146.473,146.473
365,T1,BESTEFFORT,MISSED,m7-1,36.507,"{'m1-1': 29.21, 'm2-1': 110.62, 'm3-1': 28.64, 'm4-1': 10.18, 'm5-1': 11.14, 'm6-1': 97.98, 'm7-1': 5.38, 'm8-1': 5.41}",0.21000000000002217,146.367,inf,146.507,146.507,146.507
366,T8,BESTEFFORT,MISSED,m8-1,36.591,"{'m1-1': 28.52, 'm2-1': 103.84, 'm3-1': 26.59, 'm4-1': 10.71, 'm5-1': 10.02, 'm6-1': 102.09, 'm7-1': 4.68, 'm8-1': 5.72}",0.1769999999999925,146.473,inf,146.591,146.591,146.591
367,T8,BESTEFFORT,MISSED,m7-1,36.811,"{'m1-1': 28.81, 'm2-1': 105.7, 'm3-1': 24.87, 'm4-1': 10.53, 'm5-1': 10.24, 'm6-1': 104.26, 'm7-1': 5.46, 'm8-1': 5.25}",0.45600000000000307,146.507,inf,146.811,146.811,146.811
368,T4,BESTEFFORT,MISSED,m7-1,37.234,"{'m1-1': 28.26, 'm2-1': 116.7, 'm3-1': 26.1, 'm4-1': 10.37, 'm5-1': 11.24, 'm6-1': 108.27, 'm7-1': 5.18, 'm8-1': 5.11}",0.6345000000000027,146.811,inf,147.234,147.234,147.234
369,T3,BESTEFFORT,MISSED,m8-1,37.365,"{'m1-1': 24.07, 'm2-1': 96.91, 'm3-1': 25.05, 'm4-1': 10.97, 'm5-1': 11.17, 'm6-1': 98.91, 'm7-1': 4.96, 'm8-1': 5.16}",1.1610000000000014,146.591,inf,147.365,147.365,147.365
370,T2,BESTEFFORT,MISSED,m8-1,37.386,"{'m1-1': 24.58, 'm2-1': 111.08, 'm3-1': 26.55, 'm4-1': 10.74, 'm5-1': 11.35, 'm6-1': 100.2, 'm7-1': 4.69, 'm8-1': 5.35}",0.03149999999997988,147.365,inf,147.386,147.386,147.386
371,T9,BESTEFFORT,MISSED,m8-1,37.558,"{'m1-1': 27.25, 'm2-1': 107.46, 'm3-1': 24.88, 'm4-1': 11.29, 'm5-1': 10.57, 'm6-1': 107.2, 'm7-1': 4.88, 'm8-1': 4.62}",0.25799999999999557,147.386,inf,147.558,147.558,147.558
372,T9,BESTEFFORT,MISSED,m7-1,37.575,"{'m1-1': 27.37, 'm2-1': 95.27, 'm3-1': 27.15, 'm4-1': 10.92, 'm5-1': 10.97, 'm6-1': 109.6, 'm7-1': 5.55, 'm8-1': 5.14}",0.5114999999999696,147.234,inf,147.575,147.575,147.575
373,T9,BESTEFFORT,MISSED,m8-1,37.575,"{'m1-1': 26.51, 'm2-1': 93.99, 'm3-1': 25.73, 'm4-1': 10.43, 'm5-1': 10.07, 'm6-1': 101.58, 'm7-1': 5.38, 'm8-1': 5.14}",0.02549999999999386,147.558,inf,147.575,147.575,147.575
374,T2,BESTEFFORT,MISSED,m8-1,37.901,"{'m1-1': 24.65, 'm2-1': 109.97, 'm3-1': 27.36, 'm4-1': 10.85, 'm5-1': 11.3, 'm6-1': 102.74, 'm7-1': 4.73, 'm8-1': 5.29}",0.48900000000003274,147.575,inf,147.901,147.901,147.901
375,T6,BESTEFFORT,MISSED,m8-1,37.968,"{'m1-1': 24.33, 'm2-1': 100.89, 'm3-1': 28.66, 'm4-1': 10.44, 'm5-1': 9.65, 'm6-1': 105.56, 'm7-1': 5.34, 'm8-1': 5.12}",0.10050000000001091,147.901,inf,147.96800000000002,147.96800000000002,147.96800000000002
376,T8,BESTEFFORT,MISSED,m7-1,38.21,"{'m1-1': 29.01, 'm2-1': 107.77, 'm3-1': 23.26, 'm4-1': 10.47, 'm5-1': 11.54, 'm6-1': 111.0, 'm7-1': 4.86, 'm8-1': 5.33}",0.952500000000029,147.575,inf,148.21,148.21,148.21
377,T9,BESTEFFORT,MISSED,m8-1,38.29,"{'m1-1': 24.68, 'm2-1': 104.04, 'm3-1': 28.38, 'm4-1': 10.29, 'm5-1': 10.07, 'm6-1': 103.85, 'm7-1': 5.56, 'm8-1': 4.85}",0.48299999999996146,147.96800000000002,inf,148.29,148.29,148.29
378,T8,BESTEFFORT,MISSED,m7-1,38.31,"{'m1-1': 24.84, 'm2-1': 99.55, 'm3-1': 25.12, 'm4-1': 11.21, 'm5-1': 11.56, 'm6-1': 111.07, 'm7-1': 4.89, 'm8-1': 5.42}",0.14999999999999147,148.21,inf,148.31,148.31,148.31
379,T3,BESTEFFORT,MISSED,m7-1,38.544,"{'m1-1': 24.68, 'm2-1': 107.56, 'm3-1': 25.28, 'm4-1': 10.06, 'm5-1': 10.54, 'm6-1': 108.59, 'm7-1': 5.44, 'm8-1': 5.23}",0.35099999999997067,148.31,inf,148.54399999999998,148.54399999999998,148.54399999999998
380,T7,BESTEFFORT,MISSED,m7-1,38.787,"{'m1-1': 28.34, 'm2-1': 102.45, 'm3-1': 26.78, 'm4-1': 11.7, 'm5-1': 10.5, 'm6-1': 103.07, 'm7-1': 4.98, 'm8-1': 5.79}",0.36450000000003513,148.54399999999998,inf,148.787,148.787,148.787
381,T5,BESTEFFORT,MISSED,m8-1,38.816,"{'m1-1': 28.12, 'm2-1': 108.39, 'm3-1': 27.29, 'm4-1': 10.86, 'm5-1': 10.06, 'm6-1': 109.69, 'm7-1': 4.92, 'm8-1': 4.96}",0.7890000000000157,148.29,inf,148.816,148.816,148.816
382,T9,BESTEFFORT,MISSED,m7-1,38.945,"{'m1-1': 29.13, 'm2-1': 109.63, 'm3-1': 29.23, 'm4-1': 10.74, 'm5-1': 10.62, 'm6-1': 99.62, 'm7-1': 4.89, 'm8-1': 4.98}",0.23699999999998056,148.787,inf,148.945,148.945,148.945
383,T9,BESTEFFORT,MISSED,m8-1,39.012,"{'m1-1': 24.88, 'm2-1': 101.67, 'm3-1': 25.73, 'm4-1': 10.84, 'm5-1': 9.75, 'm6-1': 108.79, 'm7-1': 4.89, 'm8-1': 5.18}",0.29399999999999693,148.816,inf,149.012,149.012,149.012
384,T6,BESTEFFORT,MISSED,m7-1,39.084,"{'m1-1': 25.82, 'm2-1': 104.36, 'm3-1': 28.35, 'm4-1': 9.88, 'm5-1': 9.88, 'm6-1': 115.22, 'm7-1': 5.02, 'm8-1': 5.31}",0.208500000000015,148.945,inf,149.084,149.084,149.084
385,T5,BESTEFFORT,MISSED,m8-1,39.12,"{'m1-1': 25.92, 'm2-1': 103.64, 'm3-1': 27.63, 'm4-1': 9.93, 'm5-1': 10.25, 'm6-1': 105.26, 'm7-1': 5.77, 'm8-1': 5.24}",0.16200000000000614,149.012,inf,149.12,149.12,149.12
386,T1,BESTEFFORT,MISSED,m7-1,39.189,"{'m1-1': 25.38, 'm2-1': 96.27, 'm3-1': 28.53, 'm4-1': 10.94, 'm5-1': 10.17, 'm6-1': 98.34, 'm7-1': 4.91, 'm8-1': 5.56}",0.15749999999998465,149.084,inf,149.189,149.189,149.189
387,T9,BESTEFFORT,MISSED,m7-1,39.208,"{'m1-1': 24.62, 'm2-1': 107.22, 'm3-1': 26.76, 'm4-1': 10.04, 'm5-1': 9.58, 'm6-1': 99.29, 'm7-1': 5.65, 'm8-1': 5.07}",0.028500000000008185,149.189,inf,149.208,149.208,149.208
388,T8,BESTEFFORT,MISSED,m7-1,39.286,"{'m1-1': 25.64, 'm2-1': 107.54, 'm3-1': 22.93, 'm4-1': 10.82, 'm5-1': 10.2, 'm6-1': 111.42, 'm7-1': 5.45, 'm8-1': 5.55}",0.11700000000000443,149.208,inf,149.286,149.286,149.286
389,T6,BESTEFFORT,MISSED,m8-1,39.486,"{'m1-1': 24.37, 'm2-1': 99.85, 'm3-1': 24.32, 'm4-1': 10.9, 'm5-1': 10.11, 'm6-1': 104.89, 'm7-1': 5.23, 'm8-1': 4.91}",0.5489999999999782,149.12,inf,149.486,149.486,149.486
390,T1,BESTEFFORT,MISSED,m7-1,39.534,"{'m1-1': 29.43, 'm2-1': 98.98, 'm3-1': 26.14, 'm4-1': 10.36, 'm5-1': 11.0, 'm6-1': 105.12, 'm7-1': 5.45, 'm8-1': 5.34}",0.3719999999999857,149.286,inf,149.534,149.534,149.534
391,T8,BESTEFFORT,MISSED,m7-1,39.666,"{'m1-1': 25.28, 'm2-1': 109.42, 'm3-1': 25.77, 'm4-1': 9.97, 'm5-1': 10.83, 'm6-1': 108.93, 'm7-1': 4.77, 'm8-1': 5.79}",0.1980000000000075,149.534,inf,149.666,149.666,149.666
392,T8,BESTEFFORT,MISSED,m7-1,39.786,"{'m1-1': 25.8, 'm2-1': 105.64, 'm3-1': 25.52, 'm4-1': 9.75, 'm5-1': 10.61, 'm6-1': 100.14, 'm7-1': 4.67, 'm8-1': 5.6}",0.18000000000000682,149.666,inf,149.786,149.786,149.786
393,T10,BESTEFFORT,MISSED,m7-1,39.974,"{'m1-1': 27.37, 'm2-1': 102.3, 'm3-1': 28.23, 'm4-1': 9.21, 'm5-1': 11.2, 'm6-1': 98.01, 'm7-1': 5.28, 'm8-1': 4.85}",0.28199999999998226,149.786,inf,149.974,149.974,149.974
394,T8,BESTEFFORT,MISSED,m7-1,40.024,"{'m1-1': 27.73, 'm2-1': 109.31, 'm3-1': 26.28, 'm4-1': 10.24, 'm5-1': 10.29, 'm6-1': 100.44, 'm7-1': 4.92, 'm8-1': 5.0}",0.07500000000001705,149.974,inf,150.024,150.024,150.024
395,T8,BESTEFFORT,MISSED,m7-1,40.241,"{'m1-1': 24.88, 'm2-1': 105.22, 'm3-1': 25.49, 'm4-1': 11.35, 'm5-1': 10.84, 'm6-1': 117.82, 'm7-1': 4.82, 'm8-1': 5.72}",0.3254999999999768,150.024,inf,150.24099999999999,150.24099999999999,150.24099999999999
396,T1,BESTEFFORT,MISSED,m8-1,40.266,"{'m1-1': 27.32, 'm2-1': 106.61, 'm3-1': 25.86, 'm4-1': 11.27, 'm5-1': 10.32, 'm6-1': 113.18, 'm7-1': 4.74, 'm8-1': 4.8}",1.1700000000000017,149.486,inf,150.266,150.266,150.266
397,T4,BESTEFFORT,MISSED,m7-1,40.312,"{'m1-1': 26.78, 'm2-1': 114.17, 'm3-1': 25.36, 'm4-1': 9.46, 'm5-1': 10.32, 'm6-1': 103.16, 'm7-1': 5.54, 'm8-1': 5.07}",0.10650000000003956,150.24099999999999,inf,150.312,150.312,150.312
398,T5,BESTEFFORT,MISSED,m8-1,40.633,"{'m1-1': 28.9, 'm2-1': 106.81, 'm3-1': 24.6, 'm4-1': 10.43, 'm5-1': 11.16, 'm6-1': 117.56, 'm7-1': 5.55, 'm8-1': 4.99}",0.550500000000028,150.266,inf,150.633,150.633,150.633
399,T6,BESTEFFORT,MISSED,m8-1,40.85,"{'m1-1': 23.51, 'm2-1': 104.28, 'm3-1': 24.35, 'm4-1': 9.5, 'm5-1': 9.82, 'm6-1': 115.84, 'm7-1': 5.61, 'm8-1': 5.1}",0.3254999999999768,150.633,inf,150.85,150.85,150.85
400,T5,BESTEFFORT,MISSED,m8-1,40.905,"{'m1-1': 28.5, 'm2-1': 98.84, 'm3-1': 26.87, 'm4-1': 10.84, 'm5-1': 10.4, 'm6-1': 106.25, 'm7-1': 5.36, 'm8-1': 5.06}",0.08250000000001023,150.85,inf,150.905,150.905,150.905
401,T9,BESTEFFORT,MISSED,m8-1,40.972,"{'m1-1': 25.55, 'm2-1': 104.81, 'm3-1': 26.64, 'm4-1': 10.77, 'm5-1': 10.34, 'm6-1': 99.52, 'm7-1': 5.43, 'm8-1': 4.94}",0.10050000000001091,150.905,inf,150.972,150.972,150.972
402,T2,BESTEFFORT,MISSED,m8-1,41.35,"{'m1-1': 25.34, 'm2-1': 106.67, 'm3-1': 27.01, 'm4-1': 10.53, 'm5-1': 9.9, 'm6-1': 111.92, 'm7-1': 4.96, 'm8-1': 4.87}",0.5669999999999789,150.972,inf,151.35,151.35,151.35
403,T8,BESTEFFORT,MISSED,m8-1,41.355,"{'m1-1': 28.04, 'm2-1': 98.58, 'm3-1': 25.56, 'm4-1': 9.87, 'm5-1': 11.74, 'm6-1': 116.22, 'm7-1': 5.0, 'm8-1': 5.41}",0.007499999999993179,151.35,inf,151.355,151.355,151.355
404,T6,BESTEFFORT,MISSED,m8-1,41.383,"{'m1-1': 25.92, 'm2-1': 103.76, 'm3-1': 24.43, 'm4-1': 9.74, 'm5-1': 10.14, 'm6-1': 110.12, 'm7-1': 5.28, 'm8-1': 5.44}",0.04200000000003001,151.355,inf,151.383,151.383,151.383
405,T9,BESTEFFORT,MISSED,m8-1,41.451,"{'m1-1': 26.66, 'm2-1': 94.48, 'm3-1': 29.36, 'm4-1': 10.42, 'm5-1': 10.44, 'm6-1': 106.24, 'm7-1': 5.4, 'm8-1': 4.87}",0.10199999999997544,151.383,inf,151.451,151.451,151.451
406,T5,BESTEFFORT,MISSED,m7-1,41.545,"{'m1-1': 28.59, 'm2-1': 103.64, 'm3-1': 24.52, 'm4-1': 10.23, 'm5-1': 11.16, 'm6-1': 114.4, 'm7-1': 5.56, 'm8-1': 5.2}",1.8495000000000061,150.312,inf,151.54500000000002,151.54500000000002,151.54500000000002
407,T6,BESTEFFORT,MISSED,m7-1,41.584,"{'m1-1': 24.09, 'm2-1': 106.09, 'm3-1': 28.24, 'm4-1': 9.56, 'm5-1': 9.21, 'm6-1': 100.08, 'm7-1': 5.32, 'm8-1': 4.97}",0.0584999999999809,151.54500000000002,inf,151.584,151.584,151.584
408,T9,BESTEFFORT,MISSED,m7-1,41.64,"{'m1-1': 27.12, 'm2-1': 109.42, 'm3-1': 25.16, 'm4-1': 9.83, 'm5-1': 10.48, 'm6-1': 111.54, 'm7-1': 5.17, 'm8-1': 5.06}",0.08399999999997476,151.584,inf,151.64,151.64,151.64
409,T6,BESTEFFORT,MISSED,m8-1,41.697,"{'m1-1': 27.0, 'm2-1': 106.76, 'm3-1': 27.07, 'm4-1': 9.69, 'm5-1': 9.81, 'm6-1': 99.94, 'm7-1': 4.9, 'm8-1': 5.2}",0.369000000000014,151.451,inf,151.697,151.697,151.697
410,T3,BESTEFFORT,MISSED,m7-1,41.958,"{'m1-1': 24.56, 'm2-1': 102.02, 'm3-1': 28.0, 'm4-1': 9.97, 'm5-1': 10.31, 'm6-1': 98.71, 'm7-1': 5.55, 'm8-1': 5.55}",0.4770000000000181,151.64,inf,151.958,151.958,151.958
411,T7,BESTEFFORT,MISSED,m7-1,42.177,"{'m1-1': 24.32, 'm2-1': 101.74, 'm3-1': 26.89, 'm4-1': 11.42, 'm5-1': 9.87, 'm6-1': 105.18, 'm7-1': 4.93, 'm8-1': 5.14}",0.32849999999999113,151.958,inf,152.177,152.177,152.177
412,T10,BESTEFFORT,MISSED,m7-1,42.228,"{'m1-1': 25.55, 'm2-1': 100.69, 'm3-1': 25.96, 'm4-1': 10.5, 'm5-1': 10.11, 'm6-1': 103.31, 'm7-1': 5.0, 'm8-1': 5.59}",0.07650000000002422,152.177,inf,152.228,152.228,152.228
413,T4,BESTEFFORT,MISSED,m7-1,42.231,"{'m1-1': 29.19, 'm2-1': 110.06, 'm3-1': 25.84, 'm4-1': 9.92, 'm5-1': 9.81, 'm6-1': 106.26, 'm7-1': 4.88, 'm8-1': 5.53}",0.004499999999978854,152.228,inf,152.231,152.231,152.231
414,T4,BESTEFFORT,MISSED,m7-1,42.316,"{'m1-1': 26.68, 'm2-1': 109.01, 'm3-1': 23.02, 'm4-1': 10.1, 'm5-1': 10.7, 'm6-1': 106.52, 'm7-1': 5.58, 'm8-1': 5.72}",0.12750000000001194,152.231,inf,152.316,152.316,152.316
415,T1,BESTEFFORT,MISSED,m7-1,42.362,"{'m1-1': 28.91, 'm2-1': 111.07, 'm3-1': 25.32, 'm4-1': 10.94, 'm5-1': 10.77, 'm6-1': 107.74, 'm7-1': 5.26, 'm8-1': 5.66}",0.0689999999999884,152.316,inf,152.362,152.362,152.362
416,T7,BESTEFFORT,MISSED,m7-1,42.393,"{'m1-1': 27.16, 'm2-1': 104.82, 'm3-1': 27.28, 'm4-1': 11.01, 'm5-1': 10.65, 'm6-1': 108.4, 'm7-1': 4.78, 'm8-1': 5.38}",0.04650000000000887,152.362,inf,152.393,152.393,152.393
417,T8,BESTEFFORT,MISSED,m7-1,42.416,"{'m1-1': 28.95, 'm2-1': 113.0, 'm3-1': 26.38, 'm4-1': 10.34, 'm5-1': 11.78, 'm6-1': 109.08, 'm7-1': 4.87, 'm8-1': 5.62}",0.0344999999999942,152.393,inf,152.416,152.416,152.416
418,T6,BESTEFFORT,MISSED,m8-1,42.746,"{'m1-1': 24.1, 'm2-1': 99.44, 'm3-1': 25.61, 'm4-1': 9.88, 'm5-1': 10.31, 'm6-1': 97.77, 'm7-1': 5.3, 'm8-1': 5.68}",1.57350000000001,151.697,inf,152.746,152.746,152.746
419,T10,BESTEFFORT,MISSED,m8-1,42.808,"{'m1-1': 26.2, 'm2-1': 110.03, 'm3-1': 25.7, 'm4-1': 9.95, 'm5-1': 11.06, 'm6-1': 105.5, 'm7-1': 5.22, 'm8-1': 5.53}",0.0929999999999751,152.746,inf,152.808,152.808,152.808
420,T10,BESTEFFORT,MISSED,m7-1,42.813,"{'m1-1': 26.88, 'm2-1': 105.86, 'm3-1': 25.42, 'm4-1': 9.55, 'm5-1': 10.86, 'm6-1': 99.36, 'm7-1': 5.53, 'm8-1': 5.07}",0.595499999999987,152.416,inf,152.813,152.813,152.813
421,T4,BESTEFFORT,MISSED,m8-1,42.926,"{'m1-1': 25.76, 'm2-1': 107.47, 'm3-1': 23.23, 'm4-1': 10.0, 'm5-1': 10.17, 'm6-1': 106.79, 'm7-1': 4.77, 'm8-1': 5.33}",0.1769999999999925,152.808,inf,152.926,152.926,152.926
422,T8,BESTEFFORT,MISSED,m7-1,42.971,"{'m1-1': 24.69, 'm2-1': 95.96, 'm3-1': 26.06, 'm4-1': 10.56, 'm5-1': 11.74, 'm6-1': 101.78, 'm7-1': 5.03, 'm8-1': 5.14}",0.2370000000000232,152.813,inf,152.971,152.971,152.971
423,T8,BESTEFFORT,MISSED,m7-1,43.113,"{'m1-1': 27.54, 'm2-1': 105.26, 'm3-1': 22.93, 'm4-1': 11.08, 'm5-1': 10.52, 'm6-1': 105.66, 'm7-1': 4.65, 'm8-1': 5.63}",0.21299999999999386,152.971,inf,153.113,153.113,153.113
424,T5,BESTEFFORT,MISSED,m8-1,43.118,"{'m1-1': 29.48, 'm2-1': 94.09, 'm3-1': 24.87, 'm4-1': 10.18, 'm5-1': 10.06, 'm6-1': 107.72, 'm7-1': 5.42, 'm8-1': 5.36}",0.2880000000000109,152.926,inf,153.118,153.118,153.118
425,T8,BESTEFFORT,MISSED,m8-1,43.178,"{'m1-1': 26.23, 'm2-1': 107.99, 'm3-1': 23.85, 'm4-1': 9.58, 'm5-1': 11.25, 'm6-1': 117.62, 'm7-1': 5.01, 'm8-1': 5.15}",0.09000000000000341,153.118,inf,153.178,153.178,153.178
426,T6,BESTEFFORT,MISSED,m8-1,43.219,"{'m1-1': 23.25, 'm2-1': 100.08, 'm3-1': 25.11, 'm4-1': 9.54, 'm5-1': 9.89, 'm6-1': 97.77, 'm7-1': 5.67, 'm8-1': 5.25}",0.061499999999995225,153.178,inf,153.219,153.219,153.219
427,T5,BESTEFFORT,MISSED,m7-1,43.329,"{'m1-1': 28.71, 'm2-1': 97.59, 'm3-1': 26.34, 'm4-1': 10.22, 'm5-1': 10.21, 'm6-1': 105.81, 'm7-1': 4.95, 'm8-1': 5.47}",0.3240000000000123,153.113,inf,153.329,153.329,153.329
428,T10,BESTEFFORT,MISSED,m8-1,43.513,"{'m1-1': 25.18, 'm2-1': 98.77, 'm3-1': 27.36, 'm4-1': 9.68, 'm5-1': 10.48, 'm6-1': 105.66, 'm7-1': 5.12, 'm8-1': 4.96}",0.4410000000000167,153.219,inf,153.513,153.513,153.513
429,T6,BESTEFFORT,MISSED,m8-1,43.587,"{'m1-1': 25.65, 'm2-1': 115.09, 'm3-1': 26.99, 'm4-1': 10.71, 'm5-1': 10.38, 'm6-1': 114.81, 'm7-1': 5.82, 'm8-1': 5.0}",0.11099999999997578,153.513,inf,153.587,153.587,153.587
430,T2,BESTEFFORT,MISSED,m8-1,43.6,"{'m1-1': 28.34, 'm2-1': 111.3, 'm3-1': 27.05, 'm4-1': 10.76, 'm5-1': 11.09, 'm6-1': 110.7, 'm7-1': 5.42, 'm8-1': 5.37}",0.019500000000007844,153.587,inf,153.6,153.6,153.6
431,T2,BESTEFFORT,MISSED,m8-1,43.645,"{'m1-1': 27.55, 'm2-1': 107.36, 'm3-1': 24.78, 'm4-1': 10.76, 'm5-1': 9.83, 'm6-1': 102.97, 'm7-1': 5.37, 'm8-1': 4.83}",0.06750000000002387,153.6,inf,153.645,153.645,153.645
432,T1,BESTEFFORT,MISSED,m7-1,43.822,"{'m1-1': 24.95, 'm2-1': 101.32, 'm3-1': 28.57, 'm4-1': 10.4, 'm5-1': 11.07, 'm6-1': 107.6, 'm7-1': 5.28, 'm8-1': 5.62}",0.7394999999999925,153.329,inf,153.822,153.822,153.822
433,T10,BESTEFFORT,MISSED,m8-1,43.909,"{'m1-1': 24.73, 'm2-1': 109.89, 'm3-1': 28.0, 'm4-1': 9.84, 'm5-1': 10.56, 'm6-1': 99.78, 'm7-1': 5.58, 'm8-1': 5.39}",0.3959999999999724,153.645,inf,153.909,153.909,153.909
434,T10,BESTEFFORT,MISSED,m7-1,44.128,"{'m1-1': 25.98, 'm2-1': 102.33, 'm3-1': 25.98, 'm4-1': 10.61, 'm5-1': 10.02, 'm6-1': 109.51, 'm7-1': 4.88, 'm8-1': 5.66}",0.45899999999997476,153.822,inf,154.128,154.128,154.128
435,T9,BESTEFFORT,MISSED,m8-1,44.195,"{'m1-1': 26.41, 'm2-1': 93.9, 'm3-1': 25.86, 'm4-1': 11.16, 'm5-1': 9.45, 'm6-1': 95.75, 'm7-1': 5.1, 'm8-1': 5.13}",0.42900000000000205,153.909,inf,154.195,154.195,154.195
436,T7,BESTEFFORT,MISSED,m7-1,44.2,"{'m1-1': 28.19, 'm2-1': 107.75, 'm3-1': 24.01, 'm4-1': 10.21, 'm5-1': 10.96, 'm6-1': 109.7, 'm7-1': 5.28, 'm8-1': 5.74}",0.10800000000000409,154.128,inf,154.2,154.2,154.2
437,T6,BESTEFFORT,MISSED,m7-1,44.223,"{'m1-1': 25.42, 'm2-1': 114.9, 'm3-1': 25.08, 'm4-1': 10.76, 'm5-1': 10.05, 'm6-1': 108.97, 'm7-1': 5.21, 'm8-1': 5.42}",0.034500000000036835,154.2,inf,154.223,154.223,154.223
438,T8,BESTEFFORT,MISSED,m8-1,44.278,"{'m1-1': 24.71, 'm2-1': 99.34, 'm3-1': 25.0, 'm4-1': 10.95, 'm5-1': 10.2, 'm6-1': 116.98, 'm7-1': 4.99, 'm8-1': 5.24}",0.12449999999999761,154.195,inf,154.278,154.278,154.278
439,T7,BESTEFFORT,MISSED,m7-1,44.447,"{'m1-1': 24.96, 'm2-1': 104.61, 'm3-1': 26.68, 'm4-1': 10.98, 'm5-1': 10.86, 'm6-1': 100.69, 'm7-1': 4.69, 'm8-1': 5.51}",0.3359999999999843,154.223,inf,154.447,154.447,154.447
440,T6,BESTEFFORT,MISSED,m7-1,44.593,"{'m1-1': 26.93, 'm2-1': 107.99, 'm3-1': 25.95, 'm4-1': 9.97, 'm5-1': 10.22, 'm6-1': 107.52, 'm7-1': 5.11, 'm8-1': 5.12}",0.2190000000000225,154.447,inf,154.59300000000002,154.59300000000002,154.59300000000002
441,T8,BESTEFFORT,MISSED,m7-1,44.601,"{'m1-1': 24.75, 'm2-1': 109.15, 'm3-1': 25.56, 'm4-1': 9.62, 'm5-1': 11.56, 'm6-1': 100.12, 'm7-1': 5.21, 'm8-1': 5.84}",0.011999999999972033,154.59300000000002,inf,154.601,154.601,154.601
442,T8,BESTEFFORT,MISSED,m8-1,44.635,"{'m1-1': 28.91, 'm2-1': 112.46, 'm3-1': 22.94, 'm4-1': 9.63, 'm5-1': 10.47, 'm6-1': 108.79, 'm7-1': 5.46, 'm8-1': 5.76}",0.535499999999999,154.278,inf,154.635,154.635,154.635
443,T9,BESTEFFORT,MISSED,m8-1,44.697,"{'m1-1': 25.14, 'm2-1': 103.57, 'm3-1': 26.98, 'm4-1': 10.52, 'm5-1': 9.92, 'm6-1': 104.89, 'm7-1': 5.65, 'm8-1': 5.43}",0.09300000000001774,154.635,inf,154.697,154.697,154.697
444,T8,BESTEFFORT,MISSED,m7-1,44.712,"{'m1-1': 25.42, 'm2-1': 96.13, 'm3-1': 25.47, 'm4-1': 10.01, 'm5-1': 10.92, 'm6-1': 105.51, 'm7-1': 4.76, 'm8-1': 5.07}",0.166499999999985,154.601,inf,154.712,154.712,154.712
445,T4,BESTEFFORT,MISSED,m7-1,44.736,"{'m1-1': 25.89, 'm2-1': 109.76, 'm3-1': 25.32, 'm4-1': 10.43, 'm5-1': 11.16, 'm6-1': 114.35, 'm7-1': 5.24, 'm8-1': 5.62}",0.036000000000001364,154.712,inf,154.736,154.736,154.736
446,T10,BESTEFFORT,MISSED,m8-1,44.812,"{'m1-1': 27.39, 'm2-1': 99.66, 'm3-1': 28.03, 'm4-1': 10.68, 'm5-1': 10.92, 'm6-1': 100.94, 'm7-1': 4.8, 'm8-1': 4.78}",0.17250000000001364,154.697,inf,154.812,154.812,154.812
447,T6,BESTEFFORT,MISSED,m8-1,45.292,"{'m1-1': 27.09, 'm2-1': 110.07, 'm3-1': 27.85, 'm4-1': 10.73, 'm5-1': 10.69, 'm6-1': 108.72, 'm7-1': 5.72, 'm8-1': 5.68}",0.7199999999999847,154.812,inf,155.292,155.292,155.292
448,T6,BESTEFFORT,MISSED,m7-1,45.373,"{'m1-1': 26.31, 'm2-1': 109.39, 'm3-1': 26.21, 'm4-1': 9.54, 'm5-1': 10.73, 'm6-1': 108.17, 'm7-1': 5.22, 'm8-1': 5.34}",0.9555000000000007,154.736,inf,155.373,155.373,155.373
449,T7,BESTEFFORT,MISSED,m7-1,45.402,"{'m1-1': 25.75, 'm2-1': 97.31, 'm3-1': 26.81, 'm4-1': 10.98, 'm5-1': 10.84, 'm6-1': 97.51, 'm7-1': 4.71, 'm8-1': 4.92}",0.04349999999999454,155.373,inf,155.402,155.402,155.402
450,T1,BESTEFFORT,MISSED,m7-1,45.468,"{'m1-1': 27.15, 'm2-1': 104.77, 'm3-1': 26.05, 'm4-1': 11.72, 'm5-1': 10.06, 'm6-1': 104.21, 'm7-1': 5.24, 'm8-1': 5.45}",0.09900000000004638,155.402,inf,155.46800000000002,155.46800000000002,155.46800000000002
451,T5,BESTEFFORT,MISSED,m7-1,45.47,"{'m1-1': 25.72, 'm2-1': 108.25, 'm3-1': 25.33, 'm4-1': 10.94, 'm5-1': 11.11, 'm6-1': 110.65, 'm7-1': 5.01, 'm8-1': 4.83}",0.002999999999971692,155.46800000000002,inf,155.47,155.47,155.47
452,T8,BESTEFFORT,MISSED,m7-1,45.487,"{'m1-1': 24.99, 'm2-1': 105.52, 'm3-1': 27.02, 'm4-1': 10.02, 'm5-1': 10.95, 'm6-1': 104.08, 'm7-1': 4.93, 'm8-1': 5.44}",0.02549999999999386,155.47,inf,155.487,155.487,155.487
453,T4,BESTEFFORT,MISSED,m7-1,45.563,"{'m1-1': 26.66, 'm2-1': 115.33, 'm3-1': 24.44, 'm4-1': 9.72, 'm5-1': 11.39, 'm6-1': 108.93, 'm7-1': 5.58, 'm8-1': 5.58}",0.11399999999999011,155.487,inf,155.563,155.563,155.563
454,T8,BESTEFFORT,MISSED,m7-1,45.607,"{'m1-1': 27.62, 'm2-1': 107.06, 'm3-1': 24.88, 'm4-1': 10.03, 'm5-1': 11.61, 'm6-1': 102.06, 'm7-1': 4.66, 'm8-1': 5.07}",0.06600000000001671,155.563,inf,155.607,155.607,155.607
455,T3,BESTEFFORT,MISSED,m8-1,45.64,"{'m1-1': 25.83, 'm2-1': 104.86, 'm3-1': 26.69, 'm4-1': 9.83, 'm5-1': 10.02, 'm6-1': 102.74, 'm7-1': 5.17, 'm8-1': 5.25}",0.5219999999999771,155.292,inf,155.64,155.64,155.64
456,T5,BESTEFFORT,MISSED,m8-1,45.649,"{'m1-1': 26.46, 'm2-1': 98.08, 'm3-1': 27.56, 'm4-1': 10.98, 'm5-1': 10.29, 'm6-1': 112.33, 'm7-1': 5.19, 'm8-1': 4.96}",0.013500000000021828,155.64,inf,155.649,155.649,155.649
457,T1,BESTEFFORT,MISSED,m7-1,45.66,"{'m1-1': 28.25, 'm2-1': 105.45, 'm3-1': 28.13, 'm4-1': 11.8, 'm5-1': 11.3, 'm6-1': 107.37, 'm7-1': 4.73, 'm8-1': 5.22}",0.07949999999999591,155.607,inf,155.66,155.66,155.66
458,T10,BESTEFFORT,MISSED,m7-1,45.727,"{'m1-1': 27.16, 'm2-1': 95.41, 'm3-1': 24.94, 'm4-1': 9.47, 'm5-1': 10.23, 'm6-1': 111.28, 'm7-1': 5.42, 'm8-1': 5.06}",0.10050000000001091,155.66,inf,155.727,155.727,155.727
459,T8,BESTEFFORT,MISSED,m7-1,45.745,"{'m1-1': 27.1, 'm2-1': 110.81, 'm3-1': 24.72, 'm4-1': 9.95, 'm5-1': 10.35, 'm6-1': 102.31, 'm7-1': 4.67, 'm8-1': 5.03}",0.027000000000001023,155.727,inf,155.745,155.745,155.745
460,T8,BESTEFFORT,MISSED,m7-1,45.934,"{'m1-1': 25.92, 'm2-1': 102.78, 'm3-1': 24.09, 'm4-1': 9.75, 'm5-1': 10.91, 'm6-1': 106.51, 'm7-1': 5.26, 'm8-1': 5.81}",0.2834999999999894,155.745,inf,155.934,155.934,155.934
461,T3,BESTEFFORT,MISSED,m8-1,46.037,"{'m1-1': 23.4, 'm2-1': 98.87, 'm3-1': 27.1, 'm4-1': 10.3, 'm5-1': 9.83, 'm6-1': 100.53, 'm7-1': 5.47, 'm8-1': 5.06}",0.5820000000000078,155.649,inf,156.037,156.037,156.037
462,T4,BESTEFFORT,MISSED,m8-1,46.083,"{'m1-1': 28.53, 'm2-1': 111.58, 'm3-1': 26.63, 'm4-1': 10.01, 'm5-1': 11.39, 'm6-1': 103.48, 'm7-1': 5.05, 'm8-1': 5.81}",0.0689999999999884,156.037,inf,156.083,156.083,156.083
463,T4,BESTEFFORT,MISSED,m7-1,46.097,"{'m1-1': 24.83, 'm2-1': 105.83, 'm3-1': 24.72, 'm4-1': 10.41, 'm5-1': 11.41, 'm6-1': 102.11, 'm7-1': 5.02, 'm8-1': 5.13}",0.24450000000001637,155.934,inf,156.097,156.097,156.097
464,T3,BESTEFFORT,MISSED,m8-1,46.169,"{'m1-1': 25.68, 'm2-1': 102.53, 'm3-1': 24.54, 'm4-1': 9.83, 'm5-1': 9.6, 'm6-1': 102.93, 'm7-1': 5.13, 'm8-1': 4.86}",0.12899999999997647,156.083,inf,156.16899999999998,156.16899999999998,156.16899999999998
465,T4,BESTEFFORT,MISSED,m7-1,46.351,"{'m1-1': 27.87, 'm2-1': 109.53, 'm3-1': 26.38, 'm4-1': 10.51, 'm5-1': 11.57, 'm6-1': 100.68, 'm7-1': 4.7, 'm8-1': 5.08}",0.380999999999986,156.097,inf,156.351,156.351,156.351
466,T6,BESTEFFORT,MISSED,m8-1,46.358,"{'m1-1': 25.56, 'm2-1': 106.7, 'm3-1': 26.16, 'm4-1': 11.0, 'm5-1': 9.48, 'm6-1': 106.51, 'm7-1': 5.49, 'm8-1': 5.07}",0.28350000000003206,156.16899999999998,inf,156.358,156.358,156.358
467,T4,BESTEFFORT,MISSED,m7-1,46.368,"{'m1-1': 28.07, 'm2-1': 110.66, 'm3-1': 25.36, 'm4-1': 10.85, 'm5-1': 10.7, 'm6-1': 113.6, 'm7-1': 5.26, 'm8-1': 5.64}",0.02549999999999386,156.351,inf,156.368,156.368,156.368
468,T7,BESTEFFORT,MISSED,m8-1,46.7,"{'m1-1': 24.02, 'm2-1': 102.86, 'm3-1': 24.27, 'm4-1': 10.95, 'm5-1': 10.44, 'm6-1': 98.69, 'm7-1': 4.8, 'm8-1': 5.06}",0.5129999999999768,156.358,inf,156.7,156.7,156.7
469,T8,BESTEFFORT,MISSED,m8-1,46.717,"{'m1-1': 27.13, 'm2-1': 109.25, 'm3-1': 23.37, 'm4-1': 10.14, 'm5-1': 10.42, 'm6-1': 108.27, 'm7-1': 4.92, 'm8-1': 5.79}",0.02549999999999386,156.7,inf,156.71699999999998,156.71699999999998,156.71699999999998
470,T6,BESTEFFORT,MISSED,m7-1,46.733,"{'m1-1': 24.74, 'm2-1': 107.31, 'm3-1': 24.46, 'm4-1': 11.06, 'm5-1': 9.99, 'm6-1': 104.4, 'm7-1': 5.72, 'm8-1': 5.71}",0.5475000000000136,156.368,inf,156.733,156.733,156.733
471,T3,BESTEFFORT,MISSED,m7-1,47.003,"{'m1-1': 25.6, 'm2-1': 100.95, 'm3-1': 28.28, 'm4-1': 10.03, 'm5-1': 9.88, 'm6-1': 112.39, 'm7-1': 5.57, 'm8-1': 4.93}",0.4049999999999727,156.733,inf,157.003,157.003,157.003
472,T2,BESTEFFORT,MISSED,m7-1,47.086,"{'m1-1': 26.54, 'm2-1': 112.22, 'm3-1': 27.34, 'm4-1': 11.43, 'm5-1': 11.2, 'm6-1': 100.4, 'm7-1': 4.79, 'm8-1': 5.13}",0.12450000000004025,157.003,inf,157.086,157.086,157.086
473,T6,BESTEFFORT,MISSED,m7-1,47.265,"{'m1-1': 23.52, 'm2-1': 109.5, 'm3-1': 26.84, 'm4-1': 10.37, 'm5-1': 10.28, 'm6-1': 108.48, 'm7-1': 5.64, 'm8-1': 5.72}",0.26849999999996044,157.086,inf,157.265,157.265,157.265
474,T3,BESTEFFORT,MISSED,m7-1,47.421,"{'m1-1': 26.6, 'm2-1': 108.34, 'm3-1': 27.27, 'm4-1': 10.21, 'm5-1': 10.07, 'm6-1': 112.44, 'm7-1': 5.6, 'm8-1': 5.05}",0.23400000000000887,157.265,inf,157.421,157.421,157.421
475,T8,BESTEFFORT,MISSED,m7-1,47.55,"{'m1-1': 27.25, 'm2-1': 98.69, 'm3-1': 23.99, 'm4-1': 10.87, 'm5-1': 11.66, 'm6-1': 110.9, 'm7-1': 5.11, 'm8-1': 5.59}",0.19350000000002865,157.421,inf,157.55,157.55,157.55
476,T2,BESTEFFORT,MISSED,m8-1,47.643,"{'m1-1': 28.01, 'm2-1': 98.27, 'm3-1': 27.55, 'm4-1': 10.63, 'm5-1': 10.1, 'm6-1': 99.05, 'm7-1': 5.34, 'm8-1': 5.05}",1.3890000000000242,156.71699999999998,inf,157.643,157.643,157.643
477,T4,BESTEFFORT,MISSED,m7-1,47.734,"{'m1-1': 26.59, 'm2-1': 101.58, 'm3-1': 26.29, 'm4-1': 10.2, 'm5-1': 10.77, 'm6-1': 106.04, 'm7-1': 5.41, 'm8-1': 5.42}",0.0,157.734,inf,157.734,157.734,157.734
478,T8,BESTEFFORT,MISSED,m7-1,47.734,"{'m1-1': 25.91, 'm2-1': 104.71, 'm3-1': 26.34, 'm4-1': 9.6, 'm5-1': 10.15, 'm6-1': 100.15, 'm7-1': 5.1, 'm8-1': 5.84}",0.27599999999999625,157.55,inf,157.734,157.734,157.734
479,T9,BESTEFFORT,MISSED,m8-1,47.839,"{'m1-1': 25.08, 'm2-1': 97.02, 'm3-1': 28.58, 'm4-1': 11.03, 'm5-1': 10.05, 'm6-1': 100.07, 'm7-1': 5.58, 'm8-1': 5.15}",0.29399999999999693,157.643,inf,157.839,157.839,157.839
480,T3,BESTEFFORT,MISSED,m8-1,47.996,"{'m1-1': 25.02, 'm2-1': 99.63, 'm3-1': 25.32, 'm4-1': 10.46, 'm5-1': 10.56, 'm6-1': 98.12, 'm7-1': 5.8, 'm8-1': 5.51}",0.23550000000001603,157.839,inf,157.996,157.996,157.996
481,T9,BESTEFFORT,MISSED,m8-1,48.156,"{'m1-1': 27.0, 'm2-1': 106.56, 'm3-1': 29.13, 'm4-1': 11.35, 'm5-1': 10.97, 'm6-1': 108.3, 'm7-1': 4.97, 'm8-1': 4.94}",0.23999999999999488,157.996,inf,158.156,158.156,158.156
482,T3,BESTEFFORT,MISSED,m7-1,48.169,"{'m1-1': 25.04, 'm2-1': 103.82, 'm3-1': 28.33, 'm4-1': 9.48, 'm5-1': 9.72, 'm6-1': 104.44, 'm7-1': 5.67, 'm8-1': 5.03}",0.6524999999999608,157.734,inf,158.16899999999998,158.16899999999998,158.16899999999998
483,T9,BESTEFFORT,MISSED,m7-1,48.226,"{'m1-1': 28.64, 'm2-1': 102.53, 'm3-1': 29.2, 'm4-1': 9.95, 'm5-1': 11.16, 'm6-1': 102.82, 'm7-1': 5.66, 'm8-1': 5.32}",0.08550000000002456,158.16899999999998,inf,158.226,158.226,158.226
484,T8,BESTEFFORT,MISSED,m7-1,48.284,"{'m1-1': 28.06, 'm2-1': 110.89, 'm3-1': 24.79, 'm4-1': 10.8, 'm5-1': 11.34, 'm6-1': 115.39, 'm7-1': 4.94, 'm8-1': 5.6}",0.08699999999998909,158.226,inf,158.284,158.284,158.284
485,T3,BESTEFFORT,MISSED,m7-1,48.359,"{'m1-1': 23.37, 'm2-1': 95.35, 'm3-1': 26.36, 'm4-1': 10.0, 'm5-1': 11.06, 'm6-1': 98.39, 'm7-1': 5.01, 'm8-1': 5.14}",0.11250000000002558,158.284,inf,158.359,158.359,158.359
486,T9,BESTEFFORT,MISSED,m8-1,48.97,"{'m1-1': 27.11, 'm2-1': 109.22, 'm3-1': 26.87, 'm4-1': 11.1, 'm5-1': 10.66, 'm6-1': 98.02, 'm7-1': 4.83, 'm8-1': 4.8}",1.2209999999999894,158.156,inf,158.97,158.97,158.97
487,T6,BESTEFFORT,MISSED,m8-1,48.98,"{'m1-1': 26.54, 'm2-1': 100.55, 'm3-1': 25.98, 'm4-1': 10.9, 'm5-1': 10.44, 'm6-1': 109.08, 'm7-1': 4.94, 'm8-1': 5.61}",0.014999999999986358,158.97,inf,158.98,158.98,158.98
488,T10,BESTEFFORT,MISSED,m8-1,49.086,"{'m1-1': 25.63, 'm2-1': 103.25, 'm3-1': 25.04, 'm4-1': 10.22, 'm5-1': 10.85, 'm6-1': 110.96, 'm7-1': 5.56, 'm8-1': 5.28}",0.15900000000003445,158.98,inf,159.086,159.086,159.086
489,T7,BESTEFFORT,MISSED,m7-1,49.158,"{'m1-1': 24.08, 'm2-1': 94.92, 'm3-1': 24.89, 'm4-1': 11.02, 'm5-1': 10.75, 'm6-1': 107.18, 'm7-1': 4.65, 'm8-1': 5.81}",1.19850000000001,158.359,inf,159.15800000000002,159.15800000000002,159.15800000000002
490,T8,BESTEFFORT,MISSED,m7-1,49.215,"{'m1-1': 27.75, 'm2-1': 113.47, 'm3-1': 23.54, 'm4-1': 10.13, 'm5-1': 11.42, 'm6-1': 102.9, 'm7-1': 5.24, 'm8-1': 5.69}",0.08549999999998192,159.15800000000002,inf,159.215,159.215,159.215
491,T6,BESTEFFORT,MISSED,m7-1,49.352,"{'m1-1': 24.27, 'm2-1': 97.82, 'm3-1': 28.4, 'm4-1': 9.78, 'm5-1': 10.44, 'm6-1': 114.89, 'm7-1': 4.94, 'm8-1': 5.43}",0.20550000000000068,159.215,inf,159.352,159.352,159.352
492,T5,BESTEFFORT,MISSED,m7-1,49.41,"{'m1-1': 27.03, 'm2-1': 93.52, 'm3-1': 26.02, 'm4-1': 10.7, 'm5-1': 10.43, 'm6-1': 106.01, 'm7-1': 5.07, 'm8-1': 4.75}",0.08699999999998909,159.352,inf,159.41,159.41,159.41
493,T8,BESTEFFORT,MISSED,m7-1,49.485,"{'m1-1': 27.65, 'm2-1': 99.47, 'm3-1': 23.73, 'm4-1': 10.16, 'm5-1': 11.35, 'm6-1': 100.34, 'm7-1': 5.44, 'm8-1': 5.81}",0.11250000000002558,159.41,inf,159.485,159.485,159.485
494,T10,BESTEFFORT,MISSED,m7-1,49.531,"{'m1-1': 27.94, 'm2-1': 95.06, 'm3-1': 26.84, 'm4-1': 10.17, 'm5-1': 11.37, 'm6-1': 115.64, 'm7-1': 4.88, 'm8-1': 5.28}",0.0689999999999884,159.485,inf,159.531,159.531,159.531
495,T4,BESTEFFORT,MISSED,m7-1,49.687,"{'m1-1': 26.83, 'm2-1': 99.8, 'm3-1': 26.6, 'm4-1': 9.82, 'm5-1': 11.31, 'm6-1': 100.93, 'm7-1': 5.56, 'm8-1': 5.19}",0.23400000000000887,159.531,inf,159.687,159.687,159.687
496,T3,BESTEFFORT,MISSED,m7-1,49.784,"{'m1-1': 26.61, 'm2-1': 104.49, 'm3-1': 27.09, 'm4-1': 10.87, 'm5-1': 9.94, 'm6-1': 97.1, 'm7-1': 5.55, 'm8-1': 5.27}",0.14549999999997,159.687,inf,159.784,159.784,159.784
497,T9,BESTEFFORT,MISSED,m8-1,49.843,"{'m1-1': 29.16, 'm2-1': 107.46, 'm3-1': 29.1, 'm4-1': 10.91, 'm5-1': 9.45, 'm6-1': 102.3, 'm7-1': 5.36, 'm8-1': 5.25}",1.1355000000000075,159.086,inf,159.84300000000002,159.84300000000002,159.84300000000002
498,T7,BESTEFFORT,MISSED,m7-1,49.89,"{'m1-1': 27.96, 'm2-1': 109.68, 'm3-1': 25.78, 'm4-1': 11.83, 'm5-1': 10.46, 'm6-1': 100.1, 'm7-1': 4.72, 'm8-1': 5.35}",0.15899999999999181,159.784,inf,159.89,159.89,159.89
499,T5,BESTEFFORT,MISSED,m8-1,49.973,"{'m1-1': 27.16, 'm2-1': 95.73, 'm3-1': 27.7, 'm4-1': 10.64, 'm5-1': 10.06, 'm6-1': 100.66, 'm7-1': 5.42, 'm8-1': 4.94}",0.19499999999999318,159.84300000000002,inf,159.973,159.973,159.973
500,T4,BESTEFFORT,MISSED,m7-1,50.072,"{'m1-1': 27.3, 'm2-1': 116.41, 'm3-1': 23.6, 'm4-1': 9.3, 'm5-1': 11.44, 'm6-1': 104.5, 'm7-1': 5.2, 'm8-1': 5.74}",0.27300000000002456,159.89,inf,160.072,160.072,160.072
501,T7,BESTEFFORT,MISSED,m7-1,50.198,"{'m1-1': 28.32, 'm2-1': 104.14, 'm3-1': 23.36, 'm4-1': 10.74, 'm5-1': 9.35, 'm6-1': 106.24, 'm7-1': 5.12, 'm8-1': 5.0}",0.18900000000000716,160.072,inf,160.198,160.198,160.198
502,T4,BESTEFFORT,MISSED,m7-1,50.239,"{'m1-1': 27.96, 'm2-1': 100.45, 'm3-1': 26.38, 'm4-1': 9.88, 'm5-1': 10.57, 'm6-1': 100.71, 'm7-1': 5.07, 'm8-1': 5.09}",0.061499999999995225,160.198,inf,160.239,160.239,160.239
503,T3,BESTEFFORT,MISSED,m8-1,50.249,"{'m1-1': 25.98, 'm2-1': 104.4, 'm3-1': 24.54, 'm4-1': 9.48, 'm5-1': 10.23, 'm6-1': 106.2, 'm7-1': 5.1, 'm8-1': 5.38}",0.41399999999997306,159.973,inf,160.249,160.249,160.249
504,T3,BESTEFFORT,MISSED,m7-1,50.294,"{'m1-1': 26.82, 'm2-1': 95.58, 'm3-1': 27.02, 'm4-1': 9.62, 'm5-1': 11.0, 'm6-1': 109.83, 'm7-1': 5.43, 'm8-1': 5.3}",0.0,160.29399999999998,inf,160.29399999999998,160.29399999999998,160.29399999999998
505,T7,BESTEFFORT,MISSED,m7-1,50.294,"{'m1-1': 25.42, 'm2-1': 98.46, 'm3-1': 23.8, 'm4-1': 11.73, 'm5-1': 9.51, 'm6-1': 99.79, 'm7-1': 5.38, 'm8-1': 5.29}",0.0824999999999676,160.239,inf,160.29399999999998,160.29399999999998,160.29399999999998
506,T6,BESTEFFORT,MISSED,m7-1,50.379,"{'m1-1': 27.24, 'm2-1': 115.66, 'm3-1': 26.1, 'm4-1': 9.63, 'm5-1': 9.8, 'm6-1': 110.26, 'm7-1': 5.82, 'm8-1': 5.3}",0.12750000000001194,160.29399999999998,inf,160.379,160.379,160.379
507,T1,BESTEFFORT,MISSED,m7-1,50.407,"{'m1-1': 28.18, 'm2-1': 105.46, 'm3-1': 27.71, 'm4-1': 10.91, 'm5-1': 11.04, 'm6-1': 98.65, 'm7-1': 5.08, 'm8-1': 5.0}",0.04199999999998738,160.379,inf,160.40699999999998,160.40699999999998,160.40699999999998
508,T1,BESTEFFORT,MISSED,m7-1,50.545,"{'m1-1': 28.53, 'm2-1': 98.18, 'm3-1': 26.13, 'm4-1': 10.44, 'm5-1': 10.72, 'm6-1': 97.7, 'm7-1': 4.98, 'm8-1': 5.33}",0.20700000000005048,160.40699999999998,inf,160.54500000000002,160.54500000000002,160.54500000000002
509,T7,BESTEFFORT,MISSED,m7-1,50.889,"{'m1-1': 25.13, 'm2-1': 98.37, 'm3-1': 23.35, 'm4-1': 11.08, 'm5-1': 10.23, 'm6-1': 106.86, 'm7-1': 5.36, 'm8-1': 4.94}",0.5159999999999911,160.54500000000002,inf,160.889,160.889,160.889
510,T4,BESTEFFORT,MISSED,m7-1,50.891,"{'m1-1': 29.08, 'm2-1': 113.54, 'm3-1': 26.94, 'm4-1': 10.46, 'm5-1': 11.37, 'm6-1': 102.19, 'm7-1': 5.54, 'm8-1': 5.64}",0.002999999999971692,160.889,inf,160.891,160.891,160.891
511,T10,BESTEFFORT,MISSED,m8-1,51.024,"{'m1-1': 26.66, 'm2-1': 97.04, 'm3-1': 25.92, 'm4-1': 9.84, 'm5-1': 11.06, 'm6-1': 108.65, 'm7-1': 4.85, 'm8-1': 5.24}",1.1625000000000085,160.249,inf,161.024,161.024,161.024
512,T7,BESTEFFORT,MISSED,m7-1,51.192,"{'m1-1': 25.04, 'm2-1': 101.46, 'm3-1': 26.15, 'm4-1': 11.02, 'm5-1': 9.7, 'm6-1': 102.84, 'm7-1': 5.33, 'm8-1': 5.13}",0.4515000000000242,160.891,inf,161.192,161.192,161.192
513,T3,BESTEFFORT,MISSED,m7-1,51.391,"{'m1-1': 27.25, 'm2-1': 96.55, 'm3-1': 27.48, 'm4-1': 9.73, 'm5-1': 10.95, 'm6-1': 103.07, 'm7-1': 5.46, 'm8-1': 4.87}",0.2984999999999758,161.192,inf,161.391,161.391,161.391
514,T7,BESTEFFORT,MISSED,m7-1,51.451,"{'m1-1': 27.69, 'm2-1': 100.74, 'm3-1': 24.67, 'm4-1': 11.72, 'm5-1': 10.5, 'm6-1': 99.43, 'm7-1': 5.14, 'm8-1': 5.72}",0.09000000000000341,161.391,inf,161.451,161.451,161.451
515,T4,BESTEFFORT,MISSED,m7-1,51.619,"{'m1-1': 25.09, 'm2-1': 102.64, 'm3-1': 24.26, 'm4-1': 10.48, 'm5-1': 11.18, 'm6-1': 111.59, 'm7-1': 5.19, 'm8-1': 5.25}",0.25200000000000955,161.451,inf,161.619,161.619,161.619
516,T8,BESTEFFORT,MISSED,m7-1,51.724,"{'m1-1': 24.86, 'm2-1': 99.74, 'm3-1': 24.4, 'm4-1': 10.02, 'm5-1': 10.13, 'm6-1': 101.16, 'm7-1': 5.44, 'm8-1': 5.66}",0.15749999999998465,161.619,inf,161.724,161.724,161.724
517,T10,BESTEFFORT,MISSED,m7-1,51.844,"{'m1-1': 27.88, 'm2-1': 95.13, 'm3-1': 26.02, 'm4-1': 10.84, 'm5-1': 10.31, 'm6-1': 107.64, 'm7-1': 5.12, 'm8-1': 5.56}",0.18000000000000682,161.724,inf,161.844,161.844,161.844
518,T2,BESTEFFORT,MISSED,m7-1,52.201,"{'m1-1': 26.48, 'm2-1': 109.53, 'm3-1': 28.08, 'm4-1': 11.44, 'm5-1': 11.15, 'm6-1': 111.0, 'm7-1': 4.8, 'm8-1': 5.48}",0.535499999999999,161.844,inf,162.201,162.201,162.201
519,T10,BESTEFFORT,MISSED,m8-1,52.291,"{'m1-1': 25.49, 'm2-1': 101.69, 'm3-1': 28.21, 'm4-1': 10.15, 'm5-1': 9.64, 'm6-1': 114.96, 'm7-1': 5.36, 'm8-1': 5.3}",1.9004999999999939,161.024,inf,162.291,162.291,162.291
520,T1,BESTEFFORT,MISSED,m7-1,52.398,"{'m1-1': 29.35, 'm2-1': 110.08, 'm3-1': 24.32, 'm4-1': 11.82, 'm5-1': 10.43, 'm6-1': 109.19, 'm7-1': 4.71, 'm8-1': 5.03}",0.2955000000000041,162.201,inf,162.398,162.398,162.398
521,T4,BESTEFFORT,MISSED,m8-1,52.499,"{'m1-1': 26.14, 'm2-1': 100.84, 'm3-1': 23.46, 'm4-1': 10.5, 'm5-1': 9.81, 'm6-1': 115.32, 'm7-1': 4.82, 'm8-1': 5.38}",0.3119999999999976,162.291,inf,162.499,162.499,162.499
522,T3,BESTEFFORT,MISSED,m8-1,52.694,"{'m1-1': 26.1, 'm2-1': 101.41, 'm3-1': 27.41, 'm4-1': 10.2, 'm5-1': 10.06, 'm6-1': 110.42, 'm7-1': 5.42, 'm8-1': 5.1}",0.2925000000000324,162.499,inf,162.69400000000002,162.69400000000002,162.69400000000002
523,T9,BESTEFFORT,MISSED,m8-1,52.731,"{'m1-1': 27.63, 'm2-1': 95.76, 'm3-1': 27.04, 'm4-1': 9.74, 'm5-1': 11.13, 'm6-1': 96.93, 'm7-1': 5.47, 'm8-1': 4.85}",0.055499999999966576,162.69400000000002,inf,162.731,162.731,162.731
524,T8,BESTEFFORT,MISSED,m7-1,52.832,"{'m1-1': 27.8, 'm2-1': 107.12, 'm3-1': 24.43, 'm4-1': 9.6, 'm5-1': 11.25, 'm6-1': 112.1, 'm7-1': 4.79, 'm8-1': 5.46}",0.6509999999999962,162.398,inf,162.832,162.832,162.832
525,T5,BESTEFFORT,MISSED,m7-1,52.943,"{'m1-1': 27.16, 'm2-1': 107.31, 'm3-1': 24.38, 'm4-1': 9.83, 'm5-1': 10.21, 'm6-1': 106.32, 'm7-1': 5.62, 'm8-1': 4.93}",0.166499999999985,162.832,inf,162.94299999999998,162.94299999999998,162.94299999999998
526,T1,BESTEFFORT,MISSED,m7-1,53.001,"{'m1-1': 25.36, 'm2-1': 108.14, 'm3-1': 28.48, 'm4-1': 9.99, 'm5-1': 10.1, 'm6-1': 113.88, 'm7-1': 5.05, 'm8-1': 5.18}",0.08700000000003172,162.94299999999998,inf,163.001,163.001,163.001
527,T4,BESTEFFORT,MISSED,m7-1,53.015,"{'m1-1': 26.43, 'm2-1': 114.58, 'm3-1': 25.91, 'm4-1': 10.27, 'm5-1': 11.1, 'm6-1': 106.25, 'm7-1': 5.48, 'm8-1': 4.98}",0.020999999999972374,163.001,inf,163.015,163.015,163.015
528,T4,BESTEFFORT,MISSED,m7-1,53.145,"{'m1-1': 29.3, 'm2-1': 105.38, 'm3-1': 23.54, 'm4-1': 9.78, 'm5-1': 10.36, 'm6-1': 113.32, 'm7-1': 5.09, 'm8-1': 4.95}",0.1950000000000358,163.015,inf,163.145,163.145,163.145
529,T2,BESTEFFORT,MISSED,m8-1,53.167,"{'m1-1': 28.46, 'm2-1': 112.31, 'm3-1': 25.74, 'm4-1': 11.43, 'm5-1': 11.07, 'm6-1': 109.06, 'm7-1': 4.68, 'm8-1': 5.0}",0.6540000000000106,162.731,inf,163.167,163.167,163.167
530,T2,BESTEFFORT,MISSED,m8-1,53.189,"{'m1-1': 25.52, 'm2-1': 96.36, 'm3-1': 28.9, 'm4-1': 10.65, 'm5-1': 10.73, 'm6-1': 110.94, 'm7-1': 5.04, 'm8-1': 5.09}",0.03299999999998704,163.167,inf,163.189,163.189,163.189
531,T4,BESTEFFORT,MISSED,m7-1,53.344,"{'m1-1': 25.67, 'm2-1': 112.26, 'm3-1': 22.91, 'm4-1': 10.62, 'm5-1': 10.34, 'm6-1': 101.78, 'm7-1': 5.58, 'm8-1': 4.95}",0.2984999999999758,163.145,inf,163.344,163.344,163.344
532,T2,BESTEFFORT,MISSED,m8-1,53.369,"{'m1-1': 26.11, 'm2-1': 102.69, 'm3-1': 24.92, 'm4-1': 11.67, 'm5-1': 10.33, 'm6-1': 98.67, 'm7-1': 5.43, 'm8-1': 5.11}",0.27000000000001023,163.189,inf,163.369,163.369,163.369
533,T3,BESTEFFORT,MISSED,m8-1,53.559,"{'m1-1': 23.71, 'm2-1': 97.52, 'm3-1': 26.02, 'm4-1': 9.55, 'm5-1': 10.8, 'm6-1': 97.41, 'm7-1': 4.99, 'm8-1': 4.83}",0.2849999999999966,163.369,inf,163.559,163.559,163.559
534,T7,BESTEFFORT,MISSED,m7-1,53.567,"{'m1-1': 24.08, 'm2-1': 99.35, 'm3-1': 25.82, 'm4-1': 10.45, 'm5-1': 10.54, 'm6-1': 109.42, 'm7-1': 4.64, 'm8-1': 4.96}",0.3345000000000198,163.344,inf,163.567,163.567,163.567
535,T1,BESTEFFORT,MISSED,m7-1,53.585,"{'m1-1': 25.04, 'm2-1': 101.38, 'm3-1': 27.7, 'm4-1': 10.57, 'm5-1': 10.55, 'm6-1': 97.98, 'm7-1': 4.98, 'm8-1': 5.17}",0.027000000000001023,163.567,inf,163.585,163.585,163.585
536,T7,BESTEFFORT,MISSED,m8-1,53.695,"{'m1-1': 26.33, 'm2-1': 107.54, 'm3-1': 23.73, 'm4-1': 10.22, 'm5-1': 10.33, 'm6-1': 111.01, 'm7-1': 5.35, 'm8-1': 4.92}",0.20399999999999352,163.559,inf,163.695,163.695,163.695
537,T8,BESTEFFORT,MISSED,m7-1,53.781,"{'m1-1': 28.22, 'm2-1': 107.76, 'm3-1': 22.99, 'm4-1': 10.34, 'm5-1': 10.35, 'm6-1': 105.03, 'm7-1': 4.99, 'm8-1': 5.31}",0.29399999999999693,163.585,inf,163.781,163.781,163.781
538,T7,BESTEFFORT,MISSED,m7-1,53.834,"{'m1-1': 27.02, 'm2-1': 101.26, 'm3-1': 23.07, 'm4-1': 10.63, 'm5-1': 9.38, 'm6-1': 101.09, 'm7-1': 4.97, 'm8-1': 5.26}",0.07949999999999591,163.781,inf,163.834,163.834,163.834
539,T7,BESTEFFORT,MISSED,m7-1,53.936,"{'m1-1': 26.97, 'm2-1': 103.64, 'm3-1': 24.31, 'm4-1': 11.14, 'm5-1': 9.91, 'm6-1': 105.41, 'm7-1': 5.16, 'm8-1': 5.74}",0.1530000000000058,163.834,inf,163.936,163.936,163.936
540,T2,BESTEFFORT,MISSED,m8-1,53.98,"{'m1-1': 26.11, 'm2-1': 105.21, 'm3-1': 27.64, 'm4-1': 10.47, 'm5-1': 11.33, 'm6-1': 104.23, 'm7-1': 4.78, 'm8-1': 5.02}",0.4274999999999949,163.695,inf,163.98,163.98,163.98
541,T10,BESTEFFORT,MISSED,m8-1,54.124,"{'m1-1': 24.76, 'm2-1': 99.26, 'm3-1': 27.47, 'm4-1': 9.78, 'm5-1': 11.12, 'm6-1': 113.82, 'm7-1': 5.67, 'm8-1': 5.11}",0.21600000000000819,163.98,inf,164.124,164.124,164.124
542,T7,BESTEFFORT,MISSED,m7-1,54.586,"{'m1-1': 24.52, 'm2-1': 102.26, 'm3-1': 24.34, 'm4-1': 10.06, 'm5-1': 10.43, 'm6-1': 98.72, 'm7-1': 5.15, 'm8-1': 5.68}",0.9750000000000085,163.936,inf,164.586,164.586,164.586
543,T5,BESTEFFORT,MISSED,m8-1,54.645,"{'m1-1': 25.95, 'm2-1': 95.39, 'm3-1': 23.79, 'm4-1': 10.19, 'm5-1': 10.6, 'm6-1': 115.68, 'm7-1': 5.33, 'm8-1': 5.0}",0.7815000000000225,164.124,inf,164.645,164.645,164.645
544,T5,BESTEFFORT,MISSED,m8-1,54.761,"{'m1-1': 27.3, 'm2-1': 101.94, 'm3-1': 25.94, 'm4-1': 9.92, 'm5-1': 11.18, 'm6-1': 110.63, 'm7-1': 5.36, 'm8-1': 4.8}",0.17399999999997817,164.645,inf,164.761,164.761,164.761
545,T8,BESTEFFORT,MISSED,m7-1,54.871,"{'m1-1': 24.61, 'm2-1': 96.22, 'm3-1': 23.97, 'm4-1': 10.15, 'm5-1': 11.7, 'm6-1': 105.71, 'm7-1': 4.82, 'm8-1': 5.41}",0.4274999999999949,164.586,inf,164.871,164.871,164.871
546,T5,BESTEFFORT,MISSED,m8-1,54.895,"{'m1-1': 27.7, 'm2-1': 108.73, 'm3-1': 27.53, 'm4-1': 9.68, 'm5-1': 10.04, 'm6-1': 107.67, 'm7-1': 5.57, 'm8-1': 5.19}",0.20100000000002183,164.761,inf,164.895,164.895,164.895
547,T9,BESTEFFORT,MISSED,m8-1,55.17,"{'m1-1': 27.01, 'm2-1': 109.93, 'm3-1': 26.36, 'm4-1': 10.24, 'm5-1': 10.31, 'm6-1': 105.16, 'm7-1': 5.06, 'm8-1': 5.1}",0.4125000000000085,164.895,inf,165.17000000000002,165.17000000000002,165.17000000000002
548,T5,BESTEFFORT,MISSED,m8-1,55.215,"{'m1-1': 26.46, 'm2-1': 97.6, 'm3-1': 23.53, 'm4-1': 10.24, 'm5-1': 10.8, 'm6-1': 103.86, 'm7-1': 5.32, 'm8-1': 4.76}",0.06749999999998124,165.17000000000002,inf,165.215,165.215,165.215
549,T4,BESTEFFORT,MISSED,m7-1,55.226,"{'m1-1': 27.26, 'm2-1': 105.63, 'm3-1': 25.4, 'm4-1': 10.8, 'm5-1': 10.43, 'm6-1': 98.06, 'm7-1': 5.2, 'm8-1': 5.0}",0.5324999999999847,164.871,inf,165.226,165.226,165.226
550,T1,BESTEFFORT,MISSED,m7-1,55.26,"{'m1-1': 28.53, 'm2-1': 110.6, 'm3-1': 26.94, 'm4-1': 11.85, 'm5-1': 9.63, 'm6-1': 109.22, 'm7-1': 5.19, 'm8-1': 5.52}",0.05099999999998772,165.226,inf,165.26,165.26,165.26
551,T5,BESTEFFORT,MISSED,m8-1,55.275,"{'m1-1': 25.2, 'm2-1': 107.64, 'm3-1': 26.39, 'm4-1': 9.73, 'm5-1': 10.29, 'm6-1': 109.83, 'm7-1': 5.82, 'm8-1': 4.87}",0.09000000000000341,165.215,inf,165.275,165.275,165.275
552,T1,BESTEFFORT,MISSED,m7-1,55.384,"{'m1-1': 28.23, 'm2-1': 95.97, 'm3-1': 27.06, 'm4-1': 11.86, 'm5-1': 10.65, 'm6-1': 109.0, 'm7-1': 4.76, 'm8-1': 5.14}",0.18600000000003547,165.26,inf,165.38400000000001,165.38400000000001,165.38400000000001
553,T7,BESTEFFORT,MISSED,m7-1,55.432,"{'m1-1': 24.99, 'm2-1': 109.77, 'm3-1': 25.88, 'm4-1': 10.94, 'm5-1': 9.66, 'm6-1': 109.4, 'm7-1': 4.83, 'm8-1': 5.77}",0.07200000000000273,165.38400000000001,inf,165.43200000000002,165.43200000000002,165.43200000000002
554,T10,BESTEFFORT,MISSED,m7-1,55.534,"{'m1-1': 24.66, 'm2-1': 103.19, 'm3-1': 25.96, 'm4-1': 9.33, 'm5-1': 10.15, 'm6-1': 111.22, 'm7-1': 5.41, 'm8-1': 4.78}",0.15299999999996317,165.43200000000002,inf,165.534,165.534,165.534
555,T1,BESTEFFORT,MISSED,m8-1,55.653,"{'m1-1': 25.64, 'm2-1': 104.3, 'm3-1': 27.97, 'm4-1': 10.18, 'm5-1': 10.02, 'm6-1': 98.13, 'm7-1': 4.85, 'm8-1': 5.42}",0.5669999999999789,165.275,inf,165.653,165.653,165.653
556,T6,BESTEFFORT,MISSED,m7-1,55.751,"{'m1-1': 24.74, 'm2-1': 112.52, 'm3-1': 27.71, 'm4-1': 10.64, 'm5-1': 10.13, 'm6-1': 115.66, 'm7-1': 5.49, 'm8-1': 4.94}",0.32550000000001944,165.534,inf,165.751,165.751,165.751
557,T1,BESTEFFORT,MISSED,m8-1,56.069,"{'m1-1': 29.35, 'm2-1': 111.79, 'm3-1': 25.31, 'm4-1': 10.2, 'm5-1': 10.09, 'm6-1': 102.87, 'm7-1': 5.09, 'm8-1': 5.03}",0.6240000000000379,165.653,inf,166.06900000000002,166.06900000000002,166.06900000000002
558,T1,BESTEFFORT,MISSED,m7-1,56.086,"{'m1-1': 29.55, 'm2-1': 102.14, 'm3-1': 25.26, 'm4-1': 10.54, 'm5-1': 9.69, 'm6-1': 115.52, 'm7-1': 5.27, 'm8-1': 5.16}",0.5025000000000119,165.751,inf,166.086,166.086,166.086
559,T3,BESTEFFORT,MISSED,m8-1,56.156,"{'m1-1': 27.17, 'm2-1': 94.42, 'm3-1': 28.42, 'm4-1': 11.02, 'm5-1': 11.2, 'm6-1': 98.58, 'm7-1': 5.4, 'm8-1': 5.22}",0.13049999999998363,166.06900000000002,inf,166.156,166.156,166.156
560,T9,BESTEFFORT,MISSED,m7-1,56.171,"{'m1-1': 24.89, 'm2-1': 97.36, 'm3-1': 25.74, 'm4-1': 11.3, 'm5-1': 11.04, 'm6-1': 100.47, 'm7-1': 5.33, 'm8-1': 5.35}",0.1274999999999693,166.086,inf,166.171,166.171,166.171
561,T9,BESTEFFORT,MISSED,m8-1,56.286,"{'m1-1': 27.55, 'm2-1': 106.71, 'm3-1': 28.25, 'm4-1': 10.36, 'm5-1': 10.02, 'm6-1': 100.88, 'm7-1': 5.44, 'm8-1': 4.61}",0.19499999999999318,166.156,inf,166.286,166.286,166.286
562,T6,BESTEFFORT,MISSED,m7-1,56.49,"{'m1-1': 26.76, 'm2-1': 99.13, 'm3-1': 27.65, 'm4-1': 9.55, 'm5-1': 9.59, 'm6-1': 112.84, 'm7-1': 5.74, 'm8-1': 5.39}",0.47850000000002524,166.171,inf,166.49,166.49,166.49
563,T4,BESTEFFORT,MISSED,m8-1,56.795,"{'m1-1': 25.38, 'm2-1': 115.37, 'm3-1': 27.03, 'm4-1': 9.81, 'm5-1': 9.88, 'm6-1': 101.03, 'm7-1': 5.54, 'm8-1': 5.79}",0.7635000000000218,166.286,inf,166.79500000000002,166.79500000000002,166.79500000000002
564,T1,BESTEFFORT,MISSED,m7-1,57.042,"{'m1-1': 28.2, 'm2-1': 103.32, 'm3-1': 25.56, 'm4-1': 10.3, 'm5-1': 9.9, 'm6-1': 102.53, 'm7-1': 4.79, 'm8-1': 5.16}",0.8279999999999887,166.49,inf,167.042,167.042,167.042
565,T2,BESTEFFORT,MISSED,m7-1,57.077,"{'m1-1': 24.66, 'm2-1': 112.37, 'm3-1': 24.86, 'm4-1': 9.99, 'm5-1': 10.62, 'm6-1': 99.68, 'm7-1': 5.46, 'm8-1': 5.16}",0.052499999999994884,167.042,inf,167.077,167.077,167.077
566,T10,BESTEFFORT,MISSED,m7-1,57.206,"{'m1-1': 27.19, 'm2-1': 103.54, 'm3-1': 25.78, 'm4-1': 9.31, 'm5-1': 10.93, 'm6-1': 116.08, 'm7-1': 4.88, 'm8-1': 5.41}",0.19350000000002865,167.077,inf,167.20600000000002,167.20600000000002,167.20600000000002
567,T7,BESTEFFORT,MISSED,m7-1,57.214,"{'m1-1': 25.18, 'm2-1': 94.8, 'm3-1': 24.63, 'm4-1': 10.34, 'm5-1': 10.3, 'm6-1': 102.22, 'm7-1': 4.94, 'm8-1': 5.11}",0.011999999999972033,167.20600000000002,inf,167.214,167.214,167.214
568,T9,BESTEFFORT,MISSED,m8-1,57.338,"{'m1-1': 27.94, 'm2-1': 101.5, 'm3-1': 28.89, 'm4-1': 10.48, 'm5-1': 10.76, 'm6-1': 109.21, 'm7-1': 5.58, 'm8-1': 4.69}",0.8144999999999669,166.79500000000002,inf,167.338,167.338,167.338
569,T3,BESTEFFORT,MISSED,m8-1,57.436,"{'m1-1': 25.64, 'm2-1': 103.72, 'm3-1': 27.45, 'm4-1': 11.11, 'm5-1': 10.64, 'm6-1': 107.7, 'm7-1': 5.72, 'm8-1': 5.41}",0.14700000000001978,167.338,inf,167.436,167.436,167.436
570,T7,BESTEFFORT,MISSED,m7-1,57.438,"{'m1-1': 25.82, 'm2-1': 93.91, 'm3-1': 27.16, 'm4-1': 11.54, 'm5-1': 10.97, 'm6-1': 104.25, 'm7-1': 5.02, 'm8-1': 5.54}",0.3359999999999843,167.214,inf,167.438,167.438,167.438
571,T8,BESTEFFORT,MISSED,m7-1,57.6,"{'m1-1': 25.35, 'm2-1': 107.7, 'm3-1': 23.2, 'm4-1': 10.6, 'm5-1': 10.44, 'm6-1': 105.88, 'm7-1': 5.07, 'm8-1': 5.87}",0.2430000000000092,167.438,inf,167.6,167.6,167.6
572,T3,BESTEFFORT,MISSED,m8-1,57.605,"{'m1-1': 27.17, 'm2-1': 101.88, 'm3-1': 27.6, 'm4-1': 9.46, 'm5-1': 9.63, 'm6-1': 110.74, 'm7-1': 5.62, 'm8-1': 5.27}",0.2534999999999741,167.436,inf,167.605,167.605,167.605
573,T7,BESTEFFORT,MISSED,m7-1,57.645,"{'m1-1': 25.6, 'm2-1': 95.71, 'm3-1': 25.02, 'm4-1': 11.13, 'm5-1': 9.69, 'm6-1': 111.49, 'm7-1': 5.01, 'm8-1': 5.6}",0.06750000000002387,167.6,inf,167.645,167.645,167.645
574,T8,BESTEFFORT,MISSED,m7-1,57.775,"{'m1-1': 25.86, 'm2-1': 104.27, 'm3-1': 25.96, 'm4-1': 10.56, 'm5-1': 11.86, 'm6-1': 100.46, 'm7-1': 5.21, 'm8-1': 5.39}",0.19499999999999318,167.645,inf,167.775,167.775,167.775
575,T2,BESTEFFORT,MISSED,m8-1,57.896,"{'m1-1': 27.64, 'm2-1': 104.8, 'm3-1': 27.27, 'm4-1': 11.45, 'm5-1': 10.01, 'm6-1': 111.82, 'm7-1': 5.25, 'm8-1': 5.62}",0.43650000000003786,167.605,inf,167.89600000000002,167.89600000000002,167.89600000000002
576,T7,BESTEFFORT,MISSED,m8-1,58.075,"{'m1-1': 25.54, 'm2-1': 97.74, 'm3-1': 24.25, 'm4-1': 11.18, 'm5-1': 9.64, 'm6-1': 99.69, 'm7-1': 4.75, 'm8-1': 5.41}",0.26849999999996044,167.89600000000002,inf,168.075,168.075,168.075
577,T5,BESTEFFORT,MISSED,m8-1,58.182,"{'m1-1': 25.69, 'm2-1': 99.34, 'm3-1': 27.12, 'm4-1': 10.06, 'm5-1': 9.96, 'm6-1': 115.4, 'm7-1': 4.98, 'm8-1': 4.96}",0.1605000000000416,168.075,inf,168.18200000000002,168.18200000000002,168.18200000000002
578,T3,BESTEFFORT,MISSED,m8-1,58.22,"{'m1-1': 26.85, 'm2-1': 99.44, 'm3-1': 24.82, 'm4-1': 11.06, 'm5-1': 10.07, 'm6-1': 104.4, 'm7-1': 5.22, 'm8-1': 5.07}",0.05699999999997374,168.18200000000002,inf,168.22,168.22,168.22
579,T5,BESTEFFORT,MISSED,m8-1,58.284,"{'m1-1': 26.51, 'm2-1': 104.62, 'm3-1': 23.44, 'm4-1': 10.5, 'm5-1': 10.43, 'm6-1': 107.12, 'm7-1': 5.01, 'm8-1': 5.58}",0.09599999999998943,168.22,inf,168.284,168.284,168.284
580,T2,BESTEFFORT,MISSED,m7-1,58.503,"{'m1-1': 25.69, 'm2-1': 96.3, 'm3-1': 26.86, 'm4-1': 11.68, 'm5-1': 9.73, 'm6-1': 108.58, 'm7-1': 5.26, 'm8-1': 5.19}",1.0919999999999703,167.775,inf,168.503,168.503,168.503
581,T5,BESTEFFORT,MISSED,m8-1,58.538,"{'m1-1': 27.21, 'm2-1': 105.05, 'm3-1': 23.76, 'm4-1': 9.78, 'm5-1': 9.92, 'm6-1': 119.22, 'm7-1': 5.46, 'm8-1': 4.77}",0.38100000000002865,168.284,inf,168.538,168.538,168.538
582,T2,BESTEFFORT,MISSED,m8-1,58.629,"{'m1-1': 27.81, 'm2-1': 102.6, 'm3-1': 27.13, 'm4-1': 9.98, 'm5-1': 10.71, 'm6-1': 105.96, 'm7-1': 5.08, 'm8-1': 5.32}",0.13649999999996965,168.538,inf,168.629,168.629,168.629
583,T6,BESTEFFORT,MISSED,m7-1,58.707,"{'m1-1': 26.56, 'm2-1': 106.62, 'm3-1': 24.69, 'm4-1': 10.43, 'm5-1': 9.65, 'm6-1': 102.74, 'm7-1': 5.17, 'm8-1': 5.01}",0.3060000000000116,168.503,inf,168.707,168.707,168.707
584,T6,BESTEFFORT,MISSED,m7-1,58.796,"{'m1-1': 26.9, 'm2-1': 115.14, 'm3-1': 25.97, 'm4-1': 9.86, 'm5-1': 10.4, 'm6-1': 111.55, 'm7-1': 5.29, 'm8-1': 4.92}",0.13349999999999795,168.707,inf,168.796,168.796,168.796
585,T6,BESTEFFORT,MISSED,m8-1,58.824,"{'m1-1': 23.3, 'm2-1': 115.7, 'm3-1': 24.74, 'm4-1': 10.48, 'm5-1': 9.95, 'm6-1': 103.54, 'm7-1': 5.72, 'm8-1': 5.61}",0.2925000000000324,168.629,inf,168.824,168.824,168.824
586,T10,BESTEFFORT,MISSED,m8-1,58.844,"{'m1-1': 24.86, 'm2-1': 96.25, 'm3-1': 27.52, 'm4-1': 9.68, 'm5-1': 11.02, 'm6-1': 100.91, 'm7-1': 5.6, 'm8-1': 4.92}",0.029999999999972715,168.824,inf,168.844,168.844,168.844
587,T5,BESTEFFORT,MISSED,m7-1,59.036,"{'m1-1': 26.45, 'm2-1': 103.04, 'm3-1': 26.46, 'm4-1': 10.29, 'm5-1': 10.71, 'm6-1': 108.82, 'm7-1': 5.57, 'm8-1': 5.54}",0.36000000000001364,168.796,inf,169.036,169.036,169.036
588,T5,BESTEFFORT,MISSED,m8-1,59.217,"{'m1-1': 24.99, 'm2-1': 97.36, 'm3-1': 25.77, 'm4-1': 10.4, 'm5-1': 10.16, 'm6-1': 114.99, 'm7-1': 5.38, 'm8-1': 5.52}",0.5594999999999857,168.844,inf,169.21699999999998,169.21699999999998,169.21699999999998
589,T4,BESTEFFORT,MISSED,m7-1,59.256,"{'m1-1': 28.32, 'm2-1': 113.06, 'm3-1': 26.88, 'm4-1': 9.7, 'm5-1': 11.31, 'm6-1': 113.9, 'm7-1': 5.35, 'm8-1': 5.39}",0.3299999999999983,169.036,inf,169.256,169.256,169.256
590,T6,BESTEFFORT,MISSED,m7-1,59.298,"{'m1-1': 26.94, 'm2-1': 107.05, 'm3-1': 25.4, 'm4-1': 11.01, 'm5-1': 10.54, 'm6-1': 112.3, 'm7-1': 5.38, 'm8-1': 5.61}",0.06300000000000239,169.256,inf,169.298,169.298,169.298
591,T4,BESTEFFORT,MISSED,m8-1,59.309,"{'m1-1': 28.47, 'm2-1': 104.55, 'm3-1': 23.15, 'm4-1': 9.52, 'm5-1': 11.3, 'm6-1': 106.19, 'm7-1': 5.53, 'm8-1': 4.95}",0.13800000000001944,169.21699999999998,inf,169.309,169.309,169.309
592,T3,BESTEFFORT,MISSED,m8-1,59.374,"{'m1-1': 23.71, 'm2-1': 93.35, 'm3-1': 27.25, 'm4-1': 11.11, 'm5-1': 10.41, 'm6-1': 104.52, 'm7-1': 5.44, 'm8-1': 5.36}",0.09749999999999659,169.309,inf,169.374,169.374,169.374
593,T10,BESTEFFORT,MISSED,m8-1,59.385,"{'m1-1': 24.71, 'm2-1': 109.11, 'm3-1': 26.78, 'm4-1': 9.72, 'm5-1': 11.1, 'm6-1': 115.83, 'm7-1': 4.87, 'm8-1': 4.92}",0.01649999999999352,169.374,inf,169.385,169.385,169.385
594,T7,BESTEFFORT,MISSED,m7-1,59.467,"{'m1-1': 25.2, 'm2-1': 95.75, 'm3-1': 27.17, 'm4-1': 11.45, 'm5-1': 10.53, 'm6-1': 108.02, 'm7-1': 5.27, 'm8-1': 5.07}",0.2534999999999741,169.298,inf,169.46699999999998,169.46699999999998,169.46699999999998
595,T2,BESTEFFORT,MISSED,m7-1,59.544,"{'m1-1': 24.44, 'm2-1': 95.29, 'm3-1': 25.8, 'm4-1': 10.23, 'm5-1': 10.75, 'm6-1': 106.03, 'm7-1': 5.26, 'm8-1': 5.51}",0.11549999999999727,169.46699999999998,inf,169.54399999999998,169.54399999999998,169.54399999999998
596,T2,BESTEFFORT,MISSED,m8-1,59.563,"{'m1-1': 27.48, 'm2-1': 104.14, 'm3-1': 28.0, 'm4-1': 11.34, 'm5-1': 11.37, 'm6-1': 109.78, 'm7-1': 4.91, 'm8-1': 5.65}",0.2669999999999959,169.385,inf,169.563,169.563,169.563
597,T2,BESTEFFORT,MISSED,m8-1,59.584,"{'m1-1': 25.94, 'm2-1': 103.72, 'm3-1': 25.49, 'm4-1': 10.7, 'm5-1': 10.92, 'm6-1': 101.79, 'm7-1': 5.2, 'm8-1': 5.17}",0.03150000000002251,169.563,inf,169.584,169.584,169.584
598,T5,BESTEFFORT,MISSED,m8-1,59.69,"{'m1-1': 27.71, 'm2-1': 104.82, 'm3-1': 24.94, 'm4-1': 9.93, 'm5-1': 10.66, 'm6-1': 104.9, 'm7-1': 5.01, 'm8-1': 5.24}",0.15899999999999181,169.584,inf,169.69,169.69,169.69
599,T8,BESTEFFORT,MISSED,m7-1,59.699,"{'m1-1': 24.53, 'm2-1': 107.42, 'm3-1': 26.52, 'm4-1': 10.94, 'm5-1': 10.98, 'm6-1': 99.65, 'm7-1': 5.38, 'm8-1': 5.2}",0.23250000000004434,169.54399999999998,inf,169.699,169.699,169.699
600,T9,BESTEFFORT,MISSED,m8-1,59.701,"{'m1-1': 27.54, 'm2-1': 97.97, 'm3-1': 27.22, 'm4-1': 10.78, 'm5-1': 10.44, 'm6-1': 101.99, 'm7-1': 5.57, 'm8-1': 4.71}",0.01649999999999352,169.69,inf,169.701,169.701,169.701
601,T6,BESTEFFORT,MISSED,m8-1,59.886,"{'m1-1': 25.07, 'm2-1': 101.75, 'm3-1': 24.9, 'm4-1': 9.82, 'm5-1': 10.72, 'm6-1': 115.6, 'm7-1': 5.47, 'm8-1': 4.89}",0.2775000000000034,169.701,inf,169.886,169.886,169.886
602,T5,BESTEFFORT,MISSED,m8-1,59.907,"{'m1-1': 28.06, 'm2-1': 95.74, 'm3-1': 26.95, 'm4-1': 11.16, 'm5-1': 10.76, 'm6-1': 111.77, 'm7-1': 4.93, 'm8-1': 4.85}",0.03149999999997988,169.886,inf,169.90699999999998,169.90699999999998,169.90699999999998
603,T10,BESTEFFORT,MISSED,m7-1,59.981,"{'m1-1': 28.57, 'm2-1': 110.8, 'm3-1': 26.34, 'm4-1': 9.9, 'm5-1': 9.88, 'm6-1': 107.92, 'm7-1': 4.88, 'm8-1': 5.15}",0.4229999999999734,169.699,inf,169.981,169.981,169.981
604,T5,BESTEFFORT,MISSED,m7-1,60.028,"{'m1-1': 29.24, 'm2-1': 101.25, 'm3-1': 26.95, 'm4-1': 10.96, 'm5-1': 10.84, 'm6-1': 109.1, 'm7-1': 5.71, 'm8-1': 5.49}",0.07049999999999557,169.981,inf,170.028,170.028,170.028
605,T5,BESTEFFORT,MISSED,m7-1,60.121,"{'m1-1': 27.88, 'm2-1': 111.15, 'm3-1': 27.12, 'm4-1': 10.26, 'm5-1': 10.43, 'm6-1': 111.38, 'm7-1': 4.92, 'm8-1': 5.36}",0.1395000000000266,170.028,inf,170.121,170.121,170.121
606,T4,BESTEFFORT,MISSED,m8-1,60.291,"{'m1-1': 25.63, 'm2-1': 111.75, 'm3-1': 24.01, 'm4-1': 9.52, 'm5-1': 10.36, 'm6-1': 112.8, 'm7-1': 5.21, 'm8-1': 5.44}",0.5760000000000218,169.90699999999998,inf,170.291,170.291,170.291
607,T1,BESTEFFORT,MISSED,m7-1,60.311,"{'m1-1': 29.35, 'm2-1': 108.19, 'm3-1': 28.65, 'm4-1': 10.47, 'm5-1': 10.85, 'm6-1': 101.01, 'm7-1': 5.02, 'm8-1': 5.03}",0.2849999999999966,170.121,inf,170.311,170.311,170.311
608,T9,BESTEFFORT,MISSED,m8-1,60.529,"{'m1-1': 24.7, 'm2-1': 99.28, 'm3-1': 26.79, 'm4-1': 10.8, 'm5-1': 10.25, 'm6-1': 99.57, 'm7-1': 5.41, 'm8-1': 5.18}",0.3569999999999993,170.291,inf,170.529,170.529,170.529
609,T7,BESTEFFORT,MISSED,m7-1,60.636,"{'m1-1': 26.35, 'm2-1': 93.83, 'm3-1': 26.61, 'm4-1': 10.22, 'm5-1': 10.88, 'm6-1': 102.72, 'm7-1': 4.92, 'm8-1': 5.44}",0.48749999999998295,170.311,inf,170.636,170.636,170.636
610,T6,BESTEFFORT,MISSED,m8-1,60.729,"{'m1-1': 23.03, 'm2-1': 106.89, 'm3-1': 26.12, 'm4-1': 10.34, 'm5-1': 9.85, 'm6-1': 113.63, 'm7-1': 4.99, 'm8-1': 5.16}",0.29999999999998295,170.529,inf,170.72899999999998,170.72899999999998,170.72899999999998
611,T5,BESTEFFORT,MISSED,m7-1,60.751,"{'m1-1': 27.78, 'm2-1': 102.47, 'm3-1': 26.16, 'm4-1': 9.71, 'm5-1': 11.11, 'm6-1': 115.96, 'm7-1': 5.52, 'm8-1': 4.95}",0.17250000000001364,170.636,inf,170.751,170.751,170.751
612,T10,BESTEFFORT,MISSED,m7-1,60.858,"{'m1-1': 26.34, 'm2-1': 96.81, 'm3-1': 26.57, 'm4-1': 10.76, 'm5-1': 11.08, 'm6-1': 113.08, 'm7-1': 5.32, 'm8-1': 4.98}",0.16049999999999898,170.751,inf,170.858,170.858,170.858
613,T3,BESTEFFORT,MISSED,m8-1,61.063,"{'m1-1': 24.3, 'm2-1': 104.12, 'm3-1': 26.15, 'm4-1': 9.7, 'm5-1': 10.25, 'm6-1': 112.27, 'm7-1': 5.01, 'm8-1': 5.42}",0.5010000000000048,170.72899999999998,inf,171.063,171.063,171.063
614,T5,BESTEFFORT,MISSED,m7-1,61.201,"{'m1-1': 27.99, 'm2-1': 94.03, 'm3-1': 25.09, 'm4-1': 11.27, 'm5-1': 9.91, 'm6-1': 112.13, 'm7-1': 5.56, 'm8-1': 4.99}",0.514499999999984,170.858,inf,171.201,171.201,171.201
615,T8,BESTEFFORT,MISSED,m7-1,61.236,"{'m1-1': 25.99, 'm2-1': 104.36, 'm3-1': 22.93, 'm4-1': 11.09, 'm5-1': 10.69, 'm6-1': 108.67, 'm7-1': 4.61, 'm8-1': 5.11}",0.052499999999994884,171.201,inf,171.236,171.236,171.236
616,T1,BESTEFFORT,MISSED,m8-1,61.362,"{'m1-1': 24.93, 'm2-1': 95.84, 'm3-1': 28.38, 'm4-1': 10.56, 'm5-1': 10.07, 'm6-1': 99.13, 'm7-1': 5.09, 'm8-1': 5.19}",0.4485000000000099,171.063,inf,171.362,171.362,171.362
617,T9,BESTEFFORT,MISSED,m8-1,61.376,"{'m1-1': 25.88, 'm2-1': 109.55, 'm3-1': 25.06, 'm4-1': 10.66, 'm5-1': 9.43, 'm6-1': 111.45, 'm7-1': 5.44, 'm8-1': 5.29}",0.021000000000015007,171.362,inf,171.376,171.376,171.376
618,T9,BESTEFFORT,MISSED,m7-1,61.442,"{'m1-1': 27.62, 'm2-1': 104.27, 'm3-1': 25.7, 'm4-1': 11.26, 'm5-1': 10.73, 'm6-1': 97.6, 'm7-1': 5.4, 'm8-1': 4.99}",0.3090000000000259,171.236,inf,171.442,171.442,171.442
619,T4,BESTEFFORT,MISSED,m7-1,61.504,"{'m1-1': 26.92, 'm2-1': 107.68, 'm3-1': 24.53, 'm4-1': 10.85, 'm5-1': 9.84, 'm6-1': 110.46, 'm7-1': 5.05, 'm8-1': 5.0}",0.0929999999999751,171.442,inf,171.504,171.504,171.504
620,T10,BESTEFFORT,MISSED,m8-1,61.64,"{'m1-1': 25.45, 'm2-1': 102.69, 'm3-1': 24.93, 'm4-1': 10.58, 'm5-1': 10.87, 'm6-1': 102.2, 'm7-1': 5.19, 'm8-1': 5.38}",0.3959999999999724,171.376,inf,171.64,171.64,171.64
621,T2,BESTEFFORT,MISSED,m7-1,61.678,"{'m1-1': 25.23, 'm2-1': 107.4, 'm3-1': 28.7, 'm4-1': 10.99, 'm5-1': 11.05, 'm6-1': 103.3, 'm7-1': 4.96, 'm8-1': 5.5}",0.2610000000000099,171.504,inf,171.678,171.678,171.678
622,T7,BESTEFFORT,MISSED,m7-1,62.093,"{'m1-1': 27.25, 'm2-1': 94.39, 'm3-1': 24.85, 'm4-1': 10.44, 'm5-1': 10.82, 'm6-1': 107.48, 'm7-1': 4.9, 'm8-1': 5.14}",0.6225000000000307,171.678,inf,172.09300000000002,172.09300000000002,172.09300000000002
623,T1,BESTEFFORT,MISSED,m7-1,62.207,"{'m1-1': 27.43, 'm2-1': 107.78, 'm3-1': 27.33, 'm4-1': 10.51, 'm5-1': 9.86, 'm6-1': 108.1, 'm7-1': 5.17, 'm8-1': 5.1}",0.17099999999996385,172.09300000000002,inf,172.207,172.207,172.207
624,T10,BESTEFFORT,MISSED,m7-1,62.227,"{'m1-1': 24.99, 'm2-1': 98.71, 'm3-1': 24.59, 'm4-1': 9.7, 'm5-1': 10.26, 'm6-1': 99.8, 'm7-1': 5.23, 'm8-1': 4.93}",0.030000000000015348,172.207,inf,172.227,172.227,172.227
625,T4,BESTEFFORT,MISSED,m8-1,62.406,"{'m1-1': 26.47, 'm2-1': 109.76, 'm3-1': 25.46, 'm4-1': 9.5, 'm5-1': 10.17, 'm6-1': 100.48, 'm7-1': 5.24, 'm8-1': 5.41}",1.1490000000000293,171.64,inf,172.406,172.406,172.406
626,T8,BESTEFFORT,MISSED,m7-1,62.414,"{'m1-1': 24.9, 'm2-1': 110.17, 'm3-1': 24.24, 'm4-1': 10.36, 'm5-1': 10.4, 'm6-1': 103.95, 'm7-1': 5.12, 'm8-1': 5.66}",0.2804999999999751,172.227,inf,172.414,172.414,172.414
627,T3,BESTEFFORT,MISSED,m8-1,62.453,"{'m1-1': 25.29, 'm2-1': 100.13, 'm3-1': 26.81, 'm4-1': 10.0, 'm5-1': 10.86, 'm6-1': 102.77, 'm7-1': 5.54, 'm8-1': 5.2}",0.07049999999999557,172.406,inf,172.453,172.453,172.453
628,T2,BESTEFFORT,MISSED,m7-1,62.465,"{'m1-1': 28.2, 'm2-1': 98.47, 'm3-1': 28.56, 'm4-1': 11.71, 'm5-1': 10.04, 'm6-1': 114.07, 'm7-1': 5.3, 'm8-1': 5.33}",0.07650000000002422,172.414,inf,172.465,172.465,172.465
629,T4,BESTEFFORT,MISSED,m7-1,62.563,"{'m1-1': 26.18, 'm2-1': 106.62, 'm3-1': 24.49, 'm4-1': 9.94, 'm5-1': 9.82, 'm6-1': 103.3, 'm7-1': 5.42, 'm8-1': 5.56}",0.14699999999997715,172.465,inf,172.563,172.563,172.563
630,T7,BESTEFFORT,MISSED,m7-1,62.641,"{'m1-1': 25.52, 'm2-1': 100.68, 'm3-1': 24.43, 'm4-1': 11.05, 'm5-1': 10.44, 'm6-1': 108.15, 'm7-1': 4.67, 'm8-1': 5.75}",0.11700000000000443,172.563,inf,172.641,172.641,172.641
631,T2,BESTEFFORT,MISSED,m7-1,62.729,"{'m1-1': 27.16, 'm2-1': 103.33, 'm3-1': 25.74, 'm4-1': 11.68, 'm5-1': 10.66, 'm6-1': 114.23, 'm7-1': 5.2, 'm8-1': 5.09}",0.1319999999999908,172.641,inf,172.72899999999998,172.72899999999998,172.72899999999998
632,T8,BESTEFFORT,MISSED,m7-1,62.842,"{'m1-1': 24.83, 'm2-1': 98.06, 'm3-1': 24.74, 'm4-1': 9.85, 'm5-1': 10.96, 'm6-1': 109.73, 'm7-1': 5.3, 'm8-1': 5.54}",0.16949999999999932,172.72899999999998,inf,172.84199999999998,172.84199999999998,172.84199999999998
633,T7,BESTEFFORT,MISSED,m7-1,62.898,"{'m1-1': 25.33, 'm2-1': 96.0, 'm3-1': 26.62, 'm4-1': 11.74, 'm5-1': 10.21, 'm6-1': 100.53, 'm7-1': 4.92, 'm8-1': 4.93}",0.0840000000000174,172.84199999999998,inf,172.898,172.898,172.898
634,T4,BESTEFFORT,MISSED,m7-1,63.14,"{'m1-1': 28.08, 'm2-1': 110.44, 'm3-1': 22.98, 'm4-1': 9.87, 'm5-1': 11.57, 'm6-1': 111.46, 'm7-1': 5.28, 'm8-1': 5.01}",0.36299999999998533,172.898,inf,173.14,173.14,173.14
635,T8,BESTEFFORT,MISSED,m8-1,63.263,"{'m1-1': 28.77, 'm2-1': 104.98, 'm3-1': 25.11, 'm4-1': 10.52, 'm5-1': 10.44, 'm6-1': 105.19, 'm7-1': 4.96, 'm8-1': 5.42}",1.2150000000000034,172.453,inf,173.263,173.263,173.263
636,T1,BESTEFFORT,MISSED,m7-1,63.3,"{'m1-1': 27.99, 'm2-1': 108.64, 'm3-1': 27.7, 'm4-1': 11.49, 'm5-1': 10.44, 'm6-1': 108.34, 'm7-1': 5.4, 'm8-1': 5.64}",0.24000000000003752,173.14,inf,173.3,173.3,173.3
637,T4,BESTEFFORT,MISSED,m7-1,63.452,"{'m1-1': 26.47, 'm2-1': 103.12, 'm3-1': 24.71, 'm4-1': 10.38, 'm5-1': 10.7, 'm6-1': 111.3, 'm7-1': 4.84, 'm8-1': 5.39}",0.22799999999998022,173.3,inf,173.452,173.452,173.452
638,T2,BESTEFFORT,MISSED,m7-1,63.493,"{'m1-1': 28.11, 'm2-1': 99.13, 'm3-1': 28.82, 'm4-1': 10.12, 'm5-1': 10.38, 'm6-1': 97.5, 'm7-1': 4.88, 'm8-1': 5.37}",0.061499999999995225,173.452,inf,173.493,173.493,173.493
639,T5,BESTEFFORT,MISSED,m7-1,64.038,"{'m1-1': 27.46, 'm2-1': 107.84, 'm3-1': 26.03, 'm4-1': 9.71, 'm5-1': 9.58, 'm6-1': 105.15, 'm7-1': 5.31, 'm8-1': 5.3}",0.8175000000000239,173.493,inf,174.038,174.038,174.038
640,T9,BESTEFFORT,MISSED,m7-1,64.074,"{'m1-1': 25.71, 'm2-1': 98.46, 'm3-1': 25.47, 'm4-1': 10.74, 'm5-1': 10.98, 'm6-1': 96.8, 'm7-1': 4.92, 'm8-1': 5.38}",0.054000000000002046,174.038,inf,174.074,174.074,174.074
641,T4,BESTEFFORT,MISSED,m7-1,64.094,"{'m1-1': 27.58, 'm2-1': 110.09, 'm3-1': 26.65, 'm4-1': 9.32, 'm5-1': 10.92, 'm6-1': 98.85, 'm7-1': 4.98, 'm8-1': 4.93}",0.029999999999972715,174.074,inf,174.094,174.094,174.094
642,T6,BESTEFFORT,MISSED,m8-1,64.1,"{'m1-1': 24.39, 'm2-1': 98.13, 'm3-1': 27.48, 'm4-1': 10.54, 'm5-1': 9.72, 'm6-1': 110.35, 'm7-1': 4.94, 'm8-1': 4.91}",1.2554999999999836,173.263,inf,174.1,174.1,174.1
643,T9,BESTEFFORT,MISSED,m7-1,64.168,"{'m1-1': 28.43, 'm2-1': 106.28, 'm3-1': 26.66, 'm4-1': 10.86, 'm5-1': 9.95, 'm6-1': 111.3, 'm7-1': 5.56, 'm8-1': 5.46}",0.11100000000001842,174.094,inf,174.168,174.168,174.168
644,T7,BESTEFFORT,MISSED,m7-1,64.195,"{'m1-1': 26.76, 'm2-1': 95.14, 'm3-1': 23.81, 'm4-1': 11.41, 'm5-1': 10.66, 'm6-1': 112.88, 'm7-1': 4.82, 'm8-1': 5.0}",0.04049999999998022,174.168,inf,174.195,174.195,174.195
645,T8,BESTEFFORT,MISSED,m7-1,64.29,"{'m1-1': 25.62, 'm2-1': 112.28, 'm3-1': 24.53, 'm4-1': 10.34, 'm5-1': 10.92, 'm6-1': 113.29, 'm7-1': 4.79, 'm8-1': 5.44}",0.14250000000004093,174.195,inf,174.29000000000002,174.29000000000002,174.29000000000002
646,T5,BESTEFFORT,MISSED,m8-1,64.292,"{'m1-1': 25.94, 'm2-1': 100.54, 'm3-1': 24.64, 'm4-1': 10.44, 'm5-1': 10.45, 'm6-1': 114.37, 'm7-1': 5.04, 'm8-1': 4.73}",0.2880000000000109,174.1,inf,174.292,174.292,174.292
647,T3,BESTEFFORT,MISSED,m7-1,64.351,"{'m1-1': 27.39, 'm2-1': 104.33, 'm3-1': 27.36, 'm4-1': 9.89, 'm5-1': 11.25, 'm6-1': 107.42, 'm7-1': 5.18, 'm8-1': 5.04}",0.09149999999996794,174.29000000000002,inf,174.351,174.351,174.351
648,T8,BESTEFFORT,MISSED,m7-1,64.395,"{'m1-1': 27.66, 'm2-1': 106.01, 'm3-1': 24.82, 'm4-1': 10.5, 'm5-1': 10.71, 'm6-1': 101.78, 'm7-1': 4.92, 'm8-1': 5.81}",0.06599999999997408,174.351,inf,174.39499999999998,174.39499999999998,174.39499999999998
649,T4,BESTEFFORT,MISSED,m7-1,64.473,"{'m1-1': 24.97, 'm2-1': 102.51, 'm3-1': 26.23, 'm4-1': 9.61, 'm5-1': 10.77, 'm6-1': 97.48, 'm7-1': 4.78, 'm8-1': 5.27}",0.11700000000004707,174.39499999999998,inf,174.473,174.473,174.473
650,T2,BESTEFFORT,MISSED,m7-1,64.799,"{'m1-1': 24.58, 'm2-1': 104.26, 'm3-1': 27.45, 'm4-1': 10.6, 'm5-1': 11.05, 'm6-1': 100.1, 'm7-1': 5.37, 'm8-1': 5.19}",0.4889999999999901,174.473,inf,174.799,174.799,174.799
651,T10,BESTEFFORT,MISSED,m7-1,65.045,"{'m1-1': 26.84, 'm2-1': 112.82, 'm3-1': 24.68, 'm4-1': 9.73, 'm5-1': 10.87, 'm6-1': 114.35, 'm7-1': 4.97, 'm8-1': 5.25}",0.369000000000014,174.799,inf,175.04500000000002,175.04500000000002,175.04500000000002
652,T1,BESTEFFORT,MISSED,m7-1,65.221,"{'m1-1': 28.1, 'm2-1': 101.28, 'm3-1': 27.05, 'm4-1': 10.89, 'm5-1': 10.63, 'm6-1': 107.95, 'm7-1': 4.66, 'm8-1': 5.36}",0.2639999999999816,175.04500000000002,inf,175.221,175.221,175.221
653,T6,BESTEFFORT,MISSED,m8-1,65.512,"{'m1-1': 23.87, 'm2-1': 100.48, 'm3-1': 24.33, 'm4-1': 9.79, 'm5-1': 9.48, 'm6-1': 101.15, 'm7-1': 5.76, 'm8-1': 5.34}",1.8299999999999983,174.292,inf,175.512,175.512,175.512
654,T3,BESTEFFORT,MISSED,m8-1,65.553,"{'m1-1': 26.17, 'm2-1': 95.67, 'm3-1': 26.08, 'm4-1': 11.12, 'm5-1': 10.75, 'm6-1': 108.49, 'm7-1': 5.15, 'm8-1': 5.11}",0.061499999999995225,175.512,inf,175.553,175.553,175.553
655,T5,BESTEFFORT,MISSED,m8-1,65.609,"{'m1-1': 25.28, 'm2-1': 99.99, 'm3-1': 24.67, 'm4-1': 10.7, 'm5-1': 10.66, 'm6-1': 111.19, 'm7-1': 5.45, 'm8-1': 5.34}",0.08399999999997476,175.553,inf,175.60899999999998,175.60899999999998,175.60899999999998
656,T3,BESTEFFORT,MISSED,m7-1,65.811,"{'m1-1': 27.3, 'm2-1': 104.46, 'm3-1': 25.93, 'm4-1': 9.65, 'm5-1': 9.67, 'm6-1': 104.96, 'm7-1': 5.46, 'm8-1': 5.34}",0.8850000000000051,175.221,inf,175.811,175.811,175.811
657,T2,BESTEFFORT,MISSED,m8-1,65.916,"{'m1-1': 26.74, 'm2-1': 105.69, 'm3-1': 26.67, 'm4-1': 11.46, 'm5-1': 10.3, 'm6-1': 109.1, 'm7-1': 5.39, 'm8-1': 4.81}",0.46050000000002456,175.60899999999998,inf,175.916,175.916,175.916
658,T6,BESTEFFORT,MISSED,m7-1,65.972,"{'m1-1': 24.1, 'm2-1': 108.77, 'm3-1': 24.45, 'm4-1': 10.17, 'm5-1': 9.64, 'm6-1': 102.14, 'm7-1': 4.99, 'm8-1': 5.64}",0.2414999999999594,175.811,inf,175.97199999999998,175.97199999999998,175.97199999999998
659,T3,BESTEFFORT,MISSED,m7-1,65.979,"{'m1-1': 23.99, 'm2-1': 94.34, 'm3-1': 28.43, 'm4-1': 9.91, 'm5-1': 10.51, 'm6-1': 106.12, 'm7-1': 5.04, 'm8-1': 5.16}",0.010500000000007503,175.97199999999998,inf,175.97899999999998,175.97899999999998,175.97899999999998
660,T4,BESTEFFORT,MISSED,m7-1,66.013,"{'m1-1': 26.01, 'm2-1': 107.32, 'm3-1': 26.92, 'm4-1': 9.59, 'm5-1': 11.39, 'm6-1': 108.02, 'm7-1': 5.42, 'm8-1': 5.08}",0.051000000000030354,175.97899999999998,inf,176.013,176.013,176.013
661,T5,BESTEFFORT,MISSED,m7-1,66.019,"{'m1-1': 26.44, 'm2-1': 109.12, 'm3-1': 26.4, 'm4-1': 11.09, 'm5-1': 10.79, 'm6-1': 104.13, 'm7-1': 5.49, 'm8-1': 5.31}",0.009000000000000341,176.013,inf,176.019,176.019,176.019
662,T1,BESTEFFORT,MISSED,m8-1,66.109,"{'m1-1': 25.81, 'm2-1': 113.04, 'm3-1': 25.99, 'm4-1': 10.25, 'm5-1': 9.54, 'm6-1': 111.5, 'm7-1': 4.69, 'm8-1': 4.96}",0.28949999999997544,175.916,inf,176.10899999999998,176.10899999999998,176.10899999999998
663,T10,BESTEFFORT,MISSED,m8-1,66.115,"{'m1-1': 26.83, 'm2-1': 95.53, 'm3-1': 25.04, 'm4-1': 9.47, 'm5-1': 10.26, 'm6-1': 101.76, 'm7-1': 5.26, 'm8-1': 4.86}",0.009000000000042974,176.10899999999998,inf,176.115,176.115,176.115
664,T1,BESTEFFORT,MISSED,m7-1,66.285,"{'m1-1': 29.54, 'm2-1': 111.06, 'm3-1': 24.63, 'm4-1': 10.02, 'm5-1': 10.39, 'm6-1': 100.09, 'm7-1': 5.36, 'm8-1': 5.24}",0.3989999999999867,176.019,inf,176.285,176.285,176.285
665,T4,BESTEFFORT,MISSED,m7-1,66.327,"{'m1-1': 26.07, 'm2-1': 107.17, 'm3-1': 24.4, 'm4-1': 10.86, 'm5-1': 11.66, 'm6-1': 102.12, 'm7-1': 4.74, 'm8-1': 5.48}",0.06300000000000239,176.285,inf,176.327,176.327,176.327
666,T4,BESTEFFORT,MISSED,m8-1,66.336,"{'m1-1': 27.18, 'm2-1': 102.21, 'm3-1': 24.56, 'm4-1': 9.26, 'm5-1': 11.36, 'm6-1': 104.54, 'm7-1': 5.26, 'm8-1': 5.62}",0.33150000000000546,176.115,inf,176.336,176.336,176.336
667,T6,BESTEFFORT,MISSED,m7-1,66.439,"{'m1-1': 23.77, 'm2-1': 111.17, 'm3-1': 27.01, 'm4-1': 10.27, 'm5-1': 10.54, 'm6-1': 101.26, 'm7-1': 5.39, 'm8-1': 5.12}",0.16799999999999216,176.327,inf,176.439,176.439,176.439
668,T6,BESTEFFORT,MISSED,m7-1,66.707,"{'m1-1': 26.68, 'm2-1': 98.87, 'm3-1': 27.29, 'm4-1': 10.31, 'm5-1': 10.14, 'm6-1': 108.14, 'm7-1': 5.06, 'm8-1': 5.07}",0.402000000000001,176.439,inf,176.707,176.707,176.707
669,T4,BESTEFFORT,MISSED,m7-1,66.753,"{'m1-1': 26.53, 'm2-1': 116.34, 'm3-1': 26.55, 'm4-1': 10.24, 'm5-1': 10.86, 'm6-1': 106.37, 'm7-1': 4.76, 'm8-1': 5.1}",0.0689999999999884,176.707,inf,176.753,176.753,176.753
670,T5,BESTEFFORT,MISSED,m8-1,66.771,"{'m1-1': 27.31, 'm2-1': 107.3, 'm3-1': 24.6, 'm4-1': 10.01, 'm5-1': 10.22, 'm6-1': 110.52, 'm7-1': 5.07, 'm8-1': 5.42}",0.6525000000000034,176.336,inf,176.77100000000002,176.77100000000002,176.77100000000002
671,T5,BESTEFFORT,MISSED,m7-1,66.781,"{'m1-1': 25.47, 'm2-1': 100.08, 'm3-1': 27.36, 'm4-1': 10.25, 'm5-1': 9.8, 'm6-1': 106.89, 'm7-1': 5.06, 'm8-1': 4.99}",0.04200000000003001,176.753,inf,176.781,176.781,176.781
672,T8,BESTEFFORT,MISSED,m7-1,66.829,"{'m1-1': 25.22, 'm2-1': 103.62, 'm3-1': 23.74, 'm4-1': 9.74, 'm5-1': 11.85, 'm6-1': 99.75, 'm7-1': 4.8, 'm8-1': 5.71}",0.07200000000000273,176.781,inf,176.829,176.829,176.829
673,T4,BESTEFFORT,MISSED,m7-1,67.021,"{'m1-1': 28.2, 'm2-1': 106.15, 'm3-1': 23.89, 'm4-1': 10.83, 'm5-1': 11.25, 'm6-1': 102.75, 'm7-1': 5.31, 'm8-1': 5.72}",0.2880000000000109,176.829,inf,177.02100000000002,177.02100000000002,177.02100000000002
674,T3,BESTEFFORT,MISSED,m7-1,67.049,"{'m1-1': 24.23, 'm2-1': 95.61, 'm3-1': 27.49, 'm4-1': 10.45, 'm5-1': 11.1, 'm6-1': 97.61, 'm7-1': 5.58, 'm8-1': 5.08}",0.04199999999998738,177.02100000000002,inf,177.049,177.049,177.049
675,T8,BESTEFFORT,MISSED,m7-1,67.12,"{'m1-1': 28.78, 'm2-1': 99.97, 'm3-1': 24.4, 'm4-1': 10.53, 'm5-1': 10.63, 'm6-1': 101.75, 'm7-1': 5.12, 'm8-1': 5.66}",0.10649999999999693,177.049,inf,177.12,177.12,177.12
676,T1,BESTEFFORT,MISSED,m7-1,67.151,"{'m1-1': 29.57, 'm2-1': 97.34, 'm3-1': 25.38, 'm4-1': 11.29, 'm5-1': 10.55, 'm6-1': 111.75, 'm7-1': 4.89, 'm8-1': 5.28}",0.04650000000000887,177.12,inf,177.151,177.151,177.151
677,T3,BESTEFFORT,MISSED,m8-1,67.813,"{'m1-1': 23.31, 'm2-1': 106.44, 'm3-1': 27.1, 'm4-1': 10.49, 'm5-1': 10.35, 'm6-1': 106.28, 'm7-1': 5.81, 'm8-1': 5.22}",1.5629999999999598,176.77100000000002,inf,177.813,177.813,177.813
678,T1,BESTEFFORT,MISSED,m8-1,67.984,"{'m1-1': 27.22, 'm2-1': 109.22, 'm3-1': 25.56, 'm4-1': 10.63, 'm5-1': 10.28, 'm6-1': 102.14, 'm7-1': 4.76, 'm8-1': 4.85}",0.2564999999999884,177.813,inf,177.98399999999998,177.98399999999998,177.98399999999998
679,T9,BESTEFFORT,MISSED,m8-1,68.071,"{'m1-1': 28.49, 'm2-1': 106.47, 'm3-1': 26.23, 'm4-1': 9.6, 'm5-1': 11.14, 'm6-1': 96.44, 'm7-1': 5.35, 'm8-1': 4.95}",0.13050000000002626,177.98399999999998,inf,178.071,178.071,178.071
680,T2,BESTEFFORT,MISSED,m7-1,68.104,"{'m1-1': 26.38, 'm2-1': 100.69, 'm3-1': 25.89, 'm4-1': 10.16, 'm5-1': 11.43, 'm6-1': 100.83, 'm7-1': 4.95, 'm8-1': 5.01}",1.4294999999999618,177.151,inf,178.10399999999998,178.10399999999998,178.10399999999998
681,T6,BESTEFFORT,MISSED,m7-1,68.169,"{'m1-1': 23.9, 'm2-1': 114.18, 'm3-1': 28.64, 'm4-1': 10.16, 'm5-1': 9.2, 'm6-1': 109.49, 'm7-1': 4.95, 'm8-1': 4.88}",0.09749999999999659,178.10399999999998,inf,178.16899999999998,178.16899999999998,178.16899999999998
682,T3,BESTEFFORT,MISSED,m8-1,68.23,"{'m1-1': 26.36, 'm2-1': 97.63, 'm3-1': 24.19, 'm4-1': 10.8, 'm5-1': 10.77, 'm6-1': 111.89, 'm7-1': 5.52, 'm8-1': 5.04}",0.23850000000003035,178.071,inf,178.23000000000002,178.23000000000002,178.23000000000002
683,T2,BESTEFFORT,MISSED,m8-1,68.234,"{'m1-1': 26.35, 'm2-1': 105.44, 'm3-1': 26.05, 'm4-1': 11.7, 'm5-1': 10.38, 'm6-1': 113.15, 'm7-1': 5.26, 'm8-1': 5.09}",0.005999999999943384,178.23000000000002,inf,178.23399999999998,178.23399999999998,178.23399999999998
684,T5,BESTEFFORT,MISSED,m8-1,68.316,"{'m1-1': 26.55, 'm2-1': 110.2, 'm3-1': 26.96, 'm4-1': 10.59, 'm5-1': 10.06, 'm6-1': 103.65, 'm7-1': 4.91, 'm8-1': 5.32}",0.12300000000003308,178.23399999999998,inf,178.316,178.316,178.316
685,T9,BESTEFFORT,MISSED,m8-1,68.44,"{'m1-1': 28.97, 'm2-1': 97.38, 'm3-1': 27.84, 'm4-1': 9.6, 'm5-1': 10.05, 'm6-1': 101.28, 'm7-1': 5.53, 'm8-1': 4.89}",0.18599999999999284,178.316,inf,178.44,178.44,178.44
686,T3,BESTEFFORT,MISSED,m7-1,68.583,"{'m1-1': 27.1, 'm2-1': 102.4, 'm3-1': 25.32, 'm4-1': 10.0, 'm5-1': 10.56, 'm6-1': 96.39, 'm7-1': 5.41, 'm8-1': 5.06}",0.6210000000000235,178.16899999999998,inf,178.583,178.583,178.583
687,T3,BESTEFFORT,MISSED,m7-1,68.858,"{'m1-1': 25.12, 'm2-1': 100.68, 'm3-1': 26.07, 'm4-1': 10.06, 'm5-1': 9.96, 'm6-1': 107.36, 'm7-1': 5.15, 'm8-1': 5.61}",0.4125000000000085,178.583,inf,178.858,178.858,178.858
688,T6,BESTEFFORT,MISSED,m8-1,69.026,"{'m1-1': 24.39, 'm2-1': 98.1, 'm3-1': 24.2, 'm4-1': 9.73, 'm5-1': 9.61, 'm6-1': 105.1, 'm7-1': 5.64, 'm8-1': 5.56}",0.8790000000000191,178.44,inf,179.026,179.026,179.026
689,T8,BESTEFFORT,MISSED,m7-1,69.078,"{'m1-1': 25.99, 'm2-1': 106.9, 'm3-1': 26.84, 'm4-1': 10.46, 'm5-1': 11.15, 'm6-1': 107.28, 'm7-1': 5.18, 'm8-1': 5.46}",0.3299999999999983,178.858,inf,179.078,179.078,179.078
690,T1,BESTEFFORT,MISSED,m8-1,69.255,"{'m1-1': 26.78, 'm2-1': 109.56, 'm3-1': 26.49, 'm4-1': 11.85, 'm5-1': 10.25, 'm6-1': 103.2, 'm7-1': 5.24, 'm8-1': 4.81}",0.3434999999999775,179.026,inf,179.255,179.255,179.255
691,T9,BESTEFFORT,MISSED,m7-1,69.263,"{'m1-1': 26.14, 'm2-1': 105.61, 'm3-1': 28.98, 'm4-1': 10.42, 'm5-1': 10.64, 'm6-1': 109.0, 'm7-1': 5.25, 'm8-1': 5.12}",0.2775000000000034,179.078,inf,179.263,179.263,179.263
692,T5,BESTEFFORT,MISSED,m7-1,69.449,"{'m1-1': 25.56, 'm2-1': 95.31, 'm3-1': 27.46, 'm4-1': 10.07, 'm5-1': 10.23, 'm6-1': 111.56, 'm7-1': 5.42, 'm8-1': 5.0}",0.2790000000000106,179.263,inf,179.449,179.449,179.449
693,T7,BESTEFFORT,MISSED,m8-1,69.772,"{'m1-1': 24.66, 'm2-1': 95.35, 'm3-1': 25.74, 'm4-1': 11.39, 'm5-1': 10.88, 'm6-1': 114.07, 'm7-1': 4.97, 'm8-1': 5.73}",0.7754999999999939,179.255,inf,179.772,179.772,179.772
694,T8,BESTEFFORT,MISSED,m7-1,69.819,"{'m1-1': 25.62, 'm2-1': 110.46, 'm3-1': 23.93, 'm4-1': 9.98, 'm5-1': 11.73, 'm6-1': 112.55, 'm7-1': 5.28, 'm8-1': 5.61}",0.5550000000000068,179.449,inf,179.81900000000002,179.81900000000002,179.81900000000002
695,T4,BESTEFFORT,MISSED,m8-1,69.824,"{'m1-1': 26.95, 'm2-1': 108.34, 'm3-1': 23.23, 'm4-1': 9.54, 'm5-1': 10.02, 'm6-1': 112.53, 'm7-1': 5.0, 'm8-1': 5.06}",0.07800000000003138,179.772,inf,179.824,179.824,179.824
696,T9,BESTEFFORT,MISSED,m8-1,69.895,"{'m1-1': 28.05, 'm2-1': 109.85, 'm3-1': 27.83, 'm4-1': 9.95, 'm5-1': 9.73, 'm6-1': 96.0, 'm7-1': 4.85, 'm8-1': 4.63}",0.1064999999999543,179.824,inf,179.89499999999998,179.89499999999998,179.89499999999998
697,T2,BESTEFFORT,MISSED,m7-1,69.967,"{'m1-1': 26.62, 'm2-1': 111.8, 'm3-1': 28.38, 'm4-1': 11.17, 'm5-1': 11.24, 'm6-1': 109.1, 'm7-1': 5.18, 'm8-1': 5.28}",0.22199999999995157,179.81900000000002,inf,179.96699999999998,179.96699999999998,179.96699999999998
698,T4,BESTEFFORT,MISSED,m8-1,69.975,"{'m1-1': 25.59, 'm2-1': 111.9, 'm3-1': 23.53, 'm4-1': 9.53, 'm5-1': 10.19, 'm6-1': 110.59, 'm7-1': 5.14, 'm8-1': 5.57}",0.12000000000001876,179.89499999999998,inf,179.975,179.975,179.975
699,T4,BESTEFFORT,MISSED,m7-1,70.173,"{'m1-1': 25.78, 'm2-1': 100.27, 'm3-1': 25.22, 'm4-1': 10.16, 'm5-1': 10.02, 'm6-1': 97.93, 'm7-1': 4.84, 'm8-1': 5.11}",0.3090000000000259,179.96699999999998,inf,180.173,180.173,180.173
700,T8,BESTEFFORT,MISSED,m7-1,70.335,"{'m1-1': 24.72, 'm2-1': 104.71, 'm3-1': 25.91, 'm4-1': 11.22, 'm5-1': 10.74, 'm6-1': 114.96, 'm7-1': 5.19, 'm8-1': 5.72}",0.24299999999996658,180.173,inf,180.33499999999998,180.33499999999998,180.33499999999998
701,T3,BESTEFFORT,MISSED,m8-1,70.389,"{'m1-1': 23.4, 'm2-1': 105.18, 'm3-1': 28.13, 'm4-1': 9.52, 'm5-1': 10.95, 'm6-1': 100.66, 'm7-1': 4.99, 'm8-1': 5.0}",0.6210000000000235,179.975,inf,180.389,180.389,180.389
702,T9,BESTEFFORT,MISSED,m8-1,70.461,"{'m1-1': 28.66, 'm2-1': 100.6, 'm3-1': 25.13, 'm4-1': 10.01, 'm5-1': 10.89, 'm6-1': 99.93, 'm7-1': 5.59, 'm8-1': 5.08}",0.10800000000000409,180.389,inf,180.461,180.461,180.461
703,T8,BESTEFFORT,MISSED,m8-1,70.547,"{'m1-1': 27.77, 'm2-1': 101.69, 'm3-1': 23.51, 'm4-1': 10.83, 'm5-1': 11.12, 'm6-1': 109.62, 'm7-1': 5.18, 'm8-1': 5.06}",0.12899999999997647,180.461,inf,180.547,180.547,180.547
704,T5,BESTEFFORT,MISSED,m8-1,70.61,"{'m1-1': 28.55, 'm2-1': 105.43, 'm3-1': 26.03, 'm4-1': 11.34, 'm5-1': 10.81, 'm6-1': 111.55, 'm7-1': 5.73, 'm8-1': 5.38}",0.0945000000000249,180.547,inf,180.61,180.61,180.61
705,T5,BESTEFFORT,MISSED,m8-1,70.62,"{'m1-1': 26.99, 'm2-1': 108.71, 'm3-1': 26.76, 'm4-1': 10.8, 'm5-1': 10.37, 'm6-1': 117.26, 'm7-1': 5.46, 'm8-1': 5.04}",0.014999999999986358,180.61,inf,180.62,180.62,180.62
706,T3,BESTEFFORT,MISSED,m7-1,70.705,"{'m1-1': 27.2, 'm2-1': 109.3, 'm3-1': 26.68, 'm4-1': 10.23, 'm5-1': 11.28, 'm6-1': 109.34, 'm7-1': 5.15, 'm8-1': 5.54}",0.5550000000000068,180.33499999999998,inf,180.70499999999998,180.70499999999998,180.70499999999998
707,T10,BESTEFFORT,MISSED,m8-1,70.807,"{'m1-1': 26.09, 'm2-1': 101.3, 'm3-1': 26.79, 'm4-1': 10.71, 'm5-1': 10.2, 'm6-1': 102.67, 'm7-1': 5.67, 'm8-1': 4.84}",0.28050000000001774,180.62,inf,180.80700000000002,180.80700000000002,180.80700000000002
708,T8,BESTEFFORT,MISSED,m7-1,70.831,"{'m1-1': 25.86, 'm2-1': 111.84, 'm3-1': 23.74, 'm4-1': 10.7, 'm5-1': 10.58, 'm6-1': 115.22, 'm7-1': 4.88, 'm8-1': 4.97}",0.1890000000000498,180.70499999999998,inf,180.83100000000002,180.83100000000002,180.83100000000002
709,T8,BESTEFFORT,MISSED,m7-1,71.062,"{'m1-1': 27.1, 'm2-1': 111.25, 'm3-1': 24.72, 'm4-1': 11.13, 'm5-1': 11.59, 'm6-1': 101.55, 'm7-1': 4.85, 'm8-1': 5.43}",0.3464999999999918,180.83100000000002,inf,181.062,181.062,181.062
710,T3,BESTEFFORT,MISSED,m7-1,71.102,"{'m1-1': 25.98, 'm2-1': 94.42, 'm3-1': 26.76, 'm4-1': 9.79, 'm5-1': 10.9, 'm6-1': 101.04, 'm7-1': 5.16, 'm8-1': 5.06}",0.05999999999998806,181.062,inf,181.102,181.102,181.102
711,T7,BESTEFFORT,MISSED,m7-1,71.133,"{'m1-1': 24.2, 'm2-1': 100.03, 'm3-1': 23.87, 'm4-1': 10.9, 'm5-1': 9.57, 'm6-1': 107.7, 'm7-1': 4.61, 'm8-1': 5.43}",0.046499999999966235,181.102,inf,181.13299999999998,181.13299999999998,181.13299999999998
712,T2,BESTEFFORT,MISSED,m7-1,71.229,"{'m1-1': 27.84, 'm2-1': 108.25, 'm3-1': 27.42, 'm4-1': 10.96, 'm5-1': 10.61, 'm6-1': 99.77, 'm7-1': 5.37, 'm8-1': 5.1}",0.14400000000000546,181.13299999999998,inf,181.22899999999998,181.22899999999998,181.22899999999998
713,T3,BESTEFFORT,MISSED,m7-1,71.467,"{'m1-1': 23.95, 'm2-1': 100.88, 'm3-1': 28.3, 'm4-1': 10.28, 'm5-1': 10.68, 'm6-1': 106.59, 'm7-1': 4.95, 'm8-1': 4.9}",0.3569999999999993,181.22899999999998,inf,181.46699999999998,181.46699999999998,181.46699999999998
714,T4,BESTEFFORT,MISSED,m7-1,71.56,"{'m1-1': 27.54, 'm2-1': 102.47, 'm3-1': 27.18, 'm4-1': 10.59, 'm5-1': 10.96, 'm6-1': 113.5, 'm7-1': 5.07, 'm8-1': 5.72}",0.1395000000000266,181.46699999999998,inf,181.56,181.56,181.56
715,T6,BESTEFFORT,MISSED,m7-1,71.632,"{'m1-1': 27.08, 'm2-1': 110.15, 'm3-1': 24.62, 'm4-1': 9.74, 'm5-1': 10.53, 'm6-1': 99.47, 'm7-1': 5.62, 'm8-1': 5.29}",0.10800000000000409,181.56,inf,181.632,181.632,181.632
716,T9,BESTEFFORT,MISSED,m8-1,71.757,"{'m1-1': 28.6, 'm2-1': 99.51, 'm3-1': 28.44, 'm4-1': 10.07, 'm5-1': 10.98, 'm6-1': 97.33, 'm7-1': 5.7, 'm8-1': 4.63}",1.424999999999983,180.80700000000002,inf,181.757,181.757,181.757
717,T7,BESTEFFORT,MISSED,m7-1,72.126,"{'m1-1': 27.72, 'm2-1': 108.59, 'm3-1': 24.47, 'm4-1': 11.29, 'm5-1': 9.98, 'm6-1': 103.79, 'm7-1': 4.84, 'm8-1': 5.13}",0.7409999999999997,181.632,inf,182.126,182.126,182.126
718,T9,BESTEFFORT,MISSED,m8-1,72.17,"{'m1-1': 28.71, 'm2-1': 94.66, 'm3-1': 25.76, 'm4-1': 9.81, 'm5-1': 10.31, 'm6-1': 97.09, 'm7-1': 5.34, 'm8-1': 5.48}",0.6195000000000164,181.757,inf,182.17000000000002,182.17000000000002,182.17000000000002
719,T4,BESTEFFORT,MISSED,m7-1,72.227,"{'m1-1': 27.34, 'm2-1': 107.23, 'm3-1': 26.23, 'm4-1': 10.9, 'm5-1': 10.8, 'm6-1': 104.02, 'm7-1': 4.86, 'm8-1': 5.34}",0.15149999999999864,182.126,inf,182.227,182.227,182.227
720,T3,BESTEFFORT,MISSED,m8-1,72.43,"{'m1-1': 23.37, 'm2-1': 103.32, 'm3-1': 25.31, 'm4-1': 10.71, 'm5-1': 10.06, 'm6-1': 104.01, 'm7-1': 5.3, 'm8-1': 5.5}",0.38999999999998636,182.17000000000002,inf,182.43,182.43,182.43
721,T1,BESTEFFORT,MISSED,m8-1,72.449,"{'m1-1': 25.76, 'm2-1': 102.94, 'm3-1': 24.26, 'm4-1': 10.93, 'm5-1': 11.08, 'm6-1': 107.54, 'm7-1': 5.35, 'm8-1': 5.59}",0.028500000000008185,182.43,inf,182.449,182.449,182.449
722,T10,BESTEFFORT,MISSED,m8-1,72.576,"{'m1-1': 24.26, 'm2-1': 96.81, 'm3-1': 27.58, 'm4-1': 10.53, 'm5-1': 11.01, 'm6-1': 101.47, 'm7-1': 5.62, 'm8-1': 4.92}",0.1904999999999717,182.449,inf,182.576,182.576,182.576
723,T9,BESTEFFORT,MISSED,m7-1,72.669,"{'m1-1': 26.14, 'm2-1': 102.66, 'm3-1': 27.38, 'm4-1': 9.85, 'm5-1': 9.69, 'm6-1': 112.03, 'm7-1': 5.03, 'm8-1': 5.06}",0.6629999999999683,182.227,inf,182.66899999999998,182.66899999999998,182.66899999999998
724,T3,BESTEFFORT,MISSED,m8-1,72.773,"{'m1-1': 23.9, 'm2-1': 108.44, 'm3-1': 24.83, 'm4-1': 9.81, 'm5-1': 11.1, 'm6-1': 99.27, 'm7-1': 5.38, 'm8-1': 5.16}",0.2955000000000041,182.576,inf,182.773,182.773,182.773
725,T9,BESTEFFORT,MISSED,m8-1,72.827,"{'m1-1': 28.61, 'm2-1': 101.29, 'm3-1': 26.81, 'm4-1': 10.52, 'm5-1': 10.94, 'm6-1': 106.24, 'm7-1': 5.34, 'm8-1': 5.39}",0.08100000000000307,182.773,inf,182.827,182.827,182.827
726,T7,BESTEFFORT,MISSED,m7-1,72.849,"{'m1-1': 26.37, 'm2-1': 99.6, 'm3-1': 27.29, 'm4-1': 11.27, 'm5-1': 10.49, 'm6-1': 101.38, 'm7-1': 4.78, 'm8-1': 4.9}",0.27000000000001023,182.66899999999998,inf,182.849,182.849,182.849
727,T1,BESTEFFORT,MISSED,m7-1,72.94,"{'m1-1': 26.94, 'm2-1': 109.77, 'm3-1': 28.52, 'm4-1': 10.09, 'm5-1': 11.17, 'm6-1': 97.54, 'm7-1': 4.84, 'm8-1': 5.47}",0.13650000000001228,182.849,inf,182.94,182.94,182.94
728,T1,BESTEFFORT,MISSED,m7-1,73.136,"{'m1-1': 27.93, 'm2-1': 108.49, 'm3-1': 24.78, 'm4-1': 11.82, 'm5-1': 10.76, 'm6-1': 107.18, 'm7-1': 5.35, 'm8-1': 5.58}",0.29399999999999693,182.94,inf,183.136,183.136,183.136
729,T3,BESTEFFORT,MISSED,m7-1,73.263,"{'m1-1': 23.24, 'm2-1': 104.86, 'm3-1': 28.65, 'm4-1': 11.12, 'm5-1': 10.38, 'm6-1': 111.89, 'm7-1': 5.5, 'm8-1': 5.18}",0.19050000000001432,183.136,inf,183.263,183.263,183.263
730,T2,BESTEFFORT,MISSED,m8-1,73.278,"{'m1-1': 26.14, 'm2-1': 102.19, 'm3-1': 25.02, 'm4-1': 10.54, 'm5-1': 10.86, 'm6-1': 97.78, 'm7-1': 4.9, 'm8-1': 5.03}",0.6765000000000327,182.827,inf,183.27800000000002,183.27800000000002,183.27800000000002
731,T4,BESTEFFORT,MISSED,m8-1,73.31,"{'m1-1': 26.38, 'm2-1': 112.49, 'm3-1': 23.78, 'm4-1': 10.84, 'm5-1': 10.99, 'm6-1': 112.54, 'm7-1': 4.8, 'm8-1': 5.79}",0.0479999999999734,183.27800000000002,inf,183.31,183.31,183.31
732,T1,BESTEFFORT,MISSED,m7-1,73.33,"{'m1-1': 26.82, 'm2-1': 100.23, 'm3-1': 26.94, 'm4-1': 11.26, 'm5-1': 9.91, 'm6-1': 113.59, 'm7-1': 4.67, 'm8-1': 4.89}",0.10049999999996828,183.263,inf,183.32999999999998,183.32999999999998,183.32999999999998
733,T3,BESTEFFORT,MISSED,m8-1,73.519,"{'m1-1': 23.32, 'm2-1': 103.91, 'm3-1': 25.71, 'm4-1': 10.62, 'm5-1': 10.16, 'm6-1': 97.29, 'm7-1': 4.97, 'm8-1': 5.32}",0.3135000000000048,183.31,inf,183.519,183.519,183.519
734,T3,BESTEFFORT,MISSED,m7-1,73.526,"{'m1-1': 26.67, 'm2-1': 109.11, 'm3-1': 24.12, 'm4-1': 10.6, 'm5-1': 11.02, 'm6-1': 106.3, 'm7-1': 5.43, 'm8-1': 4.84}",0.29400000000003956,183.32999999999998,inf,183.526,183.526,183.526
735,T7,BESTEFFORT,MISSED,m7-1,73.575,"{'m1-1': 26.54, 'm2-1': 102.26, 'm3-1': 24.41, 'm4-1': 11.84, 'm5-1': 10.55, 'm6-1': 114.3, 'm7-1': 5.2, 'm8-1': 5.41}",0.07349999999996726,183.526,inf,183.575,183.575,183.575
736,T4,BESTEFFORT,MISSED,m7-1,73.721,"{'m1-1': 26.14, 'm2-1': 103.69, 'm3-1': 24.05, 'm4-1': 9.98, 'm5-1': 10.88, 'm6-1': 113.25, 'm7-1': 5.24, 'm8-1': 5.06}",0.2190000000000225,183.575,inf,183.721,183.721,183.721
737,T3,BESTEFFORT,MISSED,m7-1,73.773,"{'m1-1': 26.14, 'm2-1': 104.91, 'm3-1': 27.68, 'm4-1': 9.42, 'm5-1': 10.84, 'm6-1': 112.97, 'm7-1': 5.36, 'm8-1': 5.25}",0.07799999999998875,183.721,inf,183.773,183.773,183.773
738,T1,BESTEFFORT,MISSED,m7-1,73.868,"{'m1-1': 25.96, 'm2-1': 101.54, 'm3-1': 25.03, 'm4-1': 10.18, 'm5-1': 10.22, 'm6-1': 104.22, 'm7-1': 5.03, 'm8-1': 5.64}",0.1424999999999983,183.773,inf,183.868,183.868,183.868
739,T7,BESTEFFORT,MISSED,m8-1,73.873,"{'m1-1': 24.99, 'm2-1': 104.9, 'm3-1': 25.71, 'm4-1': 10.25, 'm5-1': 10.55, 'm6-1': 105.21, 'm7-1': 4.67, 'm8-1': 5.38}",0.5309999999999775,183.519,inf,183.873,183.873,183.873
740,T3,BESTEFFORT,MISSED,m7-1,73.875,"{'m1-1': 26.93, 'm2-1': 103.73, 'm3-1': 28.42, 'm4-1': 10.35, 'm5-1': 11.26, 'm6-1': 104.5, 'm7-1': 5.43, 'm8-1': 4.82}",0.010500000000007503,183.868,inf,183.875,183.875,183.875
741,T10,BESTEFFORT,MISSED,m8-1,73.956,"{'m1-1': 28.51, 'm2-1': 100.43, 'm3-1': 28.43, 'm4-1': 10.32, 'm5-1': 9.78, 'm6-1': 98.64, 'm7-1': 5.39, 'm8-1': 4.78}",0.12450000000004025,183.873,inf,183.95600000000002,183.95600000000002,183.95600000000002
742,T2,BESTEFFORT,MISSED,m8-1,74.06,"{'m1-1': 24.36, 'm2-1': 112.44, 'm3-1': 25.01, 'm4-1': 10.98, 'm5-1': 10.47, 'm6-1': 109.3, 'm7-1': 4.72, 'm8-1': 4.99}",0.1559999999999775,183.95600000000002,inf,184.06,184.06,184.06
743,T7,BESTEFFORT,MISSED,m8-1,74.122,"{'m1-1': 27.34, 'm2-1': 93.69, 'm3-1': 25.81, 'm4-1': 11.01, 'm5-1': 9.67, 'm6-1': 111.69, 'm7-1': 5.04, 'm8-1': 5.4}",0.09300000000001774,184.06,inf,184.122,184.122,184.122
744,T9,BESTEFFORT,MISSED,m8-1,74.285,"{'m1-1': 27.5, 'm2-1': 100.3, 'm3-1': 27.71, 'm4-1': 9.9, 'm5-1': 11.04, 'm6-1': 107.36, 'm7-1': 5.39, 'm8-1': 5.15}",0.24449999999997374,184.122,inf,184.285,184.285,184.285
745,T2,BESTEFFORT,MISSED,m8-1,74.402,"{'m1-1': 24.96, 'm2-1': 106.88, 'm3-1': 26.04, 'm4-1': 10.31, 'm5-1': 9.98, 'm6-1': 112.83, 'm7-1': 5.08, 'm8-1': 4.94}",0.17549999999998533,184.285,inf,184.402,184.402,184.402
746,T1,BESTEFFORT,MISSED,m7-1,74.539,"{'m1-1': 26.64, 'm2-1': 109.64, 'm3-1': 28.57, 'm4-1': 11.16, 'm5-1': 11.03, 'm6-1': 98.69, 'm7-1': 5.22, 'm8-1': 5.16}",0.9959999999999809,183.875,inf,184.539,184.539,184.539
747,T8,BESTEFFORT,MISSED,m7-1,74.574,"{'m1-1': 26.48, 'm2-1': 95.81, 'm3-1': 24.96, 'm4-1': 9.98, 'm5-1': 10.19, 'm6-1': 114.7, 'm7-1': 4.99, 'm8-1': 5.13}",0.05250000000003752,184.539,inf,184.574,184.574,184.574
748,T2,BESTEFFORT,MISSED,m7-1,74.603,"{'m1-1': 24.49, 'm2-1': 100.85, 'm3-1': 25.67, 'm4-1': 10.97, 'm5-1': 10.34, 'm6-1': 112.39, 'm7-1': 5.26, 'm8-1': 4.86}",0.04349999999999454,184.574,inf,184.603,184.603,184.603
749,T9,BESTEFFORT,MISSED,m8-1,74.68,"{'m1-1': 25.89, 'm2-1': 104.12, 'm3-1': 24.72, 'm4-1': 11.22, 'm5-1': 9.74, 'm6-1': 101.11, 'm7-1': 5.09, 'm8-1': 5.24}",0.41700000000003,184.402,inf,184.68,184.68,184.68
750,T4,BESTEFFORT,MISSED,m7-1,74.713,"{'m1-1': 26.06, 'm2-1': 113.8, 'm3-1': 27.21, 'm4-1': 10.36, 'm5-1': 11.42, 'm6-1': 102.11, 'm7-1': 4.86, 'm8-1': 5.76}",0.16499999999997783,184.603,inf,184.713,184.713,184.713
751,T7,BESTEFFORT,MISSED,m7-1,74.891,"{'m1-1': 26.06, 'm2-1': 101.02, 'm3-1': 24.94, 'm4-1': 10.12, 'm5-1': 10.62, 'm6-1': 96.98, 'm7-1': 4.82, 'm8-1': 5.43}",0.26700000000003854,184.713,inf,184.89100000000002,184.89100000000002,184.89100000000002
752,T3,BESTEFFORT,MISSED,m8-1,74.96,"{'m1-1': 27.29, 'm2-1': 95.7, 'm3-1': 25.79, 'm4-1': 10.42, 'm5-1': 11.07, 'm6-1': 107.44, 'm7-1': 4.95, 'm8-1': 5.59}",0.4199999999999591,184.68,inf,184.95999999999998,184.95999999999998,184.95999999999998
753,T10,BESTEFFORT,MISSED,m8-1,74.967,"{'m1-1': 25.48, 'm2-1': 97.07, 'm3-1': 26.44, 'm4-1': 9.77, 'm5-1': 9.74, 'm6-1': 105.02, 'm7-1': 5.33, 'm8-1': 5.0}",0.010500000000007503,184.95999999999998,inf,184.96699999999998,184.96699999999998,184.96699999999998
754,T6,BESTEFFORT,MISSED,m8-1,74.988,"{'m1-1': 25.76, 'm2-1': 107.74, 'm3-1': 25.2, 'm4-1': 9.84, 'm5-1': 9.8, 'm6-1': 104.7, 'm7-1': 5.57, 'm8-1': 5.78}",0.03150000000002251,184.96699999999998,inf,184.988,184.988,184.988
755,T8,BESTEFFORT,MISSED,m7-1,75.003,"{'m1-1': 28.51, 'm2-1': 96.72, 'm3-1': 25.37, 'm4-1': 10.5, 'm5-1': 10.53, 'm6-1': 108.87, 'm7-1': 4.82, 'm8-1': 5.19}",0.16799999999994952,184.89100000000002,inf,185.003,185.003,185.003
756,T4,BESTEFFORT,MISSED,m8-1,75.063,"{'m1-1': 29.13, 'm2-1': 109.64, 'm3-1': 25.5, 'm4-1': 9.5, 'm5-1': 10.48, 'm6-1': 103.27, 'm7-1': 4.77, 'm8-1': 5.76}",0.11249999999998295,184.988,inf,185.063,185.063,185.063
757,T9,BESTEFFORT,MISSED,m7-1,75.091,"{'m1-1': 25.79, 'm2-1': 95.22, 'm3-1': 26.06, 'm4-1': 9.73, 'm5-1': 10.03, 'm6-1': 105.42, 'm7-1': 5.34, 'm8-1': 5.4}",0.13200000000003342,185.003,inf,185.091,185.091,185.091
758,T5,BESTEFFORT,MISSED,m8-1,75.116,"{'m1-1': 27.16, 'm2-1': 97.52, 'm3-1': 23.75, 'm4-1': 10.47, 'm5-1': 10.51, 'm6-1': 100.69, 'm7-1': 5.44, 'm8-1': 4.84}",0.07949999999999591,185.063,inf,185.11599999999999,185.11599999999999,185.11599999999999
759,T10,BESTEFFORT,MISSED,m8-1,75.276,"{'m1-1': 26.23, 'm2-1': 101.52, 'm3-1': 29.07, 'm4-1': 10.49, 'm5-1': 11.21, 'm6-1': 114.17, 'm7-1': 5.03, 'm8-1': 5.51}",0.24000000000003752,185.11599999999999,inf,185.276,185.276,185.276
760,T7,BESTEFFORT,MISSED,m8-1,75.306,"{'m1-1': 25.79, 'm2-1': 98.69, 'm3-1': 26.9, 'm4-1': 11.04, 'm5-1': 10.36, 'm6-1': 108.18, 'm7-1': 5.23, 'm8-1': 5.64}",0.04499999999995907,185.276,inf,185.30599999999998,185.30599999999998,185.30599999999998
761,T5,BESTEFFORT,MISSED,m8-1,75.395,"{'m1-1': 25.01, 'm2-1': 95.87, 'm3-1': 24.07, 'm4-1': 10.87, 'm5-1': 11.22, 'm6-1': 109.66, 'm7-1': 5.54, 'm8-1': 4.86}",0.13349999999999795,185.30599999999998,inf,185.39499999999998,185.39499999999998,185.39499999999998
762,T9,BESTEFFORT,MISSED,m7-1,75.418,"{'m1-1': 25.31, 'm2-1': 104.27, 'm3-1': 27.14, 'm4-1': 10.39, 'm5-1': 10.37, 'm6-1': 94.85, 'm7-1': 5.54, 'm8-1': 4.74}",0.49049999999999727,185.091,inf,185.418,185.418,185.418
763,T5,BESTEFFORT,MISSED,m7-1,75.496,"{'m1-1': 27.36, 'm2-1': 99.7, 'm3-1': 27.05, 'm4-1': 10.22, 'm5-1': 10.8, 'm6-1': 105.52, 'm7-1': 5.55, 'm8-1': 5.03}",0.1169999999999618,185.418,inf,185.49599999999998,185.49599999999998,185.49599999999998
764,T1,BESTEFFORT,MISSED,m7-1,75.519,"{'m1-1': 28.84, 'm2-1': 96.19, 'm3-1': 27.59, 'm4-1': 10.34, 'm5-1': 10.39, 'm6-1': 110.46, 'm7-1': 4.9, 'm8-1': 4.98}",0.034500000000036835,185.49599999999998,inf,185.519,185.519,185.519
765,T1,BESTEFFORT,MISSED,m7-1,75.61,"{'m1-1': 28.13, 'm2-1': 104.04, 'm3-1': 25.55, 'm4-1': 10.49, 'm5-1': 9.88, 'm6-1': 112.61, 'm7-1': 5.34, 'm8-1': 5.06}",0.13650000000001228,185.519,inf,185.61,185.61,185.61
766,T5,BESTEFFORT,MISSED,m8-1,75.785,"{'m1-1': 25.45, 'm2-1': 103.31, 'm3-1': 24.54, 'm4-1': 10.28, 'm5-1': 11.2, 'm6-1': 102.9, 'm7-1': 5.61, 'm8-1': 5.08}",0.5850000000000222,185.39499999999998,inf,185.785,185.785,185.785
767,T1,BESTEFFORT,MISSED,m7-1,75.931,"{'m1-1': 29.17, 'm2-1': 100.2, 'm3-1': 26.74, 'm4-1': 11.83, 'm5-1': 9.74, 'm6-1': 105.42, 'm7-1': 4.98, 'm8-1': 5.38}",0.4814999999999543,185.61,inf,185.93099999999998,185.93099999999998,185.93099999999998
768,T8,BESTEFFORT,MISSED,m7-1,76.282,"{'m1-1': 26.29, 'm2-1': 112.57, 'm3-1': 24.88, 'm4-1': 10.56, 'm5-1': 10.36, 'm6-1': 116.2, 'm7-1': 5.17, 'm8-1': 5.21}",0.5264999999999986,185.93099999999998,inf,186.28199999999998,186.28199999999998,186.28199999999998
769,T6,BESTEFFORT,MISSED,m7-1,76.343,"{'m1-1': 24.73, 'm2-1': 105.48, 'm3-1': 28.52, 'm4-1': 9.61, 'm5-1': 10.44, 'm6-1': 114.14, 'm7-1': 5.67, 'm8-1': 5.39}",0.0915000000000532,186.28199999999998,inf,186.34300000000002,186.34300000000002,186.34300000000002
770,T5,BESTEFFORT,MISSED,m7-1,76.462,"{'m1-1': 28.93, 'm2-1': 101.34, 'm3-1': 25.59, 'm4-1': 10.79, 'm5-1': 10.15, 'm6-1': 114.64, 'm7-1': 5.24, 'm8-1': 5.54}",0.17849999999995703,186.34300000000002,inf,186.462,186.462,186.462
771,T3,BESTEFFORT,MISSED,m7-1,76.466,"{'m1-1': 26.83, 'm2-1': 101.77, 'm3-1': 24.93, 'm4-1': 10.42, 'm5-1': 10.61, 'm6-1': 108.02, 'm7-1': 5.23, 'm8-1': 5.64}",0.006000000000028649,186.462,inf,186.466,186.466,186.466
772,T7,BESTEFFORT,MISSED,m7-1,76.489,"{'m1-1': 25.66, 'm2-1': 98.33, 'm3-1': 23.56, 'm4-1': 11.29, 'm5-1': 9.59, 'm6-1': 100.04, 'm7-1': 4.95, 'm8-1': 5.56}",0.0344999999999942,186.466,inf,186.489,186.489,186.489
773,T9,BESTEFFORT,MISSED,m7-1,76.513,"{'m1-1': 27.61, 'm2-1': 98.58, 'm3-1': 27.97, 'm4-1': 9.95, 'm5-1': 10.48, 'm6-1': 100.91, 'm7-1': 5.41, 'm8-1': 5.06}",0.036000000000001364,186.489,inf,186.513,186.513,186.513
774,T10,BESTEFFORT,MISSED,m8-1,76.811,"{'m1-1': 25.83, 'm2-1': 104.51, 'm3-1': 27.3, 'm4-1': 10.47, 'm5-1': 11.35, 'm6-1': 99.92, 'm7-1': 5.62, 'm8-1': 4.88}",1.5390000000000157,185.785,inf,186.811,186.811,186.811
775,T2,BESTEFFORT,MISSED,m7-1,76.818,"{'m1-1': 26.39, 'm2-1': 104.7, 'm3-1': 27.42, 'm4-1': 10.17, 'm5-1': 10.48, 'm6-1': 101.38, 'm7-1': 4.82, 'm8-1': 5.57}",0.4574999999999676,186.513,inf,186.81799999999998,186.81799999999998,186.81799999999998
776,T10,BESTEFFORT,MISSED,m8-1,76.827,"{'m1-1': 26.0, 'm2-1': 109.17, 'm3-1': 25.13, 'm4-1': 9.21, 'm5-1': 9.75, 'm6-1': 111.17, 'm7-1': 5.23, 'm8-1': 5.67}",0.0239999999999867,186.811,inf,186.827,186.827,186.827
777,T9,BESTEFFORT,MISSED,m8-1,77.191,"{'m1-1': 24.62, 'm2-1': 102.21, 'm3-1': 27.22, 'm4-1': 10.68, 'm5-1': 10.48, 'm6-1': 95.26, 'm7-1': 5.56, 'm8-1': 5.44}",0.5460000000000065,186.827,inf,187.191,187.191,187.191
778,T5,BESTEFFORT,MISSED,m7-1,77.425,"{'m1-1': 27.31, 'm2-1': 98.24, 'm3-1': 24.08, 'm4-1': 10.84, 'm5-1': 9.67, 'm6-1': 100.71, 'm7-1': 5.3, 'm8-1': 5.2}",0.9105000000000416,186.81799999999998,inf,187.425,187.425,187.425
779,T4,BESTEFFORT,MISSED,m8-1,77.439,"{'m1-1': 26.79, 'm2-1': 106.77, 'm3-1': 25.25, 'm4-1': 10.2, 'm5-1': 10.74, 'm6-1': 115.18, 'm7-1': 5.35, 'm8-1': 4.97}",0.3719999999999857,187.191,inf,187.439,187.439,187.439
780,T3,BESTEFFORT,MISSED,m7-1,77.705,"{'m1-1': 23.9, 'm2-1': 106.06, 'm3-1': 27.81, 'm4-1': 10.25, 'm5-1': 11.05, 'm6-1': 102.34, 'm7-1': 5.53, 'm8-1': 5.02}",0.4199999999999591,187.425,inf,187.70499999999998,187.70499999999998,187.70499999999998
781,T10,BESTEFFORT,MISSED,m7-1,77.963,"{'m1-1': 25.15, 'm2-1': 112.61, 'm3-1': 26.35, 'm4-1': 9.95, 'm5-1': 10.15, 'm6-1': 101.24, 'm7-1': 5.31, 'm8-1': 5.01}",0.38700000000001467,187.70499999999998,inf,187.963,187.963,187.963
782,T1,BESTEFFORT,MISSED,m7-1,77.993,"{'m1-1': 28.91, 'm2-1': 112.83, 'm3-1': 28.44, 'm4-1': 11.32, 'm5-1': 10.16, 'm6-1': 112.25, 'm7-1': 5.27, 'm8-1': 4.94}",0.045000000000001705,187.963,inf,187.993,187.993,187.993
783,T7,BESTEFFORT,MISSED,m7-1,78.068,"{'m1-1': 27.54, 'm2-1': 104.74, 'm3-1': 23.91, 'm4-1': 11.54, 'm5-1': 10.16, 'm6-1': 108.35, 'm7-1': 5.3, 'm8-1': 5.03}",0.11249999999998295,187.993,inf,188.06799999999998,188.06799999999998,188.06799999999998
784,T1,BESTEFFORT,MISSED,m7-1,78.172,"{'m1-1': 26.74, 'm2-1': 113.85, 'm3-1': 25.06, 'm4-1': 11.41, 'm5-1': 11.06, 'm6-1': 98.77, 'm7-1': 4.81, 'm8-1': 5.43}",0.15600000000002012,188.06799999999998,inf,188.172,188.172,188.172
785,T8,BESTEFFORT,MISSED,m7-1,78.196,"{'m1-1': 28.22, 'm2-1': 100.86, 'm3-1': 23.78, 'm4-1': 9.84, 'm5-1': 11.05, 'm6-1': 114.01, 'm7-1': 5.22, 'm8-1': 5.02}",0.036000000000001364,188.172,inf,188.196,188.196,188.196
786,T5,BESTEFFORT,MISSED,m8-1,78.488,"{'m1-1': 27.78, 'm2-1': 100.98, 'm3-1': 27.56, 'm4-1': 10.47, 'm5-1': 10.01, 'm6-1': 106.22, 'm7-1': 5.54, 'm8-1': 5.55}",1.57350000000001,187.439,inf,188.488,188.488,188.488
787,T6,BESTEFFORT,MISSED,m7-1,78.492,"{'m1-1': 26.4, 'm2-1': 110.64, 'm3-1': 26.48, 'm4-1': 10.14, 'm5-1': 10.36, 'm6-1': 109.6, 'm7-1': 5.45, 'm8-1': 5.04}",0.44400000000003104,188.196,inf,188.49200000000002,188.49200000000002,188.49200000000002
788,T2,BESTEFFORT,MISSED,m8-1,78.668,"{'m1-1': 24.82, 'm2-1': 101.84, 'm3-1': 27.78, 'm4-1': 11.47, 'm5-1': 11.28, 'm6-1': 113.49, 'm7-1': 5.08, 'm8-1': 5.01}",0.27000000000001023,188.488,inf,188.668,188.668,188.668
789,T9,BESTEFFORT,MISSED,m7-1,78.905,"{'m1-1': 25.73, 'm2-1': 101.25, 'm3-1': 26.63, 'm4-1': 10.66, 'm5-1': 11.08, 'm6-1': 100.43, 'm7-1': 5.67, 'm8-1': 5.03}",0.6194999999999737,188.49200000000002,inf,188.905,188.905,188.905
790,T3,BESTEFFORT,MISSED,m8-1,78.986,"{'m1-1': 27.32, 'm2-1': 102.19, 'm3-1': 24.63, 'm4-1': 9.69, 'm5-1': 11.03, 'm6-1': 106.6, 'm7-1': 4.96, 'm8-1': 5.13}",0.47699999999997544,188.668,inf,188.986,188.986,188.986
791,T10,BESTEFFORT,MISSED,m8-1,79.045,"{'m1-1': 28.04, 'm2-1': 106.98, 'm3-1': 25.26, 'm4-1': 9.57, 'm5-1': 9.97, 'm6-1': 102.01, 'm7-1': 5.62, 'm8-1': 5.25}",0.08850000000003888,188.986,inf,189.04500000000002,189.04500000000002,189.04500000000002
792,T2,BESTEFFORT,MISSED,m7-1,79.149,"{'m1-1': 27.23, 'm2-1': 106.93, 'm3-1': 24.4, 'm4-1': 11.19, 'm5-1': 10.08, 'm6-1': 107.86, 'm7-1': 4.94, 'm8-1': 5.17}",0.36599999999999966,188.905,inf,189.149,189.149,189.149
793,T9,BESTEFFORT,MISSED,m8-1,79.174,"{'m1-1': 28.48, 'm2-1': 105.4, 'm3-1': 26.14, 'm4-1': 11.1, 'm5-1': 9.9, 'm6-1': 97.25, 'm7-1': 4.92, 'm8-1': 4.63}",0.19349999999998602,189.04500000000002,inf,189.174,189.174,189.174
794,T10,BESTEFFORT,MISSED,m7-1,79.202,"{'m1-1': 25.01, 'm2-1': 109.82, 'm3-1': 25.35, 'm4-1': 10.06, 'm5-1': 10.62, 'm6-1': 109.61, 'm7-1': 5.43, 'm8-1': 4.97}",0.07949999999999591,189.149,inf,189.202,189.202,189.202
795,T3,BESTEFFORT,MISSED,m7-1,79.235,"{'m1-1': 25.8, 'm2-1': 93.14, 'm3-1': 26.18, 'm4-1': 9.9, 'm5-1': 10.68, 'm6-1': 96.74, 'm7-1': 5.05, 'm8-1': 5.16}",0.04950000000002319,189.202,inf,189.235,189.235,189.235
796,T3,BESTEFFORT,MISSED,m8-1,79.252,"{'m1-1': 23.99, 'm2-1': 106.25, 'm3-1': 28.63, 'm4-1': 10.52, 'm5-1': 11.16, 'm6-1': 100.0, 'm7-1': 5.25, 'm8-1': 5.6}",0.11700000000000443,189.174,inf,189.252,189.252,189.252
797,T6,BESTEFFORT,MISSED,m8-1,79.36,"{'m1-1': 26.49, 'm2-1': 115.7, 'm3-1': 27.28, 'm4-1': 9.85, 'm5-1': 9.66, 'm6-1': 100.98, 'm7-1': 5.56, 'm8-1': 4.91}",0.16200000000000614,189.252,inf,189.36,189.36,189.36
798,T8,BESTEFFORT,MISSED,m7-1,79.406,"{'m1-1': 25.46, 'm2-1': 106.47, 'm3-1': 24.94, 'm4-1': 10.48, 'm5-1': 10.27, 'm6-1': 116.02, 'm7-1': 4.8, 'm8-1': 4.96}",0.2564999999999884,189.235,inf,189.406,189.406,189.406
799,T8,BESTEFFORT,MISSED,m7-1,79.432,"{'m1-1': 28.18, 'm2-1': 111.49, 'm3-1': 26.73, 'm4-1': 9.96, 'm5-1': 11.06, 'm6-1': 112.35, 'm7-1': 4.79, 'm8-1': 5.0}",0.03900000000001569,189.406,inf,189.43200000000002,189.43200000000002,189.43200000000002
800,T9,BESTEFFORT,MISSED,m7-1,79.473,"{'m1-1': 28.48, 'm2-1': 95.66, 'm3-1': 28.76, 'm4-1': 9.74, 'm5-1': 9.52, 'm6-1': 102.1, 'm7-1': 5.73, 'm8-1': 4.61}",0.061499999999995225,189.43200000000002,inf,189.473,189.473,189.473
801,T6,BESTEFFORT,MISSED,m7-1,79.554,"{'m1-1': 24.96, 'm2-1': 107.96, 'm3-1': 28.33, 'm4-1': 10.41, 'm5-1': 10.85, 'm6-1': 102.67, 'm7-1': 5.74, 'm8-1': 4.91}",0.12149999999998329,189.473,inf,189.554,189.554,189.554
802,T6,BESTEFFORT,MISSED,m8-1,79.731,"{'m1-1': 24.73, 'm2-1': 109.02, 'm3-1': 27.11, 'm4-1': 10.85, 'm5-1': 9.57, 'm6-1': 112.92, 'm7-1': 5.65, 'm8-1': 5.53}",0.5564999999999714,189.36,inf,189.731,189.731,189.731
803,T3,BESTEFFORT,MISSED,m8-1,79.836,"{'m1-1': 24.52, 'm2-1': 93.86, 'm3-1': 28.52, 'm4-1': 9.96, 'm5-1': 11.17, 'm6-1': 99.01, 'm7-1': 5.14, 'm8-1': 5.15}",0.15750000000002728,189.731,inf,189.836,189.836,189.836
804,T7,BESTEFFORT,MISSED,m8-1,79.869,"{'m1-1': 28.3, 'm2-1': 101.53, 'm3-1': 26.33, 'm4-1': 10.11, 'm5-1': 10.94, 'm6-1': 100.77, 'm7-1': 5.16, 'm8-1': 5.46}",0.04949999999998056,189.836,inf,189.869,189.869,189.869
805,T6,BESTEFFORT,MISSED,m7-1,79.881,"{'m1-1': 25.78, 'm2-1': 98.82, 'm3-1': 25.05, 'm4-1': 9.91, 'm5-1': 10.72, 'm6-1': 101.25, 'm7-1': 5.34, 'm8-1': 5.41}",0.49049999999999727,189.554,inf,189.881,189.881,189.881
806,T2,BESTEFFORT,MISSED,m8-1,79.964,"{'m1-1': 28.44, 'm2-1': 97.83, 'm3-1': 27.19, 'm4-1': 11.51, 'm5-1': 11.16, 'm6-1': 96.38, 'm7-1': 4.86, 'm8-1': 5.18}",0.1424999999999983,189.869,inf,189.964,189.964,189.964
807,T10,BESTEFFORT,MISSED,m7-1,80.123,"{'m1-1': 26.93, 'm2-1': 99.32, 'm3-1': 28.04, 'm4-1': 10.12, 'm5-1': 9.95, 'm6-1': 114.34, 'm7-1': 5.49, 'm8-1': 4.82}",0.36299999999998533,189.881,inf,190.123,190.123,190.123
808,T8,BESTEFFORT,MISSED,m7-1,80.169,"{'m1-1': 24.68, 'm2-1': 98.59, 'm3-1': 27.18, 'm4-1': 10.7, 'm5-1': 11.76, 'm6-1': 99.29, 'm7-1': 4.63, 'm8-1': 5.69}",0.0689999999999884,190.123,inf,190.16899999999998,190.16899999999998,190.16899999999998
809,T7,BESTEFFORT,MISSED,m7-1,80.222,"{'m1-1': 28.21, 'm2-1': 107.65, 'm3-1': 25.55, 'm4-1': 10.41, 'm5-1': 9.87, 'm6-1': 102.78, 'm7-1': 4.79, 'm8-1': 5.56}",0.07949999999999591,190.16899999999998,inf,190.22199999999998,190.22199999999998,190.22199999999998
810,T4,BESTEFFORT,MISSED,m7-1,80.257,"{'m1-1': 28.2, 'm2-1': 101.75, 'm3-1': 25.94, 'm4-1': 9.23, 'm5-1': 10.62, 'm6-1': 106.23, 'm7-1': 4.7, 'm8-1': 5.18}",0.05250000000003752,190.22199999999998,inf,190.257,190.257,190.257
811,T7,BESTEFFORT,MISSED,m7-1,80.284,"{'m1-1': 26.77, 'm2-1': 99.49, 'm3-1': 24.7, 'm4-1': 10.59, 'm5-1': 10.54, 'm6-1': 103.99, 'm7-1': 4.69, 'm8-1': 5.29}",0.04049999999998022,190.257,inf,190.284,190.284,190.284
812,T9,BESTEFFORT,MISSED,m8-1,80.342,"{'m1-1': 28.99, 'm2-1': 102.89, 'm3-1': 28.57, 'm4-1': 10.66, 'm5-1': 10.24, 'm6-1': 109.21, 'm7-1': 5.74, 'm8-1': 4.66}",0.5669999999999789,189.964,inf,190.34199999999998,190.34199999999998,190.34199999999998
813,T4,BESTEFFORT,MISSED,m7-1,80.374,"{'m1-1': 29.18, 'm2-1': 115.42, 'm3-1': 22.9, 'm4-1': 10.76, 'm5-1': 11.16, 'm6-1': 99.24, 'm7-1': 4.99, 'm8-1': 5.77}",0.13500000000000512,190.284,inf,190.374,190.374,190.374
814,T9,BESTEFFORT,MISSED,m7-1,80.452,"{'m1-1': 25.38, 'm2-1': 99.72, 'm3-1': 28.1, 'm4-1': 10.09, 'm5-1': 11.16, 'm6-1': 111.78, 'm7-1': 4.83, 'm8-1': 5.01}",0.11700000000000443,190.374,inf,190.452,190.452,190.452
815,T1,BESTEFFORT,MISSED,m7-1,80.601,"{'m1-1': 25.22, 'm2-1': 113.3, 'm3-1': 24.19, 'm4-1': 10.4, 'm5-1': 10.53, 'm6-1': 102.42, 'm7-1': 4.78, 'm8-1': 5.43}",0.22350000000000136,190.452,inf,190.601,190.601,190.601
816,T3,BESTEFFORT,MISSED,m7-1,80.616,"{'m1-1': 23.33, 'm2-1': 93.91, 'm3-1': 25.07, 'm4-1': 9.54, 'm5-1': 10.95, 'm6-1': 97.66, 'm7-1': 5.83, 'm8-1': 5.21}",0.022499999999979536,190.601,inf,190.61599999999999,190.61599999999999,190.61599999999999
817,T1,BESTEFFORT,MISSED,m7-1,80.669,"{'m1-1': 25.52, 'm2-1': 99.46, 'm3-1': 25.19, 'm4-1': 11.85, 'm5-1': 10.26, 'm6-1': 109.36, 'm7-1': 4.78, 'm8-1': 5.27}",0.07949999999999591,190.61599999999999,inf,190.66899999999998,190.66899999999998,190.66899999999998
818,T10,BESTEFFORT,MISSED,m8-1,80.723,"{'m1-1': 24.69, 'm2-1': 96.58, 'm3-1': 24.68, 'm4-1': 10.17, 'm5-1': 9.94, 'm6-1': 111.14, 'm7-1': 5.15, 'm8-1': 5.35}",0.571500000000043,190.34199999999998,inf,190.723,190.723,190.723
819,T3,BESTEFFORT,MISSED,m8-1,80.906,"{'m1-1': 26.12, 'm2-1': 94.18, 'm3-1': 24.28, 'm4-1': 10.34, 'm5-1': 10.16, 'm6-1': 107.18, 'm7-1': 5.01, 'm8-1': 4.97}",0.2744999999999891,190.723,inf,190.906,190.906,190.906
820,T9,BESTEFFORT,MISSED,m8-1,81.017,"{'m1-1': 25.09, 'm2-1': 100.45, 'm3-1': 28.82, 'm4-1': 10.5, 'm5-1': 9.86, 'm6-1': 101.11, 'm7-1': 5.0, 'm8-1': 5.44}",0.166499999999985,190.906,inf,191.017,191.017,191.017
821,T9,BESTEFFORT,MISSED,m8-1,81.205,"{'m1-1': 27.61, 'm2-1': 104.13, 'm3-1': 27.36, 'm4-1': 11.37, 'm5-1': 11.05, 'm6-1': 103.6, 'm7-1': 5.52, 'm8-1': 4.7}",0.28199999999998226,191.017,inf,191.20499999999998,191.20499999999998,191.20499999999998
822,T10,BESTEFFORT,MISSED,m7-1,81.258,"{'m1-1': 28.37, 'm2-1': 95.25, 'm3-1': 27.51, 'm4-1': 10.25, 'm5-1': 10.36, 'm6-1': 106.44, 'm7-1': 5.35, 'm8-1': 5.32}",0.883499999999998,190.66899999999998,inf,191.25799999999998,191.25799999999998,191.25799999999998
823,T4,BESTEFFORT,MISSED,m7-1,81.638,"{'m1-1': 27.3, 'm2-1': 103.0, 'm3-1': 26.46, 'm4-1': 10.3, 'm5-1': 10.88, 'm6-1': 97.89, 'm7-1': 5.06, 'm8-1': 5.75}",0.5700000000000358,191.25799999999998,inf,191.638,191.638,191.638
824,T7,BESTEFFORT,MISSED,m7-1,81.803,"{'m1-1': 26.6, 'm2-1': 92.82, 'm3-1': 24.12, 'm4-1': 10.4, 'm5-1': 9.57, 'm6-1': 114.42, 'm7-1': 4.9, 'm8-1': 5.79}",0.24749999999998806,191.638,inf,191.803,191.803,191.803
825,T8,BESTEFFORT,MISSED,m7-1,81.811,"{'m1-1': 25.66, 'm2-1': 105.17, 'm3-1': 25.39, 'm4-1': 10.36, 'm5-1': 10.17, 'm6-1': 111.84, 'm7-1': 4.64, 'm8-1': 5.01}",0.012000000000014666,191.803,inf,191.811,191.811,191.811
826,T7,BESTEFFORT,MISSED,m7-1,81.871,"{'m1-1': 27.69, 'm2-1': 94.48, 'm3-1': 25.45, 'm4-1': 11.86, 'm5-1': 10.77, 'm6-1': 104.43, 'm7-1': 5.04, 'm8-1': 5.64}",0.0,191.87099999999998,inf,191.87099999999998,191.87099999999998,191.87099999999998
827,T3,BESTEFFORT,MISSED,m7-1,81.871,"{'m1-1': 24.19, 'm2-1': 101.72, 'm3-1': 27.51, 'm4-1': 10.21, 'm5-1': 11.14, 'm6-1': 109.73, 'm7-1': 4.99, 'm8-1': 4.83}",0.08999999999996078,191.811,inf,191.87099999999998,191.87099999999998,191.87099999999998
828,T4,BESTEFFORT,MISSED,m7-1,81.919,"{'m1-1': 26.33, 'm2-1': 114.54, 'm3-1': 24.33, 'm4-1': 10.94, 'm5-1': 11.41, 'm6-1': 112.47, 'm7-1': 4.84, 'm8-1': 4.95}",0.07200000000000273,191.87099999999998,inf,191.91899999999998,191.91899999999998,191.91899999999998
829,T8,BESTEFFORT,MISSED,m7-1,81.953,"{'m1-1': 25.27, 'm2-1': 102.62, 'm3-1': 23.43, 'm4-1': 11.35, 'm5-1': 10.24, 'm6-1': 108.96, 'm7-1': 4.68, 'm8-1': 5.75}",0.051000000000030354,191.91899999999998,inf,191.953,191.953,191.953
830,T1,BESTEFFORT,MISSED,m7-1,82.029,"{'m1-1': 28.64, 'm2-1': 103.47, 'm3-1': 24.79, 'm4-1': 10.35, 'm5-1': 10.17, 'm6-1': 97.43, 'm7-1': 5.05, 'm8-1': 5.22}",0.11399999999999011,191.953,inf,192.029,192.029,192.029
831,T3,BESTEFFORT,MISSED,m7-1,82.085,"{'m1-1': 25.08, 'm2-1': 96.64, 'm3-1': 26.68, 'm4-1': 10.64, 'm5-1': 10.65, 'm6-1': 97.42, 'm7-1': 5.37, 'm8-1': 5.55}",0.08399999999997476,192.029,inf,192.08499999999998,192.08499999999998,192.08499999999998
832,T7,BESTEFFORT,MISSED,m7-1,82.144,"{'m1-1': 25.21, 'm2-1': 102.49, 'm3-1': 25.14, 'm4-1': 10.39, 'm5-1': 9.43, 'm6-1': 99.43, 'm7-1': 4.88, 'm8-1': 4.93}",0.08850000000003888,192.08499999999998,inf,192.144,192.144,192.144
833,T3,BESTEFFORT,MISSED,m8-1,82.169,"{'m1-1': 23.88, 'm2-1': 94.3, 'm3-1': 28.65, 'm4-1': 10.07, 'm5-1': 10.86, 'm6-1': 108.06, 'm7-1': 5.55, 'm8-1': 4.95}",1.445999999999998,191.20499999999998,inf,192.16899999999998,192.16899999999998,192.16899999999998
834,T4,BESTEFFORT,MISSED,m7-1,82.202,"{'m1-1': 25.57, 'm2-1': 109.73, 'm3-1': 25.76, 'm4-1': 9.84, 'm5-1': 11.34, 'm6-1': 100.45, 'm7-1': 5.53, 'm8-1': 5.26}",0.08699999999998909,192.144,inf,192.202,192.202,192.202
835,T2,BESTEFFORT,MISSED,m7-1,82.208,"{'m1-1': 27.37, 'm2-1': 105.17, 'm3-1': 24.41, 'm4-1': 10.28, 'm5-1': 10.87, 'm6-1': 96.33, 'm7-1': 5.08, 'm8-1': 5.57}",0.009000000000000341,192.202,inf,192.208,192.208,192.208
836,T1,BESTEFFORT,MISSED,m8-1,82.222,"{'m1-1': 27.71, 'm2-1': 101.06, 'm3-1': 26.3, 'm4-1': 10.16, 'm5-1': 10.06, 'm6-1': 102.7, 'm7-1': 5.23, 'm8-1': 4.82}",0.07949999999999591,192.16899999999998,inf,192.22199999999998,192.22199999999998,192.22199999999998
837,T10,BESTEFFORT,MISSED,m7-1,82.226,"{'m1-1': 28.47, 'm2-1': 96.42, 'm3-1': 24.59, 'm4-1': 10.53, 'm5-1': 10.81, 'm6-1': 112.51, 'm7-1': 5.31, 'm8-1': 5.07}",0.027000000000001023,192.208,inf,192.226,192.226,192.226
838,T10,BESTEFFORT,MISSED,m8-1,82.253,"{'m1-1': 26.43, 'm2-1': 101.1, 'm3-1': 28.89, 'm4-1': 10.49, 'm5-1': 10.46, 'm6-1': 109.36, 'm7-1': 4.85, 'm8-1': 4.79}",0.04650000000000887,192.22199999999998,inf,192.253,192.253,192.253
839,T6,BESTEFFORT,MISSED,m8-1,82.356,"{'m1-1': 24.09, 'm2-1': 114.9, 'm3-1': 28.5, 'm4-1': 11.14, 'm5-1': 9.41, 'm6-1': 101.13, 'm7-1': 4.96, 'm8-1': 5.44}",0.15450000000001296,192.253,inf,192.356,192.356,192.356
840,T10,BESTEFFORT,MISSED,m8-1,82.704,"{'m1-1': 24.96, 'm2-1': 97.4, 'm3-1': 24.68, 'm4-1': 10.94, 'm5-1': 10.98, 'm6-1': 110.71, 'm7-1': 4.99, 'm8-1': 5.14}",0.5220000000000198,192.356,inf,192.704,192.704,192.704
841,T5,BESTEFFORT,MISSED,m7-1,82.824,"{'m1-1': 25.2, 'm2-1': 95.11, 'm3-1': 26.79, 'm4-1': 9.83, 'm5-1': 9.73, 'm6-1': 108.93, 'm7-1': 4.9, 'm8-1': 4.87}",0.8970000000000198,192.226,inf,192.824,192.824,192.824
842,T5,BESTEFFORT,MISSED,m8-1,82.883,"{'m1-1': 27.1, 'm2-1': 104.31, 'm3-1': 23.61, 'm4-1': 11.32, 'm5-1': 9.8, 'm6-1': 113.19, 'm7-1': 5.68, 'm8-1': 5.09}",0.26849999999996044,192.704,inf,192.88299999999998,192.88299999999998,192.88299999999998
843,T3,BESTEFFORT,MISSED,m8-1,83.282,"{'m1-1': 26.56, 'm2-1': 95.37, 'm3-1': 26.29, 'm4-1': 9.75, 'm5-1': 10.6, 'm6-1': 98.61, 'm7-1': 5.7, 'm8-1': 4.91}",0.5985000000000014,192.88299999999998,inf,193.28199999999998,193.28199999999998,193.28199999999998
844,T1,BESTEFFORT,MISSED,m8-1,83.393,"{'m1-1': 25.69, 'm2-1': 98.55, 'm3-1': 24.99, 'm4-1': 10.34, 'm5-1': 11.18, 'm6-1': 106.52, 'm7-1': 4.85, 'm8-1': 5.59}",0.16650000000002763,193.28199999999998,inf,193.393,193.393,193.393
845,T1,BESTEFFORT,MISSED,m8-1,83.475,"{'m1-1': 29.59, 'm2-1': 102.22, 'm3-1': 27.36, 'm4-1': 11.13, 'm5-1': 10.93, 'm6-1': 104.59, 'm7-1': 5.23, 'm8-1': 4.87}",0.12299999999999045,193.393,inf,193.475,193.475,193.475
846,T8,BESTEFFORT,MISSED,m7-1,83.712,"{'m1-1': 27.43, 'm2-1': 106.69, 'm3-1': 24.81, 'm4-1': 10.82, 'm5-1': 10.48, 'm6-1': 111.05, 'm7-1': 5.09, 'm8-1': 5.21}",1.3319999999999652,192.824,inf,193.712,193.712,193.712
847,T9,BESTEFFORT,MISSED,m8-1,83.716,"{'m1-1': 29.02, 'm2-1': 93.59, 'm3-1': 27.36, 'm4-1': 10.94, 'm5-1': 9.76, 'm6-1': 96.66, 'm7-1': 4.83, 'm8-1': 5.05}",0.3615000000000208,193.475,inf,193.716,193.716,193.716
848,T7,BESTEFFORT,MISSED,m7-1,83.749,"{'m1-1': 25.64, 'm2-1': 95.28, 'm3-1': 27.21, 'm4-1': 11.06, 'm5-1': 9.32, 'm6-1': 105.84, 'm7-1': 5.36, 'm8-1': 5.54}",0.05550000000000921,193.712,inf,193.749,193.749,193.749
849,T6,BESTEFFORT,MISSED,m7-1,84.032,"{'m1-1': 24.82, 'm2-1': 98.94, 'm3-1': 28.15, 'm4-1': 9.65, 'm5-1': 9.68, 'm6-1': 107.02, 'm7-1': 4.98, 'm8-1': 5.41}",0.42449999999998056,193.749,inf,194.03199999999998,194.03199999999998,194.03199999999998
850,T2,BESTEFFORT,MISSED,m7-1,84.052,"{'m1-1': 28.39, 'm2-1': 105.37, 'm3-1': 26.94, 'm4-1': 10.92, 'm5-1': 9.68, 'm6-1': 108.12, 'm7-1': 4.88, 'm8-1': 5.59}",0.03000000000005798,194.03199999999998,inf,194.05200000000002,194.05200000000002,194.05200000000002
851,T10,BESTEFFORT,MISSED,m8-1,84.184,"{'m1-1': 25.48, 'm2-1': 99.85, 'm3-1': 27.95, 'm4-1': 10.54, 'm5-1': 9.86, 'm6-1': 110.88, 'm7-1': 5.05, 'm8-1': 5.63}",0.701999999999984,193.716,inf,194.184,194.184,194.184
852,T6,BESTEFFORT,MISSED,m8-1,84.234,"{'m1-1': 25.78, 'm2-1': 106.3, 'm3-1': 24.56, 'm4-1': 10.67, 'm5-1': 10.42, 'm6-1': 109.78, 'm7-1': 5.27, 'm8-1': 5.37}",0.07499999999997442,194.184,inf,194.23399999999998,194.23399999999998,194.23399999999998
853,T3,BESTEFFORT,MISSED,m7-1,84.414,"{'m1-1': 24.34, 'm2-1': 104.89, 'm3-1': 25.77, 'm4-1': 10.91, 'm5-1': 10.4, 'm6-1': 99.88, 'm7-1': 5.26, 'm8-1': 4.75}",0.5429999999999495,194.05200000000002,inf,194.414,194.414,194.414
854,T2,BESTEFFORT,MISSED,m7-1,84.538,"{'m1-1': 26.69, 'm2-1': 111.13, 'm3-1': 27.49, 'm4-1': 11.46, 'm5-1': 10.71, 'm6-1': 109.48, 'm7-1': 4.81, 'm8-1': 5.46}",0.18600000000003547,194.414,inf,194.538,194.538,194.538
855,T3,BESTEFFORT,MISSED,m8-1,84.657,"{'m1-1': 25.9, 'm2-1': 95.69, 'm3-1': 27.03, 'm4-1': 10.12, 'm5-1': 11.12, 'm6-1': 103.01, 'm7-1': 5.21, 'm8-1': 5.33}",0.6345000000000027,194.23399999999998,inf,194.65699999999998,194.65699999999998,194.65699999999998
856,T8,BESTEFFORT,MISSED,m8-1,84.667,"{'m1-1': 26.35, 'm2-1': 100.39, 'm3-1': 25.05, 'm4-1': 9.92, 'm5-1': 11.68, 'm6-1': 103.52, 'm7-1': 5.47, 'm8-1': 5.38}",0.01500000000002899,194.65699999999998,inf,194.667,194.667,194.667
857,T9,BESTEFFORT,MISSED,m8-1,84.695,"{'m1-1': 25.65, 'm2-1': 109.23, 'm3-1': 26.06, 'm4-1': 9.75, 'm5-1': 10.94, 'm6-1': 100.81, 'm7-1': 5.64, 'm8-1': 5.1}",0.04199999999998738,194.667,inf,194.695,194.695,194.695
858,T2,BESTEFFORT,MISSED,m7-1,84.761,"{'m1-1': 26.62, 'm2-1': 112.44, 'm3-1': 25.78, 'm4-1': 10.64, 'm5-1': 10.25, 'm6-1': 111.13, 'm7-1': 5.04, 'm8-1': 4.93}",0.33449999999997715,194.538,inf,194.761,194.761,194.761
859,T3,BESTEFFORT,MISSED,m8-1,85.029,"{'m1-1': 26.94, 'm2-1': 108.11, 'm3-1': 26.4, 'm4-1': 10.3, 'm5-1': 10.34, 'm6-1': 99.12, 'm7-1': 5.62, 'm8-1': 5.32}",0.5010000000000048,194.695,inf,195.029,195.029,195.029
860,T1,BESTEFFORT,MISSED,m7-1,85.036,"{'m1-1': 29.03, 'm2-1': 108.29, 'm3-1': 25.56, 'm4-1': 11.41, 'm5-1': 10.23, 'm6-1': 112.46, 'm7-1': 4.78, 'm8-1': 5.04}",0.4125000000000085,194.761,inf,195.036,195.036,195.036
861,T3,BESTEFFORT,MISSED,m8-1,85.201,"{'m1-1': 26.85, 'm2-1': 93.67, 'm3-1': 27.62, 'm4-1': 10.56, 'm5-1': 10.84, 'm6-1': 98.9, 'm7-1': 5.74, 'm8-1': 5.54}",0.25799999999999557,195.029,inf,195.201,195.201,195.201
862,T5,BESTEFFORT,MISSED,m8-1,85.359,"{'m1-1': 27.77, 'm2-1': 109.41, 'm3-1': 26.44, 'm4-1': 10.83, 'm5-1': 10.06, 'm6-1': 106.36, 'm7-1': 5.18, 'm8-1': 5.29}",0.23699999999998056,195.201,inf,195.35899999999998,195.35899999999998,195.35899999999998
863,T2,BESTEFFORT,MISSED,m7-1,85.525,"{'m1-1': 26.33, 'm2-1': 111.62, 'm3-1': 26.24, 'm4-1': 10.67, 'm5-1': 11.01, 'm6-1': 97.48, 'm7-1': 5.11, 'm8-1': 5.09}",0.7335000000000065,195.036,inf,195.525,195.525,195.525
864,T7,BESTEFFORT,MISSED,m7-1,85.598,"{'m1-1': 28.16, 'm2-1': 106.11, 'm3-1': 24.12, 'm4-1': 10.43, 'm5-1': 10.02, 'm6-1': 112.52, 'm7-1': 4.87, 'm8-1': 4.99}",0.10950000000001125,195.525,inf,195.598,195.598,195.598
865,T9,BESTEFFORT,MISSED,m7-1,85.607,"{'m1-1': 27.08, 'm2-1': 96.61, 'm3-1': 25.07, 'm4-1': 11.09, 'm5-1': 10.16, 'm6-1': 101.07, 'm7-1': 5.21, 'm8-1': 5.4}",0.013499999999979195,195.598,inf,195.607,195.607,195.607
866,T9,BESTEFFORT,MISSED,m7-1,85.631,"{'m1-1': 28.75, 'm2-1': 94.92, 'm3-1': 28.66, 'm4-1': 10.99, 'm5-1': 11.11, 'm6-1': 107.35, 'm7-1': 5.47, 'm8-1': 5.39}",0.036000000000001364,195.607,inf,195.631,195.631,195.631
867,T2,BESTEFFORT,MISSED,m8-1,85.741,"{'m1-1': 24.33, 'm2-1': 97.08, 'm3-1': 24.78, 'm4-1': 11.62, 'm5-1': 11.03, 'm6-1': 101.16, 'm7-1': 5.28, 'm8-1': 5.0}",0.5730000000000075,195.35899999999998,inf,195.74099999999999,195.74099999999999,195.74099999999999
868,T3,BESTEFFORT,MISSED,m8-1,85.819,"{'m1-1': 24.61, 'm2-1': 108.97, 'm3-1': 27.63, 'm4-1': 10.38, 'm5-1': 9.88, 'm6-1': 110.89, 'm7-1': 5.42, 'm8-1': 4.83}",0.11700000000004707,195.74099999999999,inf,195.81900000000002,195.81900000000002,195.81900000000002
869,T7,BESTEFFORT,MISSED,m7-1,86.102,"{'m1-1': 26.59, 'm2-1': 93.73, 'm3-1': 27.22, 'm4-1': 10.95, 'm5-1': 10.83, 'm6-1': 103.16, 'm7-1': 4.88, 'm8-1': 5.54}",0.7065000000000055,195.631,inf,196.102,196.102,196.102
870,T3,BESTEFFORT,MISSED,m7-1,86.154,"{'m1-1': 26.57, 'm2-1': 95.5, 'm3-1': 26.9, 'm4-1': 9.64, 'm5-1': 10.03, 'm6-1': 109.25, 'm7-1': 4.97, 'm8-1': 5.36}",0.07799999999998875,196.102,inf,196.154,196.154,196.154
871,T6,BESTEFFORT,MISSED,m7-1,86.364,"{'m1-1': 26.02, 'm2-1': 103.65, 'm3-1': 26.66, 'm4-1': 10.37, 'm5-1': 9.99, 'm6-1': 113.5, 'm7-1': 4.99, 'm8-1': 5.07}",0.31500000000001194,196.154,inf,196.364,196.364,196.364
872,T7,BESTEFFORT,MISSED,m7-1,86.441,"{'m1-1': 24.87, 'm2-1': 100.54, 'm3-1': 25.65, 'm4-1': 10.73, 'm5-1': 10.69, 'm6-1': 113.65, 'm7-1': 5.19, 'm8-1': 5.64}",0.11549999999999727,196.364,inf,196.441,196.441,196.441
873,T1,BESTEFFORT,MISSED,m7-1,86.506,"{'m1-1': 28.3, 'm2-1': 95.79, 'm3-1': 28.35, 'm4-1': 11.46, 'm5-1': 11.2, 'm6-1': 104.87, 'm7-1': 4.84, 'm8-1': 5.41}",0.09749999999999659,196.441,inf,196.506,196.506,196.506
874,T3,BESTEFFORT,MISSED,m8-1,86.534,"{'m1-1': 23.99, 'm2-1': 102.6, 'm3-1': 27.79, 'm4-1': 9.98, 'm5-1': 10.69, 'm6-1': 107.62, 'm7-1': 5.6, 'm8-1': 5.26}",1.0724999999999625,195.81900000000002,inf,196.534,196.534,196.534
875,T7,BESTEFFORT,MISSED,m7-1,86.659,"{'m1-1': 25.31, 'm2-1': 96.8, 'm3-1': 24.7, 'm4-1': 10.91, 'm5-1': 11.0, 'm6-1': 108.15, 'm7-1': 5.08, 'm8-1': 5.7}",0.22949999999998738,196.506,inf,196.659,196.659,196.659
876,T3,BESTEFFORT,MISSED,m7-1,86.725,"{'m1-1': 26.79, 'm2-1': 107.19, 'm3-1': 27.1, 'm4-1': 9.93, 'm5-1': 11.3, 'm6-1': 99.28, 'm7-1': 5.26, 'm8-1': 5.6}",0.09900000000000375,196.659,inf,196.725,196.725,196.725
877,T10,BESTEFFORT,MISSED,m8-1,86.885,"{'m1-1': 24.27, 'm2-1': 98.94, 'm3-1': 26.81, 'm4-1': 9.98, 'm5-1': 10.77, 'm6-1': 110.44, 'm7-1': 5.49, 'm8-1': 5.61}",0.5264999999999986,196.534,inf,196.885,196.885,196.885
878,T8,BESTEFFORT,MISSED,m7-1,86.974,"{'m1-1': 26.0, 'm2-1': 105.7, 'm3-1': 25.77, 'm4-1': 9.88, 'm5-1': 10.55, 'm6-1': 113.11, 'm7-1': 5.24, 'm8-1': 5.8}",0.37349999999999284,196.725,inf,196.974,196.974,196.974
879,T5,BESTEFFORT,MISSED,m7-1,87.022,"{'m1-1': 25.48, 'm2-1': 109.58, 'm3-1': 24.1, 'm4-1': 11.22, 'm5-1': 10.84, 'm6-1': 102.7, 'm7-1': 5.34, 'm8-1': 5.54}",0.07200000000000273,196.974,inf,197.022,197.022,197.022
880,T9,BESTEFFORT,MISSED,m8-1,87.187,"{'m1-1': 24.84, 'm2-1': 103.34, 'm3-1': 25.22, 'm4-1': 10.71, 'm5-1': 10.25, 'm6-1': 97.44, 'm7-1': 5.35, 'm8-1': 4.97}",0.4530000000000314,196.885,inf,197.187,197.187,197.187
881,T10,BESTEFFORT,MISSED,m8-1,87.395,"{'m1-1': 26.45, 'm2-1': 96.08, 'm3-1': 26.93, 'm4-1': 10.11, 'm5-1': 11.05, 'm6-1': 100.48, 'm7-1': 5.62, 'm8-1': 5.31}",0.311999999999955,197.187,inf,197.39499999999998,197.39499999999998,197.39499999999998
882,T7,BESTEFFORT,MISSED,m7-1,87.432,"{'m1-1': 24.45, 'm2-1': 109.66, 'm3-1': 24.14, 'm4-1': 11.26, 'm5-1': 10.05, 'm6-1': 114.2, 'm7-1': 4.73, 'm8-1': 5.11}",0.6150000000000375,197.022,inf,197.43200000000002,197.43200000000002,197.43200000000002
883,T2,BESTEFFORT,MISSED,m7-1,87.551,"{'m1-1': 25.35, 'm2-1': 100.66, 'm3-1': 25.14, 'm4-1': 10.14, 'm5-1': 9.85, 'm6-1': 109.83, 'm7-1': 5.0, 'm8-1': 5.39}",0.17849999999995703,197.43200000000002,inf,197.551,197.551,197.551
884,T2,BESTEFFORT,MISSED,m8-1,87.558,"{'m1-1': 25.21, 'm2-1': 107.32, 'm3-1': 25.54, 'm4-1': 11.38, 'm5-1': 10.68, 'm6-1': 104.9, 'm7-1': 5.14, 'm8-1': 5.17}",0.24450000000001637,197.39499999999998,inf,197.558,197.558,197.558
885,T3,BESTEFFORT,MISSED,m8-1,87.607,"{'m1-1': 27.28, 'm2-1': 93.03, 'm3-1': 25.75, 'm4-1': 10.21, 'm5-1': 10.06, 'm6-1': 104.36, 'm7-1': 4.91, 'm8-1': 5.09}",0.07350000000000989,197.558,inf,197.607,197.607,197.607
886,T1,BESTEFFORT,MISSED,m7-1,87.702,"{'m1-1': 28.8, 'm2-1': 103.1, 'm3-1': 26.91, 'm4-1': 10.2, 'm5-1': 11.05, 'm6-1': 114.31, 'm7-1': 5.46, 'm8-1': 5.09}",0.2265000000000157,197.551,inf,197.702,197.702,197.702
887,T10,BESTEFFORT,MISSED,m7-1,88.06,"{'m1-1': 27.51, 'm2-1': 110.56, 'm3-1': 27.91, 'm4-1': 9.75, 'm5-1': 11.11, 'm6-1': 105.77, 'm7-1': 5.31, 'm8-1': 5.38}",0.5370000000000061,197.702,inf,198.06,198.06,198.06
888,T10,BESTEFFORT,MISSED,m8-1,88.065,"{'m1-1': 24.12, 'm2-1': 101.54, 'm3-1': 29.05, 'm4-1': 9.45, 'm5-1': 10.62, 'm6-1': 105.94, 'm7-1': 4.8, 'm8-1': 4.81}",0.6869999999999976,197.607,inf,198.065,198.065,198.065
889,T6,BESTEFFORT,MISSED,m7-1,88.142,"{'m1-1': 24.73, 'm2-1': 106.97, 'm3-1': 27.56, 'm4-1': 9.69, 'm5-1': 9.81, 'm6-1': 103.94, 'm7-1': 5.32, 'm8-1': 4.97}",0.12299999999999045,198.06,inf,198.142,198.142,198.142
890,T2,BESTEFFORT,MISSED,m7-1,88.322,"{'m1-1': 27.91, 'm2-1': 104.96, 'm3-1': 28.21, 'm4-1': 11.53, 'm5-1': 9.88, 'm6-1': 98.25, 'm7-1': 4.73, 'm8-1': 5.01}",0.27000000000001023,198.142,inf,198.322,198.322,198.322
891,T10,BESTEFFORT,MISSED,m8-1,88.359,"{'m1-1': 25.71, 'm2-1': 99.87, 'm3-1': 27.42, 'm4-1': 10.53, 'm5-1': 9.75, 'm6-1': 114.8, 'm7-1': 5.11, 'm8-1': 5.44}",0.4409999999999741,198.065,inf,198.35899999999998,198.35899999999998,198.35899999999998
892,T8,BESTEFFORT,MISSED,m7-1,88.392,"{'m1-1': 26.93, 'm2-1': 105.06, 'm3-1': 25.62, 'm4-1': 10.74, 'm5-1': 11.54, 'm6-1': 115.22, 'm7-1': 4.93, 'm8-1': 5.16}",0.10499999999998977,198.322,inf,198.392,198.392,198.392
893,T10,BESTEFFORT,MISSED,m7-1,88.767,"{'m1-1': 26.02, 'm2-1': 103.63, 'm3-1': 28.4, 'm4-1': 10.16, 'm5-1': 10.27, 'm6-1': 103.68, 'm7-1': 5.36, 'm8-1': 5.22}",0.5625,198.392,inf,198.767,198.767,198.767
894,T8,BESTEFFORT,MISSED,m7-1,88.83,"{'m1-1': 28.91, 'm2-1': 100.75, 'm3-1': 25.42, 'm4-1': 10.94, 'm5-1': 10.86, 'm6-1': 117.92, 'm7-1': 5.03, 'm8-1': 5.16}",0.09449999999998226,198.767,inf,198.82999999999998,198.82999999999998,198.82999999999998
895,T2,BESTEFFORT,MISSED,m8-1,89.257,"{'m1-1': 25.21, 'm2-1': 97.88, 'm3-1': 25.07, 'm4-1': 11.36, 'm5-1': 10.88, 'm6-1': 105.67, 'm7-1': 4.89, 'm8-1': 5.36}",1.3470000000000368,198.35899999999998,inf,199.257,199.257,199.257
896,T5,BESTEFFORT,MISSED,m8-1,89.296,"{'m1-1': 27.23, 'm2-1': 95.29, 'm3-1': 24.31, 'm4-1': 11.3, 'm5-1': 10.53, 'm6-1': 100.74, 'm7-1': 5.23, 'm8-1': 5.39}",0.0584999999999809,199.257,inf,199.296,199.296,199.296
897,T1,BESTEFFORT,MISSED,m8-1,89.461,"{'m1-1': 28.93, 'm2-1': 101.63, 'm3-1': 27.37, 'm4-1': 10.49, 'm5-1': 9.88, 'm6-1': 103.74, 'm7-1': 5.18, 'm8-1': 4.94}",0.2475000000000307,199.296,inf,199.461,199.461,199.461
898,T2,BESTEFFORT,MISSED,m7-1,89.743,"{'m1-1': 25.03, 'm2-1': 95.04, 'm3-1': 27.61, 'm4-1': 11.64, 'm5-1': 9.65, 'm6-1': 108.74, 'm7-1': 5.13, 'm8-1': 5.4}",1.3695000000000164,198.82999999999998,inf,199.743,199.743,199.743
899,T1,BESTEFFORT,MISSED,m7-1,89.81,"{'m1-1': 28.25, 'm2-1': 96.68, 'm3-1': 25.4, 'm4-1': 11.76, 'm5-1': 10.47, 'm6-1': 104.24, 'm7-1': 4.73, 'm8-1': 5.18}",0.10050000000001091,199.743,inf,199.81,199.81,199.81
900,T2,BESTEFFORT,MISSED,m7-1,90.044,"{'m1-1': 24.98, 'm2-1': 103.72, 'm3-1': 27.65, 'm4-1': 11.67, 'm5-1': 9.84, 'm6-1': 100.17, 'm7-1': 4.9, 'm8-1': 5.08}",0.35099999999997067,199.81,inf,200.04399999999998,200.04399999999998,200.04399999999998
901,T7,BESTEFFORT,MISSED,m7-1,90.147,"{'m1-1': 27.67, 'm2-1': 95.88, 'm3-1': 23.08, 'm4-1': 10.39, 'm5-1': 10.56, 'm6-1': 111.75, 'm7-1': 4.75, 'm8-1': 5.31}",0.15450000000001296,200.04399999999998,inf,200.147,200.147,200.147
902,T7,BESTEFFORT,MISSED,m7-1,90.215,"{'m1-1': 26.0, 'm2-1': 98.37, 'm3-1': 26.67, 'm4-1': 10.62, 'm5-1': 9.65, 'm6-1': 108.6, 'm7-1': 5.45, 'm8-1': 5.73}",0.10200000000001808,200.147,inf,200.215,200.215,200.215
903,T5,BESTEFFORT,MISSED,m7-1,90.453,"{'m1-1': 28.52, 'm2-1': 98.44, 'm3-1': 23.8, 'm4-1': 10.72, 'm5-1': 9.87, 'm6-1': 117.48, 'm7-1': 5.19, 'm8-1': 4.96}",0.3569999999999993,200.215,inf,200.453,200.453,200.453
904,T8,BESTEFFORT,MISSED,m8-1,90.478,"{'m1-1': 28.84, 'm2-1': 98.55, 'm3-1': 26.17, 'm4-1': 10.05, 'm5-1': 10.42, 'm6-1': 113.86, 'm7-1': 5.2, 'm8-1': 5.7}",1.5254999999999939,199.461,inf,200.478,200.478,200.478
905,T6,BESTEFFORT,MISSED,m7-1,90.722,"{'m1-1': 24.98, 'm2-1': 110.56, 'm3-1': 28.1, 'm4-1': 10.42, 'm5-1': 9.89, 'm6-1': 103.22, 'm7-1': 5.32, 'm8-1': 5.4}",0.40349999999996555,200.453,inf,200.72199999999998,200.72199999999998,200.72199999999998
906,T1,BESTEFFORT,MISSED,m7-1,90.756,"{'m1-1': 29.4, 'm2-1': 108.29, 'm3-1': 25.44, 'm4-1': 11.14, 'm5-1': 10.84, 'm6-1': 101.67, 'm7-1': 4.98, 'm8-1': 4.82}",0.051000000000030354,200.72199999999998,inf,200.756,200.756,200.756
907,T7,BESTEFFORT,MISSED,m7-1,91.107,"{'m1-1': 27.18, 'm2-1': 93.52, 'm3-1': 23.92, 'm4-1': 10.29, 'm5-1': 9.39, 'm6-1': 98.38, 'm7-1': 5.44, 'm8-1': 5.44}",0.5264999999999986,200.756,inf,201.107,201.107,201.107
908,T5,BESTEFFORT,MISSED,m8-1,91.361,"{'m1-1': 27.52, 'm2-1': 99.16, 'm3-1': 23.68, 'm4-1': 10.58, 'm5-1': 10.12, 'm6-1': 112.81, 'm7-1': 5.18, 'm8-1': 5.41}",1.324499999999972,200.478,inf,201.361,201.361,201.361
909,T10,BESTEFFORT,MISSED,m8-1,91.594,"{'m1-1': 26.2, 'm2-1': 106.58, 'm3-1': 27.37, 'm4-1': 10.4, 'm5-1': 10.01, 'm6-1': 106.96, 'm7-1': 5.58, 'm8-1': 4.98}",0.34950000000000614,201.361,inf,201.594,201.594,201.594
910,T7,BESTEFFORT,MISSED,m7-1,91.655,"{'m1-1': 26.73, 'm2-1': 96.86, 'm3-1': 26.09, 'm4-1': 11.78, 'm5-1': 10.77, 'm6-1': 111.47, 'm7-1': 4.67, 'm8-1': 5.19}",0.8220000000000027,201.107,inf,201.655,201.655,201.655
911,T8,BESTEFFORT,MISSED,m7-1,91.884,"{'m1-1': 24.83, 'm2-1': 96.72, 'm3-1': 23.56, 'm4-1': 11.03, 'm5-1': 11.2, 'm6-1': 112.53, 'm7-1': 5.26, 'm8-1': 5.58}",0.3435000000000201,201.655,inf,201.88400000000001,201.88400000000001,201.88400000000001
912,T1,BESTEFFORT,MISSED,m8-1,92.117,"{'m1-1': 26.34, 'm2-1': 112.51, 'm3-1': 25.65, 'm4-1': 10.2, 'm5-1': 11.05, 'm6-1': 103.75, 'm7-1': 5.17, 'm8-1': 5.64}",0.7845000000000368,201.594,inf,202.11700000000002,202.11700000000002,202.11700000000002
913,T1,BESTEFFORT,MISSED,m8-1,92.19,"{'m1-1': 27.82, 'm2-1': 104.48, 'm3-1': 24.66, 'm4-1': 10.96, 'm5-1': 11.19, 'm6-1': 113.59, 'm7-1': 5.04, 'm8-1': 5.54}",0.10949999999996862,202.11700000000002,inf,202.19,202.19,202.19
914,T2,BESTEFFORT,MISSED,m8-1,92.228,"{'m1-1': 27.27, 'm2-1': 107.44, 'm3-1': 26.63, 'm4-1': 11.03, 'm5-1': 11.23, 'm6-1': 113.85, 'm7-1': 5.5, 'm8-1': 5.61}",0.05700000000001637,202.19,inf,202.228,202.228,202.228
915,T2,BESTEFFORT,MISSED,m7-1,92.279,"{'m1-1': 24.92, 'm2-1': 108.04, 'm3-1': 26.0, 'm4-1': 10.03, 'm5-1': 10.31, 'm6-1': 101.13, 'm7-1': 4.88, 'm8-1': 5.26}",0.5924999999999727,201.88400000000001,inf,202.279,202.279,202.279
916,T6,BESTEFFORT,MISSED,m7-1,92.422,"{'m1-1': 26.19, 'm2-1': 106.6, 'm3-1': 24.45, 'm4-1': 9.67, 'm5-1': 10.63, 'm6-1': 107.81, 'm7-1': 5.81, 'm8-1': 5.0}",0.21450000000000102,202.279,inf,202.422,202.422,202.422
917,T9,BESTEFFORT,MISSED,m8-1,92.657,"{'m1-1': 27.74, 'm2-1': 98.83, 'm3-1': 28.9, 'm4-1': 11.18, 'm5-1': 9.48, 'm6-1': 102.87, 'm7-1': 4.88, 'm8-1': 4.7}",0.6434999999999604,202.228,inf,202.65699999999998,202.65699999999998,202.65699999999998
918,T1,BESTEFFORT,MISSED,m7-1,92.704,"{'m1-1': 27.42, 'm2-1': 105.04, 'm3-1': 26.75, 'm4-1': 11.27, 'm5-1': 11.2, 'm6-1': 112.49, 'm7-1': 5.03, 'm8-1': 4.99}",0.42300000000001603,202.422,inf,202.704,202.704,202.704
919,T8,BESTEFFORT,MISSED,m7-1,92.789,"{'m1-1': 27.11, 'm2-1': 111.78, 'm3-1': 25.84, 'm4-1': 10.41, 'm5-1': 11.82, 'm6-1': 106.84, 'm7-1': 4.66, 'm8-1': 5.29}",0.1274999999999693,202.704,inf,202.789,202.789,202.789
920,T2,BESTEFFORT,MISSED,m7-1,92.839,"{'m1-1': 24.4, 'm2-1': 110.2, 'm3-1': 28.56, 'm4-1': 10.89, 'm5-1': 10.52, 'm6-1': 106.95, 'm7-1': 4.88, 'm8-1': 5.26}",0.07500000000001705,202.789,inf,202.839,202.839,202.839
921,T8,BESTEFFORT,MISSED,m7-1,92.992,"{'m1-1': 27.5, 'm2-1': 102.22, 'm3-1': 23.93, 'm4-1': 11.04, 'm5-1': 11.34, 'm6-1': 101.96, 'm7-1': 5.02, 'm8-1': 5.57}",0.22950000000003,202.839,inf,202.99200000000002,202.99200000000002,202.99200000000002
922,T6,BESTEFFORT,MISSED,m8-1,93.06,"{'m1-1': 24.04, 'm2-1': 98.96, 'm3-1': 24.3, 'm4-1': 9.73, 'm5-1': 10.67, 'm6-1': 112.1, 'm7-1': 5.12, 'm8-1': 5.21}",0.60450000000003,202.65699999999998,inf,203.06,203.06,203.06
923,T9,BESTEFFORT,MISSED,m7-1,93.214,"{'m1-1': 27.54, 'm2-1': 107.88, 'm3-1': 27.04, 'm4-1': 11.04, 'm5-1': 10.42, 'm6-1': 107.61, 'm7-1': 5.59, 'm8-1': 4.78}",0.33299999999997,202.99200000000002,inf,203.214,203.214,203.214
924,T2,BESTEFFORT,MISSED,m7-1,93.565,"{'m1-1': 27.05, 'm2-1': 109.91, 'm3-1': 25.3, 'm4-1': 10.75, 'm5-1': 10.24, 'm6-1': 96.44, 'm7-1': 5.23, 'm8-1': 4.79}",0.5264999999999986,203.214,inf,203.565,203.565,203.565
925,T5,BESTEFFORT,MISSED,m8-1,93.598,"{'m1-1': 28.57, 'm2-1': 100.98, 'm3-1': 26.16, 'm4-1': 10.66, 'm5-1': 9.59, 'm6-1': 114.49, 'm7-1': 4.91, 'm8-1': 5.01}",0.8070000000000164,203.06,inf,203.598,203.598,203.598
926,T2,BESTEFFORT,MISSED,m8-1,93.6,"{'m1-1': 25.86, 'm2-1': 95.68, 'm3-1': 26.11, 'm4-1': 10.99, 'm5-1': 11.04, 'm6-1': 96.88, 'm7-1': 4.9, 'm8-1': 5.34}",0.002999999999971692,203.598,inf,203.6,203.6,203.6
927,T1,BESTEFFORT,MISSED,m8-1,93.619,"{'m1-1': 26.44, 'm2-1': 107.45, 'm3-1': 25.95, 'm4-1': 10.9, 'm5-1': 9.86, 'm6-1': 98.17, 'm7-1': 5.11, 'm8-1': 5.48}",0.028500000000008185,203.6,inf,203.619,203.619,203.619
928,T5,BESTEFFORT,MISSED,m8-1,93.776,"{'m1-1': 25.81, 'm2-1': 99.28, 'm3-1': 25.46, 'm4-1': 10.5, 'm5-1': 10.84, 'm6-1': 108.56, 'm7-1': 4.96, 'm8-1': 5.21}",0.23550000000001603,203.619,inf,203.776,203.776,203.776
929,T9,BESTEFFORT,MISSED,m7-1,94.32,"{'m1-1': 26.24, 'm2-1': 97.34, 'm3-1': 24.72, 'm4-1': 10.22, 'm5-1': 10.5, 'm6-1': 112.3, 'm7-1': 5.0, 'm8-1': 4.9}",1.1324999999999932,203.565,inf,204.32,204.32,204.32
930,T1,BESTEFFORT,MISSED,m8-1,94.509,"{'m1-1': 27.8, 'm2-1': 110.71, 'm3-1': 25.19, 'm4-1': 11.11, 'm5-1': 10.59, 'm6-1': 106.13, 'm7-1': 5.36, 'm8-1': 5.42}",1.0995000000000061,203.776,inf,204.50900000000001,204.50900000000001,204.50900000000001
931,T9,BESTEFFORT,MISSED,m8-1,94.677,"{'m1-1': 25.78, 'm2-1': 103.43, 'm3-1': 27.84, 'm4-1': 9.97, 'm5-1': 9.91, 'm6-1': 94.69, 'm7-1': 5.7, 'm8-1': 5.39}",0.25200000000000955,204.50900000000001,inf,204.67700000000002,204.67700000000002,204.67700000000002
932,T6,BESTEFFORT,MISSED,m8-1,94.857,"{'m1-1': 27.19, 'm2-1': 114.88, 'm3-1': 26.62, 'm4-1': 10.86, 'm5-1': 9.8, 'm6-1': 114.93, 'm7-1': 5.79, 'm8-1': 5.14}",0.2699999999999676,204.67700000000002,inf,204.857,204.857,204.857
933,T6,BESTEFFORT,MISSED,m7-1,94.913,"{'m1-1': 27.21, 'm2-1': 109.9, 'm3-1': 27.42, 'm4-1': 10.11, 'm5-1': 10.43, 'm6-1': 100.98, 'm7-1': 5.48, 'm8-1': 5.08}",0.8895000000000266,204.32,inf,204.913,204.913,204.913
934,T7,BESTEFFORT,MISSED,m7-1,94.977,"{'m1-1': 26.59, 'm2-1': 102.07, 'm3-1': 24.95, 'm4-1': 10.95, 'm5-1': 10.73, 'm6-1': 110.61, 'm7-1': 5.26, 'm8-1': 5.03}",0.09599999999998943,204.913,inf,204.977,204.977,204.977
935,T2,BESTEFFORT,MISSED,m7-1,95.08,"{'m1-1': 24.11, 'm2-1': 95.11, 'm3-1': 26.63, 'm4-1': 10.85, 'm5-1': 9.88, 'm6-1': 103.92, 'm7-1': 5.36, 'm8-1': 5.04}",0.15449999999997033,204.977,inf,205.07999999999998,205.07999999999998,205.07999999999998
936,T7,BESTEFFORT,MISSED,m7-1,95.26,"{'m1-1': 25.48, 'm2-1': 100.5, 'm3-1': 27.19, 'm4-1': 10.36, 'm5-1': 9.54, 'm6-1': 114.31, 'm7-1': 4.7, 'm8-1': 5.17}",0.27000000000001023,205.07999999999998,inf,205.26,205.26,205.26
937,T6,BESTEFFORT,MISSED,m7-1,95.261,"{'m1-1': 23.12, 'm2-1': 106.32, 'm3-1': 26.42, 'm4-1': 10.55, 'm5-1': 10.86, 'm6-1': 112.43, 'm7-1': 4.98, 'm8-1': 5.31}",0.0015000000000071623,205.26,inf,205.261,205.261,205.261
938,T2,BESTEFFORT,MISSED,m7-1,95.541,"{'m1-1': 28.32, 'm2-1': 104.7, 'm3-1': 25.21, 'm4-1': 10.69, 'm5-1': 10.68, 'm6-1': 113.02, 'm7-1': 5.29, 'm8-1': 5.29}",0.4200000000000017,205.261,inf,205.541,205.541,205.541
939,T2,BESTEFFORT,MISSED,m7-1,95.681,"{'m1-1': 27.74, 'm2-1': 104.86, 'm3-1': 27.57, 'm4-1': 11.17, 'm5-1': 10.1, 'm6-1': 109.17, 'm7-1': 5.43, 'm8-1': 4.86}",0.20999999999997954,205.541,inf,205.68099999999998,205.68099999999998,205.68099999999998
940,T9,BESTEFFORT,MISSED,m7-1,95.751,"{'m1-1': 25.04, 'm2-1': 95.09, 'm3-1': 25.07, 'm4-1': 10.1, 'm5-1': 10.61, 'm6-1': 101.07, 'm7-1': 5.33, 'm8-1': 5.37}",0.1050000000000324,205.68099999999998,inf,205.751,205.751,205.751
941,T10,BESTEFFORT,MISSED,m7-1,95.892,"{'m1-1': 24.26, 'm2-1': 102.08, 'm3-1': 25.75, 'm4-1': 10.13, 'm5-1': 9.95, 'm6-1': 107.92, 'm7-1': 5.55, 'm8-1': 4.92}",0.2114999999999867,205.751,inf,205.892,205.892,205.892
942,T7,BESTEFFORT,MISSED,m7-1,95.92,"{'m1-1': 26.88, 'm2-1': 94.14, 'm3-1': 25.83, 'm4-1': 10.76, 'm5-1': 10.54, 'm6-1': 111.96, 'm7-1': 4.8, 'm8-1': 5.65}",0.04200000000003001,205.892,inf,205.92000000000002,205.92000000000002,205.92000000000002
943,T6,BESTEFFORT,MISSED,m7-1,96.405,"{'m1-1': 23.79, 'm2-1': 101.32, 'm3-1': 24.91, 'm4-1': 10.74, 'm5-1': 10.63, 'm6-1': 107.5, 'm7-1': 5.75, 'm8-1': 5.17}",0.7274999999999778,205.92000000000002,inf,206.405,206.405,206.405
944,T10,BESTEFFORT,MISSED,m7-1,96.705,"{'m1-1': 25.43, 'm2-1': 112.16, 'm3-1': 29.03, 'm4-1': 10.52, 'm5-1': 10.94, 'm6-1': 112.75, 'm7-1': 5.39, 'm8-1': 5.15}",0.4499999999999744,206.405,inf,206.70499999999998,206.70499999999998,206.70499999999998
945,T9,BESTEFFORT,MISSED,m8-1,96.72,"{'m1-1': 26.16, 'm2-1': 98.35, 'm3-1': 28.22, 'm4-1': 10.88, 'm5-1': 9.78, 'm6-1': 104.61, 'm7-1': 4.83, 'm8-1': 5.14}",2.7944999999999993,204.857,inf,206.72,206.72,206.72
946,T9,BESTEFFORT,MISSED,m7-1,96.833,"{'m1-1': 25.77, 'm2-1': 99.6, 'm3-1': 27.42, 'm4-1': 9.81, 'm5-1': 10.32, 'm6-1': 112.13, 'm7-1': 5.42, 'm8-1': 4.92}",0.1920000000000215,206.70499999999998,inf,206.833,206.833,206.833
947,T10,BESTEFFORT,MISSED,m8-1,97.082,"{'m1-1': 27.88, 'm2-1': 102.97, 'm3-1': 27.36, 'm4-1': 9.45, 'm5-1': 11.24, 'm6-1': 102.01, 'm7-1': 5.48, 'm8-1': 4.86}",0.5429999999999922,206.72,inf,207.082,207.082,207.082
948,T7,BESTEFFORT,MISSED,m7-1,97.187,"{'m1-1': 27.8, 'm2-1': 93.55, 'm3-1': 24.61, 'm4-1': 11.11, 'm5-1': 9.8, 'm6-1': 101.61, 'm7-1': 5.36, 'm8-1': 5.39}",0.5310000000000201,206.833,inf,207.187,207.187,207.187
949,T10,BESTEFFORT,MISSED,m8-1,97.207,"{'m1-1': 26.76, 'm2-1': 111.15, 'm3-1': 28.74, 'm4-1': 9.55, 'm5-1': 11.11, 'm6-1': 111.1, 'm7-1': 4.89, 'm8-1': 5.66}",0.1875,207.082,inf,207.207,207.207,207.207
950,T6,BESTEFFORT,MISSED,m7-1,97.369,"{'m1-1': 24.37, 'm2-1': 105.93, 'm3-1': 25.83, 'm4-1': 10.9, 'm5-1': 10.71, 'm6-1': 99.7, 'm7-1': 5.45, 'm8-1': 5.57}",0.2729999999999819,207.187,inf,207.369,207.369,207.369
951,T2,BESTEFFORT,MISSED,m8-1,97.404,"{'m1-1': 24.23, 'm2-1': 110.89, 'm3-1': 26.2, 'm4-1': 10.65, 'm5-1': 10.18, 'm6-1': 97.48, 'm7-1': 5.41, 'm8-1': 5.37}",0.2955000000000041,207.207,inf,207.404,207.404,207.404
952,T2,BESTEFFORT,MISSED,m7-1,98.485,"{'m1-1': 24.23, 'm2-1': 98.12, 'm3-1': 26.93, 'm4-1': 9.97, 'm5-1': 10.78, 'm6-1': 96.4, 'm7-1': 4.75, 'm8-1': 5.26}",1.6740000000000208,207.369,inf,208.485,208.485,208.485
953,T2,BESTEFFORT,MISSED,m7-1,98.82,"{'m1-1': 27.07, 'm2-1': 106.93, 'm3-1': 28.52, 'm4-1': 10.08, 'm5-1': 11.08, 'm6-1': 108.9, 'm7-1': 5.32, 'm8-1': 4.81}",0.5024999999999693,208.485,inf,208.82,208.82,208.82
954,T1,BESTEFFORT,MISSED,m8-1,98.92,"{'m1-1': 25.41, 'm2-1': 106.31, 'm3-1': 27.05, 'm4-1': 10.46, 'm5-1': 9.73, 'm6-1': 100.13, 'm7-1': 5.07, 'm8-1': 5.12}",2.2740000000000293,207.404,inf,208.92000000000002,208.92000000000002,208.92000000000002
955,T1,BESTEFFORT,MISSED,m7-1,99.015,"{'m1-1': 27.15, 'm2-1': 107.55, 'm3-1': 27.58, 'm4-1': 10.33, 'm5-1': 10.35, 'm6-1': 115.07, 'm7-1': 4.81, 'm8-1': 5.04}",0.29249999999998977,208.82,inf,209.015,209.015,209.015
956,T10,BESTEFFORT,MISSED,m7-1,99.577,"{'m1-1': 27.29, 'm2-1': 102.62, 'm3-1': 25.47, 'm4-1': 9.21, 'm5-1': 11.01, 'm6-1': 98.68, 'm7-1': 5.14, 'm8-1': 5.35}",0.8430000000000177,209.015,inf,209.577,209.577,209.577
957,T10,BESTEFFORT,MISSED,m8-1,99.594,"{'m1-1': 27.09, 'm2-1': 106.21, 'm3-1': 26.27, 'm4-1': 10.0, 'm5-1': 10.79, 'm6-1': 97.77, 'm7-1': 4.87, 'm8-1': 5.51}",1.0109999999999673,208.92000000000002,inf,209.594,209.594,209.594
958,T9,BESTEFFORT,MISSED,m8-1,100.092,"{'m1-1': 25.71, 'm2-1': 96.96, 'm3-1': 25.84, 'm4-1': 10.73, 'm5-1': 9.85, 'm6-1': 95.12, 'm7-1': 5.35, 'm8-1': 4.9}",0.7469999999999857,209.594,inf,210.09199999999998,210.09199999999998,210.09199999999998
959,T2,BESTEFFORT,MISSED,m8-1,100.55,"{'m1-1': 28.46, 'm2-1': 105.15, 'm3-1': 26.7, 'm4-1': 11.3, 'm5-1': 9.92, 'm6-1': 111.36, 'm7-1': 5.04, 'm8-1': 5.65}",0.6870000000000402,210.09199999999998,inf,210.55,210.55,210.55
960,T2,BESTEFFORT,MISSED,m7-1,101.072,"{'m1-1': 24.65, 'm2-1': 107.39, 'm3-1': 25.67, 'm4-1': 10.32, 'm5-1': 10.73, 'm6-1': 105.33, 'm7-1': 5.22, 'm8-1': 5.08}",2.242500000000007,209.577,inf,211.072,211.072,211.072
961,T6,BESTEFFORT,MISSED,m8-1,101.166,"{'m1-1': 24.31, 'm2-1': 110.86, 'm3-1': 28.46, 'm4-1': 11.02, 'm5-1': 10.87, 'm6-1': 100.16, 'm7-1': 5.34, 'm8-1': 5.64}",0.9239999999999782,210.55,inf,211.166,211.166,211.166
962,T7,BESTEFFORT,MISSED,m7-1,101.179,"{'m1-1': 27.49, 'm2-1': 95.66, 'm3-1': 24.46, 'm4-1': 11.86, 'm5-1': 10.44, 'm6-1': 107.55, 'm7-1': 5.4, 'm8-1': 5.75}",0.16049999999999898,211.072,inf,211.179,211.179,211.179
963,T2,BESTEFFORT,MISSED,m8-1,101.253,"{'m1-1': 26.3, 'm2-1': 111.31, 'm3-1': 24.48, 'm4-1': 9.97, 'm5-1': 9.67, 'm6-1': 97.96, 'm7-1': 4.76, 'm8-1': 5.02}",0.13049999999998363,211.166,inf,211.253,211.253,211.253
964,T1,BESTEFFORT,MISSED,m8-1,101.58,"{'m1-1': 26.99, 'm2-1': 110.27, 'm3-1': 27.68, 'm4-1': 11.77, 'm5-1': 10.67, 'm6-1': 107.1, 'm7-1': 4.82, 'm8-1': 5.51}",0.49049999999999727,211.253,inf,211.57999999999998,211.57999999999998,211.57999999999998
965,T7,BESTEFFORT,MISSED,m7-1,102.003,"{'m1-1': 28.16, 'm2-1': 99.56, 'm3-1': 25.1, 'm4-1': 10.22, 'm5-1': 9.57, 'm6-1': 114.05, 'm7-1': 5.24, 'm8-1': 5.61}",1.2359999999999758,211.179,inf,212.003,212.003,212.003
966,T7,BESTEFFORT,MISSED,m7-1,102.043,"{'m1-1': 24.97, 'm2-1': 98.2, 'm3-1': 25.51, 'm4-1': 11.82, 'm5-1': 9.87, 'm6-1': 100.46, 'm7-1': 5.31, 'm8-1': 4.96}",0.060000000000030695,212.003,inf,212.043,212.043,212.043
967,T6,BESTEFFORT,MISSED,m8-1,102.052,"{'m1-1': 25.41, 'm2-1': 115.3, 'm3-1': 25.91, 'm4-1': 9.74, 'm5-1': 9.21, 'm6-1': 112.7, 'm7-1': 5.44, 'm8-1': 5.43}",0.7080000000000553,211.57999999999998,inf,212.05200000000002,212.05200000000002,212.05200000000002
968,T7,BESTEFFORT,MISSED,m7-1,102.245,"{'m1-1': 23.98, 'm2-1': 94.01, 'm3-1': 27.15, 'm4-1': 10.25, 'm5-1': 10.88, 'm6-1': 100.69, 'm7-1': 5.16, 'm8-1': 5.09}",0.30299999999999727,212.043,inf,212.245,212.245,212.245
969,T2,BESTEFFORT,MISSED,m8-1,102.47,"{'m1-1': 26.36, 'm2-1': 112.93, 'm3-1': 24.45, 'm4-1': 10.73, 'm5-1': 11.41, 'm6-1': 108.12, 'm7-1': 5.09, 'm8-1': 4.83}",0.6269999999999669,212.05200000000002,inf,212.47,212.47,212.47
970,T6,BESTEFFORT,MISSED,m7-1,102.723,"{'m1-1': 24.13, 'm2-1': 111.17, 'm3-1': 27.81, 'm4-1': 10.54, 'm5-1': 10.36, 'm6-1': 111.83, 'm7-1': 5.54, 'm8-1': 5.75}",0.717000000000013,212.245,inf,212.723,212.723,212.723
971,T10,BESTEFFORT,MISSED,m8-1,102.726,"{'m1-1': 26.83, 'm2-1': 111.98, 'm3-1': 26.04, 'm4-1': 9.9, 'm5-1': 11.0, 'm6-1': 113.28, 'm7-1': 5.29, 'm8-1': 5.08}",0.38400000000000034,212.47,inf,212.726,212.726,212.726
972,T10,BESTEFFORT,MISSED,m7-1,102.917,"{'m1-1': 25.15, 'm2-1': 103.13, 'm3-1': 25.36, 'm4-1': 9.57, 'm5-1': 11.27, 'm6-1': 101.01, 'm7-1': 5.09, 'm8-1': 5.29}",0.2909999999999826,212.723,inf,212.917,212.917,212.917
973,T1,BESTEFFORT,MISSED,m7-1,103.494,"{'m1-1': 29.3, 'm2-1': 95.86, 'm3-1': 27.64, 'm4-1': 10.17, 'm5-1': 10.92, 'm6-1': 111.12, 'm7-1': 5.04, 'm8-1': 5.34}",0.8654999999999973,212.917,inf,213.494,213.494,213.494
974,T6,BESTEFFORT,MISSED,m7-1,103.777,"{'m1-1': 26.74, 'm2-1': 98.82, 'm3-1': 28.07, 'm4-1': 10.88, 'm5-1': 10.78, 'm6-1': 99.9, 'm7-1': 5.27, 'm8-1': 5.49}",0.42449999999998056,213.494,inf,213.777,213.777,213.777
975,T2,BESTEFFORT,MISSED,m7-1,104.239,"{'m1-1': 27.8, 'm2-1': 99.55, 'm3-1': 28.33, 'm4-1': 10.13, 'm5-1': 10.71, 'm6-1': 97.18, 'm7-1': 5.07, 'm8-1': 4.93}",0.6930000000000263,213.777,inf,214.239,214.239,214.239
976,T6,BESTEFFORT,MISSED,m7-1,104.303,"{'m1-1': 24.43, 'm2-1': 103.42, 'm3-1': 26.66, 'm4-1': 11.18, 'm5-1': 9.89, 'm6-1': 103.13, 'm7-1': 4.91, 'm8-1': 5.54}",0.09599999999998943,214.239,inf,214.303,214.303,214.303
977,T2,BESTEFFORT,MISSED,m8-1,104.319,"{'m1-1': 27.84, 'm2-1': 100.7, 'm3-1': 28.48, 'm4-1': 10.17, 'm5-1': 10.49, 'm6-1': 109.02, 'm7-1': 5.24, 'm8-1': 5.59}",2.3895000000000266,212.726,inf,214.31900000000002,214.31900000000002,214.31900000000002
978,T6,BESTEFFORT,MISSED,m7-1,104.338,"{'m1-1': 26.29, 'm2-1': 113.53, 'm3-1': 25.05, 'm4-1': 10.16, 'm5-1': 9.27, 'm6-1': 112.56, 'm7-1': 5.23, 'm8-1': 5.18}",0.052499999999994884,214.303,inf,214.338,214.338,214.338
979,T10,BESTEFFORT,MISSED,m8-1,104.449,"{'m1-1': 27.93, 'm2-1': 99.59, 'm3-1': 28.67, 'm4-1': 10.14, 'm5-1': 10.22, 'm6-1': 108.77, 'm7-1': 5.25, 'm8-1': 4.78}",0.19499999999999318,214.31900000000002,inf,214.449,214.449,214.449
980,T6,BESTEFFORT,MISSED,m7-1,105.214,"{'m1-1': 25.54, 'm2-1': 103.76, 'm3-1': 26.84, 'm4-1': 9.96, 'm5-1': 9.65, 'm6-1': 107.25, 'm7-1': 4.93, 'm8-1': 5.44}",1.3140000000000072,214.338,inf,215.214,215.214,215.214
981,T2,BESTEFFORT,MISSED,m8-1,105.398,"{'m1-1': 24.05, 'm2-1': 102.39, 'm3-1': 24.96, 'm4-1': 11.3, 'm5-1': 10.19, 'm6-1': 100.18, 'm7-1': 5.29, 'm8-1': 4.82}",1.4234999999999758,214.449,inf,215.398,215.398,215.398
982,T7,BESTEFFORT,MISSED,m7-1,105.764,"{'m1-1': 26.45, 'm2-1': 101.04, 'm3-1': 22.96, 'm4-1': 11.28, 'm5-1': 10.98, 'm6-1': 108.13, 'm7-1': 5.08, 'm8-1': 4.91}",0.825000000000017,215.214,inf,215.764,215.764,215.764
983,T1,BESTEFFORT,MISSED,m8-1,105.973,"{'m1-1': 26.89, 'm2-1': 113.31, 'm3-1': 25.05, 'm4-1': 11.31, 'm5-1': 10.14, 'm6-1': 113.12, 'm7-1': 5.03, 'm8-1': 4.86}",0.8625000000000256,215.398,inf,215.973,215.973,215.973
984,T1,BESTEFFORT,MISSED,m7-1,106.036,"{'m1-1': 25.87, 'm2-1': 105.21, 'm3-1': 24.6, 'm4-1': 10.36, 'm5-1': 10.23, 'm6-1': 113.45, 'm7-1': 5.13, 'm8-1': 5.62}",0.40799999999998704,215.764,inf,216.036,216.036,216.036
985,T6,BESTEFFORT,MISSED,m7-1,106.561,"{'m1-1': 26.72, 'm2-1': 114.57, 'm3-1': 28.31, 'm4-1': 10.48, 'm5-1': 10.28, 'm6-1': 98.19, 'm7-1': 5.57, 'm8-1': 4.88}",0.7875000000000085,216.036,inf,216.561,216.561,216.561
986,T1,BESTEFFORT,MISSED,m7-1,107.018,"{'m1-1': 26.34, 'm2-1': 101.94, 'm3-1': 27.05, 'm4-1': 10.43, 'm5-1': 9.77, 'm6-1': 104.21, 'm7-1': 4.87, 'm8-1': 5.0}",0.6854999999999905,216.561,inf,217.018,217.018,217.018
987,T6,BESTEFFORT,MISSED,m8-1,107.24,"{'m1-1': 23.74, 'm2-1': 103.32, 'm3-1': 27.3, 'm4-1': 10.53, 'm5-1': 10.81, 'm6-1': 98.62, 'm7-1': 5.65, 'm8-1': 5.57}",1.9004999999999939,215.973,inf,217.24,217.24,217.24
988,T6,BESTEFFORT,MISSED,m8-1,107.581,"{'m1-1': 23.26, 'm2-1': 112.42, 'm3-1': 28.56, 'm4-1': 9.56, 'm5-1': 10.33, 'm6-1': 110.72, 'm7-1': 5.76, 'm8-1': 5.58}",0.5115000000000123,217.24,inf,217.58100000000002,217.58100000000002,217.58100000000002
989,T1,BESTEFFORT,MISSED,m8-1,107.846,"{'m1-1': 28.18, 'm2-1': 99.33, 'm3-1': 24.76, 'm4-1': 10.35, 'm5-1': 11.06, 'm6-1': 101.06, 'm7-1': 4.83, 'm8-1': 4.86}",0.39749999999997954,217.58100000000002,inf,217.846,217.846,217.846
990,T2,BESTEFFORT,MISSED,m7-1,108.318,"{'m1-1': 27.41, 'm2-1': 111.31, 'm3-1': 27.43, 'm4-1': 11.67, 'm5-1': 11.29, 'm6-1': 98.61, 'm7-1': 5.37, 'm8-1': 5.31}",1.9499999999999744,217.018,inf,218.31799999999998,218.31799999999998,218.31799999999998
991,T1,BESTEFFORT,MISSED,m8-1,108.585,"{'m1-1': 28.47, 'm2-1': 109.24, 'm3-1': 26.64, 'm4-1': 11.86, 'm5-1': 11.06, 'm6-1': 107.58, 'm7-1': 5.28, 'm8-1': 5.26}",1.1084999999999638,217.846,inf,218.58499999999998,218.58499999999998,218.58499999999998
992,T2,BESTEFFORT,MISSED,m7-1,108.605,"{'m1-1': 28.5, 'm2-1': 109.86, 'm3-1': 26.25, 'm4-1': 11.14, 'm5-1': 10.99, 'm6-1': 98.92, 'm7-1': 5.22, 'm8-1': 5.52}",0.43050000000005184,218.31799999999998,inf,218.60500000000002,218.60500000000002,218.60500000000002
993,T1,BESTEFFORT,MISSED,m8-1,109.027,"{'m1-1': 27.82, 'm2-1': 103.11, 'm3-1': 26.3, 'm4-1': 10.91, 'm5-1': 11.2, 'm6-1': 114.39, 'm7-1': 4.72, 'm8-1': 4.98}",0.6630000000000109,218.58499999999998,inf,219.027,219.027,219.027
994,T1,BESTEFFORT,MISSED,m7-1,109.63,"{'m1-1': 27.63, 'm2-1': 107.23, 'm3-1': 24.6, 'm4-1': 11.31, 'm5-1': 9.6, 'm6-1': 105.86, 'm7-1': 4.74, 'm8-1': 5.23}",1.537499999999966,218.60500000000002,inf,219.63,219.63,219.63
995,T1,BESTEFFORT,MISSED,m7-1,110.33,"{'m1-1': 26.33, 'm2-1': 100.81, 'm3-1': 28.48, 'm4-1': 10.04, 'm5-1': 10.95, 'm6-1': 105.7, 'm7-1': 4.82, 'm8-1': 4.96}",1.049999999999983,219.63,inf,220.32999999999998,220.32999999999998,220.32999999999998
996,T2,BESTEFFORT,MISSED,m8-1,111.108,"{'m1-1': 27.48, 'm2-1': 103.77, 'm3-1': 27.56, 'm4-1': 11.7, 'm5-1': 10.12, 'm6-1': 113.85, 'm7-1': 5.2, 'm8-1': 5.22}",3.121500000000026,219.027,inf,221.108,221.108,221.108
997,T2,BESTEFFORT,MISSED,m7-1,111.375,"{'m1-1': 25.04, 'm2-1': 100.91, 'm3-1': 26.45, 'm4-1': 11.3, 'm5-1': 11.18, 'm6-1': 103.18, 'm7-1': 4.82, 'm8-1': 5.26}",1.5675000000000239,220.32999999999998,inf,221.375,221.375,221.375
998,T1,BESTEFFORT,MISSED,m8-1,111.566,"{'m1-1': 25.78, 'm2-1': 101.59, 'm3-1': 26.59, 'm4-1': 10.29, 'm5-1': 9.77, 'm6-1': 100.13, 'm7-1': 5.24, 'm8-1': 5.17}",0.6869999999999976,221.108,inf,221.566,221.566,221.566
999,T1,BESTEFFORT,MISSED,m8-1,111.584,"{'m1-1': 28.07, 'm2-1': 100.89, 'm3-1': 28.32, 'm4-1': 11.03, 'm5-1': 10.11, 'm6-1': 113.18, 'm7-1': 4.69, 'm8-1': 5.32}",0.027000000000001023,221.566,inf,221.584,221.584,221.584
