id,type,urgency,status,assigned_machine,arrival_time,execution_time,energy_usage,start_time,completion_time,missed_time,deadline,extended_deadline
0,T3,BESTEFFORT,COMPLETED,m7-1,0.022,"{'m1-1': 107.72, 'm2-1': 10.81, 'm3-1': 0.94, 'm4-1': 97.75, 'm5-1': 10.15, 'm6-1': 5.27, 'm7-1': 1.04, 'm8-1': 5.01}",1.56,0.022,1.062,inf,110.022,110.022
1,T4,BESTEFFORT,COMPLETED,m3-1,0.042,"{'m1-1': 101.98, 'm2-1': 9.86, 'm3-1': 1.04, 'm4-1': 113.5, 'm5-1': 10.69, 'm6-1': 5.56, 'm7-1': 1.03, 'm8-1': 5.35}",1.56,0.042,1.082,inf,110.042,110.042
2,T1,BESTEFFORT,COMPLETED,m7-1,0.05,"{'m1-1': 100.44, 'm2-1': 10.11, 'm3-1': 1.0, 'm4-1': 99.98, 'm5-1': 10.98, 'm6-1': 5.28, 'm7-1': 1.13, 'm8-1': 5.18}",1.6949999999999998,1.062,2.192,inf,110.05,110.05
3,T10,BESTEFFORT,COMPLETED,m3-1,0.145,"{'m1-1': 102.41, 'm2-1': 9.31, 'm3-1': 1.06, 'm4-1': 102.84, 'm5-1': 10.85, 'm6-1': 5.06, 'm7-1': 0.97, 'm8-1': 5.4}",1.59,1.082,2.1420000000000003,inf,110.145,110.145
4,T9,BESTEFFORT,COMPLETED,m7-1,0.323,"{'m1-1': 99.27, 'm2-1': 10.1, 'm3-1': 1.04, 'm4-1': 112.45, 'm5-1': 10.93, 'm6-1': 5.56, 'm7-1': 1.14, 'm8-1': 5.64}",1.71,2.192,3.332,inf,110.323,110.323
5,T6,BESTEFFORT,COMPLETED,m3-1,0.414,"{'m1-1': 108.9, 'm2-1': 9.85, 'm3-1': 1.16, 'm4-1': 113.03, 'm5-1': 11.06, 'm6-1': 5.88, 'm7-1': 1.01, 'm8-1': 5.64}",1.7399999999999998,2.1420000000000003,3.3020000000000005,inf,110.414,110.414
6,T2,BESTEFFORT,COMPLETED,m7-1,0.419,"{'m1-1': 108.56, 'm2-1': 9.99, 'm3-1': 0.98, 'm4-1': 106.35, 'm5-1': 10.44, 'm6-1': 4.82, 'm7-1': 1.07, 'm8-1': 5.17}",1.605,3.332,4.402,inf,110.419,110.419
7,T2,BESTEFFORT,COMPLETED,m3-1,0.425,"{'m1-1': 103.63, 'm2-1': 10.83, 'm3-1': 0.92, 'm4-1': 117.89, 'm5-1': 10.14, 'm6-1': 5.3, 'm7-1': 0.98, 'm8-1': 5.44}",1.3800000000000001,3.3020000000000005,4.222,inf,110.425,110.425
8,T4,BESTEFFORT,COMPLETED,m6-1,0.482,"{'m1-1': 102.84, 'm2-1': 10.61, 'm3-1': 1.05, 'm4-1': 112.56, 'm5-1': 9.98, 'm6-1': 5.17, 'm7-1': 0.98, 'm8-1': 5.33}",7.755,0.482,5.652,inf,110.482,110.482
9,T2,BESTEFFORT,COMPLETED,m8-1,0.537,"{'m1-1': 108.82, 'm2-1': 10.11, 'm3-1': 1.03, 'm4-1': 107.18, 'm5-1': 9.79, 'm6-1': 4.76, 'm7-1': 1.03, 'm8-1': 5.44}",8.16,0.537,5.977,inf,110.537,110.537
10,T3,BESTEFFORT,COMPLETED,m2-1,0.56,"{'m1-1': 112.35, 'm2-1': 10.43, 'm3-1': 1.07, 'm4-1': 97.56, 'm5-1': 9.55, 'm6-1': 4.64, 'm7-1': 1.08, 'm8-1': 5.22}",15.645,0.56,10.99,inf,110.56,110.56
11,T1,BESTEFFORT,COMPLETED,m5-1,0.716,"{'m1-1': 104.53, 'm2-1': 10.67, 'm3-1': 1.04, 'm4-1': 113.82, 'm5-1': 10.06, 'm6-1': 5.22, 'm7-1': 1.05, 'm8-1': 5.0}",15.09,0.716,10.776,inf,110.716,110.716
12,T9,BESTEFFORT,COMPLETED,m8-1,0.738,"{'m1-1': 105.11, 'm2-1': 10.16, 'm3-1': 1.01, 'm4-1': 112.48, 'm5-1': 10.89, 'm6-1': 4.93, 'm7-1': 1.0, 'm8-1': 4.79}",7.1850000000000005,5.977,10.767,inf,110.738,110.738
13,T3,BESTEFFORT,COMPLETED,m6-1,0.9,"{'m1-1': 113.65, 'm2-1': 11.01, 'm3-1': 0.94, 'm4-1': 100.11, 'm5-1': 10.78, 'm6-1': 4.79, 'm7-1': 0.98, 'm8-1': 5.58}",7.1850000000000005,5.652,10.442,inf,110.9,110.9
14,T7,BESTEFFORT,COMPLETED,m6-1,0.926,"{'m1-1': 104.44, 'm2-1': 9.71, 'm3-1': 1.01, 'm4-1': 114.02, 'm5-1': 10.52, 'm6-1': 4.98, 'm7-1': 1.05, 'm8-1': 4.96}",7.470000000000001,10.442,15.422,inf,110.926,110.926
15,T1,BESTEFFORT,COMPLETED,m7-1,1.211,"{'m1-1': 112.63, 'm2-1': 9.4, 'm3-1': 1.13, 'm4-1': 106.61, 'm5-1': 10.77, 'm6-1': 4.93, 'm7-1': 0.98, 'm8-1': 4.68}",1.47,4.402,5.382,inf,111.211,111.211
16,T7,BESTEFFORT,COMPLETED,m3-1,1.488,"{'m1-1': 108.87, 'm2-1': 10.74, 'm3-1': 1.07, 'm4-1': 106.29, 'm5-1': 10.07, 'm6-1': 5.47, 'm7-1': 1.12, 'm8-1': 5.44}",1.605,4.222,5.292000000000001,inf,111.488,111.488
17,T1,BESTEFFORT,COMPLETED,m8-1,1.609,"{'m1-1': 99.72, 'm2-1': 10.82, 'm3-1': 1.04, 'm4-1': 112.78, 'm5-1': 10.41, 'm6-1': 5.23, 'm7-1': 1.08, 'm8-1': 5.19}",7.785,10.767,15.957,inf,111.609,111.609
18,T6,BESTEFFORT,COMPLETED,m2-1,1.636,"{'m1-1': 109.72, 'm2-1': 9.71, 'm3-1': 1.09, 'm4-1': 110.82, 'm5-1': 9.89, 'm6-1': 5.92, 'm7-1': 0.96, 'm8-1': 5.31}",14.565000000000001,10.99,20.700000000000003,inf,111.636,111.636
19,T8,BESTEFFORT,COMPLETED,m6-1,1.695,"{'m1-1': 108.03, 'm2-1': 10.54, 'm3-1': 0.99, 'm4-1': 107.07, 'm5-1': 11.16, 'm6-1': 5.08, 'm7-1': 1.04, 'm8-1': 5.25}",7.62,15.422,20.502000000000002,inf,111.695,111.695
20,T4,BESTEFFORT,COMPLETED,m8-1,1.749,"{'m1-1': 112.46, 'm2-1': 9.52, 'm3-1': 1.0, 'm4-1': 103.59, 'm5-1': 11.27, 'm6-1': 5.42, 'm7-1': 1.09, 'm8-1': 5.11}",7.665000000000001,15.957,21.067,inf,111.749,111.749
21,T6,BESTEFFORT,COMPLETED,m5-1,1.755,"{'m1-1': 100.96, 'm2-1': 10.49, 'm3-1': 1.01, 'm4-1': 102.84, 'm5-1': 10.74, 'm6-1': 5.33, 'm7-1': 0.98, 'm8-1': 5.34}",16.11,10.776,21.516,inf,111.755,111.755
22,T6,BESTEFFORT,COMPLETED,m2-1,1.946,"{'m1-1': 116.3, 'm2-1': 10.09, 'm3-1': 1.1, 'm4-1': 107.89, 'm5-1': 9.7, 'm6-1': 5.49, 'm7-1': 1.0, 'm8-1': 5.61}",15.135,20.700000000000003,30.790000000000003,inf,111.946,111.946
23,T10,BESTEFFORT,COMPLETED,m3-1,2.281,"{'m1-1': 99.93, 'm2-1': 10.89, 'm3-1': 1.04, 'm4-1': 104.81, 'm5-1': 11.13, 'm6-1': 5.22, 'm7-1': 1.14, 'm8-1': 5.13}",1.56,5.292000000000001,6.332000000000001,inf,112.281,112.281
24,T2,BESTEFFORT,COMPLETED,m7-1,2.37,"{'m1-1': 114.2, 'm2-1': 10.92, 'm3-1': 1.02, 'm4-1': 106.14, 'm5-1': 9.76, 'm6-1': 4.89, 'm7-1': 0.94, 'm8-1': 4.82}",1.41,5.382,6.321999999999999,inf,112.37,112.37
25,T4,BESTEFFORT,COMPLETED,m5-1,2.384,"{'m1-1': 101.2, 'm2-1': 11.19, 'm3-1': 1.09, 'm4-1': 99.16, 'm5-1': 9.69, 'm6-1': 5.45, 'm7-1': 0.98, 'm8-1': 5.37}",14.535,21.516,31.205999999999996,inf,112.384,112.384
26,T1,BESTEFFORT,COMPLETED,m2-1,2.631,"{'m1-1': 112.05, 'm2-1': 10.76, 'm3-1': 1.01, 'm4-1': 115.9, 'm5-1': 10.72, 'm6-1': 5.24, 'm7-1': 1.12, 'm8-1': 5.39}",16.14,30.790000000000003,41.550000000000004,inf,112.631,112.631
27,T6,BESTEFFORT,COMPLETED,m5-1,2.721,"{'m1-1': 112.29, 'm2-1': 9.91, 'm3-1': 1.0, 'm4-1': 105.96, 'm5-1': 9.47, 'm6-1': 5.2, 'm7-1': 0.97, 'm8-1': 5.35}",14.205000000000002,31.205999999999996,40.675999999999995,inf,112.721,112.721
28,T1,BESTEFFORT,COMPLETED,m4-1,2.761,"{'m1-1': 104.37, 'm2-1': 10.61, 'm3-1': 1.08, 'm4-1': 103.02, 'm5-1': 9.92, 'm6-1': 5.24, 'm7-1': 1.13, 'm8-1': 5.26}",154.53,2.761,105.78099999999999,inf,112.761,112.761
29,T9,BESTEFFORT,COMPLETED,m1-1,2.765,"{'m1-1': 101.43, 'm2-1': 9.63, 'm3-1': 0.97, 'm4-1': 114.83, 'm5-1': 10.23, 'm6-1': 4.94, 'm7-1': 1.06, 'm8-1': 5.54}",152.145,2.765,104.19500000000001,inf,112.765,112.765
30,T7,BESTEFFORT,MISSED,m4-1,2.792,"{'m1-1': 102.35, 'm2-1': 10.61, 'm3-1': 1.06, 'm4-1': 106.07, 'm5-1': 10.59, 'm6-1': 4.99, 'm7-1': 1.02, 'm8-1': 5.07}",10.516500000000015,105.78099999999999,inf,112.792,112.792,112.792
31,T9,BESTEFFORT,MISSED,m4-1,2.863,"{'m1-1': 108.3, 'm2-1': 10.28, 'm3-1': 1.11, 'm4-1': 114.8, 'm5-1': 10.92, 'm6-1': 5.1, 'm7-1': 1.08, 'm8-1': 5.52}",0.10649999999999693,112.792,inf,112.863,112.863,112.863
32,T4,BESTEFFORT,MISSED,m4-1,2.869,"{'m1-1': 117.09, 'm2-1': 10.53, 'm3-1': 1.05, 'm4-1': 109.21, 'm5-1': 11.27, 'm6-1': 5.17, 'm7-1': 1.08, 'm8-1': 5.18}",0.009000000000000341,112.863,inf,112.869,112.869,112.869
33,T4,BESTEFFORT,MISSED,m1-1,2.945,"{'m1-1': 108.67, 'm2-1': 9.95, 'm3-1': 1.08, 'm4-1': 98.99, 'm5-1': 10.64, 'm6-1': 5.15, 'm7-1': 0.98, 'm8-1': 5.32}",13.124999999999979,104.19500000000001,inf,112.945,112.945,112.945
34,T1,BESTEFFORT,MISSED,m1-1,3.03,"{'m1-1': 110.28, 'm2-1': 10.56, 'm3-1': 1.09, 'm4-1': 102.64, 'm5-1': 11.31, 'm6-1': 5.38, 'm7-1': 1.12, 'm8-1': 5.19}",0.12750000000001194,112.945,inf,113.03,113.03,113.03
35,T7,BESTEFFORT,COMPLETED,m3-1,3.304,"{'m1-1': 100.66, 'm2-1': 10.28, 'm3-1': 0.98, 'm4-1': 97.76, 'm5-1': 10.63, 'm6-1': 4.84, 'm7-1': 1.09, 'm8-1': 5.16}",1.47,6.332000000000001,7.312000000000001,inf,113.304,113.304
36,T2,BESTEFFORT,COMPLETED,m7-1,3.454,"{'m1-1': 108.79, 'm2-1': 11.1, 'm3-1': 0.96, 'm4-1': 102.55, 'm5-1': 11.25, 'm6-1': 4.76, 'm7-1': 1.05, 'm8-1': 4.93}",1.5750000000000002,6.321999999999999,7.371999999999999,inf,113.454,113.454
37,T1,BESTEFFORT,MISSED,m1-1,3.461,"{'m1-1': 114.21, 'm2-1': 10.66, 'm3-1': 0.98, 'm4-1': 105.14, 'm5-1': 11.06, 'm6-1': 4.76, 'm7-1': 0.96, 'm8-1': 5.35}",0.6464999999999961,113.03,inf,113.461,113.461,113.461
38,T10,BESTEFFORT,COMPLETED,m3-1,3.515,"{'m1-1': 96.4, 'm2-1': 9.72, 'm3-1': 1.09, 'm4-1': 98.67, 'm5-1': 10.04, 'm6-1': 5.12, 'm7-1': 1.02, 'm8-1': 5.31}",1.6350000000000002,14.182,15.272,inf,113.515,113.515
39,T5,BESTEFFORT,COMPLETED,m2-1,3.57,"{'m1-1': 94.2, 'm2-1': 10.87, 'm3-1': 1.17, 'm4-1': 106.19, 'm5-1': 9.56, 'm6-1': 5.18, 'm7-1': 1.08, 'm8-1': 5.15}",16.305,41.550000000000004,52.42,inf,113.57,113.57
40,T9,BESTEFFORT,COMPLETED,m7-1,3.683,"{'m1-1': 102.92, 'm2-1': 9.85, 'm3-1': 1.08, 'm4-1': 102.23, 'm5-1': 9.68, 'm6-1': 5.25, 'm7-1': 1.05, 'm8-1': 5.45}",1.5750000000000002,7.371999999999999,8.421999999999999,inf,113.68299999999999,113.68299999999999
41,T2,BESTEFFORT,COMPLETED,m3-1,3.701,"{'m1-1': 100.03, 'm2-1': 11.1, 'm3-1': 0.99, 'm4-1': 102.62, 'm5-1': 11.18, 'm6-1': 5.0, 'm7-1': 1.05, 'm8-1': 5.38}",1.4849999999999999,7.312000000000001,8.302000000000001,inf,113.701,113.701
42,T1,BESTEFFORT,COMPLETED,m3-1,3.738,"{'m1-1': 102.06, 'm2-1': 10.57, 'm3-1': 1.09, 'm4-1': 115.19, 'm5-1': 11.17, 'm6-1': 5.22, 'm7-1': 1.05, 'm8-1': 4.9}",1.6350000000000002,110.412,111.50200000000001,inf,113.738,113.738
43,T9,BESTEFFORT,CANCELLED,,3.884,"{'m1-1': 110.56, 'm2-1': 10.18, 'm3-1': 0.98, 'm4-1': 108.05, 'm5-1': 10.08, 'm6-1': 5.51, 'm7-1': 1.13, 'm8-1': 5.54}",0.0,inf,inf,inf,113.884,113.884
44,T5,BESTEFFORT,CANCELLED,,3.905,"{'m1-1': 103.44, 'm2-1': 9.31, 'm3-1': 1.05, 'm4-1': 100.76, 'm5-1': 10.7, 'm6-1': 5.09, 'm7-1': 0.98, 'm8-1': 5.43}",0.0,inf,inf,inf,113.905,113.905
45,T6,BESTEFFORT,COMPLETED,m7-1,4.096,"{'m1-1': 117.95, 'm2-1': 10.76, 'm3-1': 1.08, 'm4-1': 113.28, 'm5-1': 10.22, 'm6-1': 5.53, 'm7-1': 1.02, 'm8-1': 5.62}",1.53,9.462,10.482,inf,114.096,114.096
46,T5,BESTEFFORT,CANCELLED,,4.112,"{'m1-1': 94.54, 'm2-1': 9.7, 'm3-1': 1.09, 'm4-1': 101.49, 'm5-1': 10.39, 'm6-1': 4.79, 'm7-1': 0.92, 'm8-1': 4.69}",0.0,inf,inf,inf,114.112,114.112
47,T9,BESTEFFORT,CANCELLED,,4.169,"{'m1-1': 100.44, 'm2-1': 10.28, 'm3-1': 1.06, 'm4-1': 110.9, 'm5-1': 10.78, 'm6-1': 4.72, 'm7-1': 1.13, 'm8-1': 5.1}",0.0,inf,inf,inf,114.169,114.169
48,T8,BESTEFFORT,CANCELLED,,4.181,"{'m1-1': 110.27, 'm2-1': 11.04, 'm3-1': 1.05, 'm4-1': 107.07, 'm5-1': 9.53, 'm6-1': 4.88, 'm7-1': 1.16, 'm8-1': 4.71}",0.0,inf,inf,inf,114.181,114.181
49,T9,BESTEFFORT,CANCELLED,,4.312,"{'m1-1': 113.71, 'm2-1': 11.09, 'm3-1': 1.1, 'm4-1': 112.08, 'm5-1': 9.74, 'm6-1': 5.04, 'm7-1': 0.96, 'm8-1': 4.82}",0.0,inf,inf,inf,114.312,114.312
50,T7,BESTEFFORT,CANCELLED,,4.358,"{'m1-1': 96.17, 'm2-1': 10.51, 'm3-1': 1.01, 'm4-1': 106.13, 'm5-1': 10.3, 'm6-1': 5.14, 'm7-1': 1.13, 'm8-1': 5.71}",0.0,inf,inf,inf,114.358,114.358
51,T2,BESTEFFORT,CANCELLED,,4.441,"{'m1-1': 100.04, 'm2-1': 11.34, 'm3-1': 1.09, 'm4-1': 103.73, 'm5-1': 11.28, 'm6-1': 5.44, 'm7-1': 0.98, 'm8-1': 5.12}",0.0,inf,inf,inf,114.441,114.441
52,T7,BESTEFFORT,COMPLETED,m3-1,4.442,"{'m1-1': 95.08, 'm2-1': 10.38, 'm3-1': 1.1, 'm4-1': 101.18, 'm5-1': 10.68, 'm6-1': 4.89, 'm7-1': 1.09, 'm8-1': 5.05}",1.6500000000000001,111.50200000000001,112.602,inf,114.44200000000001,114.44200000000001
53,T10,BESTEFFORT,COMPLETED,m8-1,4.445,"{'m1-1': 104.28, 'm2-1': 9.59, 'm3-1': 1.12, 'm4-1': 101.21, 'm5-1': 10.14, 'm6-1': 4.83, 'm7-1': 1.07, 'm8-1': 4.92}",7.38,21.067,25.987000000000002,inf,114.445,114.445
54,T9,BESTEFFORT,CANCELLED,,4.524,"{'m1-1': 107.69, 'm2-1': 10.51, 'm3-1': 1.12, 'm4-1': 97.35, 'm5-1': 10.16, 'm6-1': 5.39, 'm7-1': 0.98, 'm8-1': 5.13}",0.0,inf,inf,inf,114.524,114.524
55,T6,BESTEFFORT,COMPLETED,m7-1,4.6,"{'m1-1': 118.28, 'm2-1': 9.84, 'm3-1': 1.17, 'm4-1': 112.56, 'm5-1': 9.39, 'm6-1': 5.54, 'm7-1': 1.04, 'm8-1': 5.3}",1.56,8.421999999999999,9.462,inf,114.6,114.6
56,T2,BESTEFFORT,COMPLETED,m7-1,4.686,"{'m1-1': 104.56, 'm2-1': 11.08, 'm3-1': 0.96, 'm4-1': 101.03, 'm5-1': 11.25, 'm6-1': 5.23, 'm7-1': 1.09, 'm8-1': 5.45}",1.6350000000000002,10.482,11.572,inf,114.686,114.686
57,T3,BESTEFFORT,COMPLETED,m6-1,4.714,"{'m1-1': 113.65, 'm2-1': 10.86, 'm3-1': 0.98, 'm4-1': 111.0, 'm5-1': 10.6, 'm6-1': 5.33, 'm7-1': 0.97, 'm8-1': 5.31}",7.995,20.502000000000002,25.832,inf,114.714,114.714
58,T10,BESTEFFORT,MISSED,m2-1,4.781,"{'m1-1': 98.38, 'm2-1': 9.93, 'm3-1': 1.0, 'm4-1': 103.99, 'm5-1': 10.34, 'm6-1': 5.54, 'm7-1': 1.03, 'm8-1': 5.36}",0.0,143.31,inf,143.31,114.781,114.781
59,T8,BESTEFFORT,CANCELLED,,4.787,"{'m1-1': 96.1, 'm2-1': 10.83, 'm3-1': 1.0, 'm4-1': 107.8, 'm5-1': 10.94, 'm6-1': 5.14, 'm7-1': 1.14, 'm8-1': 5.16}",0.0,inf,inf,inf,114.787,114.787
60,T1,BESTEFFORT,CANCELLED,,4.788,"{'m1-1': 115.42, 'm2-1': 10.82, 'm3-1': 0.97, 'm4-1': 101.34, 'm5-1': 9.9, 'm6-1': 4.83, 'm7-1': 1.04, 'm8-1': 4.62}",0.0,inf,inf,inf,114.788,114.788
61,T4,BESTEFFORT,CANCELLED,,4.909,"{'m1-1': 115.41, 'm2-1': 9.84, 'm3-1': 1.11, 'm4-1': 105.05, 'm5-1': 9.88, 'm6-1': 4.85, 'm7-1': 0.99, 'm8-1': 5.17}",0.0,inf,inf,inf,114.909,114.909
62,T7,BESTEFFORT,CANCELLED,,4.945,"{'m1-1': 96.44, 'm2-1': 10.25, 'm3-1': 1.01, 'm4-1': 104.73, 'm5-1': 10.19, 'm6-1': 5.2, 'm7-1': 1.04, 'm8-1': 4.91}",0.0,inf,inf,inf,114.945,114.945
63,T5,BESTEFFORT,CANCELLED,,4.973,"{'m1-1': 100.17, 'm2-1': 9.43, 'm3-1': 1.05, 'm4-1': 110.72, 'm5-1': 10.27, 'm6-1': 5.07, 'm7-1': 1.03, 'm8-1': 4.99}",0.0,inf,inf,inf,114.973,114.973
64,T6,BESTEFFORT,CANCELLED,,5.046,"{'m1-1': 109.42, 'm2-1': 10.54, 'm3-1': 1.11, 'm4-1': 116.02, 'm5-1': 10.41, 'm6-1': 5.14, 'm7-1': 1.01, 'm8-1': 4.98}",0.0,inf,inf,inf,115.046,115.046
65,T7,BESTEFFORT,COMPLETED,m3-1,5.062,"{'m1-1': 106.31, 'm2-1': 10.22, 'm3-1': 0.94, 'm4-1': 99.07, 'm5-1': 10.03, 'm6-1': 4.92, 'm7-1': 1.16, 'm8-1': 5.55}",1.41,8.302000000000001,9.242,inf,115.062,115.062
66,T1,BESTEFFORT,CANCELLED,,5.304,"{'m1-1': 114.19, 'm2-1': 10.87, 'm3-1': 1.03, 'm4-1': 99.21, 'm5-1': 9.82, 'm6-1': 5.32, 'm7-1': 1.07, 'm8-1': 5.42}",0.0,inf,inf,inf,115.304,115.304
67,T5,BESTEFFORT,CANCELLED,,5.321,"{'m1-1': 99.67, 'm2-1': 10.2, 'm3-1': 1.18, 'm4-1': 97.65, 'm5-1': 9.51, 'm6-1': 5.39, 'm7-1': 0.94, 'm8-1': 5.34}",0.0,inf,inf,inf,115.321,115.321
68,T6,BESTEFFORT,CANCELLED,,5.58,"{'m1-1': 116.91, 'm2-1': 9.68, 'm3-1': 1.01, 'm4-1': 101.21, 'm5-1': 10.64, 'm6-1': 5.92, 'm7-1': 1.09, 'm8-1': 5.43}",0.0,inf,inf,inf,115.58,115.58
69,T5,BESTEFFORT,CANCELLED,,5.638,"{'m1-1': 97.23, 'm2-1': 10.89, 'm3-1': 1.18, 'm4-1': 106.48, 'm5-1': 9.79, 'm6-1': 4.94, 'm7-1': 1.06, 'm8-1': 4.7}",0.0,inf,inf,inf,115.638,115.638
70,T6,BESTEFFORT,CANCELLED,,5.759,"{'m1-1': 103.78, 'm2-1': 9.79, 'm3-1': 1.13, 'm4-1': 105.95, 'm5-1': 9.84, 'm6-1': 5.48, 'm7-1': 1.0, 'm8-1': 5.47}",0.0,inf,inf,inf,115.759,115.759
71,T10,BESTEFFORT,CANCELLED,,5.807,"{'m1-1': 96.77, 'm2-1': 10.86, 'm3-1': 1.13, 'm4-1': 107.98, 'm5-1': 11.01, 'm6-1': 5.56, 'm7-1': 1.0, 'm8-1': 4.76}",0.0,inf,inf,inf,115.807,115.807
72,T4,BESTEFFORT,CANCELLED,,5.836,"{'m1-1': 109.93, 'm2-1': 10.01, 'm3-1': 1.1, 'm4-1': 99.45, 'm5-1': 9.92, 'm6-1': 5.66, 'm7-1': 1.06, 'm8-1': 5.14}",0.0,inf,inf,inf,115.836,115.836
73,T10,BESTEFFORT,CANCELLED,,5.978,"{'m1-1': 103.52, 'm2-1': 10.63, 'm3-1': 1.13, 'm4-1': 99.48, 'm5-1': 11.15, 'm6-1': 4.99, 'm7-1': 1.05, 'm8-1': 4.92}",0.0,inf,inf,inf,115.978,115.978
74,T3,BESTEFFORT,COMPLETED,m3-1,5.984,"{'m1-1': 109.63, 'm2-1': 11.39, 'm3-1': 1.01, 'm4-1': 99.72, 'm5-1': 10.06, 'm6-1': 5.03, 'm7-1': 0.93, 'm8-1': 4.84}",1.5150000000000001,9.242,10.252,inf,115.984,115.984
75,T6,BESTEFFORT,COMPLETED,m5-1,5.996,"{'m1-1': 107.05, 'm2-1': 9.64, 'm3-1': 1.07, 'm4-1': 108.73, 'm5-1': 9.44, 'm6-1': 5.52, 'm7-1': 0.97, 'm8-1': 5.05}",14.16,40.675999999999995,50.11599999999999,inf,115.996,115.996
76,T5,BESTEFFORT,COMPLETED,m7-1,6.005,"{'m1-1': 96.49, 'm2-1': 10.22, 'm3-1': 1.02, 'm4-1': 109.81, 'm5-1': 11.1, 'm6-1': 4.88, 'm7-1': 1.02, 'm8-1': 5.22}",1.53,11.572,12.591999999999999,inf,116.005,116.005
77,T1,BESTEFFORT,COMPLETED,m8-1,6.075,"{'m1-1': 112.67, 'm2-1': 9.76, 'm3-1': 1.06, 'm4-1': 111.1, 'm5-1': 11.28, 'm6-1': 5.27, 'm7-1': 1.09, 'm8-1': 5.36}",8.040000000000001,30.727000000000004,36.087,inf,116.075,116.075
78,T1,BESTEFFORT,CANCELLED,,6.191,"{'m1-1': 104.68, 'm2-1': 9.91, 'm3-1': 1.15, 'm4-1': 106.69, 'm5-1': 11.23, 'm6-1': 4.66, 'm7-1': 1.07, 'm8-1': 5.46}",0.0,inf,inf,inf,116.191,116.191
79,T10,BESTEFFORT,COMPLETED,m3-1,6.271,"{'m1-1': 113.1, 'm2-1': 9.24, 'm3-1': 1.1, 'm4-1': 111.15, 'm5-1': 10.5, 'm6-1': 5.2, 'm7-1': 1.09, 'm8-1': 4.99}",1.6500000000000001,112.602,113.702,inf,116.271,116.271
80,T6,BESTEFFORT,CANCELLED,,6.293,"{'m1-1': 106.1, 'm2-1': 10.94, 'm3-1': 1.03, 'm4-1': 117.38, 'm5-1': 10.72, 'm6-1': 5.79, 'm7-1': 0.98, 'm8-1': 5.29}",0.0,inf,inf,inf,116.293,116.293
81,T3,BESTEFFORT,COMPLETED,m3-1,6.498,"{'m1-1': 98.01, 'm2-1': 10.94, 'm3-1': 1.02, 'm4-1': 110.32, 'm5-1': 10.65, 'm6-1': 5.06, 'm7-1': 0.96, 'm8-1': 5.44}",1.53,113.702,114.722,inf,116.498,116.498
82,T7,BESTEFFORT,CANCELLED,,6.66,"{'m1-1': 96.17, 'm2-1': 10.52, 'm3-1': 0.93, 'm4-1': 99.91, 'm5-1': 9.92, 'm6-1': 5.01, 'm7-1': 1.1, 'm8-1': 4.87}",0.0,inf,inf,inf,116.66,116.66
83,T7,BESTEFFORT,COMPLETED,m3-1,6.672,"{'m1-1': 100.16, 'm2-1': 10.69, 'm3-1': 0.94, 'm4-1': 98.59, 'm5-1': 9.62, 'm6-1': 4.85, 'm7-1': 1.1, 'm8-1': 5.32}",1.41,10.252,11.192,inf,116.672,116.672
84,T9,BESTEFFORT,CANCELLED,,6.703,"{'m1-1': 100.48, 'm2-1': 9.55, 'm3-1': 1.07, 'm4-1': 106.51, 'm5-1': 11.22, 'm6-1': 5.29, 'm7-1': 1.0, 'm8-1': 4.83}",0.0,inf,inf,inf,116.703,116.703
85,T9,BESTEFFORT,CANCELLED,,6.896,"{'m1-1': 112.97, 'm2-1': 10.22, 'm3-1': 1.1, 'm4-1': 99.17, 'm5-1': 9.66, 'm6-1': 5.35, 'm7-1': 1.12, 'm8-1': 5.67}",0.0,inf,inf,inf,116.896,116.896
86,T9,BESTEFFORT,CANCELLED,,7.066,"{'m1-1': 115.86, 'm2-1': 9.65, 'm3-1': 1.04, 'm4-1': 99.4, 'm5-1': 10.63, 'm6-1': 4.72, 'm7-1': 1.09, 'm8-1': 5.14}",0.0,inf,inf,inf,117.066,117.066
87,T9,BESTEFFORT,CANCELLED,,7.103,"{'m1-1': 108.6, 'm2-1': 10.96, 'm3-1': 1.08, 'm4-1': 103.22, 'm5-1': 10.86, 'm6-1': 5.43, 'm7-1': 1.13, 'm8-1': 4.88}",0.0,inf,inf,inf,117.103,117.103
88,T4,BESTEFFORT,CANCELLED,,7.519,"{'m1-1': 110.59, 'm2-1': 9.66, 'm3-1': 1.0, 'm4-1': 100.88, 'm5-1': 10.25, 'm6-1': 4.82, 'm7-1': 1.06, 'm8-1': 5.06}",0.0,inf,inf,inf,117.519,117.519
89,T6,BESTEFFORT,CANCELLED,,7.682,"{'m1-1': 112.33, 'm2-1': 10.37, 'm3-1': 1.14, 'm4-1': 116.58, 'm5-1': 9.87, 'm6-1': 5.95, 'm7-1': 1.03, 'm8-1': 4.91}",0.0,inf,inf,inf,117.682,117.682
90,T8,BESTEFFORT,COMPLETED,m3-1,7.802,"{'m1-1': 101.53, 'm2-1': 9.96, 'm3-1': 1.01, 'm4-1': 98.67, 'm5-1': 10.92, 'm6-1': 5.2, 'm7-1': 1.16, 'm8-1': 5.37}",1.5150000000000001,114.722,115.732,inf,117.80199999999999,117.80199999999999
91,T9,BESTEFFORT,CANCELLED,,7.813,"{'m1-1': 99.33, 'm2-1': 10.58, 'm3-1': 1.05, 'm4-1': 111.55, 'm5-1': 10.32, 'm6-1': 5.19, 'm7-1': 1.01, 'm8-1': 5.5}",0.0,inf,inf,inf,117.813,117.813
92,T8,BESTEFFORT,CANCELLED,,7.837,"{'m1-1': 111.94, 'm2-1': 9.49, 'm3-1': 1.12, 'm4-1': 106.0, 'm5-1': 10.07, 'm6-1': 5.29, 'm7-1': 1.06, 'm8-1': 4.69}",0.0,inf,inf,inf,117.837,117.837
93,T5,BESTEFFORT,CANCELLED,,7.845,"{'m1-1': 102.5, 'm2-1': 10.89, 'm3-1': 1.09, 'm4-1': 104.19, 'm5-1': 11.12, 'm6-1': 5.33, 'm7-1': 1.07, 'm8-1': 4.72}",0.0,inf,inf,inf,117.845,117.845
94,T8,BESTEFFORT,CANCELLED,,7.968,"{'m1-1': 109.33, 'm2-1': 9.49, 'm3-1': 1.13, 'm4-1': 111.43, 'm5-1': 10.32, 'm6-1': 5.19, 'm7-1': 1.12, 'm8-1': 4.81}",0.0,inf,inf,inf,117.968,117.968
95,T9,BESTEFFORT,COMPLETED,m3-1,8.22,"{'m1-1': 106.25, 'm2-1': 10.4, 'm3-1': 1.01, 'm4-1': 107.68, 'm5-1': 10.04, 'm6-1': 5.24, 'm7-1': 0.96, 'm8-1': 5.23}",1.5150000000000001,11.192,12.202,inf,118.22,118.22
96,T6,BESTEFFORT,CANCELLED,,8.524,"{'m1-1': 102.49, 'm2-1': 10.94, 'm3-1': 1.08, 'm4-1': 116.66, 'm5-1': 9.37, 'm6-1': 5.08, 'm7-1': 0.94, 'm8-1': 5.27}",0.0,inf,inf,inf,118.524,118.524
97,T1,BESTEFFORT,COMPLETED,m8-1,8.695,"{'m1-1': 106.8, 'm2-1': 10.04, 'm3-1': 1.1, 'm4-1': 114.67, 'm5-1': 10.26, 'm6-1': 5.49, 'm7-1': 1.03, 'm8-1': 4.74}",7.11,25.987000000000002,30.727000000000004,inf,118.695,118.695
98,T5,BESTEFFORT,COMPLETED,m6-1,8.704,"{'m1-1': 105.96, 'm2-1': 10.01, 'm3-1': 1.05, 'm4-1': 111.11, 'm5-1': 10.76, 'm6-1': 5.14, 'm7-1': 1.01, 'm8-1': 5.4}",7.709999999999999,25.832,30.972,inf,118.70400000000001,118.70400000000001
99,T3,BESTEFFORT,MISSED,m7-1,8.731,"{'m1-1': 111.22, 'm2-1': 10.75, 'm3-1': 1.02, 'm4-1': 94.73, 'm5-1': 10.52, 'm6-1': 4.94, 'm7-1': 1.02, 'm8-1': 5.47}",1.0785000000000338,118.01199999999997,inf,118.731,118.731,118.731
100,T5,BESTEFFORT,CANCELLED,,8.763,"{'m1-1': 102.12, 'm2-1': 10.84, 'm3-1': 1.12, 'm4-1': 95.8, 'm5-1': 10.91, 'm6-1': 5.22, 'm7-1': 1.0, 'm8-1': 4.7}",0.0,inf,inf,inf,118.763,118.763
101,T3,BESTEFFORT,CANCELLED,,8.917,"{'m1-1': 104.47, 'm2-1': 10.46, 'm3-1': 1.05, 'm4-1': 100.64, 'm5-1': 10.03, 'm6-1': 4.65, 'm7-1': 0.93, 'm8-1': 5.14}",0.0,inf,inf,inf,118.917,118.917
102,T2,BESTEFFORT,COMPLETED,m3-1,8.981,"{'m1-1': 112.18, 'm2-1': 10.69, 'm3-1': 1.0, 'm4-1': 103.58, 'm5-1': 9.9, 'm6-1': 5.24, 'm7-1': 1.08, 'm8-1': 5.12}",1.5,12.202,13.202,inf,118.981,118.981
103,T3,BESTEFFORT,CANCELLED,,9.149,"{'m1-1': 100.45, 'm2-1': 11.78, 'm3-1': 1.1, 'm4-1': 111.34, 'm5-1': 11.13, 'm6-1': 5.44, 'm7-1': 1.0, 'm8-1': 5.12}",0.0,inf,inf,inf,119.149,119.149
104,T6,BESTEFFORT,COMPLETED,m7-1,9.228,"{'m1-1': 106.33, 'm2-1': 10.5, 'm3-1': 1.13, 'm4-1': 100.95, 'm5-1': 10.27, 'm6-1': 5.63, 'm7-1': 0.94, 'm8-1': 4.87}",1.41,12.591999999999999,13.531999999999998,inf,119.228,119.228
105,T9,BESTEFFORT,CANCELLED,,9.269,"{'m1-1': 106.43, 'm2-1': 10.1, 'm3-1': 1.07, 'm4-1': 102.39, 'm5-1': 9.68, 'm6-1': 4.86, 'm7-1': 1.08, 'm8-1': 4.88}",0.0,inf,inf,inf,119.269,119.269
106,T10,BESTEFFORT,CANCELLED,,9.472,"{'m1-1': 110.19, 'm2-1': 10.11, 'm3-1': 1.08, 'm4-1': 108.15, 'm5-1': 10.2, 'm6-1': 5.54, 'm7-1': 0.99, 'm8-1': 5.37}",0.0,inf,inf,inf,119.472,119.472
107,T4,BESTEFFORT,CANCELLED,,9.474,"{'m1-1': 105.74, 'm2-1': 10.96, 'm3-1': 1.1, 'm4-1': 104.58, 'm5-1': 10.27, 'm6-1': 4.94, 'm7-1': 1.0, 'm8-1': 5.39}",0.0,inf,inf,inf,119.474,119.474
108,T2,BESTEFFORT,COMPLETED,m3-1,9.48,"{'m1-1': 111.69, 'm2-1': 11.34, 'm3-1': 0.98, 'm4-1': 106.21, 'm5-1': 9.52, 'm6-1': 4.75, 'm7-1': 0.98, 'm8-1': 4.75}",1.47,13.202,14.182,inf,119.48,119.48
109,T1,BESTEFFORT,MISSED,m8-1,9.642,"{'m1-1': 103.98, 'm2-1': 10.62, 'm3-1': 1.11, 'm4-1': 105.78, 'm5-1': 10.65, 'm6-1': 5.46, 'm7-1': 0.99, 'm8-1': 4.68}",0.0,122.94700000000002,inf,122.94700000000002,119.642,119.642
110,T8,BESTEFFORT,CANCELLED,,9.919,"{'m1-1': 111.02, 'm2-1': 9.8, 'm3-1': 1.06, 'm4-1': 100.39, 'm5-1': 9.72, 'm6-1': 5.25, 'm7-1': 1.1, 'm8-1': 4.83}",0.0,inf,inf,inf,119.919,119.919
111,T2,BESTEFFORT,COMPLETED,m7-1,9.971,"{'m1-1': 105.18, 'm2-1': 10.26, 'm3-1': 1.08, 'm4-1': 105.63, 'm5-1': 9.73, 'm6-1': 4.86, 'm7-1': 0.95, 'm8-1': 4.99}",1.4249999999999998,13.531999999999998,14.481999999999998,inf,119.971,119.971
112,T9,BESTEFFORT,CANCELLED,,10.071,"{'m1-1': 107.11, 'm2-1': 9.56, 'm3-1': 0.97, 'm4-1': 113.68, 'm5-1': 11.23, 'm6-1': 5.25, 'm7-1': 1.01, 'm8-1': 5.27}",0.0,inf,inf,inf,120.071,120.071
113,T1,BESTEFFORT,CANCELLED,,10.194,"{'m1-1': 112.74, 'm2-1': 10.7, 'm3-1': 1.1, 'm4-1': 107.23, 'm5-1': 9.79, 'm6-1': 4.88, 'm7-1': 1.14, 'm8-1': 5.11}",0.0,inf,inf,inf,120.194,120.194
114,T1,BESTEFFORT,CANCELLED,,10.535,"{'m1-1': 106.46, 'm2-1': 10.79, 'm3-1': 1.1, 'm4-1': 106.04, 'm5-1': 11.23, 'm6-1': 5.24, 'm7-1': 0.99, 'm8-1': 4.61}",0.0,inf,inf,inf,120.535,120.535
115,T4,BESTEFFORT,COMPLETED,m7-1,10.536,"{'m1-1': 101.87, 'm2-1': 11.25, 'm3-1': 1.01, 'm4-1': 99.38, 'm5-1': 10.94, 'm6-1': 4.81, 'm7-1': 0.99, 'm8-1': 4.88}",1.4849999999999999,14.481999999999998,15.471999999999998,inf,120.536,120.536
116,T6,BESTEFFORT,CANCELLED,,10.556,"{'m1-1': 111.56, 'm2-1': 10.45, 'm3-1': 1.03, 'm4-1': 115.21, 'm5-1': 9.52, 'm6-1': 5.08, 'm7-1': 0.99, 'm8-1': 5.27}",0.0,inf,inf,inf,120.556,120.556
117,T3,BESTEFFORT,COMPLETED,m6-1,10.621,"{'m1-1': 112.4, 'm2-1': 11.48, 'm3-1': 1.04, 'm4-1': 94.34, 'm5-1': 10.52, 'm6-1': 5.36, 'm7-1': 1.07, 'm8-1': 5.56}",8.040000000000001,30.972,36.332,inf,120.621,120.621
118,T4,BESTEFFORT,CANCELLED,,10.672,"{'m1-1': 105.55, 'm2-1': 10.78, 'm3-1': 0.97, 'm4-1': 113.34, 'm5-1': 9.55, 'm6-1': 5.6, 'm7-1': 0.93, 'm8-1': 5.71}",0.0,inf,inf,inf,120.672,120.672
119,T9,BESTEFFORT,CANCELLED,,10.697,"{'m1-1': 113.85, 'm2-1': 10.99, 'm3-1': 1.03, 'm4-1': 99.53, 'm5-1': 10.04, 'm6-1': 5.46, 'm7-1': 0.98, 'm8-1': 5.35}",0.0,inf,inf,inf,120.697,120.697
120,T3,BESTEFFORT,COMPLETED,m7-1,10.714,"{'m1-1': 97.29, 'm2-1': 10.38, 'm3-1': 1.01, 'm4-1': 99.89, 'm5-1': 9.63, 'm6-1': 4.91, 'm7-1': 1.03, 'm8-1': 5.55}",1.545,20.431999999999995,21.461999999999996,inf,120.714,120.714
121,T1,BESTEFFORT,COMPLETED,m7-1,10.715,"{'m1-1': 105.18, 'm2-1': 10.3, 'm3-1': 1.15, 'm4-1': 110.61, 'm5-1': 10.54, 'm6-1': 4.84, 'm7-1': 1.03, 'm8-1': 4.83}",1.545,118.731,119.761,inf,120.715,120.715
122,T10,BESTEFFORT,CANCELLED,,10.719,"{'m1-1': 111.27, 'm2-1': 10.96, 'm3-1': 1.02, 'm4-1': 110.23, 'm5-1': 10.59, 'm6-1': 5.39, 'm7-1': 1.08, 'm8-1': 5.13}",0.0,inf,inf,inf,120.719,120.719
123,T6,BESTEFFORT,CANCELLED,,10.804,"{'m1-1': 102.24, 'm2-1': 10.21, 'm3-1': 1.12, 'm4-1': 110.73, 'm5-1': 9.58, 'm6-1': 5.68, 'm7-1': 1.0, 'm8-1': 4.98}",0.0,inf,inf,inf,120.804,120.804
124,T7,BESTEFFORT,CANCELLED,,11.34,"{'m1-1': 99.46, 'm2-1': 11.07, 'm3-1': 0.92, 'm4-1': 110.12, 'm5-1': 9.41, 'm6-1': 5.44, 'm7-1': 1.11, 'm8-1': 4.99}",0.0,inf,inf,inf,121.34,121.34
125,T9,BESTEFFORT,CANCELLED,,11.357,"{'m1-1': 110.86, 'm2-1': 10.84, 'm3-1': 1.06, 'm4-1': 98.06, 'm5-1': 10.26, 'm6-1': 5.08, 'm7-1': 1.03, 'm8-1': 5.66}",0.0,inf,inf,inf,121.357,121.357
126,T4,BESTEFFORT,CANCELLED,,11.393,"{'m1-1': 113.97, 'm2-1': 10.81, 'm3-1': 1.02, 'm4-1': 114.5, 'm5-1': 9.61, 'm6-1': 4.93, 'm7-1': 0.95, 'm8-1': 5.55}",0.0,inf,inf,inf,121.393,121.393
127,T8,BESTEFFORT,CANCELLED,,11.46,"{'m1-1': 109.22, 'm2-1': 10.98, 'm3-1': 1.01, 'm4-1': 100.48, 'm5-1': 10.84, 'm6-1': 4.73, 'm7-1': 1.04, 'm8-1': 5.26}",0.0,inf,inf,inf,121.46000000000001,121.46000000000001
128,T2,BESTEFFORT,COMPLETED,m7-1,11.537,"{'m1-1': 114.18, 'm2-1': 10.29, 'm3-1': 0.96, 'm4-1': 105.12, 'm5-1': 10.92, 'm6-1': 4.97, 'm7-1': 0.99, 'm8-1': 4.86}",1.4849999999999999,19.441999999999997,20.431999999999995,inf,121.537,121.537
129,T2,BESTEFFORT,COMPLETED,m3-1,11.568,"{'m1-1': 105.17, 'm2-1': 10.71, 'm3-1': 0.96, 'm4-1': 114.26, 'm5-1': 11.03, 'm6-1': 4.78, 'm7-1': 1.04, 'm8-1': 4.9}",1.44,15.272,16.232,inf,121.568,121.568
130,T3,BESTEFFORT,CANCELLED,,11.619,"{'m1-1': 96.08, 'm2-1': 10.63, 'm3-1': 0.94, 'm4-1': 104.85, 'm5-1': 10.02, 'm6-1': 4.74, 'm7-1': 0.97, 'm8-1': 5.27}",0.0,inf,inf,inf,121.619,121.619
131,T4,BESTEFFORT,CANCELLED,,11.671,"{'m1-1': 109.65, 'm2-1': 11.2, 'm3-1': 0.99, 'm4-1': 112.7, 'm5-1': 10.94, 'm6-1': 5.66, 'm7-1': 0.96, 'm8-1': 5.53}",0.0,inf,inf,inf,121.67099999999999,121.67099999999999
132,T6,BESTEFFORT,COMPLETED,m7-1,11.706,"{'m1-1': 105.29, 'm2-1': 9.53, 'm3-1': 1.12, 'm4-1': 116.16, 'm5-1': 10.73, 'm6-1': 5.36, 'm7-1': 0.96, 'm8-1': 5.15}",1.44,22.451999999999995,23.411999999999995,inf,121.706,121.706
133,T8,BESTEFFORT,CANCELLED,,12.093,"{'m1-1': 107.16, 'm2-1': 10.08, 'm3-1': 1.15, 'm4-1': 103.52, 'm5-1': 9.78, 'm6-1': 4.89, 'm7-1': 1.1, 'm8-1': 4.78}",0.0,inf,inf,inf,122.093,122.093
134,T5,BESTEFFORT,MISSED,m1-1,12.105,"{'m1-1': 104.96, 'm2-1': 10.18, 'm3-1': 1.12, 'm4-1': 109.1, 'm5-1': 10.26, 'm6-1': 4.75, 'm7-1': 0.95, 'm8-1': 5.5}",0.0,127.851,inf,127.851,122.105,122.105
135,T5,BESTEFFORT,COMPLETED,m7-1,12.15,"{'m1-1': 97.78, 'm2-1': 10.5, 'm3-1': 1.0, 'm4-1': 106.27, 'm5-1': 9.82, 'm6-1': 4.76, 'm7-1': 0.98, 'm8-1': 5.47}",1.47,15.471999999999998,16.451999999999998,inf,122.15,122.15
136,T7,BESTEFFORT,CANCELLED,,12.357,"{'m1-1': 105.02, 'm2-1': 10.53, 'm3-1': 1.06, 'm4-1': 114.32, 'm5-1': 9.6, 'm6-1': 4.69, 'm7-1': 1.08, 'm8-1': 5.36}",0.0,inf,inf,inf,122.357,122.357
137,T3,BESTEFFORT,COMPLETED,m3-1,12.357,"{'m1-1': 110.37, 'm2-1': 11.3, 'm3-1': 1.06, 'm4-1': 111.96, 'm5-1': 11.18, 'm6-1': 5.08, 'm7-1': 1.06, 'm8-1': 5.31}",1.59,16.232,17.291999999999998,inf,122.357,122.357
138,T8,BESTEFFORT,CANCELLED,,12.381,"{'m1-1': 105.67, 'm2-1': 9.74, 'm3-1': 1.12, 'm4-1': 104.08, 'm5-1': 9.81, 'm6-1': 5.19, 'm7-1': 1.02, 'm8-1': 5.02}",0.0,inf,inf,inf,122.381,122.381
139,T8,BESTEFFORT,CANCELLED,,12.417,"{'m1-1': 104.97, 'm2-1': 10.38, 'm3-1': 1.14, 'm4-1': 111.43, 'm5-1': 9.64, 'm6-1': 5.3, 'm7-1': 1.13, 'm8-1': 5.4}",0.0,inf,inf,inf,122.417,122.417
140,T7,BESTEFFORT,COMPLETED,m3-1,12.422,"{'m1-1': 109.39, 'm2-1': 10.2, 'm3-1': 0.98, 'm4-1': 109.27, 'm5-1': 9.68, 'm6-1': 5.18, 'm7-1': 1.12, 'm8-1': 5.66}",1.47,35.202,36.181999999999995,inf,122.422,122.422
141,T5,BESTEFFORT,COMPLETED,m7-1,12.452,"{'m1-1': 97.01, 'm2-1': 9.98, 'm3-1': 1.04, 'm4-1': 103.0, 'm5-1': 9.43, 'm6-1': 5.29, 'm7-1': 1.02, 'm8-1': 4.8}",1.53,16.451999999999998,17.471999999999998,inf,122.452,122.452
142,T7,BESTEFFORT,COMPLETED,m3-1,12.498,"{'m1-1': 105.27, 'm2-1': 10.29, 'm3-1': 1.09, 'm4-1': 112.14, 'm5-1': 9.53, 'm6-1': 5.15, 'm7-1': 1.04, 'm8-1': 5.6}",1.6350000000000002,115.732,116.822,inf,122.498,122.498
143,T3,BESTEFFORT,CANCELLED,,12.636,"{'m1-1': 111.76, 'm2-1': 10.04, 'm3-1': 1.05, 'm4-1': 101.67, 'm5-1': 9.92, 'm6-1': 5.16, 'm7-1': 1.03, 'm8-1': 4.75}",0.0,inf,inf,inf,122.636,122.636
144,T3,BESTEFFORT,COMPLETED,m7-1,12.771,"{'m1-1': 95.71, 'm2-1': 10.71, 'm3-1': 0.93, 'm4-1': 103.94, 'm5-1': 10.62, 'm6-1': 4.91, 'm7-1': 0.98, 'm8-1': 5.49}",1.47,18.461999999999996,19.441999999999997,inf,122.771,122.771
145,T2,BESTEFFORT,CANCELLED,,12.815,"{'m1-1': 108.89, 'm2-1': 11.77, 'm3-1': 0.95, 'm4-1': 106.08, 'm5-1': 9.55, 'm6-1': 5.37, 'm7-1': 0.94, 'm8-1': 4.84}",0.0,inf,inf,inf,122.815,122.815
146,T6,BESTEFFORT,CANCELLED,,12.883,"{'m1-1': 109.3, 'm2-1': 10.8, 'm3-1': 1.16, 'm4-1': 114.94, 'm5-1': 10.86, 'm6-1': 5.3, 'm7-1': 0.95, 'm8-1': 5.61}",0.0,inf,inf,inf,122.883,122.883
147,T10,BESTEFFORT,CANCELLED,,12.9,"{'m1-1': 101.45, 'm2-1': 9.61, 'm3-1': 0.97, 'm4-1': 105.42, 'm5-1': 9.91, 'm6-1': 5.47, 'm7-1': 1.13, 'm8-1': 5.15}",0.0,inf,inf,inf,122.9,122.9
148,T10,BESTEFFORT,CANCELLED,,12.905,"{'m1-1': 96.5, 'm2-1': 9.74, 'm3-1': 1.03, 'm4-1': 111.72, 'm5-1': 11.03, 'm6-1': 5.23, 'm7-1': 1.15, 'm8-1': 5.34}",0.0,inf,inf,inf,122.905,122.905
149,T9,BESTEFFORT,COMPLETED,m3-1,13.067,"{'m1-1': 109.41, 'm2-1': 10.35, 'm3-1': 1.15, 'm4-1': 96.93, 'm5-1': 9.77, 'm6-1': 4.75, 'm7-1': 1.02, 'm8-1': 5.25}",1.7249999999999999,116.822,117.97200000000001,inf,123.06700000000001,123.06700000000001
150,T10,BESTEFFORT,CANCELLED,,13.15,"{'m1-1': 109.79, 'm2-1': 10.35, 'm3-1': 1.11, 'm4-1': 101.67, 'm5-1': 11.09, 'm6-1': 4.97, 'm7-1': 1.01, 'm8-1': 5.52}",0.0,inf,inf,inf,123.15,123.15
151,T4,BESTEFFORT,COMPLETED,m3-1,13.237,"{'m1-1': 106.0, 'm2-1': 9.73, 'm3-1': 1.1, 'm4-1': 99.94, 'm5-1': 10.63, 'm6-1': 5.16, 'm7-1': 0.97, 'm8-1': 5.74}",1.6500000000000001,117.97200000000001,119.072,inf,123.237,123.237
152,T1,BESTEFFORT,CANCELLED,,13.307,"{'m1-1': 101.31, 'm2-1': 9.49, 'm3-1': 1.1, 'm4-1': 110.03, 'm5-1': 10.53, 'm6-1': 5.02, 'm7-1': 0.97, 'm8-1': 5.04}",0.0,inf,inf,inf,123.307,123.307
153,T4,BESTEFFORT,CANCELLED,,13.373,"{'m1-1': 114.55, 'm2-1': 10.85, 'm3-1': 0.96, 'm4-1': 109.48, 'm5-1': 10.44, 'm6-1': 5.37, 'm7-1': 0.94, 'm8-1': 5.74}",0.0,inf,inf,inf,123.373,123.373
154,T7,BESTEFFORT,COMPLETED,m3-1,13.564,"{'m1-1': 95.69, 'm2-1': 10.8, 'm3-1': 1.01, 'm4-1': 110.25, 'm5-1': 10.89, 'm6-1': 5.12, 'm7-1': 1.06, 'm8-1': 5.02}",1.5150000000000001,17.291999999999998,18.302,inf,123.564,123.564
155,T1,BESTEFFORT,CANCELLED,,13.566,"{'m1-1': 106.74, 'm2-1': 9.44, 'm3-1': 1.07, 'm4-1': 110.32, 'm5-1': 10.28, 'm6-1': 5.2, 'm7-1': 1.02, 'm8-1': 5.02}",0.0,inf,inf,inf,123.566,123.566
156,T3,BESTEFFORT,CANCELLED,,13.635,"{'m1-1': 97.43, 'm2-1': 10.48, 'm3-1': 0.93, 'm4-1': 94.42, 'm5-1': 10.29, 'm6-1': 4.66, 'm7-1': 1.0, 'm8-1': 5.45}",0.0,inf,inf,inf,123.635,123.635
157,T4,BESTEFFORT,CANCELLED,,13.734,"{'m1-1': 104.74, 'm2-1': 10.49, 'm3-1': 1.02, 'm4-1': 103.36, 'm5-1': 10.11, 'm6-1': 4.92, 'm7-1': 0.98, 'm8-1': 4.96}",0.0,inf,inf,inf,123.734,123.734
158,T9,BESTEFFORT,COMPLETED,m3-1,13.743,"{'m1-1': 104.32, 'm2-1': 10.64, 'm3-1': 1.13, 'm4-1': 105.17, 'm5-1': 10.48, 'm6-1': 4.82, 'm7-1': 0.97, 'm8-1': 4.8}",1.6949999999999998,119.072,120.202,inf,123.743,123.743
159,T10,BESTEFFORT,CANCELLED,,13.869,"{'m1-1': 101.44, 'm2-1': 10.2, 'm3-1': 1.0, 'm4-1': 109.74, 'm5-1': 10.44, 'm6-1': 5.12, 'm7-1': 1.01, 'm8-1': 4.92}",0.0,inf,inf,inf,123.869,123.869
160,T1,BESTEFFORT,COMPLETED,m7-1,14.049,"{'m1-1': 112.81, 'm2-1': 9.45, 'm3-1': 1.12, 'm4-1': 103.8, 'm5-1': 10.32, 'm6-1': 5.06, 'm7-1': 1.08, 'm8-1': 5.15}",1.62,119.761,120.841,inf,124.049,124.049
161,T5,BESTEFFORT,MISSED,m8-1,14.108,"{'m1-1': 98.66, 'm2-1': 10.36, 'm3-1': 1.11, 'm4-1': 107.11, 'm5-1': 10.54, 'm6-1': 5.45, 'm7-1': 1.05, 'm8-1': 4.73}",1.7414999999999807,122.94700000000002,inf,124.108,124.108,124.108
162,T4,BESTEFFORT,CANCELLED,,14.118,"{'m1-1': 104.91, 'm2-1': 10.09, 'm3-1': 1.06, 'm4-1': 102.43, 'm5-1': 11.09, 'm6-1': 5.14, 'm7-1': 1.06, 'm8-1': 5.19}",0.0,inf,inf,inf,124.118,124.118
163,T1,BESTEFFORT,CANCELLED,,14.166,"{'m1-1': 100.05, 'm2-1': 10.82, 'm3-1': 1.06, 'm4-1': 114.36, 'm5-1': 10.4, 'm6-1': 4.82, 'm7-1': 1.08, 'm8-1': 5.24}",0.0,inf,inf,inf,124.166,124.166
164,T10,BESTEFFORT,CANCELLED,,14.297,"{'m1-1': 112.21, 'm2-1': 10.0, 'm3-1': 1.15, 'm4-1': 95.66, 'm5-1': 10.38, 'm6-1': 4.95, 'm7-1': 1.0, 'm8-1': 5.37}",0.0,inf,inf,inf,124.297,124.297
165,T9,BESTEFFORT,CANCELLED,,14.389,"{'m1-1': 115.65, 'm2-1': 11.25, 'm3-1': 1.06, 'm4-1': 111.68, 'm5-1': 9.88, 'm6-1': 4.71, 'm7-1': 1.0, 'm8-1': 5.45}",0.0,inf,inf,inf,124.389,124.389
166,T4,BESTEFFORT,COMPLETED,m7-1,14.439,"{'m1-1': 108.65, 'm2-1': 9.86, 'm3-1': 1.13, 'm4-1': 97.98, 'm5-1': 11.21, 'm6-1': 5.36, 'm7-1': 0.99, 'm8-1': 5.15}",1.4849999999999999,17.471999999999998,18.461999999999996,inf,124.439,124.439
167,T3,BESTEFFORT,COMPLETED,m3-1,14.748,"{'m1-1': 105.49, 'm2-1': 10.22, 'm3-1': 1.07, 'm4-1': 94.4, 'm5-1': 11.09, 'm6-1': 4.89, 'm7-1': 0.98, 'm8-1': 5.31}",1.605,18.302,19.372,inf,124.748,124.748
168,T6,BESTEFFORT,COMPLETED,m5-1,14.755,"{'m1-1': 107.14, 'm2-1': 9.69, 'm3-1': 1.01, 'm4-1': 105.46, 'm5-1': 10.9, 'm6-1': 5.34, 'm7-1': 1.06, 'm8-1': 5.2}",16.35,50.11599999999999,61.01599999999999,inf,124.755,124.755
169,T1,BESTEFFORT,COMPLETED,m2-1,14.768,"{'m1-1': 99.4, 'm2-1': 10.82, 'm3-1': 1.05, 'm4-1': 112.42, 'm5-1': 11.15, 'm6-1': 5.28, 'm7-1': 1.14, 'm8-1': 4.66}",16.23,52.42,63.24,inf,124.768,124.768
170,T10,BESTEFFORT,CANCELLED,,14.788,"{'m1-1': 103.6, 'm2-1': 10.19, 'm3-1': 1.09, 'm4-1': 107.62, 'm5-1': 10.94, 'm6-1': 4.85, 'm7-1': 1.13, 'm8-1': 5.0}",0.0,inf,inf,inf,124.788,124.788
171,T2,BESTEFFORT,COMPLETED,m7-1,14.815,"{'m1-1': 114.26, 'm2-1': 10.63, 'm3-1': 1.04, 'm4-1': 113.9, 'm5-1': 11.19, 'm6-1': 4.69, 'm7-1': 0.96, 'm8-1': 4.87}",1.44,120.841,121.80099999999999,inf,124.815,124.815
172,T7,BESTEFFORT,COMPLETED,m6-1,14.947,"{'m1-1': 94.12, 'm2-1': 10.56, 'm3-1': 0.93, 'm4-1': 111.24, 'm5-1': 9.76, 'm6-1': 5.29, 'm7-1': 1.07, 'm8-1': 5.68}",7.9350000000000005,36.332,41.622,inf,124.947,124.947
173,T6,BESTEFFORT,CANCELLED,,15.14,"{'m1-1': 117.29, 'm2-1': 9.34, 'm3-1': 1.14, 'm4-1': 104.41, 'm5-1': 10.41, 'm6-1': 5.77, 'm7-1': 1.08, 'm8-1': 5.34}",0.0,inf,inf,inf,125.14,125.14
174,T2,BESTEFFORT,COMPLETED,m3-1,15.187,"{'m1-1': 103.97, 'm2-1': 10.5, 'm3-1': 1.0, 'm4-1': 112.05, 'm5-1': 10.64, 'm6-1': 4.68, 'm7-1': 1.04, 'm8-1': 5.03}",1.5,19.372,20.372,inf,125.187,125.187
175,T1,BESTEFFORT,CANCELLED,,15.317,"{'m1-1': 102.96, 'm2-1': 9.25, 'm3-1': 0.98, 'm4-1': 102.79, 'm5-1': 10.33, 'm6-1': 5.31, 'm7-1': 0.99, 'm8-1': 5.17}",0.0,inf,inf,inf,125.31700000000001,125.31700000000001
176,T9,BESTEFFORT,CANCELLED,,15.508,"{'m1-1': 107.35, 'm2-1': 9.53, 'm3-1': 0.98, 'm4-1': 104.24, 'm5-1': 10.47, 'm6-1': 4.7, 'm7-1': 1.1, 'm8-1': 4.82}",0.0,inf,inf,inf,125.508,125.508
177,T2,BESTEFFORT,COMPLETED,m3-1,15.589,"{'m1-1': 110.14, 'm2-1': 10.87, 'm3-1': 0.96, 'm4-1': 114.3, 'm5-1': 10.6, 'm6-1': 5.39, 'm7-1': 1.0, 'm8-1': 5.03}",1.44,24.212,25.172,inf,125.589,125.589
178,T8,BESTEFFORT,CANCELLED,,15.645,"{'m1-1': 99.21, 'm2-1': 10.72, 'm3-1': 1.12, 'm4-1': 105.11, 'm5-1': 10.82, 'm6-1': 5.36, 'm7-1': 1.09, 'm8-1': 4.99}",0.0,inf,inf,inf,125.645,125.645
179,T6,BESTEFFORT,CANCELLED,,15.758,"{'m1-1': 110.56, 'm2-1': 9.57, 'm3-1': 1.02, 'm4-1': 104.8, 'm5-1': 10.86, 'm6-1': 5.25, 'm7-1': 0.94, 'm8-1': 5.41}",0.0,inf,inf,inf,125.758,125.758
180,T1,BESTEFFORT,CANCELLED,,15.845,"{'m1-1': 114.42, 'm2-1': 9.35, 'm3-1': 1.11, 'm4-1': 103.22, 'm5-1': 10.62, 'm6-1': 5.0, 'm7-1': 0.97, 'm8-1': 5.25}",0.0,inf,inf,inf,125.845,125.845
181,T5,BESTEFFORT,CANCELLED,,15.864,"{'m1-1': 105.31, 'm2-1': 10.19, 'm3-1': 1.15, 'm4-1': 106.16, 'm5-1': 10.92, 'm6-1': 4.95, 'm7-1': 1.03, 'm8-1': 5.29}",0.0,inf,inf,inf,125.864,125.864
182,T1,BESTEFFORT,CANCELLED,,16.135,"{'m1-1': 110.69, 'm2-1': 9.9, 'm3-1': 0.98, 'm4-1': 107.14, 'm5-1': 10.93, 'm6-1': 4.87, 'm7-1': 0.98, 'm8-1': 5.09}",0.0,inf,inf,inf,126.135,126.135
183,T8,BESTEFFORT,CANCELLED,,16.308,"{'m1-1': 113.16, 'm2-1': 9.46, 'm3-1': 1.1, 'm4-1': 97.03, 'm5-1': 9.45, 'm6-1': 4.75, 'm7-1': 1.16, 'm8-1': 5.31}",0.0,inf,inf,inf,126.30799999999999,126.30799999999999
184,T7,BESTEFFORT,COMPLETED,m3-1,16.348,"{'m1-1': 109.42, 'm2-1': 10.95, 'm3-1': 0.97, 'm4-1': 105.21, 'm5-1': 9.99, 'm6-1': 4.99, 'm7-1': 1.19, 'm8-1': 5.56}",1.455,20.372,21.342,inf,126.348,126.348
185,T6,BESTEFFORT,CANCELLED,,16.442,"{'m1-1': 104.4, 'm2-1': 10.4, 'm3-1': 1.14, 'm4-1': 105.5, 'm5-1': 9.85, 'm6-1': 5.24, 'm7-1': 0.93, 'm8-1': 5.02}",0.0,inf,inf,inf,126.44200000000001,126.44200000000001
186,T2,BESTEFFORT,COMPLETED,m3-1,16.635,"{'m1-1': 102.31, 'm2-1': 10.49, 'm3-1': 0.93, 'm4-1': 113.69, 'm5-1': 11.28, 'm6-1': 5.43, 'm7-1': 1.03, 'm8-1': 5.16}",1.395,22.272,23.201999999999998,inf,126.635,126.635
187,T5,BESTEFFORT,CANCELLED,,16.719,"{'m1-1': 100.57, 'm2-1': 9.61, 'm3-1': 1.06, 'm4-1': 94.92, 'm5-1': 10.63, 'm6-1': 5.18, 'm7-1': 1.03, 'm8-1': 5.35}",0.0,inf,inf,inf,126.719,126.719
188,T10,BESTEFFORT,CANCELLED,,16.876,"{'m1-1': 105.08, 'm2-1': 9.47, 'm3-1': 1.13, 'm4-1': 107.21, 'm5-1': 10.28, 'm6-1': 5.44, 'm7-1': 1.02, 'm8-1': 5.37}",0.0,inf,inf,inf,126.876,126.876
189,T3,BESTEFFORT,COMPLETED,m7-1,16.89,"{'m1-1': 106.16, 'm2-1': 11.34, 'm3-1': 1.08, 'm4-1': 100.28, 'm5-1': 9.65, 'm6-1': 5.1, 'm7-1': 0.94, 'm8-1': 5.4}",1.41,121.80099999999999,122.74099999999999,inf,126.89,126.89
190,T7,BESTEFFORT,COMPLETED,m3-1,16.934,"{'m1-1': 102.96, 'm2-1': 9.87, 'm3-1': 0.96, 'm4-1': 98.0, 'm5-1': 10.95, 'm6-1': 5.0, 'm7-1': 1.1, 'm8-1': 5.54}",1.44,36.181999999999995,37.141999999999996,inf,126.934,126.934
191,T1,BESTEFFORT,COMPLETED,m8-1,16.991,"{'m1-1': 112.45, 'm2-1': 9.17, 'm3-1': 1.1, 'm4-1': 115.09, 'm5-1': 11.53, 'm6-1': 5.49, 'm7-1': 1.13, 'm8-1': 5.34}",8.01,36.087,41.42700000000001,inf,126.991,126.991
192,T4,BESTEFFORT,COMPLETED,m3-1,16.998,"{'m1-1': 114.33, 'm2-1': 10.51, 'm3-1': 1.02, 'm4-1': 110.99, 'm5-1': 10.47, 'm6-1': 4.91, 'm7-1': 0.99, 'm8-1': 5.47}",1.53,37.141999999999996,38.162,inf,126.998,126.998
193,T9,BESTEFFORT,COMPLETED,m3-1,17.272,"{'m1-1': 110.93, 'm2-1': 9.48, 'm3-1': 0.97, 'm4-1': 109.56, 'm5-1': 11.06, 'm6-1': 5.05, 'm7-1': 1.09, 'm8-1': 5.34}",1.455,38.162,39.132,inf,127.27199999999999,127.27199999999999
194,T4,BESTEFFORT,CANCELLED,,17.348,"{'m1-1': 110.58, 'm2-1': 10.57, 'm3-1': 1.01, 'm4-1': 103.56, 'm5-1': 10.54, 'm6-1': 4.77, 'm7-1': 1.08, 'm8-1': 4.92}",0.0,inf,inf,inf,127.348,127.348
195,T5,BESTEFFORT,CANCELLED,,17.377,"{'m1-1': 100.92, 'm2-1': 10.61, 'm3-1': 1.15, 'm4-1': 103.96, 'm5-1': 10.92, 'm6-1': 5.12, 'm7-1': 0.93, 'm8-1': 4.69}",0.0,inf,inf,inf,127.377,127.377
196,T2,BESTEFFORT,CANCELLED,,17.44,"{'m1-1': 109.01, 'm2-1': 11.36, 'm3-1': 1.07, 'm4-1': 109.95, 'm5-1': 11.22, 'm6-1': 5.33, 'm7-1': 1.04, 'm8-1': 4.99}",0.0,inf,inf,inf,127.44,127.44
197,T9,BESTEFFORT,CANCELLED,,17.453,"{'m1-1': 110.91, 'm2-1': 11.07, 'm3-1': 1.1, 'm4-1': 112.08, 'm5-1': 10.83, 'm6-1': 5.37, 'm7-1': 1.13, 'm8-1': 5.47}",0.0,inf,inf,inf,127.453,127.453
198,T9,BESTEFFORT,CANCELLED,,17.695,"{'m1-1': 100.98, 'm2-1': 10.68, 'm3-1': 1.15, 'm4-1': 105.91, 'm5-1': 10.07, 'm6-1': 5.02, 'm7-1': 1.08, 'm8-1': 5.4}",0.0,inf,inf,inf,127.695,127.695
199,T6,BESTEFFORT,COMPLETED,m7-1,17.742,"{'m1-1': 113.78, 'm2-1': 9.69, 'm3-1': 1.09, 'm4-1': 113.62, 'm5-1': 10.88, 'm6-1': 5.54, 'm7-1': 0.95, 'm8-1': 4.86}",1.4249999999999998,24.511999999999997,25.461999999999996,inf,127.742,127.742
200,T5,BESTEFFORT,MISSED,m1-1,17.851,"{'m1-1': 108.98, 'm2-1': 10.3, 'm3-1': 1.03, 'm4-1': 112.34, 'm5-1': 9.56, 'm6-1': 5.46, 'm7-1': 1.04, 'm8-1': 4.94}",21.585,113.461,inf,127.851,127.851,127.851
201,T8,BESTEFFORT,MISSED,m8-1,17.924,"{'m1-1': 110.46, 'm2-1': 10.42, 'm3-1': 1.06, 'm4-1': 105.81, 'm5-1': 10.91, 'm6-1': 5.29, 'm7-1': 1.17, 'm8-1': 5.02}",5.724000000000004,124.108,inf,127.924,127.924,127.924
202,T7,BESTEFFORT,CANCELLED,,17.946,"{'m1-1': 98.74, 'm2-1': 10.56, 'm3-1': 0.96, 'm4-1': 101.79, 'm5-1': 9.86, 'm6-1': 4.82, 'm7-1': 1.06, 'm8-1': 5.58}",0.0,inf,inf,inf,127.946,127.946
203,T10,BESTEFFORT,CANCELLED,,17.98,"{'m1-1': 97.04, 'm2-1': 9.7, 'm3-1': 0.99, 'm4-1': 97.86, 'm5-1': 10.11, 'm6-1': 4.81, 'm7-1': 1.08, 'm8-1': 5.23}",0.0,inf,inf,inf,127.98,127.98
204,T7,BESTEFFORT,COMPLETED,m3-1,17.993,"{'m1-1': 98.74, 'm2-1': 10.94, 'm3-1': 0.93, 'm4-1': 102.0, 'm5-1': 9.56, 'm6-1': 5.45, 'm7-1': 1.14, 'm8-1': 5.31}",1.395,21.342,22.272,inf,127.993,127.993
205,T1,BESTEFFORT,MISSED,m6-1,18.025,"{'m1-1': 102.6, 'm2-1': 9.86, 'm3-1': 1.02, 'm4-1': 110.38, 'm5-1': 11.02, 'm6-1': 4.8, 'm7-1': 1.03, 'm8-1': 4.8}",1.6095000000000113,126.952,inf,128.025,128.025,128.025
206,T1,BESTEFFORT,CANCELLED,,18.093,"{'m1-1': 116.8, 'm2-1': 9.18, 'm3-1': 1.08, 'm4-1': 112.18, 'm5-1': 9.87, 'm6-1': 4.71, 'm7-1': 1.06, 'm8-1': 4.62}",0.0,inf,inf,inf,128.093,128.093
207,T6,BESTEFFORT,COMPLETED,m7-1,18.093,"{'m1-1': 99.68, 'm2-1': 9.56, 'm3-1': 1.01, 'm4-1': 102.43, 'm5-1': 9.82, 'm6-1': 5.63, 'm7-1': 0.99, 'm8-1': 5.14}",1.4849999999999999,21.461999999999996,22.451999999999995,inf,128.093,128.093
208,T1,BESTEFFORT,CANCELLED,,18.111,"{'m1-1': 107.68, 'm2-1': 10.78, 'm3-1': 0.99, 'm4-1': 105.21, 'm5-1': 10.11, 'm6-1': 4.77, 'm7-1': 1.09, 'm8-1': 5.26}",0.0,inf,inf,inf,128.111,128.111
209,T6,BESTEFFORT,COMPLETED,m7-1,18.164,"{'m1-1': 118.42, 'm2-1': 9.91, 'm3-1': 1.08, 'm4-1': 109.14, 'm5-1': 10.29, 'm6-1': 5.26, 'm7-1': 1.05, 'm8-1': 5.57}",1.5750000000000002,25.461999999999996,26.511999999999997,inf,128.164,128.164
210,T10,BESTEFFORT,CANCELLED,,18.179,"{'m1-1': 99.36, 'm2-1': 9.31, 'm3-1': 1.13, 'm4-1': 95.18, 'm5-1': 10.43, 'm6-1': 5.13, 'm7-1': 1.08, 'm8-1': 5.03}",0.0,inf,inf,inf,128.179,128.179
211,T2,BESTEFFORT,CANCELLED,,18.232,"{'m1-1': 107.93, 'm2-1': 10.55, 'm3-1': 1.09, 'm4-1': 113.74, 'm5-1': 10.0, 'm6-1': 5.18, 'm7-1': 1.09, 'm8-1': 5.31}",0.0,inf,inf,inf,128.232,128.232
212,T5,BESTEFFORT,CANCELLED,,18.275,"{'m1-1': 93.05, 'm2-1': 10.13, 'm3-1': 1.13, 'm4-1': 110.18, 'm5-1': 10.57, 'm6-1': 5.33, 'm7-1': 0.94, 'm8-1': 5.13}",0.0,inf,inf,inf,128.275,128.275
213,T5,BESTEFFORT,CANCELLED,,18.3,"{'m1-1': 105.93, 'm2-1': 10.51, 'm3-1': 1.11, 'm4-1': 104.44, 'm5-1': 10.89, 'm6-1': 5.12, 'm7-1': 1.06, 'm8-1': 5.35}",0.0,inf,inf,inf,128.3,128.3
214,T7,BESTEFFORT,COMPLETED,m3-1,18.598,"{'m1-1': 94.95, 'm2-1': 10.32, 'm3-1': 0.95, 'm4-1': 100.92, 'm5-1': 9.76, 'm6-1': 5.18, 'm7-1': 1.17, 'm8-1': 5.6}",1.4249999999999998,28.232,29.182,inf,128.598,128.598
215,T4,BESTEFFORT,CANCELLED,,18.628,"{'m1-1': 102.17, 'm2-1': 9.48, 'm3-1': 1.0, 'm4-1': 112.2, 'm5-1': 10.75, 'm6-1': 4.82, 'm7-1': 1.0, 'm8-1': 5.47}",0.0,inf,inf,inf,128.628,128.628
216,T3,BESTEFFORT,CANCELLED,,18.885,"{'m1-1': 113.0, 'm2-1': 10.0, 'm3-1': 1.08, 'm4-1': 111.81, 'm5-1': 10.78, 'm6-1': 5.31, 'm7-1': 0.98, 'm8-1': 5.19}",0.0,inf,inf,inf,128.885,128.885
217,T8,BESTEFFORT,CANCELLED,,18.917,"{'m1-1': 103.07, 'm2-1': 10.88, 'm3-1': 1.09, 'm4-1': 98.88, 'm5-1': 10.38, 'm6-1': 5.17, 'm7-1': 1.06, 'm8-1': 5.13}",0.0,inf,inf,inf,128.917,128.917
218,T5,BESTEFFORT,CANCELLED,,19.017,"{'m1-1': 99.82, 'm2-1': 9.62, 'm3-1': 1.12, 'm4-1': 98.1, 'm5-1': 11.05, 'm6-1': 5.12, 'm7-1': 0.92, 'm8-1': 5.35}",0.0,inf,inf,inf,129.017,129.017
219,T2,BESTEFFORT,COMPLETED,m3-1,19.07,"{'m1-1': 100.27, 'm2-1': 11.3, 'm3-1': 1.01, 'm4-1': 112.3, 'm5-1': 10.47, 'm6-1': 5.49, 'm7-1': 0.97, 'm8-1': 5.36}",1.5150000000000001,23.201999999999998,24.212,inf,129.07,129.07
220,T3,BESTEFFORT,CANCELLED,,19.213,"{'m1-1': 95.78, 'm2-1': 11.66, 'm3-1': 0.92, 'm4-1': 107.02, 'm5-1': 9.66, 'm6-1': 5.34, 'm7-1': 0.94, 'm8-1': 4.96}",0.0,inf,inf,inf,129.213,129.213
221,T2,BESTEFFORT,COMPLETED,m8-1,19.307,"{'m1-1': 102.16, 'm2-1': 10.4, 'm3-1': 1.02, 'm4-1': 103.27, 'm5-1': 9.84, 'm6-1': 4.93, 'm7-1': 0.97, 'm8-1': 5.47}",8.205,46.41700000000001,51.88700000000001,inf,129.307,129.307
222,T5,BESTEFFORT,CANCELLED,,19.367,"{'m1-1': 102.66, 'm2-1': 9.71, 'm3-1': 1.0, 'm4-1': 95.78, 'm5-1': 9.61, 'm6-1': 5.0, 'm7-1': 1.07, 'm8-1': 4.95}",0.0,inf,inf,inf,129.367,129.367
223,T3,BESTEFFORT,COMPLETED,m3-1,19.413,"{'m1-1': 108.23, 'm2-1': 11.24, 'm3-1': 0.98, 'm4-1': 102.92, 'm5-1': 10.33, 'm6-1': 4.74, 'm7-1': 1.06, 'm8-1': 4.79}",1.47,30.192,31.172,inf,129.413,129.413
224,T1,BESTEFFORT,CANCELLED,,19.437,"{'m1-1': 111.7, 'm2-1': 9.19, 'm3-1': 1.15, 'm4-1': 103.15, 'm5-1': 11.29, 'm6-1': 5.11, 'm7-1': 0.97, 'm8-1': 5.33}",0.0,inf,inf,inf,129.437,129.437
225,T3,BESTEFFORT,CANCELLED,,19.576,"{'m1-1': 110.15, 'm2-1': 11.6, 'm3-1': 1.04, 'm4-1': 111.36, 'm5-1': 10.22, 'm6-1': 5.38, 'm7-1': 1.04, 'm8-1': 5.12}",0.0,inf,inf,inf,129.576,129.576
226,T5,BESTEFFORT,CANCELLED,,19.577,"{'m1-1': 108.95, 'm2-1': 9.95, 'm3-1': 1.16, 'm4-1': 111.98, 'm5-1': 10.68, 'm6-1': 5.46, 'm7-1': 0.97, 'm8-1': 4.91}",0.0,inf,inf,inf,129.577,129.577
227,T5,BESTEFFORT,CANCELLED,,19.623,"{'m1-1': 98.44, 'm2-1': 9.98, 'm3-1': 1.17, 'm4-1': 96.71, 'm5-1': 10.21, 'm6-1': 5.0, 'm7-1': 1.06, 'm8-1': 4.9}",0.0,inf,inf,inf,129.623,129.623
228,T6,BESTEFFORT,COMPLETED,m7-1,19.708,"{'m1-1': 106.61, 'm2-1': 10.65, 'm3-1': 1.06, 'm4-1': 112.59, 'm5-1': 10.22, 'm6-1': 5.27, 'm7-1': 1.1, 'm8-1': 5.07}",1.6500000000000001,23.411999999999995,24.511999999999997,inf,129.708,129.708
229,T4,BESTEFFORT,CANCELLED,,19.757,"{'m1-1': 103.51, 'm2-1': 10.57, 'm3-1': 1.05, 'm4-1': 102.51, 'm5-1': 10.52, 'm6-1': 4.85, 'm7-1': 1.03, 'm8-1': 5.02}",0.0,inf,inf,inf,129.757,129.757
230,T10,BESTEFFORT,CANCELLED,,19.793,"{'m1-1': 111.31, 'm2-1': 10.05, 'm3-1': 1.06, 'm4-1': 97.12, 'm5-1': 10.87, 'm6-1': 5.59, 'm7-1': 1.06, 'm8-1': 5.26}",0.0,inf,inf,inf,129.793,129.793
231,T10,BESTEFFORT,CANCELLED,,20.016,"{'m1-1': 102.06, 'm2-1': 10.51, 'm3-1': 1.01, 'm4-1': 111.14, 'm5-1': 11.17, 'm6-1': 5.44, 'm7-1': 1.01, 'm8-1': 5.17}",0.0,inf,inf,inf,130.016,130.016
232,T1,BESTEFFORT,CANCELLED,,20.057,"{'m1-1': 103.06, 'm2-1': 10.76, 'm3-1': 1.06, 'm4-1': 104.41, 'm5-1': 10.55, 'm6-1': 4.68, 'm7-1': 1.09, 'm8-1': 5.23}",0.0,inf,inf,inf,130.057,130.057
233,T3,BESTEFFORT,COMPLETED,m7-1,20.304,"{'m1-1': 107.68, 'm2-1': 11.48, 'm3-1': 0.99, 'm4-1': 94.58, 'm5-1': 10.13, 'm6-1': 4.66, 'm7-1': 0.93, 'm8-1': 4.95}",1.395,122.74099999999999,123.67099999999999,inf,130.304,130.304
234,T10,BESTEFFORT,CANCELLED,,20.323,"{'m1-1': 100.66, 'm2-1': 10.04, 'm3-1': 1.0, 'm4-1': 103.24, 'm5-1': 10.9, 'm6-1': 4.99, 'm7-1': 1.03, 'm8-1': 5.2}",0.0,inf,inf,inf,130.323,130.323
235,T9,BESTEFFORT,CANCELLED,,20.51,"{'m1-1': 104.76, 'm2-1': 10.45, 'm3-1': 1.0, 'm4-1': 105.17, 'm5-1': 10.7, 'm6-1': 4.95, 'm7-1': 0.98, 'm8-1': 4.82}",0.0,inf,inf,inf,130.51,130.51
236,T9,BESTEFFORT,CANCELLED,,20.547,"{'m1-1': 100.36, 'm2-1': 10.82, 'm3-1': 1.05, 'm4-1': 99.11, 'm5-1': 10.79, 'm6-1': 4.87, 'm7-1': 0.96, 'm8-1': 5.38}",0.0,inf,inf,inf,130.547,130.547
237,T9,BESTEFFORT,CANCELLED,,20.624,"{'m1-1': 97.88, 'm2-1': 10.82, 'm3-1': 1.05, 'm4-1': 114.06, 'm5-1': 11.42, 'm6-1': 5.54, 'm7-1': 1.0, 'm8-1': 5.11}",0.0,inf,inf,inf,130.624,130.624
238,T9,BESTEFFORT,CANCELLED,,20.679,"{'m1-1': 104.62, 'm2-1': 10.88, 'm3-1': 1.02, 'm4-1': 107.17, 'm5-1': 10.92, 'm6-1': 5.14, 'm7-1': 1.0, 'm8-1': 5.53}",0.0,inf,inf,inf,130.679,130.679
239,T10,BESTEFFORT,COMPLETED,m3-1,20.705,"{'m1-1': 107.91, 'm2-1': 10.84, 'm3-1': 1.1, 'm4-1': 101.56, 'm5-1': 10.76, 'm6-1': 5.14, 'm7-1': 1.0, 'm8-1': 5.46}",1.6500000000000001,120.202,121.30199999999999,inf,130.70499999999998,130.70499999999998
240,T8,BESTEFFORT,CANCELLED,,20.712,"{'m1-1': 96.77, 'm2-1': 9.99, 'm3-1': 1.02, 'm4-1': 98.94, 'm5-1': 11.16, 'm6-1': 5.49, 'm7-1': 1.1, 'm8-1': 4.62}",0.0,inf,inf,inf,130.712,130.712
241,T4,BESTEFFORT,COMPLETED,m7-1,20.93,"{'m1-1': 115.06, 'm2-1': 10.5, 'm3-1': 1.0, 'm4-1': 106.02, 'm5-1': 11.12, 'm6-1': 5.52, 'm7-1': 1.06, 'm8-1': 5.16}",1.59,26.511999999999997,27.571999999999996,inf,130.93,130.93
242,T7,BESTEFFORT,COMPLETED,m6-1,21.002,"{'m1-1': 98.66, 'm2-1': 10.31, 'm3-1': 1.09, 'm4-1': 109.38, 'm5-1': 10.18, 'm6-1': 5.36, 'm7-1': 1.06, 'm8-1': 4.85}",8.040000000000001,50.892,56.252,inf,131.002,131.002
243,T10,BESTEFFORT,CANCELLED,,21.374,"{'m1-1': 111.44, 'm2-1': 9.47, 'm3-1': 1.11, 'm4-1': 97.63, 'm5-1': 10.16, 'm6-1': 5.16, 'm7-1': 1.11, 'm8-1': 5.06}",0.0,inf,inf,inf,131.374,131.374
244,T6,BESTEFFORT,CANCELLED,,21.445,"{'m1-1': 114.82, 'm2-1': 9.4, 'm3-1': 1.07, 'm4-1': 118.58, 'm5-1': 10.75, 'm6-1': 5.8, 'm7-1': 0.98, 'm8-1': 5.63}",0.0,inf,inf,inf,131.445,131.445
245,T7,BESTEFFORT,COMPLETED,m3-1,21.563,"{'m1-1': 97.8, 'm2-1': 10.8, 'm3-1': 0.95, 'm4-1': 103.68, 'm5-1': 10.19, 'm6-1': 5.04, 'm7-1': 1.18, 'm8-1': 5.61}",1.4249999999999998,25.172,26.122,inf,131.563,131.563
246,T10,BESTEFFORT,MISSED,m8-1,22.041,"{'m1-1': 103.04, 'm2-1': 10.4, 'm3-1': 0.97, 'm4-1': 111.18, 'm5-1': 10.85, 'm6-1': 5.15, 'm7-1': 0.97, 'm8-1': 4.74}",6.175499999999985,127.924,inf,132.041,132.041,132.041
247,T6,BESTEFFORT,CANCELLED,,22.061,"{'m1-1': 115.75, 'm2-1': 10.43, 'm3-1': 1.12, 'm4-1': 117.05, 'm5-1': 10.64, 'm6-1': 5.1, 'm7-1': 0.97, 'm8-1': 5.1}",0.0,inf,inf,inf,132.061,132.061
248,T4,BESTEFFORT,CANCELLED,,22.072,"{'m1-1': 114.87, 'm2-1': 9.62, 'm3-1': 1.0, 'm4-1': 100.88, 'm5-1': 11.31, 'm6-1': 5.51, 'm7-1': 0.99, 'm8-1': 5.18}",0.0,inf,inf,inf,132.072,132.072
249,T8,BESTEFFORT,COMPLETED,m8-1,22.133,"{'m1-1': 101.23, 'm2-1': 10.64, 'm3-1': 1.06, 'm4-1': 99.7, 'm5-1': 10.06, 'm6-1': 5.46, 'm7-1': 1.09, 'm8-1': 4.99}",7.485,41.42700000000001,46.41700000000001,inf,132.133,132.133
250,T8,BESTEFFORT,CANCELLED,,22.152,"{'m1-1': 100.87, 'm2-1': 11.09, 'm3-1': 0.97, 'm4-1': 99.91, 'm5-1': 10.19, 'm6-1': 5.57, 'm7-1': 1.16, 'm8-1': 4.62}",0.0,inf,inf,inf,132.152,132.152
251,T10,BESTEFFORT,MISSED,m5-1,22.247,"{'m1-1': 98.86, 'm2-1': 10.66, 'm3-1': 1.06, 'm4-1': 97.2, 'm5-1': 9.48, 'm6-1': 5.47, 'm7-1': 0.97, 'm8-1': 5.2}",13.216500000000032,123.43599999999999,inf,132.247,132.247,132.247
252,T10,BESTEFFORT,MISSED,m5-1,22.314,"{'m1-1': 106.01, 'm2-1': 9.48, 'm3-1': 1.14, 'm4-1': 107.24, 'm5-1': 11.11, 'm6-1': 4.74, 'm7-1': 1.13, 'm8-1': 4.74}",0.0,142.667,inf,142.667,132.314,132.314
253,T7,BESTEFFORT,CANCELLED,,22.454,"{'m1-1': 95.0, 'm2-1': 9.66, 'm3-1': 1.04, 'm4-1': 102.45, 'm5-1': 10.86, 'm6-1': 5.02, 'm7-1': 1.07, 'm8-1': 4.91}",0.0,inf,inf,inf,132.454,132.454
254,T8,BESTEFFORT,CANCELLED,,22.473,"{'m1-1': 103.0, 'm2-1': 10.25, 'm3-1': 1.1, 'm4-1': 108.65, 'm5-1': 10.88, 'm6-1': 5.25, 'm7-1': 1.08, 'm8-1': 5.42}",0.0,inf,inf,inf,132.473,132.473
255,T3,BESTEFFORT,COMPLETED,m3-1,22.497,"{'m1-1': 96.76, 'm2-1': 10.42, 'm3-1': 1.06, 'm4-1': 100.44, 'm5-1': 9.98, 'm6-1': 4.66, 'm7-1': 1.01, 'm8-1': 4.85}",1.59,26.122,27.182,inf,132.497,132.497
256,T10,BESTEFFORT,CANCELLED,,22.552,"{'m1-1': 102.37, 'm2-1': 9.69, 'm3-1': 1.12, 'm4-1': 109.78, 'm5-1': 9.43, 'm6-1': 5.53, 'm7-1': 1.15, 'm8-1': 5.36}",0.0,inf,inf,inf,132.552,132.552
257,T5,BESTEFFORT,COMPLETED,m7-1,22.623,"{'m1-1': 106.34, 'm2-1': 9.72, 'm3-1': 1.18, 'm4-1': 97.75, 'm5-1': 9.63, 'm6-1': 5.52, 'm7-1': 0.95, 'm8-1': 4.77}",1.4249999999999998,123.67099999999999,124.621,inf,132.623,132.623
258,T9,BESTEFFORT,COMPLETED,m7-1,22.644,"{'m1-1': 109.41, 'm2-1': 9.85, 'm3-1': 1.06, 'm4-1': 103.76, 'm5-1': 10.61, 'm6-1': 5.45, 'm7-1': 1.08, 'm8-1': 5.0}",1.62,124.621,125.701,inf,132.644,132.644
259,T1,BESTEFFORT,CANCELLED,,22.677,"{'m1-1': 105.47, 'm2-1': 9.9, 'm3-1': 1.09, 'm4-1': 103.31, 'm5-1': 9.78, 'm6-1': 5.52, 'm7-1': 0.96, 'm8-1': 4.75}",0.0,inf,inf,inf,132.677,132.677
260,T4,BESTEFFORT,COMPLETED,m7-1,22.967,"{'m1-1': 115.98, 'm2-1': 10.63, 'm3-1': 1.04, 'm4-1': 102.17, 'm5-1': 9.64, 'm6-1': 5.07, 'm7-1': 1.04, 'm8-1': 5.7}",1.56,32.63199999999999,33.67199999999999,inf,132.96699999999998,132.96699999999998
261,T8,BESTEFFORT,CANCELLED,,23.029,"{'m1-1': 113.31, 'm2-1': 9.73, 'm3-1': 1.06, 'm4-1': 110.92, 'm5-1': 9.61, 'm6-1': 5.4, 'm7-1': 1.15, 'm8-1': 4.59}",0.0,inf,inf,inf,133.029,133.029
262,T4,BESTEFFORT,CANCELLED,,23.133,"{'m1-1': 112.93, 'm2-1': 10.46, 'm3-1': 0.97, 'm4-1': 108.79, 'm5-1': 9.89, 'm6-1': 5.52, 'm7-1': 1.02, 'm8-1': 4.97}",0.0,inf,inf,inf,133.133,133.133
263,T6,BESTEFFORT,COMPLETED,m7-1,23.23,"{'m1-1': 109.64, 'm2-1': 10.61, 'm3-1': 1.09, 'm4-1': 108.07, 'm5-1': 9.79, 'm6-1': 5.35, 'm7-1': 1.06, 'm8-1': 4.86}",1.59,125.701,126.761,inf,133.23,133.23
264,T6,BESTEFFORT,CANCELLED,,23.262,"{'m1-1': 103.78, 'm2-1': 9.79, 'm3-1': 1.11, 'm4-1': 100.54, 'm5-1': 11.0, 'm6-1': 5.45, 'm7-1': 1.09, 'm8-1': 5.37}",0.0,inf,inf,inf,133.262,133.262
265,T3,BESTEFFORT,COMPLETED,m3-1,23.284,"{'m1-1': 99.5, 'm2-1': 10.48, 'm3-1': 1.05, 'm4-1': 111.87, 'm5-1': 10.9, 'm6-1': 4.64, 'm7-1': 0.95, 'm8-1': 5.06}",1.5750000000000002,27.182,28.232,inf,133.284,133.284
266,T1,BESTEFFORT,COMPLETED,m2-1,23.423,"{'m1-1': 104.42, 'm2-1': 9.28, 'm3-1': 1.0, 'm4-1': 105.34, 'm5-1': 10.44, 'm6-1': 5.25, 'm7-1': 1.13, 'm8-1': 5.13}",13.919999999999998,73.73,83.01,inf,133.423,133.423
267,T6,BESTEFFORT,CANCELLED,,23.449,"{'m1-1': 109.42, 'm2-1': 10.12, 'm3-1': 1.12, 'm4-1': 108.46, 'm5-1': 10.64, 'm6-1': 5.55, 'm7-1': 0.93, 'm8-1': 5.63}",0.0,inf,inf,inf,133.449,133.449
268,T9,BESTEFFORT,CANCELLED,,23.491,"{'m1-1': 114.66, 'm2-1': 10.65, 'm3-1': 1.13, 'm4-1': 105.25, 'm5-1': 11.33, 'm6-1': 5.05, 'm7-1': 1.08, 'm8-1': 5.38}",0.0,inf,inf,inf,133.49099999999999,133.49099999999999
269,T4,BESTEFFORT,CANCELLED,,23.557,"{'m1-1': 112.58, 'm2-1': 10.75, 'm3-1': 0.96, 'm4-1': 108.5, 'm5-1': 9.96, 'm6-1': 5.3, 'm7-1': 1.07, 'm8-1': 5.28}",0.0,inf,inf,inf,133.557,133.557
270,T6,BESTEFFORT,CANCELLED,,23.601,"{'m1-1': 107.1, 'm2-1': 10.19, 'm3-1': 1.04, 'm4-1': 110.63, 'm5-1': 9.91, 'm6-1': 5.94, 'm7-1': 1.09, 'm8-1': 5.62}",0.0,inf,inf,inf,133.601,133.601
271,T2,BESTEFFORT,COMPLETED,m6-1,23.616,"{'m1-1': 108.5, 'm2-1': 11.57, 'm3-1': 1.04, 'm4-1': 112.69, 'm5-1': 9.61, 'm6-1': 5.07, 'm7-1': 0.99, 'm8-1': 4.96}",7.605,61.492000000000004,66.56200000000001,inf,133.61599999999999,133.61599999999999
272,T1,BESTEFFORT,COMPLETED,m7-1,23.672,"{'m1-1': 105.74, 'm2-1': 9.76, 'm3-1': 1.01, 'm4-1': 109.94, 'm5-1': 10.28, 'm6-1': 4.95, 'm7-1': 0.96, 'm8-1': 5.26}",1.44,37.58199999999999,38.54199999999999,inf,133.672,133.672
273,T8,BESTEFFORT,CANCELLED,,24.001,"{'m1-1': 107.8, 'm2-1': 9.59, 'm3-1': 1.05, 'm4-1': 102.55, 'm5-1': 9.67, 'm6-1': 4.73, 'm7-1': 1.07, 'm8-1': 4.94}",0.0,inf,inf,inf,134.001,134.001
274,T1,BESTEFFORT,CANCELLED,,24.142,"{'m1-1': 106.02, 'm2-1': 9.45, 'm3-1': 0.98, 'm4-1': 103.45, 'm5-1': 10.34, 'm6-1': 4.83, 'm7-1': 1.08, 'm8-1': 4.69}",0.0,inf,inf,inf,134.142,134.142
275,T6,BESTEFFORT,CANCELLED,,24.224,"{'m1-1': 109.28, 'm2-1': 9.47, 'm3-1': 1.03, 'm4-1': 104.59, 'm5-1': 10.05, 'm6-1': 5.06, 'm7-1': 0.99, 'm8-1': 5.39}",0.0,inf,inf,inf,134.224,134.224
276,T6,BESTEFFORT,COMPLETED,m7-1,24.418,"{'m1-1': 107.3, 'm2-1': 9.44, 'm3-1': 1.1, 'm4-1': 105.01, 'm5-1': 9.79, 'm6-1': 5.18, 'm7-1': 0.96, 'm8-1': 5.28}",1.44,27.571999999999996,28.531999999999996,inf,134.418,134.418
277,T2,BESTEFFORT,CANCELLED,,24.448,"{'m1-1': 103.11, 'm2-1': 10.01, 'm3-1': 1.04, 'm4-1': 106.79, 'm5-1': 11.27, 'm6-1': 4.95, 'm7-1': 1.03, 'm8-1': 5.22}",0.0,inf,inf,inf,134.448,134.448
278,T10,BESTEFFORT,COMPLETED,m3-1,24.534,"{'m1-1': 111.16, 'm2-1': 10.6, 'm3-1': 1.11, 'm4-1': 108.28, 'm5-1': 10.42, 'm6-1': 5.13, 'm7-1': 1.11, 'm8-1': 5.4}",1.665,121.30199999999999,122.41199999999999,inf,134.534,134.534
279,T10,BESTEFFORT,COMPLETED,m3-1,24.61,"{'m1-1': 112.06, 'm2-1': 10.15, 'm3-1': 1.03, 'm4-1': 106.67, 'm5-1': 11.04, 'm6-1': 5.2, 'm7-1': 1.15, 'm8-1': 4.7}",1.545,40.172,41.202,inf,134.61,134.61
280,T5,BESTEFFORT,CANCELLED,,24.633,"{'m1-1': 93.03, 'm2-1': 9.94, 'm3-1': 1.11, 'm4-1': 110.86, 'm5-1': 9.43, 'm6-1': 4.8, 'm7-1': 1.0, 'm8-1': 4.8}",0.0,inf,inf,inf,134.633,134.633
281,T4,BESTEFFORT,CANCELLED,,24.812,"{'m1-1': 101.28, 'm2-1': 9.83, 'm3-1': 1.0, 'm4-1': 100.04, 'm5-1': 10.1, 'm6-1': 5.5, 'm7-1': 1.0, 'm8-1': 5.08}",0.0,inf,inf,inf,134.812,134.812
282,T9,BESTEFFORT,CANCELLED,,24.958,"{'m1-1': 103.14, 'm2-1': 10.29, 'm3-1': 1.07, 'm4-1': 108.75, 'm5-1': 10.25, 'm6-1': 5.37, 'm7-1': 1.1, 'm8-1': 5.66}",0.0,inf,inf,inf,134.958,134.958
283,T5,BESTEFFORT,COMPLETED,m7-1,25.092,"{'m1-1': 108.41, 'm2-1': 9.48, 'm3-1': 1.07, 'm4-1': 99.0, 'm5-1': 10.6, 'm6-1': 5.24, 'm7-1': 1.05, 'm8-1': 5.09}",1.5750000000000002,126.761,127.81099999999999,inf,135.09199999999998,135.09199999999998
284,T6,BESTEFFORT,COMPLETED,m5-1,25.155,"{'m1-1': 109.33, 'm2-1': 10.85, 'm3-1': 1.15, 'm4-1': 118.74, 'm5-1': 10.83, 'm6-1': 5.27, 'm7-1': 0.96, 'm8-1': 5.67}",16.245,61.01599999999999,71.84599999999999,inf,135.155,135.155
285,T5,BESTEFFORT,COMPLETED,m7-1,25.307,"{'m1-1': 95.1, 'm2-1': 9.83, 'm3-1': 1.15, 'm4-1': 104.18, 'm5-1': 10.0, 'm6-1': 5.37, 'm7-1': 1.06, 'm8-1': 5.47}",1.59,28.531999999999996,29.591999999999995,inf,135.307,135.307
286,T1,BESTEFFORT,CANCELLED,,25.5,"{'m1-1': 109.32, 'm2-1': 10.18, 'm3-1': 1.14, 'm4-1': 117.38, 'm5-1': 10.58, 'm6-1': 4.8, 'm7-1': 0.98, 'm8-1': 4.97}",0.0,inf,inf,inf,135.5,135.5
287,T4,BESTEFFORT,COMPLETED,m3-1,25.506,"{'m1-1': 112.25, 'm2-1': 10.48, 'm3-1': 1.02, 'm4-1': 109.91, 'm5-1': 11.23, 'm6-1': 4.95, 'm7-1': 1.04, 'm8-1': 5.12}",1.53,31.172,32.192,inf,135.506,135.506
288,T3,BESTEFFORT,CANCELLED,,25.63,"{'m1-1': 105.62, 'm2-1': 11.26, 'm3-1': 1.06, 'm4-1': 95.55, 'm5-1': 10.31, 'm6-1': 4.65, 'm7-1': 1.06, 'm8-1': 5.01}",0.0,inf,inf,inf,135.63,135.63
289,T6,BESTEFFORT,COMPLETED,m7-1,25.675,"{'m1-1': 102.56, 'm2-1': 10.76, 'm3-1': 1.15, 'm4-1': 113.68, 'm5-1': 10.15, 'm6-1': 5.2, 'm7-1': 1.09, 'm8-1': 5.12}",1.6350000000000002,29.591999999999995,30.681999999999995,inf,135.675,135.675
290,T3,BESTEFFORT,COMPLETED,m6-1,25.727,"{'m1-1': 102.87, 'm2-1': 10.71, 'm3-1': 1.0, 'm4-1': 95.3, 'm5-1': 11.29, 'm6-1': 4.59, 'm7-1': 0.94, 'm8-1': 5.0}",6.885,41.622,46.212,inf,135.727,135.727
291,T10,BESTEFFORT,CANCELLED,,25.797,"{'m1-1': 111.42, 'm2-1': 9.64, 'm3-1': 1.08, 'm4-1': 102.63, 'm5-1': 9.64, 'm6-1': 4.99, 'm7-1': 0.98, 'm8-1': 5.13}",0.0,inf,inf,inf,135.797,135.797
292,T8,BESTEFFORT,CANCELLED,,25.808,"{'m1-1': 104.36, 'm2-1': 9.45, 'm3-1': 0.98, 'm4-1': 100.09, 'm5-1': 10.02, 'm6-1': 4.9, 'm7-1': 1.04, 'm8-1': 5.36}",0.0,inf,inf,inf,135.808,135.808
293,T7,BESTEFFORT,COMPLETED,m3-1,25.816,"{'m1-1': 97.96, 'm2-1': 10.82, 'm3-1': 1.01, 'm4-1': 97.62, 'm5-1': 11.04, 'm6-1': 5.44, 'm7-1': 1.18, 'm8-1': 5.26}",1.5150000000000001,29.182,30.192,inf,135.816,135.816
294,T2,BESTEFFORT,COMPLETED,m6-1,26.089,"{'m1-1': 100.74, 'm2-1': 11.56, 'm3-1': 1.08, 'm4-1': 107.53, 'm5-1': 11.24, 'm6-1': 4.85, 'm7-1': 1.04, 'm8-1': 5.33}",7.2749999999999995,128.025,132.875,inf,136.089,136.089
295,T1,BESTEFFORT,COMPLETED,m2-1,26.121,"{'m1-1': 117.67, 'm2-1': 10.49, 'm3-1': 1.0, 'm4-1': 112.15, 'm5-1': 10.19, 'm6-1': 5.18, 'm7-1': 0.97, 'm8-1': 5.1}",15.735,63.24,73.73,inf,136.121,136.121
296,T1,BESTEFFORT,MISSED,m2-1,26.272,"{'m1-1': 114.92, 'm2-1': 9.57, 'm3-1': 1.13, 'm4-1': 116.6, 'm5-1': 10.87, 'm6-1': 4.95, 'm7-1': 0.96, 'm8-1': 5.14}",0.0,152.64000000000001,inf,152.64000000000001,136.272,136.272
297,T6,BESTEFFORT,CANCELLED,,26.414,"{'m1-1': 114.02, 'm2-1': 9.58, 'm3-1': 1.11, 'm4-1': 116.18, 'm5-1': 11.02, 'm6-1': 5.4, 'm7-1': 1.05, 'm8-1': 5.38}",0.0,inf,inf,inf,136.414,136.414
298,T6,BESTEFFORT,COMPLETED,m7-1,26.633,"{'m1-1': 111.2, 'm2-1': 9.27, 'm3-1': 1.07, 'm4-1': 115.54, 'm5-1': 9.73, 'm6-1': 5.21, 'm7-1': 0.94, 'm8-1': 5.71}",1.41,38.54199999999999,39.481999999999985,inf,136.633,136.633
299,T8,BESTEFFORT,CANCELLED,,26.711,"{'m1-1': 97.57, 'm2-1': 10.83, 'm3-1': 1.0, 'm4-1': 108.1, 'm5-1': 9.87, 'm6-1': 5.38, 'm7-1': 1.0, 'm8-1': 5.16}",0.0,inf,inf,inf,136.711,136.711
300,T6,BESTEFFORT,CANCELLED,,26.739,"{'m1-1': 106.45, 'm2-1': 10.77, 'm3-1': 1.17, 'm4-1': 100.95, 'm5-1': 9.47, 'm6-1': 5.92, 'm7-1': 1.05, 'm8-1': 4.89}",0.0,inf,inf,inf,136.739,136.739
301,T5,BESTEFFORT,COMPLETED,m7-1,26.879,"{'m1-1': 104.07, 'm2-1': 10.6, 'm3-1': 1.06, 'm4-1': 105.67, 'm5-1': 10.9, 'm6-1': 5.15, 'm7-1': 0.96, 'm8-1': 4.77}",1.44,127.81099999999999,128.771,inf,136.879,136.879
302,T5,BESTEFFORT,CANCELLED,,26.929,"{'m1-1': 96.91, 'm2-1': 10.77, 'm3-1': 1.07, 'm4-1': 107.44, 'm5-1': 10.38, 'm6-1': 5.03, 'm7-1': 1.02, 'm8-1': 5.07}",0.0,inf,inf,inf,136.929,136.929
303,T4,BESTEFFORT,CANCELLED,,27.025,"{'m1-1': 118.45, 'm2-1': 11.18, 'm3-1': 1.01, 'm4-1': 97.08, 'm5-1': 11.12, 'm6-1': 4.87, 'm7-1': 0.96, 'm8-1': 5.18}",0.0,inf,inf,inf,137.025,137.025
304,T3,BESTEFFORT,COMPLETED,m6-1,27.157,"{'m1-1': 99.5, 'm2-1': 11.64, 'm3-1': 1.1, 'm4-1': 111.64, 'm5-1': 10.12, 'm6-1': 4.68, 'm7-1': 0.93, 'm8-1': 4.99}",7.02,46.212,50.892,inf,137.157,137.157
305,T5,BESTEFFORT,CANCELLED,,27.172,"{'m1-1': 100.07, 'm2-1': 10.81, 'm3-1': 1.04, 'm4-1': 109.46, 'm5-1': 10.12, 'm6-1': 4.72, 'm7-1': 1.07, 'm8-1': 4.92}",0.0,inf,inf,inf,137.172,137.172
306,T10,BESTEFFORT,CANCELLED,,27.226,"{'m1-1': 113.24, 'm2-1': 10.03, 'm3-1': 1.05, 'm4-1': 106.16, 'm5-1': 10.88, 'm6-1': 5.31, 'm7-1': 1.13, 'm8-1': 4.72}",0.0,inf,inf,inf,137.226,137.226
307,T4,BESTEFFORT,CANCELLED,,27.29,"{'m1-1': 101.81, 'm2-1': 9.98, 'm3-1': 1.04, 'm4-1': 101.16, 'm5-1': 9.76, 'm6-1': 4.98, 'm7-1': 0.96, 'm8-1': 5.73}",0.0,inf,inf,inf,137.29,137.29
308,T4,BESTEFFORT,COMPLETED,m3-1,27.346,"{'m1-1': 114.92, 'm2-1': 9.56, 'm3-1': 1.06, 'm4-1': 98.99, 'm5-1': 10.75, 'm6-1': 4.85, 'm7-1': 1.08, 'm8-1': 5.71}",1.59,32.192,33.252,inf,137.346,137.346
309,T4,BESTEFFORT,COMPLETED,m7-1,27.477,"{'m1-1': 114.44, 'm2-1': 10.37, 'm3-1': 1.05, 'm4-1': 103.32, 'm5-1': 11.05, 'm6-1': 5.09, 'm7-1': 0.95, 'm8-1': 5.12}",1.4249999999999998,30.681999999999995,31.631999999999994,inf,137.477,137.477
310,T1,BESTEFFORT,CANCELLED,,27.604,"{'m1-1': 108.8, 'm2-1': 10.66, 'm3-1': 1.14, 'm4-1': 104.36, 'm5-1': 11.09, 'm6-1': 5.02, 'm7-1': 1.12, 'm8-1': 5.13}",0.0,inf,inf,inf,137.60399999999998,137.60399999999998
311,T4,BESTEFFORT,COMPLETED,m7-1,27.647,"{'m1-1': 102.39, 'm2-1': 10.83, 'm3-1': 1.06, 'm4-1': 102.1, 'm5-1': 10.91, 'm6-1': 5.02, 'm7-1': 1.02, 'm8-1': 5.07}",1.53,53.441999999999986,54.46199999999999,inf,137.647,137.647
312,T8,BESTEFFORT,CANCELLED,,27.709,"{'m1-1': 96.91, 'm2-1': 10.98, 'm3-1': 1.01, 'm4-1': 95.24, 'm5-1': 11.08, 'm6-1': 4.87, 'm7-1': 1.04, 'm8-1': 4.82}",0.0,inf,inf,inf,137.709,137.709
313,T8,BESTEFFORT,CANCELLED,,27.755,"{'m1-1': 102.04, 'm2-1': 9.93, 'm3-1': 1.02, 'm4-1': 105.18, 'm5-1': 11.22, 'm6-1': 5.47, 'm7-1': 1.11, 'm8-1': 4.88}",0.0,inf,inf,inf,137.755,137.755
314,T1,BESTEFFORT,CANCELLED,,27.807,"{'m1-1': 111.7, 'm2-1': 9.25, 'm3-1': 1.08, 'm4-1': 117.4, 'm5-1': 10.2, 'm6-1': 5.16, 'm7-1': 0.96, 'm8-1': 4.75}",0.0,inf,inf,inf,137.807,137.807
315,T5,BESTEFFORT,CANCELLED,,28.037,"{'m1-1': 105.9, 'm2-1': 10.7, 'm3-1': 1.14, 'm4-1': 99.8, 'm5-1': 10.36, 'm6-1': 5.38, 'm7-1': 0.92, 'm8-1': 5.38}",0.0,inf,inf,inf,138.037,138.037
316,T3,BESTEFFORT,COMPLETED,m7-1,28.193,"{'m1-1': 95.99, 'm2-1': 10.81, 'm3-1': 0.93, 'm4-1': 109.33, 'm5-1': 10.36, 'm6-1': 5.26, 'm7-1': 1.0, 'm8-1': 4.84}",1.5,31.631999999999994,32.63199999999999,inf,138.193,138.193
317,T3,BESTEFFORT,COMPLETED,m6-1,28.228,"{'m1-1': 109.78, 'm2-1': 10.81, 'm3-1': 0.93, 'm4-1': 107.32, 'm5-1': 9.98, 'm6-1': 5.24, 'm7-1': 1.05, 'm8-1': 4.71}",7.86,56.252,61.492000000000004,inf,138.228,138.228
318,T9,BESTEFFORT,CANCELLED,,28.354,"{'m1-1': 104.95, 'm2-1': 10.92, 'm3-1': 1.14, 'm4-1': 97.72, 'm5-1': 9.78, 'm6-1': 5.29, 'm7-1': 1.05, 'm8-1': 5.25}",0.0,inf,inf,inf,138.35399999999998,138.35399999999998
319,T1,BESTEFFORT,CANCELLED,,28.688,"{'m1-1': 112.08, 'm2-1': 10.72, 'm3-1': 1.13, 'm4-1': 107.95, 'm5-1': 9.91, 'm6-1': 5.02, 'm7-1': 0.98, 'm8-1': 5.27}",0.0,inf,inf,inf,138.688,138.688
320,T3,BESTEFFORT,COMPLETED,m6-1,28.858,"{'m1-1': 107.68, 'm2-1': 10.54, 'm3-1': 0.98, 'm4-1': 111.42, 'm5-1': 10.78, 'm6-1': 5.35, 'm7-1': 1.08, 'm8-1': 4.71}",8.024999999999999,77.022,82.372,inf,138.858,138.858
321,T8,BESTEFFORT,CANCELLED,,28.886,"{'m1-1': 112.96, 'm2-1': 9.74, 'm3-1': 1.06, 'm4-1': 101.78, 'm5-1': 10.2, 'm6-1': 5.56, 'm7-1': 1.1, 'm8-1': 4.95}",0.0,inf,inf,inf,138.886,138.886
322,T8,BESTEFFORT,COMPLETED,m3-1,28.922,"{'m1-1': 109.43, 'm2-1': 9.95, 'm3-1': 1.14, 'm4-1': 107.94, 'm5-1': 10.7, 'm6-1': 5.51, 'm7-1': 1.1, 'm8-1': 5.2}",1.71,122.41199999999999,123.55199999999999,inf,138.922,138.922
323,T1,BESTEFFORT,CANCELLED,,28.937,"{'m1-1': 107.72, 'm2-1': 10.87, 'm3-1': 1.1, 'm4-1': 116.74, 'm5-1': 10.28, 'm6-1': 5.35, 'm7-1': 1.09, 'm8-1': 4.69}",0.0,inf,inf,inf,138.937,138.937
324,T7,BESTEFFORT,CANCELLED,,29.07,"{'m1-1': 94.29, 'm2-1': 10.96, 'm3-1': 1.07, 'm4-1': 97.76, 'm5-1': 9.44, 'm6-1': 5.46, 'm7-1': 1.18, 'm8-1': 4.94}",0.0,inf,inf,inf,139.07,139.07
325,T1,BESTEFFORT,COMPLETED,m2-1,29.374,"{'m1-1': 116.17, 'm2-1': 10.06, 'm3-1': 0.99, 'm4-1': 113.15, 'm5-1': 9.74, 'm6-1': 5.37, 'm7-1': 1.05, 'm8-1': 5.11}",15.09,93.23,103.29,inf,139.374,139.374
326,T5,BESTEFFORT,CANCELLED,,29.393,"{'m1-1': 106.57, 'm2-1': 9.94, 'm3-1': 1.1, 'm4-1': 104.18, 'm5-1': 9.45, 'm6-1': 4.76, 'm7-1': 0.93, 'm8-1': 4.93}",0.0,inf,inf,inf,139.393,139.393
327,T1,BESTEFFORT,CANCELLED,,29.842,"{'m1-1': 116.14, 'm2-1': 10.56, 'm3-1': 0.98, 'm4-1': 111.12, 'm5-1': 10.82, 'm6-1': 5.23, 'm7-1': 0.99, 'm8-1': 5.38}",0.0,inf,inf,inf,139.84199999999998,139.84199999999998
328,T3,BESTEFFORT,COMPLETED,m7-1,29.884,"{'m1-1': 96.11, 'm2-1': 10.86, 'm3-1': 0.95, 'm4-1': 111.15, 'm5-1': 9.54, 'm6-1': 4.85, 'm7-1': 1.03, 'm8-1': 5.5}",1.545,128.771,129.801,inf,139.88400000000001,139.88400000000001
329,T3,BESTEFFORT,CANCELLED,,29.899,"{'m1-1': 99.67, 'm2-1': 11.58, 'm3-1': 1.08, 'm4-1': 111.72, 'm5-1': 9.73, 'm6-1': 5.38, 'm7-1': 1.02, 'm8-1': 5.17}",0.0,inf,inf,inf,139.899,139.899
330,T3,BESTEFFORT,COMPLETED,m3-1,30.021,"{'m1-1': 113.65, 'm2-1': 11.82, 'm3-1': 1.01, 'm4-1': 97.21, 'm5-1': 10.15, 'm6-1': 5.12, 'm7-1': 0.98, 'm8-1': 4.77}",1.5150000000000001,33.252,34.262,inf,140.02100000000002,140.02100000000002
331,T7,BESTEFFORT,CANCELLED,,30.068,"{'m1-1': 101.36, 'm2-1': 10.58, 'm3-1': 0.96, 'm4-1': 108.59, 'm5-1': 10.62, 'm6-1': 5.13, 'm7-1': 1.05, 'm8-1': 5.73}",0.0,inf,inf,inf,140.068,140.068
332,T5,BESTEFFORT,COMPLETED,m6-1,30.072,"{'m1-1': 106.57, 'm2-1': 10.06, 'm3-1': 1.15, 'm4-1': 94.89, 'm5-1': 10.71, 'm6-1': 5.17, 'm7-1': 1.04, 'm8-1': 5.42}",7.755,97.06200000000001,102.23200000000001,inf,140.072,140.072
333,T3,BESTEFFORT,COMPLETED,m3-1,30.145,"{'m1-1': 102.85, 'm2-1': 11.27, 'm3-1': 1.07, 'm4-1': 100.78, 'm5-1': 9.61, 'm6-1': 5.15, 'm7-1': 0.94, 'm8-1': 5.27}",1.605,42.172,43.242,inf,140.145,140.145
334,T10,BESTEFFORT,CANCELLED,,30.146,"{'m1-1': 105.29, 'm2-1': 10.94, 'm3-1': 1.12, 'm4-1': 109.57, 'm5-1': 10.38, 'm6-1': 4.92, 'm7-1': 1.1, 'm8-1': 5.33}",0.0,inf,inf,inf,140.14600000000002,140.14600000000002
335,T6,BESTEFFORT,COMPLETED,m7-1,30.202,"{'m1-1': 107.64, 'm2-1': 9.37, 'm3-1': 1.05, 'm4-1': 112.56, 'm5-1': 10.67, 'm6-1': 5.49, 'm7-1': 0.93, 'm8-1': 5.57}",1.395,33.67199999999999,34.60199999999999,inf,140.202,140.202
336,T7,BESTEFFORT,COMPLETED,m3-1,30.277,"{'m1-1': 107.34, 'm2-1': 11.15, 'm3-1': 0.94, 'm4-1': 101.16, 'm5-1': 10.5, 'm6-1': 4.66, 'm7-1': 1.02, 'm8-1': 5.64}",1.41,34.262,35.202,inf,140.277,140.277
337,T4,BESTEFFORT,COMPLETED,m7-1,30.445,"{'m1-1': 102.94, 'm2-1': 10.17, 'm3-1': 1.01, 'm4-1': 101.42, 'm5-1': 10.54, 'm6-1': 5.37, 'm7-1': 0.93, 'm8-1': 5.51}",1.395,34.60199999999999,35.53199999999999,inf,140.445,140.445
338,T10,BESTEFFORT,CANCELLED,,30.483,"{'m1-1': 100.66, 'm2-1': 10.48, 'm3-1': 1.0, 'm4-1': 97.37, 'm5-1': 9.44, 'm6-1': 5.35, 'm7-1': 1.08, 'm8-1': 4.94}",0.0,inf,inf,inf,140.483,140.483
339,T1,BESTEFFORT,CANCELLED,,30.495,"{'m1-1': 112.67, 'm2-1': 9.41, 'm3-1': 1.15, 'm4-1': 107.59, 'm5-1': 9.78, 'm6-1': 5.5, 'm7-1': 1.09, 'm8-1': 4.78}",0.0,inf,inf,inf,140.495,140.495
340,T1,BESTEFFORT,CANCELLED,,30.495,"{'m1-1': 115.32, 'm2-1': 9.69, 'm3-1': 1.13, 'm4-1': 111.61, 'm5-1': 10.08, 'm6-1': 5.46, 'm7-1': 1.03, 'm8-1': 4.76}",0.0,inf,inf,inf,140.495,140.495
341,T3,BESTEFFORT,COMPLETED,m7-1,31.019,"{'m1-1': 113.34, 'm2-1': 9.95, 'm3-1': 1.06, 'm4-1': 105.24, 'm5-1': 9.56, 'm6-1': 5.31, 'm7-1': 1.04, 'm8-1': 5.43}",1.56,35.53199999999999,36.57199999999999,inf,141.019,141.019
342,T7,BESTEFFORT,CANCELLED,,31.034,"{'m1-1': 103.71, 'm2-1': 10.14, 'm3-1': 1.0, 'm4-1': 104.37, 'm5-1': 11.05, 'm6-1': 4.78, 'm7-1': 1.07, 'm8-1': 5.45}",0.0,inf,inf,inf,141.034,141.034
343,T9,BESTEFFORT,CANCELLED,,31.06,"{'m1-1': 106.45, 'm2-1': 11.17, 'm3-1': 1.05, 'm4-1': 105.92, 'm5-1': 10.97, 'm6-1': 5.47, 'm7-1': 1.01, 'm8-1': 4.9}",0.0,inf,inf,inf,141.06,141.06
344,T10,BESTEFFORT,CANCELLED,,31.061,"{'m1-1': 104.71, 'm2-1': 9.95, 'm3-1': 1.1, 'm4-1': 109.68, 'm5-1': 10.41, 'm6-1': 5.29, 'm7-1': 1.09, 'm8-1': 5.25}",0.0,inf,inf,inf,141.061,141.061
345,T2,BESTEFFORT,COMPLETED,m7-1,31.247,"{'m1-1': 106.24, 'm2-1': 11.76, 'm3-1': 1.04, 'm4-1': 116.77, 'm5-1': 10.51, 'm6-1': 4.68, 'm7-1': 0.96, 'm8-1': 5.33}",1.44,129.801,130.761,inf,141.247,141.247
346,T9,BESTEFFORT,CANCELLED,,31.435,"{'m1-1': 113.6, 'm2-1': 10.25, 'm3-1': 0.98, 'm4-1': 106.42, 'm5-1': 10.79, 'm6-1': 4.84, 'm7-1': 1.07, 'm8-1': 5.0}",0.0,inf,inf,inf,141.435,141.435
347,T9,BESTEFFORT,COMPLETED,m3-1,31.521,"{'m1-1': 115.2, 'm2-1': 10.55, 'm3-1': 1.05, 'm4-1': 114.19, 'm5-1': 9.64, 'm6-1': 5.4, 'm7-1': 0.98, 'm8-1': 5.56}",1.5750000000000002,43.242,44.291999999999994,inf,141.52100000000002,141.52100000000002
348,T10,BESTEFFORT,CANCELLED,,31.524,"{'m1-1': 113.19, 'm2-1': 9.47, 'm3-1': 1.11, 'm4-1': 110.97, 'm5-1': 9.73, 'm6-1': 5.37, 'm7-1': 0.97, 'm8-1': 5.3}",0.0,inf,inf,inf,141.524,141.524
349,T7,BESTEFFORT,CANCELLED,,31.604,"{'m1-1': 105.88, 'm2-1': 11.22, 'm3-1': 1.06, 'm4-1': 113.52, 'm5-1': 9.53, 'm6-1': 4.62, 'm7-1': 1.18, 'm8-1': 5.4}",0.0,inf,inf,inf,141.60399999999998,141.60399999999998
350,T6,BESTEFFORT,COMPLETED,m7-1,31.639,"{'m1-1': 112.91, 'm2-1': 10.89, 'm3-1': 1.06, 'm4-1': 115.61, 'm5-1': 10.87, 'm6-1': 5.16, 'm7-1': 1.01, 'm8-1': 5.47}",1.5150000000000001,36.57199999999999,37.58199999999999,inf,141.639,141.639
351,T5,BESTEFFORT,COMPLETED,m2-1,31.795,"{'m1-1': 92.19, 'm2-1': 9.95, 'm3-1': 1.04, 'm4-1': 106.16, 'm5-1': 10.09, 'm6-1': 4.92, 'm7-1': 1.02, 'm8-1': 5.12}",14.924999999999999,103.29,113.24000000000001,inf,141.79500000000002,141.79500000000002
352,T9,BESTEFFORT,CANCELLED,,31.977,"{'m1-1': 111.0, 'm2-1': 10.53, 'm3-1': 1.08, 'm4-1': 113.49, 'm5-1': 10.93, 'm6-1': 5.12, 'm7-1': 0.99, 'm8-1': 4.95}",0.0,inf,inf,inf,141.977,141.977
353,T10,BESTEFFORT,CANCELLED,,32.029,"{'m1-1': 99.59, 'm2-1': 10.22, 'm3-1': 1.04, 'm4-1': 104.16, 'm5-1': 10.66, 'm6-1': 5.37, 'm7-1': 1.05, 'm8-1': 4.72}",0.0,inf,inf,inf,142.029,142.029
354,T8,BESTEFFORT,CANCELLED,,32.114,"{'m1-1': 106.06, 'm2-1': 10.31, 'm3-1': 1.1, 'm4-1': 98.91, 'm5-1': 11.23, 'm6-1': 5.39, 'm7-1': 1.06, 'm8-1': 4.83}",0.0,inf,inf,inf,142.114,142.114
355,T1,BESTEFFORT,CANCELLED,,32.142,"{'m1-1': 101.88, 'm2-1': 9.19, 'm3-1': 1.02, 'm4-1': 101.39, 'm5-1': 10.13, 'm6-1': 5.39, 'm7-1': 1.11, 'm8-1': 4.85}",0.0,inf,inf,inf,142.142,142.142
356,T5,BESTEFFORT,COMPLETED,m5-1,32.162,"{'m1-1': 92.49, 'm2-1': 9.6, 'm3-1': 1.06, 'm4-1': 111.08, 'm5-1': 10.2, 'm6-1': 5.39, 'm7-1': 1.04, 'm8-1': 5.42}",15.299999999999999,113.23599999999999,123.43599999999999,inf,142.162,142.162
357,T1,BESTEFFORT,CANCELLED,,32.231,"{'m1-1': 116.03, 'm2-1': 10.88, 'm3-1': 1.15, 'm4-1': 103.37, 'm5-1': 10.89, 'm6-1': 5.32, 'm7-1': 1.08, 'm8-1': 4.73}",0.0,inf,inf,inf,142.231,142.231
358,T7,BESTEFFORT,CANCELLED,,32.323,"{'m1-1': 108.89, 'm2-1': 11.14, 'm3-1': 0.99, 'm4-1': 104.36, 'm5-1': 11.09, 'm6-1': 4.68, 'm7-1': 1.17, 'm8-1': 5.11}",0.0,inf,inf,inf,142.323,142.323
359,T1,BESTEFFORT,COMPLETED,m3-1,32.528,"{'m1-1': 113.57, 'm2-1': 9.23, 'm3-1': 1.01, 'm4-1': 105.19, 'm5-1': 10.66, 'm6-1': 5.32, 'm7-1': 1.07, 'm8-1': 4.86}",1.5150000000000001,44.291999999999994,45.30199999999999,inf,142.528,142.528
360,T6,BESTEFFORT,COMPLETED,m2-1,32.635,"{'m1-1': 100.38, 'm2-1': 9.52, 'm3-1': 1.12, 'm4-1': 118.44, 'm5-1': 10.83, 'm6-1': 5.95, 'm7-1': 0.99, 'm8-1': 5.26}",14.28,113.24000000000001,122.76,inf,142.635,142.635
361,T1,BESTEFFORT,CANCELLED,,32.848,"{'m1-1': 106.43, 'm2-1': 10.3, 'm3-1': 1.07, 'm4-1': 106.36, 'm5-1': 11.02, 'm6-1': 5.51, 'm7-1': 1.01, 'm8-1': 5.34}",0.0,inf,inf,inf,142.848,142.848
362,T10,BESTEFFORT,CANCELLED,,32.865,"{'m1-1': 109.05, 'm2-1': 9.46, 'm3-1': 1.04, 'm4-1': 104.9, 'm5-1': 10.52, 'm6-1': 4.88, 'm7-1': 1.15, 'm8-1': 4.81}",0.0,inf,inf,inf,142.865,142.865
363,T6,BESTEFFORT,CANCELLED,,32.874,"{'m1-1': 101.98, 'm2-1': 10.84, 'm3-1': 1.12, 'm4-1': 107.59, 'm5-1': 9.79, 'm6-1': 5.87, 'm7-1': 0.99, 'm8-1': 5.66}",0.0,inf,inf,inf,142.874,142.874
364,T3,BESTEFFORT,COMPLETED,m3-1,32.934,"{'m1-1': 102.87, 'm2-1': 11.41, 'm3-1': 0.96, 'm4-1': 105.89, 'm5-1': 9.58, 'm6-1': 5.38, 'm7-1': 0.97, 'm8-1': 5.26}",1.44,49.482,50.442,inf,142.934,142.934
365,T6,BESTEFFORT,CANCELLED,,33.201,"{'m1-1': 109.93, 'm2-1': 9.63, 'm3-1': 1.13, 'm4-1': 115.91, 'm5-1': 10.84, 'm6-1': 5.48, 'm7-1': 1.07, 'm8-1': 5.59}",0.0,inf,inf,inf,143.201,143.201
366,T8,BESTEFFORT,COMPLETED,m3-1,33.394,"{'m1-1': 97.43, 'm2-1': 9.68, 'm3-1': 0.99, 'm4-1': 95.98, 'm5-1': 11.08, 'm6-1': 4.87, 'm7-1': 1.02, 'm8-1': 4.68}",1.4849999999999999,123.55199999999999,124.54199999999999,inf,143.394,143.394
367,T4,BESTEFFORT,COMPLETED,m3-1,33.408,"{'m1-1': 105.27, 'm2-1': 10.61, 'm3-1': 1.07, 'm4-1': 113.63, 'm5-1': 10.94, 'm6-1': 4.84, 'm7-1': 0.96, 'm8-1': 5.7}",1.605,50.442,51.512,inf,143.40800000000002,143.40800000000002
368,T2,BESTEFFORT,COMPLETED,m3-1,33.464,"{'m1-1': 104.56, 'm2-1': 11.59, 'm3-1': 0.92, 'm4-1': 112.23, 'm5-1': 10.89, 'm6-1': 5.38, 'm7-1': 1.05, 'm8-1': 5.11}",1.3800000000000001,58.692,59.612,inf,143.464,143.464
369,T7,BESTEFFORT,CANCELLED,,33.711,"{'m1-1': 101.1, 'm2-1': 10.01, 'm3-1': 1.05, 'm4-1': 101.21, 'm5-1': 9.73, 'm6-1': 4.97, 'm7-1': 1.1, 'm8-1': 5.28}",0.0,inf,inf,inf,143.711,143.711
370,T10,BESTEFFORT,CANCELLED,,33.769,"{'m1-1': 112.69, 'm2-1': 10.04, 'm3-1': 1.11, 'm4-1': 106.68, 'm5-1': 10.03, 'm6-1': 5.25, 'm7-1': 1.1, 'm8-1': 4.89}",0.0,inf,inf,inf,143.769,143.769
371,T3,BESTEFFORT,CANCELLED,,34.028,"{'m1-1': 95.8, 'm2-1': 11.43, 'm3-1': 1.01, 'm4-1': 101.61, 'm5-1': 9.56, 'm6-1': 4.74, 'm7-1': 1.1, 'm8-1': 4.89}",0.0,inf,inf,inf,144.028,144.028
372,T9,BESTEFFORT,COMPLETED,m7-1,34.299,"{'m1-1': 104.54, 'm2-1': 11.02, 'm3-1': 1.1, 'm4-1': 98.02, 'm5-1': 9.93, 'm6-1': 5.19, 'm7-1': 1.14, 'm8-1': 5.01}",1.71,130.761,131.90099999999998,inf,144.299,144.299
373,T4,BESTEFFORT,CANCELLED,,34.493,"{'m1-1': 106.44, 'm2-1': 10.96, 'm3-1': 1.07, 'm4-1': 104.6, 'm5-1': 10.11, 'm6-1': 5.16, 'm7-1': 0.96, 'm8-1': 5.04}",0.0,inf,inf,inf,144.493,144.493
374,T6,BESTEFFORT,CANCELLED,,34.552,"{'m1-1': 112.38, 'm2-1': 10.32, 'm3-1': 1.02, 'm4-1': 112.4, 'm5-1': 9.88, 'm6-1': 5.06, 'm7-1': 0.94, 'm8-1': 4.96}",0.0,inf,inf,inf,144.552,144.552
375,T7,BESTEFFORT,CANCELLED,,34.557,"{'m1-1': 104.14, 'm2-1': 10.5, 'm3-1': 1.05, 'm4-1': 106.78, 'm5-1': 9.42, 'm6-1': 5.42, 'm7-1': 1.08, 'm8-1': 5.28}",0.0,inf,inf,inf,144.55700000000002,144.55700000000002
376,T2,BESTEFFORT,COMPLETED,m7-1,34.648,"{'m1-1': 113.99, 'm2-1': 11.7, 'm3-1': 1.06, 'm4-1': 108.47, 'm5-1': 10.13, 'm6-1': 5.31, 'm7-1': 0.97, 'm8-1': 5.36}",1.455,131.90099999999998,132.87099999999998,inf,144.648,144.648
377,T3,BESTEFFORT,COMPLETED,m7-1,34.695,"{'m1-1': 101.64, 'm2-1': 11.69, 'm3-1': 1.07, 'm4-1': 108.28, 'm5-1': 10.28, 'm6-1': 5.33, 'm7-1': 1.04, 'm8-1': 4.84}",1.56,92.822,93.86200000000001,inf,144.695,144.695
378,T3,BESTEFFORT,CANCELLED,,35.117,"{'m1-1': 100.71, 'm2-1': 11.18, 'm3-1': 1.08, 'm4-1': 107.0, 'm5-1': 10.12, 'm6-1': 5.16, 'm7-1': 1.03, 'm8-1': 5.37}",0.0,inf,inf,inf,145.117,145.117
379,T2,BESTEFFORT,CANCELLED,,35.387,"{'m1-1': 113.19, 'm2-1': 9.95, 'm3-1': 0.96, 'm4-1': 103.48, 'm5-1': 10.47, 'm6-1': 4.9, 'm7-1': 0.97, 'm8-1': 5.37}",0.0,inf,inf,inf,145.387,145.387
380,T8,BESTEFFORT,CANCELLED,,35.399,"{'m1-1': 104.3, 'm2-1': 11.13, 'm3-1': 1.04, 'm4-1': 99.7, 'm5-1': 10.18, 'm6-1': 5.13, 'm7-1': 1.13, 'm8-1': 5.16}",0.0,inf,inf,inf,145.399,145.399
381,T1,BESTEFFORT,CANCELLED,,35.555,"{'m1-1': 114.79, 'm2-1': 9.99, 'm3-1': 1.06, 'm4-1': 115.65, 'm5-1': 10.18, 'm6-1': 5.38, 'm7-1': 1.11, 'm8-1': 4.73}",0.0,inf,inf,inf,145.555,145.555
382,T9,BESTEFFORT,COMPLETED,m7-1,35.68,"{'m1-1': 101.13, 'm2-1': 10.55, 'm3-1': 1.07, 'm4-1': 97.03, 'm5-1': 10.02, 'm6-1': 4.84, 'm7-1': 1.13, 'm8-1': 5.07}",1.6949999999999998,132.87099999999998,134.00099999999998,inf,145.68,145.68
383,T6,BESTEFFORT,COMPLETED,m7-1,35.69,"{'m1-1': 109.86, 'm2-1': 9.76, 'm3-1': 1.16, 'm4-1': 110.02, 'm5-1': 10.98, 'm6-1': 5.9, 'm7-1': 0.97, 'm8-1': 5.28}",1.455,39.481999999999985,40.451999999999984,inf,145.69,145.69
384,T4,BESTEFFORT,CANCELLED,,35.714,"{'m1-1': 108.66, 'm2-1': 9.72, 'm3-1': 0.96, 'm4-1': 103.7, 'm5-1': 9.58, 'm6-1': 5.02, 'm7-1': 1.08, 'm8-1': 5.15}",0.0,inf,inf,inf,145.714,145.714
385,T4,BESTEFFORT,COMPLETED,m3-1,35.938,"{'m1-1': 116.71, 'm2-1': 10.61, 'm3-1': 1.04, 'm4-1': 106.46, 'm5-1': 10.17, 'm6-1': 4.91, 'm7-1': 1.01, 'm8-1': 4.93}",1.56,39.132,40.172,inf,145.938,145.938
386,T9,BESTEFFORT,CANCELLED,,35.965,"{'m1-1': 115.08, 'm2-1': 10.29, 'm3-1': 0.97, 'm4-1': 114.18, 'm5-1': 11.1, 'm6-1': 5.54, 'm7-1': 1.02, 'm8-1': 5.42}",0.0,inf,inf,inf,145.965,145.965
387,T6,BESTEFFORT,CANCELLED,,36.055,"{'m1-1': 106.24, 'm2-1': 10.56, 'm3-1': 1.11, 'm4-1': 115.79, 'm5-1': 10.02, 'm6-1': 5.43, 'm7-1': 0.94, 'm8-1': 5.44}",0.0,inf,inf,inf,146.055,146.055
388,T2,BESTEFFORT,COMPLETED,m8-1,36.084,"{'m1-1': 115.64, 'm2-1': 10.36, 'm3-1': 1.02, 'm4-1': 116.62, 'm5-1': 10.25, 'm6-1': 5.24, 'm7-1': 1.08, 'm8-1': 4.8}",7.199999999999999,51.88700000000001,56.687000000000005,inf,146.084,146.084
389,T9,BESTEFFORT,CANCELLED,,36.114,"{'m1-1': 106.15, 'm2-1': 11.13, 'm3-1': 0.99, 'm4-1': 110.99, 'm5-1': 10.05, 'm6-1': 5.24, 'm7-1': 1.0, 'm8-1': 5.11}",0.0,inf,inf,inf,146.114,146.114
390,T10,BESTEFFORT,CANCELLED,,36.195,"{'m1-1': 106.42, 'm2-1': 10.9, 'm3-1': 0.98, 'm4-1': 112.5, 'm5-1': 9.92, 'm6-1': 5.08, 'm7-1': 0.97, 'm8-1': 4.91}",0.0,inf,inf,inf,146.195,146.195
391,T5,BESTEFFORT,MISSED,m1-1,36.512,"{'m1-1': 96.48, 'm2-1': 10.69, 'm3-1': 1.0, 'm4-1': 111.28, 'm5-1': 10.43, 'm6-1': 5.05, 'm7-1': 1.0, 'm8-1': 4.72}",0.0,189.735,inf,189.735,146.512,146.512
392,T6,BESTEFFORT,CANCELLED,,36.523,"{'m1-1': 117.3, 'm2-1': 10.44, 'm3-1': 1.09, 'm4-1': 116.24, 'm5-1': 11.05, 'm6-1': 5.59, 'm7-1': 0.97, 'm8-1': 4.97}",0.0,inf,inf,inf,146.523,146.523
393,T1,BESTEFFORT,COMPLETED,m2-1,36.547,"{'m1-1': 111.56, 'm2-1': 9.79, 'm3-1': 1.11, 'm4-1': 104.9, 'm5-1': 11.17, 'm6-1': 5.11, 'm7-1': 0.99, 'm8-1': 5.19}",14.684999999999999,122.76,132.55,inf,146.547,146.547
394,T8,BESTEFFORT,MISSED,m4-1,36.68,"{'m1-1': 97.89, 'm2-1': 10.21, 'm3-1': 1.02, 'm4-1': 111.35, 'm5-1': 10.44, 'm6-1': 5.35, 'm7-1': 1.16, 'm8-1': 4.97}",0.0,179.672,inf,179.672,146.68,146.68
395,T2,BESTEFFORT,COMPLETED,m7-1,36.784,"{'m1-1': 110.53, 'm2-1': 9.96, 'm3-1': 1.0, 'm4-1': 117.94, 'm5-1': 11.05, 'm6-1': 5.13, 'm7-1': 1.03, 'm8-1': 5.35}",1.545,41.42199999999998,42.451999999999984,inf,146.784,146.784
396,T9,BESTEFFORT,COMPLETED,m7-1,36.796,"{'m1-1': 98.32, 'm2-1': 9.65, 'm3-1': 1.0, 'm4-1': 101.09, 'm5-1': 10.79, 'm6-1': 5.0, 'm7-1': 1.01, 'm8-1': 5.18}",1.5150000000000001,95.882,96.89200000000001,inf,146.796,146.796
397,T5,BESTEFFORT,CANCELLED,,36.841,"{'m1-1': 108.34, 'm2-1': 10.17, 'm3-1': 1.03, 'm4-1': 111.04, 'm5-1': 10.51, 'm6-1': 4.68, 'm7-1': 0.95, 'm8-1': 4.72}",0.0,inf,inf,inf,146.841,146.841
398,T6,BESTEFFORT,COMPLETED,m7-1,36.945,"{'m1-1': 115.28, 'm2-1': 10.32, 'm3-1': 1.08, 'm4-1': 105.99, 'm5-1': 10.36, 'm6-1': 5.34, 'm7-1': 0.97, 'm8-1': 5.72}",1.455,40.451999999999984,41.42199999999998,inf,146.945,146.945
399,T2,BESTEFFORT,CANCELLED,,37.053,"{'m1-1': 103.62, 'm2-1': 11.6, 'm3-1': 0.97, 'm4-1': 115.02, 'm5-1': 11.24, 'm6-1': 5.06, 'm7-1': 0.94, 'm8-1': 4.99}",0.0,inf,inf,inf,147.053,147.053
400,T6,BESTEFFORT,CANCELLED,,37.199,"{'m1-1': 108.67, 'm2-1': 10.42, 'm3-1': 1.02, 'm4-1': 108.77, 'm5-1': 10.06, 'm6-1': 5.92, 'm7-1': 1.06, 'm8-1': 4.92}",0.0,inf,inf,inf,147.199,147.199
401,T7,BESTEFFORT,COMPLETED,m3-1,37.358,"{'m1-1': 103.42, 'm2-1': 9.67, 'm3-1': 0.97, 'm4-1': 114.41, 'm5-1': 9.64, 'm6-1': 5.33, 'm7-1': 1.02, 'm8-1': 5.46}",1.455,41.202,42.172,inf,147.358,147.358
402,T3,BESTEFFORT,CANCELLED,,37.406,"{'m1-1': 98.44, 'm2-1': 10.02, 'm3-1': 1.01, 'm4-1': 99.67, 'm5-1': 10.06, 'm6-1': 4.6, 'm7-1': 0.94, 'm8-1': 5.38}",0.0,inf,inf,inf,147.406,147.406
403,T9,BESTEFFORT,CANCELLED,,37.462,"{'m1-1': 112.51, 'm2-1': 10.88, 'm3-1': 1.0, 'm4-1': 100.48, 'm5-1': 9.8, 'm6-1': 4.87, 'm7-1': 0.98, 'm8-1': 5.51}",0.0,inf,inf,inf,147.462,147.462
404,T4,BESTEFFORT,COMPLETED,m7-1,37.677,"{'m1-1': 106.45, 'm2-1': 10.17, 'm3-1': 1.05, 'm4-1': 113.64, 'm5-1': 9.61, 'm6-1': 5.12, 'm7-1': 1.0, 'm8-1': 5.57}",1.5,47.521999999999984,48.521999999999984,inf,147.677,147.677
405,T8,BESTEFFORT,CANCELLED,,37.843,"{'m1-1': 112.18, 'm2-1': 10.45, 'm3-1': 1.14, 'm4-1': 108.22, 'm5-1': 10.26, 'm6-1': 5.54, 'm7-1': 1.11, 'm8-1': 5.12}",0.0,inf,inf,inf,147.84300000000002,147.84300000000002
406,T7,BESTEFFORT,CANCELLED,,37.86,"{'m1-1': 97.1, 'm2-1': 11.21, 'm3-1': 0.93, 'm4-1': 111.7, 'm5-1': 9.66, 'm6-1': 5.33, 'm7-1': 1.18, 'm8-1': 5.63}",0.0,inf,inf,inf,147.86,147.86
407,T1,BESTEFFORT,MISSED,m2-1,38.251,"{'m1-1': 104.4, 'm2-1': 10.32, 'm3-1': 1.09, 'm4-1': 116.55, 'm5-1': 10.13, 'm6-1': 5.51, 'm7-1': 0.97, 'm8-1': 5.11}",0.0,152.64000000000001,inf,152.64000000000001,148.251,148.251
408,T5,BESTEFFORT,CANCELLED,,38.517,"{'m1-1': 107.34, 'm2-1': 10.72, 'm3-1': 1.15, 'm4-1': 94.57, 'm5-1': 10.44, 'm6-1': 5.47, 'm7-1': 1.08, 'm8-1': 5.27}",0.0,inf,inf,inf,148.517,148.517
409,T1,BESTEFFORT,COMPLETED,m8-1,38.614,"{'m1-1': 102.99, 'm2-1': 9.55, 'm3-1': 1.14, 'm4-1': 112.59, 'm5-1': 9.88, 'm6-1': 5.08, 'm7-1': 1.13, 'm8-1': 5.1}",7.6499999999999995,132.041,137.141,inf,148.614,148.614
410,T10,BESTEFFORT,CANCELLED,,38.637,"{'m1-1': 106.14, 'm2-1': 9.65, 'm3-1': 1.1, 'm4-1': 96.33, 'm5-1': 10.38, 'm6-1': 4.86, 'm7-1': 1.0, 'm8-1': 5.39}",0.0,inf,inf,inf,148.637,148.637
411,T9,BESTEFFORT,CANCELLED,,38.648,"{'m1-1': 111.58, 'm2-1': 9.77, 'm3-1': 0.98, 'm4-1': 97.53, 'm5-1': 9.69, 'm6-1': 5.1, 'm7-1': 0.99, 'm8-1': 5.41}",0.0,inf,inf,inf,148.648,148.648
412,T4,BESTEFFORT,COMPLETED,m7-1,38.72,"{'m1-1': 99.88, 'm2-1': 10.77, 'm3-1': 1.12, 'm4-1': 100.92, 'm5-1': 10.11, 'm6-1': 5.28, 'm7-1': 0.96, 'm8-1': 5.29}",1.44,42.451999999999984,43.411999999999985,inf,148.72,148.72
413,T9,BESTEFFORT,COMPLETED,m3-1,38.721,"{'m1-1': 101.86, 'm2-1': 9.49, 'm3-1': 1.04, 'm4-1': 113.81, 'm5-1': 9.97, 'm6-1': 5.15, 'm7-1': 1.12, 'm8-1': 5.01}",1.56,59.612,60.652,inf,148.721,148.721
414,T5,BESTEFFORT,CANCELLED,,38.753,"{'m1-1': 93.23, 'm2-1': 10.91, 'm3-1': 1.12, 'm4-1': 109.22, 'm5-1': 9.63, 'm6-1': 5.16, 'm7-1': 1.08, 'm8-1': 5.16}",0.0,inf,inf,inf,148.753,148.753
415,T7,BESTEFFORT,CANCELLED,,38.765,"{'m1-1': 100.28, 'm2-1': 10.59, 'm3-1': 1.04, 'm4-1': 97.3, 'm5-1': 9.47, 'm6-1': 5.12, 'm7-1': 1.16, 'm8-1': 5.67}",0.0,inf,inf,inf,148.765,148.765
416,T5,BESTEFFORT,COMPLETED,m7-1,39.07,"{'m1-1': 104.9, 'm2-1': 10.11, 'm3-1': 1.1, 'm4-1': 96.87, 'm5-1': 10.06, 'm6-1': 5.32, 'm7-1': 1.04, 'm8-1': 4.72}",1.56,43.411999999999985,44.451999999999984,inf,149.07,149.07
417,T5,BESTEFFORT,COMPLETED,m8-1,39.506,"{'m1-1': 99.77, 'm2-1': 9.92, 'm3-1': 1.06, 'm4-1': 97.75, 'm5-1': 10.22, 'm6-1': 4.8, 'm7-1': 1.04, 'm8-1': 5.1}",7.6499999999999995,56.687000000000005,61.787000000000006,inf,149.506,149.506
418,T9,BESTEFFORT,COMPLETED,m7-1,39.527,"{'m1-1': 113.96, 'm2-1': 9.9, 'm3-1': 1.09, 'm4-1': 109.66, 'm5-1': 10.41, 'm6-1': 5.27, 'm7-1': 0.97, 'm8-1': 5.18}",1.455,134.00099999999998,134.97099999999998,inf,149.527,149.527
419,T5,BESTEFFORT,CANCELLED,,39.651,"{'m1-1': 106.37, 'm2-1': 10.57, 'm3-1': 1.01, 'm4-1': 99.52, 'm5-1': 9.99, 'm6-1': 5.48, 'm7-1': 1.08, 'm8-1': 5.18}",0.0,inf,inf,inf,149.651,149.651
420,T9,BESTEFFORT,COMPLETED,m3-1,39.663,"{'m1-1': 111.92, 'm2-1': 10.53, 'm3-1': 1.11, 'm4-1': 105.53, 'm5-1': 11.46, 'm6-1': 5.43, 'm7-1': 1.02, 'm8-1': 5.42}",1.665,124.54199999999999,125.65199999999999,inf,149.663,149.663
421,T8,BESTEFFORT,CANCELLED,,39.885,"{'m1-1': 109.72, 'm2-1': 10.27, 'm3-1': 1.0, 'm4-1': 109.08, 'm5-1': 9.96, 'm6-1': 5.23, 'm7-1': 1.1, 'm8-1': 5.4}",0.0,inf,inf,inf,149.885,149.885
422,T2,BESTEFFORT,CANCELLED,,40.049,"{'m1-1': 110.14, 'm2-1': 10.92, 'm3-1': 0.94, 'm4-1': 100.43, 'm5-1': 9.54, 'm6-1': 5.44, 'm7-1': 0.94, 'm8-1': 4.99}",0.0,inf,inf,inf,150.049,150.049
423,T1,BESTEFFORT,CANCELLED,,40.368,"{'m1-1': 114.84, 'm2-1': 10.53, 'm3-1': 1.0, 'm4-1': 106.81, 'm5-1': 11.36, 'm6-1': 5.28, 'm7-1': 1.08, 'm8-1': 5.34}",0.0,inf,inf,inf,150.368,150.368
424,T6,BESTEFFORT,COMPLETED,m5-1,40.599,"{'m1-1': 99.83, 'm2-1': 10.62, 'm3-1': 1.1, 'm4-1': 115.33, 'm5-1': 10.14, 'm6-1': 5.36, 'm7-1': 1.02, 'm8-1': 5.34}",15.21,71.84599999999999,81.98599999999999,inf,150.599,150.599
425,T6,BESTEFFORT,COMPLETED,m7-1,40.716,"{'m1-1': 117.33, 'm2-1': 10.75, 'm3-1': 1.02, 'm4-1': 106.86, 'm5-1': 10.54, 'm6-1': 5.49, 'm7-1': 0.93, 'm8-1': 5.54}",1.395,44.451999999999984,45.381999999999984,inf,150.716,150.716
426,T9,BESTEFFORT,CANCELLED,,40.876,"{'m1-1': 109.36, 'm2-1': 9.76, 'm3-1': 1.03, 'm4-1': 112.42, 'm5-1': 11.38, 'm6-1': 5.18, 'm7-1': 1.13, 'm8-1': 4.85}",0.0,inf,inf,inf,150.876,150.876
427,T4,BESTEFFORT,CANCELLED,,40.879,"{'m1-1': 101.69, 'm2-1': 10.9, 'm3-1': 1.07, 'm4-1': 109.62, 'm5-1': 9.86, 'm6-1': 5.0, 'm7-1': 1.08, 'm8-1': 4.9}",0.0,inf,inf,inf,150.879,150.879
428,T8,BESTEFFORT,CANCELLED,,40.983,"{'m1-1': 108.89, 'm2-1': 9.84, 'm3-1': 1.11, 'm4-1': 109.88, 'm5-1': 9.51, 'm6-1': 5.14, 'm7-1': 1.07, 'm8-1': 4.84}",0.0,inf,inf,inf,150.983,150.983
429,T7,BESTEFFORT,COMPLETED,m3-1,41.226,"{'m1-1': 98.63, 'm2-1': 10.28, 'm3-1': 1.02, 'm4-1': 101.09, 'm5-1': 10.35, 'm6-1': 5.09, 'm7-1': 1.04, 'm8-1': 4.85}",1.53,45.30199999999999,46.321999999999996,inf,151.226,151.226
430,T1,BESTEFFORT,CANCELLED,,41.458,"{'m1-1': 107.17, 'm2-1': 10.71, 'm3-1': 1.06, 'm4-1': 109.43, 'm5-1': 10.12, 'm6-1': 5.43, 'm7-1': 1.02, 'm8-1': 5.12}",0.0,inf,inf,inf,151.458,151.458
431,T5,BESTEFFORT,COMPLETED,m7-1,41.463,"{'m1-1': 109.02, 'm2-1': 10.12, 'm3-1': 1.04, 'm4-1': 100.03, 'm5-1': 9.88, 'm6-1': 4.8, 'm7-1': 0.94, 'm8-1': 5.18}",1.41,48.521999999999984,49.46199999999998,inf,151.463,151.463
432,T2,BESTEFFORT,COMPLETED,m7-1,41.514,"{'m1-1': 108.43, 'm2-1': 10.96, 'm3-1': 0.95, 'm4-1': 110.6, 'm5-1': 10.32, 'm6-1': 5.31, 'm7-1': 1.06, 'm8-1': 4.73}",1.59,45.381999999999984,46.441999999999986,inf,151.514,151.514
433,T1,BESTEFFORT,COMPLETED,m6-1,41.529,"{'m1-1': 106.61, 'm2-1': 10.58, 'm3-1': 1.0, 'm4-1': 115.8, 'm5-1': 10.33, 'm6-1': 4.73, 'm7-1': 0.98, 'm8-1': 4.8}",7.095000000000001,132.875,137.605,inf,151.529,151.529
434,T3,BESTEFFORT,CANCELLED,,41.865,"{'m1-1': 96.63, 'm2-1': 10.12, 'm3-1': 0.97, 'm4-1': 109.04, 'm5-1': 10.06, 'm6-1': 5.19, 'm7-1': 1.07, 'm8-1': 4.95}",0.0,inf,inf,inf,151.865,151.865
435,T4,BESTEFFORT,COMPLETED,m3-1,41.964,"{'m1-1': 105.32, 'm2-1': 11.04, 'm3-1': 1.08, 'm4-1': 98.51, 'm5-1': 9.57, 'm6-1': 5.45, 'm7-1': 1.02, 'm8-1': 5.25}",1.62,60.652,61.732,inf,151.964,151.964
436,T7,BESTEFFORT,CANCELLED,,42.227,"{'m1-1': 104.86, 'm2-1': 9.51, 'm3-1': 1.02, 'm4-1': 106.78, 'm5-1': 10.37, 'm6-1': 4.84, 'm7-1': 1.11, 'm8-1': 5.14}",0.0,inf,inf,inf,152.227,152.227
437,T6,BESTEFFORT,COMPLETED,m7-1,42.309,"{'m1-1': 110.16, 'm2-1': 9.45, 'm3-1': 1.0, 'm4-1': 116.93, 'm5-1': 10.04, 'm6-1': 5.5, 'm7-1': 0.93, 'm8-1': 5.31}",1.395,134.97099999999998,135.90099999999998,inf,152.309,152.309
438,T10,BESTEFFORT,CANCELLED,,42.321,"{'m1-1': 114.4, 'm2-1': 9.27, 'm3-1': 1.11, 'm4-1': 99.91, 'm5-1': 11.14, 'm6-1': 5.23, 'm7-1': 1.02, 'm8-1': 5.48}",0.0,inf,inf,inf,152.321,152.321
439,T8,BESTEFFORT,CANCELLED,,42.353,"{'m1-1': 104.39, 'm2-1': 10.99, 'm3-1': 0.97, 'm4-1': 105.62, 'm5-1': 10.88, 'm6-1': 5.59, 'm7-1': 1.1, 'm8-1': 5.14}",0.0,inf,inf,inf,152.353,152.353
440,T7,BESTEFFORT,COMPLETED,m3-1,42.372,"{'m1-1': 98.22, 'm2-1': 11.03, 'm3-1': 1.07, 'm4-1': 113.38, 'm5-1': 9.51, 'm6-1': 4.8, 'm7-1': 1.16, 'm8-1': 5.57}",1.605,125.65199999999999,126.72199999999998,inf,152.372,152.372
441,T9,BESTEFFORT,COMPLETED,m3-1,42.39,"{'m1-1': 101.14, 'm2-1': 10.8, 'm3-1': 1.1, 'm4-1': 98.57, 'm5-1': 10.68, 'm6-1': 5.49, 'm7-1': 1.14, 'm8-1': 5.04}",1.6500000000000001,126.72199999999998,127.82199999999997,inf,152.39,152.39
442,T2,BESTEFFORT,CANCELLED,,42.608,"{'m1-1': 98.8, 'm2-1': 10.28, 'm3-1': 0.99, 'm4-1': 104.01, 'm5-1': 9.87, 'm6-1': 4.92, 'm7-1': 0.96, 'm8-1': 4.74}",0.0,inf,inf,inf,152.608,152.608
443,T2,BESTEFFORT,COMPLETED,m3-1,42.635,"{'m1-1': 109.75, 'm2-1': 10.18, 'm3-1': 1.07, 'm4-1': 106.31, 'm5-1': 10.56, 'm6-1': 4.77, 'm7-1': 1.03, 'm8-1': 4.78}",1.605,46.321999999999996,47.391999999999996,inf,152.635,152.635
444,T1,BESTEFFORT,CANCELLED,,42.78,"{'m1-1': 110.95, 'm2-1': 10.22, 'm3-1': 1.04, 'm4-1': 101.76, 'm5-1': 9.85, 'm6-1': 5.45, 'm7-1': 1.1, 'm8-1': 4.8}",0.0,inf,inf,inf,152.78,152.78
445,T6,BESTEFFORT,COMPLETED,m7-1,42.874,"{'m1-1': 114.58, 'm2-1': 10.68, 'm3-1': 1.06, 'm4-1': 104.97, 'm5-1': 9.72, 'm6-1': 5.08, 'm7-1': 1.08, 'm8-1': 5.54}",1.62,46.441999999999986,47.521999999999984,inf,152.874,152.874
446,T8,BESTEFFORT,CANCELLED,,42.97,"{'m1-1': 100.74, 'm2-1': 10.93, 'm3-1': 1.06, 'm4-1': 95.98, 'm5-1': 9.46, 'm6-1': 5.11, 'm7-1': 1.07, 'm8-1': 5.23}",0.0,inf,inf,inf,152.97,152.97
447,T5,BESTEFFORT,CANCELLED,,43.11,"{'m1-1': 107.83, 'm2-1': 10.3, 'm3-1': 1.14, 'm4-1': 98.6, 'm5-1': 11.01, 'm6-1': 4.88, 'm7-1': 1.02, 'm8-1': 5.53}",0.0,inf,inf,inf,153.11,153.11
448,T3,BESTEFFORT,CANCELLED,,43.139,"{'m1-1': 107.6, 'm2-1': 10.25, 'm3-1': 1.01, 'm4-1': 110.86, 'm5-1': 10.45, 'm6-1': 5.26, 'm7-1': 1.01, 'm8-1': 5.33}",0.0,inf,inf,inf,153.139,153.139
449,T5,BESTEFFORT,COMPLETED,m2-1,43.206,"{'m1-1': 103.44, 'm2-1': 10.22, 'm3-1': 1.13, 'm4-1': 111.94, 'm5-1': 10.97, 'm6-1': 5.12, 'm7-1': 1.04, 'm8-1': 5.1}",15.330000000000002,83.01,93.23,inf,153.20600000000002,153.20600000000002
450,T2,BESTEFFORT,CANCELLED,,43.274,"{'m1-1': 105.18, 'm2-1': 11.69, 'm3-1': 0.98, 'm4-1': 110.87, 'm5-1': 9.9, 'm6-1': 5.36, 'm7-1': 0.98, 'm8-1': 5.03}",0.0,inf,inf,inf,153.274,153.274
451,T6,BESTEFFORT,CANCELLED,,43.378,"{'m1-1': 106.33, 'm2-1': 10.1, 'm3-1': 1.12, 'm4-1': 105.63, 'm5-1': 10.68, 'm6-1': 5.78, 'm7-1': 1.04, 'm8-1': 5.48}",0.0,inf,inf,inf,153.378,153.378
452,T4,BESTEFFORT,CANCELLED,,43.38,"{'m1-1': 117.8, 'm2-1': 10.1, 'm3-1': 0.96, 'm4-1': 113.97, 'm5-1': 10.47, 'm6-1': 5.62, 'm7-1': 1.08, 'm8-1': 4.99}",0.0,inf,inf,inf,153.38,153.38
453,T3,BESTEFFORT,COMPLETED,m7-1,43.606,"{'m1-1': 103.92, 'm2-1': 11.19, 'm3-1': 0.98, 'm4-1': 109.83, 'm5-1': 10.26, 'm6-1': 5.4, 'm7-1': 1.02, 'm8-1': 5.06}",1.53,49.46199999999998,50.481999999999985,inf,153.606,153.606
454,T8,BESTEFFORT,CANCELLED,,43.62,"{'m1-1': 100.82, 'm2-1': 9.81, 'm3-1': 1.06, 'm4-1': 100.68, 'm5-1': 10.15, 'm6-1': 5.36, 'm7-1': 1.04, 'm8-1': 5.36}",0.0,inf,inf,inf,153.62,153.62
455,T3,BESTEFFORT,COMPLETED,m3-1,43.729,"{'m1-1': 99.87, 'm2-1': 10.66, 'm3-1': 1.06, 'm4-1': 104.28, 'm5-1': 9.75, 'm6-1': 5.44, 'm7-1': 0.93, 'm8-1': 5.1}",1.59,48.422,49.482,inf,153.72899999999998,153.72899999999998
456,T1,BESTEFFORT,CANCELLED,,43.857,"{'m1-1': 109.82, 'm2-1': 10.44, 'm3-1': 1.14, 'm4-1': 100.91, 'm5-1': 11.36, 'm6-1': 5.32, 'm7-1': 1.07, 'm8-1': 5.23}",0.0,inf,inf,inf,153.857,153.857
457,T5,BESTEFFORT,CANCELLED,,43.99,"{'m1-1': 103.61, 'm2-1': 9.56, 'm3-1': 1.05, 'm4-1': 112.11, 'm5-1': 9.85, 'm6-1': 4.77, 'm7-1': 1.0, 'm8-1': 5.08}",0.0,inf,inf,inf,153.99,153.99
458,T1,BESTEFFORT,CANCELLED,,44.036,"{'m1-1': 108.85, 'm2-1': 10.4, 'm3-1': 1.09, 'm4-1': 102.42, 'm5-1': 10.38, 'm6-1': 4.84, 'm7-1': 0.99, 'm8-1': 5.15}",0.0,inf,inf,inf,154.036,154.036
459,T2,BESTEFFORT,MISSED,m8-1,44.082,"{'m1-1': 99.61, 'm2-1': 11.3, 'm3-1': 1.02, 'm4-1': 115.5, 'm5-1': 9.83, 'm6-1': 4.81, 'm7-1': 1.06, 'm8-1': 4.9}",0.0,157.431,inf,157.431,154.082,154.082
460,T2,BESTEFFORT,COMPLETED,m3-1,44.231,"{'m1-1': 106.38, 'm2-1': 10.38, 'm3-1': 1.03, 'm4-1': 112.35, 'm5-1': 10.7, 'm6-1': 5.09, 'm7-1': 1.09, 'm8-1': 5.18}",1.545,47.391999999999996,48.422,inf,154.231,154.231
461,T1,BESTEFFORT,COMPLETED,m8-1,44.259,"{'m1-1': 115.94, 'm2-1': 10.27, 'm3-1': 0.98, 'm4-1': 102.46, 'm5-1': 10.19, 'm6-1': 5.09, 'm7-1': 1.07, 'm8-1': 5.11}",7.665000000000001,61.787000000000006,66.897,inf,154.25900000000001,154.25900000000001
462,T9,BESTEFFORT,CANCELLED,,44.512,"{'m1-1': 106.9, 'm2-1': 11.23, 'm3-1': 1.14, 'm4-1': 99.9, 'm5-1': 10.84, 'm6-1': 4.86, 'm7-1': 1.06, 'm8-1': 5.3}",0.0,inf,inf,inf,154.512,154.512
463,T4,BESTEFFORT,CANCELLED,,44.553,"{'m1-1': 115.19, 'm2-1': 9.72, 'm3-1': 1.12, 'm4-1': 100.26, 'm5-1': 10.71, 'm6-1': 5.12, 'm7-1': 1.07, 'm8-1': 4.89}",0.0,inf,inf,inf,154.553,154.553
464,T10,BESTEFFORT,COMPLETED,m3-1,45.005,"{'m1-1': 98.64, 'm2-1': 10.96, 'm3-1': 1.08, 'm4-1': 105.86, 'm5-1': 10.15, 'm6-1': 4.78, 'm7-1': 1.12, 'm8-1': 5.21}",1.62,67.622,68.702,inf,155.005,155.005
465,T8,BESTEFFORT,COMPLETED,m8-1,45.346,"{'m1-1': 99.34, 'm2-1': 10.39, 'm3-1': 1.0, 'm4-1': 94.5, 'm5-1': 10.45, 'm6-1': 5.02, 'm7-1': 0.99, 'm8-1': 5.29}",7.9350000000000005,66.897,72.18700000000001,inf,155.346,155.346
466,T4,BESTEFFORT,COMPLETED,m7-1,45.385,"{'m1-1': 107.69, 'm2-1': 10.48, 'm3-1': 1.12, 'm4-1': 102.71, 'm5-1': 11.01, 'm6-1': 5.5, 'm7-1': 1.03, 'm8-1': 5.72}",1.545,99.942,100.972,inf,155.385,155.385
467,T8,BESTEFFORT,MISSED,m8-1,45.504,"{'m1-1': 108.82, 'm2-1': 10.97, 'm3-1': 1.1, 'm4-1': 110.79, 'm5-1': 9.96, 'm6-1': 5.6, 'm7-1': 1.02, 'm8-1': 4.66}",0.0,162.67100000000002,inf,162.67100000000002,155.504,155.504
468,T1,BESTEFFORT,CANCELLED,,45.51,"{'m1-1': 108.56, 'm2-1': 9.86, 'm3-1': 1.13, 'm4-1': 113.08, 'm5-1': 10.57, 'm6-1': 5.3, 'm7-1': 1.05, 'm8-1': 5.15}",0.0,inf,inf,inf,155.51,155.51
469,T3,BESTEFFORT,MISSED,m7-1,45.544,"{'m1-1': 111.7, 'm2-1': 11.38, 'm3-1': 1.06, 'm4-1': 106.34, 'm5-1': 10.2, 'm6-1': 4.78, 'm7-1': 1.01, 'm8-1': 5.22}",0.0,156.80100000000004,inf,156.80100000000004,155.54399999999998,155.54399999999998
470,T9,BESTEFFORT,MISSED,m7-1,45.547,"{'m1-1': 107.28, 'm2-1': 10.86, 'm3-1': 1.01, 'm4-1': 114.92, 'm5-1': 10.84, 'm6-1': 5.28, 'm7-1': 0.98, 'm8-1': 5.01}",0.0,156.80100000000004,inf,156.80100000000004,155.547,155.547
471,T1,BESTEFFORT,COMPLETED,m3-1,45.649,"{'m1-1': 118.09, 'm2-1': 9.67, 'm3-1': 1.06, 'm4-1': 109.47, 'm5-1': 10.23, 'm6-1': 5.38, 'm7-1': 1.08, 'm8-1': 5.17}",1.59,127.82199999999997,128.88199999999998,inf,155.649,155.649
472,T1,BESTEFFORT,CANCELLED,,45.831,"{'m1-1': 102.9, 'm2-1': 9.18, 'm3-1': 1.09, 'm4-1': 104.72, 'm5-1': 11.11, 'm6-1': 5.21, 'm7-1': 1.07, 'm8-1': 4.64}",0.0,inf,inf,inf,155.83100000000002,155.83100000000002
473,T10,BESTEFFORT,CANCELLED,,45.977,"{'m1-1': 98.56, 'm2-1': 10.37, 'm3-1': 1.12, 'm4-1': 102.41, 'm5-1': 10.76, 'm6-1': 5.09, 'm7-1': 1.04, 'm8-1': 4.74}",0.0,inf,inf,inf,155.977,155.977
474,T5,BESTEFFORT,COMPLETED,m5-1,46.263,"{'m1-1': 95.2, 'm2-1': 10.24, 'm3-1': 1.01, 'm4-1': 109.1, 'm5-1': 10.2, 'm6-1': 5.23, 'm7-1': 1.04, 'm8-1': 5.18}",15.299999999999999,81.98599999999999,92.18599999999999,inf,156.263,156.263
475,T2,BESTEFFORT,COMPLETED,m7-1,46.386,"{'m1-1': 110.72, 'm2-1': 10.24, 'm3-1': 1.06, 'm4-1': 99.66, 'm5-1': 9.52, 'm6-1': 5.25, 'm7-1': 1.02, 'm8-1': 5.19}",1.53,135.90099999999998,136.921,inf,156.386,156.386
476,T9,BESTEFFORT,MISSED,m7-1,46.427,"{'m1-1': 109.66, 'm2-1': 10.98, 'm3-1': 1.02, 'm4-1': 114.38, 'm5-1': 10.35, 'm6-1': 5.21, 'm7-1': 1.11, 'm8-1': 5.02}",0.0,156.80100000000004,inf,156.80100000000004,156.427,156.427
477,T10,BESTEFFORT,COMPLETED,m3-1,46.44,"{'m1-1': 102.01, 'm2-1': 9.74, 'm3-1': 1.02, 'm4-1': 105.94, 'm5-1': 9.82, 'm6-1': 5.23, 'm7-1': 1.01, 'm8-1': 4.92}",1.53,154.122,155.14200000000002,inf,156.44,156.44
478,T7,BESTEFFORT,CANCELLED,,46.512,"{'m1-1': 94.03, 'm2-1': 9.93, 'm3-1': 0.94, 'm4-1': 106.32, 'm5-1': 10.15, 'm6-1': 5.2, 'm7-1': 1.07, 'm8-1': 5.28}",0.0,inf,inf,inf,156.512,156.512
479,T9,BESTEFFORT,CANCELLED,,46.658,"{'m1-1': 103.58, 'm2-1': 11.2, 'm3-1': 1.09, 'm4-1': 109.69, 'm5-1': 9.7, 'm6-1': 4.86, 'm7-1': 1.06, 'm8-1': 5.32}",0.0,inf,inf,inf,156.65800000000002,156.65800000000002
480,T3,BESTEFFORT,CANCELLED,,46.729,"{'m1-1': 113.02, 'm2-1': 10.75, 'm3-1': 1.08, 'm4-1': 109.85, 'm5-1': 9.74, 'm6-1': 5.19, 'm7-1': 0.95, 'm8-1': 5.59}",0.0,inf,inf,inf,156.72899999999998,156.72899999999998
481,T8,BESTEFFORT,CANCELLED,,46.784,"{'m1-1': 100.65, 'm2-1': 10.26, 'm3-1': 0.98, 'm4-1': 111.35, 'm5-1': 10.26, 'm6-1': 5.6, 'm7-1': 1.09, 'm8-1': 5.3}",0.0,inf,inf,inf,156.784,156.784
482,T7,BESTEFFORT,CANCELLED,,46.816,"{'m1-1': 105.61, 'm2-1': 10.46, 'm3-1': 1.02, 'm4-1': 96.73, 'm5-1': 11.08, 'm6-1': 4.91, 'm7-1': 1.11, 'm8-1': 4.96}",0.0,inf,inf,inf,156.816,156.816
483,T4,BESTEFFORT,COMPLETED,m7-1,46.819,"{'m1-1': 104.02, 'm2-1': 9.9, 'm3-1': 1.04, 'm4-1': 97.82, 'm5-1': 10.09, 'm6-1': 5.54, 'm7-1': 0.96, 'm8-1': 5.62}",1.44,50.481999999999985,51.441999999999986,inf,156.81900000000002,156.81900000000002
484,T1,BESTEFFORT,CANCELLED,,46.945,"{'m1-1': 106.72, 'm2-1': 9.78, 'm3-1': 1.1, 'm4-1': 115.19, 'm5-1': 9.78, 'm6-1': 4.87, 'm7-1': 1.07, 'm8-1': 4.71}",0.0,inf,inf,inf,156.945,156.945
485,T8,BESTEFFORT,CANCELLED,,47.047,"{'m1-1': 110.65, 'm2-1': 11.06, 'm3-1': 1.14, 'm4-1': 106.57, 'm5-1': 9.96, 'm6-1': 5.43, 'm7-1': 1.15, 'm8-1': 4.99}",0.0,inf,inf,inf,157.047,157.047
486,T8,BESTEFFORT,MISSED,m5-1,47.168,"{'m1-1': 107.27, 'm2-1': 10.65, 'm3-1': 1.07, 'm4-1': 111.01, 'm5-1': 10.89, 'm6-1': 4.92, 'm7-1': 1.14, 'm8-1': 5.39}",0.0,173.757,inf,173.757,157.168,157.168
487,T2,BESTEFFORT,CANCELLED,,47.186,"{'m1-1': 113.25, 'm2-1': 11.56, 'm3-1': 0.95, 'm4-1': 110.15, 'm5-1': 10.6, 'm6-1': 5.19, 'm7-1': 0.99, 'm8-1': 5.39}",0.0,inf,inf,inf,157.186,157.186
488,T6,BESTEFFORT,CANCELLED,,47.274,"{'m1-1': 101.98, 'm2-1': 10.34, 'm3-1': 1.07, 'm4-1': 115.74, 'm5-1': 9.41, 'm6-1': 5.43, 'm7-1': 0.93, 'm8-1': 5.33}",0.0,inf,inf,inf,157.274,157.274
489,T5,BESTEFFORT,COMPLETED,m7-1,47.304,"{'m1-1': 95.28, 'm2-1': 9.57, 'm3-1': 1.02, 'm4-1': 99.94, 'm5-1': 10.84, 'm6-1': 5.2, 'm7-1': 0.94, 'm8-1': 5.3}",1.41,51.441999999999986,52.381999999999984,inf,157.304,157.304
490,T7,BESTEFFORT,CANCELLED,,47.332,"{'m1-1': 98.11, 'm2-1': 10.28, 'm3-1': 0.97, 'm4-1': 107.2, 'm5-1': 10.18, 'm6-1': 4.66, 'm7-1': 1.02, 'm8-1': 5.4}",0.0,inf,inf,inf,157.332,157.332
491,T4,BESTEFFORT,COMPLETED,m3-1,47.415,"{'m1-1': 109.87, 'm2-1': 10.2, 'm3-1': 0.97, 'm4-1': 108.64, 'm5-1': 9.96, 'm6-1': 5.25, 'm7-1': 1.03, 'm8-1': 5.57}",1.455,56.692,57.662,inf,157.415,157.415
492,T5,BESTEFFORT,COMPLETED,m6-1,47.473,"{'m1-1': 101.15, 'm2-1': 9.77, 'm3-1': 1.16, 'm4-1': 105.02, 'm5-1': 10.38, 'm6-1': 5.04, 'm7-1': 1.06, 'm8-1': 5.42}",7.5600000000000005,137.605,142.64499999999998,inf,157.473,157.473
493,T4,BESTEFFORT,COMPLETED,m3-1,47.728,"{'m1-1': 110.54, 'm2-1': 11.08, 'm3-1': 1.03, 'm4-1': 105.8, 'm5-1': 9.63, 'm6-1': 4.85, 'm7-1': 0.94, 'm8-1': 5.23}",1.545,155.14200000000002,156.17200000000003,inf,157.728,157.728
494,T10,BESTEFFORT,CANCELLED,,47.742,"{'m1-1': 109.2, 'm2-1': 10.26, 'm3-1': 1.12, 'm4-1': 102.49, 'm5-1': 9.54, 'm6-1': 5.53, 'm7-1': 1.1, 'm8-1': 4.8}",0.0,inf,inf,inf,157.742,157.742
495,T8,BESTEFFORT,COMPLETED,m3-1,47.799,"{'m1-1': 107.8, 'm2-1': 10.79, 'm3-1': 1.11, 'm4-1': 96.81, 'm5-1': 9.52, 'm6-1': 5.09, 'm7-1': 1.12, 'm8-1': 5.0}",1.665,156.17200000000003,157.28200000000004,inf,157.799,157.799
496,T9,BESTEFFORT,CANCELLED,,47.886,"{'m1-1': 112.01, 'm2-1': 10.6, 'm3-1': 1.12, 'm4-1': 110.38, 'm5-1': 10.01, 'm6-1': 5.01, 'm7-1': 1.1, 'm8-1': 4.77}",0.0,inf,inf,inf,157.886,157.886
497,T7,BESTEFFORT,CANCELLED,,47.935,"{'m1-1': 97.54, 'm2-1': 10.4, 'm3-1': 1.02, 'm4-1': 96.7, 'm5-1': 9.57, 'm6-1': 5.42, 'm7-1': 1.18, 'm8-1': 5.17}",0.0,inf,inf,inf,157.935,157.935
498,T3,BESTEFFORT,COMPLETED,m3-1,47.958,"{'m1-1': 103.87, 'm2-1': 10.88, 'm3-1': 1.08, 'm4-1': 104.53, 'm5-1': 10.66, 'm6-1': 4.62, 'm7-1': 0.94, 'm8-1': 5.49}",1.62,51.512,52.592,inf,157.958,157.958
499,T6,BESTEFFORT,CANCELLED,,48.0,"{'m1-1': 100.97, 'm2-1': 10.28, 'm3-1': 1.01, 'm4-1': 112.5, 'm5-1': 10.19, 'm6-1': 5.94, 'm7-1': 1.07, 'm8-1': 5.4}",0.0,inf,inf,inf,158.0,158.0
500,T2,BESTEFFORT,COMPLETED,m3-1,48.131,"{'m1-1': 110.87, 'm2-1': 10.2, 'm3-1': 1.06, 'm4-1': 101.56, 'm5-1': 9.99, 'm6-1': 5.36, 'm7-1': 1.01, 'm8-1': 5.28}",1.59,53.571999999999996,54.632,inf,158.131,158.131
501,T9,BESTEFFORT,CANCELLED,,48.157,"{'m1-1': 111.54, 'm2-1': 10.33, 'm3-1': 1.01, 'm4-1': 106.86, 'm5-1': 9.91, 'm6-1': 5.27, 'm7-1': 1.12, 'm8-1': 5.44}",0.0,inf,inf,inf,158.15699999999998,158.15699999999998
502,T5,BESTEFFORT,MISSED,m5-1,48.224,"{'m1-1': 95.49, 'm2-1': 9.39, 'm3-1': 1.12, 'm4-1': 104.72, 'm5-1': 10.46, 'm6-1': 5.15, 'm7-1': 1.0, 'm8-1': 5.16}",0.0,173.757,inf,173.757,158.224,158.224
503,T6,BESTEFFORT,COMPLETED,m7-1,48.438,"{'m1-1': 107.88, 'm2-1': 9.86, 'm3-1': 1.08, 'm4-1': 113.71, 'm5-1': 9.57, 'm6-1': 5.12, 'm7-1': 1.09, 'm8-1': 5.26}",1.6350000000000002,136.921,138.011,inf,158.438,158.438
504,T9,BESTEFFORT,COMPLETED,m7-1,48.542,"{'m1-1': 103.91, 'm2-1': 9.66, 'm3-1': 1.08, 'm4-1': 105.92, 'm5-1': 10.82, 'm6-1': 4.81, 'm7-1': 0.99, 'm8-1': 4.97}",1.4849999999999999,138.011,139.001,inf,158.542,158.542
505,T9,BESTEFFORT,CANCELLED,,48.612,"{'m1-1': 111.38, 'm2-1': 9.61, 'm3-1': 1.07, 'm4-1': 98.52, 'm5-1': 9.98, 'm6-1': 4.77, 'm7-1': 1.12, 'm8-1': 5.34}",0.0,inf,inf,inf,158.612,158.612
506,T3,BESTEFFORT,COMPLETED,m6-1,48.624,"{'m1-1': 102.97, 'm2-1': 10.86, 'm3-1': 1.06, 'm4-1': 108.39, 'm5-1': 10.72, 'm6-1': 5.41, 'm7-1': 0.96, 'm8-1': 5.45}",8.115,66.56200000000001,71.97200000000001,inf,158.624,158.624
507,T7,BESTEFFORT,COMPLETED,m3-1,48.819,"{'m1-1': 102.68, 'm2-1': 11.22, 'm3-1': 0.98, 'm4-1': 107.16, 'm5-1': 10.0, 'm6-1': 4.68, 'm7-1': 1.03, 'm8-1': 5.59}",1.47,52.592,53.571999999999996,inf,158.81900000000002,158.81900000000002
508,T8,BESTEFFORT,COMPLETED,m3-1,48.942,"{'m1-1': 108.14, 'm2-1': 10.54, 'm3-1': 0.98, 'm4-1': 106.14, 'm5-1': 9.7, 'm6-1': 5.57, 'm7-1': 1.0, 'm8-1': 5.06}",1.47,69.712,70.69200000000001,inf,158.942,158.942
509,T8,BESTEFFORT,CANCELLED,,49.05,"{'m1-1': 101.26, 'm2-1': 10.3, 'm3-1': 1.05, 'm4-1': 107.47, 'm5-1': 11.12, 'm6-1': 5.12, 'm7-1': 1.0, 'm8-1': 4.66}",0.0,inf,inf,inf,159.05,159.05
510,T6,BESTEFFORT,CANCELLED,,49.078,"{'m1-1': 101.37, 'm2-1': 9.52, 'm3-1': 1.05, 'm4-1': 108.01, 'm5-1': 9.83, 'm6-1': 5.5, 'm7-1': 0.98, 'm8-1': 5.55}",0.0,inf,inf,inf,159.078,159.078
511,T4,BESTEFFORT,CANCELLED,,49.173,"{'m1-1': 103.51, 'm2-1': 10.76, 'm3-1': 1.12, 'm4-1': 96.61, 'm5-1': 10.13, 'm6-1': 4.84, 'm7-1': 1.07, 'm8-1': 5.71}",0.0,inf,inf,inf,159.173,159.173
512,T3,BESTEFFORT,CANCELLED,,49.194,"{'m1-1': 105.11, 'm2-1': 11.04, 'm3-1': 0.98, 'm4-1': 110.3, 'm5-1': 10.1, 'm6-1': 5.07, 'm7-1': 0.98, 'm8-1': 4.99}",0.0,inf,inf,inf,159.19400000000002,159.19400000000002
513,T9,BESTEFFORT,CANCELLED,,49.212,"{'m1-1': 98.57, 'm2-1': 10.26, 'm3-1': 1.04, 'm4-1': 110.49, 'm5-1': 10.3, 'm6-1': 4.85, 'm7-1': 1.11, 'm8-1': 5.0}",0.0,inf,inf,inf,159.212,159.212
514,T3,BESTEFFORT,COMPLETED,m7-1,49.242,"{'m1-1': 113.65, 'm2-1': 10.27, 'm3-1': 0.97, 'm4-1': 102.75, 'm5-1': 10.28, 'm6-1': 5.24, 'm7-1': 1.06, 'm8-1': 5.48}",1.59,52.381999999999984,53.441999999999986,inf,159.242,159.242
515,T9,BESTEFFORT,CANCELLED,,49.258,"{'m1-1': 115.52, 'm2-1': 9.61, 'm3-1': 1.02, 'm4-1': 113.89, 'm5-1': 10.25, 'm6-1': 4.98, 'm7-1': 1.03, 'm8-1': 5.6}",0.0,inf,inf,inf,159.258,159.258
516,T7,BESTEFFORT,COMPLETED,m5-1,49.433,"{'m1-1': 103.98, 'm2-1': 9.64, 'm3-1': 0.98, 'm4-1': 110.35, 'm5-1': 10.41, 'm6-1': 4.74, 'm7-1': 1.16, 'm8-1': 5.59}",15.615,142.667,153.077,inf,159.433,159.433
517,T2,BESTEFFORT,COMPLETED,m3-1,49.438,"{'m1-1': 104.98, 'm2-1': 10.2, 'm3-1': 0.96, 'm4-1': 117.79, 'm5-1': 9.86, 'm6-1': 4.77, 'm7-1': 1.06, 'm8-1': 4.8}",1.44,55.732,56.692,inf,159.438,159.438
518,T6,BESTEFFORT,COMPLETED,m7-1,49.486,"{'m1-1': 118.35, 'm2-1': 9.31, 'm3-1': 1.08, 'm4-1': 110.68, 'm5-1': 9.97, 'm6-1': 5.67, 'm7-1': 1.02, 'm8-1': 5.03}",1.53,156.80100000000004,157.82100000000005,inf,159.486,159.486
519,T1,BESTEFFORT,COMPLETED,m3-1,49.504,"{'m1-1': 113.44, 'm2-1': 10.73, 'm3-1': 0.99, 'm4-1': 114.41, 'm5-1': 10.24, 'm6-1': 4.68, 'm7-1': 1.03, 'm8-1': 4.93}",1.4849999999999999,157.28200000000004,158.27200000000005,inf,159.504,159.504
520,T10,BESTEFFORT,MISSED,m8-1,49.619,"{'m1-1': 98.07, 'm2-1': 10.26, 'm3-1': 1.02, 'm4-1': 102.08, 'm5-1': 10.23, 'm6-1': 5.59, 'm7-1': 1.02, 'm8-1': 4.7}",0.0,162.67100000000002,inf,162.67100000000002,159.619,159.619
521,T1,BESTEFFORT,COMPLETED,m3-1,49.659,"{'m1-1': 107.68, 'm2-1': 9.97, 'm3-1': 1.1, 'm4-1': 104.74, 'm5-1': 9.91, 'm6-1': 4.83, 'm7-1': 1.13, 'm8-1': 4.61}",1.6500000000000001,128.88199999999998,129.98199999999997,inf,159.659,159.659
522,T3,BESTEFFORT,COMPLETED,m7-1,49.756,"{'m1-1': 96.82, 'm2-1': 11.76, 'm3-1': 1.03, 'm4-1': 111.65, 'm5-1': 11.23, 'm6-1': 4.73, 'm7-1': 1.07, 'm8-1': 5.45}",1.605,139.001,140.071,inf,159.756,159.756
523,T5,BESTEFFORT,CANCELLED,,49.832,"{'m1-1': 97.66, 'm2-1': 10.91, 'm3-1': 1.17, 'm4-1': 112.3, 'm5-1': 10.13, 'm6-1': 4.84, 'm7-1': 0.97, 'm8-1': 5.34}",0.0,inf,inf,inf,159.832,159.832
524,T3,BESTEFFORT,COMPLETED,m3-1,50.118,"{'m1-1': 112.65, 'm2-1': 11.25, 'm3-1': 1.1, 'm4-1': 102.75, 'm5-1': 9.64, 'm6-1': 5.22, 'm7-1': 0.97, 'm8-1': 5.19}",1.6500000000000001,54.632,55.732,inf,160.118,160.118
525,T8,BESTEFFORT,CANCELLED,,50.147,"{'m1-1': 103.69, 'm2-1': 10.36, 'm3-1': 1.08, 'm4-1': 95.28, 'm5-1': 9.72, 'm6-1': 4.94, 'm7-1': 1.0, 'm8-1': 4.59}",0.0,inf,inf,inf,160.147,160.147
526,T6,BESTEFFORT,COMPLETED,m7-1,50.32,"{'m1-1': 100.23, 'm2-1': 10.56, 'm3-1': 1.09, 'm4-1': 113.75, 'm5-1': 10.93, 'm6-1': 5.44, 'm7-1': 1.07, 'm8-1': 5.02}",1.605,157.82100000000005,158.89100000000005,inf,160.32,160.32
527,T2,BESTEFFORT,COMPLETED,m7-1,50.578,"{'m1-1': 116.11, 'm2-1': 10.78, 'm3-1': 1.08, 'm4-1': 102.76, 'm5-1': 10.37, 'm6-1': 4.93, 'm7-1': 1.09, 'm8-1': 5.27}",1.6350000000000002,140.071,141.161,inf,160.578,160.578
528,T10,BESTEFFORT,COMPLETED,m3-1,50.632,"{'m1-1': 96.42, 'm2-1': 9.82, 'm3-1': 1.04, 'm4-1': 102.34, 'm5-1': 10.73, 'm6-1': 4.96, 'm7-1': 1.0, 'm8-1': 4.76}",1.56,158.27200000000005,159.31200000000004,inf,160.632,160.632
529,T6,BESTEFFORT,CANCELLED,,50.76,"{'m1-1': 111.0, 'm2-1': 9.35, 'm3-1': 1.05, 'm4-1': 104.95, 'm5-1': 10.83, 'm6-1': 5.75, 'm7-1': 0.99, 'm8-1': 5.35}",0.0,inf,inf,inf,160.76,160.76
530,T7,BESTEFFORT,CANCELLED,,50.842,"{'m1-1': 103.11, 'm2-1': 10.69, 'm3-1': 1.05, 'm4-1': 107.45, 'm5-1': 10.03, 'm6-1': 4.82, 'm7-1': 1.09, 'm8-1': 5.67}",0.0,inf,inf,inf,160.84199999999998,160.84199999999998
531,T3,BESTEFFORT,COMPLETED,m7-1,50.898,"{'m1-1': 103.82, 'm2-1': 10.88, 'm3-1': 1.07, 'm4-1': 96.87, 'm5-1': 9.51, 'm6-1': 5.42, 'm7-1': 0.95, 'm8-1': 4.97}",1.4249999999999998,54.46199999999999,55.41199999999999,inf,160.898,160.898
532,T2,BESTEFFORT,COMPLETED,m7-1,50.905,"{'m1-1': 109.72, 'm2-1': 11.31, 'm3-1': 0.98, 'm4-1': 117.72, 'm5-1': 10.99, 'm6-1': 4.97, 'm7-1': 0.94, 'm8-1': 5.49}",1.41,158.89100000000005,159.83100000000005,inf,160.905,160.905
533,T7,BESTEFFORT,CANCELLED,,51.018,"{'m1-1': 97.76, 'm2-1': 10.3, 'm3-1': 0.99, 'm4-1': 113.71, 'm5-1': 10.93, 'm6-1': 5.16, 'm7-1': 1.12, 'm8-1': 4.86}",0.0,inf,inf,inf,161.018,161.018
534,T1,BESTEFFORT,COMPLETED,m3-1,51.174,"{'m1-1': 99.52, 'm2-1': 9.33, 'm3-1': 1.07, 'm4-1': 109.46, 'm5-1': 10.01, 'm6-1': 4.98, 'm7-1': 1.12, 'm8-1': 5.28}",1.605,129.98199999999997,131.05199999999996,inf,161.174,161.174
535,T5,BESTEFFORT,CANCELLED,,51.231,"{'m1-1': 102.77, 'm2-1': 10.18, 'm3-1': 1.14, 'm4-1': 102.67, 'm5-1': 10.51, 'm6-1': 5.5, 'm7-1': 0.94, 'm8-1': 5.36}",0.0,inf,inf,inf,161.231,161.231
536,T6,BESTEFFORT,CANCELLED,,51.249,"{'m1-1': 106.48, 'm2-1': 9.24, 'm3-1': 1.06, 'm4-1': 103.6, 'm5-1': 9.79, 'm6-1': 5.51, 'm7-1': 0.93, 'm8-1': 4.84}",0.0,inf,inf,inf,161.249,161.249
537,T9,BESTEFFORT,CANCELLED,,51.409,"{'m1-1': 100.47, 'm2-1': 9.75, 'm3-1': 1.02, 'm4-1': 112.32, 'm5-1': 11.06, 'm6-1': 5.35, 'm7-1': 1.11, 'm8-1': 5.26}",0.0,inf,inf,inf,161.409,161.409
538,T8,BESTEFFORT,COMPLETED,m3-1,51.416,"{'m1-1': 107.36, 'm2-1': 10.56, 'm3-1': 1.06, 'm4-1': 93.97, 'm5-1': 9.61, 'm6-1': 4.81, 'm7-1': 1.0, 'm8-1': 5.41}",1.59,70.69200000000001,71.75200000000001,inf,161.416,161.416
539,T2,BESTEFFORT,COMPLETED,m3-1,51.729,"{'m1-1': 100.03, 'm2-1': 10.95, 'm3-1': 0.96, 'm4-1': 107.58, 'm5-1': 9.91, 'm6-1': 4.71, 'm7-1': 0.96, 'm8-1': 5.3}",1.44,159.31200000000004,160.27200000000005,inf,161.72899999999998,161.72899999999998
540,T1,BESTEFFORT,CANCELLED,,51.786,"{'m1-1': 116.03, 'm2-1': 9.56, 'm3-1': 1.01, 'm4-1': 99.72, 'm5-1': 11.46, 'm6-1': 4.96, 'm7-1': 1.07, 'm8-1': 5.26}",0.0,inf,inf,inf,161.786,161.786
541,T9,BESTEFFORT,COMPLETED,m7-1,51.889,"{'m1-1': 107.1, 'm2-1': 11.16, 'm3-1': 1.13, 'm4-1': 99.61, 'm5-1': 11.27, 'm6-1': 5.01, 'm7-1': 0.98, 'm8-1': 5.54}",1.47,100.972,101.952,inf,161.889,161.889
542,T10,BESTEFFORT,CANCELLED,,51.892,"{'m1-1': 113.6, 'm2-1': 10.85, 'm3-1': 1.1, 'm4-1': 105.82, 'm5-1': 10.11, 'm6-1': 5.37, 'm7-1': 1.0, 'm8-1': 4.84}",0.0,inf,inf,inf,161.892,161.892
543,T8,BESTEFFORT,CANCELLED,,51.917,"{'m1-1': 110.86, 'm2-1': 11.06, 'm3-1': 1.04, 'm4-1': 101.48, 'm5-1': 10.09, 'm6-1': 5.44, 'm7-1': 0.99, 'm8-1': 5.4}",0.0,inf,inf,inf,161.917,161.917
544,T5,BESTEFFORT,COMPLETED,m7-1,52.011,"{'m1-1': 94.51, 'm2-1': 9.55, 'm3-1': 1.13, 'm4-1': 96.25, 'm5-1': 10.97, 'm6-1': 4.83, 'm7-1': 0.95, 'm8-1': 5.11}",1.4249999999999998,55.41199999999999,56.361999999999995,inf,162.011,162.011
545,T7,BESTEFFORT,CANCELLED,,52.269,"{'m1-1': 95.06, 'm2-1': 10.51, 'm3-1': 0.99, 'm4-1': 101.6, 'm5-1': 9.42, 'm6-1': 4.68, 'm7-1': 1.09, 'm8-1': 5.28}",0.0,inf,inf,inf,162.269,162.269
546,T7,BESTEFFORT,CANCELLED,,52.37,"{'m1-1': 95.48, 'm2-1': 10.36, 'm3-1': 1.06, 'm4-1': 98.88, 'm5-1': 10.18, 'm6-1': 5.05, 'm7-1': 1.12, 'm8-1': 5.21}",0.0,inf,inf,inf,162.37,162.37
547,T4,BESTEFFORT,CANCELLED,,52.606,"{'m1-1': 117.36, 'm2-1': 9.62, 'm3-1': 1.04, 'm4-1': 110.8, 'm5-1': 9.83, 'm6-1': 4.8, 'm7-1': 1.04, 'm8-1': 5.26}",0.0,inf,inf,inf,162.606,162.606
548,T6,BESTEFFORT,CANCELLED,,52.636,"{'m1-1': 103.3, 'm2-1': 10.28, 'm3-1': 1.16, 'm4-1': 101.81, 'm5-1': 11.04, 'm6-1': 5.96, 'm7-1': 1.03, 'm8-1': 5.69}",0.0,inf,inf,inf,162.636,162.636
549,T5,BESTEFFORT,COMPLETED,m7-1,52.725,"{'m1-1': 103.18, 'm2-1': 10.62, 'm3-1': 1.13, 'm4-1': 108.41, 'm5-1': 10.38, 'm6-1': 5.33, 'm7-1': 1.01, 'm8-1': 4.73}",1.5150000000000001,159.83100000000005,160.84100000000004,inf,162.725,162.725
550,T2,BESTEFFORT,COMPLETED,m3-1,52.761,"{'m1-1': 110.14, 'm2-1': 10.5, 'm3-1': 0.97, 'm4-1': 104.88, 'm5-1': 11.26, 'm6-1': 4.69, 'm7-1': 0.99, 'm8-1': 4.81}",1.455,160.27200000000005,161.24200000000005,inf,162.761,162.761
551,T6,BESTEFFORT,COMPLETED,m7-1,52.985,"{'m1-1': 116.43, 'm2-1': 10.09, 'm3-1': 1.1, 'm4-1': 111.79, 'm5-1': 10.38, 'm6-1': 5.36, 'm7-1': 0.94, 'm8-1': 5.27}",1.41,56.361999999999995,57.30199999999999,inf,162.985,162.985
552,T7,BESTEFFORT,COMPLETED,m3-1,53.317,"{'m1-1': 108.94, 'm2-1': 10.14, 'm3-1': 1.07, 'm4-1': 110.89, 'm5-1': 10.57, 'm6-1': 5.34, 'm7-1': 1.13, 'm8-1': 5.39}",1.605,74.78200000000001,75.852,inf,163.317,163.317
553,T7,BESTEFFORT,COMPLETED,m5-1,53.599,"{'m1-1': 106.59, 'm2-1': 10.88, 'm3-1': 1.09, 'm4-1': 109.17, 'm5-1': 9.63, 'm6-1': 5.48, 'm7-1': 1.19, 'm8-1': 5.3}",14.445,153.077,162.707,inf,163.599,163.599
554,T9,BESTEFFORT,CANCELLED,,53.669,"{'m1-1': 100.97, 'm2-1': 10.62, 'm3-1': 1.11, 'm4-1': 99.42, 'm5-1': 10.24, 'm6-1': 4.84, 'm7-1': 1.06, 'm8-1': 5.52}",0.0,inf,inf,inf,163.66899999999998,163.66899999999998
555,T7,BESTEFFORT,COMPLETED,m6-1,53.697,"{'m1-1': 100.2, 'm2-1': 9.66, 'm3-1': 0.96, 'm4-1': 103.1, 'm5-1': 10.57, 'm6-1': 5.05, 'm7-1': 1.04, 'm8-1': 5.07}",7.574999999999999,71.97200000000001,77.022,inf,163.697,163.697
556,T3,BESTEFFORT,COMPLETED,m7-1,53.729,"{'m1-1': 97.14, 'm2-1': 11.6, 'm3-1': 0.94, 'm4-1': 111.78, 'm5-1': 10.23, 'm6-1': 4.67, 'm7-1': 0.98, 'm8-1': 5.44}",1.47,141.161,142.141,inf,163.72899999999998,163.72899999999998
557,T10,BESTEFFORT,COMPLETED,m7-1,53.795,"{'m1-1': 111.84, 'm2-1': 10.76, 'm3-1': 1.06, 'm4-1': 101.66, 'm5-1': 9.78, 'm6-1': 5.02, 'm7-1': 1.09, 'm8-1': 4.81}",1.6350000000000002,160.84100000000004,161.93100000000004,inf,163.79500000000002,163.79500000000002
558,T7,BESTEFFORT,COMPLETED,m3-1,53.833,"{'m1-1': 99.1, 'm2-1': 10.95, 'm3-1': 1.03, 'm4-1': 100.37, 'm5-1': 9.57, 'm6-1': 4.81, 'm7-1': 1.06, 'm8-1': 5.59}",1.545,57.662,58.692,inf,163.833,163.833
559,T10,BESTEFFORT,CANCELLED,,53.883,"{'m1-1': 110.98, 'm2-1': 9.82, 'm3-1': 1.06, 'm4-1': 95.44, 'm5-1': 10.75, 'm6-1': 5.11, 'm7-1': 1.14, 'm8-1': 5.26}",0.0,inf,inf,inf,163.883,163.883
560,T4,BESTEFFORT,COMPLETED,m7-1,53.923,"{'m1-1': 107.47, 'm2-1': 10.8, 'm3-1': 0.99, 'm4-1': 109.26, 'm5-1': 11.13, 'm6-1': 5.35, 'm7-1': 1.08, 'm8-1': 5.15}",1.62,142.141,143.221,inf,163.923,163.923
561,T7,BESTEFFORT,CANCELLED,,53.978,"{'m1-1': 100.26, 'm2-1': 10.15, 'm3-1': 0.96, 'm4-1': 103.57, 'm5-1': 10.88, 'm6-1': 4.99, 'm7-1': 1.18, 'm8-1': 4.93}",0.0,inf,inf,inf,163.978,163.978
562,T2,BESTEFFORT,COMPLETED,m7-1,54.108,"{'m1-1': 115.98, 'm2-1': 9.93, 'm3-1': 0.98, 'm4-1': 111.39, 'm5-1': 10.03, 'm6-1': 5.08, 'm7-1': 1.07, 'm8-1': 5.13}",1.605,57.30199999999999,58.37199999999999,inf,164.108,164.108
563,T8,BESTEFFORT,COMPLETED,m3-1,54.385,"{'m1-1': 110.44, 'm2-1': 10.14, 'm3-1': 1.04, 'm4-1': 102.42, 'm5-1': 10.09, 'm6-1': 5.34, 'm7-1': 1.01, 'm8-1': 5.25}",1.56,161.24200000000005,162.28200000000004,inf,164.385,164.385
564,T1,BESTEFFORT,MISSED,m2-1,54.413,"{'m1-1': 100.44, 'm2-1': 10.14, 'm3-1': 0.98, 'm4-1': 105.34, 'm5-1': 10.82, 'm6-1': 5.15, 'm7-1': 0.96, 'm8-1': 5.36}",0.0,183.21,inf,183.21,164.413,164.413
565,T4,BESTEFFORT,CANCELLED,,54.419,"{'m1-1': 107.96, 'm2-1': 11.05, 'm3-1': 1.06, 'm4-1': 100.85, 'm5-1': 10.11, 'm6-1': 4.82, 'm7-1': 0.97, 'm8-1': 5.53}",0.0,inf,inf,inf,164.41899999999998,164.41899999999998
566,T8,BESTEFFORT,COMPLETED,m3-1,54.434,"{'m1-1': 108.6, 'm2-1': 9.74, 'm3-1': 1.02, 'm4-1': 101.43, 'm5-1': 10.74, 'm6-1': 5.03, 'm7-1': 1.08, 'm8-1': 4.72}",1.53,131.05199999999996,132.07199999999997,inf,164.434,164.434
567,T9,BESTEFFORT,MISSED,m6-1,54.458,"{'m1-1': 110.34, 'm2-1': 10.51, 'm3-1': 1.02, 'm4-1': 109.4, 'm5-1': 9.84, 'm6-1': 4.69, 'm7-1': 1.09, 'm8-1': 5.46}",2.1795000000000044,163.005,inf,164.458,164.458,164.458
568,T3,BESTEFFORT,COMPLETED,m7-1,54.813,"{'m1-1': 99.88, 'm2-1': 11.66, 'm3-1': 0.97, 'm4-1': 94.54, 'm5-1': 10.45, 'm6-1': 4.59, 'm7-1': 1.08, 'm8-1': 4.98}",1.62,161.93100000000004,163.01100000000005,inf,164.813,164.813
569,T4,BESTEFFORT,COMPLETED,m7-1,54.876,"{'m1-1': 114.2, 'm2-1': 10.76, 'm3-1': 1.1, 'm4-1': 112.03, 'm5-1': 10.55, 'm6-1': 5.43, 'm7-1': 1.07, 'm8-1': 5.54}",1.605,101.952,103.02199999999999,inf,164.876,164.876
570,T2,BESTEFFORT,COMPLETED,m7-1,54.959,"{'m1-1': 105.33, 'm2-1': 10.74, 'm3-1': 1.08, 'm4-1': 111.59, 'm5-1': 9.58, 'm6-1': 5.18, 'm7-1': 1.05, 'm8-1': 5.13}",1.5750000000000002,66.53200000000001,67.58200000000001,inf,164.959,164.959
571,T9,BESTEFFORT,COMPLETED,m7-1,54.971,"{'m1-1': 104.97, 'm2-1': 10.58, 'm3-1': 1.09, 'm4-1': 98.06, 'm5-1': 10.36, 'm6-1': 5.38, 'm7-1': 1.03, 'm8-1': 5.57}",1.545,163.01100000000005,164.04100000000005,inf,164.971,164.971
572,T5,BESTEFFORT,COMPLETED,m7-1,55.081,"{'m1-1': 93.77, 'm2-1': 10.61, 'm3-1': 1.14, 'm4-1': 111.44, 'm5-1': 10.95, 'm6-1': 4.84, 'm7-1': 1.02, 'm8-1': 4.83}",1.53,58.37199999999999,59.391999999999996,inf,165.08100000000002,165.08100000000002
573,T2,BESTEFFORT,COMPLETED,m7-1,55.226,"{'m1-1': 99.44, 'm2-1': 11.03, 'm3-1': 0.94, 'm4-1': 111.18, 'm5-1': 10.3, 'm6-1': 5.49, 'm7-1': 0.99, 'm8-1': 4.93}",1.4849999999999999,164.04100000000005,165.03100000000006,inf,165.226,165.226
574,T2,BESTEFFORT,COMPLETED,m3-1,55.275,"{'m1-1': 107.97, 'm2-1': 10.51, 'm3-1': 0.99, 'm4-1': 111.85, 'm5-1': 9.49, 'm6-1': 5.29, 'm7-1': 1.03, 'm8-1': 4.75}",1.4849999999999999,132.07199999999997,133.06199999999998,inf,165.275,165.275
575,T4,BESTEFFORT,CANCELLED,,55.426,"{'m1-1': 105.06, 'm2-1': 10.29, 'm3-1': 1.01, 'm4-1': 99.26, 'm5-1': 10.7, 'm6-1': 5.66, 'm7-1': 1.08, 'm8-1': 5.08}",0.0,inf,inf,inf,165.426,165.426
576,T4,BESTEFFORT,CANCELLED,,55.602,"{'m1-1': 114.13, 'm2-1': 10.1, 'm3-1': 1.1, 'm4-1': 99.16, 'm5-1': 11.13, 'm6-1': 5.02, 'm7-1': 0.96, 'm8-1': 5.18}",0.0,inf,inf,inf,165.602,165.602
577,T8,BESTEFFORT,COMPLETED,m3-1,55.622,"{'m1-1': 102.97, 'm2-1': 11.11, 'm3-1': 1.08, 'm4-1': 99.55, 'm5-1': 11.23, 'm6-1': 5.01, 'm7-1': 1.15, 'm8-1': 4.79}",1.62,162.28200000000004,163.36200000000005,inf,165.622,165.622
578,T3,BESTEFFORT,COMPLETED,m7-1,55.867,"{'m1-1': 106.0, 'm2-1': 10.85, 'm3-1': 0.95, 'm4-1': 99.32, 'm5-1': 10.25, 'm6-1': 5.44, 'm7-1': 0.99, 'm8-1': 5.18}",1.4849999999999999,143.221,144.211,inf,165.867,165.867
579,T10,BESTEFFORT,CANCELLED,,55.878,"{'m1-1': 111.79, 'm2-1': 10.38, 'm3-1': 1.15, 'm4-1': 111.52, 'm5-1': 9.8, 'm6-1': 5.02, 'm7-1': 1.12, 'm8-1': 4.81}",0.0,inf,inf,inf,165.878,165.878
580,T8,BESTEFFORT,COMPLETED,m3-1,55.906,"{'m1-1': 101.14, 'm2-1': 10.18, 'm3-1': 1.02, 'm4-1': 111.17, 'm5-1': 11.19, 'm6-1': 5.07, 'm7-1': 1.15, 'm8-1': 4.72}",1.53,75.852,76.872,inf,165.906,165.906
581,T2,BESTEFFORT,COMPLETED,m7-1,56.057,"{'m1-1': 104.72, 'm2-1': 11.12, 'm3-1': 0.94, 'm4-1': 116.51, 'm5-1': 11.2, 'm6-1': 4.9, 'm7-1': 1.06, 'm8-1': 4.87}",1.59,59.391999999999996,60.452,inf,166.05700000000002,166.05700000000002
582,T2,BESTEFFORT,COMPLETED,m8-1,56.06,"{'m1-1': 111.42, 'm2-1': 10.69, 'm3-1': 1.03, 'm4-1': 116.6, 'm5-1': 10.46, 'm6-1': 5.03, 'm7-1': 0.95, 'm8-1': 4.7}",7.050000000000001,76.86700000000002,81.56700000000002,inf,166.06,166.06
583,T4,BESTEFFORT,CANCELLED,,56.117,"{'m1-1': 117.36, 'm2-1': 11.17, 'm3-1': 1.02, 'm4-1': 99.24, 'm5-1': 9.71, 'm6-1': 5.2, 'm7-1': 1.0, 'm8-1': 5.41}",0.0,inf,inf,inf,166.117,166.117
584,T7,BESTEFFORT,CANCELLED,,56.262,"{'m1-1': 97.04, 'm2-1': 9.84, 'm3-1': 1.01, 'm4-1': 106.24, 'm5-1': 10.5, 'm6-1': 4.73, 'm7-1': 1.16, 'm8-1': 5.38}",0.0,inf,inf,inf,166.262,166.262
585,T10,BESTEFFORT,COMPLETED,m3-1,56.314,"{'m1-1': 109.62, 'm2-1': 10.15, 'm3-1': 1.1, 'm4-1': 97.54, 'm5-1': 10.72, 'm6-1': 4.97, 'm7-1': 1.14, 'm8-1': 5.12}",1.6500000000000001,133.06199999999998,134.16199999999998,inf,166.314,166.314
586,T7,BESTEFFORT,COMPLETED,m6-1,56.337,"{'m1-1': 101.3, 'm2-1': 10.05, 'm3-1': 0.94, 'm4-1': 100.14, 'm5-1': 9.72, 'm6-1': 4.99, 'm7-1': 1.03, 'm8-1': 5.68}",7.485,102.23200000000001,107.22200000000001,inf,166.337,166.337
587,T5,BESTEFFORT,COMPLETED,m7-1,56.439,"{'m1-1': 105.51, 'm2-1': 9.99, 'm3-1': 1.12, 'm4-1': 109.83, 'm5-1': 10.92, 'm6-1': 4.98, 'm7-1': 1.02, 'm8-1': 4.76}",1.53,60.452,61.472,inf,166.439,166.439
588,T1,BESTEFFORT,CANCELLED,,56.449,"{'m1-1': 112.66, 'm2-1': 9.86, 'm3-1': 1.08, 'm4-1': 102.01, 'm5-1': 10.73, 'm6-1': 5.5, 'm7-1': 1.11, 'm8-1': 4.71}",0.0,inf,inf,inf,166.449,166.449
589,T1,BESTEFFORT,COMPLETED,m7-1,56.468,"{'m1-1': 102.66, 'm2-1': 10.66, 'm3-1': 0.98, 'm4-1': 101.14, 'm5-1': 10.99, 'm6-1': 5.38, 'm7-1': 1.1, 'm8-1': 5.36}",1.6500000000000001,103.02199999999999,104.12199999999999,inf,166.46800000000002,166.46800000000002
590,T8,BESTEFFORT,COMPLETED,m8-1,56.687,"{'m1-1': 107.64, 'm2-1': 10.36, 'm3-1': 1.1, 'm4-1': 98.48, 'm5-1': 9.58, 'm6-1': 4.91, 'm7-1': 1.02, 'm8-1': 4.68}",7.02,72.18700000000001,76.86700000000002,inf,166.687,166.687
591,T5,BESTEFFORT,COMPLETED,m7-1,56.72,"{'m1-1': 92.7, 'm2-1': 9.23, 'm3-1': 1.1, 'm4-1': 95.1, 'm5-1': 10.56, 'm6-1': 5.42, 'm7-1': 0.97, 'm8-1': 4.96}",1.455,61.472,62.442,inf,166.72,166.72
592,T8,BESTEFFORT,CANCELLED,,56.753,"{'m1-1': 106.37, 'm2-1': 10.16, 'm3-1': 0.97, 'm4-1': 103.47, 'm5-1': 11.21, 'm6-1': 5.54, 'm7-1': 1.03, 'm8-1': 5.04}",0.0,inf,inf,inf,166.753,166.753
593,T9,BESTEFFORT,CANCELLED,,57.0,"{'m1-1': 102.98, 'm2-1': 10.84, 'm3-1': 1.08, 'm4-1': 102.51, 'm5-1': 10.81, 'm6-1': 4.83, 'm7-1': 1.05, 'm8-1': 5.12}",0.0,inf,inf,inf,167.0,167.0
594,T7,BESTEFFORT,COMPLETED,m5-1,57.036,"{'m1-1': 102.74, 'm2-1': 10.43, 'm3-1': 0.96, 'm4-1': 109.86, 'm5-1': 10.27, 'm6-1': 4.66, 'm7-1': 1.19, 'm8-1': 5.66}",15.405,92.18599999999999,102.45599999999999,inf,167.036,167.036
595,T10,BESTEFFORT,CANCELLED,,57.181,"{'m1-1': 114.06, 'm2-1': 10.96, 'm3-1': 1.03, 'm4-1': 106.53, 'm5-1': 9.98, 'm6-1': 5.29, 'm7-1': 1.04, 'm8-1': 4.7}",0.0,inf,inf,inf,167.18099999999998,167.18099999999998
596,T6,BESTEFFORT,CANCELLED,,57.222,"{'m1-1': 117.48, 'm2-1': 10.66, 'm3-1': 1.04, 'm4-1': 109.58, 'm5-1': 10.55, 'm6-1': 5.91, 'm7-1': 1.09, 'm8-1': 4.99}",0.0,inf,inf,inf,167.222,167.222
597,T8,BESTEFFORT,CANCELLED,,57.283,"{'m1-1': 99.0, 'm2-1': 10.23, 'm3-1': 0.99, 'm4-1': 109.96, 'm5-1': 11.21, 'm6-1': 5.54, 'm7-1': 1.16, 'm8-1': 4.58}",0.0,inf,inf,inf,167.28300000000002,167.28300000000002
598,T9,BESTEFFORT,COMPLETED,m3-1,57.314,"{'m1-1': 103.14, 'm2-1': 10.76, 'm3-1': 1.05, 'm4-1': 112.43, 'm5-1': 10.28, 'm6-1': 5.47, 'm7-1': 1.1, 'm8-1': 5.13}",1.5750000000000002,134.16199999999998,135.212,inf,167.314,167.314
599,T4,BESTEFFORT,CANCELLED,,57.314,"{'m1-1': 101.77, 'm2-1': 10.53, 'm3-1': 1.03, 'm4-1': 109.99, 'm5-1': 10.56, 'm6-1': 5.55, 'm7-1': 1.02, 'm8-1': 5.66}",0.0,inf,inf,inf,167.314,167.314
600,T1,BESTEFFORT,CANCELLED,,57.325,"{'m1-1': 114.84, 'm2-1': 9.94, 'm3-1': 1.0, 'm4-1': 104.07, 'm5-1': 11.22, 'm6-1': 4.7, 'm7-1': 1.08, 'm8-1': 4.66}",0.0,inf,inf,inf,167.325,167.325
601,T5,BESTEFFORT,COMPLETED,m7-1,57.461,"{'m1-1': 102.19, 'm2-1': 10.28, 'm3-1': 1.18, 'm4-1': 95.47, 'm5-1': 10.1, 'm6-1': 5.23, 'm7-1': 1.02, 'm8-1': 5.1}",1.53,67.58200000000001,68.602,inf,167.461,167.461
602,T9,BESTEFFORT,CANCELLED,,57.516,"{'m1-1': 101.73, 'm2-1': 9.73, 'm3-1': 1.1, 'm4-1': 113.2, 'm5-1': 10.91, 'm6-1': 5.2, 'm7-1': 1.11, 'm8-1': 4.92}",0.0,inf,inf,inf,167.516,167.516
603,T8,BESTEFFORT,COMPLETED,m3-1,57.835,"{'m1-1': 99.18, 'm2-1': 10.62, 'm3-1': 1.02, 'm4-1': 111.09, 'm5-1': 9.58, 'm6-1': 5.13, 'm7-1': 1.11, 'm8-1': 5.0}",1.53,76.872,77.892,inf,167.835,167.835
604,T2,BESTEFFORT,COMPLETED,m3-1,57.864,"{'m1-1': 99.01, 'm2-1': 11.1, 'm3-1': 0.97, 'm4-1': 104.98, 'm5-1': 10.02, 'm6-1': 5.11, 'm7-1': 1.01, 'm8-1': 5.18}",1.455,61.732,62.702,inf,167.864,167.864
605,T2,BESTEFFORT,COMPLETED,m7-1,57.903,"{'m1-1': 113.66, 'm2-1': 11.21, 'm3-1': 1.04, 'm4-1': 104.92, 'm5-1': 9.64, 'm6-1': 5.49, 'm7-1': 1.08, 'm8-1': 4.77}",1.62,68.602,69.682,inf,167.903,167.903
606,T2,BESTEFFORT,COMPLETED,m7-1,58.007,"{'m1-1': 110.86, 'm2-1': 10.55, 'm3-1': 1.06, 'm4-1': 107.48, 'm5-1': 10.97, 'm6-1': 4.78, 'm7-1': 1.04, 'm8-1': 5.31}",1.56,165.03100000000006,166.07100000000005,inf,168.007,168.007
607,T8,BESTEFFORT,COMPLETED,m3-1,58.086,"{'m1-1': 104.43, 'm2-1': 11.11, 'm3-1': 0.99, 'm4-1': 94.53, 'm5-1': 9.64, 'm6-1': 5.49, 'm7-1': 1.06, 'm8-1': 4.85}",1.4849999999999999,93.00200000000001,93.992,inf,168.086,168.086
608,T2,BESTEFFORT,CANCELLED,,58.148,"{'m1-1': 105.17, 'm2-1': 11.43, 'm3-1': 1.08, 'm4-1': 114.22, 'm5-1': 10.52, 'm6-1': 5.31, 'm7-1': 0.98, 'm8-1': 5.07}",0.0,inf,inf,inf,168.148,168.148
609,T5,BESTEFFORT,MISSED,m1-1,58.291,"{'m1-1': 92.22, 'm2-1': 9.81, 'm3-1': 1.1, 'm4-1': 99.75, 'm5-1': 11.0, 'm6-1': 5.08, 'm7-1': 1.06, 'm8-1': 5.37}",60.66,127.851,inf,168.291,168.291,168.291
610,T5,BESTEFFORT,COMPLETED,m7-1,58.365,"{'m1-1': 101.98, 'm2-1': 9.75, 'm3-1': 1.13, 'm4-1': 103.18, 'm5-1': 10.36, 'm6-1': 4.98, 'm7-1': 0.92, 'm8-1': 4.75}",1.3800000000000001,144.211,145.131,inf,168.365,168.365
611,T10,BESTEFFORT,CANCELLED,,58.462,"{'m1-1': 110.81, 'm2-1': 9.85, 'm3-1': 1.05, 'm4-1': 101.31, 'm5-1': 10.02, 'm6-1': 5.52, 'm7-1': 0.98, 'm8-1': 5.42}",0.0,inf,inf,inf,168.462,168.462
612,T3,BESTEFFORT,CANCELLED,,58.512,"{'m1-1': 109.02, 'm2-1': 11.56, 'm3-1': 1.01, 'm4-1': 97.63, 'm5-1': 9.72, 'm6-1': 4.72, 'm7-1': 0.99, 'm8-1': 5.58}",0.0,inf,inf,inf,168.512,168.512
613,T8,BESTEFFORT,MISSED,m4-1,58.663,"{'m1-1': 106.14, 'm2-1': 9.63, 'm3-1': 1.02, 'm4-1': 100.94, 'm5-1': 10.13, 'm6-1': 4.96, 'm7-1': 1.11, 'm8-1': 4.94}",0.0,190.382,inf,190.382,168.663,168.663
614,T5,BESTEFFORT,COMPLETED,m7-1,58.739,"{'m1-1': 99.63, 'm2-1': 10.43, 'm3-1': 1.04, 'm4-1': 108.98, 'm5-1': 9.62, 'm6-1': 4.91, 'm7-1': 1.02, 'm8-1': 5.29}",1.53,70.672,71.692,inf,168.739,168.739
615,T6,BESTEFFORT,COMPLETED,m7-1,58.919,"{'m1-1': 102.47, 'm2-1': 10.24, 'm3-1': 1.09, 'm4-1': 104.63, 'm5-1': 10.03, 'm6-1': 5.81, 'm7-1': 0.96, 'm8-1': 5.13}",1.44,62.442,63.402,inf,168.91899999999998,168.91899999999998
616,T2,BESTEFFORT,COMPLETED,m3-1,58.953,"{'m1-1': 105.96, 'm2-1': 11.74, 'm3-1': 1.01, 'm4-1': 101.3, 'm5-1': 9.58, 'm6-1': 5.01, 'm7-1': 0.96, 'm8-1': 4.99}",1.5150000000000001,64.622,65.632,inf,168.953,168.953
617,T2,BESTEFFORT,COMPLETED,m7-1,58.956,"{'m1-1': 104.24, 'm2-1': 9.97, 'm3-1': 0.95, 'm4-1': 107.99, 'm5-1': 10.51, 'm6-1': 5.43, 'm7-1': 1.11, 'm8-1': 5.37}",1.665,105.11199999999998,106.22199999999998,inf,168.95600000000002,168.95600000000002
618,T8,BESTEFFORT,CANCELLED,,59.047,"{'m1-1': 101.45, 'm2-1': 10.17, 'm3-1': 1.03, 'm4-1': 97.04, 'm5-1': 10.45, 'm6-1': 5.53, 'm7-1': 1.03, 'm8-1': 5.21}",0.0,inf,inf,inf,169.047,169.047
619,T3,BESTEFFORT,CANCELLED,,59.089,"{'m1-1': 111.02, 'm2-1': 10.74, 'm3-1': 1.0, 'm4-1': 103.31, 'm5-1': 9.83, 'm6-1': 5.37, 'm7-1': 1.09, 'm8-1': 5.35}",0.0,inf,inf,inf,169.089,169.089
620,T2,BESTEFFORT,CANCELLED,,59.263,"{'m1-1': 113.85, 'm2-1': 10.05, 'm3-1': 1.01, 'm4-1': 108.69, 'm5-1': 10.23, 'm6-1': 5.47, 'm7-1': 1.03, 'm8-1': 5.14}",0.0,inf,inf,inf,169.263,169.263
621,T2,BESTEFFORT,COMPLETED,m3-1,59.419,"{'m1-1': 113.19, 'm2-1': 11.08, 'm3-1': 0.94, 'm4-1': 109.5, 'm5-1': 9.66, 'm6-1': 5.19, 'm7-1': 1.1, 'm8-1': 5.21}",1.41,62.702,63.641999999999996,inf,169.41899999999998,169.41899999999998
622,T1,BESTEFFORT,COMPLETED,m8-1,59.421,"{'m1-1': 106.44, 'm2-1': 10.28, 'm3-1': 0.97, 'm4-1': 114.03, 'm5-1': 11.01, 'm6-1': 5.39, 'm7-1': 1.07, 'm8-1': 5.4}",8.100000000000001,137.141,142.541,inf,169.421,169.421
623,T8,BESTEFFORT,COMPLETED,m8-1,59.622,"{'m1-1': 95.84, 'm2-1': 10.52, 'm3-1': 1.13, 'm4-1': 102.85, 'm5-1': 10.46, 'm6-1': 5.54, 'm7-1': 1.0, 'm8-1': 5.08}",7.62,142.541,147.621,inf,169.622,169.622
624,T7,BESTEFFORT,CANCELLED,,59.674,"{'m1-1': 95.82, 'm2-1': 10.94, 'm3-1': 1.03, 'm4-1': 101.11, 'm5-1': 10.34, 'm6-1': 5.1, 'm7-1': 1.19, 'm8-1': 5.06}",0.0,inf,inf,inf,169.674,169.674
625,T3,BESTEFFORT,COMPLETED,m3-1,60.073,"{'m1-1': 105.12, 'm2-1': 10.41, 'm3-1': 0.98, 'm4-1': 100.84, 'm5-1': 11.15, 'm6-1': 4.81, 'm7-1': 0.96, 'm8-1': 5.0}",1.47,63.641999999999996,64.622,inf,170.073,170.073
626,T6,BESTEFFORT,COMPLETED,m7-1,60.187,"{'m1-1': 113.47, 'm2-1': 10.65, 'm3-1': 1.01, 'm4-1': 103.9, 'm5-1': 9.41, 'm6-1': 5.09, 'm7-1': 0.98, 'm8-1': 5.58}",1.47,63.402,64.382,inf,170.187,170.187
627,T6,BESTEFFORT,COMPLETED,m7-1,60.667,"{'m1-1': 117.91, 'm2-1': 9.22, 'm3-1': 1.01, 'm4-1': 104.32, 'm5-1': 10.1, 'm6-1': 5.02, 'm7-1': 1.06, 'm8-1': 5.31}",1.59,65.47200000000001,66.53200000000001,inf,170.667,170.667
628,T9,BESTEFFORT,CANCELLED,,60.748,"{'m1-1': 111.36, 'm2-1': 9.76, 'm3-1': 0.98, 'm4-1': 103.46, 'm5-1': 11.23, 'm6-1': 5.56, 'm7-1': 0.96, 'm8-1': 4.95}",0.0,inf,inf,inf,170.748,170.748
629,T9,BESTEFFORT,CANCELLED,,60.795,"{'m1-1': 107.12, 'm2-1': 10.55, 'm3-1': 0.97, 'm4-1': 105.84, 'm5-1': 11.4, 'm6-1': 5.13, 'm7-1': 1.12, 'm8-1': 5.41}",0.0,inf,inf,inf,170.79500000000002,170.79500000000002
630,T8,BESTEFFORT,CANCELLED,,60.82,"{'m1-1': 108.2, 'm2-1': 9.59, 'm3-1': 0.98, 'm4-1': 101.48, 'm5-1': 10.91, 'm6-1': 5.28, 'm7-1': 1.11, 'm8-1': 4.98}",0.0,inf,inf,inf,170.82,170.82
631,T1,BESTEFFORT,CANCELLED,,60.821,"{'m1-1': 111.7, 'm2-1': 10.42, 'm3-1': 1.03, 'm4-1': 105.65, 'm5-1': 10.86, 'm6-1': 4.98, 'm7-1': 0.98, 'm8-1': 5.28}",0.0,inf,inf,inf,170.821,170.821
632,T9,BESTEFFORT,CANCELLED,,60.859,"{'m1-1': 101.97, 'm2-1': 10.83, 'm3-1': 1.09, 'm4-1': 105.52, 'm5-1': 10.2, 'm6-1': 4.76, 'm7-1': 0.98, 'm8-1': 4.84}",0.0,inf,inf,inf,170.859,170.859
633,T10,BESTEFFORT,CANCELLED,,60.883,"{'m1-1': 102.7, 'm2-1': 10.38, 'm3-1': 1.02, 'm4-1': 94.76, 'm5-1': 10.51, 'm6-1': 5.02, 'm7-1': 1.04, 'm8-1': 5.14}",0.0,inf,inf,inf,170.883,170.883
634,T5,BESTEFFORT,CANCELLED,,60.937,"{'m1-1': 103.08, 'm2-1': 10.87, 'm3-1': 1.17, 'm4-1': 96.24, 'm5-1': 10.2, 'm6-1': 4.8, 'm7-1': 0.97, 'm8-1': 5.46}",0.0,inf,inf,inf,170.937,170.937
635,T6,BESTEFFORT,COMPLETED,m7-1,61.054,"{'m1-1': 111.78, 'm2-1': 10.55, 'm3-1': 1.16, 'm4-1': 101.88, 'm5-1': 10.74, 'm6-1': 5.6, 'm7-1': 1.09, 'm8-1': 5.71}",1.6350000000000002,64.382,65.47200000000001,inf,171.054,171.054
636,T2,BESTEFFORT,CANCELLED,,61.185,"{'m1-1': 108.03, 'm2-1': 9.96, 'm3-1': 1.03, 'm4-1': 110.31, 'm5-1': 10.89, 'm6-1': 4.79, 'm7-1': 1.05, 'm8-1': 5.46}",0.0,inf,inf,inf,171.185,171.185
637,T6,BESTEFFORT,COMPLETED,m7-1,61.2,"{'m1-1': 110.03, 'm2-1': 9.28, 'm3-1': 1.06, 'm4-1': 116.16, 'm5-1': 10.1, 'm6-1': 5.5, 'm7-1': 0.97, 'm8-1': 5.42}",1.455,166.07100000000005,167.04100000000005,inf,171.2,171.2
638,T7,BESTEFFORT,CANCELLED,,61.234,"{'m1-1': 104.34, 'm2-1': 10.77, 'm3-1': 0.99, 'm4-1': 96.69, 'm5-1': 9.53, 'm6-1': 5.36, 'm7-1': 1.02, 'm8-1': 5.6}",0.0,inf,inf,inf,171.234,171.234
639,T5,BESTEFFORT,COMPLETED,m7-1,61.288,"{'m1-1': 102.05, 'm2-1': 9.56, 'm3-1': 1.0, 'm4-1': 104.06, 'm5-1': 9.92, 'm6-1': 4.77, 'm7-1': 1.04, 'm8-1': 4.71}",1.56,71.692,72.732,inf,171.288,171.288
640,T4,BESTEFFORT,COMPLETED,m7-1,61.33,"{'m1-1': 101.6, 'm2-1': 9.49, 'm3-1': 1.01, 'm4-1': 99.05, 'm5-1': 10.68, 'm6-1': 4.87, 'm7-1': 0.96, 'm8-1': 5.47}",1.44,109.26199999999999,110.22199999999998,inf,171.32999999999998,171.32999999999998
641,T2,BESTEFFORT,COMPLETED,m7-1,61.509,"{'m1-1': 100.93, 'm2-1': 11.68, 'm3-1': 0.94, 'm4-1': 115.52, 'm5-1': 9.99, 'm6-1': 4.8, 'm7-1': 0.99, 'm8-1': 5.33}",1.4849999999999999,111.16199999999998,112.15199999999997,inf,171.50900000000001,171.50900000000001
642,T3,BESTEFFORT,COMPLETED,m6-1,61.608,"{'m1-1': 102.85, 'm2-1': 10.31, 'm3-1': 1.09, 'm4-1': 104.35, 'm5-1': 10.41, 'm6-1': 5.09, 'm7-1': 0.97, 'm8-1': 5.19}",7.635,142.64499999999998,147.73499999999999,inf,171.608,171.608
643,T4,BESTEFFORT,COMPLETED,m3-1,61.626,"{'m1-1': 102.66, 'm2-1': 11.08, 'm3-1': 1.09, 'm4-1': 109.96, 'm5-1': 11.2, 'm6-1': 5.0, 'm7-1': 0.94, 'm8-1': 5.27}",1.6350000000000002,135.212,136.302,inf,171.626,171.626
644,T4,BESTEFFORT,CANCELLED,,61.676,"{'m1-1': 114.02, 'm2-1': 10.61, 'm3-1': 1.06, 'm4-1': 100.42, 'm5-1': 9.98, 'm6-1': 5.19, 'm7-1': 0.94, 'm8-1': 5.0}",0.0,inf,inf,inf,171.676,171.676
645,T1,BESTEFFORT,COMPLETED,m8-1,61.708,"{'m1-1': 114.15, 'm2-1': 9.56, 'm3-1': 1.03, 'm4-1': 105.94, 'm5-1': 11.44, 'm6-1': 4.92, 'm7-1': 1.08, 'm8-1': 5.11}",7.665000000000001,86.88700000000003,91.99700000000003,inf,171.708,171.708
646,T5,BESTEFFORT,CANCELLED,,61.742,"{'m1-1': 95.1, 'm2-1': 9.79, 'm3-1': 1.06, 'm4-1': 107.23, 'm5-1': 10.36, 'm6-1': 5.05, 'm7-1': 0.99, 'm8-1': 5.5}",0.0,inf,inf,inf,171.742,171.742
647,T6,BESTEFFORT,CANCELLED,,61.769,"{'m1-1': 107.82, 'm2-1': 10.87, 'm3-1': 1.08, 'm4-1': 112.26, 'm5-1': 10.72, 'm6-1': 5.58, 'm7-1': 1.01, 'm8-1': 5.1}",0.0,inf,inf,inf,171.769,171.769
648,T2,BESTEFFORT,COMPLETED,m7-1,61.871,"{'m1-1': 106.6, 'm2-1': 11.68, 'm3-1': 1.01, 'm4-1': 114.22, 'm5-1': 10.29, 'm6-1': 4.81, 'm7-1': 1.1, 'm8-1': 5.19}",1.6500000000000001,167.04100000000005,168.14100000000005,inf,171.871,171.871
649,T3,BESTEFFORT,COMPLETED,m6-1,61.89,"{'m1-1': 107.28, 'm2-1': 10.27, 'm3-1': 0.94, 'm4-1': 100.52, 'm5-1': 11.02, 'm6-1': 4.67, 'm7-1': 1.06, 'm8-1': 5.14}",7.005,82.372,87.042,inf,171.89,171.89
650,T7,BESTEFFORT,COMPLETED,m3-1,61.914,"{'m1-1': 102.65, 'm2-1': 9.74, 'm3-1': 0.94, 'm4-1': 108.88, 'm5-1': 9.99, 'm6-1': 4.61, 'm7-1': 1.16, 'm8-1': 4.94}",1.41,66.682,67.622,inf,171.914,171.914
651,T2,BESTEFFORT,COMPLETED,m3-1,62.062,"{'m1-1': 103.87, 'm2-1': 10.4, 'm3-1': 1.05, 'm4-1': 100.34, 'm5-1': 10.56, 'm6-1': 5.04, 'm7-1': 0.96, 'm8-1': 5.26}",1.5750000000000002,65.632,66.682,inf,172.062,172.062
652,T3,BESTEFFORT,COMPLETED,m8-1,62.161,"{'m1-1': 113.7, 'm2-1': 10.52, 'm3-1': 0.93, 'm4-1': 104.58, 'm5-1': 10.49, 'm6-1': 4.79, 'm7-1': 1.03, 'm8-1': 5.13}",7.695,162.67100000000002,167.80100000000002,inf,172.161,172.161
653,T3,BESTEFFORT,CANCELLED,,62.429,"{'m1-1': 103.95, 'm2-1': 10.7, 'm3-1': 1.03, 'm4-1': 100.64, 'm5-1': 9.95, 'm6-1': 4.99, 'm7-1': 0.98, 'm8-1': 5.23}",0.0,inf,inf,inf,172.429,172.429
654,T10,BESTEFFORT,COMPLETED,m3-1,62.453,"{'m1-1': 108.93, 'm2-1': 10.97, 'm3-1': 1.07, 'm4-1': 97.29, 'm5-1': 10.38, 'm6-1': 5.62, 'm7-1': 1.01, 'm8-1': 5.21}",1.605,136.302,137.37199999999999,inf,172.453,172.453
655,T10,BESTEFFORT,COMPLETED,m7-1,62.671,"{'m1-1': 99.41, 'm2-1': 9.65, 'm3-1': 1.13, 'm4-1': 102.74, 'm5-1': 11.14, 'm6-1': 5.36, 'm7-1': 1.15, 'm8-1': 5.52}",1.7249999999999999,145.131,146.281,inf,172.671,172.671
656,T10,BESTEFFORT,CANCELLED,,62.804,"{'m1-1': 98.62, 'm2-1': 10.51, 'm3-1': 1.13, 'm4-1': 99.81, 'm5-1': 10.92, 'm6-1': 5.09, 'm7-1': 1.1, 'm8-1': 5.1}",0.0,inf,inf,inf,172.804,172.804
657,T10,BESTEFFORT,CANCELLED,,62.819,"{'m1-1': 98.63, 'm2-1': 9.59, 'm3-1': 1.01, 'm4-1': 99.16, 'm5-1': 9.55, 'm6-1': 5.64, 'm7-1': 1.01, 'm8-1': 4.79}",0.0,inf,inf,inf,172.81900000000002,172.81900000000002
658,T6,BESTEFFORT,COMPLETED,m7-1,62.893,"{'m1-1': 102.58, 'm2-1': 10.71, 'm3-1': 1.04, 'm4-1': 104.77, 'm5-1': 9.48, 'm6-1': 5.34, 'm7-1': 1.01, 'm8-1': 5.14}",1.5150000000000001,72.732,73.742,inf,172.893,172.893
659,T10,BESTEFFORT,COMPLETED,m2-1,63.034,"{'m1-1': 102.34, 'm2-1': 9.33, 'm3-1': 1.09, 'm4-1': 101.22, 'm5-1': 10.73, 'm6-1': 5.36, 'm7-1': 1.1, 'm8-1': 5.25}",13.995000000000001,143.31,152.64000000000001,inf,173.034,173.034
660,T1,BESTEFFORT,CANCELLED,,63.054,"{'m1-1': 114.42, 'm2-1': 9.91, 'm3-1': 1.06, 'm4-1': 115.26, 'm5-1': 10.08, 'm6-1': 5.5, 'm7-1': 1.11, 'm8-1': 4.76}",0.0,inf,inf,inf,173.054,173.054
661,T10,BESTEFFORT,COMPLETED,m3-1,63.423,"{'m1-1': 100.75, 'm2-1': 10.23, 'm3-1': 1.02, 'm4-1': 110.96, 'm5-1': 9.68, 'm6-1': 5.57, 'm7-1': 1.09, 'm8-1': 4.76}",1.53,137.37199999999999,138.392,inf,173.423,173.423
662,T8,BESTEFFORT,CANCELLED,,63.466,"{'m1-1': 96.95, 'm2-1': 9.79, 'm3-1': 1.1, 'm4-1': 102.06, 'm5-1': 11.16, 'm6-1': 5.02, 'm7-1': 1.17, 'm8-1': 5.07}",0.0,inf,inf,inf,173.466,173.466
663,T5,BESTEFFORT,MISSED,m1-1,63.484,"{'m1-1': 94.38, 'm2-1': 9.38, 'm3-1': 1.06, 'm4-1': 112.12, 'm5-1': 11.05, 'm6-1': 5.46, 'm7-1': 1.04, 'm8-1': 4.7}",0.0,189.735,inf,189.735,173.484,173.484
664,T7,BESTEFFORT,CANCELLED,,63.526,"{'m1-1': 100.91, 'm2-1': 10.39, 'm3-1': 1.04, 'm4-1': 113.21, 'm5-1': 11.02, 'm6-1': 4.85, 'm7-1': 1.12, 'm8-1': 5.13}",0.0,inf,inf,inf,173.526,173.526
665,T6,BESTEFFORT,MISSED,m5-1,63.544,"{'m1-1': 117.68, 'm2-1': 10.84, 'm3-1': 1.02, 'm4-1': 109.64, 'm5-1': 9.35, 'm6-1': 5.17, 'm7-1': 1.0, 'm8-1': 5.69}",0.0,183.267,inf,183.267,173.54399999999998,173.54399999999998
666,T5,BESTEFFORT,COMPLETED,m8-1,63.546,"{'m1-1': 104.08, 'm2-1': 9.77, 'm3-1': 1.01, 'm4-1': 96.28, 'm5-1': 10.67, 'm6-1': 5.33, 'm7-1': 0.94, 'm8-1': 5.08}",7.62,102.16700000000003,107.24700000000003,inf,173.546,173.546
667,T8,BESTEFFORT,CANCELLED,,63.659,"{'m1-1': 103.86, 'm2-1': 10.18, 'm3-1': 1.0, 'm4-1': 94.93, 'm5-1': 9.76, 'm6-1': 5.05, 'm7-1': 1.12, 'm8-1': 4.63}",0.0,inf,inf,inf,173.659,173.659
668,T9,BESTEFFORT,COMPLETED,m3-1,63.777,"{'m1-1': 112.97, 'm2-1': 11.24, 'm3-1': 1.08, 'm4-1': 104.81, 'm5-1': 9.88, 'm6-1': 5.06, 'm7-1': 1.02, 'm8-1': 4.98}",1.62,138.392,139.472,inf,173.777,173.777
669,T9,BESTEFFORT,CANCELLED,,63.82,"{'m1-1': 99.36, 'm2-1': 10.65, 'm3-1': 1.02, 'm4-1': 111.44, 'm5-1': 10.11, 'm6-1': 5.38, 'm7-1': 1.02, 'm8-1': 5.54}",0.0,inf,inf,inf,173.82,173.82
670,T4,BESTEFFORT,COMPLETED,m3-1,63.834,"{'m1-1': 99.65, 'm2-1': 10.43, 'm3-1': 1.08, 'm4-1': 99.94, 'm5-1': 10.15, 'm6-1': 5.66, 'm7-1': 0.97, 'm8-1': 4.89}",1.62,93.992,95.072,inf,173.834,173.834
671,T9,BESTEFFORT,COMPLETED,m7-1,63.894,"{'m1-1': 110.33, 'm2-1': 10.92, 'm3-1': 1.09, 'm4-1': 100.86, 'm5-1': 9.7, 'm6-1': 4.94, 'm7-1': 1.09, 'm8-1': 5.23}",1.6350000000000002,168.14100000000005,169.23100000000005,inf,173.894,173.894
672,T4,BESTEFFORT,MISSED,m3-1,64.287,"{'m1-1': 115.77, 'm2-1': 10.96, 'm3-1': 0.98, 'm4-1': 110.84, 'm5-1': 10.99, 'm6-1': 4.98, 'm7-1': 1.0, 'm8-1': 4.91}",0.0,174.88200000000003,inf,174.88200000000003,174.287,174.287
673,T2,BESTEFFORT,COMPLETED,m7-1,64.29,"{'m1-1': 99.62, 'm2-1': 11.68, 'm3-1': 1.0, 'm4-1': 113.91, 'm5-1': 10.85, 'm6-1': 4.94, 'm7-1': 0.94, 'm8-1': 4.88}",1.41,112.15199999999997,113.09199999999997,inf,174.29000000000002,174.29000000000002
674,T6,BESTEFFORT,CANCELLED,,64.376,"{'m1-1': 110.26, 'm2-1': 9.92, 'm3-1': 1.12, 'm4-1': 101.45, 'm5-1': 10.11, 'm6-1': 5.48, 'm7-1': 0.97, 'm8-1': 5.18}",0.0,inf,inf,inf,174.376,174.376
675,T4,BESTEFFORT,COMPLETED,m3-1,64.465,"{'m1-1': 105.48, 'm2-1': 10.35, 'm3-1': 1.0, 'm4-1': 110.87, 'm5-1': 11.06, 'm6-1': 5.19, 'm7-1': 0.95, 'm8-1': 5.61}",1.5,139.472,140.472,inf,174.465,174.465
676,T7,BESTEFFORT,COMPLETED,m3-1,64.954,"{'m1-1': 98.96, 'm2-1': 9.88, 'm3-1': 1.08, 'm4-1': 104.73, 'm5-1': 10.94, 'm6-1': 5.13, 'm7-1': 1.02, 'm8-1': 5.37}",1.62,163.36200000000005,164.44200000000006,inf,174.954,174.954
677,T9,BESTEFFORT,CANCELLED,,64.964,"{'m1-1': 106.98, 'm2-1': 10.12, 'm3-1': 1.14, 'm4-1': 98.97, 'm5-1': 10.29, 'm6-1': 5.56, 'm7-1': 1.09, 'm8-1': 5.53}",0.0,inf,inf,inf,174.964,174.964
678,T5,BESTEFFORT,COMPLETED,m7-1,65.022,"{'m1-1': 92.74, 'm2-1': 10.12, 'm3-1': 1.12, 'm4-1': 101.2, 'm5-1': 9.87, 'm6-1': 4.83, 'm7-1': 0.95, 'm8-1': 5.1}",1.4249999999999998,73.742,74.69200000000001,inf,175.022,175.022
679,T7,BESTEFFORT,COMPLETED,m3-1,65.144,"{'m1-1': 98.32, 'm2-1': 11.22, 'm3-1': 1.01, 'm4-1': 106.86, 'm5-1': 10.82, 'm6-1': 5.12, 'm7-1': 1.18, 'm8-1': 4.83}",1.5150000000000001,68.702,69.712,inf,175.144,175.144
680,T3,BESTEFFORT,MISSED,m8-1,65.614,"{'m1-1': 113.08, 'm2-1': 10.96, 'm3-1': 0.97, 'm4-1': 99.53, 'm5-1': 11.24, 'm6-1': 5.16, 'm7-1': 1.01, 'm8-1': 5.41}",0.0,188.46100000000004,inf,188.46100000000004,175.614,175.614
681,T5,BESTEFFORT,COMPLETED,m7-1,65.66,"{'m1-1': 108.81, 'm2-1': 10.81, 'm3-1': 1.0, 'm4-1': 100.49, 'm5-1': 10.58, 'm6-1': 5.49, 'm7-1': 1.08, 'm8-1': 4.93}",1.62,146.281,147.36100000000002,inf,175.66,175.66
682,T5,BESTEFFORT,COMPLETED,m7-1,65.689,"{'m1-1': 106.82, 'm2-1': 9.32, 'm3-1': 1.13, 'm4-1': 104.65, 'm5-1': 11.0, 'm6-1': 5.09, 'm7-1': 0.99, 'm8-1': 5.29}",1.4849999999999999,69.682,70.672,inf,175.689,175.689
683,T10,BESTEFFORT,CANCELLED,,65.727,"{'m1-1': 107.4, 'm2-1': 9.49, 'm3-1': 1.13, 'm4-1': 110.33, 'm5-1': 9.9, 'm6-1': 5.61, 'm7-1': 1.06, 'm8-1': 4.91}",0.0,inf,inf,inf,175.727,175.727
684,T1,BESTEFFORT,COMPLETED,m8-1,65.747,"{'m1-1': 115.02, 'm2-1': 9.96, 'm3-1': 1.12, 'm4-1': 103.3, 'm5-1': 10.03, 'm6-1': 4.7, 'm7-1': 1.1, 'm8-1': 5.32}",7.98,81.56700000000002,86.88700000000003,inf,175.747,175.747
685,T5,BESTEFFORT,CANCELLED,,66.255,"{'m1-1': 96.49, 'm2-1': 10.08, 'm3-1': 1.12, 'm4-1': 99.4, 'm5-1': 10.94, 'm6-1': 5.13, 'm7-1': 1.05, 'm8-1': 4.83}",0.0,inf,inf,inf,176.255,176.255
686,T1,BESTEFFORT,COMPLETED,m6-1,66.4,"{'m1-1': 113.2, 'm2-1': 9.35, 'm3-1': 1.13, 'm4-1': 113.27, 'm5-1': 11.47, 'm6-1': 4.84, 'm7-1': 1.05, 'm8-1': 5.24}",7.26,112.632,117.47200000000001,inf,176.4,176.4
687,T1,BESTEFFORT,CANCELLED,,66.46,"{'m1-1': 101.48, 'm2-1': 9.52, 'm3-1': 1.02, 'm4-1': 111.83, 'm5-1': 10.19, 'm6-1': 5.0, 'm7-1': 1.02, 'm8-1': 4.78}",0.0,inf,inf,inf,176.45999999999998,176.45999999999998
688,T6,BESTEFFORT,CANCELLED,,66.491,"{'m1-1': 109.81, 'm2-1': 9.64, 'm3-1': 1.09, 'm4-1': 114.97, 'm5-1': 9.72, 'm6-1': 5.41, 'm7-1': 1.07, 'm8-1': 4.97}",0.0,inf,inf,inf,176.49099999999999,176.49099999999999
689,T5,BESTEFFORT,CANCELLED,,66.69,"{'m1-1': 99.22, 'm2-1': 10.34, 'm3-1': 1.05, 'm4-1': 99.94, 'm5-1': 10.32, 'm6-1': 5.34, 'm7-1': 1.04, 'm8-1': 4.93}",0.0,inf,inf,inf,176.69,176.69
690,T1,BESTEFFORT,CANCELLED,,66.98,"{'m1-1': 116.8, 'm2-1': 9.72, 'm3-1': 1.07, 'm4-1': 100.14, 'm5-1': 11.48, 'm6-1': 4.97, 'm7-1': 1.1, 'm8-1': 5.42}",0.0,inf,inf,inf,176.98000000000002,176.98000000000002
691,T5,BESTEFFORT,COMPLETED,m7-1,67.114,"{'m1-1': 94.3, 'm2-1': 9.26, 'm3-1': 1.08, 'm4-1': 100.33, 'm5-1': 10.09, 'm6-1': 5.34, 'm7-1': 0.99, 'm8-1': 4.68}",1.4849999999999999,169.23100000000005,170.22100000000006,inf,177.114,177.114
692,T9,BESTEFFORT,CANCELLED,,67.194,"{'m1-1': 114.49, 'm2-1': 9.96, 'm3-1': 1.0, 'm4-1': 100.98, 'm5-1': 10.78, 'm6-1': 5.51, 'm7-1': 1.01, 'm8-1': 5.33}",0.0,inf,inf,inf,177.19400000000002,177.19400000000002
693,T8,BESTEFFORT,CANCELLED,,67.239,"{'m1-1': 103.89, 'm2-1': 10.1, 'm3-1': 0.98, 'm4-1': 100.33, 'm5-1': 9.86, 'm6-1': 4.88, 'm7-1': 1.03, 'm8-1': 4.74}",0.0,inf,inf,inf,177.239,177.239
694,T3,BESTEFFORT,CANCELLED,,67.496,"{'m1-1': 96.59, 'm2-1': 10.06, 'm3-1': 0.94, 'm4-1': 105.37, 'm5-1': 9.84, 'm6-1': 4.78, 'm7-1': 0.99, 'm8-1': 5.59}",0.0,inf,inf,inf,177.49599999999998,177.49599999999998
695,T1,BESTEFFORT,CANCELLED,,67.499,"{'m1-1': 101.75, 'm2-1': 9.98, 'm3-1': 0.97, 'm4-1': 117.28, 'm5-1': 10.57, 'm6-1': 4.81, 'm7-1': 1.02, 'm8-1': 5.44}",0.0,inf,inf,inf,177.499,177.499
696,T9,BESTEFFORT,CANCELLED,,67.668,"{'m1-1': 114.31, 'm2-1': 10.18, 'm3-1': 1.05, 'm4-1': 98.36, 'm5-1': 11.44, 'm6-1': 4.85, 'm7-1': 1.06, 'm8-1': 4.93}",0.0,inf,inf,inf,177.668,177.668
697,T2,BESTEFFORT,COMPLETED,m3-1,67.668,"{'m1-1': 106.29, 'm2-1': 11.02, 'm3-1': 0.97, 'm4-1': 103.61, 'm5-1': 10.69, 'm6-1': 5.39, 'm7-1': 1.06, 'm8-1': 4.84}",1.455,72.76200000000001,73.73200000000001,inf,177.668,177.668
698,T9,BESTEFFORT,CANCELLED,,67.846,"{'m1-1': 110.86, 'm2-1': 11.2, 'm3-1': 1.07, 'm4-1': 105.5, 'm5-1': 11.0, 'm6-1': 4.98, 'm7-1': 1.13, 'm8-1': 4.88}",0.0,inf,inf,inf,177.846,177.846
699,T10,BESTEFFORT,CANCELLED,,67.905,"{'m1-1': 104.02, 'm2-1': 9.62, 'm3-1': 1.07, 'm4-1': 99.42, 'm5-1': 10.87, 'm6-1': 5.08, 'm7-1': 1.02, 'm8-1': 5.26}",0.0,inf,inf,inf,177.905,177.905
700,T7,BESTEFFORT,COMPLETED,m3-1,68.157,"{'m1-1': 104.5, 'm2-1': 10.96, 'm3-1': 1.01, 'm4-1': 104.03, 'm5-1': 9.81, 'm6-1': 4.99, 'm7-1': 1.07, 'm8-1': 5.38}",1.5150000000000001,71.75200000000001,72.76200000000001,inf,178.15699999999998,178.15699999999998
701,T10,BESTEFFORT,CANCELLED,,68.198,"{'m1-1': 97.84, 'm2-1': 9.65, 'm3-1': 0.98, 'm4-1': 98.98, 'm5-1': 9.44, 'm6-1': 4.96, 'm7-1': 0.99, 'm8-1': 4.68}",0.0,inf,inf,inf,178.19799999999998,178.19799999999998
702,T6,BESTEFFORT,COMPLETED,m7-1,68.199,"{'m1-1': 101.26, 'm2-1': 9.4, 'm3-1': 1.09, 'm4-1': 115.12, 'm5-1': 9.66, 'm6-1': 5.22, 'm7-1': 1.04, 'm8-1': 5.04}",1.56,170.22100000000006,171.26100000000005,inf,178.199,178.199
703,T4,BESTEFFORT,COMPLETED,m3-1,68.258,"{'m1-1': 113.15, 'm2-1': 11.09, 'm3-1': 1.13, 'm4-1': 102.56, 'm5-1': 9.91, 'm6-1': 5.3, 'm7-1': 1.05, 'm8-1': 5.38}",1.6949999999999998,174.88200000000003,176.01200000000003,inf,178.25799999999998,178.25799999999998
704,T1,BESTEFFORT,COMPLETED,m2-1,68.282,"{'m1-1': 102.36, 'm2-1': 10.56, 'm3-1': 1.13, 'm4-1': 107.78, 'm5-1': 9.9, 'm6-1': 5.35, 'm7-1': 0.96, 'm8-1': 5.06}",15.84,163.15,173.71,inf,178.28199999999998,178.28199999999998
705,T6,BESTEFFORT,CANCELLED,,68.344,"{'m1-1': 100.09, 'm2-1': 9.6, 'm3-1': 1.05, 'm4-1': 110.84, 'm5-1': 9.75, 'm6-1': 5.36, 'm7-1': 1.07, 'm8-1': 5.54}",0.0,inf,inf,inf,178.344,178.344
706,T1,BESTEFFORT,COMPLETED,m7-1,68.516,"{'m1-1': 102.71, 'm2-1': 10.12, 'm3-1': 0.99, 'm4-1': 100.44, 'm5-1': 10.52, 'm6-1': 4.8, 'm7-1': 1.1, 'm8-1': 5.18}",1.6500000000000001,171.26100000000005,172.36100000000005,inf,178.51600000000002,178.51600000000002
707,T3,BESTEFFORT,COMPLETED,m3-1,68.714,"{'m1-1': 99.8, 'm2-1': 10.86, 'm3-1': 1.03, 'm4-1': 111.01, 'm5-1': 9.61, 'm6-1': 5.32, 'm7-1': 0.98, 'm8-1': 5.18}",1.545,96.052,97.08200000000001,inf,178.714,178.714
708,T9,BESTEFFORT,COMPLETED,m7-1,68.893,"{'m1-1': 103.5, 'm2-1': 10.27, 'm3-1': 1.03, 'm4-1': 103.29, 'm5-1': 11.4, 'm6-1': 5.28, 'm7-1': 1.01, 'm8-1': 5.24}",1.5150000000000001,172.36100000000005,173.37100000000004,inf,178.893,178.893
709,T10,BESTEFFORT,CANCELLED,,69.034,"{'m1-1': 105.48, 'm2-1': 9.73, 'm3-1': 0.97, 'm4-1': 97.31, 'm5-1': 9.87, 'm6-1': 5.12, 'm7-1': 0.97, 'm8-1': 4.81}",0.0,inf,inf,inf,179.034,179.034
710,T4,BESTEFFORT,COMPLETED,m7-1,69.246,"{'m1-1': 105.22, 'm2-1': 9.74, 'm3-1': 1.04, 'm4-1': 106.64, 'm5-1': 9.94, 'm6-1': 4.87, 'm7-1': 1.0, 'm8-1': 5.51}",1.5,113.09199999999997,114.09199999999997,inf,179.24599999999998,179.24599999999998
711,T7,BESTEFFORT,MISSED,m5-1,69.273,"{'m1-1': 105.44, 'm2-1': 10.14, 'm3-1': 0.94, 'm4-1': 98.71, 'm5-1': 10.34, 'm6-1': 4.93, 'm7-1': 1.06, 'm8-1': 5.51}",0.0,183.267,inf,183.267,179.273,179.273
712,T9,BESTEFFORT,COMPLETED,m3-1,69.418,"{'m1-1': 111.05, 'm2-1': 10.17, 'm3-1': 1.04, 'm4-1': 108.2, 'm5-1': 11.15, 'm6-1': 4.78, 'm7-1': 0.98, 'm8-1': 5.64}",1.56,97.08200000000001,98.12200000000001,inf,179.418,179.418
713,T10,BESTEFFORT,CANCELLED,,69.647,"{'m1-1': 109.05, 'm2-1': 10.24, 'm3-1': 1.1, 'm4-1': 95.43, 'm5-1': 10.3, 'm6-1': 5.37, 'm7-1': 1.02, 'm8-1': 4.93}",0.0,inf,inf,inf,179.647,179.647
714,T8,BESTEFFORT,MISSED,m4-1,69.672,"{'m1-1': 101.06, 'm2-1': 11.11, 'm3-1': 1.11, 'm4-1': 94.47, 'm5-1': 10.25, 'm6-1': 5.47, 'm7-1': 1.1, 'm8-1': 5.14}",100.2045,112.869,inf,179.672,179.672,179.672
715,T7,BESTEFFORT,CANCELLED,,69.787,"{'m1-1': 104.22, 'm2-1': 10.54, 'm3-1': 1.01, 'm4-1': 103.21, 'm5-1': 9.82, 'm6-1': 4.82, 'm7-1': 1.1, 'm8-1': 5.0}",0.0,inf,inf,inf,179.787,179.787
716,T10,BESTEFFORT,COMPLETED,m8-1,69.829,"{'m1-1': 101.43, 'm2-1': 9.61, 'm3-1': 1.0, 'm4-1': 102.91, 'm5-1': 9.44, 'm6-1': 4.75, 'm7-1': 1.15, 'm8-1': 5.24}",7.86,157.431,162.67100000000002,inf,179.829,179.829
717,T3,BESTEFFORT,CANCELLED,,70.269,"{'m1-1': 106.58, 'm2-1': 10.44, 'm3-1': 0.94, 'm4-1': 103.86, 'm5-1': 9.75, 'm6-1': 4.68, 'm7-1': 0.99, 'm8-1': 5.14}",0.0,inf,inf,inf,180.269,180.269
718,T1,BESTEFFORT,COMPLETED,m6-1,70.385,"{'m1-1': 104.05, 'm2-1': 9.28, 'm3-1': 1.1, 'm4-1': 104.13, 'm5-1': 11.08, 'm6-1': 4.95, 'm7-1': 1.1, 'm8-1': 4.71}",7.425000000000001,87.042,91.992,inf,180.385,180.385
719,T7,BESTEFFORT,COMPLETED,m3-1,70.52,"{'m1-1': 105.37, 'm2-1': 10.29, 'm3-1': 1.05, 'm4-1': 107.51, 'm5-1': 10.1, 'm6-1': 5.12, 'm7-1': 1.13, 'm8-1': 5.54}",1.5750000000000002,73.73200000000001,74.78200000000001,inf,180.51999999999998,180.51999999999998
720,T4,BESTEFFORT,COMPLETED,m7-1,70.556,"{'m1-1': 110.55, 'm2-1': 11.08, 'm3-1': 1.0, 'm4-1': 99.21, 'm5-1': 9.69, 'm6-1': 5.19, 'm7-1': 1.0, 'm8-1': 5.42}",1.5,173.37100000000004,174.37100000000004,inf,180.55599999999998,180.55599999999998
721,T10,BESTEFFORT,CANCELLED,,70.574,"{'m1-1': 97.14, 'm2-1': 10.77, 'm3-1': 1.02, 'm4-1': 98.32, 'm5-1': 10.23, 'm6-1': 5.06, 'm7-1': 1.05, 'm8-1': 5.53}",0.0,inf,inf,inf,180.574,180.574
722,T5,BESTEFFORT,CANCELLED,,70.604,"{'m1-1': 99.7, 'm2-1': 9.61, 'm3-1': 1.11, 'm4-1': 107.44, 'm5-1': 10.03, 'm6-1': 5.0, 'm7-1': 1.04, 'm8-1': 4.66}",0.0,inf,inf,inf,180.60399999999998,180.60399999999998
723,T3,BESTEFFORT,CANCELLED,,70.715,"{'m1-1': 106.14, 'm2-1': 10.06, 'm3-1': 1.06, 'm4-1': 108.67, 'm5-1': 10.39, 'm6-1': 5.03, 'm7-1': 1.01, 'm8-1': 5.23}",0.0,inf,inf,inf,180.715,180.715
724,T1,BESTEFFORT,MISSED,m7-1,70.737,"{'m1-1': 104.38, 'm2-1': 10.09, 'm3-1': 0.97, 'm4-1': 102.16, 'm5-1': 11.36, 'm6-1': 5.08, 'm7-1': 1.05, 'm8-1': 5.41}",0.0,181.26100000000008,inf,181.26100000000008,180.737,180.737
725,T4,BESTEFFORT,CANCELLED,,70.79,"{'m1-1': 110.55, 'm2-1': 9.92, 'm3-1': 1.05, 'm4-1': 101.9, 'm5-1': 9.81, 'm6-1': 5.27, 'm7-1': 0.99, 'm8-1': 5.49}",0.0,inf,inf,inf,180.79000000000002,180.79000000000002
726,T3,BESTEFFORT,COMPLETED,m7-1,70.824,"{'m1-1': 97.61, 'm2-1': 11.81, 'm3-1': 0.99, 'm4-1': 100.65, 'm5-1': 10.98, 'm6-1': 5.01, 'm7-1': 1.01, 'm8-1': 5.53}",1.5150000000000001,74.69200000000001,75.70200000000001,inf,180.824,180.824
727,T3,BESTEFFORT,CANCELLED,,70.862,"{'m1-1': 110.04, 'm2-1': 11.12, 'm3-1': 1.06, 'm4-1': 95.15, 'm5-1': 11.06, 'm6-1': 4.81, 'm7-1': 1.08, 'm8-1': 5.4}",0.0,inf,inf,inf,180.862,180.862
728,T9,BESTEFFORT,COMPLETED,m7-1,71.063,"{'m1-1': 113.38, 'm2-1': 9.99, 'm3-1': 1.09, 'm4-1': 101.09, 'm5-1': 10.9, 'm6-1': 5.03, 'm7-1': 1.07, 'm8-1': 5.2}",1.605,147.36100000000002,148.431,inf,181.063,181.063
729,T6,BESTEFFORT,COMPLETED,m5-1,71.11,"{'m1-1': 104.36, 'm2-1': 9.91, 'm3-1': 1.15, 'm4-1': 112.78, 'm5-1': 10.78, 'm6-1': 5.19, 'm7-1': 1.04, 'm8-1': 5.25}",16.169999999999998,102.45599999999999,113.23599999999999,inf,181.11,181.11
730,T7,BESTEFFORT,COMPLETED,m3-1,71.142,"{'m1-1': 110.12, 'm2-1': 10.54, 'm3-1': 1.05, 'm4-1': 102.06, 'm5-1': 10.62, 'm6-1': 5.48, 'm7-1': 1.1, 'm8-1': 5.54}",1.5750000000000002,176.01200000000003,177.06200000000004,inf,181.142,181.142
731,T10,BESTEFFORT,CANCELLED,,71.224,"{'m1-1': 104.78, 'm2-1': 10.38, 'm3-1': 1.06, 'm4-1': 109.87, 'm5-1': 10.71, 'm6-1': 5.24, 'm7-1': 1.15, 'm8-1': 4.72}",0.0,inf,inf,inf,181.224,181.224
732,T1,BESTEFFORT,COMPLETED,m6-1,71.234,"{'m1-1': 108.94, 'm2-1': 9.27, 'm3-1': 1.0, 'm4-1': 110.1, 'm5-1': 10.24, 'm6-1': 5.15, 'm7-1': 1.13, 'm8-1': 5.43}",7.7250000000000005,169.148,174.298,inf,181.23399999999998,181.23399999999998
733,T5,BESTEFFORT,COMPLETED,m8-1,71.304,"{'m1-1': 101.67, 'm2-1': 10.79, 'm3-1': 1.06, 'm4-1': 96.54, 'm5-1': 9.91, 'm6-1': 4.93, 'm7-1': 1.05, 'm8-1': 4.97}",7.455,112.45700000000002,117.42700000000002,inf,181.304,181.304
734,T9,BESTEFFORT,CANCELLED,,71.325,"{'m1-1': 98.34, 'm2-1': 10.58, 'm3-1': 1.0, 'm4-1': 107.84, 'm5-1': 9.79, 'm6-1': 4.81, 'm7-1': 1.1, 'm8-1': 4.84}",0.0,inf,inf,inf,181.325,181.325
735,T9,BESTEFFORT,CANCELLED,,71.344,"{'m1-1': 104.04, 'm2-1': 10.51, 'm3-1': 1.08, 'm4-1': 101.17, 'm5-1': 9.85, 'm6-1': 4.99, 'm7-1': 1.0, 'm8-1': 5.11}",0.0,inf,inf,inf,181.344,181.344
736,T3,BESTEFFORT,COMPLETED,m3-1,71.374,"{'m1-1': 104.32, 'm2-1': 10.07, 'm3-1': 1.04, 'm4-1': 103.84, 'm5-1': 11.15, 'm6-1': 5.09, 'm7-1': 1.08, 'm8-1': 5.49}",1.56,164.44200000000006,165.48200000000006,inf,181.374,181.374
737,T9,BESTEFFORT,CANCELLED,,71.471,"{'m1-1': 103.73, 'm2-1': 9.59, 'm3-1': 1.09, 'm4-1': 110.46, 'm5-1': 10.25, 'm6-1': 5.36, 'm7-1': 0.97, 'm8-1': 5.08}",0.0,inf,inf,inf,181.471,181.471
738,T2,BESTEFFORT,COMPLETED,m6-1,71.656,"{'m1-1': 107.7, 'm2-1': 10.07, 'm3-1': 1.09, 'm4-1': 114.9, 'm5-1': 10.34, 'm6-1': 5.06, 'm7-1': 0.98, 'm8-1': 4.7}",7.59,174.298,179.358,inf,181.656,181.656
739,T4,BESTEFFORT,COMPLETED,m7-1,71.765,"{'m1-1': 105.31, 'm2-1': 10.96, 'm3-1': 1.07, 'm4-1': 107.43, 'm5-1': 10.02, 'm6-1': 5.14, 'm7-1': 0.94, 'm8-1': 5.69}",1.41,75.70200000000001,76.64200000000001,inf,181.765,181.765
740,T5,BESTEFFORT,COMPLETED,m7-1,71.969,"{'m1-1': 103.61, 'm2-1': 10.09, 'm3-1': 1.18, 'm4-1': 106.69, 'm5-1': 9.64, 'm6-1': 4.88, 'm7-1': 1.03, 'm8-1': 5.35}",1.545,148.431,149.461,inf,181.969,181.969
741,T3,BESTEFFORT,COMPLETED,m7-1,71.99,"{'m1-1': 96.5, 'm2-1': 11.7, 'm3-1': 1.07, 'm4-1': 98.32, 'm5-1': 9.86, 'm6-1': 5.29, 'm7-1': 0.99, 'm8-1': 5.18}",1.4849999999999999,77.61200000000001,78.602,inf,181.99,181.99
742,T4,BESTEFFORT,COMPLETED,m3-1,72.017,"{'m1-1': 109.45, 'm2-1': 11.06, 'm3-1': 1.09, 'm4-1': 108.74, 'm5-1': 10.02, 'm6-1': 5.26, 'm7-1': 1.0, 'm8-1': 5.33}",1.6350000000000002,101.12200000000001,102.21200000000002,inf,182.017,182.017
743,T6,BESTEFFORT,CANCELLED,,72.053,"{'m1-1': 108.15, 'm2-1': 9.75, 'm3-1': 1.01, 'm4-1': 107.58, 'm5-1': 11.1, 'm6-1': 5.22, 'm7-1': 1.03, 'm8-1': 5.14}",0.0,inf,inf,inf,182.053,182.053
744,T6,BESTEFFORT,CANCELLED,,72.324,"{'m1-1': 100.34, 'm2-1': 9.76, 'm3-1': 1.16, 'm4-1': 112.62, 'm5-1': 10.77, 'm6-1': 5.27, 'm7-1': 1.08, 'm8-1': 5.53}",0.0,inf,inf,inf,182.324,182.324
745,T4,BESTEFFORT,CANCELLED,,72.348,"{'m1-1': 106.3, 'm2-1': 11.09, 'm3-1': 1.07, 'm4-1': 97.06, 'm5-1': 11.04, 'm6-1': 5.43, 'm7-1': 1.0, 'm8-1': 5.4}",0.0,inf,inf,inf,182.348,182.348
746,T6,BESTEFFORT,COMPLETED,m7-1,72.41,"{'m1-1': 118.01, 'm2-1': 10.78, 'm3-1': 1.16, 'm4-1': 106.55, 'm5-1': 10.25, 'm6-1': 5.57, 'm7-1': 1.1, 'm8-1': 5.1}",1.6500000000000001,79.69200000000001,80.792,inf,182.41,182.41
747,T10,BESTEFFORT,CANCELLED,,72.645,"{'m1-1': 114.27, 'm2-1': 10.43, 'm3-1': 1.08, 'm4-1': 106.62, 'm5-1': 10.21, 'm6-1': 4.91, 'm7-1': 1.07, 'm8-1': 4.95}",0.0,inf,inf,inf,182.64499999999998,182.64499999999998
748,T1,BESTEFFORT,CANCELLED,,72.798,"{'m1-1': 113.61, 'm2-1': 10.48, 'm3-1': 0.99, 'm4-1': 116.25, 'm5-1': 10.28, 'm6-1': 5.26, 'm7-1': 1.07, 'm8-1': 5.3}",0.0,inf,inf,inf,182.798,182.798
749,T6,BESTEFFORT,CANCELLED,,72.822,"{'m1-1': 112.51, 'm2-1': 10.56, 'm3-1': 1.04, 'm4-1': 114.06, 'm5-1': 9.95, 'm6-1': 5.34, 'm7-1': 0.94, 'm8-1': 5.44}",0.0,inf,inf,inf,182.822,182.822
750,T1,BESTEFFORT,COMPLETED,m8-1,72.852,"{'m1-1': 110.88, 'm2-1': 9.28, 'm3-1': 1.01, 'm4-1': 109.51, 'm5-1': 11.08, 'm6-1': 4.87, 'm7-1': 1.0, 'm8-1': 4.87}",7.305,97.29700000000003,102.16700000000003,inf,182.852,182.852
751,T7,BESTEFFORT,COMPLETED,m6-1,72.964,"{'m1-1': 102.24, 'm2-1': 10.76, 'm3-1': 1.05, 'm4-1': 112.7, 'm5-1': 10.8, 'm6-1': 4.69, 'm7-1': 1.14, 'm8-1': 5.03}",7.035,164.458,169.148,inf,182.964,182.964
752,T6,BESTEFFORT,CANCELLED,,73.024,"{'m1-1': 107.62, 'm2-1': 10.58, 'm3-1': 1.13, 'm4-1': 104.03, 'm5-1': 10.04, 'm6-1': 5.43, 'm7-1': 1.03, 'm8-1': 4.98}",0.0,inf,inf,inf,183.024,183.024
753,T7,BESTEFFORT,CANCELLED,,73.149,"{'m1-1': 107.96, 'm2-1': 10.77, 'm3-1': 1.05, 'm4-1': 110.6, 'm5-1': 10.9, 'm6-1': 4.84, 'm7-1': 1.07, 'm8-1': 5.22}",0.0,inf,inf,inf,183.149,183.149
754,T6,BESTEFFORT,CANCELLED,,73.215,"{'m1-1': 103.38, 'm2-1': 10.75, 'm3-1': 1.14, 'm4-1': 111.53, 'm5-1': 10.61, 'm6-1': 5.57, 'm7-1': 1.04, 'm8-1': 5.41}",0.0,inf,inf,inf,183.215,183.215
755,T9,BESTEFFORT,CANCELLED,,73.383,"{'m1-1': 109.19, 'm2-1': 10.24, 'm3-1': 1.14, 'm4-1': 102.54, 'm5-1': 10.96, 'm6-1': 5.16, 'm7-1': 0.98, 'm8-1': 5.44}",0.0,inf,inf,inf,183.38299999999998,183.38299999999998
756,T6,BESTEFFORT,COMPLETED,m7-1,73.387,"{'m1-1': 103.48, 'm2-1': 10.12, 'm3-1': 1.16, 'm4-1': 105.09, 'm5-1': 11.05, 'm6-1': 5.29, 'm7-1': 0.94, 'm8-1': 5.08}",1.41,80.792,81.732,inf,183.387,183.387
757,T4,BESTEFFORT,COMPLETED,m7-1,73.432,"{'m1-1': 109.0, 'm2-1': 10.5, 'm3-1': 0.97, 'm4-1': 106.28, 'm5-1': 9.99, 'm6-1': 5.03, 'm7-1': 1.08, 'm8-1': 4.91}",1.62,84.812,85.892,inf,183.43200000000002,183.43200000000002
758,T10,BESTEFFORT,COMPLETED,m8-1,73.438,"{'m1-1': 114.12, 'm2-1': 9.34, 'm3-1': 1.08, 'm4-1': 104.47, 'm5-1': 10.11, 'm6-1': 5.47, 'm7-1': 0.97, 'm8-1': 5.52}",8.28,117.42700000000002,122.94700000000002,inf,183.438,183.438
759,T4,BESTEFFORT,COMPLETED,m7-1,73.543,"{'m1-1': 108.62, 'm2-1': 10.28, 'm3-1': 1.03, 'm4-1': 100.88, 'm5-1': 9.76, 'm6-1': 5.49, 'm7-1': 0.97, 'm8-1': 4.86}",1.455,76.64200000000001,77.61200000000001,inf,183.543,183.543
760,T9,BESTEFFORT,CANCELLED,,73.686,"{'m1-1': 98.82, 'm2-1': 10.41, 'm3-1': 1.03, 'm4-1': 99.4, 'm5-1': 10.52, 'm6-1': 4.68, 'm7-1': 1.12, 'm8-1': 5.29}",0.0,inf,inf,inf,183.686,183.686
761,T7,BESTEFFORT,CANCELLED,,73.694,"{'m1-1': 97.65, 'm2-1': 10.74, 'm3-1': 1.06, 'm4-1': 100.7, 'm5-1': 10.34, 'm6-1': 5.38, 'm7-1': 1.19, 'm8-1': 5.72}",0.0,inf,inf,inf,183.69400000000002,183.69400000000002
762,T8,BESTEFFORT,CANCELLED,,73.696,"{'m1-1': 106.19, 'm2-1': 10.22, 'm3-1': 1.14, 'm4-1': 94.59, 'm5-1': 10.43, 'm6-1': 4.83, 'm7-1': 1.0, 'm8-1': 5.09}",0.0,inf,inf,inf,183.696,183.696
763,T2,BESTEFFORT,COMPLETED,m3-1,73.773,"{'m1-1': 115.29, 'm2-1': 10.04, 'm3-1': 1.03, 'm4-1': 106.21, 'm5-1': 10.4, 'm6-1': 4.65, 'm7-1': 1.08, 'm8-1': 5.23}",1.545,78.872,79.902,inf,183.773,183.773
764,T8,BESTEFFORT,CANCELLED,,73.778,"{'m1-1': 98.95, 'm2-1': 9.5, 'm3-1': 1.05, 'm4-1': 94.81, 'm5-1': 10.66, 'm6-1': 4.86, 'm7-1': 1.02, 'm8-1': 4.7}",0.0,inf,inf,inf,183.77800000000002,183.77800000000002
765,T9,BESTEFFORT,COMPLETED,m3-1,73.808,"{'m1-1': 113.11, 'm2-1': 10.88, 'm3-1': 1.08, 'm4-1': 109.56, 'm5-1': 10.2, 'm6-1': 5.5, 'm7-1': 0.99, 'm8-1': 5.22}",1.62,140.472,141.55200000000002,inf,183.808,183.808
766,T3,BESTEFFORT,CANCELLED,,73.825,"{'m1-1': 98.27, 'm2-1': 11.44, 'm3-1': 1.03, 'm4-1': 109.04, 'm5-1': 9.86, 'm6-1': 5.24, 'm7-1': 1.03, 'm8-1': 5.44}",0.0,inf,inf,inf,183.825,183.825
767,T9,BESTEFFORT,CANCELLED,,73.846,"{'m1-1': 113.69, 'm2-1': 9.94, 'm3-1': 1.12, 'm4-1': 114.87, 'm5-1': 10.26, 'm6-1': 5.54, 'm7-1': 1.05, 'm8-1': 4.81}",0.0,inf,inf,inf,183.846,183.846
768,T7,BESTEFFORT,COMPLETED,m3-1,73.854,"{'m1-1': 98.1, 'm2-1': 10.57, 'm3-1': 0.98, 'm4-1': 97.21, 'm5-1': 9.68, 'm6-1': 5.17, 'm7-1': 1.1, 'm8-1': 5.31}",1.47,77.892,78.872,inf,183.85399999999998,183.85399999999998
769,T9,BESTEFFORT,MISSED,m3-1,73.943,"{'m1-1': 102.18, 'm2-1': 9.99, 'm3-1': 1.08, 'm4-1': 111.95, 'm5-1': 11.01, 'm6-1': 5.08, 'm7-1': 1.06, 'm8-1': 5.52}",0.0,186.63200000000006,inf,186.63200000000006,183.94299999999998,183.94299999999998
770,T4,BESTEFFORT,COMPLETED,m7-1,74.068,"{'m1-1': 106.86, 'm2-1': 11.06, 'm3-1': 1.03, 'm4-1': 98.31, 'm5-1': 10.39, 'm6-1': 5.5, 'm7-1': 0.93, 'm8-1': 5.11}",1.395,85.892,86.822,inf,184.06799999999998,184.06799999999998
771,T5,BESTEFFORT,COMPLETED,m5-1,74.101,"{'m1-1': 104.25, 'm2-1': 10.09, 'm3-1': 1.17, 'm4-1': 96.41, 'm5-1': 11.05, 'm6-1': 4.99, 'm7-1': 0.98, 'm8-1': 5.29}",16.575000000000003,162.707,173.757,inf,184.101,184.101
772,T4,BESTEFFORT,COMPLETED,m3-1,74.438,"{'m1-1': 115.19, 'm2-1': 10.18, 'm3-1': 1.1, 'm4-1': 105.8, 'm5-1': 11.15, 'm6-1': 5.07, 'm7-1': 1.08, 'm8-1': 5.58}",1.6500000000000001,141.55200000000002,142.65200000000002,inf,184.438,184.438
773,T7,BESTEFFORT,CANCELLED,,74.565,"{'m1-1': 96.17, 'm2-1': 11.18, 'm3-1': 1.07, 'm4-1': 113.38, 'm5-1': 10.56, 'm6-1': 5.05, 'm7-1': 1.19, 'm8-1': 5.01}",0.0,inf,inf,inf,184.565,184.565
774,T7,BESTEFFORT,CANCELLED,,74.603,"{'m1-1': 101.15, 'm2-1': 11.0, 'm3-1': 1.03, 'm4-1': 111.31, 'm5-1': 9.37, 'm6-1': 4.84, 'm7-1': 1.15, 'm8-1': 5.37}",0.0,inf,inf,inf,184.603,184.603
775,T10,BESTEFFORT,CANCELLED,,74.702,"{'m1-1': 109.06, 'm2-1': 9.74, 'm3-1': 1.06, 'm4-1': 102.53, 'm5-1': 9.9, 'm6-1': 5.51, 'm7-1': 1.06, 'm8-1': 4.68}",0.0,inf,inf,inf,184.702,184.702
776,T2,BESTEFFORT,COMPLETED,m7-1,74.907,"{'m1-1': 105.75, 'm2-1': 10.5, 'm3-1': 0.96, 'm4-1': 115.32, 'm5-1': 10.64, 'm6-1': 4.87, 'm7-1': 0.99, 'm8-1': 4.95}",1.4849999999999999,174.37100000000004,175.36100000000005,inf,184.90699999999998,184.90699999999998
777,T5,BESTEFFORT,COMPLETED,m7-1,74.944,"{'m1-1': 94.5, 'm2-1': 10.51, 'm3-1': 1.12, 'm4-1': 99.75, 'm5-1': 10.53, 'm6-1': 4.94, 'm7-1': 1.09, 'm8-1': 4.96}",1.6350000000000002,78.602,79.69200000000001,inf,184.94400000000002,184.94400000000002
778,T10,BESTEFFORT,MISSED,m3-1,75.028,"{'m1-1': 112.25, 'm2-1': 10.23, 'm3-1': 1.02, 'm4-1': 99.71, 'm5-1': 11.18, 'm6-1': 5.18, 'm7-1': 1.07, 'm8-1': 5.5}",0.0,186.63200000000006,inf,186.63200000000006,185.02800000000002,185.02800000000002
779,T7,BESTEFFORT,CANCELLED,,75.148,"{'m1-1': 109.99, 'm2-1': 11.04, 'm3-1': 0.93, 'm4-1': 106.83, 'm5-1': 10.18, 'm6-1': 5.07, 'm7-1': 1.03, 'm8-1': 4.83}",0.0,inf,inf,inf,185.148,185.148
780,T2,BESTEFFORT,COMPLETED,m7-1,75.253,"{'m1-1': 101.51, 'm2-1': 10.62, 'm3-1': 1.04, 'm4-1': 104.27, 'm5-1': 9.92, 'm6-1': 5.06, 'm7-1': 0.94, 'm8-1': 5.15}",1.41,86.822,87.762,inf,185.253,185.253
781,T8,BESTEFFORT,COMPLETED,m8-1,75.302,"{'m1-1': 95.88, 'm2-1': 9.52, 'm3-1': 1.14, 'm4-1': 96.43, 'm5-1': 10.92, 'm6-1': 4.89, 'm7-1': 1.03, 'm8-1': 5.3}",7.949999999999999,91.99700000000003,97.29700000000003,inf,185.30200000000002,185.30200000000002
782,T6,BESTEFFORT,COMPLETED,m3-1,75.327,"{'m1-1': 116.73, 'm2-1': 10.68, 'm3-1': 1.14, 'm4-1': 109.2, 'm5-1': 10.56, 'm6-1': 5.12, 'm7-1': 1.04, 'm8-1': 5.66}",1.71,165.48200000000006,166.62200000000004,inf,185.327,185.327
783,T3,BESTEFFORT,CANCELLED,,75.368,"{'m1-1': 112.18, 'm2-1': 10.77, 'm3-1': 1.08, 'm4-1': 97.44, 'm5-1': 10.41, 'm6-1': 5.27, 'm7-1': 1.02, 'm8-1': 5.55}",0.0,inf,inf,inf,185.368,185.368
784,T1,BESTEFFORT,MISSED,m2-1,75.543,"{'m1-1': 109.93, 'm2-1': 9.35, 'm3-1': 1.15, 'm4-1': 116.47, 'm5-1': 10.23, 'm6-1': 5.52, 'm7-1': 1.12, 'm8-1': 4.64}",3.4994999999999976,183.21,inf,185.543,185.543,185.543
785,T7,BESTEFFORT,COMPLETED,m3-1,75.678,"{'m1-1': 108.54, 'm2-1': 10.76, 'm3-1': 1.06, 'm4-1': 110.07, 'm5-1': 10.98, 'm6-1': 5.39, 'm7-1': 1.05, 'm8-1': 5.57}",1.59,142.65200000000002,143.71200000000002,inf,185.678,185.678
786,T10,BESTEFFORT,COMPLETED,m3-1,75.997,"{'m1-1': 110.48, 'm2-1': 9.28, 'm3-1': 1.14, 'm4-1': 94.91, 'm5-1': 9.99, 'm6-1': 5.57, 'm7-1': 1.14, 'm8-1': 4.97}",1.71,177.06200000000004,178.20200000000003,inf,185.997,185.997
787,T2,BESTEFFORT,COMPLETED,m6-1,76.014,"{'m1-1': 99.24, 'm2-1': 11.56, 'm3-1': 1.04, 'm4-1': 111.45, 'm5-1': 10.14, 'm6-1': 5.07, 'm7-1': 0.94, 'm8-1': 5.2}",7.605,91.992,97.06200000000001,inf,186.014,186.014
788,T4,BESTEFFORT,COMPLETED,m3-1,76.114,"{'m1-1': 111.07, 'm2-1': 9.65, 'm3-1': 1.13, 'm4-1': 113.44, 'm5-1': 10.14, 'm6-1': 4.86, 'm7-1': 0.97, 'm8-1': 5.41}",1.6949999999999998,143.71200000000002,144.842,inf,186.114,186.114
789,T10,BESTEFFORT,CANCELLED,,76.144,"{'m1-1': 102.8, 'm2-1': 9.63, 'm3-1': 1.06, 'm4-1': 110.01, 'm5-1': 11.11, 'm6-1': 5.34, 'm7-1': 1.1, 'm8-1': 4.87}",0.0,inf,inf,inf,186.144,186.144
790,T2,BESTEFFORT,CANCELLED,,76.193,"{'m1-1': 114.61, 'm2-1': 10.33, 'm3-1': 1.08, 'm4-1': 109.58, 'm5-1': 10.46, 'm6-1': 5.02, 'm7-1': 1.07, 'm8-1': 4.64}",0.0,inf,inf,inf,186.19299999999998,186.19299999999998
791,T10,BESTEFFORT,CANCELLED,,76.303,"{'m1-1': 97.54, 'm2-1': 9.47, 'm3-1': 1.0, 'm4-1': 111.28, 'm5-1': 10.89, 'm6-1': 5.38, 'm7-1': 1.09, 'm8-1': 4.88}",0.0,inf,inf,inf,186.303,186.303
792,T2,BESTEFFORT,COMPLETED,m7-1,76.398,"{'m1-1': 103.64, 'm2-1': 10.54, 'm3-1': 1.04, 'm4-1': 101.08, 'm5-1': 10.86, 'm6-1': 5.33, 'm7-1': 1.01, 'm8-1': 4.82}",1.5150000000000001,149.461,150.471,inf,186.398,186.398
793,T9,BESTEFFORT,MISSED,m3-1,76.415,"{'m1-1': 99.81, 'm2-1': 10.7, 'm3-1': 0.97, 'm4-1': 97.28, 'm5-1': 11.17, 'm6-1': 5.2, 'm7-1': 1.13, 'm8-1': 5.14}",0.0,186.63200000000006,inf,186.63200000000006,186.41500000000002,186.41500000000002
794,T8,BESTEFFORT,MISSED,m6-1,76.447,"{'m1-1': 96.35, 'm2-1': 9.72, 'm3-1': 1.06, 'm4-1': 103.05, 'm5-1': 10.37, 'm6-1': 4.79, 'm7-1': 1.03, 'm8-1': 5.43}",0.0,189.418,inf,189.418,186.447,186.447
795,T3,BESTEFFORT,COMPLETED,m3-1,76.497,"{'m1-1': 103.48, 'm2-1': 10.14, 'm3-1': 1.09, 'm4-1': 110.39, 'm5-1': 9.81, 'm6-1': 4.64, 'm7-1': 1.02, 'm8-1': 4.93}",1.6350000000000002,144.842,145.93200000000002,inf,186.497,186.497
796,T4,BESTEFFORT,CANCELLED,,76.59,"{'m1-1': 101.01, 'm2-1': 10.56, 'm3-1': 1.03, 'm4-1': 105.75, 'm5-1': 9.96, 'm6-1': 5.27, 'm7-1': 1.06, 'm8-1': 5.34}",0.0,inf,inf,inf,186.59,186.59
797,T3,BESTEFFORT,COMPLETED,m3-1,76.689,"{'m1-1': 106.59, 'm2-1': 11.71, 'm3-1': 0.92, 'm4-1': 97.71, 'm5-1': 10.61, 'm6-1': 4.66, 'm7-1': 1.04, 'm8-1': 5.42}",1.3800000000000001,79.902,80.822,inf,186.689,186.689
798,T4,BESTEFFORT,CANCELLED,,76.857,"{'m1-1': 101.66, 'm2-1': 10.86, 'm3-1': 1.03, 'm4-1': 96.56, 'm5-1': 10.5, 'm6-1': 5.19, 'm7-1': 1.05, 'm8-1': 5.27}",0.0,inf,inf,inf,186.857,186.857
799,T4,BESTEFFORT,COMPLETED,m3-1,76.866,"{'m1-1': 100.73, 'm2-1': 10.48, 'm3-1': 1.06, 'm4-1': 106.34, 'm5-1': 10.84, 'm6-1': 4.92, 'm7-1': 1.09, 'm8-1': 5.24}",1.59,80.822,81.882,inf,186.86599999999999,186.86599999999999
800,T7,BESTEFFORT,COMPLETED,m3-1,76.872,"{'m1-1': 102.71, 'm2-1': 10.6, 'm3-1': 0.99, 'm4-1': 96.4, 'm5-1': 10.63, 'm6-1': 5.28, 'm7-1': 1.19, 'm8-1': 5.66}",1.4849999999999999,90.91200000000002,91.90200000000002,inf,186.872,186.872
801,T3,BESTEFFORT,COMPLETED,m3-1,76.906,"{'m1-1': 96.4, 'm2-1': 11.48, 'm3-1': 1.07, 'm4-1': 109.31, 'm5-1': 9.85, 'm6-1': 4.59, 'm7-1': 0.95, 'm8-1': 5.52}",1.605,178.20200000000003,179.27200000000002,inf,186.906,186.906
802,T1,BESTEFFORT,COMPLETED,m7-1,76.975,"{'m1-1': 100.21, 'm2-1': 10.89, 'm3-1': 1.08, 'm4-1': 102.54, 'm5-1': 9.73, 'm6-1': 5.03, 'm7-1': 1.12, 'm8-1': 5.0}",1.6800000000000002,150.471,151.591,inf,186.975,186.975
803,T5,BESTEFFORT,MISSED,m6-1,76.99,"{'m1-1': 92.18, 'm2-1': 10.81, 'm3-1': 1.18, 'm4-1': 99.76, 'm5-1': 10.15, 'm6-1': 4.86, 'm7-1': 0.98, 'm8-1': 5.25}",0.0,189.418,inf,189.418,186.99,186.99
804,T9,BESTEFFORT,CANCELLED,,77.249,"{'m1-1': 113.44, 'm2-1': 9.76, 'm3-1': 1.08, 'm4-1': 97.48, 'm5-1': 11.45, 'm6-1': 5.56, 'm7-1': 1.13, 'm8-1': 5.34}",0.0,inf,inf,inf,187.249,187.249
805,T9,BESTEFFORT,COMPLETED,m3-1,77.287,"{'m1-1': 110.55, 'm2-1': 11.02, 'm3-1': 1.07, 'm4-1': 113.53, 'm5-1': 10.94, 'm6-1': 5.23, 'm7-1': 1.12, 'm8-1': 5.31}",1.605,145.93200000000002,147.002,inf,187.287,187.287
806,T6,BESTEFFORT,CANCELLED,,77.496,"{'m1-1': 102.47, 'm2-1': 10.09, 'm3-1': 1.14, 'm4-1': 100.7, 'm5-1': 10.29, 'm6-1': 5.12, 'm7-1': 1.0, 'm8-1': 5.09}",0.0,inf,inf,inf,187.49599999999998,187.49599999999998
807,T4,BESTEFFORT,CANCELLED,,77.513,"{'m1-1': 114.47, 'm2-1': 10.79, 'm3-1': 1.05, 'm4-1': 103.25, 'm5-1': 9.97, 'm6-1': 4.99, 'm7-1': 1.0, 'm8-1': 5.49}",0.0,inf,inf,inf,187.513,187.513
808,T6,BESTEFFORT,CANCELLED,,77.594,"{'m1-1': 101.92, 'm2-1': 10.2, 'm3-1': 1.02, 'm4-1': 117.82, 'm5-1': 10.04, 'm6-1': 5.52, 'm7-1': 0.97, 'm8-1': 5.25}",0.0,inf,inf,inf,187.594,187.594
809,T4,BESTEFFORT,COMPLETED,m3-1,77.614,"{'m1-1': 116.81, 'm2-1': 9.67, 'm3-1': 1.11, 'm4-1': 99.99, 'm5-1': 9.87, 'm6-1': 5.57, 'm7-1': 0.96, 'm8-1': 4.96}",1.665,179.27200000000002,180.38200000000003,inf,187.614,187.614
810,T8,BESTEFFORT,COMPLETED,m3-1,77.751,"{'m1-1': 112.15, 'm2-1': 9.82, 'm3-1': 1.15, 'm4-1': 98.88, 'm5-1': 11.22, 'm6-1': 4.86, 'm7-1': 1.03, 'm8-1': 4.9}",1.7249999999999999,180.38200000000003,181.53200000000004,inf,187.751,187.751
811,T4,BESTEFFORT,CANCELLED,,77.814,"{'m1-1': 114.79, 'm2-1': 11.1, 'm3-1': 0.99, 'm4-1': 97.06, 'm5-1': 11.05, 'm6-1': 4.94, 'm7-1': 1.02, 'm8-1': 5.15}",0.0,inf,inf,inf,187.814,187.814
812,T6,BESTEFFORT,COMPLETED,m7-1,77.915,"{'m1-1': 110.81, 'm2-1': 10.87, 'm3-1': 1.17, 'm4-1': 104.03, 'm5-1': 10.23, 'm6-1': 5.54, 'm7-1': 0.96, 'm8-1': 5.1}",1.44,91.86200000000001,92.822,inf,187.91500000000002,187.91500000000002
813,T7,BESTEFFORT,COMPLETED,m3-1,77.967,"{'m1-1': 110.08, 'm2-1': 10.03, 'm3-1': 0.93, 'm4-1': 97.09, 'm5-1': 10.7, 'm6-1': 4.74, 'm7-1': 1.07, 'm8-1': 5.65}",1.395,81.882,82.81200000000001,inf,187.96699999999998,187.96699999999998
814,T9,BESTEFFORT,COMPLETED,m3-1,78.297,"{'m1-1': 108.06, 'm2-1': 10.41, 'm3-1': 1.06, 'm4-1': 100.61, 'm5-1': 9.96, 'm6-1': 5.49, 'm7-1': 1.08, 'm8-1': 4.86}",1.59,166.62200000000004,167.68200000000004,inf,188.297,188.297
815,T5,BESTEFFORT,COMPLETED,m7-1,78.421,"{'m1-1': 92.66, 'm2-1': 10.71, 'm3-1': 1.08, 'm4-1': 96.21, 'm5-1': 11.06, 'm6-1': 5.08, 'm7-1': 1.08, 'm8-1': 4.96}",1.62,81.732,82.812,inf,188.421,188.421
816,T7,BESTEFFORT,MISSED,m6-1,78.453,"{'m1-1': 105.15, 'm2-1': 10.8, 'm3-1': 1.02, 'm4-1': 113.17, 'm5-1': 10.77, 'm6-1': 5.33, 'm7-1': 1.01, 'm8-1': 5.71}",0.0,189.418,inf,189.418,188.453,188.453
817,T5,BESTEFFORT,CANCELLED,,78.575,"{'m1-1': 100.05, 'm2-1': 10.77, 'm3-1': 1.07, 'm4-1': 97.37, 'm5-1': 10.72, 'm6-1': 5.34, 'm7-1': 1.0, 'm8-1': 5.17}",0.0,inf,inf,inf,188.575,188.575
818,T9,BESTEFFORT,CANCELLED,,78.819,"{'m1-1': 102.05, 'm2-1': 10.56, 'm3-1': 1.07, 'm4-1': 114.78, 'm5-1': 10.38, 'm6-1': 4.78, 'm7-1': 1.11, 'm8-1': 4.96}",0.0,inf,inf,inf,188.81900000000002,188.81900000000002
819,T4,BESTEFFORT,COMPLETED,m7-1,78.902,"{'m1-1': 112.82, 'm2-1': 9.88, 'm3-1': 1.08, 'm4-1': 99.26, 'm5-1': 10.11, 'm6-1': 5.14, 'm7-1': 0.96, 'm8-1': 4.93}",1.44,175.36100000000005,176.32100000000005,inf,188.902,188.902
820,T4,BESTEFFORT,COMPLETED,m7-1,78.92,"{'m1-1': 102.52, 'm2-1': 9.59, 'm3-1': 1.06, 'm4-1': 107.51, 'm5-1': 9.74, 'm6-1': 4.8, 'm7-1': 0.97, 'm8-1': 5.18}",1.455,151.591,152.561,inf,188.92000000000002,188.92000000000002
821,T4,BESTEFFORT,COMPLETED,m7-1,79.002,"{'m1-1': 109.46, 'm2-1': 9.83, 'm3-1': 1.11, 'm4-1': 103.98, 'm5-1': 10.2, 'm6-1': 5.66, 'm7-1': 0.94, 'm8-1': 4.91}",1.41,82.812,83.752,inf,189.002,189.002
822,T4,BESTEFFORT,COMPLETED,m7-1,79.204,"{'m1-1': 110.86, 'm2-1': 11.19, 'm3-1': 1.04, 'm4-1': 98.64, 'm5-1': 11.23, 'm6-1': 5.22, 'm7-1': 1.1, 'm8-1': 5.07}",1.6500000000000001,187.48100000000008,188.58100000000007,inf,189.204,189.204
823,T2,BESTEFFORT,COMPLETED,m3-1,79.234,"{'m1-1': 110.72, 'm2-1': 11.56, 'm3-1': 0.98, 'm4-1': 114.98, 'm5-1': 10.86, 'm6-1': 4.94, 'm7-1': 1.04, 'm8-1': 5.06}",1.47,82.81200000000001,83.79200000000002,inf,189.23399999999998,189.23399999999998
824,T1,BESTEFFORT,MISSED,m7-1,79.437,"{'m1-1': 111.54, 'm2-1': 10.88, 'm3-1': 1.11, 'm4-1': 100.67, 'm5-1': 10.73, 'm6-1': 5.12, 'm7-1': 1.1, 'm8-1': 4.85}",1.2839999999999065,188.58100000000007,inf,189.437,189.437,189.437
825,T2,BESTEFFORT,COMPLETED,m3-1,79.442,"{'m1-1': 115.04, 'm2-1': 10.53, 'm3-1': 1.06, 'm4-1': 106.14, 'm5-1': 9.62, 'm6-1': 4.94, 'm7-1': 1.0, 'm8-1': 5.18}",1.59,167.68200000000004,168.74200000000005,inf,189.442,189.442
826,T3,BESTEFFORT,COMPLETED,m3-1,79.499,"{'m1-1': 100.94, 'm2-1': 11.38, 'm3-1': 0.95, 'm4-1': 107.2, 'm5-1': 10.69, 'm6-1': 5.16, 'm7-1': 0.95, 'm8-1': 5.56}",1.4249999999999998,102.21200000000002,103.16200000000002,inf,189.499,189.499
827,T2,BESTEFFORT,COMPLETED,m3-1,79.623,"{'m1-1': 102.56, 'm2-1': 9.92, 'm3-1': 0.98, 'm4-1': 104.13, 'm5-1': 10.36, 'm6-1': 5.06, 'm7-1': 1.07, 'm8-1': 4.96}",1.47,186.63200000000006,187.61200000000005,inf,189.623,189.623
828,T1,BESTEFFORT,CANCELLED,,79.654,"{'m1-1': 117.79, 'm2-1': 9.65, 'm3-1': 1.01, 'm4-1': 115.64, 'm5-1': 9.88, 'm6-1': 5.23, 'm7-1': 1.1, 'm8-1': 4.66}",0.0,inf,inf,inf,189.654,189.654
829,T5,BESTEFFORT,MISSED,m1-1,79.735,"{'m1-1': 92.52, 'm2-1': 10.07, 'm3-1': 1.16, 'm4-1': 95.45, 'm5-1': 9.99, 'm6-1': 5.24, 'm7-1': 0.92, 'm8-1': 5.25}",32.166000000000025,168.291,inf,189.735,189.735,189.735
830,T7,BESTEFFORT,COMPLETED,m3-1,79.748,"{'m1-1': 100.28, 'm2-1': 9.97, 'm3-1': 0.94, 'm4-1': 108.18, 'm5-1': 9.4, 'm6-1': 4.64, 'm7-1': 1.02, 'm8-1': 5.17}",1.41,181.53200000000004,182.47200000000004,inf,189.748,189.748
831,T2,BESTEFFORT,COMPLETED,m6-1,79.971,"{'m1-1': 113.43, 'm2-1': 10.81, 'm3-1': 1.08, 'm4-1': 101.2, 'm5-1': 10.43, 'm6-1': 5.15, 'm7-1': 0.93, 'm8-1': 4.83}",7.7250000000000005,147.73499999999999,152.885,inf,189.971,189.971
832,T9,BESTEFFORT,CANCELLED,,80.151,"{'m1-1': 100.81, 'm2-1': 9.96, 'm3-1': 1.05, 'm4-1': 98.15, 'm5-1': 10.61, 'm6-1': 5.49, 'm7-1': 1.03, 'm8-1': 5.26}",0.0,inf,inf,inf,190.151,190.151
833,T5,BESTEFFORT,COMPLETED,m8-1,80.199,"{'m1-1': 105.31, 'm2-1': 10.6, 'm3-1': 1.12, 'm4-1': 104.63, 'm5-1': 9.47, 'm6-1': 5.14, 'm7-1': 1.02, 'm8-1': 4.78}",7.17,147.621,152.401,inf,190.199,190.199
834,T2,BESTEFFORT,COMPLETED,m3-1,80.339,"{'m1-1': 102.59, 'm2-1': 11.07, 'm3-1': 0.96, 'm4-1': 110.15, 'm5-1': 10.86, 'm6-1': 4.84, 'm7-1': 0.97, 'm8-1': 5.49}",1.44,104.22200000000002,105.18200000000002,inf,190.339,190.339
835,T7,BESTEFFORT,COMPLETED,m3-1,80.341,"{'m1-1': 103.56, 'm2-1': 10.8, 'm3-1': 0.96, 'm4-1': 108.01, 'm5-1': 10.1, 'm6-1': 4.62, 'm7-1': 1.16, 'm8-1': 5.25}",1.44,85.86200000000001,86.822,inf,190.341,190.341
836,T8,BESTEFFORT,MISSED,m4-1,80.382,"{'m1-1': 105.72, 'm2-1': 10.08, 'm3-1': 1.05, 'm4-1': 99.55, 'm5-1': 9.84, 'm6-1': 4.82, 'm7-1': 1.1, 'm8-1': 5.19}",16.065000000000012,179.672,inf,190.382,190.382,190.382
837,T2,BESTEFFORT,CANCELLED,,80.498,"{'m1-1': 104.19, 'm2-1': 11.05, 'm3-1': 1.09, 'm4-1': 103.61, 'm5-1': 11.21, 'm6-1': 5.31, 'm7-1': 0.94, 'm8-1': 4.73}",0.0,inf,inf,inf,190.498,190.498
838,T7,BESTEFFORT,COMPLETED,m3-1,80.51,"{'m1-1': 102.67, 'm2-1': 10.62, 'm3-1': 1.02, 'm4-1': 109.3, 'm5-1': 9.86, 'm6-1': 5.18, 'm7-1': 1.16, 'm8-1': 5.66}",1.53,83.79200000000002,84.81200000000001,inf,190.51,190.51
839,T6,BESTEFFORT,MISSED,m5-1,80.576,"{'m1-1': 116.4, 'm2-1': 10.28, 'm3-1': 0.99, 'm4-1': 113.75, 'm5-1': 9.4, 'm6-1': 5.84, 'm7-1': 0.97, 'm8-1': 5.54}",10.963499999999996,183.267,inf,190.576,190.576,190.576
840,T6,BESTEFFORT,COMPLETED,m7-1,80.577,"{'m1-1': 111.57, 'm2-1': 10.63, 'm3-1': 1.14, 'm4-1': 103.09, 'm5-1': 9.58, 'm6-1': 5.37, 'm7-1': 1.06, 'm8-1': 5.11}",1.59,83.752,84.812,inf,190.577,190.577
841,T1,BESTEFFORT,CANCELLED,,80.661,"{'m1-1': 103.68, 'm2-1': 9.39, 'm3-1': 1.03, 'm4-1': 104.02, 'm5-1': 11.54, 'm6-1': 5.15, 'm7-1': 1.03, 'm8-1': 5.32}",0.0,inf,inf,inf,190.661,190.661
842,T6,BESTEFFORT,MISSED,m2-1,80.833,"{'m1-1': 115.72, 'm2-1': 9.28, 'm3-1': 1.14, 'm4-1': 105.88, 'm5-1': 9.8, 'm6-1': 5.46, 'm7-1': 0.96, 'm8-1': 5.28}",0.0,205.163,inf,205.163,190.833,190.833
843,T7,BESTEFFORT,COMPLETED,m3-1,80.891,"{'m1-1': 96.1, 'm2-1': 9.97, 'm3-1': 1.05, 'm4-1': 111.9, 'm5-1': 10.88, 'm6-1': 5.08, 'm7-1': 1.02, 'm8-1': 4.97}",1.5750000000000002,84.81200000000001,85.86200000000001,inf,190.89100000000002,190.89100000000002
844,T7,BESTEFFORT,COMPLETED,m3-1,80.912,"{'m1-1': 102.64, 'm2-1': 9.51, 'm3-1': 1.06, 'm4-1': 97.88, 'm5-1': 10.67, 'm6-1': 5.1, 'm7-1': 1.05, 'm8-1': 4.94}",1.59,187.61200000000005,188.67200000000005,inf,190.912,190.912
845,T3,BESTEFFORT,COMPLETED,m3-1,80.913,"{'m1-1': 107.64, 'm2-1': 11.47, 'm3-1': 1.06, 'm4-1': 106.9, 'm5-1': 9.94, 'm6-1': 5.19, 'm7-1': 1.06, 'm8-1': 5.12}",1.59,168.74200000000005,169.80200000000005,inf,190.913,190.913
846,T7,BESTEFFORT,CANCELLED,,81.029,"{'m1-1': 108.54, 'm2-1': 10.13, 'm3-1': 1.1, 'm4-1': 106.46, 'm5-1': 10.9, 'm6-1': 5.23, 'm7-1': 1.14, 'm8-1': 5.32}",0.0,inf,inf,inf,191.029,191.029
847,T1,BESTEFFORT,COMPLETED,m3-1,81.297,"{'m1-1': 110.62, 'm2-1': 10.28, 'm3-1': 1.13, 'm4-1': 102.06, 'm5-1': 10.42, 'm6-1': 4.97, 'm7-1': 1.14, 'm8-1': 5.03}",1.6949999999999998,169.80200000000005,170.93200000000004,inf,191.297,191.297
848,T2,BESTEFFORT,CANCELLED,,81.387,"{'m1-1': 101.73, 'm2-1': 10.17, 'm3-1': 1.03, 'm4-1': 113.93, 'm5-1': 9.54, 'm6-1': 4.74, 'm7-1': 1.04, 'm8-1': 4.84}",0.0,inf,inf,inf,191.387,191.387
849,T9,BESTEFFORT,MISSED,m6-1,81.43,"{'m1-1': 101.97, 'm2-1': 11.14, 'm3-1': 0.97, 'm4-1': 106.23, 'm5-1': 9.68, 'm6-1': 4.79, 'm7-1': 1.05, 'm8-1': 5.39}",0.0,194.368,inf,194.368,191.43,191.43
850,T2,BESTEFFORT,COMPLETED,m6-1,81.659,"{'m1-1': 104.4, 'm2-1': 10.54, 'm3-1': 1.03, 'm4-1': 102.97, 'm5-1': 10.97, 'm6-1': 5.13, 'm7-1': 1.07, 'm8-1': 5.2}",7.695,152.885,158.015,inf,191.659,191.659
851,T10,BESTEFFORT,CANCELLED,,81.667,"{'m1-1': 101.92, 'm2-1': 9.61, 'm3-1': 1.05, 'm4-1': 101.51, 'm5-1': 10.79, 'm6-1': 4.92, 'm7-1': 1.0, 'm8-1': 4.7}",0.0,inf,inf,inf,191.667,191.667
852,T7,BESTEFFORT,MISSED,m3-1,81.826,"{'m1-1': 107.36, 'm2-1': 9.93, 'm3-1': 1.06, 'm4-1': 101.51, 'm5-1': 10.38, 'm6-1': 4.73, 'm7-1': 1.16, 'm8-1': 4.91}",0.0,194.80200000000005,inf,194.80200000000005,191.826,191.826
853,T5,BESTEFFORT,COMPLETED,m7-1,81.86,"{'m1-1': 92.71, 'm2-1': 10.12, 'm3-1': 1.05, 'm4-1': 104.44, 'm5-1': 9.97, 'm6-1': 5.49, 'm7-1': 1.02, 'm8-1': 5.29}",1.53,87.762,88.782,inf,191.86,191.86
854,T9,BESTEFFORT,CANCELLED,,81.973,"{'m1-1': 106.15, 'm2-1': 10.15, 'm3-1': 1.03, 'm4-1': 114.09, 'm5-1': 9.68, 'm6-1': 5.33, 'm7-1': 0.98, 'm8-1': 5.55}",0.0,inf,inf,inf,191.973,191.973
855,T4,BESTEFFORT,COMPLETED,m3-1,82.008,"{'m1-1': 114.92, 'm2-1': 9.64, 'm3-1': 1.04, 'm4-1': 107.0, 'm5-1': 9.77, 'm6-1': 5.25, 'm7-1': 1.07, 'm8-1': 5.38}",1.56,170.93200000000004,171.97200000000004,inf,192.00799999999998,192.00799999999998
856,T4,BESTEFFORT,COMPLETED,m7-1,82.146,"{'m1-1': 105.93, 'm2-1': 10.45, 'm3-1': 0.97, 'm4-1': 97.2, 'm5-1': 10.94, 'm6-1': 4.96, 'm7-1': 1.08, 'm8-1': 5.65}",1.62,189.437,190.51700000000002,inf,192.14600000000002,192.14600000000002
857,T10,BESTEFFORT,COMPLETED,m7-1,82.393,"{'m1-1': 101.45, 'm2-1': 10.02, 'm3-1': 0.97, 'm4-1': 109.44, 'm5-1': 10.88, 'm6-1': 5.51, 'm7-1': 1.0, 'm8-1': 4.79}",1.5,190.51700000000002,191.51700000000002,inf,192.393,192.393
858,T8,BESTEFFORT,COMPLETED,m3-1,82.396,"{'m1-1': 100.47, 'm2-1': 10.08, 'm3-1': 1.05, 'm4-1': 105.62, 'm5-1': 11.12, 'm6-1': 5.31, 'm7-1': 1.16, 'm8-1': 5.28}",1.5750000000000002,147.002,148.05200000000002,inf,192.39600000000002,192.39600000000002
859,T7,BESTEFFORT,CANCELLED,,82.399,"{'m1-1': 101.27, 'm2-1': 10.73, 'm3-1': 0.93, 'm4-1': 112.7, 'm5-1': 10.94, 'm6-1': 4.97, 'm7-1': 1.14, 'm8-1': 5.11}",0.0,inf,inf,inf,192.399,192.399
860,T10,BESTEFFORT,COMPLETED,m7-1,82.488,"{'m1-1': 98.88, 'm2-1': 9.52, 'm3-1': 1.05, 'm4-1': 109.74, 'm5-1': 11.04, 'm6-1': 5.11, 'm7-1': 1.05, 'm8-1': 5.22}",1.5750000000000002,181.26100000000008,182.3110000000001,inf,192.488,192.488
861,T9,BESTEFFORT,COMPLETED,m7-1,82.575,"{'m1-1': 101.6, 'm2-1': 10.27, 'm3-1': 1.03, 'm4-1': 109.24, 'm5-1': 9.84, 'm6-1': 5.19, 'm7-1': 0.98, 'm8-1': 5.44}",1.47,182.3110000000001,183.29100000000008,inf,192.575,192.575
862,T5,BESTEFFORT,CANCELLED,,82.702,"{'m1-1': 96.31, 'm2-1': 10.32, 'm3-1': 1.06, 'm4-1': 100.26, 'm5-1': 10.82, 'm6-1': 4.76, 'm7-1': 1.03, 'm8-1': 5.49}",0.0,inf,inf,inf,192.702,192.702
863,T7,BESTEFFORT,COMPLETED,m6-1,82.827,"{'m1-1': 109.76, 'm2-1': 10.29, 'm3-1': 1.06, 'm4-1': 113.2, 'm5-1': 9.45, 'm6-1': 5.09, 'm7-1': 1.03, 'm8-1': 5.01}",7.635,184.328,189.418,inf,192.827,192.827
864,T8,BESTEFFORT,MISSED,m8-1,83.069,"{'m1-1': 111.68, 'm2-1': 10.12, 'm3-1': 0.98, 'm4-1': 104.2, 'm5-1': 10.31, 'm6-1': 5.29, 'm7-1': 0.99, 'm8-1': 5.02}",0.0,203.74100000000004,inf,203.74100000000004,193.06900000000002,193.06900000000002
865,T6,BESTEFFORT,CANCELLED,,83.147,"{'m1-1': 114.63, 'm2-1': 10.59, 'm3-1': 1.14, 'm4-1': 100.59, 'm5-1': 10.42, 'm6-1': 5.19, 'm7-1': 1.03, 'm8-1': 5.74}",0.0,inf,inf,inf,193.147,193.147
866,T1,BESTEFFORT,MISSED,m6-1,83.15,"{'m1-1': 104.93, 'm2-1': 9.71, 'm3-1': 1.01, 'm4-1': 103.15, 'm5-1': 11.06, 'm6-1': 5.44, 'm7-1': 1.04, 'm8-1': 5.0}",0.0,194.368,inf,194.368,193.15,193.15
867,T1,BESTEFFORT,CANCELLED,,83.161,"{'m1-1': 114.97, 'm2-1': 9.72, 'm3-1': 1.14, 'm4-1': 107.41, 'm5-1': 9.82, 'm6-1': 5.04, 'm7-1': 1.1, 'm8-1': 4.81}",0.0,inf,inf,inf,193.161,193.161
868,T9,BESTEFFORT,COMPLETED,m7-1,83.2,"{'m1-1': 103.9, 'm2-1': 10.55, 'm3-1': 1.12, 'm4-1': 99.24, 'm5-1': 10.23, 'm6-1': 5.08, 'm7-1': 1.12, 'm8-1': 5.41}",1.6800000000000002,183.29100000000008,184.4110000000001,inf,193.2,193.2
869,T5,BESTEFFORT,COMPLETED,m7-1,83.212,"{'m1-1': 106.79, 'm2-1': 9.99, 'm3-1': 1.03, 'm4-1': 104.93, 'm5-1': 10.34, 'm6-1': 4.77, 'm7-1': 1.04, 'm8-1': 5.28}",1.56,114.09199999999997,115.13199999999998,inf,193.212,193.212
870,T4,BESTEFFORT,COMPLETED,m3-1,83.256,"{'m1-1': 111.73, 'm2-1': 9.8, 'm3-1': 1.06, 'm4-1': 101.06, 'm5-1': 11.15, 'm6-1': 5.41, 'm7-1': 1.01, 'm8-1': 5.24}",1.59,86.822,87.882,inf,193.256,193.256
871,T7,BESTEFFORT,CANCELLED,,83.497,"{'m1-1': 110.08, 'm2-1': 10.35, 'm3-1': 1.04, 'm4-1': 112.95, 'm5-1': 10.88, 'm6-1': 5.12, 'm7-1': 1.16, 'm8-1': 4.88}",0.0,inf,inf,inf,193.497,193.497
872,T8,BESTEFFORT,CANCELLED,,83.539,"{'m1-1': 111.33, 'm2-1': 10.32, 'm3-1': 1.01, 'm4-1': 106.96, 'm5-1': 10.18, 'm6-1': 4.81, 'm7-1': 1.13, 'm8-1': 4.85}",0.0,inf,inf,inf,193.539,193.539
873,T4,BESTEFFORT,MISSED,m3-1,83.701,"{'m1-1': 109.0, 'm2-1': 10.86, 'm3-1': 1.0, 'm4-1': 105.97, 'm5-1': 10.84, 'm6-1': 4.85, 'm7-1': 0.92, 'm8-1': 4.88}",0.0,194.80200000000005,inf,194.80200000000005,193.701,193.701
874,T8,BESTEFFORT,MISSED,m1-1,83.738,"{'m1-1': 111.61, 'm2-1': 10.47, 'm3-1': 1.09, 'm4-1': 104.02, 'm5-1': 9.74, 'm6-1': 5.56, 'm7-1': 1.0, 'm8-1': 5.13}",0.0,210.07,inf,210.07,193.738,193.738
875,T5,BESTEFFORT,COMPLETED,m2-1,83.799,"{'m1-1': 103.4, 'm2-1': 9.5, 'm3-1': 1.09, 'm4-1': 110.27, 'm5-1': 10.15, 'm6-1': 4.89, 'm7-1': 0.92, 'm8-1': 4.66}",14.25,173.71,183.21,inf,193.799,193.799
876,T2,BESTEFFORT,COMPLETED,m7-1,83.994,"{'m1-1': 111.49, 'm2-1': 10.53, 'm3-1': 0.95, 'm4-1': 101.63, 'm5-1': 10.96, 'm6-1': 5.01, 'm7-1': 1.03, 'm8-1': 5.19}",1.545,88.782,89.812,inf,193.994,193.994
877,T3,BESTEFFORT,COMPLETED,m3-1,83.998,"{'m1-1': 109.54, 'm2-1': 10.18, 'm3-1': 0.93, 'm4-1': 102.61, 'm5-1': 10.44, 'm6-1': 5.14, 'm7-1': 1.06, 'm8-1': 4.86}",1.395,87.882,88.81200000000001,inf,193.998,193.998
878,T9,BESTEFFORT,COMPLETED,m3-1,84.025,"{'m1-1': 105.4, 'm2-1': 10.4, 'm3-1': 1.06, 'm4-1': 114.41, 'm5-1': 10.35, 'm6-1': 5.2, 'm7-1': 0.97, 'm8-1': 5.07}",1.59,105.18200000000002,106.24200000000002,inf,194.025,194.025
879,T8,BESTEFFORT,CANCELLED,,84.076,"{'m1-1': 108.3, 'm2-1': 10.72, 'm3-1': 1.11, 'm4-1': 97.94, 'm5-1': 9.94, 'm6-1': 5.32, 'm7-1': 1.13, 'm8-1': 5.08}",0.0,inf,inf,inf,194.076,194.076
880,T6,BESTEFFORT,CANCELLED,,84.365,"{'m1-1': 116.21, 'm2-1': 9.54, 'm3-1': 1.16, 'm4-1': 115.54, 'm5-1': 10.25, 'm6-1': 5.68, 'm7-1': 1.07, 'm8-1': 4.89}",0.0,inf,inf,inf,194.365,194.365
881,T10,BESTEFFORT,COMPLETED,m3-1,84.479,"{'m1-1': 113.12, 'm2-1': 9.31, 'm3-1': 1.03, 'm4-1': 102.75, 'm5-1': 10.57, 'm6-1': 4.81, 'm7-1': 1.1, 'm8-1': 4.92}",1.545,182.47200000000004,183.50200000000004,inf,194.47899999999998,194.47899999999998
882,T1,BESTEFFORT,COMPLETED,m7-1,84.479,"{'m1-1': 115.49, 'm2-1': 9.63, 'm3-1': 1.14, 'm4-1': 106.88, 'm5-1': 10.74, 'm6-1': 5.35, 'm7-1': 1.12, 'm8-1': 4.71}",1.6800000000000002,152.561,153.681,inf,194.47899999999998,194.47899999999998
883,T6,BESTEFFORT,COMPLETED,m3-1,84.511,"{'m1-1': 117.85, 'm2-1': 10.02, 'm3-1': 1.04, 'm4-1': 108.88, 'm5-1': 9.38, 'm6-1': 5.53, 'm7-1': 1.0, 'm8-1': 5.04}",1.56,188.67200000000005,189.71200000000005,inf,194.511,194.511
884,T7,BESTEFFORT,COMPLETED,m3-1,84.59,"{'m1-1': 110.18, 'm2-1': 9.8, 'm3-1': 1.1, 'm4-1': 111.68, 'm5-1': 10.08, 'm6-1': 5.2, 'm7-1': 1.06, 'm8-1': 5.28}",1.6500000000000001,91.90200000000002,93.00200000000001,inf,194.59,194.59
885,T5,BESTEFFORT,CANCELLED,,84.646,"{'m1-1': 100.36, 'm2-1': 10.09, 'm3-1': 1.02, 'm4-1': 109.75, 'm5-1': 10.69, 'm6-1': 5.41, 'm7-1': 1.08, 'm8-1': 4.95}",0.0,inf,inf,inf,194.64600000000002,194.64600000000002
886,T10,BESTEFFORT,COMPLETED,m3-1,84.753,"{'m1-1': 100.24, 'm2-1': 9.44, 'm3-1': 0.98, 'm4-1': 108.45, 'm5-1': 10.42, 'm6-1': 5.36, 'm7-1': 0.98, 'm8-1': 5.18}",1.47,189.71200000000005,190.69200000000004,inf,194.753,194.753
887,T4,BESTEFFORT,COMPLETED,m3-1,85.17,"{'m1-1': 114.11, 'm2-1': 9.68, 'm3-1': 1.04, 'm4-1': 102.87, 'm5-1': 10.09, 'm6-1': 5.13, 'm7-1': 1.03, 'm8-1': 5.42}",1.56,148.05200000000002,149.092,inf,195.17000000000002,195.17000000000002
888,T1,BESTEFFORT,CANCELLED,,85.322,"{'m1-1': 110.3, 'm2-1': 10.5, 'm3-1': 1.06, 'm4-1': 105.07, 'm5-1': 9.88, 'm6-1': 5.09, 'm7-1': 1.01, 'm8-1': 4.79}",0.0,inf,inf,inf,195.322,195.322
889,T5,BESTEFFORT,MISSED,m6-1,85.33,"{'m1-1': 102.81, 'm2-1': 10.01, 'm3-1': 1.1, 'm4-1': 110.3, 'm5-1': 10.29, 'm6-1': 5.32, 'm7-1': 0.93, 'm8-1': 5.31}",0.0,196.529,inf,196.529,195.32999999999998,195.32999999999998
890,T10,BESTEFFORT,MISSED,m5-1,85.559,"{'m1-1': 107.91, 'm2-1': 9.38, 'm3-1': 1.06, 'm4-1': 111.84, 'm5-1': 10.15, 'm6-1': 5.46, 'm7-1': 1.15, 'm8-1': 5.3}",0.0,199.20600000000002,inf,199.20600000000002,195.559,195.559
891,T7,BESTEFFORT,COMPLETED,m3-1,85.687,"{'m1-1': 98.15, 'm2-1': 10.29, 'm3-1': 1.01, 'm4-1': 104.37, 'm5-1': 10.83, 'm6-1': 4.94, 'm7-1': 1.09, 'm8-1': 5.0}",1.5150000000000001,88.81200000000001,89.82200000000002,inf,195.687,195.687
892,T7,BESTEFFORT,COMPLETED,m3-1,86.096,"{'m1-1': 110.46, 'm2-1': 10.58, 'm3-1': 1.09, 'm4-1': 104.46, 'm5-1': 10.58, 'm6-1': 5.41, 'm7-1': 1.01, 'm8-1': 5.73}",1.6350000000000002,89.82200000000002,90.91200000000002,inf,196.096,196.096
893,T10,BESTEFFORT,MISSED,m2-1,86.136,"{'m1-1': 98.51, 'm2-1': 10.12, 'm3-1': 1.04, 'm4-1': 99.8, 'm5-1': 10.27, 'm6-1': 5.03, 'm7-1': 1.09, 'm8-1': 5.46}",0.0,205.163,inf,205.163,196.136,196.136
894,T3,BESTEFFORT,COMPLETED,m7-1,86.187,"{'m1-1': 110.73, 'm2-1': 10.62, 'm3-1': 0.96, 'm4-1': 111.58, 'm5-1': 10.14, 'm6-1': 4.87, 'm7-1': 1.01, 'm8-1': 5.36}",1.5150000000000001,89.812,90.822,inf,196.187,196.187
895,T5,BESTEFFORT,COMPLETED,m7-1,86.242,"{'m1-1': 99.93, 'm2-1': 9.91, 'm3-1': 1.11, 'm4-1': 107.81, 'm5-1': 9.8, 'm6-1': 5.3, 'm7-1': 0.92, 'm8-1': 4.9}",1.3800000000000001,191.51700000000002,192.437,inf,196.24200000000002,196.24200000000002
896,T6,BESTEFFORT,CANCELLED,,86.462,"{'m1-1': 100.21, 'm2-1': 10.17, 'm3-1': 1.08, 'm4-1': 112.83, 'm5-1': 10.91, 'm6-1': 5.1, 'm7-1': 1.04, 'm8-1': 5.7}",0.0,inf,inf,inf,196.462,196.462
897,T10,BESTEFFORT,MISSED,m6-1,86.529,"{'m1-1': 110.35, 'm2-1': 10.11, 'm3-1': 1.11, 'm4-1': 103.05, 'm5-1': 9.8, 'm6-1': 5.46, 'm7-1': 0.98, 'm8-1': 4.67}",3.241500000000002,194.368,inf,196.529,196.529,196.529
898,T7,BESTEFFORT,MISSED,m3-1,86.66,"{'m1-1': 97.54, 'm2-1': 10.68, 'm3-1': 0.95, 'm4-1': 113.33, 'm5-1': 10.63, 'm6-1': 5.45, 'm7-1': 1.18, 'm8-1': 5.63}",1.181999999999931,195.87200000000004,inf,196.66,196.66,196.66
899,T5,BESTEFFORT,COMPLETED,m7-1,86.9,"{'m1-1': 103.17, 'm2-1': 9.72, 'm3-1': 1.1, 'm4-1': 106.02, 'm5-1': 10.65, 'm6-1': 5.28, 'm7-1': 1.04, 'm8-1': 5.16}",1.56,90.822,91.86200000000001,inf,196.9,196.9
900,T4,BESTEFFORT,MISSED,m3-1,87.085,"{'m1-1': 107.38, 'm2-1': 9.86, 'm3-1': 1.06, 'm4-1': 99.65, 'm5-1': 9.79, 'm6-1': 5.4, 'm7-1': 0.98, 'm8-1': 5.65}",0.0,199.76,inf,199.76,197.08499999999998,197.08499999999998
901,T8,BESTEFFORT,COMPLETED,m8-1,87.683,"{'m1-1': 107.64, 'm2-1': 10.56, 'm3-1': 1.06, 'm4-1': 108.72, 'm5-1': 10.22, 'm6-1': 5.4, 'm7-1': 1.05, 'm8-1': 5.21}",7.8149999999999995,107.24700000000003,112.45700000000002,inf,197.683,197.683
902,T4,BESTEFFORT,COMPLETED,m7-1,87.818,"{'m1-1': 100.85, 'm2-1': 10.68, 'm3-1': 1.08, 'm4-1': 112.44, 'm5-1': 10.93, 'm6-1': 5.52, 'm7-1': 0.99, 'm8-1': 5.76}",1.4849999999999999,192.437,193.42700000000002,inf,197.81799999999998,197.81799999999998
903,T3,BESTEFFORT,COMPLETED,m6-1,88.044,"{'m1-1': 97.29, 'm2-1': 10.6, 'm3-1': 0.94, 'm4-1': 109.19, 'm5-1': 11.29, 'm6-1': 4.97, 'm7-1': 0.96, 'm8-1': 4.84}",7.455,179.358,184.328,inf,198.04399999999998,198.04399999999998
904,T6,BESTEFFORT,COMPLETED,m7-1,88.43,"{'m1-1': 101.26, 'm2-1': 9.87, 'm3-1': 1.12, 'm4-1': 117.09, 'm5-1': 9.68, 'm6-1': 5.74, 'm7-1': 0.94, 'm8-1': 5.08}",1.41,184.4110000000001,185.35100000000008,inf,198.43,198.43
905,T2,BESTEFFORT,COMPLETED,m6-1,88.486,"{'m1-1': 115.4, 'm2-1': 10.51, 'm3-1': 0.99, 'm4-1': 104.45, 'm5-1': 11.24, 'm6-1': 4.99, 'm7-1': 1.03, 'm8-1': 5.28}",7.485,158.015,163.005,inf,198.486,198.486
906,T8,BESTEFFORT,MISSED,m6-1,88.609,"{'m1-1': 108.37, 'm2-1': 10.38, 'm3-1': 1.03, 'm4-1': 101.82, 'm5-1': 9.94, 'm6-1': 5.22, 'm7-1': 1.13, 'm8-1': 4.79}",0.0,201.719,inf,201.719,198.60899999999998,198.60899999999998
907,T3,BESTEFFORT,COMPLETED,m7-1,88.848,"{'m1-1': 105.82, 'm2-1': 10.91, 'm3-1': 1.04, 'm4-1': 96.8, 'm5-1': 10.57, 'm6-1': 4.66, 'm7-1': 1.05, 'm8-1': 5.29}",1.5750000000000002,176.32100000000005,177.37100000000007,inf,198.848,198.848
908,T8,BESTEFFORT,MISSED,m5-1,89.206,"{'m1-1': 106.44, 'm2-1': 9.41, 'm3-1': 0.98, 'm4-1': 96.27, 'm5-1': 11.07, 'm6-1': 5.09, 'm7-1': 1.09, 'm8-1': 5.22}",12.945000000000036,190.576,inf,199.20600000000002,199.20600000000002,199.20600000000002
909,T8,BESTEFFORT,COMPLETED,m3-1,89.312,"{'m1-1': 110.07, 'm2-1': 10.43, 'm3-1': 0.97, 'm4-1': 94.81, 'm5-1': 10.95, 'm6-1': 5.26, 'm7-1': 1.01, 'm8-1': 5.04}",1.455,197.79,198.76,inf,199.312,199.312
910,T5,BESTEFFORT,MISSED,m6-1,89.411,"{'m1-1': 106.82, 'm2-1': 10.44, 'm3-1': 1.15, 'm4-1': 102.86, 'm5-1': 9.47, 'm6-1': 5.15, 'm7-1': 0.99, 'm8-1': 5.37}",0.0,201.719,inf,201.719,199.411,199.411
911,T10,BESTEFFORT,COMPLETED,m2-1,89.517,"{'m1-1': 114.27, 'm2-1': 10.51, 'm3-1': 1.0, 'm4-1': 97.31, 'm5-1': 9.92, 'm6-1': 4.82, 'm7-1': 1.03, 'm8-1': 4.7}",15.765,152.64000000000001,163.15,inf,199.517,199.517
912,T4,BESTEFFORT,COMPLETED,m7-1,89.846,"{'m1-1': 111.96, 'm2-1': 10.63, 'm3-1': 1.05, 'm4-1': 114.3, 'm5-1': 10.79, 'm6-1': 5.57, 'm7-1': 1.0, 'm8-1': 5.6}",1.5,93.86200000000001,94.86200000000001,inf,199.846,199.846
913,T2,BESTEFFORT,COMPLETED,m7-1,90.004,"{'m1-1': 110.57, 'm2-1': 11.59, 'm3-1': 1.09, 'm4-1': 107.47, 'm5-1': 10.42, 'm6-1': 5.32, 'm7-1': 1.02, 'm8-1': 5.07}",1.53,94.86200000000001,95.882,inf,200.00400000000002,200.00400000000002
914,T5,BESTEFFORT,COMPLETED,m7-1,90.168,"{'m1-1': 104.63, 'm2-1': 10.77, 'm3-1': 1.13, 'm4-1': 105.04, 'm5-1': 9.65, 'm6-1': 4.68, 'm7-1': 1.01, 'm8-1': 5.42}",1.5150000000000001,194.47700000000003,195.48700000000002,inf,200.168,200.168
915,T8,BESTEFFORT,MISSED,m8-1,90.255,"{'m1-1': 109.78, 'm2-1': 10.78, 'm3-1': 1.09, 'm4-1': 102.06, 'm5-1': 10.2, 'm6-1': 4.84, 'm7-1': 1.08, 'm8-1': 5.15}",0.0,203.74100000000004,inf,203.74100000000004,200.255,200.255
916,T2,BESTEFFORT,COMPLETED,m7-1,90.285,"{'m1-1': 109.89, 'm2-1': 11.54, 'm3-1': 0.94, 'm4-1': 118.3, 'm5-1': 10.25, 'm6-1': 4.76, 'm7-1': 1.05, 'm8-1': 4.73}",1.5750000000000002,195.48700000000002,196.53700000000003,inf,200.285,200.285
917,T8,BESTEFFORT,MISSED,m4-1,90.459,"{'m1-1': 101.01, 'm2-1': 9.62, 'm3-1': 1.01, 'm4-1': 101.35, 'm5-1': 9.54, 'm6-1': 4.85, 'm7-1': 1.15, 'm8-1': 5.21}",0.0,209.315,inf,209.315,200.459,200.459
918,T8,BESTEFFORT,COMPLETED,m5-1,90.459,"{'m1-1': 113.16, 'm2-1': 10.37, 'm3-1': 1.03, 'm4-1': 102.08, 'm5-1': 9.51, 'm6-1': 4.73, 'm7-1': 1.03, 'm8-1': 4.81}",14.265,173.757,183.267,inf,200.459,200.459
919,T6,BESTEFFORT,COMPLETED,m7-1,90.619,"{'m1-1': 114.45, 'm2-1': 10.83, 'm3-1': 1.1, 'm4-1': 115.79, 'm5-1': 10.61, 'm6-1': 5.48, 'm7-1': 0.99, 'm8-1': 5.32}",1.4849999999999999,177.37100000000007,178.36100000000008,inf,200.619,200.619
920,T3,BESTEFFORT,COMPLETED,m3-1,90.998,"{'m1-1': 109.37, 'm2-1': 11.09, 'm3-1': 1.02, 'm4-1': 107.52, 'm5-1': 9.53, 'm6-1': 4.94, 'm7-1': 1.06, 'm8-1': 4.88}",1.53,190.69200000000004,191.71200000000005,inf,200.998,200.998
921,T7,BESTEFFORT,COMPLETED,m6-1,91.058,"{'m1-1': 103.93, 'm2-1': 11.22, 'm3-1': 0.93, 'm4-1': 102.42, 'm5-1': 9.67, 'm6-1': 5.41, 'm7-1': 1.11, 'm8-1': 5.72}",8.115,107.22200000000001,112.632,inf,201.058,201.058
922,T10,BESTEFFORT,COMPLETED,m5-1,91.102,"{'m1-1': 114.18, 'm2-1': 10.4, 'm3-1': 1.05, 'm4-1': 97.42, 'm5-1': 10.42, 'm6-1': 4.84, 'm7-1': 1.0, 'm8-1': 4.76}",15.629999999999999,132.247,142.667,inf,201.102,201.102
923,T4,BESTEFFORT,COMPLETED,m3-1,91.205,"{'m1-1': 108.78, 'm2-1': 10.24, 'm3-1': 0.98, 'm4-1': 102.04, 'm5-1': 10.26, 'm6-1': 5.0, 'm7-1': 0.94, 'm8-1': 5.57}",1.47,95.072,96.052,inf,201.20499999999998,201.20499999999998
924,T4,BESTEFFORT,COMPLETED,m7-1,91.232,"{'m1-1': 112.27, 'm2-1': 10.94, 'm3-1': 1.09, 'm4-1': 107.99, 'm5-1': 10.78, 'm6-1': 5.06, 'm7-1': 1.08, 'm8-1': 5.03}",1.62,153.681,154.76100000000002,inf,201.232,201.232
925,T8,BESTEFFORT,MISSED,m4-1,91.252,"{'m1-1': 99.06, 'm2-1': 9.51, 'm3-1': 1.0, 'm4-1': 102.84, 'm5-1': 11.23, 'm6-1': 4.84, 'm7-1': 0.99, 'm8-1': 5.23}",0.0,209.315,inf,209.315,201.252,201.252
926,T8,BESTEFFORT,COMPLETED,m7-1,91.356,"{'m1-1': 97.87, 'm2-1': 10.42, 'm3-1': 0.98, 'm4-1': 97.94, 'm5-1': 10.17, 'm6-1': 5.11, 'm7-1': 1.0, 'm8-1': 4.89}",1.5,196.53700000000003,197.53700000000003,inf,201.356,201.356
927,T4,BESTEFFORT,COMPLETED,m3-1,91.543,"{'m1-1': 109.31, 'm2-1': 9.54, 'm3-1': 1.02, 'm4-1': 108.79, 'm5-1': 10.11, 'm6-1': 5.51, 'm7-1': 0.97, 'm8-1': 5.31}",1.53,183.50200000000004,184.52200000000005,inf,201.543,201.543
928,T3,BESTEFFORT,COMPLETED,m7-1,91.631,"{'m1-1': 102.47, 'm2-1': 10.75, 'm3-1': 0.98, 'm4-1': 110.39, 'm5-1': 11.12, 'm6-1': 5.0, 'm7-1': 0.94, 'm8-1': 5.48}",1.41,115.13199999999998,116.07199999999997,inf,201.631,201.631
929,T10,BESTEFFORT,COMPLETED,m8-1,91.634,"{'m1-1': 100.2, 'm2-1': 10.35, 'm3-1': 0.98, 'm4-1': 106.5, 'm5-1': 9.64, 'm6-1': 5.6, 'm7-1': 1.05, 'm8-1': 5.27}",7.904999999999999,178.23100000000002,183.50100000000003,inf,201.63400000000001,201.63400000000001
930,T7,BESTEFFORT,COMPLETED,m3-1,91.926,"{'m1-1': 110.32, 'm2-1': 11.03, 'm3-1': 1.0, 'm4-1': 101.32, 'm5-1': 10.18, 'm6-1': 4.92, 'm7-1': 1.14, 'm8-1': 4.98}",1.5,106.24200000000002,107.24200000000002,inf,201.926,201.926
931,T10,BESTEFFORT,MISSED,m5-1,91.942,"{'m1-1': 110.22, 'm2-1': 10.96, 'm3-1': 1.0, 'm4-1': 100.57, 'm5-1': 10.29, 'm6-1': 4.84, 'm7-1': 1.02, 'm8-1': 5.37}",0.0,209.086,inf,209.086,201.942,201.942
932,T10,BESTEFFORT,MISSED,m7-1,91.958,"{'m1-1': 101.81, 'm2-1': 10.93, 'm3-1': 0.98, 'm4-1': 104.34, 'm5-1': 10.85, 'm6-1': 5.39, 'm7-1': 1.11, 'm8-1': 4.74}",1.6214999999999833,200.877,inf,201.958,201.958,201.958
933,T8,BESTEFFORT,COMPLETED,m8-1,92.008,"{'m1-1': 110.47, 'm2-1': 10.43, 'm3-1': 1.14, 'm4-1': 104.64, 'm5-1': 9.5, 'm6-1': 4.74, 'm7-1': 1.07, 'm8-1': 5.36}",8.040000000000001,188.46100000000004,193.82100000000005,inf,202.00799999999998,202.00799999999998
934,T7,BESTEFFORT,COMPLETED,m3-1,92.387,"{'m1-1': 104.44, 'm2-1': 9.63, 'm3-1': 0.98, 'm4-1': 101.7, 'm5-1': 10.86, 'm6-1': 4.9, 'm7-1': 1.1, 'm8-1': 5.44}",1.47,171.97200000000004,172.95200000000003,inf,202.387,202.387
935,T5,BESTEFFORT,MISSED,m1-1,92.831,"{'m1-1': 102.68, 'm2-1': 10.44, 'm3-1': 1.12, 'm4-1': 108.39, 'm5-1': 10.02, 'm6-1': 5.33, 'm7-1': 0.93, 'm8-1': 5.06}",19.644000000000005,189.735,inf,202.83100000000002,202.83100000000002,202.83100000000002
936,T5,BESTEFFORT,COMPLETED,m7-1,92.831,"{'m1-1': 101.56, 'm2-1': 9.52, 'm3-1': 1.16, 'm4-1': 111.12, 'm5-1': 10.4, 'm6-1': 5.29, 'm7-1': 0.99, 'm8-1': 4.73}",1.4849999999999999,154.76100000000002,155.75100000000003,inf,202.83100000000002,202.83100000000002
937,T8,BESTEFFORT,COMPLETED,m3-1,92.906,"{'m1-1': 98.94, 'm2-1': 10.8, 'm3-1': 1.13, 'm4-1': 102.06, 'm5-1': 9.7, 'm6-1': 5.58, 'm7-1': 1.12, 'm8-1': 5.25}",1.6949999999999998,196.66,197.79,inf,202.906,202.906
938,T4,BESTEFFORT,COMPLETED,m7-1,93.082,"{'m1-1': 101.2, 'm2-1': 10.94, 'm3-1': 1.11, 'm4-1': 97.41, 'm5-1': 10.8, 'm6-1': 5.42, 'm7-1': 1.06, 'm8-1': 5.64}",1.59,185.35100000000008,186.4110000000001,inf,203.082,203.082
939,T5,BESTEFFORT,COMPLETED,m7-1,93.206,"{'m1-1': 93.42, 'm2-1': 9.32, 'm3-1': 1.16, 'm4-1': 111.99, 'm5-1': 10.91, 'm6-1': 5.36, 'm7-1': 0.91, 'm8-1': 4.91}",1.365,178.36100000000008,179.27100000000007,inf,203.20600000000002,203.20600000000002
940,T8,BESTEFFORT,MISSED,m1-1,93.324,"{'m1-1': 107.04, 'm2-1': 11.08, 'm3-1': 1.08, 'm4-1': 95.54, 'm5-1': 9.49, 'm6-1': 4.96, 'm7-1': 1.13, 'm8-1': 5.3}",0.0,210.07,inf,210.07,203.324,203.324
941,T2,BESTEFFORT,COMPLETED,m7-1,93.355,"{'m1-1': 98.44, 'm2-1': 11.08, 'm3-1': 0.94, 'm4-1': 101.82, 'm5-1': 10.93, 'm6-1': 5.11, 'm7-1': 1.1, 'm8-1': 5.33}",1.6500000000000001,97.882,98.982,inf,203.35500000000002,203.35500000000002
942,T5,BESTEFFORT,COMPLETED,m7-1,93.69,"{'m1-1': 102.68, 'm2-1': 9.57, 'm3-1': 1.11, 'm4-1': 106.81, 'm5-1': 9.52, 'm6-1': 5.05, 'm7-1': 0.99, 'm8-1': 4.99}",1.4849999999999999,96.89200000000001,97.882,inf,203.69,203.69
943,T4,BESTEFFORT,COMPLETED,m3-1,94.036,"{'m1-1': 102.36, 'm2-1': 10.2, 'm3-1': 0.97, 'm4-1': 104.08, 'm5-1': 10.72, 'm6-1': 4.93, 'm7-1': 1.07, 'm8-1': 5.08}",1.455,149.092,150.062,inf,204.036,204.036
944,T3,BESTEFFORT,COMPLETED,m7-1,94.055,"{'m1-1': 108.2, 'm2-1': 10.86, 'm3-1': 1.1, 'm4-1': 96.1, 'm5-1': 10.78, 'm6-1': 5.22, 'm7-1': 0.96, 'm8-1': 5.38}",1.44,98.982,99.942,inf,204.055,204.055
945,T8,BESTEFFORT,COMPLETED,m7-1,94.131,"{'m1-1': 109.78, 'm2-1': 11.08, 'm3-1': 1.0, 'm4-1': 95.06, 'm5-1': 10.0, 'm6-1': 5.35, 'm7-1': 1.14, 'm8-1': 4.63}",1.71,199.73700000000002,200.877,inf,204.131,204.131
946,T7,BESTEFFORT,COMPLETED,m3-1,94.237,"{'m1-1': 103.92, 'm2-1': 10.81, 'm3-1': 0.96, 'm4-1': 96.62, 'm5-1': 10.29, 'm6-1': 4.82, 'm7-1': 1.16, 'm8-1': 5.36}",1.44,98.12200000000001,99.08200000000001,inf,204.237,204.237
947,T8,BESTEFFORT,COMPLETED,m6-1,94.442,"{'m1-1': 96.25, 'm2-1': 10.69, 'm3-1': 1.05, 'm4-1': 110.37, 'm5-1': 10.16, 'm6-1': 4.95, 'm7-1': 1.08, 'm8-1': 4.91}",7.425000000000001,189.418,194.368,inf,204.442,204.442
948,T2,BESTEFFORT,COMPLETED,m3-1,94.473,"{'m1-1': 108.15, 'm2-1': 11.41, 'm3-1': 1.01, 'm4-1': 104.29, 'm5-1': 11.08, 'm6-1': 4.69, 'm7-1': 1.01, 'm8-1': 4.79}",1.5150000000000001,99.08200000000001,100.09200000000001,inf,204.473,204.473
949,T10,BESTEFFORT,MISSED,m4-1,94.58,"{'m1-1': 103.4, 'm2-1': 9.87, 'm3-1': 1.0, 'm4-1': 102.31, 'm5-1': 10.1, 'm6-1': 5.56, 'm7-1': 1.04, 'm8-1': 4.99}",0.0,209.315,inf,209.315,204.57999999999998,204.57999999999998
950,T7,BESTEFFORT,COMPLETED,m3-1,94.812,"{'m1-1': 100.56, 'm2-1': 10.98, 'm3-1': 0.95, 'm4-1': 107.75, 'm5-1': 9.64, 'm6-1': 5.06, 'm7-1': 1.18, 'm8-1': 5.23}",1.4249999999999998,150.062,151.012,inf,204.812,204.812
951,T3,BESTEFFORT,COMPLETED,m3-1,94.984,"{'m1-1': 107.99, 'm2-1': 11.57, 'm3-1': 1.0, 'm4-1': 96.8, 'm5-1': 11.21, 'm6-1': 5.24, 'm7-1': 0.98, 'm8-1': 5.13}",1.5,198.76,199.76,inf,204.98399999999998,204.98399999999998
952,T8,BESTEFFORT,COMPLETED,m6-1,95.005,"{'m1-1': 112.73, 'm2-1': 10.23, 'm3-1': 0.98, 'm4-1': 94.47, 'm5-1': 9.96, 'm6-1': 5.19, 'm7-1': 1.09, 'm8-1': 5.26}",7.785,196.529,201.719,inf,205.005,205.005
953,T10,BESTEFFORT,COMPLETED,m7-1,95.14,"{'m1-1': 108.07, 'm2-1': 9.98, 'm3-1': 1.05, 'm4-1': 107.75, 'm5-1': 10.06, 'm6-1': 4.83, 'm7-1': 1.07, 'm8-1': 4.69}",1.605,186.4110000000001,187.48100000000008,inf,205.14,205.14
954,T8,BESTEFFORT,COMPLETED,m8-1,95.313,"{'m1-1': 110.25, 'm2-1': 10.86, 'm3-1': 1.07, 'm4-1': 105.9, 'm5-1': 9.81, 'm6-1': 5.48, 'm7-1': 1.09, 'm8-1': 5.01}",7.515,193.82100000000005,198.83100000000005,inf,205.313,205.313
955,T7,BESTEFFORT,COMPLETED,m3-1,95.378,"{'m1-1': 104.45, 'm2-1': 10.95, 'm3-1': 1.03, 'm4-1': 104.54, 'm5-1': 10.07, 'm6-1': 4.96, 'm7-1': 1.18, 'm8-1': 5.08}",1.545,100.09200000000001,101.12200000000001,inf,205.378,205.378
956,T10,BESTEFFORT,COMPLETED,m2-1,95.629,"{'m1-1': 96.9, 'm2-1': 9.65, 'm3-1': 1.09, 'm4-1': 95.38, 'm5-1': 11.04, 'm6-1': 5.37, 'm7-1': 1.05, 'm8-1': 4.77}",14.475000000000001,185.543,195.193,inf,205.62900000000002,205.62900000000002
957,T2,BESTEFFORT,COMPLETED,m8-1,95.649,"{'m1-1': 100.23, 'm2-1': 11.4, 'm3-1': 0.95, 'm4-1': 105.35, 'm5-1': 10.06, 'm6-1': 5.46, 'm7-1': 0.94, 'm8-1': 4.96}",7.4399999999999995,183.50100000000003,188.46100000000004,inf,205.649,205.649
958,T8,BESTEFFORT,COMPLETED,m8-1,95.799,"{'m1-1': 113.36, 'm2-1': 10.79, 'm3-1': 1.15, 'm4-1': 96.3, 'm5-1': 10.86, 'm6-1': 4.73, 'm7-1': 1.07, 'm8-1': 5.03}",7.545,152.401,157.431,inf,205.799,205.799
959,T7,BESTEFFORT,COMPLETED,m6-1,95.844,"{'m1-1': 102.65, 'm2-1': 10.8, 'm3-1': 0.93, 'm4-1': 101.48, 'm5-1': 9.58, 'm6-1': 4.68, 'm7-1': 1.1, 'm8-1': 5.72}",7.02,122.272,126.952,inf,205.844,205.844
960,T2,BESTEFFORT,COMPLETED,m3-1,96.064,"{'m1-1': 101.94, 'm2-1': 10.93, 'm3-1': 1.03, 'm4-1': 108.91, 'm5-1': 10.04, 'm6-1': 5.29, 'm7-1': 1.04, 'm8-1': 4.96}",1.545,184.52200000000005,185.55200000000005,inf,206.064,206.064
961,T8,BESTEFFORT,COMPLETED,m2-1,96.192,"{'m1-1': 108.46, 'm2-1': 9.97, 'm3-1': 1.03, 'm4-1': 98.88, 'm5-1': 11.13, 'm6-1': 4.73, 'm7-1': 1.1, 'm8-1': 4.63}",14.955000000000002,195.193,205.163,inf,206.192,206.192
962,T8,BESTEFFORT,COMPLETED,m7-1,96.759,"{'m1-1': 109.01, 'm2-1': 10.84, 'm3-1': 1.0, 'm4-1': 109.21, 'm5-1': 10.15, 'm6-1': 5.36, 'm7-1': 1.14, 'm8-1': 5.15}",1.71,198.59700000000004,199.73700000000002,inf,206.75900000000001,206.75900000000001
963,T2,BESTEFFORT,COMPLETED,m7-1,96.768,"{'m1-1': 98.43, 'm2-1': 9.95, 'm3-1': 1.03, 'm4-1': 100.35, 'm5-1': 11.1, 'm6-1': 5.34, 'm7-1': 1.05, 'm8-1': 4.86}",1.5750000000000002,179.27100000000007,180.32100000000008,inf,206.768,206.768
964,T3,BESTEFFORT,COMPLETED,m3-1,96.773,"{'m1-1': 100.58, 'm2-1': 9.95, 'm3-1': 1.05, 'm4-1': 108.86, 'm5-1': 11.2, 'm6-1': 5.33, 'm7-1': 0.97, 'm8-1': 5.47}",1.5750000000000002,191.71200000000005,192.76200000000006,inf,206.773,206.773
965,T10,BESTEFFORT,MISSED,m2-1,97.194,"{'m1-1': 105.43, 'm2-1': 10.51, 'm3-1': 0.98, 'm4-1': 107.19, 'm5-1': 10.95, 'm6-1': 5.24, 'm7-1': 1.13, 'm8-1': 5.52}",3.046500000000009,205.163,inf,207.19400000000002,207.19400000000002,207.19400000000002
966,T3,BESTEFFORT,COMPLETED,m6-1,97.46,"{'m1-1': 105.23, 'm2-1': 10.5, 'm3-1': 1.03, 'm4-1': 111.02, 'm5-1': 11.16, 'm6-1': 4.8, 'm7-1': 0.98, 'm8-1': 5.46}",7.199999999999999,117.47200000000001,122.272,inf,207.45999999999998,207.45999999999998
967,T2,BESTEFFORT,COMPLETED,m3-1,98.089,"{'m1-1': 105.6, 'm2-1': 11.24, 'm3-1': 1.07, 'm4-1': 112.74, 'm5-1': 10.48, 'm6-1': 4.82, 'm7-1': 0.96, 'm8-1': 4.64}",1.605,194.80200000000005,195.87200000000004,inf,208.089,208.089
968,T10,BESTEFFORT,COMPLETED,m3-1,98.32,"{'m1-1': 97.26, 'm2-1': 9.95, 'm3-1': 1.06, 'm4-1': 109.74, 'm5-1': 10.9, 'm6-1': 4.76, 'm7-1': 1.01, 'm8-1': 5.36}",1.59,151.012,152.072,inf,208.32,208.32
969,T5,BESTEFFORT,COMPLETED,m8-1,98.396,"{'m1-1': 100.32, 'm2-1': 10.11, 'm3-1': 1.13, 'm4-1': 101.04, 'm5-1': 10.02, 'm6-1': 5.02, 'm7-1': 1.03, 'm8-1': 4.91}",7.365,198.83100000000005,203.74100000000004,inf,208.39600000000002,208.39600000000002
970,T10,BESTEFFORT,COMPLETED,m8-1,98.63,"{'m1-1': 102.87, 'm2-1': 9.3, 'm3-1': 0.98, 'm4-1': 112.29, 'm5-1': 10.81, 'm6-1': 5.3, 'm7-1': 1.06, 'm8-1': 5.13}",7.695,167.80100000000002,172.931,inf,208.63,208.63
971,T2,BESTEFFORT,COMPLETED,m3-1,98.757,"{'m1-1': 116.21, 'm2-1': 10.24, 'm3-1': 1.09, 'm4-1': 118.11, 'm5-1': 9.86, 'm6-1': 5.05, 'm7-1': 0.96, 'm8-1': 4.65}",1.6350000000000002,192.76200000000006,193.85200000000006,inf,208.757,208.757
972,T2,BESTEFFORT,COMPLETED,m3-1,98.835,"{'m1-1': 108.34, 'm2-1': 11.11, 'm3-1': 1.03, 'm4-1': 103.64, 'm5-1': 10.34, 'm6-1': 4.97, 'm7-1': 1.03, 'm8-1': 5.49}",1.545,152.072,153.102,inf,208.83499999999998,208.83499999999998
973,T3,BESTEFFORT,COMPLETED,m7-1,99.137,"{'m1-1': 104.61, 'm2-1': 10.27, 'm3-1': 1.06, 'm4-1': 105.66, 'm5-1': 9.65, 'm6-1': 5.15, 'm7-1': 0.98, 'm8-1': 5.23}",1.47,116.07199999999997,117.05199999999998,inf,209.137,209.137
974,T5,BESTEFFORT,MISSED,m4-1,99.315,"{'m1-1': 100.33, 'm2-1': 10.39, 'm3-1': 1.15, 'm4-1': 109.31, 'm5-1': 11.12, 'm6-1': 5.51, 'm7-1': 0.96, 'm8-1': 5.12}",28.39949999999999,190.382,inf,209.315,209.315,209.315
975,T8,BESTEFFORT,COMPLETED,m5-1,99.542,"{'m1-1': 113.74, 'm2-1': 10.49, 'm3-1': 1.06, 'm4-1': 111.49, 'm5-1': 9.88, 'm6-1': 5.22, 'm7-1': 1.16, 'm8-1': 5.01}",14.82,199.20600000000002,209.086,inf,209.542,209.542
976,T8,BESTEFFORT,COMPLETED,m3-1,99.614,"{'m1-1': 103.9, 'm2-1': 9.78, 'm3-1': 1.1, 'm4-1': 95.31, 'm5-1': 11.14, 'm6-1': 4.99, 'm7-1': 1.03, 'm8-1': 5.32}",1.6500000000000001,199.76,200.85999999999999,inf,209.614,209.614
977,T3,BESTEFFORT,COMPLETED,m3-1,99.97,"{'m1-1': 97.91, 'm2-1': 10.99, 'm3-1': 1.06, 'm4-1': 111.78, 'm5-1': 10.46, 'm6-1': 5.02, 'm7-1': 0.99, 'm8-1': 4.83}",1.59,103.16200000000002,104.22200000000002,inf,209.97,209.97
978,T5,BESTEFFORT,MISSED,m1-1,100.07,"{'m1-1': 104.67, 'm2-1': 10.02, 'm3-1': 1.04, 'm4-1': 97.24, 'm5-1': 10.8, 'm6-1': 5.5, 'm7-1': 1.0, 'm8-1': 5.21}",10.858499999999964,202.83100000000002,inf,210.07,210.07,210.07
979,T2,BESTEFFORT,COMPLETED,m3-1,100.145,"{'m1-1': 115.08, 'm2-1': 11.36, 'm3-1': 1.03, 'm4-1': 107.48, 'm5-1': 10.71, 'm6-1': 5.15, 'm7-1': 1.05, 'm8-1': 5.44}",1.545,107.24200000000002,108.27200000000002,inf,210.14499999999998,210.14499999999998
980,T8,BESTEFFORT,COMPLETED,m3-1,100.149,"{'m1-1': 109.65, 'm2-1': 10.02, 'm3-1': 1.07, 'm4-1': 108.43, 'm5-1': 10.56, 'm6-1': 5.34, 'm7-1': 1.08, 'm8-1': 4.88}",1.605,108.27200000000002,109.34200000000001,inf,210.149,210.149
981,T2,BESTEFFORT,COMPLETED,m7-1,100.337,"{'m1-1': 108.35, 'm2-1': 11.06, 'm3-1': 0.95, 'm4-1': 118.11, 'm5-1': 9.5, 'm6-1': 5.21, 'm7-1': 0.99, 'm8-1': 5.32}",1.4849999999999999,104.12199999999999,105.11199999999998,inf,210.337,210.337
982,T3,BESTEFFORT,COMPLETED,m6-1,100.482,"{'m1-1': 95.66, 'm2-1': 11.4, 'm3-1': 0.92, 'm4-1': 107.7, 'm5-1': 10.11, 'm6-1': 5.14, 'm7-1': 1.01, 'm8-1': 4.82}",7.709999999999999,201.719,206.85899999999998,inf,210.482,210.482
983,T10,BESTEFFORT,COMPLETED,m2-1,100.923,"{'m1-1': 109.59, 'm2-1': 10.76, 'm3-1': 0.98, 'm4-1': 102.8, 'm5-1': 10.49, 'm6-1': 5.16, 'm7-1': 1.12, 'm8-1': 5.09}",16.14,132.55,143.31,inf,210.923,210.923
984,T3,BESTEFFORT,COMPLETED,m7-1,101.381,"{'m1-1': 98.12, 'm2-1': 11.3, 'm3-1': 1.07, 'm4-1': 110.18, 'm5-1': 11.08, 'm6-1': 5.42, 'm7-1': 0.94, 'm8-1': 5.24}",1.41,180.32100000000008,181.26100000000008,inf,211.381,211.381
985,T8,BESTEFFORT,COMPLETED,m3-1,101.487,"{'m1-1': 100.42, 'm2-1': 10.23, 'm3-1': 1.08, 'm4-1': 110.59, 'm5-1': 10.36, 'm6-1': 4.95, 'm7-1': 1.16, 'm8-1': 5.22}",1.62,185.55200000000005,186.63200000000006,inf,211.487,211.487
986,T8,BESTEFFORT,COMPLETED,m3-1,101.653,"{'m1-1': 112.76, 'm2-1': 9.72, 'm3-1': 0.97, 'm4-1': 108.22, 'm5-1': 9.87, 'm6-1': 5.08, 'm7-1': 1.03, 'm8-1': 5.06}",1.455,172.95200000000003,173.92200000000003,inf,211.65300000000002,211.65300000000002
987,T10,BESTEFFORT,COMPLETED,m3-1,101.722,"{'m1-1': 106.51, 'm2-1': 10.33, 'm3-1': 1.02, 'm4-1': 107.08, 'm5-1': 9.46, 'm6-1': 4.93, 'm7-1': 1.04, 'm8-1': 5.23}",1.53,153.102,154.122,inf,211.72199999999998,211.72199999999998
988,T10,BESTEFFORT,COMPLETED,m7-1,101.813,"{'m1-1': 113.41, 'm2-1': 10.34, 'm3-1': 1.12, 'm4-1': 107.96, 'm5-1': 10.28, 'm6-1': 4.93, 'm7-1': 1.06, 'm8-1': 5.09}",1.59,197.53700000000003,198.59700000000004,inf,211.813,211.813
989,T10,BESTEFFORT,COMPLETED,m8-1,101.839,"{'m1-1': 102.08, 'm2-1': 10.56, 'm3-1': 1.02, 'm4-1': 106.13, 'm5-1': 10.52, 'm6-1': 5.12, 'm7-1': 1.06, 'm8-1': 5.3}",7.949999999999999,172.931,178.23100000000002,inf,211.839,211.839
990,T3,BESTEFFORT,COMPLETED,m7-1,102.455,"{'m1-1': 108.78, 'm2-1': 9.96, 'm3-1': 1.02, 'm4-1': 105.27, 'm5-1': 11.26, 'm6-1': 4.81, 'm7-1': 0.97, 'm8-1': 4.95}",1.455,106.22199999999998,107.19199999999998,inf,212.45499999999998,212.45499999999998
991,T3,BESTEFFORT,COMPLETED,m7-1,102.767,"{'m1-1': 103.68, 'm2-1': 10.06, 'm3-1': 1.06, 'm4-1': 102.72, 'm5-1': 10.71, 'm6-1': 5.18, 'm7-1': 1.05, 'm8-1': 5.59}",1.5750000000000002,193.42700000000002,194.47700000000003,inf,212.767,212.767
992,T3,BESTEFFORT,COMPLETED,m3-1,103.204,"{'m1-1': 104.31, 'm2-1': 10.77, 'm3-1': 1.07, 'm4-1': 111.15, 'm5-1': 9.89, 'm6-1': 5.33, 'm7-1': 0.94, 'm8-1': 5.3}",1.605,109.34200000000001,110.412,inf,213.204,213.204
993,T2,BESTEFFORT,COMPLETED,m7-1,103.354,"{'m1-1': 98.55, 'm2-1': 10.17, 'm3-1': 0.97, 'm4-1': 115.42, 'm5-1': 11.12, 'm6-1': 4.93, 'm7-1': 1.04, 'm8-1': 4.89}",1.56,107.19199999999998,108.23199999999999,inf,213.35399999999998,213.35399999999998
994,T2,BESTEFFORT,COMPLETED,m7-1,103.502,"{'m1-1': 112.19, 'm2-1': 10.64, 'm3-1': 1.04, 'm4-1': 118.41, 'm5-1': 10.91, 'm6-1': 4.69, 'm7-1': 1.03, 'm8-1': 4.91}",1.545,108.23199999999999,109.26199999999999,inf,213.502,213.502
995,T3,BESTEFFORT,COMPLETED,m3-1,105.838,"{'m1-1': 107.1, 'm2-1': 9.96, 'm3-1': 0.96, 'm4-1': 104.25, 'm5-1': 11.07, 'm6-1': 5.27, 'm7-1': 0.93, 'm8-1': 5.08}",1.44,173.92200000000003,174.88200000000003,inf,215.838,215.838
996,T3,BESTEFFORT,COMPLETED,m7-1,106.476,"{'m1-1': 108.2, 'm2-1': 10.44, 'm3-1': 0.97, 'm4-1': 109.07, 'm5-1': 11.07, 'm6-1': 4.7, 'm7-1': 0.94, 'm8-1': 4.96}",1.41,110.22199999999998,111.16199999999998,inf,216.476,216.476
997,T3,BESTEFFORT,COMPLETED,m7-1,107.395,"{'m1-1': 103.01, 'm2-1': 10.91, 'm3-1': 1.07, 'm4-1': 108.81, 'm5-1': 9.56, 'm6-1': 5.42, 'm7-1': 1.05, 'm8-1': 4.97}",1.5750000000000002,155.75100000000003,156.80100000000004,inf,217.39499999999998,217.39499999999998
998,T2,BESTEFFORT,COMPLETED,m3-1,108.905,"{'m1-1': 98.61, 'm2-1': 11.7, 'm3-1': 0.95, 'm4-1': 108.68, 'm5-1': 9.67, 'm6-1': 5.08, 'm7-1': 1.05, 'm8-1': 5.05}",1.4249999999999998,193.85200000000006,194.80200000000005,inf,218.905,218.905
999,T2,BESTEFFORT,COMPLETED,m7-1,109.24,"{'m1-1': 101.19, 'm2-1': 10.87, 'm3-1': 0.98, 'm4-1': 101.73, 'm5-1': 10.14, 'm6-1': 4.9, 'm7-1': 0.96, 'm8-1': 4.77}",1.44,117.05199999999998,118.01199999999997,inf,219.24,219.24
