id,type,urgency,status,assigned_machine,arrival_time,execution_time,energy_usage,start_time,completion_time,missed_time,deadline,extended_deadline
0,T7,BESTEFFORT,COMPLETED,m1-1,0.019,"{'m1-1': 1.05, 'm2-1': 25.9, 'm3-1': 113.46, 'm4-1': 27.63, 'm5-1': 11.49, 'm6-1': 5.02, 'm7-1': 25.14, 'm8-1': 5.03}",1.5750000000000002,0.019,1.069,inf,110.019,110.019
1,T2,BESTEFFORT,COMPLETED,m1-1,0.109,"{'m1-1': 1.05, 'm2-1': 24.02, 'm3-1': 99.4, 'm4-1': 26.82, 'm5-1': 10.44, 'm6-1': 5.86, 'm7-1': 27.29, 'm8-1': 5.42}",1.5750000000000002,1.069,2.1189999999999998,inf,110.109,110.109
2,T4,BESTEFFORT,COMPLETED,m1-1,0.194,"{'m1-1': 1.09, 'm2-1': 27.11, 'm3-1': 104.66, 'm4-1': 26.34, 'm5-1': 9.81, 'm6-1': 5.96, 'm7-1': 28.68, 'm8-1': 5.29}",1.6350000000000002,2.1189999999999998,3.2089999999999996,inf,110.194,110.194
3,T9,BESTEFFORT,COMPLETED,m1-1,0.364,"{'m1-1': 1.05, 'm2-1': 24.67, 'm3-1': 98.17, 'm4-1': 25.41, 'm5-1': 10.28, 'm6-1': 5.4, 'm7-1': 25.24, 'm8-1': 5.32}",1.5750000000000002,3.2089999999999996,4.2589999999999995,inf,110.364,110.364
4,T5,BESTEFFORT,COMPLETED,m1-1,0.387,"{'m1-1': 0.95, 'm2-1': 25.49, 'm3-1': 111.52, 'm4-1': 24.46, 'm5-1': 9.9, 'm6-1': 5.57, 'm7-1': 26.15, 'm8-1': 5.06}",1.4249999999999998,4.2589999999999995,5.209,inf,110.387,110.387
5,T8,BESTEFFORT,COMPLETED,m1-1,0.437,"{'m1-1': 1.04, 'm2-1': 27.07, 'm3-1': 107.87, 'm4-1': 26.01, 'm5-1': 10.62, 'm6-1': 5.65, 'm7-1': 23.49, 'm8-1': 5.04}",1.56,5.209,6.249,inf,110.437,110.437
6,T10,BESTEFFORT,COMPLETED,m1-1,0.478,"{'m1-1': 1.03, 'm2-1': 28.68, 'm3-1': 110.0, 'm4-1': 25.63, 'm5-1': 10.73, 'm6-1': 5.83, 'm7-1': 27.26, 'm8-1': 5.05}",1.545,6.249,7.279,inf,110.478,110.478
7,T1,BESTEFFORT,COMPLETED,m1-1,0.699,"{'m1-1': 1.17, 'm2-1': 24.77, 'm3-1': 114.99, 'm4-1': 26.52, 'm5-1': 10.15, 'm6-1': 5.52, 'm7-1': 24.98, 'm8-1': 4.94}",1.755,7.279,8.449,inf,110.699,110.699
8,T8,BESTEFFORT,COMPLETED,m1-1,0.722,"{'m1-1': 0.93, 'm2-1': 25.6, 'm3-1': 116.61, 'm4-1': 26.34, 'm5-1': 11.76, 'm6-1': 5.8, 'm7-1': 24.99, 'm8-1': 4.58}",1.395,8.449,9.379,inf,110.722,110.722
9,T5,BESTEFFORT,COMPLETED,m1-1,0.929,"{'m1-1': 0.98, 'm2-1': 28.95, 'm3-1': 95.57, 'm4-1': 26.81, 'm5-1': 10.17, 'm6-1': 4.82, 'm7-1': 26.82, 'm8-1': 5.18}",1.47,9.379,10.359,inf,110.929,110.929
10,T4,BESTEFFORT,COMPLETED,m1-1,1.146,"{'m1-1': 1.17, 'm2-1': 25.3, 'm3-1': 112.49, 'm4-1': 23.84, 'm5-1': 10.8, 'm6-1': 5.66, 'm7-1': 25.22, 'm8-1': 5.6}",1.755,10.359,11.529,inf,111.146,111.146
11,T10,BESTEFFORT,COMPLETED,m1-1,1.148,"{'m1-1': 1.08, 'm2-1': 25.87, 'm3-1': 96.69, 'm4-1': 27.66, 'm5-1': 11.03, 'm6-1': 5.74, 'm7-1': 27.71, 'm8-1': 5.11}",1.62,11.529,12.609,inf,111.148,111.148
12,T1,BESTEFFORT,COMPLETED,m1-1,1.155,"{'m1-1': 1.09, 'm2-1': 24.91, 'm3-1': 115.28, 'm4-1': 27.64, 'm5-1': 9.54, 'm6-1': 5.32, 'm7-1': 27.48, 'm8-1': 4.93}",1.6350000000000002,12.609,13.699,inf,111.155,111.155
13,T6,BESTEFFORT,COMPLETED,m1-1,1.285,"{'m1-1': 1.02, 'm2-1': 26.69, 'm3-1': 100.31, 'm4-1': 24.04, 'm5-1': 10.6, 'm6-1': 5.6, 'm7-1': 26.91, 'm8-1': 5.56}",1.53,13.699,14.719,inf,111.285,111.285
14,T10,BESTEFFORT,COMPLETED,m1-1,1.345,"{'m1-1': 1.11, 'm2-1': 28.52, 'm3-1': 111.17, 'm4-1': 26.44, 'm5-1': 10.84, 'm6-1': 5.04, 'm7-1': 24.46, 'm8-1': 5.06}",1.665,14.719,15.828999999999999,inf,111.345,111.345
15,T5,BESTEFFORT,COMPLETED,m1-1,1.446,"{'m1-1': 1.09, 'm2-1': 26.68, 'm3-1': 95.24, 'm4-1': 27.24, 'm5-1': 10.25, 'm6-1': 4.99, 'm7-1': 26.66, 'm8-1': 5.38}",1.6350000000000002,15.828999999999999,16.919,inf,111.446,111.446
16,T6,BESTEFFORT,COMPLETED,m1-1,1.598,"{'m1-1': 0.92, 'm2-1': 26.14, 'm3-1': 101.59, 'm4-1': 27.63, 'm5-1': 11.34, 'm6-1': 4.92, 'm7-1': 27.98, 'm8-1': 5.39}",1.3800000000000001,16.919,17.839000000000002,inf,111.598,111.598
17,T2,BESTEFFORT,COMPLETED,m1-1,1.686,"{'m1-1': 1.06, 'm2-1': 26.06, 'm3-1': 108.35, 'm4-1': 26.03, 'm5-1': 9.7, 'm6-1': 5.57, 'm7-1': 25.26, 'm8-1': 5.77}",1.59,17.839000000000002,18.899,inf,111.686,111.686
18,T1,BESTEFFORT,COMPLETED,m1-1,1.748,"{'m1-1': 1.07, 'm2-1': 26.42, 'm3-1': 104.5, 'm4-1': 24.22, 'm5-1': 9.37, 'm6-1': 5.73, 'm7-1': 25.38, 'm8-1': 4.87}",1.605,18.899,19.969,inf,111.748,111.748
19,T10,BESTEFFORT,COMPLETED,m1-1,1.762,"{'m1-1': 1.05, 'm2-1': 28.83, 'm3-1': 102.19, 'm4-1': 27.96, 'm5-1': 11.38, 'm6-1': 5.83, 'm7-1': 25.66, 'm8-1': 5.03}",1.5750000000000002,19.969,21.019000000000002,inf,111.762,111.762
20,T10,BESTEFFORT,COMPLETED,m1-1,1.807,"{'m1-1': 1.13, 'm2-1': 26.42, 'm3-1': 106.34, 'm4-1': 26.09, 'm5-1': 11.26, 'm6-1': 5.2, 'm7-1': 27.33, 'm8-1': 4.84}",1.6949999999999998,21.019000000000002,22.149,inf,111.807,111.807
21,T2,BESTEFFORT,COMPLETED,m1-1,2.003,"{'m1-1': 1.0, 'm2-1': 27.16, 'm3-1': 110.71, 'm4-1': 24.86, 'm5-1': 9.82, 'm6-1': 5.82, 'm7-1': 26.3, 'm8-1': 5.74}",1.5,22.149,23.149,inf,112.003,112.003
22,T4,BESTEFFORT,COMPLETED,m1-1,2.193,"{'m1-1': 1.1, 'm2-1': 26.87, 'm3-1': 103.97, 'm4-1': 25.15, 'm5-1': 10.89, 'm6-1': 5.06, 'm7-1': 28.67, 'm8-1': 5.61}",1.6500000000000001,23.149,24.249000000000002,inf,112.193,112.193
23,T1,BESTEFFORT,COMPLETED,m1-1,2.197,"{'m1-1': 1.04, 'm2-1': 26.89, 'm3-1': 100.43, 'm4-1': 28.26, 'm5-1': 9.14, 'm6-1': 5.24, 'm7-1': 26.65, 'm8-1': 4.81}",1.56,24.249000000000002,25.289,inf,112.197,112.197
24,T8,BESTEFFORT,COMPLETED,m1-1,2.203,"{'m1-1': 1.03, 'm2-1': 25.26, 'm3-1': 104.96, 'm4-1': 24.95, 'm5-1': 11.01, 'm6-1': 5.32, 'm7-1': 23.78, 'm8-1': 4.77}",1.545,25.289,26.319000000000003,inf,112.203,112.203
25,T10,BESTEFFORT,COMPLETED,m1-1,2.381,"{'m1-1': 1.01, 'm2-1': 25.19, 'm3-1': 102.65, 'm4-1': 25.89, 'm5-1': 10.08, 'm6-1': 5.77, 'm7-1': 24.06, 'm8-1': 4.9}",1.5150000000000001,26.319000000000003,27.329000000000004,inf,112.381,112.381
26,T10,BESTEFFORT,COMPLETED,m1-1,2.417,"{'m1-1': 1.0, 'm2-1': 26.66, 'm3-1': 111.94, 'm4-1': 27.33, 'm5-1': 10.14, 'm6-1': 5.12, 'm7-1': 25.62, 'm8-1': 4.88}",1.5,27.329000000000004,28.329000000000004,inf,112.417,112.417
27,T2,BESTEFFORT,COMPLETED,m1-1,2.939,"{'m1-1': 1.06, 'm2-1': 24.24, 'm3-1': 96.35, 'm4-1': 24.66, 'm5-1': 9.72, 'm6-1': 5.41, 'm7-1': 24.64, 'm8-1': 5.28}",1.59,28.329000000000004,29.389000000000003,inf,112.939,112.939
28,T1,BESTEFFORT,COMPLETED,m1-1,3.207,"{'m1-1': 1.03, 'm2-1': 26.1, 'm3-1': 106.19, 'm4-1': 27.79, 'm5-1': 9.36, 'm6-1': 5.93, 'm7-1': 27.55, 'm8-1': 4.94}",1.545,29.389000000000003,30.419000000000004,inf,113.207,113.207
29,T6,BESTEFFORT,COMPLETED,m1-1,3.305,"{'m1-1': 1.06, 'm2-1': 27.69, 'm3-1': 106.62, 'm4-1': 25.72, 'm5-1': 10.93, 'm6-1': 5.52, 'm7-1': 27.13, 'm8-1': 5.35}",1.59,30.419000000000004,31.479000000000003,inf,113.305,113.305
30,T8,BESTEFFORT,COMPLETED,m1-1,3.383,"{'m1-1': 1.02, 'm2-1': 23.41, 'm3-1': 118.36, 'm4-1': 25.35, 'm5-1': 10.11, 'm6-1': 5.75, 'm7-1': 23.78, 'm8-1': 5.05}",1.53,31.479000000000003,32.499,inf,113.383,113.383
31,T10,BESTEFFORT,COMPLETED,m1-1,3.421,"{'m1-1': 1.03, 'm2-1': 26.93, 'm3-1': 112.24, 'm4-1': 26.2, 'm5-1': 11.25, 'm6-1': 5.2, 'm7-1': 27.44, 'm8-1': 5.28}",1.545,32.499,33.529,inf,113.421,113.421
32,T9,BESTEFFORT,COMPLETED,m1-1,3.422,"{'m1-1': 1.02, 'm2-1': 26.79, 'm3-1': 105.09, 'm4-1': 26.23, 'm5-1': 9.8, 'm6-1': 5.55, 'm7-1': 27.58, 'm8-1': 5.43}",1.53,33.529,34.54900000000001,inf,113.422,113.422
33,T5,BESTEFFORT,COMPLETED,m1-1,3.585,"{'m1-1': 1.0, 'm2-1': 25.59, 'm3-1': 95.39, 'm4-1': 26.93, 'm5-1': 9.77, 'm6-1': 5.38, 'm7-1': 24.97, 'm8-1': 5.41}",1.5,34.54900000000001,35.54900000000001,inf,113.585,113.585
34,T10,BESTEFFORT,COMPLETED,m1-1,3.666,"{'m1-1': 1.07, 'm2-1': 27.64, 'm3-1': 110.55, 'm4-1': 27.51, 'm5-1': 11.04, 'm6-1': 5.19, 'm7-1': 25.53, 'm8-1': 5.11}",1.605,35.54900000000001,36.61900000000001,inf,113.666,113.666
35,T2,BESTEFFORT,COMPLETED,m1-1,3.703,"{'m1-1': 1.12, 'm2-1': 25.92, 'm3-1': 96.04, 'm4-1': 24.07, 'm5-1': 10.82, 'm6-1': 5.47, 'm7-1': 27.71, 'm8-1': 5.16}",1.6800000000000002,36.61900000000001,37.739000000000004,inf,113.703,113.703
36,T1,BESTEFFORT,COMPLETED,m1-1,3.983,"{'m1-1': 1.02, 'm2-1': 27.44, 'm3-1': 115.84, 'm4-1': 27.19, 'm5-1': 9.65, 'm6-1': 5.35, 'm7-1': 27.35, 'm8-1': 4.97}",1.53,37.739000000000004,38.75900000000001,inf,113.983,113.983
37,T8,BESTEFFORT,COMPLETED,m1-1,4.107,"{'m1-1': 1.0, 'm2-1': 25.46, 'm3-1': 115.53, 'm4-1': 26.61, 'm5-1': 10.7, 'm6-1': 4.99, 'm7-1': 26.75, 'm8-1': 4.7}",1.5,38.75900000000001,39.75900000000001,inf,114.107,114.107
38,T7,BESTEFFORT,COMPLETED,m1-1,4.325,"{'m1-1': 1.07, 'm2-1': 26.27, 'm3-1': 113.5, 'm4-1': 28.87, 'm5-1': 11.18, 'm6-1': 5.74, 'm7-1': 26.86, 'm8-1': 5.42}",1.605,39.75900000000001,40.82900000000001,inf,114.325,114.325
39,T3,BESTEFFORT,COMPLETED,m1-1,4.407,"{'m1-1': 0.99, 'm2-1': 25.6, 'm3-1': 100.65, 'm4-1': 26.01, 'm5-1': 9.34, 'm6-1': 5.26, 'm7-1': 26.41, 'm8-1': 5.18}",1.4849999999999999,40.82900000000001,41.81900000000001,inf,114.407,114.407
40,T1,BESTEFFORT,COMPLETED,m1-1,4.411,"{'m1-1': 1.16, 'm2-1': 27.35, 'm3-1': 111.68, 'm4-1': 27.6, 'm5-1': 9.22, 'm6-1': 5.63, 'm7-1': 24.52, 'm8-1': 5.4}",1.7399999999999998,41.81900000000001,42.979000000000006,inf,114.411,114.411
41,T7,BESTEFFORT,COMPLETED,m1-1,4.428,"{'m1-1': 1.01, 'm2-1': 25.11, 'm3-1': 111.92, 'm4-1': 28.6, 'm5-1': 11.49, 'm6-1': 5.16, 'm7-1': 25.44, 'm8-1': 5.35}",1.5150000000000001,44.059000000000005,45.069,inf,114.428,114.428
42,T1,BESTEFFORT,COMPLETED,m1-1,4.428,"{'m1-1': 1.08, 'm2-1': 26.66, 'm3-1': 100.09, 'm4-1': 25.35, 'm5-1': 10.6, 'm6-1': 5.34, 'm7-1': 26.56, 'm8-1': 4.84}",1.62,42.979000000000006,44.059000000000005,inf,114.428,114.428
43,T6,BESTEFFORT,COMPLETED,m1-1,4.474,"{'m1-1': 1.03, 'm2-1': 28.4, 'm3-1': 106.01, 'm4-1': 24.78, 'm5-1': 10.8, 'm6-1': 5.21, 'm7-1': 28.02, 'm8-1': 5.56}",1.545,45.069,46.099000000000004,inf,114.474,114.474
44,T3,BESTEFFORT,COMPLETED,m1-1,4.68,"{'m1-1': 1.1, 'm2-1': 26.23, 'm3-1': 111.92, 'm4-1': 25.67, 'm5-1': 10.24, 'm6-1': 5.12, 'm7-1': 24.99, 'm8-1': 5.25}",1.6500000000000001,46.099000000000004,47.199000000000005,inf,114.68,114.68
45,T3,BESTEFFORT,COMPLETED,m1-1,4.694,"{'m1-1': 1.0, 'm2-1': 24.43, 'm3-1': 99.73, 'm4-1': 26.53, 'm5-1': 10.48, 'm6-1': 5.39, 'm7-1': 27.92, 'm8-1': 5.63}",1.5,47.199000000000005,48.199000000000005,inf,114.694,114.694
46,T2,BESTEFFORT,COMPLETED,m1-1,4.73,"{'m1-1': 1.08, 'm2-1': 27.87, 'm3-1': 102.12, 'm4-1': 25.43, 'm5-1': 9.53, 'm6-1': 5.44, 'm7-1': 25.87, 'm8-1': 5.02}",1.62,48.199000000000005,49.279,inf,114.73,114.73
47,T4,BESTEFFORT,COMPLETED,m1-1,4.86,"{'m1-1': 1.03, 'm2-1': 23.77, 'm3-1': 112.03, 'm4-1': 23.44, 'm5-1': 9.76, 'm6-1': 5.57, 'm7-1': 29.45, 'm8-1': 5.11}",1.545,49.279,50.309000000000005,inf,114.86,114.86
48,T10,BESTEFFORT,COMPLETED,m1-1,5.13,"{'m1-1': 1.17, 'm2-1': 26.76, 'm3-1': 109.25, 'm4-1': 27.96, 'm5-1': 10.28, 'm6-1': 5.86, 'm7-1': 27.13, 'm8-1': 5.54}",1.755,50.309000000000005,51.479000000000006,inf,115.13,115.13
49,T8,BESTEFFORT,COMPLETED,m1-1,5.154,"{'m1-1': 1.06, 'm2-1': 26.83, 'm3-1': 106.9, 'm4-1': 24.27, 'm5-1': 11.18, 'm6-1': 5.13, 'm7-1': 27.59, 'm8-1': 4.64}",1.59,51.479000000000006,52.53900000000001,inf,115.154,115.154
50,T5,BESTEFFORT,COMPLETED,m1-1,5.157,"{'m1-1': 1.09, 'm2-1': 27.44, 'm3-1': 108.72, 'm4-1': 26.35, 'm5-1': 10.96, 'm6-1': 4.83, 'm7-1': 24.98, 'm8-1': 5.52}",1.6350000000000002,52.53900000000001,53.62900000000001,inf,115.157,115.157
51,T5,BESTEFFORT,COMPLETED,m1-1,5.18,"{'m1-1': 0.93, 'm2-1': 28.4, 'm3-1': 108.39, 'm4-1': 23.93, 'm5-1': 9.44, 'm6-1': 5.29, 'm7-1': 27.64, 'm8-1': 5.27}",1.395,53.62900000000001,54.55900000000001,inf,115.18,115.18
52,T7,BESTEFFORT,COMPLETED,m1-1,5.19,"{'m1-1': 0.97, 'm2-1': 26.68, 'm3-1': 113.71, 'm4-1': 27.65, 'm5-1': 11.12, 'm6-1': 5.6, 'm7-1': 26.63, 'm8-1': 4.95}",1.455,54.55900000000001,55.52900000000001,inf,115.19,115.19
53,T1,BESTEFFORT,COMPLETED,m1-1,5.208,"{'m1-1': 1.0, 'm2-1': 26.35, 'm3-1': 111.12, 'm4-1': 27.77, 'm5-1': 10.8, 'm6-1': 5.5, 'm7-1': 28.08, 'm8-1': 4.75}",1.5,55.52900000000001,56.52900000000001,inf,115.208,115.208
54,T1,BESTEFFORT,COMPLETED,m1-1,5.234,"{'m1-1': 1.17, 'm2-1': 25.15, 'm3-1': 107.41, 'm4-1': 26.36, 'm5-1': 9.33, 'm6-1': 5.92, 'm7-1': 25.42, 'm8-1': 5.03}",1.755,56.52900000000001,57.69900000000001,inf,115.234,115.234
55,T1,BESTEFFORT,COMPLETED,m1-1,5.338,"{'m1-1': 1.09, 'm2-1': 23.89, 'm3-1': 102.39, 'm4-1': 28.06, 'm5-1': 9.28, 'm6-1': 5.38, 'm7-1': 26.94, 'm8-1': 5.0}",1.6350000000000002,57.69900000000001,58.789000000000016,inf,115.338,115.338
56,T2,BESTEFFORT,COMPLETED,m1-1,5.375,"{'m1-1': 1.07, 'm2-1': 26.98, 'm3-1': 101.58, 'm4-1': 23.76, 'm5-1': 10.68, 'm6-1': 5.69, 'm7-1': 24.11, 'm8-1': 5.32}",1.605,58.789000000000016,59.859000000000016,inf,115.375,115.375
57,T6,BESTEFFORT,COMPLETED,m1-1,5.475,"{'m1-1': 1.07, 'm2-1': 28.58, 'm3-1': 104.94, 'm4-1': 23.98, 'm5-1': 10.16, 'm6-1': 5.37, 'm7-1': 28.93, 'm8-1': 5.68}",1.605,59.859000000000016,60.929000000000016,inf,115.475,115.475
58,T7,BESTEFFORT,COMPLETED,m1-1,5.495,"{'m1-1': 1.01, 'm2-1': 23.49, 'm3-1': 105.68, 'm4-1': 28.32, 'm5-1': 11.09, 'm6-1': 5.54, 'm7-1': 25.68, 'm8-1': 5.11}",1.5150000000000001,60.929000000000016,61.939000000000014,inf,115.495,115.495
59,T10,BESTEFFORT,COMPLETED,m1-1,5.559,"{'m1-1': 1.04, 'm2-1': 27.54, 'm3-1': 109.81, 'm4-1': 27.74, 'm5-1': 11.37, 'm6-1': 5.41, 'm7-1': 27.48, 'm8-1': 5.54}",1.56,61.939000000000014,62.97900000000001,inf,115.559,115.559
60,T5,BESTEFFORT,COMPLETED,m1-1,5.85,"{'m1-1': 0.94, 'm2-1': 28.28, 'm3-1': 96.64, 'm4-1': 24.52, 'm5-1': 9.93, 'm6-1': 5.46, 'm7-1': 24.34, 'm8-1': 5.64}",1.41,62.97900000000001,63.91900000000001,inf,115.85,115.85
61,T6,BESTEFFORT,COMPLETED,m1-1,6.085,"{'m1-1': 0.94, 'm2-1': 29.04, 'm3-1': 116.66, 'm4-1': 24.46, 'm5-1': 11.67, 'm6-1': 5.29, 'm7-1': 27.45, 'm8-1': 5.7}",1.41,63.91900000000001,64.85900000000001,inf,116.085,116.085
62,T2,BESTEFFORT,COMPLETED,m1-1,6.302,"{'m1-1': 1.12, 'm2-1': 27.05, 'm3-1': 98.36, 'm4-1': 25.78, 'm5-1': 10.61, 'm6-1': 5.05, 'm7-1': 26.0, 'm8-1': 5.36}",1.6800000000000002,64.85900000000001,65.97900000000001,inf,116.30199999999999,116.30199999999999
63,T3,BESTEFFORT,COMPLETED,m1-1,6.402,"{'m1-1': 1.01, 'm2-1': 24.64, 'm3-1': 100.77, 'm4-1': 25.15, 'm5-1': 10.37, 'm6-1': 4.94, 'm7-1': 27.58, 'm8-1': 5.76}",1.5150000000000001,65.97900000000001,66.98900000000002,inf,116.402,116.402
64,T5,BESTEFFORT,COMPLETED,m1-1,6.406,"{'m1-1': 1.0, 'm2-1': 26.92, 'm3-1': 111.22, 'm4-1': 25.52, 'm5-1': 9.96, 'm6-1': 5.16, 'm7-1': 25.85, 'm8-1': 5.39}",1.5,66.98900000000002,67.98900000000002,inf,116.406,116.406
65,T3,BESTEFFORT,COMPLETED,m1-1,6.577,"{'m1-1': 1.01, 'm2-1': 24.95, 'm3-1': 114.18, 'm4-1': 28.54, 'm5-1': 10.01, 'm6-1': 5.28, 'm7-1': 27.13, 'm8-1': 5.8}",1.5150000000000001,67.98900000000002,68.99900000000002,inf,116.577,116.577
66,T2,BESTEFFORT,COMPLETED,m1-1,6.644,"{'m1-1': 0.95, 'm2-1': 23.57, 'm3-1': 104.76, 'm4-1': 25.78, 'm5-1': 9.79, 'm6-1': 5.24, 'm7-1': 25.53, 'm8-1': 5.52}",1.4249999999999998,68.99900000000002,69.94900000000003,inf,116.644,116.644
67,T9,BESTEFFORT,COMPLETED,m1-1,6.766,"{'m1-1': 0.94, 'm2-1': 26.74, 'm3-1': 95.24, 'm4-1': 25.98, 'm5-1': 9.92, 'm6-1': 5.7, 'm7-1': 28.87, 'm8-1': 4.67}",1.41,69.94900000000003,70.88900000000002,inf,116.766,116.766
68,T6,BESTEFFORT,COMPLETED,m1-1,7.044,"{'m1-1': 1.04, 'm2-1': 28.08, 'm3-1': 114.03, 'm4-1': 25.46, 'm5-1': 11.06, 'm6-1': 5.3, 'm7-1': 27.49, 'm8-1': 5.42}",1.56,70.88900000000002,71.92900000000003,inf,117.044,117.044
69,T2,BESTEFFORT,COMPLETED,m1-1,7.119,"{'m1-1': 0.97, 'm2-1': 26.61, 'm3-1': 105.36, 'm4-1': 24.08, 'm5-1': 10.44, 'm6-1': 5.51, 'm7-1': 28.21, 'm8-1': 5.21}",1.455,71.92900000000003,72.89900000000003,inf,117.119,117.119
70,T8,BESTEFFORT,COMPLETED,m1-1,7.18,"{'m1-1': 1.02, 'm2-1': 23.03, 'm3-1': 105.7, 'm4-1': 26.25, 'm5-1': 10.89, 'm6-1': 5.32, 'm7-1': 25.96, 'm8-1': 4.78}",1.53,72.89900000000003,73.91900000000003,inf,117.18,117.18
71,T9,BESTEFFORT,COMPLETED,m1-1,7.187,"{'m1-1': 1.08, 'm2-1': 27.67, 'm3-1': 102.03, 'm4-1': 24.07, 'm5-1': 10.37, 'm6-1': 5.64, 'm7-1': 28.24, 'm8-1': 4.71}",1.62,73.91900000000003,74.99900000000002,inf,117.187,117.187
72,T1,BESTEFFORT,COMPLETED,m1-1,7.214,"{'m1-1': 1.0, 'm2-1': 24.49, 'm3-1': 116.33, 'm4-1': 25.98, 'm5-1': 9.89, 'm6-1': 5.38, 'm7-1': 26.99, 'm8-1': 5.21}",1.5,74.99900000000002,75.99900000000002,inf,117.214,117.214
73,T10,BESTEFFORT,COMPLETED,m1-1,7.721,"{'m1-1': 1.05, 'm2-1': 28.8, 'm3-1': 109.76, 'm4-1': 27.34, 'm5-1': 11.22, 'm6-1': 5.77, 'm7-1': 24.35, 'm8-1': 5.16}",1.5750000000000002,75.99900000000002,77.04900000000002,inf,117.721,117.721
74,T2,BESTEFFORT,COMPLETED,m1-1,7.778,"{'m1-1': 1.08, 'm2-1': 24.61, 'm3-1': 109.23, 'm4-1': 24.29, 'm5-1': 10.69, 'm6-1': 5.04, 'm7-1': 26.44, 'm8-1': 5.5}",1.62,77.04900000000002,78.12900000000002,inf,117.778,117.778
75,T10,BESTEFFORT,COMPLETED,m1-1,7.814,"{'m1-1': 1.1, 'm2-1': 25.55, 'm3-1': 109.34, 'm4-1': 24.99, 'm5-1': 9.8, 'm6-1': 5.69, 'm7-1': 26.29, 'm8-1': 4.78}",1.6500000000000001,78.12900000000002,79.22900000000001,inf,117.814,117.814
76,T6,BESTEFFORT,COMPLETED,m1-1,8.092,"{'m1-1': 0.98, 'm2-1': 26.74, 'm3-1': 109.73, 'm4-1': 27.68, 'm5-1': 10.59, 'm6-1': 4.79, 'm7-1': 26.45, 'm8-1': 5.83}",1.47,79.22900000000001,80.20900000000002,inf,118.092,118.092
77,T7,BESTEFFORT,COMPLETED,m1-1,8.717,"{'m1-1': 0.97, 'm2-1': 27.49, 'm3-1': 105.02, 'm4-1': 25.58, 'm5-1': 10.57, 'm6-1': 4.99, 'm7-1': 26.89, 'm8-1': 5.07}",1.455,80.20900000000002,81.17900000000002,inf,118.717,118.717
78,T5,BESTEFFORT,COMPLETED,m1-1,8.771,"{'m1-1': 0.95, 'm2-1': 24.96, 'm3-1': 100.2, 'm4-1': 25.74, 'm5-1': 9.51, 'm6-1': 4.94, 'm7-1': 27.24, 'm8-1': 5.28}",1.4249999999999998,81.17900000000002,82.12900000000002,inf,118.771,118.771
79,T8,BESTEFFORT,COMPLETED,m1-1,8.846,"{'m1-1': 0.94, 'm2-1': 27.22, 'm3-1': 112.01, 'm4-1': 26.53, 'm5-1': 10.6, 'm6-1': 5.31, 'm7-1': 24.24, 'm8-1': 5.28}",1.41,82.12900000000002,83.06900000000002,inf,118.846,118.846
80,T2,BESTEFFORT,COMPLETED,m1-1,8.873,"{'m1-1': 0.99, 'm2-1': 26.36, 'm3-1': 108.46, 'm4-1': 26.86, 'm5-1': 9.59, 'm6-1': 5.15, 'm7-1': 27.95, 'm8-1': 5.41}",1.4849999999999999,83.06900000000002,84.05900000000001,inf,118.873,118.873
81,T7,BESTEFFORT,COMPLETED,m1-1,8.936,"{'m1-1': 1.08, 'm2-1': 24.0, 'm3-1': 101.1, 'm4-1': 26.56, 'm5-1': 9.98, 'm6-1': 5.49, 'm7-1': 24.59, 'm8-1': 4.94}",1.62,84.05900000000001,85.13900000000001,inf,118.936,118.936
82,T1,BESTEFFORT,COMPLETED,m1-1,8.987,"{'m1-1': 1.14, 'm2-1': 23.97, 'm3-1': 109.78, 'm4-1': 26.03, 'm5-1': 9.95, 'm6-1': 5.48, 'm7-1': 25.96, 'm8-1': 5.51}",1.71,85.13900000000001,86.27900000000001,inf,118.987,118.987
83,T4,BESTEFFORT,COMPLETED,m1-1,9.035,"{'m1-1': 1.16, 'm2-1': 27.33, 'm3-1': 105.98, 'm4-1': 25.44, 'm5-1': 9.47, 'm6-1': 5.87, 'm7-1': 26.63, 'm8-1': 5.14}",1.7399999999999998,86.27900000000001,87.43900000000001,inf,119.035,119.035
84,T7,BESTEFFORT,COMPLETED,m1-1,9.489,"{'m1-1': 0.93, 'm2-1': 27.42, 'm3-1': 110.33, 'm4-1': 25.33, 'm5-1': 10.03, 'm6-1': 5.51, 'm7-1': 27.62, 'm8-1': 5.5}",1.395,87.43900000000001,88.36900000000001,inf,119.489,119.489
85,T6,BESTEFFORT,COMPLETED,m1-1,9.59,"{'m1-1': 1.07, 'm2-1': 25.25, 'm3-1': 107.77, 'm4-1': 26.53, 'm5-1': 11.81, 'm6-1': 4.74, 'm7-1': 28.14, 'm8-1': 4.97}",1.605,88.36900000000001,89.43900000000001,inf,119.59,119.59
86,T5,BESTEFFORT,COMPLETED,m1-1,9.834,"{'m1-1': 1.03, 'm2-1': 27.85, 'm3-1': 102.64, 'm4-1': 28.08, 'm5-1': 9.5, 'm6-1': 5.08, 'm7-1': 27.08, 'm8-1': 5.16}",1.545,89.43900000000001,90.46900000000001,inf,119.834,119.834
87,T7,BESTEFFORT,COMPLETED,m1-1,9.903,"{'m1-1': 0.94, 'm2-1': 25.56, 'm3-1': 110.65, 'm4-1': 25.85, 'm5-1': 11.39, 'm6-1': 5.4, 'm7-1': 24.81, 'm8-1': 5.6}",1.41,90.46900000000001,91.409,inf,119.903,119.903
88,T5,BESTEFFORT,COMPLETED,m1-1,10.123,"{'m1-1': 0.99, 'm2-1': 26.91, 'm3-1': 100.32, 'm4-1': 26.13, 'm5-1': 9.64, 'm6-1': 5.3, 'm7-1': 25.33, 'm8-1': 5.14}",1.4849999999999999,91.409,92.399,inf,120.123,120.123
89,T7,BESTEFFORT,COMPLETED,m1-1,10.136,"{'m1-1': 0.97, 'm2-1': 25.47, 'm3-1': 109.87, 'm4-1': 26.56, 'm5-1': 10.16, 'm6-1': 5.5, 'm7-1': 25.24, 'm8-1': 4.89}",1.455,92.399,93.369,inf,120.136,120.136
90,T2,BESTEFFORT,COMPLETED,m1-1,10.29,"{'m1-1': 1.07, 'm2-1': 27.34, 'm3-1': 97.84, 'm4-1': 28.04, 'm5-1': 9.91, 'm6-1': 5.55, 'm7-1': 27.67, 'm8-1': 5.32}",1.605,93.369,94.439,inf,120.28999999999999,120.28999999999999
91,T10,BESTEFFORT,COMPLETED,m1-1,10.465,"{'m1-1': 1.08, 'm2-1': 28.64, 'm3-1': 102.65, 'm4-1': 24.3, 'm5-1': 10.68, 'm6-1': 5.92, 'm7-1': 23.63, 'm8-1': 4.77}",1.62,94.439,95.51899999999999,inf,120.465,120.465
92,T3,BESTEFFORT,COMPLETED,m1-1,10.47,"{'m1-1': 1.04, 'm2-1': 27.23, 'm3-1': 100.58, 'm4-1': 27.55, 'm5-1': 9.23, 'm6-1': 5.44, 'm7-1': 25.51, 'm8-1': 5.54}",1.56,95.51899999999999,96.559,inf,120.47,120.47
93,T7,BESTEFFORT,COMPLETED,m1-1,10.65,"{'m1-1': 0.93, 'm2-1': 24.06, 'm3-1': 112.74, 'm4-1': 29.48, 'm5-1': 10.1, 'm6-1': 5.47, 'm7-1': 24.46, 'm8-1': 5.58}",1.395,96.559,97.489,inf,120.65,120.65
94,T4,BESTEFFORT,COMPLETED,m1-1,10.729,"{'m1-1': 1.01, 'm2-1': 27.07, 'm3-1': 109.57, 'm4-1': 26.02, 'm5-1': 10.63, 'm6-1': 5.31, 'm7-1': 26.74, 'm8-1': 4.99}",1.5150000000000001,97.489,98.49900000000001,inf,120.729,120.729
95,T1,BESTEFFORT,COMPLETED,m1-1,11.139,"{'m1-1': 1.06, 'm2-1': 24.77, 'm3-1': 106.81, 'm4-1': 27.83, 'm5-1': 10.72, 'm6-1': 5.15, 'm7-1': 23.74, 'm8-1': 5.23}",1.59,98.49900000000001,99.55900000000001,inf,121.139,121.139
96,T4,BESTEFFORT,COMPLETED,m1-1,11.166,"{'m1-1': 1.03, 'm2-1': 27.28, 'm3-1': 106.57, 'm4-1': 25.97, 'm5-1': 9.47, 'm6-1': 5.56, 'm7-1': 27.32, 'm8-1': 5.56}",1.545,99.55900000000001,100.58900000000001,inf,121.166,121.166
97,T2,BESTEFFORT,COMPLETED,m1-1,11.274,"{'m1-1': 1.08, 'm2-1': 26.56, 'm3-1': 107.14, 'm4-1': 24.71, 'm5-1': 10.56, 'm6-1': 5.44, 'm7-1': 24.49, 'm8-1': 5.14}",1.62,100.58900000000001,101.66900000000001,inf,121.274,121.274
98,T3,BESTEFFORT,COMPLETED,m1-1,11.343,"{'m1-1': 1.02, 'm2-1': 23.87, 'm3-1': 111.08, 'm4-1': 25.26, 'm5-1': 9.58, 'm6-1': 4.79, 'm7-1': 26.46, 'm8-1': 5.17}",1.53,101.66900000000001,102.68900000000001,inf,121.343,121.343
99,T7,BESTEFFORT,COMPLETED,m1-1,11.383,"{'m1-1': 1.04, 'm2-1': 24.98, 'm3-1': 99.82, 'm4-1': 27.13, 'm5-1': 10.41, 'm6-1': 5.73, 'm7-1': 27.41, 'm8-1': 5.36}",1.56,102.68900000000001,103.72900000000001,inf,121.383,121.383
100,T2,BESTEFFORT,COMPLETED,m1-1,11.805,"{'m1-1': 0.96, 'm2-1': 27.28, 'm3-1': 111.26, 'm4-1': 26.61, 'm5-1': 9.48, 'm6-1': 5.63, 'm7-1': 24.6, 'm8-1': 5.75}",1.44,103.72900000000001,104.68900000000001,inf,121.805,121.805
101,T10,BESTEFFORT,COMPLETED,m1-1,11.946,"{'m1-1': 1.02, 'm2-1': 25.98, 'm3-1': 105.03, 'm4-1': 25.64, 'm5-1': 10.88, 'm6-1': 5.14, 'm7-1': 24.89, 'm8-1': 5.23}",1.53,104.68900000000001,105.709,inf,121.946,121.946
102,T1,BESTEFFORT,COMPLETED,m1-1,12.029,"{'m1-1': 1.15, 'm2-1': 25.9, 'm3-1': 110.43, 'm4-1': 25.62, 'm5-1': 10.03, 'm6-1': 5.74, 'm7-1': 23.87, 'm8-1': 5.1}",1.7249999999999999,105.709,106.85900000000001,inf,122.029,122.029
103,T1,BESTEFFORT,COMPLETED,m1-1,12.061,"{'m1-1': 1.16, 'm2-1': 24.36, 'm3-1': 103.74, 'm4-1': 27.83, 'm5-1': 9.43, 'm6-1': 5.37, 'm7-1': 24.52, 'm8-1': 5.24}",1.7399999999999998,106.85900000000001,108.019,inf,122.061,122.061
104,T6,BESTEFFORT,COMPLETED,m1-1,12.092,"{'m1-1': 1.05, 'm2-1': 28.36, 'm3-1': 104.84, 'm4-1': 24.74, 'm5-1': 11.3, 'm6-1': 5.58, 'm7-1': 27.92, 'm8-1': 5.26}",1.5750000000000002,108.99900000000001,110.049,inf,122.092,122.092
105,T3,BESTEFFORT,COMPLETED,m1-1,12.092,"{'m1-1': 0.98, 'm2-1': 27.13, 'm3-1': 101.07, 'm4-1': 28.15, 'm5-1': 9.47, 'm6-1': 4.93, 'm7-1': 26.98, 'm8-1': 5.24}",1.47,108.019,108.99900000000001,inf,122.092,122.092
106,T10,BESTEFFORT,COMPLETED,m1-1,12.237,"{'m1-1': 1.1, 'm2-1': 26.27, 'm3-1': 105.44, 'm4-1': 26.04, 'm5-1': 9.68, 'm6-1': 5.44, 'm7-1': 26.54, 'm8-1': 5.13}",1.6500000000000001,110.049,111.149,inf,122.237,122.237
107,T9,BESTEFFORT,COMPLETED,m1-1,12.284,"{'m1-1': 1.09, 'm2-1': 28.74, 'm3-1': 102.95, 'm4-1': 26.45, 'm5-1': 9.44, 'm6-1': 5.1, 'm7-1': 25.61, 'm8-1': 5.14}",1.6350000000000002,111.149,112.239,inf,122.284,122.284
108,T6,BESTEFFORT,COMPLETED,m1-1,12.351,"{'m1-1': 1.02, 'm2-1': 27.69, 'm3-1': 109.66, 'm4-1': 26.1, 'm5-1': 11.51, 'm6-1': 5.52, 'm7-1': 26.8, 'm8-1': 5.27}",1.53,112.239,113.259,inf,122.351,122.351
109,T6,BESTEFFORT,COMPLETED,m1-1,12.518,"{'m1-1': 1.09, 'm2-1': 29.42, 'm3-1': 110.41, 'm4-1': 27.68, 'm5-1': 11.53, 'm6-1': 5.19, 'm7-1': 27.05, 'm8-1': 5.8}",1.6350000000000002,113.259,114.349,inf,122.518,122.518
110,T9,BESTEFFORT,COMPLETED,m1-1,12.644,"{'m1-1': 0.97, 'm2-1': 27.11, 'm3-1': 95.59, 'm4-1': 25.03, 'm5-1': 10.33, 'm6-1': 5.29, 'm7-1': 27.09, 'm8-1': 5.14}",1.455,115.35900000000001,116.32900000000001,inf,122.644,122.644
111,T3,BESTEFFORT,COMPLETED,m1-1,12.644,"{'m1-1': 1.01, 'm2-1': 25.14, 'm3-1': 116.8, 'm4-1': 26.04, 'm5-1': 10.13, 'm6-1': 5.3, 'm7-1': 24.3, 'm8-1': 5.59}",1.5150000000000001,114.349,115.35900000000001,inf,122.644,122.644
112,T8,BESTEFFORT,COMPLETED,m1-1,12.949,"{'m1-1': 1.07, 'm2-1': 23.18, 'm3-1': 105.96, 'm4-1': 24.2, 'm5-1': 10.82, 'm6-1': 5.79, 'm7-1': 23.57, 'm8-1': 4.62}",1.605,116.32900000000001,117.399,inf,122.949,122.949
113,T1,BESTEFFORT,COMPLETED,m1-1,12.955,"{'m1-1': 1.1, 'm2-1': 24.16, 'm3-1': 109.97, 'm4-1': 26.6, 'm5-1': 10.52, 'm6-1': 5.24, 'm7-1': 26.09, 'm8-1': 5.1}",1.6500000000000001,117.399,118.499,inf,122.955,122.955
114,T7,BESTEFFORT,COMPLETED,m1-1,13.003,"{'m1-1': 0.98, 'm2-1': 24.64, 'm3-1': 103.52, 'm4-1': 26.95, 'm5-1': 11.26, 'm6-1': 5.7, 'm7-1': 24.6, 'm8-1': 5.5}",1.47,118.499,119.479,inf,123.003,123.003
115,T8,BESTEFFORT,COMPLETED,m1-1,13.036,"{'m1-1': 0.96, 'm2-1': 24.92, 'm3-1': 116.68, 'm4-1': 23.44, 'm5-1': 10.85, 'm6-1': 5.02, 'm7-1': 24.43, 'm8-1': 4.96}",1.44,119.479,120.439,inf,123.036,123.036
116,T1,BESTEFFORT,COMPLETED,m1-1,13.156,"{'m1-1': 1.0, 'm2-1': 24.91, 'm3-1': 115.88, 'm4-1': 24.22, 'm5-1': 9.3, 'm6-1': 5.04, 'm7-1': 27.27, 'm8-1': 4.79}",1.5,120.439,121.439,inf,123.156,123.156
117,T10,BESTEFFORT,COMPLETED,m1-1,13.219,"{'m1-1': 1.17, 'm2-1': 28.7, 'm3-1': 106.08, 'm4-1': 26.06, 'm5-1': 11.25, 'm6-1': 5.09, 'm7-1': 24.73, 'm8-1': 5.26}",1.755,121.439,122.609,inf,123.219,123.219
118,T8,BESTEFFORT,MISSED,m1-1,13.323,"{'m1-1': 0.93, 'm2-1': 24.8, 'm3-1': 117.91, 'm4-1': 23.62, 'm5-1': 10.36, 'm6-1': 4.91, 'm7-1': 23.42, 'm8-1': 4.72}",1.0710000000000193,122.609,inf,123.32300000000001,123.32300000000001,123.32300000000001
119,T7,BESTEFFORT,MISSED,m1-1,13.329,"{'m1-1': 0.92, 'm2-1': 24.09, 'm3-1': 106.08, 'm4-1': 28.61, 'm5-1': 11.44, 'm6-1': 5.47, 'm7-1': 24.01, 'm8-1': 5.16}",0.009000000000000341,123.32300000000001,inf,123.32900000000001,123.32900000000001,123.32900000000001
120,T2,BESTEFFORT,MISSED,m1-1,13.392,"{'m1-1': 0.99, 'm2-1': 23.92, 'm3-1': 108.84, 'm4-1': 24.97, 'm5-1': 9.42, 'm6-1': 5.74, 'm7-1': 28.34, 'm8-1': 4.93}",0.09449999999998226,123.32900000000001,inf,123.392,123.392,123.392
121,T4,BESTEFFORT,MISSED,m1-1,13.489,"{'m1-1': 1.15, 'm2-1': 23.96, 'm3-1': 98.46, 'm4-1': 23.18, 'm5-1': 10.16, 'm6-1': 5.64, 'm7-1': 24.97, 'm8-1': 4.87}",0.14550000000001262,123.392,inf,123.489,123.489,123.489
122,T10,BESTEFFORT,MISSED,m1-1,13.494,"{'m1-1': 1.12, 'm2-1': 27.02, 'm3-1': 107.34, 'm4-1': 24.75, 'm5-1': 10.43, 'm6-1': 5.36, 'm7-1': 24.9, 'm8-1': 5.26}",0.007499999999993179,123.489,inf,123.494,123.494,123.494
123,T3,BESTEFFORT,MISSED,m1-1,13.608,"{'m1-1': 1.06, 'm2-1': 25.43, 'm3-1': 116.67, 'm4-1': 25.86, 'm5-1': 10.73, 'm6-1': 5.17, 'm7-1': 23.79, 'm8-1': 5.09}",0.17100000000000648,123.494,inf,123.608,123.608,123.608
124,T2,BESTEFFORT,MISSED,m1-1,13.695,"{'m1-1': 1.01, 'm2-1': 24.15, 'm3-1': 112.35, 'm4-1': 25.34, 'm5-1': 10.79, 'm6-1': 5.27, 'm7-1': 24.89, 'm8-1': 5.44}",0.13049999999998363,123.608,inf,123.695,123.695,123.695
125,T6,BESTEFFORT,MISSED,m1-1,13.708,"{'m1-1': 1.06, 'm2-1': 27.38, 'm3-1': 107.19, 'm4-1': 24.26, 'm5-1': 11.32, 'm6-1': 5.01, 'm7-1': 29.84, 'm8-1': 5.12}",0.019500000000007844,123.695,inf,123.708,123.708,123.708
126,T6,BESTEFFORT,MISSED,m1-1,13.71,"{'m1-1': 0.99, 'm2-1': 26.52, 'm3-1': 102.1, 'm4-1': 27.85, 'm5-1': 10.25, 'm6-1': 5.18, 'm7-1': 25.34, 'm8-1': 5.0}",0.0030000000000143245,123.708,inf,123.71000000000001,123.71000000000001,123.71000000000001
127,T3,BESTEFFORT,MISSED,m1-1,13.811,"{'m1-1': 1.09, 'm2-1': 23.91, 'm3-1': 106.64, 'm4-1': 27.53, 'm5-1': 10.49, 'm6-1': 5.41, 'm7-1': 26.7, 'm8-1': 5.85}",0.15149999999999864,123.71000000000001,inf,123.811,123.811,123.811
128,T2,BESTEFFORT,MISSED,m1-1,13.82,"{'m1-1': 1.07, 'm2-1': 24.01, 'm3-1': 111.19, 'm4-1': 24.38, 'm5-1': 9.19, 'm6-1': 5.15, 'm7-1': 24.86, 'm8-1': 5.42}",0.013499999999979195,123.811,inf,123.82,123.82,123.82
129,T3,BESTEFFORT,MISSED,m1-1,14.142,"{'m1-1': 0.99, 'm2-1': 25.3, 'm3-1': 106.98, 'm4-1': 25.99, 'm5-1': 10.09, 'm6-1': 5.05, 'm7-1': 25.6, 'm8-1': 5.76}",0.4830000000000041,123.82,inf,124.142,124.142,124.142
130,T1,BESTEFFORT,MISSED,m1-1,14.143,"{'m1-1': 1.05, 'm2-1': 23.74, 'm3-1': 104.07, 'm4-1': 24.21, 'm5-1': 10.69, 'm6-1': 5.63, 'm7-1': 27.89, 'm8-1': 5.21}",0.0015000000000071623,124.142,inf,124.143,124.143,124.143
131,T4,BESTEFFORT,MISSED,m1-1,14.289,"{'m1-1': 1.1, 'm2-1': 24.6, 'm3-1': 100.11, 'm4-1': 25.43, 'm5-1': 10.97, 'm6-1': 5.3, 'm7-1': 25.18, 'm8-1': 5.04}",0.2190000000000012,124.143,inf,124.289,124.289,124.289
132,T1,BESTEFFORT,MISSED,m1-1,14.363,"{'m1-1': 1.16, 'm2-1': 23.4, 'm3-1': 115.82, 'm4-1': 24.38, 'm5-1': 9.54, 'm6-1': 5.27, 'm7-1': 24.87, 'm8-1': 5.19}",0.1109999999999971,124.289,inf,124.363,124.363,124.363
133,T10,BESTEFFORT,MISSED,m1-1,14.521,"{'m1-1': 1.01, 'm2-1': 27.1, 'm3-1': 99.23, 'm4-1': 24.09, 'm5-1': 9.7, 'm6-1': 5.16, 'm7-1': 23.6, 'm8-1': 4.72}",0.23700000000000188,124.363,inf,124.521,124.521,124.521
134,T7,BESTEFFORT,MISSED,m1-1,14.649,"{'m1-1': 0.94, 'm2-1': 26.09, 'm3-1': 99.85, 'm4-1': 25.38, 'm5-1': 10.72, 'm6-1': 5.62, 'm7-1': 24.69, 'm8-1': 5.03}",0.19200000000000017,124.521,inf,124.649,124.649,124.649
135,T1,BESTEFFORT,MISSED,m1-1,14.661,"{'m1-1': 1.01, 'm2-1': 27.5, 'm3-1': 112.62, 'm4-1': 26.56, 'm5-1': 10.53, 'm6-1': 5.28, 'm7-1': 23.86, 'm8-1': 5.11}",0.018000000000000682,124.649,inf,124.661,124.661,124.661
136,T9,BESTEFFORT,MISSED,m1-1,14.733,"{'m1-1': 1.04, 'm2-1': 28.79, 'm3-1': 100.46, 'm4-1': 23.65, 'm5-1': 10.48, 'm6-1': 5.25, 'm7-1': 25.08, 'm8-1': 5.19}",0.10800000000000409,124.661,inf,124.733,124.733,124.733
137,T2,BESTEFFORT,MISSED,m1-1,15.077,"{'m1-1': 0.98, 'm2-1': 26.04, 'm3-1': 96.02, 'm4-1': 28.08, 'm5-1': 10.61, 'm6-1': 5.38, 'm7-1': 26.42, 'm8-1': 5.32}",0.5159999999999911,124.733,inf,125.077,125.077,125.077
138,T10,BESTEFFORT,MISSED,m1-1,15.275,"{'m1-1': 1.02, 'm2-1': 28.35, 'm3-1': 102.45, 'm4-1': 26.12, 'm5-1': 10.21, 'm6-1': 5.48, 'm7-1': 26.07, 'm8-1': 4.7}",0.29700000000001125,125.077,inf,125.275,125.275,125.275
139,T2,BESTEFFORT,MISSED,m1-1,15.34,"{'m1-1': 1.11, 'm2-1': 27.05, 'm3-1': 105.11, 'm4-1': 27.4, 'm5-1': 9.41, 'm6-1': 5.58, 'm7-1': 24.66, 'm8-1': 5.8}",0.09749999999999659,125.275,inf,125.34,125.34,125.34
140,T2,BESTEFFORT,MISSED,m1-1,15.346,"{'m1-1': 1.02, 'm2-1': 24.11, 'm3-1': 108.84, 'm4-1': 26.5, 'm5-1': 10.61, 'm6-1': 5.28, 'm7-1': 25.91, 'm8-1': 5.44}",0.009000000000000341,125.34,inf,125.346,125.346,125.346
141,T6,BESTEFFORT,MISSED,m1-1,15.376,"{'m1-1': 1.01, 'm2-1': 26.02, 'm3-1': 108.21, 'm4-1': 25.25, 'm5-1': 10.39, 'm6-1': 5.15, 'm7-1': 27.55, 'm8-1': 5.13}",0.045000000000001705,125.346,inf,125.376,125.376,125.376
142,T8,BESTEFFORT,MISSED,m1-1,15.533,"{'m1-1': 0.93, 'm2-1': 26.98, 'm3-1': 114.24, 'm4-1': 25.92, 'm5-1': 11.67, 'm6-1': 5.16, 'm7-1': 23.73, 'm8-1': 4.61}",0.2354999999999947,125.376,inf,125.533,125.533,125.533
143,T8,BESTEFFORT,MISSED,m1-1,15.541,"{'m1-1': 1.04, 'm2-1': 26.5, 'm3-1': 102.97, 'm4-1': 24.23, 'm5-1': 11.55, 'm6-1': 5.09, 'm7-1': 27.72, 'm8-1': 4.72}",0.01199999999999335,125.533,inf,125.541,125.541,125.541
144,T3,BESTEFFORT,MISSED,m1-1,15.684,"{'m1-1': 1.12, 'm2-1': 25.34, 'm3-1': 100.23, 'm4-1': 25.91, 'm5-1': 9.73, 'm6-1': 5.0, 'm7-1': 26.59, 'm8-1': 5.78}",0.21450000000000102,125.541,inf,125.684,125.684,125.684
145,T6,BESTEFFORT,MISSED,m1-1,15.685,"{'m1-1': 1.05, 'm2-1': 25.12, 'm3-1': 109.54, 'm4-1': 24.86, 'm5-1': 10.25, 'm6-1': 5.3, 'm7-1': 27.71, 'm8-1': 5.13}",0.0015000000000071623,125.684,inf,125.685,125.685,125.685
146,T6,BESTEFFORT,MISSED,m1-1,15.732,"{'m1-1': 1.04, 'm2-1': 28.82, 'm3-1': 111.9, 'm4-1': 25.35, 'm5-1': 10.79, 'm6-1': 5.35, 'm7-1': 28.58, 'm8-1': 5.47}",0.07049999999999557,125.685,inf,125.732,125.732,125.732
147,T9,BESTEFFORT,MISSED,m1-1,15.956,"{'m1-1': 1.08, 'm2-1': 28.52, 'm3-1': 92.68, 'm4-1': 27.2, 'm5-1': 10.07, 'm6-1': 5.54, 'm7-1': 27.17, 'm8-1': 5.33}",0.3360000000000056,125.732,inf,125.956,125.956,125.956
148,T6,BESTEFFORT,MISSED,m1-1,16.0,"{'m1-1': 1.05, 'm2-1': 25.94, 'm3-1': 115.8, 'm4-1': 25.5, 'm5-1': 11.18, 'm6-1': 5.07, 'm7-1': 26.8, 'm8-1': 5.71}",0.0659999999999954,125.956,inf,126.0,126.0,126.0
149,T10,BESTEFFORT,MISSED,m1-1,16.241,"{'m1-1': 1.07, 'm2-1': 25.63, 'm3-1': 111.46, 'm4-1': 25.85, 'm5-1': 10.78, 'm6-1': 5.81, 'm7-1': 26.06, 'm8-1': 4.91}",0.3614999999999995,126.0,inf,126.241,126.241,126.241
150,T5,BESTEFFORT,MISSED,m1-1,16.271,"{'m1-1': 1.03, 'm2-1': 26.52, 'm3-1': 102.01, 'm4-1': 26.88, 'm5-1': 10.96, 'm6-1': 5.45, 'm7-1': 28.08, 'm8-1': 5.06}",0.045000000000001705,126.241,inf,126.271,126.271,126.271
151,T4,BESTEFFORT,MISSED,m1-1,16.381,"{'m1-1': 1.05, 'm2-1': 23.84, 'm3-1': 97.27, 'm4-1': 23.0, 'm5-1': 9.36, 'm6-1': 5.96, 'm7-1': 25.92, 'm8-1': 5.49}",0.16499999999999915,126.271,inf,126.381,126.381,126.381
152,T8,BESTEFFORT,MISSED,m1-1,16.421,"{'m1-1': 0.94, 'm2-1': 24.33, 'm3-1': 105.73, 'm4-1': 25.15, 'm5-1': 10.9, 'm6-1': 4.95, 'm7-1': 24.95, 'm8-1': 4.77}",0.05999999999998806,126.381,inf,126.42099999999999,126.42099999999999,126.42099999999999
153,T6,BESTEFFORT,MISSED,m1-1,16.53,"{'m1-1': 0.97, 'm2-1': 26.6, 'm3-1': 108.81, 'm4-1': 26.6, 'm5-1': 11.3, 'm6-1': 5.22, 'm7-1': 28.31, 'm8-1': 5.69}",0.1635000000000133,126.42099999999999,inf,126.53,126.53,126.53
154,T3,BESTEFFORT,MISSED,m1-1,16.558,"{'m1-1': 1.1, 'm2-1': 27.07, 'm3-1': 100.54, 'm4-1': 26.89, 'm5-1': 10.17, 'm6-1': 5.1, 'm7-1': 24.61, 'm8-1': 5.2}",0.04199999999998738,126.53,inf,126.55799999999999,126.55799999999999,126.55799999999999
155,T6,BESTEFFORT,MISSED,m1-1,16.612,"{'m1-1': 0.99, 'm2-1': 25.31, 'm3-1': 102.08, 'm4-1': 25.84, 'm5-1': 11.14, 'm6-1': 4.98, 'm7-1': 28.46, 'm8-1': 5.69}",0.08100000000000307,126.55799999999999,inf,126.612,126.612,126.612
156,T4,BESTEFFORT,MISSED,m1-1,16.658,"{'m1-1': 1.1, 'm2-1': 24.01, 'm3-1': 104.86, 'm4-1': 24.1, 'm5-1': 10.82, 'm6-1': 5.71, 'm7-1': 25.45, 'm8-1': 5.16}",0.06900000000000972,126.612,inf,126.658,126.658,126.658
157,T8,BESTEFFORT,MISSED,m1-1,16.663,"{'m1-1': 0.93, 'm2-1': 27.2, 'm3-1': 105.0, 'm4-1': 24.03, 'm5-1': 10.12, 'm6-1': 5.38, 'm7-1': 26.41, 'm8-1': 4.75}",0.007499999999993179,126.658,inf,126.663,126.663,126.663
158,T8,BESTEFFORT,MISSED,m1-1,16.725,"{'m1-1': 1.05, 'm2-1': 26.02, 'm3-1': 113.8, 'm4-1': 26.18, 'm5-1': 10.82, 'm6-1': 5.53, 'm7-1': 26.82, 'm8-1': 5.01}",0.09299999999999642,126.663,inf,126.725,126.725,126.725
159,T3,BESTEFFORT,MISSED,m1-1,16.734,"{'m1-1': 1.1, 'm2-1': 27.68, 'm3-1': 100.91, 'm4-1': 28.63, 'm5-1': 10.19, 'm6-1': 4.99, 'm7-1': 27.71, 'm8-1': 5.65}",0.013500000000021828,126.725,inf,126.73400000000001,126.73400000000001,126.73400000000001
160,T8,BESTEFFORT,MISSED,m1-1,16.755,"{'m1-1': 1.04, 'm2-1': 24.64, 'm3-1': 108.7, 'm4-1': 25.46, 'm5-1': 11.36, 'm6-1': 5.8, 'm7-1': 25.9, 'm8-1': 5.28}",0.03149999999997988,126.73400000000001,inf,126.755,126.755,126.755
161,T2,BESTEFFORT,MISSED,m1-1,16.825,"{'m1-1': 0.99, 'm2-1': 25.77, 'm3-1': 105.92, 'm4-1': 26.12, 'm5-1': 10.37, 'm6-1': 5.86, 'm7-1': 26.71, 'm8-1': 5.18}",0.10500000000001108,126.755,inf,126.825,126.825,126.825
162,T4,BESTEFFORT,MISSED,m1-1,16.979,"{'m1-1': 1.05, 'm2-1': 25.93, 'm3-1': 98.43, 'm4-1': 23.98, 'm5-1': 9.81, 'm6-1': 5.83, 'm7-1': 27.6, 'm8-1': 5.55}",0.23099999999999454,126.825,inf,126.979,126.979,126.979
163,T3,BESTEFFORT,MISSED,m1-1,16.982,"{'m1-1': 1.1, 'm2-1': 25.58, 'm3-1': 115.37, 'm4-1': 27.26, 'm5-1': 9.85, 'm6-1': 5.2, 'm7-1': 25.77, 'm8-1': 5.19}",0.0045000000000001705,126.979,inf,126.982,126.982,126.982
164,T9,BESTEFFORT,MISSED,m1-1,17.099,"{'m1-1': 1.07, 'm2-1': 26.47, 'm3-1': 91.9, 'm4-1': 27.92, 'm5-1': 9.89, 'm6-1': 5.31, 'm7-1': 27.69, 'm8-1': 5.06}",0.17550000000000665,126.982,inf,127.099,127.099,127.099
165,T5,BESTEFFORT,MISSED,m1-1,17.652,"{'m1-1': 0.97, 'm2-1': 25.24, 'm3-1': 110.96, 'm4-1': 25.29, 'm5-1': 10.78, 'm6-1': 5.03, 'm7-1': 27.71, 'm8-1': 5.94}",0.8294999999999959,127.099,inf,127.652,127.652,127.652
166,T4,BESTEFFORT,MISSED,m1-1,17.836,"{'m1-1': 1.06, 'm2-1': 27.09, 'm3-1': 103.69, 'm4-1': 23.04, 'm5-1': 9.64, 'm6-1': 5.68, 'm7-1': 26.4, 'm8-1': 5.01}",0.27599999999999625,127.652,inf,127.836,127.836,127.836
167,T6,BESTEFFORT,MISSED,m1-1,17.875,"{'m1-1': 1.06, 'm2-1': 28.03, 'm3-1': 108.5, 'm4-1': 25.75, 'm5-1': 10.51, 'm6-1': 4.87, 'm7-1': 28.82, 'm8-1': 5.07}",0.05850000000000222,127.836,inf,127.875,127.875,127.875
168,T9,BESTEFFORT,MISSED,m1-1,17.894,"{'m1-1': 1.08, 'm2-1': 25.16, 'm3-1': 104.08, 'm4-1': 24.06, 'm5-1': 10.85, 'm6-1': 5.36, 'm7-1': 28.57, 'm8-1': 5.39}",0.028500000000008185,127.875,inf,127.894,127.894,127.894
169,T8,BESTEFFORT,MISSED,m1-1,17.968,"{'m1-1': 1.03, 'm2-1': 23.4, 'm3-1': 112.94, 'm4-1': 26.19, 'm5-1': 10.32, 'm6-1': 4.99, 'm7-1': 25.94, 'm8-1': 4.83}",0.1109999999999971,127.894,inf,127.968,127.968,127.968
170,T5,BESTEFFORT,MISSED,m1-1,18.089,"{'m1-1': 0.99, 'm2-1': 26.89, 'm3-1': 108.85, 'm4-1': 24.05, 'm5-1': 10.17, 'm6-1': 5.34, 'm7-1': 26.86, 'm8-1': 5.61}",0.18149999999999267,127.968,inf,128.089,128.089,128.089
171,T7,BESTEFFORT,MISSED,m1-1,18.103,"{'m1-1': 0.96, 'm2-1': 26.07, 'm3-1': 101.23, 'm4-1': 28.68, 'm5-1': 11.1, 'm6-1': 5.45, 'm7-1': 24.06, 'm8-1': 5.48}",0.021000000000015007,128.089,inf,128.103,128.103,128.103
172,T2,BESTEFFORT,MISSED,m1-1,18.148,"{'m1-1': 1.02, 'm2-1': 24.19, 'm3-1': 105.94, 'm4-1': 27.75, 'm5-1': 9.63, 'm6-1': 5.59, 'm7-1': 24.94, 'm8-1': 5.42}",0.06749999999998124,128.103,inf,128.148,128.148,128.148
173,T5,BESTEFFORT,MISSED,m1-1,18.164,"{'m1-1': 1.07, 'm2-1': 25.12, 'm3-1': 103.14, 'm4-1': 25.18, 'm5-1': 10.78, 'm6-1': 5.27, 'm7-1': 26.85, 'm8-1': 5.62}",0.0239999999999867,128.148,inf,128.164,128.164,128.164
174,T2,BESTEFFORT,MISSED,m1-1,18.29,"{'m1-1': 1.13, 'm2-1': 28.02, 'm3-1': 99.2, 'm4-1': 27.4, 'm5-1': 10.35, 'm6-1': 5.24, 'm7-1': 26.85, 'm8-1': 5.82}",0.18900000000000716,128.164,inf,128.29,128.29,128.29
175,T10,BESTEFFORT,MISSED,m1-1,18.655,"{'m1-1': 1.01, 'm2-1': 29.29, 'm3-1': 99.34, 'm4-1': 24.17, 'm5-1': 11.35, 'm6-1': 5.25, 'm7-1': 23.97, 'm8-1': 5.45}",0.5475000000000136,128.29,inf,128.655,128.655,128.655
176,T1,BESTEFFORT,MISSED,m1-1,18.689,"{'m1-1': 1.03, 'm2-1': 24.22, 'm3-1': 118.42, 'm4-1': 25.63, 'm5-1': 9.65, 'm6-1': 5.29, 'm7-1': 26.08, 'm8-1': 5.04}",0.05099999999998772,128.655,inf,128.689,128.689,128.689
177,T10,BESTEFFORT,MISSED,m1-1,18.709,"{'m1-1': 1.11, 'm2-1': 28.93, 'm3-1': 97.3, 'm4-1': 25.63, 'm5-1': 10.46, 'm6-1': 5.46, 'm7-1': 25.81, 'm8-1': 4.75}",0.030000000000015348,128.689,inf,128.709,128.709,128.709
178,T9,BESTEFFORT,MISSED,m1-1,18.747,"{'m1-1': 1.04, 'm2-1': 27.02, 'm3-1': 102.3, 'm4-1': 27.56, 'm5-1': 10.73, 'm6-1': 5.72, 'm7-1': 29.4, 'm8-1': 5.17}",0.05700000000001637,128.709,inf,128.747,128.747,128.747
179,T10,BESTEFFORT,MISSED,m1-1,18.836,"{'m1-1': 1.09, 'm2-1': 26.54, 'm3-1': 110.9, 'm4-1': 28.08, 'm5-1': 11.14, 'm6-1': 5.47, 'm7-1': 25.96, 'm8-1': 5.44}",0.13349999999999795,128.747,inf,128.836,128.836,128.836
180,T10,BESTEFFORT,MISSED,m1-1,18.991,"{'m1-1': 1.14, 'm2-1': 27.26, 'm3-1': 98.5, 'm4-1': 26.98, 'm5-1': 11.12, 'm6-1': 5.31, 'm7-1': 23.59, 'm8-1': 5.54}",0.23249999999995907,128.836,inf,128.99099999999999,128.99099999999999,128.99099999999999
181,T2,BESTEFFORT,MISSED,m1-1,19.035,"{'m1-1': 0.97, 'm2-1': 25.62, 'm3-1': 104.31, 'm4-1': 24.94, 'm5-1': 9.6, 'm6-1': 5.34, 'm7-1': 25.87, 'm8-1': 4.97}",0.06600000000001671,128.99099999999999,inf,129.035,129.035,129.035
182,T3,BESTEFFORT,MISSED,m1-1,19.168,"{'m1-1': 0.95, 'm2-1': 26.06, 'm3-1': 104.34, 'm4-1': 28.14, 'm5-1': 9.41, 'm6-1': 5.09, 'm7-1': 27.06, 'm8-1': 5.0}",0.19950000000001467,129.035,inf,129.168,129.168,129.168
183,T1,BESTEFFORT,MISSED,m1-1,19.195,"{'m1-1': 1.16, 'm2-1': 23.84, 'm3-1': 107.47, 'm4-1': 25.14, 'm5-1': 10.72, 'm6-1': 5.6, 'm7-1': 26.74, 'm8-1': 4.81}",0.04049999999998022,129.168,inf,129.195,129.195,129.195
184,T10,BESTEFFORT,MISSED,m1-1,19.283,"{'m1-1': 1.02, 'm2-1': 28.02, 'm3-1': 113.68, 'm4-1': 24.8, 'm5-1': 10.35, 'm6-1': 5.49, 'm7-1': 25.11, 'm8-1': 5.42}",0.13200000000003342,129.195,inf,129.28300000000002,129.28300000000002,129.28300000000002
185,T10,BESTEFFORT,MISSED,m1-1,19.34,"{'m1-1': 1.12, 'm2-1': 25.71, 'm3-1': 98.95, 'm4-1': 28.04, 'm5-1': 10.12, 'm6-1': 5.78, 'm7-1': 24.74, 'm8-1': 5.38}",0.08549999999998192,129.28300000000002,inf,129.34,129.34,129.34
186,T8,BESTEFFORT,MISSED,m1-1,19.377,"{'m1-1': 1.05, 'm2-1': 22.98, 'm3-1': 102.8, 'm4-1': 27.14, 'm5-1': 11.52, 'm6-1': 5.14, 'm7-1': 24.54, 'm8-1': 5.34}",0.05550000000000921,129.34,inf,129.377,129.377,129.377
187,T6,BESTEFFORT,MISSED,m1-1,19.448,"{'m1-1': 1.06, 'm2-1': 28.98, 'm3-1': 103.76, 'm4-1': 27.64, 'm5-1': 11.54, 'm6-1': 5.16, 'm7-1': 28.95, 'm8-1': 5.56}",0.10649999999999693,129.377,inf,129.448,129.448,129.448
188,T4,BESTEFFORT,MISSED,m1-1,19.45,"{'m1-1': 1.08, 'm2-1': 27.07, 'm3-1': 99.51, 'm4-1': 25.1, 'm5-1': 10.61, 'm6-1': 5.81, 'm7-1': 27.82, 'm8-1': 5.17}",0.002999999999971692,129.448,inf,129.45,129.45,129.45
189,T3,BESTEFFORT,MISSED,m1-1,19.703,"{'m1-1': 0.97, 'm2-1': 26.52, 'm3-1': 116.02, 'm4-1': 24.39, 'm5-1': 10.81, 'm6-1': 4.84, 'm7-1': 24.79, 'm8-1': 5.51}",0.3795000000000215,129.45,inf,129.703,129.703,129.703
190,T2,BESTEFFORT,MISSED,m1-1,19.848,"{'m1-1': 1.0, 'm2-1': 25.53, 'm3-1': 98.47, 'm4-1': 24.54, 'm5-1': 10.5, 'm6-1': 5.87, 'm7-1': 26.01, 'm8-1': 5.42}",0.21750000000001535,129.703,inf,129.848,129.848,129.848
191,T8,BESTEFFORT,MISSED,m1-1,19.977,"{'m1-1': 1.07, 'm2-1': 25.15, 'm3-1': 101.58, 'm4-1': 23.72, 'm5-1': 10.23, 'm6-1': 5.0, 'm7-1': 26.28, 'm8-1': 4.62}",0.19349999999998602,129.848,inf,129.977,129.977,129.977
192,T1,BESTEFFORT,MISSED,m1-1,19.983,"{'m1-1': 1.1, 'm2-1': 26.52, 'm3-1': 106.62, 'm4-1': 24.55, 'm5-1': 9.88, 'm6-1': 5.6, 'm7-1': 25.95, 'm8-1': 5.38}",0.009000000000000341,129.977,inf,129.983,129.983,129.983
193,T6,BESTEFFORT,MISSED,m1-1,19.99,"{'m1-1': 0.99, 'm2-1': 28.13, 'm3-1': 100.58, 'm4-1': 24.06, 'm5-1': 11.14, 'm6-1': 4.86, 'm7-1': 27.24, 'm8-1': 5.82}",0.010500000000007503,129.983,inf,129.99,129.99,129.99
194,T1,BESTEFFORT,MISSED,m1-1,20.143,"{'m1-1': 1.01, 'm2-1': 25.47, 'm3-1': 114.77, 'm4-1': 25.72, 'm5-1': 10.33, 'm6-1': 5.04, 'm7-1': 26.94, 'm8-1': 5.2}",0.22949999999998738,129.99,inf,130.143,130.143,130.143
195,T8,BESTEFFORT,MISSED,m1-1,20.38,"{'m1-1': 1.04, 'm2-1': 23.92, 'm3-1': 115.11, 'm4-1': 27.41, 'm5-1': 11.49, 'm6-1': 5.12, 'm7-1': 23.42, 'm8-1': 4.67}",0.35549999999999216,130.143,inf,130.38,130.38,130.38
196,T6,BESTEFFORT,MISSED,m1-1,20.772,"{'m1-1': 1.05, 'm2-1': 26.39, 'm3-1': 102.16, 'm4-1': 23.88, 'm5-1': 11.69, 'm6-1': 5.56, 'm7-1': 28.31, 'm8-1': 5.08}",0.5879999999999939,130.38,inf,130.772,130.772,130.772
197,T4,BESTEFFORT,MISSED,m1-1,20.992,"{'m1-1': 1.12, 'm2-1': 23.43, 'm3-1': 101.85, 'm4-1': 23.74, 'm5-1': 10.86, 'm6-1': 5.18, 'm7-1': 26.27, 'm8-1': 5.1}",0.3299999999999983,130.772,inf,130.992,130.992,130.992
198,T6,BESTEFFORT,MISSED,m1-1,21.211,"{'m1-1': 1.05, 'm2-1': 27.89, 'm3-1': 106.35, 'm4-1': 27.75, 'm5-1': 10.52, 'm6-1': 5.09, 'm7-1': 25.27, 'm8-1': 5.28}",0.32850000000003376,130.992,inf,131.211,131.211,131.211
199,T1,BESTEFFORT,MISSED,m1-1,21.23,"{'m1-1': 0.99, 'm2-1': 27.74, 'm3-1': 102.62, 'm4-1': 24.77, 'm5-1': 10.55, 'm6-1': 5.12, 'm7-1': 25.51, 'm8-1': 5.53}",0.028499999999965553,131.211,inf,131.23,131.23,131.23
200,T9,BESTEFFORT,MISSED,m1-1,21.413,"{'m1-1': 0.96, 'm2-1': 28.19, 'm3-1': 102.18, 'm4-1': 27.09, 'm5-1': 10.1, 'm6-1': 5.6, 'm7-1': 26.73, 'm8-1': 4.96}",0.2745000000000317,131.23,inf,131.413,131.413,131.413
201,T5,BESTEFFORT,MISSED,m1-1,21.499,"{'m1-1': 1.0, 'm2-1': 27.04, 'm3-1': 104.83, 'm4-1': 28.19, 'm5-1': 10.64, 'm6-1': 4.94, 'm7-1': 25.33, 'm8-1': 5.46}",0.12899999999997647,131.413,inf,131.499,131.499,131.499
202,T4,BESTEFFORT,MISSED,m1-1,21.511,"{'m1-1': 1.03, 'm2-1': 26.96, 'm3-1': 111.83, 'm4-1': 24.77, 'm5-1': 10.08, 'm6-1': 5.92, 'm7-1': 29.48, 'm8-1': 5.14}",0.018000000000000682,131.499,inf,131.511,131.511,131.511
203,T2,BESTEFFORT,MISSED,m1-1,21.521,"{'m1-1': 1.0, 'm2-1': 25.1, 'm3-1': 111.47, 'm4-1': 27.16, 'm5-1': 9.57, 'm6-1': 5.72, 'm7-1': 23.96, 'm8-1': 5.36}",0.01500000000002899,131.511,inf,131.52100000000002,131.52100000000002,131.52100000000002
204,T4,BESTEFFORT,MISSED,m1-1,21.537,"{'m1-1': 1.15, 'm2-1': 24.8, 'm3-1': 105.14, 'm4-1': 25.97, 'm5-1': 9.99, 'm6-1': 5.12, 'm7-1': 29.49, 'm8-1': 4.85}",0.0239999999999867,131.52100000000002,inf,131.537,131.537,131.537
205,T10,BESTEFFORT,MISSED,m1-1,21.826,"{'m1-1': 1.03, 'm2-1': 26.76, 'm3-1': 104.12, 'm4-1': 27.58, 'm5-1': 10.46, 'm6-1': 5.24, 'm7-1': 24.52, 'm8-1': 4.7}",0.4334999999999809,131.537,inf,131.826,131.826,131.826
206,T3,BESTEFFORT,MISSED,m1-1,22.003,"{'m1-1': 1.06, 'm2-1': 25.83, 'm3-1': 113.19, 'm4-1': 24.7, 'm5-1': 9.43, 'm6-1': 4.79, 'm7-1': 27.64, 'm8-1': 5.58}",0.26549999999998875,131.826,inf,132.003,132.003,132.003
207,T7,BESTEFFORT,MISSED,m1-1,22.298,"{'m1-1': 0.97, 'm2-1': 24.43, 'm3-1': 98.39, 'm4-1': 25.65, 'm5-1': 10.86, 'm6-1': 5.21, 'm7-1': 27.72, 'm8-1': 5.15}",0.4425000000000239,132.003,inf,132.298,132.298,132.298
208,T9,BESTEFFORT,MISSED,m1-1,22.334,"{'m1-1': 0.94, 'm2-1': 28.71, 'm3-1': 93.05, 'm4-1': 23.58, 'm5-1': 9.96, 'm6-1': 5.36, 'm7-1': 27.51, 'm8-1': 5.21}",0.054000000000002046,132.298,inf,132.334,132.334,132.334
209,T5,BESTEFFORT,MISSED,m1-1,22.381,"{'m1-1': 1.04, 'm2-1': 28.89, 'm3-1': 111.3, 'm4-1': 28.18, 'm5-1': 9.65, 'm6-1': 5.38, 'm7-1': 25.44, 'm8-1': 5.71}",0.07049999999999557,132.334,inf,132.381,132.381,132.381
210,T7,BESTEFFORT,MISSED,m1-1,22.527,"{'m1-1': 0.93, 'm2-1': 26.96, 'm3-1': 107.86, 'm4-1': 26.93, 'm5-1': 10.92, 'm6-1': 5.59, 'm7-1': 24.91, 'm8-1': 5.7}",0.21899999999997988,132.381,inf,132.527,132.527,132.527
211,T3,BESTEFFORT,MISSED,m1-1,22.625,"{'m1-1': 0.97, 'm2-1': 27.39, 'm3-1': 113.68, 'm4-1': 27.64, 'm5-1': 10.39, 'm6-1': 5.23, 'm7-1': 27.39, 'm8-1': 5.29}",0.14700000000001978,132.527,inf,132.625,132.625,132.625
212,T8,BESTEFFORT,MISSED,m1-1,22.732,"{'m1-1': 0.96, 'm2-1': 24.54, 'm3-1': 107.68, 'm4-1': 24.15, 'm5-1': 11.04, 'm6-1': 5.34, 'm7-1': 26.53, 'm8-1': 5.25}",0.16049999999999898,132.625,inf,132.732,132.732,132.732
213,T5,BESTEFFORT,MISSED,m1-1,22.756,"{'m1-1': 1.01, 'm2-1': 25.31, 'm3-1': 94.33, 'm4-1': 25.56, 'm5-1': 9.43, 'm6-1': 5.52, 'm7-1': 26.81, 'm8-1': 5.62}",0.036000000000001364,132.732,inf,132.756,132.756,132.756
214,T3,BESTEFFORT,MISSED,m1-1,22.766,"{'m1-1': 1.03, 'm2-1': 26.95, 'm3-1': 101.63, 'm4-1': 28.29, 'm5-1': 9.68, 'm6-1': 5.01, 'm7-1': 27.8, 'm8-1': 5.6}",0.014999999999986358,132.756,inf,132.766,132.766,132.766
215,T6,BESTEFFORT,MISSED,m1-1,22.965,"{'m1-1': 1.05, 'm2-1': 25.42, 'm3-1': 108.92, 'm4-1': 26.51, 'm5-1': 11.47, 'm6-1': 5.56, 'm7-1': 25.66, 'm8-1': 5.1}",0.2985000000000184,132.766,inf,132.965,132.965,132.965
216,T9,BESTEFFORT,MISSED,m1-1,23.125,"{'m1-1': 0.98, 'm2-1': 26.62, 'm3-1': 102.96, 'm4-1': 24.0, 'm5-1': 10.87, 'm6-1': 5.04, 'm7-1': 27.11, 'm8-1': 4.82}",0.23999999999999488,132.965,inf,133.125,133.125,133.125
217,T8,BESTEFFORT,MISSED,m1-1,23.254,"{'m1-1': 0.96, 'm2-1': 25.18, 'm3-1': 105.35, 'm4-1': 24.92, 'm5-1': 11.21, 'm6-1': 5.48, 'm7-1': 25.36, 'm8-1': 5.26}",0.19349999999998602,133.125,inf,133.254,133.254,133.254
218,T7,BESTEFFORT,MISSED,m1-1,23.323,"{'m1-1': 0.97, 'm2-1': 23.97, 'm3-1': 103.3, 'm4-1': 26.72, 'm5-1': 10.38, 'm6-1': 4.91, 'm7-1': 24.2, 'm8-1': 5.06}",0.10350000000002524,133.254,inf,133.323,133.323,133.323
219,T4,BESTEFFORT,MISSED,m1-1,23.372,"{'m1-1': 1.15, 'm2-1': 23.47, 'm3-1': 110.9, 'm4-1': 23.82, 'm5-1': 9.6, 'm6-1': 5.41, 'm7-1': 27.22, 'm8-1': 4.92}",0.07350000000000989,133.323,inf,133.372,133.372,133.372
220,T3,BESTEFFORT,MISSED,m1-1,23.71,"{'m1-1': 1.08, 'm2-1': 25.11, 'm3-1': 103.38, 'm4-1': 26.68, 'm5-1': 10.76, 'm6-1': 5.34, 'm7-1': 25.04, 'm8-1': 5.16}",0.5069999999999908,133.372,inf,133.71,133.71,133.71
221,T2,BESTEFFORT,MISSED,m1-1,23.723,"{'m1-1': 1.08, 'm2-1': 23.87, 'm3-1': 95.93, 'm4-1': 26.16, 'm5-1': 9.7, 'm6-1': 5.7, 'm7-1': 25.32, 'm8-1': 5.8}",0.019500000000007844,133.71,inf,133.723,133.723,133.723
222,T6,BESTEFFORT,MISSED,m1-1,23.87,"{'m1-1': 1.08, 'm2-1': 27.46, 'm3-1': 116.63, 'm4-1': 27.33, 'm5-1': 11.37, 'm6-1': 4.99, 'm7-1': 27.29, 'm8-1': 5.79}",0.22049999999998704,133.723,inf,133.87,133.87,133.87
223,T3,BESTEFFORT,MISSED,m1-1,24.105,"{'m1-1': 0.98, 'm2-1': 26.47, 'm3-1': 104.57, 'm4-1': 26.15, 'm5-1': 9.65, 'm6-1': 5.3, 'm7-1': 23.84, 'm8-1': 5.0}",0.35249999999997783,133.87,inf,134.105,134.105,134.105
224,T1,BESTEFFORT,MISSED,m1-1,24.165,"{'m1-1': 1.15, 'm2-1': 23.9, 'm3-1': 107.68, 'm4-1': 26.08, 'm5-1': 10.2, 'm6-1': 5.62, 'm7-1': 24.84, 'm8-1': 4.74}",0.09000000000000341,134.105,inf,134.165,134.165,134.165
225,T4,BESTEFFORT,MISSED,m1-1,24.216,"{'m1-1': 1.17, 'm2-1': 25.6, 'm3-1': 102.17, 'm4-1': 25.56, 'm5-1': 10.69, 'm6-1': 5.19, 'm7-1': 29.3, 'm8-1': 5.03}",0.07650000000002422,134.165,inf,134.216,134.216,134.216
226,T3,BESTEFFORT,MISSED,m1-1,24.407,"{'m1-1': 1.09, 'm2-1': 23.81, 'm3-1': 101.02, 'm4-1': 27.57, 'm5-1': 10.69, 'm6-1': 4.76, 'm7-1': 26.08, 'm8-1': 5.14}",0.28650000000000375,134.216,inf,134.407,134.407,134.407
227,T6,BESTEFFORT,MISSED,m1-1,24.943,"{'m1-1': 1.05, 'm2-1': 27.51, 'm3-1': 102.53, 'm4-1': 24.04, 'm5-1': 11.54, 'm6-1': 5.38, 'm7-1': 29.02, 'm8-1': 5.69}",0.804000000000002,134.407,inf,134.943,134.943,134.943
228,T1,BESTEFFORT,MISSED,m1-1,25.103,"{'m1-1': 1.06, 'm2-1': 27.1, 'm3-1': 102.67, 'm4-1': 28.47, 'm5-1': 9.26, 'm6-1': 5.72, 'm7-1': 24.22, 'm8-1': 5.18}",0.23999999999999488,134.943,inf,135.103,135.103,135.103
229,T4,BESTEFFORT,MISSED,m1-1,25.217,"{'m1-1': 1.0, 'm2-1': 24.54, 'm3-1': 99.46, 'm4-1': 26.02, 'm5-1': 9.62, 'm6-1': 5.01, 'm7-1': 28.9, 'm8-1': 5.56}",0.17099999999996385,135.103,inf,135.21699999999998,135.21699999999998,135.21699999999998
230,T7,BESTEFFORT,MISSED,m1-1,25.35,"{'m1-1': 1.08, 'm2-1': 24.5, 'm3-1': 115.12, 'm4-1': 27.63, 'm5-1': 10.73, 'm6-1': 5.08, 'm7-1': 27.47, 'm8-1': 4.9}",0.19950000000001467,135.21699999999998,inf,135.35,135.35,135.35
231,T3,BESTEFFORT,MISSED,m1-1,25.382,"{'m1-1': 1.07, 'm2-1': 25.25, 'm3-1': 105.71, 'm4-1': 27.46, 'm5-1': 10.72, 'm6-1': 5.17, 'm7-1': 24.88, 'm8-1': 5.75}",0.04800000000001603,135.35,inf,135.382,135.382,135.382
232,T5,BESTEFFORT,MISSED,m1-1,25.402,"{'m1-1': 0.93, 'm2-1': 27.64, 'm3-1': 108.97, 'm4-1': 27.35, 'm5-1': 9.95, 'm6-1': 4.94, 'm7-1': 25.72, 'm8-1': 5.5}",0.029999999999972715,135.382,inf,135.402,135.402,135.402
233,T3,BESTEFFORT,MISSED,m1-1,25.561,"{'m1-1': 1.05, 'm2-1': 24.32, 'm3-1': 108.48, 'm4-1': 25.2, 'm5-1': 9.66, 'm6-1': 4.79, 'm7-1': 25.06, 'm8-1': 5.85}",0.23850000000003035,135.402,inf,135.561,135.561,135.561
234,T10,BESTEFFORT,MISSED,m1-1,25.584,"{'m1-1': 1.12, 'm2-1': 29.43, 'm3-1': 98.29, 'm4-1': 24.54, 'm5-1': 10.68, 'm6-1': 5.85, 'm7-1': 26.07, 'm8-1': 4.76}",0.0344999999999942,135.561,inf,135.584,135.584,135.584
235,T7,BESTEFFORT,MISSED,m1-1,25.654,"{'m1-1': 1.0, 'm2-1': 24.03, 'm3-1': 101.91, 'm4-1': 27.74, 'm5-1': 11.12, 'm6-1': 5.58, 'm7-1': 25.75, 'm8-1': 5.72}",0.10499999999998977,135.584,inf,135.654,135.654,135.654
236,T9,BESTEFFORT,MISSED,m1-1,25.681,"{'m1-1': 0.98, 'm2-1': 28.81, 'm3-1': 101.5, 'm4-1': 26.84, 'm5-1': 10.76, 'm6-1': 5.74, 'm7-1': 29.25, 'm8-1': 4.74}",0.04050000000002285,135.654,inf,135.681,135.681,135.681
237,T9,BESTEFFORT,MISSED,m1-1,25.848,"{'m1-1': 1.04, 'm2-1': 26.65, 'm3-1': 98.19, 'm4-1': 24.66, 'm5-1': 9.3, 'm6-1': 5.16, 'm7-1': 28.13, 'm8-1': 5.2}",0.0,135.848,inf,135.848,135.848,135.848
238,T2,BESTEFFORT,MISSED,m1-1,25.848,"{'m1-1': 1.08, 'm2-1': 25.29, 'm3-1': 101.76, 'm4-1': 25.07, 'm5-1': 9.42, 'm6-1': 5.26, 'm7-1': 25.18, 'm8-1': 5.44}",0.2505000000000024,135.681,inf,135.848,135.848,135.848
239,T2,BESTEFFORT,MISSED,m1-1,26.004,"{'m1-1': 1.07, 'm2-1': 23.58, 'm3-1': 107.47, 'm4-1': 24.74, 'm5-1': 10.02, 'm6-1': 5.52, 'm7-1': 24.54, 'm8-1': 5.55}",0.23399999999996624,135.848,inf,136.004,136.004,136.004
240,T6,BESTEFFORT,MISSED,m1-1,26.111,"{'m1-1': 1.02, 'm2-1': 29.41, 'm3-1': 101.47, 'm4-1': 23.58, 'm5-1': 10.75, 'm6-1': 5.23, 'm7-1': 27.76, 'm8-1': 5.15}",0.16049999999999898,136.004,inf,136.111,136.111,136.111
241,T5,BESTEFFORT,MISSED,m1-1,26.167,"{'m1-1': 1.06, 'm2-1': 25.92, 'm3-1': 105.01, 'm4-1': 25.56, 'm5-1': 10.87, 'm6-1': 4.9, 'm7-1': 25.48, 'm8-1': 5.73}",0.0840000000000174,136.111,inf,136.167,136.167,136.167
242,T9,BESTEFFORT,MISSED,m1-1,26.259,"{'m1-1': 0.96, 'm2-1': 25.71, 'm3-1': 106.12, 'm4-1': 24.42, 'm5-1': 11.02, 'm6-1': 5.27, 'm7-1': 26.71, 'm8-1': 4.9}",0.13800000000001944,136.167,inf,136.25900000000001,136.25900000000001,136.25900000000001
243,T4,BESTEFFORT,MISSED,m1-1,26.294,"{'m1-1': 1.12, 'm2-1': 24.54, 'm3-1': 104.0, 'm4-1': 24.91, 'm5-1': 10.18, 'm6-1': 5.36, 'm7-1': 27.03, 'm8-1': 4.78}",0.052499999999994884,136.25900000000001,inf,136.294,136.294,136.294
244,T10,BESTEFFORT,MISSED,m1-1,26.458,"{'m1-1': 1.1, 'm2-1': 27.12, 'm3-1': 97.34, 'm4-1': 26.7, 'm5-1': 10.34, 'm6-1': 5.79, 'm7-1': 26.82, 'm8-1': 5.29}",0.2459999999999809,136.294,inf,136.458,136.458,136.458
245,T7,BESTEFFORT,MISSED,m1-1,26.618,"{'m1-1': 0.99, 'm2-1': 27.52, 'm3-1': 113.07, 'm4-1': 26.91, 'm5-1': 10.52, 'm6-1': 4.95, 'm7-1': 26.11, 'm8-1': 4.86}",0.23999999999999488,136.458,inf,136.618,136.618,136.618
246,T3,BESTEFFORT,MISSED,m1-1,26.76,"{'m1-1': 1.06, 'm2-1': 23.91, 'm3-1': 108.07, 'm4-1': 28.5, 'm5-1': 10.22, 'm6-1': 5.27, 'm7-1': 25.65, 'm8-1': 5.54}",0.21299999999999386,136.618,inf,136.76,136.76,136.76
247,T4,BESTEFFORT,MISSED,m1-1,26.819,"{'m1-1': 1.06, 'm2-1': 27.28, 'm3-1': 101.12, 'm4-1': 24.99, 'm5-1': 10.03, 'm6-1': 5.83, 'm7-1': 27.38, 'm8-1': 4.83}",0.08849999999999625,136.76,inf,136.819,136.819,136.819
248,T5,BESTEFFORT,MISSED,m1-1,27.184,"{'m1-1': 1.01, 'm2-1': 26.96, 'm3-1': 108.36, 'm4-1': 26.55, 'm5-1': 10.61, 'm6-1': 5.08, 'm7-1': 24.3, 'm8-1': 5.5}",0.5475000000000136,136.819,inf,137.184,137.184,137.184
249,T1,BESTEFFORT,MISSED,m1-1,27.536,"{'m1-1': 1.01, 'm2-1': 23.6, 'm3-1': 108.8, 'm4-1': 28.0, 'm5-1': 10.56, 'm6-1': 5.97, 'm7-1': 24.87, 'm8-1': 5.18}",0.5280000000000058,137.184,inf,137.536,137.536,137.536
250,T1,BESTEFFORT,MISSED,m1-1,27.59,"{'m1-1': 1.0, 'm2-1': 23.77, 'm3-1': 105.56, 'm4-1': 25.29, 'm5-1': 10.78, 'm6-1': 5.74, 'm7-1': 23.89, 'm8-1': 5.5}",0.08100000000000307,137.536,inf,137.59,137.59,137.59
251,T9,BESTEFFORT,MISSED,m1-1,27.787,"{'m1-1': 1.09, 'm2-1': 27.34, 'm3-1': 108.3, 'm4-1': 26.59, 'm5-1': 9.74, 'm6-1': 5.67, 'm7-1': 26.06, 'm8-1': 4.74}",0.2955000000000041,137.59,inf,137.787,137.787,137.787
252,T10,BESTEFFORT,MISSED,m1-1,27.835,"{'m1-1': 1.06, 'm2-1': 26.0, 'm3-1': 109.16, 'm4-1': 27.9, 'm5-1': 11.06, 'm6-1': 5.91, 'm7-1': 26.55, 'm8-1': 5.12}",0.07200000000000273,137.787,inf,137.835,137.835,137.835
253,T8,BESTEFFORT,MISSED,m1-1,27.903,"{'m1-1': 0.97, 'm2-1': 25.95, 'm3-1': 106.56, 'm4-1': 25.18, 'm5-1': 11.79, 'm6-1': 5.34, 'm7-1': 27.26, 'm8-1': 4.64}",0.10199999999997544,137.835,inf,137.903,137.903,137.903
254,T4,BESTEFFORT,MISSED,m1-1,28.341,"{'m1-1': 1.1, 'm2-1': 27.43, 'm3-1': 97.54, 'm4-1': 25.74, 'm5-1': 9.53, 'm6-1': 5.53, 'm7-1': 28.96, 'm8-1': 5.2}",0.6570000000000249,137.903,inf,138.341,138.341,138.341
255,T2,BESTEFFORT,MISSED,m1-1,28.612,"{'m1-1': 1.08, 'm2-1': 24.92, 'm3-1': 103.19, 'm4-1': 24.68, 'm5-1': 9.66, 'm6-1': 5.8, 'm7-1': 26.8, 'm8-1': 5.38}",0.4064999999999799,138.341,inf,138.612,138.612,138.612
256,T3,BESTEFFORT,MISSED,m1-1,28.636,"{'m1-1': 1.01, 'm2-1': 25.5, 'm3-1': 113.48, 'm4-1': 26.61, 'm5-1': 9.66, 'm6-1': 4.59, 'm7-1': 26.43, 'm8-1': 5.76}",0.036000000000001364,138.612,inf,138.636,138.636,138.636
257,T4,BESTEFFORT,MISSED,m1-1,28.663,"{'m1-1': 1.17, 'm2-1': 27.01, 'm3-1': 103.49, 'm4-1': 24.84, 'm5-1': 9.53, 'm6-1': 5.73, 'm7-1': 28.09, 'm8-1': 4.99}",0.04050000000002285,138.636,inf,138.663,138.663,138.663
258,T6,BESTEFFORT,MISSED,m1-1,28.696,"{'m1-1': 0.94, 'm2-1': 27.35, 'm3-1': 113.18, 'm4-1': 23.98, 'm5-1': 10.37, 'm6-1': 5.52, 'm7-1': 26.14, 'm8-1': 5.6}",0.04949999999998056,138.663,inf,138.696,138.696,138.696
259,T6,BESTEFFORT,MISSED,m1-1,28.722,"{'m1-1': 0.98, 'm2-1': 28.7, 'm3-1': 105.57, 'm4-1': 26.22, 'm5-1': 10.3, 'm6-1': 4.91, 'm7-1': 28.88, 'm8-1': 5.53}",0.03900000000001569,138.696,inf,138.722,138.722,138.722
260,T9,BESTEFFORT,MISSED,m1-1,28.746,"{'m1-1': 1.01, 'm2-1': 28.46, 'm3-1': 96.89, 'm4-1': 25.1, 'm5-1': 10.91, 'm6-1': 5.49, 'm7-1': 26.43, 'm8-1': 5.22}",0.036000000000001364,138.722,inf,138.746,138.746,138.746
261,T2,BESTEFFORT,MISSED,m1-1,28.929,"{'m1-1': 1.13, 'm2-1': 27.42, 'm3-1': 110.36, 'm4-1': 26.3, 'm5-1': 9.93, 'm6-1': 5.06, 'm7-1': 25.41, 'm8-1': 4.91}",0.2744999999999891,138.746,inf,138.929,138.929,138.929
262,T9,BESTEFFORT,MISSED,m1-1,28.95,"{'m1-1': 1.04, 'm2-1': 26.66, 'm3-1': 93.55, 'm4-1': 26.97, 'm5-1': 11.04, 'm6-1': 5.19, 'm7-1': 27.11, 'm8-1': 5.27}",0.03149999999997988,138.929,inf,138.95,138.95,138.95
263,T3,BESTEFFORT,MISSED,m1-1,29.075,"{'m1-1': 1.08, 'm2-1': 24.36, 'm3-1': 103.78, 'm4-1': 27.76, 'm5-1': 9.84, 'm6-1': 5.41, 'm7-1': 25.78, 'm8-1': 5.59}",0.1875,138.95,inf,139.075,139.075,139.075
264,T5,BESTEFFORT,MISSED,m1-1,29.109,"{'m1-1': 1.01, 'm2-1': 29.14, 'm3-1': 103.64, 'm4-1': 24.25, 'm5-1': 9.67, 'm6-1': 4.94, 'm7-1': 24.22, 'm8-1': 5.88}",0.051000000000030354,139.075,inf,139.109,139.109,139.109
265,T10,BESTEFFORT,MISSED,m1-1,29.242,"{'m1-1': 1.08, 'm2-1': 28.07, 'm3-1': 104.28, 'm4-1': 23.84, 'm5-1': 11.18, 'm6-1': 5.87, 'm7-1': 26.96, 'm8-1': 5.11}",0.19949999999997203,139.109,inf,139.242,139.242,139.242
266,T2,BESTEFFORT,MISSED,m1-1,29.394,"{'m1-1': 0.96, 'm2-1': 27.21, 'm3-1': 113.07, 'm4-1': 27.74, 'm5-1': 9.25, 'm6-1': 5.77, 'm7-1': 25.59, 'm8-1': 5.36}",0.22800000000002285,139.242,inf,139.394,139.394,139.394
267,T3,BESTEFFORT,MISSED,m1-1,29.471,"{'m1-1': 1.11, 'm2-1': 25.1, 'm3-1': 103.83, 'm4-1': 27.66, 'm5-1': 9.83, 'm6-1': 5.06, 'm7-1': 27.93, 'm8-1': 5.42}",0.11549999999999727,139.394,inf,139.471,139.471,139.471
268,T5,BESTEFFORT,MISSED,m1-1,29.585,"{'m1-1': 1.0, 'm2-1': 25.29, 'm3-1': 110.06, 'm4-1': 27.89, 'm5-1': 10.36, 'm6-1': 5.42, 'm7-1': 24.02, 'm8-1': 5.52}",0.17100000000000648,139.471,inf,139.585,139.585,139.585
269,T3,BESTEFFORT,MISSED,m1-1,29.657,"{'m1-1': 1.04, 'm2-1': 27.49, 'm3-1': 105.73, 'm4-1': 27.35, 'm5-1': 9.2, 'm6-1': 5.39, 'm7-1': 27.41, 'm8-1': 5.85}",0.10800000000000409,139.585,inf,139.657,139.657,139.657
270,T7,BESTEFFORT,MISSED,m1-1,29.804,"{'m1-1': 1.02, 'm2-1': 25.46, 'm3-1': 112.79, 'm4-1': 27.49, 'm5-1': 10.87, 'm6-1': 5.28, 'm7-1': 23.98, 'm8-1': 5.29}",0.22049999999998704,139.657,inf,139.804,139.804,139.804
271,T6,BESTEFFORT,MISSED,m1-1,30.043,"{'m1-1': 0.98, 'm2-1': 27.81, 'm3-1': 107.08, 'm4-1': 24.61, 'm5-1': 11.74, 'm6-1': 4.72, 'm7-1': 26.24, 'm8-1': 5.77}",0.3585000000000065,139.804,inf,140.043,140.043,140.043
272,T8,BESTEFFORT,MISSED,m1-1,30.249,"{'m1-1': 1.02, 'm2-1': 23.81, 'm3-1': 119.09, 'm4-1': 23.35, 'm5-1': 10.25, 'm6-1': 4.94, 'm7-1': 27.02, 'm8-1': 5.06}",0.3089999999999833,140.043,inf,140.249,140.249,140.249
273,T4,BESTEFFORT,MISSED,m1-1,30.286,"{'m1-1': 1.1, 'm2-1': 26.95, 'm3-1': 108.39, 'm4-1': 25.7, 'm5-1': 9.89, 'm6-1': 5.63, 'm7-1': 26.44, 'm8-1': 5.02}",0.05550000000000921,140.249,inf,140.286,140.286,140.286
274,T5,BESTEFFORT,MISSED,m1-1,30.415,"{'m1-1': 0.97, 'm2-1': 25.35, 'm3-1': 106.0, 'm4-1': 24.85, 'm5-1': 10.97, 'm6-1': 5.13, 'm7-1': 24.39, 'm8-1': 5.91}",0.19349999999998602,140.286,inf,140.415,140.415,140.415
275,T9,BESTEFFORT,MISSED,m1-1,30.417,"{'m1-1': 1.02, 'm2-1': 25.81, 'm3-1': 99.82, 'm4-1': 27.02, 'm5-1': 9.85, 'm6-1': 5.73, 'm7-1': 28.07, 'm8-1': 5.13}",0.0030000000000143245,140.415,inf,140.417,140.417,140.417
276,T1,BESTEFFORT,MISSED,m1-1,30.434,"{'m1-1': 1.0, 'm2-1': 25.37, 'm3-1': 106.02, 'm4-1': 28.0, 'm5-1': 10.37, 'm6-1': 5.49, 'm7-1': 27.59, 'm8-1': 5.34}",0.02549999999999386,140.417,inf,140.434,140.434,140.434
277,T8,BESTEFFORT,MISSED,m1-1,30.474,"{'m1-1': 1.07, 'm2-1': 25.73, 'm3-1': 117.14, 'm4-1': 23.48, 'm5-1': 10.56, 'm6-1': 5.52, 'm7-1': 27.58, 'm8-1': 5.27}",0.05999999999998806,140.434,inf,140.474,140.474,140.474
278,T1,BESTEFFORT,MISSED,m1-1,30.528,"{'m1-1': 1.14, 'm2-1': 26.87, 'm3-1': 102.47, 'm4-1': 27.87, 'm5-1': 10.3, 'm6-1': 5.58, 'm7-1': 25.32, 'm8-1': 5.18}",0.08100000000000307,140.474,inf,140.528,140.528,140.528
279,T6,BESTEFFORT,MISSED,m1-1,30.534,"{'m1-1': 0.98, 'm2-1': 27.96, 'm3-1': 100.56, 'm4-1': 24.63, 'm5-1': 10.4, 'm6-1': 5.26, 'm7-1': 29.82, 'm8-1': 5.15}",0.009000000000000341,140.528,inf,140.534,140.534,140.534
280,T7,BESTEFFORT,MISSED,m1-1,30.632,"{'m1-1': 1.0, 'm2-1': 27.0, 'm3-1': 107.79, 'm4-1': 27.24, 'm5-1': 9.7, 'm6-1': 5.17, 'm7-1': 24.08, 'm8-1': 4.94}",0.14700000000001978,140.534,inf,140.632,140.632,140.632
281,T6,BESTEFFORT,MISSED,m1-1,30.724,"{'m1-1': 0.96, 'm2-1': 27.77, 'm3-1': 114.59, 'm4-1': 26.81, 'm5-1': 10.8, 'm6-1': 5.36, 'm7-1': 29.75, 'm8-1': 5.24}",0.1379999999999768,140.632,inf,140.724,140.724,140.724
282,T2,BESTEFFORT,MISSED,m1-1,30.736,"{'m1-1': 1.11, 'm2-1': 27.19, 'm3-1': 103.49, 'm4-1': 27.68, 'm5-1': 9.99, 'm6-1': 5.04, 'm7-1': 24.46, 'm8-1': 5.13}",0.018000000000000682,140.724,inf,140.736,140.736,140.736
283,T7,BESTEFFORT,MISSED,m1-1,30.858,"{'m1-1': 1.08, 'm2-1': 25.98, 'm3-1': 108.06, 'm4-1': 27.49, 'm5-1': 9.7, 'm6-1': 5.26, 'm7-1': 28.1, 'm8-1': 5.15}",0.18300000000002115,140.736,inf,140.858,140.858,140.858
284,T9,BESTEFFORT,MISSED,m1-1,30.887,"{'m1-1': 1.07, 'm2-1': 29.21, 'm3-1': 102.18, 'm4-1': 27.09, 'm5-1': 10.24, 'm6-1': 5.49, 'm7-1': 28.19, 'm8-1': 5.08}",0.04349999999999454,140.858,inf,140.887,140.887,140.887
285,T9,BESTEFFORT,MISSED,m1-1,30.994,"{'m1-1': 0.97, 'm2-1': 24.99, 'm3-1': 107.35, 'm4-1': 27.05, 'm5-1': 10.97, 'm6-1': 4.95, 'm7-1': 26.6, 'm8-1': 5.34}",0.16049999999999898,140.887,inf,140.994,140.994,140.994
286,T5,BESTEFFORT,MISSED,m1-1,31.089,"{'m1-1': 1.1, 'm2-1': 29.06, 'm3-1': 110.27, 'm4-1': 24.04, 'm5-1': 10.52, 'm6-1': 5.32, 'm7-1': 26.36, 'm8-1': 5.82}",0.1424999999999983,140.994,inf,141.089,141.089,141.089
287,T9,BESTEFFORT,MISSED,m1-1,31.095,"{'m1-1': 0.97, 'm2-1': 27.12, 'm3-1': 108.3, 'm4-1': 27.43, 'm5-1': 10.1, 'm6-1': 5.24, 'm7-1': 25.36, 'm8-1': 5.44}",0.009000000000000341,141.089,inf,141.095,141.095,141.095
288,T9,BESTEFFORT,MISSED,m1-1,31.116,"{'m1-1': 0.93, 'm2-1': 28.58, 'm3-1': 91.85, 'm4-1': 25.65, 'm5-1': 10.52, 'm6-1': 5.66, 'm7-1': 28.08, 'm8-1': 4.82}",0.03149999999997988,141.095,inf,141.11599999999999,141.11599999999999,141.11599999999999
289,T3,BESTEFFORT,MISSED,m1-1,31.438,"{'m1-1': 1.0, 'm2-1': 25.94, 'm3-1': 113.58, 'm4-1': 24.88, 'm5-1': 10.62, 'm6-1': 5.28, 'm7-1': 27.52, 'm8-1': 5.57}",0.4830000000000041,141.11599999999999,inf,141.438,141.438,141.438
290,T5,BESTEFFORT,MISSED,m1-1,31.614,"{'m1-1': 1.05, 'm2-1': 24.97, 'm3-1': 102.96, 'm4-1': 28.22, 'm5-1': 9.48, 'm6-1': 5.33, 'm7-1': 24.77, 'm8-1': 5.11}",0.2640000000000242,141.438,inf,141.614,141.614,141.614
291,T8,BESTEFFORT,MISSED,m1-1,31.645,"{'m1-1': 0.92, 'm2-1': 26.85, 'm3-1': 115.81, 'm4-1': 26.74, 'm5-1': 11.14, 'm6-1': 5.3, 'm7-1': 25.61, 'm8-1': 5.02}",0.04650000000000887,141.614,inf,141.645,141.645,141.645
292,T7,BESTEFFORT,MISSED,m1-1,31.646,"{'m1-1': 0.99, 'm2-1': 23.57, 'm3-1': 98.2, 'm4-1': 28.18, 'm5-1': 10.92, 'm6-1': 5.23, 'm7-1': 26.57, 'm8-1': 4.85}",0.0015000000000071623,141.645,inf,141.64600000000002,141.64600000000002,141.64600000000002
293,T5,BESTEFFORT,MISSED,m1-1,31.721,"{'m1-1': 1.06, 'm2-1': 25.08, 'm3-1': 105.36, 'm4-1': 24.7, 'm5-1': 10.05, 'm6-1': 5.57, 'm7-1': 27.49, 'm8-1': 5.56}",0.11249999999998295,141.64600000000002,inf,141.721,141.721,141.721
294,T2,BESTEFFORT,MISSED,m1-1,31.875,"{'m1-1': 1.01, 'm2-1': 26.13, 'm3-1': 107.75, 'm4-1': 27.92, 'm5-1': 10.3, 'm6-1': 5.21, 'm7-1': 27.67, 'm8-1': 5.21}",0.23099999999999454,141.721,inf,141.875,141.875,141.875
295,T7,BESTEFFORT,MISSED,m1-1,31.939,"{'m1-1': 1.09, 'm2-1': 27.4, 'm3-1': 99.26, 'm4-1': 29.6, 'm5-1': 10.18, 'm6-1': 5.34, 'm7-1': 25.85, 'm8-1': 5.65}",0.09599999999998943,141.875,inf,141.939,141.939,141.939
296,T10,BESTEFFORT,MISSED,m1-1,32.017,"{'m1-1': 1.17, 'm2-1': 29.12, 'm3-1': 99.45, 'm4-1': 26.11, 'm5-1': 11.18, 'm6-1': 5.33, 'm7-1': 27.7, 'm8-1': 4.99}",0.11700000000000443,141.939,inf,142.017,142.017,142.017
297,T10,BESTEFFORT,MISSED,m1-1,32.169,"{'m1-1': 1.17, 'm2-1': 27.74, 'm3-1': 109.34, 'm4-1': 26.77, 'm5-1': 10.8, 'm6-1': 5.33, 'm7-1': 25.17, 'm8-1': 5.46}",0.22799999999998022,142.017,inf,142.16899999999998,142.16899999999998,142.16899999999998
298,T10,BESTEFFORT,MISSED,m1-1,32.286,"{'m1-1': 1.11, 'm2-1': 27.26, 'm3-1': 102.79, 'm4-1': 24.72, 'm5-1': 10.01, 'm6-1': 5.34, 'm7-1': 25.94, 'm8-1': 5.05}",0.17550000000002797,142.16899999999998,inf,142.286,142.286,142.286
299,T9,BESTEFFORT,MISSED,m1-1,32.356,"{'m1-1': 0.94, 'm2-1': 29.0, 'm3-1': 102.14, 'm4-1': 24.68, 'm5-1': 9.64, 'm6-1': 4.93, 'm7-1': 27.6, 'm8-1': 4.79}",0.10499999999998977,142.286,inf,142.356,142.356,142.356
300,T3,BESTEFFORT,MISSED,m1-1,32.359,"{'m1-1': 0.96, 'm2-1': 27.3, 'm3-1': 113.63, 'm4-1': 25.68, 'm5-1': 10.36, 'm6-1': 5.07, 'm7-1': 24.48, 'm8-1': 5.81}",0.004500000000021487,142.356,inf,142.359,142.359,142.359
301,T6,BESTEFFORT,MISSED,m1-1,32.582,"{'m1-1': 1.08, 'm2-1': 27.75, 'm3-1': 106.96, 'm4-1': 27.28, 'm5-1': 11.17, 'm6-1': 5.29, 'm7-1': 29.39, 'm8-1': 4.95}",0.33449999999997715,142.359,inf,142.582,142.582,142.582
302,T10,BESTEFFORT,MISSED,m1-1,32.688,"{'m1-1': 1.08, 'm2-1': 27.1, 'm3-1': 114.08, 'm4-1': 26.33, 'm5-1': 10.01, 'm6-1': 5.44, 'm7-1': 26.1, 'm8-1': 4.84}",0.15899999999999181,142.582,inf,142.688,142.688,142.688
303,T9,BESTEFFORT,MISSED,m1-1,32.691,"{'m1-1': 1.1, 'm2-1': 29.1, 'm3-1': 94.37, 'm4-1': 27.51, 'm5-1': 10.11, 'm6-1': 5.01, 'm7-1': 25.7, 'm8-1': 4.96}",0.004500000000021487,142.688,inf,142.691,142.691,142.691
304,T10,BESTEFFORT,MISSED,m1-1,32.696,"{'m1-1': 1.0, 'm2-1': 28.41, 'm3-1': 111.46, 'm4-1': 24.81, 'm5-1': 11.14, 'm6-1': 5.47, 'm7-1': 26.84, 'm8-1': 5.07}",0.007499999999993179,142.691,inf,142.696,142.696,142.696
305,T1,BESTEFFORT,MISSED,m1-1,32.751,"{'m1-1': 1.06, 'm2-1': 27.14, 'm3-1': 113.51, 'm4-1': 26.9, 'm5-1': 10.79, 'm6-1': 5.48, 'm7-1': 24.45, 'm8-1': 5.02}",0.08250000000001023,142.696,inf,142.751,142.751,142.751
306,T6,BESTEFFORT,MISSED,m1-1,32.769,"{'m1-1': 1.04, 'm2-1': 28.43, 'm3-1': 114.15, 'm4-1': 25.14, 'm5-1': 10.32, 'm6-1': 5.6, 'm7-1': 25.16, 'm8-1': 5.63}",0.027000000000001023,142.751,inf,142.769,142.769,142.769
307,T9,BESTEFFORT,MISSED,m1-1,32.826,"{'m1-1': 1.05, 'm2-1': 24.88, 'm3-1': 106.11, 'm4-1': 24.8, 'm5-1': 10.9, 'm6-1': 5.24, 'm7-1': 25.37, 'm8-1': 4.68}",0.08549999999998192,142.769,inf,142.826,142.826,142.826
308,T5,BESTEFFORT,MISSED,m1-1,32.921,"{'m1-1': 1.07, 'm2-1': 26.44, 'm3-1': 98.8, 'm4-1': 26.13, 'm5-1': 9.83, 'm6-1': 5.27, 'm7-1': 25.3, 'm8-1': 5.14}",0.1424999999999983,142.826,inf,142.921,142.921,142.921
309,T3,BESTEFFORT,MISSED,m1-1,33.231,"{'m1-1': 0.95, 'm2-1': 26.89, 'm3-1': 111.68, 'm4-1': 26.47, 'm5-1': 10.04, 'm6-1': 4.89, 'm7-1': 25.77, 'm8-1': 5.32}",0.4650000000000034,142.921,inf,143.231,143.231,143.231
310,T6,BESTEFFORT,MISSED,m1-1,33.281,"{'m1-1': 0.93, 'm2-1': 28.47, 'm3-1': 107.41, 'm4-1': 25.9, 'm5-1': 11.25, 'm6-1': 5.45, 'm7-1': 28.65, 'm8-1': 5.86}",0.07500000000001705,143.231,inf,143.281,143.281,143.281
311,T8,BESTEFFORT,MISSED,m1-1,33.475,"{'m1-1': 0.94, 'm2-1': 25.36, 'm3-1': 110.32, 'm4-1': 24.32, 'm5-1': 10.51, 'm6-1': 5.17, 'm7-1': 24.48, 'm8-1': 4.58}",0.2909999999999826,143.281,inf,143.475,143.475,143.475
312,T5,BESTEFFORT,MISSED,m1-1,33.518,"{'m1-1': 1.06, 'm2-1': 27.45, 'm3-1': 103.8, 'm4-1': 27.18, 'm5-1': 10.94, 'm6-1': 5.3, 'm7-1': 26.3, 'm8-1': 5.17}",0.06450000000000955,143.475,inf,143.518,143.518,143.518
313,T4,BESTEFFORT,MISSED,m1-1,33.701,"{'m1-1': 1.16, 'm2-1': 24.27, 'm3-1': 104.49, 'm4-1': 24.73, 'm5-1': 10.82, 'm6-1': 5.67, 'm7-1': 25.16, 'm8-1': 5.12}",0.2744999999999891,143.518,inf,143.701,143.701,143.701
314,T3,BESTEFFORT,MISSED,m1-1,33.919,"{'m1-1': 1.05, 'm2-1': 24.56, 'm3-1': 100.9, 'm4-1': 26.87, 'm5-1': 10.51, 'm6-1': 4.9, 'm7-1': 27.41, 'm8-1': 5.82}",0.32699999999998397,143.701,inf,143.91899999999998,143.91899999999998,143.91899999999998
315,T9,BESTEFFORT,MISSED,m1-1,33.939,"{'m1-1': 1.03, 'm2-1': 25.23, 'm3-1': 105.11, 'm4-1': 27.74, 'm5-1': 10.24, 'm6-1': 5.22, 'm7-1': 25.26, 'm8-1': 5.44}",0.030000000000015348,143.91899999999998,inf,143.939,143.939,143.939
316,T10,BESTEFFORT,MISSED,m1-1,34.012,"{'m1-1': 1.17, 'm2-1': 27.3, 'm3-1': 104.39, 'm4-1': 24.56, 'm5-1': 11.27, 'm6-1': 5.77, 'm7-1': 25.93, 'm8-1': 5.34}",0.10950000000001125,143.939,inf,144.012,144.012,144.012
317,T9,BESTEFFORT,MISSED,m1-1,34.152,"{'m1-1': 0.97, 'm2-1': 26.66, 'm3-1': 99.0, 'm4-1': 25.11, 'm5-1': 10.41, 'm6-1': 5.7, 'm7-1': 25.63, 'm8-1': 4.87}",0.20999999999997954,144.012,inf,144.152,144.152,144.152
318,T4,BESTEFFORT,MISSED,m1-1,34.156,"{'m1-1': 1.16, 'm2-1': 26.22, 'm3-1': 97.8, 'm4-1': 24.85, 'm5-1': 10.82, 'm6-1': 5.09, 'm7-1': 25.82, 'm8-1': 5.0}",0.006000000000028649,144.152,inf,144.156,144.156,144.156
319,T4,BESTEFFORT,MISSED,m1-1,34.204,"{'m1-1': 1.09, 'm2-1': 23.21, 'm3-1': 108.49, 'm4-1': 26.77, 'm5-1': 10.24, 'm6-1': 5.91, 'm7-1': 25.59, 'm8-1': 4.82}",0.07200000000000273,144.156,inf,144.204,144.204,144.204
320,T1,BESTEFFORT,MISSED,m1-1,34.265,"{'m1-1': 1.16, 'm2-1': 25.28, 'm3-1': 118.25, 'm4-1': 24.44, 'm5-1': 10.11, 'm6-1': 5.2, 'm7-1': 27.44, 'm8-1': 5.15}",0.09149999999996794,144.204,inf,144.265,144.265,144.265
321,T7,BESTEFFORT,MISSED,m1-1,34.308,"{'m1-1': 1.0, 'm2-1': 23.72, 'm3-1': 98.73, 'm4-1': 25.92, 'm5-1': 11.2, 'm6-1': 5.54, 'm7-1': 25.04, 'm8-1': 5.35}",0.06450000000000955,144.265,inf,144.308,144.308,144.308
322,T6,BESTEFFORT,MISSED,m1-1,34.315,"{'m1-1': 1.0, 'm2-1': 27.88, 'm3-1': 105.71, 'm4-1': 27.92, 'm5-1': 10.06, 'm6-1': 5.15, 'm7-1': 26.66, 'm8-1': 4.96}",0.010500000000007503,144.308,inf,144.315,144.315,144.315
323,T10,BESTEFFORT,MISSED,m1-1,34.371,"{'m1-1': 1.07, 'm2-1': 29.25, 'm3-1': 98.58, 'm4-1': 25.01, 'm5-1': 10.66, 'm6-1': 5.38, 'm7-1': 24.82, 'm8-1': 5.32}",0.0840000000000174,144.315,inf,144.371,144.371,144.371
324,T1,BESTEFFORT,MISSED,m1-1,34.573,"{'m1-1': 1.03, 'm2-1': 24.78, 'm3-1': 115.05, 'm4-1': 28.45, 'm5-1': 9.96, 'm6-1': 5.06, 'm7-1': 26.22, 'm8-1': 5.09}",0.30299999999999727,144.371,inf,144.573,144.573,144.573
325,T7,BESTEFFORT,MISSED,m1-1,34.614,"{'m1-1': 1.01, 'm2-1': 23.58, 'm3-1': 100.7, 'm4-1': 27.53, 'm5-1': 10.55, 'm6-1': 5.03, 'm7-1': 28.1, 'm8-1': 5.49}",0.061499999999995225,144.573,inf,144.614,144.614,144.614
326,T5,BESTEFFORT,MISSED,m1-1,34.715,"{'m1-1': 0.93, 'm2-1': 25.42, 'm3-1': 102.19, 'm4-1': 26.97, 'm5-1': 10.06, 'm6-1': 5.54, 'm7-1': 25.05, 'm8-1': 5.85}",0.15149999999999864,144.614,inf,144.715,144.715,144.715
327,T1,BESTEFFORT,MISSED,m1-1,34.998,"{'m1-1': 1.12, 'm2-1': 27.12, 'm3-1': 114.25, 'm4-1': 27.6, 'm5-1': 10.82, 'm6-1': 5.7, 'm7-1': 26.35, 'm8-1': 5.14}",0.42449999999998056,144.715,inf,144.998,144.998,144.998
328,T7,BESTEFFORT,MISSED,m1-1,35.113,"{'m1-1': 1.02, 'm2-1': 25.97, 'm3-1': 111.83, 'm4-1': 28.27, 'm5-1': 9.73, 'm6-1': 4.92, 'm7-1': 25.23, 'm8-1': 5.49}",0.17250000000001364,144.998,inf,145.113,145.113,145.113
329,T4,BESTEFFORT,MISSED,m1-1,35.34,"{'m1-1': 0.99, 'm2-1': 24.23, 'm3-1': 108.89, 'm4-1': 24.53, 'm5-1': 10.57, 'm6-1': 5.95, 'm7-1': 27.96, 'm8-1': 5.42}",0.3405000000000058,145.113,inf,145.34,145.34,145.34
330,T2,BESTEFFORT,MISSED,m1-1,35.425,"{'m1-1': 1.11, 'm2-1': 26.22, 'm3-1': 100.17, 'm4-1': 26.39, 'm5-1': 10.32, 'm6-1': 5.6, 'm7-1': 24.44, 'm8-1': 4.97}",0.12750000000001194,145.34,inf,145.425,145.425,145.425
331,T7,BESTEFFORT,MISSED,m1-1,35.455,"{'m1-1': 0.99, 'm2-1': 26.39, 'm3-1': 111.14, 'm4-1': 28.75, 'm5-1': 11.01, 'm6-1': 4.93, 'm7-1': 24.14, 'm8-1': 5.04}",0.04499999999995907,145.425,inf,145.45499999999998,145.45499999999998,145.45499999999998
332,T1,BESTEFFORT,MISSED,m1-1,35.648,"{'m1-1': 1.07, 'm2-1': 26.48, 'm3-1': 103.1, 'm4-1': 26.28, 'm5-1': 9.48, 'm6-1': 5.65, 'm7-1': 25.78, 'm8-1': 4.89}",0.2895000000000181,145.45499999999998,inf,145.648,145.648,145.648
333,T6,BESTEFFORT,MISSED,m1-1,35.668,"{'m1-1': 1.09, 'm2-1': 27.74, 'm3-1': 102.1, 'm4-1': 26.65, 'm5-1': 11.15, 'm6-1': 4.84, 'm7-1': 26.57, 'm8-1': 5.74}",0.030000000000015348,145.648,inf,145.668,145.668,145.668
334,T10,BESTEFFORT,MISSED,m1-1,35.722,"{'m1-1': 1.05, 'm2-1': 26.94, 'm3-1': 108.94, 'm4-1': 26.26, 'm5-1': 11.24, 'm6-1': 5.01, 'm7-1': 27.51, 'm8-1': 5.34}",0.08100000000000307,145.668,inf,145.722,145.722,145.722
335,T6,BESTEFFORT,MISSED,m1-1,35.827,"{'m1-1': 1.04, 'm2-1': 29.34, 'm3-1': 108.88, 'm4-1': 24.31, 'm5-1': 11.84, 'm6-1': 4.96, 'm7-1': 27.72, 'm8-1': 5.49}",0.15749999999998465,145.722,inf,145.827,145.827,145.827
336,T1,BESTEFFORT,MISSED,m1-1,35.848,"{'m1-1': 1.16, 'm2-1': 25.63, 'm3-1': 106.02, 'm4-1': 24.29, 'm5-1': 10.55, 'm6-1': 5.18, 'm7-1': 27.86, 'm8-1': 4.82}",0.03150000000002251,145.827,inf,145.848,145.848,145.848
337,T1,BESTEFFORT,MISSED,m1-1,35.936,"{'m1-1': 1.14, 'm2-1': 26.7, 'm3-1': 118.16, 'm4-1': 27.77, 'm5-1': 10.35, 'm6-1': 5.18, 'm7-1': 25.78, 'm8-1': 4.93}",0.1319999999999908,145.848,inf,145.936,145.936,145.936
338,T10,BESTEFFORT,MISSED,m1-1,36.092,"{'m1-1': 1.14, 'm2-1': 28.53, 'm3-1': 103.18, 'm4-1': 25.5, 'm5-1': 10.43, 'm6-1': 5.29, 'm7-1': 27.73, 'm8-1': 5.34}",0.23399999999996624,145.936,inf,146.09199999999998,146.09199999999998,146.09199999999998
339,T6,BESTEFFORT,MISSED,m1-1,36.307,"{'m1-1': 1.08, 'm2-1': 28.33, 'm3-1': 99.0, 'm4-1': 23.85, 'm5-1': 10.28, 'm6-1': 5.01, 'm7-1': 26.14, 'm8-1': 5.13}",0.32250000000004775,146.09199999999998,inf,146.30700000000002,146.30700000000002,146.30700000000002
340,T4,BESTEFFORT,MISSED,m1-1,36.36,"{'m1-1': 1.07, 'm2-1': 23.42, 'm3-1': 103.17, 'm4-1': 25.59, 'm5-1': 10.76, 'm6-1': 5.3, 'm7-1': 27.08, 'm8-1': 5.03}",0.07949999999999591,146.30700000000002,inf,146.36,146.36,146.36
341,T7,BESTEFFORT,MISSED,m1-1,36.522,"{'m1-1': 1.0, 'm2-1': 26.8, 'm3-1': 114.68, 'm4-1': 29.44, 'm5-1': 10.89, 'm6-1': 5.38, 'm7-1': 25.65, 'm8-1': 5.04}",0.24299999999996658,146.36,inf,146.522,146.522,146.522
342,T8,BESTEFFORT,MISSED,m1-1,36.56,"{'m1-1': 1.04, 'm2-1': 26.9, 'm3-1': 107.98, 'm4-1': 24.17, 'm5-1': 10.62, 'm6-1': 5.74, 'm7-1': 23.55, 'm8-1': 5.34}",0.05700000000001637,146.522,inf,146.56,146.56,146.56
343,T6,BESTEFFORT,MISSED,m1-1,36.637,"{'m1-1': 1.04, 'm2-1': 28.33, 'm3-1': 116.34, 'm4-1': 23.86, 'm5-1': 11.26, 'm6-1': 5.18, 'm7-1': 28.3, 'm8-1': 5.13}",0.11549999999999727,146.56,inf,146.637,146.637,146.637
344,T1,BESTEFFORT,MISSED,m1-1,36.834,"{'m1-1': 1.17, 'm2-1': 24.28, 'm3-1': 114.49, 'm4-1': 26.18, 'm5-1': 10.79, 'm6-1': 5.41, 'm7-1': 25.95, 'm8-1': 5.04}",0.2955000000000041,146.637,inf,146.834,146.834,146.834
345,T2,BESTEFFORT,MISSED,m1-1,36.87,"{'m1-1': 0.98, 'm2-1': 26.1, 'm3-1': 96.36, 'm4-1': 25.89, 'm5-1': 10.36, 'm6-1': 5.68, 'm7-1': 27.34, 'm8-1': 5.25}",0.054000000000002046,146.834,inf,146.87,146.87,146.87
346,T8,BESTEFFORT,MISSED,m1-1,36.915,"{'m1-1': 0.98, 'm2-1': 24.13, 'm3-1': 116.76, 'm4-1': 24.93, 'm5-1': 10.98, 'm6-1': 4.93, 'm7-1': 26.59, 'm8-1': 5.03}",0.06749999999998124,146.87,inf,146.915,146.915,146.915
347,T3,BESTEFFORT,MISSED,m1-1,37.146,"{'m1-1': 0.99, 'm2-1': 27.8, 'm3-1': 110.6, 'm4-1': 26.97, 'm5-1': 9.97, 'm6-1': 5.45, 'm7-1': 23.62, 'm8-1': 5.42}",0.34650000000003445,146.915,inf,147.14600000000002,147.14600000000002,147.14600000000002
348,T7,BESTEFFORT,MISSED,m1-1,37.224,"{'m1-1': 0.99, 'm2-1': 24.44, 'm3-1': 114.14, 'm4-1': 25.34, 'm5-1': 11.09, 'm6-1': 5.75, 'm7-1': 23.92, 'm8-1': 5.72}",0.1169999999999618,147.14600000000002,inf,147.224,147.224,147.224
349,T9,BESTEFFORT,MISSED,m1-1,37.39,"{'m1-1': 1.08, 'm2-1': 24.76, 'm3-1': 96.17, 'm4-1': 24.19, 'm5-1': 9.89, 'm6-1': 5.35, 'm7-1': 26.78, 'm8-1': 5.16}",0.0,147.39,inf,147.39,147.39,147.39
350,T3,BESTEFFORT,MISSED,m1-1,37.39,"{'m1-1': 0.96, 'm2-1': 25.69, 'm3-1': 107.99, 'm4-1': 24.76, 'm5-1': 9.96, 'm6-1': 5.41, 'm7-1': 23.84, 'm8-1': 5.33}",0.24899999999999523,147.224,inf,147.39,147.39,147.39
351,T10,BESTEFFORT,MISSED,m1-1,37.514,"{'m1-1': 1.04, 'm2-1': 25.98, 'm3-1': 97.94, 'm4-1': 25.5, 'm5-1': 9.78, 'm6-1': 5.24, 'm7-1': 25.23, 'm8-1': 5.34}",0.18600000000003547,147.39,inf,147.514,147.514,147.514
352,T6,BESTEFFORT,MISSED,m1-1,37.516,"{'m1-1': 1.06, 'm2-1': 28.56, 'm3-1': 99.86, 'm4-1': 24.65, 'm5-1': 10.56, 'm6-1': 5.4, 'm7-1': 29.47, 'm8-1': 5.41}",0.002999999999971692,147.514,inf,147.516,147.516,147.516
353,T3,BESTEFFORT,MISSED,m1-1,37.623,"{'m1-1': 1.01, 'm2-1': 25.36, 'm3-1': 104.49, 'm4-1': 25.3, 'm5-1': 10.11, 'm6-1': 5.21, 'm7-1': 27.48, 'm8-1': 5.06}",0.16049999999999898,147.516,inf,147.623,147.623,147.623
354,T2,BESTEFFORT,MISSED,m1-1,37.713,"{'m1-1': 1.07, 'm2-1': 25.19, 'm3-1': 105.15, 'm4-1': 24.52, 'm5-1': 10.64, 'm6-1': 5.53, 'm7-1': 24.98, 'm8-1': 5.1}",0.13500000000000512,147.623,inf,147.713,147.713,147.713
355,T7,BESTEFFORT,MISSED,m1-1,37.82,"{'m1-1': 0.93, 'm2-1': 26.18, 'm3-1': 114.93, 'm4-1': 28.54, 'm5-1': 11.11, 'm6-1': 5.14, 'm7-1': 27.76, 'm8-1': 5.53}",0.16049999999999898,147.713,inf,147.82,147.82,147.82
356,T10,BESTEFFORT,MISSED,m1-1,37.862,"{'m1-1': 1.15, 'm2-1': 27.49, 'm3-1': 113.3, 'm4-1': 23.92, 'm5-1': 10.74, 'm6-1': 5.65, 'm7-1': 23.94, 'm8-1': 4.7}",0.06300000000000239,147.82,inf,147.862,147.862,147.862
357,T3,BESTEFFORT,MISSED,m1-1,38.099,"{'m1-1': 0.99, 'm2-1': 27.99, 'm3-1': 106.45, 'm4-1': 27.4, 'm5-1': 10.67, 'm6-1': 5.15, 'm7-1': 27.44, 'm8-1': 5.68}",0.35549999999999216,147.862,inf,148.099,148.099,148.099
358,T10,BESTEFFORT,MISSED,m1-1,38.12,"{'m1-1': 1.12, 'm2-1': 28.06, 'm3-1': 97.36, 'm4-1': 24.35, 'm5-1': 10.9, 'm6-1': 5.86, 'm7-1': 27.87, 'm8-1': 5.39}",0.03150000000002251,148.099,inf,148.12,148.12,148.12
359,T3,BESTEFFORT,MISSED,m1-1,38.187,"{'m1-1': 1.02, 'm2-1': 23.97, 'm3-1': 101.08, 'm4-1': 25.08, 'm5-1': 9.89, 'm6-1': 4.75, 'm7-1': 23.88, 'm8-1': 5.19}",0.10050000000001091,148.12,inf,148.187,148.187,148.187
360,T2,BESTEFFORT,MISSED,m1-1,38.198,"{'m1-1': 1.11, 'm2-1': 24.14, 'm3-1': 96.82, 'm4-1': 28.06, 'm5-1': 9.52, 'm6-1': 5.57, 'm7-1': 27.66, 'm8-1': 5.74}",0.01649999999999352,148.187,inf,148.198,148.198,148.198
361,T8,BESTEFFORT,MISSED,m1-1,38.305,"{'m1-1': 0.94, 'm2-1': 23.94, 'm3-1': 106.68, 'm4-1': 23.31, 'm5-1': 11.25, 'm6-1': 5.52, 'm7-1': 23.49, 'm8-1': 4.95}",0.16049999999999898,148.198,inf,148.305,148.305,148.305
362,T7,BESTEFFORT,MISSED,m1-1,38.376,"{'m1-1': 1.09, 'm2-1': 27.51, 'm3-1': 114.92, 'm4-1': 25.55, 'm5-1': 9.93, 'm6-1': 5.32, 'm7-1': 27.36, 'm8-1': 5.37}",0.10649999999999693,148.305,inf,148.376,148.376,148.376
363,T1,BESTEFFORT,MISSED,m1-1,38.394,"{'m1-1': 1.06, 'm2-1': 24.78, 'm3-1': 117.14, 'm4-1': 24.74, 'm5-1': 10.62, 'm6-1': 5.96, 'm7-1': 24.98, 'm8-1': 4.97}",0.027000000000001023,148.376,inf,148.394,148.394,148.394
364,T2,BESTEFFORT,MISSED,m1-1,38.402,"{'m1-1': 0.97, 'm2-1': 24.91, 'm3-1': 110.19, 'm4-1': 26.18, 'm5-1': 9.57, 'm6-1': 5.58, 'm7-1': 25.24, 'm8-1': 5.57}",0.011999999999972033,148.394,inf,148.402,148.402,148.402
365,T8,BESTEFFORT,MISSED,m1-1,38.419,"{'m1-1': 1.02, 'm2-1': 23.72, 'm3-1': 113.14, 'm4-1': 23.54, 'm5-1': 10.98, 'm6-1': 5.1, 'm7-1': 24.91, 'm8-1': 5.25}",0.02549999999999386,148.402,inf,148.41899999999998,148.41899999999998,148.41899999999998
366,T7,BESTEFFORT,MISSED,m1-1,38.532,"{'m1-1': 1.04, 'm2-1': 26.8, 'm3-1': 115.52, 'm4-1': 28.2, 'm5-1': 10.28, 'm6-1': 5.76, 'm7-1': 25.38, 'm8-1': 4.97}",0.16949999999999932,148.41899999999998,inf,148.53199999999998,148.53199999999998,148.53199999999998
367,T3,BESTEFFORT,MISSED,m1-1,38.571,"{'m1-1': 0.95, 'm2-1': 26.58, 'm3-1': 108.48, 'm4-1': 24.84, 'm5-1': 9.82, 'm6-1': 4.9, 'm7-1': 26.02, 'm8-1': 5.89}",0.05850000000002353,148.53199999999998,inf,148.571,148.571,148.571
368,T7,BESTEFFORT,MISSED,m1-1,38.608,"{'m1-1': 1.09, 'm2-1': 27.36, 'm3-1': 112.39, 'm4-1': 26.25, 'm5-1': 11.49, 'm6-1': 5.37, 'm7-1': 26.72, 'm8-1': 5.63}",0.05550000000000921,148.571,inf,148.608,148.608,148.608
369,T5,BESTEFFORT,MISSED,m1-1,38.783,"{'m1-1': 1.0, 'm2-1': 26.6, 'm3-1': 101.41, 'm4-1': 26.79, 'm5-1': 9.54, 'm6-1': 4.86, 'm7-1': 24.45, 'm8-1': 5.61}",0.26250000000001705,148.608,inf,148.78300000000002,148.78300000000002,148.78300000000002
370,T1,BESTEFFORT,MISSED,m1-1,38.787,"{'m1-1': 1.03, 'm2-1': 27.07, 'm3-1': 118.45, 'm4-1': 28.44, 'm5-1': 10.22, 'm6-1': 5.14, 'm7-1': 25.44, 'm8-1': 5.08}",0.0059999999999860165,148.78300000000002,inf,148.787,148.787,148.787
371,T10,BESTEFFORT,MISSED,m1-1,38.808,"{'m1-1': 1.09, 'm2-1': 29.62, 'm3-1': 111.17, 'm4-1': 24.15, 'm5-1': 9.76, 'm6-1': 5.46, 'm7-1': 27.82, 'm8-1': 5.05}",0.03149999999997988,148.787,inf,148.808,148.808,148.808
372,T9,BESTEFFORT,MISSED,m1-1,39.001,"{'m1-1': 1.08, 'm2-1': 27.02, 'm3-1': 104.76, 'm4-1': 23.94, 'm5-1': 10.47, 'm6-1': 4.98, 'm7-1': 25.36, 'm8-1': 5.14}",0.2895000000000181,148.808,inf,149.001,149.001,149.001
373,T5,BESTEFFORT,MISSED,m1-1,39.342,"{'m1-1': 1.04, 'm2-1': 25.48, 'm3-1': 100.84, 'm4-1': 27.25, 'm5-1': 9.55, 'm6-1': 5.28, 'm7-1': 25.33, 'm8-1': 5.03}",0.5114999999999696,149.001,inf,149.34199999999998,149.34199999999998,149.34199999999998
374,T6,BESTEFFORT,MISSED,m1-1,39.387,"{'m1-1': 1.03, 'm2-1': 25.21, 'm3-1': 100.89, 'm4-1': 27.12, 'm5-1': 11.37, 'm6-1': 5.25, 'm7-1': 29.2, 'm8-1': 5.36}",0.06750000000002387,149.34199999999998,inf,149.387,149.387,149.387
375,T9,BESTEFFORT,MISSED,m1-1,39.408,"{'m1-1': 1.08, 'm2-1': 27.97, 'm3-1': 103.84, 'm4-1': 25.06, 'm5-1': 9.68, 'm6-1': 5.68, 'm7-1': 26.26, 'm8-1': 5.28}",0.03150000000002251,149.387,inf,149.40800000000002,149.40800000000002,149.40800000000002
376,T2,BESTEFFORT,MISSED,m1-1,39.528,"{'m1-1': 1.09, 'm2-1': 26.18, 'm3-1': 113.82, 'm4-1': 24.96, 'm5-1': 10.61, 'm6-1': 5.87, 'm7-1': 24.76, 'm8-1': 5.23}",0.1799999999999642,149.40800000000002,inf,149.528,149.528,149.528
377,T3,BESTEFFORT,MISSED,m1-1,39.65,"{'m1-1': 1.09, 'm2-1': 24.81, 'm3-1': 113.8, 'm4-1': 28.15, 'm5-1': 9.38, 'm6-1': 4.95, 'm7-1': 26.7, 'm8-1': 5.77}",0.18300000000002115,149.528,inf,149.65,149.65,149.65
378,T8,BESTEFFORT,MISSED,m1-1,39.659,"{'m1-1': 1.01, 'm2-1': 26.69, 'm3-1': 106.11, 'm4-1': 24.01, 'm5-1': 11.21, 'm6-1': 5.5, 'm7-1': 23.34, 'm8-1': 4.62}",0.013499999999979195,149.65,inf,149.659,149.659,149.659
379,T9,BESTEFFORT,MISSED,m1-1,39.691,"{'m1-1': 1.07, 'm2-1': 24.87, 'm3-1': 106.78, 'm4-1': 24.84, 'm5-1': 9.75, 'm6-1': 5.35, 'm7-1': 25.83, 'm8-1': 4.81}",0.04800000000001603,149.659,inf,149.691,149.691,149.691
380,T1,BESTEFFORT,MISSED,m1-1,39.771,"{'m1-1': 1.0, 'm2-1': 24.82, 'm3-1': 113.79, 'm4-1': 28.5, 'm5-1': 10.45, 'm6-1': 5.04, 'm7-1': 23.84, 'm8-1': 4.7}",0.12000000000001876,149.691,inf,149.77100000000002,149.77100000000002,149.77100000000002
381,T1,BESTEFFORT,MISSED,m1-1,39.782,"{'m1-1': 1.06, 'm2-1': 26.44, 'm3-1': 106.17, 'm4-1': 25.27, 'm5-1': 10.53, 'm6-1': 5.08, 'm7-1': 25.71, 'm8-1': 5.54}",0.016499999999950887,149.77100000000002,inf,149.78199999999998,149.78199999999998,149.78199999999998
382,T6,BESTEFFORT,MISSED,m1-1,39.807,"{'m1-1': 1.07, 'm2-1': 29.5, 'm3-1': 112.88, 'm4-1': 24.37, 'm5-1': 10.2, 'm6-1': 5.17, 'm7-1': 29.29, 'm8-1': 5.64}",0.03750000000005116,149.78199999999998,inf,149.80700000000002,149.80700000000002,149.80700000000002
383,T3,BESTEFFORT,MISSED,m1-1,40.066,"{'m1-1': 0.98, 'm2-1': 26.83, 'm3-1': 107.17, 'm4-1': 24.57, 'm5-1': 10.67, 'm6-1': 5.03, 'm7-1': 27.12, 'm8-1': 5.8}",0.3884999999999792,149.80700000000002,inf,150.066,150.066,150.066
384,T8,BESTEFFORT,MISSED,m1-1,40.304,"{'m1-1': 0.91, 'm2-1': 23.52, 'm3-1': 118.17, 'm4-1': 24.09, 'm5-1': 10.44, 'm6-1': 5.48, 'm7-1': 27.37, 'm8-1': 5.36}",0.3569999999999993,150.066,inf,150.304,150.304,150.304
385,T4,BESTEFFORT,MISSED,m1-1,40.317,"{'m1-1': 1.0, 'm2-1': 23.32, 'm3-1': 112.99, 'm4-1': 25.53, 'm5-1': 10.38, 'm6-1': 5.53, 'm7-1': 29.35, 'm8-1': 5.09}",0.019500000000007844,150.304,inf,150.317,150.317,150.317
386,T7,BESTEFFORT,MISSED,m1-1,40.378,"{'m1-1': 0.94, 'm2-1': 27.07, 'm3-1': 100.84, 'm4-1': 26.7, 'm5-1': 10.34, 'm6-1': 5.14, 'm7-1': 24.06, 'm8-1': 5.16}",0.09149999999996794,150.317,inf,150.378,150.378,150.378
387,T8,BESTEFFORT,MISSED,m1-1,40.408,"{'m1-1': 1.07, 'm2-1': 23.92, 'm3-1': 106.06, 'm4-1': 25.35, 'm5-1': 10.77, 'm6-1': 4.94, 'm7-1': 25.94, 'm8-1': 4.9}",0.04500000000004434,150.378,inf,150.40800000000002,150.40800000000002,150.40800000000002
388,T5,BESTEFFORT,MISSED,m1-1,40.458,"{'m1-1': 1.02, 'm2-1': 26.7, 'm3-1': 102.18, 'm4-1': 28.25, 'm5-1': 10.17, 'm6-1': 5.0, 'm7-1': 26.85, 'm8-1': 5.32}",0.07499999999997442,150.40800000000002,inf,150.458,150.458,150.458
389,T10,BESTEFFORT,MISSED,m1-1,40.712,"{'m1-1': 1.05, 'm2-1': 26.22, 'm3-1': 114.01, 'm4-1': 26.98, 'm5-1': 9.61, 'm6-1': 5.44, 'm7-1': 26.96, 'm8-1': 5.3}",0.380999999999986,150.458,inf,150.712,150.712,150.712
390,T9,BESTEFFORT,MISSED,m1-1,40.756,"{'m1-1': 0.94, 'm2-1': 25.94, 'm3-1': 102.44, 'm4-1': 23.83, 'm5-1': 10.75, 'm6-1': 4.93, 'm7-1': 29.37, 'm8-1': 4.61}",0.06600000000001671,150.712,inf,150.756,150.756,150.756
391,T6,BESTEFFORT,MISSED,m1-1,40.854,"{'m1-1': 1.1, 'm2-1': 26.02, 'm3-1': 110.18, 'm4-1': 26.27, 'm5-1': 11.02, 'm6-1': 4.91, 'm7-1': 27.56, 'm8-1': 4.99}",0.14699999999997715,150.756,inf,150.85399999999998,150.85399999999998,150.85399999999998
392,T10,BESTEFFORT,MISSED,m1-1,41.175,"{'m1-1': 1.06, 'm2-1': 29.53, 'm3-1': 114.07, 'm4-1': 26.52, 'm5-1': 9.78, 'm6-1': 5.75, 'm7-1': 24.41, 'm8-1': 5.24}",0.48150000000003956,150.85399999999998,inf,151.175,151.175,151.175
393,T2,BESTEFFORT,MISSED,m1-1,41.178,"{'m1-1': 0.96, 'm2-1': 23.7, 'm3-1': 110.37, 'm4-1': 24.54, 'm5-1': 10.45, 'm6-1': 5.71, 'm7-1': 26.22, 'm8-1': 5.04}",0.004499999999978854,151.175,inf,151.178,151.178,151.178
394,T9,BESTEFFORT,MISSED,m1-1,41.228,"{'m1-1': 0.93, 'm2-1': 27.27, 'm3-1': 95.16, 'm4-1': 24.75, 'm5-1': 10.63, 'm6-1': 5.6, 'm7-1': 28.3, 'm8-1': 5.4}",0.07500000000001705,151.178,inf,151.228,151.228,151.228
395,T7,BESTEFFORT,MISSED,m1-1,41.342,"{'m1-1': 0.95, 'm2-1': 25.72, 'm3-1': 110.98, 'm4-1': 29.34, 'm5-1': 9.79, 'm6-1': 5.56, 'm7-1': 25.91, 'm8-1': 4.98}",0.17099999999996385,151.228,inf,151.34199999999998,151.34199999999998,151.34199999999998
396,T3,BESTEFFORT,MISSED,m1-1,41.359,"{'m1-1': 1.01, 'm2-1': 26.1, 'm3-1': 112.81, 'm4-1': 25.99, 'm5-1': 10.48, 'm6-1': 5.38, 'm7-1': 27.06, 'm8-1': 5.71}",0.025500000000036493,151.34199999999998,inf,151.359,151.359,151.359
397,T1,BESTEFFORT,MISSED,m1-1,41.522,"{'m1-1': 1.01, 'm2-1': 23.75, 'm3-1': 113.27, 'm4-1': 25.45, 'm5-1': 9.28, 'm6-1': 5.98, 'm7-1': 27.94, 'm8-1': 4.91}",0.24449999999997374,151.359,inf,151.522,151.522,151.522
398,T9,BESTEFFORT,MISSED,m1-1,41.585,"{'m1-1': 1.03, 'm2-1': 28.59, 'm3-1': 99.11, 'm4-1': 27.2, 'm5-1': 9.9, 'm6-1': 5.72, 'm7-1': 25.29, 'm8-1': 5.35}",0.0945000000000249,151.522,inf,151.585,151.585,151.585
399,T10,BESTEFFORT,MISSED,m1-1,41.638,"{'m1-1': 1.12, 'm2-1': 26.14, 'm3-1': 111.64, 'm4-1': 27.09, 'm5-1': 10.88, 'm6-1': 5.79, 'm7-1': 25.13, 'm8-1': 5.06}",0.07949999999999591,151.585,inf,151.638,151.638,151.638
400,T5,BESTEFFORT,MISSED,m1-1,41.732,"{'m1-1': 1.03, 'm2-1': 28.27, 'm3-1': 95.3, 'm4-1': 25.52, 'm5-1': 10.17, 'm6-1': 5.0, 'm7-1': 27.98, 'm8-1': 5.21}",0.14099999999999113,151.638,inf,151.732,151.732,151.732
401,T2,BESTEFFORT,MISSED,m1-1,41.755,"{'m1-1': 1.08, 'm2-1': 23.6, 'm3-1': 96.6, 'm4-1': 26.16, 'm5-1': 10.38, 'm6-1': 5.82, 'm7-1': 28.23, 'm8-1': 5.73}",0.0344999999999942,151.732,inf,151.755,151.755,151.755
402,T3,BESTEFFORT,MISSED,m1-1,42.036,"{'m1-1': 1.02, 'm2-1': 26.9, 'm3-1': 111.44, 'm4-1': 26.42, 'm5-1': 10.65, 'm6-1': 5.29, 'm7-1': 24.06, 'm8-1': 5.03}",0.42150000000000887,151.755,inf,152.036,152.036,152.036
403,T10,BESTEFFORT,MISSED,m1-1,42.054,"{'m1-1': 1.1, 'm2-1': 28.67, 'm3-1': 103.96, 'm4-1': 27.92, 'm5-1': 9.67, 'm6-1': 5.57, 'm7-1': 27.95, 'm8-1': 5.04}",0.027000000000001023,152.036,inf,152.054,152.054,152.054
404,T9,BESTEFFORT,MISSED,m1-1,42.111,"{'m1-1': 1.07, 'm2-1': 26.94, 'm3-1': 93.44, 'm4-1': 27.75, 'm5-1': 10.38, 'm6-1': 5.15, 'm7-1': 25.71, 'm8-1': 5.34}",0.08549999999998192,152.054,inf,152.111,152.111,152.111
405,T5,BESTEFFORT,MISSED,m1-1,42.171,"{'m1-1': 1.05, 'm2-1': 27.38, 'm3-1': 109.3, 'm4-1': 24.93, 'm5-1': 10.67, 'm6-1': 4.92, 'm7-1': 27.36, 'm8-1': 5.12}",0.09000000000000341,152.111,inf,152.171,152.171,152.171
406,T3,BESTEFFORT,MISSED,m1-1,42.204,"{'m1-1': 0.97, 'm2-1': 25.84, 'm3-1': 103.95, 'm4-1': 24.45, 'm5-1': 10.49, 'm6-1': 4.76, 'm7-1': 27.21, 'm8-1': 5.09}",0.04950000000002319,152.171,inf,152.204,152.204,152.204
407,T3,BESTEFFORT,MISSED,m1-1,42.36,"{'m1-1': 1.08, 'm2-1': 27.94, 'm3-1': 100.52, 'm4-1': 26.02, 'm5-1': 10.27, 'm6-1': 4.66, 'm7-1': 25.42, 'm8-1': 5.0}",0.23400000000000887,152.204,inf,152.36,152.36,152.36
408,T10,BESTEFFORT,MISSED,m1-1,42.677,"{'m1-1': 1.08, 'm2-1': 27.11, 'm3-1': 101.28, 'm4-1': 24.74, 'm5-1': 10.85, 'm6-1': 5.74, 'm7-1': 25.82, 'm8-1': 5.48}",0.4754999999999683,152.36,inf,152.677,152.677,152.677
409,T7,BESTEFFORT,MISSED,m1-1,42.752,"{'m1-1': 0.93, 'm2-1': 27.2, 'm3-1': 109.87, 'm4-1': 28.32, 'm5-1': 10.34, 'm6-1': 5.16, 'm7-1': 25.49, 'm8-1': 5.51}",0.11250000000002558,152.677,inf,152.752,152.752,152.752
410,T1,BESTEFFORT,MISSED,m1-1,42.791,"{'m1-1': 1.14, 'm2-1': 24.84, 'm3-1': 109.95, 'm4-1': 27.62, 'm5-1': 10.44, 'm6-1': 5.48, 'm7-1': 25.82, 'm8-1': 5.43}",0.0584999999999809,152.752,inf,152.791,152.791,152.791
411,T7,BESTEFFORT,MISSED,m1-1,42.957,"{'m1-1': 1.09, 'm2-1': 23.73, 'm3-1': 101.69, 'm4-1': 26.99, 'm5-1': 10.76, 'm6-1': 5.36, 'm7-1': 26.09, 'm8-1': 5.44}",0.24899999999999523,152.791,inf,152.957,152.957,152.957
412,T1,BESTEFFORT,MISSED,m1-1,42.987,"{'m1-1': 1.1, 'm2-1': 24.79, 'm3-1': 109.97, 'm4-1': 28.39, 'm5-1': 9.49, 'm6-1': 5.85, 'm7-1': 24.09, 'm8-1': 4.78}",0.045000000000001705,152.957,inf,152.987,152.987,152.987
413,T6,BESTEFFORT,MISSED,m1-1,43.028,"{'m1-1': 0.99, 'm2-1': 29.31, 'm3-1': 104.41, 'm4-1': 26.34, 'm5-1': 9.99, 'm6-1': 4.77, 'm7-1': 28.46, 'm8-1': 5.36}",0.061499999999995225,152.987,inf,153.028,153.028,153.028
414,T8,BESTEFFORT,MISSED,m1-1,43.138,"{'m1-1': 0.96, 'm2-1': 23.7, 'm3-1': 115.3, 'm4-1': 23.59, 'm5-1': 11.77, 'm6-1': 5.14, 'm7-1': 26.41, 'm8-1': 5.26}",0.16500000000002046,153.028,inf,153.138,153.138,153.138
415,T10,BESTEFFORT,MISSED,m1-1,43.171,"{'m1-1': 1.1, 'm2-1': 29.57, 'm3-1': 105.97, 'm4-1': 25.56, 'm5-1': 10.33, 'm6-1': 5.04, 'm7-1': 26.61, 'm8-1': 5.13}",0.04949999999998056,153.138,inf,153.171,153.171,153.171
416,T8,BESTEFFORT,MISSED,m1-1,43.431,"{'m1-1': 1.09, 'm2-1': 25.85, 'm3-1': 111.51, 'm4-1': 25.79, 'm5-1': 10.0, 'm6-1': 5.0, 'm7-1': 23.39, 'm8-1': 4.61}",0.38999999999998636,153.171,inf,153.43099999999998,153.43099999999998,153.43099999999998
417,T8,BESTEFFORT,MISSED,m1-1,43.483,"{'m1-1': 0.92, 'm2-1': 25.07, 'm3-1': 112.25, 'm4-1': 24.04, 'm5-1': 11.36, 'm6-1': 5.78, 'm7-1': 27.55, 'm8-1': 4.98}",0.07800000000003138,153.43099999999998,inf,153.483,153.483,153.483
418,T1,BESTEFFORT,MISSED,m1-1,43.734,"{'m1-1': 1.07, 'm2-1': 27.49, 'm3-1': 113.9, 'm4-1': 25.61, 'm5-1': 9.65, 'm6-1': 5.96, 'm7-1': 25.4, 'm8-1': 5.38}",0.37650000000000716,153.483,inf,153.734,153.734,153.734
419,T7,BESTEFFORT,MISSED,m1-1,43.776,"{'m1-1': 0.98, 'm2-1': 24.08, 'm3-1': 110.02, 'm4-1': 26.12, 'm5-1': 11.14, 'm6-1': 5.32, 'm7-1': 27.15, 'm8-1': 5.34}",0.06300000000000239,153.734,inf,153.776,153.776,153.776
420,T3,BESTEFFORT,MISSED,m1-1,43.795,"{'m1-1': 1.08, 'm2-1': 24.54, 'm3-1': 99.15, 'm4-1': 25.32, 'm5-1': 10.15, 'm6-1': 5.03, 'm7-1': 27.71, 'm8-1': 4.96}",0.028500000000008185,153.776,inf,153.79500000000002,153.79500000000002,153.79500000000002
421,T8,BESTEFFORT,MISSED,m1-1,43.804,"{'m1-1': 1.04, 'm2-1': 23.27, 'm3-1': 117.46, 'm4-1': 24.89, 'm5-1': 11.19, 'm6-1': 5.51, 'm7-1': 25.98, 'm8-1': 5.28}",0.013499999999979195,153.79500000000002,inf,153.804,153.804,153.804
422,T9,BESTEFFORT,MISSED,m1-1,44.099,"{'m1-1': 1.03, 'm2-1': 27.56, 'm3-1': 99.61, 'm4-1': 27.49, 'm5-1': 9.62, 'm6-1': 5.03, 'm7-1': 26.18, 'm8-1': 5.42}",0.44249999999998124,153.804,inf,154.099,154.099,154.099
423,T8,BESTEFFORT,MISSED,m1-1,44.276,"{'m1-1': 0.94, 'm2-1': 27.16, 'm3-1': 110.94, 'm4-1': 23.36, 'm5-1': 11.45, 'm6-1': 5.29, 'm7-1': 24.72, 'm8-1': 5.31}",0.2655000000000314,154.099,inf,154.276,154.276,154.276
424,T6,BESTEFFORT,MISSED,m1-1,44.448,"{'m1-1': 1.06, 'm2-1': 26.36, 'm3-1': 114.06, 'm4-1': 24.04, 'm5-1': 10.39, 'm6-1': 5.36, 'm7-1': 27.46, 'm8-1': 5.31}",0.25799999999999557,154.276,inf,154.448,154.448,154.448
425,T5,BESTEFFORT,MISSED,m1-1,44.492,"{'m1-1': 1.01, 'm2-1': 26.34, 'm3-1': 94.12, 'm4-1': 27.51, 'm5-1': 9.77, 'm6-1': 4.95, 'm7-1': 24.31, 'm8-1': 5.06}",0.06599999999997408,154.448,inf,154.492,154.492,154.492
426,T7,BESTEFFORT,MISSED,m1-1,44.519,"{'m1-1': 0.94, 'm2-1': 27.19, 'm3-1': 99.86, 'm4-1': 25.26, 'm5-1': 10.87, 'm6-1': 4.92, 'm7-1': 26.63, 'm8-1': 5.14}",0.04050000000002285,154.492,inf,154.519,154.519,154.519
427,T10,BESTEFFORT,MISSED,m1-1,44.688,"{'m1-1': 1.04, 'm2-1': 25.58, 'm3-1': 104.16, 'm4-1': 26.39, 'm5-1': 11.26, 'm6-1': 5.78, 'm7-1': 24.83, 'm8-1': 4.71}",0.2534999999999741,154.519,inf,154.688,154.688,154.688
428,T2,BESTEFFORT,MISSED,m1-1,44.796,"{'m1-1': 1.09, 'm2-1': 25.84, 'm3-1': 101.2, 'm4-1': 24.45, 'm5-1': 10.34, 'm6-1': 5.52, 'm7-1': 24.2, 'm8-1': 5.22}",0.16200000000000614,154.688,inf,154.796,154.796,154.796
429,T4,BESTEFFORT,MISSED,m1-1,44.966,"{'m1-1': 1.13, 'm2-1': 23.89, 'm3-1': 101.99, 'm4-1': 25.12, 'm5-1': 11.04, 'm6-1': 5.8, 'm7-1': 28.79, 'm8-1': 5.17}",0.2550000000000239,154.796,inf,154.966,154.966,154.966
430,T6,BESTEFFORT,MISSED,m1-1,45.084,"{'m1-1': 0.95, 'm2-1': 28.5, 'm3-1': 98.84, 'm4-1': 24.17, 'm5-1': 10.61, 'm6-1': 5.35, 'm7-1': 25.49, 'm8-1': 4.96}",0.1769999999999925,154.966,inf,155.084,155.084,155.084
431,T4,BESTEFFORT,MISSED,m1-1,45.175,"{'m1-1': 1.16, 'm2-1': 24.46, 'm3-1': 103.83, 'm4-1': 23.4, 'm5-1': 10.95, 'm6-1': 5.43, 'm7-1': 29.1, 'm8-1': 5.01}",0.13650000000001228,155.084,inf,155.175,155.175,155.175
432,T5,BESTEFFORT,MISSED,m1-1,45.236,"{'m1-1': 0.98, 'm2-1': 28.51, 'm3-1': 111.45, 'm4-1': 24.53, 'm5-1': 10.91, 'm6-1': 5.0, 'm7-1': 25.36, 'm8-1': 5.35}",0.09149999999996794,155.175,inf,155.236,155.236,155.236
433,T8,BESTEFFORT,MISSED,m1-1,45.372,"{'m1-1': 0.96, 'm2-1': 24.34, 'm3-1': 101.56, 'm4-1': 24.44, 'm5-1': 10.44, 'm6-1': 5.16, 'm7-1': 23.38, 'm8-1': 4.63}",0.20400000000003615,155.236,inf,155.372,155.372,155.372
434,T3,BESTEFFORT,MISSED,m1-1,45.507,"{'m1-1': 0.99, 'm2-1': 26.06, 'm3-1': 116.86, 'm4-1': 28.05, 'm5-1': 10.58, 'm6-1': 5.25, 'm7-1': 26.27, 'm8-1': 5.9}",0.20249999999998636,155.372,inf,155.507,155.507,155.507
435,T3,BESTEFFORT,MISSED,m1-1,45.746,"{'m1-1': 1.09, 'm2-1': 25.42, 'm3-1': 111.62, 'm4-1': 26.07, 'm5-1': 9.2, 'm6-1': 5.12, 'm7-1': 26.86, 'm8-1': 5.08}",0.3585000000000065,155.507,inf,155.746,155.746,155.746
436,T7,BESTEFFORT,MISSED,m1-1,45.766,"{'m1-1': 1.04, 'm2-1': 27.13, 'm3-1': 101.36, 'm4-1': 25.38, 'm5-1': 10.28, 'm6-1': 5.58, 'm7-1': 24.85, 'm8-1': 5.2}",0.029999999999972715,155.746,inf,155.766,155.766,155.766
437,T8,BESTEFFORT,MISSED,m1-1,45.799,"{'m1-1': 1.08, 'm2-1': 26.38, 'm3-1': 113.13, 'm4-1': 27.22, 'm5-1': 11.01, 'm6-1': 5.28, 'm7-1': 26.93, 'm8-1': 4.8}",0.04950000000002319,155.766,inf,155.799,155.799,155.799
438,T6,BESTEFFORT,MISSED,m1-1,45.953,"{'m1-1': 1.06, 'm2-1': 29.56, 'm3-1': 111.32, 'm4-1': 27.74, 'm5-1': 11.82, 'm6-1': 5.29, 'm7-1': 25.9, 'm8-1': 5.42}",0.23099999999999454,155.799,inf,155.953,155.953,155.953
439,T2,BESTEFFORT,MISSED,m1-1,46.016,"{'m1-1': 1.06, 'm2-1': 27.18, 'm3-1': 103.84, 'm4-1': 24.5, 'm5-1': 10.22, 'm6-1': 5.65, 'm7-1': 25.09, 'm8-1': 5.59}",0.09449999999998226,155.953,inf,156.016,156.016,156.016
440,T9,BESTEFFORT,MISSED,m1-1,46.139,"{'m1-1': 1.07, 'm2-1': 27.92, 'm3-1': 92.85, 'm4-1': 26.33, 'm5-1': 9.5, 'm6-1': 5.62, 'm7-1': 28.18, 'm8-1': 4.94}",0.1845000000000283,156.016,inf,156.139,156.139,156.139
441,T6,BESTEFFORT,MISSED,m1-1,46.196,"{'m1-1': 1.09, 'm2-1': 25.01, 'm3-1': 113.04, 'm4-1': 26.71, 'm5-1': 10.72, 'm6-1': 5.13, 'm7-1': 28.97, 'm8-1': 5.17}",0.08549999999998192,156.139,inf,156.196,156.196,156.196
442,T10,BESTEFFORT,MISSED,m1-1,46.255,"{'m1-1': 1.09, 'm2-1': 27.75, 'm3-1': 104.97, 'm4-1': 27.4, 'm5-1': 9.85, 'm6-1': 5.49, 'm7-1': 27.67, 'm8-1': 4.86}",0.08849999999999625,156.196,inf,156.255,156.255,156.255
443,T2,BESTEFFORT,MISSED,m1-1,46.321,"{'m1-1': 1.08, 'm2-1': 26.85, 'm3-1': 97.56, 'm4-1': 24.68, 'm5-1': 9.96, 'm6-1': 5.81, 'm7-1': 26.8, 'm8-1': 5.71}",0.09900000000000375,156.255,inf,156.321,156.321,156.321
444,T5,BESTEFFORT,MISSED,m1-1,46.363,"{'m1-1': 1.09, 'm2-1': 27.11, 'm3-1': 99.83, 'm4-1': 25.27, 'm5-1': 9.6, 'm6-1': 5.34, 'm7-1': 26.32, 'm8-1': 5.82}",0.06300000000000239,156.321,inf,156.363,156.363,156.363
445,T6,BESTEFFORT,MISSED,m1-1,46.429,"{'m1-1': 0.96, 'm2-1': 25.89, 'm3-1': 116.15, 'm4-1': 24.98, 'm5-1': 10.5, 'm6-1': 4.72, 'm7-1': 28.89, 'm8-1': 5.28}",0.09900000000000375,156.363,inf,156.429,156.429,156.429
446,T2,BESTEFFORT,MISSED,m1-1,46.44,"{'m1-1': 0.97, 'm2-1': 25.68, 'm3-1': 101.81, 'm4-1': 27.69, 'm5-1': 10.08, 'm6-1': 5.27, 'm7-1': 28.22, 'm8-1': 5.39}",0.01649999999999352,156.429,inf,156.44,156.44,156.44
447,T8,BESTEFFORT,MISSED,m1-1,46.764,"{'m1-1': 0.93, 'm2-1': 23.57, 'm3-1': 102.36, 'm4-1': 27.54, 'm5-1': 10.08, 'm6-1': 5.4, 'm7-1': 26.22, 'm8-1': 4.9}",0.4860000000000184,156.44,inf,156.764,156.764,156.764
448,T1,BESTEFFORT,MISSED,m1-1,46.93,"{'m1-1': 1.05, 'm2-1': 24.17, 'm3-1': 110.45, 'm4-1': 26.53, 'm5-1': 9.89, 'm6-1': 5.15, 'm7-1': 27.69, 'm8-1': 4.91}",0.24899999999999523,156.764,inf,156.93,156.93,156.93
449,T7,BESTEFFORT,MISSED,m1-1,46.953,"{'m1-1': 1.07, 'm2-1': 24.06, 'm3-1': 101.08, 'm4-1': 26.61, 'm5-1': 10.04, 'm6-1': 5.67, 'm7-1': 24.88, 'm8-1': 4.86}",0.0344999999999942,156.93,inf,156.953,156.953,156.953
450,T4,BESTEFFORT,MISSED,m1-1,46.961,"{'m1-1': 1.1, 'm2-1': 24.7, 'm3-1': 112.19, 'm4-1': 23.56, 'm5-1': 9.98, 'm6-1': 5.32, 'm7-1': 27.38, 'm8-1': 5.06}",0.012000000000014666,156.953,inf,156.961,156.961,156.961
451,T6,BESTEFFORT,MISSED,m1-1,46.997,"{'m1-1': 0.94, 'm2-1': 27.21, 'm3-1': 102.63, 'm4-1': 27.34, 'm5-1': 11.24, 'm6-1': 5.4, 'm7-1': 29.03, 'm8-1': 5.17}",0.054000000000002046,156.961,inf,156.997,156.997,156.997
452,T2,BESTEFFORT,MISSED,m1-1,47.092,"{'m1-1': 0.96, 'm2-1': 24.19, 'm3-1': 100.25, 'm4-1': 24.86, 'm5-1': 9.8, 'm6-1': 5.59, 'm7-1': 27.3, 'm8-1': 5.11}",0.14249999999995566,156.997,inf,157.09199999999998,157.09199999999998,157.09199999999998
453,T1,BESTEFFORT,MISSED,m1-1,47.273,"{'m1-1': 1.04, 'm2-1': 26.58, 'm3-1': 109.43, 'm4-1': 25.72, 'm5-1': 9.45, 'm6-1': 5.63, 'm7-1': 27.71, 'm8-1': 5.5}",0.2715000000000174,157.09199999999998,inf,157.273,157.273,157.273
454,T4,BESTEFFORT,MISSED,m1-1,47.42,"{'m1-1': 1.17, 'm2-1': 23.59, 'm3-1': 109.59, 'm4-1': 26.74, 'm5-1': 10.99, 'm6-1': 5.75, 'm7-1': 27.25, 'm8-1': 5.05}",0.22050000000002967,157.273,inf,157.42000000000002,157.42000000000002,157.42000000000002
455,T10,BESTEFFORT,MISSED,m1-1,47.434,"{'m1-1': 1.0, 'm2-1': 28.78, 'm3-1': 104.79, 'm4-1': 27.94, 'm5-1': 10.65, 'm6-1': 5.55, 'm7-1': 26.6, 'm8-1': 5.48}",0.020999999999972374,157.42000000000002,inf,157.434,157.434,157.434
456,T9,BESTEFFORT,MISSED,m1-1,47.457,"{'m1-1': 1.0, 'm2-1': 25.08, 'm3-1': 102.24, 'm4-1': 26.74, 'm5-1': 10.05, 'm6-1': 4.96, 'm7-1': 25.55, 'm8-1': 5.01}",0.0344999999999942,157.434,inf,157.457,157.457,157.457
457,T5,BESTEFFORT,MISSED,m1-1,47.765,"{'m1-1': 1.06, 'm2-1': 26.21, 'm3-1': 107.22, 'm4-1': 25.24, 'm5-1': 9.7, 'm6-1': 5.13, 'm7-1': 28.04, 'm8-1': 5.61}",0.4619999999999891,157.457,inf,157.765,157.765,157.765
458,T4,BESTEFFORT,MISSED,m1-1,48.002,"{'m1-1': 1.1, 'm2-1': 26.5, 'm3-1': 104.29, 'm4-1': 25.04, 'm5-1': 9.36, 'm6-1': 5.43, 'm7-1': 28.11, 'm8-1': 5.05}",0.3555000000000348,157.765,inf,158.002,158.002,158.002
459,T3,BESTEFFORT,MISSED,m1-1,48.095,"{'m1-1': 1.07, 'm2-1': 26.4, 'm3-1': 105.25, 'm4-1': 26.59, 'm5-1': 10.03, 'm6-1': 5.09, 'm7-1': 25.7, 'm8-1': 5.62}",0.13949999999998397,158.002,inf,158.095,158.095,158.095
460,T6,BESTEFFORT,MISSED,m1-1,48.22,"{'m1-1': 1.1, 'm2-1': 26.91, 'm3-1': 104.41, 'm4-1': 26.32, 'm5-1': 10.43, 'm6-1': 4.79, 'm7-1': 29.75, 'm8-1': 5.13}",0.1875,158.095,inf,158.22,158.22,158.22
461,T4,BESTEFFORT,MISSED,m1-1,48.342,"{'m1-1': 1.04, 'm2-1': 23.79, 'm3-1': 109.19, 'm4-1': 23.59, 'm5-1': 9.81, 'm6-1': 5.37, 'm7-1': 27.31, 'm8-1': 5.14}",0.1829999999999785,158.22,inf,158.34199999999998,158.34199999999998,158.34199999999998
462,T7,BESTEFFORT,MISSED,m1-1,48.469,"{'m1-1': 1.0, 'm2-1': 24.3, 'm3-1': 103.05, 'm4-1': 28.58, 'm5-1': 10.85, 'm6-1': 5.57, 'm7-1': 27.07, 'm8-1': 5.64}",0.19050000000001432,158.34199999999998,inf,158.469,158.469,158.469
463,T6,BESTEFFORT,MISSED,m1-1,48.525,"{'m1-1': 1.07, 'm2-1': 25.59, 'm3-1': 100.85, 'm4-1': 23.78, 'm5-1': 10.6, 'm6-1': 5.08, 'm7-1': 29.84, 'm8-1': 5.69}",0.0840000000000174,158.469,inf,158.525,158.525,158.525
464,T9,BESTEFFORT,MISSED,m1-1,48.693,"{'m1-1': 1.09, 'm2-1': 25.16, 'm3-1': 107.68, 'm4-1': 27.91, 'm5-1': 10.46, 'm6-1': 4.98, 'm7-1': 25.46, 'm8-1': 5.18}",0.2519999999999669,158.525,inf,158.69299999999998,158.69299999999998,158.69299999999998
465,T6,BESTEFFORT,MISSED,m1-1,48.738,"{'m1-1': 1.01, 'm2-1': 28.54, 'm3-1': 107.18, 'm4-1': 24.8, 'm5-1': 10.49, 'm6-1': 5.19, 'm7-1': 28.85, 'm8-1': 5.29}",0.06750000000002387,158.69299999999998,inf,158.738,158.738,158.738
466,T9,BESTEFFORT,MISSED,m1-1,48.874,"{'m1-1': 1.01, 'm2-1': 26.97, 'm3-1': 94.56, 'm4-1': 26.43, 'm5-1': 10.26, 'm6-1': 5.5, 'm7-1': 25.32, 'm8-1': 4.7}",0.20399999999999352,158.738,inf,158.874,158.874,158.874
467,T6,BESTEFFORT,MISSED,m1-1,48.88,"{'m1-1': 1.01, 'm2-1': 26.85, 'm3-1': 104.42, 'm4-1': 24.82, 'm5-1': 10.62, 'm6-1': 5.5, 'm7-1': 25.24, 'm8-1': 5.21}",0.009000000000000341,158.874,inf,158.88,158.88,158.88
468,T9,BESTEFFORT,MISSED,m1-1,48.89,"{'m1-1': 1.02, 'm2-1': 26.91, 'm3-1': 102.56, 'm4-1': 27.78, 'm5-1': 10.37, 'm6-1': 5.16, 'm7-1': 26.51, 'm8-1': 4.79}",0.014999999999986358,158.88,inf,158.89,158.89,158.89
469,T3,BESTEFFORT,MISSED,m1-1,48.905,"{'m1-1': 0.98, 'm2-1': 23.84, 'm3-1': 110.97, 'm4-1': 26.2, 'm5-1': 10.72, 'm6-1': 5.2, 'm7-1': 26.35, 'm8-1': 5.1}",0.02250000000002217,158.89,inf,158.905,158.905,158.905
470,T5,BESTEFFORT,MISSED,m1-1,49.074,"{'m1-1': 0.93, 'm2-1': 25.24, 'm3-1': 101.69, 'm4-1': 27.43, 'm5-1': 10.9, 'm6-1': 4.74, 'm7-1': 28.04, 'm8-1': 5.83}",0.2535000000000167,158.905,inf,159.074,159.074,159.074
471,T2,BESTEFFORT,MISSED,m1-1,49.083,"{'m1-1': 1.13, 'm2-1': 23.95, 'm3-1': 107.23, 'm4-1': 24.1, 'm5-1': 9.41, 'm6-1': 5.79, 'm7-1': 28.28, 'm8-1': 5.63}",0.013499999999979195,159.074,inf,159.083,159.083,159.083
472,T6,BESTEFFORT,MISSED,m1-1,49.121,"{'m1-1': 1.0, 'm2-1': 25.39, 'm3-1': 107.28, 'm4-1': 25.78, 'm5-1': 10.59, 'm6-1': 5.37, 'm7-1': 25.21, 'm8-1': 5.67}",0.05700000000001637,159.083,inf,159.121,159.121,159.121
473,T8,BESTEFFORT,MISSED,m1-1,49.125,"{'m1-1': 1.02, 'm2-1': 24.95, 'm3-1': 108.55, 'm4-1': 24.01, 'm5-1': 11.82, 'm6-1': 5.56, 'm7-1': 25.74, 'm8-1': 4.89}",0.0059999999999860165,159.121,inf,159.125,159.125,159.125
474,T8,BESTEFFORT,MISSED,m1-1,49.252,"{'m1-1': 0.95, 'm2-1': 25.6, 'm3-1': 104.97, 'm4-1': 24.14, 'm5-1': 11.76, 'm6-1': 5.74, 'm7-1': 24.76, 'm8-1': 5.31}",0.19050000000001432,159.125,inf,159.252,159.252,159.252
475,T7,BESTEFFORT,MISSED,m1-1,49.313,"{'m1-1': 1.03, 'm2-1': 24.61, 'm3-1': 110.74, 'm4-1': 28.54, 'm5-1': 11.23, 'm6-1': 4.91, 'm7-1': 24.51, 'm8-1': 5.15}",0.09149999999996794,159.252,inf,159.313,159.313,159.313
476,T7,BESTEFFORT,MISSED,m1-1,49.394,"{'m1-1': 0.93, 'm2-1': 27.64, 'm3-1': 111.14, 'm4-1': 26.78, 'm5-1': 11.39, 'm6-1': 5.08, 'm7-1': 25.63, 'm8-1': 5.31}",0.12150000000002592,159.313,inf,159.394,159.394,159.394
477,T2,BESTEFFORT,MISSED,m1-1,49.424,"{'m1-1': 1.03, 'm2-1': 26.99, 'm3-1': 100.54, 'm4-1': 25.97, 'm5-1': 10.83, 'm6-1': 5.04, 'm7-1': 24.37, 'm8-1': 5.58}",0.045000000000001705,159.394,inf,159.424,159.424,159.424
478,T2,BESTEFFORT,MISSED,m1-1,49.472,"{'m1-1': 1.11, 'm2-1': 27.02, 'm3-1': 110.66, 'm4-1': 24.58, 'm5-1': 10.51, 'm6-1': 5.3, 'm7-1': 26.38, 'm8-1': 5.32}",0.07200000000000273,159.424,inf,159.472,159.472,159.472
479,T5,BESTEFFORT,MISSED,m1-1,49.498,"{'m1-1': 0.94, 'm2-1': 26.14, 'm3-1': 110.45, 'm4-1': 26.57, 'm5-1': 10.64, 'm6-1': 4.89, 'm7-1': 26.77, 'm8-1': 5.15}",0.038999999999973056,159.472,inf,159.498,159.498,159.498
480,T4,BESTEFFORT,MISSED,m1-1,49.52,"{'m1-1': 1.15, 'm2-1': 25.05, 'm3-1': 100.93, 'm4-1': 25.86, 'm5-1': 9.4, 'm6-1': 5.18, 'm7-1': 25.86, 'm8-1': 4.77}",0.03300000000002967,159.498,inf,159.52,159.52,159.52
481,T7,BESTEFFORT,MISSED,m1-1,49.567,"{'m1-1': 0.97, 'm2-1': 24.54, 'm3-1': 101.82, 'm4-1': 28.94, 'm5-1': 9.86, 'm6-1': 5.45, 'm7-1': 24.51, 'm8-1': 5.13}",0.07049999999999557,159.52,inf,159.567,159.567,159.567
482,T3,BESTEFFORT,MISSED,m1-1,49.708,"{'m1-1': 0.96, 'm2-1': 26.92, 'm3-1': 104.97, 'm4-1': 25.44, 'm5-1': 9.43, 'm6-1': 5.2, 'm7-1': 26.64, 'm8-1': 5.07}",0.2114999999999867,159.567,inf,159.708,159.708,159.708
483,T1,BESTEFFORT,MISSED,m1-1,49.793,"{'m1-1': 0.99, 'm2-1': 26.13, 'm3-1': 102.25, 'm4-1': 26.35, 'm5-1': 9.38, 'm6-1': 5.35, 'm7-1': 25.62, 'm8-1': 4.87}",0.12750000000001194,159.708,inf,159.793,159.793,159.793
484,T2,BESTEFFORT,MISSED,m1-1,49.918,"{'m1-1': 0.97, 'm2-1': 26.7, 'm3-1': 108.9, 'm4-1': 24.7, 'm5-1': 9.52, 'm6-1': 5.17, 'm7-1': 24.46, 'm8-1': 5.79}",0.1875,159.793,inf,159.918,159.918,159.918
485,T2,BESTEFFORT,MISSED,m1-1,49.933,"{'m1-1': 0.96, 'm2-1': 24.33, 'm3-1': 99.5, 'm4-1': 25.37, 'm5-1': 9.96, 'm6-1': 5.85, 'm7-1': 28.27, 'm8-1': 4.96}",0.022499999999979536,159.918,inf,159.933,159.933,159.933
486,T6,BESTEFFORT,MISSED,m1-1,50.067,"{'m1-1': 1.09, 'm2-1': 29.22, 'm3-1': 110.95, 'm4-1': 25.19, 'm5-1': 10.34, 'm6-1': 5.01, 'm7-1': 28.22, 'm8-1': 5.33}",0.20100000000002183,159.933,inf,160.067,160.067,160.067
487,T1,BESTEFFORT,MISSED,m1-1,50.149,"{'m1-1': 1.01, 'm2-1': 27.37, 'm3-1': 103.99, 'm4-1': 27.85, 'm5-1': 9.96, 'm6-1': 5.3, 'm7-1': 27.88, 'm8-1': 5.01}",0.12299999999999045,160.067,inf,160.149,160.149,160.149
488,T1,BESTEFFORT,MISSED,m1-1,50.18,"{'m1-1': 1.06, 'm2-1': 25.93, 'm3-1': 117.79, 'm4-1': 24.58, 'm5-1': 9.17, 'm6-1': 5.21, 'm7-1': 26.46, 'm8-1': 5.34}",0.04650000000000887,160.149,inf,160.18,160.18,160.18
489,T8,BESTEFFORT,MISSED,m1-1,50.407,"{'m1-1': 1.0, 'm2-1': 23.08, 'm3-1': 108.74, 'm4-1': 23.44, 'm5-1': 11.14, 'm6-1': 4.99, 'm7-1': 26.09, 'm8-1': 4.68}",0.34049999999996317,160.18,inf,160.40699999999998,160.40699999999998,160.40699999999998
490,T5,BESTEFFORT,MISSED,m1-1,50.469,"{'m1-1': 1.1, 'm2-1': 26.17, 'm3-1': 111.81, 'm4-1': 24.11, 'm5-1': 10.39, 'm6-1': 4.74, 'm7-1': 27.48, 'm8-1': 5.15}",0.09300000000001774,160.40699999999998,inf,160.469,160.469,160.469
491,T2,BESTEFFORT,MISSED,m1-1,50.506,"{'m1-1': 1.04, 'm2-1': 24.81, 'm3-1': 105.1, 'm4-1': 25.37, 'm5-1': 9.52, 'm6-1': 5.59, 'm7-1': 27.35, 'm8-1': 5.48}",0.05550000000000921,160.469,inf,160.506,160.506,160.506
492,T1,BESTEFFORT,MISSED,m1-1,50.702,"{'m1-1': 1.07, 'm2-1': 24.4, 'm3-1': 110.38, 'm4-1': 26.34, 'm5-1': 9.74, 'm6-1': 5.36, 'm7-1': 28.02, 'm8-1': 5.37}",0.29399999999999693,160.506,inf,160.702,160.702,160.702
493,T8,BESTEFFORT,MISSED,m1-1,50.729,"{'m1-1': 1.08, 'm2-1': 27.11, 'm3-1': 115.56, 'm4-1': 24.13, 'm5-1': 10.86, 'm6-1': 5.46, 'm7-1': 26.01, 'm8-1': 5.26}",0.04049999999998022,160.702,inf,160.72899999999998,160.72899999999998,160.72899999999998
494,T7,BESTEFFORT,MISSED,m1-1,50.733,"{'m1-1': 0.99, 'm2-1': 26.1, 'm3-1': 112.4, 'm4-1': 27.1, 'm5-1': 9.84, 'm6-1': 4.88, 'm7-1': 23.9, 'm8-1': 5.59}",0.006000000000028649,160.72899999999998,inf,160.733,160.733,160.733
495,T4,BESTEFFORT,MISSED,m1-1,51.212,"{'m1-1': 1.14, 'm2-1': 27.44, 'm3-1': 102.51, 'm4-1': 26.74, 'm5-1': 10.9, 'm6-1': 5.8, 'm7-1': 26.54, 'm8-1': 5.5}",0.7184999999999775,160.733,inf,161.212,161.212,161.212
496,T4,BESTEFFORT,MISSED,m1-1,51.329,"{'m1-1': 1.1, 'm2-1': 26.54, 'm3-1': 111.93, 'm4-1': 23.38, 'm5-1': 10.64, 'm6-1': 5.07, 'm7-1': 27.07, 'm8-1': 5.37}",0.17550000000002797,161.212,inf,161.329,161.329,161.329
497,T4,BESTEFFORT,MISSED,m1-1,51.466,"{'m1-1': 1.11, 'm2-1': 24.2, 'm3-1': 100.6, 'm4-1': 24.18, 'm5-1': 9.76, 'm6-1': 5.4, 'm7-1': 26.62, 'm8-1': 4.84}",0.20550000000000068,161.329,inf,161.466,161.466,161.466
498,T1,BESTEFFORT,MISSED,m1-1,51.488,"{'m1-1': 1.14, 'm2-1': 24.4, 'm3-1': 106.25, 'm4-1': 28.06, 'm5-1': 10.47, 'm6-1': 5.27, 'm7-1': 24.46, 'm8-1': 4.83}",0.03299999999998704,161.466,inf,161.488,161.488,161.488
499,T10,BESTEFFORT,MISSED,m1-1,51.58,"{'m1-1': 1.07, 'm2-1': 25.66, 'm3-1': 111.21, 'm4-1': 27.0, 'm5-1': 11.05, 'm6-1': 5.03, 'm7-1': 24.01, 'm8-1': 5.14}",0.1379999999999768,161.488,inf,161.57999999999998,161.57999999999998,161.57999999999998
500,T6,BESTEFFORT,MISSED,m1-1,51.878,"{'m1-1': 0.92, 'm2-1': 28.55, 'm3-1': 99.14, 'm4-1': 27.25, 'm5-1': 10.01, 'm6-1': 5.55, 'm7-1': 27.41, 'm8-1': 5.46}",0.44700000000000273,161.57999999999998,inf,161.878,161.878,161.878
501,T10,BESTEFFORT,MISSED,m1-1,51.974,"{'m1-1': 1.11, 'm2-1': 29.02, 'm3-1': 105.82, 'm4-1': 27.35, 'm5-1': 10.08, 'm6-1': 5.35, 'm7-1': 24.13, 'm8-1': 5.57}",0.14400000000000546,161.878,inf,161.974,161.974,161.974
502,T2,BESTEFFORT,MISSED,m1-1,51.994,"{'m1-1': 1.07, 'm2-1': 23.9, 'm3-1': 104.74, 'm4-1': 27.82, 'm5-1': 9.48, 'm6-1': 5.02, 'm7-1': 27.08, 'm8-1': 5.08}",0.030000000000015348,161.974,inf,161.994,161.994,161.994
503,T4,BESTEFFORT,MISSED,m1-1,51.996,"{'m1-1': 1.14, 'm2-1': 23.21, 'm3-1': 111.81, 'm4-1': 25.95, 'm5-1': 10.78, 'm6-1': 5.58, 'm7-1': 26.92, 'm8-1': 4.96}",0.0030000000000143245,161.994,inf,161.996,161.996,161.996
504,T4,BESTEFFORT,MISSED,m1-1,52.161,"{'m1-1': 1.09, 'm2-1': 26.62, 'm3-1': 103.96, 'm4-1': 24.19, 'm5-1': 10.16, 'm6-1': 5.74, 'm7-1': 28.92, 'm8-1': 5.63}",0.24749999999998806,161.996,inf,162.161,162.161,162.161
505,T8,BESTEFFORT,MISSED,m1-1,52.392,"{'m1-1': 1.01, 'm2-1': 27.09, 'm3-1': 101.32, 'm4-1': 23.34, 'm5-1': 11.58, 'm6-1': 5.58, 'm7-1': 23.48, 'm8-1': 5.16}",0.3464999999999918,162.161,inf,162.392,162.392,162.392
506,T8,BESTEFFORT,MISSED,m1-1,52.455,"{'m1-1': 1.04, 'm2-1': 26.66, 'm3-1': 106.98, 'm4-1': 24.57, 'm5-1': 11.47, 'm6-1': 5.04, 'm7-1': 26.3, 'm8-1': 5.36}",0.09449999999998226,162.392,inf,162.45499999999998,162.45499999999998,162.45499999999998
507,T8,BESTEFFORT,MISSED,m1-1,52.963,"{'m1-1': 1.08, 'm2-1': 24.25, 'm3-1': 111.04, 'm4-1': 24.13, 'm5-1': 11.14, 'm6-1': 5.24, 'm7-1': 23.85, 'm8-1': 5.28}",0.7620000000000147,162.45499999999998,inf,162.963,162.963,162.963
508,T8,BESTEFFORT,MISSED,m1-1,53.005,"{'m1-1': 0.97, 'm2-1': 26.36, 'm3-1': 106.56, 'm4-1': 25.91, 'm5-1': 10.96, 'm6-1': 5.48, 'm7-1': 24.54, 'm8-1': 5.18}",0.06300000000000239,162.963,inf,163.005,163.005,163.005
509,T1,BESTEFFORT,MISSED,m1-1,53.204,"{'m1-1': 1.01, 'm2-1': 27.74, 'm3-1': 112.97, 'm4-1': 28.0, 'm5-1': 10.79, 'm6-1': 5.46, 'm7-1': 26.42, 'm8-1': 5.41}",0.2985000000000184,163.005,inf,163.204,163.204,163.204
510,T5,BESTEFFORT,MISSED,m1-1,53.229,"{'m1-1': 1.05, 'm2-1': 28.08, 'm3-1': 109.58, 'm4-1': 26.22, 'm5-1': 10.17, 'm6-1': 5.07, 'm7-1': 24.3, 'm8-1': 5.56}",0.037499999999965894,163.204,inf,163.22899999999998,163.22899999999998,163.22899999999998
511,T2,BESTEFFORT,MISSED,m1-1,53.338,"{'m1-1': 1.03, 'm2-1': 26.38, 'm3-1': 99.25, 'm4-1': 25.41, 'm5-1': 10.78, 'm6-1': 5.05, 'm7-1': 27.68, 'm8-1': 5.29}",0.1635000000000133,163.22899999999998,inf,163.338,163.338,163.338
512,T6,BESTEFFORT,MISSED,m1-1,53.572,"{'m1-1': 0.99, 'm2-1': 29.45, 'm3-1': 110.07, 'm4-1': 25.36, 'm5-1': 11.56, 'm6-1': 5.15, 'm7-1': 27.62, 'm8-1': 5.76}",0.3510000000000133,163.338,inf,163.572,163.572,163.572
513,T8,BESTEFFORT,MISSED,m1-1,53.65,"{'m1-1': 1.07, 'm2-1': 23.88, 'm3-1': 105.12, 'm4-1': 26.67, 'm5-1': 11.8, 'm6-1': 5.26, 'm7-1': 23.71, 'm8-1': 4.63}",0.11700000000000443,163.572,inf,163.65,163.65,163.65
514,T6,BESTEFFORT,MISSED,m1-1,53.911,"{'m1-1': 0.99, 'm2-1': 25.93, 'm3-1': 113.26, 'm4-1': 24.08, 'm5-1': 11.45, 'm6-1': 5.4, 'm7-1': 27.63, 'm8-1': 5.81}",0.3914999999999935,163.65,inf,163.911,163.911,163.911
515,T2,BESTEFFORT,MISSED,m1-1,53.966,"{'m1-1': 1.1, 'm2-1': 26.56, 'm3-1': 99.53, 'm4-1': 27.38, 'm5-1': 9.21, 'm6-1': 5.5, 'm7-1': 27.02, 'm8-1': 5.28}",0.08250000000001023,163.911,inf,163.966,163.966,163.966
516,T1,BESTEFFORT,MISSED,m1-1,54.015,"{'m1-1': 1.06, 'm2-1': 24.48, 'm3-1': 104.38, 'm4-1': 25.16, 'm5-1': 9.61, 'm6-1': 5.04, 'm7-1': 27.53, 'm8-1': 5.06}",0.07349999999996726,163.966,inf,164.015,164.015,164.015
517,T1,BESTEFFORT,MISSED,m1-1,54.075,"{'m1-1': 1.02, 'm2-1': 25.7, 'm3-1': 106.97, 'm4-1': 28.64, 'm5-1': 10.86, 'm6-1': 5.15, 'm7-1': 27.23, 'm8-1': 4.98}",0.09000000000000341,164.015,inf,164.075,164.075,164.075
518,T7,BESTEFFORT,MISSED,m1-1,54.239,"{'m1-1': 1.04, 'm2-1': 26.53, 'm3-1': 110.93, 'm4-1': 28.38, 'm5-1': 10.42, 'm6-1': 5.45, 'm7-1': 25.07, 'm8-1': 5.36}",0.24600000000002353,164.075,inf,164.239,164.239,164.239
519,T3,BESTEFFORT,MISSED,m1-1,54.264,"{'m1-1': 1.05, 'm2-1': 26.02, 'm3-1': 115.78, 'm4-1': 24.76, 'm5-1': 10.2, 'm6-1': 5.18, 'm7-1': 27.72, 'm8-1': 5.74}",0.037500000000008527,164.239,inf,164.264,164.264,164.264
520,T1,BESTEFFORT,MISSED,m1-1,54.374,"{'m1-1': 1.17, 'm2-1': 23.4, 'm3-1': 103.35, 'm4-1': 25.17, 'm5-1': 10.74, 'm6-1': 5.81, 'm7-1': 24.37, 'm8-1': 4.78}",0.16499999999997783,164.264,inf,164.374,164.374,164.374
521,T2,BESTEFFORT,MISSED,m1-1,54.525,"{'m1-1': 1.02, 'm2-1': 25.83, 'm3-1': 109.69, 'm4-1': 28.07, 'm5-1': 10.44, 'm6-1': 5.55, 'm7-1': 25.79, 'm8-1': 5.37}",0.2265000000000157,164.374,inf,164.525,164.525,164.525
522,T10,BESTEFFORT,MISSED,m1-1,54.532,"{'m1-1': 1.01, 'm2-1': 27.35, 'm3-1': 109.91, 'm4-1': 25.73, 'm5-1': 9.84, 'm6-1': 5.78, 'm7-1': 27.32, 'm8-1': 5.34}",0.01049999999996487,164.525,inf,164.53199999999998,164.53199999999998,164.53199999999998
523,T2,BESTEFFORT,MISSED,m1-1,54.634,"{'m1-1': 0.98, 'm2-1': 26.0, 'm3-1': 110.26, 'm4-1': 23.72, 'm5-1': 10.09, 'm6-1': 5.3, 'm7-1': 25.64, 'm8-1': 5.5}",0.15300000000004843,164.53199999999998,inf,164.63400000000001,164.63400000000001,164.63400000000001
524,T8,BESTEFFORT,MISSED,m1-1,54.675,"{'m1-1': 0.97, 'm2-1': 24.85, 'm3-1': 104.8, 'm4-1': 26.79, 'm5-1': 11.74, 'm6-1': 5.72, 'm7-1': 27.55, 'm8-1': 5.41}",0.061499999999995225,164.63400000000001,inf,164.675,164.675,164.675
525,T5,BESTEFFORT,MISSED,m1-1,54.819,"{'m1-1': 1.0, 'm2-1': 25.84, 'm3-1': 98.43, 'm4-1': 25.1, 'm5-1': 10.48, 'm6-1': 5.08, 'm7-1': 27.13, 'm8-1': 5.34}",0.21600000000000819,164.675,inf,164.81900000000002,164.81900000000002,164.81900000000002
526,T4,BESTEFFORT,MISSED,m1-1,55.082,"{'m1-1': 1.07, 'm2-1': 26.16, 'm3-1': 106.57, 'm4-1': 25.56, 'm5-1': 9.32, 'm6-1': 5.04, 'm7-1': 29.5, 'm8-1': 5.51}",0.3944999999999652,164.81900000000002,inf,165.082,165.082,165.082
527,T1,BESTEFFORT,MISSED,m1-1,55.101,"{'m1-1': 1.16, 'm2-1': 23.7, 'm3-1': 115.33, 'm4-1': 27.23, 'm5-1': 10.19, 'm6-1': 5.71, 'm7-1': 26.79, 'm8-1': 4.91}",0.028500000000008185,165.082,inf,165.101,165.101,165.101
528,T3,BESTEFFORT,MISSED,m1-1,55.161,"{'m1-1': 1.05, 'm2-1': 27.53, 'm3-1': 116.56, 'm4-1': 25.35, 'm5-1': 9.74, 'm6-1': 5.2, 'm7-1': 27.53, 'm8-1': 5.37}",0.09000000000000341,165.101,inf,165.161,165.161,165.161
529,T5,BESTEFFORT,MISSED,m1-1,55.219,"{'m1-1': 0.92, 'm2-1': 24.83, 'm3-1': 111.68, 'm4-1': 25.97, 'm5-1': 9.46, 'm6-1': 4.79, 'm7-1': 24.36, 'm8-1': 5.05}",0.08699999999998909,165.161,inf,165.219,165.219,165.219
530,T9,BESTEFFORT,MISSED,m1-1,55.249,"{'m1-1': 1.08, 'm2-1': 25.15, 'm3-1': 95.86, 'm4-1': 23.68, 'm5-1': 10.67, 'm6-1': 4.93, 'm7-1': 26.76, 'm8-1': 5.21}",0.045000000000001705,165.219,inf,165.249,165.249,165.249
531,T6,BESTEFFORT,MISSED,m1-1,55.337,"{'m1-1': 1.02, 'm2-1': 28.55, 'm3-1': 115.84, 'm4-1': 24.0, 'm5-1': 10.66, 'm6-1': 5.45, 'm7-1': 27.32, 'm8-1': 5.32}",0.1319999999999908,165.249,inf,165.337,165.337,165.337
532,T3,BESTEFFORT,MISSED,m1-1,55.377,"{'m1-1': 1.11, 'm2-1': 24.55, 'm3-1': 102.92, 'm4-1': 25.35, 'm5-1': 9.19, 'm6-1': 4.64, 'm7-1': 25.16, 'm8-1': 5.87}",0.060000000000030695,165.337,inf,165.377,165.377,165.377
533,T1,BESTEFFORT,MISSED,m1-1,55.445,"{'m1-1': 1.06, 'm2-1': 23.96, 'm3-1': 113.89, 'm4-1': 25.61, 'm5-1': 9.94, 'm6-1': 5.75, 'm7-1': 25.38, 'm8-1': 4.79}",0.10199999999997544,165.377,inf,165.445,165.445,165.445
534,T6,BESTEFFORT,MISSED,m1-1,55.497,"{'m1-1': 1.03, 'm2-1': 25.1, 'm3-1': 100.53, 'm4-1': 25.7, 'm5-1': 10.69, 'm6-1': 5.11, 'm7-1': 25.28, 'm8-1': 5.4}",0.07800000000003138,165.445,inf,165.497,165.497,165.497
535,T5,BESTEFFORT,MISSED,m1-1,55.584,"{'m1-1': 1.07, 'm2-1': 24.77, 'm3-1': 109.11, 'm4-1': 25.45, 'm5-1': 9.55, 'm6-1': 5.55, 'm7-1': 25.44, 'm8-1': 5.06}",0.13049999999998363,165.497,inf,165.584,165.584,165.584
536,T3,BESTEFFORT,MISSED,m1-1,55.764,"{'m1-1': 1.09, 'm2-1': 24.45, 'm3-1': 110.86, 'm4-1': 25.82, 'm5-1': 10.32, 'm6-1': 4.68, 'm7-1': 23.87, 'm8-1': 5.62}",0.27000000000001023,165.584,inf,165.764,165.764,165.764
537,T5,BESTEFFORT,MISSED,m1-1,55.768,"{'m1-1': 0.99, 'm2-1': 26.76, 'm3-1': 94.14, 'm4-1': 24.74, 'm5-1': 9.55, 'm6-1': 5.4, 'm7-1': 27.95, 'm8-1': 5.58}",0.0059999999999860165,165.764,inf,165.768,165.768,165.768
538,T8,BESTEFFORT,MISSED,m1-1,55.975,"{'m1-1': 1.07, 'm2-1': 25.6, 'm3-1': 109.39, 'm4-1': 23.74, 'm5-1': 11.32, 'm6-1': 5.76, 'm7-1': 27.58, 'm8-1': 5.35}",0.31049999999999045,165.768,inf,165.975,165.975,165.975
539,T9,BESTEFFORT,MISSED,m1-1,56.04,"{'m1-1': 1.04, 'm2-1': 27.62, 'm3-1': 105.09, 'm4-1': 27.35, 'm5-1': 10.27, 'm6-1': 5.45, 'm7-1': 26.12, 'm8-1': 5.18}",0.09749999999999659,165.975,inf,166.04,166.04,166.04
540,T8,BESTEFFORT,MISSED,m1-1,56.124,"{'m1-1': 1.0, 'm2-1': 26.46, 'm3-1': 104.44, 'm4-1': 24.64, 'm5-1': 11.81, 'm6-1': 5.14, 'm7-1': 23.59, 'm8-1': 5.14}",0.12600000000000477,166.04,inf,166.124,166.124,166.124
541,T3,BESTEFFORT,MISSED,m1-1,56.149,"{'m1-1': 1.03, 'm2-1': 24.72, 'm3-1': 99.38, 'm4-1': 24.56, 'm5-1': 9.8, 'm6-1': 5.28, 'm7-1': 26.68, 'm8-1': 5.24}",0.037500000000008527,166.124,inf,166.149,166.149,166.149
542,T1,BESTEFFORT,MISSED,m1-1,56.273,"{'m1-1': 1.06, 'm2-1': 26.54, 'm3-1': 117.56, 'm4-1': 25.02, 'm5-1': 9.51, 'm6-1': 5.4, 'm7-1': 27.97, 'm8-1': 5.2}",0.18599999999999284,166.149,inf,166.273,166.273,166.273
543,T5,BESTEFFORT,MISSED,m1-1,56.3,"{'m1-1': 1.07, 'm2-1': 27.27, 'm3-1': 97.54, 'm4-1': 26.39, 'm5-1': 10.47, 'm6-1': 4.78, 'm7-1': 25.68, 'm8-1': 5.08}",0.04050000000002285,166.273,inf,166.3,166.3,166.3
544,T6,BESTEFFORT,MISSED,m1-1,56.438,"{'m1-1': 0.95, 'm2-1': 27.13, 'm3-1': 99.28, 'm4-1': 26.19, 'm5-1': 10.02, 'm6-1': 5.56, 'm7-1': 29.31, 'm8-1': 5.59}",0.2069999999999652,166.3,inf,166.438,166.438,166.438
545,T10,BESTEFFORT,MISSED,m1-1,56.75,"{'m1-1': 1.17, 'm2-1': 29.39, 'm3-1': 103.18, 'm4-1': 27.21, 'm5-1': 10.14, 'm6-1': 5.24, 'm7-1': 27.31, 'm8-1': 4.92}",0.46800000000001774,166.438,inf,166.75,166.75,166.75
546,T7,BESTEFFORT,MISSED,m1-1,56.779,"{'m1-1': 0.99, 'm2-1': 24.6, 'm3-1': 101.72, 'm4-1': 25.5, 'm5-1': 11.14, 'm6-1': 5.66, 'm7-1': 25.22, 'm8-1': 5.68}",0.04349999999999454,166.75,inf,166.779,166.779,166.779
547,T3,BESTEFFORT,MISSED,m1-1,56.96,"{'m1-1': 1.02, 'm2-1': 27.78, 'm3-1': 105.67, 'm4-1': 25.59, 'm5-1': 10.1, 'm6-1': 4.85, 'm7-1': 26.37, 'm8-1': 5.1}",0.2715000000000174,166.779,inf,166.96,166.96,166.96
548,T10,BESTEFFORT,MISSED,m1-1,57.021,"{'m1-1': 1.01, 'm2-1': 27.79, 'm3-1': 97.51, 'm4-1': 27.62, 'm5-1': 9.89, 'm6-1': 5.72, 'm7-1': 25.88, 'm8-1': 5.0}",0.09150000000001057,166.96,inf,167.02100000000002,167.02100000000002,167.02100000000002
549,T1,BESTEFFORT,MISSED,m1-1,57.042,"{'m1-1': 1.14, 'm2-1': 23.52, 'm3-1': 103.96, 'm4-1': 26.68, 'm5-1': 9.3, 'm6-1': 5.58, 'm7-1': 27.38, 'm8-1': 5.44}",0.03149999999997988,167.02100000000002,inf,167.042,167.042,167.042
550,T6,BESTEFFORT,MISSED,m1-1,57.096,"{'m1-1': 0.94, 'm2-1': 25.24, 'm3-1': 107.4, 'm4-1': 24.66, 'm5-1': 10.86, 'm6-1': 4.99, 'm7-1': 29.41, 'm8-1': 5.56}",0.08100000000000307,167.042,inf,167.096,167.096,167.096
551,T9,BESTEFFORT,MISSED,m1-1,57.457,"{'m1-1': 1.01, 'm2-1': 28.34, 'm3-1': 104.35, 'm4-1': 25.52, 'm5-1': 10.54, 'm6-1': 5.29, 'm7-1': 27.66, 'm8-1': 4.77}",0.541499999999985,167.096,inf,167.457,167.457,167.457
552,T7,BESTEFFORT,MISSED,m1-1,57.519,"{'m1-1': 1.01, 'm2-1': 25.88, 'm3-1': 114.69, 'm4-1': 29.29, 'm5-1': 11.3, 'm6-1': 5.5, 'm7-1': 27.11, 'm8-1': 5.6}",0.09300000000001774,167.457,inf,167.519,167.519,167.519
553,T2,BESTEFFORT,MISSED,m1-1,57.536,"{'m1-1': 1.01, 'm2-1': 24.9, 'm3-1': 97.34, 'm4-1': 24.29, 'm5-1': 10.45, 'm6-1': 5.43, 'm7-1': 24.78, 'm8-1': 5.7}",0.02549999999999386,167.519,inf,167.536,167.536,167.536
554,T6,BESTEFFORT,MISSED,m1-1,57.645,"{'m1-1': 0.98, 'm2-1': 26.33, 'm3-1': 108.26, 'm4-1': 23.73, 'm5-1': 11.79, 'm6-1': 5.32, 'm7-1': 26.46, 'm8-1': 5.56}",0.1635000000000133,167.536,inf,167.645,167.645,167.645
555,T3,BESTEFFORT,MISSED,m1-1,57.666,"{'m1-1': 1.03, 'm2-1': 25.52, 'm3-1': 107.39, 'm4-1': 26.29, 'm5-1': 10.17, 'm6-1': 5.34, 'm7-1': 25.78, 'm8-1': 5.12}",0.03149999999997988,167.645,inf,167.666,167.666,167.666
556,T4,BESTEFFORT,MISSED,m1-1,57.671,"{'m1-1': 1.01, 'm2-1': 25.56, 'm3-1': 111.37, 'm4-1': 23.95, 'm5-1': 10.83, 'm6-1': 5.66, 'm7-1': 28.99, 'm8-1': 4.94}",0.007499999999993179,167.666,inf,167.671,167.671,167.671
557,T9,BESTEFFORT,MISSED,m1-1,57.768,"{'m1-1': 1.1, 'm2-1': 25.49, 'm3-1': 105.3, 'm4-1': 24.33, 'm5-1': 10.15, 'm6-1': 5.52, 'm7-1': 26.96, 'm8-1': 5.36}",0.14550000000001262,167.671,inf,167.768,167.768,167.768
558,T7,BESTEFFORT,MISSED,m1-1,57.797,"{'m1-1': 1.03, 'm2-1': 26.94, 'm3-1': 104.76, 'm4-1': 28.04, 'm5-1': 11.14, 'm6-1': 5.12, 'm7-1': 24.65, 'm8-1': 5.13}",0.04349999999999454,167.768,inf,167.797,167.797,167.797
559,T9,BESTEFFORT,MISSED,m1-1,58.109,"{'m1-1': 0.99, 'm2-1': 25.66, 'm3-1': 99.08, 'm4-1': 27.47, 'm5-1': 9.44, 'm6-1': 5.63, 'm7-1': 29.0, 'm8-1': 4.73}",0.46800000000001774,167.797,inf,168.109,168.109,168.109
560,T10,BESTEFFORT,MISSED,m1-1,58.534,"{'m1-1': 1.1, 'm2-1': 25.24, 'm3-1': 113.49, 'm4-1': 26.35, 'm5-1': 10.56, 'm6-1': 5.29, 'm7-1': 25.62, 'm8-1': 5.3}",0.6374999999999744,168.109,inf,168.534,168.534,168.534
561,T10,BESTEFFORT,MISSED,m1-1,58.614,"{'m1-1': 1.12, 'm2-1': 28.24, 'm3-1': 106.52, 'm4-1': 24.37, 'm5-1': 11.0, 'm6-1': 5.47, 'm7-1': 27.66, 'm8-1': 5.02}",0.12000000000001876,168.534,inf,168.614,168.614,168.614
562,T7,BESTEFFORT,MISSED,m1-1,58.878,"{'m1-1': 0.95, 'm2-1': 27.86, 'm3-1': 102.29, 'm4-1': 26.69, 'm5-1': 10.51, 'm6-1': 5.74, 'm7-1': 27.81, 'm8-1': 5.42}",0.3959999999999724,168.614,inf,168.878,168.878,168.878
563,T3,BESTEFFORT,MISSED,m1-1,59.155,"{'m1-1': 1.05, 'm2-1': 26.55, 'm3-1': 114.33, 'm4-1': 24.91, 'm5-1': 9.9, 'm6-1': 5.25, 'm7-1': 27.76, 'm8-1': 4.99}",0.41550000000002285,168.878,inf,169.155,169.155,169.155
564,T10,BESTEFFORT,MISSED,m1-1,59.179,"{'m1-1': 1.06, 'm2-1': 26.24, 'm3-1': 108.69, 'm4-1': 24.8, 'm5-1': 11.1, 'm6-1': 5.89, 'm7-1': 25.84, 'm8-1': 4.89}",0.036000000000001364,169.155,inf,169.179,169.179,169.179
565,T8,BESTEFFORT,MISSED,m1-1,59.393,"{'m1-1': 1.01, 'm2-1': 25.58, 'm3-1': 100.15, 'm4-1': 25.25, 'm5-1': 11.04, 'm6-1': 4.94, 'm7-1': 23.71, 'm8-1': 5.43}",0.32099999999999795,169.179,inf,169.393,169.393,169.393
566,T2,BESTEFFORT,MISSED,m1-1,59.502,"{'m1-1': 0.99, 'm2-1': 27.1, 'm3-1': 110.21, 'm4-1': 23.72, 'm5-1': 9.68, 'm6-1': 5.77, 'm7-1': 23.95, 'm8-1': 4.98}",0.1635000000000133,169.393,inf,169.502,169.502,169.502
567,T3,BESTEFFORT,MISSED,m1-1,59.516,"{'m1-1': 1.02, 'm2-1': 24.52, 'm3-1': 101.06, 'm4-1': 25.34, 'm5-1': 10.37, 'm6-1': 4.64, 'm7-1': 25.44, 'm8-1': 5.26}",0.020999999999972374,169.502,inf,169.516,169.516,169.516
568,T7,BESTEFFORT,MISSED,m1-1,59.633,"{'m1-1': 1.07, 'm2-1': 24.49, 'm3-1': 111.81, 'm4-1': 25.29, 'm5-1': 10.72, 'm6-1': 5.53, 'm7-1': 25.49, 'm8-1': 5.11}",0.17550000000002797,169.516,inf,169.633,169.633,169.633
569,T4,BESTEFFORT,MISSED,m1-1,59.788,"{'m1-1': 1.14, 'm2-1': 27.11, 'm3-1': 107.52, 'm4-1': 26.75, 'm5-1': 10.8, 'm6-1': 5.35, 'm7-1': 28.89, 'm8-1': 5.66}",0.2325000000000017,169.633,inf,169.788,169.788,169.788
570,T1,BESTEFFORT,MISSED,m1-1,60.049,"{'m1-1': 1.14, 'm2-1': 25.14, 'm3-1': 110.57, 'm4-1': 26.37, 'm5-1': 10.23, 'm6-1': 5.35, 'm7-1': 26.05, 'm8-1': 4.89}",0.3914999999999935,169.788,inf,170.049,170.049,170.049
571,T6,BESTEFFORT,MISSED,m1-1,60.073,"{'m1-1': 0.97, 'm2-1': 26.25, 'm3-1': 115.9, 'm4-1': 27.93, 'm5-1': 11.37, 'm6-1': 5.23, 'm7-1': 29.43, 'm8-1': 5.51}",0.036000000000001364,170.049,inf,170.073,170.073,170.073
572,T2,BESTEFFORT,MISSED,m1-1,60.17,"{'m1-1': 0.96, 'm2-1': 27.7, 'm3-1': 101.81, 'm4-1': 27.46, 'm5-1': 9.28, 'm6-1': 5.2, 'm7-1': 26.64, 'm8-1': 5.16}",0.14550000000001262,170.073,inf,170.17000000000002,170.17000000000002,170.17000000000002
573,T10,BESTEFFORT,MISSED,m1-1,60.306,"{'m1-1': 1.04, 'm2-1': 28.57, 'm3-1': 113.18, 'm4-1': 25.09, 'm5-1': 11.26, 'm6-1': 5.42, 'm7-1': 25.83, 'm8-1': 5.06}",0.2039999999999509,170.17000000000002,inf,170.30599999999998,170.30599999999998,170.30599999999998
574,T6,BESTEFFORT,MISSED,m1-1,60.377,"{'m1-1': 1.08, 'm2-1': 28.56, 'm3-1': 110.72, 'm4-1': 24.39, 'm5-1': 10.66, 'm6-1': 4.98, 'm7-1': 27.88, 'm8-1': 5.74}",0.10650000000003956,170.30599999999998,inf,170.377,170.377,170.377
575,T10,BESTEFFORT,MISSED,m1-1,60.378,"{'m1-1': 1.02, 'm2-1': 27.61, 'm3-1': 106.3, 'm4-1': 27.55, 'm5-1': 9.8, 'm6-1': 5.34, 'm7-1': 23.99, 'm8-1': 5.34}",0.0014999999999645297,170.377,inf,170.378,170.378,170.378
576,T8,BESTEFFORT,MISSED,m1-1,60.391,"{'m1-1': 0.94, 'm2-1': 25.67, 'm3-1': 115.46, 'm4-1': 27.39, 'm5-1': 11.62, 'm6-1': 5.65, 'm7-1': 25.24, 'm8-1': 4.59}",0.019500000000007844,170.378,inf,170.391,170.391,170.391
577,T10,BESTEFFORT,MISSED,m1-1,60.535,"{'m1-1': 1.07, 'm2-1': 26.31, 'm3-1': 113.43, 'm4-1': 26.87, 'm5-1': 10.44, 'm6-1': 5.19, 'm7-1': 24.18, 'm8-1': 5.06}",0.21600000000000819,170.391,inf,170.535,170.535,170.535
578,T7,BESTEFFORT,MISSED,m1-1,60.544,"{'m1-1': 1.03, 'm2-1': 26.87, 'm3-1': 99.09, 'm4-1': 29.33, 'm5-1': 10.7, 'm6-1': 5.27, 'm7-1': 25.99, 'm8-1': 5.16}",0.013499999999979195,170.535,inf,170.54399999999998,170.54399999999998,170.54399999999998
579,T8,BESTEFFORT,MISSED,m1-1,60.674,"{'m1-1': 0.99, 'm2-1': 24.77, 'm3-1': 100.24, 'm4-1': 26.18, 'm5-1': 11.48, 'm6-1': 5.47, 'm7-1': 25.45, 'm8-1': 5.21}",0.1950000000000358,170.54399999999998,inf,170.674,170.674,170.674
580,T6,BESTEFFORT,MISSED,m1-1,60.676,"{'m1-1': 1.02, 'm2-1': 25.5, 'm3-1': 101.37, 'm4-1': 27.47, 'm5-1': 10.86, 'm6-1': 4.79, 'm7-1': 28.43, 'm8-1': 5.37}",0.002999999999971692,170.674,inf,170.676,170.676,170.676
581,T4,BESTEFFORT,MISSED,m1-1,60.71,"{'m1-1': 1.1, 'm2-1': 23.39, 'm3-1': 102.8, 'm4-1': 23.22, 'm5-1': 9.95, 'm6-1': 5.49, 'm7-1': 26.2, 'm8-1': 5.02}",0.051000000000030354,170.676,inf,170.71,170.71,170.71
582,T1,BESTEFFORT,MISSED,m1-1,60.759,"{'m1-1': 1.16, 'm2-1': 27.37, 'm3-1': 104.14, 'm4-1': 28.51, 'm5-1': 10.64, 'm6-1': 5.9, 'm7-1': 25.32, 'm8-1': 5.05}",0.07350000000000989,170.71,inf,170.75900000000001,170.75900000000001,170.75900000000001
583,T8,BESTEFFORT,MISSED,m1-1,60.763,"{'m1-1': 0.97, 'm2-1': 24.54, 'm3-1': 106.84, 'm4-1': 24.62, 'm5-1': 10.12, 'm6-1': 5.56, 'm7-1': 23.38, 'm8-1': 4.58}",0.0059999999999860165,170.75900000000001,inf,170.763,170.763,170.763
584,T5,BESTEFFORT,MISSED,m1-1,60.816,"{'m1-1': 0.96, 'm2-1': 25.4, 'm3-1': 99.94, 'm4-1': 25.42, 'm5-1': 10.27, 'm6-1': 4.8, 'm7-1': 26.83, 'm8-1': 5.31}",0.07949999999999591,170.763,inf,170.816,170.816,170.816
585,T7,BESTEFFORT,MISSED,m1-1,60.824,"{'m1-1': 0.97, 'm2-1': 23.73, 'm3-1': 101.94, 'm4-1': 26.59, 'm5-1': 10.34, 'm6-1': 5.56, 'm7-1': 28.3, 'm8-1': 5.31}",0.012000000000014666,170.816,inf,170.824,170.824,170.824
586,T4,BESTEFFORT,MISSED,m1-1,60.876,"{'m1-1': 1.0, 'm2-1': 23.89, 'm3-1': 101.61, 'm4-1': 26.62, 'm5-1': 9.39, 'm6-1': 5.48, 'm7-1': 26.68, 'm8-1': 5.44}",0.07799999999998875,170.824,inf,170.876,170.876,170.876
587,T1,BESTEFFORT,MISSED,m1-1,61.476,"{'m1-1': 1.06, 'm2-1': 26.32, 'm3-1': 114.11, 'm4-1': 25.22, 'm5-1': 9.83, 'm6-1': 5.18, 'm7-1': 25.76, 'm8-1': 5.21}",0.8999999999999915,170.876,inf,171.476,171.476,171.476
588,T10,BESTEFFORT,MISSED,m1-1,61.787,"{'m1-1': 1.02, 'm2-1': 27.74, 'm3-1': 99.37, 'm4-1': 25.81, 'm5-1': 10.15, 'm6-1': 5.64, 'm7-1': 25.43, 'm8-1': 4.92}",0.4665000000000106,171.476,inf,171.787,171.787,171.787
589,T9,BESTEFFORT,MISSED,m1-1,61.84,"{'m1-1': 1.04, 'm2-1': 28.06, 'm3-1': 95.24, 'm4-1': 24.48, 'm5-1': 9.55, 'm6-1': 4.93, 'm7-1': 27.46, 'm8-1': 5.21}",0.07949999999999591,171.787,inf,171.84,171.84,171.84
590,T2,BESTEFFORT,MISSED,m1-1,61.906,"{'m1-1': 1.09, 'm2-1': 25.99, 'm3-1': 106.02, 'm4-1': 25.64, 'm5-1': 10.55, 'm6-1': 5.56, 'm7-1': 25.63, 'm8-1': 5.7}",0.09900000000000375,171.84,inf,171.906,171.906,171.906
591,T3,BESTEFFORT,MISSED,m1-1,61.916,"{'m1-1': 1.01, 'm2-1': 26.73, 'm3-1': 115.84, 'm4-1': 24.3, 'm5-1': 10.08, 'm6-1': 4.85, 'm7-1': 26.27, 'm8-1': 5.05}",0.014999999999986358,171.906,inf,171.916,171.916,171.916
592,T10,BESTEFFORT,MISSED,m1-1,62.02,"{'m1-1': 1.04, 'm2-1': 26.14, 'm3-1': 99.28, 'm4-1': 24.55, 'm5-1': 11.1, 'm6-1': 5.24, 'm7-1': 25.22, 'm8-1': 5.51}",0.15600000000002012,171.916,inf,172.02,172.02,172.02
593,T5,BESTEFFORT,MISSED,m1-1,62.042,"{'m1-1': 0.98, 'm2-1': 27.86, 'm3-1': 97.41, 'm4-1': 23.82, 'm5-1': 10.33, 'm6-1': 4.91, 'm7-1': 25.61, 'm8-1': 5.22}",0.03299999999998704,172.02,inf,172.042,172.042,172.042
594,T1,BESTEFFORT,MISSED,m1-1,62.12,"{'m1-1': 1.01, 'm2-1': 23.35, 'm3-1': 113.47, 'm4-1': 26.08, 'm5-1': 9.18, 'm6-1': 5.48, 'm7-1': 24.71, 'm8-1': 4.69}",0.11700000000000443,172.042,inf,172.12,172.12,172.12
595,T9,BESTEFFORT,MISSED,m1-1,62.243,"{'m1-1': 1.06, 'm2-1': 25.77, 'm3-1': 99.28, 'm4-1': 27.05, 'm5-1': 10.2, 'm6-1': 5.22, 'm7-1': 27.66, 'm8-1': 5.28}",0.18449999999998568,172.12,inf,172.243,172.243,172.243
596,T7,BESTEFFORT,MISSED,m1-1,62.279,"{'m1-1': 0.96, 'm2-1': 24.47, 'm3-1': 100.69, 'm4-1': 26.68, 'm5-1': 10.92, 'm6-1': 4.89, 'm7-1': 24.64, 'm8-1': 5.18}",0.0,172.279,inf,172.279,172.279,172.279
597,T9,BESTEFFORT,MISSED,m1-1,62.279,"{'m1-1': 1.01, 'm2-1': 28.54, 'm3-1': 93.44, 'm4-1': 23.62, 'm5-1': 10.97, 'm6-1': 5.09, 'm7-1': 25.74, 'm8-1': 4.91}",0.054000000000002046,172.243,inf,172.279,172.279,172.279
598,T2,BESTEFFORT,MISSED,m1-1,62.398,"{'m1-1': 1.12, 'm2-1': 23.87, 'm3-1': 99.01, 'm4-1': 26.07, 'm5-1': 10.6, 'm6-1': 5.42, 'm7-1': 26.27, 'm8-1': 5.47}",0.17849999999999966,172.279,inf,172.398,172.398,172.398
599,T8,BESTEFFORT,MISSED,m1-1,62.633,"{'m1-1': 1.05, 'm2-1': 24.91, 'm3-1': 103.53, 'm4-1': 25.49, 'm5-1': 10.41, 'm6-1': 5.48, 'm7-1': 25.57, 'm8-1': 4.96}",0.35250000000002046,172.398,inf,172.633,172.633,172.633
600,T10,BESTEFFORT,MISSED,m1-1,62.815,"{'m1-1': 1.11, 'm2-1': 27.54, 'm3-1': 109.62, 'm4-1': 28.22, 'm5-1': 10.62, 'm6-1': 5.09, 'm7-1': 24.47, 'm8-1': 4.82}",0.2729999999999819,172.633,inf,172.815,172.815,172.815
601,T5,BESTEFFORT,MISSED,m1-1,62.824,"{'m1-1': 1.04, 'm2-1': 28.95, 'm3-1': 95.72, 'm4-1': 27.42, 'm5-1': 10.74, 'm6-1': 5.09, 'm7-1': 25.71, 'm8-1': 5.18}",0.013500000000021828,172.815,inf,172.824,172.824,172.824
602,T9,BESTEFFORT,MISSED,m1-1,63.102,"{'m1-1': 1.11, 'm2-1': 28.5, 'm3-1': 100.04, 'm4-1': 26.63, 'm5-1': 9.84, 'm6-1': 5.12, 'm7-1': 26.94, 'm8-1': 5.26}",0.4169999999999874,172.824,inf,173.102,173.102,173.102
603,T8,BESTEFFORT,MISSED,m1-1,63.119,"{'m1-1': 0.98, 'm2-1': 26.84, 'm3-1': 111.03, 'm4-1': 26.83, 'm5-1': 10.71, 'm6-1': 5.51, 'm7-1': 25.3, 'm8-1': 4.65}",0.02549999999999386,173.102,inf,173.119,173.119,173.119
604,T9,BESTEFFORT,MISSED,m1-1,63.165,"{'m1-1': 0.95, 'm2-1': 27.56, 'm3-1': 106.71, 'm4-1': 24.4, 'm5-1': 10.18, 'm6-1': 5.54, 'm7-1': 27.21, 'm8-1': 4.59}",0.0689999999999884,173.119,inf,173.165,173.165,173.165
605,T1,BESTEFFORT,MISSED,m1-1,63.202,"{'m1-1': 0.99, 'm2-1': 26.72, 'm3-1': 104.17, 'm4-1': 28.7, 'm5-1': 9.47, 'm6-1': 5.46, 'm7-1': 26.46, 'm8-1': 5.12}",0.05550000000000921,173.165,inf,173.202,173.202,173.202
606,T7,BESTEFFORT,MISSED,m1-1,63.273,"{'m1-1': 1.02, 'm2-1': 27.86, 'm3-1': 99.37, 'm4-1': 26.32, 'm5-1': 11.13, 'm6-1': 5.66, 'm7-1': 23.92, 'm8-1': 5.25}",0.10649999999999693,173.202,inf,173.273,173.273,173.273
607,T9,BESTEFFORT,MISSED,m1-1,63.416,"{'m1-1': 0.96, 'm2-1': 26.34, 'm3-1': 108.67, 'm4-1': 24.54, 'm5-1': 10.08, 'm6-1': 5.72, 'm7-1': 28.22, 'm8-1': 4.73}",0.21450000000000102,173.273,inf,173.416,173.416,173.416
608,T6,BESTEFFORT,MISSED,m1-1,63.623,"{'m1-1': 1.05, 'm2-1': 29.31, 'm3-1': 99.65, 'm4-1': 25.03, 'm5-1': 11.17, 'm6-1': 4.77, 'm7-1': 26.75, 'm8-1': 5.76}",0.31049999999999045,173.416,inf,173.623,173.623,173.623
609,T9,BESTEFFORT,MISSED,m1-1,63.653,"{'m1-1': 0.98, 'm2-1': 25.54, 'm3-1': 101.66, 'm4-1': 23.79, 'm5-1': 10.78, 'm6-1': 5.54, 'm7-1': 26.67, 'm8-1': 5.14}",0.045000000000001705,173.623,inf,173.653,173.653,173.653
610,T9,BESTEFFORT,MISSED,m1-1,63.932,"{'m1-1': 0.97, 'm2-1': 28.94, 'm3-1': 91.57, 'm4-1': 24.2, 'm5-1': 10.74, 'm6-1': 5.63, 'm7-1': 28.53, 'm8-1': 4.89}",0.4185000000000372,173.653,inf,173.93200000000002,173.93200000000002,173.93200000000002
611,T5,BESTEFFORT,MISSED,m1-1,64.072,"{'m1-1': 1.01, 'm2-1': 26.88, 'm3-1': 111.65, 'm4-1': 24.19, 'm5-1': 9.77, 'm6-1': 4.84, 'm7-1': 26.46, 'm8-1': 5.14}",0.20999999999997954,173.93200000000002,inf,174.072,174.072,174.072
612,T5,BESTEFFORT,MISSED,m1-1,64.077,"{'m1-1': 1.08, 'm2-1': 25.83, 'm3-1': 104.92, 'm4-1': 23.83, 'm5-1': 10.22, 'm6-1': 4.84, 'm7-1': 25.32, 'm8-1': 5.79}",0.007499999999993179,174.072,inf,174.077,174.077,174.077
613,T6,BESTEFFORT,MISSED,m1-1,64.241,"{'m1-1': 1.0, 'm2-1': 26.32, 'm3-1': 104.19, 'm4-1': 23.53, 'm5-1': 11.06, 'm6-1': 5.37, 'm7-1': 27.57, 'm8-1': 5.28}",0.2459999999999809,174.077,inf,174.24099999999999,174.24099999999999,174.24099999999999
614,T2,BESTEFFORT,MISSED,m1-1,64.334,"{'m1-1': 1.06, 'm2-1': 24.19, 'm3-1': 97.96, 'm4-1': 27.07, 'm5-1': 10.32, 'm6-1': 5.56, 'm7-1': 24.59, 'm8-1': 5.41}",0.1395000000000266,174.24099999999999,inf,174.334,174.334,174.334
615,T1,BESTEFFORT,MISSED,m1-1,64.418,"{'m1-1': 1.14, 'm2-1': 26.81, 'm3-1': 106.55, 'm4-1': 26.28, 'm5-1': 10.36, 'm6-1': 5.77, 'm7-1': 25.01, 'm8-1': 5.13}",0.12600000000000477,174.334,inf,174.418,174.418,174.418
616,T4,BESTEFFORT,MISSED,m1-1,64.435,"{'m1-1': 1.06, 'm2-1': 26.34, 'm3-1': 112.0, 'm4-1': 24.96, 'm5-1': 9.75, 'm6-1': 5.83, 'm7-1': 26.08, 'm8-1': 5.65}",0.02549999999999386,174.418,inf,174.435,174.435,174.435
617,T7,BESTEFFORT,MISSED,m1-1,64.518,"{'m1-1': 1.06, 'm2-1': 24.72, 'm3-1': 104.08, 'm4-1': 26.6, 'm5-1': 10.09, 'm6-1': 5.41, 'm7-1': 27.71, 'm8-1': 5.47}",0.12449999999999761,174.435,inf,174.518,174.518,174.518
618,T1,BESTEFFORT,MISSED,m1-1,64.784,"{'m1-1': 1.08, 'm2-1': 24.84, 'm3-1': 115.82, 'm4-1': 27.83, 'm5-1': 10.79, 'm6-1': 5.18, 'm7-1': 23.69, 'm8-1': 4.7}",0.3989999999999867,174.518,inf,174.784,174.784,174.784
619,T4,BESTEFFORT,MISSED,m1-1,64.793,"{'m1-1': 1.13, 'm2-1': 26.94, 'm3-1': 115.37, 'm4-1': 25.28, 'm5-1': 9.88, 'm6-1': 5.09, 'm7-1': 26.55, 'm8-1': 5.31}",0.013500000000021828,174.784,inf,174.793,174.793,174.793
620,T5,BESTEFFORT,MISSED,m1-1,64.814,"{'m1-1': 0.97, 'm2-1': 26.29, 'm3-1': 98.75, 'm4-1': 23.85, 'm5-1': 10.13, 'm6-1': 5.49, 'm7-1': 27.25, 'm8-1': 5.24}",0.03149999999997988,174.793,inf,174.814,174.814,174.814
621,T6,BESTEFFORT,MISSED,m1-1,64.878,"{'m1-1': 1.01, 'm2-1': 28.83, 'm3-1': 103.55, 'm4-1': 26.08, 'm5-1': 11.51, 'm6-1': 5.07, 'm7-1': 27.67, 'm8-1': 5.46}",0.09599999999998943,174.814,inf,174.878,174.878,174.878
622,T9,BESTEFFORT,MISSED,m1-1,65.071,"{'m1-1': 0.99, 'm2-1': 24.99, 'm3-1': 106.78, 'm4-1': 27.04, 'm5-1': 10.35, 'm6-1': 5.42, 'm7-1': 28.2, 'm8-1': 5.21}",0.2895000000000181,174.878,inf,175.071,175.071,175.071
623,T5,BESTEFFORT,MISSED,m1-1,65.518,"{'m1-1': 1.03, 'm2-1': 25.08, 'm3-1': 107.5, 'm4-1': 24.56, 'm5-1': 10.85, 'm6-1': 5.3, 'm7-1': 26.76, 'm8-1': 5.32}",0.6705000000000041,175.071,inf,175.518,175.518,175.518
624,T7,BESTEFFORT,MISSED,m1-1,65.584,"{'m1-1': 0.96, 'm2-1': 26.24, 'm3-1': 107.03, 'm4-1': 29.36, 'm5-1': 9.93, 'm6-1': 5.22, 'm7-1': 26.44, 'm8-1': 5.56}",0.09900000000000375,175.518,inf,175.584,175.584,175.584
625,T1,BESTEFFORT,MISSED,m1-1,65.651,"{'m1-1': 1.02, 'm2-1': 25.85, 'm3-1': 102.54, 'm4-1': 25.77, 'm5-1': 10.22, 'm6-1': 5.98, 'm7-1': 27.89, 'm8-1': 4.9}",0.10050000000001091,175.584,inf,175.651,175.651,175.651
626,T2,BESTEFFORT,MISSED,m1-1,65.657,"{'m1-1': 1.12, 'm2-1': 24.46, 'm3-1': 110.68, 'm4-1': 27.76, 'm5-1': 10.32, 'm6-1': 5.45, 'm7-1': 26.11, 'm8-1': 5.5}",0.008999999999957708,175.651,inf,175.65699999999998,175.65699999999998,175.65699999999998
627,T4,BESTEFFORT,MISSED,m1-1,65.671,"{'m1-1': 1.08, 'm2-1': 26.42, 'm3-1': 104.29, 'm4-1': 26.8, 'm5-1': 10.89, 'm6-1': 5.32, 'm7-1': 26.44, 'm8-1': 5.51}",0.021000000000015007,175.65699999999998,inf,175.671,175.671,175.671
628,T5,BESTEFFORT,MISSED,m1-1,65.793,"{'m1-1': 1.08, 'm2-1': 26.84, 'm3-1': 104.28, 'm4-1': 24.91, 'm5-1': 9.71, 'm6-1': 5.0, 'm7-1': 27.01, 'm8-1': 5.62}",0.18300000000002115,175.671,inf,175.793,175.793,175.793
629,T2,BESTEFFORT,MISSED,m1-1,65.847,"{'m1-1': 1.1, 'm2-1': 26.96, 'm3-1': 112.97, 'm4-1': 26.67, 'm5-1': 9.3, 'm6-1': 5.45, 'm7-1': 25.63, 'm8-1': 4.94}",0.08099999999996044,175.793,inf,175.84699999999998,175.84699999999998,175.84699999999998
630,T2,BESTEFFORT,MISSED,m1-1,66.058,"{'m1-1': 1.07, 'm2-1': 24.5, 'm3-1': 113.36, 'm4-1': 25.92, 'm5-1': 9.29, 'm6-1': 5.3, 'm7-1': 25.08, 'm8-1': 5.65}",0.3165000000000191,175.84699999999998,inf,176.058,176.058,176.058
631,T10,BESTEFFORT,MISSED,m1-1,66.093,"{'m1-1': 1.05, 'm2-1': 25.77, 'm3-1': 104.91, 'm4-1': 26.63, 'm5-1': 11.0, 'm6-1': 5.76, 'm7-1': 23.96, 'm8-1': 5.45}",0.05250000000003752,176.058,inf,176.09300000000002,176.09300000000002,176.09300000000002
632,T6,BESTEFFORT,MISSED,m1-1,66.213,"{'m1-1': 0.95, 'm2-1': 26.31, 'm3-1': 105.04, 'm4-1': 26.18, 'm5-1': 10.98, 'm6-1': 5.46, 'm7-1': 27.24, 'm8-1': 5.32}",0.1799999999999642,176.09300000000002,inf,176.213,176.213,176.213
633,T6,BESTEFFORT,MISSED,m1-1,66.287,"{'m1-1': 0.98, 'm2-1': 26.95, 'm3-1': 105.26, 'm4-1': 27.3, 'm5-1': 10.28, 'm6-1': 4.79, 'm7-1': 29.83, 'm8-1': 5.86}",0.11100000000001842,176.213,inf,176.287,176.287,176.287
634,T9,BESTEFFORT,MISSED,m1-1,66.435,"{'m1-1': 0.97, 'm2-1': 28.46, 'm3-1': 106.25, 'm4-1': 25.65, 'm5-1': 11.0, 'm6-1': 5.34, 'm7-1': 25.24, 'm8-1': 4.71}",0.2219999999999942,176.287,inf,176.435,176.435,176.435
635,T10,BESTEFFORT,MISSED,m1-1,66.594,"{'m1-1': 1.02, 'm2-1': 27.17, 'm3-1': 100.82, 'm4-1': 27.5, 'm5-1': 10.83, 'm6-1': 5.77, 'm7-1': 24.87, 'm8-1': 5.07}",0.23849999999998772,176.435,inf,176.594,176.594,176.594
636,T6,BESTEFFORT,MISSED,m1-1,66.626,"{'m1-1': 1.06, 'm2-1': 25.6, 'm3-1': 108.08, 'm4-1': 26.75, 'm5-1': 10.31, 'm6-1': 5.57, 'm7-1': 27.43, 'm8-1': 5.75}",0.04800000000001603,176.594,inf,176.626,176.626,176.626
637,T8,BESTEFFORT,MISSED,m1-1,66.66,"{'m1-1': 1.01, 'm2-1': 24.9, 'm3-1': 112.9, 'm4-1': 24.92, 'm5-1': 10.7, 'm6-1': 5.48, 'm7-1': 25.05, 'm8-1': 5.22}",0.05099999999998772,176.626,inf,176.66,176.66,176.66
638,T4,BESTEFFORT,MISSED,m1-1,66.698,"{'m1-1': 1.01, 'm2-1': 25.52, 'm3-1': 114.5, 'm4-1': 23.29, 'm5-1': 9.47, 'm6-1': 5.78, 'm7-1': 25.68, 'm8-1': 4.92}",0.05699999999997374,176.66,inf,176.69799999999998,176.69799999999998,176.69799999999998
639,T5,BESTEFFORT,MISSED,m1-1,66.731,"{'m1-1': 0.98, 'm2-1': 28.35, 'm3-1': 101.25, 'm4-1': 24.72, 'm5-1': 10.24, 'm6-1': 5.17, 'm7-1': 27.24, 'm8-1': 5.24}",0.04950000000002319,176.69799999999998,inf,176.731,176.731,176.731
640,T10,BESTEFFORT,MISSED,m1-1,66.885,"{'m1-1': 1.01, 'm2-1': 25.13, 'm3-1': 102.44, 'm4-1': 25.3, 'm5-1': 10.75, 'm6-1': 5.47, 'm7-1': 26.33, 'm8-1': 5.42}",0.23099999999999454,176.731,inf,176.885,176.885,176.885
641,T7,BESTEFFORT,MISSED,m1-1,66.955,"{'m1-1': 0.92, 'm2-1': 27.23, 'm3-1': 105.25, 'm4-1': 25.26, 'm5-1': 10.37, 'm6-1': 5.42, 'm7-1': 26.89, 'm8-1': 5.34}",0.10499999999998977,176.885,inf,176.95499999999998,176.95499999999998,176.95499999999998
642,T6,BESTEFFORT,MISSED,m1-1,67.167,"{'m1-1': 0.95, 'm2-1': 25.74, 'm3-1': 115.49, 'm4-1': 27.9, 'm5-1': 11.66, 'm6-1': 5.0, 'm7-1': 29.43, 'm8-1': 5.58}",0.31800000000002626,176.95499999999998,inf,177.167,177.167,177.167
643,T9,BESTEFFORT,MISSED,m1-1,67.29,"{'m1-1': 1.09, 'm2-1': 25.22, 'm3-1': 102.44, 'm4-1': 25.1, 'm5-1': 10.45, 'm6-1': 5.05, 'm7-1': 27.07, 'm8-1': 5.19}",0.1845000000000283,177.167,inf,177.29000000000002,177.29000000000002,177.29000000000002
644,T7,BESTEFFORT,MISSED,m1-1,67.362,"{'m1-1': 1.08, 'm2-1': 27.07, 'm3-1': 114.98, 'm4-1': 27.01, 'm5-1': 11.04, 'm6-1': 5.63, 'm7-1': 24.74, 'm8-1': 4.9}",0.10799999999996146,177.29000000000002,inf,177.362,177.362,177.362
645,T6,BESTEFFORT,MISSED,m1-1,67.365,"{'m1-1': 0.98, 'm2-1': 26.27, 'm3-1': 104.4, 'm4-1': 24.53, 'm5-1': 10.21, 'm6-1': 5.53, 'm7-1': 25.41, 'm8-1': 5.66}",0.004500000000021487,177.362,inf,177.365,177.365,177.365
646,T7,BESTEFFORT,MISSED,m1-1,67.445,"{'m1-1': 1.02, 'm2-1': 26.09, 'm3-1': 105.26, 'm4-1': 27.83, 'm5-1': 10.25, 'm6-1': 5.34, 'm7-1': 27.93, 'm8-1': 5.46}",0.11999999999997613,177.365,inf,177.445,177.445,177.445
647,T8,BESTEFFORT,MISSED,m1-1,67.593,"{'m1-1': 1.06, 'm2-1': 24.26, 'm3-1': 102.36, 'm4-1': 27.67, 'm5-1': 10.32, 'm6-1': 5.14, 'm7-1': 25.57, 'm8-1': 5.13}",0.22200000000003683,177.445,inf,177.59300000000002,177.59300000000002,177.59300000000002
648,T3,BESTEFFORT,MISSED,m1-1,67.594,"{'m1-1': 1.06, 'm2-1': 24.34, 'm3-1': 108.47, 'm4-1': 28.19, 'm5-1': 10.28, 'm6-1': 5.26, 'm7-1': 24.5, 'm8-1': 5.4}",0.0014999999999645297,177.59300000000002,inf,177.594,177.594,177.594
649,T9,BESTEFFORT,MISSED,m1-1,67.659,"{'m1-1': 1.1, 'm2-1': 24.7, 'm3-1': 105.39, 'm4-1': 27.68, 'm5-1': 9.9, 'm6-1': 5.72, 'm7-1': 28.13, 'm8-1': 4.85}",0.09749999999999659,177.594,inf,177.659,177.659,177.659
650,T9,BESTEFFORT,MISSED,m1-1,67.826,"{'m1-1': 0.95, 'm2-1': 28.2, 'm3-1': 103.92, 'm4-1': 26.67, 'm5-1': 10.31, 'm6-1': 5.15, 'm7-1': 27.5, 'm8-1': 4.66}",0.2505000000000024,177.659,inf,177.826,177.826,177.826
651,T9,BESTEFFORT,MISSED,m1-1,67.895,"{'m1-1': 1.04, 'm2-1': 27.54, 'm3-1': 91.89, 'm4-1': 26.1, 'm5-1': 10.2, 'm6-1': 5.61, 'm7-1': 26.6, 'm8-1': 4.74}",0.1034999999999826,177.826,inf,177.89499999999998,177.89499999999998,177.89499999999998
652,T10,BESTEFFORT,MISSED,m1-1,67.999,"{'m1-1': 1.1, 'm2-1': 28.68, 'm3-1': 99.09, 'm4-1': 25.26, 'm5-1': 10.15, 'm6-1': 5.94, 'm7-1': 27.88, 'm8-1': 4.7}",0.15600000000002012,177.89499999999998,inf,177.999,177.999,177.999
653,T2,BESTEFFORT,MISSED,m1-1,68.075,"{'m1-1': 1.1, 'm2-1': 27.76, 'm3-1': 101.14, 'm4-1': 25.5, 'm5-1': 10.14, 'm6-1': 5.22, 'm7-1': 24.23, 'm8-1': 5.58}",0.11399999999999011,177.999,inf,178.075,178.075,178.075
654,T4,BESTEFFORT,MISSED,m1-1,68.105,"{'m1-1': 0.99, 'm2-1': 25.72, 'm3-1': 111.9, 'm4-1': 26.53, 'm5-1': 9.51, 'm6-1': 5.06, 'm7-1': 26.78, 'm8-1': 4.89}",0.04500000000004434,178.075,inf,178.10500000000002,178.10500000000002,178.10500000000002
655,T3,BESTEFFORT,MISSED,m1-1,68.197,"{'m1-1': 1.05, 'm2-1': 25.06, 'm3-1': 102.76, 'm4-1': 27.39, 'm5-1': 10.56, 'm6-1': 4.81, 'm7-1': 27.02, 'm8-1': 5.52}",0.1379999999999768,178.10500000000002,inf,178.197,178.197,178.197
656,T3,BESTEFFORT,MISSED,m1-1,68.269,"{'m1-1': 1.01, 'm2-1': 25.28, 'm3-1': 107.42, 'm4-1': 25.8, 'm5-1': 10.72, 'm6-1': 4.92, 'm7-1': 26.58, 'm8-1': 5.19}",0.10800000000000409,178.197,inf,178.269,178.269,178.269
657,T4,BESTEFFORT,MISSED,m1-1,68.284,"{'m1-1': 1.09, 'm2-1': 27.43, 'm3-1': 111.49, 'm4-1': 25.39, 'm5-1': 10.85, 'm6-1': 5.1, 'm7-1': 25.02, 'm8-1': 5.63}",0.022499999999979536,178.269,inf,178.284,178.284,178.284
658,T10,BESTEFFORT,MISSED,m1-1,68.285,"{'m1-1': 1.06, 'm2-1': 28.57, 'm3-1': 105.29, 'm4-1': 24.53, 'm5-1': 10.95, 'm6-1': 5.44, 'm7-1': 25.39, 'm8-1': 4.74}",0.0015000000000071623,178.284,inf,178.285,178.285,178.285
659,T6,BESTEFFORT,MISSED,m1-1,68.314,"{'m1-1': 1.09, 'm2-1': 28.8, 'm3-1': 103.98, 'm4-1': 26.17, 'm5-1': 11.22, 'm6-1': 5.26, 'm7-1': 25.42, 'm8-1': 5.35}",0.04349999999999454,178.285,inf,178.314,178.314,178.314
660,T3,BESTEFFORT,MISSED,m1-1,68.375,"{'m1-1': 1.06, 'm2-1': 27.22, 'm3-1': 102.54, 'm4-1': 24.95, 'm5-1': 10.73, 'm6-1': 5.38, 'm7-1': 25.27, 'm8-1': 5.17}",0.09150000000001057,178.314,inf,178.375,178.375,178.375
661,T10,BESTEFFORT,MISSED,m1-1,68.432,"{'m1-1': 1.16, 'm2-1': 27.57, 'm3-1': 111.11, 'm4-1': 24.21, 'm5-1': 10.43, 'm6-1': 5.1, 'm7-1': 24.4, 'm8-1': 5.11}",0.08550000000002456,178.375,inf,178.43200000000002,178.43200000000002,178.43200000000002
662,T3,BESTEFFORT,MISSED,m1-1,68.493,"{'m1-1': 1.06, 'm2-1': 27.28, 'm3-1': 109.91, 'm4-1': 28.03, 'm5-1': 10.01, 'm6-1': 5.27, 'm7-1': 27.86, 'm8-1': 5.38}",0.09149999999996794,178.43200000000002,inf,178.493,178.493,178.493
663,T9,BESTEFFORT,MISSED,m1-1,68.518,"{'m1-1': 1.01, 'm2-1': 27.2, 'm3-1': 91.85, 'm4-1': 24.22, 'm5-1': 10.9, 'm6-1': 5.21, 'm7-1': 26.54, 'm8-1': 5.06}",0.037500000000008527,178.493,inf,178.518,178.518,178.518
664,T5,BESTEFFORT,MISSED,m1-1,68.66,"{'m1-1': 0.93, 'm2-1': 28.14, 'm3-1': 105.21, 'm4-1': 28.01, 'm5-1': 9.49, 'm6-1': 4.76, 'm7-1': 23.83, 'm8-1': 5.46}",0.21299999999999386,178.518,inf,178.66,178.66,178.66
665,T1,BESTEFFORT,MISSED,m1-1,68.691,"{'m1-1': 1.1, 'm2-1': 24.68, 'm3-1': 112.3, 'm4-1': 27.02, 'm5-1': 10.56, 'm6-1': 5.92, 'm7-1': 24.24, 'm8-1': 5.32}",0.04650000000000887,178.66,inf,178.691,178.691,178.691
666,T1,BESTEFFORT,MISSED,m1-1,68.714,"{'m1-1': 1.13, 'm2-1': 26.92, 'm3-1': 104.91, 'm4-1': 25.36, 'm5-1': 9.19, 'm6-1': 5.24, 'm7-1': 26.41, 'm8-1': 5.54}",0.0344999999999942,178.691,inf,178.714,178.714,178.714
667,T9,BESTEFFORT,MISSED,m1-1,68.942,"{'m1-1': 0.96, 'm2-1': 27.2, 'm3-1': 94.48, 'm4-1': 26.69, 'm5-1': 10.6, 'm6-1': 5.51, 'm7-1': 27.55, 'm8-1': 4.7}",0.34200000000001296,178.714,inf,178.942,178.942,178.942
668,T6,BESTEFFORT,MISSED,m1-1,68.949,"{'m1-1': 1.04, 'm2-1': 28.85, 'm3-1': 111.45, 'm4-1': 23.96, 'm5-1': 10.96, 'm6-1': 5.37, 'm7-1': 29.46, 'm8-1': 5.33}",0.010500000000007503,178.942,inf,178.949,178.949,178.949
669,T10,BESTEFFORT,MISSED,m1-1,69.191,"{'m1-1': 1.16, 'm2-1': 27.11, 'm3-1': 109.73, 'm4-1': 26.66, 'm5-1': 9.71, 'm6-1': 5.26, 'm7-1': 26.88, 'm8-1': 5.05}",0.36299999999998533,178.949,inf,179.191,179.191,179.191
670,T1,BESTEFFORT,MISSED,m1-1,69.228,"{'m1-1': 1.14, 'm2-1': 27.27, 'm3-1': 100.18, 'm4-1': 25.16, 'm5-1': 10.5, 'm6-1': 5.97, 'm7-1': 24.56, 'm8-1': 5.32}",0.05550000000000921,179.191,inf,179.228,179.228,179.228
671,T2,BESTEFFORT,MISSED,m1-1,69.264,"{'m1-1': 1.02, 'm2-1': 27.44, 'm3-1': 105.15, 'm4-1': 28.16, 'm5-1': 9.96, 'm6-1': 5.87, 'm7-1': 24.7, 'm8-1': 5.39}",0.054000000000002046,179.228,inf,179.264,179.264,179.264
672,T3,BESTEFFORT,MISSED,m1-1,69.391,"{'m1-1': 1.0, 'm2-1': 26.28, 'm3-1': 105.95, 'm4-1': 26.32, 'm5-1': 10.39, 'm6-1': 4.86, 'm7-1': 25.2, 'm8-1': 5.89}",0.19050000000001432,179.264,inf,179.39100000000002,179.39100000000002,179.39100000000002
673,T7,BESTEFFORT,MISSED,m1-1,69.692,"{'m1-1': 1.09, 'm2-1': 27.34, 'm3-1': 106.67, 'm4-1': 27.11, 'm5-1': 9.99, 'm6-1': 4.87, 'm7-1': 25.84, 'm8-1': 5.34}",0.4514999999999816,179.39100000000002,inf,179.692,179.692,179.692
674,T5,BESTEFFORT,MISSED,m1-1,69.722,"{'m1-1': 1.09, 'm2-1': 29.26, 'm3-1': 104.04, 'm4-1': 25.93, 'm5-1': 10.29, 'm6-1': 5.55, 'm7-1': 28.05, 'm8-1': 5.94}",0.04499999999995907,179.692,inf,179.72199999999998,179.72199999999998,179.72199999999998
675,T3,BESTEFFORT,MISSED,m1-1,69.832,"{'m1-1': 1.1, 'm2-1': 25.03, 'm3-1': 113.7, 'm4-1': 27.29, 'm5-1': 10.58, 'm6-1': 4.73, 'm7-1': 24.21, 'm8-1': 5.08}",0.16500000000002046,179.72199999999998,inf,179.832,179.832,179.832
676,T10,BESTEFFORT,MISSED,m1-1,69.978,"{'m1-1': 1.11, 'm2-1': 26.44, 'm3-1': 101.84, 'm4-1': 26.72, 'm5-1': 10.14, 'm6-1': 5.75, 'm7-1': 23.89, 'm8-1': 5.26}",0.2190000000000225,179.832,inf,179.978,179.978,179.978
677,T2,BESTEFFORT,MISSED,m1-1,70.206,"{'m1-1': 1.12, 'm2-1': 25.52, 'm3-1': 104.36, 'm4-1': 26.82, 'm5-1': 10.5, 'm6-1': 5.63, 'm7-1': 25.7, 'm8-1': 5.17}",0.34200000000001296,179.978,inf,180.20600000000002,180.20600000000002,180.20600000000002
678,T9,BESTEFFORT,MISSED,m1-1,70.251,"{'m1-1': 1.08, 'm2-1': 26.44, 'm3-1': 103.42, 'm4-1': 25.11, 'm5-1': 9.68, 'm6-1': 5.48, 'm7-1': 25.89, 'm8-1': 5.06}",0.06749999999998124,180.20600000000002,inf,180.251,180.251,180.251
679,T10,BESTEFFORT,MISSED,m1-1,70.282,"{'m1-1': 1.15, 'm2-1': 29.37, 'm3-1': 101.99, 'm4-1': 25.75, 'm5-1': 10.26, 'm6-1': 5.42, 'm7-1': 25.75, 'm8-1': 5.41}",0.046499999999966235,180.251,inf,180.28199999999998,180.28199999999998,180.28199999999998
680,T2,BESTEFFORT,MISSED,m1-1,70.46,"{'m1-1': 1.1, 'm2-1': 26.92, 'm3-1': 112.35, 'm4-1': 24.28, 'm5-1': 9.22, 'm6-1': 5.79, 'm7-1': 27.97, 'm8-1': 5.25}",0.2669999999999959,180.28199999999998,inf,180.45999999999998,180.45999999999998,180.45999999999998
681,T3,BESTEFFORT,MISSED,m1-1,70.643,"{'m1-1': 1.08, 'm2-1': 25.57, 'm3-1': 116.43, 'm4-1': 27.03, 'm5-1': 10.66, 'm6-1': 5.32, 'm7-1': 26.86, 'm8-1': 5.39}",0.2745000000000317,180.45999999999998,inf,180.643,180.643,180.643
682,T5,BESTEFFORT,MISSED,m1-1,70.833,"{'m1-1': 1.03, 'm2-1': 28.28, 'm3-1': 100.6, 'm4-1': 27.79, 'm5-1': 9.41, 'm6-1': 5.27, 'm7-1': 27.13, 'm8-1': 5.75}",0.2849999999999966,180.643,inf,180.833,180.833,180.833
683,T5,BESTEFFORT,MISSED,m1-1,70.868,"{'m1-1': 0.94, 'm2-1': 26.58, 'm3-1': 102.38, 'm4-1': 27.39, 'm5-1': 9.56, 'm6-1': 4.89, 'm7-1': 26.15, 'm8-1': 5.56}",0.052499999999994884,180.833,inf,180.868,180.868,180.868
684,T7,BESTEFFORT,MISSED,m1-1,70.95,"{'m1-1': 0.96, 'm2-1': 26.04, 'm3-1': 109.07, 'm4-1': 29.5, 'm5-1': 11.01, 'm6-1': 5.51, 'm7-1': 26.76, 'm8-1': 5.34}",0.12299999999999045,180.868,inf,180.95,180.95,180.95
685,T3,BESTEFFORT,MISSED,m1-1,70.953,"{'m1-1': 1.09, 'm2-1': 27.77, 'm3-1': 116.68, 'm4-1': 27.6, 'm5-1': 10.76, 'm6-1': 5.0, 'm7-1': 25.18, 'm8-1': 5.9}",0.004500000000021487,180.95,inf,180.953,180.953,180.953
686,T6,BESTEFFORT,MISSED,m1-1,71.043,"{'m1-1': 0.92, 'm2-1': 25.12, 'm3-1': 102.48, 'm4-1': 25.38, 'm5-1': 11.3, 'm6-1': 4.79, 'm7-1': 25.4, 'm8-1': 5.57}",0.13500000000000512,180.953,inf,181.043,181.043,181.043
687,T3,BESTEFFORT,MISSED,m1-1,71.124,"{'m1-1': 1.07, 'm2-1': 25.49, 'm3-1': 101.92, 'm4-1': 26.73, 'm5-1': 9.23, 'm6-1': 4.92, 'm7-1': 27.4, 'm8-1': 5.0}",0.12149999999998329,181.043,inf,181.124,181.124,181.124
688,T7,BESTEFFORT,MISSED,m1-1,71.147,"{'m1-1': 1.01, 'm2-1': 27.54, 'm3-1': 99.9, 'm4-1': 26.36, 'm5-1': 11.43, 'm6-1': 5.26, 'm7-1': 24.21, 'm8-1': 4.9}",0.0344999999999942,181.124,inf,181.147,181.147,181.147
689,T1,BESTEFFORT,MISSED,m1-1,71.384,"{'m1-1': 1.09, 'm2-1': 24.73, 'm3-1': 118.06, 'm4-1': 25.83, 'm5-1': 9.78, 'm6-1': 5.22, 'm7-1': 27.29, 'm8-1': 5.34}",0.3555000000000348,181.147,inf,181.38400000000001,181.38400000000001,181.38400000000001
690,T2,BESTEFFORT,MISSED,m1-1,71.416,"{'m1-1': 0.99, 'm2-1': 27.56, 'm3-1': 109.52, 'm4-1': 24.64, 'm5-1': 10.5, 'm6-1': 5.79, 'm7-1': 28.22, 'm8-1': 5.43}",0.0479999999999734,181.38400000000001,inf,181.416,181.416,181.416
691,T9,BESTEFFORT,MISSED,m1-1,71.457,"{'m1-1': 1.02, 'm2-1': 25.14, 'm3-1': 101.43, 'm4-1': 26.29, 'm5-1': 9.85, 'm6-1': 5.53, 'm7-1': 26.25, 'm8-1': 4.71}",0.061499999999995225,181.416,inf,181.457,181.457,181.457
692,T5,BESTEFFORT,MISSED,m1-1,71.52,"{'m1-1': 0.97, 'm2-1': 26.58, 'm3-1': 104.61, 'm4-1': 26.32, 'm5-1': 9.79, 'm6-1': 5.55, 'm7-1': 27.71, 'm8-1': 5.41}",0.09449999999998226,181.457,inf,181.51999999999998,181.51999999999998,181.51999999999998
693,T2,BESTEFFORT,MISSED,m1-1,71.618,"{'m1-1': 0.98, 'm2-1': 27.85, 'm3-1': 113.36, 'm4-1': 24.75, 'm5-1': 9.93, 'm6-1': 4.99, 'm7-1': 26.43, 'm8-1': 5.48}",0.14700000000001978,181.51999999999998,inf,181.618,181.618,181.618
694,T5,BESTEFFORT,MISSED,m1-1,71.641,"{'m1-1': 1.07, 'm2-1': 27.85, 'm3-1': 99.98, 'm4-1': 26.7, 'm5-1': 9.77, 'm6-1': 5.41, 'm7-1': 24.53, 'm8-1': 5.6}",0.034500000000036835,181.618,inf,181.64100000000002,181.64100000000002,181.64100000000002
695,T7,BESTEFFORT,MISSED,m1-1,71.652,"{'m1-1': 1.07, 'm2-1': 25.75, 'm3-1': 101.36, 'm4-1': 27.53, 'm5-1': 9.68, 'm6-1': 5.53, 'm7-1': 26.55, 'm8-1': 5.55}",0.016499999999950887,181.64100000000002,inf,181.652,181.652,181.652
696,T3,BESTEFFORT,MISSED,m1-1,71.721,"{'m1-1': 0.97, 'm2-1': 26.37, 'm3-1': 112.27, 'm4-1': 26.14, 'm5-1': 10.73, 'm6-1': 4.59, 'm7-1': 27.68, 'm8-1': 5.74}",0.10350000000002524,181.652,inf,181.721,181.721,181.721
697,T5,BESTEFFORT,MISSED,m1-1,71.786,"{'m1-1': 1.02, 'm2-1': 26.53, 'm3-1': 101.84, 'm4-1': 28.31, 'm5-1': 9.86, 'm6-1': 5.01, 'm7-1': 23.94, 'm8-1': 5.53}",0.09749999999999659,181.721,inf,181.786,181.786,181.786
698,T10,BESTEFFORT,MISSED,m1-1,71.806,"{'m1-1': 1.14, 'm2-1': 25.17, 'm3-1': 96.46, 'm4-1': 26.06, 'm5-1': 10.75, 'm6-1': 5.84, 'm7-1': 24.83, 'm8-1': 4.75}",0.029999999999972715,181.786,inf,181.80599999999998,181.80599999999998,181.80599999999998
699,T3,BESTEFFORT,MISSED,m1-1,71.837,"{'m1-1': 0.96, 'm2-1': 27.05, 'm3-1': 110.55, 'm4-1': 25.87, 'm5-1': 10.66, 'm6-1': 5.2, 'm7-1': 24.14, 'm8-1': 5.04}",0.04650000000000887,181.80599999999998,inf,181.837,181.837,181.837
700,T9,BESTEFFORT,MISSED,m1-1,71.845,"{'m1-1': 1.0, 'm2-1': 28.48, 'm3-1': 104.37, 'm4-1': 24.87, 'm5-1': 9.84, 'm6-1': 5.51, 'm7-1': 28.06, 'm8-1': 5.33}",0.012000000000014666,181.837,inf,181.845,181.845,181.845
701,T2,BESTEFFORT,MISSED,m1-1,71.864,"{'m1-1': 1.11, 'm2-1': 24.93, 'm3-1': 103.56, 'm4-1': 25.53, 'm5-1': 10.64, 'm6-1': 5.87, 'm7-1': 24.44, 'm8-1': 5.8}",0.028500000000008185,181.845,inf,181.864,181.864,181.864
702,T3,BESTEFFORT,MISSED,m1-1,71.89,"{'m1-1': 1.09, 'm2-1': 27.82, 'm3-1': 107.39, 'm4-1': 27.02, 'm5-1': 9.45, 'm6-1': 5.34, 'm7-1': 24.36, 'm8-1': 5.21}",0.038999999999973056,181.864,inf,181.89,181.89,181.89
703,T8,BESTEFFORT,MISSED,m1-1,72.098,"{'m1-1': 0.92, 'm2-1': 26.13, 'm3-1': 113.93, 'm4-1': 26.48, 'm5-1': 11.58, 'm6-1': 5.72, 'm7-1': 26.28, 'm8-1': 5.0}",0.31200000000004025,181.89,inf,182.098,182.098,182.098
704,T4,BESTEFFORT,MISSED,m1-1,72.123,"{'m1-1': 1.02, 'm2-1': 24.85, 'm3-1': 104.66, 'm4-1': 23.31, 'm5-1': 10.41, 'm6-1': 5.02, 'm7-1': 27.46, 'm8-1': 5.4}",0.037499999999965894,182.098,inf,182.123,182.123,182.123
705,T9,BESTEFFORT,MISSED,m1-1,72.183,"{'m1-1': 1.04, 'm2-1': 26.73, 'm3-1': 103.7, 'm4-1': 25.29, 'm5-1': 9.44, 'm6-1': 5.76, 'm7-1': 25.6, 'm8-1': 4.72}",0.09000000000000341,182.123,inf,182.183,182.183,182.183
706,T4,BESTEFFORT,MISSED,m1-1,72.38,"{'m1-1': 1.06, 'm2-1': 26.87, 'm3-1': 110.59, 'm4-1': 26.94, 'm5-1': 9.78, 'm6-1': 5.66, 'm7-1': 29.2, 'm8-1': 5.25}",0.2955000000000041,182.183,inf,182.38,182.38,182.38
707,T10,BESTEFFORT,MISSED,m1-1,72.395,"{'m1-1': 0.99, 'm2-1': 29.19, 'm3-1': 104.28, 'm4-1': 28.04, 'm5-1': 11.01, 'm6-1': 5.94, 'm7-1': 25.92, 'm8-1': 5.08}",0.022499999999979536,182.38,inf,182.39499999999998,182.39499999999998,182.39499999999998
708,T3,BESTEFFORT,MISSED,m1-1,72.415,"{'m1-1': 1.03, 'm2-1': 24.23, 'm3-1': 112.18, 'm4-1': 27.24, 'm5-1': 9.53, 'm6-1': 4.59, 'm7-1': 24.92, 'm8-1': 5.18}",0.03000000000005798,182.39499999999998,inf,182.41500000000002,182.41500000000002,182.41500000000002
709,T7,BESTEFFORT,MISSED,m1-1,72.419,"{'m1-1': 1.03, 'm2-1': 26.4, 'm3-1': 102.62, 'm4-1': 26.99, 'm5-1': 10.72, 'm6-1': 5.31, 'm7-1': 26.93, 'm8-1': 4.94}",0.005999999999943384,182.41500000000002,inf,182.41899999999998,182.41899999999998,182.41899999999998
710,T7,BESTEFFORT,MISSED,m1-1,72.505,"{'m1-1': 1.04, 'm2-1': 24.36, 'm3-1': 111.21, 'm4-1': 27.48, 'm5-1': 10.31, 'm6-1': 5.37, 'm7-1': 27.57, 'm8-1': 5.63}",0.1290000000000191,182.41899999999998,inf,182.505,182.505,182.505
711,T7,BESTEFFORT,MISSED,m1-1,72.558,"{'m1-1': 1.09, 'm2-1': 26.97, 'm3-1': 99.06, 'm4-1': 27.25, 'm5-1': 11.44, 'm6-1': 4.85, 'm7-1': 24.11, 'm8-1': 5.62}",0.07949999999999591,182.505,inf,182.558,182.558,182.558
712,T10,BESTEFFORT,MISSED,m1-1,72.862,"{'m1-1': 1.01, 'm2-1': 26.15, 'm3-1': 104.46, 'm4-1': 28.02, 'm5-1': 10.6, 'm6-1': 5.1, 'm7-1': 25.88, 'm8-1': 4.84}",0.45600000000000307,182.558,inf,182.862,182.862,182.862
713,T8,BESTEFFORT,MISSED,m1-1,72.908,"{'m1-1': 0.95, 'm2-1': 27.2, 'm3-1': 114.24, 'm4-1': 25.64, 'm5-1': 10.12, 'm6-1': 5.53, 'm7-1': 23.35, 'm8-1': 5.26}",0.06900000000003104,182.862,inf,182.90800000000002,182.90800000000002,182.90800000000002
714,T4,BESTEFFORT,MISSED,m1-1,73.076,"{'m1-1': 0.99, 'm2-1': 24.64, 'm3-1': 113.02, 'm4-1': 25.51, 'm5-1': 10.4, 'm6-1': 5.08, 'm7-1': 26.71, 'm8-1': 5.4}",0.2519999999999669,182.90800000000002,inf,183.076,183.076,183.076
715,T2,BESTEFFORT,MISSED,m1-1,73.121,"{'m1-1': 1.0, 'm2-1': 27.73, 'm3-1': 108.81, 'm4-1': 25.3, 'm5-1': 9.91, 'm6-1': 4.97, 'm7-1': 25.11, 'm8-1': 5.32}",0.06749999999998124,183.076,inf,183.12099999999998,183.12099999999998,183.12099999999998
716,T4,BESTEFFORT,MISSED,m1-1,73.127,"{'m1-1': 1.06, 'm2-1': 24.54, 'm3-1': 112.49, 'm4-1': 22.94, 'm5-1': 9.53, 'm6-1': 5.77, 'm7-1': 28.26, 'm8-1': 5.55}",0.009000000000042974,183.12099999999998,inf,183.127,183.127,183.127
717,T7,BESTEFFORT,MISSED,m1-1,73.212,"{'m1-1': 1.09, 'm2-1': 27.62, 'm3-1': 109.93, 'm4-1': 25.44, 'm5-1': 10.22, 'm6-1': 5.6, 'm7-1': 24.99, 'm8-1': 5.66}",0.1274999999999693,183.127,inf,183.212,183.212,183.212
718,T10,BESTEFFORT,MISSED,m1-1,73.246,"{'m1-1': 1.06, 'm2-1': 26.38, 'm3-1': 112.87, 'm4-1': 25.76, 'm5-1': 11.37, 'm6-1': 5.82, 'm7-1': 23.66, 'm8-1': 5.56}",0.05099999999998772,183.212,inf,183.24599999999998,183.24599999999998,183.24599999999998
719,T3,BESTEFFORT,MISSED,m1-1,73.33,"{'m1-1': 1.08, 'm2-1': 25.4, 'm3-1': 110.76, 'm4-1': 24.72, 'm5-1': 10.27, 'm6-1': 5.29, 'm7-1': 24.58, 'm8-1': 5.26}",0.12600000000000477,183.24599999999998,inf,183.32999999999998,183.32999999999998,183.32999999999998
720,T9,BESTEFFORT,MISSED,m1-1,73.375,"{'m1-1': 1.0, 'm2-1': 25.39, 'm3-1': 93.86, 'm4-1': 26.38, 'm5-1': 10.16, 'm6-1': 5.74, 'm7-1': 26.63, 'm8-1': 5.42}",0.06750000000002387,183.32999999999998,inf,183.375,183.375,183.375
721,T3,BESTEFFORT,MISSED,m1-1,73.471,"{'m1-1': 1.01, 'm2-1': 26.61, 'm3-1': 105.73, 'm4-1': 28.07, 'm5-1': 9.76, 'm6-1': 5.42, 'm7-1': 26.68, 'm8-1': 5.0}",0.14400000000000546,183.375,inf,183.471,183.471,183.471
722,T4,BESTEFFORT,MISSED,m1-1,73.549,"{'m1-1': 1.1, 'm2-1': 26.51, 'm3-1': 110.04, 'm4-1': 26.77, 'm5-1': 9.59, 'm6-1': 5.93, 'm7-1': 27.89, 'm8-1': 5.35}",0.11700000000000443,183.471,inf,183.549,183.549,183.549
723,T5,BESTEFFORT,MISSED,m1-1,73.637,"{'m1-1': 0.97, 'm2-1': 25.13, 'm3-1': 95.13, 'm4-1': 26.68, 'm5-1': 10.44, 'm6-1': 5.51, 'm7-1': 27.28, 'm8-1': 5.52}",0.1319999999999908,183.549,inf,183.637,183.637,183.637
724,T2,BESTEFFORT,MISSED,m1-1,73.686,"{'m1-1': 0.96, 'm2-1': 25.94, 'm3-1': 97.6, 'm4-1': 24.04, 'm5-1': 9.91, 'm6-1': 5.86, 'm7-1': 27.52, 'm8-1': 5.6}",0.07350000000000989,183.637,inf,183.686,183.686,183.686
725,T6,BESTEFFORT,MISSED,m1-1,73.726,"{'m1-1': 1.02, 'm2-1': 29.11, 'm3-1': 113.19, 'm4-1': 25.3, 'm5-1': 10.83, 'm6-1': 5.26, 'm7-1': 29.58, 'm8-1': 5.52}",0.05999999999998806,183.686,inf,183.726,183.726,183.726
726,T2,BESTEFFORT,MISSED,m1-1,73.741,"{'m1-1': 1.11, 'm2-1': 23.72, 'm3-1': 103.25, 'm4-1': 28.11, 'm5-1': 9.65, 'm6-1': 5.51, 'm7-1': 26.79, 'm8-1': 5.4}",0.022499999999979536,183.726,inf,183.74099999999999,183.74099999999999,183.74099999999999
727,T10,BESTEFFORT,MISSED,m1-1,74.278,"{'m1-1': 1.08, 'm2-1': 28.42, 'm3-1': 104.54, 'm4-1': 25.57, 'm5-1': 11.08, 'm6-1': 5.25, 'm7-1': 23.89, 'm8-1': 5.34}",0.8055000000000518,183.74099999999999,inf,184.27800000000002,184.27800000000002,184.27800000000002
728,T3,BESTEFFORT,MISSED,m1-1,74.383,"{'m1-1': 1.11, 'm2-1': 27.43, 'm3-1': 105.73, 'm4-1': 27.7, 'm5-1': 10.79, 'm6-1': 5.36, 'm7-1': 25.67, 'm8-1': 4.99}",0.15749999999994202,184.27800000000002,inf,184.38299999999998,184.38299999999998,184.38299999999998
729,T6,BESTEFFORT,MISSED,m1-1,74.417,"{'m1-1': 1.07, 'm2-1': 25.14, 'm3-1': 109.29, 'm4-1': 23.56, 'm5-1': 10.9, 'm6-1': 4.96, 'm7-1': 29.29, 'm8-1': 5.55}",0.051000000000030354,184.38299999999998,inf,184.417,184.417,184.417
730,T10,BESTEFFORT,MISSED,m1-1,74.66,"{'m1-1': 1.14, 'm2-1': 25.19, 'm3-1': 104.91, 'm4-1': 27.32, 'm5-1': 10.27, 'm6-1': 5.71, 'm7-1': 25.86, 'm8-1': 5.1}",0.3644999999999925,184.417,inf,184.66,184.66,184.66
731,T7,BESTEFFORT,MISSED,m1-1,74.701,"{'m1-1': 0.99, 'm2-1': 26.27, 'm3-1': 114.32, 'm4-1': 28.69, 'm5-1': 10.31, 'm6-1': 5.32, 'm7-1': 24.66, 'm8-1': 4.96}",0.061499999999995225,184.66,inf,184.701,184.701,184.701
732,T10,BESTEFFORT,MISSED,m1-1,74.867,"{'m1-1': 1.1, 'm2-1': 25.42, 'm3-1': 103.56, 'm4-1': 27.94, 'm5-1': 10.41, 'm6-1': 5.28, 'm7-1': 27.55, 'm8-1': 5.03}",0.24900000000003786,184.701,inf,184.86700000000002,184.86700000000002,184.86700000000002
733,T3,BESTEFFORT,MISSED,m1-1,74.963,"{'m1-1': 0.98, 'm2-1': 24.86, 'm3-1': 108.68, 'm4-1': 27.52, 'm5-1': 9.91, 'm6-1': 5.36, 'm7-1': 25.12, 'm8-1': 5.13}",0.14399999999996282,184.86700000000002,inf,184.963,184.963,184.963
734,T3,BESTEFFORT,MISSED,m1-1,75.024,"{'m1-1': 1.01, 'm2-1': 25.15, 'm3-1': 108.61, 'm4-1': 25.8, 'm5-1': 9.53, 'm6-1': 4.78, 'm7-1': 24.73, 'm8-1': 5.5}",0.09150000000001057,184.963,inf,185.024,185.024,185.024
735,T6,BESTEFFORT,MISSED,m1-1,75.151,"{'m1-1': 0.99, 'm2-1': 26.5, 'm3-1': 99.36, 'm4-1': 25.97, 'm5-1': 10.69, 'm6-1': 4.9, 'm7-1': 27.24, 'm8-1': 5.61}",0.19050000000001432,185.024,inf,185.151,185.151,185.151
736,T9,BESTEFFORT,MISSED,m1-1,75.263,"{'m1-1': 0.96, 'm2-1': 24.7, 'm3-1': 101.99, 'm4-1': 25.06, 'm5-1': 10.44, 'm6-1': 5.61, 'm7-1': 28.23, 'm8-1': 5.38}",0.16799999999999216,185.151,inf,185.263,185.263,185.263
737,T2,BESTEFFORT,MISSED,m1-1,75.281,"{'m1-1': 1.05, 'm2-1': 23.63, 'm3-1': 103.27, 'm4-1': 23.75, 'm5-1': 9.6, 'm6-1': 5.78, 'm7-1': 27.46, 'm8-1': 5.58}",0.027000000000001023,185.263,inf,185.281,185.281,185.281
738,T7,BESTEFFORT,MISSED,m1-1,75.489,"{'m1-1': 0.94, 'm2-1': 25.23, 'm3-1': 107.03, 'm4-1': 27.03, 'm5-1': 10.88, 'm6-1': 5.42, 'm7-1': 25.69, 'm8-1': 5.42}",0.3119999999999976,185.281,inf,185.489,185.489,185.489
739,T7,BESTEFFORT,MISSED,m1-1,75.703,"{'m1-1': 1.05, 'm2-1': 27.86, 'm3-1': 106.28, 'm4-1': 28.94, 'm5-1': 10.72, 'm6-1': 4.92, 'm7-1': 25.21, 'm8-1': 5.65}",0.32099999999999795,185.489,inf,185.703,185.703,185.703
740,T3,BESTEFFORT,MISSED,m1-1,75.704,"{'m1-1': 1.0, 'm2-1': 23.97, 'm3-1': 99.83, 'm4-1': 25.11, 'm5-1': 10.17, 'm6-1': 4.94, 'm7-1': 24.16, 'm8-1': 5.68}",0.0015000000000071623,185.703,inf,185.704,185.704,185.704
741,T9,BESTEFFORT,MISSED,m1-1,75.736,"{'m1-1': 0.96, 'm2-1': 26.03, 'm3-1': 100.49, 'm4-1': 25.92, 'm5-1': 10.83, 'm6-1': 5.29, 'm7-1': 26.53, 'm8-1': 4.7}",0.0479999999999734,185.704,inf,185.736,185.736,185.736
742,T10,BESTEFFORT,MISSED,m1-1,75.937,"{'m1-1': 1.06, 'm2-1': 25.19, 'm3-1': 99.78, 'm4-1': 24.61, 'm5-1': 10.59, 'm6-1': 5.31, 'm7-1': 26.67, 'm8-1': 5.34}",0.30150000000003274,185.736,inf,185.937,185.937,185.937
743,T1,BESTEFFORT,MISSED,m1-1,76.094,"{'m1-1': 1.09, 'm2-1': 24.28, 'm3-1': 103.01, 'm4-1': 28.17, 'm5-1': 9.37, 'm6-1': 5.49, 'm7-1': 25.54, 'm8-1': 4.95}",0.2354999999999734,185.937,inf,186.094,186.094,186.094
744,T2,BESTEFFORT,MISSED,m1-1,76.227,"{'m1-1': 1.02, 'm2-1': 23.99, 'm3-1': 111.85, 'm4-1': 25.99, 'm5-1': 10.49, 'm6-1': 5.31, 'm7-1': 28.2, 'm8-1': 4.98}",0.19950000000001467,186.094,inf,186.227,186.227,186.227
745,T6,BESTEFFORT,MISSED,m1-1,76.275,"{'m1-1': 1.07, 'm2-1': 25.35, 'm3-1': 111.4, 'm4-1': 24.78, 'm5-1': 11.29, 'm6-1': 4.95, 'm7-1': 25.7, 'm8-1': 5.58}",0.07200000000000273,186.227,inf,186.275,186.275,186.275
746,T8,BESTEFFORT,MISSED,m1-1,76.337,"{'m1-1': 1.02, 'm2-1': 25.51, 'm3-1': 102.08, 'm4-1': 23.48, 'm5-1': 10.86, 'm6-1': 5.42, 'm7-1': 25.39, 'm8-1': 5.33}",0.0929999999999751,186.275,inf,186.337,186.337,186.337
747,T9,BESTEFFORT,MISSED,m1-1,76.407,"{'m1-1': 0.94, 'm2-1': 28.2, 'm3-1': 94.18, 'm4-1': 26.25, 'm5-1': 11.03, 'm6-1': 5.23, 'm7-1': 25.51, 'm8-1': 4.74}",0.10499999999998977,186.337,inf,186.40699999999998,186.40699999999998,186.40699999999998
748,T10,BESTEFFORT,MISSED,m1-1,76.442,"{'m1-1': 1.08, 'm2-1': 28.11, 'm3-1': 102.45, 'm4-1': 27.94, 'm5-1': 11.39, 'm6-1': 5.07, 'm7-1': 26.37, 'm8-1': 4.88}",0.05250000000003752,186.40699999999998,inf,186.442,186.442,186.442
749,T8,BESTEFFORT,MISSED,m1-1,76.487,"{'m1-1': 1.07, 'm2-1': 27.16, 'm3-1': 107.37, 'm4-1': 23.62, 'm5-1': 10.12, 'm6-1': 5.51, 'm7-1': 25.88, 'm8-1': 4.67}",0.06749999999998124,186.442,inf,186.487,186.487,186.487
750,T6,BESTEFFORT,MISSED,m1-1,76.654,"{'m1-1': 1.08, 'm2-1': 27.52, 'm3-1': 116.25, 'm4-1': 27.43, 'm5-1': 10.75, 'm6-1': 5.12, 'm7-1': 26.27, 'm8-1': 4.96}",0.2505000000000024,186.487,inf,186.654,186.654,186.654
751,T7,BESTEFFORT,MISSED,m1-1,76.801,"{'m1-1': 1.08, 'm2-1': 26.22, 'm3-1': 112.64, 'm4-1': 26.3, 'm5-1': 10.72, 'm6-1': 5.17, 'm7-1': 25.49, 'm8-1': 5.16}",0.22049999999998704,186.654,inf,186.801,186.801,186.801
752,T6,BESTEFFORT,MISSED,m1-1,77.017,"{'m1-1': 0.96, 'm2-1': 25.3, 'm3-1': 104.18, 'm4-1': 24.6, 'm5-1': 10.25, 'm6-1': 5.42, 'm7-1': 25.34, 'm8-1': 5.75}",0.3240000000000123,186.801,inf,187.017,187.017,187.017
753,T1,BESTEFFORT,MISSED,m1-1,77.077,"{'m1-1': 1.11, 'm2-1': 25.66, 'm3-1': 106.62, 'm4-1': 27.2, 'm5-1': 10.15, 'm6-1': 5.96, 'm7-1': 24.49, 'm8-1': 4.9}",0.09000000000000341,187.017,inf,187.077,187.077,187.077
754,T2,BESTEFFORT,MISSED,m1-1,77.204,"{'m1-1': 1.0, 'm2-1': 27.39, 'm3-1': 105.76, 'm4-1': 27.7, 'm5-1': 10.09, 'm6-1': 5.77, 'm7-1': 24.46, 'm8-1': 5.82}",0.19050000000001432,187.077,inf,187.204,187.204,187.204
755,T7,BESTEFFORT,MISSED,m1-1,77.249,"{'m1-1': 1.06, 'm2-1': 24.23, 'm3-1': 100.04, 'm4-1': 26.29, 'm5-1': 10.18, 'm6-1': 4.88, 'm7-1': 24.99, 'm8-1': 4.93}",0.06749999999998124,187.204,inf,187.249,187.249,187.249
756,T8,BESTEFFORT,MISSED,m1-1,77.561,"{'m1-1': 0.97, 'm2-1': 27.19, 'm3-1': 105.31, 'm4-1': 26.87, 'm5-1': 10.95, 'm6-1': 5.73, 'm7-1': 25.1, 'm8-1': 5.19}",0.46800000000001774,187.249,inf,187.561,187.561,187.561
757,T2,BESTEFFORT,MISSED,m1-1,77.574,"{'m1-1': 1.03, 'm2-1': 23.82, 'm3-1': 96.86, 'm4-1': 25.9, 'm5-1': 10.88, 'm6-1': 5.25, 'm7-1': 25.99, 'm8-1': 5.08}",0.019500000000007844,187.561,inf,187.574,187.574,187.574
758,T8,BESTEFFORT,MISSED,m1-1,77.6,"{'m1-1': 1.03, 'm2-1': 26.0, 'm3-1': 114.19, 'm4-1': 27.05, 'm5-1': 10.29, 'm6-1': 5.68, 'm7-1': 27.64, 'm8-1': 4.66}",0.038999999999973056,187.574,inf,187.6,187.6,187.6
759,T10,BESTEFFORT,MISSED,m1-1,77.753,"{'m1-1': 1.1, 'm2-1': 27.13, 'm3-1': 107.39, 'm4-1': 24.31, 'm5-1': 10.56, 'm6-1': 5.55, 'm7-1': 27.17, 'm8-1': 4.78}",0.22949999999998738,187.6,inf,187.753,187.753,187.753
760,T6,BESTEFFORT,MISSED,m1-1,77.81,"{'m1-1': 0.92, 'm2-1': 25.14, 'm3-1': 103.22, 'm4-1': 25.12, 'm5-1': 10.12, 'm6-1': 5.59, 'm7-1': 27.24, 'm8-1': 5.82}",0.08550000000002456,187.753,inf,187.81,187.81,187.81
761,T7,BESTEFFORT,MISSED,m1-1,77.829,"{'m1-1': 1.08, 'm2-1': 25.52, 'm3-1': 99.39, 'm4-1': 26.15, 'm5-1': 10.64, 'm6-1': 5.32, 'm7-1': 26.86, 'm8-1': 5.48}",0.028500000000008185,187.81,inf,187.829,187.829,187.829
762,T5,BESTEFFORT,MISSED,m1-1,77.898,"{'m1-1': 1.08, 'm2-1': 27.13, 'm3-1': 108.22, 'm4-1': 28.19, 'm5-1': 10.97, 'm6-1': 5.42, 'm7-1': 23.76, 'm8-1': 5.3}",0.1034999999999826,187.829,inf,187.898,187.898,187.898
763,T10,BESTEFFORT,MISSED,m1-1,78.01,"{'m1-1': 1.09, 'm2-1': 28.92, 'm3-1': 104.9, 'm4-1': 27.63, 'm5-1': 9.95, 'm6-1': 5.51, 'm7-1': 25.77, 'm8-1': 4.79}",0.16799999999999216,187.898,inf,188.01,188.01,188.01
764,T5,BESTEFFORT,MISSED,m1-1,78.642,"{'m1-1': 0.98, 'm2-1': 28.36, 'm3-1': 107.91, 'm4-1': 27.14, 'm5-1': 10.96, 'm6-1': 5.4, 'm7-1': 26.41, 'm8-1': 5.41}",0.9480000000000075,188.01,inf,188.642,188.642,188.642
765,T1,BESTEFFORT,MISSED,m1-1,78.66,"{'m1-1': 1.0, 'm2-1': 26.97, 'm3-1': 116.04, 'm4-1': 25.83, 'm5-1': 10.77, 'm6-1': 5.71, 'm7-1': 27.79, 'm8-1': 4.75}",0.027000000000001023,188.642,inf,188.66,188.66,188.66
766,T9,BESTEFFORT,MISSED,m1-1,78.841,"{'m1-1': 0.97, 'm2-1': 28.25, 'm3-1': 106.79, 'm4-1': 27.63, 'm5-1': 9.34, 'm6-1': 5.56, 'm7-1': 28.97, 'm8-1': 4.77}",0.2715000000000174,188.66,inf,188.841,188.841,188.841
767,T4,BESTEFFORT,MISSED,m1-1,78.847,"{'m1-1': 1.04, 'm2-1': 26.03, 'm3-1': 100.89, 'm4-1': 23.82, 'm5-1': 9.63, 'm6-1': 5.83, 'm7-1': 26.89, 'm8-1': 4.8}",0.008999999999957708,188.841,inf,188.84699999999998,188.84699999999998,188.84699999999998
768,T1,BESTEFFORT,MISSED,m1-1,78.859,"{'m1-1': 1.0, 'm2-1': 26.16, 'm3-1': 103.15, 'm4-1': 27.5, 'm5-1': 10.74, 'm6-1': 5.33, 'm7-1': 26.09, 'm8-1': 5.38}",0.018000000000000682,188.84699999999998,inf,188.85899999999998,188.85899999999998,188.85899999999998
769,T2,BESTEFFORT,MISSED,m1-1,78.962,"{'m1-1': 1.09, 'm2-1': 26.93, 'm3-1': 104.74, 'm4-1': 25.36, 'm5-1': 10.33, 'm6-1': 5.13, 'm7-1': 24.14, 'm8-1': 5.32}",0.15450000000001296,188.85899999999998,inf,188.962,188.962,188.962
770,T7,BESTEFFORT,MISSED,m1-1,78.978,"{'m1-1': 0.96, 'm2-1': 25.01, 'm3-1': 101.36, 'm4-1': 27.71, 'm5-1': 10.69, 'm6-1': 4.9, 'm7-1': 25.43, 'm8-1': 4.96}",0.02400000000002933,188.962,inf,188.978,188.978,188.978
771,T2,BESTEFFORT,MISSED,m1-1,79.093,"{'m1-1': 1.11, 'm2-1': 27.1, 'm3-1': 109.54, 'm4-1': 23.7, 'm5-1': 9.48, 'm6-1': 5.15, 'm7-1': 28.28, 'm8-1': 5.47}",0.17250000000001364,188.978,inf,189.09300000000002,189.09300000000002,189.09300000000002
772,T4,BESTEFFORT,MISSED,m1-1,79.227,"{'m1-1': 1.09, 'm2-1': 25.88, 'm3-1': 99.74, 'm4-1': 24.98, 'm5-1': 9.68, 'm6-1': 5.22, 'm7-1': 26.63, 'm8-1': 5.13}",0.2009999999999792,189.09300000000002,inf,189.227,189.227,189.227
773,T7,BESTEFFORT,MISSED,m1-1,79.292,"{'m1-1': 1.03, 'm2-1': 27.07, 'm3-1': 105.97, 'm4-1': 29.39, 'm5-1': 10.76, 'm6-1': 5.64, 'm7-1': 24.76, 'm8-1': 5.57}",0.09749999999999659,189.227,inf,189.292,189.292,189.292
774,T9,BESTEFFORT,MISSED,m1-1,79.568,"{'m1-1': 1.03, 'm2-1': 24.67, 'm3-1': 98.6, 'm4-1': 24.31, 'm5-1': 9.69, 'm6-1': 5.55, 'm7-1': 28.17, 'm8-1': 4.96}",0.41399999999997306,189.292,inf,189.56799999999998,189.56799999999998,189.56799999999998
775,T2,BESTEFFORT,MISSED,m1-1,79.619,"{'m1-1': 0.95, 'm2-1': 23.85, 'm3-1': 103.61, 'm4-1': 24.35, 'm5-1': 9.77, 'm6-1': 5.21, 'm7-1': 26.65, 'm8-1': 5.33}",0.07650000000002422,189.56799999999998,inf,189.619,189.619,189.619
776,T9,BESTEFFORT,MISSED,m1-1,79.654,"{'m1-1': 0.97, 'm2-1': 24.78, 'm3-1': 98.85, 'm4-1': 26.84, 'm5-1': 9.7, 'm6-1': 5.31, 'm7-1': 28.88, 'm8-1': 4.8}",0.052499999999994884,189.619,inf,189.654,189.654,189.654
777,T7,BESTEFFORT,MISSED,m1-1,79.683,"{'m1-1': 0.96, 'm2-1': 27.49, 'm3-1': 114.98, 'm4-1': 27.3, 'm5-1': 10.02, 'm6-1': 5.57, 'm7-1': 25.47, 'm8-1': 5.7}",0.04349999999999454,189.654,inf,189.683,189.683,189.683
778,T3,BESTEFFORT,MISSED,m1-1,79.692,"{'m1-1': 0.97, 'm2-1': 25.1, 'm3-1': 106.19, 'm4-1': 27.2, 'm5-1': 10.65, 'm6-1': 4.99, 'm7-1': 23.95, 'm8-1': 5.89}",0.013500000000021828,189.683,inf,189.692,189.692,189.692
779,T4,BESTEFFORT,MISSED,m1-1,79.875,"{'m1-1': 1.01, 'm2-1': 25.64, 'm3-1': 110.9, 'm4-1': 26.77, 'm5-1': 10.76, 'm6-1': 5.25, 'm7-1': 26.3, 'm8-1': 4.98}",0.2744999999999891,189.692,inf,189.875,189.875,189.875
780,T2,BESTEFFORT,MISSED,m1-1,79.898,"{'m1-1': 0.96, 'm2-1': 27.5, 'm3-1': 102.82, 'm4-1': 24.82, 'm5-1': 9.94, 'm6-1': 5.88, 'm7-1': 24.82, 'm8-1': 5.61}",0.0344999999999942,189.875,inf,189.898,189.898,189.898
781,T1,BESTEFFORT,MISSED,m1-1,79.919,"{'m1-1': 1.08, 'm2-1': 25.3, 'm3-1': 105.54, 'm4-1': 27.08, 'm5-1': 9.71, 'm6-1': 5.71, 'm7-1': 24.41, 'm8-1': 4.94}",0.03149999999997988,189.898,inf,189.91899999999998,189.91899999999998,189.91899999999998
782,T3,BESTEFFORT,MISSED,m1-1,79.972,"{'m1-1': 1.05, 'm2-1': 27.89, 'm3-1': 100.9, 'm4-1': 27.05, 'm5-1': 9.6, 'm6-1': 5.11, 'm7-1': 27.14, 'm8-1': 5.59}",0.07949999999999591,189.91899999999998,inf,189.97199999999998,189.97199999999998,189.97199999999998
783,T1,BESTEFFORT,MISSED,m1-1,79.978,"{'m1-1': 1.0, 'm2-1': 24.03, 'm3-1': 109.94, 'm4-1': 24.96, 'm5-1': 10.43, 'm6-1': 5.12, 'm7-1': 24.48, 'm8-1': 5.33}",0.009000000000042974,189.97199999999998,inf,189.978,189.978,189.978
784,T3,BESTEFFORT,MISSED,m1-1,79.985,"{'m1-1': 0.95, 'm2-1': 23.77, 'm3-1': 115.95, 'm4-1': 26.66, 'm5-1': 9.3, 'm6-1': 4.63, 'm7-1': 26.02, 'm8-1': 5.77}",0.010500000000007503,189.978,inf,189.985,189.985,189.985
785,T1,BESTEFFORT,MISSED,m1-1,79.998,"{'m1-1': 1.14, 'm2-1': 27.14, 'm3-1': 104.27, 'm4-1': 26.68, 'm5-1': 9.88, 'm6-1': 5.46, 'm7-1': 27.54, 'm8-1': 4.71}",0.019499999999965212,189.985,inf,189.998,189.998,189.998
786,T6,BESTEFFORT,MISSED,m1-1,80.015,"{'m1-1': 0.96, 'm2-1': 26.27, 'm3-1': 108.33, 'm4-1': 23.65, 'm5-1': 10.81, 'm6-1': 5.6, 'm7-1': 25.65, 'm8-1': 5.21}",0.02549999999999386,189.998,inf,190.015,190.015,190.015
787,T7,BESTEFFORT,MISSED,m1-1,80.065,"{'m1-1': 0.93, 'm2-1': 26.6, 'm3-1': 101.92, 'm4-1': 25.43, 'm5-1': 10.89, 'm6-1': 5.48, 'm7-1': 27.35, 'm8-1': 5.57}",0.07500000000001705,190.015,inf,190.065,190.065,190.065
788,T3,BESTEFFORT,MISSED,m1-1,80.11,"{'m1-1': 0.99, 'm2-1': 23.89, 'm3-1': 101.09, 'm4-1': 28.55, 'm5-1': 9.17, 'm6-1': 5.3, 'm7-1': 26.56, 'm8-1': 5.8}",0.06750000000002387,190.065,inf,190.11,190.11,190.11
789,T2,BESTEFFORT,MISSED,m1-1,80.157,"{'m1-1': 1.1, 'm2-1': 25.31, 'm3-1': 108.58, 'm4-1': 26.75, 'm5-1': 10.14, 'm6-1': 5.17, 'm7-1': 27.95, 'm8-1': 5.62}",0.07049999999995293,190.11,inf,190.15699999999998,190.15699999999998,190.15699999999998
790,T10,BESTEFFORT,MISSED,m1-1,80.251,"{'m1-1': 1.08, 'm2-1': 25.35, 'm3-1': 99.63, 'm4-1': 24.14, 'm5-1': 10.5, 'm6-1': 5.86, 'm7-1': 27.19, 'm8-1': 5.28}",0.14100000000003376,190.15699999999998,inf,190.251,190.251,190.251
791,T7,BESTEFFORT,MISSED,m1-1,80.274,"{'m1-1': 1.03, 'm2-1': 25.31, 'm3-1': 110.02, 'm4-1': 28.86, 'm5-1': 9.74, 'm6-1': 5.65, 'm7-1': 28.2, 'm8-1': 5.14}",0.0344999999999942,190.251,inf,190.274,190.274,190.274
792,T1,BESTEFFORT,MISSED,m1-1,80.311,"{'m1-1': 1.03, 'm2-1': 26.54, 'm3-1': 115.02, 'm4-1': 25.92, 'm5-1': 10.73, 'm6-1': 5.81, 'm7-1': 24.25, 'm8-1': 4.99}",0.05550000000000921,190.274,inf,190.311,190.311,190.311
793,T1,BESTEFFORT,MISSED,m1-1,80.314,"{'m1-1': 1.15, 'm2-1': 26.18, 'm3-1': 118.46, 'm4-1': 26.63, 'm5-1': 10.85, 'm6-1': 5.62, 'm7-1': 26.39, 'm8-1': 4.78}",0.004499999999978854,190.311,inf,190.314,190.314,190.314
794,T6,BESTEFFORT,MISSED,m1-1,80.358,"{'m1-1': 0.99, 'm2-1': 26.87, 'm3-1': 108.34, 'm4-1': 26.71, 'm5-1': 10.71, 'm6-1': 5.16, 'm7-1': 27.73, 'm8-1': 5.22}",0.06600000000001671,190.314,inf,190.358,190.358,190.358
795,T7,BESTEFFORT,MISSED,m1-1,80.383,"{'m1-1': 1.06, 'm2-1': 25.66, 'm3-1': 103.88, 'm4-1': 25.85, 'm5-1': 10.89, 'm6-1': 4.97, 'm7-1': 27.72, 'm8-1': 5.38}",0.037499999999965894,190.358,inf,190.38299999999998,190.38299999999998,190.38299999999998
796,T8,BESTEFFORT,MISSED,m1-1,80.39,"{'m1-1': 1.05, 'm2-1': 26.5, 'm3-1': 111.74, 'm4-1': 27.07, 'm5-1': 11.68, 'm6-1': 5.44, 'm7-1': 24.19, 'm8-1': 4.88}",0.010500000000007503,190.38299999999998,inf,190.39,190.39,190.39
797,T5,BESTEFFORT,MISSED,m1-1,80.514,"{'m1-1': 1.03, 'm2-1': 26.24, 'm3-1': 108.78, 'm4-1': 26.97, 'm5-1': 10.66, 'm6-1': 5.46, 'm7-1': 26.72, 'm8-1': 5.79}",0.18600000000003547,190.39,inf,190.514,190.514,190.514
798,T6,BESTEFFORT,MISSED,m1-1,80.516,"{'m1-1': 1.0, 'm2-1': 25.08, 'm3-1': 101.54, 'm4-1': 24.93, 'm5-1': 11.11, 'm6-1': 5.55, 'm7-1': 25.25, 'm8-1': 5.69}",0.0030000000000143245,190.514,inf,190.51600000000002,190.51600000000002,190.51600000000002
799,T8,BESTEFFORT,MISSED,m1-1,80.531,"{'m1-1': 0.94, 'm2-1': 23.63, 'm3-1': 103.55, 'm4-1': 23.39, 'm5-1': 9.99, 'm6-1': 5.79, 'm7-1': 24.66, 'm8-1': 4.92}",0.022499999999979536,190.51600000000002,inf,190.531,190.531,190.531
800,T8,BESTEFFORT,MISSED,m1-1,80.643,"{'m1-1': 0.96, 'm2-1': 26.91, 'm3-1': 101.96, 'm4-1': 24.06, 'm5-1': 11.02, 'm6-1': 5.46, 'm7-1': 23.86, 'm8-1': 4.8}",0.16799999999999216,190.531,inf,190.643,190.643,190.643
801,T5,BESTEFFORT,MISSED,m1-1,80.786,"{'m1-1': 0.95, 'm2-1': 27.3, 'm3-1': 99.83, 'm4-1': 27.81, 'm5-1': 9.54, 'm6-1': 4.8, 'm7-1': 25.78, 'm8-1': 5.42}",0.21450000000000102,190.643,inf,190.786,190.786,190.786
802,T4,BESTEFFORT,MISSED,m1-1,80.855,"{'m1-1': 1.03, 'm2-1': 25.89, 'm3-1': 112.94, 'm4-1': 24.36, 'm5-1': 9.96, 'm6-1': 5.79, 'm7-1': 28.34, 'm8-1': 4.84}",0.10350000000002524,190.786,inf,190.85500000000002,190.85500000000002,190.85500000000002
803,T6,BESTEFFORT,MISSED,m1-1,80.889,"{'m1-1': 1.08, 'm2-1': 29.52, 'm3-1': 116.59, 'm4-1': 26.3, 'm5-1': 10.75, 'm6-1': 5.52, 'm7-1': 26.24, 'm8-1': 5.13}",0.05099999999998772,190.85500000000002,inf,190.889,190.889,190.889
804,T9,BESTEFFORT,MISSED,m1-1,80.899,"{'m1-1': 1.06, 'm2-1': 27.53, 'm3-1': 101.36, 'm4-1': 25.98, 'm5-1': 9.3, 'm6-1': 5.14, 'm7-1': 28.33, 'm8-1': 5.22}",0.014999999999986358,190.889,inf,190.899,190.899,190.899
805,T8,BESTEFFORT,MISSED,m1-1,81.189,"{'m1-1': 1.03, 'm2-1': 27.26, 'm3-1': 112.94, 'm4-1': 24.45, 'm5-1': 11.46, 'm6-1': 5.77, 'm7-1': 23.35, 'm8-1': 4.67}",0.43499999999998806,190.899,inf,191.189,191.189,191.189
806,T2,BESTEFFORT,MISSED,m1-1,81.24,"{'m1-1': 1.12, 'm2-1': 27.88, 'm3-1': 103.17, 'm4-1': 23.77, 'm5-1': 9.6, 'm6-1': 5.52, 'm7-1': 26.58, 'm8-1': 5.74}",0.07650000000002422,191.189,inf,191.24,191.24,191.24
807,T6,BESTEFFORT,MISSED,m1-1,81.352,"{'m1-1': 1.02, 'm2-1': 29.09, 'm3-1': 112.79, 'm4-1': 24.87, 'm5-1': 10.11, 'm6-1': 4.89, 'm7-1': 28.24, 'm8-1': 5.87}",0.16799999999999216,191.24,inf,191.352,191.352,191.352
808,T10,BESTEFFORT,MISSED,m1-1,81.415,"{'m1-1': 1.06, 'm2-1': 28.76, 'm3-1': 102.56, 'm4-1': 25.04, 'm5-1': 10.6, 'm6-1': 5.55, 'm7-1': 27.87, 'm8-1': 5.34}",0.0945000000000249,191.352,inf,191.41500000000002,191.41500000000002,191.41500000000002
809,T8,BESTEFFORT,MISSED,m1-1,81.469,"{'m1-1': 0.96, 'm2-1': 24.57, 'm3-1': 113.92, 'm4-1': 24.87, 'm5-1': 10.66, 'm6-1': 5.71, 'm7-1': 24.42, 'm8-1': 4.64}",0.08099999999996044,191.41500000000002,inf,191.469,191.469,191.469
810,T10,BESTEFFORT,MISSED,m1-1,81.618,"{'m1-1': 1.04, 'm2-1': 28.43, 'm3-1': 102.66, 'm4-1': 24.14, 'm5-1': 10.52, 'm6-1': 5.73, 'm7-1': 26.54, 'm8-1': 4.9}",0.22350000000000136,191.469,inf,191.618,191.618,191.618
811,T9,BESTEFFORT,MISSED,m1-1,81.677,"{'m1-1': 0.97, 'm2-1': 27.7, 'm3-1': 94.79, 'm4-1': 23.74, 'm5-1': 9.7, 'm6-1': 5.18, 'm7-1': 27.2, 'm8-1': 4.95}",0.08850000000003888,191.618,inf,191.67700000000002,191.67700000000002,191.67700000000002
812,T10,BESTEFFORT,MISSED,m1-1,81.79,"{'m1-1': 1.14, 'm2-1': 27.49, 'm3-1': 101.0, 'm4-1': 26.74, 'm5-1': 9.74, 'm6-1': 5.16, 'm7-1': 23.69, 'm8-1': 5.38}",0.16949999999999932,191.67700000000002,inf,191.79000000000002,191.79000000000002,191.79000000000002
813,T2,BESTEFFORT,MISSED,m1-1,81.836,"{'m1-1': 0.95, 'm2-1': 26.32, 'm3-1': 105.44, 'm4-1': 25.7, 'm5-1': 10.86, 'm6-1': 5.01, 'm7-1': 26.98, 'm8-1': 4.93}",0.0689999999999884,191.79000000000002,inf,191.836,191.836,191.836
814,T3,BESTEFFORT,MISSED,m1-1,82.223,"{'m1-1': 1.0, 'm2-1': 24.93, 'm3-1': 100.9, 'm4-1': 28.52, 'm5-1': 9.15, 'm6-1': 4.77, 'm7-1': 24.72, 'm8-1': 5.37}",0.5805000000000007,191.836,inf,192.223,192.223,192.223
815,T3,BESTEFFORT,MISSED,m1-1,82.305,"{'m1-1': 0.99, 'm2-1': 26.84, 'm3-1': 113.53, 'm4-1': 27.1, 'm5-1': 10.35, 'm6-1': 5.23, 'm7-1': 25.56, 'm8-1': 5.52}",0.12299999999999045,192.223,inf,192.305,192.305,192.305
816,T6,BESTEFFORT,MISSED,m1-1,82.347,"{'m1-1': 1.03, 'm2-1': 26.86, 'm3-1': 114.03, 'm4-1': 24.44, 'm5-1': 10.4, 'm6-1': 5.07, 'm7-1': 28.43, 'm8-1': 5.1}",0.06299999999995975,192.305,inf,192.34699999999998,192.34699999999998,192.34699999999998
817,T6,BESTEFFORT,MISSED,m1-1,82.411,"{'m1-1': 0.94, 'm2-1': 25.77, 'm3-1': 107.43, 'm4-1': 27.57, 'm5-1': 10.93, 'm6-1': 4.99, 'm7-1': 28.06, 'm8-1': 5.53}",0.09600000000003206,192.34699999999998,inf,192.411,192.411,192.411
818,T6,BESTEFFORT,MISSED,m1-1,82.468,"{'m1-1': 1.01, 'm2-1': 28.73, 'm3-1': 99.45, 'm4-1': 25.75, 'm5-1': 10.61, 'm6-1': 4.86, 'm7-1': 29.77, 'm8-1': 5.59}",0.08550000000002456,192.411,inf,192.46800000000002,192.46800000000002,192.46800000000002
819,T4,BESTEFFORT,MISSED,m1-1,82.55,"{'m1-1': 1.13, 'm2-1': 26.91, 'm3-1': 100.22, 'm4-1': 23.04, 'm5-1': 9.89, 'm6-1': 5.73, 'm7-1': 26.85, 'm8-1': 5.38}",0.12299999999999045,192.46800000000002,inf,192.55,192.55,192.55
820,T8,BESTEFFORT,MISSED,m1-1,82.591,"{'m1-1': 0.98, 'm2-1': 23.94, 'm3-1': 109.15, 'm4-1': 24.72, 'm5-1': 10.37, 'm6-1': 5.17, 'm7-1': 25.03, 'm8-1': 5.16}",0.061499999999995225,192.55,inf,192.591,192.591,192.591
821,T7,BESTEFFORT,MISSED,m1-1,82.644,"{'m1-1': 0.97, 'm2-1': 26.0, 'm3-1': 110.74, 'm4-1': 26.73, 'm5-1': 9.78, 'm6-1': 4.89, 'm7-1': 24.99, 'm8-1': 4.9}",0.07949999999999591,192.591,inf,192.644,192.644,192.644
822,T9,BESTEFFORT,MISSED,m1-1,82.663,"{'m1-1': 1.1, 'm2-1': 28.59, 'm3-1': 94.48, 'm4-1': 27.46, 'm5-1': 10.92, 'm6-1': 5.48, 'm7-1': 26.46, 'm8-1': 5.21}",0.028500000000008185,192.644,inf,192.663,192.663,192.663
823,T9,BESTEFFORT,MISSED,m1-1,82.71,"{'m1-1': 1.08, 'm2-1': 28.45, 'm3-1': 99.56, 'm4-1': 27.74, 'm5-1': 9.59, 'm6-1': 4.97, 'm7-1': 24.91, 'm8-1': 4.6}",0.07049999999995293,192.663,inf,192.70999999999998,192.70999999999998,192.70999999999998
824,T5,BESTEFFORT,MISSED,m1-1,82.728,"{'m1-1': 1.05, 'm2-1': 24.89, 'm3-1': 107.48, 'm4-1': 24.91, 'm5-1': 11.05, 'm6-1': 5.16, 'm7-1': 25.51, 'm8-1': 5.05}",0.027000000000043656,192.70999999999998,inf,192.728,192.728,192.728
825,T9,BESTEFFORT,MISSED,m1-1,82.759,"{'m1-1': 1.11, 'm2-1': 25.14, 'm3-1': 91.94, 'm4-1': 24.27, 'm5-1': 10.06, 'm6-1': 5.69, 'm7-1': 26.79, 'm8-1': 5.26}",0.04650000000000887,192.728,inf,192.75900000000001,192.75900000000001,192.75900000000001
826,T9,BESTEFFORT,MISSED,m1-1,82.79,"{'m1-1': 0.94, 'm2-1': 24.99, 'm3-1': 92.98, 'm4-1': 25.72, 'm5-1': 9.49, 'm6-1': 5.48, 'm7-1': 26.18, 'm8-1': 5.28}",0.04650000000000887,192.75900000000001,inf,192.79000000000002,192.79000000000002,192.79000000000002
827,T7,BESTEFFORT,MISSED,m1-1,82.843,"{'m1-1': 1.05, 'm2-1': 25.07, 'm3-1': 114.29, 'm4-1': 28.22, 'm5-1': 10.04, 'm6-1': 5.14, 'm7-1': 27.87, 'm8-1': 5.09}",0.07949999999999591,192.79000000000002,inf,192.84300000000002,192.84300000000002,192.84300000000002
828,T2,BESTEFFORT,MISSED,m1-1,82.919,"{'m1-1': 1.01, 'm2-1': 26.96, 'm3-1': 102.66, 'm4-1': 26.84, 'm5-1': 10.38, 'm6-1': 5.04, 'm7-1': 26.88, 'm8-1': 4.93}",0.11399999999994748,192.84300000000002,inf,192.91899999999998,192.91899999999998,192.91899999999998
829,T7,BESTEFFORT,MISSED,m1-1,82.926,"{'m1-1': 1.0, 'm2-1': 24.9, 'm3-1': 111.82, 'm4-1': 29.17, 'm5-1': 10.62, 'm6-1': 5.19, 'm7-1': 25.66, 'm8-1': 5.35}",0.010500000000007503,192.91899999999998,inf,192.926,192.926,192.926
830,T8,BESTEFFORT,MISSED,m1-1,83.034,"{'m1-1': 0.99, 'm2-1': 24.34, 'm3-1': 103.75, 'm4-1': 27.5, 'm5-1': 11.02, 'm6-1': 5.26, 'm7-1': 24.79, 'm8-1': 4.75}",0.16200000000000614,192.926,inf,193.034,193.034,193.034
831,T9,BESTEFFORT,MISSED,m1-1,83.121,"{'m1-1': 0.97, 'm2-1': 28.94, 'm3-1': 93.57, 'm4-1': 26.97, 'm5-1': 10.87, 'm6-1': 5.63, 'm7-1': 28.24, 'm8-1': 5.36}",0.13049999999998363,193.034,inf,193.12099999999998,193.12099999999998,193.12099999999998
832,T8,BESTEFFORT,MISSED,m1-1,83.155,"{'m1-1': 1.07, 'm2-1': 26.49, 'm3-1': 101.56, 'm4-1': 23.54, 'm5-1': 10.08, 'm6-1': 5.56, 'm7-1': 26.2, 'm8-1': 4.92}",0.051000000000030354,193.12099999999998,inf,193.155,193.155,193.155
833,T3,BESTEFFORT,MISSED,m1-1,83.173,"{'m1-1': 1.09, 'm2-1': 25.92, 'm3-1': 103.28, 'm4-1': 28.39, 'm5-1': 9.75, 'm6-1': 5.23, 'm7-1': 27.58, 'm8-1': 5.79}",0.027000000000001023,193.155,inf,193.173,193.173,193.173
834,T4,BESTEFFORT,MISSED,m1-1,83.194,"{'m1-1': 1.13, 'm2-1': 23.33, 'm3-1': 111.81, 'm4-1': 23.62, 'm5-1': 10.82, 'm6-1': 5.78, 'm7-1': 26.12, 'm8-1': 5.22}",0.03150000000002251,193.173,inf,193.19400000000002,193.19400000000002,193.19400000000002
835,T8,BESTEFFORT,MISSED,m1-1,83.264,"{'m1-1': 0.94, 'm2-1': 24.81, 'm3-1': 114.92, 'm4-1': 23.77, 'm5-1': 10.12, 'm6-1': 5.6, 'm7-1': 26.03, 'm8-1': 4.7}",0.10499999999998977,193.19400000000002,inf,193.264,193.264,193.264
836,T6,BESTEFFORT,MISSED,m1-1,83.384,"{'m1-1': 0.99, 'm2-1': 26.94, 'm3-1': 110.63, 'm4-1': 27.57, 'm5-1': 11.04, 'm6-1': 4.77, 'm7-1': 28.62, 'm8-1': 5.77}",0.18000000000000682,193.264,inf,193.38400000000001,193.38400000000001,193.38400000000001
837,T6,BESTEFFORT,MISSED,m1-1,83.44,"{'m1-1': 0.94, 'm2-1': 28.7, 'm3-1': 109.56, 'm4-1': 23.81, 'm5-1': 11.54, 'm6-1': 4.82, 'm7-1': 29.84, 'm8-1': 5.56}",0.08399999999997476,193.38400000000001,inf,193.44,193.44,193.44
838,T7,BESTEFFORT,MISSED,m1-1,83.515,"{'m1-1': 1.02, 'm2-1': 26.93, 'm3-1': 102.86, 'm4-1': 28.71, 'm5-1': 10.06, 'm6-1': 5.64, 'm7-1': 24.51, 'm8-1': 5.26}",0.11249999999998295,193.44,inf,193.515,193.515,193.515
839,T7,BESTEFFORT,MISSED,m1-1,83.662,"{'m1-1': 0.97, 'm2-1': 25.0, 'm3-1': 110.85, 'm4-1': 26.36, 'm5-1': 11.02, 'm6-1': 5.3, 'm7-1': 27.9, 'm8-1': 5.57}",0.22050000000002967,193.515,inf,193.662,193.662,193.662
840,T1,BESTEFFORT,MISSED,m1-1,83.799,"{'m1-1': 1.05, 'm2-1': 24.59, 'm3-1': 104.29, 'm4-1': 27.8, 'm5-1': 9.72, 'm6-1': 5.88, 'm7-1': 27.6, 'm8-1': 4.96}",0.20550000000000068,193.662,inf,193.799,193.799,193.799
841,T7,BESTEFFORT,MISSED,m1-1,84.093,"{'m1-1': 0.92, 'm2-1': 25.8, 'm3-1': 100.82, 'm4-1': 27.65, 'm5-1': 10.72, 'm6-1': 4.88, 'm7-1': 25.63, 'm8-1': 5.51}",0.4410000000000167,193.799,inf,194.09300000000002,194.09300000000002,194.09300000000002
842,T1,BESTEFFORT,MISSED,m1-1,84.174,"{'m1-1': 1.07, 'm2-1': 26.18, 'm3-1': 115.99, 'm4-1': 27.42, 'm5-1': 10.16, 'm6-1': 5.11, 'm7-1': 27.66, 'm8-1': 5.16}",0.12149999999998329,194.09300000000002,inf,194.174,194.174,194.174
843,T3,BESTEFFORT,MISSED,m1-1,84.469,"{'m1-1': 1.03, 'm2-1': 27.68, 'm3-1': 99.5, 'm4-1': 25.2, 'm5-1': 9.56, 'm6-1': 5.34, 'm7-1': 23.91, 'm8-1': 4.99}",0.44249999999998124,194.174,inf,194.469,194.469,194.469
844,T9,BESTEFFORT,MISSED,m1-1,84.603,"{'m1-1': 1.09, 'm2-1': 24.87, 'm3-1': 97.89, 'm4-1': 26.37, 'm5-1': 9.84, 'm6-1': 5.28, 'm7-1': 28.79, 'm8-1': 5.07}",0.20100000000002183,194.469,inf,194.603,194.603,194.603
845,T9,BESTEFFORT,MISSED,m1-1,84.669,"{'m1-1': 0.97, 'm2-1': 28.94, 'm3-1': 104.02, 'm4-1': 27.73, 'm5-1': 9.9, 'm6-1': 5.81, 'm7-1': 27.83, 'm8-1': 5.33}",0.09899999999996112,194.603,inf,194.66899999999998,194.66899999999998,194.66899999999998
846,T7,BESTEFFORT,MISSED,m1-1,84.67,"{'m1-1': 1.09, 'm2-1': 25.45, 'm3-1': 100.31, 'm4-1': 25.16, 'm5-1': 10.71, 'm6-1': 5.51, 'm7-1': 28.25, 'm8-1': 5.6}",0.0015000000000497948,194.66899999999998,inf,194.67000000000002,194.67000000000002,194.67000000000002
847,T8,BESTEFFORT,MISSED,m1-1,84.795,"{'m1-1': 0.97, 'm2-1': 25.13, 'm3-1': 105.88, 'm4-1': 27.61, 'm5-1': 11.03, 'm6-1': 5.17, 'm7-1': 24.16, 'm8-1': 5.28}",0.1875,194.67000000000002,inf,194.79500000000002,194.79500000000002,194.79500000000002
848,T4,BESTEFFORT,MISSED,m1-1,84.841,"{'m1-1': 1.01, 'm2-1': 23.44, 'm3-1': 108.17, 'm4-1': 25.15, 'm5-1': 9.59, 'm6-1': 5.2, 'm7-1': 25.91, 'm8-1': 5.28}",0.0689999999999884,194.79500000000002,inf,194.841,194.841,194.841
849,T3,BESTEFFORT,MISSED,m1-1,85.123,"{'m1-1': 0.98, 'm2-1': 27.82, 'm3-1': 103.61, 'm4-1': 25.88, 'm5-1': 10.18, 'm6-1': 4.94, 'm7-1': 25.49, 'm8-1': 5.84}",0.4229999999999734,194.841,inf,195.123,195.123,195.123
850,T7,BESTEFFORT,MISSED,m1-1,85.192,"{'m1-1': 0.95, 'm2-1': 26.86, 'm3-1': 107.39, 'm4-1': 25.44, 'm5-1': 10.07, 'm6-1': 5.58, 'm7-1': 27.97, 'm8-1': 5.56}",0.10350000000002524,195.123,inf,195.192,195.192,195.192
851,T4,BESTEFFORT,MISSED,m1-1,85.342,"{'m1-1': 1.07, 'm2-1': 23.68, 'm3-1': 99.68, 'm4-1': 25.34, 'm5-1': 10.83, 'm6-1': 5.44, 'm7-1': 26.68, 'm8-1': 4.81}",0.2249999999999659,195.192,inf,195.34199999999998,195.34199999999998,195.34199999999998
852,T1,BESTEFFORT,MISSED,m1-1,85.408,"{'m1-1': 1.15, 'm2-1': 25.13, 'm3-1': 114.92, 'm4-1': 26.29, 'm5-1': 10.4, 'm6-1': 5.12, 'm7-1': 25.34, 'm8-1': 4.95}",0.09900000000004638,195.34199999999998,inf,195.40800000000002,195.40800000000002,195.40800000000002
853,T2,BESTEFFORT,MISSED,m1-1,85.475,"{'m1-1': 0.97, 'm2-1': 27.42, 'm3-1': 96.5, 'm4-1': 27.08, 'm5-1': 10.87, 'm6-1': 5.16, 'm7-1': 24.98, 'm8-1': 5.59}",0.10049999999996828,195.40800000000002,inf,195.475,195.475,195.475
854,T7,BESTEFFORT,MISSED,m1-1,85.541,"{'m1-1': 1.04, 'm2-1': 27.42, 'm3-1': 109.96, 'm4-1': 26.19, 'm5-1': 10.07, 'm6-1': 5.64, 'm7-1': 27.22, 'm8-1': 5.27}",0.09900000000000375,195.475,inf,195.541,195.541,195.541
855,T8,BESTEFFORT,MISSED,m1-1,85.598,"{'m1-1': 0.94, 'm2-1': 26.83, 'm3-1': 109.6, 'm4-1': 23.77, 'm5-1': 10.7, 'm6-1': 5.28, 'm7-1': 25.56, 'm8-1': 4.58}",0.08550000000002456,195.541,inf,195.598,195.598,195.598
856,T5,BESTEFFORT,MISSED,m1-1,85.798,"{'m1-1': 0.99, 'm2-1': 27.25, 'm3-1': 107.52, 'm4-1': 25.47, 'm5-1': 9.73, 'm6-1': 4.94, 'm7-1': 23.79, 'm8-1': 5.31}",0.29999999999998295,195.598,inf,195.798,195.798,195.798
857,T2,BESTEFFORT,MISSED,m1-1,85.953,"{'m1-1': 1.11, 'm2-1': 24.7, 'm3-1': 107.9, 'm4-1': 26.63, 'm5-1': 9.48, 'm6-1': 5.42, 'm7-1': 27.35, 'm8-1': 5.02}",0.2325000000000017,195.798,inf,195.953,195.953,195.953
858,T4,BESTEFFORT,MISSED,m1-1,86.025,"{'m1-1': 1.17, 'm2-1': 24.46, 'm3-1': 107.43, 'm4-1': 24.38, 'm5-1': 9.4, 'm6-1': 5.14, 'm7-1': 28.99, 'm8-1': 4.85}",0.10800000000000409,195.953,inf,196.025,196.025,196.025
859,T8,BESTEFFORT,MISSED,m1-1,86.034,"{'m1-1': 1.07, 'm2-1': 26.89, 'm3-1': 118.35, 'm4-1': 24.2, 'm5-1': 10.17, 'm6-1': 5.45, 'm7-1': 27.44, 'm8-1': 4.97}",0.013499999999979195,196.025,inf,196.034,196.034,196.034
860,T4,BESTEFFORT,MISSED,m1-1,86.052,"{'m1-1': 1.01, 'm2-1': 23.14, 'm3-1': 109.94, 'm4-1': 25.84, 'm5-1': 10.67, 'm6-1': 5.1, 'm7-1': 29.49, 'm8-1': 5.12}",0.027000000000043656,196.034,inf,196.05200000000002,196.05200000000002,196.05200000000002
861,T5,BESTEFFORT,MISSED,m1-1,86.313,"{'m1-1': 1.05, 'm2-1': 25.99, 'm3-1': 96.43, 'm4-1': 24.74, 'm5-1': 9.37, 'm6-1': 5.42, 'm7-1': 27.94, 'm8-1': 5.63}",0.3914999999999509,196.05200000000002,inf,196.313,196.313,196.313
862,T8,BESTEFFORT,MISSED,m1-1,86.498,"{'m1-1': 0.97, 'm2-1': 24.2, 'm3-1': 114.21, 'm4-1': 26.13, 'm5-1': 10.92, 'm6-1': 5.51, 'm7-1': 24.68, 'm8-1': 4.67}",0.2775000000000034,196.313,inf,196.498,196.498,196.498
863,T4,BESTEFFORT,MISSED,m1-1,86.534,"{'m1-1': 1.09, 'm2-1': 23.51, 'm3-1': 98.35, 'm4-1': 23.94, 'm5-1': 10.47, 'm6-1': 5.69, 'm7-1': 27.71, 'm8-1': 5.58}",0.054000000000002046,196.498,inf,196.534,196.534,196.534
864,T9,BESTEFFORT,MISSED,m1-1,86.588,"{'m1-1': 1.09, 'm2-1': 28.29, 'm3-1': 101.01, 'm4-1': 27.82, 'm5-1': 9.33, 'm6-1': 5.66, 'm7-1': 26.81, 'm8-1': 5.37}",0.08100000000000307,196.534,inf,196.588,196.588,196.588
865,T3,BESTEFFORT,MISSED,m1-1,86.653,"{'m1-1': 0.98, 'm2-1': 25.54, 'm3-1': 101.19, 'm4-1': 26.46, 'm5-1': 10.09, 'm6-1': 5.23, 'm7-1': 25.0, 'm8-1': 5.62}",0.09750000000003922,196.588,inf,196.65300000000002,196.65300000000002,196.65300000000002
866,T2,BESTEFFORT,MISSED,m1-1,86.813,"{'m1-1': 0.97, 'm2-1': 23.85, 'm3-1': 98.58, 'm4-1': 24.2, 'm5-1': 10.02, 'm6-1': 5.15, 'm7-1': 28.39, 'm8-1': 5.7}",0.23999999999995225,196.65300000000002,inf,196.813,196.813,196.813
867,T4,BESTEFFORT,MISSED,m1-1,86.901,"{'m1-1': 1.03, 'm2-1': 25.6, 'm3-1': 100.31, 'm4-1': 24.1, 'm5-1': 10.04, 'm6-1': 5.85, 'm7-1': 25.59, 'm8-1': 5.29}",0.13200000000003342,196.813,inf,196.901,196.901,196.901
868,T2,BESTEFFORT,MISSED,m1-1,86.953,"{'m1-1': 1.08, 'm2-1': 27.87, 'm3-1': 110.88, 'm4-1': 25.41, 'm5-1': 10.17, 'm6-1': 5.06, 'm7-1': 27.95, 'm8-1': 5.05}",0.07799999999998875,196.901,inf,196.953,196.953,196.953
869,T3,BESTEFFORT,MISSED,m1-1,87.237,"{'m1-1': 1.04, 'm2-1': 23.87, 'm3-1': 114.43, 'm4-1': 27.93, 'm5-1': 10.36, 'm6-1': 4.86, 'm7-1': 24.38, 'm8-1': 5.32}",0.4259999999999877,196.953,inf,197.237,197.237,197.237
870,T4,BESTEFFORT,MISSED,m1-1,87.307,"{'m1-1': 1.01, 'm2-1': 23.59, 'm3-1': 102.43, 'm4-1': 26.07, 'm5-1': 10.33, 'm6-1': 5.84, 'm7-1': 26.0, 'm8-1': 5.13}",0.1050000000000324,197.237,inf,197.30700000000002,197.30700000000002,197.30700000000002
871,T7,BESTEFFORT,MISSED,m1-1,87.327,"{'m1-1': 0.99, 'm2-1': 27.42, 'm3-1': 110.0, 'm4-1': 26.6, 'm5-1': 10.5, 'm6-1': 4.92, 'm7-1': 24.93, 'm8-1': 5.45}",0.029999999999972715,197.30700000000002,inf,197.327,197.327,197.327
872,T10,BESTEFFORT,MISSED,m1-1,87.433,"{'m1-1': 1.1, 'm2-1': 27.54, 'm3-1': 101.6, 'm4-1': 23.78, 'm5-1': 10.48, 'm6-1': 5.85, 'm7-1': 26.03, 'm8-1': 5.38}",0.15899999999999181,197.327,inf,197.433,197.433,197.433
873,T1,BESTEFFORT,MISSED,m1-1,87.453,"{'m1-1': 1.15, 'm2-1': 26.84, 'm3-1': 104.53, 'm4-1': 25.8, 'm5-1': 9.7, 'm6-1': 5.09, 'm7-1': 25.57, 'm8-1': 5.27}",0.030000000000015348,197.433,inf,197.453,197.453,197.453
874,T7,BESTEFFORT,MISSED,m1-1,87.728,"{'m1-1': 1.0, 'm2-1': 25.03, 'm3-1': 111.48, 'm4-1': 26.25, 'm5-1': 11.3, 'm6-1': 4.95, 'm7-1': 26.19, 'm8-1': 5.19}",0.4125000000000085,197.453,inf,197.728,197.728,197.728
875,T3,BESTEFFORT,MISSED,m1-1,87.735,"{'m1-1': 1.11, 'm2-1': 26.63, 'm3-1': 106.36, 'm4-1': 28.44, 'm5-1': 9.88, 'm6-1': 5.34, 'm7-1': 27.59, 'm8-1': 5.61}",0.010500000000007503,197.728,inf,197.735,197.735,197.735
876,T10,BESTEFFORT,MISSED,m1-1,88.004,"{'m1-1': 1.16, 'm2-1': 29.14, 'm3-1': 106.07, 'm4-1': 27.51, 'm5-1': 9.62, 'm6-1': 5.14, 'm7-1': 25.51, 'm8-1': 4.99}",0.4035000000000082,197.735,inf,198.00400000000002,198.00400000000002,198.00400000000002
877,T7,BESTEFFORT,MISSED,m1-1,88.049,"{'m1-1': 1.05, 'm2-1': 24.29, 'm3-1': 99.81, 'm4-1': 26.05, 'm5-1': 9.87, 'm6-1': 5.14, 'm7-1': 26.1, 'm8-1': 4.9}",0.06749999999998124,198.00400000000002,inf,198.049,198.049,198.049
878,T3,BESTEFFORT,MISSED,m1-1,88.062,"{'m1-1': 0.99, 'm2-1': 27.84, 'm3-1': 113.99, 'm4-1': 26.53, 'm5-1': 9.72, 'm6-1': 4.86, 'm7-1': 24.73, 'm8-1': 5.37}",0.019500000000007844,198.049,inf,198.062,198.062,198.062
879,T2,BESTEFFORT,MISSED,m1-1,88.141,"{'m1-1': 1.05, 'm2-1': 25.72, 'm3-1': 113.3, 'm4-1': 24.48, 'm5-1': 9.82, 'm6-1': 5.88, 'm7-1': 26.37, 'm8-1': 5.37}",0.1185000000000116,198.062,inf,198.14100000000002,198.14100000000002,198.14100000000002
880,T8,BESTEFFORT,MISSED,m1-1,88.188,"{'m1-1': 1.02, 'm2-1': 25.73, 'm3-1': 116.02, 'm4-1': 25.18, 'm5-1': 11.24, 'm6-1': 5.22, 'm7-1': 25.75, 'm8-1': 5.12}",0.07049999999995293,198.14100000000002,inf,198.188,198.188,198.188
881,T10,BESTEFFORT,MISSED,m1-1,88.28,"{'m1-1': 1.15, 'm2-1': 25.88, 'm3-1': 109.48, 'm4-1': 26.93, 'm5-1': 10.14, 'm6-1': 5.1, 'm7-1': 26.11, 'm8-1': 4.84}",0.13800000000001944,198.188,inf,198.28,198.28,198.28
882,T3,BESTEFFORT,MISSED,m1-1,88.653,"{'m1-1': 1.08, 'm2-1': 23.77, 'm3-1': 104.98, 'm4-1': 24.38, 'm5-1': 9.71, 'm6-1': 5.18, 'm7-1': 26.17, 'm8-1': 5.75}",0.5595000000000283,198.28,inf,198.65300000000002,198.65300000000002,198.65300000000002
883,T1,BESTEFFORT,MISSED,m1-1,88.771,"{'m1-1': 1.1, 'm2-1': 25.49, 'm3-1': 117.91, 'm4-1': 28.23, 'm5-1': 10.78, 'm6-1': 5.26, 'm7-1': 25.7, 'm8-1': 4.93}",0.1769999999999925,198.65300000000002,inf,198.77100000000002,198.77100000000002,198.77100000000002
884,T3,BESTEFFORT,MISSED,m1-1,88.923,"{'m1-1': 0.99, 'm2-1': 26.48, 'm3-1': 116.82, 'm4-1': 27.57, 'm5-1': 10.65, 'm6-1': 5.12, 'm7-1': 27.06, 'm8-1': 5.65}",0.22799999999998022,198.77100000000002,inf,198.923,198.923,198.923
885,T7,BESTEFFORT,MISSED,m1-1,88.976,"{'m1-1': 0.93, 'm2-1': 26.56, 'm3-1': 101.91, 'm4-1': 27.7, 'm5-1': 9.76, 'm6-1': 5.47, 'm7-1': 27.81, 'm8-1': 5.51}",0.07949999999999591,198.923,inf,198.976,198.976,198.976
886,T7,BESTEFFORT,MISSED,m1-1,89.025,"{'m1-1': 1.08, 'm2-1': 25.7, 'm3-1': 100.46, 'm4-1': 28.8, 'm5-1': 10.37, 'm6-1': 5.4, 'm7-1': 28.24, 'm8-1': 5.6}",0.07350000000000989,198.976,inf,199.025,199.025,199.025
887,T3,BESTEFFORT,MISSED,m1-1,89.095,"{'m1-1': 0.99, 'm2-1': 26.9, 'm3-1': 112.81, 'm4-1': 26.9, 'm5-1': 9.32, 'm6-1': 4.9, 'm7-1': 24.1, 'm8-1': 5.19}",0.10499999999998977,199.025,inf,199.095,199.095,199.095
888,T5,BESTEFFORT,MISSED,m1-1,89.305,"{'m1-1': 0.93, 'm2-1': 24.68, 'm3-1': 101.63, 'm4-1': 25.39, 'm5-1': 10.68, 'm6-1': 4.76, 'm7-1': 24.25, 'm8-1': 5.16}",0.31500000000001194,199.095,inf,199.305,199.305,199.305
889,T8,BESTEFFORT,MISSED,m1-1,89.541,"{'m1-1': 0.98, 'm2-1': 24.7, 'm3-1': 114.21, 'm4-1': 24.9, 'm5-1': 11.17, 'm6-1': 5.36, 'm7-1': 23.73, 'm8-1': 4.68}",0.353999999999985,199.305,inf,199.541,199.541,199.541
890,T2,BESTEFFORT,MISSED,m1-1,89.66,"{'m1-1': 1.03, 'm2-1': 24.78, 'm3-1': 111.47, 'm4-1': 28.11, 'm5-1': 10.83, 'm6-1': 5.4, 'm7-1': 25.65, 'm8-1': 5.82}",0.17849999999999966,199.541,inf,199.66,199.66,199.66
891,T8,BESTEFFORT,MISSED,m1-1,89.894,"{'m1-1': 0.97, 'm2-1': 25.35, 'm3-1': 113.31, 'm4-1': 26.1, 'm5-1': 10.7, 'm6-1': 5.38, 'm7-1': 24.43, 'm8-1': 5.17}",0.3510000000000133,199.66,inf,199.894,199.894,199.894
892,T7,BESTEFFORT,MISSED,m1-1,89.96,"{'m1-1': 1.08, 'm2-1': 24.27, 'm3-1': 100.13, 'm4-1': 26.68, 'm5-1': 10.76, 'm6-1': 5.68, 'm7-1': 24.99, 'm8-1': 5.55}",0.09899999999996112,199.894,inf,199.95999999999998,199.95999999999998,199.95999999999998
893,T3,BESTEFFORT,MISSED,m1-1,89.973,"{'m1-1': 1.04, 'm2-1': 23.97, 'm3-1': 108.8, 'm4-1': 24.95, 'm5-1': 9.17, 'm6-1': 4.86, 'm7-1': 26.58, 'm8-1': 5.17}",0.019500000000050477,199.95999999999998,inf,199.973,199.973,199.973
894,T5,BESTEFFORT,MISSED,m1-1,90.01,"{'m1-1': 1.01, 'm2-1': 28.21, 'm3-1': 103.87, 'm4-1': 23.98, 'm5-1': 10.04, 'm6-1': 4.85, 'm7-1': 24.03, 'm8-1': 5.94}",0.055499999999966576,199.973,inf,200.01,200.01,200.01
895,T10,BESTEFFORT,MISSED,m1-1,90.028,"{'m1-1': 1.12, 'm2-1': 28.24, 'm3-1': 103.76, 'm4-1': 25.68, 'm5-1': 10.8, 'm6-1': 5.03, 'm7-1': 25.9, 'm8-1': 5.54}",0.027000000000043656,200.01,inf,200.02800000000002,200.02800000000002,200.02800000000002
896,T2,BESTEFFORT,MISSED,m1-1,90.061,"{'m1-1': 1.01, 'm2-1': 25.22, 'm3-1': 106.55, 'm4-1': 24.72, 'm5-1': 9.96, 'm6-1': 5.9, 'm7-1': 27.52, 'm8-1': 5.34}",0.04949999999998056,200.02800000000002,inf,200.061,200.061,200.061
897,T8,BESTEFFORT,MISSED,m1-1,90.274,"{'m1-1': 1.08, 'm2-1': 26.16, 'm3-1': 104.3, 'm4-1': 26.45, 'm5-1': 10.35, 'm6-1': 4.9, 'm7-1': 23.83, 'm8-1': 5.01}",0.3194999999999908,200.061,inf,200.274,200.274,200.274
898,T9,BESTEFFORT,MISSED,m1-1,90.437,"{'m1-1': 0.98, 'm2-1': 27.34, 'm3-1': 105.61, 'm4-1': 27.23, 'm5-1': 9.55, 'm6-1': 5.02, 'm7-1': 26.9, 'm8-1': 4.64}",0.24450000000001637,200.274,inf,200.437,200.437,200.437
899,T4,BESTEFFORT,MISSED,m1-1,90.466,"{'m1-1': 1.08, 'm2-1': 25.67, 'm3-1': 103.98, 'm4-1': 23.49, 'm5-1': 10.76, 'm6-1': 5.31, 'm7-1': 28.09, 'm8-1': 5.58}",0.04349999999999454,200.437,inf,200.466,200.466,200.466
900,T2,BESTEFFORT,MISSED,m1-1,90.526,"{'m1-1': 0.99, 'm2-1': 24.29, 'm3-1': 112.9, 'm4-1': 24.42, 'm5-1': 10.68, 'm6-1': 5.04, 'm7-1': 27.46, 'm8-1': 5.3}",0.09000000000000341,200.466,inf,200.526,200.526,200.526
901,T8,BESTEFFORT,MISSED,m1-1,90.612,"{'m1-1': 0.94, 'm2-1': 24.81, 'm3-1': 110.35, 'm4-1': 27.07, 'm5-1': 10.17, 'm6-1': 4.93, 'm7-1': 27.32, 'm8-1': 4.81}",0.12899999999997647,200.526,inf,200.612,200.612,200.612
902,T5,BESTEFFORT,MISSED,m1-1,90.622,"{'m1-1': 1.07, 'm2-1': 26.39, 'm3-1': 97.99, 'm4-1': 26.87, 'm5-1': 10.11, 'm6-1': 5.21, 'm7-1': 27.52, 'm8-1': 5.29}",0.01500000000002899,200.612,inf,200.622,200.622,200.622
903,T4,BESTEFFORT,MISSED,m1-1,90.695,"{'m1-1': 1.02, 'm2-1': 26.55, 'm3-1': 109.77, 'm4-1': 23.49, 'm5-1': 9.41, 'm6-1': 5.58, 'm7-1': 25.92, 'm8-1': 4.77}",0.10949999999996862,200.622,inf,200.695,200.695,200.695
904,T6,BESTEFFORT,MISSED,m1-1,90.823,"{'m1-1': 1.04, 'm2-1': 26.03, 'm3-1': 107.77, 'm4-1': 25.02, 'm5-1': 10.39, 'm6-1': 5.42, 'm7-1': 29.77, 'm8-1': 5.31}",0.19199999999997885,200.695,inf,200.82299999999998,200.82299999999998,200.82299999999998
905,T4,BESTEFFORT,MISSED,m1-1,90.914,"{'m1-1': 0.99, 'm2-1': 23.24, 'm3-1': 113.5, 'm4-1': 24.63, 'm5-1': 10.03, 'm6-1': 5.62, 'm7-1': 27.82, 'm8-1': 4.92}",0.13650000000001228,200.82299999999998,inf,200.914,200.914,200.914
906,T10,BESTEFFORT,MISSED,m1-1,91.021,"{'m1-1': 1.03, 'm2-1': 28.57, 'm3-1': 99.52, 'm4-1': 27.97, 'm5-1': 11.21, 'm6-1': 5.17, 'm7-1': 24.54, 'm8-1': 4.88}",0.1605000000000416,200.914,inf,201.02100000000002,201.02100000000002,201.02100000000002
907,T9,BESTEFFORT,MISSED,m1-1,91.048,"{'m1-1': 1.09, 'm2-1': 29.06, 'm3-1': 99.61, 'm4-1': 24.97, 'm5-1': 9.94, 'm6-1': 5.42, 'm7-1': 24.78, 'm8-1': 5.06}",0.04049999999998022,201.02100000000002,inf,201.048,201.048,201.048
908,T1,BESTEFFORT,MISSED,m1-1,91.156,"{'m1-1': 1.0, 'm2-1': 27.38, 'm3-1': 118.74, 'm4-1': 27.23, 'm5-1': 10.84, 'm6-1': 5.69, 'm7-1': 24.36, 'm8-1': 5.38}",0.16200000000000614,201.048,inf,201.156,201.156,201.156
909,T1,BESTEFFORT,MISSED,m1-1,91.242,"{'m1-1': 1.06, 'm2-1': 25.88, 'm3-1': 110.43, 'm4-1': 28.67, 'm5-1': 9.56, 'm6-1': 5.19, 'm7-1': 26.95, 'm8-1': 4.83}",0.1290000000000191,201.156,inf,201.24200000000002,201.24200000000002,201.24200000000002
910,T9,BESTEFFORT,MISSED,m1-1,91.79,"{'m1-1': 1.03, 'm2-1': 25.41, 'm3-1': 101.35, 'm4-1': 27.46, 'm5-1': 10.31, 'm6-1': 5.43, 'm7-1': 26.43, 'm8-1': 4.64}",0.8220000000000027,201.24200000000002,inf,201.79000000000002,201.79000000000002,201.79000000000002
911,T9,BESTEFFORT,MISSED,m1-1,91.937,"{'m1-1': 1.07, 'm2-1': 28.47, 'm3-1': 99.54, 'm4-1': 26.29, 'm5-1': 10.77, 'm6-1': 5.55, 'm7-1': 25.54, 'm8-1': 5.07}",0.22049999999998704,201.79000000000002,inf,201.937,201.937,201.937
912,T5,BESTEFFORT,MISSED,m1-1,92.193,"{'m1-1': 0.99, 'm2-1': 28.01, 'm3-1': 97.46, 'm4-1': 24.31, 'm5-1': 10.69, 'm6-1': 5.32, 'm7-1': 26.69, 'm8-1': 5.46}",0.3839999999999577,201.937,inf,202.19299999999998,202.19299999999998,202.19299999999998
913,T9,BESTEFFORT,MISSED,m1-1,92.575,"{'m1-1': 1.02, 'm2-1': 25.01, 'm3-1': 98.48, 'm4-1': 26.93, 'm5-1': 9.4, 'm6-1': 5.31, 'm7-1': 27.25, 'm8-1': 4.61}",0.5730000000000075,202.19299999999998,inf,202.575,202.575,202.575
914,T5,BESTEFFORT,MISSED,m1-1,92.662,"{'m1-1': 0.99, 'm2-1': 26.0, 'm3-1': 101.78, 'm4-1': 24.85, 'm5-1': 10.78, 'm6-1': 4.89, 'm7-1': 27.13, 'm8-1': 5.6}",0.13050000000002626,202.575,inf,202.662,202.662,202.662
915,T6,BESTEFFORT,MISSED,m1-1,92.744,"{'m1-1': 1.07, 'm2-1': 28.47, 'm3-1': 115.63, 'm4-1': 27.13, 'm5-1': 10.42, 'm6-1': 5.32, 'm7-1': 25.58, 'm8-1': 5.24}",0.12299999999999045,202.662,inf,202.744,202.744,202.744
916,T5,BESTEFFORT,MISSED,m1-1,93.001,"{'m1-1': 1.07, 'm2-1': 28.5, 'm3-1': 96.74, 'm4-1': 27.51, 'm5-1': 9.4, 'm6-1': 5.29, 'm7-1': 24.44, 'm8-1': 5.13}",0.3855000000000075,202.744,inf,203.001,203.001,203.001
917,T8,BESTEFFORT,MISSED,m1-1,93.534,"{'m1-1': 1.03, 'm2-1': 26.34, 'm3-1': 102.08, 'm4-1': 27.21, 'm5-1': 10.1, 'm6-1': 5.24, 'm7-1': 23.32, 'm8-1': 4.82}",0.7994999999999806,203.001,inf,203.534,203.534,203.534
918,T10,BESTEFFORT,MISSED,m1-1,93.659,"{'m1-1': 1.04, 'm2-1': 27.94, 'm3-1': 98.86, 'm4-1': 24.58, 'm5-1': 10.25, 'm6-1': 5.83, 'm7-1': 25.46, 'm8-1': 4.98}",0.1875,203.534,inf,203.659,203.659,203.659
919,T5,BESTEFFORT,MISSED,m1-1,93.81,"{'m1-1': 1.09, 'm2-1': 28.99, 'm3-1': 98.27, 'm4-1': 27.27, 'm5-1': 9.34, 'm6-1': 5.3, 'm7-1': 24.77, 'm8-1': 5.35}",0.2265000000000157,203.659,inf,203.81,203.81,203.81
920,T9,BESTEFFORT,MISSED,m1-1,94.172,"{'m1-1': 1.0, 'm2-1': 25.5, 'm3-1': 92.34, 'm4-1': 25.99, 'm5-1': 9.37, 'm6-1': 5.49, 'm7-1': 26.62, 'm8-1': 5.06}",0.5429999999999922,203.81,inf,204.172,204.172,204.172
921,T2,BESTEFFORT,MISSED,m1-1,94.186,"{'m1-1': 0.98, 'm2-1': 26.39, 'm3-1': 106.55, 'm4-1': 25.99, 'm5-1': 9.65, 'm6-1': 5.7, 'm7-1': 25.68, 'm8-1': 5.33}",0.021000000000015007,204.172,inf,204.186,204.186,204.186
922,T1,BESTEFFORT,MISSED,m1-1,94.203,"{'m1-1': 0.99, 'm2-1': 25.98, 'm3-1': 111.61, 'm4-1': 27.12, 'm5-1': 9.35, 'm6-1': 5.17, 'm7-1': 25.25, 'm8-1': 4.89}",0.02549999999999386,204.186,inf,204.203,204.203,204.203
923,T10,BESTEFFORT,MISSED,m1-1,94.483,"{'m1-1': 1.01, 'm2-1': 25.9, 'm3-1': 112.44, 'm4-1': 24.29, 'm5-1': 11.18, 'm6-1': 5.6, 'm7-1': 24.46, 'm8-1': 4.83}",0.4200000000000017,204.203,inf,204.483,204.483,204.483
924,T4,BESTEFFORT,MISSED,m1-1,94.558,"{'m1-1': 1.11, 'm2-1': 24.35, 'm3-1': 106.7, 'm4-1': 23.44, 'm5-1': 10.08, 'm6-1': 5.21, 'm7-1': 25.38, 'm8-1': 5.01}",0.11249999999998295,204.483,inf,204.558,204.558,204.558
925,T9,BESTEFFORT,MISSED,m1-1,94.603,"{'m1-1': 1.02, 'm2-1': 25.41, 'm3-1': 92.85, 'm4-1': 26.38, 'm5-1': 9.33, 'm6-1': 5.76, 'm7-1': 27.03, 'm8-1': 5.17}",0.06750000000002387,204.558,inf,204.603,204.603,204.603
926,T10,BESTEFFORT,MISSED,m1-1,94.675,"{'m1-1': 1.15, 'm2-1': 28.47, 'm3-1': 107.79, 'm4-1': 27.54, 'm5-1': 11.17, 'm6-1': 5.75, 'm7-1': 23.57, 'm8-1': 5.11}",0.10800000000000409,204.603,inf,204.675,204.675,204.675
927,T9,BESTEFFORT,MISSED,m1-1,94.913,"{'m1-1': 1.0, 'm2-1': 29.02, 'm3-1': 103.49, 'm4-1': 24.6, 'm5-1': 10.41, 'm6-1': 5.18, 'm7-1': 26.45, 'm8-1': 4.62}",0.3569999999999993,204.675,inf,204.913,204.913,204.913
928,T5,BESTEFFORT,MISSED,m1-1,94.983,"{'m1-1': 1.1, 'm2-1': 25.21, 'm3-1': 101.25, 'm4-1': 27.28, 'm5-1': 9.41, 'm6-1': 5.56, 'm7-1': 25.07, 'm8-1': 5.67}",0.10499999999998977,204.913,inf,204.983,204.983,204.983
929,T8,BESTEFFORT,MISSED,m1-1,95.188,"{'m1-1': 1.06, 'm2-1': 27.29, 'm3-1': 106.87, 'm4-1': 24.19, 'm5-1': 10.36, 'm6-1': 5.7, 'm7-1': 27.08, 'm8-1': 5.14}",0.3074999999999761,204.983,inf,205.188,205.188,205.188
930,T9,BESTEFFORT,MISSED,m1-1,95.204,"{'m1-1': 1.03, 'm2-1': 25.74, 'm3-1': 105.13, 'm4-1': 24.28, 'm5-1': 9.92, 'm6-1': 5.21, 'm7-1': 26.17, 'm8-1': 4.76}",0.02400000000002933,205.188,inf,205.204,205.204,205.204
931,T5,BESTEFFORT,MISSED,m1-1,95.451,"{'m1-1': 1.1, 'm2-1': 28.88, 'm3-1': 111.76, 'm4-1': 26.45, 'm5-1': 10.14, 'm6-1': 5.08, 'm7-1': 26.0, 'm8-1': 5.12}",0.3704999999999785,205.204,inf,205.451,205.451,205.451
932,T9,BESTEFFORT,MISSED,m1-1,95.473,"{'m1-1': 1.03, 'm2-1': 27.83, 'm3-1': 100.09, 'm4-1': 23.75, 'm5-1': 9.43, 'm6-1': 5.58, 'm7-1': 26.33, 'm8-1': 4.95}",0.03300000000002967,205.451,inf,205.473,205.473,205.473
933,T4,BESTEFFORT,MISSED,m1-1,95.531,"{'m1-1': 1.0, 'm2-1': 25.45, 'm3-1': 108.89, 'm4-1': 26.52, 'm5-1': 10.31, 'm6-1': 5.37, 'm7-1': 25.07, 'm8-1': 4.91}",0.08699999999998909,205.473,inf,205.531,205.531,205.531
934,T2,BESTEFFORT,MISSED,m1-1,95.718,"{'m1-1': 1.08, 'm2-1': 25.4, 'm3-1': 102.97, 'm4-1': 24.75, 'm5-1': 9.23, 'm6-1': 5.5, 'm7-1': 24.8, 'm8-1': 5.82}",0.28050000000001774,205.531,inf,205.71800000000002,205.71800000000002,205.71800000000002
935,T4,BESTEFFORT,MISSED,m1-1,95.815,"{'m1-1': 1.05, 'm2-1': 23.75, 'm3-1': 102.0, 'm4-1': 25.5, 'm5-1': 9.67, 'm6-1': 5.83, 'm7-1': 27.46, 'm8-1': 5.26}",0.14549999999997,205.71800000000002,inf,205.815,205.815,205.815
936,T8,BESTEFFORT,MISSED,m1-1,96.092,"{'m1-1': 1.03, 'm2-1': 24.0, 'm3-1': 110.97, 'm4-1': 26.61, 'm5-1': 10.04, 'm6-1': 5.36, 'm7-1': 27.31, 'm8-1': 5.41}",0.4154999999999802,205.815,inf,206.09199999999998,206.09199999999998,206.09199999999998
937,T4,BESTEFFORT,MISSED,m1-1,96.157,"{'m1-1': 1.01, 'm2-1': 26.31, 'm3-1': 107.65, 'm4-1': 27.07, 'm5-1': 10.11, 'm6-1': 5.28, 'm7-1': 27.75, 'm8-1': 4.86}",0.09749999999999659,206.09199999999998,inf,206.15699999999998,206.15699999999998,206.15699999999998
938,T5,BESTEFFORT,MISSED,m1-1,96.29,"{'m1-1': 0.99, 'm2-1': 28.31, 'm3-1': 108.77, 'm4-1': 27.98, 'm5-1': 9.71, 'm6-1': 5.62, 'm7-1': 25.95, 'm8-1': 5.42}",0.1995000000000573,206.15699999999998,inf,206.29000000000002,206.29000000000002,206.29000000000002
939,T9,BESTEFFORT,MISSED,m1-1,96.353,"{'m1-1': 1.07, 'm2-1': 27.57, 'm3-1': 99.06, 'm4-1': 26.51, 'm5-1': 9.56, 'm6-1': 5.28, 'm7-1': 29.39, 'm8-1': 4.72}",0.09449999999998226,206.29000000000002,inf,206.353,206.353,206.353
940,T8,BESTEFFORT,MISSED,m1-1,96.369,"{'m1-1': 0.96, 'm2-1': 25.14, 'm3-1': 100.35, 'm4-1': 26.15, 'm5-1': 11.4, 'm6-1': 5.26, 'm7-1': 24.98, 'm8-1': 4.58}",0.0239999999999867,206.353,inf,206.369,206.369,206.369
941,T4,BESTEFFORT,MISSED,m1-1,96.522,"{'m1-1': 1.05, 'm2-1': 25.03, 'm3-1': 111.08, 'm4-1': 24.24, 'm5-1': 10.62, 'm6-1': 5.79, 'm7-1': 29.23, 'm8-1': 4.95}",0.22949999999998738,206.369,inf,206.522,206.522,206.522
942,T4,BESTEFFORT,MISSED,m1-1,96.599,"{'m1-1': 1.02, 'm2-1': 24.37, 'm3-1': 110.38, 'm4-1': 25.17, 'm5-1': 10.66, 'm6-1': 5.19, 'm7-1': 26.84, 'm8-1': 5.52}",0.11549999999999727,206.522,inf,206.599,206.599,206.599
943,T1,BESTEFFORT,MISSED,m1-1,97.203,"{'m1-1': 1.04, 'm2-1': 23.5, 'm3-1': 104.17, 'm4-1': 28.43, 'm5-1': 10.68, 'm6-1': 5.57, 'm7-1': 25.55, 'm8-1': 5.2}",0.9060000000000201,206.599,inf,207.203,207.203,207.203
944,T4,BESTEFFORT,MISSED,m1-1,97.215,"{'m1-1': 1.04, 'm2-1': 23.61, 'm3-1': 113.2, 'm4-1': 24.99, 'm5-1': 10.93, 'm6-1': 5.4, 'm7-1': 24.82, 'm8-1': 5.61}",0.018000000000000682,207.203,inf,207.215,207.215,207.215
945,T5,BESTEFFORT,MISSED,m1-1,97.438,"{'m1-1': 1.06, 'm2-1': 26.46, 'm3-1': 105.6, 'm4-1': 25.7, 'm5-1': 10.74, 'm6-1': 5.01, 'm7-1': 27.01, 'm8-1': 5.3}",0.33449999999997715,207.215,inf,207.438,207.438,207.438
946,T1,BESTEFFORT,MISSED,m1-1,97.481,"{'m1-1': 1.08, 'm2-1': 25.14, 'm3-1': 103.21, 'm4-1': 25.96, 'm5-1': 10.3, 'm6-1': 5.43, 'm7-1': 25.82, 'm8-1': 5.03}",0.06450000000000955,207.438,inf,207.481,207.481,207.481
947,T4,BESTEFFORT,MISSED,m1-1,97.502,"{'m1-1': 1.01, 'm2-1': 23.66, 'm3-1': 101.9, 'm4-1': 24.08, 'm5-1': 9.9, 'm6-1': 5.12, 'm7-1': 28.79, 'm8-1': 5.18}",0.03150000000002251,207.481,inf,207.502,207.502,207.502
948,T8,BESTEFFORT,MISSED,m1-1,97.583,"{'m1-1': 0.93, 'm2-1': 25.73, 'm3-1': 110.99, 'm4-1': 27.15, 'm5-1': 11.09, 'm6-1': 5.08, 'm7-1': 27.55, 'm8-1': 5.16}",0.12149999999998329,207.502,inf,207.583,207.583,207.583
949,T4,BESTEFFORT,MISSED,m1-1,97.973,"{'m1-1': 1.05, 'm2-1': 27.28, 'm3-1': 105.63, 'm4-1': 26.34, 'm5-1': 9.85, 'm6-1': 5.95, 'm7-1': 25.76, 'm8-1': 5.42}",0.5850000000000222,207.583,inf,207.973,207.973,207.973
950,T5,BESTEFFORT,MISSED,m1-1,98.153,"{'m1-1': 1.04, 'm2-1': 26.27, 'm3-1': 101.78, 'm4-1': 27.64, 'm5-1': 10.9, 'm6-1': 5.35, 'm7-1': 26.96, 'm8-1': 5.26}",0.27000000000001023,207.973,inf,208.15300000000002,208.15300000000002,208.15300000000002
951,T4,BESTEFFORT,MISSED,m1-1,98.189,"{'m1-1': 1.11, 'm2-1': 25.95, 'm3-1': 114.24, 'm4-1': 24.15, 'm5-1': 11.0, 'm6-1': 5.34, 'm7-1': 28.42, 'm8-1': 5.65}",0.053999999999959414,208.15300000000002,inf,208.189,208.189,208.189
952,T4,BESTEFFORT,MISSED,m1-1,98.301,"{'m1-1': 1.06, 'm2-1': 25.28, 'm3-1': 99.08, 'm4-1': 24.89, 'm5-1': 10.47, 'm6-1': 5.96, 'm7-1': 26.78, 'm8-1': 5.37}",0.16799999999999216,208.189,inf,208.301,208.301,208.301
953,T8,BESTEFFORT,MISSED,m1-1,98.429,"{'m1-1': 1.05, 'm2-1': 25.99, 'm3-1': 104.93, 'm4-1': 27.5, 'm5-1': 11.6, 'm6-1': 5.4, 'm7-1': 26.06, 'm8-1': 4.74}",0.1920000000000215,208.301,inf,208.429,208.429,208.429
954,T8,BESTEFFORT,MISSED,m1-1,98.528,"{'m1-1': 1.01, 'm2-1': 27.26, 'm3-1': 106.01, 'm4-1': 24.04, 'm5-1': 11.16, 'm6-1': 5.3, 'm7-1': 24.93, 'm8-1': 5.1}",0.14850000000002694,208.429,inf,208.52800000000002,208.52800000000002,208.52800000000002
955,T9,BESTEFFORT,MISSED,m1-1,98.955,"{'m1-1': 1.02, 'm2-1': 27.08, 'm3-1': 104.78, 'm4-1': 24.98, 'm5-1': 9.45, 'm6-1': 5.3, 'm7-1': 29.17, 'm8-1': 4.92}",0.6404999999999461,208.52800000000002,inf,208.95499999999998,208.95499999999998,208.95499999999998
956,T5,BESTEFFORT,MISSED,m1-1,99.473,"{'m1-1': 1.01, 'm2-1': 27.0, 'm3-1': 102.41, 'm4-1': 25.16, 'm5-1': 9.69, 'm6-1': 4.93, 'm7-1': 25.44, 'm8-1': 5.04}",0.7770000000000437,208.95499999999998,inf,209.473,209.473,209.473
957,T1,BESTEFFORT,MISSED,m1-1,99.476,"{'m1-1': 1.09, 'm2-1': 24.42, 'm3-1': 109.97, 'm4-1': 26.49, 'm5-1': 10.32, 'm6-1': 5.7, 'm7-1': 24.43, 'm8-1': 4.83}",0.004499999999978854,209.473,inf,209.476,209.476,209.476
958,T8,BESTEFFORT,MISSED,m1-1,99.493,"{'m1-1': 1.01, 'm2-1': 25.3, 'm3-1': 114.72, 'm4-1': 27.6, 'm5-1': 10.17, 'm6-1': 5.37, 'm7-1': 27.2, 'm8-1': 5.37}",0.02549999999999386,209.476,inf,209.493,209.493,209.493
959,T5,BESTEFFORT,MISSED,m1-1,99.499,"{'m1-1': 0.96, 'm2-1': 28.47, 'm3-1': 95.7, 'm4-1': 27.12, 'm5-1': 10.05, 'm6-1': 5.57, 'm7-1': 27.98, 'm8-1': 5.58}",0.009000000000000341,209.493,inf,209.499,209.499,209.499
960,T9,BESTEFFORT,MISSED,m1-1,99.635,"{'m1-1': 1.07, 'm2-1': 25.62, 'm3-1': 92.72, 'm4-1': 25.72, 'm5-1': 9.38, 'm6-1': 5.34, 'm7-1': 27.48, 'm8-1': 5.13}",0.20399999999999352,209.499,inf,209.635,209.635,209.635
961,T8,BESTEFFORT,MISSED,m1-1,100.459,"{'m1-1': 0.94, 'm2-1': 26.15, 'm3-1': 109.54, 'm4-1': 24.64, 'm5-1': 10.93, 'm6-1': 4.97, 'm7-1': 24.01, 'm8-1': 4.98}",1.2360000000000184,209.635,inf,210.459,210.459,210.459
962,T9,BESTEFFORT,MISSED,m1-1,100.945,"{'m1-1': 1.03, 'm2-1': 27.4, 'm3-1': 93.21, 'm4-1': 23.84, 'm5-1': 10.69, 'm6-1': 5.24, 'm7-1': 27.5, 'm8-1': 5.06}",0.728999999999985,210.459,inf,210.945,210.945,210.945
963,T8,BESTEFFORT,MISSED,m1-1,101.294,"{'m1-1': 1.05, 'm2-1': 23.85, 'm3-1': 106.62, 'm4-1': 26.71, 'm5-1': 11.24, 'm6-1': 5.51, 'm7-1': 26.47, 'm8-1': 4.66}",0.5234999999999843,210.945,inf,211.29399999999998,211.29399999999998,211.29399999999998
964,T8,BESTEFFORT,MISSED,m1-1,101.493,"{'m1-1': 1.03, 'm2-1': 25.6, 'm3-1': 107.99, 'm4-1': 26.72, 'm5-1': 10.97, 'm6-1': 5.48, 'm7-1': 26.93, 'm8-1': 4.91}",0.2985000000000184,211.29399999999998,inf,211.493,211.493,211.493
965,T8,BESTEFFORT,MISSED,m1-1,101.626,"{'m1-1': 1.08, 'm2-1': 26.55, 'm3-1': 113.29, 'm4-1': 24.15, 'm5-1': 10.73, 'm6-1': 5.68, 'm7-1': 24.95, 'm8-1': 5.12}",0.19950000000001467,211.493,inf,211.626,211.626,211.626
966,T4,BESTEFFORT,MISSED,m1-1,102.143,"{'m1-1': 1.17, 'm2-1': 26.14, 'm3-1': 109.4, 'm4-1': 25.77, 'm5-1': 9.74, 'm6-1': 5.81, 'm7-1': 25.18, 'm8-1': 5.06}",0.7754999999999939,211.626,inf,212.143,212.143,212.143
967,T5,BESTEFFORT,MISSED,m1-1,102.34,"{'m1-1': 0.95, 'm2-1': 28.87, 'm3-1': 99.89, 'm4-1': 24.95, 'm5-1': 10.52, 'm6-1': 5.03, 'm7-1': 24.39, 'm8-1': 5.92}",0.2955000000000041,212.143,inf,212.34,212.34,212.34
968,T5,BESTEFFORT,MISSED,m1-1,102.474,"{'m1-1': 1.0, 'm2-1': 26.58, 'm3-1': 100.9, 'm4-1': 24.05, 'm5-1': 9.45, 'm6-1': 5.39, 'm7-1': 27.5, 'm8-1': 5.92}",0.2009999999999792,212.34,inf,212.474,212.474,212.474
969,T8,BESTEFFORT,MISSED,m1-1,102.668,"{'m1-1': 1.01, 'm2-1': 23.31, 'm3-1': 113.25, 'm4-1': 24.09, 'm5-1': 11.55, 'm6-1': 5.47, 'm7-1': 25.85, 'm8-1': 4.64}",0.29100000000002524,212.474,inf,212.668,212.668,212.668
970,T1,BESTEFFORT,MISSED,m1-1,102.93,"{'m1-1': 1.05, 'm2-1': 26.5, 'm3-1': 111.01, 'm4-1': 26.81, 'm5-1': 10.83, 'm6-1': 5.91, 'm7-1': 23.85, 'm8-1': 4.95}",0.3930000000000007,212.668,inf,212.93,212.93,212.93
971,T5,BESTEFFORT,MISSED,m1-1,103.388,"{'m1-1': 0.96, 'm2-1': 26.54, 'm3-1': 98.96, 'm4-1': 24.8, 'm5-1': 9.56, 'm6-1': 4.98, 'm7-1': 27.34, 'm8-1': 5.33}",0.6869999999999976,212.93,inf,213.388,213.388,213.388
972,T5,BESTEFFORT,MISSED,m1-1,103.446,"{'m1-1': 1.01, 'm2-1': 25.18, 'm3-1': 106.6, 'm4-1': 24.09, 'm5-1': 10.49, 'm6-1': 5.46, 'm7-1': 26.43, 'm8-1': 5.2}",0.08699999999998909,213.388,inf,213.446,213.446,213.446
973,T4,BESTEFFORT,MISSED,m1-1,103.571,"{'m1-1': 1.01, 'm2-1': 23.94, 'm3-1': 99.42, 'm4-1': 23.44, 'm5-1': 9.62, 'm6-1': 5.56, 'm7-1': 25.12, 'm8-1': 5.6}",0.1875,213.446,inf,213.571,213.571,213.571
974,T5,BESTEFFORT,MISSED,m1-1,103.683,"{'m1-1': 0.94, 'm2-1': 27.98, 'm3-1': 111.46, 'm4-1': 27.18, 'm5-1': 11.0, 'm6-1': 4.79, 'm7-1': 24.78, 'm8-1': 5.74}",0.16799999999999216,213.571,inf,213.683,213.683,213.683
975,T1,BESTEFFORT,MISSED,m1-1,104.242,"{'m1-1': 1.16, 'm2-1': 26.42, 'm3-1': 104.53, 'm4-1': 24.95, 'm5-1': 9.6, 'm6-1': 5.42, 'm7-1': 25.15, 'm8-1': 4.94}",0.8385000000000389,213.683,inf,214.24200000000002,214.24200000000002,214.24200000000002
976,T5,BESTEFFORT,MISSED,m1-1,104.351,"{'m1-1': 0.97, 'm2-1': 28.99, 'm3-1': 98.03, 'm4-1': 26.84, 'm5-1': 10.13, 'm6-1': 4.85, 'm7-1': 24.3, 'm8-1': 5.83}",0.16349999999997067,214.24200000000002,inf,214.351,214.351,214.351
977,T1,BESTEFFORT,MISSED,m1-1,104.517,"{'m1-1': 1.1, 'm2-1': 26.27, 'm3-1': 100.4, 'm4-1': 25.97, 'm5-1': 9.17, 'm6-1': 5.66, 'm7-1': 24.94, 'm8-1': 5.33}",0.24899999999999523,214.351,inf,214.517,214.517,214.517
978,T5,BESTEFFORT,MISSED,m1-1,104.919,"{'m1-1': 1.02, 'm2-1': 24.71, 'm3-1': 110.12, 'm4-1': 27.12, 'm5-1': 10.79, 'm6-1': 5.07, 'm7-1': 26.45, 'm8-1': 5.15}",0.6029999999999802,214.517,inf,214.91899999999998,214.91899999999998,214.91899999999998
979,T1,BESTEFFORT,MISSED,m1-1,104.998,"{'m1-1': 1.0, 'm2-1': 27.19, 'm3-1': 111.49, 'm4-1': 27.8, 'm5-1': 9.17, 'm6-1': 5.1, 'm7-1': 27.01, 'm8-1': 5.14}",0.1185000000000116,214.91899999999998,inf,214.998,214.998,214.998
980,T4,BESTEFFORT,MISSED,m1-1,105.66,"{'m1-1': 1.01, 'm2-1': 27.46, 'm3-1': 101.8, 'm4-1': 24.97, 'm5-1': 11.03, 'm6-1': 5.13, 'm7-1': 25.9, 'm8-1': 4.82}",0.9930000000000092,214.998,inf,215.66,215.66,215.66
981,T1,BESTEFFORT,MISSED,m1-1,105.776,"{'m1-1': 1.08, 'm2-1': 24.21, 'm3-1': 103.07, 'm4-1': 25.4, 'm5-1': 9.54, 'm6-1': 5.3, 'm7-1': 26.82, 'm8-1': 5.17}",0.1740000000000208,215.66,inf,215.776,215.776,215.776
982,T4,BESTEFFORT,COMPLETED,m1-1,107.042,"{'m1-1': 1.1, 'm2-1': 25.21, 'm3-1': 114.07, 'm4-1': 26.61, 'm5-1': 10.12, 'm6-1': 5.92, 'm7-1': 27.19, 'm8-1': 5.01}",1.6500000000000001,215.776,216.876,inf,217.042,217.042
983,T4,BESTEFFORT,MISSED,m1-1,107.048,"{'m1-1': 1.02, 'm2-1': 24.35, 'm3-1': 109.42, 'm4-1': 24.64, 'm5-1': 10.11, 'm6-1': 5.69, 'm7-1': 27.22, 'm8-1': 5.44}",0.25799999999999557,216.876,inf,217.048,217.048,217.048
984,T5,BESTEFFORT,MISSED,m1-1,107.127,"{'m1-1': 1.09, 'm2-1': 28.28, 'm3-1': 98.35, 'm4-1': 26.54, 'm5-1': 11.01, 'm6-1': 5.48, 'm7-1': 25.72, 'm8-1': 5.31}",0.1185000000000116,217.048,inf,217.127,217.127,217.127
985,T4,BESTEFFORT,MISSED,m1-1,107.877,"{'m1-1': 1.15, 'm2-1': 25.34, 'm3-1': 100.16, 'm4-1': 24.2, 'm5-1': 10.04, 'm6-1': 5.65, 'm7-1': 29.52, 'm8-1': 5.02}",1.125,217.127,inf,217.877,217.877,217.877
986,T4,BESTEFFORT,MISSED,m1-1,108.131,"{'m1-1': 1.12, 'm2-1': 26.31, 'm3-1': 108.19, 'm4-1': 27.1, 'm5-1': 9.62, 'm6-1': 5.08, 'm7-1': 24.95, 'm8-1': 5.54}",0.380999999999986,217.877,inf,218.131,218.131,218.131
987,T5,BESTEFFORT,COMPLETED,m1-1,109.157,"{'m1-1': 0.96, 'm2-1': 26.53, 'm3-1': 96.65, 'm4-1': 26.8, 'm5-1': 10.34, 'm6-1': 5.07, 'm7-1': 26.14, 'm8-1': 5.44}",1.44,218.131,219.091,inf,219.15699999999998,219.15699999999998
988,T5,BESTEFFORT,MISSED,m1-1,109.358,"{'m1-1': 1.02, 'm2-1': 25.98, 'm3-1': 95.02, 'm4-1': 28.22, 'm5-1': 10.5, 'm6-1': 5.29, 'm7-1': 26.36, 'm8-1': 5.16}",0.40049999999999386,219.091,inf,219.358,219.358,219.358
989,T4,BESTEFFORT,COMPLETED,m1-1,110.878,"{'m1-1': 1.06, 'm2-1': 24.35, 'm3-1': 108.82, 'm4-1': 25.23, 'm5-1': 9.9, 'm6-1': 5.17, 'm7-1': 25.49, 'm8-1': 5.3}",1.59,219.358,220.418,inf,220.878,220.878
990,T4,BESTEFFORT,MISSED,m1-1,110.97,"{'m1-1': 1.07, 'm2-1': 23.33, 'm3-1': 105.78, 'm4-1': 24.97, 'm5-1': 9.6, 'm6-1': 5.17, 'm7-1': 28.7, 'm8-1': 5.56}",0.8279999999999887,220.418,inf,220.97,220.97,220.97
991,T4,BESTEFFORT,MISSED,m1-1,111.239,"{'m1-1': 1.09, 'm2-1': 23.97, 'm3-1': 112.92, 'm4-1': 23.53, 'm5-1': 10.29, 'm6-1': 5.32, 'm7-1': 25.29, 'm8-1': 5.19}",0.4035000000000082,220.97,inf,221.239,221.239,221.239
992,T5,BESTEFFORT,MISSED,m1-1,111.536,"{'m1-1': 1.03, 'm2-1': 28.23, 'm3-1': 105.08, 'm4-1': 26.0, 'm5-1': 10.43, 'm6-1': 5.08, 'm7-1': 23.96, 'm8-1': 5.32}",0.44549999999999557,221.239,inf,221.536,221.536,221.536
993,T4,BESTEFFORT,MISSED,m1-1,112.089,"{'m1-1': 1.0, 'm2-1': 26.15, 'm3-1': 102.7, 'm4-1': 24.2, 'm5-1': 10.37, 'm6-1': 5.48, 'm7-1': 27.55, 'm8-1': 5.58}",0.8294999999999959,221.536,inf,222.089,222.089,222.089
994,T5,BESTEFFORT,COMPLETED,m1-1,113.774,"{'m1-1': 1.04, 'm2-1': 27.42, 'm3-1': 99.22, 'm4-1': 27.47, 'm5-1': 10.64, 'm6-1': 5.21, 'm7-1': 26.16, 'm8-1': 5.57}",1.56,222.089,223.129,inf,223.774,223.774
995,T4,BESTEFFORT,MISSED,m1-1,113.872,"{'m1-1': 1.04, 'm2-1': 26.51, 'm3-1': 114.35, 'm4-1': 23.61, 'm5-1': 9.68, 'm6-1': 5.65, 'm7-1': 25.71, 'm8-1': 5.11}",1.1145000000000351,223.129,inf,223.872,223.872,223.872
996,T5,BESTEFFORT,MISSED,m1-1,113.876,"{'m1-1': 0.98, 'm2-1': 27.49, 'm3-1': 97.03, 'm4-1': 24.42, 'm5-1': 9.99, 'm6-1': 5.3, 'm7-1': 25.44, 'm8-1': 5.06}",0.0059999999999860165,223.872,inf,223.876,223.876,223.876
997,T5,BESTEFFORT,MISSED,m1-1,114.558,"{'m1-1': 1.08, 'm2-1': 24.92, 'm3-1': 101.68, 'm4-1': 25.12, 'm5-1': 10.68, 'm6-1': 4.92, 'm7-1': 27.3, 'm8-1': 5.42}",1.022999999999982,223.876,inf,224.558,224.558,224.558
998,T4,BESTEFFORT,COMPLETED,m1-1,115.9,"{'m1-1': 1.12, 'm2-1': 24.14, 'm3-1': 107.52, 'm4-1': 25.87, 'm5-1': 9.65, 'm6-1': 5.34, 'm7-1': 26.05, 'm8-1': 5.6}",1.6800000000000002,224.558,225.678,inf,225.9,225.9
999,T4,BESTEFFORT,MISSED,m1-1,116.055,"{'m1-1': 1.16, 'm2-1': 25.25, 'm3-1': 100.22, 'm4-1': 26.98, 'm5-1': 10.78, 'm6-1': 5.9, 'm7-1': 25.49, 'm8-1': 5.02}",0.5655000000000143,225.678,inf,226.055,226.055,226.055
