id,type,urgency,status,assigned_machine,arrival_time,execution_time,energy_usage,start_time,completion_time,missed_time,deadline,extended_deadline
0,T3,BESTEFFORT,COMPLETED,m7-1,0.022,"{'m1-1': 117.21, 'm2-1': 5.49, 'm3-1': 10.58, 'm4-1': 25.46, 'm5-1': 152.79, 'm6-1': 100.46, 'm7-1': 1.1, 'm8-1': 25.06}",1.6500000000000001,0.022,1.122,inf,110.022,110.022
1,T4,BESTEFFORT,COMPLETED,m7-1,0.042,"{'m1-1': 107.18, 'm2-1': 5.36, 'm3-1': 9.66, 'm4-1': 27.07, 'm5-1': 147.2, 'm6-1': 108.3, 'm7-1': 1.0, 'm8-1': 25.44}",1.5,1.122,2.122,inf,110.042,110.042
2,T1,BESTEFFORT,COMPLETED,m7-1,0.05,"{'m1-1': 97.7, 'm2-1': 5.11, 'm3-1': 10.11, 'm4-1': 24.2, 'm5-1': 167.53, 'm6-1': 110.71, 'm7-1': 1.08, 'm8-1': 24.17}",1.62,2.122,3.202,inf,110.05,110.05
3,T10,BESTEFFORT,COMPLETED,m7-1,0.145,"{'m1-1': 102.38, 'm2-1': 4.67, 'm3-1': 9.96, 'm4-1': 25.63, 'm5-1': 170.38, 'm6-1': 101.64, 'm7-1': 1.12, 'm8-1': 27.08}",1.6800000000000002,3.202,4.322,inf,110.145,110.145
4,T9,BESTEFFORT,COMPLETED,m2-1,0.323,"{'m1-1': 96.28, 'm2-1': 5.78, 'm3-1': 11.48, 'm4-1': 28.4, 'm5-1': 163.44, 'm6-1': 98.66, 'm7-1': 1.08, 'm8-1': 29.58}",8.67,0.323,6.103000000000001,inf,110.323,110.323
5,T6,BESTEFFORT,COMPLETED,m3-1,0.414,"{'m1-1': 97.3, 'm2-1': 5.2, 'm3-1': 10.02, 'm4-1': 24.38, 'm5-1': 149.28, 'm6-1': 103.26, 'm7-1': 1.08, 'm8-1': 28.96}",15.03,0.414,10.434,inf,110.414,110.414
6,T2,BESTEFFORT,COMPLETED,m2-1,0.419,"{'m1-1': 109.26, 'm2-1': 5.16, 'm3-1': 10.5, 'm4-1': 26.12, 'm5-1': 151.37, 'm6-1': 98.12, 'm7-1': 0.96, 'm8-1': 25.33}",7.74,6.103000000000001,11.263000000000002,inf,110.419,110.419
7,T2,BESTEFFORT,COMPLETED,m2-1,0.425,"{'m1-1': 104.98, 'm2-1': 5.57, 'm3-1': 10.37, 'm4-1': 25.68, 'm5-1': 160.7, 'm6-1': 94.43, 'm7-1': 1.08, 'm8-1': 24.8}",8.355,11.263000000000002,16.833000000000002,inf,110.425,110.425
8,T4,BESTEFFORT,COMPLETED,m3-1,0.482,"{'m1-1': 99.27, 'm2-1': 5.58, 'm3-1': 11.07, 'm4-1': 24.96, 'm5-1': 146.37, 'm6-1': 95.26, 'm7-1': 1.13, 'm8-1': 28.53}",16.605,10.434,21.503999999999998,inf,110.482,110.482
9,T2,BESTEFFORT,COMPLETED,m2-1,0.537,"{'m1-1': 108.11, 'm2-1': 5.09, 'm3-1': 10.58, 'm4-1': 26.35, 'm5-1': 153.46, 'm6-1': 104.59, 'm7-1': 0.94, 'm8-1': 26.53}",7.635,16.833000000000002,21.923000000000002,inf,110.537,110.537
10,T3,BESTEFFORT,COMPLETED,m4-1,0.56,"{'m1-1': 104.96, 'm2-1': 5.82, 'm3-1': 9.79, 'm4-1': 27.79, 'm5-1': 161.21, 'm6-1': 99.76, 'm7-1': 1.0, 'm8-1': 25.09}",41.685,0.56,28.349999999999998,inf,110.56,110.56
11,T1,BESTEFFORT,COMPLETED,m8-1,0.716,"{'m1-1': 100.47, 'm2-1': 5.88, 'm3-1': 10.55, 'm4-1': 26.95, 'm5-1': 152.4, 'm6-1': 94.14, 'm7-1': 1.09, 'm8-1': 24.5}",36.75,0.716,25.216,inf,110.716,110.716
12,T9,BESTEFFORT,COMPLETED,m3-1,0.738,"{'m1-1': 93.8, 'm2-1': 5.14, 'm3-1': 9.72, 'm4-1': 27.95, 'm5-1': 158.19, 'm6-1': 115.37, 'm7-1': 1.04, 'm8-1': 28.53}",14.580000000000002,21.503999999999998,31.223999999999997,inf,110.738,110.738
13,T3,BESTEFFORT,COMPLETED,m3-1,0.9,"{'m1-1': 114.37, 'm2-1': 5.12, 'm3-1': 10.54, 'm4-1': 29.22, 'm5-1': 151.13, 'm6-1': 108.17, 'm7-1': 1.11, 'm8-1': 27.48}",15.809999999999999,31.223999999999997,41.763999999999996,inf,110.9,110.9
14,T7,BESTEFFORT,COMPLETED,m4-1,0.926,"{'m1-1': 101.31, 'm2-1': 5.18, 'm3-1': 10.63, 'm4-1': 23.35, 'm5-1': 153.84, 'm6-1': 109.29, 'm7-1': 1.09, 'm8-1': 27.61}",35.025000000000006,28.349999999999998,51.7,inf,110.926,110.926
15,T1,BESTEFFORT,COMPLETED,m7-1,1.211,"{'m1-1': 100.86, 'm2-1': 5.29, 'm3-1': 10.47, 'm4-1': 25.25, 'm5-1': 168.81, 'm6-1': 106.92, 'm7-1': 1.07, 'm8-1': 27.34}",1.605,4.322,5.392,inf,111.211,111.211
16,T7,BESTEFFORT,COMPLETED,m8-1,1.488,"{'m1-1': 118.43, 'm2-1': 5.18, 'm3-1': 10.7, 'm4-1': 26.07, 'm5-1': 154.53, 'm6-1': 112.6, 'm7-1': 1.12, 'm8-1': 28.18}",42.269999999999996,25.216,53.396,inf,111.488,111.488
17,T1,BESTEFFORT,COMPLETED,m8-1,1.609,"{'m1-1': 110.45, 'm2-1': 5.51, 'm3-1': 11.07, 'm4-1': 27.26, 'm5-1': 165.95, 'm6-1': 103.19, 'm7-1': 1.17, 'm8-1': 23.9}",35.849999999999994,53.396,77.29599999999999,inf,111.609,111.609
18,T6,BESTEFFORT,COMPLETED,m4-1,1.636,"{'m1-1': 109.38, 'm2-1': 5.24, 'm3-1': 9.37, 'm4-1': 26.44, 'm5-1': 177.08, 'm6-1': 103.52, 'm7-1': 1.01, 'm8-1': 28.14}",39.660000000000004,51.7,78.14,inf,111.636,111.636
19,T8,BESTEFFORT,MISSED,m1-1,1.695,"{'m1-1': 112.68, 'm2-1': 5.27, 'm3-1': 9.91, 'm4-1': 27.62, 'm5-1': 163.26, 'm6-1': 105.85, 'm7-1': 0.93, 'm8-1': 26.97}",165.0,1.695,inf,111.695,111.695,111.695
20,T4,BESTEFFORT,COMPLETED,m4-1,1.749,"{'m1-1': 105.73, 'm2-1': 5.7, 'm3-1': 10.95, 'm4-1': 28.25, 'm5-1': 163.51, 'm6-1': 95.49, 'm7-1': 1.0, 'm8-1': 25.56}",42.375,78.14,106.39,inf,111.749,111.749
21,T6,BESTEFFORT,MISSED,m6-1,1.755,"{'m1-1': 95.48, 'm2-1': 5.14, 'm3-1': 10.87, 'm4-1': 25.38, 'm5-1': 174.66, 'm6-1': 112.76, 'm7-1': 1.0, 'm8-1': 25.62}",165.0,1.755,inf,111.755,111.755,111.755
22,T6,BESTEFFORT,COMPLETED,m8-1,1.946,"{'m1-1': 108.69, 'm2-1': 5.41, 'm3-1': 10.16, 'm4-1': 27.31, 'm5-1': 161.68, 'm6-1': 105.5, 'm7-1': 1.06, 'm8-1': 27.49}",41.235,77.29599999999999,104.78599999999999,inf,111.946,111.946
23,T10,BESTEFFORT,COMPLETED,m7-1,2.281,"{'m1-1': 96.84, 'm2-1': 5.39, 'm3-1': 9.72, 'm4-1': 25.44, 'm5-1': 168.16, 'm6-1': 99.96, 'm7-1': 0.98, 'm8-1': 27.78}",1.47,5.392,6.372,inf,112.281,112.281
24,T2,BESTEFFORT,MISSED,m5-1,2.37,"{'m1-1': 101.28, 'm2-1': 5.22, 'm3-1': 10.93, 'm4-1': 27.08, 'm5-1': 150.27, 'm6-1': 93.62, 'm7-1': 1.06, 'm8-1': 23.13}",165.0,2.37,inf,112.37,112.37,112.37
25,T4,BESTEFFORT,MISSED,m6-1,2.384,"{'m1-1': 92.57, 'm2-1': 5.66, 'm3-1': 9.92, 'm4-1': 26.63, 'm5-1': 150.0, 'm6-1': 105.24, 'm7-1': 1.08, 'm8-1': 27.34}",0.9435000000000073,111.755,inf,112.384,112.384,112.384
26,T1,BESTEFFORT,MISSED,m1-1,2.631,"{'m1-1': 111.55, 'm2-1': 5.65, 'm3-1': 10.99, 'm4-1': 23.03, 'm5-1': 161.53, 'm6-1': 105.88, 'm7-1': 1.17, 'm8-1': 26.28}",1.4040000000000106,111.695,inf,112.631,112.631,112.631
27,T6,BESTEFFORT,MISSED,m1-1,2.721,"{'m1-1': 108.88, 'm2-1': 4.91, 'm3-1': 9.78, 'm4-1': 28.62, 'm5-1': 152.1, 'm6-1': 102.03, 'm7-1': 1.04, 'm8-1': 29.31}",0.13500000000000512,112.631,inf,112.721,112.721,112.721
28,T1,BESTEFFORT,MISSED,m6-1,2.761,"{'m1-1': 105.34, 'm2-1': 5.07, 'm3-1': 10.04, 'm4-1': 26.1, 'm5-1': 151.36, 'm6-1': 109.68, 'm7-1': 1.08, 'm8-1': 27.7}",0.565499999999993,112.384,inf,112.761,112.761,112.761
29,T9,BESTEFFORT,MISSED,m1-1,2.765,"{'m1-1': 98.61, 'm2-1': 5.1, 'm3-1': 9.9, 'm4-1': 28.84, 'm5-1': 147.56, 'm6-1': 108.99, 'm7-1': 0.94, 'm8-1': 25.39}",0.0659999999999954,112.721,inf,112.765,112.765,112.765
30,T7,BESTEFFORT,MISSED,m6-1,2.792,"{'m1-1': 105.16, 'm2-1': 5.76, 'm3-1': 9.77, 'm4-1': 24.13, 'm5-1': 151.54, 'm6-1': 110.6, 'm7-1': 1.1, 'm8-1': 26.16}",0.04650000000000887,112.761,inf,112.792,112.792,112.792
31,T9,BESTEFFORT,MISSED,m5-1,2.863,"{'m1-1': 106.95, 'm2-1': 5.08, 'm3-1': 11.16, 'm4-1': 27.5, 'm5-1': 150.18, 'm6-1': 103.04, 'm7-1': 0.97, 'm8-1': 26.48}",0.7394999999999925,112.37,inf,112.863,112.863,112.863
32,T4,BESTEFFORT,MISSED,m5-1,2.869,"{'m1-1': 93.99, 'm2-1': 5.26, 'm3-1': 10.66, 'm4-1': 26.52, 'm5-1': 154.96, 'm6-1': 95.26, 'm7-1': 1.0, 'm8-1': 28.85}",0.009000000000000341,112.863,inf,112.869,112.869,112.869
33,T4,BESTEFFORT,MISSED,m5-1,2.945,"{'m1-1': 104.06, 'm2-1': 4.96, 'm3-1': 10.41, 'm4-1': 25.7, 'm5-1': 160.99, 'm6-1': 93.25, 'm7-1': 1.15, 'm8-1': 27.31}",0.11399999999999011,112.869,inf,112.945,112.945,112.945
34,T1,BESTEFFORT,COMPLETED,m7-1,3.03,"{'m1-1': 101.11, 'm2-1': 5.54, 'm3-1': 10.45, 'm4-1': 26.47, 'm5-1': 164.36, 'm6-1': 93.3, 'm7-1': 1.09, 'm8-1': 23.9}",1.6350000000000002,6.372,7.462,inf,113.03,113.03
35,T7,BESTEFFORT,COMPLETED,m7-1,3.304,"{'m1-1': 104.86, 'm2-1': 5.03, 'm3-1': 11.21, 'm4-1': 26.51, 'm5-1': 165.94, 'm6-1': 111.55, 'm7-1': 1.07, 'm8-1': 27.98}",1.605,7.462,8.532,inf,113.304,113.304
36,T2,BESTEFFORT,COMPLETED,m7-1,3.454,"{'m1-1': 96.73, 'm2-1': 4.8, 'm3-1': 10.42, 'm4-1': 24.96, 'm5-1': 161.83, 'm6-1': 108.46, 'm7-1': 1.04, 'm8-1': 24.44}",1.56,8.532,9.572,inf,113.454,113.454
37,T1,BESTEFFORT,COMPLETED,m2-1,3.461,"{'m1-1': 96.76, 'm2-1': 5.04, 'm3-1': 10.37, 'm4-1': 26.97, 'm5-1': 155.39, 'm6-1': 93.61, 'm7-1': 1.02, 'm8-1': 26.28}",7.5600000000000005,21.923000000000002,26.963,inf,113.461,113.461
38,T10,BESTEFFORT,COMPLETED,m7-1,3.515,"{'m1-1': 105.45, 'm2-1': 4.67, 'm3-1': 10.83, 'm4-1': 27.73, 'm5-1': 156.78, 'm6-1': 109.04, 'm7-1': 1.13, 'm8-1': 27.63}",1.6949999999999998,9.572,10.701999999999998,inf,113.515,113.515
39,T5,BESTEFFORT,COMPLETED,m7-1,3.57,"{'m1-1': 100.48, 'm2-1': 5.05, 'm3-1': 9.88, 'm4-1': 26.47, 'm5-1': 153.52, 'm6-1': 114.06, 'm7-1': 1.07, 'm8-1': 25.19}",1.605,10.701999999999998,11.771999999999998,inf,113.57,113.57
40,T9,BESTEFFORT,COMPLETED,m7-1,3.683,"{'m1-1': 95.27, 'm2-1': 4.98, 'm3-1': 10.78, 'm4-1': 26.43, 'm5-1': 152.25, 'm6-1': 99.4, 'm7-1': 1.1, 'm8-1': 29.42}",1.6500000000000001,12.791999999999998,13.891999999999998,inf,113.68299999999999,113.68299999999999
41,T2,BESTEFFORT,COMPLETED,m7-1,3.701,"{'m1-1': 104.3, 'm2-1': 4.8, 'm3-1': 10.72, 'm4-1': 23.45, 'm5-1': 148.81, 'm6-1': 108.58, 'm7-1': 1.02, 'm8-1': 25.36}",1.53,11.771999999999998,12.791999999999998,inf,113.701,113.701
42,T1,BESTEFFORT,COMPLETED,m7-1,3.738,"{'m1-1': 106.2, 'm2-1': 5.49, 'm3-1': 10.3, 'm4-1': 27.05, 'm5-1': 156.42, 'm6-1': 105.28, 'm7-1': 1.07, 'm8-1': 26.01}",1.605,13.891999999999998,14.961999999999998,inf,113.738,113.738
43,T9,BESTEFFORT,COMPLETED,m3-1,3.884,"{'m1-1': 104.53, 'm2-1': 5.51, 'm3-1': 10.01, 'm4-1': 25.92, 'm5-1': 166.77, 'm6-1': 109.53, 'm7-1': 1.06, 'm8-1': 25.03}",15.015,41.763999999999996,51.773999999999994,inf,113.884,113.884
44,T5,BESTEFFORT,COMPLETED,m2-1,3.905,"{'m1-1': 101.07, 'm2-1': 4.91, 'm3-1': 10.78, 'm4-1': 24.7, 'm5-1': 151.27, 'm6-1': 106.67, 'm7-1': 1.04, 'm8-1': 26.17}",7.365,26.963,31.873,inf,113.905,113.905
45,T6,BESTEFFORT,COMPLETED,m7-1,4.096,"{'m1-1': 92.9, 'm2-1': 4.81, 'm3-1': 10.0, 'm4-1': 24.54, 'm5-1': 163.0, 'm6-1': 99.83, 'm7-1': 1.1, 'm8-1': 25.09}",1.6500000000000001,14.961999999999998,16.061999999999998,inf,114.096,114.096
46,T5,BESTEFFORT,COMPLETED,m7-1,4.112,"{'m1-1': 95.07, 'm2-1': 5.77, 'm3-1': 9.8, 'm4-1': 23.7, 'm5-1': 151.9, 'm6-1': 114.69, 'm7-1': 1.1, 'm8-1': 27.19}",1.6500000000000001,16.061999999999998,17.162,inf,114.112,114.112
47,T9,BESTEFFORT,COMPLETED,m7-1,4.169,"{'m1-1': 99.73, 'm2-1': 5.76, 'm3-1': 10.61, 'm4-1': 28.76, 'm5-1': 163.92, 'm6-1': 109.78, 'm7-1': 0.94, 'm8-1': 28.23}",1.41,18.252,19.192,inf,114.169,114.169
48,T8,BESTEFFORT,COMPLETED,m7-1,4.181,"{'m1-1': 105.95, 'm2-1': 4.9, 'm3-1': 10.51, 'm4-1': 27.62, 'm5-1': 160.68, 'm6-1': 101.26, 'm7-1': 1.09, 'm8-1': 24.92}",1.6350000000000002,17.162,18.252,inf,114.181,114.181
49,T9,BESTEFFORT,COMPLETED,m2-1,4.312,"{'m1-1': 99.94, 'm2-1': 5.63, 'm3-1': 10.89, 'm4-1': 28.18, 'm5-1': 150.31, 'm6-1': 99.56, 'm7-1': 1.07, 'm8-1': 28.22}",8.445,31.873,37.503,inf,114.312,114.312
50,T7,BESTEFFORT,COMPLETED,m7-1,4.358,"{'m1-1': 106.58, 'm2-1': 5.23, 'm3-1': 11.18, 'm4-1': 26.94, 'm5-1': 146.56, 'm6-1': 105.79, 'm7-1': 1.17, 'm8-1': 28.62}",1.755,19.192,20.362000000000002,inf,114.358,114.358
51,T2,BESTEFFORT,COMPLETED,m7-1,4.441,"{'m1-1': 101.67, 'm2-1': 4.85, 'm3-1': 10.67, 'm4-1': 25.81, 'm5-1': 159.06, 'm6-1': 100.47, 'm7-1': 1.05, 'm8-1': 23.35}",1.5750000000000002,20.362000000000002,21.412000000000003,inf,114.441,114.441
52,T7,BESTEFFORT,COMPLETED,m7-1,4.442,"{'m1-1': 115.35, 'm2-1': 5.84, 'm3-1': 10.96, 'm4-1': 26.42, 'm5-1': 156.31, 'm6-1': 97.05, 'm7-1': 1.16, 'm8-1': 24.92}",1.7399999999999998,22.562,23.722,inf,114.44200000000001,114.44200000000001
53,T10,BESTEFFORT,COMPLETED,m7-1,4.445,"{'m1-1': 101.88, 'm2-1': 5.39, 'm3-1': 10.72, 'm4-1': 25.38, 'm5-1': 164.52, 'm6-1': 111.09, 'm7-1': 1.15, 'm8-1': 26.12}",1.7249999999999999,21.412000000000003,22.562,inf,114.445,114.445
54,T9,BESTEFFORT,COMPLETED,m7-1,4.524,"{'m1-1': 99.3, 'm2-1': 5.27, 'm3-1': 10.59, 'm4-1': 28.13, 'm5-1': 143.38, 'm6-1': 109.06, 'm7-1': 1.0, 'm8-1': 27.06}",1.5,24.822000000000003,25.822000000000003,inf,114.524,114.524
55,T6,BESTEFFORT,COMPLETED,m7-1,4.6,"{'m1-1': 105.23, 'm2-1': 5.0, 'm3-1': 10.1, 'm4-1': 26.33, 'm5-1': 176.01, 'm6-1': 101.81, 'm7-1': 1.1, 'm8-1': 26.63}",1.6500000000000001,23.722,24.822000000000003,inf,114.6,114.6
56,T2,BESTEFFORT,COMPLETED,m3-1,4.686,"{'m1-1': 97.21, 'm2-1': 5.34, 'm3-1': 10.95, 'm4-1': 24.24, 'm5-1': 167.35, 'm6-1': 102.68, 'm7-1': 1.07, 'm8-1': 25.45}",16.424999999999997,51.773999999999994,62.72399999999999,inf,114.686,114.686
57,T3,BESTEFFORT,COMPLETED,m7-1,4.714,"{'m1-1': 103.93, 'm2-1': 5.62, 'm3-1': 9.6, 'm4-1': 25.77, 'm5-1': 158.08, 'm6-1': 102.24, 'm7-1': 0.97, 'm8-1': 25.09}",1.455,25.822000000000003,26.792,inf,114.714,114.714
58,T10,BESTEFFORT,COMPLETED,m7-1,4.781,"{'m1-1': 107.05, 'm2-1': 5.12, 'm3-1': 10.78, 'm4-1': 28.43, 'm5-1': 163.09, 'm6-1': 99.37, 'm7-1': 1.09, 'm8-1': 25.79}",1.6350000000000002,26.792,27.882,inf,114.781,114.781
59,T8,BESTEFFORT,COMPLETED,m7-1,4.787,"{'m1-1': 96.34, 'm2-1': 4.75, 'm3-1': 10.88, 'm4-1': 24.52, 'm5-1': 154.92, 'm6-1': 107.7, 'm7-1': 0.99, 'm8-1': 24.0}",1.4849999999999999,27.882,28.872,inf,114.787,114.787
60,T1,BESTEFFORT,COMPLETED,m7-1,4.788,"{'m1-1': 98.32, 'm2-1': 5.88, 'm3-1': 9.58, 'm4-1': 23.65, 'm5-1': 163.4, 'm6-1': 104.87, 'm7-1': 1.0, 'm8-1': 23.75}",1.5,28.872,29.872,inf,114.788,114.788
61,T4,BESTEFFORT,COMPLETED,m7-1,4.909,"{'m1-1': 95.12, 'm2-1': 5.67, 'm3-1': 9.84, 'm4-1': 26.77, 'm5-1': 157.16, 'm6-1': 103.6, 'm7-1': 1.03, 'm8-1': 26.59}",1.545,31.032,32.062,inf,114.909,114.909
62,T7,BESTEFFORT,COMPLETED,m2-1,4.945,"{'m1-1': 108.61, 'm2-1': 5.07, 'm3-1': 9.59, 'm4-1': 26.04, 'm5-1': 163.93, 'm6-1': 106.67, 'm7-1': 1.03, 'm8-1': 27.5}",7.605,42.903,47.973,inf,114.945,114.945
63,T5,BESTEFFORT,COMPLETED,m7-1,4.973,"{'m1-1': 98.98, 'm2-1': 4.99, 'm3-1': 10.11, 'm4-1': 24.04, 'm5-1': 150.41, 'm6-1': 111.36, 'm7-1': 1.16, 'm8-1': 25.25}",1.7399999999999998,29.872,31.032,inf,114.973,114.973
64,T6,BESTEFFORT,COMPLETED,m7-1,5.046,"{'m1-1': 100.1, 'm2-1': 4.82, 'm3-1': 9.88, 'm4-1': 24.48, 'm5-1': 166.45, 'm6-1': 95.53, 'm7-1': 1.09, 'm8-1': 29.06}",1.6350000000000002,32.062,33.152,inf,115.046,115.046
65,T7,BESTEFFORT,COMPLETED,m2-1,5.062,"{'m1-1': 108.95, 'm2-1': 5.4, 'm3-1': 9.9, 'm4-1': 26.3, 'm5-1': 163.61, 'm6-1': 103.18, 'm7-1': 1.11, 'm8-1': 27.1}",8.100000000000001,37.503,42.903,inf,115.062,115.062
66,T1,BESTEFFORT,COMPLETED,m7-1,5.304,"{'m1-1': 111.16, 'm2-1': 5.92, 'm3-1': 10.88, 'm4-1': 26.98, 'm5-1': 162.23, 'm6-1': 105.31, 'm7-1': 1.13, 'm8-1': 25.04}",1.6949999999999998,33.152,34.282000000000004,inf,115.304,115.304
67,T5,BESTEFFORT,COMPLETED,m7-1,5.321,"{'m1-1': 98.51, 'm2-1': 5.44, 'm3-1': 11.44, 'm4-1': 27.96, 'm5-1': 148.91, 'm6-1': 102.07, 'm7-1': 1.18, 'm8-1': 24.34}",1.77,34.282000000000004,35.462,inf,115.321,115.321
68,T6,BESTEFFORT,COMPLETED,m2-1,5.58,"{'m1-1': 96.08, 'm2-1': 4.89, 'm3-1': 9.43, 'm4-1': 26.93, 'm5-1': 171.16, 'm6-1': 96.36, 'm7-1': 1.12, 'm8-1': 27.26}",7.334999999999999,47.973,52.863,inf,115.58,115.58
69,T5,BESTEFFORT,COMPLETED,m7-1,5.638,"{'m1-1': 102.09, 'm2-1': 5.68, 'm3-1': 10.31, 'm4-1': 23.91, 'm5-1': 141.07, 'm6-1': 109.28, 'm7-1': 1.14, 'm8-1': 26.67}",1.71,35.462,36.602000000000004,inf,115.638,115.638
70,T6,BESTEFFORT,COMPLETED,m7-1,5.759,"{'m1-1': 107.84, 'm2-1': 4.77, 'm3-1': 10.45, 'm4-1': 25.28, 'm5-1': 170.34, 'm6-1': 113.23, 'm7-1': 1.01, 'm8-1': 25.43}",1.5150000000000001,36.602000000000004,37.612,inf,115.759,115.759
71,T10,BESTEFFORT,COMPLETED,m7-1,5.807,"{'m1-1': 107.47, 'm2-1': 5.01, 'm3-1': 10.44, 'm4-1': 25.17, 'm5-1': 170.52, 'm6-1': 100.26, 'm7-1': 1.08, 'm8-1': 25.14}",1.62,37.612,38.692,inf,115.807,115.807
72,T4,BESTEFFORT,COMPLETED,m3-1,5.836,"{'m1-1': 94.37, 'm2-1': 4.97, 'm3-1': 10.67, 'm4-1': 26.02, 'm5-1': 154.73, 'm6-1': 101.01, 'm7-1': 1.13, 'm8-1': 25.41}",16.005,62.72399999999999,73.39399999999999,inf,115.836,115.836
73,T10,BESTEFFORT,COMPLETED,m7-1,5.978,"{'m1-1': 93.44, 'm2-1': 5.48, 'm3-1': 10.25, 'm4-1': 24.24, 'm5-1': 167.1, 'm6-1': 111.36, 'm7-1': 1.15, 'm8-1': 25.98}",1.7249999999999999,40.942,42.092,inf,115.978,115.978
74,T3,BESTEFFORT,COMPLETED,m7-1,5.984,"{'m1-1': 108.04, 'm2-1': 5.38, 'm3-1': 9.68, 'm4-1': 29.31, 'm5-1': 152.37, 'm6-1': 110.61, 'm7-1': 1.07, 'm8-1': 27.62}",1.605,38.692,39.762,inf,115.984,115.984
75,T6,BESTEFFORT,COMPLETED,m7-1,5.996,"{'m1-1': 104.35, 'm2-1': 4.75, 'm3-1': 9.36, 'm4-1': 28.16, 'm5-1': 155.23, 'm6-1': 97.03, 'm7-1': 1.01, 'm8-1': 29.54}",1.5150000000000001,42.092,43.102,inf,115.996,115.996
76,T5,BESTEFFORT,COMPLETED,m7-1,6.005,"{'m1-1': 99.42, 'm2-1': 4.92, 'm3-1': 11.46, 'm4-1': 27.88, 'm5-1': 143.56, 'm6-1': 110.63, 'm7-1': 1.18, 'm8-1': 27.37}",1.77,39.762,40.942,inf,116.005,116.005
77,T1,BESTEFFORT,COMPLETED,m2-1,6.075,"{'m1-1': 99.88, 'm2-1': 5.29, 'm3-1': 11.18, 'm4-1': 26.55, 'm5-1': 152.75, 'm6-1': 94.67, 'm7-1': 1.03, 'm8-1': 25.04}",7.9350000000000005,52.863,58.153,inf,116.075,116.075
78,T1,BESTEFFORT,COMPLETED,m7-1,6.191,"{'m1-1': 94.3, 'm2-1': 5.22, 'm3-1': 11.24, 'm4-1': 24.58, 'm5-1': 149.45, 'm6-1': 96.67, 'm7-1': 1.15, 'm8-1': 26.54}",1.7249999999999999,43.102,44.251999999999995,inf,116.191,116.191
79,T10,BESTEFFORT,COMPLETED,m7-1,6.271,"{'m1-1': 94.4, 'm2-1': 5.46, 'm3-1': 10.38, 'm4-1': 25.69, 'm5-1': 170.24, 'm6-1': 97.68, 'm7-1': 0.98, 'm8-1': 28.32}",1.47,44.251999999999995,45.23199999999999,inf,116.271,116.271
80,T6,BESTEFFORT,COMPLETED,m7-1,6.293,"{'m1-1': 92.55, 'm2-1': 4.74, 'm3-1': 9.45, 'm4-1': 27.03, 'm5-1': 165.27, 'm6-1': 104.79, 'm7-1': 1.16, 'm8-1': 29.31}",1.7399999999999998,45.23199999999999,46.39199999999999,inf,116.293,116.293
81,T3,BESTEFFORT,COMPLETED,m3-1,6.498,"{'m1-1': 115.29, 'm2-1': 5.02, 'm3-1': 11.07, 'm4-1': 27.07, 'm5-1': 176.2, 'm6-1': 117.36, 'm7-1': 1.07, 'm8-1': 25.34}",16.605,73.39399999999999,84.464,inf,116.498,116.498
82,T7,BESTEFFORT,COMPLETED,m2-1,6.66,"{'m1-1': 106.58, 'm2-1': 5.87, 'm3-1': 10.35, 'm4-1': 26.04, 'm5-1': 162.01, 'm6-1': 113.11, 'm7-1': 1.01, 'm8-1': 24.23}",8.805,58.153,64.023,inf,116.66,116.66
83,T7,BESTEFFORT,COMPLETED,m7-1,6.672,"{'m1-1': 106.25, 'm2-1': 5.37, 'm3-1': 10.28, 'm4-1': 27.27, 'm5-1': 148.12, 'm6-1': 108.69, 'm7-1': 1.18, 'm8-1': 24.92}",1.77,46.39199999999999,47.57199999999999,inf,116.672,116.672
84,T9,BESTEFFORT,COMPLETED,m7-1,6.703,"{'m1-1': 96.09, 'm2-1': 5.36, 'm3-1': 10.65, 'm4-1': 26.6, 'm5-1': 152.33, 'm6-1': 101.0, 'm7-1': 1.01, 'm8-1': 25.23}",1.5150000000000001,47.57199999999999,48.58199999999999,inf,116.703,116.703
85,T9,BESTEFFORT,COMPLETED,m7-1,6.896,"{'m1-1': 99.29, 'm2-1': 5.53, 'm3-1': 10.96, 'm4-1': 28.61, 'm5-1': 165.44, 'm6-1': 114.62, 'm7-1': 1.01, 'm8-1': 28.96}",1.5150000000000001,48.58199999999999,49.591999999999985,inf,116.896,116.896
86,T9,BESTEFFORT,COMPLETED,m7-1,7.066,"{'m1-1': 97.92, 'm2-1': 5.34, 'm3-1': 10.98, 'm4-1': 25.23, 'm5-1': 154.36, 'm6-1': 100.22, 'm7-1': 0.97, 'm8-1': 27.31}",1.455,49.591999999999985,50.56199999999998,inf,117.066,117.066
87,T9,BESTEFFORT,COMPLETED,m7-1,7.103,"{'m1-1': 107.53, 'm2-1': 5.5, 'm3-1': 11.53, 'm4-1': 27.41, 'm5-1': 166.26, 'm6-1': 109.45, 'm7-1': 0.94, 'm8-1': 27.67}",1.41,50.56199999999998,51.50199999999998,inf,117.103,117.103
88,T4,BESTEFFORT,COMPLETED,m2-1,7.519,"{'m1-1': 94.79, 'm2-1': 5.22, 'm3-1': 11.03, 'm4-1': 25.97, 'm5-1': 145.16, 'm6-1': 96.76, 'm7-1': 1.01, 'm8-1': 27.17}",7.83,64.023,69.243,inf,117.519,117.519
89,T6,BESTEFFORT,COMPLETED,m7-1,7.682,"{'m1-1': 97.24, 'm2-1': 5.03, 'm3-1': 10.12, 'm4-1': 25.64, 'm5-1': 151.92, 'm6-1': 111.44, 'm7-1': 1.05, 'm8-1': 25.13}",1.5750000000000002,51.50199999999998,52.55199999999998,inf,117.682,117.682
90,T8,BESTEFFORT,COMPLETED,m3-1,7.802,"{'m1-1': 101.66, 'm2-1': 5.15, 'm3-1': 11.55, 'm4-1': 27.27, 'm5-1': 150.02, 'm6-1': 119.03, 'm7-1': 1.03, 'm8-1': 26.35}",17.325000000000003,84.464,96.014,inf,117.80199999999999,117.80199999999999
91,T9,BESTEFFORT,COMPLETED,m7-1,7.813,"{'m1-1': 97.36, 'm2-1': 5.51, 'm3-1': 10.22, 'm4-1': 25.19, 'm5-1': 145.12, 'm6-1': 104.15, 'm7-1': 1.02, 'm8-1': 27.6}",1.53,52.55199999999998,53.57199999999998,inf,117.813,117.813
92,T8,BESTEFFORT,COMPLETED,m7-1,7.837,"{'m1-1': 102.05, 'm2-1': 5.09, 'm3-1': 10.41, 'm4-1': 26.07, 'm5-1': 149.92, 'm6-1': 110.5, 'm7-1': 0.97, 'm8-1': 27.22}",1.455,54.68199999999998,55.65199999999998,inf,117.837,117.837
93,T5,BESTEFFORT,COMPLETED,m7-1,7.845,"{'m1-1': 105.36, 'm2-1': 5.35, 'm3-1': 9.99, 'm4-1': 26.96, 'm5-1': 161.42, 'm6-1': 108.05, 'm7-1': 1.11, 'm8-1': 24.41}",1.665,53.57199999999998,54.68199999999998,inf,117.845,117.845
94,T8,BESTEFFORT,COMPLETED,m7-1,7.968,"{'m1-1': 102.83, 'm2-1': 4.9, 'm3-1': 11.52, 'm4-1': 26.98, 'm5-1': 157.3, 'm6-1': 117.71, 'm7-1': 1.08, 'm8-1': 25.56}",1.62,55.65199999999998,56.73199999999998,inf,117.968,117.968
95,T9,BESTEFFORT,COMPLETED,m7-1,8.22,"{'m1-1': 95.88, 'm2-1': 5.8, 'm3-1': 11.12, 'm4-1': 27.34, 'm5-1': 147.07, 'm6-1': 114.59, 'm7-1': 0.98, 'm8-1': 29.34}",1.47,56.73199999999998,57.711999999999975,inf,118.22,118.22
96,T6,BESTEFFORT,COMPLETED,m7-1,8.524,"{'m1-1': 106.41, 'm2-1': 4.74, 'm3-1': 10.09, 'm4-1': 25.14, 'm5-1': 152.35, 'm6-1': 111.16, 'm7-1': 1.08, 'm8-1': 27.83}",1.62,57.711999999999975,58.79199999999997,inf,118.524,118.524
97,T1,BESTEFFORT,COMPLETED,m7-1,8.695,"{'m1-1': 111.44, 'm2-1': 5.85, 'm3-1': 11.1, 'm4-1': 24.7, 'm5-1': 164.59, 'm6-1': 104.23, 'm7-1': 1.0, 'm8-1': 24.34}",1.5,60.991999999999976,61.991999999999976,inf,118.695,118.695
98,T5,BESTEFFORT,COMPLETED,m7-1,8.704,"{'m1-1': 93.05, 'm2-1': 5.06, 'm3-1': 11.6, 'm4-1': 25.83, 'm5-1': 150.5, 'm6-1': 109.37, 'm7-1': 1.02, 'm8-1': 26.75}",1.53,58.79199999999997,59.811999999999976,inf,118.70400000000001,118.70400000000001
99,T3,BESTEFFORT,COMPLETED,m2-1,8.731,"{'m1-1': 106.78, 'm2-1': 5.5, 'm3-1': 10.13, 'm4-1': 27.86, 'm5-1': 154.36, 'm6-1': 113.82, 'm7-1': 1.03, 'm8-1': 26.24}",8.25,69.243,74.743,inf,118.731,118.731
100,T5,BESTEFFORT,COMPLETED,m7-1,8.763,"{'m1-1': 95.37, 'm2-1': 5.29, 'm3-1': 10.2, 'm4-1': 27.48, 'm5-1': 161.61, 'm6-1': 100.41, 'm7-1': 1.18, 'm8-1': 27.02}",1.77,59.811999999999976,60.991999999999976,inf,118.763,118.763
101,T3,BESTEFFORT,COMPLETED,m7-1,8.917,"{'m1-1': 98.72, 'm2-1': 5.71, 'm3-1': 9.59, 'm4-1': 29.38, 'm5-1': 156.3, 'm6-1': 105.54, 'm7-1': 1.04, 'm8-1': 28.34}",1.56,61.991999999999976,63.031999999999975,inf,118.917,118.917
102,T2,BESTEFFORT,COMPLETED,m7-1,8.981,"{'m1-1': 109.58, 'm2-1': 5.53, 'm3-1': 10.8, 'm4-1': 24.96, 'm5-1': 162.64, 'm6-1': 108.27, 'm7-1': 1.03, 'm8-1': 23.35}",1.545,63.031999999999975,64.06199999999997,inf,118.981,118.981
103,T3,BESTEFFORT,COMPLETED,m2-1,9.149,"{'m1-1': 111.92, 'm2-1': 5.93, 'm3-1': 11.06, 'm4-1': 26.1, 'm5-1': 173.36, 'm6-1': 100.53, 'm7-1': 1.09, 'm8-1': 25.96}",8.895,74.743,80.673,inf,119.149,119.149
104,T6,BESTEFFORT,COMPLETED,m7-1,9.228,"{'m1-1': 107.99, 'm2-1': 5.03, 'm3-1': 9.5, 'm4-1': 28.1, 'm5-1': 161.77, 'm6-1': 96.08, 'm7-1': 1.13, 'm8-1': 29.51}",1.6949999999999998,64.06199999999997,65.19199999999996,inf,119.228,119.228
105,T9,BESTEFFORT,COMPLETED,m7-1,9.269,"{'m1-1': 93.35, 'm2-1': 5.44, 'm3-1': 11.52, 'm4-1': 28.62, 'm5-1': 163.73, 'm6-1': 101.93, 'm7-1': 1.03, 'm8-1': 25.59}",1.545,65.19199999999996,66.22199999999997,inf,119.269,119.269
106,T10,BESTEFFORT,COMPLETED,m7-1,9.472,"{'m1-1': 103.44, 'm2-1': 5.3, 'm3-1': 10.86, 'm4-1': 24.37, 'm5-1': 158.43, 'm6-1': 106.87, 'm7-1': 1.09, 'm8-1': 25.94}",1.6350000000000002,66.22199999999997,67.31199999999997,inf,119.472,119.472
107,T4,BESTEFFORT,COMPLETED,m7-1,9.474,"{'m1-1': 98.24, 'm2-1': 4.88, 'm3-1': 10.15, 'm4-1': 24.81, 'm5-1': 156.02, 'm6-1': 95.16, 'm7-1': 1.06, 'm8-1': 25.57}",1.59,67.31199999999997,68.37199999999997,inf,119.474,119.474
108,T2,BESTEFFORT,COMPLETED,m7-1,9.48,"{'m1-1': 101.89, 'm2-1': 4.98, 'm3-1': 11.7, 'm4-1': 26.95, 'm5-1': 161.96, 'm6-1': 107.91, 'm7-1': 1.0, 'm8-1': 23.1}",1.5,68.37199999999997,69.37199999999997,inf,119.48,119.48
109,T1,BESTEFFORT,COMPLETED,m2-1,9.642,"{'m1-1': 106.98, 'm2-1': 5.41, 'm3-1': 9.94, 'm4-1': 25.73, 'm5-1': 153.34, 'm6-1': 100.52, 'm7-1': 1.17, 'm8-1': 25.9}",8.115,80.673,86.083,inf,119.642,119.642
110,T8,BESTEFFORT,COMPLETED,m3-1,9.919,"{'m1-1': 102.37, 'm2-1': 5.06, 'm3-1': 11.16, 'm4-1': 26.6, 'm5-1': 158.36, 'm6-1': 107.46, 'm7-1': 0.92, 'm8-1': 25.81}",16.740000000000002,96.014,107.17399999999999,inf,119.919,119.919
111,T2,BESTEFFORT,COMPLETED,m7-1,9.971,"{'m1-1': 104.92, 'm2-1': 5.62, 'm3-1': 11.36, 'm4-1': 26.79, 'm5-1': 154.04, 'm6-1': 97.43, 'm7-1': 0.94, 'm8-1': 25.48}",1.41,69.37199999999997,70.31199999999997,inf,119.971,119.971
112,T9,BESTEFFORT,COMPLETED,m7-1,10.071,"{'m1-1': 94.12, 'm2-1': 5.07, 'm3-1': 10.74, 'm4-1': 25.29, 'm5-1': 162.36, 'm6-1': 98.64, 'm7-1': 0.93, 'm8-1': 29.03}",1.395,71.43199999999997,72.36199999999998,inf,120.071,120.071
113,T1,BESTEFFORT,COMPLETED,m7-1,10.194,"{'m1-1': 103.87, 'm2-1': 5.53, 'm3-1': 10.4, 'm4-1': 26.06, 'm5-1': 154.16, 'm6-1': 95.82, 'm7-1': 1.12, 'm8-1': 24.53}",1.6800000000000002,70.31199999999997,71.43199999999997,inf,120.194,120.194
114,T1,BESTEFFORT,COMPLETED,m7-1,10.535,"{'m1-1': 95.89, 'm2-1': 5.27, 'm3-1': 10.79, 'm4-1': 25.89, 'm5-1': 170.46, 'm6-1': 105.88, 'm7-1': 1.13, 'm8-1': 27.38}",1.6949999999999998,74.44199999999998,75.57199999999997,inf,120.535,120.535
115,T4,BESTEFFORT,COMPLETED,m7-1,10.536,"{'m1-1': 108.96, 'm2-1': 5.54, 'm3-1': 10.52, 'm4-1': 24.59, 'm5-1': 150.97, 'm6-1': 108.21, 'm7-1': 1.02, 'm8-1': 26.98}",1.53,72.36199999999998,73.38199999999998,inf,120.536,120.536
116,T6,BESTEFFORT,COMPLETED,m7-1,10.556,"{'m1-1': 96.73, 'm2-1': 5.47, 'm3-1': 9.99, 'm4-1': 25.95, 'm5-1': 150.74, 'm6-1': 109.48, 'm7-1': 1.06, 'm8-1': 27.36}",1.59,73.38199999999998,74.44199999999998,inf,120.556,120.556
117,T3,BESTEFFORT,COMPLETED,m2-1,10.621,"{'m1-1': 103.81, 'm2-1': 5.72, 'm3-1': 10.7, 'm4-1': 28.73, 'm5-1': 159.58, 'm6-1': 104.08, 'm7-1': 1.04, 'm8-1': 26.66}",8.58,86.083,91.803,inf,120.621,120.621
118,T4,BESTEFFORT,COMPLETED,m7-1,10.672,"{'m1-1': 94.8, 'm2-1': 5.07, 'm3-1': 10.33, 'm4-1': 27.07, 'm5-1': 145.54, 'm6-1': 105.78, 'm7-1': 1.01, 'm8-1': 24.89}",1.5150000000000001,77.69199999999998,78.70199999999998,inf,120.672,120.672
119,T9,BESTEFFORT,COMPLETED,m7-1,10.697,"{'m1-1': 94.26, 'm2-1': 5.15, 'm3-1': 10.46, 'm4-1': 27.83, 'm5-1': 150.45, 'm6-1': 98.65, 'm7-1': 1.08, 'm8-1': 26.37}",1.62,76.61199999999998,77.69199999999998,inf,120.697,120.697
120,T3,BESTEFFORT,COMPLETED,m2-1,10.714,"{'m1-1': 104.43, 'm2-1': 5.22, 'm3-1': 10.09, 'm4-1': 26.8, 'm5-1': 169.97, 'm6-1': 110.14, 'm7-1': 0.95, 'm8-1': 27.55}",7.83,91.803,97.023,inf,120.714,120.714
121,T1,BESTEFFORT,COMPLETED,m7-1,10.715,"{'m1-1': 107.58, 'm2-1': 5.09, 'm3-1': 10.0, 'm4-1': 24.25, 'm5-1': 167.34, 'm6-1': 104.77, 'm7-1': 1.04, 'm8-1': 27.65}",1.56,75.57199999999997,76.61199999999998,inf,120.715,120.715
122,T10,BESTEFFORT,COMPLETED,m7-1,10.719,"{'m1-1': 94.34, 'm2-1': 4.64, 'm3-1': 10.8, 'm4-1': 27.62, 'm5-1': 162.67, 'm6-1': 108.66, 'm7-1': 1.02, 'm8-1': 27.93}",1.53,79.76199999999999,80.78199999999998,inf,120.719,120.719
123,T6,BESTEFFORT,COMPLETED,m7-1,10.804,"{'m1-1': 100.91, 'm2-1': 5.01, 'm3-1': 10.61, 'm4-1': 26.08, 'm5-1': 162.52, 'm6-1': 110.18, 'm7-1': 1.06, 'm8-1': 27.73}",1.59,78.70199999999998,79.76199999999999,inf,120.804,120.804
124,T7,BESTEFFORT,COMPLETED,m7-1,11.34,"{'m1-1': 104.03, 'm2-1': 5.78, 'm3-1': 9.51, 'm4-1': 25.84, 'm5-1': 166.13, 'm6-1': 103.69, 'm7-1': 1.15, 'm8-1': 26.78}",1.7249999999999999,80.78199999999998,81.93199999999999,inf,121.34,121.34
125,T9,BESTEFFORT,COMPLETED,m7-1,11.357,"{'m1-1': 98.25, 'm2-1': 5.61, 'm3-1': 11.52, 'm4-1': 26.3, 'm5-1': 144.96, 'm6-1': 103.34, 'm7-1': 1.07, 'm8-1': 28.83}",1.605,82.91199999999999,83.98199999999999,inf,121.357,121.357
126,T4,BESTEFFORT,COMPLETED,m7-1,11.393,"{'m1-1': 97.92, 'm2-1': 5.54, 'm3-1': 11.16, 'm4-1': 24.33, 'm5-1': 157.88, 'm6-1': 99.86, 'm7-1': 0.98, 'm8-1': 26.27}",1.47,81.93199999999999,82.91199999999999,inf,121.393,121.393
127,T8,BESTEFFORT,COMPLETED,m7-1,11.46,"{'m1-1': 104.97, 'm2-1': 4.78, 'm3-1': 10.89, 'm4-1': 26.19, 'm5-1': 146.08, 'm6-1': 118.26, 'm7-1': 0.99, 'm8-1': 26.94}",1.4849999999999999,83.98199999999999,84.97199999999998,inf,121.46000000000001,121.46000000000001
128,T2,BESTEFFORT,COMPLETED,m3-1,11.537,"{'m1-1': 104.57, 'm2-1': 5.21, 'm3-1': 10.73, 'm4-1': 24.99, 'm5-1': 153.84, 'm6-1': 102.2, 'm7-1': 0.97, 'm8-1': 24.49}",16.095,107.17399999999999,117.904,inf,121.537,121.537
129,T2,BESTEFFORT,COMPLETED,m7-1,11.568,"{'m1-1': 103.25, 'm2-1': 5.2, 'm3-1': 10.23, 'm4-1': 26.05, 'm5-1': 164.5, 'm6-1': 96.71, 'm7-1': 1.02, 'm8-1': 24.8}",1.53,86.91199999999998,87.93199999999997,inf,121.568,121.568
130,T3,BESTEFFORT,COMPLETED,m7-1,11.619,"{'m1-1': 108.86, 'm2-1': 5.34, 'm3-1': 9.82, 'm4-1': 26.56, 'm5-1': 171.26, 'm6-1': 116.76, 'm7-1': 0.95, 'm8-1': 28.13}",1.4249999999999998,84.97199999999998,85.92199999999998,inf,121.619,121.619
131,T4,BESTEFFORT,COMPLETED,m2-1,11.671,"{'m1-1': 105.61, 'm2-1': 5.61, 'm3-1': 11.05, 'm4-1': 24.28, 'm5-1': 143.32, 'm6-1': 94.31, 'm7-1': 1.05, 'm8-1': 25.72}",8.415000000000001,97.023,102.633,inf,121.67099999999999,121.67099999999999
132,T6,BESTEFFORT,COMPLETED,m7-1,11.706,"{'m1-1': 105.92, 'm2-1': 5.25, 'm3-1': 10.47, 'm4-1': 25.5, 'm5-1': 171.19, 'm6-1': 113.23, 'm7-1': 0.99, 'm8-1': 26.87}",1.4849999999999999,85.92199999999998,86.91199999999998,inf,121.706,121.706
133,T8,BESTEFFORT,COMPLETED,m7-1,12.093,"{'m1-1': 105.6, 'm2-1': 5.14, 'm3-1': 10.68, 'm4-1': 27.83, 'm5-1': 164.23, 'm6-1': 109.96, 'm7-1': 0.98, 'm8-1': 24.62}",1.47,89.07199999999997,90.05199999999998,inf,122.093,122.093
134,T5,BESTEFFORT,COMPLETED,m7-1,12.105,"{'m1-1': 102.26, 'm2-1': 5.72, 'm3-1': 11.34, 'm4-1': 24.89, 'm5-1': 149.26, 'm6-1': 97.43, 'm7-1': 1.14, 'm8-1': 28.02}",1.71,87.93199999999997,89.07199999999997,inf,122.105,122.105
135,T5,BESTEFFORT,COMPLETED,m7-1,12.15,"{'m1-1': 96.9, 'm2-1': 5.23, 'm3-1': 11.47, 'm4-1': 25.7, 'm5-1': 146.6, 'm6-1': 109.97, 'm7-1': 1.02, 'm8-1': 25.73}",1.53,90.05199999999998,91.07199999999997,inf,122.15,122.15
136,T7,BESTEFFORT,COMPLETED,m7-1,12.357,"{'m1-1': 117.91, 'm2-1': 5.81, 'm3-1': 10.29, 'm4-1': 25.14, 'm5-1': 149.54, 'm6-1': 105.09, 'm7-1': 1.14, 'm8-1': 25.22}",1.71,91.07199999999997,92.21199999999997,inf,122.357,122.357
137,T3,BESTEFFORT,COMPLETED,m7-1,12.357,"{'m1-1': 105.66, 'm2-1': 5.07, 'm3-1': 11.21, 'm4-1': 28.24, 'm5-1': 153.9, 'm6-1': 105.13, 'm7-1': 1.03, 'm8-1': 26.84}",1.545,92.21199999999997,93.24199999999998,inf,122.357,122.357
138,T8,BESTEFFORT,COMPLETED,m7-1,12.381,"{'m1-1': 110.04, 'm2-1': 5.2, 'm3-1': 11.47, 'm4-1': 25.91, 'm5-1': 145.75, 'm6-1': 118.06, 'm7-1': 1.04, 'm8-1': 26.21}",1.56,96.50199999999997,97.54199999999997,inf,122.381,122.381
139,T8,BESTEFFORT,COMPLETED,m7-1,12.417,"{'m1-1': 109.56, 'm2-1': 4.94, 'm3-1': 11.41, 'm4-1': 26.98, 'm5-1': 158.72, 'm6-1': 112.26, 'm7-1': 1.0, 'm8-1': 26.67}",1.5,95.50199999999997,96.50199999999997,inf,122.417,122.417
140,T7,BESTEFFORT,COMPLETED,m7-1,12.422,"{'m1-1': 109.23, 'm2-1': 5.09, 'm3-1': 10.88, 'm4-1': 25.69, 'm5-1': 145.18, 'm6-1': 107.72, 'm7-1': 1.16, 'm8-1': 26.53}",1.7399999999999998,93.24199999999998,94.40199999999997,inf,122.422,122.422
141,T5,BESTEFFORT,COMPLETED,m7-1,12.452,"{'m1-1': 97.43, 'm2-1': 5.14, 'm3-1': 11.15, 'm4-1': 25.7, 'm5-1': 152.47, 'm6-1': 98.08, 'm7-1': 1.1, 'm8-1': 26.76}",1.6500000000000001,94.40199999999997,95.50199999999997,inf,122.452,122.452
142,T7,BESTEFFORT,COMPLETED,m2-1,12.498,"{'m1-1': 101.22, 'm2-1': 5.22, 'm3-1': 10.6, 'm4-1': 24.78, 'm5-1': 144.83, 'm6-1': 109.03, 'm7-1': 1.06, 'm8-1': 27.61}",7.83,102.633,107.853,inf,122.498,122.498
143,T3,BESTEFFORT,COMPLETED,m2-1,12.636,"{'m1-1': 114.05, 'm2-1': 5.14, 'm3-1': 9.99, 'm4-1': 27.44, 'm5-1': 169.16, 'm6-1': 105.1, 'm7-1': 0.96, 'm8-1': 25.06}",7.709999999999999,107.853,112.993,inf,122.636,122.636
144,T3,BESTEFFORT,COMPLETED,m2-1,12.771,"{'m1-1': 114.83, 'm2-1': 5.67, 'm3-1': 11.34, 'm4-1': 27.57, 'm5-1': 166.19, 'm6-1': 113.16, 'm7-1': 1.01, 'm8-1': 28.09}",8.504999999999999,112.993,118.663,inf,122.771,122.771
145,T2,BESTEFFORT,COMPLETED,m7-1,12.815,"{'m1-1': 106.08, 'm2-1': 4.97, 'm3-1': 10.85, 'm4-1': 27.51, 'm5-1': 152.16, 'm6-1': 108.6, 'm7-1': 0.97, 'm8-1': 23.15}",1.455,98.60199999999998,99.57199999999997,inf,122.815,122.815
146,T6,BESTEFFORT,COMPLETED,m7-1,12.883,"{'m1-1': 108.38, 'm2-1': 5.48, 'm3-1': 9.97, 'm4-1': 25.33, 'm5-1': 167.84, 'm6-1': 102.54, 'm7-1': 1.06, 'm8-1': 27.16}",1.59,97.54199999999997,98.60199999999998,inf,122.883,122.883
147,T10,BESTEFFORT,COMPLETED,m7-1,12.9,"{'m1-1': 108.95, 'm2-1': 5.05, 'm3-1': 10.7, 'm4-1': 26.49, 'm5-1': 167.62, 'm6-1': 107.8, 'm7-1': 1.12, 'm8-1': 24.19}",1.6800000000000002,99.57199999999997,100.69199999999998,inf,122.9,122.9
148,T10,BESTEFFORT,COMPLETED,m7-1,12.905,"{'m1-1': 98.44, 'm2-1': 5.06, 'm3-1': 10.48, 'm4-1': 28.16, 'm5-1': 173.35, 'm6-1': 111.87, 'm7-1': 1.03, 'm8-1': 28.58}",1.545,100.69199999999998,101.72199999999998,inf,122.905,122.905
149,T9,BESTEFFORT,COMPLETED,m7-1,13.067,"{'m1-1': 106.04, 'm2-1': 5.42, 'm3-1': 11.26, 'm4-1': 27.75, 'm5-1': 161.79, 'm6-1': 114.54, 'm7-1': 1.03, 'm8-1': 28.22}",1.545,101.72199999999998,102.75199999999998,inf,123.06700000000001,123.06700000000001
150,T10,BESTEFFORT,COMPLETED,m7-1,13.15,"{'m1-1': 104.54, 'm2-1': 5.07, 'm3-1': 10.6, 'm4-1': 24.47, 'm5-1': 153.77, 'm6-1': 101.17, 'm7-1': 1.0, 'm8-1': 24.18}",1.5,102.75199999999998,103.75199999999998,inf,123.15,123.15
151,T4,BESTEFFORT,COMPLETED,m7-1,13.237,"{'m1-1': 99.09, 'm2-1': 4.99, 'm3-1': 9.62, 'm4-1': 25.11, 'm5-1': 155.64, 'm6-1': 107.14, 'm7-1': 1.0, 'm8-1': 26.8}",1.5,104.93199999999999,105.93199999999999,inf,123.237,123.237
152,T1,BESTEFFORT,COMPLETED,m7-1,13.307,"{'m1-1': 101.33, 'm2-1': 5.91, 'm3-1': 10.11, 'm4-1': 26.8, 'm5-1': 151.45, 'm6-1': 104.49, 'm7-1': 1.18, 'm8-1': 25.83}",1.77,103.75199999999998,104.93199999999999,inf,123.307,123.307
153,T4,BESTEFFORT,COMPLETED,m7-1,13.373,"{'m1-1': 98.28, 'm2-1': 5.04, 'm3-1': 11.26, 'm4-1': 26.49, 'm5-1': 143.73, 'm6-1': 102.68, 'm7-1': 1.15, 'm8-1': 24.35}",1.7249999999999999,105.93199999999999,107.082,inf,123.373,123.373
154,T7,BESTEFFORT,COMPLETED,m7-1,13.564,"{'m1-1': 112.67, 'm2-1': 5.92, 'm3-1': 11.09, 'm4-1': 23.46, 'm5-1': 155.94, 'm6-1': 105.6, 'm7-1': 1.09, 'm8-1': 28.27}",1.6350000000000002,108.252,109.342,inf,123.564,123.564
155,T1,BESTEFFORT,COMPLETED,m7-1,13.566,"{'m1-1': 101.22, 'm2-1': 5.7, 'm3-1': 10.79, 'm4-1': 25.68, 'm5-1': 159.26, 'm6-1': 104.58, 'm7-1': 1.17, 'm8-1': 25.28}",1.755,107.082,108.252,inf,123.566,123.566
156,T3,BESTEFFORT,COMPLETED,m7-1,13.635,"{'m1-1': 109.36, 'm2-1': 5.27, 'm3-1': 10.56, 'm4-1': 28.29, 'm5-1': 174.19, 'm6-1': 103.79, 'm7-1': 0.97, 'm8-1': 27.59}",1.455,109.342,110.312,inf,123.635,123.635
157,T4,BESTEFFORT,COMPLETED,m7-1,13.734,"{'m1-1': 95.45, 'm2-1': 5.06, 'm3-1': 11.23, 'm4-1': 26.86, 'm5-1': 163.71, 'm6-1': 102.65, 'm7-1': 1.13, 'm8-1': 24.5}",1.6949999999999998,111.312,112.442,inf,123.734,123.734
158,T9,BESTEFFORT,COMPLETED,m7-1,13.743,"{'m1-1': 96.92, 'm2-1': 4.99, 'm3-1': 11.28, 'm4-1': 28.84, 'm5-1': 154.26, 'm6-1': 109.27, 'm7-1': 1.0, 'm8-1': 26.81}",1.5,110.312,111.312,inf,123.743,123.743
159,T10,BESTEFFORT,COMPLETED,m7-1,13.869,"{'m1-1': 109.27, 'm2-1': 4.66, 'm3-1': 10.32, 'm4-1': 28.13, 'm5-1': 154.79, 'm6-1': 110.17, 'm7-1': 1.07, 'm8-1': 26.51}",1.605,112.442,113.51199999999999,inf,123.869,123.869
160,T1,BESTEFFORT,COMPLETED,m7-1,14.049,"{'m1-1': 102.14, 'm2-1': 5.23, 'm3-1': 10.27, 'm4-1': 25.48, 'm5-1': 147.41, 'm6-1': 95.14, 'm7-1': 1.01, 'm8-1': 25.7}",1.5150000000000001,113.51199999999999,114.52199999999999,inf,124.049,124.049
161,T5,BESTEFFORT,COMPLETED,m7-1,14.108,"{'m1-1': 95.34, 'm2-1': 5.02, 'm3-1': 11.18, 'm4-1': 26.76, 'm5-1': 166.22, 'm6-1': 110.44, 'm7-1': 1.04, 'm8-1': 27.3}",1.56,114.52199999999999,115.562,inf,124.108,124.108
162,T4,BESTEFFORT,COMPLETED,m7-1,14.118,"{'m1-1': 97.0, 'm2-1': 4.87, 'm3-1': 10.2, 'm4-1': 27.66, 'm5-1': 147.54, 'm6-1': 108.2, 'm7-1': 1.13, 'm8-1': 25.29}",1.6949999999999998,116.602,117.732,inf,124.118,124.118
163,T1,BESTEFFORT,COMPLETED,m7-1,14.166,"{'m1-1': 101.54, 'm2-1': 5.82, 'm3-1': 10.52, 'm4-1': 27.16, 'm5-1': 166.57, 'm6-1': 109.06, 'm7-1': 1.04, 'm8-1': 27.53}",1.56,115.562,116.602,inf,124.166,124.166
164,T10,BESTEFFORT,COMPLETED,m2-1,14.297,"{'m1-1': 94.35, 'm2-1': 4.79, 'm3-1': 10.39, 'm4-1': 26.22, 'm5-1': 149.2, 'm6-1': 110.07, 'm7-1': 1.0, 'm8-1': 24.56}",7.1850000000000005,118.663,123.453,inf,124.297,124.297
165,T9,BESTEFFORT,COMPLETED,m7-1,14.389,"{'m1-1': 106.99, 'm2-1': 5.48, 'm3-1': 10.38, 'm4-1': 27.6, 'm5-1': 149.15, 'm6-1': 102.52, 'm7-1': 1.07, 'm8-1': 28.21}",1.605,118.80199999999999,119.87199999999999,inf,124.389,124.389
166,T4,BESTEFFORT,COMPLETED,m7-1,14.439,"{'m1-1': 101.28, 'm2-1': 5.6, 'm3-1': 10.21, 'm4-1': 28.76, 'm5-1': 163.45, 'm6-1': 101.48, 'm7-1': 1.07, 'm8-1': 27.34}",1.605,117.732,118.80199999999999,inf,124.439,124.439
167,T3,BESTEFFORT,MISSED,m6-1,14.748,"{'m1-1': 106.8, 'm2-1': 5.66, 'm3-1': 10.65, 'm4-1': 25.4, 'm5-1': 159.45, 'm6-1': 111.9, 'm7-1': 1.06, 'm8-1': 25.09}",0.0,211.839,inf,211.839,124.748,124.748
168,T6,BESTEFFORT,COMPLETED,m7-1,14.755,"{'m1-1': 105.54, 'm2-1': 5.18, 'm3-1': 10.67, 'm4-1': 27.54, 'm5-1': 167.44, 'm6-1': 99.05, 'm7-1': 1.14, 'm8-1': 27.9}",1.71,122.04199999999999,123.18199999999999,inf,124.755,124.755
169,T1,BESTEFFORT,COMPLETED,m7-1,14.768,"{'m1-1': 95.46, 'm2-1': 5.19, 'm3-1': 10.79, 'm4-1': 23.79, 'm5-1': 158.87, 'm6-1': 103.77, 'm7-1': 1.04, 'm8-1': 23.52}",1.56,119.87199999999999,120.91199999999999,inf,124.768,124.768
170,T10,BESTEFFORT,COMPLETED,m7-1,14.788,"{'m1-1': 93.15, 'm2-1': 4.91, 'm3-1': 10.42, 'm4-1': 27.81, 'm5-1': 152.8, 'm6-1': 101.39, 'm7-1': 1.13, 'm8-1': 26.66}",1.6949999999999998,120.91199999999999,122.04199999999999,inf,124.788,124.788
171,T2,BESTEFFORT,COMPLETED,m7-1,14.815,"{'m1-1': 105.41, 'm2-1': 5.01, 'm3-1': 10.01, 'm4-1': 27.4, 'm5-1': 169.38, 'm6-1': 97.39, 'm7-1': 1.0, 'm8-1': 26.34}",1.5,123.18199999999999,124.18199999999999,inf,124.815,124.815
172,T7,BESTEFFORT,CANCELLED,,14.947,"{'m1-1': 116.68, 'm2-1': 5.38, 'm3-1': 9.78, 'm4-1': 23.79, 'm5-1': 163.16, 'm6-1': 101.63, 'm7-1': 1.01, 'm8-1': 28.25}",0.0,inf,inf,inf,124.947,124.947
173,T6,BESTEFFORT,CANCELLED,,15.14,"{'m1-1': 94.57, 'm2-1': 4.69, 'm3-1': 9.54, 'm4-1': 26.3, 'm5-1': 165.3, 'm6-1': 106.93, 'm7-1': 1.0, 'm8-1': 26.38}",0.0,inf,inf,inf,125.14,125.14
174,T2,BESTEFFORT,COMPLETED,m7-1,15.187,"{'m1-1': 110.21, 'm2-1': 5.59, 'm3-1': 10.7, 'm4-1': 24.98, 'm5-1': 146.71, 'm6-1': 107.7, 'm7-1': 0.94, 'm8-1': 25.1}",1.41,124.18199999999999,125.12199999999999,inf,125.187,125.187
175,T1,BESTEFFORT,MISSED,m1-1,15.317,"{'m1-1': 103.97, 'm2-1': 5.4, 'm3-1': 10.85, 'm4-1': 23.31, 'm5-1': 149.17, 'm6-1': 106.13, 'm7-1': 1.07, 'm8-1': 26.43}",0.0,208.39600000000002,inf,208.39600000000002,125.31700000000001,125.31700000000001
176,T9,BESTEFFORT,CANCELLED,,15.508,"{'m1-1': 105.6, 'm2-1': 5.7, 'm3-1': 11.4, 'm4-1': 28.31, 'm5-1': 163.0, 'm6-1': 107.04, 'm7-1': 1.0, 'm8-1': 28.44}",0.0,inf,inf,inf,125.508,125.508
177,T2,BESTEFFORT,CANCELLED,,15.589,"{'m1-1': 93.56, 'm2-1': 5.22, 'm3-1': 10.75, 'm4-1': 24.49, 'm5-1': 168.98, 'm6-1': 96.14, 'm7-1': 0.96, 'm8-1': 23.62}",0.0,inf,inf,inf,125.589,125.589
178,T8,BESTEFFORT,MISSED,m1-1,15.645,"{'m1-1': 103.63, 'm2-1': 4.61, 'm3-1': 9.74, 'm4-1': 23.93, 'm5-1': 152.38, 'm6-1': 111.89, 'm7-1': 0.96, 'm8-1': 27.27}",0.0,208.39600000000002,inf,208.39600000000002,125.645,125.645
179,T6,BESTEFFORT,CANCELLED,,15.758,"{'m1-1': 96.16, 'm2-1': 4.96, 'm3-1': 9.51, 'm4-1': 26.1, 'm5-1': 159.5, 'm6-1': 105.34, 'm7-1': 1.0, 'm8-1': 25.91}",0.0,inf,inf,inf,125.758,125.758
180,T1,BESTEFFORT,CANCELLED,,15.845,"{'m1-1': 103.49, 'm2-1': 5.26, 'm3-1': 10.8, 'm4-1': 26.88, 'm5-1': 161.97, 'm6-1': 105.91, 'm7-1': 1.07, 'm8-1': 25.54}",0.0,inf,inf,inf,125.845,125.845
181,T5,BESTEFFORT,CANCELLED,,15.864,"{'m1-1': 109.51, 'm2-1': 5.53, 'm3-1': 10.21, 'm4-1': 27.63, 'm5-1': 143.99, 'm6-1': 102.11, 'm7-1': 1.01, 'm8-1': 24.08}",0.0,inf,inf,inf,125.864,125.864
182,T1,BESTEFFORT,CANCELLED,,16.135,"{'m1-1': 97.52, 'm2-1': 5.54, 'm3-1': 9.96, 'm4-1': 25.35, 'm5-1': 169.23, 'm6-1': 110.83, 'm7-1': 1.14, 'm8-1': 23.4}",0.0,inf,inf,inf,126.135,126.135
183,T8,BESTEFFORT,CANCELLED,,16.308,"{'m1-1': 107.88, 'm2-1': 4.59, 'm3-1': 11.29, 'm4-1': 27.07, 'm5-1': 160.57, 'm6-1': 114.66, 'm7-1': 0.94, 'm8-1': 25.81}",0.0,inf,inf,inf,126.30799999999999,126.30799999999999
184,T7,BESTEFFORT,COMPLETED,m7-1,16.348,"{'m1-1': 111.27, 'm2-1': 5.35, 'm3-1': 9.47, 'm4-1': 25.78, 'm5-1': 145.81, 'm6-1': 109.32, 'm7-1': 1.08, 'm8-1': 26.35}",1.62,125.12199999999999,126.20199999999998,inf,126.348,126.348
185,T6,BESTEFFORT,MISSED,m5-1,16.442,"{'m1-1': 105.23, 'm2-1': 5.35, 'm3-1': 9.59, 'm4-1': 26.55, 'm5-1': 151.72, 'm6-1': 97.77, 'm7-1': 1.15, 'm8-1': 25.52}",20.24550000000002,112.945,inf,126.44200000000001,126.44200000000001,126.44200000000001
186,T2,BESTEFFORT,CANCELLED,,16.635,"{'m1-1': 102.37, 'm2-1': 5.39, 'm3-1': 11.81, 'm4-1': 25.52, 'm5-1': 148.23, 'm6-1': 100.6, 'm7-1': 1.06, 'm8-1': 23.32}",0.0,inf,inf,inf,126.635,126.635
187,T5,BESTEFFORT,CANCELLED,,16.719,"{'m1-1': 102.88, 'm2-1': 5.42, 'm3-1': 10.67, 'm4-1': 24.72, 'm5-1': 151.41, 'm6-1': 105.46, 'm7-1': 1.17, 'm8-1': 27.1}",0.0,inf,inf,inf,126.719,126.719
188,T10,BESTEFFORT,CANCELLED,,16.876,"{'m1-1': 102.9, 'm2-1': 4.85, 'm3-1': 9.35, 'm4-1': 25.54, 'm5-1': 161.16, 'm6-1': 102.2, 'm7-1': 1.1, 'm8-1': 24.56}",0.0,inf,inf,inf,126.876,126.876
189,T3,BESTEFFORT,MISSED,m1-1,16.89,"{'m1-1': 112.35, 'm2-1': 5.02, 'm3-1': 9.9, 'm4-1': 29.12, 'm5-1': 175.36, 'm6-1': 103.78, 'm7-1': 1.03, 'm8-1': 26.89}",0.0,208.39600000000002,inf,208.39600000000002,126.89,126.89
190,T7,BESTEFFORT,CANCELLED,,16.934,"{'m1-1': 118.41, 'm2-1': 5.34, 'm3-1': 10.44, 'm4-1': 25.65, 'm5-1': 161.8, 'm6-1': 104.74, 'm7-1': 1.09, 'm8-1': 27.51}",0.0,inf,inf,inf,126.934,126.934
191,T1,BESTEFFORT,CANCELLED,,16.991,"{'m1-1': 109.4, 'm2-1': 5.44, 'm3-1': 11.12, 'm4-1': 23.68, 'm5-1': 160.71, 'm6-1': 103.84, 'm7-1': 1.16, 'm8-1': 24.23}",0.0,inf,inf,inf,126.991,126.991
192,T4,BESTEFFORT,CANCELLED,,16.998,"{'m1-1': 102.92, 'm2-1': 5.26, 'm3-1': 11.0, 'm4-1': 27.64, 'm5-1': 164.2, 'm6-1': 94.9, 'm7-1': 1.14, 'm8-1': 26.92}",0.0,inf,inf,inf,126.998,126.998
193,T9,BESTEFFORT,CANCELLED,,17.272,"{'m1-1': 95.06, 'm2-1': 5.17, 'm3-1': 10.24, 'm4-1': 26.76, 'm5-1': 143.04, 'm6-1': 101.61, 'm7-1': 0.97, 'm8-1': 28.99}",0.0,inf,inf,inf,127.27199999999999,127.27199999999999
194,T4,BESTEFFORT,CANCELLED,,17.348,"{'m1-1': 107.22, 'm2-1': 4.94, 'm3-1': 10.47, 'm4-1': 28.7, 'm5-1': 140.28, 'm6-1': 102.89, 'm7-1': 1.1, 'm8-1': 26.91}",0.0,inf,inf,inf,127.348,127.348
195,T5,BESTEFFORT,CANCELLED,,17.377,"{'m1-1': 104.72, 'm2-1': 4.98, 'm3-1': 10.75, 'm4-1': 26.78, 'm5-1': 159.8, 'm6-1': 100.59, 'm7-1': 1.09, 'm8-1': 27.21}",0.0,inf,inf,inf,127.377,127.377
196,T2,BESTEFFORT,CANCELLED,,17.44,"{'m1-1': 99.41, 'm2-1': 5.56, 'm3-1': 10.77, 'm4-1': 24.03, 'm5-1': 154.92, 'm6-1': 92.82, 'm7-1': 0.98, 'm8-1': 25.66}",0.0,inf,inf,inf,127.44,127.44
197,T9,BESTEFFORT,COMPLETED,m7-1,17.453,"{'m1-1': 100.09, 'm2-1': 5.44, 'm3-1': 10.89, 'm4-1': 28.18, 'm5-1': 164.93, 'm6-1': 112.16, 'm7-1': 0.94, 'm8-1': 29.32}",1.41,126.20199999999998,127.14199999999998,inf,127.453,127.453
198,T9,BESTEFFORT,CANCELLED,,17.695,"{'m1-1': 108.4, 'm2-1': 5.26, 'm3-1': 11.31, 'm4-1': 25.96, 'm5-1': 161.74, 'm6-1': 113.0, 'm7-1': 1.01, 'm8-1': 29.24}",0.0,inf,inf,inf,127.695,127.695
199,T6,BESTEFFORT,CANCELLED,,17.742,"{'m1-1': 94.93, 'm2-1': 4.86, 'm3-1': 10.44, 'm4-1': 25.94, 'm5-1': 175.42, 'm6-1': 97.09, 'm7-1': 1.03, 'm8-1': 27.87}",0.0,inf,inf,inf,127.742,127.742
200,T5,BESTEFFORT,CANCELLED,,17.851,"{'m1-1': 105.24, 'm2-1': 5.55, 'm3-1': 11.36, 'm4-1': 23.8, 'm5-1': 163.47, 'm6-1': 106.24, 'm7-1': 1.05, 'm8-1': 24.52}",0.0,inf,inf,inf,127.851,127.851
201,T8,BESTEFFORT,CANCELLED,,17.924,"{'m1-1': 107.62, 'm2-1': 5.3, 'm3-1': 10.18, 'm4-1': 26.41, 'm5-1': 168.99, 'm6-1': 113.7, 'm7-1': 1.07, 'm8-1': 24.19}",0.0,inf,inf,inf,127.924,127.924
202,T7,BESTEFFORT,MISSED,m6-1,17.946,"{'m1-1': 106.96, 'm2-1': 5.53, 'm3-1': 10.74, 'm4-1': 23.65, 'm5-1': 145.27, 'm6-1': 113.72, 'm7-1': 1.01, 'm8-1': 28.54}",0.0,211.839,inf,211.839,127.946,127.946
203,T10,BESTEFFORT,MISSED,m5-1,17.98,"{'m1-1': 100.22, 'm2-1': 4.95, 'm3-1': 9.64, 'm4-1': 28.44, 'm5-1': 155.11, 'm6-1': 105.91, 'm7-1': 1.05, 'm8-1': 26.5}",0.0,129.708,inf,129.708,127.98,127.98
204,T7,BESTEFFORT,CANCELLED,,17.993,"{'m1-1': 106.96, 'm2-1': 5.35, 'm3-1': 11.0, 'm4-1': 26.37, 'm5-1': 165.87, 'm6-1': 110.64, 'm7-1': 1.15, 'm8-1': 27.8}",0.0,inf,inf,inf,127.993,127.993
205,T1,BESTEFFORT,CANCELLED,,18.025,"{'m1-1': 96.43, 'm2-1': 5.42, 'm3-1': 11.0, 'm4-1': 23.94, 'm5-1': 160.85, 'm6-1': 95.36, 'm7-1': 1.1, 'm8-1': 25.83}",0.0,inf,inf,inf,128.025,128.025
206,T1,BESTEFFORT,CANCELLED,,18.093,"{'m1-1': 107.83, 'm2-1': 5.31, 'm3-1': 10.0, 'm4-1': 26.18, 'm5-1': 148.94, 'm6-1': 105.59, 'm7-1': 1.04, 'm8-1': 24.31}",0.0,inf,inf,inf,128.093,128.093
207,T6,BESTEFFORT,CANCELLED,,18.093,"{'m1-1': 102.5, 'm2-1': 4.87, 'm3-1': 10.0, 'm4-1': 27.52, 'm5-1': 177.39, 'm6-1': 112.55, 'm7-1': 1.17, 'm8-1': 26.05}",0.0,inf,inf,inf,128.093,128.093
208,T1,BESTEFFORT,MISSED,m8-1,18.111,"{'m1-1': 96.57, 'm2-1': 5.26, 'm3-1': 10.63, 'm4-1': 23.98, 'm5-1': 163.5, 'm6-1': 99.45, 'm7-1': 1.14, 'm8-1': 24.43}",34.987500000000004,104.78599999999999,inf,128.111,128.111,128.111
209,T6,BESTEFFORT,MISSED,m5-1,18.164,"{'m1-1': 96.08, 'm2-1': 5.28, 'm3-1': 10.11, 'm4-1': 26.1, 'm5-1': 174.32, 'm6-1': 96.73, 'm7-1': 1.08, 'm8-1': 28.72}",2.58299999999997,126.44200000000001,inf,128.164,128.164,128.164
210,T10,BESTEFFORT,MISSED,m8-1,18.179,"{'m1-1': 93.64, 'm2-1': 5.38, 'm3-1': 9.5, 'm4-1': 28.22, 'm5-1': 155.05, 'm6-1': 109.32, 'm7-1': 1.01, 'm8-1': 26.52}",0.0,206.731,inf,206.731,128.179,128.179
211,T2,BESTEFFORT,CANCELLED,,18.232,"{'m1-1': 94.01, 'm2-1': 5.25, 'm3-1': 11.46, 'm4-1': 24.88, 'm5-1': 144.9, 'm6-1': 91.99, 'm7-1': 1.01, 'm8-1': 24.93}",0.0,inf,inf,inf,128.232,128.232
212,T5,BESTEFFORT,CANCELLED,,18.275,"{'m1-1': 106.68, 'm2-1': 5.78, 'm3-1': 11.59, 'm4-1': 26.01, 'm5-1': 142.04, 'm6-1': 102.94, 'm7-1': 1.05, 'm8-1': 24.23}",0.0,inf,inf,inf,128.275,128.275
213,T5,BESTEFFORT,CANCELLED,,18.3,"{'m1-1': 94.54, 'm2-1': 5.12, 'm3-1': 10.51, 'm4-1': 27.37, 'm5-1': 159.44, 'm6-1': 112.68, 'm7-1': 1.06, 'm8-1': 26.74}",0.0,inf,inf,inf,128.3,128.3
214,T7,BESTEFFORT,COMPLETED,m7-1,18.598,"{'m1-1': 108.18, 'm2-1': 5.91, 'm3-1': 10.97, 'm4-1': 25.56, 'm5-1': 166.15, 'm6-1': 96.93, 'm7-1': 1.16, 'm8-1': 25.88}",1.7399999999999998,127.14199999999998,128.302,inf,128.598,128.598
215,T4,BESTEFFORT,CANCELLED,,18.628,"{'m1-1': 107.02, 'm2-1': 5.79, 'm3-1': 10.95, 'm4-1': 24.79, 'm5-1': 156.77, 'm6-1': 96.5, 'm7-1': 1.03, 'm8-1': 28.01}",0.0,inf,inf,inf,128.628,128.628
216,T3,BESTEFFORT,CANCELLED,,18.885,"{'m1-1': 106.86, 'm2-1': 5.17, 'm3-1': 10.83, 'm4-1': 26.34, 'm5-1': 165.16, 'm6-1': 103.22, 'm7-1': 1.08, 'm8-1': 24.99}",0.0,inf,inf,inf,128.885,128.885
217,T8,BESTEFFORT,MISSED,m6-1,18.917,"{'m1-1': 99.31, 'm2-1': 4.89, 'm3-1': 9.83, 'm4-1': 23.97, 'm5-1': 163.99, 'm6-1': 102.87, 'm7-1': 0.93, 'm8-1': 23.87}",0.0,211.839,inf,211.839,128.917,128.917
218,T5,BESTEFFORT,CANCELLED,,19.017,"{'m1-1': 92.95, 'm2-1': 5.07, 'm3-1': 10.2, 'm4-1': 28.07, 'm5-1': 156.36, 'm6-1': 99.42, 'm7-1': 1.12, 'm8-1': 27.52}",0.0,inf,inf,inf,129.017,129.017
219,T2,BESTEFFORT,CANCELLED,,19.07,"{'m1-1': 94.54, 'm2-1': 5.21, 'm3-1': 10.87, 'm4-1': 23.85, 'm5-1': 170.04, 'm6-1': 94.58, 'm7-1': 0.95, 'm8-1': 23.32}",0.0,inf,inf,inf,129.07,129.07
220,T3,BESTEFFORT,CANCELLED,,19.213,"{'m1-1': 104.89, 'm2-1': 5.72, 'm3-1': 10.09, 'm4-1': 25.53, 'm5-1': 161.27, 'm6-1': 109.82, 'm7-1': 1.04, 'm8-1': 28.01}",0.0,inf,inf,inf,129.213,129.213
221,T2,BESTEFFORT,CANCELLED,,19.307,"{'m1-1': 99.3, 'm2-1': 4.84, 'm3-1': 11.19, 'm4-1': 26.65, 'm5-1': 144.78, 'm6-1': 93.8, 'm7-1': 1.08, 'm8-1': 26.3}",0.0,inf,inf,inf,129.307,129.307
222,T5,BESTEFFORT,CANCELLED,,19.367,"{'m1-1': 93.56, 'm2-1': 5.72, 'm3-1': 11.1, 'm4-1': 23.73, 'm5-1': 156.39, 'm6-1': 102.39, 'm7-1': 1.11, 'm8-1': 24.34}",0.0,inf,inf,inf,129.367,129.367
223,T3,BESTEFFORT,CANCELLED,,19.413,"{'m1-1': 108.36, 'm2-1': 5.08, 'm3-1': 10.62, 'm4-1': 24.83, 'm5-1': 171.78, 'm6-1': 108.28, 'm7-1': 1.04, 'm8-1': 29.31}",0.0,inf,inf,inf,129.413,129.413
224,T1,BESTEFFORT,CANCELLED,,19.437,"{'m1-1': 110.21, 'm2-1': 5.16, 'm3-1': 11.1, 'm4-1': 24.79, 'm5-1': 151.47, 'm6-1': 110.55, 'm7-1': 1.03, 'm8-1': 27.65}",0.0,inf,inf,inf,129.437,129.437
225,T3,BESTEFFORT,COMPLETED,m7-1,19.576,"{'m1-1': 102.6, 'm2-1': 5.17, 'm3-1': 10.01, 'm4-1': 28.13, 'm5-1': 151.41, 'm6-1': 111.38, 'm7-1': 1.11, 'm8-1': 25.88}",1.665,128.302,129.412,inf,129.576,129.576
226,T5,BESTEFFORT,COMPLETED,m3-1,19.577,"{'m1-1': 95.67, 'm2-1': 5.74, 'm3-1': 11.48, 'm4-1': 25.11, 'm5-1': 163.12, 'm6-1': 110.76, 'm7-1': 1.19, 'm8-1': 27.34}",17.22,117.904,129.384,inf,129.577,129.577
227,T5,BESTEFFORT,COMPLETED,m2-1,19.623,"{'m1-1': 96.09, 'm2-1': 5.23, 'm3-1': 11.38, 'm4-1': 27.57, 'm5-1': 141.46, 'm6-1': 106.99, 'm7-1': 1.02, 'm8-1': 25.96}",7.845000000000001,123.453,128.683,inf,129.623,129.623
228,T6,BESTEFFORT,MISSED,m5-1,19.708,"{'m1-1': 92.58, 'm2-1': 4.74, 'm3-1': 10.4, 'm4-1': 28.73, 'm5-1': 177.32, 'm6-1': 113.47, 'm7-1': 1.08, 'm8-1': 28.82}",2.3160000000000167,128.164,inf,129.708,129.708,129.708
229,T4,BESTEFFORT,CANCELLED,,19.757,"{'m1-1': 91.78, 'm2-1': 5.41, 'm3-1': 10.83, 'm4-1': 26.94, 'm5-1': 144.12, 'm6-1': 99.11, 'm7-1': 1.06, 'm8-1': 25.45}",0.0,inf,inf,inf,129.757,129.757
230,T10,BESTEFFORT,CANCELLED,,19.793,"{'m1-1': 98.34, 'm2-1': 5.49, 'm3-1': 9.31, 'm4-1': 25.7, 'm5-1': 153.67, 'm6-1': 103.92, 'm7-1': 0.98, 'm8-1': 28.39}",0.0,inf,inf,inf,129.793,129.793
231,T10,BESTEFFORT,CANCELLED,,20.016,"{'m1-1': 97.24, 'm2-1': 5.12, 'm3-1': 10.25, 'm4-1': 26.29, 'm5-1': 165.47, 'm6-1': 99.72, 'm7-1': 1.08, 'm8-1': 24.43}",0.0,inf,inf,inf,130.016,130.016
232,T1,BESTEFFORT,CANCELLED,,20.057,"{'m1-1': 99.17, 'm2-1': 5.86, 'm3-1': 10.6, 'm4-1': 24.66, 'm5-1': 156.64, 'm6-1': 97.82, 'm7-1': 1.1, 'm8-1': 24.68}",0.0,inf,inf,inf,130.057,130.057
233,T3,BESTEFFORT,MISSED,m5-1,20.304,"{'m1-1': 107.17, 'm2-1': 5.78, 'm3-1': 10.88, 'm4-1': 26.58, 'm5-1': 151.52, 'm6-1': 103.72, 'm7-1': 1.03, 'm8-1': 26.22}",0.8940000000000055,129.708,inf,130.304,130.304,130.304
234,T10,BESTEFFORT,CANCELLED,,20.323,"{'m1-1': 103.81, 'm2-1': 4.88, 'm3-1': 10.27, 'm4-1': 27.22, 'm5-1': 148.04, 'm6-1': 112.92, 'm7-1': 1.12, 'm8-1': 25.01}",0.0,inf,inf,inf,130.323,130.323
235,T9,BESTEFFORT,COMPLETED,m7-1,20.51,"{'m1-1': 99.12, 'm2-1': 5.37, 'm3-1': 10.49, 'm4-1': 28.84, 'm5-1': 146.65, 'm6-1': 105.2, 'm7-1': 0.95, 'm8-1': 28.22}",1.4249999999999998,129.412,130.362,inf,130.51,130.51
236,T9,BESTEFFORT,CANCELLED,,20.547,"{'m1-1': 94.53, 'm2-1': 5.26, 'm3-1': 11.11, 'm4-1': 29.35, 'm5-1': 164.63, 'm6-1': 102.26, 'm7-1': 1.09, 'm8-1': 26.42}",0.0,inf,inf,inf,130.547,130.547
237,T9,BESTEFFORT,CANCELLED,,20.624,"{'m1-1': 95.97, 'm2-1': 5.63, 'm3-1': 10.76, 'm4-1': 26.1, 'm5-1': 148.3, 'm6-1': 107.07, 'm7-1': 1.04, 'm8-1': 27.44}",0.0,inf,inf,inf,130.624,130.624
238,T9,BESTEFFORT,CANCELLED,,20.679,"{'m1-1': 94.79, 'm2-1': 5.44, 'm3-1': 9.76, 'm4-1': 28.94, 'm5-1': 150.18, 'm6-1': 108.1, 'm7-1': 0.99, 'm8-1': 25.5}",0.0,inf,inf,inf,130.679,130.679
239,T10,BESTEFFORT,CANCELLED,,20.705,"{'m1-1': 108.97, 'm2-1': 5.02, 'm3-1': 9.24, 'm4-1': 25.68, 'm5-1': 156.14, 'm6-1': 104.4, 'm7-1': 0.97, 'm8-1': 25.17}",0.0,inf,inf,inf,130.70499999999998,130.70499999999998
240,T8,BESTEFFORT,CANCELLED,,20.712,"{'m1-1': 107.69, 'm2-1': 5.38, 'm3-1': 10.33, 'm4-1': 27.15, 'm5-1': 163.26, 'm6-1': 107.8, 'm7-1': 1.07, 'm8-1': 27.35}",0.0,inf,inf,inf,130.712,130.712
241,T4,BESTEFFORT,CANCELLED,,20.93,"{'m1-1': 98.61, 'm2-1': 5.17, 'm3-1': 9.6, 'm4-1': 27.39, 'm5-1': 154.43, 'm6-1': 105.41, 'm7-1': 1.14, 'm8-1': 26.54}",0.0,inf,inf,inf,130.93,130.93
242,T7,BESTEFFORT,CANCELLED,,21.002,"{'m1-1': 112.64, 'm2-1': 5.44, 'm3-1': 9.66, 'm4-1': 23.15, 'm5-1': 163.28, 'm6-1': 111.23, 'm7-1': 1.1, 'm8-1': 28.64}",0.0,inf,inf,inf,131.002,131.002
243,T10,BESTEFFORT,CANCELLED,,21.374,"{'m1-1': 100.86, 'm2-1': 4.78, 'm3-1': 10.29, 'm4-1': 24.8, 'm5-1': 153.18, 'm6-1': 98.26, 'm7-1': 1.09, 'm8-1': 24.86}",0.0,inf,inf,inf,131.374,131.374
244,T6,BESTEFFORT,COMPLETED,m7-1,21.445,"{'m1-1': 101.39, 'm2-1': 4.94, 'm3-1': 10.56, 'm4-1': 26.04, 'm5-1': 156.91, 'm6-1': 107.38, 'm7-1': 0.99, 'm8-1': 27.31}",1.4849999999999999,130.362,131.352,inf,131.445,131.445
245,T7,BESTEFFORT,CANCELLED,,21.563,"{'m1-1': 115.61, 'm2-1': 5.92, 'm3-1': 10.83, 'm4-1': 26.88, 'm5-1': 146.8, 'm6-1': 110.94, 'm7-1': 1.04, 'm8-1': 26.06}",0.0,inf,inf,inf,131.563,131.563
246,T10,BESTEFFORT,MISSED,m5-1,22.041,"{'m1-1': 98.23, 'm2-1': 4.99, 'm3-1': 10.83, 'm4-1': 25.63, 'm5-1': 163.56, 'm6-1': 113.53, 'm7-1': 1.14, 'm8-1': 27.39}",0.0,133.449,inf,133.449,132.041,132.041
247,T6,BESTEFFORT,CANCELLED,,22.061,"{'m1-1': 104.77, 'm2-1': 5.45, 'm3-1': 9.32, 'm4-1': 27.53, 'm5-1': 152.49, 'm6-1': 104.86, 'm7-1': 1.03, 'm8-1': 27.68}",0.0,inf,inf,inf,132.061,132.061
248,T4,BESTEFFORT,CANCELLED,,22.072,"{'m1-1': 93.72, 'm2-1': 5.63, 'm3-1': 9.8, 'm4-1': 25.97, 'm5-1': 149.76, 'm6-1': 108.81, 'm7-1': 1.16, 'm8-1': 26.99}",0.0,inf,inf,inf,132.072,132.072
249,T8,BESTEFFORT,CANCELLED,,22.133,"{'m1-1': 110.35, 'm2-1': 5.3, 'm3-1': 10.86, 'm4-1': 24.97, 'm5-1': 169.28, 'm6-1': 116.28, 'm7-1': 1.01, 'm8-1': 24.65}",0.0,inf,inf,inf,132.133,132.133
250,T8,BESTEFFORT,CANCELLED,,22.152,"{'m1-1': 100.92, 'm2-1': 5.09, 'm3-1': 10.27, 'm4-1': 26.21, 'm5-1': 162.81, 'm6-1': 101.01, 'm7-1': 0.96, 'm8-1': 25.6}",0.0,inf,inf,inf,132.152,132.152
251,T10,BESTEFFORT,CANCELLED,,22.247,"{'m1-1': 101.76, 'm2-1': 5.09, 'm3-1': 9.41, 'm4-1': 28.01, 'm5-1': 169.71, 'm6-1': 114.27, 'm7-1': 1.12, 'm8-1': 25.98}",0.0,inf,inf,inf,132.247,132.247
252,T10,BESTEFFORT,MISSED,m5-1,22.314,"{'m1-1': 96.22, 'm2-1': 4.76, 'm3-1': 9.88, 'm4-1': 24.77, 'm5-1': 157.76, 'm6-1': 101.49, 'm7-1': 1.09, 'm8-1': 27.39}",0.0,135.675,inf,135.675,132.314,132.314
253,T7,BESTEFFORT,MISSED,m7-1,22.454,"{'m1-1': 106.14, 'm2-1': 5.78, 'm3-1': 10.46, 'm4-1': 25.3, 'm5-1': 162.36, 'm6-1': 107.96, 'm7-1': 1.16, 'm8-1': 24.89}",1.6530000000000058,131.352,inf,132.454,132.454,132.454
254,T8,BESTEFFORT,CANCELLED,,22.473,"{'m1-1': 112.72, 'm2-1': 5.24, 'm3-1': 10.43, 'm4-1': 24.03, 'm5-1': 162.68, 'm6-1': 100.28, 'm7-1': 0.94, 'm8-1': 27.2}",0.0,inf,inf,inf,132.473,132.473
255,T3,BESTEFFORT,CANCELLED,,22.497,"{'m1-1': 100.91, 'm2-1': 5.04, 'm3-1': 11.35, 'm4-1': 28.6, 'm5-1': 153.74, 'm6-1': 102.73, 'm7-1': 1.05, 'm8-1': 27.92}",0.0,inf,inf,inf,132.497,132.497
256,T10,BESTEFFORT,CANCELLED,,22.552,"{'m1-1': 93.23, 'm2-1': 5.06, 'm3-1': 10.31, 'm4-1': 24.71, 'm5-1': 153.73, 'm6-1': 101.02, 'm7-1': 1.02, 'm8-1': 25.85}",0.0,inf,inf,inf,132.552,132.552
257,T5,BESTEFFORT,CANCELLED,,22.623,"{'m1-1': 105.4, 'm2-1': 5.21, 'm3-1': 10.98, 'm4-1': 27.04, 'm5-1': 162.23, 'm6-1': 112.31, 'm7-1': 1.15, 'm8-1': 26.06}",0.0,inf,inf,inf,132.623,132.623
258,T9,BESTEFFORT,CANCELLED,,22.644,"{'m1-1': 106.04, 'm2-1': 4.98, 'm3-1': 10.07, 'm4-1': 25.91, 'm5-1': 165.76, 'm6-1': 115.16, 'm7-1': 1.0, 'm8-1': 25.01}",0.0,inf,inf,inf,132.644,132.644
259,T1,BESTEFFORT,CANCELLED,,22.677,"{'m1-1': 95.4, 'm2-1': 5.54, 'm3-1': 10.14, 'm4-1': 23.94, 'm5-1': 161.1, 'm6-1': 108.93, 'm7-1': 1.05, 'm8-1': 26.76}",0.0,inf,inf,inf,132.677,132.677
260,T4,BESTEFFORT,CANCELLED,,22.967,"{'m1-1': 96.57, 'm2-1': 5.16, 'm3-1': 10.93, 'm4-1': 26.29, 'm5-1': 163.81, 'm6-1': 103.47, 'm7-1': 1.06, 'm8-1': 26.82}",0.0,inf,inf,inf,132.96699999999998,132.96699999999998
261,T8,BESTEFFORT,CANCELLED,,23.029,"{'m1-1': 110.36, 'm2-1': 4.6, 'm3-1': 11.16, 'm4-1': 24.13, 'm5-1': 169.9, 'm6-1': 110.83, 'm7-1': 0.94, 'm8-1': 26.22}",0.0,inf,inf,inf,133.029,133.029
262,T4,BESTEFFORT,CANCELLED,,23.133,"{'m1-1': 96.43, 'm2-1': 5.75, 'm3-1': 10.24, 'm4-1': 27.92, 'm5-1': 147.24, 'm6-1': 94.73, 'm7-1': 1.06, 'm8-1': 26.73}",0.0,inf,inf,inf,133.133,133.133
263,T6,BESTEFFORT,CANCELLED,,23.23,"{'m1-1': 106.09, 'm2-1': 5.44, 'm3-1': 10.96, 'm4-1': 28.56, 'm5-1': 172.47, 'm6-1': 100.4, 'm7-1': 1.1, 'm8-1': 25.78}",0.0,inf,inf,inf,133.23,133.23
264,T6,BESTEFFORT,CANCELLED,,23.262,"{'m1-1': 107.84, 'm2-1': 4.86, 'm3-1': 10.18, 'm4-1': 24.39, 'm5-1': 162.04, 'm6-1': 98.96, 'm7-1': 1.13, 'm8-1': 25.41}",0.0,inf,inf,inf,133.262,133.262
265,T3,BESTEFFORT,CANCELLED,,23.284,"{'m1-1': 106.18, 'm2-1': 5.37, 'm3-1': 9.69, 'm4-1': 26.97, 'm5-1': 152.91, 'm6-1': 111.35, 'm7-1': 1.07, 'm8-1': 28.41}",0.0,inf,inf,inf,133.284,133.284
266,T1,BESTEFFORT,CANCELLED,,23.423,"{'m1-1': 109.03, 'm2-1': 5.78, 'm3-1': 10.61, 'm4-1': 26.35, 'm5-1': 158.74, 'm6-1': 107.8, 'm7-1': 1.16, 'm8-1': 25.06}",0.0,inf,inf,inf,133.423,133.423
267,T6,BESTEFFORT,MISSED,m5-1,23.449,"{'m1-1': 100.78, 'm2-1': 5.21, 'm3-1': 9.39, 'm4-1': 27.66, 'm5-1': 156.96, 'm6-1': 97.6, 'm7-1': 1.01, 'm8-1': 25.77}",4.717500000000015,130.304,inf,133.449,133.449,133.449
268,T9,BESTEFFORT,COMPLETED,m7-1,23.491,"{'m1-1': 93.63, 'm2-1': 5.78, 'm3-1': 10.3, 'm4-1': 27.14, 'm5-1': 145.5, 'm6-1': 114.06, 'm7-1': 1.02, 'm8-1': 27.53}",1.53,132.454,133.47400000000002,inf,133.49099999999999,133.49099999999999
269,T4,BESTEFFORT,CANCELLED,,23.557,"{'m1-1': 94.93, 'm2-1': 5.72, 'm3-1': 9.64, 'm4-1': 28.56, 'm5-1': 148.71, 'm6-1': 94.77, 'm7-1': 1.15, 'm8-1': 27.5}",0.0,inf,inf,inf,133.557,133.557
270,T6,BESTEFFORT,MISSED,m5-1,23.601,"{'m1-1': 108.88, 'm2-1': 5.32, 'm3-1': 9.89, 'm4-1': 27.9, 'm5-1': 154.46, 'm6-1': 106.78, 'm7-1': 1.15, 'm8-1': 29.65}",0.22799999999998022,133.449,inf,133.601,133.601,133.601
271,T2,BESTEFFORT,CANCELLED,,23.616,"{'m1-1': 110.5, 'm2-1': 5.43, 'm3-1': 10.25, 'm4-1': 23.27, 'm5-1': 145.92, 'm6-1': 106.0, 'm7-1': 1.08, 'm8-1': 26.74}",0.0,inf,inf,inf,133.61599999999999,133.61599999999999
272,T1,BESTEFFORT,CANCELLED,,23.672,"{'m1-1': 96.68, 'm2-1': 5.87, 'm3-1': 10.32, 'm4-1': 26.45, 'm5-1': 153.04, 'm6-1': 106.1, 'm7-1': 1.09, 'm8-1': 24.36}",0.0,inf,inf,inf,133.672,133.672
273,T8,BESTEFFORT,MISSED,m4-1,24.001,"{'m1-1': 100.67, 'm2-1': 5.16, 'm3-1': 9.92, 'm4-1': 26.51, 'm5-1': 162.41, 'm6-1': 104.99, 'm7-1': 1.08, 'm8-1': 27.13}",0.0,210.34300000000002,inf,210.34300000000002,134.001,134.001
274,T1,BESTEFFORT,CANCELLED,,24.142,"{'m1-1': 108.59, 'm2-1': 5.36, 'm3-1': 10.34, 'm4-1': 27.09, 'm5-1': 163.59, 'm6-1': 108.63, 'm7-1': 1.04, 'm8-1': 25.94}",0.0,inf,inf,inf,134.142,134.142
275,T6,BESTEFFORT,CANCELLED,,24.224,"{'m1-1': 100.76, 'm2-1': 5.26, 'm3-1': 9.47, 'm4-1': 27.24, 'm5-1': 167.56, 'm6-1': 100.84, 'm7-1': 1.15, 'm8-1': 28.56}",0.0,inf,inf,inf,134.224,134.224
276,T6,BESTEFFORT,CANCELLED,,24.418,"{'m1-1': 98.72, 'm2-1': 5.02, 'm3-1': 10.48, 'm4-1': 24.31, 'm5-1': 172.47, 'm6-1': 109.12, 'm7-1': 1.05, 'm8-1': 25.11}",0.0,inf,inf,inf,134.418,134.418
277,T2,BESTEFFORT,COMPLETED,m2-1,24.448,"{'m1-1': 102.91, 'm2-1': 5.63, 'm3-1': 11.19, 'm4-1': 24.36, 'm5-1': 164.31, 'm6-1': 95.83, 'm7-1': 1.02, 'm8-1': 24.58}",8.445,128.683,134.313,inf,134.448,134.448
278,T10,BESTEFFORT,COMPLETED,m7-1,24.534,"{'m1-1': 97.92, 'm2-1': 5.39, 'm3-1': 10.6, 'm4-1': 26.96, 'm5-1': 150.27, 'm6-1': 111.37, 'm7-1': 0.97, 'm8-1': 26.21}",1.455,133.47400000000002,134.44400000000002,inf,134.534,134.534
279,T10,BESTEFFORT,COMPLETED,m4-1,24.61,"{'m1-1': 102.44, 'm2-1': 4.72, 'm3-1': 9.2, 'm4-1': 27.92, 'm5-1': 147.51, 'm6-1': 113.21, 'm7-1': 1.04, 'm8-1': 28.13}",41.88,106.39,134.31,inf,134.61,134.61
280,T5,BESTEFFORT,CANCELLED,,24.633,"{'m1-1': 95.77, 'm2-1': 5.13, 'm3-1': 9.83, 'm4-1': 26.32, 'm5-1': 152.47, 'm6-1': 111.86, 'm7-1': 1.04, 'm8-1': 26.14}",0.0,inf,inf,inf,134.633,134.633
281,T4,BESTEFFORT,CANCELLED,,24.812,"{'m1-1': 102.79, 'm2-1': 5.75, 'm3-1': 10.95, 'm4-1': 27.85, 'm5-1': 152.31, 'm6-1': 97.82, 'm7-1': 1.09, 'm8-1': 26.99}",0.0,inf,inf,inf,134.812,134.812
282,T9,BESTEFFORT,CANCELLED,,24.958,"{'m1-1': 101.75, 'm2-1': 5.51, 'm3-1': 10.16, 'm4-1': 27.15, 'm5-1': 147.83, 'm6-1': 108.6, 'm7-1': 0.98, 'm8-1': 29.4}",0.0,inf,inf,inf,134.958,134.958
283,T5,BESTEFFORT,CANCELLED,,25.092,"{'m1-1': 98.71, 'm2-1': 5.19, 'm3-1': 11.31, 'm4-1': 26.42, 'm5-1': 161.77, 'm6-1': 100.75, 'm7-1': 1.17, 'm8-1': 26.84}",0.0,inf,inf,inf,135.09199999999998,135.09199999999998
284,T6,BESTEFFORT,CANCELLED,,25.155,"{'m1-1': 94.7, 'm2-1': 5.03, 'm3-1': 9.7, 'm4-1': 28.22, 'm5-1': 149.3, 'm6-1': 104.15, 'm7-1': 1.03, 'm8-1': 25.69}",0.0,inf,inf,inf,135.155,135.155
285,T5,BESTEFFORT,CANCELLED,,25.307,"{'m1-1': 93.99, 'm2-1': 5.78, 'm3-1': 10.69, 'm4-1': 27.08, 'm5-1': 160.04, 'm6-1': 102.04, 'm7-1': 1.06, 'm8-1': 25.64}",0.0,inf,inf,inf,135.307,135.307
286,T1,BESTEFFORT,CANCELLED,,25.5,"{'m1-1': 99.29, 'm2-1': 5.84, 'm3-1': 9.56, 'm4-1': 25.22, 'm5-1': 152.86, 'm6-1': 107.91, 'm7-1': 1.18, 'm8-1': 26.73}",0.0,inf,inf,inf,135.5,135.5
287,T4,BESTEFFORT,CANCELLED,,25.506,"{'m1-1': 93.67, 'm2-1': 5.48, 'm3-1': 10.55, 'm4-1': 28.54, 'm5-1': 158.52, 'm6-1': 96.04, 'm7-1': 1.12, 'm8-1': 27.02}",0.0,inf,inf,inf,135.506,135.506
288,T3,BESTEFFORT,COMPLETED,m7-1,25.63,"{'m1-1': 112.88, 'm2-1': 5.64, 'm3-1': 11.03, 'm4-1': 29.09, 'm5-1': 152.32, 'm6-1': 111.18, 'm7-1': 1.05, 'm8-1': 26.3}",1.5750000000000002,134.44400000000002,135.49400000000003,inf,135.63,135.63
289,T6,BESTEFFORT,MISSED,m5-1,25.675,"{'m1-1': 100.43, 'm2-1': 4.74, 'm3-1': 9.97, 'm4-1': 24.89, 'm5-1': 161.7, 'm6-1': 102.05, 'm7-1': 1.04, 'm8-1': 29.19}",3.1110000000000184,133.601,inf,135.675,135.675,135.675
290,T3,BESTEFFORT,CANCELLED,,25.727,"{'m1-1': 111.36, 'm2-1': 5.73, 'm3-1': 9.69, 'm4-1': 28.56, 'm5-1': 154.86, 'm6-1': 112.67, 'm7-1': 1.08, 'm8-1': 25.41}",0.0,inf,inf,inf,135.727,135.727
291,T10,BESTEFFORT,MISSED,m5-1,25.797,"{'m1-1': 105.54, 'm2-1': 5.45, 'm3-1': 9.66, 'm4-1': 24.53, 'm5-1': 147.07, 'm6-1': 111.06, 'm7-1': 1.0, 'm8-1': 25.98}",0.0,138.858,inf,138.858,135.797,135.797
292,T8,BESTEFFORT,CANCELLED,,25.808,"{'m1-1': 101.8, 'm2-1': 4.69, 'm3-1': 10.46, 'm4-1': 27.22, 'm5-1': 146.82, 'm6-1': 103.22, 'm7-1': 1.04, 'm8-1': 27.23}",0.0,inf,inf,inf,135.808,135.808
293,T7,BESTEFFORT,CANCELLED,,25.816,"{'m1-1': 101.79, 'm2-1': 5.64, 'm3-1': 10.25, 'm4-1': 27.29, 'm5-1': 150.75, 'm6-1': 109.8, 'm7-1': 1.09, 'm8-1': 26.21}",0.0,inf,inf,inf,135.816,135.816
294,T2,BESTEFFORT,CANCELLED,,26.089,"{'m1-1': 100.43, 'm2-1': 5.39, 'm3-1': 10.29, 'm4-1': 27.1, 'm5-1': 162.33, 'm6-1': 99.32, 'm7-1': 0.93, 'm8-1': 24.04}",0.0,inf,inf,inf,136.089,136.089
295,T1,BESTEFFORT,CANCELLED,,26.121,"{'m1-1': 95.42, 'm2-1': 5.69, 'm3-1': 10.6, 'm4-1': 24.42, 'm5-1': 173.51, 'm6-1': 110.39, 'm7-1': 1.08, 'm8-1': 24.81}",0.0,inf,inf,inf,136.121,136.121
296,T1,BESTEFFORT,CANCELLED,,26.272,"{'m1-1': 100.99, 'm2-1': 5.03, 'm3-1': 9.83, 'm4-1': 23.81, 'm5-1': 164.09, 'm6-1': 100.72, 'm7-1': 1.05, 'm8-1': 27.12}",0.0,inf,inf,inf,136.272,136.272
297,T6,BESTEFFORT,CANCELLED,,26.414,"{'m1-1': 94.09, 'm2-1': 4.94, 'm3-1': 11.01, 'm4-1': 26.57, 'm5-1': 167.03, 'm6-1': 101.65, 'm7-1': 1.01, 'm8-1': 25.03}",0.0,inf,inf,inf,136.414,136.414
298,T6,BESTEFFORT,COMPLETED,m7-1,26.633,"{'m1-1': 99.84, 'm2-1': 4.88, 'm3-1': 10.73, 'm4-1': 27.18, 'm5-1': 157.32, 'm6-1': 95.94, 'm7-1': 1.08, 'm8-1': 27.74}",1.62,135.49400000000003,136.57400000000004,inf,136.633,136.633
299,T8,BESTEFFORT,CANCELLED,,26.711,"{'m1-1': 106.48, 'm2-1': 5.2, 'm3-1': 11.31, 'm4-1': 27.01, 'm5-1': 164.26, 'm6-1': 105.8, 'm7-1': 1.02, 'm8-1': 26.05}",0.0,inf,inf,inf,136.711,136.711
300,T6,BESTEFFORT,CANCELLED,,26.739,"{'m1-1': 107.38, 'm2-1': 5.16, 'm3-1': 10.46, 'm4-1': 25.46, 'm5-1': 152.1, 'm6-1': 102.54, 'm7-1': 1.15, 'm8-1': 29.16}",0.0,inf,inf,inf,136.739,136.739
301,T5,BESTEFFORT,CANCELLED,,26.879,"{'m1-1': 103.52, 'm2-1': 5.52, 'm3-1': 10.88, 'm4-1': 24.14, 'm5-1': 143.14, 'm6-1': 98.41, 'm7-1': 1.19, 'm8-1': 26.06}",0.0,inf,inf,inf,136.879,136.879
302,T5,BESTEFFORT,CANCELLED,,26.929,"{'m1-1': 104.46, 'm2-1': 5.23, 'm3-1': 10.96, 'm4-1': 24.15, 'm5-1': 165.98, 'm6-1': 113.88, 'm7-1': 1.19, 'm8-1': 25.72}",0.0,inf,inf,inf,136.929,136.929
303,T4,BESTEFFORT,CANCELLED,,27.025,"{'m1-1': 105.6, 'm2-1': 5.51, 'm3-1': 10.75, 'm4-1': 26.57, 'm5-1': 159.22, 'm6-1': 95.34, 'm7-1': 1.02, 'm8-1': 26.44}",0.0,inf,inf,inf,137.025,137.025
304,T3,BESTEFFORT,CANCELLED,,27.157,"{'m1-1': 106.18, 'm2-1': 5.44, 'm3-1': 10.87, 'm4-1': 28.23, 'm5-1': 176.34, 'm6-1': 103.73, 'm7-1': 1.03, 'm8-1': 27.0}",0.0,inf,inf,inf,137.157,137.157
305,T5,BESTEFFORT,CANCELLED,,27.172,"{'m1-1': 99.71, 'm2-1': 5.46, 'm3-1': 10.53, 'm4-1': 27.86, 'm5-1': 146.88, 'm6-1': 103.87, 'm7-1': 1.06, 'm8-1': 26.76}",0.0,inf,inf,inf,137.172,137.172
306,T10,BESTEFFORT,CANCELLED,,27.226,"{'m1-1': 103.98, 'm2-1': 4.92, 'm3-1': 10.86, 'm4-1': 25.56, 'm5-1': 161.21, 'm6-1': 114.54, 'm7-1': 1.1, 'm8-1': 27.1}",0.0,inf,inf,inf,137.226,137.226
307,T4,BESTEFFORT,CANCELLED,,27.29,"{'m1-1': 104.36, 'm2-1': 5.46, 'm3-1': 11.02, 'm4-1': 25.47, 'm5-1': 158.34, 'm6-1': 100.2, 'm7-1': 1.15, 'm8-1': 24.55}",0.0,inf,inf,inf,137.29,137.29
308,T4,BESTEFFORT,CANCELLED,,27.346,"{'m1-1': 100.84, 'm2-1': 5.24, 'm3-1': 10.55, 'm4-1': 25.7, 'm5-1': 143.65, 'm6-1': 102.85, 'm7-1': 1.1, 'm8-1': 25.96}",0.0,inf,inf,inf,137.346,137.346
309,T4,BESTEFFORT,CANCELLED,,27.477,"{'m1-1': 91.93, 'm2-1': 5.26, 'm3-1': 9.62, 'm4-1': 28.68, 'm5-1': 156.74, 'm6-1': 104.47, 'm7-1': 1.11, 'm8-1': 26.67}",0.0,inf,inf,inf,137.477,137.477
310,T1,BESTEFFORT,MISSED,m7-1,27.604,"{'m1-1': 102.94, 'm2-1': 5.92, 'm3-1': 10.84, 'm4-1': 24.23, 'm5-1': 172.93, 'm6-1': 93.26, 'm7-1': 1.04, 'm8-1': 26.07}",1.5449999999999164,136.57400000000004,inf,137.60399999999998,137.60399999999998,137.60399999999998
311,T4,BESTEFFORT,CANCELLED,,27.647,"{'m1-1': 94.2, 'm2-1': 5.37, 'm3-1': 10.18, 'm4-1': 27.1, 'm5-1': 152.05, 'm6-1': 95.48, 'm7-1': 1.11, 'm8-1': 28.49}",0.0,inf,inf,inf,137.647,137.647
312,T8,BESTEFFORT,CANCELLED,,27.709,"{'m1-1': 97.68, 'm2-1': 5.37, 'm3-1': 10.9, 'm4-1': 26.01, 'm5-1': 145.17, 'm6-1': 104.37, 'm7-1': 0.94, 'm8-1': 25.27}",0.0,inf,inf,inf,137.709,137.709
313,T8,BESTEFFORT,CANCELLED,,27.755,"{'m1-1': 106.01, 'm2-1': 4.91, 'm3-1': 11.3, 'm4-1': 24.61, 'm5-1': 149.53, 'm6-1': 103.4, 'm7-1': 1.08, 'm8-1': 25.21}",0.0,inf,inf,inf,137.755,137.755
314,T1,BESTEFFORT,CANCELLED,,27.807,"{'m1-1': 110.21, 'm2-1': 5.09, 'm3-1': 10.9, 'm4-1': 26.54, 'm5-1': 149.37, 'm6-1': 109.19, 'm7-1': 1.04, 'm8-1': 25.25}",0.0,inf,inf,inf,137.807,137.807
315,T5,BESTEFFORT,CANCELLED,,28.037,"{'m1-1': 97.94, 'm2-1': 5.46, 'm3-1': 10.65, 'm4-1': 27.43, 'm5-1': 166.97, 'm6-1': 109.29, 'm7-1': 1.14, 'm8-1': 27.51}",0.0,inf,inf,inf,138.037,138.037
316,T3,BESTEFFORT,CANCELLED,,28.193,"{'m1-1': 103.02, 'm2-1': 5.26, 'm3-1': 9.84, 'm4-1': 27.45, 'm5-1': 175.8, 'm6-1': 102.49, 'm7-1': 0.99, 'm8-1': 28.5}",0.0,inf,inf,inf,138.193,138.193
317,T3,BESTEFFORT,CANCELLED,,28.228,"{'m1-1': 111.98, 'm2-1': 5.26, 'm3-1': 10.88, 'm4-1': 26.86, 'm5-1': 177.76, 'm6-1': 101.49, 'm7-1': 0.99, 'm8-1': 25.1}",0.0,inf,inf,inf,138.228,138.228
318,T9,BESTEFFORT,CANCELLED,,28.354,"{'m1-1': 109.57, 'm2-1': 5.66, 'm3-1': 9.76, 'm4-1': 28.57, 'm5-1': 164.45, 'm6-1': 101.51, 'm7-1': 1.06, 'm8-1': 28.17}",0.0,inf,inf,inf,138.35399999999998,138.35399999999998
319,T1,BESTEFFORT,MISSED,m7-1,28.688,"{'m1-1': 109.22, 'm2-1': 5.89, 'm3-1': 9.53, 'm4-1': 24.93, 'm5-1': 172.36, 'm6-1': 109.58, 'm7-1': 1.14, 'm8-1': 24.26}",1.6260000000000048,137.60399999999998,inf,138.688,138.688,138.688
320,T3,BESTEFFORT,MISSED,m5-1,28.858,"{'m1-1': 106.34, 'm2-1': 5.94, 'm3-1': 10.36, 'm4-1': 26.41, 'm5-1': 166.36, 'm6-1': 111.52, 'm7-1': 1.1, 'm8-1': 26.37}",4.774499999999989,135.675,inf,138.858,138.858,138.858
321,T8,BESTEFFORT,CANCELLED,,28.886,"{'m1-1': 102.27, 'm2-1': 5.25, 'm3-1': 11.2, 'm4-1': 24.23, 'm5-1': 169.48, 'm6-1': 113.54, 'm7-1': 1.08, 'm8-1': 25.45}",0.0,inf,inf,inf,138.886,138.886
322,T8,BESTEFFORT,CANCELLED,,28.922,"{'m1-1': 111.68, 'm2-1': 4.61, 'm3-1': 10.34, 'm4-1': 24.63, 'm5-1': 164.68, 'm6-1': 118.78, 'm7-1': 0.96, 'm8-1': 25.08}",0.0,inf,inf,inf,138.922,138.922
323,T1,BESTEFFORT,CANCELLED,,28.937,"{'m1-1': 96.06, 'm2-1': 5.83, 'm3-1': 10.3, 'm4-1': 23.49, 'm5-1': 166.29, 'm6-1': 110.69, 'm7-1': 1.09, 'm8-1': 23.49}",0.0,inf,inf,inf,138.937,138.937
324,T7,BESTEFFORT,CANCELLED,,29.07,"{'m1-1': 101.95, 'm2-1': 5.72, 'm3-1': 10.35, 'm4-1': 26.55, 'm5-1': 167.56, 'm6-1': 105.96, 'm7-1': 1.04, 'm8-1': 27.66}",0.0,inf,inf,inf,139.07,139.07
325,T1,BESTEFFORT,CANCELLED,,29.374,"{'m1-1': 109.65, 'm2-1': 5.73, 'm3-1': 10.54, 'm4-1': 25.14, 'm5-1': 156.0, 'm6-1': 105.16, 'm7-1': 1.04, 'm8-1': 27.47}",0.0,inf,inf,inf,139.374,139.374
326,T5,BESTEFFORT,CANCELLED,,29.393,"{'m1-1': 107.15, 'm2-1': 5.52, 'm3-1': 11.53, 'm4-1': 25.36, 'm5-1': 155.2, 'm6-1': 102.97, 'm7-1': 1.19, 'm8-1': 23.92}",0.0,inf,inf,inf,139.393,139.393
327,T1,BESTEFFORT,COMPLETED,m7-1,29.842,"{'m1-1': 108.06, 'm2-1': 5.48, 'm3-1': 9.96, 'm4-1': 23.93, 'm5-1': 165.6, 'm6-1': 94.85, 'm7-1': 1.03, 'm8-1': 26.64}",1.545,138.688,139.718,inf,139.84199999999998,139.84199999999998
328,T3,BESTEFFORT,CANCELLED,,29.884,"{'m1-1': 105.99, 'm2-1': 5.66, 'm3-1': 9.63, 'm4-1': 29.43, 'm5-1': 164.8, 'm6-1': 106.31, 'm7-1': 1.07, 'm8-1': 27.97}",0.0,inf,inf,inf,139.88400000000001,139.88400000000001
329,T3,BESTEFFORT,CANCELLED,,29.899,"{'m1-1': 104.67, 'm2-1': 5.85, 'm3-1': 9.81, 'm4-1': 25.92, 'm5-1': 176.14, 'm6-1': 109.11, 'm7-1': 1.0, 'm8-1': 27.83}",0.0,inf,inf,inf,139.899,139.899
330,T3,BESTEFFORT,CANCELLED,,30.021,"{'m1-1': 114.37, 'm2-1': 5.08, 'm3-1': 9.59, 'm4-1': 29.46, 'm5-1': 170.18, 'm6-1': 101.04, 'm7-1': 1.0, 'm8-1': 26.38}",0.0,inf,inf,inf,140.02100000000002,140.02100000000002
331,T7,BESTEFFORT,CANCELLED,,30.068,"{'m1-1': 119.03, 'm2-1': 5.61, 'm3-1': 10.19, 'm4-1': 26.68, 'm5-1': 166.21, 'm6-1': 103.77, 'm7-1': 1.09, 'm8-1': 28.49}",0.0,inf,inf,inf,140.068,140.068
332,T5,BESTEFFORT,MISSED,m3-1,30.072,"{'m1-1': 98.62, 'm2-1': 5.56, 'm3-1': 11.04, 'm4-1': 27.42, 'm5-1': 144.52, 'm6-1': 98.37, 'm7-1': 1.08, 'm8-1': 27.38}",16.032000000000025,129.384,inf,140.072,140.072,140.072
333,T3,BESTEFFORT,MISSED,m5-1,30.145,"{'m1-1': 106.85, 'm2-1': 5.51, 'm3-1': 11.12, 'm4-1': 27.11, 'm5-1': 163.54, 'm6-1': 107.25, 'm7-1': 1.01, 'm8-1': 28.13}",0.0,140.202,inf,140.202,140.145,140.145
334,T10,BESTEFFORT,MISSED,m5-1,30.146,"{'m1-1': 99.28, 'm2-1': 4.77, 'm3-1': 9.23, 'm4-1': 26.43, 'm5-1': 164.58, 'm6-1': 112.31, 'm7-1': 1.04, 'm8-1': 24.37}",0.0,144.695,inf,144.695,140.14600000000002,140.14600000000002
335,T6,BESTEFFORT,MISSED,m5-1,30.202,"{'m1-1': 105.95, 'm2-1': 4.96, 'm3-1': 9.61, 'm4-1': 26.33, 'm5-1': 176.91, 'm6-1': 108.26, 'm7-1': 1.06, 'm8-1': 25.24}",2.015999999999991,138.858,inf,140.202,140.202,140.202
336,T7,BESTEFFORT,COMPLETED,m2-1,30.277,"{'m1-1': 117.8, 'm2-1': 5.63, 'm3-1': 10.66, 'm4-1': 23.55, 'm5-1': 145.21, 'm6-1': 100.23, 'm7-1': 1.12, 'm8-1': 24.38}",8.445,134.313,139.94299999999998,inf,140.277,140.277
337,T4,BESTEFFORT,CANCELLED,,30.445,"{'m1-1': 93.19, 'm2-1': 5.59, 'm3-1': 11.05, 'm4-1': 27.05, 'm5-1': 164.28, 'm6-1': 108.23, 'm7-1': 1.03, 'm8-1': 27.2}",0.0,inf,inf,inf,140.445,140.445
338,T10,BESTEFFORT,CANCELLED,,30.483,"{'m1-1': 103.81, 'm2-1': 5.26, 'm3-1': 10.3, 'm4-1': 25.54, 'm5-1': 173.08, 'm6-1': 98.92, 'm7-1': 0.98, 'm8-1': 26.01}",0.0,inf,inf,inf,140.483,140.483
339,T1,BESTEFFORT,CANCELLED,,30.495,"{'m1-1': 110.42, 'm2-1': 5.23, 'm3-1': 9.89, 'm4-1': 26.44, 'm5-1': 155.14, 'm6-1': 98.1, 'm7-1': 1.09, 'm8-1': 24.99}",0.0,inf,inf,inf,140.495,140.495
340,T1,BESTEFFORT,CANCELLED,,30.495,"{'m1-1': 101.39, 'm2-1': 5.27, 'm3-1': 9.75, 'm4-1': 26.79, 'm5-1': 151.23, 'm6-1': 99.28, 'm7-1': 1.13, 'm8-1': 25.87}",0.0,inf,inf,inf,140.495,140.495
341,T3,BESTEFFORT,CANCELLED,,31.019,"{'m1-1': 102.1, 'm2-1': 5.08, 'm3-1': 11.29, 'm4-1': 27.01, 'm5-1': 170.7, 'm6-1': 103.22, 'm7-1': 1.01, 'm8-1': 24.9}",0.0,inf,inf,inf,141.019,141.019
342,T7,BESTEFFORT,COMPLETED,m7-1,31.034,"{'m1-1': 109.3, 'm2-1': 5.57, 'm3-1': 10.96, 'm4-1': 25.43, 'm5-1': 168.26, 'm6-1': 106.58, 'm7-1': 1.11, 'm8-1': 25.56}",1.665,139.718,140.828,inf,141.034,141.034
343,T9,BESTEFFORT,CANCELLED,,31.06,"{'m1-1': 94.07, 'm2-1': 5.63, 'm3-1': 10.0, 'm4-1': 29.5, 'm5-1': 148.39, 'm6-1': 99.51, 'm7-1': 0.92, 'm8-1': 24.94}",0.0,inf,inf,inf,141.06,141.06
344,T10,BESTEFFORT,CANCELLED,,31.061,"{'m1-1': 93.01, 'm2-1': 4.77, 'm3-1': 9.2, 'm4-1': 28.48, 'm5-1': 149.83, 'm6-1': 98.82, 'm7-1': 0.98, 'm8-1': 28.39}",0.0,inf,inf,inf,141.061,141.061
345,T2,BESTEFFORT,CANCELLED,,31.247,"{'m1-1': 93.7, 'm2-1': 5.32, 'm3-1': 10.74, 'm4-1': 25.62, 'm5-1': 163.28, 'm6-1': 95.48, 'm7-1': 0.95, 'm8-1': 25.76}",0.0,inf,inf,inf,141.247,141.247
346,T9,BESTEFFORT,CANCELLED,,31.435,"{'m1-1': 103.83, 'm2-1': 5.73, 'm3-1': 11.12, 'm4-1': 26.95, 'm5-1': 165.88, 'm6-1': 104.35, 'm7-1': 1.08, 'm8-1': 25.63}",0.0,inf,inf,inf,141.435,141.435
347,T9,BESTEFFORT,CANCELLED,,31.521,"{'m1-1': 93.99, 'm2-1': 5.49, 'm3-1': 10.08, 'm4-1': 28.21, 'm5-1': 163.19, 'm6-1': 110.18, 'm7-1': 1.03, 'm8-1': 28.22}",0.0,inf,inf,inf,141.52100000000002,141.52100000000002
348,T10,BESTEFFORT,CANCELLED,,31.524,"{'m1-1': 96.6, 'm2-1': 5.33, 'm3-1': 9.37, 'm4-1': 27.54, 'm5-1': 167.95, 'm6-1': 97.03, 'm7-1': 1.07, 'm8-1': 27.65}",0.0,inf,inf,inf,141.524,141.524
349,T7,BESTEFFORT,CANCELLED,,31.604,"{'m1-1': 118.07, 'm2-1': 5.72, 'm3-1': 10.03, 'm4-1': 24.59, 'm5-1': 164.82, 'm6-1': 113.29, 'm7-1': 1.1, 'm8-1': 28.19}",0.0,inf,inf,inf,141.60399999999998,141.60399999999998
350,T6,BESTEFFORT,CANCELLED,,31.639,"{'m1-1': 95.95, 'm2-1': 5.14, 'm3-1': 9.38, 'm4-1': 28.54, 'm5-1': 167.73, 'm6-1': 104.99, 'm7-1': 1.02, 'm8-1': 25.43}",0.0,inf,inf,inf,141.639,141.639
351,T5,BESTEFFORT,CANCELLED,,31.795,"{'m1-1': 104.09, 'm2-1': 5.64, 'm3-1': 10.28, 'm4-1': 27.63, 'm5-1': 141.64, 'm6-1': 111.98, 'm7-1': 1.06, 'm8-1': 25.73}",0.0,inf,inf,inf,141.79500000000002,141.79500000000002
352,T9,BESTEFFORT,CANCELLED,,31.977,"{'m1-1': 103.89, 'm2-1': 5.08, 'm3-1': 10.79, 'm4-1': 27.57, 'm5-1': 155.49, 'm6-1': 102.31, 'm7-1': 1.03, 'm8-1': 28.52}",0.0,inf,inf,inf,141.977,141.977
353,T10,BESTEFFORT,COMPLETED,m7-1,32.029,"{'m1-1': 95.11, 'm2-1': 5.0, 'm3-1': 10.66, 'm4-1': 25.67, 'm5-1': 158.95, 'm6-1': 104.74, 'm7-1': 1.02, 'm8-1': 26.6}",1.53,140.828,141.848,inf,142.029,142.029
354,T8,BESTEFFORT,CANCELLED,,32.114,"{'m1-1': 95.46, 'm2-1': 5.11, 'm3-1': 9.78, 'm4-1': 25.47, 'm5-1': 143.35, 'm6-1': 115.11, 'm7-1': 1.07, 'm8-1': 25.81}",0.0,inf,inf,inf,142.114,142.114
355,T1,BESTEFFORT,CANCELLED,,32.142,"{'m1-1': 98.0, 'm2-1': 5.39, 'm3-1': 11.23, 'm4-1': 26.77, 'm5-1': 163.6, 'm6-1': 110.62, 'm7-1': 1.05, 'm8-1': 25.11}",0.0,inf,inf,inf,142.142,142.142
356,T5,BESTEFFORT,CANCELLED,,32.162,"{'m1-1': 97.91, 'm2-1': 5.37, 'm3-1': 10.12, 'm4-1': 27.81, 'm5-1': 154.28, 'm6-1': 110.73, 'm7-1': 1.01, 'm8-1': 27.28}",0.0,inf,inf,inf,142.162,142.162
357,T1,BESTEFFORT,CANCELLED,,32.231,"{'m1-1': 100.61, 'm2-1': 5.81, 'm3-1': 9.84, 'm4-1': 24.43, 'm5-1': 155.81, 'm6-1': 101.33, 'm7-1': 1.07, 'm8-1': 26.01}",0.0,inf,inf,inf,142.231,142.231
358,T7,BESTEFFORT,CANCELLED,,32.323,"{'m1-1': 117.66, 'm2-1': 5.1, 'm3-1': 9.95, 'm4-1': 24.02, 'm5-1': 150.27, 'm6-1': 102.4, 'm7-1': 1.14, 'm8-1': 27.12}",0.0,inf,inf,inf,142.323,142.323
359,T1,BESTEFFORT,CANCELLED,,32.528,"{'m1-1': 103.78, 'm2-1': 5.65, 'm3-1': 10.31, 'm4-1': 24.41, 'm5-1': 173.22, 'm6-1': 105.31, 'm7-1': 1.17, 'm8-1': 23.72}",0.0,inf,inf,inf,142.528,142.528
360,T6,BESTEFFORT,CANCELLED,,32.635,"{'m1-1': 99.69, 'm2-1': 5.02, 'm3-1': 9.4, 'm4-1': 26.74, 'm5-1': 149.3, 'm6-1': 98.82, 'm7-1': 1.12, 'm8-1': 24.99}",0.0,inf,inf,inf,142.635,142.635
361,T1,BESTEFFORT,CANCELLED,,32.848,"{'m1-1': 102.07, 'm2-1': 5.04, 'm3-1': 9.65, 'm4-1': 26.97, 'm5-1': 150.99, 'm6-1': 107.13, 'm7-1': 1.11, 'm8-1': 24.02}",0.0,inf,inf,inf,142.848,142.848
362,T10,BESTEFFORT,CANCELLED,,32.865,"{'m1-1': 97.17, 'm2-1': 5.31, 'm3-1': 9.26, 'm4-1': 24.78, 'm5-1': 163.1, 'm6-1': 102.92, 'm7-1': 0.97, 'm8-1': 28.62}",0.0,inf,inf,inf,142.865,142.865
363,T6,BESTEFFORT,CANCELLED,,32.874,"{'m1-1': 95.48, 'm2-1': 4.69, 'm3-1': 9.57, 'm4-1': 24.56, 'm5-1': 158.57, 'm6-1': 98.28, 'm7-1': 0.99, 'm8-1': 28.73}",0.0,inf,inf,inf,142.874,142.874
364,T3,BESTEFFORT,MISSED,m5-1,32.934,"{'m1-1': 111.95, 'm2-1': 5.54, 'm3-1': 11.23, 'm4-1': 29.28, 'm5-1': 159.03, 'm6-1': 111.38, 'm7-1': 1.0, 'm8-1': 25.18}",0.0,147.199,inf,147.199,142.934,142.934
365,T6,BESTEFFORT,COMPLETED,m7-1,33.201,"{'m1-1': 95.35, 'm2-1': 5.09, 'm3-1': 10.45, 'm4-1': 28.4, 'm5-1': 176.58, 'm6-1': 109.53, 'm7-1': 1.05, 'm8-1': 27.39}",1.5750000000000002,141.848,142.89800000000002,inf,143.201,143.201
366,T8,BESTEFFORT,CANCELLED,,33.394,"{'m1-1': 101.39, 'm2-1': 4.61, 'm3-1': 10.34, 'm4-1': 25.78, 'm5-1': 150.69, 'm6-1': 111.34, 'm7-1': 1.01, 'm8-1': 24.27}",0.0,inf,inf,inf,143.394,143.394
367,T4,BESTEFFORT,CANCELLED,,33.408,"{'m1-1': 100.43, 'm2-1': 4.93, 'm3-1': 10.43, 'm4-1': 28.06, 'm5-1': 157.6, 'm6-1': 105.29, 'm7-1': 0.98, 'm8-1': 24.57}",0.0,inf,inf,inf,143.40800000000002,143.40800000000002
368,T2,BESTEFFORT,CANCELLED,,33.464,"{'m1-1': 97.21, 'm2-1': 5.53, 'm3-1': 10.3, 'm4-1': 23.81, 'm5-1': 156.04, 'm6-1': 102.84, 'm7-1': 1.08, 'm8-1': 26.66}",0.0,inf,inf,inf,143.464,143.464
369,T7,BESTEFFORT,CANCELLED,,33.711,"{'m1-1': 112.0, 'm2-1': 5.51, 'm3-1': 9.71, 'm4-1': 25.48, 'm5-1': 171.12, 'm6-1': 108.96, 'm7-1': 1.04, 'm8-1': 27.24}",0.0,inf,inf,inf,143.711,143.711
370,T10,BESTEFFORT,CANCELLED,,33.769,"{'m1-1': 100.56, 'm2-1': 5.21, 'm3-1': 10.6, 'm4-1': 25.76, 'm5-1': 168.86, 'm6-1': 98.04, 'm7-1': 1.0, 'm8-1': 25.24}",0.0,inf,inf,inf,143.769,143.769
371,T3,BESTEFFORT,COMPLETED,m7-1,34.028,"{'m1-1': 104.47, 'm2-1': 5.51, 'm3-1': 10.81, 'm4-1': 27.44, 'm5-1': 155.4, 'm6-1': 116.09, 'm7-1': 1.06, 'm8-1': 25.2}",1.59,142.89800000000002,143.95800000000003,inf,144.028,144.028
372,T9,BESTEFFORT,CANCELLED,,34.299,"{'m1-1': 100.16, 'm2-1': 5.18, 'm3-1': 9.85, 'm4-1': 29.18, 'm5-1': 146.06, 'm6-1': 104.15, 'm7-1': 0.96, 'm8-1': 26.03}",0.0,inf,inf,inf,144.299,144.299
373,T4,BESTEFFORT,CANCELLED,,34.493,"{'m1-1': 107.91, 'm2-1': 5.59, 'm3-1': 10.99, 'm4-1': 27.05, 'm5-1': 139.98, 'm6-1': 106.89, 'm7-1': 1.16, 'm8-1': 26.06}",0.0,inf,inf,inf,144.493,144.493
374,T6,BESTEFFORT,CANCELLED,,34.552,"{'m1-1': 103.38, 'm2-1': 4.88, 'm3-1': 9.6, 'm4-1': 25.58, 'm5-1': 173.82, 'm6-1': 108.38, 'm7-1': 1.0, 'm8-1': 29.51}",0.0,inf,inf,inf,144.552,144.552
375,T7,BESTEFFORT,CANCELLED,,34.557,"{'m1-1': 105.38, 'm2-1': 5.15, 'm3-1': 10.8, 'm4-1': 25.22, 'm5-1': 149.69, 'm6-1': 111.07, 'm7-1': 1.11, 'm8-1': 24.58}",0.0,inf,inf,inf,144.55700000000002,144.55700000000002
376,T2,BESTEFFORT,CANCELLED,,34.648,"{'m1-1': 109.12, 'm2-1': 5.37, 'm3-1': 10.6, 'm4-1': 24.21, 'm5-1': 159.52, 'm6-1': 92.84, 'm7-1': 1.1, 'm8-1': 27.34}",0.0,inf,inf,inf,144.648,144.648
377,T3,BESTEFFORT,MISSED,m5-1,34.695,"{'m1-1': 115.87, 'm2-1': 5.84, 'm3-1': 10.74, 'm4-1': 26.4, 'm5-1': 177.09, 'm6-1': 113.36, 'm7-1': 1.0, 'm8-1': 28.7}",6.7394999999999925,140.202,inf,144.695,144.695,144.695
378,T3,BESTEFFORT,COMPLETED,m7-1,35.117,"{'m1-1': 104.92, 'm2-1': 5.34, 'm3-1': 10.62, 'm4-1': 26.23, 'm5-1': 175.97, 'm6-1': 116.05, 'm7-1': 1.05, 'm8-1': 27.03}",1.5750000000000002,143.95800000000003,145.00800000000004,inf,145.117,145.117
379,T2,BESTEFFORT,MISSED,m5-1,35.387,"{'m1-1': 106.6, 'm2-1': 5.5, 'm3-1': 10.94, 'm4-1': 24.68, 'm5-1': 165.96, 'm6-1': 96.9, 'm7-1': 1.04, 'm8-1': 24.81}",0.0,148.637,inf,148.637,145.387,145.387
380,T8,BESTEFFORT,CANCELLED,,35.399,"{'m1-1': 96.55, 'm2-1': 5.2, 'm3-1': 11.32, 'm4-1': 24.97, 'm5-1': 148.47, 'm6-1': 107.3, 'm7-1': 1.03, 'm8-1': 24.0}",0.0,inf,inf,inf,145.399,145.399
381,T1,BESTEFFORT,CANCELLED,,35.555,"{'m1-1': 102.46, 'm2-1': 5.6, 'm3-1': 9.89, 'm4-1': 27.28, 'm5-1': 148.49, 'm6-1': 94.52, 'm7-1': 1.13, 'm8-1': 25.96}",0.0,inf,inf,inf,145.555,145.555
382,T9,BESTEFFORT,CANCELLED,,35.68,"{'m1-1': 110.13, 'm2-1': 5.57, 'm3-1': 10.91, 'm4-1': 26.1, 'm5-1': 144.51, 'm6-1': 112.96, 'm7-1': 0.93, 'm8-1': 27.17}",0.0,inf,inf,inf,145.68,145.68
383,T6,BESTEFFORT,CANCELLED,,35.69,"{'m1-1': 99.94, 'm2-1': 5.36, 'm3-1': 11.08, 'm4-1': 27.88, 'm5-1': 173.02, 'm6-1': 101.57, 'm7-1': 1.15, 'm8-1': 26.71}",0.0,inf,inf,inf,145.69,145.69
384,T4,BESTEFFORT,CANCELLED,,35.714,"{'m1-1': 95.71, 'm2-1': 5.76, 'm3-1': 9.62, 'm4-1': 27.47, 'm5-1': 148.02, 'm6-1': 108.56, 'm7-1': 1.0, 'm8-1': 27.34}",0.0,inf,inf,inf,145.714,145.714
385,T4,BESTEFFORT,COMPLETED,m2-1,35.938,"{'m1-1': 108.69, 'm2-1': 5.38, 'm3-1': 9.99, 'm4-1': 24.66, 'm5-1': 151.5, 'm6-1': 107.96, 'm7-1': 1.15, 'm8-1': 26.38}",8.07,139.94299999999998,145.32299999999998,inf,145.938,145.938
386,T9,BESTEFFORT,MISSED,m7-1,35.965,"{'m1-1': 100.06, 'm2-1': 5.51, 'm3-1': 11.23, 'm4-1': 27.25, 'm5-1': 145.4, 'm6-1': 111.95, 'm7-1': 0.96, 'm8-1': 27.54}",1.4354999999999478,145.00800000000004,inf,145.965,145.965,145.965
387,T6,BESTEFFORT,CANCELLED,,36.055,"{'m1-1': 106.76, 'm2-1': 4.85, 'm3-1': 9.66, 'm4-1': 25.65, 'm5-1': 169.07, 'm6-1': 101.35, 'm7-1': 1.05, 'm8-1': 26.57}",0.0,inf,inf,inf,146.055,146.055
388,T2,BESTEFFORT,CANCELLED,,36.084,"{'m1-1': 109.85, 'm2-1': 4.97, 'm3-1': 10.22, 'm4-1': 25.28, 'm5-1': 161.51, 'm6-1': 98.12, 'm7-1': 1.0, 'm8-1': 25.15}",0.0,inf,inf,inf,146.084,146.084
389,T9,BESTEFFORT,CANCELLED,,36.114,"{'m1-1': 103.45, 'm2-1': 4.98, 'm3-1': 11.45, 'm4-1': 29.73, 'm5-1': 163.54, 'm6-1': 99.3, 'm7-1': 0.99, 'm8-1': 27.34}",0.0,inf,inf,inf,146.114,146.114
390,T10,BESTEFFORT,CANCELLED,,36.195,"{'m1-1': 105.94, 'm2-1': 5.08, 'm3-1': 10.12, 'm4-1': 26.47, 'm5-1': 170.16, 'm6-1': 113.04, 'm7-1': 1.13, 'm8-1': 27.53}",0.0,inf,inf,inf,146.195,146.195
391,T5,BESTEFFORT,CANCELLED,,36.512,"{'m1-1': 109.64, 'm2-1': 5.17, 'm3-1': 10.73, 'm4-1': 25.03, 'm5-1': 145.57, 'm6-1': 97.89, 'm7-1': 1.02, 'm8-1': 25.78}",0.0,inf,inf,inf,146.512,146.512
392,T6,BESTEFFORT,CANCELLED,,36.523,"{'m1-1': 107.28, 'm2-1': 4.9, 'm3-1': 10.1, 'm4-1': 28.23, 'm5-1': 157.5, 'm6-1': 107.47, 'm7-1': 1.16, 'm8-1': 25.66}",0.0,inf,inf,inf,146.523,146.523
393,T1,BESTEFFORT,CANCELLED,,36.547,"{'m1-1': 104.59, 'm2-1': 5.6, 'm3-1': 9.97, 'm4-1': 26.5, 'm5-1': 169.4, 'm6-1': 94.65, 'm7-1': 1.05, 'm8-1': 23.98}",0.0,inf,inf,inf,146.547,146.547
394,T8,BESTEFFORT,CANCELLED,,36.68,"{'m1-1': 111.33, 'm2-1': 4.59, 'm3-1': 10.48, 'm4-1': 24.51, 'm5-1': 146.73, 'm6-1': 117.04, 'm7-1': 1.03, 'm8-1': 26.27}",0.0,inf,inf,inf,146.68,146.68
395,T2,BESTEFFORT,CANCELLED,,36.784,"{'m1-1': 97.47, 'm2-1': 4.95, 'm3-1': 11.02, 'm4-1': 27.21, 'm5-1': 151.67, 'm6-1': 103.88, 'm7-1': 0.98, 'm8-1': 26.99}",0.0,inf,inf,inf,146.784,146.784
396,T9,BESTEFFORT,CANCELLED,,36.796,"{'m1-1': 99.83, 'm2-1': 5.44, 'm3-1': 10.39, 'm4-1': 27.61, 'm5-1': 155.49, 'm6-1': 112.42, 'm7-1': 1.0, 'm8-1': 25.14}",0.0,inf,inf,inf,146.796,146.796
397,T5,BESTEFFORT,CANCELLED,,36.841,"{'m1-1': 100.88, 'm2-1': 5.73, 'm3-1': 10.36, 'm4-1': 26.46, 'm5-1': 144.72, 'm6-1': 106.13, 'm7-1': 1.03, 'm8-1': 25.78}",0.0,inf,inf,inf,146.841,146.841
398,T6,BESTEFFORT,MISSED,m7-1,36.945,"{'m1-1': 106.79, 'm2-1': 5.45, 'm3-1': 10.75, 'm4-1': 24.6, 'm5-1': 176.06, 'm6-1': 110.2, 'm7-1': 1.07, 'm8-1': 27.52}",1.4699999999999847,145.965,inf,146.945,146.945,146.945
399,T2,BESTEFFORT,CANCELLED,,37.053,"{'m1-1': 103.98, 'm2-1': 5.56, 'm3-1': 10.55, 'm4-1': 26.36, 'm5-1': 161.98, 'm6-1': 108.91, 'm7-1': 0.96, 'm8-1': 26.53}",0.0,inf,inf,inf,147.053,147.053
400,T6,BESTEFFORT,MISSED,m5-1,37.199,"{'m1-1': 104.94, 'm2-1': 5.45, 'm3-1': 10.97, 'm4-1': 25.68, 'm5-1': 149.77, 'm6-1': 96.87, 'm7-1': 0.99, 'm8-1': 25.38}",3.7560000000000286,144.695,inf,147.199,147.199,147.199
401,T7,BESTEFFORT,CANCELLED,,37.358,"{'m1-1': 105.95, 'm2-1': 5.72, 'm3-1': 9.92, 'm4-1': 26.62, 'm5-1': 165.51, 'm6-1': 107.24, 'm7-1': 1.06, 'm8-1': 27.22}",0.0,inf,inf,inf,147.358,147.358
402,T3,BESTEFFORT,CANCELLED,,37.406,"{'m1-1': 105.96, 'm2-1': 5.45, 'm3-1': 11.0, 'm4-1': 25.42, 'm5-1': 170.01, 'm6-1': 116.86, 'm7-1': 1.1, 'm8-1': 28.11}",0.0,inf,inf,inf,147.406,147.406
403,T9,BESTEFFORT,CANCELLED,,37.462,"{'m1-1': 106.51, 'm2-1': 5.24, 'm3-1': 11.21, 'm4-1': 29.16, 'm5-1': 166.96, 'm6-1': 102.26, 'm7-1': 0.99, 'm8-1': 27.14}",0.0,inf,inf,inf,147.462,147.462
404,T4,BESTEFFORT,CANCELLED,,37.677,"{'m1-1': 106.02, 'm2-1': 5.24, 'm3-1': 10.0, 'm4-1': 25.68, 'm5-1': 157.88, 'm6-1': 94.01, 'm7-1': 1.07, 'm8-1': 25.16}",0.0,inf,inf,inf,147.677,147.677
405,T8,BESTEFFORT,CANCELLED,,37.843,"{'m1-1': 103.12, 'm2-1': 5.26, 'm3-1': 10.93, 'm4-1': 25.07, 'm5-1': 156.52, 'm6-1': 118.34, 'm7-1': 1.09, 'm8-1': 26.0}",0.0,inf,inf,inf,147.84300000000002,147.84300000000002
406,T7,BESTEFFORT,CANCELLED,,37.86,"{'m1-1': 101.32, 'm2-1': 5.68, 'm3-1': 10.33, 'm4-1': 23.15, 'm5-1': 149.95, 'm6-1': 96.29, 'm7-1': 1.03, 'm8-1': 25.67}",0.0,inf,inf,inf,147.86,147.86
407,T1,BESTEFFORT,COMPLETED,m7-1,38.251,"{'m1-1': 94.47, 'm2-1': 5.89, 'm3-1': 10.04, 'm4-1': 25.55, 'm5-1': 167.14, 'm6-1': 110.87, 'm7-1': 1.18, 'm8-1': 26.69}",1.77,146.945,148.125,inf,148.251,148.251
408,T5,BESTEFFORT,CANCELLED,,38.517,"{'m1-1': 95.31, 'm2-1': 5.03, 'm3-1': 11.02, 'm4-1': 24.1, 'm5-1': 163.01, 'm6-1': 111.96, 'm7-1': 1.18, 'm8-1': 23.84}",0.0,inf,inf,inf,148.517,148.517
409,T1,BESTEFFORT,CANCELLED,,38.614,"{'m1-1': 97.96, 'm2-1': 5.51, 'm3-1': 11.23, 'm4-1': 24.51, 'm5-1': 172.2, 'm6-1': 101.45, 'm7-1': 1.07, 'm8-1': 24.81}",0.0,inf,inf,inf,148.614,148.614
410,T10,BESTEFFORT,MISSED,m5-1,38.637,"{'m1-1': 100.71, 'm2-1': 5.07, 'm3-1': 9.37, 'm4-1': 27.28, 'm5-1': 164.58, 'm6-1': 104.35, 'm7-1': 1.12, 'm8-1': 27.4}",2.1569999999999823,147.199,inf,148.637,148.637,148.637
411,T9,BESTEFFORT,CANCELLED,,38.648,"{'m1-1': 103.97, 'm2-1': 5.4, 'm3-1': 9.98, 'm4-1': 29.15, 'm5-1': 150.51, 'm6-1': 103.04, 'm7-1': 1.02, 'm8-1': 28.03}",0.0,inf,inf,inf,148.648,148.648
412,T4,BESTEFFORT,CANCELLED,,38.72,"{'m1-1': 99.22, 'm2-1': 5.25, 'm3-1': 11.28, 'm4-1': 26.52, 'm5-1': 139.98, 'm6-1': 108.23, 'm7-1': 1.03, 'm8-1': 26.31}",0.0,inf,inf,inf,148.72,148.72
413,T9,BESTEFFORT,CANCELLED,,38.721,"{'m1-1': 105.6, 'm2-1': 5.25, 'm3-1': 10.46, 'm4-1': 29.43, 'm5-1': 151.74, 'm6-1': 115.25, 'm7-1': 1.06, 'm8-1': 25.76}",0.0,inf,inf,inf,148.721,148.721
414,T5,BESTEFFORT,CANCELLED,,38.753,"{'m1-1': 107.98, 'm2-1': 5.17, 'm3-1': 10.93, 'm4-1': 25.33, 'm5-1': 162.23, 'm6-1': 104.89, 'm7-1': 1.14, 'm8-1': 24.94}",0.0,inf,inf,inf,148.753,148.753
415,T7,BESTEFFORT,MISSED,m5-1,38.765,"{'m1-1': 107.61, 'm2-1': 5.32, 'm3-1': 11.2, 'm4-1': 23.67, 'm5-1': 165.79, 'm6-1': 107.45, 'm7-1': 1.13, 'm8-1': 24.22}",0.0,152.309,inf,152.309,148.765,148.765
416,T5,BESTEFFORT,CANCELLED,,39.07,"{'m1-1': 95.0, 'm2-1': 5.53, 'm3-1': 9.84, 'm4-1': 24.52, 'm5-1': 147.2, 'm6-1': 115.0, 'm7-1': 1.15, 'm8-1': 27.38}",0.0,inf,inf,inf,149.07,149.07
417,T5,BESTEFFORT,COMPLETED,m7-1,39.506,"{'m1-1': 103.32, 'm2-1': 5.1, 'm3-1': 11.24, 'm4-1': 27.04, 'm5-1': 166.04, 'm6-1': 102.3, 'm7-1': 1.05, 'm8-1': 25.12}",1.5750000000000002,148.125,149.175,inf,149.506,149.506
418,T9,BESTEFFORT,CANCELLED,,39.527,"{'m1-1': 103.56, 'm2-1': 5.02, 'm3-1': 10.66, 'm4-1': 27.99, 'm5-1': 152.53, 'm6-1': 111.55, 'm7-1': 1.07, 'm8-1': 28.62}",0.0,inf,inf,inf,149.527,149.527
419,T5,BESTEFFORT,CANCELLED,,39.651,"{'m1-1': 109.13, 'm2-1': 5.37, 'm3-1': 10.67, 'm4-1': 23.98, 'm5-1': 161.68, 'm6-1': 115.21, 'm7-1': 1.16, 'm8-1': 25.77}",0.0,inf,inf,inf,149.651,149.651
420,T9,BESTEFFORT,CANCELLED,,39.663,"{'m1-1': 99.21, 'm2-1': 4.98, 'm3-1': 10.16, 'm4-1': 27.26, 'm5-1': 152.55, 'm6-1': 109.45, 'm7-1': 1.05, 'm8-1': 26.32}",0.0,inf,inf,inf,149.663,149.663
421,T8,BESTEFFORT,CANCELLED,,39.885,"{'m1-1': 102.24, 'm2-1': 4.69, 'm3-1': 10.75, 'm4-1': 24.84, 'm5-1': 167.2, 'm6-1': 115.69, 'm7-1': 0.95, 'm8-1': 26.74}",0.0,inf,inf,inf,149.885,149.885
422,T2,BESTEFFORT,CANCELLED,,40.049,"{'m1-1': 93.56, 'm2-1': 5.18, 'm3-1': 10.84, 'm4-1': 25.1, 'm5-1': 159.0, 'm6-1': 96.76, 'm7-1': 0.99, 'm8-1': 26.53}",0.0,inf,inf,inf,150.049,150.049
423,T1,BESTEFFORT,COMPLETED,m7-1,40.368,"{'m1-1': 99.22, 'm2-1': 5.55, 'm3-1': 10.97, 'm4-1': 26.13, 'm5-1': 165.35, 'm6-1': 100.11, 'm7-1': 1.16, 'm8-1': 24.55}",1.7399999999999998,149.175,150.335,inf,150.368,150.368
424,T6,BESTEFFORT,MISSED,m3-1,40.599,"{'m1-1': 94.27, 'm2-1': 4.85, 'm3-1': 10.61, 'm4-1': 26.77, 'm5-1': 153.29, 'm6-1': 106.09, 'm7-1': 1.1, 'm8-1': 29.56}",15.79049999999998,140.072,inf,150.599,150.599,150.599
425,T6,BESTEFFORT,CANCELLED,,40.716,"{'m1-1': 94.62, 'm2-1': 4.92, 'm3-1': 10.55, 'm4-1': 25.11, 'm5-1': 173.08, 'm6-1': 108.26, 'm7-1': 1.13, 'm8-1': 27.31}",0.0,inf,inf,inf,150.716,150.716
426,T9,BESTEFFORT,CANCELLED,,40.876,"{'m1-1': 93.23, 'm2-1': 5.41, 'm3-1': 10.57, 'm4-1': 25.41, 'm5-1': 142.18, 'm6-1': 107.79, 'm7-1': 0.99, 'm8-1': 29.25}",0.0,inf,inf,inf,150.876,150.876
427,T4,BESTEFFORT,CANCELLED,,40.879,"{'m1-1': 92.21, 'm2-1': 5.29, 'm3-1': 10.01, 'm4-1': 28.02, 'm5-1': 146.26, 'm6-1': 96.37, 'm7-1': 1.04, 'm8-1': 25.1}",0.0,inf,inf,inf,150.879,150.879
428,T8,BESTEFFORT,CANCELLED,,40.983,"{'m1-1': 95.82, 'm2-1': 5.22, 'm3-1': 11.2, 'm4-1': 24.79, 'm5-1': 158.34, 'm6-1': 115.65, 'm7-1': 1.03, 'm8-1': 23.41}",0.0,inf,inf,inf,150.983,150.983
429,T7,BESTEFFORT,COMPLETED,m2-1,41.226,"{'m1-1': 117.32, 'm2-1': 5.5, 'm3-1': 10.95, 'm4-1': 24.66, 'm5-1': 151.6, 'm6-1': 113.66, 'm7-1': 1.01, 'm8-1': 28.64}",8.25,145.32299999999998,150.82299999999998,inf,151.226,151.226
430,T1,BESTEFFORT,CANCELLED,,41.458,"{'m1-1': 102.69, 'm2-1': 5.71, 'm3-1': 9.98, 'm4-1': 26.82, 'm5-1': 165.68, 'm6-1': 93.89, 'm7-1': 1.01, 'm8-1': 26.61}",0.0,inf,inf,inf,151.458,151.458
431,T5,BESTEFFORT,CANCELLED,,41.463,"{'m1-1': 92.34, 'm2-1': 4.9, 'm3-1': 11.33, 'm4-1': 27.34, 'm5-1': 160.95, 'm6-1': 108.54, 'm7-1': 1.19, 'm8-1': 26.8}",0.0,inf,inf,inf,151.463,151.463
432,T2,BESTEFFORT,CANCELLED,,41.514,"{'m1-1': 109.96, 'm2-1': 5.22, 'm3-1': 11.09, 'm4-1': 26.71, 'm5-1': 149.44, 'm6-1': 92.84, 'm7-1': 1.09, 'm8-1': 23.67}",0.0,inf,inf,inf,151.514,151.514
433,T1,BESTEFFORT,COMPLETED,m7-1,41.529,"{'m1-1': 106.38, 'm2-1': 5.34, 'm3-1': 9.7, 'm4-1': 26.97, 'm5-1': 149.17, 'm6-1': 102.42, 'm7-1': 1.14, 'm8-1': 24.4}",1.71,150.335,151.475,inf,151.529,151.529
434,T3,BESTEFFORT,MISSED,m5-1,41.865,"{'m1-1': 101.62, 'm2-1': 5.16, 'm3-1': 10.51, 'm4-1': 28.78, 'm5-1': 167.44, 'm6-1': 106.46, 'm7-1': 1.06, 'm8-1': 29.02}",0.0,153.378,inf,153.378,151.865,151.865
435,T4,BESTEFFORT,CANCELLED,,41.964,"{'m1-1': 96.01, 'm2-1': 5.15, 'm3-1': 10.01, 'm4-1': 24.9, 'm5-1': 149.66, 'm6-1': 96.67, 'm7-1': 1.04, 'm8-1': 28.67}",0.0,inf,inf,inf,151.964,151.964
436,T7,BESTEFFORT,CANCELLED,,42.227,"{'m1-1': 108.28, 'm2-1': 5.85, 'm3-1': 9.99, 'm4-1': 25.22, 'm5-1': 164.12, 'm6-1': 111.55, 'm7-1': 1.13, 'm8-1': 28.36}",0.0,inf,inf,inf,152.227,152.227
437,T6,BESTEFFORT,MISSED,m5-1,42.309,"{'m1-1': 97.14, 'm2-1': 5.31, 'm3-1': 10.89, 'm4-1': 25.66, 'm5-1': 154.64, 'm6-1': 96.38, 'm7-1': 1.16, 'm8-1': 26.05}",5.507999999999996,148.637,inf,152.309,152.309,152.309
438,T10,BESTEFFORT,CANCELLED,,42.321,"{'m1-1': 110.16, 'm2-1': 4.8, 'm3-1': 9.15, 'm4-1': 26.4, 'm5-1': 147.91, 'm6-1': 114.09, 'm7-1': 1.04, 'm8-1': 27.86}",0.0,inf,inf,inf,152.321,152.321
439,T8,BESTEFFORT,CANCELLED,,42.353,"{'m1-1': 105.16, 'm2-1': 4.81, 'm3-1': 11.24, 'm4-1': 28.3, 'm5-1': 161.31, 'm6-1': 105.41, 'm7-1': 1.08, 'm8-1': 26.23}",0.0,inf,inf,inf,152.353,152.353
440,T7,BESTEFFORT,CANCELLED,,42.372,"{'m1-1': 115.53, 'm2-1': 5.87, 'm3-1': 9.43, 'm4-1': 27.01, 'm5-1': 148.62, 'm6-1': 106.63, 'm7-1': 1.1, 'm8-1': 24.16}",0.0,inf,inf,inf,152.372,152.372
441,T9,BESTEFFORT,CANCELLED,,42.39,"{'m1-1': 93.16, 'm2-1': 5.31, 'm3-1': 10.62, 'm4-1': 28.72, 'm5-1': 161.4, 'm6-1': 109.64, 'm7-1': 1.07, 'm8-1': 28.51}",0.0,inf,inf,inf,152.39,152.39
442,T2,BESTEFFORT,COMPLETED,m7-1,42.608,"{'m1-1': 98.43, 'm2-1': 5.55, 'm3-1': 11.16, 'm4-1': 26.4, 'm5-1': 163.66, 'm6-1': 93.62, 'm7-1': 0.99, 'm8-1': 23.16}",1.4849999999999999,151.475,152.465,inf,152.608,152.608
443,T2,BESTEFFORT,CANCELLED,,42.635,"{'m1-1': 96.27, 'm2-1': 5.26, 'm3-1': 11.67, 'm4-1': 24.7, 'm5-1': 144.63, 'm6-1': 91.97, 'm7-1': 1.06, 'm8-1': 25.88}",0.0,inf,inf,inf,152.635,152.635
444,T1,BESTEFFORT,CANCELLED,,42.78,"{'m1-1': 102.26, 'm2-1': 5.35, 'm3-1': 10.69, 'm4-1': 25.36, 'm5-1': 157.61, 'm6-1': 95.54, 'm7-1': 1.05, 'm8-1': 24.17}",0.0,inf,inf,inf,152.78,152.78
445,T6,BESTEFFORT,MISSED,m5-1,42.874,"{'m1-1': 95.71, 'm2-1': 5.31, 'm3-1': 10.35, 'm4-1': 27.61, 'm5-1': 172.3, 'm6-1': 99.06, 'm7-1': 1.12, 'm8-1': 25.49}",0.0,159.486,inf,159.486,152.874,152.874
446,T8,BESTEFFORT,CANCELLED,,42.97,"{'m1-1': 101.58, 'm2-1': 4.95, 'm3-1': 10.15, 'm4-1': 27.06, 'm5-1': 146.79, 'm6-1': 118.69, 'm7-1': 1.02, 'm8-1': 24.52}",0.0,inf,inf,inf,152.97,152.97
447,T5,BESTEFFORT,CANCELLED,,43.11,"{'m1-1': 104.35, 'm2-1': 5.32, 'm3-1': 11.6, 'm4-1': 27.6, 'm5-1': 151.46, 'm6-1': 112.8, 'm7-1': 1.11, 'm8-1': 24.96}",0.0,inf,inf,inf,153.11,153.11
448,T3,BESTEFFORT,MISSED,m8-1,43.139,"{'m1-1': 115.42, 'm2-1': 5.68, 'm3-1': 10.72, 'm4-1': 27.72, 'm5-1': 168.71, 'm6-1': 104.18, 'm7-1': 0.98, 'm8-1': 27.44}",0.0,206.731,inf,206.731,153.139,153.139
449,T5,BESTEFFORT,CANCELLED,,43.206,"{'m1-1': 101.07, 'm2-1': 4.92, 'm3-1': 10.92, 'm4-1': 24.12, 'm5-1': 157.13, 'm6-1': 107.37, 'm7-1': 1.01, 'm8-1': 25.47}",0.0,inf,inf,inf,153.20600000000002,153.20600000000002
450,T2,BESTEFFORT,CANCELLED,,43.274,"{'m1-1': 104.92, 'm2-1': 5.06, 'm3-1': 11.26, 'm4-1': 27.62, 'm5-1': 162.64, 'm6-1': 95.5, 'm7-1': 1.01, 'm8-1': 23.12}",0.0,inf,inf,inf,153.274,153.274
451,T6,BESTEFFORT,MISSED,m5-1,43.378,"{'m1-1': 107.99, 'm2-1': 5.38, 'm3-1': 9.87, 'm4-1': 25.46, 'm5-1': 162.42, 'm6-1': 105.26, 'm7-1': 1.11, 'm8-1': 25.59}",1.6034999999999826,152.309,inf,153.378,153.378,153.378
452,T4,BESTEFFORT,CANCELLED,,43.38,"{'m1-1': 105.34, 'm2-1': 5.32, 'm3-1': 10.2, 'm4-1': 25.07, 'm5-1': 150.19, 'm6-1': 93.07, 'm7-1': 1.03, 'm8-1': 27.62}",0.0,inf,inf,inf,153.38,153.38
453,T3,BESTEFFORT,COMPLETED,m7-1,43.606,"{'m1-1': 104.58, 'm2-1': 5.66, 'm3-1': 9.6, 'm4-1': 27.61, 'm5-1': 154.65, 'm6-1': 116.28, 'm7-1': 1.08, 'm8-1': 24.69}",1.62,152.465,153.54500000000002,inf,153.606,153.606
454,T8,BESTEFFORT,CANCELLED,,43.62,"{'m1-1': 100.37, 'm2-1': 5.31, 'm3-1': 11.12, 'm4-1': 26.95, 'm5-1': 153.27, 'm6-1': 106.69, 'm7-1': 1.07, 'm8-1': 27.22}",0.0,inf,inf,inf,153.62,153.62
455,T3,BESTEFFORT,CANCELLED,,43.729,"{'m1-1': 106.42, 'm2-1': 5.71, 'm3-1': 11.34, 'm4-1': 29.3, 'm5-1': 170.75, 'm6-1': 115.65, 'm7-1': 1.05, 'm8-1': 27.89}",0.0,inf,inf,inf,153.72899999999998,153.72899999999998
456,T1,BESTEFFORT,CANCELLED,,43.857,"{'m1-1': 101.91, 'm2-1': 5.21, 'm3-1': 10.52, 'm4-1': 25.25, 'm5-1': 153.05, 'm6-1': 105.31, 'm7-1': 1.01, 'm8-1': 24.55}",0.0,inf,inf,inf,153.857,153.857
457,T5,BESTEFFORT,CANCELLED,,43.99,"{'m1-1': 94.2, 'm2-1': 5.08, 'm3-1': 11.34, 'm4-1': 27.8, 'm5-1': 166.3, 'm6-1': 97.52, 'm7-1': 1.05, 'm8-1': 25.34}",0.0,inf,inf,inf,153.99,153.99
458,T1,BESTEFFORT,CANCELLED,,44.036,"{'m1-1': 95.94, 'm2-1': 5.06, 'm3-1': 10.57, 'm4-1': 24.12, 'm5-1': 175.02, 'm6-1': 104.03, 'm7-1': 1.1, 'm8-1': 25.7}",0.0,inf,inf,inf,154.036,154.036
459,T2,BESTEFFORT,CANCELLED,,44.082,"{'m1-1': 109.44, 'm2-1': 5.63, 'm3-1': 10.11, 'm4-1': 26.46, 'm5-1': 164.89, 'm6-1': 103.5, 'm7-1': 1.02, 'm8-1': 26.92}",0.0,inf,inf,inf,154.082,154.082
460,T2,BESTEFFORT,CANCELLED,,44.231,"{'m1-1': 109.81, 'm2-1': 5.64, 'm3-1': 11.52, 'm4-1': 26.78, 'm5-1': 158.68, 'm6-1': 105.5, 'm7-1': 1.05, 'm8-1': 24.41}",0.0,inf,inf,inf,154.231,154.231
461,T1,BESTEFFORT,CANCELLED,,44.259,"{'m1-1': 97.86, 'm2-1': 5.43, 'm3-1': 10.02, 'm4-1': 26.66, 'm5-1': 147.63, 'm6-1': 100.15, 'm7-1': 1.18, 'm8-1': 27.02}",0.0,inf,inf,inf,154.25900000000001,154.25900000000001
462,T9,BESTEFFORT,CANCELLED,,44.512,"{'m1-1': 102.66, 'm2-1': 5.59, 'm3-1': 10.1, 'm4-1': 28.26, 'm5-1': 148.08, 'm6-1': 112.78, 'm7-1': 1.05, 'm8-1': 26.74}",0.0,inf,inf,inf,154.512,154.512
463,T4,BESTEFFORT,CANCELLED,,44.553,"{'m1-1': 104.23, 'm2-1': 5.08, 'm3-1': 10.85, 'm4-1': 24.3, 'm5-1': 143.15, 'm6-1': 97.51, 'm7-1': 1.14, 'm8-1': 26.88}",0.0,inf,inf,inf,154.553,154.553
464,T10,BESTEFFORT,COMPLETED,m7-1,45.005,"{'m1-1': 101.31, 'm2-1': 4.96, 'm3-1': 9.66, 'm4-1': 24.5, 'm5-1': 172.04, 'm6-1': 113.41, 'm7-1': 1.13, 'm8-1': 25.39}",1.6949999999999998,153.54500000000002,154.675,inf,155.005,155.005
465,T8,BESTEFFORT,CANCELLED,,45.346,"{'m1-1': 110.93, 'm2-1': 4.91, 'm3-1': 10.91, 'm4-1': 27.35, 'm5-1': 163.75, 'm6-1': 117.37, 'm7-1': 0.99, 'm8-1': 27.2}",0.0,inf,inf,inf,155.346,155.346
466,T4,BESTEFFORT,CANCELLED,,45.385,"{'m1-1': 101.32, 'm2-1': 5.48, 'm3-1': 10.84, 'm4-1': 24.45, 'm5-1': 150.19, 'm6-1': 109.53, 'm7-1': 1.05, 'm8-1': 28.68}",0.0,inf,inf,inf,155.385,155.385
467,T8,BESTEFFORT,CANCELLED,,45.504,"{'m1-1': 102.79, 'm2-1': 4.73, 'm3-1': 10.54, 'm4-1': 28.24, 'm5-1': 167.2, 'm6-1': 111.55, 'm7-1': 0.93, 'm8-1': 23.31}",0.0,inf,inf,inf,155.504,155.504
468,T1,BESTEFFORT,CANCELLED,,45.51,"{'m1-1': 107.27, 'm2-1': 5.76, 'm3-1': 10.16, 'm4-1': 23.71, 'm5-1': 154.19, 'm6-1': 105.05, 'm7-1': 1.17, 'm8-1': 26.16}",0.0,inf,inf,inf,155.51,155.51
469,T3,BESTEFFORT,MISSED,m5-1,45.544,"{'m1-1': 105.98, 'm2-1': 5.53, 'm3-1': 10.41, 'm4-1': 26.33, 'm5-1': 163.57, 'm6-1': 111.84, 'm7-1': 1.12, 'm8-1': 25.11}",0.0,159.486,inf,159.486,155.54399999999998,155.54399999999998
470,T9,BESTEFFORT,CANCELLED,,45.547,"{'m1-1': 97.32, 'm2-1': 5.33, 'm3-1': 10.16, 'm4-1': 25.88, 'm5-1': 156.79, 'm6-1': 101.66, 'm7-1': 1.05, 'm8-1': 26.86}",0.0,inf,inf,inf,155.547,155.547
471,T1,BESTEFFORT,CANCELLED,,45.649,"{'m1-1': 104.98, 'm2-1': 5.0, 'm3-1': 10.97, 'm4-1': 23.45, 'm5-1': 171.2, 'm6-1': 110.73, 'm7-1': 1.01, 'm8-1': 26.64}",0.0,inf,inf,inf,155.649,155.649
472,T1,BESTEFFORT,COMPLETED,m8-1,45.831,"{'m1-1': 101.32, 'm2-1': 5.74, 'm3-1': 9.74, 'm4-1': 27.15, 'm5-1': 160.14, 'm6-1': 108.67, 'm7-1': 1.02, 'm8-1': 23.46}",35.19,128.111,151.571,inf,155.83100000000002,155.83100000000002
473,T10,BESTEFFORT,COMPLETED,m7-1,45.977,"{'m1-1': 100.46, 'm2-1': 5.07, 'm3-1': 10.24, 'm4-1': 25.48, 'm5-1': 159.02, 'm6-1': 102.87, 'm7-1': 1.0, 'm8-1': 27.61}",1.5,154.675,155.675,inf,155.977,155.977
474,T5,BESTEFFORT,CANCELLED,,46.263,"{'m1-1': 109.76, 'm2-1': 5.1, 'm3-1': 11.43, 'm4-1': 24.89, 'm5-1': 158.73, 'm6-1': 98.75, 'm7-1': 1.1, 'm8-1': 24.9}",0.0,inf,inf,inf,156.263,156.263
475,T2,BESTEFFORT,CANCELLED,,46.386,"{'m1-1': 108.72, 'm2-1': 5.41, 'm3-1': 10.33, 'm4-1': 25.33, 'm5-1': 161.96, 'm6-1': 93.21, 'm7-1': 0.96, 'm8-1': 25.1}",0.0,inf,inf,inf,156.386,156.386
476,T9,BESTEFFORT,CANCELLED,,46.427,"{'m1-1': 94.74, 'm2-1': 5.55, 'm3-1': 10.86, 'm4-1': 26.82, 'm5-1': 152.15, 'm6-1': 114.29, 'm7-1': 0.99, 'm8-1': 25.28}",0.0,inf,inf,inf,156.427,156.427
477,T10,BESTEFFORT,CANCELLED,,46.44,"{'m1-1': 102.38, 'm2-1': 4.71, 'm3-1': 10.8, 'm4-1': 25.3, 'm5-1': 163.31, 'm6-1': 101.91, 'm7-1': 1.11, 'm8-1': 24.88}",0.0,inf,inf,inf,156.44,156.44
478,T7,BESTEFFORT,CANCELLED,,46.512,"{'m1-1': 101.41, 'm2-1': 5.85, 'm3-1': 11.06, 'm4-1': 25.92, 'm5-1': 156.12, 'm6-1': 105.21, 'm7-1': 1.13, 'm8-1': 25.13}",0.0,inf,inf,inf,156.512,156.512
479,T9,BESTEFFORT,CANCELLED,,46.658,"{'m1-1': 93.1, 'm2-1': 5.76, 'm3-1': 11.13, 'm4-1': 28.1, 'm5-1': 149.71, 'm6-1': 112.78, 'm7-1': 0.97, 'm8-1': 27.85}",0.0,inf,inf,inf,156.65800000000002,156.65800000000002
480,T3,BESTEFFORT,COMPLETED,m2-1,46.729,"{'m1-1': 103.49, 'm2-1': 5.85, 'm3-1': 10.8, 'm4-1': 28.28, 'm5-1': 176.94, 'm6-1': 101.81, 'm7-1': 1.13, 'm8-1': 27.72}",8.774999999999999,150.82299999999998,156.67299999999997,inf,156.72899999999998,156.72899999999998
481,T8,BESTEFFORT,COMPLETED,m7-1,46.784,"{'m1-1': 98.27, 'm2-1': 4.89, 'm3-1': 11.03, 'm4-1': 24.51, 'm5-1': 156.52, 'm6-1': 106.83, 'm7-1': 1.07, 'm8-1': 24.84}",1.605,155.675,156.745,inf,156.784,156.784
482,T7,BESTEFFORT,CANCELLED,,46.816,"{'m1-1': 109.03, 'm2-1': 5.54, 'm3-1': 9.93, 'm4-1': 25.47, 'm5-1': 146.48, 'm6-1': 103.7, 'm7-1': 1.11, 'm8-1': 27.99}",0.0,inf,inf,inf,156.816,156.816
483,T4,BESTEFFORT,CANCELLED,,46.819,"{'m1-1': 95.45, 'm2-1': 5.3, 'm3-1': 10.02, 'm4-1': 24.23, 'm5-1': 160.51, 'm6-1': 104.88, 'm7-1': 1.15, 'm8-1': 27.99}",0.0,inf,inf,inf,156.81900000000002,156.81900000000002
484,T1,BESTEFFORT,CANCELLED,,46.945,"{'m1-1': 110.37, 'm2-1': 4.98, 'm3-1': 9.88, 'm4-1': 26.03, 'm5-1': 153.43, 'm6-1': 104.8, 'm7-1': 1.03, 'm8-1': 26.56}",0.0,inf,inf,inf,156.945,156.945
485,T8,BESTEFFORT,CANCELLED,,47.047,"{'m1-1': 99.87, 'm2-1': 5.33, 'm3-1': 10.61, 'm4-1': 25.5, 'm5-1': 165.0, 'm6-1': 116.2, 'm7-1': 0.93, 'm8-1': 27.27}",0.0,inf,inf,inf,157.047,157.047
486,T8,BESTEFFORT,CANCELLED,,47.168,"{'m1-1': 102.69, 'm2-1': 4.74, 'm3-1': 10.81, 'm4-1': 26.75, 'm5-1': 163.0, 'm6-1': 102.57, 'm7-1': 1.05, 'm8-1': 26.1}",0.0,inf,inf,inf,157.168,157.168
487,T2,BESTEFFORT,CANCELLED,,47.186,"{'m1-1': 106.0, 'm2-1': 5.13, 'm3-1': 10.65, 'm4-1': 26.56, 'm5-1': 144.94, 'm6-1': 108.74, 'm7-1': 1.06, 'm8-1': 25.18}",0.0,inf,inf,inf,157.186,157.186
488,T6,BESTEFFORT,MISSED,m5-1,47.274,"{'m1-1': 107.47, 'm2-1': 4.9, 'm3-1': 10.57, 'm4-1': 28.86, 'm5-1': 167.63, 'm6-1': 96.42, 'm7-1': 1.11, 'm8-1': 27.7}",0.0,159.486,inf,159.486,157.274,157.274
489,T5,BESTEFFORT,CANCELLED,,47.304,"{'m1-1': 107.42, 'm2-1': 5.78, 'm3-1': 11.34, 'm4-1': 26.01, 'm5-1': 150.32, 'm6-1': 108.72, 'm7-1': 1.02, 'm8-1': 24.01}",0.0,inf,inf,inf,157.304,157.304
490,T7,BESTEFFORT,CANCELLED,,47.332,"{'m1-1': 117.36, 'm2-1': 5.33, 'm3-1': 10.02, 'm4-1': 25.81, 'm5-1': 163.28, 'm6-1': 99.03, 'm7-1': 1.12, 'm8-1': 24.6}",0.0,inf,inf,inf,157.332,157.332
491,T4,BESTEFFORT,CANCELLED,,47.415,"{'m1-1': 106.62, 'm2-1': 5.62, 'm3-1': 10.0, 'm4-1': 25.45, 'm5-1': 139.4, 'm6-1': 103.54, 'm7-1': 1.15, 'm8-1': 25.88}",0.0,inf,inf,inf,157.415,157.415
492,T5,BESTEFFORT,CANCELLED,,47.473,"{'m1-1': 107.8, 'm2-1': 5.8, 'm3-1': 10.3, 'm4-1': 27.92, 'm5-1': 157.7, 'm6-1': 98.51, 'm7-1': 1.14, 'm8-1': 26.94}",0.0,inf,inf,inf,157.473,157.473
493,T4,BESTEFFORT,MISSED,m7-1,47.728,"{'m1-1': 105.58, 'm2-1': 4.91, 'm3-1': 9.97, 'm4-1': 26.17, 'm5-1': 140.38, 'm6-1': 108.87, 'm7-1': 1.1, 'm8-1': 27.35}",1.4745000000000061,156.745,inf,157.728,157.728,157.728
494,T10,BESTEFFORT,CANCELLED,,47.742,"{'m1-1': 101.89, 'm2-1': 5.31, 'm3-1': 10.15, 'm4-1': 28.6, 'm5-1': 147.55, 'm6-1': 99.07, 'm7-1': 1.12, 'm8-1': 24.71}",0.0,inf,inf,inf,157.742,157.742
495,T8,BESTEFFORT,CANCELLED,,47.799,"{'m1-1': 100.67, 'm2-1': 4.95, 'm3-1': 10.59, 'm4-1': 26.45, 'm5-1': 160.94, 'm6-1': 114.39, 'm7-1': 1.01, 'm8-1': 26.76}",0.0,inf,inf,inf,157.799,157.799
496,T9,BESTEFFORT,CANCELLED,,47.886,"{'m1-1': 109.74, 'm2-1': 5.63, 'm3-1': 11.16, 'm4-1': 27.86, 'm5-1': 155.78, 'm6-1': 105.6, 'm7-1': 1.04, 'm8-1': 27.7}",0.0,inf,inf,inf,157.886,157.886
497,T7,BESTEFFORT,CANCELLED,,47.935,"{'m1-1': 101.38, 'm2-1': 5.4, 'm3-1': 10.5, 'm4-1': 26.98, 'm5-1': 158.86, 'm6-1': 104.17, 'm7-1': 1.0, 'm8-1': 26.78}",0.0,inf,inf,inf,157.935,157.935
498,T3,BESTEFFORT,CANCELLED,,47.958,"{'m1-1': 109.81, 'm2-1': 5.37, 'm3-1': 11.15, 'm4-1': 28.21, 'm5-1': 176.28, 'm6-1': 101.52, 'm7-1': 1.04, 'm8-1': 27.29}",0.0,inf,inf,inf,157.958,157.958
499,T6,BESTEFFORT,CANCELLED,,48.0,"{'m1-1': 102.94, 'm2-1': 5.23, 'm3-1': 9.43, 'm4-1': 28.72, 'm5-1': 150.54, 'm6-1': 111.25, 'm7-1': 1.05, 'm8-1': 29.15}",0.0,inf,inf,inf,158.0,158.0
500,T2,BESTEFFORT,CANCELLED,,48.131,"{'m1-1': 107.74, 'm2-1': 5.22, 'm3-1': 10.06, 'm4-1': 25.84, 'm5-1': 166.31, 'm6-1': 107.71, 'm7-1': 0.93, 'm8-1': 23.78}",0.0,inf,inf,inf,158.131,158.131
501,T9,BESTEFFORT,CANCELLED,,48.157,"{'m1-1': 99.55, 'm2-1': 5.43, 'm3-1': 10.12, 'm4-1': 27.44, 'm5-1': 146.17, 'm6-1': 99.1, 'm7-1': 1.04, 'm8-1': 25.86}",0.0,inf,inf,inf,158.15699999999998,158.15699999999998
502,T5,BESTEFFORT,CANCELLED,,48.224,"{'m1-1': 106.02, 'm2-1': 5.17, 'm3-1': 10.58, 'm4-1': 24.92, 'm5-1': 141.15, 'm6-1': 107.41, 'm7-1': 1.11, 'm8-1': 27.71}",0.0,inf,inf,inf,158.224,158.224
503,T6,BESTEFFORT,CANCELLED,,48.438,"{'m1-1': 105.33, 'm2-1': 4.81, 'm3-1': 10.52, 'm4-1': 26.3, 'm5-1': 164.26, 'm6-1': 112.52, 'm7-1': 1.13, 'm8-1': 26.56}",0.0,inf,inf,inf,158.438,158.438
504,T9,BESTEFFORT,CANCELLED,,48.542,"{'m1-1': 93.79, 'm2-1': 5.8, 'm3-1': 9.93, 'm4-1': 29.5, 'm5-1': 160.96, 'm6-1': 106.67, 'm7-1': 1.03, 'm8-1': 28.87}",0.0,inf,inf,inf,158.542,158.542
505,T9,BESTEFFORT,CANCELLED,,48.612,"{'m1-1': 97.48, 'm2-1': 5.41, 'm3-1': 9.99, 'm4-1': 27.61, 'm5-1': 163.18, 'm6-1': 100.87, 'm7-1': 0.98, 'm8-1': 26.38}",0.0,inf,inf,inf,158.612,158.612
506,T3,BESTEFFORT,CANCELLED,,48.624,"{'m1-1': 99.18, 'm2-1': 5.71, 'm3-1': 10.41, 'm4-1': 27.76, 'm5-1': 167.27, 'm6-1': 101.01, 'm7-1': 0.97, 'm8-1': 29.19}",0.0,inf,inf,inf,158.624,158.624
507,T7,BESTEFFORT,MISSED,m7-1,48.819,"{'m1-1': 110.34, 'm2-1': 5.22, 'm3-1': 10.94, 'm4-1': 24.47, 'm5-1': 162.03, 'm6-1': 97.42, 'm7-1': 1.13, 'm8-1': 24.17}",1.6365000000000123,157.728,inf,158.81900000000002,158.81900000000002,158.81900000000002
508,T8,BESTEFFORT,CANCELLED,,48.942,"{'m1-1': 103.38, 'm2-1': 5.27, 'm3-1': 10.0, 'm4-1': 24.81, 'm5-1': 167.68, 'm6-1': 102.92, 'm7-1': 0.96, 'm8-1': 23.98}",0.0,inf,inf,inf,158.942,158.942
509,T8,BESTEFFORT,CANCELLED,,49.05,"{'m1-1': 101.04, 'm2-1': 4.67, 'm3-1': 10.05, 'm4-1': 24.6, 'm5-1': 166.68, 'm6-1': 108.29, 'm7-1': 1.0, 'm8-1': 24.14}",0.0,inf,inf,inf,159.05,159.05
510,T6,BESTEFFORT,CANCELLED,,49.078,"{'m1-1': 103.81, 'm2-1': 5.34, 'm3-1': 10.28, 'm4-1': 26.59, 'm5-1': 156.24, 'm6-1': 104.72, 'm7-1': 1.16, 'm8-1': 29.3}",0.0,inf,inf,inf,159.078,159.078
511,T4,BESTEFFORT,MISSED,m4-1,49.173,"{'m1-1': 106.34, 'm2-1': 5.34, 'm3-1': 11.01, 'm4-1': 26.12, 'm5-1': 162.73, 'm6-1': 93.21, 'm7-1': 1.12, 'm8-1': 25.43}",37.2945,134.31,inf,159.173,159.173,159.173
512,T3,BESTEFFORT,CANCELLED,,49.194,"{'m1-1': 107.14, 'm2-1': 5.35, 'm3-1': 10.52, 'm4-1': 27.01, 'm5-1': 172.83, 'm6-1': 116.06, 'm7-1': 1.06, 'm8-1': 27.87}",0.0,inf,inf,inf,159.19400000000002,159.19400000000002
513,T9,BESTEFFORT,MISSED,m4-1,49.212,"{'m1-1': 94.67, 'm2-1': 5.08, 'm3-1': 10.0, 'm4-1': 28.55, 'm5-1': 155.98, 'm6-1': 109.42, 'm7-1': 1.0, 'm8-1': 28.21}",0.0,210.34300000000002,inf,210.34300000000002,159.212,159.212
514,T3,BESTEFFORT,CANCELLED,,49.242,"{'m1-1': 103.93, 'm2-1': 5.42, 'm3-1': 10.93, 'm4-1': 27.66, 'm5-1': 171.58, 'm6-1': 106.43, 'm7-1': 1.07, 'm8-1': 25.34}",0.0,inf,inf,inf,159.242,159.242
515,T9,BESTEFFORT,CANCELLED,,49.258,"{'m1-1': 106.06, 'm2-1': 5.41, 'm3-1': 11.23, 'm4-1': 29.49, 'm5-1': 161.6, 'm6-1': 97.82, 'm7-1': 0.96, 'm8-1': 27.4}",0.0,inf,inf,inf,159.258,159.258
516,T7,BESTEFFORT,CANCELLED,,49.433,"{'m1-1': 102.38, 'm2-1': 5.1, 'm3-1': 10.43, 'm4-1': 26.92, 'm5-1': 144.86, 'm6-1': 98.77, 'm7-1': 1.08, 'm8-1': 25.52}",0.0,inf,inf,inf,159.433,159.433
517,T2,BESTEFFORT,CANCELLED,,49.438,"{'m1-1': 95.3, 'm2-1': 5.42, 'm3-1': 11.49, 'm4-1': 24.18, 'm5-1': 153.45, 'm6-1': 93.08, 'm7-1': 0.97, 'm8-1': 25.27}",0.0,inf,inf,inf,159.438,159.438
518,T6,BESTEFFORT,MISSED,m5-1,49.486,"{'m1-1': 106.63, 'm2-1': 5.48, 'm3-1': 10.15, 'm4-1': 25.22, 'm5-1': 150.43, 'm6-1': 96.86, 'm7-1': 1.05, 'm8-1': 27.56}",9.162000000000006,153.378,inf,159.486,159.486,159.486
519,T1,BESTEFFORT,CANCELLED,,49.504,"{'m1-1': 104.52, 'm2-1': 5.62, 'm3-1': 9.95, 'm4-1': 23.34, 'm5-1': 169.71, 'm6-1': 105.97, 'm7-1': 1.01, 'm8-1': 23.62}",0.0,inf,inf,inf,159.504,159.504
520,T10,BESTEFFORT,MISSED,m5-1,49.619,"{'m1-1': 101.58, 'm2-1': 4.92, 'm3-1': 9.61, 'm4-1': 28.46, 'm5-1': 167.7, 'm6-1': 112.08, 'm7-1': 1.07, 'm8-1': 24.46}",0.0,162.636,inf,162.636,159.619,159.619
521,T1,BESTEFFORT,CANCELLED,,49.659,"{'m1-1': 96.57, 'm2-1': 4.99, 'm3-1': 9.51, 'm4-1': 23.08, 'm5-1': 156.82, 'm6-1': 101.31, 'm7-1': 1.05, 'm8-1': 26.43}",0.0,inf,inf,inf,159.659,159.659
522,T3,BESTEFFORT,CANCELLED,,49.756,"{'m1-1': 109.01, 'm2-1': 5.1, 'm3-1': 10.36, 'm4-1': 28.07, 'm5-1': 166.0, 'm6-1': 109.96, 'm7-1': 1.12, 'm8-1': 27.21}",0.0,inf,inf,inf,159.756,159.756
523,T5,BESTEFFORT,CANCELLED,,49.832,"{'m1-1': 98.04, 'm2-1': 5.52, 'm3-1': 10.22, 'm4-1': 24.72, 'm5-1': 154.4, 'm6-1': 103.16, 'm7-1': 1.07, 'm8-1': 25.12}",0.0,inf,inf,inf,159.832,159.832
524,T3,BESTEFFORT,CANCELLED,,50.118,"{'m1-1': 105.56, 'm2-1': 5.66, 'm3-1': 11.06, 'm4-1': 26.2, 'm5-1': 160.16, 'm6-1': 115.73, 'm7-1': 1.09, 'm8-1': 25.62}",0.0,inf,inf,inf,160.118,160.118
525,T8,BESTEFFORT,COMPLETED,m7-1,50.147,"{'m1-1': 111.89, 'm2-1': 4.63, 'm3-1': 10.63, 'm4-1': 26.38, 'm5-1': 168.02, 'm6-1': 117.0, 'm7-1': 0.99, 'm8-1': 25.16}",1.4849999999999999,158.81900000000002,159.80900000000003,inf,160.147,160.147
526,T6,BESTEFFORT,CANCELLED,,50.32,"{'m1-1': 92.51, 'm2-1': 5.49, 'm3-1': 11.04, 'm4-1': 27.79, 'm5-1': 155.04, 'm6-1': 107.36, 'm7-1': 1.04, 'm8-1': 25.81}",0.0,inf,inf,inf,160.32,160.32
527,T2,BESTEFFORT,MISSED,m3-1,50.578,"{'m1-1': 100.38, 'm2-1': 5.12, 'm3-1': 10.83, 'm4-1': 26.27, 'm5-1': 162.98, 'm6-1': 104.02, 'm7-1': 0.93, 'm8-1': 23.86}",14.96850000000002,150.599,inf,160.578,160.578,160.578
528,T10,BESTEFFORT,CANCELLED,,50.632,"{'m1-1': 99.29, 'm2-1': 5.11, 'm3-1': 9.78, 'm4-1': 24.79, 'm5-1': 155.12, 'm6-1': 99.1, 'm7-1': 1.09, 'm8-1': 24.36}",0.0,inf,inf,inf,160.632,160.632
529,T6,BESTEFFORT,MISSED,m5-1,50.76,"{'m1-1': 102.3, 'm2-1': 5.47, 'm3-1': 9.36, 'm4-1': 28.36, 'm5-1': 163.61, 'm6-1': 103.27, 'm7-1': 0.99, 'm8-1': 29.31}",0.0,162.636,inf,162.636,160.76,160.76
530,T7,BESTEFFORT,CANCELLED,,50.842,"{'m1-1': 115.56, 'm2-1': 5.6, 'm3-1': 9.87, 'm4-1': 26.87, 'm5-1': 155.44, 'm6-1': 113.13, 'm7-1': 1.01, 'm8-1': 24.56}",0.0,inf,inf,inf,160.84199999999998,160.84199999999998
531,T3,BESTEFFORT,COMPLETED,m7-1,50.898,"{'m1-1': 104.05, 'm2-1': 5.73, 'm3-1': 10.59, 'm4-1': 26.09, 'm5-1': 154.15, 'm6-1': 106.32, 'm7-1': 1.06, 'm8-1': 28.06}",1.59,159.80900000000003,160.86900000000003,inf,160.898,160.898
532,T2,BESTEFFORT,CANCELLED,,50.905,"{'m1-1': 105.41, 'm2-1': 5.28, 'm3-1': 11.26, 'm4-1': 23.75, 'm5-1': 166.0, 'm6-1': 102.64, 'm7-1': 1.02, 'm8-1': 24.03}",0.0,inf,inf,inf,160.905,160.905
533,T7,BESTEFFORT,CANCELLED,,51.018,"{'m1-1': 107.53, 'm2-1': 5.8, 'm3-1': 9.67, 'm4-1': 23.84, 'm5-1': 154.44, 'm6-1': 99.68, 'm7-1': 1.07, 'm8-1': 24.36}",0.0,inf,inf,inf,161.018,161.018
534,T1,BESTEFFORT,CANCELLED,,51.174,"{'m1-1': 102.27, 'm2-1': 5.64, 'm3-1': 10.7, 'm4-1': 23.24, 'm5-1': 148.73, 'm6-1': 101.8, 'm7-1': 1.02, 'm8-1': 27.02}",0.0,inf,inf,inf,161.174,161.174
535,T5,BESTEFFORT,CANCELLED,,51.231,"{'m1-1': 108.12, 'm2-1': 5.72, 'm3-1': 11.06, 'm4-1': 27.66, 'm5-1': 161.38, 'm6-1': 97.9, 'm7-1': 1.09, 'm8-1': 27.54}",0.0,inf,inf,inf,161.231,161.231
536,T6,BESTEFFORT,CANCELLED,,51.249,"{'m1-1': 100.1, 'm2-1': 5.39, 'm3-1': 9.42, 'm4-1': 25.2, 'm5-1': 164.7, 'm6-1': 99.53, 'm7-1': 1.12, 'm8-1': 27.96}",0.0,inf,inf,inf,161.249,161.249
537,T9,BESTEFFORT,CANCELLED,,51.409,"{'m1-1': 95.43, 'm2-1': 5.72, 'm3-1': 10.5, 'm4-1': 29.57, 'm5-1': 145.22, 'm6-1': 114.62, 'm7-1': 1.08, 'm8-1': 26.37}",0.0,inf,inf,inf,161.409,161.409
538,T8,BESTEFFORT,CANCELLED,,51.416,"{'m1-1': 112.22, 'm2-1': 4.82, 'm3-1': 11.43, 'm4-1': 25.94, 'm5-1': 149.03, 'm6-1': 106.87, 'm7-1': 1.05, 'm8-1': 25.88}",0.0,inf,inf,inf,161.416,161.416
539,T2,BESTEFFORT,CANCELLED,,51.729,"{'m1-1': 104.3, 'm2-1': 5.41, 'm3-1': 11.16, 'm4-1': 25.64, 'm5-1': 146.91, 'm6-1': 101.24, 'm7-1': 1.04, 'm8-1': 27.36}",0.0,inf,inf,inf,161.72899999999998,161.72899999999998
540,T1,BESTEFFORT,MISSED,m2-1,51.786,"{'m1-1': 100.61, 'm2-1': 5.18, 'm3-1': 10.22, 'm4-1': 24.61, 'm5-1': 166.5, 'm6-1': 109.78, 'm7-1': 1.03, 'm8-1': 25.21}",7.669500000000042,156.67299999999997,inf,161.786,161.786,161.786
541,T9,BESTEFFORT,CANCELLED,,51.889,"{'m1-1': 93.84, 'm2-1': 5.59, 'm3-1': 10.02, 'm4-1': 28.55, 'm5-1': 167.16, 'm6-1': 113.01, 'm7-1': 1.01, 'm8-1': 26.64}",0.0,inf,inf,inf,161.889,161.889
542,T10,BESTEFFORT,CANCELLED,,51.892,"{'m1-1': 105.95, 'm2-1': 5.17, 'm3-1': 10.72, 'm4-1': 28.44, 'm5-1': 151.45, 'm6-1': 101.64, 'm7-1': 1.14, 'm8-1': 25.72}",0.0,inf,inf,inf,161.892,161.892
543,T8,BESTEFFORT,CANCELLED,,51.917,"{'m1-1': 101.17, 'm2-1': 4.69, 'm3-1': 10.26, 'm4-1': 24.12, 'm5-1': 151.81, 'm6-1': 118.82, 'm7-1': 0.99, 'm8-1': 27.01}",0.0,inf,inf,inf,161.917,161.917
544,T5,BESTEFFORT,COMPLETED,m7-1,52.011,"{'m1-1': 98.5, 'm2-1': 5.01, 'm3-1': 11.02, 'm4-1': 24.6, 'm5-1': 165.46, 'm6-1': 108.26, 'm7-1': 1.08, 'm8-1': 23.87}",1.62,160.86900000000003,161.94900000000004,inf,162.011,162.011
545,T7,BESTEFFORT,CANCELLED,,52.269,"{'m1-1': 107.58, 'm2-1': 5.31, 'm3-1': 10.84, 'm4-1': 23.96, 'm5-1': 158.7, 'm6-1': 96.94, 'm7-1': 1.17, 'm8-1': 25.45}",0.0,inf,inf,inf,162.269,162.269
546,T7,BESTEFFORT,CANCELLED,,52.37,"{'m1-1': 111.3, 'm2-1': 5.59, 'm3-1': 9.93, 'm4-1': 26.2, 'm5-1': 153.52, 'm6-1': 98.58, 'm7-1': 1.04, 'm8-1': 24.82}",0.0,inf,inf,inf,162.37,162.37
547,T4,BESTEFFORT,CANCELLED,,52.606,"{'m1-1': 103.82, 'm2-1': 5.66, 'm3-1': 10.86, 'm4-1': 28.78, 'm5-1': 141.91, 'm6-1': 103.62, 'm7-1': 1.16, 'm8-1': 24.79}",0.0,inf,inf,inf,162.606,162.606
548,T6,BESTEFFORT,MISSED,m5-1,52.636,"{'m1-1': 107.97, 'm2-1': 5.23, 'm3-1': 10.4, 'm4-1': 27.94, 'm5-1': 154.15, 'm6-1': 102.55, 'm7-1': 0.99, 'm8-1': 27.08}",4.7250000000000085,159.486,inf,162.636,162.636,162.636
549,T5,BESTEFFORT,CANCELLED,,52.725,"{'m1-1': 99.87, 'm2-1': 5.1, 'm3-1': 10.28, 'm4-1': 26.14, 'm5-1': 157.7, 'm6-1': 112.86, 'm7-1': 1.09, 'm8-1': 25.24}",0.0,inf,inf,inf,162.725,162.725
550,T2,BESTEFFORT,CANCELLED,,52.761,"{'m1-1': 93.56, 'm2-1': 5.46, 'm3-1': 11.64, 'm4-1': 26.6, 'm5-1': 145.11, 'm6-1': 92.14, 'm7-1': 1.04, 'm8-1': 24.8}",0.0,inf,inf,inf,162.761,162.761
551,T6,BESTEFFORT,MISSED,m5-1,52.985,"{'m1-1': 107.93, 'm2-1': 5.21, 'm3-1': 10.61, 'm4-1': 26.93, 'm5-1': 168.29, 'm6-1': 113.23, 'm7-1': 1.12, 'm8-1': 27.36}",0.5235000000000269,162.636,inf,162.985,162.985,162.985
552,T7,BESTEFFORT,COMPLETED,m7-1,53.317,"{'m1-1': 105.34, 'm2-1': 5.57, 'm3-1': 10.31, 'm4-1': 25.1, 'm5-1': 153.98, 'm6-1': 96.38, 'm7-1': 1.03, 'm8-1': 27.66}",1.545,161.94900000000004,162.97900000000004,inf,163.317,163.317
553,T7,BESTEFFORT,CANCELLED,,53.599,"{'m1-1': 118.96, 'm2-1': 5.83, 'm3-1': 10.78, 'm4-1': 25.03, 'm5-1': 168.65, 'm6-1': 105.55, 'm7-1': 1.14, 'm8-1': 26.1}",0.0,inf,inf,inf,163.599,163.599
554,T9,BESTEFFORT,CANCELLED,,53.669,"{'m1-1': 105.16, 'm2-1': 5.45, 'm3-1': 10.44, 'm4-1': 25.81, 'm5-1': 155.96, 'm6-1': 107.87, 'm7-1': 0.93, 'm8-1': 26.14}",0.0,inf,inf,inf,163.66899999999998,163.66899999999998
555,T7,BESTEFFORT,CANCELLED,,53.697,"{'m1-1': 105.01, 'm2-1': 5.88, 'm3-1': 9.57, 'm4-1': 25.53, 'm5-1': 171.7, 'm6-1': 102.51, 'm7-1': 1.07, 'm8-1': 28.53}",0.0,inf,inf,inf,163.697,163.697
556,T3,BESTEFFORT,CANCELLED,,53.729,"{'m1-1': 107.72, 'm2-1': 5.18, 'm3-1': 10.37, 'm4-1': 27.13, 'm5-1': 157.15, 'm6-1': 112.73, 'm7-1': 1.08, 'm8-1': 25.28}",0.0,inf,inf,inf,163.72899999999998,163.72899999999998
557,T10,BESTEFFORT,CANCELLED,,53.795,"{'m1-1': 99.84, 'm2-1': 5.46, 'm3-1': 10.41, 'm4-1': 24.45, 'm5-1': 147.18, 'm6-1': 110.89, 'm7-1': 1.15, 'm8-1': 27.22}",0.0,inf,inf,inf,163.79500000000002,163.79500000000002
558,T7,BESTEFFORT,CANCELLED,,53.833,"{'m1-1': 107.7, 'm2-1': 5.36, 'm3-1': 10.75, 'm4-1': 25.74, 'm5-1': 172.04, 'm6-1': 96.71, 'm7-1': 1.11, 'm8-1': 24.91}",0.0,inf,inf,inf,163.833,163.833
559,T10,BESTEFFORT,CANCELLED,,53.883,"{'m1-1': 97.78, 'm2-1': 5.19, 'm3-1': 10.66, 'm4-1': 27.94, 'm5-1': 169.3, 'm6-1': 110.37, 'm7-1': 1.12, 'm8-1': 24.6}",0.0,inf,inf,inf,163.883,163.883
560,T4,BESTEFFORT,CANCELLED,,53.923,"{'m1-1': 101.15, 'm2-1': 5.41, 'm3-1': 10.59, 'm4-1': 24.34, 'm5-1': 149.5, 'm6-1': 101.39, 'm7-1': 1.1, 'm8-1': 25.04}",0.0,inf,inf,inf,163.923,163.923
561,T7,BESTEFFORT,CANCELLED,,53.978,"{'m1-1': 110.14, 'm2-1': 5.88, 'm3-1': 9.82, 'm4-1': 25.94, 'm5-1': 164.53, 'm6-1': 101.19, 'm7-1': 1.01, 'm8-1': 25.34}",0.0,inf,inf,inf,163.978,163.978
562,T2,BESTEFFORT,COMPLETED,m7-1,54.108,"{'m1-1': 104.38, 'm2-1': 5.6, 'm3-1': 10.01, 'm4-1': 23.72, 'm5-1': 149.51, 'm6-1': 108.44, 'm7-1': 1.08, 'm8-1': 26.26}",1.62,162.97900000000004,164.05900000000005,inf,164.108,164.108
563,T8,BESTEFFORT,CANCELLED,,54.385,"{'m1-1': 109.4, 'm2-1': 5.16, 'm3-1': 9.81, 'm4-1': 25.63, 'm5-1': 144.01, 'm6-1': 118.63, 'm7-1': 1.04, 'm8-1': 27.48}",0.0,inf,inf,inf,164.385,164.385
564,T1,BESTEFFORT,CANCELLED,,54.413,"{'m1-1': 97.7, 'm2-1': 5.72, 'm3-1': 10.09, 'm4-1': 26.35, 'm5-1': 149.34, 'm6-1': 103.15, 'm7-1': 1.1, 'm8-1': 25.52}",0.0,inf,inf,inf,164.413,164.413
565,T4,BESTEFFORT,CANCELLED,,54.419,"{'m1-1': 102.18, 'm2-1': 5.15, 'm3-1': 9.63, 'm4-1': 28.57, 'm5-1': 163.71, 'm6-1': 100.63, 'm7-1': 1.08, 'm8-1': 27.71}",0.0,inf,inf,inf,164.41899999999998,164.41899999999998
566,T8,BESTEFFORT,CANCELLED,,54.434,"{'m1-1': 111.64, 'm2-1': 5.18, 'm3-1': 9.82, 'm4-1': 25.37, 'm5-1': 144.3, 'm6-1': 101.11, 'm7-1': 1.0, 'm8-1': 24.61}",0.0,inf,inf,inf,164.434,164.434
567,T9,BESTEFFORT,CANCELLED,,54.458,"{'m1-1': 99.37, 'm2-1': 5.72, 'm3-1': 10.04, 'm4-1': 28.93, 'm5-1': 161.76, 'm6-1': 108.08, 'm7-1': 0.94, 'm8-1': 28.4}",0.0,inf,inf,inf,164.458,164.458
568,T3,BESTEFFORT,MISSED,m5-1,54.813,"{'m1-1': 101.19, 'm2-1': 5.72, 'm3-1': 10.78, 'm4-1': 29.17, 'm5-1': 153.79, 'm6-1': 112.43, 'm7-1': 1.08, 'm8-1': 26.18}",2.741999999999962,162.985,inf,164.813,164.813,164.813
569,T4,BESTEFFORT,CANCELLED,,54.876,"{'m1-1': 99.23, 'm2-1': 5.66, 'm3-1': 11.1, 'm4-1': 25.27, 'm5-1': 140.98, 'm6-1': 94.91, 'm7-1': 1.12, 'm8-1': 25.0}",0.0,inf,inf,inf,164.876,164.876
570,T2,BESTEFFORT,CANCELLED,,54.959,"{'m1-1': 96.07, 'm2-1': 5.61, 'm3-1': 10.8, 'm4-1': 25.91, 'm5-1': 146.02, 'm6-1': 98.6, 'm7-1': 1.05, 'm8-1': 27.03}",0.0,inf,inf,inf,164.959,164.959
571,T9,BESTEFFORT,CANCELLED,,54.971,"{'m1-1': 104.83, 'm2-1': 5.4, 'm3-1': 10.85, 'm4-1': 26.3, 'm5-1': 160.99, 'm6-1': 108.65, 'm7-1': 1.01, 'm8-1': 27.67}",0.0,inf,inf,inf,164.971,164.971
572,T5,BESTEFFORT,CANCELLED,,55.081,"{'m1-1': 94.32, 'm2-1': 5.74, 'm3-1': 11.35, 'm4-1': 25.15, 'm5-1': 159.42, 'm6-1': 101.33, 'm7-1': 1.12, 'm8-1': 25.51}",0.0,inf,inf,inf,165.08100000000002,165.08100000000002
573,T2,BESTEFFORT,COMPLETED,m7-1,55.226,"{'m1-1': 109.27, 'm2-1': 5.06, 'm3-1': 11.03, 'm4-1': 26.37, 'm5-1': 163.54, 'm6-1': 94.58, 'm7-1': 1.05, 'm8-1': 26.57}",1.5750000000000002,164.05900000000005,165.10900000000007,inf,165.226,165.226
574,T2,BESTEFFORT,CANCELLED,,55.275,"{'m1-1': 104.44, 'm2-1': 5.6, 'm3-1': 10.16, 'm4-1': 26.26, 'm5-1': 147.65, 'm6-1': 91.58, 'm7-1': 0.94, 'm8-1': 23.07}",0.0,inf,inf,inf,165.275,165.275
575,T4,BESTEFFORT,CANCELLED,,55.426,"{'m1-1': 93.52, 'm2-1': 5.26, 'm3-1': 10.01, 'm4-1': 25.32, 'm5-1': 155.36, 'm6-1': 101.32, 'm7-1': 1.12, 'm8-1': 26.96}",0.0,inf,inf,inf,165.426,165.426
576,T4,BESTEFFORT,CANCELLED,,55.602,"{'m1-1': 108.63, 'm2-1': 5.33, 'm3-1': 10.99, 'm4-1': 26.63, 'm5-1': 152.13, 'm6-1': 105.95, 'm7-1': 1.05, 'm8-1': 24.6}",0.0,inf,inf,inf,165.602,165.602
577,T8,BESTEFFORT,CANCELLED,,55.622,"{'m1-1': 104.71, 'm2-1': 5.43, 'm3-1': 10.35, 'm4-1': 27.34, 'm5-1': 168.04, 'm6-1': 105.17, 'm7-1': 1.05, 'm8-1': 23.58}",0.0,inf,inf,inf,165.622,165.622
578,T3,BESTEFFORT,CANCELLED,,55.867,"{'m1-1': 116.52, 'm2-1': 5.73, 'm3-1': 10.2, 'm4-1': 26.31, 'm5-1': 172.19, 'm6-1': 100.73, 'm7-1': 1.12, 'm8-1': 26.83}",0.0,inf,inf,inf,165.867,165.867
579,T10,BESTEFFORT,CANCELLED,,55.878,"{'m1-1': 98.73, 'm2-1': 4.93, 'm3-1': 10.87, 'm4-1': 27.01, 'm5-1': 150.78, 'm6-1': 99.97, 'm7-1': 1.07, 'm8-1': 25.68}",0.0,inf,inf,inf,165.878,165.878
580,T8,BESTEFFORT,CANCELLED,,55.906,"{'m1-1': 107.56, 'm2-1': 5.32, 'm3-1': 10.54, 'm4-1': 23.9, 'm5-1': 157.37, 'm6-1': 109.67, 'm7-1': 0.94, 'm8-1': 25.36}",0.0,inf,inf,inf,165.906,165.906
581,T2,BESTEFFORT,CANCELLED,,56.057,"{'m1-1': 105.93, 'm2-1': 4.87, 'm3-1': 10.08, 'm4-1': 27.43, 'm5-1': 161.14, 'm6-1': 106.69, 'm7-1': 0.95, 'm8-1': 26.51}",0.0,inf,inf,inf,166.05700000000002,166.05700000000002
582,T2,BESTEFFORT,CANCELLED,,56.06,"{'m1-1': 105.85, 'm2-1': 5.52, 'm3-1': 10.01, 'm4-1': 24.54, 'm5-1': 157.82, 'm6-1': 92.35, 'm7-1': 1.03, 'm8-1': 25.52}",0.0,inf,inf,inf,166.06,166.06
583,T4,BESTEFFORT,MISSED,m7-1,56.117,"{'m1-1': 103.82, 'm2-1': 5.74, 'm3-1': 10.8, 'm4-1': 28.39, 'm5-1': 155.77, 'm6-1': 108.6, 'm7-1': 1.05, 'm8-1': 27.54}",1.5119999999998868,165.10900000000007,inf,166.117,166.117,166.117
584,T7,BESTEFFORT,CANCELLED,,56.262,"{'m1-1': 110.82, 'm2-1': 5.74, 'm3-1': 11.19, 'm4-1': 25.83, 'm5-1': 151.24, 'm6-1': 102.09, 'm7-1': 1.12, 'm8-1': 27.62}",0.0,inf,inf,inf,166.262,166.262
585,T10,BESTEFFORT,CANCELLED,,56.314,"{'m1-1': 100.38, 'm2-1': 5.13, 'm3-1': 9.93, 'm4-1': 25.59, 'm5-1': 168.97, 'm6-1': 111.79, 'm7-1': 1.14, 'm8-1': 26.36}",0.0,inf,inf,inf,166.314,166.314
586,T7,BESTEFFORT,CANCELLED,,56.337,"{'m1-1': 102.08, 'm2-1': 5.19, 'm3-1': 10.36, 'm4-1': 24.36, 'm5-1': 161.07, 'm6-1': 110.6, 'm7-1': 1.01, 'm8-1': 28.25}",0.0,inf,inf,inf,166.337,166.337
587,T5,BESTEFFORT,CANCELLED,,56.439,"{'m1-1': 104.07, 'm2-1': 5.66, 'm3-1': 11.08, 'm4-1': 27.57, 'm5-1': 155.58, 'm6-1': 111.06, 'm7-1': 1.01, 'm8-1': 26.54}",0.0,inf,inf,inf,166.439,166.439
588,T1,BESTEFFORT,CANCELLED,,56.449,"{'m1-1': 105.89, 'm2-1': 5.19, 'm3-1': 10.45, 'm4-1': 23.45, 'm5-1': 168.71, 'm6-1': 98.1, 'm7-1': 1.05, 'm8-1': 24.65}",0.0,inf,inf,inf,166.449,166.449
589,T1,BESTEFFORT,CANCELLED,,56.468,"{'m1-1': 99.05, 'm2-1': 5.69, 'm3-1': 10.21, 'm4-1': 25.73, 'm5-1': 161.52, 'm6-1': 110.73, 'm7-1': 1.12, 'm8-1': 27.58}",0.0,inf,inf,inf,166.46800000000002,166.46800000000002
590,T8,BESTEFFORT,CANCELLED,,56.687,"{'m1-1': 109.36, 'm2-1': 5.19, 'm3-1': 10.41, 'm4-1': 26.7, 'm5-1': 160.38, 'm6-1': 101.17, 'm7-1': 1.09, 'm8-1': 25.41}",0.0,inf,inf,inf,166.687,166.687
591,T5,BESTEFFORT,CANCELLED,,56.72,"{'m1-1': 103.42, 'm2-1': 4.94, 'm3-1': 11.39, 'm4-1': 27.08, 'm5-1': 154.6, 'm6-1': 104.21, 'm7-1': 1.19, 'm8-1': 25.94}",0.0,inf,inf,inf,166.72,166.72
592,T8,BESTEFFORT,CANCELLED,,56.753,"{'m1-1': 112.88, 'm2-1': 5.34, 'm3-1': 11.45, 'm4-1': 26.22, 'm5-1': 162.24, 'm6-1': 114.86, 'm7-1': 0.93, 'm8-1': 27.07}",0.0,inf,inf,inf,166.753,166.753
593,T9,BESTEFFORT,MISSED,m7-1,57.0,"{'m1-1': 102.89, 'm2-1': 5.64, 'm3-1': 10.15, 'm4-1': 25.32, 'm5-1': 160.75, 'm6-1': 102.6, 'm7-1': 1.09, 'm8-1': 25.31}",1.3245000000000147,166.117,inf,167.0,167.0,167.0
594,T7,BESTEFFORT,MISSED,m5-1,57.036,"{'m1-1': 109.66, 'm2-1': 5.18, 'm3-1': 10.58, 'm4-1': 27.05, 'm5-1': 171.18, 'm6-1': 98.11, 'm7-1': 1.01, 'm8-1': 28.06}",0.0,171.608,inf,171.608,167.036,167.036
595,T10,BESTEFFORT,CANCELLED,,57.181,"{'m1-1': 98.75, 'm2-1': 4.96, 'm3-1': 9.66, 'm4-1': 28.63, 'm5-1': 157.02, 'm6-1': 101.29, 'm7-1': 0.98, 'm8-1': 28.3}",0.0,inf,inf,inf,167.18099999999998,167.18099999999998
596,T6,BESTEFFORT,CANCELLED,,57.222,"{'m1-1': 108.44, 'm2-1': 5.31, 'm3-1': 10.25, 'm4-1': 28.25, 'm5-1': 158.07, 'm6-1': 96.53, 'm7-1': 1.17, 'm8-1': 25.92}",0.0,inf,inf,inf,167.222,167.222
597,T8,BESTEFFORT,CANCELLED,,57.283,"{'m1-1': 102.95, 'm2-1': 4.88, 'm3-1': 10.12, 'm4-1': 26.51, 'm5-1': 161.92, 'm6-1': 115.73, 'm7-1': 1.01, 'm8-1': 27.51}",0.0,inf,inf,inf,167.28300000000002,167.28300000000002
598,T9,BESTEFFORT,CANCELLED,,57.314,"{'m1-1': 96.39, 'm2-1': 5.19, 'm3-1': 10.91, 'm4-1': 28.03, 'm5-1': 145.9, 'm6-1': 109.4, 'm7-1': 1.03, 'm8-1': 26.16}",0.0,inf,inf,inf,167.314,167.314
599,T4,BESTEFFORT,CANCELLED,,57.314,"{'m1-1': 107.1, 'm2-1': 5.43, 'm3-1': 10.6, 'm4-1': 25.4, 'm5-1': 162.18, 'm6-1': 99.21, 'm7-1': 1.05, 'm8-1': 25.18}",0.0,inf,inf,inf,167.314,167.314
600,T1,BESTEFFORT,CANCELLED,,57.325,"{'m1-1': 108.55, 'm2-1': 5.21, 'm3-1': 10.27, 'm4-1': 26.61, 'm5-1': 174.43, 'm6-1': 105.41, 'm7-1': 1.14, 'm8-1': 27.76}",0.0,inf,inf,inf,167.325,167.325
601,T5,BESTEFFORT,COMPLETED,m2-1,57.461,"{'m1-1': 103.47, 'm2-1': 4.94, 'm3-1': 10.08, 'm4-1': 25.57, 'm5-1': 154.25, 'm6-1': 106.85, 'm7-1': 1.16, 'm8-1': 24.86}",7.41,161.786,166.726,inf,167.461,167.461
602,T9,BESTEFFORT,CANCELLED,,57.516,"{'m1-1': 103.16, 'm2-1': 5.45, 'm3-1': 10.5, 'm4-1': 28.85, 'm5-1': 142.01, 'm6-1': 114.75, 'm7-1': 1.0, 'm8-1': 25.85}",0.0,inf,inf,inf,167.516,167.516
603,T8,BESTEFFORT,CANCELLED,,57.835,"{'m1-1': 100.51, 'm2-1': 5.1, 'm3-1': 11.56, 'm4-1': 27.25, 'm5-1': 160.38, 'm6-1': 102.54, 'm7-1': 1.04, 'm8-1': 26.42}",0.0,inf,inf,inf,167.835,167.835
604,T2,BESTEFFORT,CANCELLED,,57.864,"{'m1-1': 109.24, 'm2-1': 5.11, 'm3-1': 10.32, 'm4-1': 26.94, 'm5-1': 153.19, 'm6-1': 97.85, 'm7-1': 1.01, 'm8-1': 27.03}",0.0,inf,inf,inf,167.864,167.864
605,T2,BESTEFFORT,CANCELLED,,57.903,"{'m1-1': 110.21, 'm2-1': 5.56, 'm3-1': 10.58, 'm4-1': 26.62, 'm5-1': 156.98, 'm6-1': 103.01, 'm7-1': 0.99, 'm8-1': 27.34}",0.0,inf,inf,inf,167.903,167.903
606,T2,BESTEFFORT,CANCELLED,,58.007,"{'m1-1': 106.89, 'm2-1': 5.05, 'm3-1': 10.33, 'm4-1': 24.58, 'm5-1': 161.56, 'm6-1': 96.71, 'm7-1': 1.04, 'm8-1': 25.03}",0.0,inf,inf,inf,168.007,168.007
607,T8,BESTEFFORT,CANCELLED,,58.086,"{'m1-1': 104.29, 'm2-1': 5.18, 'm3-1': 9.84, 'm4-1': 28.09, 'm5-1': 158.72, 'm6-1': 116.89, 'm7-1': 1.07, 'm8-1': 25.2}",0.0,inf,inf,inf,168.086,168.086
608,T2,BESTEFFORT,COMPLETED,m7-1,58.148,"{'m1-1': 103.25, 'm2-1': 5.0, 'm3-1': 10.25, 'm4-1': 26.59, 'm5-1': 162.17, 'm6-1': 100.88, 'm7-1': 1.05, 'm8-1': 24.22}",1.5750000000000002,167.0,168.05,inf,168.148,168.148
609,T5,BESTEFFORT,CANCELLED,,58.291,"{'m1-1': 97.42, 'm2-1': 5.15, 'm3-1': 11.55, 'm4-1': 25.93, 'm5-1': 141.26, 'm6-1': 109.54, 'm7-1': 1.16, 'm8-1': 26.28}",0.0,inf,inf,inf,168.291,168.291
610,T5,BESTEFFORT,CANCELLED,,58.365,"{'m1-1': 101.9, 'm2-1': 5.76, 'm3-1': 10.51, 'm4-1': 25.13, 'm5-1': 155.7, 'm6-1': 114.03, 'm7-1': 1.02, 'm8-1': 24.7}",0.0,inf,inf,inf,168.365,168.365
611,T10,BESTEFFORT,CANCELLED,,58.462,"{'m1-1': 105.35, 'm2-1': 5.15, 'm3-1': 9.75, 'm4-1': 26.23, 'm5-1': 147.61, 'm6-1': 111.82, 'm7-1': 1.07, 'm8-1': 24.86}",0.0,inf,inf,inf,168.462,168.462
612,T3,BESTEFFORT,CANCELLED,,58.512,"{'m1-1': 105.74, 'm2-1': 5.46, 'm3-1': 10.19, 'm4-1': 26.42, 'm5-1': 164.56, 'm6-1': 108.01, 'm7-1': 0.96, 'm8-1': 25.13}",0.0,inf,inf,inf,168.512,168.512
613,T8,BESTEFFORT,CANCELLED,,58.663,"{'m1-1': 108.49, 'm2-1': 5.02, 'm3-1': 11.37, 'm4-1': 27.14, 'm5-1': 167.3, 'm6-1': 108.07, 'm7-1': 0.96, 'm8-1': 25.08}",0.0,inf,inf,inf,168.663,168.663
614,T5,BESTEFFORT,CANCELLED,,58.739,"{'m1-1': 99.76, 'm2-1': 5.42, 'm3-1': 10.16, 'm4-1': 25.7, 'm5-1': 144.08, 'm6-1': 100.48, 'm7-1': 1.03, 'm8-1': 24.74}",0.0,inf,inf,inf,168.739,168.739
615,T6,BESTEFFORT,CANCELLED,,58.919,"{'m1-1': 102.63, 'm2-1': 4.65, 'm3-1': 9.37, 'm4-1': 27.04, 'm5-1': 166.74, 'm6-1': 112.22, 'm7-1': 1.05, 'm8-1': 25.65}",0.0,inf,inf,inf,168.91899999999998,168.91899999999998
616,T2,BESTEFFORT,CANCELLED,,58.953,"{'m1-1': 99.54, 'm2-1': 5.22, 'm3-1': 10.41, 'm4-1': 27.46, 'm5-1': 146.48, 'm6-1': 104.74, 'm7-1': 1.08, 'm8-1': 24.74}",0.0,inf,inf,inf,168.953,168.953
617,T2,BESTEFFORT,CANCELLED,,58.956,"{'m1-1': 95.52, 'm2-1': 5.23, 'm3-1': 10.6, 'm4-1': 25.28, 'm5-1': 163.28, 'm6-1': 97.2, 'm7-1': 1.1, 'm8-1': 25.91}",0.0,inf,inf,inf,168.95600000000002,168.95600000000002
618,T8,BESTEFFORT,CANCELLED,,59.047,"{'m1-1': 103.55, 'm2-1': 5.34, 'm3-1': 10.35, 'm4-1': 26.75, 'm5-1': 162.48, 'm6-1': 110.18, 'm7-1': 1.06, 'm8-1': 24.48}",0.0,inf,inf,inf,169.047,169.047
619,T3,BESTEFFORT,CANCELLED,,59.089,"{'m1-1': 106.54, 'm2-1': 5.12, 'm3-1': 9.97, 'm4-1': 28.31, 'm5-1': 153.42, 'm6-1': 103.75, 'm7-1': 1.07, 'm8-1': 27.76}",0.0,inf,inf,inf,169.089,169.089
620,T2,BESTEFFORT,COMPLETED,m7-1,59.263,"{'m1-1': 107.1, 'm2-1': 4.85, 'm3-1': 10.06, 'm4-1': 26.82, 'm5-1': 169.22, 'm6-1': 102.08, 'm7-1': 1.09, 'm8-1': 26.64}",1.6350000000000002,168.05,169.14000000000001,inf,169.263,169.263
621,T2,BESTEFFORT,CANCELLED,,59.419,"{'m1-1': 103.3, 'm2-1': 5.52, 'm3-1': 10.74, 'm4-1': 27.36, 'm5-1': 165.37, 'm6-1': 103.22, 'm7-1': 1.08, 'm8-1': 26.09}",0.0,inf,inf,inf,169.41899999999998,169.41899999999998
622,T1,BESTEFFORT,MISSED,m5-1,59.421,"{'m1-1': 97.22, 'm2-1': 5.74, 'm3-1': 10.98, 'm4-1': 23.6, 'm5-1': 158.9, 'm6-1': 110.62, 'm7-1': 1.16, 'm8-1': 24.48}",0.0,171.608,inf,171.608,169.421,169.421
623,T8,BESTEFFORT,CANCELLED,,59.622,"{'m1-1': 98.59, 'm2-1': 5.19, 'm3-1': 11.2, 'm4-1': 27.95, 'm5-1': 167.74, 'm6-1': 118.34, 'm7-1': 1.1, 'm8-1': 25.68}",0.0,inf,inf,inf,169.622,169.622
624,T7,BESTEFFORT,CANCELLED,,59.674,"{'m1-1': 106.02, 'm2-1': 5.06, 'm3-1': 9.75, 'm4-1': 24.06, 'm5-1': 155.29, 'm6-1': 101.92, 'm7-1': 1.18, 'm8-1': 26.71}",0.0,inf,inf,inf,169.674,169.674
625,T3,BESTEFFORT,CANCELLED,,60.073,"{'m1-1': 107.12, 'm2-1': 5.76, 'm3-1': 9.63, 'm4-1': 28.81, 'm5-1': 154.9, 'm6-1': 116.6, 'm7-1': 1.11, 'm8-1': 25.52}",0.0,inf,inf,inf,170.073,170.073
626,T6,BESTEFFORT,CANCELLED,,60.187,"{'m1-1': 104.79, 'm2-1': 5.1, 'm3-1': 9.77, 'm4-1': 26.7, 'm5-1': 168.48, 'm6-1': 109.85, 'm7-1': 1.16, 'm8-1': 29.54}",0.0,inf,inf,inf,170.187,170.187
627,T6,BESTEFFORT,MISSED,m5-1,60.667,"{'m1-1': 101.96, 'm2-1': 5.23, 'm3-1': 10.66, 'm4-1': 25.54, 'm5-1': 164.65, 'm6-1': 96.36, 'm7-1': 1.17, 'm8-1': 25.26}",0.0,171.608,inf,171.608,170.667,170.667
628,T9,BESTEFFORT,COMPLETED,m7-1,60.748,"{'m1-1': 108.54, 'm2-1': 5.81, 'm3-1': 10.77, 'm4-1': 25.17, 'm5-1': 163.5, 'm6-1': 109.75, 'm7-1': 1.06, 'm8-1': 28.52}",1.59,169.14000000000001,170.20000000000002,inf,170.748,170.748
629,T9,BESTEFFORT,CANCELLED,,60.795,"{'m1-1': 108.0, 'm2-1': 5.15, 'm3-1': 9.73, 'm4-1': 28.7, 'm5-1': 160.57, 'm6-1': 109.9, 'm7-1': 1.05, 'm8-1': 25.65}",0.0,inf,inf,inf,170.79500000000002,170.79500000000002
630,T8,BESTEFFORT,CANCELLED,,60.82,"{'m1-1': 97.83, 'm2-1': 4.93, 'm3-1': 10.68, 'm4-1': 24.12, 'm5-1': 169.81, 'm6-1': 109.77, 'm7-1': 0.96, 'm8-1': 27.2}",0.0,inf,inf,inf,170.82,170.82
631,T1,BESTEFFORT,CANCELLED,,60.821,"{'m1-1': 110.21, 'm2-1': 5.41, 'm3-1': 10.59, 'm4-1': 23.68, 'm5-1': 151.02, 'm6-1': 110.68, 'm7-1': 1.02, 'm8-1': 23.78}",0.0,inf,inf,inf,170.821,170.821
632,T9,BESTEFFORT,CANCELLED,,60.859,"{'m1-1': 99.7, 'm2-1': 5.45, 'm3-1': 11.13, 'm4-1': 26.35, 'm5-1': 165.03, 'm6-1': 105.78, 'm7-1': 0.93, 'm8-1': 25.87}",0.0,inf,inf,inf,170.859,170.859
633,T10,BESTEFFORT,CANCELLED,,60.883,"{'m1-1': 109.52, 'm2-1': 5.04, 'm3-1': 9.65, 'm4-1': 27.11, 'm5-1': 155.5, 'm6-1': 105.12, 'm7-1': 1.12, 'm8-1': 25.01}",0.0,inf,inf,inf,170.883,170.883
634,T5,BESTEFFORT,COMPLETED,m3-1,60.937,"{'m1-1': 95.82, 'm2-1': 5.55, 'm3-1': 10.35, 'm4-1': 26.34, 'm5-1': 143.15, 'm6-1': 112.85, 'm7-1': 1.19, 'm8-1': 24.72}",15.524999999999999,160.578,170.928,inf,170.937,170.937
635,T6,BESTEFFORT,CANCELLED,,61.054,"{'m1-1': 106.43, 'm2-1': 5.01, 'm3-1': 10.63, 'm4-1': 25.25, 'm5-1': 175.75, 'm6-1': 101.65, 'm7-1': 1.09, 'm8-1': 25.84}",0.0,inf,inf,inf,171.054,171.054
636,T2,BESTEFFORT,MISSED,m7-1,61.185,"{'m1-1': 98.19, 'm2-1': 5.15, 'm3-1': 11.59, 'm4-1': 23.34, 'm5-1': 152.4, 'm6-1': 99.2, 'm7-1': 1.07, 'm8-1': 24.09}",1.4774999999999778,170.20000000000002,inf,171.185,171.185,171.185
637,T6,BESTEFFORT,CANCELLED,,61.2,"{'m1-1': 105.84, 'm2-1': 5.38, 'm3-1': 9.78, 'm4-1': 25.5, 'm5-1': 164.86, 'm6-1': 109.08, 'm7-1': 1.06, 'm8-1': 25.57}",0.0,inf,inf,inf,171.2,171.2
638,T7,BESTEFFORT,CANCELLED,,61.234,"{'m1-1': 101.64, 'm2-1': 5.88, 'm3-1': 10.56, 'm4-1': 23.62, 'm5-1': 164.46, 'm6-1': 114.11, 'm7-1': 1.03, 'm8-1': 27.74}",0.0,inf,inf,inf,171.234,171.234
639,T5,BESTEFFORT,CANCELLED,,61.288,"{'m1-1': 102.78, 'm2-1': 5.08, 'm3-1': 11.05, 'm4-1': 25.21, 'm5-1': 156.16, 'm6-1': 115.54, 'm7-1': 1.08, 'm8-1': 26.8}",0.0,inf,inf,inf,171.288,171.288
640,T4,BESTEFFORT,CANCELLED,,61.33,"{'m1-1': 106.83, 'm2-1': 4.88, 'm3-1': 10.15, 'm4-1': 27.93, 'm5-1': 159.79, 'm6-1': 109.48, 'm7-1': 1.16, 'm8-1': 26.92}",0.0,inf,inf,inf,171.32999999999998,171.32999999999998
641,T2,BESTEFFORT,CANCELLED,,61.509,"{'m1-1': 106.47, 'm2-1': 5.22, 'm3-1': 10.92, 'm4-1': 25.68, 'm5-1': 160.14, 'm6-1': 94.2, 'm7-1': 1.0, 'm8-1': 23.28}",0.0,inf,inf,inf,171.50900000000001,171.50900000000001
642,T3,BESTEFFORT,MISSED,m5-1,61.608,"{'m1-1': 110.48, 'm2-1': 5.32, 'm3-1': 9.87, 'm4-1': 25.89, 'm5-1': 167.5, 'm6-1': 115.81, 'm7-1': 1.02, 'm8-1': 27.94}",10.192500000000024,164.813,inf,171.608,171.608,171.608
643,T4,BESTEFFORT,CANCELLED,,61.626,"{'m1-1': 104.14, 'm2-1': 5.34, 'm3-1': 9.86, 'm4-1': 26.21, 'm5-1': 143.5, 'm6-1': 108.78, 'm7-1': 1.01, 'm8-1': 25.87}",0.0,inf,inf,inf,171.626,171.626
644,T4,BESTEFFORT,CANCELLED,,61.676,"{'m1-1': 106.83, 'm2-1': 5.58, 'm3-1': 9.74, 'm4-1': 24.25, 'm5-1': 159.52, 'm6-1': 100.1, 'm7-1': 1.15, 'm8-1': 27.24}",0.0,inf,inf,inf,171.676,171.676
645,T1,BESTEFFORT,CANCELLED,,61.708,"{'m1-1': 105.82, 'm2-1': 5.48, 'm3-1': 9.56, 'm4-1': 27.05, 'm5-1': 173.01, 'm6-1': 97.03, 'm7-1': 1.06, 'm8-1': 27.8}",0.0,inf,inf,inf,171.708,171.708
646,T5,BESTEFFORT,CANCELLED,,61.742,"{'m1-1': 93.99, 'm2-1': 5.0, 'm3-1': 10.7, 'm4-1': 26.59, 'm5-1': 144.87, 'm6-1': 106.85, 'm7-1': 1.09, 'm8-1': 25.31}",0.0,inf,inf,inf,171.742,171.742
647,T6,BESTEFFORT,CANCELLED,,61.769,"{'m1-1': 108.25, 'm2-1': 4.84, 'm3-1': 10.18, 'm4-1': 27.06, 'm5-1': 176.23, 'm6-1': 98.98, 'm7-1': 1.04, 'm8-1': 29.48}",0.0,inf,inf,inf,171.769,171.769
648,T2,BESTEFFORT,CANCELLED,,61.871,"{'m1-1': 101.26, 'm2-1': 5.15, 'm3-1': 10.16, 'm4-1': 26.59, 'm5-1': 162.07, 'm6-1': 99.77, 'm7-1': 0.93, 'm8-1': 24.29}",0.0,inf,inf,inf,171.871,171.871
649,T3,BESTEFFORT,MISSED,m5-1,61.89,"{'m1-1': 106.35, 'm2-1': 5.42, 'm3-1': 9.67, 'm4-1': 27.17, 'm5-1': 160.85, 'm6-1': 108.5, 'm7-1': 1.08, 'm8-1': 27.62}",0.4229999999999734,171.608,inf,171.89,171.89,171.89
650,T7,BESTEFFORT,CANCELLED,,61.914,"{'m1-1': 103.44, 'm2-1': 5.48, 'm3-1': 9.46, 'm4-1': 25.47, 'm5-1': 158.8, 'm6-1': 99.28, 'm7-1': 1.14, 'm8-1': 26.23}",0.0,inf,inf,inf,171.914,171.914
651,T2,BESTEFFORT,CANCELLED,,62.062,"{'m1-1': 95.31, 'm2-1': 4.86, 'm3-1': 11.34, 'm4-1': 23.8, 'm5-1': 150.3, 'm6-1': 108.43, 'm7-1': 0.96, 'm8-1': 23.16}",0.0,inf,inf,inf,172.062,172.062
652,T3,BESTEFFORT,MISSED,m7-1,62.161,"{'m1-1': 100.2, 'm2-1': 5.03, 'm3-1': 10.1, 'm4-1': 26.92, 'm5-1': 152.83, 'm6-1': 99.1, 'm7-1': 1.06, 'm8-1': 27.19}",1.4639999999999986,171.185,inf,172.161,172.161,172.161
653,T3,BESTEFFORT,CANCELLED,,62.429,"{'m1-1': 109.93, 'm2-1': 5.46, 'm3-1': 9.91, 'm4-1': 29.45, 'm5-1': 173.25, 'm6-1': 113.78, 'm7-1': 1.07, 'm8-1': 25.44}",0.0,inf,inf,inf,172.429,172.429
654,T10,BESTEFFORT,CANCELLED,,62.453,"{'m1-1': 110.23, 'm2-1': 5.34, 'm3-1': 9.97, 'm4-1': 26.75, 'm5-1': 173.53, 'm6-1': 105.44, 'm7-1': 1.03, 'm8-1': 24.75}",0.0,inf,inf,inf,172.453,172.453
655,T10,BESTEFFORT,CANCELLED,,62.671,"{'m1-1': 97.0, 'm2-1': 5.29, 'm3-1': 10.54, 'm4-1': 28.16, 'm5-1': 150.14, 'm6-1': 109.93, 'm7-1': 1.03, 'm8-1': 27.36}",0.0,inf,inf,inf,172.671,172.671
656,T10,BESTEFFORT,COMPLETED,m2-1,62.804,"{'m1-1': 105.5, 'm2-1': 4.72, 'm3-1': 9.72, 'm4-1': 25.02, 'm5-1': 160.43, 'm6-1': 103.06, 'm7-1': 0.98, 'm8-1': 26.3}",7.08,166.726,171.446,inf,172.804,172.804
657,T10,BESTEFFORT,CANCELLED,,62.819,"{'m1-1': 109.48, 'm2-1': 5.39, 'm3-1': 9.99, 'm4-1': 26.9, 'm5-1': 165.69, 'm6-1': 113.81, 'm7-1': 0.99, 'm8-1': 24.29}",0.0,inf,inf,inf,172.81900000000002,172.81900000000002
658,T6,BESTEFFORT,CANCELLED,,62.893,"{'m1-1': 105.74, 'm2-1': 5.04, 'm3-1': 9.59, 'm4-1': 26.22, 'm5-1': 152.91, 'm6-1': 101.59, 'm7-1': 1.12, 'm8-1': 26.3}",0.0,inf,inf,inf,172.893,172.893
659,T10,BESTEFFORT,CANCELLED,,63.034,"{'m1-1': 100.77, 'm2-1': 5.4, 'm3-1': 9.36, 'm4-1': 26.04, 'm5-1': 158.52, 'm6-1': 102.2, 'm7-1': 1.1, 'm8-1': 25.05}",0.0,inf,inf,inf,173.034,173.034
660,T1,BESTEFFORT,MISSED,m5-1,63.054,"{'m1-1': 103.49, 'm2-1': 5.73, 'm3-1': 10.59, 'm4-1': 23.2, 'm5-1': 148.47, 'm6-1': 99.08, 'm7-1': 1.06, 'm8-1': 25.16}",0.0,178.199,inf,178.199,173.054,173.054
661,T10,BESTEFFORT,COMPLETED,m7-1,63.423,"{'m1-1': 104.54, 'm2-1': 4.73, 'm3-1': 10.83, 'm4-1': 24.88, 'm5-1': 160.31, 'm6-1': 111.92, 'm7-1': 1.06, 'm8-1': 25.4}",1.59,172.161,173.221,inf,173.423,173.423
662,T8,BESTEFFORT,CANCELLED,,63.466,"{'m1-1': 97.81, 'm2-1': 4.75, 'm3-1': 10.52, 'm4-1': 24.93, 'm5-1': 153.59, 'm6-1': 117.37, 'm7-1': 1.06, 'm8-1': 25.0}",0.0,inf,inf,inf,173.466,173.466
663,T5,BESTEFFORT,CANCELLED,,63.484,"{'m1-1': 107.01, 'm2-1': 5.81, 'm3-1': 9.88, 'm4-1': 24.0, 'm5-1': 141.67, 'm6-1': 99.18, 'm7-1': 1.09, 'm8-1': 26.67}",0.0,inf,inf,inf,173.484,173.484
664,T7,BESTEFFORT,CANCELLED,,63.526,"{'m1-1': 101.84, 'm2-1': 5.61, 'm3-1': 9.46, 'm4-1': 24.34, 'm5-1': 151.0, 'm6-1': 102.52, 'm7-1': 1.14, 'm8-1': 27.65}",0.0,inf,inf,inf,173.526,173.526
665,T6,BESTEFFORT,CANCELLED,,63.544,"{'m1-1': 103.11, 'm2-1': 5.32, 'm3-1': 10.65, 'm4-1': 27.31, 'm5-1': 153.33, 'm6-1': 101.06, 'm7-1': 1.17, 'm8-1': 26.16}",0.0,inf,inf,inf,173.54399999999998,173.54399999999998
666,T5,BESTEFFORT,CANCELLED,,63.546,"{'m1-1': 104.78, 'm2-1': 5.04, 'm3-1': 10.38, 'm4-1': 27.69, 'm5-1': 152.98, 'm6-1': 104.59, 'm7-1': 1.05, 'm8-1': 26.66}",0.0,inf,inf,inf,173.546,173.546
667,T8,BESTEFFORT,CANCELLED,,63.659,"{'m1-1': 96.43, 'm2-1': 5.32, 'm3-1': 10.9, 'm4-1': 24.53, 'm5-1': 163.56, 'm6-1': 112.29, 'm7-1': 1.03, 'm8-1': 27.51}",0.0,inf,inf,inf,173.659,173.659
668,T9,BESTEFFORT,CANCELLED,,63.777,"{'m1-1': 99.29, 'm2-1': 5.58, 'm3-1': 9.89, 'm4-1': 25.3, 'm5-1': 149.15, 'm6-1': 98.86, 'm7-1': 0.98, 'm8-1': 24.96}",0.0,inf,inf,inf,173.777,173.777
669,T9,BESTEFFORT,CANCELLED,,63.82,"{'m1-1': 96.22, 'm2-1': 5.78, 'm3-1': 9.75, 'm4-1': 27.12, 'm5-1': 160.6, 'm6-1': 105.23, 'm7-1': 0.95, 'm8-1': 26.64}",0.0,inf,inf,inf,173.82,173.82
670,T4,BESTEFFORT,CANCELLED,,63.834,"{'m1-1': 104.7, 'm2-1': 5.24, 'm3-1': 10.01, 'm4-1': 25.11, 'm5-1': 140.14, 'm6-1': 101.01, 'm7-1': 1.1, 'm8-1': 25.01}",0.0,inf,inf,inf,173.834,173.834
671,T9,BESTEFFORT,CANCELLED,,63.894,"{'m1-1': 104.57, 'm2-1': 5.2, 'm3-1': 10.41, 'm4-1': 26.84, 'm5-1': 158.43, 'm6-1': 110.79, 'm7-1': 1.05, 'm8-1': 28.83}",0.0,inf,inf,inf,173.894,173.894
672,T4,BESTEFFORT,COMPLETED,m7-1,64.287,"{'m1-1': 99.9, 'm2-1': 5.32, 'm3-1': 11.34, 'm4-1': 28.44, 'm5-1': 158.89, 'm6-1': 100.0, 'm7-1': 1.0, 'm8-1': 28.12}",1.5,173.221,174.221,inf,174.287,174.287
673,T2,BESTEFFORT,CANCELLED,,64.29,"{'m1-1': 109.82, 'm2-1': 5.31, 'm3-1': 10.33, 'm4-1': 24.9, 'm5-1': 144.96, 'm6-1': 95.67, 'm7-1': 1.0, 'm8-1': 26.6}",0.0,inf,inf,inf,174.29000000000002,174.29000000000002
674,T6,BESTEFFORT,MISSED,m5-1,64.376,"{'m1-1': 107.5, 'm2-1': 4.95, 'm3-1': 9.9, 'm4-1': 25.47, 'm5-1': 173.36, 'm6-1': 97.78, 'm7-1': 1.04, 'm8-1': 25.31}",3.7290000000000276,171.89,inf,174.376,174.376,174.376
675,T4,BESTEFFORT,CANCELLED,,64.465,"{'m1-1': 99.87, 'm2-1': 5.4, 'm3-1': 11.34, 'm4-1': 28.5, 'm5-1': 163.03, 'm6-1': 94.23, 'm7-1': 1.02, 'm8-1': 28.39}",0.0,inf,inf,inf,174.465,174.465
676,T7,BESTEFFORT,CANCELLED,,64.954,"{'m1-1': 110.79, 'm2-1': 5.85, 'm3-1': 10.53, 'm4-1': 26.04, 'm5-1': 159.34, 'm6-1': 96.68, 'm7-1': 1.1, 'm8-1': 24.22}",0.0,inf,inf,inf,174.954,174.954
677,T9,BESTEFFORT,CANCELLED,,64.964,"{'m1-1': 97.03, 'm2-1': 5.64, 'm3-1': 9.72, 'm4-1': 29.38, 'm5-1': 155.27, 'm6-1': 109.75, 'm7-1': 1.08, 'm8-1': 28.6}",0.0,inf,inf,inf,174.964,174.964
678,T5,BESTEFFORT,CANCELLED,,65.022,"{'m1-1': 105.13, 'm2-1': 5.54, 'm3-1': 11.19, 'm4-1': 24.27, 'm5-1': 165.98, 'm6-1': 110.4, 'm7-1': 1.18, 'm8-1': 23.91}",0.0,inf,inf,inf,175.022,175.022
679,T7,BESTEFFORT,CANCELLED,,65.144,"{'m1-1': 108.88, 'm2-1': 5.78, 'm3-1': 10.63, 'm4-1': 27.27, 'm5-1': 153.67, 'm6-1': 107.45, 'm7-1': 1.1, 'm8-1': 26.09}",0.0,inf,inf,inf,175.144,175.144
680,T3,BESTEFFORT,COMPLETED,m7-1,65.614,"{'m1-1': 115.5, 'm2-1': 5.53, 'm3-1': 10.16, 'm4-1': 26.72, 'm5-1': 156.51, 'm6-1': 104.44, 'm7-1': 1.13, 'm8-1': 24.69}",1.6949999999999998,174.221,175.351,inf,175.614,175.614
681,T5,BESTEFFORT,CANCELLED,,65.66,"{'m1-1': 100.98, 'm2-1': 5.13, 'm3-1': 10.47, 'm4-1': 27.69, 'm5-1': 141.59, 'm6-1': 110.6, 'm7-1': 1.0, 'm8-1': 26.75}",0.0,inf,inf,inf,175.66,175.66
682,T5,BESTEFFORT,CANCELLED,,65.689,"{'m1-1': 97.97, 'm2-1': 5.6, 'm3-1': 11.0, 'm4-1': 27.91, 'm5-1': 144.71, 'm6-1': 100.59, 'm7-1': 1.13, 'm8-1': 24.74}",0.0,inf,inf,inf,175.689,175.689
683,T10,BESTEFFORT,CANCELLED,,65.727,"{'m1-1': 105.79, 'm2-1': 4.64, 'm3-1': 9.35, 'm4-1': 27.04, 'm5-1': 161.1, 'm6-1': 112.74, 'm7-1': 0.98, 'm8-1': 24.59}",0.0,inf,inf,inf,175.727,175.727
684,T1,BESTEFFORT,CANCELLED,,65.747,"{'m1-1': 110.72, 'm2-1': 5.41, 'm3-1': 10.27, 'm4-1': 25.57, 'm5-1': 162.04, 'm6-1': 106.49, 'm7-1': 1.09, 'm8-1': 26.31}",0.0,inf,inf,inf,175.747,175.747
685,T5,BESTEFFORT,CANCELLED,,66.255,"{'m1-1': 96.31, 'm2-1': 5.56, 'm3-1': 10.07, 'm4-1': 25.42, 'm5-1': 144.21, 'm6-1': 105.71, 'm7-1': 1.04, 'm8-1': 24.15}",0.0,inf,inf,inf,176.255,176.255
686,T1,BESTEFFORT,CANCELLED,,66.4,"{'m1-1': 98.49, 'm2-1': 5.68, 'm3-1': 10.16, 'm4-1': 23.82, 'm5-1': 160.02, 'm6-1': 104.03, 'm7-1': 1.09, 'm8-1': 27.01}",0.0,inf,inf,inf,176.4,176.4
687,T1,BESTEFFORT,CANCELLED,,66.46,"{'m1-1': 105.86, 'm2-1': 5.66, 'm3-1': 10.5, 'm4-1': 27.03, 'm5-1': 148.34, 'm6-1': 108.02, 'm7-1': 1.14, 'm8-1': 25.49}",0.0,inf,inf,inf,176.45999999999998,176.45999999999998
688,T6,BESTEFFORT,COMPLETED,m7-1,66.491,"{'m1-1': 96.16, 'm2-1': 4.75, 'm3-1': 10.5, 'm4-1': 27.18, 'm5-1': 161.9, 'm6-1': 106.02, 'm7-1': 1.08, 'm8-1': 28.87}",1.62,175.351,176.431,inf,176.49099999999999,176.49099999999999
689,T5,BESTEFFORT,CANCELLED,,66.69,"{'m1-1': 108.42, 'm2-1': 5.45, 'm3-1': 10.82, 'm4-1': 26.01, 'm5-1': 148.44, 'm6-1': 113.78, 'm7-1': 1.02, 'm8-1': 26.75}",0.0,inf,inf,inf,176.69,176.69
690,T1,BESTEFFORT,CANCELLED,,66.98,"{'m1-1': 107.83, 'm2-1': 5.11, 'm3-1': 10.05, 'm4-1': 23.03, 'm5-1': 164.95, 'm6-1': 108.62, 'm7-1': 1.06, 'm8-1': 25.66}",0.0,inf,inf,inf,176.98000000000002,176.98000000000002
691,T5,BESTEFFORT,CANCELLED,,67.114,"{'m1-1': 98.82, 'm2-1': 4.98, 'm3-1': 9.89, 'm4-1': 27.14, 'm5-1': 141.64, 'm6-1': 114.64, 'm7-1': 1.13, 'm8-1': 26.86}",0.0,inf,inf,inf,177.114,177.114
692,T9,BESTEFFORT,CANCELLED,,67.194,"{'m1-1': 108.96, 'm2-1': 4.95, 'm3-1': 10.61, 'm4-1': 25.03, 'm5-1': 144.38, 'm6-1': 103.63, 'm7-1': 1.0, 'm8-1': 26.23}",0.0,inf,inf,inf,177.19400000000002,177.19400000000002
693,T8,BESTEFFORT,CANCELLED,,67.239,"{'m1-1': 111.08, 'm2-1': 5.38, 'm3-1': 10.83, 'm4-1': 25.66, 'm5-1': 147.49, 'm6-1': 104.88, 'm7-1': 1.01, 'm8-1': 25.43}",0.0,inf,inf,inf,177.239,177.239
694,T3,BESTEFFORT,CANCELLED,,67.496,"{'m1-1': 109.83, 'm2-1': 5.92, 'm3-1': 11.39, 'm4-1': 28.33, 'm5-1': 158.29, 'm6-1': 110.68, 'm7-1': 1.11, 'm8-1': 28.34}",0.0,inf,inf,inf,177.49599999999998,177.49599999999998
695,T1,BESTEFFORT,MISSED,m5-1,67.499,"{'m1-1': 96.63, 'm2-1': 5.78, 'm3-1': 9.66, 'm4-1': 26.28, 'm5-1': 154.73, 'm6-1': 96.23, 'm7-1': 1.18, 'm8-1': 23.74}",0.0,178.199,inf,178.199,177.499,177.499
696,T9,BESTEFFORT,COMPLETED,m7-1,67.668,"{'m1-1': 103.98, 'm2-1': 4.96, 'm3-1': 10.96, 'm4-1': 27.52, 'm5-1': 166.4, 'm6-1': 102.44, 'm7-1': 1.06, 'm8-1': 29.57}",1.59,176.431,177.491,inf,177.668,177.668
697,T2,BESTEFFORT,CANCELLED,,67.668,"{'m1-1': 96.82, 'm2-1': 5.3, 'm3-1': 10.79, 'm4-1': 24.26, 'm5-1': 151.27, 'm6-1': 103.58, 'm7-1': 1.03, 'm8-1': 26.42}",0.0,inf,inf,inf,177.668,177.668
698,T9,BESTEFFORT,CANCELLED,,67.846,"{'m1-1': 98.25, 'm2-1': 4.98, 'm3-1': 10.08, 'm4-1': 29.04, 'm5-1': 152.83, 'm6-1': 113.3, 'm7-1': 0.93, 'm8-1': 25.32}",0.0,inf,inf,inf,177.846,177.846
699,T10,BESTEFFORT,CANCELLED,,67.905,"{'m1-1': 109.72, 'm2-1': 5.07, 'm3-1': 10.34, 'm4-1': 25.4, 'm5-1': 170.39, 'm6-1': 109.34, 'm7-1': 1.12, 'm8-1': 25.52}",0.0,inf,inf,inf,177.905,177.905
700,T7,BESTEFFORT,CANCELLED,,68.157,"{'m1-1': 107.48, 'm2-1': 4.99, 'm3-1': 10.65, 'm4-1': 25.13, 'm5-1': 148.23, 'm6-1': 114.26, 'm7-1': 1.14, 'm8-1': 26.12}",0.0,inf,inf,inf,178.15699999999998,178.15699999999998
701,T10,BESTEFFORT,CANCELLED,,68.198,"{'m1-1': 96.46, 'm2-1': 5.29, 'm3-1': 10.25, 'm4-1': 26.02, 'm5-1': 151.86, 'm6-1': 99.56, 'm7-1': 0.98, 'm8-1': 26.49}",0.0,inf,inf,inf,178.19799999999998,178.19799999999998
702,T6,BESTEFFORT,MISSED,m5-1,68.199,"{'m1-1': 109.71, 'm2-1': 4.77, 'm3-1': 9.77, 'm4-1': 27.83, 'm5-1': 166.78, 'm6-1': 98.99, 'm7-1': 1.14, 'm8-1': 26.96}",5.734500000000011,174.376,inf,178.199,178.199,178.199
703,T4,BESTEFFORT,CANCELLED,,68.258,"{'m1-1': 96.86, 'm2-1': 5.26, 'm3-1': 10.64, 'm4-1': 28.55, 'm5-1': 159.35, 'm6-1': 107.3, 'm7-1': 1.04, 'm8-1': 25.78}",0.0,inf,inf,inf,178.25799999999998,178.25799999999998
704,T1,BESTEFFORT,CANCELLED,,68.282,"{'m1-1': 110.2, 'm2-1': 5.55, 'm3-1': 10.7, 'm4-1': 26.97, 'm5-1': 161.25, 'm6-1': 104.06, 'm7-1': 1.15, 'm8-1': 24.27}",0.0,inf,inf,inf,178.28199999999998,178.28199999999998
705,T6,BESTEFFORT,MISSED,m5-1,68.344,"{'m1-1': 95.65, 'm2-1': 5.45, 'm3-1': 10.85, 'm4-1': 27.18, 'm5-1': 162.78, 'm6-1': 109.56, 'm7-1': 1.15, 'm8-1': 28.63}",0.0,183.825,inf,183.825,178.344,178.344
706,T1,BESTEFFORT,MISSED,m7-1,68.516,"{'m1-1': 110.38, 'm2-1': 5.56, 'm3-1': 10.2, 'm4-1': 26.66, 'm5-1': 165.86, 'm6-1': 108.0, 'm7-1': 1.14, 'm8-1': 25.6}",1.5375000000000085,177.491,inf,178.51600000000002,178.51600000000002,178.51600000000002
707,T3,BESTEFFORT,COMPLETED,m2-1,68.714,"{'m1-1': 115.19, 'm2-1': 5.05, 'm3-1': 11.2, 'm4-1': 28.23, 'm5-1': 163.54, 'm6-1': 108.09, 'm7-1': 1.02, 'm8-1': 28.14}",7.574999999999999,171.446,176.496,inf,178.714,178.714
708,T9,BESTEFFORT,MISSED,m8-1,68.893,"{'m1-1': 97.83, 'm2-1': 5.16, 'm3-1': 9.85, 'm4-1': 25.23, 'm5-1': 151.98, 'm6-1': 98.36, 'm7-1': 0.97, 'm8-1': 26.87}",0.0,206.731,inf,206.731,178.893,178.893
709,T10,BESTEFFORT,CANCELLED,,69.034,"{'m1-1': 100.64, 'm2-1': 5.2, 'm3-1': 10.12, 'm4-1': 28.02, 'm5-1': 170.3, 'm6-1': 104.57, 'm7-1': 1.13, 'm8-1': 26.09}",0.0,inf,inf,inf,179.034,179.034
710,T4,BESTEFFORT,CANCELLED,,69.246,"{'m1-1': 99.44, 'm2-1': 5.4, 'm3-1': 9.58, 'm4-1': 28.7, 'm5-1': 146.19, 'm6-1': 100.3, 'm7-1': 1.03, 'm8-1': 27.2}",0.0,inf,inf,inf,179.24599999999998,179.24599999999998
711,T7,BESTEFFORT,CANCELLED,,69.273,"{'m1-1': 111.18, 'm2-1': 5.13, 'm3-1': 11.11, 'm4-1': 26.32, 'm5-1': 145.69, 'm6-1': 102.54, 'm7-1': 1.03, 'm8-1': 25.04}",0.0,inf,inf,inf,179.273,179.273
712,T9,BESTEFFORT,CANCELLED,,69.418,"{'m1-1': 99.66, 'm2-1': 4.99, 'm3-1': 10.65, 'm4-1': 25.24, 'm5-1': 147.83, 'm6-1': 110.32, 'm7-1': 1.0, 'm8-1': 24.94}",0.0,inf,inf,inf,179.418,179.418
713,T10,BESTEFFORT,CANCELLED,,69.647,"{'m1-1': 97.17, 'm2-1': 5.5, 'm3-1': 10.27, 'm4-1': 27.16, 'm5-1': 165.4, 'm6-1': 101.64, 'm7-1': 1.06, 'm8-1': 26.48}",0.0,inf,inf,inf,179.647,179.647
714,T8,BESTEFFORT,COMPLETED,m7-1,69.672,"{'m1-1': 105.31, 'm2-1': 5.27, 'm3-1': 10.65, 'm4-1': 27.69, 'm5-1': 146.96, 'm6-1': 103.4, 'm7-1': 1.06, 'm8-1': 27.06}",1.59,178.51600000000002,179.57600000000002,inf,179.672,179.672
715,T7,BESTEFFORT,CANCELLED,,69.787,"{'m1-1': 118.65, 'm2-1': 5.72, 'm3-1': 9.98, 'm4-1': 24.77, 'm5-1': 144.92, 'm6-1': 96.38, 'm7-1': 1.06, 'm8-1': 24.54}",0.0,inf,inf,inf,179.787,179.787
716,T10,BESTEFFORT,CANCELLED,,69.829,"{'m1-1': 110.24, 'm2-1': 5.38, 'm3-1': 10.59, 'm4-1': 27.86, 'm5-1': 151.86, 'm6-1': 108.51, 'm7-1': 1.11, 'm8-1': 26.51}",0.0,inf,inf,inf,179.829,179.829
717,T3,BESTEFFORT,MISSED,m5-1,70.269,"{'m1-1': 114.05, 'm2-1': 5.44, 'm3-1': 10.11, 'm4-1': 27.21, 'm5-1': 170.75, 'm6-1': 103.73, 'm7-1': 1.09, 'm8-1': 24.95}",0.0,180.862,inf,180.862,180.269,180.269
718,T1,BESTEFFORT,CANCELLED,,70.385,"{'m1-1': 97.86, 'm2-1': 5.12, 'm3-1': 9.6, 'm4-1': 25.74, 'm5-1': 154.02, 'm6-1': 94.18, 'm7-1': 1.17, 'm8-1': 26.65}",0.0,inf,inf,inf,180.385,180.385
719,T7,BESTEFFORT,CANCELLED,,70.52,"{'m1-1': 111.14, 'm2-1': 5.06, 'm3-1': 10.34, 'm4-1': 26.79, 'm5-1': 153.64, 'm6-1': 113.24, 'm7-1': 1.07, 'm8-1': 27.51}",0.0,inf,inf,inf,180.51999999999998,180.51999999999998
720,T4,BESTEFFORT,CANCELLED,,70.556,"{'m1-1': 99.57, 'm2-1': 5.34, 'm3-1': 11.16, 'm4-1': 24.77, 'm5-1': 156.87, 'm6-1': 104.9, 'm7-1': 1.07, 'm8-1': 26.54}",0.0,inf,inf,inf,180.55599999999998,180.55599999999998
721,T10,BESTEFFORT,CANCELLED,,70.574,"{'m1-1': 102.29, 'm2-1': 5.43, 'm3-1': 9.37, 'm4-1': 24.24, 'm5-1': 168.41, 'm6-1': 106.93, 'm7-1': 0.97, 'm8-1': 27.23}",0.0,inf,inf,inf,180.574,180.574
722,T5,BESTEFFORT,CANCELLED,,70.604,"{'m1-1': 104.31, 'm2-1': 5.63, 'm3-1': 10.3, 'm4-1': 26.5, 'm5-1': 164.64, 'm6-1': 97.85, 'm7-1': 1.16, 'm8-1': 27.31}",0.0,inf,inf,inf,180.60399999999998,180.60399999999998
723,T3,BESTEFFORT,CANCELLED,,70.715,"{'m1-1': 114.55, 'm2-1': 5.64, 'm3-1': 10.32, 'm4-1': 27.9, 'm5-1': 153.5, 'm6-1': 105.23, 'm7-1': 1.06, 'm8-1': 25.44}",0.0,inf,inf,inf,180.715,180.715
724,T1,BESTEFFORT,COMPLETED,m7-1,70.737,"{'m1-1': 111.72, 'm2-1': 5.84, 'm3-1': 10.87, 'm4-1': 24.07, 'm5-1': 165.35, 'm6-1': 103.55, 'm7-1': 1.1, 'm8-1': 27.67}",1.6500000000000001,179.57600000000002,180.67600000000002,inf,180.737,180.737
725,T4,BESTEFFORT,CANCELLED,,70.79,"{'m1-1': 99.57, 'm2-1': 5.76, 'm3-1': 11.21, 'm4-1': 27.47, 'm5-1': 138.71, 'm6-1': 100.3, 'm7-1': 1.07, 'm8-1': 25.96}",0.0,inf,inf,inf,180.79000000000002,180.79000000000002
726,T3,BESTEFFORT,CANCELLED,,70.824,"{'m1-1': 100.93, 'm2-1': 5.69, 'm3-1': 9.86, 'm4-1': 26.76, 'm5-1': 165.01, 'm6-1': 116.79, 'm7-1': 1.06, 'm8-1': 27.8}",0.0,inf,inf,inf,180.824,180.824
727,T3,BESTEFFORT,MISSED,m5-1,70.862,"{'m1-1': 107.38, 'm2-1': 5.88, 'm3-1': 11.03, 'm4-1': 29.25, 'm5-1': 174.97, 'm6-1': 111.75, 'm7-1': 1.05, 'm8-1': 28.96}",3.9944999999999737,178.199,inf,180.862,180.862,180.862
728,T9,BESTEFFORT,CANCELLED,,71.063,"{'m1-1': 97.42, 'm2-1': 5.39, 'm3-1': 11.4, 'm4-1': 26.54, 'm5-1': 157.4, 'm6-1': 106.91, 'm7-1': 0.99, 'm8-1': 27.47}",0.0,inf,inf,inf,181.063,181.063
729,T6,BESTEFFORT,CANCELLED,,71.11,"{'m1-1': 98.64, 'm2-1': 4.85, 'm3-1': 10.67, 'm4-1': 26.76, 'm5-1': 154.07, 'm6-1': 108.76, 'm7-1': 1.01, 'm8-1': 27.63}",0.0,inf,inf,inf,181.11,181.11
730,T7,BESTEFFORT,CANCELLED,,71.142,"{'m1-1': 118.24, 'm2-1': 5.72, 'm3-1': 9.46, 'm4-1': 27.17, 'm5-1': 154.08, 'm6-1': 104.62, 'm7-1': 1.11, 'm8-1': 26.54}",0.0,inf,inf,inf,181.142,181.142
731,T10,BESTEFFORT,MISSED,m5-1,71.224,"{'m1-1': 103.28, 'm2-1': 4.81, 'm3-1': 10.51, 'm4-1': 26.88, 'm5-1': 161.11, 'm6-1': 107.41, 'm7-1': 1.04, 'm8-1': 25.16}",0.0,183.825,inf,183.825,181.224,181.224
732,T1,BESTEFFORT,CANCELLED,,71.234,"{'m1-1': 98.44, 'm2-1': 5.72, 'm3-1': 10.38, 'm4-1': 27.12, 'm5-1': 149.84, 'm6-1': 99.48, 'm7-1': 1.08, 'm8-1': 25.84}",0.0,inf,inf,inf,181.23399999999998,181.23399999999998
733,T5,BESTEFFORT,CANCELLED,,71.304,"{'m1-1': 105.78, 'm2-1': 5.34, 'm3-1': 10.31, 'm4-1': 27.0, 'm5-1': 163.27, 'm6-1': 108.24, 'm7-1': 1.14, 'm8-1': 27.53}",0.0,inf,inf,inf,181.304,181.304
734,T9,BESTEFFORT,CANCELLED,,71.325,"{'m1-1': 109.97, 'm2-1': 4.99, 'm3-1': 10.83, 'm4-1': 28.04, 'm5-1': 155.38, 'm6-1': 99.92, 'm7-1': 1.04, 'm8-1': 25.87}",0.0,inf,inf,inf,181.325,181.325
735,T9,BESTEFFORT,CANCELLED,,71.344,"{'m1-1': 92.97, 'm2-1': 5.11, 'm3-1': 10.06, 'm4-1': 27.72, 'm5-1': 165.03, 'm6-1': 115.16, 'm7-1': 1.06, 'm8-1': 27.14}",0.0,inf,inf,inf,181.344,181.344
736,T3,BESTEFFORT,CANCELLED,,71.374,"{'m1-1': 99.98, 'm2-1': 5.06, 'm3-1': 10.11, 'm4-1': 25.1, 'm5-1': 153.29, 'm6-1': 111.38, 'm7-1': 1.06, 'm8-1': 24.96}",0.0,inf,inf,inf,181.374,181.374
737,T9,BESTEFFORT,CANCELLED,,71.471,"{'m1-1': 95.54, 'm2-1': 5.15, 'm3-1': 11.44, 'm4-1': 28.33, 'm5-1': 166.44, 'm6-1': 106.37, 'm7-1': 0.95, 'm8-1': 28.93}",0.0,inf,inf,inf,181.471,181.471
738,T2,BESTEFFORT,CANCELLED,,71.656,"{'m1-1': 96.7, 'm2-1': 5.45, 'm3-1': 11.62, 'm4-1': 25.78, 'm5-1': 163.33, 'm6-1': 101.28, 'm7-1': 1.09, 'm8-1': 24.64}",0.0,inf,inf,inf,181.656,181.656
739,T4,BESTEFFORT,CANCELLED,,71.765,"{'m1-1': 103.38, 'm2-1': 4.93, 'm3-1': 9.74, 'm4-1': 26.48, 'm5-1': 157.63, 'm6-1': 97.55, 'm7-1': 1.15, 'm8-1': 27.85}",0.0,inf,inf,inf,181.765,181.765
740,T5,BESTEFFORT,COMPLETED,m7-1,71.969,"{'m1-1': 101.61, 'm2-1': 5.73, 'm3-1': 10.88, 'm4-1': 27.46, 'm5-1': 163.25, 'm6-1': 112.8, 'm7-1': 1.05, 'm8-1': 25.41}",1.5750000000000002,180.67600000000002,181.72600000000003,inf,181.969,181.969
741,T3,BESTEFFORT,MISSED,m3-1,71.99,"{'m1-1': 115.36, 'm2-1': 5.57, 'm3-1': 11.12, 'm4-1': 27.58, 'm5-1': 171.09, 'm6-1': 102.67, 'm7-1': 1.05, 'm8-1': 26.15}",16.593000000000018,170.928,inf,181.99,181.99,181.99
742,T4,BESTEFFORT,MISSED,m3-1,72.017,"{'m1-1': 105.7, 'm2-1': 5.27, 'm3-1': 10.62, 'm4-1': 26.52, 'm5-1': 148.07, 'm6-1': 92.9, 'm7-1': 1.05, 'm8-1': 28.53}",0.0,213.35399999999998,inf,213.35399999999998,182.017,182.017
743,T6,BESTEFFORT,CANCELLED,,72.053,"{'m1-1': 98.63, 'm2-1': 4.76, 'm3-1': 10.56, 'm4-1': 28.5, 'm5-1': 169.21, 'm6-1': 97.14, 'm7-1': 1.01, 'm8-1': 25.36}",0.0,inf,inf,inf,182.053,182.053
744,T6,BESTEFFORT,MISSED,m5-1,72.324,"{'m1-1': 100.05, 'm2-1': 4.85, 'm3-1': 10.61, 'm4-1': 25.26, 'm5-1': 169.34, 'm6-1': 105.38, 'm7-1': 1.16, 'm8-1': 25.12}",0.0,183.825,inf,183.825,182.324,182.324
745,T4,BESTEFFORT,CANCELLED,,72.348,"{'m1-1': 104.19, 'm2-1': 5.11, 'm3-1': 10.01, 'm4-1': 27.05, 'm5-1': 148.16, 'm6-1': 96.08, 'm7-1': 1.05, 'm8-1': 24.8}",0.0,inf,inf,inf,182.348,182.348
746,T6,BESTEFFORT,COMPLETED,m8-1,72.41,"{'m1-1': 107.5, 'm2-1': 4.99, 'm3-1': 10.75, 'm4-1': 25.93, 'm5-1': 161.42, 'm6-1': 104.17, 'm7-1': 1.08, 'm8-1': 27.68}",41.519999999999996,151.571,179.251,inf,182.41,182.41
747,T10,BESTEFFORT,CANCELLED,,72.645,"{'m1-1': 100.73, 'm2-1': 4.82, 'm3-1': 9.9, 'm4-1': 25.6, 'm5-1': 165.45, 'm6-1': 109.82, 'm7-1': 1.01, 'm8-1': 27.5}",0.0,inf,inf,inf,182.64499999999998,182.64499999999998
748,T1,BESTEFFORT,CANCELLED,,72.798,"{'m1-1': 99.0, 'm2-1': 5.76, 'm3-1': 10.62, 'm4-1': 25.27, 'm5-1': 167.5, 'm6-1': 101.85, 'm7-1': 1.08, 'm8-1': 26.71}",0.0,inf,inf,inf,182.798,182.798
749,T6,BESTEFFORT,CANCELLED,,72.822,"{'m1-1': 98.66, 'm2-1': 5.22, 'm3-1': 10.05, 'm4-1': 25.21, 'm5-1': 174.46, 'm6-1': 110.2, 'm7-1': 1.09, 'm8-1': 29.21}",0.0,inf,inf,inf,182.822,182.822
750,T1,BESTEFFORT,CANCELLED,,72.852,"{'m1-1': 107.98, 'm2-1': 5.42, 'm3-1': 10.96, 'm4-1': 26.67, 'm5-1': 174.19, 'm6-1': 104.48, 'm7-1': 1.0, 'm8-1': 25.04}",0.0,inf,inf,inf,182.852,182.852
751,T7,BESTEFFORT,CANCELLED,,72.964,"{'m1-1': 105.64, 'm2-1': 5.7, 'm3-1': 10.9, 'm4-1': 25.91, 'm5-1': 163.27, 'm6-1': 103.84, 'm7-1': 1.12, 'm8-1': 24.4}",0.0,inf,inf,inf,182.964,182.964
752,T6,BESTEFFORT,COMPLETED,m7-1,73.024,"{'m1-1': 104.77, 'm2-1': 5.12, 'm3-1': 10.99, 'm4-1': 25.89, 'm5-1': 173.57, 'm6-1': 109.73, 'm7-1': 1.12, 'm8-1': 25.48}",1.6800000000000002,181.72600000000003,182.84600000000003,inf,183.024,183.024
753,T7,BESTEFFORT,CANCELLED,,73.149,"{'m1-1': 119.1, 'm2-1': 5.86, 'm3-1': 10.71, 'm4-1': 27.38, 'm5-1': 145.38, 'm6-1': 102.31, 'm7-1': 1.1, 'm8-1': 24.49}",0.0,inf,inf,inf,183.149,183.149
754,T6,BESTEFFORT,CANCELLED,,73.215,"{'m1-1': 99.21, 'm2-1': 5.49, 'm3-1': 9.91, 'm4-1': 25.34, 'm5-1': 162.17, 'm6-1': 106.57, 'm7-1': 1.1, 'm8-1': 26.02}",0.0,inf,inf,inf,183.215,183.215
755,T9,BESTEFFORT,CANCELLED,,73.383,"{'m1-1': 103.02, 'm2-1': 5.64, 'm3-1': 9.99, 'm4-1': 25.46, 'm5-1': 147.26, 'm6-1': 105.89, 'm7-1': 1.07, 'm8-1': 27.01}",0.0,inf,inf,inf,183.38299999999998,183.38299999999998
756,T6,BESTEFFORT,CANCELLED,,73.387,"{'m1-1': 107.37, 'm2-1': 4.96, 'm3-1': 10.66, 'm4-1': 25.06, 'm5-1': 157.5, 'm6-1': 95.94, 'm7-1': 1.14, 'm8-1': 27.35}",0.0,inf,inf,inf,183.387,183.387
757,T4,BESTEFFORT,CANCELLED,,73.432,"{'m1-1': 94.87, 'm2-1': 5.0, 'm3-1': 10.18, 'm4-1': 25.9, 'm5-1': 158.37, 'm6-1': 102.24, 'm7-1': 1.04, 'm8-1': 28.15}",0.0,inf,inf,inf,183.43200000000002,183.43200000000002
758,T10,BESTEFFORT,CANCELLED,,73.438,"{'m1-1': 109.35, 'm2-1': 5.13, 'm3-1': 9.66, 'm4-1': 24.22, 'm5-1': 151.85, 'm6-1': 111.09, 'm7-1': 1.03, 'm8-1': 25.12}",0.0,inf,inf,inf,183.438,183.438
759,T4,BESTEFFORT,CANCELLED,,73.543,"{'m1-1': 96.57, 'm2-1': 5.58, 'm3-1': 9.99, 'm4-1': 25.97, 'm5-1': 151.4, 'm6-1': 102.74, 'm7-1': 1.15, 'm8-1': 25.83}",0.0,inf,inf,inf,183.543,183.543
760,T9,BESTEFFORT,CANCELLED,,73.686,"{'m1-1': 93.92, 'm2-1': 5.53, 'm3-1': 9.76, 'm4-1': 25.23, 'm5-1': 153.78, 'm6-1': 98.77, 'm7-1': 1.03, 'm8-1': 26.61}",0.0,inf,inf,inf,183.686,183.686
761,T7,BESTEFFORT,CANCELLED,,73.694,"{'m1-1': 106.14, 'm2-1': 5.53, 'm3-1': 9.94, 'm4-1': 24.22, 'm5-1': 161.65, 'm6-1': 111.25, 'm7-1': 1.18, 'm8-1': 26.04}",0.0,inf,inf,inf,183.69400000000002,183.69400000000002
762,T8,BESTEFFORT,CANCELLED,,73.696,"{'m1-1': 96.7, 'm2-1': 4.96, 'm3-1': 11.33, 'm4-1': 27.8, 'm5-1': 159.95, 'm6-1': 117.73, 'm7-1': 1.0, 'm8-1': 27.49}",0.0,inf,inf,inf,183.696,183.696
763,T2,BESTEFFORT,CANCELLED,,73.773,"{'m1-1': 97.37, 'm2-1': 5.19, 'm3-1': 10.48, 'm4-1': 26.95, 'm5-1': 150.04, 'm6-1': 96.33, 'm7-1': 1.1, 'm8-1': 23.92}",0.0,inf,inf,inf,183.773,183.773
764,T8,BESTEFFORT,CANCELLED,,73.778,"{'m1-1': 97.18, 'm2-1': 4.97, 'm3-1': 10.55, 'm4-1': 28.18, 'm5-1': 162.32, 'm6-1': 107.08, 'm7-1': 0.95, 'm8-1': 24.81}",0.0,inf,inf,inf,183.77800000000002,183.77800000000002
765,T9,BESTEFFORT,COMPLETED,m2-1,73.808,"{'m1-1': 106.02, 'm2-1': 4.92, 'm3-1': 9.77, 'm4-1': 28.1, 'm5-1': 158.37, 'm6-1': 109.38, 'm7-1': 0.94, 'm8-1': 27.75}",7.38,176.496,181.416,inf,183.808,183.808
766,T3,BESTEFFORT,MISSED,m5-1,73.825,"{'m1-1': 105.75, 'm2-1': 5.09, 'm3-1': 9.94, 'm4-1': 28.78, 'm5-1': 171.09, 'm6-1': 109.91, 'm7-1': 1.07, 'm8-1': 27.19}",4.444499999999991,180.862,inf,183.825,183.825,183.825
767,T9,BESTEFFORT,CANCELLED,,73.846,"{'m1-1': 98.81, 'm2-1': 5.39, 'm3-1': 11.26, 'm4-1': 25.93, 'm5-1': 148.34, 'm6-1': 103.83, 'm7-1': 0.94, 'm8-1': 27.04}",0.0,inf,inf,inf,183.846,183.846
768,T7,BESTEFFORT,CANCELLED,,73.854,"{'m1-1': 110.01, 'm2-1': 5.08, 'm3-1': 10.95, 'm4-1': 26.62, 'm5-1': 164.7, 'm6-1': 109.53, 'm7-1': 1.13, 'm8-1': 25.01}",0.0,inf,inf,inf,183.85399999999998,183.85399999999998
769,T9,BESTEFFORT,CANCELLED,,73.943,"{'m1-1': 100.43, 'm2-1': 5.63, 'm3-1': 11.17, 'm4-1': 28.24, 'm5-1': 155.15, 'm6-1': 103.34, 'm7-1': 0.94, 'm8-1': 24.99}",0.0,inf,inf,inf,183.94299999999998,183.94299999999998
770,T4,BESTEFFORT,COMPLETED,m7-1,74.068,"{'m1-1': 100.46, 'm2-1': 5.66, 'm3-1': 9.91, 'm4-1': 27.49, 'm5-1': 151.14, 'm6-1': 97.06, 'm7-1': 1.02, 'm8-1': 25.56}",1.53,182.84600000000003,183.86600000000004,inf,184.06799999999998,184.06799999999998
771,T5,BESTEFFORT,CANCELLED,,74.101,"{'m1-1': 99.63, 'm2-1': 5.32, 'm3-1': 11.12, 'm4-1': 25.02, 'm5-1': 142.5, 'm6-1': 98.54, 'm7-1': 1.11, 'm8-1': 25.89}",0.0,inf,inf,inf,184.101,184.101
772,T4,BESTEFFORT,CANCELLED,,74.438,"{'m1-1': 104.23, 'm2-1': 4.92, 'm3-1': 9.61, 'm4-1': 26.17, 'm5-1': 140.24, 'm6-1': 104.71, 'm7-1': 1.08, 'm8-1': 25.04}",0.0,inf,inf,inf,184.438,184.438
773,T7,BESTEFFORT,CANCELLED,,74.565,"{'m1-1': 106.58, 'm2-1': 5.6, 'm3-1': 9.82, 'm4-1': 27.01, 'm5-1': 149.7, 'm6-1': 99.7, 'm7-1': 1.12, 'm8-1': 25.65}",0.0,inf,inf,inf,184.565,184.565
774,T7,BESTEFFORT,CANCELLED,,74.603,"{'m1-1': 104.29, 'm2-1': 5.76, 'm3-1': 10.13, 'm4-1': 25.42, 'm5-1': 146.38, 'm6-1': 113.92, 'm7-1': 1.14, 'm8-1': 24.22}",0.0,inf,inf,inf,184.603,184.603
775,T10,BESTEFFORT,CANCELLED,,74.702,"{'m1-1': 98.31, 'm2-1': 5.07, 'm3-1': 10.39, 'm4-1': 26.12, 'm5-1': 160.74, 'm6-1': 98.5, 'm7-1': 1.07, 'm8-1': 28.65}",0.0,inf,inf,inf,184.702,184.702
776,T2,BESTEFFORT,CANCELLED,,74.907,"{'m1-1': 96.39, 'm2-1': 5.2, 'm3-1': 11.2, 'm4-1': 23.44, 'm5-1': 159.73, 'm6-1': 102.53, 'm7-1': 1.06, 'm8-1': 23.68}",0.0,inf,inf,inf,184.90699999999998,184.90699999999998
777,T5,BESTEFFORT,CANCELLED,,74.944,"{'m1-1': 94.59, 'm2-1': 5.36, 'm3-1': 10.39, 'm4-1': 26.38, 'm5-1': 155.8, 'm6-1': 110.18, 'm7-1': 1.13, 'm8-1': 27.34}",0.0,inf,inf,inf,184.94400000000002,184.94400000000002
778,T10,BESTEFFORT,COMPLETED,m7-1,75.028,"{'m1-1': 95.16, 'm2-1': 4.66, 'm3-1': 9.27, 'm4-1': 27.56, 'm5-1': 149.95, 'm6-1': 107.18, 'm7-1': 0.97, 'm8-1': 24.76}",1.455,183.86600000000004,184.83600000000004,inf,185.02800000000002,185.02800000000002
779,T7,BESTEFFORT,MISSED,m4-1,75.148,"{'m1-1': 103.47, 'm2-1': 5.03, 'm3-1': 10.64, 'm4-1': 24.68, 'm5-1': 163.28, 'm6-1': 102.93, 'm7-1': 1.05, 'm8-1': 25.9}",0.0,210.34300000000002,inf,210.34300000000002,185.148,185.148
780,T2,BESTEFFORT,CANCELLED,,75.253,"{'m1-1': 96.27, 'm2-1': 5.19, 'm3-1': 10.59, 'm4-1': 23.65, 'm5-1': 158.87, 'm6-1': 108.91, 'm7-1': 0.96, 'm8-1': 26.63}",0.0,inf,inf,inf,185.253,185.253
781,T8,BESTEFFORT,CANCELLED,,75.302,"{'m1-1': 103.6, 'm2-1': 5.27, 'm3-1': 10.34, 'm4-1': 28.13, 'm5-1': 145.92, 'm6-1': 113.37, 'm7-1': 1.06, 'm8-1': 24.99}",0.0,inf,inf,inf,185.30200000000002,185.30200000000002
782,T6,BESTEFFORT,CANCELLED,,75.327,"{'m1-1': 108.75, 'm2-1': 5.28, 'm3-1': 9.91, 'm4-1': 28.38, 'm5-1': 156.82, 'm6-1': 113.42, 'm7-1': 1.17, 'm8-1': 25.84}",0.0,inf,inf,inf,185.327,185.327
783,T3,BESTEFFORT,MISSED,m5-1,75.368,"{'m1-1': 116.05, 'm2-1': 5.41, 'm3-1': 11.01, 'm4-1': 26.2, 'm5-1': 172.66, 'm6-1': 102.83, 'm7-1': 0.96, 'm8-1': 28.71}",0.0,186.497,inf,186.497,185.368,185.368
784,T1,BESTEFFORT,MISSED,m5-1,75.543,"{'m1-1': 100.83, 'm2-1': 5.52, 'm3-1': 10.33, 'm4-1': 26.98, 'm5-1': 171.2, 'm6-1': 104.96, 'm7-1': 1.1, 'm8-1': 26.08}",0.0,186.497,inf,186.497,185.543,185.543
785,T7,BESTEFFORT,CANCELLED,,75.678,"{'m1-1': 103.55, 'm2-1': 5.51, 'm3-1': 11.03, 'm4-1': 25.01, 'm5-1': 149.93, 'm6-1': 97.74, 'm7-1': 1.15, 'm8-1': 24.16}",0.0,inf,inf,inf,185.678,185.678
786,T10,BESTEFFORT,CANCELLED,,75.997,"{'m1-1': 109.7, 'm2-1': 4.76, 'm3-1': 9.78, 'm4-1': 24.26, 'm5-1': 162.05, 'm6-1': 100.83, 'm7-1': 1.02, 'm8-1': 26.57}",0.0,inf,inf,inf,185.997,185.997
787,T2,BESTEFFORT,CANCELLED,,76.014,"{'m1-1': 101.94, 'm2-1': 5.66, 'm3-1': 11.64, 'm4-1': 24.35, 'm5-1': 157.63, 'm6-1': 107.05, 'm7-1': 1.06, 'm8-1': 26.68}",0.0,inf,inf,inf,186.014,186.014
788,T4,BESTEFFORT,COMPLETED,m7-1,76.114,"{'m1-1': 99.94, 'm2-1': 5.52, 'm3-1': 10.56, 'm4-1': 27.37, 'm5-1': 145.36, 'm6-1': 101.01, 'm7-1': 1.03, 'm8-1': 24.88}",1.545,184.83600000000004,185.86600000000004,inf,186.114,186.114
789,T10,BESTEFFORT,CANCELLED,,76.144,"{'m1-1': 109.3, 'm2-1': 5.47, 'm3-1': 10.39, 'm4-1': 27.31, 'm5-1': 148.54, 'm6-1': 108.95, 'm7-1': 0.98, 'm8-1': 26.63}",0.0,inf,inf,inf,186.144,186.144
790,T2,BESTEFFORT,CANCELLED,,76.193,"{'m1-1': 97.12, 'm2-1': 4.91, 'm3-1': 11.07, 'm4-1': 25.99, 'm5-1': 160.92, 'm6-1': 102.7, 'm7-1': 1.06, 'm8-1': 24.53}",0.0,inf,inf,inf,186.19299999999998,186.19299999999998
791,T10,BESTEFFORT,CANCELLED,,76.303,"{'m1-1': 99.59, 'm2-1': 5.33, 'm3-1': 9.57, 'm4-1': 26.77, 'm5-1': 147.78, 'm6-1': 97.24, 'm7-1': 1.07, 'm8-1': 26.77}",0.0,inf,inf,inf,186.303,186.303
792,T2,BESTEFFORT,CANCELLED,,76.398,"{'m1-1': 95.92, 'm2-1': 4.77, 'm3-1': 11.31, 'm4-1': 25.93, 'm5-1': 152.99, 'm6-1': 97.11, 'm7-1': 0.94, 'm8-1': 25.98}",0.0,inf,inf,inf,186.398,186.398
793,T9,BESTEFFORT,CANCELLED,,76.415,"{'m1-1': 104.05, 'm2-1': 5.36, 'm3-1': 11.22, 'm4-1': 25.75, 'm5-1': 152.68, 'm6-1': 108.46, 'm7-1': 1.07, 'm8-1': 29.34}",0.0,inf,inf,inf,186.41500000000002,186.41500000000002
794,T8,BESTEFFORT,CANCELLED,,76.447,"{'m1-1': 96.29, 'm2-1': 4.76, 'm3-1': 9.91, 'm4-1': 24.98, 'm5-1': 165.87, 'm6-1': 109.14, 'm7-1': 1.08, 'm8-1': 24.55}",0.0,inf,inf,inf,186.447,186.447
795,T3,BESTEFFORT,MISSED,m5-1,76.497,"{'m1-1': 106.62, 'm2-1': 5.23, 'm3-1': 9.9, 'm4-1': 26.0, 'm5-1': 152.1, 'm6-1': 107.96, 'm7-1': 0.99, 'm8-1': 28.8}",4.008000000000038,183.825,inf,186.497,186.497,186.497
796,T4,BESTEFFORT,CANCELLED,,76.59,"{'m1-1': 98.6, 'm2-1': 5.17, 'm3-1': 11.04, 'm4-1': 25.5, 'm5-1': 148.36, 'm6-1': 109.1, 'm7-1': 1.06, 'm8-1': 27.73}",0.0,inf,inf,inf,186.59,186.59
797,T3,BESTEFFORT,CANCELLED,,76.689,"{'m1-1': 114.31, 'm2-1': 5.3, 'm3-1': 10.94, 'm4-1': 24.9, 'm5-1': 173.48, 'm6-1': 107.59, 'm7-1': 1.11, 'm8-1': 28.36}",0.0,inf,inf,inf,186.689,186.689
798,T4,BESTEFFORT,CANCELLED,,76.857,"{'m1-1': 107.3, 'm2-1': 5.41, 'm3-1': 10.73, 'm4-1': 24.6, 'm5-1': 147.56, 'm6-1': 96.92, 'm7-1': 1.08, 'm8-1': 26.57}",0.0,inf,inf,inf,186.857,186.857
799,T4,BESTEFFORT,CANCELLED,,76.866,"{'m1-1': 104.88, 'm2-1': 4.99, 'm3-1': 10.51, 'm4-1': 24.3, 'm5-1': 156.25, 'm6-1': 102.65, 'm7-1': 1.0, 'm8-1': 24.65}",0.0,inf,inf,inf,186.86599999999999,186.86599999999999
800,T7,BESTEFFORT,CANCELLED,,76.872,"{'m1-1': 109.4, 'm2-1': 5.0, 'm3-1': 9.7, 'm4-1': 24.41, 'm5-1': 156.04, 'm6-1': 97.37, 'm7-1': 1.01, 'm8-1': 25.87}",0.0,inf,inf,inf,186.872,186.872
801,T3,BESTEFFORT,MISSED,m5-1,76.906,"{'m1-1': 108.98, 'm2-1': 5.72, 'm3-1': 10.19, 'm4-1': 29.1, 'm5-1': 174.99, 'm6-1': 108.54, 'm7-1': 1.12, 'm8-1': 26.51}",0.6134999999999877,186.497,inf,186.906,186.906,186.906
802,T1,BESTEFFORT,CANCELLED,,76.975,"{'m1-1': 98.9, 'm2-1': 5.77, 'm3-1': 10.51, 'm4-1': 24.22, 'm5-1': 165.13, 'm6-1': 97.25, 'm7-1': 1.04, 'm8-1': 25.73}",0.0,inf,inf,inf,186.975,186.975
803,T5,BESTEFFORT,CANCELLED,,76.99,"{'m1-1': 109.28, 'm2-1': 5.65, 'm3-1': 10.9, 'm4-1': 27.07, 'm5-1': 151.61, 'm6-1': 104.34, 'm7-1': 1.09, 'm8-1': 25.74}",0.0,inf,inf,inf,186.99,186.99
804,T9,BESTEFFORT,COMPLETED,m7-1,77.249,"{'m1-1': 104.3, 'm2-1': 4.98, 'm3-1': 11.3, 'm4-1': 27.94, 'm5-1': 161.21, 'm6-1': 98.66, 'm7-1': 0.92, 'm8-1': 25.05}",1.3800000000000001,185.86600000000004,186.78600000000003,inf,187.249,187.249
805,T9,BESTEFFORT,COMPLETED,m4-1,77.287,"{'m1-1': 93.49, 'm2-1': 5.47, 'm3-1': 10.16, 'm4-1': 25.8, 'm5-1': 167.84, 'm6-1': 97.63, 'm7-1': 0.98, 'm8-1': 25.49}",38.7,159.173,184.973,inf,187.287,187.287
806,T6,BESTEFFORT,CANCELLED,,77.496,"{'m1-1': 102.63, 'm2-1': 4.89, 'm3-1': 10.31, 'm4-1': 27.69, 'm5-1': 174.32, 'm6-1': 113.42, 'm7-1': 1.03, 'm8-1': 27.67}",0.0,inf,inf,inf,187.49599999999998,187.49599999999998
807,T4,BESTEFFORT,CANCELLED,,77.513,"{'m1-1': 96.92, 'm2-1': 5.15, 'm3-1': 10.18, 'm4-1': 27.38, 'm5-1': 142.88, 'm6-1': 105.27, 'm7-1': 1.11, 'm8-1': 26.45}",0.0,inf,inf,inf,187.513,187.513
808,T6,BESTEFFORT,CANCELLED,,77.594,"{'m1-1': 97.57, 'm2-1': 5.27, 'm3-1': 10.03, 'm4-1': 28.47, 'm5-1': 164.48, 'm6-1': 96.69, 'm7-1': 1.16, 'm8-1': 25.84}",0.0,inf,inf,inf,187.594,187.594
809,T4,BESTEFFORT,CANCELLED,,77.614,"{'m1-1': 105.11, 'm2-1': 5.16, 'm3-1': 9.72, 'm4-1': 28.32, 'm5-1': 159.72, 'm6-1': 105.38, 'm7-1': 1.03, 'm8-1': 26.74}",0.0,inf,inf,inf,187.614,187.614
810,T8,BESTEFFORT,CANCELLED,,77.751,"{'m1-1': 111.6, 'm2-1': 5.09, 'm3-1': 11.24, 'm4-1': 27.05, 'm5-1': 149.53, 'm6-1': 106.42, 'm7-1': 1.0, 'm8-1': 27.42}",0.0,inf,inf,inf,187.751,187.751
811,T4,BESTEFFORT,CANCELLED,,77.814,"{'m1-1': 106.01, 'm2-1': 5.17, 'm3-1': 10.67, 'm4-1': 27.05, 'm5-1': 156.69, 'm6-1': 97.15, 'm7-1': 1.11, 'm8-1': 28.25}",0.0,inf,inf,inf,187.814,187.814
812,T6,BESTEFFORT,CANCELLED,,77.915,"{'m1-1': 106.47, 'm2-1': 5.46, 'm3-1': 9.88, 'm4-1': 26.13, 'm5-1': 150.39, 'm6-1': 98.8, 'm7-1': 1.07, 'm8-1': 27.82}",0.0,inf,inf,inf,187.91500000000002,187.91500000000002
813,T7,BESTEFFORT,COMPLETED,m7-1,77.967,"{'m1-1': 105.51, 'm2-1': 5.16, 'm3-1': 10.04, 'm4-1': 26.04, 'm5-1': 158.48, 'm6-1': 97.13, 'm7-1': 1.03, 'm8-1': 24.58}",1.545,186.78600000000003,187.81600000000003,inf,187.96699999999998,187.96699999999998
814,T9,BESTEFFORT,CANCELLED,,78.297,"{'m1-1': 104.84, 'm2-1': 4.99, 'm3-1': 10.94, 'm4-1': 27.34, 'm5-1': 143.43, 'm6-1': 102.22, 'm7-1': 0.97, 'm8-1': 26.1}",0.0,inf,inf,inf,188.297,188.297
815,T5,BESTEFFORT,CANCELLED,,78.421,"{'m1-1': 102.9, 'm2-1': 5.08, 'm3-1': 11.11, 'm4-1': 26.82, 'm5-1': 142.92, 'm6-1': 115.23, 'm7-1': 1.12, 'm8-1': 25.94}",0.0,inf,inf,inf,188.421,188.421
816,T7,BESTEFFORT,COMPLETED,m2-1,78.453,"{'m1-1': 113.21, 'm2-1': 5.29, 'm3-1': 9.89, 'm4-1': 25.98, 'm5-1': 156.79, 'm6-1': 106.76, 'm7-1': 1.07, 'm8-1': 27.2}",7.9350000000000005,181.416,186.706,inf,188.453,188.453
817,T5,BESTEFFORT,CANCELLED,,78.575,"{'m1-1': 102.92, 'm2-1': 5.08, 'm3-1': 10.0, 'm4-1': 23.91, 'm5-1': 140.9, 'm6-1': 107.68, 'm7-1': 1.05, 'm8-1': 24.27}",0.0,inf,inf,inf,188.575,188.575
818,T9,BESTEFFORT,CANCELLED,,78.819,"{'m1-1': 108.67, 'm2-1': 5.67, 'm3-1': 10.18, 'm4-1': 25.94, 'm5-1': 145.9, 'm6-1': 103.08, 'm7-1': 1.08, 'm8-1': 28.64}",0.0,inf,inf,inf,188.81900000000002,188.81900000000002
819,T4,BESTEFFORT,CANCELLED,,78.902,"{'m1-1': 105.01, 'm2-1': 5.52, 'm3-1': 10.82, 'm4-1': 26.94, 'm5-1': 163.71, 'm6-1': 103.15, 'm7-1': 1.09, 'm8-1': 25.32}",0.0,inf,inf,inf,188.902,188.902
820,T4,BESTEFFORT,CANCELLED,,78.92,"{'m1-1': 108.81, 'm2-1': 5.09, 'm3-1': 9.63, 'm4-1': 27.76, 'm5-1': 164.68, 'm6-1': 104.05, 'm7-1': 1.15, 'm8-1': 24.6}",0.0,inf,inf,inf,188.92000000000002,188.92000000000002
821,T4,BESTEFFORT,CANCELLED,,79.002,"{'m1-1': 103.05, 'm2-1': 5.01, 'm3-1': 10.22, 'm4-1': 25.1, 'm5-1': 153.97, 'm6-1': 107.45, 'm7-1': 1.05, 'm8-1': 25.84}",0.0,inf,inf,inf,189.002,189.002
822,T4,BESTEFFORT,COMPLETED,m7-1,79.204,"{'m1-1': 102.37, 'm2-1': 5.66, 'm3-1': 10.93, 'm4-1': 26.98, 'm5-1': 139.26, 'm6-1': 102.92, 'm7-1': 1.04, 'm8-1': 24.54}",1.56,187.81600000000003,188.85600000000002,inf,189.204,189.204
823,T2,BESTEFFORT,CANCELLED,,79.234,"{'m1-1': 103.21, 'm2-1': 5.65, 'm3-1': 10.5, 'm4-1': 23.64, 'm5-1': 165.92, 'm6-1': 98.27, 'm7-1': 0.94, 'm8-1': 24.1}",0.0,inf,inf,inf,189.23399999999998,189.23399999999998
824,T1,BESTEFFORT,CANCELLED,,79.437,"{'m1-1': 96.24, 'm2-1': 5.25, 'm3-1': 10.93, 'm4-1': 24.04, 'm5-1': 158.82, 'm6-1': 108.6, 'm7-1': 1.06, 'm8-1': 27.55}",0.0,inf,inf,inf,189.437,189.437
825,T2,BESTEFFORT,CANCELLED,,79.442,"{'m1-1': 100.06, 'm2-1': 4.83, 'm3-1': 10.06, 'm4-1': 27.08, 'm5-1': 170.22, 'm6-1': 93.4, 'm7-1': 0.94, 'm8-1': 26.43}",0.0,inf,inf,inf,189.442,189.442
826,T3,BESTEFFORT,CANCELLED,,79.499,"{'m1-1': 112.25, 'm2-1': 5.25, 'm3-1': 10.68, 'm4-1': 26.98, 'm5-1': 159.91, 'm6-1': 116.3, 'm7-1': 1.06, 'm8-1': 24.8}",0.0,inf,inf,inf,189.499,189.499
827,T2,BESTEFFORT,CANCELLED,,79.623,"{'m1-1': 96.98, 'm2-1': 5.46, 'm3-1': 10.34, 'm4-1': 24.8, 'm5-1': 152.54, 'm6-1': 103.68, 'm7-1': 0.96, 'm8-1': 25.84}",0.0,inf,inf,inf,189.623,189.623
828,T1,BESTEFFORT,CANCELLED,,79.654,"{'m1-1': 98.7, 'm2-1': 5.15, 'm3-1': 10.91, 'm4-1': 27.2, 'm5-1': 149.56, 'm6-1': 93.46, 'm7-1': 1.07, 'm8-1': 26.03}",0.0,inf,inf,inf,189.654,189.654
829,T5,BESTEFFORT,CANCELLED,,79.735,"{'m1-1': 103.3, 'm2-1': 5.72, 'm3-1': 11.58, 'm4-1': 27.29, 'm5-1': 155.59, 'm6-1': 113.84, 'm7-1': 1.07, 'm8-1': 27.44}",0.0,inf,inf,inf,189.735,189.735
830,T7,BESTEFFORT,CANCELLED,,79.748,"{'m1-1': 116.67, 'm2-1': 5.68, 'm3-1': 10.8, 'm4-1': 24.82, 'm5-1': 157.71, 'm6-1': 101.43, 'm7-1': 1.1, 'm8-1': 25.88}",0.0,inf,inf,inf,189.748,189.748
831,T2,BESTEFFORT,COMPLETED,m7-1,79.971,"{'m1-1': 101.01, 'm2-1': 5.47, 'm3-1': 10.44, 'm4-1': 27.19, 'm5-1': 163.6, 'm6-1': 91.81, 'm7-1': 1.04, 'm8-1': 24.06}",1.56,188.85600000000002,189.89600000000002,inf,189.971,189.971
832,T9,BESTEFFORT,MISSED,m3-1,80.151,"{'m1-1': 97.94, 'm2-1': 4.95, 'm3-1': 10.06, 'm4-1': 27.74, 'm5-1': 165.76, 'm6-1': 97.75, 'm7-1': 1.1, 'm8-1': 25.18}",0.0,213.35399999999998,inf,213.35399999999998,190.151,190.151
833,T5,BESTEFFORT,CANCELLED,,80.199,"{'m1-1': 109.51, 'm2-1': 5.31, 'm3-1': 10.2, 'm4-1': 24.09, 'm5-1': 157.24, 'm6-1': 113.38, 'm7-1': 1.14, 'm8-1': 27.86}",0.0,inf,inf,inf,190.199,190.199
834,T2,BESTEFFORT,CANCELLED,,80.339,"{'m1-1': 107.7, 'm2-1': 4.93, 'm3-1': 10.23, 'm4-1': 26.56, 'm5-1': 171.15, 'm6-1': 104.19, 'm7-1': 0.98, 'm8-1': 24.75}",0.0,inf,inf,inf,190.339,190.339
835,T7,BESTEFFORT,CANCELLED,,80.341,"{'m1-1': 111.85, 'm2-1': 5.29, 'm3-1': 9.97, 'm4-1': 23.84, 'm5-1': 144.81, 'm6-1': 108.54, 'm7-1': 1.1, 'm8-1': 28.61}",0.0,inf,inf,inf,190.341,190.341
836,T8,BESTEFFORT,CANCELLED,,80.382,"{'m1-1': 101.83, 'm2-1': 5.14, 'm3-1': 11.15, 'm4-1': 27.73, 'm5-1': 159.11, 'm6-1': 112.52, 'm7-1': 0.92, 'm8-1': 25.41}",0.0,inf,inf,inf,190.382,190.382
837,T2,BESTEFFORT,MISSED,m5-1,80.498,"{'m1-1': 95.75, 'm2-1': 5.0, 'm3-1': 11.07, 'm4-1': 23.3, 'm5-1': 169.53, 'm6-1': 102.86, 'm7-1': 0.99, 'm8-1': 26.53}",0.0,193.998,inf,193.998,190.498,190.498
838,T7,BESTEFFORT,CANCELLED,,80.51,"{'m1-1': 102.56, 'm2-1': 5.02, 'm3-1': 11.15, 'm4-1': 26.68, 'm5-1': 151.98, 'm6-1': 106.28, 'm7-1': 1.12, 'm8-1': 26.59}",0.0,inf,inf,inf,190.51,190.51
839,T6,BESTEFFORT,MISSED,m5-1,80.576,"{'m1-1': 107.96, 'm2-1': 4.71, 'm3-1': 10.64, 'm4-1': 27.79, 'm5-1': 161.02, 'm6-1': 108.61, 'm7-1': 1.15, 'm8-1': 27.19}",0.0,193.998,inf,193.998,190.576,190.576
840,T6,BESTEFFORT,CANCELLED,,80.577,"{'m1-1': 106.98, 'm2-1': 5.11, 'm3-1': 9.82, 'm4-1': 27.17, 'm5-1': 174.71, 'm6-1': 100.05, 'm7-1': 1.15, 'm8-1': 24.99}",0.0,inf,inf,inf,190.577,190.577
841,T1,BESTEFFORT,CANCELLED,,80.661,"{'m1-1': 104.89, 'm2-1': 5.66, 'm3-1': 11.22, 'm4-1': 24.03, 'm5-1': 161.8, 'm6-1': 100.74, 'm7-1': 1.17, 'm8-1': 27.6}",0.0,inf,inf,inf,190.661,190.661
842,T6,BESTEFFORT,CANCELLED,,80.833,"{'m1-1': 105.81, 'm2-1': 5.06, 'm3-1': 10.84, 'm4-1': 26.74, 'm5-1': 163.1, 'm6-1': 109.51, 'm7-1': 1.13, 'm8-1': 24.98}",0.0,inf,inf,inf,190.833,190.833
843,T7,BESTEFFORT,CANCELLED,,80.891,"{'m1-1': 116.53, 'm2-1': 5.78, 'm3-1': 9.77, 'm4-1': 27.33, 'm5-1': 168.13, 'm6-1': 103.83, 'm7-1': 1.13, 'm8-1': 25.19}",0.0,inf,inf,inf,190.89100000000002,190.89100000000002
844,T7,BESTEFFORT,CANCELLED,,80.912,"{'m1-1': 102.88, 'm2-1': 5.01, 'm3-1': 9.6, 'm4-1': 25.11, 'm5-1': 150.89, 'm6-1': 112.64, 'm7-1': 1.05, 'm8-1': 24.56}",0.0,inf,inf,inf,190.912,190.912
845,T3,BESTEFFORT,CANCELLED,,80.913,"{'m1-1': 103.7, 'm2-1': 5.56, 'm3-1': 10.51, 'm4-1': 27.17, 'm5-1': 156.09, 'm6-1': 107.96, 'm7-1': 0.97, 'm8-1': 24.99}",0.0,inf,inf,inf,190.913,190.913
846,T7,BESTEFFORT,COMPLETED,m7-1,81.029,"{'m1-1': 103.55, 'm2-1': 5.84, 'm3-1': 10.89, 'm4-1': 26.21, 'm5-1': 162.96, 'm6-1': 106.77, 'm7-1': 1.1, 'm8-1': 27.43}",1.6500000000000001,189.89600000000002,190.996,inf,191.029,191.029
847,T1,BESTEFFORT,CANCELLED,,81.297,"{'m1-1': 97.05, 'm2-1': 5.46, 'm3-1': 10.84, 'm4-1': 25.12, 'm5-1': 171.29, 'm6-1': 97.94, 'm7-1': 1.13, 'm8-1': 25.08}",0.0,inf,inf,inf,191.297,191.297
848,T2,BESTEFFORT,CANCELLED,,81.387,"{'m1-1': 105.91, 'm2-1': 5.55, 'm3-1': 10.41, 'm4-1': 24.05, 'm5-1': 155.41, 'm6-1': 107.92, 'm7-1': 0.94, 'm8-1': 26.42}",0.0,inf,inf,inf,191.387,191.387
849,T9,BESTEFFORT,CANCELLED,,81.43,"{'m1-1': 99.7, 'm2-1': 5.4, 'm3-1': 10.14, 'm4-1': 26.13, 'm5-1': 163.73, 'm6-1': 103.25, 'm7-1': 0.94, 'm8-1': 26.54}",0.0,inf,inf,inf,191.43,191.43
850,T2,BESTEFFORT,CANCELLED,,81.659,"{'m1-1': 102.4, 'm2-1': 4.85, 'm3-1': 10.53, 'm4-1': 26.92, 'm5-1': 161.56, 'm6-1': 96.9, 'm7-1': 1.0, 'm8-1': 27.27}",0.0,inf,inf,inf,191.659,191.659
851,T10,BESTEFFORT,MISSED,m5-1,81.667,"{'m1-1': 94.95, 'm2-1': 4.98, 'm3-1': 9.15, 'm4-1': 27.29, 'm5-1': 146.37, 'm6-1': 106.7, 'm7-1': 1.07, 'm8-1': 27.29}",0.0,193.998,inf,193.998,191.667,191.667
852,T7,BESTEFFORT,CANCELLED,,81.826,"{'m1-1': 104.22, 'm2-1': 5.66, 'm3-1': 11.06, 'm4-1': 25.49, 'm5-1': 148.56, 'm6-1': 112.56, 'm7-1': 1.13, 'm8-1': 28.07}",0.0,inf,inf,inf,191.826,191.826
853,T5,BESTEFFORT,CANCELLED,,81.86,"{'m1-1': 98.48, 'm2-1': 5.26, 'm3-1': 9.9, 'm4-1': 23.82, 'm5-1': 154.4, 'm6-1': 103.38, 'm7-1': 1.1, 'm8-1': 25.76}",0.0,inf,inf,inf,191.86,191.86
854,T9,BESTEFFORT,CANCELLED,,81.973,"{'m1-1': 103.45, 'm2-1': 5.48, 'm3-1': 11.24, 'm4-1': 28.03, 'm5-1': 149.17, 'm6-1': 113.83, 'm7-1': 1.03, 'm8-1': 25.6}",0.0,inf,inf,inf,191.973,191.973
855,T4,BESTEFFORT,MISSED,m7-1,82.008,"{'m1-1': 100.84, 'm2-1': 4.87, 'm3-1': 9.79, 'm4-1': 26.87, 'm5-1': 142.24, 'm6-1': 96.68, 'm7-1': 1.1, 'm8-1': 27.44}",1.517999999999958,190.996,inf,192.00799999999998,192.00799999999998,192.00799999999998
856,T4,BESTEFFORT,CANCELLED,,82.146,"{'m1-1': 98.04, 'm2-1': 5.58, 'm3-1': 9.84, 'm4-1': 27.44, 'm5-1': 161.43, 'm6-1': 103.23, 'm7-1': 1.03, 'm8-1': 28.04}",0.0,inf,inf,inf,192.14600000000002,192.14600000000002
857,T10,BESTEFFORT,CANCELLED,,82.393,"{'m1-1': 108.95, 'm2-1': 5.49, 'm3-1': 10.12, 'm4-1': 28.62, 'm5-1': 156.54, 'm6-1': 100.28, 'm7-1': 0.98, 'm8-1': 27.85}",0.0,inf,inf,inf,192.393,192.393
858,T8,BESTEFFORT,CANCELLED,,82.396,"{'m1-1': 102.4, 'm2-1': 4.68, 'm3-1': 9.84, 'm4-1': 28.3, 'm5-1': 161.67, 'm6-1': 117.44, 'm7-1': 1.03, 'm8-1': 24.92}",0.0,inf,inf,inf,192.39600000000002,192.39600000000002
859,T7,BESTEFFORT,CANCELLED,,82.399,"{'m1-1': 108.91, 'm2-1': 5.34, 'm3-1': 10.33, 'm4-1': 25.91, 'm5-1': 147.89, 'm6-1': 105.78, 'm7-1': 1.13, 'm8-1': 26.33}",0.0,inf,inf,inf,192.399,192.399
860,T10,BESTEFFORT,COMPLETED,m3-1,82.488,"{'m1-1': 105.07, 'm2-1': 5.43, 'm3-1': 10.16, 'm4-1': 24.11, 'm5-1': 147.51, 'm6-1': 114.72, 'm7-1': 1.09, 'm8-1': 28.17}",15.24,181.99,192.15,inf,192.488,192.488
861,T9,BESTEFFORT,CANCELLED,,82.575,"{'m1-1': 108.27, 'm2-1': 5.06, 'm3-1': 9.9, 'm4-1': 26.99, 'm5-1': 151.22, 'm6-1': 101.25, 'm7-1': 1.03, 'm8-1': 27.41}",0.0,inf,inf,inf,192.575,192.575
862,T5,BESTEFFORT,CANCELLED,,82.702,"{'m1-1': 104.62, 'm2-1': 5.23, 'm3-1': 10.44, 'm4-1': 26.67, 'm5-1': 152.75, 'm6-1': 103.88, 'm7-1': 1.04, 'm8-1': 23.76}",0.0,inf,inf,inf,192.702,192.702
863,T7,BESTEFFORT,CANCELLED,,82.827,"{'m1-1': 107.8, 'm2-1': 5.37, 'm3-1': 11.06, 'm4-1': 24.78, 'm5-1': 153.43, 'm6-1': 105.55, 'm7-1': 1.18, 'm8-1': 26.15}",0.0,inf,inf,inf,192.827,192.827
864,T8,BESTEFFORT,COMPLETED,m7-1,83.069,"{'m1-1': 107.68, 'm2-1': 4.97, 'm3-1': 10.43, 'm4-1': 24.52, 'm5-1': 150.73, 'm6-1': 113.7, 'm7-1': 0.97, 'm8-1': 23.68}",1.455,192.00799999999998,192.97799999999998,inf,193.06900000000002,193.06900000000002
865,T6,BESTEFFORT,CANCELLED,,83.147,"{'m1-1': 98.71, 'm2-1': 5.39, 'm3-1': 10.31, 'm4-1': 25.48, 'm5-1': 160.06, 'm6-1': 95.6, 'm7-1': 1.08, 'm8-1': 27.11}",0.0,inf,inf,inf,193.147,193.147
866,T1,BESTEFFORT,CANCELLED,,83.15,"{'m1-1': 104.96, 'm2-1': 5.18, 'm3-1': 10.34, 'm4-1': 24.79, 'm5-1': 153.24, 'm6-1': 106.26, 'm7-1': 1.12, 'm8-1': 24.11}",0.0,inf,inf,inf,193.15,193.15
867,T1,BESTEFFORT,CANCELLED,,83.161,"{'m1-1': 101.05, 'm2-1': 5.14, 'm3-1': 10.81, 'm4-1': 24.68, 'm5-1': 162.23, 'm6-1': 100.64, 'm7-1': 1.06, 'm8-1': 23.71}",0.0,inf,inf,inf,193.161,193.161
868,T9,BESTEFFORT,CANCELLED,,83.2,"{'m1-1': 105.1, 'm2-1': 5.08, 'm3-1': 11.09, 'm4-1': 27.08, 'm5-1': 166.5, 'm6-1': 109.06, 'm7-1': 1.08, 'm8-1': 28.5}",0.0,inf,inf,inf,193.2,193.2
869,T5,BESTEFFORT,COMPLETED,m2-1,83.212,"{'m1-1': 108.42, 'm2-1': 5.49, 'm3-1': 10.52, 'm4-1': 24.04, 'm5-1': 154.0, 'm6-1': 97.52, 'm7-1': 1.05, 'm8-1': 25.8}",8.235,186.706,192.196,inf,193.212,193.212
870,T4,BESTEFFORT,CANCELLED,,83.256,"{'m1-1': 94.09, 'm2-1': 5.73, 'm3-1': 9.96, 'm4-1': 24.93, 'm5-1': 145.43, 'm6-1': 101.1, 'm7-1': 1.16, 'm8-1': 26.68}",0.0,inf,inf,inf,193.256,193.256
871,T7,BESTEFFORT,CANCELLED,,83.497,"{'m1-1': 105.51, 'm2-1': 5.39, 'm3-1': 10.97, 'm4-1': 24.42, 'm5-1': 165.52, 'm6-1': 100.4, 'm7-1': 1.13, 'm8-1': 28.41}",0.0,inf,inf,inf,193.497,193.497
872,T8,BESTEFFORT,CANCELLED,,83.539,"{'m1-1': 105.57, 'm2-1': 4.63, 'm3-1': 10.85, 'm4-1': 27.95, 'm5-1': 157.26, 'm6-1': 101.07, 'm7-1': 1.01, 'm8-1': 24.13}",0.0,inf,inf,inf,193.539,193.539
873,T4,BESTEFFORT,CANCELLED,,83.701,"{'m1-1': 94.87, 'm2-1': 5.41, 'm3-1': 9.8, 'm4-1': 26.23, 'm5-1': 147.26, 'm6-1': 108.87, 'm7-1': 1.13, 'm8-1': 24.25}",0.0,inf,inf,inf,193.701,193.701
874,T8,BESTEFFORT,CANCELLED,,83.738,"{'m1-1': 101.61, 'm2-1': 5.16, 'm3-1': 10.75, 'm4-1': 27.37, 'm5-1': 149.49, 'm6-1': 101.97, 'm7-1': 1.06, 'm8-1': 23.87}",0.0,inf,inf,inf,193.738,193.738
875,T5,BESTEFFORT,CANCELLED,,83.799,"{'m1-1': 105.04, 'm2-1': 5.32, 'm3-1': 11.52, 'm4-1': 25.39, 'm5-1': 154.55, 'm6-1': 113.67, 'm7-1': 1.18, 'm8-1': 27.98}",0.0,inf,inf,inf,193.799,193.799
876,T2,BESTEFFORT,CANCELLED,,83.994,"{'m1-1': 97.49, 'm2-1': 5.12, 'm3-1': 11.02, 'm4-1': 26.97, 'm5-1': 160.26, 'm6-1': 104.74, 'm7-1': 0.97, 'm8-1': 25.45}",0.0,inf,inf,inf,193.994,193.994
877,T3,BESTEFFORT,MISSED,m5-1,83.998,"{'m1-1': 111.34, 'm2-1': 5.59, 'm3-1': 9.85, 'm4-1': 24.86, 'm5-1': 165.27, 'm6-1': 106.84, 'm7-1': 1.05, 'm8-1': 25.09}",10.637999999999977,186.906,inf,193.998,193.998,193.998
878,T9,BESTEFFORT,CANCELLED,,84.025,"{'m1-1': 95.39, 'm2-1': 5.54, 'm3-1': 10.86, 'm4-1': 28.01, 'm5-1': 146.5, 'm6-1': 106.31, 'm7-1': 0.94, 'm8-1': 29.48}",0.0,inf,inf,inf,194.025,194.025
879,T8,BESTEFFORT,CANCELLED,,84.076,"{'m1-1': 103.26, 'm2-1': 4.91, 'm3-1': 10.0, 'm4-1': 26.96, 'm5-1': 158.15, 'm6-1': 115.62, 'm7-1': 0.93, 'm8-1': 26.75}",0.0,inf,inf,inf,194.076,194.076
880,T6,BESTEFFORT,COMPLETED,m7-1,84.365,"{'m1-1': 92.8, 'm2-1': 4.88, 'm3-1': 10.02, 'm4-1': 27.18, 'm5-1': 161.42, 'm6-1': 113.0, 'm7-1': 1.08, 'm8-1': 27.64}",1.62,192.97799999999998,194.058,inf,194.365,194.365
881,T10,BESTEFFORT,CANCELLED,,84.479,"{'m1-1': 94.63, 'm2-1': 5.09, 'm3-1': 10.85, 'm4-1': 26.52, 'm5-1': 165.56, 'm6-1': 105.58, 'm7-1': 1.1, 'm8-1': 25.98}",0.0,inf,inf,inf,194.47899999999998,194.47899999999998
882,T1,BESTEFFORT,CANCELLED,,84.479,"{'m1-1': 98.46, 'm2-1': 5.55, 'm3-1': 10.93, 'm4-1': 23.82, 'm5-1': 159.87, 'm6-1': 104.06, 'm7-1': 1.16, 'm8-1': 26.22}",0.0,inf,inf,inf,194.47899999999998,194.47899999999998
883,T6,BESTEFFORT,CANCELLED,,84.511,"{'m1-1': 96.94, 'm2-1': 5.37, 'm3-1': 10.26, 'm4-1': 28.42, 'm5-1': 164.16, 'm6-1': 99.83, 'm7-1': 1.03, 'm8-1': 27.18}",0.0,inf,inf,inf,194.511,194.511
884,T7,BESTEFFORT,CANCELLED,,84.59,"{'m1-1': 110.7, 'm2-1': 5.18, 'm3-1': 10.74, 'm4-1': 26.86, 'm5-1': 165.91, 'm6-1': 106.67, 'm7-1': 1.05, 'm8-1': 25.13}",0.0,inf,inf,inf,194.59,194.59
885,T5,BESTEFFORT,CANCELLED,,84.646,"{'m1-1': 107.15, 'm2-1': 5.25, 'm3-1': 10.53, 'm4-1': 27.6, 'm5-1': 161.8, 'm6-1': 104.88, 'm7-1': 1.03, 'm8-1': 25.6}",0.0,inf,inf,inf,194.64600000000002,194.64600000000002
886,T10,BESTEFFORT,CANCELLED,,84.753,"{'m1-1': 98.4, 'm2-1': 4.84, 'm3-1': 9.31, 'm4-1': 27.26, 'm5-1': 160.27, 'm6-1': 97.43, 'm7-1': 1.04, 'm8-1': 24.62}",0.0,inf,inf,inf,194.753,194.753
887,T4,BESTEFFORT,COMPLETED,m7-1,85.17,"{'m1-1': 100.07, 'm2-1': 5.16, 'm3-1': 10.81, 'm4-1': 27.67, 'm5-1': 147.85, 'm6-1': 100.57, 'm7-1': 1.06, 'm8-1': 28.26}",1.59,194.058,195.118,inf,195.17000000000002,195.17000000000002
888,T1,BESTEFFORT,MISSED,m5-1,85.322,"{'m1-1': 97.43, 'm2-1': 5.69, 'm3-1': 11.01, 'm4-1': 23.66, 'm5-1': 158.01, 'm6-1': 106.2, 'm7-1': 1.15, 'm8-1': 24.84}",1.9860000000000184,193.998,inf,195.322,195.322,195.322
889,T5,BESTEFFORT,CANCELLED,,85.33,"{'m1-1': 94.84, 'm2-1': 5.12, 'm3-1': 10.41, 'm4-1': 23.89, 'm5-1': 152.92, 'm6-1': 113.76, 'm7-1': 1.1, 'm8-1': 25.68}",0.0,inf,inf,inf,195.32999999999998,195.32999999999998
890,T10,BESTEFFORT,CANCELLED,,85.559,"{'m1-1': 108.97, 'm2-1': 4.78, 'm3-1': 10.39, 'm4-1': 24.31, 'm5-1': 160.68, 'm6-1': 99.12, 'm7-1': 1.02, 'm8-1': 25.4}",0.0,inf,inf,inf,195.559,195.559
891,T7,BESTEFFORT,CANCELLED,,85.687,"{'m1-1': 105.09, 'm2-1': 5.38, 'm3-1': 10.63, 'm4-1': 25.43, 'm5-1': 168.93, 'm6-1': 113.11, 'm7-1': 1.12, 'm8-1': 24.54}",0.0,inf,inf,inf,195.687,195.687
892,T7,BESTEFFORT,CANCELLED,,86.096,"{'m1-1': 104.4, 'm2-1': 5.75, 'm3-1': 10.6, 'm4-1': 23.47, 'm5-1': 160.77, 'm6-1': 104.2, 'm7-1': 1.09, 'm8-1': 24.74}",0.0,inf,inf,inf,196.096,196.096
893,T10,BESTEFFORT,MISSED,m7-1,86.136,"{'m1-1': 96.92, 'm2-1': 5.15, 'm3-1': 9.22, 'm4-1': 25.82, 'm5-1': 148.83, 'm6-1': 110.72, 'm7-1': 1.06, 'm8-1': 26.09}",1.527000000000001,195.118,inf,196.136,196.136,196.136
894,T3,BESTEFFORT,MISSED,m5-1,86.187,"{'m1-1': 114.12, 'm2-1': 5.74, 'm3-1': 11.28, 'm4-1': 25.71, 'm5-1': 165.78, 'm6-1': 113.44, 'm7-1': 1.07, 'm8-1': 29.18}",1.2975000000000136,195.322,inf,196.187,196.187,196.187
895,T5,BESTEFFORT,CANCELLED,,86.242,"{'m1-1': 93.25, 'm2-1': 5.06, 'm3-1': 11.24, 'm4-1': 25.24, 'm5-1': 145.85, 'm6-1': 107.29, 'm7-1': 1.04, 'm8-1': 25.66}",0.0,inf,inf,inf,196.24200000000002,196.24200000000002
896,T6,BESTEFFORT,MISSED,m5-1,86.462,"{'m1-1': 108.33, 'm2-1': 4.97, 'm3-1': 9.51, 'm4-1': 26.21, 'm5-1': 153.81, 'm6-1': 104.86, 'm7-1': 1.14, 'm8-1': 28.49}",0.0,200.619,inf,200.619,196.462,196.462
897,T10,BESTEFFORT,CANCELLED,,86.529,"{'m1-1': 99.53, 'm2-1': 5.3, 'm3-1': 10.2, 'm4-1': 24.53, 'm5-1': 150.66, 'm6-1': 109.81, 'm7-1': 1.09, 'm8-1': 24.29}",0.0,inf,inf,inf,196.529,196.529
898,T7,BESTEFFORT,CANCELLED,,86.66,"{'m1-1': 105.5, 'm2-1': 5.19, 'm3-1': 11.17, 'm4-1': 26.12, 'm5-1': 156.04, 'm6-1': 100.38, 'm7-1': 1.18, 'm8-1': 25.73}",0.0,inf,inf,inf,196.66,196.66
899,T5,BESTEFFORT,CANCELLED,,86.9,"{'m1-1': 105.78, 'm2-1': 5.0, 'm3-1': 9.93, 'm4-1': 26.05, 'm5-1': 150.27, 'm6-1': 105.68, 'm7-1': 1.04, 'm8-1': 27.71}",0.0,inf,inf,inf,196.9,196.9
900,T4,BESTEFFORT,MISSED,m7-1,87.085,"{'m1-1': 96.38, 'm2-1': 4.9, 'm3-1': 10.2, 'm4-1': 24.65, 'm5-1': 158.64, 'm6-1': 92.86, 'm7-1': 1.01, 'm8-1': 26.28}",1.4234999999999758,196.136,inf,197.08499999999998,197.08499999999998,197.08499999999998
901,T8,BESTEFFORT,COMPLETED,m2-1,87.683,"{'m1-1': 109.36, 'm2-1': 4.83, 'm3-1': 11.3, 'm4-1': 27.21, 'm5-1': 152.85, 'm6-1': 117.49, 'm7-1': 0.96, 'm8-1': 26.1}",7.245,192.196,197.026,inf,197.683,197.683
902,T4,BESTEFFORT,CANCELLED,,87.818,"{'m1-1': 91.91, 'm2-1': 5.59, 'm3-1': 9.74, 'm4-1': 26.0, 'm5-1': 153.6, 'm6-1': 106.48, 'm7-1': 1.11, 'm8-1': 26.46}",0.0,inf,inf,inf,197.81799999999998,197.81799999999998
903,T3,BESTEFFORT,CANCELLED,,88.044,"{'m1-1': 102.11, 'm2-1': 5.78, 'm3-1': 9.95, 'm4-1': 28.29, 'm5-1': 174.5, 'm6-1': 101.52, 'm7-1': 1.05, 'm8-1': 25.62}",0.0,inf,inf,inf,198.04399999999998,198.04399999999998
904,T6,BESTEFFORT,MISSED,m5-1,88.43,"{'m1-1': 109.71, 'm2-1': 5.45, 'm3-1': 9.34, 'm4-1': 26.58, 'm5-1': 150.41, 'm6-1': 106.56, 'm7-1': 1.1, 'm8-1': 27.33}",3.3644999999999925,196.187,inf,198.43,198.43,198.43
905,T2,BESTEFFORT,MISSED,m5-1,88.486,"{'m1-1': 98.66, 'm2-1': 5.6, 'm3-1': 11.59, 'm4-1': 25.43, 'm5-1': 153.35, 'm6-1': 108.32, 'm7-1': 1.01, 'm8-1': 24.51}",0.08399999999997476,198.43,inf,198.486,198.486,198.486
906,T8,BESTEFFORT,COMPLETED,m7-1,88.609,"{'m1-1': 96.42, 'm2-1': 5.26, 'm3-1': 11.07, 'm4-1': 27.12, 'm5-1': 158.88, 'm6-1': 115.11, 'm7-1': 1.05, 'm8-1': 27.19}",1.5750000000000002,197.08499999999998,198.135,inf,198.60899999999998,198.60899999999998
907,T3,BESTEFFORT,MISSED,m5-1,88.848,"{'m1-1': 102.93, 'm2-1': 5.65, 'm3-1': 10.59, 'm4-1': 27.31, 'm5-1': 174.7, 'm6-1': 103.79, 'm7-1': 1.01, 'm8-1': 24.79}",0.0,201.058,inf,201.058,198.848,198.848
908,T8,BESTEFFORT,COMPLETED,m7-1,89.206,"{'m1-1': 96.84, 'm2-1': 4.71, 'm3-1': 11.37, 'm4-1': 25.64, 'm5-1': 164.23, 'm6-1': 114.39, 'm7-1': 0.96, 'm8-1': 27.39}",1.44,198.135,199.095,inf,199.20600000000002,199.20600000000002
909,T8,BESTEFFORT,CANCELLED,,89.312,"{'m1-1': 110.98, 'm2-1': 5.07, 'm3-1': 10.36, 'm4-1': 28.18, 'm5-1': 157.7, 'm6-1': 111.76, 'm7-1': 1.08, 'm8-1': 26.29}",0.0,inf,inf,inf,199.312,199.312
910,T5,BESTEFFORT,CANCELLED,,89.411,"{'m1-1': 97.97, 'm2-1': 5.77, 'm3-1': 9.96, 'm4-1': 25.2, 'm5-1': 165.27, 'm6-1': 107.41, 'm7-1': 1.04, 'm8-1': 25.02}",0.0,inf,inf,inf,199.411,199.411
911,T10,BESTEFFORT,CANCELLED,,89.517,"{'m1-1': 100.73, 'm2-1': 4.69, 'm3-1': 9.14, 'm4-1': 28.02, 'm5-1': 171.24, 'm6-1': 106.48, 'm7-1': 1.07, 'm8-1': 28.22}",0.0,inf,inf,inf,199.517,199.517
912,T4,BESTEFFORT,CANCELLED,,89.846,"{'m1-1': 107.81, 'm2-1': 5.58, 'm3-1': 11.32, 'm4-1': 25.08, 'm5-1': 157.36, 'm6-1': 104.82, 'm7-1': 1.05, 'm8-1': 25.96}",0.0,inf,inf,inf,199.846,199.846
913,T2,BESTEFFORT,CANCELLED,,90.004,"{'m1-1': 100.94, 'm2-1': 5.18, 'm3-1': 11.3, 'm4-1': 25.3, 'm5-1': 164.83, 'm6-1': 92.08, 'm7-1': 1.07, 'm8-1': 25.2}",0.0,inf,inf,inf,200.00400000000002,200.00400000000002
914,T5,BESTEFFORT,CANCELLED,,90.168,"{'m1-1': 107.79, 'm2-1': 5.39, 'm3-1': 10.45, 'm4-1': 23.8, 'm5-1': 167.16, 'm6-1': 110.37, 'm7-1': 1.02, 'm8-1': 27.28}",0.0,inf,inf,inf,200.168,200.168
915,T8,BESTEFFORT,COMPLETED,m7-1,90.255,"{'m1-1': 99.56, 'm2-1': 4.84, 'm3-1': 11.32, 'm4-1': 24.59, 'm5-1': 148.49, 'm6-1': 105.99, 'm7-1': 1.1, 'm8-1': 26.95}",1.6500000000000001,199.095,200.195,inf,200.255,200.255
916,T2,BESTEFFORT,CANCELLED,,90.285,"{'m1-1': 100.82, 'm2-1': 4.96, 'm3-1': 11.67, 'm4-1': 24.77, 'm5-1': 161.51, 'm6-1': 96.32, 'm7-1': 1.07, 'm8-1': 23.57}",0.0,inf,inf,inf,200.285,200.285
917,T8,BESTEFFORT,CANCELLED,,90.459,"{'m1-1': 103.66, 'm2-1': 4.94, 'm3-1': 10.9, 'm4-1': 27.72, 'm5-1': 160.16, 'm6-1': 111.12, 'm7-1': 1.08, 'm8-1': 23.82}",0.0,inf,inf,inf,200.459,200.459
918,T8,BESTEFFORT,CANCELLED,,90.459,"{'m1-1': 107.88, 'm2-1': 4.85, 'm3-1': 10.49, 'm4-1': 26.56, 'm5-1': 143.51, 'm6-1': 113.48, 'm7-1': 1.05, 'm8-1': 24.81}",0.0,inf,inf,inf,200.459,200.459
919,T6,BESTEFFORT,MISSED,m5-1,90.619,"{'m1-1': 95.98, 'm2-1': 5.27, 'm3-1': 10.46, 'm4-1': 25.65, 'm5-1': 160.73, 'm6-1': 113.1, 'm7-1': 1.09, 'm8-1': 26.06}",3.1995000000000147,198.486,inf,200.619,200.619,200.619
920,T3,BESTEFFORT,MISSED,m5-1,90.998,"{'m1-1': 100.33, 'm2-1': 5.91, 'm3-1': 11.38, 'm4-1': 26.62, 'm5-1': 178.36, 'm6-1': 110.23, 'm7-1': 1.04, 'm8-1': 25.74}",0.0,201.058,inf,201.058,200.998,200.998
921,T7,BESTEFFORT,MISSED,m5-1,91.058,"{'m1-1': 108.09, 'm2-1': 5.71, 'm3-1': 9.76, 'm4-1': 26.66, 'm5-1': 145.55, 'm6-1': 111.71, 'm7-1': 1.01, 'm8-1': 27.36}",0.6584999999999894,200.619,inf,201.058,201.058,201.058
922,T10,BESTEFFORT,MISSED,m7-1,91.102,"{'m1-1': 104.28, 'm2-1': 5.07, 'm3-1': 10.12, 'm4-1': 28.59, 'm5-1': 155.32, 'm6-1': 98.93, 'm7-1': 1.05, 'm8-1': 24.67}",1.360500000000016,200.195,inf,201.102,201.102,201.102
923,T4,BESTEFFORT,CANCELLED,,91.205,"{'m1-1': 105.24, 'm2-1': 5.51, 'm3-1': 10.45, 'm4-1': 27.93, 'm5-1': 141.97, 'm6-1': 100.69, 'm7-1': 1.11, 'm8-1': 26.21}",0.0,inf,inf,inf,201.20499999999998,201.20499999999998
924,T4,BESTEFFORT,CANCELLED,,91.232,"{'m1-1': 92.7, 'm2-1': 5.54, 'm3-1': 9.98, 'm4-1': 25.3, 'm5-1': 155.41, 'm6-1': 99.97, 'm7-1': 1.16, 'm8-1': 25.25}",0.0,inf,inf,inf,201.232,201.232
925,T8,BESTEFFORT,MISSED,m5-1,91.252,"{'m1-1': 110.15, 'm2-1': 4.89, 'm3-1': 10.27, 'm4-1': 26.86, 'm5-1': 168.04, 'm6-1': 116.28, 'm7-1': 0.96, 'm8-1': 24.52}",0.0,207.45999999999998,inf,207.45999999999998,201.252,201.252
926,T8,BESTEFFORT,MISSED,m5-1,91.356,"{'m1-1': 109.22, 'm2-1': 4.81, 'm3-1': 10.9, 'm4-1': 26.96, 'm5-1': 161.68, 'm6-1': 116.24, 'm7-1': 0.96, 'm8-1': 27.38}",0.0,208.63,inf,208.63,201.356,201.356
927,T4,BESTEFFORT,CANCELLED,,91.543,"{'m1-1': 98.17, 'm2-1': 5.66, 'm3-1': 10.01, 'm4-1': 27.92, 'm5-1': 147.15, 'm6-1': 108.81, 'm7-1': 1.08, 'm8-1': 28.28}",0.0,inf,inf,inf,201.543,201.543
928,T3,BESTEFFORT,MISSED,m2-1,91.631,"{'m1-1': 107.96, 'm2-1': 5.5, 'm3-1': 10.84, 'm4-1': 26.0, 'm5-1': 173.29, 'm6-1': 105.26, 'm7-1': 0.97, 'm8-1': 27.91}",0.0,217.83600000000004,inf,217.83600000000004,201.631,201.631
929,T10,BESTEFFORT,CANCELLED,,91.634,"{'m1-1': 93.08, 'm2-1': 5.27, 'm3-1': 10.69, 'm4-1': 26.02, 'm5-1': 172.59, 'm6-1': 101.24, 'm7-1': 1.08, 'm8-1': 24.94}",0.0,inf,inf,inf,201.63400000000001,201.63400000000001
930,T7,BESTEFFORT,CANCELLED,,91.926,"{'m1-1': 109.59, 'm2-1': 5.64, 'm3-1': 9.69, 'm4-1': 25.72, 'm5-1': 158.74, 'm6-1': 99.61, 'm7-1': 1.04, 'm8-1': 27.69}",0.0,inf,inf,inf,201.926,201.926
931,T10,BESTEFFORT,CANCELLED,,91.942,"{'m1-1': 100.1, 'm2-1': 5.37, 'm3-1': 9.27, 'm4-1': 28.62, 'm5-1': 147.2, 'm6-1': 102.07, 'm7-1': 1.1, 'm8-1': 27.0}",0.0,inf,inf,inf,201.942,201.942
932,T10,BESTEFFORT,CANCELLED,,91.958,"{'m1-1': 104.34, 'm2-1': 5.43, 'm3-1': 9.7, 'm4-1': 26.99, 'm5-1': 163.56, 'm6-1': 97.02, 'm7-1': 1.06, 'm8-1': 27.1}",0.0,inf,inf,inf,201.958,201.958
933,T8,BESTEFFORT,CANCELLED,,92.008,"{'m1-1': 110.36, 'm2-1': 4.65, 'm3-1': 11.1, 'm4-1': 27.61, 'm5-1': 157.72, 'm6-1': 105.11, 'm7-1': 0.96, 'm8-1': 25.54}",0.0,inf,inf,inf,202.00799999999998,202.00799999999998
934,T7,BESTEFFORT,COMPLETED,m7-1,92.387,"{'m1-1': 103.54, 'm2-1': 5.51, 'm3-1': 9.95, 'm4-1': 23.41, 'm5-1': 171.16, 'm6-1': 113.99, 'm7-1': 1.06, 'm8-1': 26.33}",1.59,201.102,202.162,inf,202.387,202.387
935,T5,BESTEFFORT,MISSED,m3-1,92.831,"{'m1-1': 99.91, 'm2-1': 5.36, 'm3-1': 11.25, 'm4-1': 24.72, 'm5-1': 147.3, 'm6-1': 109.93, 'm7-1': 1.03, 'm8-1': 27.81}",16.021500000000017,192.15,inf,202.83100000000002,202.83100000000002,202.83100000000002
936,T5,BESTEFFORT,CANCELLED,,92.831,"{'m1-1': 103.31, 'm2-1': 4.98, 'm3-1': 10.43, 'm4-1': 27.99, 'm5-1': 166.13, 'm6-1': 108.93, 'm7-1': 1.09, 'm8-1': 27.3}",0.0,inf,inf,inf,202.83100000000002,202.83100000000002
937,T8,BESTEFFORT,COMPLETED,m2-1,92.906,"{'m1-1': 106.99, 'm2-1': 5.37, 'm3-1': 11.27, 'm4-1': 24.59, 'm5-1': 146.26, 'm6-1': 109.3, 'm7-1': 1.0, 'm8-1': 23.32}",8.055,197.026,202.39600000000002,inf,202.906,202.906
938,T4,BESTEFFORT,MISSED,m3-1,93.082,"{'m1-1': 92.57, 'm2-1': 5.18, 'm3-1': 10.63, 'm4-1': 27.36, 'm5-1': 157.28, 'm6-1': 93.54, 'm7-1': 1.16, 'm8-1': 28.47}",0.0,213.35399999999998,inf,213.35399999999998,203.082,203.082
939,T5,BESTEFFORT,CANCELLED,,93.206,"{'m1-1': 94.1, 'm2-1': 5.28, 'm3-1': 11.27, 'm4-1': 24.42, 'm5-1': 155.76, 'm6-1': 115.08, 'm7-1': 1.02, 'm8-1': 25.38}",0.0,inf,inf,inf,203.20600000000002,203.20600000000002
940,T8,BESTEFFORT,COMPLETED,m7-1,93.324,"{'m1-1': 103.02, 'm2-1': 4.78, 'm3-1': 10.82, 'm4-1': 28.38, 'm5-1': 145.47, 'm6-1': 118.9, 'm7-1': 1.06, 'm8-1': 25.93}",1.59,202.162,203.222,inf,203.324,203.324
941,T2,BESTEFFORT,CANCELLED,,93.355,"{'m1-1': 93.14, 'm2-1': 5.52, 'm3-1': 9.96, 'm4-1': 26.64, 'm5-1': 150.17, 'm6-1': 104.92, 'm7-1': 1.07, 'm8-1': 24.16}",0.0,inf,inf,inf,203.35500000000002,203.35500000000002
942,T5,BESTEFFORT,CANCELLED,,93.69,"{'m1-1': 109.1, 'm2-1': 4.98, 'm3-1': 9.8, 'm4-1': 25.87, 'm5-1': 146.44, 'm6-1': 106.6, 'm7-1': 1.15, 'm8-1': 24.39}",0.0,inf,inf,inf,203.69,203.69
943,T4,BESTEFFORT,CANCELLED,,94.036,"{'m1-1': 92.35, 'm2-1': 5.22, 'm3-1': 9.68, 'm4-1': 27.11, 'm5-1': 145.81, 'm6-1': 102.16, 'm7-1': 1.11, 'm8-1': 26.96}",0.0,inf,inf,inf,204.036,204.036
944,T3,BESTEFFORT,CANCELLED,,94.055,"{'m1-1': 112.77, 'm2-1': 5.66, 'm3-1': 11.1, 'm4-1': 26.42, 'm5-1': 177.56, 'm6-1': 100.18, 'm7-1': 1.05, 'm8-1': 28.67}",0.0,inf,inf,inf,204.055,204.055
945,T8,BESTEFFORT,CANCELLED,,94.131,"{'m1-1': 110.06, 'm2-1': 4.78, 'm3-1': 9.88, 'm4-1': 27.59, 'm5-1': 168.71, 'm6-1': 113.08, 'm7-1': 0.94, 'm8-1': 27.51}",0.0,inf,inf,inf,204.131,204.131
946,T7,BESTEFFORT,CANCELLED,,94.237,"{'m1-1': 108.81, 'm2-1': 5.37, 'm3-1': 9.58, 'm4-1': 26.41, 'm5-1': 158.06, 'm6-1': 103.41, 'm7-1': 1.09, 'm8-1': 24.44}",0.0,inf,inf,inf,204.237,204.237
947,T8,BESTEFFORT,CANCELLED,,94.442,"{'m1-1': 103.3, 'm2-1': 4.79, 'm3-1': 10.84, 'm4-1': 25.91, 'm5-1': 151.93, 'm6-1': 114.61, 'm7-1': 1.01, 'm8-1': 24.29}",0.0,inf,inf,inf,204.442,204.442
948,T2,BESTEFFORT,COMPLETED,m7-1,94.473,"{'m1-1': 96.6, 'm2-1': 5.44, 'm3-1': 10.96, 'm4-1': 27.65, 'm5-1': 167.2, 'm6-1': 108.5, 'm7-1': 1.06, 'm8-1': 25.47}",1.59,203.222,204.282,inf,204.473,204.473
949,T10,BESTEFFORT,CANCELLED,,94.58,"{'m1-1': 99.02, 'm2-1': 4.85, 'm3-1': 10.72, 'm4-1': 27.93, 'm5-1': 164.72, 'm6-1': 96.97, 'm7-1': 1.0, 'm8-1': 25.53}",0.0,inf,inf,inf,204.57999999999998,204.57999999999998
950,T7,BESTEFFORT,CANCELLED,,94.812,"{'m1-1': 113.95, 'm2-1': 5.6, 'm3-1': 9.88, 'm4-1': 23.89, 'm5-1': 170.19, 'm6-1': 105.02, 'm7-1': 1.08, 'm8-1': 27.02}",0.0,inf,inf,inf,204.812,204.812
951,T3,BESTEFFORT,CANCELLED,,94.984,"{'m1-1': 116.39, 'm2-1': 5.7, 'm3-1': 10.01, 'm4-1': 27.31, 'm5-1': 162.19, 'm6-1': 109.28, 'm7-1': 1.06, 'm8-1': 26.35}",0.0,inf,inf,inf,204.98399999999998,204.98399999999998
952,T8,BESTEFFORT,MISSED,m8-1,95.005,"{'m1-1': 111.62, 'm2-1': 4.78, 'm3-1': 10.26, 'm4-1': 27.69, 'm5-1': 164.8, 'm6-1': 105.15, 'm7-1': 1.06, 'm8-1': 24.39}",0.0,206.731,inf,206.731,205.005,205.005
953,T10,BESTEFFORT,CANCELLED,,95.14,"{'m1-1': 110.37, 'm2-1': 5.4, 'm3-1': 9.71, 'm4-1': 26.76, 'm5-1': 172.22, 'm6-1': 101.18, 'm7-1': 1.15, 'm8-1': 26.92}",0.0,inf,inf,inf,205.14,205.14
954,T8,BESTEFFORT,CANCELLED,,95.313,"{'m1-1': 95.47, 'm2-1': 5.08, 'm3-1': 10.64, 'm4-1': 27.81, 'm5-1': 145.75, 'm6-1': 103.12, 'm7-1': 1.1, 'm8-1': 26.34}",0.0,inf,inf,inf,205.313,205.313
955,T7,BESTEFFORT,COMPLETED,m7-1,95.378,"{'m1-1': 110.68, 'm2-1': 5.35, 'm3-1': 9.94, 'm4-1': 24.4, 'm5-1': 146.23, 'm6-1': 108.88, 'm7-1': 1.04, 'm8-1': 24.71}",1.56,204.282,205.322,inf,205.378,205.378
956,T10,BESTEFFORT,CANCELLED,,95.629,"{'m1-1': 93.67, 'm2-1': 5.29, 'm3-1': 9.95, 'm4-1': 28.58, 'm5-1': 154.75, 'm6-1': 97.03, 'm7-1': 1.05, 'm8-1': 28.12}",0.0,inf,inf,inf,205.62900000000002,205.62900000000002
957,T2,BESTEFFORT,CANCELLED,,95.649,"{'m1-1': 98.82, 'm2-1': 5.01, 'm3-1': 10.26, 'm4-1': 25.21, 'm5-1': 158.02, 'm6-1': 106.65, 'm7-1': 1.06, 'm8-1': 24.43}",0.0,inf,inf,inf,205.649,205.649
958,T8,BESTEFFORT,CANCELLED,,95.799,"{'m1-1': 98.09, 'm2-1': 5.03, 'm3-1': 10.21, 'm4-1': 27.28, 'm5-1': 147.7, 'm6-1': 104.99, 'm7-1': 1.03, 'm8-1': 26.38}",0.0,inf,inf,inf,205.799,205.799
959,T7,BESTEFFORT,CANCELLED,,95.844,"{'m1-1': 103.44, 'm2-1': 5.77, 'm3-1': 10.22, 'm4-1': 25.76, 'm5-1': 152.55, 'm6-1': 96.94, 'm7-1': 1.11, 'm8-1': 27.6}",0.0,inf,inf,inf,205.844,205.844
960,T2,BESTEFFORT,CANCELLED,,96.064,"{'m1-1': 98.34, 'm2-1': 5.22, 'm3-1': 10.59, 'm4-1': 26.45, 'm5-1': 164.12, 'm6-1': 100.79, 'm7-1': 1.08, 'm8-1': 24.13}",0.0,inf,inf,inf,206.064,206.064
961,T8,BESTEFFORT,CANCELLED,,96.192,"{'m1-1': 97.15, 'm2-1': 4.66, 'm3-1': 10.05, 'm4-1': 28.08, 'm5-1': 163.16, 'm6-1': 104.99, 'm7-1': 1.08, 'm8-1': 24.43}",0.0,inf,inf,inf,206.192,206.192
962,T8,BESTEFFORT,MISSED,m8-1,96.759,"{'m1-1': 98.27, 'm2-1': 5.17, 'm3-1': 10.85, 'm4-1': 28.37, 'm5-1': 161.51, 'm6-1': 112.12, 'm7-1': 0.97, 'm8-1': 25.37}",0.0,209.614,inf,209.614,206.75900000000001,206.75900000000001
963,T2,BESTEFFORT,MISSED,m8-1,96.768,"{'m1-1': 102.09, 'm2-1': 5.08, 'm3-1': 11.27, 'm4-1': 25.63, 'm5-1': 154.95, 'm6-1': 108.77, 'm7-1': 0.96, 'm8-1': 27.01}",0.0,209.614,inf,209.614,206.768,206.768
964,T3,BESTEFFORT,COMPLETED,m7-1,96.773,"{'m1-1': 101.77, 'm2-1': 5.08, 'm3-1': 10.61, 'm4-1': 29.09, 'm5-1': 169.24, 'm6-1': 110.21, 'm7-1': 1.0, 'm8-1': 25.45}",1.5,205.322,206.322,inf,206.773,206.773
965,T10,BESTEFFORT,MISSED,m8-1,97.194,"{'m1-1': 108.91, 'm2-1': 4.8, 'm3-1': 9.8, 'm4-1': 28.58, 'm5-1': 161.38, 'm6-1': 107.19, 'm7-1': 1.0, 'm8-1': 24.95}",0.6945000000000334,206.731,inf,207.19400000000002,207.19400000000002,207.19400000000002
966,T3,BESTEFFORT,MISSED,m5-1,97.46,"{'m1-1': 116.61, 'm2-1': 5.66, 'm3-1': 11.34, 'm4-1': 28.28, 'm5-1': 157.76, 'm6-1': 114.69, 'm7-1': 1.07, 'm8-1': 24.82}",9.60299999999998,201.058,inf,207.45999999999998,207.45999999999998,207.45999999999998
967,T2,BESTEFFORT,COMPLETED,m7-1,98.089,"{'m1-1': 109.29, 'm2-1': 5.56, 'm3-1': 10.62, 'm4-1': 24.69, 'm5-1': 170.86, 'm6-1': 98.12, 'm7-1': 1.05, 'm8-1': 25.67}",1.5750000000000002,206.322,207.372,inf,208.089,208.089
968,T10,BESTEFFORT,COMPLETED,m2-1,98.32,"{'m1-1': 97.14, 'm2-1': 4.65, 'm3-1': 10.25, 'm4-1': 24.11, 'm5-1': 160.09, 'm6-1': 99.15, 'm7-1': 1.08, 'm8-1': 25.14}",6.9750000000000005,202.39600000000002,207.04600000000002,inf,208.32,208.32
969,T5,BESTEFFORT,MISSED,m1-1,98.396,"{'m1-1': 104.45, 'm2-1': 5.28, 'm3-1': 10.4, 'm4-1': 26.56, 'm5-1': 150.1, 'm6-1': 97.4, 'm7-1': 1.09, 'm8-1': 26.17}",143.44650000000001,112.765,inf,208.39600000000002,208.39600000000002,208.39600000000002
970,T10,BESTEFFORT,MISSED,m5-1,98.63,"{'m1-1': 93.92, 'm2-1': 4.79, 'm3-1': 10.42, 'm4-1': 28.25, 'm5-1': 170.18, 'm6-1': 97.0, 'm7-1': 1.09, 'm8-1': 25.98}",1.7550000000000239,207.45999999999998,inf,208.63,208.63,208.63
971,T2,BESTEFFORT,COMPLETED,m7-1,98.757,"{'m1-1': 104.73, 'm2-1': 5.35, 'm3-1': 10.58, 'm4-1': 24.63, 'm5-1': 154.14, 'm6-1': 107.87, 'm7-1': 1.03, 'm8-1': 25.83}",1.545,207.372,208.40200000000002,inf,208.757,208.757
972,T2,BESTEFFORT,CANCELLED,,98.835,"{'m1-1': 97.68, 'm2-1': 5.13, 'm3-1': 10.37, 'm4-1': 26.22, 'm5-1': 163.33, 'm6-1': 94.5, 'm7-1': 0.99, 'm8-1': 23.28}",0.0,inf,inf,inf,208.83499999999998,208.83499999999998
973,T3,BESTEFFORT,MISSED,m2-1,99.137,"{'m1-1': 101.57, 'm2-1': 5.69, 'm3-1': 9.7, 'm4-1': 27.31, 'm5-1': 171.68, 'm6-1': 117.18, 'm7-1': 1.08, 'm8-1': 26.71}",0.0,217.83600000000004,inf,217.83600000000004,209.137,209.137
974,T5,BESTEFFORT,COMPLETED,m8-1,99.315,"{'m1-1': 95.02, 'm2-1': 5.29, 'm3-1': 9.96, 'm4-1': 24.51, 'm5-1': 151.35, 'm6-1': 113.14, 'm7-1': 1.15, 'm8-1': 27.48}",41.22,179.251,206.731,inf,209.315,209.315
975,T8,BESTEFFORT,COMPLETED,m7-1,99.542,"{'m1-1': 106.63, 'm2-1': 5.24, 'm3-1': 10.87, 'm4-1': 27.86, 'm5-1': 144.21, 'm6-1': 110.45, 'm7-1': 1.08, 'm8-1': 26.34}",1.62,208.40200000000002,209.48200000000003,inf,209.542,209.542
976,T8,BESTEFFORT,MISSED,m8-1,99.614,"{'m1-1': 102.26, 'm2-1': 4.63, 'm3-1': 9.91, 'm4-1': 26.55, 'm5-1': 148.61, 'm6-1': 110.48, 'm7-1': 1.04, 'm8-1': 23.67}",3.6299999999999812,207.19400000000002,inf,209.614,209.614,209.614
977,T3,BESTEFFORT,MISSED,m5-1,99.97,"{'m1-1': 111.22, 'm2-1': 5.12, 'm3-1': 11.03, 'm4-1': 27.13, 'm5-1': 169.24, 'm6-1': 110.81, 'm7-1': 0.95, 'm8-1': 28.62}",2.010000000000005,208.63,inf,209.97,209.97,209.97
978,T5,BESTEFFORT,MISSED,m8-1,100.07,"{'m1-1': 101.38, 'm2-1': 5.53, 'm3-1': 10.18, 'm4-1': 23.83, 'm5-1': 148.56, 'm6-1': 97.9, 'm7-1': 1.14, 'm8-1': 23.78}",0.0,210.923,inf,210.923,210.07,210.07
979,T2,BESTEFFORT,MISSED,m5-1,100.145,"{'m1-1': 102.81, 'm2-1': 5.56, 'm3-1': 10.82, 'm4-1': 24.58, 'm5-1': 153.28, 'm6-1': 100.81, 'm7-1': 0.94, 'm8-1': 26.63}",0.0,216.476,inf,216.476,210.14499999999998,210.14499999999998
980,T8,BESTEFFORT,MISSED,m8-1,100.149,"{'m1-1': 97.33, 'm2-1': 5.3, 'm3-1': 10.32, 'm4-1': 27.31, 'm5-1': 153.36, 'm6-1': 105.09, 'm7-1': 0.95, 'm8-1': 25.21}",0.0,210.923,inf,210.923,210.149,210.149
981,T2,BESTEFFORT,MISSED,m8-1,100.337,"{'m1-1': 107.15, 'm2-1': 5.21, 'm3-1': 11.37, 'm4-1': 26.37, 'm5-1': 163.46, 'm6-1': 101.93, 'm7-1': 1.0, 'm8-1': 23.58}",0.0,210.923,inf,210.923,210.337,210.337
982,T3,BESTEFFORT,MISSED,m7-1,100.482,"{'m1-1': 106.27, 'm2-1': 5.37, 'm3-1': 10.88, 'm4-1': 26.27, 'm5-1': 157.46, 'm6-1': 102.73, 'm7-1': 1.12, 'm8-1': 25.47}",1.4999999999999574,209.48200000000003,inf,210.482,210.482,210.482
983,T10,BESTEFFORT,MISSED,m8-1,100.923,"{'m1-1': 95.14, 'm2-1': 5.46, 'm3-1': 10.25, 'm4-1': 27.03, 'm5-1': 167.21, 'm6-1': 98.26, 'm7-1': 1.01, 'm8-1': 28.21}",1.9634999999999962,209.614,inf,210.923,210.923,210.923
984,T3,BESTEFFORT,MISSED,m1-1,101.381,"{'m1-1': 108.82, 'm2-1': 5.77, 'm3-1': 11.1, 'm4-1': 27.94, 'm5-1': 156.6, 'm6-1': 104.32, 'm7-1': 1.06, 'm8-1': 27.77}",4.477499999999978,208.39600000000002,inf,211.381,211.381,211.381
985,T8,BESTEFFORT,MISSED,m7-1,101.487,"{'m1-1': 99.22, 'm2-1': 5.07, 'm3-1': 10.93, 'm4-1': 25.39, 'm5-1': 166.58, 'm6-1': 107.31, 'm7-1': 1.08, 'm8-1': 24.47}",1.5074999999999932,210.482,inf,211.487,211.487,211.487
986,T8,BESTEFFORT,MISSED,m1-1,101.653,"{'m1-1': 105.12, 'm2-1': 4.83, 'm3-1': 11.12, 'm4-1': 27.26, 'm5-1': 163.65, 'm6-1': 108.18, 'm7-1': 1.02, 'm8-1': 26.88}",0.0,217.39499999999998,inf,217.39499999999998,211.65300000000002,211.65300000000002
987,T10,BESTEFFORT,MISSED,m4-1,101.722,"{'m1-1': 110.15, 'm2-1': 5.47, 'm3-1': 9.9, 'm4-1': 27.08, 'm5-1': 170.71, 'm6-1': 110.85, 'm7-1': 1.15, 'm8-1': 24.34}",2.0684999999999434,210.34300000000002,inf,211.72199999999998,211.72199999999998,211.72199999999998
988,T10,BESTEFFORT,COMPLETED,m4-1,101.813,"{'m1-1': 106.8, 'm2-1': 5.36, 'm3-1': 10.85, 'm4-1': 25.37, 'm5-1': 172.56, 'm6-1': 98.93, 'm7-1': 1.01, 'm8-1': 26.83}",38.055,184.973,210.34300000000002,inf,211.813,211.813
989,T10,BESTEFFORT,MISSED,m6-1,101.839,"{'m1-1': 97.86, 'm2-1': 5.22, 'm3-1': 9.17, 'm4-1': 24.95, 'm5-1': 150.87, 'm6-1': 110.17, 'm7-1': 1.1, 'm8-1': 26.22}",148.57049999999998,112.792,inf,211.839,211.839,211.839
990,T3,BESTEFFORT,MISSED,m1-1,102.455,"{'m1-1': 113.57, 'm2-1': 5.89, 'm3-1': 10.44, 'm4-1': 25.12, 'm5-1': 169.42, 'm6-1': 110.67, 'm7-1': 0.95, 'm8-1': 29.02}",0.0,217.39499999999998,inf,217.39499999999998,212.45499999999998,212.45499999999998
991,T3,BESTEFFORT,COMPLETED,m7-1,102.767,"{'m1-1': 110.6, 'm2-1': 5.49, 'm3-1': 9.69, 'm4-1': 29.09, 'm5-1': 153.97, 'm6-1': 111.43, 'm7-1': 1.04, 'm8-1': 26.59}",1.56,211.487,212.527,inf,212.767,212.767
992,T3,BESTEFFORT,COMPLETED,m2-1,103.204,"{'m1-1': 112.26, 'm2-1': 5.52, 'm3-1': 9.77, 'm4-1': 27.25, 'm5-1': 151.86, 'm6-1': 114.3, 'm7-1': 1.05, 'm8-1': 28.45}",8.28,207.04600000000002,212.56600000000003,inf,213.204,213.204
993,T2,BESTEFFORT,MISSED,m3-1,103.354,"{'m1-1': 96.5, 'm2-1': 4.91, 'm3-1': 10.91, 'm4-1': 23.66, 'm5-1': 157.88, 'm6-1': 104.02, 'm7-1': 0.97, 'm8-1': 25.48}",15.784499999999952,202.83100000000002,inf,213.35399999999998,213.35399999999998,213.35399999999998
994,T2,BESTEFFORT,MISSED,m5-1,103.502,"{'m1-1': 96.9, 'm2-1': 4.96, 'm3-1': 11.09, 'm4-1': 27.06, 'm5-1': 150.45, 'm6-1': 98.96, 'm7-1': 1.06, 'm8-1': 26.61}",0.0,216.476,inf,216.476,213.502,213.502
995,T3,BESTEFFORT,COMPLETED,m7-1,105.838,"{'m1-1': 105.7, 'm2-1': 5.26, 'm3-1': 9.87, 'm4-1': 28.2, 'm5-1': 169.51, 'm6-1': 111.45, 'm7-1': 1.0, 'm8-1': 26.24}",1.5,212.527,213.527,inf,215.838,215.838
996,T3,BESTEFFORT,MISSED,m5-1,106.476,"{'m1-1': 112.77, 'm2-1': 5.29, 'm3-1': 10.41, 'm4-1': 26.13, 'm5-1': 159.63, 'm6-1': 105.62, 'm7-1': 1.07, 'm8-1': 28.06}",9.759,209.97,inf,216.476,216.476,216.476
997,T3,BESTEFFORT,MISSED,m1-1,107.395,"{'m1-1': 98.85, 'm2-1': 5.62, 'm3-1': 10.71, 'm4-1': 26.38, 'm5-1': 164.13, 'm6-1': 106.35, 'm7-1': 1.08, 'm8-1': 27.63}",9.020999999999972,211.381,inf,217.39499999999998,217.39499999999998,217.39499999999998
998,T2,BESTEFFORT,COMPLETED,m2-1,108.905,"{'m1-1': 98.77, 'm2-1': 5.27, 'm3-1': 11.21, 'm4-1': 26.49, 'm5-1': 144.94, 'm6-1': 101.97, 'm7-1': 0.95, 'm8-1': 24.99}",7.904999999999999,212.56600000000003,217.83600000000004,inf,218.905,218.905
999,T2,BESTEFFORT,MISSED,m5-1,109.24,"{'m1-1': 106.6, 'm2-1': 4.93, 'm3-1': 11.31, 'm4-1': 25.12, 'm5-1': 171.2, 'm6-1': 96.9, 'm7-1': 1.05, 'm8-1': 26.5}",4.146000000000015,216.476,inf,219.24,219.24,219.24
