task_type_id,arrival_time,est_m1,est_m2,est_m3,est_m4,est_m5,est_m6,est_m7,ext_m1-1,ext_m2-1,ext_m3-1,ext_m4-1,ext_m5-1,ext_m6-1,ext_m7-1
3,0.245,104.532,10.318,106.385,105.813,0.974,113.819,104.339,109.487,9.696,102.442,111.872,0.949,114.045,109.704
1,0.696,1.069,10.1,10.192,0.962,9.978,1.067,9.581,1.111,10.881,9.65,1.007,10.315,1.049,10.089
1,1.051,1.132,9.618,9.678,0.994,9.394,0.964,10.126,1.044,10.32,10.994,0.979,10.248,0.995,10.409
2,1.405,1.148,10.187,104.79,104.637,98.342,10.329,111.6,1.055,10.682,104.062,94.748,100.274,10.725,104.944
3,1.611,108.123,10.773,116.359,97.921,0.937,114.909,112.368,107.177,11.125,99.433,103.416,1.034,109.916,113.538
1,1.906,0.995,10.157,10.739,0.977,10.071,1.036,11.016,1.039,10.812,10.504,1.033,9.346,1.066,10.483
2,1.987,1.13,10.768,106.928,106.905,112.941,10.4,108.385,1.137,11.405,104.857,101.49,105.847,11.004,95.411
1,2.188,1.07,10.811,10.928,1.082,9.276,1.092,10.265,1.098,10.166,10.984,0.986,10.072,1.022,10.61
1,2.204,1.015,10.205,9.986,1.071,10.803,1.045,9.747,1.086,10.488,10.703,1.024,10.893,1.01,9.881
2,2.441,1.147,10.231,112.666,108.757,97.178,10.021,100.326,1.136,11.417,102.4,106.455,101.917,11.019,104.049
4,2.764,1.145,1.042,105.913,10.603,109.072,1.094,104.256,0.997,1.031,92.079,11.622,94.178,1.01,101.071
1,2.846,1.099,10.993,9.839,1.037,10.19,1.004,10.5,1.007,9.616,10.23,1.03,10.832,0.978,10.813
1,3.383,1.053,10.447,9.555,1.038,9.338,1.074,9.856,0.971,10.71,10.757,0.978,10.043,1.063,10.372
3,3.524,107.458,10.188,112.154,104.46,0.958,117.945,103.348,104.116,10.606,112.46,113.952,0.949,101.477,114.019
3,3.568,95.553,10.303,108.435,111.002,1.001,117.984,111.769,107.249,10.651,101.147,98.968,1.076,112.176,110.394
4,3.891,1.039,1.019,106.834,11.36,94.904,1.042,100.519,1.141,0.979,104.956,11.23,104.526,1.123,99.317
2,4.466,1.052,11.484,105.506,99.319,109.542,11.051,107.223,0.999,10.656,107.335,103.178,96.988,10.72,103.722
2,4.925,1.014,9.941,110.952,110.211,97.306,11.534,107.475,1.056,11.239,110.249,109.135,97.631,9.851,100.005
4,4.95,1.055,1.065,106.511,11.724,103.419,1.054,113.154,1.044,1.055,108.41,11.045,111.002,0.998,101.637
2,5.206,1.087,11.133,108.336,98.073,113.52,10.79,105.102,1.021,11.02,101.456,108.119,106.686,9.897,99.841
4,5.233,1.117,1.1,102.806,11.067,97.949,1.005,96.727,1.087,1.019,100.11,11.661,99.439,1.057,102.355
2,5.414,0.995,9.865,100.891,93.56,106.02,10.852,106.162,1.068,10.884,96.854,106.23,106.533,10.815,110.909
2,5.604,1.018,10.728,100.991,102.394,100.355,9.952,95.188,1.029,10.171,95.015,94.268,105.57,10.582,97.205
1,5.983,1.119,10.285,10.072,1.09,10.872,0.975,9.575,1.102,11.096,9.817,0.937,10.907,1.068,9.974
2,6.6,1.015,10.649,106.409,95.011,99.504,10.576,110.104,1.129,10.394,107.906,103.391,100.202,11.503,107.651
2,6.704,1.049,10.88,101.837,93.585,105.584,10.963,111.097,1.03,9.982,105.754,109.969,113.062,10.572,107.664
3,7.124,94.154,9.894,111.567,108.048,1.07,103.922,116.364,102.742,9.592,107.974,97.698,1.03,108.977,101.311
3,7.212,97.226,10.266,113.866,106.684,1.04,106.328,106.093,99.295,10.0,112.845,98.235,1.046,116.535,103.756
3,7.479,108.8,10.677,113.773,97.271,1.024,106.125,111.95,107.384,10.56,115.708,104.347,1.036,115.635,114.276
3,7.815,93.859,9.452,113.599,107.443,1.067,106.455,113.668,101.241,11.173,115.043,102.323,0.922,112.147,104.896
3,8.093,104.19,10.22,109.831,103.041,1.024,108.176,115.626,95.159,9.99,110.57,104.465,1.044,104.479,100.378
3,8.575,97.137,10.607,116.341,108.861,1.003,106.696,108.409,97.968,9.707,102.07,108.126,1.001,109.13,105.26
3,9.109,109.557,10.111,107.655,108.954,1.085,115.665,101.14,101.4,10.752,104.595,110.836,0.917,110.964,110.841
4,9.451,1.035,0.964,102.221,11.235,99.039,1.057,101.547,1.109,1.028,93.395,10.742,103.211,1.108,105.637
3,9.48,101.436,10.84,115.606,102.962,1.058,115.385,117.136,104.233,11.194,100.658,108.298,0.929,100.476,110.516
2,9.6,1.136,10.916,99.214,99.151,96.988,10.083,103.105,1.154,10.717,101.568,94.322,98.223,10.99,95.188
4,10.797,1.038,1.002,101.814,11.385,108.237,1.028,108.425,1.01,1.06,93.288,9.982,99.064,0.98,105.719
3,10.95,104.345,9.636,100.23,112.159,1.076,114.833,107.282,96.962,11.16,108.17,101.223,1.023,113.029,108.645
2,11.91,0.997,10.548,98.584,100.905,109.309,10.353,106.561,0.984,10.935,107.688,98.745,109.681,10.297,105.044
4,12.66,0.983,1.009,106.919,11.327,98.696,0.993,102.871,0.991,1.02,100.346,10.187,105.348,0.955,110.522
4,12.936,1.031,1.134,101.888,11.318,99.365,1.112,97.923,1.033,1.11,94.289,10.928,101.445,0.976,98.591
3,13.034,98.27,11.084,115.653,100.846,0.995,113.819,101.1,109.976,9.523,100.464,100.616,1.023,113.835,103.417
2,13.694,1.094,11.04,101.964,94.157,100.202,9.759,104.592,1.046,10.446,111.798,106.116,113.056,10.534,110.297
4,13.839,1.003,1.045,92.294,11.355,94.513,1.102,112.586,1.076,1.011,105.543,11.049,93.722,0.982,101.038
4,14.094,1.147,1.029,91.694,11.28,106.523,1.013,110.583,1.007,1.118,107.801,11.732,110.253,1.048,112.297
1,14.163,1.005,10.256,10.15,1.07,9.392,1.023,9.763,1.124,10.936,9.86,1.038,9.535,0.944,9.756
3,14.439,110.276,10.666,107.167,97.206,1.046,110.005,105.567,95.406,9.816,114.528,106.88,0.968,117.187,106.881
1,14.674,1.094,9.551,9.886,0.949,9.836,1.034,10.019,1.033,9.563,10.468,0.98,10.066,0.987,9.805
1,14.739,1.082,9.616,10.372,1.014,10.066,1.105,10.488,1.074,9.521,9.349,0.98,10.157,1.075,10.829
1,14.956,1.067,10.132,10.952,1.05,10.248,1.055,10.448,1.057,9.431,9.615,1.028,10.548,0.963,9.66
3,15.177,108.974,10.818,116.456,108.392,0.943,105.002,102.207,108.449,11.033,101.902,109.787,0.963,114.283,102.115
1,15.179,1.085,9.607,9.594,1.06,10.845,1.094,10.708,0.955,9.922,10.729,1.062,10.893,0.968,9.756
2,15.366,1.086,11.415,95.691,109.329,99.83,11.221,99.947,1.01,10.859,97.64,94.66,105.301,9.707,100.629
4,15.598,1.153,1.054,108.308,11.213,94.002,0.989,97.621,1.028,1.138,98.644,9.963,93.879,1.126,107.845
1,15.821,1.075,11.109,9.975,0.993,10.357,1.108,9.924,1.029,9.548,9.415,1.062,10.603,0.946,10.1
2,16.173,1.137,11.568,100.129,104.48,107.098,10.77,107.699,1.031,11.264,104.294,94.028,112.497,11.414,102.322
3,16.24,106.628,10.768,105.992,109.427,0.992,113.495,116.055,104.975,9.895,104.692,107.988,0.966,116.992,103.516
1,16.395,1.049,10.99,9.69,0.957,10.73,0.975,10.834,0.971,10.114,10.93,1.014,10.934,1.066,10.364
2,16.757,1.114,10.773,107.758,108.926,101.66,10.027,101.606,1.165,10.276,108.839,102.447,106.175,11.03,96.253
1,17.215,1.05,9.668,10.188,1.061,9.821,0.948,10.831,1.0,10.692,9.799,0.973,9.956,1.114,9.461
2,18.139,0.986,10.474,97.784,95.904,102.033,10.79,101.747,1.122,11.502,105.353,108.119,108.549,10.431,95.332
3,18.779,100.836,10.893,100.413,99.689,1.067,104.916,116.092,109.209,10.197,106.595,110.221,1.088,105.64,115.626
3,18.808,110.347,10.863,106.655,107.314,0.96,116.219,118.318,104.211,11.15,108.027,107.443,1.084,105.947,112.669
3,19.146,98.78,9.521,116.093,97.157,0.985,115.839,107.976,102.312,9.589,104.083,104.82,0.924,116.719,103.611
4,19.641,0.983,1.024,96.793,11.552,101.043,1.052,112.679,1.075,0.984,97.123,11.424,101.013,1.014,100.665
2,20.085,1.061,9.917,107.342,98.561,98.575,10.576,110.394,1.042,9.957,103.33,111.116,109.02,10.016,111.702
3,20.21,107.509,10.39,113.17,113.954,0.931,114.419,111.334,95.53,9.961,104.607,109.953,0.976,106.06,110.928
4,21.822,1.006,0.976,94.821,10.415,96.797,1.067,98.325,1.086,1.139,108.197,11.125,109.847,1.006,100.077
1,22.585,1.11,11.114,10.894,1.085,9.842,0.988,9.54,1.131,10.275,10.854,1.055,10.351,1.079,10.908
4,24.033,0.998,1.028,104.965,9.924,94.007,1.012,102.193,1.086,1.009,107.306,10.995,96.498,0.993,100.358
3,24.48,109.915,11.16,101.147,110.327,0.966,110.121,112.669,106.763,10.57,109.602,99.066,1.085,113.239,104.025
4,24.48,1.132,1.128,104.838,10.215,104.76,1.026,100.743,1.112,1.084,100.535,10.087,105.437,1.107,99.363
1,25.127,1.125,9.649,10.922,1.069,10.184,1.077,10.939,1.117,10.11,10.904,1.055,10.055,0.989,10.438
1,25.352,1.005,9.854,10.489,0.99,10.244,0.965,9.969,1.054,10.988,9.483,1.036,10.123,0.986,9.365
1,25.789,1.067,9.961,9.586,0.953,9.881,1.003,9.388,0.971,10.684,10.757,1.041,10.407,0.993,9.421
4,25.976,1.099,1.102,101.929,10.515,98.554,0.989,107.75,1.072,1.108,103.67,10.306,109.766,1.117,107.857
2,26.104,1.093,10.131,111.895,95.432,103.587,10.413,109.85,1.042,9.852,110.536,99.151,96.234,10.329,96.574
4,26.886,1.098,1.031,96.396,10.063,110.711,1.062,107.007,1.029,1.089,98.173,11.46,109.677,0.967,101.511
1,27.056,0.977,10.497,9.52,1.01,9.62,1.112,11.061,0.97,10.786,10.189,0.935,10.529,0.997,10.252
4,27.536,1.106,1.029,103.049,10.506,97.378,1.036,98.487,1.13,1.054,101.888,11.156,98.697,1.075,96.193
1,27.978,1.135,10.398,10.164,0.956,10.75,0.984,10.084,0.966,10.249,10.787,1.089,9.214,1.087,9.579
4,28.031,1.025,0.96,92.951,10.14,101.924,0.971,110.189,1.041,0.965,103.999,11.168,97.485,1.015,113.266
3,28.352,107.161,10.315,102.974,106.188,0.985,108.176,101.522,101.172,10.975,108.799,104.887,0.998,101.403,104.826
3,28.708,94.763,9.514,107.562,109.45,1.01,108.147,103.607,95.903,10.937,102.572,112.503,1.03,112.604,103.882
3,29.201,99.896,9.497,104.307,103.696,1.058,104.623,116.267,107.458,9.642,117.332,103.167,1.036,105.363,103.975
1,29.75,0.974,9.863,9.717,1.041,10.917,1.046,9.413,1.119,9.794,10.602,0.979,9.845,1.024,11.048
1,30.523,1.127,10.928,10.026,1.086,9.335,0.958,9.479,0.992,10.227,10.739,1.043,9.309,1.105,10.537
4,30.592,1.155,1.072,98.614,11.554,99.917,1.067,108.111,1.077,1.13,108.295,10.707,99.462,0.954,107.862
4,30.739,0.986,1.112,94.335,10.307,93.423,0.96,96.673,0.996,1.099,104.624,10.507,107.741,1.049,104.3
3,31.182,106.399,10.75,99.832,104.889,1.013,101.089,115.626,107.53,11.162,107.923,107.314,1.0,108.047,116.107
4,31.62,0.991,1.119,105.741,11.73,100.323,1.117,96.609,1.114,1.054,97.564,10.284,99.206,1.122,100.705
2,32.104,1.068,11.007,105.869,109.179,104.092,11.006,97.076,1.115,10.88,112.473,106.709,98.265,11.246,107.892
4,32.126,1.121,1.051,104.796,10.616,104.831,1.028,112.041,0.993,0.973,92.975,11.502,105.24,1.031,99.507
2,32.147,0.988,10.412,96.339,106.356,113.358,10.773,96.227,1.044,11.409,110.069,98.761,104.493,11.503,107.699
3,32.382,95.77,10.963,99.698,114.132,0.946,103.435,112.808,94.844,10.017,115.708,112.805,1.082,117.313,106.706
1,32.907,1.037,9.61,10.787,1.033,10.485,1.021,9.579,1.046,10.912,10.768,1.002,9.761,1.036,10.973
3,33.213,96.322,10.195,113.857,100.955,0.993,104.746,110.161,94.832,10.492,101.327,109.944,0.986,100.919,113.551
1,33.646,1.046,10.353,10.574,1.025,10.289,1.027,10.146,1.026,10.547,10.234,0.952,9.895,1.067,9.507
1,33.906,1.045,9.854,10.976,0.978,10.557,1.072,9.771,1.019,9.775,9.633,1.045,10.854,1.088,10.659
3,34.785,110.321,10.717,115.51,99.066,1.024,110.879,116.48,109.884,10.851,113.658,101.793,0.919,111.251,102.686
2,34.84,1.081,10.968,102.469,95.254,96.12,10.94,109.669,1.027,10.662,101.039,98.6,101.537,10.611,103.34
4,35.611,1.048,1.12,104.198,11.207,99.917,0.969,100.519,1.099,0.99,91.396,10.169,102.512,1.086,108.13
4,35.771,1.15,1.082,93.401,11.326,103.97,1.025,107.862,1.087,1.033,98.628,10.936,98.494,1.025,107.525
3,35.825,100.633,10.616,113.709,99.231,1.05,100.576,110.292,101.564,10.719,106.784,97.201,0.916,119.291,117.367
1,35.862,1.129,10.345,10.569,0.991,10.591,1.114,9.451,1.002,10.321,10.094,1.008,10.624,0.956,10.333
2,36.369,1.155,11.356,110.037,102.174,113.949,11.353,96.774,1.056,11.601,106.054,109.659,107.784,10.958,104.251
4,36.386,1.153,1.027,101.054,10.009,102.553,1.085,101.126,0.986,0.976,91.939,11.6,94.288,0.955,96.493
1,36.477,0.979,10.291,10.335,1.006,10.83,1.05,11.111,1.099,10.373,11.053,1.004,9.292,1.053,10.406
4,36.831,1.019,1.048,108.58,11.599,95.854,1.059,108.518,1.148,1.05,95.899,10.866,100.478,0.994,102.083
3,37.469,106.308,10.948,99.501,99.475,0.938,101.089,107.653,107.361,10.675,108.799,113.751,1.022,116.209,108.08
1,38.194,1.017,10.647,10.544,1.001,10.506,0.99,10.972,1.114,9.624,9.741,1.071,10.17,0.997,9.894
3,38.67,101.995,10.437,111.888,109.672,0.981,109.783,103.272,100.064,10.06,99.469,99.298,0.988,101.195,109.002
3,38.796,94.158,11.088,106.734,110.762,0.932,103.382,109.329,107.47,10.084,111.837,103.734,1.054,115.332,103.882
1,39.032,1.089,10.331,9.356,1.046,10.624,0.983,9.458,1.006,10.413,9.954,0.952,10.496,1.088,9.483
4,39.069,1.097,1.029,98.396,10.835,93.352,0.982,105.039,1.057,1.107,95.759,10.038,105.811,0.959,96.193
3,39.51,107.274,11.037,110.47,110.721,0.981,109.887,100.725,109.666,9.423,108.175,102.407,0.959,114.14,119.046
2,39.884,1.161,10.575,97.862,99.875,111.96,10.748,94.957,1.108,11.271,109.685,100.114,104.501,10.473,109.904
2,40.07,1.021,10.625,96.232,97.576,99.158,10.754,104.777,1.087,10.553,101.294,94.347,100.68,10.789,109.649
3,40.833,108.768,10.269,114.225,96.52,1.03,112.297,107.324,107.658,10.66,105.459,96.372,1.018,102.792,112.368
3,41.483,101.761,10.081,113.747,102.362,0.986,115.159,108.841,100.799,10.729,103.312,96.014,0.92,104.968,105.338
3,41.505,99.609,10.003,101.857,107.443,1.013,110.787,105.329,108.782,9.896,104.393,97.545,0.99,114.892,116.661
1,41.916,0.981,10.693,10.719,0.922,10.423,1.086,11.05,1.055,9.894,10.262,0.981,9.784,1.077,9.461
4,43.389,1.066,1.127,96.725,11.085,100.081,0.981,100.091,1.039,1.036,94.215,11.027,100.601,1.038,95.698
3,43.394,94.64,9.434,101.31,113.188,0.989,101.403,113.95,102.121,9.708,116.501,107.565,1.03,101.081,112.257
4,43.436,1.084,1.007,103.033,10.386,108.315,1.013,98.815,1.151,1.09,91.487,11.622,110.063,1.09,102.976
1,43.668,1.125,10.497,9.853,1.07,10.902,0.987,10.481,1.081,10.756,10.039,1.036,9.272,1.112,10.43
4,43.84,1.148,1.111,100.841,10.945,98.156,0.957,101.265,1.147,1.062,100.024,11.46,100.652,1.072,96.543
4,44.063,1.123,0.995,95.882,10.548,97.663,1.047,108.111,1.008,1.067,104.508,9.991,105.392,0.957,95.849
4,44.262,1.041,0.97,94.623,9.95,100.409,0.988,106.833,1.005,1.041,94.756,10.62,96.22,0.999,112.795
1,44.928,1.118,10.248,10.526,1.043,9.416,0.982,10.286,1.086,9.889,9.425,1.025,9.481,1.001,9.464
3,44.955,100.67,9.521,104.83,106.436,0.94,101.202,104.339,98.633,9.767,101.327,104.887,1.043,117.599,109.246
2,45.036,1.041,10.975,96.901,110.865,103.882,11.435,107.046,1.16,10.647,107.869,95.995,108.044,9.795,99.666
2,45.32,1.088,10.429,97.613,108.181,113.751,10.532,108.362,1.031,11.632,103.153,107.287,101.484,10.709,112.738
1,45.617,1.069,10.275,9.981,1.063,9.77,1.068,9.927,1.093,10.819,10.833,0.933,9.699,1.121,9.878
3,46.016,96.617,10.424,112.309,103.624,1.036,106.302,113.904,107.225,10.385,112.033,105.03,1.054,100.917,118.868
4,46.124,0.989,1.025,100.415,10.568,104.321,1.098,107.942,0.997,0.989,108.388,10.977,108.587,1.102,102.413
3,46.164,101.15,10.169,100.464,97.902,1.03,117.103,112.362,107.244,11.161,108.052,98.44,0.921,116.426,115.501
4,46.274,0.998,1.135,105.94,10.857,95.56,1.019,108.608,1.032,0.992,102.055,11.068,104.096,1.001,111.996
1,47.211,1.07,9.616,10.565,1.007,9.537,0.946,10.959,1.098,10.129,10.755,1.075,10.367,1.084,11.122
2,47.357,1.127,10.737,94.974,103.233,96.059,10.369,106.921,1.159,10.467,109.87,94.714,104.312,10.194,105.341
4,47.568,1.09,1.026,102.778,11.072,97.637,1.013,95.912,1.053,1.135,102.413,11.729,110.559,1.06,112.006
4,48.0,1.039,1.1,93.306,11.635,94.135,1.04,100.624,1.022,0.967,106.979,10.646,109.476,1.046,95.691
1,48.009,1.039,9.438,10.485,1.039,9.777,0.982,10.029,1.097,10.554,10.823,1.076,10.647,1.052,10.555
4,48.376,1.016,1.033,92.706,10.05,99.18,1.08,113.618,1.094,1.008,92.428,11.574,100.409,1.033,112.315
1,48.424,1.019,9.844,10.554,0.974,10.298,1.074,9.816,1.034,9.96,10.761,0.95,10.383,1.029,10.546
2,48.652,1.155,10.509,95.002,93.923,102.824,11.485,103.414,0.992,10.269,103.623,96.721,96.519,10.839,103.961
1,48.702,0.966,10.447,9.961,1.09,9.638,1.072,10.161,1.091,9.879,11.025,1.093,10.294,1.045,10.709
3,48.98,102.161,10.296,102.166,109.104,0.99,111.343,112.044,95.38,10.751,114.664,113.591,1.085,106.292,106.494
2,49.207,1.138,11.605,96.849,110.874,105.257,11.353,111.917,1.009,11.064,98.584,109.826,99.332,10.787,108.445
1,49.291,1.01,11.104,10.309,0.948,10.255,1.003,9.371,1.051,9.859,9.884,0.975,10.201,1.036,9.756
2,49.333,1.125,10.38,101.456,96.136,105.631,11.462,99.074,1.077,10.602,100.953,96.43,99.196,10.611,111.148
3,49.786,97.396,10.975,106.583,111.718,1.029,108.038,107.469,97.308,10.306,114.371,97.698,1.001,103.636,118.453
1,49.8,1.069,9.665,10.158,1.092,10.165,1.094,10.948,1.062,10.483,10.608,0.959,9.848,1.004,9.505
4,50.102,1.091,1.104,105.866,11.668,100.868,1.057,101.651,1.151,1.111,100.55,11.541,98.383,0.992,105.159
3,50.931,98.513,10.097,114.537,109.304,1.0,105.381,106.873,99.394,10.263,108.273,111.54,1.007,119.047,116.317
1,51.72,0.957,9.963,9.851,0.946,10.557,0.989,10.472,1.071,9.627,9.814,1.063,10.74,1.006,9.919
3,51.734,96.678,11.033,108.103,98.549,0.948,111.581,112.579,107.471,10.792,107.221,102.691,1.061,116.535,115.677
2,51.751,1.04,11.649,110.805,107.43,103.377,10.445,110.048,1.048,10.74,106.409,106.356,100.68,11.197,97.619
2,52.391,1.136,10.694,107.322,103.428,108.023,9.938,104.915,1.148,11.286,99.145,105.234,100.639,10.947,102.098
1,52.525,1.086,9.998,11.081,1.09,9.658,0.976,10.448,1.065,9.529,9.749,1.029,9.692,1.089,9.85
3,53.03,109.065,9.52,109.973,110.525,1.066,100.48,109.458,102.83,10.607,102.253,102.691,0.985,117.657,108.841
3,53.092,108.655,9.792,107.804,96.455,0.919,115.015,101.704,106.044,9.816,105.522,112.75,0.924,117.621,114.787
4,53.714,0.975,1.077,105.036,11.174,109.531,0.99,102.462,0.977,1.111,107.008,11.36,101.029,1.083,104.663
3,55.18,110.464,9.667,107.997,104.364,1.047,102.134,101.1,105.448,10.994,109.654,102.937,1.004,111.349,105.769
1,55.494,1.131,10.982,9.421,1.024,10.848,0.965,9.906,0.981,9.521,9.483,0.99,10.697,1.013,9.617
2,55.637,1.07,11.458,103.923,106.135,110.458,11.518,111.847,1.075,10.399,100.135,107.816,105.584,10.311,101.032
3,55.877,100.665,10.729,99.226,106.196,0.967,101.854,116.152,102.554,10.729,106.818,99.114,0.974,116.607,115.626
3,56.163,105.125,9.514,100.618,102.869,0.988,108.077,103.017,103.856,10.918,110.019,110.455,1.002,107.345,118.537
2,56.174,1.084,11.479,96.754,106.435,99.466,10.454,111.171,1.039,10.351,110.366,109.952,104.244,10.32,96.862
3,56.179,107.361,11.187,117.249,101.678,1.043,108.874,101.767,94.668,9.713,114.92,102.335,0.93,103.922,115.748
3,56.872,102.312,10.53,109.652,98.918,0.98,107.949,115.663,101.402,9.701,116.611,104.784,0.999,105.417,111.956
2,57.862,0.99,11.37,106.409,95.603,108.772,10.688,102.212,1.045,11.101,108.68,108.502,103.726,11.058,98.788
1,58.112,1.08,10.719,9.548,0.991,9.392,1.098,10.395,1.044,10.817,10.473,1.002,10.583,1.066,9.755
2,58.345,0.999,11.362,105.081,103.909,109.532,11.011,105.155,1.148,10.708,107.82,101.235,100.975,10.086,96.761
1,58.738,1.125,10.699,9.531,0.979,9.393,1.088,10.52,1.125,10.861,10.209,0.952,10.732,1.077,10.759
3,59.259,104.182,9.618,105.082,98.981,1.02,105.546,112.179,107.293,9.73,109.737,108.183,1.086,101.202,118.105
2,59.452,1.021,10.688,102.961,93.721,98.191,10.601,101.544,1.046,11.416,112.696,109.983,96.987,10.986,111.369
3,59.784,104.212,9.745,116.834,110.366,1.089,102.792,112.926,103.271,9.72,98.752,109.591,0.98,114.376,105.606
4,60.024,1.05,1.064,92.082,11.747,97.114,1.005,103.314,1.113,0.965,102.581,11.704,107.25,1.015,113.522
4,60.81,1.014,1.078,99.536,10.009,97.989,1.008,98.303,1.077,1.024,91.589,10.443,93.732,1.048,111.749
1,60.951,1.076,10.321,9.425,1.052,9.762,0.949,10.871,1.034,10.275,10.67,1.057,9.748,1.027,10.554
3,60.982,102.161,10.546,116.06,103.593,1.029,115.001,111.691,102.312,10.014,117.061,105.145,1.077,114.68,114.488
3,61.809,96.014,10.97,109.652,100.326,1.068,106.77,113.011,98.284,10.877,114.536,97.432,1.007,100.562,108.841
1,61.947,1.061,9.814,10.061,0.95,10.829,1.01,9.647,1.116,10.042,10.429,1.088,9.478,0.955,10.171
2,62.456,1.066,10.489,95.057,101.597,112.409,10.953,109.469,1.12,11.53,112.384,97.519,112.019,11.238,95.207
2,63.021,1.101,10.245,112.602,102.663,112.567,10.197,106.553,1.032,10.467,100.448,96.524,99.179,11.065,98.366
3,63.279,105.459,10.703,100.217,112.536,0.939,114.659,117.263,107.778,9.618,113.87,102.488,1.032,100.854,102.419
4,63.623,1.111,1.056,105.835,11.286,101.49,1.033,109.272,1.09,1.109,108.41,11.079,94.473,0.993,112.581
4,64.014,1.109,0.993,105.954,11.389,98.227,1.05,112.198,1.025,1.08,92.863,10.146,99.825,0.99,100.798
3,65.51,108.295,10.318,108.428,98.833,1.064,117.76,117.213,94.761,10.795,110.212,101.354,0.992,119.015,104.971
2,65.709,1.09,11.25,101.775,102.394,98.998,10.689,96.592,1.099,11.689,104.52,100.114,98.188,9.874,106.591
4,65.799,0.976,1.013,101.698,11.485,106.272,0.977,102.336,0.975,1.122,96.61,10.503,104.984,1.011,109.88
4,65.872,1.099,1.06,108.225,11.629,95.471,0.986,103.227,1.045,0.983,98.672,10.561,109.326,1.081,103.441
1,66.087,1.098,10.007,10.601,1.076,10.491,0.991,9.878,1.109,9.521,10.395,1.002,10.904,1.109,10.337
3,66.315,105.188,10.937,116.058,103.008,0.937,102.618,111.171,94.538,9.415,101.294,98.44,0.98,106.941,112.044
4,66.522,1.12,1.01,100.216,10.415,96.554,1.034,100.131,1.098,0.963,97.704,11.801,109.621,1.02,102.976
3,66.606,97.972,10.394,110.532,110.895,1.017,108.661,109.882,101.274,11.063,102.59,103.266,1.063,113.043,112.668
4,66.918,1.01,0.994,93.306,10.107,93.94,1.028,105.661,1.123,1.114,99.75,10.227,100.652,1.063,103.806
1,67.592,1.083,9.825,9.742,1.005,9.34,1.012,9.736,0.977,9.708,9.73,0.981,9.513,0.994,11.123
4,67.655,1.152,0.994,99.598,10.488,103.514,1.098,112.198,1.087,1.078,99.119,10.611,109.74,1.03,111.188
3,68.148,103.571,10.181,103.385,108.966,1.018,107.534,116.677,105.785,11.06,101.229,101.793,1.061,118.226,116.48
3,68.608,107.274,10.987,114.907,104.12,1.072,100.781,105.048,102.44,11.189,114.578,112.582,1.069,119.256,101.335
2,69.391,1.072,11.647,110.429,97.418,102.195,9.875,99.813,1.03,10.404,108.358,101.693,106.694,10.513,95.521
4,69.67,1.062,1.034,103.471,11.635,98.279,1.045,111.502,1.077,1.09,103.999,11.043,101.49,1.056,107.331
2,69.969,0.999,11.487,112.656,99.49,100.041,10.963,109.877,1.089,9.876,107.758,103.97,100.546,10.109,110.914
3,70.006,109.163,10.93,109.885,113.765,0.922,115.186,111.956,99.214,9.865,106.577,112.306,0.982,101.842,109.329
1,71.376,1.135,10.742,9.5,0.974,10.256,0.99,10.045,1.018,10.672,9.457,1.015,10.936,1.004,9.653
1,71.622,1.029,9.849,9.548,1.012,9.614,0.946,9.384,1.046,9.939,10.212,0.96,9.272,0.993,10.966
3,71.857,101.692,9.619,99.451,103.725,1.043,112.297,117.191,102.395,10.338,109.737,106.841,1.023,115.695,106.702
4,72.19,1.035,1.051,93.627,11.249,101.445,1.048,105.507,1.122,1.078,107.016,10.388,99.051,1.094,104.187
2,72.232,1.16,10.693,103.457,99.629,104.834,11.015,106.431,1.031,11.399,103.443,98.561,96.01,10.385,107.874
2,72.697,1.039,10.896,104.006,107.939,111.724,10.143,97.536,1.051,9.899,104.516,95.577,103.055,11.125,111.581
3,72.858,104.264,10.792,102.559,98.913,1.037,105.515,101.97,109.309,10.426,115.26,106.249,1.043,101.914,101.634
1,73.461,1.008,9.452,9.878,1.062,9.62,0.962,11.071,1.009,9.973,9.653,1.031,9.69,0.949,10.226
4,74.252,1.036,1.02,99.857,10.335,101.176,0.95,108.55,1.035,1.078,104.19,10.063,108.416,0.948,103.143
4,74.466,1.022,1.0,100.885,10.145,101.885,1.103,103.607,1.115,1.024,103.017,10.446,108.613,0.983,101.55
3,75.598,106.363,9.555,109.295,103.008,1.08,104.286,102.668,94.231,11.084,111.433,101.79,1.001,114.451,117.094
2,76.113,1.149,9.896,112.656,106.435,96.5,10.715,100.31,0.987,10.807,96.953,110.439,112.488,10.233,97.806
3,76.221,95.38,10.657,108.052,112.385,0.979,114.547,108.814,98.472,10.936,103.385,100.718,0.974,114.916,106.905
4,76.411,1.08,1.031,99.847,11.111,97.128,1.072,97.009,0.991,1.025,106.115,11.592,104.984,1.066,111.076
4,77.107,1.031,1.136,102.939,10.81,98.894,0.96,96.598,0.986,1.031,100.422,11.23,110.97,0.983,110.696
4,77.502,0.984,1.093,103.97,11.786,100.578,1.03,105.374,1.117,0.996,106.75,11.495,104.515,0.97,112.809
4,77.557,1.077,0.983,92.355,11.106,93.403,1.112,107.845,1.115,1.013,104.632,11.303,99.056,0.952,108.518
1,77.564,1.067,9.664,9.82,1.002,10.4,1.051,10.957,1.062,10.7,9.844,0.953,10.512,1.035,9.598
4,77.815,1.001,1.131,105.102,11.508,108.669,0.986,112.57,1.102,1.048,91.909,10.109,93.444,1.028,100.037
4,78.13,0.991,0.985,96.764,10.62,93.647,1.021,98.69,1.058,1.002,99.031,11.156,99.1,1.116,97.581
4,78.204,1.004,1.083,105.71,9.952,93.403,0.967,98.547,1.126,1.103,105.434,11.502,95.035,0.984,111.076
3,78.846,98.494,10.073,116.036,102.68,1.062,117.928,118.899,100.242,10.099,113.227,109.045,1.015,115.083,114.522
1,79.211,1.039,10.585,10.602,0.948,9.828,1.074,10.75,1.046,10.353,9.46,1.066,10.734,1.034,11.088
4,79.249,0.986,0.966,97.876,11.737,106.382,1.01,109.903,0.992,1.044,99.75,10.955,103.236,0.959,103.188
4,79.381,1.017,0.982,106.846,10.644,101.597,1.121,103.551,1.036,1.038,108.236,10.611,109.496,0.977,106.966
3,79.613,94.514,9.54,100.793,98.519,0.971,109.28,113.371,99.826,9.532,113.17,105.018,1.025,106.696,109.233
4,79.707,1.028,1.02,103.033,11.496,96.742,1.057,112.681,1.083,1.06,106.511,10.336,95.458,1.056,108.634
1,79.756,1.108,10.288,10.006,1.002,10.176,0.998,11.134,0.974,10.727,10.277,1.021,10.07,1.022,10.402
4,79.802,1.069,0.984,108.293,11.297,95.319,1.017,104.895,1.132,0.97,98.793,11.262,100.478,1.034,104.846
3,80.046,100.609,10.943,111.843,110.749,0.937,101.931,107.828,101.737,10.937,115.043,112.01,1.028,107.534,105.513
1,80.238,1.046,10.548,10.969,0.927,9.464,1.115,11.002,1.074,10.033,9.458,1.089,10.742,0.978,10.327
3,80.688,95.459,11.161,114.079,112.898,0.944,111.144,102.917,103.648,11.171,105.695,101.308,0.922,108.661,106.079
1,81.487,1.126,10.108,10.683,1.027,10.947,1.108,9.455,1.09,10.349,9.334,1.049,10.775,1.005,10.058
4,82.225,1.033,1.002,107.801,10.796,93.741,1.034,100.012,1.057,0.982,97.676,11.717,109.183,1.032,96.033
2,82.36,0.999,10.383,108.913,100.188,105.301,11.424,105.737,1.151,11.702,111.983,101.653,98.191,11.125,101.304
4,82.383,1.035,0.997,99.631,10.636,100.532,0.99,96.359,1.019,1.134,100.938,10.683,101.922,1.098,111.075
1,82.669,1.032,10.588,11.084,1.066,10.657,0.958,9.918,1.125,10.764,10.954,1.049,9.66,1.086,10.442
3,82.833,107.032,9.787,116.741,97.521,0.933,114.321,113.086,106.886,10.017,116.242,98.386,0.935,107.688,116.966
2,83.423,0.99,10.977,96.447,102.94,96.981,10.464,97.335,1.049,10.549,107.795,109.983,98.058,10.989,111.001
3,85.116,101.407,9.895,100.715,97.271,1.051,115.797,108.754,105.415,10.336,102.922,104.784,1.075,111.554,109.163
2,85.361,1.088,9.867,109.536,107.816,103.021,10.947,110.879,1.088,11.641,103.668,103.058,96.519,10.012,101.405
1,85.5,0.974,9.922,9.474,0.925,10.502,1.022,9.824,1.023,10.232,10.114,1.071,9.507,1.006,9.617
3,85.551,101.236,9.917,107.232,102.923,0.979,116.595,102.34,110.018,10.944,107.857,103.995,1.037,106.696,112.179
2,85.717,1.005,10.35,95.448,106.566,105.259,10.241,110.653,1.135,10.694,103.99,95.469,103.673,11.281,95.497
2,86.049,1.03,11.187,95.869,105.526,103.056,10.852,95.164,1.108,10.378,109.49,100.758,106.664,10.398,105.01
2,86.357,1.056,11.081,109.119,94.41,105.269,9.95,95.127,1.154,10.514,103.8,97.668,111.325,10.534,110.39
3,86.735,95.246,9.692,102.148,106.322,1.038,114.786,101.065,110.464,9.767,99.469,98.731,1.049,117.103,109.569
3,87.019,94.623,11.09,114.584,114.072,1.014,104.155,113.902,107.077,9.456,115.986,97.838,0.919,119.198,106.093
1,87.408,1.095,10.783,10.956,1.026,10.126,0.966,10.314,1.07,11.008,9.8,0.924,10.371,0.962,9.669
4,87.528,1.123,0.97,108.411,10.772,103.918,1.0,103.998,1.05,1.008,107.391,10.315,108.348,1.076,101.581
3,87.779,108.673,9.508,99.599,98.731,1.015,106.28,113.282,103.043,10.009,115.043,98.685,1.033,108.427,109.167
1,87.953,1.086,10.688,9.751,0.948,10.316,1.107,10.639,0.971,9.417,9.48,0.935,10.261,1.017,10.061
3,88.172,110.347,9.957,117.346,104.476,0.924,111.251,102.862,109.126,10.228,113.944,113.006,1.067,103.103,117.731
2,88.221,1.108,10.382,104.039,100.384,110.997,10.983,110.957,1.068,10.22,109.861,107.518,106.111,10.593,99.38
2,88.873,1.1,11.648,101.439,110.651,96.578,9.987,109.904,1.012,10.977,99.479,104.468,101.552,9.709,106.622
3,89.083,96.342,10.705,105.605,101.569,0.934,117.22,111.829,111.092,9.788,103.125,101.266,0.98,103.843,113.621
2,89.921,1.032,11.66,106.92,103.058,96.291,10.371,107.263,1.117,11.349,100.61,99.233,104.621,10.77,102.901
3,90.003,100.09,10.565,100.23,102.762,0.999,103.172,103.684,106.044,11.161,109.364,113.34,0.981,113.932,110.966
4,90.015,0.975,1.108,107.345,9.986,99.17,1.042,113.127,0.982,1.008,92.825,11.229,101.999,1.019,99.483
3,90.439,108.974,11.033,105.621,107.333,1.088,102.618,118.824,106.266,10.362,103.896,97.902,1.04,114.931,112.821
4,90.633,1.074,1.09,100.374,9.971,93.656,1.019,100.258,1.147,1.042,100.55,10.084,107.058,1.072,109.655
2,90.644,1.032,11.576,110.202,95.001,101.884,11.274,101.699,1.031,11.678,103.038,105.526,107.399,10.012,108.466
3,90.924,110.263,11.171,116.093,100.274,1.028,113.086,110.331,95.406,10.301,115.343,99.761,0.991,109.674,118.899
2,91.691,1.076,10.146,103.252,108.359,96.354,11.41,109.579,1.029,11.133,109.685,97.722,108.492,10.871,96.774
3,92.544,108.061,11.157,113.977,113.685,0.945,117.129,111.691,109.487,11.023,117.297,100.27,1.087,109.669,103.303
1,92.687,1.071,10.238,9.727,1.012,10.071,1.076,10.374,1.005,10.857,9.712,0.984,10.73,0.98,9.785
4,92.988,1.065,1.002,101.386,10.95,94.34,1.073,99.063,1.084,0.965,96.334,11.444,108.53,0.996,101.053
3,93.149,104.242,9.651,103.585,107.988,1.015,109.117,108.318,109.309,11.043,104.807,105.546,0.922,102.354,118.22
4,93.72,1.061,1.077,94.413,11.662,109.855,1.1,99.409,1.053,1.027,106.919,11.33,107.324,1.028,112.006
4,94.108,1.036,1.012,105.433,10.186,94.732,0.961,99.671,0.984,1.093,103.608,11.389,109.396,1.118,101.81
1,94.273,1.022,11.05,10.114,1.055,9.614,0.982,11.084,1.025,9.411,9.425,0.957,9.75,1.091,9.371
3,94.403,98.593,9.763,107.948,102.436,0.984,114.786,111.921,98.707,10.104,110.944,99.376,1.014,109.887,107.422
1,94.884,1.135,10.21,10.681,1.03,10.953,1.068,10.835,0.986,9.565,10.541,0.952,9.276,1.025,10.827
4,94.912,1.09,1.136,100.504,10.905,102.234,1.06,104.637,1.139,1.012,97.588,11.204,104.629,1.015,112.623
2,94.975,1.137,10.74,100.781,98.633,97.904,10.615,107.918,1.09,11.032,104.738,93.639,98.234,9.779,107.239
4,95.469,1.148,1.039,91.694,11.237,103.544,0.951,105.169,1.058,1.1,94.339,10.014,100.235,1.093,105.374
2,95.822,1.102,10.408,101.612,94.715,108.019,10.355,94.802,1.016,9.914,112.578,101.846,104.326,10.275,107.037
2,96.029,1.084,11.483,96.446,104.683,109.74,10.605,105.361,1.021,10.602,105.506,94.314,99.466,11.42,103.34
2,96.276,1.126,10.106,106.92,104.312,113.106,11.41,102.675,1.047,10.476,111.679,106.46,95.869,11.472,103.414
1,96.759,1.03,9.641,10.179,1.093,10.196,1.009,10.181,1.11,9.674,9.937,0.946,9.847,0.955,9.759
3,97.359,107.507,9.757,108.662,103.383,1.076,111.484,109.329,100.393,10.0,105.574,112.126,1.053,109.253,114.773
2,98.024,1.067,11.618,109.997,97.469,99.42,9.848,103.783,1.073,11.53,98.692,95.685,103.475,11.425,98.401
3,98.378,108.13,10.23,116.489,98.995,0.971,116.219,104.163,98.691,10.082,106.314,105.018,0.97,108.446,117.364
4,98.429,1.066,1.14,102.748,10.004,95.035,0.954,113.755,1.145,1.002,106.859,10.528,109.383,1.039,112.836
1,98.584,1.059,9.637,10.009,1.059,10.779,1.098,11.112,1.086,10.052,9.415,1.053,9.762,1.089,10.443
2,98.848,1.082,11.196,111.434,104.497,96.587,10.245,110.736,1.013,10.424,105.506,97.978,106.6,11.516,108.46
3,98.945,95.393,10.766,110.212,97.504,1.021,118.877,115.615,108.269,10.787,109.973,99.603,1.038,115.727,105.329
2,99.054,1.148,11.04,95.332,102.263,103.146,11.337,100.542,1.037,11.21,97.718,107.345,98.34,9.723,107.506
4,99.23,1.136,1.01,96.614,11.731,95.767,1.007,109.054,1.069,1.11,101.765,10.379,98.05,0.978,104.832
2,99.694,1.071,10.276,111.651,111.037,96.12,10.431,105.486,1.139,10.154,105.532,105.085,107.272,10.049,112.45
4,99.859,1.06,1.108,98.756,10.515,95.475,1.081,104.276,0.973,0.985,93.714,11.33,96.695,0.993,97.746
3,100.15,102.032,9.767,102.922,98.918,1.088,109.859,111.359,110.633,10.348,107.156,112.787,0.95,113.758,118.58
2,100.515,1.087,10.318,99.198,108.242,104.169,10.196,109.282,1.116,10.812,98.44,103.339,103.726,11.284,98.687
3,102.03,106.667,9.787,102.58,108.298,1.085,108.495,102.34,103.457,9.558,116.56,112.912,1.053,112.077,106.264
1,102.161,0.983,10.363,10.096,1.088,9.971,1.078,9.924,1.042,10.515,10.504,1.041,9.333,1.08,9.526
3,102.425,109.423,10.077,108.907,112.795,0.96,118.555,116.055,95.323,10.319,117.313,111.008,0.926,110.714,100.771
2,102.654,1.141,10.595,103.468,100.465,99.078,10.757,95.979,1.163,9.891,104.413,93.805,110.95,11.459,101.032
4,102.678,1.065,1.04,100.412,10.354,99.056,0.957,98.386,1.094,1.053,102.239,11.043,102.842,0.971,111.997
3,103.898,107.156,11.104,108.356,99.162,1.068,117.487,101.218,103.416,9.683,102.182,104.416,1.038,101.934,118.59
2,104.058,1.02,10.956,100.602,103.527,108.084,10.693,105.951,1.158,10.895,99.549,94.114,110.032,9.729,111.073
2,104.192,1.044,10.219,96.315,101.653,96.955,10.994,99.089,1.093,10.614,108.423,104.507,96.179,11.453,102.692
3,104.438,110.528,9.674,104.992,105.462,1.001,118.801,100.44,107.225,10.142,102.902,113.362,0.957,105.471,110.132
3,105.095,101.004,10.732,104.807,108.276,0.927,110.697,114.889,99.626,9.618,114.727,104.12,1.085,114.147,102.756
4,105.122,1.047,1.083,95.788,10.554,95.965,1.022,102.355,1.102,0.968,94.602,11.032,105.114,1.024,111.252
4,105.347,1.139,1.071,96.162,11.552,98.902,0.961,103.514,1.023,1.092,107.117,11.444,93.722,0.978,111.502
1,105.355,1.104,10.693,10.069,1.087,10.316,1.046,9.419,1.098,9.773,10.297,0.948,10.088,0.964,10.472
1,105.586,1.067,9.71,9.905,1.08,9.881,1.005,10.286,1.07,9.767,10.573,1.078,10.382,1.067,9.579
4,105.715,1.025,0.966,101.415,11.541,97.081,1.036,97.075,1.018,1.055,104.198,10.323,104.833,1.06,100.376
2,105.979,1.129,10.812,112.696,100.811,110.338,9.802,97.621,0.994,11.299,111.588,108.502,108.994,10.401,106.967
2,106.164,1.121,10.201,110.815,97.708,99.078,9.786,96.923,1.05,10.225,109.46,108.614,103.101,10.404,111.679
2,106.286,1.028,10.171,96.722,106.691,111.826,10.205,105.234,1.06,10.857,100.834,107.51,113.904,10.582,106.061
4,106.301,0.991,0.961,103.023,9.929,108.613,1.077,102.663,1.086,0.969,105.913,11.472,96.707,1.121,105.23
2,106.682,1.042,10.087,106.928,106.646,110.351,11.475,99.443,1.129,11.026,105.675,98.027,99.129,11.424,98.694
2,107.159,1.152,10.782,101.568,104.666,99.883,10.257,111.816,1.025,10.174,110.493,93.975,100.945,11.463,107.395
3,107.254,108.33,10.278,109.295,110.607,1.012,110.204,100.342,100.616,10.768,112.889,98.918,0.949,101.081,107.491
2,107.487,1.036,11.417,96.151,108.641,108.779,10.28,106.884,1.094,11.543,96.232,102.138,97.613,10.216,105.044
1,108.226,1.054,9.648,10.675,0.951,9.381,0.978,9.539,1.052,9.688,10.182,0.927,10.374,0.977,10.978
2,108.234,1.128,11.576,111.885,100.823,105.843,10.563,105.028,1.015,10.852,109.77,95.001,98.052,10.641,101.474
3,108.737,109.153,11.125,100.038,107.26,0.945,104.703,108.436,101.765,10.536,99.036,96.755,1.062,108.343,112.559
2,108.834,1.112,10.48,99.705,104.567,111.385,11.044,104.238,1.129,10.769,95.668,110.207,112.265,10.921,103.229
4,108.902,1.116,1.046,97.21,11.411,94.435,0.958,97.021,1.037,1.03,100.309,10.584,104.728,1.096,97.497
3,108.997,105.305,11.126,109.934,98.777,0.992,104.353,113.204,94.131,9.729,100.618,105.799,1.034,107.275,108.156
4,110.29,1.136,1.054,107.901,10.153,97.867,1.086,101.822,0.985,0.964,104.502,11.318,103.667,0.955,104.209
1,110.425,1.134,10.895,9.961,1.072,10.374,0.948,10.281,0.989,10.575,10.917,1.083,10.589,1.024,9.408
3,110.618,108.782,10.943,108.691,113.91,0.945,115.625,113.88,108.76,10.169,115.539,102.776,0.934,106.999,107.324
2,111.079,1.053,10.57,107.696,93.717,101.679,11.258,112.548,1.032,10.626,111.774,95.148,101.66,10.586,100.472
4,111.225,1.087,1.064,103.209,11.292,107.648,0.947,110.445,0.993,1.046,107.106,11.523,95.268,1.126,107.779
4,111.497,1.079,1.097,94.335,10.106,110.272,1.099,101.547,1.081,1.058,92.661,11.385,106.113,1.059,112.041
3,111.859,99.11,10.593,102.442,104.265,0.929,115.803,117.05,96.632,9.451,106.769,98.276,1.014,111.599,106.897
3,112.369,96.014,11.095,104.607,98.828,0.998,113.567,116.796,99.896,10.925,116.006,107.591,0.992,118.069,106.326
4,112.455,1.133,0.977,108.442,10.011,109.128,1.102,99.352,1.057,1.062,95.464,11.147,94.55,1.113,110.522
2,112.478,1.025,11.191,106.848,96.468,107.637,9.782,95.164,1.055,11.405,108.2,97.736,109.183,10.446,112.276
4,113.026,1.055,0.975,104.291,10.046,97.695,0.968,111.24,1.034,1.076,106.142,11.398,97.889,1.125,100.97
1,113.297,1.035,9.85,10.321,1.091,10.637,1.019,9.829,1.135,10.35,9.972,1.079,10.609,1.104,10.113
2,113.769,1.069,10.351,99.133,100.811,98.279,10.94,102.901,1.084,11.253,100.135,102.727,110.375,11.066,110.87
1,113.929,0.956,10.348,9.718,1.026,10.144,0.981,10.549,1.04,9.708,9.91,0.979,9.527,1.062,9.555
3,113.964,102.364,10.994,102.368,98.476,0.923,105.417,111.214,98.479,10.774,109.894,100.631,0.933,118.695,115.916
1,114.117,1.011,10.904,10.967,0.936,10.073,1.028,10.498,0.976,9.707,10.892,1.061,10.052,0.997,9.764
3,114.289,107.177,10.915,105.012,112.152,0.936,114.912,101.713,107.225,10.105,111.04,110.729,1.065,114.543,114.174
4,114.722,1.049,0.987,107.168,11.483,99.36,1.09,96.543,1.005,1.028,96.366,11.528,105.309,0.986,104.482
3,114.765,103.201,9.615,115.606,110.045,1.051,113.398,113.158,101.834,9.418,115.734,104.453,1.083,107.34,112.825
3,115.383,98.479,9.805,104.307,97.546,1.08,107.225,106.846,106.266,10.009,99.451,97.787,1.089,112.032,110.285
3,115.518,94.282,9.89,112.069,101.121,1.043,106.42,100.44,101.988,11.043,102.94,101.678,0.95,116.07,107.491
3,116.213,98.593,11.028,114.348,102.962,0.934,110.672,102.207,102.51,10.703,99.152,103.065,0.959,117.555,100.97
1,116.301,1.031,10.508,10.061,0.982,10.456,1.009,9.503,1.038,9.79,11.029,0.999,9.499,1.117,10.337
1,116.872,1.041,10.3,10.049,1.073,9.399,0.956,11.128,1.003,10.59,9.56,0.974,10.387,1.117,9.749
4,116.938,0.975,0.98,107.168,10.604,98.25,1.051,113.089,1.104,1.118,95.302,10.263,110.433,0.96,98.783
1,117.184,1.01,10.603,10.593,0.978,10.529,0.955,9.943,0.987,9.906,9.48,1.025,9.934,1.017,9.85
4,117.852,1.094,1.111,99.238,10.336,94.622,1.028,101.387,1.024,1.046,103.237,10.457,96.533,0.999,96.264
2,117.855,1.071,10.082,102.795,101.803,97.613,10.564,97.903,1.041,11.257,107.307,105.031,101.528,11.376,103.884
1,118.177,1.034,9.474,10.006,1.006,10.755,1.005,9.851,1.091,9.688,10.418,0.93,10.453,1.069,9.685
2,118.336,1.004,10.916,107.307,95.044,107.876,11.044,108.362,1.165,10.754,104.406,103.419,96.922,9.759,97.016
1,118.966,1.038,9.678,9.536,1.034,10.498,1.115,10.227,1.043,9.649,10.035,1.035,10.103,1.119,10.947
2,119.758,1.151,10.121,106.02,107.018,107.301,10.257,107.506,1.008,11.287,94.793,107.056,104.166,11.116,103.229
3,119.882,95.159,10.318,112.089,97.902,0.945,115.307,114.419,102.273,9.802,100.417,96.026,1.054,105.471,105.821
1,120.046,0.971,9.586,10.526,0.96,10.658,1.02,10.831,0.971,9.863,10.986,0.95,10.657,0.988,10.126
2,120.324,1.084,11.208,111.346,94.98,112.012,11.454,104.851,0.992,10.522,109.536,99.511,105.42,10.487,103.563
2,120.338,0.992,9.876,100.022,101.419,96.084,11.097,101.677,0.994,11.533,111.534,98.702,101.957,10.8,108.112
2,120.379,1.093,10.013,109.536,96.982,98.208,9.797,111.081,1.092,11.465,108.116,99.06,111.9,10.385,109.167
3,120.428,103.828,10.89,103.642,100.218,0.997,106.908,114.663,108.974,10.578,107.67,107.148,0.931,105.139,117.886
2,121.012,1.125,10.078,101.622,97.841,106.953,9.841,105.992,1.02,9.922,111.534,107.51,103.795,10.307,107.395
1,121.092,1.082,10.502,10.348,0.93,10.068,0.95,10.314,1.026,10.939,9.518,1.078,10.257,0.95,10.862
3,121.483,96.678,10.717,117.313,97.652,0.926,104.646,109.785,105.784,10.693,110.272,97.698,0.963,115.642,105.327
2,121.495,1.154,10.13,111.774,98.577,103.47,9.831,109.946,1.103,11.04,106.017,93.717,110.895,10.255,107.961
2,121.578,1.018,10.476,105.255,97.736,109.438,11.259,111.619,0.988,11.479,107.81,102.002,106.789,10.693,111.546
3,121.857,95.374,9.446,115.31,113.591,0.936,118.821,110.689,102.273,10.104,105.295,110.596,1.063,104.459,118.861
2,122.129,1.03,10.149,98.24,103.178,108.391,10.362,109.469,1.146,10.476,98.115,106.722,105.4,10.022,105.862
3,122.354,105.422,11.104,100.404,110.633,1.019,114.86,117.924,105.415,9.793,107.857,99.933,1.009,106.42,111.0
3,122.367,106.815,10.885,101.247,112.5,0.971,112.607,101.615,101.625,10.83,105.162,100.291,1.043,106.395,113.835
3,122.448,105.124,10.327,116.86,105.428,1.025,102.033,105.801,96.259,10.335,99.345,105.932,1.08,104.801,107.077
1,122.504,1.0,10.465,11.014,1.023,10.734,0.955,11.115,0.98,11.003,10.624,0.932,9.795,1.094,9.527
4,123.502,1.047,0.965,100.504,10.658,108.949,1.016,100.803,1.149,0.981,94.409,11.428,104.558,1.107,110.696
3,123.53,103.271,10.93,101.294,108.773,1.024,103.366,116.677,110.977,10.082,106.998,111.442,1.069,106.202,102.16
4,123.653,0.989,1.059,99.321,11.211,103.946,1.086,105.849,1.018,1.09,97.507,10.982,108.351,1.062,103.966
3,123.669,103.97,9.429,108.027,108.617,1.01,111.818,118.024,105.322,10.504,112.069,103.995,1.057,107.471,118.537
1,123.834,1.077,10.278,9.986,0.952,10.777,0.981,9.374,1.135,10.677,10.193,1.009,9.483,1.078,10.639
4,123.885,1.055,1.037,103.049,11.064,104.086,0.959,108.111,1.083,0.99,105.975,11.085,99.18,1.079,112.438
3,124.423,102.742,10.19,99.156,110.082,1.035,118.073,113.103,95.406,10.344,111.253,97.171,0.967,100.659,109.091
3,125.162,94.104,9.417,116.006,111.756,0.934,116.195,105.672,101.848,10.691,115.606,104.545,1.068,105.381,108.478
3,125.591,99.979,10.472,111.331,111.782,1.05,116.478,110.127,103.604,10.879,112.746,102.129,0.987,105.769,118.105
4,127.037,0.996,1.128,100.232,10.629,100.355,1.108,101.382,1.13,1.125,100.562,10.396,99.097,1.109,100.882
3,127.724,104.265,9.589,105.367,108.828,0.922,118.507,118.934,97.656,9.499,111.49,112.373,0.972,119.047,112.312
3,127.772,105.049,10.332,100.899,99.442,1.013,106.125,108.857,110.658,10.999,98.889,110.764,1.031,110.204,118.088
3,127.833,104.182,10.752,103.695,105.463,1.062,109.755,110.259,95.903,10.56,99.036,109.186,1.04,115.307,114.879
3,128.33,104.46,9.724,111.102,101.569,0.975,103.56,115.929,99.101,10.578,114.107,108.908,0.98,106.181,107.626
2,128.582,1.164,11.594,105.353,111.027,97.043,11.046,97.974,1.107,10.868,109.704,107.056,103.267,10.001,111.432
3,129.078,101.893,11.162,107.537,96.97,0.99,111.195,111.329,106.786,10.091,112.845,108.398,1.047,105.986,104.881
3,129.303,101.597,10.072,101.257,97.546,0.992,104.524,113.105,101.172,9.651,111.856,96.421,1.08,102.788,106.349
4,129.62,1.013,1.093,105.734,11.767,103.352,1.064,110.377,1.021,0.987,100.935,10.857,96.361,1.108,102.817
4,130.257,1.027,1.064,104.796,10.524,109.961,0.994,106.228,1.067,1.062,105.892,11.401,110.77,0.955,107.199
4,130.573,0.998,1.028,108.025,10.985,95.504,0.976,102.792,1.148,0.987,97.663,11.8,108.673,1.105,102.193
3,130.6,110.311,9.878,114.706,106.827,0.936,116.449,118.596,94.322,11.195,109.295,105.736,0.935,100.794,109.169
4,130.606,1.084,1.133,94.991,10.664,109.283,1.126,107.048,1.151,1.117,107.622,11.001,102.55,0.967,107.893
1,130.926,1.021,9.588,11.071,1.063,9.795,0.972,10.867,1.118,11.046,9.749,0.921,9.866,1.12,10.875
1,131.234,1.0,9.781,9.656,1.017,10.591,1.106,11.123,1.054,10.21,9.454,0.967,10.614,1.012,10.332
1,131.343,1.073,9.496,9.972,0.921,9.243,1.061,9.475,1.035,10.554,9.8,0.994,9.577,0.956,10.5
3,131.712,101.988,10.385,107.562,104.12,0.971,117.78,115.917,98.604,10.918,102.986,112.261,1.063,105.381,110.032
4,132.376,1.016,1.075,91.919,10.219,100.845,1.024,98.386,1.013,1.099,107.242,11.458,99.692,0.954,99.075
3,132.552,101.761,10.88,101.327,104.147,1.052,113.167,108.289,96.468,10.009,110.73,109.063,0.996,108.176,109.458
1,132.884,1.067,9.925,10.639,1.044,10.953,0.956,9.995,0.962,9.588,10.289,0.972,9.986,1.08,9.617
3,132.929,102.578,9.902,112.877,110.041,0.947,101.567,110.516,96.322,11.194,105.713,106.528,1.023,106.839,102.514
1,133.031,0.973,10.865,9.535,1.05,9.692,0.996,9.816,0.967,9.853,11.071,1.008,9.812,1.017,9.639
3,133.54,99.485,10.269,99.751,96.967,1.061,111.484,104.564,93.896,11.084,111.04,109.577,1.041,110.204,103.136
4,133.701,1.093,0.97,101.133,10.797,104.7,1.005,97.486,1.043,0.997,107.161,11.73,109.006,0.985,104.322
1,133.757,1.131,10.359,10.894,0.968,9.946,1.032,10.506,1.014,10.934,10.739,1.034,10.187,1.03,10.542
3,133.782,97.419,10.306,106.142,113.765,1.061,113.179,117.213,96.965,10.85,117.211,97.271,0.988,107.415,114.636
2,134.364,1.045,10.355,96.6,95.851,96.988,9.864,99.96,1.012,11.513,98.392,111.116,105.847,10.486,94.893
3,134.743,97.257,11.023,104.837,111.77,0.988,119.085,114.174,109.286,9.515,102.352,113.404,1.007,118.319,116.752
1,134.968,1.05,10.293,10.54,1.053,10.311,1.001,9.685,0.957,10.766,9.428,1.067,10.547,1.012,10.314
1,136.016,1.003,11.088,10.473,1.091,9.424,0.947,10.079,1.099,10.873,10.56,0.947,9.795,1.116,9.62
1,136.098,1.13,10.719,10.761,0.934,9.621,1.04,10.391,1.02,10.26,9.956,1.032,10.551,1.112,9.676
2,136.174,1.12,9.862,105.726,100.518,112.335,10.366,95.072,1.028,11.557,105.814,97.469,106.352,10.318,108.009
1,136.902,1.114,10.112,10.757,0.987,9.501,0.979,9.871,1.09,9.769,9.794,1.093,9.502,1.05,9.417
1,136.948,1.036,10.157,9.649,1.058,9.425,1.08,11.104,1.125,10.345,9.856,0.922,10.657,1.01,10.233
4,136.98,1.082,1.092,95.425,10.303,95.37,0.98,110.373,0.979,1.009,92.676,10.995,104.515,0.976,96.348
1,137.49,1.131,11.075,10.986,1.088,9.877,1.05,10.007,0.987,9.677,10.251,0.979,10.318,1.013,10.442
2,137.849,1.133,11.614,104.45,109.848,107.878,10.483,96.107,1.093,10.355,95.602,101.458,99.995,10.611,103.785
3,138.162,110.31,9.895,113.793,97.465,0.963,113.023,117.924,99.559,10.198,112.845,110.041,1.043,101.241,112.259
1,138.767,1.02,10.289,10.954,1.009,9.322,1.016,10.847,1.026,11.098,10.395,1.037,10.187,0.971,10.353
2,138.974,1.019,10.365,98.134,104.887,96.825,10.109,106.822,1.07,11.635,102.493,98.691,106.352,10.709,107.572
2,139.27,1.16,9.976,97.88,102.544,97.911,10.103,109.026,0.984,9.865,111.136,101.533,109.331,10.426,107.597
1,139.755,1.096,9.688,10.757,0.947,10.222,0.974,10.708,1.05,9.761,10.904,1.049,10.589,0.978,10.155
4,139.811,1.032,1.093,106.959,11.124,105.811,1.112,96.307,1.117,0.986,96.689,10.119,93.906,1.103,103.98
3,142.193,107.975,9.781,99.451,109.135,0.968,109.576,107.303,109.814,10.785,99.267,100.1,1.043,111.818,118.839
4,142.695,1.066,1.061,99.75,11.277,101.052,0.996,100.549,1.092,1.121,92.753,11.282,109.193,0.994,101.528
3,143.725,94.238,9.667,111.271,101.082,0.922,108.661,112.81,94.55,10.467,106.818,98.732,0.95,115.315,116.055
2,143.756,0.99,11.027,108.416,103.178,98.481,11.387,109.781,1.147,11.428,96.029,98.133,102.576,10.167,109.479
2,145.364,1.008,10.449,108.213,99.002,113.452,10.205,110.843,0.993,10.514,112.41,105.73,98.046,11.274,98.922
4,145.494,0.973,1.098,94.335,10.829,109.027,1.015,95.687,1.098,1.074,103.739,9.986,106.047,1.102,106.562
2,145.766,0.987,10.187,98.821,101.863,99.379,11.227,107.961,1.079,10.694,97.5,106.002,96.273,10.204,106.028
3,146.255,104.301,9.72,99.674,109.598,0.945,109.181,111.077,101.298,9.764,101.096,110.205,0.95,117.921,117.766
4,146.555,1.152,0.978,107.002,10.362,96.25,1.085,105.611,1.099,1.016,102.496,10.078,110.992,0.951,97.732
4,146.615,1.021,1.112,96.353,11.318,97.531,1.114,106.776,1.035,1.108,95.92,11.365,108.351,0.959,110.522
2,146.756,1.107,10.021,110.557,99.544,96.981,9.93,103.563,1.124,10.767,109.001,105.73,107.979,9.781,106.417
4,148.234,1.094,0.97,98.815,10.851,98.29,1.116,112.586,0.996,1.128,100.43,11.015,102.553,1.038,98.99
4,148.802,1.104,0.982,94.055,11.355,109.771,0.976,104.789,1.0,1.035,106.314,10.488,101.109,1.039,109.57
4,149.444,1.05,1.132,101.698,11.156,99.612,1.103,97.326,1.091,1.097,103.045,11.798,97.393,0.995,112.041
3,150.328,98.604,10.278,112.889,97.432,0.944,115.121,102.931,108.89,9.961,100.18,96.271,0.936,110.37,101.743
1,150.569,1.078,10.08,9.632,1.079,9.84,0.945,11.129,0.956,9.487,11.078,1.0,9.532,1.031,9.722
1,151.231,1.13,11.034,9.656,0.955,10.561,0.962,9.588,1.068,9.401,9.512,1.043,10.316,1.051,11.088
1,152.536,1.038,10.128,10.006,1.01,9.964,0.949,11.134,1.091,10.671,10.749,1.043,9.759,0.977,10.798
4,153.424,1.072,1.072,92.975,9.999,94.999,1.112,112.198,0.984,0.968,105.717,10.474,108.547,1.095,108.518
1,153.579,1.08,10.402,11.047,0.936,10.685,0.949,11.002,1.07,9.506,10.671,1.07,10.089,1.011,9.676
1,153.652,1.126,9.408,10.468,0.985,9.436,1.085,10.268,1.095,9.585,10.232,1.042,9.31,0.999,9.782
3,154.722,105.612,10.409,110.177,113.4,1.006,107.377,111.38,105.993,10.237,108.853,96.451,1.01,113.697,104.184
1,155.156,1.098,9.656,10.588,1.056,10.315,1.026,10.391,1.129,9.522,10.063,1.034,9.448,1.084,9.414
1,155.183,1.131,11.03,9.656,1.002,10.876,0.963,10.273,1.068,9.827,10.335,1.026,10.284,1.019,10.023
4,155.325,1.068,1.12,104.956,11.066,100.056,1.044,111.997,1.044,1.094,98.767,11.659,105.12,0.989,107.419
2,155.338,1.115,10.795,110.069,104.826,109.462,11.328,96.576,1.007,10.384,105.862,94.748,102.007,11.22,95.788
1,155.598,0.958,10.08,10.251,1.025,10.296,0.968,10.213,1.074,10.51,10.964,1.019,10.552,0.963,10.874
3,155.83,109.666,11.06,115.194,100.259,0.97,108.874,106.286,107.783,9.757,104.276,106.716,1.075,101.795,113.657
2,156.276,1.148,10.857,101.84,109.246,98.427,9.804,102.078,1.031,10.045,103.439,106.566,107.1,11.096,99.699
2,156.411,1.143,11.081,107.605,99.98,101.129,9.733,95.84,1.154,11.17,106.004,103.178,112.046,10.265,110.003
4,156.442,1.085,0.97,108.042,10.138,109.14,1.062,96.598,1.082,0.997,105.836,11.179,93.357,1.028,102.944
2,156.568,1.158,10.048,107.869,94.581,108.315,9.875,98.15,1.061,11.193,100.802,103.13,96.855,10.018,99.699
4,156.799,1.149,1.026,106.766,11.575,96.259,1.033,99.587,1.128,1.117,104.624,11.577,93.786,0.974,103.966
2,157.196,1.032,11.01,109.634,104.68,111.243,10.784,111.546,0.991,11.693,110.536,98.686,110.895,10.473,109.875
2,157.547,1.089,10.649,100.802,103.479,98.908,10.377,107.918,1.126,11.217,101.247,105.239,107.096,10.378,95.028
2,158.015,0.998,11.362,108.321,105.343,109.542,10.448,107.814,1.117,11.258,98.527,105.368,101.564,10.927,97.211
1,159.23,1.06,11.105,10.984,1.075,10.748,1.087,10.089,1.042,10.052,10.244,0.986,10.078,1.062,9.436
4,159.379,1.014,0.973,91.709,10.728,104.353,1.105,97.961,1.153,1.097,106.499,10.233,103.911,1.004,107.277
2,159.891,1.042,11.514,108.423,104.683,100.718,11.352,110.362,1.06,10.101,102.896,99.474,105.369,11.242,101.042
3,160.281,106.044,10.18,102.868,110.835,0.977,105.515,113.679,95.823,10.836,117.211,110.471,1.032,114.087,110.084
3,160.285,102.273,9.56,114.604,101.182,0.976,105.749,101.179,94.104,10.312,110.897,108.452,0.968,101.934,110.69
2,160.309,1.049,9.982,105.506,107.274,106.319,9.731,106.341,1.019,11.63,105.752,107.443,109.085,10.005,109.608
2,160.391,1.119,10.412,110.805,94.054,102.064,9.855,111.745,0.999,10.715,102.099,104.262,112.007,10.291,97.076
3,160.725,104.292,10.751,108.799,99.066,1.075,113.889,101.608,110.647,10.209,106.685,111.432,1.029,115.052,105.048
3,160.78,101.91,10.508,106.379,103.373,1.039,109.728,104.969,109.309,10.751,99.201,96.209,1.028,119.353,103.269
3,160.869,101.414,10.943,106.185,101.009,0.953,104.479,109.575,105.47,10.87,99.345,98.363,0.971,110.223,115.948
2,161.267,0.997,10.188,101.636,98.078,106.804,10.206,103.021,1.006,10.76,98.109,96.163,100.975,10.392,111.565
1,161.424,1.036,10.272,9.356,0.994,10.346,1.003,9.585,1.067,9.437,10.257,1.016,9.322,0.951,10.626
4,161.715,0.975,0.968,91.403,11.211,100.014,0.971,113.384,1.015,1.053,103.677,10.568,96.395,1.057,108.55
3,161.846,104.837,9.781,102.368,105.76,0.926,115.736,112.833,98.78,10.097,101.993,96.924,1.038,106.556,107.382
1,161.891,1.071,9.704,10.964,1.035,10.732,0.988,10.296,1.027,10.21,10.471,0.97,9.812,1.023,10.327
3,162.3,108.102,10.358,112.428,97.928,0.97,113.203,118.877,99.609,10.698,116.856,104.265,0.991,108.716,110.069
2,162.781,1.143,11.582,103.576,103.726,97.306,9.744,102.839,1.131,11.614,103.532,94.855,97.398,9.731,100.31
1,162.988,1.034,10.551,9.461,1.022,9.448,1.032,9.388,1.127,9.815,10.091,0.922,10.142,0.965,9.839
2,163.471,1.113,9.965,99.722,94.581,107.876,10.219,108.749,1.06,10.779,104.294,104.97,103.213,10.593,100.034
4,163.804,1.023,1.0,94.215,10.723,110.333,1.05,105.849,1.091,1.081,95.289,10.495,99.805,1.012,101.859
3,163.923,104.417,11.063,115.088,97.275,1.022,101.535,105.876,111.372,9.98,106.385,109.263,0.958,113.589,111.257
2,163.993,1.083,10.807,98.259,110.034,108.779,11.27,95.454,1.04,11.371,108.116,111.168,113.904,11.182,101.657
3,164.399,110.269,10.834,102.726,108.584,0.978,116.558,114.739,97.257,10.486,109.901,96.189,1.061,104.64,114.17
2,164.476,1.073,10.36,96.723,102.263,106.445,11.268,97.916,0.983,11.428,102.503,102.67,97.631,11.485,98.079
3,165.033,101.995,9.517,110.95,106.28,0.96,117.103,101.683,100.155,10.274,106.645,113.206,0.994,110.204,113.103
4,165.828,1.014,1.088,95.893,11.71,97.989,1.088,104.984,1.114,1.079,106.401,11.428,94.007,0.984,97.553
4,166.327,1.151,1.053,101.425,11.069,103.918,1.048,107.637,1.077,0.988,97.844,10.724,110.847,0.994,99.587
3,166.637,96.468,11.188,106.484,105.178,0.961,105.676,100.808,108.655,10.885,108.75,106.457,0.957,112.265,101.97
3,166.652,106.487,10.07,113.977,102.842,1.027,118.877,107.422,103.006,9.488,114.354,98.835,0.95,117.392,112.33
2,166.974,1.139,11.248,109.799,98.133,111.566,11.391,100.713,1.046,11.287,102.027,105.451,106.123,10.753,110.62
3,167.699,104.935,9.869,101.816,102.377,0.963,115.665,106.432,106.954,10.198,98.838,101.393,1.088,105.438,115.605
2,167.7,0.993,11.543,105.644,107.001,98.887,10.77,111.581,1.017,11.257,109.704,102.992,113.739,11.046,106.622
1,168.158,1.047,10.442,11.059,0.933,10.692,0.958,10.849,1.049,9.816,9.992,1.034,9.779,1.061,10.558
3,168.233,101.512,10.22,103.406,105.79,1.02,104.916,118.452,108.456,10.058,113.308,113.199,1.021,107.075,115.78
3,168.294,97.988,9.875,104.201,114.107,1.032,115.845,115.492,102.988,10.726,111.747,100.449,1.086,118.445,100.771
4,169.572,0.985,1.021,103.296,11.33,96.742,1.045,95.938,1.12,1.086,107.168,9.999,110.476,0.952,109.092
1,169.942,1.094,9.529,10.996,1.034,9.889,0.985,10.973,1.074,9.815,10.951,0.936,9.564,0.976,10.813
1,170.61,0.963,10.956,10.085,1.041,10.76,1.082,10.061,1.022,9.851,9.894,1.026,10.021,0.977,9.638
1,171.415,0.988,9.876,10.365,0.953,10.891,1.072,10.991,1.134,10.297,9.82,1.002,10.117,1.096,10.246
1,171.701,1.105,9.708,9.503,1.079,10.911,1.046,10.661,1.09,9.618,10.911,1.086,9.288,1.032,9.555
3,171.793,100.44,10.161,107.67,100.925,1.075,112.262,113.286,103.0,11.038,102.565,113.62,0.99,101.089,112.622
3,172.032,106.526,9.898,101.783,96.189,1.064,110.05,115.112,107.997,9.418,104.215,98.194,0.969,105.903,109.101
3,172.447,101.136,10.318,101.136,106.236,0.968,102.753,117.171,110.418,10.727,106.135,99.396,0.948,110.672,109.129
3,172.452,111.134,10.256,115.367,96.569,1.044,107.455,109.21,108.123,10.445,100.855,110.509,0.935,119.322,101.832
3,172.466,97.257,9.875,102.569,98.386,1.0,111.599,102.505,108.269,10.461,114.998,102.68,0.923,114.909,101.686
1,172.751,1.074,11.081,10.262,1.03,10.155,0.952,9.65,1.033,10.475,9.461,0.932,9.322,0.998,10.816
4,172.823,0.973,0.999,98.605,11.204,107.391,1.04,111.504,1.043,1.042,99.119,11.425,107.034,1.019,112.041
1,173.324,1.115,11.104,9.522,1.087,9.84,1.078,10.041,0.966,9.851,9.34,0.938,9.649,0.986,9.498
3,173.84,102.51,10.437,114.079,100.513,0.932,102.418,110.465,98.27,10.385,106.374,99.374,0.962,118.686,105.236
2,173.894,1.041,10.175,95.778,102.447,109.085,11.216,99.089,1.157,11.405,96.232,110.107,113.171,11.08,101.628
4,173.999,1.081,1.136,100.935,10.734,107.684,1.093,112.44,1.145,0.994,92.164,10.681,105.406,1.005,95.972
3,174.424,100.769,10.082,112.919,102.14,1.055,101.487,112.579,109.654,11.008,101.83,100.427,0.971,101.485,111.077
1,174.537,1.088,10.759,10.519,1.092,10.102,0.953,10.659,1.06,10.172,9.708,1.082,10.073,0.981,10.064
4,174.985,1.137,1.002,91.909,10.224,107.009,1.119,109.336,0.989,1.091,101.066,10.073,97.28,1.087,98.675
2,175.585,1.027,11.239,112.501,98.745,102.609,11.116,98.625,1.153,10.73,102.513,107.939,105.303,11.499,104.831
2,176.614,1.105,10.621,98.145,109.907,102.195,11.16,107.262,1.101,11.278,108.973,102.174,99.998,11.353,111.643
3,177.429,111.246,10.763,113.229,111.069,0.972,102.568,110.368,106.581,9.56,112.089,107.253,0.997,112.742,115.212
2,178.043,1.041,11.269,107.81,99.863,104.326,10.994,97.841,1.081,11.601,109.196,97.203,100.274,11.499,106.822
1,179.342,1.078,9.551,10.519,0.931,10.19,1.012,9.709,0.998,9.922,9.433,0.964,10.324,0.998,10.301
2,179.368,1.083,11.054,102.465,101.486,113.887,10.674,101.199,1.012,10.45,105.377,108.419,97.542,10.599,106.909
3,179.447,104.382,10.467,104.07,97.838,0.921,114.912,106.76,100.202,9.476,115.017,113.741,0.957,115.015,111.769
1,179.564,1.083,9.708,9.506,1.082,10.587,1.039,9.759,1.02,10.099,10.74,1.038,9.84,0.955,10.454
4,179.649,1.016,1.038,93.551,10.295,101.029,1.078,98.75,1.143,1.13,97.312,11.36,104.618,0.973,96.145
2,179.712,1.136,10.807,102.537,98.561,96.6,9.988,103.544,1.021,11.455,109.481,94.66,97.155,10.567,107.72
2,180.106,1.024,10.188,109.976,111.111,111.118,10.326,109.875,1.087,11.102,100.505,97.668,104.394,10.848,111.031
4,180.339,1.106,1.077,95.949,10.352,96.132,1.034,97.009,1.036,0.98,96.417,10.932,106.972,1.116,105.546
3,180.367,103.373,10.086,110.47,102.962,1.084,108.428,117.213,95.159,9.764,105.082,107.352,0.924,106.774,100.81
4,181.411,1.007,0.983,92.612,10.269,103.578,0.966,111.066,0.973,1.007,93.288,11.031,101.49,1.094,113.168
3,182.323,96.322,11.072,113.227,98.898,1.074,117.321,114.881,99.789,9.517,108.108,96.603,0.968,111.858,100.398
1,182.606,1.035,10.18,9.597,1.053,10.17,0.997,9.824,1.125,10.948,10.519,1.024,10.778,1.028,10.639
4,182.609,1.003,1.041,103.896,11.747,99.521,0.976,98.172,1.065,1.03,103.103,9.94,98.554,0.988,97.358
2,182.64,1.084,10.333,96.36,97.372,99.563,11.09,109.281,1.133,9.862,101.975,94.584,100.909,10.291,95.247
1,182.712,0.989,9.96,10.967,0.922,10.547,1.067,10.628,1.018,10.007,10.051,1.014,9.25,0.966,9.974
1,183.656,1.004,10.01,10.82,0.973,10.729,1.107,11.0,0.976,9.665,10.967,0.98,9.556,0.979,9.737
3,183.671,108.183,10.337,113.692,97.206,0.958,111.575,109.034,107.991,10.8,100.993,105.736,0.997,114.284,115.933
1,183.966,0.971,10.321,10.284,0.993,9.318,1.049,10.945,1.035,10.756,10.754,1.017,9.267,1.046,10.058
1,184.258,1.0,10.603,10.671,0.961,9.31,1.109,10.058,1.087,9.88,9.538,1.057,10.073,0.976,10.659
2,185.027,1.004,10.13,107.525,101.2,108.893,11.317,101.032,1.102,10.716,104.512,93.743,106.786,11.424,103.73
4,185.59,1.004,0.984,93.026,9.962,95.365,0.952,109.45,1.096,1.088,104.087,11.111,93.403,0.993,95.893
2,185.743,1.101,10.378,108.012,104.444,105.833,11.466,106.561,1.075,11.675,97.613,99.863,108.335,9.996,105.053
3,185.818,97.656,9.725,110.079,106.578,0.922,113.402,117.069,105.415,10.071,107.355,105.758,0.992,118.879,114.72
2,186.605,1.015,10.868,103.889,110.034,106.242,10.161,109.471,1.018,11.684,105.539,98.704,105.069,10.486,96.881
2,187.034,1.044,11.568,106.529,99.794,103.726,10.887,101.873,1.002,10.614,111.931,109.451,103.163,9.851,103.785
2,187.244,1.162,10.518,103.382,106.683,104.907,10.74,105.981,1.107,10.093,96.067,101.701,97.193,10.967,95.272
1,187.303,0.999,9.637,10.377,1.082,10.176,0.99,10.792,1.023,10.546,9.823,0.952,10.81,1.022,9.748
4,187.421,1.016,1.099,107.179,11.46,94.622,1.003,97.326,0.994,1.05,96.614,10.515,94.904,1.072,110.777
3,187.681,97.273,10.099,116.316,112.692,1.085,105.91,118.943,107.496,9.616,112.309,103.584,1.082,106.771,112.668
3,187.718,103.391,9.764,104.276,99.459,1.024,112.834,102.474,108.057,10.676,114.348,108.013,1.036,106.417,101.14
2,187.948,1.066,11.132,112.454,102.55,105.259,11.099,108.878,1.055,10.782,111.917,96.318,105.257,10.593,109.46
4,188.149,1.08,0.968,102.433,10.431,108.456,1.059,102.098,1.124,1.136,91.827,10.031,97.337,1.075,111.066
2,188.335,1.036,10.104,100.871,102.437,112.26,11.409,96.315,1.128,10.36,108.006,108.701,98.342,10.754,104.292
3,188.954,94.158,10.632,110.452,100.1,1.071,115.966,116.47,96.121,9.52,114.528,112.326,1.062,108.15,108.631
2,189.281,0.989,11.334,100.834,102.138,101.976,11.474,108.877,0.998,11.026,108.193,110.091,108.885,10.754,102.165
1,189.353,1.034,9.974,9.428,1.014,9.793,1.026,10.532,0.977,9.854,9.718,1.07,10.605,1.051,10.914
1,189.366,1.02,9.659,9.878,0.926,10.277,1.02,10.236,0.963,9.7,10.321,0.955,10.367,1.066,10.244
2,189.372,1.14,10.518,99.617,101.296,108.391,11.024,101.657,1.038,10.186,95.663,94.41,97.043,11.209,102.112
1,190.319,1.06,10.296,10.232,1.075,10.021,1.068,10.014,1.135,10.481,10.81,1.047,9.539,0.993,10.769
2,190.903,1.157,10.9,102.37,99.572,103.483,10.81,100.289,1.048,11.312,96.722,96.295,101.39,11.142,108.421
4,191.772,1.102,1.05,92.154,11.453,96.108,1.016,106.176,0.987,0.968,105.346,11.552,97.257,1.07,110.962
4,191.856,1.04,1.128,103.017,10.756,98.279,1.028,98.507,1.126,0.975,100.562,10.162,105.511,1.098,101.744
4,192.007,1.129,1.04,100.43,11.022,96.73,0.995,106.712,1.105,0.981,102.25,11.385,93.94,1.108,107.742
3,192.316,94.726,11.021,102.608,111.738,0.923,112.077,112.864,96.955,10.467,108.161,104.46,0.99,112.175,115.916
2,192.463,1.079,11.02,102.465,94.942,110.313,10.508,100.31,0.99,10.33,102.722,100.706,101.321,10.536,103.414
1,192.537,1.073,9.49,10.534,0.948,10.456,0.971,9.507,1.118,10.593,9.433,0.988,9.839,1.099,10.045
1,193.518,0.958,10.871,10.488,1.042,10.356,1.087,10.821,1.028,10.982,9.891,0.947,9.633,1.104,10.588
3,193.981,109.9,9.844,111.552,112.865,1.028,119.299,103.465,106.325,10.885,103.456,110.099,0.98,101.081,107.399
2,194.517,1.04,10.372,98.624,96.976,105.849,10.404,100.471,1.046,11.239,102.205,100.753,107.331,10.947,97.205
2,194.691,1.018,9.897,106.024,102.97,98.82,11.381,97.909,1.16,11.649,97.613,106.861,105.244,11.525,112.292
1,194.721,0.996,10.229,9.871,0.929,10.073,0.985,10.779,1.111,10.765,9.4,0.951,9.946,0.947,10.618
1,194.986,1.09,10.115,9.536,0.921,9.376,1.105,11.022,1.051,10.115,10.976,1.062,9.483,1.098,10.023
2,195.22,0.988,11.428,107.217,97.403,113.2,10.567,98.318,1.026,11.422,102.069,95.024,109.567,10.516,97.146
3,195.438,95.632,10.058,107.923,108.024,0.959,106.908,110.69,102.504,9.623,110.897,96.128,1.04,115.385,105.931
4,195.902,1.025,1.097,104.525,10.866,104.353,1.033,104.982,0.975,1.06,103.105,10.194,103.946,1.05,110.068
2,196.016,1.033,10.825,107.769,106.952,113.904,10.196,101.873,1.127,11.175,110.398,106.207,110.19,9.991,100.629
3,196.291,108.658,9.679,109.987,112.787,1.066,105.33,108.417,102.161,11.072,102.509,103.229,0.986,110.005,104.8
2,196.805,1.103,10.274,109.946,96.933,110.372,11.531,108.093,1.04,9.963,105.117,103.816,113.839,11.0,112.286
3,197.422,97.308,10.488,103.898,104.986,1.025,113.768,109.584,99.193,10.081,99.156,104.607,1.088,103.516,111.883
3,197.587,101.743,10.643,113.773,97.275,1.061,110.605,118.412,94.696,9.947,109.662,112.385,1.049,115.882,107.828
4,198.099,1.109,1.011,100.688,10.141,94.425,1.117,98.967,1.145,1.012,91.617,10.494,103.143,1.125,95.644
2,198.107,1.095,10.038,107.335,109.809,111.37,10.573,98.219,1.072,10.644,95.706,96.301,109.962,10.526,111.073
3,199.014,102.44,10.937,100.145,98.914,0.927,108.613,114.276,98.284,9.557,111.856,104.604,0.995,102.623,106.286
3,199.305,101.564,10.937,114.644,103.314,0.929,103.636,111.109,97.607,10.585,101.147,106.538,1.08,110.177,102.245
1,200.516,1.077,10.77,10.602,1.025,10.201,0.991,10.858,1.135,9.863,9.923,1.013,9.277,1.105,9.943
2,201.334,1.153,10.754,107.296,108.762,97.689,11.522,105.895,1.067,9.884,111.931,94.385,99.998,10.441,99.984
2,201.59,1.158,11.084,103.713,107.06,113.491,11.062,100.345,1.012,11.451,96.723,95.446,103.587,10.959,111.081
4,201.747,1.011,1.069,104.371,10.525,94.5,1.098,108.392,0.975,1.12,99.344,11.373,108.063,0.951,113.542
2,202.027,1.032,11.311,106.256,98.633,106.111,10.358,103.507,1.167,10.316,98.259,99.49,100.783,11.448,111.945
1,202.063,0.976,10.548,9.891,1.033,10.088,0.964,10.508,1.083,9.703,11.025,1.039,10.18,0.949,10.024
3,202.203,107.4,9.781,116.093,98.235,1.036,117.845,101.634,111.057,10.957,111.542,101.435,0.998,100.919,108.98
2,202.286,1.098,9.98,103.214,99.875,108.994,9.723,107.151,1.107,11.271,97.606,106.952,96.394,11.198,96.402
4,202.457,1.057,1.014,95.788,10.443,110.887,1.017,99.363,1.098,1.028,100.504,10.998,104.7,0.978,104.819
1,202.587,1.063,10.527,9.526,0.996,10.547,0.953,9.656,1.107,9.771,9.337,0.984,10.632,1.092,10.095
2,203.171,1.046,10.294,100.991,98.64,112.405,10.732,109.207,1.102,10.529,96.403,104.507,103.795,9.888,109.697
1,203.175,1.083,10.465,10.049,1.07,10.54,0.976,9.93,1.094,9.853,9.878,1.041,9.736,0.976,10.831
1,203.309,0.996,9.53,9.709,1.034,10.066,1.074,10.736,1.007,9.404,10.638,1.073,10.824,1.066,10.592
2,204.829,1.115,9.977,105.862,95.732,98.082,11.438,99.616,1.001,10.457,100.48,96.198,106.88,10.939,111.917
3,204.947,102.988,10.819,102.665,101.678,1.054,107.914,114.966,100.393,11.105,110.843,98.549,1.017,116.556,118.59
3,204.991,101.789,10.712,116.316,109.929,0.986,115.451,117.094,106.954,11.176,103.102,113.467,1.051,112.617,112.84
2,205.117,1.025,10.895,107.484,101.152,113.526,11.164,95.828,1.005,10.754,111.651,98.409,109.27,9.79,101.628
2,206.002,1.044,10.852,96.901,93.616,105.191,10.851,98.022,1.141,10.693,108.26,104.552,111.244,10.722,108.466
2,206.138,1.102,9.851,108.433,98.409,98.34,9.811,108.421,1.098,9.893,103.061,93.843,105.038,9.716,99.428
2,206.695,1.05,10.595,111.87,96.619,105.4,10.257,98.534,0.988,10.065,105.255,104.479,113.839,10.134,97.536
4,207.166,1.039,0.965,105.15,10.325,99.631,0.949,106.737,1.091,1.046,107.495,10.631,101.606,1.032,112.091
4,207.58,1.057,1.056,105.81,11.225,107.797,1.058,102.686,1.012,1.041,98.329,10.009,107.936,1.006,110.445
2,208.714,0.985,10.328,98.786,93.687,103.448,10.455,95.127,1.083,10.833,104.608,96.333,96.825,10.703,100.122
1,209.697,1.129,10.698,9.981,0.97,10.677,1.056,9.464,1.092,11.097,10.796,1.087,9.366,1.004,9.725
2,209.82,1.07,10.101,98.624,98.317,107.265,11.328,107.209,0.994,11.446,95.281,106.681,109.681,10.91,103.855
1,210.569,1.086,9.876,9.861,0.96,9.753,0.96,10.366,1.093,10.679,9.475,0.952,9.448,0.954,10.454
3,210.864,108.999,10.696,111.542,105.956,1.002,109.181,108.814,101.902,9.985,100.217,105.799,1.088,104.91,109.458
3,211.009,93.896,11.095,116.341,102.628,1.054,117.555,111.0,109.326,9.589,113.444,108.308,1.083,115.966,117.766
3,211.597,103.36,10.298,101.306,102.047,0.963,111.554,104.106,101.295,9.713,108.853,106.591,0.928,108.329,102.207
3,211.761,106.526,9.897,106.314,104.071,0.948,103.604,112.225,94.912,9.839,105.592,97.2,1.043,103.366,111.109
1,211.883,0.995,9.863,10.853,1.038,9.58,1.053,10.983,1.091,10.073,9.775,1.022,9.955,1.116,10.407
3,211.978,94.182,10.438,109.446,104.416,1.061,114.451,118.083,107.658,10.508,109.652,112.373,0.959,104.426,106.093
1,212.242,0.987,10.668,10.445,0.931,10.502,0.967,9.617,1.023,10.525,9.461,1.01,9.277,1.105,10.804
4,212.427,1.057,1.095,94.023,11.796,107.028,1.049,104.984,0.993,0.984,95.464,10.581,96.632,1.079,105.564
1,212.706,0.958,10.058,10.874,1.008,10.556,1.059,11.136,0.958,10.636,9.73,1.075,9.692,1.036,10.678
2,212.945,1.023,10.766,96.869,108.819,101.409,11.503,96.331,0.997,11.371,99.712,105.167,99.85,11.342,106.028
4,213.28,1.087,1.07,108.018,10.581,99.064,1.019,103.515,1.021,1.092,108.018,11.676,109.241,1.06,107.254
2,213.319,1.026,10.509,108.85,100.384,99.903,9.968,109.076,1.007,11.154,110.249,98.708,96.988,11.243,102.748
2,213.448,1.075,11.441,108.906,102.992,100.843,11.178,110.104,1.162,10.555,109.101,98.073,103.081,10.593,105.01
4,213.47,1.007,1.075,97.991,10.141,96.78,0.954,106.806,0.989,0.97,107.332,10.968,103.838,1.103,108.998
2,214.652,1.077,10.11,94.913,98.708,102.027,10.975,111.816,1.163,10.093,101.399,101.484,99.427,11.178,111.847
2,214.679,0.995,10.317,96.754,94.225,112.905,11.116,97.382,1.089,10.96,109.169,101.49,109.834,11.475,111.679
1,215.053,0.96,10.789,10.232,1.073,9.582,0.959,10.348,0.964,9.384,10.974,0.973,10.221,1.004,9.94
4,215.464,1.001,1.114,100.542,11.199,103.76,1.042,107.3,0.993,1.107,105.543,11.508,101.052,1.09,113.384
3,215.785,107.227,9.564,111.327,100.638,0.963,114.916,112.792,102.956,10.058,108.574,97.671,1.03,116.136,113.8
1,215.926,1.067,10.447,9.556,0.934,9.384,0.957,9.764,1.119,9.711,9.722,0.985,9.384,1.111,9.989
3,216.023,95.423,9.876,111.508,98.968,1.07,112.032,100.685,100.026,10.335,106.577,110.245,0.949,100.457,103.106
1,218.034,0.997,10.164,10.741,0.99,10.778,1.0,10.317,1.079,10.883,10.091,0.994,10.311,1.09,9.997
1,218.851,1.028,9.898,9.428,0.95,9.394,1.109,9.42,1.051,10.84,10.909,0.93,10.551,1.024,10.004
1,219.201,0.984,10.052,9.868,0.94,10.295,0.967,10.295,1.082,9.916,10.726,0.995,10.74,0.979,11.134
2,219.989,1.007,10.779,100.574,106.335,103.163,10.913,110.957,1.091,9.918,95.797,104.062,110.271,9.846,98.306
3,220.313,96.337,10.459,109.788,102.396,1.041,105.011,101.786,107.496,10.84,106.818,110.417,1.016,119.111,109.521
2,220.671,1.146,10.22,104.272,96.756,105.858,10.709,100.31,1.056,10.743,99.929,106.28,99.423,11.341,105.724
4,220.71,1.081,1.119,103.608,11.026,107.795,0.976,112.133,1.153,1.117,107.287,9.991,100.578,1.01,100.665
3,220.852,96.588,9.729,103.566,107.763,1.001,116.338,103.272,103.434,9.765,109.652,98.349,1.001,111.895,103.053
1,220.943,0.986,9.698,9.722,1.054,9.378,1.009,10.391,1.0,10.222,10.132,1.017,10.367,1.074,9.93
3,221.415,107.458,9.767,102.515,99.459,1.081,101.548,114.773,100.799,10.402,111.141,105.967,0.962,102.633,101.786
4,222.261,1.039,1.03,99.335,10.883,106.476,1.002,108.15,1.135,1.094,98.672,10.4,107.478,1.029,112.957
2,222.356,1.0,10.545,105.539,109.491,99.995,10.114,100.934,1.07,10.898,102.892,99.46,109.837,9.864,106.634
4,223.685,1.13,1.053,96.73,11.541,108.808,1.005,109.732,1.114,1.102,98.495,11.27,107.702,1.092,96.152
3,223.687,106.769,9.918,116.834,105.43,1.053,112.835,109.169,97.656,10.729,111.433,96.183,1.061,104.578,115.692
3,224.197,99.11,10.181,104.992,102.68,1.043,112.84,117.555,106.746,9.897,106.946,106.322,0.922,112.761,110.31
4,224.654,1.114,0.969,102.939,11.228,101.922,1.107,107.045,1.048,1.029,102.607,11.143,107.047,1.125,98.557
1,224.833,1.13,9.529,10.785,1.046,9.588,1.014,11.114,0.964,10.102,9.339,0.949,9.34,0.978,9.796
3,224.856,105.931,9.902,105.187,98.44,0.945,119.085,108.156,93.712,10.617,113.658,103.495,1.007,114.833,113.737
1,224.871,1.083,10.697,9.522,1.028,10.452,1.098,9.788,1.128,10.115,10.403,1.088,10.615,1.117,10.39
4,225.355,1.069,1.05,102.14,10.254,94.999,1.06,111.615,1.045,1.094,92.507,11.533,94.44,0.987,110.898
4,226.138,1.104,0.976,108.411,10.883,99.551,1.019,103.98,1.043,1.126,100.535,10.676,110.562,1.08,101.645
4,226.418,1.021,1.061,108.262,10.202,103.567,1.038,96.299,1.06,0.989,100.612,9.971,95.881,0.974,95.687
4,226.552,0.984,1.035,106.662,10.265,105.805,1.038,108.145,1.119,1.029,102.939,10.693,103.68,1.103,112.297
3,226.56,109.152,9.944,104.778,96.324,0.96,107.705,100.913,104.942,10.918,109.77,113.985,1.075,108.062,112.821
3,226.715,111.08,10.893,107.974,105.758,1.05,118.5,116.364,100.393,10.339,101.608,102.268,0.945,114.298,106.331
2,227.161,0.993,11.559,111.55,103.909,102.64,10.24,111.369,1.051,11.432,101.701,96.833,96.316,10.204,98.663
3,227.368,95.316,10.361,114.325,100.258,1.018,119.118,108.395,99.261,10.048,109.49,99.114,1.086,118.445,113.603
4,228.157,1.019,1.055,104.624,11.56,104.509,1.004,99.461,1.147,1.073,96.744,10.165,101.414,1.028,110.286
2,228.84,1.001,10.399,100.493,97.896,103.739,10.027,107.866,1.021,11.003,111.213,103.83,107.403,10.815,108.967
3,229.38,93.712,10.705,101.993,106.173,0.935,116.69,106.428,101.834,10.88,112.203,113.374,1.03,113.498,112.36
2,229.633,1.07,10.748,95.478,105.77,97.193,10.674,102.208,1.154,11.404,102.371,94.251,100.592,10.486,110.303
3,230.095,95.507,10.426,114.212,111.848,0.918,117.657,114.739,104.46,10.058,102.442,99.885,0.968,118.941,104.014
3,230.225,99.485,10.158,101.447,113.458,0.922,117.472,112.683,107.975,10.903,109.662,110.471,0.949,119.144,114.17
3,230.577,104.405,10.639,103.029,100.566,0.962,117.508,118.934,101.298,10.429,105.152,100.312,1.054,112.742,109.949
2,231.176,1.02,10.57,108.85,105.142,109.538,9.821,112.392,1.024,10.041,97.32,97.023,105.849,11.393,110.736
1,231.297,0.991,10.028,10.063,1.019,10.512,1.006,10.799,1.024,9.472,9.717,0.943,10.073,1.03,9.579
1,231.602,1.067,9.534,11.039,0.956,9.881,0.958,10.442,1.134,9.697,10.56,1.02,9.311,1.036,10.69
1,231.668,0.988,9.437,9.869,1.041,10.477,1.12,9.463,1.124,9.952,10.008,1.006,9.924,0.977,10.265
4,231.695,1.086,0.979,105.59,10.501,95.606,1.029,107.126,1.064,1.081,105.59,10.664,105.128,1.068,99.385
3,231.756,106.257,9.476,115.836,111.864,1.063,116.894,116.333,100.67,9.755,111.698,112.327,0.922,112.607,103.981
3,231.96,101.228,10.199,114.045,111.407,1.088,101.485,116.084,98.581,9.526,111.675,101.133,0.935,118.863,106.079
2,232.249,1.055,10.929,110.865,94.581,99.457,9.835,97.135,1.164,11.432,108.321,107.622,110.413,10.513,95.568
3,232.299,108.655,10.496,100.855,105.853,1.032,106.839,113.329,98.326,9.847,103.243,105.575,0.935,112.582,117.152
1,233.025,1.133,10.74,11.077,0.93,9.27,1.089,10.82,1.015,10.636,9.556,0.969,10.477,1.064,10.36
1,233.119,1.001,10.29,10.12,1.082,10.39,1.051,10.281,1.07,10.08,10.681,1.012,10.47,1.035,10.372
3,233.434,95.929,9.618,100.13,96.271,0.966,106.154,116.524,95.62,11.038,98.945,97.454,1.058,115.362,100.821
1,234.145,1.032,9.937,10.06,1.066,9.465,1.089,9.845,1.076,9.431,10.072,0.936,9.217,1.104,10.8
3,234.396,94.067,10.772,116.286,108.966,1.023,116.903,117.574,110.53,9.555,114.731,107.352,0.922,118.602,116.734
1,234.467,1.129,10.497,10.15,1.073,10.407,1.061,10.296,1.011,9.643,9.73,1.002,9.575,0.986,9.962
1,235.92,1.014,9.525,10.234,1.015,10.177,1.024,10.821,1.023,10.264,10.996,0.986,9.515,0.998,9.388
3,236.31,100.981,9.878,112.309,99.457,0.989,101.46,112.939,111.448,10.229,113.973,107.352,0.992,114.321,100.685
3,236.872,95.736,10.215,116.64,99.542,0.964,114.093,116.047,96.973,10.278,108.575,111.871,1.054,111.148,118.934
4,237.247,1.09,0.994,98.556,11.747,100.04,0.963,95.754,1.088,1.024,103.041,11.207,102.303,1.057,110.286
2,237.384,1.126,11.597,100.928,96.524,106.909,10.318,110.247,0.992,10.174,100.448,94.98,107.111,10.401,111.432
2,237.608,1.165,10.24,99.202,104.666,97.043,10.561,104.417,1.006,11.351,99.202,106.393,101.568,9.731,97.281
4,237.876,1.133,0.969,92.116,11.303,100.889,1.099,96.441,1.042,1.071,99.113,11.034,93.444,1.088,105.008
4,238.582,1.09,0.966,106.932,9.988,98.29,1.029,113.431,1.042,0.988,102.748,11.676,93.786,1.06,98.386
1,238.811,1.102,9.838,9.378,1.009,10.869,1.12,10.984,0.984,10.871,9.85,0.953,10.153,1.094,9.452
2,238.925,1.015,11.239,109.882,96.333,104.835,10.152,95.028,0.999,11.102,102.247,109.451,101.727,10.527,109.867
1,239.063,1.078,10.628,9.844,1.069,10.778,1.06,11.079,1.034,9.677,10.302,1.039,10.702,0.959,10.948
2,239.651,1.13,11.616,96.912,103.475,99.466,11.461,103.241,1.101,11.418,102.722,109.952,111.798,9.908,110.321
1,239.694,1.069,10.699,9.78,0.994,9.52,1.082,10.145,1.005,10.345,10.261,0.972,10.942,1.021,10.573
4,240.417,1.054,1.008,96.32,11.444,94.919,1.117,97.379,0.977,1.125,107.185,10.722,107.12,0.963,104.982
2,241.925,1.036,10.736,98.392,109.115,97.988,11.474,97.974,1.082,10.043,95.281,109.353,98.605,9.708,107.475
1,242.307,1.071,10.865,9.793,0.933,9.762,1.009,9.445,1.036,10.264,9.916,1.017,9.379,1.062,10.829
1,242.333,1.111,9.932,10.964,1.052,10.891,1.04,10.364,0.959,10.554,10.078,1.057,10.071,1.092,10.123
3,242.507,103.571,9.994,115.947,111.718,1.015,115.362,110.803,98.798,10.124,114.337,101.072,1.086,109.504,109.789
2,242.507,0.993,9.925,104.608,97.519,102.011,11.509,106.976,1.053,10.723,101.752,110.874,107.236,10.064,102.723
4,242.579,0.983,0.97,102.239,10.215,106.902,1.076,105.498,1.099,1.008,104.838,10.375,102.842,1.05,104.76
1,243.043,1.067,10.936,9.619,1.04,9.217,1.11,10.61,1.126,10.301,9.806,0.949,10.027,1.079,10.602
2,243.201,1.025,10.757,94.789,104.35,109.75,10.77,103.557,1.035,10.122,96.167,98.622,107.466,11.341,109.282
2,243.272,1.087,10.666,110.708,103.811,103.57,10.402,96.849,1.13,10.72,102.87,104.444,101.59,10.6,112.458
4,243.898,0.987,1.132,94.821,11.508,95.941,1.1,100.952,1.053,1.02,97.667,10.041,102.292,1.12,105.915
2,244.995,1.089,10.189,100.06,97.111,106.184,10.318,99.226,1.037,9.865,104.278,100.659,113.101,10.206,112.678
4,245.434,0.991,1.104,100.422,11.653,94.002,1.121,99.317,1.06,0.965,102.939,10.772,97.266,1.116,110.189
1,245.556,1.001,11.01,9.786,0.928,9.634,1.007,10.268,1.018,10.68,10.638,0.949,10.352,1.067,10.173
2,245.675,1.136,10.274,112.569,106.23,107.415,11.265,95.41,1.151,11.649,104.851,93.717,112.761,10.507,98.788
2,245.92,1.077,10.509,103.8,97.415,111.385,11.197,98.161,0.984,10.229,109.634,97.403,97.398,11.349,111.816
4,245.92,1.092,1.024,93.752,10.81,95.926,1.048,105.626,1.138,0.985,99.113,10.599,99.751,1.043,108.502
3,246.073,102.353,10.758,116.834,101.266,0.993,117.78,110.017,94.182,10.593,100.083,100.631,1.022,113.647,112.81
1,246.285,1.028,10.442,10.092,1.079,10.248,1.1,10.398,1.131,11.109,11.008,1.05,10.921,1.075,10.298
2,246.353,1.074,10.956,94.793,97.418,99.857,10.715,95.333,1.091,10.754,96.447,106.661,102.865,10.96,95.814
3,246.43,109.631,11.103,114.107,108.917,1.001,107.103,101.741,110.413,10.362,101.377,111.701,1.076,107.566,116.734
1,246.465,1.096,9.404,9.87,1.023,10.486,0.985,11.136,1.119,10.48,10.348,0.969,9.286,0.96,10.169
4,247.273,1.05,1.112,96.316,11.038,107.478,1.064,96.959,1.012,0.966,108.042,10.951,96.742,1.035,97.972
4,247.882,1.094,1.097,101.513,10.751,106.381,1.074,111.089,1.075,1.052,102.819,11.747,108.416,0.976,108.701
2,248.114,1.087,10.403,110.931,99.714,106.175,9.731,103.733,1.088,10.737,106.875,99.794,103.068,11.123,105.341
4,248.881,1.146,1.091,96.257,10.96,93.732,1.091,108.006,1.014,1.117,107.302,11.796,108.707,0.997,112.091
2,249.047,1.044,10.474,99.824,95.932,98.337,9.939,105.486,1.159,10.941,109.826,97.736,108.772,9.787,96.359
3,249.362,100.274,9.745,104.563,97.306,0.965,117.133,109.207,111.427,9.805,101.202,102.883,1.04,114.916,108.307
3,249.769,94.847,9.513,115.599,104.006,1.048,107.075,106.897,99.024,9.797,104.992,106.716,1.025,103.778,101.733
3,250.079,107.474,9.528,105.848,106.622,1.052,111.895,112.864,99.996,10.263,107.728,107.988,0.925,103.172,111.953
2,250.102,1.044,10.38,101.775,111.08,99.83,11.409,101.7,1.102,9.897,103.214,107.451,97.396,10.279,108.819
2,250.25,1.033,11.032,102.975,106.008,98.545,10.706,105.341,1.062,10.065,107.696,107.847,114.023,9.903,99.96
2,250.263,1.001,10.154,100.322,104.332,98.233,10.745,96.629,1.073,9.967,105.732,104.731,108.019,10.358,104.416
4,250.314,1.066,0.983,91.919,11.587,108.792,0.967,97.272,1.088,0.991,105.886,9.982,103.417,1.118,104.709
1,250.73,1.13,10.73,10.107,1.088,9.337,0.957,9.885,1.058,11.084,10.483,1.084,10.778,0.989,10.061
2,251.144,1.108,11.007,105.178,105.661,108.747,10.669,111.299,1.042,10.175,109.08,97.183,109.41,11.197,100.271
4,251.232,1.044,1.136,91.663,11.716,94.411,0.993,112.898,0.978,1.041,105.431,10.726,107.887,1.039,109.492
3,252.343,110.499,9.515,107.501,102.326,1.039,111.286,103.226,100.753,10.818,109.295,107.215,0.996,100.457,110.127
3,252.54,95.632,10.585,100.539,109.316,1.04,116.894,111.135,101.765,10.099,103.595,102.687,1.066,116.219,116.055
4,252.635,0.991,1.055,102.676,11.672,110.881,1.032,98.191,1.151,1.034,93.026,11.5,93.446,1.108,108.056
3,255.307,102.882,10.146,100.404,113.328,0.935,100.605,117.924,103.253,10.209,104.906,112.5,0.92,115.159,104.958
3,255.558,97.062,11.188,105.613,110.12,0.982,112.342,111.259,96.468,11.002,108.356,112.503,1.005,101.3,102.565
1,255.61,0.991,10.316,10.265,0.949,9.952,1.008,10.229,0.997,10.907,9.576,0.988,10.227,1.03,10.864
2,255.982,1.052,9.994,103.575,103.428,104.092,11.419,95.028,1.082,11.13,101.039,104.68,101.591,11.242,104.666
3,256.109,97.335,10.035,102.918,104.364,1.013,106.603,100.373,108.29,9.533,114.337,102.788,1.044,113.666,112.84
4,256.307,1.075,1.017,100.991,11.014,107.203,1.108,113.266,1.155,1.055,104.959,10.465,102.744,0.986,107.045
4,256.712,1.155,1.097,106.882,11.207,109.048,1.107,100.053,1.04,1.004,101.48,11.655,99.59,0.981,105.039
4,257.13,1.148,1.12,96.838,11.532,100.601,1.046,104.39,1.114,1.045,100.044,11.367,109.722,1.009,103.733
2,257.243,1.067,11.428,97.747,107.43,109.062,9.786,104.745,1.143,11.192,103.8,105.988,109.849,10.413,103.785
2,257.427,1.023,11.432,106.685,101.874,104.243,10.147,104.527,1.137,10.518,109.612,101.436,98.233,10.016,97.211
4,257.538,1.092,1.034,94.289,11.163,94.591,0.983,97.858,1.077,1.028,98.795,10.584,110.899,1.106,101.651
2,257.833,1.052,11.206,97.44,98.61,109.962,10.095,110.39,1.152,10.224,102.033,94.584,113.471,11.463,99.814
3,258.097,108.198,10.147,101.174,98.999,0.986,113.043,110.414,99.841,10.303,109.779,108.645,1.013,115.642,118.398
3,258.21,109.249,11.151,101.172,112.651,0.965,114.68,101.717,106.01,9.711,115.088,97.599,0.991,113.686,110.331
3,258.627,99.826,11.161,115.059,99.298,1.062,115.059,104.78,95.692,10.299,109.382,106.106,1.056,107.345,116.918
4,258.922,1.004,1.017,100.537,10.425,108.336,1.013,109.903,1.066,1.092,99.238,10.961,101.846,1.055,111.412
1,258.962,1.012,10.353,10.062,0.969,10.875,0.95,10.1,0.969,10.554,9.921,1.042,10.218,1.024,9.573
4,259.125,0.98,1.096,99.952,11.249,106.295,1.036,97.621,0.986,1.015,95.833,11.498,93.357,1.077,112.836
4,259.211,0.98,1.058,105.833,11.575,101.417,1.022,96.419,1.106,1.099,96.61,9.977,103.731,1.095,105.159
1,259.36,0.96,10.672,10.526,1.048,10.108,1.015,11.049,1.1,10.808,10.854,1.043,10.352,1.079,10.64
4,259.471,1.072,1.041,108.095,11.428,93.421,1.027,102.151,1.096,1.039,97.13,10.522,96.076,1.118,101.37
3,259.84,104.733,10.993,99.152,109.321,1.01,108.077,107.597,101.172,10.719,103.243,106.563,0.98,102.98,106.544
2,259.917,0.986,11.292,95.438,101.946,97.73,9.991,107.699,1.101,10.264,111.606,96.435,106.702,11.324,106.727
1,260.035,1.056,10.833,9.743,0.95,9.915,0.999,9.465,0.979,9.607,9.806,1.023,9.449,1.094,9.722
3,260.285,99.946,10.509,112.305,106.845,0.995,110.114,103.516,98.479,10.408,100.986,99.442,0.972,108.998,104.892
3,261.311,105.305,10.93,113.338,103.912,0.926,108.495,103.288,105.413,11.036,114.422,106.917,0.922,110.054,109.705
3,261.405,110.865,10.696,103.197,103.205,0.982,107.275,106.323,98.326,10.658,116.449,110.207,1.052,106.937,117.717
2,261.92,1.052,11.038,100.97,100.304,97.836,11.092,112.729,1.021,11.391,98.649,105.481,104.463,10.062,96.587
3,261.997,106.465,9.563,99.509,105.996,0.945,115.388,118.318,106.763,10.428,109.987,98.913,0.998,108.348,104.794
2,262.156,1.032,11.219,110.346,107.274,107.828,10.487,96.923,1.096,11.054,95.988,97.896,108.332,10.362,98.401
4,262.499,0.99,0.97,98.694,11.23,109.854,0.994,97.792,1.017,1.087,96.017,11.304,100.054,1.05,99.259
1,262.609,0.964,10.81,10.395,1.068,10.094,1.018,9.957,1.129,9.374,10.437,0.95,10.255,1.026,10.668
1,262.736,1.051,10.567,10.961,1.051,9.826,1.045,9.406,1.035,9.767,10.815,0.968,10.07,1.107,9.669
1,262.799,1.126,10.004,10.77,0.997,9.365,1.029,9.686,1.072,10.558,9.336,1.066,9.439,1.12,11.135
4,262.983,1.048,1.059,94.384,11.727,108.067,1.098,103.357,1.111,1.002,93.604,11.411,96.249,0.96,102.259
2,263.227,1.072,10.38,107.642,102.949,109.126,10.486,111.652,1.149,11.37,107.893,108.809,108.503,10.314,111.814
2,263.603,1.157,10.51,112.666,100.359,108.044,11.197,102.136,1.033,10.318,103.316,108.687,108.599,10.031,99.604
4,263.971,0.998,1.111,96.023,11.408,97.994,1.122,100.055,1.072,1.082,103.051,10.826,104.76,1.03,110.463
1,264.481,1.063,10.327,10.224,1.019,10.47,0.952,10.298,0.991,10.677,10.703,1.071,10.773,0.966,11.071
4,264.631,1.068,0.971,94.409,11.022,103.599,1.01,102.817,1.113,1.04,104.479,10.937,101.285,0.97,111.623
4,264.85,1.091,0.981,104.527,10.826,107.797,1.075,105.053,1.066,1.024,98.471,11.066,100.046,1.107,112.679
3,264.889,108.976,9.623,115.889,96.776,1.088,108.544,106.69,103.256,9.876,100.404,99.774,1.053,108.497,101.677
2,265.08,1.072,11.605,109.536,99.221,97.82,10.611,105.365,1.037,10.802,108.26,104.977,96.6,10.82,104.251
3,265.571,106.101,10.893,116.931,114.107,1.044,107.995,112.333,105.47,10.711,101.045,109.307,1.065,105.592,102.997
4,265.604,1.09,1.017,102.604,11.42,99.097,1.104,100.131,1.098,1.041,105.508,11.341,109.854,1.118,105.559
4,265.741,1.097,1.115,92.389,11.518,96.86,1.092,109.123,1.027,1.092,104.022,10.998,98.697,1.101,111.942
4,266.103,1.13,1.0,99.783,10.087,109.467,1.004,110.522,1.033,1.03,93.49,11.368,93.722,1.097,99.252
4,266.249,1.085,1.022,93.335,10.621,105.437,0.957,100.091,0.975,0.975,92.48,11.032,98.554,1.04,109.88
3,266.721,94.648,10.198,114.984,112.816,1.076,109.043,104.41,95.316,10.472,103.354,104.764,0.948,109.938,102.245
4,266.931,1.05,0.996,101.344,11.804,96.733,1.014,109.13,1.018,1.062,96.162,11.662,99.421,1.036,99.339
4,267.399,1.15,1.099,103.517,10.563,103.593,1.076,105.719,1.037,0.963,97.704,11.782,96.149,1.083,106.939
3,267.665,100.898,10.39,102.783,97.122,1.006,116.107,110.09,93.844,10.249,103.695,108.645,1.041,110.192,105.338
4,267.932,1.077,1.092,107.592,10.346,103.837,1.042,103.283,0.983,1.061,93.003,10.522,107.391,1.037,111.253
2,268.09,1.112,11.575,99.204,94.361,100.503,9.775,108.878,1.036,11.594,108.893,101.362,100.471,10.037,102.018
4,268.384,1.041,0.965,103.71,11.225,94.759,1.044,112.622,0.973,1.051,95.289,11.793,94.328,1.057,103.274
1,268.487,1.068,9.391,9.518,1.024,9.463,1.061,10.775,1.098,10.575,9.475,0.968,9.371,0.953,10.38
3,268.627,96.356,10.827,110.769,104.03,1.011,106.067,112.137,104.782,10.963,99.252,100.955,1.005,113.506,112.16
3,268.678,99.317,10.732,116.242,104.347,0.981,112.099,113.679,100.753,10.852,116.99,100.183,1.044,117.03,102.707
1,268.945,0.956,10.533,10.519,0.994,9.407,0.962,9.968,0.957,9.463,9.913,1.07,10.785,0.975,10.133
4,270.997,1.011,1.139,98.672,11.297,95.82,0.98,96.141,1.127,1.087,107.391,10.952,98.227,1.03,101.355
2,271.408,1.012,11.198,102.371,105.142,98.223,9.938,107.822,1.0,11.443,109.77,96.204,96.8,10.615,102.787
3,272.596,100.115,10.658,111.04,104.608,0.988,111.912,112.065,104.292,9.446,99.509,98.777,1.087,106.37,112.259
3,272.883,96.973,11.023,110.843,102.335,0.923,117.204,117.058,110.321,9.667,106.185,107.763,0.975,106.13,100.865
4,273.011,1.005,1.029,105.741,10.604,94.892,1.1,111.614,1.111,1.005,108.308,11.269,106.658,1.054,98.488
1,273.949,1.01,10.679,9.348,1.041,10.724,1.092,11.129,1.129,9.912,9.789,1.088,9.753,1.065,9.568
3,274.136,104.301,10.82,115.343,112.623,0.97,103.548,109.443,100.958,9.875,115.539,111.126,0.99,108.332,118.059
2,276.537,1.033,11.485,95.668,96.756,99.42,11.162,98.435,1.04,10.678,109.532,102.791,103.614,10.709,107.91
3,276.703,99.979,10.175,108.042,112.706,1.048,113.128,108.948,102.544,10.68,113.773,97.599,0.977,102.418,112.668
2,276.867,1.074,11.127,106.367,94.054,97.178,10.55,107.068,1.112,9.963,106.787,93.776,103.483,10.554,104.041
4,277.429,1.078,1.107,102.637,11.411,95.417,1.019,99.822,1.068,1.002,102.653,11.304,99.986,1.096,96.573
2,277.753,1.077,10.862,103.483,95.233,110.338,10.6,107.757,1.113,10.74,99.528,106.15,107.538,10.527,101.388
4,277.784,1.153,1.008,99.431,11.727,98.523,0.959,106.737,1.05,1.021,96.141,10.434,95.854,1.122,112.356
2,277.789,1.051,10.851,101.975,100.465,104.835,10.79,110.546,1.133,10.08,106.685,107.881,99.51,10.257,110.072
3,278.101,99.394,9.462,117.297,104.887,1.038,101.859,114.636,109.565,9.82,106.294,106.563,0.963,114.376,118.122
1,278.125,0.966,10.321,9.991,1.041,9.448,0.981,11.061,0.999,9.417,10.179,1.034,9.611,1.102,10.948
4,278.459,1.02,0.994,107.252,11.705,109.006,1.027,97.621,1.121,1.102,93.62,10.186,96.132,1.107,99.435
2,279.067,1.1,10.253,111.281,109.136,113.056,10.774,99.195,1.053,9.876,100.602,104.997,112.211,10.271,97.21
4,279.238,1.003,1.067,106.142,10.76,93.647,1.076,111.075,1.155,0.969,103.97,10.846,95.478,0.964,101.511
1,279.251,0.986,10.87,9.548,1.069,10.292,0.957,10.574,1.083,10.807,9.586,1.083,9.799,1.095,10.045
4,279.653,1.087,1.11,96.838,11.735,104.385,0.969,96.007,1.017,1.123,99.431,11.143,96.79,1.071,109.415
4,280.032,1.153,1.109,101.987,11.508,104.515,0.981,110.264,1.075,1.109,98.733,9.947,101.993,1.037,104.636
2,281.235,1.077,11.029,104.608,98.132,107.538,10.567,95.382,1.075,11.518,106.685,93.985,97.231,10.012,105.421
2,282.758,1.156,10.273,106.189,109.684,96.234,10.455,100.005,1.049,11.441,99.277,100.131,113.166,11.321,95.356
2,283.099,1.121,10.902,100.834,100.706,101.952,10.445,107.841,0.988,10.09,100.222,109.928,102.042,9.997,100.472
1,283.215,1.094,10.679,10.429,1.015,9.547,0.967,9.434,1.031,10.553,10.936,0.986,10.462,1.051,9.37
4,283.943,1.113,1.041,100.467,10.214,108.847,1.114,105.313,0.988,1.003,93.306,10.242,101.131,0.987,104.637
3,284.429,104.212,11.063,114.412,111.274,1.005,105.652,100.373,109.448,10.097,104.447,106.868,1.001,106.06,108.887
1,284.889,1.09,10.546,10.437,1.013,10.798,0.997,10.431,0.988,10.896,9.328,0.965,10.226,1.046,9.93
4,285.134,1.05,1.021,95.959,10.146,101.885,0.966,103.188,1.086,1.107,102.084,10.876,98.113,1.029,109.054
3,285.134,100.392,10.93,114.729,99.409,0.98,103.459,117.152,95.099,10.819,113.758,110.417,0.952,107.377,107.259
3,285.395,95.117,10.963,111.371,98.809,1.079,105.363,114.843,102.578,9.671,99.372,102.883,0.976,117.76,115.589
1,285.573,1.047,10.107,9.643,1.049,9.229,1.111,9.796,1.078,10.88,11.081,0.953,9.339,1.072,9.913
4,285.593,1.147,1.015,100.355,11.162,105.19,0.966,106.554,0.983,1.117,94.987,10.009,107.546,0.989,112.381
1,286.12,1.123,10.912,9.374,0.975,9.547,1.031,10.986,1.078,9.482,9.699,0.926,10.496,1.098,9.529
3,286.395,99.481,9.697,104.392,109.992,1.052,105.501,112.044,93.99,11.166,99.416,108.684,0.948,113.697,110.649
4,286.519,1.149,1.022,96.835,11.271,96.059,1.029,96.697,1.107,1.124,103.517,11.059,96.695,1.021,108.904
2,286.557,1.133,10.374,100.08,96.833,99.597,10.196,105.862,1.072,10.305,96.934,100.709,104.402,10.436,99.454
2,287.094,1.036,10.039,111.013,105.129,105.833,10.611,104.944,1.083,10.799,109.119,102.407,96.17,10.324,101.621
4,287.165,1.035,1.021,99.952,10.042,99.57,0.962,98.326,1.066,1.129,100.374,10.789,93.925,1.102,111.188
2,287.364,1.14,10.595,111.8,110.585,106.621,10.811,100.611,1.08,10.812,111.517,104.977,100.718,10.284,109.085
4,287.455,1.088,1.022,102.716,11.5,107.203,1.102,110.361,1.038,1.071,106.134,10.122,95.515,1.051,104.369
2,287.808,1.108,10.013,96.995,104.479,100.439,10.392,108.447,1.088,10.002,108.213,108.359,99.222,9.821,108.844
1,288.305,1.055,9.79,10.793,1.002,10.66,0.993,10.842,0.971,10.818,9.802,0.992,10.039,1.04,9.788
1,288.38,1.037,10.465,9.594,0.934,10.955,0.948,9.422,0.985,11.039,9.535,0.971,9.418,0.996,11.123
3,288.633,110.865,9.918,116.56,106.343,0.978,116.897,114.495,110.774,10.84,115.805,113.188,0.937,112.839,100.398
3,288.652,108.182,10.472,100.314,101.129,0.938,101.202,103.905,108.057,10.062,117.217,109.701,1.065,108.437,113.167
3,288.916,97.209,10.509,115.494,105.498,0.957,117.921,103.515,94.762,9.497,108.199,112.252,0.974,113.66,100.438
1,288.985,1.057,10.164,10.595,1.012,10.451,0.948,9.388,1.116,9.474,9.905,1.082,10.248,1.027,11.106
2,289.156,1.161,10.608,105.539,97.722,105.826,11.406,108.877,1.131,10.198,110.379,103.622,107.998,10.492,96.864
4,289.275,1.008,1.008,97.393,11.189,110.711,1.124,96.968,1.087,1.08,93.199,11.478,94.591,0.99,109.44
2,289.496,1.031,10.266,96.6,101.512,105.42,10.815,101.729,0.995,11.064,112.372,101.32,111.325,9.88,112.541
1,290.165,0.956,10.963,9.415,0.973,10.68,1.07,10.972,1.107,10.181,9.999,1.058,9.737,1.039,10.955
1,291.097,0.998,9.707,10.656,1.064,9.25,1.015,10.339,1.128,10.32,9.712,1.017,10.383,1.045,10.574
1,291.285,1.095,9.88,9.402,0.942,9.9,1.096,10.126,1.069,10.992,10.556,0.926,9.933,0.977,10.161
3,291.389,108.309,10.572,108.999,101.343,0.921,104.47,117.849,106.581,10.957,111.567,96.324,0.943,108.348,114.228
1,291.825,0.967,9.479,10.107,1.093,10.529,0.982,10.567,1.125,10.988,10.062,1.0,10.237,0.956,9.722
1,291.959,0.957,10.162,10.942,0.982,10.177,0.984,9.926,1.09,9.522,10.169,1.034,10.083,0.986,9.756
4,292.27,1.13,0.96,92.64,11.302,95.042,0.994,108.392,1.119,1.009,98.46,10.689,103.929,1.026,100.124
4,292.406,1.126,0.989,102.15,10.527,107.882,0.981,106.88,1.108,0.975,103.105,11.425,93.51,1.033,106.586
1,292.794,1.113,9.85,9.393,0.984,9.753,1.095,9.761,1.086,10.593,9.439,1.078,10.83,0.944,9.576
3,293.716,108.505,10.461,111.892,112.261,0.976,102.969,107.177,105.84,9.869,112.17,110.607,1.011,106.725,101.608
1,293.882,1.109,9.769,10.076,1.078,10.234,1.082,10.939,1.061,11.003,10.118,0.927,10.387,1.098,9.974
3,294.342,94.329,10.371,112.305,107.253,1.084,108.606,101.174,98.517,10.798,112.931,100.326,0.948,111.307,107.382
1,295.726,1.036,9.66,9.954,0.969,9.614,1.094,10.12,1.068,9.525,10.908,1.004,10.947,1.027,9.498
1,296.249,1.134,10.475,9.935,0.973,9.818,1.091,9.715,1.052,11.023,10.708,1.066,10.427,1.059,9.974
4,296.465,1.078,1.068,107.079,11.592,100.235,0.997,102.462,1.148,0.983,101.01,11.659,101.885,1.114,110.696
1,296.489,1.025,9.708,11.048,1.079,10.637,1.085,9.511,1.124,10.95,9.905,0.926,9.421,0.957,9.366
1,297.115,1.031,9.437,9.56,1.008,9.424,1.078,9.917,1.038,10.348,10.87,0.949,9.691,1.102,10.737
2,297.231,1.089,10.723,110.205,110.224,113.981,10.022,105.044,1.087,10.467,101.763,94.385,99.857,9.876,95.71
2,297.906,0.985,11.37,109.997,110.224,113.861,10.401,104.668,1.007,11.632,104.206,93.596,108.561,11.097,110.675
3,298.061,106.633,10.607,99.74,107.343,0.95,112.175,117.367,104.145,9.679,117.004,101.198,0.986,102.623,104.717
4,298.294,1.15,1.02,103.209,10.988,100.718,0.96,108.451,0.984,1.125,97.492,10.338,100.409,1.093,96.033
2,298.756,1.049,11.122,104.903,103.248,112.654,9.811,95.84,0.993,10.693,102.151,109.323,98.575,10.882,103.318
1,299.47,1.125,9.616,10.051,1.057,9.952,1.068,10.935,1.118,10.309,9.653,1.058,10.104,1.004,10.532
1,299.616,1.087,10.299,10.952,1.045,10.207,0.945,10.161,1.07,10.642,9.935,0.937,10.774,1.072,10.174
3,300.449,103.744,10.943,112.305,112.163,0.945,105.139,101.295,109.153,9.533,114.907,105.698,0.926,110.576,104.8
2,300.52,1.061,10.283,96.5,104.854,101.238,10.037,103.466,1.164,10.35,103.269,104.929,99.501,10.629,99.616
4,300.817,0.988,1.136,104.959,11.33,108.185,1.078,100.053,0.979,0.971,94.513,11.034,93.474,1.105,99.022
1,300.825,0.976,10.682,10.408,1.084,10.352,1.017,9.54,1.092,9.678,9.579,0.953,9.688,1.114,9.438
1,300.938,1.087,10.413,9.649,1.052,10.6,1.066,9.796,1.009,10.804,10.724,1.031,10.69,1.107,11.109
1,301.215,1.115,10.432,10.602,1.015,9.733,0.949,9.469,1.031,9.496,9.458,1.043,9.564,1.041,10.532
4,301.365,1.04,1.137,96.257,10.906,99.345,1.012,110.01,1.012,1.017,97.06,11.031,100.718,1.096,97.021
3,301.657,105.305,10.448,115.003,110.633,0.929,114.284,115.383,102.554,9.546,102.253,103.56,1.075,112.582,106.143
1,301.862,1.001,9.881,10.314,0.968,10.864,1.116,10.227,1.134,10.719,10.911,1.012,10.512,0.965,11.031
3,302.586,94.613,9.692,99.469,106.473,0.942,104.919,105.401,94.538,10.492,107.852,107.333,0.949,104.827,107.259
4,303.257,1.096,1.078,95.289,10.708,101.014,1.044,100.266,1.126,1.014,105.102,10.989,96.79,1.074,100.03
4,303.741,1.055,1.036,95.351,11.737,97.378,1.093,109.433,1.049,0.961,96.838,10.263,93.363,1.042,106.833
2,304.169,1.073,10.883,94.789,95.309,96.297,9.71,101.978,1.052,11.409,111.651,107.847,99.215,10.995,106.341
2,304.206,1.103,9.845,97.44,106.008,104.462,11.499,99.993,1.075,10.384,97.282,106.389,101.591,11.242,107.485
4,304.538,1.041,1.12,107.252,10.829,101.414,1.119,101.68,1.055,1.11,99.335,11.5,103.352,1.095,104.746
2,304.559,1.042,10.871,106.773,110.249,113.839,9.801,111.318,1.077,10.723,99.038,104.97,96.354,9.953,96.402
1,304.694,1.073,9.708,10.438,0.976,9.751,0.944,10.488,1.098,11.042,9.652,1.04,10.452,1.12,11.022
1,304.787,1.025,10.918,9.576,1.046,9.384,0.957,10.604,0.999,9.847,10.675,0.945,9.95,1.053,10.007
1,305.022,0.989,10.602,9.878,1.002,10.628,1.088,10.49,0.979,9.47,9.461,1.03,9.628,1.116,10.619
1,305.315,1.037,11.055,9.34,1.038,10.789,1.114,11.031,1.098,10.424,9.901,1.061,10.498,1.054,10.829
3,305.572,107.077,10.59,99.74,111.156,1.081,115.734,114.5,102.44,10.675,106.294,100.869,0.935,115.159,106.012
2,305.653,1.103,9.854,103.532,98.64,106.789,10.668,101.388,1.105,11.543,95.869,97.194,109.02,10.351,100.26
2,305.884,1.035,10.893,102.247,101.49,104.36,11.289,104.291,1.106,11.04,97.495,98.604,110.163,11.402,97.108
4,306.428,1.082,1.051,103.813,10.399,96.867,1.1,112.603,1.073,1.042,94.642,10.342,99.551,1.05,98.732
2,306.461,1.137,10.666,102.247,99.476,107.236,10.099,102.343,1.021,10.504,101.612,104.97,109.335,10.198,104.198
1,306.689,1.087,10.155,9.91,0.936,10.904,0.946,11.128,1.04,9.713,10.944,0.966,10.47,1.038,10.163
3,306.794,99.805,10.89,101.433,113.557,0.937,110.714,102.773,97.787,9.455,110.774,104.585,1.028,105.002,106.846
2,307.495,1.123,10.545,105.898,106.252,107.403,10.219,112.675,1.018,10.885,102.286,108.358,100.349,11.248,109.787
4,307.665,1.126,1.122,107.179,11.743,97.727,0.98,104.911,1.025,1.134,102.453,10.945,96.498,1.124,111.19
2,308.179,1.094,11.175,106.227,100.643,113.403,11.414,105.749,1.141,11.45,110.522,107.17,103.483,10.137,103.636
1,308.904,1.014,11.053,10.369,0.997,10.365,1.023,10.601,0.964,10.241,10.814,0.947,9.277,1.009,11.099
4,309.338,1.059,0.987,104.281,11.308,108.245,1.028,106.847,1.047,1.015,106.528,10.758,98.907,1.114,108.747
1,309.381,1.107,10.817,11.018,1.041,9.384,1.077,10.173,1.129,10.306,10.197,1.046,10.108,1.105,10.058
1,309.654,1.049,9.437,10.006,0.977,10.07,1.088,9.602,1.032,10.397,10.948,0.963,10.77,0.957,9.436
2,310.754,1.072,11.471,99.769,93.864,99.857,10.566,112.541,1.101,10.149,97.632,96.982,98.924,11.156,105.227
4,311.701,1.048,1.007,102.637,10.634,106.113,1.007,108.634,1.061,0.966,98.569,11.125,108.547,1.058,103.024
4,312.29,1.117,1.11,105.886,10.124,94.007,1.114,110.754,1.113,1.027,95.011,10.259,102.362,1.077,110.068
2,312.36,1.082,10.737,95.988,108.358,104.36,11.115,99.776,0.994,10.694,99.119,110.107,110.744,11.53,104.22
2,312.52,1.141,10.613,107.81,106.763,97.542,11.233,103.527,1.1,11.477,94.869,109.397,104.243,9.997,107.866
3,312.975,100.879,9.834,99.656,110.417,0.974,106.371,100.987,100.44,10.105,114.371,102.299,1.088,115.015,110.116
1,313.024,1.034,10.421,9.536,0.949,10.775,0.957,9.918,1.022,9.684,10.666,0.979,9.684,1.101,10.473
4,313.441,1.091,1.114,97.545,10.443,110.138,1.109,113.705,0.988,0.987,104.085,11.678,99.811,1.015,104.939
1,313.466,1.09,10.66,9.494,0.973,10.47,1.111,11.021,1.037,9.462,9.977,0.943,9.225,0.969,10.914
2,314.492,1.015,10.121,111.31,109.825,107.209,10.534,104.666,1.041,10.355,98.527,95.831,107.54,10.508,111.9
3,314.725,104.532,10.693,111.295,114.072,1.003,115.083,107.833,107.4,10.852,104.359,114.072,1.049,101.603,108.409
3,314.888,101.628,9.983,110.272,97.465,1.056,103.836,116.487,110.647,9.558,116.057,106.96,0.96,118.702,112.808
1,314.89,1.023,10.046,10.584,1.008,10.164,0.974,10.712,0.996,9.723,10.724,0.962,9.654,1.12,10.669
1,315.031,1.075,10.786,10.055,1.038,9.614,1.032,10.25,1.099,10.423,10.047,0.993,9.958,1.011,10.683
2,315.353,1.054,10.062,106.542,104.621,112.556,9.716,101.042,1.1,10.064,106.929,95.921,105.119,10.753,107.331
1,315.582,1.034,9.704,11.093,1.066,9.249,0.971,9.621,0.965,10.87,9.798,1.0,9.631,0.961,9.413
3,316.075,107.458,9.94,100.831,109.638,0.957,116.626,100.613,101.948,9.415,101.054,98.777,1.076,102.643,116.649
2,316.429,1.005,10.694,96.76,99.939,108.772,9.906,99.841,1.005,10.621,100.346,99.511,110.313,9.771,97.135
1,316.723,1.09,10.754,10.94,1.046,10.389,1.084,9.62,1.04,9.75,9.937,1.083,10.045,1.022,9.394
3,316.995,105.628,9.878,111.892,112.805,0.953,116.657,118.983,104.242,10.22,105.014,111.872,0.969,106.137,112.027
1,317.018,1.002,10.699,9.579,0.95,10.164,1.113,9.591,0.976,10.077,9.908,0.958,10.255,1.052,10.875
3,317.335,100.885,10.445,107.167,97.546,1.002,118.599,118.532,110.307,10.85,111.279,111.721,0.985,109.22,112.84
3,318.609,103.162,11.038,99.656,104.416,0.931,106.006,110.067,95.759,9.65,100.602,100.449,1.061,115.81,105.286
2,319.004,1.067,9.972,111.375,98.12,96.657,10.572,107.597,1.121,9.878,107.81,107.287,101.129,11.284,95.814
4,319.158,1.013,1.122,105.987,10.896,110.031,1.075,106.452,1.148,1.02,100.076,11.14,98.29,1.028,102.284
1,319.518,1.135,10.482,9.901,0.974,9.347,0.983,9.538,1.072,9.681,10.133,1.071,10.562,1.052,9.539
4,319.672,0.977,1.035,92.951,10.141,99.206,0.993,99.07,1.03,1.033,92.116,11.204,93.762,1.038,100.586
3,319.719,101.172,10.994,107.701,110.768,0.967,115.998,109.455,105.063,11.006,117.042,103.809,0.948,116.719,107.998
3,319.923,107.012,10.688,114.348,107.636,1.049,114.542,110.225,104.479,10.459,100.277,103.783,1.054,111.595,111.415
1,320.852,1.125,10.861,9.786,1.057,10.529,1.022,10.372,1.119,9.682,11.044,1.012,10.585,0.96,9.374
4,321.088,1.061,0.967,93.752,11.507,94.128,1.099,113.436,1.145,0.963,95.302,10.515,95.813,1.038,102.434
2,321.192,1.147,9.966,97.254,108.22,96.633,11.341,102.692,1.075,10.276,102.171,101.212,103.376,10.396,95.002
1,321.595,1.133,11.071,10.209,1.047,9.912,1.066,9.389,1.067,9.798,9.335,1.091,9.971,0.999,9.754
4,321.651,1.102,1.111,106.79,11.228,103.918,0.971,109.054,1.107,0.959,108.683,10.936,105.58,1.098,112.776
1,321.802,1.027,10.957,9.65,1.019,9.406,1.112,10.286,0.995,9.798,10.257,1.032,10.547,0.96,10.314
2,321.981,0.988,9.862,104.723,103.909,98.178,11.342,94.776,1.137,10.859,104.278,97.288,108.801,11.363,100.611
3,322.179,105.503,9.663,109.989,111.432,0.978,110.257,114.419,99.804,10.696,100.819,102.937,1.037,106.377,114.773
3,323.007,106.633,9.902,117.332,109.277,1.001,117.845,102.115,96.761,9.933,106.156,106.171,1.06,114.147,105.313
4,323.398,0.986,1.102,103.995,10.929,101.285,1.016,106.776,1.043,0.965,102.291,11.569,101.694,1.058,98.325
2,323.43,1.006,10.387,104.795,93.767,108.023,10.623,106.431,1.112,10.427,106.409,99.243,109.208,10.436,106.909
2,323.664,1.142,11.25,109.536,105.764,110.607,10.041,97.254,1.0,10.566,103.756,97.576,103.448,9.888,107.146
1,324.267,1.044,9.717,9.856,1.014,9.571,1.036,10.827,1.059,10.232,10.428,1.081,10.344,1.04,10.332
1,324.333,0.98,10.447,9.712,1.07,9.212,1.069,9.848,0.989,10.188,10.56,1.056,9.821,1.042,9.583
4,324.527,1.151,1.12,101.048,11.676,94.759,0.974,102.033,1.092,1.052,99.783,10.734,106.634,0.972,104.675
1,325.369,1.127,9.987,10.253,1.014,10.561,0.954,9.63,1.023,9.563,9.977,1.052,10.481,1.002,10.25
3,325.511,110.774,10.183,105.713,97.652,1.063,106.818,113.508,94.557,9.764,101.969,104.265,0.956,112.297,112.926
1,325.72,1.028,10.465,9.975,0.938,10.103,1.013,10.165,0.986,10.48,9.334,0.935,10.041,1.028,10.118
1,325.838,1.052,10.197,10.553,1.073,10.16,1.0,9.461,1.008,10.097,9.884,0.955,10.17,1.068,10.007
4,326.761,1.142,1.081,100.583,10.039,94.793,1.074,111.188,1.128,0.991,105.304,11.105,104.591,1.089,95.938
4,326.82,1.083,1.071,100.308,11.737,100.718,1.029,100.037,1.003,1.134,108.667,10.01,109.054,1.1,99.07
4,327.034,1.134,1.12,107.185,11.143,100.066,1.046,112.44,1.09,0.995,102.228,10.094,105.12,1.029,108.839
3,327.09,99.626,9.755,105.989,109.045,1.014,114.658,103.692,101.692,9.911,108.199,105.158,0.932,113.39,107.235
1,327.143,0.963,9.817,9.991,0.966,10.514,1.031,9.433,1.028,10.646,10.182,1.085,10.685,1.026,10.847
4,327.148,1.049,1.135,102.413,11.213,99.365,1.069,109.447,0.987,0.989,105.003,10.013,95.82,1.013,96.094
1,327.362,1.132,10.788,10.566,0.974,9.37,1.092,9.518,0.969,9.563,11.034,1.006,10.632,1.055,10.337
2,327.389,1.031,11.531,95.529,108.24,106.283,11.236,109.319,1.012,11.331,102.722,103.124,103.102,11.035,107.395
2,327.407,1.158,10.545,106.787,108.621,98.279,11.334,110.076,1.082,10.529,105.506,99.391,112.025,11.341,95.451
2,328.088,1.006,10.545,103.457,106.735,108.105,10.753,100.345,1.155,10.739,108.095,94.412,106.645,11.082,98.601
1,328.36,0.956,11.109,10.251,0.938,9.556,0.968,10.663,1.024,10.578,9.818,1.037,10.117,0.97,10.406
1,328.429,0.973,9.879,9.981,1.045,9.934,1.088,9.58,0.966,10.697,9.87,1.081,9.556,1.104,10.141
2,328.614,1.126,10.062,96.973,110.306,109.291,10.99,105.762,0.992,11.471,108.926,95.603,109.934,10.439,110.004
2,328.975,0.994,10.329,99.204,101.778,109.062,9.767,95.521,1.063,10.048,100.48,100.176,103.722,9.811,108.093
2,329.37,1.049,11.318,100.101,97.588,109.565,10.669,110.004,1.072,10.665,103.668,101.543,108.084,9.965,105.421
2,329.571,1.075,11.196,96.723,100.123,100.476,10.037,97.415,1.158,9.848,100.176,104.43,101.092,10.693,105.048
3,331.01,99.315,9.745,101.946,101.43,1.04,101.1,107.077,109.138,9.636,104.563,96.66,1.019,107.287,116.58
3,331.088,106.665,9.833,109.354,97.344,1.007,101.822,105.06,100.848,10.677,115.085,112.912,0.947,113.835,116.143
1,331.271,1.066,10.437,10.286,1.042,10.486,1.076,9.945,1.094,10.578,9.905,1.012,10.123,1.011,10.422
2,333.92,1.041,10.72,112.602,110.333,100.091,9.793,108.003,1.038,11.681,100.132,105.349,111.867,9.733,98.508
4,333.994,1.127,1.136,107.801,10.884,98.147,1.094,96.419,1.132,1.014,106.115,11.699,109.054,1.022,100.258
4,334.142,1.07,1.036,105.913,11.044,95.534,1.087,105.822,1.062,1.046,92.603,11.312,98.079,0.949,106.02
4,334.577,1.043,1.005,106.155,11.249,96.688,1.028,103.966,1.092,0.994,92.201,10.681,96.096,1.029,109.799
1,335.8,0.987,10.999,10.908,0.946,10.637,0.976,10.779,0.964,9.588,9.838,1.049,10.073,0.981,10.605
3,336.056,99.559,10.567,111.059,100.312,0.936,112.147,114.068,99.295,10.578,105.205,105.428,1.036,110.315,101.147
2,336.692,1.143,10.748,96.87,96.204,111.581,11.066,109.787,1.0,9.933,99.722,107.001,96.354,10.976,97.811
3,336.987,95.246,9.415,102.922,102.852,0.959,116.303,102.414,102.257,10.648,113.658,103.229,1.007,108.661,104.717
2,337.411,1.034,11.371,101.039,97.984,98.82,11.213,110.44,1.098,10.635,103.468,94.714,103.778,10.76,103.583
1,337.46,0.967,11.075,10.585,1.068,10.112,1.119,11.018,1.126,10.546,10.757,0.951,9.843,0.995,10.643
3,337.627,97.656,9.702,110.384,102.436,0.93,114.23,102.821,106.593,10.565,104.054,105.492,0.94,109.916,100.839
4,337.665,1.132,1.003,97.193,11.717,95.365,1.069,101.969,0.981,0.969,97.193,10.497,108.53,1.053,108.55
3,338.839,95.668,10.319,99.152,106.196,1.001,107.34,117.149,107.156,10.787,102.868,114.073,0.928,112.607,118.412
4,338.868,0.973,0.975,94.962,10.55,103.967,1.117,108.93,1.102,1.118,103.624,9.948,96.361,1.068,102.61
4,339.274,1.121,1.128,94.459,11.006,107.391,1.007,101.651,1.0,1.007,108.254,11.001,109.823,1.032,106.676
4,339.569,1.062,1.109,93.714,11.133,99.421,1.073,110.776,1.072,1.058,96.282,10.004,99.631,1.086,103.024
2,340.223,1.164,11.352,108.872,94.414,105.276,10.391,109.181,1.126,11.37,110.249,98.61,107.088,10.194,99.06
1,340.426,0.967,9.534,10.436,1.073,9.888,0.964,9.616,1.094,10.71,10.796,0.99,9.84,1.044,9.715
3,340.576,109.233,9.704,114.748,104.124,0.986,113.805,117.575,102.198,9.769,102.569,111.372,0.997,108.15,118.537
2,340.605,1.14,10.071,100.389,101.57,96.17,11.053,101.032,1.004,9.864,110.557,104.351,107.838,10.062,111.814
3,341.055,104.831,11.143,102.148,112.536,1.038,106.696,112.675,102.364,10.358,114.225,104.465,1.028,106.564,100.943
2,341.2,1.061,10.742,109.319,94.98,98.337,11.261,94.779,0.988,10.072,104.79,98.168,99.801,9.767,100.034
1,341.25,1.069,10.61,9.863,1.019,10.395,1.006,10.769,1.092,10.718,10.096,0.942,10.498,1.081,10.042
2,341.484,1.038,9.878,106.403,98.027,103.829,10.465,101.531,1.148,11.229,107.127,100.218,109.242,9.899,98.663
1,341.708,0.961,9.411,9.78,1.037,10.209,1.105,9.743,1.108,10.274,9.4,0.949,9.569,0.988,9.84
2,342.284,0.994,11.128,100.48,95.937,112.26,10.206,112.521,1.041,10.529,101.763,110.53,107.838,10.353,98.401
1,342.85,0.982,9.956,10.289,0.973,9.381,0.973,10.381,1.091,10.978,10.907,0.943,9.37,1.016,9.962
3,342.924,104.2,10.062,105.344,100.0,1.0,108.636,116.48,94.47,9.623,111.253,111.674,1.002,108.279,114.688
3,342.936,94.324,9.71,106.855,102.788,1.035,100.911,109.559,108.182,10.943,102.515,108.058,0.961,105.436,116.126
2,342.951,1.009,11.25,98.527,104.552,108.963,10.582,104.85,1.087,11.165,103.457,97.038,105.301,10.756,99.841
2,343.059,1.044,10.509,104.733,93.743,108.549,10.473,109.523,0.984,10.109,107.339,95.309,111.798,9.966,107.098
4,343.085,1.004,0.97,98.556,10.525,98.554,1.022,103.132,1.084,1.047,93.395,10.968,109.65,1.001,106.629
4,343.946,1.101,0.97,101.211,9.947,98.954,0.978,103.975,1.115,1.071,108.018,10.011,94.828,1.117,111.894
4,344.101,1.084,1.09,91.82,10.352,98.508,0.949,111.497,0.983,1.071,97.86,10.287,110.253,1.099,102.683
1,344.247,1.107,9.825,11.028,1.064,9.812,1.008,11.114,1.027,11.111,10.1,0.942,10.937,1.09,10.251
3,344.916,99.759,11.081,102.028,111.848,1.023,102.792,118.801,111.02,9.654,110.532,97.465,0.944,109.663,104.872
3,345.106,107.458,9.613,107.125,106.827,1.008,113.778,109.091,108.183,10.536,116.402,101.266,1.038,116.874,114.068
4,345.511,1.033,1.121,95.899,11.067,109.027,1.056,96.094,1.11,0.962,105.81,11.655,99.312,0.957,107.045
4,345.619,1.016,0.97,92.075,9.963,96.874,1.125,101.859,1.114,1.04,93.002,10.672,107.12,1.118,100.38
3,345.719,109.163,9.788,111.371,110.749,0.966,102.027,103.417,100.516,9.592,116.666,96.042,0.959,104.703,102.756
2,346.041,1.115,11.543,105.667,109.967,102.064,9.782,102.151,1.052,9.956,103.33,105.38,99.563,11.014,100.947
3,346.239,109.423,10.979,114.584,102.147,0.949,106.525,109.272,104.267,10.228,99.252,105.492,0.952,113.589,105.083
4,346.525,1.05,1.1,91.82,10.994,94.927,1.1,106.471,1.044,1.028,94.18,11.09,105.785,0.982,96.716
1,346.591,1.05,11.003,9.677,1.041,9.742,0.96,9.921,1.01,10.588,11.048,1.071,10.209,1.01,10.482
2,347.379,1.012,10.799,98.751,109.19,101.124,9.71,102.945,1.141,10.03,98.259,96.198,106.046,11.349,106.543
4,347.566,1.102,1.054,100.583,11.368,110.455,1.106,102.033,1.124,1.015,107.435,10.764,103.567,0.991,105.844
1,347.584,1.012,10.984,10.273,1.047,10.498,1.025,9.775,1.102,9.876,9.941,0.956,10.862,0.953,10.348
3,348.047,95.214,10.752,100.145,111.812,1.005,109.669,109.251,101.331,10.607,107.156,109.321,1.041,109.025,104.164
1,348.404,0.964,9.681,9.967,1.015,10.459,1.062,9.602,1.03,9.658,9.742,1.024,10.502,0.957,10.844
1,348.775,1.125,10.107,9.354,0.922,10.128,1.057,10.2,0.986,10.447,10.429,1.05,9.644,1.075,10.113
1,348.927,1.046,9.664,9.374,1.084,10.351,1.01,10.75,1.123,9.96,9.661,0.997,10.258,0.95,9.969
2,350.033,1.073,10.154,108.213,101.57,96.12,11.151,107.037,1.148,11.174,100.545,102.831,105.075,10.75,108.348
3,350.68,106.801,10.363,103.456,104.695,1.029,114.244,110.067,109.769,11.09,103.485,107.376,0.943,118.599,107.324
1,350.732,0.976,9.696,10.076,1.03,9.611,1.054,10.64,1.054,9.727,9.461,1.095,10.678,1.084,9.414
3,351.148,97.128,10.515,109.973,108.884,1.008,113.835,109.455,108.554,10.116,100.993,103.624,0.918,111.912,112.116
2,351.219,1.032,9.976,98.674,109.135,98.046,10.877,109.282,1.084,9.841,99.715,106.566,101.66,11.246,96.774
4,351.427,1.023,0.959,97.198,10.269,97.28,1.006,102.483,1.056,1.004,92.536,10.236,104.618,1.048,110.361
3,352.06,99.195,11.09,112.479,104.82,0.977,114.23,112.368,107.161,9.68,114.604,112.377,0.929,101.46,109.101
1,352.819,1.006,10.63,9.536,1.0,9.407,0.96,10.585,0.971,10.841,9.577,1.069,9.736,1.012,10.114
2,353.489,0.99,10.953,95.448,103.913,109.385,10.016,111.341,0.997,11.13,100.132,99.863,98.576,10.568,110.87
1,353.521,1.067,10.977,10.142,1.009,9.964,1.028,10.234,1.133,9.535,10.348,1.063,10.097,0.956,9.617
3,353.721,106.605,10.604,117.318,105.137,0.969,118.072,104.178,97.972,10.879,114.658,98.898,1.052,112.465,118.398
1,353.766,0.993,9.781,10.377,0.931,10.554,1.085,10.771,1.112,11.057,9.461,0.967,10.866,1.005,10.38
1,354.374,1.033,10.179,9.964,1.008,10.86,0.951,9.756,1.002,10.819,10.816,1.069,9.58,1.099,9.894
1,354.684,1.135,10.66,11.007,1.075,10.383,0.944,10.409,1.134,10.685,10.063,1.008,9.611,1.051,9.918
1,354.775,0.991,9.556,10.526,0.935,10.429,0.989,9.846,0.975,9.987,10.014,0.945,10.453,1.106,10.849
2,354.987,1.137,10.554,98.888,108.762,109.542,10.709,95.247,1.134,10.757,108.671,100.823,101.928,11.536,102.098
1,355.253,0.989,9.677,10.701,0.976,10.824,0.989,9.959,1.013,10.028,10.199,1.053,10.102,1.086,10.838
1,355.369,1.034,10.447,10.398,0.949,10.169,0.954,10.633,1.003,9.474,10.624,1.015,10.893,1.083,9.94
1,356.102,1.087,10.374,10.348,1.061,10.33,1.089,9.398,1.076,10.432,9.536,1.001,9.71,0.989,10.133
4,356.671,1.142,0.976,98.665,10.349,108.875,1.005,102.976,0.983,0.969,93.467,10.567,98.062,1.005,101.139
2,356.843,1.077,10.614,111.56,102.955,111.594,10.162,104.581,1.049,10.484,102.593,93.939,99.85,10.97,97.968
3,357.004,110.042,10.202,115.599,99.976,0.953,119.159,106.264,108.803,9.417,113.748,113.278,1.028,110.789,103.611
4,357.104,0.978,1.078,107.117,11.473,95.926,1.059,105.559,1.122,1.055,95.904,11.152,93.776,1.046,103.863
2,357.194,1.018,11.047,97.133,99.014,105.858,10.744,95.028,0.993,10.633,108.805,102.098,102.027,10.297,105.992
4,357.672,1.007,1.071,102.502,11.158,95.064,1.057,96.727,1.095,1.023,102.496,10.471,103.838,0.961,107.036
2,357.862,1.13,10.925,98.821,105.239,104.988,10.601,95.816,0.986,10.269,101.667,103.13,104.493,10.557,112.336
2,358.175,1.093,9.863,102.151,102.972,96.483,10.28,112.336,1.029,10.871,105.259,111.192,106.603,11.119,106.316
1,358.459,0.989,11.095,10.284,0.943,10.557,0.986,10.317,0.986,9.478,9.633,0.985,10.95,1.072,10.44
3,358.536,97.444,10.694,111.785,102.779,1.026,106.42,103.981,100.708,10.684,113.244,101.569,1.053,115.665,103.507
2,358.734,1.041,11.021,107.82,104.782,113.452,10.012,110.429,1.002,10.575,103.923,110.893,112.405,10.318,99.146
2,360.582,1.007,10.355,100.338,94.347,111.73,9.837,95.215,1.024,10.286,103.438,111.08,108.105,11.232,101.531
4,360.758,1.035,0.98,99.893,11.799,107.117,1.062,113.705,1.082,1.043,102.261,10.411,104.353,0.968,110.35
1,361.098,1.009,10.598,9.532,0.922,10.123,0.997,10.591,1.01,10.02,9.6,1.054,9.526,0.997,10.36
3,362.505,99.896,9.492,106.103,112.787,1.007,109.313,107.222,106.266,9.947,109.295,108.861,1.008,118.507,106.911
2,362.604,1.049,11.334,102.069,98.029,111.594,11.13,112.458,1.137,10.881,95.285,105.38,105.301,11.453,108.298
3,362.908,94.067,10.578,115.722,97.2,1.018,105.991,117.924,97.869,11.15,100.18,100.321,0.985,115.998,102.037
3,362.934,111.42,10.091,101.433,98.732,0.94,115.315,104.051,108.389,9.69,103.011,96.189,1.075,115.882,115.501
1,363.252,1.01,9.84,10.711,0.97,9.52,1.019,9.709,1.017,10.95,9.852,1.002,9.621,0.961,9.451
1,363.51,1.048,10.046,9.648,1.092,9.25,1.054,10.195,1.027,10.779,10.224,1.044,10.847,1.084,9.543
1,364.146,1.107,10.786,10.56,1.09,10.742,1.079,10.776,1.021,10.028,10.951,1.038,10.869,0.953,9.405
4,364.839,0.974,0.989,97.844,10.937,94.669,1.028,101.81,1.15,0.964,94.845,11.666,100.472,0.986,110.413
1,365.768,1.024,10.784,10.093,0.949,9.934,1.104,9.603,1.087,9.823,9.336,1.006,10.452,1.107,11.138
2,366.253,1.074,10.427,98.259,94.845,96.291,9.792,105.355,1.137,10.312,103.75,95.937,98.115,10.631,105.399
1,367.483,1.075,10.807,10.193,1.076,10.007,1.055,10.963,1.061,10.497,9.776,0.924,10.094,1.05,10.709
4,368.054,0.98,1.03,107.185,11.453,97.25,0.988,109.447,1.126,0.972,105.811,11.717,103.288,1.056,104.337
2,368.403,1.105,11.66,110.363,94.276,107.538,11.525,102.874,1.127,10.489,101.775,110.224,100.517,11.156,112.638
3,368.532,105.016,10.69,111.39,102.743,1.075,103.953,118.411,99.372,9.878,102.358,99.986,0.99,108.729,107.491
3,368.781,103.105,10.998,110.851,110.813,1.035,110.524,107.107,109.448,9.72,111.338,98.176,0.942,119.353,112.873
4,369.002,1.025,1.128,102.355,11.167,100.578,1.017,112.695,1.031,1.059,99.219,11.001,103.567,1.095,111.502
1,369.61,0.981,10.894,10.691,1.063,10.342,1.031,10.911,1.049,10.33,9.937,1.037,9.338,1.101,10.874
4,369.984,0.979,1.078,95.833,10.617,97.577,1.05,102.61,1.083,1.002,106.75,11.207,101.545,0.98,102.711
2,370.755,1.131,11.416,97.851,98.702,113.056,10.054,100.31,1.066,11.327,99.696,96.204,98.908,11.341,95.255
3,371.025,100.856,10.606,107.232,101.608,1.006,101.241,111.691,101.461,9.515,114.337,111.692,1.0,104.809,111.334
1,371.211,1.004,10.362,10.48,1.064,9.821,1.016,9.725,1.086,9.773,10.414,1.044,9.836,0.982,11.013
1,371.639,1.027,10.555,9.661,1.064,10.427,1.04,10.185,1.108,10.66,10.918,1.022,9.39,0.978,10.431
4,372.001,1.117,1.008,106.766,10.336,98.86,0.982,104.079,1.033,1.045,100.11,11.6,102.58,1.104,95.786
1,372.696,1.061,10.297,9.975,1.009,9.836,1.092,9.421,1.056,10.115,10.691,1.002,10.094,1.051,10.8
3,372.868,111.092,10.606,100.572,107.343,0.974,111.08,115.78,99.485,9.918,103.102,106.835,0.981,108.977,116.816
2,373.539,1.092,10.738,98.392,107.021,100.835,9.878,106.507,1.131,10.038,112.501,108.3,104.561,9.876,110.575
2,373.933,0.993,10.364,105.532,103.428,112.662,9.878,97.916,1.025,10.31,110.17,95.005,99.607,9.803,95.432
2,374.334,0.995,11.312,109.713,94.714,108.893,10.332,98.196,1.026,10.717,97.898,101.986,108.019,10.753,102.136
1,374.349,1.101,10.139,9.981,1.005,9.748,0.973,10.348,1.015,11.05,10.383,1.063,9.587,1.098,10.047
2,374.805,1.107,11.091,105.847,106.002,100.859,10.516,101.729,1.058,10.122,101.377,101.311,101.321,10.233,99.06
4,375.223,1.086,1.092,102.628,10.055,108.779,1.123,106.463,1.019,1.096,100.412,11.266,94.111,1.034,112.957
4,376.214,0.986,1.007,103.489,9.94,96.108,0.986,99.536,1.082,1.074,95.529,10.231,106.231,1.113,104.984
4,376.219,1.115,1.015,105.014,11.46,102.712,1.073,111.059,1.012,1.117,95.587,11.533,109.183,1.106,102.792
3,376.722,101.402,10.61,106.674,110.327,1.05,106.183,109.443,105.125,10.465,116.666,109.992,0.944,119.231,112.368
3,376.813,110.311,10.829,109.831,99.231,0.937,101.081,103.719,100.064,9.679,106.72,113.458,0.997,118.002,109.179
1,376.948,1.098,10.137,10.996,0.989,10.561,0.946,9.709,0.999,10.435,9.861,1.079,10.083,0.988,11.024
2,376.965,0.99,11.231,112.696,96.562,113.67,10.611,106.077,1.049,11.61,101.975,106.28,106.175,10.877,106.429
1,377.298,1.067,10.597,9.967,1.006,10.437,1.101,10.364,1.043,9.479,10.247,1.017,10.395,1.053,9.847
3,377.502,107.496,9.52,109.602,109.535,0.949,108.279,115.917,103.021,10.64,101.493,105.853,1.015,115.625,113.618
4,377.776,1.077,1.059,105.014,10.08,109.682,1.12,103.393,1.123,1.06,96.116,10.011,111.002,0.993,106.07
2,378.049,1.108,11.69,106.787,102.484,110.996,11.323,109.319,1.033,10.898,102.356,110.001,104.501,11.051,105.461
1,378.199,0.972,10.582,9.668,1.061,10.319,1.075,10.966,0.978,9.48,10.131,1.057,10.595,1.104,10.353
1,378.202,1.067,10.404,9.817,1.038,9.34,1.004,10.776,0.964,9.663,10.069,1.022,9.768,1.12,10.661
2,378.306,1.071,9.872,109.119,107.008,101.223,10.48,105.197,1.077,9.976,104.747,94.054,109.627,11.015,104.198
4,378.619,1.035,1.107,99.134,11.479,106.164,1.04,99.629,1.008,1.111,101.543,11.622,94.857,1.034,101.901
4,378.707,0.986,1.021,102.201,10.797,96.076,1.046,95.754,1.154,1.037,96.316,10.499,96.86,0.972,100.357
2,378.823,1.126,10.331,106.597,103.479,98.304,10.874,101.381,1.051,10.245,108.715,98.83,113.166,11.156,95.207
3,378.94,110.994,11.09,101.327,97.157,1.024,104.47,103.269,95.393,9.779,108.108,100.0,1.053,104.438,112.833
4,379.039,1.106,1.098,108.469,10.396,95.976,0.966,102.153,1.011,1.058,107.115,10.503,102.283,0.952,105.533
1,379.183,0.997,10.437,9.548,0.937,10.015,1.059,11.106,0.981,9.379,9.573,0.923,10.747,1.116,9.756
2,379.329,1.062,11.319,112.458,106.905,96.354,10.789,102.1,0.99,10.33,108.85,102.709,99.031,9.982,95.382
1,379.508,1.1,9.628,9.886,1.028,10.187,1.066,10.013,1.079,9.945,10.81,1.038,9.393,1.009,10.934
2,380.069,1.105,11.702,107.217,107.413,112.067,10.109,100.611,1.079,11.264,106.004,96.223,109.291,9.731,102.1
3,380.311,99.761,10.212,112.969,112.385,0.934,110.825,111.415,102.086,9.422,102.783,105.137,0.987,113.622,103.692
1,380.619,1.039,9.612,9.458,1.092,10.917,1.052,10.154,1.117,10.317,9.937,0.951,9.981,0.958,10.549
1,380.721,0.983,10.527,9.546,1.007,9.671,1.116,9.906,1.022,10.846,10.948,1.047,10.37,1.001,10.606
1,380.809,1.034,11.132,10.006,0.929,10.609,1.089,9.822,0.987,10.922,10.161,0.93,10.709,1.12,10.785
3,381.063,106.886,9.465,112.479,113.264,0.999,117.278,103.719,107.658,9.56,113.477,105.996,1.001,114.244,113.14
1,381.098,1.011,10.942,9.678,0.979,10.472,1.077,9.507,1.044,10.108,10.165,1.046,9.826,0.944,10.052
2,381.376,1.047,10.757,103.06,102.664,101.59,10.415,98.687,0.998,11.702,99.7,106.277,106.02,11.265,110.588
3,381.463,107.474,10.378,106.85,104.099,1.038,112.84,117.364,100.278,10.336,111.253,103.593,0.973,115.247,110.925
1,381.622,1.035,10.995,10.12,1.008,10.867,1.004,11.076,1.048,11.132,9.771,1.012,9.595,1.017,9.929
2,382.242,1.063,11.543,102.247,100.304,111.04,10.45,107.757,1.003,11.079,107.117,101.019,104.502,10.535,99.301
1,382.834,0.961,9.815,10.049,0.96,9.238,0.986,10.128,1.019,10.052,10.853,0.991,9.404,1.076,11.122
4,383.462,1.027,1.097,93.231,10.584,102.811,1.058,97.983,1.027,1.022,102.676,11.656,108.847,0.962,104.3
2,383.472,1.035,11.6,108.96,96.508,100.476,10.601,105.992,0.987,10.719,95.648,111.205,97.73,10.84,112.66
3,383.624,100.328,10.622,115.914,96.9,0.952,118.576,110.125,93.896,10.21,111.57,107.915,0.987,116.558,102.112
4,383.764,1.112,1.108,108.262,11.51,101.728,0.978,109.336,1.127,1.003,95.31,11.705,94.616,1.088,99.11
4,383.791,1.046,1.137,104.953,10.457,109.467,1.071,100.998,1.053,1.026,105.756,11.34,98.282,0.976,99.949
3,383.916,97.753,9.423,107.852,106.171,1.077,111.019,102.711,104.405,9.61,100.195,97.181,0.917,112.077,109.233
4,384.058,1.081,0.983,107.592,11.473,101.623,0.983,108.608,1.098,1.091,102.449,10.678,98.708,1.013,112.991
3,384.29,109.419,11.173,103.51,109.316,0.971,116.583,111.397,103.021,10.269,114.92,96.89,0.918,119.353,111.123
3,384.303,101.591,9.937,109.282,97.545,1.061,108.428,114.72,97.829,9.609,102.974,98.176,0.937,114.786,117.368
2,384.676,1.147,9.891,109.46,97.978,106.866,11.525,108.351,1.074,9.982,105.469,105.311,107.905,11.182,112.231
1,386.99,1.008,10.119,10.026,0.922,10.491,1.032,10.095,1.114,10.348,10.963,0.957,9.343,1.098,10.775
2,387.131,1.088,10.893,107.339,101.065,112.019,10.194,102.984,1.015,11.047,106.02,93.776,107.998,10.859,106.341
3,387.26,95.668,10.953,102.003,101.072,1.0,112.607,110.225,102.26,10.426,112.305,106.991,0.924,101.636,114.81
2,387.31,1.129,10.396,103.914,95.698,100.718,9.948,106.622,1.061,10.601,101.039,98.355,110.295,10.219,98.508
3,388.103,111.279,10.585,107.167,107.682,0.932,105.769,105.682,110.413,10.59,109.354,103.409,0.971,106.941,116.796
2,388.193,1.061,10.602,104.723,110.909,103.577,11.006,96.557,1.036,10.212,94.793,99.769,111.385,11.246,104.592
3,388.253,96.468,10.297,109.973,106.991,0.921,118.472,109.162,108.295,10.435,99.372,107.734,1.036,108.874,105.327
2,388.256,1.089,10.43,111.076,109.619,98.115,10.219,109.912,1.046,11.435,96.505,97.668,99.508,10.072,111.031
2,388.675,1.087,10.327,95.686,106.883,97.967,10.197,95.546,1.035,10.33,104.806,110.909,109.901,10.467,99.195
2,388.805,1.151,10.079,101.752,100.359,105.504,10.111,110.855,1.134,11.458,100.945,94.02,109.409,10.537,99.834
2,389.106,1.109,10.959,107.938,102.214,101.806,10.967,101.873,1.147,11.324,97.784,97.203,109.041,10.94,99.154
1,389.865,1.002,9.769,10.725,1.044,10.655,0.998,10.914,0.984,9.507,10.984,1.076,9.399,0.997,10.601
4,389.891,1.016,0.975,92.055,11.059,103.143,1.014,109.655,0.987,1.113,93.026,11.008,106.77,1.118,106.445
2,389.922,1.061,11.456,99.696,98.185,103.267,11.352,97.108,1.066,10.363,95.778,106.338,108.75,10.734,106.248
3,390.407,106.363,9.702,111.542,109.535,0.937,113.819,102.974,101.584,10.726,115.708,103.379,0.962,107.708,103.303
4,390.427,1.05,1.095,102.355,11.001,94.33,1.113,104.053,1.094,1.123,105.002,10.018,95.268,1.054,100.091
3,390.648,97.599,9.76,104.607,102.116,0.969,118.445,116.796,98.542,10.281,116.359,112.498,0.933,116.037,109.272
1,390.898,1.107,10.6,10.272,1.038,10.171,1.039,10.337,1.028,9.863,10.742,0.922,10.91,0.989,10.777
4,391.488,0.998,1.034,95.768,10.201,96.108,0.959,98.754,1.047,1.11,107.391,10.864,96.927,1.06,108.392
4,392.3,1.072,1.111,98.471,10.468,96.69,1.006,112.603,1.146,1.032,105.299,10.958,104.008,0.966,107.331
2,392.355,1.13,10.72,99.118,97.722,109.532,10.804,99.844,1.031,10.533,102.469,100.709,100.471,10.566,97.221
3,392.492,104.459,9.953,109.295,100.456,1.001,117.76,100.926,109.744,10.003,114.371,109.098,1.022,105.139,116.475
3,392.582,110.658,9.56,99.532,98.44,1.067,116.037,113.011,98.513,10.281,100.506,97.787,1.024,105.438,107.107
2,392.722,1.135,10.078,100.373,96.578,112.436,11.494,105.028,1.026,10.047,100.505,96.301,103.267,11.162,98.079
4,394.628,1.014,1.024,107.287,10.169,96.441,1.068,99.48,1.08,1.093,108.582,10.43,93.75,0.96,107.408
4,395.183,1.151,1.048,94.962,10.535,108.885,0.951,108.276,1.102,1.108,97.154,10.109,100.383,0.959,111.623
2,395.209,1.16,11.122,112.679,96.181,96.376,10.719,97.45,1.08,10.977,111.8,103.061,106.148,10.371,108.445
2,395.526,1.096,10.121,109.536,100.284,107.1,9.848,99.437,1.113,10.355,110.931,97.231,102.591,10.703,100.365
1,395.959,1.058,10.51,10.132,0.986,10.722,1.012,10.649,0.974,10.02,9.751,1.069,10.097,0.992,9.377
1,395.993,1.008,10.817,9.374,0.975,9.52,0.959,10.368,1.104,9.794,9.963,1.026,10.298,0.957,9.677
4,396.102,0.984,1.055,98.35,11.731,95.533,0.977,111.842,1.009,0.966,96.32,11.362,109.467,1.05,100.624
2,396.211,1.008,10.131,107.893,105.466,99.043,11.435,104.915,1.02,11.512,101.17,107.816,108.26,10.513,103.557
1,396.391,0.956,10.846,10.904,1.048,10.289,1.097,9.748,0.987,10.078,10.584,1.039,9.893,1.086,10.867
1,396.457,1.037,9.511,10.049,1.014,10.614,1.104,10.973,1.037,9.628,10.408,0.938,9.595,0.989,10.285
1,396.482,1.097,10.651,10.132,1.027,10.615,1.059,11.061,1.118,9.585,9.336,1.002,10.223,1.074,10.431
2,396.58,1.151,10.399,98.936,108.119,102.27,11.299,110.749,0.993,11.064,97.217,105.723,98.752,10.341,101.405
1,397.287,1.054,11.104,10.531,0.925,10.097,1.085,10.829,1.108,9.979,9.465,0.994,10.774,1.009,9.518
1,397.493,1.098,9.404,9.503,1.024,10.869,1.099,11.018,0.991,10.157,9.445,0.985,9.812,1.099,10.559
3,397.606,97.169,9.513,109.788,101.391,0.951,116.31,116.126,108.309,11.151,111.369,98.44,1.042,110.732,108.289
3,398.118,100.44,10.475,101.673,108.308,0.935,116.894,118.461,103.779,10.829,104.895,99.886,0.976,106.901,105.418
3,398.339,98.001,9.557,104.201,97.004,0.959,107.69,117.555,104.405,11.143,103.955,107.611,1.07,104.685,117.629
4,398.369,1.102,1.081,105.893,11.32,107.324,0.993,108.701,1.092,1.05,104.198,10.118,110.394,0.96,108.731
4,398.642,1.155,1.085,97.492,10.66,96.712,0.951,103.363,1.126,1.002,98.815,11.292,104.679,1.116,107.779
3,398.645,100.44,10.851,100.264,107.611,1.068,113.805,118.453,106.118,10.099,102.253,100.11,1.069,118.599,115.835
4,398.722,0.998,1.041,94.052,10.741,110.253,1.078,106.712,1.087,1.09,102.25,10.014,96.874,0.997,105.494
1,399.002,1.09,11.096,9.656,0.954,10.491,1.113,9.455,1.054,9.798,10.271,0.982,10.632,1.088,10.476
3,399.98,109.802,10.448,110.95,111.701,1.062,106.419,115.663,95.323,10.072,116.559,110.691,1.026,106.029,117.368
3,400.165,107.474,10.766,101.054,101.121,1.008,116.558,106.22,102.956,10.402,111.892,112.326,1.075,100.677,119.028
3,400.174,94.762,10.677,117.004,110.308,0.917,112.265,103.907,96.765,10.033,109.339,98.046,0.986,104.483,115.349
3,400.847,108.389,11.098,99.451,96.348,1.054,107.914,104.164,102.979,10.643,105.849,103.167,0.918,101.089,113.904
2,401.308,1.084,10.29,106.787,107.37,102.245,10.413,100.87,1.076,10.271,102.099,96.318,109.727,10.534,98.435
1,401.362,1.01,10.779,10.278,0.963,9.533,1.03,9.983,1.038,10.059,10.986,0.95,9.421,1.024,9.984
1,401.402,1.07,10.825,10.062,0.991,10.347,1.011,9.65,1.129,9.949,9.594,1.044,10.951,1.105,10.708
4,402.545,1.086,1.125,103.041,10.161,95.56,1.081,99.617,1.056,0.996,98.556,11.345,102.744,1.033,100.7
1,402.689,1.043,10.784,10.006,1.053,10.068,0.966,10.023,0.983,11.098,9.999,1.063,10.855,1.069,10.125
3,403.037,103.797,11.162,109.947,112.459,0.923,104.421,110.22,97.787,11.046,102.385,103.008,0.923,114.543,114.488
3,403.199,110.307,10.827,108.68,96.372,0.933,113.678,116.917,100.67,10.799,114.128,96.128,1.054,101.752,111.339
1,403.3,0.981,10.7,9.383,1.008,9.811,1.006,10.663,1.078,10.195,10.257,1.066,10.513,1.059,9.593
1,403.739,1.127,10.538,10.751,0.924,9.788,1.076,9.386,1.026,10.086,10.179,1.034,9.794,0.989,10.009
2,403.893,1.061,11.463,98.936,97.288,101.065,10.588,102.612,1.041,9.989,98.212,108.9,111.763,11.373,108.512
2,404.17,1.079,9.851,104.368,106.393,95.958,11.084,110.981,1.129,10.633,95.869,94.027,102.263,10.291,107.902
3,404.412,107.361,10.565,116.341,105.463,0.924,118.059,112.821,106.633,10.752,114.474,97.81,0.957,106.928,109.54
1,404.427,1.007,9.949,10.047,0.942,10.624,1.075,9.587,1.099,10.782,9.615,0.931,9.519,1.064,11.115
1,404.443,1.034,9.703,10.709,1.012,10.775,0.98,10.368,1.021,10.61,11.067,0.974,9.741,1.053,10.983
2,404.634,0.985,10.912,103.63,108.757,106.603,10.418,101.657,1.052,10.082,99.623,103.475,109.988,10.396,98.771
2,404.73,1.085,9.96,106.852,107.622,102.609,10.563,111.816,1.143,10.779,105.814,103.479,100.922,11.062,100.864
3,404.974,97.103,10.925,105.992,104.269,0.939,101.3,108.156,93.833,9.806,108.88,106.841,1.031,108.033,116.166
3,406.196,99.761,10.256,100.217,104.764,1.075,114.151,101.783,103.15,9.619,111.675,110.298,0.963,114.886,106.679
1,406.4,1.118,10.963,9.806,0.97,9.477,1.089,10.498,1.018,10.491,9.884,0.975,10.196,1.095,10.041
2,406.815,1.112,11.496,111.798,93.767,97.698,10.283,110.054,0.982,11.487,100.48,93.743,110.506,11.355,100.922
1,406.934,1.072,10.759,9.403,0.954,9.214,1.039,10.867,1.134,10.669,9.776,1.022,10.513,1.035,10.233
1,407.381,0.989,11.088,10.302,1.005,10.869,0.96,9.699,1.036,10.786,9.737,1.076,10.371,0.973,9.421
1,407.399,0.984,11.109,9.974,0.975,9.214,1.046,9.793,1.047,10.628,9.607,1.093,10.583,0.999,9.793
2,407.843,1.073,10.51,109.374,104.826,103.857,10.466,107.757,1.061,10.717,104.873,98.562,99.179,10.204,95.195
2,407.938,1.108,11.471,104.274,95.416,103.647,9.849,99.233,0.998,10.435,96.804,99.582,102.608,9.792,110.74
2,408.257,1.077,10.859,104.857,96.789,102.241,10.095,95.546,1.077,9.897,96.315,102.24,110.895,11.422,94.893
1,408.486,1.126,10.319,9.565,0.956,9.955,1.105,10.442,0.975,11.093,10.996,1.069,10.106,1.075,9.919
2,408.616,1.08,10.799,97.091,105.129,96.6,11.513,98.435,1.094,11.413,107.377,109.809,103.88,10.826,111.011
3,408.819,103.457,11.09,110.865,111.848,1.048,102.237,101.113,94.182,11.021,109.737,108.088,1.076,111.669,113.011
2,408.82,1.108,11.616,100.891,106.646,112.022,10.46,97.221,1.161,11.463,102.537,101.065,102.591,10.439,107.91
3,408.895,105.889,11.084,114.664,109.787,1.038,102.568,102.419,98.018,9.745,116.449,107.988,1.084,111.484,100.865
4,409.478,1.021,1.008,102.345,11.614,97.721,1.116,108.519,1.148,1.102,100.537,11.156,97.878,1.073,105.95
3,409.608,106.526,9.957,116.502,104.192,1.054,104.746,106.489,110.885,11.157,113.999,113.404,1.087,103.235,103.09
4,409.846,0.996,0.985,99.847,10.201,96.81,0.961,107.853,0.979,1.107,103.167,11.004,94.702,0.955,100.931
1,410.353,1.004,10.861,9.727,0.933,9.571,1.083,9.754,1.129,10.301,10.085,1.078,9.706,1.069,11.122
4,410.804,1.122,1.043,93.834,11.207,96.627,1.048,96.493,1.048,0.978,94.409,11.622,93.895,1.056,99.949
1,410.926,1.046,10.645,9.483,0.963,10.029,1.053,10.817,1.107,9.833,10.14,1.031,9.809,1.022,9.443
2,411.945,1.072,9.862,108.102,102.098,97.689,11.266,106.061,1.143,10.052,108.423,100.402,106.605,11.246,95.979
1,412.069,1.027,10.63,10.091,1.0,10.164,0.949,9.398,1.113,9.72,10.954,0.996,10.462,1.1,9.401
3,412.131,103.944,10.077,102.515,104.349,1.035,114.399,110.331,106.726,10.351,116.121,113.765,0.936,106.753,113.105
3,412.367,102.504,9.74,106.103,113.548,0.98,103.038,103.348,103.428,10.084,109.051,102.757,0.961,101.548,116.42
4,412.805,1.074,1.087,96.764,10.758,94.118,1.057,110.463,0.988,1.07,95.302,10.664,94.892,1.095,100.665
4,412.854,1.085,1.091,91.913,11.719,94.118,1.095,100.726,0.994,0.97,99.958,11.059,99.551,1.105,109.219
1,412.889,0.981,10.226,9.477,1.078,9.448,1.041,10.329,1.038,9.656,10.486,0.931,10.663,1.011,10.095
3,412.968,94.696,10.535,104.601,97.44,1.028,100.361,107.399,94.236,9.65,109.77,112.05,0.995,102.399,100.943
3,413.062,100.799,9.722,115.51,102.532,0.952,116.209,114.881,101.629,11.036,113.794,101.952,0.981,117.673,118.094
1,413.132,1.04,10.672,10.072,1.038,9.95,1.113,10.774,1.068,11.097,9.884,1.057,10.747,0.974,10.527
3,413.376,101.331,11.097,103.241,108.276,1.018,101.014,117.152,94.726,10.515,109.505,111.721,1.055,111.018,100.567
4,413.428,1.036,1.042,106.437,10.473,104.937,0.959,99.435,1.046,1.12,94.805,11.326,100.588,1.111,97.987
1,413.919,1.009,10.766,10.409,1.027,10.955,0.977,10.301,0.977,9.452,10.084,1.025,10.951,1.046,10.728
4,414.081,1.099,1.008,97.588,11.345,103.943,0.972,111.526,0.997,1.014,101.47,11.3,108.696,1.036,104.337
4,414.286,1.037,0.994,92.734,11.777,100.605,1.09,111.139,1.014,0.972,91.82,9.952,98.275,0.962,102.434
3,414.463,100.882,10.407,113.222,101.078,0.922,112.678,109.163,97.226,10.694,112.981,98.235,0.918,118.445,104.674
2,414.691,1.063,11.298,100.945,96.468,108.893,10.281,102.112,1.015,10.571,102.135,97.807,108.605,10.27,103.318
4,414.858,1.151,1.1,92.996,11.056,106.472,1.08,96.598,1.057,1.039,102.163,10.097,106.454,1.07,105.523
4,415.015,1.109,1.034,102.676,11.124,93.864,1.055,106.629,1.107,0.985,106.908,11.683,102.027,1.012,113.372
1,415.092,1.078,10.222,10.145,1.047,10.758,1.107,10.327,0.964,9.961,10.179,0.927,10.192,1.049,10.98
4,415.102,1.062,1.068,97.746,11.401,96.498,1.007,104.369,0.975,1.02,91.615,11.423,95.202,0.951,108.473
4,415.213,1.039,1.01,106.959,11.297,94.602,0.977,96.022,1.093,1.132,101.543,10.676,100.478,1.046,102.462
1,415.214,1.073,9.387,10.904,0.992,9.643,0.981,10.891,1.037,10.539,9.518,1.044,9.269,1.081,9.82
4,415.431,1.005,1.01,97.844,10.111,107.882,1.01,107.637,1.12,1.089,106.351,11.321,108.424,1.123,99.26
3,415.854,107.631,10.898,105.508,113.123,0.934,110.777,112.329,104.942,10.924,113.793,106.96,1.018,119.015,111.329
4,416.722,1.096,1.093,97.341,11.781,98.548,1.065,102.648,1.138,1.136,108.652,10.055,109.43,1.009,102.871
1,417.26,1.023,10.353,10.277,0.941,9.532,0.982,9.417,1.056,9.723,9.677,0.982,10.482,0.977,10.007
4,417.328,1.09,0.996,97.812,11.453,102.737,1.123,102.259,1.008,1.137,97.086,11.021,110.722,1.039,108.479
1,417.894,0.99,10.52,9.548,1.081,10.898,1.039,9.686,0.971,9.961,9.786,0.986,9.614,1.042,9.404
2,417.934,1.031,10.6,103.085,103.738,109.062,10.986,106.733,1.044,10.52,98.692,96.408,103.746,10.236,98.662
1,417.997,1.075,10.979,10.571,0.969,9.214,1.036,9.959,1.034,9.902,10.678,1.021,10.065,0.953,11.136
1,418.347,1.107,9.999,9.894,0.936,10.898,0.987,10.402,1.069,11.01,10.956,0.993,9.499,1.073,9.394
4,419.505,1.087,1.105,96.05,11.03,100.532,1.115,100.705,1.05,0.969,96.316,11.6,100.195,1.071,112.836
4,420.34,1.049,0.995,93.4,10.923,98.59,1.123,102.983,1.059,1.081,94.602,11.786,95.64,1.096,104.709
1,420.51,1.046,10.299,9.798,0.977,9.468,1.015,10.391,1.025,10.602,9.333,1.014,9.251,1.035,9.755
2,420.681,1.046,9.862,111.136,106.15,112.52,9.99,101.7,1.105,10.824,107.689,110.207,108.028,11.525,106.733
4,421.356,1.122,1.026,96.162,11.507,109.283,1.083,105.533,1.013,0.971,104.264,11.126,103.211,0.995,96.598
3,422.118,97.273,9.933,114.852,101.761,0.966,111.367,117.574,111.373,9.944,116.741,101.793,1.043,114.459,107.14
4,422.705,1.077,1.075,99.159,10.425,105.947,0.982,112.154,1.018,1.005,92.951,10.372,99.692,0.971,96.419
4,423.334,0.995,1.055,99.287,10.101,110.206,1.086,95.893,1.152,1.002,102.778,10.041,96.498,1.013,98.844
4,423.698,1.087,1.112,92.104,10.77,107.795,1.072,99.566,1.057,1.022,103.703,10.499,101.176,0.985,103.46
2,423.923,1.115,10.182,110.461,110.298,110.14,10.362,104.255,1.151,9.917,100.176,101.318,113.452,11.542,98.652
4,424.144,1.084,1.034,100.415,10.927,93.403,0.955,100.809,1.055,1.126,95.904,9.973,104.222,1.056,106.335
2,424.21,1.093,9.877,111.136,110.298,109.075,11.474,110.653,1.104,10.131,108.423,100.061,113.106,11.41,110.072
2,424.575,1.099,11.267,109.744,95.122,107.825,9.811,100.42,1.059,10.224,111.157,96.245,100.594,10.545,96.956
2,424.664,1.059,10.857,101.544,102.664,99.257,10.204,101.244,1.052,10.737,105.486,101.315,99.702,10.924,100.47
2,425.79,1.049,10.931,98.346,105.526,98.233,11.218,107.655,1.14,10.613,95.448,98.355,98.127,10.722,106.727
1,426.258,0.979,9.998,9.577,0.956,10.603,0.976,10.384,1.04,9.697,10.393,0.928,10.677,0.956,11.062
2,426.373,1.14,10.846,107.696,105.799,108.391,10.104,106.248,1.036,11.239,101.439,98.61,113.029,10.989,102.564
4,426.451,1.049,1.002,92.661,10.652,95.881,1.032,110.458,1.041,1.099,108.095,11.471,94.917,1.079,111.79
2,426.548,1.035,10.768,109.955,107.17,103.587,9.787,111.922,1.162,10.169,109.101,109.451,111.451,11.325,108.273
1,427.546,1.012,9.998,9.378,1.053,9.226,0.996,9.445,1.099,9.511,10.641,0.934,9.843,0.968,10.165
4,427.57,1.122,1.081,102.261,11.608,94.435,0.962,110.392,1.126,1.005,107.019,11.373,108.249,1.042,96.264
2,428.1,1.159,10.509,103.985,106.393,99.031,10.219,102.098,1.102,10.807,97.091,95.005,108.885,10.32,99.443
2,428.148,0.997,10.178,104.761,99.391,101.934,10.016,102.427,1.049,10.384,108.012,101.543,107.876,9.952,105.341
4,428.212,1.122,1.009,102.653,10.13,105.232,1.045,112.1,1.084,1.008,92.482,11.304,100.964,1.115,100.862
2,428.383,1.11,10.73,103.117,101.986,105.702,9.787,107.841,1.089,10.821,111.029,110.357,104.394,10.621,98.237
2,428.46,0.988,11.054,100.974,104.444,96.268,9.787,105.498,1.005,10.819,99.368,104.359,99.935,10.33,111.764
3,428.48,104.71,10.158,112.115,105.934,0.955,118.695,109.002,96.336,9.89,99.152,98.549,0.95,102.219,104.344
3,428.917,109.654,10.298,114.748,109.212,1.001,101.603,104.149,107.384,10.905,110.295,111.606,1.085,103.333,114.522
4,429.091,1.127,1.056,92.389,10.848,109.86,1.04,103.2,1.018,0.963,107.661,11.507,108.698,1.086,96.028
4,429.218,1.111,1.097,95.758,11.297,102.744,1.102,106.821,1.021,0.979,94.125,10.044,97.025,1.001,112.017
2,429.529,1.033,11.336,102.711,93.985,106.621,10.957,106.396,0.992,10.372,107.117,101.863,107.876,11.221,109.287
2,430.128,1.157,10.378,103.153,95.685,108.772,10.586,107.506,1.115,11.169,106.227,107.018,105.059,10.958,95.951
1,430.502,1.094,9.775,10.678,0.948,10.181,1.096,10.282,1.014,9.745,9.798,0.932,10.112,0.964,9.879
4,430.769,1.143,1.097,97.868,11.74,95.533,1.031,109.415,0.984,0.967,99.857,11.653,93.382,1.059,102.477
1,431.756,1.038,10.816,10.253,1.073,9.917,0.949,10.454,1.0,10.666,9.658,0.949,9.666,1.105,10.155
1,431.778,1.128,10.804,10.033,1.075,9.539,1.026,10.871,1.034,10.832,10.083,0.948,9.378,1.094,9.802
1,431.93,1.109,10.023,10.101,1.075,9.816,1.082,10.567,1.035,10.278,10.209,0.967,10.881,1.025,10.103
2,431.967,1.003,11.169,100.493,104.169,113.171,10.763,105.234,1.147,10.075,112.18,97.552,107.99,9.809,99.668
4,432.046,1.037,1.041,101.513,11.085,97.019,1.12,109.753,1.017,1.022,96.32,11.46,101.979,0.973,95.889
1,432.469,1.118,10.846,9.548,0.932,10.177,1.028,9.969,1.129,9.958,9.654,1.05,9.358,1.068,11.044
1,432.793,1.097,10.345,10.535,1.095,9.668,1.108,10.266,1.057,10.731,10.986,0.94,9.737,0.954,11.061
2,433.992,1.03,9.878,97.5,103.913,112.717,9.876,100.029,1.095,10.687,110.351,104.358,96.921,11.458,106.909
4,434.089,1.138,1.005,97.663,10.525,110.847,0.952,108.904,1.059,1.01,108.025,11.271,100.214,0.99,96.854
1,434.253,1.125,10.699,10.114,1.004,10.425,1.002,10.626,1.081,10.895,9.402,0.958,9.397,1.032,9.754
4,434.66,1.0,1.003,104.204,11.55,103.352,0.948,112.814,1.049,1.092,108.388,11.108,100.383,1.034,107.968
3,434.664,105.422,10.337,110.009,101.198,1.043,101.766,102.773,108.655,10.292,99.999,96.451,1.061,112.262,113.618
1,434.769,1.028,10.556,9.837,1.051,10.248,1.084,9.583,1.008,10.342,10.103,0.985,10.81,0.991,11.111
2,434.794,1.035,9.939,102.41,96.619,108.517,10.828,105.286,1.052,10.514,100.448,110.909,103.005,9.997,95.109
3,434.862,105.818,10.486,101.147,106.563,0.936,115.662,101.704,95.393,10.696,115.059,103.165,0.976,106.839,106.056
3,434.876,96.014,9.724,115.085,110.173,1.013,112.196,104.428,100.064,9.88,105.928,104.286,1.007,108.567,101.634
2,435.414,1.142,9.989,111.081,111.205,108.176,11.182,95.979,1.095,11.519,111.55,98.073,96.086,10.664,107.261
1,435.908,1.092,10.319,9.636,1.04,9.987,1.013,10.006,0.963,10.353,10.726,0.964,9.391,1.053,9.919
4,436.455,1.08,0.984,103.051,10.837,100.898,0.959,106.335,1.099,1.06,92.116,10.497,105.232,1.101,106.335
1,436.94,1.132,9.793,10.9,0.999,10.778,1.005,9.638,1.109,10.672,10.02,0.984,9.42,1.006,10.013
4,437.358,1.01,1.135,102.291,11.032,98.517,1.045,100.665,1.041,1.049,100.828,10.363,95.064,1.057,110.149
4,437.375,1.095,1.045,99.228,10.214,101.052,0.992,102.336,1.147,1.038,97.545,10.699,104.7,1.03,109.492
3,438.014,108.456,10.197,100.217,107.376,0.975,105.729,108.814,101.848,9.72,103.955,111.356,1.039,118.686,109.038
2,438.136,1.013,10.149,101.84,94.845,109.344,11.341,98.269,1.063,10.704,98.302,107.06,101.679,11.503,97.728
1,438.228,1.134,10.421,10.047,0.921,9.532,1.027,9.958,1.094,10.297,10.683,1.04,9.603,1.108,10.448
2,438.464,1.125,11.508,95.706,93.743,101.773,9.751,112.179,1.154,10.807,100.373,111.027,113.029,10.012,95.78
2,439.277,1.12,9.854,109.532,99.744,111.37,10.937,107.437,0.993,9.977,95.057,101.924,97.396,10.49,109.281
2,440.103,1.056,10.97,107.335,110.874,107.04,9.908,100.132,1.025,11.174,108.12,96.508,109.923,10.173,110.981
2,440.224,1.113,10.518,95.673,98.188,98.329,10.947,96.862,1.127,10.277,95.664,111.027,99.597,11.284,96.877
4,441.049,1.087,1.129,107.242,9.928,100.818,0.954,104.202,1.054,1.126,108.014,10.724,98.491,0.993,103.288
4,441.268,1.156,1.101,105.149,11.139,94.857,1.046,98.507,1.057,0.964,106.732,10.524,95.534,1.059,103.052
1,441.73,0.958,9.721,10.798,0.926,10.77,0.965,10.407,0.994,10.672,10.355,1.031,9.742,0.962,10.552
4,441.91,1.111,1.032,103.677,11.622,95.767,1.033,96.771,1.013,1.128,97.134,10.064,104.209,1.109,105.23
2,442.068,1.044,9.865,106.443,98.132,105.067,9.93,97.536,1.105,11.53,102.356,96.984,106.319,9.73,107.572
3,442.333,107.901,9.555,100.404,111.674,0.995,114.321,107.084,108.356,9.944,114.24,112.834,1.055,109.755,105.236
2,442.603,1.035,11.192,101.975,108.865,112.149,10.947,100.864,1.046,11.021,103.992,107.433,101.537,11.097,98.788
3,442.768,111.448,10.967,106.583,108.147,1.05,110.371,111.272,106.528,10.878,111.04,110.045,1.07,109.963,109.559
1,443.369,1.005,10.825,9.886,0.971,9.587,1.121,10.079,1.059,10.316,11.093,0.993,9.713,0.964,10.395
2,443.4,1.14,11.165,105.81,106.646,103.608,11.046,104.26,1.031,10.545,101.147,96.382,112.149,10.861,97.841
4,443.42,1.108,1.009,107.12,10.9,108.991,1.051,103.98,1.076,0.963,98.471,10.795,108.936,1.03,99.022
3,443.596,106.193,10.39,108.691,105.347,0.981,115.803,117.717,96.8,10.017,111.963,110.471,0.984,113.414,116.958
4,443.631,1.116,1.104,105.431,11.485,94.435,1.098,106.029,1.025,1.039,108.486,10.961,94.904,0.952,95.938
1,445.375,1.019,11.12,9.884,0.935,10.489,1.101,9.518,1.067,10.359,9.671,1.061,9.243,1.019,10.5
2,445.396,1.046,10.74,108.872,107.816,106.786,10.787,98.161,0.999,10.289,101.067,94.58,98.26,10.341,99.847
3,445.626,104.242,9.689,111.102,113.548,0.996,117.294,108.944,110.528,10.243,103.898,97.171,1.031,112.617,100.398
1,446.132,1.09,11.08,10.536,1.069,9.958,0.999,9.648,1.011,9.902,10.275,1.062,10.386,1.1,9.917
2,446.725,1.102,10.03,96.446,109.572,107.384,9.738,99.233,0.992,11.027,108.839,104.48,106.786,10.828,102.271
3,446.786,99.805,11.117,106.028,97.271,0.917,117.569,114.881,97.652,9.714,110.079,98.809,1.049,106.395,106.347
3,447.531,101.525,10.22,102.922,104.349,0.991,107.528,110.116,96.154,10.117,105.621,109.098,0.972,119.159,102.207
2,448.165,1.02,10.212,97.066,109.805,112.022,11.393,96.833,1.045,10.408,98.936,97.598,98.058,9.876,101.244
4,448.323,1.086,1.027,93.002,10.169,103.731,1.054,97.923,1.102,1.112,101.048,11.202,103.002,1.014,105.564
1,448.418,0.999,9.697,10.998,1.008,10.248,0.986,9.945,1.115,9.7,10.029,1.076,10.603,1.058,10.171
2,448.606,1.03,11.431,100.055,99.014,100.783,10.216,97.178,1.073,10.396,99.623,104.062,103.146,11.162,106.948
2,448.628,1.105,10.317,103.8,97.023,110.295,11.314,104.527,1.123,10.84,106.787,99.714,101.562,10.129,106.396
4,448.987,1.152,1.013,96.211,10.224,104.406,0.953,105.611,0.993,1.026,100.216,10.053,107.478,1.074,100.357
1,449.273,1.025,10.498,10.632,1.067,9.821,1.051,10.041,1.082,9.411,10.128,1.004,9.295,0.946,9.43
2,449.557,1.017,10.286,110.847,108.614,110.595,10.307,105.399,1.111,9.917,105.158,100.135,109.74,10.24,95.612
1,449.613,1.111,9.658,10.52,1.066,10.696,0.971,10.36,1.06,10.491,10.009,1.058,10.836,1.002,9.933
4,449.719,1.081,1.068,105.975,10.906,107.86,0.966,108.634,1.152,0.97,99.159,10.738,108.824,0.989,104.819
3,450.176,104.211,10.081,104.895,98.276,1.072,118.472,104.857,103.021,9.622,105.605,107.993,1.042,103.961,112.344
4,450.682,1.001,1.009,107.168,11.531,103.706,0.971,110.754,1.057,1.075,97.707,11.119,103.911,0.97,100.124
3,451.095,101.915,10.448,104.72,99.433,1.061,102.969,118.868,110.148,9.902,107.443,110.471,1.016,109.963,105.029
3,451.34,94.27,10.407,110.079,108.781,1.006,113.256,118.824,98.478,11.013,114.412,108.584,1.02,104.155,118.59
4,451.434,1.108,0.975,93.467,10.087,94.545,1.123,107.942,1.042,0.985,104.149,10.296,99.056,1.081,104.432
4,452.256,0.995,1.085,97.663,10.837,108.609,1.028,111.32,1.025,0.958,102.199,11.398,100.213,0.976,101.744
2,452.367,1.091,10.171,100.498,98.86,106.069,9.771,110.553,1.077,11.594,103.59,108.464,98.233,10.032,98.435
1,452.56,1.079,10.397,10.355,0.973,10.842,1.078,10.483,1.128,10.74,11.017,1.014,9.404,0.982,9.802
2,452.64,0.993,10.769,109.955,105.085,110.669,11.087,106.061,1.086,10.769,104.674,100.823,105.57,9.836,94.836
1,453.104,1.054,9.677,9.869,0.957,10.636,1.056,9.535,1.013,10.73,10.039,1.054,9.628,0.957,10.251
4,453.573,0.993,0.986,108.403,11.152,94.622,1.095,104.587,1.086,0.972,99.321,10.43,105.805,0.967,100.975
1,453.76,1.065,9.413,9.664,0.928,10.778,0.968,9.861,0.979,10.488,9.381,0.935,10.164,1.03,10.314
3,453.942,108.057,9.767,111.344,101.55,1.044,118.427,103.485,104.532,9.797,114.884,114.176,1.012,100.919,106.784
1,453.993,1.059,9.709,10.164,1.034,10.745,1.061,11.135,1.12,10.6,10.094,0.929,9.424,0.981,10.126
1,454.127,1.062,10.437,10.326,0.956,10.488,1.047,9.446,1.108,10.577,10.611,1.041,10.135,1.06,10.145
1,454.308,1.054,10.062,9.582,1.002,9.721,1.089,10.975,1.101,10.895,10.507,1.089,9.821,1.008,9.96
2,454.65,1.159,10.08,108.213,93.975,109.27,11.119,102.42,1.031,10.876,99.929,95.337,99.026,9.818,102.389
1,454.677,1.096,10.222,9.853,1.002,9.634,0.949,9.781,1.016,9.711,9.444,1.056,9.31,1.1,9.565
1,454.87,1.006,10.871,10.853,1.022,10.632,0.973,11.019,1.028,10.7,10.667,1.022,9.347,1.034,10.095
4,455.185,1.102,1.035,102.628,11.004,102.362,1.073,107.853,1.01,1.09,94.678,11.376,96.018,0.968,107.255
2,455.837,1.03,10.283,100.259,98.073,100.355,10.32,107.531,1.122,10.895,101.067,102.791,100.701,9.716,99.428
1,456.136,1.094,10.853,10.618,1.005,10.227,1.066,10.801,1.059,10.227,9.377,0.985,10.15,1.014,10.695
1,456.191,1.127,10.319,11.017,0.936,10.156,1.08,10.617,1.079,10.67,9.872,0.954,10.125,0.951,10.045
2,456.377,1.135,10.899,111.367,106.455,100.843,10.466,111.976,1.012,10.545,96.573,96.301,110.889,11.536,107.625
1,456.407,1.006,9.732,10.094,0.992,9.421,0.978,9.638,1.106,9.673,10.102,1.045,10.104,1.101,10.126
2,456.557,1.038,10.241,100.646,94.502,102.713,10.147,109.257,1.002,10.601,109.536,105.917,103.653,10.032,96.77
3,457.703,96.121,10.956,103.094,98.549,1.056,115.81,106.286,99.214,10.772,110.272,98.81,0.957,108.998,105.231
2,457.706,1.129,10.486,112.209,93.729,97.043,10.349,99.844,1.125,10.223,100.505,107.015,108.023,11.024,107.395
3,457.929,100.259,10.785,101.609,96.424,0.949,116.657,104.497,103.066,9.692,99.143,105.498,1.061,117.555,117.717
1,457.992,1.11,9.517,10.667,1.022,10.419,0.957,10.813,1.102,10.979,9.499,1.052,9.799,0.957,10.774
4,458.142,1.15,0.969,106.75,11.479,104.799,1.111,108.439,0.985,1.045,103.667,11.372,98.59,1.065,108.813
2,458.209,1.154,11.133,96.953,96.214,113.012,10.454,109.459,1.003,11.484,107.898,95.932,101.559,10.243,107.299
4,458.468,1.021,0.961,108.341,11.387,104.875,1.113,103.607,1.109,0.96,102.261,11.412,109.285,1.055,112.136
4,458.484,0.98,1.005,100.341,10.375,106.113,1.103,109.369,1.055,1.049,92.482,10.145,108.861,0.958,102.855
3,458.652,95.692,9.563,103.695,98.347,1.013,101.618,103.033,104.532,10.071,116.057,99.475,1.005,101.081,102.668
1,459.833,1.027,9.96,10.383,0.957,10.667,1.093,9.756,1.04,9.816,10.114,0.974,10.686,1.031,10.251
3,460.725,97.309,9.476,113.715,99.934,0.973,105.986,104.962,100.848,10.307,116.86,111.406,1.02,109.423,101.373
4,460.911,1.091,0.973,105.102,11.498,108.338,1.045,107.3,1.035,1.031,94.904,11.458,103.417,1.023,111.076
1,460.961,1.067,10.139,10.656,1.03,10.103,1.024,9.644,1.12,10.29,9.615,1.094,10.476,1.078,9.933
1,461.046,0.989,11.093,10.703,0.956,10.777,1.104,9.576,1.064,9.606,9.395,1.013,9.953,1.01,9.404
3,461.937,101.331,10.485,111.123,101.072,1.039,112.835,100.34,96.744,10.237,104.469,96.451,1.041,112.265,111.921
1,462.029,1.075,9.782,10.366,0.942,9.633,1.079,9.906,1.036,9.735,9.965,0.969,9.747,1.054,11.055
2,462.317,1.165,10.21,98.634,94.019,105.864,10.747,105.078,1.131,10.546,110.078,94.955,103.88,10.582,104.155
4,462.416,1.023,1.036,104.133,11.793,104.219,1.045,105.379,0.974,1.075,102.858,10.815,95.289,1.111,102.663
4,462.544,0.999,1.113,102.355,10.758,99.54,0.96,98.324,1.026,1.007,96.366,10.0,109.618,1.093,110.021
4,463.478,1.054,1.112,97.746,11.365,93.474,1.057,105.053,0.987,1.081,108.667,11.659,106.454,1.076,104.187
3,463.757,102.469,10.428,105.205,104.53,0.993,106.196,101.767,95.257,10.389,98.912,102.869,1.077,105.729,100.913
2,464.166,1.01,11.416,109.713,97.288,109.085,11.463,102.123,1.013,10.038,97.499,102.484,107.331,11.213,105.234
2,464.378,1.138,11.63,103.914,97.648,112.651,10.552,103.583,1.166,10.856,96.54,94.412,98.488,10.431,103.527
3,464.638,102.046,10.284,116.594,101.887,0.972,117.321,106.301,108.348,11.195,101.894,110.065,0.929,108.798,100.821
3,464.87,109.193,10.962,103.92,106.28,0.932,106.676,101.033,104.182,9.89,113.692,107.312,1.081,117.088,115.712
2,464.96,1.041,10.228,109.46,99.198,101.816,10.353,108.837,1.131,10.271,105.251,107.518,105.636,10.318,111.883
4,465.198,1.06,0.969,96.024,10.689,110.127,1.108,99.339,1.067,1.028,100.991,10.964,97.577,1.089,107.857
2,465.292,1.151,11.456,110.363,94.799,107.096,10.617,97.337,1.069,10.449,104.733,98.166,106.279,10.426,95.612
4,465.37,1.155,1.068,102.453,10.228,97.337,0.972,95.997,1.083,1.055,107.154,11.09,100.355,0.949,101.901
2,465.692,1.159,9.872,100.022,103.275,101.59,10.038,106.561,1.046,9.876,100.498,97.183,112.928,10.957,109.787
4,465.86,1.008,1.07,104.552,11.532,95.27,1.075,113.086,1.15,1.05,107.622,11.197,99.298,1.09,100.012
1,466.193,1.131,10.117,9.86,0.972,9.959,1.016,9.374,1.07,10.612,10.096,1.043,10.657,1.043,10.348
3,466.629,100.836,9.94,105.889,100.418,1.036,117.775,113.668,94.914,11.137,108.435,111.181,0.953,105.786,112.66
2,467.32,1.164,10.771,98.888,106.65,109.075,10.789,95.374,1.075,10.54,95.345,108.3,111.053,10.204,99.947
4,467.609,1.013,1.088,101.054,11.222,105.232,1.112,112.781,1.099,1.046,103.033,11.802,106.027,1.051,111.102
3,467.898,97.209,9.816,110.685,102.14,0.984,116.136,105.1,98.798,10.68,105.605,112.381,1.072,102.643,102.756
1,468.237,1.026,9.462,9.736,0.932,9.668,1.036,9.543,1.057,9.389,10.917,1.07,9.753,1.106,10.426
2,468.414,1.081,10.373,96.36,93.717,99.686,11.175,97.538,1.047,10.976,105.341,108.382,107.979,11.147,108.067
1,468.53,0.982,9.518,10.164,0.998,9.839,1.064,11.05,1.108,10.928,9.964,1.09,10.69,0.984,10.683
2,468.802,1.118,11.096,102.201,97.984,96.234,9.776,106.359,1.109,10.72,98.679,94.98,113.784,11.393,97.909
2,468.98,1.058,11.037,105.259,108.24,104.502,10.532,110.297,1.063,10.386,106.403,109.572,111.581,10.377,107.165
1,469.337,0.957,10.497,10.854,1.083,10.155,0.984,9.503,0.98,10.984,11.083,0.956,9.421,1.065,10.487
1,469.524,1.129,9.555,10.262,1.064,10.222,0.982,10.757,1.126,9.98,11.037,1.078,9.662,1.049,9.93
3,469.839,94.154,11.024,102.368,103.593,0.98,112.196,105.682,106.746,10.198,99.048,112.503,1.068,104.353,118.105
2,470.279,1.146,9.876,105.274,110.412,112.497,11.008,102.839,1.113,11.189,109.757,93.585,97.193,11.424,103.038
2,470.447,1.118,10.768,110.645,107.828,98.965,9.987,102.758,1.165,10.229,98.115,100.953,104.081,10.887,104.292
3,470.914,93.93,10.325,110.384,100.0,1.085,107.372,104.339,100.836,10.382,109.616,109.063,0.917,111.842,119.027
3,471.919,100.167,11.012,101.229,98.711,1.027,103.767,110.295,95.929,9.635,117.004,102.854,1.057,114.193,112.333
2,472.165,1.042,10.678,105.211,104.731,105.703,11.373,106.911,1.074,10.29,96.151,100.659,112.689,9.731,109.438
3,473.43,94.763,11.188,101.48,96.776,1.052,104.685,119.296,99.756,9.846,102.93,112.152,1.015,109.728,102.716
1,473.555,1.109,9.533,10.16,0.96,9.383,0.981,10.569,1.039,10.347,9.814,0.984,9.569,0.969,10.683
2,474.756,1.032,10.678,106.926,99.46,109.208,11.246,111.509,1.021,11.416,95.281,107.935,113.784,10.032,100.732
1,474.782,1.081,10.553,9.934,1.032,10.638,1.004,10.443,1.132,10.697,10.253,1.023,10.464,1.059,9.782
3,475.086,98.167,10.59,114.337,97.652,0.962,106.202,116.312,110.48,9.418,117.22,105.137,0.919,107.705,105.234
4,475.354,1.075,1.117,96.73,11.428,94.927,1.068,109.659,1.102,1.02,98.254,11.195,98.668,1.064,101.126
3,475.545,96.617,11.104,110.843,99.371,0.94,111.858,115.047,108.967,9.542,107.974,111.406,1.015,106.818,116.524
1,476.123,0.961,9.876,9.678,0.997,9.399,1.096,10.118,1.026,9.927,10.813,0.952,9.569,1.063,10.738
1,476.55,1.047,10.727,9.869,1.074,10.323,1.002,9.688,1.131,9.373,10.96,0.954,10.423,0.99,9.501
2,476.993,1.063,9.995,104.733,106.763,106.639,10.601,104.26,1.036,11.543,97.756,110.607,110.375,10.939,106.872
2,477.317,1.161,11.66,101.998,102.288,110.094,11.044,107.234,1.09,9.994,97.351,110.224,100.374,9.873,103.414
2,477.524,1.113,9.946,111.008,97.231,98.188,11.432,104.527,0.996,10.021,96.934,98.888,113.53,10.514,101.738
3,477.794,101.36,9.876,115.463,98.544,0.99,106.154,112.84,103.81,10.06,110.272,97.344,0.921,111.575,117.708
2,478.068,0.998,9.954,111.281,94.198,101.559,11.176,109.282,1.098,10.446,110.557,101.212,96.855,10.58,101.042
2,478.416,1.003,10.555,106.946,105.67,99.427,10.205,101.032,1.129,10.956,107.605,95.996,96.669,9.779,106.341
2,478.461,1.16,10.68,96.103,103.13,111.213,11.474,100.629,1.0,11.415,105.255,94.691,101.858,10.143,112.179
1,478.581,1.125,10.767,9.771,1.01,9.614,1.063,9.917,1.077,10.601,10.383,0.94,9.807,0.966,10.874
3,478.719,103.105,10.648,108.487,111.864,0.937,108.96,116.114,106.633,10.593,100.965,109.427,0.98,112.582,101.634
2,480.321,1.151,10.241,99.315,106.009,101.591,11.316,99.154,0.988,10.294,101.775,104.854,104.462,10.763,101.606
3,480.72,94.61,9.645,116.449,97.361,0.995,104.685,105.338,93.896,9.499,105.342,98.833,0.918,116.558,112.496
3,481.063,103.604,11.09,112.919,102.338,0.992,103.381,116.092,99.759,9.917,114.518,99.139,0.999,117.569,107.077
1,481.286,1.087,9.951,10.648,1.05,9.243,0.999,9.37,1.072,9.872,11.065,1.014,10.221,0.958,10.962
1,481.322,0.998,9.698,10.378,0.96,9.668,1.013,10.661,1.02,10.397,9.817,0.933,9.978,1.057,9.968
2,481.427,1.137,10.378,110.889,100.706,106.88,11.232,108.967,1.117,11.314,103.198,105.031,110.183,10.932,98.492
1,481.671,1.086,9.802,9.52,1.06,10.734,1.111,10.99,1.05,9.615,9.72,0.929,10.869,0.981,9.757
2,481.735,1.141,10.317,99.479,104.97,101.559,10.958,106.248,0.993,10.056,97.808,93.816,109.291,10.787,98.75
3,481.766,95.668,10.677,103.639,101.352,1.006,101.603,110.259,105.464,10.897,100.217,110.221,1.062,113.609,101.637
2,481.831,1.055,10.693,105.743,96.166,111.319,9.953,99.616,1.002,11.091,112.602,105.142,113.388,10.083,99.813
1,482.257,0.998,9.365,10.56,1.061,9.842,1.082,10.185,1.009,10.687,10.029,0.941,10.547,1.032,11.042
4,482.361,1.116,1.129,95.48,10.08,109.283,1.006,97.009,1.052,0.989,92.472,11.044,105.966,1.118,107.12
3,482.665,103.915,10.817,104.444,106.716,1.075,116.449,106.514,98.201,10.764,111.326,101.917,1.024,114.321,110.132
1,482.728,1.002,9.607,9.858,1.031,10.034,1.103,10.909,1.097,10.045,10.278,0.967,10.902,1.091,10.296
4,482.791,1.044,1.025,96.744,10.568,95.365,1.068,109.835,1.077,1.032,107.495,10.03,98.868,1.084,111.066
1,483.328,1.024,9.971,10.205,0.977,9.654,1.05,10.695,1.038,9.379,10.158,1.066,10.315,0.963,9.924
1,483.486,1.089,10.321,9.383,0.931,9.957,1.026,9.671,1.032,9.376,11.086,1.048,10.126,1.049,9.763
1,483.516,1.012,9.93,10.602,1.002,10.824,1.002,9.686,0.974,10.282,10.072,1.004,9.985,0.998,10.154
1,484.061,0.993,10.765,10.854,1.071,10.117,1.036,10.491,0.955,9.452,10.04,0.997,10.814,1.016,9.587
1,484.15,0.962,10.873,10.095,0.967,10.218,1.061,10.532,1.035,9.841,9.802,1.084,10.633,1.108,9.451
3,485.168,105.628,10.522,115.606,98.777,0.983,111.818,112.98,107.991,10.384,111.675,101.517,0.977,105.79,112.559
1,485.921,1.007,10.988,10.372,1.072,9.418,1.091,9.93,1.072,10.99,10.033,0.977,9.604,0.99,10.123
2,486.388,1.042,10.273,102.827,103.726,107.622,9.708,98.366,1.063,9.848,111.1,106.085,106.148,10.651,100.657
1,486.464,1.038,10.786,9.964,0.93,9.532,1.104,10.837,1.013,9.883,10.749,1.091,10.933,0.987,10.074
3,486.839,109.666,10.752,110.01,100.427,1.022,101.195,118.899,108.817,11.161,99.929,97.962,1.042,116.91,112.36
4,486.934,1.115,1.072,102.897,11.156,98.61,1.024,102.085,1.132,0.987,102.604,9.925,102.032,1.042,109.415
3,488.066,106.044,9.592,114.537,107.088,0.923,119.256,103.124,97.226,11.188,111.856,103.993,0.916,106.941,109.54
1,488.117,1.046,10.904,9.584,0.939,10.536,1.027,10.314,0.997,10.786,10.1,1.002,10.125,0.976,10.775
2,488.268,1.14,11.336,112.656,106.661,98.233,10.947,98.671,1.082,11.331,102.975,100.114,101.528,10.828,110.358
1,488.303,1.071,11.109,9.667,1.03,10.33,1.041,10.781,1.044,10.291,9.963,1.037,10.867,1.002,9.968
4,488.313,1.095,0.96,101.719,11.355,99.805,1.025,110.894,1.029,1.098,106.412,10.084,97.402,1.095,111.253
3,488.441,101.367,10.068,102.385,100.281,1.058,103.268,116.48,111.373,11.103,116.706,111.54,0.957,102.371,100.926
1,489.595,1.037,10.164,10.414,1.029,9.549,1.067,10.299,1.038,10.32,10.165,0.988,10.289,0.964,9.877
1,490.166,1.038,9.584,10.693,1.037,10.494,1.109,10.481,1.117,10.578,9.45,1.022,10.77,1.069,11.002
3,490.219,94.61,10.698,102.653,99.162,0.972,102.064,118.088,100.958,10.949,107.159,107.121,0.949,118.893,105.306
4,490.392,1.029,1.107,101.543,11.33,94.007,1.036,99.461,1.058,1.042,102.146,11.567,102.922,1.011,111.993
3,490.964,108.673,10.298,99.809,96.569,1.07,111.068,100.771,108.356,10.111,110.685,98.235,1.066,118.576,100.346
4,491.601,1.151,1.024,95.371,10.952,98.494,1.123,100.453,0.982,0.967,104.198,10.425,102.283,0.965,96.028
1,491.616,1.059,11.084,10.934,1.048,10.69,0.96,9.651,1.133,10.435,10.001,0.96,10.135,1.089,11.023
3,491.865,94.844,10.332,109.745,101.121,0.986,105.64,117.717,99.412,11.008,114.474,98.728,0.935,109.576,117.73
2,492.174,1.019,10.386,107.869,99.497,96.669,11.314,108.244,1.139,11.007,100.132,104.782,106.27,9.848,97.536
4,492.48,1.124,1.043,104.953,11.71,96.712,1.03,106.806,1.016,1.072,92.048,11.524,109.018,1.076,108.701
1,492.773,1.125,10.81,10.54,0.973,9.376,0.984,9.722,1.022,10.062,10.288,1.004,9.692,0.953,10.234
2,492.829,1.071,10.614,108.805,102.231,102.263,10.152,96.956,1.162,10.43,102.135,99.194,98.329,11.065,100.659
1,492.89,1.085,10.459,10.787,0.935,10.632,0.96,9.849,1.006,10.319,10.082,0.963,10.4,0.95,10.986
2,493.55,1.007,10.388,99.722,109.146,101.294,10.773,99.195,1.049,11.311,101.151,100.656,97.365,10.255,98.771
3,494.857,99.96,11.023,106.623,111.481,1.007,106.525,108.885,94.392,9.667,109.569,110.691,0.972,108.636,100.685
4,494.859,1.071,0.997,104.19,10.548,107.203,1.088,107.255,1.122,1.062,103.67,10.145,97.485,1.114,104.187
3,494.92,95.692,10.597,107.67,112.326,0.95,110.826,110.09,110.269,10.459,108.027,106.604,0.963,103.18,105.536
2,495.259,1.124,10.062,110.493,108.259,104.551,9.91,100.77,1.151,10.953,101.281,93.613,112.654,10.517,104.332
1,496.218,1.119,10.482,9.674,1.091,9.9,0.998,10.348,1.061,10.555,9.597,1.019,10.052,0.996,10.834
4,497.243,1.0,1.094,91.913,11.756,94.622,1.01,97.858,1.04,1.122,107.172,9.991,109.618,0.961,98.674
1,497.818,1.023,10.194,10.724,1.082,9.415,1.121,9.384,1.024,11.071,10.951,0.933,9.952,1.044,10.337
2,497.904,1.029,10.767,97.312,111.205,108.65,9.968,104.955,1.063,9.983,100.08,104.621,112.589,10.361,103.183
4,498.572,1.033,1.12,94.308,10.36,95.854,1.025,101.367,1.008,1.109,93.467,11.726,107.25,1.097,107.75
3,498.749,106.801,10.642,102.358,103.373,1.076,106.19,117.555,108.061,10.943,110.301,96.754,0.985,112.962,100.913
4,499.189,1.131,1.127,101.251,10.328,108.824,1.076,100.931,1.018,1.041,105.299,11.124,102.155,1.036,100.091
3,499.633,110.042,10.046,105.53,111.943,0.963,109.22,112.446,96.765,10.68,99.143,96.858,0.939,100.556,100.968
1,500.243,1.038,10.963,10.096,1.056,10.477,1.032,10.391,1.047,9.884,9.532,1.091,10.505,1.062,10.283
3,500.908,98.524,10.585,113.138,101.072,0.945,114.23,114.148,109.193,9.465,114.658,108.088,1.008,117.657,109.167
1,501.46,1.074,10.301,9.719,1.076,9.444,1.036,9.394,1.009,10.719,10.395,0.961,9.286,1.012,10.014
1,501.693,1.13,10.275,9.78,1.039,9.269,1.105,10.781,0.974,9.66,10.741,0.921,10.547,1.032,9.478
3,501.715,95.423,9.571,115.343,112.053,1.008,104.873,117.149,106.792,11.046,102.091,104.117,1.013,105.622,113.904
3,502.479,99.732,11.188,108.161,97.037,0.976,110.224,108.918,104.479,11.095,100.195,102.362,0.992,109.117,101.97
1,502.639,1.025,11.068,9.536,1.038,9.486,1.058,9.421,1.121,10.217,9.861,1.071,9.492,0.963,9.856
1,503.045,1.079,9.998,10.023,1.042,9.861,1.002,9.756,1.126,9.474,10.365,1.063,10.779,1.028,9.403
4,503.606,0.981,1.049,107.837,10.789,96.533,0.983,112.017,0.979,1.011,101.356,11.216,101.248,0.97,103.024
1,503.919,0.962,9.932,10.969,0.949,9.713,0.99,10.975,1.088,10.576,9.869,0.927,9.524,0.993,9.917
4,503.967,1.029,1.114,106.566,10.662,102.027,1.097,110.373,1.091,1.06,95.481,10.073,110.811,1.031,100.694
2,504.243,1.027,10.455,111.054,102.949,112.52,11.392,104.292,1.163,10.427,97.478,95.653,102.526,10.322,110.149
2,504.594,1.019,10.229,112.458,102.369,96.62,11.125,111.299,1.041,10.038,97.86,100.188,97.714,10.027,95.78
3,505.756,109.095,10.426,105.187,108.249,1.038,108.203,109.233,101.738,9.54,104.607,105.555,1.056,103.427,110.032
2,506.402,0.99,11.496,109.636,104.996,106.046,9.716,109.896,1.004,10.188,106.542,96.214,112.211,11.172,107.664
2,506.491,1.009,11.326,97.499,101.713,108.963,10.99,95.217,1.027,9.96,108.985,106.709,109.309,9.795,100.285
1,506.962,1.044,9.775,9.677,1.002,9.981,0.979,9.643,0.969,9.389,10.192,1.037,9.645,0.999,9.616
2,507.273,1.112,10.802,109.612,108.701,107.403,10.712,100.87,1.155,10.013,108.893,99.49,98.118,10.243,100.499
4,507.43,1.085,1.068,102.261,10.929,98.156,0.953,106.452,1.081,1.058,98.316,11.621,99.439,1.062,105.745
1,507.545,1.134,9.479,9.656,0.964,10.37,1.12,10.285,1.117,10.086,9.653,1.032,9.487,1.105,10.058
3,507.8,103.457,9.875,99.751,106.798,1.012,109.937,118.839,100.616,9.564,116.225,103.809,1.027,117.555,114.881
4,508.068,1.088,1.057,95.48,10.01,94.175,1.122,109.937,1.057,0.983,98.173,11.491,98.147,1.107,95.698
4,508.266,1.031,1.121,92.482,11.51,104.214,1.014,108.637,1.076,1.11,91.827,10.004,98.201,0.955,111.926
2,508.655,1.107,11.637,100.871,107.274,104.244,10.616,97.45,1.034,10.489,97.212,110.034,105.4,10.679,110.444
2,508.876,1.155,10.545,103.06,96.038,108.994,11.284,99.002,0.988,10.825,108.416,95.685,106.686,9.799,104.997
3,509.063,101.228,10.956,101.783,97.521,0.945,105.139,105.26,110.994,10.086,108.199,98.828,1.015,118.759,112.789
3,509.121,104.153,10.877,111.698,104.986,1.085,109.117,110.084,99.559,9.455,100.101,98.374,0.977,103.922,104.106
3,509.207,100.516,9.982,112.839,110.422,1.068,110.315,110.364,102.827,10.962,104.906,96.719,0.94,118.091,114.057
1,509.383,1.068,10.345,9.678,1.032,9.915,1.114,11.11,1.046,10.291,9.703,1.05,9.448,0.949,10.233
4,509.631,1.151,1.106,98.694,10.951,105.58,1.04,99.139,1.032,1.021,105.101,11.271,99.17,1.004,100.896
1,510.402,1.069,9.939,10.516,1.072,9.895,0.989,10.386,1.117,9.887,10.348,0.979,9.838,0.952,11.076
4,510.993,1.103,0.987,97.457,11.36,96.604,1.098,102.259,1.151,1.013,94.514,10.835,94.002,0.99,96.074
4,511.133,1.038,1.042,99.548,10.523,96.554,1.108,97.581,1.012,0.991,105.304,10.219,108.21,0.978,105.95
1,511.558,1.075,9.998,9.661,1.07,9.71,1.088,10.973,0.983,10.996,9.817,0.977,10.924,1.091,10.661
1,511.804,1.069,10.326,10.009,0.943,9.721,1.111,10.006,1.102,10.329,10.253,1.042,9.743,1.024,10.364
3,511.864,104.326,9.878,116.134,105.956,0.917,109.172,118.318,103.066,9.56,107.22,111.872,1.024,106.77,105.26
2,512.033,1.113,11.21,107.442,107.828,109.41,10.651,107.651,1.047,10.692,94.991,98.702,109.186,10.016,104.238
3,512.176,97.273,10.713,114.644,106.528,1.061,104.612,103.611,99.841,10.147,99.74,105.736,1.055,105.174,103.905
1,512.331,1.017,10.527,10.757,1.02,10.261,0.99,9.518,1.023,11.003,10.584,0.945,9.55,1.05,10.99
4,512.487,0.978,1.011,94.257,9.963,102.999,0.972,103.83,1.076,1.097,96.993,11.36,105.437,1.013,103.98
4,512.997,1.055,1.058,97.393,10.431,104.205,1.015,113.442,1.153,1.066,94.023,11.77,102.688,1.081,106.562
1,513.054,1.093,9.713,9.941,1.077,10.39,0.973,9.406,1.057,9.949,9.349,0.965,9.75,1.08,10.278
2,513.376,1.025,10.912,99.88,95.148,97.456,9.985,112.45,1.118,10.384,110.845,100.6,102.916,10.341,105.365
2,513.8,1.094,11.075,95.529,103.64,96.519,9.948,112.521,1.115,10.449,110.952,101.846,104.36,10.469,112.638
4,515.58,0.987,0.963,98.793,10.441,94.669,1.035,100.376,0.991,1.019,105.002,11.757,106.523,1.01,100.882
2,516.13,1.14,10.484,98.134,102.664,102.796,10.196,110.324,1.03,11.081,111.519,102.972,101.39,11.117,95.568
3,516.17,105.183,9.879,108.62,101.029,0.972,104.483,113.329,94.362,9.754,102.358,99.459,1.083,115.839,116.42
2,516.534,1.089,11.295,95.319,110.775,103.88,11.494,99.526,1.112,11.479,110.212,100.643,98.659,10.99,99.776
2,518.597,1.154,11.101,106.159,109.228,99.215,11.424,106.431,1.135,11.66,108.438,94.968,102.27,10.508,100.785
1,518.741,1.042,9.683,9.654,0.981,10.321,1.0,10.283,1.077,10.807,10.894,0.962,9.225,0.96,10.542
2,519.312,1.146,11.575,99.705,104.663,102.713,10.666,96.574,1.161,11.587,112.494,109.606,106.175,9.747,103.466
2,520.168,1.06,11.436,96.995,103.738,106.603,11.033,106.967,0.994,10.858,109.847,100.502,108.383,11.484,105.028
4,520.188,1.07,1.106,103.784,10.845,96.81,0.972,102.663,1.001,0.992,92.031,10.139,98.208,1.031,113.736
4,520.249,1.024,1.061,92.612,10.768,94.622,1.003,112.57,1.081,1.019,100.664,11.226,98.147,1.112,112.622
4,521.089,1.085,1.135,100.574,10.702,96.73,1.009,103.283,0.972,1.0,105.81,10.584,109.014,1.105,102.555
3,521.212,95.323,10.893,103.897,96.122,0.917,105.772,118.452,99.896,10.303,110.163,99.729,0.99,104.524,105.367
3,521.329,101.635,11.126,110.019,101.352,1.002,108.244,105.73,106.363,9.582,104.587,96.041,0.939,100.576,116.966
3,521.44,104.227,10.717,113.581,108.398,1.082,114.399,105.401,105.241,10.312,113.96,107.491,1.025,103.427,107.107
2,521.8,0.981,10.991,98.302,107.935,107.236,11.089,112.231,0.996,9.915,101.512,93.776,97.499,11.225,110.831
1,522.205,1.133,10.114,9.922,1.059,10.862,1.082,10.244,1.024,10.765,9.886,1.064,9.645,1.089,9.796
3,522.258,94.847,10.43,102.572,112.651,0.995,105.225,110.285,111.364,10.06,102.218,109.727,0.981,111.912,104.164
1,522.639,1.107,11.041,9.727,0.997,9.826,1.018,10.386,1.024,9.403,9.986,1.047,10.549,1.026,9.638
2,522.965,0.994,10.919,100.658,95.354,111.875,10.486,97.313,1.031,10.862,101.067,111.109,97.82,10.041,101.934
2,523.657,1.046,11.471,98.105,105.296,104.462,11.053,106.89,1.141,10.21,104.45,110.865,101.399,10.621,95.41
2,523.695,1.155,11.649,110.461,101.486,106.533,11.353,111.764,1.105,10.973,103.322,98.133,97.456,10.104,96.964
2,523.763,1.148,10.839,100.928,108.762,102.865,10.588,102.839,1.162,10.138,111.309,101.625,112.25,10.773,112.638
2,523.81,1.052,11.406,108.839,104.887,101.952,10.766,111.119,1.107,10.175,105.907,94.425,100.843,10.632,104.079
3,524.083,101.195,10.937,99.088,98.69,1.0,118.863,105.338,109.724,10.585,110.01,96.324,1.086,106.371,101.313
3,524.432,96.8,10.312,101.493,97.838,0.966,103.529,105.513,107.856,10.306,107.935,105.687,1.029,103.922,113.103
1,524.461,1.013,10.169,9.39,1.061,10.911,1.06,10.006,1.117,9.946,10.23,1.084,10.112,1.079,10.39
1,524.653,0.995,10.248,10.595,1.09,10.025,1.001,9.798,0.986,10.12,9.656,1.072,9.748,0.971,9.775
1,524.663,1.089,9.441,10.428,1.047,9.586,0.955,10.972,1.037,10.354,10.504,1.033,10.856,1.057,10.233
2,525.006,0.997,10.069,107.689,105.368,107.825,9.834,108.877,0.984,10.857,100.97,101.713,99.332,11.227,98.419
4,525.029,1.126,1.054,94.339,10.599,98.348,1.084,96.628,1.041,1.081,96.894,10.724,110.206,1.076,99.143
1,525.105,1.105,10.73,10.179,1.038,9.765,1.087,10.334,1.096,9.793,10.907,1.063,9.978,1.022,10.936
1,525.264,0.995,10.683,10.265,1.019,9.685,1.017,11.109,1.127,10.893,10.348,1.005,9.492,1.116,9.593
1,525.682,0.99,10.149,10.691,0.95,9.644,1.034,9.384,1.0,9.75,10.024,0.982,9.727,1.02,10.752
3,525.703,99.735,10.793,105.064,106.322,0.961,111.599,112.137,105.801,10.82,102.569,106.021,1.046,114.358,104.794
4,526.122,1.152,1.052,94.605,11.228,106.792,1.083,103.024,1.043,1.015,97.312,11.229,110.333,1.071,104.322
4,526.262,0.997,1.084,93.49,11.761,96.059,0.967,96.326,1.013,1.139,107.321,10.328,110.206,1.119,107.199
1,526.299,1.109,10.927,10.843,0.922,9.425,1.032,10.348,0.987,10.927,9.674,1.053,10.324,0.956,10.366
1,526.403,1.002,9.876,10.599,0.951,9.727,1.024,10.184,1.087,10.497,9.656,1.043,9.912,1.008,10.68
2,526.825,1.058,10.68,98.624,93.596,99.492,10.723,104.502,1.165,10.548,109.08,95.74,99.857,10.988,99.428
4,527.413,1.071,1.087,107.363,11.431,95.171,1.009,105.494,0.985,0.96,98.911,11.541,109.74,0.971,100.835
2,527.472,1.13,10.045,104.01,106.057,99.1,11.097,96.761,1.096,11.334,96.723,101.152,111.9,10.111,98.828
1,527.493,1.052,10.793,9.737,1.067,9.684,0.963,10.604,1.131,9.387,10.348,0.942,9.706,0.979,10.409
2,527.958,1.147,10.566,97.282,108.073,101.917,11.487,108.682,1.113,10.594,107.309,96.166,96.267,10.71,99.96
2,528.204,1.071,11.349,107.307,110.5,112.64,10.318,110.775,1.161,10.812,108.68,109.606,101.736,10.582,95.568
2,528.359,1.151,10.372,105.539,96.747,100.592,10.134,95.028,1.11,9.877,105.462,104.637,99.702,9.982,97.221
4,528.48,1.087,1.022,104.903,11.496,96.498,1.098,100.251,0.998,1.071,101.048,11.763,103.593,0.954,106.708
1,528.695,1.132,10.669,11.08,1.021,10.697,0.987,11.024,1.0,9.72,10.722,0.946,9.448,1.071,9.403
4,529.113,1.053,1.117,92.587,10.599,107.288,1.051,97.047,1.106,1.113,94.805,11.716,110.668,1.032,106.444
3,529.29,106.763,10.578,103.241,104.653,0.983,118.427,106.355,109.594,10.805,98.889,98.828,1.006,113.819,118.233
3,529.358,106.726,10.35,109.934,103.56,1.006,115.662,105.286,101.414,10.546,99.618,104.269,1.079,100.576,113.8
4,529.377,1.111,1.038,99.493,11.496,98.523,0.996,100.012,1.005,0.976,104.822,11.015,94.649,1.005,97.891
2,529.598,1.155,9.851,96.804,96.317,105.843,10.75,102.901,1.07,10.982,102.961,95.543,105.276,11.321,109.181
2,529.66,1.141,9.863,100.932,99.233,97.736,10.715,97.0,0.994,10.717,106.597,96.984,106.639,11.116,112.541
3,530.42,109.152,9.451,100.935,98.363,1.082,117.294,113.737,109.802,10.475,100.611,100.11,0.919,114.045,102.157
3,530.647,100.09,11.063,109.107,96.675,1.073,114.547,102.001,97.257,10.07,107.67,105.166,0.935,108.047,110.285
2,531.03,1.121,11.253,101.568,100.876,98.605,10.611,100.005,1.164,10.408,98.904,96.295,97.907,9.801,105.461
4,531.688,1.121,1.086,106.437,10.141,104.618,1.019,104.014,0.989,0.966,104.087,10.592,94.228,1.113,105.844
4,531.716,1.056,0.989,108.254,11.053,100.546,1.022,101.328,1.099,1.083,99.861,9.991,108.338,0.972,101.37
3,531.848,100.795,10.428,105.53,96.755,1.007,101.764,100.482,107.458,11.114,101.991,99.976,0.995,114.045,109.101
3,533.073,99.193,10.38,102.653,112.385,1.061,109.11,117.241,102.131,9.745,117.297,111.674,1.028,110.005,104.025
4,533.075,1.065,1.063,98.156,10.81,110.237,1.001,101.362,1.035,1.112,103.424,11.659,100.214,1.123,108.283
2,533.594,1.041,10.223,106.228,100.707,113.062,10.095,99.31,1.061,10.317,105.814,99.846,100.975,11.1,106.727
1,533.966,1.129,10.7,9.905,0.995,9.713,0.968,9.671,1.059,10.579,10.547,1.041,9.923,0.98,10.973
3,534.158,100.429,10.818,106.608,99.976,0.932,105.64,105.815,94.595,9.704,116.006,112.503,0.922,101.1,118.491
1,534.692,1.044,9.408,9.869,1.04,9.915,1.017,10.669,1.131,10.19,10.404,0.951,10.732,1.09,10.709
3,536.427,110.136,9.983,104.67,108.516,0.921,114.636,102.625,105.524,10.535,103.875,108.147,1.046,116.779,116.126
1,536.903,1.096,10.666,10.595,1.088,9.429,0.992,9.398,1.115,10.585,11.089,0.951,10.552,0.958,9.745
3,537.142,110.077,10.184,112.428,106.827,0.96,103.026,108.735,102.578,10.706,103.456,107.065,0.933,112.617,114.057
4,537.271,1.002,1.092,97.663,11.731,97.634,1.043,113.518,1.129,1.042,107.824,11.32,109.089,1.002,105.494
2,537.67,1.095,11.164,103.99,100.061,101.976,10.632,110.444,1.051,10.554,111.55,99.698,104.015,10.131,107.822
1,537.802,0.96,11.104,9.664,0.997,10.583,1.091,11.022,1.081,10.71,9.525,0.926,10.91,0.99,9.403
4,537.912,0.99,0.961,95.549,10.396,109.344,1.073,107.525,1.067,1.05,100.076,10.611,102.362,1.116,106.629
4,537.982,0.985,1.068,102.502,11.46,97.337,1.01,99.587,1.126,1.069,105.102,10.998,102.737,0.969,105.521
2,538.105,0.986,10.858,97.88,95.024,99.179,10.641,99.06,1.059,11.295,95.393,94.691,112.335,11.265,98.671
1,538.539,1.01,10.21,9.741,0.994,9.424,1.112,10.321,1.079,9.612,11.08,0.933,9.547,1.112,10.095
1,538.59,1.101,9.612,10.602,1.0,9.76,1.068,9.781,1.05,11.109,10.826,1.066,10.055,1.104,10.791
3,539.23,95.459,10.169,105.522,101.308,0.927,103.085,118.839,98.478,9.709,111.253,104.764,1.036,106.999,118.899
4,539.309,1.14,0.993,106.859,11.225,95.037,1.048,108.608,0.983,0.994,92.207,11.343,93.391,0.975,96.926
4,539.786,1.021,1.129,97.545,11.044,101.862,1.087,105.661,1.008,1.12,98.648,10.811,102.55,1.059,106.108
1,540.715,1.09,10.194,10.683,1.079,9.229,1.038,10.025,1.001,10.293,10.103,1.095,9.873,1.004,9.603
2,540.817,1.032,11.649,107.893,104.337,98.908,9.738,103.583,1.13,10.322,101.377,110.947,96.17,11.1,101.575
3,541.684,110.042,9.953,101.522,99.733,0.955,108.652,118.129,97.842,9.94,104.692,100.259,0.948,103.085,109.455
3,542.263,109.206,9.929,99.226,107.947,0.962,117.508,108.523,100.403,10.597,103.898,112.05,1.063,107.566,106.541
2,542.735,1.076,10.852,105.726,103.124,100.374,11.081,107.262,1.074,10.943,98.134,109.967,97.456,10.469,100.629
4,542.737,0.975,1.1,95.899,10.105,95.171,1.097,107.886,1.095,1.122,107.12,10.172,104.324,1.038,96.227
4,542.816,1.013,0.978,94.821,11.466,103.089,1.024,108.23,1.099,0.983,94.39,11.757,105.19,1.04,101.81
3,543.112,103.416,10.312,113.758,96.754,1.052,108.88,107.361,109.666,9.786,102.613,105.626,1.085,115.582,100.81
4,543.55,1.156,0.97,100.303,11.726,97.631,1.087,105.971,1.022,1.021,93.395,10.988,95.117,1.102,107.126
1,544.057,1.127,9.814,9.607,1.009,10.068,0.964,10.41,1.109,10.249,9.851,0.973,9.704,0.995,10.891
4,544.263,1.122,1.082,106.979,10.565,105.979,1.079,107.85,1.115,1.052,102.496,10.473,102.658,1.114,98.11
1,544.395,1.071,10.546,10.061,0.942,10.452,1.117,9.417,1.077,11.015,9.393,0.921,9.321,1.045,9.82
2,545.048,1.156,10.919,100.953,105.613,113.904,10.129,112.004,1.084,10.29,104.806,105.349,99.026,11.453,107.833
1,545.237,1.012,10.004,9.444,1.047,10.893,1.1,10.41,1.006,10.925,9.512,1.064,10.347,1.075,10.384
3,545.314,96.744,10.486,106.589,104.941,0.929,107.103,104.178,101.236,9.983,99.253,103.593,1.0,101.616,115.605
4,545.595,0.997,1.104,103.232,11.744,94.114,1.115,107.3,1.119,0.977,103.103,11.048,101.736,1.03,98.335
2,545.599,1.062,11.582,110.865,99.714,110.045,11.439,95.109,1.059,10.647,106.92,94.748,100.517,11.083,103.311
4,545.679,1.136,1.002,93.071,10.851,101.196,1.007,105.96,1.04,1.008,95.896,11.015,110.559,1.086,101.999
2,545.694,1.129,10.783,101.612,100.502,102.042,11.393,96.774,1.055,11.042,105.255,99.939,97.385,10.882,96.107
4,546.181,1.031,1.089,96.396,11.713,105.348,0.977,99.339,1.097,0.967,96.901,11.748,94.007,0.975,102.355
4,546.341,1.1,1.027,100.526,11.607,100.718,0.951,107.306,1.005,1.099,95.834,10.876,94.128,1.119,109.25
2,546.461,1.1,11.533,107.307,93.809,97.73,10.257,107.089,1.005,10.372,104.851,99.478,108.94,9.875,102.692
2,547.09,1.03,10.355,100.658,96.315,108.94,10.362,105.749,1.059,10.538,95.233,96.982,96.267,10.784,97.45
1,547.106,1.065,10.659,9.415,1.043,9.601,0.958,10.172,1.095,11.01,9.402,0.922,9.563,0.98,9.69
2,547.137,1.067,10.915,110.619,106.009,108.517,11.458,109.73,1.086,9.965,110.708,99.438,108.747,11.334,107.239
4,547.714,1.05,1.131,99.119,9.991,99.312,1.056,108.15,1.072,1.019,106.432,10.698,102.303,1.107,102.627
3,548.722,104.211,10.327,111.57,101.343,0.921,106.77,107.075,104.233,9.834,106.556,96.776,1.054,115.82,101.89
4,549.195,1.069,1.109,98.648,10.583,102.553,1.075,112.581,1.044,1.029,107.801,10.004,109.984,1.125,103.2
3,549.491,97.787,10.013,111.433,99.933,0.918,103.961,100.321,109.405,10.824,111.101,97.233,0.976,106.125,111.691
1,549.54,1.041,11.086,9.433,1.086,9.76,1.072,9.552,1.032,9.983,9.935,0.999,9.258,0.991,9.737
3,549.583,101.512,11.021,110.237,101.518,1.088,105.941,110.649,96.588,9.775,106.522,110.691,1.061,105.664,118.478
2,549.691,0.983,9.995,98.11,99.198,98.223,11.353,99.524,1.11,10.177,95.691,104.051,101.59,10.358,95.749
3,549.974,109.685,10.171,105.931,111.756,1.001,114.509,110.346,95.912,9.838,109.788,98.162,0.963,103.619,102.514
1,549.982,1.079,11.12,9.664,0.941,9.415,1.031,10.436,1.131,10.299,9.804,1.041,10.33,1.084,10.047
1,550.856,1.123,9.961,9.743,1.08,10.893,0.95,10.231,1.051,10.119,10.339,1.082,9.214,1.053,10.126
4,552.11,1.11,1.047,107.512,10.201,97.462,1.055,109.528,0.983,1.07,101.251,10.634,96.592,0.962,104.959
2,552.916,1.021,11.275,105.486,95.819,107.331,10.471,99.847,1.026,11.471,112.522,102.972,99.85,10.812,106.406
3,553.541,100.358,9.605,116.811,104.941,0.956,113.68,101.147,94.27,9.798,100.773,104.03,1.062,111.019,119.028
1,554.831,0.968,11.055,9.916,1.049,10.924,1.069,9.394,1.052,10.604,9.49,1.06,10.045,1.04,10.669
2,555.076,1.039,10.21,110.17,106.722,106.621,11.514,104.238,1.122,10.73,100.928,95.736,111.651,11.375,109.167
1,555.245,1.131,9.641,9.328,1.063,10.052,0.976,10.984,0.988,10.817,10.247,1.053,10.686,1.053,10.1
2,555.251,1.154,9.914,100.129,98.027,104.174,11.114,103.565,1.137,10.89,96.912,103.428,109.259,11.014,95.332
4,555.62,1.032,1.095,101.557,11.737,97.989,1.082,108.418,1.082,1.009,100.545,11.079,107.336,1.058,99.075
1,556.29,1.059,10.803,10.956,0.969,10.829,1.013,10.638,0.994,9.85,10.287,0.928,10.513,1.083,9.545
2,556.559,1.058,10.31,102.069,97.469,107.878,11.197,107.089,1.054,10.526,107.217,108.641,98.163,11.513,98.366
2,556.747,1.102,9.976,99.853,93.85,96.601,10.695,101.106,1.093,9.915,106.214,98.604,99.995,10.396,102.136
1,557.685,1.013,10.945,10.426,0.948,10.382,1.065,10.707,0.967,9.607,9.814,0.927,9.535,1.12,10.013
2,557.752,1.117,10.111,101.399,99.217,111.255,10.401,97.092,1.087,10.286,103.438,102.709,105.887,10.166,104.737
3,558.211,108.579,10.51,114.337,98.732,1.001,113.262,105.368,108.309,10.714,113.252,103.67,0.924,110.451,100.65
3,558.498,94.696,10.57,111.843,112.536,1.038,112.284,119.117,94.61,10.896,106.156,104.147,1.027,108.661,105.73
1,559.058,1.035,10.42,10.241,1.05,9.987,1.019,9.401,1.034,9.998,10.424,1.019,9.971,1.001,10.421
4,559.407,1.113,0.984,106.283,10.022,94.999,1.05,107.606,0.99,1.027,107.117,10.038,103.2,1.059,96.967
2,559.501,1.052,10.727,100.448,95.011,109.343,9.834,112.168,1.112,11.63,111.213,107.451,113.029,10.361,97.066
2,559.591,1.016,11.471,112.08,96.318,110.595,10.887,103.238,1.16,10.78,104.341,107.743,111.178,10.392,100.947
1,559.607,0.972,10.704,9.793,0.957,9.416,1.1,10.752,1.012,9.375,10.691,0.949,9.384,0.962,9.711
4,560.389,1.027,1.076,94.87,10.998,103.577,1.104,98.55,1.092,1.105,92.676,11.524,98.756,0.962,96.716
4,561.058,0.989,0.973,92.784,10.687,103.906,0.965,107.278,1.092,1.069,103.97,10.346,100.889,1.098,111.59
2,561.077,1.053,10.231,108.951,95.653,108.466,10.958,111.119,1.13,10.744,97.205,101.701,101.3,10.507,105.102
1,561.364,1.133,10.345,10.14,1.054,9.276,0.961,10.695,1.106,9.643,9.681,1.044,9.766,1.121,10.591
4,561.467,1.015,1.106,92.706,10.169,109.027,1.069,108.145,1.043,1.03,106.647,11.304,110.163,1.055,101.139
1,561.585,1.01,9.743,9.789,1.0,10.657,1.019,10.82,0.969,10.651,9.475,0.926,10.255,0.949,9.586
1,561.693,1.034,10.817,10.191,1.077,10.077,1.107,9.685,1.021,10.007,10.532,0.936,9.753,0.974,10.663
4,561.995,1.056,1.076,106.533,11.321,105.726,1.084,101.55,1.13,0.966,100.55,10.552,110.32,0.995,107.387
3,562.023,95.658,10.134,116.502,105.527,0.927,105.686,116.47,111.375,9.702,110.42,108.982,0.935,103.459,102.873
1,562.273,1.045,10.331,10.304,0.935,10.382,1.059,10.752,1.092,9.682,10.606,0.922,10.17,0.976,10.753
3,562.291,101.436,10.124,115.043,98.194,0.958,114.829,116.107,97.036,10.859,105.71,100.418,1.081,116.736,104.963
2,562.805,1.017,10.842,108.336,98.761,101.219,11.225,112.66,1.148,10.041,99.773,96.697,112.811,10.806,110.39
3,562.909,109.332,10.504,102.509,98.606,0.949,101.567,112.416,101.414,11.006,111.542,108.452,1.031,112.297,101.065
1,563.291,0.975,10.314,9.635,0.979,10.369,1.021,10.407,1.024,10.407,9.408,1.012,10.714,1.067,10.591
1,563.338,1.033,10.827,10.31,0.996,10.117,1.009,9.549,0.991,10.678,11.022,1.025,10.81,1.085,10.945
1,563.946,0.977,9.438,10.134,0.942,10.117,1.11,9.503,0.983,9.951,9.656,1.04,9.229,1.013,9.371
1,564.304,1.133,10.773,10.23,1.079,9.577,0.944,10.807,1.036,9.53,10.625,0.946,10.924,1.094,10.172
4,564.624,1.152,0.986,100.012,10.124,107.519,1.113,106.118,1.03,1.096,108.388,11.478,95.926,0.987,99.729
1,564.962,1.034,9.523,9.584,0.97,9.386,1.012,9.881,1.095,10.5,10.681,0.997,10.103,1.106,10.8
1,565.289,0.994,10.8,10.526,1.036,10.729,1.001,11.061,1.022,10.052,10.1,0.977,10.112,0.988,10.481
3,565.479,100.885,9.616,101.172,97.037,0.995,115.083,109.903,96.973,10.546,110.237,96.451,1.051,112.835,116.02
4,566.177,1.043,0.985,91.441,10.395,102.283,0.973,99.11,1.119,0.994,98.312,10.984,101.122,0.96,102.153
3,566.681,107.47,10.182,113.252,109.263,1.028,114.376,110.353,98.001,10.14,108.62,96.451,1.075,108.977,118.824
2,566.741,1.056,11.351,105.667,108.242,100.922,10.413,112.593,1.045,10.993,105.341,97.588,113.53,9.999,112.675
3,566.825,100.616,9.488,105.849,101.223,0.951,108.077,104.428,108.425,10.515,116.741,101.072,1.051,107.064,103.085
3,568.006,110.269,10.711,105.295,106.159,1.002,118.97,115.589,108.76,11.147,105.613,108.329,0.946,106.941,119.298
2,569.053,1.151,11.438,108.995,106.389,99.883,11.446,95.384,1.066,10.204,112.666,103.257,99.215,9.738,109.86
3,569.183,95.233,9.857,110.344,100.921,0.967,103.619,109.179,111.08,11.183,106.773,110.612,1.063,115.181,104.163
3,569.442,104.355,11.111,104.771,100.88,1.067,106.084,111.527,109.163,10.116,104.392,99.934,1.018,101.766,112.344
3,569.795,102.652,10.344,107.956,99.409,0.961,118.877,107.303,100.274,10.219,108.027,105.799,0.949,113.622,107.222
3,569.85,111.375,9.89,101.702,110.47,0.919,107.322,110.899,103.206,10.944,99.656,101.347,1.018,105.064,103.719
3,569.984,103.066,9.961,103.775,104.409,0.984,118.789,111.109,108.309,9.498,106.533,101.678,0.928,106.725,101.033
1,570.238,1.01,10.321,10.501,0.982,9.956,1.088,10.957,1.102,10.713,10.12,1.053,10.191,0.985,9.475
4,570.344,1.077,1.136,94.197,11.392,95.832,1.083,98.967,1.016,1.047,106.932,10.402,102.999,1.005,102.336
4,570.391,1.126,1.122,96.34,10.834,108.424,1.105,109.403,1.081,1.087,94.409,10.44,110.333,1.081,113.272
1,570.948,1.016,10.321,9.857,0.939,9.526,1.047,9.518,0.98,9.882,10.445,0.927,10.937,1.053,10.829
1,571.376,1.006,10.61,11.061,0.968,9.699,1.039,9.969,1.074,9.985,10.965,1.053,9.465,1.107,10.379
3,571.555,97.409,10.592,103.385,96.4,1.063,117.569,106.056,103.253,10.956,105.012,104.282,1.038,108.954,111.359
4,571.597,1.141,1.017,101.812,10.741,103.929,1.07,103.516,1.037,1.043,94.528,10.161,98.542,1.108,106.07
2,571.685,1.137,11.291,111.016,95.395,108.044,10.859,99.454,1.061,9.896,97.212,98.561,109.532,10.516,95.411
1,571.793,1.128,10.155,9.573,1.055,10.369,0.977,10.875,1.124,10.116,9.841,1.038,9.692,1.045,10.074
3,571.947,98.18,9.421,114.107,97.432,1.002,117.187,104.587,102.273,10.358,102.442,112.159,0.919,111.792,103.607
1,573.547,0.988,10.768,9.681,0.97,10.025,0.998,10.948,1.031,10.783,9.841,1.008,10.477,1.05,9.969
3,574.202,98.736,10.344,99.143,98.999,1.002,114.833,111.135,105.739,10.893,112.298,97.271,1.054,107.995,111.0
4,574.467,1.008,1.06,104.022,11.657,97.444,0.993,106.029,1.014,1.071,102.084,11.777,105.525,1.084,105.313
3,575.546,101.595,11.111,117.192,103.383,0.954,100.457,106.22,107.227,9.763,100.916,104.653,0.93,104.895,112.496
1,575.925,0.975,10.948,9.58,0.973,10.603,1.105,10.829,1.002,10.795,10.241,1.041,10.121,1.1,10.372
3,576.826,106.11,10.017,110.769,109.638,1.005,109.181,113.103,102.198,11.188,114.354,109.836,1.078,116.31,116.845
1,576.96,1.005,10.321,9.78,1.07,9.706,1.023,10.208,0.977,9.642,10.284,1.052,10.169,1.012,10.146
1,577.855,1.033,10.788,10.178,0.949,9.507,1.087,10.594,0.964,9.85,10.005,1.034,9.813,0.969,9.401
3,578.14,97.103,9.68,115.986,114.152,1.03,100.44,118.817,102.121,10.332,103.898,110.12,0.933,108.203,119.028
4,578.258,1.087,1.03,93.544,11.204,108.961,1.058,113.274,1.122,1.112,102.758,11.216,108.792,0.958,106.637
3,578.391,94.182,10.773,109.758,101.79,0.975,115.642,111.197,95.566,9.944,109.051,111.406,1.044,116.177,118.596
4,578.503,0.979,1.082,98.227,11.03,100.368,1.004,97.872,1.043,0.958,93.374,11.32,95.37,1.092,106.666
3,578.593,93.743,9.711,105.152,106.841,1.03,103.221,118.065,102.263,10.451,115.889,111.871,1.084,110.859,117.25
1,578.751,0.973,10.767,10.746,0.981,10.57,0.958,10.561,1.014,9.376,10.869,0.922,10.685,1.051,10.657
3,579.336,101.628,10.212,111.542,108.398,1.01,102.399,114.663,94.282,10.14,100.412,96.392,1.075,102.643,104.942
2,579.675,1.047,11.576,100.621,105.562,108.73,10.698,108.676,1.16,10.943,107.339,100.839,101.674,11.509,102.389
3,580.169,97.441,10.161,103.758,102.335,0.959,113.154,106.326,106.763,10.344,116.99,113.814,1.005,113.666,103.293
3,580.255,106.954,9.767,106.846,111.572,0.926,111.292,108.065,94.818,10.394,102.569,98.969,1.058,105.986,113.225
2,580.459,1.113,11.045,103.8,110.874,107.54,10.601,97.811,1.048,11.032,107.605,96.756,112.083,9.846,108.101
3,580.561,107.471,10.362,108.487,106.604,1.028,105.749,103.033,110.544,9.663,101.993,106.538,1.03,116.381,108.885
1,581.38,1.079,10.444,10.297,1.017,9.253,1.118,10.086,0.991,9.563,10.614,0.941,10.156,1.009,9.374
4,581.381,0.975,1.138,102.354,10.111,107.028,0.95,102.483,1.072,1.034,97.154,10.097,109.677,1.068,100.038
4,581.637,1.019,1.006,97.482,10.161,100.652,1.113,110.021,1.069,1.044,94.146,10.08,104.728,1.115,100.38
1,581.936,1.035,11.055,10.008,0.925,9.765,0.949,10.438,1.034,10.062,9.975,1.0,10.44,1.053,10.391
2,582.255,1.137,10.557,104.777,95.543,99.02,10.557,101.944,1.071,11.367,100.871,104.337,99.609,10.143,110.761
1,582.998,1.04,10.928,10.639,0.926,10.33,1.11,11.006,0.985,10.226,9.536,0.922,9.337,1.053,10.154
1,583.46,1.085,9.424,9.633,1.022,9.799,1.057,10.817,1.046,10.75,9.555,1.091,10.552,0.971,10.467
2,584.196,1.122,10.788,97.953,94.152,111.581,11.277,99.639,1.118,9.898,104.024,103.97,105.301,9.743,96.034
4,584.31,1.045,0.995,99.134,11.106,100.235,1.062,101.817,1.12,0.992,98.694,11.635,101.145,0.986,103.515
1,584.698,1.128,10.497,10.133,1.027,9.643,1.078,10.332,1.035,9.474,10.145,0.933,9.412,1.091,10.708
4,584.826,1.047,1.004,95.245,10.328,110.899,1.039,104.674,1.061,0.97,108.295,11.249,95.064,1.081,111.942
4,584.965,1.099,1.0,97.139,10.473,108.351,1.079,104.984,1.046,0.983,95.834,11.204,93.925,1.073,98.386
4,585.347,1.085,1.04,100.526,10.231,94.093,1.12,96.956,1.043,1.016,98.177,10.865,96.81,0.972,113.431
1,585.544,0.983,10.61,9.532,1.073,10.007,0.972,10.835,0.982,10.871,10.761,1.033,9.971,1.006,10.019
2,585.654,1.051,10.378,107.887,97.984,111.244,11.181,109.904,1.127,10.812,99.786,109.331,112.864,10.208,112.392
3,585.693,106.581,10.527,104.072,103.734,0.922,115.998,110.285,100.856,10.89,103.758,110.245,0.994,119.299,114.739
2,586.037,1.069,10.484,111.653,99.151,105.703,10.173,99.226,1.148,10.97,100.715,98.673,106.098,10.79,98.098
1,586.279,1.002,10.374,10.757,1.028,10.815,1.001,10.532,1.068,9.88,9.335,0.922,9.917,0.956,10.875
4,587.222,1.033,1.018,96.353,9.948,99.312,0.971,105.546,1.027,0.959,105.811,10.689,97.442,1.098,105.169
2,587.713,0.988,11.587,100.945,94.375,96.669,10.507,96.034,1.121,10.901,101.377,110.653,95.869,11.019,108.586
3,587.736,101.801,9.918,108.741,113.033,0.996,105.729,111.769,102.578,10.814,108.169,106.021,0.935,117.99,104.794
2,588.519,1.049,9.862,100.654,95.024,113.057,11.096,98.52,1.094,10.182,97.972,104.332,107.301,10.392,110.429
2,589.079,1.093,10.767,103.085,105.264,98.34,9.769,96.629,1.05,10.626,104.52,107.816,106.953,10.46,97.221
1,589.694,1.054,10.421,10.05,1.068,9.376,0.987,10.695,1.115,9.585,9.61,1.052,10.491,1.092,10.674
1,591.067,1.023,10.377,10.13,1.038,9.823,0.95,10.791,1.093,10.385,10.894,0.982,10.862,0.961,9.592
4,591.082,1.156,1.036,91.617,11.079,102.301,1.007,107.199,1.041,1.121,96.141,11.581,99.856,1.062,113.092
3,591.693,107.293,10.726,106.185,110.138,0.949,106.006,112.559,98.18,10.445,112.407,108.932,0.924,105.986,111.527
2,592.93,1.166,11.603,106.946,93.939,110.14,11.474,108.385,0.993,11.457,96.851,99.794,110.95,9.927,109.469
3,593.303,104.417,11.095,116.006,100.281,0.986,116.657,109.21,98.496,10.895,99.74,102.331,0.956,102.633,109.129
1,594.086,1.091,10.404,10.063,1.034,9.34,0.954,10.49,1.115,10.248,10.901,0.967,10.138,0.982,10.321
2,594.15,1.087,10.297,106.973,99.582,110.669,11.125,96.833,1.009,11.676,109.481,101.315,111.9,10.668,104.363
2,594.271,1.104,11.469,98.641,101.075,108.73,10.839,95.164,1.084,11.081,104.842,103.245,110.338,10.673,97.066
2,594.567,1.029,11.461,100.373,95.831,110.102,10.47,99.226,1.163,11.319,97.747,106.008,113.057,10.565,98.098
2,594.645,1.111,10.672,101.622,109.491,107.233,11.006,112.729,0.984,10.047,107.588,103.86,102.855,10.887,98.306
3,594.684,96.761,10.88,99.698,107.614,1.034,110.825,118.801,104.382,9.754,114.024,98.851,0.941,101.764,109.848
4,595.079,1.033,1.013,102.345,10.219,104.321,1.114,97.152,1.088,1.085,99.095,11.55,106.295,0.995,110.463
2,595.918,1.019,11.367,100.715,109.825,113.037,10.328,111.073,1.055,9.965,106.97,97.151,110.094,10.871,98.771
2,595.981,1.038,11.346,112.384,99.474,111.937,10.811,103.722,1.048,10.812,109.08,105.552,101.819,9.731,97.806
2,596.115,1.12,10.013,109.847,96.516,101.66,11.182,95.028,1.118,11.607,95.706,101.514,107.265,11.175,112.458
3,596.244,105.503,10.848,114.108,97.201,0.991,103.836,117.731,106.257,11.098,107.756,102.105,0.944,101.854,106.737
2,596.339,1.082,10.977,98.821,96.318,113.739,11.226,105.048,0.993,10.22,111.016,102.064,112.436,11.198,102.707
1,596.541,1.085,10.542,9.858,1.079,10.66,1.022,10.692,1.135,11.041,9.615,0.964,10.021,1.001,11.042
3,596.658,104.267,11.021,110.439,96.52,0.922,110.389,105.394,110.276,10.196,102.783,103.439,0.956,112.717,113.8
3,597.264,98.307,10.794,105.848,106.249,1.027,115.984,102.997,100.88,10.475,103.063,111.812,0.989,118.259,117.191
1,597.367,1.132,11.076,10.275,1.028,9.253,0.986,9.619,1.087,9.699,10.366,0.999,10.571,0.945,10.899
4,597.976,0.99,0.97,91.694,11.724,94.473,1.121,111.076,1.15,1.011,100.537,11.681,106.213,1.06,110.842
3,598.03,109.557,10.372,116.587,98.914,0.969,103.382,103.785,100.09,10.693,110.009,102.788,0.97,115.082,114.488
2,598.069,1.141,10.931,110.202,104.479,107.189,10.532,111.081,1.127,11.575,95.237,105.613,100.374,9.956,96.774
4,598.415,1.021,1.05,94.197,11.134,110.433,1.085,103.139,1.102,1.001,91.487,11.777,105.183,1.086,95.93
1,598.999,0.963,9.391,10.63,0.974,9.643,1.025,9.983,1.013,11.094,10.622,0.985,10.319,0.984,9.818
4,599.646,0.987,0.977,106.825,11.376,103.141,1.107,111.997,1.005,1.088,107.331,11.576,107.96,1.011,99.352
1,599.762,0.963,10.023,10.969,1.04,9.726,0.96,9.942,1.064,10.601,10.348,1.064,9.617,1.085,10.422
1,600.358,1.024,10.062,10.192,0.98,9.58,0.988,10.914,0.968,9.511,10.967,1.09,9.599,1.085,9.496
1,600.442,0.996,10.664,10.433,1.03,9.779,0.97,10.8,1.134,9.585,9.461,1.0,10.647,1.046,10.072
4,600.904,1.12,1.118,92.037,11.657,98.508,1.016,103.376,0.99,1.074,96.901,10.961,110.135,1.1,109.123
1,601.033,0.977,10.274,9.433,1.053,9.725,1.116,10.55,0.964,10.579,9.494,0.967,10.171,0.989,10.919
1,601.354,0.955,9.618,9.798,0.926,9.43,1.052,10.491,0.973,10.846,10.043,1.004,10.847,1.038,9.924
2,601.372,1.1,11.436,99.368,107.007,107.979,11.503,97.313,1.004,10.384,96.894,110.38,106.332,10.104,111.148
3,601.448,109.666,10.593,112.305,108.684,1.015,101.514,100.771,104.71,10.652,112.877,110.596,0.96,107.196,112.16
4,601.704,1.102,1.041,96.05,11.163,110.253,1.089,104.969,0.98,1.066,102.581,11.346,103.143,0.995,102.765
2,602.469,1.017,10.969,103.63,102.185,105.858,10.392,112.45,1.074,10.723,106.024,104.133,112.773,11.043,108.003
4,603.375,1.083,1.055,95.788,10.138,98.907,0.99,108.839,1.117,1.05,107.185,10.454,106.902,1.072,107.007
4,603.5,1.088,0.981,97.086,10.01,104.629,1.105,105.379,1.102,0.996,96.61,10.031,102.512,1.08,112.297
1,604.233,1.005,10.197,9.937,0.948,10.936,1.075,9.386,1.09,10.353,9.869,0.995,9.867,0.99,9.848
1,604.364,1.082,10.069,10.134,0.968,10.869,1.068,11.068,1.111,10.321,10.726,1.077,9.666,1.078,9.491
3,604.854,95.85,9.423,100.23,98.06,0.972,101.766,104.942,98.326,9.857,110.47,102.377,1.011,111.895,107.083
3,604.962,104.722,9.763,100.48,100.921,1.029,102.354,111.144,96.216,9.609,117.346,106.956,1.069,102.449,109.246
3,604.966,106.553,10.175,105.979,112.053,0.963,113.758,107.564,101.738,11.008,105.162,106.304,0.944,111.858,112.887
3,605.215,96.442,9.692,101.257,103.041,1.062,107.205,109.328,98.967,10.937,115.599,97.271,0.952,103.103,108.603
1,605.316,0.992,10.938,9.361,0.952,9.934,1.077,10.397,0.982,9.807,10.14,0.931,10.078,1.057,11.042
3,605.63,105.503,11.033,103.063,113.557,0.962,119.322,106.326,105.124,10.326,114.079,96.587,1.075,119.047,101.713
1,605.718,1.095,9.794,10.114,1.002,9.99,1.022,9.881,1.072,10.299,10.444,1.031,10.494,0.956,10.559
3,605.925,110.612,11.166,113.37,109.787,0.969,108.069,117.112,108.635,10.675,102.94,104.887,1.062,106.814,119.298
4,606.06,0.978,1.132,104.52,11.508,93.786,1.105,110.264,1.107,1.11,98.388,11.351,104.615,1.042,111.619
2,606.593,1.151,10.412,110.212,105.18,110.895,10.123,95.41,1.072,10.212,102.288,105.129,104.186,10.87,111.211
4,607.289,1.024,1.039,96.793,11.676,108.344,0.947,110.153,1.057,1.055,102.936,10.988,102.658,1.109,101.362
1,608.097,1.029,10.502,9.925,1.064,10.094,0.975,10.724,0.958,10.912,9.661,0.951,10.108,0.948,10.155
3,608.476,105.899,10.332,109.779,100.631,0.992,117.978,100.987,109.669,11.076,102.608,110.596,1.088,116.607,108.924
2,608.572,1.061,11.229,94.974,107.816,95.977,9.971,111.652,1.005,11.571,104.413,107.743,100.296,9.729,99.004
1,608.892,1.118,10.331,10.701,1.019,10.088,1.034,9.456,1.092,10.049,9.999,0.96,9.463,0.966,9.824
2,608.901,1.075,10.241,99.165,102.24,96.483,11.03,99.978,1.072,11.165,104.368,96.064,102.865,11.031,110.761
4,609.078,1.138,1.028,108.281,10.988,110.407,0.97,105.89,1.126,0.979,95.638,10.352,102.066,1.12,111.707
4,609.206,1.038,1.134,107.824,10.938,94.57,0.987,106.499,1.018,1.122,102.582,11.656,95.767,1.117,112.768
3,609.751,94.55,9.94,99.228,110.016,1.057,116.247,115.212,110.276,9.781,102.454,113.236,0.976,105.947,107.26
4,610.648,1.108,1.096,92.706,11.147,101.367,0.948,104.999,1.115,1.027,104.301,9.938,94.106,1.03,103.733
3,610.93,102.899,9.418,115.463,98.235,0.95,107.231,112.833,100.609,11.161,103.589,107.443,0.995,103.101,117.343
3,612.004,101.697,10.146,105.963,99.733,0.928,101.793,110.932,100.329,11.002,108.548,107.539,1.03,113.343,110.295
2,612.586,1.001,11.269,101.197,100.706,109.041,11.503,103.961,0.994,11.622,96.339,105.167,95.897,10.967,98.219
2,613.025,1.055,11.399,100.259,95.672,108.26,9.988,105.818,1.161,9.948,106.02,99.865,99.501,10.928,112.286
1,613.065,1.014,9.69,9.769,1.068,10.947,0.962,9.617,0.969,9.586,10.15,1.088,10.904,0.973,9.475
1,613.088,1.01,10.469,10.703,1.068,9.685,1.105,11.042,1.08,9.59,10.954,0.97,10.346,1.08,10.602
2,613.426,1.037,11.081,99.075,97.288,96.601,10.561,95.255,1.056,10.919,99.712,95.107,112.921,9.771,111.945
1,613.455,1.019,10.102,10.693,0.953,9.587,1.105,9.475,1.11,9.53,10.774,1.04,9.955,1.045,10.312
4,613.643,1.148,1.111,107.034,10.031,97.631,1.029,104.053,1.05,0.964,102.354,10.015,99.811,0.956,101.328
2,614.663,1.047,10.189,106.928,109.397,107.538,10.958,100.326,1.073,10.602,101.439,101.075,111.517,11.392,96.253
2,614.685,0.984,11.628,101.568,100.905,111.451,10.037,106.061,1.086,10.934,100.834,98.166,108.019,10.591,105.99
3,615.056,111.279,10.981,101.202,110.207,0.935,106.419,104.587,101.172,11.179,100.394,109.073,1.042,109.11,104.962
2,616.107,1.064,10.934,105.752,104.567,112.488,10.103,108.475,1.029,10.187,99.722,95.74,109.291,10.083,106.341
1,616.658,1.018,9.517,9.34,1.078,9.762,0.988,9.475,1.043,10.174,9.622,1.035,10.494,1.091,10.984
2,617.055,1.074,10.013,109.244,98.888,102.011,10.245,108.134,1.047,10.754,106.542,100.905,109.242,10.143,96.862
3,617.364,102.26,10.592,111.747,109.316,1.03,103.172,116.338,98.593,10.212,115.606,110.727,1.056,110.983,101.313
1,618.192,1.032,9.707,9.443,0.965,10.485,1.09,9.452,1.033,10.604,10.009,1.046,10.395,1.025,10.774
2,618.39,1.088,10.737,102.286,94.799,110.714,10.006,96.926,1.165,10.037,109.525,96.136,112.727,10.882,95.217
4,618.953,1.073,1.068,92.549,11.001,106.371,1.083,96.152,1.017,1.095,104.981,10.524,108.496,0.997,110.885
3,618.971,107.915,10.818,109.602,108.89,0.924,111.599,101.634,96.027,10.209,99.433,111.77,0.967,103.366,111.197
4,619.089,1.063,1.059,100.422,11.747,94.927,1.069,108.111,0.986,1.002,94.315,11.167,104.509,1.028,104.309
4,619.091,1.016,1.028,103.049,10.772,102.989,1.024,106.847,1.072,0.989,96.689,10.328,97.402,0.96,96.744
4,619.738,1.101,1.071,94.602,11.52,97.012,0.985,97.657,1.075,0.97,95.999,11.079,97.53,1.114,105.89
1,620.153,1.087,10.374,9.808,1.063,10.829,0.96,10.058,1.085,10.542,10.001,0.994,9.339,1.02,9.793
3,620.659,110.977,11.066,101.609,110.764,1.051,112.617,114.057,106.997,10.013,116.811,109.073,1.038,112.066,102.303
4,620.9,0.975,1.002,95.31,10.476,105.665,0.959,108.748,1.149,1.016,96.117,10.182,94.523,1.107,100.483
4,621.138,1.152,0.979,100.935,11.554,104.875,1.085,109.492,1.016,1.024,108.388,9.933,94.591,1.083,96.033
2,621.207,1.032,10.016,105.462,101.628,111.417,11.337,108.902,1.111,11.545,110.645,99.06,95.914,10.544,100.623
1,621.459,1.108,10.342,10.096,1.029,10.196,1.084,9.591,1.099,11.067,9.961,1.088,9.917,1.045,9.451
2,621.858,1.08,11.133,99.133,104.212,106.283,11.337,98.222,1.035,9.956,106.422,93.843,113.029,10.32,102.354
4,622.669,0.985,1.074,105.94,11.32,104.296,0.987,111.919,1.05,0.993,100.565,10.494,100.04,1.03,98.625
3,622.781,106.325,10.325,99.296,99.457,0.927,100.759,106.679,98.411,10.19,104.157,112.74,1.02,117.313,101.663
1,622.785,1.089,10.704,9.963,1.003,9.429,1.058,10.227,1.039,9.437,10.21,1.069,9.384,1.001,10.307
4,622.888,0.99,1.091,107.35,10.032,99.777,0.999,112.069,1.155,0.989,98.628,10.336,99.298,1.073,102.58
2,623.434,0.985,9.965,99.299,99.474,113.67,10.793,104.944,1.074,10.737,106.588,96.22,113.622,10.195,109.043
4,623.504,1.067,1.06,94.25,11.431,95.837,1.093,99.152,1.153,0.969,103.548,10.182,98.147,1.005,101.55
4,624.337,1.067,0.99,92.116,10.728,98.208,1.095,105.372,1.156,1.015,107.707,11.531,94.722,1.106,108.839
1,624.425,1.094,9.951,9.48,1.013,9.452,0.965,9.366,1.134,9.837,10.326,1.071,9.549,1.072,10.8
4,624.438,1.099,1.041,107.902,10.973,104.591,1.093,101.511,1.037,1.009,93.071,11.747,98.324,1.058,107.408
1,624.715,0.973,10.807,9.962,1.075,9.892,1.075,10.39,1.104,10.073,10.055,1.067,10.777,0.965,9.846
1,624.785,1.11,9.594,9.851,0.977,10.223,0.979,9.505,1.081,10.148,10.769,1.025,10.15,1.012,10.532
4,624.816,1.114,1.005,99.536,11.08,95.035,1.097,98.843,1.12,1.009,106.959,11.672,109.682,0.988,110.593
4,624.883,1.06,0.983,98.815,11.761,102.234,1.034,99.203,0.985,0.967,108.262,11.326,93.39,1.099,113.128
1,624.973,0.971,10.612,10.094,1.023,9.645,1.043,10.285,1.048,10.749,10.764,0.944,9.9,0.959,9.503
2,625.371,1.036,11.187,95.039,108.819,113.395,11.284,102.1,1.112,10.062,109.159,99.243,104.227,11.027,109.86
2,625.507,1.117,10.672,109.957,95.107,109.126,11.41,108.567,1.022,11.219,98.302,99.629,108.801,9.743,103.507
2,625.635,0.981,11.587,97.972,99.002,113.819,10.307,106.234,1.138,10.312,112.191,105.844,100.945,11.39,104.251
2,625.852,1.123,11.416,100.498,96.747,113.012,11.277,100.875,1.033,10.249,95.663,94.887,97.272,9.99,100.094
1,625.854,1.034,9.612,10.565,0.929,9.563,1.094,9.836,1.064,10.716,10.265,1.025,9.225,1.064,10.813
2,625.952,1.081,11.395,111.916,100.658,100.265,10.456,108.466,1.076,10.919,106.228,94.157,107.755,9.99,100.31
2,626.07,1.041,10.794,96.54,98.745,108.492,10.763,101.7,1.036,11.248,106.367,105.481,99.457,11.03,108.07
3,626.095,96.761,9.876,116.611,114.042,1.085,108.661,106.012,100.88,10.436,99.228,105.956,1.002,114.419,108.885
4,626.628,1.111,1.031,103.739,11.628,95.502,1.089,102.986,1.045,1.078,104.371,11.119,97.949,1.02,113.31
1,626.979,1.059,10.979,9.4,1.076,9.611,1.039,9.414,0.996,9.87,9.85,1.074,9.526,0.946,9.371
4,626.979,1.096,0.965,101.413,11.732,94.828,0.978,111.504,1.138,1.136,105.101,10.599,100.082,1.049,100.961
3,627.044,101.402,9.707,108.428,100.326,0.945,102.134,100.346,94.439,11.084,106.855,112.326,0.989,108.636,103.486
2,627.075,1.02,11.038,96.947,105.18,106.786,10.959,103.678,1.114,11.605,106.852,105.234,107.466,9.802,98.444
3,628.728,110.307,10.907,100.297,99.933,0.963,114.543,115.907,103.36,10.169,106.935,109.836,1.022,102.753,104.892
4,628.757,1.043,1.138,103.017,10.601,101.445,1.073,111.896,1.075,0.966,98.767,11.135,106.382,0.994,101.859
3,629.111,100.769,10.914,103.036,102.047,1.088,101.921,117.171,109.744,10.805,99.226,101.826,0.94,106.818,111.359
4,629.242,1.045,1.113,93.288,10.848,96.86,1.095,109.88,1.076,1.069,100.691,10.617,108.673,0.972,103.139
3,629.274,93.859,11.024,103.029,104.53,0.922,105.174,112.344,101.947,10.473,110.019,103.065,1.002,101.949,116.444
1,629.637,0.955,11.023,11.022,0.989,10.179,0.998,10.095,1.106,10.486,10.693,0.966,10.551,0.955,10.678
3,629.761,109.423,10.406,110.177,105.492,0.974,115.734,109.903,96.965,10.704,105.461,109.992,1.039,116.556,110.127
2,631.17,1.053,11.241,111.604,107.518,100.101,10.332,104.416,1.095,10.212,104.664,97.231,112.773,11.089,106.971
2,631.653,1.165,10.618,111.157,97.448,107.111,10.774,105.486,1.005,11.628,101.282,105.526,103.267,10.143,99.847
1,631.955,1.125,10.102,10.796,1.07,10.696,1.087,10.561,1.036,10.3,10.133,1.03,9.384,1.036,9.371
2,632.089,1.164,10.229,112.602,102.122,99.031,11.065,106.954,1.004,10.378,100.71,94.955,105.356,9.729,99.699
2,633.338,1.094,11.447,108.473,95.949,103.857,11.225,105.028,1.062,9.978,111.651,105.764,113.803,11.381,97.211
2,633.563,1.125,10.762,98.641,96.301,113.859,11.007,111.883,1.114,11.435,100.022,95.732,109.538,11.453,102.165
2,634.732,1.084,10.621,101.067,99.875,102.713,9.87,108.144,1.16,9.974,111.528,108.336,97.178,11.1,99.045
2,634.805,1.123,10.717,105.608,103.97,106.175,10.219,104.292,1.048,11.617,110.078,110.421,102.042,9.849,95.188
2,636.055,1.107,10.348,111.054,110.034,108.493,11.514,106.431,1.092,10.608,111.445,103.13,97.73,10.362,103.318
3,636.989,100.616,10.604,106.135,111.372,0.995,100.759,111.397,98.452,11.106,112.386,110.633,0.925,105.494,112.579
4,637.358,1.109,1.1,99.893,10.919,109.642,1.074,99.536,1.111,1.098,105.588,10.734,109.858,1.011,110.941
1,638.233,1.074,10.437,10.265,1.001,9.415,1.056,10.867,1.131,9.373,10.026,0.931,9.699,1.046,10.38
2,638.372,1.102,10.833,102.41,99.002,98.232,11.304,97.076,1.108,10.613,101.247,108.46,107.111,10.219,108.348
4,638.686,1.082,1.034,105.104,11.384,93.51,1.086,110.14,1.016,1.047,98.471,11.207,110.333,1.007,102.663
4,638.812,1.063,1.113,95.31,10.955,104.089,1.04,104.709,1.119,1.002,105.874,10.395,98.383,1.049,99.076
3,639.088,101.81,9.796,103.955,107.333,1.087,118.226,101.606,102.263,10.812,102.918,99.679,0.967,111.349,106.445
1,639.092,1.081,10.554,10.726,0.958,9.901,1.061,10.045,0.993,10.557,10.052,0.922,10.174,1.047,10.945
4,639.484,1.122,0.961,103.277,11.55,100.294,0.981,113.442,0.992,0.986,92.087,11.146,93.444,0.963,100.934
2,639.586,1.084,11.029,111.983,108.119,106.866,10.431,109.946,1.163,11.635,97.066,102.437,105.849,9.767,97.841
2,639.82,1.088,10.355,106.848,102.992,102.033,10.953,107.699,0.995,10.52,111.136,102.727,106.332,10.413,95.814
2,640.047,1.164,11.201,107.893,104.68,110.338,9.958,95.699,1.16,11.435,111.61,96.223,101.858,10.573,101.27
1,640.084,1.073,10.847,9.699,1.013,9.812,1.066,10.537,1.06,10.52,9.615,1.062,9.455,1.112,10.914
2,640.627,0.984,11.487,100.715,97.845,101.884,10.446,111.896,0.997,11.618,101.718,101.418,108.994,9.971,108.475
2,641.624,1.033,10.058,104.326,103.475,99.597,9.988,111.997,1.084,11.107,107.81,94.054,113.219,10.859,105.421
4,641.962,1.047,1.017,92.116,10.471,103.482,1.05,112.528,1.121,1.022,105.975,11.429,110.135,0.963,108.998
2,642.189,1.147,11.04,102.722,94.322,110.295,10.554,105.461,1.113,10.666,100.545,99.744,113.388,10.536,98.969
4,642.312,1.137,1.058,105.169,10.742,100.218,1.008,96.663,1.047,1.026,101.543,11.545,103.918,1.082,102.335
2,642.335,1.072,10.895,108.805,97.722,109.962,9.743,106.234,0.992,11.637,98.664,101.208,107.998,10.921,95.41
3,643.12,107.483,9.896,99.469,97.564,1.083,111.407,117.191,109.915,10.247,110.47,107.565,1.085,106.292,118.411
4,643.146,1.122,0.969,108.667,11.411,100.889,0.994,102.561,1.06,1.058,106.754,11.431,98.684,0.96,112.898
4,643.398,1.114,1.005,95.619,11.634,97.776,1.062,103.935,1.01,0.976,91.658,11.657,102.677,1.045,102.61
4,643.498,1.099,1.01,108.41,11.747,101.46,1.001,108.634,1.099,1.002,104.17,11.629,107.741,1.036,101.511
1,644.249,1.019,9.891,10.749,0.967,9.736,0.962,10.769,1.124,10.928,9.458,0.931,9.971,0.959,10.482
1,644.592,1.121,10.669,10.154,1.071,9.321,1.027,10.454,1.087,10.827,10.654,1.03,10.311,1.106,9.871
2,644.632,1.027,10.529,111.624,100.823,105.4,11.097,97.811,1.016,11.409,99.145,93.935,111.873,10.887,103.678
2,644.846,1.055,11.463,99.549,105.947,103.146,9.742,107.961,1.036,10.968,110.966,96.064,99.663,10.709,105.869
1,645.12,1.01,10.169,10.578,1.033,9.795,1.018,11.121,1.059,10.697,9.857,1.085,10.624,0.964,9.943
4,645.222,1.119,1.133,99.982,10.511,103.089,1.048,112.153,0.996,0.973,104.965,11.308,96.059,0.997,112.091
3,645.777,107.778,10.298,103.142,105.555,0.936,101.514,109.233,98.284,10.564,99.832,97.157,1.032,108.047,106.264
1,645.936,1.126,9.41,10.473,1.04,10.677,1.031,10.668,1.1,10.194,9.972,0.949,9.357,1.054,9.448
3,647.408,96.761,10.181,117.061,103.085,0.997,106.202,101.663,107.496,9.517,109.758,108.773,1.085,114.419,110.757
4,647.928,1.125,1.083,105.434,11.681,95.54,1.057,108.608,0.977,1.117,105.836,11.692,106.687,1.023,99.385
1,648.962,1.026,11.12,10.37,0.972,9.946,0.989,9.685,1.127,10.612,10.129,1.093,9.621,1.114,9.677
4,649.457,0.985,1.073,95.768,10.329,109.642,1.067,100.709,0.98,1.086,95.481,10.601,102.842,1.088,106.176
1,649.655,1.034,10.119,9.577,1.055,9.762,1.01,10.817,0.973,9.563,10.103,1.008,9.489,1.078,10.486
4,650.398,1.123,1.011,105.734,11.508,108.565,1.123,113.718,1.143,1.123,107.168,10.708,103.352,0.978,106.095
1,651.267,1.096,10.297,10.928,0.924,10.955,0.965,10.8,1.012,10.995,11.022,0.978,9.971,1.038,10.014
2,651.336,1.133,10.165,101.045,108.144,108.73,9.864,105.869,1.088,11.367,107.309,99.794,96.394,11.472,97.211
3,651.478,98.465,11.036,104.469,97.344,0.983,115.882,115.973,110.996,10.297,116.428,99.603,1.007,103.778,115.626
3,652.248,100.329,10.84,108.741,107.591,1.008,112.265,109.129,102.032,10.962,103.094,100.955,1.08,107.685,113.679
2,652.8,0.988,11.276,95.281,104.536,106.111,10.959,102.778,1.135,11.597,108.417,96.756,97.365,11.274,108.567
4,652.896,1.061,1.046,92.789,9.928,109.294,1.079,97.619,0.993,1.045,96.024,10.457,98.523,1.028,105.89
2,652.973,1.03,10.553,103.117,94.739,101.321,11.055,94.776,1.012,11.601,94.789,111.192,96.835,11.03,109.669
3,654.184,96.959,10.795,116.502,96.811,0.958,106.084,113.523,99.735,10.099,105.989,112.163,1.022,100.958,116.958
2,656.227,1.159,9.957,112.679,100.315,110.607,10.109,95.38,1.011,11.559,95.478,105.333,104.181,9.765,110.44
2,657.468,1.158,11.594,100.322,111.205,104.696,11.225,103.722,1.095,11.7,95.778,107.433,98.165,11.115,103.156
4,657.906,1.067,1.093,99.109,11.597,97.531,0.98,100.266,1.098,1.05,104.479,10.599,97.531,1.1,97.152
4,658.198,1.092,1.043,106.155,10.145,97.776,1.013,107.255,1.125,1.104,100.828,11.42,94.732,1.072,112.045
4,658.263,1.018,1.06,106.932,10.063,99.117,1.098,98.754,1.056,1.047,104.838,10.47,103.622,1.058,95.698
4,658.362,1.129,1.136,93.245,11.17,95.502,1.013,111.059,1.095,1.046,94.39,10.173,97.897,1.117,109.101
4,659.052,1.132,1.072,97.118,9.982,96.533,0.95,96.13,1.052,0.973,92.389,11.569,103.622,0.949,105.533
3,660.92,99.279,10.051,99.228,101.134,0.957,111.08,101.683,96.955,9.833,116.058,106.173,1.013,103.382,104.163
3,661.684,109.981,9.764,104.359,100.446,0.937,101.1,114.881,104.417,10.786,99.228,98.981,1.036,116.947,112.257
3,662.04,109.972,10.864,112.17,107.539,0.93,104.797,113.88,95.668,10.373,101.642,103.085,0.991,118.695,114.488
3,662.088,96.027,9.902,99.296,109.281,1.088,105.438,118.491,110.028,11.022,101.433,107.606,1.053,101.34,106.565
3,662.727,109.915,10.384,100.394,96.209,0.982,112.745,117.051,110.612,9.71,108.75,96.8,0.968,118.207,107.906
3,662.739,94.231,10.84,103.142,107.088,1.008,109.313,114.148,108.086,9.965,102.48,99.78,0.955,104.827,105.672
4,663.595,1.092,1.028,94.514,11.102,99.917,0.995,105.098,1.062,1.024,92.648,10.525,93.906,1.058,107.366
3,664.117,106.8,9.71,108.161,105.956,1.07,103.322,105.06,104.553,10.597,109.172,111.274,1.036,111.748,101.256
3,665.081,104.846,11.063,111.253,98.305,0.978,106.77,118.817,108.182,10.256,106.9,112.126,1.027,107.651,112.841
3,665.144,103.797,10.665,103.312,98.833,1.056,105.592,109.146,109.448,10.658,111.963,101.078,1.056,108.343,109.162
4,666.608,0.989,1.112,105.94,11.012,97.663,1.116,99.352,1.073,0.991,107.592,11.659,109.961,0.976,99.139
4,666.624,1.069,1.028,95.437,10.919,109.855,1.083,110.969,0.979,0.973,96.211,10.194,106.1,1.004,108.987
4,667.328,1.115,1.01,94.114,10.988,108.808,1.09,95.912,1.06,1.053,107.332,11.726,109.682,0.969,96.094
4,669.401,1.012,1.101,100.664,10.936,99.692,1.121,110.776,1.114,1.001,107.829,10.918,99.551,0.996,104.999
4,669.59,1.035,1.095,102.221,10.457,109.722,0.982,99.382,1.156,1.015,102.228,11.51,100.964,1.045,113.272
4,670.185,0.999,1.113,93.604,11.368,109.583,0.961,111.139,1.029,1.083,98.289,11.662,103.567,1.102,100.896
3,670.27,104.19,10.418,107.991,103.995,1.076,118.821,102.207,96.959,10.785,107.872,114.152,1.02,108.329,100.946
4,671.408,1.147,1.111,101.119,11.747,94.722,1.084,105.076,1.087,1.059,101.066,10.815,103.482,0.95,96.531
4,671.49,1.036,1.098,97.134,10.061,96.309,1.033,97.455,1.022,0.995,105.893,10.662,102.658,0.996,100.292
3,672.346,110.969,10.606,113.361,103.263,0.961,106.925,106.76,94.49,11.063,103.595,96.42,0.925,108.419,109.091
4,672.426,1.007,1.037,107.37,11.242,107.351,1.109,112.695,1.133,1.009,98.303,11.618,100.546,1.062,105.521
3,672.516,106.886,9.763,99.252,100.291,0.99,103.901,117.05,98.411,10.712,113.361,106.684,1.052,106.908,106.46
3,675.607,103.066,10.043,112.203,105.678,1.002,119.047,110.331,103.915,10.048,110.458,114.031,1.08,115.862,104.184
4,676.417,1.037,1.043,103.209,10.734,101.46,1.0,106.847,1.14,1.054,107.363,10.809,107.12,1.041,99.252
4,679.494,1.119,1.137,97.393,11.635,98.113,1.074,100.809,1.046,1.005,95.243,11.03,95.965,1.057,102.455
4,680.538,0.994,1.071,101.585,11.346,97.644,0.97,95.849,1.002,1.111,94.845,10.592,107.795,0.974,110.871
4,681.678,1.118,1.068,98.312,10.006,107.795,0.96,98.183,0.985,1.002,95.833,11.118,103.298,1.085,111.615
4,683.396,0.989,0.981,102.017,11.422,96.013,1.084,96.028,1.065,1.045,104.953,10.44,101.657,0.964,96.673
4,683.679,1.129,1.046,96.117,11.726,94.5,0.974,96.675,1.155,1.08,101.557,11.508,99.18,1.096,111.468
4,684.871,0.994,1.115,107.902,10.008,95.967,1.007,100.131,1.032,1.01,101.006,10.877,104.353,1.038,104.939
4,697.908,1.126,1.11,108.41,9.957,98.05,1.115,103.975,1.018,1.007,107.592,11.326,103.881,1.101,99.11
4,697.962,1.081,1.015,94.315,10.922,96.86,1.093,105.372,1.055,1.093,104.479,11.012,104.483,1.013,105.523
4,698.281,1.016,0.982,102.939,9.929,99.206,1.082,99.252,1.147,1.026,103.955,10.832,97.641,0.96,105.849
4,703.479,1.119,1.011,102.473,9.924,98.548,1.098,102.873,1.145,0.965,106.825,11.012,99.592,1.109,104.895
4,703.651,1.155,0.981,104.891,11.436,108.829,1.023,96.675,1.021,1.003,102.656,10.617,100.718,1.084,108.55
4,705.889,1.104,0.973,92.154,11.46,93.647,0.996,99.339,0.988,0.979,104.965,11.651,96.441,0.964,113.618
4,708.761,1.023,1.077,91.869,10.085,93.709,1.09,113.522,1.052,1.138,106.908,11.597,94.228,0.995,96.193
4,711.195,1.005,1.108,100.562,11.703,103.567,1.014,98.942,1.013,1.134,100.545,10.363,104.833,1.065,108.904
4,712.161,1.127,0.971,103.471,10.186,97.721,1.088,113.31,1.064,1.011,96.977,10.602,102.58,0.969,95.997
4,712.772,1.076,1.038,105.975,11.713,106.027,1.124,109.835,1.14,1.071,97.545,10.488,110.328,1.09,113.379
4,714.953,1.038,1.054,98.672,11.662,102.032,1.003,110.884,1.11,0.984,96.282,11.796,97.58,1.092,110.35
4,714.957,1.109,1.054,91.935,9.946,96.249,0.982,104.911,1.151,1.136,97.057,11.798,110.023,0.98,101.207
4,715.194,1.082,0.979,97.677,10.848,100.329,1.017,113.274,0.994,1.002,101.48,10.224,110.433,0.967,97.009
4,720.072,1.065,1.07,97.991,11.498,108.669,0.991,99.139,1.061,1.137,101.765,10.284,97.802,0.959,101.619
4,721.356,1.021,1.08,96.158,10.323,96.863,1.1,96.022,1.067,1.038,104.387,11.68,99.298,0.974,97.553
4,725.06,1.101,1.004,103.896,11.392,97.58,1.029,107.773,0.984,1.047,93.245,11.3,96.78,0.977,97.021
4,725.66,1.107,0.962,103.713,11.133,98.169,1.016,109.103,1.02,1.004,99.287,11.423,103.967,0.952,112.836
4,727.566,1.081,1.066,105.102,11.102,108.192,1.116,101.645,0.985,1.106,104.322,10.707,102.688,1.027,105.159
4,728.17,1.02,1.136,105.014,11.261,103.055,0.975,101.901,0.98,0.984,104.146,10.876,94.545,1.108,102.009
4,730.93,1.093,0.979,95.011,11.174,104.086,1.004,95.786,1.094,1.041,97.198,10.445,109.65,0.948,100.803
4,732.628,0.974,0.99,95.899,10.796,96.78,0.993,101.37,0.981,1.133,93.838,11.303,107.288,1.084,103.953
4,733.224,1.014,1.116,101.46,11.226,105.132,0.997,97.581,1.092,1.091,99.113,11.781,104.448,1.023,99.07
4,733.569,1.067,0.986,105.874,10.883,104.515,0.964,102.483,0.995,0.963,96.938,10.185,105.132,0.988,99.435
4,734.137,1.05,1.11,106.401,11.134,106.272,1.04,104.187,1.061,1.031,103.424,10.674,104.526,0.96,103.492
4,734.575,0.986,1.097,94.259,11.162,108.847,1.096,108.308,1.002,1.128,103.103,10.66,108.824,1.097,105.159
4,734.605,1.155,1.11,105.508,10.056,100.383,0.99,111.468,1.114,1.11,94.825,11.015,94.174,0.952,97.379
4,736.058,1.031,1.088,102.806,11.67,97.889,1.084,102.033,1.123,1.113,99.335,10.666,104.089,1.109,105.188
