id,type,urgency,status,assigned_machine,arrival_time,execution_time,energy_usage,start_time,completion_time,missed_time,deadline,extended_deadline
0,T5,BESTEFFORT,COMPLETED,m1-1,0.056,"{'m1-1': 23.61, 'm2-1': 24.17, 'm3-1': 5.57, 'm4-1': 5.24, 'm5-1': 10.86, 'm6-1': 1.05, 'm7-1': 99.37, 'm8-1': 164.13}",35.415,0.056,23.666,inf,110.056,110.056
1,T7,BESTEFFORT,COMPLETED,m2-1,1.084,"{'m1-1': 28.97, 'm2-1': 28.25, 'm3-1': 5.58, 'm4-1': 5.27, 'm5-1': 11.5, 'm6-1': 1.02, 'm7-1': 100.67, 'm8-1': 162.41}",42.375,1.084,29.334,inf,111.084,111.084
2,T5,BESTEFFORT,COMPLETED,m3-1,3.053,"{'m1-1': 25.88, 'm2-1': 25.92, 'm3-1': 5.36, 'm4-1': 5.3, 'm5-1': 10.88, 'm6-1': 1.01, 'm7-1': 104.86, 'm8-1': 156.29}",8.040000000000001,3.053,8.413,inf,113.053,113.053
3,T5,BESTEFFORT,COMPLETED,m4-1,4.598,"{'m1-1': 24.48, 'm2-1': 25.17, 'm3-1': 5.11, 'm4-1': 5.23, 'm5-1': 10.85, 'm6-1': 0.99, 'm7-1': 94.45, 'm8-1': 160.09}",7.845000000000001,4.598,9.828,inf,114.598,114.598
4,T1,BESTEFFORT,COMPLETED,m5-1,6.113,"{'m1-1': 25.09, 'm2-1': 26.75, 'm3-1': 5.38, 'm4-1': 5.2, 'm5-1': 9.65, 'm6-1': 1.07, 'm7-1': 111.0, 'm8-1': 159.61}",14.475000000000001,6.113,15.763000000000002,inf,116.113,116.113
5,T5,BESTEFFORT,COMPLETED,m6-1,6.56,"{'m1-1': 27.3, 'm2-1': 26.24, 'm3-1': 5.71, 'm4-1': 5.4, 'm5-1': 10.94, 'm6-1': 0.94, 'm7-1': 110.19, 'm8-1': 158.34}",1.41,6.56,7.5,inf,116.56,116.56
6,T3,BESTEFFORT,COMPLETED,m7-1,6.607,"{'m1-1': 27.82, 'm2-1': 27.04, 'm3-1': 5.07, 'm4-1': 4.95, 'm5-1': 9.63, 'm6-1': 0.92, 'm7-1': 105.52, 'm8-1': 148.14}",158.28,6.607,112.127,inf,116.607,116.607
7,T4,BESTEFFORT,MISSED,m8-1,6.778,"{'m1-1': 25.91, 'm2-1': 26.56, 'm3-1': 5.5, 'm4-1': 5.79, 'm5-1': 10.32, 'm6-1': 0.99, 'm7-1': 97.15, 'm8-1': 151.39}",165.0,6.778,inf,116.778,116.778,116.778
8,T6,BESTEFFORT,COMPLETED,m6-1,7.59,"{'m1-1': 26.78, 'm2-1': 23.7, 'm3-1': 5.7, 'm4-1': 5.25, 'm5-1': 9.84, 'm6-1': 1.04, 'm7-1': 111.65, 'm8-1': 165.29}",1.56,7.59,8.629999999999999,inf,117.59,117.59
9,T3,BESTEFFORT,COMPLETED,m3-1,9.904,"{'m1-1': 29.08, 'm2-1': 25.99, 'm3-1': 5.41, 'm4-1': 5.05, 'm5-1': 10.96, 'm6-1': 1.0, 'm7-1': 115.56, 'm8-1': 153.28}",8.115,9.904,15.314,inf,119.904,119.904
10,T8,BESTEFFORT,COMPLETED,m4-1,9.931,"{'m1-1': 29.11, 'm2-1': 26.83, 'm3-1': 5.7, 'm4-1': 5.13, 'm5-1': 10.55, 'm6-1': 1.0, 'm7-1': 101.5, 'm8-1': 143.98}",7.695,9.931,15.061,inf,119.931,119.931
11,T5,BESTEFFORT,COMPLETED,m6-1,11.678,"{'m1-1': 25.64, 'm2-1': 24.15, 'm3-1': 5.2, 'm4-1': 4.96, 'm5-1': 10.25, 'm6-1': 0.98, 'm7-1': 97.63, 'm8-1': 164.79}",1.47,11.678,12.658000000000001,inf,121.678,121.678
12,T4,BESTEFFORT,COMPLETED,m6-1,12.677,"{'m1-1': 27.12, 'm2-1': 26.01, 'm3-1': 5.36, 'm4-1': 5.5, 'm5-1': 11.33, 'm6-1': 1.02, 'm7-1': 112.94, 'm8-1': 175.88}",1.53,12.677,13.697,inf,122.67699999999999,122.67699999999999
13,T1,BESTEFFORT,COMPLETED,m6-1,14.475,"{'m1-1': 27.7, 'm2-1': 25.77, 'm3-1': 5.72, 'm4-1': 4.95, 'm5-1': 11.03, 'm6-1': 1.02, 'm7-1': 110.05, 'm8-1': 151.18}",1.53,14.475,15.495,inf,124.475,124.475
14,T7,BESTEFFORT,COMPLETED,m1-1,14.958,"{'m1-1': 25.05, 'm2-1': 26.11, 'm3-1': 5.9, 'm4-1': 5.2, 'm5-1': 9.98, 'm6-1': 1.09, 'm7-1': 96.93, 'm8-1': 159.92}",37.575,23.666,48.716,inf,124.958,124.958
15,T4,BESTEFFORT,COMPLETED,m3-1,17.871,"{'m1-1': 27.06, 'm2-1': 26.9, 'm3-1': 5.07, 'm4-1': 5.5, 'm5-1': 10.21, 'm6-1': 1.08, 'm7-1': 100.24, 'm8-1': 163.05}",7.605,17.871,22.941,inf,127.871,127.871
16,T5,BESTEFFORT,COMPLETED,m4-1,18.212,"{'m1-1': 24.85, 'm2-1': 26.86, 'm3-1': 5.19, 'm4-1': 5.77, 'm5-1': 11.21, 'm6-1': 0.98, 'm7-1': 106.14, 'm8-1': 158.62}",8.655,18.212,23.982,inf,128.212,128.212
17,T5,BESTEFFORT,COMPLETED,m5-1,18.232,"{'m1-1': 24.17, 'm2-1': 24.33, 'm3-1': 5.35, 'm4-1': 5.04, 'm5-1': 10.89, 'm6-1': 1.02, 'm7-1': 100.74, 'm8-1': 153.26}",16.335,18.232,29.122,inf,128.232,128.232
18,T6,BESTEFFORT,COMPLETED,m6-1,19.657,"{'m1-1': 27.68, 'm2-1': 25.55, 'm3-1': 5.39, 'm4-1': 5.65, 'm5-1': 11.07, 'm6-1': 1.01, 'm7-1': 102.5, 'm8-1': 145.35}",1.5150000000000001,19.657,20.667,inf,129.657,129.657
19,T8,BESTEFFORT,COMPLETED,m2-1,20.098,"{'m1-1': 24.8, 'm2-1': 27.69, 'm3-1': 5.88, 'm4-1': 4.99, 'm5-1': 9.57, 'm6-1': 1.08, 'm7-1': 115.05, 'm8-1': 157.68}",41.535000000000004,29.334,57.024,inf,130.098,130.098
20,T8,BESTEFFORT,COMPLETED,m3-1,20.257,"{'m1-1': 27.1, 'm2-1': 26.67, 'm3-1': 5.24, 'm4-1': 5.58, 'm5-1': 9.75, 'm6-1': 1.06, 'm7-1': 98.66, 'm8-1': 157.43}",7.86,22.941,28.180999999999997,inf,130.257,130.257
21,T3,BESTEFFORT,COMPLETED,m4-1,20.597,"{'m1-1': 26.6, 'm2-1': 26.86, 'm3-1': 4.92, 'm4-1': 5.44, 'm5-1': 10.95, 'm6-1': 0.98, 'm7-1': 116.32, 'm8-1': 160.34}",8.16,23.982,29.422,inf,130.597,130.597
22,T1,BESTEFFORT,COMPLETED,m6-1,21.415,"{'m1-1': 26.52, 'm2-1': 27.47, 'm3-1': 5.33, 'm4-1': 5.14, 'm5-1': 10.04, 'm6-1': 1.12, 'm7-1': 112.23, 'm8-1': 155.14}",1.6800000000000002,21.415,22.535,inf,131.415,131.415
23,T3,BESTEFFORT,COMPLETED,m5-1,21.845,"{'m1-1': 25.55, 'm2-1': 27.06, 'm3-1': 5.11, 'm4-1': 4.91, 'm5-1': 9.85, 'm6-1': 0.98, 'm7-1': 116.98, 'm8-1': 162.57}",14.774999999999999,29.122,38.972,inf,131.845,131.845
24,T4,BESTEFFORT,COMPLETED,m6-1,22.124,"{'m1-1': 28.02, 'm2-1': 24.33, 'm3-1': 5.79, 'm4-1': 4.97, 'm5-1': 9.89, 'm6-1': 0.95, 'm7-1': 108.92, 'm8-1': 150.04}",1.4249999999999998,22.535,23.485,inf,132.124,132.124
25,T8,BESTEFFORT,MISSED,m7-1,22.167,"{'m1-1': 29.23, 'm2-1': 25.44, 'm3-1': 5.37, 'm4-1': 5.38, 'm5-1': 10.45, 'm6-1': 1.06, 'm7-1': 109.4, 'm8-1': 164.04}",30.06000000000001,112.127,inf,132.167,132.167,132.167
26,T5,BESTEFFORT,MISSED,m8-1,22.293,"{'m1-1': 24.96, 'm2-1': 25.84, 'm3-1': 5.22, 'm4-1': 5.24, 'm5-1': 9.62, 'm6-1': 0.97, 'm7-1': 106.63, 'm8-1': 173.07}",23.2725,116.778,inf,132.293,132.293,132.293
27,T8,BESTEFFORT,COMPLETED,m6-1,23.611,"{'m1-1': 29.05, 'm2-1': 25.92, 'm3-1': 5.16, 'm4-1': 5.76, 'm5-1': 9.67, 'm6-1': 0.96, 'm7-1': 106.35, 'm8-1': 158.72}",1.44,23.611,24.571,inf,133.611,133.611
28,T6,BESTEFFORT,COMPLETED,m6-1,24.638,"{'m1-1': 28.3, 'm2-1': 26.73, 'm3-1': 5.0, 'm4-1': 5.06, 'm5-1': 11.35, 'm6-1': 0.98, 'm7-1': 106.13, 'm8-1': 146.83}",1.47,24.638,25.618000000000002,inf,134.638,134.638
29,T10,BESTEFFORT,COMPLETED,m6-1,27.024,"{'m1-1': 25.39, 'm2-1': 24.4, 'm3-1': 5.58, 'm4-1': 5.44, 'm5-1': 10.65, 'm6-1': 0.99, 'm7-1': 97.65, 'm8-1': 150.47}",1.4849999999999999,27.024,28.014,inf,137.024,137.024
30,T8,BESTEFFORT,COMPLETED,m3-1,28.532,"{'m1-1': 27.7, 'm2-1': 25.76, 'm3-1': 5.57, 'm4-1': 5.44, 'm5-1': 9.68, 'm6-1': 1.07, 'm7-1': 115.83, 'm8-1': 153.05}",8.355,28.532,34.102000000000004,inf,138.532,138.532
31,T3,BESTEFFORT,COMPLETED,m6-1,29.099,"{'m1-1': 24.68, 'm2-1': 24.77, 'm3-1': 5.71, 'm4-1': 4.96, 'm5-1': 10.12, 'm6-1': 1.08, 'm7-1': 113.54, 'm8-1': 140.44}",1.62,29.099,30.179000000000002,inf,139.099,139.099
32,T1,BESTEFFORT,COMPLETED,m4-1,29.819,"{'m1-1': 24.2, 'm2-1': 26.85, 'm3-1': 5.16, 'm4-1': 5.11, 'm5-1': 10.64, 'm6-1': 0.97, 'm7-1': 109.5, 'm8-1': 163.48}",7.665000000000001,29.819,34.929,inf,139.819,139.819
33,T1,BESTEFFORT,COMPLETED,m1-1,29.949,"{'m1-1': 24.86, 'm2-1': 27.4, 'm3-1': 5.2, 'm4-1': 5.13, 'm5-1': 9.86, 'm6-1': 1.02, 'm7-1': 116.88, 'm8-1': 153.22}",37.29,48.716,73.576,inf,139.949,139.949
34,T5,BESTEFFORT,COMPLETED,m6-1,30.675,"{'m1-1': 25.1, 'm2-1': 24.95, 'm3-1': 5.31, 'm4-1': 5.19, 'm5-1': 11.23, 'm6-1': 1.02, 'm7-1': 98.43, 'm8-1': 156.97}",1.53,30.675,31.695,inf,140.675,140.675
35,T7,BESTEFFORT,COMPLETED,m6-1,31.761,"{'m1-1': 28.1, 'm2-1': 27.56, 'm3-1': 4.99, 'm4-1': 5.01, 'm5-1': 11.54, 'm6-1': 1.06, 'm7-1': 96.76, 'm8-1': 168.55}",1.59,31.761,32.821,inf,141.761,141.761
36,T10,BESTEFFORT,COMPLETED,m2-1,32.066,"{'m1-1': 24.69, 'm2-1': 24.56, 'm3-1': 5.8, 'm4-1': 4.99, 'm5-1': 10.46, 'm6-1': 1.08, 'm7-1': 100.32, 'm8-1': 160.91}",36.839999999999996,57.024,81.584,inf,142.066,142.066
37,T6,BESTEFFORT,COMPLETED,m3-1,32.385,"{'m1-1': 25.67, 'm2-1': 26.93, 'm3-1': 5.17, 'm4-1': 5.04, 'm5-1': 11.19, 'm6-1': 0.99, 'm7-1': 110.63, 'm8-1': 156.29}",7.755,34.102000000000004,39.272000000000006,inf,142.385,142.385
38,T10,BESTEFFORT,COMPLETED,m6-1,33.188,"{'m1-1': 27.32, 'm2-1': 28.18, 'm3-1': 5.17, 'm4-1': 4.92, 'm5-1': 10.32, 'm6-1': 1.1, 'm7-1': 103.34, 'm8-1': 143.88}",1.6500000000000001,33.188,34.288000000000004,inf,143.188,143.188
39,T7,BESTEFFORT,COMPLETED,m4-1,33.468,"{'m1-1': 28.24, 'm2-1': 26.49, 'm3-1': 5.38, 'm4-1': 5.61, 'm5-1': 11.4, 'm6-1': 1.09, 'm7-1': 93.74, 'm8-1': 157.42}",8.415000000000001,34.929,40.539,inf,143.46800000000002,143.46800000000002
40,T2,BESTEFFORT,COMPLETED,m6-1,34.635,"{'m1-1': 24.9, 'm2-1': 26.37, 'm3-1': 5.72, 'm4-1': 4.82, 'm5-1': 11.08, 'm6-1': 1.07, 'm7-1': 107.41, 'm8-1': 166.24}",1.605,34.635,35.705,inf,144.635,144.635
41,T5,BESTEFFORT,COMPLETED,m6-1,36.787,"{'m1-1': 27.36, 'm2-1': 28.37, 'm3-1': 4.93, 'm4-1': 5.75, 'm5-1': 9.85, 'm6-1': 0.98, 'm7-1': 94.2, 'm8-1': 152.85}",1.47,36.787,37.766999999999996,inf,146.787,146.787
42,T8,BESTEFFORT,COMPLETED,m3-1,37.452,"{'m1-1': 26.04, 'm2-1': 24.19, 'm3-1': 5.77, 'm4-1': 5.76, 'm5-1': 9.62, 'm6-1': 0.95, 'm7-1': 113.14, 'm8-1': 148.53}",8.655,39.272000000000006,45.042,inf,147.452,147.452
43,T10,BESTEFFORT,COMPLETED,m5-1,39.209,"{'m1-1': 25.86, 'm2-1': 23.97, 'm3-1': 5.42, 'm4-1': 4.83, 'm5-1': 10.09, 'm6-1': 1.09, 'm7-1': 102.68, 'm8-1': 163.01}",15.135,39.209,49.29900000000001,inf,149.209,149.209
44,T10,BESTEFFORT,COMPLETED,m6-1,40.378,"{'m1-1': 27.76, 'm2-1': 25.76, 'm3-1': 5.77, 'm4-1': 5.26, 'm5-1': 10.5, 'm6-1': 0.96, 'm7-1': 105.4, 'm8-1': 146.16}",1.44,40.378,41.338,inf,150.378,150.378
45,T4,BESTEFFORT,COMPLETED,m4-1,40.902,"{'m1-1': 28.62, 'm2-1': 24.88, 'm3-1': 5.6, 'm4-1': 5.28, 'm5-1': 10.21, 'm6-1': 1.04, 'm7-1': 97.47, 'm8-1': 151.01}",7.92,40.902,46.182,inf,150.902,150.902
46,T3,BESTEFFORT,COMPLETED,m6-1,41.982,"{'m1-1': 26.04, 'm2-1': 26.17, 'm3-1': 5.37, 'm4-1': 5.11, 'm5-1': 10.98, 'm6-1': 1.02, 'm7-1': 110.72, 'm8-1': 140.72}",1.53,41.982,43.002,inf,151.982,151.982
47,T6,BESTEFFORT,COMPLETED,m3-1,42.368,"{'m1-1': 25.29, 'm2-1': 27.04, 'm3-1': 5.16, 'm4-1': 5.34, 'm5-1': 10.27, 'm6-1': 0.92, 'm7-1': 102.5, 'm8-1': 149.22}",7.74,45.042,50.202,inf,152.368,152.368
48,T4,BESTEFFORT,COMPLETED,m4-1,42.989,"{'m1-1': 26.35, 'm2-1': 26.38, 'm3-1': 5.43, 'm4-1': 5.44, 'm5-1': 9.98, 'm6-1': 1.07, 'm7-1': 114.1, 'm8-1': 156.46}",8.16,46.182,51.622,inf,152.989,152.989
49,T9,BESTEFFORT,COMPLETED,m6-1,46.364,"{'m1-1': 25.41, 'm2-1': 25.63, 'm3-1': 5.14, 'm4-1': 5.27, 'm5-1': 11.33, 'm6-1': 1.07, 'm7-1': 102.7, 'm8-1': 144.57}",1.605,46.364,47.434,inf,156.364,156.364
50,T6,BESTEFFORT,COMPLETED,m6-1,47.536,"{'m1-1': 25.93, 'm2-1': 23.82, 'm3-1': 5.86, 'm4-1': 5.06, 'm5-1': 10.91, 'm6-1': 1.0, 'm7-1': 115.37, 'm8-1': 144.57}",1.5,47.536,48.536,inf,157.536,157.536
51,T2,BESTEFFORT,COMPLETED,m3-1,47.681,"{'m1-1': 27.53, 'm2-1': 24.56, 'm3-1': 5.49, 'm4-1': 5.72, 'm5-1': 10.82, 'm6-1': 1.01, 'm7-1': 96.24, 'm8-1': 148.47}",8.235,50.202,55.692,inf,157.68099999999998,157.68099999999998
52,T9,BESTEFFORT,COMPLETED,m6-1,48.689,"{'m1-1': 25.0, 'm2-1': 25.51, 'm3-1': 5.45, 'm4-1': 5.57, 'm5-1': 10.22, 'm6-1': 1.09, 'm7-1': 103.54, 'm8-1': 155.72}",1.6350000000000002,48.689,49.779,inf,158.689,158.689
53,T8,BESTEFFORT,COMPLETED,m5-1,50.19,"{'m1-1': 27.97, 'm2-1': 27.29, 'm3-1': 5.94, 'm4-1': 5.8, 'm5-1': 10.16, 'm6-1': 1.05, 'm7-1': 109.54, 'm8-1': 163.71}",15.24,50.19,60.349999999999994,inf,160.19,160.19
54,T9,BESTEFFORT,COMPLETED,m6-1,51.31,"{'m1-1': 28.1, 'm2-1': 29.37, 'm3-1': 5.12, 'm4-1': 5.32, 'm5-1': 9.56, 'm6-1': 1.02, 'm7-1': 111.72, 'm8-1': 146.8}",1.53,51.31,52.330000000000005,inf,161.31,161.31
55,T9,BESTEFFORT,COMPLETED,m4-1,51.809,"{'m1-1': 24.96, 'm2-1': 24.93, 'm3-1': 5.16, 'm4-1': 4.87, 'm5-1': 10.2, 'm6-1': 1.02, 'm7-1': 98.98, 'm8-1': 160.63}",7.305,51.809,56.678999999999995,inf,161.809,161.809
56,T3,BESTEFFORT,COMPLETED,m1-1,52.309,"{'m1-1': 27.17, 'm2-1': 26.5, 'm3-1': 5.21, 'm4-1': 5.21, 'm5-1': 10.4, 'm6-1': 0.92, 'm7-1': 112.73, 'm8-1': 146.84}",40.755,73.576,100.746,inf,162.309,162.309
57,T1,BESTEFFORT,COMPLETED,m6-1,52.663,"{'m1-1': 26.11, 'm2-1': 23.58, 'm3-1': 5.65, 'm4-1': 5.11, 'm5-1': 9.89, 'm6-1': 1.1, 'm7-1': 106.19, 'm8-1': 140.6}",1.6500000000000001,52.663,53.763,inf,162.663,162.663
58,T6,BESTEFFORT,COMPLETED,m6-1,54.855,"{'m1-1': 27.93, 'm2-1': 25.57, 'm3-1': 5.27, 'm4-1': 5.22, 'm5-1': 11.09, 'm6-1': 1.03, 'm7-1': 112.61, 'm8-1': 154.79}",1.545,54.855,55.885,inf,164.855,164.855
59,T10,BESTEFFORT,COMPLETED,m3-1,55.354,"{'m1-1': 28.74, 'm2-1': 25.35, 'm3-1': 5.07, 'm4-1': 5.09, 'm5-1': 9.83, 'm6-1': 1.02, 'm7-1': 99.26, 'm8-1': 149.42}",7.605,55.692,60.762,inf,165.35399999999998,165.35399999999998
60,T5,BESTEFFORT,COMPLETED,m4-1,56.827,"{'m1-1': 25.81, 'm2-1': 24.04, 'm3-1': 5.66, 'm4-1': 5.19, 'm5-1': 10.75, 'm6-1': 0.93, 'm7-1': 108.14, 'm8-1': 153.37}",7.785,56.827,62.016999999999996,inf,166.827,166.827
61,T6,BESTEFFORT,COMPLETED,m6-1,59.626,"{'m1-1': 25.52, 'm2-1': 24.28, 'm3-1': 5.9, 'm4-1': 4.91, 'm5-1': 11.41, 'm6-1': 1.06, 'm7-1': 110.74, 'm8-1': 157.17}",1.59,59.626,60.686,inf,169.626,169.626
62,T6,BESTEFFORT,COMPLETED,m3-1,61.01,"{'m1-1': 28.25, 'm2-1': 27.04, 'm3-1': 5.84, 'm4-1': 5.66, 'm5-1': 9.87, 'm6-1': 1.01, 'm7-1': 100.18, 'm8-1': 163.73}",8.76,61.01,66.85,inf,171.01,171.01
63,T6,BESTEFFORT,COMPLETED,m3-1,67.164,"{'m1-1': 29.21, 'm2-1': 24.5, 'm3-1': 5.4, 'm4-1': 5.45, 'm5-1': 10.73, 'm6-1': 0.93, 'm7-1': 103.64, 'm8-1': 150.98}",8.100000000000001,67.164,72.56400000000001,inf,177.164,177.164
64,T7,BESTEFFORT,COMPLETED,m4-1,69.144,"{'m1-1': 28.25, 'm2-1': 27.63, 'm3-1': 5.04, 'm4-1': 5.35, 'm5-1': 11.8, 'm6-1': 1.03, 'm7-1': 104.24, 'm8-1': 166.42}",8.024999999999999,69.144,74.494,inf,179.144,179.144
65,T10,BESTEFFORT,COMPLETED,m5-1,70.819,"{'m1-1': 28.74, 'm2-1': 25.78, 'm3-1': 5.62, 'm4-1': 5.07, 'm5-1': 11.4, 'm6-1': 1.08, 'm7-1': 112.24, 'm8-1': 143.62}",17.1,70.819,82.21900000000001,inf,180.81900000000002,180.81900000000002
66,T6,BESTEFFORT,COMPLETED,m6-1,70.868,"{'m1-1': 27.55, 'm2-1': 23.7, 'm3-1': 5.38, 'm4-1': 5.64, 'm5-1': 11.12, 'm6-1': 1.02, 'm7-1': 106.18, 'm8-1': 146.67}",1.53,70.868,71.88799999999999,inf,180.868,180.868
67,T10,BESTEFFORT,COMPLETED,m2-1,71.402,"{'m1-1': 25.86, 'm2-1': 26.14, 'm3-1': 5.92, 'm4-1': 5.09, 'm5-1': 10.4, 'm6-1': 0.99, 'm7-1': 109.51, 'm8-1': 153.69}",39.21,81.584,107.724,inf,181.402,181.402
68,T10,BESTEFFORT,COMPLETED,m3-1,71.867,"{'m1-1': 29.29, 'm2-1': 23.9, 'm3-1': 5.44, 'm4-1': 4.72, 'm5-1': 9.74, 'm6-1': 1.03, 'm7-1': 108.05, 'm8-1': 154.71}",8.16,72.56400000000001,78.004,inf,181.86700000000002,181.86700000000002
69,T5,BESTEFFORT,COMPLETED,m6-1,71.957,"{'m1-1': 25.41, 'm2-1': 27.92, 'm3-1': 5.07, 'm4-1': 5.36, 'm5-1': 11.23, 'm6-1': 0.99, 'm7-1': 104.16, 'm8-1': 167.12}",1.4849999999999999,71.957,72.94699999999999,inf,181.957,181.957
70,T9,BESTEFFORT,COMPLETED,m3-1,72.927,"{'m1-1': 26.68, 'm2-1': 28.38, 'm3-1': 5.38, 'm4-1': 5.31, 'm5-1': 10.11, 'm6-1': 0.99, 'm7-1': 112.43, 'm8-1': 168.98}",8.07,78.004,83.384,inf,182.92700000000002,182.92700000000002
71,T10,BESTEFFORT,COMPLETED,m6-1,73.122,"{'m1-1': 26.43, 'm2-1': 23.9, 'm3-1': 5.05, 'm4-1': 5.09, 'm5-1': 10.11, 'm6-1': 1.1, 'm7-1': 101.68, 'm8-1': 152.01}",1.6500000000000001,73.122,74.222,inf,183.122,183.122
72,T3,BESTEFFORT,COMPLETED,m1-1,73.96,"{'m1-1': 25.86, 'm2-1': 26.37, 'm3-1': 5.27, 'm4-1': 5.05, 'm5-1': 11.06, 'm6-1': 1.01, 'm7-1': 114.5, 'm8-1': 163.15}",38.79,100.746,126.606,inf,183.95999999999998,183.95999999999998
73,T1,BESTEFFORT,COMPLETED,m4-1,76.119,"{'m1-1': 25.39, 'm2-1': 25.35, 'm3-1': 5.43, 'm4-1': 5.48, 'm5-1': 9.9, 'm6-1': 1.03, 'm7-1': 106.82, 'm8-1': 157.05}",8.22,76.119,81.599,inf,186.119,186.119
74,T2,BESTEFFORT,COMPLETED,m6-1,76.338,"{'m1-1': 24.16, 'm2-1': 25.88, 'm3-1': 5.35, 'm4-1': 4.84, 'm5-1': 9.55, 'm6-1': 1.15, 'm7-1': 96.33, 'm8-1': 150.37}",1.7249999999999999,76.338,77.488,inf,186.338,186.338
75,T7,BESTEFFORT,COMPLETED,m6-1,78.192,"{'m1-1': 27.86, 'm2-1': 26.93, 'm3-1': 5.0, 'm4-1': 5.36, 'm5-1': 11.6, 'm6-1': 0.98, 'm7-1': 105.44, 'm8-1': 153.51}",1.47,78.192,79.172,inf,188.192,188.192
76,T6,BESTEFFORT,COMPLETED,m3-1,78.808,"{'m1-1': 28.33, 'm2-1': 26.22, 'm3-1': 5.77, 'm4-1': 5.03, 'm5-1': 10.13, 'm6-1': 1.0, 'm7-1': 110.74, 'm8-1': 160.95}",8.655,83.384,89.154,inf,188.808,188.808
77,T4,BESTEFFORT,COMPLETED,m6-1,79.352,"{'m1-1': 26.92, 'm2-1': 25.26, 'm3-1': 5.05, 'm4-1': 5.26, 'm5-1': 11.71, 'm6-1': 1.08, 'm7-1': 100.02, 'm8-1': 155.55}",1.62,79.352,80.432,inf,189.352,189.352
78,T1,BESTEFFORT,COMPLETED,m4-1,83.075,"{'m1-1': 25.94, 'm2-1': 25.27, 'm3-1': 4.99, 'm4-1': 5.47, 'm5-1': 10.9, 'm6-1': 1.01, 'm7-1': 115.47, 'm8-1': 156.94}",8.205,83.075,88.545,inf,193.075,193.075
79,T10,BESTEFFORT,COMPLETED,m5-1,83.713,"{'m1-1': 28.04, 'm2-1': 27.33, 'm3-1': 5.9, 'm4-1': 5.17, 'm5-1': 11.29, 'm6-1': 1.1, 'm7-1': 111.82, 'm8-1': 150.47}",16.935,83.713,95.00299999999999,inf,193.713,193.713
80,T8,BESTEFFORT,COMPLETED,m6-1,84.04,"{'m1-1': 24.92, 'm2-1': 25.64, 'm3-1': 5.86, 'm4-1': 5.41, 'm5-1': 9.71, 'm6-1': 1.05, 'm7-1': 115.51, 'm8-1': 167.74}",1.5750000000000002,84.04,85.09,inf,194.04000000000002,194.04000000000002
81,T6,BESTEFFORT,COMPLETED,m6-1,86.064,"{'m1-1': 27.98, 'm2-1': 27.62, 'm3-1': 5.07, 'm4-1': 4.9, 'm5-1': 9.88, 'm6-1': 1.02, 'm7-1': 113.32, 'm8-1': 163.1}",1.53,86.064,87.08399999999999,inf,196.064,196.064
82,T10,BESTEFFORT,COMPLETED,m6-1,88.287,"{'m1-1': 27.28, 'm2-1': 28.3, 'm3-1': 5.42, 'm4-1': 5.14, 'm5-1': 11.17, 'm6-1': 1.01, 'm7-1': 108.06, 'm8-1': 160.63}",1.5150000000000001,88.287,89.29700000000001,inf,198.287,198.287
83,T10,BESTEFFORT,COMPLETED,m2-1,88.41,"{'m1-1': 25.19, 'm2-1': 25.28, 'm3-1': 5.69, 'm4-1': 5.05, 'm5-1': 10.56, 'm6-1': 1.01, 'm7-1': 105.42, 'm8-1': 139.44}",37.92,107.724,133.00400000000002,inf,198.41,198.41
84,T1,BESTEFFORT,COMPLETED,m4-1,88.604,"{'m1-1': 26.53, 'm2-1': 25.23, 'm3-1': 5.26, 'm4-1': 5.59, 'm5-1': 10.16, 'm6-1': 1.13, 'm7-1': 111.71, 'm8-1': 147.43}",8.385,88.604,94.194,inf,198.60399999999998,198.60399999999998
85,T10,BESTEFFORT,COMPLETED,m3-1,88.975,"{'m1-1': 28.28, 'm2-1': 26.48, 'm3-1': 5.93, 'm4-1': 4.94, 'm5-1': 10.58, 'm6-1': 0.95, 'm7-1': 115.42, 'm8-1': 143.4}",8.895,89.154,95.084,inf,198.975,198.975
86,T6,BESTEFFORT,COMPLETED,m6-1,91.992,"{'m1-1': 29.24, 'm2-1': 24.67, 'm3-1': 5.72, 'm4-1': 5.26, 'm5-1': 9.67, 'm6-1': 1.02, 'm7-1': 100.45, 'm8-1': 156.05}",1.53,91.992,93.012,inf,201.99200000000002,201.99200000000002
87,T8,BESTEFFORT,COMPLETED,m3-1,92.889,"{'m1-1': 24.88, 'm2-1': 27.87, 'm3-1': 5.35, 'm4-1': 5.73, 'm5-1': 9.87, 'm6-1': 1.09, 'm7-1': 112.97, 'm8-1': 167.7}",8.024999999999999,95.084,100.434,inf,202.889,202.889
88,T6,BESTEFFORT,COMPLETED,m4-1,94.776,"{'m1-1': 28.4, 'm2-1': 27.32, 'm3-1': 5.21, 'm4-1': 5.25, 'm5-1': 11.07, 'm6-1': 0.95, 'm7-1': 102.62, 'm8-1': 160.37}",7.875,94.776,100.026,inf,204.776,204.776
89,T2,BESTEFFORT,COMPLETED,m6-1,94.927,"{'m1-1': 26.46, 'm2-1': 25.8, 'm3-1': 5.78, 'm4-1': 4.88, 'm5-1': 9.84, 'm6-1': 1.08, 'm7-1': 105.64, 'm8-1': 169.39}",1.62,94.927,96.007,inf,204.92700000000002,204.92700000000002
90,T3,BESTEFFORT,COMPLETED,m5-1,95.141,"{'m1-1': 25.33, 'm2-1': 25.81, 'm3-1': 5.42, 'm4-1': 5.42, 'm5-1': 10.85, 'm6-1': 0.96, 'm7-1': 105.39, 'm8-1': 153.62}",16.275,95.141,105.991,inf,205.14100000000002,205.14100000000002
91,T8,BESTEFFORT,COMPLETED,m6-1,96.361,"{'m1-1': 27.57, 'm2-1': 27.83, 'm3-1': 5.57, 'm4-1': 5.67, 'm5-1': 9.71, 'm6-1': 1.09, 'm7-1': 99.33, 'm8-1': 145.7}",1.6350000000000002,96.361,97.45100000000001,inf,206.361,206.361
92,T2,BESTEFFORT,COMPLETED,m3-1,96.369,"{'m1-1': 26.26, 'm2-1': 26.85, 'm3-1': 5.15, 'm4-1': 5.63, 'm5-1': 10.5, 'm6-1': 0.99, 'm7-1': 105.65, 'm8-1': 146.5}",7.7250000000000005,100.434,105.584,inf,206.369,206.369
93,T4,BESTEFFORT,COMPLETED,m6-1,97.541,"{'m1-1': 26.95, 'm2-1': 24.82, 'm3-1': 5.56, 'm4-1': 5.49, 'm5-1': 11.27, 'm6-1': 1.03, 'm7-1': 103.23, 'm8-1': 153.69}",1.545,97.541,98.571,inf,207.541,207.541
94,T1,BESTEFFORT,COMPLETED,m4-1,97.748,"{'m1-1': 25.14, 'm2-1': 27.35, 'm3-1': 5.34, 'm4-1': 5.62, 'm5-1': 11.07, 'm6-1': 1.1, 'm7-1': 110.12, 'm8-1': 161.82}",8.43,100.026,105.646,inf,207.748,207.748
95,T3,BESTEFFORT,COMPLETED,m6-1,98.844,"{'m1-1': 27.48, 'm2-1': 26.29, 'm3-1': 4.89, 'm4-1': 5.07, 'm5-1': 9.6, 'm6-1': 1.05, 'm7-1': 104.36, 'm8-1': 139.48}",1.5750000000000002,98.844,99.89399999999999,inf,208.844,208.844
96,T7,BESTEFFORT,COMPLETED,m5-1,99.727,"{'m1-1': 26.6, 'm2-1': 25.37, 'm3-1': 5.12, 'm4-1': 5.51, 'm5-1': 10.53, 'm6-1': 1.09, 'm7-1': 105.5, 'm8-1': 159.92}",15.794999999999998,105.991,116.521,inf,209.727,209.727
97,T1,BESTEFFORT,COMPLETED,m6-1,100.558,"{'m1-1': 24.32, 'm2-1': 27.22, 'm3-1': 5.51, 'm4-1': 5.59, 'm5-1': 11.16, 'm6-1': 1.0, 'm7-1': 101.85, 'm8-1': 139.3}",1.5,100.558,101.558,inf,210.558,210.558
98,T3,BESTEFFORT,COMPLETED,m6-1,102.16,"{'m1-1': 26.85, 'm2-1': 23.44, 'm3-1': 5.72, 'm4-1': 5.35, 'm5-1': 9.88, 'm6-1': 1.06, 'm7-1': 112.18, 'm8-1': 151.72}",1.59,102.16,103.22,inf,212.16,212.16
99,T9,BESTEFFORT,COMPLETED,m1-1,102.942,"{'m1-1': 26.62, 'm2-1': 27.92, 'm3-1': 5.31, 'm4-1': 5.42, 'm5-1': 10.13, 'm6-1': 0.98, 'm7-1': 99.42, 'm8-1': 147.62}",39.93,126.606,153.226,inf,212.942,212.942
100,T10,BESTEFFORT,COMPLETED,m6-1,103.481,"{'m1-1': 27.4, 'm2-1': 26.25, 'm3-1': 5.22, 'm4-1': 4.65, 'm5-1': 9.73, 'm6-1': 1.08, 'm7-1': 106.34, 'm8-1': 153.74}",1.62,103.481,104.56099999999999,inf,213.481,213.481
101,T3,BESTEFFORT,COMPLETED,m3-1,104.236,"{'m1-1': 25.21, 'm2-1': 24.6, 'm3-1': 5.31, 'm4-1': 5.62, 'm5-1': 10.31, 'm6-1': 1.03, 'm7-1': 114.67, 'm8-1': 144.99}",7.965,105.584,110.894,inf,214.236,214.236
102,T3,BESTEFFORT,COMPLETED,m6-1,105.387,"{'m1-1': 28.64, 'm2-1': 24.79, 'm3-1': 5.09, 'm4-1': 5.22, 'm5-1': 9.87, 'm6-1': 1.07, 'm7-1': 117.33, 'm8-1': 157.66}",1.605,105.387,106.457,inf,215.387,215.387
103,T8,BESTEFFORT,COMPLETED,m4-1,108.576,"{'m1-1': 29.3, 'm2-1': 25.28, 'm3-1': 5.51, 'm4-1': 5.35, 'm5-1': 10.76, 'm6-1': 0.96, 'm7-1': 106.92, 'm8-1': 142.88}",8.024999999999999,108.576,113.92599999999999,inf,218.576,218.576
104,T7,BESTEFFORT,COMPLETED,m6-1,108.81,"{'m1-1': 26.48, 'm2-1': 25.01, 'm3-1': 5.75, 'm4-1': 4.88, 'm5-1': 10.47, 'm6-1': 1.0, 'm7-1': 98.0, 'm8-1': 172.8}",1.5,108.81,109.81,inf,218.81,218.81
105,T10,BESTEFFORT,COMPLETED,m2-1,109.134,"{'m1-1': 24.8, 'm2-1': 27.69, 'm3-1': 5.22, 'm4-1': 5.21, 'm5-1': 11.3, 'm6-1': 1.11, 'm7-1': 105.39, 'm8-1': 153.22}",41.535000000000004,133.00400000000002,160.69400000000002,inf,219.13400000000001,219.13400000000001
106,T3,BESTEFFORT,COMPLETED,m3-1,110.963,"{'m1-1': 28.61, 'm2-1': 25.42, 'm3-1': 4.96, 'm4-1': 4.77, 'm5-1': 9.48, 'm6-1': 1.08, 'm7-1': 107.66, 'm8-1': 147.28}",7.4399999999999995,110.963,115.92299999999999,inf,220.963,220.963
107,T7,BESTEFFORT,COMPLETED,m6-1,112.193,"{'m1-1': 25.84, 'm2-1': 25.22, 'm3-1': 5.54, 'm4-1': 5.24, 'm5-1': 11.38, 'm6-1': 1.08, 'm7-1': 109.56, 'm8-1': 165.24}",1.62,112.193,113.273,inf,222.19299999999998,222.19299999999998
108,T2,BESTEFFORT,COMPLETED,m3-1,112.444,"{'m1-1': 25.03, 'm2-1': 26.21, 'm3-1': 5.79, 'm4-1': 5.34, 'm5-1': 10.29, 'm6-1': 1.01, 'm7-1': 103.12, 'm8-1': 149.5}",8.685,115.92299999999999,121.713,inf,222.44400000000002,222.44400000000002
109,T1,BESTEFFORT,COMPLETED,m4-1,116.635,"{'m1-1': 26.78, 'm2-1': 24.53, 'm3-1': 5.04, 'm4-1': 5.05, 'm5-1': 9.86, 'm6-1': 1.15, 'm7-1': 116.27, 'm8-1': 144.46}",7.574999999999999,116.635,121.685,inf,226.635,226.635
110,T5,BESTEFFORT,COMPLETED,m5-1,117.821,"{'m1-1': 26.4, 'm2-1': 26.84, 'm3-1': 5.27, 'm4-1': 5.29, 'm5-1': 10.44, 'm6-1': 1.08, 'm7-1': 97.34, 'm8-1': 154.14}",15.66,117.821,128.261,inf,227.821,227.821
111,T4,BESTEFFORT,COMPLETED,m6-1,117.884,"{'m1-1': 26.31, 'm2-1': 28.48, 'm3-1': 5.03, 'm4-1': 5.15, 'm5-1': 11.34, 'm6-1': 0.96, 'm7-1': 109.99, 'm8-1': 166.32}",1.44,117.884,118.844,inf,227.88400000000001,227.88400000000001
112,T9,BESTEFFORT,COMPLETED,m3-1,118.244,"{'m1-1': 24.54, 'm2-1': 26.54, 'm3-1': 5.41, 'm4-1': 4.92, 'm5-1': 11.3, 'm6-1': 1.0, 'm7-1': 98.87, 'm8-1': 146.73}",8.115,121.713,127.12299999999999,inf,228.244,228.244
113,T3,BESTEFFORT,COMPLETED,m4-1,118.568,"{'m1-1': 29.11, 'm2-1': 25.42, 'm3-1': 5.28, 'm4-1': 5.62, 'm5-1': 9.78, 'm6-1': 1.04, 'm7-1': 112.75, 'm8-1': 144.34}",8.43,121.685,127.305,inf,228.56799999999998,228.56799999999998
114,T1,BESTEFFORT,COMPLETED,m6-1,119.28,"{'m1-1': 27.86, 'm2-1': 25.67, 'm3-1': 5.0, 'm4-1': 5.63, 'm5-1': 10.43, 'm6-1': 1.1, 'm7-1': 117.19, 'm8-1': 152.64}",1.6500000000000001,119.28,120.38,inf,229.28,229.28
115,T2,BESTEFFORT,COMPLETED,m5-1,119.631,"{'m1-1': 24.45, 'm2-1': 26.1, 'm3-1': 5.49, 'm4-1': 4.98, 'm5-1': 9.71, 'm6-1': 0.99, 'm7-1': 112.51, 'm8-1': 163.95}",14.565000000000001,128.261,137.971,inf,229.631,229.631
116,T7,BESTEFFORT,COMPLETED,m6-1,119.796,"{'m1-1': 24.92, 'm2-1': 27.15, 'm3-1': 5.81, 'm4-1': 5.27, 'm5-1': 11.79, 'm6-1': 1.09, 'm7-1': 95.85, 'm8-1': 153.46}",1.6350000000000002,120.38,121.47,inf,229.796,229.796
117,T9,BESTEFFORT,MISSED,m7-1,119.813,"{'m1-1': 24.5, 'm2-1': 25.42, 'm3-1': 5.39, 'm4-1': 5.23, 'm5-1': 9.81, 'm6-1': 0.93, 'm7-1': 108.43, 'm8-1': 143.86}",146.469,132.167,inf,229.813,229.813,229.813
118,T4,BESTEFFORT,COMPLETED,m6-1,121.356,"{'m1-1': 25.43, 'm2-1': 27.74, 'm3-1': 5.9, 'm4-1': 5.79, 'm5-1': 11.1, 'm6-1': 1.1, 'm7-1': 111.98, 'm8-1': 151.88}",1.6500000000000001,121.47,122.57,inf,231.356,231.356
119,T5,BESTEFFORT,COMPLETED,m3-1,122.242,"{'m1-1': 25.03, 'm2-1': 24.2, 'm3-1': 4.88, 'm4-1': 5.75, 'm5-1': 10.21, 'm6-1': 0.93, 'm7-1': 94.38, 'm8-1': 148.24}",7.32,127.12299999999999,132.003,inf,232.24200000000002,232.24200000000002
120,T2,BESTEFFORT,COMPLETED,m6-1,122.617,"{'m1-1': 23.71, 'm2-1': 27.88, 'm3-1': 5.52, 'm4-1': 5.29, 'm5-1': 10.34, 'm6-1': 1.08, 'm7-1': 104.08, 'm8-1': 170.57}",1.62,122.617,123.697,inf,232.61700000000002,232.61700000000002
121,T7,BESTEFFORT,COMPLETED,m6-1,124.428,"{'m1-1': 25.69, 'm2-1': 25.78, 'm3-1': 5.05, 'm4-1': 4.98, 'm5-1': 10.65, 'm6-1': 0.94, 'm7-1': 104.36, 'm8-1': 151.6}",1.41,124.428,125.368,inf,234.428,234.428
122,T9,BESTEFFORT,COMPLETED,m4-1,124.892,"{'m1-1': 24.97, 'm2-1': 28.36, 'm3-1': 5.95, 'm4-1': 5.03, 'm5-1': 9.53, 'm6-1': 1.08, 'm7-1': 103.85, 'm8-1': 156.14}",7.545,127.305,132.335,inf,234.892,234.892
123,T7,BESTEFFORT,COMPLETED,m6-1,126.142,"{'m1-1': 25.26, 'm2-1': 27.79, 'm3-1': 5.62, 'm4-1': 5.54, 'm5-1': 9.98, 'm6-1': 0.92, 'm7-1': 99.22, 'm8-1': 149.36}",1.3800000000000001,126.142,127.062,inf,236.142,236.142
124,T10,BESTEFFORT,COMPLETED,m6-1,127.405,"{'m1-1': 28.8, 'm2-1': 26.14, 'm3-1': 5.07, 'm4-1': 5.06, 'm5-1': 10.02, 'm6-1': 1.05, 'm7-1': 102.04, 'm8-1': 162.38}",1.5750000000000002,127.405,128.455,inf,237.405,237.405
125,T7,BESTEFFORT,COMPLETED,m1-1,128.072,"{'m1-1': 24.67, 'm2-1': 25.09, 'm3-1': 5.63, 'm4-1': 4.91, 'm5-1': 11.51, 'm6-1': 0.96, 'm7-1': 94.31, 'm8-1': 154.1}",37.005,153.226,177.89600000000002,inf,238.072,238.072
126,T3,BESTEFFORT,COMPLETED,m3-1,128.235,"{'m1-1': 28.58, 'm2-1': 23.92, 'm3-1': 5.03, 'm4-1': 5.02, 'm5-1': 9.87, 'm6-1': 0.96, 'm7-1': 114.58, 'm8-1': 151.96}",7.545,132.003,137.033,inf,238.235,238.235
127,T2,BESTEFFORT,COMPLETED,m6-1,129.197,"{'m1-1': 25.12, 'm2-1': 26.55, 'm3-1': 5.68, 'm4-1': 5.27, 'm5-1': 10.24, 'm6-1': 1.11, 'm7-1': 103.9, 'm8-1': 163.85}",1.665,129.197,130.30700000000002,inf,239.197,239.197
128,T9,BESTEFFORT,COMPLETED,m4-1,129.346,"{'m1-1': 27.82, 'm2-1': 26.9, 'm3-1': 5.77, 'm4-1': 5.51, 'm5-1': 9.94, 'm6-1': 0.96, 'm7-1': 107.32, 'm8-1': 144.97}",8.265,132.335,137.845,inf,239.346,239.346
129,T5,BESTEFFORT,COMPLETED,m6-1,130.847,"{'m1-1': 26.05, 'm2-1': 27.14, 'm3-1': 5.37, 'm4-1': 5.07, 'm5-1': 10.09, 'm6-1': 1.05, 'm7-1': 94.65, 'm8-1': 171.98}",1.5750000000000002,130.847,131.89700000000002,inf,240.847,240.847
130,T3,BESTEFFORT,COMPLETED,m5-1,130.886,"{'m1-1': 25.37, 'm2-1': 27.57, 'm3-1': 4.95, 'm4-1': 5.38, 'm5-1': 9.78, 'm6-1': 1.06, 'm7-1': 110.09, 'm8-1': 143.27}",14.669999999999998,137.971,147.751,inf,240.886,240.886
131,T3,BESTEFFORT,COMPLETED,m6-1,131.144,"{'m1-1': 27.4, 'm2-1': 26.8, 'm3-1': 5.61, 'm4-1': 4.9, 'm5-1': 10.28, 'm6-1': 0.98, 'm7-1': 100.67, 'm8-1': 149.25}",1.47,131.89700000000002,132.877,inf,241.144,241.144
132,T2,BESTEFFORT,COMPLETED,m3-1,132.262,"{'m1-1': 24.54, 'm2-1': 23.6, 'm3-1': 5.65, 'm4-1': 5.19, 'm5-1': 11.1, 'm6-1': 1.1, 'm7-1': 110.66, 'm8-1': 169.59}",8.475000000000001,137.033,142.683,inf,242.262,242.262
133,T1,BESTEFFORT,MISSED,m8-1,132.318,"{'m1-1': 26.02, 'm2-1': 24.34, 'm3-1': 5.53, 'm4-1': 5.56, 'm5-1': 11.42, 'm6-1': 1.13, 'm7-1': 101.25, 'm8-1': 153.94}",165.0,132.318,inf,242.318,242.318,242.318
134,T10,BESTEFFORT,COMPLETED,m6-1,133.767,"{'m1-1': 25.83, 'm2-1': 25.89, 'm3-1': 5.03, 'm4-1': 4.91, 'm5-1': 9.8, 'm6-1': 1.08, 'm7-1': 98.63, 'm8-1': 140.24}",1.62,133.767,134.847,inf,243.767,243.767
135,T8,BESTEFFORT,COMPLETED,m2-1,133.939,"{'m1-1': 27.67, 'm2-1': 27.68, 'm3-1': 5.35, 'm4-1': 5.06, 'm5-1': 10.92, 'm6-1': 0.96, 'm7-1': 99.23, 'm8-1': 149.38}",41.519999999999996,160.69400000000002,188.37400000000002,inf,243.939,243.939
136,T3,BESTEFFORT,COMPLETED,m4-1,133.955,"{'m1-1': 27.91, 'm2-1': 23.41, 'm3-1': 5.4, 'm4-1': 4.87, 'm5-1': 10.76, 'm6-1': 0.94, 'm7-1': 100.68, 'm8-1': 140.11}",7.305,137.845,142.715,inf,243.955,243.955
137,T2,BESTEFFORT,COMPLETED,m6-1,136.323,"{'m1-1': 23.55, 'm2-1': 24.21, 'm3-1': 5.03, 'm4-1': 5.13, 'm5-1': 10.1, 'm6-1': 1.14, 'm7-1': 109.56, 'm8-1': 145.29}",1.71,136.323,137.463,inf,246.323,246.323
138,T7,BESTEFFORT,COMPLETED,m6-1,136.607,"{'m1-1': 28.65, 'm2-1': 27.7, 'm3-1': 5.44, 'm4-1': 4.98, 'm5-1': 10.25, 'm6-1': 0.92, 'm7-1': 98.92, 'm8-1': 149.3}",1.3800000000000001,137.463,138.38299999999998,inf,246.607,246.607
139,T6,BESTEFFORT,MISSED,m7-1,136.62,"{'m1-1': 28.61, 'm2-1': 24.49, 'm3-1': 5.64, 'm4-1': 5.31, 'm5-1': 11.11, 'm6-1': 0.94, 'm7-1': 114.05, 'm8-1': 168.73}",25.210500000000025,229.813,inf,246.62,246.62,246.62
140,T7,BESTEFFORT,COMPLETED,m3-1,138.209,"{'m1-1': 26.16, 'm2-1': 28.35, 'm3-1': 5.49, 'm4-1': 5.55, 'm5-1': 10.49, 'm6-1': 0.98, 'm7-1': 99.92, 'm8-1': 158.23}",8.235,142.683,148.173,inf,248.209,248.209
141,T8,BESTEFFORT,COMPLETED,m6-1,138.685,"{'m1-1': 25.35, 'm2-1': 27.72, 'm3-1': 5.69, 'm4-1': 5.56, 'm5-1': 11.22, 'm6-1': 0.95, 'm7-1': 105.98, 'm8-1': 159.03}",1.4249999999999998,138.685,139.635,inf,248.685,248.685
142,T4,BESTEFFORT,COMPLETED,m4-1,138.978,"{'m1-1': 25.8, 'm2-1': 26.01, 'm3-1': 5.9, 'm4-1': 5.82, 'm5-1': 11.55, 'm6-1': 1.06, 'm7-1': 114.29, 'm8-1': 175.69}",8.73,142.715,148.535,inf,248.978,248.978
143,T1,BESTEFFORT,COMPLETED,m5-1,139.55,"{'m1-1': 26.64, 'm2-1': 25.82, 'm3-1': 5.24, 'm4-1': 5.25, 'm5-1': 10.13, 'm6-1': 1.02, 'm7-1': 105.27, 'm8-1': 140.73}",15.195,147.751,157.881,inf,249.55,249.55
144,T4,BESTEFFORT,COMPLETED,m6-1,140.051,"{'m1-1': 26.12, 'm2-1': 26.52, 'm3-1': 5.15, 'm4-1': 4.91, 'm5-1': 11.47, 'm6-1': 1.04, 'm7-1': 107.37, 'm8-1': 164.01}",1.56,140.051,141.09099999999998,inf,250.051,250.051
145,T9,BESTEFFORT,COMPLETED,m6-1,140.543,"{'m1-1': 24.9, 'm2-1': 27.0, 'm3-1': 5.45, 'm4-1': 5.1, 'm5-1': 10.81, 'm6-1': 1.05, 'm7-1': 107.34, 'm8-1': 147.22}",1.5750000000000002,141.09099999999998,142.141,inf,250.543,250.543
146,T9,BESTEFFORT,COMPLETED,m6-1,141.108,"{'m1-1': 25.43, 'm2-1': 28.47, 'm3-1': 5.55, 'm4-1': 5.35, 'm5-1': 10.55, 'm6-1': 1.07, 'm7-1': 98.1, 'm8-1': 168.93}",1.605,142.141,143.21099999999998,inf,251.108,251.108
147,T3,BESTEFFORT,MISSED,m8-1,141.475,"{'m1-1': 26.41, 'm2-1': 25.81, 'm3-1': 5.29, 'm4-1': 5.26, 'm5-1': 9.74, 'm6-1': 1.02, 'm7-1': 105.5, 'm8-1': 165.55}",13.735499999999973,242.318,inf,251.475,251.475,251.475
148,T5,BESTEFFORT,COMPLETED,m6-1,144.431,"{'m1-1': 26.83, 'm2-1': 25.92, 'm3-1': 5.18, 'm4-1': 5.01, 'm5-1': 10.48, 'm6-1': 1.07, 'm7-1': 96.72, 'm8-1': 168.13}",1.605,144.431,145.501,inf,254.431,254.431
149,T9,BESTEFFORT,COMPLETED,m3-1,144.93,"{'m1-1': 24.44, 'm2-1': 26.85, 'm3-1': 5.71, 'm4-1': 5.05, 'm5-1': 9.98, 'm6-1': 1.09, 'm7-1': 112.55, 'm8-1': 155.95}",8.565,148.173,153.883,inf,254.93,254.93
150,T7,BESTEFFORT,COMPLETED,m6-1,146.51,"{'m1-1': 25.83, 'm2-1': 24.5, 'm3-1': 5.28, 'm4-1': 5.14, 'm5-1': 10.66, 'm6-1': 1.01, 'm7-1': 106.18, 'm8-1': 159.63}",1.5150000000000001,146.51,147.51999999999998,inf,256.51,256.51
151,T7,BESTEFFORT,COMPLETED,m6-1,148.306,"{'m1-1': 27.18, 'm2-1': 25.09, 'm3-1': 5.44, 'm4-1': 5.51, 'm5-1': 11.31, 'm6-1': 0.97, 'm7-1': 105.69, 'm8-1': 163.63}",1.455,148.306,149.276,inf,258.30600000000004,258.30600000000004
152,T1,BESTEFFORT,COMPLETED,m4-1,149.679,"{'m1-1': 24.7, 'm2-1': 26.81, 'm3-1': 5.28, 'm4-1': 4.86, 'm5-1': 10.69, 'm6-1': 1.15, 'm7-1': 116.93, 'm8-1': 148.26}",7.290000000000001,149.679,154.53900000000002,inf,259.679,259.679
153,T4,BESTEFFORT,COMPLETED,m6-1,150.424,"{'m1-1': 27.11, 'm2-1': 25.85, 'm3-1': 5.65, 'm4-1': 5.18, 'm5-1': 11.17, 'm6-1': 0.99, 'm7-1': 101.75, 'm8-1': 156.12}",1.4849999999999999,150.424,151.41400000000002,inf,260.424,260.424
154,T3,BESTEFFORT,COMPLETED,m6-1,153.048,"{'m1-1': 25.99, 'm2-1': 24.16, 'm3-1': 5.02, 'm4-1': 5.14, 'm5-1': 10.14, 'm6-1': 1.02, 'm7-1': 105.32, 'm8-1': 163.17}",1.53,153.048,154.068,inf,263.048,263.048
155,T8,BESTEFFORT,COMPLETED,m1-1,153.386,"{'m1-1': 27.82, 'm2-1': 23.91, 'm3-1': 5.13, 'm4-1': 5.59, 'm5-1': 11.05, 'm6-1': 1.02, 'm7-1': 104.74, 'm8-1': 159.51}",41.730000000000004,177.89600000000002,205.716,inf,263.38599999999997,263.38599999999997
156,T8,BESTEFFORT,COMPLETED,m3-1,154.288,"{'m1-1': 28.66, 'm2-1': 26.94, 'm3-1': 5.65, 'm4-1': 5.73, 'm5-1': 10.27, 'm6-1': 1.1, 'm7-1': 111.67, 'm8-1': 168.75}",8.475000000000001,154.288,159.93800000000002,inf,264.288,264.288
157,T1,BESTEFFORT,COMPLETED,m6-1,154.42,"{'m1-1': 27.8, 'm2-1': 26.33, 'm3-1': 5.44, 'm4-1': 5.27, 'm5-1': 10.6, 'm6-1': 1.12, 'm7-1': 103.59, 'm8-1': 149.83}",1.6800000000000002,154.42,155.54,inf,264.41999999999996,264.41999999999996
158,T2,BESTEFFORT,COMPLETED,m4-1,155.644,"{'m1-1': 26.68, 'm2-1': 24.17, 'm3-1': 5.14, 'm4-1': 5.03, 'm5-1': 10.9, 'm6-1': 1.09, 'm7-1': 102.83, 'm8-1': 155.8}",7.545,155.644,160.674,inf,265.644,265.644
159,T4,BESTEFFORT,COMPLETED,m6-1,156.314,"{'m1-1': 26.47, 'm2-1': 24.79, 'm3-1': 5.22, 'm4-1': 5.13, 'm5-1': 11.64, 'm6-1': 1.09, 'm7-1': 105.53, 'm8-1': 163.36}",1.6350000000000002,156.314,157.404,inf,266.31399999999996,266.31399999999996
160,T4,BESTEFFORT,COMPLETED,m3-1,157.204,"{'m1-1': 25.76, 'm2-1': 25.37, 'm3-1': 5.87, 'm4-1': 5.09, 'm5-1': 10.13, 'm6-1': 1.11, 'm7-1': 110.57, 'm8-1': 175.39}",8.805,159.93800000000002,165.80800000000002,inf,267.204,267.204
161,T5,BESTEFFORT,COMPLETED,m5-1,159.593,"{'m1-1': 27.04, 'm2-1': 27.64, 'm3-1': 5.71, 'm4-1': 5.38, 'm5-1': 10.4, 'm6-1': 0.95, 'm7-1': 107.36, 'm8-1': 152.86}",15.600000000000001,159.593,169.993,inf,269.59299999999996,269.59299999999996
162,T6,BESTEFFORT,COMPLETED,m6-1,160.459,"{'m1-1': 29.0, 'm2-1': 27.32, 'm3-1': 5.76, 'm4-1': 5.3, 'm5-1': 9.72, 'm6-1': 1.0, 'm7-1': 106.88, 'm8-1': 156.3}",1.5,160.459,161.459,inf,270.459,270.459
163,T2,BESTEFFORT,COMPLETED,m4-1,160.712,"{'m1-1': 23.98, 'm2-1': 26.35, 'm3-1': 5.07, 'm4-1': 5.58, 'm5-1': 10.14, 'm6-1': 0.98, 'm7-1': 111.75, 'm8-1': 144.69}",8.370000000000001,160.712,166.292,inf,270.712,270.712
164,T2,BESTEFFORT,COMPLETED,m2-1,161.372,"{'m1-1': 23.34, 'm2-1': 25.42, 'm3-1': 5.24, 'm4-1': 5.18, 'm5-1': 9.5, 'm6-1': 0.99, 'm7-1': 95.56, 'm8-1': 170.35}",38.13,188.37400000000002,213.79400000000004,inf,271.372,271.372
165,T9,BESTEFFORT,COMPLETED,m6-1,162.748,"{'m1-1': 25.36, 'm2-1': 27.25, 'm3-1': 5.71, 'm4-1': 5.58, 'm5-1': 9.75, 'm6-1': 1.06, 'm7-1': 110.0, 'm8-1': 158.89}",1.59,162.748,163.808,inf,272.748,272.748
166,T6,BESTEFFORT,COMPLETED,m3-1,163.093,"{'m1-1': 29.69, 'm2-1': 24.11, 'm3-1': 5.57, 'm4-1': 5.02, 'm5-1': 11.32, 'm6-1': 1.07, 'm7-1': 99.58, 'm8-1': 170.73}",8.355,165.80800000000002,171.37800000000001,inf,273.09299999999996,273.09299999999996
167,T6,BESTEFFORT,COMPLETED,m4-1,163.363,"{'m1-1': 27.98, 'm2-1': 26.28, 'm3-1': 5.24, 'm4-1': 5.3, 'm5-1': 9.7, 'm6-1': 1.02, 'm7-1': 102.65, 'm8-1': 148.86}",7.949999999999999,166.292,171.592,inf,273.363,273.363
168,T10,BESTEFFORT,COMPLETED,m6-1,169.446,"{'m1-1': 25.21, 'm2-1': 24.96, 'm3-1': 5.55, 'm4-1': 4.99, 'm5-1': 11.1, 'm6-1': 0.98, 'm7-1': 105.58, 'm8-1': 143.5}",1.47,169.446,170.426,inf,279.446,279.446
169,T4,BESTEFFORT,COMPLETED,m5-1,170.545,"{'m1-1': 27.27, 'm2-1': 26.44, 'm3-1': 5.52, 'm4-1': 5.32, 'm5-1': 10.79, 'm6-1': 0.96, 'm7-1': 113.66, 'm8-1': 151.05}",16.185,170.545,181.33499999999998,inf,280.54499999999996,280.54499999999996
170,T1,BESTEFFORT,COMPLETED,m6-1,171.041,"{'m1-1': 26.44, 'm2-1': 26.58, 'm3-1': 5.14, 'm4-1': 5.57, 'm5-1': 10.52, 'm6-1': 1.04, 'm7-1': 116.58, 'm8-1': 138.64}",1.56,171.041,172.081,inf,281.041,281.041
171,T10,BESTEFFORT,COMPLETED,m3-1,171.053,"{'m1-1': 26.38, 'm2-1': 25.31, 'm3-1': 5.94, 'm4-1': 5.06, 'm5-1': 9.85, 'm6-1': 1.06, 'm7-1': 103.47, 'm8-1': 147.34}",8.91,171.37800000000001,177.318,inf,281.053,281.053
172,T3,BESTEFFORT,COMPLETED,m4-1,171.154,"{'m1-1': 28.24, 'm2-1': 27.04, 'm3-1': 5.11, 'm4-1': 4.94, 'm5-1': 10.17, 'm6-1': 0.93, 'm7-1': 114.72, 'm8-1': 149.06}",7.41,171.592,176.532,inf,281.154,281.154
173,T2,BESTEFFORT,COMPLETED,m5-1,171.212,"{'m1-1': 25.16, 'm2-1': 24.91, 'm3-1': 4.99, 'm4-1': 5.29, 'm5-1': 10.92, 'm6-1': 1.07, 'm7-1': 105.78, 'm8-1': 161.41}",16.38,181.33499999999998,192.25499999999997,inf,281.212,281.212
174,T7,BESTEFFORT,COMPLETED,m3-1,172.069,"{'m1-1': 24.75, 'm2-1': 26.52, 'm3-1': 5.79, 'm4-1': 5.1, 'm5-1': 10.64, 'm6-1': 1.02, 'm7-1': 97.92, 'm8-1': 153.98}",8.685,177.318,183.108,inf,282.06899999999996,282.06899999999996
175,T9,BESTEFFORT,COMPLETED,m6-1,174.321,"{'m1-1': 28.04, 'm2-1': 29.2, 'm3-1': 5.68, 'm4-1': 4.78, 'm5-1': 9.74, 'm6-1': 1.04, 'm7-1': 104.87, 'm8-1': 168.11}",1.56,174.321,175.361,inf,284.321,284.321
176,T5,BESTEFFORT,COMPLETED,m4-1,174.814,"{'m1-1': 23.41, 'm2-1': 24.11, 'm3-1': 4.86, 'm4-1': 5.49, 'm5-1': 11.32, 'm6-1': 0.99, 'm7-1': 103.68, 'm8-1': 151.02}",8.235,176.532,182.02200000000002,inf,284.81399999999996,284.81399999999996
177,T2,BESTEFFORT,COMPLETED,m6-1,174.982,"{'m1-1': 25.22, 'm2-1': 26.48, 'm3-1': 5.39, 'm4-1': 5.72, 'm5-1': 10.32, 'm6-1': 1.12, 'm7-1': 111.23, 'm8-1': 157.88}",1.6800000000000002,175.361,176.481,inf,284.98199999999997,284.98199999999997
178,T6,BESTEFFORT,COMPLETED,m6-1,175.809,"{'m1-1': 28.37, 'm2-1': 26.52, 'm3-1': 5.04, 'm4-1': 5.41, 'm5-1': 10.22, 'm6-1': 1.03, 'm7-1': 100.41, 'm8-1': 167.02}",1.545,176.481,177.511,inf,285.80899999999997,285.80899999999997
179,T3,BESTEFFORT,COMPLETED,m1-1,175.948,"{'m1-1': 25.08, 'm2-1': 25.37, 'm3-1': 5.57, 'm4-1': 5.44, 'm5-1': 9.41, 'm6-1': 0.94, 'm7-1': 115.75, 'm8-1': 153.83}",37.62,205.716,230.796,inf,285.948,285.948
180,T1,BESTEFFORT,COMPLETED,m4-1,176.765,"{'m1-1': 25.04, 'm2-1': 27.52, 'm3-1': 5.49, 'm4-1': 4.89, 'm5-1': 10.62, 'm6-1': 1.1, 'm7-1': 101.85, 'm8-1': 143.55}",7.334999999999999,182.02200000000002,186.912,inf,286.765,286.765
181,T5,BESTEFFORT,COMPLETED,m6-1,178.064,"{'m1-1': 26.08, 'm2-1': 27.65, 'm3-1': 5.34, 'm4-1': 5.13, 'm5-1': 9.97, 'm6-1': 1.09, 'm7-1': 101.5, 'm8-1': 156.61}",1.6350000000000002,178.064,179.154,inf,288.06399999999996,288.06399999999996
182,T6,BESTEFFORT,COMPLETED,m3-1,178.14,"{'m1-1': 28.07, 'm2-1': 26.44, 'm3-1': 5.9, 'm4-1': 5.54, 'm5-1': 10.82, 'm6-1': 1.08, 'm7-1': 106.88, 'm8-1': 171.1}",8.850000000000001,183.108,189.008,inf,288.14,288.14
183,T1,BESTEFFORT,COMPLETED,m6-1,178.333,"{'m1-1': 27.18, 'm2-1': 26.16, 'm3-1': 5.55, 'm4-1': 5.68, 'm5-1': 10.28, 'm6-1': 1.03, 'm7-1': 109.86, 'm8-1': 160.26}",1.545,179.154,180.184,inf,288.33299999999997,288.33299999999997
184,T2,BESTEFFORT,COMPLETED,m1-1,178.772,"{'m1-1': 25.12, 'm2-1': 24.94, 'm3-1': 5.29, 'm4-1': 5.08, 'm5-1': 10.9, 'm6-1': 0.98, 'm7-1': 106.28, 'm8-1': 145.68}",37.68,230.796,255.916,inf,288.772,288.772
185,T2,BESTEFFORT,COMPLETED,m2-1,178.951,"{'m1-1': 26.78, 'm2-1': 25.84, 'm3-1': 5.26, 'm4-1': 5.59, 'm5-1': 9.46, 'm6-1': 1.06, 'm7-1': 106.08, 'm8-1': 150.25}",38.76,213.79400000000004,239.63400000000004,inf,288.951,288.951
186,T1,BESTEFFORT,COMPLETED,m3-1,179.135,"{'m1-1': 24.94, 'm2-1': 26.07, 'm3-1': 5.51, 'm4-1': 4.93, 'm5-1': 10.98, 'm6-1': 1.1, 'm7-1': 113.92, 'm8-1': 138.59}",8.265,189.008,194.518,inf,289.135,289.135
187,T5,BESTEFFORT,COMPLETED,m6-1,179.551,"{'m1-1': 24.18, 'm2-1': 27.22, 'm3-1': 5.59, 'm4-1': 5.2, 'm5-1': 10.26, 'm6-1': 1.08, 'm7-1': 98.11, 'm8-1': 169.05}",1.62,180.184,181.264,inf,289.551,289.551
188,T9,BESTEFFORT,COMPLETED,m4-1,180.031,"{'m1-1': 24.73, 'm2-1': 25.2, 'm3-1': 5.76, 'm4-1': 5.42, 'm5-1': 10.26, 'm6-1': 0.98, 'm7-1': 96.59, 'm8-1': 154.19}",8.129999999999999,186.912,192.332,inf,290.031,290.031
189,T10,BESTEFFORT,COMPLETED,m6-1,182.33,"{'m1-1': 29.03, 'm2-1': 24.28, 'm3-1': 5.49, 'm4-1': 4.72, 'm5-1': 10.05, 'm6-1': 1.08, 'm7-1': 112.64, 'm8-1': 141.49}",1.62,182.33,183.41000000000003,inf,292.33000000000004,292.33000000000004
190,T1,BESTEFFORT,COMPLETED,m6-1,184.176,"{'m1-1': 25.48, 'm2-1': 26.33, 'm3-1': 4.95, 'm4-1': 5.34, 'm5-1': 10.61, 'm6-1': 0.97, 'm7-1': 108.19, 'm8-1': 160.29}",1.455,184.176,185.146,inf,294.176,294.176
191,T7,BESTEFFORT,COMPLETED,m5-1,185.002,"{'m1-1': 27.44, 'm2-1': 27.0, 'm3-1': 5.74, 'm4-1': 5.17, 'm5-1': 10.93, 'm6-1': 1.08, 'm7-1': 93.23, 'm8-1': 170.68}",16.395,192.25499999999997,203.18499999999997,inf,295.002,295.002
192,T2,BESTEFFORT,COMPLETED,m6-1,185.79,"{'m1-1': 25.03, 'm2-1': 26.93, 'm3-1': 5.45, 'm4-1': 5.43, 'm5-1': 10.55, 'm6-1': 1.0, 'm7-1': 96.88, 'm8-1': 154.08}",1.5,185.79,186.79,inf,295.78999999999996,295.78999999999996
193,T2,BESTEFFORT,COMPLETED,m6-1,185.889,"{'m1-1': 23.74, 'm2-1': 26.44, 'm3-1': 5.26, 'm4-1': 5.67, 'm5-1': 9.6, 'm6-1': 1.14, 'm7-1': 95.89, 'm8-1': 165.72}",1.71,186.79,187.92999999999998,inf,295.889,295.889
194,T2,BESTEFFORT,COMPLETED,m3-1,186.362,"{'m1-1': 25.81, 'm2-1': 26.62, 'm3-1': 5.88, 'm4-1': 5.34, 'm5-1': 10.27, 'm6-1': 1.02, 'm7-1': 106.3, 'm8-1': 162.76}",8.82,194.518,200.398,inf,296.36199999999997,296.36199999999997
195,T10,BESTEFFORT,COMPLETED,m4-1,187.575,"{'m1-1': 29.28, 'm2-1': 26.27, 'm3-1': 5.66, 'm4-1': 5.19, 'm5-1': 11.3, 'm6-1': 1.09, 'm7-1': 105.9, 'm8-1': 142.05}",7.785,192.332,197.522,inf,297.575,297.575
196,T6,BESTEFFORT,COMPLETED,m6-1,187.783,"{'m1-1': 28.55, 'm2-1': 26.51, 'm3-1': 5.74, 'm4-1': 5.1, 'm5-1': 10.15, 'm6-1': 0.92, 'm7-1': 97.75, 'm8-1': 166.03}",1.3800000000000001,187.92999999999998,188.84999999999997,inf,297.783,297.783
197,T6,BESTEFFORT,COMPLETED,m6-1,189.115,"{'m1-1': 26.12, 'm2-1': 24.66, 'm3-1': 5.78, 'm4-1': 5.51, 'm5-1': 10.28, 'm6-1': 1.02, 'm7-1': 106.03, 'm8-1': 149.18}",1.53,189.115,190.13500000000002,inf,299.115,299.115
198,T10,BESTEFFORT,COMPLETED,m6-1,190.145,"{'m1-1': 27.04, 'm2-1': 25.18, 'm3-1': 5.79, 'm4-1': 4.66, 'm5-1': 11.33, 'm6-1': 0.96, 'm7-1': 99.55, 'm8-1': 147.75}",1.44,190.145,191.10500000000002,inf,300.145,300.145
199,T9,BESTEFFORT,COMPLETED,m6-1,192.492,"{'m1-1': 25.28, 'm2-1': 29.04, 'm3-1': 5.71, 'm4-1': 4.84, 'm5-1': 10.0, 'm6-1': 1.02, 'm7-1': 105.71, 'm8-1': 155.72}",1.53,192.492,193.512,inf,302.49199999999996,302.49199999999996
200,T1,BESTEFFORT,COMPLETED,m6-1,196.621,"{'m1-1': 26.17, 'm2-1': 24.61, 'm3-1': 5.19, 'm4-1': 4.97, 'm5-1': 10.75, 'm6-1': 1.13, 'm7-1': 100.98, 'm8-1': 163.46}",1.6949999999999998,196.621,197.751,inf,306.621,306.621
201,T8,BESTEFFORT,COMPLETED,m3-1,196.966,"{'m1-1': 28.42, 'm2-1': 25.02, 'm3-1': 5.8, 'm4-1': 5.69, 'm5-1': 9.53, 'm6-1': 1.09, 'm7-1': 102.6, 'm8-1': 165.48}",8.7,200.398,206.198,inf,306.966,306.966
202,T4,BESTEFFORT,COMPLETED,m4-1,197.993,"{'m1-1': 26.38, 'm2-1': 27.62, 'm3-1': 5.95, 'm4-1': 5.4, 'm5-1': 11.45, 'm6-1': 0.96, 'm7-1': 114.29, 'm8-1': 166.75}",8.100000000000001,197.993,203.393,inf,307.993,307.993
203,T3,BESTEFFORT,COMPLETED,m6-1,198.061,"{'m1-1': 24.89, 'm2-1': 23.51, 'm3-1': 4.99, 'm4-1': 5.05, 'm5-1': 10.29, 'm6-1': 1.0, 'm7-1': 106.92, 'm8-1': 155.83}",1.5,198.061,199.061,inf,308.06100000000004,308.06100000000004
204,T6,BESTEFFORT,COMPLETED,m4-1,198.124,"{'m1-1': 28.45, 'm2-1': 24.89, 'm3-1': 5.08, 'm4-1': 5.35, 'm5-1': 9.71, 'm6-1': 0.95, 'm7-1': 108.86, 'm8-1': 161.15}",8.024999999999999,203.393,208.743,inf,308.124,308.124
205,T6,BESTEFFORT,COMPLETED,m5-1,198.375,"{'m1-1': 27.14, 'm2-1': 24.63, 'm3-1': 5.21, 'm4-1': 5.34, 'm5-1': 10.33, 'm6-1': 0.98, 'm7-1': 97.92, 'm8-1': 171.34}",15.495000000000001,203.18499999999997,213.515,inf,308.375,308.375
206,T7,BESTEFFORT,COMPLETED,m6-1,199.511,"{'m1-1': 27.93, 'm2-1': 26.62, 'm3-1': 5.89, 'm4-1': 5.14, 'm5-1': 9.99, 'm6-1': 1.01, 'm7-1': 105.36, 'm8-1': 164.18}",1.5150000000000001,199.511,200.521,inf,309.51099999999997,309.51099999999997
207,T10,BESTEFFORT,COMPLETED,m6-1,200.256,"{'m1-1': 26.88, 'm2-1': 27.36, 'm3-1': 5.54, 'm4-1': 4.76, 'm5-1': 10.58, 'm6-1': 0.95, 'm7-1': 111.13, 'm8-1': 152.85}",1.4249999999999998,200.521,201.47099999999998,inf,310.256,310.256
208,T2,BESTEFFORT,COMPLETED,m3-1,200.724,"{'m1-1': 24.73, 'm2-1': 26.3, 'm3-1': 5.37, 'm4-1': 5.03, 'm5-1': 10.43, 'm6-1': 1.14, 'm7-1': 100.04, 'm8-1': 158.44}",8.055,206.198,211.568,inf,310.724,310.724
209,T9,BESTEFFORT,COMPLETED,m6-1,201.572,"{'m1-1': 25.32, 'm2-1': 28.22, 'm3-1': 5.91, 'm4-1': 5.21, 'm5-1': 9.75, 'm6-1': 1.02, 'm7-1': 106.24, 'm8-1': 162.9}",1.53,201.572,202.592,inf,311.572,311.572
210,T5,BESTEFFORT,COMPLETED,m6-1,203.571,"{'m1-1': 26.11, 'm2-1': 25.44, 'm3-1': 5.08, 'm4-1': 5.82, 'm5-1': 11.09, 'm6-1': 0.97, 'm7-1': 93.93, 'm8-1': 170.45}",1.455,203.571,204.541,inf,313.571,313.571
211,T4,BESTEFFORT,COMPLETED,m6-1,205.258,"{'m1-1': 25.15, 'm2-1': 24.8, 'm3-1': 5.14, 'm4-1': 5.22, 'm5-1': 10.26, 'm6-1': 1.08, 'm7-1': 107.66, 'm8-1': 162.77}",1.62,205.258,206.33800000000002,inf,315.25800000000004,315.25800000000004
212,T8,BESTEFFORT,COMPLETED,m6-1,208.036,"{'m1-1': 24.96, 'm2-1': 25.44, 'm3-1': 5.86, 'm4-1': 5.45, 'm5-1': 9.95, 'm6-1': 1.04, 'm7-1': 107.52, 'm8-1': 163.84}",1.56,208.036,209.076,inf,318.036,318.036
213,T7,BESTEFFORT,COMPLETED,m4-1,209.045,"{'m1-1': 27.72, 'm2-1': 24.96, 'm3-1': 5.0, 'm4-1': 5.34, 'm5-1': 10.16, 'm6-1': 0.98, 'm7-1': 93.98, 'm8-1': 152.74}",8.01,209.045,214.385,inf,319.04499999999996,319.04499999999996
214,T5,BESTEFFORT,COMPLETED,m6-1,209.491,"{'m1-1': 26.12, 'm2-1': 28.48, 'm3-1': 5.03, 'm4-1': 5.73, 'm5-1': 9.89, 'm6-1': 0.96, 'm7-1': 94.38, 'm8-1': 157.58}",1.44,209.491,210.45100000000002,inf,319.491,319.491
215,T3,BESTEFFORT,COMPLETED,m3-1,209.591,"{'m1-1': 29.13, 'm2-1': 25.48, 'm3-1': 5.57, 'm4-1': 5.08, 'm5-1': 10.48, 'm6-1': 1.02, 'm7-1': 117.63, 'm8-1': 144.48}",8.355,211.568,217.138,inf,319.591,319.591
216,T5,BESTEFFORT,COMPLETED,m6-1,211.605,"{'m1-1': 27.01, 'm2-1': 25.5, 'm3-1': 5.43, 'm4-1': 5.0, 'm5-1': 11.27, 'm6-1': 1.0, 'm7-1': 97.59, 'm8-1': 164.62}",1.5,211.605,212.605,inf,321.605,321.605
217,T6,BESTEFFORT,COMPLETED,m6-1,213.178,"{'m1-1': 25.87, 'm2-1': 24.63, 'm3-1': 5.37, 'm4-1': 5.31, 'm5-1': 9.98, 'm6-1': 1.02, 'm7-1': 112.48, 'm8-1': 145.47}",1.53,213.178,214.198,inf,323.178,323.178
218,T10,BESTEFFORT,COMPLETED,m5-1,214.291,"{'m1-1': 28.78, 'm2-1': 28.29, 'm3-1': 5.32, 'm4-1': 5.18, 'm5-1': 11.05, 'm6-1': 1.02, 'm7-1': 108.6, 'm8-1': 163.01}",16.575000000000003,214.291,225.341,inf,324.291,324.291
219,T7,BESTEFFORT,COMPLETED,m4-1,214.429,"{'m1-1': 27.4, 'm2-1': 24.45, 'm3-1': 5.58, 'm4-1': 4.84, 'm5-1': 11.83, 'm6-1': 0.98, 'm7-1': 99.62, 'm8-1': 175.42}",7.26,214.429,219.269,inf,324.429,324.429
220,T2,BESTEFFORT,COMPLETED,m6-1,215.27,"{'m1-1': 27.27, 'm2-1': 27.21, 'm3-1': 5.46, 'm4-1': 5.58, 'm5-1': 9.89, 'm6-1': 1.02, 'm7-1': 98.77, 'm8-1': 144.8}",1.53,215.27,216.29000000000002,inf,325.27,325.27
221,T5,BESTEFFORT,COMPLETED,m2-1,215.904,"{'m1-1': 27.17, 'm2-1': 26.99, 'm3-1': 5.69, 'm4-1': 5.86, 'm5-1': 9.56, 'm6-1': 1.03, 'm7-1': 105.53, 'm8-1': 167.02}",40.485,239.63400000000004,266.624,inf,325.904,325.904
222,T8,BESTEFFORT,COMPLETED,m6-1,216.849,"{'m1-1': 27.87, 'm2-1': 27.2, 'm3-1': 5.6, 'm4-1': 5.07, 'm5-1': 10.55, 'm6-1': 1.1, 'm7-1': 109.98, 'm8-1': 148.45}",1.6500000000000001,216.849,217.94899999999998,inf,326.849,326.849
223,T10,BESTEFFORT,COMPLETED,m3-1,217.277,"{'m1-1': 28.24, 'm2-1': 26.6, 'm3-1': 5.85, 'm4-1': 5.18, 'm5-1': 10.6, 'm6-1': 1.02, 'm7-1': 99.53, 'm8-1': 160.29}",8.774999999999999,217.277,223.12699999999998,inf,327.277,327.277
224,T1,BESTEFFORT,COMPLETED,m6-1,217.975,"{'m1-1': 23.91, 'm2-1': 25.2, 'm3-1': 5.76, 'm4-1': 5.04, 'm5-1': 10.29, 'm6-1': 0.99, 'm7-1': 109.24, 'm8-1': 138.22}",1.4849999999999999,217.975,218.965,inf,327.975,327.975
225,T1,BESTEFFORT,COMPLETED,m3-1,218.049,"{'m1-1': 25.04, 'm2-1': 27.15, 'm3-1': 5.66, 'm4-1': 5.3, 'm5-1': 10.07, 'm6-1': 0.97, 'm7-1': 108.6, 'm8-1': 161.52}",8.49,223.12699999999998,228.78699999999998,inf,328.049,328.049
226,T8,BESTEFFORT,COMPLETED,m4-1,218.186,"{'m1-1': 27.67, 'm2-1': 23.81, 'm3-1': 5.06, 'm4-1': 5.18, 'm5-1': 10.3, 'm6-1': 1.02, 'm7-1': 101.45, 'm8-1': 160.61}",7.77,219.269,224.449,inf,328.18600000000004,328.18600000000004
227,T2,BESTEFFORT,COMPLETED,m5-1,218.427,"{'m1-1': 27.47, 'm2-1': 24.94, 'm3-1': 5.6, 'm4-1': 5.0, 'm5-1': 10.79, 'm6-1': 1.12, 'm7-1': 102.54, 'm8-1': 164.0}",16.185,225.341,236.131,inf,328.427,328.427
228,T9,BESTEFFORT,COMPLETED,m6-1,219.477,"{'m1-1': 27.48, 'm2-1': 29.0, 'm3-1': 5.84, 'm4-1': 5.02, 'm5-1': 10.6, 'm6-1': 1.08, 'm7-1': 112.55, 'm8-1': 150.81}",1.62,219.477,220.55700000000002,inf,329.477,329.477
229,T8,BESTEFFORT,COMPLETED,m6-1,220.626,"{'m1-1': 25.13, 'm2-1': 24.01, 'm3-1': 5.93, 'm4-1': 5.32, 'm5-1': 9.89, 'm6-1': 0.99, 'm7-1': 111.71, 'm8-1': 152.71}",1.4849999999999999,220.626,221.616,inf,330.626,330.626
230,T9,BESTEFFORT,COMPLETED,m4-1,221.401,"{'m1-1': 26.08, 'm2-1': 25.22, 'm3-1': 5.83, 'm4-1': 4.76, 'm5-1': 11.26, 'm6-1': 0.99, 'm7-1': 109.04, 'm8-1': 157.64}",7.14,224.449,229.209,inf,331.401,331.401
231,T8,BESTEFFORT,COMPLETED,m6-1,222.231,"{'m1-1': 26.36, 'm2-1': 26.99, 'm3-1': 5.15, 'm4-1': 5.62, 'm5-1': 10.7, 'm6-1': 0.95, 'm7-1': 111.7, 'm8-1': 157.34}",1.4249999999999998,222.231,223.18099999999998,inf,332.231,332.231
232,T4,BESTEFFORT,COMPLETED,m6-1,224.066,"{'m1-1': 28.18, 'm2-1': 27.15, 'm3-1': 5.06, 'm4-1': 5.81, 'm5-1': 11.1, 'm6-1': 1.03, 'm7-1': 104.09, 'm8-1': 152.05}",1.545,224.066,225.096,inf,334.06600000000003,334.06600000000003
233,T2,BESTEFFORT,COMPLETED,m3-1,224.994,"{'m1-1': 24.18, 'm2-1': 25.88, 'm3-1': 5.71, 'm4-1': 5.17, 'm5-1': 9.71, 'm6-1': 1.02, 'm7-1': 96.18, 'm8-1': 155.91}",8.565,228.78699999999998,234.49699999999999,inf,334.994,334.994
234,T1,BESTEFFORT,COMPLETED,m6-1,225.573,"{'m1-1': 25.36, 'm2-1': 23.81, 'm3-1': 5.23, 'm4-1': 5.43, 'm5-1': 10.36, 'm6-1': 1.03, 'm7-1': 100.14, 'm8-1': 155.55}",1.545,225.573,226.603,inf,335.573,335.573
235,T2,BESTEFFORT,COMPLETED,m4-1,226.532,"{'m1-1': 24.47, 'm2-1': 26.66, 'm3-1': 5.37, 'm4-1': 5.17, 'm5-1': 10.78, 'm6-1': 1.12, 'm7-1': 104.38, 'm8-1': 151.86}",7.755,229.209,234.379,inf,336.53200000000004,336.53200000000004
236,T9,BESTEFFORT,COMPLETED,m6-1,227.045,"{'m1-1': 25.26, 'm2-1': 28.32, 'm3-1': 5.44, 'm4-1': 4.89, 'm5-1': 10.15, 'm6-1': 1.05, 'm7-1': 105.93, 'm8-1': 146.14}",1.5750000000000002,227.045,228.095,inf,337.04499999999996,337.04499999999996
237,T8,BESTEFFORT,COMPLETED,m5-1,227.961,"{'m1-1': 28.59, 'm2-1': 26.83, 'm3-1': 5.03, 'm4-1': 5.78, 'm5-1': 10.86, 'm6-1': 0.98, 'm7-1': 99.13, 'm8-1': 145.38}",16.29,236.131,246.99099999999999,inf,337.961,337.961
238,T9,BESTEFFORT,COMPLETED,m6-1,229.951,"{'m1-1': 24.95, 'm2-1': 25.8, 'm3-1': 5.42, 'm4-1': 5.18, 'm5-1': 9.59, 'm6-1': 0.98, 'm7-1': 95.28, 'm8-1': 160.2}",1.47,229.951,230.93099999999998,inf,339.951,339.951
239,T6,BESTEFFORT,COMPLETED,m6-1,233.166,"{'m1-1': 28.83, 'm2-1': 26.53, 'm3-1': 5.68, 'm4-1': 5.25, 'm5-1': 10.79, 'm6-1': 1.0, 'm7-1': 100.49, 'm8-1': 164.95}",1.5,233.166,234.166,inf,343.166,343.166
240,T4,BESTEFFORT,COMPLETED,m3-1,237.55,"{'m1-1': 25.11, 'm2-1': 27.6, 'm3-1': 5.74, 'm4-1': 4.91, 'm5-1': 10.09, 'm6-1': 1.01, 'm7-1': 102.19, 'm8-1': 171.48}",8.61,237.55,243.29000000000002,inf,347.55,347.55
241,T2,BESTEFFORT,COMPLETED,m4-1,238.424,"{'m1-1': 24.94, 'm2-1': 24.75, 'm3-1': 4.98, 'm4-1': 5.29, 'm5-1': 10.61, 'm6-1': 1.02, 'm7-1': 111.34, 'm8-1': 158.01}",7.9350000000000005,238.424,243.714,inf,348.424,348.424
242,T5,BESTEFFORT,COMPLETED,m6-1,241.21,"{'m1-1': 26.11, 'm2-1': 27.87, 'm3-1': 5.29, 'm4-1': 5.38, 'm5-1': 10.16, 'm6-1': 0.99, 'm7-1': 101.18, 'm8-1': 153.9}",1.4849999999999999,241.21,242.20000000000002,inf,351.21000000000004,351.21000000000004
243,T7,BESTEFFORT,COMPLETED,m1-1,241.491,"{'m1-1': 27.14, 'm2-1': 25.69, 'm3-1': 5.48, 'm4-1': 5.22, 'm5-1': 11.36, 'm6-1': 0.95, 'm7-1': 98.53, 'm8-1': 151.52}",40.71,255.916,283.056,inf,351.491,351.491
244,T2,BESTEFFORT,COMPLETED,m2-1,241.899,"{'m1-1': 25.48, 'm2-1': 27.13, 'm3-1': 5.51, 'm4-1': 5.37, 'm5-1': 10.86, 'm6-1': 1.05, 'm7-1': 109.64, 'm8-1': 154.23}",40.695,266.624,293.754,inf,351.899,351.899
245,T3,BESTEFFORT,COMPLETED,m3-1,242.136,"{'m1-1': 25.34, 'm2-1': 26.56, 'm3-1': 5.73, 'm4-1': 4.87, 'm5-1': 10.03, 'm6-1': 0.96, 'm7-1': 105.38, 'm8-1': 155.51}",8.595,243.29000000000002,249.02,inf,352.13599999999997,352.13599999999997
246,T2,BESTEFFORT,COMPLETED,m4-1,244.936,"{'m1-1': 26.41, 'm2-1': 24.21, 'm3-1': 5.35, 'm4-1': 5.41, 'm5-1': 11.22, 'm6-1': 1.1, 'm7-1': 103.52, 'm8-1': 146.06}",8.115,244.936,250.346,inf,354.93600000000004,354.93600000000004
247,T6,BESTEFFORT,COMPLETED,m6-1,245.438,"{'m1-1': 28.6, 'm2-1': 24.3, 'm3-1': 5.3, 'm4-1': 5.46, 'm5-1': 11.34, 'm6-1': 1.06, 'm7-1': 107.8, 'm8-1': 169.71}",1.59,245.438,246.498,inf,355.438,355.438
248,T6,BESTEFFORT,COMPLETED,m5-1,247.201,"{'m1-1': 28.33, 'm2-1': 23.75, 'm3-1': 5.09, 'm4-1': 5.73, 'm5-1': 10.12, 'm6-1': 0.94, 'm7-1': 113.25, 'm8-1': 154.12}",15.18,247.201,257.32099999999997,inf,357.201,357.201
249,T4,BESTEFFORT,COMPLETED,m6-1,247.445,"{'m1-1': 28.23, 'm2-1': 24.95, 'm3-1': 5.4, 'm4-1': 5.12, 'm5-1': 11.07, 'm6-1': 1.02, 'm7-1': 101.77, 'm8-1': 161.32}",1.53,247.445,248.465,inf,357.445,357.445
250,T6,BESTEFFORT,COMPLETED,m3-1,249.061,"{'m1-1': 25.82, 'm2-1': 26.12, 'm3-1': 5.6, 'm4-1': 5.54, 'm5-1': 9.68, 'm6-1': 1.03, 'm7-1': 100.15, 'm8-1': 171.12}",8.399999999999999,249.061,254.661,inf,359.06100000000004,359.06100000000004
251,T10,BESTEFFORT,COMPLETED,m6-1,249.906,"{'m1-1': 28.63, 'm2-1': 24.65, 'm3-1': 5.32, 'm4-1': 5.15, 'm5-1': 10.72, 'm6-1': 1.03, 'm7-1': 112.21, 'm8-1': 153.79}",1.545,249.906,250.936,inf,359.906,359.906
252,T8,BESTEFFORT,COMPLETED,m4-1,250.674,"{'m1-1': 26.96, 'm2-1': 25.74, 'm3-1': 5.36, 'm4-1': 5.16, 'm5-1': 9.56, 'm6-1': 0.95, 'm7-1': 100.67, 'm8-1': 157.96}",7.74,250.674,255.834,inf,360.674,360.674
253,T9,BESTEFFORT,COMPLETED,m6-1,251.185,"{'m1-1': 27.36, 'm2-1': 26.51, 'm3-1': 5.25, 'm4-1': 5.29, 'm5-1': 9.76, 'm6-1': 0.93, 'm7-1': 110.78, 'm8-1': 151.7}",1.395,251.185,252.115,inf,361.185,361.185
254,T3,BESTEFFORT,COMPLETED,m7-1,251.881,"{'m1-1': 29.05, 'm2-1': 24.06, 'm3-1': 5.16, 'm4-1': 5.47, 'm5-1': 10.49, 'm6-1': 0.97, 'm7-1': 101.22, 'm8-1': 140.07}",151.82999999999998,251.881,353.101,inf,361.881,361.881
255,T4,BESTEFFORT,COMPLETED,m6-1,252.888,"{'m1-1': 26.83, 'm2-1': 25.92, 'm3-1': 5.61, 'm4-1': 5.02, 'm5-1': 11.29, 'm6-1': 1.07, 'm7-1': 106.86, 'm8-1': 174.57}",1.605,252.888,253.958,inf,362.88800000000003,362.88800000000003
256,T4,BESTEFFORT,MISSED,m8-1,253.28,"{'m1-1': 27.59, 'm2-1': 25.12, 'm3-1': 5.46, 'm4-1': 5.24, 'm5-1': 10.71, 'm6-1': 1.02, 'm7-1': 104.83, 'm8-1': 173.37}",164.99999999999994,253.28,inf,363.28,363.28,363.28
257,T5,BESTEFFORT,COMPLETED,m3-1,256.398,"{'m1-1': 23.92, 'm2-1': 24.82, 'm3-1': 4.89, 'm4-1': 5.24, 'm5-1': 10.16, 'm6-1': 1.08, 'm7-1': 101.87, 'm8-1': 153.11}",7.334999999999999,256.398,261.288,inf,366.398,366.398
258,T1,BESTEFFORT,COMPLETED,m4-1,257.611,"{'m1-1': 24.53, 'm2-1': 23.45, 'm3-1': 4.88, 'm4-1': 5.56, 'm5-1': 9.77, 'm6-1': 1.14, 'm7-1': 111.87, 'm8-1': 151.35}",8.34,257.611,263.171,inf,367.611,367.611
259,T8,BESTEFFORT,COMPLETED,m5-1,258.361,"{'m1-1': 27.77, 'm2-1': 27.28, 'm3-1': 5.76, 'm4-1': 5.26, 'm5-1': 11.23, 'm6-1': 1.06, 'm7-1': 105.07, 'm8-1': 156.57}",16.845,258.361,269.591,inf,368.361,368.361
260,T9,BESTEFFORT,COMPLETED,m6-1,259.145,"{'m1-1': 26.64, 'm2-1': 27.93, 'm3-1': 5.59, 'm4-1': 5.54, 'm5-1': 10.79, 'm6-1': 1.0, 'm7-1': 101.5, 'm8-1': 144.05}",1.5,259.145,260.145,inf,369.145,369.145
261,T8,BESTEFFORT,COMPLETED,m1-1,259.206,"{'m1-1': 27.01, 'm2-1': 26.78, 'm3-1': 5.08, 'm4-1': 5.69, 'm5-1': 11.02, 'm6-1': 1.01, 'm7-1': 104.29, 'm8-1': 142.31}",40.515,283.056,310.066,inf,369.206,369.206
262,T5,BESTEFFORT,COMPLETED,m3-1,261.373,"{'m1-1': 23.4, 'm2-1': 26.36, 'm3-1': 5.35, 'm4-1': 5.0, 'm5-1': 10.88, 'm6-1': 1.05, 'm7-1': 100.54, 'm8-1': 162.18}",8.024999999999999,261.373,266.723,inf,371.373,371.373
263,T10,BESTEFFORT,COMPLETED,m4-1,264.29,"{'m1-1': 25.01, 'm2-1': 25.2, 'm3-1': 5.9, 'm4-1': 5.33, 'm5-1': 10.14, 'm6-1': 1.09, 'm7-1': 112.91, 'm8-1': 151.72}",7.995,264.29,269.62,inf,374.29,374.29
264,T1,BESTEFFORT,COMPLETED,m6-1,266.111,"{'m1-1': 26.38, 'm2-1': 24.64, 'm3-1': 4.86, 'm4-1': 5.06, 'm5-1': 11.24, 'm6-1': 1.07, 'm7-1': 112.0, 'm8-1': 162.87}",1.605,266.111,267.181,inf,376.111,376.111
265,T1,BESTEFFORT,COMPLETED,m3-1,266.5,"{'m1-1': 25.69, 'm2-1': 24.27, 'm3-1': 5.63, 'm4-1': 5.39, 'm5-1': 10.25, 'm6-1': 0.99, 'm7-1': 117.52, 'm8-1': 161.99}",8.445,266.723,272.353,inf,376.5,376.5
266,T4,BESTEFFORT,COMPLETED,m4-1,266.509,"{'m1-1': 24.94, 'm2-1': 26.16, 'm3-1': 5.39, 'm4-1': 5.66, 'm5-1': 10.22, 'm6-1': 0.94, 'm7-1': 106.24, 'm8-1': 173.02}",8.49,269.62,275.28000000000003,inf,376.509,376.509
267,T9,BESTEFFORT,COMPLETED,m2-1,266.637,"{'m1-1': 27.86, 'm2-1': 29.03, 'm3-1': 5.44, 'm4-1': 4.79, 'm5-1': 9.95, 'm6-1': 1.06, 'm7-1': 98.46, 'm8-1': 152.06}",43.545,293.754,322.784,inf,376.637,376.637
268,T2,BESTEFFORT,COMPLETED,m3-1,266.769,"{'m1-1': 24.04, 'm2-1': 27.34, 'm3-1': 5.66, 'm4-1': 5.47, 'm5-1': 10.8, 'm6-1': 1.11, 'm7-1': 97.52, 'm8-1': 144.27}",8.49,272.353,278.01300000000003,inf,376.769,376.769
269,T5,BESTEFFORT,COMPLETED,m5-1,266.979,"{'m1-1': 26.34, 'm2-1': 24.62, 'm3-1': 5.09, 'm4-1': 5.45, 'm5-1': 11.27, 'm6-1': 0.98, 'm7-1': 94.5, 'm8-1': 159.14}",16.905,269.591,280.861,inf,376.979,376.979
270,T7,BESTEFFORT,COMPLETED,m6-1,267.655,"{'m1-1': 29.19, 'm2-1': 24.89, 'm3-1': 5.06, 'm4-1': 5.44, 'm5-1': 11.52, 'm6-1': 0.98, 'm7-1': 96.09, 'm8-1': 157.08}",1.47,267.655,268.635,inf,377.655,377.655
271,T6,BESTEFFORT,COMPLETED,m6-1,269.475,"{'m1-1': 27.99, 'm2-1': 27.74, 'm3-1': 5.57, 'm4-1': 4.9, 'm5-1': 10.85, 'm6-1': 0.94, 'm7-1': 114.08, 'm8-1': 167.28}",1.41,269.475,270.415,inf,379.475,379.475
272,T8,BESTEFFORT,COMPLETED,m6-1,271.424,"{'m1-1': 27.41, 'm2-1': 26.1, 'm3-1': 5.03, 'm4-1': 5.15, 'm5-1': 10.34, 'm6-1': 1.0, 'm7-1': 113.72, 'm8-1': 168.6}",1.5,271.424,272.424,inf,381.424,381.424
273,T9,BESTEFFORT,COMPLETED,m4-1,272.323,"{'m1-1': 24.66, 'm2-1': 27.64, 'm3-1': 5.46, 'm4-1': 5.46, 'm5-1': 9.55, 'm6-1': 1.03, 'm7-1': 95.26, 'm8-1': 151.01}",8.19,275.28000000000003,280.74,inf,382.323,382.323
274,T8,BESTEFFORT,COMPLETED,m6-1,272.541,"{'m1-1': 27.78, 'm2-1': 28.14, 'm3-1': 5.57, 'm4-1': 5.79, 'm5-1': 10.45, 'm6-1': 0.99, 'm7-1': 102.39, 'm8-1': 158.45}",1.4849999999999999,272.541,273.531,inf,382.541,382.541
275,T7,BESTEFFORT,COMPLETED,m6-1,274.243,"{'m1-1': 26.03, 'm2-1': 25.05, 'm3-1': 5.74, 'm4-1': 5.2, 'm5-1': 10.3, 'm6-1': 0.93, 'm7-1': 98.6, 'm8-1': 170.86}",1.395,274.243,275.173,inf,384.243,384.243
276,T2,BESTEFFORT,COMPLETED,m6-1,277.974,"{'m1-1': 26.59, 'm2-1': 27.21, 'm3-1': 4.99, 'm4-1': 5.66, 'm5-1': 11.09, 'm6-1': 1.15, 'm7-1': 106.98, 'm8-1': 167.32}",1.7249999999999999,277.974,279.12399999999997,inf,387.974,387.974
277,T9,BESTEFFORT,COMPLETED,m3-1,278.118,"{'m1-1': 24.0, 'm2-1': 28.27, 'm3-1': 5.23, 'm4-1': 5.04, 'm5-1': 10.24, 'm6-1': 1.01, 'm7-1': 108.93, 'm8-1': 168.66}",7.845000000000001,278.118,283.348,inf,388.118,388.118
278,T6,BESTEFFORT,COMPLETED,m3-1,278.641,"{'m1-1': 29.55, 'm2-1': 27.73, 'm3-1': 5.69, 'm4-1': 5.04, 'm5-1': 11.21, 'm6-1': 1.08, 'm7-1': 110.33, 'm8-1': 167.06}",8.535,283.348,289.038,inf,388.641,388.641
279,T4,BESTEFFORT,COMPLETED,m6-1,280.324,"{'m1-1': 26.93, 'm2-1': 24.88, 'm3-1': 5.45, 'm4-1': 5.07, 'm5-1': 10.16, 'm6-1': 1.1, 'm7-1': 98.21, 'm8-1': 162.59}",1.6500000000000001,280.324,281.42400000000004,inf,390.324,390.324
280,T2,BESTEFFORT,COMPLETED,m4-1,280.902,"{'m1-1': 24.08, 'm2-1': 24.28, 'm3-1': 5.73, 'm4-1': 5.2, 'm5-1': 10.8, 'm6-1': 1.06, 'm7-1': 108.34, 'm8-1': 158.16}",7.800000000000001,280.902,286.102,inf,390.902,390.902
281,T5,BESTEFFORT,COMPLETED,m5-1,281.349,"{'m1-1': 23.32, 'm2-1': 26.09, 'm3-1': 5.43, 'm4-1': 5.29, 'm5-1': 10.76, 'm6-1': 1.06, 'm7-1': 100.93, 'm8-1': 164.23}",16.14,281.349,292.109,inf,391.349,391.349
282,T10,BESTEFFORT,COMPLETED,m6-1,282.469,"{'m1-1': 27.2, 'm2-1': 26.44, 'm3-1': 5.79, 'm4-1': 4.74, 'm5-1': 10.5, 'm6-1': 0.95, 'm7-1': 109.27, 'm8-1': 143.99}",1.4249999999999998,282.469,283.419,inf,392.469,392.469
283,T10,BESTEFFORT,COMPLETED,m4-1,282.813,"{'m1-1': 26.38, 'm2-1': 26.6, 'm3-1': 5.79, 'm4-1': 5.22, 'm5-1': 10.39, 'm6-1': 0.98, 'm7-1': 101.91, 'm8-1': 140.34}",7.83,286.102,291.322,inf,392.813,392.813
284,T7,BESTEFFORT,COMPLETED,m6-1,283.422,"{'m1-1': 26.86, 'm2-1': 26.98, 'm3-1': 5.05, 'm4-1': 4.99, 'm5-1': 10.04, 'm6-1': 1.02, 'm7-1': 105.69, 'm8-1': 158.13}",1.53,283.422,284.442,inf,393.422,393.422
285,T10,BESTEFFORT,COMPLETED,m1-1,284.096,"{'m1-1': 27.88, 'm2-1': 27.18, 'm3-1': 5.56, 'm4-1': 4.67, 'm5-1': 10.91, 'm6-1': 0.96, 'm7-1': 105.68, 'm8-1': 141.29}",41.82,310.066,337.94599999999997,inf,394.096,394.096
286,T1,BESTEFFORT,COMPLETED,m6-1,284.638,"{'m1-1': 25.78, 'm2-1': 25.76, 'm3-1': 5.7, 'm4-1': 5.06, 'm5-1': 10.62, 'm6-1': 1.01, 'm7-1': 117.07, 'm8-1': 143.24}",1.5150000000000001,284.638,285.64799999999997,inf,394.638,394.638
287,T2,BESTEFFORT,COMPLETED,m3-1,284.704,"{'m1-1': 26.4, 'm2-1': 26.09, 'm3-1': 5.18, 'm4-1': 5.16, 'm5-1': 9.47, 'm6-1': 1.14, 'm7-1': 101.26, 'm8-1': 144.27}",7.77,289.038,294.218,inf,394.704,394.704
288,T5,BESTEFFORT,COMPLETED,m5-1,284.895,"{'m1-1': 25.46, 'm2-1': 24.58, 'm3-1': 5.38, 'm4-1': 5.33, 'm5-1': 10.8, 'm6-1': 0.94, 'm7-1': 93.82, 'm8-1': 159.07}",16.200000000000003,292.109,302.909,inf,394.895,394.895
289,T2,BESTEFFORT,COMPLETED,m6-1,285.789,"{'m1-1': 26.46, 'm2-1': 24.39, 'm3-1': 5.2, 'm4-1': 5.35, 'm5-1': 10.36, 'm6-1': 1.15, 'm7-1': 106.32, 'm8-1': 166.04}",1.7249999999999999,285.789,286.93899999999996,inf,395.789,395.789
290,T2,BESTEFFORT,COMPLETED,m4-1,286.117,"{'m1-1': 23.7, 'm2-1': 26.82, 'm3-1': 5.27, 'm4-1': 5.21, 'm5-1': 11.07, 'm6-1': 1.06, 'm7-1': 97.83, 'm8-1': 146.27}",7.8149999999999995,291.322,296.532,inf,396.117,396.117
291,T4,BESTEFFORT,COMPLETED,m6-1,286.423,"{'m1-1': 28.7, 'm2-1': 25.58, 'm3-1': 5.64, 'm4-1': 5.31, 'm5-1': 11.41, 'm6-1': 1.07, 'm7-1': 105.76, 'm8-1': 170.37}",1.605,286.93899999999996,288.00899999999996,inf,396.423,396.423
292,T8,BESTEFFORT,MISSED,m7-1,286.88,"{'m1-1': 28.87, 'm2-1': 27.66, 'm3-1': 5.93, 'm4-1': 5.52, 'm5-1': 11.25, 'm6-1': 0.94, 'm7-1': 99.9, 'm8-1': 163.92}",65.6685,353.101,inf,396.88,396.88,396.88
293,T10,BESTEFFORT,COMPLETED,m6-1,287.038,"{'m1-1': 28.03, 'm2-1': 24.98, 'm3-1': 5.41, 'm4-1': 4.78, 'm5-1': 10.63, 'm6-1': 1.09, 'm7-1': 112.14, 'm8-1': 161.01}",1.6350000000000002,288.00899999999996,289.09899999999993,inf,397.038,397.038
294,T1,BESTEFFORT,MISSED,m8-1,287.099,"{'m1-1': 24.2, 'm2-1': 27.15, 'm3-1': 4.89, 'm4-1': 5.27, 'm5-1': 10.27, 'm6-1': 1.13, 'm7-1': 106.74, 'm8-1': 152.61}",50.728500000000025,363.28,inf,397.099,397.099,397.099
295,T7,BESTEFFORT,COMPLETED,m6-1,288.593,"{'m1-1': 25.51, 'm2-1': 25.9, 'm3-1': 5.74, 'm4-1': 5.44, 'm5-1': 11.52, 'm6-1': 0.94, 'm7-1': 95.3, 'm8-1': 170.27}",1.41,289.09899999999993,290.03899999999993,inf,398.593,398.593
296,T6,BESTEFFORT,COMPLETED,m1-1,288.609,"{'m1-1': 26.39, 'm2-1': 26.45, 'm3-1': 5.74, 'm4-1': 5.26, 'm5-1': 9.97, 'm6-1': 1.0, 'm7-1': 108.0, 'm8-1': 167.84}",39.585,337.94599999999997,364.33599999999996,inf,398.609,398.609
297,T9,BESTEFFORT,COMPLETED,m3-1,289.682,"{'m1-1': 27.26, 'm2-1': 25.32, 'm3-1': 5.95, 'm4-1': 5.26, 'm5-1': 11.22, 'm6-1': 1.01, 'm7-1': 104.36, 'm8-1': 161.59}",8.925,294.218,300.168,inf,399.682,399.682
298,T6,BESTEFFORT,COMPLETED,m6-1,295.479,"{'m1-1': 29.26, 'm2-1': 26.07, 'm3-1': 5.17, 'm4-1': 5.14, 'm5-1': 10.41, 'm6-1': 0.98, 'm7-1': 109.57, 'm8-1': 148.91}",1.47,295.479,296.459,inf,405.479,405.479
299,T10,BESTEFFORT,COMPLETED,m2-1,295.69,"{'m1-1': 26.89, 'm2-1': 24.16, 'm3-1': 5.19, 'm4-1': 5.07, 'm5-1': 11.22, 'm6-1': 0.94, 'm7-1': 114.78, 'm8-1': 139.06}",36.24,322.784,346.944,inf,405.69,405.69
300,T1,BESTEFFORT,COMPLETED,m3-1,296.187,"{'m1-1': 27.5, 'm2-1': 24.15, 'm3-1': 4.94, 'm4-1': 5.58, 'm5-1': 10.18, 'm6-1': 1.03, 'm7-1': 114.68, 'm8-1': 145.57}",7.41,300.168,305.108,inf,406.187,406.187
301,T1,BESTEFFORT,COMPLETED,m4-1,296.577,"{'m1-1': 27.87, 'm2-1': 24.53, 'm3-1': 5.38, 'm4-1': 4.85, 'm5-1': 10.6, 'm6-1': 1.02, 'm7-1': 117.65, 'm8-1': 147.78}",7.2749999999999995,296.577,301.427,inf,406.577,406.577
302,T6,BESTEFFORT,COMPLETED,m6-1,296.764,"{'m1-1': 27.67, 'm2-1': 27.09, 'm3-1': 5.83, 'm4-1': 5.41, 'm5-1': 11.17, 'm6-1': 1.02, 'm7-1': 114.2, 'm8-1': 164.87}",1.53,296.764,297.784,inf,406.764,406.764
303,T8,BESTEFFORT,COMPLETED,m4-1,297.159,"{'m1-1': 28.68, 'm2-1': 26.94, 'm3-1': 5.35, 'm4-1': 5.41, 'm5-1': 9.64, 'm6-1': 0.95, 'm7-1': 104.6, 'm8-1': 166.86}",8.115,301.427,306.83700000000005,inf,407.159,407.159
304,T8,BESTEFFORT,COMPLETED,m5-1,297.18,"{'m1-1': 27.01, 'm2-1': 24.36, 'm3-1': 5.22, 'm4-1': 5.25, 'm5-1': 9.92, 'm6-1': 1.05, 'm7-1': 106.34, 'm8-1': 155.65}",14.879999999999999,302.909,312.829,inf,407.18,407.18
305,T3,BESTEFFORT,COMPLETED,m6-1,298.726,"{'m1-1': 28.41, 'm2-1': 23.8, 'm3-1': 5.07, 'm4-1': 5.56, 'm5-1': 10.36, 'm6-1': 1.04, 'm7-1': 118.39, 'm8-1': 156.95}",1.56,298.726,299.766,inf,408.726,408.726
306,T1,BESTEFFORT,COMPLETED,m6-1,298.893,"{'m1-1': 27.71, 'm2-1': 25.23, 'm3-1': 5.75, 'm4-1': 4.78, 'm5-1': 11.08, 'm6-1': 1.01, 'm7-1': 106.88, 'm8-1': 138.68}",1.5150000000000001,299.766,300.776,inf,408.893,408.893
307,T2,BESTEFFORT,COMPLETED,m3-1,300.408,"{'m1-1': 24.41, 'm2-1': 25.64, 'm3-1': 5.17, 'm4-1': 4.98, 'm5-1': 9.9, 'm6-1': 1.1, 'm7-1': 97.43, 'm8-1': 150.59}",7.755,305.108,310.278,inf,410.408,410.408
308,T6,BESTEFFORT,COMPLETED,m6-1,301.709,"{'m1-1': 26.03, 'm2-1': 26.19, 'm3-1': 5.41, 'm4-1': 5.16, 'm5-1': 9.94, 'm6-1': 1.01, 'm7-1': 104.9, 'm8-1': 165.0}",1.5150000000000001,301.709,302.719,inf,411.709,411.709
309,T10,BESTEFFORT,COMPLETED,m6-1,305.082,"{'m1-1': 26.07, 'm2-1': 26.69, 'm3-1': 5.54, 'm4-1': 4.7, 'm5-1': 11.28, 'm6-1': 1.06, 'm7-1': 106.21, 'm8-1': 150.74}",1.59,305.082,306.142,inf,415.082,415.082
310,T6,BESTEFFORT,COMPLETED,m3-1,305.593,"{'m1-1': 25.52, 'm2-1': 23.89, 'm3-1': 5.3, 'm4-1': 5.7, 'm5-1': 10.76, 'm6-1': 1.07, 'm7-1': 108.14, 'm8-1': 165.43}",7.949999999999999,310.278,315.57800000000003,inf,415.593,415.593
311,T1,BESTEFFORT,COMPLETED,m4-1,307.978,"{'m1-1': 25.09, 'm2-1': 27.67, 'm3-1': 5.45, 'm4-1': 5.02, 'm5-1': 9.64, 'm6-1': 1.11, 'm7-1': 100.47, 'm8-1': 146.31}",7.529999999999999,307.978,312.998,inf,417.978,417.978
312,T5,BESTEFFORT,COMPLETED,m4-1,314.08,"{'m1-1': 24.05, 'm2-1': 27.81, 'm3-1': 4.91, 'm4-1': 5.23, 'm5-1': 9.61, 'm6-1': 0.99, 'm7-1': 102.89, 'm8-1': 166.29}",7.845000000000001,314.08,319.31,inf,424.08,424.08
313,T10,BESTEFFORT,COMPLETED,m5-1,315.334,"{'m1-1': 28.52, 'm2-1': 27.04, 'm3-1': 5.38, 'm4-1': 5.44, 'm5-1': 10.68, 'm6-1': 1.04, 'm7-1': 106.54, 'm8-1': 154.62}",16.02,315.334,326.014,inf,425.334,425.334
314,T5,BESTEFFORT,COMPLETED,m3-1,316.296,"{'m1-1': 26.4, 'm2-1': 26.04, 'm3-1': 5.3, 'm4-1': 5.48, 'm5-1': 11.3, 'm6-1': 1.04, 'm7-1': 107.21, 'm8-1': 150.4}",7.949999999999999,316.296,321.596,inf,426.296,426.296
315,T2,BESTEFFORT,COMPLETED,m6-1,316.418,"{'m1-1': 26.87, 'm2-1': 24.89, 'm3-1': 5.18, 'm4-1': 5.15, 'm5-1': 9.86, 'm6-1': 1.15, 'm7-1': 113.04, 'm8-1': 158.67}",1.7249999999999999,316.418,317.568,inf,426.418,426.418
316,T4,BESTEFFORT,COMPLETED,m3-1,316.681,"{'m1-1': 25.15, 'm2-1': 26.81, 'm3-1': 5.19, 'm4-1': 5.73, 'm5-1': 10.85, 'm6-1': 0.98, 'm7-1': 111.41, 'm8-1': 171.19}",7.785,321.596,326.786,inf,426.681,426.681
317,T3,BESTEFFORT,COMPLETED,m4-1,319.603,"{'m1-1': 24.86, 'm2-1': 24.32, 'm3-1': 5.46, 'm4-1': 4.96, 'm5-1': 9.74, 'm6-1': 0.92, 'm7-1': 108.89, 'm8-1': 163.23}",7.4399999999999995,319.603,324.563,inf,429.603,429.603
318,T8,BESTEFFORT,COMPLETED,m6-1,320.845,"{'m1-1': 29.2, 'm2-1': 24.46, 'm3-1': 5.14, 'm4-1': 5.57, 'm5-1': 11.03, 'm6-1': 1.05, 'm7-1': 116.35, 'm8-1': 158.37}",1.5750000000000002,320.845,321.89500000000004,inf,430.845,430.845
319,T8,BESTEFFORT,COMPLETED,m3-1,321.865,"{'m1-1': 28.99, 'm2-1': 25.94, 'm3-1': 5.69, 'm4-1': 5.13, 'm5-1': 10.53, 'm6-1': 1.0, 'm7-1': 112.5, 'm8-1': 151.83}",8.535,326.786,332.476,inf,431.865,431.865
320,T9,BESTEFFORT,COMPLETED,m4-1,325.697,"{'m1-1': 24.42, 'm2-1': 29.54, 'm3-1': 5.31, 'm4-1': 4.8, 'm5-1': 9.83, 'm6-1': 0.93, 'm7-1': 95.38, 'm8-1': 151.76}",7.199999999999999,325.697,330.497,inf,435.697,435.697
321,T5,BESTEFFORT,COMPLETED,m5-1,326.083,"{'m1-1': 24.64, 'm2-1': 28.3, 'm3-1': 5.19, 'm4-1': 5.28, 'm5-1': 10.31, 'm6-1': 1.01, 'm7-1': 102.76, 'm8-1': 157.32}",15.465,326.083,336.39300000000003,inf,436.083,436.083
322,T7,BESTEFFORT,COMPLETED,m6-1,326.19,"{'m1-1': 29.28, 'm2-1': 27.79, 'm3-1': 5.0, 'm4-1': 5.01, 'm5-1': 11.08, 'm6-1': 0.97, 'm7-1': 106.05, 'm8-1': 149.04}",1.455,326.19,327.16,inf,436.19,436.19
323,T3,BESTEFFORT,COMPLETED,m2-1,326.958,"{'m1-1': 28.14, 'm2-1': 24.32, 'm3-1': 5.59, 'm4-1': 5.22, 'm5-1': 10.93, 'm6-1': 0.96, 'm7-1': 107.14, 'm8-1': 139.41}",36.480000000000004,346.944,371.264,inf,436.958,436.958
324,T3,BESTEFFORT,COMPLETED,m6-1,328.724,"{'m1-1': 26.93, 'm2-1': 26.84, 'm3-1': 5.35, 'm4-1': 5.12, 'm5-1': 10.07, 'm6-1': 1.05, 'm7-1': 112.91, 'm8-1': 147.72}",1.5750000000000002,328.724,329.774,inf,438.724,438.724
325,T7,BESTEFFORT,COMPLETED,m3-1,328.877,"{'m1-1': 28.19, 'm2-1': 27.46, 'm3-1': 5.89, 'm4-1': 5.24, 'm5-1': 10.16, 'm6-1': 0.97, 'm7-1': 101.78, 'm8-1': 159.16}",8.834999999999999,332.476,338.366,inf,438.877,438.877
326,T8,BESTEFFORT,COMPLETED,m4-1,328.976,"{'m1-1': 28.1, 'm2-1': 24.64, 'm3-1': 5.17, 'm4-1': 5.21, 'm5-1': 9.84, 'm6-1': 1.04, 'm7-1': 104.31, 'm8-1': 148.75}",7.8149999999999995,330.497,335.707,inf,438.976,438.976
327,T3,BESTEFFORT,COMPLETED,m5-1,329.074,"{'m1-1': 28.83, 'm2-1': 23.33, 'm3-1': 5.28, 'm4-1': 5.0, 'm5-1': 10.61, 'm6-1': 0.92, 'm7-1': 109.87, 'm8-1': 146.48}",15.915,336.39300000000003,347.00300000000004,inf,439.074,439.074
328,T6,BESTEFFORT,COMPLETED,m6-1,329.229,"{'m1-1': 25.41, 'm2-1': 26.28, 'm3-1': 5.33, 'm4-1': 5.55, 'm5-1': 11.13, 'm6-1': 0.96, 'm7-1': 100.34, 'm8-1': 150.81}",1.44,329.774,330.734,inf,439.229,439.229
329,T10,BESTEFFORT,COMPLETED,m6-1,330.227,"{'m1-1': 25.86, 'm2-1': 25.26, 'm3-1': 5.77, 'm4-1': 4.71, 'm5-1': 10.96, 'm6-1': 1.09, 'm7-1': 113.23, 'm8-1': 162.08}",1.6350000000000002,330.734,331.82399999999996,inf,440.227,440.227
330,T7,BESTEFFORT,COMPLETED,m4-1,330.559,"{'m1-1': 25.54, 'm2-1': 27.54, 'm3-1': 5.08, 'm4-1': 5.58, 'm5-1': 11.72, 'm6-1': 0.97, 'm7-1': 94.97, 'm8-1': 166.72}",8.370000000000001,335.707,341.287,inf,440.559,440.559
331,T3,BESTEFFORT,COMPLETED,m6-1,331.064,"{'m1-1': 26.95, 'm2-1': 26.9, 'm3-1': 5.28, 'm4-1': 5.07, 'm5-1': 10.64, 'm6-1': 1.0, 'm7-1': 103.26, 'm8-1': 145.7}",1.5,331.82399999999996,332.82399999999996,inf,441.064,441.064
332,T7,BESTEFFORT,COMPLETED,m6-1,336.596,"{'m1-1': 27.1, 'm2-1': 24.18, 'm3-1': 5.02, 'm4-1': 5.25, 'm5-1': 10.74, 'm6-1': 0.97, 'm7-1': 97.7, 'm8-1': 159.72}",1.455,336.596,337.56600000000003,inf,446.596,446.596
333,T9,BESTEFFORT,COMPLETED,m3-1,336.952,"{'m1-1': 24.91, 'm2-1': 25.81, 'm3-1': 5.71, 'm4-1': 4.79, 'm5-1': 9.65, 'm6-1': 1.05, 'm7-1': 101.4, 'm8-1': 148.74}",8.565,338.366,344.07599999999996,inf,446.952,446.952
334,T1,BESTEFFORT,COMPLETED,m6-1,338.213,"{'m1-1': 25.99, 'm2-1': 26.61, 'm3-1': 5.29, 'm4-1': 5.13, 'm5-1': 10.27, 'm6-1': 1.05, 'm7-1': 117.45, 'm8-1': 158.96}",1.5750000000000002,338.213,339.26300000000003,inf,448.213,448.213
335,T9,BESTEFFORT,COMPLETED,m6-1,339.953,"{'m1-1': 26.66, 'm2-1': 27.24, 'm3-1': 5.26, 'm4-1': 5.47, 'm5-1': 10.03, 'm6-1': 1.02, 'm7-1': 106.93, 'm8-1': 170.01}",1.53,339.953,340.97299999999996,inf,449.953,449.953
336,T4,BESTEFFORT,COMPLETED,m1-1,340.488,"{'m1-1': 24.71, 'm2-1': 27.37, 'm3-1': 5.6, 'm4-1': 5.39, 'm5-1': 11.63, 'm6-1': 1.09, 'm7-1': 109.86, 'm8-1': 170.37}",37.065,364.33599999999996,389.04599999999994,inf,450.488,450.488
337,T6,BESTEFFORT,COMPLETED,m4-1,342.405,"{'m1-1': 25.14, 'm2-1': 26.52, 'm3-1': 5.13, 'm4-1': 5.42, 'm5-1': 10.74, 'm6-1': 1.0, 'm7-1': 100.41, 'm8-1': 165.74}",8.129999999999999,342.405,347.825,inf,452.405,452.405
338,T8,BESTEFFORT,COMPLETED,m6-1,343.057,"{'m1-1': 29.2, 'm2-1': 25.95, 'm3-1': 5.58, 'm4-1': 5.01, 'm5-1': 10.04, 'm6-1': 0.99, 'm7-1': 100.55, 'm8-1': 155.71}",1.4849999999999999,343.057,344.047,inf,453.057,453.057
339,T2,BESTEFFORT,COMPLETED,m3-1,343.342,"{'m1-1': 26.91, 'm2-1': 26.39, 'm3-1': 4.97, 'm4-1': 5.16, 'm5-1': 10.21, 'm6-1': 1.01, 'm7-1': 105.63, 'm8-1': 145.89}",7.455,344.07599999999996,349.046,inf,453.342,453.342
340,T2,BESTEFFORT,COMPLETED,m6-1,344.104,"{'m1-1': 25.82, 'm2-1': 25.28, 'm3-1': 4.97, 'm4-1': 4.82, 'm5-1': 10.76, 'm6-1': 1.02, 'm7-1': 110.64, 'm8-1': 161.19}",1.53,344.104,345.12399999999997,inf,454.104,454.104
341,T5,BESTEFFORT,COMPLETED,m6-1,345.401,"{'m1-1': 25.26, 'm2-1': 25.08, 'm3-1': 5.65, 'm4-1': 5.14, 'm5-1': 10.11, 'm6-1': 1.0, 'm7-1': 96.36, 'm8-1': 151.2}",1.5,345.401,346.401,inf,455.401,455.401
342,T3,BESTEFFORT,COMPLETED,m3-1,345.691,"{'m1-1': 27.24, 'm2-1': 24.67, 'm3-1': 5.26, 'm4-1': 5.27, 'm5-1': 9.88, 'm6-1': 1.03, 'm7-1': 102.52, 'm8-1': 159.47}",7.89,349.046,354.306,inf,455.691,455.691
343,T7,BESTEFFORT,COMPLETED,m4-1,346.348,"{'m1-1': 26.04, 'm2-1': 25.4, 'm3-1': 5.82, 'm4-1': 5.56, 'm5-1': 11.14, 'm6-1': 0.95, 'm7-1': 108.81, 'm8-1': 152.87}",8.34,347.825,353.385,inf,456.348,456.348
344,T7,BESTEFFORT,COMPLETED,m6-1,346.488,"{'m1-1': 26.05, 'm2-1': 25.25, 'm3-1': 5.03, 'm4-1': 5.29, 'm5-1': 10.58, 'm6-1': 1.07, 'm7-1': 99.33, 'm8-1': 158.11}",1.605,346.488,347.558,inf,456.488,456.488
345,T1,BESTEFFORT,COMPLETED,m5-1,347.196,"{'m1-1': 23.79, 'm2-1': 25.1, 'm3-1': 5.63, 'm4-1': 5.68, 'm5-1': 10.43, 'm6-1': 1.12, 'm7-1': 112.23, 'm8-1': 146.68}",15.645,347.196,357.62600000000003,inf,457.196,457.196
346,T5,BESTEFFORT,COMPLETED,m2-1,347.241,"{'m1-1': 25.15, 'm2-1': 25.85, 'm3-1': 4.94, 'm4-1': 5.75, 'm5-1': 10.14, 'm6-1': 1.03, 'm7-1': 95.98, 'm8-1': 169.89}",38.775000000000006,371.264,397.11400000000003,inf,457.241,457.241
347,T8,BESTEFFORT,COMPLETED,m6-1,348.045,"{'m1-1': 27.01, 'm2-1': 25.34, 'm3-1': 5.36, 'm4-1': 5.41, 'm5-1': 10.98, 'm6-1': 1.08, 'm7-1': 100.92, 'm8-1': 167.54}",1.62,348.045,349.125,inf,458.045,458.045
348,T1,BESTEFFORT,COMPLETED,m6-1,350.086,"{'m1-1': 27.28, 'm2-1': 24.53, 'm3-1': 4.9, 'm4-1': 5.66, 'm5-1': 11.25, 'm6-1': 1.04, 'm7-1': 115.63, 'm8-1': 138.82}",1.56,350.086,351.12600000000003,inf,460.086,460.086
349,T3,BESTEFFORT,COMPLETED,m6-1,351.395,"{'m1-1': 25.38, 'm2-1': 27.3, 'm3-1': 5.56, 'm4-1': 5.11, 'm5-1': 10.25, 'm6-1': 0.95, 'm7-1': 118.92, 'm8-1': 157.72}",1.4249999999999998,351.395,352.34499999999997,inf,461.395,461.395
350,T2,BESTEFFORT,COMPLETED,m3-1,351.512,"{'m1-1': 25.47, 'm2-1': 27.51, 'm3-1': 5.08, 'm4-1': 4.83, 'm5-1': 9.76, 'm6-1': 1.12, 'm7-1': 106.46, 'm8-1': 167.28}",7.62,354.306,359.38599999999997,inf,461.512,461.512
351,T8,BESTEFFORT,COMPLETED,m6-1,352.764,"{'m1-1': 26.37, 'm2-1': 26.47, 'm3-1': 5.46, 'm4-1': 5.61, 'm5-1': 9.76, 'm6-1': 0.94, 'm7-1': 104.62, 'm8-1': 161.7}",1.41,352.764,353.704,inf,462.764,462.764
352,T6,BESTEFFORT,COMPLETED,m4-1,352.793,"{'m1-1': 29.02, 'm2-1': 27.6, 'm3-1': 5.33, 'm4-1': 5.09, 'm5-1': 11.01, 'm6-1': 0.93, 'm7-1': 100.73, 'm8-1': 159.92}",7.635,353.385,358.47499999999997,inf,462.793,462.793
353,T4,BESTEFFORT,COMPLETED,m5-1,352.807,"{'m1-1': 25.72, 'm2-1': 25.78, 'm3-1': 5.81, 'm4-1': 5.79, 'm5-1': 10.32, 'm6-1': 1.09, 'm7-1': 108.76, 'm8-1': 157.76}",15.48,357.62600000000003,367.946,inf,462.807,462.807
354,T9,BESTEFFORT,COMPLETED,m6-1,353.088,"{'m1-1': 25.57, 'm2-1': 26.12, 'm3-1': 5.04, 'm4-1': 5.02, 'm5-1': 10.15, 'm6-1': 1.01, 'm7-1': 110.47, 'm8-1': 146.74}",1.5150000000000001,353.704,354.714,inf,463.088,463.088
355,T7,BESTEFFORT,COMPLETED,m4-1,353.475,"{'m1-1': 26.49, 'm2-1': 26.82, 'm3-1': 5.61, 'm4-1': 5.35, 'm5-1': 11.2, 'm6-1': 0.98, 'm7-1': 104.52, 'm8-1': 155.76}",8.024999999999999,358.47499999999997,363.825,inf,463.475,463.475
356,T3,BESTEFFORT,COMPLETED,m6-1,353.879,"{'m1-1': 26.54, 'm2-1': 26.53, 'm3-1': 5.46, 'm4-1': 5.42, 'm5-1': 9.8, 'm6-1': 1.07, 'm7-1': 109.33, 'm8-1': 163.75}",1.605,354.714,355.784,inf,463.879,463.879
357,T10,BESTEFFORT,COMPLETED,m3-1,354.401,"{'m1-1': 28.53, 'm2-1': 28.18, 'm3-1': 5.74, 'm4-1': 4.8, 'm5-1': 10.56, 'm6-1': 1.11, 'm7-1': 97.72, 'm8-1': 138.93}",8.61,359.38599999999997,365.126,inf,464.401,464.401
358,T7,BESTEFFORT,COMPLETED,m6-1,354.735,"{'m1-1': 27.17, 'm2-1': 26.69, 'm3-1': 5.21, 'm4-1': 5.1, 'm5-1': 10.02, 'm6-1': 1.05, 'm7-1': 96.08, 'm8-1': 167.0}",1.5750000000000002,355.784,356.834,inf,464.735,464.735
359,T8,BESTEFFORT,MISSED,m7-1,354.815,"{'m1-1': 27.52, 'm2-1': 23.81, 'm3-1': 5.94, 'm4-1': 4.94, 'm5-1': 10.71, 'm6-1': 1.05, 'm7-1': 111.38, 'm8-1': 149.03}",101.9025,396.88,inf,464.815,464.815,464.815
360,T5,BESTEFFORT,COMPLETED,m1-1,355.349,"{'m1-1': 27.67, 'm2-1': 27.83, 'm3-1': 5.22, 'm4-1': 5.19, 'm5-1': 9.7, 'm6-1': 1.03, 'm7-1': 107.44, 'm8-1': 157.42}",41.505,389.04599999999994,416.71599999999995,inf,465.349,465.349
361,T6,BESTEFFORT,COMPLETED,m6-1,357.573,"{'m1-1': 28.01, 'm2-1': 26.89, 'm3-1': 5.62, 'm4-1': 5.69, 'm5-1': 10.98, 'm6-1': 0.96, 'm7-1': 105.78, 'm8-1': 167.37}",1.44,357.573,358.53299999999996,inf,467.573,467.573
362,T5,BESTEFFORT,COMPLETED,m4-1,358.496,"{'m1-1': 25.96, 'm2-1': 27.35, 'm3-1': 5.6, 'm4-1': 5.8, 'm5-1': 10.09, 'm6-1': 0.92, 'm7-1': 103.94, 'm8-1': 167.61}",8.7,363.825,369.625,inf,468.496,468.496
363,T3,BESTEFFORT,COMPLETED,m6-1,359.009,"{'m1-1': 25.27, 'm2-1': 24.88, 'm3-1': 4.97, 'm4-1': 5.43, 'm5-1': 9.68, 'm6-1': 1.06, 'm7-1': 112.03, 'm8-1': 158.86}",1.59,359.009,360.069,inf,469.009,469.009
364,T7,BESTEFFORT,COMPLETED,m3-1,359.764,"{'m1-1': 25.29, 'm2-1': 25.36, 'm3-1': 5.5, 'm4-1': 5.24, 'm5-1': 11.46, 'm6-1': 1.02, 'm7-1': 102.64, 'm8-1': 167.6}",8.25,365.126,370.626,inf,469.764,469.764
365,T7,BESTEFFORT,COMPLETED,m6-1,361.255,"{'m1-1': 29.19, 'm2-1': 26.6, 'm3-1': 5.08, 'm4-1': 5.35, 'm5-1': 10.6, 'm6-1': 1.01, 'm7-1': 109.6, 'm8-1': 153.89}",1.5150000000000001,361.255,362.265,inf,471.255,471.255
366,T8,BESTEFFORT,COMPLETED,m5-1,362.177,"{'m1-1': 26.25, 'm2-1': 25.11, 'm3-1': 5.62, 'm4-1': 5.75, 'm5-1': 10.78, 'm6-1': 1.06, 'm7-1': 110.94, 'm8-1': 143.48}",16.169999999999998,367.946,378.726,inf,472.177,472.177
367,T8,BESTEFFORT,COMPLETED,m6-1,362.465,"{'m1-1': 28.25, 'm2-1': 24.21, 'm3-1': 5.53, 'm4-1': 5.12, 'm5-1': 10.8, 'm6-1': 0.96, 'm7-1': 111.92, 'm8-1': 165.59}",1.44,362.465,363.42499999999995,inf,472.465,472.465
368,T1,BESTEFFORT,COMPLETED,m6-1,362.624,"{'m1-1': 27.5, 'm2-1': 24.64, 'm3-1': 5.67, 'm4-1': 5.3, 'm5-1': 10.15, 'm6-1': 1.08, 'm7-1': 118.21, 'm8-1': 156.79}",1.62,363.42499999999995,364.50499999999994,inf,472.624,472.624
369,T7,BESTEFFORT,COMPLETED,m4-1,363.849,"{'m1-1': 25.29, 'm2-1': 26.3, 'm3-1': 5.1, 'm4-1': 5.35, 'm5-1': 11.18, 'm6-1': 1.01, 'm7-1': 107.57, 'm8-1': 157.61}",8.024999999999999,369.625,374.975,inf,473.849,473.849
370,T7,BESTEFFORT,COMPLETED,m6-1,364.371,"{'m1-1': 25.51, 'm2-1': 27.15, 'm3-1': 5.33, 'm4-1': 4.77, 'm5-1': 10.67, 'm6-1': 1.01, 'm7-1': 105.6, 'm8-1': 152.64}",1.5150000000000001,364.50499999999994,365.51499999999993,inf,474.371,474.371
371,T5,BESTEFFORT,MISSED,m8-1,364.403,"{'m1-1': 27.63, 'm2-1': 26.4, 'm3-1': 4.93, 'm4-1': 5.82, 'm5-1': 10.44, 'm6-1': 1.07, 'm7-1': 109.41, 'm8-1': 156.93}",115.95600000000005,397.099,inf,474.403,474.403,474.403
372,T2,BESTEFFORT,COMPLETED,m6-1,364.71,"{'m1-1': 24.95, 'm2-1': 26.75, 'm3-1': 5.48, 'm4-1': 5.16, 'm5-1': 10.98, 'm6-1': 1.01, 'm7-1': 104.28, 'm8-1': 145.41}",1.5150000000000001,365.51499999999993,366.5249999999999,inf,474.71,474.71
373,T9,BESTEFFORT,COMPLETED,m3-1,365.869,"{'m1-1': 24.98, 'm2-1': 27.09, 'm3-1': 5.83, 'm4-1': 5.25, 'm5-1': 9.71, 'm6-1': 1.0, 'm7-1': 103.55, 'm8-1': 156.19}",8.745000000000001,370.626,376.45599999999996,inf,475.869,475.869
374,T6,BESTEFFORT,COMPLETED,m6-1,366.302,"{'m1-1': 29.08, 'm2-1': 24.56, 'm3-1': 5.01, 'm4-1': 5.44, 'm5-1': 11.06, 'm6-1': 0.97, 'm7-1': 114.54, 'm8-1': 147.65}",1.455,366.5249999999999,367.49499999999995,inf,476.302,476.302
375,T2,BESTEFFORT,COMPLETED,m6-1,366.865,"{'m1-1': 23.66, 'm2-1': 23.64, 'm3-1': 5.31, 'm4-1': 5.07, 'm5-1': 11.17, 'm6-1': 1.08, 'm7-1': 99.13, 'm8-1': 150.81}",1.62,367.49499999999995,368.57499999999993,inf,476.865,476.865
376,T10,BESTEFFORT,COMPLETED,m6-1,367.534,"{'m1-1': 29.2, 'm2-1': 28.23, 'm3-1': 5.47, 'm4-1': 4.87, 'm5-1': 11.02, 'm6-1': 1.0, 'm7-1': 106.96, 'm8-1': 151.93}",1.5,368.57499999999993,369.57499999999993,inf,477.534,477.534
377,T5,BESTEFFORT,COMPLETED,m5-1,368.029,"{'m1-1': 26.34, 'm2-1': 24.99, 'm3-1': 5.42, 'm4-1': 5.77, 'm5-1': 10.54, 'm6-1': 1.02, 'm7-1': 108.33, 'm8-1': 148.49}",15.809999999999999,378.726,389.266,inf,478.029,478.029
378,T9,BESTEFFORT,COMPLETED,m6-1,369.515,"{'m1-1': 24.76, 'm2-1': 26.5, 'm3-1': 5.24, 'm4-1': 4.98, 'm5-1': 11.22, 'm6-1': 1.1, 'm7-1': 99.15, 'm8-1': 162.81}",1.6500000000000001,369.57499999999993,370.67499999999995,inf,479.515,479.515
379,T5,BESTEFFORT,COMPLETED,m6-1,370.899,"{'m1-1': 24.54, 'm2-1': 27.08, 'm3-1': 5.69, 'm4-1': 5.64, 'm5-1': 9.73, 'm6-1': 0.94, 'm7-1': 100.65, 'm8-1': 170.28}",1.41,370.899,371.839,inf,480.899,480.899
380,T4,BESTEFFORT,COMPLETED,m2-1,371.281,"{'m1-1': 26.12, 'm2-1': 27.24, 'm3-1': 5.68, 'm4-1': 5.56, 'm5-1': 10.18, 'm6-1': 1.12, 'm7-1': 98.06, 'm8-1': 170.67}",40.86,397.11400000000003,424.35400000000004,inf,481.281,481.281
381,T8,BESTEFFORT,COMPLETED,m6-1,372.629,"{'m1-1': 27.52, 'm2-1': 24.45, 'm3-1': 5.69, 'm4-1': 5.53, 'm5-1': 10.07, 'm6-1': 0.95, 'm7-1': 116.59, 'm8-1': 162.86}",1.4249999999999998,372.629,373.579,inf,482.629,482.629
382,T4,BESTEFFORT,COMPLETED,m6-1,373.726,"{'m1-1': 25.32, 'm2-1': 25.29, 'm3-1': 5.63, 'm4-1': 5.39, 'm5-1': 10.32, 'm6-1': 1.03, 'm7-1': 103.62, 'm8-1': 159.56}",1.545,373.726,374.756,inf,483.726,483.726
383,T10,BESTEFFORT,COMPLETED,m3-1,374.493,"{'m1-1': 25.16, 'm2-1': 24.94, 'm3-1': 5.35, 'm4-1': 5.27, 'm5-1': 11.49, 'm6-1': 1.08, 'm7-1': 107.97, 'm8-1': 146.09}",8.024999999999999,376.45599999999996,381.806,inf,484.493,484.493
384,T4,BESTEFFORT,COMPLETED,m4-1,375.743,"{'m1-1': 26.99, 'm2-1': 26.49, 'm3-1': 5.88, 'm4-1': 5.13, 'm5-1': 11.29, 'm6-1': 0.94, 'm7-1': 103.36, 'm8-1': 171.65}",7.695,375.743,380.873,inf,485.743,485.743
385,T10,BESTEFFORT,COMPLETED,m6-1,376.272,"{'m1-1': 27.87, 'm2-1': 24.11, 'm3-1': 5.55, 'm4-1': 4.82, 'm5-1': 10.4, 'm6-1': 0.98, 'm7-1': 109.51, 'm8-1': 159.26}",1.47,376.272,377.252,inf,486.272,486.272
386,T3,BESTEFFORT,COMPLETED,m6-1,377.345,"{'m1-1': 24.78, 'm2-1': 27.01, 'm3-1': 5.23, 'm4-1': 5.33, 'm5-1': 10.49, 'm6-1': 0.93, 'm7-1': 116.32, 'm8-1': 141.17}",1.395,377.345,378.27500000000003,inf,487.345,487.345
387,T4,BESTEFFORT,COMPLETED,m3-1,378.11,"{'m1-1': 27.46, 'm2-1': 24.76, 'm3-1': 5.66, 'm4-1': 5.53, 'm5-1': 10.44, 'm6-1': 1.03, 'm7-1': 98.04, 'm8-1': 161.03}",8.49,381.806,387.466,inf,488.11,488.11
388,T10,BESTEFFORT,COMPLETED,m6-1,378.486,"{'m1-1': 28.46, 'm2-1': 24.62, 'm3-1': 5.26, 'm4-1': 5.0, 'm5-1': 10.77, 'm6-1': 1.07, 'm7-1': 107.63, 'm8-1': 151.81}",1.605,378.486,379.556,inf,488.486,488.486
389,T5,BESTEFFORT,COMPLETED,m4-1,380.946,"{'m1-1': 25.52, 'm2-1': 26.28, 'm3-1': 5.52, 'm4-1': 5.12, 'm5-1': 11.17, 'm6-1': 0.97, 'm7-1': 94.94, 'm8-1': 163.0}",7.68,380.946,386.06600000000003,inf,490.946,490.946
390,T8,BESTEFFORT,COMPLETED,m6-1,381.55,"{'m1-1': 25.24, 'm2-1': 25.83, 'm3-1': 5.77, 'm4-1': 5.18, 'm5-1': 10.72, 'm6-1': 1.11, 'm7-1': 106.16, 'm8-1': 153.79}",1.665,381.55,382.66,inf,491.55,491.55
391,T1,BESTEFFORT,COMPLETED,m3-1,382.251,"{'m1-1': 25.56, 'm2-1': 25.01, 'm3-1': 5.7, 'm4-1': 5.27, 'm5-1': 9.71, 'm6-1': 1.08, 'm7-1': 118.44, 'm8-1': 142.03}",8.55,387.466,393.166,inf,492.251,492.251
392,T1,BESTEFFORT,COMPLETED,m6-1,382.825,"{'m1-1': 27.24, 'm2-1': 24.61, 'm3-1': 5.65, 'm4-1': 5.29, 'm5-1': 10.76, 'm6-1': 1.01, 'm7-1': 111.0, 'm8-1': 157.51}",1.5150000000000001,382.825,383.835,inf,492.825,492.825
393,T3,BESTEFFORT,COMPLETED,m4-1,388.344,"{'m1-1': 28.26, 'm2-1': 25.77, 'm3-1': 5.63, 'm4-1': 5.35, 'm5-1': 10.86, 'm6-1': 1.01, 'm7-1': 103.65, 'm8-1': 141.17}",8.024999999999999,388.344,393.694,inf,498.344,498.344
394,T6,BESTEFFORT,COMPLETED,m5-1,389.487,"{'m1-1': 25.5, 'm2-1': 25.54, 'm3-1': 5.8, 'm4-1': 5.1, 'm5-1': 10.9, 'm6-1': 0.94, 'm7-1': 100.88, 'm8-1': 158.75}",16.35,389.487,400.387,inf,499.487,499.487
395,T8,BESTEFFORT,COMPLETED,m6-1,390.429,"{'m1-1': 26.39, 'm2-1': 26.78, 'm3-1': 5.37, 'm4-1': 5.09, 'm5-1': 10.35, 'm6-1': 1.11, 'm7-1': 103.72, 'm8-1': 163.0}",1.665,390.429,391.539,inf,500.429,500.429
396,T5,BESTEFFORT,COMPLETED,m1-1,390.905,"{'m1-1': 25.47, 'm2-1': 27.87, 'm3-1': 5.24, 'm4-1': 5.36, 'm5-1': 10.26, 'm6-1': 0.92, 'm7-1': 97.26, 'm8-1': 156.28}",38.205,416.71599999999995,442.1859999999999,inf,500.905,500.905
397,T10,BESTEFFORT,COMPLETED,m6-1,392.085,"{'m1-1': 25.98, 'm2-1': 26.93, 'm3-1': 5.54, 'm4-1': 5.28, 'm5-1': 10.57, 'm6-1': 1.1, 'm7-1': 109.95, 'm8-1': 143.8}",1.6500000000000001,392.085,393.185,inf,502.085,502.085
398,T2,BESTEFFORT,COMPLETED,m3-1,393.112,"{'m1-1': 26.08, 'm2-1': 24.71, 'm3-1': 5.1, 'm4-1': 5.35, 'm5-1': 10.03, 'm6-1': 1.15, 'm7-1': 103.56, 'm8-1': 150.23}",7.6499999999999995,393.166,398.266,inf,503.112,503.112
399,T2,BESTEFFORT,COMPLETED,m4-1,393.711,"{'m1-1': 27.05, 'm2-1': 25.88, 'm3-1': 5.82, 'm4-1': 5.6, 'm5-1': 10.7, 'm6-1': 1.15, 'm7-1': 111.27, 'm8-1': 163.95}",8.399999999999999,393.711,399.31100000000004,inf,503.711,503.711
400,T1,BESTEFFORT,COMPLETED,m6-1,395.324,"{'m1-1': 27.97, 'm2-1': 27.16, 'm3-1': 5.3, 'm4-1': 5.3, 'm5-1': 10.77, 'm6-1': 0.97, 'm7-1': 116.19, 'm8-1': 163.12}",1.455,395.324,396.29400000000004,inf,505.324,505.324
401,T10,BESTEFFORT,COMPLETED,m3-1,395.383,"{'m1-1': 26.19, 'm2-1': 27.86, 'm3-1': 5.48, 'm4-1': 5.09, 'm5-1': 10.91, 'm6-1': 1.01, 'm7-1': 109.63, 'm8-1': 154.69}",8.22,398.266,403.74600000000004,inf,505.383,505.383
402,T1,BESTEFFORT,COMPLETED,m4-1,396.009,"{'m1-1': 24.93, 'm2-1': 27.4, 'm3-1': 5.71, 'm4-1': 5.34, 'm5-1': 11.3, 'm6-1': 1.1, 'm7-1': 103.73, 'm8-1': 161.95}",8.01,399.31100000000004,404.651,inf,506.009,506.009
403,T10,BESTEFFORT,COMPLETED,m5-1,396.153,"{'m1-1': 25.82, 'm2-1': 27.04, 'm3-1': 5.41, 'm4-1': 4.84, 'm5-1': 9.85, 'm6-1': 1.1, 'm7-1': 104.24, 'm8-1': 161.59}",14.774999999999999,400.387,410.237,inf,506.153,506.153
404,T9,BESTEFFORT,COMPLETED,m6-1,398.851,"{'m1-1': 26.71, 'm2-1': 29.49, 'm3-1': 5.29, 'm4-1': 5.62, 'm5-1': 9.81, 'm6-1': 1.09, 'm7-1': 109.66, 'm8-1': 160.98}",1.6350000000000002,398.851,399.941,inf,508.851,508.851
405,T1,BESTEFFORT,COMPLETED,m2-1,399.716,"{'m1-1': 26.86, 'm2-1': 25.59, 'm3-1': 5.63, 'm4-1': 5.56, 'm5-1': 10.6, 'm6-1': 1.04, 'm7-1': 102.57, 'm8-1': 157.9}",38.385,424.35400000000004,449.944,inf,509.716,509.716
406,T9,BESTEFFORT,COMPLETED,m3-1,399.813,"{'m1-1': 28.14, 'm2-1': 25.91, 'm3-1': 5.48, 'm4-1': 4.86, 'm5-1': 10.22, 'm6-1': 1.0, 'm7-1': 99.85, 'm8-1': 157.6}",8.22,403.74600000000004,409.22600000000006,inf,509.813,509.813
407,T8,BESTEFFORT,COMPLETED,m6-1,403.997,"{'m1-1': 28.98, 'm2-1': 26.49, 'm3-1': 5.63, 'm4-1': 5.52, 'm5-1': 10.25, 'm6-1': 0.97, 'm7-1': 115.3, 'm8-1': 168.41}",1.455,403.997,404.96700000000004,inf,513.9970000000001,513.9970000000001
408,T5,BESTEFFORT,COMPLETED,m4-1,404.666,"{'m1-1': 27.29, 'm2-1': 27.55, 'm3-1': 5.05, 'm4-1': 5.51, 'm5-1': 9.86, 'm6-1': 1.06, 'm7-1': 108.49, 'm8-1': 175.58}",8.265,404.666,410.176,inf,514.6659999999999,514.6659999999999
409,T2,BESTEFFORT,COMPLETED,m6-1,405.645,"{'m1-1': 26.01, 'm2-1': 25.34, 'm3-1': 5.26, 'm4-1': 5.08, 'm5-1': 10.87, 'm6-1': 1.08, 'm7-1': 104.11, 'm8-1': 145.71}",1.62,405.645,406.72499999999997,inf,515.645,515.645
410,T2,BESTEFFORT,COMPLETED,m3-1,405.856,"{'m1-1': 24.45, 'm2-1': 27.29, 'm3-1': 5.17, 'm4-1': 4.98, 'm5-1': 11.13, 'm6-1': 1.01, 'm7-1': 105.05, 'm8-1': 150.32}",7.755,409.22600000000006,414.3960000000001,inf,515.856,515.856
411,T8,BESTEFFORT,COMPLETED,m4-1,405.895,"{'m1-1': 27.52, 'm2-1': 24.31, 'm3-1': 5.78, 'm4-1': 4.96, 'm5-1': 11.11, 'm6-1': 1.09, 'm7-1': 111.14, 'm8-1': 162.86}",7.4399999999999995,410.176,415.13599999999997,inf,515.895,515.895
412,T2,BESTEFFORT,COMPLETED,m6-1,407.055,"{'m1-1': 26.98, 'm2-1': 25.97, 'm3-1': 5.84, 'm4-1': 5.13, 'm5-1': 10.58, 'm6-1': 1.0, 'm7-1': 104.56, 'm8-1': 152.86}",1.5,407.055,408.055,inf,517.0550000000001,517.0550000000001
413,T4,BESTEFFORT,COMPLETED,m6-1,408.381,"{'m1-1': 25.9, 'm2-1': 24.69, 'm3-1': 5.5, 'm4-1': 5.14, 'm5-1': 10.32, 'm6-1': 1.06, 'm7-1': 114.59, 'm8-1': 164.8}",1.59,408.381,409.441,inf,518.381,518.381
414,T10,BESTEFFORT,COMPLETED,m5-1,408.866,"{'m1-1': 27.65, 'm2-1': 27.4, 'm3-1': 5.21, 'm4-1': 5.21, 'm5-1': 10.86, 'm6-1': 0.95, 'm7-1': 98.75, 'm8-1': 139.11}",16.29,410.237,421.09700000000004,inf,518.866,518.866
415,T10,BESTEFFORT,COMPLETED,m6-1,409.951,"{'m1-1': 26.6, 'm2-1': 28.02, 'm3-1': 5.56, 'm4-1': 5.02, 'm5-1': 9.95, 'm6-1': 0.97, 'm7-1': 104.75, 'm8-1': 141.77}",1.455,409.951,410.92100000000005,inf,519.951,519.951
416,T2,BESTEFFORT,COMPLETED,m6-1,411.962,"{'m1-1': 24.4, 'm2-1': 25.59, 'm3-1': 5.02, 'm4-1': 4.94, 'm5-1': 10.35, 'm6-1': 1.1, 'm7-1': 112.82, 'm8-1': 169.52}",1.6500000000000001,411.962,413.062,inf,521.962,521.962
417,T3,BESTEFFORT,COMPLETED,m6-1,413.927,"{'m1-1': 25.25, 'm2-1': 27.59, 'm3-1': 5.0, 'm4-1': 5.58, 'm5-1': 10.17, 'm6-1': 1.04, 'm7-1': 114.82, 'm8-1': 150.47}",1.56,413.927,414.96700000000004,inf,523.927,523.927
418,T9,BESTEFFORT,COMPLETED,m3-1,415.946,"{'m1-1': 25.17, 'm2-1': 29.11, 'm3-1': 5.06, 'm4-1': 5.42, 'm5-1': 11.03, 'm6-1': 1.0, 'm7-1': 111.59, 'm8-1': 158.38}",7.59,415.946,421.00600000000003,inf,525.946,525.946
419,T8,BESTEFFORT,COMPLETED,m4-1,416.629,"{'m1-1': 25.84, 'm2-1': 27.54, 'm3-1': 5.63, 'm4-1': 5.13, 'm5-1': 10.53, 'm6-1': 1.1, 'm7-1': 103.66, 'm8-1': 149.96}",7.695,416.629,421.759,inf,526.629,526.629
420,T1,BESTEFFORT,COMPLETED,m6-1,417.387,"{'m1-1': 24.53, 'm2-1': 24.13, 'm3-1': 5.28, 'm4-1': 4.82, 'm5-1': 10.64, 'm6-1': 1.09, 'm7-1': 101.31, 'm8-1': 151.37}",1.6350000000000002,417.387,418.477,inf,527.387,527.387
421,T4,BESTEFFORT,COMPLETED,m6-1,419.339,"{'m1-1': 27.87, 'm2-1': 25.66, 'm3-1': 5.76, 'm4-1': 5.69, 'm5-1': 10.96, 'm6-1': 1.08, 'm7-1': 101.66, 'm8-1': 166.28}",1.62,419.339,420.419,inf,529.3389999999999,529.3389999999999
422,T6,BESTEFFORT,COMPLETED,m1-1,419.716,"{'m1-1': 29.12, 'm2-1': 23.64, 'm3-1': 5.49, 'm4-1': 5.28, 'm5-1': 9.68, 'm6-1': 0.92, 'm7-1': 102.46, 'm8-1': 152.2}",43.68,442.1859999999999,471.3059999999999,inf,529.716,529.716
423,T1,BESTEFFORT,COMPLETED,m3-1,420.189,"{'m1-1': 24.34, 'm2-1': 27.36, 'm3-1': 5.03, 'm4-1': 4.9, 'm5-1': 9.64, 'm6-1': 1.08, 'm7-1': 109.25, 'm8-1': 148.14}",7.545,421.00600000000003,426.036,inf,530.1890000000001,530.1890000000001
424,T5,BESTEFFORT,COMPLETED,m6-1,420.49,"{'m1-1': 24.5, 'm2-1': 24.86, 'm3-1': 5.24, 'm4-1': 5.09, 'm5-1': 10.98, 'm6-1': 0.96, 'm7-1': 102.26, 'm8-1': 166.34}",1.44,420.49,421.45,inf,530.49,530.49
425,T5,BESTEFFORT,COMPLETED,m4-1,420.79,"{'m1-1': 26.64, 'm2-1': 25.85, 'm3-1': 5.55, 'm4-1': 5.04, 'm5-1': 9.79, 'm6-1': 0.93, 'm7-1': 104.16, 'm8-1': 169.72}",7.5600000000000005,421.759,426.79900000000004,inf,530.79,530.79
426,T10,BESTEFFORT,COMPLETED,m5-1,421.375,"{'m1-1': 26.92, 'm2-1': 26.44, 'm3-1': 5.22, 'm4-1': 4.66, 'm5-1': 10.36, 'm6-1': 1.1, 'm7-1': 111.52, 'm8-1': 138.92}",15.54,421.375,431.735,inf,531.375,531.375
427,T6,BESTEFFORT,COMPLETED,m6-1,422.059,"{'m1-1': 25.92, 'm2-1': 27.6, 'm3-1': 5.05, 'm4-1': 5.01, 'm5-1': 10.74, 'm6-1': 0.99, 'm7-1': 113.4, 'm8-1': 144.88}",1.4849999999999999,422.059,423.04900000000004,inf,532.059,532.059
428,T10,BESTEFFORT,COMPLETED,m3-1,422.174,"{'m1-1': 27.09, 'm2-1': 26.2, 'm3-1': 5.57, 'm4-1': 5.06, 'm5-1': 10.85, 'm6-1': 1.02, 'm7-1': 104.49, 'm8-1': 142.54}",8.355,426.036,431.606,inf,532.174,532.174
429,T7,BESTEFFORT,COMPLETED,m4-1,422.348,"{'m1-1': 27.39, 'm2-1': 26.99, 'm3-1': 5.8, 'm4-1': 5.03, 'm5-1': 10.22, 'm6-1': 1.04, 'm7-1': 107.16, 'm8-1': 164.27}",7.545,426.79900000000004,431.829,inf,532.348,532.348
430,T6,BESTEFFORT,COMPLETED,m5-1,422.569,"{'m1-1': 27.75, 'm2-1': 26.8, 'm3-1': 5.86, 'm4-1': 5.67, 'm5-1': 10.29, 'm6-1': 1.07, 'm7-1': 106.47, 'm8-1': 171.14}",15.434999999999999,431.735,442.02500000000003,inf,532.569,532.569
431,T3,BESTEFFORT,COMPLETED,m6-1,422.641,"{'m1-1': 24.92, 'm2-1': 26.88, 'm3-1': 4.9, 'm4-1': 4.86, 'm5-1': 9.33, 'm6-1': 0.99, 'm7-1': 113.03, 'm8-1': 145.14}",1.4849999999999999,423.04900000000004,424.03900000000004,inf,532.6410000000001,532.6410000000001
432,T2,BESTEFFORT,COMPLETED,m6-1,423.276,"{'m1-1': 24.32, 'm2-1': 25.35, 'm3-1': 5.11, 'm4-1': 5.63, 'm5-1': 9.83, 'm6-1': 1.1, 'm7-1': 107.88, 'm8-1': 157.5}",1.6500000000000001,424.03900000000004,425.13900000000007,inf,533.2760000000001,533.2760000000001
433,T4,BESTEFFORT,MISSED,m7-1,423.511,"{'m1-1': 26.84, 'm2-1': 24.98, 'm3-1': 5.03, 'm4-1': 4.93, 'm5-1': 9.93, 'm6-1': 1.03, 'm7-1': 112.78, 'm8-1': 157.76}",103.04399999999995,464.815,inf,533.511,533.511,533.511
434,T3,BESTEFFORT,COMPLETED,m2-1,424.397,"{'m1-1': 25.33, 'm2-1': 25.11, 'm3-1': 5.59, 'm4-1': 4.9, 'm5-1': 9.8, 'm6-1': 1.05, 'm7-1': 109.43, 'm8-1': 158.37}",37.665,449.944,475.05400000000003,inf,534.3969999999999,534.3969999999999
435,T1,BESTEFFORT,COMPLETED,m6-1,425.102,"{'m1-1': 26.13, 'm2-1': 26.58, 'm3-1': 5.45, 'm4-1': 5.38, 'm5-1': 11.12, 'm6-1': 0.97, 'm7-1': 103.31, 'm8-1': 161.73}",1.455,425.13900000000007,426.1090000000001,inf,535.102,535.102
436,T10,BESTEFFORT,COMPLETED,m6-1,426.119,"{'m1-1': 25.08, 'm2-1': 25.01, 'm3-1': 5.49, 'm4-1': 4.79, 'm5-1': 11.1, 'm6-1': 1.09, 'm7-1': 108.75, 'm8-1': 160.29}",1.6350000000000002,426.119,427.209,inf,536.119,536.119
437,T7,BESTEFFORT,COMPLETED,m3-1,427.038,"{'m1-1': 26.38, 'm2-1': 26.38, 'm3-1': 5.89, 'm4-1': 5.24, 'm5-1': 10.22, 'm6-1': 1.05, 'm7-1': 105.57, 'm8-1': 151.23}",8.834999999999999,431.606,437.496,inf,537.038,537.038
438,T5,BESTEFFORT,COMPLETED,m6-1,427.288,"{'m1-1': 26.71, 'm2-1': 27.96, 'm3-1': 4.96, 'm4-1': 5.08, 'm5-1': 9.6, 'm6-1': 1.0, 'm7-1': 94.3, 'm8-1': 173.43}",1.5,427.288,428.288,inf,537.288,537.288
439,T9,BESTEFFORT,COMPLETED,m4-1,427.692,"{'m1-1': 25.53, 'm2-1': 25.62, 'm3-1': 5.52, 'm4-1': 5.16, 'm5-1': 10.96, 'm6-1': 1.07, 'm7-1': 101.23, 'm8-1': 149.88}",7.74,431.829,436.98900000000003,inf,537.692,537.692
440,T10,BESTEFFORT,COMPLETED,m6-1,427.745,"{'m1-1': 27.22, 'm2-1': 27.5, 'm3-1': 5.28, 'm4-1': 5.11, 'm5-1': 9.72, 'm6-1': 1.09, 'm7-1': 107.47, 'm8-1': 149.87}",1.6350000000000002,428.288,429.378,inf,537.745,537.745
441,T9,BESTEFFORT,COMPLETED,m6-1,431.102,"{'m1-1': 25.3, 'm2-1': 28.89, 'm3-1': 5.9, 'm4-1': 5.29, 'm5-1': 9.88, 'm6-1': 0.97, 'm7-1': 108.9, 'm8-1': 164.85}",1.455,431.102,432.072,inf,541.102,541.102
442,T9,BESTEFFORT,COMPLETED,m6-1,431.141,"{'m1-1': 27.63, 'm2-1': 28.67, 'm3-1': 5.41, 'm4-1': 5.05, 'm5-1': 9.96, 'm6-1': 1.08, 'm7-1': 98.26, 'm8-1': 152.33}",1.62,432.072,433.152,inf,541.1410000000001,541.1410000000001
443,T1,BESTEFFORT,MISSED,m8-1,431.533,"{'m1-1': 26.24, 'm2-1': 24.92, 'm3-1': 5.72, 'm4-1': 5.53, 'm5-1': 10.95, 'm6-1': 1.07, 'm7-1': 113.71, 'm8-1': 153.34}",100.695,474.403,inf,541.533,541.533,541.533
444,T9,BESTEFFORT,COMPLETED,m3-1,432.261,"{'m1-1': 26.77, 'm2-1': 27.28, 'm3-1': 5.75, 'm4-1': 5.05, 'm5-1': 11.25, 'm6-1': 1.02, 'm7-1': 102.2, 'm8-1': 151.3}",8.625,437.496,443.246,inf,542.261,542.261
445,T5,BESTEFFORT,COMPLETED,m4-1,432.467,"{'m1-1': 24.63, 'm2-1': 27.66, 'm3-1': 5.71, 'm4-1': 5.89, 'm5-1': 10.75, 'm6-1': 0.96, 'm7-1': 100.7, 'm8-1': 170.43}",8.834999999999999,436.98900000000003,442.879,inf,542.467,542.467
446,T9,BESTEFFORT,COMPLETED,m6-1,433.591,"{'m1-1': 25.26, 'm2-1': 27.32, 'm3-1': 5.65, 'm4-1': 5.16, 'm5-1': 10.55, 'm6-1': 1.07, 'm7-1': 100.4, 'm8-1': 149.95}",1.605,433.591,434.661,inf,543.591,543.591
447,T6,BESTEFFORT,COMPLETED,m5-1,434.007,"{'m1-1': 26.54, 'm2-1': 27.6, 'm3-1': 5.85, 'm4-1': 5.69, 'm5-1': 10.93, 'm6-1': 0.93, 'm7-1': 109.87, 'm8-1': 154.69}",16.395,442.02500000000003,452.95500000000004,inf,544.0070000000001,544.0070000000001
448,T2,BESTEFFORT,COMPLETED,m6-1,437.502,"{'m1-1': 25.22, 'm2-1': 27.08, 'm3-1': 5.8, 'm4-1': 5.63, 'm5-1': 9.7, 'm6-1': 0.99, 'm7-1': 103.47, 'm8-1': 147.02}",1.4849999999999999,437.502,438.492,inf,547.502,547.502
449,T7,BESTEFFORT,COMPLETED,m3-1,437.633,"{'m1-1': 27.4, 'm2-1': 24.48, 'm3-1': 5.4, 'm4-1': 4.8, 'm5-1': 10.93, 'm6-1': 0.93, 'm7-1': 102.18, 'm8-1': 168.64}",8.100000000000001,443.246,448.64599999999996,inf,547.633,547.633
450,T8,BESTEFFORT,COMPLETED,m4-1,437.707,"{'m1-1': 24.85, 'm2-1': 27.11, 'm3-1': 5.49, 'm4-1': 5.69, 'm5-1': 10.12, 'm6-1': 1.04, 'm7-1': 109.21, 'm8-1': 159.34}",8.535,442.879,448.569,inf,547.707,547.707
451,T6,BESTEFFORT,COMPLETED,m6-1,437.905,"{'m1-1': 26.53, 'm2-1': 27.65, 'm3-1': 5.36, 'm4-1': 4.92, 'm5-1': 10.7, 'm6-1': 1.05, 'm7-1': 111.83, 'm8-1': 168.9}",1.5750000000000002,438.492,439.54200000000003,inf,547.905,547.905
452,T1,BESTEFFORT,COMPLETED,m6-1,438.863,"{'m1-1': 26.67, 'm2-1': 26.62, 'm3-1': 5.3, 'm4-1': 5.55, 'm5-1': 10.96, 'm6-1': 1.08, 'm7-1': 115.28, 'm8-1': 152.22}",1.62,439.54200000000003,440.622,inf,548.863,548.863
453,T8,BESTEFFORT,COMPLETED,m1-1,439.076,"{'m1-1': 28.58, 'm2-1': 26.56, 'm3-1': 5.6, 'm4-1': 5.37, 'm5-1': 10.46, 'm6-1': 1.08, 'm7-1': 110.24, 'm8-1': 152.89}",42.87,471.3059999999999,499.8859999999999,inf,549.076,549.076
454,T1,BESTEFFORT,COMPLETED,m2-1,439.185,"{'m1-1': 24.99, 'm2-1': 24.93, 'm3-1': 5.62, 'm4-1': 5.65, 'm5-1': 11.19, 'm6-1': 1.06, 'm7-1': 110.72, 'm8-1': 151.74}",37.394999999999996,475.05400000000003,499.98400000000004,inf,549.185,549.185
455,T8,BESTEFFORT,COMPLETED,m3-1,439.355,"{'m1-1': 26.32, 'm2-1': 26.69, 'm3-1': 5.7, 'm4-1': 5.41, 'm5-1': 9.71, 'm6-1': 0.94, 'm7-1': 105.55, 'm8-1': 166.66}",8.55,448.64599999999996,454.34599999999995,inf,549.355,549.355
456,T5,BESTEFFORT,COMPLETED,m6-1,440.272,"{'m1-1': 24.92, 'm2-1': 27.86, 'm3-1': 5.14, 'm4-1': 5.04, 'm5-1': 9.87, 'm6-1': 1.02, 'm7-1': 103.11, 'm8-1': 163.88}",1.53,440.622,441.642,inf,550.2719999999999,550.2719999999999
457,T9,BESTEFFORT,COMPLETED,m4-1,440.577,"{'m1-1': 26.62, 'm2-1': 29.04, 'm3-1': 5.13, 'm4-1': 5.2, 'm5-1': 10.14, 'm6-1': 1.07, 'm7-1': 97.04, 'm8-1': 157.01}",7.800000000000001,448.569,453.769,inf,550.577,550.577
458,T6,BESTEFFORT,COMPLETED,m6-1,443.043,"{'m1-1': 26.62, 'm2-1': 23.62, 'm3-1': 5.0, 'm4-1': 5.05, 'm5-1': 10.85, 'm6-1': 0.93, 'm7-1': 115.16, 'm8-1': 147.75}",1.395,443.043,443.973,inf,553.043,553.043
459,T7,BESTEFFORT,COMPLETED,m5-1,443.228,"{'m1-1': 27.88, 'm2-1': 27.0, 'm3-1': 5.13, 'm4-1': 4.96, 'm5-1': 10.26, 'm6-1': 0.98, 'm7-1': 102.04, 'm8-1': 170.65}",15.39,452.95500000000004,463.21500000000003,inf,553.2280000000001,553.2280000000001
460,T7,BESTEFFORT,COMPLETED,m6-1,445.489,"{'m1-1': 26.94, 'm2-1': 24.25, 'm3-1': 5.73, 'm4-1': 4.98, 'm5-1': 11.58, 'm6-1': 0.98, 'm7-1': 105.15, 'm8-1': 164.31}",1.47,445.489,446.469,inf,555.489,555.489
461,T2,BESTEFFORT,COMPLETED,m6-1,447.487,"{'m1-1': 23.45, 'm2-1': 27.81, 'm3-1': 5.65, 'm4-1': 5.11, 'm5-1': 9.74, 'm6-1': 1.09, 'm7-1': 102.75, 'm8-1': 163.02}",1.6350000000000002,447.487,448.577,inf,557.4870000000001,557.4870000000001
462,T2,BESTEFFORT,COMPLETED,m6-1,447.887,"{'m1-1': 25.55, 'm2-1': 27.62, 'm3-1': 5.16, 'm4-1': 5.64, 'm5-1': 9.73, 'm6-1': 1.0, 'm7-1': 102.9, 'm8-1': 169.72}",1.5,448.577,449.577,inf,557.887,557.887
463,T9,BESTEFFORT,COMPLETED,m6-1,450.833,"{'m1-1': 25.29, 'm2-1': 25.22, 'm3-1': 5.27, 'm4-1': 5.54, 'm5-1': 10.25, 'm6-1': 0.92, 'm7-1': 113.06, 'm8-1': 149.93}",1.3800000000000001,450.833,451.75300000000004,inf,560.8330000000001,560.8330000000001
464,T3,BESTEFFORT,COMPLETED,m6-1,452.137,"{'m1-1': 27.25, 'm2-1': 24.07, 'm3-1': 5.09, 'm4-1': 5.09, 'm5-1': 9.52, 'm6-1': 0.95, 'm7-1': 115.61, 'm8-1': 164.36}",1.4249999999999998,452.137,453.087,inf,562.137,562.137
465,T5,BESTEFFORT,COMPLETED,m3-1,452.32,"{'m1-1': 25.56, 'm2-1': 26.63, 'm3-1': 5.2, 'm4-1': 5.65, 'm5-1': 10.57, 'm6-1': 1.07, 'm7-1': 107.05, 'm8-1': 166.4}",7.800000000000001,454.34599999999995,459.54599999999994,inf,562.3199999999999,562.3199999999999
466,T5,BESTEFFORT,COMPLETED,m4-1,454.467,"{'m1-1': 27.22, 'm2-1': 28.3, 'm3-1': 5.36, 'm4-1': 5.03, 'm5-1': 10.23, 'm6-1': 1.01, 'm7-1': 100.7, 'm8-1': 175.19}",7.545,454.467,459.49699999999996,inf,564.467,564.467
467,T6,BESTEFFORT,COMPLETED,m6-1,454.95,"{'m1-1': 25.44, 'm2-1': 27.93, 'm3-1': 5.83, 'm4-1': 5.3, 'm5-1': 9.68, 'm6-1': 1.09, 'm7-1': 111.0, 'm8-1': 154.15}",1.6350000000000002,454.95,456.03999999999996,inf,564.95,564.95
468,T4,BESTEFFORT,COMPLETED,m3-1,455.011,"{'m1-1': 25.09, 'm2-1': 25.04, 'm3-1': 5.27, 'm4-1': 5.19, 'm5-1': 11.58, 'm6-1': 0.96, 'm7-1': 111.35, 'm8-1': 157.76}",7.904999999999999,459.54599999999994,464.8159999999999,inf,565.011,565.011
469,T5,BESTEFFORT,COMPLETED,m6-1,457.179,"{'m1-1': 25.49, 'm2-1': 24.93, 'm3-1': 5.67, 'm4-1': 5.59, 'm5-1': 9.56, 'm6-1': 0.96, 'm7-1': 101.76, 'm8-1': 163.8}",1.44,457.179,458.13899999999995,inf,567.179,567.179
470,T8,BESTEFFORT,COMPLETED,m4-1,457.664,"{'m1-1': 27.28, 'm2-1': 25.77, 'm3-1': 5.0, 'm4-1': 5.84, 'm5-1': 11.13, 'm6-1': 1.03, 'm7-1': 115.91, 'm8-1': 160.11}",8.76,459.49699999999996,465.33699999999993,inf,567.664,567.664
471,T4,BESTEFFORT,COMPLETED,m6-1,458.507,"{'m1-1': 28.62, 'm2-1': 25.8, 'm3-1': 5.89, 'm4-1': 5.42, 'm5-1': 11.72, 'm6-1': 1.02, 'm7-1': 115.05, 'm8-1': 156.1}",1.53,458.507,459.527,inf,568.5070000000001,568.5070000000001
472,T10,BESTEFFORT,COMPLETED,m6-1,460.396,"{'m1-1': 29.3, 'm2-1': 26.97, 'm3-1': 5.51, 'm4-1': 5.42, 'm5-1': 11.16, 'm6-1': 1.11, 'm7-1': 98.16, 'm8-1': 153.69}",1.665,460.396,461.50600000000003,inf,570.396,570.396
473,T10,BESTEFFORT,COMPLETED,m6-1,463.187,"{'m1-1': 27.98, 'm2-1': 28.28, 'm3-1': 5.89, 'm4-1': 5.02, 'm5-1': 10.9, 'm6-1': 1.09, 'm7-1': 105.9, 'm8-1': 160.84}",1.6350000000000002,463.187,464.277,inf,573.187,573.187
474,T10,BESTEFFORT,COMPLETED,m5-1,464.693,"{'m1-1': 26.39, 'm2-1': 26.24, 'm3-1': 5.46, 'm4-1': 4.66, 'm5-1': 10.69, 'm6-1': 1.0, 'm7-1': 99.56, 'm8-1': 142.17}",16.035,464.693,475.383,inf,574.693,574.693
475,T5,BESTEFFORT,COMPLETED,m3-1,465.349,"{'m1-1': 26.68, 'm2-1': 27.28, 'm3-1': 5.18, 'm4-1': 5.04, 'm5-1': 10.41, 'm6-1': 0.95, 'm7-1': 106.23, 'm8-1': 168.4}",7.77,465.349,470.529,inf,575.3489999999999,575.3489999999999
476,T1,BESTEFFORT,COMPLETED,m4-1,465.854,"{'m1-1': 26.66, 'm2-1': 24.37, 'm3-1': 5.33, 'm4-1': 5.15, 'm5-1': 9.75, 'm6-1': 1.12, 'm7-1': 109.85, 'm8-1': 147.25}",7.7250000000000005,465.854,471.00399999999996,inf,575.854,575.854
477,T1,BESTEFFORT,COMPLETED,m6-1,466.979,"{'m1-1': 27.46, 'm2-1': 26.26, 'm3-1': 5.15, 'm4-1': 5.52, 'm5-1': 10.6, 'm6-1': 0.98, 'm7-1': 115.19, 'm8-1': 161.12}",1.47,466.979,467.959,inf,576.979,576.979
478,T10,BESTEFFORT,COMPLETED,m3-1,467.646,"{'m1-1': 28.9, 'm2-1': 28.04, 'm3-1': 5.89, 'm4-1': 5.14, 'm5-1': 10.39, 'm6-1': 0.99, 'm7-1': 100.93, 'm8-1': 160.59}",8.834999999999999,470.529,476.419,inf,577.646,577.646
479,T7,BESTEFFORT,COMPLETED,m6-1,468.355,"{'m1-1': 24.96, 'm2-1': 26.39, 'm3-1': 5.65, 'm4-1': 5.41, 'm5-1': 11.86, 'm6-1': 1.02, 'm7-1': 109.58, 'm8-1': 154.54}",1.53,468.355,469.375,inf,578.355,578.355
480,T5,BESTEFFORT,COMPLETED,m6-1,469.686,"{'m1-1': 23.55, 'm2-1': 25.37, 'm3-1': 5.43, 'm4-1': 5.16, 'm5-1': 9.6, 'm6-1': 1.04, 'm7-1': 95.21, 'm8-1': 156.62}",1.56,469.686,470.726,inf,579.6859999999999,579.6859999999999
481,T7,BESTEFFORT,COMPLETED,m6-1,470.885,"{'m1-1': 27.28, 'm2-1': 27.22, 'm3-1': 5.5, 'm4-1': 5.09, 'm5-1': 11.29, 'm6-1': 0.94, 'm7-1': 98.99, 'm8-1': 164.51}",1.41,470.885,471.825,inf,580.885,580.885
482,T8,BESTEFFORT,COMPLETED,m4-1,471.136,"{'m1-1': 25.9, 'm2-1': 25.28, 'm3-1': 5.9, 'm4-1': 5.42, 'm5-1': 9.92, 'm6-1': 1.02, 'm7-1': 105.82, 'm8-1': 164.37}",8.129999999999999,471.136,476.55600000000004,inf,581.136,581.136
483,T1,BESTEFFORT,COMPLETED,m1-1,471.584,"{'m1-1': 27.71, 'm2-1': 24.64, 'm3-1': 5.03, 'm4-1': 5.64, 'm5-1': 10.22, 'm6-1': 1.12, 'm7-1': 100.48, 'm8-1': 162.83}",41.565,499.8859999999999,527.5959999999999,inf,581.5840000000001,581.5840000000001
484,T6,BESTEFFORT,COMPLETED,m3-1,471.702,"{'m1-1': 29.02, 'm2-1': 24.96, 'm3-1': 5.36, 'm4-1': 5.74, 'm5-1': 10.82, 'm6-1': 0.92, 'm7-1': 97.41, 'm8-1': 144.48}",8.040000000000001,476.419,481.779,inf,581.702,581.702
485,T4,BESTEFFORT,COMPLETED,m6-1,471.848,"{'m1-1': 27.11, 'm2-1': 25.76, 'm3-1': 5.19, 'm4-1': 5.5, 'm5-1': 10.32, 'm6-1': 1.01, 'm7-1': 112.42, 'm8-1': 165.11}",1.5150000000000001,471.848,472.858,inf,581.848,581.848
486,T7,BESTEFFORT,COMPLETED,m4-1,472.367,"{'m1-1': 25.79, 'm2-1': 25.31, 'm3-1': 5.0, 'm4-1': 5.27, 'm5-1': 10.37, 'm6-1': 0.96, 'm7-1': 108.35, 'm8-1': 167.36}",7.904999999999999,476.55600000000004,481.826,inf,582.367,582.367
487,T10,BESTEFFORT,COMPLETED,m6-1,473.869,"{'m1-1': 28.57, 'm2-1': 26.6, 'm3-1': 5.47, 'm4-1': 5.06, 'm5-1': 10.44, 'm6-1': 1.04, 'm7-1': 100.34, 'm8-1': 159.62}",1.56,473.869,474.90900000000005,inf,583.869,583.869
488,T9,BESTEFFORT,COMPLETED,m5-1,474.631,"{'m1-1': 27.59, 'm2-1': 28.59, 'm3-1': 5.54, 'm4-1': 5.21, 'm5-1': 11.07, 'm6-1': 1.05, 'm7-1': 103.57, 'm8-1': 148.67}",16.605,475.383,486.453,inf,584.631,584.631
489,T9,BESTEFFORT,COMPLETED,m6-1,475.107,"{'m1-1': 24.72, 'm2-1': 27.54, 'm3-1': 5.51, 'm4-1': 4.81, 'm5-1': 10.29, 'm6-1': 1.1, 'm7-1': 107.09, 'm8-1': 163.96}",1.6500000000000001,475.107,476.20700000000005,inf,585.107,585.107
490,T4,BESTEFFORT,COMPLETED,m2-1,476.185,"{'m1-1': 26.8, 'm2-1': 27.15, 'm3-1': 5.21, 'm4-1': 5.83, 'm5-1': 11.59, 'm6-1': 1.0, 'm7-1': 107.1, 'm8-1': 157.25}",40.724999999999994,499.98400000000004,527.134,inf,586.185,586.185
491,T9,BESTEFFORT,COMPLETED,m6-1,476.321,"{'m1-1': 27.29, 'm2-1': 27.76, 'm3-1': 5.89, 'm4-1': 5.49, 'm5-1': 9.54, 'm6-1': 1.01, 'm7-1': 100.84, 'm8-1': 150.69}",1.5150000000000001,476.321,477.331,inf,586.321,586.321
492,T10,BESTEFFORT,COMPLETED,m3-1,476.715,"{'m1-1': 29.32, 'm2-1': 25.86, 'm3-1': 5.29, 'm4-1': 5.18, 'm5-1': 10.27, 'm6-1': 1.12, 'm7-1': 105.84, 'm8-1': 150.68}",7.9350000000000005,481.779,487.069,inf,586.7149999999999,586.7149999999999
493,T9,BESTEFFORT,COMPLETED,m6-1,478.124,"{'m1-1': 24.17, 'm2-1': 26.64, 'm3-1': 5.68, 'm4-1': 5.43, 'm5-1': 9.84, 'm6-1': 1.02, 'm7-1': 107.26, 'm8-1': 167.74}",1.53,478.124,479.144,inf,588.124,588.124
494,T10,BESTEFFORT,COMPLETED,m4-1,478.91,"{'m1-1': 25.66, 'm2-1': 25.01, 'm3-1': 5.87, 'm4-1': 5.38, 'm5-1': 10.17, 'm6-1': 1.03, 'm7-1': 100.72, 'm8-1': 154.43}",8.07,481.826,487.206,inf,588.9100000000001,588.9100000000001
495,T7,BESTEFFORT,COMPLETED,m6-1,479.145,"{'m1-1': 29.23, 'm2-1': 27.83, 'm3-1': 5.35, 'm4-1': 5.41, 'm5-1': 10.62, 'm6-1': 1.07, 'm7-1': 98.45, 'm8-1': 166.15}",1.605,479.145,480.215,inf,589.145,589.145
496,T6,BESTEFFORT,COMPLETED,m5-1,480.111,"{'m1-1': 29.06, 'm2-1': 26.64, 'm3-1': 5.4, 'm4-1': 5.46, 'm5-1': 10.12, 'm6-1': 0.96, 'm7-1': 101.19, 'm8-1': 151.69}",15.18,486.453,496.573,inf,590.111,590.111
497,T2,BESTEFFORT,COMPLETED,m6-1,481.854,"{'m1-1': 24.73, 'm2-1': 27.42, 'm3-1': 5.74, 'm4-1': 5.35, 'm5-1': 10.36, 'm6-1': 1.03, 'm7-1': 100.18, 'm8-1': 157.48}",1.545,481.854,482.88399999999996,inf,591.854,591.854
498,T2,BESTEFFORT,COMPLETED,m3-1,482.393,"{'m1-1': 24.79, 'm2-1': 25.16, 'm3-1': 5.75, 'm4-1': 4.96, 'm5-1': 10.1, 'm6-1': 1.07, 'm7-1': 99.74, 'm8-1': 165.06}",8.625,487.069,492.819,inf,592.393,592.393
499,T3,BESTEFFORT,COMPLETED,m6-1,483.13,"{'m1-1': 26.58, 'm2-1': 26.69, 'm3-1': 5.43, 'm4-1': 5.41, 'm5-1': 9.88, 'm6-1': 1.08, 'm7-1': 101.8, 'm8-1': 163.82}",1.62,483.13,484.21,inf,593.13,593.13
500,T1,BESTEFFORT,COMPLETED,m4-1,483.631,"{'m1-1': 25.7, 'm2-1': 24.16, 'm3-1': 5.04, 'm4-1': 4.92, 'm5-1': 10.17, 'm6-1': 1.12, 'm7-1': 108.81, 'm8-1': 145.77}",7.38,487.206,492.12600000000003,inf,593.631,593.631
501,T3,BESTEFFORT,COMPLETED,m6-1,484.713,"{'m1-1': 28.29, 'm2-1': 24.04, 'm3-1': 5.05, 'm4-1': 5.4, 'm5-1': 10.57, 'm6-1': 0.92, 'm7-1': 106.88, 'm8-1': 154.15}",1.3800000000000001,484.713,485.63300000000004,inf,594.713,594.713
502,T8,BESTEFFORT,COMPLETED,m6-1,485.112,"{'m1-1': 25.7, 'm2-1': 25.32, 'm3-1': 5.54, 'm4-1': 5.45, 'm5-1': 10.39, 'm6-1': 0.97, 'm7-1': 98.49, 'm8-1': 167.29}",1.455,485.63300000000004,486.60300000000007,inf,595.1120000000001,595.1120000000001
503,T8,BESTEFFORT,COMPLETED,m6-1,485.73,"{'m1-1': 26.13, 'm2-1': 27.26, 'm3-1': 5.28, 'm4-1': 5.79, 'm5-1': 9.7, 'm6-1': 0.97, 'm7-1': 100.15, 'm8-1': 153.62}",1.455,486.60300000000007,487.5730000000001,inf,595.73,595.73
504,T8,BESTEFFORT,COMPLETED,m5-1,486.723,"{'m1-1': 27.29, 'm2-1': 26.77, 'm3-1': 5.01, 'm4-1': 5.29, 'm5-1': 10.72, 'm6-1': 0.99, 'm7-1': 112.5, 'm8-1': 144.32}",16.080000000000002,496.573,507.293,inf,596.723,596.723
505,T6,BESTEFFORT,COMPLETED,m6-1,488.038,"{'m1-1': 29.42, 'm2-1': 23.88, 'm3-1': 5.18, 'm4-1': 5.11, 'm5-1': 11.29, 'm6-1': 1.06, 'm7-1': 103.65, 'm8-1': 164.48}",1.59,488.038,489.098,inf,598.038,598.038
506,T8,BESTEFFORT,COMPLETED,m6-1,491.275,"{'m1-1': 29.0, 'm2-1': 27.1, 'm3-1': 5.06, 'm4-1': 5.28, 'm5-1': 9.8, 'm6-1': 1.04, 'm7-1': 107.29, 'm8-1': 161.0}",1.56,491.275,492.315,inf,601.275,601.275
507,T5,BESTEFFORT,COMPLETED,m3-1,491.708,"{'m1-1': 23.33, 'm2-1': 26.78, 'm3-1': 5.09, 'm4-1': 5.22, 'm5-1': 10.9, 'm6-1': 1.01, 'm7-1': 103.35, 'm8-1': 151.5}",7.635,492.819,497.909,inf,601.7080000000001,601.7080000000001
508,T2,BESTEFFORT,COMPLETED,m4-1,494.04,"{'m1-1': 26.53, 'm2-1': 26.08, 'm3-1': 5.8, 'm4-1': 5.71, 'm5-1': 9.51, 'm6-1': 1.01, 'm7-1': 111.44, 'm8-1': 144.25}",8.565,494.04,499.75,inf,604.04,604.04
509,T8,BESTEFFORT,COMPLETED,m6-1,494.852,"{'m1-1': 27.28, 'm2-1': 24.81, 'm3-1': 5.18, 'm4-1': 5.17, 'm5-1': 10.78, 'm6-1': 1.09, 'm7-1': 116.24, 'm8-1': 162.86}",1.6350000000000002,494.852,495.94199999999995,inf,604.852,604.852
510,T6,BESTEFFORT,COMPLETED,m3-1,495.31,"{'m1-1': 26.38, 'm2-1': 25.94, 'm3-1': 5.48, 'm4-1': 5.19, 'm5-1': 10.06, 'm6-1': 0.92, 'm7-1': 110.02, 'm8-1': 159.58}",8.22,497.909,503.389,inf,605.31,605.31
511,T5,BESTEFFORT,COMPLETED,m4-1,495.404,"{'m1-1': 26.32, 'm2-1': 28.23, 'm3-1': 4.92, 'm4-1': 5.31, 'm5-1': 11.05, 'm6-1': 1.08, 'm7-1': 94.08, 'm8-1': 167.7}",7.965,499.75,505.06,inf,605.404,605.404
512,T7,BESTEFFORT,COMPLETED,m6-1,495.453,"{'m1-1': 29.1, 'm2-1': 26.44, 'm3-1': 5.29, 'm4-1': 5.18, 'm5-1': 9.99, 'm6-1': 0.96, 'm7-1': 105.92, 'm8-1': 168.98}",1.44,495.94199999999995,496.90199999999993,inf,605.453,605.453
513,T3,BESTEFFORT,COMPLETED,m6-1,497.148,"{'m1-1': 25.14, 'm2-1': 26.06, 'm3-1': 4.88, 'm4-1': 5.35, 'm5-1': 9.58, 'm6-1': 1.08, 'm7-1': 113.75, 'm8-1': 158.93}",1.62,497.148,498.228,inf,607.148,607.148
514,T7,BESTEFFORT,COMPLETED,m5-1,497.314,"{'m1-1': 27.4, 'm2-1': 26.16, 'm3-1': 5.62, 'm4-1': 5.02, 'm5-1': 11.38, 'm6-1': 0.96, 'm7-1': 101.52, 'm8-1': 154.21}",17.07,507.293,518.673,inf,607.3140000000001,607.3140000000001
515,T6,BESTEFFORT,COMPLETED,m6-1,497.781,"{'m1-1': 26.34, 'm2-1': 24.86, 'm3-1': 5.71, 'm4-1': 4.88, 'm5-1': 11.1, 'm6-1': 0.93, 'm7-1': 102.5, 'm8-1': 164.78}",1.395,498.228,499.158,inf,607.781,607.781
516,T7,BESTEFFORT,COMPLETED,m3-1,498.932,"{'m1-1': 28.8, 'm2-1': 27.42, 'm3-1': 5.79, 'm4-1': 5.12, 'm5-1': 11.48, 'm6-1': 1.02, 'm7-1': 98.87, 'm8-1': 157.89}",8.685,503.389,509.17900000000003,inf,608.932,608.932
517,T3,BESTEFFORT,COMPLETED,m6-1,499.014,"{'m1-1': 25.12, 'm2-1': 26.53, 'm3-1': 5.39, 'm4-1': 5.41, 'm5-1': 10.12, 'm6-1': 0.98, 'm7-1': 115.59, 'm8-1': 158.82}",1.47,499.158,500.13800000000003,inf,609.014,609.014
518,T7,BESTEFFORT,MISSED,m7-1,499.016,"{'m1-1': 28.54, 'm2-1': 25.79, 'm3-1': 5.92, 'm4-1': 5.07, 'm5-1': 10.13, 'm6-1': 1.05, 'm7-1': 93.27, 'm8-1': 170.38}",113.25750000000016,533.511,inf,609.0160000000001,609.0160000000001,609.0160000000001
519,T8,BESTEFFORT,COMPLETED,m6-1,501.19,"{'m1-1': 28.0, 'm2-1': 27.53, 'm3-1': 5.11, 'm4-1': 5.69, 'm5-1': 11.29, 'm6-1': 1.01, 'm7-1': 111.49, 'm8-1': 148.21}",1.5150000000000001,501.19,502.2,inf,611.19,611.19
520,T7,BESTEFFORT,COMPLETED,m6-1,504.369,"{'m1-1': 27.54, 'm2-1': 25.48, 'm3-1': 5.57, 'm4-1': 5.32, 'm5-1': 9.99, 'm6-1': 0.96, 'm7-1': 105.44, 'm8-1': 154.31}",1.44,504.369,505.329,inf,614.369,614.369
521,T4,BESTEFFORT,COMPLETED,m4-1,505.065,"{'m1-1': 26.54, 'm2-1': 24.27, 'm3-1': 5.22, 'm4-1': 5.39, 'm5-1': 11.2, 'm6-1': 0.95, 'm7-1': 97.54, 'm8-1': 162.93}",8.084999999999999,505.065,510.455,inf,615.065,615.065
522,T10,BESTEFFORT,COMPLETED,m6-1,506.401,"{'m1-1': 25.5, 'm2-1': 26.15, 'm3-1': 5.79, 'm4-1': 5.26, 'm5-1': 10.91, 'm6-1': 1.11, 'm7-1': 110.84, 'm8-1': 139.17}",1.665,506.401,507.511,inf,616.4010000000001,616.4010000000001
523,T5,BESTEFFORT,COMPLETED,m1-1,506.66,"{'m1-1': 27.0, 'm2-1': 24.23, 'm3-1': 5.67, 'm4-1': 5.8, 'm5-1': 10.17, 'm6-1': 1.04, 'm7-1': 106.16, 'm8-1': 171.21}",40.5,527.5959999999999,554.5959999999999,inf,616.6600000000001,616.6600000000001
524,T3,BESTEFFORT,COMPLETED,m2-1,507.432,"{'m1-1': 25.59, 'm2-1': 26.16, 'm3-1': 5.72, 'm4-1': 5.58, 'm5-1': 10.31, 'm6-1': 1.07, 'm7-1': 116.22, 'm8-1': 160.65}",39.24,527.134,553.294,inf,617.432,617.432
525,T9,BESTEFFORT,COMPLETED,m6-1,507.515,"{'m1-1': 24.73, 'm2-1': 26.3, 'm3-1': 5.25, 'm4-1': 5.62, 'm5-1': 10.58, 'm6-1': 1.08, 'm7-1': 101.14, 'm8-1': 151.37}",1.62,507.515,508.59499999999997,inf,617.515,617.515
526,T6,BESTEFFORT,COMPLETED,m3-1,507.531,"{'m1-1': 26.18, 'm2-1': 26.14, 'm3-1': 5.9, 'm4-1': 5.3, 'm5-1': 9.63, 'm6-1': 1.07, 'm7-1': 100.62, 'm8-1': 165.07}",8.850000000000001,509.17900000000003,515.0790000000001,inf,617.531,617.531
527,T4,BESTEFFORT,COMPLETED,m6-1,508.804,"{'m1-1': 25.4, 'm2-1': 24.74, 'm3-1': 5.94, 'm4-1': 5.58, 'm5-1': 10.96, 'm6-1': 1.08, 'm7-1': 112.72, 'm8-1': 148.24}",1.62,508.804,509.88399999999996,inf,618.804,618.804
528,T5,BESTEFFORT,COMPLETED,m4-1,508.935,"{'m1-1': 25.32, 'm2-1': 24.16, 'm3-1': 5.44, 'm4-1': 5.64, 'm5-1': 10.63, 'm6-1': 1.04, 'm7-1': 95.9, 'm8-1': 159.14}",8.459999999999999,510.455,516.095,inf,618.935,618.935
529,T2,BESTEFFORT,COMPLETED,m6-1,510.778,"{'m1-1': 27.3, 'm2-1': 27.34, 'm3-1': 5.8, 'm4-1': 5.32, 'm5-1': 10.15, 'm6-1': 1.11, 'm7-1': 102.94, 'm8-1': 159.07}",1.665,510.778,511.88800000000003,inf,620.778,620.778
530,T4,BESTEFFORT,COMPLETED,m3-1,510.899,"{'m1-1': 27.81, 'm2-1': 26.44, 'm3-1': 5.65, 'm4-1': 5.39, 'm5-1': 10.53, 'm6-1': 1.11, 'm7-1': 107.31, 'm8-1': 163.26}",8.475000000000001,515.0790000000001,520.729,inf,620.899,620.899
531,T9,BESTEFFORT,COMPLETED,m4-1,510.985,"{'m1-1': 26.58, 'm2-1': 25.37, 'm3-1': 5.58, 'm4-1': 5.57, 'm5-1': 11.26, 'm6-1': 1.06, 'm7-1': 103.5, 'm8-1': 158.42}",8.355,516.095,521.6650000000001,inf,620.985,620.985
532,T6,BESTEFFORT,COMPLETED,m6-1,513.459,"{'m1-1': 26.78, 'm2-1': 24.25, 'm3-1': 5.49, 'm4-1': 5.18, 'm5-1': 10.44, 'm6-1': 0.98, 'm7-1': 99.03, 'm8-1': 168.38}",1.47,513.459,514.439,inf,623.459,623.459
533,T9,BESTEFFORT,COMPLETED,m6-1,515.456,"{'m1-1': 26.56, 'm2-1': 29.59, 'm3-1': 5.4, 'm4-1': 5.52, 'm5-1': 10.24, 'm6-1': 0.94, 'm7-1': 104.52, 'm8-1': 150.74}",1.41,515.456,516.3960000000001,inf,625.456,625.456
534,T7,BESTEFFORT,COMPLETED,m3-1,516.044,"{'m1-1': 28.76, 'm2-1': 26.76, 'm3-1': 5.48, 'm4-1': 5.01, 'm5-1': 9.98, 'm6-1': 1.04, 'm7-1': 104.01, 'm8-1': 166.22}",8.22,520.729,526.2090000000001,inf,626.044,626.044
535,T8,BESTEFFORT,COMPLETED,m5-1,521.353,"{'m1-1': 28.51, 'm2-1': 27.7, 'm3-1': 5.16, 'm4-1': 5.43, 'm5-1': 10.87, 'm6-1': 1.1, 'm7-1': 107.44, 'm8-1': 149.84}",16.305,521.353,532.223,inf,631.353,631.353
536,T10,BESTEFFORT,COMPLETED,m6-1,521.504,"{'m1-1': 26.23, 'm2-1': 27.99, 'm3-1': 5.64, 'm4-1': 4.59, 'm5-1': 11.49, 'm6-1': 1.03, 'm7-1': 113.3, 'm8-1': 157.5}",1.545,521.504,522.534,inf,631.504,631.504
537,T2,BESTEFFORT,COMPLETED,m4-1,522.569,"{'m1-1': 24.12, 'm2-1': 23.89, 'm3-1': 5.78, 'm4-1': 5.14, 'm5-1': 10.99, 'm6-1': 0.99, 'm7-1': 110.4, 'm8-1': 163.5}",7.709999999999999,522.569,527.709,inf,632.569,632.569
538,T8,BESTEFFORT,COMPLETED,m6-1,524.176,"{'m1-1': 26.08, 'm2-1': 25.25, 'm3-1': 5.52, 'm4-1': 5.63, 'm5-1': 9.7, 'm6-1': 1.09, 'm7-1': 104.4, 'm8-1': 161.77}",1.6350000000000002,524.176,525.2660000000001,inf,634.176,634.176
539,T4,BESTEFFORT,COMPLETED,m3-1,524.594,"{'m1-1': 24.7, 'm2-1': 25.91, 'm3-1': 5.74, 'm4-1': 5.52, 'm5-1': 11.52, 'm6-1': 1.08, 'm7-1': 114.72, 'm8-1': 170.69}",8.61,526.2090000000001,531.9490000000001,inf,634.594,634.594
540,T7,BESTEFFORT,COMPLETED,m6-1,526.798,"{'m1-1': 28.93, 'm2-1': 25.07, 'm3-1': 5.14, 'm4-1': 5.06, 'm5-1': 11.37, 'm6-1': 1.04, 'm7-1': 104.26, 'm8-1': 152.87}",1.56,526.798,527.838,inf,636.798,636.798
541,T1,BESTEFFORT,COMPLETED,m3-1,526.828,"{'m1-1': 25.32, 'm2-1': 26.9, 'm3-1': 5.39, 'm4-1': 5.37, 'm5-1': 10.27, 'm6-1': 1.08, 'm7-1': 114.45, 'm8-1': 154.8}",8.084999999999999,531.9490000000001,537.339,inf,636.828,636.828
542,T9,BESTEFFORT,COMPLETED,m4-1,526.916,"{'m1-1': 25.67, 'm2-1': 27.43, 'm3-1': 5.43, 'm4-1': 5.12, 'm5-1': 10.01, 'm6-1': 0.95, 'm7-1': 110.16, 'm8-1': 160.47}",7.68,527.709,532.829,inf,636.916,636.916
543,T1,BESTEFFORT,COMPLETED,m6-1,528.272,"{'m1-1': 27.96, 'm2-1': 26.91, 'm3-1': 5.42, 'm4-1': 5.62, 'm5-1': 9.89, 'm6-1': 1.11, 'm7-1': 117.86, 'm8-1': 145.67}",1.665,528.272,529.3820000000001,inf,638.272,638.272
544,T1,BESTEFFORT,COMPLETED,m1-1,528.397,"{'m1-1': 23.94, 'm2-1': 26.56, 'm3-1': 5.49, 'm4-1': 5.26, 'm5-1': 11.03, 'm6-1': 0.99, 'm7-1': 101.66, 'm8-1': 139.39}",35.910000000000004,554.5959999999999,578.536,inf,638.397,638.397
545,T7,BESTEFFORT,COMPLETED,m2-1,528.402,"{'m1-1': 27.75, 'm2-1': 27.95, 'm3-1': 5.05, 'm4-1': 4.84, 'm5-1': 11.72, 'm6-1': 1.03, 'm7-1': 108.59, 'm8-1': 171.28}",41.925,553.294,581.244,inf,638.402,638.402
546,T6,BESTEFFORT,COMPLETED,m4-1,528.433,"{'m1-1': 27.27, 'm2-1': 26.62, 'm3-1': 5.93, 'm4-1': 4.88, 'm5-1': 9.69, 'm6-1': 1.07, 'm7-1': 111.1, 'm8-1': 156.28}",7.32,532.829,537.709,inf,638.433,638.433
547,T9,BESTEFFORT,COMPLETED,m6-1,530.766,"{'m1-1': 26.51, 'm2-1': 25.02, 'm3-1': 5.44, 'm4-1': 5.62, 'm5-1': 10.14, 'm6-1': 1.0, 'm7-1': 97.16, 'm8-1': 163.72}",1.5,530.766,531.766,inf,640.766,640.766
548,T2,BESTEFFORT,COMPLETED,m5-1,531.231,"{'m1-1': 24.9, 'm2-1': 24.04, 'm3-1': 5.06, 'm4-1': 5.29, 'm5-1': 10.33, 'm6-1': 1.12, 'm7-1': 104.38, 'm8-1': 155.41}",15.495000000000001,532.223,542.553,inf,641.231,641.231
549,T10,BESTEFFORT,COMPLETED,m6-1,531.514,"{'m1-1': 28.69, 'm2-1': 25.47, 'm3-1': 5.04, 'm4-1': 4.58, 'm5-1': 10.4, 'm6-1': 1.07, 'm7-1': 114.03, 'm8-1': 159.13}",1.605,531.766,532.836,inf,641.514,641.514
550,T8,BESTEFFORT,MISSED,m8-1,531.753,"{'m1-1': 26.56, 'm2-1': 27.16, 'm3-1': 5.64, 'm4-1': 5.6, 'm5-1': 10.83, 'm6-1': 1.02, 'm7-1': 99.74, 'm8-1': 163.78}",150.33000000000004,541.533,inf,641.753,641.753,641.753
551,T5,BESTEFFORT,COMPLETED,m3-1,532.309,"{'m1-1': 24.24, 'm2-1': 26.79, 'm3-1': 4.86, 'm4-1': 5.43, 'm5-1': 10.63, 'm6-1': 1.01, 'm7-1': 97.92, 'm8-1': 173.6}",7.290000000000001,537.339,542.1990000000001,inf,642.309,642.309
552,T2,BESTEFFORT,COMPLETED,m6-1,533.549,"{'m1-1': 27.07, 'm2-1': 27.91, 'm3-1': 5.38, 'm4-1': 5.7, 'm5-1': 10.97, 'm6-1': 1.08, 'm7-1': 109.32, 'm8-1': 151.92}",1.62,533.549,534.629,inf,643.549,643.549
553,T3,BESTEFFORT,COMPLETED,m6-1,534.788,"{'m1-1': 26.94, 'm2-1': 27.68, 'm3-1': 5.5, 'm4-1': 4.97, 'm5-1': 9.4, 'm6-1': 1.03, 'm7-1': 104.75, 'm8-1': 156.02}",1.545,534.788,535.818,inf,644.788,644.788
554,T9,BESTEFFORT,COMPLETED,m6-1,536.501,"{'m1-1': 27.82, 'm2-1': 27.23, 'm3-1': 5.02, 'm4-1': 4.78, 'm5-1': 10.53, 'm6-1': 1.02, 'm7-1': 100.6, 'm8-1': 150.04}",1.53,536.501,537.521,inf,646.501,646.501
555,T1,BESTEFFORT,COMPLETED,m4-1,540.534,"{'m1-1': 26.35, 'm2-1': 26.74, 'm3-1': 5.63, 'm4-1': 4.84, 'm5-1': 11.33, 'm6-1': 1.04, 'm7-1': 106.63, 'm8-1': 143.96}",7.26,540.534,545.374,inf,650.534,650.534
556,T7,BESTEFFORT,COMPLETED,m3-1,543.804,"{'m1-1': 27.7, 'm2-1': 24.13, 'm3-1': 5.62, 'm4-1': 5.13, 'm5-1': 10.0, 'm6-1': 1.01, 'm7-1': 106.32, 'm8-1': 163.36}",8.43,543.804,549.424,inf,653.804,653.804
557,T3,BESTEFFORT,COMPLETED,m5-1,543.823,"{'m1-1': 27.08, 'm2-1': 24.18, 'm3-1': 5.43, 'm4-1': 5.1, 'm5-1': 10.63, 'm6-1': 0.98, 'm7-1': 108.79, 'm8-1': 142.34}",15.945,543.823,554.453,inf,653.823,653.823
558,T5,BESTEFFORT,COMPLETED,m6-1,543.952,"{'m1-1': 26.02, 'm2-1': 25.39, 'm3-1': 4.95, 'm4-1': 5.68, 'm5-1': 10.64, 'm6-1': 1.04, 'm7-1': 109.91, 'm8-1': 154.82}",1.56,543.952,544.992,inf,653.952,653.952
559,T9,BESTEFFORT,COMPLETED,m3-1,544.116,"{'m1-1': 25.7, 'm2-1': 26.83, 'm3-1': 5.93, 'm4-1': 5.48, 'm5-1': 10.55, 'm6-1': 0.96, 'm7-1': 96.7, 'm8-1': 165.25}",8.895,549.424,555.3539999999999,inf,654.116,654.116
560,T1,BESTEFFORT,COMPLETED,m4-1,546.217,"{'m1-1': 23.73, 'm2-1': 24.22, 'm3-1': 5.39, 'm4-1': 5.27, 'm5-1': 10.44, 'm6-1': 1.06, 'm7-1': 104.79, 'm8-1': 141.56}",7.904999999999999,546.217,551.487,inf,656.217,656.217
561,T1,BESTEFFORT,COMPLETED,m6-1,547.533,"{'m1-1': 26.78, 'm2-1': 26.0, 'm3-1': 5.31, 'm4-1': 5.19, 'm5-1': 9.88, 'm6-1': 1.03, 'm7-1': 101.6, 'm8-1': 161.98}",1.545,547.533,548.563,inf,657.533,657.533
562,T10,BESTEFFORT,COMPLETED,m4-1,548.007,"{'m1-1': 27.72, 'm2-1': 27.96, 'm3-1': 5.79, 'm4-1': 4.78, 'm5-1': 10.95, 'm6-1': 1.08, 'm7-1': 104.54, 'm8-1': 141.9}",7.17,551.487,556.2669999999999,inf,658.007,658.007
563,T2,BESTEFFORT,COMPLETED,m5-1,548.069,"{'m1-1': 26.66, 'm2-1': 23.94, 'm3-1': 5.5, 'm4-1': 5.39, 'm5-1': 9.84, 'm6-1': 1.15, 'm7-1': 104.55, 'm8-1': 156.06}",14.76,554.453,564.293,inf,658.069,658.069
564,T9,BESTEFFORT,COMPLETED,m6-1,548.535,"{'m1-1': 24.16, 'm2-1': 28.44, 'm3-1': 5.63, 'm4-1': 5.31, 'm5-1': 10.83, 'm6-1': 1.0, 'm7-1': 102.29, 'm8-1': 162.72}",1.5,548.563,549.563,inf,658.535,658.535
565,T5,BESTEFFORT,COMPLETED,m6-1,550.492,"{'m1-1': 25.3, 'm2-1': 26.58, 'm3-1': 5.61, 'm4-1': 5.53, 'm5-1': 11.24, 'm6-1': 1.05, 'm7-1': 103.45, 'm8-1': 155.12}",1.5750000000000002,550.492,551.5419999999999,inf,660.492,660.492
566,T1,BESTEFFORT,COMPLETED,m3-1,551.359,"{'m1-1': 27.72, 'm2-1': 24.32, 'm3-1': 5.26, 'm4-1': 5.68, 'm5-1': 11.23, 'm6-1': 1.0, 'm7-1': 112.79, 'm8-1': 150.47}",7.89,555.3539999999999,560.6139999999999,inf,661.359,661.359
567,T7,BESTEFFORT,COMPLETED,m6-1,551.477,"{'m1-1': 25.97, 'm2-1': 24.22, 'm3-1': 5.02, 'm4-1': 5.27, 'm5-1': 11.63, 'm6-1': 1.09, 'm7-1': 98.17, 'm8-1': 172.99}",1.6350000000000002,551.5419999999999,552.632,inf,661.477,661.477
568,T3,BESTEFFORT,COMPLETED,m6-1,552.98,"{'m1-1': 29.09, 'm2-1': 26.62, 'm3-1': 5.32, 'm4-1': 4.83, 'm5-1': 10.04, 'm6-1': 0.97, 'm7-1': 117.11, 'm8-1': 163.96}",1.455,552.98,553.95,inf,662.98,662.98
569,T7,BESTEFFORT,COMPLETED,m2-1,553.6,"{'m1-1': 26.68, 'm2-1': 26.1, 'm3-1': 5.04, 'm4-1': 5.36, 'm5-1': 11.64, 'm6-1': 0.97, 'm7-1': 109.59, 'm8-1': 174.32}",39.150000000000006,581.244,607.344,inf,663.6,663.6
570,T2,BESTEFFORT,COMPLETED,m6-1,555.429,"{'m1-1': 26.11, 'm2-1': 27.08, 'm3-1': 5.16, 'm4-1': 5.31, 'm5-1': 10.97, 'm6-1': 1.1, 'm7-1': 112.01, 'm8-1': 152.11}",1.6500000000000001,555.429,556.529,inf,665.429,665.429
571,T3,BESTEFFORT,COMPLETED,m4-1,556.42,"{'m1-1': 29.09, 'm2-1': 23.92, 'm3-1': 5.68, 'm4-1': 4.78, 'm5-1': 10.06, 'm6-1': 1.01, 'm7-1': 116.29, 'm8-1': 157.77}",7.17,556.42,561.1999999999999,inf,666.42,666.42
572,T8,BESTEFFORT,COMPLETED,m6-1,559.252,"{'m1-1': 28.62, 'm2-1': 24.49, 'm3-1': 5.91, 'm4-1': 5.79, 'm5-1': 9.86, 'm6-1': 0.98, 'm7-1': 116.64, 'm8-1': 152.03}",1.47,559.252,560.232,inf,669.252,669.252
573,T5,BESTEFFORT,COMPLETED,m1-1,559.253,"{'m1-1': 24.15, 'm2-1': 24.85, 'm3-1': 5.38, 'm4-1': 5.46, 'm5-1': 10.78, 'm6-1': 0.99, 'm7-1': 96.74, 'm8-1': 171.2}",36.224999999999994,578.536,602.6859999999999,inf,669.253,669.253
574,T10,BESTEFFORT,COMPLETED,m6-1,560.296,"{'m1-1': 27.62, 'm2-1': 24.99, 'm3-1': 5.81, 'm4-1': 4.92, 'm5-1': 9.78, 'm6-1': 1.06, 'm7-1': 112.4, 'm8-1': 139.33}",1.59,560.296,561.356,inf,670.296,670.296
575,T10,BESTEFFORT,COMPLETED,m3-1,561.667,"{'m1-1': 25.39, 'm2-1': 23.97, 'm3-1': 5.29, 'm4-1': 4.85, 'm5-1': 11.45, 'm6-1': 0.96, 'm7-1': 111.57, 'm8-1': 150.28}",7.9350000000000005,561.667,566.957,inf,671.667,671.667
576,T9,BESTEFFORT,COMPLETED,m4-1,561.919,"{'m1-1': 26.39, 'm2-1': 27.86, 'm3-1': 5.14, 'm4-1': 5.46, 'm5-1': 10.71, 'm6-1': 0.97, 'm7-1': 96.75, 'm8-1': 160.69}",8.19,561.919,567.379,inf,671.919,671.919
577,T5,BESTEFFORT,COMPLETED,m5-1,564.319,"{'m1-1': 23.52, 'm2-1': 27.84, 'm3-1': 5.51, 'm4-1': 5.1, 'm5-1': 11.2, 'm6-1': 1.0, 'm7-1': 95.65, 'm8-1': 174.02}",16.799999999999997,564.319,575.519,inf,674.319,674.319
578,T6,BESTEFFORT,COMPLETED,m6-1,564.765,"{'m1-1': 26.52, 'm2-1': 25.71, 'm3-1': 5.9, 'm4-1': 5.43, 'm5-1': 11.2, 'm6-1': 1.08, 'm7-1': 111.28, 'm8-1': 157.39}",1.62,564.765,565.845,inf,674.765,674.765
579,T7,BESTEFFORT,COMPLETED,m6-1,566.125,"{'m1-1': 26.47, 'm2-1': 24.96, 'm3-1': 5.78, 'm4-1': 4.83, 'm5-1': 10.39, 'm6-1': 1.01, 'm7-1': 105.24, 'm8-1': 160.32}",1.5150000000000001,566.125,567.135,inf,676.125,676.125
580,T7,BESTEFFORT,COMPLETED,m3-1,567.056,"{'m1-1': 26.33, 'm2-1': 25.26, 'm3-1': 5.25, 'm4-1': 5.28, 'm5-1': 11.64, 'm6-1': 1.09, 'm7-1': 109.8, 'm8-1': 152.9}",7.875,567.056,572.306,inf,677.056,677.056
581,T1,BESTEFFORT,COMPLETED,m4-1,568.763,"{'m1-1': 25.59, 'm2-1': 24.62, 'm3-1': 5.71, 'm4-1': 5.67, 'm5-1': 10.43, 'm6-1': 1.05, 'm7-1': 117.45, 'm8-1': 139.11}",8.504999999999999,568.763,574.433,inf,678.763,678.763
582,T8,BESTEFFORT,COMPLETED,m6-1,568.885,"{'m1-1': 25.61, 'm2-1': 25.29, 'm3-1': 5.43, 'm4-1': 5.11, 'm5-1': 10.22, 'm6-1': 1.0, 'm7-1': 111.44, 'm8-1': 158.73}",1.5,568.885,569.885,inf,678.885,678.885
583,T5,BESTEFFORT,COMPLETED,m3-1,569.142,"{'m1-1': 24.68, 'm2-1': 26.83, 'm3-1': 5.27, 'm4-1': 5.77, 'm5-1': 9.85, 'm6-1': 0.93, 'm7-1': 100.93, 'm8-1': 165.55}",7.904999999999999,572.306,577.576,inf,679.142,679.142
584,T2,BESTEFFORT,COMPLETED,m6-1,570.804,"{'m1-1': 24.15, 'm2-1': 24.97, 'm3-1': 5.46, 'm4-1': 5.16, 'm5-1': 9.74, 'm6-1': 1.16, 'm7-1': 107.66, 'm8-1': 164.91}",1.7399999999999998,570.804,571.9639999999999,inf,680.804,680.804
585,T5,BESTEFFORT,COMPLETED,m6-1,572.904,"{'m1-1': 27.65, 'm2-1': 27.98, 'm3-1': 5.26, 'm4-1': 5.6, 'm5-1': 9.54, 'm6-1': 1.06, 'm7-1': 95.87, 'm8-1': 172.17}",1.59,572.904,573.9639999999999,inf,682.904,682.904
586,T8,BESTEFFORT,COMPLETED,m4-1,575.247,"{'m1-1': 26.62, 'm2-1': 24.26, 'm3-1': 5.01, 'm4-1': 5.26, 'm5-1': 10.96, 'm6-1': 1.0, 'm7-1': 103.54, 'm8-1': 163.69}",7.89,575.247,580.507,inf,685.247,685.247
587,T7,BESTEFFORT,COMPLETED,m5-1,575.927,"{'m1-1': 29.29, 'm2-1': 25.02, 'm3-1': 5.08, 'm4-1': 5.12, 'm5-1': 10.86, 'm6-1': 1.0, 'm7-1': 108.93, 'm8-1': 163.52}",16.29,575.927,586.787,inf,685.927,685.927
588,T5,BESTEFFORT,COMPLETED,m6-1,576.222,"{'m1-1': 25.46, 'm2-1': 26.63, 'm3-1': 5.34, 'm4-1': 5.3, 'm5-1': 10.34, 'm6-1': 0.98, 'm7-1': 109.3, 'm8-1': 152.33}",1.47,576.222,577.202,inf,686.222,686.222
589,T2,BESTEFFORT,COMPLETED,m3-1,576.624,"{'m1-1': 25.12, 'm2-1': 25.48, 'm3-1': 5.01, 'm4-1': 5.56, 'm5-1': 10.29, 'm6-1': 1.05, 'm7-1': 101.83, 'm8-1': 170.44}",7.515,577.576,582.586,inf,686.624,686.624
590,T6,BESTEFFORT,COMPLETED,m4-1,576.67,"{'m1-1': 26.12, 'm2-1': 24.49, 'm3-1': 5.78, 'm4-1': 5.14, 'm5-1': 9.8, 'm6-1': 1.06, 'm7-1': 100.38, 'm8-1': 145.47}",7.709999999999999,580.507,585.6469999999999,inf,686.67,686.67
591,T2,BESTEFFORT,COMPLETED,m6-1,578.057,"{'m1-1': 24.09, 'm2-1': 27.85, 'm3-1': 5.26, 'm4-1': 5.14, 'm5-1': 10.76, 'm6-1': 1.14, 'm7-1': 103.96, 'm8-1': 168.51}",1.71,578.057,579.197,inf,688.057,688.057
592,T5,BESTEFFORT,COMPLETED,m3-1,578.39,"{'m1-1': 26.29, 'm2-1': 24.06, 'm3-1': 5.54, 'm4-1': 5.24, 'm5-1': 10.07, 'm6-1': 0.91, 'm7-1': 93.4, 'm8-1': 152.03}",8.31,582.586,588.126,inf,688.39,688.39
593,T3,BESTEFFORT,COMPLETED,m6-1,579.25,"{'m1-1': 28.31, 'm2-1': 26.14, 'm3-1': 5.64, 'm4-1': 5.3, 'm5-1': 9.6, 'm6-1': 1.06, 'm7-1': 114.19, 'm8-1': 143.55}",1.59,579.25,580.31,inf,689.25,689.25
594,T1,BESTEFFORT,COMPLETED,m6-1,580.927,"{'m1-1': 25.72, 'm2-1': 27.1, 'm3-1': 5.39, 'm4-1': 4.84, 'm5-1': 11.15, 'm6-1': 1.05, 'm7-1': 111.79, 'm8-1': 142.47}",1.5750000000000002,580.927,581.977,inf,690.927,690.927
595,T3,BESTEFFORT,COMPLETED,m1-1,581.598,"{'m1-1': 26.71, 'm2-1': 27.34, 'm3-1': 4.97, 'm4-1': 5.17, 'm5-1': 9.9, 'm6-1': 1.03, 'm7-1': 108.66, 'm8-1': 147.14}",40.065,602.6859999999999,629.396,inf,691.598,691.598
596,T10,BESTEFFORT,COMPLETED,m6-1,584.291,"{'m1-1': 26.2, 'm2-1': 28.16, 'm3-1': 5.32, 'm4-1': 4.97, 'm5-1': 10.1, 'm6-1': 0.97, 'm7-1': 109.64, 'm8-1': 151.62}",1.455,584.291,585.2610000000001,inf,694.291,694.291
597,T7,BESTEFFORT,COMPLETED,m2-1,584.837,"{'m1-1': 25.71, 'm2-1': 27.35, 'm3-1': 5.54, 'm4-1': 5.42, 'm5-1': 11.8, 'm6-1': 1.05, 'm7-1': 100.16, 'm8-1': 150.41}",41.025000000000006,607.344,634.6940000000001,inf,694.837,694.837
598,T2,BESTEFFORT,COMPLETED,m6-1,585.298,"{'m1-1': 25.07, 'm2-1': 27.34, 'm3-1': 5.12, 'm4-1': 4.89, 'm5-1': 11.1, 'm6-1': 1.09, 'm7-1': 104.84, 'm8-1': 144.04}",1.6350000000000002,585.298,586.388,inf,695.298,695.298
599,T7,BESTEFFORT,COMPLETED,m3-1,585.372,"{'m1-1': 25.02, 'm2-1': 24.94, 'm3-1': 5.64, 'm4-1': 5.39, 'm5-1': 10.95, 'm6-1': 1.04, 'm7-1': 100.09, 'm8-1': 166.02}",8.459999999999999,588.126,593.766,inf,695.372,695.372
600,T1,BESTEFFORT,COMPLETED,m4-1,586.171,"{'m1-1': 24.48, 'm2-1': 26.26, 'm3-1': 5.62, 'm4-1': 5.64, 'm5-1': 11.15, 'm6-1': 1.06, 'm7-1': 118.2, 'm8-1': 138.82}",8.459999999999999,586.171,591.811,inf,696.171,696.171
601,T1,BESTEFFORT,COMPLETED,m4-1,586.188,"{'m1-1': 25.74, 'm2-1': 26.08, 'm3-1': 5.14, 'm4-1': 5.25, 'm5-1': 9.93, 'm6-1': 0.98, 'm7-1': 112.02, 'm8-1': 143.55}",7.875,591.811,597.061,inf,696.188,696.188
602,T1,BESTEFFORT,COMPLETED,m5-1,587.674,"{'m1-1': 24.11, 'm2-1': 27.41, 'm3-1': 5.75, 'm4-1': 5.51, 'm5-1': 10.72, 'm6-1': 1.01, 'm7-1': 114.96, 'm8-1': 161.82}",16.080000000000002,587.674,598.394,inf,697.674,697.674
603,T3,BESTEFFORT,COMPLETED,m6-1,591.152,"{'m1-1': 25.19, 'm2-1': 23.48, 'm3-1': 5.34, 'm4-1': 4.94, 'm5-1': 9.89, 'm6-1': 1.04, 'm7-1': 103.18, 'm8-1': 139.47}",1.56,591.152,592.192,inf,701.152,701.152
604,T4,BESTEFFORT,COMPLETED,m3-1,591.356,"{'m1-1': 26.66, 'm2-1': 25.5, 'm3-1': 5.06, 'm4-1': 5.57, 'm5-1': 10.7, 'm6-1': 0.95, 'm7-1': 107.9, 'm8-1': 155.2}",7.59,593.766,598.8259999999999,inf,701.356,701.356
605,T1,BESTEFFORT,COMPLETED,m6-1,592.863,"{'m1-1': 26.89, 'm2-1': 24.29, 'm3-1': 5.08, 'm4-1': 5.4, 'm5-1': 10.64, 'm6-1': 1.12, 'm7-1': 104.73, 'm8-1': 158.58}",1.6800000000000002,592.863,593.9830000000001,inf,702.863,702.863
606,T2,BESTEFFORT,COMPLETED,m4-1,593.574,"{'m1-1': 23.93, 'm2-1': 26.24, 'm3-1': 5.6, 'm4-1': 5.07, 'm5-1': 10.07, 'm6-1': 0.98, 'm7-1': 95.8, 'm8-1': 163.8}",7.605,597.061,602.1310000000001,inf,703.574,703.574
607,T2,BESTEFFORT,COMPLETED,m3-1,593.861,"{'m1-1': 24.6, 'm2-1': 25.13, 'm3-1': 5.07, 'm4-1': 5.56, 'm5-1': 10.02, 'm6-1': 1.12, 'm7-1': 95.1, 'm8-1': 169.78}",7.605,598.8259999999999,603.896,inf,703.861,703.861
608,T9,BESTEFFORT,COMPLETED,m5-1,593.889,"{'m1-1': 23.92, 'm2-1': 29.22, 'm3-1': 5.61, 'm4-1': 4.76, 'm5-1': 10.14, 'm6-1': 0.96, 'm7-1': 101.31, 'm8-1': 148.2}",15.21,598.394,608.534,inf,703.889,703.889
609,T4,BESTEFFORT,COMPLETED,m6-1,597.739,"{'m1-1': 28.14, 'm2-1': 26.81, 'm3-1': 5.84, 'm4-1': 5.72, 'm5-1': 11.09, 'm6-1': 1.06, 'm7-1': 114.22, 'm8-1': 164.48}",1.59,597.739,598.799,inf,707.739,707.739
610,T9,BESTEFFORT,COMPLETED,m4-1,597.934,"{'m1-1': 24.2, 'm2-1': 27.83, 'm3-1': 5.42, 'm4-1': 5.39, 'm5-1': 10.06, 'm6-1': 1.02, 'm7-1': 101.71, 'm8-1': 156.82}",8.084999999999999,602.1310000000001,607.5210000000001,inf,707.934,707.934
611,T5,BESTEFFORT,COMPLETED,m6-1,598.178,"{'m1-1': 26.7, 'm2-1': 25.3, 'm3-1': 5.74, 'm4-1': 5.59, 'm5-1': 9.7, 'm6-1': 1.04, 'm7-1': 98.16, 'm8-1': 169.77}",1.56,598.799,599.8389999999999,inf,708.178,708.178
612,T2,BESTEFFORT,COMPLETED,m3-1,599.827,"{'m1-1': 26.31, 'm2-1': 24.59, 'm3-1': 5.73, 'm4-1': 5.0, 'm5-1': 10.28, 'm6-1': 1.04, 'm7-1': 100.62, 'm8-1': 151.52}",8.595,603.896,609.626,inf,709.827,709.827
613,T8,BESTEFFORT,COMPLETED,m6-1,600.06,"{'m1-1': 28.33, 'm2-1': 26.62, 'm3-1': 5.6, 'm4-1': 5.02, 'm5-1': 10.41, 'm6-1': 1.07, 'm7-1': 109.85, 'm8-1': 163.8}",1.605,600.06,601.13,inf,710.06,710.06
614,T2,BESTEFFORT,COMPLETED,m6-1,602.332,"{'m1-1': 23.48, 'm2-1': 26.02, 'm3-1': 5.78, 'm4-1': 4.99, 'm5-1': 10.66, 'm6-1': 1.02, 'm7-1': 107.64, 'm8-1': 146.86}",1.53,602.332,603.352,inf,712.332,712.332
615,T3,BESTEFFORT,COMPLETED,m4-1,602.453,"{'m1-1': 28.72, 'm2-1': 24.04, 'm3-1': 5.11, 'm4-1': 5.47, 'm5-1': 10.24, 'm6-1': 0.97, 'm7-1': 105.23, 'm8-1': 150.49}",8.205,607.5210000000001,612.9910000000001,inf,712.453,712.453
616,T3,BESTEFFORT,COMPLETED,m6-1,604.949,"{'m1-1': 28.35, 'm2-1': 26.73, 'm3-1': 5.42, 'm4-1': 5.16, 'm5-1': 10.87, 'm6-1': 0.95, 'm7-1': 113.32, 'm8-1': 156.45}",1.4249999999999998,604.949,605.899,inf,714.949,714.949
617,T5,BESTEFFORT,COMPLETED,m6-1,606.512,"{'m1-1': 27.32, 'm2-1': 25.76, 'm3-1': 5.65, 'm4-1': 5.37, 'm5-1': 10.05, 'm6-1': 1.02, 'm7-1': 108.01, 'm8-1': 175.08}",1.53,606.512,607.5319999999999,inf,716.512,716.512
618,T9,BESTEFFORT,COMPLETED,m5-1,608.703,"{'m1-1': 27.78, 'm2-1': 27.24, 'm3-1': 5.93, 'm4-1': 5.32, 'm5-1': 10.68, 'm6-1': 1.04, 'm7-1': 105.27, 'm8-1': 157.84}",16.02,608.703,619.3829999999999,inf,718.703,718.703
619,T2,BESTEFFORT,COMPLETED,m6-1,608.728,"{'m1-1': 24.45, 'm2-1': 25.38, 'm3-1': 5.03, 'm4-1': 4.87, 'm5-1': 9.74, 'm6-1': 1.06, 'm7-1': 95.13, 'm8-1': 154.02}",1.59,608.728,609.7879999999999,inf,718.728,718.728
620,T10,BESTEFFORT,COMPLETED,m1-1,608.92,"{'m1-1': 24.86, 'm2-1': 26.93, 'm3-1': 5.05, 'm4-1': 4.66, 'm5-1': 10.28, 'm6-1': 1.02, 'm7-1': 103.41, 'm8-1': 150.74}",37.29,629.396,654.256,inf,718.92,718.92
621,T8,BESTEFFORT,COMPLETED,m2-1,608.965,"{'m1-1': 27.99, 'm2-1': 26.65, 'm3-1': 5.3, 'm4-1': 5.1, 'm5-1': 10.89, 'm6-1': 1.06, 'm7-1': 113.79, 'm8-1': 157.0}",39.974999999999994,634.6940000000001,661.344,inf,718.965,718.965
622,T3,BESTEFFORT,COMPLETED,m7-1,609.482,"{'m1-1': 24.64, 'm2-1': 26.45, 'm3-1': 5.36, 'm4-1': 5.21, 'm5-1': 10.12, 'm6-1': 1.08, 'm7-1': 103.67, 'm8-1': 162.65}",155.505,609.482,713.1519999999999,inf,719.482,719.482
623,T10,BESTEFFORT,COMPLETED,m3-1,610.18,"{'m1-1': 25.5, 'm2-1': 25.49, 'm3-1': 5.04, 'm4-1': 5.1, 'm5-1': 10.35, 'm6-1': 1.04, 'm7-1': 112.92, 'm8-1': 160.19}",7.5600000000000005,610.18,615.2199999999999,inf,720.18,720.18
624,T2,BESTEFFORT,COMPLETED,m6-1,610.811,"{'m1-1': 23.89, 'm2-1': 26.31, 'm3-1': 5.62, 'm4-1': 5.48, 'm5-1': 9.61, 'm6-1': 1.06, 'm7-1': 111.34, 'm8-1': 149.84}",1.59,610.811,611.871,inf,720.811,720.811
625,T10,BESTEFFORT,COMPLETED,m3-1,611.247,"{'m1-1': 27.53, 'm2-1': 25.55, 'm3-1': 5.52, 'm4-1': 5.25, 'm5-1': 11.5, 'm6-1': 1.02, 'm7-1': 108.12, 'm8-1': 158.05}",8.28,615.2199999999999,620.7399999999999,inf,721.247,721.247
626,T2,BESTEFFORT,COMPLETED,m6-1,612.203,"{'m1-1': 26.54, 'm2-1': 26.85, 'm3-1': 5.44, 'm4-1': 5.56, 'm5-1': 10.32, 'm6-1': 1.13, 'm7-1': 98.61, 'm8-1': 163.85}",1.6949999999999998,612.203,613.333,inf,722.203,722.203
627,T3,BESTEFFORT,COMPLETED,m4-1,612.802,"{'m1-1': 26.02, 'm2-1': 24.66, 'm3-1': 5.18, 'm4-1': 5.49, 'm5-1': 9.62, 'm6-1': 1.05, 'm7-1': 110.5, 'm8-1': 160.42}",8.235,612.9910000000001,618.4810000000001,inf,722.802,722.802
628,T10,BESTEFFORT,COMPLETED,m6-1,613.622,"{'m1-1': 25.32, 'm2-1': 24.2, 'm3-1': 5.17, 'm4-1': 4.92, 'm5-1': 11.08, 'm6-1': 1.09, 'm7-1': 114.71, 'm8-1': 161.64}",1.6350000000000002,613.622,614.712,inf,723.622,723.622
629,T9,BESTEFFORT,COMPLETED,m4-1,613.895,"{'m1-1': 27.45, 'm2-1': 25.56, 'm3-1': 5.95, 'm4-1': 5.22, 'm5-1': 9.87, 'm6-1': 1.0, 'm7-1': 110.52, 'm8-1': 147.76}",7.83,618.4810000000001,623.7010000000001,inf,723.895,723.895
630,T3,BESTEFFORT,COMPLETED,m5-1,614.538,"{'m1-1': 25.65, 'm2-1': 24.02, 'm3-1': 5.24, 'm4-1': 4.9, 'm5-1': 9.33, 'm6-1': 1.0, 'm7-1': 103.73, 'm8-1': 155.94}",13.995000000000001,619.3829999999999,628.713,inf,724.538,724.538
631,T3,BESTEFFORT,COMPLETED,m6-1,614.941,"{'m1-1': 25.44, 'm2-1': 27.27, 'm3-1': 5.4, 'm4-1': 5.24, 'm5-1': 10.12, 'm6-1': 0.98, 'm7-1': 113.96, 'm8-1': 161.31}",1.47,614.941,615.921,inf,724.941,724.941
632,T10,BESTEFFORT,COMPLETED,m3-1,615.341,"{'m1-1': 25.21, 'm2-1': 25.14, 'm3-1': 5.64, 'm4-1': 4.71, 'm5-1': 10.6, 'm6-1': 1.09, 'm7-1': 111.28, 'm8-1': 157.66}",8.459999999999999,620.7399999999999,626.3799999999999,inf,725.341,725.341
633,T8,BESTEFFORT,COMPLETED,m6-1,615.746,"{'m1-1': 27.0, 'm2-1': 24.19, 'm3-1': 5.23, 'm4-1': 5.44, 'm5-1': 9.76, 'm6-1': 0.97, 'm7-1': 104.27, 'm8-1': 149.89}",1.455,615.921,616.8910000000001,inf,725.746,725.746
634,T3,BESTEFFORT,COMPLETED,m6-1,615.987,"{'m1-1': 24.77, 'm2-1': 27.19, 'm3-1': 5.07, 'm4-1': 5.11, 'm5-1': 10.16, 'm6-1': 0.96, 'm7-1': 111.08, 'm8-1': 142.67}",1.44,616.8910000000001,617.8510000000001,inf,725.987,725.987
635,T4,BESTEFFORT,MISSED,m7-1,616.467,"{'m1-1': 28.34, 'm2-1': 26.81, 'm3-1': 5.29, 'm4-1': 5.1, 'm5-1': 10.09, 'm6-1': 1.05, 'm7-1': 113.65, 'm8-1': 165.53}",19.972500000000082,713.1519999999999,inf,726.467,726.467,726.467
636,T5,BESTEFFORT,COMPLETED,m6-1,619.647,"{'m1-1': 23.92, 'm2-1': 27.81, 'm3-1': 5.35, 'm4-1': 4.98, 'm5-1': 9.85, 'm6-1': 0.94, 'm7-1': 105.85, 'm8-1': 158.93}",1.41,619.647,620.5870000000001,inf,729.647,729.647
637,T7,BESTEFFORT,COMPLETED,m4-1,620.045,"{'m1-1': 25.47, 'm2-1': 26.27, 'm3-1': 5.53, 'm4-1': 5.42, 'm5-1': 11.63, 'm6-1': 1.0, 'm7-1': 94.44, 'm8-1': 157.84}",8.129999999999999,623.7010000000001,629.1210000000001,inf,730.045,730.045
638,T6,BESTEFFORT,COMPLETED,m5-1,620.258,"{'m1-1': 27.93, 'm2-1': 23.6, 'm3-1': 5.31, 'm4-1': 4.84, 'm5-1': 9.84, 'm6-1': 0.94, 'm7-1': 102.59, 'm8-1': 146.67}",14.76,628.713,638.553,inf,730.258,730.258
639,T10,BESTEFFORT,COMPLETED,m6-1,620.615,"{'m1-1': 25.32, 'm2-1': 27.55, 'm3-1': 5.9, 'm4-1': 5.13, 'm5-1': 10.77, 'm6-1': 1.0, 'm7-1': 115.42, 'm8-1': 152.0}",1.5,620.615,621.615,inf,730.615,730.615
640,T2,BESTEFFORT,COMPLETED,m6-1,621.744,"{'m1-1': 27.09, 'm2-1': 24.17, 'm3-1': 5.52, 'm4-1': 5.18, 'm5-1': 9.55, 'm6-1': 1.12, 'm7-1': 97.7, 'm8-1': 156.83}",1.6800000000000002,621.744,622.864,inf,731.744,731.744
641,T1,BESTEFFORT,COMPLETED,m6-1,622.882,"{'m1-1': 25.19, 'm2-1': 23.71, 'm3-1': 5.14, 'm4-1': 5.14, 'm5-1': 10.53, 'm6-1': 1.14, 'm7-1': 109.37, 'm8-1': 156.99}",1.71,622.882,624.0219999999999,inf,732.882,732.882
642,T5,BESTEFFORT,COMPLETED,m3-1,622.938,"{'m1-1': 23.63, 'm2-1': 27.32, 'm3-1': 4.98, 'm4-1': 5.57, 'm5-1': 11.12, 'm6-1': 1.04, 'm7-1': 107.21, 'm8-1': 153.2}",7.470000000000001,626.3799999999999,631.3599999999999,inf,732.938,732.938
643,T7,BESTEFFORT,COMPLETED,m4-1,623.734,"{'m1-1': 27.02, 'm2-1': 27.59, 'm3-1': 5.13, 'm4-1': 5.12, 'm5-1': 10.68, 'm6-1': 0.98, 'm7-1': 96.36, 'm8-1': 166.45}",7.68,629.1210000000001,634.2410000000001,inf,733.734,733.734
644,T3,BESTEFFORT,COMPLETED,m6-1,624.498,"{'m1-1': 26.22, 'm2-1': 25.72, 'm3-1': 5.57, 'm4-1': 4.81, 'm5-1': 9.49, 'm6-1': 1.04, 'm7-1': 100.89, 'm8-1': 157.07}",1.56,624.498,625.538,inf,734.498,734.498
645,T1,BESTEFFORT,COMPLETED,m6-1,625.853,"{'m1-1': 24.29, 'm2-1': 23.8, 'm3-1': 5.45, 'm4-1': 5.34, 'm5-1': 10.41, 'm6-1': 1.15, 'm7-1': 109.18, 'm8-1': 153.16}",1.7249999999999999,625.853,627.0029999999999,inf,735.853,735.853
646,T6,BESTEFFORT,COMPLETED,m3-1,626.445,"{'m1-1': 27.62, 'm2-1': 25.8, 'm3-1': 5.1, 'm4-1': 5.76, 'm5-1': 10.92, 'm6-1': 1.04, 'm7-1': 101.67, 'm8-1': 164.26}",7.6499999999999995,631.3599999999999,636.4599999999999,inf,736.445,736.445
647,T1,BESTEFFORT,COMPLETED,m6-1,626.587,"{'m1-1': 23.96, 'm2-1': 27.36, 'm3-1': 5.64, 'm4-1': 5.68, 'm5-1': 10.61, 'm6-1': 1.09, 'm7-1': 103.8, 'm8-1': 139.39}",1.6350000000000002,627.0029999999999,628.093,inf,736.587,736.587
648,T7,BESTEFFORT,COMPLETED,m6-1,627.815,"{'m1-1': 25.84, 'm2-1': 25.15, 'm3-1': 5.89, 'm4-1': 4.85, 'm5-1': 11.13, 'm6-1': 1.07, 'm7-1': 104.01, 'm8-1': 171.12}",1.605,628.093,629.163,inf,737.815,737.815
649,T7,BESTEFFORT,COMPLETED,m5-1,629.084,"{'m1-1': 27.69, 'm2-1': 27.72, 'm3-1': 5.48, 'm4-1': 5.58, 'm5-1': 11.19, 'm6-1': 0.96, 'm7-1': 99.16, 'm8-1': 171.28}",16.785,638.553,649.743,inf,739.084,739.084
650,T3,BESTEFFORT,COMPLETED,m6-1,632.43,"{'m1-1': 28.64, 'm2-1': 23.64, 'm3-1': 4.91, 'm4-1': 5.59, 'm5-1': 10.98, 'm6-1': 1.04, 'm7-1': 117.11, 'm8-1': 139.62}",1.56,632.43,633.4699999999999,inf,742.43,742.43
651,T10,BESTEFFORT,COMPLETED,m1-1,632.589,"{'m1-1': 25.83, 'm2-1': 25.12, 'm3-1': 5.45, 'm4-1': 5.38, 'm5-1': 10.58, 'm6-1': 1.04, 'm7-1': 97.64, 'm8-1': 142.92}",38.745,654.256,680.086,inf,742.589,742.589
652,T5,BESTEFFORT,COMPLETED,m3-1,633.046,"{'m1-1': 23.51, 'm2-1': 24.95, 'm3-1': 5.59, 'm4-1': 5.08, 'm5-1': 9.76, 'm6-1': 0.95, 'm7-1': 94.24, 'm8-1': 168.98}",8.385,636.4599999999999,642.05,inf,743.046,743.046
653,T9,BESTEFFORT,COMPLETED,m6-1,633.944,"{'m1-1': 28.25, 'm2-1': 26.14, 'm3-1': 5.91, 'm4-1': 5.58, 'm5-1': 11.0, 'm6-1': 1.0, 'm7-1': 103.47, 'm8-1': 157.67}",1.5,633.944,634.944,inf,743.944,743.944
654,T8,BESTEFFORT,COMPLETED,m4-1,634.211,"{'m1-1': 29.36, 'm2-1': 25.95, 'm3-1': 5.74, 'm4-1': 5.53, 'm5-1': 11.11, 'm6-1': 1.03, 'm7-1': 114.78, 'm8-1': 165.22}",8.295,634.2410000000001,639.7710000000001,inf,744.211,744.211
655,T7,BESTEFFORT,COMPLETED,m6-1,636.519,"{'m1-1': 26.98, 'm2-1': 24.8, 'm3-1': 5.34, 'm4-1': 5.28, 'm5-1': 11.26, 'm6-1': 0.96, 'm7-1': 98.86, 'm8-1': 152.56}",1.44,636.519,637.479,inf,746.519,746.519
656,T8,BESTEFFORT,COMPLETED,m2-1,637.007,"{'m1-1': 26.21, 'm2-1': 26.31, 'm3-1': 5.84, 'm4-1': 4.97, 'm5-1': 10.31, 'm6-1': 0.96, 'm7-1': 105.19, 'm8-1': 168.46}",39.464999999999996,661.344,687.654,inf,747.007,747.007
657,T8,BESTEFFORT,COMPLETED,m3-1,637.235,"{'m1-1': 28.34, 'm2-1': 26.77, 'm3-1': 5.06, 'm4-1': 5.55, 'm5-1': 10.45, 'm6-1': 1.04, 'm7-1': 103.13, 'm8-1': 165.17}",7.59,642.05,647.1099999999999,inf,747.235,747.235
658,T10,BESTEFFORT,COMPLETED,m6-1,637.59,"{'m1-1': 28.71, 'm2-1': 25.04, 'm3-1': 5.81, 'm4-1': 4.68, 'm5-1': 11.35, 'm6-1': 1.08, 'm7-1': 111.89, 'm8-1': 151.38}",1.62,637.59,638.6700000000001,inf,747.59,747.59
659,T3,BESTEFFORT,COMPLETED,m6-1,638.757,"{'m1-1': 27.36, 'm2-1': 27.32, 'm3-1': 5.45, 'm4-1': 5.25, 'm5-1': 10.31, 'm6-1': 0.93, 'm7-1': 106.25, 'm8-1': 150.12}",1.395,638.757,639.6869999999999,inf,748.757,748.757
660,T2,BESTEFFORT,COMPLETED,m4-1,640.035,"{'m1-1': 27.45, 'm2-1': 25.93, 'm3-1': 5.47, 'm4-1': 5.37, 'm5-1': 10.34, 'm6-1': 1.16, 'm7-1': 103.17, 'm8-1': 145.63}",8.055,640.035,645.405,inf,750.035,750.035
661,T4,BESTEFFORT,COMPLETED,m6-1,640.629,"{'m1-1': 24.75, 'm2-1': 25.71, 'm3-1': 5.88, 'm4-1': 5.13, 'm5-1': 11.1, 'm6-1': 0.97, 'm7-1': 100.9, 'm8-1': 160.84}",1.455,640.629,641.599,inf,750.629,750.629
662,T1,BESTEFFORT,COMPLETED,m4-1,641.28,"{'m1-1': 27.44, 'm2-1': 27.24, 'm3-1': 5.52, 'm4-1': 5.67, 'm5-1': 10.34, 'm6-1': 1.01, 'm7-1': 105.72, 'm8-1': 146.87}",8.504999999999999,645.405,651.0749999999999,inf,751.28,751.28
663,T7,BESTEFFORT,COMPLETED,m6-1,643.835,"{'m1-1': 27.44, 'm2-1': 25.55, 'm3-1': 5.54, 'm4-1': 5.44, 'm5-1': 11.44, 'm6-1': 1.06, 'm7-1': 93.39, 'm8-1': 150.97}",1.59,643.835,644.895,inf,753.835,753.835
664,T7,BESTEFFORT,MISSED,m8-1,644.581,"{'m1-1': 26.59, 'm2-1': 27.85, 'm3-1': 5.83, 'm4-1': 5.11, 'm5-1': 11.2, 'm6-1': 1.03, 'm7-1': 94.38, 'm8-1': 160.73}",165.0,644.581,inf,754.581,754.581,754.581
665,T6,BESTEFFORT,COMPLETED,m3-1,644.646,"{'m1-1': 25.83, 'm2-1': 26.52, 'm3-1': 5.79, 'm4-1': 5.41, 'm5-1': 9.92, 'm6-1': 1.0, 'm7-1': 105.37, 'm8-1': 145.98}",8.685,647.1099999999999,652.8999999999999,inf,754.646,754.646
666,T5,BESTEFFORT,COMPLETED,m6-1,644.949,"{'m1-1': 25.97, 'm2-1': 27.78, 'm3-1': 5.26, 'm4-1': 5.79, 'm5-1': 10.6, 'm6-1': 0.98, 'm7-1': 98.1, 'm8-1': 151.2}",1.47,644.949,645.929,inf,754.949,754.949
667,T8,BESTEFFORT,COMPLETED,m6-1,647.282,"{'m1-1': 26.07, 'm2-1': 27.63, 'm3-1': 5.72, 'm4-1': 5.3, 'm5-1': 10.98, 'm6-1': 0.97, 'm7-1': 102.38, 'm8-1': 164.31}",1.455,647.282,648.2520000000001,inf,757.282,757.282
668,T7,BESTEFFORT,COMPLETED,m6-1,649.104,"{'m1-1': 28.73, 'm2-1': 25.98, 'm3-1': 5.64, 'm4-1': 5.49, 'm5-1': 10.49, 'm6-1': 1.1, 'm7-1': 102.84, 'm8-1': 168.59}",1.6500000000000001,649.104,650.2040000000001,inf,759.104,759.104
669,T7,BESTEFFORT,COMPLETED,m5-1,650.743,"{'m1-1': 25.79, 'm2-1': 28.29, 'm3-1': 5.76, 'm4-1': 5.63, 'm5-1': 10.84, 'm6-1': 1.06, 'm7-1': 99.48, 'm8-1': 171.84}",16.259999999999998,650.743,661.5830000000001,inf,760.743,760.743
670,T4,BESTEFFORT,COMPLETED,m6-1,650.856,"{'m1-1': 28.48, 'm2-1': 27.79, 'm3-1': 5.16, 'm4-1': 5.06, 'm5-1': 10.5, 'm6-1': 1.01, 'm7-1': 101.66, 'm8-1': 154.49}",1.5150000000000001,650.856,651.866,inf,760.856,760.856
671,T8,BESTEFFORT,COMPLETED,m4-1,651.967,"{'m1-1': 25.25, 'm2-1': 25.46, 'm3-1': 5.85, 'm4-1': 5.66, 'm5-1': 10.53, 'm6-1': 0.98, 'm7-1': 109.29, 'm8-1': 155.71}",8.49,651.967,657.627,inf,761.967,761.967
672,T3,BESTEFFORT,COMPLETED,m6-1,652.185,"{'m1-1': 24.78, 'm2-1': 24.54, 'm3-1': 5.52, 'm4-1': 5.51, 'm5-1': 10.32, 'm6-1': 0.97, 'm7-1': 114.59, 'm8-1': 159.91}",1.455,652.185,653.155,inf,762.185,762.185
673,T8,BESTEFFORT,COMPLETED,m3-1,652.326,"{'m1-1': 27.7, 'm2-1': 24.31, 'm3-1': 5.9, 'm4-1': 5.04, 'm5-1': 10.75, 'm6-1': 1.02, 'm7-1': 100.58, 'm8-1': 150.72}",8.850000000000001,652.8999999999999,658.7999999999998,inf,762.326,762.326
674,T2,BESTEFFORT,COMPLETED,m4-1,652.358,"{'m1-1': 26.0, 'm2-1': 27.21, 'm3-1': 5.62, 'm4-1': 5.13, 'm5-1': 10.4, 'm6-1': 1.02, 'm7-1': 111.28, 'm8-1': 150.93}",7.695,657.627,662.757,inf,762.358,762.358
675,T5,BESTEFFORT,COMPLETED,m6-1,654.046,"{'m1-1': 26.05, 'm2-1': 27.43, 'm3-1': 5.17, 'm4-1': 5.87, 'm5-1': 11.03, 'm6-1': 1.03, 'm7-1': 101.29, 'm8-1': 166.48}",1.545,654.046,655.076,inf,764.046,764.046
676,T3,BESTEFFORT,COMPLETED,m1-1,654.53,"{'m1-1': 29.03, 'm2-1': 25.16, 'm3-1': 4.89, 'm4-1': 5.53, 'm5-1': 10.49, 'm6-1': 0.92, 'm7-1': 104.93, 'm8-1': 155.13}",43.545,680.086,709.116,inf,764.53,764.53
677,T9,BESTEFFORT,COMPLETED,m6-1,655.418,"{'m1-1': 26.46, 'm2-1': 28.45, 'm3-1': 5.08, 'm4-1': 5.15, 'm5-1': 10.79, 'm6-1': 0.94, 'm7-1': 102.97, 'm8-1': 155.49}",1.41,655.418,656.3580000000001,inf,765.418,765.418
678,T10,BESTEFFORT,COMPLETED,m3-1,655.696,"{'m1-1': 26.92, 'm2-1': 27.39, 'm3-1': 5.53, 'm4-1': 4.63, 'm5-1': 10.76, 'm6-1': 0.95, 'm7-1': 111.68, 'm8-1': 148.23}",8.295,658.7999999999998,664.3299999999998,inf,765.696,765.696
679,T4,BESTEFFORT,COMPLETED,m5-1,655.859,"{'m1-1': 25.21, 'm2-1': 28.58, 'm3-1': 5.7, 'm4-1': 4.91, 'm5-1': 10.25, 'm6-1': 1.01, 'm7-1': 112.73, 'm8-1': 153.76}",15.375,661.5830000000001,671.8330000000001,inf,765.859,765.859
680,T8,BESTEFFORT,COMPLETED,m6-1,656.97,"{'m1-1': 25.11, 'm2-1': 26.88, 'm3-1': 5.01, 'm4-1': 5.41, 'm5-1': 10.02, 'm6-1': 1.08, 'm7-1': 105.2, 'm8-1': 154.85}",1.62,656.97,658.0500000000001,inf,766.97,766.97
681,T7,BESTEFFORT,COMPLETED,m4-1,657.836,"{'m1-1': 26.79, 'm2-1': 28.18, 'm3-1': 5.04, 'm4-1': 5.58, 'm5-1': 10.88, 'm6-1': 1.02, 'm7-1': 106.16, 'm8-1': 174.25}",8.370000000000001,662.757,668.337,inf,767.836,767.836
682,T1,BESTEFFORT,COMPLETED,m6-1,659.913,"{'m1-1': 27.99, 'm2-1': 26.26, 'm3-1': 5.7, 'm4-1': 5.53, 'm5-1': 9.84, 'm6-1': 1.15, 'm7-1': 116.96, 'm8-1': 138.0}",1.7249999999999999,659.913,661.063,inf,769.913,769.913
683,T5,BESTEFFORT,COMPLETED,m3-1,659.995,"{'m1-1': 25.9, 'm2-1': 28.05, 'm3-1': 4.95, 'm4-1': 5.49, 'm5-1': 10.51, 'm6-1': 1.01, 'm7-1': 103.29, 'm8-1': 151.84}",7.425000000000001,664.3299999999998,669.2799999999999,inf,769.995,769.995
684,T3,BESTEFFORT,COMPLETED,m6-1,660.273,"{'m1-1': 26.39, 'm2-1': 25.77, 'm3-1': 5.3, 'm4-1': 5.33, 'm5-1': 10.94, 'm6-1': 0.92, 'm7-1': 118.72, 'm8-1': 150.08}",1.3800000000000001,661.063,661.983,inf,770.273,770.273
685,T5,BESTEFFORT,COMPLETED,m6-1,661.16,"{'m1-1': 23.83, 'm2-1': 24.06, 'm3-1': 5.71, 'm4-1': 5.33, 'm5-1': 9.76, 'm6-1': 0.93, 'm7-1': 108.8, 'm8-1': 162.51}",1.395,661.983,662.9129999999999,inf,771.16,771.16
686,T7,BESTEFFORT,COMPLETED,m2-1,661.488,"{'m1-1': 28.81, 'm2-1': 27.29, 'm3-1': 5.49, 'm4-1': 5.07, 'm5-1': 11.08, 'm6-1': 0.96, 'm7-1': 95.78, 'm8-1': 167.52}",40.935,687.654,714.944,inf,771.488,771.488
687,T1,BESTEFFORT,COMPLETED,m5-1,662.041,"{'m1-1': 27.89, 'm2-1': 27.41, 'm3-1': 4.9, 'm4-1': 4.98, 'm5-1': 10.04, 'm6-1': 1.14, 'm7-1': 108.53, 'm8-1': 151.44}",15.059999999999999,671.8330000000001,681.873,inf,772.041,772.041
688,T1,BESTEFFORT,COMPLETED,m6-1,663.215,"{'m1-1': 27.19, 'm2-1': 26.76, 'm3-1': 5.43, 'm4-1': 5.28, 'm5-1': 10.49, 'm6-1': 1.04, 'm7-1': 116.33, 'm8-1': 155.54}",1.56,663.215,664.255,inf,773.215,773.215
689,T2,BESTEFFORT,COMPLETED,m4-1,663.501,"{'m1-1': 25.86, 'm2-1': 25.45, 'm3-1': 5.08, 'm4-1': 5.01, 'm5-1': 10.4, 'm6-1': 1.06, 'm7-1': 105.78, 'm8-1': 160.49}",7.515,668.337,673.347,inf,773.501,773.501
690,T8,BESTEFFORT,COMPLETED,m6-1,663.952,"{'m1-1': 27.38, 'm2-1': 25.3, 'm3-1': 5.34, 'm4-1': 5.46, 'm5-1': 9.5, 'm6-1': 1.04, 'm7-1': 105.98, 'm8-1': 164.04}",1.56,664.255,665.295,inf,773.952,773.952
691,T6,BESTEFFORT,COMPLETED,m3-1,664.577,"{'m1-1': 25.41, 'm2-1': 26.51, 'm3-1': 5.62, 'm4-1': 5.01, 'm5-1': 9.92, 'm6-1': 1.07, 'm7-1': 106.6, 'm8-1': 156.6}",8.43,669.2799999999999,674.8999999999999,inf,774.577,774.577
692,T8,BESTEFFORT,COMPLETED,m6-1,665.26,"{'m1-1': 27.25, 'm2-1': 24.95, 'm3-1': 5.47, 'm4-1': 5.1, 'm5-1': 10.26, 'm6-1': 1.03, 'm7-1': 109.85, 'm8-1': 159.6}",1.545,665.295,666.3249999999999,inf,775.26,775.26
693,T1,BESTEFFORT,COMPLETED,m6-1,668.333,"{'m1-1': 23.74, 'm2-1': 26.75, 'm3-1': 5.25, 'm4-1': 5.28, 'm5-1': 9.88, 'm6-1': 1.07, 'm7-1': 108.88, 'm8-1': 158.78}",1.605,668.333,669.403,inf,778.333,778.333
694,T8,BESTEFFORT,COMPLETED,m4-1,668.525,"{'m1-1': 27.3, 'm2-1': 25.89, 'm3-1': 5.36, 'm4-1': 5.76, 'm5-1': 9.77, 'm6-1': 0.97, 'm7-1': 113.62, 'm8-1': 161.24}",8.64,673.347,679.107,inf,778.525,778.525
695,T2,BESTEFFORT,COMPLETED,m6-1,668.678,"{'m1-1': 25.07, 'm2-1': 26.71, 'm3-1': 4.98, 'm4-1': 5.7, 'm5-1': 9.89, 'm6-1': 1.07, 'm7-1': 101.12, 'm8-1': 165.96}",1.605,669.403,670.4730000000001,inf,778.678,778.678
696,T9,BESTEFFORT,COMPLETED,m3-1,669.493,"{'m1-1': 26.34, 'm2-1': 27.99, 'm3-1': 5.49, 'm4-1': 5.59, 'm5-1': 11.29, 'm6-1': 1.04, 'm7-1': 99.71, 'm8-1': 154.76}",8.235,674.8999999999999,680.3899999999999,inf,779.493,779.493
697,T7,BESTEFFORT,COMPLETED,m6-1,670.678,"{'m1-1': 26.21, 'm2-1': 26.29, 'm3-1': 5.12, 'm4-1': 5.25, 'm5-1': 11.36, 'm6-1': 1.05, 'm7-1': 93.23, 'm8-1': 156.16}",1.5750000000000002,670.678,671.728,inf,780.678,780.678
698,T6,BESTEFFORT,COMPLETED,m6-1,672.54,"{'m1-1': 26.1, 'm2-1': 24.7, 'm3-1': 5.36, 'm4-1': 5.62, 'm5-1': 10.68, 'm6-1': 0.98, 'm7-1': 112.14, 'm8-1': 157.63}",1.47,672.54,673.52,inf,782.54,782.54
699,T8,BESTEFFORT,COMPLETED,m6-1,678.258,"{'m1-1': 28.2, 'm2-1': 26.76, 'm3-1': 5.82, 'm4-1': 4.91, 'm5-1': 10.32, 'm6-1': 0.95, 'm7-1': 106.57, 'm8-1': 155.35}",1.4249999999999998,678.258,679.2080000000001,inf,788.258,788.258
700,T10,BESTEFFORT,COMPLETED,m3-1,678.329,"{'m1-1': 27.1, 'm2-1': 26.72, 'm3-1': 5.68, 'm4-1': 5.35, 'm5-1': 10.98, 'm6-1': 1.09, 'm7-1': 111.04, 'm8-1': 150.18}",8.52,680.3899999999999,686.0699999999998,inf,788.329,788.329
701,T6,BESTEFFORT,COMPLETED,m4-1,678.689,"{'m1-1': 26.33, 'm2-1': 26.68, 'm3-1': 5.2, 'm4-1': 5.76, 'm5-1': 11.14, 'm6-1': 0.97, 'm7-1': 103.15, 'm8-1': 144.52}",8.64,679.107,684.867,inf,788.689,788.689
702,T1,BESTEFFORT,COMPLETED,m5-1,678.767,"{'m1-1': 24.18, 'm2-1': 26.91, 'm3-1': 5.28, 'm4-1': 4.93, 'm5-1': 10.18, 'm6-1': 1.02, 'm7-1': 115.6, 'm8-1': 147.58}",15.27,681.873,692.053,inf,788.767,788.767
703,T10,BESTEFFORT,COMPLETED,m6-1,679.345,"{'m1-1': 24.77, 'm2-1': 27.54, 'm3-1': 5.89, 'm4-1': 5.08, 'm5-1': 11.45, 'm6-1': 0.95, 'm7-1': 100.28, 'm8-1': 148.6}",1.4249999999999998,679.345,680.2950000000001,inf,789.345,789.345
704,T3,BESTEFFORT,COMPLETED,m6-1,680.314,"{'m1-1': 24.98, 'm2-1': 24.74, 'm3-1': 4.96, 'm4-1': 4.86, 'm5-1': 10.96, 'm6-1': 0.94, 'm7-1': 108.97, 'm8-1': 151.08}",1.41,680.314,681.254,inf,790.314,790.314
705,T1,BESTEFFORT,COMPLETED,m1-1,680.419,"{'m1-1': 25.4, 'm2-1': 26.75, 'm3-1': 5.16, 'm4-1': 4.9, 'm5-1': 9.85, 'm6-1': 1.0, 'm7-1': 116.82, 'm8-1': 145.58}",38.099999999999994,709.116,734.516,inf,790.419,790.419
706,T7,BESTEFFORT,COMPLETED,m3-1,680.421,"{'m1-1': 25.35, 'm2-1': 26.43, 'm3-1': 5.71, 'm4-1': 5.26, 'm5-1': 10.45, 'm6-1': 1.07, 'm7-1': 96.6, 'm8-1': 156.22}",8.565,686.0699999999998,691.7799999999999,inf,790.421,790.421
707,T8,BESTEFFORT,COMPLETED,m4-1,681.136,"{'m1-1': 25.92, 'm2-1': 24.54, 'm3-1': 5.31, 'm4-1': 5.47, 'm5-1': 10.36, 'm6-1': 0.97, 'm7-1': 105.52, 'm8-1': 151.32}",8.205,684.867,690.337,inf,791.136,791.136
708,T4,BESTEFFORT,COMPLETED,m6-1,682.79,"{'m1-1': 28.84, 'm2-1': 26.44, 'm3-1': 5.71, 'm4-1': 5.79, 'm5-1': 11.32, 'm6-1': 1.08, 'm7-1': 105.14, 'm8-1': 161.97}",1.62,682.79,683.87,inf,792.79,792.79
709,T7,BESTEFFORT,COMPLETED,m6-1,684.104,"{'m1-1': 26.36, 'm2-1': 25.82, 'm3-1': 5.25, 'm4-1': 5.6, 'm5-1': 10.79, 'm6-1': 1.06, 'm7-1': 109.31, 'm8-1': 151.6}",1.59,684.104,685.164,inf,794.104,794.104
710,T9,BESTEFFORT,COMPLETED,m6-1,685.182,"{'m1-1': 25.8, 'm2-1': 26.68, 'm3-1': 5.65, 'm4-1': 5.2, 'm5-1': 10.14, 'm6-1': 0.97, 'm7-1': 102.38, 'm8-1': 145.23}",1.455,685.182,686.152,inf,795.182,795.182
711,T6,BESTEFFORT,COMPLETED,m4-1,685.596,"{'m1-1': 29.11, 'm2-1': 26.9, 'm3-1': 5.53, 'm4-1': 5.4, 'm5-1': 10.58, 'm6-1': 1.05, 'm7-1': 102.37, 'm8-1': 156.18}",8.100000000000001,690.337,695.737,inf,795.596,795.596
712,T6,BESTEFFORT,COMPLETED,m5-1,685.872,"{'m1-1': 27.85, 'm2-1': 24.51, 'm3-1': 5.16, 'm4-1': 5.03, 'm5-1': 10.69, 'm6-1': 1.0, 'm7-1': 113.78, 'm8-1': 154.24}",16.035,692.053,702.743,inf,795.872,795.872
713,T6,BESTEFFORT,COMPLETED,m6-1,686.405,"{'m1-1': 26.33, 'm2-1': 27.73, 'm3-1': 5.2, 'm4-1': 5.5, 'm5-1': 10.46, 'm6-1': 1.05, 'm7-1': 103.32, 'm8-1': 167.6}",1.5750000000000002,686.405,687.4549999999999,inf,796.405,796.405
714,T3,BESTEFFORT,COMPLETED,m3-1,686.462,"{'m1-1': 28.05, 'm2-1': 24.97, 'm3-1': 4.9, 'm4-1': 4.93, 'm5-1': 9.6, 'm6-1': 1.01, 'm7-1': 116.16, 'm8-1': 146.01}",7.3500000000000005,691.7799999999999,696.6799999999998,inf,796.462,796.462
715,T5,BESTEFFORT,COMPLETED,m6-1,687.965,"{'m1-1': 24.88, 'm2-1': 25.39, 'm3-1': 5.37, 'm4-1': 4.97, 'm5-1': 10.22, 'm6-1': 1.06, 'm7-1': 103.8, 'm8-1': 159.81}",1.59,687.965,689.025,inf,797.965,797.965
716,T9,BESTEFFORT,COMPLETED,m2-1,688.162,"{'m1-1': 25.02, 'm2-1': 28.84, 'm3-1': 5.43, 'm4-1': 5.41, 'm5-1': 10.49, 'm6-1': 1.02, 'm7-1': 106.0, 'm8-1': 157.7}",43.26,714.944,743.784,inf,798.162,798.162
717,T3,BESTEFFORT,COMPLETED,m6-1,690.045,"{'m1-1': 28.03, 'm2-1': 25.27, 'm3-1': 4.87, 'm4-1': 5.58, 'm5-1': 9.61, 'm6-1': 0.94, 'm7-1': 112.19, 'm8-1': 164.51}",1.41,690.045,690.985,inf,800.045,800.045
718,T7,BESTEFFORT,COMPLETED,m4-1,690.86,"{'m1-1': 28.64, 'm2-1': 26.29, 'm3-1': 5.0, 'm4-1': 4.87, 'm5-1': 11.55, 'm6-1': 1.06, 'm7-1': 107.78, 'm8-1': 148.58}",7.305,695.737,700.607,inf,800.86,800.86
719,T9,BESTEFFORT,COMPLETED,m6-1,691.276,"{'m1-1': 24.12, 'm2-1': 27.24, 'm3-1': 5.79, 'm4-1': 5.47, 'm5-1': 10.21, 'm6-1': 1.03, 'm7-1': 107.99, 'm8-1': 146.04}",1.545,691.276,692.3059999999999,inf,801.276,801.276
720,T3,BESTEFFORT,COMPLETED,m3-1,691.927,"{'m1-1': 28.59, 'm2-1': 24.08, 'm3-1': 5.31, 'm4-1': 5.58, 'm5-1': 9.99, 'm6-1': 1.02, 'm7-1': 118.59, 'm8-1': 155.1}",7.965,696.6799999999998,701.9899999999998,inf,801.927,801.927
721,T2,BESTEFFORT,COMPLETED,m6-1,694.022,"{'m1-1': 25.8, 'm2-1': 24.44, 'm3-1': 5.35, 'm4-1': 5.46, 'm5-1': 9.74, 'm6-1': 1.09, 'm7-1': 105.7, 'm8-1': 162.59}",1.6350000000000002,694.022,695.1120000000001,inf,804.022,804.022
722,T5,BESTEFFORT,COMPLETED,m5-1,694.353,"{'m1-1': 26.05, 'm2-1': 25.76, 'm3-1': 5.15, 'm4-1': 5.22, 'm5-1': 10.27, 'm6-1': 1.02, 'm7-1': 104.13, 'm8-1': 170.24}",15.405,702.743,713.013,inf,804.353,804.353
723,T8,BESTEFFORT,COMPLETED,m6-1,695.399,"{'m1-1': 27.33, 'm2-1': 26.78, 'm3-1': 5.26, 'm4-1': 5.15, 'm5-1': 9.56, 'm6-1': 1.06, 'm7-1': 102.19, 'm8-1': 159.56}",1.59,695.399,696.459,inf,805.399,805.399
724,T4,BESTEFFORT,COMPLETED,m6-1,696.914,"{'m1-1': 24.73, 'm2-1': 27.27, 'm3-1': 5.41, 'm4-1': 4.92, 'm5-1': 11.23, 'm6-1': 1.08, 'm7-1': 111.92, 'm8-1': 152.23}",1.62,696.914,697.994,inf,806.914,806.914
725,T5,BESTEFFORT,COMPLETED,m6-1,698.449,"{'m1-1': 26.24, 'm2-1': 26.47, 'm3-1': 5.66, 'm4-1': 5.0, 'm5-1': 10.01, 'm6-1': 0.97, 'm7-1': 103.48, 'm8-1': 158.96}",1.455,698.449,699.419,inf,808.449,808.449
726,T9,BESTEFFORT,COMPLETED,m3-1,698.889,"{'m1-1': 26.26, 'm2-1': 27.75, 'm3-1': 5.14, 'm4-1': 5.22, 'm5-1': 10.94, 'm6-1': 1.03, 'm7-1': 109.93, 'm8-1': 157.5}",7.709999999999999,701.9899999999998,707.1299999999998,inf,808.889,808.889
727,T7,BESTEFFORT,COMPLETED,m6-1,699.949,"{'m1-1': 27.22, 'm2-1': 25.59, 'm3-1': 5.23, 'm4-1': 4.91, 'm5-1': 11.06, 'm6-1': 1.02, 'm7-1': 101.3, 'm8-1': 153.88}",1.53,699.949,700.9689999999999,inf,809.949,809.949
728,T9,BESTEFFORT,COMPLETED,m4-1,700.423,"{'m1-1': 28.36, 'm2-1': 27.75, 'm3-1': 5.85, 'm4-1': 5.24, 'm5-1': 9.75, 'm6-1': 0.97, 'm7-1': 107.52, 'm8-1': 157.4}",7.86,700.607,705.847,inf,810.423,810.423
729,T3,BESTEFFORT,COMPLETED,m6-1,701.085,"{'m1-1': 26.68, 'm2-1': 25.83, 'm3-1': 5.66, 'm4-1': 5.12, 'm5-1': 9.74, 'm6-1': 1.07, 'm7-1': 106.48, 'm8-1': 141.17}",1.605,701.085,702.1550000000001,inf,811.085,811.085
730,T4,BESTEFFORT,COMPLETED,m4-1,701.234,"{'m1-1': 28.18, 'm2-1': 26.2, 'm3-1': 5.51, 'm4-1': 4.95, 'm5-1': 10.21, 'm6-1': 1.04, 'm7-1': 98.92, 'm8-1': 153.04}",7.425000000000001,705.847,710.797,inf,811.234,811.234
731,T4,BESTEFFORT,COMPLETED,m6-1,701.367,"{'m1-1': 24.58, 'm2-1': 27.98, 'm3-1': 5.77, 'm4-1': 4.95, 'm5-1': 11.05, 'm6-1': 1.0, 'm7-1': 101.37, 'm8-1': 148.06}",1.5,702.1550000000001,703.1550000000001,inf,811.367,811.367
732,T9,BESTEFFORT,COMPLETED,m3-1,702.078,"{'m1-1': 25.02, 'm2-1': 28.58, 'm3-1': 5.71, 'm4-1': 4.93, 'm5-1': 11.21, 'm6-1': 1.08, 'm7-1': 112.55, 'm8-1': 167.85}",8.565,707.1299999999998,712.8399999999998,inf,812.078,812.078
733,T1,BESTEFFORT,COMPLETED,m6-1,703.473,"{'m1-1': 27.28, 'm2-1': 26.25, 'm3-1': 5.06, 'm4-1': 5.36, 'm5-1': 10.26, 'm6-1': 1.07, 'm7-1': 110.86, 'm8-1': 151.95}",1.605,703.473,704.543,inf,813.473,813.473
734,T10,BESTEFFORT,COMPLETED,m5-1,704.167,"{'m1-1': 26.86, 'm2-1': 26.38, 'm3-1': 5.2, 'm4-1': 5.17, 'm5-1': 10.91, 'm6-1': 1.01, 'm7-1': 107.08, 'm8-1': 160.41}",16.365000000000002,713.013,723.923,inf,814.167,814.167
735,T8,BESTEFFORT,COMPLETED,m6-1,707.964,"{'m1-1': 27.25, 'm2-1': 24.92, 'm3-1': 5.5, 'm4-1': 5.81, 'm5-1': 9.76, 'm6-1': 1.0, 'm7-1': 107.36, 'm8-1': 155.26}",1.5,707.964,708.964,inf,817.964,817.964
736,T1,BESTEFFORT,COMPLETED,m3-1,708.275,"{'m1-1': 26.52, 'm2-1': 23.38, 'm3-1': 5.66, 'm4-1': 5.06, 'm5-1': 10.25, 'm6-1': 1.02, 'm7-1': 104.32, 'm8-1': 141.06}",8.49,712.8399999999998,718.4999999999998,inf,818.275,818.275
737,T9,BESTEFFORT,COMPLETED,m4-1,708.5,"{'m1-1': 24.14, 'm2-1': 29.22, 'm3-1': 5.71, 'm4-1': 4.98, 'm5-1': 11.08, 'm6-1': 1.1, 'm7-1': 106.24, 'm8-1': 146.85}",7.470000000000001,710.797,715.777,inf,818.5,818.5
738,T10,BESTEFFORT,COMPLETED,m6-1,708.741,"{'m1-1': 27.42, 'm2-1': 25.08, 'm3-1': 5.64, 'm4-1': 4.94, 'm5-1': 11.16, 'm6-1': 0.98, 'm7-1': 106.06, 'm8-1': 142.93}",1.47,708.964,709.9440000000001,inf,818.741,818.741
739,T4,BESTEFFORT,COMPLETED,m6-1,710.053,"{'m1-1': 26.98, 'm2-1': 27.79, 'm3-1': 5.44, 'm4-1': 5.12, 'm5-1': 10.66, 'm6-1': 1.07, 'm7-1': 104.02, 'm8-1': 164.48}",1.605,710.053,711.123,inf,820.053,820.053
740,T1,BESTEFFORT,COMPLETED,m1-1,711.085,"{'m1-1': 24.79, 'm2-1': 24.43, 'm3-1': 5.69, 'm4-1': 5.6, 'm5-1': 9.99, 'm6-1': 1.04, 'm7-1': 107.23, 'm8-1': 160.42}",37.185,734.516,759.3059999999999,inf,821.085,821.085
741,T2,BESTEFFORT,COMPLETED,m6-1,712.395,"{'m1-1': 27.37, 'm2-1': 23.9, 'm3-1': 5.55, 'm4-1': 5.47, 'm5-1': 9.88, 'm6-1': 1.06, 'm7-1': 111.24, 'm8-1': 165.32}",1.59,712.395,713.4549999999999,inf,822.395,822.395
742,T8,BESTEFFORT,COMPLETED,m4-1,712.583,"{'m1-1': 29.29, 'm2-1': 23.84, 'm3-1': 5.39, 'm4-1': 4.91, 'm5-1': 11.16, 'm6-1': 1.03, 'm7-1': 100.44, 'm8-1': 159.39}",7.365,715.777,720.687,inf,822.583,822.583
743,T8,BESTEFFORT,COMPLETED,m6-1,714.823,"{'m1-1': 26.14, 'm2-1': 24.88, 'm3-1': 5.32, 'm4-1': 5.76, 'm5-1': 11.19, 'm6-1': 1.03, 'm7-1': 114.45, 'm8-1': 163.2}",1.545,714.823,715.853,inf,824.823,824.823
744,T7,BESTEFFORT,COMPLETED,m2-1,715.533,"{'m1-1': 29.27, 'm2-1': 26.77, 'm3-1': 5.54, 'm4-1': 5.35, 'm5-1': 10.87, 'm6-1': 0.96, 'm7-1': 102.94, 'm8-1': 162.6}",40.155,743.784,770.554,inf,825.533,825.533
745,T3,BESTEFFORT,COMPLETED,m3-1,715.575,"{'m1-1': 25.65, 'm2-1': 26.33, 'm3-1': 5.42, 'm4-1': 5.3, 'm5-1': 10.92, 'm6-1': 1.07, 'm7-1': 102.14, 'm8-1': 163.44}",8.129999999999999,718.4999999999998,723.9199999999997,inf,825.575,825.575
746,T10,BESTEFFORT,COMPLETED,m6-1,717.458,"{'m1-1': 29.26, 'm2-1': 24.94, 'm3-1': 5.53, 'm4-1': 4.76, 'm5-1': 10.16, 'm6-1': 0.96, 'm7-1': 116.03, 'm8-1': 154.94}",1.44,717.458,718.418,inf,827.458,827.458
747,T1,BESTEFFORT,COMPLETED,m4-1,718.011,"{'m1-1': 27.91, 'm2-1': 26.66, 'm3-1': 5.18, 'm4-1': 5.27, 'm5-1': 9.89, 'm6-1': 1.01, 'm7-1': 110.05, 'm8-1': 163.08}",7.904999999999999,720.687,725.957,inf,828.011,828.011
748,T8,BESTEFFORT,COMPLETED,m6-1,719.067,"{'m1-1': 27.47, 'm2-1': 23.82, 'm3-1': 5.36, 'm4-1': 5.18, 'm5-1': 9.62, 'm6-1': 0.96, 'm7-1': 115.42, 'm8-1': 153.15}",1.44,719.067,720.027,inf,829.067,829.067
749,T7,BESTEFFORT,COMPLETED,m3-1,719.218,"{'m1-1': 25.58, 'm2-1': 26.6, 'm3-1': 5.22, 'm4-1': 5.35, 'm5-1': 10.14, 'm6-1': 1.01, 'm7-1': 101.64, 'm8-1': 175.2}",7.83,723.9199999999997,729.1399999999998,inf,829.218,829.218
750,T8,BESTEFFORT,COMPLETED,m6-1,721.619,"{'m1-1': 25.24, 'm2-1': 24.43, 'm3-1': 5.86, 'm4-1': 5.73, 'm5-1': 10.12, 'm6-1': 0.98, 'm7-1': 115.83, 'm8-1': 156.75}",1.47,721.619,722.599,inf,831.619,831.619
751,T6,BESTEFFORT,COMPLETED,m6-1,722.702,"{'m1-1': 28.12, 'm2-1': 24.94, 'm3-1': 5.55, 'm4-1': 5.16, 'm5-1': 10.18, 'm6-1': 0.92, 'm7-1': 110.19, 'm8-1': 167.74}",1.3800000000000001,722.702,723.622,inf,832.702,832.702
752,T8,BESTEFFORT,COMPLETED,m4-1,726.046,"{'m1-1': 26.05, 'm2-1': 27.58, 'm3-1': 5.54, 'm4-1': 5.37, 'm5-1': 11.03, 'm6-1': 0.96, 'm7-1': 111.4, 'm8-1': 161.82}",8.055,726.046,731.416,inf,836.046,836.046
753,T10,BESTEFFORT,COMPLETED,m5-1,726.295,"{'m1-1': 27.72, 'm2-1': 24.48, 'm3-1': 5.23, 'm4-1': 5.21, 'm5-1': 10.59, 'm6-1': 0.98, 'm7-1': 113.75, 'm8-1': 146.69}",15.885,726.295,736.885,inf,836.295,836.295
754,T9,BESTEFFORT,COMPLETED,m6-1,727.306,"{'m1-1': 24.91, 'm2-1': 27.2, 'm3-1': 5.19, 'm4-1': 5.59, 'm5-1': 10.66, 'm6-1': 1.02, 'm7-1': 104.66, 'm8-1': 148.86}",1.53,727.306,728.326,inf,837.306,837.306
755,T4,BESTEFFORT,MISSED,m7-1,727.725,"{'m1-1': 28.24, 'm2-1': 24.82, 'm3-1': 5.6, 'm4-1': 5.01, 'm5-1': 10.79, 'm6-1': 1.11, 'm7-1': 114.87, 'm8-1': 159.14}",165.0,727.725,inf,837.725,837.725,837.725
756,T8,BESTEFFORT,COMPLETED,m3-1,728.084,"{'m1-1': 27.89, 'm2-1': 27.99, 'm3-1': 5.8, 'm4-1': 5.65, 'm5-1': 9.62, 'm6-1': 1.08, 'm7-1': 114.51, 'm8-1': 155.76}",8.7,729.1399999999998,734.9399999999997,inf,838.084,838.084
757,T3,BESTEFFORT,COMPLETED,m6-1,728.535,"{'m1-1': 27.04, 'm2-1': 25.7, 'm3-1': 5.18, 'm4-1': 5.24, 'm5-1': 9.46, 'm6-1': 1.08, 'm7-1': 117.29, 'm8-1': 164.62}",1.62,728.535,729.615,inf,838.535,838.535
758,T8,BESTEFFORT,COMPLETED,m4-1,729.038,"{'m1-1': 28.45, 'm2-1': 28.11, 'm3-1': 5.16, 'm4-1': 5.57, 'm5-1': 11.11, 'm6-1': 1.05, 'm7-1': 102.24, 'm8-1': 164.57}",8.355,731.416,736.9860000000001,inf,839.038,839.038
759,T9,BESTEFFORT,COMPLETED,m6-1,729.936,"{'m1-1': 28.22, 'm2-1': 25.67, 'm3-1': 5.03, 'm4-1': 4.94, 'm5-1': 9.83, 'm6-1': 1.02, 'm7-1': 105.13, 'm8-1': 144.05}",1.53,729.936,730.956,inf,839.936,839.936
760,T8,BESTEFFORT,COMPLETED,m3-1,730.714,"{'m1-1': 29.06, 'm2-1': 24.43, 'm3-1': 5.34, 'm4-1': 5.28, 'm5-1': 10.19, 'm6-1': 1.08, 'm7-1': 103.73, 'm8-1': 158.5}",8.01,734.9399999999997,740.2799999999997,inf,840.714,840.714
761,T5,BESTEFFORT,COMPLETED,m6-1,732.596,"{'m1-1': 27.26, 'm2-1': 28.47, 'm3-1': 5.31, 'm4-1': 5.24, 'm5-1': 11.23, 'm6-1': 0.99, 'm7-1': 99.92, 'm8-1': 161.36}",1.4849999999999999,732.596,733.586,inf,842.596,842.596
762,T5,BESTEFFORT,COMPLETED,m4-1,732.695,"{'m1-1': 27.16, 'm2-1': 24.56, 'm3-1': 5.46, 'm4-1': 5.12, 'm5-1': 9.67, 'm6-1': 1.01, 'm7-1': 107.4, 'm8-1': 157.16}",7.68,736.9860000000001,742.1060000000001,inf,842.695,842.695
763,T7,BESTEFFORT,COMPLETED,m5-1,733.046,"{'m1-1': 28.5, 'm2-1': 26.17, 'm3-1': 5.68, 'm4-1': 5.5, 'm5-1': 10.53, 'm6-1': 1.02, 'm7-1': 99.56, 'm8-1': 159.37}",15.794999999999998,736.885,747.415,inf,843.046,843.046
764,T5,BESTEFFORT,COMPLETED,m6-1,733.729,"{'m1-1': 23.58, 'm2-1': 25.98, 'm3-1': 5.19, 'm4-1': 5.41, 'm5-1': 9.95, 'm6-1': 0.94, 'm7-1': 99.68, 'm8-1': 171.15}",1.41,733.729,734.6690000000001,inf,843.729,843.729
765,T7,BESTEFFORT,COMPLETED,m6-1,733.875,"{'m1-1': 29.32, 'm2-1': 27.93, 'm3-1': 5.78, 'm4-1': 4.95, 'm5-1': 10.21, 'm6-1': 1.07, 'm7-1': 110.32, 'm8-1': 174.91}",1.605,734.6690000000001,735.7390000000001,inf,843.875,843.875
766,T7,BESTEFFORT,COMPLETED,m1-1,735.452,"{'m1-1': 25.87, 'm2-1': 24.79, 'm3-1': 5.04, 'm4-1': 4.76, 'm5-1': 10.49, 'm6-1': 1.01, 'm7-1': 97.0, 'm8-1': 155.36}",38.805,759.3059999999999,785.1759999999999,inf,845.452,845.452
767,T3,BESTEFFORT,COMPLETED,m3-1,735.597,"{'m1-1': 26.85, 'm2-1': 23.32, 'm3-1': 5.6, 'm4-1': 4.82, 'm5-1': 10.17, 'm6-1': 0.92, 'm7-1': 117.68, 'm8-1': 158.54}",8.399999999999999,740.2799999999997,745.8799999999998,inf,845.597,845.597
768,T3,BESTEFFORT,COMPLETED,m6-1,736.223,"{'m1-1': 28.65, 'm2-1': 27.59, 'm3-1': 5.24, 'm4-1': 5.15, 'm5-1': 9.38, 'm6-1': 1.02, 'm7-1': 106.71, 'm8-1': 140.79}",1.53,736.223,737.2429999999999,inf,846.223,846.223
769,T5,BESTEFFORT,COMPLETED,m6-1,739.002,"{'m1-1': 23.88, 'm2-1': 24.4, 'm3-1': 5.37, 'm4-1': 5.22, 'm5-1': 10.23, 'm6-1': 1.06, 'm7-1': 102.2, 'm8-1': 154.22}",1.59,739.002,740.0619999999999,inf,849.002,849.002
770,T10,BESTEFFORT,COMPLETED,m4-1,742.119,"{'m1-1': 28.62, 'm2-1': 25.01, 'm3-1': 5.72, 'm4-1': 4.78, 'm5-1': 10.82, 'm6-1': 1.03, 'm7-1': 104.67, 'm8-1': 148.83}",7.17,742.119,746.899,inf,852.119,852.119
771,T3,BESTEFFORT,COMPLETED,m6-1,742.461,"{'m1-1': 24.82, 'm2-1': 25.32, 'm3-1': 4.99, 'm4-1': 4.76, 'm5-1': 9.81, 'm6-1': 1.08, 'm7-1': 115.88, 'm8-1': 149.02}",1.62,742.461,743.541,inf,852.461,852.461
772,T7,BESTEFFORT,COMPLETED,m3-1,742.682,"{'m1-1': 25.62, 'm2-1': 24.15, 'm3-1': 5.5, 'm4-1': 5.36, 'm5-1': 11.48, 'm6-1': 0.93, 'm7-1': 100.18, 'm8-1': 148.7}",8.25,745.8799999999998,751.3799999999998,inf,852.682,852.682
773,T5,BESTEFFORT,COMPLETED,m4-1,743.112,"{'m1-1': 26.41, 'm2-1': 24.63, 'm3-1': 5.19, 'm4-1': 5.46, 'm5-1': 10.46, 'm6-1': 1.04, 'm7-1': 108.66, 'm8-1': 171.44}",8.19,746.899,752.359,inf,853.112,853.112
774,T8,BESTEFFORT,COMPLETED,m6-1,744.471,"{'m1-1': 27.22, 'm2-1': 24.14, 'm3-1': 5.1, 'm4-1': 5.52, 'm5-1': 11.29, 'm6-1': 1.02, 'm7-1': 110.28, 'm8-1': 156.12}",1.53,744.471,745.491,inf,854.471,854.471
775,T2,BESTEFFORT,COMPLETED,m2-1,744.718,"{'m1-1': 24.3, 'm2-1': 25.84, 'm3-1': 5.55, 'm4-1': 5.06, 'm5-1': 9.97, 'm6-1': 1.09, 'm7-1': 98.31, 'm8-1': 158.03}",38.76,770.554,796.394,inf,854.718,854.718
776,T4,BESTEFFORT,COMPLETED,m6-1,746.648,"{'m1-1': 28.39, 'm2-1': 26.67, 'm3-1': 5.56, 'm4-1': 5.37, 'm5-1': 11.08, 'm6-1': 1.07, 'm7-1': 113.86, 'm8-1': 166.13}",1.605,746.648,747.7180000000001,inf,856.648,856.648
777,T10,BESTEFFORT,COMPLETED,m5-1,747.619,"{'m1-1': 28.58, 'm2-1': 27.07, 'm3-1': 5.66, 'm4-1': 5.11, 'm5-1': 11.09, 'm6-1': 1.08, 'm7-1': 103.08, 'm8-1': 143.12}",16.634999999999998,747.619,758.7090000000001,inf,857.619,857.619
778,T7,BESTEFFORT,COMPLETED,m6-1,748.753,"{'m1-1': 24.86, 'm2-1': 26.13, 'm3-1': 5.54, 'm4-1': 4.92, 'm5-1': 10.4, 'm6-1': 1.08, 'm7-1': 100.31, 'm8-1': 151.49}",1.62,748.753,749.8330000000001,inf,858.753,858.753
779,T1,BESTEFFORT,COMPLETED,m3-1,749.136,"{'m1-1': 25.7, 'm2-1': 27.15, 'm3-1': 5.17, 'm4-1': 5.26, 'm5-1': 10.13, 'm6-1': 1.0, 'm7-1': 118.22, 'm8-1': 155.1}",7.755,751.3799999999998,756.5499999999997,inf,859.136,859.136
780,T5,BESTEFFORT,COMPLETED,m6-1,752.033,"{'m1-1': 24.8, 'm2-1': 27.1, 'm3-1': 4.91, 'm4-1': 5.61, 'm5-1': 10.19, 'm6-1': 0.98, 'm7-1': 96.89, 'm8-1': 174.89}",1.47,752.033,753.013,inf,862.033,862.033
781,T4,BESTEFFORT,COMPLETED,m4-1,753.406,"{'m1-1': 26.86, 'm2-1': 25.8, 'm3-1': 5.66, 'm4-1': 5.77, 'm5-1': 10.54, 'm6-1': 0.99, 'm7-1': 104.46, 'm8-1': 159.36}",8.655,753.406,759.1759999999999,inf,863.406,863.406
782,T3,BESTEFFORT,COMPLETED,m6-1,755.179,"{'m1-1': 25.21, 'm2-1': 25.94, 'm3-1': 5.55, 'm4-1': 5.29, 'm5-1': 10.93, 'm6-1': 0.92, 'm7-1': 104.76, 'm8-1': 154.77}",1.3800000000000001,755.179,756.0989999999999,inf,865.179,865.179
783,T5,BESTEFFORT,COMPLETED,m3-1,759.476,"{'m1-1': 24.23, 'm2-1': 24.55, 'm3-1': 5.14, 'm4-1': 5.46, 'm5-1': 9.7, 'm6-1': 0.97, 'm7-1': 109.78, 'm8-1': 151.33}",7.709999999999999,759.476,764.616,inf,869.476,869.476
784,T4,BESTEFFORT,COMPLETED,m4-1,761.798,"{'m1-1': 27.61, 'm2-1': 26.07, 'm3-1': 5.88, 'm4-1': 5.57, 'm5-1': 11.67, 'm6-1': 1.07, 'm7-1': 99.1, 'm8-1': 164.95}",8.355,761.798,767.368,inf,871.798,871.798
785,T6,BESTEFFORT,COMPLETED,m5-1,762.698,"{'m1-1': 27.71, 'm2-1': 23.99, 'm3-1': 5.91, 'm4-1': 5.43, 'm5-1': 10.15, 'm6-1': 0.99, 'm7-1': 108.92, 'm8-1': 155.91}",15.225000000000001,762.698,772.848,inf,872.698,872.698
786,T2,BESTEFFORT,COMPLETED,m6-1,762.903,"{'m1-1': 26.98, 'm2-1': 26.52, 'm3-1': 5.02, 'm4-1': 5.57, 'm5-1': 9.65, 'm6-1': 0.98, 'm7-1': 98.75, 'm8-1': 146.32}",1.47,762.903,763.883,inf,872.903,872.903
787,T6,BESTEFFORT,MISSED,m8-1,763.241,"{'m1-1': 26.82, 'm2-1': 27.54, 'm3-1': 5.08, 'm4-1': 5.2, 'm5-1': 9.78, 'm6-1': 0.98, 'm7-1': 111.3, 'm8-1': 149.23}",165.0,763.241,inf,873.241,873.241,873.241
788,T8,BESTEFFORT,COMPLETED,m6-1,763.99,"{'m1-1': 25.9, 'm2-1': 25.32, 'm3-1': 5.46, 'm4-1': 5.64, 'm5-1': 10.99, 'm6-1': 0.95, 'm7-1': 102.18, 'm8-1': 154.51}",1.4249999999999998,763.99,764.94,inf,873.99,873.99
789,T4,BESTEFFORT,COMPLETED,m1-1,764.195,"{'m1-1': 26.02, 'm2-1': 24.33, 'm3-1': 5.62, 'm4-1': 5.15, 'm5-1': 10.81, 'm6-1': 1.0, 'm7-1': 104.39, 'm8-1': 172.0}",39.03,785.1759999999999,811.1959999999999,inf,874.195,874.195
790,T6,BESTEFFORT,COMPLETED,m3-1,764.818,"{'m1-1': 27.04, 'm2-1': 24.01, 'm3-1': 5.68, 'm4-1': 4.99, 'm5-1': 9.94, 'm6-1': 1.05, 'm7-1': 110.88, 'm8-1': 151.36}",8.52,764.818,770.4979999999999,inf,874.818,874.818
791,T5,BESTEFFORT,COMPLETED,m6-1,766.567,"{'m1-1': 24.33, 'm2-1': 27.5, 'm3-1': 5.16, 'm4-1': 5.42, 'm5-1': 10.26, 'm6-1': 0.98, 'm7-1': 95.71, 'm8-1': 166.99}",1.47,766.567,767.547,inf,876.567,876.567
792,T4,BESTEFFORT,COMPLETED,m3-1,767.19,"{'m1-1': 28.25, 'm2-1': 25.12, 'm3-1': 5.16, 'm4-1': 5.01, 'm5-1': 10.59, 'm6-1': 0.98, 'm7-1': 101.17, 'm8-1': 170.73}",7.74,770.4979999999999,775.6579999999999,inf,877.19,877.19
793,T2,BESTEFFORT,COMPLETED,m4-1,767.307,"{'m1-1': 26.59, 'm2-1': 24.88, 'm3-1': 5.1, 'm4-1': 5.7, 'm5-1': 10.14, 'm6-1': 1.03, 'm7-1': 108.33, 'm8-1': 170.7}",8.55,767.368,773.0680000000001,inf,877.307,877.307
794,T10,BESTEFFORT,COMPLETED,m6-1,768.687,"{'m1-1': 26.73, 'm2-1': 25.53, 'm3-1': 5.48, 'm4-1': 4.88, 'm5-1': 9.77, 'm6-1': 0.99, 'm7-1': 110.07, 'm8-1': 149.82}",1.4849999999999999,768.687,769.677,inf,878.687,878.687
795,T9,BESTEFFORT,COMPLETED,m6-1,770.155,"{'m1-1': 25.42, 'm2-1': 26.93, 'm3-1': 5.72, 'm4-1': 4.92, 'm5-1': 10.78, 'm6-1': 1.01, 'm7-1': 110.23, 'm8-1': 158.42}",1.5150000000000001,770.155,771.165,inf,880.155,880.155
796,T3,BESTEFFORT,COMPLETED,m6-1,771.559,"{'m1-1': 26.06, 'm2-1': 27.16, 'm3-1': 5.11, 'm4-1': 5.38, 'm5-1': 9.42, 'm6-1': 1.07, 'm7-1': 106.5, 'm8-1': 154.18}",1.605,771.559,772.629,inf,881.559,881.559
797,T10,BESTEFFORT,COMPLETED,m4-1,775.193,"{'m1-1': 28.72, 'm2-1': 26.13, 'm3-1': 5.39, 'm4-1': 4.68, 'm5-1': 10.09, 'm6-1': 1.09, 'm7-1': 102.69, 'm8-1': 145.47}",7.02,775.193,779.8729999999999,inf,885.193,885.193
798,T9,BESTEFFORT,COMPLETED,m3-1,776.16,"{'m1-1': 26.72, 'm2-1': 29.47, 'm3-1': 5.67, 'm4-1': 4.89, 'm5-1': 10.62, 'm6-1': 1.06, 'm7-1': 109.05, 'm8-1': 166.38}",8.504999999999999,776.16,781.8299999999999,inf,886.16,886.16
799,T8,BESTEFFORT,COMPLETED,m5-1,777.297,"{'m1-1': 27.35, 'm2-1': 24.47, 'm3-1': 5.69, 'm4-1': 4.92, 'm5-1': 9.6, 'm6-1': 0.97, 'm7-1': 100.35, 'm8-1': 144.87}",14.399999999999999,777.297,786.897,inf,887.297,887.297
800,T5,BESTEFFORT,COMPLETED,m6-1,777.487,"{'m1-1': 23.6, 'm2-1': 25.57, 'm3-1': 5.61, 'm4-1': 5.31, 'm5-1': 10.64, 'm6-1': 1.04, 'm7-1': 108.93, 'm8-1': 162.79}",1.56,777.487,778.5269999999999,inf,887.487,887.487
801,T10,BESTEFFORT,COMPLETED,m2-1,778.2,"{'m1-1': 27.19, 'm2-1': 27.26, 'm3-1': 5.78, 'm4-1': 5.19, 'm5-1': 10.86, 'm6-1': 0.97, 'm7-1': 101.28, 'm8-1': 141.48}",40.89,796.394,823.654,inf,888.2,888.2
802,T8,BESTEFFORT,COMPLETED,m3-1,778.461,"{'m1-1': 26.69, 'm2-1': 27.8, 'm3-1': 5.18, 'm4-1': 5.08, 'm5-1': 9.69, 'm6-1': 1.06, 'm7-1': 103.13, 'm8-1': 156.45}",7.77,781.8299999999999,787.0099999999999,inf,888.461,888.461
803,T2,BESTEFFORT,COMPLETED,m6-1,779.131,"{'m1-1': 27.03, 'm2-1': 26.39, 'm3-1': 5.75, 'm4-1': 5.55, 'm5-1': 9.61, 'm6-1': 1.12, 'm7-1': 102.92, 'm8-1': 168.09}",1.6800000000000002,779.131,780.251,inf,889.131,889.131
804,T3,BESTEFFORT,COMPLETED,m4-1,780.398,"{'m1-1': 29.21, 'm2-1': 26.98, 'm3-1': 5.3, 'm4-1': 4.88, 'm5-1': 10.8, 'm6-1': 0.99, 'm7-1': 117.33, 'm8-1': 150.37}",7.32,780.398,785.278,inf,890.398,890.398
805,T9,BESTEFFORT,COMPLETED,m6-1,783.393,"{'m1-1': 27.23, 'm2-1': 26.18, 'm3-1': 5.07, 'm4-1': 5.36, 'm5-1': 10.89, 'm6-1': 1.02, 'm7-1': 97.46, 'm8-1': 148.62}",1.53,783.393,784.413,inf,893.393,893.393
806,T5,BESTEFFORT,COMPLETED,m6-1,785.1,"{'m1-1': 26.12, 'm2-1': 24.33, 'm3-1': 5.35, 'm4-1': 5.62, 'm5-1': 9.91, 'm6-1': 0.97, 'm7-1': 105.67, 'm8-1': 169.64}",1.455,785.1,786.07,inf,895.1,895.1
807,T10,BESTEFFORT,COMPLETED,m4-1,786.996,"{'m1-1': 26.36, 'm2-1': 27.31, 'm3-1': 5.4, 'm4-1': 4.65, 'm5-1': 10.76, 'm6-1': 1.06, 'm7-1': 102.7, 'm8-1': 155.15}",6.9750000000000005,786.996,791.646,inf,896.996,896.996
808,T10,BESTEFFORT,COMPLETED,m3-1,787.283,"{'m1-1': 27.6, 'm2-1': 25.31, 'm3-1': 5.68, 'm4-1': 5.29, 'm5-1': 10.61, 'm6-1': 0.96, 'm7-1': 106.57, 'm8-1': 145.19}",8.52,787.283,792.963,inf,897.283,897.283
809,T5,BESTEFFORT,COMPLETED,m5-1,788.798,"{'m1-1': 24.72, 'm2-1': 26.89, 'm3-1': 5.29, 'm4-1': 5.19, 'm5-1': 9.82, 'm6-1': 0.94, 'm7-1': 100.12, 'm8-1': 165.46}",14.73,788.798,798.618,inf,898.798,898.798
810,T6,BESTEFFORT,COMPLETED,m6-1,790.518,"{'m1-1': 28.28, 'm2-1': 25.31, 'm3-1': 5.16, 'm4-1': 5.22, 'm5-1': 9.7, 'm6-1': 0.98, 'm7-1': 115.37, 'm8-1': 156.97}",1.47,790.518,791.498,inf,900.518,900.518
811,T6,BESTEFFORT,COMPLETED,m1-1,790.826,"{'m1-1': 26.12, 'm2-1': 26.38, 'm3-1': 5.79, 'm4-1': 4.86, 'm5-1': 11.02, 'm6-1': 1.02, 'm7-1': 102.94, 'm8-1': 163.05}",39.18,811.1959999999999,837.3159999999999,inf,900.826,900.826
812,T8,BESTEFFORT,COMPLETED,m4-1,792.116,"{'m1-1': 27.1, 'm2-1': 26.94, 'm3-1': 5.6, 'm4-1': 5.48, 'm5-1': 10.85, 'm6-1': 1.06, 'm7-1': 115.44, 'm8-1': 161.49}",8.22,792.116,797.596,inf,902.116,902.116
813,T8,BESTEFFORT,COMPLETED,m3-1,794.501,"{'m1-1': 25.94, 'm2-1': 27.52, 'm3-1': 5.74, 'm4-1': 5.39, 'm5-1': 11.15, 'm6-1': 1.03, 'm7-1': 101.42, 'm8-1': 143.48}",8.61,794.501,800.241,inf,904.501,904.501
814,T8,BESTEFFORT,COMPLETED,m6-1,796.12,"{'m1-1': 29.03, 'm2-1': 25.59, 'm3-1': 5.85, 'm4-1': 5.12, 'm5-1': 9.8, 'm6-1': 1.08, 'm7-1': 101.5, 'm8-1': 161.77}",1.62,796.12,797.2,inf,906.12,906.12
815,T6,BESTEFFORT,COMPLETED,m6-1,797.28,"{'m1-1': 26.22, 'm2-1': 26.04, 'm3-1': 5.18, 'm4-1': 5.28, 'm5-1': 9.71, 'm6-1': 0.99, 'm7-1': 99.28, 'm8-1': 147.09}",1.4849999999999999,797.28,798.27,inf,907.28,907.28
816,T3,BESTEFFORT,COMPLETED,m4-1,799.379,"{'m1-1': 28.33, 'm2-1': 26.06, 'm3-1': 5.3, 'm4-1': 5.3, 'm5-1': 10.35, 'm6-1': 0.98, 'm7-1': 116.65, 'm8-1': 154.2}",7.949999999999999,799.379,804.679,inf,909.379,909.379
817,T9,BESTEFFORT,COMPLETED,m5-1,799.918,"{'m1-1': 26.06, 'm2-1': 24.96, 'm3-1': 5.8, 'm4-1': 4.77, 'm5-1': 10.8, 'm6-1': 1.05, 'm7-1': 107.72, 'm8-1': 166.81}",16.200000000000003,799.918,810.718,inf,909.918,909.918
818,T10,BESTEFFORT,COMPLETED,m6-1,799.931,"{'m1-1': 29.04, 'm2-1': 25.98, 'm3-1': 5.54, 'm4-1': 4.76, 'm5-1': 11.0, 'm6-1': 0.97, 'm7-1': 98.15, 'm8-1': 145.28}",1.455,799.931,800.9010000000001,inf,909.931,909.931
819,T3,BESTEFFORT,COMPLETED,m3-1,801.638,"{'m1-1': 29.2, 'm2-1': 25.53, 'm3-1': 5.67, 'm4-1': 5.14, 'm5-1': 9.38, 'm6-1': 1.07, 'm7-1': 117.78, 'm8-1': 151.1}",8.504999999999999,801.638,807.308,inf,911.638,911.638
820,T5,BESTEFFORT,COMPLETED,m6-1,801.946,"{'m1-1': 25.91, 'm2-1': 27.01, 'm3-1': 5.41, 'm4-1': 5.85, 'm5-1': 10.79, 'm6-1': 0.98, 'm7-1': 108.45, 'm8-1': 148.2}",1.47,801.946,802.926,inf,911.946,911.946
821,T2,BESTEFFORT,COMPLETED,m2-1,802.518,"{'m1-1': 26.12, 'm2-1': 25.74, 'm3-1': 5.73, 'm4-1': 5.59, 'm5-1': 9.71, 'm6-1': 1.1, 'm7-1': 102.56, 'm8-1': 169.93}",38.61,823.654,849.394,inf,912.518,912.518
822,T9,BESTEFFORT,COMPLETED,m6-1,803.572,"{'m1-1': 25.7, 'm2-1': 28.64, 'm3-1': 5.02, 'm4-1': 5.31, 'm5-1': 9.72, 'm6-1': 0.96, 'm7-1': 106.72, 'm8-1': 153.62}",1.44,803.572,804.532,inf,913.572,913.572
823,T8,BESTEFFORT,COMPLETED,m4-1,805.111,"{'m1-1': 25.91, 'm2-1': 24.82, 'm3-1': 5.21, 'm4-1': 5.44, 'm5-1': 10.23, 'm6-1': 1.01, 'm7-1': 113.74, 'm8-1': 165.66}",8.16,805.111,810.551,inf,915.111,915.111
824,T2,BESTEFFORT,COMPLETED,m6-1,805.452,"{'m1-1': 26.62, 'm2-1': 26.74, 'm3-1': 5.14, 'm4-1': 5.16, 'm5-1': 9.47, 'm6-1': 1.02, 'm7-1': 105.98, 'm8-1': 149.84}",1.53,805.452,806.472,inf,915.452,915.452
825,T8,BESTEFFORT,COMPLETED,m3-1,805.461,"{'m1-1': 26.32, 'm2-1': 25.98, 'm3-1': 5.45, 'm4-1': 5.68, 'm5-1': 10.94, 'm6-1': 1.06, 'm7-1': 100.13, 'm8-1': 163.2}",8.175,807.308,812.758,inf,915.461,915.461
826,T3,BESTEFFORT,COMPLETED,m6-1,807.305,"{'m1-1': 28.6, 'm2-1': 27.62, 'm3-1': 4.88, 'm4-1': 5.1, 'm5-1': 10.92, 'm6-1': 1.04, 'm7-1': 118.86, 'm8-1': 158.25}",1.56,807.305,808.3449999999999,inf,917.305,917.305
827,T3,BESTEFFORT,COMPLETED,m6-1,809.127,"{'m1-1': 29.14, 'm2-1': 27.1, 'm3-1': 4.99, 'm4-1': 5.2, 'm5-1': 10.18, 'm6-1': 1.03, 'm7-1': 102.27, 'm8-1': 140.34}",1.545,809.127,810.1569999999999,inf,919.127,919.127
828,T1,BESTEFFORT,COMPLETED,m4-1,810.577,"{'m1-1': 26.2, 'm2-1': 26.96, 'm3-1': 5.36, 'm4-1': 5.48, 'm5-1': 10.19, 'm6-1': 1.13, 'm7-1': 105.2, 'm8-1': 143.94}",8.22,810.577,816.057,inf,920.577,920.577
829,T9,BESTEFFORT,COMPLETED,m5-1,811.055,"{'m1-1': 27.69, 'm2-1': 28.13, 'm3-1': 5.94, 'm4-1': 5.39, 'm5-1': 10.48, 'm6-1': 1.0, 'm7-1': 102.63, 'm8-1': 167.22}",15.72,811.055,821.535,inf,921.055,921.055
830,T8,BESTEFFORT,COMPLETED,m6-1,811.173,"{'m1-1': 28.13, 'm2-1': 27.41, 'm3-1': 5.92, 'm4-1': 5.72, 'm5-1': 10.99, 'm6-1': 0.95, 'm7-1': 112.34, 'm8-1': 158.63}",1.4249999999999998,811.173,812.123,inf,921.173,921.173
831,T8,BESTEFFORT,COMPLETED,m1-1,811.59,"{'m1-1': 26.12, 'm2-1': 24.66, 'm3-1': 5.3, 'm4-1': 5.69, 'm5-1': 10.77, 'm6-1': 0.96, 'm7-1': 113.56, 'm8-1': 161.25}",39.18,837.3159999999999,863.4359999999999,inf,921.59,921.59
832,T6,BESTEFFORT,COMPLETED,m3-1,813.703,"{'m1-1': 25.21, 'm2-1': 27.32, 'm3-1': 5.77, 'm4-1': 5.04, 'm5-1': 10.24, 'm6-1': 1.06, 'm7-1': 110.73, 'm8-1': 148.15}",8.655,813.703,819.473,inf,923.703,923.703
833,T2,BESTEFFORT,COMPLETED,m6-1,814.332,"{'m1-1': 26.98, 'm2-1': 27.64, 'm3-1': 5.34, 'm4-1': 5.53, 'm5-1': 10.0, 'm6-1': 1.02, 'm7-1': 109.54, 'm8-1': 154.23}",1.53,814.332,815.352,inf,924.332,924.332
834,T3,BESTEFFORT,COMPLETED,m4-1,817.886,"{'m1-1': 27.96, 'm2-1': 26.43, 'm3-1': 5.64, 'm4-1': 5.07, 'm5-1': 10.2, 'm6-1': 0.98, 'm7-1': 115.45, 'm8-1': 153.07}",7.605,817.886,822.956,inf,927.886,927.886
835,T8,BESTEFFORT,COMPLETED,m3-1,820.2,"{'m1-1': 27.07, 'm2-1': 27.16, 'm3-1': 5.08, 'm4-1': 5.41, 'm5-1': 10.06, 'm6-1': 1.03, 'm7-1': 111.51, 'm8-1': 146.32}",7.62,820.2,825.2800000000001,inf,930.2,930.2
836,T4,BESTEFFORT,COMPLETED,m6-1,821.42,"{'m1-1': 26.54, 'm2-1': 24.9, 'm3-1': 5.84, 'm4-1': 5.51, 'm5-1': 11.68, 'm6-1': 1.06, 'm7-1': 98.06, 'm8-1': 163.75}",1.59,821.42,822.4799999999999,inf,931.42,931.42
837,T7,BESTEFFORT,COMPLETED,m5-1,821.933,"{'m1-1': 28.65, 'm2-1': 27.05, 'm3-1': 5.2, 'm4-1': 5.14, 'm5-1': 11.7, 'm6-1': 1.08, 'm7-1': 101.44, 'm8-1': 160.88}",17.549999999999997,821.933,833.633,inf,931.933,931.933
838,T2,BESTEFFORT,COMPLETED,m4-1,824.629,"{'m1-1': 25.79, 'm2-1': 25.56, 'm3-1': 5.84, 'm4-1': 5.55, 'm5-1': 11.16, 'm6-1': 1.02, 'm7-1': 99.54, 'm8-1': 154.74}",8.325,824.629,830.179,inf,934.629,934.629
839,T2,BESTEFFORT,COMPLETED,m6-1,825.189,"{'m1-1': 23.97, 'm2-1': 25.59, 'm3-1': 5.44, 'm4-1': 5.52, 'm5-1': 10.91, 'm6-1': 1.08, 'm7-1': 106.25, 'm8-1': 153.67}",1.62,825.189,826.269,inf,935.189,935.189
840,T4,BESTEFFORT,COMPLETED,m3-1,826.586,"{'m1-1': 27.75, 'm2-1': 27.08, 'm3-1': 5.28, 'm4-1': 5.01, 'm5-1': 11.03, 'm6-1': 1.04, 'm7-1': 98.82, 'm8-1': 158.34}",7.92,826.586,831.866,inf,936.586,936.586
841,T7,BESTEFFORT,COMPLETED,m6-1,826.686,"{'m1-1': 24.86, 'm2-1': 27.88, 'm3-1': 5.2, 'm4-1': 4.91, 'm5-1': 11.76, 'm6-1': 0.96, 'm7-1': 98.43, 'm8-1': 171.97}",1.44,826.686,827.6460000000001,inf,936.686,936.686
842,T9,BESTEFFORT,COMPLETED,m2-1,827.011,"{'m1-1': 28.24, 'm2-1': 29.27, 'm3-1': 5.26, 'm4-1': 4.79, 'm5-1': 10.71, 'm6-1': 1.04, 'm7-1': 109.31, 'm8-1': 156.36}",43.905,849.394,878.664,inf,937.011,937.011
843,T9,BESTEFFORT,COMPLETED,m3-1,827.548,"{'m1-1': 26.48, 'm2-1': 24.93, 'm3-1': 5.62, 'm4-1': 5.25, 'm5-1': 10.67, 'm6-1': 0.93, 'm7-1': 105.13, 'm8-1': 163.4}",8.43,831.866,837.486,inf,937.548,937.548
844,T4,BESTEFFORT,COMPLETED,m6-1,828.555,"{'m1-1': 27.82, 'm2-1': 25.88, 'm3-1': 5.3, 'm4-1': 5.81, 'm5-1': 10.8, 'm6-1': 1.07, 'm7-1': 110.54, 'm8-1': 150.34}",1.605,828.555,829.625,inf,938.555,938.555
845,T1,BESTEFFORT,COMPLETED,m4-1,828.649,"{'m1-1': 26.91, 'm2-1': 23.66, 'm3-1': 4.9, 'm4-1': 5.24, 'm5-1': 10.84, 'm6-1': 1.0, 'm7-1': 116.55, 'm8-1': 159.11}",7.86,830.179,835.419,inf,938.649,938.649
846,T4,BESTEFFORT,COMPLETED,m5-1,828.913,"{'m1-1': 26.77, 'm2-1': 25.74, 'm3-1': 5.74, 'm4-1': 5.46, 'm5-1': 11.54, 'm6-1': 1.08, 'm7-1': 103.71, 'm8-1': 158.26}",17.31,833.633,845.173,inf,938.913,938.913
847,T1,BESTEFFORT,COMPLETED,m6-1,829.074,"{'m1-1': 23.66, 'm2-1': 25.33, 'm3-1': 5.73, 'm4-1': 5.41, 'm5-1': 10.78, 'm6-1': 1.02, 'm7-1': 105.0, 'm8-1': 149.98}",1.53,829.625,830.645,inf,939.074,939.074
848,T2,BESTEFFORT,MISSED,m7-1,829.57,"{'m1-1': 27.31, 'm2-1': 26.88, 'm3-1': 5.11, 'm4-1': 5.73, 'm5-1': 10.45, 'm6-1': 1.07, 'm7-1': 103.29, 'm8-1': 168.65}",152.76750000000004,837.725,inf,939.57,939.57,939.57
849,T2,BESTEFFORT,COMPLETED,m4-1,830.472,"{'m1-1': 26.7, 'm2-1': 26.01, 'm3-1': 5.82, 'm4-1': 5.19, 'm5-1': 9.61, 'm6-1': 1.12, 'm7-1': 99.36, 'm8-1': 161.71}",7.785,835.419,840.609,inf,940.472,940.472
850,T6,BESTEFFORT,COMPLETED,m6-1,832.042,"{'m1-1': 26.36, 'm2-1': 25.5, 'm3-1': 5.73, 'm4-1': 5.67, 'm5-1': 10.69, 'm6-1': 1.06, 'm7-1': 98.97, 'm8-1': 164.15}",1.59,832.042,833.102,inf,942.042,942.042
851,T6,BESTEFFORT,COMPLETED,m3-1,832.506,"{'m1-1': 27.09, 'm2-1': 24.41, 'm3-1': 5.39, 'm4-1': 5.2, 'm5-1': 9.98, 'm6-1': 1.05, 'm7-1': 114.32, 'm8-1': 168.22}",8.084999999999999,837.486,842.876,inf,942.506,942.506
852,T2,BESTEFFORT,COMPLETED,m6-1,834.813,"{'m1-1': 27.12, 'm2-1': 24.15, 'm3-1': 5.39, 'm4-1': 5.6, 'm5-1': 10.46, 'm6-1': 1.16, 'm7-1': 105.09, 'm8-1': 155.47}",1.7399999999999998,834.813,835.973,inf,944.813,944.813
853,T9,BESTEFFORT,COMPLETED,m6-1,836.489,"{'m1-1': 26.32, 'm2-1': 28.32, 'm3-1': 5.19, 'm4-1': 4.89, 'm5-1': 11.24, 'm6-1': 1.01, 'm7-1': 104.34, 'm8-1': 159.82}",1.5150000000000001,836.489,837.499,inf,946.489,946.489
854,T9,BESTEFFORT,COMPLETED,m6-1,839.661,"{'m1-1': 27.88, 'm2-1': 28.37, 'm3-1': 5.72, 'm4-1': 5.24, 'm5-1': 10.34, 'm6-1': 1.06, 'm7-1': 108.52, 'm8-1': 153.82}",1.59,839.661,840.7209999999999,inf,949.661,949.661
855,T2,BESTEFFORT,COMPLETED,m4-1,840.921,"{'m1-1': 25.74, 'm2-1': 23.78, 'm3-1': 5.2, 'm4-1': 5.33, 'm5-1': 10.34, 'm6-1': 1.13, 'm7-1': 105.98, 'm8-1': 168.24}",7.995,840.921,846.2510000000001,inf,950.921,950.921
856,T10,BESTEFFORT,COMPLETED,m6-1,841.173,"{'m1-1': 28.63, 'm2-1': 24.85, 'm3-1': 5.5, 'm4-1': 4.84, 'm5-1': 11.04, 'm6-1': 1.04, 'm7-1': 110.02, 'm8-1': 139.59}",1.56,841.173,842.213,inf,951.173,951.173
857,T9,BESTEFFORT,COMPLETED,m1-1,841.512,"{'m1-1': 25.8, 'm2-1': 29.57, 'm3-1': 5.5, 'm4-1': 4.94, 'm5-1': 9.84, 'm6-1': 0.99, 'm7-1': 96.32, 'm8-1': 147.96}",38.7,863.4359999999999,889.2359999999999,inf,951.512,951.512
858,T2,BESTEFFORT,COMPLETED,m6-1,842.304,"{'m1-1': 26.79, 'm2-1': 24.73, 'm3-1': 5.53, 'm4-1': 5.59, 'm5-1': 10.67, 'm6-1': 1.07, 'm7-1': 106.35, 'm8-1': 160.44}",1.605,842.304,843.374,inf,952.304,952.304
859,T1,BESTEFFORT,COMPLETED,m3-1,843.732,"{'m1-1': 26.58, 'm2-1': 27.07, 'm3-1': 5.17, 'm4-1': 4.84, 'm5-1': 10.28, 'm6-1': 1.02, 'm7-1': 106.19, 'm8-1': 146.83}",7.755,843.732,848.9019999999999,inf,953.732,953.732
860,T10,BESTEFFORT,COMPLETED,m6-1,844.07,"{'m1-1': 27.67, 'm2-1': 25.04, 'm3-1': 5.04, 'm4-1': 4.77, 'm5-1': 9.71, 'm6-1': 0.97, 'm7-1': 111.96, 'm8-1': 143.97}",1.455,844.07,845.0400000000001,inf,954.07,954.07
861,T1,BESTEFFORT,COMPLETED,m3-1,844.262,"{'m1-1': 27.33, 'm2-1': 26.35, 'm3-1': 5.72, 'm4-1': 5.67, 'm5-1': 9.97, 'm6-1': 1.13, 'm7-1': 110.5, 'm8-1': 151.68}",8.58,848.9019999999999,854.622,inf,954.262,954.262
862,T4,BESTEFFORT,COMPLETED,m4-1,844.501,"{'m1-1': 24.33, 'm2-1': 26.2, 'm3-1': 5.34, 'm4-1': 4.92, 'm5-1': 9.94, 'm6-1': 0.95, 'm7-1': 101.96, 'm8-1': 166.72}",7.38,846.2510000000001,851.171,inf,954.501,954.501
863,T6,BESTEFFORT,COMPLETED,m5-1,844.558,"{'m1-1': 25.14, 'm2-1': 25.62, 'm3-1': 5.54, 'm4-1': 5.67, 'm5-1': 10.06, 'm6-1': 1.01, 'm7-1': 111.56, 'm8-1': 168.58}",15.09,845.173,855.233,inf,954.558,954.558
864,T2,BESTEFFORT,COMPLETED,m6-1,845.266,"{'m1-1': 27.57, 'm2-1': 27.61, 'm3-1': 5.07, 'm4-1': 5.23, 'm5-1': 10.46, 'm6-1': 1.14, 'm7-1': 104.79, 'm8-1': 149.84}",1.71,845.266,846.406,inf,955.266,955.266
865,T6,BESTEFFORT,COMPLETED,m5-1,845.635,"{'m1-1': 25.56, 'm2-1': 23.83, 'm3-1': 5.11, 'm4-1': 5.36, 'm5-1': 10.07, 'm6-1': 1.03, 'm7-1': 105.79, 'm8-1': 148.86}",15.105,855.233,865.303,inf,955.635,955.635
866,T7,BESTEFFORT,COMPLETED,m6-1,845.888,"{'m1-1': 25.54, 'm2-1': 27.36, 'm3-1': 5.06, 'm4-1': 5.58, 'm5-1': 10.24, 'm6-1': 1.03, 'm7-1': 99.76, 'm8-1': 168.72}",1.545,846.406,847.4359999999999,inf,955.888,955.888
867,T1,BESTEFFORT,MISSED,m7-1,846.184,"{'m1-1': 27.06, 'm2-1': 25.97, 'm3-1': 5.62, 'm4-1': 5.68, 'm5-1': 10.54, 'm6-1': 1.11, 'm7-1': 110.05, 'm8-1': 145.81}",24.92099999999988,939.57,inf,956.184,956.184,956.184
868,T6,BESTEFFORT,COMPLETED,m6-1,850.446,"{'m1-1': 25.24, 'm2-1': 24.37, 'm3-1': 5.59, 'm4-1': 5.25, 'm5-1': 10.17, 'm6-1': 0.98, 'm7-1': 100.15, 'm8-1': 163.05}",1.47,850.446,851.426,inf,960.446,960.446
869,T6,BESTEFFORT,COMPLETED,m4-1,851.74,"{'m1-1': 28.21, 'm2-1': 27.78, 'm3-1': 5.68, 'm4-1': 5.57, 'm5-1': 10.64, 'm6-1': 1.01, 'm7-1': 113.81, 'm8-1': 150.79}",8.355,851.74,857.3100000000001,inf,961.74,961.74
870,T10,BESTEFFORT,COMPLETED,m6-1,851.878,"{'m1-1': 27.44, 'm2-1': 26.16, 'm3-1': 5.53, 'm4-1': 5.06, 'm5-1': 11.31, 'm6-1': 0.99, 'm7-1': 110.74, 'm8-1': 150.66}",1.4849999999999999,851.878,852.868,inf,961.878,961.878
871,T5,BESTEFFORT,COMPLETED,m6-1,854.515,"{'m1-1': 23.92, 'm2-1': 26.63, 'm3-1': 5.65, 'm4-1': 5.14, 'm5-1': 9.76, 'm6-1': 1.02, 'm7-1': 95.6, 'm8-1': 163.1}",1.53,854.515,855.535,inf,964.515,964.515
872,T4,BESTEFFORT,COMPLETED,m3-1,856.251,"{'m1-1': 26.62, 'm2-1': 26.74, 'm3-1': 5.4, 'm4-1': 5.72, 'm5-1': 11.58, 'm6-1': 1.12, 'm7-1': 108.13, 'm8-1': 167.84}",8.100000000000001,856.251,861.651,inf,966.251,966.251
873,T6,BESTEFFORT,COMPLETED,m6-1,856.478,"{'m1-1': 27.38, 'm2-1': 25.07, 'm3-1': 5.49, 'm4-1': 5.74, 'm5-1': 10.11, 'm6-1': 0.95, 'm7-1': 98.15, 'm8-1': 169.62}",1.4249999999999998,856.478,857.428,inf,966.478,966.478
874,T10,BESTEFFORT,COMPLETED,m4-1,859.056,"{'m1-1': 25.45, 'm2-1': 28.15, 'm3-1': 5.36, 'm4-1': 4.91, 'm5-1': 10.92, 'm6-1': 1.01, 'm7-1': 116.13, 'm8-1': 152.96}",7.365,859.056,863.966,inf,969.056,969.056
875,T1,BESTEFFORT,COMPLETED,m6-1,859.433,"{'m1-1': 27.59, 'm2-1': 26.77, 'm3-1': 4.87, 'm4-1': 5.07, 'm5-1': 9.88, 'm6-1': 1.12, 'm7-1': 106.82, 'm8-1': 143.56}",1.6800000000000002,859.433,860.553,inf,969.433,969.433
876,T10,BESTEFFORT,COMPLETED,m6-1,861.013,"{'m1-1': 24.71, 'm2-1': 26.08, 'm3-1': 5.41, 'm4-1': 4.97, 'm5-1': 11.49, 'm6-1': 0.97, 'm7-1': 104.67, 'm8-1': 152.4}",1.455,861.013,861.9830000000001,inf,971.013,971.013
877,T6,BESTEFFORT,COMPLETED,m2-1,861.055,"{'m1-1': 28.49, 'm2-1': 23.65, 'm3-1': 5.13, 'm4-1': 5.06, 'm5-1': 10.06, 'm6-1': 1.02, 'm7-1': 98.61, 'm8-1': 156.64}",35.474999999999994,878.664,902.314,inf,971.055,971.055
878,T2,BESTEFFORT,COMPLETED,m3-1,861.897,"{'m1-1': 24.87, 'm2-1': 25.8, 'm3-1': 5.74, 'm4-1': 5.21, 'm5-1': 10.28, 'm6-1': 1.0, 'm7-1': 107.05, 'm8-1': 152.65}",8.61,861.897,867.6370000000001,inf,971.897,971.897
879,T5,BESTEFFORT,COMPLETED,m3-1,861.907,"{'m1-1': 26.2, 'm2-1': 24.18, 'm3-1': 5.66, 'm4-1': 5.57, 'm5-1': 10.98, 'm6-1': 0.96, 'm7-1': 107.89, 'm8-1': 151.16}",8.49,867.6370000000001,873.297,inf,971.907,971.907
880,T2,BESTEFFORT,COMPLETED,m6-1,862.15,"{'m1-1': 23.67, 'm2-1': 24.37, 'm3-1': 5.73, 'm4-1': 5.7, 'm5-1': 10.3, 'm6-1': 1.01, 'm7-1': 96.18, 'm8-1': 145.67}",1.5150000000000001,862.15,863.16,inf,972.15,972.15
881,T10,BESTEFFORT,COMPLETED,m4-1,864.464,"{'m1-1': 28.31, 'm2-1': 27.16, 'm3-1': 5.49, 'm4-1': 5.33, 'm5-1': 10.22, 'm6-1': 1.02, 'm7-1': 112.13, 'm8-1': 143.61}",7.995,864.464,869.7940000000001,inf,974.464,974.464
882,T5,BESTEFFORT,COMPLETED,m5-1,865.476,"{'m1-1': 25.79, 'm2-1': 24.92, 'm3-1': 5.29, 'm4-1': 5.05, 'm5-1': 10.44, 'm6-1': 0.95, 'm7-1': 103.87, 'm8-1': 156.97}",15.66,865.476,875.916,inf,975.476,975.476
883,T4,BESTEFFORT,COMPLETED,m6-1,866.071,"{'m1-1': 27.78, 'm2-1': 26.0, 'm3-1': 5.12, 'm4-1': 5.62, 'm5-1': 11.19, 'm6-1': 1.01, 'm7-1': 106.24, 'm8-1': 149.6}",1.5150000000000001,866.071,867.081,inf,976.071,976.071
884,T5,BESTEFFORT,COMPLETED,m1-1,867.025,"{'m1-1': 26.78, 'm2-1': 27.87, 'm3-1': 4.93, 'm4-1': 5.5, 'm5-1': 11.23, 'm6-1': 0.98, 'm7-1': 106.42, 'm8-1': 164.9}",40.17,889.2359999999999,916.0159999999998,inf,977.025,977.025
885,T2,BESTEFFORT,COMPLETED,m6-1,867.407,"{'m1-1': 25.36, 'm2-1': 24.42, 'm3-1': 5.24, 'm4-1': 5.6, 'm5-1': 10.52, 'm6-1': 0.99, 'm7-1': 107.7, 'm8-1': 149.8}",1.4849999999999999,867.407,868.397,inf,977.407,977.407
886,T3,BESTEFFORT,COMPLETED,m4-1,867.535,"{'m1-1': 28.05, 'm2-1': 24.35, 'm3-1': 5.1, 'm4-1': 5.02, 'm5-1': 9.81, 'm6-1': 1.01, 'm7-1': 116.34, 'm8-1': 150.68}",7.529999999999999,869.7940000000001,874.8140000000001,inf,977.535,977.535
887,T6,BESTEFFORT,COMPLETED,m6-1,868.433,"{'m1-1': 28.01, 'm2-1': 25.53, 'm3-1': 5.76, 'm4-1': 5.45, 'm5-1': 10.81, 'm6-1': 1.06, 'm7-1': 104.03, 'm8-1': 167.42}",1.59,868.433,869.4929999999999,inf,978.433,978.433
888,T2,BESTEFFORT,COMPLETED,m6-1,870.134,"{'m1-1': 26.9, 'm2-1': 24.61, 'm3-1': 5.04, 'm4-1': 5.67, 'm5-1': 10.87, 'm6-1': 1.13, 'm7-1': 106.62, 'm8-1': 165.66}",1.6949999999999998,870.134,871.264,inf,980.134,980.134
889,T5,BESTEFFORT,COMPLETED,m3-1,873.557,"{'m1-1': 26.01, 'm2-1': 26.03, 'm3-1': 5.56, 'm4-1': 5.08, 'm5-1': 11.25, 'm6-1': 0.99, 'm7-1': 109.1, 'm8-1': 166.59}",8.34,873.557,879.117,inf,983.557,983.557
890,T9,BESTEFFORT,COMPLETED,m6-1,873.754,"{'m1-1': 28.35, 'm2-1': 27.65, 'm3-1': 5.65, 'm4-1': 5.31, 'm5-1': 9.92, 'm6-1': 1.02, 'm7-1': 96.18, 'm8-1': 152.33}",1.53,873.754,874.774,inf,983.754,983.754
891,T9,BESTEFFORT,MISSED,m8-1,873.763,"{'m1-1': 27.36, 'm2-1': 25.61, 'm3-1': 5.15, 'm4-1': 5.46, 'm5-1': 11.22, 'm6-1': 0.97, 'm7-1': 96.6, 'm8-1': 146.04}",165.0,873.763,inf,983.763,983.763,983.763
892,T4,BESTEFFORT,COMPLETED,m4-1,878.177,"{'m1-1': 28.49, 'm2-1': 27.44, 'm3-1': 5.76, 'm4-1': 5.59, 'm5-1': 11.41, 'm6-1': 0.97, 'm7-1': 106.31, 'm8-1': 170.45}",8.385,878.177,883.767,inf,988.177,988.177
893,T4,BESTEFFORT,COMPLETED,m5-1,878.694,"{'m1-1': 24.5, 'm2-1': 27.08, 'm3-1': 5.31, 'm4-1': 5.3, 'm5-1': 11.21, 'm6-1': 1.01, 'm7-1': 114.93, 'm8-1': 167.53}",16.815,878.694,889.904,inf,988.694,988.694
894,T2,BESTEFFORT,COMPLETED,m6-1,878.902,"{'m1-1': 25.7, 'm2-1': 25.67, 'm3-1': 5.78, 'm4-1': 5.44, 'm5-1': 10.02, 'm6-1': 1.11, 'm7-1': 103.08, 'm8-1': 155.75}",1.665,878.902,880.0120000000001,inf,988.902,988.902
895,T5,BESTEFFORT,COMPLETED,m3-1,879.518,"{'m1-1': 25.3, 'm2-1': 27.47, 'm3-1': 5.18, 'm4-1': 5.14, 'm5-1': 10.1, 'm6-1': 0.93, 'm7-1': 96.72, 'm8-1': 149.37}",7.77,879.518,884.698,inf,989.518,989.518
896,T2,BESTEFFORT,COMPLETED,m2-1,879.612,"{'m1-1': 26.79, 'm2-1': 23.59, 'm3-1': 5.59, 'm4-1': 5.54, 'm5-1': 11.16, 'm6-1': 1.09, 'm7-1': 98.41, 'm8-1': 163.5}",35.385,902.314,925.904,inf,989.612,989.612
897,T5,BESTEFFORT,COMPLETED,m6-1,880.013,"{'m1-1': 25.61, 'm2-1': 24.24, 'm3-1': 5.26, 'm4-1': 5.88, 'm5-1': 9.68, 'm6-1': 0.96, 'm7-1': 98.53, 'm8-1': 151.16}",1.44,880.013,880.9730000000001,inf,990.013,990.013
898,T6,BESTEFFORT,COMPLETED,m3-1,880.255,"{'m1-1': 26.71, 'm2-1': 24.47, 'm3-1': 5.91, 'm4-1': 5.2, 'm5-1': 10.12, 'm6-1': 0.91, 'm7-1': 115.22, 'm8-1': 164.48}",8.865,884.698,890.608,inf,990.255,990.255
899,T10,BESTEFFORT,COMPLETED,m6-1,882.577,"{'m1-1': 26.17, 'm2-1': 26.68, 'm3-1': 5.95, 'm4-1': 5.22, 'm5-1': 9.68, 'm6-1': 0.98, 'm7-1': 99.73, 'm8-1': 149.75}",1.47,882.577,883.557,inf,992.577,992.577
900,T10,BESTEFFORT,COMPLETED,m4-1,887.7,"{'m1-1': 27.38, 'm2-1': 25.56, 'm3-1': 5.32, 'm4-1': 5.18, 'm5-1': 10.16, 'm6-1': 0.96, 'm7-1': 100.62, 'm8-1': 146.31}",7.77,887.7,892.88,inf,997.7,997.7
901,T3,BESTEFFORT,COMPLETED,m6-1,889.522,"{'m1-1': 26.42, 'm2-1': 25.22, 'm3-1': 5.06, 'm4-1': 5.05, 'm5-1': 9.87, 'm6-1': 1.02, 'm7-1': 111.35, 'm8-1': 152.68}",1.53,889.522,890.542,inf,999.522,999.522
902,T1,BESTEFFORT,COMPLETED,m5-1,889.945,"{'m1-1': 26.78, 'm2-1': 25.13, 'm3-1': 5.03, 'm4-1': 5.65, 'm5-1': 11.33, 'm6-1': 1.05, 'm7-1': 101.07, 'm8-1': 153.22}",16.995,889.945,901.2750000000001,inf,999.945,999.945
903,T1,BESTEFFORT,COMPLETED,m1-1,890.007,"{'m1-1': 26.72, 'm2-1': 25.84, 'm3-1': 5.55, 'm4-1': 5.46, 'm5-1': 11.08, 'm6-1': 0.98, 'm7-1': 110.61, 'm8-1': 145.58}",40.08,916.0159999999998,942.7359999999999,inf,1000.007,1000.007
904,T7,BESTEFFORT,COMPLETED,m3-1,890.923,"{'m1-1': 24.99, 'm2-1': 25.69, 'm3-1': 5.71, 'm4-1': 5.08, 'm5-1': 10.42, 'm6-1': 0.97, 'm7-1': 106.45, 'm8-1': 158.6}",8.565,890.923,896.633,inf,1000.923,1000.923
905,T1,BESTEFFORT,COMPLETED,m6-1,891.536,"{'m1-1': 24.19, 'm2-1': 24.55, 'm3-1': 5.29, 'm4-1': 4.99, 'm5-1': 9.71, 'm6-1': 1.1, 'm7-1': 117.94, 'm8-1': 152.14}",1.6500000000000001,891.536,892.636,inf,1001.536,1001.536
906,T9,BESTEFFORT,COMPLETED,m3-1,891.868,"{'m1-1': 28.24, 'm2-1': 25.15, 'm3-1': 5.09, 'm4-1': 4.74, 'm5-1': 9.87, 'm6-1': 0.96, 'm7-1': 113.06, 'm8-1': 149.08}",7.635,896.633,901.7230000000001,inf,1001.868,1001.868
907,T3,BESTEFFORT,COMPLETED,m6-1,892.791,"{'m1-1': 25.26, 'm2-1': 25.26, 'm3-1': 5.52, 'm4-1': 5.38, 'm5-1': 10.37, 'm6-1': 1.0, 'm7-1': 116.31, 'm8-1': 149.91}",1.5,892.791,893.791,inf,1002.791,1002.791
908,T3,BESTEFFORT,COMPLETED,m4-1,893.567,"{'m1-1': 25.84, 'm2-1': 25.95, 'm3-1': 5.21, 'm4-1': 4.83, 'm5-1': 10.54, 'm6-1': 1.0, 'm7-1': 109.24, 'm8-1': 144.54}",7.245,893.567,898.397,inf,1003.567,1003.567
909,T1,BESTEFFORT,COMPLETED,m6-1,893.912,"{'m1-1': 24.41, 'm2-1': 24.05, 'm3-1': 5.23, 'm4-1': 5.47, 'm5-1': 9.88, 'm6-1': 1.05, 'm7-1': 101.17, 'm8-1': 144.77}",1.5750000000000002,893.912,894.962,inf,1003.912,1003.912
910,T6,BESTEFFORT,COMPLETED,m4-1,894.755,"{'m1-1': 29.45, 'm2-1': 26.62, 'm3-1': 5.03, 'm4-1': 4.88, 'm5-1': 11.42, 'm6-1': 1.08, 'm7-1': 100.88, 'm8-1': 169.48}",7.32,898.397,903.277,inf,1004.755,1004.755
911,T5,BESTEFFORT,COMPLETED,m5-1,894.784,"{'m1-1': 26.96, 'm2-1': 26.92, 'm3-1': 4.87, 'm4-1': 5.65, 'm5-1': 9.88, 'm6-1': 1.02, 'm7-1': 97.45, 'm8-1': 150.17}",14.82,901.2750000000001,911.1550000000001,inf,1004.784,1004.784
912,T10,BESTEFFORT,COMPLETED,m6-1,895.04,"{'m1-1': 26.87, 'm2-1': 24.21, 'm3-1': 5.48, 'm4-1': 4.73, 'm5-1': 10.6, 'm6-1': 1.08, 'm7-1': 111.26, 'm8-1': 147.92}",1.62,895.04,896.12,inf,1005.04,1005.04
913,T6,BESTEFFORT,COMPLETED,m6-1,899.324,"{'m1-1': 27.74, 'm2-1': 25.71, 'm3-1': 5.11, 'm4-1': 5.19, 'm5-1': 9.89, 'm6-1': 1.0, 'm7-1': 110.24, 'm8-1': 151.79}",1.5,899.324,900.324,inf,1009.324,1009.324
914,T1,BESTEFFORT,COMPLETED,m3-1,899.348,"{'m1-1': 24.37, 'm2-1': 26.6, 'm3-1': 5.34, 'm4-1': 5.5, 'm5-1': 10.14, 'm6-1': 1.13, 'm7-1': 118.25, 'm8-1': 148.54}",8.01,901.7230000000001,907.0630000000001,inf,1009.348,1009.348
915,T6,BESTEFFORT,COMPLETED,m4-1,899.771,"{'m1-1': 25.1, 'm2-1': 24.65, 'm3-1': 5.4, 'm4-1': 5.4, 'm5-1': 10.36, 'm6-1': 1.01, 'm7-1': 110.73, 'm8-1': 156.3}",8.100000000000001,903.277,908.677,inf,1009.771,1009.771
916,T1,BESTEFFORT,COMPLETED,m6-1,899.845,"{'m1-1': 25.4, 'm2-1': 23.87, 'm3-1': 5.45, 'm4-1': 5.27, 'm5-1': 10.6, 'm6-1': 0.98, 'm7-1': 114.12, 'm8-1': 138.65}",1.47,900.324,901.304,inf,1009.845,1009.845
917,T1,BESTEFFORT,COMPLETED,m6-1,900.75,"{'m1-1': 24.63, 'm2-1': 25.54, 'm3-1': 5.04, 'm4-1': 5.21, 'm5-1': 10.4, 'm6-1': 0.99, 'm7-1': 106.88, 'm8-1': 156.51}",1.4849999999999999,901.304,902.294,inf,1010.75,1010.75
918,T3,BESTEFFORT,MISSED,m8-1,900.949,"{'m1-1': 26.27, 'm2-1': 24.06, 'm3-1': 4.99, 'm4-1': 4.96, 'm5-1': 9.47, 'm6-1': 1.04, 'm7-1': 111.65, 'm8-1': 163.18}",40.77899999999988,983.763,inf,1010.949,1010.949,1010.949
919,T7,BESTEFFORT,COMPLETED,m1-1,901.063,"{'m1-1': 28.36, 'm2-1': 26.1, 'm3-1': 5.12, 'm4-1': 5.58, 'm5-1': 11.09, 'm6-1': 0.93, 'm7-1': 106.99, 'm8-1': 169.78}",42.54,942.7359999999999,971.0959999999999,inf,1011.063,1011.063
920,T3,BESTEFFORT,COMPLETED,m6-1,902.487,"{'m1-1': 25.63, 'm2-1': 26.09, 'm3-1': 4.91, 'm4-1': 4.84, 'm5-1': 10.82, 'm6-1': 0.92, 'm7-1': 104.26, 'm8-1': 147.08}",1.3800000000000001,902.487,903.4069999999999,inf,1012.487,1012.487
921,T5,BESTEFFORT,COMPLETED,m6-1,903.428,"{'m1-1': 25.39, 'm2-1': 24.83, 'm3-1': 5.2, 'm4-1': 5.09, 'm5-1': 9.58, 'm6-1': 1.05, 'm7-1': 102.79, 'm8-1': 155.8}",1.5750000000000002,903.428,904.478,inf,1013.428,1013.428
922,T6,BESTEFFORT,COMPLETED,m6-1,904.889,"{'m1-1': 27.95, 'm2-1': 24.08, 'm3-1': 5.89, 'm4-1': 5.09, 'm5-1': 9.9, 'm6-1': 1.06, 'm7-1': 111.98, 'm8-1': 171.1}",1.59,904.889,905.949,inf,1014.889,1014.889
923,T5,BESTEFFORT,COMPLETED,m6-1,906.373,"{'m1-1': 25.43, 'm2-1': 25.38, 'm3-1': 5.42, 'm4-1': 5.3, 'm5-1': 10.74, 'm6-1': 0.97, 'm7-1': 93.18, 'm8-1': 173.44}",1.455,906.373,907.3430000000001,inf,1016.373,1016.373
924,T3,BESTEFFORT,COMPLETED,m2-1,906.608,"{'m1-1': 27.63, 'm2-1': 26.15, 'm3-1': 5.73, 'm4-1': 5.01, 'm5-1': 9.62, 'm6-1': 0.96, 'm7-1': 116.88, 'm8-1': 150.38}",39.224999999999994,925.904,952.054,inf,1016.608,1016.608
925,T9,BESTEFFORT,COMPLETED,m3-1,909.421,"{'m1-1': 25.11, 'm2-1': 26.73, 'm3-1': 5.53, 'm4-1': 5.22, 'm5-1': 10.75, 'm6-1': 1.0, 'm7-1': 103.5, 'm8-1': 164.7}",8.295,909.421,914.951,inf,1019.421,1019.421
926,T7,BESTEFFORT,COMPLETED,m4-1,909.6,"{'m1-1': 26.74, 'm2-1': 27.83, 'm3-1': 5.03, 'm4-1': 4.78, 'm5-1': 10.41, 'm6-1': 1.0, 'm7-1': 102.4, 'm8-1': 169.57}",7.17,909.6,914.38,inf,1019.6,1019.6
927,T3,BESTEFFORT,COMPLETED,m6-1,910.731,"{'m1-1': 26.3, 'm2-1': 25.09, 'm3-1': 4.89, 'm4-1': 4.92, 'm5-1': 9.81, 'm6-1': 1.04, 'm7-1': 102.71, 'm8-1': 157.62}",1.56,910.731,911.771,inf,1020.731,1020.731
928,T4,BESTEFFORT,COMPLETED,m5-1,912.501,"{'m1-1': 25.26, 'm2-1': 26.13, 'm3-1': 5.3, 'm4-1': 5.31, 'm5-1': 11.32, 'm6-1': 1.07, 'm7-1': 100.38, 'm8-1': 150.01}",16.98,912.501,923.821,inf,1022.501,1022.501
929,T9,BESTEFFORT,COMPLETED,m3-1,915.207,"{'m1-1': 24.12, 'm2-1': 27.73, 'm3-1': 5.42, 'm4-1': 4.74, 'm5-1': 11.08, 'm6-1': 1.05, 'm7-1': 101.78, 'm8-1': 169.53}",8.129999999999999,915.207,920.627,inf,1025.2069999999999,1025.2069999999999
930,T3,BESTEFFORT,COMPLETED,m4-1,917.288,"{'m1-1': 27.44, 'm2-1': 26.82, 'm3-1': 5.58, 'm4-1': 5.65, 'm5-1': 10.71, 'm6-1': 0.99, 'm7-1': 115.33, 'm8-1': 162.39}",8.475000000000001,917.288,922.938,inf,1027.288,1027.288
931,T1,BESTEFFORT,COMPLETED,m6-1,920.511,"{'m1-1': 24.43, 'm2-1': 26.39, 'm3-1': 5.19, 'm4-1': 5.57, 'm5-1': 10.47, 'm6-1': 1.1, 'm7-1': 105.81, 'm8-1': 159.79}",1.6500000000000001,920.511,921.611,inf,1030.511,1030.511
932,T10,BESTEFFORT,COMPLETED,m3-1,921.881,"{'m1-1': 28.96, 'm2-1': 27.94, 'm3-1': 5.04, 'm4-1': 5.4, 'm5-1': 11.02, 'm6-1': 1.04, 'm7-1': 103.16, 'm8-1': 146.52}",7.5600000000000005,921.881,926.9209999999999,inf,1031.8809999999999,1031.8809999999999
933,T4,BESTEFFORT,COMPLETED,m6-1,921.886,"{'m1-1': 25.94, 'm2-1': 24.43, 'm3-1': 5.55, 'm4-1': 5.66, 'm5-1': 10.87, 'm6-1': 1.01, 'm7-1': 109.79, 'm8-1': 158.34}",1.5150000000000001,921.886,922.896,inf,1031.886,1031.886
934,T6,BESTEFFORT,COMPLETED,m3-1,927.556,"{'m1-1': 28.92, 'm2-1': 27.33, 'm3-1': 5.17, 'm4-1': 5.65, 'm5-1': 9.69, 'm6-1': 0.93, 'm7-1': 110.12, 'm8-1': 160.74}",7.755,927.556,932.726,inf,1037.556,1037.556
935,T6,BESTEFFORT,COMPLETED,m4-1,930.789,"{'m1-1': 29.74, 'm2-1': 25.16, 'm3-1': 5.64, 'm4-1': 5.37, 'm5-1': 10.93, 'm6-1': 1.08, 'm7-1': 111.47, 'm8-1': 157.75}",8.055,930.789,936.159,inf,1040.789,1040.789
936,T9,BESTEFFORT,COMPLETED,m3-1,936.693,"{'m1-1': 27.59, 'm2-1': 26.48, 'm3-1': 5.15, 'm4-1': 5.1, 'm5-1': 9.86, 'm6-1': 1.04, 'm7-1': 98.58, 'm8-1': 161.71}",7.7250000000000005,936.693,941.843,inf,1046.693,1046.693
937,T7,BESTEFFORT,COMPLETED,m4-1,937.48,"{'m1-1': 25.3, 'm2-1': 28.06, 'm3-1': 5.7, 'm4-1': 5.58, 'm5-1': 11.63, 'm6-1': 1.08, 'm7-1': 94.38, 'm8-1': 167.49}",8.370000000000001,937.48,943.0600000000001,inf,1047.48,1047.48
938,T7,BESTEFFORT,COMPLETED,m5-1,938.619,"{'m1-1': 26.67, 'm2-1': 26.39, 'm3-1': 5.01, 'm4-1': 5.13, 'm5-1': 10.7, 'm6-1': 1.06, 'm7-1': 101.3, 'm8-1': 151.64}",16.049999999999997,938.619,949.3190000000001,inf,1048.6190000000001,1048.6190000000001
939,T7,BESTEFFORT,COMPLETED,m6-1,939.808,"{'m1-1': 25.71, 'm2-1': 24.93, 'm3-1': 5.45, 'm4-1': 5.37, 'm5-1': 11.47, 'm6-1': 1.01, 'm7-1': 107.14, 'm8-1': 167.43}",1.5150000000000001,939.808,940.818,inf,1049.808,1049.808
940,T4,BESTEFFORT,COMPLETED,m3-1,942.216,"{'m1-1': 25.46, 'm2-1': 25.51, 'm3-1': 5.49, 'm4-1': 5.38, 'm5-1': 11.25, 'm6-1': 1.1, 'm7-1': 107.36, 'm8-1': 151.04}",8.235,942.216,947.706,inf,1052.216,1052.216
941,T4,BESTEFFORT,COMPLETED,m6-1,942.764,"{'m1-1': 25.13, 'm2-1': 28.58, 'm3-1': 5.93, 'm4-1': 5.04, 'm5-1': 10.96, 'm6-1': 0.97, 'm7-1': 98.73, 'm8-1': 168.6}",1.455,942.764,943.734,inf,1052.7640000000001,1052.7640000000001
942,T6,BESTEFFORT,COMPLETED,m4-1,943.556,"{'m1-1': 25.54, 'm2-1': 25.19, 'm3-1': 5.14, 'm4-1': 5.12, 'm5-1': 10.12, 'm6-1': 1.08, 'm7-1': 105.43, 'm8-1': 150.93}",7.68,943.556,948.676,inf,1053.556,1053.556
943,T7,BESTEFFORT,COMPLETED,m6-1,944.326,"{'m1-1': 24.87, 'm2-1': 26.04, 'm3-1': 5.66, 'm4-1': 5.4, 'm5-1': 10.38, 'm6-1': 0.98, 'm7-1': 94.64, 'm8-1': 171.6}",1.47,944.326,945.306,inf,1054.326,1054.326
944,T7,BESTEFFORT,COMPLETED,m1-1,944.586,"{'m1-1': 25.52, 'm2-1': 24.03, 'm3-1': 5.13, 'm4-1': 4.99, 'm5-1': 11.14, 'm6-1': 0.94, 'm7-1': 105.9, 'm8-1': 169.02}",38.28,971.0959999999999,996.6159999999999,inf,1054.586,1054.586
945,T4,BESTEFFORT,COMPLETED,m2-1,944.588,"{'m1-1': 28.69, 'm2-1': 26.62, 'm3-1': 5.56, 'm4-1': 5.44, 'm5-1': 10.3, 'm6-1': 1.05, 'm7-1': 104.71, 'm8-1': 153.72}",39.93,952.054,978.674,inf,1054.588,1054.588
946,T1,BESTEFFORT,COMPLETED,m6-1,945.769,"{'m1-1': 26.83, 'm2-1': 26.79, 'm3-1': 4.9, 'm4-1': 5.27, 'm5-1': 9.82, 'm6-1': 1.02, 'm7-1': 101.48, 'm8-1': 146.41}",1.53,945.769,946.789,inf,1055.769,1055.769
947,T7,BESTEFFORT,COMPLETED,m3-1,946.311,"{'m1-1': 26.61, 'm2-1': 25.38, 'm3-1': 5.56, 'm4-1': 5.62, 'm5-1': 10.24, 'm6-1': 1.1, 'm7-1': 104.52, 'm8-1': 164.17}",8.34,947.706,953.266,inf,1056.3110000000001,1056.3110000000001
948,T3,BESTEFFORT,COMPLETED,m4-1,949.252,"{'m1-1': 25.2, 'm2-1': 24.76, 'm3-1': 5.07, 'm4-1': 4.98, 'm5-1': 9.93, 'm6-1': 1.02, 'm7-1': 105.42, 'm8-1': 160.25}",7.470000000000001,949.252,954.232,inf,1059.252,1059.252
949,T4,BESTEFFORT,COMPLETED,m5-1,949.328,"{'m1-1': 26.2, 'm2-1': 26.16, 'm3-1': 5.26, 'm4-1': 5.83, 'm5-1': 10.03, 'm6-1': 1.03, 'm7-1': 105.08, 'm8-1': 159.51}",15.044999999999998,949.328,959.358,inf,1059.328,1059.328
950,T10,BESTEFFORT,COMPLETED,m6-1,950.933,"{'m1-1': 25.26, 'm2-1': 27.18, 'm3-1': 5.79, 'm4-1': 5.17, 'm5-1': 9.77, 'm6-1': 1.0, 'm7-1': 106.61, 'm8-1': 161.09}",1.5,950.933,951.933,inf,1060.933,1060.933
951,T4,BESTEFFORT,COMPLETED,m3-1,951.393,"{'m1-1': 25.97, 'm2-1': 28.26, 'm3-1': 5.61, 'm4-1': 5.7, 'm5-1': 10.5, 'm6-1': 1.07, 'm7-1': 97.15, 'm8-1': 155.37}",8.415000000000001,953.266,958.876,inf,1061.393,1061.393
952,T7,BESTEFFORT,COMPLETED,m4-1,954.568,"{'m1-1': 27.13, 'm2-1': 27.55, 'm3-1': 5.17, 'm4-1': 4.84, 'm5-1': 11.14, 'm6-1': 1.06, 'm7-1': 106.04, 'm8-1': 163.36}",7.26,954.568,959.408,inf,1064.568,1064.568
953,T3,BESTEFFORT,COMPLETED,m6-1,954.999,"{'m1-1': 24.95, 'm2-1': 26.46, 'm3-1': 5.26, 'm4-1': 5.39, 'm5-1': 9.38, 'm6-1': 1.02, 'm7-1': 115.93, 'm8-1': 156.86}",1.53,954.999,956.019,inf,1064.999,1064.999
954,T4,BESTEFFORT,COMPLETED,m6-1,957.874,"{'m1-1': 27.8, 'm2-1': 28.03, 'm3-1': 5.14, 'm4-1': 5.72, 'm5-1': 10.65, 'm6-1': 1.06, 'm7-1': 101.42, 'm8-1': 157.53}",1.59,957.874,958.934,inf,1067.874,1067.874
955,T3,BESTEFFORT,MISSED,m7-1,958.46,"{'m1-1': 28.26, 'm2-1': 24.11, 'm3-1': 5.25, 'm4-1': 5.09, 'm5-1': 9.6, 'm6-1': 1.03, 'm7-1': 113.42, 'm8-1': 160.33}",165.0,958.46,inf,1068.46,1068.46,1068.46
956,T9,BESTEFFORT,COMPLETED,m3-1,958.98,"{'m1-1': 26.35, 'm2-1': 25.29, 'm3-1': 5.58, 'm4-1': 4.92, 'm5-1': 10.4, 'm6-1': 0.93, 'm7-1': 105.13, 'm8-1': 153.08}",8.370000000000001,958.98,964.5600000000001,inf,1068.98,1068.98
957,T6,BESTEFFORT,COMPLETED,m4-1,959.612,"{'m1-1': 27.73, 'm2-1': 25.53, 'm3-1': 5.16, 'm4-1': 5.57, 'm5-1': 11.1, 'm6-1': 1.06, 'm7-1': 102.19, 'm8-1': 170.62}",8.355,959.612,965.182,inf,1069.612,1069.612
958,T3,BESTEFFORT,COMPLETED,m3-1,966.947,"{'m1-1': 28.29, 'm2-1': 25.75, 'm3-1': 5.71, 'm4-1': 5.58, 'm5-1': 9.88, 'm6-1': 1.04, 'm7-1': 119.33, 'm8-1': 157.29}",8.565,966.947,972.657,inf,1076.9470000000001,1076.9470000000001
959,T10,BESTEFFORT,COMPLETED,m4-1,971.816,"{'m1-1': 28.49, 'm2-1': 23.84, 'm3-1': 5.3, 'm4-1': 5.27, 'm5-1': 10.88, 'm6-1': 1.06, 'm7-1': 113.03, 'm8-1': 140.28}",7.904999999999999,971.816,977.086,inf,1081.816,1081.816
960,T3,BESTEFFORT,COMPLETED,m5-1,972.025,"{'m1-1': 26.04, 'm2-1': 24.46, 'm3-1': 5.38, 'm4-1': 4.9, 'm5-1': 9.56, 'm6-1': 1.03, 'm7-1': 102.43, 'm8-1': 153.34}",14.34,972.025,981.5849999999999,inf,1082.025,1082.025
961,T4,BESTEFFORT,COMPLETED,m3-1,972.886,"{'m1-1': 24.59, 'm2-1': 24.17, 'm3-1': 5.45, 'm4-1': 5.15, 'm5-1': 11.58, 'm6-1': 1.06, 'm7-1': 104.4, 'm8-1': 148.56}",8.175,972.886,978.336,inf,1082.886,1082.886
962,T4,BESTEFFORT,COMPLETED,m6-1,973.173,"{'m1-1': 24.88, 'm2-1': 27.64, 'm3-1': 5.55, 'm4-1': 5.44, 'm5-1': 10.43, 'm6-1': 1.08, 'm7-1': 101.98, 'm8-1': 160.55}",1.62,973.173,974.253,inf,1083.173,1083.173
963,T9,BESTEFFORT,COMPLETED,m1-1,973.259,"{'m1-1': 26.03, 'm2-1': 29.19, 'm3-1': 5.84, 'm4-1': 5.44, 'm5-1': 10.37, 'm6-1': 1.06, 'm7-1': 105.63, 'm8-1': 151.3}",39.045,996.6159999999999,1022.6459999999998,inf,1083.259,1083.259
964,T4,BESTEFFORT,COMPLETED,m6-1,974.674,"{'m1-1': 24.57, 'm2-1': 28.19, 'm3-1': 5.1, 'm4-1': 5.37, 'm5-1': 11.26, 'm6-1': 1.08, 'm7-1': 102.86, 'm8-1': 167.49}",1.62,974.674,975.754,inf,1084.674,1084.674
965,T10,BESTEFFORT,COMPLETED,m6-1,976.6,"{'m1-1': 25.71, 'm2-1': 28.0, 'm3-1': 5.14, 'm4-1': 4.83, 'm5-1': 10.58, 'm6-1': 0.96, 'm7-1': 103.83, 'm8-1': 146.44}",1.44,976.6,977.5600000000001,inf,1086.6,1086.6
966,T4,BESTEFFORT,COMPLETED,m2-1,976.653,"{'m1-1': 28.45, 'm2-1': 24.86, 'm3-1': 5.36, 'm4-1': 5.13, 'm5-1': 10.35, 'm6-1': 1.06, 'm7-1': 109.79, 'm8-1': 149.08}",37.29,978.674,1003.534,inf,1086.653,1086.653
967,T4,BESTEFFORT,COMPLETED,m3-1,981.565,"{'m1-1': 26.64, 'm2-1': 27.67, 'm3-1': 5.09, 'm4-1': 5.47, 'm5-1': 10.42, 'm6-1': 0.97, 'm7-1': 101.42, 'm8-1': 153.36}",7.635,981.565,986.6550000000001,inf,1091.565,1091.565
968,T4,BESTEFFORT,COMPLETED,m4-1,982.823,"{'m1-1': 24.48, 'm2-1': 27.85, 'm3-1': 5.78, 'm4-1': 5.76, 'm5-1': 10.56, 'm6-1': 1.03, 'm7-1': 102.64, 'm8-1': 149.92}",8.64,982.823,988.583,inf,1092.8229999999999,1092.8229999999999
969,T4,BESTEFFORT,COMPLETED,m5-1,984.812,"{'m1-1': 28.14, 'm2-1': 26.42, 'm3-1': 5.79, 'm4-1': 5.09, 'm5-1': 10.62, 'm6-1': 1.09, 'm7-1': 114.76, 'm8-1': 161.22}",15.93,984.812,995.432,inf,1094.812,1094.812
970,T6,BESTEFFORT,COMPLETED,m6-1,984.933,"{'m1-1': 26.24, 'm2-1': 24.54, 'm3-1': 5.14, 'm4-1': 5.54, 'm5-1': 11.35, 'm6-1': 1.08, 'm7-1': 104.08, 'm8-1': 153.07}",1.62,984.933,986.013,inf,1094.933,1094.933
971,T6,BESTEFFORT,COMPLETED,m6-1,986.016,"{'m1-1': 26.26, 'm2-1': 23.9, 'm3-1': 5.17, 'm4-1': 5.73, 'm5-1': 9.63, 'm6-1': 1.03, 'm7-1': 113.53, 'm8-1': 150.85}",1.545,986.016,987.0459999999999,inf,1096.016,1096.016
972,T6,BESTEFFORT,COMPLETED,m3-1,990.969,"{'m1-1': 25.95, 'm2-1': 27.57, 'm3-1': 5.09, 'm4-1': 5.14, 'm5-1': 10.13, 'm6-1': 1.03, 'm7-1': 105.7, 'm8-1': 164.11}",7.635,990.969,996.0590000000001,inf,1100.969,1100.969
973,T4,BESTEFFORT,COMPLETED,m4-1,995.206,"{'m1-1': 26.8, 'm2-1': 26.49, 'm3-1': 5.34, 'm4-1': 5.43, 'm5-1': 10.35, 'm6-1': 1.1, 'm7-1': 114.72, 'm8-1': 175.5}",8.145,995.206,1000.636,inf,1105.2060000000001,1105.2060000000001
974,T4,BESTEFFORT,COMPLETED,m3-1,997.201,"{'m1-1': 28.14, 'm2-1': 25.72, 'm3-1': 5.46, 'm4-1': 5.11, 'm5-1': 11.52, 'm6-1': 1.09, 'm7-1': 110.91, 'm8-1': 148.99}",8.19,997.201,1002.6610000000001,inf,1107.201,1107.201
975,T6,BESTEFFORT,COMPLETED,m5-1,999.592,"{'m1-1': 29.44, 'm2-1': 27.58, 'm3-1': 5.6, 'm4-1': 5.46, 'm5-1': 10.6, 'm6-1': 0.99, 'm7-1': 109.33, 'm8-1': 148.67}",15.899999999999999,999.592,1010.192,inf,1109.592,1109.592
976,T6,BESTEFFORT,COMPLETED,m6-1,999.665,"{'m1-1': 26.78, 'm2-1': 26.6, 'm3-1': 5.6, 'm4-1': 5.73, 'm5-1': 10.29, 'm6-1': 0.96, 'm7-1': 105.43, 'm8-1': 148.14}",1.44,999.665,1000.625,inf,1109.665,1109.665
977,T4,BESTEFFORT,COMPLETED,m4-1,1002.61,"{'m1-1': 28.83, 'm2-1': 27.02, 'm3-1': 5.04, 'm4-1': 4.96, 'm5-1': 10.95, 'm6-1': 0.99, 'm7-1': 113.08, 'm8-1': 162.39}",7.4399999999999995,1002.61,1007.57,inf,1112.6100000000001,1112.6100000000001
978,T9,BESTEFFORT,COMPLETED,m2-1,1004.671,"{'m1-1': 24.3, 'm2-1': 25.82, 'm3-1': 5.27, 'm4-1': 5.45, 'm5-1': 11.0, 'm6-1': 0.96, 'm7-1': 104.52, 'm8-1': 149.18}",38.730000000000004,1004.671,1030.491,inf,1114.671,1114.671
979,T1,BESTEFFORT,COMPLETED,m3-1,1012.216,"{'m1-1': 25.41, 'm2-1': 26.25, 'm3-1': 5.34, 'm4-1': 5.08, 'm5-1': 9.71, 'm6-1': 1.01, 'm7-1': 117.31, 'm8-1': 154.44}",8.01,1012.216,1017.556,inf,1122.216,1122.216
980,T9,BESTEFFORT,COMPLETED,m3-1,1017.763,"{'m1-1': 24.76, 'm2-1': 27.25, 'm3-1': 5.22, 'm4-1': 5.62, 'm5-1': 11.16, 'm6-1': 0.96, 'm7-1': 105.88, 'm8-1': 157.01}",7.83,1017.763,1022.9830000000001,inf,1127.763,1127.763
981,T1,BESTEFFORT,COMPLETED,m4-1,1021.056,"{'m1-1': 23.74, 'm2-1': 27.14, 'm3-1': 5.74, 'm4-1': 5.35, 'm5-1': 10.64, 'm6-1': 1.12, 'm7-1': 105.0, 'm8-1': 145.97}",8.024999999999999,1021.056,1026.406,inf,1131.056,1131.056
982,T4,BESTEFFORT,COMPLETED,m1-1,1031.111,"{'m1-1': 24.58, 'm2-1': 24.77, 'm3-1': 5.43, 'm4-1': 5.49, 'm5-1': 11.51, 'm6-1': 1.04, 'm7-1': 104.38, 'm8-1': 168.85}",36.87,1031.111,1055.691,inf,1141.111,1141.111
983,T4,BESTEFFORT,COMPLETED,m2-1,1037.441,"{'m1-1': 24.94, 'm2-1': 26.94, 'm3-1': 5.84, 'm4-1': 5.76, 'm5-1': 10.39, 'm6-1': 0.99, 'm7-1': 101.17, 'm8-1': 166.73}",40.410000000000004,1037.441,1064.381,inf,1147.441,1147.441
984,T9,BESTEFFORT,COMPLETED,m3-1,1042.337,"{'m1-1': 25.68, 'm2-1': 26.72, 'm3-1': 5.49, 'm4-1': 5.54, 'm5-1': 9.87, 'm6-1': 1.03, 'm7-1': 98.14, 'm8-1': 167.69}",8.235,1042.337,1047.827,inf,1152.337,1152.337
985,T4,BESTEFFORT,COMPLETED,m4-1,1046.94,"{'m1-1': 24.94, 'm2-1': 25.57, 'm3-1': 5.12, 'm4-1': 5.25, 'm5-1': 10.08, 'm6-1': 1.05, 'm7-1': 105.67, 'm8-1': 160.42}",7.875,1046.94,1052.19,inf,1156.94,1156.94
986,T4,BESTEFFORT,COMPLETED,m3-1,1053.914,"{'m1-1': 25.19, 'm2-1': 24.59, 'm3-1': 5.56, 'm4-1': 5.33, 'm5-1': 11.66, 'm6-1': 1.0, 'm7-1': 100.62, 'm8-1': 170.66}",8.34,1053.914,1059.474,inf,1163.914,1163.914
987,T4,BESTEFFORT,COMPLETED,m4-1,1055.37,"{'m1-1': 26.38, 'm2-1': 27.33, 'm3-1': 5.31, 'm4-1': 5.41, 'm5-1': 11.35, 'm6-1': 1.07, 'm7-1': 108.21, 'm8-1': 175.09}",8.115,1055.37,1060.78,inf,1165.37,1165.37
988,T9,BESTEFFORT,COMPLETED,m1-1,1060.447,"{'m1-1': 27.99, 'm2-1': 25.94, 'm3-1': 5.12, 'm4-1': 5.33, 'm5-1': 11.23, 'm6-1': 1.04, 'm7-1': 109.64, 'm8-1': 150.68}",41.985,1060.447,1088.437,inf,1170.447,1170.447
989,T4,BESTEFFORT,COMPLETED,m2-1,1067.033,"{'m1-1': 28.88, 'm2-1': 25.93, 'm3-1': 5.81, 'm4-1': 5.35, 'm5-1': 11.17, 'm6-1': 0.95, 'm7-1': 100.86, 'm8-1': 151.6}",38.894999999999996,1067.033,1092.963,inf,1177.033,1177.033
990,T9,BESTEFFORT,COMPLETED,m3-1,1080.693,"{'m1-1': 25.26, 'm2-1': 26.33, 'm3-1': 5.92, 'm4-1': 5.3, 'm5-1': 10.42, 'm6-1': 0.95, 'm7-1': 99.65, 'm8-1': 148.76}",8.879999999999999,1080.693,1086.613,inf,1190.693,1190.693
991,T4,BESTEFFORT,COMPLETED,m4-1,1081.468,"{'m1-1': 25.28, 'm2-1': 28.54, 'm3-1': 5.74, 'm4-1': 5.39, 'm5-1': 11.7, 'm6-1': 0.98, 'm7-1': 111.39, 'm8-1': 149.89}",8.084999999999999,1081.468,1086.8580000000002,inf,1191.468,1191.468
992,T4,BESTEFFORT,COMPLETED,m1-1,1094.963,"{'m1-1': 26.39, 'm2-1': 25.18, 'm3-1': 5.54, 'm4-1': 5.12, 'm5-1': 9.94, 'm6-1': 1.01, 'm7-1': 103.46, 'm8-1': 154.69}",39.585,1094.963,1121.353,inf,1204.963,1204.963
993,T4,BESTEFFORT,COMPLETED,m2-1,1103.255,"{'m1-1': 28.14, 'm2-1': 27.41, 'm3-1': 5.76, 'm4-1': 5.09, 'm5-1': 11.2, 'm6-1': 1.02, 'm7-1': 104.56, 'm8-1': 153.57}",41.115,1103.255,1130.6650000000002,inf,1213.255,1213.255
994,T9,BESTEFFORT,COMPLETED,m3-1,1106.297,"{'m1-1': 27.56, 'm2-1': 25.25, 'm3-1': 5.56, 'm4-1': 5.18, 'm5-1': 10.54, 'm6-1': 1.01, 'm7-1': 96.18, 'm8-1': 144.39}",8.34,1106.297,1111.857,inf,1216.297,1216.297
995,T9,BESTEFFORT,COMPLETED,m4-1,1108.092,"{'m1-1': 27.88, 'm2-1': 26.5, 'm3-1': 5.71, 'm4-1': 4.75, 'm5-1': 10.46, 'm6-1': 0.95, 'm7-1': 99.48, 'm8-1': 168.06}",7.125,1108.092,1112.842,inf,1218.092,1218.092
996,T9,BESTEFFORT,COMPLETED,m5-1,1109.545,"{'m1-1': 28.06, 'm2-1': 26.33, 'm3-1': 5.67, 'm4-1': 5.03, 'm5-1': 10.4, 'm6-1': 0.94, 'm7-1': 111.49, 'm8-1': 147.98}",15.600000000000001,1109.545,1119.9450000000002,inf,1219.545,1219.545
997,T4,BESTEFFORT,COMPLETED,m6-1,1109.671,"{'m1-1': 25.71, 'm2-1': 27.98, 'm3-1': 5.89, 'm4-1': 4.95, 'm5-1': 9.96, 'm6-1': 1.01, 'm7-1': 107.87, 'm8-1': 168.15}",1.5150000000000001,1109.671,1110.681,inf,1219.671,1219.671
998,T4,BESTEFFORT,COMPLETED,m3-1,1112.417,"{'m1-1': 25.75, 'm2-1': 26.42, 'm3-1': 5.74, 'm4-1': 4.94, 'm5-1': 11.7, 'm6-1': 1.05, 'm7-1': 98.47, 'm8-1': 173.54}",8.61,1112.417,1118.157,inf,1222.417,1222.417
999,T4,BESTEFFORT,COMPLETED,m4-1,1113.861,"{'m1-1': 28.44, 'm2-1': 26.2, 'm3-1': 5.84, 'm4-1': 5.58, 'm5-1': 10.49, 'm6-1': 1.0, 'm7-1': 111.35, 'm8-1': 156.12}",8.370000000000001,1113.861,1119.441,inf,1223.861,1223.861
