id,type,urgency,status,assigned_machine,arrival_time,execution_time,energy_usage,start_time,completion_time,missed_time,deadline,extended_deadline
0,T3,BESTEFFORT,COMPLETED,m1-1,0.013,"{'m1-1': 0.94, 'm2-1': 10.6, 'm3-1': 1.02, 'm4-1': 93.94, 'm5-1': 1.02, 'm6-1': 10.58, 'm7-1': 1.0, 'm8-1': 10.74}",1.41,0.013,0.953,inf,150.013,150.013
1,T4,BESTEFFORT,COMPLETED,m5-1,0.025,"{'m1-1': 1.06, 'm2-1': 11.29, 'm3-1': 1.09, 'm4-1': 97.01, 'm5-1': 1.15, 'm6-1': 11.21, 'm7-1': 1.02, 'm8-1': 10.24}",1.7249999999999999,0.025,1.1749999999999998,inf,150.025,150.025
2,T1,BESTEFFORT,COMPLETED,m3-1,0.03,"{'m1-1': 1.12, 'm2-1': 10.14, 'm3-1': 1.04, 'm4-1': 113.02, 'm5-1': 1.14, 'm6-1': 11.33, 'm7-1': 0.98, 'm8-1': 10.35}",1.56,0.03,1.07,inf,150.03,150.03
3,T2,BESTEFFORT,COMPLETED,m7-1,0.252,"{'m1-1': 1.1, 'm2-1': 9.77, 'm3-1': 1.11, 'm4-1': 107.06, 'm5-1': 1.03, 'm6-1': 10.37, 'm7-1': 0.96, 'm8-1': 9.96}",1.44,0.252,1.212,inf,150.252,150.252
4,T2,BESTEFFORT,COMPLETED,m1-1,0.255,"{'m1-1': 1.0, 'm2-1': 9.66, 'm3-1': 1.02, 'm4-1': 100.88, 'm5-1': 1.04, 'm6-1': 11.04, 'm7-1': 1.01, 'm8-1': 10.12}",1.5,0.953,1.9529999999999998,inf,150.255,150.255
5,T4,BESTEFFORT,COMPLETED,m3-1,0.289,"{'m1-1': 1.13, 'm2-1': 11.04, 'm3-1': 1.04, 'm4-1': 106.73, 'm5-1': 1.05, 'm6-1': 11.03, 'm7-1': 1.09, 'm8-1': 10.68}",1.56,1.07,2.1100000000000003,inf,150.289,150.289
6,T2,BESTEFFORT,COMPLETED,m5-1,0.322,"{'m1-1': 1.0, 'm2-1': 10.17, 'm3-1': 1.06, 'm4-1': 101.69, 'm5-1': 1.03, 'm6-1': 10.68, 'm7-1': 1.01, 'm8-1': 11.05}",1.545,1.1749999999999998,2.205,inf,150.322,150.322
7,T3,BESTEFFORT,COMPLETED,m7-1,0.336,"{'m1-1': 1.0, 'm2-1': 11.53, 'm3-1': 1.11, 'm4-1': 105.86, 'm5-1': 1.05, 'm6-1': 10.65, 'm7-1': 1.06, 'm8-1': 9.82}",1.59,1.212,2.2720000000000002,inf,150.336,150.336
8,T1,BESTEFFORT,COMPLETED,m3-1,0.43,"{'m1-1': 1.07, 'm2-1': 11.06, 'm3-1': 1.08, 'm4-1': 105.96, 'm5-1': 1.04, 'm6-1': 10.1, 'm7-1': 1.08, 'm8-1': 11.66}",1.62,2.1100000000000003,3.1900000000000004,inf,150.43,150.43
9,T3,BESTEFFORT,COMPLETED,m1-1,0.54,"{'m1-1': 1.1, 'm2-1': 11.38, 'm3-1': 1.02, 'm4-1': 95.09, 'm5-1': 1.12, 'm6-1': 10.06, 'm7-1': 1.03, 'm8-1': 11.08}",1.6500000000000001,1.9529999999999998,3.053,inf,150.54,150.54
10,T1,BESTEFFORT,COMPLETED,m5-1,0.727,"{'m1-1': 1.13, 'm2-1': 11.58, 'm3-1': 1.06, 'm4-1': 110.35, 'm5-1': 1.09, 'm6-1': 9.97, 'm7-1': 1.02, 'm8-1': 10.97}",1.6350000000000002,2.205,3.295,inf,150.727,150.727
11,T1,BESTEFFORT,COMPLETED,m7-1,0.965,"{'m1-1': 1.02, 'm2-1': 11.14, 'm3-1': 1.03, 'm4-1': 102.45, 'm5-1': 1.13, 'm6-1': 10.27, 'm7-1': 1.07, 'm8-1': 11.44}",1.605,2.2720000000000002,3.3420000000000005,inf,150.965,150.965
12,T4,BESTEFFORT,COMPLETED,m3-1,1.049,"{'m1-1': 1.14, 'm2-1': 10.94, 'm3-1': 1.05, 'm4-1': 94.77, 'm5-1': 0.98, 'm6-1': 11.69, 'm7-1': 1.15, 'm8-1': 10.71}",1.5750000000000002,3.1900000000000004,4.24,inf,151.049,151.049
13,T2,BESTEFFORT,COMPLETED,m1-1,1.422,"{'m1-1': 1.11, 'm2-1': 9.57, 'm3-1': 1.16, 'm4-1': 103.05, 'm5-1': 1.07, 'm6-1': 10.5, 'm7-1': 0.97, 'm8-1': 10.04}",1.665,3.053,4.163,inf,151.422,151.422
14,T4,BESTEFFORT,COMPLETED,m7-1,1.43,"{'m1-1': 1.0, 'm2-1': 11.62, 'm3-1': 1.08, 'm4-1': 106.02, 'm5-1': 1.1, 'm6-1': 11.3, 'm7-1': 1.17, 'm8-1': 10.55}",1.755,3.3420000000000005,4.5120000000000005,inf,151.43,151.43
15,T1,BESTEFFORT,COMPLETED,m5-1,1.578,"{'m1-1': 1.12, 'm2-1': 10.82, 'm3-1': 0.92, 'm4-1': 100.74, 'm5-1': 1.08, 'm6-1': 9.74, 'm7-1': 1.1, 'm8-1': 10.37}",1.62,3.295,4.375,inf,151.578,151.578
16,T1,BESTEFFORT,COMPLETED,m3-1,1.657,"{'m1-1': 1.11, 'm2-1': 11.4, 'm3-1': 1.0, 'm4-1': 111.23, 'm5-1': 1.18, 'm6-1': 10.73, 'm7-1': 1.12, 'm8-1': 11.72}",1.5,4.24,5.24,inf,151.657,151.657
17,T4,BESTEFFORT,COMPLETED,m1-1,1.721,"{'m1-1': 1.02, 'm2-1': 10.35, 'm3-1': 1.03, 'm4-1': 101.02, 'm5-1': 0.99, 'm6-1': 11.1, 'm7-1': 1.01, 'm8-1': 9.99}",1.53,4.163,5.183,inf,151.721,151.721
18,T4,BESTEFFORT,COMPLETED,m5-1,1.767,"{'m1-1': 1.14, 'm2-1': 10.38, 'm3-1': 1.05, 'm4-1': 103.88, 'm5-1': 1.12, 'm6-1': 9.98, 'm7-1': 1.01, 'm8-1': 10.14}",1.6800000000000002,4.375,5.495,inf,151.767,151.767
19,T1,BESTEFFORT,COMPLETED,m7-1,1.818,"{'m1-1': 1.04, 'm2-1': 10.74, 'm3-1': 1.08, 'm4-1': 111.86, 'm5-1': 1.08, 'm6-1': 11.3, 'm7-1': 0.98, 'm8-1': 11.58}",1.47,4.5120000000000005,5.492000000000001,inf,151.818,151.818
20,T2,BESTEFFORT,COMPLETED,m1-1,2.072,"{'m1-1': 1.12, 'm2-1': 10.61, 'm3-1': 1.11, 'm4-1': 113.2, 'm5-1': 0.96, 'm6-1': 10.63, 'm7-1': 1.07, 'm8-1': 11.08}",1.6800000000000002,5.183,6.303,inf,152.072,152.072
21,T1,BESTEFFORT,COMPLETED,m6-1,2.077,"{'m1-1': 1.02, 'm2-1': 11.63, 'm3-1': 0.97, 'm4-1': 110.58, 'm5-1': 1.09, 'm6-1': 10.54, 'm7-1': 0.96, 'm8-1': 11.39}",15.809999999999999,2.077,12.616999999999999,inf,152.077,152.077
22,T2,BESTEFFORT,COMPLETED,m5-1,2.22,"{'m1-1': 1.09, 'm2-1': 10.83, 'm3-1': 1.03, 'm4-1': 115.64, 'm5-1': 0.93, 'm6-1': 11.66, 'm7-1': 1.08, 'm8-1': 10.75}",1.395,5.495,6.425,inf,152.22,152.22
23,T1,BESTEFFORT,COMPLETED,m3-1,2.243,"{'m1-1': 1.01, 'm2-1': 11.23, 'm3-1': 0.96, 'm4-1': 107.03, 'm5-1': 1.1, 'm6-1': 10.98, 'm7-1': 1.11, 'm8-1': 10.48}",1.44,5.24,6.2,inf,152.243,152.243
24,T2,BESTEFFORT,COMPLETED,m7-1,2.665,"{'m1-1': 1.07, 'm2-1': 10.72, 'm3-1': 1.14, 'm4-1': 110.49, 'm5-1': 1.06, 'm6-1': 10.08, 'm7-1': 1.1, 'm8-1': 10.23}",1.6500000000000001,5.492000000000001,6.5920000000000005,inf,152.665,152.665
25,T2,BESTEFFORT,COMPLETED,m8-1,2.812,"{'m1-1': 1.15, 'm2-1': 10.4, 'm3-1': 1.11, 'm4-1': 116.55, 'm5-1': 0.96, 'm6-1': 10.0, 'm7-1': 0.98, 'm8-1': 11.24}",16.86,2.812,14.052,inf,152.812,152.812
26,T3,BESTEFFORT,COMPLETED,m2-1,2.828,"{'m1-1': 1.09, 'm2-1': 10.39, 'm3-1': 1.02, 'm4-1': 98.42, 'm5-1': 1.13, 'm6-1': 9.83, 'm7-1': 1.0, 'm8-1': 9.93}",15.585,2.828,13.218,inf,152.828,152.828
27,T1,BESTEFFORT,COMPLETED,m6-1,2.873,"{'m1-1': 0.98, 'm2-1': 11.71, 'm3-1': 1.03, 'm4-1': 97.29, 'm5-1': 1.05, 'm6-1': 10.35, 'm7-1': 1.09, 'm8-1': 10.05}",15.524999999999999,12.616999999999999,22.967,inf,152.873,152.873
28,T4,BESTEFFORT,COMPLETED,m8-1,2.945,"{'m1-1': 1.1, 'm2-1': 10.2, 'm3-1': 0.98, 'm4-1': 95.45, 'm5-1': 1.05, 'm6-1': 11.16, 'm7-1': 1.05, 'm8-1': 11.08}",16.62,14.052,25.131999999999998,inf,152.945,152.945
29,T1,BESTEFFORT,COMPLETED,m1-1,3.182,"{'m1-1': 1.01, 'm2-1': 10.33, 'm3-1': 0.98, 'm4-1': 114.66, 'm5-1': 1.14, 'm6-1': 11.13, 'm7-1': 0.98, 'm8-1': 11.14}",1.5150000000000001,6.303,7.313,inf,153.182,153.182
30,T4,BESTEFFORT,COMPLETED,m5-1,3.502,"{'m1-1': 1.04, 'm2-1': 10.6, 'm3-1': 1.01, 'm4-1': 99.56, 'm5-1': 1.04, 'm6-1': 10.51, 'm7-1': 1.11, 'm8-1': 11.54}",1.56,6.425,7.465,inf,153.502,153.502
31,T3,BESTEFFORT,COMPLETED,m3-1,3.59,"{'m1-1': 1.05, 'm2-1': 11.47, 'm3-1': 1.05, 'm4-1': 97.71, 'm5-1': 1.14, 'm6-1': 10.36, 'm7-1': 1.12, 'm8-1': 9.85}",1.5750000000000002,6.2,7.25,inf,153.59,153.59
32,T1,BESTEFFORT,COMPLETED,m7-1,3.645,"{'m1-1': 0.99, 'm2-1': 10.92, 'm3-1': 0.95, 'm4-1': 99.1, 'm5-1': 1.14, 'm6-1': 10.62, 'm7-1': 0.97, 'm8-1': 11.39}",1.455,6.5920000000000005,7.562,inf,153.645,153.645
33,T1,BESTEFFORT,COMPLETED,m2-1,3.715,"{'m1-1': 1.06, 'm2-1': 10.54, 'm3-1': 1.06, 'm4-1': 97.48, 'm5-1': 1.15, 'm6-1': 10.24, 'm7-1': 1.08, 'm8-1': 10.24}",15.809999999999999,13.218,23.758,inf,153.715,153.715
34,T3,BESTEFFORT,COMPLETED,m6-1,3.899,"{'m1-1': 0.96, 'm2-1': 11.0, 'm3-1': 1.01, 'm4-1': 100.18, 'm5-1': 1.18, 'm6-1': 9.79, 'm7-1': 1.15, 'm8-1': 10.77}",14.684999999999999,22.967,32.757,inf,153.899,153.899
35,T4,BESTEFFORT,COMPLETED,m3-1,4.511,"{'m1-1': 1.04, 'm2-1': 10.19, 'm3-1': 0.99, 'm4-1': 104.9, 'm5-1': 0.99, 'm6-1': 11.54, 'm7-1': 1.17, 'm8-1': 9.91}",1.4849999999999999,7.25,8.24,inf,154.511,154.511
36,T1,BESTEFFORT,COMPLETED,m1-1,5.217,"{'m1-1': 1.07, 'm2-1': 10.47, 'm3-1': 1.07, 'm4-1': 104.58, 'm5-1': 1.04, 'm6-1': 10.33, 'm7-1': 1.02, 'm8-1': 11.63}",1.605,7.313,8.383,inf,155.217,155.217
37,T3,BESTEFFORT,COMPLETED,m5-1,5.239,"{'m1-1': 1.07, 'm2-1': 10.33, 'm3-1': 1.13, 'm4-1': 107.67, 'm5-1': 1.15, 'm6-1': 9.69, 'm7-1': 1.05, 'm8-1': 10.92}",1.7249999999999999,7.465,8.615,inf,155.239,155.239
38,T3,BESTEFFORT,COMPLETED,m7-1,5.35,"{'m1-1': 1.02, 'm2-1': 10.01, 'm3-1': 1.01, 'm4-1': 94.15, 'm5-1': 1.08, 'm6-1': 10.88, 'm7-1': 0.98, 'm8-1': 11.52}",1.47,7.562,8.542,inf,155.35,155.35
39,T2,BESTEFFORT,COMPLETED,m3-1,5.389,"{'m1-1': 1.05, 'm2-1': 10.55, 'm3-1': 1.02, 'm4-1': 112.64, 'm5-1': 0.92, 'm6-1': 10.84, 'm7-1': 0.96, 'm8-1': 11.49}",1.53,8.24,9.26,inf,155.389,155.389
40,T3,BESTEFFORT,COMPLETED,m1-1,5.489,"{'m1-1': 1.11, 'm2-1': 11.81, 'm3-1': 1.05, 'm4-1': 108.2, 'm5-1': 1.14, 'm6-1': 10.94, 'm7-1': 0.99, 'm8-1': 11.19}",1.665,8.383,9.492999999999999,inf,155.489,155.489
41,T4,BESTEFFORT,COMPLETED,m7-1,5.684,"{'m1-1': 1.08, 'm2-1': 10.93, 'm3-1': 1.03, 'm4-1': 109.18, 'm5-1': 1.0, 'm6-1': 10.59, 'm7-1': 1.13, 'm8-1': 11.49}",1.6949999999999998,8.542,9.672,inf,155.684,155.684
42,T2,BESTEFFORT,COMPLETED,m5-1,5.688,"{'m1-1': 0.99, 'm2-1': 10.23, 'm3-1': 1.05, 'm4-1': 116.29, 'm5-1': 1.09, 'm6-1': 9.92, 'm7-1': 1.06, 'm8-1': 11.36}",1.6350000000000002,8.615,9.705,inf,155.688,155.688
43,T1,BESTEFFORT,COMPLETED,m8-1,5.785,"{'m1-1': 1.09, 'm2-1': 11.02, 'm3-1': 1.08, 'm4-1': 105.57, 'm5-1': 1.11, 'm6-1': 10.82, 'm7-1': 1.01, 'm8-1': 11.1}",16.65,25.131999999999998,36.232,inf,155.785,155.785
44,T2,BESTEFFORT,COMPLETED,m2-1,5.983,"{'m1-1': 1.02, 'm2-1': 9.54, 'm3-1': 1.12, 'm4-1': 110.52, 'm5-1': 0.95, 'm6-1': 11.14, 'm7-1': 1.09, 'm8-1': 11.72}",14.309999999999999,23.758,33.298,inf,155.983,155.983
45,T1,BESTEFFORT,COMPLETED,m6-1,6.116,"{'m1-1': 1.0, 'm2-1': 10.0, 'm3-1': 0.95, 'm4-1': 105.43, 'm5-1': 1.02, 'm6-1': 11.12, 'm7-1': 0.97, 'm8-1': 11.03}",16.68,32.757,43.876999999999995,inf,156.11599999999999,156.11599999999999
46,T1,BESTEFFORT,COMPLETED,m3-1,6.321,"{'m1-1': 1.07, 'm2-1': 11.33, 'm3-1': 1.07, 'm4-1': 104.81, 'm5-1': 1.12, 'm6-1': 11.35, 'm7-1': 1.1, 'm8-1': 10.86}",1.605,9.26,10.33,inf,156.321,156.321
47,T4,BESTEFFORT,COMPLETED,m1-1,6.322,"{'m1-1': 1.11, 'm2-1': 10.88, 'm3-1': 1.16, 'm4-1': 98.28, 'm5-1': 1.13, 'm6-1': 10.07, 'm7-1': 1.03, 'm8-1': 10.04}",1.665,9.492999999999999,10.602999999999998,inf,156.322,156.322
48,T3,BESTEFFORT,COMPLETED,m8-1,6.372,"{'m1-1': 1.02, 'm2-1': 10.68, 'm3-1': 1.02, 'm4-1': 103.57, 'm5-1': 1.04, 'm6-1': 10.78, 'm7-1': 1.03, 'm8-1': 11.2}",16.799999999999997,36.232,47.432,inf,156.372,156.372
49,T4,BESTEFFORT,COMPLETED,m2-1,6.403,"{'m1-1': 1.18, 'm2-1': 10.88, 'm3-1': 1.13, 'm4-1': 96.07, 'm5-1': 1.14, 'm6-1': 11.18, 'm7-1': 1.12, 'm8-1': 10.22}",16.32,33.298,44.178000000000004,inf,156.403,156.403
50,T1,BESTEFFORT,COMPLETED,m4-1,6.429,"{'m1-1': 1.02, 'm2-1': 11.44, 'm3-1': 1.07, 'm4-1': 114.6, 'm5-1': 1.19, 'm6-1': 10.0, 'm7-1': 1.0, 'm8-1': 10.29}",171.89999999999998,6.429,121.029,inf,156.429,156.429
51,T3,BESTEFFORT,COMPLETED,m5-1,6.429,"{'m1-1': 0.97, 'm2-1': 11.06, 'm3-1': 1.05, 'm4-1': 101.7, 'm5-1': 1.17, 'm6-1': 10.49, 'm7-1': 1.1, 'm8-1': 10.27}",1.755,9.705,10.875,inf,156.429,156.429
52,T4,BESTEFFORT,COMPLETED,m7-1,6.836,"{'m1-1': 1.13, 'm2-1': 11.19, 'm3-1': 1.04, 'm4-1': 99.34, 'm5-1': 0.99, 'm6-1': 11.06, 'm7-1': 1.18, 'm8-1': 11.5}",1.77,9.672,10.852,inf,156.836,156.836
53,T2,BESTEFFORT,MISSED,m4-1,6.922,"{'m1-1': 1.06, 'm2-1': 10.26, 'm3-1': 1.01, 'm4-1': 117.29, 'm5-1': 1.07, 'm6-1': 10.62, 'm7-1': 0.94, 'm8-1': 10.89}",53.8395,121.029,inf,156.922,156.922,156.922
54,T2,BESTEFFORT,MISSED,m4-1,6.941,"{'m1-1': 1.04, 'm2-1': 10.59, 'm3-1': 1.0, 'm4-1': 101.71, 'm5-1': 0.97, 'm6-1': 11.26, 'm7-1': 1.06, 'm8-1': 10.54}",0.028500000000008185,156.922,inf,156.941,156.941,156.941
55,T3,BESTEFFORT,MISSED,m4-1,6.971,"{'m1-1': 1.12, 'm2-1': 11.13, 'm3-1': 0.98, 'm4-1': 105.05, 'm5-1': 1.06, 'm6-1': 10.16, 'm7-1': 1.08, 'm8-1': 10.0}",0.045000000000001705,156.941,inf,156.971,156.971,156.971
56,T4,BESTEFFORT,COMPLETED,m3-1,7.003,"{'m1-1': 1.03, 'm2-1': 9.95, 'm3-1': 1.14, 'm4-1': 106.31, 'm5-1': 1.07, 'm6-1': 10.9, 'm7-1': 1.01, 'm8-1': 11.26}",1.71,10.33,11.47,inf,157.003,157.003
57,T3,BESTEFFORT,COMPLETED,m1-1,7.414,"{'m1-1': 1.11, 'm2-1': 10.75, 'm3-1': 0.98, 'm4-1': 102.06, 'm5-1': 1.03, 'm6-1': 10.8, 'm7-1': 1.12, 'm8-1': 10.68}",1.665,10.602999999999998,11.712999999999997,inf,157.414,157.414
58,T3,BESTEFFORT,COMPLETED,m7-1,7.582,"{'m1-1': 1.0, 'm2-1': 11.63, 'm3-1': 1.02, 'm4-1': 97.21, 'm5-1': 1.18, 'm6-1': 10.75, 'm7-1': 1.07, 'm8-1': 10.0}",1.605,10.852,11.922,inf,157.582,157.582
59,T3,BESTEFFORT,COMPLETED,m5-1,7.662,"{'m1-1': 0.96, 'm2-1': 11.14, 'm3-1': 1.07, 'm4-1': 92.96, 'm5-1': 1.12, 'm6-1': 11.07, 'm7-1': 1.15, 'm8-1': 10.89}",1.6800000000000002,10.875,11.995000000000001,inf,157.662,157.662
60,T2,BESTEFFORT,COMPLETED,m5-1,7.689,"{'m1-1': 0.97, 'm2-1': 10.6, 'm3-1': 1.12, 'm4-1': 103.05, 'm5-1': 1.03, 'm6-1': 11.59, 'm7-1': 1.05, 'm8-1': 10.83}",1.545,11.995000000000001,13.025,inf,157.689,157.689
61,T4,BESTEFFORT,COMPLETED,m5-1,7.942,"{'m1-1': 1.06, 'm2-1': 11.06, 'm3-1': 1.05, 'm4-1': 95.62, 'm5-1': 1.0, 'm6-1': 10.84, 'm7-1': 1.07, 'm8-1': 11.11}",1.5,102.80499999999999,103.80499999999999,inf,157.942,157.942
62,T1,BESTEFFORT,COMPLETED,m3-1,7.984,"{'m1-1': 1.02, 'm2-1': 11.76, 'm3-1': 1.06, 'm4-1': 99.48, 'm5-1': 1.05, 'm6-1': 10.37, 'm7-1': 1.0, 'm8-1': 10.48}",1.59,11.47,12.530000000000001,inf,157.984,157.984
63,T4,BESTEFFORT,COMPLETED,m5-1,8.024,"{'m1-1': 1.1, 'm2-1': 10.86, 'm3-1': 1.06, 'm4-1': 104.58, 'm5-1': 0.99, 'm6-1': 10.68, 'm7-1': 1.18, 'm8-1': 11.25}",1.4849999999999999,95.185,96.175,inf,158.024,158.024
64,T1,BESTEFFORT,COMPLETED,m3-1,8.14,"{'m1-1': 1.02, 'm2-1': 10.3, 'm3-1': 1.03, 'm4-1': 106.94, 'm5-1': 1.18, 'm6-1': 10.77, 'm7-1': 1.0, 'm8-1': 9.96}",1.545,12.530000000000001,13.56,inf,158.14,158.14
65,T3,BESTEFFORT,COMPLETED,m1-1,8.181,"{'m1-1': 1.04, 'm2-1': 10.88, 'm3-1': 1.05, 'm4-1': 105.44, 'm5-1': 1.17, 'm6-1': 10.92, 'm7-1': 1.12, 'm8-1': 10.14}",1.56,11.712999999999997,12.752999999999997,inf,158.181,158.181
66,T4,BESTEFFORT,COMPLETED,m3-1,8.24,"{'m1-1': 1.16, 'm2-1': 11.43, 'm3-1': 1.07, 'm4-1': 93.15, 'm5-1': 1.16, 'm6-1': 11.22, 'm7-1': 1.11, 'm8-1': 11.41}",1.605,35.23,36.3,inf,158.24,158.24
67,T1,BESTEFFORT,COMPLETED,m8-1,8.43,"{'m1-1': 1.14, 'm2-1': 10.95, 'm3-1': 1.06, 'm4-1': 99.55, 'm5-1': 1.01, 'm6-1': 9.84, 'm7-1': 1.02, 'm8-1': 11.36}",17.04,47.432,58.792,inf,158.43,158.43
68,T4,BESTEFFORT,COMPLETED,m5-1,8.471,"{'m1-1': 1.01, 'm2-1': 11.63, 'm3-1': 1.01, 'm4-1': 106.31, 'm5-1': 1.06, 'm6-1': 11.16, 'm7-1': 1.13, 'm8-1': 11.03}",1.59,109.255,110.315,inf,158.471,158.471
69,T1,BESTEFFORT,COMPLETED,m7-1,8.499,"{'m1-1': 1.0, 'm2-1': 10.26, 'm3-1': 0.99, 'm4-1': 109.1, 'm5-1': 1.09, 'm6-1': 10.44, 'm7-1': 1.08, 'm8-1': 10.29}",1.62,11.922,13.002,inf,158.499,158.499
70,T4,BESTEFFORT,COMPLETED,m1-1,8.664,"{'m1-1': 1.02, 'm2-1': 10.04, 'm3-1': 1.08, 'm4-1': 103.91, 'm5-1': 1.06, 'm6-1': 11.58, 'm7-1': 1.11, 'm8-1': 10.72}",1.53,25.362999999999996,26.382999999999996,inf,158.664,158.664
71,T3,BESTEFFORT,COMPLETED,m3-1,8.849,"{'m1-1': 1.09, 'm2-1': 11.38, 'm3-1': 1.0, 'm4-1': 101.22, 'm5-1': 1.1, 'm6-1': 10.49, 'm7-1': 0.98, 'm8-1': 11.47}",1.5,37.3,38.3,inf,158.849,158.849
72,T1,BESTEFFORT,COMPLETED,m5-1,8.861,"{'m1-1': 1.14, 'm2-1': 11.64, 'm3-1': 1.01, 'm4-1': 103.68, 'm5-1': 1.02, 'm6-1': 11.49, 'm7-1': 1.04, 'm8-1': 10.16}",1.53,16.205,17.224999999999998,inf,158.861,158.861
73,T2,BESTEFFORT,COMPLETED,m7-1,8.889,"{'m1-1': 1.09, 'm2-1': 10.77, 'm3-1': 1.07, 'm4-1': 107.59, 'm5-1': 0.99, 'm6-1': 10.53, 'm7-1': 0.99, 'm8-1': 11.41}",1.4849999999999999,13.002,13.992,inf,158.889,158.889
74,T2,BESTEFFORT,COMPLETED,m1-1,9.112,"{'m1-1': 0.98, 'm2-1': 11.02, 'm3-1': 1.14, 'm4-1': 101.16, 'm5-1': 1.07, 'm6-1': 10.35, 'm7-1': 0.99, 'm8-1': 11.19}",1.47,12.752999999999997,13.732999999999997,inf,159.112,159.112
75,T1,BESTEFFORT,COMPLETED,m7-1,9.19,"{'m1-1': 1.04, 'm2-1': 11.06, 'm3-1': 0.97, 'm4-1': 115.51, 'm5-1': 1.1, 'm6-1': 9.99, 'm7-1': 1.11, 'm8-1': 11.7}",1.665,13.992,15.102,inf,159.19,159.19
76,T2,BESTEFFORT,COMPLETED,m5-1,9.353,"{'m1-1': 1.1, 'm2-1': 10.74, 'm3-1': 1.07, 'm4-1': 112.32, 'm5-1': 1.03, 'm6-1': 11.39, 'm7-1': 1.08, 'm8-1': 11.5}",1.545,13.025,14.055,inf,159.353,159.353
77,T1,BESTEFFORT,COMPLETED,m3-1,9.507,"{'m1-1': 1.16, 'm2-1': 11.73, 'm3-1': 1.04, 'm4-1': 101.7, 'm5-1': 1.08, 'm6-1': 10.6, 'm7-1': 1.0, 'm8-1': 10.86}",1.56,18.770000000000003,19.810000000000002,inf,159.507,159.507
78,T1,BESTEFFORT,COMPLETED,m3-1,9.681,"{'m1-1': 1.04, 'm2-1': 10.24, 'm3-1': 1.03, 'm4-1': 107.31, 'm5-1': 1.06, 'm6-1': 10.55, 'm7-1': 1.03, 'm8-1': 10.28}",1.545,15.620000000000001,16.650000000000002,inf,159.681,159.681
79,T2,BESTEFFORT,COMPLETED,m7-1,9.981,"{'m1-1': 1.0, 'm2-1': 10.35, 'm3-1': 1.02, 'm4-1': 103.64, 'm5-1': 0.97, 'm6-1': 10.4, 'm7-1': 1.08, 'm8-1': 10.32}",1.62,16.182000000000002,17.262,inf,159.981,159.981
80,T3,BESTEFFORT,COMPLETED,m1-1,10.134,"{'m1-1': 1.03, 'm2-1': 10.08, 'm3-1': 1.04, 'm4-1': 102.12, 'm5-1': 1.18, 'm6-1': 11.1, 'm7-1': 1.01, 'm8-1': 10.0}",1.545,13.732999999999997,14.762999999999996,inf,160.13400000000001,160.13400000000001
81,T1,BESTEFFORT,COMPLETED,m3-1,10.194,"{'m1-1': 1.07, 'm2-1': 10.18, 'm3-1': 1.01, 'm4-1': 113.48, 'm5-1': 1.2, 'm6-1': 11.43, 'm7-1': 1.07, 'm8-1': 11.38}",1.5150000000000001,13.56,14.57,inf,160.194,160.194
82,T4,BESTEFFORT,COMPLETED,m1-1,10.199,"{'m1-1': 1.11, 'm2-1': 10.24, 'm3-1': 1.02, 'm4-1': 101.74, 'm5-1': 1.09, 'm6-1': 10.3, 'm7-1': 1.0, 'm8-1': 11.31}",1.665,29.562999999999995,30.672999999999995,inf,160.199,160.199
83,T4,BESTEFFORT,COMPLETED,m1-1,10.409,"{'m1-1': 1.13, 'm2-1': 10.18, 'm3-1': 1.16, 'm4-1': 95.47, 'm5-1': 1.16, 'm6-1': 10.86, 'm7-1': 1.01, 'm8-1': 11.11}",1.6949999999999998,15.902999999999997,17.032999999999998,inf,160.409,160.409
84,T2,BESTEFFORT,COMPLETED,m5-1,10.464,"{'m1-1': 0.97, 'm2-1': 10.29, 'm3-1': 1.12, 'm4-1': 109.14, 'm5-1': 1.07, 'm6-1': 11.19, 'm7-1': 0.96, 'm8-1': 11.83}",1.605,17.224999999999998,18.294999999999998,inf,160.464,160.464
85,T1,BESTEFFORT,COMPLETED,m5-1,10.815,"{'m1-1': 1.02, 'm2-1': 9.95, 'm3-1': 0.97, 'm4-1': 115.2, 'm5-1': 1.07, 'm6-1': 11.34, 'm7-1': 1.06, 'm8-1': 10.6}",1.605,14.055,15.125,inf,160.815,160.815
86,T1,BESTEFFORT,COMPLETED,m3-1,10.856,"{'m1-1': 1.01, 'm2-1': 10.93, 'm3-1': 1.05, 'm4-1': 108.55, 'm5-1': 1.16, 'm6-1': 11.06, 'm7-1': 1.04, 'm8-1': 10.99}",1.5750000000000002,14.57,15.620000000000001,inf,160.856,160.856
87,T1,BESTEFFORT,COMPLETED,m7-1,10.866,"{'m1-1': 1.12, 'm2-1': 11.47, 'm3-1': 0.97, 'm4-1': 112.9, 'm5-1': 1.08, 'm6-1': 10.33, 'm7-1': 0.96, 'm8-1': 11.72}",1.44,17.262,18.222,inf,160.86599999999999,160.86599999999999
88,T2,BESTEFFORT,COMPLETED,m1-1,10.939,"{'m1-1': 1.14, 'm2-1': 10.84, 'm3-1': 1.15, 'm4-1': 108.8, 'm5-1': 0.99, 'm6-1': 10.38, 'm7-1': 1.0, 'm8-1': 10.43}",1.71,14.762999999999996,15.902999999999997,inf,160.939,160.939
89,T4,BESTEFFORT,COMPLETED,m5-1,11.177,"{'m1-1': 1.09, 'm2-1': 11.13, 'm3-1': 1.04, 'm4-1': 109.34, 'm5-1': 1.08, 'm6-1': 10.27, 'm7-1': 1.14, 'm8-1': 9.92}",1.62,15.125,16.205,inf,161.177,161.177
90,T3,BESTEFFORT,COMPLETED,m6-1,11.331,"{'m1-1': 1.05, 'm2-1': 10.29, 'm3-1': 1.03, 'm4-1': 103.31, 'm5-1': 1.11, 'm6-1': 9.76, 'm7-1': 1.12, 'm8-1': 10.44}",14.64,43.876999999999995,53.63699999999999,inf,161.331,161.331
91,T2,BESTEFFORT,COMPLETED,m7-1,11.442,"{'m1-1': 1.14, 'm2-1': 10.73, 'm3-1': 1.14, 'm4-1': 102.5, 'm5-1': 0.96, 'm6-1': 11.54, 'm7-1': 1.08, 'm8-1': 11.25}",1.62,15.102,16.182000000000002,inf,161.442,161.442
92,T3,BESTEFFORT,COMPLETED,m1-1,11.528,"{'m1-1': 1.0, 'm2-1': 11.77, 'm3-1': 1.08, 'm4-1': 105.12, 'm5-1': 1.16, 'm6-1': 11.17, 'm7-1': 1.12, 'm8-1': 10.57}",1.5,30.672999999999995,31.672999999999995,inf,161.528,161.528
93,T2,BESTEFFORT,COMPLETED,m2-1,11.584,"{'m1-1': 1.12, 'm2-1': 10.12, 'm3-1': 1.03, 'm4-1': 117.58, 'm5-1': 1.02, 'm6-1': 11.29, 'm7-1': 0.95, 'm8-1': 10.27}",15.18,44.178000000000004,54.298,inf,161.584,161.584
94,T3,BESTEFFORT,COMPLETED,m7-1,11.648,"{'m1-1': 1.07, 'm2-1': 10.7, 'm3-1': 1.07, 'm4-1': 99.23, 'm5-1': 1.01, 'm6-1': 10.15, 'm7-1': 1.12, 'm8-1': 10.53}",1.6800000000000002,103.99200000000002,105.11200000000002,inf,161.648,161.648
95,T1,BESTEFFORT,COMPLETED,m1-1,11.662,"{'m1-1': 1.0, 'm2-1': 10.0, 'm3-1': 1.06, 'm4-1': 110.26, 'm5-1': 1.06, 'm6-1': 11.42, 'm7-1': 1.1, 'm8-1': 10.72}",1.5,17.032999999999998,18.032999999999998,inf,161.662,161.662
96,T3,BESTEFFORT,COMPLETED,m3-1,11.746,"{'m1-1': 1.06, 'm2-1': 10.44, 'm3-1': 1.05, 'm4-1': 96.4, 'm5-1': 1.01, 'm6-1': 11.12, 'm7-1': 1.01, 'm8-1': 10.92}",1.5750000000000002,16.650000000000002,17.700000000000003,inf,161.746,161.746
97,T4,BESTEFFORT,COMPLETED,m1-1,11.854,"{'m1-1': 1.04, 'm2-1': 10.55, 'm3-1': 1.15, 'm4-1': 104.63, 'm5-1': 0.99, 'm6-1': 11.09, 'm7-1': 1.16, 'm8-1': 10.78}",1.56,112.06299999999995,113.10299999999995,inf,161.85399999999998,161.85399999999998
98,T1,BESTEFFORT,COMPLETED,m3-1,12.034,"{'m1-1': 1.13, 'm2-1': 11.68, 'm3-1': 1.01, 'm4-1': 101.13, 'm5-1': 1.14, 'm6-1': 11.5, 'm7-1': 1.06, 'm8-1': 10.64}",1.5150000000000001,103.58,104.59,inf,162.034,162.034
99,T3,BESTEFFORT,COMPLETED,m1-1,12.183,"{'m1-1': 1.04, 'm2-1': 11.85, 'm3-1': 1.08, 'm4-1': 97.31, 'm5-1': 1.06, 'm6-1': 10.57, 'm7-1': 1.06, 'm8-1': 11.33}",1.56,113.10299999999995,114.14299999999996,inf,162.183,162.183
100,T4,BESTEFFORT,COMPLETED,m5-1,12.558,"{'m1-1': 1.17, 'm2-1': 10.99, 'm3-1': 1.14, 'm4-1': 94.18, 'm5-1': 1.04, 'm6-1': 11.48, 'm7-1': 1.12, 'm8-1': 10.71}",1.56,44.325,45.365,inf,162.558,162.558
101,T4,BESTEFFORT,COMPLETED,m1-1,13.243,"{'m1-1': 1.04, 'm2-1': 10.54, 'm3-1': 1.04, 'm4-1': 102.61, 'm5-1': 1.0, 'm6-1': 10.24, 'm7-1': 1.04, 'm8-1': 10.3}",1.56,91.46299999999995,92.50299999999996,inf,163.243,163.243
102,T3,BESTEFFORT,COMPLETED,m3-1,13.498,"{'m1-1': 1.07, 'm2-1': 10.2, 'm3-1': 1.07, 'm4-1': 95.43, 'm5-1': 1.14, 'm6-1': 11.36, 'm7-1': 1.09, 'm8-1': 9.9}",1.605,86.55999999999999,87.62999999999998,inf,163.498,163.498
103,T1,BESTEFFORT,COMPLETED,m6-1,13.606,"{'m1-1': 1.06, 'm2-1': 11.58, 'm3-1': 1.08, 'm4-1': 100.19, 'm5-1': 1.12, 'm6-1': 11.49, 'm7-1': 1.02, 'm8-1': 10.92}",17.235,117.747,129.237,inf,163.606,163.606
104,T4,BESTEFFORT,COMPLETED,m3-1,13.78,"{'m1-1': 1.07, 'm2-1': 11.43, 'm3-1': 1.04, 'm4-1': 106.59, 'm5-1': 1.05, 'm6-1': 11.0, 'm7-1': 1.03, 'm8-1': 10.33}",1.56,39.339999999999996,40.379999999999995,inf,163.78,163.78
105,T4,BESTEFFORT,COMPLETED,m1-1,13.88,"{'m1-1': 1.17, 'm2-1': 10.49, 'm3-1': 1.15, 'm4-1': 93.38, 'm5-1': 1.1, 'm6-1': 11.08, 'm7-1': 1.14, 'm8-1': 11.45}",1.755,107.51299999999995,108.68299999999995,inf,163.88,163.88
106,T3,BESTEFFORT,COMPLETED,m1-1,13.97,"{'m1-1': 0.98, 'm2-1': 11.0, 'm3-1': 1.06, 'm4-1': 104.84, 'm5-1': 1.12, 'm6-1': 10.85, 'm7-1': 1.02, 'm8-1': 11.42}",1.47,18.032999999999998,19.012999999999998,inf,163.97,163.97
107,T1,BESTEFFORT,COMPLETED,m3-1,14.054,"{'m1-1': 1.14, 'm2-1': 10.46, 'm3-1': 1.07, 'm4-1': 106.14, 'm5-1': 1.1, 'm6-1': 10.81, 'm7-1': 1.04, 'm8-1': 10.58}",1.605,17.700000000000003,18.770000000000003,inf,164.054,164.054
108,T4,BESTEFFORT,COMPLETED,m3-1,14.134,"{'m1-1': 1.02, 'm2-1': 10.93, 'm3-1': 1.14, 'm4-1': 101.24, 'm5-1': 1.11, 'm6-1': 11.08, 'm7-1': 1.14, 'm8-1': 10.28}",1.71,87.62999999999998,88.76999999999998,inf,164.13400000000001,164.13400000000001
109,T2,BESTEFFORT,COMPLETED,m7-1,14.17,"{'m1-1': 1.09, 'm2-1': 10.66, 'm3-1': 0.99, 'm4-1': 106.01, 'm5-1': 0.98, 'm6-1': 10.7, 'm7-1': 1.01, 'm8-1': 10.2}",1.5150000000000001,18.222,19.232000000000003,inf,164.17,164.17
110,T1,BESTEFFORT,COMPLETED,m5-1,14.203,"{'m1-1': 1.15, 'm2-1': 10.13, 'm3-1': 0.96, 'm4-1': 98.93, 'm5-1': 1.11, 'm6-1': 10.21, 'm7-1': 1.0, 'm8-1': 11.18}",1.665,45.365,46.475,inf,164.203,164.203
111,T1,BESTEFFORT,COMPLETED,m7-1,14.485,"{'m1-1': 1.09, 'm2-1': 11.74, 'm3-1': 1.08, 'm4-1': 106.31, 'm5-1': 1.11, 'm6-1': 11.41, 'm7-1': 1.1, 'm8-1': 11.28}",1.6500000000000001,19.232000000000003,20.332000000000004,inf,164.485,164.485
112,T2,BESTEFFORT,COMPLETED,m5-1,14.669,"{'m1-1': 1.07, 'm2-1': 10.27, 'm3-1': 1.09, 'm4-1': 110.35, 'm5-1': 0.95, 'm6-1': 10.88, 'm7-1': 1.01, 'm8-1': 10.91}",1.4249999999999998,18.294999999999998,19.244999999999997,inf,164.669,164.669
113,T4,BESTEFFORT,COMPLETED,m3-1,14.887,"{'m1-1': 1.09, 'm2-1': 10.53, 'm3-1': 1.04, 'm4-1': 98.8, 'm5-1': 1.12, 'm6-1': 11.67, 'm7-1': 1.14, 'm8-1': 10.08}",1.56,95.27999999999999,96.32,inf,164.887,164.887
114,T1,BESTEFFORT,COMPLETED,m1-1,15.3,"{'m1-1': 1.01, 'm2-1': 10.65, 'm3-1': 1.0, 'm4-1': 115.41, 'm5-1': 1.1, 'm6-1': 10.35, 'm7-1': 1.04, 'm8-1': 11.84}",1.5150000000000001,26.382999999999996,27.392999999999997,inf,165.3,165.3
115,T4,BESTEFFORT,COMPLETED,m5-1,15.304,"{'m1-1': 1.1, 'm2-1': 11.81, 'm3-1': 1.12, 'm4-1': 107.98, 'm5-1': 1.14, 'm6-1': 11.75, 'm7-1': 1.04, 'm8-1': 10.12}",1.71,19.244999999999997,20.384999999999998,inf,165.304,165.304
116,T3,BESTEFFORT,COMPLETED,m1-1,15.378,"{'m1-1': 1.0, 'm2-1': 10.79, 'm3-1': 0.96, 'm4-1': 97.26, 'm5-1': 1.06, 'm6-1': 10.57, 'm7-1': 1.13, 'm8-1': 10.58}",1.5,19.012999999999998,20.012999999999998,inf,165.378,165.378
117,T3,BESTEFFORT,COMPLETED,m3-1,15.436,"{'m1-1': 1.08, 'm2-1': 10.08, 'm3-1': 1.13, 'm4-1': 97.68, 'm5-1': 1.13, 'm6-1': 10.55, 'm7-1': 1.13, 'm8-1': 10.9}",1.6949999999999998,109.72,110.85,inf,165.436,165.436
118,T2,BESTEFFORT,COMPLETED,m7-1,15.653,"{'m1-1': 1.15, 'm2-1': 9.7, 'm3-1': 1.06, 'm4-1': 107.65, 'm5-1': 0.97, 'm6-1': 11.4, 'm7-1': 1.08, 'm8-1': 10.26}",1.62,20.332000000000004,21.412000000000006,inf,165.653,165.653
119,T1,BESTEFFORT,COMPLETED,m1-1,15.673,"{'m1-1': 1.12, 'm2-1': 10.84, 'm3-1': 0.95, 'm4-1': 108.61, 'm5-1': 1.15, 'm6-1': 11.33, 'm7-1': 1.08, 'm8-1': 10.76}",1.6800000000000002,22.032999999999998,23.153,inf,165.673,165.673
120,T1,BESTEFFORT,COMPLETED,m1-1,15.763,"{'m1-1': 1.05, 'm2-1': 11.19, 'm3-1': 1.06, 'm4-1': 114.19, 'm5-1': 1.14, 'm6-1': 9.95, 'm7-1': 0.96, 'm8-1': 10.78}",1.5750000000000002,92.50299999999996,93.55299999999995,inf,165.763,165.763
121,T4,BESTEFFORT,COMPLETED,m1-1,16.215,"{'m1-1': 1.1, 'm2-1': 10.72, 'm3-1': 1.05, 'm4-1': 101.45, 'm5-1': 1.02, 'm6-1': 10.2, 'm7-1': 1.01, 'm8-1': 10.83}",1.6500000000000001,102.21299999999995,103.31299999999995,inf,166.215,166.215
122,T3,BESTEFFORT,COMPLETED,m5-1,16.294,"{'m1-1': 1.1, 'm2-1': 10.14, 'm3-1': 1.1, 'm4-1': 104.41, 'm5-1': 1.05, 'm6-1': 9.92, 'm7-1': 1.06, 'm8-1': 10.95}",1.5750000000000002,20.384999999999998,21.435,inf,166.294,166.294
123,T4,BESTEFFORT,COMPLETED,m3-1,16.374,"{'m1-1': 1.18, 'm2-1': 11.19, 'm3-1': 1.04, 'm4-1': 101.25, 'm5-1': 1.09, 'm6-1': 10.2, 'm7-1': 1.14, 'm8-1': 9.81}",1.56,88.76999999999998,89.80999999999999,inf,166.374,166.374
124,T4,BESTEFFORT,COMPLETED,m7-1,16.408,"{'m1-1': 1.02, 'm2-1': 11.42, 'm3-1': 1.11, 'm4-1': 100.92, 'm5-1': 1.08, 'm6-1': 10.1, 'm7-1': 1.02, 'm8-1': 11.5}",1.53,111.49200000000002,112.51200000000001,inf,166.40800000000002,166.40800000000002
125,T4,BESTEFFORT,COMPLETED,m3-1,16.486,"{'m1-1': 1.15, 'm2-1': 9.97, 'm3-1': 1.09, 'm4-1': 97.19, 'm5-1': 1.12, 'm6-1': 10.9, 'm7-1': 1.11, 'm8-1': 10.85}",1.6350000000000002,89.80999999999999,90.89999999999999,inf,166.486,166.486
126,T1,BESTEFFORT,COMPLETED,m3-1,16.562,"{'m1-1': 1.08, 'm2-1': 11.69, 'm3-1': 1.08, 'm4-1': 104.73, 'm5-1': 1.13, 'm6-1': 11.29, 'm7-1': 1.09, 'm8-1': 10.27}",1.62,19.810000000000002,20.89,inf,166.562,166.562
127,T4,BESTEFFORT,COMPLETED,m8-1,16.588,"{'m1-1': 1.12, 'm2-1': 11.64, 'm3-1': 1.09, 'm4-1': 104.52, 'm5-1': 1.05, 'm6-1': 10.41, 'm7-1': 1.1, 'm8-1': 10.02}",15.03,141.832,151.852,inf,166.588,166.588
128,T1,BESTEFFORT,COMPLETED,m3-1,16.684,"{'m1-1': 1.0, 'm2-1': 10.08, 'm3-1': 1.0, 'm4-1': 108.94, 'm5-1': 1.12, 'm6-1': 10.9, 'm7-1': 0.98, 'm8-1': 11.06}",1.5,42.39,43.39,inf,166.684,166.684
129,T3,BESTEFFORT,COMPLETED,m5-1,16.916,"{'m1-1': 1.08, 'm2-1': 11.18, 'm3-1': 1.14, 'm4-1': 94.92, 'm5-1': 1.14, 'm6-1': 11.21, 'm7-1': 1.12, 'm8-1': 10.26}",1.71,21.435,22.575,inf,166.916,166.916
130,T3,BESTEFFORT,COMPLETED,m1-1,16.937,"{'m1-1': 0.96, 'm2-1': 10.81, 'm3-1': 1.0, 'm4-1': 108.12, 'm5-1': 1.17, 'm6-1': 10.66, 'm7-1': 1.15, 'm8-1': 9.83}",1.44,20.012999999999998,20.973,inf,166.937,166.937
131,T1,BESTEFFORT,COMPLETED,m3-1,17.213,"{'m1-1': 1.07, 'm2-1': 10.24, 'm3-1': 0.94, 'm4-1': 97.56, 'm5-1': 1.17, 'm6-1': 11.48, 'm7-1': 1.04, 'm8-1': 11.59}",1.41,23.85,24.790000000000003,inf,167.213,167.213
132,T3,BESTEFFORT,COMPLETED,m5-1,17.315,"{'m1-1': 1.04, 'm2-1': 10.37, 'm3-1': 1.03, 'm4-1': 93.11, 'm5-1': 1.16, 'm6-1': 10.92, 'm7-1': 1.0, 'm8-1': 10.18}",1.7399999999999998,96.175,97.335,inf,167.315,167.315
133,T1,BESTEFFORT,COMPLETED,m1-1,17.362,"{'m1-1': 1.13, 'm2-1': 10.85, 'm3-1': 0.99, 'm4-1': 113.59, 'm5-1': 1.14, 'm6-1': 9.78, 'm7-1': 0.99, 'm8-1': 10.09}",1.6949999999999998,103.31299999999995,104.44299999999994,inf,167.362,167.362
134,T1,BESTEFFORT,COMPLETED,m3-1,17.624,"{'m1-1': 1.16, 'm2-1': 10.83, 'm3-1': 1.0, 'm4-1': 109.92, 'm5-1': 1.13, 'm6-1': 11.42, 'm7-1': 1.03, 'm8-1': 10.34}",1.5,20.89,21.89,inf,167.624,167.624
135,T1,BESTEFFORT,COMPLETED,m3-1,17.905,"{'m1-1': 1.11, 'm2-1': 10.98, 'm3-1': 1.03, 'm4-1': 110.4, 'm5-1': 1.01, 'm6-1': 10.99, 'm7-1': 1.1, 'm8-1': 10.73}",1.545,22.82,23.85,inf,167.905,167.905
136,T3,BESTEFFORT,COMPLETED,m1-1,17.93,"{'m1-1': 1.06, 'm2-1': 10.35, 'm3-1': 1.09, 'm4-1': 106.99, 'm5-1': 1.02, 'm6-1': 10.42, 'm7-1': 1.13, 'm8-1': 10.84}",1.59,20.973,22.032999999999998,inf,167.93,167.93
137,T3,BESTEFFORT,COMPLETED,m7-1,17.939,"{'m1-1': 0.99, 'm2-1': 11.88, 'm3-1': 1.11, 'm4-1': 92.88, 'm5-1': 1.17, 'm6-1': 10.7, 'm7-1': 1.14, 'm8-1': 10.58}",1.71,22.412000000000006,23.552000000000007,inf,167.939,167.939
138,T3,BESTEFFORT,COMPLETED,m1-1,18.013,"{'m1-1': 1.08, 'm2-1': 11.79, 'm3-1': 0.98, 'm4-1': 108.67, 'm5-1': 1.17, 'm6-1': 9.93, 'm7-1': 1.11, 'm8-1': 10.84}",1.62,23.153,24.232999999999997,inf,168.013,168.013
139,T3,BESTEFFORT,COMPLETED,m7-1,18.087,"{'m1-1': 1.01, 'm2-1': 10.27, 'm3-1': 1.11, 'm4-1': 98.9, 'm5-1': 1.06, 'm6-1': 11.14, 'm7-1': 1.0, 'm8-1': 10.62}",1.5,21.412000000000006,22.412000000000006,inf,168.087,168.087
140,T4,BESTEFFORT,COMPLETED,m1-1,18.267,"{'m1-1': 1.17, 'm2-1': 11.67, 'm3-1': 1.1, 'm4-1': 99.37, 'm5-1': 1.12, 'm6-1': 11.15, 'm7-1': 1.09, 'm8-1': 10.15}",1.755,118.44299999999996,119.61299999999996,inf,168.267,168.267
141,T1,BESTEFFORT,COMPLETED,m3-1,18.297,"{'m1-1': 1.04, 'm2-1': 10.78, 'm3-1': 0.93, 'm4-1': 111.93, 'm5-1': 1.09, 'm6-1': 10.52, 'm7-1': 1.0, 'm8-1': 11.5}",1.395,21.89,22.82,inf,168.297,168.297
142,T1,BESTEFFORT,COMPLETED,m5-1,18.297,"{'m1-1': 1.09, 'm2-1': 11.79, 'm3-1': 1.04, 'm4-1': 108.38, 'm5-1': 1.04, 'm6-1': 10.2, 'm7-1': 1.11, 'm8-1': 11.13}",1.56,22.575,23.615,inf,168.297,168.297
143,T3,BESTEFFORT,COMPLETED,m7-1,18.611,"{'m1-1': 1.02, 'm2-1': 10.21, 'm3-1': 0.96, 'm4-1': 101.94, 'm5-1': 1.03, 'm6-1': 10.19, 'm7-1': 1.11, 'm8-1': 11.19}",1.665,90.22200000000002,91.33200000000002,inf,168.611,168.611
144,T2,BESTEFFORT,COMPLETED,m7-1,18.748,"{'m1-1': 1.14, 'm2-1': 10.8, 'm3-1': 1.05, 'm4-1': 118.11, 'm5-1': 0.93, 'm6-1': 10.66, 'm7-1': 1.01, 'm8-1': 10.79}",1.5150000000000001,23.552000000000007,24.56200000000001,inf,168.748,168.748
145,T1,BESTEFFORT,COMPLETED,m1-1,19.285,"{'m1-1': 1.13, 'm2-1': 11.47, 'm3-1': 1.08, 'm4-1': 106.85, 'm5-1': 1.05, 'm6-1': 10.58, 'm7-1': 1.1, 'm8-1': 10.6}",1.6949999999999998,24.232999999999997,25.362999999999996,inf,169.285,169.285
146,T1,BESTEFFORT,COMPLETED,m3-1,19.338,"{'m1-1': 1.1, 'm2-1': 10.55, 'm3-1': 0.99, 'm4-1': 111.14, 'm5-1': 1.1, 'm6-1': 10.08, 'm7-1': 0.99, 'm8-1': 10.54}",1.4849999999999999,104.59,105.58,inf,169.338,169.338
147,T1,BESTEFFORT,COMPLETED,m3-1,19.517,"{'m1-1': 1.0, 'm2-1': 9.94, 'm3-1': 1.0, 'm4-1': 101.4, 'm5-1': 1.04, 'm6-1': 10.6, 'm7-1': 1.02, 'm8-1': 10.64}",1.5,26.89,27.89,inf,169.517,169.517
148,T1,BESTEFFORT,COMPLETED,m5-1,19.709,"{'m1-1': 1.07, 'm2-1': 11.01, 'm3-1': 0.93, 'm4-1': 109.54, 'm5-1': 1.16, 'm6-1': 11.0, 'm7-1': 1.06, 'm8-1': 11.15}",1.7399999999999998,112.49499999999999,113.65499999999999,inf,169.709,169.709
149,T3,BESTEFFORT,COMPLETED,m3-1,19.76,"{'m1-1': 1.11, 'm2-1': 11.35, 'm3-1': 1.06, 'm4-1': 94.35, 'm5-1': 1.08, 'm6-1': 10.13, 'm7-1': 1.06, 'm8-1': 10.6}",1.59,25.830000000000002,26.89,inf,169.76,169.76
150,T4,BESTEFFORT,COMPLETED,m8-1,20.045,"{'m1-1': 1.11, 'm2-1': 10.59, 'm3-1': 1.16, 'm4-1': 95.76, 'm5-1': 1.15, 'm6-1': 10.2, 'm7-1': 1.04, 'm8-1': 10.43}",15.645,58.792,69.22200000000001,inf,170.04500000000002,170.04500000000002
151,T2,BESTEFFORT,COMPLETED,m5-1,20.078,"{'m1-1': 1.08, 'm2-1': 10.94, 'm3-1': 1.1, 'm4-1': 102.88, 'm5-1': 1.03, 'm6-1': 11.42, 'm7-1': 1.04, 'm8-1': 10.46}",1.545,23.615,24.645,inf,170.078,170.078
152,T3,BESTEFFORT,COMPLETED,m7-1,20.417,"{'m1-1': 1.11, 'm2-1': 10.71, 'm3-1': 1.01, 'm4-1': 96.91, 'm5-1': 1.08, 'm6-1': 10.17, 'm7-1': 1.12, 'm8-1': 11.42}",1.6800000000000002,105.11200000000002,106.23200000000003,inf,170.417,170.417
153,T4,BESTEFFORT,COMPLETED,m3-1,20.696,"{'m1-1': 1.18, 'm2-1': 11.57, 'm3-1': 1.04, 'm4-1': 107.11, 'm5-1': 1.12, 'm6-1': 10.09, 'm7-1': 1.14, 'm8-1': 11.04}",1.56,96.32,97.36,inf,170.696,170.696
154,T2,BESTEFFORT,COMPLETED,m5-1,20.789,"{'m1-1': 1.01, 'm2-1': 9.83, 'm3-1': 1.0, 'm4-1': 107.12, 'm5-1': 1.01, 'm6-1': 10.32, 'm7-1': 1.0, 'm8-1': 10.26}",1.5150000000000001,24.645,25.655,inf,170.789,170.789
155,T3,BESTEFFORT,COMPLETED,m6-1,20.817,"{'m1-1': 1.0, 'm2-1': 11.23, 'm3-1': 1.01, 'm4-1': 92.56, 'm5-1': 1.14, 'm6-1': 11.25, 'm7-1': 1.11, 'm8-1': 11.22}",16.875,74.457,85.707,inf,170.817,170.817
156,T3,BESTEFFORT,COMPLETED,m6-1,21.07,"{'m1-1': 1.11, 'm2-1': 10.9, 'm3-1': 0.97, 'm4-1': 106.38, 'm5-1': 1.1, 'm6-1': 10.13, 'm7-1': 1.13, 'm8-1': 10.53}",15.195,53.63699999999999,63.766999999999996,inf,171.07,171.07
157,T2,BESTEFFORT,COMPLETED,m7-1,21.232,"{'m1-1': 1.1, 'm2-1': 10.41, 'm3-1': 1.17, 'm4-1': 104.02, 'm5-1': 0.98, 'm6-1': 10.68, 'm7-1': 1.05, 'm8-1': 10.05}",1.5750000000000002,24.56200000000001,25.61200000000001,inf,171.232,171.232
158,T1,BESTEFFORT,COMPLETED,m3-1,21.333,"{'m1-1': 1.0, 'm2-1': 10.16, 'm3-1': 1.04, 'm4-1': 109.98, 'm5-1': 1.1, 'm6-1': 10.57, 'm7-1': 0.97, 'm8-1': 10.76}",1.56,24.790000000000003,25.830000000000002,inf,171.333,171.333
159,T4,BESTEFFORT,COMPLETED,m5-1,21.428,"{'m1-1': 1.11, 'm2-1': 10.23, 'm3-1': 1.06, 'm4-1': 97.53, 'm5-1': 1.14, 'm6-1': 11.42, 'm7-1': 1.0, 'm8-1': 10.76}",1.71,97.335,98.475,inf,171.428,171.428
160,T4,BESTEFFORT,COMPLETED,m5-1,21.563,"{'m1-1': 1.03, 'm2-1': 10.71, 'm3-1': 1.0, 'm4-1': 110.08, 'm5-1': 0.99, 'm6-1': 10.62, 'm7-1': 1.14, 'm8-1': 9.78}",1.4849999999999999,25.655,26.645,inf,171.563,171.563
161,T2,BESTEFFORT,COMPLETED,m1-1,21.65,"{'m1-1': 1.09, 'm2-1': 10.52, 'm3-1': 1.14, 'm4-1': 114.2, 'm5-1': 1.01, 'm6-1': 11.23, 'm7-1': 0.95, 'm8-1': 11.47}",1.6350000000000002,45.443,46.533,inf,171.65,171.65
162,T1,BESTEFFORT,COMPLETED,m7-1,21.928,"{'m1-1': 1.12, 'm2-1': 11.66, 'm3-1': 1.07, 'm4-1': 113.85, 'm5-1': 1.02, 'm6-1': 10.11, 'm7-1': 1.09, 'm8-1': 10.45}",1.6350000000000002,26.68200000000001,27.77200000000001,inf,171.928,171.928
163,T2,BESTEFFORT,COMPLETED,m7-1,22.071,"{'m1-1': 0.98, 'm2-1': 10.57, 'm3-1': 1.04, 'm4-1': 109.24, 'm5-1': 0.93, 'm6-1': 11.06, 'm7-1': 1.07, 'm8-1': 11.31}",1.605,25.61200000000001,26.68200000000001,inf,172.071,172.071
164,T2,BESTEFFORT,COMPLETED,m2-1,22.232,"{'m1-1': 0.98, 'm2-1': 10.27, 'm3-1': 1.17, 'm4-1': 116.04, 'm5-1': 1.03, 'm6-1': 10.85, 'm7-1': 1.03, 'm8-1': 11.6}",15.405,54.298,64.568,inf,172.232,172.232
165,T3,BESTEFFORT,COMPLETED,m7-1,22.444,"{'m1-1': 1.08, 'm2-1': 10.56, 'm3-1': 1.06, 'm4-1': 94.73, 'm5-1': 1.15, 'm6-1': 10.58, 'm7-1': 1.06, 'm8-1': 9.95}",1.59,27.77200000000001,28.832000000000008,inf,172.444,172.444
166,T4,BESTEFFORT,COMPLETED,m1-1,22.606,"{'m1-1': 1.16, 'm2-1': 10.77, 'm3-1': 1.06, 'm4-1': 101.95, 'm5-1': 1.12, 'm6-1': 10.44, 'm7-1': 1.16, 'm8-1': 10.96}",1.7399999999999998,108.68299999999995,109.84299999999995,inf,172.606,172.606
167,T1,BESTEFFORT,COMPLETED,m1-1,22.951,"{'m1-1': 1.12, 'm2-1': 11.47, 'm3-1': 1.03, 'm4-1': 109.23, 'm5-1': 1.13, 'm6-1': 11.28, 'm7-1': 1.1, 'm8-1': 10.94}",1.6800000000000002,48.583000000000006,49.703,inf,172.951,172.951
168,T1,BESTEFFORT,COMPLETED,m1-1,23.169,"{'m1-1': 1.06, 'm2-1': 10.35, 'm3-1': 0.95, 'm4-1': 108.16, 'm5-1': 1.04, 'm6-1': 11.32, 'm7-1': 1.13, 'm8-1': 10.92}",1.59,27.392999999999997,28.452999999999996,inf,173.169,173.169
169,T4,BESTEFFORT,COMPLETED,m5-1,23.232,"{'m1-1': 1.01, 'm2-1': 10.88, 'm3-1': 1.08, 'm4-1': 96.98, 'm5-1': 1.11, 'm6-1': 10.21, 'm7-1': 1.08, 'm8-1': 10.98}",1.665,26.645,27.755,inf,173.232,173.232
170,T2,BESTEFFORT,COMPLETED,m5-1,24.029,"{'m1-1': 1.06, 'm2-1': 9.69, 'm3-1': 1.1, 'm4-1': 107.73, 'm5-1': 1.07, 'm6-1': 10.26, 'm7-1': 0.94, 'm8-1': 10.6}",1.605,98.475,99.54499999999999,inf,174.029,174.029
171,T1,BESTEFFORT,COMPLETED,m3-1,24.221,"{'m1-1': 0.99, 'm2-1': 10.8, 'm3-1': 1.08, 'm4-1': 102.43, 'm5-1': 1.08, 'm6-1': 11.48, 'm7-1': 1.12, 'm8-1': 10.81}",1.62,27.89,28.97,inf,174.221,174.221
172,T4,BESTEFFORT,COMPLETED,m5-1,24.527,"{'m1-1': 1.14, 'm2-1': 10.44, 'm3-1': 1.03, 'm4-1': 93.94, 'm5-1': 1.1, 'm6-1': 10.52, 'm7-1': 1.11, 'm8-1': 10.32}",1.6500000000000001,27.755,28.855,inf,174.527,174.527
173,T1,BESTEFFORT,COMPLETED,m1-1,24.875,"{'m1-1': 1.11, 'm2-1': 10.5, 'm3-1': 1.06, 'm4-1': 109.48, 'm5-1': 1.15, 'm6-1': 10.15, 'm7-1': 0.98, 'm8-1': 10.78}",1.665,28.452999999999996,29.562999999999995,inf,174.875,174.875
174,T2,BESTEFFORT,COMPLETED,m5-1,24.908,"{'m1-1': 1.08, 'm2-1': 9.78, 'm3-1': 1.1, 'm4-1': 117.76, 'm5-1': 0.93, 'm6-1': 11.46, 'm7-1': 0.96, 'm8-1': 11.78}",1.395,28.855,29.785,inf,174.90800000000002,174.90800000000002
175,T1,BESTEFFORT,COMPLETED,m3-1,24.918,"{'m1-1': 1.0, 'm2-1': 11.12, 'm3-1': 1.09, 'm4-1': 99.77, 'm5-1': 1.09, 'm6-1': 10.35, 'm7-1': 0.98, 'm8-1': 10.0}",1.6350000000000002,28.97,30.06,inf,174.918,174.918
176,T3,BESTEFFORT,COMPLETED,m5-1,25.119,"{'m1-1': 1.04, 'm2-1': 10.41, 'm3-1': 0.97, 'm4-1': 107.72, 'm5-1': 1.16, 'm6-1': 9.66, 'm7-1': 0.99, 'm8-1': 11.02}",1.7399999999999998,34.775000000000006,35.935,inf,175.119,175.119
177,T4,BESTEFFORT,COMPLETED,m7-1,25.178,"{'m1-1': 1.01, 'm2-1': 11.1, 'm3-1': 1.01, 'm4-1': 94.36, 'm5-1': 1.1, 'm6-1': 11.66, 'm7-1': 1.12, 'm8-1': 11.14}",1.6800000000000002,118.742,119.86200000000001,inf,175.178,175.178
178,T2,BESTEFFORT,COMPLETED,m7-1,25.565,"{'m1-1': 1.02, 'm2-1': 9.52, 'm3-1': 1.11, 'm4-1': 104.96, 'm5-1': 0.92, 'm6-1': 11.19, 'm7-1': 1.07, 'm8-1': 11.32}",1.605,28.832000000000008,29.902000000000008,inf,175.565,175.565
179,T2,BESTEFFORT,COMPLETED,m7-1,25.581,"{'m1-1': 1.01, 'm2-1': 9.88, 'm3-1': 1.15, 'm4-1': 101.69, 'm5-1': 1.06, 'm6-1': 10.15, 'm7-1': 1.06, 'm8-1': 11.18}",1.59,29.902000000000008,30.962000000000007,inf,175.581,175.581
180,T1,BESTEFFORT,COMPLETED,m7-1,25.668,"{'m1-1': 1.08, 'm2-1': 11.14, 'm3-1': 1.02, 'm4-1': 103.52, 'm5-1': 1.02, 'm6-1': 10.18, 'm7-1': 0.97, 'm8-1': 10.69}",1.455,31.942000000000007,32.912000000000006,inf,175.668,175.668
181,T3,BESTEFFORT,COMPLETED,m6-1,25.884,"{'m1-1': 1.01, 'm2-1': 11.08, 'm3-1': 1.11, 'm4-1': 93.9, 'm5-1': 1.14, 'm6-1': 10.93, 'm7-1': 1.03, 'm8-1': 11.5}",16.395,85.707,96.637,inf,175.88400000000001,175.88400000000001
182,T2,BESTEFFORT,COMPLETED,m5-1,25.964,"{'m1-1': 1.12, 'm2-1': 10.17, 'm3-1': 1.04, 'm4-1': 116.01, 'm5-1': 0.94, 'm6-1': 10.18, 'm7-1': 1.0, 'm8-1': 11.32}",1.41,31.775000000000002,32.715,inf,175.964,175.964
183,T4,BESTEFFORT,COMPLETED,m8-1,26.028,"{'m1-1': 1.1, 'm2-1': 10.53, 'm3-1': 0.99, 'm4-1': 105.24, 'm5-1': 1.05, 'm6-1': 11.09, 'm7-1': 1.02, 'm8-1': 11.19}",16.785,88.882,100.072,inf,176.028,176.028
184,T3,BESTEFFORT,COMPLETED,m5-1,26.163,"{'m1-1': 1.03, 'm2-1': 10.7, 'm3-1': 0.99, 'm4-1': 105.05, 'm5-1': 1.07, 'm6-1': 11.12, 'm7-1': 1.13, 'm8-1': 10.59}",1.605,33.705000000000005,34.775000000000006,inf,176.163,176.163
185,T3,BESTEFFORT,COMPLETED,m3-1,26.238,"{'m1-1': 1.04, 'm2-1': 11.04, 'm3-1': 1.11, 'm4-1': 96.4, 'm5-1': 1.11, 'm6-1': 10.46, 'm7-1': 1.1, 'm8-1': 11.02}",1.665,31.16,32.27,inf,176.238,176.238
186,T1,BESTEFFORT,COMPLETED,m3-1,26.314,"{'m1-1': 1.01, 'm2-1': 11.01, 'm3-1': 1.03, 'm4-1': 115.24, 'm5-1': 1.02, 'm6-1': 11.48, 'm7-1': 0.99, 'm8-1': 10.08}",1.545,105.58,106.61,inf,176.314,176.314
187,T1,BESTEFFORT,COMPLETED,m3-1,26.422,"{'m1-1': 1.01, 'm2-1': 11.2, 'm3-1': 1.1, 'm4-1': 98.22, 'm5-1': 1.15, 'm6-1': 11.37, 'm7-1': 1.09, 'm8-1': 10.46}",1.6500000000000001,30.06,31.16,inf,176.422,176.422
188,T2,BESTEFFORT,COMPLETED,m5-1,26.449,"{'m1-1': 1.03, 'm2-1': 11.0, 'm3-1': 1.16, 'm4-1': 103.45, 'm5-1': 1.04, 'm6-1': 10.47, 'm7-1': 1.01, 'm8-1': 11.39}",1.56,89.96499999999999,91.005,inf,176.449,176.449
189,T2,BESTEFFORT,COMPLETED,m5-1,26.539,"{'m1-1': 1.06, 'm2-1': 10.56, 'm3-1': 1.11, 'm4-1': 108.56, 'm5-1': 0.96, 'm6-1': 10.52, 'm7-1': 1.09, 'm8-1': 11.69}",1.44,29.785,30.745,inf,176.539,176.539
190,T1,BESTEFFORT,COMPLETED,m5-1,26.556,"{'m1-1': 1.06, 'm2-1': 10.24, 'm3-1': 1.0, 'm4-1': 110.26, 'm5-1': 1.14, 'm6-1': 10.13, 'm7-1': 1.06, 'm8-1': 10.82}",1.71,91.005,92.145,inf,176.556,176.556
191,T4,BESTEFFORT,COMPLETED,m7-1,26.732,"{'m1-1': 1.02, 'm2-1': 11.54, 'm3-1': 1.09, 'm4-1': 99.04, 'm5-1': 1.12, 'm6-1': 11.08, 'm7-1': 1.08, 'm8-1': 10.59}",1.62,73.12200000000001,74.20200000000001,inf,176.732,176.732
192,T4,BESTEFFORT,COMPLETED,m5-1,27.231,"{'m1-1': 1.15, 'm2-1': 11.61, 'm3-1': 1.14, 'm4-1': 103.41, 'm5-1': 1.03, 'm6-1': 10.88, 'm7-1': 1.16, 'm8-1': 10.66}",1.545,30.745,31.775000000000002,inf,177.231,177.231
193,T1,BESTEFFORT,COMPLETED,m7-1,27.306,"{'m1-1': 1.09, 'm2-1': 10.44, 'm3-1': 0.99, 'm4-1': 108.23, 'm5-1': 1.07, 'm6-1': 9.94, 'm7-1': 1.04, 'm8-1': 11.0}",1.56,33.93200000000001,34.97200000000001,inf,177.306,177.306
194,T3,BESTEFFORT,COMPLETED,m3-1,27.326,"{'m1-1': 0.94, 'm2-1': 11.59, 'm3-1': 0.98, 'm4-1': 102.83, 'm5-1': 1.03, 'm6-1': 9.71, 'm7-1': 1.04, 'm8-1': 11.36}",1.47,32.27,33.25,inf,177.326,177.326
195,T1,BESTEFFORT,COMPLETED,m7-1,27.389,"{'m1-1': 1.15, 'm2-1': 10.93, 'm3-1': 0.95, 'm4-1': 109.76, 'm5-1': 1.01, 'm6-1': 11.27, 'm7-1': 1.01, 'm8-1': 11.17}",1.5150000000000001,98.66200000000002,99.67200000000003,inf,177.389,177.389
196,T1,BESTEFFORT,COMPLETED,m7-1,27.499,"{'m1-1': 1.05, 'm2-1': 11.41, 'm3-1': 1.08, 'm4-1': 112.49, 'm5-1': 1.14, 'm6-1': 9.93, 'm7-1': 0.98, 'm8-1': 11.69}",1.47,30.962000000000007,31.942000000000007,inf,177.499,177.499
197,T2,BESTEFFORT,COMPLETED,m5-1,27.832,"{'m1-1': 0.98, 'm2-1': 9.74, 'm3-1': 1.05, 'm4-1': 117.61, 'm5-1': 1.08, 'm6-1': 9.95, 'm7-1': 1.09, 'm8-1': 10.14}",1.62,42.215,43.295,inf,177.832,177.832
198,T3,BESTEFFORT,COMPLETED,m3-1,28.037,"{'m1-1': 0.98, 'm2-1': 11.79, 'm3-1': 1.04, 'm4-1': 103.91, 'm5-1': 1.04, 'm6-1': 10.34, 'm7-1': 1.1, 'm8-1': 9.81}",1.56,33.25,34.29,inf,178.037,178.037
199,T4,BESTEFFORT,COMPLETED,m7-1,28.091,"{'m1-1': 1.02, 'm2-1': 10.4, 'm3-1': 0.98, 'm4-1': 94.49, 'm5-1': 1.09, 'm6-1': 11.68, 'm7-1': 1.13, 'm8-1': 9.89}",1.6949999999999998,91.33200000000002,92.46200000000002,inf,178.091,178.091
200,T1,BESTEFFORT,COMPLETED,m1-1,28.167,"{'m1-1': 1.02, 'm2-1': 10.77, 'm3-1': 0.93, 'm4-1': 114.19, 'm5-1': 1.04, 'm6-1': 10.33, 'm7-1': 1.1, 'm8-1': 11.38}",1.53,41.24299999999999,42.26299999999999,inf,178.167,178.167
201,T2,BESTEFFORT,COMPLETED,m1-1,28.312,"{'m1-1': 1.12, 'm2-1': 10.71, 'm3-1': 1.14, 'm4-1': 106.85, 'm5-1': 0.99, 'm6-1': 11.22, 'm7-1': 1.09, 'm8-1': 10.82}",1.6800000000000002,31.672999999999995,32.79299999999999,inf,178.312,178.312
202,T4,BESTEFFORT,COMPLETED,m8-1,28.449,"{'m1-1': 1.03, 'm2-1': 11.76, 'm3-1': 1.08, 'm4-1': 103.63, 'm5-1': 1.1, 'm6-1': 11.07, 'm7-1': 1.03, 'm8-1': 9.79}",14.684999999999999,69.22200000000001,79.012,inf,178.449,178.449
203,T4,BESTEFFORT,COMPLETED,m5-1,28.637,"{'m1-1': 1.14, 'm2-1': 10.57, 'm3-1': 1.11, 'm4-1': 104.35, 'm5-1': 1.08, 'm6-1': 11.48, 'm7-1': 1.14, 'm8-1': 10.94}",1.62,110.315,111.395,inf,178.637,178.637
204,T3,BESTEFFORT,COMPLETED,m1-1,28.775,"{'m1-1': 0.95, 'm2-1': 11.17, 'm3-1': 1.06, 'm4-1': 102.28, 'm5-1': 1.17, 'm6-1': 10.88, 'm7-1': 1.1, 'm8-1': 11.18}",1.4249999999999998,32.79299999999999,33.742999999999995,inf,178.775,178.775
205,T2,BESTEFFORT,COMPLETED,m5-1,28.878,"{'m1-1': 0.99, 'm2-1': 9.62, 'm3-1': 1.1, 'm4-1': 102.72, 'm5-1': 0.99, 'm6-1': 10.71, 'm7-1': 1.07, 'm8-1': 10.5}",1.4849999999999999,32.715,33.705000000000005,inf,178.878,178.878
206,T3,BESTEFFORT,COMPLETED,m3-1,29.174,"{'m1-1': 0.96, 'm2-1': 10.23, 'm3-1': 1.12, 'm4-1': 95.88, 'm5-1': 1.06, 'm6-1': 10.48, 'm7-1': 1.15, 'm8-1': 11.02}",1.6800000000000002,90.89999999999999,92.02,inf,179.174,179.174
207,T4,BESTEFFORT,COMPLETED,m8-1,29.504,"{'m1-1': 1.11, 'm2-1': 11.09, 'm3-1': 1.09, 'm4-1': 106.36, 'm5-1': 1.02, 'm6-1': 11.16, 'm7-1': 1.06, 'm8-1': 9.87}",14.805,79.012,88.882,inf,179.504,179.504
208,T3,BESTEFFORT,COMPLETED,m1-1,29.516,"{'m1-1': 1.12, 'm2-1': 10.94, 'm3-1': 1.06, 'm4-1': 107.15, 'm5-1': 1.14, 'm6-1': 9.68, 'm7-1': 0.99, 'm8-1': 11.6}",1.6800000000000002,35.86299999999999,36.98299999999999,inf,179.516,179.516
209,T3,BESTEFFORT,COMPLETED,m3-1,29.545,"{'m1-1': 1.07, 'm2-1': 11.02, 'm3-1': 1.13, 'm4-1': 107.15, 'm5-1': 1.09, 'm6-1': 10.8, 'm7-1': 1.08, 'm8-1': 10.81}",1.6949999999999998,76.82,77.94999999999999,inf,179.54500000000002,179.54500000000002
210,T2,BESTEFFORT,COMPLETED,m7-1,29.663,"{'m1-1': 1.03, 'm2-1': 9.96, 'm3-1': 1.11, 'm4-1': 105.07, 'm5-1': 1.09, 'm6-1': 11.34, 'm7-1': 1.02, 'm8-1': 10.85}",1.53,32.912000000000006,33.93200000000001,inf,179.663,179.663
211,T1,BESTEFFORT,COMPLETED,m7-1,29.703,"{'m1-1': 1.16, 'm2-1': 10.91, 'm3-1': 1.07, 'm4-1': 114.91, 'm5-1': 1.16, 'm6-1': 11.1, 'm7-1': 0.98, 'm8-1': 10.18}",1.47,99.67200000000003,100.65200000000003,inf,179.703,179.703
212,T1,BESTEFFORT,COMPLETED,m1-1,29.796,"{'m1-1': 1.07, 'm2-1': 11.16, 'm3-1': 0.99, 'm4-1': 114.83, 'm5-1': 1.18, 'm6-1': 10.45, 'm7-1': 0.98, 'm8-1': 11.71}",1.605,93.55299999999995,94.62299999999995,inf,179.796,179.796
213,T3,BESTEFFORT,COMPLETED,m1-1,29.854,"{'m1-1': 1.11, 'm2-1': 11.74, 'm3-1': 1.11, 'm4-1': 95.25, 'm5-1': 1.02, 'm6-1': 11.08, 'm7-1': 1.08, 'm8-1': 10.96}",1.665,33.742999999999995,34.852999999999994,inf,179.85399999999998,179.85399999999998
214,T3,BESTEFFORT,COMPLETED,m1-1,30.071,"{'m1-1': 1.01, 'm2-1': 11.84, 'm3-1': 1.0, 'm4-1': 99.35, 'm5-1': 1.09, 'm6-1': 10.53, 'm7-1': 1.07, 'm8-1': 11.06}",1.5150000000000001,34.852999999999994,35.86299999999999,inf,180.071,180.071
215,T2,BESTEFFORT,COMPLETED,m2-1,30.347,"{'m1-1': 1.14, 'm2-1': 9.51, 'm3-1': 1.02, 'm4-1': 106.66, 'm5-1': 0.93, 'm6-1': 10.26, 'm7-1': 0.99, 'm8-1': 9.96}",14.265,64.568,74.078,inf,180.347,180.347
216,T3,BESTEFFORT,COMPLETED,m6-1,30.539,"{'m1-1': 1.08, 'm2-1': 11.51, 'm3-1': 1.07, 'm4-1': 95.34, 'm5-1': 1.16, 'm6-1': 10.69, 'm7-1': 0.98, 'm8-1': 11.1}",16.035,63.766999999999996,74.457,inf,180.539,180.539
217,T2,BESTEFFORT,COMPLETED,m7-1,30.543,"{'m1-1': 1.03, 'm2-1': 10.98, 'm3-1': 1.1, 'm4-1': 106.94, 'm5-1': 1.03, 'm6-1': 11.09, 'm7-1': 1.05, 'm8-1': 9.95}",1.5750000000000002,77.28200000000002,78.33200000000002,inf,180.543,180.543
218,T1,BESTEFFORT,COMPLETED,m1-1,30.704,"{'m1-1': 1.08, 'm2-1': 10.78, 'm3-1': 1.0, 'm4-1': 103.85, 'm5-1': 1.01, 'm6-1': 10.71, 'm7-1': 1.03, 'm8-1': 10.4}",1.62,36.98299999999999,38.06299999999999,inf,180.704,180.704
219,T2,BESTEFFORT,COMPLETED,m7-1,31.037,"{'m1-1': 0.98, 'm2-1': 10.2, 'm3-1': 1.0, 'm4-1': 103.26, 'm5-1': 0.98, 'm6-1': 10.38, 'm7-1': 1.06, 'm8-1': 10.13}",1.59,34.97200000000001,36.03200000000001,inf,181.037,181.037
220,T1,BESTEFFORT,COMPLETED,m3-1,31.071,"{'m1-1': 1.05, 'm2-1': 10.39, 'm3-1': 0.94, 'm4-1': 104.46, 'm5-1': 1.07, 'm6-1': 10.31, 'm7-1': 1.03, 'm8-1': 11.57}",1.41,34.29,35.23,inf,181.071,181.071
221,T4,BESTEFFORT,COMPLETED,m7-1,31.564,"{'m1-1': 1.15, 'm2-1': 10.55, 'm3-1': 1.04, 'm4-1': 101.12, 'm5-1': 1.16, 'm6-1': 10.38, 'm7-1': 1.02, 'm8-1': 9.9}",1.53,112.51200000000001,113.53200000000001,inf,181.564,181.564
222,T2,BESTEFFORT,COMPLETED,m7-1,31.657,"{'m1-1': 1.14, 'm2-1': 9.93, 'm3-1': 1.1, 'm4-1': 109.6, 'm5-1': 1.0, 'm6-1': 10.28, 'm7-1': 1.06, 'm8-1': 10.98}",1.59,36.03200000000001,37.09200000000001,inf,181.657,181.657
223,T3,BESTEFFORT,COMPLETED,m5-1,32.238,"{'m1-1': 1.03, 'm2-1': 11.15, 'm3-1': 1.07, 'm4-1': 104.33, 'm5-1': 1.18, 'm6-1': 11.22, 'm7-1': 1.12, 'm8-1': 9.8}",1.77,35.935,37.115,inf,182.238,182.238
224,T4,BESTEFFORT,COMPLETED,m1-1,32.354,"{'m1-1': 1.02, 'm2-1': 11.48, 'm3-1': 1.09, 'm4-1': 102.71, 'm5-1': 0.99, 'm6-1': 10.18, 'm7-1': 1.16, 'm8-1': 10.68}",1.53,43.29299999999999,44.312999999999995,inf,182.35399999999998,182.35399999999998
225,T2,BESTEFFORT,COMPLETED,m1-1,32.465,"{'m1-1': 1.03, 'm2-1': 10.39, 'm3-1': 1.05, 'm4-1': 100.52, 'm5-1': 1.0, 'm6-1': 11.76, 'm7-1': 0.96, 'm8-1': 11.06}",1.545,42.26299999999999,43.29299999999999,inf,182.465,182.465
226,T1,BESTEFFORT,COMPLETED,m3-1,32.648,"{'m1-1': 1.01, 'm2-1': 9.93, 'm3-1': 1.0, 'm4-1': 98.26, 'm5-1': 1.12, 'm6-1': 9.83, 'm7-1': 1.06, 'm8-1': 11.69}",1.5,36.3,37.3,inf,182.648,182.648
227,T4,BESTEFFORT,COMPLETED,m1-1,32.652,"{'m1-1': 1.17, 'm2-1': 10.08, 'm3-1': 1.09, 'm4-1': 98.36, 'm5-1': 1.0, 'm6-1': 11.5, 'm7-1': 1.07, 'm8-1': 10.66}",1.755,94.62299999999995,95.79299999999995,inf,182.652,182.652
228,T3,BESTEFFORT,COMPLETED,m3-1,32.888,"{'m1-1': 1.05, 'm2-1': 10.68, 'm3-1': 1.0, 'm4-1': 97.98, 'm5-1': 1.08, 'm6-1': 10.18, 'm7-1': 1.03, 'm8-1': 10.34}",1.5,106.61,107.61,inf,182.888,182.888
229,T4,BESTEFFORT,COMPLETED,m5-1,32.925,"{'m1-1': 1.03, 'm2-1': 11.45, 'm3-1': 1.08, 'm4-1': 100.3, 'm5-1': 1.11, 'm6-1': 11.53, 'm7-1': 1.11, 'm8-1': 10.99}",1.665,41.105000000000004,42.215,inf,182.925,182.925
230,T2,BESTEFFORT,COMPLETED,m2-1,32.976,"{'m1-1': 1.03, 'm2-1': 9.38, 'm3-1': 1.05, 'm4-1': 102.92, 'm5-1': 0.98, 'm6-1': 10.51, 'm7-1': 0.93, 'm8-1': 9.99}",14.07,116.50800000000001,125.888,inf,182.976,182.976
231,T2,BESTEFFORT,COMPLETED,m5-1,33.135,"{'m1-1': 1.08, 'm2-1': 10.82, 'm3-1': 1.13, 'm4-1': 100.11, 'm5-1': 1.08, 'm6-1': 10.79, 'm7-1': 0.98, 'm8-1': 11.28}",1.62,37.115,38.195,inf,183.135,183.135
232,T2,BESTEFFORT,COMPLETED,m7-1,33.165,"{'m1-1': 1.06, 'm2-1': 10.09, 'm3-1': 1.11, 'm4-1': 108.04, 'm5-1': 0.94, 'm6-1': 9.97, 'm7-1': 0.95, 'm8-1': 11.06}",1.4249999999999998,37.09200000000001,38.042000000000016,inf,183.165,183.165
233,T4,BESTEFFORT,COMPLETED,m1-1,33.255,"{'m1-1': 1.08, 'm2-1': 11.37, 'm3-1': 1.13, 'm4-1': 108.05, 'm5-1': 1.14, 'm6-1': 11.48, 'm7-1': 1.1, 'm8-1': 10.24}",1.62,61.283,62.363,inf,183.255,183.255
234,T4,BESTEFFORT,COMPLETED,m3-1,33.361,"{'m1-1': 1.09, 'm2-1': 11.25, 'm3-1': 1.14, 'm4-1': 105.71, 'm5-1': 1.05, 'm6-1': 10.01, 'm7-1': 1.15, 'm8-1': 11.16}",1.71,107.61,108.75,inf,183.361,183.361
235,T3,BESTEFFORT,COMPLETED,m1-1,33.52,"{'m1-1': 0.98, 'm2-1': 10.13, 'm3-1': 0.99, 'm4-1': 103.1, 'm5-1': 1.1, 'm6-1': 11.35, 'm7-1': 1.03, 'm8-1': 10.57}",1.47,38.06299999999999,39.042999999999985,inf,183.52,183.52
236,T2,BESTEFFORT,COMPLETED,m2-1,33.634,"{'m1-1': 1.02, 'm2-1': 10.96, 'm3-1': 1.06, 'm4-1': 105.47, 'm5-1': 1.02, 'm6-1': 11.17, 'm7-1': 1.07, 'm8-1': 10.49}",16.44,74.078,85.03800000000001,inf,183.63400000000001,183.63400000000001
237,T2,BESTEFFORT,COMPLETED,m2-1,33.636,"{'m1-1': 1.09, 'm2-1': 10.97, 'm3-1': 1.0, 'm4-1': 111.28, 'm5-1': 1.02, 'm6-1': 11.63, 'm7-1': 0.94, 'm8-1': 10.43}",16.455000000000002,95.17800000000001,106.14800000000001,inf,183.636,183.636
238,T4,BESTEFFORT,COMPLETED,m1-1,33.67,"{'m1-1': 1.09, 'm2-1': 10.67, 'm3-1': 1.14, 'm4-1': 100.74, 'm5-1': 1.1, 'm6-1': 11.15, 'm7-1': 1.12, 'm8-1': 9.92}",1.6350000000000002,114.14299999999996,115.23299999999996,inf,183.67000000000002,183.67000000000002
239,T1,BESTEFFORT,COMPLETED,m3-1,33.869,"{'m1-1': 1.09, 'm2-1': 10.59, 'm3-1': 0.99, 'm4-1': 104.85, 'm5-1': 1.1, 'm6-1': 10.67, 'm7-1': 1.03, 'm8-1': 11.59}",1.4849999999999999,117.01999999999998,118.00999999999998,inf,183.869,183.869
240,T1,BESTEFFORT,COMPLETED,m3-1,33.881,"{'m1-1': 1.06, 'm2-1': 11.78, 'm3-1': 0.97, 'm4-1': 109.22, 'm5-1': 1.02, 'm6-1': 10.48, 'm7-1': 0.99, 'm8-1': 11.06}",1.455,108.75,109.72,inf,183.881,183.881
241,T4,BESTEFFORT,COMPLETED,m7-1,34.389,"{'m1-1': 1.17, 'm2-1': 10.79, 'm3-1': 1.04, 'm4-1': 105.45, 'm5-1': 1.09, 'm6-1': 11.43, 'm7-1': 1.04, 'm8-1': 9.93}",1.56,92.46200000000002,93.50200000000002,inf,184.389,184.389
242,T1,BESTEFFORT,COMPLETED,m3-1,34.395,"{'m1-1': 1.12, 'm2-1': 11.62, 'm3-1': 1.04, 'm4-1': 111.56, 'm5-1': 1.13, 'm6-1': 9.81, 'm7-1': 1.07, 'm8-1': 10.39}",1.56,38.3,39.339999999999996,inf,184.395,184.395
243,T2,BESTEFFORT,COMPLETED,m5-1,34.719,"{'m1-1': 1.12, 'm2-1': 9.99, 'm3-1': 1.07, 'm4-1': 110.17, 'm5-1': 1.06, 'm6-1': 11.65, 'm7-1': 1.05, 'm8-1': 10.88}",1.59,92.145,93.205,inf,184.719,184.719
244,T2,BESTEFFORT,COMPLETED,m5-1,34.742,"{'m1-1': 0.99, 'm2-1': 9.6, 'm3-1': 1.05, 'm4-1': 112.77, 'm5-1': 0.95, 'm6-1': 11.48, 'm7-1': 1.02, 'm8-1': 11.4}",1.4249999999999998,38.195,39.145,inf,184.742,184.742
245,T2,BESTEFFORT,COMPLETED,m7-1,34.804,"{'m1-1': 1.0, 'm2-1': 9.56, 'm3-1': 1.08, 'm4-1': 101.37, 'm5-1': 1.04, 'm6-1': 11.65, 'm7-1': 0.96, 'm8-1': 10.75}",1.44,38.042000000000016,39.00200000000002,inf,184.804,184.804
246,T2,BESTEFFORT,COMPLETED,m7-1,34.889,"{'m1-1': 1.12, 'm2-1': 10.28, 'm3-1': 1.14, 'm4-1': 115.21, 'm5-1': 1.01, 'm6-1': 11.24, 'm7-1': 0.94, 'm8-1': 10.02}",1.41,39.00200000000002,39.942000000000014,inf,184.889,184.889
247,T3,BESTEFFORT,COMPLETED,m7-1,35.107,"{'m1-1': 1.1, 'm2-1': 10.16, 'm3-1': 0.96, 'm4-1': 101.69, 'm5-1': 1.01, 'm6-1': 9.69, 'm7-1': 1.15, 'm8-1': 11.03}",1.7249999999999999,84.69200000000002,85.84200000000003,inf,185.107,185.107
248,T2,BESTEFFORT,COMPLETED,m5-1,35.372,"{'m1-1': 1.11, 'm2-1': 10.73, 'm3-1': 1.06, 'm4-1': 102.9, 'm5-1': 0.92, 'm6-1': 10.94, 'm7-1': 0.98, 'm8-1': 10.63}",1.3800000000000001,39.145,40.065000000000005,inf,185.372,185.372
249,T2,BESTEFFORT,COMPLETED,m7-1,35.373,"{'m1-1': 1.03, 'm2-1': 9.7, 'm3-1': 1.17, 'm4-1': 107.73, 'm5-1': 1.04, 'm6-1': 10.94, 'm7-1': 1.06, 'm8-1': 11.75}",1.59,39.942000000000014,41.00200000000002,inf,185.373,185.373
250,T3,BESTEFFORT,COMPLETED,m1-1,35.453,"{'m1-1': 1.1, 'm2-1': 11.34, 'm3-1': 0.99, 'm4-1': 97.44, 'm5-1': 1.08, 'm6-1': 10.89, 'm7-1': 1.02, 'm8-1': 9.82}",1.6500000000000001,39.042999999999985,40.14299999999999,inf,185.453,185.453
251,T2,BESTEFFORT,COMPLETED,m5-1,35.558,"{'m1-1': 1.03, 'm2-1': 10.75, 'm3-1': 1.02, 'm4-1': 109.89, 'm5-1': 0.98, 'm6-1': 10.92, 'm7-1': 0.97, 'm8-1': 9.96}",1.47,93.205,94.185,inf,185.558,185.558
252,T2,BESTEFFORT,COMPLETED,m1-1,35.651,"{'m1-1': 1.1, 'm2-1': 10.58, 'm3-1': 1.12, 'm4-1': 104.83, 'm5-1': 1.0, 'm6-1': 10.75, 'm7-1': 1.06, 'm8-1': 10.79}",1.6500000000000001,40.14299999999999,41.24299999999999,inf,185.651,185.651
253,T1,BESTEFFORT,COMPLETED,m3-1,35.652,"{'m1-1': 1.02, 'm2-1': 10.31, 'm3-1': 1.0, 'm4-1': 114.28, 'm5-1': 1.19, 'm6-1': 10.89, 'm7-1': 0.99, 'm8-1': 10.77}",1.5,111.85,112.85,inf,185.652,185.652
254,T3,BESTEFFORT,COMPLETED,m1-1,36.044,"{'m1-1': 1.02, 'm2-1': 10.32, 'm3-1': 0.98, 'm4-1': 92.85, 'm5-1': 1.06, 'm6-1': 10.36, 'm7-1': 1.07, 'm8-1': 9.88}",1.53,87.19299999999996,88.21299999999995,inf,186.04399999999998,186.04399999999998
255,T1,BESTEFFORT,COMPLETED,m7-1,36.493,"{'m1-1': 1.04, 'm2-1': 10.27, 'm3-1': 0.97, 'm4-1': 115.24, 'm5-1': 1.16, 'm6-1': 11.06, 'm7-1': 1.1, 'm8-1': 10.05}",1.6500000000000001,42.07200000000002,43.17200000000002,inf,186.493,186.493
256,T2,BESTEFFORT,COMPLETED,m5-1,36.711,"{'m1-1': 1.02, 'm2-1': 10.44, 'm3-1': 1.05, 'm4-1': 104.57, 'm5-1': 1.04, 'm6-1': 10.72, 'm7-1': 1.02, 'm8-1': 10.22}",1.56,40.065000000000005,41.105000000000004,inf,186.711,186.711
257,T4,BESTEFFORT,COMPLETED,m3-1,36.798,"{'m1-1': 1.1, 'm2-1': 10.39, 'm3-1': 1.15, 'm4-1': 107.98, 'm5-1': 1.08, 'm6-1': 11.12, 'm7-1': 1.12, 'm8-1': 9.79}",1.7249999999999999,97.36,98.51,inf,186.798,186.798
258,T2,BESTEFFORT,COMPLETED,m7-1,36.905,"{'m1-1': 0.97, 'm2-1': 9.39, 'm3-1': 1.0, 'm4-1': 110.49, 'm5-1': 1.07, 'm6-1': 11.51, 'm7-1': 0.99, 'm8-1': 10.05}",1.4849999999999999,107.28200000000002,108.27200000000002,inf,186.905,186.905
259,T3,BESTEFFORT,COMPLETED,m7-1,36.965,"{'m1-1': 1.08, 'm2-1': 10.01, 'm3-1': 1.14, 'm4-1': 106.02, 'm5-1': 1.16, 'm6-1': 10.6, 'm7-1': 1.12, 'm8-1': 11.42}",1.6800000000000002,43.17200000000002,44.292000000000016,inf,186.965,186.965
260,T4,BESTEFFORT,COMPLETED,m3-1,36.976,"{'m1-1': 1.08, 'm2-1': 9.95, 'm3-1': 1.06, 'm4-1': 103.82, 'm5-1': 1.16, 'm6-1': 11.22, 'm7-1': 1.14, 'm8-1': 10.39}",1.59,98.51,99.57000000000001,inf,186.976,186.976
261,T4,BESTEFFORT,COMPLETED,m5-1,37.006,"{'m1-1': 1.17, 'm2-1': 11.54, 'm3-1': 0.98, 'm4-1': 98.14, 'm5-1': 1.07, 'm6-1': 10.67, 'm7-1': 1.09, 'm8-1': 10.23}",1.605,103.80499999999999,104.87499999999999,inf,187.006,187.006
262,T1,BESTEFFORT,COMPLETED,m3-1,37.025,"{'m1-1': 1.09, 'm2-1': 10.01, 'm3-1': 0.95, 'm4-1': 109.66, 'm5-1': 1.06, 'm6-1': 9.8, 'm7-1': 1.05, 'm8-1': 10.03}",1.4249999999999998,40.379999999999995,41.33,inf,187.025,187.025
263,T2,BESTEFFORT,COMPLETED,m7-1,37.122,"{'m1-1': 1.07, 'm2-1': 9.38, 'm3-1': 1.16, 'm4-1': 114.03, 'm5-1': 1.05, 'm6-1': 10.94, 'm7-1': 0.99, 'm8-1': 10.57}",1.4849999999999999,58.76200000000002,59.752000000000024,inf,187.122,187.122
264,T3,BESTEFFORT,COMPLETED,m1-1,37.134,"{'m1-1': 0.98, 'm2-1': 11.3, 'm3-1': 1.06, 'm4-1': 96.3, 'm5-1': 1.13, 'm6-1': 10.01, 'm7-1': 1.15, 'm8-1': 10.52}",1.47,104.44299999999994,105.42299999999994,inf,187.13400000000001,187.13400000000001
265,T2,BESTEFFORT,COMPLETED,m7-1,37.237,"{'m1-1': 1.12, 'm2-1': 10.96, 'm3-1': 1.02, 'm4-1': 101.91, 'm5-1': 0.95, 'm6-1': 11.58, 'm7-1': 1.07, 'm8-1': 10.34}",1.605,41.00200000000002,42.07200000000002,inf,187.237,187.237
266,T3,BESTEFFORT,COMPLETED,m3-1,37.297,"{'m1-1': 1.08, 'm2-1': 10.94, 'm3-1': 1.06, 'm4-1': 95.32, 'm5-1': 1.06, 'm6-1': 10.29, 'm7-1': 1.14, 'm8-1': 10.32}",1.59,41.33,42.39,inf,187.297,187.297
267,T3,BESTEFFORT,COMPLETED,m7-1,37.458,"{'m1-1': 1.09, 'm2-1': 11.78, 'm3-1': 1.05, 'm4-1': 98.07, 'm5-1': 1.17, 'm6-1': 10.22, 'm7-1': 1.06, 'm8-1': 11.49}",1.59,93.50200000000002,94.56200000000003,inf,187.458,187.458
268,T1,BESTEFFORT,COMPLETED,m5-1,37.832,"{'m1-1': 1.03, 'm2-1': 11.37, 'm3-1': 1.0, 'm4-1': 100.04, 'm5-1': 1.03, 'm6-1': 11.37, 'm7-1': 0.97, 'm8-1': 11.46}",1.545,43.295,44.325,inf,187.832,187.832
269,T4,BESTEFFORT,COMPLETED,m7-1,38.301,"{'m1-1': 1.17, 'm2-1': 11.29, 'm3-1': 0.98, 'm4-1': 94.74, 'm5-1': 1.04, 'm6-1': 11.77, 'm7-1': 1.1, 'm8-1': 11.23}",1.6500000000000001,100.65200000000003,101.75200000000002,inf,188.301,188.301
270,T4,BESTEFFORT,COMPLETED,m5-1,38.572,"{'m1-1': 1.04, 'm2-1': 11.53, 'm3-1': 1.04, 'm4-1': 108.38, 'm5-1': 1.14, 'm6-1': 10.86, 'm7-1': 1.04, 'm8-1': 11.08}",1.71,116.85499999999999,117.99499999999999,inf,188.572,188.572
271,T2,BESTEFFORT,COMPLETED,m1-1,38.574,"{'m1-1': 1.13, 'm2-1': 10.76, 'm3-1': 1.12, 'm4-1': 115.81, 'm5-1': 0.94, 'm6-1': 10.83, 'm7-1': 1.0, 'm8-1': 10.15}",1.6949999999999998,44.312999999999995,45.443,inf,188.574,188.574
272,T4,BESTEFFORT,COMPLETED,m5-1,38.679,"{'m1-1': 1.14, 'm2-1': 11.04, 'm3-1': 0.98, 'm4-1': 105.06, 'm5-1': 1.0, 'm6-1': 10.98, 'm7-1': 1.18, 'm8-1': 10.82}",1.5,113.65499999999999,114.65499999999999,inf,188.679,188.679
273,T3,BESTEFFORT,COMPLETED,m5-1,39.368,"{'m1-1': 0.99, 'm2-1': 10.79, 'm3-1': 1.13, 'm4-1': 97.8, 'm5-1': 1.17, 'm6-1': 10.0, 'm7-1': 1.09, 'm8-1': 11.49}",1.755,117.99499999999999,119.16499999999999,inf,189.368,189.368
274,T1,BESTEFFORT,COMPLETED,m1-1,39.448,"{'m1-1': 1.03, 'm2-1': 11.75, 'm3-1': 0.96, 'm4-1': 107.59, 'm5-1': 1.09, 'm6-1': 9.79, 'm7-1': 0.97, 'm8-1': 11.6}",1.545,105.42299999999994,106.45299999999995,inf,189.448,189.448
275,T1,BESTEFFORT,COMPLETED,m3-1,39.84,"{'m1-1': 0.99, 'm2-1': 11.04, 'm3-1': 1.09, 'm4-1': 103.44, 'm5-1': 1.1, 'm6-1': 10.3, 'm7-1': 1.0, 'm8-1': 11.75}",1.6350000000000002,43.39,44.480000000000004,inf,189.84,189.84
276,T1,BESTEFFORT,COMPLETED,m7-1,39.876,"{'m1-1': 0.99, 'm2-1': 11.76, 'm3-1': 0.94, 'm4-1': 103.98, 'm5-1': 1.01, 'm6-1': 10.71, 'm7-1': 1.0, 'm8-1': 11.73}",1.5,85.84200000000003,86.84200000000003,inf,189.876,189.876
277,T1,BESTEFFORT,COMPLETED,m7-1,40.188,"{'m1-1': 1.09, 'm2-1': 11.78, 'm3-1': 0.99, 'm4-1': 108.89, 'm5-1': 1.06, 'm6-1': 9.79, 'm7-1': 1.1, 'm8-1': 10.62}",1.6500000000000001,45.35200000000002,46.45200000000002,inf,190.188,190.188
278,T3,BESTEFFORT,COMPLETED,m3-1,40.498,"{'m1-1': 1.0, 'm2-1': 11.79, 'm3-1': 1.01, 'm4-1': 102.38, 'm5-1': 1.07, 'm6-1': 11.38, 'm7-1': 1.12, 'm8-1': 11.45}",1.5150000000000001,79.08999999999999,80.1,inf,190.498,190.498
279,T1,BESTEFFORT,COMPLETED,m3-1,40.5,"{'m1-1': 1.07, 'm2-1': 11.19, 'm3-1': 1.04, 'm4-1': 99.9, 'm5-1': 1.05, 'm6-1': 10.3, 'm7-1': 0.96, 'm8-1': 10.64}",1.56,44.480000000000004,45.52,inf,190.5,190.5
280,T2,BESTEFFORT,COMPLETED,m2-1,40.601,"{'m1-1': 1.14, 'm2-1': 10.14, 'm3-1': 1.11, 'm4-1': 116.17, 'm5-1': 1.02, 'm6-1': 11.01, 'm7-1': 1.1, 'm8-1': 10.8}",15.21,85.03800000000001,95.17800000000001,inf,190.601,190.601
281,T4,BESTEFFORT,COMPLETED,m3-1,40.955,"{'m1-1': 1.1, 'm2-1': 11.33, 'm3-1': 1.06, 'm4-1': 104.27, 'm5-1': 1.09, 'm6-1': 11.37, 'm7-1': 1.08, 'm8-1': 9.86}",1.59,46.53,47.59,inf,190.95499999999998,190.95499999999998
282,T1,BESTEFFORT,COMPLETED,m7-1,40.969,"{'m1-1': 1.01, 'm2-1': 10.74, 'm3-1': 1.02, 'm4-1': 111.44, 'm5-1': 1.08, 'm6-1': 9.98, 'm7-1': 1.06, 'm8-1': 10.65}",1.59,44.292000000000016,45.35200000000002,inf,190.969,190.969
283,T1,BESTEFFORT,COMPLETED,m1-1,41.11,"{'m1-1': 1.12, 'm2-1': 10.45, 'm3-1': 0.93, 'm4-1': 103.32, 'm5-1': 1.04, 'm6-1': 11.54, 'm7-1': 1.1, 'm8-1': 11.81}",1.6800000000000002,109.84299999999995,110.96299999999995,inf,191.11,191.11
284,T3,BESTEFFORT,COMPLETED,m1-1,41.229,"{'m1-1': 1.06, 'm2-1': 10.23, 'm3-1': 1.08, 'm4-1': 101.05, 'm5-1': 1.0, 'm6-1': 11.17, 'm7-1': 0.98, 'm8-1': 11.32}",1.59,106.45299999999995,107.51299999999995,inf,191.22899999999998,191.22899999999998
285,T4,BESTEFFORT,COMPLETED,m1-1,41.548,"{'m1-1': 1.1, 'm2-1': 11.27, 'm3-1': 1.06, 'm4-1': 105.04, 'm5-1': 1.01, 'm6-1': 10.34, 'm7-1': 1.14, 'm8-1': 10.71}",1.6500000000000001,95.79299999999995,96.89299999999994,inf,191.548,191.548
286,T3,BESTEFFORT,COMPLETED,m3-1,42.161,"{'m1-1': 0.96, 'm2-1': 11.53, 'm3-1': 1.01, 'm4-1': 94.36, 'm5-1': 1.04, 'm6-1': 10.92, 'm7-1': 1.09, 'm8-1': 10.28}",1.5150000000000001,45.52,46.53,inf,192.161,192.161
287,T1,BESTEFFORT,COMPLETED,m3-1,42.231,"{'m1-1': 1.03, 'm2-1': 11.34, 'm3-1': 0.98, 'm4-1': 100.15, 'm5-1': 1.04, 'm6-1': 10.53, 'm7-1': 0.96, 'm8-1': 10.75}",1.47,99.57000000000001,100.55000000000001,inf,192.231,192.231
288,T4,BESTEFFORT,COMPLETED,m3-1,42.334,"{'m1-1': 1.15, 'm2-1': 10.3, 'm3-1': 1.02, 'm4-1': 97.13, 'm5-1': 1.04, 'm6-1': 11.56, 'm7-1': 1.08, 'm8-1': 10.52}",1.53,100.55000000000001,101.57000000000001,inf,192.334,192.334
289,T3,BESTEFFORT,COMPLETED,m6-1,42.429,"{'m1-1': 0.94, 'm2-1': 10.9, 'm3-1': 1.04, 'm4-1': 103.09, 'm5-1': 1.06, 'm6-1': 10.48, 'm7-1': 1.02, 'm8-1': 11.36}",15.72,129.237,139.71699999999998,inf,192.429,192.429
290,T1,BESTEFFORT,COMPLETED,m7-1,42.442,"{'m1-1': 1.11, 'm2-1': 10.51, 'm3-1': 1.02, 'm4-1': 114.2, 'm5-1': 1.14, 'm6-1': 10.97, 'm7-1': 1.06, 'm8-1': 11.54}",1.59,47.39200000000002,48.45200000000002,inf,192.442,192.442
291,T4,BESTEFFORT,COMPLETED,m1-1,42.474,"{'m1-1': 1.07, 'm2-1': 10.17, 'm3-1': 1.0, 'm4-1': 99.94, 'm5-1': 1.06, 'm6-1': 10.24, 'm7-1': 1.03, 'm8-1': 10.02}",1.605,96.89299999999994,97.96299999999994,inf,192.474,192.474
292,T3,BESTEFFORT,COMPLETED,m3-1,42.495,"{'m1-1': 1.09, 'm2-1': 11.63, 'm3-1': 1.12, 'm4-1': 108.5, 'm5-1': 1.02, 'm6-1': 10.85, 'm7-1': 1.13, 'm8-1': 11.5}",1.6800000000000002,49.650000000000006,50.77,inf,192.495,192.495
293,T3,BESTEFFORT,COMPLETED,m5-1,42.517,"{'m1-1': 1.07, 'm2-1': 11.29, 'm3-1': 1.06, 'm4-1': 93.72, 'm5-1': 1.16, 'm6-1': 10.18, 'm7-1': 1.14, 'm8-1': 11.46}",1.7399999999999998,99.54499999999999,100.70499999999998,inf,192.517,192.517
294,T1,BESTEFFORT,COMPLETED,m1-1,42.74,"{'m1-1': 0.99, 'm2-1': 10.46, 'm3-1': 1.0, 'm4-1': 98.37, 'm5-1': 1.1, 'm6-1': 11.19, 'm7-1': 0.97, 'm8-1': 10.63}",1.4849999999999999,47.593,48.583000000000006,inf,192.74,192.74
295,T3,BESTEFFORT,COMPLETED,m1-1,42.825,"{'m1-1': 1.06, 'm2-1': 11.02, 'm3-1': 0.99, 'm4-1': 104.69, 'm5-1': 1.16, 'm6-1': 10.36, 'm7-1': 1.12, 'm8-1': 9.79}",1.59,46.533,47.593,inf,192.825,192.825
296,T2,BESTEFFORT,COMPLETED,m7-1,42.994,"{'m1-1': 1.13, 'm2-1': 10.86, 'm3-1': 1.08, 'm4-1': 107.0, 'm5-1': 1.1, 'm6-1': 11.74, 'm7-1': 0.94, 'm8-1': 10.72}",1.41,46.45200000000002,47.39200000000002,inf,192.994,192.994
297,T4,BESTEFFORT,COMPLETED,m5-1,43.059,"{'m1-1': 1.04, 'm2-1': 10.42, 'm3-1': 1.02, 'm4-1': 103.46, 'm5-1': 1.0, 'm6-1': 10.61, 'm7-1': 1.15, 'm8-1': 10.44}",1.5,94.185,95.185,inf,193.059,193.059
298,T3,BESTEFFORT,COMPLETED,m5-1,43.194,"{'m1-1': 0.96, 'm2-1': 10.5, 'm3-1': 0.97, 'm4-1': 94.92, 'm5-1': 1.14, 'm6-1': 9.86, 'm7-1': 1.0, 'm8-1': 10.81}",1.71,46.475,47.615,inf,193.19400000000002,193.19400000000002
299,T4,BESTEFFORT,COMPLETED,m1-1,43.21,"{'m1-1': 1.18, 'm2-1': 10.22, 'm3-1': 1.02, 'm4-1': 105.85, 'm5-1': 1.16, 'm6-1': 10.47, 'm7-1': 1.18, 'm8-1': 10.86}",1.77,97.96299999999994,99.14299999999994,inf,193.21,193.21
300,T4,BESTEFFORT,COMPLETED,m5-1,43.409,"{'m1-1': 1.03, 'm2-1': 11.5, 'm3-1': 1.16, 'm4-1': 94.57, 'm5-1': 1.16, 'm6-1': 10.04, 'm7-1': 1.05, 'm8-1': 10.1}",1.7399999999999998,50.684999999999995,51.84499999999999,inf,193.409,193.409
301,T1,BESTEFFORT,COMPLETED,m3-1,43.679,"{'m1-1': 1.01, 'm2-1': 10.6, 'm3-1': 1.02, 'm4-1': 100.24, 'm5-1': 1.16, 'm6-1': 10.91, 'm7-1': 0.97, 'm8-1': 11.53}",1.53,48.63,49.650000000000006,inf,193.679,193.679
302,T1,BESTEFFORT,COMPLETED,m3-1,43.711,"{'m1-1': 0.98, 'm2-1': 11.04, 'm3-1': 1.04, 'm4-1': 114.26, 'm5-1': 1.08, 'm6-1': 10.5, 'm7-1': 1.1, 'm8-1': 11.42}",1.56,47.59,48.63,inf,193.711,193.711
303,T4,BESTEFFORT,COMPLETED,m3-1,44.059,"{'m1-1': 1.04, 'm2-1': 10.23, 'm3-1': 1.14, 'm4-1': 100.73, 'm5-1': 1.07, 'm6-1': 10.44, 'm7-1': 1.03, 'm8-1': 11.37}",1.71,51.790000000000006,52.93000000000001,inf,194.059,194.059
304,T4,BESTEFFORT,COMPLETED,m3-1,44.126,"{'m1-1': 1.16, 'm2-1': 10.78, 'm3-1': 0.99, 'm4-1': 110.17, 'm5-1': 1.02, 'm6-1': 10.49, 'm7-1': 1.08, 'm8-1': 10.24}",1.4849999999999999,114.88999999999999,115.87999999999998,inf,194.126,194.126
305,T2,BESTEFFORT,COMPLETED,m5-1,44.264,"{'m1-1': 0.98, 'm2-1': 10.8, 'm3-1': 1.05, 'm4-1': 111.93, 'm5-1': 1.01, 'm6-1': 10.14, 'm7-1': 0.97, 'm8-1': 11.51}",1.5150000000000001,47.615,48.625,inf,194.264,194.264
306,T3,BESTEFFORT,COMPLETED,m5-1,44.295,"{'m1-1': 1.1, 'm2-1': 11.5, 'm3-1': 1.07, 'm4-1': 100.03, 'm5-1': 1.17, 'm6-1': 10.48, 'm7-1': 1.12, 'm8-1': 10.86}",1.755,104.87499999999999,106.04499999999999,inf,194.29500000000002,194.29500000000002
307,T4,BESTEFFORT,COMPLETED,m7-1,44.441,"{'m1-1': 1.07, 'm2-1': 10.4, 'm3-1': 1.04, 'm4-1': 101.73, 'm5-1': 1.01, 'm6-1': 10.08, 'm7-1': 1.14, 'm8-1': 11.56}",1.71,108.27200000000002,109.41200000000002,inf,194.441,194.441
308,T4,BESTEFFORT,COMPLETED,m5-1,44.663,"{'m1-1': 1.09, 'm2-1': 11.15, 'm3-1': 1.02, 'm4-1': 95.0, 'm5-1': 1.05, 'm6-1': 11.52, 'm7-1': 1.15, 'm8-1': 10.55}",1.5750000000000002,106.04499999999999,107.09499999999998,inf,194.663,194.663
309,T2,BESTEFFORT,COMPLETED,m5-1,44.944,"{'m1-1': 0.97, 'm2-1': 9.88, 'm3-1': 1.04, 'm4-1': 114.51, 'm5-1': 0.98, 'm6-1': 11.4, 'm7-1': 1.0, 'm8-1': 10.32}",1.47,48.625,49.605,inf,194.94400000000002,194.94400000000002
310,T2,BESTEFFORT,COMPLETED,m7-1,45.152,"{'m1-1': 1.08, 'm2-1': 10.54, 'm3-1': 1.02, 'm4-1': 106.94, 'm5-1': 1.02, 'm6-1': 11.46, 'm7-1': 1.03, 'm8-1': 11.51}",1.545,48.45200000000002,49.48200000000002,inf,195.152,195.152
311,T3,BESTEFFORT,COMPLETED,m3-1,45.221,"{'m1-1': 0.97, 'm2-1': 11.22, 'm3-1': 1.13, 'm4-1': 92.36, 'm5-1': 1.18, 'm6-1': 11.1, 'm7-1': 1.14, 'm8-1': 10.89}",1.6949999999999998,80.1,81.22999999999999,inf,195.221,195.221
312,T1,BESTEFFORT,COMPLETED,m7-1,45.326,"{'m1-1': 1.04, 'm2-1': 11.14, 'm3-1': 0.94, 'm4-1': 103.36, 'm5-1': 1.07, 'm6-1': 9.91, 'm7-1': 1.09, 'm8-1': 11.52}",1.6350000000000002,50.56200000000002,51.65200000000002,inf,195.326,195.326
313,T2,BESTEFFORT,COMPLETED,m7-1,45.608,"{'m1-1': 0.98, 'm2-1': 9.67, 'm3-1': 1.05, 'm4-1': 113.93, 'm5-1': 1.06, 'm6-1': 10.47, 'm7-1': 1.08, 'm8-1': 11.73}",1.62,49.48200000000002,50.56200000000002,inf,195.608,195.608
314,T4,BESTEFFORT,COMPLETED,m3-1,45.668,"{'m1-1': 1.16, 'm2-1': 10.61, 'm3-1': 1.05, 'm4-1': 96.59, 'm5-1': 1.14, 'm6-1': 11.28, 'm7-1': 1.18, 'm8-1': 11.05}",1.5750000000000002,92.02,93.07,inf,195.668,195.668
315,T2,BESTEFFORT,COMPLETED,m5-1,45.716,"{'m1-1': 1.08, 'm2-1': 10.07, 'm3-1': 1.06, 'm4-1': 100.8, 'm5-1': 1.08, 'm6-1': 10.01, 'm7-1': 1.08, 'm8-1': 10.33}",1.62,49.605,50.684999999999995,inf,195.716,195.716
316,T2,BESTEFFORT,COMPLETED,m7-1,45.839,"{'m1-1': 1.01, 'm2-1': 9.38, 'm3-1': 1.0, 'm4-1': 105.5, 'm5-1': 1.08, 'm6-1': 11.51, 'm7-1': 1.03, 'm8-1': 11.03}",1.545,61.77200000000002,62.80200000000002,inf,195.839,195.839
317,T3,BESTEFFORT,COMPLETED,m7-1,45.898,"{'m1-1': 1.08, 'm2-1': 10.93, 'm3-1': 1.01, 'm4-1': 107.51, 'm5-1': 1.16, 'm6-1': 10.72, 'm7-1': 1.01, 'm8-1': 11.31}",1.5150000000000001,54.712000000000025,55.72200000000002,inf,195.898,195.898
318,T4,BESTEFFORT,COMPLETED,m3-1,45.954,"{'m1-1': 1.08, 'm2-1': 10.82, 'm3-1': 1.11, 'm4-1': 102.85, 'm5-1': 1.16, 'm6-1': 10.7, 'm7-1': 1.04, 'm8-1': 10.57}",1.665,52.93000000000001,54.040000000000006,inf,195.954,195.954
319,T3,BESTEFFORT,COMPLETED,m1-1,46.013,"{'m1-1': 0.95, 'm2-1': 11.23, 'm3-1': 1.02, 'm4-1': 105.46, 'm5-1': 1.12, 'm6-1': 10.37, 'm7-1': 0.99, 'm8-1': 11.36}",1.4249999999999998,49.703,50.653000000000006,inf,196.013,196.013
320,T4,BESTEFFORT,COMPLETED,m1-1,46.114,"{'m1-1': 1.0, 'm2-1': 10.23, 'm3-1': 1.15, 'm4-1': 98.86, 'm5-1': 0.98, 'm6-1': 11.74, 'm7-1': 1.05, 'm8-1': 10.26}",1.5,50.653000000000006,51.653000000000006,inf,196.114,196.114
321,T4,BESTEFFORT,COMPLETED,m7-1,46.12,"{'m1-1': 1.1, 'm2-1': 10.51, 'm3-1': 1.03, 'm4-1': 98.91, 'm5-1': 1.12, 'm6-1': 9.93, 'm7-1': 1.05, 'm8-1': 10.02}",1.5750000000000002,106.23200000000003,107.28200000000002,inf,196.12,196.12
322,T3,BESTEFFORT,COMPLETED,m3-1,46.144,"{'m1-1': 1.0, 'm2-1': 10.76, 'm3-1': 1.02, 'm4-1': 94.22, 'm5-1': 1.16, 'm6-1': 10.21, 'm7-1': 1.09, 'm8-1': 11.13}",1.53,50.77,51.790000000000006,inf,196.144,196.144
323,T1,BESTEFFORT,COMPLETED,m1-1,46.185,"{'m1-1': 1.15, 'm2-1': 11.68, 'm3-1': 1.09, 'm4-1': 113.43, 'm5-1': 1.04, 'm6-1': 11.37, 'm7-1': 1.1, 'm8-1': 10.41}",1.7249999999999999,55.92300000000001,57.07300000000001,inf,196.185,196.185
324,T4,BESTEFFORT,COMPLETED,m3-1,46.508,"{'m1-1': 1.16, 'm2-1': 10.72, 'm3-1': 1.0, 'm4-1': 106.67, 'm5-1': 1.01, 'm6-1': 10.64, 'm7-1': 1.18, 'm8-1': 11.37}",1.5,69.38,70.38,inf,196.508,196.508
325,T4,BESTEFFORT,COMPLETED,m2-1,46.569,"{'m1-1': 1.07, 'm2-1': 10.72, 'm3-1': 1.12, 'm4-1': 96.46, 'm5-1': 1.14, 'm6-1': 10.76, 'm7-1': 1.02, 'm8-1': 11.05}",16.080000000000002,125.888,136.608,inf,196.56900000000002,196.56900000000002
326,T4,BESTEFFORT,COMPLETED,m1-1,46.688,"{'m1-1': 1.09, 'm2-1': 10.34, 'm3-1': 1.12, 'm4-1': 95.75, 'm5-1': 1.08, 'm6-1': 11.63, 'm7-1': 1.06, 'm8-1': 11.07}",1.6350000000000002,88.21299999999995,89.30299999999995,inf,196.688,196.688
327,T4,BESTEFFORT,COMPLETED,m1-1,47.341,"{'m1-1': 1.03, 'm2-1': 10.36, 'm3-1': 1.16, 'm4-1': 100.43, 'm5-1': 1.12, 'm6-1': 10.72, 'm7-1': 1.12, 'm8-1': 11.4}",1.545,99.14299999999994,100.17299999999994,inf,197.341,197.341
328,T4,BESTEFFORT,COMPLETED,m3-1,47.352,"{'m1-1': 1.04, 'm2-1': 11.61, 'm3-1': 0.99, 'm4-1': 107.98, 'm5-1': 1.13, 'm6-1': 11.68, 'm7-1': 1.12, 'm8-1': 11.43}",1.4849999999999999,101.57000000000001,102.56,inf,197.352,197.352
329,T4,BESTEFFORT,COMPLETED,m3-1,47.401,"{'m1-1': 1.03, 'm2-1': 11.33, 'm3-1': 1.11, 'm4-1': 110.22, 'm5-1': 1.01, 'm6-1': 10.87, 'm7-1': 1.1, 'm8-1': 10.48}",1.665,70.38,71.49,inf,197.401,197.401
330,T4,BESTEFFORT,COMPLETED,m5-1,47.522,"{'m1-1': 1.0, 'm2-1': 11.78, 'm3-1': 1.13, 'm4-1': 96.0, 'm5-1': 0.98, 'm6-1': 11.66, 'm7-1': 1.18, 'm8-1': 10.2}",1.47,100.70499999999998,101.68499999999999,inf,197.522,197.522
331,T2,BESTEFFORT,COMPLETED,m7-1,47.54,"{'m1-1': 1.12, 'm2-1': 10.12, 'm3-1': 1.17, 'm4-1': 117.88, 'm5-1': 1.04, 'm6-1': 9.91, 'm7-1': 1.03, 'm8-1': 10.17}",1.545,51.65200000000002,52.68200000000002,inf,197.54,197.54
332,T1,BESTEFFORT,COMPLETED,m1-1,47.662,"{'m1-1': 1.09, 'm2-1': 11.52, 'm3-1': 0.97, 'm4-1': 107.03, 'm5-1': 1.09, 'm6-1': 11.32, 'm7-1': 1.04, 'm8-1': 10.26}",1.6350000000000002,52.75300000000001,53.84300000000001,inf,197.662,197.662
333,T2,BESTEFFORT,COMPLETED,m3-1,47.665,"{'m1-1': 1.13, 'm2-1': 10.59, 'm3-1': 1.11, 'm4-1': 115.97, 'm5-1': 0.93, 'm6-1': 9.92, 'm7-1': 1.09, 'm8-1': 10.42}",1.665,93.07,94.17999999999999,inf,197.665,197.665
334,T3,BESTEFFORT,COMPLETED,m1-1,47.7,"{'m1-1': 1.02, 'm2-1': 9.99, 'm3-1': 1.09, 'm4-1': 94.79, 'm5-1': 1.11, 'm6-1': 10.48, 'm7-1': 1.01, 'm8-1': 10.9}",1.53,116.35299999999997,117.37299999999996,inf,197.7,197.7
335,T2,BESTEFFORT,COMPLETED,m5-1,47.774,"{'m1-1': 1.12, 'm2-1': 9.5, 'm3-1': 0.99, 'm4-1': 112.08, 'm5-1': 1.03, 'm6-1': 10.46, 'm7-1': 1.04, 'm8-1': 11.36}",1.545,51.84499999999999,52.87499999999999,inf,197.774,197.774
336,T1,BESTEFFORT,COMPLETED,m7-1,47.793,"{'m1-1': 1.06, 'm2-1': 11.58, 'm3-1': 1.07, 'm4-1': 102.65, 'm5-1': 1.18, 'm6-1': 11.26, 'm7-1': 1.08, 'm8-1': 10.68}",1.62,86.84200000000003,87.92200000000003,inf,197.793,197.793
337,T2,BESTEFFORT,COMPLETED,m5-1,47.983,"{'m1-1': 1.14, 'm2-1': 10.58, 'm3-1': 1.03, 'm4-1': 117.36, 'm5-1': 0.99, 'm6-1': 11.28, 'm7-1': 1.09, 'm8-1': 10.06}",1.4849999999999999,52.87499999999999,53.864999999999995,inf,197.983,197.983
338,T2,BESTEFFORT,COMPLETED,m7-1,48.204,"{'m1-1': 1.13, 'm2-1': 9.7, 'm3-1': 1.04, 'm4-1': 110.58, 'm5-1': 0.94, 'm6-1': 10.18, 'm7-1': 1.01, 'm8-1': 10.13}",1.5150000000000001,94.56200000000003,95.57200000000003,inf,198.204,198.204
339,T2,BESTEFFORT,COMPLETED,m5-1,48.299,"{'m1-1': 0.98, 'm2-1': 11.0, 'm3-1': 0.99, 'm4-1': 116.32, 'm5-1': 1.02, 'm6-1': 11.37, 'm7-1': 0.99, 'm8-1': 11.73}",1.53,53.864999999999995,54.885,inf,198.299,198.299
340,T1,BESTEFFORT,COMPLETED,m7-1,48.396,"{'m1-1': 1.01, 'm2-1': 11.15, 'm3-1': 0.96, 'm4-1': 110.42, 'm5-1': 1.04, 'm6-1': 11.46, 'm7-1': 1.07, 'm8-1': 11.07}",1.605,95.57200000000003,96.64200000000002,inf,198.39600000000002,198.39600000000002
341,T3,BESTEFFORT,COMPLETED,m1-1,48.548,"{'m1-1': 1.1, 'm2-1': 10.9, 'm3-1': 1.02, 'm4-1': 106.96, 'm5-1': 1.08, 'm6-1': 10.03, 'm7-1': 1.14, 'm8-1': 11.62}",1.6500000000000001,51.653000000000006,52.75300000000001,inf,198.548,198.548
342,T1,BESTEFFORT,COMPLETED,m5-1,48.778,"{'m1-1': 1.12, 'm2-1': 11.68, 'm3-1': 1.02, 'm4-1': 104.17, 'm5-1': 1.14, 'm6-1': 10.71, 'm7-1': 1.04, 'm8-1': 10.15}",1.71,56.934999999999995,58.074999999999996,inf,198.778,198.778
343,T2,BESTEFFORT,COMPLETED,m7-1,48.832,"{'m1-1': 1.02, 'm2-1': 11.11, 'm3-1': 1.13, 'm4-1': 115.81, 'm5-1': 0.99, 'm6-1': 10.51, 'm7-1': 1.03, 'm8-1': 11.5}",1.545,52.68200000000002,53.712000000000025,inf,198.832,198.832
344,T2,BESTEFFORT,COMPLETED,m7-1,48.995,"{'m1-1': 1.12, 'm2-1': 9.61, 'm3-1': 1.13, 'm4-1': 113.04, 'm5-1': 0.92, 'm6-1': 11.47, 'm7-1': 1.0, 'm8-1': 11.37}",1.5,53.712000000000025,54.712000000000025,inf,198.995,198.995
345,T4,BESTEFFORT,COMPLETED,m7-1,49.205,"{'m1-1': 1.04, 'm2-1': 11.42, 'm3-1': 1.0, 'm4-1': 94.77, 'm5-1': 1.07, 'm6-1': 10.65, 'm7-1': 1.11, 'm8-1': 10.24}",1.665,101.75200000000002,102.86200000000002,inf,199.20499999999998,199.20499999999998
346,T4,BESTEFFORT,COMPLETED,m1-1,49.288,"{'m1-1': 1.11, 'm2-1': 11.4, 'm3-1': 1.06, 'm4-1': 108.81, 'm5-1': 1.12, 'm6-1': 10.09, 'm7-1': 1.17, 'm8-1': 10.12}",1.665,60.173,61.283,inf,199.288,199.288
347,T1,BESTEFFORT,COMPLETED,m3-1,49.89,"{'m1-1': 1.05, 'm2-1': 10.08, 'm3-1': 1.06, 'm4-1': 110.84, 'm5-1': 1.08, 'm6-1': 10.9, 'm7-1': 1.1, 'm8-1': 11.69}",1.59,55.09,56.150000000000006,inf,199.89,199.89
348,T1,BESTEFFORT,COMPLETED,m3-1,49.896,"{'m1-1': 1.02, 'm2-1': 11.38, 'm3-1': 1.05, 'm4-1': 99.03, 'm5-1': 1.06, 'm6-1': 10.92, 'm7-1': 1.08, 'm8-1': 10.34}",1.5750000000000002,54.040000000000006,55.09,inf,199.89600000000002,199.89600000000002
349,T4,BESTEFFORT,COMPLETED,m7-1,49.954,"{'m1-1': 1.04, 'm2-1': 11.02, 'm3-1': 1.06, 'm4-1': 95.62, 'm5-1': 1.07, 'm6-1': 10.94, 'm7-1': 1.05, 'm8-1': 11.17}",1.5750000000000002,109.41200000000002,110.46200000000002,inf,199.954,199.954
350,T4,BESTEFFORT,COMPLETED,m7-1,50.221,"{'m1-1': 1.02, 'm2-1': 10.06, 'm3-1': 1.01, 'm4-1': 94.55, 'm5-1': 1.12, 'm6-1': 11.59, 'm7-1': 1.14, 'm8-1': 10.94}",1.71,114.54200000000002,115.68200000000002,inf,200.221,200.221
351,T2,BESTEFFORT,COMPLETED,m5-1,50.396,"{'m1-1': 1.06, 'm2-1': 10.23, 'm3-1': 1.05, 'm4-1': 109.17, 'm5-1': 0.93, 'm6-1': 11.61, 'm7-1': 0.93, 'm8-1': 10.71}",1.395,54.885,55.815,inf,200.39600000000002,200.39600000000002
352,T3,BESTEFFORT,COMPLETED,m1-1,50.399,"{'m1-1': 1.0, 'm2-1': 11.7, 'm3-1': 1.07, 'm4-1': 92.44, 'm5-1': 1.17, 'm6-1': 9.66, 'm7-1': 1.02, 'm8-1': 11.28}",1.5,53.84300000000001,54.84300000000001,inf,200.399,200.399
353,T1,BESTEFFORT,COMPLETED,m3-1,50.688,"{'m1-1': 1.06, 'm2-1': 11.17, 'm3-1': 0.99, 'm4-1': 114.88, 'm5-1': 1.07, 'm6-1': 10.99, 'm7-1': 1.1, 'm8-1': 10.97}",1.4849999999999999,112.85,113.83999999999999,inf,200.688,200.688
354,T4,BESTEFFORT,COMPLETED,m7-1,51.102,"{'m1-1': 1.0, 'm2-1': 11.45, 'm3-1': 0.99, 'm4-1': 101.82, 'm5-1': 1.12, 'm6-1': 11.68, 'm7-1': 1.01, 'm8-1': 9.98}",1.5150000000000001,113.53200000000001,114.54200000000002,inf,201.102,201.102
355,T1,BESTEFFORT,COMPLETED,m7-1,51.193,"{'m1-1': 1.1, 'm2-1': 10.76, 'm3-1': 1.02, 'm4-1': 115.21, 'm5-1': 1.08, 'm6-1': 10.42, 'm7-1': 0.96, 'm8-1': 10.22}",1.44,115.68200000000002,116.64200000000001,inf,201.19299999999998,201.19299999999998
356,T1,BESTEFFORT,COMPLETED,m1-1,51.449,"{'m1-1': 1.08, 'm2-1': 10.85, 'm3-1': 1.02, 'm4-1': 102.95, 'm5-1': 1.15, 'm6-1': 9.95, 'm7-1': 1.07, 'm8-1': 11.69}",1.62,54.84300000000001,55.92300000000001,inf,201.449,201.449
357,T3,BESTEFFORT,COMPLETED,m3-1,51.712,"{'m1-1': 1.09, 'm2-1': 10.21, 'm3-1': 1.1, 'm4-1': 93.58, 'm5-1': 1.15, 'm6-1': 10.83, 'm7-1': 1.12, 'm8-1': 10.58}",1.6500000000000001,81.22999999999999,82.32999999999998,inf,201.712,201.712
358,T1,BESTEFFORT,COMPLETED,m1-1,51.782,"{'m1-1': 1.16, 'm2-1': 10.48, 'm3-1': 0.99, 'm4-1': 104.91, 'm5-1': 1.15, 'm6-1': 11.43, 'm7-1': 0.98, 'm8-1': 11.44}",1.7399999999999998,58.053000000000004,59.213,inf,201.78199999999998,201.78199999999998
359,T1,BESTEFFORT,COMPLETED,m7-1,52.083,"{'m1-1': 1.02, 'm2-1': 10.03, 'm3-1': 0.97, 'm4-1': 103.17, 'm5-1': 1.1, 'm6-1': 11.22, 'm7-1': 1.05, 'm8-1': 11.71}",1.5750000000000002,55.72200000000002,56.77200000000002,inf,202.083,202.083
360,T1,BESTEFFORT,COMPLETED,m7-1,52.141,"{'m1-1': 1.0, 'm2-1': 10.45, 'm3-1': 1.08, 'm4-1': 103.54, 'm5-1': 1.18, 'm6-1': 10.32, 'm7-1': 1.04, 'm8-1': 11.29}",1.56,57.72200000000002,58.76200000000002,inf,202.141,202.141
361,T4,BESTEFFORT,COMPLETED,m5-1,52.251,"{'m1-1': 1.13, 'm2-1': 11.04, 'm3-1': 1.16, 'm4-1': 98.97, 'm5-1': 1.12, 'm6-1': 11.16, 'm7-1': 1.1, 'm8-1': 10.33}",1.6800000000000002,55.815,56.934999999999995,inf,202.251,202.251
362,T1,BESTEFFORT,COMPLETED,m3-1,52.301,"{'m1-1': 1.13, 'm2-1': 11.22, 'm3-1': 1.07, 'm4-1': 112.05, 'm5-1': 1.12, 'm6-1': 10.17, 'm7-1': 1.1, 'm8-1': 11.54}",1.605,56.150000000000006,57.220000000000006,inf,202.301,202.301
363,T4,BESTEFFORT,COMPLETED,m3-1,52.691,"{'m1-1': 1.1, 'm2-1': 11.32, 'm3-1': 1.02, 'm4-1': 96.88, 'm5-1': 1.06, 'm6-1': 10.37, 'm7-1': 1.03, 'm8-1': 10.06}",1.53,60.150000000000006,61.17000000000001,inf,202.691,202.691
364,T3,BESTEFFORT,COMPLETED,m1-1,52.826,"{'m1-1': 0.98, 'm2-1': 10.91, 'm3-1': 1.03, 'm4-1': 98.45, 'm5-1': 1.08, 'm6-1': 11.34, 'm7-1': 1.02, 'm8-1': 11.56}",1.47,57.07300000000001,58.053000000000004,inf,202.826,202.826
365,T2,BESTEFFORT,COMPLETED,m7-1,53.091,"{'m1-1': 1.06, 'm2-1': 10.44, 'm3-1': 1.14, 'm4-1': 113.16, 'm5-1': 0.96, 'm6-1': 9.96, 'm7-1': 0.95, 'm8-1': 10.3}",1.4249999999999998,56.77200000000002,57.72200000000002,inf,203.091,203.091
366,T1,BESTEFFORT,COMPLETED,m3-1,53.115,"{'m1-1': 1.07, 'm2-1': 10.18, 'm3-1': 1.03, 'm4-1': 114.09, 'm5-1': 1.06, 'm6-1': 11.3, 'm7-1': 1.13, 'm8-1': 10.56}",1.545,57.220000000000006,58.25000000000001,inf,203.115,203.115
367,T1,BESTEFFORT,COMPLETED,m3-1,53.147,"{'m1-1': 1.08, 'm2-1': 10.48, 'm3-1': 0.94, 'm4-1': 102.54, 'm5-1': 1.05, 'm6-1': 11.04, 'm7-1': 1.0, 'm8-1': 11.63}",1.41,58.25000000000001,59.190000000000005,inf,203.147,203.147
368,T3,BESTEFFORT,COMPLETED,m7-1,53.309,"{'m1-1': 1.1, 'm2-1': 10.7, 'm3-1': 1.07, 'm4-1': 101.87, 'm5-1': 1.0, 'm6-1': 10.14, 'm7-1': 1.1, 'm8-1': 10.58}",1.6500000000000001,117.64200000000001,118.742,inf,203.309,203.309
369,T1,BESTEFFORT,COMPLETED,m3-1,53.521,"{'m1-1': 1.01, 'm2-1': 10.43, 'm3-1': 1.0, 'm4-1': 113.54, 'm5-1': 1.08, 'm6-1': 9.79, 'm7-1': 1.07, 'm8-1': 10.08}",1.5,110.85,111.85,inf,203.52100000000002,203.52100000000002
370,T4,BESTEFFORT,COMPLETED,m1-1,53.908,"{'m1-1': 1.1, 'm2-1': 10.05, 'm3-1': 1.01, 'm4-1': 108.63, 'm5-1': 1.07, 'm6-1': 11.29, 'm7-1': 1.0, 'm8-1': 11.35}",1.6500000000000001,110.96299999999995,112.06299999999995,inf,203.90800000000002,203.90800000000002
371,T2,BESTEFFORT,COMPLETED,m5-1,54.003,"{'m1-1': 1.13, 'm2-1': 9.39, 'm3-1': 1.08, 'm4-1': 108.58, 'm5-1': 0.94, 'm6-1': 11.03, 'm7-1': 1.07, 'm8-1': 11.57}",1.41,58.074999999999996,59.01499999999999,inf,204.003,204.003
372,T2,BESTEFFORT,COMPLETED,m5-1,54.171,"{'m1-1': 1.05, 'm2-1': 11.06, 'm3-1': 1.03, 'm4-1': 116.16, 'm5-1': 0.96, 'm6-1': 9.96, 'm7-1': 0.95, 'm8-1': 11.33}",1.44,59.01499999999999,59.974999999999994,inf,204.171,204.171
373,T3,BESTEFFORT,COMPLETED,m7-1,54.599,"{'m1-1': 1.07, 'm2-1': 10.7, 'm3-1': 1.07, 'm4-1': 98.72, 'm5-1': 1.14, 'm6-1': 9.89, 'm7-1': 1.13, 'm8-1': 11.0}",1.6949999999999998,87.92200000000003,89.05200000000002,inf,204.599,204.599
374,T4,BESTEFFORT,COMPLETED,m3-1,54.723,"{'m1-1': 1.0, 'm2-1': 10.8, 'm3-1': 1.14, 'm4-1': 98.44, 'm5-1': 1.15, 'm6-1': 11.33, 'm7-1': 1.13, 'm8-1': 11.35}",1.71,115.87999999999998,117.01999999999998,inf,204.723,204.723
375,T4,BESTEFFORT,COMPLETED,m3-1,54.739,"{'m1-1': 1.01, 'm2-1': 10.29, 'm3-1': 1.01, 'm4-1': 109.56, 'm5-1': 1.06, 'm6-1': 10.46, 'm7-1': 1.05, 'm8-1': 11.18}",1.5150000000000001,74.64999999999999,75.66,inf,204.739,204.739
376,T1,BESTEFFORT,COMPLETED,m3-1,54.752,"{'m1-1': 1.07, 'm2-1': 9.97, 'm3-1': 0.96, 'm4-1': 100.16, 'm5-1': 1.14, 'm6-1': 10.91, 'm7-1': 1.06, 'm8-1': 11.22}",1.44,59.190000000000005,60.150000000000006,inf,204.752,204.752
377,T4,BESTEFFORT,COMPLETED,m3-1,54.926,"{'m1-1': 1.02, 'm2-1': 10.23, 'm3-1': 1.02, 'm4-1': 109.6, 'm5-1': 1.02, 'm6-1': 11.67, 'm7-1': 1.15, 'm8-1': 10.43}",1.53,102.56,103.58,inf,204.926,204.926
378,T3,BESTEFFORT,COMPLETED,m1-1,54.979,"{'m1-1': 0.96, 'm2-1': 10.46, 'm3-1': 1.06, 'm4-1': 101.39, 'm5-1': 1.04, 'm6-1': 10.2, 'm7-1': 1.13, 'm8-1': 10.27}",1.44,59.213,60.173,inf,204.97899999999998,204.97899999999998
379,T4,BESTEFFORT,COMPLETED,m5-1,55.849,"{'m1-1': 1.12, 'm2-1': 10.71, 'm3-1': 1.0, 'm4-1': 104.51, 'm5-1': 1.12, 'm6-1': 11.42, 'm7-1': 1.09, 'm8-1': 10.63}",1.6800000000000002,59.974999999999994,61.09499999999999,inf,205.849,205.849
380,T2,BESTEFFORT,COMPLETED,m7-1,56.013,"{'m1-1': 1.08, 'm2-1': 10.41, 'm3-1': 1.13, 'm4-1': 117.67, 'm5-1': 1.09, 'm6-1': 11.51, 'm7-1': 1.04, 'm8-1': 10.78}",1.56,59.752000000000024,60.79200000000002,inf,206.013,206.013
381,T4,BESTEFFORT,COMPLETED,m7-1,56.421,"{'m1-1': 1.14, 'm2-1': 10.04, 'm3-1': 1.09, 'm4-1': 98.28, 'm5-1': 1.02, 'm6-1': 11.12, 'm7-1': 1.17, 'm8-1': 11.18}",1.755,89.05200000000002,90.22200000000002,inf,206.421,206.421
382,T3,BESTEFFORT,COMPLETED,m7-1,56.433,"{'m1-1': 1.02, 'm2-1': 10.28, 'm3-1': 1.05, 'm4-1': 103.3, 'm5-1': 1.01, 'm6-1': 10.48, 'm7-1': 1.13, 'm8-1': 11.26}",1.6949999999999998,102.86200000000002,103.99200000000002,inf,206.433,206.433
383,T2,BESTEFFORT,COMPLETED,m7-1,56.684,"{'m1-1': 1.06, 'm2-1': 9.92, 'm3-1': 1.07, 'm4-1': 107.0, 'm5-1': 1.03, 'm6-1': 10.65, 'm7-1': 0.97, 'm8-1': 11.8}",1.455,67.01200000000003,67.98200000000003,inf,206.684,206.684
384,T1,BESTEFFORT,COMPLETED,m7-1,56.688,"{'m1-1': 1.07, 'm2-1': 10.86, 'm3-1': 0.97, 'm4-1': 103.08, 'm5-1': 1.01, 'm6-1': 9.87, 'm7-1': 1.03, 'm8-1': 10.65}",1.545,110.46200000000002,111.49200000000002,inf,206.688,206.688
385,T3,BESTEFFORT,COMPLETED,m5-1,56.99,"{'m1-1': 1.08, 'm2-1': 11.76, 'm3-1': 0.99, 'm4-1': 105.06, 'm5-1': 1.12, 'm6-1': 9.94, 'm7-1': 1.09, 'm8-1': 10.1}",1.6800000000000002,101.68499999999999,102.80499999999999,inf,206.99,206.99
386,T4,BESTEFFORT,COMPLETED,m1-1,57.368,"{'m1-1': 1.16, 'm2-1': 10.97, 'm3-1': 1.1, 'm4-1': 102.86, 'm5-1': 0.99, 'm6-1': 10.94, 'm7-1': 1.12, 'm8-1': 9.84}",1.7399999999999998,89.30299999999995,90.46299999999995,inf,207.368,207.368
387,T2,BESTEFFORT,COMPLETED,m5-1,57.389,"{'m1-1': 1.06, 'm2-1': 10.96, 'm3-1': 1.08, 'm4-1': 100.91, 'm5-1': 1.0, 'm6-1': 10.42, 'm7-1': 1.09, 'm8-1': 10.98}",1.5,63.22499999999999,64.225,inf,207.389,207.389
388,T2,BESTEFFORT,COMPLETED,m7-1,57.638,"{'m1-1': 1.03, 'm2-1': 10.98, 'm3-1': 1.02, 'm4-1': 106.09, 'm5-1': 0.97, 'm6-1': 11.34, 'm7-1': 0.98, 'm8-1': 11.36}",1.47,60.79200000000002,61.77200000000002,inf,207.638,207.638
389,T2,BESTEFFORT,COMPLETED,m5-1,58.061,"{'m1-1': 1.13, 'm2-1': 10.79, 'm3-1': 1.14, 'm4-1': 111.93, 'm5-1': 1.08, 'm6-1': 11.34, 'm7-1': 0.97, 'm8-1': 11.23}",1.62,61.09499999999999,62.17499999999999,inf,208.061,208.061
390,T3,BESTEFFORT,COMPLETED,m3-1,58.064,"{'m1-1': 0.99, 'm2-1': 11.81, 'm3-1': 1.01, 'm4-1': 106.38, 'm5-1': 1.05, 'm6-1': 9.83, 'm7-1': 1.01, 'm8-1': 9.8}",1.5150000000000001,61.17000000000001,62.18000000000001,inf,208.064,208.064
391,T1,BESTEFFORT,COMPLETED,m1-1,58.219,"{'m1-1': 1.01, 'm2-1': 11.07, 'm3-1': 1.09, 'm4-1': 112.98, 'm5-1': 1.07, 'm6-1': 10.36, 'm7-1': 1.14, 'm8-1': 10.21}",1.5150000000000001,62.363,63.373,inf,208.219,208.219
392,T3,BESTEFFORT,COMPLETED,m3-1,58.476,"{'m1-1': 1.01, 'm2-1': 10.27, 'm3-1': 1.05, 'm4-1': 103.1, 'm5-1': 1.02, 'm6-1': 10.41, 'm7-1': 1.08, 'm8-1': 9.84}",1.5750000000000002,82.32999999999998,83.37999999999998,inf,208.476,208.476
393,T2,BESTEFFORT,COMPLETED,m5-1,58.854,"{'m1-1': 0.98, 'm2-1': 9.54, 'm3-1': 1.07, 'm4-1': 114.83, 'm5-1': 1.05, 'm6-1': 11.15, 'm7-1': 1.03, 'm8-1': 10.38}",1.5750000000000002,62.17499999999999,63.22499999999999,inf,208.85399999999998,208.85399999999998
394,T1,BESTEFFORT,COMPLETED,m3-1,59.114,"{'m1-1': 0.98, 'm2-1': 10.14, 'm3-1': 1.03, 'm4-1': 109.63, 'm5-1': 1.14, 'm6-1': 11.25, 'm7-1': 0.97, 'm8-1': 10.58}",1.545,62.18000000000001,63.21000000000001,inf,209.114,209.114
395,T2,BESTEFFORT,COMPLETED,m7-1,59.254,"{'m1-1': 1.15, 'm2-1': 10.55, 'm3-1': 1.17, 'm4-1': 114.61, 'm5-1': 0.99, 'm6-1': 10.72, 'm7-1': 0.98, 'm8-1': 10.78}",1.47,63.88200000000002,64.86200000000002,inf,209.254,209.254
396,T2,BESTEFFORT,COMPLETED,m7-1,59.301,"{'m1-1': 1.0, 'm2-1': 9.61, 'm3-1': 1.06, 'm4-1': 102.5, 'm5-1': 1.09, 'm6-1': 10.39, 'm7-1': 1.08, 'm8-1': 11.71}",1.62,62.80200000000002,63.88200000000002,inf,209.301,209.301
397,T1,BESTEFFORT,COMPLETED,m3-1,59.462,"{'m1-1': 1.16, 'm2-1': 11.72, 'm3-1': 0.98, 'm4-1': 104.85, 'm5-1': 1.19, 'm6-1': 9.95, 'm7-1': 1.08, 'm8-1': 11.38}",1.47,63.21000000000001,64.19000000000001,inf,209.462,209.462
398,T3,BESTEFFORT,COMPLETED,m1-1,59.482,"{'m1-1': 1.06, 'm2-1': 11.5, 'm3-1': 1.12, 'm4-1': 106.15, 'm5-1': 1.03, 'm6-1': 10.62, 'm7-1': 1.09, 'm8-1': 10.44}",1.59,63.373,64.43299999999999,inf,209.482,209.482
399,T3,BESTEFFORT,COMPLETED,m3-1,59.982,"{'m1-1': 1.1, 'm2-1': 10.99, 'm3-1': 1.0, 'm4-1': 93.9, 'm5-1': 1.14, 'm6-1': 9.69, 'm7-1': 1.05, 'm8-1': 10.86}",1.5,83.37999999999998,84.37999999999998,inf,209.982,209.982
400,T2,BESTEFFORT,COMPLETED,m5-1,60.087,"{'m1-1': 1.06, 'm2-1': 9.82, 'm3-1': 1.05, 'm4-1': 108.11, 'm5-1': 0.97, 'm6-1': 10.02, 'm7-1': 1.09, 'm8-1': 10.32}",1.455,64.225,65.195,inf,210.087,210.087
401,T2,BESTEFFORT,COMPLETED,m5-1,60.202,"{'m1-1': 1.1, 'm2-1': 10.9, 'm3-1': 1.04, 'm4-1': 112.55, 'm5-1': 0.96, 'm6-1': 10.78, 'm7-1': 1.0, 'm8-1': 10.97}",1.44,65.195,66.15499999999999,inf,210.202,210.202
402,T1,BESTEFFORT,COMPLETED,m2-1,60.242,"{'m1-1': 1.06, 'm2-1': 10.26, 'm3-1': 1.02, 'm4-1': 98.22, 'm5-1': 1.08, 'm6-1': 10.62, 'm7-1': 1.12, 'm8-1': 10.95}",15.39,136.608,146.868,inf,210.242,210.242
403,T1,BESTEFFORT,COMPLETED,m1-1,60.244,"{'m1-1': 1.13, 'm2-1': 10.9, 'm3-1': 0.96, 'm4-1': 106.45, 'm5-1': 1.16, 'm6-1': 10.1, 'm7-1': 1.04, 'm8-1': 11.07}",1.6949999999999998,65.42299999999999,66.55299999999998,inf,210.244,210.244
404,T3,BESTEFFORT,COMPLETED,m1-1,60.289,"{'m1-1': 0.99, 'm2-1': 10.7, 'm3-1': 1.13, 'm4-1': 106.8, 'm5-1': 1.16, 'm6-1': 9.59, 'm7-1': 1.06, 'm8-1': 10.11}",1.4849999999999999,64.43299999999999,65.42299999999999,inf,210.289,210.289
405,T1,BESTEFFORT,COMPLETED,m1-1,60.421,"{'m1-1': 1.12, 'm2-1': 11.11, 'm3-1': 1.01, 'm4-1': 104.48, 'm5-1': 1.1, 'm6-1': 11.41, 'm7-1': 1.04, 'm8-1': 10.34}",1.6800000000000002,115.23299999999996,116.35299999999997,inf,210.421,210.421
406,T1,BESTEFFORT,COMPLETED,m3-1,60.724,"{'m1-1': 1.08, 'm2-1': 10.74, 'm3-1': 0.96, 'm4-1': 110.26, 'm5-1': 1.11, 'm6-1': 10.47, 'm7-1': 1.01, 'm8-1': 11.12}",1.44,64.19000000000001,65.15,inf,210.724,210.724
407,T3,BESTEFFORT,COMPLETED,m3-1,60.829,"{'m1-1': 1.0, 'm2-1': 10.19, 'm3-1': 1.12, 'm4-1': 106.22, 'm5-1': 1.08, 'm6-1': 9.66, 'm7-1': 1.11, 'm8-1': 10.6}",1.6800000000000002,65.15,66.27000000000001,inf,210.829,210.829
408,T4,BESTEFFORT,COMPLETED,m5-1,61.229,"{'m1-1': 1.06, 'm2-1': 11.33, 'm3-1': 1.02, 'm4-1': 103.63, 'm5-1': 1.06, 'm6-1': 10.01, 'm7-1': 1.09, 'm8-1': 9.87}",1.59,67.195,68.255,inf,211.22899999999998,211.22899999999998
409,T1,BESTEFFORT,COMPLETED,m3-1,61.335,"{'m1-1': 1.03, 'm2-1': 11.63, 'm3-1': 1.05, 'm4-1': 109.78, 'm5-1': 1.02, 'm6-1': 11.3, 'm7-1': 1.1, 'm8-1': 11.81}",1.5750000000000002,67.34,68.39,inf,211.335,211.335
410,T3,BESTEFFORT,COMPLETED,m6-1,61.473,"{'m1-1': 1.11, 'm2-1': 11.87, 'm3-1': 0.97, 'm4-1': 103.6, 'm5-1': 1.17, 'm6-1': 10.99, 'm7-1': 1.16, 'm8-1': 11.5}",16.485,139.71699999999998,150.707,inf,211.473,211.473
411,T1,BESTEFFORT,COMPLETED,m7-1,61.599,"{'m1-1': 1.04, 'm2-1': 10.46, 'm3-1': 1.02, 'm4-1': 105.5, 'm5-1': 1.01, 'm6-1': 10.06, 'm7-1': 1.11, 'm8-1': 11.5}",1.665,64.86200000000002,65.97200000000002,inf,211.599,211.599
412,T3,BESTEFFORT,COMPLETED,m6-1,61.66,"{'m1-1': 1.1, 'm2-1': 10.64, 'm3-1': 1.05, 'm4-1': 106.36, 'm5-1': 1.01, 'm6-1': 11.28, 'm7-1': 1.08, 'm8-1': 11.5}",16.919999999999998,96.637,107.917,inf,211.66,211.66
413,T3,BESTEFFORT,COMPLETED,m3-1,61.922,"{'m1-1': 0.95, 'm2-1': 11.65, 'm3-1': 1.09, 'm4-1': 93.19, 'm5-1': 1.13, 'm6-1': 11.25, 'm7-1': 1.14, 'm8-1': 11.04}",1.6350000000000002,84.37999999999998,85.46999999999998,inf,211.922,211.922
414,T4,BESTEFFORT,COMPLETED,m8-1,61.957,"{'m1-1': 1.05, 'm2-1': 11.54, 'm3-1': 1.1, 'm4-1': 94.9, 'm5-1': 0.99, 'm6-1': 10.99, 'm7-1': 1.09, 'm8-1': 10.53}",15.794999999999998,121.462,131.992,inf,211.957,211.957
415,T2,BESTEFFORT,COMPLETED,m7-1,62.012,"{'m1-1': 0.97, 'm2-1': 9.39, 'm3-1': 1.04, 'm4-1': 115.34, 'm5-1': 0.96, 'm6-1': 11.2, 'm7-1': 1.04, 'm8-1': 11.28}",1.56,65.97200000000002,67.01200000000003,inf,212.012,212.012
416,T2,BESTEFFORT,COMPLETED,m5-1,62.101,"{'m1-1': 0.98, 'm2-1': 9.88, 'm3-1': 0.99, 'm4-1': 110.23, 'm5-1': 1.04, 'm6-1': 10.42, 'm7-1': 0.93, 'm8-1': 10.49}",1.56,66.15499999999999,67.195,inf,212.101,212.101
417,T4,BESTEFFORT,COMPLETED,m5-1,62.243,"{'m1-1': 1.15, 'm2-1': 10.71, 'm3-1': 1.06, 'm4-1': 99.56, 'm5-1': 1.04, 'm6-1': 10.57, 'm7-1': 1.16, 'm8-1': 9.85}",1.56,70.385,71.42500000000001,inf,212.243,212.243
418,T4,BESTEFFORT,COMPLETED,m8-1,62.519,"{'m1-1': 1.01, 'm2-1': 10.23, 'm3-1': 1.1, 'm4-1': 94.52, 'm5-1': 1.12, 'm6-1': 10.2, 'm7-1': 1.14, 'm8-1': 10.99}",16.485,110.47200000000001,121.462,inf,212.519,212.519
419,T4,BESTEFFORT,COMPLETED,m1-1,62.724,"{'m1-1': 1.16, 'm2-1': 11.42, 'm3-1': 1.05, 'm4-1': 94.15, 'm5-1': 1.02, 'm6-1': 10.16, 'm7-1': 1.17, 'm8-1': 10.59}",1.7399999999999998,66.55299999999998,67.71299999999998,inf,212.724,212.724
420,T1,BESTEFFORT,COMPLETED,m3-1,62.729,"{'m1-1': 1.1, 'm2-1': 10.85, 'm3-1': 1.07, 'm4-1': 102.71, 'm5-1': 1.04, 'm6-1': 10.58, 'm7-1': 0.96, 'm8-1': 10.07}",1.605,66.27000000000001,67.34,inf,212.72899999999998,212.72899999999998
421,T4,BESTEFFORT,COMPLETED,m1-1,62.939,"{'m1-1': 1.12, 'm2-1': 10.52, 'm3-1': 1.06, 'm4-1': 109.86, 'm5-1': 1.01, 'm6-1': 10.66, 'm7-1': 1.15, 'm8-1': 11.23}",1.6800000000000002,73.65299999999996,74.77299999999997,inf,212.939,212.939
422,T1,BESTEFFORT,COMPLETED,m5-1,63.068,"{'m1-1': 0.98, 'm2-1': 10.26, 'm3-1': 0.98, 'm4-1': 98.01, 'm5-1': 1.15, 'm6-1': 10.73, 'm7-1': 0.97, 'm8-1': 11.62}",1.7249999999999999,114.65499999999999,115.80499999999999,inf,213.06799999999998,213.06799999999998
423,T4,BESTEFFORT,COMPLETED,m5-1,63.183,"{'m1-1': 1.0, 'm2-1': 10.69, 'm3-1': 0.98, 'm4-1': 99.5, 'm5-1': 1.0, 'm6-1': 10.29, 'm7-1': 1.14, 'm8-1': 10.54}",1.5,75.645,76.645,inf,213.183,213.183
424,T3,BESTEFFORT,COMPLETED,m1-1,63.503,"{'m1-1': 0.96, 'm2-1': 11.06, 'm3-1': 1.11, 'm4-1': 96.47, 'm5-1': 1.14, 'm6-1': 9.58, 'm7-1': 1.08, 'm8-1': 11.57}",1.44,69.68299999999998,70.64299999999997,inf,213.503,213.503
425,T1,BESTEFFORT,COMPLETED,m1-1,63.657,"{'m1-1': 0.99, 'm2-1': 10.95, 'm3-1': 1.08, 'm4-1': 98.64, 'm5-1': 1.09, 'm6-1': 11.48, 'm7-1': 1.01, 'm8-1': 11.04}",1.4849999999999999,74.77299999999997,75.76299999999996,inf,213.65699999999998,213.65699999999998
426,T4,BESTEFFORT,COMPLETED,m5-1,63.732,"{'m1-1': 1.07, 'm2-1': 10.78, 'm3-1': 1.02, 'm4-1': 103.14, 'm5-1': 1.12, 'm6-1': 11.02, 'm7-1': 1.18, 'm8-1': 11.35}",1.6800000000000002,68.255,69.375,inf,213.732,213.732
427,T1,BESTEFFORT,COMPLETED,m3-1,63.739,"{'m1-1': 1.0, 'm2-1': 10.46, 'm3-1': 0.99, 'm4-1': 109.35, 'm5-1': 1.18, 'm6-1': 10.3, 'm7-1': 1.03, 'm8-1': 11.14}",1.4849999999999999,68.39,69.38,inf,213.739,213.739
428,T3,BESTEFFORT,COMPLETED,m1-1,63.886,"{'m1-1': 0.95, 'm2-1': 10.56, 'm3-1': 1.11, 'm4-1': 92.82, 'm5-1': 1.14, 'm6-1': 10.72, 'm7-1': 0.99, 'm8-1': 10.76}",1.4249999999999998,67.71299999999998,68.66299999999998,inf,213.886,213.886
429,T4,BESTEFFORT,COMPLETED,m5-1,63.937,"{'m1-1': 1.13, 'm2-1': 10.15, 'm3-1': 1.07, 'm4-1': 106.65, 'm5-1': 1.02, 'm6-1': 10.56, 'm7-1': 1.08, 'm8-1': 10.0}",1.53,85.87499999999999,86.89499999999998,inf,213.937,213.937
430,T1,BESTEFFORT,COMPLETED,m1-1,64.186,"{'m1-1': 1.06, 'm2-1': 10.51, 'm3-1': 0.96, 'm4-1': 109.43, 'm5-1': 1.17, 'm6-1': 10.68, 'm7-1': 0.98, 'm8-1': 10.1}",1.59,83.11299999999996,84.17299999999996,inf,214.186,214.186
431,T4,BESTEFFORT,COMPLETED,m5-1,64.412,"{'m1-1': 1.13, 'm2-1': 11.48, 'm3-1': 1.13, 'm4-1': 101.76, 'm5-1': 1.02, 'm6-1': 11.7, 'm7-1': 1.01, 'm8-1': 10.47}",1.53,71.42500000000001,72.44500000000001,inf,214.412,214.412
432,T3,BESTEFFORT,COMPLETED,m1-1,64.437,"{'m1-1': 1.02, 'm2-1': 10.42, 'm3-1': 1.1, 'm4-1': 97.75, 'm5-1': 1.13, 'm6-1': 9.69, 'm7-1': 0.99, 'm8-1': 10.1}",1.53,68.66299999999998,69.68299999999998,inf,214.437,214.437
433,T4,BESTEFFORT,COMPLETED,m1-1,64.528,"{'m1-1': 1.14, 'm2-1': 11.57, 'm3-1': 1.05, 'm4-1': 101.91, 'm5-1': 0.99, 'm6-1': 10.53, 'm7-1': 1.0, 'm8-1': 10.27}",1.71,75.76299999999996,76.90299999999996,inf,214.52800000000002,214.52800000000002
434,T1,BESTEFFORT,COMPLETED,m7-1,64.601,"{'m1-1': 1.12, 'm2-1': 9.95, 'm3-1': 0.99, 'm4-1': 101.96, 'm5-1': 1.08, 'm6-1': 11.54, 'm7-1': 1.03, 'm8-1': 10.53}",1.545,67.98200000000003,69.01200000000003,inf,214.601,214.601
435,T3,BESTEFFORT,COMPLETED,m5-1,65.295,"{'m1-1': 1.09, 'm2-1': 10.14, 'm3-1': 1.04, 'm4-1': 99.9, 'm5-1': 1.17, 'm6-1': 9.99, 'm7-1': 1.04, 'm8-1': 10.79}",1.755,74.475,75.645,inf,215.29500000000002,215.29500000000002
436,T2,BESTEFFORT,COMPLETED,m2-1,65.343,"{'m1-1': 0.99, 'm2-1': 10.36, 'm3-1': 1.09, 'm4-1': 100.36, 'm5-1': 0.96, 'm6-1': 11.65, 'm7-1': 1.07, 'm8-1': 10.55}",15.54,106.14800000000001,116.50800000000001,inf,215.34300000000002,215.34300000000002
437,T2,BESTEFFORT,COMPLETED,m3-1,65.544,"{'m1-1': 1.09, 'm2-1': 10.6, 'm3-1': 1.16, 'm4-1': 107.14, 'm5-1': 1.03, 'm6-1': 11.03, 'm7-1': 0.96, 'm8-1': 10.17}",1.7399999999999998,75.66,76.82,inf,215.54399999999998,215.54399999999998
438,T3,BESTEFFORT,COMPLETED,m1-1,65.789,"{'m1-1': 0.99, 'm2-1': 11.04, 'm3-1': 1.08, 'm4-1': 106.25, 'm5-1': 1.08, 'm6-1': 10.87, 'm7-1': 1.02, 'm8-1': 10.96}",1.4849999999999999,76.90299999999996,77.89299999999996,inf,215.789,215.789
439,T3,BESTEFFORT,COMPLETED,m7-1,65.931,"{'m1-1': 1.06, 'm2-1': 11.82, 'm3-1': 1.14, 'm4-1': 103.39, 'm5-1': 1.06, 'm6-1': 11.19, 'm7-1': 0.99, 'm8-1': 11.0}",1.4849999999999999,69.01200000000003,70.00200000000002,inf,215.93099999999998,215.93099999999998
440,T2,BESTEFFORT,COMPLETED,m7-1,65.965,"{'m1-1': 1.07, 'm2-1': 11.02, 'm3-1': 1.14, 'm4-1': 115.04, 'm5-1': 1.08, 'm6-1': 10.3, 'm7-1': 1.05, 'm8-1': 11.49}",1.5750000000000002,71.00200000000002,72.05200000000002,inf,215.965,215.965
441,T2,BESTEFFORT,COMPLETED,m5-1,66.0,"{'m1-1': 0.97, 'm2-1': 10.36, 'm3-1': 1.14, 'm4-1': 114.36, 'm5-1': 1.01, 'm6-1': 11.38, 'm7-1': 0.94, 'm8-1': 10.35}",1.5150000000000001,69.375,70.385,inf,216.0,216.0
442,T2,BESTEFFORT,COMPLETED,m5-1,66.321,"{'m1-1': 0.99, 'm2-1': 10.95, 'm3-1': 1.04, 'm4-1': 112.72, 'm5-1': 0.93, 'm6-1': 11.69, 'm7-1': 1.06, 'm8-1': 11.4}",1.395,86.89499999999998,87.82499999999999,inf,216.321,216.321
443,T2,BESTEFFORT,COMPLETED,m7-1,66.67,"{'m1-1': 1.11, 'm2-1': 9.44, 'm3-1': 1.07, 'm4-1': 107.28, 'm5-1': 1.02, 'm6-1': 10.02, 'm7-1': 1.0, 'm8-1': 9.96}",1.5,70.00200000000002,71.00200000000002,inf,216.67000000000002,216.67000000000002
444,T4,BESTEFFORT,COMPLETED,m7-1,66.746,"{'m1-1': 1.03, 'm2-1': 11.37, 'm3-1': 1.03, 'm4-1': 104.59, 'm5-1': 1.14, 'm6-1': 9.96, 'm7-1': 1.03, 'm8-1': 11.43}",1.545,96.64200000000002,97.67200000000003,inf,216.74599999999998,216.74599999999998
445,T2,BESTEFFORT,COMPLETED,m1-1,66.971,"{'m1-1': 1.03, 'm2-1': 9.85, 'm3-1': 1.17, 'm4-1': 110.71, 'm5-1': 0.96, 'm6-1': 10.82, 'm7-1': 0.96, 'm8-1': 10.92}",1.545,80.93299999999995,81.96299999999995,inf,216.971,216.971
446,T3,BESTEFFORT,COMPLETED,m1-1,67.389,"{'m1-1': 0.95, 'm2-1': 11.39, 'm3-1': 1.01, 'm4-1': 92.96, 'm5-1': 1.1, 'm6-1': 10.18, 'm7-1': 1.06, 'm8-1': 10.38}",1.4249999999999998,100.17299999999994,101.12299999999995,inf,217.389,217.389
447,T3,BESTEFFORT,COMPLETED,m1-1,67.409,"{'m1-1': 1.06, 'm2-1': 11.24, 'm3-1': 0.99, 'm4-1': 98.33, 'm5-1': 1.04, 'm6-1': 10.72, 'm7-1': 1.11, 'm8-1': 11.54}",1.59,70.64299999999997,71.70299999999997,inf,217.409,217.409
448,T4,BESTEFFORT,COMPLETED,m5-1,67.483,"{'m1-1': 1.16, 'm2-1': 10.32, 'm3-1': 1.01, 'm4-1': 105.81, 'm5-1': 1.05, 'm6-1': 11.03, 'm7-1': 1.05, 'm8-1': 11.32}",1.5750000000000002,115.80499999999999,116.85499999999999,inf,217.483,217.483
449,T4,BESTEFFORT,COMPLETED,m8-1,67.576,"{'m1-1': 1.04, 'm2-1': 11.76, 'm3-1': 1.01, 'm4-1': 106.81, 'm5-1': 1.11, 'm6-1': 11.29, 'm7-1': 1.18, 'm8-1': 10.4}",15.600000000000001,100.072,110.47200000000001,inf,217.576,217.576
450,T2,BESTEFFORT,COMPLETED,m7-1,68.164,"{'m1-1': 1.12, 'm2-1': 10.11, 'm3-1': 1.08, 'm4-1': 102.58, 'm5-1': 1.0, 'm6-1': 11.29, 'm7-1': 1.07, 'm8-1': 11.49}",1.605,72.05200000000002,73.12200000000001,inf,218.164,218.164
451,T4,BESTEFFORT,COMPLETED,m5-1,68.344,"{'m1-1': 1.15, 'm2-1': 10.67, 'm3-1': 1.11, 'm4-1': 95.45, 'm5-1': 1.07, 'm6-1': 10.91, 'm7-1': 1.02, 'm8-1': 10.54}",1.605,72.44500000000001,73.515,inf,218.344,218.344
452,T3,BESTEFFORT,COMPLETED,m3-1,68.353,"{'m1-1': 0.94, 'm2-1': 11.01, 'm3-1': 1.05, 'm4-1': 108.66, 'm5-1': 1.01, 'm6-1': 11.37, 'm7-1': 1.12, 'm8-1': 9.78}",1.5750000000000002,71.49,72.53999999999999,inf,218.353,218.353
453,T4,BESTEFFORT,COMPLETED,m1-1,68.476,"{'m1-1': 1.07, 'm2-1': 11.53, 'm3-1': 1.11, 'm4-1': 100.81, 'm5-1': 1.15, 'm6-1': 10.11, 'm7-1': 1.1, 'm8-1': 9.95}",1.605,117.37299999999996,118.44299999999996,inf,218.476,218.476
454,T3,BESTEFFORT,COMPLETED,m1-1,68.494,"{'m1-1': 0.99, 'm2-1': 10.64, 'm3-1': 1.07, 'm4-1': 106.96, 'm5-1': 1.15, 'm6-1': 10.13, 'm7-1': 0.99, 'm8-1': 10.26}",1.4849999999999999,71.70299999999997,72.69299999999997,inf,218.494,218.494
455,T3,BESTEFFORT,COMPLETED,m3-1,68.508,"{'m1-1': 0.99, 'm2-1': 10.0, 'm3-1': 1.1, 'm4-1': 103.24, 'm5-1': 1.06, 'm6-1': 10.84, 'm7-1': 1.09, 'm8-1': 11.1}",1.6500000000000001,72.53999999999999,73.63999999999999,inf,218.50799999999998,218.50799999999998
456,T2,BESTEFFORT,COMPLETED,m5-1,69.543,"{'m1-1': 1.12, 'm2-1': 10.5, 'm3-1': 1.15, 'm4-1': 103.26, 'm5-1': 0.96, 'm6-1': 11.1, 'm7-1': 1.02, 'm8-1': 11.38}",1.44,73.515,74.475,inf,219.543,219.543
457,T3,BESTEFFORT,COMPLETED,m1-1,69.587,"{'m1-1': 0.96, 'm2-1': 10.79, 'm3-1': 1.02, 'm4-1': 99.3, 'm5-1': 1.06, 'm6-1': 9.9, 'm7-1': 1.1, 'm8-1': 10.33}",1.44,72.69299999999997,73.65299999999996,inf,219.587,219.587
458,T3,BESTEFFORT,COMPLETED,m3-1,69.738,"{'m1-1': 1.03, 'm2-1': 10.01, 'm3-1': 1.01, 'm4-1': 102.58, 'm5-1': 1.0, 'm6-1': 11.22, 'm7-1': 1.16, 'm8-1': 10.1}",1.5150000000000001,73.63999999999999,74.64999999999999,inf,219.738,219.738
459,T4,BESTEFFORT,COMPLETED,m1-1,69.8,"{'m1-1': 1.15, 'm2-1': 11.63, 'm3-1': 1.15, 'm4-1': 97.1, 'm5-1': 1.13, 'm6-1': 11.65, 'm7-1': 1.17, 'm8-1': 9.98}",1.7249999999999999,81.96299999999995,83.11299999999996,inf,219.8,219.8
460,T2,BESTEFFORT,COMPLETED,m7-1,70.341,"{'m1-1': 1.1, 'm2-1': 9.47, 'm3-1': 1.11, 'm4-1': 112.97, 'm5-1': 0.99, 'm6-1': 10.49, 'm7-1': 1.09, 'm8-1': 10.88}",1.6350000000000002,74.20200000000001,75.29200000000002,inf,220.341,220.341
461,T4,BESTEFFORT,COMPLETED,m3-1,70.633,"{'m1-1': 1.06, 'm2-1': 10.01, 'm3-1': 1.1, 'm4-1': 94.07, 'm5-1': 1.11, 'm6-1': 10.18, 'm7-1': 1.04, 'm8-1': 11.38}",1.6500000000000001,94.17999999999999,95.27999999999999,inf,220.63299999999998,220.63299999999998
462,T4,BESTEFFORT,COMPLETED,m3-1,71.288,"{'m1-1': 1.11, 'm2-1': 11.12, 'm3-1': 1.05, 'm4-1': 98.21, 'm5-1': 1.16, 'm6-1': 10.19, 'm7-1': 1.05, 'm8-1': 9.92}",1.5750000000000002,113.83999999999999,114.88999999999999,inf,221.288,221.288
463,T2,BESTEFFORT,COMPLETED,m7-1,71.768,"{'m1-1': 1.07, 'm2-1': 9.57, 'm3-1': 1.0, 'm4-1': 100.72, 'm5-1': 0.96, 'm6-1': 10.03, 'm7-1': 0.93, 'm8-1': 10.34}",1.395,75.29200000000002,76.22200000000002,inf,221.768,221.768
464,T4,BESTEFFORT,COMPLETED,m5-1,71.82,"{'m1-1': 1.0, 'm2-1': 10.25, 'm3-1': 1.05, 'm4-1': 110.15, 'm5-1': 1.1, 'm6-1': 11.52, 'm7-1': 1.14, 'm8-1': 10.34}",1.6500000000000001,111.395,112.49499999999999,inf,221.82,221.82
465,T2,BESTEFFORT,COMPLETED,m7-1,72.263,"{'m1-1': 1.15, 'm2-1': 11.06, 'm3-1': 1.14, 'm4-1': 102.98, 'm5-1': 1.09, 'm6-1': 10.03, 'm7-1': 1.0, 'm8-1': 11.46}",1.5,116.64200000000001,117.64200000000001,inf,222.263,222.263
466,T2,BESTEFFORT,COMPLETED,m5-1,72.599,"{'m1-1': 1.07, 'm2-1': 10.31, 'm3-1': 1.03, 'm4-1': 114.53, 'm5-1': 1.02, 'm6-1': 10.74, 'm7-1': 1.09, 'm8-1': 11.76}",1.53,76.645,77.66499999999999,inf,222.599,222.599
467,T2,BESTEFFORT,COMPLETED,m7-1,72.818,"{'m1-1': 0.99, 'm2-1': 10.52, 'm3-1': 1.11, 'm4-1': 113.48, 'm5-1': 1.03, 'm6-1': 11.46, 'm7-1': 1.06, 'm8-1': 10.48}",1.59,76.22200000000002,77.28200000000002,inf,222.81799999999998,222.81799999999998
468,T2,BESTEFFORT,COMPLETED,m5-1,73.223,"{'m1-1': 1.0, 'm2-1': 10.24, 'm3-1': 1.0, 'm4-1': 104.12, 'm5-1': 1.0, 'm6-1': 11.64, 'm7-1': 1.01, 'm8-1': 10.92}",1.5,77.66499999999999,78.66499999999999,inf,223.223,223.223
469,T3,BESTEFFORT,COMPLETED,m1-1,73.421,"{'m1-1': 1.0, 'm2-1': 10.94, 'm3-1': 1.05, 'm4-1': 107.95, 'm5-1': 1.16, 'm6-1': 11.01, 'm7-1': 1.04, 'm8-1': 10.05}",1.5,90.46299999999995,91.46299999999995,inf,223.421,223.421
470,T2,BESTEFFORT,COMPLETED,m5-1,73.504,"{'m1-1': 0.97, 'm2-1': 10.32, 'm3-1': 1.16, 'm4-1': 106.31, 'm5-1': 0.97, 'm6-1': 10.15, 'm7-1': 0.96, 'm8-1': 11.6}",1.455,79.645,80.615,inf,223.50400000000002,223.50400000000002
471,T3,BESTEFFORT,COMPLETED,m6-1,73.858,"{'m1-1': 0.95, 'm2-1': 10.75, 'm3-1': 1.12, 'm4-1': 102.37, 'm5-1': 1.13, 'm6-1': 9.83, 'm7-1': 1.07, 'm8-1': 10.92}",14.745000000000001,107.917,117.747,inf,223.858,223.858
472,T3,BESTEFFORT,COMPLETED,m3-1,74.1,"{'m1-1': 0.96, 'm2-1': 11.07, 'm3-1': 1.14, 'm4-1': 98.85, 'm5-1': 1.11, 'm6-1': 10.48, 'm7-1': 1.07, 'm8-1': 9.91}",1.71,77.94999999999999,79.08999999999999,inf,224.1,224.1
473,T3,BESTEFFORT,COMPLETED,m1-1,74.119,"{'m1-1': 0.99, 'm2-1': 10.14, 'm3-1': 1.03, 'm4-1': 108.66, 'm5-1': 1.03, 'm6-1': 11.01, 'm7-1': 1.16, 'm8-1': 11.23}",1.4849999999999999,77.89299999999996,78.88299999999995,inf,224.119,224.119
474,T2,BESTEFFORT,COMPLETED,m7-1,74.288,"{'m1-1': 1.12, 'm2-1': 10.04, 'm3-1': 1.08, 'm4-1': 111.99, 'm5-1': 1.05, 'm6-1': 11.24, 'm7-1': 1.04, 'm8-1': 11.6}",1.56,78.33200000000002,79.37200000000003,inf,224.288,224.288
475,T2,BESTEFFORT,COMPLETED,m5-1,74.412,"{'m1-1': 1.12, 'm2-1': 10.11, 'm3-1': 1.15, 'm4-1': 110.35, 'm5-1': 1.01, 'm6-1': 11.35, 'm7-1': 0.97, 'm8-1': 11.25}",1.5150000000000001,107.09499999999998,108.10499999999999,inf,224.412,224.412
476,T3,BESTEFFORT,COMPLETED,m1-1,74.668,"{'m1-1': 1.05, 'm2-1': 11.58, 'm3-1': 1.05, 'm4-1': 100.16, 'm5-1': 1.04, 'm6-1': 9.82, 'm7-1': 1.07, 'm8-1': 11.1}",1.5750000000000002,78.88299999999995,79.93299999999995,inf,224.668,224.668
477,T4,BESTEFFORT,COMPLETED,m5-1,74.73,"{'m1-1': 1.18, 'm2-1': 10.89, 'm3-1': 1.02, 'm4-1': 109.72, 'm5-1': 1.15, 'm6-1': 11.33, 'm7-1': 1.07, 'm8-1': 10.18}",1.7249999999999999,108.10499999999999,109.255,inf,224.73000000000002,224.73000000000002
478,T4,BESTEFFORT,COMPLETED,m5-1,75.118,"{'m1-1': 1.12, 'm2-1': 10.7, 'm3-1': 1.16, 'm4-1': 108.38, 'm5-1': 0.98, 'm6-1': 10.58, 'm7-1': 1.04, 'm8-1': 10.37}",1.47,78.66499999999999,79.645,inf,225.118,225.118
479,T3,BESTEFFORT,COMPLETED,m1-1,75.449,"{'m1-1': 1.0, 'm2-1': 10.11, 'm3-1': 1.03, 'm4-1': 99.81, 'm5-1': 1.12, 'm6-1': 10.73, 'm7-1': 1.0, 'm8-1': 10.22}",1.5,79.93299999999995,80.93299999999995,inf,225.449,225.449
480,T3,BESTEFFORT,COMPLETED,m7-1,75.549,"{'m1-1': 0.94, 'm2-1': 11.39, 'm3-1': 1.12, 'm4-1': 94.12, 'm5-1': 1.15, 'm6-1': 9.74, 'm7-1': 1.16, 'm8-1': 11.44}",1.7399999999999998,80.40200000000003,81.56200000000003,inf,225.549,225.549
481,T4,BESTEFFORT,COMPLETED,m3-1,75.814,"{'m1-1': 1.14, 'm2-1': 10.59, 'm3-1': 1.09, 'm4-1': 96.89, 'm5-1': 1.12, 'm6-1': 11.29, 'm7-1': 1.17, 'm8-1': 9.98}",1.6350000000000002,118.00999999999998,119.09999999999998,inf,225.814,225.814
482,T4,BESTEFFORT,COMPLETED,m8-1,75.88,"{'m1-1': 1.03, 'm2-1': 10.98, 'm3-1': 1.12, 'm4-1': 97.25, 'm5-1': 1.02, 'm6-1': 11.48, 'm7-1': 1.12, 'm8-1': 9.84}",14.76,131.992,141.832,inf,225.88,225.88
483,T2,BESTEFFORT,COMPLETED,m7-1,75.947,"{'m1-1': 1.05, 'm2-1': 10.72, 'm3-1': 1.17, 'm4-1': 117.03, 'm5-1': 0.97, 'm6-1': 11.58, 'm7-1': 1.03, 'm8-1': 10.28}",1.545,79.37200000000003,80.40200000000003,inf,225.947,225.947
484,T3,BESTEFFORT,COMPLETED,m5-1,77.02,"{'m1-1': 0.98, 'm2-1': 11.79, 'm3-1': 1.1, 'm4-1': 103.39, 'm5-1': 1.07, 'm6-1': 11.19, 'm7-1': 0.99, 'm8-1': 10.35}",1.605,82.675,83.74499999999999,inf,227.01999999999998,227.01999999999998
485,T2,BESTEFFORT,COMPLETED,m5-1,77.288,"{'m1-1': 1.0, 'm2-1': 10.42, 'm3-1': 1.14, 'm4-1': 108.27, 'm5-1': 1.04, 'm6-1': 11.46, 'm7-1': 1.01, 'm8-1': 10.18}",1.56,87.82499999999999,88.865,inf,227.288,227.288
486,T2,BESTEFFORT,COMPLETED,m7-1,77.584,"{'m1-1': 1.06, 'm2-1': 10.2, 'm3-1': 1.12, 'm4-1': 114.36, 'm5-1': 1.07, 'm6-1': 11.4, 'm7-1': 1.02, 'm8-1': 11.56}",1.53,82.62200000000003,83.64200000000002,inf,227.584,227.584
487,T2,BESTEFFORT,COMPLETED,m5-1,77.636,"{'m1-1': 1.08, 'm2-1': 10.33, 'm3-1': 1.0, 'm4-1': 106.73, 'm5-1': 1.03, 'm6-1': 10.13, 'm7-1': 1.05, 'm8-1': 10.55}",1.545,80.615,81.645,inf,227.636,227.636
488,T2,BESTEFFORT,COMPLETED,m7-1,77.925,"{'m1-1': 1.14, 'm2-1': 9.54, 'm3-1': 1.03, 'm4-1': 106.3, 'm5-1': 1.02, 'm6-1': 10.68, 'm7-1': 1.06, 'm8-1': 11.23}",1.59,81.56200000000003,82.62200000000003,inf,227.925,227.925
489,T3,BESTEFFORT,COMPLETED,m5-1,78.266,"{'m1-1': 1.06, 'm2-1': 10.89, 'm3-1': 1.1, 'm4-1': 108.92, 'm5-1': 1.1, 'm6-1': 10.47, 'm7-1': 1.12, 'm8-1': 10.73}",1.6500000000000001,88.865,89.96499999999999,inf,228.26600000000002,228.26600000000002
490,T2,BESTEFFORT,COMPLETED,m5-1,78.614,"{'m1-1': 1.09, 'm2-1': 10.32, 'm3-1': 1.05, 'm4-1': 107.87, 'm5-1': 1.03, 'm6-1': 11.66, 'm7-1': 1.0, 'm8-1': 10.66}",1.545,81.645,82.675,inf,228.614,228.614
491,T3,BESTEFFORT,COMPLETED,m7-1,78.652,"{'m1-1': 0.96, 'm2-1': 10.74, 'm3-1': 1.0, 'm4-1': 94.83, 'm5-1': 1.12, 'm6-1': 11.09, 'm7-1': 1.05, 'm8-1': 10.7}",1.5750000000000002,83.64200000000002,84.69200000000002,inf,228.652,228.652
492,T3,BESTEFFORT,COMPLETED,m7-1,79.855,"{'m1-1': 0.98, 'm2-1': 11.0, 'm3-1': 0.99, 'm4-1': 97.82, 'm5-1': 1.12, 'm6-1': 10.46, 'm7-1': 0.99, 'm8-1': 10.93}",1.4849999999999999,97.67200000000003,98.66200000000002,inf,229.85500000000002,229.85500000000002
493,T3,BESTEFFORT,COMPLETED,m1-1,79.898,"{'m1-1': 1.02, 'm2-1': 10.4, 'm3-1': 1.13, 'm4-1': 97.64, 'm5-1': 1.18, 'm6-1': 11.22, 'm7-1': 1.06, 'm8-1': 9.82}",1.53,86.17299999999996,87.19299999999996,inf,229.898,229.898
494,T2,BESTEFFORT,COMPLETED,m5-1,80.118,"{'m1-1': 1.15, 'm2-1': 9.91, 'm3-1': 1.13, 'm4-1': 117.35, 'm5-1': 1.08, 'm6-1': 11.48, 'm7-1': 1.08, 'm8-1': 10.81}",1.62,83.74499999999999,84.82499999999999,inf,230.118,230.118
495,T2,BESTEFFORT,COMPLETED,m1-1,80.236,"{'m1-1': 1.05, 'm2-1': 10.39, 'm3-1': 1.0, 'm4-1': 100.46, 'm5-1': 1.01, 'm6-1': 11.13, 'm7-1': 1.01, 'm8-1': 10.02}",1.5750000000000002,84.17299999999996,85.22299999999996,inf,230.236,230.236
496,T2,BESTEFFORT,COMPLETED,m5-1,80.582,"{'m1-1': 1.02, 'm2-1': 10.64, 'm3-1': 1.1, 'm4-1': 111.29, 'm5-1': 1.05, 'm6-1': 11.26, 'm7-1': 1.03, 'm8-1': 11.55}",1.5750000000000002,84.82499999999999,85.87499999999999,inf,230.582,230.582
497,T3,BESTEFFORT,COMPLETED,m1-1,80.781,"{'m1-1': 0.95, 'm2-1': 11.88, 'm3-1': 0.97, 'm4-1': 98.13, 'm5-1': 1.03, 'm6-1': 9.9, 'm7-1': 1.12, 'm8-1': 9.99}",1.4249999999999998,85.22299999999996,86.17299999999996,inf,230.781,230.781
498,T3,BESTEFFORT,COMPLETED,m1-1,80.819,"{'m1-1': 1.09, 'm2-1': 10.62, 'm3-1': 1.0, 'm4-1': 104.27, 'm5-1': 1.14, 'm6-1': 9.74, 'm7-1': 1.01, 'm8-1': 10.46}",1.6350000000000002,101.12299999999995,102.21299999999995,inf,230.81900000000002,230.81900000000002
499,T3,BESTEFFORT,COMPLETED,m3-1,82.153,"{'m1-1': 1.08, 'm2-1': 11.03, 'm3-1': 1.09, 'm4-1': 98.45, 'm5-1': 1.03, 'm6-1': 10.71, 'm7-1': 1.01, 'm8-1': 10.2}",1.6350000000000002,85.46999999999998,86.55999999999999,inf,232.15300000000002,232.15300000000002
