id,type,urgency,status,assigned_machine,arrival_time,execution_time,energy_usage,start_time,completion_time,missed_time,deadline,extended_deadline
0,T2,BESTEFFORT,COMPLETED,m5-1,0.109,"{'m1-1': 104.76, 'm2-1': 101.56, 'm3-1': 96.42, 'm4-1': 1.1, 'm5-1': 0.98, 'm6-1': 9.44, 'm7-1': 106.5, 'm8-1': 104.46}",1.47,0.109,1.089,inf,150.109,150.109
1,T4,BESTEFFORT,COMPLETED,m4-1,0.194,"{'m1-1': 97.28, 'm2-1': 95.99, 'm3-1': 105.63, 'm4-1': 1.0, 'm5-1': 1.09, 'm6-1': 10.81, 'm7-1': 106.06, 'm8-1': 112.68}",1.5,0.194,1.194,inf,150.194,150.194
2,T1,BESTEFFORT,COMPLETED,m5-1,0.699,"{'m1-1': 100.88, 'm2-1': 98.69, 'm3-1': 108.21, 'm4-1': 1.0, 'm5-1': 1.02, 'm6-1': 10.56, 'm7-1': 109.21, 'm8-1': 103.08}",1.53,1.089,2.109,inf,150.699,150.699
3,T4,BESTEFFORT,COMPLETED,m4-1,1.146,"{'m1-1': 102.08, 'm2-1': 110.25, 'm3-1': 111.55, 'm4-1': 1.13, 'm5-1': 1.11, 'm6-1': 10.12, 'm7-1': 103.03, 'm8-1': 106.19}",1.6949999999999998,1.194,2.324,inf,151.146,151.146
4,T1,BESTEFFORT,COMPLETED,m4-1,1.155,"{'m1-1': 95.26, 'm2-1': 102.49, 'm3-1': 105.05, 'm4-1': 1.18, 'm5-1': 1.16, 'm6-1': 10.25, 'm7-1': 114.26, 'm8-1': 98.21}",1.77,2.324,3.5039999999999996,inf,151.155,151.155
5,T2,BESTEFFORT,COMPLETED,m4-1,1.686,"{'m1-1': 110.29, 'm2-1': 99.82, 'm3-1': 109.2, 'm4-1': 1.08, 'm5-1': 0.99, 'm6-1': 9.29, 'm7-1': 96.7, 'm8-1': 102.7}",1.62,3.5039999999999996,4.584,inf,151.686,151.686
6,T1,BESTEFFORT,COMPLETED,m4-1,1.748,"{'m1-1': 95.3, 'm2-1': 106.28, 'm3-1': 95.49, 'm4-1': 1.16, 'm5-1': 1.15, 'm6-1': 10.91, 'm7-1': 98.41, 'm8-1': 105.48}",1.7399999999999998,4.584,5.744,inf,151.748,151.748
7,T2,BESTEFFORT,COMPLETED,m5-1,2.003,"{'m1-1': 114.95, 'm2-1': 99.67, 'm3-1': 106.76, 'm4-1': 1.09, 'm5-1': 1.06, 'm6-1': 9.72, 'm7-1': 100.92, 'm8-1': 92.25}",1.59,2.109,3.169,inf,152.003,152.003
8,T4,BESTEFFORT,COMPLETED,m5-1,2.193,"{'m1-1': 108.58, 'm2-1': 104.76, 'm3-1': 104.02, 'm4-1': 0.97, 'm5-1': 1.04, 'm6-1': 10.98, 'm7-1': 101.76, 'm8-1': 113.31}",1.56,3.169,4.209,inf,152.193,152.193
9,T1,BESTEFFORT,COMPLETED,m5-1,2.197,"{'m1-1': 105.84, 'm2-1': 111.42, 'm3-1': 94.11, 'm4-1': 1.14, 'm5-1': 1.19, 'm6-1': 10.97, 'm7-1': 112.29, 'm8-1': 109.92}",1.785,4.209,5.398999999999999,inf,152.197,152.197
10,T2,BESTEFFORT,COMPLETED,m5-1,2.939,"{'m1-1': 103.32, 'm2-1': 109.66, 'm3-1': 111.09, 'm4-1': 0.98, 'm5-1': 1.01, 'm6-1': 10.34, 'm7-1': 105.05, 'm8-1': 97.45}",1.5150000000000001,5.398999999999999,6.408999999999999,inf,152.939,152.939
11,T1,BESTEFFORT,COMPLETED,m5-1,3.207,"{'m1-1': 96.0, 'm2-1': 101.74, 'm3-1': 107.96, 'm4-1': 1.12, 'm5-1': 1.19, 'm6-1': 9.74, 'm7-1': 106.92, 'm8-1': 109.92}",1.785,6.408999999999999,7.598999999999998,inf,153.207,153.207
12,T2,BESTEFFORT,COMPLETED,m5-1,3.703,"{'m1-1': 98.22, 'm2-1': 107.51, 'm3-1': 109.17, 'm4-1': 1.07, 'm5-1': 0.99, 'm6-1': 10.24, 'm7-1': 101.76, 'm8-1': 94.93}",1.4849999999999999,7.598999999999998,8.588999999999999,inf,153.703,153.703
13,T1,BESTEFFORT,COMPLETED,m5-1,3.983,"{'m1-1': 106.5, 'm2-1': 97.68, 'm3-1': 98.8, 'm4-1': 1.12, 'm5-1': 1.19, 'm6-1': 10.52, 'm7-1': 107.7, 'm8-1': 108.51}",1.785,8.588999999999999,9.778999999999998,inf,153.983,153.983
14,T3,BESTEFFORT,COMPLETED,m4-1,4.407,"{'m1-1': 107.54, 'm2-1': 98.57, 'm3-1': 114.69, 'm4-1': 1.02, 'm5-1': 1.1, 'm6-1': 11.54, 'm7-1': 96.0, 'm8-1': 112.11}",1.53,5.744,6.763999999999999,inf,154.407,154.407
15,T1,BESTEFFORT,COMPLETED,m4-1,4.411,"{'m1-1': 99.12, 'm2-1': 108.96, 'm3-1': 92.61, 'm4-1': 1.04, 'm5-1': 1.12, 'm6-1': 10.74, 'm7-1': 103.21, 'm8-1': 95.42}",1.56,6.763999999999999,7.803999999999999,inf,154.411,154.411
16,T1,BESTEFFORT,COMPLETED,m4-1,4.428,"{'m1-1': 109.8, 'm2-1': 100.02, 'm3-1': 100.98, 'm4-1': 1.02, 'm5-1': 1.13, 'm6-1': 9.5, 'm7-1': 104.44, 'm8-1': 102.69}",1.53,7.803999999999999,8.824,inf,154.428,154.428
17,T3,BESTEFFORT,COMPLETED,m5-1,4.68,"{'m1-1': 112.26, 'm2-1': 104.5, 'm3-1': 102.55, 'm4-1': 1.03, 'm5-1': 1.01, 'm6-1': 11.29, 'm7-1': 93.37, 'm8-1': 107.33}",1.5150000000000001,9.778999999999998,10.788999999999998,inf,154.68,154.68
18,T3,BESTEFFORT,COMPLETED,m4-1,4.694,"{'m1-1': 112.11, 'm2-1': 110.08, 'm3-1': 112.65, 'm4-1': 1.11, 'm5-1': 1.17, 'm6-1': 10.74, 'm7-1': 104.96, 'm8-1': 114.05}",1.665,8.824,9.934,inf,154.694,154.694
19,T2,BESTEFFORT,COMPLETED,m5-1,4.73,"{'m1-1': 111.98, 'm2-1': 112.12, 'm3-1': 112.44, 'm4-1': 0.94, 'm5-1': 0.99, 'm6-1': 10.86, 'm7-1': 113.7, 'm8-1': 102.96}",1.4849999999999999,10.788999999999998,11.778999999999998,inf,154.73,154.73
20,T4,BESTEFFORT,COMPLETED,m5-1,4.86,"{'m1-1': 107.63, 'm2-1': 101.77, 'm3-1': 103.84, 'm4-1': 1.04, 'm5-1': 0.98, 'm6-1': 10.14, 'm7-1': 106.0, 'm8-1': 104.33}",1.47,11.778999999999998,12.758999999999999,inf,154.86,154.86
21,T1,BESTEFFORT,COMPLETED,m4-1,5.208,"{'m1-1': 107.64, 'm2-1': 99.41, 'm3-1': 101.7, 'm4-1': 1.18, 'm5-1': 1.1, 'm6-1': 10.2, 'm7-1': 106.56, 'm8-1': 107.68}",1.77,9.934,11.113999999999999,inf,155.208,155.208
22,T1,BESTEFFORT,COMPLETED,m4-1,5.234,"{'m1-1': 97.89, 'm2-1': 102.94, 'm3-1': 94.44, 'm4-1': 1.14, 'm5-1': 1.04, 'm6-1': 9.87, 'm7-1': 113.62, 'm8-1': 100.87}",1.71,11.113999999999999,12.254,inf,155.234,155.234
23,T1,BESTEFFORT,COMPLETED,m4-1,5.338,"{'m1-1': 96.13, 'm2-1': 105.04, 'm3-1': 105.32, 'm4-1': 1.09, 'm5-1': 1.18, 'm6-1': 9.75, 'm7-1': 109.93, 'm8-1': 105.81}",1.6350000000000002,12.254,13.344,inf,155.338,155.338
24,T2,BESTEFFORT,COMPLETED,m4-1,5.375,"{'m1-1': 107.87, 'm2-1': 105.66, 'm3-1': 106.72, 'm4-1': 1.1, 'm5-1': 0.98, 'm6-1': 10.6, 'm7-1': 105.87, 'm8-1': 101.06}",1.6500000000000001,13.344,14.443999999999999,inf,155.375,155.375
25,T2,BESTEFFORT,COMPLETED,m4-1,6.302,"{'m1-1': 110.87, 'm2-1': 98.05, 'm3-1': 100.01, 'm4-1': 1.08, 'm5-1': 0.98, 'm6-1': 10.94, 'm7-1': 105.14, 'm8-1': 97.66}",1.62,14.443999999999999,15.524,inf,156.302,156.302
26,T3,BESTEFFORT,COMPLETED,m4-1,6.402,"{'m1-1': 100.38, 'm2-1': 105.88, 'm3-1': 112.64, 'm4-1': 1.08, 'm5-1': 1.07, 'm6-1': 11.52, 'm7-1': 98.3, 'm8-1': 99.14}",1.62,15.524,16.604,inf,156.402,156.402
27,T3,BESTEFFORT,COMPLETED,m5-1,6.577,"{'m1-1': 104.1, 'm2-1': 106.42, 'm3-1': 116.9, 'm4-1': 0.99, 'm5-1': 1.02, 'm6-1': 10.68, 'm7-1': 93.19, 'm8-1': 100.34}",1.53,12.758999999999999,13.778999999999998,inf,156.577,156.577
28,T2,BESTEFFORT,COMPLETED,m4-1,6.644,"{'m1-1': 100.82, 'm2-1': 95.08, 'm3-1': 99.96, 'm4-1': 1.06, 'm5-1': 1.11, 'm6-1': 10.39, 'm7-1': 108.82, 'm8-1': 102.29}",1.59,16.604,17.663999999999998,inf,156.644,156.644
29,T2,BESTEFFORT,COMPLETED,m4-1,7.119,"{'m1-1': 101.48, 'm2-1': 97.65, 'm3-1': 101.77, 'm4-1': 0.94, 'm5-1': 1.03, 'm6-1': 9.83, 'm7-1': 100.26, 'm8-1': 96.06}",1.41,17.663999999999998,18.604,inf,157.119,157.119
30,T1,BESTEFFORT,COMPLETED,m4-1,7.214,"{'m1-1': 100.12, 'm2-1': 103.64, 'm3-1': 95.54, 'm4-1': 1.06, 'm5-1': 1.16, 'm6-1': 10.29, 'm7-1': 116.76, 'm8-1': 103.51}",1.59,18.604,19.663999999999998,inf,157.214,157.214
31,T2,BESTEFFORT,COMPLETED,m4-1,7.778,"{'m1-1': 115.23, 'm2-1': 98.73, 'm3-1': 110.08, 'm4-1': 0.94, 'm5-1': 1.06, 'm6-1': 9.68, 'm7-1': 101.74, 'm8-1': 104.65}",1.41,19.663999999999998,20.604,inf,157.778,157.778
32,T2,BESTEFFORT,COMPLETED,m5-1,8.873,"{'m1-1': 109.19, 'm2-1': 106.39, 'm3-1': 99.96, 'm4-1': 1.06, 'm5-1': 1.04, 'm6-1': 10.07, 'm7-1': 108.95, 'm8-1': 103.03}",1.56,13.778999999999998,14.818999999999999,inf,158.873,158.873
33,T1,BESTEFFORT,COMPLETED,m5-1,8.987,"{'m1-1': 99.17, 'm2-1': 105.8, 'm3-1': 105.21, 'm4-1': 1.03, 'm5-1': 1.02, 'm6-1': 10.24, 'm7-1': 103.52, 'm8-1': 98.4}",1.53,14.818999999999999,15.838999999999999,inf,158.987,158.987
34,T4,BESTEFFORT,COMPLETED,m5-1,9.035,"{'m1-1': 106.26, 'm2-1': 99.1, 'm3-1': 99.54, 'm4-1': 1.01, 'm5-1': 1.06, 'm6-1': 11.15, 'm7-1': 104.01, 'm8-1': 97.64}",1.59,15.838999999999999,16.898999999999997,inf,159.035,159.035
35,T2,BESTEFFORT,COMPLETED,m4-1,10.29,"{'m1-1': 101.79, 'm2-1': 106.75, 'm3-1': 99.37, 'm4-1': 1.02, 'm5-1': 0.97, 'm6-1': 9.31, 'm7-1': 100.94, 'm8-1': 97.66}",1.53,20.604,21.624,inf,160.29,160.29
36,T3,BESTEFFORT,COMPLETED,m4-1,10.47,"{'m1-1': 103.25, 'm2-1': 103.71, 'm3-1': 102.71, 'm4-1': 1.07, 'm5-1': 1.04, 'm6-1': 11.63, 'm7-1': 106.35, 'm8-1': 112.7}",1.605,21.624,22.694,inf,160.47,160.47
37,T4,BESTEFFORT,COMPLETED,m5-1,10.729,"{'m1-1': 111.46, 'm2-1': 106.17, 'm3-1': 112.41, 'm4-1': 1.12, 'm5-1': 1.03, 'm6-1': 10.52, 'm7-1': 112.23, 'm8-1': 97.3}",1.545,16.898999999999997,17.929,inf,160.72899999999998,160.72899999999998
38,T1,BESTEFFORT,COMPLETED,m4-1,11.139,"{'m1-1': 101.86, 'm2-1': 97.37, 'm3-1': 103.81, 'm4-1': 1.01, 'm5-1': 1.02, 'm6-1': 9.64, 'm7-1': 105.65, 'm8-1': 97.88}",1.5150000000000001,22.694,23.704,inf,161.139,161.139
39,T4,BESTEFFORT,COMPLETED,m4-1,11.166,"{'m1-1': 98.09, 'm2-1': 111.18, 'm3-1': 106.34, 'm4-1': 1.04, 'm5-1': 1.12, 'm6-1': 11.29, 'm7-1': 113.12, 'm8-1': 103.85}",1.56,23.704,24.744,inf,161.166,161.166
40,T2,BESTEFFORT,COMPLETED,m4-1,11.274,"{'m1-1': 112.8, 'm2-1': 94.87, 'm3-1': 108.94, 'm4-1': 1.03, 'm5-1': 0.95, 'm6-1': 9.51, 'm7-1': 109.35, 'm8-1': 99.26}",1.545,24.744,25.774,inf,161.274,161.274
41,T3,BESTEFFORT,COMPLETED,m5-1,11.343,"{'m1-1': 107.69, 'm2-1': 103.42, 'm3-1': 108.08, 'm4-1': 0.99, 'm5-1': 1.09, 'm6-1': 10.81, 'm7-1': 92.38, 'm8-1': 98.46}",1.6350000000000002,17.929,19.019,inf,161.343,161.343
42,T2,BESTEFFORT,COMPLETED,m5-1,11.805,"{'m1-1': 103.75, 'm2-1': 106.56, 'm3-1': 111.49, 'm4-1': 0.96, 'm5-1': 1.02, 'm6-1': 9.82, 'm7-1': 104.0, 'm8-1': 102.74}",1.53,19.019,20.038999999999998,inf,161.805,161.805
43,T1,BESTEFFORT,COMPLETED,m5-1,12.029,"{'m1-1': 106.51, 'm2-1': 97.67, 'm3-1': 102.26, 'm4-1': 1.06, 'm5-1': 1.05, 'm6-1': 11.15, 'm7-1': 98.4, 'm8-1': 103.38}",1.5750000000000002,20.038999999999998,21.089,inf,162.029,162.029
44,T1,BESTEFFORT,COMPLETED,m5-1,12.061,"{'m1-1': 109.7, 'm2-1': 100.06, 'm3-1': 100.58, 'm4-1': 1.18, 'm5-1': 1.16, 'm6-1': 10.18, 'm7-1': 110.16, 'm8-1': 95.32}",1.7399999999999998,21.089,22.249,inf,162.061,162.061
45,T3,BESTEFFORT,COMPLETED,m4-1,12.092,"{'m1-1': 112.83, 'm2-1': 103.18, 'm3-1': 115.23, 'm4-1': 1.1, 'm5-1': 1.16, 'm6-1': 10.22, 'm7-1': 98.21, 'm8-1': 111.27}",1.6500000000000001,25.774,26.874000000000002,inf,162.092,162.092
46,T3,BESTEFFORT,COMPLETED,m5-1,12.644,"{'m1-1': 110.95, 'm2-1': 103.24, 'm3-1': 102.9, 'm4-1': 1.02, 'm5-1': 1.17, 'm6-1': 10.17, 'm7-1': 109.66, 'm8-1': 113.28}",1.755,22.249,23.418999999999997,inf,162.644,162.644
47,T1,BESTEFFORT,COMPLETED,m4-1,12.955,"{'m1-1': 107.8, 'm2-1': 103.82, 'm3-1': 96.1, 'm4-1': 1.14, 'm5-1': 1.15, 'm6-1': 10.7, 'm7-1': 103.04, 'm8-1': 96.07}",1.71,26.874000000000002,28.014000000000003,inf,162.955,162.955
48,T1,BESTEFFORT,COMPLETED,m5-1,13.156,"{'m1-1': 94.21, 'm2-1': 100.77, 'm3-1': 96.28, 'm4-1': 1.07, 'm5-1': 1.07, 'm6-1': 10.2, 'm7-1': 101.39, 'm8-1': 94.19}",1.605,23.418999999999997,24.488999999999997,inf,163.156,163.156
49,T2,BESTEFFORT,COMPLETED,m4-1,13.392,"{'m1-1': 112.23, 'm2-1': 96.31, 'm3-1': 106.12, 'm4-1': 1.0, 'm5-1': 0.97, 'm6-1': 9.39, 'm7-1': 100.89, 'm8-1': 94.18}",1.5,28.014000000000003,29.014000000000003,inf,163.392,163.392
50,T4,BESTEFFORT,COMPLETED,m5-1,13.489,"{'m1-1': 108.86, 'm2-1': 95.68, 'm3-1': 98.88, 'm4-1': 1.05, 'm5-1': 0.98, 'm6-1': 10.25, 'm7-1': 108.13, 'm8-1': 104.19}",1.47,24.488999999999997,25.468999999999998,inf,163.489,163.489
51,T3,BESTEFFORT,COMPLETED,m4-1,13.608,"{'m1-1': 99.03, 'm2-1': 102.09, 'm3-1': 108.15, 'm4-1': 1.1, 'm5-1': 1.11, 'm6-1': 11.71, 'm7-1': 106.62, 'm8-1': 101.41}",1.6500000000000001,29.014000000000003,30.114000000000004,inf,163.608,163.608
52,T2,BESTEFFORT,COMPLETED,m4-1,13.695,"{'m1-1': 112.04, 'm2-1': 100.48, 'm3-1': 105.34, 'm4-1': 0.98, 'm5-1': 1.05, 'm6-1': 9.42, 'm7-1': 106.69, 'm8-1': 103.59}",1.47,30.114000000000004,31.094000000000005,inf,163.695,163.695
53,T3,BESTEFFORT,COMPLETED,m4-1,13.811,"{'m1-1': 110.34, 'm2-1': 110.97, 'm3-1': 107.06, 'm4-1': 0.99, 'm5-1': 1.17, 'm6-1': 10.58, 'm7-1': 92.9, 'm8-1': 109.35}",1.4849999999999999,31.094000000000005,32.084,inf,163.811,163.811
54,T2,BESTEFFORT,COMPLETED,m4-1,13.82,"{'m1-1': 99.88, 'm2-1': 104.17, 'm3-1': 101.96, 'm4-1': 1.02, 'm5-1': 0.96, 'm6-1': 9.53, 'm7-1': 99.65, 'm8-1': 99.42}",1.53,32.084,33.104000000000006,inf,163.82,163.82
55,T3,BESTEFFORT,COMPLETED,m4-1,14.142,"{'m1-1': 101.14, 'm2-1': 104.2, 'm3-1': 105.44, 'm4-1': 1.0, 'm5-1': 0.99, 'm6-1': 11.71, 'm7-1': 97.75, 'm8-1': 98.76}",1.5,33.104000000000006,34.104000000000006,inf,164.142,164.142
56,T1,BESTEFFORT,COMPLETED,m4-1,14.143,"{'m1-1': 93.17, 'm2-1': 97.86, 'm3-1': 96.82, 'm4-1': 1.18, 'm5-1': 1.02, 'm6-1': 9.94, 'm7-1': 99.06, 'm8-1': 104.46}",1.77,34.104000000000006,35.284000000000006,inf,164.143,164.143
57,T4,BESTEFFORT,COMPLETED,m5-1,14.289,"{'m1-1': 106.24, 'm2-1': 99.36, 'm3-1': 104.11, 'm4-1': 1.13, 'm5-1': 0.97, 'm6-1': 10.32, 'm7-1': 99.89, 'm8-1': 97.16}",1.455,25.468999999999998,26.438999999999997,inf,164.289,164.289
58,T1,BESTEFFORT,COMPLETED,m4-1,14.363,"{'m1-1': 103.35, 'm2-1': 100.33, 'm3-1': 98.81, 'm4-1': 1.14, 'm5-1': 1.06, 'm6-1': 11.23, 'm7-1': 104.52, 'm8-1': 99.47}",1.71,35.284000000000006,36.42400000000001,inf,164.363,164.363
59,T1,BESTEFFORT,COMPLETED,m4-1,14.661,"{'m1-1': 93.07, 'm2-1': 99.25, 'm3-1': 99.42, 'm4-1': 1.06, 'm5-1': 1.19, 'm6-1': 10.42, 'm7-1': 112.24, 'm8-1': 102.16}",1.59,36.42400000000001,37.48400000000001,inf,164.661,164.661
60,T2,BESTEFFORT,COMPLETED,m5-1,15.077,"{'m1-1': 107.36, 'm2-1': 94.66, 'm3-1': 112.29, 'm4-1': 1.03, 'm5-1': 1.1, 'm6-1': 9.85, 'm7-1': 97.94, 'm8-1': 95.83}",1.6500000000000001,26.438999999999997,27.538999999999998,inf,165.077,165.077
61,T2,BESTEFFORT,COMPLETED,m5-1,15.34,"{'m1-1': 114.53, 'm2-1': 101.96, 'm3-1': 106.17, 'm4-1': 1.03, 'm5-1': 1.07, 'm6-1': 10.84, 'm7-1': 106.03, 'm8-1': 95.3}",1.605,27.538999999999998,28.608999999999998,inf,165.34,165.34
62,T2,BESTEFFORT,COMPLETED,m4-1,15.346,"{'m1-1': 112.18, 'm2-1': 95.28, 'm3-1': 112.59, 'm4-1': 1.09, 'm5-1': 1.07, 'm6-1': 9.71, 'm7-1': 110.31, 'm8-1': 96.99}",1.6350000000000002,37.48400000000001,38.57400000000001,inf,165.346,165.346
63,T3,BESTEFFORT,COMPLETED,m4-1,15.684,"{'m1-1': 104.52, 'm2-1': 108.34, 'm3-1': 115.95, 'm4-1': 0.95, 'm5-1': 1.07, 'm6-1': 10.28, 'm7-1': 99.75, 'm8-1': 101.36}",1.4249999999999998,38.57400000000001,39.524000000000015,inf,165.684,165.684
64,T4,BESTEFFORT,COMPLETED,m4-1,16.381,"{'m1-1': 99.48, 'm2-1': 98.96, 'm3-1': 107.99, 'm4-1': 1.03, 'm5-1': 0.96, 'm6-1': 10.57, 'm7-1': 110.38, 'm8-1': 105.14}",1.545,39.524000000000015,40.554000000000016,inf,166.381,166.381
65,T3,BESTEFFORT,COMPLETED,m4-1,16.558,"{'m1-1': 103.18, 'm2-1': 102.77, 'm3-1': 116.68, 'm4-1': 1.07, 'm5-1': 1.16, 'm6-1': 11.6, 'm7-1': 92.24, 'm8-1': 114.74}",1.605,40.554000000000016,41.62400000000002,inf,166.558,166.558
66,T4,BESTEFFORT,COMPLETED,m4-1,16.658,"{'m1-1': 109.76, 'm2-1': 95.11, 'm3-1': 102.75, 'm4-1': 1.07, 'm5-1': 1.12, 'm6-1': 11.23, 'm7-1': 113.2, 'm8-1': 112.91}",1.605,41.62400000000002,42.69400000000002,inf,166.65800000000002,166.65800000000002
67,T3,BESTEFFORT,COMPLETED,m5-1,16.734,"{'m1-1': 108.53, 'm2-1': 97.91, 'm3-1': 111.94, 'm4-1': 1.07, 'm5-1': 1.06, 'm6-1': 9.87, 'm7-1': 104.25, 'm8-1': 111.96}",1.59,28.608999999999998,29.668999999999997,inf,166.734,166.734
68,T2,BESTEFFORT,COMPLETED,m5-1,16.825,"{'m1-1': 115.02, 'm2-1': 104.3, 'm3-1': 105.18, 'm4-1': 1.09, 'm5-1': 1.01, 'm6-1': 9.59, 'm7-1': 106.84, 'm8-1': 106.46}",1.5150000000000001,29.668999999999997,30.679,inf,166.825,166.825
69,T4,BESTEFFORT,COMPLETED,m5-1,16.979,"{'m1-1': 107.69, 'm2-1': 105.06, 'm3-1': 113.55, 'm4-1': 1.04, 'm5-1': 1.1, 'm6-1': 11.62, 'm7-1': 116.63, 'm8-1': 101.9}",1.6500000000000001,30.679,31.779,inf,166.97899999999998,166.97899999999998
70,T3,BESTEFFORT,COMPLETED,m4-1,16.982,"{'m1-1': 101.92, 'm2-1': 97.56, 'm3-1': 109.52, 'm4-1': 1.09, 'm5-1': 1.16, 'm6-1': 11.63, 'm7-1': 106.1, 'm8-1': 111.5}",1.6350000000000002,42.69400000000002,43.78400000000002,inf,166.982,166.982
71,T4,BESTEFFORT,COMPLETED,m5-1,17.836,"{'m1-1': 106.59, 'm2-1': 98.43, 'm3-1': 111.38, 'm4-1': 1.1, 'm5-1': 1.08, 'm6-1': 9.81, 'm7-1': 109.62, 'm8-1': 102.33}",1.62,31.779,32.859,inf,167.836,167.836
72,T2,BESTEFFORT,COMPLETED,m5-1,18.148,"{'m1-1': 113.5, 'm2-1': 109.63, 'm3-1': 101.7, 'm4-1': 1.1, 'm5-1': 0.94, 'm6-1': 10.71, 'm7-1': 100.97, 'm8-1': 108.91}",1.41,32.859,33.799,inf,168.148,168.148
73,T2,BESTEFFORT,COMPLETED,m5-1,18.29,"{'m1-1': 102.94, 'm2-1': 108.19, 'm3-1': 107.15, 'm4-1': 0.96, 'm5-1': 1.12, 'm6-1': 10.61, 'm7-1': 105.62, 'm8-1': 99.8}",1.6800000000000002,33.799,34.919,inf,168.29,168.29
74,T1,BESTEFFORT,COMPLETED,m4-1,18.689,"{'m1-1': 106.71, 'm2-1': 105.69, 'm3-1': 101.99, 'm4-1': 1.09, 'm5-1': 1.14, 'm6-1': 10.54, 'm7-1': 107.67, 'm8-1': 103.46}",1.6350000000000002,43.78400000000002,44.874000000000024,inf,168.689,168.689
75,T2,BESTEFFORT,COMPLETED,m4-1,19.035,"{'m1-1': 101.74, 'm2-1': 109.1, 'm3-1': 104.85, 'm4-1': 1.03, 'm5-1': 1.09, 'm6-1': 9.77, 'm7-1': 109.04, 'm8-1': 98.58}",1.545,44.874000000000024,45.904000000000025,inf,169.035,169.035
76,T3,BESTEFFORT,COMPLETED,m5-1,19.168,"{'m1-1': 101.16, 'm2-1': 113.19, 'm3-1': 99.89, 'm4-1': 1.02, 'm5-1': 1.02, 'm6-1': 11.31, 'm7-1': 101.31, 'm8-1': 100.08}",1.53,34.919,35.939,inf,169.168,169.168
77,T1,BESTEFFORT,COMPLETED,m4-1,19.195,"{'m1-1': 98.9, 'm2-1': 105.88, 'm3-1': 93.67, 'm4-1': 1.05, 'm5-1': 1.13, 'm6-1': 10.66, 'm7-1': 109.98, 'm8-1': 98.4}",1.5750000000000002,45.904000000000025,46.95400000000002,inf,169.195,169.195
78,T4,BESTEFFORT,COMPLETED,m4-1,19.45,"{'m1-1': 97.37, 'm2-1': 104.15, 'm3-1': 112.97, 'm4-1': 1.12, 'm5-1': 1.0, 'm6-1': 11.48, 'm7-1': 116.17, 'm8-1': 113.2}",1.6800000000000002,46.95400000000002,48.07400000000002,inf,169.45,169.45
79,T3,BESTEFFORT,COMPLETED,m5-1,19.703,"{'m1-1': 110.45, 'm2-1': 96.36, 'm3-1': 117.35, 'm4-1': 1.07, 'm5-1': 1.16, 'm6-1': 11.14, 'm7-1': 104.06, 'm8-1': 98.95}",1.7399999999999998,35.939,37.099,inf,169.703,169.703
80,T2,BESTEFFORT,COMPLETED,m4-1,19.848,"{'m1-1': 111.37, 'm2-1': 97.9, 'm3-1': 106.41, 'm4-1': 0.99, 'm5-1': 0.98, 'm6-1': 9.45, 'm7-1': 110.21, 'm8-1': 96.18}",1.4849999999999999,48.07400000000002,49.06400000000002,inf,169.848,169.848
81,T1,BESTEFFORT,COMPLETED,m5-1,19.983,"{'m1-1': 96.7, 'm2-1': 107.55, 'm3-1': 101.34, 'm4-1': 1.01, 'm5-1': 1.06, 'm6-1': 10.73, 'm7-1': 99.57, 'm8-1': 108.14}",1.59,37.099,38.159,inf,169.983,169.983
82,T1,BESTEFFORT,COMPLETED,m4-1,20.143,"{'m1-1': 96.0, 'm2-1': 96.69, 'm3-1': 91.75, 'm4-1': 1.01, 'm5-1': 1.02, 'm6-1': 10.67, 'm7-1': 110.44, 'm8-1': 96.39}",1.5150000000000001,49.06400000000002,50.07400000000002,inf,170.143,170.143
83,T4,BESTEFFORT,COMPLETED,m4-1,20.992,"{'m1-1': 100.95, 'm2-1': 105.29, 'm3-1': 109.38, 'm4-1': 1.03, 'm5-1': 1.1, 'm6-1': 11.15, 'm7-1': 101.43, 'm8-1': 106.84}",1.545,50.07400000000002,51.10400000000002,inf,170.992,170.992
84,T1,BESTEFFORT,COMPLETED,m4-1,21.23,"{'m1-1': 104.6, 'm2-1': 98.22, 'm3-1': 104.67, 'm4-1': 1.07, 'm5-1': 1.18, 'm6-1': 9.61, 'm7-1': 110.55, 'm8-1': 94.79}",1.605,51.10400000000002,52.17400000000002,inf,171.23,171.23
85,T4,BESTEFFORT,COMPLETED,m5-1,21.511,"{'m1-1': 106.17, 'm2-1': 94.86, 'm3-1': 99.55, 'm4-1': 0.99, 'm5-1': 1.07, 'm6-1': 10.89, 'm7-1': 117.5, 'm8-1': 107.39}",1.605,38.159,39.229,inf,171.511,171.511
86,T2,BESTEFFORT,COMPLETED,m4-1,21.521,"{'m1-1': 109.38, 'm2-1': 107.68, 'm3-1': 102.78, 'm4-1': 0.98, 'm5-1': 1.03, 'm6-1': 9.92, 'm7-1': 113.0, 'm8-1': 94.25}",1.47,52.17400000000002,53.15400000000002,inf,171.52100000000002,171.52100000000002
87,T4,BESTEFFORT,COMPLETED,m4-1,21.537,"{'m1-1': 112.66, 'm2-1': 110.38, 'm3-1': 100.47, 'm4-1': 0.96, 'm5-1': 1.02, 'm6-1': 10.84, 'm7-1': 106.42, 'm8-1': 108.96}",1.44,53.15400000000002,54.11400000000002,inf,171.537,171.537
88,T3,BESTEFFORT,COMPLETED,m4-1,22.003,"{'m1-1': 113.99, 'm2-1': 105.48, 'm3-1': 117.08, 'm4-1': 1.04, 'm5-1': 1.06, 'm6-1': 10.92, 'm7-1': 97.83, 'm8-1': 110.02}",1.56,54.11400000000002,55.15400000000002,inf,172.003,172.003
89,T3,BESTEFFORT,COMPLETED,m4-1,22.625,"{'m1-1': 98.88, 'm2-1': 97.4, 'm3-1': 113.25, 'm4-1': 0.97, 'm5-1': 1.1, 'm6-1': 10.7, 'm7-1': 95.78, 'm8-1': 106.11}",1.455,55.15400000000002,56.12400000000002,inf,172.625,172.625
90,T3,BESTEFFORT,COMPLETED,m4-1,22.766,"{'m1-1': 107.87, 'm2-1': 103.93, 'm3-1': 107.58, 'm4-1': 1.06, 'm5-1': 1.12, 'm6-1': 10.71, 'm7-1': 95.37, 'm8-1': 112.37}",1.59,56.12400000000002,57.18400000000002,inf,172.766,172.766
91,T4,BESTEFFORT,COMPLETED,m4-1,23.372,"{'m1-1': 106.75, 'm2-1': 109.71, 'm3-1': 99.33, 'm4-1': 1.06, 'm5-1': 1.12, 'm6-1': 10.5, 'm7-1': 110.81, 'm8-1': 107.38}",1.59,57.18400000000002,58.24400000000002,inf,173.372,173.372
92,T3,BESTEFFORT,COMPLETED,m4-1,23.71,"{'m1-1': 112.65, 'm2-1': 101.93, 'm3-1': 117.28, 'm4-1': 1.0, 'm5-1': 1.04, 'm6-1': 11.3, 'm7-1': 93.0, 'm8-1': 104.8}",1.5,58.24400000000002,59.24400000000002,inf,173.71,173.71
93,T2,BESTEFFORT,COMPLETED,m5-1,23.723,"{'m1-1': 103.54, 'm2-1': 107.02, 'm3-1': 100.67, 'm4-1': 1.04, 'm5-1': 1.0, 'm6-1': 10.62, 'm7-1': 97.75, 'm8-1': 97.66}",1.5,39.229,40.229,inf,173.723,173.723
94,T3,BESTEFFORT,COMPLETED,m4-1,24.105,"{'m1-1': 105.7, 'm2-1': 101.79, 'm3-1': 113.63, 'm4-1': 1.03, 'm5-1': 1.14, 'm6-1': 9.92, 'm7-1': 108.67, 'm8-1': 113.26}",1.545,59.24400000000002,60.27400000000002,inf,174.105,174.105
95,T1,BESTEFFORT,COMPLETED,m5-1,24.165,"{'m1-1': 94.6, 'm2-1': 108.48, 'm3-1': 94.69, 'm4-1': 1.0, 'm5-1': 1.1, 'm6-1': 10.53, 'm7-1': 114.48, 'm8-1': 105.02}",1.6500000000000001,40.229,41.329,inf,174.165,174.165
96,T4,BESTEFFORT,COMPLETED,m5-1,24.216,"{'m1-1': 112.15, 'm2-1': 98.2, 'm3-1': 110.92, 'm4-1': 1.08, 'm5-1': 1.14, 'm6-1': 10.91, 'm7-1': 104.19, 'm8-1': 114.34}",1.71,41.329,42.469,inf,174.216,174.216
97,T3,BESTEFFORT,COMPLETED,m4-1,24.407,"{'m1-1': 112.65, 'm2-1': 105.37, 'm3-1': 116.06, 'm4-1': 1.04, 'm5-1': 1.02, 'm6-1': 11.44, 'm7-1': 99.34, 'm8-1': 113.83}",1.56,60.27400000000002,61.31400000000002,inf,174.407,174.407
98,T1,BESTEFFORT,COMPLETED,m5-1,25.103,"{'m1-1': 104.93, 'm2-1': 105.51, 'm3-1': 93.55, 'm4-1': 1.07, 'm5-1': 1.03, 'm6-1': 10.21, 'm7-1': 98.51, 'm8-1': 109.48}",1.545,42.469,43.499,inf,175.103,175.103
99,T4,BESTEFFORT,COMPLETED,m5-1,25.217,"{'m1-1': 98.3, 'm2-1': 100.28, 'm3-1': 108.58, 'm4-1': 1.02, 'm5-1': 1.05, 'm6-1': 11.24, 'm7-1': 109.56, 'm8-1': 113.64}",1.5750000000000002,43.499,44.549,inf,175.21699999999998,175.21699999999998
100,T3,BESTEFFORT,COMPLETED,m4-1,25.382,"{'m1-1': 109.81, 'm2-1': 96.38, 'm3-1': 108.28, 'm4-1': 0.96, 'm5-1': 1.0, 'm6-1': 11.56, 'm7-1': 96.46, 'm8-1': 103.67}",1.44,61.31400000000002,62.27400000000002,inf,175.382,175.382
101,T3,BESTEFFORT,COMPLETED,m4-1,25.561,"{'m1-1': 99.74, 'm2-1': 106.14, 'm3-1': 103.6, 'm4-1': 1.01, 'm5-1': 1.0, 'm6-1': 11.31, 'm7-1': 96.92, 'm8-1': 108.04}",1.5150000000000001,62.27400000000002,63.28400000000002,inf,175.561,175.561
102,T2,BESTEFFORT,COMPLETED,m4-1,25.848,"{'m1-1': 102.03, 'm2-1': 105.29, 'm3-1': 96.32, 'm4-1': 1.03, 'm5-1': 1.05, 'm6-1': 10.22, 'm7-1': 109.69, 'm8-1': 96.27}",1.545,63.28400000000002,64.31400000000002,inf,175.848,175.848
103,T2,BESTEFFORT,COMPLETED,m4-1,26.004,"{'m1-1': 107.98, 'm2-1': 96.94, 'm3-1': 104.31, 'm4-1': 1.02, 'm5-1': 1.02, 'm6-1': 9.7, 'm7-1': 103.36, 'm8-1': 105.65}",1.53,64.31400000000002,65.33400000000002,inf,176.004,176.004
104,T4,BESTEFFORT,COMPLETED,m5-1,26.294,"{'m1-1': 112.91, 'm2-1': 96.96, 'm3-1': 104.47, 'm4-1': 1.08, 'm5-1': 1.11, 'm6-1': 11.34, 'm7-1': 103.5, 'm8-1': 104.63}",1.665,44.549,45.659,inf,176.294,176.294
105,T3,BESTEFFORT,COMPLETED,m4-1,26.76,"{'m1-1': 113.38, 'm2-1': 105.14, 'm3-1': 107.79, 'm4-1': 0.95, 'm5-1': 1.0, 'm6-1': 10.4, 'm7-1': 104.94, 'm8-1': 100.79}",1.4249999999999998,65.33400000000002,66.28400000000002,inf,176.76,176.76
106,T4,BESTEFFORT,COMPLETED,m4-1,26.819,"{'m1-1': 101.73, 'm2-1': 108.53, 'm3-1': 104.52, 'm4-1': 1.0, 'm5-1': 0.98, 'm6-1': 10.35, 'm7-1': 101.0, 'm8-1': 112.39}",1.5,66.28400000000002,67.28400000000002,inf,176.819,176.819
107,T1,BESTEFFORT,COMPLETED,m5-1,27.536,"{'m1-1': 93.54, 'm2-1': 111.99, 'm3-1': 98.45, 'm4-1': 1.12, 'm5-1': 1.16, 'm6-1': 10.84, 'm7-1': 102.73, 'm8-1': 101.0}",1.7399999999999998,45.659,46.818999999999996,inf,177.536,177.536
108,T1,BESTEFFORT,COMPLETED,m4-1,27.59,"{'m1-1': 99.72, 'm2-1': 105.59, 'm3-1': 96.66, 'm4-1': 1.0, 'm5-1': 1.05, 'm6-1': 10.56, 'm7-1': 104.32, 'm8-1': 100.34}",1.5,67.28400000000002,68.28400000000002,inf,177.59,177.59
109,T4,BESTEFFORT,COMPLETED,m4-1,28.341,"{'m1-1': 104.36, 'm2-1': 95.4, 'm3-1': 115.45, 'm4-1': 1.1, 'm5-1': 1.07, 'm6-1': 11.05, 'm7-1': 107.98, 'm8-1': 109.17}",1.6500000000000001,68.28400000000002,69.38400000000001,inf,178.341,178.341
110,T2,BESTEFFORT,COMPLETED,m4-1,28.612,"{'m1-1': 98.38, 'm2-1': 97.46, 'm3-1': 101.34, 'm4-1': 1.03, 'm5-1': 1.0, 'm6-1': 10.37, 'm7-1': 100.88, 'm8-1': 103.29}",1.545,69.38400000000001,70.41400000000002,inf,178.612,178.612
111,T3,BESTEFFORT,COMPLETED,m4-1,28.636,"{'m1-1': 115.5, 'm2-1': 99.91, 'm3-1': 105.73, 'm4-1': 1.02, 'm5-1': 1.12, 'm6-1': 11.42, 'm7-1': 101.07, 'm8-1': 114.34}",1.53,70.41400000000002,71.43400000000001,inf,178.636,178.636
112,T4,BESTEFFORT,COMPLETED,m5-1,28.663,"{'m1-1': 108.4, 'm2-1': 111.02, 'm3-1': 110.85, 'm4-1': 1.09, 'm5-1': 1.14, 'm6-1': 10.49, 'm7-1': 107.71, 'm8-1': 109.53}",1.71,46.818999999999996,47.958999999999996,inf,178.663,178.663
113,T2,BESTEFFORT,COMPLETED,m5-1,28.929,"{'m1-1': 107.43, 'm2-1': 109.47, 'm3-1': 108.14, 'm4-1': 1.04, 'm5-1': 1.04, 'm6-1': 10.3, 'm7-1': 109.22, 'm8-1': 105.21}",1.56,47.958999999999996,48.998999999999995,inf,178.929,178.929
114,T3,BESTEFFORT,COMPLETED,m4-1,29.075,"{'m1-1': 110.73, 'm2-1': 102.24, 'm3-1': 113.06, 'm4-1': 0.98, 'm5-1': 1.15, 'm6-1': 11.09, 'm7-1': 103.76, 'm8-1': 115.03}",1.47,71.43400000000001,72.41400000000002,inf,179.075,179.075
115,T2,BESTEFFORT,COMPLETED,m4-1,29.394,"{'m1-1': 111.6, 'm2-1': 96.77, 'm3-1': 107.34, 'm4-1': 1.03, 'm5-1': 0.98, 'm6-1': 9.25, 'm7-1': 110.21, 'm8-1': 107.5}",1.545,72.41400000000002,73.44400000000002,inf,179.394,179.394
116,T3,BESTEFFORT,COMPLETED,m4-1,29.471,"{'m1-1': 100.38, 'm2-1': 104.56, 'm3-1': 100.64, 'm4-1': 1.06, 'm5-1': 1.15, 'm6-1': 11.6, 'm7-1': 99.97, 'm8-1': 98.46}",1.59,73.44400000000002,74.50400000000002,inf,179.471,179.471
117,T3,BESTEFFORT,COMPLETED,m4-1,29.657,"{'m1-1': 99.85, 'm2-1': 109.3, 'm3-1': 100.81, 'm4-1': 1.06, 'm5-1': 0.99, 'm6-1': 11.64, 'm7-1': 101.28, 'm8-1': 98.77}",1.59,74.50400000000002,75.56400000000002,inf,179.657,179.657
118,T4,BESTEFFORT,COMPLETED,m4-1,30.286,"{'m1-1': 110.23, 'm2-1': 95.42, 'm3-1': 109.43, 'm4-1': 1.0, 'm5-1': 0.98, 'm6-1': 10.92, 'm7-1': 101.86, 'm8-1': 107.46}",1.5,75.56400000000002,76.56400000000002,inf,180.286,180.286
119,T1,BESTEFFORT,COMPLETED,m5-1,30.434,"{'m1-1': 110.17, 'm2-1': 102.14, 'm3-1': 108.94, 'm4-1': 1.1, 'm5-1': 1.06, 'm6-1': 11.04, 'm7-1': 115.04, 'm8-1': 106.25}",1.59,48.998999999999995,50.059,inf,180.434,180.434
120,T1,BESTEFFORT,COMPLETED,m4-1,30.528,"{'m1-1': 98.45, 'm2-1': 102.68, 'm3-1': 105.41, 'm4-1': 1.18, 'm5-1': 1.01, 'm6-1': 9.66, 'm7-1': 100.41, 'm8-1': 108.49}",1.77,76.56400000000002,77.74400000000003,inf,180.528,180.528
121,T2,BESTEFFORT,COMPLETED,m5-1,30.736,"{'m1-1': 108.2, 'm2-1': 104.6, 'm3-1': 102.69, 'm4-1': 0.98, 'm5-1': 1.11, 'm6-1': 10.26, 'm7-1': 97.88, 'm8-1': 103.26}",1.665,50.059,51.169,inf,180.736,180.736
122,T3,BESTEFFORT,COMPLETED,m4-1,31.438,"{'m1-1': 114.04, 'm2-1': 106.05, 'm3-1': 110.44, 'm4-1': 1.0, 'm5-1': 1.08, 'm6-1': 10.15, 'm7-1': 104.39, 'm8-1': 101.03}",1.5,77.74400000000003,78.74400000000003,inf,181.438,181.438
123,T2,BESTEFFORT,COMPLETED,m4-1,31.875,"{'m1-1': 100.6, 'm2-1': 106.57, 'm3-1': 109.13, 'm4-1': 1.03, 'm5-1': 0.94, 'm6-1': 10.42, 'm7-1': 96.75, 'm8-1': 96.96}",1.545,78.74400000000003,79.77400000000003,inf,181.875,181.875
124,T3,BESTEFFORT,COMPLETED,m4-1,32.359,"{'m1-1': 109.72, 'm2-1': 108.03, 'm3-1': 109.55, 'm4-1': 1.01, 'm5-1': 1.17, 'm6-1': 9.96, 'm7-1': 94.82, 'm8-1': 113.92}",1.5150000000000001,79.77400000000003,80.78400000000003,inf,182.359,182.359
125,T1,BESTEFFORT,COMPLETED,m5-1,32.751,"{'m1-1': 109.68, 'm2-1': 102.46, 'm3-1': 103.98, 'm4-1': 1.04, 'm5-1': 1.07, 'm6-1': 10.9, 'm7-1': 111.2, 'm8-1': 109.79}",1.605,51.169,52.239,inf,182.751,182.751
126,T3,BESTEFFORT,COMPLETED,m4-1,33.231,"{'m1-1': 108.32, 'm2-1': 100.25, 'm3-1': 103.18, 'm4-1': 1.02, 'm5-1': 1.0, 'm6-1': 10.26, 'm7-1': 105.72, 'm8-1': 98.39}",1.53,80.78400000000003,81.80400000000003,inf,183.231,183.231
127,T4,BESTEFFORT,COMPLETED,m4-1,33.701,"{'m1-1': 110.26, 'm2-1': 107.07, 'm3-1': 101.25, 'm4-1': 0.97, 'm5-1': 1.08, 'm6-1': 10.32, 'm7-1': 111.82, 'm8-1': 112.78}",1.455,81.80400000000003,82.77400000000003,inf,183.701,183.701
128,T3,BESTEFFORT,COMPLETED,m4-1,33.919,"{'m1-1': 102.25, 'm2-1': 106.01, 'm3-1': 116.46, 'm4-1': 1.07, 'm5-1': 1.01, 'm6-1': 11.6, 'm7-1': 105.13, 'm8-1': 104.96}",1.605,82.77400000000003,83.84400000000002,inf,183.91899999999998,183.91899999999998
129,T4,BESTEFFORT,COMPLETED,m4-1,34.156,"{'m1-1': 97.5, 'm2-1': 104.75, 'm3-1': 108.32, 'm4-1': 1.01, 'm5-1': 1.02, 'm6-1': 10.32, 'm7-1': 110.96, 'm8-1': 110.61}",1.5150000000000001,83.84400000000002,84.85400000000003,inf,184.156,184.156
130,T4,BESTEFFORT,COMPLETED,m5-1,34.204,"{'m1-1': 105.64, 'm2-1': 110.96, 'm3-1': 110.73, 'm4-1': 0.97, 'm5-1': 1.0, 'm6-1': 11.22, 'm7-1': 113.77, 'm8-1': 104.09}",1.5,52.239,53.239,inf,184.204,184.204
131,T1,BESTEFFORT,COMPLETED,m4-1,34.265,"{'m1-1': 105.16, 'm2-1': 107.03, 'm3-1': 93.29, 'm4-1': 1.13, 'm5-1': 1.02, 'm6-1': 9.99, 'm7-1': 112.1, 'm8-1': 106.47}",1.6949999999999998,84.85400000000003,85.98400000000002,inf,184.265,184.265
132,T1,BESTEFFORT,COMPLETED,m4-1,34.573,"{'m1-1': 96.2, 'm2-1': 104.84, 'm3-1': 99.39, 'm4-1': 1.13, 'm5-1': 1.03, 'm6-1': 10.9, 'm7-1': 102.96, 'm8-1': 97.82}",1.6949999999999998,85.98400000000002,87.11400000000002,inf,184.573,184.573
133,T1,BESTEFFORT,COMPLETED,m4-1,34.998,"{'m1-1': 92.96, 'm2-1': 104.92, 'm3-1': 92.9, 'm4-1': 1.03, 'm5-1': 1.05, 'm6-1': 10.52, 'm7-1': 101.41, 'm8-1': 93.97}",1.545,87.11400000000002,88.14400000000002,inf,184.998,184.998
134,T4,BESTEFFORT,COMPLETED,m5-1,35.34,"{'m1-1': 95.29, 'm2-1': 107.24, 'm3-1': 103.84, 'm4-1': 1.0, 'm5-1': 0.98, 'm6-1': 10.58, 'm7-1': 104.61, 'm8-1': 112.31}",1.47,53.239,54.218999999999994,inf,185.34,185.34
135,T2,BESTEFFORT,COMPLETED,m4-1,35.425,"{'m1-1': 105.51, 'm2-1': 99.81, 'm3-1': 99.47, 'm4-1': 0.97, 'm5-1': 1.04, 'm6-1': 10.51, 'm7-1': 99.28, 'm8-1': 92.92}",1.455,88.14400000000002,89.11400000000002,inf,185.425,185.425
136,T1,BESTEFFORT,COMPLETED,m5-1,35.648,"{'m1-1': 104.92, 'm2-1': 114.24, 'm3-1': 104.3, 'm4-1': 1.13, 'm5-1': 1.09, 'm6-1': 10.03, 'm7-1': 108.14, 'm8-1': 97.26}",1.6350000000000002,54.218999999999994,55.309,inf,185.648,185.648
137,T1,BESTEFFORT,COMPLETED,m5-1,35.848,"{'m1-1': 104.42, 'm2-1': 114.61, 'm3-1': 94.01, 'm4-1': 1.11, 'm5-1': 1.15, 'm6-1': 9.99, 'm7-1': 114.78, 'm8-1': 99.32}",1.7249999999999999,55.309,56.458999999999996,inf,185.848,185.848
138,T1,BESTEFFORT,COMPLETED,m4-1,35.936,"{'m1-1': 100.18, 'm2-1': 112.09, 'm3-1': 92.35, 'm4-1': 1.01, 'm5-1': 1.11, 'm6-1': 11.16, 'm7-1': 105.75, 'm8-1': 99.42}",1.5150000000000001,89.11400000000002,90.12400000000002,inf,185.936,185.936
139,T4,BESTEFFORT,COMPLETED,m5-1,36.36,"{'m1-1': 101.91, 'm2-1': 109.73, 'm3-1': 104.16, 'm4-1': 1.04, 'm5-1': 1.02, 'm6-1': 11.22, 'm7-1': 113.58, 'm8-1': 99.51}",1.53,56.458999999999996,57.479,inf,186.36,186.36
140,T1,BESTEFFORT,COMPLETED,m5-1,36.834,"{'m1-1': 97.56, 'm2-1': 112.27, 'm3-1': 93.18, 'm4-1': 1.15, 'm5-1': 1.16, 'm6-1': 10.27, 'm7-1': 106.04, 'm8-1': 93.8}",1.7399999999999998,57.479,58.638999999999996,inf,186.834,186.834
141,T2,BESTEFFORT,COMPLETED,m4-1,36.87,"{'m1-1': 105.88, 'm2-1': 111.55, 'm3-1': 107.67, 'm4-1': 0.96, 'm5-1': 1.1, 'm6-1': 9.91, 'm7-1': 108.0, 'm8-1': 98.36}",1.44,90.12400000000002,91.08400000000002,inf,186.87,186.87
142,T3,BESTEFFORT,COMPLETED,m4-1,37.146,"{'m1-1': 102.91, 'm2-1': 109.91, 'm3-1': 106.63, 'm4-1': 1.0, 'm5-1': 1.05, 'm6-1': 11.1, 'm7-1': 108.44, 'm8-1': 108.88}",1.5,91.08400000000002,92.08400000000002,inf,187.14600000000002,187.14600000000002
143,T3,BESTEFFORT,COMPLETED,m4-1,37.39,"{'m1-1': 103.5, 'm2-1': 113.24, 'm3-1': 110.94, 'm4-1': 1.08, 'm5-1': 1.01, 'm6-1': 11.05, 'm7-1': 99.87, 'm8-1': 114.82}",1.62,92.08400000000002,93.16400000000002,inf,187.39,187.39
144,T3,BESTEFFORT,COMPLETED,m4-1,37.623,"{'m1-1': 107.32, 'm2-1': 109.7, 'm3-1': 117.87, 'm4-1': 0.96, 'm5-1': 1.12, 'm6-1': 10.46, 'm7-1': 96.62, 'm8-1': 102.98}",1.44,93.16400000000002,94.12400000000001,inf,187.623,187.623
145,T2,BESTEFFORT,COMPLETED,m5-1,37.713,"{'m1-1': 109.19, 'm2-1': 95.45, 'm3-1': 103.31, 'm4-1': 1.07, 'm5-1': 0.97, 'm6-1': 9.99, 'm7-1': 113.63, 'm8-1': 98.41}",1.455,58.638999999999996,59.608999999999995,inf,187.713,187.713
146,T3,BESTEFFORT,COMPLETED,m4-1,38.099,"{'m1-1': 104.51, 'm2-1': 111.57, 'm3-1': 101.87, 'm4-1': 0.98, 'm5-1': 1.08, 'm6-1': 10.0, 'm7-1': 97.48, 'm8-1': 98.3}",1.47,94.12400000000001,95.10400000000001,inf,188.099,188.099
147,T3,BESTEFFORT,COMPLETED,m4-1,38.187,"{'m1-1': 109.87, 'm2-1': 103.9, 'm3-1': 105.24, 'm4-1': 1.02, 'm5-1': 1.09, 'm6-1': 10.14, 'm7-1': 96.53, 'm8-1': 97.88}",1.53,95.10400000000001,96.12400000000001,inf,188.187,188.187
148,T2,BESTEFFORT,COMPLETED,m4-1,38.198,"{'m1-1': 102.9, 'm2-1': 110.24, 'm3-1': 109.23, 'm4-1': 1.11, 'm5-1': 1.0, 'm6-1': 10.8, 'm7-1': 102.33, 'm8-1': 105.45}",1.665,96.12400000000001,97.23400000000001,inf,188.198,188.198
149,T1,BESTEFFORT,COMPLETED,m5-1,38.394,"{'m1-1': 103.52, 'm2-1': 108.34, 'm3-1': 102.79, 'm4-1': 1.04, 'm5-1': 1.17, 'm6-1': 10.4, 'm7-1': 108.4, 'm8-1': 105.56}",1.755,59.608999999999995,60.778999999999996,inf,188.394,188.394
150,T2,BESTEFFORT,COMPLETED,m4-1,38.402,"{'m1-1': 99.83, 'm2-1': 104.18, 'm3-1': 105.18, 'm4-1': 0.95, 'm5-1': 1.08, 'm6-1': 10.3, 'm7-1': 105.17, 'm8-1': 103.8}",1.4249999999999998,97.23400000000001,98.18400000000001,inf,188.402,188.402
151,T3,BESTEFFORT,COMPLETED,m4-1,38.571,"{'m1-1': 107.53, 'm2-1': 104.65, 'm3-1': 108.99, 'm4-1': 0.99, 'm5-1': 1.17, 'm6-1': 10.24, 'm7-1': 92.24, 'm8-1': 106.02}",1.4849999999999999,98.18400000000001,99.174,inf,188.571,188.571
152,T1,BESTEFFORT,COMPLETED,m5-1,38.787,"{'m1-1': 100.78, 'm2-1': 103.23, 'm3-1': 93.18, 'm4-1': 1.12, 'm5-1': 1.13, 'm6-1': 10.42, 'm7-1': 101.9, 'm8-1': 102.98}",1.6949999999999998,60.778999999999996,61.909,inf,188.787,188.787
153,T2,BESTEFFORT,COMPLETED,m4-1,39.528,"{'m1-1': 110.54, 'm2-1': 111.17, 'm3-1': 109.89, 'm4-1': 1.01, 'm5-1': 1.05, 'm6-1': 9.98, 'm7-1': 103.53, 'm8-1': 93.73}",1.5150000000000001,99.174,100.18400000000001,inf,189.528,189.528
154,T3,BESTEFFORT,COMPLETED,m4-1,39.65,"{'m1-1': 109.98, 'm2-1': 109.0, 'm3-1': 103.94, 'm4-1': 1.02, 'm5-1': 1.13, 'm6-1': 10.91, 'm7-1': 105.71, 'm8-1': 108.94}",1.53,100.18400000000001,101.20400000000001,inf,189.65,189.65
155,T1,BESTEFFORT,COMPLETED,m4-1,39.771,"{'m1-1': 109.23, 'm2-1': 100.3, 'm3-1': 91.97, 'm4-1': 1.13, 'm5-1': 1.02, 'm6-1': 10.41, 'm7-1': 102.17, 'm8-1': 107.23}",1.6949999999999998,101.20400000000001,102.334,inf,189.77100000000002,189.77100000000002
156,T1,BESTEFFORT,COMPLETED,m4-1,39.782,"{'m1-1': 97.27, 'm2-1': 114.91, 'm3-1': 98.45, 'm4-1': 1.1, 'm5-1': 1.18, 'm6-1': 10.97, 'm7-1': 102.0, 'm8-1': 96.65}",1.6500000000000001,102.334,103.434,inf,189.78199999999998,189.78199999999998
157,T3,BESTEFFORT,COMPLETED,m4-1,40.066,"{'m1-1': 99.12, 'm2-1': 106.67, 'm3-1': 105.17, 'm4-1': 1.07, 'm5-1': 1.13, 'm6-1': 10.6, 'm7-1': 98.7, 'm8-1': 97.73}",1.605,103.434,104.50399999999999,inf,190.066,190.066
158,T4,BESTEFFORT,COMPLETED,m4-1,40.317,"{'m1-1': 104.04, 'm2-1': 107.48, 'm3-1': 114.31, 'm4-1': 1.1, 'm5-1': 1.12, 'm6-1': 11.32, 'm7-1': 106.15, 'm8-1': 115.28}",1.6500000000000001,104.50399999999999,105.60399999999998,inf,190.317,190.317
159,T2,BESTEFFORT,COMPLETED,m5-1,41.178,"{'m1-1': 102.92, 'm2-1': 102.03, 'm3-1': 112.59, 'm4-1': 1.01, 'm5-1': 1.06, 'm6-1': 9.52, 'm7-1': 96.52, 'm8-1': 107.8}",1.59,61.909,62.969,inf,191.178,191.178
160,T3,BESTEFFORT,COMPLETED,m4-1,41.359,"{'m1-1': 109.77, 'm2-1': 99.96, 'm3-1': 103.77, 'm4-1': 0.96, 'm5-1': 1.02, 'm6-1': 10.12, 'm7-1': 93.88, 'm8-1': 100.24}",1.44,105.60399999999998,106.56399999999998,inf,191.359,191.359
161,T1,BESTEFFORT,COMPLETED,m5-1,41.522,"{'m1-1': 101.36, 'm2-1': 105.3, 'm3-1': 101.57, 'm4-1': 1.17, 'm5-1': 1.17, 'm6-1': 10.87, 'm7-1': 116.54, 'm8-1': 110.69}",1.755,62.969,64.139,inf,191.522,191.522
162,T2,BESTEFFORT,COMPLETED,m5-1,41.755,"{'m1-1': 102.94, 'm2-1': 96.46, 'm3-1': 102.43, 'm4-1': 1.03, 'm5-1': 1.02, 'm6-1': 10.32, 'm7-1': 112.56, 'm8-1': 97.48}",1.53,64.139,65.15899999999999,inf,191.755,191.755
163,T3,BESTEFFORT,COMPLETED,m4-1,42.036,"{'m1-1': 103.96, 'm2-1': 110.04, 'm3-1': 115.96, 'm4-1': 1.11, 'm5-1': 1.15, 'm6-1': 11.24, 'm7-1': 93.1, 'm8-1': 110.14}",1.665,106.56399999999998,107.67399999999998,inf,192.036,192.036
164,T3,BESTEFFORT,COMPLETED,m4-1,42.204,"{'m1-1': 105.41, 'm2-1': 102.72, 'm3-1': 116.29, 'm4-1': 0.96, 'm5-1': 1.17, 'm6-1': 10.28, 'm7-1': 100.2, 'm8-1': 102.18}",1.44,107.67399999999998,108.63399999999997,inf,192.204,192.204
165,T3,BESTEFFORT,COMPLETED,m4-1,42.36,"{'m1-1': 101.65, 'm2-1': 96.64, 'm3-1': 114.66, 'm4-1': 0.97, 'm5-1': 1.17, 'm6-1': 10.57, 'm7-1': 106.31, 'm8-1': 109.6}",1.455,108.63399999999997,109.60399999999997,inf,192.36,192.36
166,T1,BESTEFFORT,COMPLETED,m4-1,42.791,"{'m1-1': 97.16, 'm2-1': 97.86, 'm3-1': 96.72, 'm4-1': 1.01, 'm5-1': 1.14, 'm6-1': 9.87, 'm7-1': 105.7, 'm8-1': 100.54}",1.5150000000000001,109.60399999999997,110.61399999999998,inf,192.791,192.791
167,T1,BESTEFFORT,COMPLETED,m5-1,42.987,"{'m1-1': 103.47, 'm2-1': 106.1, 'm3-1': 100.81, 'm4-1': 1.01, 'm5-1': 1.14, 'm6-1': 9.62, 'm7-1': 108.99, 'm8-1': 111.17}",1.71,65.15899999999999,66.29899999999999,inf,192.987,192.987
168,T1,BESTEFFORT,COMPLETED,m4-1,43.734,"{'m1-1': 101.37, 'm2-1': 106.75, 'm3-1': 93.68, 'm4-1': 1.14, 'm5-1': 1.17, 'm6-1': 11.23, 'm7-1': 114.66, 'm8-1': 101.56}",1.71,110.61399999999998,111.75399999999998,inf,193.734,193.734
169,T3,BESTEFFORT,COMPLETED,m4-1,43.795,"{'m1-1': 98.21, 'm2-1': 95.76, 'm3-1': 108.72, 'm4-1': 1.02, 'm5-1': 1.12, 'm6-1': 11.6, 'm7-1': 109.69, 'm8-1': 113.54}",1.53,111.75399999999998,112.77399999999997,inf,193.79500000000002,193.79500000000002
170,T2,BESTEFFORT,COMPLETED,m4-1,44.796,"{'m1-1': 112.82, 'm2-1': 106.8, 'm3-1': 105.14, 'm4-1': 1.1, 'm5-1': 0.94, 'm6-1': 10.94, 'm7-1': 102.67, 'm8-1': 95.62}",1.6500000000000001,112.77399999999997,113.87399999999997,inf,194.796,194.796
171,T4,BESTEFFORT,COMPLETED,m4-1,44.966,"{'m1-1': 101.18, 'm2-1': 98.96, 'm3-1': 110.08, 'm4-1': 1.04, 'm5-1': 1.09, 'm6-1': 11.53, 'm7-1': 103.07, 'm8-1': 109.42}",1.56,113.87399999999997,114.91399999999997,inf,194.966,194.966
172,T4,BESTEFFORT,COMPLETED,m4-1,45.175,"{'m1-1': 111.3, 'm2-1': 99.79, 'm3-1': 102.34, 'm4-1': 0.98, 'm5-1': 0.97, 'm6-1': 10.55, 'm7-1': 114.17, 'm8-1': 108.74}",1.47,114.91399999999997,115.89399999999998,inf,195.175,195.175
173,T3,BESTEFFORT,COMPLETED,m4-1,45.507,"{'m1-1': 106.76, 'm2-1': 99.31, 'm3-1': 113.62, 'm4-1': 1.07, 'm5-1': 1.07, 'm6-1': 11.63, 'm7-1': 96.18, 'm8-1': 108.45}",1.605,115.89399999999998,116.96399999999997,inf,195.507,195.507
174,T3,BESTEFFORT,COMPLETED,m4-1,45.746,"{'m1-1': 103.71, 'm2-1': 104.42, 'm3-1': 109.04, 'm4-1': 1.07, 'm5-1': 1.04, 'm6-1': 11.22, 'm7-1': 101.85, 'm8-1': 111.55}",1.605,116.96399999999997,118.03399999999996,inf,195.746,195.746
175,T2,BESTEFFORT,COMPLETED,m4-1,46.016,"{'m1-1': 110.24, 'm2-1': 110.99, 'm3-1': 96.43, 'm4-1': 1.06, 'm5-1': 1.02, 'm6-1': 9.92, 'm7-1': 113.64, 'm8-1': 105.32}",1.59,118.03399999999996,119.09399999999997,inf,196.016,196.016
176,T2,BESTEFFORT,COMPLETED,m4-1,46.321,"{'m1-1': 106.75, 'm2-1': 95.98, 'm3-1': 95.98, 'm4-1': 0.99, 'm5-1': 1.02, 'm6-1': 10.29, 'm7-1': 113.32, 'm8-1': 96.18}",1.4849999999999999,119.09399999999997,120.08399999999996,inf,196.321,196.321
177,T2,BESTEFFORT,COMPLETED,m5-1,46.44,"{'m1-1': 101.04, 'm2-1': 97.56, 'm3-1': 104.02, 'm4-1': 0.97, 'm5-1': 1.07, 'm6-1': 9.82, 'm7-1': 98.92, 'm8-1': 94.88}",1.605,66.29899999999999,67.36899999999999,inf,196.44,196.44
178,T1,BESTEFFORT,COMPLETED,m4-1,46.93,"{'m1-1': 101.36, 'm2-1': 105.25, 'm3-1': 93.66, 'm4-1': 1.13, 'm5-1': 1.06, 'm6-1': 9.89, 'm7-1': 109.4, 'm8-1': 106.15}",1.6949999999999998,120.08399999999996,121.21399999999996,inf,196.93,196.93
179,T4,BESTEFFORT,COMPLETED,m5-1,46.961,"{'m1-1': 106.66, 'm2-1': 111.41, 'm3-1': 109.09, 'm4-1': 1.12, 'm5-1': 1.0, 'm6-1': 10.87, 'm7-1': 103.04, 'm8-1': 100.15}",1.5,67.36899999999999,68.36899999999999,inf,196.961,196.961
180,T2,BESTEFFORT,COMPLETED,m5-1,47.092,"{'m1-1': 98.88, 'm2-1': 95.17, 'm3-1': 108.06, 'm4-1': 1.09, 'm5-1': 1.09, 'm6-1': 10.0, 'm7-1': 109.99, 'm8-1': 106.46}",1.6350000000000002,68.36899999999999,69.45899999999999,inf,197.09199999999998,197.09199999999998
181,T1,BESTEFFORT,COMPLETED,m4-1,47.273,"{'m1-1': 104.88, 'm2-1': 111.72, 'm3-1': 98.8, 'm4-1': 1.14, 'm5-1': 1.04, 'm6-1': 10.88, 'm7-1': 115.26, 'm8-1': 109.41}",1.71,121.21399999999996,122.35399999999996,inf,197.273,197.273
182,T4,BESTEFFORT,COMPLETED,m4-1,47.42,"{'m1-1': 96.2, 'm2-1': 99.96, 'm3-1': 114.93, 'm4-1': 1.0, 'm5-1': 1.08, 'm6-1': 11.51, 'm7-1': 107.69, 'm8-1': 110.41}",1.5,122.35399999999996,123.35399999999996,inf,197.42000000000002,197.42000000000002
183,T4,BESTEFFORT,COMPLETED,m4-1,48.002,"{'m1-1': 101.65, 'm2-1': 98.82, 'm3-1': 107.79, 'm4-1': 1.13, 'm5-1': 1.06, 'm6-1': 11.01, 'm7-1': 110.09, 'm8-1': 101.9}",1.6949999999999998,123.35399999999996,124.48399999999995,inf,198.002,198.002
184,T3,BESTEFFORT,COMPLETED,m4-1,48.095,"{'m1-1': 111.3, 'm2-1': 95.96, 'm3-1': 109.11, 'm4-1': 1.01, 'm5-1': 1.01, 'm6-1': 10.07, 'm7-1': 93.84, 'm8-1': 96.95}",1.5150000000000001,124.48399999999995,125.49399999999996,inf,198.095,198.095
185,T4,BESTEFFORT,COMPLETED,m5-1,48.342,"{'m1-1': 104.83, 'm2-1': 102.2, 'm3-1': 107.23, 'm4-1': 1.0, 'm5-1': 1.13, 'm6-1': 10.08, 'm7-1': 117.59, 'm8-1': 112.92}",1.6949999999999998,69.45899999999999,70.58899999999998,inf,198.34199999999998,198.34199999999998
186,T3,BESTEFFORT,COMPLETED,m4-1,48.905,"{'m1-1': 99.65, 'm2-1': 96.64, 'm3-1': 107.45, 'm4-1': 1.09, 'm5-1': 1.06, 'm6-1': 11.19, 'm7-1': 103.81, 'm8-1': 103.67}",1.6350000000000002,125.49399999999996,126.58399999999996,inf,198.905,198.905
187,T2,BESTEFFORT,COMPLETED,m4-1,49.083,"{'m1-1': 112.7, 'm2-1': 95.05, 'm3-1': 101.41, 'm4-1': 1.1, 'm5-1': 1.09, 'm6-1': 10.21, 'm7-1': 99.3, 'm8-1': 96.57}",1.6500000000000001,126.58399999999996,127.68399999999995,inf,199.083,199.083
188,T2,BESTEFFORT,COMPLETED,m4-1,49.424,"{'m1-1': 115.46, 'm2-1': 106.72, 'm3-1': 104.13, 'm4-1': 0.97, 'm5-1': 0.98, 'm6-1': 10.78, 'm7-1': 105.19, 'm8-1': 105.77}",1.455,127.68399999999995,128.65399999999997,inf,199.424,199.424
189,T2,BESTEFFORT,COMPLETED,m4-1,49.472,"{'m1-1': 110.22, 'm2-1': 104.77, 'm3-1': 107.76, 'm4-1': 1.0, 'm5-1': 1.09, 'm6-1': 10.73, 'm7-1': 112.99, 'm8-1': 98.62}",1.5,128.65399999999997,129.65399999999997,inf,199.472,199.472
190,T4,BESTEFFORT,COMPLETED,m4-1,49.52,"{'m1-1': 110.95, 'm2-1': 107.33, 'm3-1': 105.21, 'm4-1': 1.07, 'm5-1': 1.02, 'm6-1': 10.67, 'm7-1': 112.0, 'm8-1': 106.65}",1.605,129.65399999999997,130.72399999999996,inf,199.52,199.52
191,T3,BESTEFFORT,COMPLETED,m4-1,49.708,"{'m1-1': 99.76, 'm2-1': 101.51, 'm3-1': 105.67, 'm4-1': 1.09, 'm5-1': 1.12, 'm6-1': 11.71, 'm7-1': 103.99, 'm8-1': 111.56}",1.6350000000000002,130.72399999999996,131.81399999999996,inf,199.708,199.708
192,T1,BESTEFFORT,COMPLETED,m5-1,49.793,"{'m1-1': 95.05, 'm2-1': 109.85, 'm3-1': 93.84, 'm4-1': 1.09, 'm5-1': 1.12, 'm6-1': 9.75, 'm7-1': 102.62, 'm8-1': 102.16}",1.6800000000000002,70.58899999999998,71.70899999999999,inf,199.793,199.793
193,T2,BESTEFFORT,COMPLETED,m4-1,49.918,"{'m1-1': 109.74, 'm2-1': 104.94, 'm3-1': 100.86, 'm4-1': 1.05, 'm5-1': 1.03, 'm6-1': 10.64, 'm7-1': 104.35, 'm8-1': 105.25}",1.5750000000000002,131.81399999999996,132.86399999999998,inf,199.918,199.918
194,T2,BESTEFFORT,COMPLETED,m5-1,49.933,"{'m1-1': 110.62, 'm2-1': 96.93, 'm3-1': 102.7, 'm4-1': 0.94, 'm5-1': 1.06, 'm6-1': 10.68, 'm7-1': 108.18, 'm8-1': 95.67}",1.59,71.70899999999999,72.76899999999999,inf,199.933,199.933
195,T1,BESTEFFORT,COMPLETED,m4-1,50.149,"{'m1-1': 96.7, 'm2-1': 110.67, 'm3-1': 98.0, 'm4-1': 1.09, 'm5-1': 1.16, 'm6-1': 10.51, 'm7-1': 112.28, 'm8-1': 100.96}",1.6350000000000002,132.86399999999998,133.95399999999998,inf,200.149,200.149
196,T1,BESTEFFORT,COMPLETED,m4-1,50.18,"{'m1-1': 109.27, 'm2-1': 112.73, 'm3-1': 108.03, 'm4-1': 1.09, 'm5-1': 1.13, 'm6-1': 9.61, 'm7-1': 100.34, 'm8-1': 108.87}",1.6350000000000002,133.95399999999998,135.04399999999998,inf,200.18,200.18
197,T2,BESTEFFORT,COMPLETED,m4-1,50.506,"{'m1-1': 111.96, 'm2-1': 110.56, 'm3-1': 97.28, 'm4-1': 1.09, 'm5-1': 1.1, 'm6-1': 9.72, 'm7-1': 104.34, 'm8-1': 105.15}",1.6350000000000002,135.04399999999998,136.134,inf,200.506,200.506
198,T1,BESTEFFORT,COMPLETED,m4-1,50.702,"{'m1-1': 110.04, 'm2-1': 99.52, 'm3-1': 97.66, 'm4-1': 1.07, 'm5-1': 1.14, 'm6-1': 10.04, 'm7-1': 100.97, 'm8-1': 98.25}",1.605,136.134,137.20399999999998,inf,200.702,200.702
199,T4,BESTEFFORT,COMPLETED,m5-1,51.212,"{'m1-1': 110.32, 'm2-1': 105.78, 'm3-1': 99.87, 'm4-1': 0.96, 'm5-1': 0.99, 'm6-1': 9.81, 'm7-1': 102.45, 'm8-1': 99.44}",1.4849999999999999,72.76899999999999,73.75899999999999,inf,201.212,201.212
200,T4,BESTEFFORT,COMPLETED,m4-1,51.329,"{'m1-1': 104.87, 'm2-1': 94.01, 'm3-1': 101.68, 'm4-1': 0.96, 'm5-1': 1.08, 'm6-1': 10.34, 'm7-1': 107.87, 'm8-1': 99.07}",1.44,137.20399999999998,138.164,inf,201.329,201.329
201,T4,BESTEFFORT,COMPLETED,m4-1,51.466,"{'m1-1': 96.96, 'm2-1': 109.38, 'm3-1': 116.8, 'm4-1': 1.14, 'm5-1': 1.04, 'm6-1': 11.57, 'm7-1': 104.02, 'm8-1': 101.65}",1.71,138.164,139.30399999999997,inf,201.466,201.466
202,T1,BESTEFFORT,COMPLETED,m5-1,51.488,"{'m1-1': 100.17, 'm2-1': 103.98, 'm3-1': 97.68, 'm4-1': 1.13, 'm5-1': 1.16, 'm6-1': 10.1, 'm7-1': 99.1, 'm8-1': 109.65}",1.7399999999999998,73.75899999999999,74.91899999999998,inf,201.488,201.488
203,T2,BESTEFFORT,COMPLETED,m4-1,51.994,"{'m1-1': 111.19, 'm2-1': 95.09, 'm3-1': 109.26, 'm4-1': 1.05, 'm5-1': 1.11, 'm6-1': 10.6, 'm7-1': 111.76, 'm8-1': 94.12}",1.5750000000000002,139.30399999999997,140.35399999999998,inf,201.994,201.994
204,T4,BESTEFFORT,COMPLETED,m4-1,51.996,"{'m1-1': 95.14, 'm2-1': 106.93, 'm3-1': 100.47, 'm4-1': 1.08, 'm5-1': 0.97, 'm6-1': 11.01, 'm7-1': 108.13, 'm8-1': 102.04}",1.62,140.35399999999998,141.434,inf,201.996,201.996
205,T4,BESTEFFORT,COMPLETED,m5-1,52.161,"{'m1-1': 105.32, 'm2-1': 108.84, 'm3-1': 105.62, 'm4-1': 1.01, 'm5-1': 1.03, 'm6-1': 10.27, 'm7-1': 111.77, 'm8-1': 109.96}",1.545,74.91899999999998,75.94899999999998,inf,202.161,202.161
206,T1,BESTEFFORT,COMPLETED,m4-1,53.204,"{'m1-1': 103.74, 'm2-1': 104.11, 'm3-1': 105.06, 'm4-1': 1.08, 'm5-1': 1.01, 'm6-1': 10.47, 'm7-1': 104.66, 'm8-1': 98.4}",1.62,141.434,142.514,inf,203.204,203.204
207,T2,BESTEFFORT,COMPLETED,m5-1,53.338,"{'m1-1': 103.99, 'm2-1': 102.84, 'm3-1': 107.62, 'm4-1': 1.08, 'm5-1': 1.0, 'm6-1': 9.74, 'm7-1': 109.09, 'm8-1': 103.81}",1.5,75.94899999999998,76.94899999999998,inf,203.338,203.338
208,T2,BESTEFFORT,COMPLETED,m5-1,53.966,"{'m1-1': 99.86, 'm2-1': 96.88, 'm3-1': 111.58, 'm4-1': 1.04, 'm5-1': 0.97, 'm6-1': 9.33, 'm7-1': 108.57, 'm8-1': 96.23}",1.455,76.94899999999998,77.91899999999998,inf,203.966,203.966
209,T1,BESTEFFORT,COMPLETED,m4-1,54.015,"{'m1-1': 108.53, 'm2-1': 104.98, 'm3-1': 103.71, 'm4-1': 1.03, 'm5-1': 1.12, 'm6-1': 9.88, 'm7-1': 116.19, 'm8-1': 95.21}",1.545,142.514,143.544,inf,204.015,204.015
210,T1,BESTEFFORT,COMPLETED,m4-1,54.075,"{'m1-1': 96.01, 'm2-1': 114.01, 'm3-1': 98.36, 'm4-1': 1.1, 'm5-1': 1.14, 'm6-1': 10.59, 'm7-1': 113.92, 'm8-1': 104.85}",1.6500000000000001,143.544,144.644,inf,204.075,204.075
211,T3,BESTEFFORT,COMPLETED,m4-1,54.264,"{'m1-1': 98.75, 'm2-1': 96.47, 'm3-1': 112.34, 'm4-1': 1.05, 'm5-1': 1.02, 'm6-1': 11.51, 'm7-1': 104.23, 'm8-1': 103.21}",1.5750000000000002,144.644,145.69400000000002,inf,204.264,204.264
212,T1,BESTEFFORT,COMPLETED,m4-1,54.374,"{'m1-1': 105.5, 'm2-1': 110.0, 'm3-1': 108.87, 'm4-1': 1.1, 'm5-1': 1.17, 'm6-1': 10.3, 'm7-1': 114.3, 'm8-1': 111.3}",1.6500000000000001,145.69400000000002,146.794,inf,204.374,204.374
213,T2,BESTEFFORT,COMPLETED,m4-1,54.525,"{'m1-1': 112.58, 'm2-1': 101.16, 'm3-1': 109.62, 'm4-1': 0.98, 'm5-1': 0.96, 'm6-1': 9.59, 'm7-1': 108.55, 'm8-1': 103.17}",1.47,146.794,147.774,inf,204.525,204.525
214,T2,BESTEFFORT,COMPLETED,m4-1,54.634,"{'m1-1': 99.25, 'm2-1': 97.43, 'm3-1': 112.0, 'm4-1': 0.95, 'm5-1': 0.98, 'm6-1': 10.32, 'm7-1': 105.13, 'm8-1': 102.15}",1.4249999999999998,147.774,148.724,inf,204.63400000000001,204.63400000000001
215,T4,BESTEFFORT,COMPLETED,m4-1,55.082,"{'m1-1': 95.64, 'm2-1': 106.26, 'm3-1': 100.97, 'm4-1': 1.03, 'm5-1': 1.09, 'm6-1': 11.46, 'm7-1': 108.81, 'm8-1': 100.91}",1.545,148.724,149.754,inf,205.082,205.082
216,T1,BESTEFFORT,COMPLETED,m5-1,55.101,"{'m1-1': 109.26, 'm2-1': 106.97, 'm3-1': 105.38, 'm4-1': 1.16, 'm5-1': 1.09, 'm6-1': 10.86, 'm7-1': 99.4, 'm8-1': 93.8}",1.6350000000000002,77.91899999999998,79.00899999999999,inf,205.101,205.101
217,T3,BESTEFFORT,COMPLETED,m5-1,55.161,"{'m1-1': 104.35, 'm2-1': 109.87, 'm3-1': 106.46, 'm4-1': 0.94, 'm5-1': 1.02, 'm6-1': 11.09, 'm7-1': 101.0, 'm8-1': 111.47}",1.53,79.00899999999999,80.02899999999998,inf,205.161,205.161
218,T3,BESTEFFORT,COMPLETED,m4-1,55.377,"{'m1-1': 106.2, 'm2-1': 102.19, 'm3-1': 114.16, 'm4-1': 0.96, 'm5-1': 1.08, 'm6-1': 11.17, 'm7-1': 101.36, 'm8-1': 113.36}",1.44,149.754,150.714,inf,205.377,205.377
219,T1,BESTEFFORT,COMPLETED,m4-1,55.445,"{'m1-1': 107.69, 'm2-1': 104.84, 'm3-1': 101.52, 'm4-1': 1.1, 'm5-1': 1.18, 'm6-1': 10.05, 'm7-1': 113.19, 'm8-1': 100.43}",1.6500000000000001,150.714,151.814,inf,205.445,205.445
220,T3,BESTEFFORT,COMPLETED,m4-1,55.764,"{'m1-1': 109.25, 'm2-1': 97.17, 'm3-1': 100.23, 'm4-1': 1.06, 'm5-1': 1.13, 'm6-1': 10.0, 'm7-1': 94.96, 'm8-1': 98.77}",1.59,151.814,152.874,inf,205.764,205.764
221,T3,BESTEFFORT,COMPLETED,m4-1,56.149,"{'m1-1': 102.15, 'm2-1': 98.03, 'm3-1': 108.18, 'm4-1': 0.94, 'm5-1': 1.16, 'm6-1': 10.79, 'm7-1': 98.06, 'm8-1': 104.91}",1.41,152.874,153.814,inf,206.149,206.149
222,T1,BESTEFFORT,COMPLETED,m5-1,56.273,"{'m1-1': 95.32, 'm2-1': 102.77, 'm3-1': 95.34, 'm4-1': 1.16, 'm5-1': 1.07, 'm6-1': 9.65, 'm7-1': 103.04, 'm8-1': 108.72}",1.605,80.02899999999998,81.09899999999998,inf,206.273,206.273
223,T3,BESTEFFORT,COMPLETED,m4-1,56.96,"{'m1-1': 112.58, 'm2-1': 109.72, 'm3-1': 103.9, 'm4-1': 1.0, 'm5-1': 1.13, 'm6-1': 10.49, 'm7-1': 101.21, 'm8-1': 113.59}",1.5,153.814,154.814,inf,206.96,206.96
224,T1,BESTEFFORT,COMPLETED,m4-1,57.042,"{'m1-1': 93.08, 'm2-1': 113.72, 'm3-1': 108.97, 'm4-1': 1.11, 'm5-1': 1.14, 'm6-1': 10.39, 'm7-1': 109.1, 'm8-1': 104.09}",1.665,154.814,155.924,inf,207.042,207.042
225,T2,BESTEFFORT,COMPLETED,m5-1,57.536,"{'m1-1': 103.89, 'm2-1': 99.4, 'm3-1': 98.63, 'm4-1': 1.01, 'm5-1': 0.99, 'm6-1': 9.42, 'm7-1': 96.26, 'm8-1': 97.45}",1.4849999999999999,81.09899999999998,82.08899999999997,inf,207.536,207.536
226,T3,BESTEFFORT,COMPLETED,m4-1,57.666,"{'m1-1': 112.61, 'm2-1': 103.16, 'm3-1': 114.92, 'm4-1': 0.99, 'm5-1': 1.02, 'm6-1': 9.98, 'm7-1': 107.18, 'm8-1': 111.99}",1.4849999999999999,155.924,156.91400000000002,inf,207.666,207.666
227,T4,BESTEFFORT,COMPLETED,m4-1,57.671,"{'m1-1': 101.57, 'm2-1': 104.92, 'm3-1': 114.93, 'm4-1': 1.0, 'm5-1': 0.96, 'm6-1': 11.11, 'm7-1': 112.52, 'm8-1': 109.48}",1.5,156.91400000000002,157.91400000000002,inf,207.671,207.671
228,T3,BESTEFFORT,COMPLETED,m4-1,59.155,"{'m1-1': 102.79, 'm2-1': 98.45, 'm3-1': 107.4, 'm4-1': 0.96, 'm5-1': 1.11, 'm6-1': 9.97, 'm7-1': 108.39, 'm8-1': 110.43}",1.44,157.91400000000002,158.87400000000002,inf,209.155,209.155
229,T2,BESTEFFORT,COMPLETED,m4-1,59.502,"{'m1-1': 113.1, 'm2-1': 101.99, 'm3-1': 107.96, 'm4-1': 1.0, 'm5-1': 0.95, 'm6-1': 9.53, 'm7-1': 108.23, 'm8-1': 94.97}",1.5,158.87400000000002,159.87400000000002,inf,209.502,209.502
230,T3,BESTEFFORT,COMPLETED,m5-1,59.516,"{'m1-1': 101.65, 'm2-1': 96.35, 'm3-1': 115.37, 'm4-1': 0.98, 'm5-1': 1.12, 'm6-1': 9.99, 'm7-1': 97.69, 'm8-1': 111.95}",1.6800000000000002,82.08899999999997,83.20899999999997,inf,209.516,209.516
231,T4,BESTEFFORT,COMPLETED,m4-1,59.788,"{'m1-1': 109.53, 'm2-1': 100.81, 'm3-1': 99.47, 'm4-1': 1.06, 'm5-1': 1.13, 'm6-1': 10.66, 'm7-1': 100.64, 'm8-1': 105.22}",1.59,159.87400000000002,160.93400000000003,inf,209.788,209.788
232,T1,BESTEFFORT,COMPLETED,m4-1,60.049,"{'m1-1': 96.48, 'm2-1': 108.91, 'm3-1': 91.66, 'm4-1': 1.07, 'm5-1': 1.12, 'm6-1': 11.22, 'm7-1': 107.0, 'm8-1': 98.96}",1.605,160.93400000000003,162.00400000000002,inf,210.049,210.049
233,T2,BESTEFFORT,COMPLETED,m5-1,60.17,"{'m1-1': 110.29, 'm2-1': 101.01, 'm3-1': 105.64, 'm4-1': 0.95, 'm5-1': 1.04, 'm6-1': 10.16, 'm7-1': 96.49, 'm8-1': 101.41}",1.56,83.20899999999997,84.24899999999998,inf,210.17000000000002,210.17000000000002
234,T4,BESTEFFORT,COMPLETED,m4-1,60.71,"{'m1-1': 107.76, 'm2-1': 105.05, 'm3-1': 111.84, 'm4-1': 0.96, 'm5-1': 1.11, 'm6-1': 9.81, 'm7-1': 102.11, 'm8-1': 106.98}",1.44,162.00400000000002,162.96400000000003,inf,210.71,210.71
235,T1,BESTEFFORT,COMPLETED,m5-1,60.759,"{'m1-1': 101.5, 'm2-1': 96.73, 'm3-1': 97.41, 'm4-1': 1.08, 'm5-1': 1.02, 'm6-1': 10.02, 'm7-1': 112.98, 'm8-1': 104.31}",1.53,84.24899999999998,85.26899999999998,inf,210.75900000000001,210.75900000000001
236,T4,BESTEFFORT,COMPLETED,m4-1,60.876,"{'m1-1': 112.9, 'm2-1': 100.48, 'm3-1': 109.09, 'm4-1': 1.04, 'm5-1': 1.04, 'm6-1': 11.51, 'm7-1': 116.03, 'm8-1': 105.92}",1.56,162.96400000000003,164.00400000000002,inf,210.876,210.876
237,T1,BESTEFFORT,COMPLETED,m4-1,61.476,"{'m1-1': 100.3, 'm2-1': 103.71, 'm3-1': 96.98, 'm4-1': 1.06, 'm5-1': 1.15, 'm6-1': 10.97, 'm7-1': 103.66, 'm8-1': 96.51}",1.59,164.00400000000002,165.06400000000002,inf,211.476,211.476
238,T2,BESTEFFORT,COMPLETED,m4-1,61.906,"{'m1-1': 116.16, 'm2-1': 94.61, 'm3-1': 112.1, 'm4-1': 1.05, 'm5-1': 1.06, 'm6-1': 10.78, 'm7-1': 98.22, 'm8-1': 100.78}",1.5750000000000002,165.06400000000002,166.11400000000003,inf,211.906,211.906
239,T3,BESTEFFORT,COMPLETED,m4-1,61.916,"{'m1-1': 113.17, 'm2-1': 96.07, 'm3-1': 115.39, 'm4-1': 0.96, 'm5-1': 1.16, 'm6-1': 11.18, 'm7-1': 104.91, 'm8-1': 98.65}",1.44,166.11400000000003,167.07400000000004,inf,211.916,211.916
240,T1,BESTEFFORT,COMPLETED,m4-1,62.12,"{'m1-1': 108.67, 'm2-1': 101.94, 'm3-1': 107.97, 'm4-1': 1.06, 'm5-1': 1.07, 'm6-1': 10.02, 'm7-1': 106.26, 'm8-1': 98.28}",1.59,167.07400000000004,168.13400000000004,inf,212.12,212.12
241,T2,BESTEFFORT,COMPLETED,m4-1,62.398,"{'m1-1': 100.2, 'm2-1': 96.12, 'm3-1': 97.04, 'm4-1': 1.1, 'm5-1': 1.04, 'm6-1': 9.88, 'm7-1': 105.22, 'm8-1': 108.99}",1.6500000000000001,168.13400000000004,169.23400000000004,inf,212.398,212.398
242,T1,BESTEFFORT,COMPLETED,m4-1,63.202,"{'m1-1': 106.33, 'm2-1': 96.69, 'm3-1': 97.12, 'm4-1': 1.05, 'm5-1': 1.19, 'm6-1': 10.96, 'm7-1': 104.19, 'm8-1': 102.9}",1.5750000000000002,169.23400000000004,170.28400000000005,inf,213.202,213.202
243,T2,BESTEFFORT,COMPLETED,m5-1,64.334,"{'m1-1': 99.22, 'm2-1': 109.22, 'm3-1': 100.0, 'm4-1': 1.07, 'm5-1': 0.94, 'm6-1': 10.04, 'm7-1': 114.06, 'm8-1': 94.02}",1.41,85.26899999999998,86.20899999999997,inf,214.334,214.334
244,T1,BESTEFFORT,COMPLETED,m4-1,64.418,"{'m1-1': 94.27, 'm2-1': 109.66, 'm3-1': 103.14, 'm4-1': 1.18, 'm5-1': 1.01, 'm6-1': 9.47, 'm7-1': 113.18, 'm8-1': 106.61}",1.77,170.28400000000005,171.46400000000006,inf,214.418,214.418
245,T4,BESTEFFORT,COMPLETED,m5-1,64.435,"{'m1-1': 97.49, 'm2-1': 100.28, 'm3-1': 100.79, 'm4-1': 1.08, 'm5-1': 1.1, 'm6-1': 9.92, 'm7-1': 114.09, 'm8-1': 107.9}",1.6500000000000001,86.20899999999997,87.30899999999997,inf,214.435,214.435
246,T1,BESTEFFORT,COMPLETED,m4-1,64.784,"{'m1-1': 95.67, 'm2-1': 97.64, 'm3-1': 99.58, 'm4-1': 1.16, 'm5-1': 1.03, 'm6-1': 10.78, 'm7-1': 114.2, 'm8-1': 95.05}",1.7399999999999998,171.46400000000006,172.62400000000005,inf,214.784,214.784
247,T4,BESTEFFORT,COMPLETED,m4-1,64.793,"{'m1-1': 112.95, 'm2-1': 96.3, 'm3-1': 100.18, 'm4-1': 0.97, 'm5-1': 1.12, 'm6-1': 9.9, 'm7-1': 112.0, 'm8-1': 109.31}",1.455,172.62400000000005,173.59400000000005,inf,214.793,214.793
248,T1,BESTEFFORT,COMPLETED,m5-1,65.651,"{'m1-1': 103.94, 'm2-1': 97.34, 'm3-1': 97.6, 'm4-1': 1.09, 'm5-1': 1.1, 'm6-1': 10.5, 'm7-1': 100.71, 'm8-1': 95.63}",1.6500000000000001,87.30899999999997,88.40899999999996,inf,215.651,215.651
249,T2,BESTEFFORT,COMPLETED,m4-1,65.657,"{'m1-1': 98.83, 'm2-1': 110.64, 'm3-1': 103.9, 'm4-1': 1.09, 'm5-1': 1.07, 'm6-1': 10.83, 'm7-1': 109.69, 'm8-1': 97.66}",1.6350000000000002,173.59400000000005,174.68400000000005,inf,215.65699999999998,215.65699999999998
250,T4,BESTEFFORT,COMPLETED,m4-1,65.671,"{'m1-1': 112.51, 'm2-1': 103.5, 'm3-1': 109.16, 'm4-1': 1.13, 'm5-1': 1.1, 'm6-1': 9.9, 'm7-1': 102.63, 'm8-1': 105.24}",1.6949999999999998,174.68400000000005,175.81400000000005,inf,215.671,215.671
251,T2,BESTEFFORT,COMPLETED,m5-1,65.847,"{'m1-1': 112.44, 'm2-1': 105.46, 'm3-1': 102.54, 'm4-1': 1.03, 'm5-1': 1.03, 'm6-1': 10.51, 'm7-1': 99.75, 'm8-1': 102.57}",1.545,88.40899999999996,89.43899999999996,inf,215.84699999999998,215.84699999999998
252,T2,BESTEFFORT,COMPLETED,m4-1,66.058,"{'m1-1': 110.91, 'm2-1': 110.69, 'm3-1': 101.77, 'm4-1': 1.03, 'm5-1': 0.96, 'm6-1': 9.78, 'm7-1': 111.73, 'm8-1': 104.95}",1.545,175.81400000000005,176.84400000000005,inf,216.058,216.058
253,T4,BESTEFFORT,COMPLETED,m5-1,66.698,"{'m1-1': 99.42, 'm2-1': 105.87, 'm3-1': 104.11, 'm4-1': 1.07, 'm5-1': 0.97, 'm6-1': 11.52, 'm7-1': 115.96, 'm8-1': 107.39}",1.455,89.43899999999996,90.40899999999996,inf,216.69799999999998,216.69799999999998
254,T3,BESTEFFORT,COMPLETED,m4-1,67.594,"{'m1-1': 103.64, 'm2-1': 112.99, 'm3-1': 105.46, 'm4-1': 1.0, 'm5-1': 1.15, 'm6-1': 11.46, 'm7-1': 96.87, 'm8-1': 103.17}",1.5,176.84400000000005,177.84400000000005,inf,217.594,217.594
255,T2,BESTEFFORT,COMPLETED,m5-1,68.075,"{'m1-1': 111.86, 'm2-1': 96.44, 'm3-1': 104.34, 'm4-1': 0.97, 'm5-1': 1.07, 'm6-1': 10.63, 'm7-1': 97.7, 'm8-1': 94.81}",1.605,90.40899999999996,91.47899999999996,inf,218.075,218.075
256,T4,BESTEFFORT,COMPLETED,m5-1,68.105,"{'m1-1': 109.85, 'm2-1': 104.91, 'm3-1': 105.71, 'm4-1': 1.03, 'm5-1': 1.08, 'm6-1': 11.28, 'm7-1': 100.41, 'm8-1': 100.72}",1.62,91.47899999999996,92.55899999999995,inf,218.10500000000002,218.10500000000002
257,T3,BESTEFFORT,COMPLETED,m5-1,68.197,"{'m1-1': 103.2, 'm2-1': 99.41, 'm3-1': 103.11, 'm4-1': 1.0, 'm5-1': 1.11, 'm6-1': 10.74, 'm7-1': 94.04, 'm8-1': 110.33}",1.665,92.55899999999995,93.66899999999995,inf,218.197,218.197
258,T3,BESTEFFORT,COMPLETED,m4-1,68.269,"{'m1-1': 105.49, 'm2-1': 99.96, 'm3-1': 117.6, 'm4-1': 1.07, 'm5-1': 1.03, 'm6-1': 10.34, 'm7-1': 105.98, 'm8-1': 106.9}",1.605,177.84400000000005,178.91400000000004,inf,218.269,218.269
259,T4,BESTEFFORT,COMPLETED,m5-1,68.284,"{'m1-1': 106.28, 'm2-1': 110.37, 'm3-1': 109.81, 'm4-1': 1.07, 'm5-1': 1.13, 'm6-1': 11.26, 'm7-1': 104.01, 'm8-1': 110.35}",1.6949999999999998,93.66899999999995,94.79899999999995,inf,218.284,218.284
260,T3,BESTEFFORT,COMPLETED,m5-1,68.375,"{'m1-1': 110.95, 'm2-1': 106.2, 'm3-1': 111.65, 'm4-1': 1.12, 'm5-1': 1.07, 'm6-1': 11.52, 'm7-1': 98.57, 'm8-1': 109.79}",1.605,94.79899999999995,95.86899999999994,inf,218.375,218.375
261,T3,BESTEFFORT,COMPLETED,m4-1,68.493,"{'m1-1': 109.74, 'm2-1': 112.45, 'm3-1': 103.18, 'm4-1': 1.02, 'm5-1': 0.99, 'm6-1': 11.27, 'm7-1': 105.65, 'm8-1': 97.9}",1.53,178.91400000000004,179.93400000000005,inf,218.493,218.493
262,T1,BESTEFFORT,COMPLETED,m4-1,68.691,"{'m1-1': 101.27, 'm2-1': 102.91, 'm3-1': 98.07, 'm4-1': 1.18, 'm5-1': 1.11, 'm6-1': 10.46, 'm7-1': 102.75, 'm8-1': 97.82}",1.77,179.93400000000005,181.11400000000006,inf,218.691,218.691
263,T1,BESTEFFORT,COMPLETED,m5-1,68.714,"{'m1-1': 93.76, 'm2-1': 105.25, 'm3-1': 92.83, 'm4-1': 1.16, 'm5-1': 1.1, 'm6-1': 9.61, 'm7-1': 116.49, 'm8-1': 101.88}",1.6500000000000001,95.86899999999994,96.96899999999994,inf,218.714,218.714
264,T1,BESTEFFORT,COMPLETED,m5-1,69.228,"{'m1-1': 101.89, 'm2-1': 107.33, 'm3-1': 105.52, 'm4-1': 1.12, 'm5-1': 1.11, 'm6-1': 11.05, 'm7-1': 110.28, 'm8-1': 94.14}",1.665,96.96899999999994,98.07899999999994,inf,219.228,219.228
265,T2,BESTEFFORT,COMPLETED,m5-1,69.264,"{'m1-1': 99.25, 'm2-1': 100.55, 'm3-1': 109.26, 'm4-1': 1.1, 'm5-1': 1.04, 'm6-1': 10.6, 'm7-1': 106.76, 'm8-1': 98.33}",1.56,98.07899999999994,99.11899999999994,inf,219.264,219.264
266,T3,BESTEFFORT,COMPLETED,m4-1,69.391,"{'m1-1': 115.96, 'm2-1': 103.57, 'm3-1': 100.15, 'm4-1': 1.09, 'm5-1': 1.0, 'm6-1': 11.18, 'm7-1': 93.66, 'm8-1': 100.44}",1.6350000000000002,181.11400000000006,182.20400000000006,inf,219.39100000000002,219.39100000000002
267,T3,BESTEFFORT,COMPLETED,m4-1,69.832,"{'m1-1': 115.48, 'm2-1': 111.75, 'm3-1': 108.83, 'm4-1': 1.02, 'm5-1': 1.04, 'm6-1': 9.96, 'm7-1': 106.63, 'm8-1': 101.53}",1.53,182.20400000000006,183.22400000000007,inf,219.832,219.832
268,T2,BESTEFFORT,COMPLETED,m4-1,70.206,"{'m1-1': 115.23, 'm2-1': 99.57, 'm3-1': 103.61, 'm4-1': 0.94, 'm5-1': 1.07, 'm6-1': 9.63, 'm7-1': 103.33, 'm8-1': 97.1}",1.41,183.22400000000007,184.16400000000007,inf,220.20600000000002,220.20600000000002
269,T2,BESTEFFORT,COMPLETED,m5-1,70.46,"{'m1-1': 105.91, 'm2-1': 94.79, 'm3-1': 108.35, 'm4-1': 0.97, 'm5-1': 1.08, 'm6-1': 10.7, 'm7-1': 113.93, 'm8-1': 92.95}",1.62,99.11899999999994,100.19899999999994,inf,220.45999999999998,220.45999999999998
270,T3,BESTEFFORT,COMPLETED,m4-1,70.643,"{'m1-1': 111.39, 'm2-1': 113.03, 'm3-1': 103.89, 'm4-1': 1.03, 'm5-1': 1.03, 'm6-1': 10.92, 'm7-1': 94.32, 'm8-1': 98.4}",1.545,184.16400000000007,185.19400000000007,inf,220.643,220.643
271,T3,BESTEFFORT,COMPLETED,m4-1,70.953,"{'m1-1': 114.02, 'm2-1': 104.73, 'm3-1': 116.24, 'm4-1': 1.01, 'm5-1': 1.0, 'm6-1': 11.57, 'm7-1': 93.11, 'm8-1': 110.24}",1.5150000000000001,185.19400000000007,186.20400000000006,inf,220.953,220.953
272,T3,BESTEFFORT,COMPLETED,m4-1,71.124,"{'m1-1': 108.84, 'm2-1': 105.98, 'm3-1': 104.32, 'm4-1': 1.06, 'm5-1': 1.12, 'm6-1': 11.41, 'm7-1': 105.63, 'm8-1': 105.14}",1.59,186.20400000000006,187.26400000000007,inf,221.124,221.124
273,T1,BESTEFFORT,COMPLETED,m4-1,71.384,"{'m1-1': 102.96, 'm2-1': 103.69, 'm3-1': 97.03, 'm4-1': 1.05, 'm5-1': 1.01, 'm6-1': 10.65, 'm7-1': 110.28, 'm8-1': 97.45}",1.5750000000000002,187.26400000000007,188.31400000000008,inf,221.38400000000001,221.38400000000001
274,T2,BESTEFFORT,COMPLETED,m5-1,71.416,"{'m1-1': 101.68, 'm2-1': 106.79, 'm3-1': 95.81, 'm4-1': 0.94, 'm5-1': 0.94, 'm6-1': 10.69, 'm7-1': 97.03, 'm8-1': 108.06}",1.41,100.19899999999994,101.13899999999994,inf,221.416,221.416
275,T2,BESTEFFORT,COMPLETED,m5-1,71.618,"{'m1-1': 99.44, 'm2-1': 104.54, 'm3-1': 105.34, 'm4-1': 1.02, 'm5-1': 0.96, 'm6-1': 10.15, 'm7-1': 105.48, 'm8-1': 107.32}",1.44,101.13899999999994,102.09899999999993,inf,221.618,221.618
276,T3,BESTEFFORT,COMPLETED,m4-1,71.721,"{'m1-1': 115.71, 'm2-1': 102.58, 'm3-1': 116.43, 'm4-1': 0.97, 'm5-1': 1.17, 'm6-1': 10.72, 'm7-1': 103.57, 'm8-1': 114.33}",1.455,188.31400000000008,189.28400000000008,inf,221.721,221.721
277,T3,BESTEFFORT,COMPLETED,m5-1,71.837,"{'m1-1': 110.65, 'm2-1': 101.36, 'm3-1': 101.66, 'm4-1': 0.99, 'm5-1': 1.16, 'm6-1': 10.03, 'm7-1': 106.13, 'm8-1': 98.62}",1.7399999999999998,102.09899999999993,103.25899999999993,inf,221.837,221.837
278,T2,BESTEFFORT,COMPLETED,m4-1,71.864,"{'m1-1': 107.01, 'm2-1': 105.36, 'm3-1': 110.23, 'm4-1': 1.11, 'm5-1': 0.96, 'm6-1': 10.83, 'm7-1': 114.18, 'm8-1': 99.35}",1.665,189.28400000000008,190.3940000000001,inf,221.864,221.864
279,T3,BESTEFFORT,COMPLETED,m4-1,71.89,"{'m1-1': 101.92, 'm2-1': 110.64, 'm3-1': 111.85, 'm4-1': 0.96, 'm5-1': 1.08, 'm6-1': 11.21, 'm7-1': 104.96, 'm8-1': 98.24}",1.44,190.3940000000001,191.3540000000001,inf,221.89,221.89
280,T4,BESTEFFORT,COMPLETED,m5-1,72.123,"{'m1-1': 110.36, 'm2-1': 100.65, 'm3-1': 100.68, 'm4-1': 1.03, 'm5-1': 1.14, 'm6-1': 11.26, 'm7-1': 117.32, 'm8-1': 104.8}",1.71,103.25899999999993,104.39899999999993,inf,222.123,222.123
281,T4,BESTEFFORT,COMPLETED,m5-1,72.38,"{'m1-1': 108.88, 'm2-1': 109.58, 'm3-1': 111.02, 'm4-1': 1.04, 'm5-1': 0.99, 'm6-1': 9.96, 'm7-1': 101.38, 'm8-1': 107.58}",1.4849999999999999,104.39899999999993,105.38899999999992,inf,222.38,222.38
282,T3,BESTEFFORT,COMPLETED,m4-1,72.415,"{'m1-1': 108.37, 'm2-1': 102.24, 'm3-1': 115.82, 'm4-1': 1.09, 'm5-1': 1.05, 'm6-1': 10.66, 'm7-1': 102.14, 'm8-1': 105.31}",1.6350000000000002,191.3540000000001,192.4440000000001,inf,222.41500000000002,222.41500000000002
283,T4,BESTEFFORT,COMPLETED,m4-1,73.076,"{'m1-1': 108.18, 'm2-1': 111.3, 'm3-1': 111.1, 'm4-1': 0.96, 'm5-1': 1.14, 'm6-1': 11.3, 'm7-1': 103.56, 'm8-1': 102.4}",1.44,192.4440000000001,193.4040000000001,inf,223.076,223.076
284,T2,BESTEFFORT,COMPLETED,m4-1,73.121,"{'m1-1': 99.65, 'm2-1': 100.13, 'm3-1': 112.44, 'm4-1': 0.94, 'm5-1': 1.08, 'm6-1': 9.9, 'm7-1': 100.49, 'm8-1': 108.56}",1.41,193.4040000000001,194.3440000000001,inf,223.12099999999998,223.12099999999998
285,T4,BESTEFFORT,COMPLETED,m4-1,73.127,"{'m1-1': 95.77, 'm2-1': 104.36, 'm3-1': 112.97, 'm4-1': 1.12, 'm5-1': 1.08, 'm6-1': 10.92, 'm7-1': 116.27, 'm8-1': 110.45}",1.6800000000000002,194.3440000000001,195.4640000000001,inf,223.127,223.127
286,T3,BESTEFFORT,COMPLETED,m5-1,73.33,"{'m1-1': 102.38, 'm2-1': 110.11, 'm3-1': 105.12, 'm4-1': 1.07, 'm5-1': 1.03, 'm6-1': 9.93, 'm7-1': 108.0, 'm8-1': 102.85}",1.545,105.38899999999992,106.41899999999993,inf,223.32999999999998,223.32999999999998
287,T3,BESTEFFORT,COMPLETED,m4-1,73.471,"{'m1-1': 106.54, 'm2-1': 102.79, 'm3-1': 112.82, 'm4-1': 1.08, 'm5-1': 1.0, 'm6-1': 11.48, 'm7-1': 93.88, 'm8-1': 111.48}",1.62,195.4640000000001,196.54400000000012,inf,223.471,223.471
288,T4,BESTEFFORT,COMPLETED,m4-1,73.549,"{'m1-1': 107.46, 'm2-1': 98.82, 'm3-1': 114.44, 'm4-1': 1.1, 'm5-1': 0.99, 'm6-1': 10.25, 'm7-1': 115.07, 'm8-1': 101.21}",1.6500000000000001,196.54400000000012,197.64400000000012,inf,223.549,223.549
289,T2,BESTEFFORT,COMPLETED,m4-1,73.686,"{'m1-1': 110.68, 'm2-1': 98.84, 'm3-1': 105.01, 'm4-1': 1.11, 'm5-1': 1.06, 'm6-1': 10.0, 'm7-1': 110.2, 'm8-1': 107.07}",1.665,197.64400000000012,198.75400000000013,inf,223.686,223.686
290,T2,BESTEFFORT,COMPLETED,m4-1,73.741,"{'m1-1': 109.88, 'm2-1': 108.16, 'm3-1': 99.3, 'm4-1': 1.09, 'm5-1': 0.98, 'm6-1': 10.41, 'm7-1': 109.02, 'm8-1': 92.73}",1.6350000000000002,198.75400000000013,199.84400000000014,inf,223.74099999999999,223.74099999999999
291,T3,BESTEFFORT,COMPLETED,m4-1,74.383,"{'m1-1': 99.64, 'm2-1': 108.04, 'm3-1': 115.39, 'm4-1': 1.11, 'm5-1': 1.08, 'm6-1': 11.14, 'm7-1': 98.27, 'm8-1': 104.8}",1.665,199.84400000000014,200.95400000000015,inf,224.38299999999998,224.38299999999998
292,T3,BESTEFFORT,COMPLETED,m4-1,74.963,"{'m1-1': 105.97, 'm2-1': 109.65, 'm3-1': 114.71, 'm4-1': 1.09, 'm5-1': 1.08, 'm6-1': 11.17, 'm7-1': 101.02, 'm8-1': 100.62}",1.6350000000000002,200.95400000000015,202.04400000000015,inf,224.963,224.963
293,T3,BESTEFFORT,COMPLETED,m4-1,75.024,"{'m1-1': 102.91, 'm2-1': 95.7, 'm3-1': 114.71, 'm4-1': 0.97, 'm5-1': 1.1, 'm6-1': 10.98, 'm7-1': 99.36, 'm8-1': 105.8}",1.455,202.04400000000015,203.01400000000015,inf,225.024,225.024
294,T2,BESTEFFORT,COMPLETED,m4-1,75.281,"{'m1-1': 104.95, 'm2-1': 99.45, 'm3-1': 109.22, 'm4-1': 0.97, 'm5-1': 0.98, 'm6-1': 10.81, 'm7-1': 100.74, 'm8-1': 102.22}",1.455,203.01400000000015,203.98400000000015,inf,225.281,225.281
295,T3,BESTEFFORT,COMPLETED,m5-1,75.704,"{'m1-1': 112.57, 'm2-1': 113.37, 'm3-1': 112.38, 'm4-1': 0.99, 'm5-1': 1.07, 'm6-1': 11.63, 'm7-1': 97.59, 'm8-1': 97.88}",1.605,106.41899999999993,107.48899999999992,inf,225.704,225.704
296,T1,BESTEFFORT,COMPLETED,m5-1,76.094,"{'m1-1': 96.64, 'm2-1': 96.86, 'm3-1': 92.96, 'm4-1': 1.16, 'm5-1': 1.19, 'm6-1': 10.83, 'm7-1': 105.41, 'm8-1': 109.44}",1.785,107.48899999999992,108.67899999999992,inf,226.094,226.094
297,T2,BESTEFFORT,COMPLETED,m4-1,76.227,"{'m1-1': 107.9, 'm2-1': 101.26, 'm3-1': 107.79, 'm4-1': 1.02, 'm5-1': 1.11, 'm6-1': 10.21, 'm7-1': 96.21, 'm8-1': 95.39}",1.53,203.98400000000015,205.00400000000016,inf,226.227,226.227
298,T1,BESTEFFORT,COMPLETED,m4-1,77.077,"{'m1-1': 101.27, 'm2-1': 100.02, 'm3-1': 106.33, 'm4-1': 1.03, 'm5-1': 1.11, 'm6-1': 9.75, 'm7-1': 107.4, 'm8-1': 99.42}",1.545,205.00400000000016,206.03400000000016,inf,227.077,227.077
299,T2,BESTEFFORT,COMPLETED,m5-1,77.204,"{'m1-1': 112.92, 'm2-1': 99.71, 'm3-1': 107.79, 'm4-1': 0.94, 'm5-1': 1.08, 'm6-1': 9.29, 'm7-1': 113.64, 'm8-1': 95.6}",1.62,108.67899999999992,109.75899999999992,inf,227.204,227.204
300,T2,BESTEFFORT,COMPLETED,m5-1,77.574,"{'m1-1': 110.87, 'm2-1': 98.86, 'm3-1': 104.1, 'm4-1': 1.07, 'm5-1': 1.09, 'm6-1': 10.51, 'm7-1': 98.89, 'm8-1': 95.88}",1.6350000000000002,109.75899999999992,110.84899999999992,inf,227.574,227.574
301,T1,BESTEFFORT,COMPLETED,m4-1,78.66,"{'m1-1': 98.31, 'm2-1': 104.95, 'm3-1': 106.8, 'm4-1': 1.17, 'm5-1': 1.14, 'm6-1': 9.81, 'm7-1': 114.91, 'm8-1': 107.7}",1.755,206.03400000000016,207.20400000000015,inf,228.66,228.66
302,T4,BESTEFFORT,COMPLETED,m5-1,78.847,"{'m1-1': 99.71, 'm2-1': 107.33, 'm3-1': 109.87, 'm4-1': 1.14, 'm5-1': 0.97, 'm6-1': 11.58, 'm7-1': 108.52, 'm8-1': 99.18}",1.455,110.84899999999992,111.81899999999992,inf,228.84699999999998,228.84699999999998
303,T1,BESTEFFORT,COMPLETED,m5-1,78.859,"{'m1-1': 110.0, 'm2-1': 105.84, 'm3-1': 107.15, 'm4-1': 1.14, 'm5-1': 1.07, 'm6-1': 10.95, 'm7-1': 114.48, 'm8-1': 103.67}",1.605,111.81899999999992,112.88899999999991,inf,228.85899999999998,228.85899999999998
304,T2,BESTEFFORT,COMPLETED,m4-1,78.962,"{'m1-1': 111.13, 'm2-1': 94.73, 'm3-1': 112.76, 'm4-1': 1.08, 'm5-1': 0.97, 'm6-1': 9.74, 'm7-1': 99.95, 'm8-1': 104.86}",1.62,207.20400000000015,208.28400000000016,inf,228.962,228.962
305,T2,BESTEFFORT,COMPLETED,m4-1,79.093,"{'m1-1': 110.4, 'm2-1': 97.9, 'm3-1': 107.55, 'm4-1': 0.94, 'm5-1': 1.0, 'm6-1': 9.43, 'm7-1': 107.12, 'm8-1': 102.45}",1.41,208.28400000000016,209.22400000000016,inf,229.09300000000002,229.09300000000002
306,T4,BESTEFFORT,COMPLETED,m4-1,79.227,"{'m1-1': 101.98, 'm2-1': 108.71, 'm3-1': 115.67, 'm4-1': 1.11, 'm5-1': 1.13, 'm6-1': 10.32, 'm7-1': 100.72, 'm8-1': 111.45}",1.665,209.22400000000016,210.33400000000017,inf,229.227,229.227
307,T2,BESTEFFORT,COMPLETED,m4-1,79.619,"{'m1-1': 98.65, 'm2-1': 105.86, 'm3-1': 95.31, 'm4-1': 1.07, 'm5-1': 0.99, 'm6-1': 10.36, 'm7-1': 110.95, 'm8-1': 98.05}",1.605,210.33400000000017,211.40400000000017,inf,229.619,229.619
308,T3,BESTEFFORT,COMPLETED,m5-1,79.692,"{'m1-1': 108.44, 'm2-1': 109.7, 'm3-1': 117.16, 'm4-1': 0.95, 'm5-1': 1.13, 'm6-1': 10.03, 'm7-1': 97.47, 'm8-1': 107.7}",1.6949999999999998,112.88899999999991,114.0189999999999,inf,229.692,229.692
309,T4,BESTEFFORT,COMPLETED,m4-1,79.875,"{'m1-1': 98.58, 'm2-1': 111.06, 'm3-1': 107.88, 'm4-1': 1.08, 'm5-1': 1.09, 'm6-1': 11.11, 'm7-1': 103.88, 'm8-1': 110.73}",1.62,211.40400000000017,212.48400000000018,inf,229.875,229.875
310,T2,BESTEFFORT,COMPLETED,m4-1,79.898,"{'m1-1': 115.42, 'm2-1': 112.06, 'm3-1': 95.6, 'm4-1': 1.05, 'm5-1': 0.97, 'm6-1': 9.26, 'm7-1': 97.94, 'm8-1': 106.64}",1.5750000000000002,212.48400000000018,213.5340000000002,inf,229.898,229.898
311,T1,BESTEFFORT,COMPLETED,m4-1,79.919,"{'m1-1': 96.32, 'm2-1': 108.19, 'm3-1': 93.2, 'm4-1': 1.09, 'm5-1': 1.08, 'm6-1': 10.16, 'm7-1': 103.86, 'm8-1': 103.02}",1.6350000000000002,213.5340000000002,214.6240000000002,inf,229.91899999999998,229.91899999999998
312,T3,BESTEFFORT,COMPLETED,m5-1,79.972,"{'m1-1': 100.88, 'm2-1': 104.41, 'm3-1': 112.92, 'm4-1': 1.03, 'm5-1': 1.01, 'm6-1': 11.35, 'm7-1': 101.36, 'm8-1': 98.4}",1.5150000000000001,114.0189999999999,115.02899999999991,inf,229.97199999999998,229.97199999999998
313,T1,BESTEFFORT,COMPLETED,m4-1,79.978,"{'m1-1': 95.48, 'm2-1': 107.33, 'm3-1': 92.25, 'm4-1': 1.13, 'm5-1': 1.11, 'm6-1': 10.66, 'm7-1': 109.09, 'm8-1': 105.48}",1.6949999999999998,214.6240000000002,215.7540000000002,inf,229.978,229.978
314,T3,BESTEFFORT,COMPLETED,m4-1,79.985,"{'m1-1': 114.04, 'm2-1': 108.52, 'm3-1': 112.28, 'm4-1': 0.97, 'm5-1': 1.15, 'm6-1': 11.01, 'm7-1': 102.18, 'm8-1': 114.25}",1.455,215.7540000000002,216.7240000000002,inf,229.985,229.985
315,T1,BESTEFFORT,COMPLETED,m4-1,79.998,"{'m1-1': 101.61, 'm2-1': 106.22, 'm3-1': 96.77, 'm4-1': 1.14, 'm5-1': 1.19, 'm6-1': 9.86, 'm7-1': 114.58, 'm8-1': 103.67}",1.71,216.7240000000002,217.86400000000017,inf,229.998,229.998
316,T3,BESTEFFORT,COMPLETED,m4-1,80.11,"{'m1-1': 105.44, 'm2-1': 113.28, 'm3-1': 104.26, 'm4-1': 0.96, 'm5-1': 1.08, 'm6-1': 10.58, 'm7-1': 109.47, 'm8-1': 99.04}",1.44,217.86400000000017,218.82400000000018,inf,230.11,230.11
317,T2,BESTEFFORT,COMPLETED,m4-1,80.157,"{'m1-1': 100.46, 'm2-1': 111.82, 'm3-1': 102.92, 'm4-1': 0.95, 'm5-1': 1.02, 'm6-1': 9.77, 'm7-1': 101.33, 'm8-1': 99.97}",1.4249999999999998,218.82400000000018,219.77400000000017,inf,230.15699999999998,230.15699999999998
318,T1,BESTEFFORT,COMPLETED,m4-1,80.311,"{'m1-1': 103.19, 'm2-1': 104.09, 'm3-1': 91.98, 'm4-1': 1.08, 'm5-1': 1.11, 'm6-1': 11.09, 'm7-1': 111.65, 'm8-1': 100.34}",1.62,219.77400000000017,220.85400000000018,inf,230.311,230.311
319,T1,BESTEFFORT,COMPLETED,m4-1,80.314,"{'m1-1': 105.88, 'm2-1': 102.32, 'm3-1': 99.65, 'm4-1': 1.07, 'm5-1': 1.01, 'm6-1': 10.1, 'm7-1': 100.94, 'm8-1': 96.45}",1.605,220.85400000000018,221.92400000000018,inf,230.314,230.314
320,T4,BESTEFFORT,COMPLETED,m4-1,80.855,"{'m1-1': 112.24, 'm2-1': 94.98, 'm3-1': 113.3, 'm4-1': 1.07, 'm5-1': 1.09, 'm6-1': 11.58, 'm7-1': 107.34, 'm8-1': 109.64}",1.605,221.92400000000018,222.99400000000017,inf,230.85500000000002,230.85500000000002
321,T2,BESTEFFORT,COMPLETED,m5-1,81.24,"{'m1-1': 111.71, 'm2-1': 98.44, 'm3-1': 102.44, 'm4-1': 1.09, 'm5-1': 1.04, 'm6-1': 10.54, 'm7-1': 113.59, 'm8-1': 96.6}",1.56,115.02899999999991,116.06899999999992,inf,231.24,231.24
322,T2,BESTEFFORT,COMPLETED,m4-1,81.836,"{'m1-1': 99.37, 'm2-1': 105.76, 'm3-1': 100.92, 'm4-1': 0.96, 'm5-1': 1.04, 'm6-1': 10.18, 'm7-1': 96.27, 'm8-1': 103.67}",1.44,222.99400000000017,223.95400000000018,inf,231.836,231.836
323,T3,BESTEFFORT,COMPLETED,m4-1,82.223,"{'m1-1': 104.31, 'm2-1': 103.67, 'm3-1': 106.87, 'm4-1': 0.95, 'm5-1': 1.16, 'm6-1': 9.89, 'm7-1': 105.98, 'm8-1': 104.18}",1.4249999999999998,223.95400000000018,224.90400000000017,inf,232.223,232.223
324,T3,BESTEFFORT,COMPLETED,m5-1,82.305,"{'m1-1': 115.86, 'm2-1': 99.36, 'm3-1': 107.12, 'm4-1': 0.95, 'm5-1': 1.13, 'm6-1': 10.33, 'm7-1': 95.01, 'm8-1': 96.97}",1.6949999999999998,116.06899999999992,117.19899999999991,inf,232.305,232.305
325,T4,BESTEFFORT,COMPLETED,m4-1,82.55,"{'m1-1': 98.88, 'm2-1': 94.88, 'm3-1': 111.13, 'm4-1': 1.1, 'm5-1': 0.98, 'm6-1': 10.66, 'm7-1': 109.43, 'm8-1': 112.62}",1.6500000000000001,224.90400000000017,226.00400000000016,inf,232.55,232.55
326,T2,BESTEFFORT,COMPLETED,m4-1,82.919,"{'m1-1': 110.02, 'm2-1': 109.68, 'm3-1': 108.11, 'm4-1': 1.03, 'm5-1': 0.95, 'm6-1': 9.28, 'm7-1': 96.52, 'm8-1': 105.46}",1.545,226.00400000000016,227.03400000000016,inf,232.91899999999998,232.91899999999998
327,T3,BESTEFFORT,COMPLETED,m4-1,83.173,"{'m1-1': 112.45, 'm2-1': 101.08, 'm3-1': 113.59, 'm4-1': 1.1, 'm5-1': 1.12, 'm6-1': 11.32, 'm7-1': 103.18, 'm8-1': 104.02}",1.6500000000000001,227.03400000000016,228.13400000000016,inf,233.173,233.173
328,T4,BESTEFFORT,COMPLETED,m5-1,83.194,"{'m1-1': 101.18, 'm2-1': 96.88, 'm3-1': 112.41, 'm4-1': 0.99, 'm5-1': 1.0, 'm6-1': 11.12, 'm7-1': 117.4, 'm8-1': 106.04}",1.5,117.19899999999991,118.19899999999991,inf,233.19400000000002,233.19400000000002
329,T1,BESTEFFORT,COMPLETED,m5-1,83.799,"{'m1-1': 109.84, 'm2-1': 108.65, 'm3-1': 95.84, 'm4-1': 1.13, 'm5-1': 1.16, 'm6-1': 9.78, 'm7-1': 100.39, 'm8-1': 96.15}",1.7399999999999998,118.19899999999991,119.35899999999991,inf,233.799,233.799
330,T1,BESTEFFORT,COMPLETED,m4-1,84.174,"{'m1-1': 104.92, 'm2-1': 106.46, 'm3-1': 101.2, 'm4-1': 1.15, 'm5-1': 1.09, 'm6-1': 11.14, 'm7-1': 108.76, 'm8-1': 111.3}",1.7249999999999999,228.13400000000016,229.28400000000016,inf,234.174,234.174
331,T3,BESTEFFORT,COMPLETED,m5-1,84.469,"{'m1-1': 105.41, 'm2-1': 104.11, 'm3-1': 110.71, 'm4-1': 1.07, 'm5-1': 1.02, 'm6-1': 10.96, 'm7-1': 92.24, 'm8-1': 100.7}",1.53,119.35899999999991,120.3789999999999,inf,234.469,234.469
332,T4,BESTEFFORT,COMPLETED,m4-1,84.841,"{'m1-1': 100.72, 'm2-1': 109.46, 'm3-1': 110.7, 'm4-1': 1.12, 'm5-1': 1.04, 'm6-1': 11.24, 'm7-1': 100.41, 'm8-1': 110.17}",1.6800000000000002,229.28400000000016,230.40400000000017,inf,234.841,234.841
333,T3,BESTEFFORT,COMPLETED,m4-1,85.123,"{'m1-1': 104.35, 'm2-1': 112.35, 'm3-1': 113.93, 'm4-1': 1.07, 'm5-1': 0.99, 'm6-1': 11.05, 'm7-1': 92.46, 'm8-1': 99.61}",1.605,230.40400000000017,231.47400000000016,inf,235.123,235.123
334,T4,BESTEFFORT,COMPLETED,m4-1,85.342,"{'m1-1': 106.45, 'm2-1': 99.09, 'm3-1': 103.51, 'm4-1': 0.96, 'm5-1': 1.09, 'm6-1': 11.24, 'm7-1': 109.98, 'm8-1': 112.0}",1.44,231.47400000000016,232.43400000000017,inf,235.34199999999998,235.34199999999998
335,T1,BESTEFFORT,COMPLETED,m4-1,85.408,"{'m1-1': 105.52, 'm2-1': 111.43, 'm3-1': 104.12, 'm4-1': 1.08, 'm5-1': 1.02, 'm6-1': 10.65, 'm7-1': 105.48, 'm8-1': 95.08}",1.62,232.43400000000017,233.51400000000018,inf,235.40800000000002,235.40800000000002
336,T2,BESTEFFORT,COMPLETED,m4-1,85.475,"{'m1-1': 109.87, 'm2-1': 102.2, 'm3-1': 108.41, 'm4-1': 1.07, 'm5-1': 0.98, 'm6-1': 9.56, 'm7-1': 101.19, 'm8-1': 97.08}",1.605,233.51400000000018,234.58400000000017,inf,235.475,235.475
337,T2,BESTEFFORT,COMPLETED,m4-1,85.953,"{'m1-1': 105.31, 'm2-1': 110.67, 'm3-1': 97.28, 'm4-1': 0.96, 'm5-1': 1.04, 'm6-1': 10.61, 'm7-1': 97.55, 'm8-1': 93.3}",1.44,234.58400000000017,235.54400000000018,inf,235.953,235.953
338,T4,BESTEFFORT,MISSED,m4-1,86.025,"{'m1-1': 98.48, 'm2-1': 106.63, 'm3-1': 114.81, 'm4-1': 1.0, 'm5-1': 1.11, 'm6-1': 11.59, 'm7-1': 114.28, 'm8-1': 109.41}",0.721499999999736,235.54400000000018,inf,236.025,236.025,236.025
339,T4,BESTEFFORT,MISSED,m4-1,86.052,"{'m1-1': 112.58, 'm2-1': 94.48, 'm3-1': 113.94, 'm4-1': 1.07, 'm5-1': 1.08, 'm6-1': 11.31, 'm7-1': 104.66, 'm8-1': 102.82}",0.04050000000002285,236.025,inf,236.05200000000002,236.05200000000002,236.05200000000002
340,T4,BESTEFFORT,MISSED,m4-1,86.534,"{'m1-1': 109.83, 'm2-1': 94.98, 'm3-1': 112.78, 'm4-1': 1.08, 'm5-1': 1.13, 'm6-1': 10.87, 'm7-1': 105.21, 'm8-1': 106.36}",0.7229999999999563,236.05200000000002,inf,236.534,236.534,236.534
341,T3,BESTEFFORT,MISSED,m4-1,86.653,"{'m1-1': 116.38, 'm2-1': 98.76, 'm3-1': 104.78, 'm4-1': 1.11, 'm5-1': 1.15, 'm6-1': 10.03, 'm7-1': 101.1, 'm8-1': 98.41}",0.1785000000000423,236.534,inf,236.65300000000002,236.65300000000002,236.65300000000002
342,T2,BESTEFFORT,COMPLETED,m5-1,86.813,"{'m1-1': 103.89, 'm2-1': 97.75, 'm3-1': 95.92, 'm4-1': 1.03, 'm5-1': 1.05, 'm6-1': 9.97, 'm7-1': 102.94, 'm8-1': 103.12}",1.5750000000000002,120.3789999999999,121.4289999999999,inf,236.813,236.813
343,T4,BESTEFFORT,COMPLETED,m5-1,86.901,"{'m1-1': 96.2, 'm2-1': 104.49, 'm3-1': 106.3, 'm4-1': 1.03, 'm5-1': 1.04, 'm6-1': 11.32, 'm7-1': 100.04, 'm8-1': 106.81}",1.56,121.4289999999999,122.46899999999991,inf,236.901,236.901
344,T2,BESTEFFORT,MISSED,m4-1,86.953,"{'m1-1': 115.25, 'm2-1': 96.1, 'm3-1': 104.53, 'm4-1': 1.02, 'm5-1': 0.99, 'm6-1': 10.8, 'm7-1': 113.29, 'm8-1': 106.21}",0.4499999999999744,236.65300000000002,inf,236.953,236.953,236.953
345,T3,BESTEFFORT,MISSED,m4-1,87.237,"{'m1-1': 114.53, 'm2-1': 105.81, 'm3-1': 100.5, 'm4-1': 1.11, 'm5-1': 1.01, 'm6-1': 11.12, 'm7-1': 102.25, 'm8-1': 107.04}",0.4259999999999877,236.953,inf,237.237,237.237,237.237
346,T4,BESTEFFORT,MISSED,m4-1,87.307,"{'m1-1': 107.9, 'm2-1': 100.34, 'm3-1': 111.84, 'm4-1': 1.11, 'm5-1': 1.0, 'm6-1': 11.22, 'm7-1': 109.16, 'm8-1': 108.81}",0.1050000000000324,237.237,inf,237.30700000000002,237.30700000000002,237.30700000000002
347,T1,BESTEFFORT,MISSED,m4-1,87.453,"{'m1-1': 103.38, 'm2-1': 103.32, 'm3-1': 100.27, 'm4-1': 1.03, 'm5-1': 1.06, 'm6-1': 10.53, 'm7-1': 100.34, 'm8-1': 103.88}",0.21899999999997988,237.30700000000002,inf,237.453,237.453,237.453
348,T3,BESTEFFORT,MISSED,m4-1,87.735,"{'m1-1': 101.33, 'm2-1': 103.74, 'm3-1': 118.01, 'm4-1': 1.08, 'm5-1': 1.06, 'm6-1': 11.65, 'm7-1': 99.56, 'm8-1': 104.57}",0.42300000000001603,237.453,inf,237.735,237.735,237.735
349,T3,BESTEFFORT,MISSED,m4-1,88.062,"{'m1-1': 99.36, 'm2-1': 101.36, 'm3-1': 106.98, 'm4-1': 0.94, 'm5-1': 1.0, 'm6-1': 11.59, 'm7-1': 99.65, 'm8-1': 108.04}",0.49049999999999727,237.735,inf,238.062,238.062,238.062
350,T2,BESTEFFORT,MISSED,m4-1,88.141,"{'m1-1': 100.29, 'm2-1': 111.07, 'm3-1': 113.1, 'm4-1': 0.95, 'm5-1': 0.98, 'm6-1': 9.42, 'm7-1': 113.12, 'm8-1': 98.46}",0.1185000000000116,238.062,inf,238.14100000000002,238.14100000000002,238.14100000000002
351,T3,BESTEFFORT,MISSED,m4-1,88.653,"{'m1-1': 102.63, 'm2-1': 100.88, 'm3-1': 105.55, 'm4-1': 1.04, 'm5-1': 0.99, 'm6-1': 10.97, 'm7-1': 95.96, 'm8-1': 107.28}",0.7680000000000007,238.14100000000002,inf,238.65300000000002,238.65300000000002,238.65300000000002
352,T1,BESTEFFORT,COMPLETED,m5-1,88.771,"{'m1-1': 102.8, 'm2-1': 106.6, 'm3-1': 102.78, 'm4-1': 1.05, 'm5-1': 1.15, 'm6-1': 9.76, 'm7-1': 107.38, 'm8-1': 109.58}",1.7249999999999999,122.46899999999991,123.61899999999991,inf,238.77100000000002,238.77100000000002
353,T3,BESTEFFORT,MISSED,m4-1,88.923,"{'m1-1': 101.17, 'm2-1': 105.77, 'm3-1': 111.35, 'm4-1': 0.98, 'm5-1': 1.01, 'm6-1': 9.88, 'm7-1': 105.98, 'm8-1': 107.68}",0.4049999999999727,238.65300000000002,inf,238.923,238.923,238.923
354,T3,BESTEFFORT,MISSED,m4-1,89.095,"{'m1-1': 99.76, 'm2-1': 105.7, 'm3-1': 110.01, 'm4-1': 1.03, 'm5-1': 1.09, 'm6-1': 11.13, 'm7-1': 100.67, 'm8-1': 101.62}",0.25799999999999557,238.923,inf,239.095,239.095,239.095
355,T2,BESTEFFORT,MISSED,m4-1,89.66,"{'m1-1': 101.21, 'm2-1': 99.41, 'm3-1': 101.14, 'm4-1': 1.07, 'm5-1': 1.1, 'm6-1': 9.56, 'm7-1': 106.49, 'm8-1': 96.87}",0.8474999999999966,239.095,inf,239.66,239.66,239.66
356,T3,BESTEFFORT,MISSED,m4-1,89.973,"{'m1-1': 111.49, 'm2-1': 103.95, 'm3-1': 106.11, 'm4-1': 1.08, 'm5-1': 1.01, 'm6-1': 11.17, 'm7-1': 106.9, 'm8-1': 105.84}",0.4695000000000249,239.66,inf,239.973,239.973,239.973
357,T2,BESTEFFORT,MISSED,m4-1,90.061,"{'m1-1': 98.05, 'm2-1': 100.11, 'm3-1': 98.16, 'm4-1': 1.05, 'm5-1': 0.97, 'm6-1': 9.69, 'm7-1': 103.68, 'm8-1': 97.64}",0.1319999999999908,239.973,inf,240.061,240.061,240.061
358,T4,BESTEFFORT,MISSED,m4-1,90.466,"{'m1-1': 111.13, 'm2-1': 102.54, 'm3-1': 108.4, 'm4-1': 0.98, 'm5-1': 1.07, 'm6-1': 10.96, 'm7-1': 103.64, 'm8-1': 104.14}",0.6075000000000017,240.061,inf,240.466,240.466,240.466
359,T2,BESTEFFORT,MISSED,m4-1,90.526,"{'m1-1': 115.76, 'm2-1': 97.75, 'm3-1': 103.07, 'm4-1': 1.07, 'm5-1': 1.02, 'm6-1': 9.5, 'm7-1': 113.41, 'm8-1': 108.73}",0.09000000000000341,240.466,inf,240.526,240.526,240.526
360,T3,BESTEFFORT,COMPLETED,m5-1,90.639,"{'m1-1': 115.24, 'm2-1': 111.7, 'm3-1': 104.05, 'm4-1': 0.99, 'm5-1': 1.13, 'm6-1': 10.17, 'm7-1': 108.58, 'm8-1': 103.08}",1.6949999999999998,123.61899999999991,124.74899999999991,inf,240.639,240.639
361,T4,BESTEFFORT,COMPLETED,m5-1,90.695,"{'m1-1': 109.38, 'm2-1': 97.8, 'm3-1': 102.28, 'm4-1': 0.98, 'm5-1': 1.14, 'm6-1': 11.42, 'm7-1': 111.33, 'm8-1': 106.66}",1.71,124.74899999999991,125.88899999999991,inf,240.695,240.695
362,T4,BESTEFFORT,MISSED,m4-1,90.914,"{'m1-1': 95.4, 'm2-1': 98.39, 'm3-1': 99.27, 'm4-1': 1.05, 'm5-1': 1.04, 'm6-1': 10.82, 'm7-1': 104.11, 'm8-1': 97.06}",0.5819999999999652,240.526,inf,240.914,240.914,240.914
363,T3,BESTEFFORT,MISSED,m4-1,91.134,"{'m1-1': 105.7, 'm2-1': 98.48, 'm3-1': 114.01, 'm4-1': 0.94, 'm5-1': 1.12, 'm6-1': 10.51, 'm7-1': 109.72, 'm8-1': 113.37}",0.3300000000000409,240.914,inf,241.13400000000001,241.13400000000001,241.13400000000001
364,T1,BESTEFFORT,COMPLETED,m5-1,91.156,"{'m1-1': 106.83, 'm2-1': 111.48, 'm3-1': 95.59, 'm4-1': 1.16, 'm5-1': 1.19, 'm6-1': 9.72, 'm7-1': 105.73, 'm8-1': 104.03}",1.785,125.88899999999991,127.07899999999991,inf,241.156,241.156
365,T1,BESTEFFORT,MISSED,m4-1,91.242,"{'m1-1': 104.18, 'm2-1': 105.88, 'm3-1': 104.02, 'm4-1': 1.02, 'm5-1': 1.18, 'm6-1': 9.94, 'm7-1': 103.52, 'm8-1': 102.38}",0.16200000000000614,241.13400000000001,inf,241.24200000000002,241.24200000000002,241.24200000000002
366,T3,BESTEFFORT,COMPLETED,m5-1,91.42,"{'m1-1': 99.14, 'm2-1': 109.11, 'm3-1': 108.97, 'm4-1': 0.97, 'm5-1': 1.07, 'm6-1': 11.19, 'm7-1': 96.66, 'm8-1': 113.53}",1.605,127.07899999999991,128.14899999999992,inf,241.42000000000002,241.42000000000002
367,T3,BESTEFFORT,COMPLETED,m4-1,92.925,"{'m1-1': 106.34, 'm2-1': 106.67, 'm3-1': 113.63, 'm4-1': 1.1, 'm5-1': 1.1, 'm6-1': 11.24, 'm7-1': 103.94, 'm8-1': 104.56}",1.6500000000000001,241.24200000000002,242.342,inf,242.925,242.925
368,T3,BESTEFFORT,MISSED,m4-1,93.137,"{'m1-1': 102.22, 'm2-1': 109.49, 'm3-1': 110.74, 'm4-1': 1.0, 'm5-1': 1.0, 'm6-1': 10.72, 'm7-1': 108.86, 'm8-1': 111.73}",1.1924999999999812,242.342,inf,243.137,243.137,243.137
369,T3,BESTEFFORT,MISSED,m4-1,93.777,"{'m1-1': 99.94, 'm2-1': 104.68, 'm3-1': 112.37, 'm4-1': 0.98, 'm5-1': 1.16, 'm6-1': 11.14, 'm7-1': 105.19, 'm8-1': 99.33}",0.9599999999999795,243.137,inf,243.777,243.777,243.777
370,T3,BESTEFFORT,MISSED,m4-1,94.124,"{'m1-1': 116.33, 'm2-1': 102.06, 'm3-1': 103.28, 'm4-1': 1.11, 'm5-1': 1.04, 'm6-1': 10.97, 'm7-1': 93.15, 'm8-1': 111.71}",0.5205000000000126,243.777,inf,244.124,244.124,244.124
371,T2,BESTEFFORT,MISSED,m4-1,94.186,"{'m1-1': 110.81, 'm2-1': 102.35, 'm3-1': 110.53, 'm4-1': 0.95, 'm5-1': 0.95, 'm6-1': 10.3, 'm7-1': 96.97, 'm8-1': 93.27}",0.09300000000001774,244.124,inf,244.186,244.186,244.186
372,T1,BESTEFFORT,MISSED,m4-1,94.203,"{'m1-1': 104.92, 'm2-1': 96.95, 'm3-1': 99.42, 'm4-1': 1.09, 'm5-1': 1.16, 'm6-1': 9.97, 'm7-1': 109.92, 'm8-1': 97.37}",0.02549999999999386,244.186,inf,244.203,244.203,244.203
373,T4,BESTEFFORT,COMPLETED,m5-1,94.558,"{'m1-1': 105.9, 'm2-1': 99.45, 'm3-1': 102.23, 'm4-1': 1.11, 'm5-1': 1.01, 'm6-1': 10.98, 'm7-1': 102.52, 'm8-1': 115.12}",1.5150000000000001,128.14899999999992,129.1589999999999,inf,244.558,244.558
374,T4,BESTEFFORT,COMPLETED,m5-1,95.531,"{'m1-1': 107.65, 'm2-1': 103.83, 'm3-1': 109.43, 'm4-1': 1.04, 'm5-1': 1.01, 'm6-1': 10.49, 'm7-1': 109.74, 'm8-1': 102.16}",1.5150000000000001,129.1589999999999,130.1689999999999,inf,245.531,245.531
375,T2,BESTEFFORT,COMPLETED,m5-1,95.718,"{'m1-1': 112.97, 'm2-1': 106.1, 'm3-1': 111.02, 'm4-1': 1.08, 'm5-1': 1.05, 'm6-1': 10.49, 'm7-1': 98.98, 'm8-1': 93.28}",1.5750000000000002,130.1689999999999,131.2189999999999,inf,245.71800000000002,245.71800000000002
376,T4,BESTEFFORT,COMPLETED,m4-1,95.815,"{'m1-1': 105.1, 'm2-1': 94.16, 'm3-1': 113.77, 'm4-1': 1.08, 'm5-1': 1.0, 'm6-1': 11.41, 'm7-1': 102.16, 'm8-1': 101.4}",1.62,244.203,245.28300000000002,inf,245.815,245.815
377,T3,BESTEFFORT,MISSED,m4-1,95.83,"{'m1-1': 100.44, 'm2-1': 110.84, 'm3-1': 112.57, 'm4-1': 0.95, 'm5-1': 1.15, 'm6-1': 11.31, 'm7-1': 100.88, 'm8-1': 113.54}",0.8204999999999529,245.28300000000002,inf,245.82999999999998,245.82999999999998,245.82999999999998
378,T2,BESTEFFORT,MISSED,m4-1,96.078,"{'m1-1': 107.51, 'm2-1': 98.26, 'm3-1': 99.37, 'm4-1': 1.09, 'm5-1': 1.06, 'm6-1': 10.38, 'm7-1': 96.11, 'm8-1': 95.97}",0.3720000000000283,245.82999999999998,inf,246.078,246.078,246.078
379,T4,BESTEFFORT,MISSED,m4-1,96.157,"{'m1-1': 103.99, 'm2-1': 106.15, 'm3-1': 105.85, 'm4-1': 1.05, 'm5-1': 1.12, 'm6-1': 9.99, 'm7-1': 112.82, 'm8-1': 115.08}",0.11849999999996896,246.078,inf,246.15699999999998,246.15699999999998,246.15699999999998
380,T4,BESTEFFORT,MISSED,m4-1,96.522,"{'m1-1': 103.45, 'm2-1': 104.92, 'm3-1': 104.93, 'm4-1': 1.01, 'm5-1': 1.08, 'm6-1': 11.49, 'm7-1': 114.74, 'm8-1': 102.33}",0.5475000000000136,246.15699999999998,inf,246.522,246.522,246.522
381,T2,BESTEFFORT,MISSED,m4-1,96.59,"{'m1-1': 113.66, 'm2-1': 96.53, 'm3-1': 104.06, 'm4-1': 0.96, 'm5-1': 1.07, 'm6-1': 10.24, 'm7-1': 104.3, 'm8-1': 98.28}",0.10200000000001808,246.522,inf,246.59,246.59,246.59
382,T4,BESTEFFORT,MISSED,m4-1,96.599,"{'m1-1': 96.55, 'm2-1': 102.56, 'm3-1': 116.92, 'm4-1': 1.13, 'm5-1': 1.11, 'm6-1': 9.83, 'm7-1': 100.75, 'm8-1': 108.52}",0.013499999999979195,246.59,inf,246.599,246.599,246.599
383,T1,BESTEFFORT,COMPLETED,m5-1,97.203,"{'m1-1': 106.63, 'm2-1': 114.9, 'm3-1': 108.03, 'm4-1': 1.0, 'm5-1': 1.14, 'm6-1': 10.52, 'm7-1': 111.89, 'm8-1': 102.71}",1.71,131.2189999999999,132.3589999999999,inf,247.203,247.203
384,T4,BESTEFFORT,MISSED,m4-1,97.215,"{'m1-1': 111.64, 'm2-1': 105.49, 'm3-1': 114.38, 'm4-1': 1.11, 'm5-1': 1.0, 'm6-1': 11.57, 'm7-1': 99.4, 'm8-1': 99.51}",0.9240000000000208,246.599,inf,247.215,247.215,247.215
385,T1,BESTEFFORT,MISSED,m4-1,97.481,"{'m1-1': 96.92, 'm2-1': 112.33, 'm3-1': 106.76, 'm4-1': 1.14, 'm5-1': 1.1, 'm6-1': 10.3, 'm7-1': 100.41, 'm8-1': 102.26}",0.3989999999999867,247.215,inf,247.481,247.481,247.481
386,T4,BESTEFFORT,COMPLETED,m5-1,97.502,"{'m1-1': 106.75, 'm2-1': 101.06, 'm3-1': 110.09, 'm4-1': 1.14, 'm5-1': 1.13, 'm6-1': 10.94, 'm7-1': 116.91, 'm8-1': 101.79}",1.6949999999999998,132.3589999999999,133.4889999999999,inf,247.502,247.502
387,T4,BESTEFFORT,MISSED,m4-1,97.973,"{'m1-1': 96.04, 'm2-1': 99.74, 'm3-1': 100.36, 'm4-1': 1.02, 'm5-1': 1.08, 'm6-1': 10.63, 'm7-1': 105.58, 'm8-1': 99.23}",0.738000000000028,247.481,inf,247.973,247.973,247.973
388,T2,BESTEFFORT,MISSED,m4-1,97.976,"{'m1-1': 100.46, 'm2-1': 105.38, 'm3-1': 99.37, 'm4-1': 1.01, 'm5-1': 1.05, 'm6-1': 10.02, 'm7-1': 98.92, 'm8-1': 104.25}",0.004499999999978854,247.973,inf,247.976,247.976,247.976
389,T4,BESTEFFORT,MISSED,m4-1,98.189,"{'m1-1': 110.95, 'm2-1': 110.34, 'm3-1': 105.49, 'm4-1': 1.03, 'm5-1': 1.08, 'm6-1': 10.82, 'm7-1': 107.78, 'm8-1': 103.82}",0.3194999999999908,247.976,inf,248.189,248.189,248.189
390,T4,BESTEFFORT,COMPLETED,m5-1,98.301,"{'m1-1': 112.17, 'm2-1': 102.09, 'm3-1': 113.06, 'm4-1': 1.04, 'm5-1': 1.08, 'm6-1': 9.9, 'm7-1': 113.08, 'm8-1': 101.84}",1.62,133.4889999999999,134.5689999999999,inf,248.301,248.301
391,T3,BESTEFFORT,MISSED,m4-1,98.356,"{'m1-1': 101.96, 'm2-1': 104.82, 'm3-1': 108.15, 'm4-1': 1.01, 'm5-1': 1.14, 'm6-1': 11.31, 'm7-1': 103.02, 'm8-1': 114.25}",0.2505000000000024,248.189,inf,248.356,248.356,248.356
392,T3,BESTEFFORT,COMPLETED,m5-1,99.425,"{'m1-1': 109.54, 'm2-1': 109.98, 'm3-1': 114.74, 'm4-1': 0.98, 'm5-1': 1.04, 'm6-1': 11.37, 'm7-1': 95.54, 'm8-1': 99.79}",1.56,134.5689999999999,135.6089999999999,inf,249.425,249.425
393,T1,BESTEFFORT,COMPLETED,m4-1,99.476,"{'m1-1': 105.84, 'm2-1': 102.57, 'm3-1': 108.97, 'm4-1': 1.07, 'm5-1': 1.11, 'm6-1': 10.53, 'm7-1': 100.24, 'm8-1': 97.5}",1.605,248.356,249.426,inf,249.476,249.476
394,T3,BESTEFFORT,MISSED,m4-1,99.798,"{'m1-1': 113.7, 'm2-1': 97.52, 'm3-1': 110.02, 'm4-1': 1.04, 'm5-1': 1.14, 'm6-1': 11.42, 'm7-1': 102.84, 'm8-1': 107.11}",0.5580000000000211,249.426,inf,249.798,249.798,249.798
395,T3,BESTEFFORT,COMPLETED,m5-1,100.435,"{'m1-1': 104.29, 'm2-1': 102.74, 'm3-1': 118.53, 'm4-1': 0.95, 'm5-1': 1.1, 'm6-1': 10.04, 'm7-1': 98.62, 'm8-1': 100.04}",1.6500000000000001,135.6089999999999,136.7089999999999,inf,250.435,250.435
396,T3,BESTEFFORT,COMPLETED,m4-1,101.367,"{'m1-1': 102.38, 'm2-1': 96.9, 'm3-1': 100.84, 'm4-1': 1.08, 'm5-1': 1.16, 'm6-1': 11.6, 'm7-1': 103.01, 'm8-1': 112.22}",1.62,249.798,250.87800000000001,inf,251.36700000000002,251.36700000000002
397,T3,BESTEFFORT,MISSED,m4-1,101.519,"{'m1-1': 111.66, 'm2-1': 97.78, 'm3-1': 115.47, 'm4-1': 1.09, 'm5-1': 1.14, 'm6-1': 11.39, 'm7-1': 100.98, 'm8-1': 100.74}",0.9614999999999867,250.87800000000001,inf,251.519,251.519,251.519
398,T2,BESTEFFORT,COMPLETED,m5-1,101.808,"{'m1-1': 99.98, 'm2-1': 109.88, 'm3-1': 96.58, 'm4-1': 1.03, 'm5-1': 1.08, 'm6-1': 10.98, 'm7-1': 105.6, 'm8-1': 96.39}",1.62,136.7089999999999,137.7889999999999,inf,251.808,251.808
399,T2,BESTEFFORT,COMPLETED,m5-1,102.094,"{'m1-1': 101.23, 'm2-1': 105.66, 'm3-1': 98.95, 'm4-1': 0.99, 'm5-1': 1.05, 'm6-1': 10.06, 'm7-1': 105.58, 'm8-1': 102.48}",1.5750000000000002,137.7889999999999,138.8389999999999,inf,252.094,252.094
400,T2,BESTEFFORT,MISSED,m4-1,102.096,"{'m1-1': 99.83, 'm2-1': 108.57, 'm3-1': 113.21, 'm4-1': 1.1, 'm5-1': 0.95, 'm6-1': 9.26, 'm7-1': 96.11, 'm8-1': 92.81}",0.8654999999999973,251.519,inf,252.096,252.096,252.096
401,T4,BESTEFFORT,MISSED,m4-1,102.143,"{'m1-1': 101.05, 'm2-1': 105.72, 'm3-1': 100.86, 'm4-1': 1.12, 'm5-1': 1.05, 'm6-1': 11.14, 'm7-1': 114.51, 'm8-1': 103.23}",0.07049999999999557,252.096,inf,252.143,252.143,252.143
402,T2,BESTEFFORT,MISSED,m4-1,102.432,"{'m1-1': 99.44, 'm2-1': 110.23, 'm3-1': 106.7, 'm4-1': 1.05, 'm5-1': 0.98, 'm6-1': 9.63, 'm7-1': 99.85, 'm8-1': 92.94}",0.43350000000002353,252.143,inf,252.43200000000002,252.43200000000002,252.43200000000002
403,T1,BESTEFFORT,MISSED,m4-1,102.93,"{'m1-1': 100.93, 'm2-1': 111.73, 'm3-1': 93.18, 'm4-1': 1.01, 'm5-1': 1.04, 'm6-1': 10.88, 'm7-1': 109.9, 'm8-1': 107.41}",0.7469999999999857,252.43200000000002,inf,252.93,252.93,252.93
404,T2,BESTEFFORT,COMPLETED,m5-1,103.08,"{'m1-1': 103.25, 'm2-1': 98.55, 'm3-1': 104.24, 'm4-1': 1.07, 'm5-1': 1.11, 'm6-1': 10.8, 'm7-1': 107.48, 'm8-1': 93.4}",1.665,138.8389999999999,139.94899999999993,inf,253.07999999999998,253.07999999999998
405,T4,BESTEFFORT,COMPLETED,m5-1,103.571,"{'m1-1': 112.34, 'm2-1': 110.45, 'm3-1': 104.66, 'm4-1': 1.06, 'm5-1': 1.01, 'm6-1': 10.9, 'm7-1': 101.76, 'm8-1': 104.15}",1.5150000000000001,139.94899999999993,140.95899999999992,inf,253.571,253.571
406,T1,BESTEFFORT,COMPLETED,m5-1,104.242,"{'m1-1': 100.06, 'm2-1': 106.97, 'm3-1': 99.31, 'm4-1': 1.14, 'm5-1': 1.09, 'm6-1': 10.62, 'm7-1': 115.27, 'm8-1': 98.32}",1.6350000000000002,140.95899999999992,142.04899999999992,inf,254.24200000000002,254.24200000000002
407,T3,BESTEFFORT,COMPLETED,m4-1,104.288,"{'m1-1': 110.62, 'm2-1': 96.58, 'm3-1': 118.66, 'm4-1': 1.11, 'm5-1': 1.06, 'm6-1': 9.94, 'm7-1': 102.0, 'm8-1': 107.06}",1.665,252.93,254.04000000000002,inf,254.288,254.288
408,T2,BESTEFFORT,MISSED,m4-1,104.363,"{'m1-1': 110.54, 'm2-1': 99.81, 'm3-1': 97.16, 'm4-1': 1.04, 'm5-1': 1.0, 'm6-1': 10.3, 'm7-1': 111.09, 'm8-1': 98.67}",0.4844999999999686,254.04000000000002,inf,254.363,254.363,254.363
409,T1,BESTEFFORT,COMPLETED,m5-1,104.517,"{'m1-1': 98.7, 'm2-1': 105.85, 'm3-1': 100.15, 'm4-1': 1.18, 'm5-1': 1.08, 'm6-1': 10.43, 'm7-1': 98.49, 'm8-1': 96.56}",1.62,142.04899999999992,143.12899999999993,inf,254.517,254.517
410,T1,BESTEFFORT,MISSED,m4-1,104.998,"{'m1-1': 103.43, 'm2-1': 112.14, 'm3-1': 97.25, 'm4-1': 1.0, 'm5-1': 1.14, 'm6-1': 10.6, 'm7-1': 113.87, 'm8-1': 94.22}",0.9524999999999864,254.363,inf,254.998,254.998,254.998
411,T2,BESTEFFORT,COMPLETED,m5-1,105.123,"{'m1-1': 98.4, 'm2-1': 98.72, 'm3-1': 112.45, 'm4-1': 0.97, 'm5-1': 1.04, 'm6-1': 10.98, 'm7-1': 110.9, 'm8-1': 97.7}",1.56,143.12899999999993,144.16899999999993,inf,255.123,255.123
412,T4,BESTEFFORT,MISSED,m4-1,105.66,"{'m1-1': 107.86, 'm2-1': 103.83, 'm3-1': 105.94, 'm4-1': 1.13, 'm5-1': 1.05, 'm6-1': 10.77, 'm7-1': 105.86, 'm8-1': 109.48}",0.9930000000000092,254.998,inf,255.66,255.66,255.66
413,T2,BESTEFFORT,MISSED,m4-1,105.693,"{'m1-1': 112.87, 'm2-1': 109.25, 'm3-1': 103.16, 'm4-1': 0.94, 'm5-1': 0.99, 'm6-1': 9.73, 'm7-1': 103.54, 'm8-1': 104.29}",0.04949999999998056,255.66,inf,255.69299999999998,255.69299999999998,255.69299999999998
414,T1,BESTEFFORT,MISSED,m4-1,105.776,"{'m1-1': 109.05, 'm2-1': 111.13, 'm3-1': 103.2, 'm4-1': 1.12, 'm5-1': 1.18, 'm6-1': 11.21, 'm7-1': 111.81, 'm8-1': 103.88}",0.12450000000004025,255.69299999999998,inf,255.776,255.776,255.776
415,T2,BESTEFFORT,MISSED,m4-1,106.459,"{'m1-1': 105.86, 'm2-1': 105.75, 'm3-1': 103.2, 'm4-1': 1.06, 'm5-1': 1.05, 'm6-1': 10.37, 'm7-1': 110.13, 'm8-1': 105.67}",1.024499999999989,255.776,inf,256.459,256.459,256.459
416,T4,BESTEFFORT,MISSED,m4-1,107.042,"{'m1-1': 111.67, 'm2-1': 110.94, 'm3-1': 113.12, 'm4-1': 1.07, 'm5-1': 1.1, 'm6-1': 10.19, 'm7-1': 104.84, 'm8-1': 102.33}",0.8745000000000402,256.459,inf,257.04200000000003,257.04200000000003,257.04200000000003
417,T4,BESTEFFORT,MISSED,m4-1,107.048,"{'m1-1': 108.83, 'm2-1': 103.31, 'm3-1': 102.79, 'm4-1': 1.0, 'm5-1': 1.12, 'm6-1': 10.83, 'm7-1': 110.65, 'm8-1': 97.67}",0.008999999999957708,257.04200000000003,inf,257.048,257.048,257.048
418,T3,BESTEFFORT,MISSED,m4-1,107.426,"{'m1-1': 112.92, 'm2-1': 97.66, 'm3-1': 117.64, 'm4-1': 0.99, 'm5-1': 1.07, 'm6-1': 10.12, 'm7-1': 95.9, 'm8-1': 113.64}",0.5669999999999789,257.048,inf,257.426,257.426,257.426
419,T4,BESTEFFORT,MISSED,m4-1,107.877,"{'m1-1': 111.77, 'm2-1': 105.19, 'm3-1': 116.8, 'm4-1': 1.04, 'm5-1': 0.98, 'm6-1': 11.57, 'm7-1': 112.42, 'm8-1': 108.52}",0.6765000000000327,257.426,inf,257.877,257.877,257.877
420,T2,BESTEFFORT,COMPLETED,m5-1,107.988,"{'m1-1': 111.86, 'm2-1': 108.85, 'm3-1': 96.7, 'm4-1': 1.09, 'm5-1': 0.96, 'm6-1': 9.82, 'm7-1': 104.52, 'm8-1': 94.33}",1.44,144.16899999999993,145.12899999999993,inf,257.988,257.988
421,T1,BESTEFFORT,MISSED,m4-1,108.06,"{'m1-1': 105.47, 'm2-1': 112.23, 'm3-1': 96.15, 'm4-1': 1.07, 'm5-1': 1.01, 'm6-1': 9.88, 'm7-1': 112.28, 'm8-1': 102.2}",0.2744999999999891,257.877,inf,258.06,258.06,258.06
422,T4,BESTEFFORT,MISSED,m4-1,108.131,"{'m1-1': 95.08, 'm2-1': 100.36, 'm3-1': 106.97, 'm4-1': 1.08, 'm5-1': 1.08, 'm6-1': 10.02, 'm7-1': 117.79, 'm8-1': 107.63}",0.1064999999999543,258.06,inf,258.131,258.131,258.131
423,T1,BESTEFFORT,COMPLETED,m5-1,109.348,"{'m1-1': 106.51, 'm2-1': 105.49, 'm3-1': 94.57, 'm4-1': 1.14, 'm5-1': 1.09, 'm6-1': 10.94, 'm7-1': 110.8, 'm8-1': 108.39}",1.6350000000000002,145.12899999999993,146.21899999999994,inf,259.348,259.348
424,T2,BESTEFFORT,COMPLETED,m5-1,109.443,"{'m1-1': 108.35, 'm2-1': 104.73, 'm3-1': 101.61, 'm4-1': 0.96, 'm5-1': 0.99, 'm6-1': 10.74, 'm7-1': 97.52, 'm8-1': 101.07}",1.4849999999999999,146.21899999999994,147.20899999999995,inf,259.443,259.443
425,T1,BESTEFFORT,COMPLETED,m4-1,109.723,"{'m1-1': 92.96, 'm2-1': 101.65, 'm3-1': 104.67, 'm4-1': 1.07, 'm5-1': 1.12, 'm6-1': 9.87, 'm7-1': 101.39, 'm8-1': 107.85}",1.605,258.131,259.20099999999996,inf,259.723,259.723
426,T3,BESTEFFORT,MISSED,m4-1,110.064,"{'m1-1': 103.45, 'm2-1': 98.48, 'm3-1': 114.91, 'm4-1': 1.12, 'm5-1': 1.09, 'm6-1': 10.07, 'm7-1': 103.94, 'm8-1': 102.12}",1.2944999999999993,259.20099999999996,inf,260.06399999999996,260.06399999999996,260.06399999999996
427,T1,BESTEFFORT,COMPLETED,m5-1,110.123,"{'m1-1': 100.17, 'm2-1': 106.28, 'm3-1': 96.15, 'm4-1': 1.15, 'm5-1': 1.18, 'm6-1': 10.03, 'm7-1': 105.46, 'm8-1': 99.46}",1.77,147.20899999999995,148.38899999999995,inf,260.123,260.123
428,T4,BESTEFFORT,MISSED,m4-1,110.878,"{'m1-1': 105.41, 'm2-1': 103.73, 'm3-1': 111.72, 'm4-1': 1.02, 'm5-1': 1.09, 'm6-1': 11.31, 'm7-1': 112.63, 'm8-1': 97.66}",1.221000000000032,260.06399999999996,inf,260.878,260.878,260.878
429,T4,BESTEFFORT,COMPLETED,m5-1,110.97,"{'m1-1': 99.3, 'm2-1': 104.65, 'm3-1': 106.06, 'm4-1': 0.99, 'm5-1': 1.13, 'm6-1': 11.41, 'm7-1': 116.91, 'm8-1': 106.84}",1.6949999999999998,148.38899999999995,149.51899999999995,inf,260.97,260.97
430,T3,BESTEFFORT,COMPLETED,m5-1,111.06,"{'m1-1': 102.86, 'm2-1': 113.34, 'm3-1': 113.46, 'm4-1': 0.97, 'm5-1': 1.03, 'm6-1': 11.29, 'm7-1': 95.76, 'm8-1': 108.25}",1.545,149.51899999999995,150.54899999999995,inf,261.06,261.06
431,T4,BESTEFFORT,MISSED,m4-1,111.239,"{'m1-1': 101.79, 'm2-1': 101.02, 'm3-1': 108.6, 'm4-1': 1.04, 'm5-1': 1.06, 'm6-1': 10.12, 'm7-1': 114.74, 'm8-1': 97.05}",0.5415000000000703,260.878,inf,261.23900000000003,261.23900000000003,261.23900000000003
432,T2,BESTEFFORT,MISSED,m4-1,111.499,"{'m1-1': 107.92, 'm2-1': 97.48, 'm3-1': 110.52, 'm4-1': 1.11, 'm5-1': 1.06, 'm6-1': 10.93, 'm7-1': 113.18, 'm8-1': 93.12}",0.38999999999998636,261.23900000000003,inf,261.499,261.499,261.499
433,T2,BESTEFFORT,COMPLETED,m5-1,111.587,"{'m1-1': 113.67, 'm2-1': 95.39, 'm3-1': 110.26, 'm4-1': 0.96, 'm5-1': 0.97, 'm6-1': 9.7, 'm7-1': 103.51, 'm8-1': 106.58}",1.455,150.54899999999995,151.51899999999995,inf,261.587,261.587
434,T2,BESTEFFORT,MISSED,m4-1,111.765,"{'m1-1': 107.98, 'm2-1': 111.77, 'm3-1': 104.1, 'm4-1': 1.05, 'm5-1': 1.0, 'm6-1': 10.47, 'm7-1': 110.59, 'm8-1': 96.32}",0.39899999999994407,261.499,inf,261.765,261.765,261.765
435,T4,BESTEFFORT,COMPLETED,m5-1,112.089,"{'m1-1': 100.6, 'm2-1': 107.64, 'm3-1': 116.61, 'm4-1': 1.13, 'm5-1': 0.99, 'm6-1': 9.97, 'm7-1': 103.42, 'm8-1': 105.3}",1.4849999999999999,151.51899999999995,152.50899999999996,inf,262.089,262.089
436,T2,BESTEFFORT,COMPLETED,m4-1,113.47,"{'m1-1': 98.43, 'm2-1': 96.63, 'm3-1': 107.5, 'm4-1': 1.02, 'm5-1': 0.98, 'm6-1': 10.54, 'm7-1': 97.55, 'm8-1': 103.02}",1.53,261.765,262.78499999999997,inf,263.47,263.47
437,T2,BESTEFFORT,COMPLETED,m4-1,113.765,"{'m1-1': 109.74, 'm2-1': 101.15, 'm3-1': 103.39, 'm4-1': 0.94, 'm5-1': 1.01, 'm6-1': 10.55, 'm7-1': 100.09, 'm8-1': 102.29}",1.41,262.78499999999997,263.72499999999997,inf,263.765,263.765
438,T4,BESTEFFORT,MISSED,m4-1,113.872,"{'m1-1': 102.03, 'm2-1': 105.97, 'm3-1': 100.0, 'm4-1': 1.1, 'm5-1': 0.98, 'm6-1': 9.87, 'm7-1': 101.76, 'm8-1': 112.36}",0.2205000000000723,263.72499999999997,inf,263.872,263.872,263.872
439,T2,BESTEFFORT,MISSED,m4-1,114.315,"{'m1-1': 108.0, 'm2-1': 100.33, 'm3-1': 99.69, 'm4-1': 1.06, 'm5-1': 0.98, 'm6-1': 10.72, 'm7-1': 96.08, 'm8-1': 105.85}",0.6644999999999754,263.872,inf,264.315,264.315,264.315
440,T3,BESTEFFORT,MISSED,m4-1,114.369,"{'m1-1': 114.72, 'm2-1': 102.94, 'm3-1': 116.06, 'm4-1': 1.03, 'm5-1': 1.08, 'm6-1': 9.98, 'm7-1': 107.91, 'm8-1': 104.91}",0.0810000000000457,264.315,inf,264.369,264.369,264.369
441,T2,BESTEFFORT,MISSED,m4-1,115.026,"{'m1-1': 103.13, 'm2-1': 97.63, 'm3-1': 100.57, 'm4-1': 1.0, 'm5-1': 1.02, 'm6-1': 10.69, 'm7-1': 96.98, 'm8-1': 105.0}",0.9854999999999734,264.369,inf,265.026,265.026,265.026
442,T3,BESTEFFORT,MISSED,m4-1,115.075,"{'m1-1': 107.78, 'm2-1': 102.22, 'm3-1': 116.29, 'm4-1': 1.05, 'm5-1': 1.06, 'm6-1': 10.23, 'm7-1': 96.17, 'm8-1': 111.56}",0.07349999999996726,265.026,inf,265.075,265.075,265.075
443,T1,BESTEFFORT,MISSED,m4-1,115.772,"{'m1-1': 94.44, 'm2-1': 105.31, 'm3-1': 95.89, 'm4-1': 1.17, 'm5-1': 1.08, 'm6-1': 9.72, 'm7-1': 111.59, 'm8-1': 94.65}",1.045500000000004,265.075,inf,265.772,265.772,265.772
444,T4,BESTEFFORT,COMPLETED,m5-1,115.9,"{'m1-1': 105.46, 'm2-1': 94.48, 'm3-1': 108.34, 'm4-1': 1.08, 'm5-1': 1.08, 'm6-1': 10.1, 'm7-1': 104.59, 'm8-1': 104.85}",1.62,152.50899999999996,153.58899999999997,inf,265.9,265.9
445,T1,BESTEFFORT,MISSED,m4-1,116.002,"{'m1-1': 110.22, 'm2-1': 111.05, 'm3-1': 92.52, 'm4-1': 1.08, 'm5-1': 1.02, 'm6-1': 10.57, 'm7-1': 102.02, 'm8-1': 107.14}",0.3450000000000273,265.772,inf,266.002,266.002,266.002
446,T4,BESTEFFORT,COMPLETED,m5-1,116.055,"{'m1-1': 101.25, 'm2-1': 95.22, 'm3-1': 108.72, 'm4-1': 1.03, 'm5-1': 0.97, 'm6-1': 11.13, 'm7-1': 109.82, 'm8-1': 99.41}",1.455,153.58899999999997,154.55899999999997,inf,266.055,266.055
447,T2,BESTEFFORT,MISSED,m4-1,116.336,"{'m1-1': 112.66, 'm2-1': 105.36, 'm3-1': 102.05, 'm4-1': 1.01, 'm5-1': 1.07, 'm6-1': 10.52, 'm7-1': 106.76, 'm8-1': 98.36}",0.5010000000000048,266.002,inf,266.336,266.336,266.336
448,T1,BESTEFFORT,MISSED,m4-1,116.495,"{'m1-1': 106.59, 'm2-1': 102.32, 'm3-1': 93.98, 'm4-1': 1.06, 'm5-1': 1.19, 'm6-1': 10.32, 'm7-1': 111.27, 'm8-1': 111.25}",0.23849999999998772,266.336,inf,266.495,266.495,266.495
449,T2,BESTEFFORT,COMPLETED,m5-1,116.534,"{'m1-1': 102.67, 'm2-1': 98.8, 'm3-1': 98.95, 'm4-1': 1.03, 'm5-1': 1.12, 'm6-1': 10.6, 'm7-1': 101.63, 'm8-1': 105.0}",1.6800000000000002,154.55899999999997,155.67899999999997,inf,266.534,266.534
450,T1,BESTEFFORT,MISSED,m4-1,116.668,"{'m1-1': 98.73, 'm2-1': 107.08, 'm3-1': 103.31, 'm4-1': 1.02, 'm5-1': 1.09, 'm6-1': 10.06, 'm7-1': 113.39, 'm8-1': 98.12}",0.25950000000000273,266.495,inf,266.668,266.668,266.668
451,T4,BESTEFFORT,MISSED,m4-1,116.684,"{'m1-1': 96.08, 'm2-1': 94.61, 'm3-1': 108.98, 'm4-1': 1.11, 'm5-1': 1.07, 'm6-1': 11.32, 'm7-1': 109.24, 'm8-1': 109.89}",0.023999999999944066,266.668,inf,266.68399999999997,266.68399999999997,266.68399999999997
452,T2,BESTEFFORT,MISSED,m4-1,117.111,"{'m1-1': 102.57, 'm2-1': 111.43, 'm3-1': 104.02, 'm4-1': 1.03, 'm5-1': 1.06, 'm6-1': 10.76, 'm7-1': 111.09, 'm8-1': 98.65}",0.6405000000000314,266.68399999999997,inf,267.111,267.111,267.111
453,T3,BESTEFFORT,MISSED,m4-1,117.324,"{'m1-1': 113.86, 'm2-1': 97.26, 'm3-1': 104.83, 'm4-1': 0.98, 'm5-1': 1.01, 'm6-1': 11.05, 'm7-1': 104.64, 'm8-1': 105.7}",0.3195000000000334,267.111,inf,267.324,267.324,267.324
454,T3,BESTEFFORT,MISSED,m4-1,117.401,"{'m1-1': 104.34, 'm2-1': 105.5, 'm3-1': 102.33, 'm4-1': 1.02, 'm5-1': 1.14, 'm6-1': 10.72, 'm7-1': 95.37, 'm8-1': 105.25}",0.11549999999999727,267.324,inf,267.401,267.401,267.401
455,T1,BESTEFFORT,COMPLETED,m5-1,117.669,"{'m1-1': 107.45, 'm2-1': 102.46, 'm3-1': 100.72, 'm4-1': 1.08, 'm5-1': 1.16, 'm6-1': 10.98, 'm7-1': 109.49, 'm8-1': 106.8}",1.7399999999999998,155.67899999999997,156.83899999999997,inf,267.669,267.669
456,T2,BESTEFFORT,COMPLETED,m5-1,118.405,"{'m1-1': 103.12, 'm2-1': 111.49, 'm3-1': 111.12, 'm4-1': 0.97, 'm5-1': 1.02, 'm6-1': 10.78, 'm7-1': 109.35, 'm8-1': 101.07}",1.53,156.83899999999997,157.85899999999998,inf,268.405,268.405
457,T1,BESTEFFORT,COMPLETED,m4-1,118.72,"{'m1-1': 102.13, 'm2-1': 101.99, 'm3-1': 106.32, 'm4-1': 1.06, 'm5-1': 1.01, 'm6-1': 11.02, 'm7-1': 113.75, 'm8-1': 101.59}",1.59,267.401,268.461,inf,268.72,268.72
458,T4,BESTEFFORT,COMPLETED,m5-1,119.017,"{'m1-1': 98.58, 'm2-1': 107.86, 'm3-1': 108.98, 'm4-1': 1.12, 'm5-1': 1.07, 'm6-1': 10.17, 'm7-1': 105.58, 'm8-1': 112.03}",1.605,157.85899999999998,158.92899999999997,inf,269.017,269.017
459,T3,BESTEFFORT,COMPLETED,m5-1,119.122,"{'m1-1': 112.12, 'm2-1': 102.29, 'm3-1': 115.84, 'm4-1': 1.12, 'm5-1': 1.04, 'm6-1': 11.43, 'm7-1': 102.51, 'm8-1': 112.25}",1.56,158.92899999999997,159.96899999999997,inf,269.122,269.122
460,T1,BESTEFFORT,COMPLETED,m5-1,120.819,"{'m1-1': 98.66, 'm2-1': 109.65, 'm3-1': 100.71, 'm4-1': 1.06, 'm5-1': 1.02, 'm6-1': 10.17, 'm7-1': 111.35, 'm8-1': 111.02}",1.53,159.96899999999997,160.98899999999998,inf,270.819,270.819
461,T4,BESTEFFORT,COMPLETED,m4-1,121.076,"{'m1-1': 101.57, 'm2-1': 105.28, 'm3-1': 100.84, 'm4-1': 0.98, 'm5-1': 0.96, 'm6-1': 11.05, 'm7-1': 101.67, 'm8-1': 106.19}",1.47,268.461,269.44100000000003,inf,271.076,271.076
462,T1,BESTEFFORT,COMPLETED,m5-1,121.107,"{'m1-1': 97.15, 'm2-1': 99.49, 'm3-1': 95.31, 'm4-1': 1.04, 'm5-1': 1.15, 'm6-1': 10.98, 'm7-1': 105.98, 'm8-1': 105.31}",1.7249999999999999,160.98899999999998,162.13899999999998,inf,271.10699999999997,271.10699999999997
463,T4,BESTEFFORT,COMPLETED,m4-1,121.255,"{'m1-1': 99.38, 'm2-1': 100.29, 'm3-1': 105.63, 'm4-1': 1.14, 'm5-1': 0.96, 'm6-1': 9.78, 'm7-1': 115.17, 'm8-1': 110.66}",1.71,269.44100000000003,270.581,inf,271.255,271.255
464,T4,BESTEFFORT,COMPLETED,m5-1,121.997,"{'m1-1': 102.12, 'm2-1': 110.9, 'm3-1': 106.98, 'm4-1': 1.05, 'm5-1': 1.11, 'm6-1': 10.21, 'm7-1': 109.04, 'm8-1': 106.38}",1.665,162.13899999999998,163.249,inf,271.997,271.997
465,T3,BESTEFFORT,COMPLETED,m4-1,122.002,"{'m1-1': 110.3, 'm2-1': 107.21, 'm3-1': 109.04, 'm4-1': 1.12, 'm5-1': 1.08, 'm6-1': 10.69, 'm7-1': 97.61, 'm8-1': 108.88}",1.6800000000000002,270.581,271.701,inf,272.002,272.002
466,T3,BESTEFFORT,MISSED,m4-1,122.27,"{'m1-1': 97.98, 'm2-1': 105.38, 'm3-1': 116.09, 'm4-1': 0.98, 'm5-1': 1.01, 'm6-1': 10.47, 'm7-1': 101.91, 'm8-1': 105.1}",0.85349999999994,271.701,inf,272.27,272.27,272.27
467,T1,BESTEFFORT,COMPLETED,m4-1,123.558,"{'m1-1': 97.24, 'm2-1': 113.61, 'm3-1': 105.2, 'm4-1': 1.17, 'm5-1': 1.08, 'm6-1': 9.47, 'm7-1': 99.43, 'm8-1': 102.9}",1.755,272.27,273.44,inf,273.558,273.558
468,T4,BESTEFFORT,COMPLETED,m5-1,123.76,"{'m1-1': 98.41, 'm2-1': 104.35, 'm3-1': 107.47, 'm4-1': 1.09, 'm5-1': 1.04, 'm6-1': 10.78, 'm7-1': 111.15, 'm8-1': 110.2}",1.56,163.249,164.289,inf,273.76,273.76
469,T4,BESTEFFORT,MISSED,m4-1,124.428,"{'m1-1': 100.45, 'm2-1': 103.31, 'm3-1': 104.18, 'm4-1': 1.02, 'm5-1': 0.98, 'm6-1': 10.58, 'm7-1': 100.23, 'm8-1': 99.45}",1.4819999999999993,273.44,inf,274.428,274.428,274.428
470,T4,BESTEFFORT,MISSED,m4-1,124.661,"{'m1-1': 95.2, 'm2-1': 107.22, 'm3-1': 100.12, 'm4-1': 1.12, 'm5-1': 0.98, 'm6-1': 9.97, 'm7-1': 114.3, 'm8-1': 114.28}",0.34950000000000614,274.428,inf,274.661,274.661,274.661
471,T4,BESTEFFORT,COMPLETED,m5-1,125.658,"{'m1-1': 99.55, 'm2-1': 101.57, 'm3-1': 109.36, 'm4-1': 1.0, 'm5-1': 1.08, 'm6-1': 11.36, 'm7-1': 106.77, 'm8-1': 115.32}",1.62,164.289,165.369,inf,275.658,275.658
472,T4,BESTEFFORT,COMPLETED,m4-1,126.083,"{'m1-1': 102.25, 'm2-1': 108.42, 'm3-1': 100.18, 'm4-1': 1.14, 'm5-1': 1.1, 'm6-1': 11.13, 'm7-1': 117.3, 'm8-1': 104.7}",1.71,274.661,275.801,inf,276.08299999999997,276.08299999999997
473,T1,BESTEFFORT,MISSED,m4-1,126.736,"{'m1-1': 98.55, 'm2-1': 114.51, 'm3-1': 96.8, 'm4-1': 1.05, 'm5-1': 1.19, 'm6-1': 9.92, 'm7-1': 109.96, 'm8-1': 103.57}",1.4025000000000034,275.801,inf,276.736,276.736,276.736
474,T1,BESTEFFORT,MISSED,m4-1,127.543,"{'m1-1': 95.92, 'm2-1': 105.05, 'm3-1': 103.25, 'm4-1': 1.02, 'm5-1': 1.08, 'm6-1': 9.81, 'm7-1': 103.64, 'm8-1': 102.05}",1.2105000000000246,276.736,inf,277.543,277.543,277.543
475,T4,BESTEFFORT,MISSED,m4-1,127.573,"{'m1-1': 109.41, 'm2-1': 98.82, 'm3-1': 113.76, 'm4-1': 1.12, 'm5-1': 1.01, 'm6-1': 10.27, 'm7-1': 105.86, 'm8-1': 101.18}",0.04499999999995907,277.543,inf,277.573,277.573,277.573
476,T4,BESTEFFORT,MISSED,m4-1,128.329,"{'m1-1': 112.31, 'm2-1': 109.27, 'm3-1': 114.1, 'm4-1': 1.04, 'm5-1': 1.13, 'm6-1': 10.41, 'm7-1': 113.09, 'm8-1': 113.78}",1.134000000000043,277.573,inf,278.329,278.329,278.329
477,T4,BESTEFFORT,COMPLETED,m5-1,128.829,"{'m1-1': 108.2, 'm2-1': 97.76, 'm3-1': 114.86, 'm4-1': 0.99, 'm5-1': 1.12, 'm6-1': 11.09, 'm7-1': 110.04, 'm8-1': 108.74}",1.6800000000000002,165.369,166.489,inf,278.829,278.829
478,T1,BESTEFFORT,COMPLETED,m5-1,128.896,"{'m1-1': 98.9, 'm2-1': 96.94, 'm3-1': 95.12, 'm4-1': 1.17, 'm5-1': 1.03, 'm6-1': 10.43, 'm7-1': 99.33, 'm8-1': 102.2}",1.545,166.489,167.519,inf,278.89599999999996,278.89599999999996
479,T4,BESTEFFORT,COMPLETED,m5-1,129.376,"{'m1-1': 101.25, 'm2-1': 103.95, 'm3-1': 102.18, 'm4-1': 1.08, 'm5-1': 1.1, 'm6-1': 11.14, 'm7-1': 108.77, 'm8-1': 102.62}",1.6500000000000001,167.519,168.619,inf,279.376,279.376
480,T4,BESTEFFORT,COMPLETED,m5-1,129.69,"{'m1-1': 106.76, 'm2-1': 98.26, 'm3-1': 115.38, 'm4-1': 1.1, 'm5-1': 1.07, 'm6-1': 11.34, 'm7-1': 112.34, 'm8-1': 101.24}",1.605,168.619,169.689,inf,279.69,279.69
481,T4,BESTEFFORT,COMPLETED,m4-1,130.066,"{'m1-1': 110.26, 'm2-1': 102.0, 'm3-1': 105.67, 'm4-1': 1.05, 'm5-1': 1.02, 'm6-1': 11.62, 'm7-1': 116.49, 'm8-1': 115.29}",1.5750000000000002,278.329,279.379,inf,280.06600000000003,280.06600000000003
482,T4,BESTEFFORT,COMPLETED,m4-1,131.206,"{'m1-1': 111.1, 'm2-1': 94.64, 'm3-1': 114.59, 'm4-1': 0.99, 'm5-1': 1.02, 'm6-1': 9.87, 'm7-1': 116.03, 'm8-1': 109.62}",1.4849999999999999,279.379,280.369,inf,281.206,281.206
483,T4,BESTEFFORT,COMPLETED,m5-1,131.94,"{'m1-1': 100.11, 'm2-1': 111.3, 'm3-1': 116.74, 'm4-1': 1.01, 'm5-1': 1.04, 'm6-1': 10.4, 'm7-1': 108.62, 'm8-1': 103.29}",1.56,169.689,170.72899999999998,inf,281.94,281.94
484,T4,BESTEFFORT,COMPLETED,m5-1,131.944,"{'m1-1': 95.73, 'm2-1': 95.7, 'm3-1': 116.72, 'm4-1': 0.99, 'm5-1': 1.08, 'm6-1': 10.09, 'm7-1': 102.13, 'm8-1': 102.35}",1.62,170.72899999999998,171.809,inf,281.94399999999996,281.94399999999996
485,T1,BESTEFFORT,COMPLETED,m5-1,133.253,"{'m1-1': 95.68, 'm2-1': 102.68, 'm3-1': 100.88, 'm4-1': 1.18, 'm5-1': 1.18, 'm6-1': 9.55, 'm7-1': 99.96, 'm8-1': 104.77}",1.77,171.809,172.989,inf,283.253,283.253
486,T1,BESTEFFORT,COMPLETED,m4-1,133.624,"{'m1-1': 104.22, 'm2-1': 97.63, 'm3-1': 107.86, 'm4-1': 1.11, 'm5-1': 1.13, 'm6-1': 9.67, 'm7-1': 104.42, 'm8-1': 103.67}",1.665,280.369,281.47900000000004,inf,283.624,283.624
487,T4,BESTEFFORT,COMPLETED,m4-1,134.316,"{'m1-1': 103.75, 'm2-1': 95.31, 'm3-1': 102.9, 'm4-1': 1.04, 'm5-1': 1.09, 'm6-1': 11.49, 'm7-1': 104.0, 'm8-1': 98.31}",1.56,281.47900000000004,282.51900000000006,inf,284.31600000000003,284.31600000000003
488,T1,BESTEFFORT,COMPLETED,m4-1,134.695,"{'m1-1': 98.5, 'm2-1': 109.32, 'm3-1': 105.32, 'm4-1': 1.09, 'm5-1': 1.12, 'm6-1': 9.6, 'm7-1': 102.96, 'm8-1': 97.37}",1.6350000000000002,282.51900000000006,283.60900000000004,inf,284.695,284.695
489,T4,BESTEFFORT,COMPLETED,m5-1,135.279,"{'m1-1': 104.49, 'm2-1': 101.82, 'm3-1': 100.07, 'm4-1': 0.99, 'm5-1': 1.1, 'm6-1': 11.43, 'm7-1': 114.74, 'm8-1': 110.01}",1.6500000000000001,172.989,174.089,inf,285.279,285.279
490,T1,BESTEFFORT,COMPLETED,m5-1,136.328,"{'m1-1': 109.86, 'm2-1': 108.72, 'm3-1': 108.17, 'm4-1': 1.17, 'm5-1': 1.03, 'm6-1': 11.06, 'm7-1': 105.33, 'm8-1': 94.63}",1.545,174.089,175.119,inf,286.328,286.328
491,T4,BESTEFFORT,COMPLETED,m4-1,136.343,"{'m1-1': 98.48, 'm2-1': 110.34, 'm3-1': 112.18, 'm4-1': 1.03, 'm5-1': 1.14, 'm6-1': 10.32, 'm7-1': 116.25, 'm8-1': 108.96}",1.545,283.60900000000004,284.639,inf,286.34299999999996,286.34299999999996
492,T1,BESTEFFORT,COMPLETED,m4-1,136.47,"{'m1-1': 100.22, 'm2-1': 100.33, 'm3-1': 108.63, 'm4-1': 1.13, 'm5-1': 1.15, 'm6-1': 10.29, 'm7-1': 101.65, 'm8-1': 110.84}",1.6949999999999998,284.639,285.769,inf,286.47,286.47
493,T1,BESTEFFORT,MISSED,m4-1,136.778,"{'m1-1': 94.39, 'm2-1': 102.25, 'm3-1': 107.02, 'm4-1': 1.02, 'm5-1': 1.14, 'm6-1': 10.27, 'm7-1': 113.55, 'm8-1': 97.23}",1.5135000000000218,285.769,inf,286.778,286.778,286.778
494,T4,BESTEFFORT,MISSED,m4-1,137.117,"{'m1-1': 106.76, 'm2-1': 108.88, 'm3-1': 111.87, 'm4-1': 0.96, 'm5-1': 1.01, 'm6-1': 10.34, 'm7-1': 103.48, 'm8-1': 99.18}",0.5084999999999127,286.778,inf,287.11699999999996,287.11699999999996,287.11699999999996
495,T1,BESTEFFORT,MISSED,m4-1,137.184,"{'m1-1': 94.44, 'm2-1': 114.9, 'm3-1': 108.97, 'm4-1': 1.05, 'm5-1': 1.16, 'm6-1': 9.64, 'm7-1': 112.29, 'm8-1': 94.49}",0.10050000000001091,287.11699999999996,inf,287.18399999999997,287.18399999999997,287.18399999999997
496,T1,BESTEFFORT,MISSED,m4-1,137.514,"{'m1-1': 110.27, 'm2-1': 101.76, 'm3-1': 108.18, 'm4-1': 1.06, 'm5-1': 1.08, 'm6-1': 9.9, 'm7-1': 107.96, 'm8-1': 100.92}",0.4950000000000614,287.18399999999997,inf,287.514,287.514,287.514
497,T1,BESTEFFORT,MISSED,m4-1,138.133,"{'m1-1': 109.07, 'm2-1': 106.15, 'm3-1': 100.71, 'm4-1': 1.09, 'm5-1': 1.09, 'm6-1': 10.22, 'm7-1': 106.72, 'm8-1': 107.72}",0.9285000000000423,287.514,inf,288.13300000000004,288.13300000000004,288.13300000000004
498,T4,BESTEFFORT,MISSED,m4-1,138.524,"{'m1-1': 95.58, 'm2-1': 102.14, 'm3-1': 108.64, 'm4-1': 0.98, 'm5-1': 1.01, 'm6-1': 10.45, 'm7-1': 102.07, 'm8-1': 97.52}",0.5864999999999441,288.13300000000004,inf,288.524,288.524,288.524
499,T4,BESTEFFORT,MISSED,m4-1,138.885,"{'m1-1': 112.77, 'm2-1': 103.11, 'm3-1': 100.8, 'm4-1': 1.0, 'm5-1': 1.05, 'm6-1': 11.05, 'm7-1': 114.97, 'm8-1': 104.02}",0.541499999999985,288.524,inf,288.885,288.885,288.885
