id,type,urgency,status,assigned_machine,arrival_time,execution_time,energy_usage,start_time,completion_time,missed_time,deadline,extended_deadline
0,T2,BESTEFFORT,COMPLETED,m1-1,0.05,"{'m1-1': 1.08, 'm2-1': 113.77, 'm3-1': 104.78, 'm4-1': 10.74, 'm5-1': 10.67, 'm6-1': 10.53, 'm7-1': 107.09, 'm8-1': 107.41}",1.62,0.05,1.1300000000000001,inf,150.05,150.05
1,T1,BESTEFFORT,COMPLETED,m1-1,0.199,"{'m1-1': 1.16, 'm2-1': 111.09, 'm3-1': 102.08, 'm4-1': 10.73, 'm5-1': 9.6, 'm6-1': 10.27, 'm7-1': 105.19, 'm8-1': 106.34}",1.7399999999999998,1.1300000000000001,2.29,inf,150.199,150.199
2,T4,BESTEFFORT,COMPLETED,m1-1,0.205,"{'m1-1': 1.16, 'm2-1': 118.07, 'm3-1': 105.91, 'm4-1': 11.16, 'm5-1': 11.33, 'm6-1': 10.87, 'm7-1': 100.8, 'm8-1': 103.19}",1.7399999999999998,2.29,3.45,inf,150.205,150.205
3,T1,BESTEFFORT,COMPLETED,m1-1,0.218,"{'m1-1': 1.17, 'm2-1': 115.52, 'm3-1': 114.58, 'm4-1': 11.17, 'm5-1': 11.1, 'm6-1': 10.82, 'm7-1': 104.62, 'm8-1': 99.18}",1.755,3.45,4.62,inf,150.218,150.218
4,T3,BESTEFFORT,COMPLETED,m6-1,0.289,"{'m1-1': 1.08, 'm2-1': 109.28, 'm3-1': 106.22, 'm4-1': 11.4, 'm5-1': 10.58, 'm6-1': 10.78, 'm7-1': 112.26, 'm8-1': 108.03}",16.169999999999998,0.289,11.068999999999999,inf,150.289,150.289
5,T3,BESTEFFORT,COMPLETED,m5-1,0.336,"{'m1-1': 1.0, 'm2-1': 97.37, 'm3-1': 108.62, 'm4-1': 11.39, 'm5-1': 11.59, 'm6-1': 10.16, 'm7-1': 110.2, 'm8-1': 110.1}",17.384999999999998,0.336,11.926,inf,150.336,150.336
6,T2,BESTEFFORT,COMPLETED,m4-1,0.391,"{'m1-1': 0.95, 'm2-1': 107.07, 'm3-1': 99.75, 'm4-1': 10.65, 'm5-1': 11.16, 'm6-1': 10.39, 'm7-1': 100.99, 'm8-1': 100.83}",15.975000000000001,0.391,11.041,inf,150.391,150.391
7,T4,BESTEFFORT,COMPLETED,m6-1,0.694,"{'m1-1': 1.06, 'm2-1': 111.65, 'm3-1': 104.13, 'm4-1': 10.03, 'm5-1': 11.16, 'm6-1': 9.96, 'm7-1': 102.48, 'm8-1': 102.39}",14.940000000000001,11.068999999999999,21.029,inf,150.694,150.694
8,T1,BESTEFFORT,COMPLETED,m4-1,0.841,"{'m1-1': 1.17, 'm2-1': 106.66, 'm3-1': 116.86, 'm4-1': 9.9, 'm5-1': 9.73, 'm6-1': 11.23, 'm7-1': 105.15, 'm8-1': 106.93}",14.850000000000001,11.041,20.941000000000003,inf,150.841,150.841
9,T3,BESTEFFORT,COMPLETED,m1-1,1.466,"{'m1-1': 0.94, 'm2-1': 93.42, 'm3-1': 116.07, 'm4-1': 10.84, 'm5-1': 11.33, 'm6-1': 9.8, 'm7-1': 100.56, 'm8-1': 105.34}",1.41,4.62,5.5600000000000005,inf,151.466,151.466
10,T3,BESTEFFORT,COMPLETED,m5-1,1.51,"{'m1-1': 0.97, 'm2-1': 102.09, 'm3-1': 100.37, 'm4-1': 11.18, 'm5-1': 10.19, 'm6-1': 10.71, 'm7-1': 109.83, 'm8-1': 105.18}",15.285,11.926,22.116,inf,151.51,151.51
11,T3,BESTEFFORT,COMPLETED,m6-1,1.634,"{'m1-1': 1.12, 'm2-1': 100.51, 'm3-1': 116.13, 'm4-1': 10.39, 'm5-1': 10.49, 'm6-1': 10.37, 'm7-1': 112.14, 'm8-1': 103.21}",15.555,21.029,31.399,inf,151.634,151.634
12,T2,BESTEFFORT,COMPLETED,m4-1,1.668,"{'m1-1': 0.98, 'm2-1': 103.54, 'm3-1': 94.23, 'm4-1': 10.05, 'm5-1': 11.83, 'm6-1': 10.54, 'm7-1': 113.68, 'm8-1': 99.14}",15.075000000000001,20.941000000000003,30.991000000000003,inf,151.668,151.668
13,T2,BESTEFFORT,COMPLETED,m5-1,1.689,"{'m1-1': 1.06, 'm2-1': 96.2, 'm3-1': 101.42, 'm4-1': 10.04, 'm5-1': 11.38, 'm6-1': 10.64, 'm7-1': 112.74, 'm8-1': 96.17}",17.07,22.116,33.496,inf,151.689,151.689
14,T2,BESTEFFORT,COMPLETED,m4-1,1.92,"{'m1-1': 1.01, 'm2-1': 102.91, 'm3-1': 94.47, 'm4-1': 11.33, 'm5-1': 10.41, 'm6-1': 9.92, 'm7-1': 113.88, 'm8-1': 102.03}",16.995,30.991000000000003,42.321000000000005,inf,151.92,151.92
15,T2,BESTEFFORT,COMPLETED,m6-1,1.972,"{'m1-1': 1.08, 'm2-1': 108.97, 'm3-1': 108.42, 'm4-1': 10.12, 'm5-1': 10.54, 'm6-1': 10.12, 'm7-1': 114.24, 'm8-1': 104.94}",15.18,31.399,41.519,inf,151.972,151.972
16,T1,BESTEFFORT,COMPLETED,m5-1,2.131,"{'m1-1': 1.07, 'm2-1': 102.21, 'm3-1': 111.39, 'm4-1': 10.18, 'm5-1': 10.81, 'm6-1': 9.93, 'm7-1': 107.23, 'm8-1': 95.11}",16.215,33.496,44.306000000000004,inf,152.131,152.131
17,T2,BESTEFFORT,COMPLETED,m1-1,2.332,"{'m1-1': 1.08, 'm2-1': 99.17, 'm3-1': 101.91, 'm4-1': 10.18, 'm5-1': 10.06, 'm6-1': 11.49, 'm7-1': 111.69, 'm8-1': 98.32}",1.62,5.5600000000000005,6.640000000000001,inf,152.332,152.332
18,T4,BESTEFFORT,COMPLETED,m3-1,2.477,"{'m1-1': 1.05, 'm2-1': 112.19, 'm3-1': 100.08, 'm4-1': 9.57, 'm5-1': 10.0, 'm6-1': 10.48, 'm7-1': 100.95, 'm8-1': 98.96}",150.12,2.477,102.557,inf,152.477,152.477
19,T3,BESTEFFORT,COMPLETED,m8-1,2.56,"{'m1-1': 0.96, 'm2-1': 101.25, 'm3-1': 115.24, 'm4-1': 11.6, 'm5-1': 10.22, 'm6-1': 10.88, 'm7-1': 105.49, 'm8-1': 100.98}",151.47,2.56,103.54,inf,152.56,152.56
20,T1,BESTEFFORT,COMPLETED,m7-1,2.676,"{'m1-1': 1.02, 'm2-1': 108.11, 'm3-1': 115.27, 'm4-1': 10.25, 'm5-1': 10.79, 'm6-1': 9.99, 'm7-1': 106.24, 'm8-1': 99.83}",159.35999999999999,2.676,108.916,inf,152.676,152.676
21,T4,BESTEFFORT,COMPLETED,m2-1,2.699,"{'m1-1': 1.14, 'm2-1': 108.26, 'm3-1': 107.29, 'm4-1': 10.9, 'm5-1': 11.19, 'm6-1': 10.84, 'm7-1': 111.58, 'm8-1': 105.1}",162.39000000000001,2.699,110.959,inf,152.699,152.699
22,T3,BESTEFFORT,MISSED,m8-1,2.772,"{'m1-1': 1.0, 'm2-1': 109.37, 'm3-1': 106.61, 'm4-1': 11.06, 'm5-1': 10.54, 'm6-1': 9.83, 'm7-1': 104.09, 'm8-1': 94.41}",73.84799999999998,103.54,inf,152.772,152.772,152.772
23,T1,BESTEFFORT,MISSED,m7-1,3.341,"{'m1-1': 1.04, 'm2-1': 101.19, 'm3-1': 107.54, 'm4-1': 10.37, 'm5-1': 11.08, 'm6-1': 11.23, 'm7-1': 106.67, 'm8-1': 100.72}",66.63750000000002,108.916,inf,153.341,153.341,153.341
24,T1,BESTEFFORT,MISSED,m3-1,3.354,"{'m1-1': 1.14, 'm2-1': 108.59, 'm3-1': 105.29, 'm4-1': 10.15, 'm5-1': 10.45, 'm6-1': 10.61, 'm7-1': 107.39, 'm8-1': 103.76}",76.19550000000001,102.557,inf,153.354,153.354,153.354
25,T2,BESTEFFORT,MISSED,m2-1,3.422,"{'m1-1': 0.97, 'm2-1': 102.08, 'm3-1': 94.23, 'm4-1': 11.52, 'm5-1': 10.28, 'm6-1': 10.77, 'm7-1': 100.46, 'm8-1': 107.5}",63.69449999999999,110.959,inf,153.422,153.422,153.422
26,T2,BESTEFFORT,COMPLETED,m1-1,3.791,"{'m1-1': 0.94, 'm2-1': 96.26, 'm3-1': 98.17, 'm4-1': 11.6, 'm5-1': 11.47, 'm6-1': 10.44, 'm7-1': 112.52, 'm8-1': 99.58}",1.41,6.640000000000001,7.58,inf,153.791,153.791
27,T3,BESTEFFORT,MISSED,m2-1,3.876,"{'m1-1': 1.07, 'm2-1': 108.04, 'm3-1': 103.08, 'm4-1': 11.3, 'm5-1': 11.14, 'm6-1': 10.7, 'm7-1': 110.62, 'm8-1': 108.71}",0.6810000000000116,153.422,inf,153.876,153.876,153.876
28,T1,BESTEFFORT,MISSED,m7-1,4.022,"{'m1-1': 1.01, 'm2-1': 111.86, 'm3-1': 100.96, 'm4-1': 10.27, 'm5-1': 10.94, 'm6-1': 11.18, 'm7-1': 103.14, 'm8-1': 109.63}",1.0214999999999748,153.341,inf,154.022,154.022,154.022
29,T2,BESTEFFORT,COMPLETED,m1-1,4.667,"{'m1-1': 1.08, 'm2-1': 105.49, 'm3-1': 103.72, 'm4-1': 10.07, 'm5-1': 10.32, 'm6-1': 10.86, 'm7-1': 114.67, 'm8-1': 103.02}",1.62,7.58,8.66,inf,154.667,154.667
30,T2,BESTEFFORT,MISSED,m3-1,4.739,"{'m1-1': 1.03, 'm2-1': 105.09, 'm3-1': 109.18, 'm4-1': 10.55, 'm5-1': 11.11, 'm6-1': 10.69, 'm7-1': 100.42, 'm8-1': 105.05}",2.0774999999999864,153.354,inf,154.739,154.739,154.739
31,T4,BESTEFFORT,MISSED,m3-1,5.182,"{'m1-1': 1.07, 'm2-1': 105.17, 'm3-1': 98.25, 'm4-1': 9.63, 'm5-1': 10.17, 'm6-1': 11.25, 'm7-1': 114.49, 'm8-1': 99.74}",0.6644999999999754,154.739,inf,155.182,155.182,155.182
32,T3,BESTEFFORT,COMPLETED,m1-1,6.37,"{'m1-1': 1.08, 'm2-1': 105.89, 'm3-1': 108.98, 'm4-1': 10.81, 'm5-1': 10.57, 'm6-1': 11.01, 'm7-1': 107.23, 'm8-1': 109.97}",1.62,8.66,9.74,inf,156.37,156.37
33,T4,BESTEFFORT,COMPLETED,m1-1,6.735,"{'m1-1': 1.14, 'm2-1': 106.56, 'm3-1': 106.09, 'm4-1': 10.52, 'm5-1': 9.96, 'm6-1': 10.03, 'm7-1': 112.58, 'm8-1': 105.84}",1.71,9.74,10.88,inf,156.735,156.735
34,T2,BESTEFFORT,MISSED,m8-1,6.759,"{'m1-1': 0.94, 'm2-1': 107.5, 'm3-1': 101.85, 'm4-1': 11.24, 'm5-1': 11.15, 'm6-1': 10.06, 'm7-1': 100.62, 'm8-1': 107.22}",5.980500000000035,152.772,inf,156.75900000000001,156.75900000000001,156.75900000000001
35,T1,BESTEFFORT,MISSED,m8-1,6.866,"{'m1-1': 1.06, 'm2-1': 116.4, 'm3-1': 114.1, 'm4-1': 11.42, 'm5-1': 9.78, 'm6-1': 10.86, 'm7-1': 108.41, 'm8-1': 111.65}",0.16049999999995634,156.75900000000001,inf,156.86599999999999,156.86599999999999,156.86599999999999
36,T2,BESTEFFORT,MISSED,m2-1,6.902,"{'m1-1': 1.02, 'm2-1': 105.03, 'm3-1': 105.72, 'm4-1': 10.94, 'm5-1': 10.55, 'm6-1': 11.19, 'm7-1': 101.36, 'm8-1': 107.64}",4.538999999999973,153.876,inf,156.902,156.902,156.902
37,T3,BESTEFFORT,MISSED,m7-1,6.913,"{'m1-1': 1.12, 'm2-1': 110.37, 'm3-1': 110.6, 'm4-1': 10.17, 'm5-1': 11.8, 'm6-1': 10.58, 'm7-1': 114.47, 'm8-1': 93.17}",4.336500000000029,154.022,inf,156.913,156.913,156.913
38,T2,BESTEFFORT,COMPLETED,m1-1,7.099,"{'m1-1': 1.06, 'm2-1': 109.3, 'm3-1': 95.48, 'm4-1': 10.12, 'm5-1': 10.74, 'm6-1': 11.2, 'm7-1': 107.76, 'm8-1': 101.91}",1.59,10.88,11.940000000000001,inf,157.099,157.099
39,T3,BESTEFFORT,COMPLETED,m1-1,7.317,"{'m1-1': 0.94, 'm2-1': 109.23, 'm3-1': 102.47, 'm4-1': 11.78, 'm5-1': 11.63, 'm6-1': 11.02, 'm7-1': 99.5, 'm8-1': 94.0}",1.41,11.940000000000001,12.88,inf,157.317,157.317
40,T3,BESTEFFORT,COMPLETED,m1-1,7.649,"{'m1-1': 1.11, 'm2-1': 104.23, 'm3-1': 102.84, 'm4-1': 10.21, 'm5-1': 10.7, 'm6-1': 10.19, 'm7-1': 109.78, 'm8-1': 100.06}",1.665,12.88,13.99,inf,157.649,157.649
41,T2,BESTEFFORT,COMPLETED,m1-1,7.784,"{'m1-1': 0.98, 'm2-1': 111.92, 'm3-1': 97.21, 'm4-1': 11.63, 'm5-1': 10.78, 'm6-1': 11.02, 'm7-1': 113.54, 'm8-1': 98.33}",1.47,13.99,14.97,inf,157.784,157.784
42,T3,BESTEFFORT,COMPLETED,m4-1,7.856,"{'m1-1': 1.06, 'm2-1': 108.11, 'm3-1': 104.96, 'm4-1': 11.68, 'm5-1': 10.19, 'm6-1': 11.45, 'm7-1': 108.74, 'm8-1': 109.41}",17.52,42.321000000000005,54.001000000000005,inf,157.856,157.856
43,T4,BESTEFFORT,COMPLETED,m1-1,8.017,"{'m1-1': 1.03, 'm2-1': 103.83, 'm3-1': 99.35, 'm4-1': 11.07, 'm5-1': 11.79, 'm6-1': 11.56, 'm7-1': 109.49, 'm8-1': 101.21}",1.545,14.97,16.0,inf,158.017,158.017
44,T3,BESTEFFORT,COMPLETED,m6-1,8.237,"{'m1-1': 1.09, 'm2-1': 99.87, 'm3-1': 114.5, 'm4-1': 10.29, 'm5-1': 10.93, 'm6-1': 10.86, 'm7-1': 105.59, 'm8-1': 103.73}",16.29,41.519,52.379,inf,158.237,158.237
45,T1,BESTEFFORT,COMPLETED,m1-1,8.768,"{'m1-1': 1.18, 'm2-1': 100.8, 'm3-1': 110.3, 'm4-1': 10.88, 'm5-1': 9.59, 'm6-1': 10.14, 'm7-1': 98.69, 'm8-1': 99.93}",1.77,16.0,17.18,inf,158.768,158.768
46,T3,BESTEFFORT,COMPLETED,m1-1,8.893,"{'m1-1': 1.03, 'm2-1': 109.56, 'm3-1': 99.4, 'm4-1': 10.81, 'm5-1': 11.03, 'm6-1': 10.96, 'm7-1': 99.52, 'm8-1': 106.03}",1.545,17.18,18.21,inf,158.893,158.893
47,T3,BESTEFFORT,COMPLETED,m5-1,8.965,"{'m1-1': 1.04, 'm2-1': 103.62, 'm3-1': 100.22, 'm4-1': 11.52, 'm5-1': 10.29, 'm6-1': 11.11, 'm7-1': 105.26, 'm8-1': 106.11}",15.434999999999999,44.306000000000004,54.596000000000004,inf,158.965,158.965
48,T2,BESTEFFORT,COMPLETED,m1-1,9.777,"{'m1-1': 0.99, 'm2-1': 111.92, 'm3-1': 97.67, 'm4-1': 10.73, 'm5-1': 10.22, 'm6-1': 10.54, 'm7-1': 103.16, 'm8-1': 95.97}",1.4849999999999999,18.21,19.2,inf,159.777,159.777
49,T1,BESTEFFORT,COMPLETED,m1-1,10.078,"{'m1-1': 1.1, 'm2-1': 116.16, 'm3-1': 106.56, 'm4-1': 11.0, 'm5-1': 9.83, 'm6-1': 11.37, 'm7-1': 102.98, 'm8-1': 101.6}",1.6500000000000001,19.2,20.3,inf,160.078,160.078
50,T3,BESTEFFORT,COMPLETED,m1-1,10.186,"{'m1-1': 1.08, 'm2-1': 108.34, 'm3-1': 101.24, 'm4-1': 10.52, 'm5-1': 11.14, 'm6-1': 10.82, 'm7-1': 105.47, 'm8-1': 98.3}",1.62,21.47,22.549999999999997,inf,160.186,160.186
51,T1,BESTEFFORT,COMPLETED,m1-1,10.193,"{'m1-1': 1.17, 'm2-1': 118.6, 'm3-1': 102.3, 'm4-1': 10.23, 'm5-1': 10.04, 'm6-1': 10.84, 'm7-1': 107.82, 'm8-1': 95.7}",1.755,20.3,21.47,inf,160.193,160.193
52,T3,BESTEFFORT,COMPLETED,m1-1,10.564,"{'m1-1': 1.03, 'm2-1': 102.85, 'm3-1': 104.03, 'm4-1': 10.77, 'm5-1': 10.02, 'm6-1': 11.25, 'm7-1': 101.93, 'm8-1': 100.53}",1.545,22.549999999999997,23.58,inf,160.564,160.564
53,T2,BESTEFFORT,COMPLETED,m1-1,11.199,"{'m1-1': 1.09, 'm2-1': 108.99, 'm3-1': 97.99, 'm4-1': 11.43, 'm5-1': 10.91, 'm6-1': 11.14, 'm7-1': 116.75, 'm8-1': 109.31}",1.6350000000000002,23.58,24.669999999999998,inf,161.199,161.199
54,T3,BESTEFFORT,COMPLETED,m4-1,11.931,"{'m1-1': 0.99, 'm2-1': 108.88, 'm3-1': 104.0, 'm4-1': 11.67, 'm5-1': 11.02, 'm6-1': 9.85, 'm7-1': 109.84, 'm8-1': 104.33}",17.505,54.001000000000005,65.671,inf,161.931,161.931
55,T1,BESTEFFORT,COMPLETED,m6-1,12.436,"{'m1-1': 1.13, 'm2-1': 109.86, 'm3-1': 113.16, 'm4-1': 10.38, 'm5-1': 10.84, 'm6-1': 10.34, 'm7-1': 98.0, 'm8-1': 96.22}",15.51,52.379,62.718999999999994,inf,162.436,162.436
56,T3,BESTEFFORT,COMPLETED,m1-1,12.439,"{'m1-1': 0.96, 'm2-1': 103.25, 'm3-1': 106.7, 'm4-1': 10.27, 'm5-1': 11.32, 'm6-1': 10.73, 'm7-1': 105.73, 'm8-1': 101.61}",1.44,24.669999999999998,25.63,inf,162.439,162.439
57,T3,BESTEFFORT,COMPLETED,m5-1,13.376,"{'m1-1': 1.02, 'm2-1': 110.13, 'm3-1': 104.0, 'm4-1': 10.53, 'm5-1': 11.77, 'm6-1': 10.72, 'm7-1': 97.78, 'm8-1': 107.1}",17.655,54.596000000000004,66.366,inf,163.376,163.376
58,T4,BESTEFFORT,COMPLETED,m1-1,13.465,"{'m1-1': 1.1, 'm2-1': 112.71, 'm3-1': 96.63, 'm4-1': 10.88, 'm5-1': 9.96, 'm6-1': 10.27, 'm7-1': 99.38, 'm8-1': 101.02}",1.6500000000000001,25.63,26.73,inf,163.465,163.465
59,T1,BESTEFFORT,COMPLETED,m1-1,14.382,"{'m1-1': 1.11, 'm2-1': 103.79, 'm3-1': 118.38, 'm4-1': 9.79, 'm5-1': 10.66, 'm6-1': 10.8, 'm7-1': 104.16, 'm8-1': 104.94}",1.665,26.73,27.84,inf,164.382,164.382
60,T1,BESTEFFORT,COMPLETED,m1-1,14.562,"{'m1-1': 1.03, 'm2-1': 113.12, 'm3-1': 115.01, 'm4-1': 9.66, 'm5-1': 9.66, 'm6-1': 10.4, 'm7-1': 96.1, 'm8-1': 103.16}",1.545,27.84,28.87,inf,164.562,164.562
61,T3,BESTEFFORT,COMPLETED,m1-1,14.68,"{'m1-1': 0.97, 'm2-1': 102.24, 'm3-1': 118.2, 'm4-1': 11.07, 'm5-1': 10.72, 'm6-1': 10.9, 'm7-1': 108.36, 'm8-1': 104.41}",1.455,28.87,29.84,inf,164.68,164.68
62,T2,BESTEFFORT,COMPLETED,m1-1,14.722,"{'m1-1': 0.95, 'm2-1': 112.44, 'm3-1': 95.79, 'm4-1': 10.49, 'm5-1': 11.92, 'm6-1': 11.5, 'm7-1': 101.46, 'm8-1': 100.15}",1.4249999999999998,29.84,30.79,inf,164.722,164.722
63,T3,BESTEFFORT,COMPLETED,m1-1,15.228,"{'m1-1': 0.98, 'm2-1': 104.12, 'm3-1': 105.94, 'm4-1': 10.49, 'm5-1': 11.04, 'm6-1': 11.53, 'm7-1': 101.93, 'm8-1': 104.27}",1.47,30.79,31.77,inf,165.228,165.228
64,T4,BESTEFFORT,COMPLETED,m1-1,15.332,"{'m1-1': 1.13, 'm2-1': 115.9, 'm3-1': 105.92, 'm4-1': 11.09, 'm5-1': 10.85, 'm6-1': 10.56, 'm7-1': 104.2, 'm8-1': 107.99}",1.6949999999999998,31.77,32.9,inf,165.332,165.332
65,T1,BESTEFFORT,COMPLETED,m1-1,15.563,"{'m1-1': 1.16, 'm2-1': 104.88, 'm3-1': 105.84, 'm4-1': 11.04, 'm5-1': 9.61, 'm6-1': 11.16, 'm7-1': 95.28, 'm8-1': 97.67}",1.7399999999999998,33.91,35.06999999999999,inf,165.563,165.563
66,T1,BESTEFFORT,COMPLETED,m1-1,15.584,"{'m1-1': 1.0, 'm2-1': 108.25, 'm3-1': 107.52, 'm4-1': 9.71, 'm5-1': 10.34, 'm6-1': 10.59, 'm7-1': 109.68, 'm8-1': 95.56}",1.5,35.06999999999999,36.06999999999999,inf,165.584,165.584
67,T4,BESTEFFORT,COMPLETED,m1-1,15.598,"{'m1-1': 1.01, 'm2-1': 104.36, 'm3-1': 101.07, 'm4-1': 10.34, 'm5-1': 10.44, 'm6-1': 10.58, 'm7-1': 108.93, 'm8-1': 95.94}",1.5150000000000001,32.9,33.91,inf,165.598,165.598
68,T1,BESTEFFORT,COMPLETED,m1-1,15.708,"{'m1-1': 1.1, 'm2-1': 118.41, 'm3-1': 104.79, 'm4-1': 9.68, 'm5-1': 10.62, 'm6-1': 10.99, 'm7-1': 108.54, 'm8-1': 96.42}",1.6500000000000001,36.06999999999999,37.169999999999995,inf,165.708,165.708
69,T3,BESTEFFORT,COMPLETED,m1-1,15.728,"{'m1-1': 0.98, 'm2-1': 100.67, 'm3-1': 100.93, 'm4-1': 11.58, 'm5-1': 10.36, 'm6-1': 11.14, 'm7-1': 106.82, 'm8-1': 103.74}",1.47,37.169999999999995,38.14999999999999,inf,165.728,165.728
70,T4,BESTEFFORT,COMPLETED,m4-1,15.987,"{'m1-1': 1.12, 'm2-1': 104.76, 'm3-1': 93.79, 'm4-1': 10.15, 'm5-1': 11.15, 'm6-1': 11.0, 'm7-1': 108.14, 'm8-1': 108.24}",15.225000000000001,65.671,75.82100000000001,inf,165.987,165.987
71,T3,BESTEFFORT,COMPLETED,m6-1,15.993,"{'m1-1': 0.96, 'm2-1': 102.57, 'm3-1': 105.87, 'm4-1': 10.25, 'm5-1': 10.99, 'm6-1': 9.99, 'm7-1': 100.08, 'm8-1': 94.13}",14.985,62.718999999999994,72.70899999999999,inf,165.993,165.993
72,T1,BESTEFFORT,COMPLETED,m1-1,16.088,"{'m1-1': 1.15, 'm2-1': 100.56, 'm3-1': 113.19, 'm4-1': 9.93, 'm5-1': 10.09, 'm6-1': 10.95, 'm7-1': 93.57, 'm8-1': 99.35}",1.7249999999999999,38.14999999999999,39.29999999999999,inf,166.088,166.088
73,T2,BESTEFFORT,COMPLETED,m1-1,16.146,"{'m1-1': 0.94, 'm2-1': 112.49, 'm3-1': 99.08, 'm4-1': 9.81, 'm5-1': 11.89, 'm6-1': 10.53, 'm7-1': 100.42, 'm8-1': 95.4}",1.41,39.29999999999999,40.23999999999999,inf,166.14600000000002,166.14600000000002
74,T1,BESTEFFORT,COMPLETED,m1-1,16.26,"{'m1-1': 1.04, 'm2-1': 103.77, 'm3-1': 109.09, 'm4-1': 9.95, 'm5-1': 10.48, 'm6-1': 10.67, 'm7-1': 94.7, 'm8-1': 105.39}",1.56,40.23999999999999,41.27999999999999,inf,166.26,166.26
75,T3,BESTEFFORT,COMPLETED,m5-1,16.576,"{'m1-1': 1.02, 'm2-1': 104.85, 'm3-1': 113.86, 'm4-1': 10.28, 'm5-1': 10.81, 'm6-1': 9.99, 'm7-1': 104.0, 'm8-1': 99.68}",16.215,66.366,77.176,inf,166.576,166.576
76,T2,BESTEFFORT,COMPLETED,m1-1,16.631,"{'m1-1': 1.04, 'm2-1': 105.75, 'm3-1': 98.17, 'm4-1': 10.56, 'm5-1': 10.05, 'm6-1': 9.96, 'm7-1': 99.5, 'm8-1': 93.74}",1.56,41.27999999999999,42.319999999999986,inf,166.631,166.631
77,T3,BESTEFFORT,COMPLETED,m1-1,17.042,"{'m1-1': 1.03, 'm2-1': 97.26, 'm3-1': 114.37, 'm4-1': 10.91, 'm5-1': 11.58, 'm6-1': 10.11, 'm7-1': 98.72, 'm8-1': 104.0}",1.545,42.319999999999986,43.34999999999999,inf,167.042,167.042
78,T2,BESTEFFORT,COMPLETED,m1-1,17.157,"{'m1-1': 1.04, 'm2-1': 107.67, 'm3-1': 99.26, 'm4-1': 10.51, 'm5-1': 11.39, 'm6-1': 11.11, 'm7-1': 99.98, 'm8-1': 103.8}",1.56,43.34999999999999,44.389999999999986,inf,167.157,167.157
79,T4,BESTEFFORT,COMPLETED,m1-1,17.248,"{'m1-1': 1.13, 'm2-1': 100.43, 'm3-1': 93.73, 'm4-1': 10.91, 'm5-1': 10.19, 'm6-1': 10.48, 'm7-1': 107.82, 'm8-1': 108.41}",1.6949999999999998,44.389999999999986,45.51999999999999,inf,167.248,167.248
80,T4,BESTEFFORT,COMPLETED,m6-1,17.357,"{'m1-1': 1.03, 'm2-1': 110.67, 'm3-1': 110.18, 'm4-1': 9.8, 'm5-1': 10.2, 'm6-1': 11.48, 'm7-1': 103.36, 'm8-1': 101.54}",17.22,72.70899999999999,84.189,inf,167.357,167.357
81,T1,BESTEFFORT,COMPLETED,m1-1,17.683,"{'m1-1': 1.18, 'm2-1': 116.84, 'm3-1': 104.08, 'm4-1': 9.96, 'm5-1': 10.97, 'm6-1': 10.66, 'm7-1': 99.74, 'm8-1': 107.22}",1.77,45.51999999999999,46.69999999999999,inf,167.683,167.683
82,T3,BESTEFFORT,COMPLETED,m1-1,17.918,"{'m1-1': 1.09, 'm2-1': 109.55, 'm3-1': 99.42, 'm4-1': 10.71, 'm5-1': 10.21, 'm6-1': 10.27, 'm7-1': 103.16, 'm8-1': 109.81}",1.6350000000000002,46.69999999999999,47.78999999999999,inf,167.918,167.918
83,T3,BESTEFFORT,COMPLETED,m4-1,18.024,"{'m1-1': 1.08, 'm2-1': 108.14, 'm3-1': 106.99, 'm4-1': 11.09, 'm5-1': 11.18, 'm6-1': 10.34, 'm7-1': 100.81, 'm8-1': 99.68}",16.634999999999998,75.82100000000001,86.91100000000002,inf,168.024,168.024
84,T4,BESTEFFORT,COMPLETED,m1-1,18.273,"{'m1-1': 1.01, 'm2-1': 115.6, 'm3-1': 95.19, 'm4-1': 9.83, 'm5-1': 10.16, 'm6-1': 10.48, 'm7-1': 102.51, 'm8-1': 96.06}",1.5150000000000001,47.78999999999999,48.79999999999999,inf,168.273,168.273
85,T2,BESTEFFORT,COMPLETED,m1-1,18.406,"{'m1-1': 1.03, 'm2-1': 97.57, 'm3-1': 94.47, 'm4-1': 11.14, 'm5-1': 10.63, 'm6-1': 10.88, 'm7-1': 99.09, 'm8-1': 102.25}",1.545,48.79999999999999,49.82999999999999,inf,168.406,168.406
86,T4,BESTEFFORT,COMPLETED,m5-1,18.42,"{'m1-1': 1.07, 'm2-1': 111.33, 'm3-1': 98.84, 'm4-1': 9.54, 'm5-1': 11.52, 'm6-1': 11.31, 'm7-1': 112.02, 'm8-1': 100.9}",17.28,77.176,88.696,inf,168.42000000000002,168.42000000000002
87,T2,BESTEFFORT,COMPLETED,m1-1,18.722,"{'m1-1': 0.96, 'm2-1': 112.25, 'm3-1': 101.11, 'm4-1': 9.91, 'm5-1': 10.12, 'm6-1': 9.94, 'm7-1': 115.06, 'm8-1': 102.5}",1.44,49.82999999999999,50.78999999999999,inf,168.722,168.722
88,T3,BESTEFFORT,COMPLETED,m1-1,19.376,"{'m1-1': 1.06, 'm2-1': 105.86, 'm3-1': 102.82, 'm4-1': 11.03, 'm5-1': 10.66, 'm6-1': 10.37, 'm7-1': 108.15, 'm8-1': 100.34}",1.59,51.96999999999999,53.029999999999994,inf,169.376,169.376
89,T1,BESTEFFORT,COMPLETED,m1-1,19.388,"{'m1-1': 1.18, 'm2-1': 105.62, 'm3-1': 108.13, 'm4-1': 10.74, 'm5-1': 9.71, 'm6-1': 11.36, 'm7-1': 105.85, 'm8-1': 99.61}",1.77,50.78999999999999,51.96999999999999,inf,169.388,169.388
90,T3,BESTEFFORT,COMPLETED,m1-1,19.463,"{'m1-1': 1.1, 'm2-1': 104.79, 'm3-1': 110.5, 'm4-1': 11.11, 'm5-1': 10.65, 'm6-1': 10.92, 'm7-1': 107.66, 'm8-1': 106.03}",1.6500000000000001,53.029999999999994,54.129999999999995,inf,169.463,169.463
91,T3,BESTEFFORT,COMPLETED,m1-1,19.598,"{'m1-1': 1.04, 'm2-1': 98.29, 'm3-1': 115.99, 'm4-1': 10.24, 'm5-1': 11.63, 'm6-1': 10.03, 'm7-1': 109.05, 'm8-1': 109.38}",1.56,54.129999999999995,55.169999999999995,inf,169.598,169.598
92,T1,BESTEFFORT,COMPLETED,m1-1,19.811,"{'m1-1': 1.14, 'm2-1': 116.69, 'm3-1': 105.35, 'm4-1': 11.17, 'm5-1': 10.73, 'm6-1': 11.29, 'm7-1': 104.78, 'm8-1': 100.42}",1.71,55.169999999999995,56.309999999999995,inf,169.811,169.811
93,T3,BESTEFFORT,COMPLETED,m1-1,19.988,"{'m1-1': 1.05, 'm2-1': 107.42, 'm3-1': 103.24, 'm4-1': 11.27, 'm5-1': 10.96, 'm6-1': 11.41, 'm7-1': 99.14, 'm8-1': 108.86}",1.5750000000000002,56.309999999999995,57.35999999999999,inf,169.988,169.988
94,T1,BESTEFFORT,COMPLETED,m4-1,20.195,"{'m1-1': 1.02, 'm2-1': 101.12, 'm3-1': 113.02, 'm4-1': 9.86, 'm5-1': 10.19, 'm6-1': 11.26, 'm7-1': 94.78, 'm8-1': 101.45}",14.79,86.91100000000002,96.77100000000002,inf,170.195,170.195
95,T1,BESTEFFORT,COMPLETED,m6-1,20.313,"{'m1-1': 1.07, 'm2-1': 118.62, 'm3-1': 102.58, 'm4-1': 10.21, 'm5-1': 10.69, 'm6-1': 10.37, 'm7-1': 95.23, 'm8-1': 107.22}",15.555,84.189,94.559,inf,170.313,170.313
96,T1,BESTEFFORT,COMPLETED,m1-1,20.401,"{'m1-1': 1.0, 'm2-1': 108.27, 'm3-1': 115.42, 'm4-1': 10.84, 'm5-1': 9.71, 'm6-1': 9.63, 'm7-1': 109.64, 'm8-1': 99.79}",1.5,57.35999999999999,58.35999999999999,inf,170.401,170.401
97,T2,BESTEFFORT,COMPLETED,m5-1,20.647,"{'m1-1': 1.03, 'm2-1': 105.98, 'm3-1': 101.72, 'm4-1': 9.99, 'm5-1': 10.3, 'm6-1': 11.12, 'm7-1': 98.65, 'm8-1': 96.56}",15.450000000000001,88.696,98.996,inf,170.647,170.647
98,T4,BESTEFFORT,COMPLETED,m1-1,20.715,"{'m1-1': 1.08, 'm2-1': 109.94, 'm3-1': 107.28, 'm4-1': 10.72, 'm5-1': 10.84, 'm6-1': 9.96, 'm7-1': 109.43, 'm8-1': 109.55}",1.62,58.35999999999999,59.43999999999999,inf,170.715,170.715
99,T4,BESTEFFORT,COMPLETED,m1-1,20.997,"{'m1-1': 1.08, 'm2-1': 107.96, 'm3-1': 103.24, 'm4-1': 10.26, 'm5-1': 11.41, 'm6-1': 10.89, 'm7-1': 99.25, 'm8-1': 104.85}",1.62,60.529999999999994,61.60999999999999,inf,170.997,170.997
100,T3,BESTEFFORT,COMPLETED,m1-1,21.018,"{'m1-1': 1.09, 'm2-1': 97.02, 'm3-1': 107.55, 'm4-1': 11.42, 'm5-1': 10.24, 'm6-1': 10.11, 'm7-1': 102.98, 'm8-1': 107.08}",1.6350000000000002,59.43999999999999,60.529999999999994,inf,171.018,171.018
101,T1,BESTEFFORT,COMPLETED,m1-1,21.648,"{'m1-1': 1.12, 'm2-1': 107.7, 'm3-1': 110.11, 'm4-1': 10.44, 'm5-1': 10.68, 'm6-1': 11.28, 'm7-1': 103.8, 'm8-1': 107.42}",1.6800000000000002,61.60999999999999,62.72999999999999,inf,171.648,171.648
102,T1,BESTEFFORT,COMPLETED,m1-1,22.563,"{'m1-1': 1.02, 'm2-1': 103.02, 'm3-1': 103.48, 'm4-1': 10.55, 'm5-1': 10.28, 'm6-1': 10.3, 'm7-1': 100.85, 'm8-1': 100.5}",1.53,62.72999999999999,63.74999999999999,inf,172.563,172.563
103,T1,BESTEFFORT,COMPLETED,m1-1,22.621,"{'m1-1': 1.08, 'm2-1': 118.92, 'm3-1': 117.18, 'm4-1': 10.75, 'm5-1': 9.94, 'm6-1': 10.59, 'm7-1': 103.26, 'm8-1': 95.27}",1.62,63.74999999999999,64.83,inf,172.621,172.621
104,T2,BESTEFFORT,COMPLETED,m1-1,23.09,"{'m1-1': 1.01, 'm2-1': 104.42, 'm3-1': 108.91, 'm4-1': 10.78, 'm5-1': 10.82, 'm6-1': 11.54, 'm7-1': 100.42, 'm8-1': 103.8}",1.5150000000000001,64.83,65.84,inf,173.09,173.09
105,T1,BESTEFFORT,COMPLETED,m6-1,23.274,"{'m1-1': 1.02, 'm2-1': 116.49, 'm3-1': 99.79, 'm4-1': 10.26, 'm5-1': 9.96, 'm6-1': 9.85, 'm7-1': 110.72, 'm8-1': 110.62}",14.774999999999999,94.559,104.40899999999999,inf,173.274,173.274
106,T1,BESTEFFORT,COMPLETED,m1-1,23.788,"{'m1-1': 1.15, 'm2-1': 110.55, 'm3-1': 107.51, 'm4-1': 10.01, 'm5-1': 10.22, 'm6-1': 9.65, 'm7-1': 93.44, 'm8-1': 104.9}",1.7249999999999999,65.84,66.99000000000001,inf,173.788,173.788
107,T4,BESTEFFORT,COMPLETED,m1-1,24.068,"{'m1-1': 1.02, 'm2-1': 110.15, 'm3-1': 95.85, 'm4-1': 10.95, 'm5-1': 11.55, 'm6-1': 11.23, 'm7-1': 107.1, 'm8-1': 104.89}",1.53,66.99000000000001,68.01,inf,174.068,174.068
108,T2,BESTEFFORT,COMPLETED,m1-1,24.521,"{'m1-1': 1.03, 'm2-1': 110.22, 'm3-1': 101.1, 'm4-1': 11.01, 'm5-1': 10.99, 'm6-1': 11.25, 'm7-1': 101.72, 'm8-1': 108.99}",1.545,68.01,69.04,inf,174.52100000000002,174.52100000000002
109,T2,BESTEFFORT,COMPLETED,m1-1,25.248,"{'m1-1': 1.1, 'm2-1': 113.62, 'm3-1': 107.91, 'm4-1': 11.08, 'm5-1': 11.4, 'm6-1': 10.34, 'm7-1': 99.76, 'm8-1': 101.3}",1.6500000000000001,69.04,70.14,inf,175.248,175.248
110,T2,BESTEFFORT,COMPLETED,m5-1,25.432,"{'m1-1': 0.94, 'm2-1': 109.23, 'm3-1': 107.45, 'm4-1': 11.21, 'm5-1': 10.29, 'm6-1': 10.23, 'm7-1': 101.19, 'm8-1': 94.22}",15.434999999999999,98.996,109.286,inf,175.432,175.432
111,T4,BESTEFFORT,COMPLETED,m4-1,25.62,"{'m1-1': 1.04, 'm2-1': 111.23, 'm3-1': 105.13, 'm4-1': 10.54, 'm5-1': 11.57, 'm6-1': 9.99, 'm7-1': 105.96, 'm8-1': 96.68}",15.809999999999999,96.77100000000002,107.311,inf,175.62,175.62
112,T1,BESTEFFORT,COMPLETED,m1-1,25.671,"{'m1-1': 1.17, 'm2-1': 103.68, 'm3-1': 101.14, 'm4-1': 10.83, 'm5-1': 10.82, 'm6-1': 10.55, 'm7-1': 109.67, 'm8-1': 101.32}",1.755,70.14,71.31,inf,175.671,175.671
113,T2,BESTEFFORT,COMPLETED,m1-1,25.786,"{'m1-1': 0.97, 'm2-1': 104.44, 'm3-1': 100.14, 'm4-1': 9.92, 'm5-1': 11.77, 'm6-1': 10.35, 'm7-1': 112.46, 'm8-1': 95.25}",1.455,71.31,72.28,inf,175.786,175.786
114,T2,BESTEFFORT,COMPLETED,m1-1,26.12,"{'m1-1': 1.09, 'm2-1': 107.7, 'm3-1': 102.4, 'm4-1': 10.79, 'm5-1': 11.57, 'm6-1': 11.0, 'm7-1': 104.47, 'm8-1': 100.69}",1.6350000000000002,72.28,73.37,inf,176.12,176.12
115,T4,BESTEFFORT,COMPLETED,m1-1,26.19,"{'m1-1': 1.18, 'm2-1': 100.98, 'm3-1': 94.7, 'm4-1': 10.34, 'm5-1': 10.89, 'm6-1': 11.07, 'm7-1': 100.61, 'm8-1': 104.9}",1.77,73.37,74.55000000000001,inf,176.19,176.19
116,T4,BESTEFFORT,COMPLETED,m1-1,26.484,"{'m1-1': 1.14, 'm2-1': 116.46, 'm3-1': 97.16, 'm4-1': 10.29, 'm5-1': 11.52, 'm6-1': 11.34, 'm7-1': 105.56, 'm8-1': 106.68}",1.71,74.55000000000001,75.69000000000001,inf,176.484,176.484
117,T2,BESTEFFORT,COMPLETED,m1-1,26.517,"{'m1-1': 1.04, 'm2-1': 98.81, 'm3-1': 108.57, 'm4-1': 11.32, 'm5-1': 11.92, 'm6-1': 9.81, 'm7-1': 111.33, 'm8-1': 106.51}",1.56,75.69000000000001,76.73000000000002,inf,176.517,176.517
118,T1,BESTEFFORT,COMPLETED,m1-1,26.937,"{'m1-1': 1.12, 'm2-1': 112.81, 'm3-1': 116.58, 'm4-1': 10.82, 'm5-1': 10.45, 'm6-1': 11.16, 'm7-1': 109.02, 'm8-1': 103.34}",1.6800000000000002,76.73000000000002,77.85000000000002,inf,176.937,176.937
119,T4,BESTEFFORT,COMPLETED,m6-1,26.948,"{'m1-1': 1.11, 'm2-1': 113.67, 'm3-1': 95.79, 'm4-1': 9.9, 'm5-1': 10.66, 'm6-1': 11.22, 'm7-1': 98.98, 'm8-1': 97.79}",16.830000000000002,104.40899999999999,115.62899999999999,inf,176.948,176.948
120,T2,BESTEFFORT,COMPLETED,m1-1,27.133,"{'m1-1': 0.95, 'm2-1': 114.09, 'm3-1': 106.18, 'm4-1': 10.97, 'm5-1': 10.7, 'm6-1': 9.85, 'm7-1': 109.53, 'm8-1': 102.94}",1.4249999999999998,77.85000000000002,78.80000000000003,inf,177.133,177.133
121,T4,BESTEFFORT,COMPLETED,m1-1,27.791,"{'m1-1': 1.17, 'm2-1': 115.94, 'm3-1': 102.98, 'm4-1': 10.74, 'm5-1': 10.68, 'm6-1': 10.0, 'm7-1': 101.41, 'm8-1': 96.45}",1.755,78.80000000000003,79.97000000000003,inf,177.791,177.791
122,T1,BESTEFFORT,COMPLETED,m1-1,27.858,"{'m1-1': 1.03, 'm2-1': 104.18, 'm3-1': 110.09, 'm4-1': 10.07, 'm5-1': 10.03, 'm6-1': 11.04, 'm7-1': 106.66, 'm8-1': 108.29}",1.545,79.97000000000003,81.00000000000003,inf,177.858,177.858
123,T2,BESTEFFORT,COMPLETED,m4-1,27.919,"{'m1-1': 1.09, 'm2-1': 97.89, 'm3-1': 109.18, 'm4-1': 11.01, 'm5-1': 11.66, 'm6-1': 10.29, 'm7-1': 111.53, 'm8-1': 94.32}",16.515,107.311,118.32100000000001,inf,177.919,177.919
124,T4,BESTEFFORT,COMPLETED,m1-1,28.13,"{'m1-1': 1.01, 'm2-1': 102.52, 'm3-1': 95.05, 'm4-1': 10.86, 'm5-1': 11.32, 'm6-1': 11.2, 'm7-1': 108.06, 'm8-1': 109.62}",1.5150000000000001,81.00000000000003,82.01000000000003,inf,178.13,178.13
125,T2,BESTEFFORT,COMPLETED,m5-1,28.164,"{'m1-1': 1.03, 'm2-1': 112.73, 'm3-1': 104.49, 'm4-1': 10.86, 'm5-1': 10.38, 'm6-1': 10.4, 'm7-1': 99.76, 'm8-1': 107.94}",15.57,109.286,119.666,inf,178.164,178.164
126,T3,BESTEFFORT,COMPLETED,m1-1,28.564,"{'m1-1': 1.01, 'm2-1': 98.13, 'm3-1': 104.96, 'm4-1': 10.67, 'm5-1': 10.29, 'm6-1': 9.79, 'm7-1': 110.32, 'm8-1': 104.18}",1.5150000000000001,82.01000000000003,83.02000000000004,inf,178.564,178.564
127,T1,BESTEFFORT,COMPLETED,m1-1,28.662,"{'m1-1': 1.18, 'm2-1': 102.3, 'm3-1': 111.39, 'm4-1': 9.73, 'm5-1': 9.51, 'm6-1': 10.33, 'm7-1': 109.54, 'm8-1': 110.18}",1.77,83.02000000000004,84.20000000000005,inf,178.662,178.662
128,T3,BESTEFFORT,COMPLETED,m1-1,28.893,"{'m1-1': 0.97, 'm2-1': 103.36, 'm3-1': 101.71, 'm4-1': 11.05, 'm5-1': 10.12, 'm6-1': 11.0, 'm7-1': 96.76, 'm8-1': 107.37}",1.455,84.20000000000005,85.17000000000004,inf,178.893,178.893
129,T3,BESTEFFORT,COMPLETED,m1-1,29.766,"{'m1-1': 0.96, 'm2-1': 95.04, 'm3-1': 114.74, 'm4-1': 10.14, 'm5-1': 10.43, 'm6-1': 11.15, 'm7-1': 110.66, 'm8-1': 106.06}",1.44,85.17000000000004,86.13000000000004,inf,179.766,179.766
130,T2,BESTEFFORT,COMPLETED,m1-1,29.773,"{'m1-1': 1.1, 'm2-1': 104.47, 'm3-1': 104.68, 'm4-1': 11.27, 'm5-1': 10.78, 'm6-1': 11.56, 'm7-1': 108.55, 'm8-1': 106.62}",1.6500000000000001,86.13000000000004,87.23000000000003,inf,179.773,179.773
131,T4,BESTEFFORT,COMPLETED,m6-1,30.092,"{'m1-1': 1.09, 'm2-1': 109.8, 'm3-1': 96.57, 'm4-1': 11.11, 'm5-1': 10.04, 'm6-1': 10.43, 'm7-1': 102.42, 'm8-1': 106.39}",15.645,115.62899999999999,126.059,inf,180.09199999999998,180.09199999999998
132,T2,BESTEFFORT,COMPLETED,m1-1,31.07,"{'m1-1': 0.94, 'm2-1': 111.72, 'm3-1': 104.44, 'm4-1': 10.99, 'm5-1': 10.38, 'm6-1': 11.07, 'm7-1': 110.08, 'm8-1': 95.39}",1.41,87.23000000000003,88.17000000000003,inf,181.07,181.07
133,T1,BESTEFFORT,COMPLETED,m1-1,31.64,"{'m1-1': 1.02, 'm2-1': 114.99, 'm3-1': 101.88, 'm4-1': 9.8, 'm5-1': 10.76, 'm6-1': 10.8, 'm7-1': 96.32, 'm8-1': 112.05}",1.53,88.17000000000003,89.19000000000003,inf,181.64,181.64
134,T3,BESTEFFORT,COMPLETED,m1-1,31.827,"{'m1-1': 1.06, 'm2-1': 107.27, 'm3-1': 113.01, 'm4-1': 11.78, 'm5-1': 10.4, 'm6-1': 9.95, 'm7-1': 103.89, 'm8-1': 96.79}",1.59,89.19000000000003,90.25000000000003,inf,181.827,181.827
135,T4,BESTEFFORT,COMPLETED,m1-1,32.704,"{'m1-1': 1.08, 'm2-1': 100.43, 'm3-1': 110.64, 'm4-1': 10.47, 'm5-1': 11.09, 'm6-1': 11.64, 'm7-1': 105.64, 'm8-1': 101.33}",1.62,90.25000000000003,91.33000000000003,inf,182.704,182.704
136,T4,BESTEFFORT,COMPLETED,m1-1,32.742,"{'m1-1': 1.1, 'm2-1': 110.07, 'm3-1': 95.56, 'm4-1': 9.9, 'm5-1': 10.09, 'm6-1': 11.7, 'm7-1': 101.44, 'm8-1': 105.39}",1.6500000000000001,91.33000000000003,92.43000000000002,inf,182.742,182.742
137,T2,BESTEFFORT,COMPLETED,m4-1,32.963,"{'m1-1': 1.03, 'm2-1': 102.22, 'm3-1': 105.35, 'm4-1': 9.85, 'm5-1': 10.06, 'm6-1': 11.22, 'm7-1': 100.91, 'm8-1': 95.36}",14.774999999999999,118.32100000000001,128.17100000000002,inf,182.963,182.963
138,T4,BESTEFFORT,COMPLETED,m1-1,33.134,"{'m1-1': 1.1, 'm2-1': 105.08, 'm3-1': 93.81, 'm4-1': 10.62, 'm5-1': 11.46, 'm6-1': 10.07, 'm7-1': 101.77, 'm8-1': 98.55}",1.6500000000000001,92.43000000000002,93.53000000000002,inf,183.13400000000001,183.13400000000001
139,T2,BESTEFFORT,COMPLETED,m5-1,33.274,"{'m1-1': 1.06, 'm2-1': 113.77, 'm3-1': 106.71, 'm4-1': 10.09, 'm5-1': 11.91, 'm6-1': 11.28, 'm7-1': 103.75, 'm8-1': 95.54}",17.865000000000002,119.666,131.576,inf,183.274,183.274
140,T3,BESTEFFORT,COMPLETED,m1-1,33.384,"{'m1-1': 1.08, 'm2-1': 102.73, 'm3-1': 115.06, 'm4-1': 10.2, 'm5-1': 10.09, 'm6-1': 10.48, 'm7-1': 101.42, 'm8-1': 100.34}",1.62,93.53000000000002,94.61000000000001,inf,183.38400000000001,183.38400000000001
141,T4,BESTEFFORT,COMPLETED,m1-1,33.546,"{'m1-1': 1.11, 'm2-1': 118.29, 'm3-1': 102.82, 'm4-1': 11.08, 'm5-1': 11.05, 'm6-1': 11.31, 'm7-1': 114.2, 'm8-1': 107.43}",1.665,94.61000000000001,95.72000000000001,inf,183.546,183.546
142,T3,BESTEFFORT,COMPLETED,m1-1,33.63,"{'m1-1': 1.08, 'm2-1': 100.84, 'm3-1': 116.41, 'm4-1': 11.41, 'm5-1': 10.49, 'm6-1': 10.8, 'm7-1': 112.14, 'm8-1': 106.52}",1.62,95.72000000000001,96.80000000000001,inf,183.63,183.63
143,T3,BESTEFFORT,COMPLETED,m1-1,34.056,"{'m1-1': 1.03, 'm2-1': 107.54, 'm3-1': 117.37, 'm4-1': 10.9, 'm5-1': 10.0, 'm6-1': 9.94, 'm7-1': 105.2, 'm8-1': 93.24}",1.545,96.80000000000001,97.83000000000001,inf,184.05599999999998,184.05599999999998
144,T2,BESTEFFORT,COMPLETED,m1-1,34.228,"{'m1-1': 1.05, 'm2-1': 99.48, 'm3-1': 100.99, 'm4-1': 10.09, 'm5-1': 11.41, 'm6-1': 11.55, 'm7-1': 107.82, 'm8-1': 97.98}",1.5750000000000002,97.83000000000001,98.88000000000001,inf,184.228,184.228
145,T4,BESTEFFORT,COMPLETED,m1-1,34.533,"{'m1-1': 1.11, 'm2-1': 108.4, 'm3-1': 94.56, 'm4-1': 10.03, 'm5-1': 11.62, 'm6-1': 10.96, 'm7-1': 116.65, 'm8-1': 112.66}",1.665,98.88000000000001,99.99000000000001,inf,184.53300000000002,184.53300000000002
146,T4,BESTEFFORT,COMPLETED,m6-1,34.611,"{'m1-1': 1.0, 'm2-1': 112.3, 'm3-1': 107.37, 'm4-1': 9.98, 'm5-1': 10.2, 'm6-1': 10.4, 'm7-1': 114.72, 'm8-1': 99.11}",15.600000000000001,126.059,136.459,inf,184.611,184.611
147,T4,BESTEFFORT,COMPLETED,m4-1,34.868,"{'m1-1': 1.1, 'm2-1': 113.27, 'm3-1': 101.77, 'm4-1': 10.19, 'm5-1': 11.65, 'm6-1': 10.03, 'm7-1': 109.5, 'm8-1': 107.76}",15.285,128.17100000000002,138.36100000000002,inf,184.868,184.868
148,T2,BESTEFFORT,COMPLETED,m1-1,35.286,"{'m1-1': 0.96, 'm2-1': 99.9, 'm3-1': 103.87, 'm4-1': 11.07, 'm5-1': 11.78, 'm6-1': 11.04, 'm7-1': 104.08, 'm8-1': 103.82}",1.44,99.99000000000001,100.95,inf,185.286,185.286
149,T3,BESTEFFORT,COMPLETED,m1-1,35.334,"{'m1-1': 0.97, 'm2-1': 108.28, 'm3-1': 117.52, 'm4-1': 11.45, 'm5-1': 10.94, 'm6-1': 11.0, 'm7-1': 106.03, 'm8-1': 95.81}",1.455,100.95,101.92,inf,185.334,185.334
150,T3,BESTEFFORT,COMPLETED,m1-1,35.771,"{'m1-1': 0.97, 'm2-1': 97.01, 'm3-1': 107.06, 'm4-1': 11.04, 'm5-1': 10.95, 'm6-1': 10.98, 'm7-1': 109.45, 'm8-1': 103.87}",1.455,101.92,102.89,inf,185.77100000000002,185.77100000000002
151,T2,BESTEFFORT,COMPLETED,m1-1,35.775,"{'m1-1': 0.99, 'm2-1': 111.14, 'm3-1': 96.73, 'm4-1': 10.65, 'm5-1': 11.86, 'm6-1': 11.28, 'm7-1': 106.39, 'm8-1': 98.59}",1.4849999999999999,102.89,103.88,inf,185.775,185.775
152,T1,BESTEFFORT,COMPLETED,m5-1,35.958,"{'m1-1': 1.05, 'm2-1': 114.72, 'm3-1': 112.24, 'm4-1': 10.47, 'm5-1': 11.09, 'm6-1': 10.71, 'm7-1': 96.42, 'm8-1': 104.15}",16.634999999999998,131.576,142.666,inf,185.958,185.958
153,T2,BESTEFFORT,COMPLETED,m1-1,36.303,"{'m1-1': 1.06, 'm2-1': 111.32, 'm3-1': 107.86, 'm4-1': 10.75, 'm5-1': 11.58, 'm6-1': 10.8, 'm7-1': 107.99, 'm8-1': 101.0}",1.59,104.97,106.03,inf,186.303,186.303
154,T1,BESTEFFORT,COMPLETED,m1-1,36.371,"{'m1-1': 1.09, 'm2-1': 112.72, 'm3-1': 112.98, 'm4-1': 9.92, 'm5-1': 11.1, 'm6-1': 10.55, 'm7-1': 103.27, 'm8-1': 103.16}",1.6350000000000002,103.88,104.97,inf,186.371,186.371
155,T3,BESTEFFORT,COMPLETED,m1-1,36.388,"{'m1-1': 0.96, 'm2-1': 108.64, 'm3-1': 110.95, 'm4-1': 11.07, 'm5-1': 10.17, 'm6-1': 9.75, 'm7-1': 111.54, 'm8-1': 100.69}",1.44,106.03,106.99,inf,186.388,186.388
156,T1,BESTEFFORT,COMPLETED,m1-1,36.645,"{'m1-1': 1.08, 'm2-1': 107.52, 'm3-1': 117.69, 'm4-1': 11.03, 'm5-1': 10.31, 'm6-1': 10.02, 'm7-1': 108.0, 'm8-1': 97.48}",1.62,106.99,108.07,inf,186.645,186.645
157,T3,BESTEFFORT,COMPLETED,m6-1,36.669,"{'m1-1': 0.98, 'm2-1': 105.7, 'm3-1': 108.48, 'm4-1': 10.31, 'm5-1': 11.43, 'm6-1': 10.73, 'm7-1': 109.65, 'm8-1': 108.66}",16.095,136.459,147.189,inf,186.66899999999998,186.66899999999998
158,T3,BESTEFFORT,MISSED,m3-1,37.001,"{'m1-1': 1.01, 'm2-1': 94.86, 'm3-1': 103.2, 'm4-1': 10.15, 'm5-1': 10.86, 'm6-1': 10.87, 'm7-1': 100.74, 'm8-1': 108.87}",47.728500000000025,155.182,inf,187.001,187.001,187.001
159,T4,BESTEFFORT,COMPLETED,m1-1,37.403,"{'m1-1': 1.11, 'm2-1': 103.33, 'm3-1': 107.81, 'm4-1': 9.51, 'm5-1': 10.49, 'm6-1': 11.36, 'm7-1': 111.14, 'm8-1': 97.34}",1.665,108.07,109.17999999999999,inf,187.403,187.403
160,T4,BESTEFFORT,COMPLETED,m1-1,37.695,"{'m1-1': 1.08, 'm2-1': 102.88, 'm3-1': 99.62, 'm4-1': 9.54, 'm5-1': 11.45, 'm6-1': 10.2, 'm7-1': 105.17, 'm8-1': 105.14}",1.62,109.17999999999999,110.25999999999999,inf,187.695,187.695
161,T2,BESTEFFORT,COMPLETED,m1-1,37.965,"{'m1-1': 0.97, 'm2-1': 99.78, 'm3-1': 107.54, 'm4-1': 11.59, 'm5-1': 11.59, 'm6-1': 9.93, 'm7-1': 116.37, 'm8-1': 102.65}",1.455,110.25999999999999,111.22999999999999,inf,187.965,187.965
162,T1,BESTEFFORT,COMPLETED,m1-1,38.237,"{'m1-1': 1.0, 'm2-1': 104.9, 'm3-1': 114.4, 'm4-1': 10.51, 'm5-1': 10.63, 'm6-1': 10.97, 'm7-1': 104.19, 'm8-1': 103.16}",1.5,112.32999999999998,113.32999999999998,inf,188.237,188.237
163,T1,BESTEFFORT,COMPLETED,m1-1,38.302,"{'m1-1': 1.1, 'm2-1': 107.54, 'm3-1': 116.42, 'm4-1': 10.18, 'm5-1': 9.91, 'm6-1': 10.45, 'm7-1': 98.89, 'm8-1': 96.13}",1.6500000000000001,111.22999999999999,112.32999999999998,inf,188.302,188.302
164,T3,BESTEFFORT,COMPLETED,m4-1,38.751,"{'m1-1': 1.03, 'm2-1': 107.82, 'm3-1': 107.11, 'm4-1': 11.27, 'm5-1': 10.96, 'm6-1': 10.18, 'm7-1': 103.17, 'm8-1': 96.32}",16.905,138.36100000000002,149.63100000000003,inf,188.751,188.751
165,T1,BESTEFFORT,COMPLETED,m1-1,38.756,"{'m1-1': 1.06, 'm2-1': 102.27, 'm3-1': 115.39, 'm4-1': 9.63, 'm5-1': 9.48, 'm6-1': 11.0, 'm7-1': 108.14, 'm8-1': 107.24}",1.59,114.43999999999998,115.49999999999999,inf,188.756,188.756
166,T1,BESTEFFORT,COMPLETED,m1-1,38.828,"{'m1-1': 1.11, 'm2-1': 114.01, 'm3-1': 102.56, 'm4-1': 11.07, 'm5-1': 10.74, 'm6-1': 10.11, 'm7-1': 105.09, 'm8-1': 110.96}",1.665,113.32999999999998,114.43999999999998,inf,188.828,188.828
167,T2,BESTEFFORT,COMPLETED,m5-1,38.882,"{'m1-1': 1.01, 'm2-1': 105.06, 'm3-1': 95.1, 'm4-1': 10.89, 'm5-1': 10.29, 'm6-1': 10.26, 'm7-1': 106.01, 'm8-1': 96.62}",15.434999999999999,142.666,152.956,inf,188.882,188.882
168,T1,BESTEFFORT,COMPLETED,m1-1,39.213,"{'m1-1': 1.16, 'm2-1': 100.7, 'm3-1': 109.49, 'm4-1': 9.95, 'm5-1': 9.36, 'm6-1': 10.97, 'm7-1': 103.82, 'm8-1': 104.87}",1.7399999999999998,115.49999999999999,116.65999999999998,inf,189.213,189.213
169,T1,BESTEFFORT,COMPLETED,m1-1,39.286,"{'m1-1': 1.16, 'm2-1': 112.18, 'm3-1': 106.75, 'm4-1': 10.84, 'm5-1': 11.11, 'm6-1': 9.94, 'm7-1': 105.56, 'm8-1': 108.88}",1.7399999999999998,116.65999999999998,117.81999999999998,inf,189.286,189.286
170,T1,BESTEFFORT,COMPLETED,m1-1,39.629,"{'m1-1': 1.14, 'm2-1': 114.8, 'm3-1': 114.62, 'm4-1': 10.87, 'm5-1': 10.75, 'm6-1': 10.76, 'm7-1': 99.79, 'm8-1': 96.37}",1.71,117.81999999999998,118.95999999999998,inf,189.629,189.629
171,T4,BESTEFFORT,COMPLETED,m1-1,39.79,"{'m1-1': 1.07, 'm2-1': 114.49, 'm3-1': 94.86, 'm4-1': 10.38, 'm5-1': 11.34, 'm6-1': 11.45, 'm7-1': 105.17, 'm8-1': 98.15}",1.605,118.95999999999998,120.02999999999997,inf,189.79,189.79
172,T4,BESTEFFORT,COMPLETED,m1-1,40.134,"{'m1-1': 1.01, 'm2-1': 115.09, 'm3-1': 110.1, 'm4-1': 9.65, 'm5-1': 10.3, 'm6-1': 10.22, 'm7-1': 114.06, 'm8-1': 106.69}",1.5150000000000001,120.02999999999997,121.03999999999998,inf,190.13400000000001,190.13400000000001
173,T4,BESTEFFORT,COMPLETED,m6-1,40.403,"{'m1-1': 1.05, 'm2-1': 100.44, 'm3-1': 99.13, 'm4-1': 10.54, 'm5-1': 11.79, 'm6-1': 11.45, 'm7-1': 117.4, 'm8-1': 96.24}",17.174999999999997,147.189,158.63899999999998,inf,190.403,190.403
174,T4,BESTEFFORT,COMPLETED,m1-1,40.608,"{'m1-1': 1.01, 'm2-1': 113.48, 'm3-1': 107.68, 'm4-1': 11.07, 'm5-1': 10.06, 'm6-1': 11.5, 'm7-1': 108.13, 'm8-1': 101.63}",1.5150000000000001,121.03999999999998,122.04999999999998,inf,190.608,190.608
175,T4,BESTEFFORT,COMPLETED,m1-1,40.755,"{'m1-1': 1.01, 'm2-1': 104.09, 'm3-1': 102.76, 'm4-1': 10.18, 'm5-1': 11.53, 'm6-1': 10.11, 'm7-1': 104.15, 'm8-1': 106.69}",1.5150000000000001,122.04999999999998,123.05999999999999,inf,190.755,190.755
176,T3,BESTEFFORT,COMPLETED,m5-1,40.826,"{'m1-1': 1.04, 'm2-1': 100.68, 'm3-1': 115.41, 'm4-1': 10.15, 'm5-1': 10.23, 'm6-1': 9.82, 'm7-1': 107.53, 'm8-1': 103.58}",15.345,152.956,163.18599999999998,inf,190.826,190.826
177,T3,BESTEFFORT,COMPLETED,m1-1,40.98,"{'m1-1': 1.09, 'm2-1': 98.59, 'm3-1': 106.0, 'm4-1': 11.27, 'm5-1': 10.54, 'm6-1': 10.46, 'm7-1': 113.12, 'm8-1': 98.56}",1.6350000000000002,123.05999999999999,124.14999999999999,inf,190.98,190.98
178,T2,BESTEFFORT,COMPLETED,m4-1,41.168,"{'m1-1': 1.03, 'm2-1': 108.06, 'm3-1': 105.2, 'm4-1': 11.16, 'm5-1': 10.6, 'm6-1': 10.35, 'm7-1': 116.8, 'm8-1': 100.89}",16.740000000000002,149.63100000000003,160.79100000000003,inf,191.168,191.168
179,T1,BESTEFFORT,COMPLETED,m1-1,41.19,"{'m1-1': 1.0, 'm2-1': 110.47, 'm3-1': 115.49, 'm4-1': 10.33, 'm5-1': 10.38, 'm6-1': 9.6, 'm7-1': 99.07, 'm8-1': 107.42}",1.5,124.14999999999999,125.14999999999999,inf,191.19,191.19
180,T3,BESTEFFORT,COMPLETED,m1-1,41.308,"{'m1-1': 0.98, 'm2-1': 104.22, 'm3-1': 112.68, 'm4-1': 11.02, 'm5-1': 11.54, 'm6-1': 11.4, 'm7-1': 109.88, 'm8-1': 108.67}",1.47,125.14999999999999,126.13,inf,191.308,191.308
181,T4,BESTEFFORT,COMPLETED,m1-1,41.415,"{'m1-1': 1.09, 'm2-1': 100.51, 'm3-1': 110.47, 'm4-1': 10.95, 'm5-1': 11.72, 'm6-1': 10.99, 'm7-1': 105.56, 'm8-1': 99.36}",1.6350000000000002,126.13,127.22,inf,191.415,191.415
182,T2,BESTEFFORT,COMPLETED,m1-1,41.841,"{'m1-1': 1.08, 'm2-1': 106.03, 'm3-1': 105.22, 'm4-1': 11.53, 'm5-1': 11.24, 'm6-1': 10.54, 'm7-1': 106.85, 'm8-1': 98.54}",1.62,127.22,128.3,inf,191.841,191.841
183,T3,BESTEFFORT,COMPLETED,m1-1,42.053,"{'m1-1': 1.02, 'm2-1': 105.41, 'm3-1': 104.01, 'm4-1': 11.44, 'm5-1': 10.05, 'm6-1': 10.38, 'm7-1': 104.55, 'm8-1': 98.79}",1.53,128.3,129.32000000000002,inf,192.053,192.053
184,T4,BESTEFFORT,COMPLETED,m1-1,42.727,"{'m1-1': 1.12, 'm2-1': 107.45, 'm3-1': 108.28, 'm4-1': 9.45, 'm5-1': 11.62, 'm6-1': 10.27, 'm7-1': 103.89, 'm8-1': 101.55}",1.6800000000000002,129.32000000000002,130.44000000000003,inf,192.727,192.727
185,T1,BESTEFFORT,COMPLETED,m6-1,43.548,"{'m1-1': 1.01, 'm2-1': 108.37, 'm3-1': 108.73, 'm4-1': 10.0, 'm5-1': 9.71, 'm6-1': 9.85, 'm7-1': 102.78, 'm8-1': 99.83}",14.774999999999999,158.63899999999998,168.48899999999998,inf,193.548,193.548
186,T2,BESTEFFORT,COMPLETED,m1-1,43.603,"{'m1-1': 1.09, 'm2-1': 109.14, 'm3-1': 111.27, 'm4-1': 11.2, 'm5-1': 11.87, 'm6-1': 9.99, 'm7-1': 110.53, 'm8-1': 103.87}",1.6350000000000002,130.44000000000003,131.53000000000003,inf,193.603,193.603
187,T4,BESTEFFORT,COMPLETED,m1-1,44.189,"{'m1-1': 1.11, 'm2-1': 116.3, 'm3-1': 108.39, 'm4-1': 10.57, 'm5-1': 11.31, 'm6-1': 10.24, 'm7-1': 110.96, 'm8-1': 112.36}",1.665,131.53000000000003,132.64000000000004,inf,194.189,194.189
188,T3,BESTEFFORT,COMPLETED,m4-1,44.364,"{'m1-1': 1.09, 'm2-1': 97.78, 'm3-1': 111.51, 'm4-1': 10.53, 'm5-1': 10.58, 'm6-1': 11.07, 'm7-1': 105.21, 'm8-1': 107.94}",15.794999999999998,160.79100000000003,171.32100000000003,inf,194.364,194.364
189,T4,BESTEFFORT,COMPLETED,m1-1,44.56,"{'m1-1': 1.18, 'm2-1': 112.44, 'm3-1': 95.7, 'm4-1': 9.63, 'm5-1': 11.1, 'm6-1': 11.48, 'm7-1': 111.62, 'm8-1': 104.07}",1.77,132.64000000000004,133.82000000000005,inf,194.56,194.56
190,T1,BESTEFFORT,COMPLETED,m1-1,45.122,"{'m1-1': 1.04, 'm2-1': 113.19, 'm3-1': 104.24, 'm4-1': 10.8, 'm5-1': 10.35, 'm6-1': 11.38, 'm7-1': 95.06, 'm8-1': 111.51}",1.56,133.82000000000005,134.86000000000004,inf,195.122,195.122
191,T3,BESTEFFORT,COMPLETED,m1-1,45.287,"{'m1-1': 1.09, 'm2-1': 100.46, 'm3-1': 107.14, 'm4-1': 10.48, 'm5-1': 10.27, 'm6-1': 11.55, 'm7-1': 99.08, 'm8-1': 101.71}",1.6350000000000002,134.86000000000004,135.95000000000005,inf,195.287,195.287
192,T2,BESTEFFORT,COMPLETED,m1-1,45.562,"{'m1-1': 0.94, 'm2-1': 97.04, 'm3-1': 106.04, 'm4-1': 10.44, 'm5-1': 10.2, 'm6-1': 11.61, 'm7-1': 111.78, 'm8-1': 101.0}",1.41,135.95000000000005,136.89000000000004,inf,195.562,195.562
193,T4,BESTEFFORT,COMPLETED,m5-1,45.748,"{'m1-1': 1.09, 'm2-1': 105.89, 'm3-1': 109.24, 'm4-1': 10.45, 'm5-1': 10.97, 'm6-1': 11.4, 'm7-1': 104.01, 'm8-1': 99.41}",16.455000000000002,163.18599999999998,174.15599999999998,inf,195.748,195.748
194,T1,BESTEFFORT,COMPLETED,m1-1,45.947,"{'m1-1': 1.09, 'm2-1': 112.89, 'm3-1': 109.31, 'm4-1': 11.08, 'm5-1': 10.58, 'm6-1': 11.31, 'm7-1': 95.49, 'm8-1': 102.28}",1.6350000000000002,136.89000000000004,137.98000000000005,inf,195.947,195.947
195,T3,BESTEFFORT,COMPLETED,m1-1,46.464,"{'m1-1': 1.03, 'm2-1': 110.79, 'm3-1': 118.0, 'm4-1': 11.68, 'm5-1': 10.44, 'm6-1': 10.53, 'm7-1': 97.16, 'm8-1': 96.09}",1.545,137.98000000000005,139.01000000000005,inf,196.464,196.464
196,T3,BESTEFFORT,COMPLETED,m1-1,46.796,"{'m1-1': 0.98, 'm2-1': 99.5, 'm3-1': 101.71, 'm4-1': 10.16, 'm5-1': 11.33, 'm6-1': 11.31, 'm7-1': 106.92, 'm8-1': 99.56}",1.47,139.01000000000005,139.99000000000004,inf,196.796,196.796
197,T1,BESTEFFORT,COMPLETED,m1-1,46.904,"{'m1-1': 1.12, 'm2-1': 112.18, 'm3-1': 116.86, 'm4-1': 9.83, 'm5-1': 10.67, 'm6-1': 10.29, 'm7-1': 101.92, 'm8-1': 96.37}",1.6800000000000002,139.99000000000004,141.11000000000004,inf,196.904,196.904
198,T2,BESTEFFORT,COMPLETED,m1-1,47.115,"{'m1-1': 0.99, 'm2-1': 114.25, 'm3-1': 101.09, 'm4-1': 11.04, 'm5-1': 10.41, 'm6-1': 11.0, 'm7-1': 114.38, 'm8-1': 96.72}",1.4849999999999999,141.11000000000004,142.10000000000005,inf,197.115,197.115
199,T3,BESTEFFORT,COMPLETED,m6-1,47.12,"{'m1-1': 1.1, 'm2-1': 94.73, 'm3-1': 114.53, 'm4-1': 10.72, 'm5-1': 10.79, 'm6-1': 10.83, 'm7-1': 107.27, 'm8-1': 103.73}",16.245,168.48899999999998,179.319,inf,197.12,197.12
200,T3,BESTEFFORT,COMPLETED,m1-1,47.289,"{'m1-1': 1.08, 'm2-1': 110.63, 'm3-1': 100.52, 'm4-1': 10.86, 'm5-1': 10.83, 'm6-1': 11.07, 'm7-1': 107.94, 'm8-1': 102.76}",1.62,143.21000000000006,144.29000000000008,inf,197.289,197.289
201,T1,BESTEFFORT,COMPLETED,m1-1,47.352,"{'m1-1': 1.11, 'm2-1': 107.54, 'm3-1': 101.64, 'm4-1': 10.67, 'm5-1': 9.78, 'm6-1': 10.88, 'm7-1': 94.35, 'm8-1': 102.06}",1.665,142.10000000000005,143.21000000000006,inf,197.352,197.352
202,T1,BESTEFFORT,COMPLETED,m1-1,47.537,"{'m1-1': 1.15, 'm2-1': 114.16, 'm3-1': 117.93, 'm4-1': 9.74, 'm5-1': 10.41, 'm6-1': 9.85, 'm7-1': 109.11, 'm8-1': 112.22}",1.7249999999999999,144.29000000000008,145.44000000000008,inf,197.537,197.537
203,T1,BESTEFFORT,COMPLETED,m1-1,48.11,"{'m1-1': 1.16, 'm2-1': 100.9, 'm3-1': 110.99, 'm4-1': 10.17, 'm5-1': 10.73, 'm6-1': 11.16, 'm7-1': 100.6, 'm8-1': 111.08}",1.7399999999999998,145.44000000000008,146.60000000000008,inf,198.11,198.11
204,T3,BESTEFFORT,COMPLETED,m4-1,48.38,"{'m1-1': 0.99, 'm2-1': 98.62, 'm3-1': 113.1, 'm4-1': 10.35, 'm5-1': 10.44, 'm6-1': 11.27, 'm7-1': 103.82, 'm8-1': 101.5}",15.524999999999999,171.32100000000003,181.67100000000002,inf,198.38,198.38
205,T4,BESTEFFORT,COMPLETED,m5-1,48.742,"{'m1-1': 1.04, 'm2-1': 117.05, 'm3-1': 105.53, 'm4-1': 10.68, 'm5-1': 10.14, 'm6-1': 10.31, 'm7-1': 102.74, 'm8-1': 96.13}",15.21,174.15599999999998,184.296,inf,198.742,198.742
206,T2,BESTEFFORT,COMPLETED,m1-1,49.301,"{'m1-1': 0.96, 'm2-1': 102.82, 'm3-1': 97.5, 'm4-1': 10.04, 'm5-1': 10.44, 'm6-1': 11.09, 'm7-1': 103.84, 'm8-1': 103.11}",1.44,146.60000000000008,147.5600000000001,inf,199.301,199.301
207,T1,BESTEFFORT,COMPLETED,m1-1,49.43,"{'m1-1': 1.0, 'm2-1': 103.05, 'm3-1': 115.07, 'm4-1': 9.67, 'm5-1': 11.08, 'm6-1': 10.76, 'm7-1': 98.38, 'm8-1': 105.51}",1.5,147.5600000000001,148.5600000000001,inf,199.43,199.43
208,T1,BESTEFFORT,COMPLETED,m6-1,49.495,"{'m1-1': 1.06, 'm2-1': 105.94, 'm3-1': 106.51, 'm4-1': 10.96, 'm5-1': 9.93, 'm6-1': 11.08, 'm7-1': 99.96, 'm8-1': 102.66}",16.62,179.319,190.399,inf,199.495,199.495
209,T4,BESTEFFORT,COMPLETED,m1-1,49.497,"{'m1-1': 1.08, 'm2-1': 103.5, 'm3-1': 95.32, 'm4-1': 9.66, 'm5-1': 11.6, 'm6-1': 11.63, 'm7-1': 108.75, 'm8-1': 111.41}",1.62,149.63000000000008,150.7100000000001,inf,199.497,199.497
210,T1,BESTEFFORT,COMPLETED,m1-1,49.516,"{'m1-1': 1.07, 'm2-1': 106.61, 'm3-1': 118.18, 'm4-1': 9.71, 'm5-1': 10.83, 'm6-1': 10.71, 'm7-1': 100.89, 'm8-1': 101.85}",1.605,148.5600000000001,149.63000000000008,inf,199.516,199.516
211,T4,BESTEFFORT,COMPLETED,m1-1,50.04,"{'m1-1': 1.03, 'm2-1': 108.6, 'm3-1': 105.45, 'm4-1': 9.78, 'm5-1': 10.25, 'm6-1': 10.32, 'm7-1': 110.32, 'm8-1': 103.26}",1.545,150.7100000000001,151.7400000000001,inf,200.04,200.04
212,T2,BESTEFFORT,COMPLETED,m1-1,50.501,"{'m1-1': 1.05, 'm2-1': 96.88, 'm3-1': 101.73, 'm4-1': 10.07, 'm5-1': 10.61, 'm6-1': 10.48, 'm7-1': 99.59, 'm8-1': 98.97}",1.5750000000000002,151.7400000000001,152.7900000000001,inf,200.501,200.501
213,T4,BESTEFFORT,COMPLETED,m1-1,50.872,"{'m1-1': 1.18, 'm2-1': 110.04, 'm3-1': 107.47, 'm4-1': 10.6, 'm5-1': 10.51, 'm6-1': 11.4, 'm7-1': 114.14, 'm8-1': 109.3}",1.77,152.7900000000001,153.9700000000001,inf,200.872,200.872
214,T1,BESTEFFORT,COMPLETED,m1-1,50.988,"{'m1-1': 1.05, 'm2-1': 101.11, 'm3-1': 105.59, 'm4-1': 11.15, 'm5-1': 10.66, 'm6-1': 10.63, 'm7-1': 101.14, 'm8-1': 95.56}",1.5750000000000002,153.9700000000001,155.02000000000012,inf,200.988,200.988
215,T2,BESTEFFORT,COMPLETED,m4-1,51.107,"{'m1-1': 0.98, 'm2-1': 107.54, 'm3-1': 96.52, 'm4-1': 11.1, 'm5-1': 10.85, 'm6-1': 11.34, 'm7-1': 101.88, 'm8-1': 95.89}",16.65,181.67100000000002,192.77100000000002,inf,201.107,201.107
216,T3,BESTEFFORT,COMPLETED,m1-1,51.241,"{'m1-1': 1.04, 'm2-1': 105.36, 'm3-1': 106.43, 'm4-1': 11.71, 'm5-1': 11.58, 'm6-1': 10.6, 'm7-1': 106.92, 'm8-1': 108.41}",1.56,155.02000000000012,156.06000000000012,inf,201.24099999999999,201.24099999999999
217,T1,BESTEFFORT,COMPLETED,m1-1,51.345,"{'m1-1': 1.0, 'm2-1': 115.06, 'm3-1': 113.8, 'm4-1': 11.4, 'm5-1': 9.86, 'm6-1': 9.87, 'm7-1': 94.14, 'm8-1': 110.47}",1.5,156.06000000000012,157.06000000000012,inf,201.345,201.345
218,T2,BESTEFFORT,COMPLETED,m5-1,51.472,"{'m1-1': 0.97, 'm2-1': 110.72, 'm3-1': 94.23, 'm4-1': 11.64, 'm5-1': 11.48, 'm6-1': 11.29, 'm7-1': 100.7, 'm8-1': 106.72}",17.22,184.296,195.77599999999998,inf,201.472,201.472
219,T4,BESTEFFORT,MISSED,m7-1,52.35,"{'m1-1': 1.13, 'm2-1': 107.95, 'm3-1': 103.24, 'm4-1': 10.68, 'm5-1': 10.57, 'm6-1': 10.52, 'm7-1': 104.59, 'm8-1': 101.37}",0.0,256.372,inf,256.372,202.35,202.35
220,T3,BESTEFFORT,COMPLETED,m1-1,52.384,"{'m1-1': 1.05, 'm2-1': 98.29, 'm3-1': 117.18, 'm4-1': 10.03, 'm5-1': 11.14, 'm6-1': 10.97, 'm7-1': 110.39, 'm8-1': 107.21}",1.5750000000000002,157.06000000000012,158.11000000000013,inf,202.38400000000001,202.38400000000001
221,T1,BESTEFFORT,MISSED,m3-1,52.553,"{'m1-1': 1.15, 'm2-1': 104.47, 'm3-1': 106.86, 'm4-1': 10.6, 'm5-1': 11.02, 'm6-1': 10.02, 'm7-1': 97.83, 'm8-1': 101.82}",0.0,280.947,inf,280.947,202.553,202.553
222,T4,BESTEFFORT,MISSED,m7-1,52.921,"{'m1-1': 1.14, 'm2-1': 103.6, 'm3-1': 99.97, 'm4-1': 11.07, 'm5-1': 10.35, 'm6-1': 11.39, 'm7-1': 108.4, 'm8-1': 103.36}",0.0,256.372,inf,256.372,202.921,202.921
223,T2,BESTEFFORT,COMPLETED,m1-1,53.188,"{'m1-1': 1.01, 'm2-1': 113.91, 'm3-1': 103.87, 'm4-1': 10.29, 'm5-1': 10.6, 'm6-1': 11.37, 'm7-1': 100.16, 'm8-1': 105.75}",1.5150000000000001,158.11000000000013,159.12000000000012,inf,203.188,203.188
224,T2,BESTEFFORT,COMPLETED,m1-1,53.338,"{'m1-1': 0.96, 'm2-1': 112.23, 'm3-1': 106.1, 'm4-1': 11.39, 'm5-1': 10.1, 'm6-1': 10.01, 'm7-1': 108.12, 'm8-1': 96.68}",1.44,159.12000000000012,160.08000000000013,inf,203.338,203.338
225,T2,BESTEFFORT,MISSED,m8-1,53.851,"{'m1-1': 0.95, 'm2-1': 98.37, 'm3-1': 103.61, 'm4-1': 10.24, 'm5-1': 11.24, 'm6-1': 9.83, 'm7-1': 100.39, 'm8-1': 97.98}",0.0,253.07599999999996,inf,253.07599999999996,203.851,203.851
226,T1,BESTEFFORT,COMPLETED,m1-1,53.879,"{'m1-1': 1.06, 'm2-1': 105.56, 'm3-1': 104.47, 'm4-1': 10.41, 'm5-1': 10.28, 'm6-1': 9.74, 'm7-1': 94.24, 'm8-1': 109.68}",1.59,160.08000000000013,161.14000000000013,inf,203.879,203.879
227,T2,BESTEFFORT,COMPLETED,m1-1,54.114,"{'m1-1': 0.94, 'm2-1': 105.65, 'm3-1': 94.72, 'm4-1': 11.66, 'm5-1': 11.43, 'm6-1': 10.16, 'm7-1': 114.81, 'm8-1': 99.22}",1.41,161.14000000000013,162.08000000000013,inf,204.114,204.114
228,T4,BESTEFFORT,MISSED,m8-1,54.164,"{'m1-1': 1.14, 'm2-1': 112.71, 'm3-1': 110.22, 'm4-1': 11.04, 'm5-1': 11.07, 'm6-1': 10.52, 'm7-1': 108.82, 'm8-1': 96.95}",0.0,253.07599999999996,inf,253.07599999999996,204.164,204.164
229,T3,BESTEFFORT,MISSED,m8-1,54.372,"{'m1-1': 1.03, 'm2-1': 106.68, 'm3-1': 99.57, 'm4-1': 11.21, 'm5-1': 10.6, 'm6-1': 11.38, 'm7-1': 97.42, 'm8-1': 107.14}",0.0,253.07599999999996,inf,253.07599999999996,204.372,204.372
230,T2,BESTEFFORT,COMPLETED,m6-1,55.007,"{'m1-1': 0.94, 'm2-1': 110.6, 'm3-1': 95.94, 'm4-1': 9.93, 'm5-1': 10.38, 'm6-1': 11.57, 'm7-1': 110.46, 'm8-1': 95.89}",17.355,190.399,201.969,inf,205.007,205.007
231,T4,BESTEFFORT,MISSED,m7-1,55.365,"{'m1-1': 1.17, 'm2-1': 117.96, 'm3-1': 98.5, 'm4-1': 9.8, 'm5-1': 11.64, 'm6-1': 11.09, 'm7-1': 109.88, 'm8-1': 109.24}",0.0,256.372,inf,256.372,205.365,205.365
232,T4,BESTEFFORT,MISSED,m2-1,55.538,"{'m1-1': 1.0, 'm2-1': 117.94, 'm3-1': 110.7, 'm4-1': 9.94, 'm5-1': 11.21, 'm6-1': 11.03, 'm7-1': 107.22, 'm8-1': 108.99}",0.0,252.667,inf,252.667,205.538,205.538
233,T4,BESTEFFORT,MISSED,m2-1,55.552,"{'m1-1': 1.11, 'm2-1': 105.01, 'm3-1': 102.47, 'm4-1': 10.79, 'm5-1': 11.42, 'm6-1': 10.19, 'm7-1': 102.31, 'm8-1': 99.81}",0.0,252.667,inf,252.667,205.552,205.552
234,T1,BESTEFFORT,COMPLETED,m1-1,56.581,"{'m1-1': 1.12, 'm2-1': 103.83, 'm3-1': 104.74, 'm4-1': 10.87, 'm5-1': 10.75, 'm6-1': 11.19, 'm7-1': 109.95, 'm8-1': 101.32}",1.6800000000000002,162.08000000000013,163.20000000000013,inf,206.58100000000002,206.58100000000002
235,T3,BESTEFFORT,COMPLETED,m1-1,56.797,"{'m1-1': 1.0, 'm2-1': 106.3, 'm3-1': 113.56, 'm4-1': 11.76, 'm5-1': 11.73, 'm6-1': 9.74, 'm7-1': 112.37, 'm8-1': 97.02}",1.5,163.20000000000013,164.20000000000013,inf,206.797,206.797
236,T1,BESTEFFORT,MISSED,m2-1,57.092,"{'m1-1': 1.08, 'm2-1': 117.28, 'm3-1': 112.44, 'm4-1': 11.3, 'm5-1': 10.35, 'm6-1': 9.72, 'm7-1': 105.72, 'm8-1': 112.05}",0.0,252.667,inf,252.667,207.09199999999998,207.09199999999998
237,T2,BESTEFFORT,COMPLETED,m4-1,57.181,"{'m1-1': 1.11, 'm2-1': 114.05, 'm3-1': 98.16, 'm4-1': 10.86, 'm5-1': 11.68, 'm6-1': 10.82, 'm7-1': 114.02, 'm8-1': 102.86}",16.29,192.77100000000002,203.63100000000003,inf,207.18099999999998,207.18099999999998
238,T4,BESTEFFORT,COMPLETED,m1-1,57.499,"{'m1-1': 1.14, 'm2-1': 104.14, 'm3-1': 103.24, 'm4-1': 9.55, 'm5-1': 10.46, 'm6-1': 11.48, 'm7-1': 101.63, 'm8-1': 100.79}",1.71,164.20000000000013,165.34000000000012,inf,207.499,207.499
239,T1,BESTEFFORT,COMPLETED,m1-1,57.536,"{'m1-1': 1.02, 'm2-1': 111.31, 'm3-1': 109.6, 'm4-1': 10.07, 'm5-1': 10.58, 'm6-1': 11.18, 'm7-1': 94.63, 'm8-1': 104.87}",1.53,165.34000000000012,166.36000000000013,inf,207.536,207.536
240,T2,BESTEFFORT,COMPLETED,m5-1,57.578,"{'m1-1': 0.93, 'm2-1': 109.21, 'm3-1': 102.99, 'm4-1': 10.47, 'm5-1': 11.62, 'm6-1': 10.74, 'm7-1': 103.74, 'm8-1': 104.06}",17.43,195.77599999999998,207.396,inf,207.578,207.578
241,T4,BESTEFFORT,COMPLETED,m1-1,58.298,"{'m1-1': 1.1, 'm2-1': 101.19, 'm3-1': 109.07, 'm4-1': 9.75, 'm5-1': 10.22, 'm6-1': 10.02, 'm7-1': 107.82, 'm8-1': 104.34}",1.6500000000000001,166.36000000000013,167.46000000000012,inf,208.298,208.298
242,T4,BESTEFFORT,COMPLETED,m1-1,58.381,"{'m1-1': 1.03, 'm2-1': 103.1, 'm3-1': 109.04, 'm4-1': 11.0, 'm5-1': 11.56, 'm6-1': 11.1, 'm7-1': 108.93, 'm8-1': 103.27}",1.545,167.46000000000012,168.49000000000012,inf,208.381,208.381
243,T3,BESTEFFORT,COMPLETED,m1-1,58.486,"{'m1-1': 0.97, 'm2-1': 102.99, 'm3-1': 100.01, 'm4-1': 10.72, 'm5-1': 10.15, 'm6-1': 10.94, 'm7-1': 108.76, 'm8-1': 94.55}",1.455,168.49000000000012,169.46000000000012,inf,208.486,208.486
244,T4,BESTEFFORT,COMPLETED,m1-1,59.154,"{'m1-1': 1.17, 'm2-1': 106.13, 'm3-1': 108.14, 'm4-1': 10.47, 'm5-1': 11.08, 'm6-1': 10.14, 'm7-1': 108.2, 'm8-1': 98.58}",1.755,170.48000000000013,171.65000000000012,inf,209.154,209.154
245,T1,BESTEFFORT,COMPLETED,m1-1,59.179,"{'m1-1': 1.02, 'm2-1': 100.38, 'm3-1': 112.24, 'm4-1': 11.41, 'm5-1': 10.05, 'm6-1': 10.25, 'm7-1': 103.61, 'm8-1': 97.92}",1.53,169.46000000000012,170.48000000000013,inf,209.179,209.179
246,T2,BESTEFFORT,COMPLETED,m1-1,59.21,"{'m1-1': 0.95, 'm2-1': 96.79, 'm3-1': 95.79, 'm4-1': 10.58, 'm5-1': 10.1, 'm6-1': 10.82, 'm7-1': 105.79, 'm8-1': 101.23}",1.4249999999999998,171.65000000000012,172.6000000000001,inf,209.21,209.21
247,T4,BESTEFFORT,COMPLETED,m1-1,59.446,"{'m1-1': 1.12, 'm2-1': 108.9, 'm3-1': 97.22, 'm4-1': 10.27, 'm5-1': 11.33, 'm6-1': 11.52, 'm7-1': 114.72, 'm8-1': 96.37}",1.6800000000000002,172.6000000000001,173.7200000000001,inf,209.446,209.446
248,T3,BESTEFFORT,COMPLETED,m1-1,60.257,"{'m1-1': 0.98, 'm2-1': 94.92, 'm3-1': 115.78, 'm4-1': 11.27, 'm5-1': 11.36, 'm6-1': 10.9, 'm7-1': 104.61, 'm8-1': 97.38}",1.47,173.7200000000001,174.7000000000001,inf,210.257,210.257
249,T3,BESTEFFORT,COMPLETED,m1-1,60.284,"{'m1-1': 1.0, 'm2-1': 101.72, 'm3-1': 110.21, 'm4-1': 10.46, 'm5-1': 10.17, 'm6-1': 10.81, 'm7-1': 109.97, 'm8-1': 102.33}",1.5,174.7000000000001,175.7000000000001,inf,210.284,210.284
250,T3,BESTEFFORT,COMPLETED,m1-1,60.56,"{'m1-1': 0.94, 'm2-1': 96.79, 'm3-1': 101.68, 'm4-1': 11.4, 'm5-1': 10.01, 'm6-1': 11.1, 'm7-1': 111.31, 'm8-1': 108.39}",1.41,175.7000000000001,176.6400000000001,inf,210.56,210.56
251,T1,BESTEFFORT,COMPLETED,m1-1,60.625,"{'m1-1': 1.14, 'm2-1': 117.52, 'm3-1': 117.4, 'm4-1': 11.4, 'm5-1': 9.87, 'm6-1': 10.02, 'm7-1': 105.14, 'm8-1': 108.16}",1.71,176.6400000000001,177.7800000000001,inf,210.625,210.625
252,T2,BESTEFFORT,COMPLETED,m1-1,60.807,"{'m1-1': 1.11, 'm2-1': 113.76, 'm3-1': 103.35, 'm4-1': 11.61, 'm5-1': 10.63, 'm6-1': 10.92, 'm7-1': 115.8, 'm8-1': 93.13}",1.665,177.7800000000001,178.8900000000001,inf,210.80700000000002,210.80700000000002
253,T3,BESTEFFORT,MISSED,m3-1,60.869,"{'m1-1': 1.09, 'm2-1': 100.79, 'm3-1': 107.86, 'm4-1': 11.62, 'm5-1': 10.77, 'm6-1': 10.42, 'm7-1': 107.83, 'm8-1': 93.6}",0.0,280.947,inf,280.947,210.869,210.869
254,T3,BESTEFFORT,COMPLETED,m1-1,61.348,"{'m1-1': 0.98, 'm2-1': 108.56, 'm3-1': 115.06, 'm4-1': 11.12, 'm5-1': 10.54, 'm6-1': 10.67, 'm7-1': 108.15, 'm8-1': 97.69}",1.47,178.8900000000001,179.8700000000001,inf,211.348,211.348
255,T1,BESTEFFORT,COMPLETED,m1-1,61.682,"{'m1-1': 1.08, 'm2-1': 111.02, 'm3-1': 109.88, 'm4-1': 10.83, 'm5-1': 9.97, 'm6-1': 10.08, 'm7-1': 102.04, 'm8-1': 111.54}",1.62,179.8700000000001,180.9500000000001,inf,211.68200000000002,211.68200000000002
256,T2,BESTEFFORT,COMPLETED,m1-1,61.903,"{'m1-1': 1.05, 'm2-1': 96.17, 'm3-1': 102.88, 'm4-1': 10.7, 'm5-1': 11.88, 'm6-1': 11.29, 'm7-1': 107.76, 'm8-1': 93.76}",1.5750000000000002,181.9400000000001,182.99000000000012,inf,211.903,211.903
257,T3,BESTEFFORT,COMPLETED,m1-1,62.0,"{'m1-1': 0.99, 'm2-1': 103.3, 'm3-1': 102.69, 'm4-1': 10.72, 'm5-1': 10.6, 'm6-1': 10.9, 'm7-1': 107.64, 'm8-1': 104.62}",1.4849999999999999,180.9500000000001,181.9400000000001,inf,212.0,212.0
258,T2,BESTEFFORT,MISSED,m6-1,62.183,"{'m1-1': 1.01, 'm2-1': 98.54, 'm3-1': 105.8, 'm4-1': 10.32, 'm5-1': 10.94, 'm6-1': 10.37, 'm7-1': 111.04, 'm8-1': 102.22}",15.320999999999998,201.969,inf,212.183,212.183,212.183
259,T3,BESTEFFORT,COMPLETED,m1-1,62.388,"{'m1-1': 1.02, 'm2-1': 104.85, 'm3-1': 102.72, 'm4-1': 10.19, 'm5-1': 10.46, 'm6-1': 9.9, 'm7-1': 99.8, 'm8-1': 95.54}",1.53,182.99000000000012,184.01000000000013,inf,212.388,212.388
260,T3,BESTEFFORT,COMPLETED,m1-1,62.963,"{'m1-1': 1.08, 'm2-1': 98.91, 'm3-1': 109.53, 'm4-1': 10.59, 'm5-1': 11.16, 'm6-1': 11.06, 'm7-1': 99.12, 'm8-1': 104.9}",1.62,184.01000000000013,185.09000000000015,inf,212.963,212.963
261,T4,BESTEFFORT,COMPLETED,m1-1,63.159,"{'m1-1': 1.18, 'm2-1': 100.76, 'm3-1': 109.91, 'm4-1': 10.72, 'm5-1': 10.98, 'm6-1': 10.35, 'm7-1': 104.18, 'm8-1': 109.26}",1.77,185.09000000000015,186.27000000000015,inf,213.159,213.159
262,T1,BESTEFFORT,COMPLETED,m1-1,63.348,"{'m1-1': 1.16, 'm2-1': 117.9, 'm3-1': 114.02, 'm4-1': 10.52, 'm5-1': 10.08, 'm6-1': 11.0, 'm7-1': 106.73, 'm8-1': 111.5}",1.7399999999999998,186.27000000000015,187.43000000000015,inf,213.348,213.348
263,T4,BESTEFFORT,COMPLETED,m1-1,63.469,"{'m1-1': 1.18, 'm2-1': 112.91, 'm3-1': 105.55, 'm4-1': 10.87, 'm5-1': 11.46, 'm6-1': 11.34, 'm7-1': 103.07, 'm8-1': 103.08}",1.77,187.43000000000015,188.61000000000016,inf,213.469,213.469
264,T3,BESTEFFORT,COMPLETED,m1-1,63.78,"{'m1-1': 0.96, 'm2-1': 100.79, 'm3-1': 101.09, 'm4-1': 10.47, 'm5-1': 11.32, 'm6-1': 10.9, 'm7-1': 98.32, 'm8-1': 107.82}",1.44,188.61000000000016,189.57000000000016,inf,213.78,213.78
265,T2,BESTEFFORT,COMPLETED,m1-1,63.894,"{'m1-1': 0.98, 'm2-1': 109.54, 'm3-1': 94.62, 'm4-1': 11.23, 'm5-1': 10.65, 'm6-1': 10.53, 'm7-1': 108.76, 'm8-1': 94.31}",1.47,189.57000000000016,190.55000000000015,inf,213.894,213.894
266,T3,BESTEFFORT,COMPLETED,m1-1,64.28,"{'m1-1': 1.05, 'm2-1': 109.37, 'm3-1': 105.04, 'm4-1': 11.06, 'm5-1': 11.8, 'm6-1': 11.39, 'm7-1': 109.87, 'm8-1': 106.67}",1.5750000000000002,190.55000000000015,191.60000000000016,inf,214.28,214.28
267,T1,BESTEFFORT,MISSED,m3-1,64.376,"{'m1-1': 1.15, 'm2-1': 103.62, 'm3-1': 115.58, 'm4-1': 11.24, 'm5-1': 9.57, 'm6-1': 10.67, 'm7-1': 100.5, 'm8-1': 101.43}",0.0,280.947,inf,280.947,214.376,214.376
268,T4,BESTEFFORT,COMPLETED,m1-1,64.42,"{'m1-1': 1.0, 'm2-1': 104.96, 'm3-1': 106.17, 'm4-1': 10.55, 'm5-1': 10.83, 'm6-1': 11.21, 'm7-1': 102.04, 'm8-1': 98.37}",1.5,191.60000000000016,192.60000000000016,inf,214.42000000000002,214.42000000000002
269,T2,BESTEFFORT,COMPLETED,m1-1,64.524,"{'m1-1': 0.94, 'm2-1': 110.27, 'm3-1': 101.16, 'm4-1': 11.6, 'm5-1': 10.78, 'm6-1': 11.19, 'm7-1': 104.02, 'm8-1': 105.09}",1.41,192.60000000000016,193.54000000000016,inf,214.524,214.524
270,T4,BESTEFFORT,COMPLETED,m1-1,64.672,"{'m1-1': 1.08, 'm2-1': 114.96, 'm3-1': 102.87, 'm4-1': 9.72, 'm5-1': 11.38, 'm6-1': 10.32, 'm7-1': 109.25, 'm8-1': 105.66}",1.62,193.54000000000016,194.62000000000018,inf,214.672,214.672
271,T4,BESTEFFORT,COMPLETED,m1-1,64.831,"{'m1-1': 1.18, 'm2-1': 101.87, 'm3-1': 106.5, 'm4-1': 9.97, 'm5-1': 10.01, 'm6-1': 10.66, 'm7-1': 103.17, 'm8-1': 108.18}",1.77,194.62000000000018,195.80000000000018,inf,214.83100000000002,214.83100000000002
272,T3,BESTEFFORT,COMPLETED,m1-1,65.143,"{'m1-1': 1.07, 'm2-1': 103.48, 'm3-1': 110.97, 'm4-1': 10.56, 'm5-1': 11.52, 'm6-1': 10.98, 'm7-1': 109.93, 'm8-1': 98.72}",1.605,195.80000000000018,196.87000000000018,inf,215.143,215.143
273,T4,BESTEFFORT,COMPLETED,m1-1,65.428,"{'m1-1': 1.06, 'm2-1': 115.81, 'm3-1': 107.45, 'm4-1': 10.44, 'm5-1': 11.6, 'm6-1': 10.42, 'm7-1': 114.54, 'm8-1': 94.93}",1.59,196.87000000000018,197.93000000000018,inf,215.428,215.428
274,T3,BESTEFFORT,COMPLETED,m1-1,65.618,"{'m1-1': 1.05, 'm2-1': 97.96, 'm3-1': 118.0, 'm4-1': 10.23, 'm5-1': 10.49, 'm6-1': 10.09, 'm7-1': 97.86, 'm8-1': 96.0}",1.5750000000000002,197.93000000000018,198.9800000000002,inf,215.618,215.618
275,T3,BESTEFFORT,COMPLETED,m1-1,65.846,"{'m1-1': 1.01, 'm2-1': 97.73, 'm3-1': 101.18, 'm4-1': 11.78, 'm5-1': 10.27, 'm6-1': 11.41, 'm7-1': 103.29, 'm8-1': 109.64}",1.5150000000000001,198.9800000000002,199.99000000000018,inf,215.846,215.846
276,T2,BESTEFFORT,COMPLETED,m1-1,65.868,"{'m1-1': 1.0, 'm2-1': 111.54, 'm3-1': 107.92, 'm4-1': 10.98, 'm5-1': 10.94, 'm6-1': 11.1, 'm7-1': 113.56, 'm8-1': 106.73}",1.5,199.99000000000018,200.99000000000018,inf,215.868,215.868
277,T3,BESTEFFORT,COMPLETED,m1-1,66.299,"{'m1-1': 0.96, 'm2-1': 98.01, 'm3-1': 115.92, 'm4-1': 11.52, 'm5-1': 10.85, 'm6-1': 10.54, 'm7-1': 110.01, 'm8-1': 100.49}",1.44,200.99000000000018,201.9500000000002,inf,216.299,216.299
278,T2,BESTEFFORT,COMPLETED,m4-1,66.485,"{'m1-1': 1.01, 'm2-1': 99.28, 'm3-1': 95.18, 'm4-1': 11.01, 'm5-1': 11.2, 'm6-1': 9.92, 'm7-1': 103.44, 'm8-1': 95.72}",16.515,203.63100000000003,214.64100000000002,inf,216.485,216.485
279,T3,BESTEFFORT,COMPLETED,m5-1,67.513,"{'m1-1': 0.99, 'm2-1': 105.11, 'm3-1': 104.83, 'm4-1': 11.52, 'm5-1': 9.99, 'm6-1': 11.01, 'm7-1': 98.58, 'm8-1': 100.82}",14.985,207.396,217.386,inf,217.513,217.513
280,T1,BESTEFFORT,COMPLETED,m1-1,67.533,"{'m1-1': 1.01, 'm2-1': 112.07, 'm3-1': 103.6, 'm4-1': 11.16, 'm5-1': 10.4, 'm6-1': 10.56, 'm7-1': 109.39, 'm8-1': 99.18}",1.5150000000000001,201.9500000000002,202.96000000000018,inf,217.53300000000002,217.53300000000002
281,T1,BESTEFFORT,COMPLETED,m1-1,67.939,"{'m1-1': 1.05, 'm2-1': 113.52, 'm3-1': 117.74, 'm4-1': 10.03, 'm5-1': 9.83, 'm6-1': 10.92, 'm7-1': 107.55, 'm8-1': 110.88}",1.5750000000000002,202.96000000000018,204.0100000000002,inf,217.939,217.939
282,T2,BESTEFFORT,COMPLETED,m1-1,68.481,"{'m1-1': 1.08, 'm2-1': 105.05, 'm3-1': 107.04, 'm4-1': 11.56, 'm5-1': 10.4, 'm6-1': 11.14, 'm7-1': 104.04, 'm8-1': 100.45}",1.62,204.0100000000002,205.0900000000002,inf,218.481,218.481
283,T3,BESTEFFORT,COMPLETED,m1-1,68.85,"{'m1-1': 0.99, 'm2-1': 110.29, 'm3-1': 111.35, 'm4-1': 10.49, 'm5-1': 10.95, 'm6-1': 11.05, 'm7-1': 107.62, 'm8-1': 105.57}",1.4849999999999999,205.0900000000002,206.0800000000002,inf,218.85,218.85
284,T4,BESTEFFORT,COMPLETED,m1-1,68.992,"{'m1-1': 1.15, 'm2-1': 104.12, 'm3-1': 94.25, 'm4-1': 10.19, 'm5-1': 11.37, 'm6-1': 11.33, 'm7-1': 102.63, 'm8-1': 106.05}",1.7249999999999999,206.0800000000002,207.23000000000022,inf,218.99200000000002,218.99200000000002
285,T1,BESTEFFORT,COMPLETED,m1-1,69.28,"{'m1-1': 1.03, 'm2-1': 117.89, 'm3-1': 116.06, 'm4-1': 11.02, 'm5-1': 10.87, 'm6-1': 10.14, 'm7-1': 98.37, 'm8-1': 98.47}",1.545,207.23000000000022,208.26000000000022,inf,219.28,219.28
286,T2,BESTEFFORT,COMPLETED,m1-1,69.692,"{'m1-1': 0.96, 'm2-1': 111.79, 'm3-1': 106.43, 'm4-1': 10.01, 'm5-1': 11.25, 'm6-1': 11.19, 'm7-1': 98.65, 'm8-1': 104.47}",1.44,208.26000000000022,209.22000000000023,inf,219.692,219.692
287,T2,BESTEFFORT,COMPLETED,m1-1,69.876,"{'m1-1': 1.08, 'm2-1': 108.22, 'm3-1': 110.86, 'm4-1': 10.06, 'm5-1': 10.65, 'm6-1': 9.88, 'm7-1': 102.51, 'm8-1': 95.04}",1.62,209.22000000000023,210.30000000000024,inf,219.876,219.876
288,T3,BESTEFFORT,COMPLETED,m1-1,69.997,"{'m1-1': 0.94, 'm2-1': 94.01, 'm3-1': 103.01, 'm4-1': 10.98, 'm5-1': 10.55, 'm6-1': 10.7, 'm7-1': 105.61, 'm8-1': 101.68}",1.41,211.34000000000023,212.28000000000023,inf,219.997,219.997
289,T2,BESTEFFORT,COMPLETED,m1-1,70.074,"{'m1-1': 0.94, 'm2-1': 110.34, 'm3-1': 97.77, 'm4-1': 11.24, 'm5-1': 10.87, 'm6-1': 10.12, 'm7-1': 106.32, 'm8-1': 100.56}",1.41,212.28000000000023,213.22000000000023,inf,220.074,220.074
290,T3,BESTEFFORT,COMPLETED,m1-1,70.103,"{'m1-1': 1.04, 'm2-1': 96.27, 'm3-1': 107.88, 'm4-1': 10.03, 'm5-1': 11.0, 'm6-1': 10.9, 'm7-1': 114.39, 'm8-1': 101.65}",1.56,210.30000000000024,211.34000000000023,inf,220.103,220.103
291,T3,BESTEFFORT,COMPLETED,m1-1,70.312,"{'m1-1': 1.09, 'm2-1': 105.96, 'm3-1': 107.51, 'm4-1': 10.4, 'm5-1': 11.65, 'm6-1': 9.98, 'm7-1': 98.79, 'm8-1': 108.79}",1.6350000000000002,213.22000000000023,214.31000000000023,inf,220.312,220.312
292,T3,BESTEFFORT,COMPLETED,m1-1,71.035,"{'m1-1': 1.1, 'm2-1': 105.44, 'm3-1': 105.7, 'm4-1': 10.38, 'm5-1': 10.76, 'm6-1': 10.01, 'm7-1': 98.95, 'm8-1': 97.19}",1.6500000000000001,214.31000000000023,215.41000000000022,inf,221.035,221.035
293,T2,BESTEFFORT,COMPLETED,m1-1,71.97,"{'m1-1': 1.08, 'm2-1': 99.52, 'm3-1': 101.22, 'm4-1': 10.33, 'm5-1': 10.2, 'm6-1': 10.69, 'm7-1': 116.43, 'm8-1': 104.76}",1.62,215.41000000000022,216.49000000000024,inf,221.97,221.97
294,T1,BESTEFFORT,COMPLETED,m1-1,72.272,"{'m1-1': 1.0, 'm2-1': 103.68, 'm3-1': 105.74, 'm4-1': 10.97, 'm5-1': 11.12, 'm6-1': 10.67, 'm7-1': 103.63, 'm8-1': 95.56}",1.5,216.49000000000024,217.49000000000024,inf,222.272,222.272
295,T4,BESTEFFORT,MISSED,m6-1,72.333,"{'m1-1': 1.04, 'm2-1': 117.34, 'm3-1': 97.69, 'm4-1': 10.2, 'm5-1': 11.42, 'm6-1': 10.21, 'm7-1': 114.53, 'm8-1': 101.98}",15.225000000000009,212.183,inf,222.333,222.333,222.333
296,T2,BESTEFFORT,COMPLETED,m1-1,72.425,"{'m1-1': 0.96, 'm2-1': 99.93, 'm3-1': 100.3, 'm4-1': 9.85, 'm5-1': 10.31, 'm6-1': 10.12, 'm7-1': 110.51, 'm8-1': 94.11}",1.44,218.65000000000023,219.61000000000024,inf,222.425,222.425
297,T4,BESTEFFORT,COMPLETED,m1-1,72.464,"{'m1-1': 1.16, 'm2-1': 111.08, 'm3-1': 97.71, 'm4-1': 9.86, 'm5-1': 10.43, 'm6-1': 10.29, 'm7-1': 113.16, 'm8-1': 95.16}",1.7399999999999998,217.49000000000024,218.65000000000023,inf,222.464,222.464
298,T1,BESTEFFORT,COMPLETED,m1-1,72.679,"{'m1-1': 1.15, 'm2-1': 107.71, 'm3-1': 104.21, 'm4-1': 9.83, 'm5-1': 10.44, 'm6-1': 10.68, 'm7-1': 100.84, 'm8-1': 97.36}",1.7249999999999999,219.61000000000024,220.76000000000025,inf,222.679,222.679
299,T2,BESTEFFORT,CANCELLED,,72.904,"{'m1-1': 0.94, 'm2-1': 104.45, 'm3-1': 103.06, 'm4-1': 11.22, 'm5-1': 10.9, 'm6-1': 10.92, 'm7-1': 116.02, 'm8-1': 108.91}",0.0,inf,inf,inf,222.904,222.904
300,T4,BESTEFFORT,COMPLETED,m1-1,72.918,"{'m1-1': 1.14, 'm2-1': 109.64, 'm3-1': 94.16, 'm4-1': 10.02, 'm5-1': 10.64, 'm6-1': 10.7, 'm7-1': 113.53, 'm8-1': 103.53}",1.71,220.76000000000025,221.90000000000023,inf,222.918,222.918
301,T2,BESTEFFORT,CANCELLED,,72.946,"{'m1-1': 1.07, 'm2-1': 97.86, 'm3-1': 102.88, 'm4-1': 10.52, 'm5-1': 10.96, 'm6-1': 11.54, 'm7-1': 115.4, 'm8-1': 94.49}",0.0,inf,inf,inf,222.946,222.946
302,T3,BESTEFFORT,CANCELLED,,72.969,"{'m1-1': 1.04, 'm2-1': 105.85, 'm3-1': 106.41, 'm4-1': 11.52, 'm5-1': 11.42, 'm6-1': 10.23, 'm7-1': 99.14, 'm8-1': 106.06}",0.0,inf,inf,inf,222.969,222.969
303,T3,BESTEFFORT,COMPLETED,m1-1,73.002,"{'m1-1': 1.1, 'm2-1': 109.83, 'm3-1': 102.16, 'm4-1': 10.27, 'm5-1': 10.76, 'm6-1': 10.94, 'm7-1': 110.34, 'm8-1': 96.13}",1.6500000000000001,221.90000000000023,223.00000000000023,inf,223.002,223.002
304,T4,BESTEFFORT,CANCELLED,,73.04,"{'m1-1': 1.02, 'm2-1': 99.99, 'm3-1': 98.41, 'm4-1': 9.62, 'm5-1': 10.49, 'm6-1': 10.06, 'm7-1': 107.6, 'm8-1': 99.76}",0.0,inf,inf,inf,223.04000000000002,223.04000000000002
305,T3,BESTEFFORT,CANCELLED,,73.216,"{'m1-1': 1.1, 'm2-1': 102.88, 'm3-1': 102.43, 'm4-1': 10.69, 'm5-1': 11.32, 'm6-1': 9.77, 'm7-1': 98.12, 'm8-1': 95.24}",0.0,inf,inf,inf,223.216,223.216
306,T1,BESTEFFORT,CANCELLED,,73.625,"{'m1-1': 1.13, 'm2-1': 103.43, 'm3-1': 111.58, 'm4-1': 10.92, 'm5-1': 11.1, 'm6-1': 10.99, 'm7-1': 104.93, 'm8-1': 98.26}",0.0,inf,inf,inf,223.625,223.625
307,T2,BESTEFFORT,CANCELLED,,73.952,"{'m1-1': 0.95, 'm2-1': 97.57, 'm3-1': 103.4, 'm4-1': 11.1, 'm5-1': 11.02, 'm6-1': 10.76, 'm7-1': 109.57, 'm8-1': 100.36}",0.0,inf,inf,inf,223.952,223.952
308,T1,BESTEFFORT,MISSED,m1-1,74.08,"{'m1-1': 1.16, 'm2-1': 115.5, 'm3-1': 112.71, 'm4-1': 10.87, 'm5-1': 10.81, 'm6-1': 10.57, 'm7-1': 107.04, 'm8-1': 99.27}",1.619999999999635,223.00000000000023,inf,224.07999999999998,224.07999999999998,224.07999999999998
309,T1,BESTEFFORT,CANCELLED,,74.699,"{'m1-1': 1.14, 'm2-1': 113.32, 'm3-1': 118.58, 'm4-1': 10.47, 'm5-1': 10.54, 'm6-1': 9.74, 'm7-1': 109.76, 'm8-1': 98.82}",0.0,inf,inf,inf,224.699,224.699
310,T1,BESTEFFORT,CANCELLED,,74.777,"{'m1-1': 1.05, 'm2-1': 104.58, 'm3-1': 110.05, 'm4-1': 11.41, 'm5-1': 10.75, 'm6-1': 10.35, 'm7-1': 104.32, 'm8-1': 98.64}",0.0,inf,inf,inf,224.777,224.777
311,T1,BESTEFFORT,CANCELLED,,74.797,"{'m1-1': 1.11, 'm2-1': 115.21, 'm3-1': 100.23, 'm4-1': 10.65, 'm5-1': 11.05, 'm6-1': 10.79, 'm7-1': 95.54, 'm8-1': 111.71}",0.0,inf,inf,inf,224.797,224.797
312,T3,BESTEFFORT,CANCELLED,,74.985,"{'m1-1': 1.07, 'm2-1': 109.3, 'm3-1': 104.05, 'm4-1': 11.07, 'm5-1': 10.38, 'm6-1': 9.79, 'm7-1': 98.52, 'm8-1': 98.08}",0.0,inf,inf,inf,224.985,224.985
313,T4,BESTEFFORT,COMPLETED,m1-1,75.268,"{'m1-1': 1.08, 'm2-1': 102.84, 'm3-1': 103.89, 'm4-1': 9.63, 'm5-1': 11.09, 'm6-1': 10.86, 'm7-1': 116.9, 'm8-1': 104.18}",1.62,224.07999999999998,225.16,inf,225.268,225.268
314,T2,BESTEFFORT,MISSED,m4-1,75.582,"{'m1-1': 0.95, 'm2-1': 101.88, 'm3-1': 103.99, 'm4-1': 11.03, 'm5-1': 10.79, 'm6-1': 10.38, 'm7-1': 108.02, 'm8-1': 94.24}",16.41149999999996,214.64100000000002,inf,225.582,225.582,225.582
315,T4,BESTEFFORT,CANCELLED,,76.107,"{'m1-1': 1.11, 'm2-1': 113.89, 'm3-1': 107.72, 'm4-1': 10.58, 'm5-1': 11.61, 'm6-1': 10.68, 'm7-1': 104.24, 'm8-1': 100.2}",0.0,inf,inf,inf,226.107,226.107
316,T1,BESTEFFORT,MISSED,m5-1,76.222,"{'m1-1': 1.12, 'm2-1': 118.59, 'm3-1': 115.59, 'm4-1': 10.78, 'm5-1': 10.61, 'm6-1': 11.32, 'm7-1': 96.56, 'm8-1': 103.41}",13.253999999999976,217.386,inf,226.22199999999998,226.22199999999998,226.22199999999998
317,T3,BESTEFFORT,COMPLETED,m1-1,76.441,"{'m1-1': 0.99, 'm2-1': 105.11, 'm3-1': 105.38, 'm4-1': 10.75, 'm5-1': 11.39, 'm6-1': 10.96, 'm7-1': 109.79, 'm8-1': 103.21}",1.4849999999999999,225.16,226.15,inf,226.441,226.441
318,T1,BESTEFFORT,CANCELLED,,76.825,"{'m1-1': 1.05, 'm2-1': 104.62, 'm3-1': 102.0, 'm4-1': 11.08, 'm5-1': 10.08, 'm6-1': 10.89, 'm7-1': 102.63, 'm8-1': 109.75}",0.0,inf,inf,inf,226.825,226.825
319,T3,BESTEFFORT,CANCELLED,,77.188,"{'m1-1': 1.06, 'm2-1': 104.33, 'm3-1': 103.49, 'm4-1': 10.94, 'm5-1': 11.09, 'm6-1': 10.44, 'm7-1': 103.45, 'm8-1': 97.02}",0.0,inf,inf,inf,227.188,227.188
320,T1,BESTEFFORT,COMPLETED,m1-1,77.8,"{'m1-1': 1.18, 'm2-1': 102.74, 'm3-1': 111.78, 'm4-1': 9.76, 'm5-1': 11.02, 'm6-1': 10.86, 'm7-1': 96.68, 'm8-1': 95.02}",1.77,226.15,227.33,inf,227.8,227.8
321,T2,BESTEFFORT,CANCELLED,,77.859,"{'m1-1': 0.94, 'm2-1': 109.17, 'm3-1': 106.07, 'm4-1': 9.93, 'm5-1': 10.97, 'm6-1': 11.07, 'm7-1': 112.68, 'm8-1': 94.27}",0.0,inf,inf,inf,227.85899999999998,227.85899999999998
322,T2,BESTEFFORT,CANCELLED,,78.075,"{'m1-1': 1.02, 'm2-1': 100.45, 'm3-1': 95.48, 'm4-1': 10.98, 'm5-1': 11.57, 'm6-1': 10.14, 'm7-1': 112.24, 'm8-1': 109.59}",0.0,inf,inf,inf,228.075,228.075
323,T4,BESTEFFORT,COMPLETED,m1-1,78.93,"{'m1-1': 1.06, 'm2-1': 107.12, 'm3-1': 99.2, 'm4-1': 9.54, 'm5-1': 10.39, 'm6-1': 10.22, 'm7-1': 105.17, 'm8-1': 98.57}",1.59,227.33,228.39000000000001,inf,228.93,228.93
324,T1,BESTEFFORT,CANCELLED,,79.147,"{'m1-1': 1.17, 'm2-1': 102.99, 'm3-1': 118.54, 'm4-1': 9.76, 'm5-1': 10.43, 'm6-1': 9.66, 'm7-1': 97.04, 'm8-1': 112.92}",0.0,inf,inf,inf,229.147,229.147
325,T4,BESTEFFORT,CANCELLED,,79.2,"{'m1-1': 1.0, 'm2-1': 104.76, 'm3-1': 106.57, 'm4-1': 10.31, 'm5-1': 11.22, 'm6-1': 10.33, 'm7-1': 104.23, 'm8-1': 111.83}",0.0,inf,inf,inf,229.2,229.2
326,T3,BESTEFFORT,COMPLETED,m1-1,79.59,"{'m1-1': 1.03, 'm2-1': 106.72, 'm3-1': 99.65, 'm4-1': 10.34, 'm5-1': 10.24, 'm6-1': 11.19, 'm7-1': 98.55, 'm8-1': 103.57}",1.545,228.39000000000001,229.42000000000002,inf,229.59,229.59
327,T1,BESTEFFORT,CANCELLED,,79.69,"{'m1-1': 1.04, 'm2-1': 107.26, 'm3-1': 104.64, 'm4-1': 10.1, 'm5-1': 10.24, 'm6-1': 9.61, 'm7-1': 110.5, 'm8-1': 104.61}",0.0,inf,inf,inf,229.69,229.69
328,T2,BESTEFFORT,CANCELLED,,80.022,"{'m1-1': 1.01, 'm2-1': 106.18, 'm3-1': 105.56, 'm4-1': 10.93, 'm5-1': 10.87, 'm6-1': 11.4, 'm7-1': 104.48, 'm8-1': 95.75}",0.0,inf,inf,inf,230.022,230.022
329,T1,BESTEFFORT,CANCELLED,,80.148,"{'m1-1': 1.05, 'm2-1': 109.33, 'm3-1': 114.66, 'm4-1': 10.86, 'm5-1': 9.55, 'm6-1': 10.21, 'm7-1': 93.66, 'm8-1': 98.32}",0.0,inf,inf,inf,230.148,230.148
330,T3,BESTEFFORT,CANCELLED,,80.16,"{'m1-1': 0.96, 'm2-1': 94.02, 'm3-1': 115.9, 'm4-1': 9.96, 'm5-1': 10.54, 'm6-1': 11.01, 'm7-1': 110.57, 'm8-1': 95.75}",0.0,inf,inf,inf,230.16,230.16
331,T2,BESTEFFORT,CANCELLED,,80.217,"{'m1-1': 1.07, 'm2-1': 111.42, 'm3-1': 102.69, 'm4-1': 11.29, 'm5-1': 11.39, 'm6-1': 11.52, 'm7-1': 99.91, 'm8-1': 106.28}",0.0,inf,inf,inf,230.21699999999998,230.21699999999998
332,T1,BESTEFFORT,CANCELLED,,80.333,"{'m1-1': 1.01, 'm2-1': 103.22, 'm3-1': 118.6, 'm4-1': 10.37, 'm5-1': 10.58, 'm6-1': 10.63, 'm7-1': 101.12, 'm8-1': 110.17}",0.0,inf,inf,inf,230.333,230.333
333,T2,BESTEFFORT,COMPLETED,m1-1,80.685,"{'m1-1': 1.01, 'm2-1': 107.16, 'm3-1': 99.08, 'm4-1': 11.0, 'm5-1': 11.58, 'm6-1': 11.57, 'm7-1': 109.53, 'm8-1': 94.09}",1.5150000000000001,229.42000000000002,230.43,inf,230.685,230.685
334,T3,BESTEFFORT,CANCELLED,,80.838,"{'m1-1': 1.09, 'm2-1': 107.07, 'm3-1': 108.0, 'm4-1': 9.96, 'm5-1': 11.58, 'm6-1': 11.21, 'm7-1': 101.64, 'm8-1': 104.63}",0.0,inf,inf,inf,230.838,230.838
335,T4,BESTEFFORT,CANCELLED,,81.164,"{'m1-1': 1.08, 'm2-1': 118.05, 'm3-1': 103.82, 'm4-1': 10.36, 'm5-1': 11.73, 'm6-1': 10.12, 'm7-1': 102.5, 'm8-1': 109.86}",0.0,inf,inf,inf,231.164,231.164
336,T2,BESTEFFORT,CANCELLED,,81.166,"{'m1-1': 1.09, 'm2-1': 99.48, 'm3-1': 106.08, 'm4-1': 11.59, 'm5-1': 11.8, 'm6-1': 9.78, 'm7-1': 111.6, 'm8-1': 107.07}",0.0,inf,inf,inf,231.166,231.166
337,T3,BESTEFFORT,COMPLETED,m1-1,81.499,"{'m1-1': 1.06, 'm2-1': 95.33, 'm3-1': 110.95, 'm4-1': 10.1, 'm5-1': 11.32, 'm6-1': 11.27, 'm7-1': 97.43, 'm8-1': 98.31}",1.59,230.43,231.49,inf,231.499,231.499
338,T3,BESTEFFORT,CANCELLED,,81.66,"{'m1-1': 1.07, 'm2-1': 95.26, 'm3-1': 110.95, 'm4-1': 10.95, 'm5-1': 10.23, 'm6-1': 10.09, 'm7-1': 112.01, 'm8-1': 104.55}",0.0,inf,inf,inf,231.66,231.66
339,T1,BESTEFFORT,CANCELLED,,81.912,"{'m1-1': 1.06, 'm2-1': 102.0, 'm3-1': 104.3, 'm4-1': 9.93, 'm5-1': 11.02, 'm6-1': 11.2, 'm7-1': 95.35, 'm8-1': 99.7}",0.0,inf,inf,inf,231.912,231.912
340,T2,BESTEFFORT,CANCELLED,,82.012,"{'m1-1': 1.1, 'm2-1': 104.97, 'm3-1': 96.46, 'm4-1': 10.38, 'm5-1': 10.29, 'm6-1': 11.38, 'm7-1': 115.4, 'm8-1': 102.4}",0.0,inf,inf,inf,232.012,232.012
341,T4,BESTEFFORT,CANCELLED,,82.235,"{'m1-1': 1.08, 'm2-1': 105.35, 'm3-1': 98.24, 'm4-1': 10.93, 'm5-1': 11.63, 'm6-1': 10.5, 'm7-1': 102.09, 'm8-1': 109.65}",0.0,inf,inf,inf,232.235,232.235
342,T3,BESTEFFORT,MISSED,m1-1,82.487,"{'m1-1': 1.07, 'm2-1': 102.94, 'm3-1': 111.98, 'm4-1': 10.41, 'm5-1': 11.8, 'm6-1': 11.07, 'm7-1': 107.68, 'm8-1': 97.67}",1.4954999999999785,231.49,inf,232.487,232.487,232.487
343,T4,BESTEFFORT,CANCELLED,,82.677,"{'m1-1': 1.0, 'm2-1': 103.21, 'm3-1': 109.66, 'm4-1': 10.46, 'm5-1': 10.63, 'm6-1': 10.73, 'm7-1': 114.82, 'm8-1': 110.33}",0.0,inf,inf,inf,232.67700000000002,232.67700000000002
344,T2,BESTEFFORT,CANCELLED,,82.727,"{'m1-1': 0.96, 'm2-1': 104.06, 'm3-1': 100.95, 'm4-1': 11.49, 'm5-1': 11.33, 'm6-1': 10.31, 'm7-1': 106.77, 'm8-1': 97.18}",0.0,inf,inf,inf,232.727,232.727
345,T4,BESTEFFORT,CANCELLED,,82.89,"{'m1-1': 1.17, 'm2-1': 104.87, 'm3-1': 98.83, 'm4-1': 9.86, 'm5-1': 11.35, 'm6-1': 10.5, 'm7-1': 106.41, 'm8-1': 102.52}",0.0,inf,inf,inf,232.89,232.89
346,T4,BESTEFFORT,CANCELLED,,83.21,"{'m1-1': 1.05, 'm2-1': 112.3, 'm3-1': 95.79, 'm4-1': 9.8, 'm5-1': 11.63, 'm6-1': 10.58, 'm7-1': 116.31, 'm8-1': 95.21}",0.0,inf,inf,inf,233.20999999999998,233.20999999999998
347,T3,BESTEFFORT,CANCELLED,,83.245,"{'m1-1': 1.05, 'm2-1': 101.41, 'm3-1': 105.23, 'm4-1': 11.24, 'm5-1': 10.03, 'm6-1': 9.86, 'm7-1': 98.32, 'm8-1': 105.78}",0.0,inf,inf,inf,233.245,233.245
348,T2,BESTEFFORT,CANCELLED,,83.481,"{'m1-1': 1.0, 'm2-1': 106.88, 'm3-1': 99.26, 'm4-1': 10.98, 'm5-1': 10.08, 'm6-1': 11.54, 'm7-1': 104.03, 'm8-1': 107.5}",0.0,inf,inf,inf,233.481,233.481
349,T1,BESTEFFORT,COMPLETED,m6-1,83.702,"{'m1-1': 1.1, 'm2-1': 108.1, 'm3-1': 102.09, 'm4-1': 10.54, 'm5-1': 10.96, 'm6-1': 9.78, 'm7-1': 98.98, 'm8-1': 98.18}",14.669999999999998,222.333,232.113,inf,233.702,233.702
350,T2,BESTEFFORT,COMPLETED,m1-1,84.221,"{'m1-1': 1.08, 'm2-1': 106.06, 'm3-1': 106.3, 'm4-1': 9.94, 'm5-1': 10.55, 'm6-1': 10.8, 'm7-1': 113.88, 'm8-1': 101.56}",1.62,232.487,233.567,inf,234.221,234.221
351,T4,BESTEFFORT,CANCELLED,,85.013,"{'m1-1': 1.11, 'm2-1': 104.38, 'm3-1': 95.43, 'm4-1': 11.12, 'm5-1': 11.16, 'm6-1': 11.2, 'm7-1': 117.35, 'm8-1': 112.34}",0.0,inf,inf,inf,235.013,235.013
352,T1,BESTEFFORT,COMPLETED,m1-1,85.027,"{'m1-1': 1.12, 'm2-1': 113.82, 'm3-1': 102.72, 'm4-1': 10.94, 'm5-1': 10.24, 'm6-1': 9.66, 'm7-1': 110.75, 'm8-1': 109.57}",1.6800000000000002,233.567,234.687,inf,235.027,235.027
353,T3,BESTEFFORT,CANCELLED,,85.409,"{'m1-1': 1.11, 'm2-1': 98.05, 'm3-1': 103.36, 'm4-1': 11.1, 'm5-1': 11.32, 'm6-1': 9.99, 'm7-1': 113.16, 'm8-1': 107.02}",0.0,inf,inf,inf,235.409,235.409
354,T3,BESTEFFORT,CANCELLED,,85.541,"{'m1-1': 0.98, 'm2-1': 107.9, 'm3-1': 102.72, 'm4-1': 11.69, 'm5-1': 11.36, 'm6-1': 9.99, 'm7-1': 100.37, 'm8-1': 103.16}",0.0,inf,inf,inf,235.541,235.541
355,T3,BESTEFFORT,CANCELLED,,85.602,"{'m1-1': 1.08, 'm2-1': 108.21, 'm3-1': 109.01, 'm4-1': 10.55, 'm5-1': 11.08, 'm6-1': 10.84, 'm7-1': 109.05, 'm8-1': 108.93}",0.0,inf,inf,inf,235.602,235.602
356,T3,BESTEFFORT,MISSED,m4-1,86.01,"{'m1-1': 0.96, 'm2-1': 100.49, 'm3-1': 108.03, 'm4-1': 11.01, 'm5-1': 11.37, 'm6-1': 10.37, 'm7-1': 96.6, 'm8-1': 97.98}",15.641999999999996,225.582,inf,236.01,236.01,236.01
357,T2,BESTEFFORT,COMPLETED,m1-1,86.908,"{'m1-1': 1.04, 'm2-1': 98.46, 'm3-1': 96.71, 'm4-1': 10.67, 'm5-1': 10.48, 'm6-1': 9.88, 'm7-1': 103.51, 'm8-1': 97.91}",1.56,234.687,235.727,inf,236.90800000000002,236.90800000000002
358,T3,BESTEFFORT,COMPLETED,m1-1,87.045,"{'m1-1': 1.04, 'm2-1': 95.4, 'm3-1': 115.06, 'm4-1': 10.77, 'm5-1': 11.46, 'm6-1': 11.13, 'm7-1': 104.12, 'm8-1': 95.28}",1.56,235.727,236.767,inf,237.04500000000002,237.04500000000002
359,T1,BESTEFFORT,CANCELLED,,87.109,"{'m1-1': 1.17, 'm2-1': 112.27, 'm3-1': 108.11, 'm4-1': 9.72, 'm5-1': 10.58, 'm6-1': 9.62, 'm7-1': 106.32, 'm8-1': 100.93}",0.0,inf,inf,inf,237.10899999999998,237.10899999999998
360,T2,BESTEFFORT,CANCELLED,,87.191,"{'m1-1': 0.93, 'm2-1': 113.23, 'm3-1': 109.03, 'm4-1': 11.34, 'm5-1': 11.3, 'm6-1': 10.88, 'm7-1': 105.81, 'm8-1': 101.22}",0.0,inf,inf,inf,237.191,237.191
361,T2,BESTEFFORT,CANCELLED,,87.424,"{'m1-1': 0.97, 'm2-1': 101.85, 'm3-1': 111.27, 'm4-1': 9.95, 'm5-1': 10.12, 'm6-1': 10.22, 'm7-1': 106.23, 'm8-1': 97.69}",0.0,inf,inf,inf,237.424,237.424
362,T3,BESTEFFORT,COMPLETED,m5-1,87.481,"{'m1-1': 1.0, 'm2-1': 108.5, 'm3-1': 102.68, 'm4-1': 11.6, 'm5-1': 10.5, 'm6-1': 11.36, 'm7-1': 109.67, 'm8-1': 101.38}",15.75,226.22199999999998,236.72199999999998,inf,237.481,237.481
363,T3,BESTEFFORT,COMPLETED,m1-1,87.93,"{'m1-1': 0.99, 'm2-1': 99.0, 'm3-1': 102.84, 'm4-1': 10.96, 'm5-1': 11.32, 'm6-1': 10.6, 'm7-1': 109.99, 'm8-1': 99.98}",1.4849999999999999,236.767,237.757,inf,237.93,237.93
364,T1,BESTEFFORT,CANCELLED,,88.153,"{'m1-1': 1.07, 'm2-1': 108.69, 'm3-1': 111.92, 'm4-1': 10.57, 'm5-1': 9.59, 'm6-1': 9.62, 'm7-1': 99.3, 'm8-1': 97.31}",0.0,inf,inf,inf,238.15300000000002,238.15300000000002
365,T3,BESTEFFORT,CANCELLED,,88.319,"{'m1-1': 1.11, 'm2-1': 103.52, 'm3-1': 112.96, 'm4-1': 10.75, 'm5-1': 10.38, 'm6-1': 9.89, 'm7-1': 97.31, 'm8-1': 102.83}",0.0,inf,inf,inf,238.31900000000002,238.31900000000002
366,T3,BESTEFFORT,CANCELLED,,88.505,"{'m1-1': 0.98, 'm2-1': 108.36, 'm3-1': 116.65, 'm4-1': 10.33, 'm5-1': 10.93, 'm6-1': 10.03, 'm7-1': 101.28, 'm8-1': 108.31}",0.0,inf,inf,inf,238.505,238.505
367,T3,BESTEFFORT,COMPLETED,m1-1,88.92,"{'m1-1': 0.98, 'm2-1': 105.19, 'm3-1': 112.96, 'm4-1': 11.22, 'm5-1': 10.41, 'm6-1': 10.56, 'm7-1': 107.11, 'm8-1': 107.52}",1.47,237.757,238.737,inf,238.92000000000002,238.92000000000002
368,T4,BESTEFFORT,CANCELLED,,89.047,"{'m1-1': 1.09, 'm2-1': 115.78, 'm3-1': 99.05, 'm4-1': 10.71, 'm5-1': 11.45, 'm6-1': 11.45, 'm7-1': 108.4, 'm8-1': 99.2}",0.0,inf,inf,inf,239.047,239.047
369,T2,BESTEFFORT,CANCELLED,,89.117,"{'m1-1': 0.98, 'm2-1': 106.32, 'm3-1': 102.15, 'm4-1': 10.72, 'm5-1': 10.29, 'm6-1': 9.85, 'm7-1': 113.94, 'm8-1': 94.32}",0.0,inf,inf,inf,239.11700000000002,239.11700000000002
370,T1,BESTEFFORT,CANCELLED,,89.344,"{'m1-1': 1.0, 'm2-1': 105.15, 'm3-1': 104.33, 'm4-1': 10.61, 'm5-1': 9.93, 'm6-1': 10.07, 'm7-1': 103.63, 'm8-1': 111.9}",0.0,inf,inf,inf,239.344,239.344
371,T2,BESTEFFORT,CANCELLED,,89.48,"{'m1-1': 0.94, 'm2-1': 103.91, 'm3-1': 102.1, 'm4-1': 10.77, 'm5-1': 10.34, 'm6-1': 11.04, 'm7-1': 105.82, 'm8-1': 102.15}",0.0,inf,inf,inf,239.48000000000002,239.48000000000002
372,T1,BESTEFFORT,CANCELLED,,89.559,"{'m1-1': 1.0, 'm2-1': 108.01, 'm3-1': 115.64, 'm4-1': 9.92, 'm5-1': 9.71, 'm6-1': 10.47, 'm7-1': 97.32, 'm8-1': 100.72}",0.0,inf,inf,inf,239.559,239.559
373,T3,BESTEFFORT,CANCELLED,,89.748,"{'m1-1': 1.1, 'm2-1': 107.01, 'm3-1': 100.58, 'm4-1': 10.8, 'm5-1': 11.47, 'm6-1': 9.88, 'm7-1': 102.7, 'm8-1': 105.68}",0.0,inf,inf,inf,239.748,239.748
374,T4,BESTEFFORT,COMPLETED,m1-1,90.002,"{'m1-1': 1.16, 'm2-1': 104.02, 'm3-1': 105.68, 'm4-1': 11.11, 'm5-1': 10.46, 'm6-1': 10.22, 'm7-1': 102.6, 'm8-1': 96.28}",1.7399999999999998,238.737,239.897,inf,240.002,240.002
375,T2,BESTEFFORT,CANCELLED,,90.605,"{'m1-1': 1.0, 'm2-1': 109.76, 'm3-1': 103.44, 'm4-1': 10.25, 'm5-1': 10.44, 'm6-1': 11.52, 'm7-1': 115.25, 'm8-1': 107.21}",0.0,inf,inf,inf,240.60500000000002,240.60500000000002
376,T3,BESTEFFORT,COMPLETED,m1-1,90.956,"{'m1-1': 0.95, 'm2-1': 96.21, 'm3-1': 111.04, 'm4-1': 10.79, 'm5-1': 11.09, 'm6-1': 10.64, 'm7-1': 108.41, 'm8-1': 104.48}",1.4249999999999998,239.897,240.84699999999998,inf,240.95600000000002,240.95600000000002
377,T1,BESTEFFORT,CANCELLED,,91.018,"{'m1-1': 1.04, 'm2-1': 114.7, 'm3-1': 115.56, 'm4-1': 11.06, 'm5-1': 10.82, 'm6-1': 10.1, 'm7-1': 101.47, 'm8-1': 96.66}",0.0,inf,inf,inf,241.018,241.018
378,T4,BESTEFFORT,MISSED,m6-1,91.361,"{'m1-1': 1.03, 'm2-1': 105.87, 'm3-1': 98.08, 'm4-1': 11.2, 'm5-1': 10.7, 'm6-1': 11.44, 'm7-1': 108.89, 'm8-1': 111.51}",0.0,275.51099999999997,inf,275.51099999999997,241.361,241.361
379,T1,BESTEFFORT,CANCELLED,,91.425,"{'m1-1': 1.16, 'm2-1': 101.44, 'm3-1': 110.88, 'm4-1': 11.16, 'm5-1': 11.12, 'm6-1': 11.22, 'm7-1': 94.99, 'm8-1': 108.88}",0.0,inf,inf,inf,241.425,241.425
380,T4,BESTEFFORT,CANCELLED,,91.718,"{'m1-1': 1.02, 'm2-1': 102.51, 'm3-1': 104.92, 'm4-1': 9.62, 'm5-1': 9.94, 'm6-1': 10.66, 'm7-1': 116.27, 'm8-1': 108.41}",0.0,inf,inf,inf,241.71800000000002,241.71800000000002
381,T1,BESTEFFORT,COMPLETED,m1-1,92.001,"{'m1-1': 1.03, 'm2-1': 101.19, 'm3-1': 99.74, 'm4-1': 9.74, 'm5-1': 10.42, 'm6-1': 11.06, 'm7-1': 101.48, 'm8-1': 97.81}",1.545,240.84699999999998,241.87699999999998,inf,242.001,242.001
382,T1,BESTEFFORT,CANCELLED,,92.385,"{'m1-1': 1.05, 'm2-1': 116.27, 'm3-1': 114.01, 'm4-1': 10.53, 'm5-1': 10.4, 'm6-1': 10.98, 'm7-1': 96.56, 'm8-1': 96.54}",0.0,inf,inf,inf,242.385,242.385
383,T3,BESTEFFORT,CANCELLED,,92.611,"{'m1-1': 0.98, 'm2-1': 101.23, 'm3-1': 105.04, 'm4-1': 10.41, 'm5-1': 11.4, 'm6-1': 10.91, 'm7-1': 101.81, 'm8-1': 95.01}",0.0,inf,inf,inf,242.611,242.611
384,T3,BESTEFFORT,COMPLETED,m1-1,93.031,"{'m1-1': 1.12, 'm2-1': 99.16, 'm3-1': 116.19, 'm4-1': 10.41, 'm5-1': 10.69, 'm6-1': 10.2, 'm7-1': 114.38, 'm8-1': 99.66}",1.6800000000000002,241.87699999999998,242.99699999999999,inf,243.031,243.031
385,T2,BESTEFFORT,CANCELLED,,93.177,"{'m1-1': 1.03, 'm2-1': 113.98, 'm3-1': 104.04, 'm4-1': 10.54, 'm5-1': 11.92, 'm6-1': 10.23, 'm7-1': 103.16, 'm8-1': 103.45}",0.0,inf,inf,inf,243.17700000000002,243.17700000000002
386,T1,BESTEFFORT,CANCELLED,,93.225,"{'m1-1': 1.1, 'm2-1': 108.1, 'm3-1': 103.91, 'm4-1': 11.27, 'm5-1': 10.76, 'm6-1': 9.64, 'm7-1': 93.98, 'm8-1': 96.42}",0.0,inf,inf,inf,243.225,243.225
387,T2,BESTEFFORT,CANCELLED,,93.25,"{'m1-1': 0.97, 'm2-1': 112.52, 'm3-1': 97.5, 'm4-1': 10.93, 'm5-1': 11.43, 'm6-1': 11.19, 'm7-1': 107.72, 'm8-1': 97.19}",0.0,inf,inf,inf,243.25,243.25
388,T4,BESTEFFORT,CANCELLED,,93.497,"{'m1-1': 1.16, 'm2-1': 102.0, 'm3-1': 99.53, 'm4-1': 10.61, 'm5-1': 10.81, 'm6-1': 10.85, 'm7-1': 108.32, 'm8-1': 98.1}",0.0,inf,inf,inf,243.497,243.497
389,T4,BESTEFFORT,CANCELLED,,94.055,"{'m1-1': 1.01, 'm2-1': 109.41, 'm3-1': 95.57, 'm4-1': 10.36, 'm5-1': 11.72, 'm6-1': 10.34, 'm7-1': 117.1, 'm8-1': 98.57}",0.0,inf,inf,inf,244.055,244.055
390,T4,BESTEFFORT,COMPLETED,m1-1,94.206,"{'m1-1': 1.08, 'm2-1': 103.02, 'm3-1': 94.71, 'm4-1': 9.83, 'm5-1': 10.0, 'm6-1': 11.19, 'm7-1': 110.7, 'm8-1': 99.82}",1.62,242.99699999999999,244.077,inf,244.20600000000002,244.20600000000002
391,T1,BESTEFFORT,COMPLETED,m6-1,94.3,"{'m1-1': 1.1, 'm2-1': 116.84, 'm3-1': 114.62, 'm4-1': 10.22, 'm5-1': 9.91, 'm6-1': 10.85, 'm7-1': 110.13, 'm8-1': 107.34}",16.275,232.113,242.963,inf,244.3,244.3
392,T3,BESTEFFORT,CANCELLED,,94.459,"{'m1-1': 1.08, 'm2-1': 98.54, 'm3-1': 109.9, 'm4-1': 11.17, 'm5-1': 10.35, 'm6-1': 10.51, 'm7-1': 102.18, 'm8-1': 99.86}",0.0,inf,inf,inf,244.459,244.459
393,T2,BESTEFFORT,CANCELLED,,94.772,"{'m1-1': 1.04, 'm2-1': 98.36, 'm3-1': 100.52, 'm4-1': 10.69, 'm5-1': 11.85, 'm6-1': 10.54, 'm7-1': 102.02, 'm8-1': 95.67}",0.0,inf,inf,inf,244.772,244.772
394,T2,BESTEFFORT,CANCELLED,,94.808,"{'m1-1': 1.05, 'm2-1': 96.79, 'm3-1': 102.1, 'm4-1': 11.16, 'm5-1': 11.1, 'm6-1': 11.31, 'm7-1': 105.77, 'm8-1': 103.37}",0.0,inf,inf,inf,244.808,244.808
395,T3,BESTEFFORT,CANCELLED,,94.861,"{'m1-1': 0.99, 'm2-1': 96.58, 'm3-1': 110.82, 'm4-1': 11.4, 'm5-1': 11.17, 'm6-1': 11.44, 'm7-1': 100.68, 'm8-1': 101.61}",0.0,inf,inf,inf,244.861,244.861
396,T3,BESTEFFORT,MISSED,m4-1,95.148,"{'m1-1': 1.0, 'm2-1': 95.4, 'm3-1': 108.01, 'm4-1': 11.32, 'm5-1': 11.15, 'm6-1': 10.06, 'm7-1': 101.35, 'm8-1': 109.69}",0.0,278.07599999999996,inf,278.07599999999996,245.148,245.148
397,T1,BESTEFFORT,COMPLETED,m1-1,95.157,"{'m1-1': 1.04, 'm2-1': 113.36, 'm3-1': 111.79, 'm4-1': 10.21, 'm5-1': 9.85, 'm6-1': 9.83, 'm7-1': 103.95, 'm8-1': 101.72}",1.56,244.077,245.117,inf,245.15699999999998,245.15699999999998
398,T4,BESTEFFORT,CANCELLED,,95.504,"{'m1-1': 1.1, 'm2-1': 103.92, 'm3-1': 106.0, 'm4-1': 9.8, 'm5-1': 11.65, 'm6-1': 10.45, 'm7-1': 113.69, 'm8-1': 98.65}",0.0,inf,inf,inf,245.50400000000002,245.50400000000002
399,T2,BESTEFFORT,CANCELLED,,95.519,"{'m1-1': 0.98, 'm2-1': 104.06, 'm3-1': 108.58, 'm4-1': 9.91, 'm5-1': 10.84, 'm6-1': 10.76, 'm7-1': 116.37, 'm8-1': 107.39}",0.0,inf,inf,inf,245.519,245.519
400,T1,BESTEFFORT,CANCELLED,,95.54,"{'m1-1': 1.01, 'm2-1': 114.98, 'm3-1': 102.3, 'm4-1': 9.66, 'm5-1': 10.52, 'm6-1': 10.75, 'm7-1': 96.55, 'm8-1': 104.62}",0.0,inf,inf,inf,245.54000000000002,245.54000000000002
401,T1,BESTEFFORT,MISSED,m4-1,95.786,"{'m1-1': 1.15, 'm2-1': 105.01, 'm3-1': 106.34, 'm4-1': 10.84, 'm5-1': 9.42, 'm6-1': 11.12, 'm7-1': 110.1, 'm8-1': 95.43}",14.664000000000016,236.01,inf,245.786,245.786,245.786
402,T2,BESTEFFORT,MISSED,m1-1,96.097,"{'m1-1': 1.04, 'm2-1': 111.14, 'm3-1': 99.87, 'm4-1': 10.93, 'm5-1': 10.45, 'm6-1': 10.33, 'm7-1': 111.73, 'm8-1': 107.22}",1.4699999999999847,245.117,inf,246.09699999999998,246.09699999999998,246.09699999999998
403,T3,BESTEFFORT,CANCELLED,,96.195,"{'m1-1': 0.99, 'm2-1': 96.34, 'm3-1': 108.6, 'm4-1': 10.57, 'm5-1': 11.61, 'm6-1': 9.94, 'm7-1': 98.77, 'm8-1': 94.6}",0.0,inf,inf,inf,246.195,246.195
404,T3,BESTEFFORT,CANCELLED,,96.723,"{'m1-1': 0.95, 'm2-1': 96.05, 'm3-1': 106.24, 'm4-1': 10.66, 'm5-1': 11.05, 'm6-1': 11.56, 'm7-1': 109.67, 'm8-1': 109.36}",0.0,inf,inf,inf,246.723,246.723
405,T3,BESTEFFORT,MISSED,m5-1,96.812,"{'m1-1': 1.11, 'm2-1': 108.77, 'm3-1': 111.89, 'm4-1': 11.15, 'm5-1': 10.82, 'm6-1': 11.53, 'm7-1': 105.82, 'm8-1': 100.4}",0.0,278.98199999999997,inf,278.98199999999997,246.812,246.812
406,T4,BESTEFFORT,CANCELLED,,97.086,"{'m1-1': 1.18, 'm2-1': 102.78, 'm3-1': 104.07, 'm4-1': 9.98, 'm5-1': 10.13, 'm6-1': 11.5, 'm7-1': 102.65, 'm8-1': 104.53}",0.0,inf,inf,inf,247.086,247.086
407,T2,BESTEFFORT,COMPLETED,m1-1,97.27,"{'m1-1': 1.1, 'm2-1': 96.88, 'm3-1': 109.56, 'm4-1': 10.56, 'm5-1': 11.62, 'm6-1': 11.59, 'm7-1': 110.94, 'm8-1': 103.94}",1.6500000000000001,246.09699999999998,247.19699999999997,inf,247.26999999999998,247.26999999999998
408,T1,BESTEFFORT,CANCELLED,,97.65,"{'m1-1': 1.14, 'm2-1': 107.33, 'm3-1': 114.1, 'm4-1': 11.19, 'm5-1': 10.8, 'm6-1': 11.08, 'm7-1': 105.72, 'm8-1': 106.75}",0.0,inf,inf,inf,247.65,247.65
409,T3,BESTEFFORT,CANCELLED,,97.694,"{'m1-1': 1.11, 'm2-1': 105.95, 'm3-1': 105.5, 'm4-1': 10.96, 'm5-1': 11.81, 'm6-1': 11.11, 'm7-1': 103.82, 'm8-1': 98.87}",0.0,inf,inf,inf,247.69400000000002,247.69400000000002
410,T1,BESTEFFORT,CANCELLED,,98.01,"{'m1-1': 1.09, 'm2-1': 117.58, 'm3-1': 102.06, 'm4-1': 11.29, 'm5-1': 9.78, 'm6-1': 10.26, 'm7-1': 96.6, 'm8-1': 110.39}",0.0,inf,inf,inf,248.01,248.01
411,T3,BESTEFFORT,CANCELLED,,98.026,"{'m1-1': 1.05, 'm2-1': 104.24, 'm3-1': 114.63, 'm4-1': 11.76, 'm5-1': 10.98, 'm6-1': 10.04, 'm7-1': 105.92, 'm8-1': 94.36}",0.0,inf,inf,inf,248.026,248.026
412,T3,BESTEFFORT,MISSED,m1-1,98.279,"{'m1-1': 1.1, 'm2-1': 103.56, 'm3-1': 116.39, 'm4-1': 11.65, 'm5-1': 11.34, 'm6-1': 10.39, 'm7-1': 101.14, 'm8-1': 110.28}",1.623000000000033,247.19699999999997,inf,248.279,248.279,248.279
413,T3,BESTEFFORT,CANCELLED,,98.486,"{'m1-1': 0.99, 'm2-1': 94.99, 'm3-1': 115.92, 'm4-1': 10.11, 'm5-1': 10.15, 'm6-1': 11.3, 'm7-1': 106.33, 'm8-1': 110.21}",0.0,inf,inf,inf,248.486,248.486
414,T1,BESTEFFORT,CANCELLED,,98.586,"{'m1-1': 1.02, 'm2-1': 109.2, 'm3-1': 115.96, 'm4-1': 10.34, 'm5-1': 9.43, 'm6-1': 10.1, 'm7-1': 109.88, 'm8-1': 99.3}",0.0,inf,inf,inf,248.586,248.586
415,T1,BESTEFFORT,CANCELLED,,98.682,"{'m1-1': 1.03, 'm2-1': 115.07, 'm3-1': 100.41, 'm4-1': 10.48, 'm5-1': 10.96, 'm6-1': 9.95, 'm7-1': 101.58, 'm8-1': 96.05}",0.0,inf,inf,inf,248.68200000000002,248.68200000000002
416,T4,BESTEFFORT,CANCELLED,,98.726,"{'m1-1': 1.16, 'm2-1': 113.47, 'm3-1': 101.85, 'm4-1': 9.76, 'm5-1': 11.05, 'm6-1': 10.91, 'm7-1': 113.31, 'm8-1': 97.64}",0.0,inf,inf,inf,248.726,248.726
417,T2,BESTEFFORT,COMPLETED,m5-1,98.78,"{'m1-1': 1.06, 'm2-1': 96.55, 'm3-1': 107.01, 'm4-1': 10.19, 'm5-1': 10.24, 'm6-1': 9.83, 'm7-1': 114.02, 'm8-1': 109.44}",15.36,236.72199999999998,246.962,inf,248.78,248.78
418,T2,BESTEFFORT,CANCELLED,,98.829,"{'m1-1': 0.95, 'm2-1': 97.38, 'm3-1': 107.13, 'm4-1': 10.33, 'm5-1': 11.22, 'm6-1': 10.99, 'm7-1': 114.78, 'm8-1': 100.16}",0.0,inf,inf,inf,248.829,248.829
419,T2,BESTEFFORT,CANCELLED,,98.906,"{'m1-1': 0.98, 'm2-1': 108.01, 'm3-1': 96.35, 'm4-1': 9.89, 'm5-1': 10.58, 'm6-1': 11.38, 'm7-1': 108.11, 'm8-1': 106.91}",0.0,inf,inf,inf,248.906,248.906
420,T1,BESTEFFORT,CANCELLED,,99.04,"{'m1-1': 1.0, 'm2-1': 117.4, 'm3-1': 106.91, 'm4-1': 10.18, 'm5-1': 9.87, 'm6-1': 10.63, 'm7-1': 104.51, 'm8-1': 110.83}",0.0,inf,inf,inf,249.04000000000002,249.04000000000002
421,T1,BESTEFFORT,MISSED,m1-1,99.13,"{'m1-1': 1.18, 'm2-1': 105.41, 'm3-1': 109.15, 'm4-1': 11.13, 'm5-1': 10.92, 'm6-1': 10.8, 'm7-1': 97.82, 'm8-1': 107.66}",1.2764999999999986,248.279,inf,249.13,249.13,249.13
422,T1,BESTEFFORT,CANCELLED,,99.551,"{'m1-1': 1.06, 'm2-1': 105.68, 'm3-1': 111.78, 'm4-1': 10.59, 'm5-1': 10.9, 'm6-1': 10.11, 'm7-1': 108.04, 'm8-1': 105.86}",0.0,inf,inf,inf,249.551,249.551
423,T2,BESTEFFORT,CANCELLED,,99.835,"{'m1-1': 0.97, 'm2-1': 106.78, 'm3-1': 94.09, 'm4-1': 10.76, 'm5-1': 10.08, 'm6-1': 10.14, 'm7-1': 108.91, 'm8-1': 108.41}",0.0,inf,inf,inf,249.83499999999998,249.83499999999998
424,T4,BESTEFFORT,COMPLETED,m1-1,100.352,"{'m1-1': 1.1, 'm2-1': 100.94, 'm3-1': 93.73, 'm4-1': 9.8, 'm5-1': 10.75, 'm6-1': 10.27, 'm7-1': 105.0, 'm8-1': 111.44}",1.6500000000000001,249.13,250.23,inf,250.352,250.352
425,T4,BESTEFFORT,CANCELLED,,100.523,"{'m1-1': 1.11, 'm2-1': 116.34, 'm3-1': 106.86, 'm4-1': 10.88, 'm5-1': 10.24, 'm6-1': 10.52, 'm7-1': 109.12, 'm8-1': 110.2}",0.0,inf,inf,inf,250.523,250.523
426,T1,BESTEFFORT,CANCELLED,,100.786,"{'m1-1': 1.04, 'm2-1': 108.84, 'm3-1': 108.15, 'm4-1': 11.08, 'm5-1': 9.86, 'm6-1': 10.25, 'm7-1': 93.74, 'm8-1': 99.64}",0.0,inf,inf,inf,250.786,250.786
427,T2,BESTEFFORT,CANCELLED,,101.081,"{'m1-1': 1.09, 'm2-1': 100.77, 'm3-1': 107.7, 'm4-1': 11.52, 'm5-1': 10.06, 'm6-1': 9.91, 'm7-1': 107.7, 'm8-1': 102.0}",0.0,inf,inf,inf,251.08100000000002,251.08100000000002
428,T2,BESTEFFORT,MISSED,m2-1,101.244,"{'m1-1': 0.94, 'm2-1': 109.87, 'm3-1': 100.99, 'm4-1': 11.33, 'm5-1': 10.61, 'm6-1': 10.28, 'm7-1': 108.27, 'm8-1': 101.47}",0.0,252.667,inf,252.667,251.244,251.244
429,T2,BESTEFFORT,COMPLETED,m1-1,102.198,"{'m1-1': 0.95, 'm2-1': 98.35, 'm3-1': 96.79, 'm4-1': 11.65, 'm5-1': 10.74, 'm6-1': 10.78, 'm7-1': 101.67, 'm8-1': 99.06}",1.4249999999999998,250.23,251.17999999999998,inf,252.19799999999998,252.19799999999998
430,T2,BESTEFFORT,CANCELLED,,102.362,"{'m1-1': 0.97, 'm2-1': 114.0, 'm3-1': 98.01, 'm4-1': 10.25, 'm5-1': 10.69, 'm6-1': 9.89, 'm7-1': 116.08, 'm8-1': 108.02}",0.0,inf,inf,inf,252.362,252.362
431,T4,BESTEFFORT,COMPLETED,m1-1,102.553,"{'m1-1': 1.13, 'm2-1': 105.72, 'm3-1': 95.57, 'm4-1': 10.39, 'm5-1': 10.07, 'm6-1': 10.88, 'm7-1': 105.62, 'm8-1': 112.74}",1.6949999999999998,251.17999999999998,252.30999999999997,inf,252.553,252.553
432,T3,BESTEFFORT,CANCELLED,,102.567,"{'m1-1': 0.96, 'm2-1': 102.12, 'm3-1': 106.22, 'm4-1': 11.65, 'm5-1': 10.23, 'm6-1': 11.03, 'm7-1': 107.71, 'm8-1': 106.65}",0.0,inf,inf,inf,252.567,252.567
433,T3,BESTEFFORT,MISSED,m2-1,102.667,"{'m1-1': 1.02, 'm2-1': 102.6, 'm3-1': 101.65, 'm4-1': 11.07, 'm5-1': 10.28, 'm6-1': 11.02, 'm7-1': 105.92, 'm8-1': 107.62}",143.64750000000004,156.902,inf,252.667,252.667,252.667
434,T2,BESTEFFORT,CANCELLED,,102.981,"{'m1-1': 0.95, 'm2-1': 107.66, 'm3-1': 104.6, 'm4-1': 10.99, 'm5-1': 10.73, 'm6-1': 10.99, 'm7-1': 102.62, 'm8-1': 99.88}",0.0,inf,inf,inf,252.981,252.981
435,T3,BESTEFFORT,COMPLETED,m8-1,103.193,"{'m1-1': 1.07, 'm2-1': 107.16, 'm3-1': 102.44, 'm4-1': 11.52, 'm5-1': 11.23, 'm6-1': 11.53, 'm7-1': 113.25, 'm8-1': 96.21}",144.315,156.86599999999999,253.07599999999996,inf,253.19299999999998,253.19299999999998
436,T3,BESTEFFORT,MISSED,m2-1,103.335,"{'m1-1': 1.03, 'm2-1': 95.04, 'm3-1': 99.7, 'm4-1': 11.49, 'm5-1': 10.73, 'm6-1': 10.33, 'm7-1': 103.85, 'm8-1': 107.13}",0.0,259.532,inf,259.532,253.33499999999998,253.33499999999998
437,T3,BESTEFFORT,COMPLETED,m1-1,103.381,"{'m1-1': 1.0, 'm2-1': 93.43, 'm3-1': 106.41, 'm4-1': 10.94, 'm5-1': 11.32, 'm6-1': 9.97, 'm7-1': 97.4, 'm8-1': 108.03}",1.5,252.30999999999997,253.30999999999997,inf,253.381,253.381
438,T4,BESTEFFORT,MISSED,m6-1,104.14,"{'m1-1': 1.06, 'm2-1': 108.01, 'm3-1': 101.79, 'm4-1': 10.93, 'm5-1': 10.17, 'm6-1': 10.03, 'm7-1': 107.8, 'm8-1': 95.23}",0.0,275.51099999999997,inf,275.51099999999997,254.14,254.14
439,T1,BESTEFFORT,COMPLETED,m1-1,104.435,"{'m1-1': 1.06, 'm2-1': 117.91, 'm3-1': 103.51, 'm4-1': 10.91, 'm5-1': 10.14, 'm6-1': 11.4, 'm7-1': 108.76, 'm8-1': 103.68}",1.59,253.30999999999997,254.36999999999998,inf,254.435,254.435
440,T1,BESTEFFORT,COMPLETED,m1-1,105.416,"{'m1-1': 1.04, 'm2-1': 101.58, 'm3-1': 114.4, 'm4-1': 10.91, 'm5-1': 9.66, 'm6-1': 10.67, 'm7-1': 97.2, 'm8-1': 101.41}",1.56,254.36999999999998,255.40999999999997,inf,255.416,255.416
441,T4,BESTEFFORT,COMPLETED,m6-1,105.595,"{'m1-1': 1.0, 'm2-1': 112.93, 'm3-1': 100.24, 'm4-1': 9.91, 'm5-1': 11.32, 'm6-1': 10.1, 'm7-1': 112.44, 'm8-1': 110.92}",15.149999999999999,242.963,253.063,inf,255.595,255.595
442,T1,BESTEFFORT,MISSED,m2-1,105.73,"{'m1-1': 1.02, 'm2-1': 113.97, 'm3-1': 112.86, 'm4-1': 11.1, 'm5-1': 10.91, 'm6-1': 10.25, 'm7-1': 97.64, 'm8-1': 107.76}",4.594500000000025,252.667,inf,255.73000000000002,255.73000000000002,255.73000000000002
443,T4,BESTEFFORT,MISSED,m7-1,106.372,"{'m1-1': 1.14, 'm2-1': 115.14, 'm3-1': 94.83, 'm4-1': 10.25, 'm5-1': 11.16, 'm6-1': 10.61, 'm7-1': 110.58, 'm8-1': 95.21}",149.1885,156.913,inf,256.372,256.372,256.372
444,T1,BESTEFFORT,COMPLETED,m1-1,106.799,"{'m1-1': 1.07, 'm2-1': 101.58, 'm3-1': 109.84, 'm4-1': 10.11, 'm5-1': 10.43, 'm6-1': 10.33, 'm7-1': 100.91, 'm8-1': 102.3}",1.605,255.40999999999997,256.47999999999996,inf,256.799,256.799
445,T2,BESTEFFORT,MISSED,m4-1,106.906,"{'m1-1': 1.04, 'm2-1': 111.42, 'm3-1': 110.46, 'm4-1': 9.86, 'm5-1': 11.78, 'm6-1': 11.06, 'm7-1': 108.42, 'm8-1': 100.56}",0.0,278.07599999999996,inf,278.07599999999996,256.906,256.906
446,T4,BESTEFFORT,COMPLETED,m4-1,107.544,"{'m1-1': 1.06, 'm2-1': 111.41, 'm3-1': 100.76, 'm4-1': 10.95, 'm5-1': 10.85, 'm6-1': 10.27, 'm7-1': 106.66, 'm8-1': 95.5}",16.424999999999997,245.786,256.736,inf,257.544,257.544
447,T1,BESTEFFORT,COMPLETED,m1-1,107.785,"{'m1-1': 1.1, 'm2-1': 107.8, 'm3-1': 117.4, 'm4-1': 10.83, 'm5-1': 10.42, 'm6-1': 9.93, 'm7-1': 99.45, 'm8-1': 107.88}",1.6500000000000001,256.47999999999996,257.58,inf,257.78499999999997,257.78499999999997
448,T2,BESTEFFORT,COMPLETED,m1-1,108.761,"{'m1-1': 0.94, 'm2-1': 111.74, 'm3-1': 97.23, 'm4-1': 10.36, 'm5-1': 11.42, 'm6-1': 10.64, 'm7-1': 110.54, 'm8-1': 109.49}",1.41,257.58,258.52,inf,258.76099999999997,258.76099999999997
449,T4,BESTEFFORT,COMPLETED,m5-1,108.944,"{'m1-1': 1.18, 'm2-1': 104.08, 'm3-1': 93.78, 'm4-1': 10.74, 'm5-1': 11.48, 'm6-1': 11.04, 'm7-1': 109.54, 'm8-1': 96.3}",17.22,246.962,258.442,inf,258.944,258.944
450,T1,BESTEFFORT,MISSED,m2-1,109.532,"{'m1-1': 1.16, 'm2-1': 104.88, 'm3-1': 113.88, 'm4-1': 11.19, 'm5-1': 9.51, 'm6-1': 10.0, 'm7-1': 99.57, 'm8-1': 109.84}",5.702999999999946,255.73000000000002,inf,259.532,259.532,259.532
451,T2,BESTEFFORT,COMPLETED,m1-1,109.938,"{'m1-1': 1.0, 'm2-1': 106.2, 'm3-1': 110.99, 'm4-1': 9.93, 'm5-1': 10.57, 'm6-1': 10.7, 'm7-1': 111.51, 'm8-1': 100.79}",1.5,258.52,259.52,inf,259.938,259.938
452,T1,BESTEFFORT,MISSED,m8-1,110.295,"{'m1-1': 1.15, 'm2-1': 112.84, 'm3-1': 105.35, 'm4-1': 9.71, 'm5-1': 9.49, 'm6-1': 10.22, 'm7-1': 105.13, 'm8-1': 100.86}",0.0,264.246,inf,264.246,260.295,260.295
453,T2,BESTEFFORT,MISSED,m7-1,110.56,"{'m1-1': 1.01, 'm2-1': 99.96, 'm3-1': 109.9, 'm4-1': 10.95, 'm5-1': 11.11, 'm6-1': 10.6, 'm7-1': 112.32, 'm8-1': 108.21}",6.281999999999982,256.372,inf,260.56,260.56,260.56
454,T4,BESTEFFORT,MISSED,m8-1,110.834,"{'m1-1': 1.03, 'm2-1': 116.34, 'm3-1': 96.47, 'm4-1': 10.33, 'm5-1': 11.2, 'm6-1': 9.96, 'm7-1': 108.65, 'm8-1': 98.09}",11.637000000000057,253.07599999999996,inf,260.834,260.834,260.834
455,T4,BESTEFFORT,MISSED,m2-1,110.914,"{'m1-1': 1.11, 'm2-1': 117.05, 'm3-1': 103.36, 'm4-1': 10.21, 'm5-1': 10.78, 'm6-1': 10.54, 'm7-1': 114.61, 'm8-1': 109.5}",2.0730000000000075,259.532,inf,260.914,260.914,260.914
456,T4,BESTEFFORT,MISSED,m2-1,111.688,"{'m1-1': 1.11, 'm2-1': 110.65, 'm3-1': 94.69, 'm4-1': 9.98, 'm5-1': 11.53, 'm6-1': 11.18, 'm7-1': 114.72, 'm8-1': 98.21}",1.1610000000000014,260.914,inf,261.688,261.688,261.688
457,T1,BESTEFFORT,MISSED,m8-1,112.715,"{'m1-1': 1.01, 'm2-1': 118.2, 'm3-1': 100.26, 'm4-1': 10.32, 'm5-1': 10.56, 'm6-1': 11.06, 'm7-1': 97.05, 'm8-1': 107.24}",0.0,264.246,inf,264.246,262.71500000000003,262.71500000000003
458,T4,BESTEFFORT,COMPLETED,m1-1,112.835,"{'m1-1': 1.01, 'm2-1': 106.62, 'm3-1': 98.83, 'm4-1': 10.79, 'm5-1': 9.93, 'm6-1': 10.27, 'm7-1': 116.47, 'm8-1': 101.62}",1.5150000000000001,259.52,260.53,inf,262.835,262.835
459,T4,BESTEFFORT,COMPLETED,m1-1,112.935,"{'m1-1': 1.03, 'm2-1': 115.77, 'm3-1': 106.5, 'm4-1': 10.33, 'm5-1': 10.29, 'm6-1': 10.92, 'm7-1': 115.03, 'm8-1': 112.8}",1.545,260.53,261.55999999999995,inf,262.935,262.935
460,T2,BESTEFFORT,MISSED,m5-1,113.046,"{'m1-1': 1.03, 'm2-1': 105.23, 'm3-1': 99.78, 'm4-1': 9.92, 'm5-1': 10.28, 'm6-1': 11.1, 'm7-1': 109.17, 'm8-1': 96.89}",0.0,278.98199999999997,inf,278.98199999999997,263.046,263.046
461,T1,BESTEFFORT,COMPLETED,m1-1,113.252,"{'m1-1': 1.15, 'm2-1': 108.76, 'm3-1': 111.01, 'm4-1': 9.81, 'm5-1': 9.74, 'm6-1': 11.02, 'm7-1': 110.13, 'm8-1': 109.81}",1.7249999999999999,261.55999999999995,262.7099999999999,inf,263.252,263.252
462,T1,BESTEFFORT,CANCELLED,,113.589,"{'m1-1': 1.01, 'm2-1': 113.64, 'm3-1': 103.74, 'm4-1': 9.82, 'm5-1': 10.83, 'm6-1': 10.36, 'm7-1': 101.47, 'm8-1': 98.27}",0.0,inf,inf,inf,263.589,263.589
463,T4,BESTEFFORT,MISSED,m8-1,114.246,"{'m1-1': 1.06, 'm2-1': 108.92, 'm3-1': 97.89, 'm4-1': 10.5, 'm5-1': 10.96, 'm6-1': 11.34, 'm7-1': 114.12, 'm8-1': 94.99}",5.117999999999967,260.834,inf,264.246,264.246,264.246
464,T1,BESTEFFORT,CANCELLED,,114.321,"{'m1-1': 1.03, 'm2-1': 118.6, 'm3-1': 111.28, 'm4-1': 11.18, 'm5-1': 9.85, 'm6-1': 10.13, 'm7-1': 102.52, 'm8-1': 112.65}",0.0,inf,inf,inf,264.321,264.321
465,T2,BESTEFFORT,MISSED,m8-1,114.365,"{'m1-1': 0.94, 'm2-1': 102.6, 'm3-1': 106.41, 'm4-1': 11.3, 'm5-1': 11.25, 'm6-1': 10.54, 'm7-1': 100.74, 'm8-1': 106.35}",0.1785000000000423,264.246,inf,264.365,264.365,264.365
466,T2,BESTEFFORT,COMPLETED,m1-1,114.367,"{'m1-1': 0.96, 'm2-1': 97.11, 'm3-1': 111.24, 'm4-1': 11.17, 'm5-1': 10.94, 'm6-1': 10.92, 'm7-1': 113.28, 'm8-1': 98.65}",1.44,262.7099999999999,263.6699999999999,inf,264.367,264.367
467,T4,BESTEFFORT,MISSED,m7-1,115.174,"{'m1-1': 1.03, 'm2-1': 112.83, 'm3-1': 102.38, 'm4-1': 10.33, 'm5-1': 10.24, 'm6-1': 11.53, 'm7-1': 114.84, 'm8-1': 107.76}",6.920999999999964,260.56,inf,265.174,265.174,265.174
468,T4,BESTEFFORT,MISSED,m2-1,115.19,"{'m1-1': 1.16, 'm2-1': 101.11, 'm3-1': 105.91, 'm4-1': 10.81, 'm5-1': 10.92, 'm6-1': 11.15, 'm7-1': 102.66, 'm8-1': 98.54}",5.253000000000014,261.688,inf,265.19,265.19,265.19
469,T2,BESTEFFORT,MISSED,m7-1,115.485,"{'m1-1': 0.96, 'm2-1': 105.16, 'm3-1': 111.75, 'm4-1': 10.77, 'm5-1': 11.37, 'm6-1': 11.48, 'm7-1': 112.97, 'm8-1': 104.29}",0.4665000000000532,265.174,inf,265.485,265.485,265.485
470,T2,BESTEFFORT,COMPLETED,m1-1,116.349,"{'m1-1': 1.0, 'm2-1': 100.52, 'm3-1': 105.65, 'm4-1': 9.93, 'm5-1': 11.57, 'm6-1': 10.23, 'm7-1': 103.49, 'm8-1': 98.81}",1.5,263.6699999999999,264.6699999999999,inf,266.349,266.349
471,T4,BESTEFFORT,COMPLETED,m6-1,116.682,"{'m1-1': 1.15, 'm2-1': 101.3, 'm3-1': 105.3, 'm4-1': 10.66, 'm5-1': 11.46, 'm6-1': 11.49, 'm7-1': 108.28, 'm8-1': 107.43}",17.235,253.063,264.553,inf,266.682,266.682
472,T1,BESTEFFORT,MISSED,m2-1,116.878,"{'m1-1': 1.01, 'm2-1': 110.35, 'm3-1': 100.42, 'm4-1': 9.84, 'm5-1': 10.09, 'm6-1': 10.53, 'm7-1': 98.03, 'm8-1': 112.66}",2.5319999999999823,265.19,inf,266.878,266.878,266.878
473,T2,BESTEFFORT,MISSED,m7-1,117.001,"{'m1-1': 0.96, 'm2-1': 102.86, 'm3-1': 97.76, 'm4-1': 10.75, 'm5-1': 10.22, 'm6-1': 11.52, 'm7-1': 111.73, 'm8-1': 110.23}",0.0,267.76099999999997,inf,267.76099999999997,267.001,267.001
474,T2,BESTEFFORT,COMPLETED,m4-1,117.574,"{'m1-1': 1.03, 'm2-1': 105.76, 'm3-1': 94.96, 'm4-1': 10.39, 'm5-1': 11.11, 'm6-1': 10.89, 'm7-1': 108.15, 'm8-1': 104.32}",15.585,256.736,267.126,inf,267.574,267.574
475,T4,BESTEFFORT,MISSED,m7-1,117.761,"{'m1-1': 1.16, 'm2-1': 109.88, 'm3-1': 107.2, 'm4-1': 9.61, 'm5-1': 11.44, 'm6-1': 11.05, 'm7-1': 116.03, 'm8-1': 97.57}",3.4139999999999304,265.485,inf,267.76099999999997,267.76099999999997,267.76099999999997
476,T2,BESTEFFORT,COMPLETED,m1-1,118.026,"{'m1-1': 1.02, 'm2-1': 111.86, 'm3-1': 102.5, 'm4-1': 10.56, 'm5-1': 11.75, 'm6-1': 11.07, 'm7-1': 102.76, 'm8-1': 102.69}",1.53,264.6699999999999,265.6899999999999,inf,268.026,268.026
477,T1,BESTEFFORT,MISSED,m2-1,118.165,"{'m1-1': 1.16, 'm2-1': 111.93, 'm3-1': 118.14, 'm4-1': 10.11, 'm5-1': 11.08, 'm6-1': 9.68, 'm7-1': 95.23, 'm8-1': 97.84}",0.0,269.534,inf,269.534,268.165,268.165
478,T4,BESTEFFORT,COMPLETED,m1-1,118.27,"{'m1-1': 1.03, 'm2-1': 112.31, 'm3-1': 100.64, 'm4-1': 10.27, 'm5-1': 11.34, 'm6-1': 10.7, 'm7-1': 101.63, 'm8-1': 99.6}",1.545,265.6899999999999,266.71999999999986,inf,268.27,268.27
479,T2,BESTEFFORT,COMPLETED,m1-1,118.36,"{'m1-1': 1.02, 'm2-1': 113.86, 'm3-1': 94.47, 'm4-1': 11.39, 'm5-1': 10.23, 'm6-1': 11.25, 'm7-1': 108.13, 'm8-1': 109.7}",1.53,266.71999999999986,267.73999999999984,inf,268.36,268.36
480,T1,BESTEFFORT,MISSED,m6-1,118.846,"{'m1-1': 1.07, 'm2-1': 109.68, 'm3-1': 114.46, 'm4-1': 9.66, 'm5-1': 9.36, 'm6-1': 9.98, 'm7-1': 108.37, 'm8-1': 105.09}",0.0,275.51099999999997,inf,275.51099999999997,268.846,268.846
481,T1,BESTEFFORT,MISSED,m2-1,119.534,"{'m1-1': 1.05, 'm2-1': 117.59, 'm3-1': 118.38, 'm4-1': 11.28, 'm5-1': 11.12, 'm6-1': 9.61, 'm7-1': 103.49, 'm8-1': 109.14}",3.984000000000009,266.878,inf,269.534,269.534,269.534
482,T2,BESTEFFORT,COMPLETED,m5-1,119.838,"{'m1-1': 1.01, 'm2-1': 112.77, 'm3-1': 106.41, 'm4-1': 11.66, 'm5-1': 10.4, 'm6-1': 10.05, 'm7-1': 103.86, 'm8-1': 104.29}",15.600000000000001,258.442,268.842,inf,269.83799999999997,269.83799999999997
483,T2,BESTEFFORT,MISSED,m8-1,121.096,"{'m1-1': 1.06, 'm2-1': 113.59, 'm3-1': 94.72, 'm4-1': 9.85, 'm5-1': 11.3, 'm6-1': 10.15, 'm7-1': 113.06, 'm8-1': 97.28}",0.0,272.415,inf,272.415,271.096,271.096
484,T4,BESTEFFORT,COMPLETED,m1-1,122.209,"{'m1-1': 1.13, 'm2-1': 100.62, 'm3-1': 105.68, 'm4-1': 11.14, 'm5-1': 10.87, 'm6-1': 11.18, 'm7-1': 106.58, 'm8-1': 112.8}",1.6949999999999998,267.73999999999984,268.86999999999983,inf,272.209,272.209
485,T4,BESTEFFORT,MISSED,m8-1,122.415,"{'m1-1': 1.01, 'm2-1': 109.44, 'm3-1': 109.26, 'm4-1': 10.46, 'm5-1': 10.79, 'm6-1': 10.2, 'm7-1': 113.96, 'm8-1': 104.44}",12.075000000000017,264.365,inf,272.415,272.415,272.415
486,T4,BESTEFFORT,MISSED,m8-1,122.764,"{'m1-1': 1.04, 'm2-1': 108.19, 'm3-1': 97.68, 'm4-1': 9.85, 'm5-1': 9.97, 'm6-1': 11.05, 'm7-1': 100.74, 'm8-1': 110.92}",0.5234999999999843,272.415,inf,272.764,272.764,272.764
487,T4,BESTEFFORT,MISSED,m8-1,123.394,"{'m1-1': 1.08, 'm2-1': 103.35, 'm3-1': 110.1, 'm4-1': 10.87, 'm5-1': 11.51, 'm6-1': 10.01, 'm7-1': 99.58, 'm8-1': 99.11}",0.9449999999999932,272.764,inf,273.394,273.394,273.394
488,T4,BESTEFFORT,MISSED,m7-1,125.292,"{'m1-1': 1.11, 'm2-1': 112.55, 'm3-1': 100.82, 'm4-1': 9.8, 'm5-1': 10.02, 'm6-1': 11.68, 'm7-1': 107.48, 'm8-1': 106.72}",11.296500000000094,267.76099999999997,inf,275.29200000000003,275.29200000000003,275.29200000000003
489,T4,BESTEFFORT,MISSED,m6-1,125.511,"{'m1-1': 1.03, 'm2-1': 103.14, 'm3-1': 99.71, 'm4-1': 11.19, 'm5-1': 10.59, 'm6-1': 11.06, 'm7-1': 109.58, 'm8-1': 99.48}",16.436999999999955,264.553,inf,275.51099999999997,275.51099999999997,275.51099999999997
490,T4,BESTEFFORT,MISSED,m2-1,125.667,"{'m1-1': 1.12, 'm2-1': 103.16, 'm3-1': 101.07, 'm4-1': 10.77, 'm5-1': 11.59, 'm6-1': 11.34, 'm7-1': 111.98, 'm8-1': 97.17}",9.199500000000057,269.534,inf,275.66700000000003,275.66700000000003,275.66700000000003
491,T4,BESTEFFORT,COMPLETED,m1-1,126.983,"{'m1-1': 1.01, 'm2-1': 102.72, 'm3-1': 103.69, 'm4-1': 10.61, 'm5-1': 10.22, 'm6-1': 11.32, 'm7-1': 109.08, 'm8-1': 97.8}",1.5150000000000001,268.86999999999983,269.8799999999998,inf,276.983,276.983
492,T4,BESTEFFORT,MISSED,m7-1,128.632,"{'m1-1': 1.13, 'm2-1': 102.25, 'm3-1': 103.7, 'm4-1': 10.38, 'm5-1': 9.95, 'm6-1': 11.17, 'm7-1': 116.61, 'm8-1': 106.15}",5.0099999999999625,275.29200000000003,inf,278.632,278.632,278.632
493,T4,BESTEFFORT,COMPLETED,m4-1,129.086,"{'m1-1': 1.03, 'm2-1': 112.66, 'm3-1': 98.63, 'm4-1': 10.95, 'm5-1': 11.25, 'm6-1': 10.1, 'm7-1': 109.03, 'm8-1': 109.13}",16.424999999999997,267.126,278.07599999999996,inf,279.086,279.086
494,T4,BESTEFFORT,COMPLETED,m5-1,130.653,"{'m1-1': 1.09, 'm2-1': 103.78, 'm3-1': 99.32, 'm4-1': 10.97, 'm5-1': 10.14, 'm6-1': 10.04, 'm7-1': 112.38, 'm8-1': 95.08}",15.21,268.842,278.98199999999997,inf,280.653,280.653
495,T4,BESTEFFORT,MISSED,m3-1,130.947,"{'m1-1': 1.11, 'm2-1': 103.02, 'm3-1': 98.24, 'm4-1': 10.66, 'm5-1': 10.02, 'm6-1': 10.77, 'm7-1': 108.82, 'm8-1': 102.59}",140.91899999999998,187.001,inf,280.947,280.947,280.947
496,T4,BESTEFFORT,COMPLETED,m1-1,131.649,"{'m1-1': 1.16, 'm2-1': 109.27, 'm3-1': 104.07, 'm4-1': 10.34, 'm5-1': 11.55, 'm6-1': 11.26, 'm7-1': 105.35, 'm8-1': 106.49}",1.7399999999999998,269.8799999999998,271.03999999999985,inf,281.649,281.649
497,T4,BESTEFFORT,MISSED,m2-1,132.524,"{'m1-1': 1.07, 'm2-1': 112.3, 'm3-1': 95.84, 'm4-1': 10.79, 'm5-1': 10.33, 'm6-1': 10.44, 'm7-1': 106.21, 'm8-1': 109.99}",10.285499999999956,275.66700000000003,inf,282.524,282.524,282.524
498,T4,BESTEFFORT,MISSED,m4-1,134.146,"{'m1-1': 1.1, 'm2-1': 104.33, 'm3-1': 102.44, 'm4-1': 11.01, 'm5-1': 10.93, 'm6-1': 11.3, 'm7-1': 115.75, 'm8-1': 106.69}",9.10499999999999,278.07599999999996,inf,284.14599999999996,284.14599999999996,284.14599999999996
499,T4,BESTEFFORT,COMPLETED,m1-1,134.635,"{'m1-1': 1.03, 'm2-1': 115.61, 'm3-1': 104.71, 'm4-1': 11.02, 'm5-1': 11.27, 'm6-1': 10.22, 'm7-1': 101.05, 'm8-1': 110.8}",1.545,271.03999999999985,272.0699999999998,inf,284.635,284.635
