id,type,urgency,status,assigned_machine,arrival_time,execution_time,energy_usage,start_time,completion_time,missed_time,deadline,extended_deadline
0,T1,BESTEFFORT,COMPLETED,m6-1,0.367,"{'m1-1': 112.32, 'm2-1': 109.44, 'm3-1': 104.57, 'm4-1': 0.99, 'm5-1': 96.14, 'm6-1': 1.03, 'm7-1': 11.0, 'm8-1': 101.55}",1.545,0.367,1.397,inf,150.367,150.367
1,T3,BESTEFFORT,COMPLETED,m4-1,0.396,"{'m1-1': 97.05, 'm2-1': 109.5, 'm3-1': 101.81, 'm4-1': 1.05, 'm5-1': 114.06, 'm6-1': 1.08, 'm7-1': 10.38, 'm8-1': 105.71}",1.5750000000000002,0.396,1.4460000000000002,inf,150.396,150.396
2,T4,BESTEFFORT,COMPLETED,m6-1,0.407,"{'m1-1': 96.0, 'm2-1': 116.1, 'm3-1': 104.51, 'm4-1': 1.18, 'm5-1': 106.89, 'm6-1': 0.99, 'm7-1': 11.29, 'm8-1': 108.74}",1.4849999999999999,1.397,2.387,inf,150.407,150.407
3,T3,BESTEFFORT,COMPLETED,m4-1,0.594,"{'m1-1': 108.09, 'm2-1': 106.04, 'm3-1': 99.73, 'm4-1': 1.06, 'm5-1': 103.65, 'm6-1': 1.06, 'm7-1': 10.64, 'm8-1': 94.4}",1.59,1.4460000000000002,2.5060000000000002,inf,150.594,150.594
4,T4,BESTEFFORT,COMPLETED,m6-1,0.761,"{'m1-1': 93.57, 'm2-1': 103.61, 'm3-1': 98.39, 'm4-1': 1.18, 'm5-1': 99.85, 'm6-1': 0.92, 'm7-1': 11.37, 'm8-1': 105.02}",1.3800000000000001,2.387,3.307,inf,150.761,150.761
5,T1,BESTEFFORT,COMPLETED,m4-1,0.868,"{'m1-1': 106.77, 'm2-1': 99.04, 'm3-1': 103.16, 'm4-1': 0.99, 'm5-1': 102.82, 'm6-1': 1.06, 'm7-1': 11.0, 'm8-1': 113.55}",1.4849999999999999,2.5060000000000002,3.4960000000000004,inf,150.868,150.868
6,T4,BESTEFFORT,COMPLETED,m4-1,1.072,"{'m1-1': 103.84, 'm2-1': 99.38, 'm3-1': 105.82, 'm4-1': 1.0, 'm5-1': 98.21, 'm6-1': 0.99, 'm7-1': 11.05, 'm8-1': 104.15}",1.5,3.4960000000000004,4.496,inf,151.072,151.072
7,T3,BESTEFFORT,COMPLETED,m6-1,1.236,"{'m1-1': 97.57, 'm2-1': 106.22, 'm3-1': 96.03, 'm4-1': 1.01, 'm5-1': 112.27, 'm6-1': 1.13, 'm7-1': 11.1, 'm8-1': 111.31}",1.6949999999999998,3.307,4.436999999999999,inf,151.236,151.236
8,T1,BESTEFFORT,COMPLETED,m7-1,1.285,"{'m1-1': 107.63, 'm2-1': 103.22, 'm3-1': 109.32, 'm4-1': 0.96, 'm5-1': 101.57, 'm6-1': 1.03, 'm7-1': 10.67, 'm8-1': 105.92}",16.005,1.285,11.955,inf,151.285,151.285
9,T3,BESTEFFORT,COMPLETED,m7-1,1.311,"{'m1-1': 106.68, 'm2-1': 106.48, 'm3-1': 109.99, 'm4-1': 1.08, 'm5-1': 112.65, 'm6-1': 1.05, 'm7-1': 10.4, 'm8-1': 108.07}",15.600000000000001,11.955,22.355,inf,151.311,151.311
10,T4,BESTEFFORT,COMPLETED,m7-1,1.327,"{'m1-1': 94.65, 'm2-1': 115.22, 'm3-1': 101.42, 'm4-1': 1.08, 'm5-1': 108.47, 'm6-1': 1.08, 'm7-1': 10.82, 'm8-1': 110.75}",16.23,22.355,33.175,inf,151.327,151.327
11,T3,BESTEFFORT,COMPLETED,m4-1,1.746,"{'m1-1': 110.18, 'm2-1': 96.57, 'm3-1': 98.22, 'm4-1': 1.15, 'm5-1': 113.47, 'm6-1': 1.12, 'm7-1': 10.17, 'm8-1': 111.92}",1.7249999999999999,4.496,5.646000000000001,inf,151.746,151.746
12,T1,BESTEFFORT,COMPLETED,m6-1,1.789,"{'m1-1': 108.07, 'm2-1': 107.21, 'm3-1': 98.38, 'm4-1': 0.98, 'm5-1': 101.18, 'm6-1': 1.02, 'm7-1': 9.32, 'm8-1': 101.73}",1.53,4.436999999999999,5.456999999999999,inf,151.789,151.789
13,T1,BESTEFFORT,COMPLETED,m7-1,1.797,"{'m1-1': 101.45, 'm2-1': 96.15, 'm3-1': 102.38, 'm4-1': 1.03, 'm5-1': 106.14, 'm6-1': 0.98, 'm7-1': 11.01, 'm8-1': 98.34}",16.515,33.175,44.184999999999995,inf,151.797,151.797
14,T2,BESTEFFORT,COMPLETED,m3-1,2.078,"{'m1-1': 103.15, 'm2-1': 97.9, 'm3-1': 92.36, 'm4-1': 1.14, 'm5-1': 116.22, 'm6-1': 1.05, 'm7-1': 9.99, 'm8-1': 116.04}",138.54,2.078,94.438,inf,152.078,152.078
15,T4,BESTEFFORT,COMPLETED,m6-1,2.454,"{'m1-1': 107.01, 'm2-1': 110.62, 'm3-1': 96.15, 'm4-1': 1.1, 'm5-1': 103.89, 'm6-1': 1.02, 'm7-1': 11.48, 'm8-1': 102.73}",1.53,5.456999999999999,6.4769999999999985,inf,152.454,152.454
16,T3,BESTEFFORT,COMPLETED,m4-1,2.519,"{'m1-1': 98.9, 'm2-1': 111.68, 'm3-1': 109.89, 'm4-1': 1.0, 'm5-1': 112.35, 'm6-1': 0.98, 'm7-1': 11.42, 'm8-1': 94.99}",1.5,5.646000000000001,6.646000000000001,inf,152.519,152.519
17,T4,BESTEFFORT,COMPLETED,m8-1,2.579,"{'m1-1': 100.18, 'm2-1': 99.74, 'm3-1': 104.54, 'm4-1': 1.09, 'm5-1': 106.17, 'm6-1': 0.95, 'm7-1': 10.98, 'm8-1': 97.82}",146.73,2.579,100.39899999999999,inf,152.579,152.579
18,T2,BESTEFFORT,COMPLETED,m5-1,2.861,"{'m1-1': 108.12, 'm2-1': 102.94, 'm3-1': 103.12, 'm4-1': 1.14, 'm5-1': 103.41, 'm6-1': 1.04, 'm7-1': 10.89, 'm8-1': 106.94}",155.115,2.861,106.271,inf,152.861,152.861
19,T3,BESTEFFORT,COMPLETED,m2-1,3.139,"{'m1-1': 98.58, 'm2-1': 106.22, 'm3-1': 105.88, 'm4-1': 1.0, 'm5-1': 103.32, 'm6-1': 1.12, 'm7-1': 10.39, 'm8-1': 97.67}",159.32999999999998,3.139,109.359,inf,153.139,153.139
20,T1,BESTEFFORT,COMPLETED,m1-1,3.16,"{'m1-1': 113.71, 'm2-1': 94.14, 'm3-1': 114.73, 'm4-1': 1.09, 'm5-1': 104.21, 'm6-1': 1.13, 'm7-1': 10.05, 'm8-1': 106.8}",170.565,3.16,116.86999999999999,inf,153.16,153.16
21,T3,BESTEFFORT,COMPLETED,m6-1,4.438,"{'m1-1': 97.3, 'm2-1': 96.94, 'm3-1': 104.91, 'm4-1': 1.04, 'm5-1': 115.66, 'm6-1': 1.05, 'm7-1': 10.66, 'm8-1': 110.75}",1.5750000000000002,6.4769999999999985,7.526999999999998,inf,154.438,154.438
22,T1,BESTEFFORT,COMPLETED,m4-1,4.567,"{'m1-1': 111.61, 'm2-1': 101.23, 'm3-1': 99.45, 'm4-1': 1.09, 'm5-1': 101.5, 'm6-1': 1.01, 'm7-1': 9.32, 'm8-1': 102.86}",1.6350000000000002,6.646000000000001,7.736000000000001,inf,154.567,154.567
23,T2,BESTEFFORT,COMPLETED,m6-1,4.58,"{'m1-1': 109.76, 'm2-1': 113.98, 'm3-1': 102.01, 'm4-1': 1.11, 'm5-1': 107.87, 'm6-1': 0.98, 'm7-1': 9.85, 'm8-1': 100.76}",1.47,7.526999999999998,8.506999999999998,inf,154.58,154.58
24,T4,BESTEFFORT,COMPLETED,m4-1,4.761,"{'m1-1': 103.8, 'm2-1': 103.61, 'm3-1': 106.1, 'm4-1': 1.12, 'm5-1': 112.89, 'm6-1': 0.93, 'm7-1': 9.85, 'm8-1': 105.32}",1.6800000000000002,7.736000000000001,8.856000000000002,inf,154.761,154.761
25,T1,BESTEFFORT,MISSED,m5-1,4.984,"{'m1-1': 99.64, 'm2-1': 109.88, 'm3-1': 112.41, 'm4-1': 1.02, 'm5-1': 99.56, 'm6-1': 1.13, 'm7-1': 9.46, 'm8-1': 104.34}",73.0695,106.271,inf,154.984,154.984,154.984
26,T1,BESTEFFORT,MISSED,m3-1,5.316,"{'m1-1': 108.54, 'm2-1': 98.85, 'm3-1': 108.67, 'm4-1': 0.98, 'm5-1': 100.16, 'm6-1': 1.1, 'm7-1': 9.68, 'm8-1': 109.93}",91.31700000000001,94.438,inf,155.316,155.316,155.316
27,T2,BESTEFFORT,COMPLETED,m6-1,5.696,"{'m1-1': 113.91, 'm2-1': 110.85, 'm3-1': 100.85, 'm4-1': 1.15, 'm5-1': 108.07, 'm6-1': 1.03, 'm7-1': 10.92, 'm8-1': 116.56}",1.545,8.506999999999998,9.536999999999997,inf,155.696,155.696
28,T3,BESTEFFORT,COMPLETED,m4-1,5.708,"{'m1-1': 96.88, 'm2-1': 97.66, 'm3-1': 95.38, 'm4-1': 1.09, 'm5-1': 100.3, 'm6-1': 1.02, 'm7-1': 11.6, 'm8-1': 102.14}",1.6350000000000002,8.856000000000002,9.946000000000002,inf,155.708,155.708
29,T2,BESTEFFORT,MISSED,m2-1,5.782,"{'m1-1': 98.97, 'm2-1': 100.53, 'm3-1': 108.6, 'm4-1': 1.15, 'm5-1': 105.35, 'm6-1': 1.1, 'm7-1': 11.4, 'm8-1': 112.88}",69.63450000000003,109.359,inf,155.782,155.782,155.782
30,T4,BESTEFFORT,MISSED,m8-1,5.852,"{'m1-1': 94.52, 'm2-1': 106.67, 'm3-1': 100.9, 'm4-1': 1.1, 'm5-1': 109.2, 'm6-1': 1.08, 'm7-1': 10.61, 'm8-1': 95.15}",83.17950000000002,100.39899999999999,inf,155.852,155.852,155.852
31,T1,BESTEFFORT,MISSED,m1-1,5.865,"{'m1-1': 111.94, 'm2-1': 100.35, 'm3-1': 111.59, 'm4-1': 1.01, 'm5-1': 103.78, 'm6-1': 1.04, 'm7-1': 9.31, 'm8-1': 112.28}",58.49250000000003,116.86999999999999,inf,155.865,155.865,155.865
32,T3,BESTEFFORT,MISSED,m1-1,5.931,"{'m1-1': 100.69, 'm2-1': 97.26, 'm3-1': 108.83, 'm4-1': 0.98, 'm5-1': 99.02, 'm6-1': 1.11, 'm7-1': 10.58, 'm8-1': 101.28}",0.09900000000000375,155.865,inf,155.931,155.931,155.931
33,T1,BESTEFFORT,MISSED,m2-1,6.033,"{'m1-1': 108.81, 'm2-1': 94.27, 'm3-1': 103.09, 'm4-1': 1.01, 'm5-1': 106.86, 'm6-1': 1.02, 'm7-1': 10.42, 'm8-1': 103.74}",0.37649999999996453,155.782,inf,156.033,156.033,156.033
34,T3,BESTEFFORT,MISSED,m2-1,6.13,"{'m1-1': 104.5, 'm2-1': 107.72, 'm3-1': 102.23, 'm4-1': 1.04, 'm5-1': 111.24, 'm6-1': 1.06, 'm7-1': 10.38, 'm8-1': 102.12}",0.14550000000001262,156.033,inf,156.13,156.13,156.13
35,T3,BESTEFFORT,MISSED,m3-1,6.254,"{'m1-1': 106.15, 'm2-1': 102.76, 'm3-1': 102.89, 'm4-1': 1.04, 'm5-1': 105.14, 'm6-1': 1.12, 'm7-1': 10.82, 'm8-1': 105.22}",1.4069999999999823,155.316,inf,156.254,156.254,156.254
36,T3,BESTEFFORT,MISSED,m8-1,6.323,"{'m1-1': 104.36, 'm2-1': 104.32, 'm3-1': 99.71, 'm4-1': 0.98, 'm5-1': 106.64, 'm6-1': 1.13, 'm7-1': 10.89, 'm8-1': 110.87}",0.7065000000000055,155.852,inf,156.323,156.323,156.323
37,T3,BESTEFFORT,COMPLETED,m6-1,6.658,"{'m1-1': 110.98, 'm2-1': 96.56, 'm3-1': 110.34, 'm4-1': 1.11, 'm5-1': 109.01, 'm6-1': 0.98, 'm7-1': 10.42, 'm8-1': 99.58}",1.47,9.536999999999997,10.516999999999998,inf,156.658,156.658
38,T2,BESTEFFORT,COMPLETED,m4-1,6.747,"{'m1-1': 110.11, 'm2-1': 108.18, 'm3-1': 91.86, 'm4-1': 1.04, 'm5-1': 115.73, 'm6-1': 1.01, 'm7-1': 11.04, 'm8-1': 116.88}",1.56,9.946000000000002,10.986,inf,156.747,156.747
39,T1,BESTEFFORT,MISSED,m1-1,6.998,"{'m1-1': 101.94, 'm2-1': 103.01, 'm3-1': 99.32, 'm4-1': 0.98, 'm5-1': 99.8, 'm6-1': 0.97, 'm7-1': 11.06, 'm8-1': 102.07}",1.6004999999999683,155.931,inf,156.998,156.998,156.998
40,T4,BESTEFFORT,MISSED,m8-1,7.073,"{'m1-1': 104.9, 'm2-1': 99.47, 'm3-1': 108.49, 'm4-1': 1.08, 'm5-1': 99.65, 'm6-1': 0.93, 'm7-1': 11.06, 'm8-1': 99.37}",1.125,156.323,inf,157.073,157.073,157.073
41,T3,BESTEFFORT,MISSED,m3-1,7.114,"{'m1-1': 99.62, 'm2-1': 107.5, 'm3-1': 104.59, 'm4-1': 1.14, 'm5-1': 102.12, 'm6-1': 1.05, 'm7-1': 10.27, 'm8-1': 99.68}",1.2900000000000205,156.254,inf,157.114,157.114,157.114
42,T1,BESTEFFORT,MISSED,m5-1,7.157,"{'m1-1': 102.36, 'm2-1': 105.44, 'm3-1': 109.79, 'm4-1': 1.04, 'm5-1': 95.42, 'm6-1': 0.99, 'm7-1': 10.08, 'm8-1': 98.36}",3.2595000000000027,154.984,inf,157.157,157.157,157.157
43,T2,BESTEFFORT,MISSED,m5-1,7.178,"{'m1-1': 103.72, 'm2-1': 104.23, 'm3-1': 101.6, 'm4-1': 1.14, 'm5-1': 114.1, 'm6-1': 1.09, 'm7-1': 10.1, 'm8-1': 115.02}",0.03149999999997988,157.157,inf,157.178,157.178,157.178
44,T4,BESTEFFORT,COMPLETED,m6-1,7.281,"{'m1-1': 96.58, 'm2-1': 112.57, 'm3-1': 104.67, 'm4-1': 1.16, 'm5-1': 114.42, 'm6-1': 1.08, 'm7-1': 10.86, 'm8-1': 99.84}",1.62,10.516999999999998,11.596999999999998,inf,157.281,157.281
45,T2,BESTEFFORT,CANCELLED,,7.357,"{'m1-1': 117.36, 'm2-1': 104.87, 'm3-1': 104.89, 'm4-1': 1.09, 'm5-1': 106.39, 'm6-1': 0.96, 'm7-1': 9.63, 'm8-1': 99.92}",0.0,inf,inf,inf,157.357,157.357
46,T3,BESTEFFORT,COMPLETED,m4-1,7.694,"{'m1-1': 108.51, 'm2-1': 108.96, 'm3-1': 111.6, 'm4-1': 0.99, 'm5-1': 103.83, 'm6-1': 1.0, 'm7-1': 10.77, 'm8-1': 112.06}",1.4849999999999999,10.986,11.976,inf,157.694,157.694
47,T2,BESTEFFORT,MISSED,m3-1,7.752,"{'m1-1': 107.5, 'm2-1': 112.15, 'm3-1': 92.49, 'm4-1': 1.17, 'm5-1': 103.52, 'm6-1': 1.06, 'm7-1': 10.99, 'm8-1': 101.51}",0.9570000000000078,157.114,inf,157.752,157.752,157.752
48,T3,BESTEFFORT,COMPLETED,m4-1,7.853,"{'m1-1': 99.71, 'm2-1': 110.45, 'm3-1': 111.41, 'm4-1': 1.1, 'm5-1': 114.37, 'm6-1': 1.01, 'm7-1': 10.58, 'm8-1': 103.44}",1.6500000000000001,109.82600000000004,110.92600000000003,inf,157.853,157.853
49,T3,BESTEFFORT,MISSED,m8-1,7.869,"{'m1-1': 109.92, 'm2-1': 96.67, 'm3-1': 97.53, 'm4-1': 0.99, 'm5-1': 115.05, 'm6-1': 1.01, 'm7-1': 11.03, 'm8-1': 100.89}",0.0,213.322,inf,213.322,157.869,157.869
50,T2,BESTEFFORT,COMPLETED,m4-1,7.936,"{'m1-1': 116.58, 'm2-1': 107.3, 'm3-1': 91.97, 'm4-1': 1.04, 'm5-1': 99.66, 'm6-1': 0.94, 'm7-1': 10.96, 'm8-1': 101.52}",1.56,110.92600000000003,111.96600000000004,inf,157.936,157.936
51,T1,BESTEFFORT,CANCELLED,,7.939,"{'m1-1': 98.14, 'm2-1': 103.09, 'm3-1': 102.13, 'm4-1': 1.01, 'm5-1': 101.47, 'm6-1': 0.98, 'm7-1': 10.4, 'm8-1': 101.85}",0.0,inf,inf,inf,157.939,157.939
52,T3,BESTEFFORT,CANCELLED,,8.037,"{'m1-1': 95.85, 'm2-1': 95.88, 'm3-1': 94.31, 'm4-1': 1.01, 'm5-1': 107.38, 'm6-1': 1.02, 'm7-1': 10.62, 'm8-1': 111.42}",0.0,inf,inf,inf,158.037,158.037
53,T2,BESTEFFORT,COMPLETED,m4-1,8.179,"{'m1-1': 113.12, 'm2-1': 105.49, 'm3-1': 106.94, 'm4-1': 1.04, 'm5-1': 99.28, 'm6-1': 1.07, 'm7-1': 10.28, 'm8-1': 103.86}",1.56,12.946000000000002,13.986,inf,158.179,158.179
54,T4,BESTEFFORT,COMPLETED,m6-1,8.339,"{'m1-1': 96.98, 'm2-1': 109.96, 'm3-1': 101.75, 'm4-1': 1.13, 'm5-1': 103.88, 'm6-1': 0.97, 'm7-1': 10.82, 'm8-1': 108.87}",1.455,11.596999999999998,12.566999999999998,inf,158.339,158.339
55,T1,BESTEFFORT,COMPLETED,m4-1,8.373,"{'m1-1': 113.13, 'm2-1': 108.48, 'm3-1': 115.57, 'm4-1': 0.97, 'm5-1': 97.35, 'm6-1': 1.1, 'm7-1': 10.59, 'm8-1': 99.55}",1.455,11.976,12.946000000000002,inf,158.373,158.373
56,T4,BESTEFFORT,CANCELLED,,8.403,"{'m1-1': 102.06, 'm2-1': 110.16, 'm3-1': 106.61, 'm4-1': 1.15, 'm5-1': 110.62, 'm6-1': 0.96, 'm7-1': 10.5, 'm8-1': 110.86}",0.0,inf,inf,inf,158.403,158.403
57,T3,BESTEFFORT,CANCELLED,,8.488,"{'m1-1': 110.03, 'm2-1': 104.93, 'm3-1': 109.89, 'm4-1': 1.0, 'm5-1': 101.93, 'm6-1': 1.05, 'm7-1': 10.6, 'm8-1': 109.3}",0.0,inf,inf,inf,158.488,158.488
58,T1,BESTEFFORT,CANCELLED,,8.981,"{'m1-1': 107.38, 'm2-1': 98.81, 'm3-1': 104.77, 'm4-1': 1.05, 'm5-1': 97.83, 'm6-1': 1.05, 'm7-1': 9.73, 'm8-1': 102.07}",0.0,inf,inf,inf,158.981,158.981
59,T4,BESTEFFORT,CANCELLED,,9.025,"{'m1-1': 92.43, 'm2-1': 103.33, 'm3-1': 103.38, 'm4-1': 1.06, 'm5-1': 103.94, 'm6-1': 0.92, 'm7-1': 10.31, 'm8-1': 101.09}",0.0,inf,inf,inf,159.025,159.025
60,T3,BESTEFFORT,CANCELLED,,9.183,"{'m1-1': 94.75, 'm2-1': 102.19, 'm3-1': 107.97, 'm4-1': 1.05, 'm5-1': 98.21, 'm6-1': 1.05, 'm7-1': 11.04, 'm8-1': 105.1}",0.0,inf,inf,inf,159.183,159.183
61,T1,BESTEFFORT,COMPLETED,m4-1,9.265,"{'m1-1': 97.7, 'm2-1': 93.78, 'm3-1': 112.45, 'm4-1': 0.95, 'm5-1': 95.22, 'm6-1': 1.08, 'm7-1': 10.61, 'm8-1': 112.26}",1.4249999999999998,88.056,89.006,inf,159.265,159.265
62,T2,BESTEFFORT,CANCELLED,,9.339,"{'m1-1': 104.2, 'm2-1': 110.91, 'm3-1': 107.76, 'm4-1': 1.11, 'm5-1': 114.74, 'm6-1': 0.99, 'm7-1': 10.72, 'm8-1': 106.47}",0.0,inf,inf,inf,159.339,159.339
63,T4,BESTEFFORT,COMPLETED,m6-1,9.379,"{'m1-1': 107.54, 'm2-1': 112.75, 'm3-1': 99.46, 'm4-1': 1.03, 'm5-1': 104.72, 'm6-1': 1.06, 'm7-1': 11.45, 'm8-1': 108.74}",1.59,12.566999999999998,13.626999999999999,inf,159.379,159.379
64,T4,BESTEFFORT,COMPLETED,m6-1,9.432,"{'m1-1': 97.27, 'm2-1': 115.4, 'm3-1': 110.68, 'm4-1': 1.0, 'm5-1': 108.1, 'm6-1': 0.97, 'm7-1': 10.52, 'm8-1': 97.46}",1.455,14.646999999999998,15.616999999999999,inf,159.432,159.432
65,T2,BESTEFFORT,COMPLETED,m6-1,9.643,"{'m1-1': 99.04, 'm2-1': 98.19, 'm3-1': 95.54, 'm4-1': 1.05, 'm5-1': 116.82, 'm6-1': 1.06, 'm7-1': 9.68, 'm8-1': 105.84}",1.59,127.13699999999999,128.19699999999997,inf,159.643,159.643
66,T2,BESTEFFORT,COMPLETED,m6-1,9.682,"{'m1-1': 99.3, 'm2-1': 101.03, 'm3-1': 100.94, 'm4-1': 1.07, 'm5-1': 109.6, 'm6-1': 1.06, 'm7-1': 10.84, 'm8-1': 108.34}",1.59,85.27700000000002,86.33700000000002,inf,159.682,159.682
67,T4,BESTEFFORT,COMPLETED,m6-1,10.233,"{'m1-1': 109.61, 'm2-1': 117.86, 'm3-1': 97.03, 'm4-1': 1.07, 'm5-1': 111.16, 'm6-1': 1.02, 'm7-1': 10.62, 'm8-1': 98.06}",1.53,13.626999999999999,14.646999999999998,inf,160.233,160.233
68,T1,BESTEFFORT,COMPLETED,m4-1,10.262,"{'m1-1': 100.37, 'm2-1': 106.73, 'm3-1': 112.12, 'm4-1': 0.96, 'm5-1': 110.88, 'm6-1': 1.14, 'm7-1': 10.66, 'm8-1': 99.8}",1.44,13.986,14.946000000000002,inf,160.262,160.262
69,T3,BESTEFFORT,CANCELLED,,10.269,"{'m1-1': 112.16, 'm2-1': 113.32, 'm3-1': 106.22, 'm4-1': 1.06, 'm5-1': 107.04, 'm6-1': 1.05, 'm7-1': 10.21, 'm8-1': 99.07}",0.0,inf,inf,inf,160.269,160.269
70,T2,BESTEFFORT,COMPLETED,m6-1,10.273,"{'m1-1': 112.66, 'm2-1': 113.89, 'm3-1': 101.32, 'm4-1': 1.0, 'm5-1': 115.8, 'm6-1': 0.99, 'm7-1': 10.52, 'm8-1': 103.72}",1.4849999999999999,18.726999999999997,19.716999999999995,inf,160.273,160.273
71,T2,BESTEFFORT,COMPLETED,m4-1,10.499,"{'m1-1': 111.02, 'm2-1': 98.8, 'm3-1': 101.51, 'm4-1': 1.04, 'm5-1': 99.74, 'm6-1': 1.03, 'm7-1': 10.38, 'm8-1': 104.7}",1.56,89.006,90.046,inf,160.499,160.499
72,T3,BESTEFFORT,CANCELLED,,10.557,"{'m1-1': 105.14, 'm2-1': 113.4, 'm3-1': 98.22, 'm4-1': 1.07, 'm5-1': 99.6, 'm6-1': 1.05, 'm7-1': 10.39, 'm8-1': 98.31}",0.0,inf,inf,inf,160.557,160.557
73,T1,BESTEFFORT,COMPLETED,m4-1,10.606,"{'m1-1': 108.34, 'm2-1': 94.62, 'm3-1': 103.95, 'm4-1': 0.94, 'm5-1': 100.9, 'm6-1': 1.12, 'm7-1': 9.76, 'm8-1': 113.76}",1.41,14.946000000000002,15.886000000000001,inf,160.606,160.606
74,T1,BESTEFFORT,COMPLETED,m7-1,10.7,"{'m1-1': 108.79, 'm2-1': 96.15, 'm3-1': 110.11, 'm4-1': 1.05, 'm5-1': 110.99, 'm6-1': 1.06, 'm7-1': 10.57, 'm8-1': 113.11}",15.855,44.184999999999995,54.754999999999995,inf,160.7,160.7
75,T2,BESTEFFORT,COMPLETED,m6-1,10.726,"{'m1-1': 104.04, 'm2-1': 100.96, 'm3-1': 108.6, 'm4-1': 1.03, 'm5-1': 103.98, 'm6-1': 0.97, 'm7-1': 9.86, 'm8-1': 106.13}",1.455,128.19699999999997,129.16699999999997,inf,160.726,160.726
76,T2,BESTEFFORT,COMPLETED,m6-1,10.737,"{'m1-1': 110.86, 'm2-1': 98.92, 'm3-1': 108.15, 'm4-1': 1.05, 'm5-1': 101.21, 'm6-1': 1.02, 'm7-1': 11.1, 'm8-1': 103.8}",1.53,22.647,23.666999999999998,inf,160.737,160.737
77,T1,BESTEFFORT,CANCELLED,,10.748,"{'m1-1': 110.51, 'm2-1': 109.91, 'm3-1': 109.45, 'm4-1': 0.93, 'm5-1': 104.57, 'm6-1': 1.12, 'm7-1': 10.5, 'm8-1': 96.2}",0.0,inf,inf,inf,160.748,160.748
78,T1,BESTEFFORT,COMPLETED,m4-1,11.051,"{'m1-1': 112.16, 'm2-1': 110.47, 'm3-1': 108.97, 'm4-1': 0.94, 'm5-1': 110.56, 'm6-1': 0.97, 'm7-1': 9.31, 'm8-1': 113.1}",1.41,15.886000000000001,16.826,inf,161.051,161.051
79,T2,BESTEFFORT,CANCELLED,,11.147,"{'m1-1': 99.46, 'm2-1': 113.33, 'm3-1': 98.53, 'm4-1': 1.03, 'm5-1': 114.33, 'm6-1': 0.93, 'm7-1': 10.41, 'm8-1': 106.64}",0.0,inf,inf,inf,161.147,161.147
80,T2,BESTEFFORT,CANCELLED,,11.153,"{'m1-1': 112.84, 'm2-1': 111.13, 'm3-1': 102.61, 'm4-1': 1.1, 'm5-1': 101.31, 'm6-1': 0.94, 'm7-1': 10.17, 'm8-1': 113.72}",0.0,inf,inf,inf,161.153,161.153
81,T2,BESTEFFORT,COMPLETED,m6-1,11.182,"{'m1-1': 110.91, 'm2-1': 110.68, 'm3-1': 106.88, 'm4-1': 1.06, 'm5-1': 109.35, 'm6-1': 1.06, 'm7-1': 10.72, 'm8-1': 100.3}",1.59,16.596999999999998,17.656999999999996,inf,161.182,161.182
82,T1,BESTEFFORT,COMPLETED,m4-1,11.797,"{'m1-1': 102.35, 'm2-1': 110.12, 'm3-1': 115.99, 'm4-1': 1.0, 'm5-1': 109.38, 'm6-1': 1.07, 'm7-1': 10.05, 'm8-1': 112.19}",1.5,131.14600000000002,132.14600000000002,inf,161.797,161.797
83,T4,BESTEFFORT,COMPLETED,m6-1,11.88,"{'m1-1': 105.21, 'm2-1': 112.28, 'm3-1': 94.66, 'm4-1': 1.01, 'm5-1': 113.86, 'm6-1': 0.98, 'm7-1': 11.13, 'm8-1': 96.82}",1.47,15.616999999999999,16.596999999999998,inf,161.88,161.88
84,T3,BESTEFFORT,COMPLETED,m6-1,11.884,"{'m1-1': 107.67, 'm2-1': 104.01, 'm3-1': 95.58, 'm4-1': 1.13, 'm5-1': 114.53, 'm6-1': 1.1, 'm7-1': 11.74, 'm8-1': 96.16}",1.6500000000000001,105.477,106.577,inf,161.88400000000001,161.88400000000001
85,T2,BESTEFFORT,CANCELLED,,12.043,"{'m1-1': 113.54, 'm2-1': 104.75, 'm3-1': 99.38, 'm4-1': 1.13, 'm5-1': 109.68, 'm6-1': 1.09, 'm7-1': 10.64, 'm8-1': 116.08}",0.0,inf,inf,inf,162.043,162.043
86,T4,BESTEFFORT,COMPLETED,m6-1,12.315,"{'m1-1': 96.8, 'm2-1': 104.5, 'm3-1': 108.46, 'm4-1': 1.13, 'm5-1': 113.64, 'm6-1': 0.96, 'm7-1': 9.92, 'm8-1': 99.99}",1.44,26.926999999999996,27.886999999999997,inf,162.315,162.315
87,T3,BESTEFFORT,COMPLETED,m4-1,12.575,"{'m1-1': 105.48, 'm2-1': 98.85, 'm3-1': 98.34, 'm4-1': 1.0, 'm5-1': 106.68, 'm6-1': 1.08, 'm7-1': 10.96, 'm8-1': 95.89}",1.5,17.756,18.756,inf,162.575,162.575
88,T2,BESTEFFORT,COMPLETED,m6-1,12.916,"{'m1-1': 115.63, 'm2-1': 112.59, 'm3-1': 106.39, 'm4-1': 1.0, 'm5-1': 104.43, 'm6-1': 0.98, 'm7-1': 10.66, 'm8-1': 103.88}",1.47,154.65700000000004,155.63700000000003,inf,162.916,162.916
89,T1,BESTEFFORT,COMPLETED,m4-1,13.078,"{'m1-1': 105.13, 'm2-1': 106.9, 'm3-1': 102.7, 'm4-1': 0.93, 'm5-1': 99.35, 'm6-1': 1.07, 'm7-1': 10.2, 'm8-1': 99.31}",1.395,16.826,17.756,inf,163.078,163.078
90,T1,BESTEFFORT,COMPLETED,m7-1,13.083,"{'m1-1': 115.03, 'm2-1': 108.64, 'm3-1': 104.13, 'm4-1': 1.0, 'm5-1': 98.28, 'm6-1': 1.04, 'm7-1': 9.87, 'm8-1': 112.26}",14.805,54.754999999999995,64.625,inf,163.083,163.083
91,T2,BESTEFFORT,COMPLETED,m6-1,13.106,"{'m1-1': 101.26, 'm2-1': 105.42, 'm3-1': 94.62, 'm4-1': 1.08, 'm5-1': 101.79, 'm6-1': 0.97, 'm7-1': 10.47, 'm8-1': 114.53}",1.455,31.866999999999997,32.836999999999996,inf,163.106,163.106
92,T4,BESTEFFORT,COMPLETED,m4-1,13.444,"{'m1-1': 95.87, 'm2-1': 107.52, 'm3-1': 104.66, 'm4-1': 1.06, 'm5-1': 107.45, 'm6-1': 0.94, 'm7-1': 11.09, 'm8-1': 108.74}",1.59,111.96600000000004,113.02600000000004,inf,163.444,163.444
93,T2,BESTEFFORT,MISSED,m3-1,13.5,"{'m1-1': 105.71, 'm2-1': 101.73, 'm3-1': 106.93, 'm4-1': 1.14, 'm5-1': 110.44, 'm6-1': 0.94, 'm7-1': 11.23, 'm8-1': 99.59}",0.0,202.777,inf,202.777,163.5,163.5
94,T1,BESTEFFORT,COMPLETED,m4-1,13.534,"{'m1-1': 110.51, 'm2-1': 103.39, 'm3-1': 112.06, 'm4-1': 1.1, 'm5-1': 107.7, 'm6-1': 1.13, 'm7-1': 10.97, 'm8-1': 105.03}",1.6500000000000001,113.02600000000004,114.12600000000003,inf,163.534,163.534
95,T2,BESTEFFORT,COMPLETED,m6-1,13.592,"{'m1-1': 112.17, 'm2-1': 114.39, 'm3-1': 105.75, 'm4-1': 1.09, 'm5-1': 114.3, 'm6-1': 0.96, 'm7-1': 11.13, 'm8-1': 115.2}",1.44,129.16699999999997,130.12699999999998,inf,163.592,163.592
96,T4,BESTEFFORT,COMPLETED,m6-1,14.253,"{'m1-1': 104.76, 'm2-1': 103.11, 'm3-1': 111.03, 'm4-1': 1.03, 'm5-1': 108.85, 'm6-1': 1.07, 'm7-1': 10.66, 'm8-1': 109.12}",1.605,17.656999999999996,18.726999999999997,inf,164.253,164.253
97,T2,BESTEFFORT,COMPLETED,m6-1,14.305,"{'m1-1': 104.62, 'm2-1': 105.92, 'm3-1': 95.48, 'm4-1': 1.06, 'm5-1': 103.17, 'm6-1': 0.98, 'm7-1': 10.82, 'm8-1': 104.45}",1.47,155.63700000000003,156.61700000000002,inf,164.305,164.305
98,T2,BESTEFFORT,COMPLETED,m6-1,14.514,"{'m1-1': 103.4, 'm2-1': 113.99, 'm3-1': 102.11, 'm4-1': 1.14, 'm5-1': 99.28, 'm6-1': 1.07, 'm7-1': 11.03, 'm8-1': 113.36}",1.605,106.577,107.64699999999999,inf,164.514,164.514
99,T3,BESTEFFORT,COMPLETED,m4-1,14.528,"{'m1-1': 97.32, 'm2-1': 110.34, 'm3-1': 99.16, 'm4-1': 0.99, 'm5-1': 112.46, 'm6-1': 1.09, 'm7-1': 10.2, 'm8-1': 109.68}",1.4849999999999999,158.64600000000007,159.63600000000008,inf,164.528,164.528
100,T2,BESTEFFORT,CANCELLED,,14.696,"{'m1-1': 109.19, 'm2-1': 98.94, 'm3-1': 93.22, 'm4-1': 1.16, 'm5-1': 109.29, 'm6-1': 1.04, 'm7-1': 11.41, 'm8-1': 102.27}",0.0,inf,inf,inf,164.696,164.696
101,T4,BESTEFFORT,COMPLETED,m6-1,14.847,"{'m1-1': 100.02, 'm2-1': 113.05, 'm3-1': 96.48, 'm4-1': 1.17, 'm5-1': 110.28, 'm6-1': 1.03, 'm7-1': 10.66, 'm8-1': 95.98}",1.545,130.12699999999998,131.15699999999998,inf,164.847,164.847
102,T3,BESTEFFORT,CANCELLED,,15.113,"{'m1-1': 106.87, 'm2-1': 97.28, 'm3-1': 96.98, 'm4-1': 1.14, 'm5-1': 105.17, 'm6-1': 1.06, 'm7-1': 11.74, 'm8-1': 101.74}",0.0,inf,inf,inf,165.113,165.113
103,T4,BESTEFFORT,CANCELLED,,15.173,"{'m1-1': 102.06, 'm2-1': 113.59, 'm3-1': 94.84, 'm4-1': 1.18, 'm5-1': 98.9, 'm6-1': 1.04, 'm7-1': 11.05, 'm8-1': 106.78}",0.0,inf,inf,inf,165.173,165.173
104,T4,BESTEFFORT,COMPLETED,m4-1,15.197,"{'m1-1': 98.36, 'm2-1': 106.64, 'm3-1': 102.87, 'm4-1': 1.0, 'm5-1': 103.4, 'm6-1': 0.98, 'm7-1': 11.32, 'm8-1': 98.99}",1.5,18.756,19.756,inf,165.197,165.197
105,T1,BESTEFFORT,COMPLETED,m4-1,15.457,"{'m1-1': 98.78, 'm2-1': 107.84, 'm3-1': 102.11, 'm4-1': 1.03, 'm5-1': 104.31, 'm6-1': 1.11, 'm7-1': 10.58, 'm8-1': 97.04}",1.545,114.12600000000003,115.15600000000003,inf,165.457,165.457
106,T1,BESTEFFORT,COMPLETED,m4-1,15.967,"{'m1-1': 99.51, 'm2-1': 99.44, 'm3-1': 102.97, 'm4-1': 0.97, 'm5-1': 105.64, 'm6-1': 1.1, 'm7-1': 9.71, 'm8-1': 102.76}",1.455,115.15600000000003,116.12600000000003,inf,165.967,165.967
107,T1,BESTEFFORT,COMPLETED,m7-1,15.99,"{'m1-1': 105.9, 'm2-1': 110.11, 'm3-1': 108.89, 'm4-1': 0.97, 'm5-1': 104.21, 'm6-1': 1.03, 'm7-1': 10.3, 'm8-1': 104.17}",15.450000000000001,125.47500000000001,135.775,inf,165.99,165.99
108,T4,BESTEFFORT,COMPLETED,m6-1,15.991,"{'m1-1': 93.34, 'm2-1': 103.35, 'm3-1': 110.33, 'm4-1': 1.12, 'm5-1': 109.34, 'm6-1': 0.94, 'm7-1': 11.08, 'm8-1': 105.53}",1.41,19.716999999999995,20.656999999999996,inf,165.99099999999999,165.99099999999999
109,T2,BESTEFFORT,COMPLETED,m6-1,16.006,"{'m1-1': 115.52, 'm2-1': 113.34, 'm3-1': 106.41, 'm4-1': 1.17, 'm5-1': 100.29, 'm6-1': 0.96, 'm7-1': 10.62, 'm8-1': 102.49}",1.44,20.656999999999996,21.616999999999997,inf,166.006,166.006
110,T2,BESTEFFORT,COMPLETED,m6-1,16.678,"{'m1-1': 100.72, 'm2-1': 111.83, 'm3-1': 93.19, 'm4-1': 1.02, 'm5-1': 99.64, 'm6-1': 0.94, 'm7-1': 10.76, 'm8-1': 100.65}",1.41,131.15699999999998,132.09699999999998,inf,166.678,166.678
111,T4,BESTEFFORT,COMPLETED,m4-1,16.819,"{'m1-1': 92.46, 'm2-1': 104.65, 'm3-1': 105.51, 'm4-1': 1.01, 'm5-1': 103.26, 'm6-1': 0.95, 'm7-1': 11.24, 'm8-1': 105.95}",1.5150000000000001,19.756,20.766000000000002,inf,166.819,166.819
112,T2,BESTEFFORT,CANCELLED,,16.854,"{'m1-1': 99.98, 'm2-1': 113.86, 'm3-1': 103.12, 'm4-1': 1.09, 'm5-1': 104.16, 'm6-1': 1.07, 'm7-1': 10.94, 'm8-1': 105.17}",0.0,inf,inf,inf,166.85399999999998,166.85399999999998
113,T1,BESTEFFORT,COMPLETED,m4-1,17.078,"{'m1-1': 99.48, 'm2-1': 97.03, 'm3-1': 110.1, 'm4-1': 1.09, 'm5-1': 102.38, 'm6-1': 1.03, 'm7-1': 11.0, 'm8-1': 106.55}",1.6350000000000002,116.12600000000003,117.21600000000004,inf,167.078,167.078
114,T2,BESTEFFORT,CANCELLED,,17.082,"{'m1-1': 116.11, 'm2-1': 107.59, 'm3-1': 98.5, 'm4-1': 1.03, 'm5-1': 114.81, 'm6-1': 0.99, 'm7-1': 10.58, 'm8-1': 104.65}",0.0,inf,inf,inf,167.082,167.082
115,T2,BESTEFFORT,COMPLETED,m6-1,17.147,"{'m1-1': 108.44, 'm2-1': 115.22, 'm3-1': 97.24, 'm4-1': 1.16, 'm5-1': 108.97, 'm6-1': 1.03, 'm7-1': 11.23, 'm8-1': 115.42}",1.545,21.616999999999997,22.647,inf,167.147,167.147
116,T2,BESTEFFORT,COMPLETED,m6-1,17.167,"{'m1-1': 113.98, 'm2-1': 105.77, 'm3-1': 105.42, 'm4-1': 1.16, 'm5-1': 110.92, 'm6-1': 1.03, 'm7-1': 10.3, 'm8-1': 105.99}",1.545,143.337,144.367,inf,167.167,167.167
117,T4,BESTEFFORT,COMPLETED,m6-1,17.185,"{'m1-1': 98.9, 'm2-1': 108.36, 'm3-1': 105.01, 'm4-1': 1.07, 'm5-1': 101.0, 'm6-1': 1.02, 'm7-1': 11.11, 'm8-1': 106.44}",1.53,107.64699999999999,108.66699999999999,inf,167.185,167.185
118,T1,BESTEFFORT,COMPLETED,m4-1,17.226,"{'m1-1': 100.63, 'm2-1': 99.2, 'm3-1': 112.1, 'm4-1': 1.04, 'm5-1': 104.39, 'm6-1': 1.12, 'm7-1': 10.28, 'm8-1': 107.57}",1.56,20.766000000000002,21.806,inf,167.226,167.226
119,T1,BESTEFFORT,COMPLETED,m4-1,17.771,"{'m1-1': 113.75, 'm2-1': 96.22, 'm3-1': 116.04, 'm4-1': 1.07, 'm5-1': 104.81, 'm6-1': 1.02, 'm7-1': 9.79, 'm8-1': 99.93}",1.605,21.806,22.876,inf,167.77100000000002,167.77100000000002
120,T1,BESTEFFORT,COMPLETED,m4-1,17.795,"{'m1-1': 105.87, 'm2-1': 107.28, 'm3-1': 98.54, 'm4-1': 0.94, 'm5-1': 111.15, 'm6-1': 1.02, 'm7-1': 10.58, 'm8-1': 104.56}",1.41,22.876,23.816000000000003,inf,167.79500000000002,167.79500000000002
121,T3,BESTEFFORT,COMPLETED,m4-1,17.924,"{'m1-1': 102.66, 'm2-1': 101.67, 'm3-1': 101.2, 'm4-1': 1.07, 'm5-1': 114.51, 'm6-1': 1.02, 'm7-1': 10.14, 'm8-1': 107.45}",1.605,117.21600000000004,118.28600000000003,inf,167.924,167.924
122,T1,BESTEFFORT,COMPLETED,m4-1,17.934,"{'m1-1': 99.87, 'm2-1': 102.8, 'm3-1': 100.18, 'm4-1': 1.02, 'm5-1': 107.56, 'm6-1': 1.01, 'm7-1': 9.58, 'm8-1': 104.34}",1.53,132.14600000000002,133.16600000000003,inf,167.934,167.934
123,T2,BESTEFFORT,COMPLETED,m4-1,18.024,"{'m1-1': 106.73, 'm2-1': 105.06, 'm3-1': 93.58, 'm4-1': 1.11, 'm5-1': 108.91, 'm6-1': 1.07, 'm7-1': 10.06, 'm8-1': 114.72}",1.665,90.046,91.156,inf,168.024,168.024
124,T1,BESTEFFORT,COMPLETED,m6-1,18.479,"{'m1-1': 114.77, 'm2-1': 106.59, 'm3-1': 106.64, 'm4-1': 1.05, 'm5-1': 109.1, 'm6-1': 1.09, 'm7-1': 10.81, 'm8-1': 106.68}",1.6350000000000002,36.767,37.857000000000006,inf,168.47899999999998,168.47899999999998
125,T2,BESTEFFORT,CANCELLED,,18.985,"{'m1-1': 101.22, 'm2-1': 101.03, 'm3-1': 92.14, 'm4-1': 1.12, 'm5-1': 114.83, 'm6-1': 1.02, 'm7-1': 11.32, 'm8-1': 112.65}",0.0,inf,inf,inf,168.985,168.985
126,T4,BESTEFFORT,MISSED,m1-1,19.001,"{'m1-1': 96.26, 'm2-1': 110.17, 'm3-1': 98.15, 'm4-1': 1.05, 'm5-1': 96.51, 'm6-1': 0.98, 'm7-1': 11.15, 'm8-1': 111.74}",0.0,216.195,inf,216.195,169.001,169.001
127,T3,BESTEFFORT,COMPLETED,m4-1,19.176,"{'m1-1': 111.56, 'm2-1': 113.02, 'm3-1': 102.47, 'm4-1': 1.11, 'm5-1': 110.09, 'm6-1': 1.07, 'm7-1': 11.66, 'm8-1': 105.99}",1.665,23.816000000000003,24.926000000000002,inf,169.176,169.176
128,T3,BESTEFFORT,COMPLETED,m4-1,19.617,"{'m1-1': 111.14, 'm2-1': 110.66, 'm3-1': 103.91, 'm4-1': 1.02, 'm5-1': 109.88, 'm6-1': 0.99, 'm7-1': 10.78, 'm8-1': 100.0}",1.53,141.80600000000004,142.82600000000005,inf,169.617,169.617
129,T3,BESTEFFORT,COMPLETED,m4-1,19.723,"{'m1-1': 102.37, 'm2-1': 110.09, 'm3-1': 107.0, 'm4-1': 1.13, 'm5-1': 106.84, 'm6-1': 1.08, 'm7-1': 10.33, 'm8-1': 105.59}",1.6949999999999998,118.28600000000003,119.41600000000003,inf,169.723,169.723
130,T3,BESTEFFORT,CANCELLED,,19.744,"{'m1-1': 109.38, 'm2-1': 100.67, 'm3-1': 98.08, 'm4-1': 1.12, 'm5-1': 99.05, 'm6-1': 0.98, 'm7-1': 10.74, 'm8-1': 109.3}",0.0,inf,inf,inf,169.744,169.744
131,T3,BESTEFFORT,COMPLETED,m4-1,19.864,"{'m1-1': 98.32, 'm2-1': 102.94, 'm3-1': 107.23, 'm4-1': 1.11, 'm5-1': 110.33, 'm6-1': 1.07, 'm7-1': 10.79, 'm8-1': 107.55}",1.665,166.94600000000008,168.0560000000001,inf,169.864,169.864
132,T1,BESTEFFORT,CANCELLED,,20.293,"{'m1-1': 112.25, 'm2-1': 108.14, 'm3-1': 109.14, 'm4-1': 1.05, 'm5-1': 97.09, 'm6-1': 0.98, 'm7-1': 9.34, 'm8-1': 102.08}",0.0,inf,inf,inf,170.293,170.293
133,T4,BESTEFFORT,COMPLETED,m6-1,20.429,"{'m1-1': 97.45, 'm2-1': 106.67, 'm3-1': 111.44, 'm4-1': 1.18, 'm5-1': 105.01, 'm6-1': 1.05, 'm7-1': 10.53, 'm8-1': 108.42}",1.5750000000000002,86.33700000000002,87.38700000000001,inf,170.429,170.429
134,T2,BESTEFFORT,MISSED,m7-1,20.601,"{'m1-1': 107.03, 'm2-1': 101.69, 'm3-1': 95.68, 'm4-1': 1.14, 'm5-1': 106.2, 'm6-1': 1.08, 'm7-1': 10.99, 'm8-1': 115.91}",6.96899999999998,165.955,inf,170.601,170.601,170.601
135,T2,BESTEFFORT,COMPLETED,m6-1,20.646,"{'m1-1': 114.69, 'm2-1': 108.18, 'm3-1': 106.29, 'm4-1': 1.03, 'm5-1': 114.04, 'm6-1': 1.09, 'm7-1': 10.06, 'm8-1': 102.04}",1.6350000000000002,23.666999999999998,24.756999999999998,inf,170.64600000000002,170.64600000000002
136,T3,BESTEFFORT,COMPLETED,m4-1,20.741,"{'m1-1': 100.32, 'm2-1': 100.37, 'm3-1': 101.46, 'm4-1': 1.12, 'm5-1': 110.14, 'm6-1': 0.97, 'm7-1': 11.46, 'm8-1': 111.91}",1.6800000000000002,25.966,27.086000000000002,inf,170.74099999999999,170.74099999999999
137,T1,BESTEFFORT,COMPLETED,m4-1,20.832,"{'m1-1': 97.53, 'm2-1': 101.45, 'm3-1': 102.68, 'm4-1': 1.07, 'm5-1': 96.32, 'm6-1': 0.99, 'm7-1': 9.38, 'm8-1': 111.42}",1.605,119.41600000000003,120.48600000000002,inf,170.832,170.832
138,T1,BESTEFFORT,COMPLETED,m4-1,21.005,"{'m1-1': 104.47, 'm2-1': 104.72, 'm3-1': 101.73, 'm4-1': 1.04, 'm5-1': 108.8, 'm6-1': 1.12, 'm7-1': 11.03, 'm8-1': 111.83}",1.56,24.926000000000002,25.966,inf,171.005,171.005
139,T3,BESTEFFORT,COMPLETED,m6-1,21.084,"{'m1-1': 108.1, 'm2-1': 112.07, 'm3-1': 109.19, 'm4-1': 1.13, 'm5-1': 98.96, 'm6-1': 1.01, 'm7-1': 11.15, 'm8-1': 111.94}",1.5150000000000001,156.61700000000002,157.627,inf,171.084,171.084
140,T2,BESTEFFORT,COMPLETED,m6-1,21.091,"{'m1-1': 113.1, 'm2-1': 109.36, 'm3-1': 102.59, 'm4-1': 1.1, 'm5-1': 108.78, 'm6-1': 1.02, 'm7-1': 10.81, 'm8-1': 112.44}",1.53,37.857000000000006,38.87700000000001,inf,171.091,171.091
141,T4,BESTEFFORT,COMPLETED,m6-1,21.168,"{'m1-1': 97.56, 'm2-1': 115.44, 'm3-1': 98.3, 'm4-1': 1.07, 'm5-1': 96.75, 'm6-1': 1.08, 'm7-1': 10.41, 'm8-1': 106.34}",1.62,24.756999999999998,25.836999999999996,inf,171.168,171.168
142,T3,BESTEFFORT,COMPLETED,m6-1,21.233,"{'m1-1': 99.5, 'm2-1': 98.32, 'm3-1': 97.73, 'm4-1': 1.15, 'm5-1': 99.47, 'm6-1': 1.12, 'm7-1': 10.46, 'm8-1': 106.6}",1.6800000000000002,38.87700000000001,39.99700000000001,inf,171.233,171.233
143,T3,BESTEFFORT,COMPLETED,m4-1,21.541,"{'m1-1': 102.4, 'm2-1': 103.49, 'm3-1': 100.99, 'm4-1': 1.01, 'm5-1': 113.52, 'm6-1': 1.08, 'm7-1': 10.15, 'm8-1': 104.83}",1.5150000000000001,142.82600000000005,143.83600000000004,inf,171.541,171.541
144,T1,BESTEFFORT,COMPLETED,m4-1,21.757,"{'m1-1': 104.37, 'm2-1': 93.87, 'm3-1': 102.42, 'm4-1': 1.0, 'm5-1': 109.39, 'm6-1': 1.02, 'm7-1': 10.84, 'm8-1': 109.38}",1.5,52.44600000000001,53.44600000000001,inf,171.757,171.757
145,T2,BESTEFFORT,COMPLETED,m6-1,21.883,"{'m1-1': 111.55, 'm2-1': 111.09, 'm3-1': 104.89, 'm4-1': 1.1, 'm5-1': 110.27, 'm6-1': 0.96, 'm7-1': 10.97, 'm8-1': 98.32}",1.44,132.09699999999998,133.057,inf,171.883,171.883
146,T2,BESTEFFORT,COMPLETED,m6-1,22.012,"{'m1-1': 102.88, 'm2-1': 107.8, 'm3-1': 95.27, 'm4-1': 1.06, 'm5-1': 103.6, 'm6-1': 1.09, 'm7-1': 10.23, 'm8-1': 116.84}",1.6350000000000002,25.836999999999996,26.926999999999996,inf,172.012,172.012
147,T4,BESTEFFORT,COMPLETED,m6-1,22.277,"{'m1-1': 105.48, 'm2-1': 107.88, 'm3-1': 111.02, 'm4-1': 1.0, 'm5-1': 104.08, 'm6-1': 1.08, 'm7-1': 11.39, 'm8-1': 110.31}",1.62,157.627,158.70700000000002,inf,172.277,172.277
148,T4,BESTEFFORT,CANCELLED,,22.424,"{'m1-1': 93.03, 'm2-1': 114.38, 'm3-1': 99.32, 'm4-1': 1.02, 'm5-1': 111.32, 'm6-1': 0.92, 'm7-1': 9.96, 'm8-1': 100.09}",0.0,inf,inf,inf,172.424,172.424
149,T4,BESTEFFORT,COMPLETED,m6-1,22.545,"{'m1-1': 102.22, 'm2-1': 116.21, 'm3-1': 110.64, 'm4-1': 1.01, 'm5-1': 108.41, 'm6-1': 1.0, 'm7-1': 10.83, 'm8-1': 112.74}",1.5,44.137000000000015,45.137000000000015,inf,172.54500000000002,172.54500000000002
150,T3,BESTEFFORT,COMPLETED,m4-1,22.641,"{'m1-1': 108.89, 'm2-1': 110.92, 'm3-1': 103.25, 'm4-1': 1.1, 'm5-1': 111.07, 'm6-1': 1.03, 'm7-1': 11.33, 'm8-1': 110.06}",1.6500000000000001,143.83600000000004,144.93600000000004,inf,172.641,172.641
151,T4,BESTEFFORT,COMPLETED,m6-1,22.687,"{'m1-1': 94.31, 'm2-1': 107.28, 'm3-1': 106.99, 'm4-1': 1.1, 'm5-1': 111.71, 'm6-1': 1.01, 'm7-1': 10.38, 'm8-1': 100.69}",1.5150000000000001,133.057,134.06699999999998,inf,172.687,172.687
152,T1,BESTEFFORT,COMPLETED,m4-1,22.935,"{'m1-1': 104.74, 'm2-1': 108.54, 'm3-1': 105.99, 'm4-1': 1.08, 'm5-1': 98.48, 'm6-1': 1.08, 'm7-1': 10.47, 'm8-1': 98.93}",1.62,28.146,29.226,inf,172.935,172.935
153,T1,BESTEFFORT,COMPLETED,m4-1,22.97,"{'m1-1': 107.04, 'm2-1': 98.28, 'm3-1': 108.27, 'm4-1': 1.0, 'm5-1': 103.93, 'm6-1': 1.0, 'm7-1': 10.7, 'm8-1': 100.3}",1.5,34.306000000000004,35.306000000000004,inf,172.97,172.97
154,T3,BESTEFFORT,COMPLETED,m4-1,23.301,"{'m1-1': 108.21, 'm2-1': 106.12, 'm3-1': 101.84, 'm4-1': 1.01, 'm5-1': 102.21, 'm6-1': 1.0, 'm7-1': 10.17, 'm8-1': 107.3}",1.5150000000000001,59.75600000000002,60.76600000000002,inf,173.301,173.301
155,T2,BESTEFFORT,MISSED,m3-1,23.587,"{'m1-1': 109.55, 'm2-1': 98.44, 'm3-1': 94.46, 'm4-1': 1.14, 'm5-1': 99.23, 'm6-1': 1.05, 'm7-1': 10.25, 'm8-1': 111.66}",0.0,202.777,inf,202.777,173.587,173.587
156,T2,BESTEFFORT,CANCELLED,,23.623,"{'m1-1': 107.32, 'm2-1': 98.17, 'm3-1': 99.63, 'm4-1': 1.03, 'm5-1': 114.35, 'm6-1': 0.95, 'm7-1': 10.91, 'm8-1': 114.41}",0.0,inf,inf,inf,173.623,173.623
157,T1,BESTEFFORT,COMPLETED,m4-1,23.719,"{'m1-1': 98.13, 'm2-1': 110.8, 'm3-1': 106.47, 'm4-1': 1.06, 'm5-1': 110.77, 'm6-1': 1.01, 'm7-1': 10.11, 'm8-1': 104.72}",1.59,27.086000000000002,28.146,inf,173.719,173.719
158,T1,BESTEFFORT,COMPLETED,m7-1,23.761,"{'m1-1': 109.01, 'm2-1': 100.08, 'm3-1': 101.68, 'm4-1': 1.08, 'm5-1': 106.12, 'm6-1': 1.12, 'm7-1': 10.1, 'm8-1': 111.41}",15.149999999999999,135.775,145.875,inf,173.761,173.761
159,T1,BESTEFFORT,COMPLETED,m7-1,23.983,"{'m1-1': 107.37, 'm2-1': 99.91, 'm3-1': 100.31, 'm4-1': 1.02, 'm5-1': 99.78, 'm6-1': 1.09, 'm7-1': 10.96, 'm8-1': 101.02}",16.44,64.625,75.58500000000001,inf,173.983,173.983
160,T2,BESTEFFORT,COMPLETED,m6-1,24.339,"{'m1-1': 108.84, 'm2-1': 114.45, 'm3-1': 96.54, 'm4-1': 1.04, 'm5-1': 104.53, 'm6-1': 1.09, 'm7-1': 9.78, 'm8-1': 111.49}",1.6350000000000002,47.15700000000002,48.24700000000002,inf,174.339,174.339
161,T2,BESTEFFORT,COMPLETED,m6-1,24.351,"{'m1-1': 114.37, 'm2-1': 110.65, 'm3-1': 105.53, 'm4-1': 1.0, 'm5-1': 100.27, 'm6-1': 0.92, 'm7-1': 11.15, 'm8-1': 115.16}",1.3800000000000001,27.886999999999997,28.807,inf,174.351,174.351
162,T2,BESTEFFORT,COMPLETED,m6-1,24.423,"{'m1-1': 106.15, 'm2-1': 113.14, 'm3-1': 94.93, 'm4-1': 1.05, 'm5-1': 105.58, 'm6-1': 0.97, 'm7-1': 10.92, 'm8-1': 115.47}",1.455,168.067,169.037,inf,174.423,174.423
163,T4,BESTEFFORT,MISSED,m4-1,24.503,"{'m1-1': 108.75, 'm2-1': 108.26, 'm3-1': 111.35, 'm4-1': 1.03, 'm5-1': 102.89, 'm6-1': 1.06, 'm7-1': 10.47, 'm8-1': 99.5}",0.2654999999998182,174.3260000000001,inf,174.503,174.503,174.503
164,T2,BESTEFFORT,COMPLETED,m6-1,24.718,"{'m1-1': 100.65, 'm2-1': 109.2, 'm3-1': 104.05, 'm4-1': 1.05, 'm5-1': 116.82, 'm6-1': 1.04, 'm7-1': 9.78, 'm8-1': 109.46}",1.56,28.807,29.846999999999998,inf,174.718,174.718
165,T3,BESTEFFORT,CANCELLED,,24.836,"{'m1-1': 99.29, 'm2-1': 104.14, 'm3-1': 105.27, 'm4-1': 1.12, 'm5-1': 110.06, 'm6-1': 0.98, 'm7-1': 10.4, 'm8-1': 95.36}",0.0,inf,inf,inf,174.836,174.836
166,T1,BESTEFFORT,COMPLETED,m4-1,25.043,"{'m1-1': 108.59, 'm2-1': 96.34, 'm3-1': 107.72, 'm4-1': 0.98, 'm5-1': 104.17, 'm6-1': 1.12, 'm7-1': 9.61, 'm8-1': 113.69}",1.47,29.226,30.206,inf,175.043,175.043
167,T4,BESTEFFORT,COMPLETED,m4-1,25.16,"{'m1-1': 104.83, 'm2-1': 106.78, 'm3-1': 99.33, 'm4-1': 1.1, 'm5-1': 104.07, 'm6-1': 1.04, 'm7-1': 10.0, 'm8-1': 98.48}",1.6500000000000001,91.156,92.256,inf,175.16,175.16
168,T1,BESTEFFORT,COMPLETED,m4-1,25.211,"{'m1-1': 99.64, 'm2-1': 103.14, 'm3-1': 100.3, 'm4-1': 1.03, 'm5-1': 105.92, 'm6-1': 1.0, 'm7-1': 10.52, 'm8-1': 96.21}",1.545,39.41600000000001,40.44600000000001,inf,175.211,175.211
169,T3,BESTEFFORT,COMPLETED,m4-1,25.358,"{'m1-1': 110.07, 'm2-1': 108.57, 'm3-1': 109.59, 'm4-1': 1.15, 'm5-1': 114.86, 'm6-1': 1.0, 'm7-1': 10.29, 'm8-1': 100.17}",1.7249999999999999,61.85600000000002,63.00600000000002,inf,175.358,175.358
170,T2,BESTEFFORT,COMPLETED,m6-1,25.397,"{'m1-1': 116.58, 'm2-1': 115.5, 'm3-1': 92.2, 'm4-1': 1.11, 'm5-1': 114.42, 'm6-1': 1.03, 'm7-1': 11.21, 'm8-1': 111.28}",1.545,48.24700000000002,49.27700000000002,inf,175.397,175.397
171,T4,BESTEFFORT,COMPLETED,m6-1,25.411,"{'m1-1': 96.18, 'm2-1': 101.43, 'm3-1': 100.83, 'm4-1': 1.14, 'm5-1': 109.49, 'm6-1': 1.06, 'm7-1': 11.43, 'm8-1': 109.52}",1.59,29.846999999999998,30.906999999999996,inf,175.411,175.411
172,T3,BESTEFFORT,CANCELLED,,25.464,"{'m1-1': 99.92, 'm2-1': 109.3, 'm3-1': 104.83, 'm4-1': 1.06, 'm5-1': 104.98, 'm6-1': 1.01, 'm7-1': 11.07, 'm8-1': 94.72}",0.0,inf,inf,inf,175.464,175.464
173,T1,BESTEFFORT,COMPLETED,m4-1,25.506,"{'m1-1': 106.82, 'm2-1': 110.6, 'm3-1': 99.38, 'm4-1': 1.07, 'm5-1': 104.82, 'm6-1': 1.13, 'm7-1': 11.04, 'm8-1': 101.8}",1.605,44.38600000000001,45.45600000000001,inf,175.506,175.506
174,T1,BESTEFFORT,MISSED,m2-1,25.892,"{'m1-1': 111.59, 'm2-1': 103.87, 'm3-1': 100.54, 'm4-1': 0.96, 'm5-1': 105.04, 'm6-1': 1.13, 'm7-1': 10.19, 'm8-1': 101.8}",0.0,194.948,inf,194.948,175.892,175.892
175,T2,BESTEFFORT,COMPLETED,m6-1,26.25,"{'m1-1': 112.72, 'm2-1': 102.52, 'm3-1': 99.68, 'm4-1': 1.06, 'm5-1': 100.45, 'm6-1': 1.05, 'm7-1': 11.01, 'm8-1': 108.22}",1.5750000000000002,134.06699999999998,135.117,inf,176.25,176.25
176,T1,BESTEFFORT,COMPLETED,m4-1,26.332,"{'m1-1': 104.38, 'm2-1': 94.57, 'm3-1': 110.7, 'm4-1': 1.07, 'm5-1': 111.04, 'm6-1': 1.12, 'm7-1': 10.21, 'm8-1': 104.5}",1.605,30.206,31.276,inf,176.332,176.332
177,T1,BESTEFFORT,COMPLETED,m7-1,26.351,"{'m1-1': 110.27, 'm2-1': 105.57, 'm3-1': 98.3, 'm4-1': 1.09, 'm5-1': 102.82, 'm6-1': 1.02, 'm7-1': 9.49, 'm8-1': 108.37}",14.235,96.40500000000002,105.89500000000001,inf,176.351,176.351
178,T2,BESTEFFORT,COMPLETED,m6-1,26.849,"{'m1-1': 115.18, 'm2-1': 115.18, 'm3-1': 98.68, 'm4-1': 1.12, 'm5-1': 103.98, 'm6-1': 0.96, 'm7-1': 11.33, 'm8-1': 103.4}",1.44,49.27700000000002,50.23700000000002,inf,176.849,176.849
179,T2,BESTEFFORT,COMPLETED,m6-1,26.873,"{'m1-1': 106.54, 'm2-1': 108.12, 'm3-1': 102.93, 'm4-1': 1.14, 'm5-1': 114.63, 'm6-1': 1.09, 'm7-1': 10.54, 'm8-1': 100.79}",1.6350000000000002,50.23700000000002,51.32700000000003,inf,176.873,176.873
180,T3,BESTEFFORT,MISSED,m8-1,27.128,"{'m1-1': 103.56, 'm2-1': 106.48, 'm3-1': 110.63, 'm4-1': 1.07, 'm5-1': 100.89, 'm6-1': 1.09, 'm7-1': 10.26, 'm8-1': 108.38}",0.0,180.446,inf,180.446,177.128,177.128
181,T4,BESTEFFORT,CANCELLED,,27.301,"{'m1-1': 107.17, 'm2-1': 106.65, 'm3-1': 106.04, 'm4-1': 1.0, 'm5-1': 106.13, 'm6-1': 1.08, 'm7-1': 10.03, 'm8-1': 112.84}",0.0,inf,inf,inf,177.301,177.301
182,T4,BESTEFFORT,COMPLETED,m6-1,27.51,"{'m1-1': 98.63, 'm2-1': 99.55, 'm3-1': 98.25, 'm4-1': 1.01, 'm5-1': 103.88, 'm6-1': 0.96, 'm7-1': 9.84, 'm8-1': 104.74}",1.44,30.906999999999996,31.866999999999997,inf,177.51,177.51
183,T1,BESTEFFORT,COMPLETED,m4-1,27.951,"{'m1-1': 108.41, 'm2-1': 106.98, 'm3-1': 115.77, 'm4-1': 0.93, 'm5-1': 100.36, 'm6-1': 1.02, 'm7-1': 9.31, 'm8-1': 106.21}",1.395,31.276,32.206,inf,177.951,177.951
184,T1,BESTEFFORT,COMPLETED,m4-1,28.019,"{'m1-1': 98.33, 'm2-1': 98.06, 'm3-1': 104.89, 'm4-1': 1.02, 'm5-1': 106.95, 'm6-1': 0.97, 'm7-1': 9.59, 'm8-1': 112.63}",1.53,45.45600000000001,46.47600000000001,inf,178.019,178.019
185,T1,BESTEFFORT,COMPLETED,m4-1,28.295,"{'m1-1': 105.35, 'm2-1': 98.81, 'm3-1': 104.83, 'm4-1': 1.02, 'm5-1': 99.47, 'm6-1': 1.14, 'm7-1': 11.01, 'm8-1': 104.47}",1.53,32.206,33.226000000000006,inf,178.29500000000002,178.29500000000002
186,T4,BESTEFFORT,CANCELLED,,28.311,"{'m1-1': 97.74, 'm2-1': 109.96, 'm3-1': 107.03, 'm4-1': 1.01, 'm5-1': 97.12, 'm6-1': 1.0, 'm7-1': 10.83, 'm8-1': 97.12}",0.0,inf,inf,inf,178.311,178.311
187,T4,BESTEFFORT,COMPLETED,m6-1,28.571,"{'m1-1': 107.34, 'm2-1': 102.88, 'm3-1': 96.72, 'm4-1': 1.12, 'm5-1': 100.57, 'm6-1': 1.0, 'm7-1': 11.33, 'm8-1': 108.26}",1.5,87.38700000000001,88.38700000000001,inf,178.571,178.571
188,T2,BESTEFFORT,COMPLETED,m6-1,28.911,"{'m1-1': 101.26, 'm2-1': 100.74, 'm3-1': 92.16, 'm4-1': 1.12, 'm5-1': 99.02, 'm6-1': 1.06, 'm7-1': 11.32, 'm8-1': 100.9}",1.59,32.836999999999996,33.897,inf,178.911,178.911
189,T2,BESTEFFORT,COMPLETED,m4-1,28.944,"{'m1-1': 115.53, 'm2-1': 107.38, 'm3-1': 97.24, 'm4-1': 1.06, 'm5-1': 114.21, 'm6-1': 0.96, 'm7-1': 9.66, 'm8-1': 113.8}",1.59,63.00600000000002,64.06600000000002,inf,178.944,178.944
190,T3,BESTEFFORT,COMPLETED,m6-1,28.988,"{'m1-1': 102.49, 'm2-1': 107.23, 'm3-1': 104.59, 'm4-1': 0.99, 'm5-1': 113.96, 'm6-1': 0.97, 'm7-1': 10.86, 'm8-1': 108.42}",1.455,52.38700000000003,53.35700000000003,inf,178.988,178.988
191,T1,BESTEFFORT,COMPLETED,m4-1,29.018,"{'m1-1': 98.68, 'm2-1': 108.04, 'm3-1': 109.8, 'm4-1': 1.08, 'm5-1': 106.1, 'm6-1': 1.0, 'm7-1': 9.75, 'm8-1': 109.62}",1.62,33.226000000000006,34.306000000000004,inf,179.018,179.018
192,T3,BESTEFFORT,CANCELLED,,29.083,"{'m1-1': 104.38, 'm2-1': 103.86, 'm3-1': 103.54, 'm4-1': 1.12, 'm5-1': 111.85, 'm6-1': 1.12, 'm7-1': 10.71, 'm8-1': 97.65}",0.0,inf,inf,inf,179.083,179.083
193,T2,BESTEFFORT,COMPLETED,m6-1,29.642,"{'m1-1': 103.54, 'm2-1': 111.8, 'm3-1': 91.58, 'm4-1': 1.16, 'm5-1': 110.97, 'm6-1': 0.96, 'm7-1': 10.28, 'm8-1': 115.34}",1.44,34.817,35.777,inf,179.642,179.642
194,T3,BESTEFFORT,COMPLETED,m6-1,29.829,"{'m1-1': 101.8, 'm2-1': 107.72, 'm3-1': 104.09, 'm4-1': 1.07, 'm5-1': 100.68, 'm6-1': 1.04, 'm7-1': 10.85, 'm8-1': 98.06}",1.56,169.037,170.077,inf,179.829,179.829
195,T3,BESTEFFORT,COMPLETED,m6-1,29.941,"{'m1-1': 100.69, 'm2-1': 105.65, 'm3-1': 103.41, 'm4-1': 1.0, 'm5-1': 115.98, 'm6-1': 1.04, 'm7-1': 11.53, 'm8-1': 102.27}",1.56,170.077,171.117,inf,179.941,179.941
196,T4,BESTEFFORT,COMPLETED,m6-1,30.304,"{'m1-1': 100.93, 'm2-1': 114.38, 'm3-1': 101.65, 'm4-1': 1.15, 'm5-1': 114.33, 'm6-1': 0.99, 'm7-1': 10.12, 'm8-1': 98.85}",1.4849999999999999,35.777,36.767,inf,180.304,180.304
197,T3,BESTEFFORT,MISSED,m8-1,30.446,"{'m1-1': 103.0, 'm2-1': 101.13, 'm3-1': 100.58, 'm4-1': 1.07, 'm5-1': 101.01, 'm6-1': 0.96, 'm7-1': 10.93, 'm8-1': 108.6}",35.059499999999986,157.073,inf,180.446,180.446,180.446
198,T4,BESTEFFORT,COMPLETED,m6-1,30.528,"{'m1-1': 108.4, 'm2-1': 107.95, 'm3-1': 96.4, 'm4-1': 1.09, 'm5-1': 109.31, 'm6-1': 0.92, 'm7-1': 10.41, 'm8-1': 106.35}",1.3800000000000001,33.897,34.817,inf,180.528,180.528
199,T2,BESTEFFORT,CANCELLED,,30.647,"{'m1-1': 104.41, 'm2-1': 101.04, 'm3-1': 105.64, 'm4-1': 1.01, 'm5-1': 100.94, 'm6-1': 0.95, 'm7-1': 10.28, 'm8-1': 104.45}",0.0,inf,inf,inf,180.647,180.647
200,T4,BESTEFFORT,COMPLETED,m6-1,30.654,"{'m1-1': 109.74, 'm2-1': 114.46, 'm3-1': 95.06, 'm4-1': 1.06, 'm5-1': 114.42, 'm6-1': 1.0, 'm7-1': 10.49, 'm8-1': 109.46}",1.5,88.38700000000001,89.38700000000001,inf,180.654,180.654
201,T2,BESTEFFORT,COMPLETED,m4-1,31.354,"{'m1-1': 111.35, 'm2-1': 115.17, 'm3-1': 100.9, 'm4-1': 1.13, 'm5-1': 109.98, 'm6-1': 0.94, 'm7-1': 11.22, 'm8-1': 108.9}",1.6949999999999998,144.93600000000004,146.06600000000003,inf,181.35399999999998,181.35399999999998
202,T4,BESTEFFORT,COMPLETED,m6-1,31.476,"{'m1-1': 107.54, 'm2-1': 102.41, 'm3-1': 95.05, 'm4-1': 1.08, 'm5-1': 104.22, 'm6-1': 1.06, 'm7-1': 10.29, 'm8-1': 111.05}",1.59,158.70700000000002,159.76700000000002,inf,181.476,181.476
203,T1,BESTEFFORT,COMPLETED,m4-1,31.61,"{'m1-1': 108.18, 'm2-1': 102.23, 'm3-1': 98.69, 'm4-1': 1.0, 'm5-1': 103.67, 'm6-1': 1.07, 'm7-1': 10.44, 'm8-1': 107.02}",1.5,47.40600000000001,48.40600000000001,inf,181.61,181.61
204,T1,BESTEFFORT,COMPLETED,m4-1,31.696,"{'m1-1': 102.3, 'm2-1': 110.68, 'm3-1': 109.78, 'm4-1': 1.06, 'm5-1': 102.76, 'm6-1': 1.11, 'm7-1': 10.45, 'm8-1': 99.93}",1.59,35.306000000000004,36.36600000000001,inf,181.696,181.696
205,T1,BESTEFFORT,COMPLETED,m4-1,31.704,"{'m1-1': 107.64, 'm2-1': 104.14, 'm3-1': 105.7, 'm4-1': 0.97, 'm5-1': 99.6, 'm6-1': 0.96, 'm7-1': 9.75, 'm8-1': 105.86}",1.455,146.06600000000003,147.03600000000003,inf,181.704,181.704
206,T2,BESTEFFORT,COMPLETED,m6-1,31.874,"{'m1-1': 115.78, 'm2-1': 105.31, 'm3-1': 101.94, 'm4-1': 1.13, 'm5-1': 115.55, 'm6-1': 1.07, 'm7-1': 10.43, 'm8-1': 111.67}",1.605,64.06700000000002,65.13700000000001,inf,181.874,181.874
207,T2,BESTEFFORT,COMPLETED,m6-1,32.013,"{'m1-1': 117.22, 'm2-1': 111.38, 'm3-1': 103.09, 'm4-1': 1.03, 'm5-1': 100.3, 'm6-1': 1.09, 'm7-1': 10.1, 'm8-1': 114.7}",1.6350000000000002,144.367,145.457,inf,182.013,182.013
208,T3,BESTEFFORT,MISSED,m4-1,32.087,"{'m1-1': 98.48, 'm2-1': 107.95, 'm3-1': 94.29, 'm4-1': 1.13, 'm5-1': 114.72, 'm6-1': 1.1, 'm7-1': 11.21, 'm8-1': 97.95}",0.0,184.17299999999997,inf,184.17299999999997,182.087,182.087
209,T1,BESTEFFORT,COMPLETED,m4-1,32.432,"{'m1-1': 106.18, 'm2-1': 103.22, 'm3-1': 104.16, 'm4-1': 0.99, 'm5-1': 103.66, 'm6-1': 1.13, 'm7-1': 9.51, 'm8-1': 113.29}",1.4849999999999999,64.06600000000002,65.05600000000001,inf,182.43200000000002,182.43200000000002
210,T3,BESTEFFORT,CANCELLED,,32.629,"{'m1-1': 110.75, 'm2-1': 108.62, 'm3-1': 100.65, 'm4-1': 1.03, 'm5-1': 97.6, 'm6-1': 1.07, 'm7-1': 11.48, 'm8-1': 107.01}",0.0,inf,inf,inf,182.629,182.629
211,T1,BESTEFFORT,COMPLETED,m6-1,32.773,"{'m1-1': 112.46, 'm2-1': 103.94, 'm3-1': 116.25, 'm4-1': 1.08, 'm5-1': 98.67, 'm6-1': 1.08, 'm7-1': 10.08, 'm8-1': 103.01}",1.62,145.457,146.537,inf,182.773,182.773
212,T1,BESTEFFORT,COMPLETED,m4-1,32.852,"{'m1-1': 100.2, 'm2-1': 110.72, 'm3-1': 114.51, 'm4-1': 0.93, 'm5-1': 101.9, 'm6-1': 1.14, 'm7-1': 10.19, 'm8-1': 108.65}",1.395,36.36600000000001,37.29600000000001,inf,182.852,182.852
213,T2,BESTEFFORT,MISSED,m6-1,32.884,"{'m1-1': 114.91, 'm2-1': 107.73, 'm3-1': 105.7, 'm4-1': 1.11, 'm5-1': 104.64, 'm6-1': 1.1, 'm7-1': 10.53, 'm8-1': 108.76}",0.0,185.54699999999997,inf,185.54699999999997,182.88400000000001,182.88400000000001
214,T1,BESTEFFORT,COMPLETED,m4-1,33.082,"{'m1-1': 104.91, 'm2-1': 103.94, 'm3-1': 105.06, 'm4-1': 1.06, 'm5-1': 98.67, 'm6-1': 0.97, 'm7-1': 10.91, 'm8-1': 111.67}",1.59,133.16600000000003,134.22600000000003,inf,183.082,183.082
215,T3,BESTEFFORT,COMPLETED,m6-1,33.179,"{'m1-1': 110.11, 'm2-1': 100.05, 'm3-1': 95.83, 'm4-1': 1.03, 'm5-1': 105.73, 'm6-1': 1.08, 'm7-1': 10.47, 'm8-1': 105.74}",1.62,108.66699999999999,109.74699999999999,inf,183.179,183.179
216,T2,BESTEFFORT,MISSED,m3-1,33.326,"{'m1-1': 99.03, 'm2-1': 103.56, 'm3-1': 92.99, 'm4-1': 1.15, 'm5-1': 100.06, 'm6-1': 1.08, 'm7-1': 10.18, 'm8-1': 99.08}",0.0,202.777,inf,202.777,183.326,183.326
217,T3,BESTEFFORT,COMPLETED,m4-1,33.385,"{'m1-1': 97.71, 'm2-1': 107.73, 'm3-1': 97.12, 'm4-1': 1.14, 'm5-1': 110.98, 'm6-1': 1.01, 'm7-1': 10.8, 'm8-1': 110.07}",1.71,92.256,93.396,inf,183.385,183.385
218,T1,BESTEFFORT,COMPLETED,m4-1,34.126,"{'m1-1': 101.71, 'm2-1': 108.54, 'm3-1': 99.81, 'm4-1': 1.03, 'm5-1': 95.94, 'm6-1': 1.07, 'm7-1': 9.47, 'm8-1': 112.89}",1.545,37.29600000000001,38.32600000000001,inf,184.126,184.126
219,T2,BESTEFFORT,COMPLETED,m4-1,34.248,"{'m1-1': 113.96, 'm2-1': 99.37, 'm3-1': 107.33, 'm4-1': 1.11, 'm5-1': 110.57, 'm6-1': 0.93, 'm7-1': 10.42, 'm8-1': 109.91}",1.665,168.0560000000001,169.1660000000001,inf,184.248,184.248
220,T2,BESTEFFORT,COMPLETED,m4-1,34.597,"{'m1-1': 109.61, 'm2-1': 111.78, 'm3-1': 108.01, 'm4-1': 1.15, 'm5-1': 101.23, 'm6-1': 1.07, 'm7-1': 9.76, 'm8-1': 108.17}",1.7249999999999999,147.03600000000003,148.18600000000004,inf,184.597,184.597
221,T2,BESTEFFORT,COMPLETED,m6-1,34.683,"{'m1-1': 110.6, 'm2-1': 113.82, 'm3-1': 107.32, 'm4-1': 1.09, 'm5-1': 103.89, 'm6-1': 0.93, 'm7-1': 10.03, 'm8-1': 110.58}",1.395,135.117,136.047,inf,184.683,184.683
222,T3,BESTEFFORT,COMPLETED,m6-1,34.755,"{'m1-1': 106.77, 'm2-1': 106.63, 'm3-1': 109.02, 'm4-1': 1.1, 'm5-1': 109.14, 'm6-1': 1.02, 'm7-1': 11.21, 'm8-1': 107.45}",1.53,109.74699999999999,110.76699999999998,inf,184.755,184.755
223,T1,BESTEFFORT,COMPLETED,m4-1,34.856,"{'m1-1': 106.52, 'm2-1': 103.46, 'm3-1': 109.14, 'm4-1': 0.93, 'm5-1': 94.48, 'm6-1': 1.01, 'm7-1': 10.52, 'm8-1': 99.81}",1.395,48.40600000000001,49.33600000000001,inf,184.856,184.856
224,T3,BESTEFFORT,COMPLETED,m4-1,34.896,"{'m1-1': 111.14, 'm2-1': 106.19, 'm3-1': 110.72, 'm4-1': 1.15, 'm5-1': 104.45, 'm6-1': 0.99, 'm7-1': 11.23, 'm8-1': 97.07}",1.7249999999999999,93.396,94.546,inf,184.89600000000002,184.89600000000002
225,T2,BESTEFFORT,COMPLETED,m6-1,35.118,"{'m1-1': 102.55, 'm2-1': 114.57, 'm3-1': 102.85, 'm4-1': 1.1, 'm5-1': 111.17, 'm6-1': 1.09, 'm7-1': 9.8, 'm8-1': 107.28}",1.6350000000000002,110.76699999999998,111.85699999999999,inf,185.118,185.118
226,T1,BESTEFFORT,COMPLETED,m4-1,35.17,"{'m1-1': 111.93, 'm2-1': 93.53, 'm3-1': 115.75, 'm4-1': 1.09, 'm5-1': 107.35, 'm6-1': 1.04, 'm7-1': 10.49, 'm8-1': 111.86}",1.6350000000000002,38.32600000000001,39.41600000000001,inf,185.17000000000002,185.17000000000002
227,T1,BESTEFFORT,COMPLETED,m4-1,35.171,"{'m1-1': 98.09, 'm2-1': 100.59, 'm3-1': 99.33, 'm4-1': 1.06, 'm5-1': 94.71, 'm6-1': 0.97, 'm7-1': 10.61, 'm8-1': 110.9}",1.59,49.33600000000001,50.396000000000015,inf,185.171,185.171
228,T1,BESTEFFORT,COMPLETED,m4-1,35.26,"{'m1-1': 99.24, 'm2-1': 104.46, 'm3-1': 102.67, 'm4-1': 0.96, 'm5-1': 104.94, 'm6-1': 0.99, 'm7-1': 10.79, 'm8-1': 110.07}",1.44,40.44600000000001,41.40600000000001,inf,185.26,185.26
229,T3,BESTEFFORT,CANCELLED,,35.469,"{'m1-1': 98.09, 'm2-1': 110.09, 'm3-1': 110.77, 'm4-1': 1.09, 'm5-1': 110.59, 'm6-1': 0.99, 'm7-1': 10.3, 'm8-1': 100.77}",0.0,inf,inf,inf,185.469,185.469
230,T4,BESTEFFORT,COMPLETED,m6-1,35.481,"{'m1-1': 107.17, 'm2-1': 110.65, 'm3-1': 98.48, 'm4-1': 1.0, 'm5-1': 112.29, 'm6-1': 1.0, 'm7-1': 9.91, 'm8-1': 98.81}",1.5,89.38700000000001,90.38700000000001,inf,185.481,185.481
231,T1,BESTEFFORT,COMPLETED,m6-1,35.572,"{'m1-1': 104.1, 'm2-1': 96.54, 'm3-1': 110.16, 'm4-1': 1.0, 'm5-1': 110.2, 'm6-1': 1.07, 'm7-1': 10.75, 'm8-1': 101.55}",1.605,111.85699999999999,112.92699999999998,inf,185.572,185.572
232,T2,BESTEFFORT,CANCELLED,,35.614,"{'m1-1': 117.08, 'm2-1': 111.13, 'm3-1': 101.78, 'm4-1': 1.01, 'm5-1': 99.17, 'm6-1': 0.94, 'm7-1': 10.35, 'm8-1': 106.98}",0.0,inf,inf,inf,185.614,185.614
233,T2,BESTEFFORT,COMPLETED,m6-1,35.632,"{'m1-1': 101.79, 'm2-1': 101.53, 'm3-1': 103.34, 'm4-1': 1.02, 'm5-1': 110.65, 'm6-1': 1.05, 'm7-1': 10.12, 'm8-1': 111.02}",1.5750000000000002,146.537,147.58700000000002,inf,185.632,185.632
234,T4,BESTEFFORT,COMPLETED,m6-1,35.864,"{'m1-1': 102.82, 'm2-1': 101.37, 'm3-1': 95.4, 'm4-1': 1.12, 'm5-1': 104.82, 'm6-1': 0.96, 'm7-1': 10.14, 'm8-1': 108.61}",1.44,39.99700000000001,40.95700000000001,inf,185.864,185.864
235,T2,BESTEFFORT,COMPLETED,m6-1,35.99,"{'m1-1': 115.58, 'm2-1': 112.37, 'm3-1': 108.16, 'm4-1': 1.13, 'm5-1': 101.23, 'm6-1': 1.06, 'm7-1': 10.09, 'm8-1': 112.28}",1.59,68.02700000000002,69.08700000000002,inf,185.99,185.99
236,T2,BESTEFFORT,COMPLETED,m6-1,36.14,"{'m1-1': 106.55, 'm2-1': 113.86, 'm3-1': 96.9, 'm4-1': 1.14, 'm5-1': 114.3, 'm6-1': 0.94, 'm7-1': 11.21, 'm8-1': 98.61}",1.41,69.08700000000002,70.02700000000002,inf,186.14,186.14
237,T3,BESTEFFORT,COMPLETED,m6-1,36.147,"{'m1-1': 107.3, 'm2-1': 101.42, 'm3-1': 106.76, 'm4-1': 1.04, 'm5-1': 109.42, 'm6-1': 1.09, 'm7-1': 11.53, 'm8-1': 94.72}",1.6350000000000002,136.047,137.137,inf,186.147,186.147
238,T3,BESTEFFORT,COMPLETED,m6-1,36.297,"{'m1-1': 97.48, 'm2-1': 96.3, 'm3-1': 99.59, 'm4-1': 1.12, 'm5-1': 97.61, 'm6-1': 0.97, 'm7-1': 10.84, 'm8-1': 106.88}",1.455,90.38700000000001,91.35700000000001,inf,186.297,186.297
239,T2,BESTEFFORT,CANCELLED,,36.524,"{'m1-1': 98.98, 'm2-1': 98.22, 'm3-1': 108.14, 'm4-1': 1.06, 'm5-1': 102.99, 'm6-1': 0.93, 'm7-1': 10.19, 'm8-1': 109.35}",0.0,inf,inf,inf,186.524,186.524
240,T3,BESTEFFORT,COMPLETED,m4-1,36.569,"{'m1-1': 105.12, 'm2-1': 98.64, 'm3-1': 101.9, 'm4-1': 1.08, 'm5-1': 109.26, 'm6-1': 1.04, 'm7-1': 11.13, 'm8-1': 104.5}",1.62,184.17299999999997,185.253,inf,186.56900000000002,186.56900000000002
241,T2,BESTEFFORT,COMPLETED,m6-1,36.649,"{'m1-1': 113.81, 'm2-1': 113.87, 'm3-1': 97.58, 'm4-1': 1.01, 'm5-1': 103.96, 'm6-1': 0.99, 'm7-1': 10.6, 'm8-1': 108.75}",1.4849999999999999,43.14700000000001,44.137000000000015,inf,186.649,186.649
242,T2,BESTEFFORT,COMPLETED,m6-1,36.732,"{'m1-1': 107.81, 'm2-1': 97.8, 'm3-1': 108.17, 'm4-1': 1.1, 'm5-1': 104.96, 'm6-1': 1.1, 'm7-1': 9.77, 'm8-1': 111.72}",1.6500000000000001,40.95700000000001,42.05700000000001,inf,186.732,186.732
243,T3,BESTEFFORT,COMPLETED,m6-1,36.768,"{'m1-1': 111.67, 'm2-1': 100.71, 'm3-1': 107.72, 'm4-1': 1.16, 'm5-1': 100.86, 'm6-1': 1.03, 'm7-1': 10.44, 'm8-1': 104.71}",1.545,171.117,172.147,inf,186.768,186.768
244,T3,BESTEFFORT,COMPLETED,m4-1,36.872,"{'m1-1': 102.07, 'm2-1': 108.42, 'm3-1': 94.48, 'm4-1': 1.05, 'm5-1': 108.17, 'm6-1': 1.09, 'm7-1': 10.39, 'm8-1': 109.4}",1.5750000000000002,50.396000000000015,51.44600000000001,inf,186.872,186.872
245,T3,BESTEFFORT,COMPLETED,m6-1,36.896,"{'m1-1': 104.87, 'm2-1': 110.68, 'm3-1': 109.03, 'm4-1': 1.16, 'm5-1': 107.34, 'm6-1': 1.04, 'm7-1': 11.58, 'm8-1': 106.24}",1.56,91.35700000000001,92.39700000000002,inf,186.89600000000002,186.89600000000002
246,T3,BESTEFFORT,COMPLETED,m6-1,36.959,"{'m1-1': 95.17, 'm2-1': 97.9, 'm3-1': 111.45, 'm4-1': 1.1, 'm5-1': 97.63, 'm6-1': 1.09, 'm7-1': 10.01, 'm8-1': 99.17}",1.6350000000000002,112.92699999999998,114.01699999999998,inf,186.959,186.959
247,T4,BESTEFFORT,COMPLETED,m4-1,36.988,"{'m1-1': 106.0, 'm2-1': 106.0, 'm3-1': 101.42, 'm4-1': 1.05, 'm5-1': 110.11, 'm6-1': 0.96, 'm7-1': 9.68, 'm8-1': 98.76}",1.5750000000000002,174.503,175.553,inf,186.988,186.988
248,T2,BESTEFFORT,COMPLETED,m4-1,37.305,"{'m1-1': 114.8, 'm2-1': 114.57, 'm3-1': 97.24, 'm4-1': 1.15, 'm5-1': 98.96, 'm6-1': 0.98, 'm7-1': 10.59, 'm8-1': 104.43}",1.7249999999999999,169.1660000000001,170.31600000000012,inf,187.305,187.305
249,T1,BESTEFFORT,COMPLETED,m4-1,37.373,"{'m1-1': 113.91, 'm2-1': 110.53, 'm3-1': 103.64, 'm4-1': 0.95, 'm5-1': 105.67, 'm6-1': 1.02, 'm7-1': 10.27, 'm8-1': 100.37}",1.4249999999999998,43.43600000000001,44.38600000000001,inf,187.373,187.373
250,T3,BESTEFFORT,COMPLETED,m4-1,37.47,"{'m1-1': 104.94, 'm2-1': 100.96, 'm3-1': 106.83, 'm4-1': 1.09, 'm5-1': 100.84, 'm6-1': 0.97, 'm7-1': 10.19, 'm8-1': 99.79}",1.6350000000000002,94.546,95.63600000000001,inf,187.47,187.47
251,T1,BESTEFFORT,COMPLETED,m4-1,37.551,"{'m1-1': 106.15, 'm2-1': 109.05, 'm3-1': 102.7, 'm4-1': 0.97, 'm5-1': 109.62, 'm6-1': 1.07, 'm7-1': 9.73, 'm8-1': 95.78}",1.455,159.63600000000008,160.60600000000008,inf,187.551,187.551
252,T1,BESTEFFORT,COMPLETED,m4-1,37.595,"{'m1-1': 101.53, 'm2-1': 94.86, 'm3-1': 106.62, 'm4-1': 1.05, 'm5-1': 104.31, 'm6-1': 1.13, 'm7-1': 9.34, 'm8-1': 97.67}",1.5750000000000002,41.40600000000001,42.45600000000001,inf,187.595,187.595
253,T3,BESTEFFORT,COMPLETED,m6-1,37.946,"{'m1-1': 96.19, 'm2-1': 105.53, 'm3-1': 101.84, 'm4-1': 1.12, 'm5-1': 101.24, 'm6-1': 1.11, 'm7-1': 10.87, 'm8-1': 109.94}",1.665,114.01699999999998,115.12699999999998,inf,187.946,187.946
254,T3,BESTEFFORT,COMPLETED,m4-1,38.325,"{'m1-1': 104.94, 'm2-1': 98.28, 'm3-1': 98.39, 'm4-1': 1.02, 'm5-1': 99.59, 'm6-1': 0.98, 'm7-1': 11.46, 'm8-1': 99.37}",1.53,95.63600000000001,96.656,inf,188.325,188.325
255,T2,BESTEFFORT,COMPLETED,m6-1,38.402,"{'m1-1': 102.89, 'm2-1': 112.9, 'm3-1': 93.66, 'm4-1': 1.12, 'm5-1': 110.17, 'm6-1': 1.09, 'm7-1': 10.94, 'm8-1': 102.21}",1.6350000000000002,42.05700000000001,43.14700000000001,inf,188.402,188.402
256,T4,BESTEFFORT,COMPLETED,m6-1,38.438,"{'m1-1': 95.86, 'm2-1': 116.12, 'm3-1': 97.37, 'm4-1': 1.13, 'm5-1': 110.65, 'm6-1': 1.05, 'm7-1': 11.16, 'm8-1': 101.53}",1.5750000000000002,115.12699999999998,116.17699999999998,inf,188.438,188.438
257,T1,BESTEFFORT,COMPLETED,m4-1,38.477,"{'m1-1': 113.34, 'm2-1': 101.19, 'm3-1': 109.31, 'm4-1': 0.98, 'm5-1': 101.25, 'm6-1': 1.02, 'm7-1': 10.08, 'm8-1': 103.69}",1.47,42.45600000000001,43.43600000000001,inf,188.477,188.477
258,T4,BESTEFFORT,COMPLETED,m6-1,39.051,"{'m1-1': 104.71, 'm2-1': 101.56, 'm3-1': 106.74, 'm4-1': 1.16, 'm5-1': 109.33, 'm6-1': 1.02, 'm7-1': 10.38, 'm8-1': 108.92}",1.53,147.58700000000002,148.60700000000003,inf,189.051,189.051
259,T3,BESTEFFORT,COMPLETED,m6-1,39.131,"{'m1-1': 98.84, 'm2-1': 107.77, 'm3-1': 99.92, 'm4-1': 1.08, 'm5-1': 112.48, 'm6-1': 0.96, 'm7-1': 10.43, 'm8-1': 105.99}",1.44,185.54699999999997,186.50699999999998,inf,189.131,189.131
260,T2,BESTEFFORT,COMPLETED,m6-1,39.141,"{'m1-1': 106.34, 'm2-1': 110.18, 'm3-1': 93.61, 'm4-1': 1.01, 'm5-1': 100.16, 'm6-1': 0.95, 'm7-1': 10.21, 'm8-1': 108.75}",1.4249999999999998,116.17699999999998,117.12699999999998,inf,189.141,189.141
261,T3,BESTEFFORT,COMPLETED,m4-1,39.272,"{'m1-1': 94.47, 'm2-1': 99.74, 'm3-1': 97.86, 'm4-1': 1.1, 'm5-1': 98.74, 'm6-1': 1.13, 'm7-1': 11.22, 'm8-1': 101.94}",1.6500000000000001,160.60600000000008,161.70600000000007,inf,189.272,189.272
262,T4,BESTEFFORT,COMPLETED,m6-1,39.352,"{'m1-1': 99.42, 'm2-1': 100.74, 'm3-1': 100.03, 'm4-1': 1.09, 'm5-1': 98.07, 'm6-1': 0.94, 'm7-1': 10.9, 'm8-1': 99.75}",1.41,137.137,138.077,inf,189.352,189.352
263,T1,BESTEFFORT,COMPLETED,m4-1,39.595,"{'m1-1': 99.46, 'm2-1': 103.59, 'm3-1': 111.73, 'm4-1': 0.99, 'm5-1': 99.99, 'm6-1': 1.07, 'm7-1': 10.97, 'm8-1': 97.57}",1.4849999999999999,120.48600000000002,121.47600000000001,inf,189.595,189.595
264,T3,BESTEFFORT,COMPLETED,m6-1,39.616,"{'m1-1': 102.71, 'm2-1': 106.88, 'm3-1': 109.22, 'm4-1': 1.08, 'm5-1': 103.54, 'm6-1': 1.05, 'm7-1': 11.28, 'm8-1': 96.68}",1.5750000000000002,117.12699999999998,118.17699999999998,inf,189.61599999999999,189.61599999999999
265,T1,BESTEFFORT,COMPLETED,m4-1,39.722,"{'m1-1': 105.13, 'm2-1': 103.82, 'm3-1': 100.23, 'm4-1': 1.01, 'm5-1': 100.9, 'm6-1': 0.97, 'm7-1': 9.46, 'm8-1': 107.27}",1.5150000000000001,148.18600000000004,149.19600000000003,inf,189.722,189.722
266,T1,BESTEFFORT,COMPLETED,m4-1,39.793,"{'m1-1': 105.2, 'm2-1': 98.22, 'm3-1': 114.72, 'm4-1': 1.0, 'm5-1': 104.57, 'm6-1': 0.98, 'm7-1': 10.56, 'm8-1': 107.51}",1.5,51.44600000000001,52.44600000000001,inf,189.793,189.793
267,T2,BESTEFFORT,COMPLETED,m6-1,39.81,"{'m1-1': 101.65, 'm2-1': 109.08, 'm3-1': 92.91, 'm4-1': 1.12, 'm5-1': 100.91, 'm6-1': 0.99, 'm7-1': 11.16, 'm8-1': 115.16}",1.4849999999999999,188.53699999999998,189.527,inf,189.81,189.81
268,T1,BESTEFFORT,COMPLETED,m4-1,40.1,"{'m1-1': 98.56, 'm2-1': 108.05, 'm3-1': 101.93, 'm4-1': 0.99, 'm5-1': 96.46, 'm6-1': 1.13, 'm7-1': 9.85, 'm8-1': 98.13}",1.4849999999999999,185.253,186.243,inf,190.1,190.1
269,T2,BESTEFFORT,CANCELLED,,40.121,"{'m1-1': 106.91, 'm2-1': 97.98, 'm3-1': 101.28, 'm4-1': 1.09, 'm5-1': 113.02, 'm6-1': 1.04, 'm7-1': 10.12, 'm8-1': 100.16}",0.0,inf,inf,inf,190.121,190.121
270,T1,BESTEFFORT,COMPLETED,m4-1,40.726,"{'m1-1': 104.18, 'm2-1': 104.17, 'm3-1': 109.24, 'm4-1': 1.0, 'm5-1': 98.65, 'm6-1': 1.07, 'm7-1': 9.66, 'm8-1': 105.76}",1.5,149.19600000000003,150.19600000000003,inf,190.726,190.726
271,T3,BESTEFFORT,COMPLETED,m4-1,40.819,"{'m1-1': 102.7, 'm2-1': 109.1, 'm3-1': 101.43, 'm4-1': 1.01, 'm5-1': 113.68, 'm6-1': 0.98, 'm7-1': 10.47, 'm8-1': 95.57}",1.5150000000000001,170.31600000000012,171.3260000000001,inf,190.81900000000002,190.81900000000002
272,T1,BESTEFFORT,COMPLETED,m7-1,40.825,"{'m1-1': 114.57, 'm2-1': 107.32, 'm3-1': 115.05, 'm4-1': 1.05, 'm5-1': 100.36, 'm6-1': 1.06, 'm7-1': 10.12, 'm8-1': 98.09}",15.18,75.58500000000001,85.70500000000001,inf,190.825,190.825
273,T4,BESTEFFORT,CANCELLED,,40.967,"{'m1-1': 107.24, 'm2-1': 111.58, 'm3-1': 97.3, 'm4-1': 1.05, 'm5-1': 103.47, 'm6-1': 1.0, 'm7-1': 10.56, 'm8-1': 102.22}",0.0,inf,inf,inf,190.96699999999998,190.96699999999998
274,T3,BESTEFFORT,COMPLETED,m6-1,41.188,"{'m1-1': 94.98, 'm2-1': 113.68, 'm3-1': 110.48, 'm4-1': 1.15, 'm5-1': 99.51, 'm6-1': 1.09, 'm7-1': 11.25, 'm8-1': 98.23}",1.6350000000000002,172.147,173.237,inf,191.188,191.188
275,T3,BESTEFFORT,COMPLETED,m6-1,41.403,"{'m1-1': 110.8, 'm2-1': 103.72, 'm3-1': 103.84, 'm4-1': 1.11, 'm5-1': 102.92, 'm6-1': 0.99, 'm7-1': 10.55, 'm8-1': 111.21}",1.4849999999999999,148.60700000000003,149.59700000000004,inf,191.403,191.403
276,T3,BESTEFFORT,MISSED,m2-1,41.516,"{'m1-1': 98.51, 'm2-1': 98.51, 'm3-1': 100.28, 'm4-1': 0.99, 'm5-1': 113.55, 'm6-1': 1.03, 'm7-1': 10.27, 'm8-1': 112.02}",0.0,194.948,inf,194.948,191.516,191.516
277,T2,BESTEFFORT,COMPLETED,m6-1,41.641,"{'m1-1': 99.19, 'm2-1': 108.89, 'm3-1': 101.46, 'm4-1': 1.13, 'm5-1': 103.64, 'm6-1': 0.99, 'm7-1': 10.42, 'm8-1': 104.65}",1.4849999999999999,45.137000000000015,46.12700000000002,inf,191.641,191.641
278,T4,BESTEFFORT,COMPLETED,m6-1,41.815,"{'m1-1': 100.56, 'm2-1': 103.92, 'm3-1': 100.05, 'm4-1': 1.0, 'm5-1': 110.28, 'm6-1': 1.0, 'm7-1': 9.74, 'm8-1': 98.87}",1.5,159.76700000000002,160.76700000000002,inf,191.815,191.815
279,T3,BESTEFFORT,MISSED,m2-1,42.065,"{'m1-1': 104.18, 'm2-1': 97.46, 'm3-1': 96.17, 'm4-1': 1.05, 'm5-1': 103.52, 'm6-1': 1.07, 'm7-1': 10.91, 'm8-1': 97.02}",0.0,194.948,inf,194.948,192.065,192.065
280,T4,BESTEFFORT,COMPLETED,m4-1,42.074,"{'m1-1': 105.19, 'm2-1': 105.67, 'm3-1': 97.22, 'm4-1': 1.11, 'm5-1': 107.08, 'm6-1': 1.01, 'm7-1': 10.35, 'm8-1': 96.88}",1.665,121.47600000000001,122.58600000000001,inf,192.074,192.074
281,T4,BESTEFFORT,COMPLETED,m6-1,42.082,"{'m1-1': 105.3, 'm2-1': 111.54, 'm3-1': 105.01, 'm4-1': 1.09, 'm5-1': 108.79, 'm6-1': 1.06, 'm7-1': 11.16, 'm8-1': 99.42}",1.59,160.76700000000002,161.82700000000003,inf,192.082,192.082
282,T1,BESTEFFORT,COMPLETED,m4-1,42.208,"{'m1-1': 103.67, 'm2-1': 94.89, 'm3-1': 103.43, 'm4-1': 0.95, 'm5-1': 109.65, 'm6-1': 1.12, 'm7-1': 10.03, 'm8-1': 100.37}",1.4249999999999998,122.58600000000001,123.53600000000002,inf,192.208,192.208
283,T1,BESTEFFORT,COMPLETED,m4-1,42.497,"{'m1-1': 97.97, 'm2-1': 93.87, 'm3-1': 107.34, 'm4-1': 0.93, 'm5-1': 102.29, 'm6-1': 1.06, 'm7-1': 10.19, 'm8-1': 109.75}",1.395,46.47600000000001,47.40600000000001,inf,192.497,192.497
284,T4,BESTEFFORT,COMPLETED,m6-1,42.603,"{'m1-1': 100.98, 'm2-1': 104.41, 'm3-1': 104.67, 'm4-1': 1.12, 'm5-1': 108.97, 'm6-1': 1.03, 'm7-1': 10.14, 'm8-1': 95.29}",1.545,46.12700000000002,47.15700000000002,inf,192.603,192.603
285,T1,BESTEFFORT,COMPLETED,m4-1,42.665,"{'m1-1': 113.22, 'm2-1': 107.77, 'm3-1': 99.47, 'm4-1': 1.04, 'm5-1': 94.3, 'm6-1': 1.13, 'm7-1': 10.13, 'm8-1': 97.67}",1.56,123.53600000000002,124.57600000000002,inf,192.665,192.665
286,T2,BESTEFFORT,COMPLETED,m6-1,42.744,"{'m1-1': 107.52, 'm2-1': 111.1, 'm3-1': 104.85, 'm4-1': 1.11, 'm5-1': 101.66, 'm6-1': 1.02, 'm7-1': 9.79, 'm8-1': 99.77}",1.53,149.59700000000004,150.61700000000005,inf,192.744,192.744
287,T3,BESTEFFORT,COMPLETED,m6-1,42.935,"{'m1-1': 108.74, 'm2-1': 113.28, 'm3-1': 111.07, 'm4-1': 1.01, 'm5-1': 114.23, 'm6-1': 0.96, 'm7-1': 10.03, 'm8-1': 110.62}",1.44,189.527,190.487,inf,192.935,192.935
288,T1,BESTEFFORT,COMPLETED,m4-1,43.081,"{'m1-1': 101.63, 'm2-1': 100.63, 'm3-1': 104.92, 'm4-1': 1.08, 'm5-1': 110.21, 'm6-1': 0.99, 'm7-1': 9.61, 'm8-1': 113.22}",1.62,150.19600000000003,151.27600000000004,inf,193.08100000000002,193.08100000000002
289,T4,BESTEFFORT,COMPLETED,m6-1,43.663,"{'m1-1': 104.34, 'm2-1': 99.24, 'm3-1': 105.15, 'm4-1': 1.11, 'm5-1': 98.1, 'm6-1': 0.95, 'm7-1': 9.89, 'm8-1': 106.86}",1.4249999999999998,161.82700000000003,162.77700000000002,inf,193.663,193.663
290,T3,BESTEFFORT,CANCELLED,,43.712,"{'m1-1': 105.0, 'm2-1': 103.23, 'm3-1': 97.06, 'm4-1': 1.11, 'm5-1': 104.7, 'm6-1': 1.0, 'm7-1': 10.17, 'm8-1': 109.61}",0.0,inf,inf,inf,193.712,193.712
291,T3,BESTEFFORT,COMPLETED,m6-1,44.136,"{'m1-1': 110.56, 'm2-1': 96.07, 'm3-1': 111.37, 'm4-1': 0.98, 'm5-1': 101.82, 'm6-1': 1.09, 'm7-1': 10.09, 'm8-1': 106.92}",1.6350000000000002,186.50699999999998,187.59699999999998,inf,194.136,194.136
292,T3,BESTEFFORT,COMPLETED,m6-1,44.173,"{'m1-1': 105.31, 'm2-1': 97.67, 'm3-1': 110.68, 'm4-1': 1.01, 'm5-1': 105.2, 'm6-1': 1.07, 'm7-1': 11.4, 'm8-1': 97.92}",1.605,150.61700000000005,151.68700000000004,inf,194.173,194.173
293,T3,BESTEFFORT,COMPLETED,m6-1,44.548,"{'m1-1': 111.3, 'm2-1': 109.91, 'm3-1': 95.22, 'm4-1': 1.09, 'm5-1': 114.57, 'm6-1': 1.08, 'm7-1': 10.94, 'm8-1': 101.74}",1.62,70.02700000000002,71.10700000000001,inf,194.548,194.548
294,T2,BESTEFFORT,COMPLETED,m6-1,44.683,"{'m1-1': 100.54, 'm2-1': 107.57, 'm3-1': 101.1, 'm4-1': 1.02, 'm5-1': 115.4, 'm6-1': 1.03, 'm7-1': 10.22, 'm8-1': 101.76}",1.545,118.17699999999998,119.20699999999998,inf,194.683,194.683
295,T4,BESTEFFORT,MISSED,m7-1,44.799,"{'m1-1': 95.64, 'm2-1': 109.85, 'm3-1': 110.96, 'm4-1': 1.09, 'm5-1': 106.92, 'm6-1': 1.03, 'm7-1': 11.02, 'm8-1': 105.37}",0.0,198.86,inf,198.86,194.799,194.799
296,T1,BESTEFFORT,MISSED,m2-1,44.948,"{'m1-1': 107.96, 'm2-1': 99.36, 'm3-1': 115.84, 'm4-1': 1.06, 'm5-1': 96.36, 'm6-1': 0.98, 'm7-1': 10.84, 'm8-1': 98.26}",58.22700000000002,156.13,inf,194.948,194.948,194.948
297,T4,BESTEFFORT,COMPLETED,m4-1,45.204,"{'m1-1': 109.32, 'm2-1': 112.09, 'm3-1': 95.2, 'm4-1': 1.18, 'm5-1': 102.81, 'm6-1': 1.07, 'm7-1': 9.71, 'm8-1': 110.21}",1.77,96.656,97.83600000000001,inf,195.204,195.204
298,T3,BESTEFFORT,COMPLETED,m4-1,45.311,"{'m1-1': 101.75, 'm2-1': 111.93, 'm3-1': 94.9, 'm4-1': 1.12, 'm5-1': 98.45, 'm6-1': 1.06, 'm7-1': 11.47, 'm8-1': 99.61}",1.6800000000000002,97.83600000000001,98.95600000000002,inf,195.311,195.311
299,T4,BESTEFFORT,COMPLETED,m4-1,45.708,"{'m1-1': 96.39, 'm2-1': 99.35, 'm3-1': 94.52, 'm4-1': 1.0, 'm5-1': 105.52, 'm6-1': 1.02, 'm7-1': 10.91, 'm8-1': 108.74}",1.5,66.126,67.126,inf,195.708,195.708
300,T2,BESTEFFORT,COMPLETED,m4-1,45.774,"{'m1-1': 117.22, 'm2-1': 100.23, 'm3-1': 100.41, 'm4-1': 1.13, 'm5-1': 114.39, 'm6-1': 0.97, 'm7-1': 10.76, 'm8-1': 108.95}",1.6949999999999998,161.70600000000007,162.83600000000007,inf,195.774,195.774
301,T4,BESTEFFORT,MISSED,m7-1,45.852,"{'m1-1': 104.37, 'm2-1': 100.81, 'm3-1': 99.57, 'm4-1': 1.03, 'm5-1': 107.73, 'm6-1': 1.05, 'm7-1': 9.74, 'm8-1': 102.87}",5.92649999999999,191.901,inf,195.852,195.852,195.852
302,T4,BESTEFFORT,COMPLETED,m6-1,46.031,"{'m1-1': 100.41, 'm2-1': 108.55, 'm3-1': 102.85, 'm4-1': 1.16, 'm5-1': 108.47, 'm6-1': 0.94, 'm7-1': 10.85, 'm8-1': 105.18}",1.41,187.59699999999998,188.53699999999998,inf,196.031,196.031
303,T2,BESTEFFORT,COMPLETED,m6-1,46.038,"{'m1-1': 106.33, 'm2-1': 115.74, 'm3-1': 103.18, 'm4-1': 1.13, 'm5-1': 110.58, 'm6-1': 1.03, 'm7-1': 9.98, 'm8-1': 111.24}",1.545,119.20699999999998,120.23699999999998,inf,196.038,196.038
304,T3,BESTEFFORT,COMPLETED,m6-1,46.294,"{'m1-1': 103.0, 'm2-1': 104.85, 'm3-1': 103.41, 'm4-1': 1.01, 'm5-1': 99.39, 'm6-1': 1.13, 'm7-1': 10.27, 'm8-1': 99.82}",1.6949999999999998,71.10700000000001,72.23700000000001,inf,196.29399999999998,196.29399999999998
305,T2,BESTEFFORT,COMPLETED,m6-1,46.748,"{'m1-1': 105.71, 'm2-1': 106.91, 'm3-1': 104.14, 'm4-1': 1.08, 'm5-1': 116.7, 'm6-1': 1.07, 'm7-1': 11.11, 'm8-1': 106.78}",1.605,138.077,139.147,inf,196.748,196.748
306,T3,BESTEFFORT,COMPLETED,m4-1,46.824,"{'m1-1': 94.73, 'm2-1': 111.7, 'm3-1': 100.87, 'm4-1': 1.04, 'm5-1': 114.02, 'm6-1': 1.09, 'm7-1': 10.82, 'm8-1': 105.29}",1.56,134.22600000000003,135.26600000000002,inf,196.824,196.824
307,T3,BESTEFFORT,COMPLETED,m6-1,47.963,"{'m1-1': 106.42, 'm2-1': 106.09, 'm3-1': 94.56, 'm4-1': 1.13, 'm5-1': 103.25, 'm6-1': 1.03, 'm7-1': 11.73, 'm8-1': 105.26}",1.545,173.237,174.267,inf,197.963,197.963
308,T3,BESTEFFORT,COMPLETED,m6-1,48.098,"{'m1-1': 108.54, 'm2-1': 106.22, 'm3-1': 108.83, 'm4-1': 1.03, 'm5-1': 114.1, 'm6-1': 1.1, 'm7-1': 10.08, 'm8-1': 102.61}",1.6500000000000001,174.267,175.367,inf,198.098,198.098
309,T2,BESTEFFORT,COMPLETED,m6-1,48.151,"{'m1-1': 107.47, 'm2-1': 110.96, 'm3-1': 96.42, 'm4-1': 1.06, 'm5-1': 101.71, 'm6-1': 1.06, 'm7-1': 10.45, 'm8-1': 116.56}",1.59,51.32700000000003,52.38700000000003,inf,198.151,198.151
310,T2,BESTEFFORT,COMPLETED,m4-1,48.327,"{'m1-1': 117.41, 'm2-1': 108.74, 'm3-1': 97.24, 'm4-1': 1.1, 'm5-1': 111.78, 'm6-1': 1.06, 'm7-1': 11.38, 'm8-1': 106.42}",1.6500000000000001,68.196,69.29599999999999,inf,198.327,198.327
311,T3,BESTEFFORT,COMPLETED,m4-1,48.438,"{'m1-1': 96.56, 'm2-1': 96.36, 'm3-1': 101.88, 'm4-1': 1.04, 'm5-1': 105.44, 'm6-1': 1.08, 'm7-1': 10.96, 'm8-1': 103.44}",1.56,124.57600000000002,125.61600000000003,inf,198.438,198.438
312,T3,BESTEFFORT,COMPLETED,m6-1,48.548,"{'m1-1': 104.62, 'm2-1': 104.98, 'm3-1': 97.86, 'm4-1': 1.06, 'm5-1': 102.83, 'm6-1': 1.01, 'm7-1': 10.21, 'm8-1': 109.04}",1.5150000000000001,162.77700000000002,163.787,inf,198.548,198.548
313,T1,BESTEFFORT,MISSED,m5-1,48.635,"{'m1-1': 113.91, 'm2-1': 105.83, 'm3-1': 109.39, 'm4-1': 0.97, 'm5-1': 100.76, 'm6-1': 1.0, 'm7-1': 10.59, 'm8-1': 101.53}",62.18549999999999,157.178,inf,198.635,198.635,198.635
314,T2,BESTEFFORT,MISSED,m7-1,48.86,"{'m1-1': 115.6, 'm2-1': 99.51, 'm3-1': 107.9, 'm4-1': 1.13, 'm5-1': 101.84, 'm6-1': 0.98, 'm7-1': 10.82, 'm8-1': 109.73}",4.512000000000015,195.852,inf,198.86,198.86,198.86
315,T3,BESTEFFORT,COMPLETED,m4-1,49.073,"{'m1-1': 100.92, 'm2-1': 110.37, 'm3-1': 104.9, 'm4-1': 1.07, 'm5-1': 101.31, 'm6-1': 0.99, 'm7-1': 10.17, 'm8-1': 102.04}",1.605,175.553,176.623,inf,199.073,199.073
316,T4,BESTEFFORT,COMPLETED,m4-1,49.285,"{'m1-1': 108.76, 'm2-1': 116.97, 'm3-1': 97.69, 'm4-1': 1.08, 'm5-1': 101.18, 'm6-1': 1.02, 'm7-1': 10.54, 'm8-1': 95.5}",1.62,98.95600000000002,100.03600000000002,inf,199.285,199.285
317,T2,BESTEFFORT,COMPLETED,m4-1,49.478,"{'m1-1': 99.69, 'm2-1': 113.25, 'm3-1': 100.7, 'm4-1': 1.09, 'm5-1': 100.93, 'm6-1': 0.98, 'm7-1': 10.43, 'm8-1': 101.7}",1.6350000000000002,193.66299999999995,194.75299999999996,inf,199.478,199.478
318,T2,BESTEFFORT,COMPLETED,m6-1,49.511,"{'m1-1': 102.66, 'm2-1': 102.94, 'm3-1': 99.99, 'm4-1': 1.13, 'm5-1': 102.57, 'm6-1': 1.09, 'm7-1': 10.32, 'm8-1': 109.91}",1.6350000000000002,139.147,140.237,inf,199.511,199.511
319,T4,BESTEFFORT,COMPLETED,m6-1,49.595,"{'m1-1': 106.97, 'm2-1': 109.85, 'm3-1': 107.32, 'm4-1': 1.15, 'm5-1': 106.71, 'm6-1': 1.0, 'm7-1': 10.29, 'm8-1': 102.02}",1.5,54.35700000000003,55.35700000000003,inf,199.595,199.595
320,T4,BESTEFFORT,COMPLETED,m6-1,49.713,"{'m1-1': 100.93, 'm2-1': 116.75, 'm3-1': 104.57, 'm4-1': 1.1, 'm5-1': 111.0, 'm6-1': 1.0, 'm7-1': 10.75, 'm8-1': 111.78}",1.5,53.35700000000003,54.35700000000003,inf,199.713,199.713
321,T1,BESTEFFORT,COMPLETED,m4-1,49.719,"{'m1-1': 102.35, 'm2-1': 96.08, 'm3-1': 101.52, 'm4-1': 1.01, 'm5-1': 104.82, 'm6-1': 1.05, 'm7-1': 10.18, 'm8-1': 102.71}",1.5150000000000001,53.44600000000001,54.45600000000001,inf,199.719,199.719
322,T4,BESTEFFORT,COMPLETED,m6-1,49.735,"{'m1-1': 92.54, 'm2-1': 109.13, 'm3-1': 104.3, 'm4-1': 1.0, 'm5-1': 96.56, 'm6-1': 0.92, 'm7-1': 9.74, 'm8-1': 104.78}",1.3800000000000001,120.23699999999998,121.15699999999998,inf,199.735,199.735
323,T1,BESTEFFORT,COMPLETED,m4-1,49.744,"{'m1-1': 113.14, 'm2-1': 96.72, 'm3-1': 116.08, 'm4-1': 0.97, 'm5-1': 98.36, 'm6-1': 1.13, 'm7-1': 9.78, 'm8-1': 96.11}",1.455,162.83600000000007,163.80600000000007,inf,199.744,199.744
324,T2,BESTEFFORT,COMPLETED,m6-1,49.774,"{'m1-1': 105.76, 'm2-1': 99.18, 'm3-1': 98.33, 'm4-1': 1.04, 'm5-1': 99.83, 'm6-1': 0.96, 'm7-1': 11.41, 'm8-1': 107.76}",1.44,194.647,195.607,inf,199.774,199.774
325,T2,BESTEFFORT,COMPLETED,m4-1,49.828,"{'m1-1': 102.81, 'm2-1': 113.12, 'm3-1': 99.46, 'm4-1': 1.14, 'm5-1': 112.54, 'm6-1': 1.04, 'm7-1': 10.72, 'm8-1': 114.39}",1.71,176.623,177.76299999999998,inf,199.828,199.828
326,T2,BESTEFFORT,MISSED,m2-1,50.089,"{'m1-1': 101.22, 'm2-1': 114.65, 'm3-1': 99.32, 'm4-1': 1.15, 'm5-1': 112.12, 'm6-1': 0.95, 'm7-1': 9.88, 'm8-1': 113.88}",7.711499999999987,194.948,inf,200.089,200.089,200.089
327,T2,BESTEFFORT,COMPLETED,m6-1,50.455,"{'m1-1': 98.78, 'm2-1': 104.48, 'm3-1': 108.23, 'm4-1': 1.02, 'm5-1': 110.9, 'm6-1': 0.96, 'm7-1': 10.8, 'm8-1': 109.52}",1.44,92.39700000000002,93.35700000000001,inf,200.45499999999998,200.45499999999998
328,T2,BESTEFFORT,COMPLETED,m6-1,50.538,"{'m1-1': 114.57, 'm2-1': 106.29, 'm3-1': 107.56, 'm4-1': 1.17, 'm5-1': 107.76, 'm6-1': 1.06, 'm7-1': 9.98, 'm8-1': 112.52}",1.59,93.35700000000001,94.41700000000002,inf,200.538,200.538
329,T1,BESTEFFORT,COMPLETED,m4-1,50.624,"{'m1-1': 111.07, 'm2-1': 97.99, 'm3-1': 107.72, 'm4-1': 0.99, 'm5-1': 106.01, 'm6-1': 1.06, 'm7-1': 9.45, 'm8-1': 106.86}",1.4849999999999999,151.27600000000004,152.26600000000005,inf,200.624,200.624
330,T1,BESTEFFORT,COMPLETED,m7-1,50.656,"{'m1-1': 113.68, 'm2-1': 103.83, 'm3-1': 103.63, 'm4-1': 0.96, 'm5-1': 102.94, 'm6-1': 1.05, 'm7-1': 9.8, 'm8-1': 110.19}",14.700000000000001,115.67500000000001,125.47500000000001,inf,200.656,200.656
331,T4,BESTEFFORT,COMPLETED,m4-1,50.67,"{'m1-1': 99.63, 'm2-1': 105.47, 'm3-1': 100.2, 'm4-1': 1.14, 'm5-1': 106.65, 'm6-1': 1.03, 'm7-1': 11.43, 'm8-1': 103.39}",1.71,177.76299999999998,178.90299999999996,inf,200.67000000000002,200.67000000000002
332,T2,BESTEFFORT,COMPLETED,m4-1,50.716,"{'m1-1': 105.46, 'm2-1': 113.72, 'm3-1': 98.11, 'm4-1': 1.01, 'm5-1': 99.3, 'm6-1': 0.97, 'm7-1': 11.26, 'm8-1': 112.68}",1.5150000000000001,171.3260000000001,172.3360000000001,inf,200.716,200.716
333,T1,BESTEFFORT,COMPLETED,m4-1,50.771,"{'m1-1': 98.03, 'm2-1': 108.89, 'm3-1': 111.14, 'm4-1': 0.95, 'm5-1': 94.6, 'm6-1': 1.04, 'm7-1': 10.09, 'm8-1': 101.15}",1.4249999999999998,54.45600000000001,55.40600000000001,inf,200.77100000000002,200.77100000000002
334,T4,BESTEFFORT,COMPLETED,m6-1,51.375,"{'m1-1': 93.18, 'm2-1': 116.43, 'm3-1': 103.08, 'm4-1': 1.13, 'm5-1': 101.16, 'm6-1': 1.03, 'm7-1': 10.93, 'm8-1': 102.31}",1.545,94.41700000000002,95.44700000000002,inf,201.375,201.375
335,T1,BESTEFFORT,COMPLETED,m4-1,51.566,"{'m1-1': 101.62, 'm2-1': 104.72, 'm3-1': 103.04, 'm4-1': 1.09, 'm5-1': 104.73, 'm6-1': 1.01, 'm7-1': 10.48, 'm8-1': 101.33}",1.6350000000000002,55.40600000000001,56.496000000000016,inf,201.566,201.566
336,T2,BESTEFFORT,COMPLETED,m4-1,51.714,"{'m1-1': 114.79, 'm2-1': 114.45, 'm3-1': 104.46, 'm4-1': 1.14, 'm5-1': 115.39, 'm6-1': 1.07, 'm7-1': 9.89, 'm8-1': 113.66}",1.71,125.61600000000003,126.75600000000003,inf,201.714,201.714
337,T2,BESTEFFORT,COMPLETED,m6-1,51.729,"{'m1-1': 114.72, 'm2-1': 106.04, 'm3-1': 102.49, 'm4-1': 1.14, 'm5-1': 101.25, 'm6-1': 0.99, 'm7-1': 11.33, 'm8-1': 100.59}",1.4849999999999999,56.28700000000003,57.27700000000003,inf,201.72899999999998,201.72899999999998
338,T4,BESTEFFORT,COMPLETED,m6-1,51.964,"{'m1-1': 104.71, 'm2-1': 105.58, 'm3-1': 109.58, 'm4-1': 1.03, 'm5-1': 97.92, 'm6-1': 0.94, 'm7-1': 10.84, 'm8-1': 95.99}",1.41,59.31700000000003,60.257000000000026,inf,201.964,201.964
339,T2,BESTEFFORT,COMPLETED,m6-1,52.044,"{'m1-1': 107.29, 'm2-1': 106.19, 'm3-1': 105.28, 'm4-1': 1.16, 'm5-1': 101.23, 'm6-1': 0.93, 'm7-1': 11.09, 'm8-1': 110.76}",1.395,55.35700000000003,56.28700000000003,inf,202.04399999999998,202.04399999999998
340,T3,BESTEFFORT,COMPLETED,m4-1,52.052,"{'m1-1': 101.33, 'm2-1': 97.05, 'm3-1': 103.29, 'm4-1': 1.1, 'm5-1': 105.85, 'm6-1': 1.02, 'm7-1': 10.7, 'm8-1': 108.47}",1.6500000000000001,56.496000000000016,57.59600000000002,inf,202.052,202.052
341,T2,BESTEFFORT,COMPLETED,m4-1,52.208,"{'m1-1': 101.34, 'm2-1': 112.29, 'm3-1': 97.79, 'm4-1': 1.07, 'm5-1': 111.87, 'm6-1': 0.98, 'm7-1': 11.37, 'm8-1': 114.55}",1.605,82.736,83.806,inf,202.208,202.208
342,T4,BESTEFFORT,MISSED,m2-1,52.691,"{'m1-1': 107.2, 'm2-1': 101.79, 'm3-1': 108.44, 'm4-1': 1.04, 'm5-1': 107.25, 'm6-1': 1.08, 'm7-1': 11.05, 'm8-1': 108.7}",3.903000000000006,200.089,inf,202.691,202.691,202.691
343,T4,BESTEFFORT,COMPLETED,m4-1,52.722,"{'m1-1': 106.24, 'm2-1': 110.6, 'm3-1': 95.47, 'm4-1': 1.1, 'm5-1': 105.48, 'm6-1': 1.08, 'm7-1': 9.96, 'm8-1': 109.39}",1.6500000000000001,186.243,187.343,inf,202.722,202.722
344,T2,BESTEFFORT,COMPLETED,m6-1,52.734,"{'m1-1': 105.91, 'm2-1': 108.02, 'm3-1': 107.69, 'm4-1': 1.09, 'm5-1': 113.13, 'm6-1': 0.96, 'm7-1': 9.79, 'm8-1': 114.81}",1.44,175.367,176.327,inf,202.734,202.734
345,T2,BESTEFFORT,MISSED,m3-1,52.777,"{'m1-1': 99.62, 'm2-1': 114.73, 'm3-1': 91.97, 'm4-1': 1.08, 'm5-1': 100.07, 'm6-1': 0.96, 'm7-1': 11.18, 'm8-1': 113.58}",67.53749999999997,157.752,inf,202.777,202.777,202.777
346,T3,BESTEFFORT,COMPLETED,m4-1,53.371,"{'m1-1': 99.99, 'm2-1': 103.59, 'm3-1': 100.36, 'm4-1': 1.12, 'm5-1': 112.56, 'm6-1': 1.13, 'm7-1': 11.75, 'm8-1': 99.11}",1.6800000000000002,178.90299999999996,180.02299999999997,inf,203.371,203.371
347,T1,BESTEFFORT,COMPLETED,m6-1,53.397,"{'m1-1': 100.2, 'm2-1': 96.88, 'm3-1': 105.89, 'm4-1': 0.96, 'm5-1': 97.75, 'm6-1': 1.0, 'm7-1': 9.5, 'm8-1': 99.08}",1.5,73.23700000000001,74.23700000000001,inf,203.397,203.397
348,T1,BESTEFFORT,COMPLETED,m4-1,53.4,"{'m1-1': 112.69, 'm2-1': 100.0, 'm3-1': 104.46, 'm4-1': 1.04, 'm5-1': 94.56, 'm6-1': 1.06, 'm7-1': 9.72, 'm8-1': 97.48}",1.56,83.806,84.846,inf,203.4,203.4
349,T1,BESTEFFORT,COMPLETED,m4-1,53.492,"{'m1-1': 110.27, 'm2-1': 99.31, 'm3-1': 101.91, 'm4-1': 1.07, 'm5-1': 100.49, 'm6-1': 0.98, 'm7-1': 10.43, 'm8-1': 111.41}",1.605,57.59600000000002,58.66600000000002,inf,203.492,203.492
350,T3,BESTEFFORT,COMPLETED,m4-1,53.567,"{'m1-1': 100.27, 'm2-1': 112.33, 'm3-1': 95.82, 'm4-1': 1.13, 'm5-1': 105.1, 'm6-1': 0.98, 'm7-1': 10.29, 'm8-1': 95.17}",1.6949999999999998,196.93299999999996,198.06299999999996,inf,203.567,203.567
351,T2,BESTEFFORT,COMPLETED,m6-1,53.61,"{'m1-1': 117.46, 'm2-1': 102.54, 'm3-1': 98.42, 'm4-1': 1.15, 'm5-1': 100.35, 'm6-1': 1.02, 'm7-1': 11.04, 'm8-1': 109.66}",1.53,121.15699999999998,122.17699999999998,inf,203.61,203.61
352,T3,BESTEFFORT,MISSED,m2-1,53.614,"{'m1-1': 109.55, 'm2-1': 109.13, 'm3-1': 108.75, 'm4-1': 1.01, 'm5-1': 109.42, 'm6-1': 1.13, 'm7-1': 10.77, 'm8-1': 100.29}",1.3845000000000027,202.691,inf,203.614,203.614,203.614
353,T1,BESTEFFORT,COMPLETED,m7-1,53.635,"{'m1-1': 101.05, 'm2-1': 96.28, 'm3-1': 110.86, 'm4-1': 1.08, 'm5-1': 106.0, 'm6-1': 1.07, 'm7-1': 10.7, 'm8-1': 105.29}",16.049999999999997,85.70500000000001,96.40500000000002,inf,203.635,203.635
354,T2,BESTEFFORT,COMPLETED,m6-1,53.748,"{'m1-1': 102.15, 'm2-1': 109.71, 'm3-1': 97.27, 'm4-1': 1.02, 'm5-1': 116.2, 'm6-1': 1.05, 'm7-1': 11.42, 'm8-1': 115.81}",1.5750000000000002,57.27700000000003,58.32700000000003,inf,203.748,203.748
355,T1,BESTEFFORT,COMPLETED,m6-1,53.961,"{'m1-1': 102.73, 'm2-1': 96.36, 'm3-1': 114.41, 'm4-1': 1.01, 'm5-1': 104.08, 'm6-1': 1.1, 'm7-1': 9.86, 'm8-1': 110.9}",1.6500000000000001,176.327,177.427,inf,203.961,203.961
356,T1,BESTEFFORT,COMPLETED,m4-1,53.991,"{'m1-1': 99.77, 'm2-1': 106.86, 'm3-1': 99.81, 'm4-1': 0.97, 'm5-1': 98.27, 'm6-1': 0.97, 'm7-1': 9.59, 'm8-1': 97.14}",1.455,84.846,85.816,inf,203.99099999999999,203.99099999999999
357,T1,BESTEFFORT,COMPLETED,m4-1,54.045,"{'m1-1': 113.16, 'm2-1': 108.49, 'm3-1': 102.63, 'm4-1': 1.06, 'm5-1': 93.72, 'm6-1': 0.98, 'm7-1': 9.44, 'm8-1': 108.11}",1.59,194.75299999999996,195.81299999999996,inf,204.04500000000002,204.04500000000002
358,T3,BESTEFFORT,COMPLETED,m6-1,54.057,"{'m1-1': 107.36, 'm2-1': 110.73, 'm3-1': 94.94, 'm4-1': 1.0, 'm5-1': 114.51, 'm6-1': 1.04, 'm7-1': 10.23, 'm8-1': 107.2}",1.56,199.757,200.797,inf,204.05700000000002,204.05700000000002
359,T3,BESTEFFORT,COMPLETED,m4-1,54.149,"{'m1-1': 94.98, 'm2-1': 108.65, 'm3-1': 105.26, 'm4-1': 1.15, 'm5-1': 109.88, 'm6-1': 1.11, 'm7-1': 11.57, 'm8-1': 110.78}",1.7249999999999999,135.26600000000002,136.41600000000003,inf,204.149,204.149
360,T3,BESTEFFORT,COMPLETED,m4-1,54.397,"{'m1-1': 99.51, 'm2-1': 107.8, 'm3-1': 99.28, 'm4-1': 1.05, 'm5-1': 101.28, 'm6-1': 1.01, 'm7-1': 11.43, 'm8-1': 99.61}",1.5750000000000002,152.26600000000005,153.31600000000006,inf,204.397,204.397
361,T3,BESTEFFORT,COMPLETED,m4-1,54.644,"{'m1-1': 96.1, 'm2-1': 103.76, 'm3-1': 99.92, 'm4-1': 1.12, 'm5-1': 104.5, 'm6-1': 0.99, 'm7-1': 10.09, 'm8-1': 97.61}",1.6800000000000002,100.03600000000002,101.15600000000002,inf,204.644,204.644
362,T4,BESTEFFORT,COMPLETED,m6-1,54.75,"{'m1-1': 105.21, 'm2-1': 105.68, 'm3-1': 101.24, 'm4-1': 1.03, 'm5-1': 101.64, 'm6-1': 0.92, 'm7-1': 10.34, 'm8-1': 99.89}",1.3800000000000001,60.257000000000026,61.17700000000003,inf,204.75,204.75
363,T3,BESTEFFORT,COMPLETED,m4-1,55.037,"{'m1-1': 94.35, 'm2-1': 100.69, 'm3-1': 106.45, 'm4-1': 1.05, 'm5-1': 102.42, 'm6-1': 1.07, 'm7-1': 10.39, 'm8-1': 112.18}",1.5750000000000002,180.02299999999997,181.07299999999998,inf,205.037,205.037
364,T1,BESTEFFORT,COMPLETED,m4-1,55.231,"{'m1-1': 111.35, 'm2-1': 103.79, 'm3-1': 108.75, 'm4-1': 1.09, 'm5-1': 106.71, 'm6-1': 1.03, 'm7-1': 10.66, 'm8-1': 105.1}",1.6350000000000002,58.66600000000002,59.75600000000002,inf,205.231,205.231
365,T4,BESTEFFORT,COMPLETED,m6-1,55.313,"{'m1-1': 109.39, 'm2-1': 104.19, 'm3-1': 108.04, 'm4-1': 1.07, 'm5-1': 106.82, 'm6-1': 0.99, 'm7-1': 10.75, 'm8-1': 96.39}",1.4849999999999999,58.32700000000003,59.31700000000003,inf,205.313,205.313
366,T2,BESTEFFORT,COMPLETED,m6-1,55.484,"{'m1-1': 114.19, 'm2-1': 106.61, 'm3-1': 92.89, 'm4-1': 1.17, 'm5-1': 113.94, 'm6-1': 0.93, 'm7-1': 10.43, 'm8-1': 109.85}",1.395,177.427,178.357,inf,205.484,205.484
367,T4,BESTEFFORT,COMPLETED,m6-1,56.533,"{'m1-1': 104.4, 'm2-1': 110.53, 'm3-1': 94.66, 'm4-1': 1.05, 'm5-1': 101.11, 'm6-1': 0.99, 'm7-1': 10.99, 'm8-1': 107.56}",1.4849999999999999,163.787,164.77700000000002,inf,206.53300000000002,206.53300000000002
368,T4,BESTEFFORT,COMPLETED,m4-1,56.566,"{'m1-1': 97.08, 'm2-1': 104.12, 'm3-1': 109.61, 'm4-1': 1.16, 'm5-1': 110.14, 'm6-1': 1.07, 'm7-1': 11.46, 'm8-1': 104.75}",1.7399999999999998,136.41600000000003,137.57600000000002,inf,206.566,206.566
369,T4,BESTEFFORT,COMPLETED,m6-1,56.675,"{'m1-1': 95.84, 'm2-1': 100.64, 'm3-1': 100.44, 'm4-1': 1.15, 'm5-1': 107.38, 'm6-1': 1.01, 'm7-1': 9.74, 'm8-1': 101.02}",1.5150000000000001,140.237,141.24699999999999,inf,206.675,206.675
370,T1,BESTEFFORT,COMPLETED,m4-1,56.746,"{'m1-1': 107.35, 'm2-1': 102.14, 'm3-1': 115.18, 'm4-1': 1.09, 'm5-1': 95.6, 'm6-1': 1.1, 'm7-1': 9.78, 'm8-1': 101.54}",1.6350000000000002,60.76600000000002,61.85600000000002,inf,206.746,206.746
371,T3,BESTEFFORT,COMPLETED,m4-1,56.955,"{'m1-1': 104.98, 'm2-1': 111.61, 'm3-1': 108.08, 'm4-1': 1.12, 'm5-1': 106.22, 'm6-1': 1.12, 'm7-1': 10.69, 'm8-1': 96.98}",1.6800000000000002,101.15600000000002,102.27600000000002,inf,206.95499999999998,206.95499999999998
372,T4,BESTEFFORT,COMPLETED,m6-1,56.96,"{'m1-1': 105.52, 'm2-1': 113.84, 'm3-1': 101.31, 'm4-1': 1.0, 'm5-1': 107.98, 'm6-1': 0.96, 'm7-1': 11.22, 'm8-1': 100.89}",1.44,63.10700000000003,64.06700000000002,inf,206.96,206.96
373,T4,BESTEFFORT,COMPLETED,m4-1,57.084,"{'m1-1': 107.24, 'm2-1': 110.17, 'm3-1': 99.63, 'm4-1': 1.16, 'm5-1': 100.28, 'm6-1': 0.95, 'm7-1': 10.89, 'm8-1': 102.06}",1.7399999999999998,85.816,86.976,inf,207.084,207.084
374,T3,BESTEFFORT,COMPLETED,m4-1,57.3,"{'m1-1': 97.68, 'm2-1': 104.15, 'm3-1': 100.29, 'm4-1': 1.12, 'm5-1': 105.84, 'm6-1': 1.09, 'm7-1': 10.72, 'm8-1': 97.7}",1.6800000000000002,195.81299999999996,196.93299999999996,inf,207.3,207.3
375,T4,BESTEFFORT,COMPLETED,m6-1,57.472,"{'m1-1': 102.01, 'm2-1': 106.88, 'm3-1': 96.97, 'm4-1': 1.06, 'm5-1': 100.91, 'm6-1': 1.01, 'm7-1': 11.35, 'm8-1': 111.24}",1.5150000000000001,61.17700000000003,62.187000000000026,inf,207.472,207.472
376,T3,BESTEFFORT,COMPLETED,m6-1,57.508,"{'m1-1': 104.58, 'm2-1': 99.42, 'm3-1': 104.14, 'm4-1': 1.0, 'm5-1': 111.34, 'm6-1': 1.06, 'm7-1': 10.35, 'm8-1': 98.46}",1.59,122.17699999999998,123.23699999999998,inf,207.508,207.508
377,T3,BESTEFFORT,COMPLETED,m6-1,58.017,"{'m1-1': 99.28, 'm2-1': 97.5, 'm3-1': 109.69, 'm4-1': 1.0, 'm5-1': 97.95, 'm6-1': 1.06, 'm7-1': 10.24, 'm8-1': 108.12}",1.59,198.697,199.757,inf,208.017,208.017
378,T3,BESTEFFORT,COMPLETED,m6-1,58.321,"{'m1-1': 107.34, 'm2-1': 98.3, 'm3-1': 103.42, 'm4-1': 1.08, 'm5-1': 108.04, 'm6-1': 1.1, 'm7-1': 10.3, 'm8-1': 102.62}",1.6500000000000001,190.487,191.587,inf,208.321,208.321
379,T3,BESTEFFORT,COMPLETED,m6-1,58.362,"{'m1-1': 96.3, 'm2-1': 110.77, 'm3-1': 110.91, 'm4-1': 1.0, 'm5-1': 110.43, 'm6-1': 0.98, 'm7-1': 11.27, 'm8-1': 100.6}",1.47,75.257,76.23700000000001,inf,208.362,208.362
380,T4,BESTEFFORT,COMPLETED,m4-1,58.373,"{'m1-1': 99.42, 'm2-1': 112.48, 'm3-1': 96.97, 'm4-1': 1.06, 'm5-1': 103.5, 'm6-1': 1.04, 'm7-1': 10.62, 'm8-1': 106.56}",1.59,102.27600000000002,103.33600000000003,inf,208.373,208.373
381,T4,BESTEFFORT,COMPLETED,m6-1,58.39,"{'m1-1': 92.93, 'm2-1': 102.35, 'm3-1': 99.41, 'm4-1': 1.15, 'm5-1': 108.89, 'm6-1': 0.98, 'm7-1': 10.86, 'm8-1': 111.37}",1.47,77.23700000000001,78.21700000000001,inf,208.39,208.39
382,T4,BESTEFFORT,COMPLETED,m4-1,58.48,"{'m1-1': 100.44, 'm2-1': 104.87, 'm3-1': 95.23, 'm4-1': 1.01, 'm5-1': 103.47, 'm6-1': 1.06, 'm7-1': 11.51, 'm8-1': 108.73}",1.5150000000000001,187.343,188.35299999999998,inf,208.48,208.48
383,T4,BESTEFFORT,COMPLETED,m4-1,58.599,"{'m1-1': 108.31, 'm2-1': 110.11, 'm3-1': 97.51, 'm4-1': 1.05, 'm5-1': 102.83, 'm6-1': 1.05, 'm7-1': 10.6, 'm8-1': 99.89}",1.5750000000000002,163.80600000000007,164.85600000000008,inf,208.599,208.599
384,T4,BESTEFFORT,COMPLETED,m6-1,58.894,"{'m1-1': 103.25, 'm2-1': 109.25, 'm3-1': 106.67, 'm4-1': 1.15, 'm5-1': 110.6, 'm6-1': 0.92, 'm7-1': 10.89, 'm8-1': 96.84}",1.3800000000000001,62.187000000000026,63.10700000000003,inf,208.894,208.894
385,T4,BESTEFFORT,COMPLETED,m4-1,58.969,"{'m1-1': 99.87, 'm2-1': 102.96, 'm3-1': 110.88, 'm4-1': 1.07, 'm5-1': 98.76, 'm6-1': 1.06, 'm7-1': 10.47, 'm8-1': 108.2}",1.605,199.17299999999997,200.24299999999997,inf,208.969,208.969
386,T2,BESTEFFORT,COMPLETED,m6-1,59.022,"{'m1-1': 115.73, 'm2-1': 98.99, 'm3-1': 92.06, 'm4-1': 1.12, 'm5-1': 115.11, 'm6-1': 0.98, 'm7-1': 10.84, 'm8-1': 99.08}",1.47,178.357,179.337,inf,209.022,209.022
387,T4,BESTEFFORT,COMPLETED,m4-1,59.089,"{'m1-1': 102.04, 'm2-1': 109.38, 'm3-1': 102.23, 'm4-1': 1.08, 'm5-1': 106.07, 'm6-1': 1.06, 'm7-1': 10.73, 'm8-1': 106.89}",1.62,86.976,88.056,inf,209.089,209.089
388,T2,BESTEFFORT,COMPLETED,m6-1,59.294,"{'m1-1': 117.03, 'm2-1': 102.5, 'm3-1': 104.73, 'm4-1': 1.06, 'm5-1': 106.72, 'm6-1': 0.96, 'm7-1': 10.11, 'm8-1': 99.5}",1.44,123.23699999999998,124.19699999999997,inf,209.29399999999998,209.29399999999998
389,T2,BESTEFFORT,COMPLETED,m6-1,59.521,"{'m1-1': 101.66, 'm2-1': 97.53, 'm3-1': 102.86, 'm4-1': 1.12, 'm5-1': 111.09, 'm6-1': 0.94, 'm7-1': 10.86, 'm8-1': 100.19}",1.41,95.44700000000002,96.38700000000001,inf,209.52100000000002,209.52100000000002
390,T3,BESTEFFORT,COMPLETED,m4-1,59.661,"{'m1-1': 111.67, 'm2-1': 105.92, 'm3-1': 105.4, 'm4-1': 1.0, 'm5-1': 112.27, 'm6-1': 1.08, 'm7-1': 10.75, 'm8-1': 99.45}",1.5,188.35299999999998,189.35299999999998,inf,209.661,209.661
391,T4,BESTEFFORT,COMPLETED,m6-1,59.712,"{'m1-1': 92.38, 'm2-1': 99.5, 'm3-1': 106.49, 'm4-1': 1.14, 'm5-1': 106.42, 'm6-1': 1.05, 'm7-1': 10.95, 'm8-1': 99.51}",1.5750000000000002,195.607,196.657,inf,209.712,209.712
392,T4,BESTEFFORT,COMPLETED,m6-1,59.832,"{'m1-1': 105.45, 'm2-1': 107.19, 'm3-1': 95.13, 'm4-1': 1.07, 'm5-1': 111.92, 'm6-1': 1.03, 'm7-1': 11.32, 'm8-1': 110.61}",1.545,96.38700000000001,97.41700000000002,inf,209.832,209.832
393,T3,BESTEFFORT,COMPLETED,m4-1,59.898,"{'m1-1': 101.09, 'm2-1': 96.07, 'm3-1': 100.67, 'm4-1': 0.99, 'm5-1': 107.41, 'm6-1': 1.02, 'm7-1': 10.19, 'm8-1': 110.78}",1.4849999999999999,164.85600000000008,165.8460000000001,inf,209.898,209.898
394,T4,BESTEFFORT,COMPLETED,m6-1,60.157,"{'m1-1': 109.61, 'm2-1': 101.01, 'm3-1': 101.63, 'm4-1': 1.16, 'm5-1': 113.32, 'm6-1': 0.98, 'm7-1': 10.47, 'm8-1': 102.06}",1.47,179.337,180.31699999999998,inf,210.15699999999998,210.15699999999998
395,T1,BESTEFFORT,COMPLETED,m4-1,60.733,"{'m1-1': 100.04, 'm2-1': 107.84, 'm3-1': 99.13, 'm4-1': 1.09, 'm5-1': 101.12, 'm6-1': 1.05, 'm7-1': 10.29, 'm8-1': 103.06}",1.6350000000000002,181.07299999999998,182.16299999999998,inf,210.733,210.733
396,T2,BESTEFFORT,COMPLETED,m4-1,60.791,"{'m1-1': 100.49, 'm2-1': 100.96, 'm3-1': 103.56, 'm4-1': 1.14, 'm5-1': 109.71, 'm6-1': 0.96, 'm7-1': 9.84, 'm8-1': 106.73}",1.71,153.31600000000006,154.45600000000005,inf,210.791,210.791
397,T2,BESTEFFORT,COMPLETED,m6-1,60.878,"{'m1-1': 99.11, 'm2-1': 104.48, 'm3-1': 96.97, 'm4-1': 1.17, 'm5-1': 104.09, 'm6-1': 1.04, 'm7-1': 10.51, 'm8-1': 108.21}",1.56,164.77700000000002,165.817,inf,210.878,210.878
398,T3,BESTEFFORT,COMPLETED,m6-1,60.938,"{'m1-1': 101.31, 'm2-1': 110.82, 'm3-1': 105.24, 'm4-1': 1.11, 'm5-1': 111.83, 'm6-1': 1.09, 'm7-1': 10.21, 'm8-1': 100.53}",1.6350000000000002,124.19699999999997,125.28699999999998,inf,210.938,210.938
399,T3,BESTEFFORT,COMPLETED,m6-1,61.05,"{'m1-1': 98.99, 'm2-1': 101.0, 'm3-1': 102.3, 'm4-1': 1.01, 'm5-1': 110.64, 'm6-1': 1.03, 'm7-1': 11.59, 'm8-1': 108.78}",1.545,141.24699999999999,142.277,inf,211.05,211.05
400,T1,BESTEFFORT,COMPLETED,m4-1,61.263,"{'m1-1': 106.82, 'm2-1': 109.78, 'm3-1': 114.94, 'm4-1': 1.07, 'm5-1': 96.2, 'm6-1': 1.09, 'm7-1': 10.92, 'm8-1': 112.7}",1.605,65.05600000000001,66.126,inf,211.263,211.263
401,T3,BESTEFFORT,COMPLETED,m4-1,61.435,"{'m1-1': 98.32, 'm2-1': 100.21, 'm3-1': 95.34, 'm4-1': 1.09, 'm5-1': 109.01, 'm6-1': 1.03, 'm7-1': 10.84, 'm8-1': 104.72}",1.6350000000000002,103.33600000000003,104.42600000000003,inf,211.435,211.435
402,T2,BESTEFFORT,MISSED,m7-1,61.761,"{'m1-1': 104.55, 'm2-1': 103.04, 'm3-1': 97.62, 'm4-1': 1.1, 'm5-1': 103.44, 'm6-1': 1.06, 'm7-1': 10.89, 'm8-1': 100.04}",4.396499999999975,208.83,inf,211.761,211.761,211.761
403,T4,BESTEFFORT,COMPLETED,m6-1,61.867,"{'m1-1': 95.84, 'm2-1': 114.18, 'm3-1': 111.3, 'm4-1': 1.1, 'm5-1': 114.26, 'm6-1': 0.96, 'm7-1': 10.9, 'm8-1': 110.98}",1.44,65.13700000000001,66.09700000000001,inf,211.867,211.867
404,T2,BESTEFFORT,COMPLETED,m6-1,62.23,"{'m1-1': 100.49, 'm2-1': 109.57, 'm3-1': 106.09, 'm4-1': 1.03, 'm5-1': 103.41, 'm6-1': 0.96, 'm7-1': 10.84, 'm8-1': 98.48}",1.44,180.31699999999998,181.277,inf,212.23,212.23
405,T4,BESTEFFORT,COMPLETED,m6-1,62.246,"{'m1-1': 97.45, 'm2-1': 107.51, 'm3-1': 101.53, 'm4-1': 1.15, 'm5-1': 104.78, 'm6-1': 0.95, 'm7-1': 9.91, 'm8-1': 101.46}",1.4249999999999998,66.09700000000001,67.04700000000001,inf,212.246,212.246
406,T1,BESTEFFORT,COMPLETED,m4-1,62.308,"{'m1-1': 107.31, 'm2-1': 99.54, 'm3-1': 103.58, 'm4-1': 0.93, 'm5-1': 104.17, 'm6-1': 0.99, 'm7-1': 10.89, 'm8-1': 113.02}",1.395,172.3360000000001,173.2660000000001,inf,212.308,212.308
407,T2,BESTEFFORT,COMPLETED,m4-1,62.65,"{'m1-1': 102.15, 'm2-1': 101.91, 'm3-1': 107.22, 'm4-1': 1.11, 'm5-1': 109.99, 'm6-1': 0.98, 'm7-1': 10.17, 'm8-1': 116.44}",1.665,198.06299999999996,199.17299999999997,inf,212.65,212.65
408,T2,BESTEFFORT,COMPLETED,m7-1,62.689,"{'m1-1': 109.94, 'm2-1': 107.44, 'm3-1': 106.28, 'm4-1': 1.06, 'm5-1': 110.27, 'm6-1': 0.99, 'm7-1': 9.97, 'm8-1': 102.85}",14.955000000000002,198.86,208.83,inf,212.689,212.689
409,T3,BESTEFFORT,COMPLETED,m6-1,62.811,"{'m1-1': 95.92, 'm2-1': 102.96, 'm3-1': 111.23, 'm4-1': 1.09, 'm5-1': 110.09, 'm6-1': 1.13, 'm7-1': 10.6, 'm8-1': 94.4}",1.6949999999999998,165.817,166.947,inf,212.811,212.811
410,T4,BESTEFFORT,COMPLETED,m6-1,62.816,"{'m1-1': 105.07, 'm2-1': 112.64, 'm3-1': 97.49, 'm4-1': 1.15, 'm5-1': 101.81, 'm6-1': 0.99, 'm7-1': 11.44, 'm8-1': 108.18}",1.4849999999999999,97.41700000000002,98.40700000000001,inf,212.816,212.816
411,T3,BESTEFFORT,COMPLETED,m6-1,62.876,"{'m1-1': 105.04, 'm2-1': 113.8, 'm3-1': 110.11, 'm4-1': 1.14, 'm5-1': 100.3, 'm6-1': 1.06, 'm7-1': 10.87, 'm8-1': 108.14}",1.59,98.40700000000001,99.46700000000001,inf,212.876,212.876
412,T2,BESTEFFORT,COMPLETED,m4-1,63.049,"{'m1-1': 108.5, 'm2-1': 111.96, 'm3-1': 106.17, 'm4-1': 1.11, 'm5-1': 107.03, 'm6-1': 1.06, 'm7-1': 11.41, 'm8-1': 115.34}",1.665,126.75600000000003,127.86600000000003,inf,213.049,213.049
413,T2,BESTEFFORT,COMPLETED,m4-1,63.153,"{'m1-1': 104.57, 'm2-1': 97.6, 'm3-1': 101.38, 'm4-1': 1.16, 'm5-1': 104.83, 'm6-1': 1.08, 'm7-1': 10.5, 'm8-1': 113.05}",1.7399999999999998,189.35299999999998,190.51299999999998,inf,213.153,213.153
414,T4,BESTEFFORT,COMPLETED,m6-1,63.235,"{'m1-1': 95.03, 'm2-1': 115.06, 'm3-1': 101.75, 'm4-1': 1.18, 'm5-1': 109.9, 'm6-1': 0.98, 'm7-1': 10.07, 'm8-1': 109.75}",1.47,67.04700000000001,68.02700000000002,inf,213.235,213.235
415,T3,BESTEFFORT,COMPLETED,m6-1,63.236,"{'m1-1': 104.98, 'm2-1': 96.18, 'm3-1': 96.72, 'm4-1': 1.08, 'm5-1': 98.16, 'm6-1': 1.12, 'm7-1': 10.48, 'm8-1': 97.61}",1.6800000000000002,78.21700000000001,79.33700000000002,inf,213.236,213.236
416,T3,BESTEFFORT,COMPLETED,m4-1,63.258,"{'m1-1': 104.94, 'm2-1': 104.22, 'm3-1': 109.48, 'm4-1': 1.03, 'm5-1': 106.2, 'm6-1': 1.08, 'm7-1': 11.68, 'm8-1': 104.45}",1.545,182.16299999999998,183.19299999999998,inf,213.258,213.258
417,T4,BESTEFFORT,MISSED,m8-1,63.322,"{'m1-1': 108.89, 'm2-1': 113.34, 'm3-1': 109.87, 'm4-1': 1.14, 'm5-1': 103.69, 'm6-1': 1.05, 'm7-1': 10.02, 'm8-1': 98.66}",49.31400000000001,180.446,inf,213.322,213.322,213.322
418,T1,BESTEFFORT,COMPLETED,m6-1,63.588,"{'m1-1': 98.61, 'm2-1': 100.04, 'm3-1': 105.6, 'm4-1': 0.97, 'm5-1': 97.03, 'm6-1': 1.14, 'm7-1': 10.93, 'm8-1': 103.2}",1.71,181.277,182.41699999999997,inf,213.588,213.588
419,T1,BESTEFFORT,COMPLETED,m4-1,63.589,"{'m1-1': 110.71, 'm2-1': 107.89, 'm3-1': 104.36, 'm4-1': 1.07, 'm5-1': 106.16, 'm6-1': 1.08, 'm7-1': 9.69, 'm8-1': 105.07}",1.605,67.126,68.196,inf,213.589,213.589
420,T3,BESTEFFORT,COMPLETED,m4-1,63.927,"{'m1-1': 101.32, 'm2-1': 98.93, 'm3-1': 103.54, 'm4-1': 1.1, 'm5-1': 104.34, 'm6-1': 1.12, 'm7-1': 10.42, 'm8-1': 98.44}",1.6500000000000001,190.51299999999998,191.61299999999997,inf,213.927,213.927
421,T4,BESTEFFORT,MISSED,m1-1,64.022,"{'m1-1': 94.33, 'm2-1': 115.92, 'm3-1': 99.78, 'm4-1': 1.09, 'm5-1': 108.41, 'm6-1': 0.98, 'm7-1': 10.9, 'm8-1': 103.84}",0.0,215.69799999999998,inf,215.69799999999998,214.022,214.022
422,T3,BESTEFFORT,COMPLETED,m4-1,64.088,"{'m1-1': 102.33, 'm2-1': 100.96, 'm3-1': 107.01, 'm4-1': 0.98, 'm5-1': 99.07, 'm6-1': 1.08, 'm7-1': 11.21, 'm8-1': 106.11}",1.47,183.19299999999998,184.17299999999997,inf,214.088,214.088
423,T2,BESTEFFORT,COMPLETED,m6-1,64.221,"{'m1-1': 113.72, 'm2-1': 113.12, 'm3-1': 106.3, 'm4-1': 1.12, 'm5-1': 107.08, 'm6-1': 1.06, 'm7-1': 10.59, 'm8-1': 107.04}",1.59,142.277,143.337,inf,214.221,214.221
424,T1,BESTEFFORT,COMPLETED,m6-1,64.363,"{'m1-1': 115.1, 'm2-1': 109.54, 'm3-1': 98.73, 'm4-1': 1.07, 'm5-1': 108.89, 'm6-1': 1.1, 'm7-1': 10.84, 'm8-1': 101.15}",1.6500000000000001,99.46700000000001,100.56700000000001,inf,214.363,214.363
425,T2,BESTEFFORT,COMPLETED,m7-1,64.444,"{'m1-1': 114.38, 'm2-1': 113.12, 'm3-1': 99.26, 'm4-1': 1.12, 'm5-1': 101.69, 'm6-1': 0.94, 'm7-1': 10.77, 'm8-1': 101.93}",16.155,155.185,165.955,inf,214.44400000000002,214.44400000000002
426,T1,BESTEFFORT,COMPLETED,m4-1,64.594,"{'m1-1': 111.81, 'm2-1': 100.46, 'm3-1': 98.12, 'm4-1': 1.06, 'm5-1': 107.28, 'm6-1': 1.13, 'm7-1': 10.73, 'm8-1': 103.93}",1.59,127.86600000000003,128.92600000000002,inf,214.594,214.594
427,T1,BESTEFFORT,COMPLETED,m7-1,64.695,"{'m1-1': 105.02, 'm2-1': 97.46, 'm3-1': 112.41, 'm4-1': 1.08, 'm5-1': 106.95, 'm6-1': 1.07, 'm7-1': 9.31, 'm8-1': 103.97}",13.965,145.875,155.185,inf,214.695,214.695
428,T2,BESTEFFORT,COMPLETED,m7-1,64.784,"{'m1-1': 109.71, 'm2-1': 115.12, 'm3-1': 105.09, 'm4-1': 1.12, 'm5-1': 114.6, 'm6-1': 1.09, 'm7-1': 10.44, 'm8-1': 104.42}",15.66,170.601,181.041,inf,214.784,214.784
429,T2,BESTEFFORT,COMPLETED,m6-1,64.84,"{'m1-1': 112.78, 'm2-1': 107.42, 'm3-1': 101.08, 'm4-1': 1.15, 'm5-1': 103.05, 'm6-1': 0.96, 'm7-1': 10.82, 'm8-1': 109.66}",1.44,151.68700000000004,152.64700000000005,inf,214.84,214.84
430,T4,BESTEFFORT,COMPLETED,m4-1,64.888,"{'m1-1': 107.96, 'm2-1': 109.38, 'm3-1': 111.61, 'm4-1': 1.1, 'm5-1': 106.85, 'm6-1': 0.92, 'm7-1': 11.26, 'm8-1': 94.92}",1.6500000000000001,165.8460000000001,166.94600000000008,inf,214.888,214.888
431,T2,BESTEFFORT,COMPLETED,m6-1,64.906,"{'m1-1': 107.07, 'm2-1': 103.22, 'm3-1': 95.46, 'm4-1': 1.03, 'm5-1': 99.24, 'm6-1': 0.92, 'm7-1': 11.06, 'm8-1': 114.94}",1.3800000000000001,125.28699999999998,126.20699999999998,inf,214.906,214.906
432,T3,BESTEFFORT,COMPLETED,m4-1,65.032,"{'m1-1': 102.88, 'm2-1': 101.14, 'm3-1': 95.29, 'm4-1': 1.05, 'm5-1': 105.19, 'm6-1': 1.02, 'm7-1': 10.71, 'm8-1': 94.62}",1.5750000000000002,154.45600000000005,155.50600000000006,inf,215.03199999999998,215.03199999999998
433,T2,BESTEFFORT,COMPLETED,m4-1,65.042,"{'m1-1': 102.93, 'm2-1': 102.43, 'm3-1': 92.41, 'm4-1': 1.03, 'm5-1': 110.82, 'm6-1': 0.94, 'm7-1': 10.78, 'm8-1': 100.61}",1.545,155.50600000000006,156.53600000000006,inf,215.042,215.042
434,T2,BESTEFFORT,COMPLETED,m4-1,65.128,"{'m1-1': 116.55, 'm2-1': 108.04, 'm3-1': 92.22, 'm4-1': 1.07, 'm5-1': 103.02, 'm6-1': 1.06, 'm7-1': 10.67, 'm8-1': 111.46}",1.605,104.42600000000003,105.49600000000002,inf,215.128,215.128
435,T2,BESTEFFORT,MISSED,m2-1,65.136,"{'m1-1': 109.22, 'm2-1': 109.53, 'm3-1': 103.94, 'm4-1': 1.09, 'm5-1': 108.27, 'm6-1': 1.06, 'm7-1': 11.42, 'm8-1': 105.37}",17.282999999999987,203.614,inf,215.136,215.136,215.136
436,T4,BESTEFFORT,MISSED,m1-1,65.698,"{'m1-1': 102.83, 'm2-1': 111.38, 'm3-1': 98.29, 'm4-1': 1.09, 'm5-1': 104.93, 'm6-1': 0.93, 'm7-1': 10.36, 'm8-1': 99.53}",88.04999999999998,156.998,inf,215.69799999999998,215.69799999999998,215.69799999999998
437,T1,BESTEFFORT,COMPLETED,m4-1,65.781,"{'m1-1': 100.72, 'm2-1': 99.06, 'm3-1': 112.76, 'm4-1': 1.08, 'm5-1': 94.83, 'm6-1': 1.06, 'm7-1': 10.14, 'm8-1': 106.01}",1.62,69.29599999999999,70.37599999999999,inf,215.781,215.781
438,T1,BESTEFFORT,COMPLETED,m4-1,65.919,"{'m1-1': 110.73, 'm2-1': 93.78, 'm3-1': 106.03, 'm4-1': 1.02, 'm5-1': 109.41, 'm6-1': 0.99, 'm7-1': 9.4, 'm8-1': 110.94}",1.53,81.71600000000001,82.736,inf,215.91899999999998,215.91899999999998
439,T2,BESTEFFORT,COMPLETED,m4-1,65.998,"{'m1-1': 112.86, 'm2-1': 115.84, 'm3-1': 108.48, 'm4-1': 1.08, 'm5-1': 108.97, 'm6-1': 1.08, 'm7-1': 10.19, 'm8-1': 108.76}",1.62,200.24299999999997,201.32299999999998,inf,215.998,215.998
440,T4,BESTEFFORT,MISSED,m1-1,66.195,"{'m1-1': 96.88, 'm2-1': 99.97, 'm3-1': 101.91, 'm4-1': 1.11, 'm5-1': 112.59, 'm6-1': 0.97, 'm7-1': 10.67, 'm8-1': 107.59}",0.7455000000000211,215.69799999999998,inf,216.195,216.195,216.195
441,T2,BESTEFFORT,COMPLETED,m6-1,66.252,"{'m1-1': 101.1, 'm2-1': 106.92, 'm3-1': 95.34, 'm4-1': 1.03, 'm5-1': 98.76, 'm6-1': 1.01, 'm7-1': 11.22, 'm8-1': 102.42}",1.5150000000000001,196.657,197.667,inf,216.252,216.252
442,T2,BESTEFFORT,COMPLETED,m4-1,66.388,"{'m1-1': 110.49, 'm2-1': 107.98, 'm3-1': 104.28, 'm4-1': 1.12, 'm5-1': 115.45, 'm6-1': 1.01, 'm7-1': 10.19, 'm8-1': 105.94}",1.6800000000000002,105.49600000000002,106.61600000000003,inf,216.388,216.388
443,T4,BESTEFFORT,COMPLETED,m6-1,66.58,"{'m1-1': 109.39, 'm2-1': 110.44, 'm3-1': 106.36, 'm4-1': 1.02, 'm5-1': 110.7, 'm6-1': 1.01, 'm7-1': 11.38, 'm8-1': 110.52}",1.5150000000000001,191.587,192.59699999999998,inf,216.57999999999998,216.57999999999998
444,T4,BESTEFFORT,MISSED,m5-1,66.745,"{'m1-1': 103.25, 'm2-1': 106.74, 'm3-1': 95.67, 'm4-1': 1.05, 'm5-1': 97.12, 'm6-1': 1.03, 'm7-1': 11.06, 'm8-1': 101.74}",0.0,218.538,inf,218.538,216.745,216.745
445,T3,BESTEFFORT,COMPLETED,m4-1,66.761,"{'m1-1': 110.36, 'm2-1': 106.29, 'm3-1': 100.04, 'm4-1': 1.12, 'm5-1': 103.88, 'm6-1': 1.01, 'm7-1': 10.6, 'm8-1': 108.38}",1.6800000000000002,70.37599999999999,71.496,inf,216.761,216.761
446,T4,BESTEFFORT,COMPLETED,m6-1,66.832,"{'m1-1': 93.7, 'm2-1': 116.43, 'm3-1': 102.92, 'm4-1': 1.12, 'm5-1': 97.36, 'm6-1': 1.03, 'm7-1': 10.08, 'm8-1': 98.25}",1.545,197.667,198.697,inf,216.832,216.832
447,T4,BESTEFFORT,COMPLETED,m4-1,67.457,"{'m1-1': 109.05, 'm2-1': 106.57, 'm3-1': 102.62, 'm4-1': 1.11, 'm5-1': 105.52, 'm6-1': 1.03, 'm7-1': 10.94, 'm8-1': 102.67}",1.665,137.57600000000002,138.68600000000004,inf,217.457,217.457
448,T4,BESTEFFORT,COMPLETED,m6-1,67.516,"{'m1-1': 100.84, 'm2-1': 117.86, 'm3-1': 103.51, 'm4-1': 1.15, 'm5-1': 107.48, 'm6-1': 0.93, 'm7-1': 9.82, 'm8-1': 108.37}",1.395,192.59699999999998,193.527,inf,217.51600000000002,217.51600000000002
449,T1,BESTEFFORT,MISSED,m5-1,67.608,"{'m1-1': 106.77, 'm2-1': 100.41, 'm3-1': 111.36, 'm4-1': 1.07, 'm5-1': 110.9, 'm6-1': 1.06, 'm7-1': 10.71, 'm8-1': 105.77}",0.0,218.538,inf,218.538,217.608,217.608
450,T4,BESTEFFORT,COMPLETED,m6-1,67.691,"{'m1-1': 108.13, 'm2-1': 103.44, 'm3-1': 109.87, 'm4-1': 1.12, 'm5-1': 101.98, 'm6-1': 1.03, 'm7-1': 11.4, 'm8-1': 112.32}",1.545,182.41699999999997,183.44699999999997,inf,217.691,217.691
451,T1,BESTEFFORT,COMPLETED,m4-1,67.984,"{'m1-1': 106.2, 'm2-1': 100.24, 'm3-1': 109.61, 'm4-1': 0.98, 'm5-1': 95.4, 'm6-1': 1.0, 'm7-1': 10.97, 'm8-1': 106.86}",1.47,106.61600000000003,107.59600000000003,inf,217.98399999999998,217.98399999999998
452,T1,BESTEFFORT,COMPLETED,m4-1,67.995,"{'m1-1': 114.0, 'm2-1': 106.44, 'm3-1': 111.77, 'm4-1': 1.04, 'm5-1': 105.04, 'm6-1': 1.08, 'm7-1': 10.75, 'm8-1': 102.35}",1.56,71.496,72.536,inf,217.995,217.995
453,T1,BESTEFFORT,COMPLETED,m4-1,68.268,"{'m1-1': 109.41, 'm2-1': 93.41, 'm3-1': 113.92, 'm4-1': 1.09, 'm5-1': 106.5, 'm6-1': 1.02, 'm7-1': 9.71, 'm8-1': 104.52}",1.6350000000000002,76.596,77.686,inf,218.268,218.268
454,T1,BESTEFFORT,COMPLETED,m4-1,68.414,"{'m1-1': 97.8, 'm2-1': 101.7, 'm3-1': 111.14, 'm4-1': 1.04, 'm5-1': 101.67, 'm6-1': 1.1, 'm7-1': 10.43, 'm8-1': 97.23}",1.56,72.536,73.57600000000001,inf,218.414,218.414
455,T1,BESTEFFORT,MISSED,m5-1,68.538,"{'m1-1': 99.76, 'm2-1': 108.33, 'm3-1': 115.93, 'm4-1': 1.09, 'm5-1': 98.07, 'm6-1': 1.11, 'm7-1': 9.98, 'm8-1': 96.58}",29.85450000000003,198.635,inf,218.538,218.538,218.538
456,T1,BESTEFFORT,COMPLETED,m4-1,68.571,"{'m1-1': 101.34, 'm2-1': 96.84, 'm3-1': 100.97, 'm4-1': 1.0, 'm5-1': 100.46, 'm6-1': 1.04, 'm7-1': 9.93, 'm8-1': 104.76}",1.5,74.63600000000001,75.63600000000001,inf,218.571,218.571
457,T4,BESTEFFORT,COMPLETED,m6-1,68.746,"{'m1-1': 101.52, 'm2-1': 104.54, 'm3-1': 107.49, 'm4-1': 1.18, 'm5-1': 114.51, 'm6-1': 1.0, 'm7-1': 11.09, 'm8-1': 109.08}",1.5,72.23700000000001,73.23700000000001,inf,218.74599999999998,218.74599999999998
458,T4,BESTEFFORT,COMPLETED,m7-1,68.9,"{'m1-1': 102.76, 'm2-1': 116.74, 'm3-1': 95.96, 'm4-1': 1.02, 'm5-1': 100.99, 'm6-1': 0.96, 'm7-1': 10.86, 'm8-1': 99.53}",16.29,181.041,191.901,inf,218.9,218.9
459,T3,BESTEFFORT,COMPLETED,m4-1,68.997,"{'m1-1': 105.86, 'm2-1': 104.83, 'm3-1': 105.22, 'm4-1': 1.16, 'm5-1': 97.7, 'm6-1': 1.14, 'm7-1': 9.93, 'm8-1': 105.61}",1.7399999999999998,128.92600000000002,130.086,inf,218.997,218.997
460,T3,BESTEFFORT,COMPLETED,m6-1,69.033,"{'m1-1': 96.11, 'm2-1': 102.88, 'm3-1': 109.14, 'm4-1': 1.04, 'm5-1': 106.03, 'm6-1': 1.12, 'm7-1': 11.07, 'm8-1': 108.87}",1.6800000000000002,80.29700000000001,81.41700000000002,inf,219.03300000000002,219.03300000000002
461,T3,BESTEFFORT,MISSED,m8-1,69.199,"{'m1-1': 97.0, 'm2-1': 107.85, 'm3-1': 106.35, 'm4-1': 1.08, 'm5-1': 108.7, 'm6-1': 1.14, 'm7-1': 11.57, 'm8-1': 107.51}",8.815500000000014,213.322,inf,219.199,219.199,219.199
462,T4,BESTEFFORT,COMPLETED,m6-1,69.235,"{'m1-1': 101.37, 'm2-1': 110.6, 'm3-1': 97.51, 'm4-1': 1.16, 'm5-1': 104.22, 'm6-1': 1.03, 'm7-1': 10.88, 'm8-1': 104.96}",1.545,100.56700000000001,101.59700000000001,inf,219.235,219.235
463,T4,BESTEFFORT,COMPLETED,m4-1,69.295,"{'m1-1': 96.32, 'm2-1': 110.78, 'm3-1': 111.21, 'm4-1': 1.12, 'm5-1': 106.24, 'm6-1': 1.02, 'm7-1': 9.85, 'm8-1': 101.43}",1.6800000000000002,107.59600000000003,108.71600000000004,inf,219.29500000000002,219.29500000000002
464,T1,BESTEFFORT,COMPLETED,m4-1,69.299,"{'m1-1': 98.14, 'm2-1': 100.63, 'm3-1': 100.71, 'm4-1': 1.01, 'm5-1': 96.43, 'm6-1': 1.02, 'm7-1': 10.94, 'm8-1': 103.27}",1.5150000000000001,191.61299999999997,192.62299999999996,inf,219.299,219.299
465,T1,BESTEFFORT,COMPLETED,m4-1,69.488,"{'m1-1': 107.57, 'm2-1': 99.28, 'm3-1': 99.14, 'm4-1': 1.06, 'm5-1': 99.39, 'm6-1': 1.1, 'm7-1': 10.06, 'm8-1': 100.86}",1.59,73.57600000000001,74.63600000000001,inf,219.488,219.488
466,T4,BESTEFFORT,COMPLETED,m4-1,69.8,"{'m1-1': 100.24, 'm2-1': 103.42, 'm3-1': 99.31, 'm4-1': 1.01, 'm5-1': 96.48, 'm6-1': 1.08, 'm7-1': 10.16, 'm8-1': 109.17}",1.5150000000000001,138.68600000000004,139.69600000000003,inf,219.8,219.8
467,T1,BESTEFFORT,COMPLETED,m4-1,69.8,"{'m1-1': 98.93, 'm2-1': 109.72, 'm3-1': 116.22, 'm4-1': 0.96, 'm5-1': 100.08, 'm6-1': 1.02, 'm7-1': 10.75, 'm8-1': 103.81}",1.44,75.63600000000001,76.596,inf,219.8,219.8
468,T1,BESTEFFORT,COMPLETED,m4-1,69.911,"{'m1-1': 103.78, 'm2-1': 104.11, 'm3-1': 103.71, 'm4-1': 0.96, 'm5-1': 103.92, 'm6-1': 1.11, 'm7-1': 10.56, 'm8-1': 107.87}",1.44,156.53600000000006,157.49600000000007,inf,219.911,219.911
469,T1,BESTEFFORT,COMPLETED,m7-1,70.042,"{'m1-1': 110.31, 'm2-1': 106.68, 'm3-1': 109.78, 'm4-1': 1.07, 'm5-1': 94.7, 'm6-1': 1.05, 'm7-1': 9.78, 'm8-1': 106.61}",14.669999999999998,105.89500000000001,115.67500000000001,inf,220.042,220.042
470,T4,BESTEFFORT,COMPLETED,m6-1,70.059,"{'m1-1': 101.02, 'm2-1': 103.11, 'm3-1': 99.27, 'm4-1': 1.16, 'm5-1': 96.83, 'm6-1': 1.02, 'm7-1': 10.04, 'm8-1': 112.84}",1.53,74.23700000000001,75.257,inf,220.059,220.059
471,T4,BESTEFFORT,COMPLETED,m6-1,70.431,"{'m1-1': 92.43, 'm2-1': 108.37, 'm3-1': 111.2, 'm4-1': 1.18, 'm5-1': 105.18, 'm6-1': 0.94, 'm7-1': 9.85, 'm8-1': 102.9}",1.41,81.41700000000002,82.35700000000001,inf,220.43099999999998,220.43099999999998
472,T3,BESTEFFORT,COMPLETED,m4-1,70.455,"{'m1-1': 105.36, 'm2-1': 99.97, 'm3-1': 108.74, 'm4-1': 1.04, 'm5-1': 97.52, 'm6-1': 1.02, 'm7-1': 11.52, 'm8-1': 109.44}",1.56,192.62299999999996,193.66299999999995,inf,220.45499999999998,220.45499999999998
473,T3,BESTEFFORT,COMPLETED,m6-1,71.299,"{'m1-1': 110.07, 'm2-1': 108.71, 'm3-1': 95.6, 'm4-1': 0.98, 'm5-1': 107.36, 'm6-1': 1.03, 'm7-1': 10.88, 'm8-1': 104.46}",1.545,183.44699999999997,184.47699999999998,inf,221.299,221.299
474,T3,BESTEFFORT,COMPLETED,m6-1,71.331,"{'m1-1': 104.32, 'm2-1': 103.66, 'm3-1': 101.52, 'm4-1': 1.01, 'm5-1': 106.54, 'm6-1': 1.01, 'm7-1': 10.78, 'm8-1': 108.78}",1.5150000000000001,152.64700000000005,153.65700000000004,inf,221.33100000000002,221.33100000000002
475,T1,BESTEFFORT,COMPLETED,m6-1,71.396,"{'m1-1': 105.31, 'm2-1': 101.76, 'm3-1': 98.76, 'm4-1': 0.97, 'm5-1': 97.35, 'm6-1': 1.07, 'm7-1': 10.06, 'm8-1': 103.24}",1.605,184.47699999999998,185.54699999999997,inf,221.39600000000002,221.39600000000002
476,T3,BESTEFFORT,COMPLETED,m6-1,71.45,"{'m1-1': 97.91, 'm2-1': 103.59, 'm3-1': 97.23, 'm4-1': 1.09, 'm5-1': 99.02, 'm6-1': 1.12, 'm7-1': 11.11, 'm8-1': 100.07}",1.6800000000000002,193.527,194.647,inf,221.45,221.45
477,T3,BESTEFFORT,COMPLETED,m6-1,71.861,"{'m1-1': 95.17, 'm2-1': 99.43, 'm3-1': 100.5, 'm4-1': 1.15, 'm5-1': 106.02, 'm6-1': 1.0, 'm7-1': 10.4, 'm8-1': 101.68}",1.5,83.33700000000002,84.33700000000002,inf,221.861,221.861
478,T4,BESTEFFORT,MISSED,m8-1,72.038,"{'m1-1': 101.33, 'm2-1': 114.49, 'm3-1': 101.18, 'm4-1': 1.08, 'm5-1': 110.87, 'm6-1': 1.0, 'm7-1': 10.3, 'm8-1': 96.04}",4.258499999999998,219.199,inf,222.038,222.038,222.038
479,T4,BESTEFFORT,COMPLETED,m6-1,72.308,"{'m1-1': 102.7, 'm2-1': 114.21, 'm3-1': 104.61, 'm4-1': 1.12, 'm5-1': 100.29, 'm6-1': 1.0, 'm7-1': 10.6, 'm8-1': 109.26}",1.5,76.23700000000001,77.23700000000001,inf,222.308,222.308
480,T3,BESTEFFORT,COMPLETED,m4-1,72.396,"{'m1-1': 104.58, 'm2-1': 100.29, 'm3-1': 100.24, 'm4-1': 1.08, 'm5-1': 101.11, 'm6-1': 1.12, 'm7-1': 11.52, 'm8-1': 94.38}",1.62,139.69600000000003,140.77600000000004,inf,222.39600000000002,222.39600000000002
481,T1,BESTEFFORT,COMPLETED,m4-1,72.481,"{'m1-1': 111.67, 'm2-1': 107.0, 'm3-1': 103.9, 'm4-1': 0.97, 'm5-1': 94.68, 'm6-1': 1.05, 'm7-1': 10.41, 'm8-1': 103.69}",1.455,79.656,80.626,inf,222.481,222.481
482,T3,BESTEFFORT,COMPLETED,m6-1,72.486,"{'m1-1': 111.75, 'm2-1': 101.79, 'm3-1': 108.08, 'm4-1': 1.05, 'm5-1': 107.8, 'm6-1': 1.12, 'm7-1': 10.05, 'm8-1': 110.66}",1.6800000000000002,166.947,168.067,inf,222.486,222.486
483,T4,BESTEFFORT,COMPLETED,m6-1,72.811,"{'m1-1': 105.0, 'm2-1': 106.78, 'm3-1': 102.36, 'm4-1': 1.03, 'm5-1': 109.15, 'm6-1': 0.94, 'm7-1': 10.1, 'm8-1': 98.12}",1.41,101.59700000000001,102.537,inf,222.811,222.811
484,T3,BESTEFFORT,COMPLETED,m4-1,73.076,"{'m1-1': 95.25, 'm2-1': 96.48, 'm3-1': 95.99, 'm4-1': 1.03, 'm5-1': 112.18, 'm6-1': 1.09, 'm7-1': 10.26, 'm8-1': 99.65}",1.545,140.77600000000004,141.80600000000004,inf,223.076,223.076
485,T1,BESTEFFORT,COMPLETED,m4-1,73.206,"{'m1-1': 102.86, 'm2-1': 105.56, 'm3-1': 112.41, 'm4-1': 1.09, 'm5-1': 102.68, 'm6-1': 0.96, 'm7-1': 10.32, 'm8-1': 99.9}",1.6350000000000002,80.626,81.71600000000001,inf,223.20600000000002,223.20600000000002
486,T4,BESTEFFORT,COMPLETED,m6-1,73.814,"{'m1-1': 106.17, 'm2-1': 116.8, 'm3-1': 111.54, 'm4-1': 1.0, 'm5-1': 100.0, 'm6-1': 0.94, 'm7-1': 10.52, 'm8-1': 111.68}",1.41,84.33700000000002,85.27700000000002,inf,223.814,223.814
487,T4,BESTEFFORT,COMPLETED,m4-1,73.889,"{'m1-1': 103.54, 'm2-1': 109.86, 'm3-1': 102.88, 'm4-1': 1.15, 'm5-1': 107.37, 'm6-1': 1.03, 'm7-1': 10.27, 'm8-1': 101.49}",1.7249999999999999,157.49600000000007,158.64600000000007,inf,223.889,223.889
488,T1,BESTEFFORT,COMPLETED,m4-1,74.244,"{'m1-1': 110.02, 'm2-1': 110.47, 'm3-1': 114.48, 'm4-1': 0.96, 'm5-1': 107.35, 'm6-1': 1.09, 'm7-1': 10.55, 'm8-1': 110.68}",1.44,78.69600000000001,79.656,inf,224.244,224.244
489,T1,BESTEFFORT,COMPLETED,m4-1,74.286,"{'m1-1': 103.22, 'm2-1': 109.7, 'm3-1': 109.87, 'm4-1': 1.01, 'm5-1': 95.23, 'm6-1': 0.97, 'm7-1': 10.91, 'm8-1': 101.0}",1.5150000000000001,77.686,78.69600000000001,inf,224.286,224.286
490,T4,BESTEFFORT,COMPLETED,m4-1,74.484,"{'m1-1': 102.82, 'm2-1': 114.18, 'm3-1': 111.77, 'm4-1': 1.06, 'm5-1': 98.66, 'm6-1': 1.01, 'm7-1': 10.33, 'm8-1': 98.99}",1.59,130.086,131.14600000000002,inf,224.48399999999998,224.48399999999998
491,T4,BESTEFFORT,COMPLETED,m6-1,75.187,"{'m1-1': 105.98, 'm2-1': 116.26, 'm3-1': 104.45, 'm4-1': 1.02, 'm5-1': 98.44, 'm6-1': 0.99, 'm7-1': 10.07, 'm8-1': 104.03}",1.4849999999999999,102.537,103.527,inf,225.187,225.187
492,T4,BESTEFFORT,COMPLETED,m6-1,75.317,"{'m1-1': 105.56, 'm2-1': 117.13, 'm3-1': 98.0, 'm4-1': 1.0, 'm5-1': 111.46, 'm6-1': 0.96, 'm7-1': 10.27, 'm8-1': 108.24}",1.44,79.33700000000002,80.29700000000001,inf,225.317,225.317
493,T4,BESTEFFORT,COMPLETED,m4-1,76.123,"{'m1-1': 109.61, 'm2-1': 101.22, 'm3-1': 107.15, 'm4-1': 1.06, 'm5-1': 113.01, 'm6-1': 0.97, 'm7-1': 9.72, 'm8-1': 99.75}",1.59,173.2660000000001,174.3260000000001,inf,226.123,226.123
494,T4,BESTEFFORT,COMPLETED,m6-1,76.573,"{'m1-1': 106.02, 'm2-1': 110.73, 'm3-1': 100.16, 'm4-1': 1.03, 'm5-1': 111.72, 'm6-1': 1.0, 'm7-1': 10.82, 'm8-1': 112.84}",1.5,153.65700000000004,154.65700000000004,inf,226.57299999999998,226.57299999999998
495,T4,BESTEFFORT,COMPLETED,m6-1,77.337,"{'m1-1': 107.4, 'm2-1': 117.24, 'm3-1': 107.28, 'm4-1': 1.04, 'm5-1': 100.99, 'm6-1': 0.97, 'm7-1': 10.6, 'm8-1': 106.4}",1.455,103.527,104.497,inf,227.337,227.337
496,T4,BESTEFFORT,COMPLETED,m4-1,77.569,"{'m1-1': 99.43, 'm2-1': 109.23, 'm3-1': 111.2, 'm4-1': 1.11, 'm5-1': 97.57, 'm6-1': 1.08, 'm7-1': 11.31, 'm8-1': 110.25}",1.665,108.71600000000004,109.82600000000004,inf,227.56900000000002,227.56900000000002
497,T4,BESTEFFORT,COMPLETED,m6-1,78.331,"{'m1-1': 98.13, 'm2-1': 109.9, 'm3-1': 105.74, 'm4-1': 1.06, 'm5-1': 105.32, 'm6-1': 0.98, 'm7-1': 10.39, 'm8-1': 110.98}",1.47,82.35700000000001,83.33700000000002,inf,228.33100000000002,228.33100000000002
498,T4,BESTEFFORT,COMPLETED,m6-1,78.998,"{'m1-1': 96.89, 'm2-1': 104.23, 'm3-1': 102.23, 'm4-1': 1.13, 'm5-1': 101.13, 'm6-1': 0.93, 'm7-1': 11.22, 'm8-1': 98.05}",1.395,126.20699999999998,127.13699999999999,inf,228.998,228.998
499,T4,BESTEFFORT,COMPLETED,m6-1,79.254,"{'m1-1': 93.32, 'm2-1': 108.35, 'm3-1': 100.54, 'm4-1': 1.02, 'm5-1': 108.42, 'm6-1': 0.98, 'm7-1': 11.0, 'm8-1': 94.91}",1.47,104.497,105.477,inf,229.25400000000002,229.25400000000002
