id,type,urgency,status,assigned_machine,arrival_time,execution_time,energy_usage,start_time,completion_time,missed_time,deadline,extended_deadline
0,T7,BESTEFFORT,COMPLETED,m6-1,0.103,"{'m1-1': 26.76, 'm2-1': 27.63, 'm3-1': 10.1, 'm4-1': 1.14, 'm5-1': 104.75, 'm6-1': 1.02, 'm7-1': 26.02, 'm8-1': 5.6}",1.53,0.103,1.123,inf,110.103,110.103
1,T8,BESTEFFORT,COMPLETED,m4-1,0.117,"{'m1-1': 27.34, 'm2-1': 26.98, 'm3-1': 11.03, 'm4-1': 1.01, 'm5-1': 100.26, 'm6-1': 1.05, 'm7-1': 26.29, 'm8-1': 4.96}",1.5150000000000001,0.117,1.127,inf,110.117,110.117
2,T2,BESTEFFORT,COMPLETED,m6-1,0.224,"{'m1-1': 26.02, 'm2-1': 25.44, 'm3-1': 10.98, 'm4-1': 1.17, 'm5-1': 108.91, 'm6-1': 1.04, 'm7-1': 25.46, 'm8-1': 5.22}",1.56,1.123,2.1630000000000003,inf,110.224,110.224
3,T1,BESTEFFORT,COMPLETED,m4-1,0.439,"{'m1-1': 26.82, 'm2-1': 23.86, 'm3-1': 10.74, 'm4-1': 0.98, 'm5-1': 112.79, 'm6-1': 1.1, 'm7-1': 23.88, 'm8-1': 4.75}",1.47,1.127,2.107,inf,110.439,110.439
4,T2,BESTEFFORT,COMPLETED,m6-1,0.623,"{'m1-1': 26.02, 'm2-1': 27.76, 'm3-1': 10.98, 'm4-1': 1.13, 'm5-1': 99.39, 'm6-1': 1.01, 'm7-1': 26.16, 'm8-1': 5.26}",1.5150000000000001,2.1630000000000003,3.173,inf,110.623,110.623
5,T5,BESTEFFORT,COMPLETED,m4-1,0.742,"{'m1-1': 29.19, 'm2-1': 27.61, 'm3-1': 10.77, 'm4-1': 1.05, 'm5-1': 108.73, 'm6-1': 0.98, 'm7-1': 29.06, 'm8-1': 5.13}",1.5750000000000002,2.107,3.157,inf,110.742,110.742
6,T1,BESTEFFORT,COMPLETED,m6-1,0.856,"{'m1-1': 24.83, 'm2-1': 27.38, 'm3-1': 11.02, 'm4-1': 1.13, 'm5-1': 117.8, 'm6-1': 1.07, 'm7-1': 23.83, 'm8-1': 4.95}",1.605,3.173,4.243,inf,110.856,110.856
7,T5,BESTEFFORT,COMPLETED,m4-1,0.864,"{'m1-1': 27.33, 'm2-1': 27.36, 'm3-1': 9.89, 'm4-1': 1.02, 'm5-1': 97.39, 'm6-1': 1.08, 'm7-1': 28.21, 'm8-1': 4.8}",1.53,3.157,4.177,inf,110.864,110.864
8,T3,BESTEFFORT,COMPLETED,m6-1,0.947,"{'m1-1': 25.03, 'm2-1': 25.48, 'm3-1': 10.37, 'm4-1': 1.04, 'm5-1': 102.74, 'm6-1': 1.1, 'm7-1': 27.09, 'm8-1': 5.36}",1.6500000000000001,4.243,5.343,inf,110.947,110.947
9,T2,BESTEFFORT,COMPLETED,m4-1,0.975,"{'m1-1': 25.06, 'm2-1': 24.41, 'm3-1': 10.41, 'm4-1': 1.02, 'm5-1': 102.47, 'm6-1': 1.08, 'm7-1': 24.69, 'm8-1': 5.56}",1.53,4.177,5.196999999999999,inf,110.975,110.975
10,T2,BESTEFFORT,COMPLETED,m4-1,1.073,"{'m1-1': 26.08, 'm2-1': 26.71, 'm3-1': 10.16, 'm4-1': 1.08, 'm5-1': 112.62, 'm6-1': 1.02, 'm7-1': 27.14, 'm8-1': 5.34}",1.62,5.196999999999999,6.276999999999999,inf,111.073,111.073
11,T3,BESTEFFORT,COMPLETED,m8-1,1.132,"{'m1-1': 26.99, 'm2-1': 25.65, 'm3-1': 11.33, 'm4-1': 1.06, 'm5-1': 108.76, 'm6-1': 1.09, 'm7-1': 27.87, 'm8-1': 5.39}",8.084999999999999,1.132,6.521999999999999,inf,111.132,111.132
12,T10,BESTEFFORT,COMPLETED,m6-1,1.171,"{'m1-1': 26.4, 'm2-1': 24.93, 'm3-1': 10.61, 'm4-1': 1.04, 'm5-1': 111.06, 'm6-1': 0.95, 'm7-1': 24.31, 'm8-1': 5.28}",1.4249999999999998,5.343,6.293,inf,111.171,111.171
13,T7,BESTEFFORT,COMPLETED,m4-1,1.225,"{'m1-1': 27.13, 'm2-1': 26.1, 'm3-1': 10.98, 'm4-1': 1.03, 'm5-1': 110.17, 'm6-1': 1.08, 'm7-1': 26.25, 'm8-1': 5.11}",1.545,6.276999999999999,7.3069999999999995,inf,111.225,111.225
14,T8,BESTEFFORT,COMPLETED,m6-1,1.301,"{'m1-1': 25.93, 'm2-1': 26.4, 'm3-1': 11.31, 'm4-1': 1.04, 'm5-1': 95.44, 'm6-1': 0.92, 'm7-1': 26.89, 'm8-1': 5.22}",1.3800000000000001,6.293,7.213,inf,111.301,111.301
15,T2,BESTEFFORT,COMPLETED,m4-1,1.478,"{'m1-1': 26.97, 'm2-1': 25.96, 'm3-1': 10.87, 'm4-1': 1.02, 'm5-1': 98.26, 'm6-1': 1.13, 'm7-1': 25.8, 'm8-1': 4.75}",1.53,7.3069999999999995,8.327,inf,111.478,111.478
16,T6,BESTEFFORT,COMPLETED,m6-1,1.521,"{'m1-1': 25.66, 'm2-1': 27.61, 'm3-1': 10.45, 'm4-1': 1.02, 'm5-1': 106.49, 'm6-1': 1.18, 'm7-1': 24.67, 'm8-1': 5.15}",1.77,7.213,8.393,inf,111.521,111.521
17,T10,BESTEFFORT,COMPLETED,m4-1,1.609,"{'m1-1': 27.07, 'm2-1': 24.43, 'm3-1': 11.82, 'm4-1': 1.06, 'm5-1': 104.06, 'm6-1': 0.94, 'm7-1': 27.53, 'm8-1': 5.66}",1.59,8.327,9.387,inf,111.609,111.609
18,T3,BESTEFFORT,COMPLETED,m6-1,1.705,"{'m1-1': 26.0, 'm2-1': 26.27, 'm3-1': 10.36, 'm4-1': 0.99, 'm5-1': 107.26, 'm6-1': 0.96, 'm7-1': 26.83, 'm8-1': 4.87}",1.44,8.393,9.353000000000002,inf,111.705,111.705
19,T5,BESTEFFORT,COMPLETED,m4-1,1.709,"{'m1-1': 25.18, 'm2-1': 26.57, 'm3-1': 9.94, 'm4-1': 1.03, 'm5-1': 106.91, 'm6-1': 1.0, 'm7-1': 28.78, 'm8-1': 4.91}",1.545,9.387,10.417,inf,111.709,111.709
20,T5,BESTEFFORT,COMPLETED,m6-1,2.229,"{'m1-1': 27.0, 'm2-1': 23.35, 'm3-1': 10.04, 'm4-1': 0.98, 'm5-1': 109.19, 'm6-1': 1.12, 'm7-1': 27.94, 'm8-1': 5.67}",1.6800000000000002,9.353000000000002,10.473000000000003,inf,112.229,112.229
21,T7,BESTEFFORT,COMPLETED,m4-1,2.277,"{'m1-1': 24.12, 'm2-1': 27.18, 'm3-1': 10.94, 'm4-1': 1.05, 'm5-1': 112.78, 'm6-1': 1.14, 'm7-1': 27.57, 'm8-1': 5.05}",1.5750000000000002,10.417,11.467,inf,112.277,112.277
22,T6,BESTEFFORT,COMPLETED,m6-1,2.399,"{'m1-1': 26.47, 'm2-1': 27.84, 'm3-1': 10.86, 'm4-1': 1.02, 'm5-1': 103.26, 'm6-1': 1.1, 'm7-1': 27.09, 'm8-1': 5.24}",1.6500000000000001,10.473000000000003,11.573000000000002,inf,112.399,112.399
23,T5,BESTEFFORT,COMPLETED,m8-1,2.43,"{'m1-1': 29.42, 'm2-1': 26.0, 'm3-1': 10.12, 'm4-1': 1.11, 'm5-1': 102.97, 'm6-1': 1.11, 'm7-1': 28.1, 'm8-1': 5.11}",7.665000000000001,6.521999999999999,11.632,inf,112.43,112.43
24,T4,BESTEFFORT,COMPLETED,m4-1,2.494,"{'m1-1': 26.35, 'm2-1': 23.99, 'm3-1': 9.69, 'm4-1': 1.06, 'm5-1': 105.75, 'm6-1': 1.04, 'm7-1': 28.28, 'm8-1': 4.97}",1.59,11.467,12.527000000000001,inf,112.494,112.494
25,T5,BESTEFFORT,COMPLETED,m3-1,2.601,"{'m1-1': 25.24, 'm2-1': 24.89, 'm3-1': 10.61, 'm4-1': 1.11, 'm5-1': 94.12, 'm6-1': 1.06, 'm7-1': 29.6, 'm8-1': 5.26}",15.915,2.601,13.210999999999999,inf,112.601,112.601
26,T2,BESTEFFORT,COMPLETED,m6-1,2.77,"{'m1-1': 26.65, 'm2-1': 23.56, 'm3-1': 10.38, 'm4-1': 1.08, 'm5-1': 105.43, 'm6-1': 1.07, 'm7-1': 27.37, 'm8-1': 5.59}",1.605,11.573000000000002,12.643000000000002,inf,112.77,112.77
27,T7,BESTEFFORT,COMPLETED,m4-1,2.814,"{'m1-1': 25.4, 'm2-1': 24.48, 'm3-1': 10.62, 'm4-1': 1.07, 'm5-1': 112.39, 'm6-1': 1.17, 'm7-1': 24.35, 'm8-1': 5.34}",1.605,12.527000000000001,13.597000000000001,inf,112.814,112.814
28,T6,BESTEFFORT,COMPLETED,m6-1,2.955,"{'m1-1': 26.31, 'm2-1': 26.1, 'm3-1': 10.25, 'm4-1': 1.13, 'm5-1': 97.25, 'm6-1': 1.04, 'm7-1': 24.25, 'm8-1': 5.44}",1.56,12.643000000000002,13.683000000000003,inf,112.955,112.955
29,T5,BESTEFFORT,COMPLETED,m4-1,2.985,"{'m1-1': 27.04, 'm2-1': 23.87, 'm3-1': 9.67, 'm4-1': 0.97, 'm5-1': 98.81, 'm6-1': 1.07, 'm7-1': 29.51, 'm8-1': 5.63}",1.455,13.597000000000001,14.567000000000002,inf,112.985,112.985
30,T3,BESTEFFORT,COMPLETED,m6-1,3.172,"{'m1-1': 27.95, 'm2-1': 28.46, 'm3-1': 11.04, 'm4-1': 1.08, 'm5-1': 109.0, 'm6-1': 1.09, 'm7-1': 28.04, 'm8-1': 5.19}",1.6350000000000002,13.683000000000003,14.773000000000003,inf,113.172,113.172
31,T4,BESTEFFORT,COMPLETED,m4-1,3.233,"{'m1-1': 28.13, 'm2-1': 26.74, 'm3-1': 10.13, 'm4-1': 1.01, 'm5-1': 104.02, 'm6-1': 0.98, 'm7-1': 27.67, 'm8-1': 5.49}",1.5150000000000001,14.567000000000002,15.577000000000002,inf,113.233,113.233
32,T4,BESTEFFORT,COMPLETED,m6-1,3.277,"{'m1-1': 26.04, 'm2-1': 25.72, 'm3-1': 9.35, 'm4-1': 1.12, 'm5-1': 101.34, 'm6-1': 1.05, 'm7-1': 27.79, 'm8-1': 5.29}",1.5750000000000002,14.773000000000003,15.823000000000004,inf,113.277,113.277
33,T6,BESTEFFORT,COMPLETED,m8-1,3.334,"{'m1-1': 25.13, 'm2-1': 27.36, 'm3-1': 10.05, 'm4-1': 1.03, 'm5-1': 92.82, 'm6-1': 1.13, 'm7-1': 28.36, 'm8-1': 5.66}",8.49,11.632,17.292,inf,113.334,113.334
34,T5,BESTEFFORT,COMPLETED,m4-1,3.389,"{'m1-1': 26.33, 'm2-1': 25.0, 'm3-1': 10.47, 'm4-1': 1.08, 'm5-1': 95.7, 'm6-1': 1.01, 'm7-1': 26.97, 'm8-1': 5.69}",1.62,15.577000000000002,16.657000000000004,inf,113.389,113.389
35,T8,BESTEFFORT,COMPLETED,m6-1,3.39,"{'m1-1': 25.17, 'm2-1': 28.26, 'm3-1': 10.78, 'm4-1': 1.02, 'm5-1': 98.69, 'm6-1': 0.99, 'm7-1': 23.77, 'm8-1': 4.82}",1.4849999999999999,15.823000000000004,16.813000000000002,inf,113.39,113.39
36,T3,BESTEFFORT,COMPLETED,m4-1,3.522,"{'m1-1': 28.07, 'm2-1': 24.89, 'm3-1': 11.44, 'm4-1': 1.0, 'm5-1': 108.57, 'm6-1': 1.1, 'm7-1': 28.45, 'm8-1': 5.62}",1.5,16.657000000000004,17.657000000000004,inf,113.522,113.522
37,T9,BESTEFFORT,COMPLETED,m6-1,3.545,"{'m1-1': 25.87, 'm2-1': 24.57, 'm3-1': 10.16, 'm4-1': 1.03, 'm5-1': 107.29, 'm6-1': 0.95, 'm7-1': 28.03, 'm8-1': 4.71}",1.4249999999999998,16.813000000000002,17.763,inf,113.545,113.545
38,T1,BESTEFFORT,COMPLETED,m4-1,3.561,"{'m1-1': 25.12, 'm2-1': 25.87, 'm3-1': 11.31, 'm4-1': 1.05, 'm5-1': 100.44, 'm6-1': 1.04, 'm7-1': 26.05, 'm8-1': 5.48}",1.5750000000000002,17.657000000000004,18.707000000000004,inf,113.561,113.561
39,T3,BESTEFFORT,COMPLETED,m6-1,3.683,"{'m1-1': 24.91, 'm2-1': 28.86, 'm3-1': 10.91, 'm4-1': 1.0, 'm5-1': 100.18, 'm6-1': 1.1, 'm7-1': 25.76, 'm8-1': 5.5}",1.6500000000000001,17.763,18.863000000000003,inf,113.68299999999999,113.68299999999999
40,T3,BESTEFFORT,COMPLETED,m4-1,3.706,"{'m1-1': 25.68, 'm2-1': 28.22, 'm3-1': 11.44, 'm4-1': 1.02, 'm5-1': 102.47, 'm6-1': 0.98, 'm7-1': 25.92, 'm8-1': 5.42}",1.53,18.707000000000004,19.727000000000004,inf,113.706,113.706
41,T4,BESTEFFORT,COMPLETED,m6-1,3.824,"{'m1-1': 25.6, 'm2-1': 27.42, 'm3-1': 10.64, 'm4-1': 1.1, 'm5-1': 112.06, 'm6-1': 1.04, 'm7-1': 27.72, 'm8-1': 5.74}",1.56,18.863000000000003,19.903000000000002,inf,113.824,113.824
42,T2,BESTEFFORT,COMPLETED,m4-1,3.827,"{'m1-1': 25.34, 'm2-1': 25.77, 'm3-1': 10.89, 'm4-1': 1.01, 'm5-1': 107.64, 'm6-1': 1.09, 'm7-1': 23.07, 'm8-1': 4.8}",1.5150000000000001,19.727000000000004,20.737000000000005,inf,113.827,113.827
43,T8,BESTEFFORT,COMPLETED,m6-1,3.918,"{'m1-1': 26.24, 'm2-1': 28.94, 'm3-1': 9.91, 'm4-1': 1.08, 'm5-1': 108.46, 'm6-1': 1.08, 'm7-1': 25.52, 'm8-1': 5.06}",1.62,19.903000000000002,20.983000000000004,inf,113.918,113.918
44,T9,BESTEFFORT,COMPLETED,m8-1,4.05,"{'m1-1': 24.73, 'm2-1': 28.2, 'm3-1': 9.99, 'm4-1': 1.09, 'm5-1': 103.62, 'm6-1': 1.05, 'm7-1': 24.39, 'm8-1': 5.08}",7.62,17.292,22.372,inf,114.05,114.05
45,T9,BESTEFFORT,COMPLETED,m4-1,4.067,"{'m1-1': 26.82, 'm2-1': 28.52, 'm3-1': 9.3, 'm4-1': 1.15, 'm5-1': 112.65, 'm6-1': 0.96, 'm7-1': 26.52, 'm8-1': 5.2}",1.7249999999999999,20.737000000000005,21.887000000000004,inf,114.06700000000001,114.06700000000001
46,T7,BESTEFFORT,COMPLETED,m3-1,4.234,"{'m1-1': 26.03, 'm2-1': 23.67, 'm3-1': 10.62, 'm4-1': 1.16, 'm5-1': 116.02, 'm6-1': 1.09, 'm7-1': 23.97, 'm8-1': 5.17}",15.93,13.210999999999999,23.830999999999996,inf,114.234,114.234
47,T3,BESTEFFORT,COMPLETED,m6-1,4.251,"{'m1-1': 26.96, 'm2-1': 24.89, 'm3-1': 10.3, 'm4-1': 1.01, 'm5-1': 110.33, 'm6-1': 0.95, 'm7-1': 27.26, 'm8-1': 5.0}",1.4249999999999998,20.983000000000004,21.933000000000003,inf,114.251,114.251
48,T3,BESTEFFORT,COMPLETED,m4-1,4.524,"{'m1-1': 27.22, 'm2-1': 27.77, 'm3-1': 11.19, 'm4-1': 0.98, 'm5-1': 117.7, 'm6-1': 0.98, 'm7-1': 28.72, 'm8-1': 5.62}",1.47,21.887000000000004,22.867000000000004,inf,114.524,114.524
49,T2,BESTEFFORT,COMPLETED,m6-1,4.529,"{'m1-1': 25.36, 'm2-1': 26.57, 'm3-1': 10.94, 'm4-1': 1.08, 'm5-1': 96.23, 'm6-1': 1.01, 'm7-1': 24.86, 'm8-1': 5.12}",1.5150000000000001,21.933000000000003,22.943000000000005,inf,114.529,114.529
50,T10,BESTEFFORT,COMPLETED,m4-1,4.604,"{'m1-1': 26.8, 'm2-1': 25.59, 'm3-1': 10.62, 'm4-1': 0.97, 'm5-1': 98.07, 'm6-1': 1.08, 'm7-1': 27.59, 'm8-1': 4.88}",1.455,22.867000000000004,23.837000000000003,inf,114.604,114.604
51,T5,BESTEFFORT,COMPLETED,m6-1,4.639,"{'m1-1': 26.03, 'm2-1': 25.72, 'm3-1': 10.86, 'm4-1': 1.13, 'm5-1': 102.08, 'm6-1': 1.01, 'm7-1': 25.14, 'm8-1': 5.43}",1.5150000000000001,22.943000000000005,23.953000000000007,inf,114.639,114.639
52,T7,BESTEFFORT,COMPLETED,m4-1,4.697,"{'m1-1': 27.25, 'm2-1': 27.13, 'm3-1': 10.33, 'm4-1': 1.11, 'm5-1': 112.9, 'm6-1': 1.02, 'm7-1': 24.26, 'm8-1': 5.16}",1.665,23.837000000000003,24.947000000000003,inf,114.697,114.697
53,T8,BESTEFFORT,COMPLETED,m6-1,4.875,"{'m1-1': 27.04, 'm2-1': 28.56, 'm3-1': 10.04, 'm4-1': 1.04, 'm5-1': 101.58, 'm6-1': 1.07, 'm7-1': 26.07, 'm8-1': 5.45}",1.605,23.953000000000007,25.023000000000007,inf,114.875,114.875
54,T3,BESTEFFORT,COMPLETED,m4-1,4.936,"{'m1-1': 26.62, 'm2-1': 25.26, 'm3-1': 11.56, 'm4-1': 0.96, 'm5-1': 108.73, 'm6-1': 0.97, 'm7-1': 27.16, 'm8-1': 5.39}",1.44,24.947000000000003,25.907000000000004,inf,114.936,114.936
55,T4,BESTEFFORT,COMPLETED,m6-1,5.076,"{'m1-1': 26.82, 'm2-1': 27.08, 'm3-1': 10.56, 'm4-1': 1.05, 'm5-1': 103.89, 'm6-1': 1.04, 'm7-1': 24.52, 'm8-1': 5.44}",1.56,25.023000000000007,26.063000000000006,inf,115.076,115.076
56,T6,BESTEFFORT,COMPLETED,m8-1,5.088,"{'m1-1': 26.45, 'm2-1': 26.56, 'm3-1': 10.41, 'm4-1': 1.03, 'm5-1': 95.69, 'm6-1': 1.06, 'm7-1': 25.82, 'm8-1': 5.17}",7.755,22.372,27.542,inf,115.088,115.088
57,T4,BESTEFFORT,COMPLETED,m4-1,5.244,"{'m1-1': 25.27, 'm2-1': 23.97, 'm3-1': 9.35, 'm4-1': 1.01, 'm5-1': 97.47, 'm6-1': 1.08, 'm7-1': 26.73, 'm8-1': 4.99}",1.5150000000000001,25.907000000000004,26.917000000000005,inf,115.244,115.244
58,T4,BESTEFFORT,COMPLETED,m6-1,5.296,"{'m1-1': 25.17, 'm2-1': 24.53, 'm3-1': 9.34, 'm4-1': 1.06, 'm5-1': 98.1, 'm6-1': 1.0, 'm7-1': 26.7, 'm8-1': 5.47}",1.5,26.063000000000006,27.063000000000006,inf,115.296,115.296
59,T9,BESTEFFORT,COMPLETED,m4-1,5.337,"{'m1-1': 25.5, 'm2-1': 26.96, 'm3-1': 10.62, 'm4-1': 1.01, 'm5-1': 113.08, 'm6-1': 0.95, 'm7-1': 27.96, 'm8-1': 4.97}",1.5150000000000001,26.917000000000005,27.927000000000007,inf,115.337,115.337
60,T10,BESTEFFORT,COMPLETED,m6-1,5.634,"{'m1-1': 23.0, 'm2-1': 27.5, 'm3-1': 10.3, 'm4-1': 0.95, 'm5-1': 113.08, 'm6-1': 1.08, 'm7-1': 26.62, 'm8-1': 5.01}",1.62,27.063000000000006,28.143000000000008,inf,115.634,115.634
61,T7,BESTEFFORT,COMPLETED,m4-1,5.744,"{'m1-1': 25.79, 'm2-1': 27.62, 'm3-1': 11.35, 'm4-1': 1.06, 'm5-1': 102.68, 'm6-1': 1.11, 'm7-1': 27.89, 'm8-1': 5.66}",1.59,27.927000000000007,28.987000000000005,inf,115.744,115.744
62,T8,BESTEFFORT,COMPLETED,m6-1,5.778,"{'m1-1': 24.46, 'm2-1': 26.8, 'm3-1': 11.57, 'm4-1': 1.0, 'm5-1': 105.36, 'm6-1': 1.01, 'm7-1': 27.77, 'm8-1': 5.15}",1.5150000000000001,28.143000000000008,29.15300000000001,inf,115.778,115.778
63,T5,BESTEFFORT,COMPLETED,m4-1,5.85,"{'m1-1': 26.51, 'm2-1': 24.33, 'm3-1': 9.96, 'm4-1': 1.08, 'm5-1': 108.36, 'm6-1': 1.07, 'm7-1': 28.72, 'm8-1': 5.52}",1.62,28.987000000000005,30.067000000000007,inf,115.85,115.85
64,T1,BESTEFFORT,COMPLETED,m7-1,6.012,"{'m1-1': 24.62, 'm2-1': 24.12, 'm3-1': 11.78, 'm4-1': 1.02, 'm5-1': 113.84, 'm6-1': 1.07, 'm7-1': 24.34, 'm8-1': 5.47}",36.51,6.012,30.352,inf,116.012,116.012
65,T8,BESTEFFORT,COMPLETED,m6-1,6.306,"{'m1-1': 25.43, 'm2-1': 27.99, 'm3-1': 10.99, 'm4-1': 1.06, 'm5-1': 112.86, 'm6-1': 1.05, 'm7-1': 27.36, 'm8-1': 5.02}",1.5750000000000002,29.15300000000001,30.20300000000001,inf,116.306,116.306
66,T5,BESTEFFORT,COMPLETED,m4-1,6.315,"{'m1-1': 25.14, 'm2-1': 25.12, 'm3-1': 10.24, 'm4-1': 1.05, 'm5-1': 102.18, 'm6-1': 1.13, 'm7-1': 25.33, 'm8-1': 5.04}",1.5750000000000002,30.067000000000007,31.117000000000008,inf,116.315,116.315
67,T4,BESTEFFORT,COMPLETED,m2-1,6.487,"{'m1-1': 25.86, 'm2-1': 26.43, 'm3-1': 9.31, 'm4-1': 1.09, 'm5-1': 113.91, 'm6-1': 0.99, 'm7-1': 26.94, 'm8-1': 5.75}",39.644999999999996,6.487,32.917,inf,116.487,116.487
68,T8,BESTEFFORT,COMPLETED,m6-1,7.012,"{'m1-1': 24.78, 'm2-1': 25.17, 'm3-1': 10.46, 'm4-1': 1.09, 'm5-1': 99.22, 'm6-1': 1.05, 'm7-1': 27.58, 'm8-1': 4.98}",1.5750000000000002,30.20300000000001,31.25300000000001,inf,117.012,117.012
69,T9,BESTEFFORT,COMPLETED,m3-1,7.013,"{'m1-1': 25.88, 'm2-1': 26.5, 'm3-1': 9.3, 'm4-1': 1.1, 'm5-1': 109.63, 'm6-1': 1.01, 'm7-1': 28.25, 'm8-1': 4.73}",13.950000000000001,23.830999999999996,33.131,inf,117.013,117.013
70,T6,BESTEFFORT,COMPLETED,m6-1,7.425,"{'m1-1': 23.71, 'm2-1': 27.08, 'm3-1': 10.26, 'm4-1': 1.09, 'm5-1': 105.49, 'm6-1': 1.18, 'm7-1': 24.81, 'm8-1': 5.81}",1.77,31.25300000000001,32.433000000000014,inf,117.425,117.425
71,T6,BESTEFFORT,COMPLETED,m8-1,7.465,"{'m1-1': 25.22, 'm2-1': 25.16, 'm3-1': 10.61, 'm4-1': 1.11, 'm5-1': 97.9, 'm6-1': 1.11, 'm7-1': 27.5, 'm8-1': 5.1}",7.6499999999999995,27.542,32.642,inf,117.465,117.465
72,T2,BESTEFFORT,COMPLETED,m4-1,7.473,"{'m1-1': 24.48, 'm2-1': 25.85, 'm3-1': 10.46, 'm4-1': 1.0, 'm5-1': 104.7, 'm6-1': 0.99, 'm7-1': 26.68, 'm8-1': 5.56}",1.5,31.117000000000008,32.117000000000004,inf,117.473,117.473
73,T1,BESTEFFORT,COMPLETED,m6-1,7.829,"{'m1-1': 24.68, 'm2-1': 25.09, 'm3-1': 10.36, 'm4-1': 1.14, 'm5-1': 99.31, 'm6-1': 1.07, 'm7-1': 25.1, 'm8-1': 5.24}",1.605,32.433000000000014,33.503000000000014,inf,117.829,117.829
74,T1,BESTEFFORT,COMPLETED,m4-1,7.89,"{'m1-1': 28.05, 'm2-1': 25.25, 'm3-1': 11.6, 'm4-1': 1.0, 'm5-1': 102.92, 'm6-1': 0.99, 'm7-1': 25.93, 'm8-1': 5.53}",1.5,32.117000000000004,33.117000000000004,inf,117.89,117.89
75,T5,BESTEFFORT,COMPLETED,m6-1,8.141,"{'m1-1': 26.45, 'm2-1': 23.38, 'm3-1': 9.6, 'm4-1': 1.11, 'm5-1': 101.4, 'm6-1': 1.01, 'm7-1': 26.66, 'm8-1': 5.19}",1.5150000000000001,33.503000000000014,34.51300000000001,inf,118.141,118.141
76,T1,BESTEFFORT,COMPLETED,m4-1,8.175,"{'m1-1': 26.53, 'm2-1': 27.52, 'm3-1': 10.02, 'm4-1': 1.07, 'm5-1': 115.68, 'm6-1': 1.06, 'm7-1': 26.89, 'm8-1': 5.15}",1.605,33.117000000000004,34.187000000000005,inf,118.175,118.175
77,T8,BESTEFFORT,COMPLETED,m6-1,8.351,"{'m1-1': 26.65, 'm2-1': 29.23, 'm3-1': 10.94, 'm4-1': 1.12, 'm5-1': 99.06, 'm6-1': 0.96, 'm7-1': 26.79, 'm8-1': 4.82}",1.44,34.51300000000001,35.47300000000001,inf,118.351,118.351
78,T2,BESTEFFORT,COMPLETED,m1-1,8.46,"{'m1-1': 25.33, 'm2-1': 26.85, 'm3-1': 10.41, 'm4-1': 1.15, 'm5-1': 107.43, 'm6-1': 1.13, 'm7-1': 23.68, 'm8-1': 5.12}",37.995,8.46,33.79,inf,118.46000000000001,118.46000000000001
79,T4,BESTEFFORT,COMPLETED,m4-1,8.58,"{'m1-1': 25.19, 'm2-1': 27.6, 'm3-1': 9.84, 'm4-1': 1.03, 'm5-1': 97.14, 'm6-1': 1.13, 'm7-1': 24.27, 'm8-1': 4.93}",1.545,34.187000000000005,35.217000000000006,inf,118.58,118.58
80,T8,BESTEFFORT,COMPLETED,m6-1,8.66,"{'m1-1': 24.3, 'm2-1': 29.17, 'm3-1': 9.98, 'm4-1': 1.04, 'm5-1': 104.17, 'm6-1': 0.94, 'm7-1': 24.52, 'm8-1': 5.16}",1.41,35.47300000000001,36.41300000000001,inf,118.66,118.66
81,T4,BESTEFFORT,COMPLETED,m4-1,8.769,"{'m1-1': 26.47, 'm2-1': 23.33, 'm3-1': 9.53, 'm4-1': 1.08, 'm5-1': 96.7, 'm6-1': 1.14, 'm7-1': 24.66, 'm8-1': 5.27}",1.62,35.217000000000006,36.297000000000004,inf,118.769,118.769
82,T4,BESTEFFORT,COMPLETED,m6-1,8.793,"{'m1-1': 25.17, 'm2-1': 24.7, 'm3-1': 10.93, 'm4-1': 0.99, 'm5-1': 105.7, 'm6-1': 1.07, 'm7-1': 24.48, 'm8-1': 5.56}",1.605,36.41300000000001,37.48300000000001,inf,118.793,118.793
83,T9,BESTEFFORT,COMPLETED,m8-1,8.856,"{'m1-1': 24.74, 'm2-1': 24.26, 'm3-1': 9.26, 'm4-1': 1.04, 'm5-1': 99.5, 'm6-1': 0.94, 'm7-1': 24.21, 'm8-1': 4.84}",7.26,32.642,37.482,inf,118.856,118.856
84,T1,BESTEFFORT,COMPLETED,m4-1,8.887,"{'m1-1': 28.13, 'm2-1': 26.13, 'm3-1': 11.65, 'm4-1': 0.98, 'm5-1': 109.6, 'm6-1': 1.06, 'm7-1': 23.14, 'm8-1': 4.73}",1.47,36.297000000000004,37.277,inf,118.887,118.887
85,T1,BESTEFFORT,COMPLETED,m6-1,8.981,"{'m1-1': 27.49, 'm2-1': 23.76, 'm3-1': 11.13, 'm4-1': 1.02, 'm5-1': 103.34, 'm6-1': 0.99, 'm7-1': 25.22, 'm8-1': 5.14}",1.4849999999999999,37.48300000000001,38.47300000000001,inf,118.981,118.981
86,T9,BESTEFFORT,COMPLETED,m4-1,9.241,"{'m1-1': 25.64, 'm2-1': 26.09, 'm3-1': 10.07, 'm4-1': 1.13, 'm5-1': 98.82, 'm6-1': 1.04, 'm7-1': 27.16, 'm8-1': 5.24}",1.6949999999999998,37.277,38.407000000000004,inf,119.241,119.241
87,T9,BESTEFFORT,COMPLETED,m6-1,9.498,"{'m1-1': 25.77, 'm2-1': 24.05, 'm3-1': 10.34, 'm4-1': 1.18, 'm5-1': 103.37, 'm6-1': 1.04, 'm7-1': 27.29, 'm8-1': 4.8}",1.56,38.47300000000001,39.51300000000001,inf,119.498,119.498
88,T10,BESTEFFORT,COMPLETED,m4-1,9.527,"{'m1-1': 26.7, 'm2-1': 26.95, 'm3-1': 10.68, 'm4-1': 0.96, 'm5-1': 106.91, 'm6-1': 0.96, 'm7-1': 27.04, 'm8-1': 5.46}",1.44,38.407000000000004,39.367000000000004,inf,119.527,119.527
89,T9,BESTEFFORT,COMPLETED,m6-1,9.6,"{'m1-1': 23.88, 'm2-1': 24.08, 'm3-1': 10.57, 'm4-1': 1.06, 'm5-1': 101.96, 'm6-1': 1.06, 'm7-1': 26.34, 'm8-1': 5.16}",1.59,39.51300000000001,40.573000000000015,inf,119.6,119.6
90,T3,BESTEFFORT,COMPLETED,m4-1,9.615,"{'m1-1': 27.88, 'm2-1': 28.78, 'm3-1': 10.44, 'm4-1': 0.98, 'm5-1': 117.66, 'm6-1': 1.03, 'm7-1': 28.72, 'm8-1': 4.99}",1.47,39.367000000000004,40.347,inf,119.615,119.615
91,T4,BESTEFFORT,COMPLETED,m3-1,9.695,"{'m1-1': 25.36, 'm2-1': 23.43, 'm3-1': 9.86, 'm4-1': 1.11, 'm5-1': 100.3, 'm6-1': 1.03, 'm7-1': 25.7, 'm8-1': 5.66}",14.79,33.131,42.991,inf,119.695,119.695
92,T10,BESTEFFORT,COMPLETED,m6-1,9.741,"{'m1-1': 27.0, 'm2-1': 27.5, 'm3-1': 11.44, 'm4-1': 0.98, 'm5-1': 112.03, 'm6-1': 0.92, 'm7-1': 27.0, 'm8-1': 5.1}",1.3800000000000001,40.573000000000015,41.493000000000016,inf,119.741,119.741
93,T3,BESTEFFORT,COMPLETED,m4-1,9.886,"{'m1-1': 26.2, 'm2-1': 26.88, 'm3-1': 10.38, 'm4-1': 1.1, 'm5-1': 109.42, 'm6-1': 1.08, 'm7-1': 25.33, 'm8-1': 5.51}",1.6500000000000001,40.347,41.447,inf,119.886,119.886
94,T6,BESTEFFORT,COMPLETED,m6-1,9.932,"{'m1-1': 24.84, 'm2-1': 29.32, 'm3-1': 10.17, 'm4-1': 1.08, 'm5-1': 100.32, 'm6-1': 1.08, 'm7-1': 24.07, 'm8-1': 5.8}",1.62,41.493000000000016,42.573000000000015,inf,119.932,119.932
95,T3,BESTEFFORT,COMPLETED,m8-1,9.971,"{'m1-1': 27.49, 'm2-1': 25.44, 'm3-1': 10.78, 'm4-1': 1.11, 'm5-1': 102.9, 'm6-1': 0.97, 'm7-1': 27.81, 'm8-1': 5.28}",7.92,37.482,42.762,inf,119.971,119.971
96,T6,BESTEFFORT,COMPLETED,m4-1,9.995,"{'m1-1': 23.52, 'm2-1': 27.1, 'm3-1': 11.78, 'm4-1': 1.09, 'm5-1': 97.71, 'm6-1': 1.15, 'm7-1': 25.96, 'm8-1': 4.97}",1.6350000000000002,41.447,42.537000000000006,inf,119.995,119.995
97,T9,BESTEFFORT,COMPLETED,m6-1,10.121,"{'m1-1': 24.98, 'm2-1': 24.84, 'm3-1': 10.59, 'm4-1': 1.1, 'm5-1': 102.69, 'm6-1': 1.04, 'm7-1': 24.19, 'm8-1': 5.35}",1.56,42.573000000000015,43.613000000000014,inf,120.121,120.121
98,T6,BESTEFFORT,COMPLETED,m4-1,10.194,"{'m1-1': 25.96, 'm2-1': 25.23, 'm3-1': 10.14, 'm4-1': 1.13, 'm5-1': 105.54, 'm6-1': 1.13, 'm7-1': 25.59, 'm8-1': 5.18}",1.6949999999999998,42.537000000000006,43.66700000000001,inf,120.194,120.194
99,T6,BESTEFFORT,COMPLETED,m6-1,10.269,"{'m1-1': 24.6, 'm2-1': 25.14, 'm3-1': 10.99, 'm4-1': 1.12, 'm5-1': 103.06, 'm6-1': 1.07, 'm7-1': 25.6, 'm8-1': 5.16}",1.605,43.613000000000014,44.683000000000014,inf,120.269,120.269
100,T1,BESTEFFORT,COMPLETED,m4-1,10.519,"{'m1-1': 27.5, 'm2-1': 24.92, 'm3-1': 10.09, 'm4-1': 0.99, 'm5-1': 106.15, 'm6-1': 1.14, 'm7-1': 23.03, 'm8-1': 5.22}",1.4849999999999999,43.66700000000001,44.65700000000001,inf,120.519,120.519
101,T10,BESTEFFORT,COMPLETED,m6-1,10.558,"{'m1-1': 23.26, 'm2-1': 23.67, 'm3-1': 10.61, 'm4-1': 0.99, 'm5-1': 106.82, 'm6-1': 1.01, 'm7-1': 23.42, 'm8-1': 5.16}",1.5150000000000001,44.683000000000014,45.69300000000001,inf,120.55799999999999,120.55799999999999
102,T8,BESTEFFORT,COMPLETED,m4-1,10.588,"{'m1-1': 25.76, 'm2-1': 28.55, 'm3-1': 10.66, 'm4-1': 1.14, 'm5-1': 108.93, 'm6-1': 0.94, 'm7-1': 27.87, 'm8-1': 4.93}",1.71,44.65700000000001,45.79700000000001,inf,120.588,120.588
103,T6,BESTEFFORT,COMPLETED,m6-1,10.883,"{'m1-1': 23.53, 'm2-1': 29.0, 'm3-1': 10.14, 'm4-1': 1.05, 'm5-1': 106.72, 'm6-1': 1.02, 'm7-1': 24.14, 'm8-1': 5.14}",1.53,45.69300000000001,46.713000000000015,inf,120.883,120.883
104,T1,BESTEFFORT,COMPLETED,m4-1,11.028,"{'m1-1': 28.86, 'm2-1': 24.49, 'm3-1': 11.68, 'm4-1': 1.03, 'm5-1': 109.58, 'm6-1': 0.98, 'm7-1': 25.75, 'm8-1': 4.88}",1.545,45.79700000000001,46.82700000000001,inf,121.028,121.028
105,T3,BESTEFFORT,COMPLETED,m6-1,11.078,"{'m1-1': 25.3, 'm2-1': 28.3, 'm3-1': 10.12, 'm4-1': 1.1, 'm5-1': 104.89, 'm6-1': 1.12, 'm7-1': 25.12, 'm8-1': 5.68}",1.6800000000000002,46.713000000000015,47.83300000000001,inf,121.078,121.078
106,T10,BESTEFFORT,COMPLETED,m8-1,11.124,"{'m1-1': 25.53, 'm2-1': 23.19, 'm3-1': 11.26, 'm4-1': 1.0, 'm5-1': 99.44, 'm6-1': 0.99, 'm7-1': 24.77, 'm8-1': 5.54}",8.31,42.762,48.302,inf,121.124,121.124
107,T5,BESTEFFORT,COMPLETED,m4-1,11.156,"{'m1-1': 28.25, 'm2-1': 24.48, 'm3-1': 10.69, 'm4-1': 1.07, 'm5-1': 94.89, 'm6-1': 1.12, 'm7-1': 26.12, 'm8-1': 5.13}",1.605,46.82700000000001,47.89700000000001,inf,121.156,121.156
108,T4,BESTEFFORT,COMPLETED,m6-1,11.283,"{'m1-1': 27.44, 'm2-1': 27.62, 'm3-1': 10.0, 'm4-1': 1.03, 'm5-1': 97.24, 'm6-1': 1.1, 'm7-1': 25.93, 'm8-1': 5.76}",1.6500000000000001,47.83300000000001,48.933000000000014,inf,121.283,121.283
109,T5,BESTEFFORT,COMPLETED,m4-1,11.431,"{'m1-1': 27.79, 'm2-1': 26.04, 'm3-1': 10.41, 'm4-1': 1.15, 'm5-1': 96.08, 'm6-1': 0.98, 'm7-1': 28.02, 'm8-1': 5.68}",1.7249999999999999,47.89700000000001,49.04700000000001,inf,121.431,121.431
110,T7,BESTEFFORT,COMPLETED,m6-1,11.433,"{'m1-1': 27.08, 'm2-1': 24.7, 'm3-1': 10.92, 'm4-1': 1.1, 'm5-1': 114.44, 'm6-1': 1.12, 'm7-1': 25.96, 'm8-1': 5.53}",1.6800000000000002,48.933000000000014,50.05300000000001,inf,121.43299999999999,121.43299999999999
111,T9,BESTEFFORT,COMPLETED,m4-1,11.507,"{'m1-1': 25.33, 'm2-1': 26.7, 'm3-1': 10.88, 'm4-1': 1.11, 'm5-1': 95.89, 'm6-1': 1.05, 'm7-1': 24.95, 'm8-1': 4.96}",1.665,49.04700000000001,50.15700000000001,inf,121.507,121.507
112,T8,BESTEFFORT,COMPLETED,m6-1,11.514,"{'m1-1': 26.72, 'm2-1': 27.22, 'm3-1': 11.13, 'm4-1': 1.17, 'm5-1': 106.96, 'm6-1': 1.06, 'm7-1': 25.21, 'm8-1': 4.74}",1.59,50.05300000000001,51.113000000000014,inf,121.514,121.514
113,T4,BESTEFFORT,COMPLETED,m3-1,11.522,"{'m1-1': 26.58, 'm2-1': 24.39, 'm3-1': 10.1, 'm4-1': 1.0, 'm5-1': 101.21, 'm6-1': 1.03, 'm7-1': 24.26, 'm8-1': 5.53}",15.149999999999999,42.991,53.091,inf,121.522,121.522
114,T1,BESTEFFORT,COMPLETED,m4-1,11.613,"{'m1-1': 26.55, 'm2-1': 25.3, 'm3-1': 10.54, 'm4-1': 0.99, 'm5-1': 106.04, 'm6-1': 1.1, 'm7-1': 25.32, 'm8-1': 5.36}",1.4849999999999999,50.15700000000001,51.14700000000001,inf,121.613,121.613
115,T10,BESTEFFORT,COMPLETED,m6-1,11.851,"{'m1-1': 25.42, 'm2-1': 26.89, 'm3-1': 10.05, 'm4-1': 1.03, 'm5-1': 98.39, 'm6-1': 0.94, 'm7-1': 26.97, 'm8-1': 5.7}",1.41,51.113000000000014,52.05300000000001,inf,121.851,121.851
116,T3,BESTEFFORT,COMPLETED,m4-1,12.049,"{'m1-1': 25.92, 'm2-1': 28.21, 'm3-1': 10.05, 'm4-1': 1.1, 'm5-1': 104.75, 'm6-1': 1.0, 'm7-1': 28.77, 'm8-1': 5.25}",1.6500000000000001,51.14700000000001,52.247000000000014,inf,122.049,122.049
117,T9,BESTEFFORT,COMPLETED,m6-1,12.084,"{'m1-1': 27.23, 'm2-1': 26.36, 'm3-1': 9.52, 'm4-1': 1.01, 'm5-1': 110.56, 'm6-1': 0.94, 'm7-1': 26.24, 'm8-1': 5.33}",1.41,52.05300000000001,52.99300000000001,inf,122.084,122.084
118,T6,BESTEFFORT,COMPLETED,m8-1,12.115,"{'m1-1': 23.87, 'm2-1': 27.99, 'm3-1': 10.08, 'm4-1': 1.13, 'm5-1': 98.01, 'm6-1': 1.05, 'm7-1': 24.25, 'm8-1': 5.46}",8.19,48.302,53.762,inf,122.115,122.115
119,T4,BESTEFFORT,COMPLETED,m4-1,12.172,"{'m1-1': 25.36, 'm2-1': 23.86, 'm3-1': 10.08, 'm4-1': 1.11, 'm5-1': 112.62, 'm6-1': 1.06, 'm7-1': 28.42, 'm8-1': 5.17}",1.665,52.247000000000014,53.35700000000001,inf,122.172,122.172
120,T3,BESTEFFORT,COMPLETED,m6-1,12.37,"{'m1-1': 27.45, 'm2-1': 24.91, 'm3-1': 11.06, 'm4-1': 1.0, 'm5-1': 108.52, 'm6-1': 1.04, 'm7-1': 27.1, 'm8-1': 5.55}",1.56,52.99300000000001,54.03300000000001,inf,122.37,122.37
121,T4,BESTEFFORT,COMPLETED,m4-1,12.61,"{'m1-1': 26.95, 'm2-1': 23.54, 'm3-1': 10.09, 'm4-1': 1.05, 'm5-1': 109.91, 'm6-1': 1.11, 'm7-1': 28.22, 'm8-1': 5.33}",1.5750000000000002,53.35700000000001,54.40700000000001,inf,122.61,122.61
122,T10,BESTEFFORT,COMPLETED,m7-1,12.694,"{'m1-1': 23.77, 'm2-1': 27.48, 'm3-1': 10.24, 'm4-1': 1.01, 'm5-1': 102.56, 'm6-1': 0.97, 'm7-1': 23.26, 'm8-1': 5.38}",34.89,30.352,53.612,inf,122.694,122.694
123,T9,BESTEFFORT,COMPLETED,m6-1,12.773,"{'m1-1': 25.02, 'm2-1': 27.59, 'm3-1': 9.3, 'm4-1': 1.15, 'm5-1': 101.96, 'm6-1': 1.1, 'm7-1': 28.03, 'm8-1': 5.3}",1.6500000000000001,54.03300000000001,55.13300000000001,inf,122.773,122.773
124,T6,BESTEFFORT,COMPLETED,m4-1,12.776,"{'m1-1': 26.85, 'm2-1': 29.3, 'm3-1': 10.31, 'm4-1': 1.02, 'm5-1': 97.49, 'm6-1': 1.0, 'm7-1': 25.99, 'm8-1': 5.2}",1.53,54.40700000000001,55.427000000000014,inf,122.776,122.776
125,T6,BESTEFFORT,COMPLETED,m6-1,12.801,"{'m1-1': 25.22, 'm2-1': 28.0, 'm3-1': 11.26, 'm4-1': 1.14, 'm5-1': 104.1, 'm6-1': 1.08, 'm7-1': 25.04, 'm8-1': 5.56}",1.62,55.13300000000001,56.21300000000001,inf,122.801,122.801
126,T6,BESTEFFORT,COMPLETED,m2-1,12.871,"{'m1-1': 24.02, 'm2-1': 28.8, 'm3-1': 11.34, 'm4-1': 0.98, 'm5-1': 103.66, 'm6-1': 1.1, 'm7-1': 28.23, 'm8-1': 5.56}",43.2,32.917,61.717,inf,122.871,122.871
127,T3,BESTEFFORT,COMPLETED,m6-1,12.998,"{'m1-1': 24.43, 'm2-1': 27.67, 'm3-1': 11.09, 'm4-1': 1.09, 'm5-1': 107.09, 'm6-1': 1.09, 'm7-1': 26.68, 'm8-1': 4.88}",1.6350000000000002,56.21300000000001,57.30300000000001,inf,122.998,122.998
128,T1,BESTEFFORT,COMPLETED,m4-1,13.075,"{'m1-1': 25.26, 'm2-1': 23.63, 'm3-1': 10.09, 'm4-1': 1.08, 'm5-1': 111.64, 'm6-1': 1.09, 'm7-1': 26.78, 'm8-1': 4.9}",1.62,55.427000000000014,56.50700000000001,inf,123.075,123.075
129,T3,BESTEFFORT,COMPLETED,m6-1,13.124,"{'m1-1': 26.86, 'm2-1': 28.62, 'm3-1': 11.33, 'm4-1': 0.98, 'm5-1': 106.15, 'm6-1': 1.11, 'm7-1': 25.37, 'm8-1': 5.28}",1.665,57.30300000000001,58.41300000000001,inf,123.124,123.124
130,T3,BESTEFFORT,COMPLETED,m4-1,13.2,"{'m1-1': 25.25, 'm2-1': 28.3, 'm3-1': 11.87, 'm4-1': 1.03, 'm5-1': 101.73, 'm6-1': 1.13, 'm7-1': 27.08, 'm8-1': 4.83}",1.545,56.50700000000001,57.53700000000001,inf,123.2,123.2
131,T2,BESTEFFORT,COMPLETED,m8-1,13.325,"{'m1-1': 28.03, 'm2-1': 25.73, 'm3-1': 10.18, 'm4-1': 1.15, 'm5-1': 106.34, 'm6-1': 1.11, 'm7-1': 26.43, 'm8-1': 5.43}",8.145,53.762,59.192,inf,123.325,123.325
132,T2,BESTEFFORT,COMPLETED,m6-1,13.404,"{'m1-1': 28.7, 'm2-1': 26.11, 'm3-1': 9.71, 'm4-1': 1.12, 'm5-1': 103.93, 'm6-1': 1.03, 'm7-1': 24.0, 'm8-1': 4.95}",1.545,58.41300000000001,59.44300000000001,inf,123.404,123.404
133,T6,BESTEFFORT,COMPLETED,m4-1,13.425,"{'m1-1': 25.34, 'm2-1': 27.34, 'm3-1': 11.06, 'm4-1': 1.11, 'm5-1': 101.48, 'm6-1': 1.18, 'm7-1': 25.28, 'm8-1': 5.8}",1.665,57.53700000000001,58.64700000000001,inf,123.425,123.425
134,T5,BESTEFFORT,COMPLETED,m6-1,13.489,"{'m1-1': 28.72, 'm2-1': 25.85, 'm3-1': 10.21, 'm4-1': 0.97, 'm5-1': 97.11, 'm6-1': 1.05, 'm7-1': 26.44, 'm8-1': 5.19}",1.5750000000000002,59.44300000000001,60.49300000000001,inf,123.489,123.489
135,T4,BESTEFFORT,COMPLETED,m4-1,13.602,"{'m1-1': 28.69, 'm2-1': 25.26, 'm3-1': 10.21, 'm4-1': 0.96, 'm5-1': 111.43, 'm6-1': 1.07, 'm7-1': 27.4, 'm8-1': 5.67}",1.44,58.64700000000001,59.60700000000001,inf,123.602,123.602
136,T6,BESTEFFORT,COMPLETED,m1-1,13.673,"{'m1-1': 26.09, 'm2-1': 27.45, 'm3-1': 10.98, 'm4-1': 1.13, 'm5-1': 93.12, 'm6-1': 1.15, 'm7-1': 26.83, 'm8-1': 5.87}",39.135,33.79,59.879999999999995,inf,123.673,123.673
137,T2,BESTEFFORT,COMPLETED,m6-1,13.824,"{'m1-1': 27.86, 'm2-1': 23.51, 'm3-1': 10.97, 'm4-1': 1.09, 'm5-1': 105.91, 'm6-1': 1.03, 'm7-1': 24.64, 'm8-1': 4.82}",1.545,60.49300000000001,61.52300000000001,inf,123.824,123.824
138,T1,BESTEFFORT,COMPLETED,m4-1,13.91,"{'m1-1': 26.09, 'm2-1': 27.82, 'm3-1': 11.58, 'm4-1': 1.08, 'm5-1': 114.32, 'm6-1': 1.13, 'm7-1': 26.52, 'm8-1': 4.74}",1.62,59.60700000000001,60.68700000000001,inf,123.91,123.91
139,T5,BESTEFFORT,COMPLETED,m6-1,14.15,"{'m1-1': 25.07, 'm2-1': 25.85, 'm3-1': 9.2, 'm4-1': 1.15, 'm5-1': 94.68, 'm6-1': 1.13, 'm7-1': 29.18, 'm8-1': 5.56}",1.6949999999999998,61.52300000000001,62.65300000000001,inf,124.15,124.15
140,T2,BESTEFFORT,COMPLETED,m4-1,14.19,"{'m1-1': 28.23, 'm2-1': 27.54, 'm3-1': 10.76, 'm4-1': 1.12, 'm5-1': 108.89, 'm6-1': 1.07, 'm7-1': 26.41, 'm8-1': 4.83}",1.6800000000000002,60.68700000000001,61.80700000000001,inf,124.19,124.19
141,T1,BESTEFFORT,COMPLETED,m3-1,14.191,"{'m1-1': 26.34, 'm2-1': 27.48, 'm3-1': 10.05, 'm4-1': 1.12, 'm5-1': 112.79, 'm6-1': 0.98, 'm7-1': 23.58, 'm8-1': 5.43}",15.075000000000001,53.091,63.141000000000005,inf,124.191,124.191
142,T4,BESTEFFORT,COMPLETED,m6-1,14.267,"{'m1-1': 25.09, 'm2-1': 24.84, 'm3-1': 9.91, 'm4-1': 1.09, 'm5-1': 97.54, 'm6-1': 0.98, 'm7-1': 24.66, 'm8-1': 5.04}",1.47,62.65300000000001,63.63300000000001,inf,124.267,124.267
143,T10,BESTEFFORT,COMPLETED,m4-1,14.577,"{'m1-1': 24.43, 'm2-1': 25.0, 'm3-1': 10.19, 'm4-1': 0.99, 'm5-1': 102.96, 'm6-1': 0.95, 'm7-1': 27.16, 'm8-1': 5.68}",1.4849999999999999,61.80700000000001,62.79700000000001,inf,124.577,124.577
144,T9,BESTEFFORT,COMPLETED,m8-1,14.778,"{'m1-1': 25.98, 'm2-1': 24.56, 'm3-1': 10.61, 'm4-1': 1.05, 'm5-1': 109.01, 'm6-1': 1.07, 'm7-1': 24.71, 'm8-1': 4.83}",7.245,59.192,64.022,inf,124.778,124.778
145,T1,BESTEFFORT,COMPLETED,m4-1,14.979,"{'m1-1': 27.44, 'm2-1': 27.23, 'm3-1': 10.65, 'm4-1': 1.01, 'm5-1': 101.91, 'm6-1': 1.12, 'm7-1': 23.17, 'm8-1': 4.85}",1.5150000000000001,62.79700000000001,63.80700000000001,inf,124.979,124.979
146,T1,BESTEFFORT,COMPLETED,m6-1,15.135,"{'m1-1': 25.38, 'm2-1': 24.28, 'm3-1': 9.96, 'm4-1': 1.11, 'm5-1': 106.87, 'm6-1': 1.06, 'm7-1': 25.37, 'm8-1': 5.12}",1.59,63.63300000000001,64.69300000000001,inf,125.135,125.135
147,T10,BESTEFFORT,COMPLETED,m4-1,15.169,"{'m1-1': 23.87, 'm2-1': 27.49, 'm3-1': 11.2, 'm4-1': 1.07, 'm5-1': 103.74, 'm6-1': 0.92, 'm7-1': 26.68, 'm8-1': 5.2}",1.605,63.80700000000001,64.87700000000001,inf,125.169,125.169
148,T7,BESTEFFORT,COMPLETED,m6-1,15.307,"{'m1-1': 23.89, 'm2-1': 26.37, 'm3-1': 11.32, 'm4-1': 1.11, 'm5-1': 116.25, 'm6-1': 1.06, 'm7-1': 24.36, 'm8-1': 5.21}",1.59,64.69300000000001,65.75300000000001,inf,125.307,125.307
149,T6,BESTEFFORT,COMPLETED,m4-1,15.334,"{'m1-1': 25.15, 'm2-1': 25.46, 'm3-1': 11.2, 'm4-1': 1.09, 'm5-1': 106.95, 'm6-1': 1.15, 'm7-1': 26.53, 'm8-1': 5.72}",1.6350000000000002,64.87700000000001,65.96700000000001,inf,125.334,125.334
150,T4,BESTEFFORT,COMPLETED,m6-1,15.38,"{'m1-1': 25.48, 'm2-1': 23.97, 'm3-1': 10.01, 'm4-1': 0.96, 'm5-1': 114.0, 'm6-1': 1.05, 'm7-1': 24.56, 'm8-1': 5.32}",1.5750000000000002,65.75300000000001,66.80300000000001,inf,125.38,125.38
151,T2,BESTEFFORT,COMPLETED,m4-1,15.429,"{'m1-1': 27.89, 'm2-1': 26.31, 'm3-1': 9.82, 'm4-1': 1.03, 'm5-1': 113.21, 'm6-1': 1.01, 'm7-1': 26.8, 'm8-1': 4.91}",1.545,65.96700000000001,66.99700000000001,inf,125.429,125.429
152,T6,BESTEFFORT,COMPLETED,m6-1,15.485,"{'m1-1': 25.93, 'm2-1': 27.0, 'm3-1': 10.92, 'm4-1': 1.07, 'm5-1': 96.06, 'm6-1': 1.18, 'm7-1': 25.94, 'm8-1': 5.74}",1.77,66.80300000000001,67.98300000000002,inf,125.485,125.485
153,T3,BESTEFFORT,COMPLETED,m4-1,15.511,"{'m1-1': 27.02, 'm2-1': 25.37, 'm3-1': 10.39, 'm4-1': 0.96, 'm5-1': 116.76, 'm6-1': 1.12, 'm7-1': 25.89, 'm8-1': 5.43}",1.44,66.99700000000001,67.95700000000001,inf,125.511,125.511
154,T4,BESTEFFORT,COMPLETED,m6-1,15.707,"{'m1-1': 25.37, 'm2-1': 25.26, 'm3-1': 9.77, 'm4-1': 0.96, 'm5-1': 107.07, 'm6-1': 1.05, 'm7-1': 27.88, 'm8-1': 4.97}",1.5750000000000002,67.98300000000002,69.03300000000002,inf,125.707,125.707
155,T1,BESTEFFORT,COMPLETED,m8-1,15.731,"{'m1-1': 27.59, 'm2-1': 26.34, 'm3-1': 11.79, 'm4-1': 1.15, 'm5-1': 110.93, 'm6-1': 0.99, 'm7-1': 24.41, 'm8-1': 4.96}",7.4399999999999995,64.022,68.982,inf,125.731,125.731
156,T4,BESTEFFORT,COMPLETED,m4-1,15.754,"{'m1-1': 27.14, 'm2-1': 26.21, 'm3-1': 9.38, 'm4-1': 1.12, 'm5-1': 98.31, 'm6-1': 0.99, 'm7-1': 25.83, 'm8-1': 4.92}",1.6800000000000002,67.95700000000001,69.07700000000001,inf,125.754,125.754
157,T7,BESTEFFORT,COMPLETED,m6-1,15.759,"{'m1-1': 27.43, 'm2-1': 27.11, 'm3-1': 11.04, 'm4-1': 1.03, 'm5-1': 112.73, 'm6-1': 1.17, 'm7-1': 24.38, 'm8-1': 5.12}",1.755,69.03300000000002,70.20300000000002,inf,125.759,125.759
158,T7,BESTEFFORT,COMPLETED,m4-1,15.918,"{'m1-1': 26.83, 'm2-1': 26.8, 'm3-1': 11.26, 'm4-1': 1.01, 'm5-1': 101.52, 'm6-1': 1.09, 'm7-1': 27.33, 'm8-1': 4.97}",1.5150000000000001,69.07700000000001,70.08700000000002,inf,125.918,125.918
159,T10,BESTEFFORT,COMPLETED,m6-1,16.019,"{'m1-1': 25.93, 'm2-1': 23.95, 'm3-1': 10.59, 'm4-1': 0.99, 'm5-1': 102.9, 'm6-1': 0.95, 'm7-1': 24.57, 'm8-1': 5.34}",1.4249999999999998,70.20300000000002,71.15300000000002,inf,126.019,126.019
160,T9,BESTEFFORT,COMPLETED,m6-1,16.058,"{'m1-1': 28.25, 'm2-1': 26.39, 'm3-1': 9.42, 'm4-1': 1.1, 'm5-1': 103.42, 'm6-1': 1.05, 'm7-1': 24.24, 'm8-1': 5.33}",1.5750000000000002,71.15300000000002,72.20300000000002,inf,126.05799999999999,126.05799999999999
161,T1,BESTEFFORT,COMPLETED,m4-1,16.357,"{'m1-1': 25.14, 'm2-1': 25.55, 'm3-1': 11.28, 'm4-1': 1.11, 'm5-1': 101.91, 'm6-1': 1.03, 'm7-1': 26.02, 'm8-1': 4.96}",1.665,70.08700000000002,71.19700000000002,inf,126.357,126.357
162,T10,BESTEFFORT,COMPLETED,m6-1,16.402,"{'m1-1': 25.61, 'm2-1': 24.83, 'm3-1': 10.71, 'm4-1': 1.08, 'm5-1': 97.32, 'm6-1': 1.03, 'm7-1': 26.46, 'm8-1': 5.02}",1.545,72.20300000000002,73.23300000000002,inf,126.402,126.402
163,T6,BESTEFFORT,COMPLETED,m4-1,16.876,"{'m1-1': 25.95, 'm2-1': 25.87, 'm3-1': 10.35, 'm4-1': 1.0, 'm5-1': 101.8, 'm6-1': 1.12, 'm7-1': 25.88, 'm8-1': 4.98}",1.5,71.19700000000002,72.19700000000002,inf,126.876,126.876
164,T7,BESTEFFORT,COMPLETED,m3-1,16.915,"{'m1-1': 27.17, 'm2-1': 26.7, 'm3-1': 9.74, 'm4-1': 1.11, 'm5-1': 102.87, 'm6-1': 1.13, 'm7-1': 25.36, 'm8-1': 5.04}",14.61,63.141000000000005,72.881,inf,126.91499999999999,126.91499999999999
165,T3,BESTEFFORT,COMPLETED,m6-1,17.09,"{'m1-1': 25.1, 'm2-1': 27.0, 'm3-1': 10.26, 'm4-1': 0.96, 'm5-1': 110.34, 'm6-1': 1.0, 'm7-1': 25.89, 'm8-1': 5.38}",1.5,73.23300000000002,74.23300000000002,inf,127.09,127.09
166,T6,BESTEFFORT,COMPLETED,m4-1,17.204,"{'m1-1': 25.97, 'm2-1': 26.84, 'm3-1': 10.58, 'm4-1': 1.1, 'm5-1': 108.47, 'm6-1': 1.12, 'm7-1': 26.52, 'm8-1': 5.68}",1.6500000000000001,72.19700000000002,73.29700000000001,inf,127.20400000000001,127.20400000000001
167,T7,BESTEFFORT,COMPLETED,m8-1,17.345,"{'m1-1': 24.05, 'm2-1': 24.45, 'm3-1': 9.86, 'm4-1': 0.98, 'm5-1': 114.28, 'm6-1': 1.09, 'm7-1': 25.17, 'm8-1': 5.24}",7.86,68.982,74.222,inf,127.345,127.345
168,T5,BESTEFFORT,COMPLETED,m6-1,17.454,"{'m1-1': 28.22, 'm2-1': 26.21, 'm3-1': 10.47, 'm4-1': 1.01, 'm5-1': 102.92, 'm6-1': 1.12, 'm7-1': 28.86, 'm8-1': 4.97}",1.6800000000000002,74.23300000000002,75.35300000000002,inf,127.45400000000001,127.45400000000001
169,T1,BESTEFFORT,COMPLETED,m4-1,17.621,"{'m1-1': 24.53, 'm2-1': 25.92, 'm3-1': 11.6, 'm4-1': 0.98, 'm5-1': 117.84, 'm6-1': 1.0, 'm7-1': 26.34, 'm8-1': 5.23}",1.47,73.29700000000001,74.27700000000002,inf,127.621,127.621
170,T9,BESTEFFORT,COMPLETED,m6-1,17.629,"{'m1-1': 27.04, 'm2-1': 28.1, 'm3-1': 9.42, 'm4-1': 1.16, 'm5-1': 97.73, 'm6-1': 0.93, 'm7-1': 27.68, 'm8-1': 4.96}",1.395,75.35300000000002,76.28300000000003,inf,127.629,127.629
171,T9,BESTEFFORT,COMPLETED,m4-1,17.739,"{'m1-1': 26.68, 'm2-1': 25.12, 'm3-1': 10.03, 'm4-1': 1.09, 'm5-1': 102.96, 'm6-1': 0.94, 'm7-1': 26.79, 'm8-1': 4.62}",1.6350000000000002,74.27700000000002,75.36700000000002,inf,127.739,127.739
172,T4,BESTEFFORT,COMPLETED,m4-1,17.922,"{'m1-1': 26.1, 'm2-1': 27.15, 'm3-1': 10.35, 'm4-1': 0.95, 'm5-1': 103.92, 'm6-1': 1.08, 'm7-1': 27.08, 'm8-1': 5.2}",1.4249999999999998,75.36700000000002,76.31700000000002,inf,127.922,127.922
173,T2,BESTEFFORT,COMPLETED,m6-1,17.922,"{'m1-1': 25.01, 'm2-1': 27.36, 'm3-1': 9.82, 'm4-1': 1.11, 'm5-1': 107.79, 'm6-1': 1.08, 'm7-1': 23.06, 'm8-1': 5.42}",1.62,76.28300000000003,77.36300000000003,inf,127.922,127.922
174,T5,BESTEFFORT,COMPLETED,m6-1,17.988,"{'m1-1': 26.49, 'm2-1': 25.55, 'm3-1': 10.0, 'm4-1': 1.04, 'm5-1': 104.55, 'm6-1': 1.15, 'm7-1': 27.39, 'm8-1': 5.11}",1.7249999999999999,77.36300000000003,78.51300000000003,inf,127.988,127.988
175,T2,BESTEFFORT,COMPLETED,m4-1,18.006,"{'m1-1': 28.41, 'm2-1': 24.5, 'm3-1': 9.52, 'm4-1': 1.0, 'm5-1': 109.0, 'm6-1': 1.09, 'm7-1': 23.26, 'm8-1': 4.84}",1.5,76.31700000000002,77.31700000000002,inf,128.006,128.006
176,T4,BESTEFFORT,COMPLETED,m6-1,18.016,"{'m1-1': 27.5, 'm2-1': 24.47, 'm3-1': 10.44, 'm4-1': 1.08, 'm5-1': 106.01, 'm6-1': 1.14, 'm7-1': 25.16, 'm8-1': 5.39}",1.71,78.51300000000003,79.65300000000003,inf,128.016,128.016
177,T2,BESTEFFORT,COMPLETED,m7-1,18.071,"{'m1-1': 25.44, 'm2-1': 24.15, 'm3-1': 9.6, 'm4-1': 1.15, 'm5-1': 100.42, 'm6-1': 1.0, 'm7-1': 24.12, 'm8-1': 4.83}",36.18,53.612,77.732,inf,128.071,128.071
178,T5,BESTEFFORT,COMPLETED,m4-1,18.331,"{'m1-1': 28.04, 'm2-1': 26.69, 'm3-1': 9.68, 'm4-1': 1.08, 'm5-1': 105.6, 'm6-1': 1.03, 'm7-1': 25.6, 'm8-1': 5.18}",1.62,77.31700000000002,78.39700000000002,inf,128.331,128.331
179,T7,BESTEFFORT,COMPLETED,m8-1,18.343,"{'m1-1': 26.3, 'm2-1': 23.56, 'm3-1': 10.2, 'm4-1': 1.16, 'm5-1': 108.08, 'm6-1': 1.07, 'm7-1': 24.23, 'm8-1': 5.68}",8.52,74.222,79.90199999999999,inf,128.343,128.343
180,T8,BESTEFFORT,COMPLETED,m6-1,18.413,"{'m1-1': 27.44, 'm2-1': 26.54, 'm3-1': 11.02, 'm4-1': 1.02, 'm5-1': 107.46, 'm6-1': 1.0, 'm7-1': 27.43, 'm8-1': 5.3}",1.5,79.65300000000003,80.65300000000003,inf,128.413,128.413
181,T8,BESTEFFORT,COMPLETED,m4-1,18.562,"{'m1-1': 28.46, 'm2-1': 28.4, 'm3-1': 11.41, 'm4-1': 1.12, 'm5-1': 98.8, 'm6-1': 0.94, 'm7-1': 25.8, 'm8-1': 5.22}",1.6800000000000002,78.39700000000002,79.51700000000002,inf,128.562,128.562
182,T9,BESTEFFORT,COMPLETED,m6-1,18.611,"{'m1-1': 25.66, 'm2-1': 28.48, 'm3-1': 9.33, 'm4-1': 1.07, 'm5-1': 110.41, 'm6-1': 1.0, 'm7-1': 26.39, 'm8-1': 5.4}",1.5,80.65300000000003,81.65300000000003,inf,128.611,128.611
183,T5,BESTEFFORT,COMPLETED,m2-1,18.743,"{'m1-1': 27.1, 'm2-1': 26.12, 'm3-1': 10.26, 'm4-1': 1.11, 'm5-1': 108.06, 'm6-1': 1.01, 'm7-1': 26.25, 'm8-1': 5.13}",39.18,61.717,87.837,inf,128.743,128.743
184,T8,BESTEFFORT,COMPLETED,m4-1,18.833,"{'m1-1': 27.48, 'm2-1': 25.33, 'm3-1': 11.7, 'm4-1': 1.03, 'm5-1': 100.96, 'm6-1': 0.97, 'm7-1': 24.32, 'm8-1': 5.3}",1.545,79.51700000000002,80.54700000000003,inf,128.833,128.833
185,T10,BESTEFFORT,COMPLETED,m6-1,18.862,"{'m1-1': 23.67, 'm2-1': 26.42, 'm3-1': 11.37, 'm4-1': 1.05, 'm5-1': 102.6, 'm6-1': 1.02, 'm7-1': 23.82, 'm8-1': 5.44}",1.53,81.65300000000003,82.67300000000003,inf,128.862,128.862
186,T3,BESTEFFORT,COMPLETED,m4-1,18.927,"{'m1-1': 26.23, 'm2-1': 26.3, 'm3-1': 10.75, 'm4-1': 1.12, 'm5-1': 113.14, 'm6-1': 1.07, 'm7-1': 28.16, 'm8-1': 5.38}",1.6800000000000002,80.54700000000003,81.66700000000003,inf,128.927,128.927
187,T2,BESTEFFORT,COMPLETED,m6-1,18.944,"{'m1-1': 25.34, 'm2-1': 26.86, 'm3-1': 10.43, 'm4-1': 1.01, 'm5-1': 113.97, 'm6-1': 1.12, 'm7-1': 24.49, 'm8-1': 5.48}",1.6800000000000002,82.67300000000003,83.79300000000003,inf,128.944,128.944
188,T4,BESTEFFORT,COMPLETED,m4-1,19.415,"{'m1-1': 26.67, 'm2-1': 24.79, 'm3-1': 9.28, 'm4-1': 1.12, 'm5-1': 110.32, 'm6-1': 1.05, 'm7-1': 24.85, 'm8-1': 4.94}",1.6800000000000002,81.66700000000003,82.78700000000003,inf,129.415,129.415
189,T9,BESTEFFORT,COMPLETED,m3-1,19.557,"{'m1-1': 24.78, 'm2-1': 26.75, 'm3-1': 9.32, 'm4-1': 1.11, 'm5-1': 98.22, 'm6-1': 1.01, 'm7-1': 27.61, 'm8-1': 4.81}",13.98,72.881,82.201,inf,129.557,129.557
190,T10,BESTEFFORT,COMPLETED,m6-1,19.61,"{'m1-1': 24.5, 'm2-1': 23.83, 'm3-1': 10.9, 'm4-1': 1.09, 'm5-1': 111.24, 'm6-1': 0.99, 'm7-1': 26.67, 'm8-1': 5.5}",1.4849999999999999,83.79300000000003,84.78300000000003,inf,129.61,129.61
191,T9,BESTEFFORT,COMPLETED,m8-1,19.651,"{'m1-1': 26.44, 'm2-1': 25.42, 'm3-1': 10.28, 'm4-1': 1.06, 'm5-1': 96.92, 'm6-1': 1.07, 'm7-1': 28.04, 'm8-1': 5.45}",8.175,79.90199999999999,85.35199999999999,inf,129.651,129.651
192,T5,BESTEFFORT,COMPLETED,m4-1,19.732,"{'m1-1': 27.38, 'm2-1': 23.62, 'm3-1': 9.62, 'm4-1': 0.98, 'm5-1': 107.7, 'm6-1': 1.0, 'm7-1': 26.86, 'm8-1': 4.96}",1.47,82.78700000000003,83.76700000000004,inf,129.732,129.732
193,T5,BESTEFFORT,COMPLETED,m6-1,19.798,"{'m1-1': 25.58, 'm2-1': 27.37, 'm3-1': 10.19, 'm4-1': 0.97, 'm5-1': 99.48, 'm6-1': 1.07, 'm7-1': 26.12, 'm8-1': 5.38}",1.605,84.78300000000003,85.85300000000002,inf,129.798,129.798
194,T5,BESTEFFORT,COMPLETED,m4-1,19.812,"{'m1-1': 27.01, 'm2-1': 27.33, 'm3-1': 10.09, 'm4-1': 1.04, 'm5-1': 104.35, 'm6-1': 1.15, 'm7-1': 27.76, 'm8-1': 5.11}",1.56,83.76700000000004,84.80700000000004,inf,129.812,129.812
195,T10,BESTEFFORT,COMPLETED,m6-1,19.91,"{'m1-1': 23.91, 'm2-1': 24.01, 'm3-1': 11.13, 'm4-1': 1.07, 'm5-1': 105.59, 'm6-1': 1.05, 'm7-1': 27.2, 'm8-1': 5.71}",1.5750000000000002,85.85300000000002,86.90300000000002,inf,129.91,129.91
196,T2,BESTEFFORT,COMPLETED,m1-1,20.05,"{'m1-1': 27.74, 'm2-1': 24.08, 'm3-1': 9.52, 'm4-1': 1.09, 'm5-1': 99.96, 'm6-1': 1.01, 'm7-1': 24.95, 'm8-1': 5.46}",41.61,59.879999999999995,87.61999999999999,inf,130.05,130.05
197,T2,BESTEFFORT,COMPLETED,m4-1,20.059,"{'m1-1': 26.34, 'm2-1': 23.74, 'm3-1': 9.88, 'm4-1': 1.13, 'm5-1': 101.32, 'm6-1': 0.98, 'm7-1': 25.54, 'm8-1': 5.42}",1.6949999999999998,84.80700000000004,85.93700000000004,inf,130.059,130.059
198,T7,BESTEFFORT,COMPLETED,m6-1,20.171,"{'m1-1': 27.74, 'm2-1': 23.59, 'm3-1': 9.84, 'm4-1': 1.02, 'm5-1': 110.84, 'm6-1': 1.14, 'm7-1': 26.21, 'm8-1': 4.95}",1.71,86.90300000000002,88.04300000000002,inf,130.171,130.171
199,T6,BESTEFFORT,COMPLETED,m4-1,20.182,"{'m1-1': 26.52, 'm2-1': 26.78, 'm3-1': 11.65, 'm4-1': 1.05, 'm5-1': 100.24, 'm6-1': 1.04, 'm7-1': 28.38, 'm8-1': 5.75}",1.5750000000000002,85.93700000000004,86.98700000000004,inf,130.182,130.182
200,T5,BESTEFFORT,COMPLETED,m6-1,20.35,"{'m1-1': 26.76, 'm2-1': 23.99, 'm3-1': 9.77, 'm4-1': 1.0, 'm5-1': 108.69, 'm6-1': 1.13, 'm7-1': 28.94, 'm8-1': 5.41}",1.6949999999999998,88.04300000000002,89.17300000000002,inf,130.35,130.35
201,T7,BESTEFFORT,COMPLETED,m4-1,20.367,"{'m1-1': 26.69, 'm2-1': 23.89, 'm3-1': 10.44, 'm4-1': 1.01, 'm5-1': 115.03, 'm6-1': 1.06, 'm7-1': 26.25, 'm8-1': 5.61}",1.5150000000000001,86.98700000000004,87.99700000000004,inf,130.367,130.367
202,T2,BESTEFFORT,COMPLETED,m6-1,20.607,"{'m1-1': 24.48, 'm2-1': 27.9, 'm3-1': 9.85, 'm4-1': 1.14, 'm5-1': 99.49, 'm6-1': 1.02, 'm7-1': 24.95, 'm8-1': 5.05}",1.53,89.17300000000002,90.19300000000001,inf,130.607,130.607
203,T3,BESTEFFORT,COMPLETED,m8-1,20.615,"{'m1-1': 25.48, 'm2-1': 24.9, 'm3-1': 11.41, 'm4-1': 1.12, 'm5-1': 118.49, 'm6-1': 1.07, 'm7-1': 26.17, 'm8-1': 5.74}",8.61,85.35199999999999,91.09199999999998,inf,130.615,130.615
204,T1,BESTEFFORT,COMPLETED,m4-1,20.705,"{'m1-1': 28.01, 'm2-1': 24.58, 'm3-1': 10.0, 'm4-1': 0.99, 'm5-1': 103.08, 'm6-1': 1.1, 'm7-1': 24.61, 'm8-1': 4.87}",1.4849999999999999,87.99700000000004,88.98700000000004,inf,130.70499999999998,130.70499999999998
205,T4,BESTEFFORT,COMPLETED,m6-1,20.854,"{'m1-1': 26.11, 'm2-1': 27.24, 'm3-1': 9.91, 'm4-1': 1.0, 'm5-1': 104.07, 'm6-1': 1.05, 'm7-1': 26.55, 'm8-1': 5.76}",1.5750000000000002,90.19300000000001,91.24300000000001,inf,130.85399999999998,130.85399999999998
206,T10,BESTEFFORT,COMPLETED,m4-1,20.93,"{'m1-1': 25.87, 'm2-1': 23.74, 'm3-1': 9.96, 'm4-1': 1.0, 'm5-1': 112.6, 'm6-1': 0.96, 'm7-1': 24.1, 'm8-1': 5.33}",1.5,88.98700000000004,89.98700000000004,inf,130.93,130.93
207,T7,BESTEFFORT,COMPLETED,m6-1,21.031,"{'m1-1': 24.58, 'm2-1': 24.81, 'm3-1': 9.73, 'm4-1': 1.01, 'm5-1': 99.41, 'm6-1': 1.08, 'm7-1': 23.7, 'm8-1': 5.65}",1.62,91.24300000000001,92.32300000000001,inf,131.031,131.031
208,T2,BESTEFFORT,COMPLETED,m4-1,21.111,"{'m1-1': 28.92, 'm2-1': 25.78, 'm3-1': 10.15, 'm4-1': 1.09, 'm5-1': 105.0, 'm6-1': 0.98, 'm7-1': 23.91, 'm8-1': 5.42}",1.6350000000000002,89.98700000000004,91.07700000000004,inf,131.111,131.111
209,T2,BESTEFFORT,COMPLETED,m6-1,21.187,"{'m1-1': 28.58, 'm2-1': 27.04, 'm3-1': 10.51, 'm4-1': 1.11, 'm5-1': 108.23, 'm6-1': 1.01, 'm7-1': 24.27, 'm8-1': 5.02}",1.5150000000000001,92.32300000000001,93.33300000000001,inf,131.187,131.187
210,T9,BESTEFFORT,COMPLETED,m4-1,21.35,"{'m1-1': 24.68, 'm2-1': 26.67, 'm3-1': 9.86, 'm4-1': 1.04, 'm5-1': 98.05, 'm6-1': 1.08, 'm7-1': 26.12, 'm8-1': 4.72}",1.56,91.07700000000004,92.11700000000005,inf,131.35,131.35
211,T9,BESTEFFORT,COMPLETED,m3-1,21.41,"{'m1-1': 27.58, 'm2-1': 24.72, 'm3-1': 9.52, 'm4-1': 1.12, 'm5-1': 106.54, 'm6-1': 1.08, 'm7-1': 24.56, 'm8-1': 5.05}",14.28,82.201,91.72099999999999,inf,131.41,131.41
212,T7,BESTEFFORT,COMPLETED,m6-1,21.447,"{'m1-1': 24.36, 'm2-1': 26.12, 'm3-1': 11.28, 'm4-1': 1.02, 'm5-1': 113.5, 'm6-1': 1.12, 'm7-1': 23.83, 'm8-1': 5.05}",1.6800000000000002,93.33300000000001,94.45300000000002,inf,131.447,131.447
213,T10,BESTEFFORT,COMPLETED,m4-1,21.599,"{'m1-1': 25.8, 'm2-1': 25.4, 'm3-1': 11.05, 'm4-1': 1.1, 'm5-1': 110.3, 'm6-1': 0.93, 'm7-1': 23.28, 'm8-1': 4.83}",1.6500000000000001,92.11700000000005,93.21700000000004,inf,131.599,131.599
214,T4,BESTEFFORT,COMPLETED,m6-1,21.683,"{'m1-1': 24.65, 'm2-1': 24.66, 'm3-1': 9.74, 'm4-1': 0.97, 'm5-1': 104.07, 'm6-1': 1.11, 'm7-1': 26.53, 'm8-1': 4.98}",1.665,94.45300000000002,95.56300000000002,inf,131.683,131.683
215,T1,BESTEFFORT,COMPLETED,m8-1,21.685,"{'m1-1': 25.44, 'm2-1': 27.27, 'm3-1': 11.51, 'm4-1': 1.1, 'm5-1': 100.85, 'm6-1': 0.97, 'm7-1': 24.36, 'm8-1': 5.27}",7.904999999999999,91.09199999999998,96.36199999999998,inf,131.685,131.685
216,T10,BESTEFFORT,COMPLETED,m4-1,21.701,"{'m1-1': 26.61, 'm2-1': 26.72, 'm3-1': 11.19, 'm4-1': 1.06, 'm5-1': 112.28, 'm6-1': 1.08, 'm7-1': 26.52, 'm8-1': 5.66}",1.59,93.21700000000004,94.27700000000004,inf,131.701,131.701
217,T4,BESTEFFORT,COMPLETED,m6-1,21.888,"{'m1-1': 27.91, 'm2-1': 24.1, 'm3-1': 9.84, 'm4-1': 1.02, 'm5-1': 97.73, 'm6-1': 1.0, 'm7-1': 25.62, 'm8-1': 5.07}",1.5,95.56300000000002,96.56300000000002,inf,131.888,131.888
218,T4,BESTEFFORT,COMPLETED,m4-1,21.947,"{'m1-1': 27.99, 'm2-1': 27.11, 'm3-1': 10.96, 'm4-1': 1.08, 'm5-1': 107.81, 'm6-1': 1.08, 'm7-1': 28.38, 'm8-1': 5.33}",1.62,94.27700000000004,95.35700000000004,inf,131.947,131.947
219,T9,BESTEFFORT,COMPLETED,m6-1,21.952,"{'m1-1': 25.44, 'm2-1': 24.77, 'm3-1': 9.93, 'm4-1': 1.19, 'm5-1': 108.58, 'm6-1': 1.05, 'm7-1': 24.21, 'm8-1': 5.49}",1.5750000000000002,96.56300000000002,97.61300000000001,inf,131.952,131.952
220,T1,BESTEFFORT,COMPLETED,m4-1,22.227,"{'m1-1': 26.22, 'm2-1': 24.6, 'm3-1': 10.04, 'm4-1': 1.15, 'm5-1': 112.24, 'm6-1': 0.98, 'm7-1': 25.46, 'm8-1': 5.0}",1.7249999999999999,95.35700000000004,96.50700000000005,inf,132.227,132.227
221,T6,BESTEFFORT,COMPLETED,m6-1,22.345,"{'m1-1': 25.26, 'm2-1': 26.1, 'm3-1': 10.74, 'm4-1': 1.0, 'm5-1': 92.58, 'm6-1': 1.13, 'm7-1': 26.82, 'm8-1': 5.85}",1.6949999999999998,97.61300000000001,98.74300000000001,inf,132.345,132.345
222,T8,BESTEFFORT,COMPLETED,m4-1,22.46,"{'m1-1': 24.93, 'm2-1': 26.1, 'm3-1': 10.01, 'm4-1': 1.01, 'm5-1': 111.58, 'm6-1': 1.08, 'm7-1': 27.98, 'm8-1': 4.94}",1.5150000000000001,96.50700000000005,97.51700000000005,inf,132.46,132.46
223,T7,BESTEFFORT,COMPLETED,m6-1,22.508,"{'m1-1': 27.43, 'm2-1': 25.4, 'm3-1': 10.64, 'm4-1': 1.1, 'm5-1': 103.32, 'm6-1': 1.12, 'm7-1': 24.59, 'm8-1': 4.86}",1.6800000000000002,98.74300000000001,99.86300000000001,inf,132.508,132.508
224,T2,BESTEFFORT,COMPLETED,m4-1,22.658,"{'m1-1': 24.53, 'm2-1': 25.82, 'm3-1': 9.52, 'm4-1': 1.06, 'm5-1': 107.14, 'm6-1': 1.07, 'm7-1': 25.56, 'm8-1': 5.52}",1.59,97.51700000000005,98.57700000000006,inf,132.65800000000002,132.65800000000002
225,T7,BESTEFFORT,COMPLETED,m6-1,22.809,"{'m1-1': 27.08, 'm2-1': 24.2, 'm3-1': 10.09, 'm4-1': 1.08, 'm5-1': 115.87, 'm6-1': 1.04, 'm7-1': 26.89, 'm8-1': 5.38}",1.56,99.86300000000001,100.90300000000002,inf,132.809,132.809
226,T2,BESTEFFORT,COMPLETED,m8-1,22.868,"{'m1-1': 26.88, 'm2-1': 24.57, 'm3-1': 9.67, 'm4-1': 1.01, 'm5-1': 111.54, 'm6-1': 1.13, 'm7-1': 25.55, 'm8-1': 5.54}",8.31,96.36199999999998,101.90199999999999,inf,132.868,132.868
227,T9,BESTEFFORT,COMPLETED,m4-1,22.935,"{'m1-1': 24.09, 'm2-1': 27.44, 'm3-1': 10.92, 'm4-1': 1.14, 'm5-1': 102.08, 'm6-1': 1.06, 'm7-1': 24.52, 'm8-1': 5.3}",1.71,98.57700000000006,99.71700000000006,inf,132.935,132.935
228,T4,BESTEFFORT,COMPLETED,m6-1,23.004,"{'m1-1': 24.64, 'm2-1': 24.15, 'm3-1': 10.76, 'm4-1': 1.02, 'm5-1': 103.45, 'm6-1': 1.1, 'm7-1': 26.56, 'm8-1': 5.83}",1.6500000000000001,100.90300000000002,102.00300000000001,inf,133.004,133.004
229,T6,BESTEFFORT,COMPLETED,m4-1,23.287,"{'m1-1': 25.98, 'm2-1': 27.27, 'm3-1': 10.82, 'm4-1': 1.03, 'm5-1': 102.8, 'm6-1': 1.17, 'm7-1': 27.16, 'm8-1': 5.0}",1.545,99.71700000000006,100.74700000000006,inf,133.287,133.287
230,T2,BESTEFFORT,COMPLETED,m7-1,23.499,"{'m1-1': 25.76, 'm2-1': 26.18, 'm3-1': 10.95, 'm4-1': 1.14, 'm5-1': 100.0, 'm6-1': 0.99, 'm7-1': 25.24, 'm8-1': 5.04}",37.86,77.732,102.972,inf,133.499,133.499
231,T9,BESTEFFORT,COMPLETED,m6-1,24.307,"{'m1-1': 24.73, 'm2-1': 27.94, 'm3-1': 10.28, 'm4-1': 1.18, 'm5-1': 100.12, 'm6-1': 0.98, 'm7-1': 26.02, 'm8-1': 4.68}",1.47,102.00300000000001,102.98300000000002,inf,134.307,134.307
232,T10,BESTEFFORT,COMPLETED,m4-1,24.387,"{'m1-1': 23.69, 'm2-1': 26.95, 'm3-1': 11.24, 'm4-1': 1.02, 'm5-1': 107.57, 'm6-1': 1.06, 'm7-1': 23.41, 'm8-1': 5.47}",1.53,100.74700000000006,101.76700000000005,inf,134.387,134.387
233,T7,BESTEFFORT,COMPLETED,m6-1,24.439,"{'m1-1': 27.76, 'm2-1': 26.92, 'm3-1': 10.01, 'm4-1': 1.16, 'm5-1': 98.61, 'm6-1': 1.13, 'm7-1': 24.34, 'm8-1': 4.87}",1.6949999999999998,102.98300000000002,104.11300000000001,inf,134.439,134.439
234,T1,BESTEFFORT,COMPLETED,m4-1,24.471,"{'m1-1': 27.52, 'm2-1': 26.74, 'm3-1': 10.54, 'm4-1': 1.15, 'm5-1': 116.28, 'm6-1': 1.14, 'm7-1': 24.03, 'm8-1': 5.19}",1.7249999999999999,101.76700000000005,102.91700000000006,inf,134.471,134.471
235,T2,BESTEFFORT,COMPLETED,m3-1,24.553,"{'m1-1': 24.65, 'm2-1': 26.16, 'm3-1': 10.46, 'm4-1': 1.04, 'm5-1': 102.14, 'm6-1': 1.06, 'm7-1': 26.14, 'm8-1': 4.95}",15.690000000000001,91.72099999999999,102.18099999999998,inf,134.553,134.553
236,T2,BESTEFFORT,COMPLETED,m6-1,24.562,"{'m1-1': 25.55, 'm2-1': 25.34, 'm3-1': 10.2, 'm4-1': 1.05, 'm5-1': 102.99, 'm6-1': 1.0, 'm7-1': 23.88, 'm8-1': 5.05}",1.5,104.11300000000001,105.11300000000001,inf,134.562,134.562
237,T2,BESTEFFORT,COMPLETED,m4-1,24.632,"{'m1-1': 28.24, 'm2-1': 27.25, 'm3-1': 10.98, 'm4-1': 1.06, 'm5-1': 112.31, 'm6-1': 1.08, 'm7-1': 23.87, 'm8-1': 5.33}",1.59,102.91700000000006,103.97700000000006,inf,134.632,134.632
238,T6,BESTEFFORT,COMPLETED,m6-1,24.797,"{'m1-1': 27.03, 'm2-1': 28.41, 'm3-1': 11.13, 'm4-1': 1.09, 'm5-1': 95.55, 'm6-1': 1.05, 'm7-1': 26.87, 'm8-1': 5.26}",1.5750000000000002,105.11300000000001,106.16300000000001,inf,134.797,134.797
239,T5,BESTEFFORT,COMPLETED,m2-1,24.797,"{'m1-1': 28.7, 'm2-1': 25.57, 'm3-1': 9.56, 'm4-1': 1.12, 'm5-1': 106.87, 'm6-1': 1.08, 'm7-1': 28.25, 'm8-1': 5.1}",38.355000000000004,87.837,113.40700000000001,inf,134.797,134.797
240,T6,BESTEFFORT,COMPLETED,m4-1,24.839,"{'m1-1': 24.46, 'm2-1': 26.76, 'm3-1': 10.16, 'm4-1': 0.97, 'm5-1': 94.18, 'm6-1': 1.14, 'm7-1': 24.66, 'm8-1': 5.47}",1.455,103.97700000000006,104.94700000000006,inf,134.839,134.839
241,T1,BESTEFFORT,COMPLETED,m8-1,24.865,"{'m1-1': 25.09, 'm2-1': 24.81, 'm3-1': 10.04, 'm4-1': 0.99, 'm5-1': 104.46, 'm6-1': 1.01, 'm7-1': 25.82, 'm8-1': 5.44}",8.16,101.90199999999999,107.34199999999998,inf,134.865,134.865
242,T8,BESTEFFORT,COMPLETED,m6-1,25.129,"{'m1-1': 26.28, 'm2-1': 27.64, 'm3-1': 11.43, 'm4-1': 1.14, 'm5-1': 103.64, 'm6-1': 1.02, 'm7-1': 26.66, 'm8-1': 5.5}",1.53,106.16300000000001,107.183,inf,135.129,135.129
243,T7,BESTEFFORT,COMPLETED,m4-1,25.168,"{'m1-1': 24.82, 'm2-1': 25.36, 'm3-1': 10.26, 'm4-1': 1.14, 'm5-1': 102.14, 'm6-1': 1.15, 'm7-1': 25.41, 'm8-1': 5.4}",1.71,104.94700000000006,106.08700000000006,inf,135.168,135.168
244,T3,BESTEFFORT,COMPLETED,m6-1,25.321,"{'m1-1': 26.36, 'm2-1': 26.94, 'm3-1': 10.76, 'm4-1': 1.12, 'm5-1': 100.96, 'm6-1': 1.11, 'm7-1': 26.35, 'm8-1': 5.5}",1.665,107.183,108.293,inf,135.321,135.321
245,T9,BESTEFFORT,COMPLETED,m4-1,25.558,"{'m1-1': 26.29, 'm2-1': 24.93, 'm3-1': 10.61, 'm4-1': 1.11, 'm5-1': 104.24, 'm6-1': 1.06, 'm7-1': 25.71, 'm8-1': 5.04}",1.665,106.08700000000006,107.19700000000006,inf,135.558,135.558
246,T9,BESTEFFORT,COMPLETED,m6-1,25.854,"{'m1-1': 25.74, 'm2-1': 24.77, 'm3-1': 10.54, 'm4-1': 1.2, 'm5-1': 109.95, 'm6-1': 1.07, 'm7-1': 24.65, 'm8-1': 4.85}",1.605,108.293,109.363,inf,135.85399999999998,135.85399999999998
247,T10,BESTEFFORT,COMPLETED,m1-1,25.972,"{'m1-1': 24.05, 'm2-1': 25.95, 'm3-1': 10.23, 'm4-1': 1.03, 'm5-1': 98.6, 'm6-1': 1.04, 'm7-1': 25.91, 'm8-1': 5.14}",36.075,87.61999999999999,111.66999999999999,inf,135.972,135.972
248,T8,BESTEFFORT,COMPLETED,m4-1,25.988,"{'m1-1': 25.95, 'm2-1': 25.44, 'm3-1': 11.49, 'm4-1': 1.1, 'm5-1': 112.4, 'm6-1': 1.07, 'm7-1': 25.19, 'm8-1': 4.8}",1.6500000000000001,107.19700000000006,108.29700000000005,inf,135.988,135.988
249,T2,BESTEFFORT,COMPLETED,m6-1,26.006,"{'m1-1': 25.31, 'm2-1': 26.21, 'm3-1': 9.76, 'm4-1': 1.08, 'm5-1': 100.76, 'm6-1': 0.99, 'm7-1': 24.91, 'm8-1': 5.56}",1.4849999999999999,109.363,110.353,inf,136.006,136.006
250,T5,BESTEFFORT,COMPLETED,m4-1,26.036,"{'m1-1': 25.04, 'm2-1': 24.21, 'm3-1': 10.0, 'm4-1': 1.04, 'm5-1': 106.27, 'm6-1': 1.03, 'm7-1': 29.24, 'm8-1': 4.87}",1.56,108.29700000000005,109.33700000000006,inf,136.036,136.036
251,T2,BESTEFFORT,COMPLETED,m6-1,26.177,"{'m1-1': 24.51, 'm2-1': 25.06, 'm3-1': 10.6, 'm4-1': 1.11, 'm5-1': 97.79, 'm6-1': 1.05, 'm7-1': 26.58, 'm8-1': 4.84}",1.5750000000000002,110.353,111.40299999999999,inf,136.177,136.177
252,T3,BESTEFFORT,COMPLETED,m8-1,26.182,"{'m1-1': 25.5, 'm2-1': 26.3, 'm3-1': 10.93, 'm4-1': 1.0, 'm5-1': 111.32, 'm6-1': 0.97, 'm7-1': 24.77, 'm8-1': 4.95}",7.425000000000001,107.34199999999998,112.29199999999999,inf,136.182,136.182
253,T6,BESTEFFORT,COMPLETED,m4-1,26.383,"{'m1-1': 25.47, 'm2-1': 28.28, 'm3-1': 11.31, 'm4-1': 1.05, 'm5-1': 107.49, 'm6-1': 1.07, 'm7-1': 23.99, 'm8-1': 5.12}",1.5750000000000002,109.33700000000006,110.38700000000006,inf,136.383,136.383
254,T8,BESTEFFORT,COMPLETED,m6-1,26.43,"{'m1-1': 25.58, 'm2-1': 29.36, 'm3-1': 10.34, 'm4-1': 1.09, 'm5-1': 102.27, 'm6-1': 1.09, 'm7-1': 27.32, 'm8-1': 4.91}",1.6350000000000002,111.40299999999999,112.493,inf,136.43,136.43
255,T7,BESTEFFORT,COMPLETED,m4-1,26.472,"{'m1-1': 27.85, 'm2-1': 26.74, 'm3-1': 9.6, 'm4-1': 1.1, 'm5-1': 104.83, 'm6-1': 1.01, 'm7-1': 25.41, 'm8-1': 5.57}",1.6500000000000001,110.38700000000006,111.48700000000005,inf,136.472,136.472
256,T7,BESTEFFORT,COMPLETED,m6-1,26.508,"{'m1-1': 23.99, 'm2-1': 26.32, 'm3-1': 10.78, 'm4-1': 0.99, 'm5-1': 102.68, 'm6-1': 1.03, 'm7-1': 26.37, 'm8-1': 5.52}",1.545,112.493,113.523,inf,136.508,136.508
257,T10,BESTEFFORT,COMPLETED,m4-1,26.547,"{'m1-1': 25.13, 'm2-1': 27.46, 'm3-1': 11.23, 'm4-1': 1.05, 'm5-1': 107.36, 'm6-1': 1.09, 'm7-1': 26.11, 'm8-1': 5.32}",1.5750000000000002,111.48700000000005,112.53700000000005,inf,136.547,136.547
258,T4,BESTEFFORT,COMPLETED,m3-1,26.576,"{'m1-1': 27.63, 'm2-1': 26.0, 'm3-1': 9.96, 'm4-1': 1.12, 'm5-1': 105.6, 'm6-1': 1.12, 'm7-1': 27.88, 'm8-1': 5.38}",14.940000000000001,102.18099999999998,112.14099999999999,inf,136.576,136.576
259,T8,BESTEFFORT,COMPLETED,m6-1,26.698,"{'m1-1': 25.67, 'm2-1': 28.92, 'm3-1': 10.12, 'm4-1': 1.1, 'm5-1': 103.1, 'm6-1': 1.04, 'm7-1': 26.83, 'm8-1': 5.36}",1.56,113.523,114.563,inf,136.698,136.698
260,T5,BESTEFFORT,COMPLETED,m4-1,26.709,"{'m1-1': 29.15, 'm2-1': 25.11, 'm3-1': 9.25, 'm4-1': 1.07, 'm5-1': 106.62, 'm6-1': 1.04, 'm7-1': 28.75, 'm8-1': 5.05}",1.605,112.53700000000005,113.60700000000004,inf,136.709,136.709
261,T9,BESTEFFORT,COMPLETED,m6-1,26.745,"{'m1-1': 25.22, 'm2-1': 28.3, 'm3-1': 10.44, 'm4-1': 1.06, 'm5-1': 103.96, 'm6-1': 1.01, 'm7-1': 24.68, 'm8-1': 5.07}",1.5150000000000001,114.563,115.57300000000001,inf,136.745,136.745
262,T2,BESTEFFORT,COMPLETED,m4-1,26.943,"{'m1-1': 28.35, 'm2-1': 25.77, 'm3-1': 10.75, 'm4-1': 1.09, 'm5-1': 109.52, 'm6-1': 1.1, 'm7-1': 25.94, 'm8-1': 4.86}",1.6350000000000002,113.60700000000004,114.69700000000005,inf,136.943,136.943
263,T9,BESTEFFORT,COMPLETED,m6-1,27.273,"{'m1-1': 26.04, 'm2-1': 24.77, 'm3-1': 9.35, 'm4-1': 1.03, 'm5-1': 95.65, 'm6-1': 1.06, 'm7-1': 25.08, 'm8-1': 4.9}",1.59,115.57300000000001,116.63300000000001,inf,137.273,137.273
264,T10,BESTEFFORT,COMPLETED,m8-1,27.675,"{'m1-1': 25.87, 'm2-1': 27.13, 'm3-1': 10.37, 'm4-1': 1.1, 'm5-1': 106.11, 'm6-1': 0.97, 'm7-1': 24.6, 'm8-1': 5.07}",7.605,112.29199999999999,117.362,inf,137.675,137.675
265,T4,BESTEFFORT,COMPLETED,m4-1,27.729,"{'m1-1': 24.72, 'm2-1': 26.2, 'm3-1': 9.86, 'm4-1': 1.06, 'm5-1': 104.41, 'm6-1': 1.12, 'm7-1': 26.08, 'm8-1': 5.66}",1.59,114.69700000000005,115.75700000000005,inf,137.72899999999998,137.72899999999998
266,T5,BESTEFFORT,COMPLETED,m6-1,27.741,"{'m1-1': 25.0, 'm2-1': 25.12, 'm3-1': 9.25, 'm4-1': 1.11, 'm5-1': 102.35, 'm6-1': 1.08, 'm7-1': 28.14, 'm8-1': 5.58}",1.62,116.63300000000001,117.71300000000001,inf,137.74099999999999,137.74099999999999
267,T3,BESTEFFORT,COMPLETED,m4-1,27.862,"{'m1-1': 27.38, 'm2-1': 28.08, 'm3-1': 11.15, 'm4-1': 1.12, 'm5-1': 105.33, 'm6-1': 1.0, 'm7-1': 26.37, 'm8-1': 5.45}",1.6800000000000002,115.75700000000005,116.87700000000005,inf,137.862,137.862
268,T5,BESTEFFORT,COMPLETED,m6-1,28.065,"{'m1-1': 27.19, 'm2-1': 25.1, 'm3-1': 10.1, 'm4-1': 1.03, 'm5-1': 93.84, 'm6-1': 1.0, 'm7-1': 26.58, 'm8-1': 5.23}",1.5,117.71300000000001,118.71300000000001,inf,138.065,138.065
269,T2,BESTEFFORT,COMPLETED,m4-1,28.071,"{'m1-1': 25.26, 'm2-1': 24.96, 'm3-1': 10.7, 'm4-1': 1.12, 'm5-1': 112.44, 'm6-1': 1.01, 'm7-1': 27.0, 'm8-1': 5.07}",1.6800000000000002,116.87700000000005,117.99700000000006,inf,138.071,138.071
270,T7,BESTEFFORT,COMPLETED,m6-1,28.105,"{'m1-1': 26.19, 'm2-1': 25.88, 'm3-1': 11.27, 'm4-1': 1.03, 'm5-1': 105.0, 'm6-1': 1.07, 'm7-1': 27.73, 'm8-1': 5.02}",1.605,118.71300000000001,119.783,inf,138.105,138.105
271,T3,BESTEFFORT,COMPLETED,m4-1,28.409,"{'m1-1': 25.44, 'm2-1': 26.36, 'm3-1': 11.77, 'm4-1': 1.13, 'm5-1': 109.51, 'm6-1': 1.07, 'm7-1': 26.8, 'm8-1': 5.55}",1.6949999999999998,117.99700000000006,119.12700000000005,inf,138.409,138.409
272,T3,BESTEFFORT,COMPLETED,m6-1,28.437,"{'m1-1': 24.84, 'm2-1': 27.35, 'm3-1': 11.42, 'm4-1': 1.12, 'm5-1': 103.41, 'm6-1': 1.04, 'm7-1': 26.16, 'm8-1': 5.66}",1.56,119.783,120.82300000000001,inf,138.437,138.437
273,T7,BESTEFFORT,COMPLETED,m8-1,28.58,"{'m1-1': 26.2, 'm2-1': 24.84, 'm3-1': 10.41, 'm4-1': 1.07, 'm5-1': 98.49, 'm6-1': 1.09, 'm7-1': 27.04, 'm8-1': 5.18}",7.77,117.362,122.542,inf,138.57999999999998,138.57999999999998
274,T5,BESTEFFORT,COMPLETED,m4-1,28.639,"{'m1-1': 25.6, 'm2-1': 27.61, 'm3-1': 10.12, 'm4-1': 1.13, 'm5-1': 97.06, 'm6-1': 1.08, 'm7-1': 27.61, 'm8-1': 5.29}",1.6949999999999998,119.12700000000005,120.25700000000005,inf,138.639,138.639
275,T5,BESTEFFORT,COMPLETED,m6-1,28.659,"{'m1-1': 28.22, 'm2-1': 24.74, 'm3-1': 10.37, 'm4-1': 1.08, 'm5-1': 105.14, 'm6-1': 1.04, 'm7-1': 26.04, 'm8-1': 5.6}",1.56,120.82300000000001,121.86300000000001,inf,138.659,138.659
276,T6,BESTEFFORT,COMPLETED,m4-1,28.711,"{'m1-1': 24.19, 'm2-1': 25.35, 'm3-1': 11.29, 'm4-1': 0.96, 'm5-1': 96.15, 'm6-1': 1.15, 'm7-1': 28.43, 'm8-1': 5.57}",1.44,120.25700000000005,121.21700000000004,inf,138.711,138.711
277,T2,BESTEFFORT,COMPLETED,m6-1,28.804,"{'m1-1': 27.83, 'm2-1': 25.32, 'm3-1': 11.13, 'm4-1': 1.11, 'm5-1': 99.6, 'm6-1': 1.01, 'm7-1': 23.83, 'm8-1': 5.3}",1.5150000000000001,121.86300000000001,122.87300000000002,inf,138.804,138.804
278,T7,BESTEFFORT,COMPLETED,m4-1,28.851,"{'m1-1': 27.79, 'm2-1': 27.63, 'm3-1': 10.7, 'm4-1': 1.16, 'm5-1': 104.2, 'm6-1': 1.12, 'm7-1': 26.41, 'm8-1': 5.43}",1.7399999999999998,121.21700000000004,122.37700000000004,inf,138.851,138.851
279,T1,BESTEFFORT,COMPLETED,m6-1,28.922,"{'m1-1': 25.2, 'm2-1': 25.87, 'm3-1': 10.12, 'm4-1': 1.11, 'm5-1': 103.6, 'm6-1': 1.03, 'm7-1': 24.48, 'm8-1': 5.37}",1.545,122.87300000000002,123.90300000000002,inf,138.922,138.922
280,T3,BESTEFFORT,COMPLETED,m3-1,29.043,"{'m1-1': 25.28, 'm2-1': 24.64, 'm3-1': 10.16, 'm4-1': 1.01, 'm5-1': 109.58, 'm6-1': 1.01, 'm7-1': 25.08, 'm8-1': 5.16}",15.24,112.14099999999999,122.30099999999999,inf,139.043,139.043
281,T10,BESTEFFORT,COMPLETED,m4-1,29.109,"{'m1-1': 24.59, 'm2-1': 26.81, 'm3-1': 10.08, 'm4-1': 1.02, 'm5-1': 104.41, 'm6-1': 1.01, 'm7-1': 24.43, 'm8-1': 5.6}",1.53,122.37700000000004,123.39700000000003,inf,139.109,139.109
282,T3,BESTEFFORT,COMPLETED,m6-1,29.154,"{'m1-1': 26.72, 'm2-1': 26.92, 'm3-1': 10.93, 'm4-1': 0.98, 'm5-1': 104.45, 'm6-1': 0.99, 'm7-1': 25.06, 'm8-1': 5.45}",1.4849999999999999,123.90300000000002,124.89300000000001,inf,139.154,139.154
283,T6,BESTEFFORT,COMPLETED,m4-1,29.278,"{'m1-1': 25.78, 'm2-1': 27.15, 'm3-1': 10.53, 'm4-1': 1.14, 'm5-1': 108.58, 'm6-1': 1.17, 'm7-1': 25.56, 'm8-1': 5.0}",1.71,123.39700000000003,124.53700000000003,inf,139.278,139.278
284,T8,BESTEFFORT,COMPLETED,m6-1,29.368,"{'m1-1': 26.75, 'm2-1': 26.27, 'm3-1': 11.3, 'm4-1': 1.08, 'm5-1': 109.56, 'm6-1': 1.04, 'm7-1': 25.8, 'm8-1': 5.02}",1.56,124.89300000000001,125.93300000000002,inf,139.368,139.368
285,T2,BESTEFFORT,COMPLETED,m7-1,29.536,"{'m1-1': 24.4, 'm2-1': 26.24, 'm3-1': 10.97, 'm4-1': 1.04, 'm5-1': 100.62, 'm6-1': 0.98, 'm7-1': 23.7, 'm8-1': 4.97}",35.55,102.972,126.672,inf,139.536,139.536
286,T9,BESTEFFORT,COMPLETED,m8-1,29.631,"{'m1-1': 28.36, 'm2-1': 27.01, 'm3-1': 9.36, 'm4-1': 1.08, 'm5-1': 103.07, 'm6-1': 0.94, 'm7-1': 28.05, 'm8-1': 4.84}",7.26,122.542,127.382,inf,139.631,139.631
287,T10,BESTEFFORT,COMPLETED,m4-1,29.848,"{'m1-1': 25.54, 'm2-1': 26.7, 'm3-1': 11.32, 'm4-1': 1.09, 'm5-1': 110.66, 'm6-1': 0.94, 'm7-1': 26.05, 'm8-1': 4.87}",1.6350000000000002,124.53700000000003,125.62700000000004,inf,139.848,139.848
288,T9,BESTEFFORT,COMPLETED,m6-1,29.93,"{'m1-1': 26.61, 'm2-1': 27.68, 'm3-1': 9.52, 'm4-1': 1.09, 'm5-1': 98.22, 'm6-1': 1.03, 'm7-1': 24.49, 'm8-1': 5.02}",1.545,125.93300000000002,126.96300000000002,inf,139.93,139.93
289,T10,BESTEFFORT,COMPLETED,m4-1,30.009,"{'m1-1': 23.2, 'm2-1': 23.44, 'm3-1': 10.26, 'm4-1': 0.98, 'm5-1': 98.67, 'm6-1': 0.96, 'm7-1': 26.57, 'm8-1': 5.16}",1.47,125.62700000000004,126.60700000000004,inf,140.00900000000001,140.00900000000001
290,T5,BESTEFFORT,COMPLETED,m5-1,30.025,"{'m1-1': 25.73, 'm2-1': 25.94, 'm3-1': 9.78, 'm4-1': 0.98, 'm5-1': 96.34, 'm6-1': 1.02, 'm7-1': 29.44, 'm8-1': 5.14}",144.51,30.025,126.36500000000001,inf,140.025,140.025
291,T7,BESTEFFORT,COMPLETED,m6-1,30.152,"{'m1-1': 25.91, 'm2-1': 27.62, 'm3-1': 9.62, 'm4-1': 1.0, 'm5-1': 110.63, 'm6-1': 1.12, 'm7-1': 27.03, 'm8-1': 5.4}",1.6800000000000002,126.96300000000002,128.08300000000003,inf,140.152,140.152
292,T1,BESTEFFORT,COMPLETED,m4-1,30.16,"{'m1-1': 27.01, 'm2-1': 24.97, 'm3-1': 9.93, 'm4-1': 1.06, 'm5-1': 101.52, 'm6-1': 0.98, 'm7-1': 23.39, 'm8-1': 4.87}",1.59,126.60700000000004,127.66700000000004,inf,140.16,140.16
293,T2,BESTEFFORT,COMPLETED,m6-1,30.163,"{'m1-1': 28.87, 'm2-1': 26.07, 'm3-1': 10.73, 'm4-1': 1.14, 'm5-1': 104.7, 'm6-1': 1.04, 'm7-1': 24.1, 'm8-1': 5.54}",1.56,128.08300000000003,129.12300000000002,inf,140.163,140.163
294,T2,BESTEFFORT,COMPLETED,m4-1,30.444,"{'m1-1': 28.88, 'm2-1': 25.14, 'm3-1': 10.86, 'm4-1': 1.1, 'm5-1': 111.46, 'm6-1': 1.08, 'm7-1': 25.04, 'm8-1': 5.32}",1.6500000000000001,127.66700000000004,128.76700000000005,inf,140.444,140.444
295,T9,BESTEFFORT,COMPLETED,m6-1,30.452,"{'m1-1': 27.18, 'm2-1': 25.68, 'm3-1': 10.05, 'm4-1': 1.14, 'm5-1': 106.34, 'm6-1': 0.98, 'm7-1': 27.68, 'm8-1': 5.06}",1.47,129.12300000000002,130.103,inf,140.452,140.452
296,T8,BESTEFFORT,COMPLETED,m6-1,30.483,"{'m1-1': 28.42, 'm2-1': 25.33, 'm3-1': 10.24, 'm4-1': 1.02, 'm5-1': 104.06, 'm6-1': 0.92, 'm7-1': 24.52, 'm8-1': 5.44}",1.3800000000000001,130.103,131.023,inf,140.483,140.483
297,T3,BESTEFFORT,COMPLETED,m4-1,30.853,"{'m1-1': 24.84, 'm2-1': 27.89, 'm3-1': 11.43, 'm4-1': 1.1, 'm5-1': 114.3, 'm6-1': 0.99, 'm7-1': 25.01, 'm8-1': 5.24}",1.6500000000000001,128.76700000000005,129.86700000000005,inf,140.853,140.853
298,T7,BESTEFFORT,COMPLETED,m6-1,30.88,"{'m1-1': 24.4, 'm2-1': 27.45, 'm3-1': 10.7, 'm4-1': 1.15, 'm5-1': 106.45, 'm6-1': 1.03, 'm7-1': 25.06, 'm8-1': 5.5}",1.545,131.023,132.053,inf,140.88,140.88
299,T8,BESTEFFORT,COMPLETED,m8-1,31.031,"{'m1-1': 27.85, 'm2-1': 25.96, 'm3-1': 10.57, 'm4-1': 1.15, 'm5-1': 97.79, 'm6-1': 1.0, 'm7-1': 26.62, 'm8-1': 5.16}",7.74,127.382,132.542,inf,141.031,141.031
300,T4,BESTEFFORT,COMPLETED,m2-1,31.118,"{'m1-1': 28.36, 'm2-1': 23.47, 'm3-1': 10.96, 'm4-1': 1.08, 'm5-1': 110.06, 'm6-1': 1.14, 'm7-1': 25.7, 'm8-1': 5.24}",35.205,113.40700000000001,136.877,inf,141.118,141.118
301,T6,BESTEFFORT,COMPLETED,m4-1,31.455,"{'m1-1': 26.0, 'm2-1': 25.9, 'm3-1': 10.91, 'm4-1': 1.1, 'm5-1': 106.46, 'm6-1': 1.08, 'm7-1': 25.73, 'm8-1': 5.04}",1.6500000000000001,129.86700000000005,130.96700000000004,inf,141.45499999999998,141.45499999999998
302,T10,BESTEFFORT,COMPLETED,m6-1,31.526,"{'m1-1': 25.53, 'm2-1': 25.33, 'm3-1': 10.39, 'm4-1': 0.94, 'm5-1': 109.75, 'm6-1': 1.03, 'm7-1': 24.23, 'm8-1': 5.66}",1.545,132.053,133.083,inf,141.526,141.526
303,T5,BESTEFFORT,COMPLETED,m4-1,31.749,"{'m1-1': 28.37, 'm2-1': 27.68, 'm3-1': 10.72, 'm4-1': 1.1, 'm5-1': 95.53, 'm6-1': 1.01, 'm7-1': 25.74, 'm8-1': 5.34}",1.6500000000000001,130.96700000000004,132.06700000000004,inf,141.749,141.749
304,T10,BESTEFFORT,COMPLETED,m6-1,31.76,"{'m1-1': 25.13, 'm2-1': 25.3, 'm3-1': 11.39, 'm4-1': 0.95, 'm5-1': 104.01, 'm6-1': 1.03, 'm7-1': 27.49, 'm8-1': 5.66}",1.545,133.083,134.113,inf,141.76,141.76
305,T10,BESTEFFORT,COMPLETED,m4-1,31.864,"{'m1-1': 26.61, 'm2-1': 24.08, 'm3-1': 11.3, 'm4-1': 0.99, 'm5-1': 97.26, 'm6-1': 0.94, 'm7-1': 25.76, 'm8-1': 5.13}",1.4849999999999999,132.06700000000004,133.05700000000004,inf,141.864,141.864
306,T7,BESTEFFORT,COMPLETED,m6-1,32.015,"{'m1-1': 27.3, 'm2-1': 24.44, 'm3-1': 9.66, 'm4-1': 1.0, 'm5-1': 116.16, 'm6-1': 1.05, 'm7-1': 24.67, 'm8-1': 5.4}",1.5750000000000002,134.113,135.163,inf,142.015,142.015
307,T5,BESTEFFORT,COMPLETED,m3-1,32.018,"{'m1-1': 27.18, 'm2-1': 25.89, 'm3-1': 10.53, 'm4-1': 1.07, 'm5-1': 98.12, 'm6-1': 1.11, 'm7-1': 25.56, 'm8-1': 5.5}",15.794999999999998,122.30099999999999,132.831,inf,142.018,142.018
308,T3,BESTEFFORT,COMPLETED,m1-1,32.05,"{'m1-1': 26.11, 'm2-1': 27.38, 'm3-1': 11.26, 'm4-1': 1.1, 'm5-1': 105.06, 'm6-1': 1.05, 'm7-1': 24.64, 'm8-1': 5.58}",39.165,111.66999999999999,137.77999999999997,inf,142.05,142.05
309,T8,BESTEFFORT,COMPLETED,m4-1,32.107,"{'m1-1': 26.97, 'm2-1': 26.18, 'm3-1': 11.21, 'm4-1': 1.0, 'm5-1': 105.06, 'm6-1': 1.02, 'm7-1': 23.89, 'm8-1': 5.32}",1.5,133.05700000000004,134.05700000000004,inf,142.107,142.107
310,T6,BESTEFFORT,COMPLETED,m4-1,32.25,"{'m1-1': 26.82, 'm2-1': 24.94, 'm3-1': 10.03, 'm4-1': 1.13, 'm5-1': 100.24, 'm6-1': 1.05, 'm7-1': 27.59, 'm8-1': 5.65}",1.6949999999999998,134.05700000000004,135.18700000000004,inf,142.25,142.25
311,T10,BESTEFFORT,COMPLETED,m6-1,32.482,"{'m1-1': 24.04, 'm2-1': 24.38, 'm3-1': 10.07, 'm4-1': 0.93, 'm5-1': 114.85, 'm6-1': 1.1, 'm7-1': 24.97, 'm8-1': 5.05}",1.6500000000000001,135.163,136.263,inf,142.482,142.482
312,T10,BESTEFFORT,COMPLETED,m8-1,32.508,"{'m1-1': 24.96, 'm2-1': 26.34, 'm3-1': 11.66, 'm4-1': 0.97, 'm5-1': 100.76, 'm6-1': 1.01, 'm7-1': 24.49, 'm8-1': 5.68}",8.52,132.542,138.222,inf,142.508,142.508
313,T10,BESTEFFORT,COMPLETED,m4-1,32.545,"{'m1-1': 23.34, 'm2-1': 26.02, 'm3-1': 10.68, 'm4-1': 1.09, 'm5-1': 107.32, 'm6-1': 1.1, 'm7-1': 24.71, 'm8-1': 5.01}",1.6350000000000002,135.18700000000004,136.27700000000004,inf,142.54500000000002,142.54500000000002
314,T9,BESTEFFORT,COMPLETED,m6-1,32.628,"{'m1-1': 25.24, 'm2-1': 27.73, 'm3-1': 10.14, 'm4-1': 1.13, 'm5-1': 102.98, 'm6-1': 1.08, 'm7-1': 28.25, 'm8-1': 5.1}",1.62,136.263,137.34300000000002,inf,142.628,142.628
315,T1,BESTEFFORT,COMPLETED,m6-1,32.714,"{'m1-1': 28.88, 'm2-1': 25.21, 'm3-1': 11.1, 'm4-1': 1.06, 'm5-1': 104.58, 'm6-1': 1.13, 'm7-1': 25.37, 'm8-1': 5.3}",1.6949999999999998,137.34300000000002,138.473,inf,142.714,142.714
316,T2,BESTEFFORT,COMPLETED,m4-1,32.869,"{'m1-1': 26.63, 'm2-1': 24.55, 'm3-1': 10.42, 'm4-1': 1.06, 'm5-1': 98.09, 'm6-1': 1.03, 'm7-1': 25.71, 'm8-1': 5.1}",1.59,136.27700000000004,137.33700000000005,inf,142.869,142.869
317,T3,BESTEFFORT,COMPLETED,m4-1,32.883,"{'m1-1': 26.45, 'm2-1': 24.9, 'm3-1': 10.38, 'm4-1': 1.12, 'm5-1': 105.34, 'm6-1': 1.06, 'm7-1': 27.79, 'm8-1': 5.47}",1.6800000000000002,137.33700000000005,138.45700000000005,inf,142.883,142.883
318,T4,BESTEFFORT,COMPLETED,m6-1,32.974,"{'m1-1': 26.35, 'm2-1': 27.18, 'm3-1': 10.17, 'm4-1': 1.04, 'm5-1': 113.41, 'm6-1': 1.08, 'm7-1': 24.09, 'm8-1': 5.55}",1.62,138.473,139.55300000000003,inf,142.974,142.974
319,T2,BESTEFFORT,COMPLETED,m6-1,32.983,"{'m1-1': 27.66, 'm2-1': 25.49, 'm3-1': 9.77, 'm4-1': 1.15, 'm5-1': 100.16, 'm6-1': 1.14, 'm7-1': 26.43, 'm8-1': 5.49}",1.71,139.55300000000003,140.693,inf,142.983,142.983
320,T3,BESTEFFORT,COMPLETED,m4-1,33.203,"{'m1-1': 27.16, 'm2-1': 26.34, 'm3-1': 10.97, 'm4-1': 0.99, 'm5-1': 111.91, 'm6-1': 1.1, 'm7-1': 25.26, 'm8-1': 5.73}",1.4849999999999999,138.45700000000005,139.44700000000006,inf,143.203,143.203
321,T4,BESTEFFORT,COMPLETED,m4-1,33.21,"{'m1-1': 27.28, 'm2-1': 25.96, 'm3-1': 9.65, 'm4-1': 1.1, 'm5-1': 98.79, 'm6-1': 1.0, 'm7-1': 25.26, 'm8-1': 4.99}",1.6500000000000001,139.44700000000006,140.54700000000005,inf,143.21,143.21
322,T4,BESTEFFORT,COMPLETED,m6-1,33.36,"{'m1-1': 27.27, 'm2-1': 23.27, 'm3-1': 9.93, 'm4-1': 1.08, 'm5-1': 99.29, 'm6-1': 1.13, 'm7-1': 28.09, 'm8-1': 5.66}",1.6949999999999998,140.693,141.823,inf,143.36,143.36
323,T9,BESTEFFORT,MISSED,m8-1,33.544,"{'m1-1': 24.97, 'm2-1': 24.73, 'm3-1': 9.6, 'm4-1': 1.01, 'm5-1': 109.06, 'm6-1': 1.09, 'm7-1': 25.02, 'm8-1': 5.48}",7.9829999999999615,138.222,inf,143.54399999999998,143.54399999999998,143.54399999999998
324,T8,BESTEFFORT,COMPLETED,m6-1,33.635,"{'m1-1': 28.22, 'm2-1': 28.44, 'm3-1': 11.09, 'm4-1': 1.1, 'm5-1': 107.09, 'm6-1': 1.08, 'm7-1': 27.55, 'm8-1': 5.45}",1.62,141.823,142.90300000000002,inf,143.635,143.635
325,T2,BESTEFFORT,COMPLETED,m4-1,33.64,"{'m1-1': 27.84, 'm2-1': 26.92, 'm3-1': 10.7, 'm4-1': 1.13, 'm5-1': 103.94, 'm6-1': 1.0, 'm7-1': 26.24, 'm8-1': 5.58}",1.6949999999999998,140.54700000000005,141.67700000000005,inf,143.64,143.64
326,T7,BESTEFFORT,COMPLETED,m4-1,33.727,"{'m1-1': 27.28, 'm2-1': 24.03, 'm3-1': 10.41, 'm4-1': 0.99, 'm5-1': 114.72, 'm6-1': 1.15, 'm7-1': 24.59, 'm8-1': 4.99}",1.4849999999999999,141.67700000000005,142.66700000000006,inf,143.727,143.727
327,T4,BESTEFFORT,MISSED,m6-1,33.782,"{'m1-1': 27.98, 'm2-1': 26.41, 'm3-1': 11.02, 'm4-1': 1.05, 'm5-1': 99.7, 'm6-1': 1.1, 'm7-1': 26.52, 'm8-1': 5.18}",1.3184999999999434,142.90300000000002,inf,143.78199999999998,143.78199999999998,143.78199999999998
328,T8,BESTEFFORT,COMPLETED,m4-1,34.128,"{'m1-1': 26.01, 'm2-1': 27.44, 'm3-1': 10.7, 'm4-1': 1.03, 'm5-1': 99.21, 'm6-1': 1.03, 'm7-1': 25.35, 'm8-1': 5.28}",1.545,142.66700000000006,143.69700000000006,inf,144.128,144.128
329,T5,BESTEFFORT,MISSED,m6-1,34.133,"{'m1-1': 26.07, 'm2-1': 23.65, 'm3-1': 9.71, 'm4-1': 1.02, 'm5-1': 95.17, 'm6-1': 1.08, 'm7-1': 28.96, 'm8-1': 5.4}",0.5265000000000413,143.78199999999998,inf,144.133,144.133,144.133
330,T7,BESTEFFORT,COMPLETED,m3-1,34.189,"{'m1-1': 25.32, 'm2-1': 25.18, 'm3-1': 10.34, 'm4-1': 0.98, 'm5-1': 101.3, 'm6-1': 1.15, 'm7-1': 25.35, 'm8-1': 4.96}",15.51,132.831,143.171,inf,144.189,144.189
331,T4,BESTEFFORT,MISSED,m4-1,34.491,"{'m1-1': 26.84, 'm2-1': 27.12, 'm3-1': 10.43, 'm4-1': 1.11, 'm5-1': 104.6, 'm6-1': 1.02, 'm7-1': 28.44, 'm8-1': 5.11}",1.1909999999998888,143.69700000000006,inf,144.49099999999999,144.49099999999999,144.49099999999999
332,T7,BESTEFFORT,MISSED,m6-1,34.801,"{'m1-1': 24.18, 'm2-1': 27.61, 'm3-1': 10.73, 'm4-1': 1.09, 'm5-1': 114.04, 'm6-1': 1.03, 'm7-1': 23.96, 'm8-1': 5.24}",1.001999999999967,144.133,inf,144.801,144.801,144.801
333,T4,BESTEFFORT,MISSED,m4-1,34.83,"{'m1-1': 27.16, 'm2-1': 24.46, 'm3-1': 10.12, 'm4-1': 0.97, 'm5-1': 104.4, 'm6-1': 1.15, 'm7-1': 27.44, 'm8-1': 5.0}",0.508499999999998,144.49099999999999,inf,144.82999999999998,144.82999999999998,144.82999999999998
334,T2,BESTEFFORT,MISSED,m6-1,35.021,"{'m1-1': 24.5, 'm2-1': 27.81, 'm3-1': 11.02, 'm4-1': 0.99, 'm5-1': 104.32, 'm6-1': 1.09, 'm7-1': 25.29, 'm8-1': 5.13}",0.3300000000000409,144.801,inf,145.02100000000002,145.02100000000002,145.02100000000002
335,T9,BESTEFFORT,MISSED,m8-1,35.161,"{'m1-1': 27.0, 'm2-1': 26.0, 'm3-1': 10.58, 'm4-1': 1.19, 'm5-1': 98.01, 'm6-1': 1.08, 'm7-1': 27.16, 'm8-1': 4.78}",2.425500000000028,143.54399999999998,inf,145.161,145.161,145.161
336,T9,BESTEFFORT,MISSED,m4-1,35.195,"{'m1-1': 24.52, 'm2-1': 27.64, 'm3-1': 10.3, 'm4-1': 1.01, 'm5-1': 108.01, 'm6-1': 1.1, 'm7-1': 25.96, 'm8-1': 5.44}",0.5475000000000136,144.82999999999998,inf,145.195,145.195,145.195
337,T10,BESTEFFORT,MISSED,m6-1,35.337,"{'m1-1': 23.31, 'm2-1': 24.45, 'm3-1': 10.22, 'm4-1': 1.07, 'm5-1': 107.89, 'm6-1': 0.96, 'm7-1': 25.68, 'm8-1': 5.34}",0.4739999999999611,145.02100000000002,inf,145.337,145.337,145.337
338,T2,BESTEFFORT,MISSED,m4-1,35.508,"{'m1-1': 26.91, 'm2-1': 24.38, 'm3-1': 10.09, 'm4-1': 0.99, 'm5-1': 107.94, 'm6-1': 1.14, 'm7-1': 24.26, 'm8-1': 5.25}",0.4695000000000249,145.195,inf,145.508,145.508,145.508
339,T4,BESTEFFORT,MISSED,m6-1,35.576,"{'m1-1': 24.7, 'm2-1': 26.36, 'm3-1': 9.96, 'm4-1': 1.08, 'm5-1': 108.28, 'm6-1': 1.03, 'm7-1': 26.33, 'm8-1': 5.13}",0.3585000000000065,145.337,inf,145.576,145.576,145.576
340,T7,BESTEFFORT,MISSED,m4-1,35.78,"{'m1-1': 23.9, 'm2-1': 23.57, 'm3-1': 9.55, 'm4-1': 1.02, 'm5-1': 107.02, 'm6-1': 1.18, 'm7-1': 25.5, 'm8-1': 4.94}",0.40799999999998704,145.508,inf,145.78,145.78,145.78
341,T7,BESTEFFORT,MISSED,m6-1,35.998,"{'m1-1': 27.33, 'm2-1': 25.83, 'm3-1': 10.01, 'm4-1': 1.02, 'm5-1': 109.07, 'm6-1': 1.18, 'm7-1': 27.47, 'm8-1': 5.21}",0.6329999999999956,145.576,inf,145.998,145.998,145.998
342,T4,BESTEFFORT,MISSED,m4-1,36.024,"{'m1-1': 25.64, 'm2-1': 24.55, 'm3-1': 9.63, 'm4-1': 0.95, 'm5-1': 112.98, 'm6-1': 1.04, 'm7-1': 25.71, 'm8-1': 5.36}",0.36599999999999966,145.78,inf,146.024,146.024,146.024
343,T8,BESTEFFORT,MISSED,m6-1,36.2,"{'m1-1': 27.18, 'm2-1': 28.38, 'm3-1': 10.05, 'm4-1': 1.07, 'm5-1': 99.66, 'm6-1': 1.02, 'm7-1': 27.87, 'm8-1': 5.07}",0.30299999999999727,145.998,inf,146.2,146.2,146.2
344,T10,BESTEFFORT,MISSED,m4-1,36.276,"{'m1-1': 22.93, 'm2-1': 26.81, 'm3-1': 10.8, 'm4-1': 0.93, 'm5-1': 100.17, 'm6-1': 1.07, 'm7-1': 27.06, 'm8-1': 5.62}",0.3780000000000143,146.024,inf,146.276,146.276,146.276
345,T5,BESTEFFORT,MISSED,m6-1,36.562,"{'m1-1': 26.58, 'm2-1': 25.14, 'm3-1': 10.21, 'm4-1': 1.01, 'm5-1': 110.0, 'm6-1': 1.06, 'm7-1': 25.55, 'm8-1': 5.28}",0.5430000000000348,146.2,inf,146.562,146.562,146.562
346,T6,BESTEFFORT,MISSED,m4-1,36.591,"{'m1-1': 27.26, 'm2-1': 26.0, 'm3-1': 10.81, 'm4-1': 1.05, 'm5-1': 106.66, 'm6-1': 1.1, 'm7-1': 24.42, 'm8-1': 5.32}",0.4724999999999966,146.276,inf,146.591,146.591,146.591
347,T5,BESTEFFORT,MISSED,m6-1,36.62,"{'m1-1': 24.89, 'm2-1': 24.58, 'm3-1': 10.06, 'm4-1': 1.02, 'm5-1': 97.85, 'm6-1': 1.01, 'm7-1': 27.46, 'm8-1': 4.96}",0.08699999999998909,146.562,inf,146.62,146.62,146.62
348,T7,BESTEFFORT,MISSED,m6-1,36.699,"{'m1-1': 24.05, 'm2-1': 26.87, 'm3-1': 10.79, 'm4-1': 1.14, 'm5-1': 101.09, 'm6-1': 1.04, 'm7-1': 24.76, 'm8-1': 5.17}",0.1185000000000116,146.62,inf,146.699,146.699,146.699
349,T8,BESTEFFORT,MISSED,m6-1,36.835,"{'m1-1': 26.35, 'm2-1': 25.38, 'm3-1': 10.46, 'm4-1': 1.06, 'm5-1': 95.86, 'm6-1': 1.01, 'm7-1': 24.12, 'm8-1': 4.94}",0.20399999999999352,146.699,inf,146.835,146.835,146.835
350,T8,BESTEFFORT,MISSED,m4-1,36.856,"{'m1-1': 26.6, 'm2-1': 27.64, 'm3-1': 11.21, 'm4-1': 1.02, 'm5-1': 107.09, 'm6-1': 1.03, 'm7-1': 27.43, 'm8-1': 4.88}",0.39749999999997954,146.591,inf,146.856,146.856,146.856
351,T9,BESTEFFORT,MISSED,m6-1,36.897,"{'m1-1': 25.59, 'm2-1': 24.87, 'm3-1': 9.38, 'm4-1': 1.18, 'm5-1': 110.22, 'm6-1': 1.01, 'm7-1': 27.18, 'm8-1': 4.96}",0.0929999999999751,146.835,inf,146.897,146.897,146.897
352,T2,BESTEFFORT,MISSED,m4-1,36.902,"{'m1-1': 25.2, 'm2-1': 23.59, 'm3-1': 10.43, 'm4-1': 1.12, 'm5-1': 109.89, 'm6-1': 1.09, 'm7-1': 24.09, 'm8-1': 5.18}",0.0689999999999884,146.856,inf,146.902,146.902,146.902
353,T9,BESTEFFORT,MISSED,m6-1,37.013,"{'m1-1': 26.66, 'm2-1': 26.12, 'm3-1': 9.38, 'm4-1': 1.08, 'm5-1': 97.12, 'm6-1': 1.05, 'm7-1': 25.41, 'm8-1': 4.98}",0.1740000000000208,146.897,inf,147.013,147.013,147.013
354,T9,BESTEFFORT,MISSED,m6-1,37.09,"{'m1-1': 28.17, 'm2-1': 28.02, 'm3-1': 9.26, 'm4-1': 1.01, 'm5-1': 104.75, 'm6-1': 1.05, 'm7-1': 27.95, 'm8-1': 4.89}",0.11549999999999727,147.013,inf,147.09,147.09,147.09
355,T1,BESTEFFORT,MISSED,m4-1,37.202,"{'m1-1': 25.55, 'm2-1': 27.78, 'm3-1': 11.25, 'm4-1': 0.98, 'm5-1': 111.28, 'm6-1': 1.12, 'm7-1': 24.04, 'm8-1': 4.93}",0.45000000000001705,146.902,inf,147.202,147.202,147.202
356,T5,BESTEFFORT,MISSED,m6-1,37.306,"{'m1-1': 27.72, 'm2-1': 25.44, 'm3-1': 9.29, 'm4-1': 1.0, 'm5-1': 107.4, 'm6-1': 1.14, 'm7-1': 27.76, 'm8-1': 5.11}",0.32399999999996965,147.09,inf,147.30599999999998,147.30599999999998,147.30599999999998
357,T6,BESTEFFORT,MISSED,m4-1,37.424,"{'m1-1': 23.64, 'm2-1': 29.02, 'm3-1': 10.86, 'm4-1': 1.13, 'm5-1': 104.7, 'm6-1': 1.17, 'm7-1': 26.56, 'm8-1': 5.72}",0.3330000000000126,147.202,inf,147.424,147.424,147.424
358,T10,BESTEFFORT,MISSED,m6-1,37.438,"{'m1-1': 24.87, 'm2-1': 25.46, 'm3-1': 10.14, 'm4-1': 0.98, 'm5-1': 98.46, 'm6-1': 0.99, 'm7-1': 24.93, 'm8-1': 5.68}",0.1980000000000075,147.30599999999998,inf,147.438,147.438,147.438
359,T9,BESTEFFORT,MISSED,m6-1,37.68,"{'m1-1': 26.96, 'm2-1': 25.08, 'm3-1': 9.24, 'm4-1': 1.06, 'm5-1': 105.48, 'm6-1': 1.07, 'm7-1': 25.26, 'm8-1': 5.16}",0.36300000000002797,147.438,inf,147.68,147.68,147.68
360,T8,BESTEFFORT,MISSED,m4-1,37.809,"{'m1-1': 27.79, 'm2-1': 25.9, 'm3-1': 10.27, 'm4-1': 1.1, 'm5-1': 100.38, 'm6-1': 0.92, 'm7-1': 27.22, 'm8-1': 4.74}",0.5774999999999864,147.424,inf,147.809,147.809,147.809
361,T7,BESTEFFORT,MISSED,m6-1,37.904,"{'m1-1': 24.03, 'm2-1': 26.65, 'm3-1': 11.26, 'm4-1': 1.15, 'm5-1': 99.97, 'm6-1': 1.1, 'm7-1': 24.59, 'm8-1': 4.86}",0.3359999999999843,147.68,inf,147.904,147.904,147.904
362,T7,BESTEFFORT,MISSED,m4-1,37.923,"{'m1-1': 26.5, 'm2-1': 27.77, 'm3-1': 9.88, 'm4-1': 1.01, 'm5-1': 109.27, 'm6-1': 1.04, 'm7-1': 23.65, 'm8-1': 5.5}",0.17100000000000648,147.809,inf,147.923,147.923,147.923
363,T10,BESTEFFORT,MISSED,m6-1,37.944,"{'m1-1': 25.09, 'm2-1': 25.57, 'm3-1': 10.29, 'm4-1': 0.97, 'm5-1': 112.28, 'm6-1': 1.0, 'm7-1': 23.96, 'm8-1': 4.93}",0.060000000000030695,147.904,inf,147.94400000000002,147.94400000000002,147.94400000000002
364,T8,BESTEFFORT,MISSED,m6-1,37.996,"{'m1-1': 26.74, 'm2-1': 25.81, 'm3-1': 11.03, 'm4-1': 1.04, 'm5-1': 98.94, 'm6-1': 1.06, 'm7-1': 25.63, 'm8-1': 5.45}",0.07799999999998875,147.94400000000002,inf,147.996,147.996,147.996
365,T2,BESTEFFORT,MISSED,m4-1,38.327,"{'m1-1': 27.84, 'm2-1': 24.13, 'm3-1': 10.02, 'm4-1': 1.16, 'm5-1': 105.74, 'm6-1': 1.06, 'm7-1': 24.85, 'm8-1': 5.3}",0.6059999999999945,147.923,inf,148.327,148.327,148.327
366,T7,BESTEFFORT,MISSED,m6-1,38.395,"{'m1-1': 25.68, 'm2-1': 26.46, 'm3-1': 10.79, 'm4-1': 1.13, 'm5-1': 115.61, 'm6-1': 1.06, 'm7-1': 24.2, 'm8-1': 5.47}",0.5985000000000014,147.996,inf,148.395,148.395,148.395
367,T5,BESTEFFORT,MISSED,m4-1,38.404,"{'m1-1': 28.61, 'm2-1': 26.13, 'm3-1': 10.55, 'm4-1': 1.0, 'm5-1': 103.78, 'm6-1': 0.98, 'm7-1': 29.37, 'm8-1': 5.36}",0.11549999999999727,148.327,inf,148.404,148.404,148.404
368,T1,BESTEFFORT,MISSED,m7-1,38.499,"{'m1-1': 25.04, 'm2-1': 26.38, 'm3-1': 10.12, 'm4-1': 1.08, 'm5-1': 116.86, 'm6-1': 1.08, 'm7-1': 23.52, 'm8-1': 4.68}",32.7405,126.672,inf,148.499,148.499,148.499
369,T7,BESTEFFORT,MISSED,m4-1,38.515,"{'m1-1': 27.94, 'm2-1': 27.15, 'm3-1': 10.33, 'm4-1': 1.05, 'm5-1': 111.46, 'm6-1': 1.13, 'm7-1': 26.36, 'm8-1': 5.25}",0.166499999999985,148.404,inf,148.515,148.515,148.515
370,T8,BESTEFFORT,MISSED,m6-1,38.587,"{'m1-1': 26.83, 'm2-1': 29.02, 'm3-1': 9.92, 'm4-1': 1.06, 'm5-1': 105.96, 'm6-1': 1.08, 'm7-1': 27.56, 'm8-1': 5.0}",0.2879999999999683,148.395,inf,148.587,148.587,148.587
371,T2,BESTEFFORT,MISSED,m8-1,38.667,"{'m1-1': 27.28, 'm2-1': 25.99, 'm3-1': 9.85, 'm4-1': 1.1, 'm5-1': 110.38, 'm6-1': 1.05, 'm7-1': 24.66, 'm8-1': 5.6}",5.259,145.161,inf,148.667,148.667,148.667
372,T1,BESTEFFORT,MISSED,m4-1,38.901,"{'m1-1': 27.04, 'm2-1': 27.96, 'm3-1': 10.84, 'm4-1': 1.09, 'm5-1': 111.94, 'm6-1': 1.15, 'm7-1': 26.29, 'm8-1': 4.8}",0.5790000000000362,148.515,inf,148.901,148.901,148.901
373,T8,BESTEFFORT,MISSED,m6-1,39.113,"{'m1-1': 24.5, 'm2-1': 25.03, 'm3-1': 11.22, 'm4-1': 1.18, 'm5-1': 102.5, 'm6-1': 0.98, 'm7-1': 26.2, 'm8-1': 5.07}",0.7890000000000157,148.587,inf,149.113,149.113,149.113
374,T1,BESTEFFORT,MISSED,m4-1,39.213,"{'m1-1': 25.57, 'm2-1': 26.54, 'm3-1': 10.49, 'm4-1': 1.12, 'm5-1': 101.96, 'm6-1': 1.08, 'm7-1': 24.35, 'm8-1': 4.86}",0.4679999999999751,148.901,inf,149.213,149.213,149.213
375,T1,BESTEFFORT,MISSED,m6-1,39.321,"{'m1-1': 25.8, 'm2-1': 26.13, 'm3-1': 11.2, 'm4-1': 0.99, 'm5-1': 110.64, 'm6-1': 1.07, 'm7-1': 25.67, 'm8-1': 5.16}",0.3119999999999976,149.113,inf,149.321,149.321,149.321
376,T10,BESTEFFORT,MISSED,m4-1,39.378,"{'m1-1': 23.2, 'm2-1': 24.92, 'm3-1': 10.6, 'm4-1': 0.99, 'm5-1': 102.89, 'm6-1': 1.08, 'm7-1': 23.5, 'm8-1': 5.39}",0.24749999999998806,149.213,inf,149.378,149.378,149.378
377,T5,BESTEFFORT,MISSED,m6-1,39.393,"{'m1-1': 25.7, 'm2-1': 23.62, 'm3-1': 9.44, 'm4-1': 1.04, 'm5-1': 96.87, 'm6-1': 0.98, 'm7-1': 28.32, 'm8-1': 4.89}",0.10800000000000409,149.321,inf,149.393,149.393,149.393
378,T1,BESTEFFORT,MISSED,m6-1,39.526,"{'m1-1': 24.65, 'm2-1': 26.78, 'm3-1': 10.13, 'm4-1': 1.15, 'm5-1': 112.78, 'm6-1': 1.0, 'm7-1': 23.62, 'm8-1': 4.77}",0.19950000000001467,149.393,inf,149.526,149.526,149.526
379,T8,BESTEFFORT,MISSED,m4-1,39.619,"{'m1-1': 24.55, 'm2-1': 25.13, 'm3-1': 11.68, 'm4-1': 1.17, 'm5-1': 112.34, 'm6-1': 0.97, 'm7-1': 26.62, 'm8-1': 4.99}",0.3615000000000208,149.378,inf,149.619,149.619,149.619
380,T9,BESTEFFORT,MISSED,m6-1,39.636,"{'m1-1': 27.33, 'm2-1': 24.94, 'm3-1': 9.63, 'm4-1': 1.18, 'm5-1': 105.42, 'm6-1': 1.1, 'm7-1': 25.82, 'm8-1': 5.04}",0.16499999999997783,149.526,inf,149.636,149.636,149.636
381,T3,BESTEFFORT,MISSED,m6-1,39.688,"{'m1-1': 25.18, 'm2-1': 26.86, 'm3-1': 11.03, 'm4-1': 0.98, 'm5-1': 114.59, 'm6-1': 1.1, 'm7-1': 28.34, 'm8-1': 4.86}",0.07799999999998875,149.636,inf,149.688,149.688,149.688
382,T10,BESTEFFORT,MISSED,m4-1,39.697,"{'m1-1': 24.47, 'm2-1': 25.7, 'm3-1': 10.1, 'm4-1': 0.94, 'm5-1': 102.67, 'm6-1': 1.05, 'm7-1': 23.5, 'm8-1': 5.18}",0.11700000000000443,149.619,inf,149.697,149.697,149.697
383,T6,BESTEFFORT,MISSED,m4-1,39.737,"{'m1-1': 27.74, 'm2-1': 27.28, 'm3-1': 10.41, 'm4-1': 1.0, 'm5-1': 97.56, 'm6-1': 1.0, 'm7-1': 27.19, 'm8-1': 5.86}",0.05999999999998806,149.697,inf,149.737,149.737,149.737
384,T5,BESTEFFORT,MISSED,m4-1,39.737,"{'m1-1': 29.32, 'm2-1': 24.75, 'm3-1': 9.59, 'm4-1': 0.99, 'm5-1': 109.13, 'm6-1': 0.99, 'm7-1': 27.62, 'm8-1': 5.62}",0.0,149.737,inf,149.737,149.737,149.737
385,T1,BESTEFFORT,MISSED,m4-1,39.749,"{'m1-1': 24.69, 'm2-1': 23.88, 'm3-1': 10.34, 'm4-1': 1.08, 'm5-1': 116.37, 'm6-1': 1.06, 'm7-1': 24.1, 'm8-1': 5.54}",0.018000000000000682,149.737,inf,149.749,149.749,149.749
386,T4,BESTEFFORT,MISSED,m4-1,39.754,"{'m1-1': 28.77, 'm2-1': 25.88, 'm3-1': 10.72, 'm4-1': 1.1, 'm5-1': 105.6, 'm6-1': 1.11, 'm7-1': 24.52, 'm8-1': 5.77}",0.007499999999993179,149.749,inf,149.754,149.754,149.754
387,T2,BESTEFFORT,MISSED,m6-1,39.786,"{'m1-1': 28.05, 'm2-1': 26.08, 'm3-1': 10.46, 'm4-1': 1.03, 'm5-1': 105.88, 'm6-1': 1.09, 'm7-1': 23.41, 'm8-1': 5.03}",0.14700000000001978,149.688,inf,149.786,149.786,149.786
388,T3,BESTEFFORT,MISSED,m4-1,39.837,"{'m1-1': 25.93, 'm2-1': 26.06, 'm3-1': 10.82, 'm4-1': 1.11, 'm5-1': 104.58, 'm6-1': 1.08, 'm7-1': 25.22, 'm8-1': 4.85}",0.12449999999999761,149.754,inf,149.837,149.837,149.837
389,T8,BESTEFFORT,MISSED,m6-1,39.856,"{'m1-1': 28.54, 'm2-1': 27.32, 'm3-1': 11.2, 'm4-1': 1.01, 'm5-1': 98.47, 'm6-1': 0.96, 'm7-1': 23.59, 'm8-1': 5.06}",0.10499999999998977,149.786,inf,149.856,149.856,149.856
390,T7,BESTEFFORT,MISSED,m6-1,39.893,"{'m1-1': 25.99, 'm2-1': 27.34, 'm3-1': 10.78, 'm4-1': 1.14, 'm5-1': 101.37, 'm6-1': 1.18, 'm7-1': 25.05, 'm8-1': 5.14}",0.05550000000000921,149.856,inf,149.893,149.893,149.893
391,T8,BESTEFFORT,MISSED,m6-1,39.977,"{'m1-1': 24.9, 'm2-1': 27.4, 'm3-1': 11.24, 'm4-1': 1.15, 'm5-1': 98.69, 'm6-1': 0.93, 'm7-1': 25.89, 'm8-1': 5.38}",0.12600000000000477,149.893,inf,149.977,149.977,149.977
392,T2,BESTEFFORT,MISSED,m4-1,39.979,"{'m1-1': 28.14, 'm2-1': 26.35, 'm3-1': 10.34, 'm4-1': 1.05, 'm5-1': 101.18, 'm6-1': 1.05, 'm7-1': 26.85, 'm8-1': 4.97}",0.21299999999999386,149.837,inf,149.97899999999998,149.97899999999998,149.97899999999998
393,T9,BESTEFFORT,MISSED,m6-1,40.042,"{'m1-1': 24.25, 'm2-1': 24.26, 'm3-1': 9.35, 'm4-1': 1.06, 'm5-1': 109.24, 'm6-1': 1.05, 'm7-1': 26.56, 'm8-1': 4.96}",0.09749999999999659,149.977,inf,150.042,150.042,150.042
394,T9,BESTEFFORT,MISSED,m4-1,40.163,"{'m1-1': 28.27, 'm2-1': 27.0, 'm3-1': 10.32, 'm4-1': 1.03, 'm5-1': 105.52, 'm6-1': 0.97, 'm7-1': 26.99, 'm8-1': 4.75}",0.2760000000000389,149.97899999999998,inf,150.163,150.163,150.163
395,T7,BESTEFFORT,MISSED,m6-1,40.31,"{'m1-1': 25.17, 'm2-1': 23.35, 'm3-1': 9.58, 'm4-1': 1.01, 'm5-1': 98.75, 'm6-1': 1.17, 'm7-1': 27.77, 'm8-1': 5.02}",0.402000000000001,150.042,inf,150.31,150.31,150.31
396,T6,BESTEFFORT,MISSED,m4-1,40.567,"{'m1-1': 27.78, 'm2-1': 26.14, 'm3-1': 11.62, 'm4-1': 1.02, 'm5-1': 99.7, 'm6-1': 1.06, 'm7-1': 26.61, 'm8-1': 5.55}",0.6059999999999945,150.163,inf,150.567,150.567,150.567
397,T1,BESTEFFORT,MISSED,m6-1,40.615,"{'m1-1': 26.82, 'm2-1': 27.04, 'm3-1': 10.77, 'm4-1': 1.04, 'm5-1': 104.03, 'm6-1': 1.04, 'm7-1': 24.89, 'm8-1': 4.96}",0.45750000000001023,150.31,inf,150.615,150.615,150.615
398,T6,BESTEFFORT,MISSED,m4-1,40.667,"{'m1-1': 26.12, 'm2-1': 28.09, 'm3-1': 11.51, 'm4-1': 1.07, 'm5-1': 96.56, 'm6-1': 1.01, 'm7-1': 26.7, 'm8-1': 5.88}",0.14999999999999147,150.567,inf,150.667,150.667,150.667
399,T7,BESTEFFORT,MISSED,m6-1,40.722,"{'m1-1': 24.99, 'm2-1': 24.43, 'm3-1': 11.11, 'm4-1': 1.02, 'm5-1': 103.32, 'm6-1': 1.03, 'm7-1': 27.45, 'm8-1': 5.07}",0.16049999999999898,150.615,inf,150.722,150.722,150.722
400,T3,BESTEFFORT,MISSED,m6-1,40.793,"{'m1-1': 24.94, 'm2-1': 28.47, 'm3-1': 11.11, 'm4-1': 1.04, 'm5-1': 114.49, 'm6-1': 0.96, 'm7-1': 25.44, 'm8-1': 5.23}",0.10649999999999693,150.722,inf,150.793,150.793,150.793
401,T8,BESTEFFORT,MISSED,m4-1,40.892,"{'m1-1': 27.25, 'm2-1': 26.52, 'm3-1': 10.02, 'm4-1': 1.18, 'm5-1': 97.19, 'm6-1': 0.92, 'm7-1': 26.26, 'm8-1': 4.82}",0.3374999999999915,150.667,inf,150.892,150.892,150.892
402,T1,BESTEFFORT,MISSED,m6-1,40.912,"{'m1-1': 24.63, 'm2-1': 27.17, 'm3-1': 10.55, 'm4-1': 1.09, 'm5-1': 100.9, 'm6-1': 1.14, 'm7-1': 24.29, 'm8-1': 4.68}",0.17849999999999966,150.793,inf,150.912,150.912,150.912
403,T7,BESTEFFORT,MISSED,m4-1,40.935,"{'m1-1': 27.92, 'm2-1': 24.74, 'm3-1': 11.26, 'm4-1': 1.14, 'm5-1': 115.04, 'm6-1': 1.09, 'm7-1': 24.37, 'm8-1': 5.4}",0.06450000000000955,150.892,inf,150.935,150.935,150.935
404,T2,BESTEFFORT,MISSED,m6-1,41.094,"{'m1-1': 27.52, 'm2-1': 24.07, 'm3-1': 9.98, 'm4-1': 1.09, 'm5-1': 111.11, 'm6-1': 1.07, 'm7-1': 23.69, 'm8-1': 4.76}",0.2729999999999819,150.912,inf,151.094,151.094,151.094
405,T9,BESTEFFORT,MISSED,m4-1,41.232,"{'m1-1': 26.02, 'm2-1': 24.67, 'm3-1': 10.51, 'm4-1': 1.02, 'm5-1': 110.88, 'm6-1': 0.98, 'm7-1': 27.98, 'm8-1': 4.62}",0.44549999999999557,150.935,inf,151.232,151.232,151.232
406,T1,BESTEFFORT,MISSED,m4-1,41.313,"{'m1-1': 27.41, 'm2-1': 26.31, 'm3-1': 10.16, 'm4-1': 1.02, 'm5-1': 104.0, 'm6-1': 1.0, 'm7-1': 24.9, 'm8-1': 5.36}",0.12149999999998329,151.232,inf,151.313,151.313,151.313
407,T7,BESTEFFORT,MISSED,m6-1,41.349,"{'m1-1': 24.1, 'm2-1': 25.9, 'm3-1': 11.35, 'm4-1': 0.98, 'm5-1': 114.96, 'm6-1': 1.01, 'm7-1': 25.07, 'm8-1': 5.14}",0.3824999999999932,151.094,inf,151.349,151.349,151.349
408,T1,BESTEFFORT,MISSED,m6-1,41.397,"{'m1-1': 27.1, 'm2-1': 27.91, 'm3-1': 11.26, 'm4-1': 1.13, 'm5-1': 112.76, 'm6-1': 1.14, 'm7-1': 23.41, 'm8-1': 5.47}",0.07200000000000273,151.349,inf,151.397,151.397,151.397
409,T8,BESTEFFORT,MISSED,m6-1,41.4,"{'m1-1': 24.66, 'm2-1': 28.82, 'm3-1': 11.22, 'm4-1': 1.18, 'm5-1': 111.3, 'm6-1': 1.02, 'm7-1': 26.82, 'm8-1': 5.58}",0.004500000000021487,151.397,inf,151.4,151.4,151.4
410,T2,BESTEFFORT,MISSED,m6-1,41.445,"{'m1-1': 25.32, 'm2-1': 25.15, 'm3-1': 10.92, 'm4-1': 1.04, 'm5-1': 110.88, 'm6-1': 1.08, 'm7-1': 24.69, 'm8-1': 5.4}",0.06749999999998124,151.4,inf,151.445,151.445,151.445
411,T3,BESTEFFORT,MISSED,m4-1,41.456,"{'m1-1': 27.97, 'm2-1': 24.5, 'm3-1': 10.2, 'm4-1': 1.06, 'm5-1': 102.43, 'm6-1': 1.05, 'm7-1': 25.12, 'm8-1': 5.14}",0.21450000000004366,151.313,inf,151.45600000000002,151.45600000000002,151.45600000000002
412,T5,BESTEFFORT,MISSED,m6-1,41.491,"{'m1-1': 25.43, 'm2-1': 25.44, 'm3-1': 10.49, 'm4-1': 1.1, 'm5-1': 105.3, 'm6-1': 1.04, 'm7-1': 27.4, 'm8-1': 5.17}",0.0689999999999884,151.445,inf,151.49099999999999,151.49099999999999,151.49099999999999
413,T6,BESTEFFORT,MISSED,m4-1,41.629,"{'m1-1': 25.06, 'm2-1': 29.06, 'm3-1': 10.26, 'm4-1': 1.02, 'm5-1': 101.15, 'm6-1': 1.04, 'm7-1': 26.34, 'm8-1': 5.68}",0.2594999999999601,151.45600000000002,inf,151.629,151.629,151.629
414,T7,BESTEFFORT,MISSED,m6-1,41.655,"{'m1-1': 24.39, 'm2-1': 23.54, 'm3-1': 10.81, 'm4-1': 1.13, 'm5-1': 109.9, 'm6-1': 1.0, 'm7-1': 26.04, 'm8-1': 4.95}",0.24600000000002353,151.49099999999999,inf,151.655,151.655,151.655
415,T6,BESTEFFORT,MISSED,m4-1,41.69,"{'m1-1': 25.72, 'm2-1': 28.76, 'm3-1': 11.32, 'm4-1': 1.1, 'm5-1': 108.33, 'm6-1': 1.12, 'm7-1': 25.03, 'm8-1': 5.75}",0.09150000000001057,151.629,inf,151.69,151.69,151.69
416,T8,BESTEFFORT,MISSED,m6-1,41.694,"{'m1-1': 24.35, 'm2-1': 27.72, 'm3-1': 11.66, 'm4-1': 1.12, 'm5-1': 110.6, 'm6-1': 0.98, 'm7-1': 25.89, 'm8-1': 5.51}",0.05850000000002353,151.655,inf,151.69400000000002,151.69400000000002,151.69400000000002
417,T10,BESTEFFORT,MISSED,m4-1,41.723,"{'m1-1': 23.49, 'm2-1': 25.88, 'm3-1': 10.94, 'm4-1': 1.09, 'm5-1': 105.4, 'm6-1': 1.05, 'm7-1': 27.49, 'm8-1': 5.4}",0.04950000000002319,151.69,inf,151.723,151.723,151.723
418,T8,BESTEFFORT,MISSED,m6-1,41.736,"{'m1-1': 27.04, 'm2-1': 25.8, 'm3-1': 10.4, 'm4-1': 1.18, 'm5-1': 103.16, 'm6-1': 1.0, 'm7-1': 24.29, 'm8-1': 4.93}",0.06299999999995975,151.69400000000002,inf,151.736,151.736,151.736
419,T10,BESTEFFORT,MISSED,m4-1,41.844,"{'m1-1': 26.34, 'm2-1': 26.0, 'm3-1': 10.99, 'm4-1': 1.05, 'm5-1': 110.79, 'm6-1': 0.93, 'm7-1': 24.23, 'm8-1': 5.16}",0.18149999999997135,151.723,inf,151.844,151.844,151.844
420,T3,BESTEFFORT,MISSED,m6-1,41.975,"{'m1-1': 24.53, 'm2-1': 28.95, 'm3-1': 10.78, 'm4-1': 0.96, 'm5-1': 102.42, 'm6-1': 1.02, 'm7-1': 26.42, 'm8-1': 4.89}",0.3585000000000065,151.736,inf,151.975,151.975,151.975
421,T2,BESTEFFORT,MISSED,m4-1,42.159,"{'m1-1': 27.14, 'm2-1': 25.08, 'm3-1': 11.07, 'm4-1': 1.0, 'm5-1': 103.25, 'm6-1': 1.15, 'm7-1': 26.97, 'm8-1': 5.38}",0.4724999999999966,151.844,inf,152.159,152.159,152.159
422,T8,BESTEFFORT,MISSED,m6-1,42.327,"{'m1-1': 25.3, 'm2-1': 25.37, 'm3-1': 10.88, 'm4-1': 1.1, 'm5-1': 103.58, 'm6-1': 1.03, 'm7-1': 26.41, 'm8-1': 4.85}",0.5280000000000058,151.975,inf,152.327,152.327,152.327
423,T2,BESTEFFORT,MISSED,m4-1,42.451,"{'m1-1': 24.47, 'm2-1': 25.04, 'm3-1': 9.9, 'm4-1': 0.99, 'm5-1': 98.09, 'm6-1': 1.02, 'm7-1': 25.05, 'm8-1': 5.59}",0.4380000000000024,152.159,inf,152.451,152.451,152.451
424,T7,BESTEFFORT,MISSED,m6-1,42.536,"{'m1-1': 24.66, 'm2-1': 25.82, 'm3-1': 9.83, 'm4-1': 1.09, 'm5-1': 108.21, 'm6-1': 1.04, 'm7-1': 26.83, 'm8-1': 5.48}",0.3135000000000048,152.327,inf,152.536,152.536,152.536
425,T6,BESTEFFORT,MISSED,m4-1,42.559,"{'m1-1': 24.19, 'm2-1': 26.91, 'm3-1': 10.34, 'm4-1': 1.05, 'm5-1': 101.34, 'm6-1': 1.12, 'm7-1': 26.62, 'm8-1': 5.4}",0.16200000000000614,152.451,inf,152.559,152.559,152.559
426,T1,BESTEFFORT,MISSED,m8-1,42.652,"{'m1-1': 29.0, 'm2-1': 28.01, 'm3-1': 10.14, 'm4-1': 1.12, 'm5-1': 110.33, 'm6-1': 1.0, 'm7-1': 24.12, 'm8-1': 5.34}",5.977499999999978,148.667,inf,152.652,152.652,152.652
427,T4,BESTEFFORT,COMPLETED,m3-1,42.768,"{'m1-1': 28.47, 'm2-1': 26.43, 'm3-1': 9.36, 'm4-1': 0.98, 'm5-1': 111.64, 'm6-1': 1.03, 'm7-1': 25.26, 'm8-1': 5.21}",14.04,143.171,152.531,inf,152.768,152.768
428,T10,BESTEFFORT,MISSED,m6-1,42.833,"{'m1-1': 23.94, 'm2-1': 27.34, 'm3-1': 10.22, 'm4-1': 1.09, 'm5-1': 108.26, 'm6-1': 1.04, 'm7-1': 27.38, 'm8-1': 4.95}",0.44549999999999557,152.536,inf,152.833,152.833,152.833
429,T5,BESTEFFORT,MISSED,m4-1,42.988,"{'m1-1': 26.08, 'm2-1': 25.25, 'm3-1': 10.55, 'm4-1': 1.15, 'm5-1': 94.04, 'm6-1': 1.14, 'm7-1': 24.91, 'm8-1': 5.44}",0.6435000000000031,152.559,inf,152.988,152.988,152.988
430,T1,BESTEFFORT,MISSED,m6-1,42.994,"{'m1-1': 27.45, 'm2-1': 27.78, 'm3-1': 11.22, 'm4-1': 1.0, 'm5-1': 115.71, 'm6-1': 1.04, 'm7-1': 25.01, 'm8-1': 4.82}",0.24150000000000205,152.833,inf,152.994,152.994,152.994
431,T5,BESTEFFORT,MISSED,m4-1,43.0,"{'m1-1': 25.58, 'm2-1': 25.91, 'm3-1': 9.74, 'm4-1': 1.1, 'm5-1': 94.68, 'm6-1': 1.12, 'm7-1': 29.32, 'm8-1': 5.59}",0.018000000000000682,152.988,inf,153.0,153.0,153.0
432,T4,BESTEFFORT,MISSED,m6-1,43.164,"{'m1-1': 25.79, 'm2-1': 26.8, 'm3-1': 10.02, 'm4-1': 1.09, 'm5-1': 96.51, 'm6-1': 1.1, 'm7-1': 24.56, 'm8-1': 5.22}",0.25499999999998124,152.994,inf,153.164,153.164,153.164
433,T10,BESTEFFORT,MISSED,m4-1,43.192,"{'m1-1': 25.39, 'm2-1': 24.6, 'm3-1': 10.68, 'm4-1': 1.1, 'm5-1': 97.69, 'm6-1': 0.98, 'm7-1': 23.53, 'm8-1': 5.36}",0.2880000000000109,153.0,inf,153.192,153.192,153.192
434,T7,BESTEFFORT,MISSED,m4-1,43.2,"{'m1-1': 26.28, 'm2-1': 25.57, 'm3-1': 10.0, 'm4-1': 1.14, 'm5-1': 111.89, 'm6-1': 1.1, 'm7-1': 25.67, 'm8-1': 5.4}",0.011999999999972033,153.192,inf,153.2,153.2,153.2
435,T2,BESTEFFORT,MISSED,m6-1,43.209,"{'m1-1': 26.15, 'm2-1': 25.15, 'm3-1': 10.49, 'm4-1': 1.04, 'm5-1': 108.55, 'm6-1': 1.1, 'm7-1': 27.21, 'm8-1': 5.24}",0.06750000000002387,153.164,inf,153.209,153.209,153.209
436,T9,BESTEFFORT,MISSED,m6-1,43.249,"{'m1-1': 26.2, 'm2-1': 26.07, 'm3-1': 9.36, 'm4-1': 1.13, 'm5-1': 112.11, 'm6-1': 1.04, 'm7-1': 25.82, 'm8-1': 4.72}",0.05999999999998806,153.209,inf,153.249,153.249,153.249
437,T3,BESTEFFORT,MISSED,m6-1,43.277,"{'m1-1': 24.56, 'm2-1': 26.29, 'm3-1': 11.44, 'm4-1': 1.06, 'm5-1': 113.64, 'm6-1': 1.1, 'm7-1': 26.38, 'm8-1': 5.52}",0.04199999999998738,153.249,inf,153.277,153.277,153.277
438,T9,BESTEFFORT,MISSED,m6-1,43.32,"{'m1-1': 24.52, 'm2-1': 28.07, 'm3-1': 9.56, 'm4-1': 1.09, 'm5-1': 103.02, 'm6-1': 1.03, 'm7-1': 25.86, 'm8-1': 4.62}",0.06450000000000955,153.277,inf,153.32,153.32,153.32
439,T9,BESTEFFORT,MISSED,m4-1,43.328,"{'m1-1': 26.53, 'm2-1': 25.51, 'm3-1': 10.82, 'm4-1': 1.12, 'm5-1': 110.72, 'm6-1': 1.06, 'm7-1': 28.12, 'm8-1': 5.32}",0.1920000000000215,153.2,inf,153.328,153.328,153.328
440,T2,BESTEFFORT,MISSED,m6-1,43.362,"{'m1-1': 24.52, 'm2-1': 25.39, 'm3-1': 10.96, 'm4-1': 1.09, 'm5-1': 105.51, 'm6-1': 1.04, 'm7-1': 26.88, 'm8-1': 5.39}",0.06300000000000239,153.32,inf,153.362,153.362,153.362
441,T9,BESTEFFORT,MISSED,m6-1,43.386,"{'m1-1': 25.28, 'm2-1': 25.44, 'm3-1': 9.54, 'm4-1': 1.13, 'm5-1': 112.55, 'm6-1': 1.04, 'm7-1': 27.56, 'm8-1': 5.36}",0.036000000000001364,153.362,inf,153.386,153.386,153.386
442,T10,BESTEFFORT,MISSED,m4-1,43.564,"{'m1-1': 26.31, 'm2-1': 24.07, 'm3-1': 10.96, 'm4-1': 1.01, 'm5-1': 101.47, 'm6-1': 1.0, 'm7-1': 25.03, 'm8-1': 5.47}",0.353999999999985,153.328,inf,153.564,153.564,153.564
443,T8,BESTEFFORT,MISSED,m6-1,43.664,"{'m1-1': 24.29, 'm2-1': 25.6, 'm3-1': 10.7, 'm4-1': 1.0, 'm5-1': 112.41, 'm6-1': 0.95, 'm7-1': 23.87, 'm8-1': 4.83}",0.4169999999999874,153.386,inf,153.664,153.664,153.664
444,T3,BESTEFFORT,MISSED,m4-1,43.667,"{'m1-1': 24.14, 'm2-1': 24.48, 'm3-1': 10.52, 'm4-1': 1.0, 'm5-1': 108.28, 'm6-1': 1.0, 'm7-1': 28.63, 'm8-1': 5.62}",0.15450000000001296,153.564,inf,153.667,153.667,153.667
445,T8,BESTEFFORT,MISSED,m6-1,43.695,"{'m1-1': 25.23, 'm2-1': 25.41, 'm3-1': 11.43, 'm4-1': 1.03, 'm5-1': 103.64, 'm6-1': 0.92, 'm7-1': 25.35, 'm8-1': 5.33}",0.04650000000000887,153.664,inf,153.695,153.695,153.695
446,T10,BESTEFFORT,MISSED,m4-1,43.703,"{'m1-1': 25.13, 'm2-1': 23.34, 'm3-1': 11.44, 'm4-1': 1.01, 'm5-1': 99.55, 'm6-1': 1.06, 'm7-1': 26.45, 'm8-1': 5.63}",0.054000000000002046,153.667,inf,153.703,153.703,153.703
447,T1,BESTEFFORT,MISSED,m4-1,43.723,"{'m1-1': 27.38, 'm2-1': 25.7, 'm3-1': 10.64, 'm4-1': 1.0, 'm5-1': 102.37, 'm6-1': 1.07, 'm7-1': 23.52, 'm8-1': 5.13}",0.030000000000015348,153.703,inf,153.723,153.723,153.723
448,T9,BESTEFFORT,MISSED,m6-1,43.74,"{'m1-1': 26.68, 'm2-1': 25.98, 'm3-1': 10.23, 'm4-1': 1.06, 'm5-1': 103.72, 'm6-1': 0.97, 'm7-1': 24.95, 'm8-1': 4.89}",0.06750000000002387,153.695,inf,153.74,153.74,153.74
449,T4,BESTEFFORT,MISSED,m4-1,43.859,"{'m1-1': 28.96, 'm2-1': 26.4, 'm3-1': 9.76, 'm4-1': 1.06, 'm5-1': 102.0, 'm6-1': 1.1, 'm7-1': 25.07, 'm8-1': 5.41}",0.20399999999999352,153.723,inf,153.859,153.859,153.859
450,T8,BESTEFFORT,MISSED,m6-1,43.859,"{'m1-1': 24.45, 'm2-1': 25.0, 'm3-1': 9.96, 'm4-1': 1.1, 'm5-1': 97.43, 'm6-1': 0.95, 'm7-1': 25.21, 'm8-1': 5.54}",0.17849999999999966,153.74,inf,153.859,153.859,153.859
451,T1,BESTEFFORT,MISSED,m6-1,43.966,"{'m1-1': 28.96, 'm2-1': 27.37, 'm3-1': 9.98, 'm4-1': 1.06, 'm5-1': 114.49, 'm6-1': 1.13, 'm7-1': 25.71, 'm8-1': 5.47}",0.16049999999999898,153.859,inf,153.966,153.966,153.966
452,T9,BESTEFFORT,MISSED,m6-1,44.132,"{'m1-1': 23.97, 'm2-1': 28.27, 'm3-1': 9.48, 'm4-1': 1.02, 'm5-1': 105.65, 'm6-1': 1.0, 'm7-1': 27.3, 'm8-1': 5.09}",0.24899999999999523,153.966,inf,154.132,154.132,154.132
453,T3,BESTEFFORT,MISSED,m4-1,44.178,"{'m1-1': 26.2, 'm2-1': 25.46, 'm3-1': 11.6, 'm4-1': 1.12, 'm5-1': 104.18, 'm6-1': 1.06, 'm7-1': 28.51, 'm8-1': 5.29}",0.4784999999999826,153.859,inf,154.178,154.178,154.178
454,T8,BESTEFFORT,MISSED,m6-1,44.276,"{'m1-1': 25.05, 'm2-1': 28.5, 'm3-1': 11.11, 'm4-1': 1.14, 'm5-1': 112.89, 'm6-1': 0.97, 'm7-1': 24.99, 'm8-1': 4.92}",0.21600000000000819,154.132,inf,154.276,154.276,154.276
455,T2,BESTEFFORT,MISSED,m4-1,44.318,"{'m1-1': 25.76, 'm2-1': 23.49, 'm3-1': 10.22, 'm4-1': 1.02, 'm5-1': 111.46, 'm6-1': 0.98, 'm7-1': 25.35, 'm8-1': 4.83}",0.20999999999997954,154.178,inf,154.31799999999998,154.31799999999998,154.31799999999998
456,T4,BESTEFFORT,MISSED,m4-1,44.362,"{'m1-1': 26.35, 'm2-1': 23.79, 'm3-1': 10.22, 'm4-1': 0.98, 'm5-1': 99.44, 'm6-1': 1.08, 'm7-1': 27.07, 'm8-1': 5.37}",0.06600000000001671,154.31799999999998,inf,154.362,154.362,154.362
457,T1,BESTEFFORT,MISSED,m6-1,44.429,"{'m1-1': 25.39, 'm2-1': 27.82, 'm3-1': 11.26, 'm4-1': 1.15, 'm5-1': 103.26, 'm6-1': 0.97, 'm7-1': 26.33, 'm8-1': 5.12}",0.22949999999998738,154.276,inf,154.429,154.429,154.429
458,T10,BESTEFFORT,MISSED,m4-1,44.432,"{'m1-1': 22.96, 'm2-1': 23.2, 'm3-1': 11.27, 'm4-1': 0.98, 'm5-1': 107.66, 'm6-1': 1.04, 'm7-1': 24.54, 'm8-1': 5.49}",0.1050000000000324,154.362,inf,154.43200000000002,154.43200000000002,154.43200000000002
459,T3,BESTEFFORT,MISSED,m6-1,44.563,"{'m1-1': 25.34, 'm2-1': 27.77, 'm3-1': 10.61, 'm4-1': 1.05, 'm5-1': 101.5, 'm6-1': 1.06, 'm7-1': 24.52, 'm8-1': 5.24}",0.2009999999999792,154.429,inf,154.563,154.563,154.563
460,T6,BESTEFFORT,MISSED,m4-1,44.612,"{'m1-1': 27.67, 'm2-1': 27.33, 'm3-1': 10.16, 'm4-1': 1.02, 'm5-1': 101.46, 'm6-1': 1.0, 'm7-1': 26.9, 'm8-1': 5.8}",0.2699999999999676,154.43200000000002,inf,154.612,154.612,154.612
461,T8,BESTEFFORT,MISSED,m6-1,44.787,"{'m1-1': 25.22, 'm2-1': 27.65, 'm3-1': 10.39, 'm4-1': 1.11, 'm5-1': 107.72, 'm6-1': 0.97, 'm7-1': 27.39, 'm8-1': 5.12}",0.33600000000002694,154.563,inf,154.787,154.787,154.787
462,T1,BESTEFFORT,MISSED,m2-1,44.849,"{'m1-1': 25.8, 'm2-1': 23.89, 'm3-1': 10.04, 'm4-1': 1.02, 'm5-1': 100.21, 'm6-1': 1.03, 'm7-1': 23.58, 'm8-1': 5.3}",26.95799999999997,136.877,inf,154.849,154.849,154.849
463,T8,BESTEFFORT,MISSED,m4-1,44.932,"{'m1-1': 28.35, 'm2-1': 26.72, 'm3-1': 11.64, 'm4-1': 1.14, 'm5-1': 97.14, 'm6-1': 1.05, 'm7-1': 28.02, 'm8-1': 5.1}",0.4800000000000324,154.612,inf,154.93200000000002,154.93200000000002,154.93200000000002
464,T8,BESTEFFORT,MISSED,m6-1,44.945,"{'m1-1': 27.82, 'm2-1': 27.79, 'm3-1': 11.57, 'm4-1': 1.1, 'm5-1': 109.23, 'm6-1': 1.04, 'm7-1': 26.04, 'm8-1': 5.62}",0.23699999999998056,154.787,inf,154.945,154.945,154.945
465,T2,BESTEFFORT,MISSED,m6-1,44.954,"{'m1-1': 27.94, 'm2-1': 26.14, 'm3-1': 11.05, 'm4-1': 1.12, 'm5-1': 105.65, 'm6-1': 1.11, 'm7-1': 26.98, 'm8-1': 5.37}",0.013500000000021828,154.945,inf,154.954,154.954,154.954
466,T10,BESTEFFORT,MISSED,m6-1,44.972,"{'m1-1': 26.93, 'm2-1': 26.44, 'm3-1': 11.32, 'm4-1': 1.08, 'm5-1': 103.34, 'm6-1': 1.02, 'm7-1': 24.16, 'm8-1': 5.45}",0.027000000000001023,154.954,inf,154.972,154.972,154.972
467,T4,BESTEFFORT,MISSED,m6-1,45.016,"{'m1-1': 28.28, 'm2-1': 27.4, 'm3-1': 10.77, 'm4-1': 1.08, 'm5-1': 98.65, 'm6-1': 1.14, 'm7-1': 26.69, 'm8-1': 5.35}",0.06599999999997408,154.972,inf,155.016,155.016,155.016
468,T1,BESTEFFORT,MISSED,m6-1,45.02,"{'m1-1': 26.93, 'm2-1': 23.72, 'm3-1': 10.97, 'm4-1': 1.04, 'm5-1': 105.8, 'm6-1': 0.98, 'm7-1': 24.4, 'm8-1': 5.33}",0.006000000000028649,155.016,inf,155.02,155.02,155.02
469,T9,BESTEFFORT,MISSED,m1-1,45.295,"{'m1-1': 25.41, 'm2-1': 28.22, 'm3-1': 9.77, 'm4-1': 1.08, 'm5-1': 105.05, 'm6-1': 0.98, 'm7-1': 25.51, 'm8-1': 5.35}",26.272500000000065,137.77999999999997,inf,155.29500000000002,155.29500000000002,155.29500000000002
470,T8,BESTEFFORT,MISSED,m4-1,45.562,"{'m1-1': 28.65, 'm2-1': 28.95, 'm3-1': 11.61, 'm4-1': 1.14, 'm5-1': 112.97, 'm6-1': 0.98, 'm7-1': 27.36, 'm8-1': 5.16}",0.9449999999999932,154.93200000000002,inf,155.562,155.562,155.562
471,T5,BESTEFFORT,MISSED,m6-1,45.577,"{'m1-1': 24.88, 'm2-1': 27.45, 'm3-1': 10.12, 'm4-1': 1.08, 'm5-1': 108.77, 'm6-1': 0.98, 'm7-1': 25.99, 'm8-1': 4.96}",0.8354999999999819,155.02,inf,155.577,155.577,155.577
472,T10,BESTEFFORT,MISSED,m4-1,45.771,"{'m1-1': 22.88, 'm2-1': 26.41, 'm3-1': 11.66, 'm4-1': 1.01, 'm5-1': 105.09, 'm6-1': 1.03, 'm7-1': 23.36, 'm8-1': 5.28}",0.3135000000000048,155.562,inf,155.77100000000002,155.77100000000002,155.77100000000002
473,T10,BESTEFFORT,MISSED,m6-1,45.905,"{'m1-1': 25.6, 'm2-1': 26.63, 'm3-1': 10.86, 'm4-1': 1.0, 'm5-1': 108.05, 'm6-1': 1.05, 'm7-1': 25.4, 'm8-1': 5.66}",0.49200000000000443,155.577,inf,155.905,155.905,155.905
474,T8,BESTEFFORT,MISSED,m4-1,46.137,"{'m1-1': 27.42, 'm2-1': 29.12, 'm3-1': 10.95, 'm4-1': 1.05, 'm5-1': 95.56, 'm6-1': 1.02, 'm7-1': 27.62, 'm8-1': 5.4}",0.5489999999999782,155.77100000000002,inf,156.137,156.137,156.137
475,T6,BESTEFFORT,MISSED,m6-1,46.221,"{'m1-1': 24.4, 'm2-1': 26.42, 'm3-1': 10.8, 'm4-1': 1.09, 'm5-1': 102.51, 'm6-1': 1.11, 'm7-1': 28.47, 'm8-1': 5.5}",0.47400000000000375,155.905,inf,156.221,156.221,156.221
476,T4,BESTEFFORT,MISSED,m4-1,46.259,"{'m1-1': 24.98, 'm2-1': 24.82, 'm3-1': 10.64, 'm4-1': 1.11, 'm5-1': 113.5, 'm6-1': 1.14, 'm7-1': 27.16, 'm8-1': 5.68}",0.18300000000002115,156.137,inf,156.25900000000001,156.25900000000001,156.25900000000001
477,T8,BESTEFFORT,MISSED,m6-1,46.267,"{'m1-1': 26.46, 'm2-1': 26.2, 'm3-1': 11.69, 'm4-1': 1.12, 'm5-1': 101.84, 'm6-1': 1.02, 'm7-1': 24.56, 'm8-1': 4.74}",0.0689999999999884,156.221,inf,156.267,156.267,156.267
478,T6,BESTEFFORT,MISSED,m6-1,46.29,"{'m1-1': 26.49, 'm2-1': 28.98, 'm3-1': 11.41, 'm4-1': 1.01, 'm5-1': 92.52, 'm6-1': 1.02, 'm7-1': 26.0, 'm8-1': 5.64}",0.0344999999999942,156.267,inf,156.29,156.29,156.29
479,T6,BESTEFFORT,MISSED,m4-1,46.352,"{'m1-1': 25.86, 'm2-1': 28.98, 'm3-1': 10.58, 'm4-1': 0.99, 'm5-1': 94.47, 'm6-1': 1.04, 'm7-1': 24.66, 'm8-1': 5.79}",0.13949999999998397,156.25900000000001,inf,156.352,156.352,156.352
480,T5,BESTEFFORT,MISSED,m6-1,46.621,"{'m1-1': 27.91, 'm2-1': 26.4, 'm3-1': 10.68, 'm4-1': 1.03, 'm5-1': 99.86, 'm6-1': 1.01, 'm7-1': 28.37, 'm8-1': 5.0}",0.4965000000000259,156.29,inf,156.621,156.621,156.621
481,T1,BESTEFFORT,MISSED,m4-1,46.821,"{'m1-1': 26.81, 'm2-1': 26.35, 'm3-1': 10.9, 'm4-1': 1.15, 'm5-1': 110.54, 'm6-1': 1.09, 'm7-1': 25.48, 'm8-1': 5.15}",0.7034999999999911,156.352,inf,156.821,156.821,156.821
482,T9,BESTEFFORT,MISSED,m6-1,47.03,"{'m1-1': 25.6, 'm2-1': 27.82, 'm3-1': 9.99, 'm4-1': 1.1, 'm5-1': 106.41, 'm6-1': 1.06, 'm7-1': 27.73, 'm8-1': 5.39}",0.6134999999999877,156.621,inf,157.03,157.03,157.03
483,T1,BESTEFFORT,MISSED,m4-1,47.145,"{'m1-1': 24.43, 'm2-1': 26.29, 'm3-1': 11.02, 'm4-1': 0.99, 'm5-1': 107.86, 'm6-1': 0.97, 'm7-1': 24.17, 'm8-1': 4.84}",0.4860000000000184,156.821,inf,157.145,157.145,157.145
484,T4,BESTEFFORT,MISSED,m6-1,47.224,"{'m1-1': 28.41, 'm2-1': 25.66, 'm3-1': 9.72, 'm4-1': 1.01, 'm5-1': 104.98, 'm6-1': 1.03, 'm7-1': 25.99, 'm8-1': 5.27}",0.2909999999999826,157.03,inf,157.224,157.224,157.224
485,T3,BESTEFFORT,MISSED,m8-1,47.504,"{'m1-1': 23.86, 'm2-1': 26.89, 'm3-1': 10.33, 'm4-1': 1.01, 'm5-1': 111.04, 'm6-1': 1.12, 'm7-1': 24.94, 'm8-1': 5.11}",7.278000000000006,152.652,inf,157.504,157.504,157.504
486,T8,BESTEFFORT,MISSED,m4-1,47.638,"{'m1-1': 25.22, 'm2-1': 28.48, 'm3-1': 10.4, 'm4-1': 1.07, 'm5-1': 101.45, 'm6-1': 0.97, 'm7-1': 25.96, 'm8-1': 5.13}",0.7394999999999925,157.145,inf,157.638,157.638,157.638
487,T10,BESTEFFORT,MISSED,m6-1,47.672,"{'m1-1': 23.14, 'm2-1': 23.54, 'm3-1': 10.2, 'm4-1': 0.95, 'm5-1': 102.5, 'm6-1': 1.07, 'm7-1': 24.61, 'm8-1': 5.29}",0.6720000000000113,157.224,inf,157.672,157.672,157.672
488,T1,BESTEFFORT,MISSED,m6-1,47.73,"{'m1-1': 28.7, 'm2-1': 27.05, 'm3-1': 11.73, 'm4-1': 1.14, 'm5-1': 109.66, 'm6-1': 1.1, 'm7-1': 25.74, 'm8-1': 5.39}",0.08699999999998909,157.672,inf,157.73,157.73,157.73
489,T10,BESTEFFORT,MISSED,m4-1,47.772,"{'m1-1': 25.36, 'm2-1': 27.5, 'm3-1': 11.07, 'm4-1': 1.05, 'm5-1': 97.84, 'm6-1': 0.99, 'm7-1': 23.8, 'm8-1': 5.16}",0.2009999999999792,157.638,inf,157.772,157.772,157.772
490,T2,BESTEFFORT,MISSED,m6-1,47.968,"{'m1-1': 28.54, 'm2-1': 25.77, 'm3-1': 9.47, 'm4-1': 1.02, 'm5-1': 101.41, 'm6-1': 1.02, 'm7-1': 23.09, 'm8-1': 5.43}",0.35700000000004195,157.73,inf,157.96800000000002,157.96800000000002,157.96800000000002
491,T10,BESTEFFORT,MISSED,m4-1,47.97,"{'m1-1': 26.91, 'm2-1': 24.42, 'm3-1': 10.53, 'm4-1': 1.0, 'm5-1': 114.45, 'm6-1': 0.97, 'm7-1': 26.51, 'm8-1': 5.52}",0.29700000000001125,157.772,inf,157.97,157.97,157.97
492,T4,BESTEFFORT,MISSED,m6-1,48.071,"{'m1-1': 28.77, 'm2-1': 24.19, 'm3-1': 9.51, 'm4-1': 1.02, 'm5-1': 106.17, 'm6-1': 1.12, 'm7-1': 24.26, 'm8-1': 5.7}",0.15449999999997033,157.96800000000002,inf,158.071,158.071,158.071
493,T9,BESTEFFORT,MISSED,m6-1,48.299,"{'m1-1': 24.04, 'm2-1': 24.14, 'm3-1': 9.84, 'm4-1': 1.01, 'm5-1': 110.97, 'm6-1': 1.02, 'm7-1': 26.38, 'm8-1': 4.65}",0.34200000000001296,158.071,inf,158.299,158.299,158.299
494,T2,BESTEFFORT,MISSED,m4-1,48.411,"{'m1-1': 27.86, 'm2-1': 27.65, 'm3-1': 10.24, 'm4-1': 1.08, 'm5-1': 110.26, 'm6-1': 1.13, 'm7-1': 26.45, 'm8-1': 4.87}",0.6615000000000038,157.97,inf,158.411,158.411,158.411
495,T6,BESTEFFORT,MISSED,m6-1,48.647,"{'m1-1': 27.22, 'm2-1': 26.6, 'm3-1': 11.01, 'm4-1': 1.12, 'm5-1': 103.3, 'm6-1': 1.06, 'm7-1': 25.9, 'm8-1': 5.79}",0.5219999999999771,158.299,inf,158.647,158.647,158.647
496,T5,BESTEFFORT,MISSED,m4-1,48.794,"{'m1-1': 26.68, 'm2-1': 26.13, 'm3-1': 10.04, 'm4-1': 1.11, 'm5-1': 99.25, 'm6-1': 1.0, 'm7-1': 28.15, 'm8-1': 4.83}",0.574499999999972,158.411,inf,158.79399999999998,158.79399999999998,158.79399999999998
497,T4,BESTEFFORT,MISSED,m6-1,48.795,"{'m1-1': 24.6, 'm2-1': 25.48, 'm3-1': 10.73, 'm4-1': 1.12, 'm5-1': 105.32, 'm6-1': 1.0, 'm7-1': 25.31, 'm8-1': 5.77}",0.22200000000003683,158.647,inf,158.79500000000002,158.79500000000002,158.79500000000002
498,T7,BESTEFFORT,MISSED,m4-1,48.835,"{'m1-1': 25.99, 'm2-1': 25.67, 'm3-1': 10.28, 'm4-1': 1.15, 'm5-1': 99.03, 'm6-1': 1.01, 'm7-1': 25.36, 'm8-1': 5.65}",0.06150000000003786,158.79399999999998,inf,158.835,158.835,158.835
499,T10,BESTEFFORT,MISSED,m6-1,48.85,"{'m1-1': 25.3, 'm2-1': 26.28, 'm3-1': 11.35, 'm4-1': 1.06, 'm5-1': 114.86, 'm6-1': 1.0, 'm7-1': 24.6, 'm8-1': 5.44}",0.0824999999999676,158.79500000000002,inf,158.85,158.85,158.85
500,T5,BESTEFFORT,MISSED,m4-1,48.921,"{'m1-1': 28.66, 'm2-1': 27.21, 'm3-1': 9.47, 'm4-1': 1.15, 'm5-1': 107.08, 'm6-1': 1.08, 'm7-1': 27.64, 'm8-1': 5.5}",0.12899999999997647,158.835,inf,158.921,158.921,158.921
501,T7,BESTEFFORT,MISSED,m4-1,49.031,"{'m1-1': 25.64, 'm2-1': 27.45, 'm3-1': 10.52, 'm4-1': 0.99, 'm5-1': 104.24, 'm6-1': 1.08, 'm7-1': 24.73, 'm8-1': 5.41}",0.16500000000002046,158.921,inf,159.031,159.031,159.031
502,T9,BESTEFFORT,MISSED,m6-1,49.135,"{'m1-1': 25.07, 'm2-1': 24.12, 'm3-1': 10.61, 'm4-1': 1.1, 'm5-1': 101.02, 'm6-1': 0.99, 'm7-1': 26.02, 'm8-1': 5.04}",0.4274999999999949,158.85,inf,159.135,159.135,159.135
503,T8,BESTEFFORT,MISSED,m6-1,49.213,"{'m1-1': 28.46, 'm2-1': 25.94, 'm3-1': 11.0, 'm4-1': 1.04, 'm5-1': 97.29, 'm6-1': 0.92, 'm7-1': 24.35, 'm8-1': 4.88}",0.11700000000000443,159.135,inf,159.213,159.213,159.213
504,T10,BESTEFFORT,MISSED,m4-1,49.275,"{'m1-1': 25.68, 'm2-1': 23.54, 'm3-1': 10.56, 'm4-1': 0.94, 'm5-1': 108.75, 'm6-1': 0.97, 'm7-1': 24.3, 'm8-1': 5.28}",0.36599999999999966,159.031,inf,159.275,159.275,159.275
505,T9,BESTEFFORT,MISSED,m6-1,49.352,"{'m1-1': 25.42, 'm2-1': 27.65, 'm3-1': 9.39, 'm4-1': 1.14, 'm5-1': 99.71, 'm6-1': 0.95, 'm7-1': 26.58, 'm8-1': 5.21}",0.208500000000015,159.213,inf,159.352,159.352,159.352
506,T9,BESTEFFORT,MISSED,m6-1,49.353,"{'m1-1': 27.8, 'm2-1': 25.27, 'm3-1': 9.94, 'm4-1': 1.01, 'm5-1': 98.16, 'm6-1': 1.07, 'm7-1': 27.95, 'm8-1': 4.7}",0.0015000000000071623,159.352,inf,159.353,159.353,159.353
507,T4,BESTEFFORT,MISSED,m4-1,49.385,"{'m1-1': 27.0, 'm2-1': 25.2, 'm3-1': 9.9, 'm4-1': 0.98, 'm5-1': 100.55, 'm6-1': 0.99, 'm7-1': 24.63, 'm8-1': 5.4}",0.16499999999997783,159.275,inf,159.385,159.385,159.385
508,T6,BESTEFFORT,MISSED,m6-1,49.679,"{'m1-1': 23.55, 'm2-1': 27.02, 'm3-1': 11.72, 'm4-1': 1.07, 'm5-1': 93.79, 'm6-1': 1.09, 'm7-1': 24.49, 'm8-1': 5.24}",0.4889999999999901,159.353,inf,159.679,159.679,159.679
509,T9,BESTEFFORT,MISSED,m4-1,49.728,"{'m1-1': 26.17, 'm2-1': 25.91, 'm3-1': 9.48, 'm4-1': 1.02, 'm5-1': 104.52, 'm6-1': 1.07, 'm7-1': 28.22, 'm8-1': 4.91}",0.5145000000000266,159.385,inf,159.728,159.728,159.728
510,T4,BESTEFFORT,MISSED,m4-1,49.916,"{'m1-1': 26.61, 'm2-1': 27.44, 'm3-1': 10.08, 'm4-1': 1.02, 'm5-1': 106.69, 'm6-1': 1.07, 'm7-1': 26.68, 'm8-1': 5.56}",0.28199999999998226,159.728,inf,159.916,159.916,159.916
511,T3,BESTEFFORT,MISSED,m6-1,50.014,"{'m1-1': 25.68, 'm2-1': 25.18, 'm3-1': 10.26, 'm4-1': 1.12, 'm5-1': 110.16, 'm6-1': 1.07, 'm7-1': 28.08, 'm8-1': 4.9}",0.5025000000000119,159.679,inf,160.014,160.014,160.014
512,T4,BESTEFFORT,MISSED,m6-1,50.051,"{'m1-1': 25.9, 'm2-1': 24.36, 'm3-1': 10.87, 'm4-1': 1.03, 'm5-1': 98.31, 'm6-1': 1.07, 'm7-1': 25.55, 'm8-1': 5.09}",0.055499999999966576,160.014,inf,160.051,160.051,160.051
513,T7,BESTEFFORT,MISSED,m4-1,50.468,"{'m1-1': 24.67, 'm2-1': 27.31, 'm3-1': 10.98, 'm4-1': 1.04, 'm5-1': 98.16, 'm6-1': 1.13, 'm7-1': 26.35, 'm8-1': 5.47}",0.8280000000000314,159.916,inf,160.46800000000002,160.46800000000002,160.46800000000002
514,T9,BESTEFFORT,MISSED,m6-1,50.515,"{'m1-1': 24.67, 'm2-1': 28.24, 'm3-1': 9.74, 'm4-1': 1.03, 'm5-1': 96.28, 'm6-1': 0.98, 'm7-1': 27.74, 'm8-1': 5.09}",0.695999999999998,160.051,inf,160.515,160.515,160.515
515,T8,BESTEFFORT,MISSED,m6-1,50.523,"{'m1-1': 24.44, 'm2-1': 26.69, 'm3-1': 10.41, 'm4-1': 1.04, 'm5-1': 108.1, 'm6-1': 0.93, 'm7-1': 25.52, 'm8-1': 5.39}",0.012000000000014666,160.515,inf,160.523,160.523,160.523
516,T10,BESTEFFORT,MISSED,m6-1,50.758,"{'m1-1': 27.01, 'm2-1': 26.05, 'm3-1': 10.11, 'm4-1': 0.98, 'm5-1': 109.32, 'm6-1': 0.98, 'm7-1': 26.3, 'm8-1': 5.6}",0.35250000000002046,160.523,inf,160.758,160.758,160.758
517,T6,BESTEFFORT,MISSED,m4-1,50.782,"{'m1-1': 27.73, 'm2-1': 25.06, 'm3-1': 10.59, 'm4-1': 1.07, 'm5-1': 101.61, 'm6-1': 1.13, 'm7-1': 27.61, 'm8-1': 5.64}",0.4709999999999468,160.46800000000002,inf,160.78199999999998,160.78199999999998,160.78199999999998
518,T6,BESTEFFORT,MISSED,m4-1,50.887,"{'m1-1': 27.71, 'm2-1': 27.8, 'm3-1': 10.42, 'm4-1': 1.01, 'm5-1': 93.48, 'm6-1': 1.18, 'm7-1': 25.26, 'm8-1': 5.06}",0.15750000000002728,160.78199999999998,inf,160.887,160.887,160.887
519,T5,BESTEFFORT,MISSED,m6-1,50.906,"{'m1-1': 29.4, 'm2-1': 27.51, 'm3-1': 10.02, 'm4-1': 1.1, 'm5-1': 108.73, 'm6-1': 1.06, 'm7-1': 29.15, 'm8-1': 5.61}",0.2219999999999942,160.758,inf,160.906,160.906,160.906
520,T10,BESTEFFORT,MISSED,m4-1,50.991,"{'m1-1': 24.95, 'm2-1': 24.43, 'm3-1': 10.43, 'm4-1': 1.04, 'm5-1': 98.82, 'm6-1': 0.98, 'm7-1': 23.76, 'm8-1': 5.42}",0.1559999999999775,160.887,inf,160.99099999999999,160.99099999999999,160.99099999999999
521,T8,BESTEFFORT,MISSED,m6-1,51.036,"{'m1-1': 24.52, 'm2-1': 25.0, 'm3-1': 10.59, 'm4-1': 1.04, 'm5-1': 106.77, 'm6-1': 0.94, 'm7-1': 27.41, 'm8-1': 5.09}",0.19499999999999318,160.906,inf,161.036,161.036,161.036
522,T5,BESTEFFORT,MISSED,m6-1,51.189,"{'m1-1': 25.09, 'm2-1': 26.47, 'm3-1': 10.82, 'm4-1': 1.01, 'm5-1': 94.8, 'm6-1': 1.02, 'm7-1': 29.18, 'm8-1': 5.3}",0.22949999999998738,161.036,inf,161.189,161.189,161.189
523,T4,BESTEFFORT,MISSED,m4-1,51.225,"{'m1-1': 29.07, 'm2-1': 23.88, 'm3-1': 9.4, 'm4-1': 1.04, 'm5-1': 109.34, 'm6-1': 1.1, 'm7-1': 28.19, 'm8-1': 5.53}",0.3510000000000133,160.99099999999999,inf,161.225,161.225,161.225
524,T4,BESTEFFORT,MISSED,m6-1,51.422,"{'m1-1': 26.13, 'm2-1': 25.41, 'm3-1': 9.39, 'm4-1': 1.11, 'm5-1': 110.48, 'm6-1': 1.1, 'm7-1': 26.08, 'm8-1': 5.68}",0.34950000000000614,161.189,inf,161.422,161.422,161.422
525,T10,BESTEFFORT,MISSED,m4-1,51.65,"{'m1-1': 27.2, 'm2-1': 26.83, 'm3-1': 10.85, 'm4-1': 0.97, 'm5-1': 114.95, 'm6-1': 1.0, 'm7-1': 23.95, 'm8-1': 5.18}",0.637500000000017,161.225,inf,161.65,161.65,161.65
526,T5,BESTEFFORT,MISSED,m6-1,51.652,"{'m1-1': 27.52, 'm2-1': 23.67, 'm3-1': 10.77, 'm4-1': 1.13, 'm5-1': 103.88, 'm6-1': 1.09, 'm7-1': 29.27, 'm8-1': 5.0}",0.34499999999998465,161.422,inf,161.652,161.652,161.652
527,T3,BESTEFFORT,MISSED,m8-1,51.695,"{'m1-1': 25.32, 'm2-1': 25.95, 'm3-1': 11.52, 'm4-1': 1.04, 'm5-1': 101.14, 'm6-1': 1.09, 'm7-1': 25.92, 'm8-1': 5.4}",6.286500000000004,157.504,inf,161.695,161.695,161.695
528,T3,BESTEFFORT,MISSED,m4-1,51.73,"{'m1-1': 26.44, 'm2-1': 25.87, 'm3-1': 10.72, 'm4-1': 1.0, 'm5-1': 105.89, 'm6-1': 1.1, 'm7-1': 25.5, 'm8-1': 4.98}",0.11999999999997613,161.65,inf,161.73,161.73,161.73
529,T8,BESTEFFORT,MISSED,m6-1,51.899,"{'m1-1': 26.3, 'm2-1': 25.26, 'm3-1': 10.43, 'm4-1': 1.18, 'm5-1': 96.83, 'm6-1': 1.08, 'm7-1': 27.28, 'm8-1': 5.46}",0.37050000000002115,161.652,inf,161.899,161.899,161.899
530,T6,BESTEFFORT,MISSED,m4-1,51.926,"{'m1-1': 25.97, 'm2-1': 25.67, 'm3-1': 10.54, 'm4-1': 1.0, 'm5-1': 109.53, 'm6-1': 1.12, 'm7-1': 26.06, 'm8-1': 5.91}",0.29399999999999693,161.73,inf,161.926,161.926,161.926
531,T6,BESTEFFORT,MISSED,m6-1,51.969,"{'m1-1': 25.91, 'm2-1': 29.42, 'm3-1': 11.18, 'm4-1': 1.05, 'm5-1': 96.78, 'm6-1': 1.14, 'm7-1': 26.5, 'm8-1': 5.2}",0.10499999999998977,161.899,inf,161.969,161.969,161.969
532,T5,BESTEFFORT,MISSED,m3-1,52.243,"{'m1-1': 29.01, 'm2-1': 25.62, 'm3-1': 10.04, 'm4-1': 1.12, 'm5-1': 102.01, 'm6-1': 0.99, 'm7-1': 29.4, 'm8-1': 5.0}",14.567999999999984,152.531,inf,162.243,162.243,162.243
533,T7,BESTEFFORT,MISSED,m4-1,52.279,"{'m1-1': 26.99, 'm2-1': 26.63, 'm3-1': 10.85, 'm4-1': 1.15, 'm5-1': 114.91, 'm6-1': 1.15, 'm7-1': 27.33, 'm8-1': 5.71}",0.529500000000013,161.926,inf,162.279,162.279,162.279
534,T10,BESTEFFORT,MISSED,m6-1,52.283,"{'m1-1': 24.95, 'm2-1': 25.54, 'm3-1': 10.1, 'm4-1': 0.98, 'm5-1': 113.66, 'm6-1': 0.99, 'm7-1': 26.06, 'm8-1': 5.5}",0.47100000000003206,161.969,inf,162.28300000000002,162.28300000000002,162.28300000000002
535,T2,BESTEFFORT,MISSED,m4-1,52.372,"{'m1-1': 26.82, 'm2-1': 27.62, 'm3-1': 9.58, 'm4-1': 0.99, 'm5-1': 99.32, 'm6-1': 1.02, 'm7-1': 26.01, 'm8-1': 5.29}",0.1395000000000266,162.279,inf,162.372,162.372,162.372
536,T10,BESTEFFORT,MISSED,m6-1,52.435,"{'m1-1': 25.54, 'm2-1': 23.75, 'm3-1': 11.62, 'm4-1': 0.96, 'm5-1': 114.66, 'm6-1': 1.09, 'm7-1': 24.13, 'm8-1': 5.47}",0.22799999999998022,162.28300000000002,inf,162.435,162.435,162.435
537,T10,BESTEFFORT,MISSED,m6-1,52.65,"{'m1-1': 24.05, 'm2-1': 24.08, 'm3-1': 10.89, 'm4-1': 0.99, 'm5-1': 98.82, 'm6-1': 1.03, 'm7-1': 25.07, 'm8-1': 4.97}",0.3225000000000051,162.435,inf,162.65,162.65,162.65
538,T5,BESTEFFORT,MISSED,m4-1,52.673,"{'m1-1': 28.87, 'm2-1': 24.07, 'm3-1': 10.49, 'm4-1': 0.99, 'm5-1': 96.07, 'm6-1': 1.02, 'm7-1': 27.25, 'm8-1': 5.55}",0.4514999999999816,162.372,inf,162.673,162.673,162.673
539,T5,BESTEFFORT,MISSED,m6-1,52.784,"{'m1-1': 27.1, 'm2-1': 25.64, 'm3-1': 10.53, 'm4-1': 1.08, 'm5-1': 104.13, 'm6-1': 1.12, 'm7-1': 27.25, 'm8-1': 5.28}",0.2009999999999792,162.65,inf,162.784,162.784,162.784
540,T9,BESTEFFORT,MISSED,m6-1,52.887,"{'m1-1': 25.09, 'm2-1': 25.31, 'm3-1': 10.47, 'm4-1': 1.18, 'm5-1': 95.77, 'm6-1': 1.04, 'm7-1': 25.72, 'm8-1': 5.14}",0.15450000000001296,162.784,inf,162.887,162.887,162.887
541,T6,BESTEFFORT,MISSED,m4-1,52.929,"{'m1-1': 26.38, 'm2-1': 28.69, 'm3-1': 11.63, 'm4-1': 1.12, 'm5-1': 103.63, 'm6-1': 1.0, 'm7-1': 24.64, 'm8-1': 5.31}",0.38400000000000034,162.673,inf,162.929,162.929,162.929
542,T9,BESTEFFORT,MISSED,m6-1,52.931,"{'m1-1': 24.02, 'm2-1': 24.59, 'm3-1': 10.58, 'm4-1': 1.19, 'm5-1': 109.78, 'm6-1': 1.09, 'm7-1': 24.58, 'm8-1': 5.21}",0.06599999999997408,162.887,inf,162.93099999999998,162.93099999999998,162.93099999999998
543,T10,BESTEFFORT,MISSED,m4-1,53.158,"{'m1-1': 24.96, 'm2-1': 27.06, 'm3-1': 10.76, 'm4-1': 0.99, 'm5-1': 107.9, 'm6-1': 1.03, 'm7-1': 24.17, 'm8-1': 5.33}",0.3435000000000201,162.929,inf,163.15800000000002,163.15800000000002,163.15800000000002
544,T6,BESTEFFORT,MISSED,m6-1,53.233,"{'m1-1': 27.8, 'm2-1': 25.48, 'm3-1': 10.58, 'm4-1': 1.02, 'm5-1': 108.05, 'm6-1': 1.01, 'm7-1': 24.65, 'm8-1': 5.91}",0.4530000000000314,162.93099999999998,inf,163.233,163.233,163.233
545,T1,BESTEFFORT,MISSED,m4-1,53.368,"{'m1-1': 27.3, 'm2-1': 26.81, 'm3-1': 9.99, 'm4-1': 1.04, 'm5-1': 107.32, 'm6-1': 1.01, 'm7-1': 26.61, 'm8-1': 5.22}",0.3149999999999693,163.15800000000002,inf,163.368,163.368,163.368
546,T2,BESTEFFORT,MISSED,m6-1,54.055,"{'m1-1': 27.61, 'm2-1': 24.95, 'm3-1': 10.54, 'm4-1': 1.14, 'm5-1': 112.01, 'm6-1': 1.1, 'm7-1': 26.8, 'm8-1': 4.99}",1.233000000000004,163.233,inf,164.055,164.055,164.055
547,T5,BESTEFFORT,MISSED,m4-1,54.406,"{'m1-1': 29.32, 'm2-1': 25.85, 'm3-1': 10.84, 'm4-1': 1.08, 'm5-1': 94.58, 'm6-1': 1.08, 'm7-1': 28.27, 'm8-1': 5.29}",1.5570000000000164,163.368,inf,164.406,164.406,164.406
548,T5,BESTEFFORT,MISSED,m6-1,54.46,"{'m1-1': 27.18, 'm2-1': 25.85, 'm3-1': 9.26, 'm4-1': 1.01, 'm5-1': 102.63, 'm6-1': 1.05, 'm7-1': 27.91, 'm8-1': 5.59}",0.6075000000000017,164.055,inf,164.46,164.46,164.46
549,T6,BESTEFFORT,MISSED,m6-1,54.497,"{'m1-1': 23.87, 'm2-1': 26.73, 'm3-1': 10.9, 'm4-1': 1.04, 'm5-1': 103.03, 'm6-1': 1.01, 'm7-1': 25.9, 'm8-1': 5.45}",0.05550000000000921,164.46,inf,164.497,164.497,164.497
550,T3,BESTEFFORT,MISSED,m4-1,54.601,"{'m1-1': 24.02, 'm2-1': 24.67, 'm3-1': 11.29, 'm4-1': 1.1, 'm5-1': 114.05, 'm6-1': 1.01, 'm7-1': 25.08, 'm8-1': 5.51}",0.29249999999998977,164.406,inf,164.601,164.601,164.601
551,T9,BESTEFFORT,MISSED,m6-1,54.805,"{'m1-1': 26.55, 'm2-1': 26.13, 'm3-1': 9.45, 'm4-1': 1.03, 'm5-1': 101.07, 'm6-1': 1.06, 'm7-1': 27.37, 'm8-1': 5.1}",0.4619999999999891,164.497,inf,164.805,164.805,164.805
552,T8,BESTEFFORT,MISSED,m4-1,54.842,"{'m1-1': 26.9, 'm2-1': 27.15, 'm3-1': 11.33, 'm4-1': 1.17, 'm5-1': 96.5, 'm6-1': 0.95, 'm7-1': 27.39, 'm8-1': 5.26}",0.36149999999997817,164.601,inf,164.84199999999998,164.84199999999998,164.84199999999998
553,T7,BESTEFFORT,MISSED,m6-1,55.119,"{'m1-1': 26.42, 'm2-1': 24.17, 'm3-1': 10.16, 'm4-1': 1.15, 'm5-1': 105.87, 'm6-1': 1.06, 'm7-1': 25.05, 'm8-1': 5.56}",0.4709999999999894,164.805,inf,165.119,165.119,165.119
554,T5,BESTEFFORT,MISSED,m4-1,55.172,"{'m1-1': 26.91, 'm2-1': 27.43, 'm3-1': 9.93, 'm4-1': 1.01, 'm5-1': 107.21, 'm6-1': 1.12, 'm7-1': 28.68, 'm8-1': 5.23}",0.49500000000001876,164.84199999999998,inf,165.172,165.172,165.172
555,T5,BESTEFFORT,MISSED,m6-1,55.264,"{'m1-1': 26.96, 'm2-1': 25.38, 'm3-1': 9.99, 'm4-1': 1.13, 'm5-1': 102.22, 'm6-1': 1.14, 'm7-1': 29.15, 'm8-1': 5.39}",0.21750000000001535,165.119,inf,165.264,165.264,165.264
556,T10,BESTEFFORT,MISSED,m4-1,55.519,"{'m1-1': 25.42, 'm2-1': 26.76, 'm3-1': 10.1, 'm4-1': 1.05, 'm5-1': 97.52, 'm6-1': 0.98, 'm7-1': 24.63, 'm8-1': 5.21}",0.5205000000000126,165.172,inf,165.519,165.519,165.519
557,T4,BESTEFFORT,MISSED,m6-1,55.575,"{'m1-1': 28.68, 'm2-1': 24.87, 'm3-1': 9.64, 'm4-1': 1.1, 'm5-1': 109.29, 'm6-1': 1.04, 'm7-1': 27.73, 'm8-1': 5.68}",0.46649999999996794,165.264,inf,165.575,165.575,165.575
558,T10,BESTEFFORT,MISSED,m6-1,55.648,"{'m1-1': 24.68, 'm2-1': 25.48, 'm3-1': 10.73, 'm4-1': 1.07, 'm5-1': 112.44, 'm6-1': 0.95, 'm7-1': 27.4, 'm8-1': 5.47}",0.10950000000001125,165.575,inf,165.648,165.648,165.648
559,T9,BESTEFFORT,MISSED,m4-1,55.725,"{'m1-1': 26.96, 'm2-1': 24.7, 'm3-1': 10.02, 'm4-1': 1.03, 'm5-1': 110.06, 'm6-1': 0.94, 'm7-1': 25.98, 'm8-1': 4.72}",0.3089999999999833,165.519,inf,165.725,165.725,165.725
560,T7,BESTEFFORT,MISSED,m8-1,56.105,"{'m1-1': 23.95, 'm2-1': 27.2, 'm3-1': 9.6, 'm4-1': 1.14, 'm5-1': 103.8, 'm6-1': 1.18, 'm7-1': 24.82, 'm8-1': 4.94}",6.614999999999995,161.695,inf,166.105,166.105,166.105
561,T2,BESTEFFORT,MISSED,m6-1,56.133,"{'m1-1': 28.58, 'm2-1': 26.1, 'm3-1': 10.56, 'm4-1': 1.0, 'm5-1': 98.13, 'm6-1': 1.12, 'm7-1': 23.94, 'm8-1': 5.09}",0.7275000000000205,165.648,inf,166.133,166.133,166.133
562,T7,BESTEFFORT,MISSED,m4-1,56.263,"{'m1-1': 25.32, 'm2-1': 24.98, 'm3-1': 10.59, 'm4-1': 1.13, 'm5-1': 100.2, 'm6-1': 1.16, 'm7-1': 27.95, 'm8-1': 4.88}",0.8070000000000164,165.725,inf,166.263,166.263,166.263
563,T8,BESTEFFORT,MISSED,m6-1,56.367,"{'m1-1': 27.44, 'm2-1': 28.86, 'm3-1': 11.69, 'm4-1': 1.16, 'm5-1': 104.22, 'm6-1': 1.02, 'm7-1': 26.83, 'm8-1': 4.8}",0.35099999999997067,166.133,inf,166.367,166.367,166.367
564,T7,BESTEFFORT,MISSED,m4-1,56.453,"{'m1-1': 24.05, 'm2-1': 25.2, 'm3-1': 10.45, 'm4-1': 1.04, 'm5-1': 104.32, 'm6-1': 1.05, 'm7-1': 27.58, 'm8-1': 5.0}",0.2849999999999966,166.263,inf,166.453,166.453,166.453
565,T2,BESTEFFORT,MISSED,m6-1,56.526,"{'m1-1': 27.02, 'm2-1': 23.59, 'm3-1': 9.92, 'm4-1': 1.17, 'm5-1': 101.18, 'm6-1': 1.14, 'm7-1': 26.01, 'm8-1': 5.48}",0.23850000000003035,166.367,inf,166.526,166.526,166.526
566,T1,BESTEFFORT,MISSED,m4-1,57.271,"{'m1-1': 28.06, 'm2-1': 26.78, 'm3-1': 10.04, 'm4-1': 1.13, 'm5-1': 107.4, 'm6-1': 1.04, 'm7-1': 24.67, 'm8-1': 4.93}",1.227000000000018,166.453,inf,167.27100000000002,167.27100000000002,167.27100000000002
567,T4,BESTEFFORT,MISSED,m6-1,57.311,"{'m1-1': 25.9, 'm2-1': 25.64, 'm3-1': 10.75, 'm4-1': 1.02, 'm5-1': 101.06, 'm6-1': 1.07, 'm7-1': 24.74, 'm8-1': 5.24}",1.1774999999999949,166.526,inf,167.311,167.311,167.311
568,T9,BESTEFFORT,MISSED,m6-1,57.326,"{'m1-1': 25.46, 'm2-1': 26.37, 'm3-1': 9.87, 'm4-1': 1.03, 'm5-1': 106.61, 'm6-1': 1.03, 'm7-1': 25.53, 'm8-1': 5.35}",0.022499999999979536,167.311,inf,167.326,167.326,167.326
569,T9,BESTEFFORT,MISSED,m4-1,57.375,"{'m1-1': 27.39, 'm2-1': 25.19, 'm3-1': 10.34, 'm4-1': 1.06, 'm5-1': 105.58, 'm6-1': 0.95, 'm7-1': 26.39, 'm8-1': 5.02}",0.1559999999999775,167.27100000000002,inf,167.375,167.375,167.375
570,T3,BESTEFFORT,MISSED,m4-1,57.606,"{'m1-1': 28.2, 'm2-1': 27.21, 'm3-1': 11.88, 'm4-1': 1.07, 'm5-1': 113.94, 'm6-1': 1.01, 'm7-1': 25.76, 'm8-1': 5.7}",0.3464999999999918,167.375,inf,167.606,167.606,167.606
571,T1,BESTEFFORT,MISSED,m6-1,57.685,"{'m1-1': 27.4, 'm2-1': 23.92, 'm3-1': 10.96, 'm4-1': 1.1, 'm5-1': 109.16, 'm6-1': 0.99, 'm7-1': 26.28, 'm8-1': 5.4}",0.5385000000000133,167.326,inf,167.685,167.685,167.685
572,T4,BESTEFFORT,MISSED,m4-1,57.901,"{'m1-1': 25.54, 'm2-1': 27.42, 'm3-1': 9.31, 'm4-1': 0.96, 'm5-1': 104.51, 'm6-1': 1.13, 'm7-1': 24.97, 'm8-1': 5.32}",0.4425000000000239,167.606,inf,167.901,167.901,167.901
573,T8,BESTEFFORT,MISSED,m6-1,57.943,"{'m1-1': 25.68, 'm2-1': 26.73, 'm3-1': 10.44, 'm4-1': 1.04, 'm5-1': 99.5, 'm6-1': 1.03, 'm7-1': 23.68, 'm8-1': 4.78}",0.38699999999997203,167.685,inf,167.94299999999998,167.94299999999998,167.94299999999998
574,T5,BESTEFFORT,MISSED,m4-1,58.092,"{'m1-1': 26.86, 'm2-1': 24.7, 'm3-1': 10.28, 'm4-1': 1.08, 'm5-1': 93.49, 'm6-1': 1.08, 'm7-1': 28.42, 'm8-1': 5.54}",0.2864999999999611,167.901,inf,168.09199999999998,168.09199999999998,168.09199999999998
575,T9,BESTEFFORT,MISSED,m6-1,58.18,"{'m1-1': 28.02, 'm2-1': 28.27, 'm3-1': 9.35, 'm4-1': 1.17, 'm5-1': 108.93, 'm6-1': 1.1, 'm7-1': 24.27, 'm8-1': 4.75}",0.3555000000000348,167.94299999999998,inf,168.18,168.18,168.18
576,T5,BESTEFFORT,MISSED,m4-1,58.332,"{'m1-1': 26.06, 'm2-1': 26.82, 'm3-1': 10.1, 'm4-1': 0.99, 'm5-1': 107.7, 'm6-1': 1.05, 'm7-1': 28.13, 'm8-1': 4.9}",0.36000000000001364,168.09199999999998,inf,168.332,168.332,168.332
577,T8,BESTEFFORT,MISSED,m6-1,58.365,"{'m1-1': 24.72, 'm2-1': 28.94, 'm3-1': 10.34, 'm4-1': 1.1, 'm5-1': 100.02, 'm6-1': 0.92, 'm7-1': 23.93, 'm8-1': 5.37}",0.2775000000000034,168.18,inf,168.365,168.365,168.365
578,T2,BESTEFFORT,MISSED,m4-1,58.478,"{'m1-1': 27.22, 'm2-1': 27.04, 'm3-1': 9.88, 'm4-1': 1.14, 'm5-1': 106.76, 'm6-1': 1.15, 'm7-1': 25.04, 'm8-1': 5.47}",0.2190000000000225,168.332,inf,168.478,168.478,168.478
579,T8,BESTEFFORT,MISSED,m6-1,58.845,"{'m1-1': 24.55, 'm2-1': 27.86, 'm3-1': 11.69, 'm4-1': 1.03, 'm5-1': 107.24, 'm6-1': 0.98, 'm7-1': 26.85, 'm8-1': 5.22}",0.7199999999999847,168.365,inf,168.845,168.845,168.845
580,T1,BESTEFFORT,MISSED,m4-1,58.883,"{'m1-1': 26.4, 'm2-1': 24.83, 'm3-1': 10.25, 'm4-1': 1.01, 'm5-1': 116.9, 'm6-1': 1.1, 'm7-1': 23.62, 'm8-1': 5.02}",0.6075000000000017,168.478,inf,168.883,168.883,168.883
581,T8,BESTEFFORT,MISSED,m6-1,59.208,"{'m1-1': 27.32, 'm2-1': 25.47, 'm3-1': 9.86, 'm4-1': 1.14, 'm5-1': 111.63, 'm6-1': 1.05, 'm7-1': 26.83, 'm8-1': 4.91}",0.5444999999999993,168.845,inf,169.208,169.208,169.208
582,T3,BESTEFFORT,MISSED,m4-1,59.249,"{'m1-1': 26.62, 'm2-1': 25.58, 'm3-1': 10.07, 'm4-1': 0.98, 'm5-1': 105.83, 'm6-1': 1.02, 'm7-1': 28.81, 'm8-1': 4.89}",0.5489999999999782,168.883,inf,169.249,169.249,169.249
583,T2,BESTEFFORT,MISSED,m6-1,59.599,"{'m1-1': 26.79, 'm2-1': 27.48, 'm3-1': 10.4, 'm4-1': 1.08, 'm5-1': 108.79, 'm6-1': 1.07, 'm7-1': 25.17, 'm8-1': 5.18}",0.5864999999999867,169.208,inf,169.599,169.599,169.599
584,T7,BESTEFFORT,MISSED,m4-1,59.651,"{'m1-1': 27.35, 'm2-1': 24.62, 'm3-1': 9.91, 'm4-1': 1.0, 'm5-1': 101.09, 'm6-1': 1.07, 'm7-1': 25.52, 'm8-1': 4.99}",0.6030000000000229,169.249,inf,169.651,169.651,169.651
585,T2,BESTEFFORT,MISSED,m6-1,59.69,"{'m1-1': 28.5, 'm2-1': 24.76, 'm3-1': 10.29, 'm4-1': 1.04, 'm5-1': 104.46, 'm6-1': 1.15, 'm7-1': 27.12, 'm8-1': 5.34}",0.13650000000001228,169.599,inf,169.69,169.69,169.69
586,T3,BESTEFFORT,MISSED,m4-1,59.905,"{'m1-1': 24.94, 'm2-1': 26.44, 'm3-1': 10.44, 'm4-1': 0.96, 'm5-1': 111.94, 'm6-1': 0.99, 'm7-1': 27.0, 'm8-1': 5.28}",0.380999999999986,169.651,inf,169.905,169.905,169.905
587,T9,BESTEFFORT,MISSED,m6-1,59.977,"{'m1-1': 24.35, 'm2-1': 26.63, 'm3-1': 9.52, 'm4-1': 1.03, 'm5-1': 103.02, 'm6-1': 0.96, 'm7-1': 25.62, 'm8-1': 4.72}",0.4305000000000092,169.69,inf,169.977,169.977,169.977
588,T7,BESTEFFORT,MISSED,m6-1,60.214,"{'m1-1': 26.16, 'm2-1': 23.42, 'm3-1': 9.67, 'm4-1': 1.0, 'm5-1': 114.59, 'm6-1': 1.12, 'm7-1': 27.69, 'm8-1': 5.53}",0.35549999999999216,169.977,inf,170.214,170.214,170.214
589,T1,BESTEFFORT,MISSED,m4-1,60.233,"{'m1-1': 26.25, 'm2-1': 24.81, 'm3-1': 11.21, 'm4-1': 1.04, 'm5-1': 116.89, 'm6-1': 1.06, 'm7-1': 23.62, 'm8-1': 5.01}",0.49200000000000443,169.905,inf,170.233,170.233,170.233
590,T8,BESTEFFORT,MISSED,m8-1,60.241,"{'m1-1': 27.07, 'm2-1': 28.13, 'm3-1': 11.56, 'm4-1': 1.15, 'm5-1': 100.1, 'm6-1': 0.93, 'm7-1': 24.56, 'm8-1': 5.38}",6.2039999999999935,166.105,inf,170.24099999999999,170.24099999999999,170.24099999999999
591,T1,BESTEFFORT,MISSED,m7-1,60.255,"{'m1-1': 26.51, 'm2-1': 24.44, 'm3-1': 10.09, 'm4-1': 1.1, 'm5-1': 100.11, 'm6-1': 0.97, 'm7-1': 23.32, 'm8-1': 5.09}",32.634,148.499,inf,170.255,170.255,170.255
592,T6,BESTEFFORT,MISSED,m4-1,60.262,"{'m1-1': 24.65, 'm2-1': 25.48, 'm3-1': 11.04, 'm4-1': 1.1, 'm5-1': 95.69, 'm6-1': 1.07, 'm7-1': 24.58, 'm8-1': 5.61}",0.04349999999999454,170.233,inf,170.262,170.262,170.262
593,T4,BESTEFFORT,MISSED,m6-1,60.293,"{'m1-1': 27.63, 'm2-1': 25.89, 'm3-1': 10.92, 'm4-1': 1.01, 'm5-1': 101.49, 'm6-1': 1.03, 'm7-1': 24.46, 'm8-1': 5.23}",0.1185000000000116,170.214,inf,170.293,170.293,170.293
594,T9,BESTEFFORT,MISSED,m6-1,60.522,"{'m1-1': 27.38, 'm2-1': 24.78, 'm3-1': 9.32, 'm4-1': 1.19, 'm5-1': 105.06, 'm6-1': 0.98, 'm7-1': 27.98, 'm8-1': 5.39}",0.3434999999999775,170.293,inf,170.522,170.522,170.522
595,T6,BESTEFFORT,MISSED,m4-1,60.563,"{'m1-1': 27.57, 'm2-1': 26.02, 'm3-1': 10.31, 'm4-1': 0.99, 'm5-1': 97.53, 'm6-1': 1.17, 'm7-1': 25.89, 'm8-1': 5.35}",0.4514999999999816,170.262,inf,170.563,170.563,170.563
596,T1,BESTEFFORT,MISSED,m6-1,60.619,"{'m1-1': 25.04, 'm2-1': 27.15, 'm3-1': 10.01, 'm4-1': 1.07, 'm5-1': 110.35, 'm6-1': 0.98, 'm7-1': 26.3, 'm8-1': 5.35}",0.14550000000001262,170.522,inf,170.619,170.619,170.619
597,T4,BESTEFFORT,MISSED,m4-1,60.696,"{'m1-1': 25.0, 'm2-1': 25.58, 'm3-1': 10.45, 'm4-1': 1.1, 'm5-1': 99.79, 'm6-1': 1.04, 'm7-1': 27.73, 'm8-1': 5.56}",0.19950000000001467,170.563,inf,170.696,170.696,170.696
598,T6,BESTEFFORT,MISSED,m4-1,60.948,"{'m1-1': 25.63, 'm2-1': 29.38, 'm3-1': 10.6, 'm4-1': 1.06, 'm5-1': 98.87, 'm6-1': 1.05, 'm7-1': 27.78, 'm8-1': 5.76}",0.3780000000000143,170.696,inf,170.948,170.948,170.948
599,T4,BESTEFFORT,MISSED,m6-1,61.056,"{'m1-1': 26.6, 'm2-1': 25.18, 'm3-1': 9.36, 'm4-1': 1.03, 'm5-1': 98.55, 'm6-1': 1.03, 'm7-1': 25.88, 'm8-1': 5.59}",0.6554999999999751,170.619,inf,171.05599999999998,171.05599999999998,171.05599999999998
600,T6,BESTEFFORT,MISSED,m4-1,61.117,"{'m1-1': 27.12, 'm2-1': 25.65, 'm3-1': 10.81, 'm4-1': 1.13, 'm5-1': 108.58, 'm6-1': 1.03, 'm7-1': 24.36, 'm8-1': 5.56}",0.2534999999999741,170.948,inf,171.117,171.117,171.117
601,T6,BESTEFFORT,MISSED,m4-1,61.126,"{'m1-1': 25.62, 'm2-1': 29.39, 'm3-1': 10.72, 'm4-1': 1.12, 'm5-1': 95.8, 'm6-1': 1.12, 'm7-1': 26.02, 'm8-1': 5.54}",0.013500000000021828,171.117,inf,171.126,171.126,171.126
602,T5,BESTEFFORT,MISSED,m3-1,61.182,"{'m1-1': 27.96, 'm2-1': 24.69, 'm3-1': 10.86, 'm4-1': 1.12, 'm5-1': 94.76, 'm6-1': 1.0, 'm7-1': 25.15, 'm8-1': 4.96}",13.408500000000032,162.243,inf,171.18200000000002,171.18200000000002,171.18200000000002
603,T10,BESTEFFORT,MISSED,m6-1,61.471,"{'m1-1': 24.79, 'm2-1': 24.3, 'm3-1': 11.5, 'm4-1': 1.08, 'm5-1': 97.91, 'm6-1': 1.05, 'm7-1': 23.47, 'm8-1': 5.32}",0.6225000000000307,171.05599999999998,inf,171.471,171.471,171.471
604,T2,BESTEFFORT,MISSED,m4-1,61.524,"{'m1-1': 28.02, 'm2-1': 24.15, 'm3-1': 10.76, 'm4-1': 1.17, 'm5-1': 100.73, 'm6-1': 1.13, 'm7-1': 24.12, 'm8-1': 5.57}",0.5969999999999942,171.126,inf,171.524,171.524,171.524
605,T9,BESTEFFORT,MISSED,m6-1,61.612,"{'m1-1': 26.08, 'm2-1': 26.36, 'm3-1': 10.59, 'm4-1': 1.1, 'm5-1': 102.44, 'm6-1': 1.1, 'm7-1': 25.12, 'm8-1': 5.25}",0.2114999999999867,171.471,inf,171.612,171.612,171.612
606,T4,BESTEFFORT,MISSED,m4-1,61.617,"{'m1-1': 28.64, 'm2-1': 25.7, 'm3-1': 10.05, 'm4-1': 1.12, 'm5-1': 107.8, 'm6-1': 1.15, 'm7-1': 28.09, 'm8-1': 5.14}",0.13949999999998397,171.524,inf,171.617,171.617,171.617
607,T9,BESTEFFORT,MISSED,m6-1,61.683,"{'m1-1': 27.44, 'm2-1': 27.49, 'm3-1': 10.13, 'm4-1': 1.04, 'm5-1': 96.84, 'm6-1': 1.05, 'm7-1': 23.94, 'm8-1': 4.65}",0.10649999999999693,171.612,inf,171.683,171.683,171.683
608,T6,BESTEFFORT,MISSED,m4-1,61.814,"{'m1-1': 25.96, 'm2-1': 29.02, 'm3-1': 11.64, 'm4-1': 1.07, 'm5-1': 98.28, 'm6-1': 1.12, 'm7-1': 27.78, 'm8-1': 5.55}",0.2955000000000041,171.617,inf,171.814,171.814,171.814
609,T6,BESTEFFORT,MISSED,m6-1,62.08,"{'m1-1': 24.05, 'm2-1': 28.32, 'm3-1': 10.89, 'm4-1': 0.97, 'm5-1': 103.75, 'm6-1': 1.02, 'm7-1': 24.8, 'm8-1': 5.44}",0.595499999999987,171.683,inf,172.07999999999998,172.07999999999998,172.07999999999998
610,T6,BESTEFFORT,MISSED,m4-1,62.195,"{'m1-1': 27.37, 'm2-1': 27.42, 'm3-1': 11.51, 'm4-1': 0.96, 'm5-1': 105.5, 'm6-1': 1.13, 'm7-1': 28.19, 'm8-1': 5.22}",0.5715000000000003,171.814,inf,172.195,172.195,172.195
611,T8,BESTEFFORT,MISSED,m6-1,62.229,"{'m1-1': 24.64, 'm2-1': 27.94, 'm3-1': 10.82, 'm4-1': 1.07, 'm5-1': 108.31, 'm6-1': 0.92, 'm7-1': 26.18, 'm8-1': 5.3}",0.22350000000000136,172.07999999999998,inf,172.22899999999998,172.22899999999998,172.22899999999998
612,T7,BESTEFFORT,MISSED,m4-1,62.265,"{'m1-1': 26.62, 'm2-1': 27.14, 'm3-1': 11.22, 'm4-1': 0.98, 'm5-1': 113.18, 'm6-1': 1.04, 'm7-1': 25.09, 'm8-1': 5.35}",0.10499999999998977,172.195,inf,172.265,172.265,172.265
613,T5,BESTEFFORT,MISSED,m6-1,62.276,"{'m1-1': 26.08, 'm2-1': 25.55, 'm3-1': 10.24, 'm4-1': 1.08, 'm5-1': 95.07, 'm6-1': 1.07, 'm7-1': 26.55, 'm8-1': 5.52}",0.0705000000000382,172.22899999999998,inf,172.276,172.276,172.276
614,T5,BESTEFFORT,MISSED,m4-1,62.482,"{'m1-1': 25.09, 'm2-1': 26.2, 'm3-1': 9.96, 'm4-1': 1.01, 'm5-1': 93.27, 'm6-1': 1.0, 'm7-1': 27.09, 'm8-1': 4.8}",0.32550000000001944,172.265,inf,172.482,172.482,172.482
615,T1,BESTEFFORT,MISSED,m6-1,62.544,"{'m1-1': 26.68, 'm2-1': 26.4, 'm3-1': 10.35, 'm4-1': 1.12, 'm5-1': 99.83, 'm6-1': 0.99, 'm7-1': 27.1, 'm8-1': 4.69}",0.4019999999999584,172.276,inf,172.54399999999998,172.54399999999998,172.54399999999998
616,T4,BESTEFFORT,MISSED,m4-1,62.574,"{'m1-1': 28.52, 'm2-1': 25.48, 'm3-1': 9.37, 'm4-1': 1.1, 'm5-1': 96.89, 'm6-1': 1.14, 'm7-1': 25.56, 'm8-1': 5.33}",0.13800000000001944,172.482,inf,172.574,172.574,172.574
617,T5,BESTEFFORT,MISSED,m6-1,62.59,"{'m1-1': 29.46, 'm2-1': 23.69, 'm3-1': 10.44, 'm4-1': 1.11, 'm5-1': 96.86, 'm6-1': 1.16, 'm7-1': 25.79, 'm8-1': 5.29}",0.06900000000003104,172.54399999999998,inf,172.59,172.59,172.59
618,T9,BESTEFFORT,MISSED,m6-1,62.657,"{'m1-1': 24.24, 'm2-1': 25.5, 'm3-1': 10.5, 'm4-1': 1.05, 'm5-1': 108.98, 'm6-1': 1.08, 'm7-1': 26.8, 'm8-1': 5.18}",0.10049999999996828,172.59,inf,172.65699999999998,172.65699999999998,172.65699999999998
619,T8,BESTEFFORT,MISSED,m6-1,62.715,"{'m1-1': 28.28, 'm2-1': 29.37, 'm3-1': 10.19, 'm4-1': 1.11, 'm5-1': 108.58, 'm6-1': 1.0, 'm7-1': 25.91, 'm8-1': 4.96}",0.08700000000003172,172.65699999999998,inf,172.715,172.715,172.715
620,T8,BESTEFFORT,MISSED,m6-1,63.044,"{'m1-1': 26.77, 'm2-1': 29.23, 'm3-1': 10.82, 'm4-1': 1.09, 'm5-1': 104.95, 'm6-1': 1.06, 'm7-1': 26.23, 'm8-1': 5.25}",0.49349999999996896,172.715,inf,173.04399999999998,173.04399999999998,173.04399999999998
621,T3,BESTEFFORT,MISSED,m4-1,63.309,"{'m1-1': 27.95, 'm2-1': 28.62, 'm3-1': 11.33, 'm4-1': 1.09, 'm5-1': 104.65, 'm6-1': 0.96, 'm7-1': 25.7, 'm8-1': 5.46}",1.1024999999999778,172.574,inf,173.309,173.309,173.309
622,T7,BESTEFFORT,MISSED,m6-1,63.371,"{'m1-1': 24.81, 'm2-1': 24.41, 'm3-1': 11.15, 'm4-1': 1.06, 'm5-1': 113.36, 'm6-1': 1.18, 'm7-1': 25.52, 'm8-1': 5.24}",0.4905000000000399,173.04399999999998,inf,173.371,173.371,173.371
623,T7,BESTEFFORT,MISSED,m4-1,63.47,"{'m1-1': 27.59, 'm2-1': 24.32, 'm3-1': 9.85, 'm4-1': 1.04, 'm5-1': 105.64, 'm6-1': 1.09, 'm7-1': 26.15, 'm8-1': 5.04}",0.24150000000000205,173.309,inf,173.47,173.47,173.47
624,T4,BESTEFFORT,MISSED,m6-1,63.669,"{'m1-1': 26.25, 'm2-1': 23.32, 'm3-1': 10.09, 'm4-1': 1.09, 'm5-1': 96.58, 'm6-1': 1.11, 'm7-1': 27.96, 'm8-1': 5.53}",0.4469999999999601,173.371,inf,173.66899999999998,173.66899999999998,173.66899999999998
625,T3,BESTEFFORT,MISSED,m4-1,63.848,"{'m1-1': 27.75, 'm2-1': 25.71, 'm3-1': 11.75, 'm4-1': 0.96, 'm5-1': 118.25, 'm6-1': 1.11, 'm7-1': 28.08, 'm8-1': 5.53}",0.5670000000000215,173.47,inf,173.848,173.848,173.848
626,T1,BESTEFFORT,MISSED,m6-1,63.953,"{'m1-1': 29.05, 'm2-1': 27.76, 'm3-1': 10.35, 'm4-1': 1.02, 'm5-1': 101.83, 'm6-1': 1.13, 'm7-1': 23.38, 'm8-1': 4.86}",0.42600000000003035,173.66899999999998,inf,173.953,173.953,173.953
627,T2,BESTEFFORT,MISSED,m6-1,63.956,"{'m1-1': 28.78, 'm2-1': 27.69, 'm3-1': 10.18, 'm4-1': 1.05, 'm5-1': 102.98, 'm6-1': 1.02, 'm7-1': 23.61, 'm8-1': 5.32}",0.004500000000021487,173.953,inf,173.95600000000002,173.95600000000002,173.95600000000002
628,T1,BESTEFFORT,MISSED,m4-1,63.96,"{'m1-1': 26.83, 'm2-1': 23.83, 'm3-1': 11.8, 'm4-1': 1.01, 'm5-1': 102.27, 'm6-1': 1.06, 'm7-1': 25.96, 'm8-1': 5.37}",0.16799999999999216,173.848,inf,173.96,173.96,173.96
629,T4,BESTEFFORT,MISSED,m4-1,64.048,"{'m1-1': 26.26, 'm2-1': 25.62, 'm3-1': 10.51, 'm4-1': 1.04, 'm5-1': 109.51, 'm6-1': 1.08, 'm7-1': 24.12, 'm8-1': 5.81}",0.1319999999999908,173.96,inf,174.048,174.048,174.048
630,T3,BESTEFFORT,MISSED,m6-1,64.232,"{'m1-1': 24.92, 'm2-1': 28.39, 'm3-1': 10.28, 'm4-1': 0.95, 'm5-1': 114.95, 'm6-1': 1.04, 'm7-1': 26.28, 'm8-1': 5.01}",0.41399999999997306,173.95600000000002,inf,174.232,174.232,174.232
631,T8,BESTEFFORT,MISSED,m4-1,64.247,"{'m1-1': 28.42, 'm2-1': 25.64, 'm3-1': 10.72, 'm4-1': 1.17, 'm5-1': 102.94, 'm6-1': 1.01, 'm7-1': 24.95, 'm8-1': 5.15}",0.2985000000000184,174.048,inf,174.247,174.247,174.247
632,T3,BESTEFFORT,MISSED,m6-1,64.249,"{'m1-1': 27.05, 'm2-1': 28.87, 'm3-1': 11.11, 'm4-1': 1.08, 'm5-1': 101.64, 'm6-1': 0.97, 'm7-1': 25.02, 'm8-1': 5.07}",0.02549999999999386,174.232,inf,174.249,174.249,174.249
633,T3,BESTEFFORT,MISSED,m8-1,64.288,"{'m1-1': 25.12, 'm2-1': 25.71, 'm3-1': 11.03, 'm4-1': 1.03, 'm5-1': 101.38, 'm6-1': 0.97, 'm7-1': 24.82, 'm8-1': 5.31}",6.070500000000038,170.24099999999999,inf,174.288,174.288,174.288
634,T5,BESTEFFORT,MISSED,m6-1,64.337,"{'m1-1': 27.33, 'm2-1': 25.4, 'm3-1': 10.17, 'm4-1': 1.14, 'm5-1': 95.61, 'm6-1': 1.16, 'm7-1': 28.34, 'm8-1': 5.27}",0.1319999999999908,174.249,inf,174.337,174.337,174.337
635,T3,BESTEFFORT,MISSED,m4-1,64.342,"{'m1-1': 24.86, 'm2-1': 25.64, 'm3-1': 11.14, 'm4-1': 1.1, 'm5-1': 106.03, 'm6-1': 1.01, 'm7-1': 28.17, 'm8-1': 5.47}",0.14249999999995566,174.247,inf,174.34199999999998,174.34199999999998,174.34199999999998
636,T9,BESTEFFORT,MISSED,m6-1,64.455,"{'m1-1': 27.4, 'm2-1': 28.33, 'm3-1': 10.34, 'm4-1': 1.12, 'm5-1': 98.1, 'm6-1': 0.99, 'm7-1': 26.66, 'm8-1': 5.38}",0.1769999999999925,174.337,inf,174.45499999999998,174.45499999999998,174.45499999999998
637,T3,BESTEFFORT,MISSED,m4-1,64.479,"{'m1-1': 26.32, 'm2-1': 27.14, 'm3-1': 10.76, 'm4-1': 1.04, 'm5-1': 106.24, 'm6-1': 0.96, 'm7-1': 24.82, 'm8-1': 5.41}",0.20550000000000068,174.34199999999998,inf,174.47899999999998,174.47899999999998,174.47899999999998
638,T5,BESTEFFORT,MISSED,m6-1,64.498,"{'m1-1': 26.54, 'm2-1': 26.89, 'm3-1': 10.03, 'm4-1': 0.99, 'm5-1': 105.44, 'm6-1': 0.99, 'm7-1': 25.63, 'm8-1': 5.28}",0.06450000000000955,174.45499999999998,inf,174.498,174.498,174.498
639,T3,BESTEFFORT,MISSED,m6-1,64.513,"{'m1-1': 25.86, 'm2-1': 24.51, 'm3-1': 10.75, 'm4-1': 1.09, 'm5-1': 114.49, 'm6-1': 1.07, 'm7-1': 27.98, 'm8-1': 5.69}",0.02250000000002217,174.498,inf,174.513,174.513,174.513
640,T2,BESTEFFORT,MISSED,m4-1,64.631,"{'m1-1': 28.69, 'm2-1': 27.74, 'm3-1': 9.87, 'm4-1': 1.12, 'm5-1': 99.54, 'm6-1': 1.07, 'm7-1': 24.62, 'm8-1': 5.49}",0.22800000000002285,174.47899999999998,inf,174.631,174.631,174.631
641,T5,BESTEFFORT,MISSED,m6-1,64.71,"{'m1-1': 27.22, 'm2-1': 27.09, 'm3-1': 9.72, 'm4-1': 1.13, 'm5-1': 95.9, 'm6-1': 1.07, 'm7-1': 26.19, 'm8-1': 5.7}",0.29549999999996146,174.513,inf,174.70999999999998,174.70999999999998,174.70999999999998
642,T3,BESTEFFORT,MISSED,m4-1,64.77,"{'m1-1': 24.46, 'm2-1': 27.08, 'm3-1': 11.01, 'm4-1': 1.01, 'm5-1': 100.54, 'm6-1': 1.02, 'm7-1': 28.81, 'm8-1': 5.43}",0.20849999999997237,174.631,inf,174.76999999999998,174.76999999999998,174.76999999999998
643,T8,BESTEFFORT,MISSED,m6-1,64.819,"{'m1-1': 25.33, 'm2-1': 27.17, 'm3-1': 9.92, 'm4-1': 1.16, 'm5-1': 96.85, 'm6-1': 0.97, 'm7-1': 27.32, 'm8-1': 4.84}",0.16350000000005593,174.70999999999998,inf,174.81900000000002,174.81900000000002,174.81900000000002
644,T6,BESTEFFORT,MISSED,m4-1,65.101,"{'m1-1': 25.06, 'm2-1': 27.34, 'm3-1': 10.01, 'm4-1': 1.09, 'm5-1': 96.69, 'm6-1': 1.14, 'm7-1': 26.96, 'm8-1': 5.53}",0.4965000000000259,174.76999999999998,inf,175.101,175.101,175.101
645,T1,BESTEFFORT,MISSED,m6-1,65.277,"{'m1-1': 27.23, 'm2-1': 25.76, 'm3-1': 10.83, 'm4-1': 1.01, 'm5-1': 110.75, 'm6-1': 1.03, 'm7-1': 25.46, 'm8-1': 4.78}",0.686999999999955,174.81900000000002,inf,175.277,175.277,175.277
646,T1,BESTEFFORT,MISSED,m4-1,65.368,"{'m1-1': 26.96, 'm2-1': 25.69, 'm3-1': 9.97, 'm4-1': 1.08, 'm5-1': 117.8, 'm6-1': 1.14, 'm7-1': 24.82, 'm8-1': 5.2}",0.40049999999999386,175.101,inf,175.368,175.368,175.368
647,T2,BESTEFFORT,MISSED,m6-1,65.409,"{'m1-1': 28.23, 'm2-1': 25.64, 'm3-1': 9.88, 'm4-1': 1.13, 'm5-1': 103.61, 'm6-1': 1.01, 'm7-1': 23.87, 'm8-1': 5.34}",0.1980000000000075,175.277,inf,175.409,175.409,175.409
648,T3,BESTEFFORT,MISSED,m4-1,65.555,"{'m1-1': 25.18, 'm2-1': 28.04, 'm3-1': 11.06, 'm4-1': 1.04, 'm5-1': 109.95, 'm6-1': 1.0, 'm7-1': 25.13, 'm8-1': 5.64}",0.28050000000001774,175.368,inf,175.555,175.555,175.555
649,T1,BESTEFFORT,MISSED,m6-1,65.561,"{'m1-1': 26.08, 'm2-1': 24.96, 'm3-1': 11.3, 'm4-1': 1.13, 'm5-1': 100.65, 'm6-1': 1.05, 'm7-1': 24.3, 'm8-1': 4.76}",0.22800000000002285,175.409,inf,175.561,175.561,175.561
650,T9,BESTEFFORT,MISSED,m6-1,65.605,"{'m1-1': 27.02, 'm2-1': 26.14, 'm3-1': 10.04, 'm4-1': 1.15, 'm5-1': 104.93, 'm6-1': 0.98, 'm7-1': 26.48, 'm8-1': 4.92}",0.06600000000001671,175.561,inf,175.60500000000002,175.60500000000002,175.60500000000002
651,T10,BESTEFFORT,MISSED,m6-1,65.749,"{'m1-1': 24.49, 'm2-1': 24.53, 'm3-1': 10.24, 'm4-1': 1.05, 'm5-1': 104.24, 'm6-1': 0.98, 'm7-1': 25.56, 'm8-1': 5.58}",0.21599999999996555,175.60500000000002,inf,175.749,175.749,175.749
652,T3,BESTEFFORT,MISSED,m4-1,65.752,"{'m1-1': 23.88, 'm2-1': 25.8, 'm3-1': 11.28, 'm4-1': 1.13, 'm5-1': 100.94, 'm6-1': 1.05, 'm7-1': 25.53, 'm8-1': 5.65}",0.2955000000000041,175.555,inf,175.752,175.752,175.752
653,T9,BESTEFFORT,MISSED,m6-1,65.903,"{'m1-1': 25.06, 'm2-1': 26.79, 'm3-1': 10.64, 'm4-1': 1.04, 'm5-1': 106.07, 'm6-1': 1.04, 'm7-1': 26.8, 'm8-1': 4.89}",0.23100000000003718,175.749,inf,175.90300000000002,175.90300000000002,175.90300000000002
654,T3,BESTEFFORT,MISSED,m4-1,65.95,"{'m1-1': 27.44, 'm2-1': 24.75, 'm3-1': 11.42, 'm4-1': 1.03, 'm5-1': 111.27, 'm6-1': 1.11, 'm7-1': 28.88, 'm8-1': 5.31}",0.2969999999999686,175.752,inf,175.95,175.95,175.95
655,T8,BESTEFFORT,MISSED,m6-1,66.082,"{'m1-1': 26.12, 'm2-1': 27.37, 'm3-1': 11.49, 'm4-1': 1.17, 'm5-1': 100.48, 'm6-1': 0.99, 'm7-1': 27.36, 'm8-1': 4.81}",0.26849999999996044,175.90300000000002,inf,176.082,176.082,176.082
656,T5,BESTEFFORT,MISSED,m4-1,66.086,"{'m1-1': 27.25, 'm2-1': 24.42, 'm3-1': 10.55, 'm4-1': 1.0, 'm5-1': 102.36, 'm6-1': 1.13, 'm7-1': 25.98, 'm8-1': 4.86}",0.20400000000003615,175.95,inf,176.086,176.086,176.086
657,T3,BESTEFFORT,MISSED,m4-1,66.112,"{'m1-1': 28.12, 'm2-1': 27.67, 'm3-1': 10.86, 'm4-1': 0.97, 'm5-1': 99.94, 'm6-1': 1.07, 'm7-1': 27.08, 'm8-1': 4.95}",0.038999999999973056,176.086,inf,176.112,176.112,176.112
658,T7,BESTEFFORT,MISSED,m6-1,66.129,"{'m1-1': 24.94, 'm2-1': 26.64, 'm3-1': 10.79, 'm4-1': 1.01, 'm5-1': 99.95, 'm6-1': 1.18, 'm7-1': 26.29, 'm8-1': 5.23}",0.0705000000000382,176.082,inf,176.12900000000002,176.12900000000002,176.12900000000002
659,T2,BESTEFFORT,MISSED,m6-1,66.403,"{'m1-1': 25.65, 'm2-1': 25.62, 'm3-1': 10.28, 'm4-1': 1.05, 'm5-1': 98.09, 'm6-1': 1.06, 'm7-1': 24.97, 'm8-1': 4.77}",0.41100000000000136,176.12900000000002,inf,176.40300000000002,176.40300000000002,176.40300000000002
660,T10,BESTEFFORT,MISSED,m4-1,66.51,"{'m1-1': 25.43, 'm2-1': 27.52, 'm3-1': 10.9, 'm4-1': 1.07, 'm5-1': 99.46, 'm6-1': 0.92, 'm7-1': 24.55, 'm8-1': 5.53}",0.5969999999999942,176.112,inf,176.51,176.51,176.51
661,T2,BESTEFFORT,MISSED,m6-1,66.666,"{'m1-1': 27.21, 'm2-1': 26.59, 'm3-1': 11.03, 'm4-1': 1.06, 'm5-1': 96.85, 'm6-1': 1.08, 'm7-1': 25.83, 'm8-1': 5.04}",0.3944999999999652,176.40300000000002,inf,176.666,176.666,176.666
662,T7,BESTEFFORT,MISSED,m4-1,66.826,"{'m1-1': 25.47, 'm2-1': 24.18, 'm3-1': 10.99, 'm4-1': 1.04, 'm5-1': 100.69, 'm6-1': 1.15, 'm7-1': 24.35, 'm8-1': 4.97}",0.47400000000000375,176.51,inf,176.826,176.826,176.826
663,T2,BESTEFFORT,MISSED,m6-1,66.868,"{'m1-1': 26.0, 'm2-1': 26.44, 'm3-1': 9.66, 'm4-1': 1.11, 'm5-1': 111.74, 'm6-1': 1.01, 'm7-1': 26.86, 'm8-1': 5.29}",0.30299999999999727,176.666,inf,176.868,176.868,176.868
664,T1,BESTEFFORT,MISSED,m4-1,66.874,"{'m1-1': 28.46, 'm2-1': 26.62, 'm3-1': 10.64, 'm4-1': 1.03, 'm5-1': 103.97, 'm6-1': 1.1, 'm7-1': 24.08, 'm8-1': 5.54}",0.07200000000000273,176.826,inf,176.874,176.874,176.874
665,T3,BESTEFFORT,MISSED,m4-1,67.26,"{'m1-1': 28.16, 'm2-1': 27.28, 'm3-1': 10.76, 'm4-1': 1.02, 'm5-1': 104.71, 'm6-1': 1.13, 'm7-1': 25.7, 'm8-1': 5.64}",0.5789999999999935,176.874,inf,177.26,177.26,177.26
666,T6,BESTEFFORT,MISSED,m6-1,67.319,"{'m1-1': 24.95, 'm2-1': 27.25, 'm3-1': 11.32, 'm4-1': 1.13, 'm5-1': 95.69, 'm6-1': 1.07, 'm7-1': 26.15, 'm8-1': 5.45}",0.6765000000000327,176.868,inf,177.31900000000002,177.31900000000002,177.31900000000002
667,T8,BESTEFFORT,MISSED,m4-1,67.336,"{'m1-1': 26.37, 'm2-1': 29.11, 'm3-1': 10.96, 'm4-1': 1.18, 'm5-1': 102.9, 'm6-1': 0.92, 'm7-1': 27.05, 'm8-1': 5.56}",0.11400000000003274,177.26,inf,177.336,177.336,177.336
668,T1,BESTEFFORT,MISSED,m6-1,67.445,"{'m1-1': 24.82, 'm2-1': 26.68, 'm3-1': 10.51, 'm4-1': 1.14, 'm5-1': 115.58, 'm6-1': 1.13, 'm7-1': 25.1, 'm8-1': 5.35}",0.18899999999996453,177.31900000000002,inf,177.445,177.445,177.445
669,T1,BESTEFFORT,MISSED,m4-1,67.458,"{'m1-1': 26.22, 'm2-1': 25.99, 'm3-1': 10.88, 'm4-1': 1.03, 'm5-1': 99.48, 'm6-1': 1.06, 'm7-1': 25.1, 'm8-1': 4.9}",0.1829999999999785,177.336,inf,177.458,177.458,177.458
670,T2,BESTEFFORT,MISSED,m6-1,67.502,"{'m1-1': 26.14, 'm2-1': 25.17, 'm3-1': 11.2, 'm4-1': 1.16, 'm5-1': 108.16, 'm6-1': 0.98, 'm7-1': 27.2, 'm8-1': 5.29}",0.08550000000002456,177.445,inf,177.502,177.502,177.502
671,T6,BESTEFFORT,MISSED,m4-1,67.645,"{'m1-1': 27.31, 'm2-1': 25.02, 'm3-1': 11.53, 'm4-1': 1.05, 'm5-1': 93.81, 'm6-1': 1.13, 'm7-1': 26.62, 'm8-1': 5.07}",0.2804999999999751,177.458,inf,177.64499999999998,177.64499999999998,177.64499999999998
672,T8,BESTEFFORT,MISSED,m6-1,67.719,"{'m1-1': 24.3, 'm2-1': 26.01, 'm3-1': 9.86, 'm4-1': 1.07, 'm5-1': 105.6, 'm6-1': 0.96, 'm7-1': 26.18, 'm8-1': 5.34}",0.3254999999999768,177.502,inf,177.719,177.719,177.719
673,T5,BESTEFFORT,MISSED,m6-1,67.724,"{'m1-1': 27.96, 'm2-1': 26.36, 'm3-1': 9.56, 'm4-1': 1.04, 'm5-1': 109.8, 'm6-1': 1.15, 'm7-1': 28.82, 'm8-1': 5.28}",0.007499999999993179,177.719,inf,177.724,177.724,177.724
674,T10,BESTEFFORT,MISSED,m4-1,67.729,"{'m1-1': 26.79, 'm2-1': 25.18, 'm3-1': 10.76, 'm4-1': 1.06, 'm5-1': 102.8, 'm6-1': 1.08, 'm7-1': 27.47, 'm8-1': 4.88}",0.12600000000000477,177.64499999999998,inf,177.72899999999998,177.72899999999998,177.72899999999998
675,T1,BESTEFFORT,MISSED,m6-1,67.751,"{'m1-1': 28.21, 'm2-1': 26.05, 'm3-1': 11.48, 'm4-1': 0.98, 'm5-1': 112.24, 'm6-1': 1.09, 'm7-1': 23.59, 'm8-1': 5.44}",0.04050000000002285,177.724,inf,177.751,177.751,177.751
676,T3,BESTEFFORT,MISSED,m6-1,67.893,"{'m1-1': 27.62, 'm2-1': 28.69, 'm3-1': 10.41, 'm4-1': 1.04, 'm5-1': 100.16, 'm6-1': 1.11, 'm7-1': 25.85, 'm8-1': 4.93}",0.21299999999999386,177.751,inf,177.893,177.893,177.893
677,T9,BESTEFFORT,MISSED,m4-1,68.021,"{'m1-1': 25.33, 'm2-1': 26.98, 'm3-1': 9.6, 'm4-1': 1.04, 'm5-1': 104.11, 'm6-1': 0.96, 'm7-1': 26.99, 'm8-1': 5.15}",0.438000000000045,177.72899999999998,inf,178.02100000000002,178.02100000000002,178.02100000000002
678,T10,BESTEFFORT,MISSED,m6-1,68.119,"{'m1-1': 23.17, 'm2-1': 25.04, 'm3-1': 10.24, 'm4-1': 0.94, 'm5-1': 98.82, 'm6-1': 1.06, 'm7-1': 25.92, 'm8-1': 4.86}",0.33899999999999864,177.893,inf,178.119,178.119,178.119
679,T1,BESTEFFORT,MISSED,m4-1,68.331,"{'m1-1': 26.02, 'm2-1': 25.87, 'm3-1': 10.28, 'm4-1': 1.16, 'm5-1': 101.65, 'm6-1': 0.98, 'm7-1': 23.18, 'm8-1': 4.81}",0.4650000000000034,178.02100000000002,inf,178.33100000000002,178.33100000000002,178.33100000000002
680,T1,BESTEFFORT,MISSED,m8-1,68.478,"{'m1-1': 25.07, 'm2-1': 26.59, 'm3-1': 10.22, 'm4-1': 0.99, 'm5-1': 101.82, 'm6-1': 1.11, 'm7-1': 23.74, 'm8-1': 5.28}",6.284999999999997,174.288,inf,178.478,178.478,178.478
681,T10,BESTEFFORT,MISSED,m6-1,68.526,"{'m1-1': 24.64, 'm2-1': 24.84, 'm3-1': 10.42, 'm4-1': 0.94, 'm5-1': 107.78, 'm6-1': 0.99, 'm7-1': 25.72, 'm8-1': 5.01}",0.610500000000016,178.119,inf,178.526,178.526,178.526
682,T7,BESTEFFORT,MISSED,m2-1,68.622,"{'m1-1': 27.16, 'm2-1': 26.65, 'm3-1': 10.98, 'm4-1': 1.11, 'm5-1': 107.32, 'm6-1': 1.11, 'm7-1': 27.82, 'm8-1': 5.28}",35.65950000000004,154.849,inf,178.622,178.622,178.622
683,T1,BESTEFFORT,MISSED,m4-1,68.79,"{'m1-1': 24.77, 'm2-1': 24.02, 'm3-1': 10.47, 'm4-1': 1.03, 'm5-1': 110.86, 'm6-1': 1.08, 'm7-1': 26.64, 'm8-1': 5.49}",0.6885000000000048,178.33100000000002,inf,178.79000000000002,178.79000000000002,178.79000000000002
684,T9,BESTEFFORT,MISSED,m6-1,68.793,"{'m1-1': 27.38, 'm2-1': 24.94, 'm3-1': 10.6, 'm4-1': 1.07, 'm5-1': 101.24, 'm6-1': 1.08, 'm7-1': 27.39, 'm8-1': 5.31}",0.40049999999999386,178.526,inf,178.793,178.793,178.793
685,T9,BESTEFFORT,MISSED,m6-1,68.922,"{'m1-1': 25.09, 'm2-1': 25.18, 'm3-1': 10.44, 'm4-1': 1.14, 'm5-1': 110.56, 'm6-1': 1.1, 'm7-1': 24.18, 'm8-1': 4.63}",0.19349999999998602,178.793,inf,178.922,178.922,178.922
686,T4,BESTEFFORT,MISSED,m4-1,69.048,"{'m1-1': 25.78, 'm2-1': 26.8, 'm3-1': 9.49, 'm4-1': 1.1, 'm5-1': 105.29, 'm6-1': 1.03, 'm7-1': 24.18, 'm8-1': 4.93}",0.38699999999997203,178.79000000000002,inf,179.048,179.048,179.048
687,T1,BESTEFFORT,MISSED,m6-1,69.138,"{'m1-1': 26.04, 'm2-1': 25.18, 'm3-1': 11.29, 'm4-1': 1.03, 'm5-1': 107.58, 'm6-1': 1.04, 'm7-1': 27.21, 'm8-1': 5.1}",0.3240000000000123,178.922,inf,179.138,179.138,179.138
688,T2,BESTEFFORT,MISSED,m4-1,69.278,"{'m1-1': 28.07, 'm2-1': 26.7, 'm3-1': 9.47, 'm4-1': 1.03, 'm5-1': 103.54, 'm6-1': 1.02, 'm7-1': 26.74, 'm8-1': 5.55}",0.3450000000000273,179.048,inf,179.27800000000002,179.27800000000002,179.27800000000002
689,T3,BESTEFFORT,MISSED,m6-1,69.356,"{'m1-1': 25.3, 'm2-1': 24.93, 'm3-1': 10.47, 'm4-1': 1.12, 'm5-1': 102.25, 'm6-1': 0.97, 'm7-1': 27.08, 'm8-1': 5.6}",0.32699999999998397,179.138,inf,179.356,179.356,179.356
690,T6,BESTEFFORT,MISSED,m4-1,69.395,"{'m1-1': 27.74, 'm2-1': 28.02, 'm3-1': 11.54, 'm4-1': 1.08, 'm5-1': 108.26, 'm6-1': 1.13, 'm7-1': 28.18, 'm8-1': 5.68}",0.1754999999999427,179.27800000000002,inf,179.39499999999998,179.39499999999998,179.39499999999998
691,T7,BESTEFFORT,MISSED,m6-1,69.765,"{'m1-1': 26.97, 'm2-1': 25.5, 'm3-1': 11.27, 'm4-1': 0.98, 'm5-1': 101.52, 'm6-1': 1.12, 'm7-1': 27.17, 'm8-1': 5.11}",0.6134999999999877,179.356,inf,179.765,179.765,179.765
692,T2,BESTEFFORT,MISSED,m4-1,69.78,"{'m1-1': 26.62, 'm2-1': 27.82, 'm3-1': 11.2, 'm4-1': 1.04, 'm5-1': 96.41, 'm6-1': 1.14, 'm7-1': 24.81, 'm8-1': 5.28}",0.577500000000029,179.39499999999998,inf,179.78,179.78,179.78
693,T1,BESTEFFORT,MISSED,m6-1,69.783,"{'m1-1': 26.6, 'm2-1': 24.69, 'm3-1': 10.23, 'm4-1': 1.14, 'm5-1': 100.57, 'm6-1': 1.06, 'm7-1': 23.92, 'm8-1': 5.15}",0.027000000000043656,179.765,inf,179.78300000000002,179.78300000000002,179.78300000000002
694,T6,BESTEFFORT,MISSED,m1-1,69.991,"{'m1-1': 25.85, 'm2-1': 28.42, 'm3-1': 11.2, 'm4-1': 1.04, 'm5-1': 93.98, 'm6-1': 1.05, 'm7-1': 24.46, 'm8-1': 5.72}",37.043999999999954,155.29500000000002,inf,179.99099999999999,179.99099999999999,179.99099999999999
695,T6,BESTEFFORT,MISSED,m4-1,70.013,"{'m1-1': 27.92, 'm2-1': 27.42, 'm3-1': 10.29, 'm4-1': 1.05, 'm5-1': 97.09, 'm6-1': 1.05, 'm7-1': 24.67, 'm8-1': 5.08}",0.34950000000000614,179.78,inf,180.013,180.013,180.013
696,T10,BESTEFFORT,MISSED,m6-1,70.099,"{'m1-1': 24.47, 'm2-1': 26.23, 'm3-1': 10.16, 'm4-1': 1.0, 'm5-1': 114.04, 'm6-1': 1.02, 'm7-1': 23.42, 'm8-1': 5.05}",0.4739999999999611,179.78300000000002,inf,180.099,180.099,180.099
697,T7,BESTEFFORT,MISSED,m3-1,70.208,"{'m1-1': 25.14, 'm2-1': 26.19, 'm3-1': 10.53, 'm4-1': 1.04, 'm5-1': 114.92, 'm6-1': 1.04, 'm7-1': 24.26, 'm8-1': 5.55}",13.538999999999973,171.18200000000002,inf,180.208,180.208,180.208
698,T9,BESTEFFORT,MISSED,m6-1,70.223,"{'m1-1': 25.37, 'm2-1': 28.48, 'm3-1': 10.14, 'm4-1': 1.12, 'm5-1': 113.25, 'm6-1': 0.96, 'm7-1': 26.43, 'm8-1': 5.32}",0.18600000000003547,180.099,inf,180.223,180.223,180.223
699,T3,BESTEFFORT,MISSED,m4-1,70.461,"{'m1-1': 27.79, 'm2-1': 27.62, 'm3-1': 11.34, 'm4-1': 1.11, 'm5-1': 107.53, 'm6-1': 1.0, 'm7-1': 27.97, 'm8-1': 5.6}",0.6720000000000113,180.013,inf,180.461,180.461,180.461
700,T8,BESTEFFORT,MISSED,m6-1,70.491,"{'m1-1': 28.58, 'm2-1': 27.44, 'm3-1': 11.5, 'm4-1': 1.15, 'm5-1': 112.91, 'm6-1': 0.97, 'm7-1': 27.53, 'm8-1': 4.72}",0.4019999999999584,180.223,inf,180.49099999999999,180.49099999999999,180.49099999999999
701,T10,BESTEFFORT,MISSED,m4-1,70.518,"{'m1-1': 23.38, 'm2-1': 24.19, 'm3-1': 11.32, 'm4-1': 0.98, 'm5-1': 112.62, 'm6-1': 0.94, 'm7-1': 26.81, 'm8-1': 5.49}",0.08549999999998192,180.461,inf,180.518,180.518,180.518
702,T9,BESTEFFORT,MISSED,m6-1,70.62,"{'m1-1': 26.98, 'm2-1': 26.17, 'm3-1': 9.52, 'm4-1': 1.03, 'm5-1': 101.51, 'm6-1': 1.09, 'm7-1': 28.16, 'm8-1': 5.36}",0.19350000000002865,180.49099999999999,inf,180.62,180.62,180.62
703,T3,BESTEFFORT,MISSED,m6-1,71.043,"{'m1-1': 23.72, 'm2-1': 28.18, 'm3-1': 10.21, 'm4-1': 1.04, 'm5-1': 110.34, 'm6-1': 1.1, 'm7-1': 25.59, 'm8-1': 5.35}",0.6345000000000027,180.62,inf,181.043,181.043,181.043
704,T1,BESTEFFORT,MISSED,m4-1,71.113,"{'m1-1': 24.51, 'm2-1': 23.83, 'm3-1': 11.32, 'm4-1': 0.99, 'm5-1': 105.55, 'm6-1': 1.08, 'm7-1': 24.36, 'm8-1': 5.55}",0.8924999999999983,180.518,inf,181.113,181.113,181.113
705,T4,BESTEFFORT,MISSED,m6-1,71.144,"{'m1-1': 28.18, 'm2-1': 23.78, 'm3-1': 10.76, 'm4-1': 1.03, 'm5-1': 108.09, 'm6-1': 1.01, 'm7-1': 25.78, 'm8-1': 5.84}",0.15149999999999864,181.043,inf,181.144,181.144,181.144
706,T9,BESTEFFORT,MISSED,m4-1,71.216,"{'m1-1': 24.18, 'm2-1': 25.77, 'm3-1': 10.18, 'm4-1': 1.05, 'm5-1': 108.16, 'm6-1': 0.96, 'm7-1': 24.52, 'm8-1': 4.9}",0.15450000000001296,181.113,inf,181.216,181.216,181.216
707,T2,BESTEFFORT,MISSED,m6-1,71.449,"{'m1-1': 26.44, 'm2-1': 26.57, 'm3-1': 10.65, 'm4-1': 1.06, 'm5-1': 108.16, 'm6-1': 0.98, 'm7-1': 25.19, 'm8-1': 5.53}",0.45750000000001023,181.144,inf,181.449,181.449,181.449
708,T4,BESTEFFORT,MISSED,m4-1,71.471,"{'m1-1': 28.95, 'm2-1': 25.7, 'm3-1': 9.41, 'm4-1': 1.06, 'm5-1': 98.22, 'm6-1': 1.11, 'm7-1': 26.08, 'm8-1': 5.11}",0.3824999999999932,181.216,inf,181.471,181.471,181.471
709,T9,BESTEFFORT,MISSED,m6-1,71.574,"{'m1-1': 25.2, 'm2-1': 25.08, 'm3-1': 9.23, 'm4-1': 1.09, 'm5-1': 100.55, 'm6-1': 1.04, 'm7-1': 27.01, 'm8-1': 5.03}",0.1875,181.449,inf,181.574,181.574,181.574
710,T4,BESTEFFORT,MISSED,m4-1,71.831,"{'m1-1': 27.76, 'm2-1': 27.18, 'm3-1': 10.02, 'm4-1': 1.07, 'm5-1': 113.73, 'm6-1': 1.03, 'm7-1': 24.52, 'm8-1': 5.14}",0.5400000000000205,181.471,inf,181.83100000000002,181.83100000000002,181.83100000000002
711,T3,BESTEFFORT,MISSED,m6-1,71.947,"{'m1-1': 25.78, 'm2-1': 24.5, 'm3-1': 11.66, 'm4-1': 1.09, 'm5-1': 109.88, 'm6-1': 1.01, 'm7-1': 28.46, 'm8-1': 5.32}",0.5594999999999857,181.574,inf,181.947,181.947,181.947
712,T2,BESTEFFORT,MISSED,m4-1,72.035,"{'m1-1': 24.49, 'm2-1': 26.6, 'm3-1': 9.72, 'm4-1': 1.15, 'm5-1': 114.04, 'm6-1': 1.09, 'm7-1': 27.13, 'm8-1': 5.51}",0.30599999999996896,181.83100000000002,inf,182.035,182.035,182.035
713,T4,BESTEFFORT,MISSED,m4-1,72.218,"{'m1-1': 26.34, 'm2-1': 25.93, 'm3-1': 9.78, 'm4-1': 1.11, 'm5-1': 99.84, 'm6-1': 0.99, 'm7-1': 25.2, 'm8-1': 5.41}",0.2745000000000317,182.035,inf,182.21800000000002,182.21800000000002,182.21800000000002
714,T5,BESTEFFORT,MISSED,m6-1,72.305,"{'m1-1': 28.65, 'm2-1': 23.61, 'm3-1': 10.13, 'm4-1': 1.12, 'm5-1': 96.52, 'm6-1': 1.1, 'm7-1': 27.96, 'm8-1': 5.08}",0.5370000000000061,181.947,inf,182.305,182.305,182.305
715,T6,BESTEFFORT,MISSED,m4-1,72.357,"{'m1-1': 23.94, 'm2-1': 29.12, 'm3-1': 10.76, 'm4-1': 1.06, 'm5-1': 99.66, 'm6-1': 1.04, 'm7-1': 25.79, 'm8-1': 4.97}",0.20849999999997237,182.21800000000002,inf,182.357,182.357,182.357
716,T3,BESTEFFORT,MISSED,m6-1,72.566,"{'m1-1': 27.12, 'm2-1': 25.03, 'm3-1': 11.5, 'm4-1': 1.09, 'm5-1': 104.49, 'm6-1': 0.97, 'm7-1': 26.97, 'm8-1': 4.89}",0.3914999999999935,182.305,inf,182.566,182.566,182.566
717,T9,BESTEFFORT,MISSED,m4-1,72.595,"{'m1-1': 28.36, 'm2-1': 25.32, 'm3-1': 9.46, 'm4-1': 1.06, 'm5-1': 95.59, 'm6-1': 1.01, 'm7-1': 25.1, 'm8-1': 5.14}",0.3569999999999993,182.357,inf,182.595,182.595,182.595
718,T8,BESTEFFORT,MISSED,m8-1,72.727,"{'m1-1': 27.23, 'm2-1': 26.28, 'm3-1': 10.52, 'm4-1': 1.15, 'm5-1': 107.03, 'm6-1': 0.98, 'm7-1': 24.23, 'm8-1': 4.94}",6.373499999999993,178.478,inf,182.727,182.727,182.727
719,T2,BESTEFFORT,MISSED,m6-1,72.81,"{'m1-1': 26.01, 'm2-1': 26.74, 'm3-1': 10.07, 'm4-1': 1.12, 'm5-1': 97.22, 'm6-1': 1.05, 'm7-1': 23.14, 'm8-1': 5.04}",0.36599999999999966,182.566,inf,182.81,182.81,182.81
720,T8,BESTEFFORT,MISSED,m4-1,72.816,"{'m1-1': 28.55, 'm2-1': 26.94, 'm3-1': 10.31, 'm4-1': 1.06, 'm5-1': 95.59, 'm6-1': 1.01, 'm7-1': 28.01, 'm8-1': 5.58}",0.33150000000000546,182.595,inf,182.816,182.816,182.816
721,T9,BESTEFFORT,MISSED,m6-1,72.892,"{'m1-1': 25.02, 'm2-1': 24.34, 'm3-1': 10.72, 'm4-1': 1.07, 'm5-1': 110.22, 'm6-1': 1.11, 'm7-1': 25.54, 'm8-1': 4.99}",0.12299999999999045,182.81,inf,182.892,182.892,182.892
722,T6,BESTEFFORT,MISSED,m4-1,73.376,"{'m1-1': 24.05, 'm2-1': 27.63, 'm3-1': 11.17, 'm4-1': 0.97, 'm5-1': 104.61, 'm6-1': 1.1, 'm7-1': 27.01, 'm8-1': 5.52}",0.8400000000000034,182.816,inf,183.376,183.376,183.376
723,T10,BESTEFFORT,MISSED,m6-1,73.422,"{'m1-1': 23.81, 'm2-1': 24.79, 'm3-1': 10.24, 'm4-1': 0.94, 'm5-1': 114.68, 'm6-1': 0.98, 'm7-1': 27.59, 'm8-1': 5.18}",0.7950000000000017,182.892,inf,183.422,183.422,183.422
724,T9,BESTEFFORT,MISSED,m6-1,73.565,"{'m1-1': 28.04, 'm2-1': 28.18, 'm3-1': 10.75, 'm4-1': 1.06, 'm5-1': 107.04, 'm6-1': 1.1, 'm7-1': 25.57, 'm8-1': 4.97}",0.21450000000000102,183.422,inf,183.565,183.565,183.565
725,T8,BESTEFFORT,MISSED,m4-1,73.73,"{'m1-1': 27.44, 'm2-1': 25.17, 'm3-1': 10.72, 'm4-1': 1.03, 'm5-1': 98.55, 'm6-1': 1.06, 'm7-1': 25.92, 'm8-1': 4.98}",0.5310000000000201,183.376,inf,183.73000000000002,183.73000000000002,183.73000000000002
726,T2,BESTEFFORT,MISSED,m6-1,73.781,"{'m1-1': 28.48, 'm2-1': 27.81, 'm3-1': 10.46, 'm4-1': 1.08, 'm5-1': 111.68, 'm6-1': 0.97, 'm7-1': 23.18, 'm8-1': 4.87}",0.3240000000000123,183.565,inf,183.781,183.781,183.781
727,T4,BESTEFFORT,MISSED,m4-1,73.882,"{'m1-1': 28.08, 'm2-1': 23.92, 'm3-1': 9.55, 'm4-1': 1.02, 'm5-1': 96.31, 'm6-1': 1.08, 'm7-1': 28.06, 'm8-1': 5.78}",0.22799999999998022,183.73000000000002,inf,183.882,183.882,183.882
728,T2,BESTEFFORT,MISSED,m6-1,74.022,"{'m1-1': 26.75, 'm2-1': 24.73, 'm3-1': 9.49, 'm4-1': 1.04, 'm5-1': 102.79, 'm6-1': 1.04, 'm7-1': 24.26, 'm8-1': 5.04}",0.36149999999997817,183.781,inf,184.022,184.022,184.022
729,T8,BESTEFFORT,MISSED,m4-1,74.069,"{'m1-1': 27.19, 'm2-1': 27.47, 'm3-1': 10.81, 'm4-1': 1.02, 'm5-1': 104.17, 'm6-1': 1.07, 'm7-1': 26.54, 'm8-1': 5.3}",0.28050000000001774,183.882,inf,184.06900000000002,184.06900000000002,184.06900000000002
730,T1,BESTEFFORT,MISSED,m6-1,74.157,"{'m1-1': 27.12, 'm2-1': 26.6, 'm3-1': 11.69, 'm4-1': 1.12, 'm5-1': 102.08, 'm6-1': 1.07, 'm7-1': 23.92, 'm8-1': 5.18}",0.20249999999998636,184.022,inf,184.15699999999998,184.15699999999998,184.15699999999998
731,T9,BESTEFFORT,MISSED,m6-1,74.232,"{'m1-1': 24.86, 'm2-1': 27.82, 'm3-1': 10.1, 'm4-1': 1.06, 'm5-1': 98.95, 'm6-1': 0.94, 'm7-1': 28.07, 'm8-1': 5.2}",0.11250000000002558,184.15699999999998,inf,184.232,184.232,184.232
732,T6,BESTEFFORT,MISSED,m4-1,74.323,"{'m1-1': 27.39, 'm2-1': 26.42, 'm3-1': 10.1, 'm4-1': 0.98, 'm5-1': 92.54, 'm6-1': 1.0, 'm7-1': 28.23, 'm8-1': 5.39}",0.3809999999999434,184.06900000000002,inf,184.32299999999998,184.32299999999998,184.32299999999998
733,T1,BESTEFFORT,MISSED,m6-1,74.394,"{'m1-1': 25.75, 'm2-1': 24.83, 'm3-1': 11.23, 'm4-1': 0.99, 'm5-1': 110.11, 'm6-1': 1.03, 'm7-1': 27.35, 'm8-1': 5.08}",0.2430000000000092,184.232,inf,184.394,184.394,184.394
734,T9,BESTEFFORT,MISSED,m6-1,74.567,"{'m1-1': 24.79, 'm2-1': 26.13, 'm3-1': 9.36, 'm4-1': 1.12, 'm5-1': 104.36, 'm6-1': 1.08, 'm7-1': 24.6, 'm8-1': 4.88}",0.25950000000000273,184.394,inf,184.567,184.567,184.567
735,T10,BESTEFFORT,MISSED,m4-1,75.055,"{'m1-1': 24.46, 'm2-1': 26.37, 'm3-1': 10.06, 'm4-1': 1.01, 'm5-1': 102.67, 'm6-1': 1.0, 'm7-1': 24.87, 'm8-1': 5.58}",1.0980000000000416,184.32299999999998,inf,185.055,185.055,185.055
736,T6,BESTEFFORT,MISSED,m6-1,75.207,"{'m1-1': 27.71, 'm2-1': 28.15, 'm3-1': 11.8, 'm4-1': 1.03, 'm5-1': 100.39, 'm6-1': 1.06, 'm7-1': 24.59, 'm8-1': 5.57}",0.9599999999999795,184.567,inf,185.207,185.207,185.207
737,T10,BESTEFFORT,MISSED,m4-1,75.371,"{'m1-1': 23.74, 'm2-1': 24.64, 'm3-1': 11.62, 'm4-1': 1.04, 'm5-1': 97.06, 'm6-1': 1.03, 'm7-1': 23.54, 'm8-1': 5.44}",0.4739999999999611,185.055,inf,185.37099999999998,185.37099999999998,185.37099999999998
738,T8,BESTEFFORT,MISSED,m6-1,75.398,"{'m1-1': 26.46, 'm2-1': 25.58, 'm3-1': 11.03, 'm4-1': 1.09, 'm5-1': 101.42, 'm6-1': 1.0, 'm7-1': 27.92, 'm8-1': 5.06}",0.28650000000000375,185.207,inf,185.398,185.398,185.398
739,T9,BESTEFFORT,MISSED,m6-1,75.472,"{'m1-1': 26.15, 'm2-1': 26.0, 'm3-1': 10.92, 'm4-1': 1.08, 'm5-1': 112.77, 'm6-1': 0.95, 'm7-1': 24.34, 'm8-1': 4.92}",0.11099999999997578,185.398,inf,185.47199999999998,185.47199999999998,185.47199999999998
740,T6,BESTEFFORT,MISSED,m4-1,75.614,"{'m1-1': 23.97, 'm2-1': 29.6, 'm3-1': 10.08, 'm4-1': 1.07, 'm5-1': 107.79, 'm6-1': 1.0, 'm7-1': 28.4, 'm8-1': 5.78}",0.36450000000003513,185.37099999999998,inf,185.614,185.614,185.614
741,T4,BESTEFFORT,MISSED,m6-1,75.689,"{'m1-1': 26.05, 'm2-1': 26.56, 'm3-1': 10.82, 'm4-1': 0.96, 'm5-1': 111.93, 'm6-1': 1.1, 'm7-1': 28.6, 'm8-1': 5.61}",0.32550000000001944,185.47199999999998,inf,185.689,185.689,185.689
742,T5,BESTEFFORT,MISSED,m4-1,75.733,"{'m1-1': 28.09, 'm2-1': 23.61, 'm3-1': 9.34, 'm4-1': 1.08, 'm5-1': 103.64, 'm6-1': 1.02, 'm7-1': 27.93, 'm8-1': 4.84}",0.17849999999999966,185.614,inf,185.733,185.733,185.733
743,T3,BESTEFFORT,MISSED,m6-1,75.87,"{'m1-1': 25.1, 'm2-1': 26.06, 'm3-1': 11.73, 'm4-1': 1.04, 'm5-1': 113.5, 'm6-1': 0.98, 'm7-1': 25.75, 'm8-1': 5.54}",0.2715000000000174,185.689,inf,185.87,185.87,185.87
744,T9,BESTEFFORT,MISSED,m4-1,75.875,"{'m1-1': 25.01, 'm2-1': 24.58, 'm3-1': 10.29, 'm4-1': 1.19, 'm5-1': 97.3, 'm6-1': 1.02, 'm7-1': 25.3, 'm8-1': 5.08}",0.21299999999999386,185.733,inf,185.875,185.875,185.875
745,T6,BESTEFFORT,MISSED,m6-1,75.913,"{'m1-1': 24.16, 'm2-1': 29.17, 'm3-1': 10.4, 'm4-1': 1.11, 'm5-1': 99.45, 'm6-1': 1.1, 'm7-1': 28.32, 'm8-1': 5.3}",0.06450000000000955,185.87,inf,185.913,185.913,185.913
746,T9,BESTEFFORT,MISSED,m6-1,75.968,"{'m1-1': 25.32, 'm2-1': 24.53, 'm3-1': 9.38, 'm4-1': 1.11, 'm5-1': 106.29, 'm6-1': 1.02, 'm7-1': 27.11, 'm8-1': 5.3}",0.08250000000001023,185.913,inf,185.96800000000002,185.96800000000002,185.96800000000002
747,T9,BESTEFFORT,MISSED,m6-1,76.026,"{'m1-1': 25.55, 'm2-1': 27.74, 'm3-1': 9.33, 'm4-1': 1.07, 'm5-1': 96.74, 'm6-1': 0.93, 'm7-1': 25.06, 'm8-1': 4.72}",0.08699999999998909,185.96800000000002,inf,186.026,186.026,186.026
748,T3,BESTEFFORT,MISSED,m4-1,76.03,"{'m1-1': 25.82, 'm2-1': 25.91, 'm3-1': 11.76, 'm4-1': 1.11, 'm5-1': 114.49, 'm6-1': 0.96, 'm7-1': 26.75, 'm8-1': 5.24}",0.2325000000000017,185.875,inf,186.03,186.03,186.03
749,T8,BESTEFFORT,MISSED,m6-1,76.047,"{'m1-1': 28.41, 'm2-1': 26.2, 'm3-1': 10.3, 'm4-1': 1.04, 'm5-1': 113.25, 'm6-1': 1.07, 'm7-1': 27.87, 'm8-1': 5.16}",0.03149999999997988,186.026,inf,186.047,186.047,186.047
750,T5,BESTEFFORT,MISSED,m4-1,76.149,"{'m1-1': 26.07, 'm2-1': 24.89, 'm3-1': 9.74, 'm4-1': 1.12, 'm5-1': 96.69, 'm6-1': 1.05, 'm7-1': 26.78, 'm8-1': 5.62}",0.17849999999999966,186.03,inf,186.149,186.149,186.149
751,T7,BESTEFFORT,MISSED,m6-1,76.232,"{'m1-1': 24.66, 'm2-1': 26.34, 'm3-1': 10.78, 'm4-1': 1.12, 'm5-1': 111.16, 'm6-1': 1.08, 'm7-1': 27.55, 'm8-1': 4.89}",0.2775000000000034,186.047,inf,186.232,186.232,186.232
752,T9,BESTEFFORT,MISSED,m4-1,76.397,"{'m1-1': 25.83, 'm2-1': 28.4, 'm3-1': 9.9, 'm4-1': 1.15, 'm5-1': 101.24, 'm6-1': 0.95, 'm7-1': 26.15, 'm8-1': 4.93}",0.3719999999999857,186.149,inf,186.397,186.397,186.397
753,T6,BESTEFFORT,MISSED,m6-1,76.402,"{'m1-1': 23.87, 'm2-1': 29.3, 'm3-1': 11.29, 'm4-1': 0.98, 'm5-1': 105.53, 'm6-1': 1.15, 'm7-1': 24.96, 'm8-1': 5.14}",0.25499999999998124,186.232,inf,186.402,186.402,186.402
754,T9,BESTEFFORT,MISSED,m6-1,76.433,"{'m1-1': 26.02, 'm2-1': 25.44, 'm3-1': 9.26, 'm4-1': 1.13, 'm5-1': 108.7, 'm6-1': 1.06, 'm7-1': 24.26, 'm8-1': 5.28}",0.04650000000000887,186.402,inf,186.433,186.433,186.433
755,T4,BESTEFFORT,MISSED,m6-1,76.482,"{'m1-1': 28.18, 'm2-1': 24.36, 'm3-1': 10.96, 'm4-1': 1.02, 'm5-1': 110.22, 'm6-1': 0.98, 'm7-1': 27.75, 'm8-1': 5.49}",0.07350000000000989,186.433,inf,186.482,186.482,186.482
756,T4,BESTEFFORT,MISSED,m4-1,76.845,"{'m1-1': 28.4, 'm2-1': 27.4, 'm3-1': 9.57, 'm4-1': 1.1, 'm5-1': 100.12, 'm6-1': 0.97, 'm7-1': 27.82, 'm8-1': 5.28}",0.6720000000000113,186.397,inf,186.845,186.845,186.845
757,T4,BESTEFFORT,MISSED,m6-1,76.85,"{'m1-1': 28.93, 'm2-1': 25.64, 'm3-1': 10.96, 'm4-1': 1.03, 'm5-1': 96.51, 'm6-1': 1.04, 'm7-1': 27.66, 'm8-1': 5.31}",0.5519999999999925,186.482,inf,186.85,186.85,186.85
758,T10,BESTEFFORT,MISSED,m4-1,76.869,"{'m1-1': 27.01, 'm2-1': 25.55, 'm3-1': 10.56, 'm4-1': 0.96, 'm5-1': 99.32, 'm6-1': 1.07, 'm7-1': 26.47, 'm8-1': 5.38}",0.036000000000001364,186.845,inf,186.869,186.869,186.869
759,T4,BESTEFFORT,MISSED,m6-1,76.947,"{'m1-1': 26.84, 'm2-1': 26.16, 'm3-1': 9.46, 'm4-1': 1.12, 'm5-1': 102.13, 'm6-1': 1.12, 'm7-1': 26.5, 'm8-1': 5.82}",0.14550000000001262,186.85,inf,186.947,186.947,186.947
760,T9,BESTEFFORT,MISSED,m8-1,77.078,"{'m1-1': 27.44, 'm2-1': 26.66, 'm3-1': 9.31, 'm4-1': 1.11, 'm5-1': 109.05, 'm6-1': 0.94, 'm7-1': 25.42, 'm8-1': 4.72}",6.526499999999999,182.727,inf,187.078,187.078,187.078
761,T9,BESTEFFORT,MISSED,m4-1,77.133,"{'m1-1': 27.12, 'm2-1': 27.24, 'm3-1': 9.95, 'm4-1': 1.11, 'm5-1': 113.16, 'm6-1': 1.08, 'm7-1': 24.52, 'm8-1': 5.06}",0.3959999999999724,186.869,inf,187.13299999999998,187.13299999999998,187.13299999999998
762,T6,BESTEFFORT,MISSED,m6-1,77.161,"{'m1-1': 25.81, 'm2-1': 26.01, 'm3-1': 10.75, 'm4-1': 1.08, 'm5-1': 96.55, 'm6-1': 1.02, 'm7-1': 25.13, 'm8-1': 5.66}",0.32099999999999795,186.947,inf,187.161,187.161,187.161
763,T4,BESTEFFORT,MISSED,m4-1,77.224,"{'m1-1': 27.81, 'm2-1': 24.17, 'm3-1': 9.43, 'm4-1': 1.1, 'm5-1': 105.79, 'm6-1': 1.12, 'm7-1': 26.1, 'm8-1': 5.81}",0.13650000000001228,187.13299999999998,inf,187.224,187.224,187.224
764,T4,BESTEFFORT,MISSED,m6-1,77.232,"{'m1-1': 28.96, 'm2-1': 27.15, 'm3-1': 10.41, 'm4-1': 1.01, 'm5-1': 103.46, 'm6-1': 1.14, 'm7-1': 26.18, 'm8-1': 5.32}",0.10649999999999693,187.161,inf,187.232,187.232,187.232
765,T5,BESTEFFORT,MISSED,m4-1,77.248,"{'m1-1': 27.08, 'm2-1': 27.65, 'm3-1': 9.15, 'm4-1': 0.99, 'm5-1': 102.28, 'm6-1': 1.01, 'm7-1': 25.44, 'm8-1': 5.63}",0.036000000000001364,187.224,inf,187.248,187.248,187.248
766,T4,BESTEFFORT,MISSED,m4-1,77.276,"{'m1-1': 26.26, 'm2-1': 24.57, 'm3-1': 10.44, 'm4-1': 0.96, 'm5-1': 99.44, 'm6-1': 1.15, 'm7-1': 27.45, 'm8-1': 5.78}",0.04200000000003001,187.248,inf,187.276,187.276,187.276
767,T2,BESTEFFORT,MISSED,m6-1,77.281,"{'m1-1': 26.27, 'm2-1': 24.66, 'm3-1': 9.74, 'm4-1': 1.08, 'm5-1': 108.35, 'm6-1': 1.12, 'm7-1': 24.79, 'm8-1': 5.16}",0.07350000000000989,187.232,inf,187.281,187.281,187.281
768,T10,BESTEFFORT,MISSED,m6-1,77.646,"{'m1-1': 25.05, 'm2-1': 26.82, 'm3-1': 9.96, 'm4-1': 1.08, 'm5-1': 112.03, 'm6-1': 1.0, 'm7-1': 23.75, 'm8-1': 4.86}",0.5475000000000136,187.281,inf,187.64600000000002,187.64600000000002,187.64600000000002
769,T7,BESTEFFORT,MISSED,m4-1,78.064,"{'m1-1': 27.88, 'm2-1': 23.92, 'm3-1': 10.33, 'm4-1': 1.0, 'm5-1': 107.02, 'm6-1': 1.1, 'm7-1': 27.29, 'm8-1': 4.83}",1.1819999999999737,187.276,inf,188.064,188.064,188.064
770,T4,BESTEFFORT,MISSED,m6-1,78.102,"{'m1-1': 25.5, 'm2-1': 25.81, 'm3-1': 10.92, 'm4-1': 1.07, 'm5-1': 114.3, 'm6-1': 1.06, 'm7-1': 27.05, 'm8-1': 5.28}",0.6839999999999833,187.64600000000002,inf,188.102,188.102,188.102
771,T7,BESTEFFORT,MISSED,m4-1,78.226,"{'m1-1': 26.89, 'm2-1': 26.58, 'm3-1': 10.5, 'm4-1': 1.11, 'm5-1': 107.05, 'm6-1': 1.05, 'm7-1': 24.57, 'm8-1': 5.15}",0.2430000000000092,188.064,inf,188.226,188.226,188.226
772,T3,BESTEFFORT,MISSED,m4-1,78.404,"{'m1-1': 24.25, 'm2-1': 25.49, 'm3-1': 11.69, 'm4-1': 1.13, 'm5-1': 101.94, 'm6-1': 1.07, 'm7-1': 26.65, 'm8-1': 4.96}",0.2669999999999959,188.226,inf,188.404,188.404,188.404
773,T2,BESTEFFORT,MISSED,m6-1,78.783,"{'m1-1': 26.2, 'm2-1': 26.51, 'm3-1': 10.48, 'm4-1': 1.16, 'm5-1': 106.58, 'm6-1': 1.09, 'm7-1': 26.08, 'm8-1': 5.04}",1.0215000000000174,188.102,inf,188.78300000000002,188.78300000000002,188.78300000000002
774,T7,BESTEFFORT,MISSED,m4-1,78.791,"{'m1-1': 26.1, 'm2-1': 25.61, 'm3-1': 10.79, 'm4-1': 1.04, 'm5-1': 107.21, 'm6-1': 1.06, 'm7-1': 26.62, 'm8-1': 5.34}",0.5805000000000007,188.404,inf,188.791,188.791,188.791
775,T9,BESTEFFORT,MISSED,m6-1,78.916,"{'m1-1': 24.05, 'm2-1': 27.42, 'm3-1': 10.65, 'm4-1': 1.06, 'm5-1': 112.24, 'm6-1': 1.06, 'm7-1': 27.0, 'm8-1': 4.96}",0.19949999999997203,188.78300000000002,inf,188.916,188.916,188.916
776,T3,BESTEFFORT,MISSED,m4-1,79.093,"{'m1-1': 25.51, 'm2-1': 28.3, 'm3-1': 10.62, 'm4-1': 0.95, 'm5-1': 118.35, 'm6-1': 1.11, 'm7-1': 26.73, 'm8-1': 5.6}",0.4530000000000314,188.791,inf,189.09300000000002,189.09300000000002,189.09300000000002
777,T5,BESTEFFORT,MISSED,m6-1,79.376,"{'m1-1': 26.72, 'm2-1': 26.96, 'm3-1': 10.3, 'm4-1': 1.05, 'm5-1': 107.56, 'm6-1': 1.07, 'm7-1': 27.73, 'm8-1': 5.01}",0.6900000000000119,188.916,inf,189.376,189.376,189.376
778,T9,BESTEFFORT,MISSED,m3-1,79.382,"{'m1-1': 26.5, 'm2-1': 25.16, 'm3-1': 10.86, 'm4-1': 1.12, 'm5-1': 103.6, 'm6-1': 0.96, 'm7-1': 24.68, 'm8-1': 4.86}",13.76100000000001,180.208,inf,189.382,189.382,189.382
779,T10,BESTEFFORT,MISSED,m4-1,79.426,"{'m1-1': 26.73, 'm2-1': 25.24, 'm3-1': 10.28, 'm4-1': 1.04, 'm5-1': 102.52, 'm6-1': 1.02, 'm7-1': 23.9, 'm8-1': 4.9}",0.499499999999955,189.09300000000002,inf,189.426,189.426,189.426
780,T9,BESTEFFORT,MISSED,m6-1,79.518,"{'m1-1': 24.81, 'm2-1': 26.05, 'm3-1': 10.51, 'm4-1': 1.17, 'm5-1': 98.11, 'm6-1': 1.0, 'm7-1': 26.95, 'm8-1': 4.69}",0.21299999999999386,189.376,inf,189.518,189.518,189.518
781,T7,BESTEFFORT,MISSED,m4-1,79.531,"{'m1-1': 26.29, 'm2-1': 24.74, 'm3-1': 10.79, 'm4-1': 1.08, 'm5-1': 107.76, 'm6-1': 1.04, 'm7-1': 24.07, 'm8-1': 5.15}",0.15750000000002728,189.426,inf,189.531,189.531,189.531
782,T2,BESTEFFORT,MISSED,m6-1,79.554,"{'m1-1': 27.54, 'm2-1': 27.32, 'm3-1': 10.38, 'm4-1': 1.02, 'm5-1': 103.65, 'm6-1': 1.1, 'm7-1': 23.62, 'm8-1': 5.42}",0.054000000000002046,189.518,inf,189.554,189.554,189.554
783,T2,BESTEFFORT,MISSED,m4-1,79.593,"{'m1-1': 26.04, 'm2-1': 25.67, 'm3-1': 11.11, 'm4-1': 1.09, 'm5-1': 107.3, 'm6-1': 1.11, 'm7-1': 24.99, 'm8-1': 5.4}",0.09300000000001774,189.531,inf,189.59300000000002,189.59300000000002,189.59300000000002
784,T8,BESTEFFORT,MISSED,m6-1,79.603,"{'m1-1': 26.66, 'm2-1': 28.95, 'm3-1': 11.47, 'm4-1': 1.15, 'm5-1': 101.41, 'm6-1': 0.98, 'm7-1': 25.21, 'm8-1': 5.37}",0.07350000000000989,189.554,inf,189.603,189.603,189.603
785,T2,BESTEFFORT,MISSED,m4-1,79.75,"{'m1-1': 26.57, 'm2-1': 26.1, 'm3-1': 9.5, 'm4-1': 1.1, 'm5-1': 99.96, 'm6-1': 1.12, 'm7-1': 26.7, 'm8-1': 5.05}",0.2354999999999734,189.59300000000002,inf,189.75,189.75,189.75
786,T7,BESTEFFORT,MISSED,m6-1,79.852,"{'m1-1': 24.45, 'm2-1': 23.51, 'm3-1': 9.84, 'm4-1': 1.08, 'm5-1': 116.45, 'm6-1': 1.06, 'm7-1': 27.36, 'm8-1': 4.94}",0.37349999999999284,189.603,inf,189.852,189.852,189.852
787,T3,BESTEFFORT,MISSED,m4-1,79.99,"{'m1-1': 25.43, 'm2-1': 28.3, 'm3-1': 11.21, 'm4-1': 1.08, 'm5-1': 114.49, 'm6-1': 1.12, 'm7-1': 28.66, 'm8-1': 5.31}",0.36000000000001364,189.75,inf,189.99,189.99,189.99
788,T1,BESTEFFORT,MISSED,m6-1,79.994,"{'m1-1': 29.06, 'm2-1': 26.37, 'm3-1': 11.73, 'm4-1': 1.04, 'm5-1': 100.73, 'm6-1': 1.03, 'm7-1': 25.71, 'm8-1': 5.37}",0.21299999999999386,189.852,inf,189.994,189.994,189.994
789,T5,BESTEFFORT,MISSED,m4-1,80.065,"{'m1-1': 24.94, 'm2-1': 23.51, 'm3-1': 9.8, 'm4-1': 1.1, 'm5-1': 95.9, 'm6-1': 1.16, 'm7-1': 28.46, 'm8-1': 5.43}",0.11249999999998295,189.99,inf,190.065,190.065,190.065
790,T4,BESTEFFORT,MISSED,m6-1,80.109,"{'m1-1': 28.23, 'm2-1': 25.45, 'm3-1': 10.94, 'm4-1': 1.04, 'm5-1': 111.98, 'm6-1': 1.02, 'm7-1': 24.51, 'm8-1': 5.66}",0.172499999999971,189.994,inf,190.10899999999998,190.10899999999998,190.10899999999998
791,T9,BESTEFFORT,MISSED,m6-1,80.133,"{'m1-1': 27.71, 'm2-1': 27.99, 'm3-1': 10.75, 'm4-1': 1.14, 'm5-1': 97.74, 'm6-1': 1.09, 'm7-1': 23.86, 'm8-1': 5.47}",0.036000000000001364,190.10899999999998,inf,190.13299999999998,190.13299999999998,190.13299999999998
792,T2,BESTEFFORT,MISSED,m4-1,80.189,"{'m1-1': 24.83, 'm2-1': 25.86, 'm3-1': 10.01, 'm4-1': 1.07, 'm5-1': 112.13, 'm6-1': 1.06, 'm7-1': 26.3, 'm8-1': 5.34}",0.18599999999999284,190.065,inf,190.189,190.189,190.189
793,T4,BESTEFFORT,MISSED,m6-1,80.268,"{'m1-1': 26.35, 'm2-1': 23.33, 'm3-1': 10.72, 'm4-1': 0.98, 'm5-1': 98.2, 'm6-1': 0.99, 'm7-1': 25.69, 'm8-1': 5.32}",0.202500000000029,190.13299999999998,inf,190.268,190.268,190.268
794,T9,BESTEFFORT,MISSED,m4-1,80.406,"{'m1-1': 26.68, 'm2-1': 27.73, 'm3-1': 9.71, 'm4-1': 1.06, 'm5-1': 108.89, 'm6-1': 1.0, 'm7-1': 26.16, 'm8-1': 5.23}",0.32550000000001944,190.189,inf,190.406,190.406,190.406
795,T4,BESTEFFORT,MISSED,m6-1,80.731,"{'m1-1': 29.21, 'm2-1': 24.77, 'm3-1': 9.6, 'm4-1': 1.08, 'm5-1': 110.91, 'm6-1': 1.07, 'm7-1': 26.8, 'm8-1': 5.02}",0.6944999999999908,190.268,inf,190.731,190.731,190.731
796,T6,BESTEFFORT,MISSED,m4-1,80.733,"{'m1-1': 24.2, 'm2-1': 26.67, 'm3-1': 10.52, 'm4-1': 1.03, 'm5-1': 104.66, 'm6-1': 1.13, 'm7-1': 28.32, 'm8-1': 5.91}",0.49049999999999727,190.406,inf,190.733,190.733,190.733
797,T9,BESTEFFORT,MISSED,m6-1,80.734,"{'m1-1': 27.29, 'm2-1': 26.46, 'm3-1': 9.6, 'm4-1': 1.17, 'm5-1': 102.19, 'm6-1': 1.05, 'm7-1': 24.24, 'm8-1': 4.9}",0.004499999999978854,190.731,inf,190.73399999999998,190.73399999999998,190.73399999999998
798,T4,BESTEFFORT,MISSED,m4-1,80.818,"{'m1-1': 28.66, 'm2-1': 26.82, 'm3-1': 10.5, 'm4-1': 0.98, 'm5-1': 110.84, 'm6-1': 1.12, 'm7-1': 27.73, 'm8-1': 5.18}",0.1274999999999693,190.733,inf,190.81799999999998,190.81799999999998,190.81799999999998
799,T8,BESTEFFORT,MISSED,m6-1,80.839,"{'m1-1': 28.07, 'm2-1': 26.68, 'm3-1': 11.49, 'm4-1': 1.12, 'm5-1': 98.67, 'm6-1': 0.99, 'm7-1': 27.97, 'm8-1': 5.28}",0.15750000000002728,190.73399999999998,inf,190.839,190.839,190.839
800,T1,BESTEFFORT,MISSED,m4-1,81.077,"{'m1-1': 25.46, 'm2-1': 24.04, 'm3-1': 11.73, 'm4-1': 1.09, 'm5-1': 99.96, 'm6-1': 1.06, 'm7-1': 26.37, 'm8-1': 5.5}",0.38850000000002183,190.81799999999998,inf,191.077,191.077,191.077
801,T3,BESTEFFORT,MISSED,m6-1,81.144,"{'m1-1': 24.74, 'm2-1': 26.21, 'm3-1': 10.77, 'm4-1': 1.03, 'm5-1': 102.84, 'm6-1': 1.04, 'm7-1': 27.93, 'm8-1': 5.69}",0.45750000000001023,190.839,inf,191.144,191.144,191.144
802,T10,BESTEFFORT,MISSED,m4-1,81.16,"{'m1-1': 26.27, 'm2-1': 24.61, 'm3-1': 11.79, 'm4-1': 0.94, 'm5-1': 98.27, 'm6-1': 1.0, 'm7-1': 24.77, 'm8-1': 5.56}",0.12449999999999761,191.077,inf,191.16,191.16,191.16
803,T5,BESTEFFORT,MISSED,m8-1,81.335,"{'m1-1': 28.99, 'm2-1': 24.52, 'm3-1': 9.71, 'm4-1': 1.14, 'm5-1': 106.1, 'm6-1': 1.15, 'm7-1': 26.41, 'm8-1': 5.13}",6.385499999999965,187.078,inf,191.33499999999998,191.33499999999998,191.33499999999998
804,T3,BESTEFFORT,MISSED,m6-1,81.34,"{'m1-1': 26.17, 'm2-1': 27.29, 'm3-1': 10.19, 'm4-1': 0.96, 'm5-1': 113.2, 'm6-1': 0.97, 'm7-1': 25.21, 'm8-1': 5.25}",0.29399999999999693,191.144,inf,191.34,191.34,191.34
805,T4,BESTEFFORT,MISSED,m4-1,81.496,"{'m1-1': 26.95, 'm2-1': 25.66, 'm3-1': 9.7, 'm4-1': 0.96, 'm5-1': 103.57, 'm6-1': 1.15, 'm7-1': 28.27, 'm8-1': 5.83}",0.5039999999999765,191.16,inf,191.49599999999998,191.49599999999998,191.49599999999998
806,T1,BESTEFFORT,MISSED,m6-1,81.878,"{'m1-1': 26.26, 'm2-1': 26.99, 'm3-1': 10.65, 'm4-1': 1.05, 'm5-1': 107.17, 'm6-1': 1.03, 'm7-1': 24.41, 'm8-1': 4.8}",0.8069999999999737,191.34,inf,191.878,191.878,191.878
807,T9,BESTEFFORT,MISSED,m4-1,81.975,"{'m1-1': 28.03, 'm2-1': 26.87, 'm3-1': 9.68, 'm4-1': 1.06, 'm5-1': 108.51, 'm6-1': 1.01, 'm7-1': 25.13, 'm8-1': 4.95}",0.7185000000000201,191.49599999999998,inf,191.975,191.975,191.975
808,T8,BESTEFFORT,MISSED,m6-1,82.039,"{'m1-1': 27.96, 'm2-1': 26.89, 'm3-1': 10.41, 'm4-1': 1.06, 'm5-1': 110.75, 'm6-1': 0.95, 'm7-1': 24.1, 'm8-1': 5.42}",0.24150000000000205,191.878,inf,192.039,192.039,192.039
809,T1,BESTEFFORT,MISSED,m6-1,82.395,"{'m1-1': 28.86, 'm2-1': 27.14, 'm3-1': 10.24, 'm4-1': 1.01, 'm5-1': 111.13, 'm6-1': 1.15, 'm7-1': 26.28, 'm8-1': 4.88}",0.5339999999999918,192.039,inf,192.39499999999998,192.39499999999998,192.39499999999998
810,T1,BESTEFFORT,MISSED,m4-1,82.437,"{'m1-1': 27.31, 'm2-1': 25.47, 'm3-1': 10.57, 'm4-1': 0.98, 'm5-1': 117.8, 'm6-1': 1.1, 'm7-1': 23.95, 'm8-1': 5.13}",0.6930000000000263,191.975,inf,192.437,192.437,192.437
811,T4,BESTEFFORT,MISSED,m6-1,82.681,"{'m1-1': 25.27, 'm2-1': 26.54, 'm3-1': 9.91, 'm4-1': 1.02, 'm5-1': 104.44, 'm6-1': 1.08, 'm7-1': 25.46, 'm8-1': 5.14}",0.42900000000000205,192.39499999999998,inf,192.68099999999998,192.68099999999998,192.68099999999998
812,T10,BESTEFFORT,MISSED,m4-1,82.776,"{'m1-1': 24.7, 'm2-1': 23.92, 'm3-1': 11.09, 'm4-1': 0.94, 'm5-1': 103.01, 'm6-1': 1.0, 'm7-1': 27.15, 'm8-1': 4.9}",0.508499999999998,192.437,inf,192.776,192.776,192.776
813,T2,BESTEFFORT,MISSED,m6-1,82.899,"{'m1-1': 27.68, 'm2-1': 27.76, 'm3-1': 9.94, 'm4-1': 1.02, 'm5-1': 105.74, 'm6-1': 1.01, 'm7-1': 25.93, 'm8-1': 5.2}",0.3270000000000266,192.68099999999998,inf,192.899,192.899,192.899
814,T7,BESTEFFORT,MISSED,m4-1,83.204,"{'m1-1': 27.46, 'm2-1': 25.59, 'm3-1': 10.51, 'm4-1': 1.14, 'm5-1': 111.25, 'm6-1': 1.03, 'm7-1': 24.87, 'm8-1': 5.5}",0.6419999999999959,192.776,inf,193.204,193.204,193.204
815,T2,BESTEFFORT,MISSED,m6-1,83.264,"{'m1-1': 28.43, 'm2-1': 26.73, 'm3-1': 10.34, 'm4-1': 0.99, 'm5-1': 113.84, 'm6-1': 1.04, 'm7-1': 26.64, 'm8-1': 5.15}",0.5475000000000136,192.899,inf,193.264,193.264,193.264
816,T3,BESTEFFORT,MISSED,m4-1,83.34,"{'m1-1': 27.1, 'm2-1': 25.07, 'm3-1': 10.37, 'm4-1': 1.05, 'm5-1': 111.62, 'm6-1': 0.98, 'm7-1': 26.17, 'm8-1': 5.53}",0.20399999999999352,193.204,inf,193.34,193.34,193.34
817,T1,BESTEFFORT,MISSED,m6-1,83.482,"{'m1-1': 26.53, 'm2-1': 25.64, 'm3-1': 11.66, 'm4-1': 1.07, 'm5-1': 107.77, 'm6-1': 1.1, 'm7-1': 24.93, 'm8-1': 5.46}",0.32699999999998397,193.264,inf,193.482,193.482,193.482
818,T6,BESTEFFORT,MISSED,m4-1,83.536,"{'m1-1': 23.87, 'm2-1': 27.45, 'm3-1': 10.98, 'm4-1': 1.12, 'm5-1': 107.03, 'm6-1': 1.15, 'm7-1': 24.75, 'm8-1': 5.36}",0.29399999999999693,193.34,inf,193.536,193.536,193.536
819,T1,BESTEFFORT,MISSED,m6-1,83.595,"{'m1-1': 26.93, 'm2-1': 24.62, 'm3-1': 10.15, 'm4-1': 1.03, 'm5-1': 114.85, 'm6-1': 1.05, 'm7-1': 25.08, 'm8-1': 4.83}",0.16949999999999932,193.482,inf,193.595,193.595,193.595
820,T8,BESTEFFORT,MISSED,m6-1,83.623,"{'m1-1': 26.66, 'm2-1': 28.82, 'm3-1': 10.53, 'm4-1': 1.14, 'm5-1': 107.45, 'm6-1': 0.94, 'm7-1': 27.3, 'm8-1': 4.97}",0.04199999999998738,193.595,inf,193.623,193.623,193.623
821,T4,BESTEFFORT,MISSED,m4-1,83.644,"{'m1-1': 27.95, 'm2-1': 27.48, 'm3-1': 9.29, 'm4-1': 1.12, 'm5-1': 103.66, 'm6-1': 1.08, 'm7-1': 28.26, 'm8-1': 5.06}",0.16200000000000614,193.536,inf,193.644,193.644,193.644
822,T6,BESTEFFORT,MISSED,m4-1,83.657,"{'m1-1': 24.55, 'm2-1': 26.82, 'm3-1': 11.12, 'm4-1': 1.03, 'm5-1': 93.02, 'm6-1': 1.11, 'm7-1': 24.74, 'm8-1': 5.38}",0.019499999999965212,193.644,inf,193.65699999999998,193.65699999999998,193.65699999999998
823,T2,BESTEFFORT,MISSED,m7-1,83.676,"{'m1-1': 27.08, 'm2-1': 27.33, 'm3-1': 11.17, 'm4-1': 1.05, 'm5-1': 108.25, 'm6-1': 0.97, 'm7-1': 25.13, 'm8-1': 5.49}",35.13149999999999,170.255,inf,193.676,193.676,193.676
824,T8,BESTEFFORT,MISSED,m6-1,83.886,"{'m1-1': 25.86, 'm2-1': 29.01, 'm3-1': 11.2, 'm4-1': 1.09, 'm5-1': 99.04, 'm6-1': 0.97, 'm7-1': 26.25, 'm8-1': 5.22}",0.39450000000000784,193.623,inf,193.886,193.886,193.886
825,T8,BESTEFFORT,MISSED,m6-1,83.998,"{'m1-1': 24.81, 'm2-1': 27.48, 'm3-1': 10.9, 'm4-1': 1.08, 'm5-1': 109.38, 'm6-1': 0.99, 'm7-1': 27.58, 'm8-1': 5.27}",0.16799999999999216,193.886,inf,193.998,193.998,193.998
826,T3,BESTEFFORT,MISSED,m4-1,83.998,"{'m1-1': 25.4, 'm2-1': 27.71, 'm3-1': 11.56, 'm4-1': 0.99, 'm5-1': 108.88, 'm6-1': 1.06, 'm7-1': 26.53, 'm8-1': 5.46}",0.5115000000000123,193.65699999999998,inf,193.998,193.998,193.998
827,T8,BESTEFFORT,MISSED,m6-1,84.0,"{'m1-1': 25.04, 'm2-1': 25.68, 'm3-1': 10.18, 'm4-1': 1.16, 'm5-1': 106.42, 'm6-1': 0.91, 'm7-1': 26.32, 'm8-1': 4.75}",0.0030000000000143245,193.998,inf,194.0,194.0,194.0
828,T2,BESTEFFORT,MISSED,m4-1,84.065,"{'m1-1': 28.22, 'm2-1': 26.52, 'm3-1': 9.53, 'm4-1': 1.12, 'm5-1': 97.55, 'm6-1': 1.13, 'm7-1': 25.5, 'm8-1': 5.17}",0.10050000000001091,193.998,inf,194.065,194.065,194.065
829,T7,BESTEFFORT,MISSED,m6-1,84.068,"{'m1-1': 27.3, 'm2-1': 26.07, 'm3-1': 11.29, 'm4-1': 1.07, 'm5-1': 113.15, 'm6-1': 1.15, 'm7-1': 25.45, 'm8-1': 5.24}",0.10199999999997544,194.0,inf,194.06799999999998,194.06799999999998,194.06799999999998
830,T3,BESTEFFORT,MISSED,m6-1,84.07,"{'m1-1': 27.99, 'm2-1': 25.76, 'm3-1': 10.73, 'm4-1': 1.07, 'm5-1': 104.18, 'm6-1': 1.1, 'm7-1': 25.53, 'm8-1': 5.35}",0.0030000000000143245,194.06799999999998,inf,194.07,194.07,194.07
831,T7,BESTEFFORT,MISSED,m4-1,84.219,"{'m1-1': 25.98, 'm2-1': 27.63, 'm3-1': 10.89, 'm4-1': 0.99, 'm5-1': 99.43, 'm6-1': 1.05, 'm7-1': 27.53, 'm8-1': 5.4}",0.23099999999999454,194.065,inf,194.219,194.219,194.219
832,T7,BESTEFFORT,MISSED,m6-1,84.25,"{'m1-1': 25.42, 'm2-1': 23.92, 'm3-1': 9.6, 'm4-1': 1.03, 'm5-1': 110.07, 'm6-1': 1.17, 'm7-1': 25.32, 'm8-1': 5.03}",0.27000000000001023,194.07,inf,194.25,194.25,194.25
833,T4,BESTEFFORT,MISSED,m4-1,84.286,"{'m1-1': 27.94, 'm2-1': 24.76, 'm3-1': 9.5, 'm4-1': 1.09, 'm5-1': 101.37, 'm6-1': 1.0, 'm7-1': 28.38, 'm8-1': 5.53}",0.10050000000001091,194.219,inf,194.286,194.286,194.286
834,T5,BESTEFFORT,MISSED,m6-1,84.339,"{'m1-1': 24.91, 'm2-1': 24.19, 'm3-1': 10.71, 'm4-1': 1.13, 'm5-1': 105.7, 'm6-1': 0.99, 'm7-1': 25.95, 'm8-1': 5.4}",0.13349999999999795,194.25,inf,194.339,194.339,194.339
835,T8,BESTEFFORT,MISSED,m4-1,84.369,"{'m1-1': 25.57, 'm2-1': 25.03, 'm3-1': 10.36, 'm4-1': 1.02, 'm5-1': 113.29, 'm6-1': 1.08, 'm7-1': 27.23, 'm8-1': 5.14}",0.12449999999999761,194.286,inf,194.369,194.369,194.369
836,T4,BESTEFFORT,MISSED,m4-1,84.405,"{'m1-1': 26.5, 'm2-1': 24.18, 'm3-1': 10.65, 'm4-1': 1.03, 'm5-1': 104.56, 'm6-1': 1.13, 'm7-1': 26.77, 'm8-1': 5.64}",0.054000000000002046,194.369,inf,194.405,194.405,194.405
837,T2,BESTEFFORT,MISSED,m4-1,84.471,"{'m1-1': 24.48, 'm2-1': 24.88, 'm3-1': 9.67, 'm4-1': 1.03, 'm5-1': 106.3, 'm6-1': 1.14, 'm7-1': 24.69, 'm8-1': 5.1}",0.09900000000000375,194.405,inf,194.471,194.471,194.471
838,T3,BESTEFFORT,MISSED,m6-1,84.523,"{'m1-1': 26.64, 'm2-1': 27.05, 'm3-1': 10.56, 'm4-1': 0.96, 'm5-1': 100.39, 'm6-1': 1.12, 'm7-1': 25.76, 'm8-1': 5.3}",0.27599999999999625,194.339,inf,194.523,194.523,194.523
839,T4,BESTEFFORT,MISSED,m6-1,84.657,"{'m1-1': 28.04, 'm2-1': 24.87, 'm3-1': 9.93, 'm4-1': 1.0, 'm5-1': 112.16, 'm6-1': 1.07, 'm7-1': 24.94, 'm8-1': 5.6}",0.2009999999999792,194.523,inf,194.65699999999998,194.65699999999998,194.65699999999998
840,T3,BESTEFFORT,MISSED,m4-1,84.972,"{'m1-1': 27.6, 'm2-1': 27.96, 'm3-1': 10.71, 'm4-1': 0.98, 'm5-1': 117.76, 'm6-1': 1.12, 'm7-1': 28.78, 'm8-1': 5.44}",0.7514999999999645,194.471,inf,194.97199999999998,194.97199999999998,194.97199999999998
841,T8,BESTEFFORT,MISSED,m6-1,85.032,"{'m1-1': 26.12, 'm2-1': 28.37, 'm3-1': 11.59, 'm4-1': 1.08, 'm5-1': 103.33, 'm6-1': 0.93, 'm7-1': 23.84, 'm8-1': 5.51}",0.5625,194.65699999999998,inf,195.03199999999998,195.03199999999998,195.03199999999998
842,T8,BESTEFFORT,MISSED,m6-1,85.102,"{'m1-1': 25.38, 'm2-1': 28.43, 'm3-1': 10.72, 'm4-1': 1.11, 'm5-1': 97.67, 'm6-1': 1.05, 'm7-1': 24.34, 'm8-1': 4.76}",0.1050000000000324,195.03199999999998,inf,195.102,195.102,195.102
843,T4,BESTEFFORT,MISSED,m4-1,85.109,"{'m1-1': 25.8, 'm2-1': 26.9, 'm3-1': 10.9, 'm4-1': 1.01, 'm5-1': 105.76, 'm6-1': 1.05, 'm7-1': 25.82, 'm8-1': 5.12}",0.20550000000000068,194.97199999999998,inf,195.10899999999998,195.10899999999998,195.10899999999998
844,T4,BESTEFFORT,MISSED,m4-1,85.18,"{'m1-1': 25.39, 'm2-1': 23.49, 'm3-1': 9.56, 'm4-1': 1.01, 'm5-1': 101.41, 'm6-1': 1.12, 'm7-1': 28.27, 'm8-1': 5.4}",0.10650000000003956,195.10899999999998,inf,195.18,195.18,195.18
845,T8,BESTEFFORT,MISSED,m6-1,85.291,"{'m1-1': 27.83, 'm2-1': 27.77, 'm3-1': 10.71, 'm4-1': 1.14, 'm5-1': 99.16, 'm6-1': 1.05, 'm7-1': 27.26, 'm8-1': 5.58}",0.2834999999999894,195.102,inf,195.291,195.291,195.291
846,T7,BESTEFFORT,MISSED,m6-1,85.293,"{'m1-1': 26.24, 'm2-1': 27.21, 'm3-1': 10.11, 'm4-1': 1.04, 'm5-1': 107.78, 'm6-1': 1.13, 'm7-1': 27.98, 'm8-1': 4.91}",0.0030000000000143245,195.291,inf,195.293,195.293,195.293
847,T4,BESTEFFORT,MISSED,m4-1,85.293,"{'m1-1': 28.6, 'm2-1': 23.85, 'm3-1': 10.45, 'm4-1': 1.01, 'm5-1': 109.64, 'm6-1': 0.98, 'm7-1': 25.58, 'm8-1': 5.49}",0.16949999999999932,195.18,inf,195.293,195.293,195.293
848,T8,BESTEFFORT,MISSED,m6-1,85.572,"{'m1-1': 24.47, 'm2-1': 27.68, 'm3-1': 10.47, 'm4-1': 1.02, 'm5-1': 109.04, 'm6-1': 1.06, 'm7-1': 27.69, 'm8-1': 5.16}",0.41849999999999454,195.293,inf,195.572,195.572,195.572
849,T3,BESTEFFORT,MISSED,m4-1,85.611,"{'m1-1': 26.91, 'm2-1': 24.83, 'm3-1': 10.26, 'm4-1': 1.0, 'm5-1': 111.75, 'm6-1': 1.09, 'm7-1': 24.32, 'm8-1': 5.1}",0.47699999999997544,195.293,inf,195.611,195.611,195.611
850,T3,BESTEFFORT,MISSED,m8-1,85.809,"{'m1-1': 24.02, 'm2-1': 26.74, 'm3-1': 10.49, 'm4-1': 0.98, 'm5-1': 109.68, 'm6-1': 1.03, 'm7-1': 24.78, 'm8-1': 5.73}",6.711000000000027,191.33499999999998,inf,195.809,195.809,195.809
851,T2,BESTEFFORT,MISSED,m6-1,85.812,"{'m1-1': 25.84, 'm2-1': 26.48, 'm3-1': 9.43, 'm4-1': 1.1, 'm5-1': 108.16, 'm6-1': 1.15, 'm7-1': 25.66, 'm8-1': 4.78}",0.36000000000001364,195.572,inf,195.812,195.812,195.812
852,T8,BESTEFFORT,MISSED,m4-1,85.864,"{'m1-1': 26.61, 'm2-1': 25.85, 'm3-1': 10.02, 'm4-1': 1.08, 'm5-1': 109.43, 'm6-1': 0.96, 'm7-1': 26.86, 'm8-1': 5.36}",0.3795000000000215,195.611,inf,195.864,195.864,195.864
853,T3,BESTEFFORT,MISSED,m6-1,86.001,"{'m1-1': 25.33, 'm2-1': 26.35, 'm3-1': 11.88, 'm4-1': 1.01, 'm5-1': 108.51, 'm6-1': 1.05, 'm7-1': 25.92, 'm8-1': 5.29}",0.2834999999999894,195.812,inf,196.001,196.001,196.001
854,T10,BESTEFFORT,MISSED,m4-1,86.285,"{'m1-1': 26.19, 'm2-1': 24.93, 'm3-1': 10.14, 'm4-1': 0.95, 'm5-1': 114.79, 'm6-1': 0.94, 'm7-1': 24.35, 'm8-1': 5.1}",0.6314999999999884,195.864,inf,196.285,196.285,196.285
855,T7,BESTEFFORT,MISSED,m6-1,86.355,"{'m1-1': 25.46, 'm2-1': 27.5, 'm3-1': 11.35, 'm4-1': 1.1, 'm5-1': 111.27, 'm6-1': 1.17, 'm7-1': 25.23, 'm8-1': 4.88}",0.5310000000000201,196.001,inf,196.35500000000002,196.35500000000002,196.35500000000002
856,T1,BESTEFFORT,MISSED,m6-1,86.472,"{'m1-1': 25.48, 'm2-1': 25.5, 'm3-1': 11.6, 'm4-1': 1.15, 'm5-1': 100.94, 'm6-1': 1.0, 'm7-1': 25.82, 'm8-1': 5.37}",0.1754999999999427,196.35500000000002,inf,196.47199999999998,196.47199999999998,196.47199999999998
857,T5,BESTEFFORT,MISSED,m4-1,86.522,"{'m1-1': 27.39, 'm2-1': 26.72, 'm3-1': 10.73, 'm4-1': 1.01, 'm5-1': 99.22, 'm6-1': 1.06, 'm7-1': 27.75, 'm8-1': 5.46}",0.35549999999999216,196.285,inf,196.522,196.522,196.522
858,T8,BESTEFFORT,MISSED,m6-1,86.559,"{'m1-1': 26.19, 'm2-1': 27.48, 'm3-1': 9.85, 'm4-1': 1.14, 'm5-1': 99.3, 'm6-1': 0.94, 'm7-1': 24.95, 'm8-1': 4.89}",0.13050000000002626,196.47199999999998,inf,196.559,196.559,196.559
859,T8,BESTEFFORT,MISSED,m6-1,86.822,"{'m1-1': 26.71, 'm2-1': 25.12, 'm3-1': 11.18, 'm4-1': 1.12, 'm5-1': 107.0, 'm6-1': 1.01, 'm7-1': 26.71, 'm8-1': 5.0}",0.39450000000000784,196.559,inf,196.822,196.822,196.822
860,T10,BESTEFFORT,MISSED,m4-1,86.955,"{'m1-1': 25.68, 'm2-1': 23.4, 'm3-1': 10.57, 'm4-1': 1.04, 'm5-1': 113.08, 'm6-1': 1.04, 'm7-1': 26.58, 'm8-1': 5.57}",0.6494999999999891,196.522,inf,196.95499999999998,196.95499999999998,196.95499999999998
861,T7,BESTEFFORT,MISSED,m6-1,86.958,"{'m1-1': 26.84, 'm2-1': 27.54, 'm3-1': 10.03, 'm4-1': 1.1, 'm5-1': 97.96, 'm6-1': 1.12, 'm7-1': 27.32, 'm8-1': 5.68}",0.20399999999999352,196.822,inf,196.958,196.958,196.958
862,T8,BESTEFFORT,MISSED,m4-1,87.13,"{'m1-1': 26.95, 'm2-1': 24.82, 'm3-1': 11.64, 'm4-1': 1.1, 'm5-1': 98.87, 'm6-1': 1.06, 'm7-1': 26.32, 'm8-1': 5.21}",0.26250000000001705,196.95499999999998,inf,197.13,197.13,197.13
863,T6,BESTEFFORT,MISSED,m6-1,87.162,"{'m1-1': 26.62, 'm2-1': 27.1, 'm3-1': 11.12, 'm4-1': 0.99, 'm5-1': 94.92, 'm6-1': 1.06, 'm7-1': 25.3, 'm8-1': 5.62}",0.3060000000000116,196.958,inf,197.162,197.162,197.162
864,T8,BESTEFFORT,MISSED,m6-1,87.191,"{'m1-1': 25.24, 'm2-1': 27.54, 'm3-1': 10.54, 'm4-1': 1.05, 'm5-1': 98.88, 'm6-1': 1.02, 'm7-1': 24.36, 'm8-1': 5.27}",0.04349999999999454,197.162,inf,197.191,197.191,197.191
865,T1,BESTEFFORT,MISSED,m4-1,87.311,"{'m1-1': 24.52, 'm2-1': 27.29, 'm3-1': 10.46, 'm4-1': 1.03, 'm5-1': 113.35, 'm6-1': 0.99, 'm7-1': 27.36, 'm8-1': 5.34}",0.2715000000000174,197.13,inf,197.311,197.311,197.311
866,T7,BESTEFFORT,MISSED,m6-1,87.333,"{'m1-1': 26.56, 'm2-1': 26.1, 'm3-1': 10.58, 'm4-1': 0.98, 'm5-1': 104.8, 'm6-1': 1.03, 'm7-1': 25.35, 'm8-1': 5.07}",0.21299999999999386,197.191,inf,197.333,197.333,197.333
867,T5,BESTEFFORT,MISSED,m6-1,87.473,"{'m1-1': 28.12, 'm2-1': 26.83, 'm3-1': 10.07, 'm4-1': 1.08, 'm5-1': 100.48, 'm6-1': 1.06, 'm7-1': 28.39, 'm8-1': 5.22}",0.21000000000002217,197.333,inf,197.473,197.473,197.473
868,T4,BESTEFFORT,MISSED,m4-1,87.481,"{'m1-1': 27.22, 'm2-1': 27.47, 'm3-1': 10.03, 'm4-1': 1.07, 'm5-1': 108.37, 'm6-1': 1.09, 'm7-1': 24.12, 'm8-1': 5.24}",0.25499999999998124,197.311,inf,197.481,197.481,197.481
869,T7,BESTEFFORT,MISSED,m4-1,87.689,"{'m1-1': 25.83, 'm2-1': 27.51, 'm3-1': 11.3, 'm4-1': 1.06, 'm5-1': 114.24, 'm6-1': 1.18, 'm7-1': 27.53, 'm8-1': 5.22}",0.3119999999999976,197.481,inf,197.689,197.689,197.689
870,T6,BESTEFFORT,MISSED,m6-1,87.947,"{'m1-1': 27.04, 'm2-1': 27.37, 'm3-1': 11.02, 'm4-1': 1.1, 'm5-1': 105.55, 'm6-1': 1.11, 'm7-1': 24.01, 'm8-1': 5.54}",0.7109999999999843,197.473,inf,197.947,197.947,197.947
871,T7,BESTEFFORT,MISSED,m4-1,87.951,"{'m1-1': 26.48, 'm2-1': 23.88, 'm3-1': 10.7, 'm4-1': 1.14, 'm5-1': 98.45, 'm6-1': 1.03, 'm7-1': 24.47, 'm8-1': 5.57}",0.3930000000000007,197.689,inf,197.951,197.951,197.951
872,T2,BESTEFFORT,MISSED,m4-1,88.003,"{'m1-1': 25.87, 'm2-1': 27.08, 'm3-1': 9.72, 'm4-1': 1.04, 'm5-1': 102.46, 'm6-1': 1.01, 'm7-1': 23.68, 'm8-1': 5.09}",0.07799999999998875,197.951,inf,198.003,198.003,198.003
873,T8,BESTEFFORT,MISSED,m6-1,88.192,"{'m1-1': 26.18, 'm2-1': 26.65, 'm3-1': 11.11, 'm4-1': 1.04, 'm5-1': 103.51, 'm6-1': 1.06, 'm7-1': 27.14, 'm8-1': 4.86}",0.3675000000000068,197.947,inf,198.192,198.192,198.192
874,T2,BESTEFFORT,MISSED,m4-1,88.232,"{'m1-1': 25.28, 'm2-1': 24.27, 'm3-1': 10.77, 'm4-1': 1.05, 'm5-1': 111.69, 'm6-1': 1.08, 'm7-1': 25.94, 'm8-1': 5.32}",0.3435000000000201,198.003,inf,198.232,198.232,198.232
875,T6,BESTEFFORT,MISSED,m4-1,88.58,"{'m1-1': 24.3, 'm2-1': 28.11, 'm3-1': 11.47, 'm4-1': 1.01, 'm5-1': 98.79, 'm6-1': 1.04, 'm7-1': 27.76, 'm8-1': 5.01}",0.5219999999999771,198.232,inf,198.57999999999998,198.57999999999998,198.57999999999998
876,T4,BESTEFFORT,MISSED,m6-1,88.583,"{'m1-1': 29.06, 'm2-1': 24.77, 'm3-1': 10.35, 'm4-1': 1.05, 'm5-1': 99.81, 'm6-1': 1.05, 'm7-1': 24.65, 'm8-1': 5.03}",0.5864999999999867,198.192,inf,198.583,198.583,198.583
877,T7,BESTEFFORT,MISSED,m4-1,88.972,"{'m1-1': 24.58, 'm2-1': 23.74, 'm3-1': 11.11, 'm4-1': 1.12, 'm5-1': 111.37, 'm6-1': 1.12, 'm7-1': 23.7, 'm8-1': 5.61}",0.5879999999999939,198.57999999999998,inf,198.97199999999998,198.97199999999998,198.97199999999998
878,T3,BESTEFFORT,MISSED,m6-1,88.98,"{'m1-1': 25.26, 'm2-1': 27.31, 'm3-1': 10.26, 'm4-1': 1.1, 'm5-1': 109.45, 'm6-1': 1.11, 'm7-1': 24.53, 'm8-1': 4.97}",0.5955000000000297,198.583,inf,198.98000000000002,198.98000000000002,198.98000000000002
879,T6,BESTEFFORT,MISSED,m6-1,89.147,"{'m1-1': 27.52, 'm2-1': 29.36, 'm3-1': 11.72, 'm4-1': 1.13, 'm5-1': 101.03, 'm6-1': 1.12, 'm7-1': 24.5, 'm8-1': 5.83}",0.25049999999995975,198.98000000000002,inf,199.147,199.147,199.147
880,T6,BESTEFFORT,MISSED,m4-1,89.398,"{'m1-1': 27.8, 'm2-1': 26.48, 'm3-1': 11.55, 'm4-1': 0.98, 'm5-1': 93.25, 'm6-1': 1.1, 'm7-1': 26.2, 'm8-1': 5.47}",0.6390000000000242,198.97199999999998,inf,199.398,199.398,199.398
881,T4,BESTEFFORT,COMPLETED,m3-1,89.582,"{'m1-1': 25.01, 'm2-1': 25.65, 'm3-1': 9.41, 'm4-1': 1.11, 'm5-1': 103.23, 'm6-1': 1.03, 'm7-1': 28.13, 'm8-1': 5.78}",14.115,189.382,198.792,inf,199.582,199.582
882,T8,BESTEFFORT,MISSED,m6-1,89.722,"{'m1-1': 25.97, 'm2-1': 25.48, 'm3-1': 10.01, 'm4-1': 1.03, 'm5-1': 111.65, 'm6-1': 0.99, 'm7-1': 23.74, 'm8-1': 5.22}",0.862499999999983,199.147,inf,199.72199999999998,199.72199999999998,199.72199999999998
883,T10,BESTEFFORT,MISSED,m4-1,89.746,"{'m1-1': 23.83, 'm2-1': 27.1, 'm3-1': 10.04, 'm4-1': 0.94, 'm5-1': 107.79, 'm6-1': 1.05, 'm7-1': 26.17, 'm8-1': 5.03}",0.5219999999999771,199.398,inf,199.74599999999998,199.74599999999998,199.74599999999998
884,T6,BESTEFFORT,MISSED,m4-1,89.773,"{'m1-1': 24.46, 'm2-1': 28.12, 'm3-1': 11.17, 'm4-1': 0.96, 'm5-1': 98.79, 'm6-1': 1.03, 'm7-1': 27.76, 'm8-1': 5.49}",0.04050000000002285,199.74599999999998,inf,199.773,199.773,199.773
885,T8,BESTEFFORT,MISSED,m8-1,89.863,"{'m1-1': 26.13, 'm2-1': 25.29, 'm3-1': 11.24, 'm4-1': 1.02, 'm5-1': 98.88, 'm6-1': 0.92, 'm7-1': 25.69, 'm8-1': 4.85}",6.081000000000003,195.809,inf,199.863,199.863,199.863
886,T3,BESTEFFORT,MISSED,m6-1,90.046,"{'m1-1': 26.76, 'm2-1': 26.08, 'm3-1': 10.91, 'm4-1': 1.1, 'm5-1': 112.7, 'm6-1': 1.02, 'm7-1': 28.03, 'm8-1': 5.34}",0.4860000000000184,199.72199999999998,inf,200.046,200.046,200.046
887,T3,BESTEFFORT,MISSED,m4-1,90.191,"{'m1-1': 24.94, 'm2-1': 25.76, 'm3-1': 11.78, 'm4-1': 1.0, 'm5-1': 102.73, 'm6-1': 0.99, 'm7-1': 26.3, 'm8-1': 5.38}",0.6270000000000095,199.773,inf,200.191,200.191,200.191
888,T1,BESTEFFORT,MISSED,m6-1,90.2,"{'m1-1': 28.5, 'm2-1': 24.01, 'm3-1': 10.13, 'm4-1': 1.04, 'm5-1': 102.3, 'm6-1': 1.06, 'm7-1': 27.23, 'm8-1': 4.77}",0.23099999999999454,200.046,inf,200.2,200.2,200.2
889,T1,BESTEFFORT,MISSED,m6-1,90.287,"{'m1-1': 26.56, 'm2-1': 26.59, 'm3-1': 11.0, 'm4-1': 1.08, 'm5-1': 117.13, 'm6-1': 1.0, 'm7-1': 25.4, 'm8-1': 4.96}",0.13050000000002626,200.2,inf,200.287,200.287,200.287
890,T2,BESTEFFORT,MISSED,m4-1,90.357,"{'m1-1': 24.74, 'm2-1': 26.5, 'm3-1': 9.94, 'm4-1': 0.99, 'm5-1': 111.56, 'm6-1': 1.1, 'm7-1': 24.44, 'm8-1': 5.05}",0.24899999999999523,200.191,inf,200.357,200.357,200.357
891,T4,BESTEFFORT,MISSED,m4-1,90.429,"{'m1-1': 24.86, 'm2-1': 23.32, 'm3-1': 9.65, 'm4-1': 1.04, 'm5-1': 98.93, 'm6-1': 1.11, 'm7-1': 24.5, 'm8-1': 5.34}",0.10800000000000409,200.357,inf,200.429,200.429,200.429
892,T8,BESTEFFORT,MISSED,m6-1,90.636,"{'m1-1': 26.53, 'm2-1': 26.65, 'm3-1': 11.52, 'm4-1': 1.18, 'm5-1': 98.68, 'm6-1': 1.03, 'm7-1': 27.36, 'm8-1': 5.52}",0.5234999999999843,200.287,inf,200.636,200.636,200.636
893,T5,BESTEFFORT,MISSED,m4-1,90.935,"{'m1-1': 27.68, 'm2-1': 25.4, 'm3-1': 9.26, 'm4-1': 1.01, 'm5-1': 97.07, 'm6-1': 1.14, 'm7-1': 26.14, 'm8-1': 5.31}",0.7590000000000003,200.429,inf,200.935,200.935,200.935
894,T10,BESTEFFORT,MISSED,m6-1,91.376,"{'m1-1': 24.46, 'm2-1': 27.34, 'm3-1': 11.2, 'm4-1': 1.09, 'm5-1': 112.92, 'm6-1': 1.09, 'm7-1': 24.13, 'm8-1': 5.51}",1.1100000000000136,200.636,inf,201.376,201.376,201.376
895,T8,BESTEFFORT,MISSED,m4-1,91.716,"{'m1-1': 28.62, 'm2-1': 28.62, 'm3-1': 11.24, 'm4-1': 1.15, 'm5-1': 112.41, 'm6-1': 1.03, 'm7-1': 26.11, 'm8-1': 5.56}",1.1715000000000089,200.935,inf,201.716,201.716,201.716
896,T10,BESTEFFORT,MISSED,m6-1,91.833,"{'m1-1': 24.44, 'm2-1': 24.79, 'm3-1': 10.39, 'm4-1': 1.08, 'm5-1': 107.0, 'm6-1': 0.93, 'm7-1': 24.03, 'm8-1': 5.42}",0.6854999999999905,201.376,inf,201.833,201.833,201.833
897,T4,BESTEFFORT,MISSED,m4-1,92.039,"{'m1-1': 25.01, 'm2-1': 23.54, 'm3-1': 10.11, 'm4-1': 1.01, 'm5-1': 99.14, 'm6-1': 1.02, 'm7-1': 25.89, 'm8-1': 5.7}",0.4844999999999686,201.716,inf,202.039,202.039,202.039
898,T6,BESTEFFORT,MISSED,m6-1,92.124,"{'m1-1': 25.51, 'm2-1': 29.6, 'm3-1': 10.63, 'm4-1': 1.01, 'm5-1': 101.96, 'm6-1': 1.02, 'm7-1': 25.93, 'm8-1': 5.38}",0.4364999999999952,201.833,inf,202.124,202.124,202.124
899,T4,BESTEFFORT,MISSED,m2-1,92.126,"{'m1-1': 25.5, 'm2-1': 26.11, 'm3-1': 10.54, 'm4-1': 0.95, 'm5-1': 104.02, 'm6-1': 1.03, 'm7-1': 27.07, 'm8-1': 5.2}",35.255999999999986,178.622,inf,202.126,202.126,202.126
900,T1,BESTEFFORT,MISSED,m4-1,92.137,"{'m1-1': 25.41, 'm2-1': 27.84, 'm3-1': 11.18, 'm4-1': 1.02, 'm5-1': 103.75, 'm6-1': 1.08, 'm7-1': 24.75, 'm8-1': 4.67}",0.14700000000001978,202.039,inf,202.137,202.137,202.137
901,T1,BESTEFFORT,MISSED,m6-1,92.418,"{'m1-1': 25.97, 'm2-1': 26.66, 'm3-1': 10.85, 'm4-1': 1.02, 'm5-1': 110.57, 'm6-1': 1.06, 'm7-1': 25.19, 'm8-1': 5.37}",0.4410000000000167,202.124,inf,202.418,202.418,202.418
902,T1,BESTEFFORT,MISSED,m4-1,92.763,"{'m1-1': 25.88, 'm2-1': 26.73, 'm3-1': 10.96, 'm4-1': 1.13, 'm5-1': 104.03, 'm6-1': 1.03, 'm7-1': 27.15, 'm8-1': 5.18}",0.9390000000000072,202.137,inf,202.763,202.763,202.763
903,T3,BESTEFFORT,MISSED,m6-1,92.819,"{'m1-1': 25.22, 'm2-1': 27.4, 'm3-1': 10.38, 'm4-1': 1.08, 'm5-1': 118.51, 'm6-1': 1.1, 'm7-1': 24.77, 'm8-1': 4.84}",0.6015000000000157,202.418,inf,202.81900000000002,202.81900000000002,202.81900000000002
904,T1,BESTEFFORT,MISSED,m4-1,92.845,"{'m1-1': 25.18, 'm2-1': 24.1, 'm3-1': 10.66, 'm4-1': 0.98, 'm5-1': 109.18, 'm6-1': 1.14, 'm7-1': 24.24, 'm8-1': 4.68}",0.12299999999999045,202.763,inf,202.845,202.845,202.845
905,T1,BESTEFFORT,MISSED,m6-1,93.149,"{'m1-1': 27.59, 'm2-1': 25.48, 'm3-1': 10.65, 'm4-1': 1.1, 'm5-1': 100.94, 'm6-1': 1.0, 'm7-1': 23.15, 'm8-1': 5.46}",0.4949999999999761,202.81900000000002,inf,203.149,203.149,203.149
906,T5,BESTEFFORT,MISSED,m4-1,93.161,"{'m1-1': 27.16, 'm2-1': 26.04, 'm3-1': 9.64, 'm4-1': 1.02, 'm5-1': 107.84, 'm6-1': 1.1, 'm7-1': 29.16, 'm8-1': 4.88}",0.47400000000000375,202.845,inf,203.161,203.161,203.161
907,T5,BESTEFFORT,MISSED,m4-1,93.263,"{'m1-1': 29.39, 'm2-1': 27.09, 'm3-1': 10.3, 'm4-1': 1.04, 'm5-1': 94.69, 'm6-1': 1.13, 'm7-1': 27.5, 'm8-1': 4.99}",0.1530000000000058,203.161,inf,203.263,203.263,203.263
908,T1,BESTEFFORT,MISSED,m6-1,93.319,"{'m1-1': 25.8, 'm2-1': 26.19, 'm3-1': 11.08, 'm4-1': 1.06, 'm5-1': 100.27, 'm6-1': 1.11, 'm7-1': 25.22, 'm8-1': 5.34}",0.2550000000000239,203.149,inf,203.31900000000002,203.31900000000002,203.31900000000002
909,T10,BESTEFFORT,COMPLETED,m1-1,93.355,"{'m1-1': 23.2, 'm2-1': 26.86, 'm3-1': 11.21, 'm4-1': 1.04, 'm5-1': 100.55, 'm6-1': 1.01, 'm7-1': 26.24, 'm8-1': 4.85}",34.8,179.99099999999999,203.19099999999997,inf,203.35500000000002,203.35500000000002
910,T7,BESTEFFORT,MISSED,m4-1,93.468,"{'m1-1': 27.08, 'm2-1': 23.4, 'm3-1': 10.42, 'm4-1': 0.99, 'm5-1': 112.38, 'm6-1': 1.07, 'm7-1': 25.99, 'm8-1': 5.38}",0.30750000000001876,203.263,inf,203.46800000000002,203.46800000000002,203.46800000000002
911,T1,BESTEFFORT,MISSED,m6-1,93.571,"{'m1-1': 24.92, 'm2-1': 27.86, 'm3-1': 10.84, 'm4-1': 1.01, 'm5-1': 117.23, 'm6-1': 1.13, 'm7-1': 23.92, 'm8-1': 4.79}",0.3779999999999717,203.31900000000002,inf,203.571,203.571,203.571
912,T1,BESTEFFORT,MISSED,m4-1,93.708,"{'m1-1': 28.94, 'm2-1': 25.4, 'm3-1': 10.37, 'm4-1': 1.06, 'm5-1': 112.18, 'm6-1': 1.1, 'm7-1': 24.24, 'm8-1': 5.32}",0.359999999999971,203.46800000000002,inf,203.708,203.708,203.708
913,T7,BESTEFFORT,MISSED,m6-1,93.852,"{'m1-1': 25.08, 'm2-1': 25.18, 'm3-1': 11.3, 'm4-1': 1.05, 'm5-1': 98.46, 'm6-1': 1.16, 'm7-1': 24.5, 'm8-1': 5.04}",0.42150000000000887,203.571,inf,203.852,203.852,203.852
914,T1,BESTEFFORT,MISSED,m4-1,93.951,"{'m1-1': 24.52, 'm2-1': 25.98, 'm3-1': 9.95, 'm4-1': 1.09, 'm5-1': 106.38, 'm6-1': 1.14, 'm7-1': 25.47, 'm8-1': 4.83}",0.3644999999999925,203.708,inf,203.951,203.951,203.951
915,T5,BESTEFFORT,MISSED,m6-1,94.174,"{'m1-1': 26.9, 'm2-1': 24.69, 'm3-1': 9.19, 'm4-1': 1.13, 'm5-1': 110.1, 'm6-1': 1.1, 'm7-1': 28.27, 'm8-1': 5.06}",0.4830000000000041,203.852,inf,204.174,204.174,204.174
916,T7,BESTEFFORT,MISSED,m4-1,94.518,"{'m1-1': 23.76, 'm2-1': 23.41, 'm3-1': 9.96, 'm4-1': 1.0, 'm5-1': 109.96, 'm6-1': 1.11, 'm7-1': 25.81, 'm8-1': 5.29}",0.8505000000000109,203.951,inf,204.518,204.518,204.518
917,T4,BESTEFFORT,MISSED,m6-1,94.632,"{'m1-1': 25.86, 'm2-1': 26.91, 'm3-1': 10.99, 'm4-1': 1.06, 'm5-1': 114.1, 'm6-1': 1.15, 'm7-1': 25.34, 'm8-1': 4.94}",0.6869999999999976,204.174,inf,204.632,204.632,204.632
918,T3,BESTEFFORT,MISSED,m8-1,94.663,"{'m1-1': 25.72, 'm2-1': 28.93, 'm3-1': 11.3, 'm4-1': 1.09, 'm5-1': 109.58, 'm6-1': 1.08, 'm7-1': 28.28, 'm8-1': 5.22}",7.200000000000017,199.863,inf,204.663,204.663,204.663
919,T7,BESTEFFORT,MISSED,m4-1,94.698,"{'m1-1': 27.76, 'm2-1': 26.05, 'm3-1': 10.52, 'm4-1': 1.08, 'm5-1': 101.06, 'm6-1': 1.1, 'm7-1': 27.64, 'm8-1': 5.32}",0.2699999999999676,204.518,inf,204.69799999999998,204.69799999999998,204.69799999999998
920,T3,BESTEFFORT,MISSED,m6-1,94.717,"{'m1-1': 27.85, 'm2-1': 24.63, 'm3-1': 11.12, 'm4-1': 1.01, 'm5-1': 106.7, 'm6-1': 1.02, 'm7-1': 24.75, 'm8-1': 4.86}",0.1274999999999693,204.632,inf,204.71699999999998,204.71699999999998,204.71699999999998
921,T3,BESTEFFORT,MISSED,m4-1,94.945,"{'m1-1': 24.16, 'm2-1': 25.34, 'm3-1': 10.75, 'm4-1': 1.12, 'm5-1': 115.98, 'm6-1': 1.06, 'm7-1': 28.33, 'm8-1': 5.42}",0.37050000000002115,204.69799999999998,inf,204.945,204.945,204.945
922,T5,BESTEFFORT,MISSED,m6-1,95.024,"{'m1-1': 27.04, 'm2-1': 24.86, 'm3-1': 9.65, 'm4-1': 1.1, 'm5-1': 110.0, 'm6-1': 1.07, 'm7-1': 29.51, 'm8-1': 5.65}",0.46050000000002456,204.71699999999998,inf,205.024,205.024,205.024
923,T1,BESTEFFORT,MISSED,m6-1,95.039,"{'m1-1': 28.62, 'm2-1': 25.96, 'm3-1': 11.37, 'm4-1': 1.1, 'm5-1': 108.79, 'm6-1': 1.07, 'm7-1': 26.93, 'm8-1': 5.15}",0.022499999999979536,205.024,inf,205.039,205.039,205.039
924,T5,BESTEFFORT,MISSED,m4-1,95.2,"{'m1-1': 25.73, 'm2-1': 26.0, 'm3-1': 10.09, 'm4-1': 1.05, 'm5-1': 103.63, 'm6-1': 1.11, 'm7-1': 29.34, 'm8-1': 5.67}",0.3824999999999932,204.945,inf,205.2,205.2,205.2
925,T2,BESTEFFORT,MISSED,m6-1,95.55,"{'m1-1': 28.41, 'm2-1': 27.52, 'm3-1': 10.76, 'm4-1': 1.16, 'm5-1': 105.5, 'm6-1': 1.1, 'm7-1': 25.16, 'm8-1': 5.29}",0.7665000000000362,205.039,inf,205.55,205.55,205.55
926,T6,BESTEFFORT,MISSED,m4-1,95.603,"{'m1-1': 26.11, 'm2-1': 27.06, 'm3-1': 10.15, 'm4-1': 1.02, 'm5-1': 96.11, 'm6-1': 1.17, 'm7-1': 25.19, 'm8-1': 5.45}",0.60450000000003,205.2,inf,205.603,205.603,205.603
927,T10,BESTEFFORT,MISSED,m6-1,95.676,"{'m1-1': 23.39, 'm2-1': 24.87, 'm3-1': 11.12, 'm4-1': 0.96, 'm5-1': 97.67, 'm6-1': 0.99, 'm7-1': 24.99, 'm8-1': 5.21}",0.18899999999996453,205.55,inf,205.676,205.676,205.676
928,T5,BESTEFFORT,MISSED,m4-1,95.885,"{'m1-1': 26.49, 'm2-1': 27.66, 'm3-1': 10.2, 'm4-1': 1.08, 'm5-1': 106.22, 'm6-1': 1.02, 'm7-1': 27.78, 'm8-1': 5.25}",0.4229999999999734,205.603,inf,205.885,205.885,205.885
929,T1,BESTEFFORT,MISSED,m6-1,95.898,"{'m1-1': 24.65, 'm2-1': 25.01, 'm3-1': 11.38, 'm4-1': 1.01, 'm5-1': 113.8, 'm6-1': 1.04, 'm7-1': 27.33, 'm8-1': 5.18}",0.3330000000000126,205.676,inf,205.898,205.898,205.898
930,T7,BESTEFFORT,MISSED,m6-1,96.236,"{'m1-1': 25.36, 'm2-1': 23.83, 'm3-1': 9.83, 'm4-1': 1.05, 'm5-1': 102.99, 'm6-1': 1.08, 'm7-1': 26.54, 'm8-1': 4.88}",0.5069999999999908,205.898,inf,206.236,206.236,206.236
931,T7,BESTEFFORT,MISSED,m4-1,96.308,"{'m1-1': 23.98, 'm2-1': 24.11, 'm3-1': 10.71, 'm4-1': 1.08, 'm5-1': 107.02, 'm6-1': 1.06, 'm7-1': 24.73, 'm8-1': 4.9}",0.6345000000000027,205.885,inf,206.308,206.308,206.308
932,T10,BESTEFFORT,MISSED,m6-1,96.31,"{'m1-1': 26.97, 'm2-1': 25.31, 'm3-1': 10.21, 'm4-1': 1.05, 'm5-1': 112.86, 'm6-1': 0.96, 'm7-1': 24.82, 'm8-1': 5.47}",0.11100000000001842,206.236,inf,206.31,206.31,206.31
933,T5,BESTEFFORT,MISSED,m4-1,96.343,"{'m1-1': 28.64, 'm2-1': 27.42, 'm3-1': 10.15, 'm4-1': 1.06, 'm5-1': 105.12, 'm6-1': 1.0, 'm7-1': 24.97, 'm8-1': 5.49}",0.05250000000003752,206.308,inf,206.34300000000002,206.34300000000002,206.34300000000002
934,T6,BESTEFFORT,MISSED,m4-1,96.396,"{'m1-1': 27.71, 'm2-1': 27.2, 'm3-1': 10.65, 'm4-1': 1.1, 'm5-1': 93.99, 'm6-1': 1.03, 'm7-1': 26.86, 'm8-1': 5.45}",0.07949999999999591,206.34300000000002,inf,206.39600000000002,206.39600000000002,206.39600000000002
935,T6,BESTEFFORT,MISSED,m4-1,96.777,"{'m1-1': 25.36, 'm2-1': 26.19, 'm3-1': 10.48, 'm4-1': 1.12, 'm5-1': 94.53, 'm6-1': 1.08, 'm7-1': 26.58, 'm8-1': 4.99}",0.5714999999999577,206.39600000000002,inf,206.777,206.777,206.777
936,T5,BESTEFFORT,MISSED,m6-1,96.807,"{'m1-1': 25.1, 'm2-1': 27.34, 'm3-1': 10.07, 'm4-1': 1.1, 'm5-1': 101.16, 'm6-1': 1.07, 'm7-1': 28.92, 'm8-1': 4.93}",0.7455000000000211,206.31,inf,206.80700000000002,206.80700000000002,206.80700000000002
937,T1,BESTEFFORT,MISSED,m4-1,96.82,"{'m1-1': 27.45, 'm2-1': 26.81, 'm3-1': 10.44, 'm4-1': 1.12, 'm5-1': 102.8, 'm6-1': 0.99, 'm7-1': 26.67, 'm8-1': 5.15}",0.06450000000000955,206.777,inf,206.82,206.82,206.82
938,T3,BESTEFFORT,MISSED,m6-1,97.005,"{'m1-1': 27.16, 'm2-1': 26.49, 'm3-1': 11.87, 'm4-1': 1.0, 'm5-1': 100.1, 'm6-1': 1.09, 'm7-1': 26.65, 'm8-1': 4.95}",0.2969999999999686,206.80700000000002,inf,207.005,207.005,207.005
939,T6,BESTEFFORT,MISSED,m4-1,97.109,"{'m1-1': 24.59, 'm2-1': 26.58, 'm3-1': 10.85, 'm4-1': 1.07, 'm5-1': 93.01, 'm6-1': 1.06, 'm7-1': 25.99, 'm8-1': 5.11}",0.4334999999999809,206.82,inf,207.10899999999998,207.10899999999998,207.10899999999998
940,T7,BESTEFFORT,MISSED,m6-1,97.961,"{'m1-1': 24.96, 'm2-1': 24.03, 'm3-1': 10.32, 'm4-1': 1.03, 'm5-1': 106.51, 'm6-1': 1.03, 'm7-1': 27.68, 'm8-1': 5.39}",1.434000000000026,207.005,inf,207.961,207.961,207.961
941,T6,BESTEFFORT,MISSED,m4-1,98.096,"{'m1-1': 24.38, 'm2-1': 25.77, 'm3-1': 10.08, 'm4-1': 1.13, 'm5-1': 94.84, 'm6-1': 1.0, 'm7-1': 26.87, 'm8-1': 5.38}",1.4805000000000348,207.10899999999998,inf,208.096,208.096,208.096
942,T3,BESTEFFORT,MISSED,m6-1,98.125,"{'m1-1': 25.79, 'm2-1': 26.39, 'm3-1': 11.43, 'm4-1': 1.06, 'm5-1': 103.86, 'm6-1': 1.1, 'm7-1': 26.08, 'm8-1': 5.72}",0.2459999999999809,207.961,inf,208.125,208.125,208.125
943,T6,BESTEFFORT,MISSED,m4-1,98.255,"{'m1-1': 25.5, 'm2-1': 26.84, 'm3-1': 11.02, 'm4-1': 1.08, 'm5-1': 99.42, 'm6-1': 1.16, 'm7-1': 24.29, 'm8-1': 5.25}",0.23849999999998772,208.096,inf,208.255,208.255,208.255
944,T1,BESTEFFORT,MISSED,m6-1,98.263,"{'m1-1': 25.39, 'm2-1': 26.94, 'm3-1': 11.38, 'm4-1': 1.01, 'm5-1': 111.22, 'm6-1': 1.13, 'm7-1': 26.2, 'm8-1': 5.21}",0.20700000000000784,208.125,inf,208.263,208.263,208.263
945,T1,BESTEFFORT,MISSED,m4-1,98.311,"{'m1-1': 25.48, 'm2-1': 25.84, 'm3-1': 10.96, 'm4-1': 1.06, 'm5-1': 117.84, 'm6-1': 1.11, 'm7-1': 24.21, 'm8-1': 5.47}",0.0840000000000174,208.255,inf,208.311,208.311,208.311
946,T3,BESTEFFORT,MISSED,m6-1,98.478,"{'m1-1': 27.06, 'm2-1': 28.88, 'm3-1': 11.24, 'm4-1': 1.1, 'm5-1': 110.17, 'm6-1': 0.99, 'm7-1': 24.54, 'm8-1': 5.21}",0.3225000000000051,208.263,inf,208.478,208.478,208.478
947,T7,BESTEFFORT,MISSED,m3-1,98.627,"{'m1-1': 25.54, 'm2-1': 27.77, 'm3-1': 9.98, 'm4-1': 0.99, 'm5-1': 98.29, 'm6-1': 1.11, 'm7-1': 27.59, 'm8-1': 5.28}",14.752500000000012,198.792,inf,208.627,208.627,208.627
948,T5,BESTEFFORT,MISSED,m4-1,98.801,"{'m1-1': 27.12, 'm2-1': 25.62, 'm3-1': 10.43, 'm4-1': 1.0, 'm5-1': 105.55, 'm6-1': 1.16, 'm7-1': 27.45, 'm8-1': 5.58}",0.734999999999971,208.311,inf,208.801,208.801,208.801
949,T6,BESTEFFORT,MISSED,m6-1,98.837,"{'m1-1': 26.62, 'm2-1': 27.0, 'm3-1': 11.65, 'm4-1': 1.1, 'm5-1': 97.87, 'm6-1': 1.01, 'm7-1': 25.7, 'm8-1': 5.56}",0.5384999999999707,208.478,inf,208.837,208.837,208.837
950,T1,BESTEFFORT,MISSED,m6-1,98.913,"{'m1-1': 25.46, 'm2-1': 24.23, 'm3-1': 11.77, 'm4-1': 1.15, 'm5-1': 106.0, 'm6-1': 1.14, 'm7-1': 25.55, 'm8-1': 5.22}",0.11400000000003274,208.837,inf,208.913,208.913,208.913
951,T5,BESTEFFORT,MISSED,m6-1,99.003,"{'m1-1': 29.54, 'm2-1': 24.5, 'm3-1': 9.62, 'm4-1': 1.0, 'm5-1': 107.67, 'm6-1': 1.09, 'm7-1': 25.84, 'm8-1': 5.38}",0.13499999999996248,208.913,inf,209.003,209.003,209.003
952,T5,BESTEFFORT,MISSED,m8-1,99.375,"{'m1-1': 25.29, 'm2-1': 26.34, 'm3-1': 10.08, 'm4-1': 1.02, 'm5-1': 93.53, 'm6-1': 1.12, 'm7-1': 27.18, 'm8-1': 5.5}",7.067999999999984,204.663,inf,209.375,209.375,209.375
953,T6,BESTEFFORT,MISSED,m4-1,99.473,"{'m1-1': 27.58, 'm2-1': 25.78, 'm3-1': 11.47, 'm4-1': 1.1, 'm5-1': 104.7, 'm6-1': 1.0, 'm7-1': 25.27, 'm8-1': 5.08}",1.0080000000000382,208.801,inf,209.473,209.473,209.473
954,T5,BESTEFFORT,MISSED,m6-1,99.505,"{'m1-1': 25.8, 'm2-1': 24.98, 'm3-1': 10.57, 'm4-1': 1.07, 'm5-1': 104.68, 'm6-1': 1.01, 'm7-1': 26.78, 'm8-1': 5.07}",0.7530000000000143,209.003,inf,209.505,209.505,209.505
955,T10,BESTEFFORT,MISSED,m4-1,99.533,"{'m1-1': 25.83, 'm2-1': 26.47, 'm3-1': 10.51, 'm4-1': 1.09, 'm5-1': 111.45, 'm6-1': 1.0, 'm7-1': 27.15, 'm8-1': 5.26}",0.09000000000000341,209.473,inf,209.53300000000002,209.53300000000002,209.53300000000002
956,T10,BESTEFFORT,MISSED,m4-1,99.681,"{'m1-1': 24.39, 'm2-1': 25.37, 'm3-1': 10.24, 'm4-1': 1.05, 'm5-1': 111.9, 'm6-1': 1.1, 'm7-1': 25.26, 'm8-1': 5.37}",0.22199999999995157,209.53300000000002,inf,209.68099999999998,209.68099999999998,209.68099999999998
957,T3,BESTEFFORT,MISSED,m6-1,99.804,"{'m1-1': 25.8, 'm2-1': 28.42, 'm3-1': 10.6, 'm4-1': 0.98, 'm5-1': 110.66, 'm6-1': 1.02, 'm7-1': 27.82, 'm8-1': 5.05}",0.4485000000000099,209.505,inf,209.804,209.804,209.804
958,T7,BESTEFFORT,MISSED,m4-1,99.834,"{'m1-1': 24.42, 'm2-1': 26.91, 'm3-1': 9.76, 'm4-1': 1.15, 'm5-1': 113.06, 'm6-1': 1.18, 'm7-1': 25.45, 'm8-1': 5.31}",0.22950000000003,209.68099999999998,inf,209.834,209.834,209.834
959,T6,BESTEFFORT,MISSED,m4-1,99.901,"{'m1-1': 25.73, 'm2-1': 28.11, 'm3-1': 10.89, 'm4-1': 1.0, 'm5-1': 95.96, 'm6-1': 1.01, 'm7-1': 25.0, 'm8-1': 5.23}",0.10050000000001091,209.834,inf,209.901,209.901,209.901
960,T5,BESTEFFORT,MISSED,m6-1,100.095,"{'m1-1': 25.43, 'm2-1': 23.64, 'm3-1': 10.4, 'm4-1': 1.03, 'm5-1': 108.18, 'm6-1': 1.16, 'm7-1': 28.9, 'm8-1': 5.04}",0.4364999999999952,209.804,inf,210.095,210.095,210.095
961,T7,BESTEFFORT,MISSED,m4-1,100.261,"{'m1-1': 25.6, 'm2-1': 23.87, 'm3-1': 10.95, 'm4-1': 1.02, 'm5-1': 111.66, 'm6-1': 1.01, 'm7-1': 26.43, 'm8-1': 5.0}",0.5399999999999778,209.901,inf,210.261,210.261,210.261
962,T10,BESTEFFORT,MISSED,m6-1,100.385,"{'m1-1': 23.32, 'm2-1': 26.22, 'm3-1': 10.44, 'm4-1': 0.96, 'm5-1': 102.77, 'm6-1': 0.99, 'm7-1': 24.24, 'm8-1': 5.08}",0.43499999999998806,210.095,inf,210.385,210.385,210.385
963,T5,BESTEFFORT,MISSED,m4-1,100.395,"{'m1-1': 26.89, 'm2-1': 23.37, 'm3-1': 10.4, 'm4-1': 0.99, 'm5-1': 107.7, 'm6-1': 1.06, 'm7-1': 25.89, 'm8-1': 4.8}",0.2009999999999792,210.261,inf,210.39499999999998,210.39499999999998,210.39499999999998
964,T10,BESTEFFORT,MISSED,m6-1,100.692,"{'m1-1': 24.95, 'm2-1': 26.05, 'm3-1': 11.59, 'm4-1': 1.1, 'm5-1': 114.51, 'm6-1': 1.0, 'm7-1': 23.94, 'm8-1': 4.89}",0.46050000000002456,210.385,inf,210.692,210.692,210.692
965,T3,BESTEFFORT,MISSED,m4-1,100.767,"{'m1-1': 25.79, 'm2-1': 28.7, 'm3-1': 10.16, 'm4-1': 1.12, 'm5-1': 102.95, 'm6-1': 1.04, 'm7-1': 28.81, 'm8-1': 5.43}",0.5580000000000211,210.39499999999998,inf,210.767,210.767,210.767
966,T6,BESTEFFORT,MISSED,m4-1,100.994,"{'m1-1': 27.23, 'm2-1': 28.14, 'm3-1': 11.32, 'm4-1': 1.1, 'm5-1': 93.02, 'm6-1': 1.14, 'm7-1': 25.6, 'm8-1': 5.54}",0.3405000000000058,210.767,inf,210.994,210.994,210.994
967,T3,BESTEFFORT,MISSED,m6-1,101.003,"{'m1-1': 25.9, 'm2-1': 25.52, 'm3-1': 11.18, 'm4-1': 1.12, 'm5-1': 111.26, 'm6-1': 0.97, 'm7-1': 26.38, 'm8-1': 5.55}",0.46649999999996794,210.692,inf,211.003,211.003,211.003
968,T2,BESTEFFORT,MISSED,m6-1,101.211,"{'m1-1': 26.99, 'm2-1': 23.53, 'm3-1': 9.49, 'm4-1': 1.04, 'm5-1': 108.33, 'm6-1': 1.0, 'm7-1': 23.89, 'm8-1': 4.73}",0.31200000000004025,211.003,inf,211.211,211.211,211.211
969,T2,BESTEFFORT,MISSED,m4-1,101.253,"{'m1-1': 26.65, 'm2-1': 23.93, 'm3-1': 9.89, 'm4-1': 1.08, 'm5-1': 96.17, 'm6-1': 1.03, 'm7-1': 26.48, 'm8-1': 4.77}",0.3884999999999792,210.994,inf,211.253,211.253,211.253
970,T2,BESTEFFORT,MISSED,m6-1,101.341,"{'m1-1': 27.38, 'm2-1': 26.88, 'm3-1': 10.65, 'm4-1': 1.05, 'm5-1': 100.6, 'm6-1': 1.08, 'm7-1': 23.36, 'm8-1': 5.52}",0.19499999999999318,211.211,inf,211.341,211.341,211.341
971,T2,BESTEFFORT,MISSED,m4-1,101.688,"{'m1-1': 28.14, 'm2-1': 25.73, 'm3-1': 10.08, 'm4-1': 1.04, 'm5-1': 103.73, 'm6-1': 1.12, 'm7-1': 26.44, 'm8-1': 5.25}",0.6525000000000034,211.253,inf,211.688,211.688,211.688
972,T10,BESTEFFORT,COMPLETED,m6-1,102.334,"{'m1-1': 23.0, 'm2-1': 25.4, 'm3-1': 9.94, 'm4-1': 1.1, 'm5-1': 103.44, 'm6-1': 0.93, 'm7-1': 25.16, 'm8-1': 5.22}",1.395,211.341,212.27100000000002,inf,212.334,212.334
973,T10,BESTEFFORT,MISSED,m4-1,102.569,"{'m1-1': 27.01, 'm2-1': 26.0, 'm3-1': 11.08, 'm4-1': 0.97, 'm5-1': 106.73, 'm6-1': 1.05, 'm7-1': 25.9, 'm8-1': 5.32}",1.321500000000043,211.688,inf,212.56900000000002,212.56900000000002,212.56900000000002
974,T3,BESTEFFORT,MISSED,m6-1,102.623,"{'m1-1': 24.17, 'm2-1': 26.35, 'm3-1': 11.4, 'm4-1': 1.06, 'm5-1': 104.82, 'm6-1': 1.08, 'm7-1': 27.46, 'm8-1': 5.3}",0.5279999999999632,212.27100000000002,inf,212.623,212.623,212.623
975,T10,BESTEFFORT,MISSED,m4-1,102.764,"{'m1-1': 23.58, 'm2-1': 25.48, 'm3-1': 11.59, 'm4-1': 0.96, 'm5-1': 105.62, 'm6-1': 1.07, 'm7-1': 23.3, 'm8-1': 4.88}",0.29249999999998977,212.56900000000002,inf,212.764,212.764,212.764
976,T7,BESTEFFORT,MISSED,m6-1,103.514,"{'m1-1': 25.44, 'm2-1': 24.84, 'm3-1': 9.6, 'm4-1': 1.08, 'm5-1': 113.65, 'm6-1': 1.12, 'm7-1': 26.45, 'm8-1': 5.19}",1.3365000000000293,212.623,inf,213.514,213.514,213.514
977,T10,BESTEFFORT,MISSED,m4-1,103.8,"{'m1-1': 25.68, 'm2-1': 26.11, 'm3-1': 11.46, 'm4-1': 1.05, 'm5-1': 109.44, 'm6-1': 1.1, 'm7-1': 24.16, 'm8-1': 5.62}",1.554000000000002,212.764,inf,213.8,213.8,213.8
978,T7,BESTEFFORT,MISSED,m6-1,103.811,"{'m1-1': 24.12, 'm2-1': 25.58, 'm3-1': 10.99, 'm4-1': 1.01, 'm5-1': 115.32, 'm6-1': 1.17, 'm7-1': 25.01, 'm8-1': 5.21}",0.44549999999999557,213.514,inf,213.811,213.811,213.811
979,T6,BESTEFFORT,MISSED,m4-1,103.865,"{'m1-1': 26.48, 'm2-1': 27.24, 'm3-1': 11.76, 'm4-1': 0.96, 'm5-1': 103.66, 'm6-1': 1.07, 'm7-1': 27.12, 'm8-1': 5.61}",0.09749999999999659,213.8,inf,213.865,213.865,213.865
980,T7,BESTEFFORT,MISSED,m8-1,104.215,"{'m1-1': 25.36, 'm2-1': 27.63, 'm3-1': 11.0, 'm4-1': 1.08, 'm5-1': 99.2, 'm6-1': 1.06, 'm7-1': 26.46, 'm8-1': 5.03}",7.260000000000005,209.375,inf,214.215,214.215,214.215
981,T6,BESTEFFORT,MISSED,m6-1,104.245,"{'m1-1': 26.98, 'm2-1': 27.54, 'm3-1': 10.52, 'm4-1': 1.05, 'm5-1': 95.31, 'm6-1': 1.01, 'm7-1': 25.0, 'm8-1': 5.85}",0.6509999999999962,213.811,inf,214.245,214.245,214.245
982,T6,BESTEFFORT,MISSED,m4-1,104.352,"{'m1-1': 26.82, 'm2-1': 29.5, 'm3-1': 11.85, 'm4-1': 1.11, 'm5-1': 95.41, 'm6-1': 1.17, 'm7-1': 27.88, 'm8-1': 5.71}",0.7304999999999922,213.865,inf,214.352,214.352,214.352
983,T6,BESTEFFORT,MISSED,m6-1,104.682,"{'m1-1': 25.62, 'm2-1': 26.64, 'm3-1': 11.13, 'm4-1': 1.06, 'm5-1': 94.39, 'm6-1': 1.02, 'm7-1': 26.56, 'm8-1': 5.36}",0.6555000000000177,214.245,inf,214.68200000000002,214.68200000000002,214.68200000000002
984,T10,BESTEFFORT,MISSED,m4-1,104.699,"{'m1-1': 26.98, 'm2-1': 26.82, 'm3-1': 10.48, 'm4-1': 1.02, 'm5-1': 114.78, 'm6-1': 0.93, 'm7-1': 26.25, 'm8-1': 5.55}",0.5205000000000126,214.352,inf,214.699,214.699,214.699
985,T6,BESTEFFORT,MISSED,m4-1,104.746,"{'m1-1': 24.78, 'm2-1': 28.9, 'm3-1': 11.75, 'm4-1': 0.97, 'm5-1': 94.84, 'm6-1': 1.13, 'm7-1': 24.11, 'm8-1': 5.67}",0.07049999999995293,214.699,inf,214.74599999999998,214.74599999999998,214.74599999999998
986,T7,BESTEFFORT,MISSED,m4-1,105.057,"{'m1-1': 27.08, 'm2-1': 25.85, 'm3-1': 10.4, 'm4-1': 1.09, 'm5-1': 114.38, 'm6-1': 1.04, 'm7-1': 26.46, 'm8-1': 5.41}",0.4665000000000532,214.74599999999998,inf,215.05700000000002,215.05700000000002,215.05700000000002
987,T7,BESTEFFORT,MISSED,m6-1,105.382,"{'m1-1': 26.54, 'm2-1': 25.72, 'm3-1': 10.64, 'm4-1': 1.0, 'm5-1': 107.32, 'm6-1': 1.06, 'm7-1': 27.19, 'm8-1': 5.22}",1.049999999999983,214.68200000000002,inf,215.382,215.382,215.382
988,T5,BESTEFFORT,MISSED,m4-1,105.717,"{'m1-1': 26.89, 'm2-1': 23.3, 'm3-1': 9.3, 'm4-1': 1.0, 'm5-1': 99.43, 'm6-1': 1.01, 'm7-1': 25.97, 'm8-1': 5.32}",0.9899999999999523,215.05700000000002,inf,215.71699999999998,215.71699999999998,215.71699999999998
989,T5,BESTEFFORT,MISSED,m6-1,106.101,"{'m1-1': 24.92, 'm2-1': 27.55, 'm3-1': 10.18, 'm4-1': 1.06, 'm5-1': 104.23, 'm6-1': 1.13, 'm7-1': 26.85, 'm8-1': 4.99}",1.0784999999999911,215.382,inf,216.101,216.101,216.101
990,T7,BESTEFFORT,MISSED,m4-1,106.245,"{'m1-1': 26.0, 'm2-1': 23.44, 'm3-1': 10.42, 'm4-1': 1.15, 'm5-1': 106.73, 'm6-1': 1.02, 'm7-1': 26.66, 'm8-1': 5.42}",0.79200000000003,215.71699999999998,inf,216.245,216.245,216.245
991,T7,BESTEFFORT,MISSED,m6-1,106.261,"{'m1-1': 24.98, 'm2-1': 26.65, 'm3-1': 11.24, 'm4-1': 1.03, 'm5-1': 110.94, 'm6-1': 1.11, 'm7-1': 27.77, 'm8-1': 5.68}",0.23999999999999488,216.101,inf,216.261,216.261,216.261
992,T5,BESTEFFORT,MISSED,m4-1,106.6,"{'m1-1': 26.63, 'm2-1': 24.48, 'm3-1': 10.22, 'm4-1': 0.98, 'm5-1': 102.34, 'm6-1': 1.06, 'm7-1': 25.56, 'm8-1': 5.44}",0.5324999999999847,216.245,inf,216.6,216.6,216.6
993,T5,BESTEFFORT,MISSED,m6-1,106.853,"{'m1-1': 25.22, 'm2-1': 23.52, 'm3-1': 10.43, 'm4-1': 1.11, 'm5-1': 94.32, 'm6-1': 1.07, 'm7-1': 27.68, 'm8-1': 5.66}",0.8880000000000194,216.261,inf,216.853,216.853,216.853
994,T5,BESTEFFORT,MISSED,m4-1,106.859,"{'m1-1': 26.93, 'm2-1': 26.33, 'm3-1': 10.82, 'm4-1': 0.98, 'm5-1': 104.24, 'm6-1': 1.14, 'm7-1': 25.32, 'm8-1': 5.0}",0.3884999999999792,216.6,inf,216.85899999999998,216.85899999999998,216.85899999999998
995,T10,BESTEFFORT,MISSED,m4-1,107.593,"{'m1-1': 23.39, 'm2-1': 26.43, 'm3-1': 11.46, 'm4-1': 1.02, 'm5-1': 109.07, 'm6-1': 0.96, 'm7-1': 23.8, 'm8-1': 5.29}",1.101000000000056,216.85899999999998,inf,217.59300000000002,217.59300000000002,217.59300000000002
996,T10,BESTEFFORT,MISSED,m6-1,107.852,"{'m1-1': 26.87, 'm2-1': 26.38, 'm3-1': 11.45, 'm4-1': 0.98, 'm5-1': 102.16, 'm6-1': 1.08, 'm7-1': 23.32, 'm8-1': 5.45}",1.4984999999999928,216.853,inf,217.852,217.852,217.852
997,T10,BESTEFFORT,MISSED,m7-1,108.226,"{'m1-1': 25.37, 'm2-1': 24.62, 'm3-1': 11.05, 'm4-1': 0.99, 'm5-1': 113.3, 'm6-1': 1.08, 'm7-1': 26.1, 'm8-1': 5.6}",36.82500000000002,193.676,inf,218.226,218.226,218.226
998,T10,BESTEFFORT,COMPLETED,m4-1,109.209,"{'m1-1': 23.93, 'm2-1': 26.48, 'm3-1': 10.15, 'm4-1': 0.94, 'm5-1': 100.49, 'm6-1': 1.06, 'm7-1': 27.04, 'm8-1': 4.9}",1.41,217.59300000000002,218.53300000000002,inf,219.209,219.209
999,T5,BESTEFFORT,COMPLETED,m6-1,109.657,"{'m1-1': 26.92, 'm2-1': 24.72, 'm3-1': 9.61, 'm4-1': 1.13, 'm5-1': 102.99, 'm6-1': 1.04, 'm7-1': 29.22, 'm8-1': 5.35}",1.56,217.852,218.892,inf,219.65699999999998,219.65699999999998
