id,type,urgency,status,assigned_machine,arrival_time,execution_time,energy_usage,start_time,completion_time,missed_time,deadline,extended_deadline
0,T3,BESTEFFORT,COMPLETED,m3-1,0.044,"{'m1-1': 101.86, 'm2-1': 103.73, 'm3-1': 1.0, 'm4-1': 10.43, 'm5-1': 10.92, 'm6-1': 1.18, 'm7-1': 98.79, 'm8-1': 100.58}",1.5,0.044,1.044,inf,150.044,150.044
1,T3,BESTEFFORT,COMPLETED,m3-1,0.121,"{'m1-1': 92.83, 'm2-1': 96.18, 'm3-1': 1.06, 'm4-1': 10.24, 'm5-1': 11.32, 'm6-1': 1.07, 'm7-1': 97.21, 'm8-1': 110.81}",1.59,1.044,2.104,inf,150.121,150.121
2,T2,BESTEFFORT,COMPLETED,m6-1,0.15,"{'m1-1': 102.74, 'm2-1': 116.42, 'm3-1': 1.04, 'm4-1': 10.8, 'm5-1': 11.62, 'm6-1': 1.08, 'm7-1': 110.2, 'm8-1': 96.47}",1.62,0.15,1.23,inf,150.15,150.15
3,T2,BESTEFFORT,COMPLETED,m3-1,0.245,"{'m1-1': 115.66, 'm2-1': 118.79, 'm3-1': 1.0, 'm4-1': 10.39, 'm5-1': 11.86, 'm6-1': 1.03, 'm7-1': 97.21, 'm8-1': 100.94}",1.5,2.104,3.104,inf,150.245,150.245
4,T1,BESTEFFORT,COMPLETED,m6-1,0.697,"{'m1-1': 110.44, 'm2-1': 117.14, 'm3-1': 1.07, 'm4-1': 11.24, 'm5-1': 10.81, 'm6-1': 1.11, 'm7-1': 107.93, 'm8-1': 117.48}",1.665,1.23,2.34,inf,150.697,150.697
5,T2,BESTEFFORT,COMPLETED,m6-1,0.874,"{'m1-1': 105.96, 'm2-1': 113.38, 'm3-1': 0.95, 'm4-1': 9.81, 'm5-1': 11.57, 'm6-1': 1.09, 'm7-1': 109.16, 'm8-1': 105.51}",1.6350000000000002,2.34,3.4299999999999997,inf,150.874,150.874
6,T2,BESTEFFORT,COMPLETED,m3-1,1.546,"{'m1-1': 111.37, 'm2-1': 110.47, 'm3-1': 1.1, 'm4-1': 10.15, 'm5-1': 10.41, 'm6-1': 1.1, 'm7-1': 96.94, 'm8-1': 108.36}",1.6500000000000001,3.104,4.204000000000001,inf,151.546,151.546
7,T2,BESTEFFORT,COMPLETED,m3-1,1.79,"{'m1-1': 114.6, 'm2-1': 115.84, 'm3-1': 0.94, 'm4-1': 10.08, 'm5-1': 10.15, 'm6-1': 1.08, 'm7-1': 98.66, 'm8-1': 107.07}",1.41,4.204000000000001,5.144,inf,151.79,151.79
8,T2,BESTEFFORT,COMPLETED,m6-1,1.899,"{'m1-1': 100.36, 'm2-1': 111.61, 'm3-1': 1.04, 'm4-1': 10.96, 'm5-1': 10.61, 'm6-1': 0.98, 'm7-1': 102.12, 'm8-1': 104.19}",1.47,3.4299999999999997,4.41,inf,151.899,151.899
9,T2,BESTEFFORT,COMPLETED,m6-1,2.046,"{'m1-1': 115.38, 'm2-1': 102.08, 'm3-1': 1.0, 'm4-1': 9.94, 'm5-1': 11.7, 'm6-1': 1.0, 'm7-1': 105.28, 'm8-1': 109.73}",1.5,4.41,5.41,inf,152.046,152.046
10,T4,BESTEFFORT,COMPLETED,m3-1,2.24,"{'m1-1': 104.72, 'm2-1': 99.1, 'm3-1': 1.02, 'm4-1': 10.5, 'm5-1': 10.34, 'm6-1': 1.05, 'm7-1': 109.42, 'm8-1': 99.22}",1.53,5.144,6.164,inf,152.24,152.24
11,T2,BESTEFFORT,COMPLETED,m6-1,2.594,"{'m1-1': 105.69, 'm2-1': 115.86, 'm3-1': 0.98, 'm4-1': 10.87, 'm5-1': 11.29, 'm6-1': 1.11, 'm7-1': 100.22, 'm8-1': 112.82}",1.665,5.41,6.5200000000000005,inf,152.594,152.594
12,T1,BESTEFFORT,COMPLETED,m5-1,2.852,"{'m1-1': 107.02, 'm2-1': 109.52, 'm3-1': 1.1, 'm4-1': 9.67, 'm5-1': 9.94, 'm6-1': 1.04, 'm7-1': 110.0, 'm8-1': 101.56}",14.91,2.852,12.792,inf,152.852,152.852
13,T3,BESTEFFORT,COMPLETED,m3-1,3.291,"{'m1-1': 97.2, 'm2-1': 98.43, 'm3-1': 1.04, 'm4-1': 10.98, 'm5-1': 11.64, 'm6-1': 1.02, 'm7-1': 99.19, 'm8-1': 110.09}",1.56,6.164,7.204,inf,153.291,153.291
14,T3,BESTEFFORT,COMPLETED,m6-1,3.575,"{'m1-1': 104.93, 'm2-1': 104.24, 'm3-1': 1.06, 'm4-1': 9.9, 'm5-1': 11.32, 'm6-1': 1.18, 'm7-1': 107.2, 'm8-1': 101.74}",1.77,6.5200000000000005,7.7,inf,153.575,153.575
15,T4,BESTEFFORT,COMPLETED,m4-1,3.899,"{'m1-1': 109.37, 'm2-1': 115.87, 'm3-1': 1.08, 'm4-1': 10.16, 'm5-1': 10.81, 'm6-1': 1.01, 'm7-1': 97.11, 'm8-1': 112.51}",15.24,3.899,14.059000000000001,inf,153.899,153.899
16,T3,BESTEFFORT,COMPLETED,m4-1,3.925,"{'m1-1': 95.46, 'm2-1': 95.99, 'm3-1': 1.12, 'm4-1': 10.31, 'm5-1': 10.25, 'm6-1': 1.07, 'm7-1': 96.9, 'm8-1': 105.78}",15.465,14.059000000000001,24.369,inf,153.925,153.925
17,T3,BESTEFFORT,COMPLETED,m4-1,4.147,"{'m1-1': 95.73, 'm2-1': 101.08, 'm3-1': 1.09, 'm4-1': 11.08, 'm5-1': 10.83, 'm6-1': 1.09, 'm7-1': 101.18, 'm8-1': 106.33}",16.62,24.369,35.449,inf,154.147,154.147
18,T3,BESTEFFORT,COMPLETED,m3-1,4.406,"{'m1-1': 92.67, 'm2-1': 100.06, 'm3-1': 1.04, 'm4-1': 10.68, 'm5-1': 11.15, 'm6-1': 1.12, 'm7-1': 92.82, 'm8-1': 116.08}",1.56,7.204,8.244,inf,154.406,154.406
19,T4,BESTEFFORT,COMPLETED,m6-1,4.461,"{'m1-1': 105.13, 'm2-1': 105.03, 'm3-1': 1.16, 'm4-1': 10.4, 'm5-1': 9.81, 'm6-1': 1.04, 'm7-1': 110.41, 'm8-1': 102.84}",1.56,7.7,8.74,inf,154.461,154.461
20,T3,BESTEFFORT,COMPLETED,m4-1,4.464,"{'m1-1': 93.36, 'm2-1': 105.49, 'm3-1': 1.11, 'm4-1': 11.0, 'm5-1': 11.46, 'm6-1': 1.14, 'm7-1': 93.75, 'm8-1': 115.33}",16.5,35.449,46.449,inf,154.464,154.464
21,T4,BESTEFFORT,COMPLETED,m5-1,4.718,"{'m1-1': 104.66, 'm2-1': 113.09, 'm3-1': 1.16, 'm4-1': 9.9, 'm5-1': 11.18, 'm6-1': 1.09, 'm7-1': 108.87, 'm8-1': 98.95}",16.77,12.792,23.972,inf,154.718,154.718
22,T1,BESTEFFORT,COMPLETED,m5-1,4.793,"{'m1-1': 107.76, 'm2-1': 116.67, 'm3-1': 1.0, 'm4-1': 10.47, 'm5-1': 10.69, 'm6-1': 1.1, 'm7-1': 111.61, 'm8-1': 106.42}",16.035,23.972,34.662,inf,154.793,154.793
23,T1,BESTEFFORT,COMPLETED,m5-1,4.904,"{'m1-1': 101.8, 'm2-1': 110.53, 'm3-1': 0.99, 'm4-1': 10.95, 'm5-1': 11.27, 'm6-1': 1.06, 'm7-1': 100.5, 'm8-1': 106.16}",16.905,34.662,45.932,inf,154.904,154.904
24,T2,BESTEFFORT,COMPLETED,m3-1,6.022,"{'m1-1': 111.59, 'm2-1': 109.53, 'm3-1': 0.99, 'm4-1': 10.59, 'm5-1': 10.1, 'm6-1': 1.08, 'm7-1': 103.71, 'm8-1': 109.16}",1.4849999999999999,8.244,9.234,inf,156.022,156.022
25,T3,BESTEFFORT,COMPLETED,m3-1,6.179,"{'m1-1': 104.02, 'm2-1': 96.76, 'm3-1': 1.12, 'm4-1': 9.86, 'm5-1': 9.92, 'm6-1': 1.06, 'm7-1': 108.28, 'm8-1': 112.95}",1.6800000000000002,9.234,10.354,inf,156.179,156.179
26,T2,BESTEFFORT,COMPLETED,m6-1,6.381,"{'m1-1': 117.6, 'm2-1': 117.38, 'm3-1': 1.01, 'm4-1': 10.79, 'm5-1': 11.6, 'm6-1': 1.06, 'm7-1': 111.12, 'm8-1': 101.52}",1.59,8.74,9.8,inf,156.381,156.381
27,T1,BESTEFFORT,COMPLETED,m6-1,6.603,"{'m1-1': 103.05, 'm2-1': 114.98, 'm3-1': 1.1, 'm4-1': 10.03, 'm5-1': 10.94, 'm6-1': 0.98, 'm7-1': 101.28, 'm8-1': 113.0}",1.47,9.8,10.780000000000001,inf,156.603,156.603
28,T1,BESTEFFORT,COMPLETED,m1-1,6.865,"{'m1-1': 105.21, 'm2-1': 109.07, 'm3-1': 1.04, 'm4-1': 10.54, 'm5-1': 11.16, 'm6-1': 1.06, 'm7-1': 99.93, 'm8-1': 110.39}",157.815,6.865,112.07499999999999,inf,156.865,156.865
29,T4,BESTEFFORT,COMPLETED,m6-1,9.141,"{'m1-1': 108.76, 'm2-1': 116.38, 'm3-1': 1.12, 'm4-1': 10.02, 'm5-1': 11.18, 'm6-1': 1.1, 'm7-1': 111.39, 'm8-1': 105.52}",1.6500000000000001,10.780000000000001,11.88,inf,159.141,159.141
30,T2,BESTEFFORT,COMPLETED,m6-1,9.269,"{'m1-1': 114.55, 'm2-1': 103.98, 'm3-1': 0.98, 'm4-1': 10.5, 'm5-1': 10.88, 'm6-1': 0.95, 'm7-1': 97.25, 'm8-1': 105.84}",1.4249999999999998,11.88,12.83,inf,159.269,159.269
31,T1,BESTEFFORT,COMPLETED,m3-1,9.408,"{'m1-1': 104.98, 'm2-1': 107.31, 'm3-1': 1.01, 'm4-1': 10.38, 'm5-1': 10.94, 'm6-1': 1.01, 'm7-1': 100.61, 'm8-1': 116.72}",1.5150000000000001,10.354,11.363999999999999,inf,159.408,159.408
32,T2,BESTEFFORT,COMPLETED,m3-1,9.494,"{'m1-1': 105.78, 'm2-1': 118.56, 'm3-1': 1.06, 'm4-1': 10.58, 'm5-1': 11.56, 'm6-1': 1.06, 'm7-1': 96.65, 'm8-1': 108.76}",1.59,11.363999999999999,12.424,inf,159.494,159.494
33,T4,BESTEFFORT,COMPLETED,m3-1,9.576,"{'m1-1': 110.07, 'm2-1': 101.66, 'm3-1': 1.08, 'm4-1': 10.5, 'm5-1': 10.4, 'm6-1': 1.08, 'm7-1': 107.03, 'm8-1': 104.66}",1.62,12.424,13.504,inf,159.576,159.576
34,T1,BESTEFFORT,COMPLETED,m7-1,9.668,"{'m1-1': 101.22, 'm2-1': 115.11, 'm3-1': 1.08, 'm4-1': 10.98, 'm5-1': 9.78, 'm6-1': 1.11, 'm7-1': 107.98, 'm8-1': 100.58}",161.97,9.668,117.648,inf,159.668,159.668
35,T3,BESTEFFORT,COMPLETED,m6-1,10.179,"{'m1-1': 106.89, 'm2-1': 96.16, 'm3-1': 1.1, 'm4-1': 10.23, 'm5-1': 11.32, 'm6-1': 1.03, 'm7-1': 104.06, 'm8-1': 108.06}",1.545,12.83,13.86,inf,160.179,160.179
36,T3,BESTEFFORT,COMPLETED,m3-1,10.367,"{'m1-1': 108.77, 'm2-1': 95.01, 'm3-1': 1.11, 'm4-1': 9.47, 'm5-1': 11.63, 'm6-1': 1.18, 'm7-1': 97.81, 'm8-1': 101.85}",1.665,13.504,14.613999999999999,inf,160.367,160.367
37,T4,BESTEFFORT,COMPLETED,m8-1,10.39,"{'m1-1': 119.03, 'm2-1': 112.38, 'm3-1': 1.08, 'm4-1': 9.24, 'm5-1': 10.44, 'm6-1': 1.09, 'm7-1': 102.61, 'm8-1': 99.19}",148.785,10.39,109.58,inf,160.39,160.39
38,T1,BESTEFFORT,COMPLETED,m6-1,10.913,"{'m1-1': 114.17, 'm2-1': 101.74, 'm3-1': 0.99, 'm4-1': 10.58, 'm5-1': 11.15, 'm6-1': 0.99, 'm7-1': 106.04, 'm8-1': 110.98}",1.4849999999999999,13.86,14.85,inf,160.913,160.913
39,T2,BESTEFFORT,COMPLETED,m2-1,11.257,"{'m1-1': 115.63, 'm2-1': 102.91, 'm3-1': 0.99, 'm4-1': 10.82, 'm5-1': 11.84, 'm6-1': 1.08, 'm7-1': 109.88, 'm8-1': 105.05}",154.365,11.257,114.167,inf,161.257,161.257
40,T1,BESTEFFORT,COMPLETED,m3-1,11.514,"{'m1-1': 112.1, 'm2-1': 103.99, 'm3-1': 1.12, 'm4-1': 9.93, 'm5-1': 10.74, 'm6-1': 1.1, 'm7-1': 100.8, 'm8-1': 105.6}",1.6800000000000002,14.613999999999999,15.733999999999998,inf,161.514,161.514
41,T3,BESTEFFORT,COMPLETED,m6-1,11.828,"{'m1-1': 106.63, 'm2-1': 106.02, 'm3-1': 0.99, 'm4-1': 10.08, 'm5-1': 10.4, 'm6-1': 1.04, 'm7-1': 103.34, 'm8-1': 106.28}",1.56,14.85,15.89,inf,161.828,161.828
42,T4,BESTEFFORT,COMPLETED,m5-1,11.95,"{'m1-1': 103.49, 'm2-1': 112.15, 'm3-1': 1.07, 'm4-1': 9.95, 'm5-1': 10.58, 'm6-1': 1.08, 'm7-1': 110.62, 'm8-1': 103.85}",15.870000000000001,45.932,56.512,inf,161.95,161.95
43,T3,BESTEFFORT,COMPLETED,m3-1,12.374,"{'m1-1': 105.75, 'm2-1': 110.58, 'm3-1': 1.1, 'm4-1': 9.61, 'm5-1': 11.43, 'm6-1': 1.18, 'm7-1': 95.12, 'm8-1': 114.55}",1.6500000000000001,15.733999999999998,16.834,inf,162.374,162.374
44,T2,BESTEFFORT,COMPLETED,m6-1,12.805,"{'m1-1': 101.02, 'm2-1': 108.19, 'm3-1': 0.94, 'm4-1': 9.73, 'm5-1': 10.31, 'm6-1': 1.1, 'm7-1': 97.92, 'm8-1': 113.05}",1.6500000000000001,15.89,16.990000000000002,inf,162.805,162.805
45,T3,BESTEFFORT,CANCELLED,,13.041,"{'m1-1': 96.71, 'm2-1': 110.87, 'm3-1': 1.1, 'm4-1': 11.0, 'm5-1': 10.16, 'm6-1': 1.06, 'm7-1': 96.86, 'm8-1': 110.73}",0.0,inf,inf,inf,163.041,163.041
46,T1,BESTEFFORT,CANCELLED,,13.071,"{'m1-1': 107.16, 'm2-1': 113.14, 'm3-1': 1.05, 'm4-1': 9.56, 'm5-1': 10.83, 'm6-1': 0.96, 'm7-1': 105.16, 'm8-1': 102.49}",0.0,inf,inf,inf,163.071,163.071
47,T4,BESTEFFORT,CANCELLED,,13.194,"{'m1-1': 107.95, 'm2-1': 102.43, 'm3-1': 1.07, 'm4-1': 10.5, 'm5-1': 11.23, 'm6-1': 1.06, 'm7-1': 112.13, 'm8-1': 101.05}",0.0,inf,inf,inf,163.194,163.194
48,T1,BESTEFFORT,CANCELLED,,13.362,"{'m1-1': 109.63, 'm2-1': 108.17, 'm3-1': 1.13, 'm4-1': 9.81, 'm5-1': 9.99, 'm6-1': 0.97, 'm7-1': 112.99, 'm8-1': 112.15}",0.0,inf,inf,inf,163.362,163.362
49,T4,BESTEFFORT,COMPLETED,m3-1,13.392,"{'m1-1': 106.09, 'm2-1': 106.58, 'm3-1': 1.16, 'm4-1': 10.69, 'm5-1': 11.02, 'm6-1': 1.09, 'm7-1': 94.79, 'm8-1': 101.47}",1.7399999999999998,16.834,17.994,inf,163.392,163.392
50,T3,BESTEFFORT,COMPLETED,m6-1,13.739,"{'m1-1': 105.38, 'm2-1': 109.83, 'm3-1': 0.96, 'm4-1': 10.06, 'm5-1': 10.94, 'm6-1': 1.12, 'm7-1': 92.83, 'm8-1': 101.54}",1.6800000000000002,16.990000000000002,18.110000000000003,inf,163.739,163.739
51,T2,BESTEFFORT,CANCELLED,,13.796,"{'m1-1': 105.78, 'm2-1': 115.7, 'm3-1': 0.93, 'm4-1': 10.34, 'm5-1': 11.88, 'm6-1': 0.97, 'm7-1': 110.61, 'm8-1': 110.32}",0.0,inf,inf,inf,163.796,163.796
52,T4,BESTEFFORT,COMPLETED,m4-1,13.979,"{'m1-1': 104.85, 'm2-1': 103.39, 'm3-1': 1.04, 'm4-1': 9.65, 'm5-1': 10.46, 'm6-1': 1.15, 'm7-1': 106.95, 'm8-1': 101.48}",14.475000000000001,46.449,56.099,inf,163.97899999999998,163.97899999999998
53,T4,BESTEFFORT,COMPLETED,m3-1,14.386,"{'m1-1': 115.06, 'm2-1': 109.33, 'm3-1': 1.04, 'm4-1': 10.56, 'm5-1': 10.07, 'm6-1': 1.02, 'm7-1': 96.11, 'm8-1': 101.04}",1.56,17.994,19.034,inf,164.386,164.386
54,T4,BESTEFFORT,COMPLETED,m6-1,14.739,"{'m1-1': 107.17, 'm2-1': 99.41, 'm3-1': 1.12, 'm4-1': 10.81, 'm5-1': 9.8, 'm6-1': 0.97, 'm7-1': 103.01, 'm8-1': 100.13}",1.455,18.110000000000003,19.080000000000002,inf,164.739,164.739
55,T1,BESTEFFORT,CANCELLED,m3-1,15.092,"{'m1-1': 115.28, 'm2-1': 105.41, 'm3-1': 1.13, 'm4-1': 9.73, 'm5-1': 10.09, 'm6-1': 0.94, 'm7-1': 98.12, 'm8-1': 117.18}",0.0,inf,inf,inf,165.092,165.092
56,T3,BESTEFFORT,CANCELLED,,15.117,"{'m1-1': 102.64, 'm2-1': 107.49, 'm3-1': 1.02, 'm4-1': 10.81, 'm5-1': 11.1, 'm6-1': 1.13, 'm7-1': 104.26, 'm8-1': 100.37}",0.0,inf,inf,inf,165.117,165.117
57,T2,BESTEFFORT,COMPLETED,m6-1,15.311,"{'m1-1': 117.07, 'm2-1': 107.58, 'm3-1': 0.99, 'm4-1': 10.06, 'm5-1': 10.91, 'm6-1': 1.07, 'm7-1': 112.23, 'm8-1': 104.6}",1.605,19.080000000000002,20.150000000000002,inf,165.311,165.311
58,T1,BESTEFFORT,CANCELLED,,16.289,"{'m1-1': 109.61, 'm2-1': 100.64, 'm3-1': 1.0, 'm4-1': 11.0, 'm5-1': 10.28, 'm6-1': 0.94, 'm7-1': 105.6, 'm8-1': 106.81}",0.0,inf,inf,inf,166.289,166.289
59,T3,BESTEFFORT,CANCELLED,,16.33,"{'m1-1': 98.89, 'm2-1': 109.55, 'm3-1': 1.13, 'm4-1': 10.22, 'm5-1': 10.33, 'm6-1': 1.03, 'm7-1': 106.59, 'm8-1': 102.99}",0.0,inf,inf,inf,166.32999999999998,166.32999999999998
60,T1,BESTEFFORT,COMPLETED,m6-1,16.538,"{'m1-1': 116.31, 'm2-1': 100.4, 'm3-1': 0.98, 'm4-1': 10.57, 'm5-1': 10.94, 'm6-1': 1.09, 'm7-1': 110.03, 'm8-1': 116.7}",1.6350000000000002,20.150000000000002,21.240000000000002,inf,166.538,166.538
61,T4,BESTEFFORT,MISSED,m8-1,16.726,"{'m1-1': 118.91, 'm2-1': 106.19, 'm3-1': 1.15, 'm4-1': 9.84, 'm5-1': 10.35, 'm6-1': 1.0, 'm7-1': 97.18, 'm8-1': 106.9}",85.719,109.58,inf,166.726,166.726,166.726
62,T2,BESTEFFORT,COMPLETED,m3-1,16.807,"{'m1-1': 109.72, 'm2-1': 109.27, 'm3-1': 1.03, 'm4-1': 10.16, 'm5-1': 11.93, 'm6-1': 0.97, 'm7-1': 111.01, 'm8-1': 108.19}",1.545,19.034,20.064,inf,166.807,166.807
63,T1,BESTEFFORT,COMPLETED,m3-1,16.882,"{'m1-1': 105.37, 'm2-1': 106.53, 'm3-1': 1.03, 'm4-1': 10.13, 'm5-1': 10.89, 'm6-1': 1.03, 'm7-1': 101.46, 'm8-1': 107.0}",1.545,20.064,21.094,inf,166.882,166.882
64,T3,BESTEFFORT,COMPLETED,m3-1,17.15,"{'m1-1': 103.32, 'm2-1': 95.28, 'm3-1': 1.13, 'm4-1': 11.06, 'm5-1': 11.11, 'm6-1': 1.09, 'm7-1': 109.46, 'm8-1': 110.04}",1.6949999999999998,21.094,22.224,inf,167.15,167.15
65,T2,BESTEFFORT,CANCELLED,m6-1,17.541,"{'m1-1': 112.91, 'm2-1': 102.7, 'm3-1': 0.92, 'm4-1': 9.72, 'm5-1': 10.64, 'm6-1': 1.07, 'm7-1': 94.92, 'm8-1': 102.74}",0.0,inf,inf,inf,167.541,167.541
66,T3,BESTEFFORT,COMPLETED,m3-1,18.424,"{'m1-1': 93.13, 'm2-1': 95.07, 'm3-1': 0.99, 'm4-1': 10.79, 'm5-1': 10.01, 'm6-1': 1.02, 'm7-1': 107.4, 'm8-1': 112.98}",1.4849999999999999,22.224,23.214,inf,168.424,168.424
67,T1,BESTEFFORT,MISSED,m8-1,18.609,"{'m1-1': 106.84, 'm2-1': 104.31, 'm3-1': 1.14, 'm4-1': 9.63, 'm5-1': 10.62, 'm6-1': 1.08, 'm7-1': 112.24, 'm8-1': 112.35}",2.8245000000000147,166.726,inf,168.609,168.609,168.609
68,T1,BESTEFFORT,COMPLETED,m6-1,18.611,"{'m1-1': 108.32, 'm2-1': 116.99, 'm3-1': 1.1, 'm4-1': 10.6, 'm5-1': 10.43, 'm6-1': 1.07, 'm7-1': 114.85, 'm8-1': 105.54}",1.605,21.240000000000002,22.310000000000002,inf,168.611,168.611
69,T4,BESTEFFORT,CANCELLED,m6-1,18.778,"{'m1-1': 102.6, 'm2-1': 110.67, 'm3-1': 1.11, 'm4-1': 9.29, 'm5-1': 11.06, 'm6-1': 1.12, 'm7-1': 103.78, 'm8-1': 112.72}",0.0,inf,inf,inf,168.778,168.778
70,T4,BESTEFFORT,CANCELLED,,19.175,"{'m1-1': 102.73, 'm2-1': 98.99, 'm3-1': 1.03, 'm4-1': 9.84, 'm5-1': 10.48, 'm6-1': 1.01, 'm7-1': 100.21, 'm8-1': 107.09}",0.0,inf,inf,inf,169.175,169.175
71,T4,BESTEFFORT,CANCELLED,,19.227,"{'m1-1': 111.74, 'm2-1': 106.19, 'm3-1': 1.12, 'm4-1': 10.43, 'm5-1': 10.91, 'm6-1': 0.98, 'm7-1': 105.1, 'm8-1': 105.8}",0.0,inf,inf,inf,169.227,169.227
72,T2,BESTEFFORT,CANCELLED,m3-1,19.907,"{'m1-1': 103.22, 'm2-1': 107.29, 'm3-1': 1.1, 'm4-1': 10.06, 'm5-1': 11.92, 'm6-1': 0.97, 'm7-1': 106.9, 'm8-1': 109.35}",0.0,inf,inf,inf,169.907,169.907
73,T4,BESTEFFORT,COMPLETED,m3-1,20.093,"{'m1-1': 115.0, 'm2-1': 110.45, 'm3-1': 1.11, 'm4-1': 9.38, 'm5-1': 11.16, 'm6-1': 1.1, 'm7-1': 103.9, 'm8-1': 103.3}",1.665,23.214,24.323999999999998,inf,170.093,170.093
74,T1,BESTEFFORT,MISSED,m8-1,20.136,"{'m1-1': 108.74, 'm2-1': 104.93, 'm3-1': 1.15, 'm4-1': 9.73, 'm5-1': 10.34, 'm6-1': 1.06, 'm7-1': 105.04, 'm8-1': 105.22}",2.29049999999998,168.609,inf,170.136,170.136,170.136
75,T4,BESTEFFORT,CANCELLED,m6-1,20.555,"{'m1-1': 115.16, 'm2-1': 112.15, 'm3-1': 1.16, 'm4-1': 9.56, 'm5-1': 10.36, 'm6-1': 1.13, 'm7-1': 109.96, 'm8-1': 101.83}",0.0,inf,inf,inf,170.555,170.555
76,T4,BESTEFFORT,CANCELLED,,20.799,"{'m1-1': 104.49, 'm2-1': 101.65, 'm3-1': 1.1, 'm4-1': 9.61, 'm5-1': 10.48, 'm6-1': 1.0, 'm7-1': 98.87, 'm8-1': 110.32}",0.0,inf,inf,inf,170.799,170.799
77,T2,BESTEFFORT,CANCELLED,,20.853,"{'m1-1': 112.76, 'm2-1': 102.17, 'm3-1': 0.96, 'm4-1': 10.08, 'm5-1': 10.78, 'm6-1': 1.03, 'm7-1': 99.02, 'm8-1': 109.2}",0.0,inf,inf,inf,170.853,170.853
78,T1,BESTEFFORT,COMPLETED,m6-1,20.986,"{'m1-1': 105.27, 'm2-1': 116.99, 'm3-1': 1.05, 'm4-1': 9.86, 'm5-1': 10.4, 'm6-1': 1.08, 'm7-1': 103.72, 'm8-1': 113.07}",1.62,22.310000000000002,23.39,inf,170.986,170.986
79,T2,BESTEFFORT,COMPLETED,m3-1,20.997,"{'m1-1': 112.76, 'm2-1': 116.0, 'm3-1': 0.95, 'm4-1': 10.9, 'm5-1': 10.9, 'm6-1': 0.95, 'm7-1': 95.19, 'm8-1': 102.9}",1.4249999999999998,24.323999999999998,25.273999999999997,inf,170.997,170.997
80,T1,BESTEFFORT,COMPLETED,m6-1,21.18,"{'m1-1': 114.82, 'm2-1': 104.29, 'm3-1': 1.0, 'm4-1': 11.28, 'm5-1': 10.48, 'm6-1': 1.1, 'm7-1': 105.84, 'm8-1': 106.13}",1.6500000000000001,23.39,24.490000000000002,inf,171.18,171.18
81,T1,BESTEFFORT,CANCELLED,m6-1,21.218,"{'m1-1': 115.63, 'm2-1': 101.2, 'm3-1': 1.09, 'm4-1': 9.66, 'm5-1': 10.38, 'm6-1': 1.1, 'm7-1': 109.84, 'm8-1': 113.54}",0.0,inf,inf,inf,171.218,171.218
82,T4,BESTEFFORT,COMPLETED,m6-1,21.676,"{'m1-1': 108.03, 'm2-1': 99.64, 'm3-1': 1.03, 'm4-1': 9.31, 'm5-1': 10.39, 'm6-1': 1.01, 'm7-1': 104.38, 'm8-1': 96.82}",1.5150000000000001,24.490000000000002,25.500000000000004,inf,171.676,171.676
83,T2,BESTEFFORT,CANCELLED,m3-1,21.805,"{'m1-1': 109.72, 'm2-1': 101.75, 'm3-1': 0.94, 'm4-1': 10.19, 'm5-1': 11.9, 'm6-1': 1.08, 'm7-1': 103.33, 'm8-1': 98.04}",0.0,inf,inf,inf,171.805,171.805
84,T2,BESTEFFORT,CANCELLED,,22.1,"{'m1-1': 116.15, 'm2-1': 105.79, 'm3-1': 0.98, 'm4-1': 9.54, 'm5-1': 11.16, 'm6-1': 1.02, 'm7-1': 103.48, 'm8-1': 110.44}",0.0,inf,inf,inf,172.1,172.1
85,T3,BESTEFFORT,CANCELLED,,22.634,"{'m1-1': 106.11, 'm2-1': 107.92, 'm3-1': 1.03, 'm4-1': 9.75, 'm5-1': 10.21, 'm6-1': 1.13, 'm7-1': 100.61, 'm8-1': 99.81}",0.0,inf,inf,inf,172.63400000000001,172.63400000000001
86,T2,BESTEFFORT,CANCELLED,,22.88,"{'m1-1': 99.94, 'm2-1': 116.0, 'm3-1': 1.04, 'm4-1': 10.57, 'm5-1': 10.56, 'm6-1': 1.02, 'm7-1': 105.15, 'm8-1': 111.25}",0.0,inf,inf,inf,172.88,172.88
87,T3,BESTEFFORT,CANCELLED,,22.982,"{'m1-1': 96.63, 'm2-1': 99.62, 'm3-1': 1.03, 'm4-1': 9.64, 'm5-1': 11.58, 'm6-1': 1.15, 'm7-1': 102.8, 'm8-1': 107.95}",0.0,inf,inf,inf,172.982,172.982
88,T2,BESTEFFORT,CANCELLED,m3-1,23.125,"{'m1-1': 110.5, 'm2-1': 116.22, 'm3-1': 0.94, 'm4-1': 9.67, 'm5-1': 11.22, 'm6-1': 0.97, 'm7-1': 111.22, 'm8-1': 98.06}",0.0,inf,inf,inf,173.125,173.125
89,T2,BESTEFFORT,CANCELLED,m6-1,23.345,"{'m1-1': 106.92, 'm2-1': 111.07, 'm3-1': 0.95, 'm4-1': 9.78, 'm5-1': 11.58, 'm6-1': 1.08, 'm7-1': 110.43, 'm8-1': 103.68}",0.0,inf,inf,inf,173.345,173.345
90,T4,BESTEFFORT,COMPLETED,m3-1,23.353,"{'m1-1': 103.44, 'm2-1': 114.76, 'm3-1': 1.1, 'm4-1': 9.75, 'm5-1': 10.18, 'm6-1': 0.97, 'm7-1': 110.37, 'm8-1': 105.32}",1.6500000000000001,25.273999999999997,26.374,inf,173.353,173.353
91,T3,BESTEFFORT,CANCELLED,,23.587,"{'m1-1': 108.59, 'm2-1': 104.45, 'm3-1': 0.98, 'm4-1': 9.59, 'm5-1': 11.49, 'm6-1': 1.17, 'm7-1': 95.9, 'm8-1': 104.68}",0.0,inf,inf,inf,173.587,173.587
92,T4,BESTEFFORT,COMPLETED,m6-1,23.688,"{'m1-1': 107.91, 'm2-1': 100.41, 'm3-1': 1.07, 'm4-1': 9.58, 'm5-1': 11.24, 'm6-1': 1.06, 'm7-1': 106.16, 'm8-1': 103.15}",1.59,25.500000000000004,26.560000000000002,inf,173.688,173.688
93,T2,BESTEFFORT,COMPLETED,m5-1,23.876,"{'m1-1': 113.3, 'm2-1': 112.37, 'm3-1': 1.05, 'm4-1': 10.34, 'm5-1': 11.59, 'm6-1': 1.08, 'm7-1': 111.3, 'm8-1': 112.5}",17.384999999999998,56.512,68.102,inf,173.876,173.876
94,T4,BESTEFFORT,COMPLETED,m3-1,23.879,"{'m1-1': 112.05, 'm2-1': 102.11, 'm3-1': 1.07, 'm4-1': 10.31, 'm5-1': 10.04, 'm6-1': 0.97, 'm7-1': 101.11, 'm8-1': 112.67}",1.605,26.374,27.444,inf,173.879,173.879
95,T2,BESTEFFORT,COMPLETED,m3-1,24.086,"{'m1-1': 117.44, 'm2-1': 109.45, 'm3-1': 0.93, 'm4-1': 9.85, 'm5-1': 11.47, 'm6-1': 1.05, 'm7-1': 111.12, 'm8-1': 112.96}",1.395,27.444,28.374,inf,174.086,174.086
96,T2,BESTEFFORT,CANCELLED,m6-1,24.095,"{'m1-1': 101.5, 'm2-1': 101.91, 'm3-1': 1.03, 'm4-1': 10.11, 'm5-1': 10.96, 'm6-1': 1.1, 'm7-1': 112.42, 'm8-1': 102.11}",0.0,inf,inf,inf,174.095,174.095
97,T4,BESTEFFORT,COMPLETED,m6-1,24.365,"{'m1-1': 115.49, 'm2-1': 104.28, 'm3-1': 1.15, 'm4-1': 9.44, 'm5-1': 10.49, 'm6-1': 1.14, 'm7-1': 104.28, 'm8-1': 99.95}",1.71,26.560000000000002,27.700000000000003,inf,174.365,174.365
98,T2,BESTEFFORT,COMPLETED,m4-1,24.701,"{'m1-1': 106.32, 'm2-1': 107.31, 'm3-1': 1.04, 'm4-1': 9.81, 'm5-1': 10.63, 'm6-1': 0.96, 'm7-1': 102.99, 'm8-1': 98.3}",14.715,56.099,65.90899999999999,inf,174.701,174.701
99,T2,BESTEFFORT,COMPLETED,m3-1,24.765,"{'m1-1': 107.89, 'm2-1': 107.25, 'm3-1': 1.0, 'm4-1': 9.4, 'm5-1': 10.32, 'm6-1': 1.06, 'm7-1': 109.9, 'm8-1': 112.77}",1.5,28.374,29.374,inf,174.765,174.765
100,T4,BESTEFFORT,COMPLETED,m6-1,25.352,"{'m1-1': 116.3, 'm2-1': 103.17, 'm3-1': 1.07, 'm4-1': 10.39, 'm5-1': 9.96, 'm6-1': 1.02, 'm7-1': 110.86, 'm8-1': 100.02}",1.53,27.700000000000003,28.720000000000002,inf,175.352,175.352
101,T1,BESTEFFORT,CANCELLED,m6-1,25.378,"{'m1-1': 109.94, 'm2-1': 108.07, 'm3-1': 1.06, 'm4-1': 11.2, 'm5-1': 11.07, 'm6-1': 1.09, 'm7-1': 102.4, 'm8-1': 105.59}",0.0,inf,inf,inf,175.378,175.378
102,T2,BESTEFFORT,COMPLETED,m6-1,25.394,"{'m1-1': 117.14, 'm2-1': 109.75, 'm3-1': 0.93, 'm4-1': 10.74, 'm5-1': 10.55, 'm6-1': 1.0, 'm7-1': 103.37, 'm8-1': 96.8}",1.5,28.720000000000002,29.720000000000002,inf,175.394,175.394
103,T2,BESTEFFORT,CANCELLED,,25.717,"{'m1-1': 104.86, 'm2-1': 118.74, 'm3-1': 1.02, 'm4-1': 10.46, 'm5-1': 11.18, 'm6-1': 1.04, 'm7-1': 99.22, 'm8-1': 103.68}",0.0,inf,inf,inf,175.71699999999998,175.71699999999998
104,T2,BESTEFFORT,COMPLETED,m3-1,25.865,"{'m1-1': 112.59, 'm2-1': 116.62, 'm3-1': 1.01, 'm4-1': 9.96, 'm5-1': 11.48, 'm6-1': 1.08, 'm7-1': 97.6, 'm8-1': 110.6}",1.5150000000000001,29.374,30.384,inf,175.865,175.865
105,T4,BESTEFFORT,CANCELLED,,26.703,"{'m1-1': 111.36, 'm2-1': 109.78, 'm3-1': 1.02, 'm4-1': 9.98, 'm5-1': 9.94, 'm6-1': 1.13, 'm7-1': 107.76, 'm8-1': 96.33}",0.0,inf,inf,inf,176.703,176.703
106,T4,BESTEFFORT,COMPLETED,m3-1,26.897,"{'m1-1': 110.61, 'm2-1': 99.63, 'm3-1': 1.01, 'm4-1': 10.89, 'm5-1': 10.14, 'm6-1': 1.08, 'm7-1': 103.69, 'm8-1': 96.79}",1.5150000000000001,30.384,31.394000000000002,inf,176.897,176.897
107,T2,BESTEFFORT,COMPLETED,m6-1,27.075,"{'m1-1': 104.54, 'm2-1': 111.55, 'm3-1': 1.09, 'm4-1': 9.96, 'm5-1': 11.71, 'm6-1': 1.11, 'm7-1': 96.44, 'm8-1': 114.06}",1.665,30.76,31.87,inf,177.075,177.075
108,T2,BESTEFFORT,COMPLETED,m6-1,27.26,"{'m1-1': 110.59, 'm2-1': 112.87, 'm3-1': 1.03, 'm4-1': 10.22, 'm5-1': 11.48, 'm6-1': 1.04, 'm7-1': 107.52, 'm8-1': 104.14}",1.56,29.720000000000002,30.76,inf,177.26,177.26
109,T3,BESTEFFORT,CANCELLED,m3-1,27.656,"{'m1-1': 99.98, 'm2-1': 97.78, 'm3-1': 0.98, 'm4-1': 9.47, 'm5-1': 11.09, 'm6-1': 1.17, 'm7-1': 103.01, 'm8-1': 106.74}",0.0,inf,inf,inf,177.656,177.656
110,T4,BESTEFFORT,CANCELLED,,27.949,"{'m1-1': 113.14, 'm2-1': 112.64, 'm3-1': 1.13, 'm4-1': 10.83, 'm5-1': 10.11, 'm6-1': 1.13, 'm7-1': 95.85, 'm8-1': 111.42}",0.0,inf,inf,inf,177.949,177.949
111,T4,BESTEFFORT,CANCELLED,m6-1,28.018,"{'m1-1': 103.65, 'm2-1': 107.62, 'm3-1': 1.03, 'm4-1': 10.77, 'm5-1': 10.83, 'm6-1': 1.01, 'm7-1': 103.56, 'm8-1': 105.04}",0.0,inf,inf,inf,178.018,178.018
112,T2,BESTEFFORT,CANCELLED,,28.38,"{'m1-1': 106.89, 'm2-1': 101.67, 'm3-1': 1.09, 'm4-1': 10.29, 'm5-1': 10.9, 'm6-1': 1.04, 'm7-1': 106.9, 'm8-1': 97.58}",0.0,inf,inf,inf,178.38,178.38
113,T1,BESTEFFORT,CANCELLED,,28.689,"{'m1-1': 100.02, 'm2-1': 109.83, 'm3-1': 1.05, 'm4-1': 10.5, 'm5-1': 10.57, 'm6-1': 0.97, 'm7-1': 103.99, 'm8-1': 107.96}",0.0,inf,inf,inf,178.689,178.689
114,T2,BESTEFFORT,CANCELLED,m6-1,28.775,"{'m1-1': 109.38, 'm2-1': 110.0, 'm3-1': 0.98, 'm4-1': 9.69, 'm5-1': 11.15, 'm6-1': 1.1, 'm7-1': 111.54, 'm8-1': 103.1}",0.0,inf,inf,inf,178.775,178.775
115,T3,BESTEFFORT,CANCELLED,m3-1,28.776,"{'m1-1': 105.17, 'm2-1': 106.7, 'm3-1': 1.08, 'm4-1': 10.29, 'm5-1': 9.97, 'm6-1': 1.17, 'm7-1': 98.55, 'm8-1': 113.21}",0.0,inf,inf,inf,178.776,178.776
116,T3,BESTEFFORT,CANCELLED,,29.129,"{'m1-1': 99.85, 'm2-1': 112.22, 'm3-1': 1.11, 'm4-1': 9.94, 'm5-1': 10.55, 'm6-1': 1.12, 'm7-1': 109.2, 'm8-1': 109.64}",0.0,inf,inf,inf,179.129,179.129
117,T2,BESTEFFORT,COMPLETED,m3-1,29.352,"{'m1-1': 109.44, 'm2-1': 117.0, 'm3-1': 1.04, 'm4-1': 9.76, 'm5-1': 11.6, 'm6-1': 0.99, 'm7-1': 103.12, 'm8-1': 101.35}",1.56,31.394000000000002,32.434000000000005,inf,179.352,179.352
118,T1,BESTEFFORT,COMPLETED,m6-1,29.837,"{'m1-1': 99.65, 'm2-1': 113.73, 'm3-1': 1.1, 'm4-1': 9.62, 'm5-1': 10.1, 'm6-1': 0.97, 'm7-1': 110.06, 'm8-1': 101.47}",1.455,31.87,32.84,inf,179.837,179.837
119,T1,BESTEFFORT,COMPLETED,m3-1,30.04,"{'m1-1': 105.24, 'm2-1': 111.72, 'm3-1': 1.16, 'm4-1': 10.17, 'm5-1': 9.65, 'm6-1': 1.05, 'm7-1': 101.28, 'm8-1': 101.42}",1.7399999999999998,32.434000000000005,33.594,inf,180.04,180.04
120,T2,BESTEFFORT,CANCELLED,m3-1,30.142,"{'m1-1': 111.11, 'm2-1': 109.99, 'm3-1': 0.95, 'm4-1': 10.23, 'm5-1': 10.15, 'm6-1': 1.0, 'm7-1': 109.84, 'm8-1': 102.06}",0.0,inf,inf,inf,180.142,180.142
121,T4,BESTEFFORT,CANCELLED,,30.289,"{'m1-1': 114.17, 'm2-1': 107.71, 'm3-1': 1.0, 'm4-1': 10.84, 'm5-1': 10.52, 'm6-1': 1.12, 'm7-1': 96.59, 'm8-1': 98.16}",0.0,inf,inf,inf,180.289,180.289
122,T1,BESTEFFORT,COMPLETED,m6-1,30.39,"{'m1-1': 113.56, 'm2-1': 107.71, 'm3-1': 1.1, 'm4-1': 10.76, 'm5-1': 9.59, 'm6-1': 0.97, 'm7-1': 107.81, 'm8-1': 102.24}",1.455,32.84,33.81,inf,180.39,180.39
123,T2,BESTEFFORT,CANCELLED,,30.408,"{'m1-1': 106.62, 'm2-1': 107.98, 'm3-1': 0.96, 'm4-1': 9.84, 'm5-1': 10.76, 'm6-1': 1.08, 'm7-1': 98.16, 'm8-1': 112.18}",0.0,inf,inf,inf,180.40800000000002,180.40800000000002
124,T4,BESTEFFORT,CANCELLED,,30.45,"{'m1-1': 105.13, 'm2-1': 114.83, 'm3-1': 1.06, 'm4-1': 10.5, 'm5-1': 9.99, 'm6-1': 1.1, 'm7-1': 98.33, 'm8-1': 112.13}",0.0,inf,inf,inf,180.45,180.45
125,T3,BESTEFFORT,CANCELLED,,30.494,"{'m1-1': 108.81, 'm2-1': 109.36, 'm3-1': 0.97, 'm4-1': 10.56, 'm5-1': 10.62, 'm6-1': 1.02, 'm7-1': 104.03, 'm8-1': 116.42}",0.0,inf,inf,inf,180.494,180.494
126,T4,BESTEFFORT,COMPLETED,m3-1,30.546,"{'m1-1': 115.08, 'm2-1': 102.43, 'm3-1': 1.1, 'm4-1': 9.37, 'm5-1': 9.6, 'm6-1': 1.05, 'm7-1': 111.39, 'm8-1': 101.46}",1.6500000000000001,34.694,35.794000000000004,inf,180.546,180.546
127,T1,BESTEFFORT,COMPLETED,m3-1,30.673,"{'m1-1': 101.46, 'm2-1': 113.74, 'm3-1': 1.1, 'm4-1': 10.5, 'm5-1': 10.79, 'm6-1': 0.98, 'm7-1': 105.91, 'm8-1': 105.54}",1.6500000000000001,33.594,34.694,inf,180.673,180.673
128,T2,BESTEFFORT,CANCELLED,m6-1,30.748,"{'m1-1': 106.19, 'm2-1': 111.71, 'm3-1': 1.03, 'm4-1': 9.62, 'm5-1': 10.49, 'm6-1': 0.96, 'm7-1': 108.36, 'm8-1': 108.7}",0.0,inf,inf,inf,180.748,180.748
129,T1,BESTEFFORT,COMPLETED,m6-1,30.763,"{'m1-1': 99.66, 'm2-1': 103.58, 'm3-1': 1.03, 'm4-1': 10.35, 'm5-1': 9.88, 'm6-1': 1.01, 'm7-1': 107.08, 'm8-1': 113.92}",1.5150000000000001,33.81,34.82,inf,180.763,180.763
130,T3,BESTEFFORT,COMPLETED,m6-1,32.375,"{'m1-1': 107.56, 'm2-1': 102.33, 'm3-1': 1.04, 'm4-1': 10.63, 'm5-1': 11.31, 'm6-1': 1.16, 'm7-1': 104.8, 'm8-1': 108.65}",1.7399999999999998,34.82,35.98,inf,182.375,182.375
131,T3,BESTEFFORT,COMPLETED,m3-1,32.411,"{'m1-1': 103.09, 'm2-1': 99.73, 'm3-1': 1.07, 'm4-1': 10.45, 'm5-1': 10.62, 'm6-1': 1.05, 'm7-1': 92.81, 'm8-1': 114.99}",1.605,35.794000000000004,36.864000000000004,inf,182.411,182.411
132,T4,BESTEFFORT,CANCELLED,m6-1,32.722,"{'m1-1': 110.33, 'm2-1': 104.37, 'm3-1': 1.01, 'm4-1': 10.46, 'm5-1': 10.87, 'm6-1': 1.0, 'm7-1': 108.39, 'm8-1': 101.47}",0.0,inf,inf,inf,182.722,182.722
133,T4,BESTEFFORT,CANCELLED,,32.753,"{'m1-1': 106.04, 'm2-1': 113.8, 'm3-1': 1.14, 'm4-1': 9.93, 'm5-1': 9.81, 'm6-1': 1.12, 'm7-1': 98.74, 'm8-1': 95.63}",0.0,inf,inf,inf,182.753,182.753
134,T2,BESTEFFORT,CANCELLED,,32.856,"{'m1-1': 116.04, 'm2-1': 104.65, 'm3-1': 1.04, 'm4-1': 10.64, 'm5-1': 11.13, 'm6-1': 1.06, 'm7-1': 106.64, 'm8-1': 100.33}",0.0,inf,inf,inf,182.856,182.856
135,T3,BESTEFFORT,CANCELLED,,33.016,"{'m1-1': 102.38, 'm2-1': 98.19, 'm3-1': 0.99, 'm4-1': 9.46, 'm5-1': 11.21, 'm6-1': 1.05, 'm7-1': 96.29, 'm8-1': 111.51}",0.0,inf,inf,inf,183.016,183.016
136,T1,BESTEFFORT,COMPLETED,m6-1,33.107,"{'m1-1': 115.63, 'm2-1': 110.62, 'm3-1': 1.12, 'm4-1': 10.55, 'm5-1': 10.22, 'm6-1': 0.95, 'm7-1': 110.44, 'm8-1': 99.94}",1.4249999999999998,35.98,36.93,inf,183.107,183.107
137,T3,BESTEFFORT,CANCELLED,m3-1,33.301,"{'m1-1': 95.7, 'm2-1': 111.56, 'm3-1': 1.0, 'm4-1': 9.99, 'm5-1': 10.79, 'm6-1': 1.06, 'm7-1': 96.31, 'm8-1': 118.19}",0.0,inf,inf,inf,183.301,183.301
138,T2,BESTEFFORT,COMPLETED,m6-1,33.32,"{'m1-1': 102.27, 'm2-1': 101.47, 'm3-1': 0.98, 'm4-1': 10.2, 'm5-1': 10.92, 'm6-1': 1.04, 'm7-1': 101.37, 'm8-1': 106.11}",1.56,36.93,37.97,inf,183.32,183.32
139,T4,BESTEFFORT,CANCELLED,,33.522,"{'m1-1': 107.06, 'm2-1': 105.39, 'm3-1': 1.1, 'm4-1': 10.88, 'm5-1': 10.24, 'm6-1': 0.99, 'm7-1': 110.87, 'm8-1': 97.39}",0.0,inf,inf,inf,183.522,183.522
140,T4,BESTEFFORT,CANCELLED,,33.82,"{'m1-1': 104.16, 'm2-1': 116.83, 'm3-1': 1.13, 'm4-1': 9.31, 'm5-1': 9.66, 'm6-1': 1.02, 'm7-1': 98.45, 'm8-1': 101.81}",0.0,inf,inf,inf,183.82,183.82
141,T1,BESTEFFORT,CANCELLED,,34.144,"{'m1-1': 112.96, 'm2-1': 103.44, 'm3-1': 1.0, 'm4-1': 10.74, 'm5-1': 10.59, 'm6-1': 1.1, 'm7-1': 104.59, 'm8-1': 106.51}",0.0,inf,inf,inf,184.144,184.144
142,T2,BESTEFFORT,CANCELLED,,34.429,"{'m1-1': 102.42, 'm2-1': 113.04, 'm3-1': 0.97, 'm4-1': 10.9, 'm5-1': 10.8, 'm6-1': 0.99, 'm7-1': 99.12, 'm8-1': 107.47}",0.0,inf,inf,inf,184.429,184.429
143,T2,BESTEFFORT,CANCELLED,m3-1,34.501,"{'m1-1': 115.61, 'm2-1': 100.77, 'm3-1': 1.1, 'm4-1': 9.85, 'm5-1': 11.53, 'm6-1': 1.11, 'm7-1': 104.16, 'm8-1': 112.12}",0.0,inf,inf,inf,184.501,184.501
144,T3,BESTEFFORT,COMPLETED,m5-1,34.628,"{'m1-1': 104.72, 'm2-1': 95.68, 'm3-1': 1.1, 'm4-1': 9.58, 'm5-1': 11.62, 'm6-1': 1.14, 'm7-1': 94.43, 'm8-1': 118.19}",17.43,68.102,79.72200000000001,inf,184.628,184.628
145,T1,BESTEFFORT,COMPLETED,m6-1,34.74,"{'m1-1': 111.08, 'm2-1': 103.53, 'm3-1': 1.12, 'm4-1': 11.25, 'm5-1': 10.27, 'm6-1': 1.06, 'm7-1': 96.82, 'm8-1': 111.8}",1.59,37.97,39.03,inf,184.74,184.74
146,T2,BESTEFFORT,CANCELLED,,34.75,"{'m1-1': 113.35, 'm2-1': 109.83, 'm3-1': 1.02, 'm4-1': 10.97, 'm5-1': 10.99, 'm6-1': 0.94, 'm7-1': 106.19, 'm8-1': 101.04}",0.0,inf,inf,inf,184.75,184.75
147,T3,BESTEFFORT,CANCELLED,m3-1,35.348,"{'m1-1': 100.82, 'm2-1': 111.5, 'm3-1': 0.95, 'm4-1': 10.87, 'm5-1': 10.49, 'm6-1': 1.03, 'm7-1': 92.86, 'm8-1': 112.18}",0.0,inf,inf,inf,185.348,185.348
148,T3,BESTEFFORT,COMPLETED,m4-1,35.458,"{'m1-1': 98.78, 'm2-1': 112.4, 'm3-1': 0.96, 'm4-1': 9.71, 'm5-1': 11.31, 'm6-1': 1.12, 'm7-1': 102.43, 'm8-1': 103.22}",14.565000000000001,65.90899999999999,75.619,inf,185.458,185.458
149,T3,BESTEFFORT,CANCELLED,m3-1,35.487,"{'m1-1': 92.58, 'm2-1': 105.59, 'm3-1': 0.96, 'm4-1': 10.96, 'm5-1': 11.31, 'm6-1': 1.15, 'm7-1': 107.43, 'm8-1': 109.59}",0.0,inf,inf,inf,185.487,185.487
150,T1,BESTEFFORT,COMPLETED,m6-1,35.714,"{'m1-1': 109.32, 'm2-1': 102.96, 'm3-1': 1.04, 'm4-1': 10.2, 'm5-1': 10.72, 'm6-1': 0.99, 'm7-1': 109.79, 'm8-1': 113.89}",1.4849999999999999,39.03,40.02,inf,185.714,185.714
151,T2,BESTEFFORT,CANCELLED,m3-1,35.979,"{'m1-1': 99.94, 'm2-1': 110.65, 'm3-1': 1.0, 'm4-1': 10.67, 'm5-1': 10.18, 'm6-1': 1.03, 'm7-1': 100.6, 'm8-1': 103.95}",0.0,inf,inf,inf,185.97899999999998,185.97899999999998
152,T1,BESTEFFORT,CANCELLED,,36.154,"{'m1-1': 109.72, 'm2-1': 99.94, 'm3-1': 1.06, 'm4-1': 11.08, 'm5-1': 10.63, 'm6-1': 0.98, 'm7-1': 112.38, 'm8-1': 114.07}",0.0,inf,inf,inf,186.154,186.154
153,T2,BESTEFFORT,COMPLETED,m3-1,36.213,"{'m1-1': 110.96, 'm2-1': 105.92, 'm3-1': 1.0, 'm4-1': 9.6, 'm5-1': 11.68, 'm6-1': 1.08, 'm7-1': 110.89, 'm8-1': 109.7}",1.5,36.864000000000004,37.864000000000004,inf,186.213,186.213
154,T2,BESTEFFORT,CANCELLED,m3-1,36.216,"{'m1-1': 109.44, 'm2-1': 103.25, 'm3-1': 1.04, 'm4-1': 9.5, 'm5-1': 10.61, 'm6-1': 1.03, 'm7-1': 101.44, 'm8-1': 106.39}",0.0,inf,inf,inf,186.216,186.216
155,T1,BESTEFFORT,CANCELLED,,36.416,"{'m1-1': 103.51, 'm2-1': 106.1, 'm3-1': 1.07, 'm4-1': 9.98, 'm5-1': 10.09, 'm6-1': 0.99, 'm7-1': 102.94, 'm8-1': 113.99}",0.0,inf,inf,inf,186.416,186.416
156,T1,BESTEFFORT,CANCELLED,,36.462,"{'m1-1': 113.21, 'm2-1': 105.03, 'm3-1': 1.11, 'm4-1': 9.79, 'm5-1': 10.94, 'm6-1': 1.1, 'm7-1': 108.06, 'm8-1': 116.7}",0.0,inf,inf,inf,186.462,186.462
157,T2,BESTEFFORT,CANCELLED,m3-1,36.553,"{'m1-1': 103.37, 'm2-1': 109.45, 'm3-1': 1.02, 'm4-1': 9.57, 'm5-1': 10.86, 'm6-1': 1.08, 'm7-1': 95.55, 'm8-1': 103.12}",0.0,inf,inf,inf,186.553,186.553
158,T4,BESTEFFORT,COMPLETED,m6-1,36.595,"{'m1-1': 118.46, 'm2-1': 115.45, 'm3-1': 1.04, 'm4-1': 9.83, 'm5-1': 11.19, 'm6-1': 1.15, 'm7-1': 108.46, 'm8-1': 94.86}",1.7249999999999999,40.02,41.17,inf,186.595,186.595
159,T4,BESTEFFORT,COMPLETED,m3-1,36.822,"{'m1-1': 116.34, 'm2-1': 104.43, 'm3-1': 1.02, 'm4-1': 9.95, 'm5-1': 10.76, 'm6-1': 1.07, 'm7-1': 106.44, 'm8-1': 95.08}",1.53,40.044000000000004,41.06400000000001,inf,186.822,186.822
160,T3,BESTEFFORT,CANCELLED,m3-1,36.869,"{'m1-1': 104.17, 'm2-1': 101.04, 'm3-1': 1.07, 'm4-1': 9.94, 'm5-1': 10.26, 'm6-1': 1.1, 'm7-1': 94.05, 'm8-1': 112.68}",0.0,inf,inf,inf,186.869,186.869
161,T4,BESTEFFORT,COMPLETED,m3-1,37.203,"{'m1-1': 109.02, 'm2-1': 106.55, 'm3-1': 1.06, 'm4-1': 10.07, 'm5-1': 11.07, 'm6-1': 1.02, 'm7-1': 101.97, 'm8-1': 98.07}",1.59,37.864000000000004,38.92400000000001,inf,187.203,187.203
162,T4,BESTEFFORT,COMPLETED,m3-1,37.208,"{'m1-1': 114.15, 'm2-1': 110.17, 'm3-1': 1.12, 'm4-1': 9.56, 'm5-1': 11.1, 'm6-1': 1.01, 'm7-1': 106.62, 'm8-1': 108.29}",1.6800000000000002,38.92400000000001,40.044000000000004,inf,187.208,187.208
163,T1,BESTEFFORT,CANCELLED,,37.327,"{'m1-1': 108.83, 'm2-1': 98.99, 'm3-1': 1.12, 'm4-1': 9.74, 'm5-1': 11.14, 'm6-1': 0.96, 'm7-1': 107.73, 'm8-1': 113.97}",0.0,inf,inf,inf,187.327,187.327
164,T2,BESTEFFORT,COMPLETED,m6-1,37.798,"{'m1-1': 115.84, 'm2-1': 118.38, 'm3-1': 1.0, 'm4-1': 9.47, 'm5-1': 11.3, 'm6-1': 0.99, 'm7-1': 104.69, 'm8-1': 102.13}",1.4849999999999999,41.17,42.160000000000004,inf,187.798,187.798
165,T1,BESTEFFORT,CANCELLED,,38.113,"{'m1-1': 110.3, 'm2-1': 112.12, 'm3-1': 1.13, 'm4-1': 9.91, 'm5-1': 9.88, 'm6-1': 0.97, 'm7-1': 100.6, 'm8-1': 117.86}",0.0,inf,inf,inf,188.113,188.113
166,T2,BESTEFFORT,CANCELLED,,38.224,"{'m1-1': 108.94, 'm2-1': 113.04, 'm3-1': 1.04, 'm4-1': 10.29, 'm5-1': 11.56, 'm6-1': 1.08, 'm7-1': 109.05, 'm8-1': 109.3}",0.0,inf,inf,inf,188.224,188.224
167,T1,BESTEFFORT,CANCELLED,m6-1,38.278,"{'m1-1': 116.58, 'm2-1': 112.12, 'm3-1': 1.09, 'm4-1': 10.94, 'm5-1': 10.64, 'm6-1': 0.99, 'm7-1': 110.66, 'm8-1': 102.72}",0.0,inf,inf,inf,188.278,188.278
168,T3,BESTEFFORT,CANCELLED,,38.538,"{'m1-1': 96.96, 'm2-1': 108.76, 'm3-1': 1.03, 'm4-1': 10.27, 'm5-1': 10.55, 'm6-1': 1.15, 'm7-1': 92.97, 'm8-1': 115.33}",0.0,inf,inf,inf,188.538,188.538
169,T4,BESTEFFORT,COMPLETED,m3-1,38.912,"{'m1-1': 107.53, 'm2-1': 99.63, 'm3-1': 1.14, 'm4-1': 10.5, 'm5-1': 11.06, 'm6-1': 1.1, 'm7-1': 100.75, 'm8-1': 103.09}",1.71,41.06400000000001,42.20400000000001,inf,188.912,188.912
170,T1,BESTEFFORT,COMPLETED,m3-1,39.21,"{'m1-1': 108.81, 'm2-1': 109.35, 'm3-1': 1.02, 'm4-1': 9.62, 'm5-1': 10.0, 'm6-1': 1.11, 'm7-1': 97.26, 'm8-1': 117.91}",1.53,42.20400000000001,43.22400000000001,inf,189.21,189.21
171,T1,BESTEFFORT,CANCELLED,,39.3,"{'m1-1': 110.56, 'm2-1': 109.78, 'm3-1': 1.12, 'm4-1': 10.86, 'm5-1': 11.07, 'm6-1': 1.06, 'm7-1': 103.3, 'm8-1': 104.25}",0.0,inf,inf,inf,189.3,189.3
172,T2,BESTEFFORT,COMPLETED,m3-1,39.361,"{'m1-1': 115.72, 'm2-1': 102.6, 'm3-1': 1.02, 'm4-1': 10.32, 'm5-1': 10.94, 'm6-1': 0.96, 'm7-1': 95.37, 'm8-1': 102.25}",1.53,43.22400000000001,44.244000000000014,inf,189.361,189.361
173,T2,BESTEFFORT,COMPLETED,m6-1,40.002,"{'m1-1': 106.19, 'm2-1': 111.71, 'm3-1': 1.09, 'm4-1': 10.12, 'm5-1': 10.62, 'm6-1': 0.97, 'm7-1': 105.19, 'm8-1': 96.55}",1.455,42.160000000000004,43.13,inf,190.002,190.002
174,T2,BESTEFFORT,COMPLETED,m6-1,40.178,"{'m1-1': 101.17, 'm2-1': 117.82, 'm3-1': 1.03, 'm4-1': 10.27, 'm5-1': 10.46, 'm6-1': 0.99, 'm7-1': 101.18, 'm8-1': 103.68}",1.4849999999999999,43.13,44.120000000000005,inf,190.178,190.178
175,T1,BESTEFFORT,COMPLETED,m3-1,40.868,"{'m1-1': 106.16, 'm2-1': 100.3, 'm3-1': 1.02, 'm4-1': 9.83, 'm5-1': 11.17, 'm6-1': 1.08, 'm7-1': 111.91, 'm8-1': 101.2}",1.53,44.244000000000014,45.26400000000002,inf,190.868,190.868
176,T4,BESTEFFORT,COMPLETED,m3-1,42.704,"{'m1-1': 115.74, 'm2-1': 103.8, 'm3-1': 1.16, 'm4-1': 9.55, 'm5-1': 11.09, 'm6-1': 1.13, 'm7-1': 107.68, 'm8-1': 107.97}",1.7399999999999998,45.26400000000002,46.424000000000014,inf,192.704,192.704
177,T3,BESTEFFORT,COMPLETED,m6-1,42.884,"{'m1-1': 106.24, 'm2-1': 100.81, 'm3-1': 0.98, 'm4-1': 9.98, 'm5-1': 10.95, 'm6-1': 1.13, 'm7-1': 100.08, 'm8-1': 105.26}",1.6949999999999998,44.120000000000005,45.25000000000001,inf,192.88400000000001,192.88400000000001
178,T4,BESTEFFORT,COMPLETED,m6-1,42.896,"{'m1-1': 113.97, 'm2-1': 99.71, 'm3-1': 1.17, 'm4-1': 10.86, 'm5-1': 10.59, 'm6-1': 1.11, 'm7-1': 111.79, 'm8-1': 96.35}",1.665,45.25000000000001,46.36000000000001,inf,192.89600000000002,192.89600000000002
179,T2,BESTEFFORT,CANCELLED,m6-1,43.15,"{'m1-1': 104.31, 'm2-1': 105.24, 'm3-1': 0.96, 'm4-1': 9.59, 'm5-1': 10.78, 'm6-1': 1.1, 'm7-1': 103.76, 'm8-1': 100.65}",0.0,inf,inf,inf,193.15,193.15
180,T1,BESTEFFORT,COMPLETED,m3-1,43.282,"{'m1-1': 113.17, 'm2-1': 115.6, 'm3-1': 0.99, 'm4-1': 9.65, 'm5-1': 9.85, 'm6-1': 1.08, 'm7-1': 104.94, 'm8-1': 100.43}",1.4849999999999999,46.424000000000014,47.414000000000016,inf,193.28199999999998,193.28199999999998
181,T4,BESTEFFORT,CANCELLED,,43.325,"{'m1-1': 107.12, 'm2-1': 104.93, 'm3-1': 1.08, 'm4-1': 9.66, 'm5-1': 11.01, 'm6-1': 1.08, 'm7-1': 95.61, 'm8-1': 94.93}",0.0,inf,inf,inf,193.325,193.325
182,T4,BESTEFFORT,CANCELLED,,43.523,"{'m1-1': 109.46, 'm2-1': 115.57, 'm3-1': 1.09, 'm4-1': 9.32, 'm5-1': 10.9, 'm6-1': 1.02, 'm7-1': 97.2, 'm8-1': 96.16}",0.0,inf,inf,inf,193.523,193.523
183,T1,BESTEFFORT,CANCELLED,m3-1,43.798,"{'m1-1': 108.96, 'm2-1': 116.76, 'm3-1': 1.16, 'm4-1': 11.1, 'm5-1': 9.79, 'm6-1': 1.06, 'm7-1': 101.26, 'm8-1': 110.51}",0.0,inf,inf,inf,193.798,193.798
184,T2,BESTEFFORT,CANCELLED,m6-1,43.918,"{'m1-1': 101.43, 'm2-1': 102.91, 'm3-1': 0.98, 'm4-1': 10.35, 'm5-1': 11.52, 'm6-1': 0.96, 'm7-1': 108.78, 'm8-1': 100.44}",0.0,inf,inf,inf,193.918,193.918
185,T1,BESTEFFORT,COMPLETED,m6-1,44.366,"{'m1-1': 116.72, 'm2-1': 107.63, 'm3-1': 1.1, 'm4-1': 11.18, 'm5-1': 10.81, 'm6-1': 1.08, 'm7-1': 106.27, 'm8-1': 116.52}",1.62,47.410000000000004,48.49,inf,194.36599999999999,194.36599999999999
186,T2,BESTEFFORT,COMPLETED,m3-1,44.531,"{'m1-1': 112.94, 'm2-1': 109.45, 'm3-1': 0.93, 'm4-1': 10.96, 'm5-1': 10.43, 'm6-1': 1.02, 'm7-1': 103.68, 'm8-1': 107.43}",1.395,47.414000000000016,48.344000000000015,inf,194.531,194.531
187,T2,BESTEFFORT,COMPLETED,m5-1,44.599,"{'m1-1': 117.6, 'm2-1': 118.0, 'm3-1': 0.94, 'm4-1': 10.45, 'm5-1': 10.72, 'm6-1': 1.0, 'm7-1': 98.14, 'm8-1': 113.11}",16.080000000000002,79.72200000000001,90.44200000000001,inf,194.599,194.599
188,T1,BESTEFFORT,COMPLETED,m6-1,44.722,"{'m1-1': 116.47, 'm2-1': 106.96, 'm3-1': 1.06, 'm4-1': 11.11, 'm5-1': 11.11, 'm6-1': 1.05, 'm7-1': 100.49, 'm8-1': 101.3}",1.5750000000000002,46.36000000000001,47.410000000000004,inf,194.722,194.722
189,T4,BESTEFFORT,COMPLETED,m6-1,45.119,"{'m1-1': 114.65, 'm2-1': 103.01, 'm3-1': 1.13, 'm4-1': 10.69, 'm5-1': 10.69, 'm6-1': 1.12, 'm7-1': 111.38, 'm8-1': 105.86}",1.6800000000000002,48.49,49.61,inf,195.119,195.119
190,T4,BESTEFFORT,CANCELLED,m3-1,45.451,"{'m1-1': 106.04, 'm2-1': 114.43, 'm3-1': 1.13, 'm4-1': 9.62, 'm5-1': 9.73, 'm6-1': 1.01, 'm7-1': 105.07, 'm8-1': 95.89}",0.0,inf,inf,inf,195.451,195.451
191,T2,BESTEFFORT,COMPLETED,m3-1,45.62,"{'m1-1': 114.6, 'm2-1': 101.08, 'm3-1': 1.04, 'm4-1': 10.94, 'm5-1': 10.77, 'm6-1': 0.95, 'm7-1': 102.58, 'm8-1': 109.69}",1.56,48.344000000000015,49.384000000000015,inf,195.62,195.62
192,T1,BESTEFFORT,CANCELLED,m6-1,46.05,"{'m1-1': 109.08, 'm2-1': 105.84, 'm3-1': 1.1, 'm4-1': 10.22, 'm5-1': 10.35, 'm6-1': 1.08, 'm7-1': 110.03, 'm8-1': 107.74}",0.0,inf,inf,inf,196.05,196.05
193,T4,BESTEFFORT,COMPLETED,m4-1,46.458,"{'m1-1': 109.93, 'm2-1': 111.44, 'm3-1': 1.08, 'm4-1': 10.61, 'm5-1': 10.74, 'm6-1': 0.97, 'm7-1': 112.45, 'm8-1': 96.2}",15.915,75.619,86.229,inf,196.458,196.458
194,T2,BESTEFFORT,COMPLETED,m3-1,46.507,"{'m1-1': 109.39, 'm2-1': 117.77, 'm3-1': 0.97, 'm4-1': 10.88, 'm5-1': 10.23, 'm6-1': 0.96, 'm7-1': 108.48, 'm8-1': 107.28}",1.455,49.384000000000015,50.35400000000001,inf,196.507,196.507
195,T1,BESTEFFORT,CANCELLED,,46.689,"{'m1-1': 110.3, 'm2-1': 101.05, 'm3-1': 1.02, 'm4-1': 9.81, 'm5-1': 10.16, 'm6-1': 0.95, 'm7-1': 107.06, 'm8-1': 110.4}",0.0,inf,inf,inf,196.689,196.689
196,T4,BESTEFFORT,CANCELLED,,46.719,"{'m1-1': 100.89, 'm2-1': 107.07, 'm3-1': 1.05, 'm4-1': 9.55, 'm5-1': 11.21, 'm6-1': 0.99, 'm7-1': 97.21, 'm8-1': 96.75}",0.0,inf,inf,inf,196.719,196.719
197,T2,BESTEFFORT,COMPLETED,m6-1,46.851,"{'m1-1': 104.54, 'm2-1': 103.25, 'm3-1': 1.01, 'm4-1': 9.68, 'm5-1': 10.85, 'm6-1': 1.01, 'm7-1': 105.28, 'm8-1': 113.25}",1.5150000000000001,49.61,50.62,inf,196.851,196.851
198,T3,BESTEFFORT,CANCELLED,m3-1,47.165,"{'m1-1': 101.9, 'm2-1': 111.06, 'm3-1': 1.1, 'm4-1': 10.61, 'm5-1': 11.56, 'm6-1': 1.0, 'm7-1': 108.64, 'm8-1': 115.29}",0.0,inf,inf,inf,197.165,197.165
199,T1,BESTEFFORT,CANCELLED,m6-1,47.212,"{'m1-1': 111.94, 'm2-1': 107.32, 'm3-1': 1.08, 'm4-1': 10.06, 'm5-1': 10.7, 'm6-1': 1.05, 'm7-1': 103.92, 'm8-1': 110.75}",0.0,inf,inf,inf,197.212,197.212
200,T4,BESTEFFORT,CANCELLED,,47.26,"{'m1-1': 103.68, 'm2-1': 110.74, 'm3-1': 1.12, 'm4-1': 9.61, 'm5-1': 10.07, 'm6-1': 1.13, 'm7-1': 96.86, 'm8-1': 109.84}",0.0,inf,inf,inf,197.26,197.26
201,T3,BESTEFFORT,CANCELLED,,47.659,"{'m1-1': 104.4, 'm2-1': 104.44, 'm3-1': 1.06, 'm4-1': 10.48, 'm5-1': 11.36, 'm6-1': 1.08, 'm7-1': 99.97, 'm8-1': 102.01}",0.0,inf,inf,inf,197.659,197.659
202,T4,BESTEFFORT,CANCELLED,,47.798,"{'m1-1': 115.0, 'm2-1': 112.47, 'm3-1': 1.14, 'm4-1': 9.36, 'm5-1': 10.84, 'm6-1': 1.01, 'm7-1': 97.2, 'm8-1': 108.24}",0.0,inf,inf,inf,197.798,197.798
203,T2,BESTEFFORT,COMPLETED,m6-1,47.874,"{'m1-1': 105.01, 'm2-1': 105.85, 'm3-1': 1.0, 'm4-1': 10.63, 'm5-1': 11.8, 'm6-1': 1.0, 'm7-1': 109.8, 'm8-1': 104.6}",1.5,50.62,51.62,inf,197.874,197.874
204,T4,BESTEFFORT,CANCELLED,,47.909,"{'m1-1': 113.21, 'm2-1': 108.55, 'm3-1': 0.99, 'm4-1': 9.29, 'm5-1': 10.11, 'm6-1': 1.06, 'm7-1': 97.07, 'm8-1': 101.26}",0.0,inf,inf,inf,197.909,197.909
205,T1,BESTEFFORT,COMPLETED,m3-1,48.085,"{'m1-1': 99.84, 'm2-1': 112.11, 'm3-1': 1.12, 'm4-1': 11.3, 'm5-1': 9.6, 'm6-1': 1.01, 'm7-1': 105.88, 'm8-1': 116.98}",1.6800000000000002,51.36400000000001,52.48400000000001,inf,198.085,198.085
206,T2,BESTEFFORT,COMPLETED,m3-1,48.295,"{'m1-1': 112.53, 'm2-1': 106.23, 'm3-1': 1.01, 'm4-1': 10.45, 'm5-1': 11.19, 'm6-1': 1.1, 'm7-1': 95.69, 'm8-1': 100.56}",1.5150000000000001,50.35400000000001,51.36400000000001,inf,198.29500000000002,198.29500000000002
207,T1,BESTEFFORT,COMPLETED,m6-1,48.46,"{'m1-1': 115.7, 'm2-1': 104.29, 'm3-1': 0.98, 'm4-1': 10.95, 'm5-1': 10.6, 'm6-1': 1.08, 'm7-1': 100.93, 'm8-1': 99.42}",1.62,51.62,52.699999999999996,inf,198.46,198.46
208,T3,BESTEFFORT,CANCELLED,,48.546,"{'m1-1': 101.47, 'm2-1': 97.52, 'm3-1': 1.0, 'm4-1': 10.74, 'm5-1': 9.92, 'm6-1': 1.03, 'm7-1': 96.6, 'm8-1': 117.15}",0.0,inf,inf,inf,198.546,198.546
209,T3,BESTEFFORT,CANCELLED,,48.835,"{'m1-1': 101.38, 'm2-1': 104.45, 'm3-1': 1.13, 'm4-1': 9.72, 'm5-1': 10.72, 'm6-1': 1.08, 'm7-1': 103.74, 'm8-1': 113.6}",0.0,inf,inf,inf,198.835,198.835
210,T4,BESTEFFORT,CANCELLED,,49.14,"{'m1-1': 104.38, 'm2-1': 111.61, 'm3-1': 1.02, 'm4-1': 9.66, 'm5-1': 10.05, 'm6-1': 1.03, 'm7-1': 102.61, 'm8-1': 97.88}",0.0,inf,inf,inf,199.14,199.14
211,T1,BESTEFFORT,COMPLETED,m6-1,49.294,"{'m1-1': 113.54, 'm2-1': 108.3, 'm3-1': 1.0, 'm4-1': 10.2, 'm5-1': 9.99, 'm6-1': 1.05, 'm7-1': 106.08, 'm8-1': 104.14}",1.5750000000000002,52.699999999999996,53.74999999999999,inf,199.29399999999998,199.29399999999998
212,T2,BESTEFFORT,COMPLETED,m3-1,49.333,"{'m1-1': 104.63, 'm2-1': 112.46, 'm3-1': 1.03, 'm4-1': 9.93, 'm5-1': 10.23, 'm6-1': 1.03, 'm7-1': 102.15, 'm8-1': 109.59}",1.545,52.48400000000001,53.51400000000001,inf,199.333,199.333
213,T1,BESTEFFORT,CANCELLED,,49.359,"{'m1-1': 105.67, 'm2-1': 107.64, 'm3-1': 1.02, 'm4-1': 11.14, 'm5-1': 10.57, 'm6-1': 0.97, 'm7-1': 101.87, 'm8-1': 105.24}",0.0,inf,inf,inf,199.359,199.359
214,T1,BESTEFFORT,COMPLETED,m6-1,49.622,"{'m1-1': 108.06, 'm2-1': 111.72, 'm3-1': 1.09, 'm4-1': 10.9, 'm5-1': 10.64, 'm6-1': 0.98, 'm7-1': 107.7, 'm8-1': 104.14}",1.47,53.74999999999999,54.72999999999999,inf,199.622,199.622
215,T4,BESTEFFORT,COMPLETED,m3-1,50.342,"{'m1-1': 115.4, 'm2-1': 114.47, 'm3-1': 1.03, 'm4-1': 10.52, 'm5-1': 9.62, 'm6-1': 1.05, 'm7-1': 98.34, 'm8-1': 98.05}",1.545,53.51400000000001,54.54400000000001,inf,200.34199999999998,200.34199999999998
216,T2,BESTEFFORT,CANCELLED,,50.66,"{'m1-1': 101.23, 'm2-1': 107.74, 'm3-1': 1.05, 'm4-1': 9.6, 'm5-1': 11.19, 'm6-1': 1.04, 'm7-1': 109.02, 'm8-1': 112.32}",0.0,inf,inf,inf,200.66,200.66
217,T2,BESTEFFORT,COMPLETED,m3-1,50.823,"{'m1-1': 108.07, 'm2-1': 115.26, 'm3-1': 1.08, 'm4-1': 9.31, 'm5-1': 11.18, 'm6-1': 1.1, 'm7-1': 101.52, 'm8-1': 104.88}",1.62,54.54400000000001,55.62400000000001,inf,200.823,200.823
218,T4,BESTEFFORT,CANCELLED,,50.998,"{'m1-1': 103.75, 'm2-1': 115.12, 'm3-1': 1.04, 'm4-1': 10.87, 'm5-1': 9.62, 'm6-1': 1.11, 'm7-1': 99.78, 'm8-1': 98.83}",0.0,inf,inf,inf,200.998,200.998
219,T1,BESTEFFORT,COMPLETED,m6-1,51.223,"{'m1-1': 117.15, 'm2-1': 115.95, 'm3-1': 1.01, 'm4-1': 11.16, 'm5-1': 10.31, 'm6-1': 1.07, 'm7-1': 104.2, 'm8-1': 108.07}",1.605,54.72999999999999,55.79999999999999,inf,201.223,201.223
220,T1,BESTEFFORT,CANCELLED,,51.629,"{'m1-1': 111.07, 'm2-1': 109.35, 'm3-1': 1.1, 'm4-1': 9.86, 'm5-1': 11.27, 'm6-1': 1.11, 'm7-1': 97.24, 'm8-1': 106.53}",0.0,inf,inf,inf,201.629,201.629
221,T1,BESTEFFORT,CANCELLED,,51.66,"{'m1-1': 101.71, 'm2-1': 105.55, 'm3-1': 1.12, 'm4-1': 10.6, 'm5-1': 10.97, 'm6-1': 1.0, 'm7-1': 112.38, 'm8-1': 107.13}",0.0,inf,inf,inf,201.66,201.66
222,T4,BESTEFFORT,CANCELLED,,51.806,"{'m1-1': 106.29, 'm2-1': 116.28, 'm3-1': 1.07, 'm4-1': 10.74, 'm5-1': 10.12, 'm6-1': 1.0, 'm7-1': 106.11, 'm8-1': 103.78}",0.0,inf,inf,inf,201.80599999999998,201.80599999999998
223,T1,BESTEFFORT,CANCELLED,m3-1,51.826,"{'m1-1': 105.24, 'm2-1': 102.89, 'm3-1': 1.02, 'm4-1': 10.6, 'm5-1': 11.16, 'm6-1': 0.98, 'm7-1': 107.26, 'm8-1': 111.72}",0.0,inf,inf,inf,201.826,201.826
224,T3,BESTEFFORT,COMPLETED,m6-1,52.536,"{'m1-1': 105.94, 'm2-1': 110.9, 'm3-1': 0.98, 'm4-1': 11.04, 'm5-1': 9.87, 'm6-1': 1.0, 'm7-1': 106.36, 'm8-1': 100.72}",1.5,55.79999999999999,56.79999999999999,inf,202.536,202.536
225,T4,BESTEFFORT,CANCELLED,m3-1,52.78,"{'m1-1': 107.43, 'm2-1': 107.6, 'm3-1': 1.12, 'm4-1': 9.34, 'm5-1': 9.57, 'm6-1': 0.97, 'm7-1': 104.6, 'm8-1': 110.59}",0.0,inf,inf,inf,202.78,202.78
226,T2,BESTEFFORT,CANCELLED,m3-1,52.969,"{'m1-1': 105.27, 'm2-1': 104.26, 'm3-1': 1.05, 'm4-1': 9.62, 'm5-1': 11.79, 'm6-1': 1.01, 'm7-1': 101.17, 'm8-1': 112.37}",0.0,inf,inf,inf,202.969,202.969
227,T2,BESTEFFORT,CANCELLED,,53.213,"{'m1-1': 107.07, 'm2-1': 109.22, 'm3-1': 1.06, 'm4-1': 9.26, 'm5-1': 10.9, 'm6-1': 1.01, 'm7-1': 103.94, 'm8-1': 107.75}",0.0,inf,inf,inf,203.213,203.213
228,T2,BESTEFFORT,CANCELLED,,53.258,"{'m1-1': 103.12, 'm2-1': 116.38, 'm3-1': 1.03, 'm4-1': 10.44, 'm5-1': 11.65, 'm6-1': 1.0, 'm7-1': 98.16, 'm8-1': 105.71}",0.0,inf,inf,inf,203.258,203.258
229,T3,BESTEFFORT,COMPLETED,m3-1,53.38,"{'m1-1': 107.23, 'm2-1': 109.8, 'm3-1': 1.13, 'm4-1': 11.09, 'm5-1': 11.03, 'm6-1': 1.08, 'm7-1': 101.6, 'm8-1': 118.09}",1.6949999999999998,55.62400000000001,56.75400000000001,inf,203.38,203.38
230,T3,BESTEFFORT,COMPLETED,m6-1,53.848,"{'m1-1': 106.47, 'm2-1': 95.45, 'm3-1': 1.06, 'm4-1': 10.85, 'm5-1': 10.76, 'm6-1': 1.16, 'm7-1': 93.7, 'm8-1': 102.82}",1.7399999999999998,56.79999999999999,57.95999999999999,inf,203.848,203.848
231,T1,BESTEFFORT,CANCELLED,m6-1,53.902,"{'m1-1': 105.7, 'm2-1': 109.41, 'm3-1': 1.13, 'm4-1': 11.03, 'm5-1': 10.83, 'm6-1': 0.95, 'm7-1': 105.05, 'm8-1': 115.15}",0.0,inf,inf,inf,203.902,203.902
232,T3,BESTEFFORT,COMPLETED,m3-1,54.205,"{'m1-1': 99.97, 'm2-1': 106.51, 'm3-1': 0.96, 'm4-1': 9.59, 'm5-1': 11.16, 'm6-1': 1.01, 'm7-1': 98.6, 'm8-1': 111.24}",1.44,56.75400000000001,57.71400000000001,inf,204.20499999999998,204.20499999999998
233,T2,BESTEFFORT,CANCELLED,m3-1,54.854,"{'m1-1': 99.42, 'm2-1': 119.1, 'm3-1': 1.05, 'm4-1': 10.41, 'm5-1': 11.23, 'm6-1': 1.03, 'm7-1': 109.29, 'm8-1': 97.84}",0.0,inf,inf,inf,204.85399999999998,204.85399999999998
234,T1,BESTEFFORT,CANCELLED,m3-1,54.957,"{'m1-1': 115.6, 'm2-1': 115.33, 'm3-1': 0.99, 'm4-1': 11.05, 'm5-1': 9.68, 'm6-1': 0.99, 'm7-1': 114.23, 'm8-1': 110.52}",0.0,inf,inf,inf,204.957,204.957
235,T3,BESTEFFORT,COMPLETED,m3-1,54.968,"{'m1-1': 92.96, 'm2-1': 110.12, 'm3-1': 1.03, 'm4-1': 9.64, 'm5-1': 10.83, 'm6-1': 1.14, 'm7-1': 99.13, 'm8-1': 112.26}",1.545,57.71400000000001,58.744000000000014,inf,204.96800000000002,204.96800000000002
236,T1,BESTEFFORT,CANCELLED,,55.342,"{'m1-1': 117.71, 'm2-1': 107.71, 'm3-1': 1.1, 'm4-1': 11.04, 'm5-1': 9.91, 'm6-1': 1.07, 'm7-1': 97.1, 'm8-1': 103.0}",0.0,inf,inf,inf,205.34199999999998,205.34199999999998
237,T4,BESTEFFORT,CANCELLED,,55.535,"{'m1-1': 102.96, 'm2-1': 99.15, 'm3-1': 1.12, 'm4-1': 9.66, 'm5-1': 10.33, 'm6-1': 1.13, 'm7-1': 95.5, 'm8-1': 103.12}",0.0,inf,inf,inf,205.535,205.535
238,T3,BESTEFFORT,MISSED,m7-1,55.647,"{'m1-1': 103.09, 'm2-1': 102.39, 'm3-1': 1.12, 'm4-1': 10.8, 'm5-1': 11.4, 'm6-1': 1.04, 'm7-1': 96.11, 'm8-1': 112.29}",131.99849999999998,117.648,inf,205.647,205.647,205.647
239,T1,BESTEFFORT,CANCELLED,m6-1,55.732,"{'m1-1': 101.09, 'm2-1': 108.37, 'm3-1': 1.06, 'm4-1': 10.33, 'm5-1': 10.31, 'm6-1': 0.98, 'm7-1': 109.05, 'm8-1': 104.99}",0.0,inf,inf,inf,205.732,205.732
240,T3,BESTEFFORT,MISSED,m1-1,55.775,"{'m1-1': 99.34, 'm2-1': 108.57, 'm3-1': 0.96, 'm4-1': 9.49, 'm5-1': 11.14, 'm6-1': 1.1, 'm7-1': 95.32, 'm8-1': 102.29}",140.55,112.07499999999999,inf,205.775,205.775,205.775
241,T2,BESTEFFORT,COMPLETED,m4-1,55.842,"{'m1-1': 108.18, 'm2-1': 104.04, 'm3-1': 0.98, 'm4-1': 9.78, 'm5-1': 10.72, 'm6-1': 1.08, 'm7-1': 100.3, 'm8-1': 103.02}",14.669999999999998,86.229,96.009,inf,205.84199999999998,205.84199999999998
242,T3,BESTEFFORT,COMPLETED,m5-1,56.411,"{'m1-1': 105.3, 'm2-1': 110.54, 'm3-1': 1.09, 'm4-1': 9.6, 'm5-1': 11.55, 'm6-1': 1.15, 'm7-1': 100.47, 'm8-1': 117.16}",17.325000000000003,90.44200000000001,101.992,inf,206.411,206.411
243,T3,BESTEFFORT,COMPLETED,m6-1,56.451,"{'m1-1': 92.08, 'm2-1': 100.23, 'm3-1': 1.05, 'm4-1': 9.85, 'm5-1': 11.29, 'm6-1': 1.01, 'm7-1': 93.97, 'm8-1': 112.54}",1.5150000000000001,57.95999999999999,58.969999999999985,inf,206.451,206.451
244,T1,BESTEFFORT,CANCELLED,m3-1,56.601,"{'m1-1': 110.85, 'm2-1': 108.31, 'm3-1': 1.09, 'm4-1': 9.79, 'm5-1': 9.68, 'm6-1': 1.11, 'm7-1': 109.22, 'm8-1': 114.05}",0.0,inf,inf,inf,206.601,206.601
245,T4,BESTEFFORT,CANCELLED,m6-1,56.711,"{'m1-1': 105.13, 'm2-1': 107.51, 'm3-1': 1.12, 'm4-1': 9.9, 'm5-1': 10.86, 'm6-1': 1.14, 'm7-1': 108.3, 'm8-1': 112.51}",0.0,inf,inf,inf,206.711,206.711
246,T2,BESTEFFORT,COMPLETED,m6-1,56.968,"{'m1-1': 106.55, 'm2-1': 108.47, 'm3-1': 0.95, 'm4-1': 9.39, 'm5-1': 11.28, 'm6-1': 1.06, 'm7-1': 108.84, 'm8-1': 109.13}",1.59,61.18999999999998,62.249999999999986,inf,206.96800000000002,206.96800000000002
247,T3,BESTEFFORT,COMPLETED,m6-1,56.994,"{'m1-1': 97.2, 'm2-1': 110.55, 'm3-1': 1.02, 'm4-1': 10.14, 'm5-1': 10.32, 'm6-1': 1.1, 'm7-1': 96.41, 'm8-1': 106.63}",1.6500000000000001,58.969999999999985,60.069999999999986,inf,206.994,206.994
248,T3,BESTEFFORT,COMPLETED,m3-1,57.287,"{'m1-1': 93.7, 'm2-1': 104.86, 'm3-1': 1.08, 'm4-1': 10.5, 'm5-1': 9.98, 'm6-1': 1.14, 'm7-1': 100.2, 'm8-1': 113.61}",1.62,58.744000000000014,59.82400000000001,inf,207.287,207.287
249,T3,BESTEFFORT,COMPLETED,m6-1,57.331,"{'m1-1': 103.03, 'm2-1': 109.63, 'm3-1': 0.96, 'm4-1': 10.52, 'm5-1': 10.11, 'm6-1': 1.12, 'm7-1': 101.46, 'm8-1': 112.0}",1.6800000000000002,60.069999999999986,61.18999999999998,inf,207.33100000000002,207.33100000000002
250,T4,BESTEFFORT,CANCELLED,m3-1,58.004,"{'m1-1': 101.37, 'm2-1': 101.96, 'm3-1': 1.11, 'm4-1': 9.95, 'm5-1': 10.58, 'm6-1': 1.09, 'm7-1': 99.18, 'm8-1': 105.92}",0.0,inf,inf,inf,208.004,208.004
251,T3,BESTEFFORT,COMPLETED,m3-1,58.046,"{'m1-1': 106.96, 'm2-1': 110.39, 'm3-1': 1.02, 'm4-1': 9.76, 'm5-1': 10.59, 'm6-1': 1.08, 'm7-1': 92.51, 'm8-1': 102.17}",1.53,60.884000000000015,61.90400000000002,inf,208.046,208.046
252,T3,BESTEFFORT,COMPLETED,m3-1,58.382,"{'m1-1': 95.54, 'm2-1': 104.36, 'm3-1': 1.06, 'm4-1': 9.87, 'm5-1': 10.82, 'm6-1': 1.07, 'm7-1': 107.36, 'm8-1': 101.59}",1.59,59.82400000000001,60.884000000000015,inf,208.382,208.382
253,T1,BESTEFFORT,CANCELLED,m6-1,58.389,"{'m1-1': 114.4, 'm2-1': 100.98, 'm3-1': 1.02, 'm4-1': 10.8, 'm5-1': 9.82, 'm6-1': 1.09, 'm7-1': 112.74, 'm8-1': 110.0}",0.0,inf,inf,inf,208.389,208.389
254,T2,BESTEFFORT,CANCELLED,,58.609,"{'m1-1': 115.23, 'm2-1': 104.65, 'm3-1': 0.96, 'm4-1': 10.72, 'm5-1': 10.81, 'm6-1': 0.96, 'm7-1': 98.98, 'm8-1': 98.68}",0.0,inf,inf,inf,208.609,208.609
255,T2,BESTEFFORT,CANCELLED,m3-1,58.749,"{'m1-1': 102.79, 'm2-1': 111.43, 'm3-1': 0.93, 'm4-1': 10.64, 'm5-1': 11.31, 'm6-1': 0.95, 'm7-1': 103.63, 'm8-1': 104.23}",0.0,inf,inf,inf,208.749,208.749
256,T3,BESTEFFORT,COMPLETED,m3-1,58.83,"{'m1-1': 103.42, 'm2-1': 110.46, 'm3-1': 1.05, 'm4-1': 10.21, 'm5-1': 9.87, 'm6-1': 1.11, 'm7-1': 106.89, 'm8-1': 116.6}",1.5750000000000002,61.90400000000002,62.954000000000015,inf,208.82999999999998,208.82999999999998
257,T1,BESTEFFORT,CANCELLED,,59.523,"{'m1-1': 101.31, 'm2-1': 100.08, 'm3-1': 1.1, 'm4-1': 10.47, 'm5-1': 10.64, 'm6-1': 1.03, 'm7-1': 109.41, 'm8-1': 110.87}",0.0,inf,inf,inf,209.523,209.523
258,T4,BESTEFFORT,COMPLETED,m6-1,59.762,"{'m1-1': 103.72, 'm2-1': 105.41, 'm3-1': 1.0, 'm4-1': 10.2, 'm5-1': 9.68, 'm6-1': 1.0, 'm7-1': 104.22, 'm8-1': 102.87}",1.5,62.249999999999986,63.249999999999986,inf,209.762,209.762
259,T2,BESTEFFORT,CANCELLED,,60.003,"{'m1-1': 115.08, 'm2-1': 111.39, 'm3-1': 0.97, 'm4-1': 9.65, 'm5-1': 11.7, 'm6-1': 1.01, 'm7-1': 97.77, 'm8-1': 104.74}",0.0,inf,inf,inf,210.003,210.003
260,T2,BESTEFFORT,CANCELLED,,60.013,"{'m1-1': 114.14, 'm2-1': 109.42, 'm3-1': 0.97, 'm4-1': 9.93, 'm5-1': 11.92, 'm6-1': 1.0, 'm7-1': 102.89, 'm8-1': 103.68}",0.0,inf,inf,inf,210.013,210.013
261,T1,BESTEFFORT,CANCELLED,,60.356,"{'m1-1': 110.84, 'm2-1': 108.14, 'm3-1': 1.15, 'm4-1': 9.79, 'm5-1': 9.94, 'm6-1': 1.12, 'm7-1': 101.17, 'm8-1': 102.18}",0.0,inf,inf,inf,210.356,210.356
262,T3,BESTEFFORT,CANCELLED,,60.41,"{'m1-1': 99.93, 'm2-1': 106.98, 'm3-1': 1.12, 'm4-1': 9.45, 'm5-1': 10.41, 'm6-1': 1.16, 'm7-1': 97.52, 'm8-1': 110.79}",0.0,inf,inf,inf,210.41,210.41
263,T2,BESTEFFORT,CANCELLED,m6-1,60.501,"{'m1-1': 112.08, 'm2-1': 116.0, 'm3-1': 1.04, 'm4-1': 9.59, 'm5-1': 11.28, 'm6-1': 1.04, 'm7-1': 112.07, 'm8-1': 114.14}",0.0,inf,inf,inf,210.501,210.501
264,T4,BESTEFFORT,COMPLETED,m3-1,60.708,"{'m1-1': 118.91, 'm2-1': 111.18, 'm3-1': 0.99, 'm4-1': 10.07, 'm5-1': 9.55, 'm6-1': 1.12, 'm7-1': 111.58, 'm8-1': 107.54}",1.4849999999999999,62.954000000000015,63.94400000000002,inf,210.708,210.708
265,T4,BESTEFFORT,COMPLETED,m3-1,60.745,"{'m1-1': 106.25, 'm2-1': 99.98, 'm3-1': 1.0, 'm4-1': 10.28, 'm5-1': 10.16, 'm6-1': 1.08, 'm7-1': 108.65, 'm8-1': 111.07}",1.5,63.94400000000002,64.94400000000002,inf,210.745,210.745
266,T3,BESTEFFORT,COMPLETED,m3-1,61.299,"{'m1-1': 102.25, 'm2-1': 100.79, 'm3-1': 1.12, 'm4-1': 10.1, 'm5-1': 10.86, 'm6-1': 1.01, 'm7-1': 94.75, 'm8-1': 115.64}",1.6800000000000002,64.94400000000002,66.06400000000002,inf,211.299,211.299
267,T4,BESTEFFORT,COMPLETED,m6-1,61.313,"{'m1-1': 107.47, 'm2-1': 105.82, 'm3-1': 1.05, 'm4-1': 10.53, 'm5-1': 10.35, 'm6-1': 1.02, 'm7-1': 111.21, 'm8-1': 107.92}",1.53,64.31999999999998,65.33999999999997,inf,211.313,211.313
268,T4,BESTEFFORT,COMPLETED,m6-1,61.394,"{'m1-1': 110.57, 'm2-1': 104.26, 'm3-1': 1.15, 'm4-1': 10.46, 'm5-1': 11.21, 'm6-1': 1.07, 'm7-1': 96.22, 'm8-1': 98.34}",1.605,63.249999999999986,64.31999999999998,inf,211.394,211.394
269,T3,BESTEFFORT,CANCELLED,,61.467,"{'m1-1': 94.0, 'm2-1': 98.72, 'm3-1': 1.0, 'm4-1': 10.57, 'm5-1': 11.16, 'm6-1': 1.13, 'm7-1': 93.99, 'm8-1': 117.01}",0.0,inf,inf,inf,211.46699999999998,211.46699999999998
270,T1,BESTEFFORT,CANCELLED,,61.555,"{'m1-1': 100.78, 'm2-1': 103.99, 'm3-1': 0.98, 'm4-1': 10.97, 'm5-1': 11.24, 'm6-1': 1.06, 'm7-1': 98.43, 'm8-1': 113.23}",0.0,inf,inf,inf,211.555,211.555
271,T2,BESTEFFORT,CANCELLED,,61.557,"{'m1-1': 109.46, 'm2-1': 106.71, 'm3-1': 1.01, 'm4-1': 10.64, 'm5-1': 10.54, 'm6-1': 0.99, 'm7-1': 96.37, 'm8-1': 99.64}",0.0,inf,inf,inf,211.55700000000002,211.55700000000002
272,T1,BESTEFFORT,CANCELLED,,61.92,"{'m1-1': 107.23, 'm2-1': 102.83, 'm3-1': 1.02, 'm4-1': 10.43, 'm5-1': 11.19, 'm6-1': 1.07, 'm7-1': 114.87, 'm8-1': 106.06}",0.0,inf,inf,inf,211.92000000000002,211.92000000000002
273,T2,BESTEFFORT,COMPLETED,m6-1,62.075,"{'m1-1': 115.44, 'm2-1': 114.88, 'm3-1': 1.06, 'm4-1': 10.16, 'm5-1': 10.2, 'm6-1': 1.1, 'm7-1': 95.36, 'm8-1': 114.08}",1.6500000000000001,65.33999999999997,66.43999999999997,inf,212.075,212.075
274,T2,BESTEFFORT,CANCELLED,,62.162,"{'m1-1': 105.36, 'm2-1': 101.35, 'm3-1': 1.0, 'm4-1': 10.29, 'm5-1': 10.35, 'm6-1': 0.96, 'm7-1': 97.25, 'm8-1': 97.24}",0.0,inf,inf,inf,212.162,212.162
275,T1,BESTEFFORT,CANCELLED,,62.165,"{'m1-1': 102.58, 'm2-1': 101.14, 'm3-1': 1.14, 'm4-1': 9.65, 'm5-1': 10.88, 'm6-1': 1.01, 'm7-1': 106.26, 'm8-1': 105.15}",0.0,inf,inf,inf,212.165,212.165
276,T2,BESTEFFORT,COMPLETED,m3-1,62.836,"{'m1-1': 112.64, 'm2-1': 116.16, 'm3-1': 1.01, 'm4-1': 9.33, 'm5-1': 10.56, 'm6-1': 0.96, 'm7-1': 111.43, 'm8-1': 112.24}",1.5150000000000001,66.06400000000002,67.07400000000003,inf,212.836,212.836
277,T3,BESTEFFORT,CANCELLED,m6-1,62.991,"{'m1-1': 98.96, 'm2-1': 95.64, 'm3-1': 1.02, 'm4-1': 10.93, 'm5-1': 9.97, 'm6-1': 1.05, 'm7-1': 107.65, 'm8-1': 118.11}",0.0,inf,inf,inf,212.99099999999999,212.99099999999999
278,T2,BESTEFFORT,CANCELLED,,63.559,"{'m1-1': 112.79, 'm2-1': 108.78, 'm3-1': 1.0, 'm4-1': 9.72, 'm5-1': 10.48, 'm6-1': 1.01, 'm7-1': 107.65, 'm8-1': 107.97}",0.0,inf,inf,inf,213.559,213.559
279,T3,BESTEFFORT,MISSED,m2-1,63.646,"{'m1-1': 104.14, 'm2-1': 108.87, 'm3-1': 1.1, 'm4-1': 10.6, 'm5-1': 11.07, 'm6-1': 1.13, 'm7-1': 105.46, 'm8-1': 117.61}",149.2185,114.167,inf,213.64600000000002,213.64600000000002,213.64600000000002
280,T1,BESTEFFORT,COMPLETED,m3-1,63.713,"{'m1-1': 102.04, 'm2-1': 108.19, 'm3-1': 1.12, 'm4-1': 9.56, 'm5-1': 9.91, 'm6-1': 1.08, 'm7-1': 99.99, 'm8-1': 112.81}",1.6800000000000002,67.07400000000003,68.19400000000003,inf,213.713,213.713
281,T2,BESTEFFORT,CANCELLED,,63.765,"{'m1-1': 111.58, 'm2-1': 101.67, 'm3-1': 0.97, 'm4-1': 10.09, 'm5-1': 11.06, 'm6-1': 0.97, 'm7-1': 101.78, 'm8-1': 104.66}",0.0,inf,inf,inf,213.765,213.765
282,T1,BESTEFFORT,COMPLETED,m6-1,63.814,"{'m1-1': 109.96, 'm2-1': 111.44, 'm3-1': 1.13, 'm4-1': 11.09, 'm5-1': 10.7, 'm6-1': 1.08, 'm7-1': 104.57, 'm8-1': 107.85}",1.62,67.45999999999997,68.53999999999996,inf,213.814,213.814
283,T2,BESTEFFORT,COMPLETED,m3-1,64.013,"{'m1-1': 105.69, 'm2-1': 102.27, 'm3-1': 0.96, 'm4-1': 10.63, 'm5-1': 10.93, 'm6-1': 1.05, 'm7-1': 109.65, 'm8-1': 108.36}",1.44,68.19400000000003,69.15400000000002,inf,214.013,214.013
284,T1,BESTEFFORT,COMPLETED,m6-1,64.207,"{'m1-1': 107.77, 'm2-1': 116.53, 'm3-1': 1.06, 'm4-1': 9.77, 'm5-1': 10.34, 'm6-1': 1.02, 'm7-1': 97.58, 'm8-1': 115.04}",1.53,66.43999999999997,67.45999999999997,inf,214.207,214.207
285,T4,BESTEFFORT,COMPLETED,m6-1,64.614,"{'m1-1': 101.25, 'm2-1': 113.04, 'm3-1': 1.05, 'm4-1': 10.75, 'm5-1': 11.14, 'm6-1': 1.13, 'm7-1': 100.87, 'm8-1': 98.51}",1.6949999999999998,68.53999999999996,69.66999999999996,inf,214.614,214.614
286,T4,BESTEFFORT,COMPLETED,m3-1,66.146,"{'m1-1': 101.22, 'm2-1': 109.04, 'm3-1': 1.01, 'm4-1': 10.0, 'm5-1': 10.64, 'm6-1': 1.03, 'm7-1': 106.03, 'm8-1': 107.03}",1.5150000000000001,69.15400000000002,70.16400000000003,inf,216.14600000000002,216.14600000000002
287,T3,BESTEFFORT,COMPLETED,m4-1,66.428,"{'m1-1': 97.83, 'm2-1': 111.33, 'm3-1': 1.09, 'm4-1': 11.09, 'm5-1': 9.98, 'm6-1': 1.03, 'm7-1': 94.41, 'm8-1': 111.41}",16.634999999999998,96.009,107.099,inf,216.428,216.428
288,T1,BESTEFFORT,COMPLETED,m6-1,66.484,"{'m1-1': 105.49, 'm2-1': 101.19, 'm3-1': 1.01, 'm4-1': 10.87, 'm5-1': 10.02, 'm6-1': 1.05, 'm7-1': 98.43, 'm8-1': 117.86}",1.5750000000000002,69.66999999999996,70.71999999999996,inf,216.48399999999998,216.48399999999998
289,T1,BESTEFFORT,COMPLETED,m3-1,67.356,"{'m1-1': 111.78, 'm2-1': 115.1, 'm3-1': 1.01, 'm4-1': 10.4, 'm5-1': 10.66, 'm6-1': 1.02, 'm7-1': 104.07, 'm8-1': 115.67}",1.5150000000000001,70.16400000000003,71.17400000000004,inf,217.356,217.356
290,T2,BESTEFFORT,CANCELLED,m6-1,67.741,"{'m1-1': 115.5, 'm2-1': 118.28, 'm3-1': 0.94, 'm4-1': 9.48, 'm5-1': 10.52, 'm6-1': 1.08, 'm7-1': 100.64, 'm8-1': 108.86}",0.0,inf,inf,inf,217.74099999999999,217.74099999999999
291,T1,BESTEFFORT,COMPLETED,m6-1,67.966,"{'m1-1': 104.7, 'm2-1': 109.76, 'm3-1': 0.99, 'm4-1': 11.05, 'm5-1': 10.25, 'm6-1': 0.96, 'm7-1': 111.53, 'm8-1': 116.82}",1.44,70.71999999999996,71.67999999999995,inf,217.966,217.966
292,T3,BESTEFFORT,COMPLETED,m5-1,68.083,"{'m1-1': 93.7, 'm2-1': 110.27, 'm3-1': 1.09, 'm4-1': 9.99, 'm5-1': 9.88, 'm6-1': 1.11, 'm7-1': 96.78, 'm8-1': 106.58}",14.82,101.992,111.872,inf,218.083,218.083
293,T3,BESTEFFORT,CANCELLED,m3-1,68.204,"{'m1-1': 105.82, 'm2-1': 111.96, 'm3-1': 0.98, 'm4-1': 9.51, 'm5-1': 10.18, 'm6-1': 1.03, 'm7-1': 107.81, 'm8-1': 113.69}",0.0,inf,inf,inf,218.204,218.204
294,T4,BESTEFFORT,CANCELLED,,68.214,"{'m1-1': 116.98, 'm2-1': 109.5, 'm3-1': 1.16, 'm4-1': 9.59, 'm5-1': 10.66, 'm6-1': 0.98, 'm7-1': 100.76, 'm8-1': 104.49}",0.0,inf,inf,inf,218.214,218.214
295,T4,BESTEFFORT,CANCELLED,,68.265,"{'m1-1': 103.56, 'm2-1': 111.18, 'm3-1': 1.02, 'm4-1': 10.33, 'm5-1': 9.58, 'm6-1': 0.99, 'm7-1': 94.81, 'm8-1': 98.07}",0.0,inf,inf,inf,218.265,218.265
296,T1,BESTEFFORT,COMPLETED,m3-1,68.391,"{'m1-1': 117.76, 'm2-1': 107.32, 'm3-1': 1.16, 'm4-1': 10.97, 'm5-1': 11.24, 'm6-1': 1.11, 'm7-1': 107.2, 'm8-1': 99.3}",1.7399999999999998,71.17400000000004,72.33400000000003,inf,218.39100000000002,218.39100000000002
297,T1,BESTEFFORT,COMPLETED,m6-1,68.43,"{'m1-1': 101.66, 'm2-1': 109.07, 'm3-1': 1.06, 'm4-1': 9.72, 'm5-1': 11.24, 'm6-1': 0.94, 'm7-1': 98.94, 'm8-1': 116.18}",1.41,71.67999999999995,72.61999999999995,inf,218.43,218.43
298,T2,BESTEFFORT,CANCELLED,,68.543,"{'m1-1': 109.8, 'm2-1': 105.92, 'm3-1': 0.96, 'm4-1': 9.54, 'm5-1': 10.17, 'm6-1': 1.06, 'm7-1': 106.27, 'm8-1': 114.01}",0.0,inf,inf,inf,218.543,218.543
299,T3,BESTEFFORT,CANCELLED,,68.607,"{'m1-1': 98.3, 'm2-1': 110.48, 'm3-1': 1.07, 'm4-1': 9.77, 'm5-1': 11.56, 'm6-1': 1.08, 'm7-1': 92.83, 'm8-1': 115.24}",0.0,inf,inf,inf,218.607,218.607
300,T1,BESTEFFORT,COMPLETED,m3-1,69.154,"{'m1-1': 104.37, 'm2-1': 105.52, 'm3-1': 1.16, 'm4-1': 11.2, 'm5-1': 10.37, 'm6-1': 1.05, 'm7-1': 98.12, 'm8-1': 110.9}",1.7399999999999998,72.33400000000003,73.49400000000003,inf,219.154,219.154
301,T3,BESTEFFORT,CANCELLED,,69.511,"{'m1-1': 107.9, 'm2-1': 104.03, 'm3-1': 1.07, 'm4-1': 11.12, 'm5-1': 10.54, 'm6-1': 1.0, 'm7-1': 103.92, 'm8-1': 104.88}",0.0,inf,inf,inf,219.511,219.511
302,T2,BESTEFFORT,CANCELLED,m6-1,69.565,"{'m1-1': 108.64, 'm2-1': 101.27, 'm3-1': 1.03, 'm4-1': 9.36, 'm5-1': 10.91, 'm6-1': 1.03, 'm7-1': 100.41, 'm8-1': 105.96}",0.0,inf,inf,inf,219.565,219.565
303,T3,BESTEFFORT,COMPLETED,m6-1,69.693,"{'m1-1': 92.81, 'm2-1': 105.48, 'm3-1': 1.07, 'm4-1': 10.74, 'm5-1': 9.81, 'm6-1': 1.07, 'm7-1': 105.72, 'm8-1': 101.68}",1.605,73.57999999999994,74.64999999999993,inf,219.69299999999998,219.69299999999998
304,T1,BESTEFFORT,COMPLETED,m6-1,69.944,"{'m1-1': 113.21, 'm2-1': 99.3, 'm3-1': 1.03, 'm4-1': 9.67, 'm5-1': 10.62, 'm6-1': 0.96, 'm7-1': 99.26, 'm8-1': 103.25}",1.44,72.61999999999995,73.57999999999994,inf,219.94400000000002,219.94400000000002
305,T1,BESTEFFORT,CANCELLED,m3-1,70.437,"{'m1-1': 107.26, 'm2-1': 108.21, 'm3-1': 1.16, 'm4-1': 10.5, 'm5-1': 10.41, 'm6-1': 1.06, 'm7-1': 101.46, 'm8-1': 112.31}",0.0,inf,inf,inf,220.437,220.437
306,T3,BESTEFFORT,COMPLETED,m3-1,70.485,"{'m1-1': 92.8, 'm2-1': 95.91, 'm3-1': 1.02, 'm4-1': 9.66, 'm5-1': 11.59, 'm6-1': 1.06, 'm7-1': 107.23, 'm8-1': 101.87}",1.53,73.49400000000003,74.51400000000002,inf,220.485,220.485
307,T3,BESTEFFORT,CANCELLED,,70.962,"{'m1-1': 99.34, 'm2-1': 109.76, 'm3-1': 1.1, 'm4-1': 10.68, 'm5-1': 10.84, 'm6-1': 1.16, 'm7-1': 108.89, 'm8-1': 115.14}",0.0,inf,inf,inf,220.962,220.962
308,T3,BESTEFFORT,CANCELLED,,71.01,"{'m1-1': 102.25, 'm2-1': 97.8, 'm3-1': 1.08, 'm4-1': 9.48, 'm5-1': 11.4, 'm6-1': 1.07, 'm7-1': 105.1, 'm8-1': 115.48}",0.0,inf,inf,inf,221.01,221.01
309,T2,BESTEFFORT,COMPLETED,m6-1,71.318,"{'m1-1': 108.47, 'm2-1': 105.27, 'm3-1': 1.09, 'm4-1': 9.92, 'm5-1': 10.84, 'm6-1': 0.94, 'm7-1': 110.61, 'm8-1': 113.87}",1.41,74.64999999999993,75.58999999999993,inf,221.31799999999998,221.31799999999998
310,T3,BESTEFFORT,COMPLETED,m3-1,71.953,"{'m1-1': 94.11, 'm2-1': 99.88, 'm3-1': 1.04, 'm4-1': 10.73, 'm5-1': 10.49, 'm6-1': 1.0, 'm7-1': 106.87, 'm8-1': 106.21}",1.56,74.51400000000002,75.55400000000003,inf,221.953,221.953
311,T1,BESTEFFORT,CANCELLED,,72.078,"{'m1-1': 104.91, 'm2-1': 115.75, 'm3-1': 1.02, 'm4-1': 10.28, 'm5-1': 9.65, 'm6-1': 1.12, 'm7-1': 112.82, 'm8-1': 108.85}",0.0,inf,inf,inf,222.078,222.078
312,T1,BESTEFFORT,CANCELLED,m3-1,72.302,"{'m1-1': 107.8, 'm2-1': 109.66, 'm3-1': 1.02, 'm4-1': 10.88, 'm5-1': 10.8, 'm6-1': 0.95, 'm7-1': 100.22, 'm8-1': 102.1}",0.0,inf,inf,inf,222.30200000000002,222.30200000000002
313,T4,BESTEFFORT,CANCELLED,,72.341,"{'m1-1': 111.74, 'm2-1': 105.02, 'm3-1': 1.13, 'm4-1': 10.53, 'm5-1': 10.44, 'm6-1': 0.97, 'm7-1': 100.96, 'm8-1': 108.44}",0.0,inf,inf,inf,222.341,222.341
314,T4,BESTEFFORT,CANCELLED,,72.377,"{'m1-1': 110.56, 'm2-1': 106.82, 'm3-1': 1.01, 'm4-1': 10.8, 'm5-1': 11.2, 'm6-1': 1.15, 'm7-1': 106.61, 'm8-1': 104.35}",0.0,inf,inf,inf,222.377,222.377
315,T3,BESTEFFORT,COMPLETED,m6-1,72.397,"{'m1-1': 94.67, 'm2-1': 112.44, 'm3-1': 1.08, 'm4-1': 11.09, 'm5-1': 9.8, 'm6-1': 1.06, 'm7-1': 101.51, 'm8-1': 100.36}",1.59,75.58999999999993,76.64999999999993,inf,222.397,222.397
316,T3,BESTEFFORT,COMPLETED,m3-1,72.452,"{'m1-1': 98.2, 'm2-1': 97.94, 'm3-1': 1.11, 'm4-1': 9.74, 'm5-1': 10.74, 'm6-1': 1.01, 'm7-1': 97.48, 'm8-1': 115.64}",1.665,75.55400000000003,76.66400000000003,inf,222.452,222.452
317,T4,BESTEFFORT,COMPLETED,m6-1,72.747,"{'m1-1': 116.35, 'm2-1': 105.22, 'm3-1': 1.07, 'm4-1': 10.86, 'm5-1': 11.24, 'm6-1': 1.02, 'm7-1': 107.72, 'm8-1': 107.91}",1.53,76.64999999999993,77.66999999999993,inf,222.747,222.747
318,T3,BESTEFFORT,COMPLETED,m3-1,72.799,"{'m1-1': 107.54, 'm2-1': 108.48, 'm3-1': 0.98, 'm4-1': 9.62, 'm5-1': 11.32, 'm6-1': 1.08, 'm7-1': 95.29, 'm8-1': 116.69}",1.47,76.66400000000003,77.64400000000003,inf,222.799,222.799
319,T2,BESTEFFORT,CANCELLED,,73.657,"{'m1-1': 106.77, 'm2-1': 100.93, 'm3-1': 1.09, 'm4-1': 10.35, 'm5-1': 10.96, 'm6-1': 0.98, 'm7-1': 100.43, 'm8-1': 105.25}",0.0,inf,inf,inf,223.65699999999998,223.65699999999998
320,T4,BESTEFFORT,CANCELLED,m3-1,74.51,"{'m1-1': 117.03, 'm2-1': 109.72, 'm3-1': 1.16, 'm4-1': 9.25, 'm5-1': 9.74, 'm6-1': 1.02, 'm7-1': 109.62, 'm8-1': 104.55}",0.0,inf,inf,inf,224.51,224.51
321,T2,BESTEFFORT,COMPLETED,m6-1,74.628,"{'m1-1': 102.86, 'm2-1': 116.06, 'm3-1': 1.02, 'm4-1': 9.7, 'm5-1': 11.53, 'm6-1': 1.1, 'm7-1': 108.53, 'm8-1': 97.82}",1.6500000000000001,77.66999999999993,78.76999999999992,inf,224.628,224.628
322,T1,BESTEFFORT,CANCELLED,m3-1,74.694,"{'m1-1': 113.18, 'm2-1': 106.5, 'm3-1': 1.13, 'm4-1': 10.62, 'm5-1': 10.73, 'm6-1': 1.12, 'm7-1': 111.96, 'm8-1': 102.53}",0.0,inf,inf,inf,224.69400000000002,224.69400000000002
323,T3,BESTEFFORT,CANCELLED,m3-1,74.852,"{'m1-1': 101.47, 'm2-1': 102.92, 'm3-1': 1.12, 'm4-1': 10.65, 'm5-1': 10.34, 'm6-1': 1.13, 'm7-1': 97.56, 'm8-1': 114.37}",0.0,inf,inf,inf,224.852,224.852
324,T1,BESTEFFORT,COMPLETED,m6-1,74.917,"{'m1-1': 102.75, 'm2-1': 99.91, 'm3-1': 1.08, 'm4-1': 11.11, 'm5-1': 10.8, 'm6-1': 0.96, 'm7-1': 111.32, 'm8-1': 112.92}",1.44,78.76999999999992,79.72999999999992,inf,224.917,224.917
325,T1,BESTEFFORT,COMPLETED,m4-1,75.256,"{'m1-1': 110.93, 'm2-1': 105.69, 'm3-1': 1.15, 'm4-1': 10.11, 'm5-1': 10.08, 'm6-1': 1.0, 'm7-1': 114.49, 'm8-1': 104.75}",15.165,107.099,117.209,inf,225.256,225.256
326,T2,BESTEFFORT,COMPLETED,m3-1,75.687,"{'m1-1': 113.3, 'm2-1': 101.27, 'm3-1': 1.08, 'm4-1': 9.91, 'm5-1': 10.89, 'm6-1': 1.06, 'm7-1': 103.06, 'm8-1': 107.97}",1.62,78.57400000000004,79.65400000000004,inf,225.687,225.687
327,T2,BESTEFFORT,COMPLETED,m3-1,75.883,"{'m1-1': 112.86, 'm2-1': 101.08, 'm3-1': 0.93, 'm4-1': 10.64, 'm5-1': 11.32, 'm6-1': 0.96, 'm7-1': 95.42, 'm8-1': 112.92}",1.395,77.64400000000003,78.57400000000004,inf,225.88299999999998,225.88299999999998
328,T1,BESTEFFORT,COMPLETED,m6-1,76.438,"{'m1-1': 107.26, 'm2-1': 104.42, 'm3-1': 1.04, 'm4-1': 11.25, 'm5-1': 10.01, 'm6-1': 1.1, 'm7-1': 97.88, 'm8-1': 106.26}",1.6500000000000001,79.72999999999992,80.82999999999991,inf,226.438,226.438
329,T2,BESTEFFORT,COMPLETED,m3-1,76.707,"{'m1-1': 111.72, 'm2-1': 113.98, 'm3-1': 0.96, 'm4-1': 9.38, 'm5-1': 10.63, 'm6-1': 0.95, 'm7-1': 96.92, 'm8-1': 97.05}",1.44,79.65400000000004,80.61400000000003,inf,226.707,226.707
330,T4,BESTEFFORT,CANCELLED,m3-1,77.301,"{'m1-1': 115.98, 'm2-1': 102.38, 'm3-1': 1.01, 'm4-1': 9.26, 'm5-1': 10.98, 'm6-1': 1.13, 'm7-1': 102.87, 'm8-1': 95.52}",0.0,inf,inf,inf,227.301,227.301
331,T1,BESTEFFORT,CANCELLED,,77.333,"{'m1-1': 116.49, 'm2-1': 100.06, 'm3-1': 0.99, 'm4-1': 10.88, 'm5-1': 10.5, 'm6-1': 0.96, 'm7-1': 110.26, 'm8-1': 111.07}",0.0,inf,inf,inf,227.333,227.333
332,T4,BESTEFFORT,COMPLETED,m6-1,77.365,"{'m1-1': 112.76, 'm2-1': 109.95, 'm3-1': 1.05, 'm4-1': 10.61, 'm5-1': 10.05, 'm6-1': 1.1, 'm7-1': 102.07, 'm8-1': 104.56}",1.6500000000000001,80.82999999999991,81.92999999999991,inf,227.365,227.365
333,T2,BESTEFFORT,COMPLETED,m3-1,77.975,"{'m1-1': 117.66, 'm2-1': 100.82, 'm3-1': 1.02, 'm4-1': 9.99, 'm5-1': 10.47, 'm6-1': 0.98, 'm7-1': 96.42, 'm8-1': 96.95}",1.53,80.61400000000003,81.63400000000003,inf,227.975,227.975
334,T4,BESTEFFORT,COMPLETED,m6-1,78.363,"{'m1-1': 118.17, 'm2-1': 104.82, 'm3-1': 1.0, 'm4-1': 10.29, 'm5-1': 9.8, 'm6-1': 1.12, 'm7-1': 100.14, 'm8-1': 98.83}",1.6800000000000002,81.92999999999991,83.04999999999991,inf,228.363,228.363
335,T4,BESTEFFORT,COMPLETED,m3-1,78.447,"{'m1-1': 115.74, 'm2-1': 113.18, 'm3-1': 1.09, 'm4-1': 9.47, 'm5-1': 9.8, 'm6-1': 1.09, 'm7-1': 107.94, 'm8-1': 98.42}",1.6350000000000002,81.63400000000003,82.72400000000003,inf,228.447,228.447
336,T1,BESTEFFORT,COMPLETED,m3-1,79.574,"{'m1-1': 106.19, 'm2-1': 103.58, 'm3-1': 1.0, 'm4-1': 10.24, 'm5-1': 11.1, 'm6-1': 0.99, 'm7-1': 104.91, 'm8-1': 104.62}",1.5,82.72400000000003,83.72400000000003,inf,229.574,229.574
337,T3,BESTEFFORT,CANCELLED,m6-1,80.21,"{'m1-1': 105.4, 'm2-1': 102.56, 'm3-1': 1.04, 'm4-1': 9.98, 'm5-1': 10.72, 'm6-1': 1.18, 'm7-1': 96.91, 'm8-1': 110.06}",0.0,inf,inf,inf,230.20999999999998,230.20999999999998
338,T3,BESTEFFORT,COMPLETED,m5-1,80.519,"{'m1-1': 101.99, 'm2-1': 107.76, 'm3-1': 1.12, 'm4-1': 9.75, 'm5-1': 11.56, 'm6-1': 1.12, 'm7-1': 93.43, 'm8-1': 111.32}",17.34,111.872,123.432,inf,230.519,230.519
339,T2,BESTEFFORT,COMPLETED,m3-1,80.726,"{'m1-1': 114.26, 'm2-1': 103.76, 'm3-1': 1.06, 'm4-1': 9.7, 'm5-1': 10.21, 'm6-1': 1.01, 'm7-1': 99.35, 'm8-1': 98.15}",1.59,83.72400000000003,84.78400000000003,inf,230.726,230.726
340,T3,BESTEFFORT,CANCELLED,m6-1,80.839,"{'m1-1': 95.49, 'm2-1': 102.01, 'm3-1': 1.1, 'm4-1': 10.9, 'm5-1': 10.38, 'm6-1': 1.07, 'm7-1': 100.32, 'm8-1': 109.04}",0.0,inf,inf,inf,230.839,230.839
341,T2,BESTEFFORT,COMPLETED,m3-1,80.926,"{'m1-1': 109.06, 'm2-1': 115.56, 'm3-1': 1.05, 'm4-1': 9.24, 'm5-1': 10.09, 'm6-1': 1.04, 'm7-1': 105.68, 'm8-1': 105.82}",1.5750000000000002,84.78400000000003,85.83400000000003,inf,230.926,230.926
342,T2,BESTEFFORT,CANCELLED,m6-1,81.747,"{'m1-1': 106.37, 'm2-1': 115.46, 'm3-1': 0.94, 'm4-1': 10.34, 'm5-1': 11.82, 'm6-1': 0.97, 'm7-1': 108.14, 'm8-1': 113.85}",0.0,inf,inf,inf,231.747,231.747
343,T1,BESTEFFORT,COMPLETED,m6-1,81.83,"{'m1-1': 110.85, 'm2-1': 100.9, 'm3-1': 1.1, 'm4-1': 10.64, 'm5-1': 10.67, 'm6-1': 0.94, 'm7-1': 107.28, 'm8-1': 99.77}",1.41,84.06999999999991,85.0099999999999,inf,231.82999999999998,231.82999999999998
344,T1,BESTEFFORT,COMPLETED,m6-1,82.023,"{'m1-1': 107.2, 'm2-1': 108.98, 'm3-1': 1.05, 'm4-1': 10.64, 'm5-1': 10.55, 'm6-1': 1.02, 'm7-1': 110.51, 'm8-1': 104.42}",1.53,83.04999999999991,84.06999999999991,inf,232.023,232.023
345,T2,BESTEFFORT,CANCELLED,m6-1,82.026,"{'m1-1': 112.9, 'm2-1': 117.15, 'm3-1': 1.03, 'm4-1': 10.87, 'm5-1': 11.24, 'm6-1': 1.01, 'm7-1': 99.5, 'm8-1': 104.8}",0.0,inf,inf,inf,232.026,232.026
346,T3,BESTEFFORT,CANCELLED,,82.111,"{'m1-1': 92.63, 'm2-1': 106.26, 'm3-1': 0.98, 'm4-1': 10.31, 'm5-1': 10.36, 'm6-1': 1.04, 'm7-1': 96.48, 'm8-1': 106.51}",0.0,inf,inf,inf,232.111,232.111
347,T2,BESTEFFORT,COMPLETED,m3-1,82.219,"{'m1-1': 116.15, 'm2-1': 109.58, 'm3-1': 0.95, 'm4-1': 9.88, 'm5-1': 10.24, 'm6-1': 1.04, 'm7-1': 106.33, 'm8-1': 107.44}",1.4249999999999998,85.83400000000003,86.78400000000003,inf,232.219,232.219
348,T1,BESTEFFORT,COMPLETED,m6-1,82.4,"{'m1-1': 109.42, 'm2-1': 105.98, 'm3-1': 1.06, 'm4-1': 10.98, 'm5-1': 10.81, 'm6-1': 1.06, 'm7-1': 106.56, 'm8-1': 107.44}",1.59,85.0099999999999,86.06999999999991,inf,232.4,232.4
349,T3,BESTEFFORT,CANCELLED,,82.576,"{'m1-1': 109.16, 'm2-1': 110.98, 'm3-1': 1.09, 'm4-1': 9.74, 'm5-1': 10.09, 'm6-1': 1.08, 'm7-1': 98.84, 'm8-1': 116.94}",0.0,inf,inf,inf,232.576,232.576
350,T4,BESTEFFORT,CANCELLED,,83.304,"{'m1-1': 118.54, 'm2-1': 98.31, 'm3-1': 1.08, 'm4-1': 10.03, 'm5-1': 10.31, 'm6-1': 1.01, 'm7-1': 104.79, 'm8-1': 109.25}",0.0,inf,inf,inf,233.304,233.304
351,T3,BESTEFFORT,CANCELLED,m3-1,83.352,"{'m1-1': 107.94, 'm2-1': 96.82, 'm3-1': 0.96, 'm4-1': 11.14, 'm5-1': 10.51, 'm6-1': 1.08, 'm7-1': 104.52, 'm8-1': 103.48}",0.0,inf,inf,inf,233.352,233.352
352,T4,BESTEFFORT,CANCELLED,,83.664,"{'m1-1': 113.53, 'm2-1': 109.44, 'm3-1': 1.1, 'm4-1': 10.76, 'm5-1': 10.04, 'm6-1': 1.06, 'm7-1': 96.98, 'm8-1': 96.81}",0.0,inf,inf,inf,233.664,233.664
353,T1,BESTEFFORT,COMPLETED,m6-1,83.855,"{'m1-1': 106.53, 'm2-1': 104.11, 'm3-1': 1.14, 'm4-1': 10.75, 'm5-1': 10.55, 'm6-1': 0.98, 'm7-1': 106.21, 'm8-1': 99.54}",1.47,86.06999999999991,87.04999999999991,inf,233.85500000000002,233.85500000000002
354,T1,BESTEFFORT,COMPLETED,m6-1,84.257,"{'m1-1': 112.5, 'm2-1': 103.21, 'm3-1': 1.14, 'm4-1': 11.28, 'm5-1': 10.66, 'm6-1': 1.06, 'm7-1': 107.11, 'm8-1': 106.98}",1.59,87.04999999999991,88.10999999999991,inf,234.257,234.257
355,T1,BESTEFFORT,CANCELLED,m6-1,84.26,"{'m1-1': 100.96, 'm2-1': 99.23, 'm3-1': 1.08, 'm4-1': 10.28, 'm5-1': 11.16, 'm6-1': 1.05, 'm7-1': 107.69, 'm8-1': 104.38}",0.0,inf,inf,inf,234.26,234.26
356,T1,BESTEFFORT,COMPLETED,m3-1,84.343,"{'m1-1': 113.13, 'm2-1': 107.59, 'm3-1': 1.13, 'm4-1': 10.57, 'm5-1': 10.21, 'm6-1': 1.01, 'm7-1': 110.72, 'm8-1': 117.91}",1.6949999999999998,86.78400000000003,87.91400000000003,inf,234.34300000000002,234.34300000000002
357,T1,BESTEFFORT,COMPLETED,m3-1,84.545,"{'m1-1': 110.56, 'm2-1': 111.82, 'm3-1': 1.11, 'm4-1': 10.85, 'm5-1': 10.13, 'm6-1': 1.03, 'm7-1': 103.97, 'm8-1': 99.3}",1.665,87.91400000000003,89.02400000000003,inf,234.54500000000002,234.54500000000002
358,T3,BESTEFFORT,CANCELLED,,85.031,"{'m1-1': 107.79, 'm2-1': 106.67, 'm3-1': 1.01, 'm4-1': 9.63, 'm5-1': 10.71, 'm6-1': 1.03, 'm7-1': 103.27, 'm8-1': 100.92}",0.0,inf,inf,inf,235.031,235.031
359,T3,BESTEFFORT,CANCELLED,,85.201,"{'m1-1': 97.78, 'm2-1': 96.45, 'm3-1': 0.98, 'm4-1': 10.68, 'm5-1': 10.92, 'm6-1': 1.05, 'm7-1': 107.59, 'm8-1': 105.12}",0.0,inf,inf,inf,235.201,235.201
360,T1,BESTEFFORT,CANCELLED,m3-1,85.286,"{'m1-1': 106.84, 'm2-1': 114.85, 'm3-1': 1.01, 'm4-1': 10.21, 'm5-1': 10.88, 'm6-1': 1.02, 'm7-1': 96.7, 'm8-1': 111.94}",0.0,inf,inf,inf,235.286,235.286
361,T3,BESTEFFORT,COMPLETED,m6-1,85.431,"{'m1-1': 100.8, 'm2-1': 107.76, 'm3-1': 0.98, 'm4-1': 10.18, 'm5-1': 10.87, 'm6-1': 1.03, 'm7-1': 104.68, 'm8-1': 109.4}",1.545,88.10999999999991,89.13999999999992,inf,235.43099999999998,235.43099999999998
362,T4,BESTEFFORT,COMPLETED,m4-1,85.854,"{'m1-1': 113.88, 'm2-1': 115.23, 'm3-1': 0.99, 'm4-1': 10.87, 'm5-1': 9.79, 'm6-1': 1.1, 'm7-1': 103.49, 'm8-1': 110.79}",16.305,117.209,128.079,inf,235.85399999999998,235.85399999999998
363,T3,BESTEFFORT,COMPLETED,m3-1,86.044,"{'m1-1': 92.47, 'm2-1': 97.84, 'm3-1': 1.06, 'm4-1': 10.98, 'm5-1': 10.2, 'm6-1': 1.04, 'm7-1': 95.21, 'm8-1': 104.14}",1.59,89.02400000000003,90.08400000000003,inf,236.04399999999998,236.04399999999998
364,T4,BESTEFFORT,CANCELLED,,86.14,"{'m1-1': 104.33, 'm2-1': 114.0, 'm3-1': 1.17, 'm4-1': 10.86, 'm5-1': 11.19, 'm6-1': 1.02, 'm7-1': 97.2, 'm8-1': 106.4}",0.0,inf,inf,inf,236.14,236.14
365,T2,BESTEFFORT,CANCELLED,m3-1,86.472,"{'m1-1': 102.87, 'm2-1': 107.5, 'm3-1': 0.97, 'm4-1': 10.15, 'm5-1': 10.71, 'm6-1': 1.08, 'm7-1': 107.24, 'm8-1': 98.18}",0.0,inf,inf,inf,236.47199999999998,236.47199999999998
366,T1,BESTEFFORT,COMPLETED,m6-1,86.526,"{'m1-1': 100.69, 'm2-1': 113.14, 'm3-1': 1.07, 'm4-1': 9.93, 'm5-1': 9.93, 'm6-1': 1.1, 'm7-1': 113.51, 'm8-1': 117.13}",1.6500000000000001,90.21999999999991,91.31999999999991,inf,236.526,236.526
367,T3,BESTEFFORT,COMPLETED,m6-1,86.805,"{'m1-1': 106.15, 'm2-1': 112.74, 'm3-1': 1.07, 'm4-1': 11.09, 'm5-1': 10.92, 'm6-1': 1.08, 'm7-1': 104.92, 'm8-1': 106.21}",1.62,89.13999999999992,90.21999999999991,inf,236.805,236.805
368,T4,BESTEFFORT,CANCELLED,,87.336,"{'m1-1': 102.56, 'm2-1': 112.31, 'm3-1': 1.09, 'm4-1': 9.57, 'm5-1': 10.2, 'm6-1': 1.0, 'm7-1': 106.69, 'm8-1': 107.53}",0.0,inf,inf,inf,237.336,237.336
369,T3,BESTEFFORT,COMPLETED,m3-1,87.364,"{'m1-1': 100.37, 'm2-1': 109.69, 'm3-1': 1.12, 'm4-1': 9.67, 'm5-1': 11.0, 'm6-1': 1.08, 'm7-1': 98.08, 'm8-1': 116.98}",1.6800000000000002,91.16400000000003,92.28400000000003,inf,237.364,237.364
370,T3,BESTEFFORT,COMPLETED,m3-1,87.571,"{'m1-1': 96.43, 'm2-1': 102.48, 'm3-1': 1.08, 'm4-1': 9.68, 'm5-1': 10.06, 'm6-1': 1.12, 'm7-1': 96.56, 'm8-1': 113.6}",1.62,90.08400000000003,91.16400000000003,inf,237.571,237.571
371,T2,BESTEFFORT,COMPLETED,m6-1,87.927,"{'m1-1': 113.53, 'm2-1': 109.43, 'm3-1': 1.09, 'm4-1': 10.95, 'm5-1': 11.78, 'm6-1': 1.04, 'm7-1': 110.05, 'm8-1': 103.85}",1.56,91.31999999999991,92.35999999999991,inf,237.92700000000002,237.92700000000002
372,T4,BESTEFFORT,CANCELLED,,87.984,"{'m1-1': 104.72, 'm2-1': 101.54, 'm3-1': 1.12, 'm4-1': 10.55, 'm5-1': 10.62, 'm6-1': 0.98, 'm7-1': 111.47, 'm8-1': 100.26}",0.0,inf,inf,inf,237.98399999999998,237.98399999999998
373,T2,BESTEFFORT,CANCELLED,,88.159,"{'m1-1': 109.72, 'm2-1': 103.76, 'm3-1': 1.07, 'm4-1': 9.84, 'm5-1': 10.91, 'm6-1': 1.04, 'm7-1': 95.54, 'm8-1': 109.73}",0.0,inf,inf,inf,238.159,238.159
374,T1,BESTEFFORT,CANCELLED,,88.207,"{'m1-1': 109.42, 'm2-1': 103.24, 'm3-1': 0.99, 'm4-1': 9.82, 'm5-1': 9.96, 'm6-1': 0.99, 'm7-1': 106.0, 'm8-1': 99.3}",0.0,inf,inf,inf,238.207,238.207
375,T4,BESTEFFORT,CANCELLED,,88.244,"{'m1-1': 108.77, 'm2-1': 106.84, 'm3-1': 1.09, 'm4-1': 10.74, 'm5-1': 11.3, 'm6-1': 1.13, 'm7-1': 108.67, 'm8-1': 103.54}",0.0,inf,inf,inf,238.244,238.244
376,T4,BESTEFFORT,CANCELLED,,88.374,"{'m1-1': 102.94, 'm2-1': 116.15, 'm3-1': 1.03, 'm4-1': 9.8, 'm5-1': 10.26, 'm6-1': 0.98, 'm7-1': 107.44, 'm8-1': 108.25}",0.0,inf,inf,inf,238.374,238.374
377,T1,BESTEFFORT,CANCELLED,m6-1,88.529,"{'m1-1': 109.08, 'm2-1': 114.54, 'm3-1': 1.1, 'm4-1': 10.8, 'm5-1': 11.27, 'm6-1': 1.06, 'm7-1': 98.59, 'm8-1': 100.26}",0.0,inf,inf,inf,238.529,238.529
378,T2,BESTEFFORT,CANCELLED,m3-1,88.922,"{'m1-1': 102.18, 'm2-1': 118.09, 'm3-1': 0.98, 'm4-1': 9.6, 'm5-1': 10.1, 'm6-1': 1.08, 'm7-1': 107.23, 'm8-1': 98.35}",0.0,inf,inf,inf,238.922,238.922
379,T3,BESTEFFORT,COMPLETED,m3-1,89.406,"{'m1-1': 102.67, 'm2-1': 108.66, 'm3-1': 1.0, 'm4-1': 9.88, 'm5-1': 10.58, 'm6-1': 1.02, 'm7-1': 102.02, 'm8-1': 116.2}",1.5,92.28400000000003,93.28400000000003,inf,239.406,239.406
380,T3,BESTEFFORT,COMPLETED,m3-1,89.55,"{'m1-1': 108.93, 'm2-1': 97.21, 'm3-1': 1.07, 'm4-1': 9.94, 'm5-1': 10.38, 'm6-1': 1.14, 'm7-1': 99.56, 'm8-1': 100.12}",1.605,93.28400000000003,94.35400000000003,inf,239.55,239.55
381,T3,BESTEFFORT,COMPLETED,m6-1,89.653,"{'m1-1': 102.39, 'm2-1': 97.38, 'm3-1': 0.97, 'm4-1': 11.03, 'm5-1': 9.86, 'm6-1': 1.09, 'm7-1': 104.55, 'm8-1': 101.46}",1.6350000000000002,92.35999999999991,93.44999999999992,inf,239.65300000000002,239.65300000000002
382,T2,BESTEFFORT,CANCELLED,,89.894,"{'m1-1': 115.67, 'm2-1': 116.14, 'm3-1': 1.07, 'm4-1': 9.49, 'm5-1': 10.52, 'm6-1': 1.07, 'm7-1': 96.07, 'm8-1': 101.29}",0.0,inf,inf,inf,239.894,239.894
383,T3,BESTEFFORT,COMPLETED,m6-1,89.942,"{'m1-1': 100.77, 'm2-1': 101.69, 'm3-1': 1.02, 'm4-1': 10.39, 'm5-1': 11.43, 'm6-1': 1.06, 'm7-1': 93.48, 'm8-1': 111.05}",1.59,93.44999999999992,94.50999999999992,inf,239.942,239.942
384,T3,BESTEFFORT,COMPLETED,m5-1,90.353,"{'m1-1': 106.74, 'm2-1': 98.6, 'm3-1': 0.98, 'm4-1': 9.66, 'm5-1': 11.35, 'm6-1': 1.09, 'm7-1': 101.86, 'm8-1': 101.54}",17.025,123.432,134.782,inf,240.353,240.353
385,T1,BESTEFFORT,CANCELLED,,90.36,"{'m1-1': 112.89, 'm2-1': 103.09, 'm3-1': 1.13, 'm4-1': 11.02, 'm5-1': 9.77, 'm6-1': 1.05, 'm7-1': 112.28, 'm8-1': 105.85}",0.0,inf,inf,inf,240.36,240.36
386,T2,BESTEFFORT,COMPLETED,m6-1,90.897,"{'m1-1': 103.1, 'm2-1': 105.32, 'm3-1': 0.96, 'm4-1': 10.28, 'm5-1': 10.49, 'm6-1': 0.95, 'm7-1': 109.81, 'm8-1': 113.32}",1.4249999999999998,94.50999999999992,95.45999999999992,inf,240.897,240.897
387,T4,BESTEFFORT,CANCELLED,,91.02,"{'m1-1': 109.36, 'm2-1': 108.09, 'm3-1': 1.06, 'm4-1': 9.6, 'm5-1': 10.12, 'm6-1': 1.14, 'm7-1': 112.16, 'm8-1': 103.1}",0.0,inf,inf,inf,241.01999999999998,241.01999999999998
388,T3,BESTEFFORT,COMPLETED,m3-1,91.078,"{'m1-1': 106.78, 'm2-1': 111.06, 'm3-1': 1.09, 'm4-1': 10.72, 'm5-1': 10.35, 'm6-1': 1.08, 'm7-1': 108.26, 'm8-1': 104.42}",1.6350000000000002,94.35400000000003,95.44400000000003,inf,241.078,241.078
389,T2,BESTEFFORT,COMPLETED,m3-1,91.342,"{'m1-1': 102.86, 'm2-1': 100.65, 'm3-1': 0.96, 'm4-1': 9.28, 'm5-1': 10.53, 'm6-1': 1.08, 'm7-1': 96.3, 'm8-1': 107.25}",1.44,95.44400000000003,96.40400000000002,inf,241.34199999999998,241.34199999999998
390,T1,BESTEFFORT,CANCELLED,m6-1,91.434,"{'m1-1': 100.28, 'm2-1': 104.86, 'm3-1': 1.15, 'm4-1': 10.84, 'm5-1': 9.99, 'm6-1': 1.02, 'm7-1': 96.84, 'm8-1': 101.7}",0.0,inf,inf,inf,241.434,241.434
391,T1,BESTEFFORT,CANCELLED,,91.805,"{'m1-1': 111.65, 'm2-1': 107.97, 'm3-1': 1.13, 'm4-1': 9.86, 'm5-1': 10.26, 'm6-1': 0.95, 'm7-1': 101.26, 'm8-1': 113.81}",0.0,inf,inf,inf,241.805,241.805
392,T3,BESTEFFORT,CANCELLED,m6-1,92.496,"{'m1-1': 94.42, 'm2-1': 100.67, 'm3-1': 1.04, 'm4-1': 9.62, 'm5-1': 11.03, 'm6-1': 1.15, 'm7-1': 100.23, 'm8-1': 114.29}",0.0,inf,inf,inf,242.49599999999998,242.49599999999998
393,T2,BESTEFFORT,COMPLETED,m3-1,92.99,"{'m1-1': 110.31, 'm2-1': 110.79, 'm3-1': 0.95, 'm4-1': 9.72, 'm5-1': 10.81, 'm6-1': 1.02, 'm7-1': 108.82, 'm8-1': 97.0}",1.4249999999999998,96.40400000000002,97.35400000000003,inf,242.99,242.99
394,T4,BESTEFFORT,COMPLETED,m6-1,93.171,"{'m1-1': 110.53, 'm2-1': 113.73, 'm3-1': 1.03, 'm4-1': 10.47, 'm5-1': 10.84, 'm6-1': 1.1, 'm7-1': 105.96, 'm8-1': 104.46}",1.6500000000000001,95.45999999999992,96.55999999999992,inf,243.171,243.171
395,T3,BESTEFFORT,CANCELLED,,93.389,"{'m1-1': 103.45, 'm2-1': 111.92, 'm3-1': 1.02, 'm4-1': 11.05, 'm5-1': 10.56, 'm6-1': 1.07, 'm7-1': 105.25, 'm8-1': 114.36}",0.0,inf,inf,inf,243.389,243.389
396,T3,BESTEFFORT,CANCELLED,,93.458,"{'m1-1': 93.14, 'm2-1': 109.97, 'm3-1': 1.01, 'm4-1': 10.67, 'm5-1': 10.84, 'm6-1': 1.05, 'm7-1': 95.69, 'm8-1': 104.07}",0.0,inf,inf,inf,243.458,243.458
397,T1,BESTEFFORT,CANCELLED,,93.698,"{'m1-1': 107.41, 'm2-1': 110.19, 'm3-1': 0.99, 'm4-1': 10.68, 'm5-1': 10.03, 'm6-1': 1.08, 'm7-1': 107.77, 'm8-1': 104.55}",0.0,inf,inf,inf,243.69799999999998,243.69799999999998
398,T3,BESTEFFORT,CANCELLED,,93.768,"{'m1-1': 101.25, 'm2-1': 104.97, 'm3-1': 1.12, 'm4-1': 10.8, 'm5-1': 11.59, 'm6-1': 1.15, 'm7-1': 96.33, 'm8-1': 105.23}",0.0,inf,inf,inf,243.768,243.768
399,T3,BESTEFFORT,CANCELLED,,93.803,"{'m1-1': 108.47, 'm2-1': 103.72, 'm3-1': 0.96, 'm4-1': 9.81, 'm5-1': 11.09, 'm6-1': 1.13, 'm7-1': 105.4, 'm8-1': 107.95}",0.0,inf,inf,inf,243.803,243.803
400,T3,BESTEFFORT,CANCELLED,m3-1,94.158,"{'m1-1': 101.9, 'm2-1': 98.88, 'm3-1': 1.06, 'm4-1': 10.19, 'm5-1': 10.65, 'm6-1': 1.1, 'm7-1': 98.78, 'm8-1': 109.53}",0.0,inf,inf,inf,244.15800000000002,244.15800000000002
401,T4,BESTEFFORT,COMPLETED,m6-1,94.226,"{'m1-1': 118.12, 'm2-1': 106.9, 'm3-1': 1.09, 'm4-1': 10.49, 'm5-1': 10.36, 'm6-1': 1.14, 'm7-1': 102.06, 'm8-1': 99.96}",1.71,96.55999999999992,97.69999999999992,inf,244.226,244.226
402,T4,BESTEFFORT,COMPLETED,m6-1,94.516,"{'m1-1': 115.12, 'm2-1': 98.47, 'm3-1': 1.12, 'm4-1': 9.7, 'm5-1': 11.12, 'm6-1': 1.15, 'm7-1': 97.21, 'm8-1': 101.68}",1.7249999999999999,97.69999999999992,98.84999999999992,inf,244.51600000000002,244.51600000000002
403,T4,BESTEFFORT,COMPLETED,m3-1,94.527,"{'m1-1': 109.24, 'm2-1': 112.73, 'm3-1': 1.07, 'm4-1': 10.34, 'm5-1': 11.34, 'm6-1': 0.99, 'm7-1': 111.38, 'm8-1': 107.35}",1.605,97.35400000000003,98.42400000000002,inf,244.527,244.527
404,T4,BESTEFFORT,CANCELLED,,94.559,"{'m1-1': 106.08, 'm2-1': 110.03, 'm3-1': 1.11, 'm4-1': 10.94, 'm5-1': 10.82, 'm6-1': 1.05, 'm7-1': 106.12, 'm8-1': 100.9}",0.0,inf,inf,inf,244.559,244.559
405,T2,BESTEFFORT,CANCELLED,,94.774,"{'m1-1': 108.23, 'm2-1': 104.59, 'm3-1': 1.02, 'm4-1': 9.8, 'm5-1': 11.13, 'm6-1': 1.0, 'm7-1': 106.55, 'm8-1': 104.44}",0.0,inf,inf,inf,244.774,244.774
406,T2,BESTEFFORT,CANCELLED,,94.898,"{'m1-1': 108.1, 'm2-1': 111.5, 'm3-1': 0.97, 'm4-1': 10.44, 'm5-1': 11.7, 'm6-1': 1.11, 'm7-1': 97.76, 'm8-1': 106.6}",0.0,inf,inf,inf,244.898,244.898
407,T2,BESTEFFORT,CANCELLED,m6-1,95.008,"{'m1-1': 109.32, 'm2-1': 100.77, 'm3-1': 1.07, 'm4-1': 9.73, 'm5-1': 10.86, 'm6-1': 0.97, 'm7-1': 112.16, 'm8-1': 105.62}",0.0,inf,inf,inf,245.00799999999998,245.00799999999998
408,T3,BESTEFFORT,CANCELLED,m3-1,95.108,"{'m1-1': 94.92, 'm2-1': 99.48, 'm3-1': 1.05, 'm4-1': 10.45, 'm5-1': 10.84, 'm6-1': 1.04, 'm7-1': 99.95, 'm8-1': 108.81}",0.0,inf,inf,inf,245.108,245.108
409,T1,BESTEFFORT,CANCELLED,,95.612,"{'m1-1': 107.68, 'm2-1': 112.7, 'm3-1': 1.07, 'm4-1': 10.78, 'm5-1': 10.57, 'm6-1': 1.1, 'm7-1': 111.76, 'm8-1': 112.16}",0.0,inf,inf,inf,245.612,245.612
410,T4,BESTEFFORT,COMPLETED,m6-1,95.826,"{'m1-1': 115.47, 'm2-1': 103.42, 'm3-1': 1.11, 'm4-1': 9.49, 'm5-1': 10.76, 'm6-1': 1.05, 'm7-1': 98.46, 'm8-1': 106.67}",1.5750000000000002,98.84999999999992,99.89999999999992,inf,245.826,245.826
411,T4,BESTEFFORT,COMPLETED,m3-1,95.894,"{'m1-1': 115.47, 'm2-1': 112.64, 'm3-1': 1.08, 'm4-1': 10.93, 'm5-1': 10.14, 'm6-1': 1.15, 'm7-1': 108.67, 'm8-1': 105.53}",1.62,98.42400000000002,99.50400000000002,inf,245.894,245.894
412,T2,BESTEFFORT,COMPLETED,m4-1,95.908,"{'m1-1': 111.41, 'm2-1': 117.87, 'm3-1': 1.06, 'm4-1': 9.63, 'm5-1': 10.15, 'm6-1': 0.95, 'm7-1': 110.14, 'm8-1': 114.4}",14.445,128.079,137.709,inf,245.90800000000002,245.90800000000002
413,T2,BESTEFFORT,CANCELLED,m3-1,95.961,"{'m1-1': 105.5, 'm2-1': 107.16, 'm3-1': 1.07, 'm4-1': 10.47, 'm5-1': 10.55, 'm6-1': 1.06, 'm7-1': 102.01, 'm8-1': 99.64}",0.0,inf,inf,inf,245.961,245.961
414,T1,BESTEFFORT,COMPLETED,m6-1,96.292,"{'m1-1': 99.98, 'm2-1': 113.82, 'm3-1': 1.0, 'm4-1': 10.98, 'm5-1': 10.88, 'm6-1': 0.95, 'm7-1': 104.53, 'm8-1': 105.01}",1.4249999999999998,99.89999999999992,100.84999999999992,inf,246.292,246.292
415,T2,BESTEFFORT,CANCELLED,,96.551,"{'m1-1': 106.15, 'm2-1': 101.4, 'm3-1': 1.06, 'm4-1': 9.95, 'm5-1': 11.23, 'm6-1': 0.94, 'm7-1': 101.48, 'm8-1': 109.66}",0.0,inf,inf,inf,246.551,246.551
416,T2,BESTEFFORT,CANCELLED,m3-1,96.904,"{'m1-1': 111.21, 'm2-1': 105.95, 'm3-1': 1.0, 'm4-1': 10.34, 'm5-1': 10.71, 'm6-1': 1.1, 'm7-1': 97.28, 'm8-1': 110.11}",0.0,inf,inf,inf,246.904,246.904
417,T1,BESTEFFORT,CANCELLED,,97.031,"{'m1-1': 115.25, 'm2-1': 109.63, 'm3-1': 1.11, 'm4-1': 10.71, 'm5-1': 10.42, 'm6-1': 0.97, 'm7-1': 99.3, 'm8-1': 115.92}",0.0,inf,inf,inf,247.031,247.031
418,T1,BESTEFFORT,COMPLETED,m6-1,97.645,"{'m1-1': 100.0, 'm2-1': 102.45, 'm3-1': 0.99, 'm4-1': 10.95, 'm5-1': 10.64, 'm6-1': 1.11, 'm7-1': 105.1, 'm8-1': 104.46}",1.665,100.84999999999992,101.95999999999992,inf,247.64499999999998,247.64499999999998
419,T1,BESTEFFORT,COMPLETED,m6-1,97.707,"{'m1-1': 113.26, 'm2-1': 105.65, 'm3-1': 1.14, 'm4-1': 9.65, 'm5-1': 9.74, 'm6-1': 1.09, 'm7-1': 104.16, 'm8-1': 105.14}",1.6350000000000002,101.95999999999992,103.04999999999993,inf,247.707,247.707
420,T4,BESTEFFORT,COMPLETED,m3-1,97.897,"{'m1-1': 111.33, 'm2-1': 110.47, 'm3-1': 1.17, 'm4-1': 9.89, 'm5-1': 11.32, 'm6-1': 1.02, 'm7-1': 94.94, 'm8-1': 103.48}",1.755,99.50400000000002,100.67400000000002,inf,247.897,247.897
421,T4,BESTEFFORT,COMPLETED,m3-1,98.513,"{'m1-1': 102.78, 'm2-1': 113.65, 'm3-1': 1.08, 'm4-1': 10.92, 'm5-1': 10.28, 'm6-1': 1.01, 'm7-1': 97.71, 'm8-1': 97.64}",1.62,100.67400000000002,101.75400000000002,inf,248.513,248.513
422,T4,BESTEFFORT,COMPLETED,m3-1,99.027,"{'m1-1': 107.0, 'm2-1': 106.06, 'm3-1': 1.01, 'm4-1': 10.88, 'm5-1': 10.52, 'm6-1': 1.12, 'm7-1': 96.49, 'm8-1': 101.92}",1.5150000000000001,101.75400000000002,102.76400000000002,inf,249.027,249.027
423,T1,BESTEFFORT,COMPLETED,m3-1,99.187,"{'m1-1': 115.69, 'm2-1': 116.88, 'm3-1': 1.06, 'm4-1': 10.58, 'm5-1': 10.22, 'm6-1': 0.98, 'm7-1': 110.48, 'm8-1': 112.95}",1.59,102.76400000000002,103.82400000000003,inf,249.187,249.187
424,T2,BESTEFFORT,CANCELLED,,99.321,"{'m1-1': 114.04, 'm2-1': 114.76, 'm3-1': 0.94, 'm4-1': 9.49, 'm5-1': 10.64, 'm6-1': 0.97, 'm7-1': 100.04, 'm8-1': 113.79}",0.0,inf,inf,inf,249.321,249.321
425,T2,BESTEFFORT,CANCELLED,m6-1,99.324,"{'m1-1': 102.13, 'm2-1': 113.29, 'm3-1': 1.09, 'm4-1': 10.48, 'm5-1': 10.83, 'm6-1': 1.08, 'm7-1': 108.68, 'm8-1': 113.6}",0.0,inf,inf,inf,249.324,249.324
426,T3,BESTEFFORT,CANCELLED,,99.734,"{'m1-1': 108.47, 'm2-1': 96.92, 'm3-1': 0.96, 'm4-1': 9.65, 'm5-1': 11.26, 'm6-1': 1.04, 'm7-1': 100.05, 'm8-1': 111.2}",0.0,inf,inf,inf,249.73399999999998,249.73399999999998
427,T4,BESTEFFORT,CANCELLED,,99.954,"{'m1-1': 110.57, 'm2-1': 102.49, 'm3-1': 1.01, 'm4-1': 10.25, 'm5-1': 10.46, 'm6-1': 1.03, 'm7-1': 97.04, 'm8-1': 109.36}",0.0,inf,inf,inf,249.954,249.954
428,T4,BESTEFFORT,COMPLETED,m6-1,100.381,"{'m1-1': 100.88, 'm2-1': 104.46, 'm3-1': 1.05, 'm4-1': 9.68, 'm5-1': 10.73, 'm6-1': 1.01, 'm7-1': 103.69, 'm8-1': 112.1}",1.5150000000000001,104.02999999999993,105.03999999999994,inf,250.381,250.381
429,T1,BESTEFFORT,COMPLETED,m6-1,100.466,"{'m1-1': 105.2, 'm2-1': 112.96, 'm3-1': 1.04, 'm4-1': 11.26, 'm5-1': 10.11, 'm6-1': 0.98, 'm7-1': 112.51, 'm8-1': 117.64}",1.47,103.04999999999993,104.02999999999993,inf,250.466,250.466
430,T4,BESTEFFORT,CANCELLED,m6-1,100.516,"{'m1-1': 110.94, 'm2-1': 111.87, 'm3-1': 1.02, 'm4-1': 9.76, 'm5-1': 11.24, 'm6-1': 1.02, 'm7-1': 101.33, 'm8-1': 108.54}",0.0,inf,inf,inf,250.51600000000002,250.51600000000002
431,T1,BESTEFFORT,COMPLETED,m3-1,100.574,"{'m1-1': 109.19, 'm2-1': 108.19, 'm3-1': 1.11, 'm4-1': 9.96, 'm5-1': 10.62, 'm6-1': 1.01, 'm7-1': 112.78, 'm8-1': 101.42}",1.665,103.82400000000003,104.93400000000003,inf,250.574,250.574
432,T4,BESTEFFORT,CANCELLED,m3-1,101.667,"{'m1-1': 112.78, 'm2-1': 111.79, 'm3-1': 1.05, 'm4-1': 10.46, 'm5-1': 10.88, 'm6-1': 1.07, 'm7-1': 101.9, 'm8-1': 97.03}",0.0,inf,inf,inf,251.667,251.667
433,T3,BESTEFFORT,COMPLETED,m5-1,101.83,"{'m1-1': 108.9, 'm2-1': 111.97, 'm3-1': 1.01, 'm4-1': 9.99, 'm5-1': 10.08, 'm6-1': 1.01, 'm7-1': 105.49, 'm8-1': 109.91}",15.120000000000001,134.782,144.86200000000002,inf,251.82999999999998,251.82999999999998
434,T3,BESTEFFORT,COMPLETED,m3-1,102.048,"{'m1-1': 103.96, 'm2-1': 94.97, 'm3-1': 0.99, 'm4-1': 10.57, 'm5-1': 10.09, 'm6-1': 1.08, 'm7-1': 108.63, 'm8-1': 108.28}",1.4849999999999999,104.93400000000003,105.92400000000002,inf,252.048,252.048
435,T1,BESTEFFORT,CANCELLED,m3-1,102.189,"{'m1-1': 110.12, 'm2-1': 103.98, 'm3-1': 1.08, 'm4-1': 10.5, 'm5-1': 10.79, 'm6-1': 1.08, 'm7-1': 101.3, 'm8-1': 116.34}",0.0,inf,inf,inf,252.189,252.189
436,T2,BESTEFFORT,COMPLETED,m6-1,102.733,"{'m1-1': 117.82, 'm2-1': 111.7, 'm3-1': 0.97, 'm4-1': 9.66, 'm5-1': 10.52, 'm6-1': 0.96, 'm7-1': 105.68, 'm8-1': 108.74}",1.44,106.00999999999993,106.96999999999993,inf,252.733,252.733
437,T1,BESTEFFORT,COMPLETED,m6-1,102.813,"{'m1-1': 116.31, 'm2-1': 103.43, 'm3-1': 1.0, 'm4-1': 10.44, 'm5-1': 9.77, 'm6-1': 0.97, 'm7-1': 113.62, 'm8-1': 110.48}",1.455,105.03999999999994,106.00999999999993,inf,252.813,252.813
438,T3,BESTEFFORT,COMPLETED,m3-1,102.912,"{'m1-1': 108.91, 'm2-1': 101.89, 'm3-1': 1.08, 'm4-1': 9.66, 'm5-1': 10.16, 'm6-1': 1.0, 'm7-1': 97.52, 'm8-1': 116.96}",1.62,105.92400000000002,107.00400000000002,inf,252.912,252.912
439,T4,BESTEFFORT,CANCELLED,m6-1,103.82,"{'m1-1': 117.56, 'm2-1': 109.91, 'm3-1': 1.0, 'm4-1': 9.22, 'm5-1': 10.17, 'm6-1': 1.09, 'm7-1': 99.96, 'm8-1': 112.43}",0.0,inf,inf,inf,253.82,253.82
440,T3,BESTEFFORT,COMPLETED,m3-1,104.229,"{'m1-1': 98.52, 'm2-1': 109.98, 'm3-1': 1.09, 'm4-1': 10.46, 'm5-1': 10.51, 'm6-1': 1.05, 'm7-1': 108.47, 'm8-1': 112.09}",1.6350000000000002,107.00400000000002,108.09400000000002,inf,254.22899999999998,254.22899999999998
441,T3,BESTEFFORT,COMPLETED,m6-1,104.278,"{'m1-1': 96.91, 'm2-1': 103.12, 'm3-1': 0.95, 'm4-1': 10.42, 'm5-1': 10.68, 'm6-1': 1.18, 'm7-1': 98.45, 'm8-1': 110.57}",1.77,106.96999999999993,108.14999999999993,inf,254.27800000000002,254.27800000000002
442,T3,BESTEFFORT,COMPLETED,m3-1,104.818,"{'m1-1': 97.48, 'm2-1': 96.38, 'm3-1': 1.12, 'm4-1': 10.86, 'm5-1': 9.79, 'm6-1': 1.15, 'm7-1': 98.88, 'm8-1': 111.32}",1.6800000000000002,108.09400000000002,109.21400000000003,inf,254.81799999999998,254.81799999999998
443,T3,BESTEFFORT,CANCELLED,,105.241,"{'m1-1': 108.28, 'm2-1': 112.25, 'm3-1': 1.1, 'm4-1': 11.09, 'm5-1': 11.03, 'm6-1': 1.15, 'm7-1': 93.98, 'm8-1': 117.27}",0.0,inf,inf,inf,255.24099999999999,255.24099999999999
444,T1,BESTEFFORT,CANCELLED,,105.343,"{'m1-1': 107.21, 'm2-1': 101.16, 'm3-1': 1.09, 'm4-1': 10.98, 'm5-1': 10.91, 'm6-1': 1.1, 'm7-1': 100.29, 'm8-1': 109.28}",0.0,inf,inf,inf,255.34300000000002,255.34300000000002
445,T2,BESTEFFORT,CANCELLED,,105.469,"{'m1-1': 108.77, 'm2-1': 115.14, 'm3-1': 1.03, 'm4-1': 10.65, 'm5-1': 11.14, 'm6-1': 1.04, 'm7-1': 97.92, 'm8-1': 105.28}",0.0,inf,inf,inf,255.469,255.469
446,T4,BESTEFFORT,CANCELLED,,105.525,"{'m1-1': 113.44, 'm2-1': 109.99, 'm3-1': 1.17, 'm4-1': 10.43, 'm5-1': 11.1, 'm6-1': 1.06, 'm7-1': 112.45, 'm8-1': 105.58}",0.0,inf,inf,inf,255.525,255.525
447,T2,BESTEFFORT,CANCELLED,,105.539,"{'m1-1': 117.26, 'm2-1': 111.75, 'm3-1': 1.0, 'm4-1': 10.16, 'm5-1': 11.11, 'm6-1': 1.0, 'm7-1': 98.58, 'm8-1': 97.57}",0.0,inf,inf,inf,255.539,255.539
448,T2,BESTEFFORT,CANCELLED,m3-1,105.594,"{'m1-1': 102.91, 'm2-1': 103.09, 'm3-1': 0.98, 'm4-1': 10.47, 'm5-1': 10.88, 'm6-1': 1.02, 'm7-1': 106.19, 'm8-1': 97.85}",0.0,inf,inf,inf,255.594,255.594
449,T3,BESTEFFORT,COMPLETED,m6-1,105.618,"{'m1-1': 107.7, 'm2-1': 107.5, 'm3-1': 1.1, 'm4-1': 9.94, 'm5-1': 10.71, 'm6-1': 1.15, 'm7-1': 102.97, 'm8-1': 117.52}",1.7249999999999999,108.14999999999993,109.29999999999994,inf,255.618,255.618
450,T2,BESTEFFORT,COMPLETED,m4-1,105.673,"{'m1-1': 115.54, 'm2-1': 107.02, 'm3-1': 1.0, 'm4-1': 10.24, 'm5-1': 11.16, 'm6-1': 0.94, 'm7-1': 102.39, 'm8-1': 112.18}",15.36,137.709,147.949,inf,255.673,255.673
451,T3,BESTEFFORT,COMPLETED,m3-1,106.108,"{'m1-1': 98.34, 'm2-1': 99.62, 'm3-1': 1.1, 'm4-1': 10.79, 'm5-1': 10.62, 'm6-1': 1.17, 'm7-1': 104.85, 'm8-1': 112.46}",1.6500000000000001,109.21400000000003,110.31400000000002,inf,256.108,256.108
452,T3,BESTEFFORT,COMPLETED,m6-1,106.146,"{'m1-1': 100.54, 'm2-1': 98.78, 'm3-1': 1.01, 'm4-1': 9.98, 'm5-1': 11.16, 'm6-1': 1.1, 'm7-1': 92.64, 'm8-1': 104.24}",1.6500000000000001,109.29999999999994,110.39999999999993,inf,256.146,256.146
453,T1,BESTEFFORT,CANCELLED,m3-1,106.284,"{'m1-1': 114.75, 'm2-1': 110.04, 'm3-1': 1.03, 'm4-1': 11.08, 'm5-1': 9.77, 'm6-1': 1.06, 'm7-1': 114.79, 'm8-1': 100.14}",0.0,inf,inf,inf,256.284,256.284
454,T3,BESTEFFORT,COMPLETED,m6-1,106.906,"{'m1-1': 105.17, 'm2-1': 110.82, 'm3-1': 0.98, 'm4-1': 10.21, 'm5-1': 11.3, 'm6-1': 1.03, 'm7-1': 108.55, 'm8-1': 108.65}",1.545,110.39999999999993,111.42999999999994,inf,256.906,256.906
455,T3,BESTEFFORT,COMPLETED,m3-1,107.151,"{'m1-1': 93.7, 'm2-1': 96.71, 'm3-1': 0.99, 'm4-1': 9.93, 'm5-1': 10.67, 'm6-1': 1.16, 'm7-1': 100.54, 'm8-1': 104.32}",1.4849999999999999,110.31400000000002,111.30400000000002,inf,257.151,257.151
456,T3,BESTEFFORT,COMPLETED,m6-1,107.32,"{'m1-1': 108.32, 'm2-1': 98.47, 'm3-1': 0.96, 'm4-1': 9.99, 'm5-1': 11.18, 'm6-1': 1.0, 'm7-1': 96.84, 'm8-1': 117.57}",1.5,111.42999999999994,112.42999999999994,inf,257.32,257.32
457,T1,BESTEFFORT,CANCELLED,,107.453,"{'m1-1': 109.35, 'm2-1': 116.56, 'm3-1': 1.13, 'm4-1': 10.84, 'm5-1': 10.18, 'm6-1': 1.06, 'm7-1': 106.41, 'm8-1': 117.86}",0.0,inf,inf,inf,257.453,257.453
458,T2,BESTEFFORT,CANCELLED,m3-1,107.708,"{'m1-1': 117.74, 'm2-1': 110.68, 'm3-1': 0.98, 'm4-1': 10.82, 'm5-1': 10.94, 'm6-1': 0.97, 'm7-1': 104.79, 'm8-1': 112.76}",0.0,inf,inf,inf,257.70799999999997,257.70799999999997
459,T3,BESTEFFORT,COMPLETED,m3-1,108.546,"{'m1-1': 95.78, 'm2-1': 111.74, 'm3-1': 1.1, 'm4-1': 9.8, 'm5-1': 11.59, 'm6-1': 1.14, 'm7-1': 95.23, 'm8-1': 101.38}",1.6500000000000001,112.32400000000001,113.424,inf,258.546,258.546
460,T3,BESTEFFORT,CANCELLED,m3-1,108.599,"{'m1-1': 108.94, 'm2-1': 110.65, 'm3-1': 0.96, 'm4-1': 10.12, 'm5-1': 10.65, 'm6-1': 1.15, 'm7-1': 104.53, 'm8-1': 112.39}",0.0,inf,inf,inf,258.599,258.599
461,T3,BESTEFFORT,COMPLETED,m6-1,108.796,"{'m1-1': 99.06, 'm2-1': 108.83, 'm3-1': 1.09, 'm4-1': 9.58, 'm5-1': 10.06, 'm6-1': 1.18, 'm7-1': 94.88, 'm8-1': 117.86}",1.77,112.42999999999994,113.60999999999994,inf,258.796,258.796
462,T2,BESTEFFORT,COMPLETED,m3-1,109.063,"{'m1-1': 103.84, 'm2-1': 114.86, 'm3-1': 1.02, 'm4-1': 9.43, 'm5-1': 10.78, 'm6-1': 1.07, 'm7-1': 97.09, 'm8-1': 100.62}",1.53,111.30400000000002,112.32400000000001,inf,259.063,259.063
463,T4,BESTEFFORT,COMPLETED,m6-1,109.603,"{'m1-1': 107.3, 'm2-1': 111.16, 'm3-1': 1.02, 'm4-1': 10.84, 'm5-1': 10.67, 'm6-1': 1.08, 'm7-1': 106.44, 'm8-1': 97.56}",1.62,113.60999999999994,114.68999999999994,inf,259.603,259.603
464,T4,BESTEFFORT,CANCELLED,,109.901,"{'m1-1': 107.74, 'm2-1': 102.32, 'm3-1': 1.16, 'm4-1': 9.48, 'm5-1': 10.76, 'm6-1': 1.15, 'm7-1': 100.25, 'm8-1': 107.42}",0.0,inf,inf,inf,259.901,259.901
465,T3,BESTEFFORT,COMPLETED,m3-1,110.311,"{'m1-1': 105.49, 'm2-1': 106.74, 'm3-1': 1.08, 'm4-1': 10.24, 'm5-1': 11.17, 'm6-1': 1.03, 'm7-1': 96.38, 'm8-1': 108.81}",1.62,113.424,114.504,inf,260.31100000000004,260.31100000000004
466,T1,BESTEFFORT,COMPLETED,m3-1,110.733,"{'m1-1': 106.78, 'm2-1': 109.93, 'm3-1': 1.08, 'm4-1': 9.9, 'm5-1': 10.41, 'm6-1': 0.98, 'm7-1': 98.73, 'm8-1': 103.9}",1.62,114.504,115.584,inf,260.733,260.733
467,T4,BESTEFFORT,COMPLETED,m6-1,111.261,"{'m1-1': 103.94, 'm2-1': 113.16, 'm3-1': 1.05, 'm4-1': 9.75, 'm5-1': 10.01, 'm6-1': 1.12, 'm7-1': 96.43, 'm8-1': 112.44}",1.6800000000000002,114.68999999999994,115.80999999999995,inf,261.26099999999997,261.26099999999997
468,T1,BESTEFFORT,COMPLETED,m5-1,111.73,"{'m1-1': 103.76, 'm2-1': 110.62, 'm3-1': 1.04, 'm4-1': 10.53, 'm5-1': 10.29, 'm6-1': 1.02, 'm7-1': 110.31, 'm8-1': 100.33}",15.434999999999999,144.86200000000002,155.15200000000002,inf,261.73,261.73
469,T4,BESTEFFORT,COMPLETED,m3-1,112.571,"{'m1-1': 116.98, 'm2-1': 102.2, 'm3-1': 1.01, 'm4-1': 10.31, 'm5-1': 10.65, 'm6-1': 1.08, 'm7-1': 106.79, 'm8-1': 98.35}",1.5150000000000001,115.584,116.59400000000001,inf,262.571,262.571
470,T1,BESTEFFORT,COMPLETED,m6-1,112.642,"{'m1-1': 104.24, 'm2-1': 99.22, 'm3-1': 0.99, 'm4-1': 11.12, 'm5-1': 9.72, 'm6-1': 1.08, 'm7-1': 100.1, 'm8-1': 108.07}",1.62,115.80999999999995,116.88999999999994,inf,262.642,262.642
471,T1,BESTEFFORT,COMPLETED,m3-1,112.692,"{'m1-1': 101.58, 'm2-1': 115.34, 'm3-1': 1.07, 'm4-1': 11.17, 'm5-1': 10.63, 'm6-1': 1.09, 'm7-1': 100.8, 'm8-1': 117.71}",1.605,116.59400000000001,117.664,inf,262.692,262.692
472,T4,BESTEFFORT,COMPLETED,m6-1,112.87,"{'m1-1': 112.06, 'm2-1': 98.45, 'm3-1': 1.14, 'm4-1': 9.66, 'm5-1': 11.15, 'm6-1': 1.15, 'm7-1': 104.39, 'm8-1': 107.93}",1.7249999999999999,116.88999999999994,118.03999999999995,inf,262.87,262.87
473,T1,BESTEFFORT,COMPLETED,m3-1,113.713,"{'m1-1': 115.11, 'm2-1': 111.4, 'm3-1': 1.05, 'm4-1': 10.91, 'm5-1': 10.22, 'm6-1': 0.95, 'm7-1': 103.8, 'm8-1': 107.75}",1.5750000000000002,117.664,118.714,inf,263.71299999999997,263.71299999999997
474,T1,BESTEFFORT,COMPLETED,m6-1,115.171,"{'m1-1': 116.36, 'm2-1': 109.93, 'm3-1': 1.09, 'm4-1': 10.38, 'm5-1': 9.85, 'm6-1': 1.06, 'm7-1': 98.52, 'm8-1': 115.07}",1.59,118.03999999999995,119.09999999999995,inf,265.171,265.171
475,T3,BESTEFFORT,COMPLETED,m6-1,115.414,"{'m1-1': 97.2, 'm2-1': 110.44, 'm3-1': 0.98, 'm4-1': 10.84, 'm5-1': 10.62, 'm6-1': 1.07, 'm7-1': 102.09, 'm8-1': 106.33}",1.605,119.09999999999995,120.16999999999994,inf,265.414,265.414
476,T1,BESTEFFORT,COMPLETED,m3-1,115.482,"{'m1-1': 104.08, 'm2-1': 112.55, 'm3-1': 1.01, 'm4-1': 11.03, 'm5-1': 10.3, 'm6-1': 1.0, 'm7-1': 106.64, 'm8-1': 117.91}",1.5150000000000001,118.714,119.724,inf,265.48199999999997,265.48199999999997
477,T1,BESTEFFORT,COMPLETED,m3-1,116.026,"{'m1-1': 114.07, 'm2-1': 114.37, 'm3-1': 1.15, 'm4-1': 9.89, 'm5-1': 10.45, 'm6-1': 1.05, 'm7-1': 113.81, 'm8-1': 111.89}",1.7249999999999999,119.724,120.87400000000001,inf,266.026,266.026
478,T4,BESTEFFORT,COMPLETED,m6-1,118.691,"{'m1-1': 118.02, 'm2-1': 103.37, 'm3-1': 1.11, 'm4-1': 9.7, 'm5-1': 10.58, 'm6-1': 1.04, 'm7-1': 103.54, 'm8-1': 99.11}",1.56,120.16999999999994,121.20999999999995,inf,268.69100000000003,268.69100000000003
479,T4,BESTEFFORT,COMPLETED,m6-1,118.692,"{'m1-1': 108.27, 'm2-1': 115.2, 'm3-1': 1.12, 'm4-1': 10.1, 'm5-1': 10.3, 'm6-1': 1.02, 'm7-1': 99.35, 'm8-1': 112.62}",1.53,121.20999999999995,122.22999999999995,inf,268.692,268.692
480,T3,BESTEFFORT,COMPLETED,m3-1,119.007,"{'m1-1': 94.67, 'm2-1': 101.51, 'm3-1': 1.05, 'm4-1': 9.44, 'm5-1': 10.21, 'm6-1': 1.01, 'm7-1': 99.82, 'm8-1': 112.44}",1.5750000000000002,120.87400000000001,121.924,inf,269.007,269.007
481,T4,BESTEFFORT,COMPLETED,m3-1,119.013,"{'m1-1': 109.65, 'm2-1': 111.19, 'm3-1': 1.0, 'm4-1': 9.73, 'm5-1': 9.71, 'm6-1': 1.0, 'm7-1': 100.25, 'm8-1': 110.73}",1.5,121.924,122.924,inf,269.01300000000003,269.01300000000003
482,T4,BESTEFFORT,COMPLETED,m6-1,119.394,"{'m1-1': 110.61, 'm2-1': 104.34, 'm3-1': 1.07, 'm4-1': 9.74, 'm5-1': 10.34, 'm6-1': 1.02, 'm7-1': 108.35, 'm8-1': 102.87}",1.53,122.22999999999995,123.24999999999994,inf,269.394,269.394
483,T4,BESTEFFORT,COMPLETED,m4-1,119.485,"{'m1-1': 114.52, 'm2-1': 115.21, 'm3-1': 1.05, 'm4-1': 10.07, 'm5-1': 10.74, 'm6-1': 1.02, 'm7-1': 109.37, 'm8-1': 112.4}",15.105,147.949,158.019,inf,269.485,269.485
484,T3,BESTEFFORT,CANCELLED,m3-1,119.855,"{'m1-1': 103.42, 'm2-1': 104.82, 'm3-1': 1.06, 'm4-1': 9.45, 'm5-1': 11.26, 'm6-1': 1.16, 'm7-1': 108.27, 'm8-1': 104.42}",0.0,inf,inf,inf,269.855,269.855
485,T3,BESTEFFORT,COMPLETED,m6-1,120.264,"{'m1-1': 107.16, 'm2-1': 99.53, 'm3-1': 1.0, 'm4-1': 10.26, 'm5-1': 11.62, 'm6-1': 1.11, 'm7-1': 94.78, 'm8-1': 103.78}",1.665,123.24999999999994,124.35999999999994,inf,270.264,270.264
486,T4,BESTEFFORT,COMPLETED,m3-1,120.318,"{'m1-1': 103.61, 'm2-1': 104.15, 'm3-1': 1.06, 'm4-1': 10.34, 'm5-1': 10.09, 'm6-1': 1.0, 'm7-1': 100.27, 'm8-1': 103.09}",1.59,124.084,125.144,inf,270.318,270.318
487,T3,BESTEFFORT,CANCELLED,m6-1,120.41,"{'m1-1': 107.24, 'm2-1': 99.65, 'm3-1': 1.1, 'm4-1': 10.62, 'm5-1': 11.19, 'm6-1': 1.1, 'm7-1': 94.68, 'm8-1': 112.5}",0.0,inf,inf,inf,270.40999999999997,270.40999999999997
488,T3,BESTEFFORT,COMPLETED,m3-1,120.481,"{'m1-1': 106.87, 'm2-1': 95.98, 'm3-1': 0.97, 'm4-1': 11.18, 'm5-1': 11.01, 'm6-1': 1.13, 'm7-1': 99.04, 'm8-1': 106.36}",1.455,125.144,126.114,inf,270.481,270.481
489,T4,BESTEFFORT,COMPLETED,m3-1,120.702,"{'m1-1': 109.16, 'm2-1': 104.2, 'm3-1': 1.16, 'm4-1': 9.5, 'm5-1': 10.98, 'm6-1': 1.06, 'm7-1': 99.34, 'm8-1': 96.64}",1.7399999999999998,122.924,124.084,inf,270.702,270.702
490,T4,BESTEFFORT,COMPLETED,m6-1,122.169,"{'m1-1': 100.79, 'm2-1': 111.41, 'm3-1': 1.04, 'm4-1': 10.39, 'm5-1': 10.55, 'm6-1': 1.04, 'm7-1': 106.16, 'm8-1': 102.7}",1.56,125.35999999999994,126.39999999999995,inf,272.169,272.169
491,T4,BESTEFFORT,COMPLETED,m6-1,122.227,"{'m1-1': 100.6, 'm2-1': 107.03, 'm3-1': 1.01, 'm4-1': 10.47, 'm5-1': 10.22, 'm6-1': 1.0, 'm7-1': 94.81, 'm8-1': 107.16}",1.5,124.35999999999994,125.35999999999994,inf,272.227,272.227
492,T4,BESTEFFORT,COMPLETED,m3-1,122.472,"{'m1-1': 112.28, 'm2-1': 110.67, 'm3-1': 1.13, 'm4-1': 10.74, 'm5-1': 9.62, 'm6-1': 1.12, 'm7-1': 100.97, 'm8-1': 100.44}",1.6949999999999998,126.114,127.244,inf,272.472,272.472
493,T4,BESTEFFORT,COMPLETED,m8-1,123.158,"{'m1-1': 116.07, 'm2-1': 106.25, 'm3-1': 1.14, 'm4-1': 10.54, 'm5-1': 11.08, 'm6-1': 1.02, 'm7-1': 108.24, 'm8-1': 97.91}",146.865,170.136,268.046,inf,273.158,273.158
494,T4,BESTEFFORT,COMPLETED,m6-1,123.316,"{'m1-1': 117.18, 'm2-1': 112.19, 'm3-1': 1.04, 'm4-1': 9.27, 'm5-1': 10.73, 'm6-1': 1.14, 'm7-1': 112.16, 'm8-1': 112.62}",1.71,126.39999999999995,127.53999999999995,inf,273.31600000000003,273.31600000000003
495,T4,BESTEFFORT,COMPLETED,m3-1,124.229,"{'m1-1': 106.24, 'm2-1': 103.71, 'm3-1': 1.17, 'm4-1': 10.27, 'm5-1': 10.48, 'm6-1': 1.07, 'm7-1': 96.49, 'm8-1': 95.56}",1.755,127.244,128.414,inf,274.229,274.229
496,T4,BESTEFFORT,COMPLETED,m6-1,124.37,"{'m1-1': 117.66, 'm2-1': 100.24, 'm3-1': 1.12, 'm4-1': 10.69, 'm5-1': 10.76, 'm6-1': 1.08, 'm7-1': 95.13, 'm8-1': 101.79}",1.62,127.53999999999995,128.61999999999995,inf,274.37,274.37
497,T4,BESTEFFORT,COMPLETED,m3-1,125.321,"{'m1-1': 101.57, 'm2-1': 101.78, 'm3-1': 1.06, 'm4-1': 9.7, 'm5-1': 9.66, 'm6-1': 1.0, 'm7-1': 100.27, 'm8-1': 98.18}",1.59,128.414,129.474,inf,275.321,275.321
498,T4,BESTEFFORT,COMPLETED,m6-1,125.486,"{'m1-1': 103.83, 'm2-1': 98.52, 'm3-1': 1.11, 'm4-1': 9.48, 'm5-1': 10.36, 'm6-1': 1.09, 'm7-1': 101.78, 'm8-1': 101.34}",1.6350000000000002,128.61999999999995,129.70999999999995,inf,275.486,275.486
499,T4,BESTEFFORT,COMPLETED,m5-1,125.515,"{'m1-1': 112.66, 'm2-1': 108.86, 'm3-1': 1.11, 'm4-1': 10.07, 'm5-1': 10.62, 'm6-1': 1.01, 'm7-1': 112.37, 'm8-1': 112.4}",15.93,155.15200000000002,165.77200000000002,inf,275.515,275.515
