task_type_id,arrival_time,est_m1,est_m2,est_m3,est_m4,ext_m1-1,ext_m2-1,ext_m3-1,ext_m4-1
2,0.818,2.334,1.965,3.63,0.843,1.971,2.068,4.04,0.983
2,1.634,2.483,1.574,5.069,1.005,2.132,1.656,5.037,0.808
2,2.315,2.32,2.122,5.004,0.746,2.491,1.912,4.884,0.74
2,2.513,2.277,1.801,4.975,0.927,2.312,1.533,4.736,0.736
2,2.845,2.139,1.652,4.295,0.865,2.607,1.584,4.007,1.015
2,2.932,2.132,1.949,3.702,0.722,2.443,1.608,4.094,0.765
2,3.995,2.321,1.702,4.877,0.913,1.88,1.73,4.934,0.931
2,4.818,2.164,1.537,3.864,0.787,2.388,1.636,3.893,0.819
2,6.695,2.256,1.537,4.251,0.997,2.252,1.525,4.625,0.88
2,6.846,2.475,1.818,4.286,0.913,2.398,1.804,4.527,0.899
2,7.08,2.197,1.902,4.584,1.002,2.136,1.636,3.642,0.934
2,9.088,2.112,1.588,4.508,0.844,1.898,2.008,4.743,0.741
2,9.846,2.257,1.726,4.029,0.77,2.466,1.67,4.465,0.803
2,9.935,2.547,2.133,4.76,0.809,2.332,2.121,5.013,0.797
2,10.5,1.956,1.764,4.897,0.816,2.636,1.983,3.953,0.735
2,10.574,2.258,2.12,3.783,0.73,2.421,1.546,4.195,0.866
2,11.972,2.277,1.659,4.059,0.928,2.386,2.036,5.099,0.943
2,12.112,2.364,2.066,3.93,0.765,2.079,1.831,5.083,0.777
1,13.324,2.082,1.492,4.353,0.807,2.476,1.853,4.005,0.807
2,14.068,2.298,1.935,3.978,1.016,2.122,1.804,4.3,0.741
2,16.014,2.017,1.898,4.611,0.805,1.901,1.989,4.37,0.972
2,16.526,2.616,2.027,5.068,0.833,2.007,1.555,5.025,0.914
1,17.41,2.108,1.528,3.846,0.676,2.073,1.619,5.019,0.738
2,18.542,2.027,1.629,4.625,0.797,2.027,1.531,4.638,0.748
2,19.482,2.321,1.845,4.844,1.013,2.549,1.845,4.031,0.849
2,20.822,2.218,1.52,4.935,0.837,1.984,1.803,4.997,0.946
2,21.364,2.145,1.63,4.275,0.847,2.253,2.039,5.103,0.869
1,22.897,2.525,1.828,3.982,0.644,2.453,1.558,4.061,0.824
1,23.459,2.145,1.44,4.492,0.86,2.575,1.669,4.878,0.662
2,24.552,2.172,1.705,4.595,0.914,2.063,1.517,4.383,0.892
2,24.734,2.134,2.039,5.047,0.745,2.571,1.821,4.75,0.898
1,24.824,2.334,1.853,4.272,0.799,2.231,1.684,3.841,0.69
2,24.88,2.436,1.823,3.878,0.804,2.525,1.527,3.804,0.804
1,25.796,2.251,1.638,4.978,0.853,2.42,1.598,3.763,0.858
1,25.835,2.369,1.654,4.538,0.782,1.878,1.467,4.924,0.724
1,28.742,2.476,1.869,4.941,0.708,2.032,1.515,4.888,0.723
2,28.843,2.263,1.843,3.892,0.791,1.97,1.824,4.832,0.903
2,28.868,2.074,1.789,4.727,0.928,2.305,1.982,3.95,0.755
2,30.343,2.132,2.007,5.097,0.729,1.954,1.726,4.729,0.946
2,30.632,1.904,1.828,5.037,0.997,2.024,1.618,5.091,0.916
2,31.881,2.197,1.791,3.954,0.864,2.136,1.54,5.052,0.744
2,32.389,2.202,2.022,4.331,1.007,2.605,1.541,3.95,0.877
1,32.887,2.209,1.591,4.774,0.851,2.455,1.68,4.441,0.762
1,34.645,2.383,1.714,4.774,0.633,2.337,1.514,4.468,0.84
1,36.38,2.258,1.983,3.841,0.632,2.52,1.543,3.904,0.847
2,36.711,2.281,2.02,4.821,0.89,2.192,1.526,4.44,0.775
2,37.18,1.881,1.828,4.975,0.901,1.971,2.068,4.313,0.798
2,37.465,2.251,1.807,4.036,0.999,1.914,1.776,4.222,0.883
2,38.649,2.197,1.8,5.127,0.951,2.635,2.065,4.743,1.0
2,39.077,2.484,2.06,4.226,0.941,2.006,1.512,3.636,0.899
2,39.586,2.394,1.823,4.674,0.987,2.577,1.686,4.886,0.878
2,39.82,2.566,2.042,4.398,0.749,2.116,1.914,4.33,0.782
2,39.939,2.442,1.755,3.659,0.835,2.39,1.953,5.084,0.975
2,40.448,1.964,1.585,3.721,0.785,2.188,1.702,3.777,0.763
1,40.679,2.476,1.758,4.781,0.852,1.963,1.467,4.455,0.799
2,41.11,2.059,2.105,4.784,0.817,2.375,1.966,3.626,0.888
2,41.497,2.61,2.06,4.666,0.911,1.914,1.714,5.091,0.808
2,41.526,2.206,2.122,3.97,0.74,1.922,1.547,4.774,0.861
1,41.754,2.603,1.601,4.566,0.773,2.362,1.775,4.225,0.728
2,42.513,2.442,1.982,4.631,0.774,1.876,1.723,4.631,0.809
2,44.029,2.073,1.844,4.004,0.917,2.329,1.687,4.357,0.738
2,45.12,2.252,2.008,4.379,0.952,2.151,2.142,5.124,0.807
1,45.477,2.351,1.688,4.231,0.676,2.621,1.8,5.073,0.711
2,46.428,2.313,2.022,4.109,0.742,2.4,1.512,4.441,0.843
1,46.523,2.516,1.869,4.666,0.664,1.863,1.501,4.417,0.637
2,46.703,2.519,2.107,5.111,0.874,2.483,1.931,5.06,0.968
2,47.144,1.894,1.733,4.85,0.949,2.485,1.753,4.317,0.947
2,47.16,1.905,2.039,3.667,0.863,2.298,1.967,4.123,0.771
1,47.584,2.006,1.647,4.297,0.653,2.563,1.898,4.291,0.623
1,50.083,2.157,1.546,4.083,0.691,2.343,1.902,4.402,0.823
2,50.673,2.565,1.702,3.888,0.888,2.166,1.606,3.835,0.914
2,50.729,2.297,1.565,4.079,0.745,1.882,2.053,4.695,0.954
2,51.439,2.581,2.05,3.939,0.902,2.362,1.982,5.03,0.831
2,52.145,2.293,1.52,3.624,0.804,2.259,1.722,4.661,0.871
2,52.773,2.16,1.772,4.641,0.791,2.13,1.749,4.268,1.006
1,53.322,2.056,1.543,4.923,0.644,2.525,1.99,3.904,0.716
1,53.334,2.032,1.694,3.824,0.83,2.397,1.598,4.955,0.858
2,54.695,2.544,1.845,4.964,0.719,2.183,1.746,4.928,0.73
1,55.126,2.382,1.535,3.748,0.785,2.015,1.687,4.449,0.626
2,55.181,2.333,1.725,3.997,0.841,2.361,2.108,4.242,0.782
2,56.487,2.26,1.533,4.64,0.73,2.271,2.095,4.379,1.011
2,56.65,1.989,1.698,3.67,0.819,2.466,1.801,3.669,0.988
2,57.884,2.281,2.012,3.911,1.01,1.904,1.691,4.285,0.975
2,58.383,2.592,1.906,4.125,0.78,2.455,1.956,4.719,0.888
2,58.711,2.26,1.798,5.091,0.87,2.635,1.932,4.321,0.843
1,59.112,2.379,1.842,4.346,0.695,2.167,1.779,4.694,0.646
2,59.143,2.222,1.571,4.094,0.793,1.983,1.926,4.723,0.868
1,59.319,2.2,1.875,4.775,0.84,2.474,1.585,3.696,0.708
2,63.542,1.932,1.679,4.097,1.007,2.065,1.943,4.886,0.734
1,63.634,2.49,1.406,4.468,0.779,1.928,1.958,4.76,0.749
2,63.853,1.904,1.971,4.04,0.899,2.264,2.097,4.999,1.003
1,64.406,1.902,1.786,3.733,0.69,2.328,1.852,4.714,0.806
1,64.517,2.095,1.438,4.051,0.711,2.566,1.905,4.596,0.82
2,65.402,2.028,1.862,5.056,0.969,2.242,1.654,4.638,1.015
2,66.397,2.251,1.595,4.151,0.869,2.479,2.058,4.149,0.995
2,66.887,2.011,1.595,4.706,0.997,1.972,1.749,4.226,0.969
2,67.947,1.969,1.759,4.312,0.92,2.456,2.032,4.162,0.79
2,68.287,1.92,2.065,4.144,0.818,1.881,1.605,4.529,0.996
2,68.411,2.079,1.733,4.162,0.72,2.0,1.878,4.793,0.845
2,69.354,2.55,1.654,4.596,1.014,2.302,1.827,4.085,0.884
1,69.918,2.07,1.456,4.677,0.859,2.559,1.911,3.644,0.752
2,70.388,2.364,1.725,3.635,0.815,2.192,1.601,3.77,0.995
2,71.25,1.872,1.69,4.392,0.97,2.58,1.75,4.228,0.77
2,71.473,2.514,1.513,4.135,0.771,2.31,1.545,3.927,0.871
1,71.475,2.604,1.691,4.703,0.735,1.974,1.515,3.858,0.622
2,72.726,1.91,1.889,4.743,0.947,2.492,1.669,4.469,1.0
1,74.425,1.95,1.856,4.258,0.672,2.209,1.837,4.658,0.669
2,74.669,2.48,1.656,3.972,1.007,2.048,1.636,4.721,0.901
2,75.07,2.272,1.52,4.975,0.725,1.965,1.74,4.498,1.003
2,75.763,1.913,1.768,4.596,0.874,2.218,1.882,3.635,0.736
1,75.941,2.194,1.651,4.724,0.772,2.279,1.448,5.044,0.808
2,76.523,2.256,1.956,4.15,0.866,2.197,1.734,3.894,0.843
2,77.398,2.297,2.022,4.51,0.727,2.105,1.776,4.929,0.837
2,78.092,2.421,1.619,3.649,0.839,2.485,1.989,4.604,0.937
1,78.568,2.142,1.579,4.809,0.847,2.602,1.775,3.861,0.654
2,79.097,2.135,2.002,4.452,0.785,2.397,2.089,4.162,0.78
2,79.785,2.038,1.982,4.978,0.787,2.177,1.869,4.885,1.017
2,79.951,2.251,1.932,4.663,0.828,1.948,1.994,3.978,0.98
1,80.79,2.249,1.786,4.925,0.765,2.126,1.469,4.357,0.787
2,81.002,2.316,1.673,4.181,0.743,1.971,2.122,3.824,0.953
2,81.116,2.582,1.598,4.545,0.732,2.321,1.545,4.832,0.803
2,85.54,2.134,1.605,3.707,1.016,2.011,1.783,5.048,0.848
2,85.607,2.085,1.99,4.465,0.861,2.169,1.823,4.984,0.899
2,87.098,2.568,1.721,4.331,0.984,2.597,1.912,4.996,0.839
2,87.955,2.024,1.919,4.936,0.94,2.249,1.884,3.835,0.88
1,88.083,1.963,1.659,4.784,0.841,2.456,1.479,4.901,0.773
2,88.427,1.94,2.115,4.885,0.969,2.388,1.864,4.767,0.747
2,88.9,2.185,2.143,4.656,0.877,2.321,1.63,4.706,0.753
2,89.267,2.457,1.902,4.226,1.007,2.334,1.546,3.675,0.915
2,90.686,2.169,1.918,4.746,0.82,1.944,2.078,3.768,0.732
2,90.879,2.492,1.948,3.772,0.872,2.491,2.084,4.661,0.765
1,93.704,2.069,1.518,3.912,0.787,2.053,1.658,4.924,0.837
1,94.138,2.058,1.737,4.433,0.684,2.158,1.934,4.437,0.78
2,96.778,2.418,1.825,4.891,1.009,2.309,1.992,4.944,0.799
1,97.736,2.616,1.714,4.083,0.768,2.379,1.528,4.389,0.695
2,99.022,2.398,1.789,4.052,0.91,1.883,1.824,4.935,0.85
2,99.083,1.948,1.872,4.102,0.949,1.943,1.584,4.444,0.847
2,100.005,2.017,2.035,3.682,0.782,1.904,1.669,3.831,0.783
2,102.182,1.926,1.787,4.149,0.799,2.176,1.795,4.304,0.785
2,102.815,2.527,1.689,4.742,0.949,2.277,2.104,4.245,0.935
2,103.127,1.905,1.916,3.95,0.795,2.137,1.861,3.835,0.998
2,103.201,2.132,1.598,5.057,0.798,2.637,1.823,4.712,0.98
2,103.537,2.281,2.057,3.63,0.914,1.902,1.614,4.591,0.975
2,103.607,2.251,1.73,3.983,0.877,1.9,1.925,4.24,0.737
2,103.631,2.554,1.543,4.983,0.796,2.319,1.61,4.028,0.822
1,105.566,2.45,1.566,4.134,0.772,2.228,1.461,4.503,0.702
2,105.735,2.465,1.912,5.002,0.986,2.614,1.946,4.039,0.9
2,106.047,1.905,2.133,3.86,0.87,2.562,2.029,3.864,0.925
1,106.126,2.395,1.475,4.456,0.822,2.248,1.718,4.477,0.668
2,106.964,1.976,1.689,4.599,0.847,2.508,1.964,4.292,0.822
2,108.311,2.151,1.784,4.332,0.791,1.95,1.706,3.892,0.814
2,108.419,2.218,1.716,3.654,0.997,2.397,2.125,4.785,0.851
1,108.419,2.27,1.482,3.841,0.735,2.511,1.867,4.765,0.745
2,108.457,2.109,1.546,3.992,0.969,1.922,1.827,4.595,0.882
2,109.508,2.459,1.935,4.285,0.83,2.339,1.935,4.002,0.994
1,109.573,2.54,1.424,4.352,0.696,2.482,1.616,4.511,0.723
2,109.688,2.014,1.83,3.921,0.8,2.141,1.528,4.441,0.808
1,110.502,1.885,1.437,3.832,0.836,2.478,1.905,4.731,0.724
1,113.132,2.447,1.655,4.079,0.631,2.602,1.566,3.814,0.83
2,113.82,2.011,1.928,5.095,1.008,2.183,1.538,3.976,0.88
2,114.501,2.466,1.935,4.187,0.941,2.554,2.104,4.474,0.915
1,114.969,2.443,1.934,4.895,0.712,2.195,1.617,4.005,0.823
2,115.022,2.247,1.736,3.702,0.845,2.236,1.546,5.03,0.945
1,116.227,2.373,1.623,4.996,0.648,2.581,1.852,4.945,0.673
2,116.25,1.914,1.723,4.873,0.96,1.907,1.935,3.951,0.727
1,116.382,2.192,1.598,4.613,0.757,2.048,1.955,4.763,0.788
1,116.423,2.075,1.455,4.408,0.693,2.232,1.885,4.994,0.65
2,117.016,2.209,1.819,4.919,0.821,2.348,1.886,4.118,0.938
2,117.558,2.164,1.887,4.477,0.972,2.013,2.07,4.885,0.734
1,117.95,2.492,1.676,4.418,0.696,2.443,1.857,3.661,0.617
2,119.232,1.992,1.823,3.788,0.916,2.462,1.588,4.962,0.905
1,120.938,2.225,1.716,4.326,0.842,2.026,1.771,4.353,0.711
2,121.372,2.13,1.776,4.727,1.004,2.052,1.667,4.187,0.812
2,122.17,2.646,1.974,4.529,0.891,2.491,1.901,4.658,0.728
2,122.573,2.446,1.972,4.396,0.816,1.885,1.565,4.076,0.829
1,122.905,2.026,1.69,5.043,0.782,2.185,1.855,4.079,0.841
2,123.454,2.455,1.8,4.283,0.749,2.194,1.809,4.884,0.805
1,125.093,1.925,1.963,3.902,0.703,1.967,1.773,4.803,0.801
1,125.399,1.868,1.824,4.204,0.763,1.979,1.967,4.079,0.618
2,125.484,2.351,2.024,4.024,0.729,2.215,1.589,4.868,0.759
2,125.757,2.61,2.111,5.029,0.886,2.635,1.944,4.243,0.84
2,125.943,1.983,1.776,4.885,0.988,2.33,1.556,4.317,0.775
2,126.295,2.255,1.846,4.235,0.952,2.021,1.596,4.253,0.904
1,126.565,2.55,1.847,3.775,0.821,1.896,1.697,4.389,0.616
2,126.999,2.039,2.012,4.993,0.758,2.496,1.848,4.444,0.958
1,127.681,2.372,1.79,3.874,0.694,1.999,1.662,4.555,0.66
1,128.113,2.54,1.689,4.231,0.801,2.078,1.809,4.305,0.711
2,128.738,2.568,1.941,4.527,0.909,1.927,2.04,4.563,0.766
2,129.837,2.508,1.825,4.642,0.829,2.39,1.913,4.782,0.777
2,130.416,2.368,1.764,4.295,0.724,2.283,1.54,4.361,0.783
2,131.08,2.059,1.866,3.75,0.889,2.35,1.614,4.701,0.837
1,132.424,2.131,1.562,4.955,0.769,2.409,1.804,4.417,0.837
1,132.608,1.972,1.44,4.156,0.856,1.909,1.735,4.202,0.806
2,133.04,2.29,1.821,4.356,0.758,1.972,1.694,4.597,0.913
2,133.116,2.215,2.079,5.06,0.76,2.506,1.924,4.855,0.833
2,133.117,2.408,1.987,3.819,0.73,2.186,1.967,4.406,0.994
2,133.546,2.442,1.648,4.332,0.955,2.351,1.612,5.084,0.831
2,134.507,1.916,1.801,4.331,0.754,2.413,1.978,4.233,0.818
2,135.792,2.075,1.712,5.029,0.949,2.221,1.667,4.346,0.975
2,137.126,2.427,2.101,4.535,0.866,1.925,1.626,4.661,0.785
2,137.836,2.494,1.961,4.304,0.96,2.54,2.037,4.759,1.007
2,138.229,2.56,1.592,4.661,0.987,2.314,1.836,4.605,0.968
2,138.996,2.562,1.999,4.586,0.798,2.381,1.567,4.851,0.746
2,142.629,2.428,2.142,4.49,0.949,2.351,2.127,4.001,0.803
2,143.097,2.642,1.526,3.888,0.929,2.23,1.847,4.031,0.741
2,145.091,1.969,1.787,3.633,0.833,2.127,1.975,4.647,0.893
1,145.177,1.989,1.74,4.411,0.787,2.044,1.744,4.505,0.667
2,145.598,1.892,1.984,4.549,0.988,2.166,1.695,4.869,1.008
2,146.581,2.622,1.6,4.739,0.914,2.475,1.769,4.167,0.864
2,146.639,2.401,1.586,4.627,0.997,1.99,1.512,3.744,0.797
1,147.44,2.061,1.966,4.597,0.719,2.24,1.803,4.613,0.755
2,147.97,2.496,1.823,4.209,0.809,2.341,1.949,4.226,0.885
2,147.979,2.319,1.578,3.696,0.791,2.354,1.767,4.869,1.002
2,148.157,2.628,1.746,4.621,0.941,2.059,1.887,4.555,0.867
1,149.015,1.976,1.847,4.746,0.667,2.474,1.836,4.425,0.831
2,149.108,2.056,1.555,4.719,1.017,2.547,2.07,4.495,1.011
2,149.562,2.145,1.52,4.97,0.807,2.46,2.039,5.076,0.953
2,150.19,2.086,1.58,3.873,0.797,2.513,2.002,5.097,0.861
2,150.318,2.095,1.543,4.869,0.932,2.117,1.815,3.819,0.884
2,150.501,2.362,1.528,4.44,0.993,2.645,1.762,4.307,1.002
2,151.258,2.316,1.784,4.368,0.801,2.269,1.862,3.775,0.803
2,151.582,2.341,1.63,4.658,0.918,2.506,2.01,4.902,0.851
2,151.765,1.892,1.983,4.182,0.976,2.109,1.889,4.613,0.891
2,153.009,1.983,2.071,4.109,0.912,2.037,1.919,4.585,0.847
2,153.387,2.436,1.765,4.275,0.999,2.577,1.769,4.677,0.732
2,153.956,1.996,1.765,4.338,0.931,2.498,1.961,4.447,0.74
2,154.934,1.933,1.764,4.611,0.831,2.322,2.078,3.732,0.874
2,155.621,1.866,2.071,5.097,0.863,1.88,2.108,4.057,0.895
1,156.304,2.25,1.504,3.937,0.639,1.951,1.888,4.061,0.691
2,157.626,2.256,2.078,4.765,0.753,2.181,1.753,4.613,0.89
2,159.681,2.256,2.067,4.736,0.75,2.611,1.614,3.738,0.763
2,160.335,1.898,2.017,4.543,0.985,2.09,1.562,3.706,0.912
2,160.514,2.382,1.65,4.522,0.734,2.566,1.836,3.712,0.744
2,161.373,2.298,2.115,5.092,0.766,1.912,1.773,4.327,0.719
2,162.012,2.176,1.825,4.641,0.747,2.192,1.655,4.685,0.931
2,163.954,2.644,1.609,4.614,0.766,1.898,2.13,3.71,0.926
2,165.212,2.345,1.569,4.739,0.759,2.361,1.698,4.927,0.863
2,165.335,1.929,1.591,4.877,0.801,2.139,1.546,5.114,0.884
2,166.735,1.912,1.862,4.936,0.8,2.321,1.979,4.111,0.93
2,166.872,2.577,1.974,4.156,1.0,2.145,1.708,3.926,0.812
2,167.801,2.605,1.654,4.545,0.945,2.456,1.986,3.712,0.791
2,168.47,2.401,2.108,4.801,0.949,2.295,2.144,4.369,0.749
2,168.788,2.308,1.935,5.073,0.854,2.207,1.958,4.978,0.858
2,169.361,1.912,1.805,4.795,0.881,2.256,2.078,4.587,0.798
1,170.102,2.588,1.862,4.741,0.664,1.925,1.59,4.905,0.813
2,170.173,2.007,1.581,4.809,0.851,1.888,1.902,4.175,0.845
2,170.283,2.334,2.111,4.885,0.877,2.242,1.821,4.44,0.963
2,170.463,2.547,1.571,4.909,0.996,2.48,1.829,4.087,0.963
2,170.641,2.259,2.073,4.663,0.951,2.466,1.923,4.057,0.951
2,170.894,2.462,2.044,4.112,0.83,2.438,2.093,4.995,0.911
2,171.739,2.062,2.112,4.65,0.75,2.052,1.561,4.997,0.84
1,172.046,2.209,1.667,3.997,0.724,2.454,1.892,4.345,0.703
2,172.361,2.293,2.087,5.112,1.0,1.903,1.657,4.335,0.774
2,172.574,2.401,2.141,3.828,0.92,2.086,1.519,4.861,0.916
2,173.954,2.044,1.578,3.782,0.964,2.45,1.621,3.658,0.908
2,174.365,2.188,1.593,4.941,0.745,2.186,1.805,4.975,0.882
2,174.577,2.251,1.987,4.394,0.954,1.918,1.974,4.543,0.956
1,175.072,2.209,1.438,4.346,0.634,2.123,1.44,4.417,0.676
2,176.918,2.361,1.627,4.809,0.949,2.364,2.133,4.647,0.766
2,177.755,2.369,2.06,4.596,0.92,2.037,1.821,3.722,0.847
2,179.976,1.913,2.091,4.543,0.914,2.056,2.13,3.948,0.839
1,180.223,2.52,1.875,4.828,0.703,2.272,1.562,3.941,0.784
2,180.359,1.944,1.775,5.021,0.975,2.151,1.705,4.275,0.959
2,180.623,2.295,1.941,4.2,0.99,2.362,1.548,4.102,0.842
1,182.369,2.331,1.452,3.848,0.635,2.479,1.852,4.025,0.623
2,182.781,2.305,1.615,4.462,0.769,1.972,2.09,4.515,0.986
1,182.98,2.446,1.837,3.806,0.764,1.879,1.69,4.156,0.637
2,187.4,2.632,1.943,4.58,0.945,2.197,1.716,4.599,0.888
2,187.404,1.867,1.765,4.198,0.736,2.201,2.127,4.64,0.943
2,187.427,2.59,2.058,3.964,0.794,1.885,2.037,3.667,0.969
2,187.457,1.866,1.99,5.088,0.742,2.631,1.96,4.727,0.732
2,188.785,2.314,1.697,4.182,0.955,2.36,1.587,5.056,1.008
1,188.957,2.2,1.855,4.061,0.695,2.173,1.716,3.893,0.79
2,189.16,2.494,1.937,3.804,0.868,2.099,1.614,4.848,0.905
2,189.453,2.436,1.743,4.06,0.955,2.577,2.133,3.692,0.934
2,189.733,2.625,2.029,4.572,0.777,1.996,2.04,4.83,0.904
1,191.711,2.1,1.519,3.984,0.808,2.07,1.917,4.34,0.615
1,195.665,2.563,1.962,4.241,0.678,2.2,1.459,4.297,0.799
2,196.258,2.118,2.03,3.792,0.8,2.085,2.073,4.062,0.754
2,196.354,2.103,1.886,4.226,1.018,2.577,1.544,3.725,0.867
2,200.376,2.264,1.726,4.344,0.911,2.334,2.074,5.085,0.776
2,200.475,2.352,2.121,4.765,0.805,2.631,1.658,4.133,0.795
2,202.212,2.471,1.894,3.652,0.73,1.888,2.067,3.669,0.932
2,202.863,2.044,1.722,4.928,0.799,2.118,1.726,3.785,0.732
2,203.854,1.929,1.517,3.744,0.9,2.103,1.625,4.851,0.836
2,204.7,1.951,1.532,4.746,0.841,2.469,1.884,3.919,0.81
2,205.21,2.007,1.61,4.369,0.732,2.258,1.519,3.8,0.839
2,205.483,2.426,1.697,4.731,0.989,1.906,1.736,4.135,0.946
2,205.698,1.946,1.657,5.112,0.836,2.504,1.597,3.976,0.84
1,207.424,2.333,1.444,4.609,0.752,2.183,1.559,3.78,0.655
2,208.094,2.434,2.054,4.99,0.74,2.319,1.77,5.119,0.77
2,209.204,2.523,1.935,5.115,0.76,2.57,1.844,3.812,0.745
2,210.714,2.068,1.743,5.011,0.924,2.016,1.645,4.247,0.73
1,210.886,1.972,1.685,5.11,0.797,2.493,1.669,4.36,0.701
2,210.888,2.352,1.921,4.344,0.924,2.132,1.635,3.964,0.779
2,211.104,2.517,2.128,4.453,0.856,1.972,1.777,3.788,0.874
2,211.944,2.258,1.847,3.93,0.99,2.019,1.743,4.477,0.908
1,212.007,2.23,1.41,4.631,0.671,2.389,1.582,4.169,0.752
2,212.126,2.475,1.852,5.121,0.885,2.138,1.894,5.11,0.765
1,213.215,1.991,1.528,4.432,0.821,2.362,1.553,4.683,0.687
1,213.884,2.324,1.854,4.791,0.612,2.12,1.948,4.945,0.611
2,214.204,1.883,1.682,3.95,0.852,1.89,1.795,5.111,1.009
2,216.045,2.518,1.789,5.021,1.011,2.109,1.652,5.114,0.999
2,217.972,2.119,1.615,4.739,0.92,2.533,1.798,4.465,1.008
2,217.99,2.276,1.9,4.556,0.842,2.209,1.554,3.911,0.868
2,218.726,2.329,1.654,4.24,0.892,2.341,1.921,4.42,0.86
2,218.759,2.08,1.591,4.936,0.866,2.17,1.738,4.915,0.971
1,219.78,2.216,1.879,3.863,0.779,2.454,1.801,3.838,0.829
2,221.156,2.264,1.987,4.187,0.856,2.181,1.612,4.645,1.007
2,221.581,2.508,1.919,3.796,0.719,2.293,2.132,4.22,0.96
1,222.192,2.507,1.822,4.832,0.847,2.098,1.463,4.699,0.674
2,222.631,2.052,1.967,4.76,0.738,2.222,1.522,3.75,0.971
1,222.874,2.351,1.882,3.824,0.699,2.524,1.73,4.347,0.727
2,224.233,2.447,1.614,4.962,0.866,2.371,1.538,3.64,0.834
2,227.792,2.144,1.823,4.213,0.843,2.297,1.718,4.907,0.97
1,228.015,2.525,1.818,4.161,0.797,2.198,1.52,3.874,0.623
2,229.393,2.58,1.935,5.087,1.016,2.183,1.596,3.721,0.833
2,230.871,2.318,1.637,4.286,0.797,2.052,1.66,4.031,0.758
2,231.514,2.329,2.022,4.237,0.869,2.469,1.98,5.115,0.837
2,231.723,2.513,1.944,4.275,0.74,1.952,1.967,3.936,1.011
2,232.577,1.97,1.798,3.761,0.736,2.339,1.591,4.109,0.78
2,232.921,2.183,1.932,3.714,0.989,2.024,1.726,4.817,0.73
2,233.576,2.164,1.982,4.974,0.845,2.104,2.058,4.602,0.887
2,233.65,1.897,2.057,3.827,0.893,2.492,1.63,4.044,0.736
2,234.914,2.016,1.542,5.025,0.914,1.908,1.968,3.792,0.86
2,235.085,2.57,1.667,4.052,0.952,2.251,1.545,4.743,0.883
2,235.175,2.044,1.853,4.135,0.934,2.285,1.674,4.788,0.947
2,235.68,1.886,1.705,4.162,1.006,2.295,1.792,4.107,0.913
2,236.308,2.038,1.542,4.535,0.899,2.176,1.746,3.788,0.769
1,237.018,1.872,1.764,4.969,0.697,2.318,1.596,3.902,0.685
2,237.479,2.166,1.892,4.078,0.839,2.413,1.699,3.934,0.849
2,237.873,2.377,1.689,5.069,0.984,2.462,1.567,3.831,1.017
1,238.172,2.427,1.58,3.901,0.764,2.334,1.619,5.11,0.691
1,239.8,2.276,1.452,4.444,0.83,2.142,1.728,4.02,0.623
1,241.327,2.149,1.582,5.06,0.86,2.27,1.955,3.98,0.733
2,242.038,1.898,2.076,5.127,0.813,2.633,1.702,3.63,0.934
2,242.137,2.243,1.985,4.64,0.777,2.095,1.834,4.743,0.933
2,242.76,2.529,1.621,3.803,0.865,2.443,1.587,3.964,0.955
2,243.616,2.186,1.967,4.052,0.72,2.456,1.579,4.419,0.91
2,244.016,2.388,2.13,4.258,0.958,2.628,2.105,3.983,0.785
1,245.389,1.943,1.501,3.995,0.688,1.86,1.852,4.29,0.691
1,246.233,2.404,1.761,5.07,0.822,1.899,1.752,4.407,0.839
1,246.254,2.358,1.41,4.475,0.629,2.082,1.627,3.717,0.695
2,247.235,2.192,1.545,4.909,0.999,2.345,2.122,3.915,0.745
2,248.642,2.295,1.531,4.919,0.749,2.268,2.009,4.861,0.753
1,249.846,2.269,1.75,4.234,0.736,2.269,1.882,4.209,0.681
2,249.925,1.916,1.52,3.789,0.796,1.979,1.718,3.63,0.843
2,250.86,2.462,1.769,3.807,0.914,1.997,1.676,5.025,0.946
2,251.251,1.93,1.714,3.922,0.848,2.382,2.107,4.194,0.837
2,252.363,2.364,2.027,3.636,0.98,1.944,2.081,4.125,0.791
2,252.537,2.318,1.625,3.863,0.81,2.176,1.999,3.776,0.89
2,253.451,2.252,1.567,3.772,0.79,2.296,2.057,4.062,0.997
2,253.761,2.313,2.122,3.681,0.814,1.9,1.91,4.229,0.998
2,254.05,2.192,1.784,5.115,1.007,2.181,1.789,4.474,0.907
1,255.593,1.878,1.548,4.791,0.703,1.922,1.461,4.843,0.772
2,257.015,2.248,1.628,3.893,0.83,2.558,1.671,4.866,0.745
2,258.37,2.146,1.815,4.663,1.017,2.098,2.066,4.557,0.804
1,258.784,2.456,1.628,3.776,0.752,2.54,1.439,4.25,0.848
2,259.71,2.52,1.569,3.642,0.808,2.197,1.714,4.821,0.904
2,259.743,2.243,1.681,4.474,0.909,2.281,1.999,4.527,0.846
2,259.996,2.333,1.931,4.652,0.745,2.635,2.013,4.677,0.933
2,260.042,2.172,1.6,5.076,0.982,2.169,1.591,4.213,0.744
2,260.214,2.527,2.039,4.841,0.958,2.51,2.02,3.795,0.944
1,260.411,1.912,1.696,4.042,0.747,1.919,1.951,3.874,0.659
1,261.63,1.995,1.738,4.355,0.819,2.314,1.764,4.225,0.762
1,263.843,2.023,1.689,4.549,0.757,2.019,1.497,4.025,0.625
2,264.019,2.582,1.734,3.922,0.981,2.076,1.978,4.685,0.931
2,264.185,2.532,1.74,4.133,0.829,2.404,1.612,4.533,1.005
2,264.838,2.05,2.04,3.658,0.968,2.016,1.544,4.658,0.734
2,265.614,2.164,1.803,4.219,0.813,2.056,1.96,3.671,1.013
2,265.644,2.04,1.859,4.446,0.76,1.928,2.128,4.572,0.773
2,265.957,1.876,2.071,3.835,0.836,1.877,1.609,4.137,0.983
2,266.046,2.222,1.546,3.722,0.77,2.4,1.907,3.642,0.988
2,266.481,2.631,1.527,4.658,0.835,2.137,1.636,4.733,0.843
2,267.036,2.082,1.836,4.178,0.929,2.098,1.722,4.944,0.972
2,267.065,1.892,1.543,4.331,0.754,2.506,2.06,4.727,0.906
2,267.926,2.161,1.651,4.017,0.971,2.329,2.049,3.658,0.786
2,268.547,2.545,1.961,5.05,0.809,1.923,1.985,4.119,0.808
1,269.883,1.89,1.781,3.92,0.64,2.55,1.914,4.425,0.773
2,270.056,2.63,2.138,4.265,0.882,2.537,1.632,4.933,0.956
2,270.53,2.631,1.595,3.869,0.769,1.91,1.582,4.995,0.722
1,271.822,2.42,1.73,4.194,0.841,2.126,1.584,4.495,0.839
1,271.912,2.562,1.803,4.981,0.762,1.982,1.423,4.568,0.843
2,272.446,2.019,1.907,4.15,0.932,2.016,1.529,4.511,0.773
1,272.501,2.581,1.852,4.981,0.644,2.622,1.567,4.721,0.75
2,273.646,1.973,1.659,4.311,0.975,2.14,2.027,4.226,0.97
1,274.924,2.202,1.798,5.077,0.849,1.857,1.518,4.529,0.742
2,275.295,1.905,1.869,3.958,0.795,2.373,1.586,4.344,0.841
2,275.309,2.192,1.956,4.149,0.929,2.138,1.813,4.332,0.787
2,275.861,1.921,2.115,3.734,0.882,1.918,1.528,4.658,0.803
2,278.115,2.256,1.935,4.444,0.863,2.258,1.7,4.453,0.818
2,278.245,2.155,1.798,4.884,0.845,1.879,1.803,4.647,0.914
2,278.286,2.169,1.846,5.085,1.01,1.91,1.933,4.978,0.841
2,278.936,2.258,1.937,5.121,0.829,2.295,1.999,3.636,0.843
2,279.222,1.904,1.921,4.543,0.758,1.879,2.107,4.266,0.841
1,279.495,1.953,1.844,4.53,0.651,1.939,1.8,3.861,0.767
2,279.644,2.222,1.587,4.715,0.802,2.215,2.02,5.105,0.738
2,280.934,2.492,2.007,4.723,0.997,2.099,2.066,4.541,0.799
2,281.751,2.49,1.845,4.673,0.925,2.09,1.592,4.242,0.981
1,283.19,1.868,1.548,4.746,0.809,1.886,1.567,3.816,0.63
2,283.675,1.91,1.852,4.351,0.926,2.521,2.104,4.002,1.003
2,284.993,2.421,1.681,4.86,0.78,2.435,1.732,4.719,0.89
1,285.026,2.179,1.585,5.036,0.856,2.059,1.737,3.747,0.851
1,285.389,2.251,1.608,4.005,0.75,1.868,1.542,3.846,0.621
2,286.382,2.307,1.836,4.98,0.817,2.076,2.073,5.001,0.988
2,287.357,2.547,1.655,4.58,0.856,1.979,1.909,3.922,1.008
1,291.202,1.902,1.69,3.765,0.74,2.502,1.876,4.217,0.751
2,291.356,1.901,1.593,4.589,0.753,2.534,1.571,4.621,0.86
2,292.178,2.136,2.101,4.085,0.745,2.24,1.605,4.623,0.873
2,293.009,2.224,1.96,3.652,0.998,2.479,2.06,3.696,0.881
1,293.052,2.186,1.852,4.923,0.677,2.441,1.489,3.872,0.668
2,293.878,2.646,1.858,3.804,0.913,2.502,1.658,4.778,0.91
2,294.391,2.252,1.676,4.837,0.985,2.185,1.917,4.771,0.964
2,294.502,2.268,1.949,4.383,0.925,2.22,1.649,4.222,0.845
1,294.803,2.528,1.61,4.816,0.671,2.316,1.921,4.784,0.701
1,295.38,2.254,1.504,4.194,0.655,2.174,1.574,4.899,0.678
2,295.464,2.25,1.953,4.651,0.81,1.881,1.875,4.357,0.946
2,295.483,2.556,2.065,4.05,0.888,2.209,1.891,4.2,0.787
2,295.684,2.488,1.563,4.773,0.868,2.03,1.616,4.313,0.987
2,296.128,2.295,1.965,4.515,0.797,2.258,1.873,3.975,0.844
1,296.244,2.388,1.572,3.816,0.832,2.122,1.445,4.326,0.755
1,297.192,1.864,1.46,4.724,0.861,1.955,1.949,4.405,0.618
2,297.782,2.39,1.767,3.774,0.8,2.304,1.679,3.939,0.72
2,298.749,1.99,1.63,5.105,0.831,2.447,1.919,4.144,0.818
2,298.974,2.333,1.55,3.636,0.801,2.39,1.78,4.089,0.984
2,299.132,2.577,1.907,3.948,0.949,2.044,1.887,4.51,0.805
2,299.773,2.063,1.894,4.975,0.904,2.099,2.051,3.936,0.924
2,299.856,1.895,1.609,3.973,0.954,2.019,1.557,3.803,0.738
1,301.576,1.852,1.863,4.469,0.863,2.505,1.682,4.186,0.842
2,301.652,1.932,1.88,3.756,0.774,2.026,1.96,4.649,0.737
2,302.897,2.603,1.656,4.356,1.006,2.475,2.015,3.864,0.738
2,303.473,1.99,1.56,5.06,0.776,2.115,1.784,4.446,0.758
2,304.442,2.447,2.034,3.7,0.743,1.98,1.845,5.084,0.886
1,305.048,2.362,1.68,3.685,0.726,2.162,1.981,4.981,0.823
1,305.453,2.556,1.774,4.782,0.66,2.114,1.73,4.659,0.674
1,306.516,2.077,1.93,4.703,0.752,1.857,1.518,4.322,0.817
2,306.572,1.93,1.63,4.33,0.921,2.315,1.723,5.011,0.812
1,306.662,1.965,1.684,4.175,0.798,2.581,1.927,4.373,0.784
2,306.857,2.475,1.739,4.805,0.988,2.378,1.987,4.23,0.959
2,306.96,2.329,1.787,5.133,0.915,2.215,1.917,4.894,0.89
1,311.863,1.987,1.741,4.486,0.848,2.482,1.79,4.548,0.631
2,312.454,2.529,1.537,3.992,0.863,2.1,1.709,4.777,1.0
2,312.459,2.079,1.681,3.893,0.74,2.246,1.888,4.051,0.863
1,312.994,2.313,1.891,4.411,0.781,2.176,1.548,4.775,0.689
2,313.048,2.301,2.058,4.078,0.88,1.933,1.546,4.993,0.719
2,313.644,2.491,1.654,3.975,0.9,2.614,1.641,4.833,0.749
2,313.654,2.427,1.933,4.49,0.871,2.408,1.831,4.907,0.83
2,314.584,2.262,1.891,4.96,0.981,1.928,1.9,4.663,0.904
2,314.991,1.888,1.78,4.702,0.938,2.509,1.627,4.905,0.839
2,315.712,1.904,1.728,4.723,0.82,2.207,1.805,4.259,0.947
1,316.578,2.409,1.617,4.81,0.773,2.45,1.845,4.981,0.707
1,317.388,1.886,1.685,3.839,0.675,2.238,1.675,4.713,0.734
2,318.099,2.421,2.091,3.63,0.847,2.296,1.636,4.06,0.829
2,318.369,2.182,1.819,3.788,0.787,1.898,1.768,4.614,0.722
2,318.404,2.25,2.132,4.327,0.871,2.622,1.811,4.972,0.956
2,318.782,1.886,2.107,4.22,0.732,1.912,1.609,4.167,0.889
1,319.954,2.379,1.647,4.292,0.752,2.282,1.438,4.417,0.611
1,321.551,2.177,1.418,4.955,0.652,2.354,1.652,4.196,0.687
1,321.761,2.453,1.959,4.085,0.641,1.979,1.905,4.368,0.693
2,321.773,1.982,1.787,4.622,0.954,1.91,1.719,4.821,0.729
2,321.807,2.433,1.531,5.001,0.949,2.146,1.824,4.995,0.883
2,321.99,2.529,2.022,4.64,0.883,2.169,1.88,5.057,0.724
2,322.704,1.95,1.959,4.541,0.938,2.369,2.127,4.308,0.953
2,322.85,2.206,1.989,4.75,0.989,1.94,1.543,4.76,0.893
2,322.941,2.14,1.722,4.15,0.916,2.368,1.895,4.062,0.806
2,323.297,1.883,1.598,4.005,0.77,2.549,1.748,4.498,0.999
1,323.429,1.982,1.538,4.005,0.612,1.886,1.706,3.982,0.647
2,324.232,2.22,2.063,3.897,0.837,2.31,1.712,4.031,0.899
1,324.29,1.95,1.703,4.564,0.618,2.432,1.442,4.172,0.623
1,324.891,1.937,1.773,4.922,0.667,2.076,1.647,4.84,0.612
2,326.02,2.298,1.69,5.119,1.007,2.517,2.059,4.351,0.924
1,326.511,2.272,1.544,4.196,0.751,1.982,1.512,4.585,0.76
2,327.162,2.055,1.723,4.768,0.845,2.231,1.759,3.649,0.795
2,330.072,2.508,1.987,4.588,0.928,2.529,1.676,5.053,0.799
2,331.243,2.044,2.027,4.383,0.991,2.633,2.069,4.934,0.766
2,333.17,2.279,2.042,4.542,0.894,2.295,1.733,4.522,0.782
1,333.529,2.1,1.473,4.986,0.861,2.378,1.764,4.967,0.807
1,334.021,2.12,1.479,4.922,0.649,2.2,1.948,3.659,0.846
2,334.385,2.506,1.544,4.885,0.885,2.413,1.979,3.761,0.964
2,334.484,1.972,2.087,4.37,0.997,2.332,2.04,4.128,0.952
2,334.493,1.89,1.583,4.332,0.753,2.566,1.743,3.932,1.009
2,334.787,2.401,1.629,3.628,0.765,2.264,1.563,4.656,0.859
2,335.183,1.908,2.123,5.077,0.822,2.571,2.127,3.972,0.933
2,335.368,2.517,2.002,4.661,0.945,1.91,1.656,5.11,0.762
2,335.827,2.428,1.74,3.721,0.787,2.079,2.046,4.679,0.756
2,335.859,2.481,2.042,3.725,0.843,2.169,1.777,3.992,0.964
2,337.014,2.392,1.605,3.953,0.933,2.173,1.783,4.815,0.765
2,341.873,2.386,1.615,3.848,0.804,1.878,1.543,5.063,0.867
2,342.093,2.103,1.923,3.803,0.918,2.492,2.078,4.504,1.016
2,343.573,1.984,2.057,4.989,0.824,2.134,1.644,3.983,1.01
2,344.252,1.968,1.783,4.137,0.914,2.215,1.686,4.886,0.858
2,344.298,2.617,1.83,4.175,0.969,1.883,1.944,3.682,0.997
2,345.801,2.277,1.567,4.15,0.769,1.886,1.747,3.962,0.987
1,346.45,2.059,1.649,4.347,0.693,1.982,1.405,4.225,0.762
2,348.069,2.526,1.96,5.119,0.976,2.508,2.058,4.511,0.891
2,348.422,1.943,1.565,4.311,0.89,2.525,1.617,3.93,0.813
2,348.433,2.076,1.903,4.936,0.793,2.251,1.916,4.441,0.749
2,349.924,2.339,1.925,4.768,0.911,2.43,1.63,4.948,0.949
2,350.082,2.364,1.557,4.269,0.942,2.011,1.776,5.121,0.835
2,351.536,2.295,1.91,3.701,0.836,2.56,2.005,5.013,0.767
2,351.624,2.287,1.869,4.782,0.847,1.883,1.562,4.743,0.813
2,351.974,2.492,1.718,4.818,0.864,2.056,1.776,5.127,0.805
2,352.807,2.568,1.749,4.933,0.911,2.361,2.037,4.324,0.769
2,353.079,2.13,1.748,4.37,0.87,2.094,1.63,4.307,0.775
2,354.285,2.01,1.966,4.5,0.934,2.466,2.097,4.198,0.911
2,354.935,2.473,1.561,4.085,0.931,2.424,1.655,4.478,0.797
2,354.981,1.943,1.949,4.933,0.878,2.403,2.064,4.388,0.817
2,355.102,2.333,1.798,4.312,0.963,2.169,1.906,4.651,0.829
2,355.929,2.501,1.592,4.398,0.928,2.021,1.74,4.638,0.996
2,356.133,2.14,2.111,4.622,0.758,2.329,1.853,3.918,0.797
2,356.202,2.617,1.743,5.121,0.9,1.982,1.875,4.768,0.814
1,359.553,2.458,1.425,4.946,0.76,2.193,1.415,4.756,0.821
2,360.063,2.462,1.823,4.797,0.722,2.04,1.565,4.821,0.891
2,360.506,2.415,1.765,3.706,1.006,2.368,1.726,4.975,0.916
1,361.09,2.031,1.673,3.64,0.716,2.083,1.677,4.34,0.851
1,361.902,2.106,1.471,3.847,0.768,2.013,1.423,4.583,0.611
1,362.404,2.309,1.817,4.634,0.831,2.614,1.549,4.26,0.725
2,362.488,2.38,1.88,4.427,0.8,2.447,1.512,3.954,1.01
2,362.554,2.249,1.609,3.807,0.748,2.311,2.137,3.807,0.952
2,362.773,1.966,1.916,4.024,0.728,2.088,2.133,3.68,0.886
2,363.896,2.462,1.656,4.258,1.002,1.911,1.795,4.452,0.794
2,365.312,2.266,1.528,4.961,0.923,2.14,2.094,3.864,0.845
2,365.354,2.022,2.06,4.572,0.81,2.182,1.908,4.527,0.718
1,365.865,2.1,1.463,4.54,0.612,2.473,1.549,5.077,0.743
2,366.035,2.579,1.811,4.785,0.895,2.437,1.625,5.069,0.897
1,366.514,2.499,1.984,4.216,0.675,2.466,1.946,4.54,0.631
2,367.591,2.063,1.655,4.984,1.014,2.373,1.825,4.266,0.846
1,368.229,2.335,1.982,4.694,0.793,2.254,1.631,4.234,0.74
2,368.666,1.989,1.943,4.242,0.956,2.577,1.82,4.338,0.722
2,369.196,2.164,1.975,3.796,1.016,1.979,1.917,3.827,0.72
2,369.913,2.185,1.912,4.182,0.953,2.316,1.655,3.904,1.008
2,371.345,2.502,1.748,3.898,1.014,2.361,1.635,4.84,0.861
2,372.193,2.045,1.944,4.307,0.917,2.381,1.728,3.721,0.852
1,372.475,1.972,1.572,4.386,0.737,2.493,1.801,4.408,0.751
2,372.688,2.16,1.681,4.584,0.846,2.381,1.725,3.954,0.753
2,372.809,2.343,1.943,4.495,0.821,2.188,1.535,4.535,0.917
2,376.373,1.898,1.739,4.149,0.928,2.188,1.802,4.057,0.817
1,376.45,2.146,1.968,4.252,0.612,2.07,1.831,3.845,0.863
1,376.975,2.491,1.779,5.042,0.66,2.476,1.654,4.411,0.701
2,377.32,2.227,1.789,4.837,0.749,2.022,1.8,5.063,0.883
2,377.612,1.891,1.967,4.011,0.808,2.388,1.513,3.94,0.751
2,378.471,2.568,2.054,4.335,0.852,2.248,1.739,3.894,0.891
2,380.301,2.332,2.12,3.966,0.837,2.059,1.603,3.642,0.967
1,381.392,2.52,1.908,4.977,0.806,2.407,1.955,4.756,0.699
1,381.846,2.147,1.911,4.313,0.687,2.087,1.517,4.412,0.817
2,381.922,2.438,1.748,3.835,0.766,2.114,2.132,3.827,0.888
1,381.968,2.341,1.919,4.899,0.716,2.388,1.454,3.692,0.773
2,382.126,2.008,2.037,4.456,0.865,2.633,1.975,3.82,0.765
1,383.312,2.524,1.868,4.455,0.86,2.052,1.585,3.615,0.786
2,383.844,2.207,1.585,4.764,0.874,2.059,1.736,4.935,0.766
2,384.555,2.143,1.943,3.948,0.777,2.479,1.587,4.975,0.9
2,384.617,2.209,1.739,5.063,0.944,2.466,2.057,4.877,0.732
1,384.702,1.983,1.405,4.011,0.852,2.329,1.801,4.611,0.84
2,384.823,2.57,1.527,3.659,0.897,2.36,1.936,4.24,0.856
2,384.827,2.354,1.801,3.738,0.849,1.948,1.909,5.101,0.848
2,385.139,2.134,1.662,4.891,0.914,2.014,2.105,4.817,0.916
1,385.635,2.242,1.453,4.165,0.704,2.056,1.547,3.904,0.763
2,385.74,2.547,1.944,3.766,0.987,2.459,1.701,4.226,0.722
2,386.286,2.58,2.002,4.933,0.808,1.866,1.609,4.089,0.931
2,386.414,2.579,1.635,4.033,0.889,2.006,1.63,4.024,0.975
2,387.342,2.496,1.626,5.127,1.004,2.405,1.919,4.383,0.946
1,387.793,2.62,1.921,3.707,0.823,2.248,1.668,4.233,0.672
1,388.804,1.913,1.702,4.711,0.774,1.997,1.656,5.049,0.806
2,389.219,2.132,1.659,4.37,0.902,2.624,1.892,4.469,0.964
1,389.709,2.286,1.442,4.297,0.661,2.429,1.804,4.11,0.68
2,390.3,2.354,1.785,3.972,1.018,2.281,1.641,4.472,0.952
2,391.184,1.912,1.824,4.361,0.867,2.639,2.09,4.714,0.728
2,392.21,2.197,1.796,4.085,0.753,2.384,1.655,4.057,0.937
2,395.273,2.211,1.676,4.086,0.872,1.929,1.841,5.074,0.79
2,395.816,2.05,1.67,4.647,1.007,2.43,1.912,4.885,0.833
2,396.261,2.37,1.544,4.279,0.877,2.596,1.63,4.759,0.722
2,397.442,2.276,1.998,3.807,0.75,1.868,2.02,4.259,1.013
2,401.058,2.339,2.141,4.036,0.78,1.883,1.625,3.772,0.816
2,401.354,2.541,1.773,4.64,0.741,2.433,1.636,4.727,0.885
2,401.946,2.261,1.823,4.398,0.916,1.982,2.006,4.545,0.968
1,402.372,2.486,1.584,4.999,0.811,2.238,1.642,5.009,0.737
1,402.388,2.374,1.676,4.38,0.785,2.542,1.885,5.099,0.767
2,402.746,2.469,1.567,4.75,0.947,2.094,1.581,4.299,0.746
2,403.001,2.601,1.579,3.628,0.986,2.136,1.561,3.626,0.923
1,403.414,2.335,1.434,4.079,0.784,2.351,1.524,4.999,0.712
1,404.057,2.026,1.608,3.886,0.758,2.397,1.973,4.079,0.61
2,404.397,2.348,2.011,4.821,0.753,2.241,1.984,4.964,0.933
2,404.408,2.614,1.694,4.041,0.776,1.929,1.656,5.098,0.792
2,406.06,2.453,1.718,4.951,0.763,1.913,1.605,4.76,0.785
2,406.883,2.554,2.057,4.04,0.748,2.129,1.867,4.038,0.742
2,407.27,2.2,1.658,4.226,0.886,1.944,1.585,4.821,0.81
2,407.32,1.883,1.615,3.624,0.844,2.127,1.686,4.585,1.002
2,407.516,2.644,1.633,4.338,0.792,2.61,2.133,4.929,0.785
2,408.472,2.213,1.695,5.011,0.738,2.447,1.887,4.37,0.811
2,409.103,1.923,2.005,4.269,1.008,2.541,2.132,4.2,1.007
2,410.147,2.14,2.035,4.453,0.893,2.172,2.017,4.181,1.015
1,410.284,2.557,1.803,3.659,0.635,2.319,1.707,4.765,0.628
1,410.408,2.389,1.924,5.05,0.633,2.245,1.522,4.967,0.753
2,410.492,2.263,1.96,4.902,0.747,2.255,1.75,3.985,0.905
2,410.525,2.416,1.999,4.24,0.766,2.541,1.917,4.504,0.808
2,410.622,2.562,1.546,4.975,0.873,2.558,1.605,4.695,0.733
2,411.18,2.14,1.882,4.133,0.777,2.11,1.585,4.299,0.911
1,411.191,2.011,1.891,4.303,0.724,2.185,1.454,4.81,0.693
2,412.812,1.892,1.585,4.638,0.765,2.537,1.863,4.275,0.78
2,414.809,2.207,2.032,4.089,0.949,1.881,2.132,4.516,0.776
2,416.367,2.316,2.056,4.233,0.957,1.907,1.662,4.194,0.984
1,418.646,2.49,1.959,4.889,0.701,2.024,1.422,3.669,0.759
2,419.029,1.979,1.821,4.384,0.751,2.246,2.022,4.014,0.995
2,419.402,2.304,1.858,5.028,0.946,2.375,1.591,4.864,0.964
1,420.134,2.429,1.502,4.406,0.751,1.9,1.838,3.607,0.863
1,420.685,2.108,1.951,4.313,0.733,2.388,1.494,3.669,0.824
2,421.643,2.14,1.648,4.536,0.881,2.281,1.992,4.821,0.75
2,421.676,2.582,2.054,4.06,0.852,2.631,1.889,4.581,0.74
2,423.41,2.223,1.935,4.076,0.803,2.166,1.657,4.22,0.988
2,424.51,2.316,1.966,5.004,0.959,2.411,1.644,4.37,0.965
2,424.517,2.11,1.736,4.774,0.785,2.136,1.789,4.118,0.837
2,425.062,2.623,1.999,4.383,0.873,2.215,2.078,4.602,0.738
2,425.505,2.509,1.517,4.087,0.869,2.195,1.917,4.962,0.885
1,426.235,1.856,1.782,4.005,0.846,1.852,1.716,4.052,0.816
2,426.831,2.024,2.039,4.196,0.992,2.39,1.919,3.671,0.852
1,427.204,2.388,1.892,5.088,0.641,2.054,1.445,4.594,0.839
2,427.681,1.965,1.821,5.028,0.809,2.569,1.595,3.63,0.956
1,428.391,2.083,1.55,3.765,0.69,1.958,1.598,4.633,0.667
2,428.828,2.287,1.688,3.835,0.913,2.475,1.608,4.453,0.938
2,430.232,2.301,1.734,3.776,0.91,2.398,2.017,3.831,0.888
1,431.534,2.609,1.86,4.923,0.806,2.484,1.608,4.07,0.711
2,432.41,2.341,1.991,4.941,0.831,2.263,1.834,4.397,0.78
2,433.089,2.052,1.764,4.098,1.006,2.631,1.63,4.649,0.951
2,433.089,2.118,1.777,3.93,0.72,1.885,1.695,3.77,0.895
2,433.109,2.135,2.108,5.074,0.737,1.91,1.76,4.368,0.987
1,433.926,2.301,1.95,4.659,0.851,2.557,1.524,4.72,0.65
2,434.891,2.236,1.825,4.96,0.912,2.109,1.793,4.135,0.972
2,436.809,1.932,1.713,4.656,0.811,2.059,1.644,5.003,0.872
2,437.594,2.342,1.697,4.032,0.9,2.076,1.529,3.936,0.946
2,438.588,1.9,2.071,4.626,0.847,2.264,1.59,3.978,0.806
2,439.132,2.264,1.7,3.904,0.882,2.226,1.558,3.848,1.003
1,439.483,1.983,1.479,4.533,0.664,2.049,1.758,4.08,0.668
1,439.621,2.482,1.902,4.495,0.708,2.012,1.463,5.072,0.61
2,439.727,2.479,1.612,4.368,0.865,2.309,2.027,3.785,0.824
1,440.222,2.177,1.827,4.054,0.661,2.185,1.495,4.373,0.612
2,441.95,2.36,1.872,4.83,0.77,1.893,1.565,4.893,0.996
2,442.458,2.439,1.822,4.062,0.796,2.092,1.749,3.951,0.983
2,443.488,2.051,1.538,4.905,0.815,2.14,1.652,4.37,0.788
2,445.225,2.411,1.953,4.817,0.89,2.45,1.9,4.088,0.839
1,445.324,2.057,1.862,5.018,0.684,2.192,1.619,4.234,0.751
1,445.72,2.316,1.641,4.524,0.807,2.0,1.738,4.542,0.633
1,446.212,2.314,1.844,4.223,0.672,2.035,1.648,4.718,0.668
2,446.314,2.073,1.906,3.707,0.998,2.181,2.068,4.245,0.983
2,446.987,2.63,2.108,4.028,0.846,2.14,1.699,3.77,0.774
2,447.396,2.545,1.759,3.707,0.83,2.088,1.739,3.797,0.841
2,447.441,2.439,1.975,4.504,0.995,1.886,1.88,4.383,0.949
2,448.154,2.427,1.56,3.908,1.006,1.9,1.525,4.388,0.773
1,450.17,2.327,1.44,3.896,0.632,2.347,1.763,4.249,0.69
2,451.269,2.436,1.743,4.259,0.869,2.099,1.64,4.582,0.851
2,452.067,2.512,1.519,5.096,0.997,1.904,1.917,4.622,0.982
1,452.251,2.512,1.715,4.079,0.689,2.082,1.942,4.932,0.73
2,453.08,2.188,1.999,4.177,0.75,2.592,1.943,3.737,1.008
1,453.313,2.331,1.821,3.882,0.66,2.402,1.496,4.402,0.801
1,453.667,2.267,1.445,4.484,0.716,2.549,1.738,3.908,0.616
2,454.909,2.263,1.949,3.751,0.795,2.401,1.944,4.629,0.964
2,454.975,2.309,1.907,4.292,0.836,2.213,1.836,4.23,0.855
2,456.597,2.318,2.011,4.961,0.968,2.342,1.716,4.536,0.758
2,456.944,2.531,1.879,4.935,0.997,2.381,2.113,4.563,0.83
1,457.57,2.617,1.9,3.795,0.752,2.319,1.482,4.689,0.774
2,457.874,2.615,1.921,4.914,0.972,2.013,1.984,3.777,0.799
1,459.259,2.429,1.989,5.095,0.79,2.452,1.524,4.267,0.736
1,460.846,1.935,1.961,4.611,0.766,2.625,1.984,4.28,0.625
1,460.889,1.88,1.552,4.25,0.627,1.879,1.479,4.176,0.801
2,460.971,2.045,1.984,5.114,0.756,1.984,2.022,5.073,0.91
2,461.591,2.264,1.691,5.004,0.898,2.186,2.13,4.59,0.769
2,461.82,1.921,2.001,4.182,0.814,2.15,2.143,4.111,0.851
2,461.901,2.565,1.627,4.543,0.913,2.492,1.787,4.444,0.961
2,462.147,1.871,1.959,3.962,0.884,2.218,2.059,4.536,0.804
2,462.415,2.048,1.567,4.685,0.745,2.308,1.867,4.58,0.805
1,462.831,2.42,1.473,4.326,0.855,1.982,1.866,3.839,0.682
1,465.204,2.119,1.619,4.097,0.807,2.011,1.985,4.836,0.721
2,465.444,1.972,1.99,4.024,0.953,2.397,1.894,4.759,0.987
2,465.448,2.591,2.049,4.703,0.864,2.341,1.585,4.15,0.871
2,465.559,2.631,1.774,4.95,0.746,2.568,1.811,5.05,0.971
2,465.748,2.136,1.598,3.953,0.886,2.361,2.046,4.771,0.787
2,465.857,2.268,2.06,4.772,0.753,1.872,1.673,3.855,0.812
2,466.783,2.095,1.791,4.086,0.913,2.127,1.761,4.784,0.803
2,467.412,2.14,2.032,4.7,0.727,2.041,1.526,3.912,0.841
2,467.801,2.098,1.953,4.143,0.719,2.562,2.126,4.455,0.951
2,467.831,2.305,2.046,4.771,0.766,2.544,2.042,4.162,0.775
1,467.889,2.474,1.655,4.891,0.744,2.571,1.702,4.474,0.744
2,468.804,2.383,1.716,4.592,1.014,1.972,2.071,3.659,0.787
2,469.128,1.881,1.666,4.427,0.863,2.181,1.791,3.807,1.006
2,469.302,2.315,1.786,4.1,0.921,1.879,1.926,4.956,0.772
1,469.896,2.14,1.616,3.691,0.845,2.306,1.958,4.894,0.695
1,469.959,2.193,1.667,4.833,0.824,2.446,1.547,4.791,0.612
2,470.294,2.535,1.574,3.637,0.89,2.16,1.863,4.631,1.006
2,470.42,2.582,1.794,4.516,0.876,2.222,1.895,4.768,0.933
2,471.38,2.398,1.891,4.602,0.964,2.398,2.046,4.838,0.786
1,471.547,1.868,1.551,4.515,0.753,2.125,1.916,4.731,0.837
2,472.865,2.065,1.909,4.556,0.997,2.439,1.735,3.824,0.746
1,472.936,2.186,1.582,3.796,0.676,2.279,1.872,4.083,0.682
1,473.434,1.996,1.869,4.876,0.621,2.209,1.546,4.694,0.724
1,474.017,1.909,1.444,4.562,0.684,1.897,1.8,3.902,0.631
2,475.009,2.277,1.888,5.025,0.831,2.269,1.517,3.847,0.998
1,475.063,2.174,1.682,4.303,0.649,2.597,1.41,3.65,0.676
2,475.57,2.565,1.649,4.453,0.9,2.115,1.732,3.827,1.007
1,475.59,2.228,1.863,3.685,0.763,2.428,1.868,3.92,0.692
1,477.672,2.232,1.752,4.971,0.804,2.08,1.801,4.354,0.861
2,478.406,2.558,1.973,3.861,0.866,2.134,1.847,4.115,0.83
2,479.628,2.136,1.633,4.978,0.851,2.329,1.902,3.886,0.959
1,479.87,2.177,1.79,4.027,0.786,1.879,1.8,4.169,0.729
2,480.305,2.622,1.689,4.626,0.771,2.408,1.984,3.864,0.87
1,481.386,1.991,1.621,4.874,0.741,2.496,1.776,4.031,0.846
2,482.004,2.486,1.723,4.958,0.751,2.136,1.75,4.767,0.881
2,482.27,2.437,1.528,4.311,0.913,2.297,1.935,3.636,0.994
1,483.288,2.435,1.459,5.11,0.834,2.017,1.824,3.827,0.772
1,483.807,2.031,1.403,4.088,0.742,1.919,1.976,5.033,0.687
2,484.016,2.615,2.027,4.149,0.746,2.394,1.539,4.928,0.856
1,485.063,1.998,1.448,3.893,0.69,2.192,1.648,3.891,0.735
2,485.151,2.48,1.863,4.504,0.969,1.984,1.991,3.893,0.878
2,485.624,2.642,1.92,4.001,0.797,1.91,1.512,4.259,0.982
2,485.907,2.506,1.592,5.06,0.907,1.933,1.726,4.891,0.847
2,485.957,2.506,1.706,4.118,0.9,2.063,1.99,5.11,1.0
2,486.993,2.483,1.914,4.233,0.804,2.278,1.558,4.638,0.832
2,487.489,2.078,1.73,4.474,0.846,2.589,1.581,5.06,0.986
2,487.789,1.898,2.005,3.932,0.845,2.625,1.599,4.723,0.726
1,488.077,2.298,1.671,4.186,0.763,1.946,1.426,5.004,0.76
2,488.505,1.914,1.967,4.861,0.799,1.867,1.528,4.237,0.86
2,488.848,2.428,1.602,3.97,0.96,2.368,2.078,3.714,0.833
2,488.974,1.935,2.026,4.504,0.909,1.925,1.684,4.419,0.993
2,489.647,2.491,1.793,4.151,1.009,1.91,1.819,3.8,0.933
2,490.42,2.527,1.947,4.23,0.982,2.276,1.575,3.807,0.952
2,491.214,2.428,2.01,3.885,0.987,2.079,2.011,3.958,0.895
1,492.413,1.854,1.897,3.904,0.799,2.557,1.89,4.64,0.863
2,493.059,2.619,1.52,4.029,0.928,2.05,1.605,4.978,0.756
1,493.064,2.458,1.776,4.718,0.789,1.995,1.809,4.717,0.799
1,493.985,2.057,1.976,4.503,0.664,2.458,1.603,4.62,0.652
2,494.066,2.099,2.047,4.222,0.971,2.483,1.69,4.014,0.911
1,498.144,1.918,1.859,4.349,0.824,2.35,1.76,3.933,0.854
1,498.245,2.535,1.735,5.049,0.755,2.261,1.601,4.275,0.676
2,498.387,2.103,1.636,4.312,1.013,2.443,1.824,4.51,0.9
2,498.639,2.208,1.664,4.024,0.91,2.181,1.769,3.648,0.77
2,499.276,2.505,2.025,3.8,0.774,2.644,2.071,4.002,0.978
2,499.593,2.624,1.99,4.44,0.758,2.264,1.967,3.7,0.808
2,499.814,2.054,1.53,4.873,0.98,2.014,1.776,4.928,0.903
2,499.855,2.568,2.078,4.062,0.863,2.141,1.82,4.285,0.827
2,499.896,2.079,1.957,4.585,0.833,2.114,1.617,4.453,0.863
2,499.995,2.041,1.964,4.874,0.98,2.307,1.556,4.631,0.91
2,500.402,2.157,1.91,4.866,0.805,2.447,1.545,4.536,0.878
1,502.02,1.951,1.758,4.681,0.678,2.485,1.697,4.915,0.739
2,503.284,2.272,1.966,4.427,0.826,2.218,1.633,4.209,0.917
2,503.343,2.571,2.037,3.854,0.788,2.604,1.65,3.649,0.828
2,504.316,2.329,2.002,3.948,0.801,2.025,1.959,4.935,0.735
1,504.478,2.07,1.962,4.361,0.692,2.482,1.616,4.045,0.671
2,504.535,2.315,1.528,3.732,0.79,2.014,2.039,4.649,0.888
1,505.317,2.441,1.72,4.665,0.832,2.373,1.769,3.908,0.835
2,506.585,2.106,1.748,4.033,0.969,2.542,1.943,4.118,0.744
2,506.627,2.298,1.992,4.52,0.738,2.342,1.845,4.321,0.904
1,508.962,1.941,1.807,4.235,0.665,2.472,1.978,3.72,0.804
2,509.399,2.323,2.122,3.939,0.817,2.226,1.793,4.014,0.933
2,509.444,2.295,1.554,4.256,0.839,2.251,2.075,4.522,0.77
2,509.708,2.534,1.852,5.077,0.942,2.368,1.848,4.097,0.91
2,510.43,2.38,1.77,4.406,0.952,1.882,1.819,4.017,0.813
2,510.44,2.577,1.748,4.384,0.903,2.287,2.138,4.715,0.775
2,511.145,2.381,1.667,5.116,0.738,2.016,1.753,4.372,0.727
2,511.193,1.866,1.662,5.001,0.873,2.368,1.613,4.721,0.955
2,511.258,2.182,1.702,5.046,0.885,1.868,1.995,4.626,0.797
2,511.671,2.276,1.818,4.784,0.91,2.13,1.682,3.636,0.888
1,514.157,2.034,1.691,3.709,0.851,1.883,1.727,4.902,0.775
2,514.367,1.902,1.599,4.588,0.757,1.929,2.06,4.83,0.833
2,514.493,2.466,1.706,5.073,0.958,2.238,1.58,5.022,0.736
2,516.071,2.485,1.908,4.268,0.732,1.923,2.042,3.658,0.744
2,516.611,2.177,1.815,4.344,0.719,2.416,1.768,5.06,0.901
2,516.619,1.97,1.768,4.392,0.967,2.573,2.121,4.087,0.995
2,517.497,1.948,1.677,4.79,0.96,2.191,1.791,4.767,1.009
2,517.782,2.115,1.585,3.826,0.807,2.601,1.908,4.306,0.771
2,518.936,2.136,1.733,4.252,0.936,2.013,1.565,4.24,0.874
2,519.066,2.364,1.898,3.888,0.72,2.425,1.698,4.346,0.873
2,519.068,2.508,1.967,4.605,0.83,2.466,1.806,4.797,0.719
2,519.252,2.516,1.686,4.394,0.91,2.224,1.584,4.472,0.732
2,519.426,1.972,1.825,3.804,0.72,2.624,1.565,4.777,0.886
2,520.234,2.218,1.878,4.269,0.964,1.887,1.777,4.469,0.869
2,520.419,2.361,2.117,4.48,0.988,2.58,1.832,4.703,0.855
2,520.622,2.45,1.98,5.076,0.914,2.25,1.575,4.989,0.866
2,522.159,2.063,1.512,4.306,0.937,2.565,1.656,4.663,0.913
1,522.977,2.458,1.841,3.956,0.796,2.12,1.707,4.694,0.648
2,524.32,2.416,1.543,4.982,0.937,2.258,2.094,4.7,0.724
1,525.161,1.969,1.643,4.347,0.663,2.076,1.447,4.219,0.655
1,525.186,2.197,1.73,4.042,0.667,2.476,1.715,4.386,0.73
1,526.021,2.142,1.762,4.915,0.764,2.091,1.688,4.348,0.672
1,526.85,1.899,1.658,4.919,0.804,2.55,1.663,4.433,0.75
2,527.501,1.99,1.843,4.902,0.897,1.982,2.054,4.805,0.736
1,527.534,2.264,1.579,3.982,0.806,2.223,1.547,4.878,0.853
1,528.539,2.35,1.947,4.683,0.633,2.045,1.46,4.182,0.836
2,532.988,2.063,1.779,4.605,0.82,1.877,1.791,4.768,0.89
2,533.441,2.115,1.571,4.842,0.995,2.617,1.63,4.331,0.803
2,533.88,2.479,1.619,5.1,0.748,2.122,1.68,3.782,0.837
2,535.79,2.075,1.886,4.248,1.003,2.059,1.914,4.768,0.97
1,537.796,2.491,1.741,5.098,0.852,2.5,1.879,3.978,0.785
2,537.823,2.117,1.574,4.97,0.913,1.956,1.716,3.852,0.868
2,539.144,2.483,1.892,4.756,0.982,2.446,1.866,4.591,0.91
2,539.838,2.453,1.76,4.533,0.841,2.498,2.04,3.766,0.918
2,540.424,2.453,2.049,4.334,0.866,2.513,1.956,4.469,0.822
2,543.055,1.971,1.777,4.572,0.924,2.604,1.832,4.245,0.956
2,543.279,2.412,1.728,4.555,1.018,2.494,2.124,3.985,0.738
2,543.974,2.587,1.517,5.116,0.878,2.307,1.938,3.875,0.946
2,544.871,2.004,1.547,4.394,0.787,2.339,1.691,3.975,0.769
2,545.526,2.013,1.546,3.751,0.966,2.26,1.979,3.631,0.989
2,546.258,2.194,1.733,4.44,1.014,2.377,1.759,4.625,0.988
2,546.692,2.555,1.875,4.727,0.937,2.062,1.55,4.813,0.938
1,549.039,2.322,1.452,4.165,0.642,1.899,1.608,3.858,0.849
2,549.634,2.185,1.748,4.082,0.721,1.99,2.047,4.611,0.797
2,550.028,2.61,1.655,3.95,0.857,2.181,2.029,4.729,0.828
2,550.435,2.633,1.803,3.654,0.948,2.513,1.968,4.587,1.01
2,550.511,1.972,2.054,5.098,0.949,2.313,1.52,4.418,0.947
2,551.025,2.403,1.625,3.85,0.893,1.984,1.55,5.077,0.791
2,551.119,2.097,1.991,4.721,0.746,2.004,1.906,5.05,1.005
2,551.498,2.271,1.585,4.582,0.749,2.341,1.746,4.014,0.818
2,551.675,1.897,1.811,4.75,0.805,1.969,1.96,3.948,0.855
2,551.801,1.88,1.735,3.652,0.725,2.043,1.856,3.875,0.999
1,551.806,2.567,1.516,4.529,0.736,2.469,1.607,3.661,0.707
2,553.233,2.311,1.527,4.247,0.877,2.404,1.746,4.504,0.914
2,553.628,2.581,1.658,4.182,0.949,1.992,1.884,4.647,0.844
1,554.835,2.505,1.668,4.933,0.819,1.928,1.981,3.989,0.673
2,554.87,1.979,2.065,4.714,0.76,2.471,1.579,4.368,0.833
2,555.006,1.969,2.032,4.384,0.794,2.046,1.913,3.636,0.935
1,555.252,2.443,1.76,4.705,0.686,2.03,1.522,3.83,0.746
2,555.369,1.959,1.636,3.632,0.725,2.2,1.691,4.269,0.813
2,555.843,1.89,2.064,5.021,0.988,2.39,1.795,3.705,0.933
1,556.177,2.581,1.852,4.361,0.702,2.044,1.989,4.912,0.754
2,556.183,2.631,2.051,4.826,0.928,1.897,1.793,4.368,0.945
2,556.322,1.948,2.04,3.911,1.015,2.617,1.736,3.926,0.75
1,556.375,1.874,1.905,4.369,0.659,2.201,1.498,4.961,0.674
2,557.669,1.906,1.716,4.935,0.936,2.435,1.66,4.587,0.975
2,557.923,2.028,1.722,4.527,0.787,2.577,1.636,4.813,0.924
2,558.33,1.97,1.966,4.591,0.872,2.562,1.806,4.678,0.736
2,560.515,2.329,1.864,5.078,0.861,2.114,1.82,3.633,1.005
2,561.383,1.904,1.8,4.226,0.736,2.296,1.968,3.707,0.814
1,561.442,2.062,1.689,4.657,0.666,1.945,1.597,4.707,0.825
2,561.549,2.313,1.775,4.338,0.895,2.562,1.757,4.014,0.858
1,561.57,2.031,1.49,3.783,0.783,1.896,1.506,4.919,0.639
2,562.75,2.251,1.656,4.057,0.793,2.625,1.949,3.642,0.725
2,562.833,2.351,2.007,4.017,0.904,2.158,1.598,4.122,0.92
1,564.851,2.023,1.921,3.872,0.739,2.566,1.457,3.944,0.818
2,565.184,2.438,1.612,5.032,0.862,1.945,1.688,3.647,0.758
2,568.158,2.172,1.654,4.944,0.805,2.298,2.04,4.174,0.977
2,568.866,2.39,1.538,4.313,0.775,2.074,1.822,3.997,0.881
2,569.849,2.128,1.821,3.978,0.947,2.506,1.897,4.793,0.99
2,570.054,2.526,2.051,4.599,0.729,2.021,1.69,4.675,0.988
2,570.162,2.198,1.654,3.954,0.815,2.547,1.612,3.912,0.819
2,570.497,2.414,1.769,4.529,0.91,2.601,2.107,4.388,0.91
1,570.785,2.358,1.655,4.632,0.66,2.429,1.846,3.986,0.861
1,571.145,2.08,1.419,4.225,0.76,1.891,1.478,3.726,0.863
2,573.423,2.118,1.622,4.397,0.763,1.918,1.819,4.64,0.72
1,573.85,2.147,1.613,4.203,0.61,2.462,1.821,4.536,0.847
2,574.242,2.506,2.143,4.331,0.766,2.129,1.748,3.75,0.893
2,575.17,2.603,1.641,5.035,0.792,2.605,1.829,5.029,0.758
2,575.234,2.197,1.889,4.226,0.959,2.592,2.111,5.01,0.94
1,575.368,2.272,1.769,4.202,0.791,2.185,1.504,5.009,0.83
2,576.497,2.405,1.836,3.983,0.75,2.197,2.057,5.035,0.793
2,577.859,1.945,1.569,4.394,0.911,1.882,2.025,4.374,0.995
2,577.993,1.889,1.847,3.766,0.883,1.945,2.063,4.569,0.839
2,578.054,1.871,1.824,4.226,0.874,2.256,2.037,4.622,0.809
1,579.156,2.318,1.723,4.609,0.678,2.108,1.48,3.884,0.695
2,579.232,2.535,1.925,5.097,0.931,2.046,1.864,5.052,0.912
1,579.704,1.921,1.609,4.778,0.825,2.548,1.534,5.008,0.838
1,580.481,2.384,1.523,4.115,0.659,2.613,1.434,4.033,0.838
2,580.873,2.509,2.112,4.909,0.993,1.972,1.644,4.315,0.893
2,582.969,2.065,1.999,3.714,1.003,2.4,1.655,4.062,0.893
2,583.264,2.571,1.917,4.935,0.941,2.321,1.526,3.662,0.825
2,583.297,1.866,1.966,4.508,0.868,2.252,2.101,5.133,0.81
2,585.75,2.4,1.52,4.999,0.846,1.891,1.582,4.58,0.836
1,586.875,2.192,1.552,5.11,0.692,2.086,1.619,5.096,0.757
1,588.236,2.576,1.955,3.628,0.682,2.125,1.74,4.02,0.616
2,591.146,1.912,1.958,3.737,0.822,2.619,2.127,4.838,0.983
2,591.204,2.37,1.819,4.582,0.888,2.278,1.787,3.726,0.881
1,592.803,2.483,1.442,3.964,0.687,2.361,1.451,4.677,0.667
1,593.059,2.095,1.601,4.216,0.61,1.988,1.543,3.608,0.693
2,594.133,2.182,1.654,4.37,0.778,1.984,1.836,4.394,0.988
2,594.846,2.644,1.906,4.142,0.908,2.625,1.514,4.98,0.873
2,594.955,2.443,1.88,4.346,0.913,2.079,1.598,3.93,0.971
2,595.826,1.933,1.723,4.914,0.81,2.316,2.143,4.642,0.733
2,597.02,2.024,1.889,4.057,0.848,2.188,1.728,3.921,0.896
2,597.312,1.883,2.137,3.984,1.012,2.519,2.037,4.266,0.732
2,597.839,1.997,1.962,4.287,0.729,2.132,1.947,3.707,0.949
2,599.314,2.259,1.748,3.827,0.925,2.332,1.787,4.2,0.862
2,599.443,2.16,1.932,3.709,0.86,2.213,1.953,5.119,0.956
2,599.637,2.333,1.913,4.809,0.746,2.409,1.563,4.86,0.866
2,599.905,2.114,1.96,4.248,0.805,2.008,1.884,3.657,0.958
2,600.108,2.13,1.666,5.123,0.871,1.902,1.975,4.848,0.912
1,600.589,2.502,1.939,4.361,0.63,1.986,1.86,4.417,0.681
1,600.594,2.456,1.851,4.045,0.765,2.591,1.85,4.011,0.849
1,601.705,1.923,1.689,3.773,0.651,2.108,1.434,4.965,0.702
1,602.068,2.505,1.893,4.219,0.741,2.614,1.691,3.624,0.801
2,602.116,1.98,1.867,4.571,0.893,2.462,2.081,4.178,0.967
1,604.54,2.315,1.735,4.654,0.688,1.852,1.463,4.986,0.689
1,604.661,2.213,1.464,4.452,0.636,2.561,1.876,3.773,0.659
2,604.981,2.105,1.544,3.631,0.916,2.287,1.644,4.874,0.954
1,605.784,2.452,1.441,3.773,0.763,1.899,1.559,4.075,0.615
1,607.458,2.393,1.811,4.791,0.751,2.301,1.574,4.725,0.728
2,607.922,2.045,1.984,3.642,0.814,2.605,1.894,4.557,0.779
2,609.103,2.421,1.841,5.011,0.73,2.36,1.725,5.115,0.758
1,609.499,2.269,1.475,4.264,0.79,2.586,1.448,4.961,0.83
2,611.709,2.019,1.555,3.864,0.913,2.281,2.046,4.98,0.719
2,612.287,2.266,1.657,3.911,0.928,2.635,1.527,5.035,0.815
2,613.228,1.969,2.033,4.848,0.998,2.313,1.886,5.105,0.748
2,613.519,2.246,1.739,4.817,0.994,2.311,1.892,4.149,0.917
1,615.804,2.277,1.742,3.664,0.702,2.347,1.741,4.431,0.677
2,616.921,2.14,1.682,5.047,0.985,2.585,1.556,4.965,0.895
2,618.276,2.071,1.67,5.083,0.999,1.944,1.881,3.77,0.837
2,619.973,2.073,1.658,4.962,0.981,2.11,1.974,4.085,0.777
2,620.279,2.076,1.548,4.731,0.961,2.447,1.83,4.085,1.0
1,620.318,2.197,1.571,3.64,0.84,1.941,1.479,3.748,0.668
1,620.505,2.388,1.929,4.181,0.851,2.568,1.613,4.367,0.834
2,620.684,2.304,1.95,4.149,1.008,2.545,1.78,3.657,0.956
2,621.081,2.346,1.52,4.102,0.98,2.12,2.115,4.863,0.97
2,622.249,1.898,1.587,4.93,0.881,2.335,1.608,3.795,0.785
1,622.633,2.14,1.619,3.994,0.649,2.486,1.647,3.737,0.632
2,623.868,2.065,1.852,4.299,0.856,2.183,1.656,3.778,0.728
1,625.334,2.345,1.469,4.406,0.74,2.431,1.718,4.134,0.762
1,625.883,2.113,1.742,3.68,0.744,2.029,1.662,4.986,0.623
2,626.239,2.482,1.909,4.929,0.91,1.898,2.005,4.874,0.889
1,626.466,2.207,1.459,4.28,0.737,2.342,1.949,4.503,0.773
2,627.73,2.639,1.514,4.307,0.874,2.555,2.035,3.799,1.013
1,628.247,2.013,1.65,4.71,0.693,2.074,1.527,4.13,0.835
2,629.14,1.938,1.753,3.807,0.719,2.194,1.635,3.978,0.821
1,629.508,2.581,1.671,3.773,0.779,2.493,1.951,4.5,0.84
2,630.699,2.207,2.071,4.498,0.735,1.898,1.694,4.622,0.821
2,631.671,2.631,2.066,4.361,0.993,1.907,1.824,4.26,0.866
1,632.302,1.996,1.473,4.418,0.829,2.286,1.49,3.777,0.616
2,633.356,2.016,1.512,4.04,1.008,2.135,1.632,4.167,0.832
1,633.397,2.124,1.977,5.11,0.843,2.474,1.826,4.665,0.801
2,633.742,2.51,1.769,3.932,0.994,2.552,1.598,3.911,0.874
1,634.531,2.156,1.988,4.778,0.662,2.351,1.867,4.388,0.72
2,635.229,2.25,2.057,5.092,0.904,2.333,1.821,3.636,1.006
1,635.733,2.034,1.676,5.003,0.628,2.499,1.462,3.901,0.771
2,635.805,2.25,1.869,3.67,0.839,2.103,1.749,4.813,0.815
2,635.816,2.105,1.636,4.235,0.823,1.911,2.006,5.025,0.903
2,635.972,2.22,1.886,5.05,0.73,2.075,1.916,4.572,0.751
2,638.197,2.368,1.972,4.935,0.903,2.527,2.117,4.1,0.964
2,639.532,2.422,1.694,4.465,0.937,2.104,1.94,4.821,0.985
2,639.93,1.908,1.867,4.007,0.846,2.375,1.678,3.779,0.739
2,643.457,2.319,1.823,4.189,0.923,2.013,2.001,4.106,0.858
2,643.646,2.361,2.12,5.028,0.942,2.644,2.065,5.083,0.859
2,644.133,2.257,1.858,4.366,0.726,2.443,1.625,5.123,0.955
2,644.304,1.94,1.767,4.365,0.771,2.611,1.654,5.114,0.808
2,644.818,2.293,1.528,4.152,0.843,2.196,2.082,4.651,0.841
2,645.306,2.167,1.818,4.275,0.88,2.302,1.62,4.446,0.975
2,646.909,2.513,1.958,3.978,0.866,2.592,1.856,3.733,0.938
2,647.329,2.508,1.567,4.052,0.987,2.258,2.057,4.555,1.006
2,647.39,2.587,1.962,4.515,0.972,2.361,1.965,3.658,0.79
2,649.493,2.215,1.788,4.094,0.885,2.36,2.084,3.671,0.969
2,650.854,2.016,1.948,4.374,0.848,1.89,2.141,4.226,0.83
2,650.975,1.873,1.52,4.838,0.862,2.095,1.567,5.1,1.016
2,652.231,2.243,1.979,5.043,0.758,2.142,1.757,4.731,0.985
2,652.425,2.226,1.599,4.331,0.741,2.382,1.819,4.631,0.903
2,652.883,2.625,1.946,3.926,0.791,2.517,1.609,4.589,0.747
2,653.169,2.329,1.953,4.56,0.934,2.582,1.832,4.626,0.772
2,654.19,2.498,1.736,4.366,0.97,2.073,2.069,3.778,0.874
2,655.136,2.188,1.743,4.464,0.727,2.185,1.667,3.885,0.776
2,655.353,2.176,1.636,5.048,1.002,2.088,1.748,4.383,0.778
2,655.383,2.556,1.595,4.884,0.79,2.466,1.869,4.368,0.834
2,655.764,2.198,1.937,4.179,0.965,2.589,1.718,4.04,0.926
2,661.823,2.276,2.009,4.721,1.012,2.262,1.77,3.919,0.819
2,662.021,2.305,1.801,4.187,0.758,2.379,1.695,3.679,0.912
2,663.128,1.885,1.629,4.125,0.924,2.436,1.764,4.259,0.88
2,664.36,2.228,1.869,4.194,0.877,2.533,1.909,4.809,0.77
2,664.589,1.978,1.65,3.725,0.985,2.008,1.714,3.975,0.911
2,665.841,2.054,1.565,4.931,0.951,2.557,1.681,5.074,0.856
2,667.686,2.147,1.702,3.658,0.83,2.573,2.024,3.714,0.968
2,668.478,2.392,1.935,4.21,0.719,2.26,1.754,4.692,0.856
2,669.714,2.361,1.823,4.65,0.804,2.086,1.852,4.017,0.775
2,670.01,1.961,1.821,4.585,0.796,2.582,2.068,4.661,0.795
2,670.202,1.91,1.758,4.005,0.886,2.601,1.671,4.21,0.902
2,671.145,2.544,1.514,3.863,0.8,2.006,1.563,4.612,0.909
2,671.391,2.498,1.612,5.092,0.946,2.276,1.614,4.557,0.944
2,671.46,1.888,1.575,4.97,0.787,2.246,1.679,3.721,0.822
2,671.828,2.206,1.917,4.777,0.866,2.629,1.732,4.207,0.908
2,672.367,2.218,1.719,3.624,0.755,2.173,2.047,4.641,0.746
2,673.606,1.898,1.758,4.167,0.792,2.382,1.914,4.007,0.957
2,674.662,2.388,2.105,5.069,0.967,2.134,2.087,5.021,0.902
2,674.751,1.901,1.929,5.091,0.79,2.368,1.706,3.835,0.941
2,676.254,2.635,1.948,4.351,0.803,2.428,1.554,4.379,0.993
2,676.633,2.189,1.949,4.125,0.84,2.614,1.903,5.101,0.949
2,677.894,2.134,1.664,4.379,0.951,2.115,1.671,4.283,0.876
2,678.371,1.996,1.984,3.721,0.881,2.277,1.694,4.447,1.007
2,679.994,2.436,2.122,3.782,0.821,2.636,1.6,3.691,0.882
2,680.182,2.295,1.786,4.897,0.987,1.979,1.512,3.972,0.839
2,680.852,1.913,1.943,3.987,0.819,2.201,2.051,4.394,0.794
2,681.413,2.207,1.891,3.74,0.926,1.914,1.889,3.886,0.87
2,683.41,2.503,1.869,3.679,0.861,1.943,1.942,3.85,0.953
2,688.033,2.332,1.799,4.841,0.977,2.281,1.612,3.893,0.956
2,688.607,1.907,2.113,4.98,0.791,2.504,1.532,4.65,0.934
2,690.528,2.305,2.122,4.42,0.998,2.256,1.762,4.638,0.866
2,692.22,2.109,1.793,4.176,0.742,2.206,1.932,4.933,0.807
2,692.486,1.886,1.866,4.905,0.803,2.14,1.705,3.682,0.844
2,693.056,2.564,1.636,4.356,0.952,2.517,1.887,3.892,0.771
2,693.169,2.586,1.554,4.338,0.975,1.969,1.831,5.123,0.73
2,693.699,1.948,1.636,4.674,0.999,2.361,1.984,4.605,0.821
2,694.01,2.341,2.075,4.511,0.92,2.499,1.658,4.868,0.753
2,695.959,2.428,2.07,3.837,0.923,2.614,1.95,4.527,0.807
2,696.383,2.266,1.555,3.828,0.871,2.242,2.141,3.831,0.74
2,697.178,2.554,1.635,4.514,0.999,1.932,1.909,4.962,0.839
2,697.443,1.89,1.9,4.238,0.771,2.34,1.543,4.166,0.928
2,698.798,1.943,1.84,4.213,0.845,2.109,1.962,4.777,0.985
2,699.534,2.368,1.52,3.772,0.825,2.137,1.555,3.725,0.937
2,699.654,2.256,2.022,4.656,1.013,2.231,1.544,4.801,0.867
2,699.949,2.625,2.111,4.861,0.746,2.134,1.772,4.914,0.925
2,701.034,2.386,2.022,4.677,0.84,2.223,2.13,4.1,0.75
