id,type,urgency,status,assigned_machine,arrival_time,execution_time,energy_usage,start_time,completion_time,missed_time,deadline,extended_deadline
0,T1,BESTEFFORT,COMPLETED,m2-1,0.218,"{'m1-1': 5.1, 'm2-1': 5.08, 'm3-1': 99.46, 'm4-1': 26.23, 'm5-1': 157.22, 'm6-1': 5.27, 'm7-1': 9.98, 'm8-1': 24.37}",7.62,0.218,5.298,inf,110.218,110.218
1,T3,BESTEFFORT,COMPLETED,m2-1,0.26,"{'m1-1': 5.66, 'm2-1': 5.81, 'm3-1': 95.3, 'm4-1': 27.46, 'm5-1': 149.32, 'm6-1': 5.35, 'm7-1': 9.4, 'm8-1': 26.45}",8.715,5.298,11.108,inf,110.26,110.26
2,T10,BESTEFFORT,COMPLETED,m1-1,0.436,"{'m1-1': 5.54, 'm2-1': 4.98, 'm3-1': 98.58, 'm4-1': 28.56, 'm5-1': 151.16, 'm6-1': 5.3, 'm7-1': 9.98, 'm8-1': 27.66}",8.31,0.436,5.976,inf,110.436,110.436
3,T9,BESTEFFORT,COMPLETED,m6-1,0.456,"{'m1-1': 5.44, 'm2-1': 4.82, 'm3-1': 110.48, 'm4-1': 23.21, 'm5-1': 142.61, 'm6-1': 5.22, 'm7-1': 10.6, 'm8-1': 29.21}",7.83,0.456,5.676,inf,110.456,110.456
4,T7,BESTEFFORT,COMPLETED,m1-1,0.779,"{'m1-1': 5.35, 'm2-1': 5.1, 'm3-1': 111.96, 'm4-1': 25.45, 'm5-1': 159.63, 'm6-1': 5.01, 'm7-1': 10.01, 'm8-1': 27.31}",8.024999999999999,5.976,11.326,inf,110.779,110.779
5,T6,BESTEFFORT,COMPLETED,m1-1,1.04,"{'m1-1': 4.71, 'm2-1': 5.65, 'm3-1': 108.89, 'm4-1': 23.99, 'm5-1': 153.16, 'm6-1': 5.49, 'm7-1': 10.36, 'm8-1': 25.31}",7.0649999999999995,11.326,16.036,inf,111.04,111.04
6,T3,BESTEFFORT,COMPLETED,m2-1,1.051,"{'m1-1': 4.86, 'm2-1': 5.11, 'm3-1': 95.66, 'm4-1': 25.9, 'm5-1': 139.53, 'm6-1': 5.51, 'm7-1': 10.49, 'm8-1': 25.28}",7.665000000000001,11.108,16.218,inf,111.051,111.051
7,T5,BESTEFFORT,COMPLETED,m2-1,1.147,"{'m1-1': 5.57, 'm2-1': 5.5, 'm3-1': 100.02, 'm4-1': 24.09, 'm5-1': 161.68, 'm6-1': 4.97, 'm7-1': 10.98, 'm8-1': 24.63}",8.25,16.218,21.718,inf,111.147,111.147
8,T3,BESTEFFORT,COMPLETED,m6-1,1.161,"{'m1-1': 5.61, 'm2-1': 5.52, 'm3-1': 106.91, 'm4-1': 24.44, 'm5-1': 161.01, 'm6-1': 5.94, 'm7-1': 10.06, 'm8-1': 24.27}",8.91,5.676,11.616,inf,111.161,111.161
9,T6,BESTEFFORT,COMPLETED,m1-1,1.379,"{'m1-1': 5.36, 'm2-1': 5.04, 'm3-1': 105.65, 'm4-1': 24.52, 'm5-1': 143.99, 'm6-1': 4.95, 'm7-1': 11.02, 'm8-1': 25.61}",8.040000000000001,16.036,21.396,inf,111.379,111.379
10,T6,BESTEFFORT,COMPLETED,m1-1,1.464,"{'m1-1': 5.48, 'm2-1': 5.73, 'm3-1': 96.3, 'm4-1': 27.11, 'm5-1': 147.73, 'm6-1': 4.96, 'm7-1': 10.06, 'm8-1': 27.12}",8.22,21.396,26.876,inf,111.464,111.464
11,T5,BESTEFFORT,COMPLETED,m2-1,1.593,"{'m1-1': 5.08, 'm2-1': 5.54, 'm3-1': 105.48, 'm4-1': 24.12, 'm5-1': 137.68, 'm6-1': 5.23, 'm7-1': 9.45, 'm8-1': 26.25}",8.31,21.718,27.258,inf,111.593,111.593
12,T1,BESTEFFORT,COMPLETED,m1-1,1.665,"{'m1-1': 5.42, 'm2-1': 5.16, 'm3-1': 106.48, 'm4-1': 24.74, 'm5-1': 161.05, 'm6-1': 5.48, 'm7-1': 9.83, 'm8-1': 27.15}",8.129999999999999,26.876,32.296,inf,111.665,111.665
13,T6,BESTEFFORT,COMPLETED,m1-1,1.719,"{'m1-1': 5.12, 'm2-1': 4.88, 'm3-1': 111.0, 'm4-1': 27.66, 'm5-1': 142.81, 'm6-1': 4.91, 'm7-1': 11.0, 'm8-1': 24.86}",7.68,32.296,37.416,inf,111.719,111.719
14,T5,BESTEFFORT,COMPLETED,m6-1,1.831,"{'m1-1': 5.19, 'm2-1': 5.3, 'm3-1': 96.18, 'm4-1': 23.32, 'm5-1': 161.32, 'm6-1': 5.32, 'm7-1': 10.16, 'm8-1': 27.44}",7.98,11.616,16.936,inf,111.831,111.831
15,T9,BESTEFFORT,COMPLETED,m6-1,1.866,"{'m1-1': 4.99, 'm2-1': 5.63, 'm3-1': 110.28, 'm4-1': 23.23, 'm5-1': 141.27, 'm6-1': 4.78, 'm7-1': 11.09, 'm8-1': 25.89}",7.17,16.936,21.716,inf,111.866,111.866
16,T1,BESTEFFORT,COMPLETED,m2-1,1.897,"{'m1-1': 5.76, 'm2-1': 4.99, 'm3-1': 107.52, 'm4-1': 24.8, 'm5-1': 146.59, 'm6-1': 5.87, 'm7-1': 9.78, 'm8-1': 26.78}",7.485,27.258,32.248,inf,111.897,111.897
17,T1,BESTEFFORT,COMPLETED,m6-1,2.18,"{'m1-1': 5.78, 'm2-1': 5.17, 'm3-1': 103.24, 'm4-1': 25.4, 'm5-1': 152.39, 'm6-1': 5.15, 'm7-1': 10.87, 'm8-1': 24.09}",7.7250000000000005,21.716,26.866,inf,112.18,112.18
18,T4,BESTEFFORT,COMPLETED,m2-1,2.3,"{'m1-1': 5.11, 'm2-1': 5.42, 'm3-1': 109.26, 'm4-1': 24.85, 'm5-1': 150.2, 'm6-1': 5.9, 'm7-1': 9.91, 'm8-1': 27.4}",8.129999999999999,32.248,37.668,inf,112.3,112.3
19,T3,BESTEFFORT,COMPLETED,m1-1,2.55,"{'m1-1': 5.61, 'm2-1': 5.23, 'm3-1': 104.94, 'm4-1': 27.24, 'm5-1': 161.32, 'm6-1': 5.18, 'm7-1': 9.94, 'm8-1': 25.14}",8.415000000000001,37.416,43.025999999999996,inf,112.55,112.55
20,T3,BESTEFFORT,COMPLETED,m1-1,2.568,"{'m1-1': 5.11, 'm2-1': 5.18, 'm3-1': 105.4, 'm4-1': 24.44, 'm5-1': 140.22, 'm6-1': 5.35, 'm7-1': 9.7, 'm8-1': 23.56}",7.665000000000001,43.025999999999996,48.135999999999996,inf,112.568,112.568
21,T3,BESTEFFORT,COMPLETED,m6-1,2.813,"{'m1-1': 4.92, 'm2-1': 5.84, 'm3-1': 96.85, 'm4-1': 24.18, 'm5-1': 154.48, 'm6-1': 5.86, 'm7-1': 9.88, 'm8-1': 25.8}",8.790000000000001,26.866,32.726,inf,112.813,112.813
22,T8,BESTEFFORT,COMPLETED,m6-1,2.825,"{'m1-1': 5.5, 'm2-1': 5.0, 'm3-1': 115.2, 'm4-1': 25.54, 'm5-1': 150.85, 'm6-1': 5.38, 'm7-1': 10.42, 'm8-1': 26.14}",8.07,32.726,38.106,inf,112.825,112.825
23,T1,BESTEFFORT,COMPLETED,m2-1,3.2,"{'m1-1': 5.11, 'm2-1': 5.18, 'm3-1': 111.57, 'm4-1': 26.43, 'm5-1': 143.33, 'm6-1': 5.64, 'm7-1': 10.49, 'm8-1': 24.09}",7.77,37.668,42.848,inf,113.2,113.2
24,T10,BESTEFFORT,COMPLETED,m1-1,3.652,"{'m1-1': 5.22, 'm2-1': 4.86, 'm3-1': 94.85, 'm4-1': 27.03, 'm5-1': 163.15, 'm6-1': 4.88, 'm7-1': 11.19, 'm8-1': 27.11}",7.83,48.135999999999996,53.355999999999995,inf,113.652,113.652
25,T9,BESTEFFORT,COMPLETED,m6-1,3.659,"{'m1-1': 5.66, 'm2-1': 5.33, 'm3-1': 99.71, 'm4-1': 24.59, 'm5-1': 145.22, 'm6-1': 5.18, 'm7-1': 9.99, 'm8-1': 28.53}",7.77,38.106,43.286,inf,113.659,113.659
26,T1,BESTEFFORT,COMPLETED,m1-1,3.824,"{'m1-1': 5.26, 'm2-1': 5.54, 'm3-1': 102.64, 'm4-1': 27.33, 'm5-1': 138.5, 'm6-1': 5.54, 'm7-1': 11.24, 'm8-1': 24.65}",7.89,53.355999999999995,58.61599999999999,inf,113.824,113.824
27,T1,BESTEFFORT,COMPLETED,m6-1,3.858,"{'m1-1': 5.28, 'm2-1': 5.61, 'm3-1': 107.45, 'm4-1': 23.68, 'm5-1': 147.93, 'm6-1': 5.28, 'm7-1': 10.34, 'm8-1': 27.14}",7.92,43.286,48.566,inf,113.858,113.858
28,T2,BESTEFFORT,COMPLETED,m1-1,3.905,"{'m1-1': 5.19, 'm2-1': 4.91, 'm3-1': 105.66, 'm4-1': 26.51, 'm5-1': 156.66, 'm6-1': 5.44, 'm7-1': 9.52, 'm8-1': 27.08}",7.785,58.61599999999999,63.80599999999999,inf,113.905,113.905
29,T4,BESTEFFORT,COMPLETED,m1-1,3.995,"{'m1-1': 4.94, 'm2-1': 5.22, 'm3-1': 105.28, 'm4-1': 26.0, 'm5-1': 169.24, 'm6-1': 5.14, 'm7-1': 10.81, 'm8-1': 27.55}",7.41,63.80599999999999,68.746,inf,113.995,113.995
30,T7,BESTEFFORT,COMPLETED,m1-1,4.01,"{'m1-1': 5.37, 'm2-1': 5.02, 'm3-1': 107.28, 'm4-1': 24.7, 'm5-1': 138.51, 'm6-1': 5.42, 'm7-1': 10.7, 'm8-1': 27.66}",8.055,68.746,74.116,inf,114.01,114.01
31,T10,BESTEFFORT,COMPLETED,m6-1,4.086,"{'m1-1': 5.26, 'm2-1': 4.88, 'm3-1': 100.49, 'm4-1': 29.23, 'm5-1': 163.69, 'm6-1': 5.51, 'm7-1': 11.07, 'm8-1': 28.63}",8.265,48.566,54.076,inf,114.086,114.086
32,T2,BESTEFFORT,COMPLETED,m1-1,4.103,"{'m1-1': 4.75, 'm2-1': 4.94, 'm3-1': 109.74, 'm4-1': 28.56, 'm5-1': 155.97, 'm6-1': 5.7, 'm7-1': 10.36, 'm8-1': 25.02}",7.125,74.116,78.866,inf,114.103,114.103
33,T10,BESTEFFORT,COMPLETED,m2-1,4.104,"{'m1-1': 5.29, 'm2-1': 5.29, 'm3-1': 105.16, 'm4-1': 25.21, 'm5-1': 158.26, 'm6-1': 5.64, 'm7-1': 10.62, 'm8-1': 24.6}",7.9350000000000005,42.848,48.138,inf,114.104,114.104
34,T5,BESTEFFORT,COMPLETED,m6-1,4.108,"{'m1-1': 5.17, 'm2-1': 4.75, 'm3-1': 107.75, 'm4-1': 23.56, 'm5-1': 140.83, 'm6-1': 4.76, 'm7-1': 10.84, 'm8-1': 27.26}",7.14,54.076,58.836,inf,114.108,114.108
35,T8,BESTEFFORT,COMPLETED,m6-1,4.28,"{'m1-1': 5.09, 'm2-1': 5.01, 'm3-1': 98.18, 'm4-1': 28.34, 'm5-1': 149.25, 'm6-1': 5.47, 'm7-1': 10.62, 'm8-1': 29.59}",8.205,58.836,64.306,inf,114.28,114.28
36,T3,BESTEFFORT,COMPLETED,m1-1,4.363,"{'m1-1': 5.29, 'm2-1': 5.69, 'm3-1': 96.76, 'm4-1': 27.74, 'm5-1': 156.45, 'm6-1': 5.83, 'm7-1': 9.35, 'm8-1': 24.0}",7.9350000000000005,78.866,84.156,inf,114.363,114.363
37,T4,BESTEFFORT,COMPLETED,m1-1,4.371,"{'m1-1': 5.5, 'm2-1': 5.86, 'm3-1': 110.62, 'm4-1': 28.6, 'm5-1': 161.36, 'm6-1': 5.38, 'm7-1': 11.04, 'm8-1': 27.74}",8.25,84.156,89.656,inf,114.371,114.371
38,T8,BESTEFFORT,COMPLETED,m6-1,4.392,"{'m1-1': 5.64, 'm2-1': 5.72, 'm3-1': 99.72, 'm4-1': 25.46, 'm5-1': 162.05, 'm6-1': 4.71, 'm7-1': 10.15, 'm8-1': 28.02}",7.0649999999999995,64.306,69.01599999999999,inf,114.392,114.392
39,T9,BESTEFFORT,COMPLETED,m6-1,4.522,"{'m1-1': 5.63, 'm2-1': 5.31, 'm3-1': 114.21, 'm4-1': 24.04, 'm5-1': 148.13, 'm6-1': 5.26, 'm7-1': 10.36, 'm8-1': 25.72}",7.89,69.01599999999999,74.276,inf,114.522,114.522
40,T3,BESTEFFORT,COMPLETED,m6-1,4.538,"{'m1-1': 5.7, 'm2-1': 5.05, 'm3-1': 94.27, 'm4-1': 26.28, 'm5-1': 139.33, 'm6-1': 5.45, 'm7-1': 10.0, 'm8-1': 23.63}",8.175,74.276,79.726,inf,114.538,114.538
41,T2,BESTEFFORT,COMPLETED,m6-1,4.712,"{'m1-1': 5.12, 'm2-1': 5.19, 'm3-1': 100.68, 'm4-1': 25.33, 'm5-1': 156.59, 'm6-1': 5.69, 'm7-1': 10.84, 'm8-1': 27.82}",8.535,79.726,85.416,inf,114.712,114.712
42,T2,BESTEFFORT,COMPLETED,m6-1,4.727,"{'m1-1': 4.7, 'm2-1': 5.14, 'm3-1': 108.81, 'm4-1': 25.35, 'm5-1': 147.28, 'm6-1': 5.16, 'm7-1': 10.11, 'm8-1': 28.25}",7.74,85.416,90.576,inf,114.727,114.727
43,T2,BESTEFFORT,COMPLETED,m6-1,4.907,"{'m1-1': 5.2, 'm2-1': 5.66, 'm3-1': 100.2, 'm4-1': 28.29, 'm5-1': 153.65, 'm6-1': 5.86, 'm7-1': 10.01, 'm8-1': 26.29}",8.790000000000001,90.576,96.43599999999999,inf,114.907,114.907
44,T1,BESTEFFORT,COMPLETED,m6-1,4.912,"{'m1-1': 5.08, 'm2-1': 5.37, 'm3-1': 113.36, 'm4-1': 25.0, 'm5-1': 140.72, 'm6-1': 5.85, 'm7-1': 11.24, 'm8-1': 25.0}",8.774999999999999,96.43599999999999,102.28599999999999,inf,114.912,114.912
45,T4,BESTEFFORT,COMPLETED,m1-1,4.932,"{'m1-1': 5.55, 'm2-1': 5.45, 'm3-1': 99.64, 'm4-1': 26.89, 'm5-1': 155.51, 'm6-1': 5.2, 'm7-1': 9.99, 'm8-1': 25.18}",8.325,89.656,95.206,inf,114.932,114.932
46,T4,BESTEFFORT,COMPLETED,m2-1,5.064,"{'m1-1': 5.25, 'm2-1': 5.33, 'm3-1': 104.04, 'm4-1': 27.26, 'm5-1': 155.4, 'm6-1': 5.82, 'm7-1': 10.48, 'm8-1': 26.2}",7.995,48.138,53.467999999999996,inf,115.064,115.064
47,T7,BESTEFFORT,COMPLETED,m2-1,5.081,"{'m1-1': 4.72, 'm2-1': 5.03, 'm3-1': 113.95, 'm4-1': 24.11, 'm5-1': 146.36, 'm6-1': 5.65, 'm7-1': 10.0, 'm8-1': 26.06}",7.545,53.467999999999996,58.498,inf,115.081,115.081
48,T8,BESTEFFORT,COMPLETED,m6-1,5.096,"{'m1-1': 5.22, 'm2-1': 5.66, 'm3-1': 109.65, 'm4-1': 28.09, 'm5-1': 160.25, 'm6-1': 5.07, 'm7-1': 11.6, 'm8-1': 25.05}",7.605,102.28599999999999,107.356,inf,115.096,115.096
49,T1,BESTEFFORT,COMPLETED,m6-1,5.247,"{'m1-1': 5.65, 'm2-1': 5.29, 'm3-1': 110.37, 'm4-1': 24.08, 'm5-1': 148.07, 'm6-1': 5.01, 'm7-1': 11.55, 'm8-1': 25.39}",7.515,107.356,112.366,inf,115.247,115.247
50,T6,BESTEFFORT,COMPLETED,m1-1,5.54,"{'m1-1': 4.73, 'm2-1': 5.23, 'm3-1': 97.98, 'm4-1': 24.07, 'm5-1': 148.58, 'm6-1': 5.21, 'm7-1': 11.35, 'm8-1': 26.33}",7.095000000000001,100.436,105.16600000000001,inf,115.54,115.54
51,T3,BESTEFFORT,COMPLETED,m1-1,5.54,"{'m1-1': 5.23, 'm2-1': 5.74, 'm3-1': 97.17, 'm4-1': 25.1, 'm5-1': 158.15, 'm6-1': 5.27, 'm7-1': 10.69, 'm8-1': 26.71}",7.845000000000001,95.206,100.436,inf,115.54,115.54
52,T3,BESTEFFORT,COMPLETED,m2-1,5.61,"{'m1-1': 5.7, 'm2-1': 5.01, 'm3-1': 109.28, 'm4-1': 28.26, 'm5-1': 150.44, 'm6-1': 5.78, 'm7-1': 9.81, 'm8-1': 24.31}",7.515,58.498,63.507999999999996,inf,115.61,115.61
53,T6,BESTEFFORT,MISSED,m6-1,5.624,"{'m1-1': 4.93, 'm2-1': 5.63, 'm3-1': 114.09, 'm4-1': 23.83, 'm5-1': 147.74, 'm6-1': 5.18, 'm7-1': 11.38, 'm8-1': 24.61}",4.886999999999993,112.366,inf,115.624,115.624,115.624
54,T7,BESTEFFORT,MISSED,m6-1,5.714,"{'m1-1': 5.12, 'm2-1': 5.32, 'm3-1': 103.19, 'm4-1': 27.2, 'm5-1': 156.1, 'm6-1': 5.81, 'm7-1': 11.42, 'm8-1': 28.21}",0.13500000000000512,115.624,inf,115.714,115.714,115.714
55,T7,BESTEFFORT,COMPLETED,m1-1,6.055,"{'m1-1': 4.78, 'm2-1': 5.04, 'm3-1': 114.42, 'm4-1': 27.56, 'm5-1': 159.64, 'm6-1': 5.77, 'm7-1': 10.87, 'm8-1': 28.59}",7.17,105.16600000000001,109.94600000000001,inf,116.055,116.055
56,T3,BESTEFFORT,COMPLETED,m1-1,6.101,"{'m1-1': 5.55, 'm2-1': 5.12, 'm3-1': 103.61, 'm4-1': 27.95, 'm5-1': 144.26, 'm6-1': 5.8, 'm7-1': 10.32, 'm8-1': 26.34}",8.325,109.94600000000001,115.49600000000001,inf,116.101,116.101
57,T2,BESTEFFORT,COMPLETED,m2-1,6.201,"{'m1-1': 5.3, 'm2-1': 5.2, 'm3-1': 102.17, 'm4-1': 27.15, 'm5-1': 148.12, 'm6-1': 5.46, 'm7-1': 9.63, 'm8-1': 26.31}",7.800000000000001,63.507999999999996,68.708,inf,116.201,116.201
58,T2,BESTEFFORT,MISSED,m1-1,6.252,"{'m1-1': 5.15, 'm2-1': 4.97, 'm3-1': 97.02, 'm4-1': 28.61, 'm5-1': 165.11, 'm6-1': 5.4, 'm7-1': 10.15, 'm8-1': 28.33}",1.133999999999979,115.49600000000001,inf,116.252,116.252,116.252
59,T9,BESTEFFORT,COMPLETED,m2-1,6.3,"{'m1-1': 5.09, 'm2-1': 5.33, 'm3-1': 103.79, 'm4-1': 24.69, 'm5-1': 162.18, 'm6-1': 4.67, 'm7-1': 10.17, 'm8-1': 27.71}",7.995,68.708,74.038,inf,116.3,116.3
60,T6,BESTEFFORT,MISSED,m6-1,7.146,"{'m1-1': 4.79, 'm2-1': 4.86, 'm3-1': 98.64, 'm4-1': 27.84, 'm5-1': 146.3, 'm6-1': 5.61, 'm7-1': 11.09, 'm8-1': 25.53}",2.1480000000000032,115.714,inf,117.146,117.146,117.146
61,T9,BESTEFFORT,COMPLETED,m2-1,7.315,"{'m1-1': 5.17, 'm2-1': 5.46, 'm3-1': 104.3, 'm4-1': 25.92, 'm5-1': 155.84, 'm6-1': 5.5, 'm7-1': 9.9, 'm8-1': 26.11}",8.19,74.038,79.49799999999999,inf,117.315,117.315
62,T5,BESTEFFORT,MISSED,m1-1,7.392,"{'m1-1': 5.8, 'm2-1': 5.39, 'm3-1': 99.01, 'm4-1': 23.44, 'm5-1': 151.23, 'm6-1': 5.41, 'm7-1': 9.63, 'm8-1': 25.74}",1.7100000000000009,116.252,inf,117.392,117.392,117.392
63,T4,BESTEFFORT,MISSED,m1-1,7.413,"{'m1-1': 5.16, 'm2-1': 5.54, 'm3-1': 103.66, 'm4-1': 24.92, 'm5-1': 166.97, 'm6-1': 5.36, 'm7-1': 10.07, 'm8-1': 24.84}",0.031500000000001194,117.392,inf,117.413,117.413,117.413
64,T5,BESTEFFORT,MISSED,m6-1,7.453,"{'m1-1': 5.63, 'm2-1': 5.11, 'm3-1': 104.83, 'm4-1': 23.12, 'm5-1': 145.58, 'm6-1': 5.09, 'm7-1': 9.45, 'm8-1': 24.28}",0.46050000000000324,117.146,inf,117.453,117.453,117.453
65,T2,BESTEFFORT,MISSED,m1-1,7.631,"{'m1-1': 4.9, 'm2-1': 5.44, 'm3-1': 102.49, 'm4-1': 27.16, 'm5-1': 155.21, 'm6-1': 5.5, 'm7-1': 9.52, 'm8-1': 28.65}",0.3270000000000053,117.413,inf,117.631,117.631,117.631
66,T7,BESTEFFORT,MISSED,m6-1,7.776,"{'m1-1': 5.27, 'm2-1': 5.1, 'm3-1': 115.7, 'm4-1': 24.62, 'm5-1': 154.74, 'm6-1': 5.14, 'm7-1': 11.43, 'm8-1': 25.21}",0.48449999999998994,117.453,inf,117.776,117.776,117.776
67,T9,BESTEFFORT,MISSED,m6-1,8.012,"{'m1-1': 5.67, 'm2-1': 4.93, 'm3-1': 105.86, 'm4-1': 24.12, 'm5-1': 160.28, 'm6-1': 5.22, 'm7-1': 9.66, 'm8-1': 27.48}",0.3540000000000063,117.776,inf,118.012,118.012,118.012
68,T10,BESTEFFORT,MISSED,m1-1,8.02,"{'m1-1': 5.19, 'm2-1': 5.06, 'm3-1': 107.81, 'm4-1': 29.1, 'm5-1': 159.04, 'm6-1': 5.36, 'm7-1': 10.56, 'm8-1': 25.48}",0.5834999999999937,117.631,inf,118.02,118.02,118.02
69,T9,BESTEFFORT,COMPLETED,m2-1,8.024,"{'m1-1': 5.68, 'm2-1': 5.38, 'm3-1': 100.6, 'm4-1': 26.32, 'm5-1': 145.06, 'm6-1': 5.04, 'm7-1': 10.54, 'm8-1': 26.82}",8.07,79.49799999999999,84.87799999999999,inf,118.024,118.024
70,T7,BESTEFFORT,COMPLETED,m2-1,8.081,"{'m1-1': 5.27, 'm2-1': 5.08, 'm3-1': 108.82, 'm4-1': 25.52, 'm5-1': 152.21, 'm6-1': 5.41, 'm7-1': 10.66, 'm8-1': 27.07}",7.62,84.87799999999999,89.95799999999998,inf,118.081,118.081
71,T9,BESTEFFORT,COMPLETED,m2-1,8.218,"{'m1-1': 5.07, 'm2-1': 5.46, 'm3-1': 106.19, 'm4-1': 25.53, 'm5-1': 140.49, 'm6-1': 4.77, 'm7-1': 11.27, 'm8-1': 27.85}",8.19,89.95799999999998,95.41799999999998,inf,118.218,118.218
72,T1,BESTEFFORT,MISSED,m1-1,8.226,"{'m1-1': 5.18, 'm2-1': 5.18, 'm3-1': 110.37, 'm4-1': 25.95, 'm5-1': 156.64, 'm6-1': 5.88, 'm7-1': 10.61, 'm8-1': 23.52}",0.3090000000000046,118.02,inf,118.226,118.226,118.226
73,T3,BESTEFFORT,MISSED,m1-1,8.239,"{'m1-1': 5.01, 'm2-1': 5.48, 'm3-1': 101.47, 'm4-1': 24.76, 'm5-1': 137.79, 'm6-1': 5.12, 'm7-1': 9.62, 'm8-1': 25.47}",0.019500000000007844,118.226,inf,118.239,118.239,118.239
74,T9,BESTEFFORT,COMPLETED,m2-1,8.371,"{'m1-1': 5.12, 'm2-1': 4.84, 'm3-1': 99.03, 'm4-1': 25.76, 'm5-1': 144.57, 'm6-1': 5.39, 'm7-1': 9.94, 'm8-1': 25.42}",7.26,95.41799999999998,100.25799999999998,inf,118.371,118.371
75,T10,BESTEFFORT,MISSED,m1-1,8.376,"{'m1-1': 5.05, 'm2-1': 4.98, 'm3-1': 99.26, 'm4-1': 27.73, 'm5-1': 156.55, 'm6-1': 5.11, 'm7-1': 11.0, 'm8-1': 24.88}",0.20550000000000068,118.239,inf,118.376,118.376,118.376
76,T7,BESTEFFORT,MISSED,m6-1,8.426,"{'m1-1': 5.36, 'm2-1': 5.58, 'm3-1': 113.28, 'm4-1': 24.74, 'm5-1': 142.3, 'm6-1': 5.68, 'm7-1': 11.19, 'm8-1': 28.39}",0.6210000000000022,118.012,inf,118.426,118.426,118.426
77,T6,BESTEFFORT,COMPLETED,m2-1,8.931,"{'m1-1': 4.75, 'm2-1': 5.61, 'm3-1': 102.14, 'm4-1': 27.81, 'm5-1': 164.04, 'm6-1': 5.11, 'm7-1': 11.8, 'm8-1': 25.26}",8.415000000000001,100.25799999999998,105.86799999999998,inf,118.931,118.931
78,T1,BESTEFFORT,MISSED,m1-1,8.956,"{'m1-1': 5.68, 'm2-1': 5.27, 'm3-1': 104.34, 'm4-1': 24.88, 'm5-1': 156.64, 'm6-1': 5.89, 'm7-1': 10.41, 'm8-1': 26.87}",0.8699999999999974,118.376,inf,118.956,118.956,118.956
79,T5,BESTEFFORT,MISSED,m1-1,8.972,"{'m1-1': 5.36, 'm2-1': 4.75, 'm3-1': 94.08, 'm4-1': 23.48, 'm5-1': 160.57, 'm6-1': 5.36, 'm7-1': 10.04, 'm8-1': 26.38}",0.0239999999999867,118.956,inf,118.972,118.972,118.972
80,T8,BESTEFFORT,MISSED,m6-1,9.302,"{'m1-1': 5.36, 'm2-1': 5.58, 'm3-1': 110.02, 'm4-1': 28.45, 'm5-1': 175.35, 'm6-1': 4.79, 'm7-1': 11.48, 'm8-1': 27.48}",1.3139999999999858,118.426,inf,119.30199999999999,119.30199999999999,119.30199999999999
81,T3,BESTEFFORT,MISSED,m1-1,9.404,"{'m1-1': 5.48, 'm2-1': 5.71, 'm3-1': 104.49, 'm4-1': 27.66, 'm5-1': 157.34, 'm6-1': 5.73, 'm7-1': 10.41, 'm8-1': 26.2}",0.6480000000000032,118.972,inf,119.404,119.404,119.404
82,T6,BESTEFFORT,MISSED,m1-1,9.454,"{'m1-1': 5.45, 'm2-1': 4.94, 'm3-1': 100.43, 'm4-1': 24.55, 'm5-1': 152.91, 'm6-1': 5.7, 'm7-1': 11.44, 'm8-1': 27.56}",0.07500000000001705,119.404,inf,119.45400000000001,119.45400000000001,119.45400000000001
83,T5,BESTEFFORT,MISSED,m6-1,9.908,"{'m1-1': 5.22, 'm2-1': 4.89, 'm3-1': 95.63, 'm4-1': 23.05, 'm5-1': 159.76, 'm6-1': 5.08, 'm7-1': 10.27, 'm8-1': 24.26}",0.9090000000000131,119.30199999999999,inf,119.908,119.908,119.908
84,T4,BESTEFFORT,MISSED,m1-1,9.919,"{'m1-1': 5.55, 'm2-1': 5.84, 'm3-1': 109.72, 'm4-1': 26.94, 'm5-1': 159.82, 'm6-1': 5.24, 'm7-1': 10.24, 'm8-1': 24.4}",0.6974999999999838,119.45400000000001,inf,119.919,119.919,119.919
85,T9,BESTEFFORT,MISSED,m6-1,9.947,"{'m1-1': 4.94, 'm2-1': 4.92, 'm3-1': 110.84, 'm4-1': 25.24, 'm5-1': 160.68, 'm6-1': 5.17, 'm7-1': 10.35, 'm8-1': 27.13}",0.05850000000000222,119.908,inf,119.947,119.947,119.947
86,T1,BESTEFFORT,MISSED,m6-1,10.064,"{'m1-1': 5.93, 'm2-1': 4.83, 'm3-1': 100.26, 'm4-1': 24.55, 'm5-1': 155.12, 'm6-1': 5.63, 'm7-1': 10.12, 'm8-1': 26.54}",0.17549999999998533,119.947,inf,120.064,120.064,120.064
87,T3,BESTEFFORT,MISSED,m1-1,10.098,"{'m1-1': 4.99, 'm2-1': 5.5, 'm3-1': 107.77, 'm4-1': 28.23, 'm5-1': 139.74, 'm6-1': 5.38, 'm7-1': 10.49, 'm8-1': 25.42}",0.26850000000000307,119.919,inf,120.098,120.098,120.098
88,T9,BESTEFFORT,MISSED,m6-1,10.153,"{'m1-1': 5.2, 'm2-1': 4.82, 'm3-1': 115.02, 'm4-1': 26.05, 'm5-1': 150.41, 'm6-1': 4.95, 'm7-1': 9.6, 'm8-1': 29.4}",0.13350000000001927,120.064,inf,120.153,120.153,120.153
89,T1,BESTEFFORT,MISSED,m1-1,10.212,"{'m1-1': 5.07, 'm2-1': 5.56, 'm3-1': 110.78, 'm4-1': 24.85, 'm5-1': 142.61, 'm6-1': 5.85, 'm7-1': 10.84, 'm8-1': 26.01}",0.17100000000000648,120.098,inf,120.212,120.212,120.212
90,T10,BESTEFFORT,COMPLETED,m2-1,10.244,"{'m1-1': 5.52, 'm2-1': 4.93, 'm3-1': 97.21, 'm4-1': 25.19, 'm5-1': 157.24, 'm6-1': 5.54, 'm7-1': 11.6, 'm8-1': 24.63}",7.395,105.86799999999998,110.79799999999997,inf,120.244,120.244
91,T1,BESTEFFORT,MISSED,m1-1,10.325,"{'m1-1': 5.69, 'm2-1': 5.46, 'm3-1': 101.86, 'm4-1': 27.15, 'm5-1': 152.97, 'm6-1': 5.88, 'm7-1': 10.28, 'm8-1': 26.68}",0.16949999999999932,120.212,inf,120.325,120.325,120.325
92,T10,BESTEFFORT,MISSED,m6-1,10.339,"{'m1-1': 5.18, 'm2-1': 4.86, 'm3-1': 102.27, 'm4-1': 27.13, 'm5-1': 176.89, 'm6-1': 5.55, 'm7-1': 10.67, 'm8-1': 26.88}",0.27899999999998926,120.153,inf,120.339,120.339,120.339
93,T3,BESTEFFORT,MISSED,m1-1,10.562,"{'m1-1': 4.82, 'm2-1': 5.7, 'm3-1': 103.2, 'm4-1': 27.78, 'm5-1': 140.92, 'm6-1': 5.8, 'm7-1': 9.77, 'm8-1': 25.5}",0.35549999999999216,120.325,inf,120.562,120.562,120.562
94,T10,BESTEFFORT,COMPLETED,m2-1,10.598,"{'m1-1': 5.19, 'm2-1': 5.43, 'm3-1': 98.12, 'm4-1': 27.3, 'm5-1': 160.49, 'm6-1': 5.22, 'm7-1': 11.46, 'm8-1': 25.17}",8.145,110.79799999999997,116.22799999999998,inf,120.598,120.598
95,T1,BESTEFFORT,MISSED,m2-1,10.782,"{'m1-1': 5.26, 'm2-1': 5.42, 'm3-1': 108.39, 'm4-1': 27.1, 'm5-1': 152.03, 'm6-1': 5.76, 'm7-1': 10.95, 'm8-1': 25.3}",6.831000000000024,116.22799999999998,inf,120.782,120.782,120.782
96,T5,BESTEFFORT,MISSED,m2-1,10.928,"{'m1-1': 5.11, 'm2-1': 5.02, 'm3-1': 110.56, 'm4-1': 26.97, 'm5-1': 141.29, 'm6-1': 4.62, 'm7-1': 10.78, 'm8-1': 25.84}",0.2190000000000012,120.782,inf,120.928,120.928,120.928
97,T2,BESTEFFORT,MISSED,m1-1,10.986,"{'m1-1': 4.71, 'm2-1': 5.75, 'm3-1': 101.81, 'm4-1': 29.44, 'm5-1': 170.94, 'm6-1': 5.17, 'm7-1': 10.32, 'm8-1': 26.09}",0.6360000000000099,120.562,inf,120.986,120.986,120.986
98,T3,BESTEFFORT,MISSED,m1-1,11.005,"{'m1-1': 5.66, 'm2-1': 5.07, 'm3-1': 93.19, 'm4-1': 28.27, 'm5-1': 152.11, 'm6-1': 5.83, 'm7-1': 9.9, 'm8-1': 27.27}",0.02849999999998687,120.986,inf,121.005,121.005,121.005
99,T2,BESTEFFORT,MISSED,m1-1,11.025,"{'m1-1': 4.68, 'm2-1': 5.59, 'm3-1': 96.96, 'm4-1': 26.15, 'm5-1': 151.95, 'm6-1': 5.61, 'm7-1': 10.66, 'm8-1': 24.92}",0.030000000000015348,121.005,inf,121.025,121.025,121.025
100,T8,BESTEFFORT,MISSED,m6-1,11.178,"{'m1-1': 5.32, 'm2-1': 4.92, 'm3-1': 106.58, 'm4-1': 26.75, 'm5-1': 176.49, 'm6-1': 4.84, 'm7-1': 10.2, 'm8-1': 27.79}",1.258499999999998,120.339,inf,121.178,121.178,121.178
101,T5,BESTEFFORT,MISSED,m1-1,11.197,"{'m1-1': 5.53, 'm2-1': 5.01, 'm3-1': 100.84, 'm4-1': 23.85, 'm5-1': 158.73, 'm6-1': 5.17, 'm7-1': 10.33, 'm8-1': 26.28}",0.25799999999999557,121.025,inf,121.197,121.197,121.197
102,T8,BESTEFFORT,MISSED,m6-1,11.227,"{'m1-1': 5.76, 'm2-1': 5.31, 'm3-1': 114.97, 'm4-1': 24.9, 'm5-1': 162.83, 'm6-1': 5.07, 'm7-1': 10.36, 'm8-1': 27.79}",0.07350000000000989,121.178,inf,121.227,121.227,121.227
103,T8,BESTEFFORT,MISSED,m6-1,11.344,"{'m1-1': 5.75, 'm2-1': 4.9, 'm3-1': 112.85, 'm4-1': 28.22, 'm5-1': 155.81, 'm6-1': 5.09, 'm7-1': 10.97, 'm8-1': 28.74}",0.17549999999998533,121.227,inf,121.344,121.344,121.344
104,T10,BESTEFFORT,MISSED,m1-1,11.435,"{'m1-1': 5.06, 'm2-1': 5.64, 'm3-1': 107.35, 'm4-1': 27.63, 'm5-1': 153.76, 'm6-1': 5.12, 'm7-1': 10.47, 'm8-1': 28.08}",0.3569999999999993,121.197,inf,121.435,121.435,121.435
105,T2,BESTEFFORT,MISSED,m1-1,11.654,"{'m1-1': 4.88, 'm2-1': 5.53, 'm3-1': 99.72, 'm4-1': 28.92, 'm5-1': 152.59, 'm6-1': 5.28, 'm7-1': 10.3, 'm8-1': 28.09}",0.32849999999999113,121.435,inf,121.654,121.654,121.654
106,T1,BESTEFFORT,MISSED,m6-1,11.715,"{'m1-1': 5.03, 'm2-1': 5.09, 'm3-1': 102.58, 'm4-1': 25.37, 'm5-1': 156.6, 'm6-1': 5.63, 'm7-1': 10.73, 'm8-1': 23.19}",0.556500000000014,121.344,inf,121.715,121.715,121.715
107,T8,BESTEFFORT,MISSED,m1-1,11.737,"{'m1-1': 4.93, 'm2-1': 5.64, 'm3-1': 103.84, 'm4-1': 25.97, 'm5-1': 162.15, 'm6-1': 5.35, 'm7-1': 11.08, 'm8-1': 27.13}",0.12449999999999761,121.654,inf,121.737,121.737,121.737
108,T1,BESTEFFORT,MISSED,m6-1,11.759,"{'m1-1': 5.88, 'm2-1': 5.18, 'm3-1': 109.59, 'm4-1': 27.59, 'm5-1': 140.44, 'm6-1': 5.83, 'm7-1': 10.17, 'm8-1': 25.12}",0.0659999999999954,121.715,inf,121.759,121.759,121.759
109,T9,BESTEFFORT,MISSED,m6-1,11.764,"{'m1-1': 5.53, 'm2-1': 5.03, 'm3-1': 108.49, 'm4-1': 25.12, 'm5-1': 153.97, 'm6-1': 5.15, 'm7-1': 10.89, 'm8-1': 28.94}",0.007499999999993179,121.759,inf,121.764,121.764,121.764
110,T4,BESTEFFORT,MISSED,m6-1,11.806,"{'m1-1': 5.07, 'm2-1': 5.69, 'm3-1': 97.75, 'm4-1': 26.24, 'm5-1': 145.82, 'm6-1': 5.84, 'm7-1': 9.85, 'm8-1': 26.43}",0.06300000000000239,121.764,inf,121.806,121.806,121.806
111,T8,BESTEFFORT,MISSED,m2-1,11.818,"{'m1-1': 5.84, 'm2-1': 5.67, 'm3-1': 112.28, 'm4-1': 25.92, 'm5-1': 151.6, 'm6-1': 4.96, 'm7-1': 11.72, 'm8-1': 27.97}",1.3350000000000009,120.928,inf,121.818,121.818,121.818
112,T6,BESTEFFORT,MISSED,m1-1,12.053,"{'m1-1': 5.24, 'm2-1': 5.18, 'm3-1': 104.26, 'm4-1': 24.76, 'm5-1': 149.77, 'm6-1': 5.1, 'm7-1': 11.19, 'm8-1': 25.91}",0.47400000000000375,121.737,inf,122.053,122.053,122.053
113,T3,BESTEFFORT,MISSED,m1-1,12.082,"{'m1-1': 4.82, 'm2-1': 5.95, 'm3-1': 99.02, 'm4-1': 27.01, 'm5-1': 146.24, 'm6-1': 5.52, 'm7-1': 9.41, 'm8-1': 26.07}",0.04349999999999454,122.053,inf,122.082,122.082,122.082
114,T8,BESTEFFORT,MISSED,m6-1,12.093,"{'m1-1': 5.15, 'm2-1': 5.08, 'm3-1': 111.13, 'm4-1': 27.12, 'm5-1': 163.77, 'm6-1': 4.78, 'm7-1': 10.16, 'm8-1': 26.68}",0.4305000000000092,121.806,inf,122.093,122.093,122.093
115,T1,BESTEFFORT,MISSED,m2-1,12.301,"{'m1-1': 5.29, 'm2-1': 5.01, 'm3-1': 107.02, 'm4-1': 23.45, 'm5-1': 162.74, 'm6-1': 5.1, 'm7-1': 11.32, 'm8-1': 26.66}",0.7245000000000061,121.818,inf,122.301,122.301,122.301
116,T6,BESTEFFORT,MISSED,m1-1,12.433,"{'m1-1': 5.12, 'm2-1': 5.3, 'm3-1': 107.61, 'm4-1': 24.34, 'm5-1': 160.76, 'm6-1': 5.56, 'm7-1': 11.68, 'm8-1': 27.48}",0.5264999999999986,122.082,inf,122.43299999999999,122.43299999999999,122.43299999999999
117,T2,BESTEFFORT,MISSED,m2-1,12.508,"{'m1-1': 5.27, 'm2-1': 5.06, 'm3-1': 100.59, 'm4-1': 27.74, 'm5-1': 156.66, 'm6-1': 5.91, 'm7-1': 10.91, 'm8-1': 28.24}",0.31049999999999045,122.301,inf,122.508,122.508,122.508
118,T5,BESTEFFORT,MISSED,m6-1,12.568,"{'m1-1': 5.21, 'm2-1': 5.32, 'm3-1': 110.22, 'm4-1': 24.93, 'm5-1': 159.73, 'm6-1': 5.38, 'm7-1': 9.96, 'm8-1': 27.16}",0.7124999999999915,122.093,inf,122.568,122.568,122.568
119,T3,BESTEFFORT,MISSED,m1-1,12.588,"{'m1-1': 5.29, 'm2-1': 5.47, 'm3-1': 104.21, 'm4-1': 24.44, 'm5-1': 161.28, 'm6-1': 5.6, 'm7-1': 10.37, 'm8-1': 26.04}",0.2325000000000017,122.43299999999999,inf,122.588,122.588,122.588
120,T1,BESTEFFORT,MISSED,m2-1,12.648,"{'m1-1': 5.52, 'm2-1': 4.98, 'm3-1': 102.51, 'm4-1': 23.92, 'm5-1': 145.53, 'm6-1': 5.57, 'm7-1': 10.29, 'm8-1': 23.96}",0.21000000000000085,122.508,inf,122.648,122.648,122.648
121,T9,BESTEFFORT,MISSED,m2-1,12.657,"{'m1-1': 5.66, 'm2-1': 5.22, 'm3-1': 106.14, 'm4-1': 25.99, 'm5-1': 142.61, 'm6-1': 5.16, 'm7-1': 10.58, 'm8-1': 27.98}",0.013500000000000512,122.648,inf,122.657,122.657,122.657
122,T1,BESTEFFORT,MISSED,m2-1,12.673,"{'m1-1': 5.49, 'm2-1': 5.54, 'm3-1': 107.66, 'm4-1': 25.63, 'm5-1': 162.64, 'm6-1': 5.01, 'm7-1': 9.94, 'm8-1': 23.23}",0.024000000000008015,122.657,inf,122.673,122.673,122.673
123,T8,BESTEFFORT,MISSED,m6-1,12.681,"{'m1-1': 5.04, 'm2-1': 5.04, 'm3-1': 115.27, 'm4-1': 25.7, 'm5-1': 162.39, 'm6-1': 4.96, 'm7-1': 10.32, 'm8-1': 26.22}",0.16949999999999932,122.568,inf,122.681,122.681,122.681
124,T10,BESTEFFORT,MISSED,m6-1,12.712,"{'m1-1': 4.95, 'm2-1': 5.72, 'm3-1': 107.46, 'm4-1': 26.34, 'm5-1': 149.83, 'm6-1': 5.55, 'm7-1': 11.11, 'm8-1': 26.87}",0.04650000000000887,122.681,inf,122.712,122.712,122.712
125,T2,BESTEFFORT,MISSED,m1-1,12.79,"{'m1-1': 5.41, 'm2-1': 5.07, 'm3-1': 105.86, 'm4-1': 25.17, 'm5-1': 145.08, 'm6-1': 5.51, 'm7-1': 10.16, 'm8-1': 28.14}",0.30299999999999727,122.588,inf,122.78999999999999,122.78999999999999,122.78999999999999
126,T10,BESTEFFORT,MISSED,m2-1,12.824,"{'m1-1': 5.7, 'm2-1': 5.11, 'm3-1': 97.06, 'm4-1': 28.99, 'm5-1': 156.1, 'm6-1': 5.63, 'm7-1': 11.04, 'm8-1': 26.59}",0.22649999999999437,122.673,inf,122.824,122.824,122.824
127,T1,BESTEFFORT,MISSED,m1-1,12.868,"{'m1-1': 5.62, 'm2-1': 4.99, 'm3-1': 108.27, 'm4-1': 24.36, 'm5-1': 162.75, 'm6-1': 5.62, 'm7-1': 9.86, 'm8-1': 23.23}",0.11700000000000443,122.78999999999999,inf,122.868,122.868,122.868
128,T4,BESTEFFORT,MISSED,m1-1,12.9,"{'m1-1': 4.71, 'm2-1': 5.13, 'm3-1': 111.56, 'm4-1': 28.82, 'm5-1': 159.71, 'm6-1': 5.12, 'm7-1': 11.12, 'm8-1': 28.18}",0.04800000000001603,122.868,inf,122.9,122.9,122.9
129,T3,BESTEFFORT,MISSED,m1-1,12.922,"{'m1-1': 5.37, 'm2-1': 5.27, 'm3-1': 96.03, 'm4-1': 28.27, 'm5-1': 157.33, 'm6-1': 5.92, 'm7-1': 9.34, 'm8-1': 24.03}",0.03299999999998704,122.9,inf,122.922,122.922,122.922
130,T4,BESTEFFORT,MISSED,m6-1,12.959,"{'m1-1': 4.95, 'm2-1': 5.79, 'm3-1': 97.68, 'm4-1': 26.1, 'm5-1': 152.34, 'm6-1': 5.57, 'm7-1': 9.84, 'm8-1': 27.66}",0.37049999999999983,122.712,inf,122.959,122.959,122.959
131,T1,BESTEFFORT,MISSED,m2-1,13.029,"{'m1-1': 5.52, 'm2-1': 5.37, 'm3-1': 102.0, 'm4-1': 23.73, 'm5-1': 147.67, 'm6-1': 5.15, 'm7-1': 11.35, 'm8-1': 26.53}",0.30749999999999744,122.824,inf,123.029,123.029,123.029
132,T2,BESTEFFORT,MISSED,m2-1,13.095,"{'m1-1': 5.02, 'm2-1': 5.41, 'm3-1': 110.34, 'm4-1': 27.29, 'm5-1': 159.73, 'm6-1': 5.4, 'm7-1': 10.98, 'm8-1': 28.25}",0.09900000000000375,123.029,inf,123.095,123.095,123.095
133,T3,BESTEFFORT,MISSED,m6-1,13.247,"{'m1-1': 4.85, 'm2-1': 5.4, 'm3-1': 103.5, 'm4-1': 28.45, 'm5-1': 146.34, 'm6-1': 5.18, 'm7-1': 9.78, 'm8-1': 24.9}",0.43199999999999505,122.959,inf,123.247,123.247,123.247
134,T4,BESTEFFORT,MISSED,m2-1,13.433,"{'m1-1': 4.97, 'm2-1': 5.58, 'm3-1': 96.18, 'm4-1': 26.23, 'm5-1': 154.7, 'm6-1': 5.6, 'm7-1': 9.8, 'm8-1': 27.33}",0.5069999999999908,123.095,inf,123.43299999999999,123.43299999999999,123.43299999999999
135,T1,BESTEFFORT,MISSED,m6-1,13.475,"{'m1-1': 5.16, 'm2-1': 5.64, 'm3-1': 104.72, 'm4-1': 24.56, 'm5-1': 140.14, 'm6-1': 4.99, 'm7-1': 9.81, 'm8-1': 24.75}",0.34199999999999164,123.247,inf,123.475,123.475,123.475
136,T8,BESTEFFORT,MISSED,m1-1,13.484,"{'m1-1': 5.83, 'm2-1': 4.97, 'm3-1': 113.36, 'm4-1': 26.26, 'm5-1': 159.23, 'm6-1': 5.39, 'm7-1': 11.57, 'm8-1': 29.33}",0.8429999999999964,122.922,inf,123.484,123.484,123.484
137,T1,BESTEFFORT,MISSED,m2-1,13.498,"{'m1-1': 5.69, 'm2-1': 5.66, 'm3-1': 109.15, 'm4-1': 26.9, 'm5-1': 157.39, 'm6-1': 5.34, 'm7-1': 10.11, 'm8-1': 27.18}",0.0975000000000179,123.43299999999999,inf,123.498,123.498,123.498
138,T2,BESTEFFORT,MISSED,m6-1,13.697,"{'m1-1': 5.48, 'm2-1': 5.26, 'm3-1': 102.63, 'm4-1': 27.17, 'm5-1': 162.84, 'm6-1': 5.5, 'm7-1': 10.59, 'm8-1': 28.57}",0.3330000000000126,123.475,inf,123.697,123.697,123.697
139,T6,BESTEFFORT,MISSED,m1-1,13.699,"{'m1-1': 4.86, 'm2-1': 5.41, 'm3-1': 101.1, 'm4-1': 23.97, 'm5-1': 151.77, 'm6-1': 5.01, 'm7-1': 10.31, 'm8-1': 24.93}",0.3225000000000051,123.484,inf,123.699,123.699,123.699
140,T2,BESTEFFORT,MISSED,m2-1,13.885,"{'m1-1': 4.68, 'm2-1': 5.22, 'm3-1': 98.74, 'm4-1': 27.36, 'm5-1': 150.47, 'm6-1': 5.5, 'm7-1': 9.63, 'm8-1': 24.67}",0.5805000000000007,123.498,inf,123.885,123.885,123.885
141,T6,BESTEFFORT,MISSED,m1-1,13.919,"{'m1-1': 4.77, 'm2-1': 4.83, 'm3-1': 99.23, 'm4-1': 24.44, 'm5-1': 145.18, 'm6-1': 4.84, 'm7-1': 11.35, 'm8-1': 27.37}",0.3299999999999983,123.699,inf,123.919,123.919,123.919
142,T4,BESTEFFORT,MISSED,m1-1,13.962,"{'m1-1': 5.45, 'm2-1': 5.62, 'm3-1': 103.42, 'm4-1': 26.44, 'm5-1': 156.58, 'm6-1': 5.12, 'm7-1': 10.13, 'm8-1': 27.68}",0.06450000000000955,123.919,inf,123.962,123.962,123.962
143,T3,BESTEFFORT,MISSED,m2-1,14.076,"{'m1-1': 5.0, 'm2-1': 5.95, 'm3-1': 106.53, 'm4-1': 28.38, 'm5-1': 157.95, 'm6-1': 5.7, 'm7-1': 10.43, 'm8-1': 26.95}",0.28649999999998244,123.885,inf,124.076,124.076,124.076
144,T4,BESTEFFORT,MISSED,m2-1,14.32,"{'m1-1': 4.78, 'm2-1': 5.07, 'm3-1': 107.21, 'm4-1': 27.8, 'm5-1': 145.75, 'm6-1': 5.12, 'm7-1': 10.33, 'm8-1': 28.35}",0.36599999999999966,124.076,inf,124.32,124.32,124.32
145,T3,BESTEFFORT,MISSED,m1-1,14.345,"{'m1-1': 5.44, 'm2-1': 5.05, 'm3-1': 95.16, 'm4-1': 24.0, 'm5-1': 143.46, 'm6-1': 5.87, 'm7-1': 10.86, 'm8-1': 26.55}",0.5744999999999933,123.962,inf,124.345,124.345,124.345
146,T9,BESTEFFORT,MISSED,m2-1,14.374,"{'m1-1': 5.73, 'm2-1': 4.96, 'm3-1': 111.7, 'm4-1': 23.82, 'm5-1': 141.26, 'm6-1': 5.16, 'm7-1': 11.17, 'm8-1': 24.87}",0.08100000000000307,124.32,inf,124.374,124.374,124.374
147,T7,BESTEFFORT,MISSED,m1-1,14.535,"{'m1-1': 4.66, 'm2-1': 5.18, 'm3-1': 110.48, 'm4-1': 24.4, 'm5-1': 151.31, 'm6-1': 4.94, 'm7-1': 11.13, 'm8-1': 26.31}",0.2849999999999966,124.345,inf,124.535,124.535,124.535
148,T3,BESTEFFORT,MISSED,m6-1,14.553,"{'m1-1': 5.54, 'm2-1': 5.12, 'm3-1': 105.24, 'm4-1': 24.81, 'm5-1': 150.83, 'm6-1': 5.86, 'm7-1': 9.91, 'm8-1': 25.24}",1.2839999999999918,123.697,inf,124.553,124.553,124.553
149,T3,BESTEFFORT,MISSED,m1-1,14.554,"{'m1-1': 4.99, 'm2-1': 5.23, 'm3-1': 103.68, 'm4-1': 24.78, 'm5-1': 147.94, 'm6-1': 5.15, 'm7-1': 10.97, 'm8-1': 23.22}",0.028500000000008185,124.535,inf,124.554,124.554,124.554
150,T3,BESTEFFORT,MISSED,m1-1,14.714,"{'m1-1': 5.43, 'm2-1': 5.25, 'm3-1': 105.15, 'm4-1': 26.77, 'm5-1': 151.69, 'm6-1': 5.29, 'm7-1': 10.6, 'm8-1': 24.94}",0.23999999999999488,124.554,inf,124.714,124.714,124.714
151,T10,BESTEFFORT,MISSED,m6-1,14.739,"{'m1-1': 5.31, 'm2-1': 5.65, 'm3-1': 105.77, 'm4-1': 26.05, 'm5-1': 161.08, 'm6-1': 4.85, 'm7-1': 11.31, 'm8-1': 25.91}",0.2790000000000106,124.553,inf,124.739,124.739,124.739
152,T2,BESTEFFORT,MISSED,m1-1,14.756,"{'m1-1': 5.29, 'm2-1': 5.46, 'm3-1': 108.81, 'm4-1': 28.71, 'm5-1': 151.21, 'm6-1': 5.65, 'm7-1': 10.81, 'm8-1': 27.91}",0.06300000000000239,124.714,inf,124.756,124.756,124.756
153,T1,BESTEFFORT,MISSED,m2-1,14.763,"{'m1-1': 5.36, 'm2-1': 5.64, 'm3-1': 104.14, 'm4-1': 27.05, 'm5-1': 141.42, 'm6-1': 5.83, 'm7-1': 10.98, 'm8-1': 27.12}",0.583500000000015,124.374,inf,124.763,124.763,124.763
154,T8,BESTEFFORT,MISSED,m6-1,14.782,"{'m1-1': 5.67, 'm2-1': 4.99, 'm3-1': 105.42, 'm4-1': 24.9, 'm5-1': 162.15, 'm6-1': 5.13, 'm7-1': 9.98, 'm8-1': 26.66}",0.06449999999998823,124.739,inf,124.782,124.782,124.782
155,T3,BESTEFFORT,MISSED,m6-1,14.816,"{'m1-1': 5.02, 'm2-1': 5.92, 'm3-1': 102.68, 'm4-1': 25.85, 'm5-1': 144.72, 'm6-1': 5.59, 'm7-1': 10.02, 'm8-1': 26.7}",0.05100000000000904,124.782,inf,124.816,124.816,124.816
156,T3,BESTEFFORT,MISSED,m1-1,14.898,"{'m1-1': 5.05, 'm2-1': 5.07, 'm3-1': 99.38, 'm4-1': 28.45, 'm5-1': 160.05, 'm6-1': 5.68, 'm7-1': 10.65, 'm8-1': 25.31}",0.21299999999999386,124.756,inf,124.898,124.898,124.898
157,T3,BESTEFFORT,MISSED,m2-1,15.036,"{'m1-1': 5.18, 'm2-1': 5.65, 'm3-1': 110.66, 'm4-1': 26.24, 'm5-1': 152.92, 'm6-1': 5.64, 'm7-1': 10.76, 'm8-1': 23.98}",0.4094999999999942,124.763,inf,125.036,125.036,125.036
158,T10,BESTEFFORT,MISSED,m2-1,15.085,"{'m1-1': 5.64, 'm2-1': 5.03, 'm3-1': 105.43, 'm4-1': 25.47, 'm5-1': 163.3, 'm6-1': 5.48, 'm7-1': 9.98, 'm8-1': 25.15}",0.07350000000000989,125.036,inf,125.08500000000001,125.08500000000001,125.08500000000001
159,T8,BESTEFFORT,MISSED,m2-1,15.124,"{'m1-1': 5.26, 'm2-1': 5.74, 'm3-1': 109.87, 'm4-1': 27.59, 'm5-1': 149.65, 'm6-1': 4.85, 'm7-1': 11.56, 'm8-1': 28.98}",0.0584999999999809,125.08500000000001,inf,125.124,125.124,125.124
160,T1,BESTEFFORT,MISSED,m6-1,15.243,"{'m1-1': 5.24, 'm2-1': 5.16, 'm3-1': 100.8, 'm4-1': 27.19, 'm5-1': 161.54, 'm6-1': 5.23, 'm7-1': 9.9, 'm8-1': 25.89}",0.6404999999999887,124.816,inf,125.243,125.243,125.243
161,T7,BESTEFFORT,MISSED,m1-1,15.259,"{'m1-1': 4.93, 'm2-1': 5.39, 'm3-1': 115.11, 'm4-1': 24.45, 'm5-1': 152.46, 'm6-1': 5.32, 'm7-1': 10.52, 'm8-1': 29.64}",0.5415000000000063,124.898,inf,125.259,125.259,125.259
162,T4,BESTEFFORT,MISSED,m1-1,15.28,"{'m1-1': 4.83, 'm2-1': 5.19, 'm3-1': 106.81, 'm4-1': 27.75, 'm5-1': 154.5, 'm6-1': 5.61, 'm7-1': 10.58, 'm8-1': 24.66}",0.031500000000001194,125.259,inf,125.28,125.28,125.28
163,T9,BESTEFFORT,MISSED,m6-1,15.296,"{'m1-1': 5.15, 'm2-1': 5.37, 'm3-1': 109.54, 'm4-1': 24.75, 'm5-1': 158.26, 'm6-1': 5.51, 'm7-1': 10.64, 'm8-1': 27.69}",0.07949999999999591,125.243,inf,125.29599999999999,125.29599999999999,125.29599999999999
164,T7,BESTEFFORT,MISSED,m1-1,15.377,"{'m1-1': 4.7, 'm2-1': 5.6, 'm3-1': 115.43, 'm4-1': 25.69, 'm5-1': 154.31, 'm6-1': 5.24, 'm7-1': 10.12, 'm8-1': 27.15}",0.1454999999999913,125.28,inf,125.377,125.377,125.377
165,T6,BESTEFFORT,MISSED,m1-1,15.392,"{'m1-1': 5.09, 'm2-1': 5.33, 'm3-1': 108.25, 'm4-1': 25.92, 'm5-1': 165.79, 'm6-1': 5.61, 'm7-1': 10.64, 'm8-1': 24.39}",0.022500000000000853,125.377,inf,125.392,125.392,125.392
166,T5,BESTEFFORT,MISSED,m6-1,15.405,"{'m1-1': 5.58, 'm2-1': 5.46, 'm3-1': 95.83, 'm4-1': 26.62, 'm5-1': 139.88, 'm6-1': 5.03, 'm7-1': 9.62, 'm8-1': 24.66}",0.1635000000000133,125.29599999999999,inf,125.405,125.405,125.405
167,T10,BESTEFFORT,MISSED,m2-1,15.516,"{'m1-1': 5.45, 'm2-1': 5.37, 'm3-1': 105.19, 'm4-1': 28.06, 'm5-1': 164.32, 'm6-1': 4.93, 'm7-1': 10.05, 'm8-1': 26.25}",0.5880000000000152,125.124,inf,125.516,125.516,125.516
168,T6,BESTEFFORT,MISSED,m1-1,15.519,"{'m1-1': 5.18, 'm2-1': 4.84, 'm3-1': 107.29, 'm4-1': 26.62, 'm5-1': 165.26, 'm6-1': 5.34, 'm7-1': 10.31, 'm8-1': 26.33}",0.19050000000001432,125.392,inf,125.519,125.519,125.519
169,T6,BESTEFFORT,MISSED,m6-1,15.604,"{'m1-1': 4.79, 'm2-1': 5.38, 'm3-1': 98.44, 'm4-1': 26.21, 'm5-1': 165.55, 'm6-1': 5.28, 'm7-1': 11.54, 'm8-1': 28.13}",0.2984999999999971,125.405,inf,125.604,125.604,125.604
170,T7,BESTEFFORT,MISSED,m2-1,15.634,"{'m1-1': 5.18, 'm2-1': 5.49, 'm3-1': 115.87, 'm4-1': 24.33, 'm5-1': 139.2, 'm6-1': 5.28, 'm7-1': 11.22, 'm8-1': 28.25}",0.1769999999999925,125.516,inf,125.634,125.634,125.634
171,T9,BESTEFFORT,MISSED,m6-1,15.662,"{'m1-1': 5.14, 'm2-1': 4.98, 'm3-1': 104.42, 'm4-1': 26.15, 'm5-1': 163.42, 'm6-1': 5.12, 'm7-1': 10.22, 'm8-1': 26.49}",0.0870000000000104,125.604,inf,125.662,125.662,125.662
172,T5,BESTEFFORT,MISSED,m6-1,15.673,"{'m1-1': 5.02, 'm2-1': 4.74, 'm3-1': 106.89, 'm4-1': 23.49, 'm5-1': 152.9, 'm6-1': 5.32, 'm7-1': 9.72, 'm8-1': 24.68}",0.01649999999999352,125.662,inf,125.673,125.673,125.673
173,T3,BESTEFFORT,MISSED,m1-1,15.683,"{'m1-1': 5.21, 'm2-1': 5.12, 'm3-1': 97.46, 'm4-1': 25.62, 'm5-1': 153.88, 'm6-1': 5.38, 'm7-1': 9.98, 'm8-1': 24.88}",0.2459999999999809,125.519,inf,125.68299999999999,125.68299999999999,125.68299999999999
174,T7,BESTEFFORT,MISSED,m2-1,15.7,"{'m1-1': 4.94, 'm2-1': 5.21, 'm3-1': 101.19, 'm4-1': 24.9, 'm5-1': 156.02, 'm6-1': 5.12, 'm7-1': 10.93, 'm8-1': 26.95}",0.09900000000000375,125.634,inf,125.7,125.7,125.7
175,T7,BESTEFFORT,MISSED,m2-1,15.725,"{'m1-1': 4.94, 'm2-1': 5.72, 'm3-1': 109.29, 'm4-1': 26.97, 'm5-1': 161.8, 'm6-1': 5.66, 'm7-1': 9.98, 'm8-1': 27.87}",0.03749999999998721,125.7,inf,125.725,125.725,125.725
176,T6,BESTEFFORT,MISSED,m6-1,15.825,"{'m1-1': 5.0, 'm2-1': 5.63, 'm3-1': 98.64, 'm4-1': 27.0, 'm5-1': 152.27, 'm6-1': 4.9, 'm7-1': 11.04, 'm8-1': 28.31}",0.22800000000000153,125.673,inf,125.825,125.825,125.825
177,T4,BESTEFFORT,MISSED,m1-1,16.159,"{'m1-1': 4.73, 'm2-1': 5.04, 'm3-1': 105.29, 'm4-1': 29.24, 'm5-1': 152.34, 'm6-1': 5.63, 'm7-1': 10.92, 'm8-1': 25.75}",0.7139999999999986,125.68299999999999,inf,126.15899999999999,126.15899999999999,126.15899999999999
178,T6,BESTEFFORT,MISSED,m1-1,16.237,"{'m1-1': 5.2, 'm2-1': 5.61, 'm3-1': 100.76, 'm4-1': 25.25, 'm5-1': 147.5, 'm6-1': 5.37, 'm7-1': 10.01, 'm8-1': 25.9}",0.11700000000000443,126.15899999999999,inf,126.237,126.237,126.237
179,T6,BESTEFFORT,MISSED,m2-1,16.397,"{'m1-1': 4.78, 'm2-1': 5.73, 'm3-1': 102.47, 'm4-1': 25.29, 'm5-1': 142.33, 'm6-1': 5.7, 'm7-1': 11.28, 'm8-1': 27.25}",1.0079999999999956,125.725,inf,126.39699999999999,126.39699999999999,126.39699999999999
180,T6,BESTEFFORT,MISSED,m6-1,16.522,"{'m1-1': 5.34, 'm2-1': 5.68, 'm3-1': 106.17, 'm4-1': 27.78, 'm5-1': 150.02, 'm6-1': 5.23, 'm7-1': 11.12, 'm8-1': 25.8}",1.0454999999999828,125.825,inf,126.52199999999999,126.52199999999999,126.52199999999999
181,T10,BESTEFFORT,MISSED,m1-1,16.534,"{'m1-1': 5.43, 'm2-1': 5.5, 'm3-1': 102.69, 'm4-1': 26.91, 'm5-1': 167.11, 'm6-1': 5.58, 'm7-1': 11.44, 'm8-1': 25.63}",0.44549999999999557,126.237,inf,126.53399999999999,126.53399999999999,126.53399999999999
182,T4,BESTEFFORT,MISSED,m1-1,16.547,"{'m1-1': 5.06, 'm2-1': 5.43, 'm3-1': 100.34, 'm4-1': 26.87, 'm5-1': 153.5, 'm6-1': 5.47, 'm7-1': 10.55, 'm8-1': 28.11}",0.019500000000007844,126.53399999999999,inf,126.547,126.547,126.547
183,T10,BESTEFFORT,MISSED,m1-1,16.68,"{'m1-1': 4.82, 'm2-1': 5.41, 'm3-1': 97.65, 'm4-1': 28.52, 'm5-1': 150.52, 'm6-1': 4.87, 'm7-1': 11.27, 'm8-1': 26.74}",0.19950000000001467,126.547,inf,126.68,126.68,126.68
184,T2,BESTEFFORT,MISSED,m1-1,16.696,"{'m1-1': 4.96, 'm2-1': 5.1, 'm3-1': 102.7, 'm4-1': 28.12, 'm5-1': 152.52, 'm6-1': 5.69, 'm7-1': 9.9, 'm8-1': 25.66}",0.0239999999999867,126.68,inf,126.696,126.696,126.696
185,T10,BESTEFFORT,MISSED,m1-1,16.698,"{'m1-1': 5.66, 'm2-1': 5.07, 'm3-1': 97.76, 'm4-1': 28.24, 'm5-1': 172.26, 'm6-1': 4.93, 'm7-1': 11.66, 'm8-1': 27.11}",0.0030000000000143245,126.696,inf,126.69800000000001,126.69800000000001,126.69800000000001
186,T2,BESTEFFORT,MISSED,m2-1,16.883,"{'m1-1': 5.48, 'm2-1': 5.05, 'm3-1': 97.49, 'm4-1': 26.51, 'm5-1': 164.75, 'm6-1': 5.48, 'm7-1': 9.62, 'm8-1': 26.41}",0.7290000000000063,126.39699999999999,inf,126.883,126.883,126.883
187,T2,BESTEFFORT,MISSED,m2-1,17.158,"{'m1-1': 5.22, 'm2-1': 5.3, 'm3-1': 111.38, 'm4-1': 25.86, 'm5-1': 151.9, 'm6-1': 5.81, 'm7-1': 10.99, 'm8-1': 26.58}",0.4125000000000085,126.883,inf,127.158,127.158,127.158
188,T2,BESTEFFORT,MISSED,m2-1,17.437,"{'m1-1': 4.79, 'm2-1': 5.03, 'm3-1': 108.91, 'm4-1': 27.28, 'm5-1': 147.59, 'm6-1': 5.75, 'm7-1': 9.63, 'm8-1': 29.23}",0.41849999999999454,127.158,inf,127.437,127.437,127.437
189,T6,BESTEFFORT,MISSED,m2-1,17.565,"{'m1-1': 5.2, 'm2-1': 5.7, 'm3-1': 114.12, 'm4-1': 24.18, 'm5-1': 145.1, 'm6-1': 5.6, 'm7-1': 10.13, 'm8-1': 25.54}",0.19200000000000017,127.437,inf,127.565,127.565,127.565
190,T8,BESTEFFORT,MISSED,m6-1,17.651,"{'m1-1': 5.25, 'm2-1': 5.31, 'm3-1': 114.94, 'm4-1': 27.59, 'm5-1': 169.09, 'm6-1': 5.19, 'm7-1': 10.6, 'm8-1': 28.98}",1.6935000000000073,126.52199999999999,inf,127.651,127.651,127.651
191,T2,BESTEFFORT,MISSED,m1-1,17.657,"{'m1-1': 4.92, 'm2-1': 5.54, 'm3-1': 113.81, 'm4-1': 27.84, 'm5-1': 154.41, 'm6-1': 5.01, 'm7-1': 11.24, 'm8-1': 28.59}",1.4384999999999835,126.69800000000001,inf,127.657,127.657,127.657
192,T7,BESTEFFORT,MISSED,m6-1,17.735,"{'m1-1': 5.38, 'm2-1': 5.43, 'm3-1': 108.38, 'm4-1': 24.81, 'm5-1': 145.0, 'm6-1': 5.28, 'm7-1': 11.6, 'm8-1': 26.16}",0.12600000000000477,127.651,inf,127.735,127.735,127.735
193,T1,BESTEFFORT,MISSED,m1-1,17.918,"{'m1-1': 5.07, 'm2-1': 5.61, 'm3-1': 104.9, 'm4-1': 25.55, 'm5-1': 162.2, 'm6-1': 5.74, 'm7-1': 11.53, 'm8-1': 24.72}",0.39150000000001484,127.657,inf,127.918,127.918,127.918
194,T5,BESTEFFORT,MISSED,m2-1,18.089,"{'m1-1': 5.85, 'm2-1': 4.87, 'm3-1': 97.15, 'm4-1': 24.38, 'm5-1': 148.02, 'm6-1': 4.79, 'm7-1': 10.14, 'm8-1': 24.83}",0.7860000000000014,127.565,inf,128.089,128.089,128.089
195,T8,BESTEFFORT,MISSED,m6-1,18.089,"{'m1-1': 5.58, 'm2-1': 5.22, 'm3-1': 114.45, 'm4-1': 26.32, 'm5-1': 176.68, 'm6-1': 5.09, 'm7-1': 11.47, 'm8-1': 29.25}",0.5309999999999988,127.735,inf,128.089,128.089,128.089
196,T2,BESTEFFORT,MISSED,m1-1,18.513,"{'m1-1': 4.66, 'm2-1': 5.28, 'm3-1': 96.13, 'm4-1': 26.4, 'm5-1': 163.15, 'm6-1': 5.76, 'm7-1': 10.84, 'm8-1': 25.39}",0.8924999999999983,127.918,inf,128.513,128.513,128.513
197,T9,BESTEFFORT,MISSED,m2-1,18.606,"{'m1-1': 5.55, 'm2-1': 5.23, 'm3-1': 105.45, 'm4-1': 26.52, 'm5-1': 147.41, 'm6-1': 5.27, 'm7-1': 10.26, 'm8-1': 26.26}",0.7754999999999939,128.089,inf,128.606,128.606,128.606
198,T1,BESTEFFORT,MISSED,m2-1,18.758,"{'m1-1': 5.32, 'm2-1': 5.24, 'm3-1': 110.59, 'm4-1': 26.41, 'm5-1': 141.1, 'm6-1': 5.49, 'm7-1': 11.57, 'm8-1': 27.37}",0.22800000000002285,128.606,inf,128.758,128.758,128.758
199,T3,BESTEFFORT,MISSED,m1-1,18.778,"{'m1-1': 5.22, 'm2-1': 5.83, 'm3-1': 93.98, 'm4-1': 25.15, 'm5-1': 150.23, 'm6-1': 5.62, 'm7-1': 9.4, 'm8-1': 24.96}",0.39749999999997954,128.513,inf,128.778,128.778,128.778
200,T6,BESTEFFORT,MISSED,m1-1,18.779,"{'m1-1': 4.8, 'm2-1': 5.16, 'm3-1': 108.86, 'm4-1': 24.08, 'm5-1': 154.76, 'm6-1': 5.38, 'm7-1': 11.84, 'm8-1': 24.56}",0.0015000000000071623,128.778,inf,128.779,128.779,128.779
201,T4,BESTEFFORT,MISSED,m1-1,18.871,"{'m1-1': 5.09, 'm2-1': 5.82, 'm3-1': 109.11, 'm4-1': 28.89, 'm5-1': 149.14, 'm6-1': 5.01, 'm7-1': 10.48, 'm8-1': 27.89}",0.13800000000001944,128.779,inf,128.871,128.871,128.871
202,T10,BESTEFFORT,MISSED,m6-1,18.876,"{'m1-1': 4.84, 'm2-1': 5.58, 'm3-1': 107.33, 'm4-1': 25.87, 'm5-1': 174.45, 'm6-1': 5.3, 'm7-1': 11.16, 'm8-1': 25.31}",1.1805000000000092,128.089,inf,128.876,128.876,128.876
203,T4,BESTEFFORT,MISSED,m1-1,18.951,"{'m1-1': 5.27, 'm2-1': 5.29, 'm3-1': 107.96, 'm4-1': 29.14, 'm5-1': 168.68, 'm6-1': 5.07, 'm7-1': 10.5, 'm8-1': 28.52}",0.11999999999997613,128.871,inf,128.951,128.951,128.951
204,T5,BESTEFFORT,MISSED,m1-1,19.13,"{'m1-1': 5.86, 'm2-1': 4.91, 'm3-1': 97.23, 'm4-1': 26.27, 'm5-1': 149.37, 'm6-1': 5.17, 'm7-1': 9.82, 'm8-1': 23.27}",0.26850000000000307,128.951,inf,129.13,129.13,129.13
205,T2,BESTEFFORT,MISSED,m2-1,19.32,"{'m1-1': 4.9, 'm2-1': 5.63, 'm3-1': 108.68, 'm4-1': 26.4, 'm5-1': 160.4, 'm6-1': 5.5, 'm7-1': 10.53, 'm8-1': 27.74}",0.8429999999999751,128.758,inf,129.32,129.32,129.32
206,T6,BESTEFFORT,MISSED,m1-1,19.334,"{'m1-1': 4.78, 'm2-1': 5.62, 'm3-1': 109.78, 'm4-1': 25.49, 'm5-1': 143.05, 'm6-1': 5.72, 'm7-1': 10.67, 'm8-1': 24.62}",0.3060000000000116,129.13,inf,129.334,129.334,129.334
207,T9,BESTEFFORT,MISSED,m6-1,19.367,"{'m1-1': 5.34, 'm2-1': 5.28, 'm3-1': 112.67, 'm4-1': 25.3, 'm5-1': 161.07, 'm6-1': 5.05, 'm7-1': 10.78, 'm8-1': 28.57}",0.7364999999999782,128.876,inf,129.367,129.367,129.367
208,T4,BESTEFFORT,MISSED,m1-1,19.391,"{'m1-1': 4.74, 'm2-1': 5.07, 'm3-1': 107.61, 'm4-1': 27.32, 'm5-1': 169.83, 'm6-1': 5.84, 'm7-1': 11.4, 'm8-1': 26.91}",0.08549999999998192,129.334,inf,129.391,129.391,129.391
209,T9,BESTEFFORT,MISSED,m6-1,19.458,"{'m1-1': 5.37, 'm2-1': 5.46, 'm3-1': 100.85, 'm4-1': 26.06, 'm5-1': 144.98, 'm6-1': 4.97, 'm7-1': 10.29, 'm8-1': 25.0}",0.13650000000001228,129.367,inf,129.458,129.458,129.458
210,T10,BESTEFFORT,MISSED,m2-1,19.609,"{'m1-1': 5.71, 'm2-1': 4.95, 'm3-1': 106.72, 'm4-1': 26.0, 'm5-1': 152.9, 'm6-1': 5.61, 'm7-1': 11.14, 'm8-1': 28.15}",0.43350000000002353,129.32,inf,129.609,129.609,129.609
211,T10,BESTEFFORT,MISSED,m6-1,19.701,"{'m1-1': 5.36, 'm2-1': 5.11, 'm3-1': 101.68, 'm4-1': 25.47, 'm5-1': 169.23, 'm6-1': 5.17, 'm7-1': 11.76, 'm8-1': 25.48}",0.3644999999999925,129.458,inf,129.701,129.701,129.701
212,T10,BESTEFFORT,MISSED,m6-1,19.72,"{'m1-1': 5.09, 'm2-1': 5.28, 'm3-1': 100.61, 'm4-1': 27.49, 'm5-1': 158.23, 'm6-1': 5.58, 'm7-1': 11.7, 'm8-1': 26.69}",0.028500000000008185,129.701,inf,129.72,129.72,129.72
213,T8,BESTEFFORT,MISSED,m6-1,19.76,"{'m1-1': 5.04, 'm2-1': 5.71, 'm3-1': 109.09, 'm4-1': 25.55, 'm5-1': 176.53, 'm6-1': 5.34, 'm7-1': 11.65, 'm8-1': 27.26}",0.05999999999998806,129.72,inf,129.76,129.76,129.76
214,T8,BESTEFFORT,MISSED,m2-1,19.769,"{'m1-1': 5.68, 'm2-1': 5.2, 'm3-1': 106.28, 'm4-1': 25.7, 'm5-1': 158.5, 'm6-1': 5.46, 'm7-1': 10.3, 'm8-1': 28.66}",0.23999999999999488,129.609,inf,129.769,129.769,129.769
215,T1,BESTEFFORT,MISSED,m2-1,19.832,"{'m1-1': 5.61, 'm2-1': 5.11, 'm3-1': 112.07, 'm4-1': 27.59, 'm5-1': 163.05, 'm6-1': 5.24, 'm7-1': 10.88, 'm8-1': 26.98}",0.09449999999998226,129.769,inf,129.832,129.832,129.832
216,T1,BESTEFFORT,MISSED,m2-1,19.846,"{'m1-1': 5.23, 'm2-1': 5.66, 'm3-1': 110.39, 'm4-1': 26.94, 'm5-1': 144.12, 'm6-1': 5.08, 'm7-1': 10.15, 'm8-1': 27.51}",0.021000000000015007,129.832,inf,129.846,129.846,129.846
217,T8,BESTEFFORT,MISSED,m6-1,19.926,"{'m1-1': 5.19, 'm2-1': 5.4, 'm3-1': 103.19, 'm4-1': 27.77, 'm5-1': 150.44, 'm6-1': 4.98, 'm7-1': 10.86, 'm8-1': 26.73}",0.24899999999999523,129.76,inf,129.926,129.926,129.926
218,T4,BESTEFFORT,MISSED,m1-1,19.947,"{'m1-1': 5.24, 'm2-1': 5.86, 'm3-1': 97.21, 'm4-1': 25.01, 'm5-1': 150.01, 'm6-1': 5.56, 'm7-1': 9.81, 'm8-1': 24.84}",0.8340000000000174,129.391,inf,129.947,129.947,129.947
219,T6,BESTEFFORT,MISSED,m1-1,20.08,"{'m1-1': 5.21, 'm2-1': 5.32, 'm3-1': 110.01, 'm4-1': 27.7, 'm5-1': 162.19, 'm6-1': 4.93, 'm7-1': 11.8, 'm8-1': 25.64}",0.19949999999997203,129.947,inf,130.07999999999998,130.07999999999998,130.07999999999998
220,T8,BESTEFFORT,MISSED,m6-1,20.113,"{'m1-1': 5.59, 'm2-1': 5.68, 'm3-1': 98.66, 'm4-1': 26.35, 'm5-1': 169.53, 'm6-1': 5.46, 'm7-1': 10.22, 'm8-1': 25.35}",0.28050000000001774,129.926,inf,130.113,130.113,130.113
221,T4,BESTEFFORT,MISSED,m6-1,20.144,"{'m1-1': 5.2, 'm2-1': 5.16, 'm3-1': 101.57, 'm4-1': 25.43, 'm5-1': 170.76, 'm6-1': 5.96, 'm7-1': 11.12, 'm8-1': 26.83}",0.04650000000000887,130.113,inf,130.144,130.144,130.144
222,T3,BESTEFFORT,MISSED,m2-1,20.148,"{'m1-1': 4.94, 'm2-1': 5.77, 'm3-1': 94.66, 'm4-1': 27.47, 'm5-1': 142.26, 'm6-1': 5.4, 'm7-1': 9.6, 'm8-1': 27.21}",0.45299999999998875,129.846,inf,130.148,130.148,130.148
223,T4,BESTEFFORT,MISSED,m6-1,20.303,"{'m1-1': 4.7, 'm2-1': 5.3, 'm3-1': 101.17, 'm4-1': 26.69, 'm5-1': 149.43, 'm6-1': 5.36, 'm7-1': 10.88, 'm8-1': 24.12}",0.23849999999998772,130.144,inf,130.303,130.303,130.303
224,T6,BESTEFFORT,MISSED,m6-1,20.474,"{'m1-1': 5.28, 'm2-1': 5.4, 'm3-1': 105.65, 'm4-1': 25.02, 'm5-1': 143.93, 'm6-1': 5.68, 'm7-1': 11.1, 'm8-1': 26.99}",0.2564999999999884,130.303,inf,130.474,130.474,130.474
225,T9,BESTEFFORT,MISSED,m6-1,20.553,"{'m1-1': 5.03, 'm2-1': 5.49, 'm3-1': 114.84, 'm4-1': 23.83, 'm5-1': 160.32, 'm6-1': 5.2, 'm7-1': 9.99, 'm8-1': 28.58}",0.1185000000000116,130.474,inf,130.553,130.553,130.553
226,T5,BESTEFFORT,MISSED,m6-1,20.621,"{'m1-1': 4.93, 'm2-1': 5.12, 'm3-1': 101.22, 'm4-1': 24.66, 'm5-1': 145.39, 'm6-1': 4.72, 'm7-1': 9.95, 'm8-1': 25.27}",0.10200000000001808,130.553,inf,130.621,130.621,130.621
227,T5,BESTEFFORT,MISSED,m6-1,20.671,"{'m1-1': 5.83, 'm2-1': 5.46, 'm3-1': 103.17, 'm4-1': 24.52, 'm5-1': 160.42, 'm6-1': 4.88, 'm7-1': 9.38, 'm8-1': 25.82}",0.07499999999997442,130.621,inf,130.671,130.671,130.671
228,T2,BESTEFFORT,MISSED,m2-1,20.702,"{'m1-1': 5.35, 'm2-1': 5.29, 'm3-1': 97.98, 'm4-1': 25.51, 'm5-1': 147.56, 'm6-1': 5.4, 'm7-1': 10.55, 'm8-1': 26.55}",0.8310000000000031,130.148,inf,130.702,130.702,130.702
229,T10,BESTEFFORT,MISSED,m2-1,20.781,"{'m1-1': 5.7, 'm2-1': 5.6, 'm3-1': 108.42, 'm4-1': 25.6, 'm5-1': 176.3, 'm6-1': 5.54, 'm7-1': 10.01, 'm8-1': 28.64}",0.1185000000000116,130.702,inf,130.781,130.781,130.781
230,T3,BESTEFFORT,MISSED,m1-1,20.928,"{'m1-1': 5.13, 'm2-1': 5.02, 'm3-1': 107.45, 'm4-1': 27.62, 'm5-1': 140.94, 'm6-1': 5.85, 'm7-1': 10.49, 'm8-1': 24.02}",1.2720000000000198,130.07999999999998,inf,130.928,130.928,130.928
231,T4,BESTEFFORT,MISSED,m2-1,21.058,"{'m1-1': 5.3, 'm2-1': 5.02, 'm3-1': 105.33, 'm4-1': 25.45, 'm5-1': 159.22, 'm6-1': 5.26, 'm7-1': 11.27, 'm8-1': 27.54}",0.4154999999999802,130.781,inf,131.058,131.058,131.058
232,T3,BESTEFFORT,MISSED,m1-1,21.28,"{'m1-1': 5.63, 'm2-1': 5.06, 'm3-1': 93.51, 'm4-1': 24.08, 'm5-1': 162.04, 'm6-1': 5.22, 'm7-1': 9.99, 'm8-1': 24.24}",0.5280000000000058,130.928,inf,131.28,131.28,131.28
233,T9,BESTEFFORT,MISSED,m2-1,21.325,"{'m1-1': 5.2, 'm2-1': 4.8, 'm3-1': 101.21, 'm4-1': 26.73, 'm5-1': 151.83, 'm6-1': 4.95, 'm7-1': 9.91, 'm8-1': 27.86}",0.40049999999999386,131.058,inf,131.325,131.325,131.325
234,T5,BESTEFFORT,MISSED,m6-1,21.35,"{'m1-1': 5.26, 'm2-1': 4.78, 'm3-1': 100.33, 'm4-1': 24.1, 'm5-1': 158.44, 'm6-1': 4.62, 'm7-1': 9.95, 'm8-1': 23.36}",1.018500000000003,130.671,inf,131.35,131.35,131.35
235,T8,BESTEFFORT,MISSED,m6-1,21.557,"{'m1-1': 5.28, 'm2-1': 5.74, 'm3-1': 100.96, 'm4-1': 25.33, 'm5-1': 164.2, 'm6-1': 5.23, 'm7-1': 10.82, 'm8-1': 26.45}",0.31049999999999045,131.35,inf,131.557,131.557,131.557
236,T8,BESTEFFORT,MISSED,m6-1,21.582,"{'m1-1': 5.84, 'm2-1': 5.72, 'm3-1': 104.68, 'm4-1': 24.68, 'm5-1': 171.71, 'm6-1': 4.74, 'm7-1': 11.41, 'm8-1': 26.0}",0.037500000000008527,131.557,inf,131.582,131.582,131.582
237,T9,BESTEFFORT,MISSED,m1-1,21.624,"{'m1-1': 5.35, 'm2-1': 5.16, 'm3-1': 115.34, 'm4-1': 26.82, 'm5-1': 140.22, 'm6-1': 5.51, 'm7-1': 10.18, 'm8-1': 29.29}",0.5159999999999911,131.28,inf,131.624,131.624,131.624
238,T4,BESTEFFORT,MISSED,m1-1,21.709,"{'m1-1': 5.26, 'm2-1': 5.45, 'm3-1': 96.02, 'm4-1': 26.56, 'm5-1': 146.35, 'm6-1': 5.19, 'm7-1': 11.25, 'm8-1': 27.0}",0.12750000000001194,131.624,inf,131.709,131.709,131.709
239,T2,BESTEFFORT,MISSED,m1-1,21.838,"{'m1-1': 5.15, 'm2-1': 5.22, 'm3-1': 106.42, 'm4-1': 28.46, 'm5-1': 163.63, 'm6-1': 5.21, 'm7-1': 10.68, 'm8-1': 28.3}",0.19349999999998602,131.709,inf,131.838,131.838,131.838
240,T3,BESTEFFORT,MISSED,m6-1,21.946,"{'m1-1': 5.36, 'm2-1': 5.01, 'm3-1': 99.56, 'm4-1': 24.07, 'm5-1': 147.44, 'm6-1': 5.2, 'm7-1': 10.82, 'm8-1': 25.14}",0.5460000000000065,131.582,inf,131.946,131.946,131.946
241,T4,BESTEFFORT,MISSED,m1-1,21.976,"{'m1-1': 5.33, 'm2-1': 5.76, 'm3-1': 105.63, 'm4-1': 29.11, 'm5-1': 161.92, 'm6-1': 5.3, 'm7-1': 10.26, 'm8-1': 28.04}",0.20700000000000784,131.838,inf,131.976,131.976,131.976
242,T10,BESTEFFORT,MISSED,m1-1,22.023,"{'m1-1': 5.51, 'm2-1': 5.13, 'm3-1': 93.17, 'm4-1': 28.19, 'm5-1': 175.16, 'm6-1': 5.04, 'm7-1': 11.38, 'm8-1': 25.64}",0.07049999999999557,131.976,inf,132.023,132.023,132.023
243,T9,BESTEFFORT,MISSED,m6-1,22.063,"{'m1-1': 5.46, 'm2-1': 5.02, 'm3-1': 110.58, 'm4-1': 27.14, 'm5-1': 152.36, 'm6-1': 4.9, 'm7-1': 10.85, 'm8-1': 27.48}",0.17549999999998533,131.946,inf,132.063,132.063,132.063
244,T10,BESTEFFORT,MISSED,m1-1,22.101,"{'m1-1': 5.55, 'm2-1': 5.34, 'm3-1': 109.17, 'm4-1': 27.99, 'm5-1': 174.13, 'm6-1': 5.33, 'm7-1': 11.7, 'm8-1': 26.52}",0.11700000000000443,132.023,inf,132.101,132.101,132.101
245,T10,BESTEFFORT,MISSED,m6-1,22.178,"{'m1-1': 5.66, 'm2-1': 5.29, 'm3-1': 109.57, 'm4-1': 29.42, 'm5-1': 165.85, 'm6-1': 4.81, 'm7-1': 11.3, 'm8-1': 26.86}",0.17250000000001364,132.063,inf,132.178,132.178,132.178
246,T2,BESTEFFORT,MISSED,m2-1,22.283,"{'m1-1': 4.84, 'm2-1': 5.36, 'm3-1': 111.76, 'm4-1': 29.8, 'm5-1': 152.05, 'm6-1': 5.61, 'm7-1': 11.26, 'm8-1': 28.59}",1.4370000000000402,131.325,inf,132.28300000000002,132.28300000000002,132.28300000000002
247,T7,BESTEFFORT,MISSED,m1-1,22.54,"{'m1-1': 4.93, 'm2-1': 5.54, 'm3-1': 110.55, 'm4-1': 23.67, 'm5-1': 151.41, 'm6-1': 4.94, 'm7-1': 11.46, 'm8-1': 25.02}",0.6584999999999894,132.101,inf,132.54,132.54,132.54
248,T1,BESTEFFORT,MISSED,m6-1,22.582,"{'m1-1': 5.07, 'm2-1': 5.32, 'm3-1': 100.15, 'm4-1': 23.47, 'm5-1': 150.78, 'm6-1': 5.11, 'm7-1': 11.27, 'm8-1': 26.57}",0.6059999999999945,132.178,inf,132.582,132.582,132.582
249,T5,BESTEFFORT,MISSED,m6-1,22.591,"{'m1-1': 5.56, 'm2-1': 5.32, 'm3-1': 93.67, 'm4-1': 24.33, 'm5-1': 142.57, 'm6-1': 4.66, 'm7-1': 9.85, 'm8-1': 26.54}",0.013500000000021828,132.582,inf,132.591,132.591,132.591
250,T10,BESTEFFORT,MISSED,m2-1,22.647,"{'m1-1': 4.83, 'm2-1': 5.04, 'm3-1': 107.63, 'm4-1': 26.62, 'm5-1': 151.47, 'm6-1': 5.18, 'm7-1': 11.36, 'm8-1': 25.48}",0.5459999999999638,132.28300000000002,inf,132.647,132.647,132.647
251,T5,BESTEFFORT,MISSED,m2-1,22.665,"{'m1-1': 5.12, 'm2-1': 4.97, 'm3-1': 103.11, 'm4-1': 27.14, 'm5-1': 145.66, 'm6-1': 4.66, 'm7-1': 10.14, 'm8-1': 23.18}",0.027000000000001023,132.647,inf,132.665,132.665,132.665
252,T4,BESTEFFORT,MISSED,m6-1,22.704,"{'m1-1': 4.98, 'm2-1': 5.62, 'm3-1': 104.81, 'm4-1': 27.23, 'm5-1': 154.29, 'm6-1': 5.11, 'm7-1': 9.94, 'm8-1': 25.4}",0.16949999999999932,132.591,inf,132.704,132.704,132.704
253,T4,BESTEFFORT,MISSED,m1-1,22.791,"{'m1-1': 5.04, 'm2-1': 5.53, 'm3-1': 98.05, 'm4-1': 24.86, 'm5-1': 155.44, 'm6-1': 5.56, 'm7-1': 11.58, 'm8-1': 27.24}",0.37650000000000716,132.54,inf,132.791,132.791,132.791
254,T7,BESTEFFORT,MISSED,m1-1,22.826,"{'m1-1': 4.82, 'm2-1': 5.42, 'm3-1': 113.57, 'm4-1': 24.19, 'm5-1': 155.13, 'm6-1': 5.44, 'm7-1': 11.59, 'm8-1': 25.78}",0.052499999999994884,132.791,inf,132.826,132.826,132.826
255,T5,BESTEFFORT,MISSED,m6-1,22.891,"{'m1-1': 5.4, 'm2-1': 5.0, 'm3-1': 109.87, 'm4-1': 27.01, 'm5-1': 140.72, 'm6-1': 4.92, 'm7-1': 9.67, 'm8-1': 25.54}",0.2804999999999751,132.704,inf,132.891,132.891,132.891
256,T6,BESTEFFORT,MISSED,m1-1,22.906,"{'m1-1': 4.81, 'm2-1': 5.47, 'm3-1': 108.45, 'm4-1': 26.52, 'm5-1': 166.2, 'm6-1': 4.87, 'm7-1': 10.36, 'm8-1': 24.22}",0.12000000000001876,132.826,inf,132.906,132.906,132.906
257,T1,BESTEFFORT,MISSED,m1-1,22.932,"{'m1-1': 5.05, 'm2-1': 5.68, 'm3-1': 106.11, 'm4-1': 27.39, 'm5-1': 157.62, 'm6-1': 5.79, 'm7-1': 10.03, 'm8-1': 26.73}",0.038999999999973056,132.906,inf,132.932,132.932,132.932
258,T1,BESTEFFORT,MISSED,m2-1,22.977,"{'m1-1': 5.2, 'm2-1': 4.85, 'm3-1': 112.52, 'm4-1': 23.7, 'm5-1': 139.95, 'm6-1': 5.49, 'm7-1': 10.48, 'm8-1': 27.11}",0.46800000000001774,132.665,inf,132.977,132.977,132.977
259,T9,BESTEFFORT,MISSED,m6-1,23.341,"{'m1-1': 5.16, 'm2-1': 4.75, 'm3-1': 104.22, 'm4-1': 24.54, 'm5-1': 141.32, 'm6-1': 4.88, 'm7-1': 10.17, 'm8-1': 25.32}",0.6750000000000256,132.891,inf,133.341,133.341,133.341
260,T2,BESTEFFORT,MISSED,m1-1,23.355,"{'m1-1': 5.46, 'm2-1': 4.97, 'm3-1': 114.0, 'm4-1': 28.12, 'm5-1': 145.95, 'm6-1': 5.25, 'm7-1': 10.73, 'm8-1': 27.72}",0.6345000000000027,132.932,inf,133.355,133.355,133.355
261,T8,BESTEFFORT,MISSED,m2-1,23.382,"{'m1-1': 4.97, 'm2-1': 5.61, 'm3-1': 106.02, 'm4-1': 26.29, 'm5-1': 154.06, 'm6-1': 5.05, 'm7-1': 11.1, 'm8-1': 24.9}",0.6075000000000017,132.977,inf,133.382,133.382,133.382
262,T3,BESTEFFORT,MISSED,m2-1,23.525,"{'m1-1': 5.65, 'm2-1': 5.52, 'm3-1': 93.62, 'm4-1': 28.38, 'm5-1': 150.88, 'm6-1': 5.22, 'm7-1': 10.79, 'm8-1': 27.22}",0.21450000000000102,133.382,inf,133.525,133.525,133.525
263,T9,BESTEFFORT,MISSED,m6-1,23.622,"{'m1-1': 5.39, 'm2-1': 5.49, 'm3-1': 99.05, 'm4-1': 26.78, 'm5-1': 148.14, 'm6-1': 5.2, 'm7-1': 11.28, 'm8-1': 28.81}",0.42150000000000887,133.341,inf,133.622,133.622,133.622
264,T8,BESTEFFORT,MISSED,m6-1,23.932,"{'m1-1': 5.18, 'm2-1': 5.44, 'm3-1': 106.73, 'm4-1': 27.61, 'm5-1': 159.35, 'm6-1': 4.7, 'm7-1': 10.51, 'm8-1': 25.01}",0.4649999999999608,133.622,inf,133.932,133.932,133.932
265,T7,BESTEFFORT,MISSED,m1-1,23.997,"{'m1-1': 4.95, 'm2-1': 5.36, 'm3-1': 112.73, 'm4-1': 26.54, 'm5-1': 148.66, 'm6-1': 5.61, 'm7-1': 10.81, 'm8-1': 28.22}",0.9630000000000365,133.355,inf,133.997,133.997,133.997
266,T6,BESTEFFORT,MISSED,m2-1,24.04,"{'m1-1': 5.32, 'm2-1': 5.51, 'm3-1': 108.25, 'm4-1': 26.1, 'm5-1': 163.34, 'm6-1': 5.34, 'm7-1': 10.41, 'm8-1': 25.31}",0.7724999999999795,133.525,inf,134.04,134.04,134.04
267,T2,BESTEFFORT,MISSED,m6-1,24.05,"{'m1-1': 4.72, 'm2-1': 4.86, 'm3-1': 97.33, 'm4-1': 25.31, 'm5-1': 150.03, 'm6-1': 5.21, 'm7-1': 9.89, 'm8-1': 27.56}",0.17700000000003513,133.932,inf,134.05,134.05,134.05
268,T10,BESTEFFORT,MISSED,m6-1,24.068,"{'m1-1': 5.45, 'm2-1': 5.21, 'm3-1': 97.49, 'm4-1': 24.93, 'm5-1': 154.94, 'm6-1': 4.9, 'm7-1': 10.2, 'm8-1': 25.79}",0.027000000000001023,134.05,inf,134.068,134.068,134.068
269,T4,BESTEFFORT,MISSED,m1-1,24.084,"{'m1-1': 5.42, 'm2-1': 5.85, 'm3-1': 103.27, 'm4-1': 27.84, 'm5-1': 154.07, 'm6-1': 5.4, 'm7-1': 11.6, 'm8-1': 25.9}",0.13049999999998363,133.997,inf,134.084,134.084,134.084
270,T5,BESTEFFORT,MISSED,m2-1,24.37,"{'m1-1': 5.28, 'm2-1': 5.14, 'm3-1': 100.9, 'm4-1': 23.26, 'm5-1': 162.46, 'm6-1': 5.21, 'm7-1': 10.37, 'm8-1': 26.14}",0.49500000000001876,134.04,inf,134.37,134.37,134.37
271,T6,BESTEFFORT,MISSED,m1-1,24.395,"{'m1-1': 4.97, 'm2-1': 4.97, 'm3-1': 108.22, 'm4-1': 27.31, 'm5-1': 165.02, 'm6-1': 5.31, 'm7-1': 10.44, 'm8-1': 26.74}",0.4665000000000106,134.084,inf,134.395,134.395,134.395
272,T7,BESTEFFORT,MISSED,m1-1,24.605,"{'m1-1': 4.72, 'm2-1': 5.19, 'm3-1': 100.29, 'm4-1': 24.08, 'm5-1': 153.38, 'm6-1': 5.01, 'm7-1': 11.46, 'm8-1': 28.61}",0.3149999999999693,134.395,inf,134.605,134.605,134.605
273,T5,BESTEFFORT,MISSED,m6-1,24.683,"{'m1-1': 4.98, 'm2-1': 5.2, 'm3-1': 101.01, 'm4-1': 26.59, 'm5-1': 148.41, 'm6-1': 4.8, 'm7-1': 10.48, 'm8-1': 24.12}",0.922499999999971,134.068,inf,134.683,134.683,134.683
274,T10,BESTEFFORT,MISSED,m6-1,24.694,"{'m1-1': 4.98, 'm2-1': 5.73, 'm3-1': 96.52, 'm4-1': 28.62, 'm5-1': 175.51, 'm6-1': 5.04, 'm7-1': 9.96, 'm8-1': 24.59}",0.01649999999999352,134.683,inf,134.694,134.694,134.694
275,T4,BESTEFFORT,MISSED,m1-1,24.88,"{'m1-1': 4.89, 'm2-1': 5.65, 'm3-1': 97.52, 'm4-1': 25.59, 'm5-1': 146.35, 'm6-1': 5.38, 'm7-1': 10.22, 'm8-1': 26.5}",0.4125000000000085,134.605,inf,134.88,134.88,134.88
276,T1,BESTEFFORT,MISSED,m6-1,24.884,"{'m1-1': 5.79, 'm2-1': 5.59, 'm3-1': 102.0, 'm4-1': 27.54, 'm5-1': 155.65, 'm6-1': 5.25, 'm7-1': 10.72, 'm8-1': 25.43}",0.2850000000000392,134.694,inf,134.88400000000001,134.88400000000001,134.88400000000001
277,T2,BESTEFFORT,MISSED,m2-1,24.966,"{'m1-1': 5.05, 'm2-1': 5.47, 'm3-1': 101.35, 'm4-1': 26.14, 'm5-1': 157.92, 'm6-1': 5.56, 'm7-1': 10.62, 'm8-1': 26.42}",0.8940000000000055,134.37,inf,134.966,134.966,134.966
278,T1,BESTEFFORT,MISSED,m1-1,25.088,"{'m1-1': 5.72, 'm2-1': 5.6, 'm3-1': 114.04, 'm4-1': 26.91, 'm5-1': 144.39, 'm6-1': 4.98, 'm7-1': 10.83, 'm8-1': 23.71}",0.3119999999999976,134.88,inf,135.088,135.088,135.088
279,T3,BESTEFFORT,MISSED,m6-1,25.187,"{'m1-1': 5.28, 'm2-1': 5.42, 'm3-1': 102.39, 'm4-1': 24.37, 'm5-1': 137.51, 'm6-1': 5.3, 'm7-1': 10.77, 'm8-1': 26.5}",0.4544999999999959,134.88400000000001,inf,135.187,135.187,135.187
280,T1,BESTEFFORT,MISSED,m2-1,25.265,"{'m1-1': 5.69, 'm2-1': 5.5, 'm3-1': 108.27, 'm4-1': 26.06, 'm5-1': 141.79, 'm6-1': 5.77, 'm7-1': 10.27, 'm8-1': 26.77}",0.44849999999996726,134.966,inf,135.265,135.265,135.265
281,T7,BESTEFFORT,MISSED,m1-1,25.309,"{'m1-1': 4.83, 'm2-1': 5.17, 'm3-1': 112.77, 'm4-1': 26.51, 'm5-1': 163.75, 'm6-1': 5.69, 'm7-1': 11.17, 'm8-1': 25.61}",0.33150000000000546,135.088,inf,135.309,135.309,135.309
282,T5,BESTEFFORT,MISSED,m6-1,25.38,"{'m1-1': 5.41, 'm2-1': 5.29, 'm3-1': 100.02, 'm4-1': 26.74, 'm5-1': 159.34, 'm6-1': 5.18, 'm7-1': 10.24, 'm8-1': 24.53}",0.28949999999997544,135.187,inf,135.38,135.38,135.38
283,T5,BESTEFFORT,MISSED,m2-1,25.381,"{'m1-1': 5.52, 'm2-1': 4.78, 'm3-1': 109.75, 'm4-1': 27.1, 'm5-1': 144.42, 'm6-1': 5.18, 'm7-1': 9.44, 'm8-1': 23.96}",0.1740000000000208,135.265,inf,135.381,135.381,135.381
284,T2,BESTEFFORT,MISSED,m2-1,25.399,"{'m1-1': 4.75, 'm2-1': 5.66, 'm3-1': 98.37, 'm4-1': 28.97, 'm5-1': 163.2, 'm6-1': 5.76, 'm7-1': 9.74, 'm8-1': 26.49}",0.027000000000001023,135.381,inf,135.399,135.399,135.399
285,T2,BESTEFFORT,MISSED,m1-1,25.402,"{'m1-1': 5.23, 'm2-1': 5.42, 'm3-1': 99.04, 'm4-1': 28.35, 'm5-1': 152.51, 'm6-1': 5.4, 'm7-1': 9.56, 'm8-1': 28.09}",0.13949999999998397,135.309,inf,135.402,135.402,135.402
286,T8,BESTEFFORT,MISSED,m6-1,25.944,"{'m1-1': 5.2, 'm2-1': 5.4, 'm3-1': 115.67, 'm4-1': 28.22, 'm5-1': 157.56, 'm6-1': 4.97, 'm7-1': 11.56, 'm8-1': 26.27}",0.8459999999999894,135.38,inf,135.944,135.944,135.944
287,T5,BESTEFFORT,MISSED,m6-1,26.363,"{'m1-1': 5.22, 'm2-1': 5.33, 'm3-1': 100.7, 'm4-1': 25.8, 'm5-1': 151.13, 'm6-1': 4.98, 'm7-1': 10.38, 'm8-1': 24.63}",0.6285000000000167,135.944,inf,136.363,136.363,136.363
288,T9,BESTEFFORT,MISSED,m6-1,26.371,"{'m1-1': 5.26, 'm2-1': 4.89, 'm3-1': 113.52, 'm4-1': 27.24, 'm5-1': 155.2, 'm6-1': 5.36, 'm7-1': 10.75, 'm8-1': 26.89}",0.012000000000014666,136.363,inf,136.371,136.371,136.371
289,T7,BESTEFFORT,MISSED,m1-1,26.596,"{'m1-1': 4.75, 'm2-1': 5.48, 'm3-1': 104.55, 'm4-1': 23.9, 'm5-1': 151.91, 'm6-1': 5.33, 'm7-1': 11.56, 'm8-1': 28.52}",1.7910000000000252,135.402,inf,136.596,136.596,136.596
290,T9,BESTEFFORT,MISSED,m1-1,26.625,"{'m1-1': 5.01, 'm2-1': 5.17, 'm3-1': 111.7, 'm4-1': 23.39, 'm5-1': 148.37, 'm6-1': 4.93, 'm7-1': 10.2, 'm8-1': 25.3}",0.04349999999999454,136.596,inf,136.625,136.625,136.625
291,T4,BESTEFFORT,MISSED,m1-1,26.632,"{'m1-1': 5.07, 'm2-1': 5.57, 'm3-1': 106.67, 'm4-1': 26.17, 'm5-1': 144.16, 'm6-1': 5.63, 'm7-1': 9.99, 'm8-1': 27.93}",0.010500000000007503,136.625,inf,136.632,136.632,136.632
292,T9,BESTEFFORT,MISSED,m2-1,26.776,"{'m1-1': 5.15, 'm2-1': 5.43, 'm3-1': 107.16, 'm4-1': 25.2, 'm5-1': 145.53, 'm6-1': 5.22, 'm7-1': 10.25, 'm8-1': 28.61}",2.0655000000000143,135.399,inf,136.776,136.776,136.776
293,T9,BESTEFFORT,MISSED,m6-1,26.848,"{'m1-1': 5.68, 'm2-1': 5.47, 'm3-1': 99.64, 'm4-1': 24.1, 'm5-1': 147.35, 'm6-1': 5.25, 'm7-1': 10.72, 'm8-1': 28.51}",0.7155000000000058,136.371,inf,136.848,136.848,136.848
294,T7,BESTEFFORT,MISSED,m1-1,26.901,"{'m1-1': 5.02, 'm2-1': 5.09, 'm3-1': 109.87, 'm4-1': 27.89, 'm5-1': 146.36, 'm6-1': 5.14, 'm7-1': 11.83, 'm8-1': 29.63}",0.4035000000000082,136.632,inf,136.901,136.901,136.901
295,T8,BESTEFFORT,MISSED,m1-1,26.913,"{'m1-1': 5.22, 'm2-1': 5.16, 'm3-1': 99.0, 'm4-1': 25.34, 'm5-1': 167.07, 'm6-1': 5.47, 'm7-1': 11.24, 'm8-1': 27.27}",0.018000000000000682,136.901,inf,136.913,136.913,136.913
296,T5,BESTEFFORT,MISSED,m2-1,26.94,"{'m1-1': 5.67, 'm2-1': 5.1, 'm3-1': 102.27, 'm4-1': 26.09, 'm5-1': 162.5, 'm6-1': 5.16, 'm7-1': 10.96, 'm8-1': 26.37}",0.2459999999999809,136.776,inf,136.94,136.94,136.94
297,T6,BESTEFFORT,MISSED,m1-1,27.011,"{'m1-1': 4.68, 'm2-1': 5.22, 'm3-1': 106.25, 'm4-1': 24.96, 'm5-1': 150.06, 'm6-1': 5.72, 'm7-1': 11.35, 'm8-1': 24.44}",0.14699999999997715,136.913,inf,137.011,137.011,137.011
298,T7,BESTEFFORT,MISSED,m1-1,27.185,"{'m1-1': 5.17, 'm2-1': 5.1, 'm3-1': 108.61, 'm4-1': 23.58, 'm5-1': 143.39, 'm6-1': 5.5, 'm7-1': 11.07, 'm8-1': 28.12}",0.2610000000000099,137.011,inf,137.185,137.185,137.185
299,T1,BESTEFFORT,MISSED,m6-1,27.202,"{'m1-1': 5.92, 'm2-1': 5.24, 'm3-1': 110.86, 'm4-1': 23.66, 'm5-1': 160.07, 'm6-1': 5.9, 'm7-1': 9.92, 'm8-1': 27.13}",0.5309999999999775,136.848,inf,137.202,137.202,137.202
300,T2,BESTEFFORT,MISSED,m1-1,27.216,"{'m1-1': 4.9, 'm2-1': 5.74, 'm3-1': 103.0, 'm4-1': 29.49, 'm5-1': 168.1, 'm6-1': 5.45, 'm7-1': 10.17, 'm8-1': 25.16}",0.04650000000000887,137.185,inf,137.216,137.216,137.216
301,T8,BESTEFFORT,MISSED,m1-1,27.28,"{'m1-1': 5.75, 'm2-1': 4.91, 'm3-1': 111.61, 'm4-1': 27.61, 'm5-1': 168.1, 'm6-1': 5.43, 'm7-1': 10.34, 'm8-1': 26.66}",0.09599999999998943,137.216,inf,137.28,137.28,137.28
302,T5,BESTEFFORT,MISSED,m6-1,27.305,"{'m1-1': 5.18, 'm2-1': 5.05, 'm3-1': 93.45, 'm4-1': 27.23, 'm5-1': 140.34, 'm6-1': 5.42, 'm7-1': 9.83, 'm8-1': 24.77}",0.15450000000001296,137.202,inf,137.305,137.305,137.305
303,T6,BESTEFFORT,MISSED,m6-1,27.388,"{'m1-1': 4.73, 'm2-1': 4.89, 'm3-1': 112.41, 'm4-1': 24.06, 'm5-1': 159.55, 'm6-1': 5.6, 'm7-1': 11.54, 'm8-1': 24.12}",0.12449999999999761,137.305,inf,137.388,137.388,137.388
304,T6,BESTEFFORT,MISSED,m6-1,27.692,"{'m1-1': 5.54, 'm2-1': 5.66, 'm3-1': 99.72, 'm4-1': 25.71, 'm5-1': 158.39, 'm6-1': 4.99, 'm7-1': 11.49, 'm8-1': 25.66}",0.45600000000000307,137.388,inf,137.692,137.692,137.692
305,T9,BESTEFFORT,MISSED,m2-1,27.723,"{'m1-1': 4.97, 'm2-1': 5.45, 'm3-1': 99.66, 'm4-1': 24.52, 'm5-1': 151.69, 'm6-1': 5.39, 'm7-1': 9.99, 'm8-1': 27.43}",1.1745000000000232,136.94,inf,137.723,137.723,137.723
306,T5,BESTEFFORT,MISSED,m6-1,27.752,"{'m1-1': 5.79, 'm2-1': 5.2, 'm3-1': 108.73, 'm4-1': 25.6, 'm5-1': 147.06, 'm6-1': 4.8, 'm7-1': 10.22, 'm8-1': 23.68}",0.09000000000000341,137.692,inf,137.752,137.752,137.752
307,T5,BESTEFFORT,MISSED,m2-1,27.947,"{'m1-1': 5.4, 'm2-1': 5.22, 'm3-1': 108.79, 'm4-1': 23.57, 'm5-1': 157.05, 'm6-1': 5.18, 'm7-1': 10.86, 'm8-1': 23.64}",0.3359999999999843,137.723,inf,137.947,137.947,137.947
308,T8,BESTEFFORT,MISSED,m6-1,28.048,"{'m1-1': 4.94, 'm2-1': 4.96, 'm3-1': 105.66, 'm4-1': 26.65, 'm5-1': 167.7, 'm6-1': 5.44, 'm7-1': 11.4, 'm8-1': 27.72}",0.4439999999999884,137.752,inf,138.048,138.048,138.048
309,T9,BESTEFFORT,MISSED,m2-1,28.104,"{'m1-1': 5.22, 'm2-1': 5.37, 'm3-1': 110.35, 'm4-1': 24.93, 'm5-1': 150.81, 'm6-1': 5.22, 'm7-1': 10.07, 'm8-1': 27.98}",0.2354999999999734,137.947,inf,138.10399999999998,138.10399999999998,138.10399999999998
310,T10,BESTEFFORT,MISSED,m1-1,28.294,"{'m1-1': 5.2, 'm2-1': 5.01, 'm3-1': 105.72, 'm4-1': 28.12, 'm5-1': 151.98, 'm6-1': 5.23, 'm7-1': 10.22, 'm8-1': 26.95}",1.521000000000015,137.28,inf,138.294,138.294,138.294
311,T5,BESTEFFORT,MISSED,m6-1,28.516,"{'m1-1': 5.16, 'm2-1': 5.41, 'm3-1': 97.44, 'm4-1': 25.14, 'm5-1': 145.74, 'm6-1': 4.78, 'm7-1': 10.29, 'm8-1': 26.23}",0.701999999999984,138.048,inf,138.516,138.516,138.516
312,T7,BESTEFFORT,MISSED,m1-1,28.656,"{'m1-1': 4.92, 'm2-1': 5.04, 'm3-1': 116.84, 'm4-1': 25.94, 'm5-1': 147.58, 'm6-1': 5.15, 'm7-1': 11.67, 'm8-1': 27.12}",0.5429999999999922,138.294,inf,138.656,138.656,138.656
313,T7,BESTEFFORT,MISSED,m1-1,28.717,"{'m1-1': 4.87, 'm2-1': 5.27, 'm3-1': 115.24, 'm4-1': 26.86, 'm5-1': 144.62, 'm6-1': 5.66, 'm7-1': 11.67, 'm8-1': 26.72}",0.09149999999996794,138.656,inf,138.71699999999998,138.71699999999998,138.71699999999998
314,T1,BESTEFFORT,MISSED,m2-1,28.77,"{'m1-1': 5.56, 'm2-1': 5.16, 'm3-1': 106.22, 'm4-1': 25.78, 'm5-1': 155.85, 'm6-1': 5.9, 'm7-1': 9.81, 'm8-1': 25.4}",0.9990000000000379,138.10399999999998,inf,138.77,138.77,138.77
315,T3,BESTEFFORT,MISSED,m6-1,28.92,"{'m1-1': 5.22, 'm2-1': 5.95, 'm3-1': 110.04, 'm4-1': 27.19, 'm5-1': 157.52, 'm6-1': 5.05, 'm7-1': 10.37, 'm8-1': 23.62}",0.6060000000000372,138.516,inf,138.92000000000002,138.92000000000002,138.92000000000002
316,T4,BESTEFFORT,MISSED,m2-1,28.921,"{'m1-1': 4.7, 'm2-1': 4.97, 'm3-1': 106.81, 'm4-1': 28.15, 'm5-1': 168.62, 'm6-1': 5.92, 'm7-1': 10.21, 'm8-1': 25.39}",0.22649999999997306,138.77,inf,138.921,138.921,138.921
317,T10,BESTEFFORT,MISSED,m2-1,28.943,"{'m1-1': 5.14, 'm2-1': 5.1, 'm3-1': 105.73, 'm4-1': 25.16, 'm5-1': 156.59, 'm6-1': 5.58, 'm7-1': 11.71, 'm8-1': 28.36}",0.03300000000002967,138.921,inf,138.943,138.943,138.943
318,T4,BESTEFFORT,MISSED,m1-1,28.988,"{'m1-1': 5.13, 'm2-1': 5.61, 'm3-1': 111.91, 'm4-1': 26.12, 'm5-1': 166.62, 'm6-1': 5.64, 'm7-1': 10.25, 'm8-1': 24.67}",0.4065000000000225,138.71699999999998,inf,138.988,138.988,138.988
319,T5,BESTEFFORT,MISSED,m1-1,29.041,"{'m1-1': 5.78, 'm2-1': 5.57, 'm3-1': 102.01, 'm4-1': 26.79, 'm5-1': 158.78, 'm6-1': 4.64, 'm7-1': 9.37, 'm8-1': 24.0}",0.07949999999999591,138.988,inf,139.041,139.041,139.041
320,T6,BESTEFFORT,MISSED,m1-1,29.126,"{'m1-1': 4.79, 'm2-1': 5.24, 'm3-1': 99.72, 'm4-1': 27.56, 'm5-1': 157.54, 'm6-1': 5.24, 'm7-1': 11.76, 'm8-1': 26.84}",0.12750000000001194,139.041,inf,139.126,139.126,139.126
321,T4,BESTEFFORT,MISSED,m1-1,29.262,"{'m1-1': 5.29, 'm2-1': 5.65, 'm3-1': 104.93, 'm4-1': 26.07, 'm5-1': 151.89, 'm6-1': 5.12, 'm7-1': 10.73, 'm8-1': 27.56}",0.20399999999999352,139.126,inf,139.262,139.262,139.262
322,T4,BESTEFFORT,MISSED,m1-1,29.323,"{'m1-1': 5.32, 'm2-1': 5.26, 'm3-1': 110.85, 'm4-1': 27.05, 'm5-1': 166.19, 'm6-1': 5.28, 'm7-1': 10.56, 'm8-1': 25.15}",0.09150000000001057,139.262,inf,139.323,139.323,139.323
323,T7,BESTEFFORT,MISSED,m1-1,29.391,"{'m1-1': 5.05, 'm2-1': 5.34, 'm3-1': 116.13, 'm4-1': 24.41, 'm5-1': 156.33, 'm6-1': 5.83, 'm7-1': 11.7, 'm8-1': 27.92}",0.10199999999997544,139.323,inf,139.391,139.391,139.391
324,T3,BESTEFFORT,MISSED,m2-1,29.676,"{'m1-1': 5.57, 'm2-1': 5.38, 'm3-1': 101.13, 'm4-1': 25.27, 'm5-1': 156.24, 'm6-1': 5.34, 'm7-1': 10.82, 'm8-1': 25.29}",1.0994999999999635,138.943,inf,139.676,139.676,139.676
325,T6,BESTEFFORT,MISSED,m1-1,29.933,"{'m1-1': 5.13, 'm2-1': 5.25, 'm3-1': 109.1, 'm4-1': 24.4, 'm5-1': 158.56, 'm6-1': 5.45, 'm7-1': 11.18, 'm8-1': 25.42}",0.8130000000000024,139.391,inf,139.933,139.933,139.933
326,T5,BESTEFFORT,MISSED,m6-1,30.088,"{'m1-1': 5.6, 'm2-1': 5.56, 'm3-1': 95.48, 'm4-1': 25.07, 'm5-1': 156.15, 'm6-1': 4.84, 'm7-1': 9.84, 'm8-1': 25.2}",1.751999999999967,138.92000000000002,inf,140.088,140.088,140.088
327,T1,BESTEFFORT,MISSED,m2-1,30.145,"{'m1-1': 5.92, 'm2-1': 4.88, 'm3-1': 101.03, 'm4-1': 26.45, 'm5-1': 158.62, 'm6-1': 5.09, 'm7-1': 10.37, 'm8-1': 25.19}",0.7035000000000338,139.676,inf,140.145,140.145,140.145
328,T5,BESTEFFORT,MISSED,m2-1,30.384,"{'m1-1': 5.75, 'm2-1': 4.71, 'm3-1': 94.81, 'm4-1': 25.56, 'm5-1': 143.79, 'm6-1': 5.38, 'm7-1': 10.51, 'm8-1': 23.8}",0.3585000000000065,140.145,inf,140.38400000000001,140.38400000000001,140.38400000000001
329,T2,BESTEFFORT,MISSED,m1-1,30.569,"{'m1-1': 5.15, 'm2-1': 5.52, 'm3-1': 104.13, 'm4-1': 27.03, 'm5-1': 152.12, 'm6-1': 5.14, 'm7-1': 10.89, 'm8-1': 28.64}",0.9539999999999935,139.933,inf,140.569,140.569,140.569
330,T8,BESTEFFORT,MISSED,m6-1,30.615,"{'m1-1': 5.53, 'm2-1': 4.95, 'm3-1': 111.99, 'm4-1': 26.01, 'm5-1': 163.29, 'm6-1': 5.54, 'm7-1': 11.52, 'm8-1': 28.66}",0.7905000000000229,140.088,inf,140.615,140.615,140.615
331,T2,BESTEFFORT,MISSED,m6-1,30.618,"{'m1-1': 4.94, 'm2-1': 5.28, 'm3-1': 101.07, 'm4-1': 27.34, 'm5-1': 160.07, 'm6-1': 5.01, 'm7-1': 10.09, 'm8-1': 25.71}",0.004499999999978854,140.615,inf,140.618,140.618,140.618
332,T7,BESTEFFORT,MISSED,m1-1,30.691,"{'m1-1': 4.77, 'm2-1': 5.53, 'm3-1': 103.3, 'm4-1': 27.71, 'm5-1': 158.18, 'm6-1': 5.41, 'm7-1': 11.56, 'm8-1': 25.96}",0.18300000000002115,140.569,inf,140.691,140.691,140.691
333,T1,BESTEFFORT,MISSED,m2-1,30.747,"{'m1-1': 5.59, 'm2-1': 5.61, 'm3-1': 108.75, 'm4-1': 25.0, 'm5-1': 160.63, 'm6-1': 5.71, 'm7-1': 10.58, 'm8-1': 25.82}",0.5444999999999993,140.38400000000001,inf,140.747,140.747,140.747
334,T3,BESTEFFORT,MISSED,m6-1,30.814,"{'m1-1': 5.06, 'm2-1': 5.42, 'm3-1': 105.21, 'm4-1': 25.44, 'm5-1': 156.9, 'm6-1': 5.04, 'm7-1': 10.45, 'm8-1': 26.3}",0.29399999999999693,140.618,inf,140.814,140.814,140.814
335,T2,BESTEFFORT,MISSED,m6-1,31.264,"{'m1-1': 5.14, 'm2-1': 5.25, 'm3-1': 110.04, 'm4-1': 29.79, 'm5-1': 161.32, 'm6-1': 5.56, 'm7-1': 10.87, 'm8-1': 28.84}",0.6750000000000256,140.814,inf,141.264,141.264,141.264
336,T1,BESTEFFORT,MISSED,m6-1,31.4,"{'m1-1': 5.73, 'm2-1': 5.37, 'm3-1': 98.16, 'm4-1': 25.76, 'm5-1': 141.45, 'm6-1': 5.88, 'm7-1': 11.43, 'm8-1': 26.41}",0.20399999999999352,141.264,inf,141.4,141.4,141.4
337,T7,BESTEFFORT,MISSED,m2-1,31.58,"{'m1-1': 5.04, 'm2-1': 5.42, 'm3-1': 114.08, 'm4-1': 23.59, 'm5-1': 145.93, 'm6-1': 5.12, 'm7-1': 11.66, 'm8-1': 26.95}",1.249499999999955,140.747,inf,141.57999999999998,141.57999999999998,141.57999999999998
338,T10,BESTEFFORT,MISSED,m6-1,31.65,"{'m1-1': 5.61, 'm2-1': 5.26, 'm3-1': 104.24, 'm4-1': 26.28, 'm5-1': 156.71, 'm6-1': 5.37, 'm7-1': 11.77, 'm8-1': 26.58}",0.375,141.4,inf,141.65,141.65,141.65
339,T6,BESTEFFORT,MISSED,m6-1,31.896,"{'m1-1': 5.4, 'm2-1': 5.25, 'm3-1': 107.48, 'm4-1': 24.83, 'm5-1': 156.33, 'm6-1': 5.55, 'm7-1': 11.87, 'm8-1': 27.22}",0.369000000000014,141.65,inf,141.89600000000002,141.89600000000002,141.89600000000002
340,T9,BESTEFFORT,MISSED,m1-1,31.903,"{'m1-1': 5.23, 'm2-1': 5.63, 'm3-1': 107.64, 'm4-1': 23.34, 'm5-1': 142.68, 'm6-1': 4.91, 'm7-1': 11.11, 'm8-1': 27.21}",1.8179999999999836,140.691,inf,141.903,141.903,141.903
341,T4,BESTEFFORT,MISSED,m2-1,31.951,"{'m1-1': 4.86, 'm2-1': 5.71, 'm3-1': 98.64, 'm4-1': 28.7, 'm5-1': 170.92, 'm6-1': 5.56, 'm7-1': 10.18, 'm8-1': 25.78}",0.556500000000014,141.57999999999998,inf,141.951,141.951,141.951
342,T9,BESTEFFORT,MISSED,m6-1,32.022,"{'m1-1': 4.94, 'm2-1': 5.41, 'm3-1': 98.72, 'm4-1': 24.77, 'm5-1': 145.72, 'm6-1': 5.48, 'm7-1': 10.98, 'm8-1': 25.07}",0.18899999999996453,141.89600000000002,inf,142.022,142.022,142.022
343,T7,BESTEFFORT,MISSED,m1-1,32.178,"{'m1-1': 4.94, 'm2-1': 5.08, 'm3-1': 102.3, 'm4-1': 27.23, 'm5-1': 139.31, 'm6-1': 5.46, 'm7-1': 11.45, 'm8-1': 29.65}",0.4125000000000085,141.903,inf,142.178,142.178,142.178
344,T1,BESTEFFORT,MISSED,m2-1,32.255,"{'m1-1': 5.84, 'm2-1': 5.23, 'm3-1': 107.86, 'm4-1': 24.72, 'm5-1': 156.44, 'm6-1': 5.23, 'm7-1': 11.08, 'm8-1': 24.85}",0.45600000000000307,141.951,inf,142.255,142.255,142.255
345,T3,BESTEFFORT,MISSED,m1-1,32.416,"{'m1-1': 4.96, 'm2-1': 5.62, 'm3-1': 99.7, 'm4-1': 24.78, 'm5-1': 149.31, 'm6-1': 5.93, 'm7-1': 10.87, 'm8-1': 23.44}",0.3569999999999993,142.178,inf,142.416,142.416,142.416
346,T8,BESTEFFORT,MISSED,m1-1,32.51,"{'m1-1': 5.67, 'm2-1': 4.93, 'm3-1': 106.29, 'm4-1': 28.03, 'm5-1': 169.92, 'm6-1': 5.01, 'm7-1': 11.66, 'm8-1': 29.33}",0.14099999999999113,142.416,inf,142.51,142.51,142.51
347,T7,BESTEFFORT,MISSED,m1-1,32.519,"{'m1-1': 5.03, 'm2-1': 5.6, 'm3-1': 107.92, 'm4-1': 24.56, 'm5-1': 157.33, 'm6-1': 5.49, 'm7-1': 11.66, 'm8-1': 27.73}",0.013500000000021828,142.51,inf,142.519,142.519,142.519
348,T2,BESTEFFORT,MISSED,m2-1,32.623,"{'m1-1': 5.44, 'm2-1': 5.51, 'm3-1': 111.88, 'm4-1': 29.44, 'm5-1': 170.39, 'm6-1': 5.3, 'm7-1': 9.9, 'm8-1': 28.45}",0.5519999999999925,142.255,inf,142.623,142.623,142.623
349,T9,BESTEFFORT,MISSED,m6-1,32.676,"{'m1-1': 4.95, 'm2-1': 5.19, 'm3-1': 109.13, 'm4-1': 24.5, 'm5-1': 146.87, 'm6-1': 5.3, 'm7-1': 10.94, 'm8-1': 25.35}",0.9809999999999945,142.022,inf,142.676,142.676,142.676
350,T1,BESTEFFORT,MISSED,m2-1,32.747,"{'m1-1': 5.08, 'm2-1': 5.11, 'm3-1': 104.04, 'm4-1': 23.64, 'm5-1': 155.55, 'm6-1': 5.47, 'm7-1': 9.81, 'm8-1': 24.21}",0.18600000000003547,142.623,inf,142.747,142.747,142.747
351,T1,BESTEFFORT,MISSED,m2-1,32.856,"{'m1-1': 5.63, 'm2-1': 5.26, 'm3-1': 109.08, 'm4-1': 26.52, 'm5-1': 141.98, 'm6-1': 5.14, 'm7-1': 10.18, 'm8-1': 26.89}",0.16349999999997067,142.747,inf,142.856,142.856,142.856
352,T6,BESTEFFORT,MISSED,m1-1,32.87,"{'m1-1': 5.38, 'm2-1': 5.64, 'm3-1': 107.46, 'm4-1': 25.63, 'm5-1': 155.99, 'm6-1': 5.58, 'm7-1': 10.92, 'm8-1': 27.17}",0.5264999999999986,142.519,inf,142.87,142.87,142.87
353,T3,BESTEFFORT,MISSED,m1-1,33.012,"{'m1-1': 5.65, 'm2-1': 5.67, 'm3-1': 106.53, 'm4-1': 27.36, 'm5-1': 156.74, 'm6-1': 5.51, 'm7-1': 10.38, 'm8-1': 27.0}",0.21299999999999386,142.87,inf,143.012,143.012,143.012
354,T10,BESTEFFORT,MISSED,m6-1,33.022,"{'m1-1': 5.32, 'm2-1': 4.87, 'm3-1': 100.34, 'm4-1': 27.95, 'm5-1': 176.1, 'm6-1': 5.03, 'm7-1': 10.75, 'm8-1': 25.97}",0.5190000000000055,142.676,inf,143.022,143.022,143.022
355,T7,BESTEFFORT,MISSED,m1-1,33.037,"{'m1-1': 4.88, 'm2-1': 5.13, 'm3-1': 115.33, 'm4-1': 24.03, 'm5-1': 143.44, 'm6-1': 4.93, 'm7-1': 10.22, 'm8-1': 26.45}",0.037500000000008527,143.012,inf,143.037,143.037,143.037
356,T1,BESTEFFORT,MISSED,m6-1,33.094,"{'m1-1': 5.69, 'm2-1': 5.56, 'm3-1': 99.14, 'm4-1': 24.53, 'm5-1': 142.4, 'm6-1': 5.22, 'm7-1': 10.67, 'm8-1': 23.4}",0.10800000000000409,143.022,inf,143.094,143.094,143.094
357,T8,BESTEFFORT,MISSED,m6-1,33.105,"{'m1-1': 5.37, 'm2-1': 5.68, 'm3-1': 105.74, 'm4-1': 28.37, 'm5-1': 162.68, 'm6-1': 5.16, 'm7-1': 10.68, 'm8-1': 29.4}",0.01649999999999352,143.094,inf,143.105,143.105,143.105
358,T6,BESTEFFORT,MISSED,m1-1,33.18,"{'m1-1': 4.95, 'm2-1': 5.68, 'm3-1': 109.47, 'm4-1': 25.98, 'm5-1': 156.54, 'm6-1': 5.73, 'm7-1': 10.53, 'm8-1': 26.59}",0.21450000000000102,143.037,inf,143.18,143.18,143.18
359,T1,BESTEFFORT,MISSED,m2-1,33.298,"{'m1-1': 5.19, 'm2-1': 5.52, 'm3-1': 114.6, 'm4-1': 26.66, 'm5-1': 142.96, 'm6-1': 5.52, 'm7-1': 11.57, 'm8-1': 25.1}",0.6630000000000109,142.856,inf,143.298,143.298,143.298
360,T5,BESTEFFORT,MISSED,m6-1,33.453,"{'m1-1': 5.32, 'm2-1': 5.52, 'm3-1': 98.22, 'm4-1': 25.22, 'm5-1': 138.58, 'm6-1': 5.3, 'm7-1': 10.76, 'm8-1': 24.03}",0.5220000000000198,143.105,inf,143.453,143.453,143.453
361,T2,BESTEFFORT,MISSED,m2-1,33.715,"{'m1-1': 4.98, 'm2-1': 5.0, 'm3-1': 100.15, 'm4-1': 25.49, 'm5-1': 169.49, 'm6-1': 5.24, 'm7-1': 10.67, 'm8-1': 29.2}",0.6255000000000024,143.298,inf,143.715,143.715,143.715
362,T2,BESTEFFORT,MISSED,m1-1,33.749,"{'m1-1': 5.29, 'm2-1': 5.22, 'm3-1': 98.15, 'm4-1': 25.7, 'm5-1': 145.61, 'm6-1': 5.71, 'm7-1': 10.58, 'm8-1': 25.51}",0.8534999999999826,143.18,inf,143.749,143.749,143.749
363,T10,BESTEFFORT,MISSED,m6-1,33.948,"{'m1-1': 5.46, 'm2-1': 5.76, 'm3-1': 107.01, 'm4-1': 27.25, 'm5-1': 159.91, 'm6-1': 4.84, 'm7-1': 10.14, 'm8-1': 24.4}",0.7425000000000068,143.453,inf,143.948,143.948,143.948
364,T8,BESTEFFORT,MISSED,m6-1,34.074,"{'m1-1': 5.76, 'm2-1': 5.58, 'm3-1': 108.18, 'm4-1': 24.72, 'm5-1': 162.39, 'm6-1': 5.25, 'm7-1': 10.46, 'm8-1': 26.45}",0.18900000000000716,143.948,inf,144.074,144.074,144.074
365,T8,BESTEFFORT,MISSED,m2-1,34.202,"{'m1-1': 5.55, 'm2-1': 5.33, 'm3-1': 114.98, 'm4-1': 27.03, 'm5-1': 177.03, 'm6-1': 5.53, 'm7-1': 11.46, 'm8-1': 27.46}",0.7304999999999922,143.715,inf,144.202,144.202,144.202
366,T5,BESTEFFORT,MISSED,m2-1,34.306,"{'m1-1': 5.64, 'm2-1': 5.37, 'm3-1': 98.74, 'm4-1': 26.93, 'm5-1': 150.62, 'm6-1': 4.76, 'm7-1': 10.34, 'm8-1': 23.84}",0.1559999999999775,144.202,inf,144.30599999999998,144.30599999999998,144.30599999999998
367,T9,BESTEFFORT,MISSED,m6-1,34.337,"{'m1-1': 5.56, 'm2-1': 5.5, 'm3-1': 115.82, 'm4-1': 24.7, 'm5-1': 149.58, 'm6-1': 4.98, 'm7-1': 10.5, 'm8-1': 25.83}",0.3944999999999652,144.074,inf,144.337,144.337,144.337
368,T10,BESTEFFORT,MISSED,m6-1,34.455,"{'m1-1': 5.7, 'm2-1': 5.74, 'm3-1': 102.77, 'm4-1': 29.25, 'm5-1': 171.78, 'm6-1': 5.31, 'm7-1': 10.27, 'm8-1': 27.22}",0.1769999999999925,144.337,inf,144.45499999999998,144.45499999999998,144.45499999999998
369,T3,BESTEFFORT,MISSED,m1-1,34.574,"{'m1-1': 4.9, 'm2-1': 5.75, 'm3-1': 104.14, 'm4-1': 25.67, 'm5-1': 143.41, 'm6-1': 5.36, 'm7-1': 9.63, 'm8-1': 27.13}",1.2375000000000256,143.749,inf,144.574,144.574,144.574
370,T1,BESTEFFORT,MISSED,m6-1,34.603,"{'m1-1': 5.49, 'm2-1': 5.19, 'm3-1': 106.21, 'm4-1': 27.02, 'm5-1': 143.22, 'm6-1': 5.76, 'm7-1': 11.42, 'm8-1': 26.88}",0.22200000000003683,144.45499999999998,inf,144.603,144.603,144.603
371,T3,BESTEFFORT,MISSED,m1-1,34.606,"{'m1-1': 5.42, 'm2-1': 5.5, 'm3-1': 101.4, 'm4-1': 28.36, 'm5-1': 146.69, 'm6-1': 5.69, 'm7-1': 9.6, 'm8-1': 24.62}",0.0479999999999734,144.574,inf,144.606,144.606,144.606
372,T1,BESTEFFORT,MISSED,m6-1,34.832,"{'m1-1': 5.85, 'm2-1': 5.57, 'm3-1': 107.49, 'm4-1': 25.54, 'm5-1': 152.24, 'm6-1': 5.58, 'm7-1': 10.16, 'm8-1': 27.24}",0.0,144.832,inf,144.832,144.832,144.832
373,T8,BESTEFFORT,MISSED,m6-1,34.832,"{'m1-1': 5.19, 'm2-1': 5.14, 'm3-1': 102.17, 'm4-1': 28.53, 'm5-1': 165.74, 'm6-1': 4.75, 'm7-1': 10.51, 'm8-1': 29.23}",0.3434999999999775,144.603,inf,144.832,144.832,144.832
374,T10,BESTEFFORT,MISSED,m6-1,34.86,"{'m1-1': 5.05, 'm2-1': 5.38, 'm3-1': 109.74, 'm4-1': 26.37, 'm5-1': 174.13, 'm6-1': 4.9, 'm7-1': 11.14, 'm8-1': 25.44}",0.04200000000003001,144.832,inf,144.86,144.86,144.86
375,T3,BESTEFFORT,MISSED,m1-1,34.872,"{'m1-1': 4.89, 'm2-1': 5.55, 'm3-1': 96.01, 'm4-1': 24.74, 'm5-1': 160.54, 'm6-1': 5.71, 'm7-1': 9.28, 'm8-1': 23.38}",0.39900000000002933,144.606,inf,144.872,144.872,144.872
376,T3,BESTEFFORT,MISSED,m1-1,34.893,"{'m1-1': 5.47, 'm2-1': 5.72, 'm3-1': 101.92, 'm4-1': 24.12, 'm5-1': 149.47, 'm6-1': 5.88, 'm7-1': 9.83, 'm8-1': 23.93}",0.03149999999997988,144.872,inf,144.893,144.893,144.893
377,T3,BESTEFFORT,MISSED,m1-1,34.915,"{'m1-1': 4.9, 'm2-1': 5.91, 'm3-1': 94.85, 'm4-1': 25.41, 'm5-1': 148.09, 'm6-1': 5.03, 'm7-1': 9.65, 'm8-1': 25.11}",0.03299999999998704,144.893,inf,144.915,144.915,144.915
378,T9,BESTEFFORT,MISSED,m2-1,35.02,"{'m1-1': 5.15, 'm2-1': 5.29, 'm3-1': 109.57, 'm4-1': 24.61, 'm5-1': 148.97, 'm6-1': 5.12, 'm7-1': 10.94, 'm8-1': 28.55}",1.0710000000000406,144.30599999999998,inf,145.02,145.02,145.02
379,T2,BESTEFFORT,MISSED,m1-1,35.071,"{'m1-1': 4.64, 'm2-1': 5.04, 'm3-1': 109.79, 'm4-1': 25.4, 'm5-1': 167.03, 'm6-1': 5.91, 'm7-1': 9.76, 'm8-1': 25.23}",0.23400000000000887,144.915,inf,145.071,145.071,145.071
380,T1,BESTEFFORT,MISSED,m2-1,35.409,"{'m1-1': 5.13, 'm2-1': 5.53, 'm3-1': 106.91, 'm4-1': 23.82, 'm5-1': 145.24, 'm6-1': 5.39, 'm7-1': 9.75, 'm8-1': 25.48}",0.5834999999999724,145.02,inf,145.409,145.409,145.409
381,T10,BESTEFFORT,MISSED,m2-1,35.736,"{'m1-1': 5.3, 'm2-1': 5.73, 'm3-1': 108.23, 'm4-1': 29.24, 'm5-1': 162.35, 'm6-1': 4.84, 'm7-1': 10.21, 'm8-1': 25.29}",0.49049999999999727,145.409,inf,145.736,145.736,145.736
382,T5,BESTEFFORT,MISSED,m6-1,35.737,"{'m1-1': 5.35, 'm2-1': 4.75, 'm3-1': 94.1, 'm4-1': 23.32, 'm5-1': 149.71, 'm6-1': 4.64, 'm7-1': 9.68, 'm8-1': 23.42}",1.3154999999999717,144.86,inf,145.737,145.737,145.737
383,T9,BESTEFFORT,MISSED,m2-1,35.796,"{'m1-1': 5.6, 'm2-1': 5.55, 'm3-1': 106.6, 'm4-1': 27.42, 'm5-1': 151.06, 'm6-1': 4.77, 'm7-1': 10.23, 'm8-1': 25.64}",0.09000000000000341,145.736,inf,145.796,145.796,145.796
384,T8,BESTEFFORT,MISSED,m2-1,35.951,"{'m1-1': 5.59, 'm2-1': 5.06, 'm3-1': 106.67, 'm4-1': 25.41, 'm5-1': 175.01, 'm6-1': 5.03, 'm7-1': 10.44, 'm8-1': 25.5}",0.2325000000000017,145.796,inf,145.951,145.951,145.951
385,T2,BESTEFFORT,MISSED,m1-1,36.063,"{'m1-1': 4.71, 'm2-1': 4.9, 'm3-1': 112.98, 'm4-1': 26.13, 'm5-1': 160.69, 'm6-1': 5.59, 'm7-1': 11.2, 'm8-1': 25.27}",1.4879999999999853,145.071,inf,146.063,146.063,146.063
386,T9,BESTEFFORT,MISSED,m2-1,36.217,"{'m1-1': 5.7, 'm2-1': 4.82, 'm3-1': 101.49, 'm4-1': 24.74, 'm5-1': 155.62, 'm6-1': 5.41, 'm7-1': 9.62, 'm8-1': 25.24}",0.3989999999999867,145.951,inf,146.21699999999998,146.21699999999998,146.21699999999998
387,T8,BESTEFFORT,MISSED,m2-1,36.281,"{'m1-1': 5.64, 'm2-1': 5.11, 'm3-1': 100.78, 'm4-1': 26.76, 'm5-1': 166.65, 'm6-1': 5.05, 'm7-1': 10.02, 'm8-1': 26.18}",0.09600000000003206,146.21699999999998,inf,146.281,146.281,146.281
388,T1,BESTEFFORT,MISSED,m2-1,36.349,"{'m1-1': 5.78, 'm2-1': 4.9, 'm3-1': 101.54, 'm4-1': 24.86, 'm5-1': 149.28, 'm6-1': 5.53, 'm7-1': 9.81, 'm8-1': 26.85}",0.10199999999997544,146.281,inf,146.349,146.349,146.349
389,T5,BESTEFFORT,MISSED,m1-1,36.41,"{'m1-1': 5.61, 'm2-1': 4.78, 'm3-1': 104.55, 'm4-1': 27.1, 'm5-1': 148.23, 'm6-1': 4.82, 'm7-1': 10.38, 'm8-1': 27.39}",0.5205000000000126,146.063,inf,146.41,146.41,146.41
390,T5,BESTEFFORT,MISSED,m6-1,36.439,"{'m1-1': 5.0, 'm2-1': 5.47, 'm3-1': 94.26, 'm4-1': 23.21, 'm5-1': 145.57, 'm6-1': 5.36, 'm7-1': 9.72, 'm8-1': 26.8}",1.0529999999999973,145.737,inf,146.439,146.439,146.439
391,T3,BESTEFFORT,MISSED,m1-1,36.849,"{'m1-1': 5.19, 'm2-1': 5.38, 'm3-1': 105.66, 'm4-1': 25.7, 'm5-1': 155.28, 'm6-1': 5.05, 'm7-1': 9.9, 'm8-1': 27.18}",0.6584999999999894,146.41,inf,146.849,146.849,146.849
392,T3,BESTEFFORT,MISSED,m6-1,37.002,"{'m1-1': 5.09, 'm2-1': 5.86, 'm3-1': 108.98, 'm4-1': 25.2, 'm5-1': 157.42, 'm6-1': 5.44, 'm7-1': 10.5, 'm8-1': 24.02}",0.8445000000000249,146.439,inf,147.002,147.002,147.002
393,T5,BESTEFFORT,MISSED,m6-1,37.086,"{'m1-1': 5.53, 'm2-1': 5.11, 'm3-1': 109.87, 'm4-1': 25.05, 'm5-1': 151.06, 'm6-1': 5.09, 'm7-1': 10.68, 'm8-1': 26.2}",0.12600000000000477,147.002,inf,147.086,147.086,147.086
394,T6,BESTEFFORT,MISSED,m1-1,37.102,"{'m1-1': 5.5, 'm2-1': 5.25, 'm3-1': 102.86, 'm4-1': 27.16, 'm5-1': 147.34, 'm6-1': 5.3, 'm7-1': 10.45, 'm8-1': 24.15}",0.3795000000000215,146.849,inf,147.102,147.102,147.102
395,T4,BESTEFFORT,MISSED,m1-1,37.149,"{'m1-1': 5.14, 'm2-1': 5.63, 'm3-1': 97.77, 'm4-1': 28.35, 'm5-1': 160.49, 'm6-1': 5.71, 'm7-1': 11.09, 'm8-1': 27.68}",0.07049999999999557,147.102,inf,147.149,147.149,147.149
396,T8,BESTEFFORT,MISSED,m1-1,37.232,"{'m1-1': 5.18, 'm2-1': 5.61, 'm3-1': 109.63, 'm4-1': 28.26, 'm5-1': 172.32, 'm6-1': 4.87, 'm7-1': 11.42, 'm8-1': 26.09}",0.12449999999999761,147.149,inf,147.232,147.232,147.232
397,T2,BESTEFFORT,MISSED,m1-1,37.261,"{'m1-1': 5.15, 'm2-1': 5.01, 'm3-1': 110.98, 'm4-1': 25.89, 'm5-1': 162.88, 'm6-1': 5.94, 'm7-1': 10.91, 'm8-1': 25.1}",0.04349999999999454,147.232,inf,147.261,147.261,147.261
398,T6,BESTEFFORT,MISSED,m1-1,37.333,"{'m1-1': 5.11, 'm2-1': 5.22, 'm3-1': 112.22, 'm4-1': 25.18, 'm5-1': 153.85, 'm6-1': 5.47, 'm7-1': 11.74, 'm8-1': 28.31}",0.10800000000000409,147.261,inf,147.333,147.333,147.333
399,T2,BESTEFFORT,MISSED,m1-1,37.54,"{'m1-1': 4.68, 'm2-1': 4.88, 'm3-1': 103.12, 'm4-1': 29.35, 'm5-1': 165.04, 'm6-1': 5.92, 'm7-1': 10.02, 'm8-1': 27.37}",0.31049999999999045,147.333,inf,147.54,147.54,147.54
400,T5,BESTEFFORT,MISSED,m6-1,37.651,"{'m1-1': 5.22, 'm2-1': 4.87, 'm3-1': 94.62, 'm4-1': 23.05, 'm5-1': 155.88, 'm6-1': 5.18, 'm7-1': 9.86, 'm8-1': 25.74}",0.8474999999999966,147.086,inf,147.651,147.651,147.651
401,T10,BESTEFFORT,MISSED,m1-1,37.716,"{'m1-1': 5.17, 'm2-1': 5.4, 'm3-1': 108.44, 'm4-1': 27.89, 'm5-1': 157.5, 'm6-1': 5.09, 'm7-1': 11.48, 'm8-1': 27.46}",0.2640000000000242,147.54,inf,147.716,147.716,147.716
402,T9,BESTEFFORT,MISSED,m2-1,37.887,"{'m1-1': 5.81, 'm2-1': 5.29, 'm3-1': 99.64, 'm4-1': 26.43, 'm5-1': 159.93, 'm6-1': 4.87, 'm7-1': 10.58, 'm8-1': 26.75}",2.3070000000000164,146.349,inf,147.887,147.887,147.887
403,T5,BESTEFFORT,MISSED,m2-1,37.94,"{'m1-1': 5.81, 'm2-1': 5.57, 'm3-1': 99.57, 'm4-1': 25.57, 'm5-1': 145.21, 'm6-1': 4.7, 'm7-1': 11.0, 'm8-1': 26.52}",0.07949999999999591,147.887,inf,147.94,147.94,147.94
404,T5,BESTEFFORT,MISSED,m6-1,37.971,"{'m1-1': 5.44, 'm2-1': 5.36, 'm3-1': 102.78, 'm4-1': 24.13, 'm5-1': 138.0, 'm6-1': 5.24, 'm7-1': 10.74, 'm8-1': 27.22}",0.47999999999998977,147.651,inf,147.971,147.971,147.971
405,T10,BESTEFFORT,MISSED,m1-1,38.281,"{'m1-1': 5.61, 'm2-1': 5.5, 'm3-1': 100.38, 'm4-1': 25.96, 'm5-1': 158.33, 'm6-1': 5.68, 'm7-1': 10.74, 'm8-1': 28.15}",0.8474999999999966,147.716,inf,148.281,148.281,148.281
406,T8,BESTEFFORT,MISSED,m1-1,38.316,"{'m1-1': 5.82, 'm2-1': 5.75, 'm3-1': 111.23, 'm4-1': 25.19, 'm5-1': 156.56, 'm6-1': 5.03, 'm7-1': 10.75, 'm8-1': 27.48}",0.052499999999994884,148.281,inf,148.316,148.316,148.316
407,T1,BESTEFFORT,MISSED,m6-1,38.477,"{'m1-1': 5.69, 'm2-1': 4.95, 'm3-1': 101.04, 'm4-1': 27.04, 'm5-1': 163.0, 'm6-1': 5.51, 'm7-1': 9.8, 'm8-1': 23.26}",0.7590000000000003,147.971,inf,148.477,148.477,148.477
408,T1,BESTEFFORT,MISSED,m2-1,38.541,"{'m1-1': 5.31, 'm2-1': 4.93, 'm3-1': 103.4, 'm4-1': 27.24, 'm5-1': 149.62, 'm6-1': 5.25, 'm7-1': 10.13, 'm8-1': 27.31}",0.9014999999999986,147.94,inf,148.541,148.541,148.541
409,T1,BESTEFFORT,MISSED,m6-1,38.693,"{'m1-1': 5.79, 'm2-1': 5.17, 'm3-1': 99.33, 'm4-1': 24.56, 'm5-1': 159.98, 'm6-1': 5.6, 'm7-1': 11.33, 'm8-1': 25.84}",0.32399999999996965,148.477,inf,148.69299999999998,148.69299999999998,148.69299999999998
410,T10,BESTEFFORT,MISSED,m6-1,38.786,"{'m1-1': 4.83, 'm2-1': 5.15, 'm3-1': 108.41, 'm4-1': 29.38, 'm5-1': 172.88, 'm6-1': 5.17, 'm7-1': 10.84, 'm8-1': 25.02}",0.1395000000000266,148.69299999999998,inf,148.786,148.786,148.786
411,T10,BESTEFFORT,MISSED,m1-1,38.851,"{'m1-1': 5.18, 'm2-1': 5.44, 'm3-1': 104.59, 'm4-1': 25.39, 'm5-1': 163.43, 'm6-1': 5.6, 'm7-1': 11.66, 'm8-1': 27.5}",0.8024999999999949,148.316,inf,148.851,148.851,148.851
412,T2,BESTEFFORT,MISSED,m1-1,38.852,"{'m1-1': 4.82, 'm2-1': 5.41, 'm3-1': 111.17, 'm4-1': 29.42, 'm5-1': 148.34, 'm6-1': 5.23, 'm7-1': 10.05, 'm8-1': 26.43}",0.0015000000000071623,148.851,inf,148.852,148.852,148.852
413,T4,BESTEFFORT,MISSED,m1-1,38.958,"{'m1-1': 5.5, 'm2-1': 5.24, 'm3-1': 106.57, 'm4-1': 28.87, 'm5-1': 157.51, 'm6-1': 5.03, 'm7-1': 11.37, 'm8-1': 25.46}",0.15899999999999181,148.852,inf,148.958,148.958,148.958
414,T10,BESTEFFORT,MISSED,m1-1,38.996,"{'m1-1': 5.3, 'm2-1': 5.4, 'm3-1': 94.94, 'm4-1': 25.75, 'm5-1': 163.39, 'm6-1': 5.16, 'm7-1': 10.12, 'm8-1': 28.6}",0.05700000000001637,148.958,inf,148.996,148.996,148.996
415,T8,BESTEFFORT,MISSED,m6-1,39.125,"{'m1-1': 5.71, 'm2-1': 5.78, 'm3-1': 107.84, 'm4-1': 25.11, 'm5-1': 155.47, 'm6-1': 4.86, 'm7-1': 10.4, 'm8-1': 27.28}",0.508499999999998,148.786,inf,149.125,149.125,149.125
416,T8,BESTEFFORT,MISSED,m6-1,39.171,"{'m1-1': 5.46, 'm2-1': 4.91, 'm3-1': 107.83, 'm4-1': 28.1, 'm5-1': 165.68, 'm6-1': 4.82, 'm7-1': 10.2, 'm8-1': 28.05}",0.0689999999999884,149.125,inf,149.171,149.171,149.171
417,T5,BESTEFFORT,MISSED,m2-1,39.209,"{'m1-1': 5.79, 'm2-1': 4.81, 'm3-1': 100.24, 'm4-1': 26.94, 'm5-1': 147.15, 'm6-1': 5.1, 'm7-1': 10.11, 'm8-1': 27.5}",1.0020000000000095,148.541,inf,149.209,149.209,149.209
418,T7,BESTEFFORT,MISSED,m2-1,39.249,"{'m1-1': 5.38, 'm2-1': 5.7, 'm3-1': 107.55, 'm4-1': 26.91, 'm5-1': 148.42, 'm6-1': 5.43, 'm7-1': 10.76, 'm8-1': 27.38}",0.05999999999998806,149.209,inf,149.249,149.249,149.249
419,T9,BESTEFFORT,MISSED,m2-1,39.427,"{'m1-1': 5.12, 'm2-1': 4.93, 'm3-1': 116.2, 'm4-1': 23.25, 'm5-1': 147.41, 'm6-1': 4.99, 'm7-1': 10.0, 'm8-1': 28.41}",0.2669999999999959,149.249,inf,149.427,149.427,149.427
420,T6,BESTEFFORT,MISSED,m2-1,39.605,"{'m1-1': 5.4, 'm2-1': 4.99, 'm3-1': 107.88, 'm4-1': 25.02, 'm5-1': 147.5, 'm6-1': 5.66, 'm7-1': 11.34, 'm8-1': 25.9}",0.2669999999999959,149.427,inf,149.605,149.605,149.605
421,T2,BESTEFFORT,MISSED,m2-1,39.63,"{'m1-1': 5.24, 'm2-1': 5.24, 'm3-1': 104.0, 'm4-1': 27.01, 'm5-1': 171.26, 'm6-1': 5.04, 'm7-1': 10.25, 'm8-1': 24.74}",0.037500000000008527,149.605,inf,149.63,149.63,149.63
422,T6,BESTEFFORT,MISSED,m6-1,39.652,"{'m1-1': 5.36, 'm2-1': 4.94, 'm3-1': 111.28, 'm4-1': 27.45, 'm5-1': 147.22, 'm6-1': 5.04, 'm7-1': 10.27, 'm8-1': 27.46}",0.7214999999999918,149.171,inf,149.652,149.652,149.652
423,T4,BESTEFFORT,MISSED,m2-1,39.687,"{'m1-1': 5.48, 'm2-1': 5.08, 'm3-1': 111.04, 'm4-1': 28.21, 'm5-1': 146.48, 'm6-1': 5.53, 'm7-1': 10.79, 'm8-1': 28.67}",0.08550000000002456,149.63,inf,149.687,149.687,149.687
424,T8,BESTEFFORT,MISSED,m6-1,39.873,"{'m1-1': 5.18, 'm2-1': 5.04, 'm3-1': 105.3, 'm4-1': 26.1, 'm5-1': 174.07, 'm6-1': 5.28, 'm7-1': 10.13, 'm8-1': 26.83}",0.33150000000000546,149.652,inf,149.873,149.873,149.873
425,T7,BESTEFFORT,MISSED,m6-1,39.984,"{'m1-1': 5.45, 'm2-1': 4.91, 'm3-1': 109.05, 'm4-1': 25.84, 'm5-1': 153.34, 'm6-1': 5.5, 'm7-1': 10.75, 'm8-1': 25.63}",0.16650000000002763,149.873,inf,149.984,149.984,149.984
426,T5,BESTEFFORT,MISSED,m2-1,39.984,"{'m1-1': 5.28, 'm2-1': 5.28, 'm3-1': 103.08, 'm4-1': 24.56, 'm5-1': 158.12, 'm6-1': 5.35, 'm7-1': 10.89, 'm8-1': 24.15}",0.44549999999999557,149.687,inf,149.984,149.984,149.984
427,T9,BESTEFFORT,MISSED,m2-1,40.032,"{'m1-1': 5.32, 'm2-1': 5.17, 'm3-1': 102.45, 'm4-1': 26.33, 'm5-1': 162.78, 'm6-1': 4.95, 'm7-1': 10.84, 'm8-1': 28.41}",0.0719999999999601,149.984,inf,150.03199999999998,150.03199999999998,150.03199999999998
428,T3,BESTEFFORT,MISSED,m2-1,40.113,"{'m1-1': 5.54, 'm2-1': 5.11, 'm3-1': 110.3, 'm4-1': 28.23, 'm5-1': 147.54, 'm6-1': 5.17, 'm7-1': 10.15, 'm8-1': 24.79}",0.12150000000002592,150.03199999999998,inf,150.113,150.113,150.113
429,T9,BESTEFFORT,MISSED,m6-1,40.248,"{'m1-1': 5.76, 'm2-1': 5.46, 'm3-1': 114.4, 'm4-1': 27.0, 'm5-1': 155.45, 'm6-1': 4.7, 'm7-1': 11.12, 'm8-1': 28.94}",0.3959999999999724,149.984,inf,150.248,150.248,150.248
430,T5,BESTEFFORT,MISSED,m6-1,40.472,"{'m1-1': 5.15, 'm2-1': 4.75, 'm3-1': 109.39, 'm4-1': 25.11, 'm5-1': 158.95, 'm6-1': 5.11, 'm7-1': 9.84, 'm8-1': 24.35}",0.33600000000002694,150.248,inf,150.472,150.472,150.472
431,T9,BESTEFFORT,MISSED,m6-1,40.484,"{'m1-1': 5.43, 'm2-1': 4.91, 'm3-1': 108.63, 'm4-1': 25.68, 'm5-1': 162.15, 'm6-1': 4.85, 'm7-1': 10.29, 'm8-1': 27.94}",0.018000000000000682,150.472,inf,150.484,150.484,150.484
432,T3,BESTEFFORT,MISSED,m1-1,40.518,"{'m1-1': 5.51, 'm2-1': 5.62, 'm3-1': 107.41, 'm4-1': 25.16, 'm5-1': 138.43, 'm6-1': 5.01, 'm7-1': 9.61, 'm8-1': 23.44}",2.282999999999987,148.996,inf,150.518,150.518,150.518
433,T2,BESTEFFORT,MISSED,m1-1,40.619,"{'m1-1': 5.33, 'm2-1': 5.4, 'm3-1': 96.32, 'm4-1': 28.91, 'm5-1': 146.88, 'm6-1': 5.44, 'm7-1': 10.39, 'm8-1': 27.66}",0.15149999999999864,150.518,inf,150.619,150.619,150.619
434,T5,BESTEFFORT,MISSED,m6-1,40.64,"{'m1-1': 5.49, 'm2-1': 4.76, 'm3-1': 102.55, 'm4-1': 24.6, 'm5-1': 157.31, 'm6-1': 5.36, 'm7-1': 9.93, 'm8-1': 26.54}",0.23399999999996624,150.484,inf,150.64,150.64,150.64
435,T10,BESTEFFORT,MISSED,m2-1,40.79,"{'m1-1': 4.82, 'm2-1': 5.44, 'm3-1': 110.16, 'm4-1': 27.9, 'm5-1': 177.53, 'm6-1': 5.1, 'm7-1': 10.0, 'm8-1': 24.51}",1.0154999999999887,150.113,inf,150.79,150.79,150.79
436,T8,BESTEFFORT,MISSED,m6-1,40.852,"{'m1-1': 5.1, 'm2-1': 5.81, 'm3-1': 110.35, 'm4-1': 28.37, 'm5-1': 154.01, 'm6-1': 4.76, 'm7-1': 11.59, 'm8-1': 25.7}",0.31800000000002626,150.64,inf,150.852,150.852,150.852
437,T2,BESTEFFORT,MISSED,m6-1,41.04,"{'m1-1': 4.81, 'm2-1': 5.61, 'm3-1': 105.99, 'm4-1': 26.86, 'm5-1': 155.23, 'm6-1': 5.78, 'm7-1': 9.53, 'm8-1': 27.71}",0.28199999999998226,150.852,inf,151.04,151.04,151.04
438,T4,BESTEFFORT,MISSED,m2-1,41.077,"{'m1-1': 5.29, 'm2-1': 5.3, 'm3-1': 112.64, 'm4-1': 26.57, 'm5-1': 153.45, 'm6-1': 5.3, 'm7-1': 10.01, 'm8-1': 25.42}",0.4305000000000092,150.79,inf,151.077,151.077,151.077
439,T1,BESTEFFORT,MISSED,m2-1,41.164,"{'m1-1': 5.32, 'm2-1': 4.92, 'm3-1': 105.99, 'm4-1': 27.19, 'm5-1': 142.1, 'm6-1': 5.09, 'm7-1': 11.05, 'm8-1': 23.71}",0.13049999999998363,151.077,inf,151.164,151.164,151.164
440,T6,BESTEFFORT,MISSED,m2-1,41.223,"{'m1-1': 4.79, 'm2-1': 5.59, 'm3-1': 107.77, 'm4-1': 25.98, 'm5-1': 141.96, 'm6-1': 5.14, 'm7-1': 10.36, 'm8-1': 27.03}",0.08850000000003888,151.164,inf,151.223,151.223,151.223
441,T7,BESTEFFORT,MISSED,m1-1,41.644,"{'m1-1': 4.74, 'm2-1': 4.82, 'm3-1': 100.46, 'm4-1': 25.35, 'm5-1': 147.39, 'm6-1': 4.91, 'm7-1': 11.34, 'm8-1': 25.58}",1.5375000000000085,150.619,inf,151.644,151.644,151.644
442,T9,BESTEFFORT,MISSED,m6-1,41.679,"{'m1-1': 4.94, 'm2-1': 5.48, 'm3-1': 112.05, 'm4-1': 27.44, 'm5-1': 156.61, 'm6-1': 4.98, 'm7-1': 11.2, 'm8-1': 25.95}",0.958500000000015,151.04,inf,151.679,151.679,151.679
443,T3,BESTEFFORT,MISSED,m6-1,41.749,"{'m1-1': 4.96, 'm2-1': 5.18, 'm3-1': 102.64, 'm4-1': 27.95, 'm5-1': 146.69, 'm6-1': 5.62, 'm7-1': 10.71, 'm8-1': 26.3}",0.10499999999998977,151.679,inf,151.749,151.749,151.749
444,T8,BESTEFFORT,MISSED,m6-1,41.873,"{'m1-1': 5.02, 'm2-1': 4.94, 'm3-1': 106.41, 'm4-1': 26.52, 'm5-1': 152.83, 'm6-1': 5.18, 'm7-1': 10.63, 'm8-1': 25.99}",0.18599999999999284,151.749,inf,151.873,151.873,151.873
445,T9,BESTEFFORT,MISSED,m6-1,41.957,"{'m1-1': 5.01, 'm2-1': 5.15, 'm3-1': 105.25, 'm4-1': 27.09, 'm5-1': 156.24, 'm6-1': 4.88, 'm7-1': 10.98, 'm8-1': 26.73}",0.12600000000000477,151.873,inf,151.957,151.957,151.957
446,T7,BESTEFFORT,MISSED,m2-1,41.985,"{'m1-1': 5.01, 'm2-1': 4.92, 'm3-1': 105.72, 'm4-1': 24.98, 'm5-1': 158.0, 'm6-1': 5.34, 'm7-1': 10.22, 'm8-1': 28.32}",1.1430000000000007,151.223,inf,151.985,151.985,151.985
447,T2,BESTEFFORT,MISSED,m1-1,42.28,"{'m1-1': 4.96, 'm2-1': 4.89, 'm3-1': 100.47, 'm4-1': 25.36, 'm5-1': 151.67, 'm6-1': 5.33, 'm7-1': 10.69, 'm8-1': 26.45}",0.9539999999999935,151.644,inf,152.28,152.28,152.28
448,T7,BESTEFFORT,MISSED,m1-1,42.377,"{'m1-1': 5.18, 'm2-1': 5.4, 'm3-1': 100.58, 'm4-1': 23.7, 'm5-1': 140.8, 'm6-1': 5.22, 'm7-1': 11.75, 'm8-1': 28.36}",0.14550000000001262,152.28,inf,152.377,152.377,152.377
449,T7,BESTEFFORT,MISSED,m6-1,42.609,"{'m1-1': 5.0, 'm2-1': 5.24, 'm3-1': 100.2, 'm4-1': 24.17, 'm5-1': 146.49, 'm6-1': 5.83, 'm7-1': 11.04, 'm8-1': 25.72}",0.9780000000000229,151.957,inf,152.609,152.609,152.609
450,T7,BESTEFFORT,MISSED,m1-1,42.625,"{'m1-1': 5.18, 'm2-1': 5.65, 'm3-1': 98.71, 'm4-1': 27.5, 'm5-1': 155.33, 'm6-1': 5.21, 'm7-1': 11.27, 'm8-1': 27.98}",0.3719999999999857,152.377,inf,152.625,152.625,152.625
451,T2,BESTEFFORT,MISSED,m1-1,42.823,"{'m1-1': 4.8, 'm2-1': 4.94, 'm3-1': 109.0, 'm4-1': 26.24, 'm5-1': 155.68, 'm6-1': 5.65, 'm7-1': 10.32, 'm8-1': 26.4}",0.29700000000001125,152.625,inf,152.823,152.823,152.823
452,T10,BESTEFFORT,MISSED,m6-1,42.832,"{'m1-1': 5.43, 'm2-1': 5.74, 'm3-1': 97.12, 'm4-1': 28.56, 'm5-1': 166.44, 'm6-1': 4.89, 'm7-1': 10.5, 'm8-1': 26.85}",0.33449999999997715,152.609,inf,152.832,152.832,152.832
453,T7,BESTEFFORT,MISSED,m2-1,42.863,"{'m1-1': 5.39, 'm2-1': 5.42, 'm3-1': 100.3, 'm4-1': 25.61, 'm5-1': 138.76, 'm6-1': 5.55, 'm7-1': 11.12, 'm8-1': 26.69}",1.3169999999999789,151.985,inf,152.863,152.863,152.863
454,T10,BESTEFFORT,MISSED,m1-1,42.864,"{'m1-1': 5.26, 'm2-1': 4.98, 'm3-1': 95.79, 'm4-1': 28.19, 'm5-1': 176.27, 'm6-1': 5.29, 'm7-1': 9.98, 'm8-1': 28.29}",0.061499999999995225,152.823,inf,152.864,152.864,152.864
455,T10,BESTEFFORT,MISSED,m2-1,42.871,"{'m1-1': 5.27, 'm2-1': 5.56, 'm3-1': 94.72, 'm4-1': 26.69, 'm5-1': 159.01, 'm6-1': 5.05, 'm7-1': 11.44, 'm8-1': 24.56}",0.012000000000014666,152.863,inf,152.871,152.871,152.871
456,T10,BESTEFFORT,MISSED,m1-1,42.971,"{'m1-1': 5.34, 'm2-1': 5.27, 'm3-1': 94.98, 'm4-1': 26.08, 'm5-1': 175.32, 'm6-1': 5.36, 'm7-1': 10.77, 'm8-1': 26.14}",0.16049999999999898,152.864,inf,152.971,152.971,152.971
457,T2,BESTEFFORT,MISSED,m1-1,42.976,"{'m1-1': 5.46, 'm2-1': 5.12, 'm3-1': 113.81, 'm4-1': 27.45, 'm5-1': 148.32, 'm6-1': 5.79, 'm7-1': 10.6, 'm8-1': 28.16}",0.007499999999993179,152.971,inf,152.976,152.976,152.976
458,T9,BESTEFFORT,MISSED,m6-1,43.042,"{'m1-1': 5.66, 'm2-1': 5.16, 'm3-1': 114.88, 'm4-1': 24.17, 'm5-1': 155.46, 'm6-1': 4.95, 'm7-1': 10.98, 'm8-1': 26.9}",0.31500000000001194,152.832,inf,153.042,153.042,153.042
459,T4,BESTEFFORT,MISSED,m2-1,43.11,"{'m1-1': 5.12, 'm2-1': 5.66, 'm3-1': 105.0, 'm4-1': 29.07, 'm5-1': 158.05, 'm6-1': 5.53, 'm7-1': 10.2, 'm8-1': 25.42}",0.3585000000000065,152.871,inf,153.11,153.11,153.11
460,T2,BESTEFFORT,MISSED,m6-1,43.161,"{'m1-1': 4.67, 'm2-1': 5.27, 'm3-1': 106.39, 'm4-1': 25.36, 'm5-1': 167.37, 'm6-1': 5.88, 'm7-1': 10.07, 'm8-1': 28.42}",0.17849999999999966,153.042,inf,153.161,153.161,153.161
461,T3,BESTEFFORT,MISSED,m6-1,43.221,"{'m1-1': 5.5, 'm2-1': 5.74, 'm3-1': 101.8, 'm4-1': 27.85, 'm5-1': 138.4, 'm6-1': 5.34, 'm7-1': 10.76, 'm8-1': 23.55}",0.09000000000000341,153.161,inf,153.221,153.221,153.221
462,T8,BESTEFFORT,MISSED,m6-1,43.296,"{'m1-1': 5.14, 'm2-1': 5.58, 'm3-1': 100.6, 'm4-1': 28.12, 'm5-1': 159.59, 'm6-1': 5.5, 'm7-1': 10.74, 'm8-1': 29.43}",0.11249999999998295,153.221,inf,153.296,153.296,153.296
463,T7,BESTEFFORT,MISSED,m1-1,43.322,"{'m1-1': 5.05, 'm2-1': 5.49, 'm3-1': 116.82, 'm4-1': 24.52, 'm5-1': 158.0, 'm6-1': 5.7, 'm7-1': 11.13, 'm8-1': 26.92}",0.5190000000000055,152.976,inf,153.322,153.322,153.322
464,T4,BESTEFFORT,MISSED,m1-1,43.406,"{'m1-1': 4.97, 'm2-1': 5.59, 'm3-1': 100.99, 'm4-1': 29.31, 'm5-1': 165.07, 'm6-1': 5.43, 'm7-1': 11.5, 'm8-1': 25.81}",0.12600000000000477,153.322,inf,153.406,153.406,153.406
465,T1,BESTEFFORT,MISSED,m2-1,43.89,"{'m1-1': 5.04, 'm2-1': 5.34, 'm3-1': 105.9, 'm4-1': 25.94, 'm5-1': 162.4, 'm6-1': 5.71, 'm7-1': 10.86, 'm8-1': 24.58}",1.169999999999959,153.11,inf,153.89,153.89,153.89
466,T7,BESTEFFORT,MISSED,m1-1,43.914,"{'m1-1': 4.85, 'm2-1': 5.34, 'm3-1': 111.15, 'm4-1': 27.23, 'm5-1': 144.34, 'm6-1': 5.08, 'm7-1': 10.48, 'm8-1': 26.26}",0.761999999999972,153.406,inf,153.914,153.914,153.914
467,T2,BESTEFFORT,MISSED,m1-1,43.933,"{'m1-1': 4.8, 'm2-1': 5.71, 'm3-1': 106.42, 'm4-1': 27.82, 'm5-1': 155.23, 'm6-1': 5.92, 'm7-1': 10.13, 'm8-1': 26.99}",0.028500000000008185,153.914,inf,153.933,153.933,153.933
468,T4,BESTEFFORT,MISSED,m1-1,43.935,"{'m1-1': 5.25, 'm2-1': 5.5, 'm3-1': 102.58, 'm4-1': 28.04, 'm5-1': 165.29, 'm6-1': 5.8, 'm7-1': 10.81, 'm8-1': 27.42}",0.0030000000000143245,153.933,inf,153.935,153.935,153.935
469,T1,BESTEFFORT,MISSED,m2-1,44.046,"{'m1-1': 5.78, 'm2-1': 5.43, 'm3-1': 110.1, 'm4-1': 27.27, 'm5-1': 163.37, 'm6-1': 5.62, 'm7-1': 11.42, 'm8-1': 23.44}",0.23400000000000887,153.89,inf,154.046,154.046,154.046
470,T7,BESTEFFORT,MISSED,m2-1,44.148,"{'m1-1': 5.16, 'm2-1': 5.18, 'm3-1': 104.44, 'm4-1': 26.13, 'm5-1': 161.29, 'm6-1': 5.16, 'm7-1': 10.11, 'm8-1': 27.47}",0.1530000000000058,154.046,inf,154.148,154.148,154.148
471,T2,BESTEFFORT,MISSED,m1-1,44.175,"{'m1-1': 5.28, 'm2-1': 4.9, 'm3-1': 106.21, 'm4-1': 28.28, 'm5-1': 164.42, 'm6-1': 5.61, 'm7-1': 9.86, 'm8-1': 27.99}",0.36000000000001364,153.935,inf,154.175,154.175,154.175
472,T6,BESTEFFORT,MISSED,m2-1,44.226,"{'m1-1': 4.97, 'm2-1': 5.08, 'm3-1': 99.15, 'm4-1': 25.52, 'm5-1': 164.7, 'm6-1': 5.38, 'm7-1': 11.84, 'm8-1': 27.88}",0.11700000000000443,154.148,inf,154.226,154.226,154.226
473,T9,BESTEFFORT,MISSED,m2-1,44.459,"{'m1-1': 5.4, 'm2-1': 5.08, 'm3-1': 114.04, 'm4-1': 24.98, 'm5-1': 160.73, 'm6-1': 4.86, 'm7-1': 9.9, 'm8-1': 24.9}",0.34950000000000614,154.226,inf,154.459,154.459,154.459
474,T1,BESTEFFORT,MISSED,m2-1,44.465,"{'m1-1': 5.91, 'm2-1': 5.37, 'm3-1': 103.88, 'm4-1': 27.54, 'm5-1': 157.91, 'm6-1': 5.31, 'm7-1': 10.41, 'm8-1': 25.34}",0.009000000000000341,154.459,inf,154.465,154.465,154.465
475,T3,BESTEFFORT,MISSED,m6-1,44.866,"{'m1-1': 5.5, 'm2-1': 5.83, 'm3-1': 102.62, 'm4-1': 25.11, 'm5-1': 143.83, 'm6-1': 5.48, 'm7-1': 10.9, 'm8-1': 26.8}",2.3549999999999898,153.296,inf,154.86599999999999,154.86599999999999,154.86599999999999
476,T5,BESTEFFORT,MISSED,m6-1,44.9,"{'m1-1': 5.5, 'm2-1': 5.03, 'm3-1': 106.72, 'm4-1': 23.64, 'm5-1': 148.18, 'm6-1': 5.3, 'm7-1': 11.0, 'm8-1': 26.48}",0.051000000000030354,154.86599999999999,inf,154.9,154.9,154.9
477,T6,BESTEFFORT,MISSED,m2-1,44.922,"{'m1-1': 5.14, 'm2-1': 5.13, 'm3-1': 106.17, 'm4-1': 24.48, 'm5-1': 166.03, 'm6-1': 5.04, 'm7-1': 11.21, 'm8-1': 27.09}",0.6854999999999905,154.465,inf,154.922,154.922,154.922
478,T6,BESTEFFORT,MISSED,m6-1,45.025,"{'m1-1': 5.1, 'm2-1': 5.05, 'm3-1': 106.36, 'm4-1': 24.52, 'm5-1': 158.28, 'm6-1': 5.32, 'm7-1': 10.34, 'm8-1': 28.28}",0.1875,154.9,inf,155.025,155.025,155.025
479,T4,BESTEFFORT,MISSED,m1-1,45.132,"{'m1-1': 5.48, 'm2-1': 5.81, 'm3-1': 104.4, 'm4-1': 27.74, 'm5-1': 170.44, 'm6-1': 5.72, 'm7-1': 10.51, 'm8-1': 24.61}",1.4354999999999905,154.175,inf,155.132,155.132,155.132
480,T7,BESTEFFORT,MISSED,m1-1,45.279,"{'m1-1': 5.16, 'm2-1': 4.9, 'm3-1': 107.59, 'm4-1': 23.76, 'm5-1': 154.44, 'm6-1': 5.28, 'm7-1': 11.21, 'm8-1': 28.39}",0.22049999999998704,155.132,inf,155.279,155.279,155.279
481,T4,BESTEFFORT,MISSED,m6-1,45.3,"{'m1-1': 5.34, 'm2-1': 5.48, 'm3-1': 105.33, 'm4-1': 27.29, 'm5-1': 160.81, 'm6-1': 5.54, 'm7-1': 10.58, 'm8-1': 24.5}",0.4125000000000085,155.025,inf,155.3,155.3,155.3
482,T7,BESTEFFORT,MISSED,m1-1,45.349,"{'m1-1': 4.83, 'm2-1': 4.91, 'm3-1': 114.57, 'm4-1': 24.09, 'm5-1': 153.65, 'm6-1': 5.24, 'm7-1': 10.58, 'm8-1': 25.21}",0.10499999999998977,155.279,inf,155.349,155.349,155.349
483,T5,BESTEFFORT,MISSED,m1-1,45.506,"{'m1-1': 5.42, 'm2-1': 5.54, 'm3-1': 97.09, 'm4-1': 23.71, 'm5-1': 155.82, 'm6-1': 4.98, 'm7-1': 9.65, 'm8-1': 24.12}",0.23550000000001603,155.349,inf,155.506,155.506,155.506
484,T1,BESTEFFORT,MISSED,m2-1,45.633,"{'m1-1': 5.22, 'm2-1': 5.07, 'm3-1': 98.38, 'm4-1': 26.65, 'm5-1': 149.62, 'm6-1': 5.51, 'm7-1': 10.94, 'm8-1': 24.12}",1.066500000000019,154.922,inf,155.633,155.633,155.633
485,T5,BESTEFFORT,MISSED,m6-1,45.709,"{'m1-1': 5.73, 'm2-1': 5.57, 'm3-1': 97.14, 'm4-1': 24.71, 'm5-1': 141.36, 'm6-1': 4.79, 'm7-1': 9.27, 'm8-1': 25.1}",0.6134999999999877,155.3,inf,155.709,155.709,155.709
486,T8,BESTEFFORT,MISSED,m1-1,46.093,"{'m1-1': 5.49, 'm2-1': 5.56, 'm3-1': 115.75, 'm4-1': 24.98, 'm5-1': 161.6, 'm6-1': 5.01, 'm7-1': 11.45, 'm8-1': 27.92}",0.8805000000000263,155.506,inf,156.09300000000002,156.09300000000002,156.09300000000002
487,T4,BESTEFFORT,MISSED,m1-1,46.115,"{'m1-1': 5.01, 'm2-1': 5.59, 'm3-1': 105.23, 'm4-1': 28.23, 'm5-1': 145.18, 'm6-1': 5.24, 'm7-1': 11.06, 'm8-1': 26.1}",0.03299999999998704,156.09300000000002,inf,156.115,156.115,156.115
488,T4,BESTEFFORT,MISSED,m2-1,46.118,"{'m1-1': 4.84, 'm2-1': 5.41, 'm3-1': 110.5, 'm4-1': 26.56, 'm5-1': 159.02, 'm6-1': 5.67, 'm7-1': 11.23, 'm8-1': 25.55}",0.7274999999999778,155.633,inf,156.118,156.118,156.118
489,T8,BESTEFFORT,MISSED,m6-1,46.359,"{'m1-1': 5.85, 'm2-1': 5.57, 'm3-1': 97.71, 'm4-1': 27.71, 'm5-1': 151.18, 'm6-1': 5.39, 'm7-1': 11.37, 'm8-1': 29.33}",0.9750000000000085,155.709,inf,156.359,156.359,156.359
490,T1,BESTEFFORT,MISSED,m1-1,46.574,"{'m1-1': 5.84, 'm2-1': 5.52, 'm3-1': 107.65, 'm4-1': 26.61, 'm5-1': 143.5, 'm6-1': 5.44, 'm7-1': 10.77, 'm8-1': 26.82}",0.6885000000000048,156.115,inf,156.574,156.574,156.574
491,T7,BESTEFFORT,MISSED,m6-1,46.635,"{'m1-1': 5.33, 'm2-1': 5.3, 'm3-1': 99.86, 'm4-1': 26.62, 'm5-1': 160.79, 'm6-1': 5.29, 'm7-1': 10.3, 'm8-1': 26.88}",0.41399999999997306,156.359,inf,156.635,156.635,156.635
492,T1,BESTEFFORT,MISSED,m2-1,46.653,"{'m1-1': 5.16, 'm2-1': 5.16, 'm3-1': 100.63, 'm4-1': 23.85, 'm5-1': 151.86, 'm6-1': 5.64, 'm7-1': 10.44, 'm8-1': 27.3}",0.8024999999999949,156.118,inf,156.653,156.653,156.653
493,T6,BESTEFFORT,MISSED,m6-1,46.712,"{'m1-1': 4.74, 'm2-1': 5.33, 'm3-1': 109.47, 'm4-1': 26.43, 'm5-1': 143.92, 'm6-1': 5.72, 'm7-1': 11.33, 'm8-1': 28.4}",0.11549999999999727,156.635,inf,156.712,156.712,156.712
494,T5,BESTEFFORT,MISSED,m2-1,46.889,"{'m1-1': 5.15, 'm2-1': 4.91, 'm3-1': 102.8, 'm4-1': 25.34, 'm5-1': 140.82, 'm6-1': 5.27, 'm7-1': 9.67, 'm8-1': 25.23}",0.3540000000000276,156.653,inf,156.889,156.889,156.889
495,T2,BESTEFFORT,MISSED,m2-1,47.044,"{'m1-1': 4.66, 'm2-1': 5.67, 'm3-1': 106.76, 'm4-1': 28.86, 'm5-1': 164.96, 'm6-1': 5.74, 'm7-1': 10.03, 'm8-1': 25.8}",0.23249999999995907,156.889,inf,157.04399999999998,157.04399999999998,157.04399999999998
496,T2,BESTEFFORT,MISSED,m1-1,47.054,"{'m1-1': 5.23, 'm2-1': 5.41, 'm3-1': 100.2, 'm4-1': 26.64, 'm5-1': 158.18, 'm6-1': 5.18, 'm7-1': 10.5, 'm8-1': 24.94}",0.7199999999999847,156.574,inf,157.054,157.054,157.054
497,T1,BESTEFFORT,MISSED,m6-1,47.094,"{'m1-1': 5.54, 'm2-1': 5.16, 'm3-1': 113.67, 'm4-1': 23.83, 'm5-1': 152.71, 'm6-1': 5.16, 'm7-1': 10.06, 'm8-1': 23.42}",0.5730000000000075,156.712,inf,157.094,157.094,157.094
498,T3,BESTEFFORT,MISSED,m6-1,47.146,"{'m1-1': 5.02, 'm2-1': 5.24, 'm3-1': 99.38, 'm4-1': 26.6, 'm5-1': 152.28, 'm6-1': 5.76, 'm7-1': 10.58, 'm8-1': 25.24}",0.07800000000003138,157.094,inf,157.14600000000002,157.14600000000002,157.14600000000002
499,T1,BESTEFFORT,MISSED,m2-1,47.423,"{'m1-1': 5.4, 'm2-1': 5.56, 'm3-1': 112.36, 'm4-1': 25.27, 'm5-1': 162.62, 'm6-1': 5.85, 'm7-1': 10.15, 'm8-1': 27.34}",0.5685000000000286,157.04399999999998,inf,157.423,157.423,157.423
500,T5,BESTEFFORT,MISSED,m2-1,47.747,"{'m1-1': 5.79, 'm2-1': 5.04, 'm3-1': 109.58, 'm4-1': 23.22, 'm5-1': 152.31, 'm6-1': 5.08, 'm7-1': 9.51, 'm8-1': 24.74}",0.4860000000000184,157.423,inf,157.747,157.747,157.747
501,T8,BESTEFFORT,MISSED,m2-1,47.809,"{'m1-1': 4.92, 'm2-1': 5.73, 'm3-1': 103.36, 'm4-1': 27.88, 'm5-1': 156.93, 'm6-1': 4.69, 'm7-1': 11.37, 'm8-1': 25.3}",0.0929999999999751,157.747,inf,157.809,157.809,157.809
502,T7,BESTEFFORT,MISSED,m1-1,47.824,"{'m1-1': 5.3, 'm2-1': 5.18, 'm3-1': 108.8, 'm4-1': 27.49, 'm5-1': 142.26, 'm6-1': 5.59, 'm7-1': 10.75, 'm8-1': 28.02}",1.1550000000000153,157.054,inf,157.824,157.824,157.824
503,T3,BESTEFFORT,MISSED,m1-1,47.829,"{'m1-1': 5.38, 'm2-1': 5.39, 'm3-1': 99.51, 'm4-1': 27.27, 'm5-1': 146.66, 'm6-1': 5.6, 'm7-1': 9.96, 'm8-1': 24.46}",0.007499999999993179,157.824,inf,157.829,157.829,157.829
504,T2,BESTEFFORT,MISSED,m2-1,47.842,"{'m1-1': 4.63, 'm2-1': 5.12, 'm3-1': 97.05, 'm4-1': 28.28, 'm5-1': 170.04, 'm6-1': 5.14, 'm7-1': 10.98, 'm8-1': 26.19}",0.04949999999998056,157.809,inf,157.84199999999998,157.84199999999998,157.84199999999998
505,T2,BESTEFFORT,MISSED,m1-1,48.385,"{'m1-1': 4.96, 'm2-1': 5.32, 'm3-1': 108.93, 'm4-1': 27.92, 'm5-1': 162.25, 'm6-1': 5.41, 'm7-1': 9.64, 'm8-1': 26.12}",0.8339999999999748,157.829,inf,158.385,158.385,158.385
506,T1,BESTEFFORT,MISSED,m6-1,48.426,"{'m1-1': 5.94, 'm2-1': 4.98, 'm3-1': 111.06, 'm4-1': 25.62, 'm5-1': 146.38, 'm6-1': 5.89, 'm7-1': 10.94, 'm8-1': 25.64}",1.919999999999959,157.14600000000002,inf,158.426,158.426,158.426
507,T5,BESTEFFORT,MISSED,m2-1,48.476,"{'m1-1': 4.94, 'm2-1': 4.9, 'm3-1': 95.87, 'm4-1': 24.17, 'm5-1': 156.15, 'm6-1': 5.44, 'm7-1': 9.42, 'm8-1': 25.98}",0.9510000000000218,157.84199999999998,inf,158.476,158.476,158.476
508,T3,BESTEFFORT,MISSED,m1-1,48.52,"{'m1-1': 5.42, 'm2-1': 5.08, 'm3-1': 105.01, 'm4-1': 25.92, 'm5-1': 151.25, 'm6-1': 5.72, 'm7-1': 10.58, 'm8-1': 23.78}",0.202500000000029,158.385,inf,158.52,158.52,158.52
509,T7,BESTEFFORT,MISSED,m1-1,48.72,"{'m1-1': 4.72, 'm2-1': 5.66, 'm3-1': 110.43, 'm4-1': 23.88, 'm5-1': 147.58, 'm6-1': 5.38, 'm7-1': 10.29, 'm8-1': 26.07}",0.29999999999998295,158.52,inf,158.72,158.72,158.72
510,T5,BESTEFFORT,MISSED,m6-1,48.761,"{'m1-1': 5.82, 'm2-1': 5.11, 'm3-1': 102.85, 'm4-1': 25.46, 'm5-1': 140.78, 'm6-1': 4.97, 'm7-1': 10.37, 'm8-1': 24.89}",0.5025000000000119,158.426,inf,158.761,158.761,158.761
511,T8,BESTEFFORT,MISSED,m1-1,48.869,"{'m1-1': 5.05, 'm2-1': 5.29, 'm3-1': 105.58, 'm4-1': 26.81, 'm5-1': 160.27, 'm6-1': 5.05, 'm7-1': 10.14, 'm8-1': 24.9}",0.22350000000000136,158.72,inf,158.869,158.869,158.869
512,T1,BESTEFFORT,MISSED,m2-1,48.892,"{'m1-1': 5.89, 'm2-1': 5.44, 'm3-1': 98.48, 'm4-1': 25.06, 'm5-1': 149.81, 'm6-1': 5.27, 'm7-1': 10.41, 'm8-1': 25.6}",0.6239999999999952,158.476,inf,158.892,158.892,158.892
513,T9,BESTEFFORT,MISSED,m6-1,48.966,"{'m1-1': 5.39, 'm2-1': 5.0, 'm3-1': 113.58, 'm4-1': 26.88, 'm5-1': 141.14, 'm6-1': 4.84, 'm7-1': 10.63, 'm8-1': 29.02}",0.30750000000001876,158.761,inf,158.966,158.966,158.966
514,T2,BESTEFFORT,MISSED,m1-1,49.069,"{'m1-1': 4.67, 'm2-1': 5.04, 'm3-1': 108.22, 'm4-1': 26.81, 'm5-1': 162.61, 'm6-1': 5.53, 'm7-1': 10.28, 'm8-1': 27.77}",0.3000000000000256,158.869,inf,159.06900000000002,159.06900000000002,159.06900000000002
515,T3,BESTEFFORT,MISSED,m2-1,49.163,"{'m1-1': 5.04, 'm2-1': 5.1, 'm3-1': 101.95, 'm4-1': 27.06, 'm5-1': 140.73, 'm6-1': 5.85, 'm7-1': 9.83, 'm8-1': 26.19}",0.4065000000000225,158.892,inf,159.163,159.163,159.163
516,T3,BESTEFFORT,MISSED,m1-1,49.318,"{'m1-1': 5.65, 'm2-1': 5.84, 'm3-1': 109.1, 'm4-1': 27.81, 'm5-1': 146.82, 'm6-1': 5.49, 'm7-1': 10.13, 'm8-1': 25.45}",0.3734999999999502,159.06900000000002,inf,159.31799999999998,159.31799999999998,159.31799999999998
517,T5,BESTEFFORT,MISSED,m1-1,49.345,"{'m1-1': 5.2, 'm2-1': 4.84, 'm3-1': 93.75, 'm4-1': 26.93, 'm5-1': 151.13, 'm6-1': 4.8, 'm7-1': 10.1, 'm8-1': 23.94}",0.04050000000002285,159.31799999999998,inf,159.345,159.345,159.345
518,T1,BESTEFFORT,MISSED,m1-1,49.41,"{'m1-1': 5.21, 'm2-1': 5.09, 'm3-1': 102.86, 'm4-1': 24.46, 'm5-1': 148.18, 'm6-1': 5.87, 'm7-1': 11.53, 'm8-1': 23.65}",0.09749999999999659,159.345,inf,159.41,159.41,159.41
519,T9,BESTEFFORT,MISSED,m6-1,49.656,"{'m1-1': 5.21, 'm2-1': 4.94, 'm3-1': 102.5, 'm4-1': 26.94, 'm5-1': 149.67, 'm6-1': 5.01, 'm7-1': 10.18, 'm8-1': 28.86}",1.0349999999999966,158.966,inf,159.656,159.656,159.656
520,T1,BESTEFFORT,MISSED,m1-1,49.851,"{'m1-1': 5.36, 'm2-1': 5.5, 'm3-1': 107.66, 'm4-1': 26.21, 'm5-1': 139.57, 'm6-1': 5.42, 'm7-1': 11.04, 'm8-1': 27.15}",0.6615000000000038,159.41,inf,159.851,159.851,159.851
521,T9,BESTEFFORT,MISSED,m1-1,50.083,"{'m1-1': 5.0, 'm2-1': 5.5, 'm3-1': 106.16, 'm4-1': 26.45, 'm5-1': 149.57, 'm6-1': 5.45, 'm7-1': 10.42, 'm8-1': 28.94}",0.347999999999999,159.851,inf,160.083,160.083,160.083
522,T4,BESTEFFORT,MISSED,m2-1,50.259,"{'m1-1': 4.78, 'm2-1': 5.9, 'm3-1': 106.85, 'm4-1': 26.12, 'm5-1': 160.64, 'm6-1': 5.81, 'm7-1': 11.23, 'm8-1': 24.82}",1.6440000000000055,159.163,inf,160.25900000000001,160.25900000000001,160.25900000000001
523,T4,BESTEFFORT,MISSED,m1-1,50.326,"{'m1-1': 4.86, 'm2-1': 5.0, 'm3-1': 111.6, 'm4-1': 24.91, 'm5-1': 169.87, 'm6-1': 5.46, 'm7-1': 10.12, 'm8-1': 26.21}",0.3644999999999925,160.083,inf,160.326,160.326,160.326
524,T10,BESTEFFORT,MISSED,m1-1,50.393,"{'m1-1': 5.48, 'm2-1': 4.94, 'm3-1': 95.17, 'm4-1': 28.39, 'm5-1': 159.04, 'm6-1': 5.64, 'm7-1': 10.9, 'm8-1': 25.01}",0.10050000000001091,160.326,inf,160.393,160.393,160.393
525,T3,BESTEFFORT,MISSED,m1-1,50.472,"{'m1-1': 5.7, 'm2-1': 5.79, 'm3-1': 93.77, 'm4-1': 26.93, 'm5-1': 155.19, 'm6-1': 5.34, 'm7-1': 9.89, 'm8-1': 24.88}",0.1185000000000116,160.393,inf,160.472,160.472,160.472
526,T10,BESTEFFORT,MISSED,m2-1,50.619,"{'m1-1': 5.45, 'm2-1': 5.23, 'm3-1': 110.05, 'm4-1': 27.49, 'm5-1': 158.6, 'm6-1': 4.95, 'm7-1': 11.06, 'm8-1': 28.18}",0.5399999999999778,160.25900000000001,inf,160.619,160.619,160.619
527,T7,BESTEFFORT,MISSED,m2-1,50.64,"{'m1-1': 5.3, 'm2-1': 5.22, 'm3-1': 110.23, 'm4-1': 23.89, 'm5-1': 155.87, 'm6-1': 5.5, 'm7-1': 10.63, 'm8-1': 26.36}",0.03149999999997988,160.619,inf,160.64,160.64,160.64
528,T9,BESTEFFORT,MISSED,m6-1,50.819,"{'m1-1': 5.53, 'm2-1': 4.85, 'm3-1': 106.6, 'm4-1': 23.22, 'm5-1': 152.56, 'm6-1': 5.28, 'm7-1': 9.86, 'm8-1': 27.46}",1.7445000000000164,159.656,inf,160.81900000000002,160.81900000000002,160.81900000000002
529,T9,BESTEFFORT,MISSED,m2-1,50.848,"{'m1-1': 5.37, 'm2-1': 5.0, 'm3-1': 98.58, 'm4-1': 26.84, 'm5-1': 154.17, 'm6-1': 4.7, 'm7-1': 10.95, 'm8-1': 27.47}",0.31200000000004025,160.64,inf,160.848,160.848,160.848
530,T3,BESTEFFORT,MISSED,m1-1,50.868,"{'m1-1': 5.6, 'm2-1': 5.02, 'm3-1': 105.4, 'm4-1': 24.6, 'm5-1': 163.25, 'm6-1': 5.71, 'm7-1': 10.86, 'm8-1': 24.88}",0.5939999999999799,160.472,inf,160.868,160.868,160.868
531,T7,BESTEFFORT,MISSED,m6-1,51.094,"{'m1-1': 5.3, 'm2-1': 4.99, 'm3-1': 101.4, 'm4-1': 24.52, 'm5-1': 140.95, 'm6-1': 5.27, 'm7-1': 10.44, 'm8-1': 28.82}",0.4124999999999659,160.81900000000002,inf,161.094,161.094,161.094
532,T1,BESTEFFORT,MISSED,m2-1,51.466,"{'m1-1': 5.67, 'm2-1': 4.99, 'm3-1': 107.43, 'm4-1': 24.76, 'm5-1': 141.11, 'm6-1': 5.16, 'm7-1': 11.51, 'm8-1': 26.95}",0.9269999999999925,160.848,inf,161.466,161.466,161.466
533,T2,BESTEFFORT,MISSED,m1-1,51.603,"{'m1-1': 4.99, 'm2-1': 5.44, 'm3-1': 96.54, 'm4-1': 28.5, 'm5-1': 165.22, 'm6-1': 5.29, 'm7-1': 9.64, 'm8-1': 27.64}",1.1025000000000205,160.868,inf,161.603,161.603,161.603
534,T8,BESTEFFORT,MISSED,m6-1,51.65,"{'m1-1': 5.26, 'm2-1': 5.02, 'm3-1': 115.65, 'm4-1': 27.0, 'm5-1': 167.81, 'm6-1': 5.41, 'm7-1': 10.99, 'm8-1': 25.38}",0.8340000000000174,161.094,inf,161.65,161.65,161.65
535,T7,BESTEFFORT,MISSED,m1-1,51.971,"{'m1-1': 5.0, 'm2-1': 4.82, 'm3-1': 115.45, 'm4-1': 24.18, 'm5-1': 149.4, 'm6-1': 5.21, 'm7-1': 10.34, 'm8-1': 26.48}",0.5519999999999925,161.603,inf,161.971,161.971,161.971
536,T10,BESTEFFORT,MISSED,m1-1,52.06,"{'m1-1': 5.56, 'm2-1': 5.7, 'm3-1': 94.96, 'm4-1': 27.94, 'm5-1': 177.38, 'm6-1': 5.31, 'm7-1': 11.02, 'm8-1': 25.21}",0.13349999999999795,161.971,inf,162.06,162.06,162.06
537,T10,BESTEFFORT,MISSED,m1-1,52.124,"{'m1-1': 5.24, 'm2-1': 5.04, 'm3-1': 105.43, 'm4-1': 27.26, 'm5-1': 165.81, 'm6-1': 5.49, 'm7-1': 10.68, 'm8-1': 26.62}",0.09599999999998943,162.06,inf,162.124,162.124,162.124
538,T8,BESTEFFORT,MISSED,m6-1,52.237,"{'m1-1': 5.67, 'm2-1': 5.74, 'm3-1': 102.45, 'm4-1': 28.27, 'm5-1': 159.54, 'm6-1': 4.86, 'm7-1': 11.22, 'm8-1': 25.23}",0.8804999999999836,161.65,inf,162.237,162.237,162.237
539,T1,BESTEFFORT,MISSED,m6-1,52.464,"{'m1-1': 5.1, 'm2-1': 5.36, 'm3-1': 106.25, 'm4-1': 25.1, 'm5-1': 137.63, 'm6-1': 5.56, 'm7-1': 10.85, 'm8-1': 23.6}",0.3405000000000058,162.237,inf,162.464,162.464,162.464
540,T4,BESTEFFORT,MISSED,m1-1,52.467,"{'m1-1': 4.87, 'm2-1': 5.58, 'm3-1': 100.88, 'm4-1': 28.99, 'm5-1': 158.36, 'm6-1': 5.57, 'm7-1': 10.33, 'm8-1': 26.8}",0.514499999999984,162.124,inf,162.46699999999998,162.46699999999998,162.46699999999998
541,T3,BESTEFFORT,MISSED,m2-1,52.5,"{'m1-1': 5.15, 'm2-1': 5.12, 'm3-1': 96.02, 'm4-1': 28.39, 'm5-1': 140.15, 'm6-1': 5.71, 'm7-1': 10.79, 'm8-1': 23.21}",1.5509999999999877,161.466,inf,162.5,162.5,162.5
542,T10,BESTEFFORT,MISSED,m6-1,52.587,"{'m1-1': 5.03, 'm2-1': 5.41, 'm3-1': 99.45, 'm4-1': 28.03, 'm5-1': 172.64, 'm6-1': 5.02, 'm7-1': 10.67, 'm8-1': 25.17}",0.18449999999998568,162.464,inf,162.587,162.587,162.587
543,T9,BESTEFFORT,MISSED,m1-1,52.713,"{'m1-1': 5.03, 'm2-1': 5.22, 'm3-1': 113.48, 'm4-1': 23.79, 'm5-1': 147.65, 'm6-1': 4.89, 'm7-1': 9.59, 'm8-1': 26.14}",0.369000000000014,162.46699999999998,inf,162.713,162.713,162.713
544,T7,BESTEFFORT,MISSED,m1-1,52.758,"{'m1-1': 5.06, 'm2-1': 4.87, 'm3-1': 108.83, 'm4-1': 25.33, 'm5-1': 145.76, 'm6-1': 5.48, 'm7-1': 10.72, 'm8-1': 26.72}",0.06750000000002387,162.713,inf,162.758,162.758,162.758
545,T1,BESTEFFORT,MISSED,m1-1,52.88,"{'m1-1': 5.6, 'm2-1': 5.08, 'm3-1': 100.44, 'm4-1': 25.1, 'm5-1': 144.18, 'm6-1': 5.39, 'm7-1': 11.09, 'm8-1': 27.03}",0.1829999999999785,162.758,inf,162.88,162.88,162.88
546,T5,BESTEFFORT,MISSED,m1-1,53.004,"{'m1-1': 4.95, 'm2-1': 5.47, 'm3-1': 97.24, 'm4-1': 23.47, 'm5-1': 142.49, 'm6-1': 5.35, 'm7-1': 10.58, 'm8-1': 25.44}",0.18599999999999284,162.88,inf,163.004,163.004,163.004
547,T4,BESTEFFORT,MISSED,m1-1,53.049,"{'m1-1': 4.84, 'm2-1': 5.73, 'm3-1': 99.57, 'm4-1': 28.62, 'm5-1': 160.06, 'm6-1': 5.1, 'm7-1': 10.43, 'm8-1': 26.39}",0.06750000000002387,163.004,inf,163.049,163.049,163.049
548,T10,BESTEFFORT,MISSED,m1-1,53.138,"{'m1-1': 5.48, 'm2-1': 5.29, 'm3-1': 93.17, 'm4-1': 25.13, 'm5-1': 164.71, 'm6-1': 4.81, 'm7-1': 10.36, 'm8-1': 28.53}",0.13349999999999795,163.049,inf,163.138,163.138,163.138
549,T8,BESTEFFORT,MISSED,m6-1,53.139,"{'m1-1': 5.14, 'm2-1': 5.18, 'm3-1': 112.05, 'm4-1': 29.09, 'm5-1': 177.34, 'm6-1': 5.14, 'm7-1': 10.73, 'm8-1': 25.12}",0.8280000000000314,162.587,inf,163.139,163.139,163.139
550,T2,BESTEFFORT,MISSED,m1-1,53.179,"{'m1-1': 4.93, 'm2-1': 5.58, 'm3-1': 111.43, 'm4-1': 28.89, 'm5-1': 154.21, 'm6-1': 5.79, 'm7-1': 11.25, 'm8-1': 27.27}",0.061499999999995225,163.138,inf,163.179,163.179,163.179
551,T2,BESTEFFORT,MISSED,m1-1,53.187,"{'m1-1': 5.35, 'm2-1': 5.57, 'm3-1': 107.13, 'm4-1': 28.38, 'm5-1': 164.48, 'm6-1': 5.19, 'm7-1': 9.56, 'm8-1': 28.76}",0.012000000000014666,163.179,inf,163.187,163.187,163.187
552,T5,BESTEFFORT,MISSED,m6-1,53.243,"{'m1-1': 5.19, 'm2-1': 5.41, 'm3-1': 106.15, 'm4-1': 24.03, 'm5-1': 158.84, 'm6-1': 5.38, 'm7-1': 9.51, 'm8-1': 24.53}",0.1559999999999775,163.139,inf,163.243,163.243,163.243
553,T3,BESTEFFORT,MISSED,m1-1,53.272,"{'m1-1': 5.71, 'm2-1': 5.52, 'm3-1': 103.03, 'm4-1': 25.39, 'm5-1': 149.67, 'm6-1': 5.86, 'm7-1': 9.8, 'm8-1': 27.14}",0.1274999999999693,163.187,inf,163.272,163.272,163.272
554,T1,BESTEFFORT,MISSED,m2-1,53.376,"{'m1-1': 5.54, 'm2-1': 4.89, 'm3-1': 103.07, 'm4-1': 26.05, 'm5-1': 143.82, 'm6-1': 5.15, 'm7-1': 11.49, 'm8-1': 23.91}",1.3140000000000072,162.5,inf,163.376,163.376,163.376
555,T7,BESTEFFORT,MISSED,m6-1,53.378,"{'m1-1': 5.2, 'm2-1': 5.4, 'm3-1': 99.48, 'm4-1': 26.74, 'm5-1': 157.63, 'm6-1': 5.53, 'm7-1': 10.92, 'm8-1': 26.39}",0.20249999999998636,163.243,inf,163.378,163.378,163.378
556,T3,BESTEFFORT,MISSED,m1-1,53.602,"{'m1-1': 5.56, 'm2-1': 5.59, 'm3-1': 106.26, 'm4-1': 28.14, 'm5-1': 138.18, 'm6-1': 5.34, 'm7-1': 10.37, 'm8-1': 26.34}",0.49500000000001876,163.272,inf,163.602,163.602,163.602
557,T8,BESTEFFORT,MISSED,m6-1,53.804,"{'m1-1': 5.38, 'm2-1': 5.68, 'm3-1': 98.25, 'm4-1': 28.92, 'm5-1': 172.62, 'm6-1': 5.45, 'm7-1': 10.7, 'm8-1': 25.11}",0.6390000000000242,163.378,inf,163.804,163.804,163.804
558,T6,BESTEFFORT,MISSED,m1-1,53.919,"{'m1-1': 5.09, 'm2-1': 5.51, 'm3-1': 106.51, 'm4-1': 27.66, 'm5-1': 163.17, 'm6-1': 5.6, 'm7-1': 11.68, 'm8-1': 24.14}",0.4754999999999683,163.602,inf,163.91899999999998,163.91899999999998,163.91899999999998
559,T2,BESTEFFORT,MISSED,m1-1,54.008,"{'m1-1': 5.31, 'm2-1': 5.64, 'm3-1': 105.86, 'm4-1': 29.47, 'm5-1': 154.0, 'm6-1': 5.73, 'm7-1': 10.46, 'm8-1': 27.67}",0.1335000000000406,163.91899999999998,inf,164.008,164.008,164.008
560,T5,BESTEFFORT,MISSED,m2-1,54.048,"{'m1-1': 5.12, 'm2-1': 4.79, 'm3-1': 102.93, 'm4-1': 24.06, 'm5-1': 144.24, 'm6-1': 5.24, 'm7-1': 10.24, 'm8-1': 26.3}",1.0079999999999956,163.376,inf,164.048,164.048,164.048
561,T8,BESTEFFORT,MISSED,m1-1,54.099,"{'m1-1': 5.37, 'm2-1': 5.77, 'm3-1': 108.78, 'm4-1': 27.98, 'm5-1': 167.07, 'm6-1': 4.89, 'm7-1': 11.02, 'm8-1': 28.47}",0.13649999999996965,164.008,inf,164.099,164.099,164.099
562,T6,BESTEFFORT,MISSED,m1-1,54.115,"{'m1-1': 4.9, 'm2-1': 5.26, 'm3-1': 103.26, 'm4-1': 24.82, 'm5-1': 153.22, 'm6-1': 4.85, 'm7-1': 10.8, 'm8-1': 24.98}",0.02400000000002933,164.099,inf,164.115,164.115,164.115
563,T7,BESTEFFORT,MISSED,m1-1,54.377,"{'m1-1': 4.87, 'm2-1': 4.97, 'm3-1': 115.24, 'm4-1': 23.65, 'm5-1': 138.99, 'm6-1': 5.54, 'm7-1': 11.25, 'm8-1': 29.62}",0.3930000000000007,164.115,inf,164.377,164.377,164.377
564,T8,BESTEFFORT,MISSED,m2-1,54.544,"{'m1-1': 5.01, 'm2-1': 5.34, 'm3-1': 100.65, 'm4-1': 28.73, 'm5-1': 164.0, 'm6-1': 4.8, 'm7-1': 10.74, 'm8-1': 28.33}",0.7439999999999714,164.048,inf,164.54399999999998,164.54399999999998,164.54399999999998
565,T4,BESTEFFORT,MISSED,m6-1,54.713,"{'m1-1': 4.79, 'm2-1': 5.75, 'm3-1': 103.41, 'm4-1': 27.33, 'm5-1': 159.84, 'm6-1': 5.61, 'm7-1': 10.23, 'm8-1': 27.25}",1.3634999999999877,163.804,inf,164.713,164.713,164.713
566,T7,BESTEFFORT,MISSED,m2-1,54.714,"{'m1-1': 5.11, 'm2-1': 5.68, 'm3-1': 99.51, 'm4-1': 25.84, 'm5-1': 163.45, 'm6-1': 5.36, 'm7-1': 11.44, 'm8-1': 27.98}",0.2550000000000239,164.54399999999998,inf,164.714,164.714,164.714
567,T10,BESTEFFORT,MISSED,m1-1,54.829,"{'m1-1': 5.08, 'm2-1': 5.68, 'm3-1': 98.96, 'm4-1': 25.11, 'm5-1': 150.52, 'm6-1': 4.93, 'm7-1': 10.62, 'm8-1': 24.3}",0.6779999999999973,164.377,inf,164.829,164.829,164.829
568,T5,BESTEFFORT,MISSED,m6-1,55.208,"{'m1-1': 5.26, 'm2-1': 4.79, 'm3-1': 104.2, 'm4-1': 25.02, 'm5-1': 159.73, 'm6-1': 4.82, 'm7-1': 9.67, 'm8-1': 26.56}",0.7425000000000068,164.713,inf,165.208,165.208,165.208
569,T1,BESTEFFORT,MISSED,m6-1,55.411,"{'m1-1': 5.73, 'm2-1': 5.56, 'm3-1': 99.75, 'm4-1': 26.7, 'm5-1': 152.88, 'm6-1': 5.9, 'm7-1': 10.94, 'm8-1': 25.3}",0.30450000000000443,165.208,inf,165.411,165.411,165.411
570,T1,BESTEFFORT,MISSED,m2-1,55.649,"{'m1-1': 5.54, 'm2-1': 5.57, 'm3-1': 108.92, 'm4-1': 23.68, 'm5-1': 153.32, 'm6-1': 5.86, 'm7-1': 10.71, 'm8-1': 25.21}",1.4025000000000034,164.714,inf,165.649,165.649,165.649
571,T7,BESTEFFORT,MISSED,m1-1,55.87,"{'m1-1': 4.88, 'm2-1': 5.31, 'm3-1': 113.28, 'm4-1': 26.9, 'm5-1': 148.59, 'm6-1': 5.45, 'm7-1': 11.15, 'm8-1': 26.23}",1.5614999999999952,164.829,inf,165.87,165.87,165.87
572,T8,BESTEFFORT,MISSED,m6-1,55.969,"{'m1-1': 5.55, 'm2-1': 5.66, 'm3-1': 100.07, 'm4-1': 27.07, 'm5-1': 175.97, 'm6-1': 5.44, 'm7-1': 10.94, 'm8-1': 25.45}",0.8369999999999891,165.411,inf,165.969,165.969,165.969
573,T1,BESTEFFORT,MISSED,m6-1,55.981,"{'m1-1': 5.07, 'm2-1': 5.62, 'm3-1': 108.23, 'm4-1': 24.04, 'm5-1': 147.32, 'm6-1': 5.5, 'm7-1': 10.37, 'm8-1': 27.04}",0.018000000000000682,165.969,inf,165.981,165.981,165.981
574,T7,BESTEFFORT,MISSED,m1-1,56.085,"{'m1-1': 4.94, 'm2-1': 5.01, 'm3-1': 107.82, 'm4-1': 26.49, 'm5-1': 146.14, 'm6-1': 5.48, 'm7-1': 10.93, 'm8-1': 25.21}",0.3225000000000051,165.87,inf,166.085,166.085,166.085
575,T9,BESTEFFORT,MISSED,m2-1,56.191,"{'m1-1': 5.54, 'm2-1': 5.18, 'm3-1': 116.28, 'm4-1': 23.34, 'm5-1': 158.14, 'm6-1': 5.43, 'm7-1': 10.98, 'm8-1': 26.61}",0.8130000000000024,165.649,inf,166.191,166.191,166.191
576,T2,BESTEFFORT,MISSED,m1-1,56.193,"{'m1-1': 5.13, 'm2-1': 5.54, 'm3-1': 102.04, 'm4-1': 28.44, 'm5-1': 157.93, 'm6-1': 5.26, 'm7-1': 9.67, 'm8-1': 27.36}",0.1619999999999635,166.085,inf,166.19299999999998,166.19299999999998,166.19299999999998
577,T8,BESTEFFORT,MISSED,m2-1,56.205,"{'m1-1': 5.55, 'm2-1': 4.94, 'm3-1': 103.55, 'm4-1': 26.82, 'm5-1': 175.08, 'm6-1': 5.02, 'm7-1': 10.52, 'm8-1': 25.06}",0.020999999999972374,166.191,inf,166.20499999999998,166.20499999999998,166.20499999999998
578,T1,BESTEFFORT,MISSED,m6-1,56.375,"{'m1-1': 5.59, 'm2-1': 5.31, 'm3-1': 111.57, 'm4-1': 27.44, 'm5-1': 137.82, 'm6-1': 5.89, 'm7-1': 10.5, 'm8-1': 24.08}",0.5910000000000082,165.981,inf,166.375,166.375,166.375
579,T1,BESTEFFORT,MISSED,m2-1,56.408,"{'m1-1': 5.29, 'm2-1': 4.89, 'm3-1': 106.67, 'm4-1': 23.58, 'm5-1': 139.04, 'm6-1': 5.5, 'm7-1': 11.06, 'm8-1': 25.31}",0.30450000000004707,166.20499999999998,inf,166.40800000000002,166.40800000000002,166.40800000000002
580,T10,BESTEFFORT,MISSED,m2-1,56.481,"{'m1-1': 5.14, 'm2-1': 5.02, 'm3-1': 96.37, 'm4-1': 26.55, 'm5-1': 157.14, 'm6-1': 5.38, 'm7-1': 11.15, 'm8-1': 25.78}",0.10949999999996862,166.40800000000002,inf,166.481,166.481,166.481
581,T10,BESTEFFORT,MISSED,m6-1,56.568,"{'m1-1': 4.91, 'm2-1': 5.2, 'm3-1': 92.98, 'm4-1': 26.16, 'm5-1': 151.0, 'm6-1': 5.08, 'm7-1': 11.74, 'm8-1': 27.79}",0.28949999999997544,166.375,inf,166.56799999999998,166.56799999999998,166.56799999999998
582,T1,BESTEFFORT,MISSED,m2-1,56.777,"{'m1-1': 5.16, 'm2-1': 5.67, 'm3-1': 106.34, 'm4-1': 26.74, 'm5-1': 148.4, 'm6-1': 5.16, 'm7-1': 10.05, 'm8-1': 27.26}",0.4439999999999884,166.481,inf,166.777,166.777,166.777
583,T7,BESTEFFORT,MISSED,m1-1,56.819,"{'m1-1': 5.13, 'm2-1': 5.38, 'm3-1': 104.47, 'm4-1': 24.25, 'm5-1': 149.46, 'm6-1': 5.65, 'm7-1': 10.7, 'm8-1': 29.61}",0.9390000000000498,166.19299999999998,inf,166.81900000000002,166.81900000000002,166.81900000000002
584,T2,BESTEFFORT,MISSED,m1-1,56.835,"{'m1-1': 5.21, 'm2-1': 5.01, 'm3-1': 103.75, 'm4-1': 27.14, 'm5-1': 171.28, 'm6-1': 5.12, 'm7-1': 9.74, 'm8-1': 28.78}",0.0239999999999867,166.81900000000002,inf,166.835,166.835,166.835
585,T10,BESTEFFORT,MISSED,m2-1,56.877,"{'m1-1': 5.0, 'm2-1': 5.07, 'm3-1': 105.7, 'm4-1': 27.3, 'm5-1': 168.39, 'm6-1': 4.81, 'm7-1': 10.98, 'm8-1': 28.64}",0.1500000000000341,166.777,inf,166.877,166.877,166.877
586,T10,BESTEFFORT,MISSED,m1-1,56.92,"{'m1-1': 5.02, 'm2-1': 5.37, 'm3-1': 93.54, 'm4-1': 25.68, 'm5-1': 166.21, 'm6-1': 5.11, 'm7-1': 10.79, 'm8-1': 25.49}",0.12750000000001194,166.835,inf,166.92000000000002,166.92000000000002,166.92000000000002
587,T5,BESTEFFORT,MISSED,m6-1,56.939,"{'m1-1': 5.23, 'm2-1': 5.45, 'm3-1': 107.04, 'm4-1': 26.95, 'm5-1': 137.61, 'm6-1': 5.02, 'm7-1': 9.51, 'm8-1': 24.62}",0.556500000000014,166.56799999999998,inf,166.939,166.939,166.939
588,T3,BESTEFFORT,MISSED,m1-1,56.998,"{'m1-1': 5.08, 'm2-1': 5.95, 'm3-1': 104.06, 'm4-1': 26.26, 'm5-1': 147.55, 'm6-1': 5.48, 'm7-1': 10.6, 'm8-1': 26.04}",0.1169999999999618,166.92000000000002,inf,166.998,166.998,166.998
589,T8,BESTEFFORT,MISSED,m6-1,57.015,"{'m1-1': 5.63, 'm2-1': 5.04, 'm3-1': 106.31, 'm4-1': 28.17, 'm5-1': 175.33, 'm6-1': 4.83, 'm7-1': 10.54, 'm8-1': 29.43}",0.11399999999999011,166.939,inf,167.015,167.015,167.015
590,T4,BESTEFFORT,MISSED,m6-1,57.08,"{'m1-1': 4.81, 'm2-1': 5.82, 'm3-1': 99.59, 'm4-1': 25.15, 'm5-1': 158.98, 'm6-1': 5.21, 'm7-1': 10.07, 'm8-1': 26.6}",0.09749999999999659,167.015,inf,167.07999999999998,167.07999999999998,167.07999999999998
591,T8,BESTEFFORT,MISSED,m2-1,57.216,"{'m1-1': 5.25, 'm2-1': 5.08, 'm3-1': 99.6, 'm4-1': 26.84, 'm5-1': 158.73, 'm6-1': 4.69, 'm7-1': 11.41, 'm8-1': 28.84}",0.508499999999998,166.877,inf,167.216,167.216,167.216
592,T5,BESTEFFORT,MISSED,m6-1,57.361,"{'m1-1': 5.49, 'm2-1': 5.03, 'm3-1': 101.16, 'm4-1': 26.24, 'm5-1': 160.64, 'm6-1': 4.83, 'm7-1': 9.86, 'm8-1': 24.37}",0.42150000000000887,167.07999999999998,inf,167.361,167.361,167.361
593,T6,BESTEFFORT,MISSED,m1-1,57.707,"{'m1-1': 4.78, 'm2-1': 5.7, 'm3-1': 101.2, 'm4-1': 27.56, 'm5-1': 151.55, 'm6-1': 5.65, 'm7-1': 10.12, 'm8-1': 24.1}",1.0635000000000048,166.998,inf,167.707,167.707,167.707
594,T8,BESTEFFORT,MISSED,m6-1,57.721,"{'m1-1': 5.24, 'm2-1': 5.74, 'm3-1': 110.59, 'm4-1': 26.77, 'm5-1': 172.12, 'm6-1': 5.01, 'm7-1': 11.79, 'm8-1': 28.57}",0.5400000000000205,167.361,inf,167.721,167.721,167.721
595,T6,BESTEFFORT,MISSED,m1-1,57.763,"{'m1-1': 5.02, 'm2-1': 5.08, 'm3-1': 101.98, 'm4-1': 23.94, 'm5-1': 160.67, 'm6-1': 5.73, 'm7-1': 10.16, 'm8-1': 24.12}",0.0840000000000174,167.707,inf,167.763,167.763,167.763
596,T6,BESTEFFORT,MISSED,m1-1,57.903,"{'m1-1': 4.92, 'm2-1': 5.69, 'm3-1': 101.15, 'm4-1': 24.99, 'm5-1': 164.86, 'm6-1': 5.22, 'm7-1': 10.12, 'm8-1': 28.44}",0.20999999999997954,167.763,inf,167.903,167.903,167.903
597,T1,BESTEFFORT,MISSED,m2-1,58.011,"{'m1-1': 5.4, 'm2-1': 4.81, 'm3-1': 106.16, 'm4-1': 24.09, 'm5-1': 154.2, 'm6-1': 4.98, 'm7-1': 10.55, 'm8-1': 25.47}",1.1924999999999812,167.216,inf,168.011,168.011,168.011
598,T4,BESTEFFORT,MISSED,m1-1,58.306,"{'m1-1': 5.01, 'm2-1': 5.2, 'm3-1': 102.62, 'm4-1': 25.74, 'm5-1': 144.79, 'm6-1': 5.21, 'm7-1': 11.12, 'm8-1': 28.51}",0.6044999999999874,167.903,inf,168.30599999999998,168.30599999999998,168.30599999999998
599,T8,BESTEFFORT,MISSED,m2-1,58.396,"{'m1-1': 5.42, 'm2-1': 4.97, 'm3-1': 111.13, 'm4-1': 27.78, 'm5-1': 160.9, 'm6-1': 5.55, 'm7-1': 10.75, 'm8-1': 25.44}",0.577500000000029,168.011,inf,168.39600000000002,168.39600000000002,168.39600000000002
600,T3,BESTEFFORT,MISSED,m2-1,58.452,"{'m1-1': 5.49, 'm2-1': 5.66, 'm3-1': 103.92, 'm4-1': 28.02, 'm5-1': 154.11, 'm6-1': 5.24, 'm7-1': 9.64, 'm8-1': 25.43}",0.08399999999997476,168.39600000000002,inf,168.452,168.452,168.452
601,T2,BESTEFFORT,MISSED,m2-1,58.478,"{'m1-1': 4.63, 'm2-1': 5.06, 'm3-1': 105.36, 'm4-1': 25.87, 'm5-1': 153.54, 'm6-1': 5.49, 'm7-1': 9.96, 'm8-1': 24.92}",0.03900000000001569,168.452,inf,168.478,168.478,168.478
602,T1,BESTEFFORT,MISSED,m2-1,58.516,"{'m1-1': 5.08, 'm2-1': 5.17, 'm3-1': 111.33, 'm4-1': 24.73, 'm5-1': 160.45, 'm6-1': 5.5, 'm7-1': 10.52, 'm8-1': 23.77}",0.05699999999997374,168.478,inf,168.516,168.516,168.516
603,T4,BESTEFFORT,MISSED,m6-1,58.617,"{'m1-1': 5.38, 'm2-1': 5.84, 'm3-1': 111.48, 'm4-1': 25.14, 'm5-1': 157.12, 'm6-1': 5.46, 'm7-1': 10.4, 'm8-1': 24.79}",1.3439999999999799,167.721,inf,168.617,168.617,168.617
604,T4,BESTEFFORT,MISSED,m1-1,58.786,"{'m1-1': 4.97, 'm2-1': 5.15, 'm3-1': 96.29, 'm4-1': 26.98, 'm5-1': 161.62, 'm6-1': 5.38, 'm7-1': 10.81, 'm8-1': 24.13}",0.7200000000000273,168.30599999999998,inf,168.786,168.786,168.786
605,T1,BESTEFFORT,MISSED,m2-1,58.788,"{'m1-1': 5.3, 'm2-1': 5.67, 'm3-1': 111.47, 'm4-1': 25.18, 'm5-1': 152.39, 'm6-1': 5.58, 'm7-1': 9.9, 'm8-1': 25.65}",0.4080000000000297,168.516,inf,168.788,168.788,168.788
606,T8,BESTEFFORT,MISSED,m1-1,58.829,"{'m1-1': 5.48, 'm2-1': 5.46, 'm3-1': 102.65, 'm4-1': 27.6, 'm5-1': 151.07, 'm6-1': 5.33, 'm7-1': 11.18, 'm8-1': 29.44}",0.06450000000000955,168.786,inf,168.829,168.829,168.829
607,T10,BESTEFFORT,MISSED,m2-1,58.861,"{'m1-1': 5.18, 'm2-1': 5.54, 'm3-1': 109.14, 'm4-1': 29.26, 'm5-1': 166.73, 'm6-1': 5.58, 'm7-1': 11.53, 'm8-1': 26.41}",0.10949999999996862,168.788,inf,168.861,168.861,168.861
608,T4,BESTEFFORT,MISSED,m1-1,58.879,"{'m1-1': 5.31, 'm2-1': 5.7, 'm3-1': 95.92, 'm4-1': 26.91, 'm5-1': 169.75, 'm6-1': 5.38, 'm7-1': 10.8, 'm8-1': 28.37}",0.07499999999997442,168.829,inf,168.879,168.879,168.879
609,T10,BESTEFFORT,MISSED,m6-1,58.915,"{'m1-1': 4.96, 'm2-1': 4.89, 'm3-1': 97.49, 'm4-1': 28.04, 'm5-1': 167.89, 'm6-1': 5.23, 'm7-1': 11.08, 'm8-1': 25.65}",0.44700000000000273,168.617,inf,168.915,168.915,168.915
610,T2,BESTEFFORT,MISSED,m1-1,59.101,"{'m1-1': 4.89, 'm2-1': 5.19, 'm3-1': 105.86, 'm4-1': 28.88, 'm5-1': 153.57, 'm6-1': 5.92, 'm7-1': 11.03, 'm8-1': 26.71}",0.3330000000000126,168.879,inf,169.101,169.101,169.101
611,T8,BESTEFFORT,MISSED,m2-1,59.234,"{'m1-1': 5.05, 'm2-1': 5.11, 'm3-1': 101.42, 'm4-1': 27.31, 'm5-1': 159.59, 'm6-1': 4.78, 'm7-1': 10.17, 'm8-1': 27.32}",0.5595000000000283,168.861,inf,169.234,169.234,169.234
612,T2,BESTEFFORT,MISSED,m2-1,59.245,"{'m1-1': 5.34, 'm2-1': 4.87, 'm3-1': 104.13, 'm4-1': 25.2, 'm5-1': 160.3, 'm6-1': 5.31, 'm7-1': 10.63, 'm8-1': 24.61}",0.01649999999999352,169.234,inf,169.245,169.245,169.245
613,T9,BESTEFFORT,MISSED,m2-1,59.334,"{'m1-1': 5.54, 'm2-1': 4.88, 'm3-1': 110.06, 'm4-1': 27.12, 'm5-1': 139.23, 'm6-1': 5.34, 'm7-1': 10.44, 'm8-1': 28.98}",0.13349999999999795,169.245,inf,169.334,169.334,169.334
614,T7,BESTEFFORT,MISSED,m6-1,59.454,"{'m1-1': 5.13, 'm2-1': 5.09, 'm3-1': 109.28, 'm4-1': 27.87, 'm5-1': 164.69, 'm6-1': 4.91, 'm7-1': 11.81, 'm8-1': 28.55}",0.8085000000000235,168.915,inf,169.454,169.454,169.454
615,T6,BESTEFFORT,MISSED,m1-1,59.791,"{'m1-1': 5.0, 'm2-1': 4.95, 'm3-1': 107.17, 'm4-1': 25.97, 'm5-1': 143.83, 'm6-1': 5.35, 'm7-1': 11.68, 'm8-1': 27.38}",1.0349999999999966,169.101,inf,169.791,169.791,169.791
616,T6,BESTEFFORT,MISSED,m1-1,59.861,"{'m1-1': 5.28, 'm2-1': 5.61, 'm3-1': 108.25, 'm4-1': 25.29, 'm5-1': 154.92, 'm6-1': 5.18, 'm7-1': 11.76, 'm8-1': 28.44}",0.10499999999998977,169.791,inf,169.861,169.861,169.861
617,T9,BESTEFFORT,MISSED,m6-1,59.941,"{'m1-1': 4.94, 'm2-1': 5.59, 'm3-1': 102.45, 'm4-1': 24.16, 'm5-1': 141.6, 'm6-1': 5.39, 'm7-1': 11.36, 'm8-1': 26.08}",0.7304999999999922,169.454,inf,169.941,169.941,169.941
618,T7,BESTEFFORT,MISSED,m1-1,60.409,"{'m1-1': 5.3, 'm2-1': 5.41, 'm3-1': 103.64, 'm4-1': 27.76, 'm5-1': 144.66, 'm6-1': 5.35, 'm7-1': 10.46, 'm8-1': 25.86}",0.8220000000000027,169.861,inf,170.409,170.409,170.409
619,T9,BESTEFFORT,MISSED,m6-1,60.424,"{'m1-1': 5.15, 'm2-1': 5.02, 'm3-1': 99.72, 'm4-1': 24.25, 'm5-1': 140.73, 'm6-1': 4.86, 'm7-1': 9.86, 'm8-1': 27.13}",0.7245000000000061,169.941,inf,170.424,170.424,170.424
620,T6,BESTEFFORT,MISSED,m1-1,60.461,"{'m1-1': 4.93, 'm2-1': 5.1, 'm3-1': 105.97, 'm4-1': 24.51, 'm5-1': 151.72, 'm6-1': 5.48, 'm7-1': 11.12, 'm8-1': 26.29}",0.07800000000003138,170.409,inf,170.461,170.461,170.461
621,T5,BESTEFFORT,MISSED,m6-1,60.563,"{'m1-1': 5.45, 'm2-1': 5.15, 'm3-1': 104.03, 'm4-1': 23.44, 'm5-1': 160.64, 'm6-1': 5.08, 'm7-1': 10.9, 'm8-1': 24.48}",0.20849999999997237,170.424,inf,170.563,170.563,170.563
622,T10,BESTEFFORT,MISSED,m2-1,60.709,"{'m1-1': 5.08, 'm2-1': 5.19, 'm3-1': 96.65, 'm4-1': 26.32, 'm5-1': 158.67, 'm6-1': 5.17, 'm7-1': 11.59, 'm8-1': 25.32}",2.0625,169.334,inf,170.709,170.709,170.709
623,T5,BESTEFFORT,MISSED,m2-1,60.725,"{'m1-1': 5.32, 'm2-1': 4.84, 'm3-1': 97.91, 'm4-1': 25.52, 'm5-1': 152.2, 'm6-1': 5.22, 'm7-1': 9.4, 'm8-1': 26.84}",0.0239999999999867,170.709,inf,170.725,170.725,170.725
624,T1,BESTEFFORT,MISSED,m2-1,60.786,"{'m1-1': 5.91, 'm2-1': 5.63, 'm3-1': 105.9, 'm4-1': 25.77, 'm5-1': 139.49, 'm6-1': 4.98, 'm7-1': 9.87, 'm8-1': 27.53}",0.09150000000001057,170.725,inf,170.786,170.786,170.786
625,T7,BESTEFFORT,MISSED,m1-1,60.824,"{'m1-1': 5.2, 'm2-1': 4.83, 'm3-1': 108.77, 'm4-1': 27.46, 'm5-1': 147.88, 'm6-1': 5.05, 'm7-1': 10.93, 'm8-1': 24.98}",0.5444999999999993,170.461,inf,170.824,170.824,170.824
626,T3,BESTEFFORT,MISSED,m2-1,60.841,"{'m1-1': 5.14, 'm2-1': 5.74, 'm3-1': 109.68, 'm4-1': 26.21, 'm5-1': 160.98, 'm6-1': 5.76, 'm7-1': 9.35, 'm8-1': 24.92}",0.08250000000001023,170.786,inf,170.841,170.841,170.841
627,T3,BESTEFFORT,MISSED,m1-1,60.919,"{'m1-1': 4.82, 'm2-1': 5.91, 'm3-1': 109.49, 'm4-1': 26.45, 'm5-1': 153.73, 'm6-1': 5.81, 'm7-1': 10.52, 'm8-1': 27.14}",0.14249999999995566,170.824,inf,170.91899999999998,170.91899999999998,170.91899999999998
628,T1,BESTEFFORT,MISSED,m6-1,60.945,"{'m1-1': 5.94, 'm2-1': 5.45, 'm3-1': 101.72, 'm4-1': 25.58, 'm5-1': 158.57, 'm6-1': 5.75, 'm7-1': 10.59, 'm8-1': 24.18}",0.5730000000000075,170.563,inf,170.945,170.945,170.945
629,T9,BESTEFFORT,MISSED,m6-1,60.952,"{'m1-1': 5.8, 'm2-1': 4.87, 'm3-1': 115.53, 'm4-1': 25.11, 'm5-1': 152.09, 'm6-1': 4.81, 'm7-1': 10.47, 'm8-1': 25.11}",0.010500000000007503,170.945,inf,170.952,170.952,170.952
630,T6,BESTEFFORT,MISSED,m6-1,61.045,"{'m1-1': 4.82, 'm2-1': 5.41, 'm3-1': 107.67, 'm4-1': 23.74, 'm5-1': 154.29, 'm6-1': 5.63, 'm7-1': 11.04, 'm8-1': 25.69}",0.1395000000000266,170.952,inf,171.04500000000002,171.04500000000002,171.04500000000002
631,T8,BESTEFFORT,MISSED,m6-1,61.183,"{'m1-1': 4.96, 'm2-1': 5.47, 'm3-1': 97.9, 'm4-1': 28.4, 'm5-1': 163.54, 'm6-1': 5.33, 'm7-1': 10.6, 'm8-1': 25.77}",0.2069999999999652,171.04500000000002,inf,171.183,171.183,171.183
632,T1,BESTEFFORT,MISSED,m2-1,61.404,"{'m1-1': 5.28, 'm2-1': 5.3, 'm3-1': 114.21, 'm4-1': 26.18, 'm5-1': 142.74, 'm6-1': 5.05, 'm7-1': 10.06, 'm8-1': 23.19}",0.8444999999999823,170.841,inf,171.404,171.404,171.404
633,T9,BESTEFFORT,MISSED,m2-1,61.433,"{'m1-1': 5.45, 'm2-1': 4.99, 'm3-1': 100.74, 'm4-1': 26.81, 'm5-1': 161.42, 'm6-1': 4.87, 'm7-1': 10.65, 'm8-1': 28.23}",0.04349999999999454,171.404,inf,171.433,171.433,171.433
634,T3,BESTEFFORT,MISSED,m1-1,61.496,"{'m1-1': 5.46, 'm2-1': 5.61, 'm3-1': 98.58, 'm4-1': 25.9, 'm5-1': 156.88, 'm6-1': 5.87, 'm7-1': 10.35, 'm8-1': 25.2}",0.8655000000000399,170.91899999999998,inf,171.496,171.496,171.496
635,T5,BESTEFFORT,MISSED,m2-1,61.501,"{'m1-1': 5.53, 'm2-1': 4.75, 'm3-1': 94.2, 'm4-1': 24.99, 'm5-1': 148.73, 'm6-1': 5.02, 'm7-1': 9.37, 'm8-1': 27.36}",0.10200000000001808,171.433,inf,171.501,171.501,171.501
636,T2,BESTEFFORT,MISSED,m1-1,61.616,"{'m1-1': 5.26, 'm2-1': 5.38, 'm3-1': 111.42, 'm4-1': 25.44, 'm5-1': 149.98, 'm6-1': 5.13, 'm7-1': 10.42, 'm8-1': 26.06}",0.1799999999999642,171.496,inf,171.61599999999999,171.61599999999999,171.61599999999999
637,T4,BESTEFFORT,MISSED,m2-1,61.718,"{'m1-1': 5.48, 'm2-1': 5.64, 'm3-1': 102.11, 'm4-1': 29.22, 'm5-1': 162.88, 'm6-1': 5.11, 'm7-1': 11.26, 'm8-1': 24.27}",0.32550000000001944,171.501,inf,171.71800000000002,171.71800000000002,171.71800000000002
638,T2,BESTEFFORT,MISSED,m1-1,61.78,"{'m1-1': 4.98, 'm2-1': 5.34, 'm3-1': 96.57, 'm4-1': 28.83, 'm5-1': 171.6, 'm6-1': 5.44, 'm7-1': 9.67, 'm8-1': 25.1}",0.24600000000002353,171.61599999999999,inf,171.78,171.78,171.78
639,T1,BESTEFFORT,MISSED,m2-1,62.076,"{'m1-1': 5.91, 'm2-1': 5.36, 'm3-1': 108.5, 'm4-1': 27.34, 'm5-1': 146.84, 'm6-1': 5.01, 'm7-1': 10.15, 'm8-1': 27.03}",0.5369999999999635,171.71800000000002,inf,172.076,172.076,172.076
640,T9,BESTEFFORT,MISSED,m6-1,62.123,"{'m1-1': 5.6, 'm2-1': 5.01, 'm3-1': 111.72, 'm4-1': 26.06, 'm5-1': 162.27, 'm6-1': 5.28, 'm7-1': 11.24, 'm8-1': 26.48}",1.4099999999999966,171.183,inf,172.123,172.123,172.123
641,T3,BESTEFFORT,MISSED,m1-1,62.645,"{'m1-1': 5.01, 'm2-1': 5.61, 'm3-1': 100.38, 'm4-1': 26.97, 'm5-1': 156.76, 'm6-1': 5.68, 'm7-1': 10.6, 'm8-1': 25.74}",1.2975000000000136,171.78,inf,172.645,172.645,172.645
642,T5,BESTEFFORT,MISSED,m6-1,62.735,"{'m1-1': 5.2, 'm2-1': 4.76, 'm3-1': 101.0, 'm4-1': 24.74, 'm5-1': 149.99, 'm6-1': 5.14, 'm7-1': 10.26, 'm8-1': 23.53}",0.9180000000000348,172.123,inf,172.735,172.735,172.735
643,T9,BESTEFFORT,MISSED,m6-1,62.8,"{'m1-1': 5.66, 'm2-1': 5.5, 'm3-1': 114.21, 'm4-1': 26.73, 'm5-1': 161.93, 'm6-1': 5.03, 'm7-1': 11.03, 'm8-1': 28.63}",0.09749999999999659,172.735,inf,172.8,172.8,172.8
644,T2,BESTEFFORT,MISSED,m1-1,62.875,"{'m1-1': 4.88, 'm2-1': 5.34, 'm3-1': 99.14, 'm4-1': 28.08, 'm5-1': 150.03, 'm6-1': 5.12, 'm7-1': 9.74, 'm8-1': 28.01}",0.34499999999998465,172.645,inf,172.875,172.875,172.875
645,T10,BESTEFFORT,MISSED,m1-1,63.242,"{'m1-1': 4.98, 'm2-1': 5.38, 'm3-1': 100.61, 'm4-1': 28.19, 'm5-1': 149.82, 'm6-1': 5.68, 'm7-1': 11.4, 'm8-1': 25.23}",0.5504999999999853,172.875,inf,173.242,173.242,173.242
646,T4,BESTEFFORT,MISSED,m1-1,63.478,"{'m1-1': 4.88, 'm2-1': 5.42, 'm3-1': 107.76, 'm4-1': 28.27, 'm5-1': 166.0, 'm6-1': 5.64, 'm7-1': 10.61, 'm8-1': 27.3}",0.3540000000000276,173.242,inf,173.478,173.478,173.478
647,T5,BESTEFFORT,MISSED,m6-1,63.682,"{'m1-1': 5.19, 'm2-1': 5.37, 'm3-1': 105.14, 'm4-1': 26.59, 'm5-1': 145.9, 'm6-1': 5.3, 'm7-1': 9.8, 'm8-1': 23.59}",1.3230000000000075,172.8,inf,173.68200000000002,173.68200000000002,173.68200000000002
648,T4,BESTEFFORT,MISSED,m1-1,63.705,"{'m1-1': 5.2, 'm2-1': 5.61, 'm3-1': 112.53, 'm4-1': 29.37, 'm5-1': 160.98, 'm6-1': 5.43, 'm7-1': 10.43, 'm8-1': 25.9}",0.34049999999996317,173.478,inf,173.70499999999998,173.70499999999998,173.70499999999998
649,T10,BESTEFFORT,MISSED,m2-1,63.767,"{'m1-1': 4.98, 'm2-1': 4.96, 'm3-1': 110.11, 'm4-1': 25.36, 'm5-1': 172.5, 'm6-1': 5.59, 'm7-1': 11.48, 'm8-1': 26.28}",2.5365000000000038,172.076,inf,173.767,173.767,173.767
650,T10,BESTEFFORT,MISSED,m1-1,63.785,"{'m1-1': 5.52, 'm2-1': 5.28, 'm3-1': 104.27, 'm4-1': 25.67, 'm5-1': 167.46, 'm6-1': 5.54, 'm7-1': 11.45, 'm8-1': 28.22}",0.12000000000001876,173.70499999999998,inf,173.785,173.785,173.785
651,T8,BESTEFFORT,MISSED,m6-1,63.926,"{'m1-1': 5.05, 'm2-1': 4.99, 'm3-1': 102.82, 'm4-1': 25.15, 'm5-1': 159.09, 'm6-1': 5.25, 'm7-1': 11.4, 'm8-1': 28.19}",0.365999999999957,173.68200000000002,inf,173.926,173.926,173.926
652,T2,BESTEFFORT,MISSED,m1-1,63.935,"{'m1-1': 4.9, 'm2-1': 5.04, 'm3-1': 107.47, 'm4-1': 25.6, 'm5-1': 164.45, 'm6-1': 5.86, 'm7-1': 11.09, 'm8-1': 27.59}",0.22500000000000853,173.785,inf,173.935,173.935,173.935
653,T4,BESTEFFORT,MISSED,m1-1,64.006,"{'m1-1': 5.11, 'm2-1': 5.68, 'm3-1': 105.35, 'm4-1': 26.1, 'm5-1': 151.04, 'm6-1': 5.91, 'm7-1': 11.28, 'm8-1': 24.12}",0.10649999999999693,173.935,inf,174.006,174.006,174.006
654,T8,BESTEFFORT,MISSED,m6-1,64.185,"{'m1-1': 5.53, 'm2-1': 5.41, 'm3-1': 99.95, 'm4-1': 29.01, 'm5-1': 160.41, 'm6-1': 4.8, 'm7-1': 10.48, 'm8-1': 26.12}",0.38850000000002183,173.926,inf,174.185,174.185,174.185
655,T5,BESTEFFORT,MISSED,m2-1,64.227,"{'m1-1': 5.78, 'm2-1': 4.78, 'm3-1': 97.62, 'm4-1': 24.4, 'm5-1': 162.19, 'm6-1': 4.63, 'm7-1': 10.35, 'm8-1': 24.66}",0.6900000000000119,173.767,inf,174.227,174.227,174.227
656,T3,BESTEFFORT,MISSED,m6-1,64.25,"{'m1-1': 5.16, 'm2-1': 5.07, 'm3-1': 110.55, 'm4-1': 25.79, 'm5-1': 148.9, 'm6-1': 5.2, 'm7-1': 9.7, 'm8-1': 24.5}",0.09749999999999659,174.185,inf,174.25,174.25,174.25
657,T9,BESTEFFORT,MISSED,m2-1,64.315,"{'m1-1': 4.94, 'm2-1': 5.17, 'm3-1': 102.2, 'm4-1': 26.88, 'm5-1': 155.85, 'm6-1': 5.45, 'm7-1': 10.4, 'm8-1': 27.87}",0.1319999999999908,174.227,inf,174.315,174.315,174.315
658,T8,BESTEFFORT,MISSED,m6-1,64.381,"{'m1-1': 5.31, 'm2-1': 5.41, 'm3-1': 106.06, 'm4-1': 26.02, 'm5-1': 162.32, 'm6-1': 5.44, 'm7-1': 10.42, 'm8-1': 26.99}",0.19650000000000034,174.25,inf,174.381,174.381,174.381
659,T8,BESTEFFORT,MISSED,m2-1,64.47,"{'m1-1': 5.55, 'm2-1': 5.46, 'm3-1': 111.9, 'm4-1': 26.34, 'm5-1': 165.86, 'm6-1': 5.18, 'm7-1': 11.68, 'm8-1': 25.56}",0.2325000000000017,174.315,inf,174.47,174.47,174.47
660,T9,BESTEFFORT,MISSED,m6-1,64.714,"{'m1-1': 5.65, 'm2-1': 5.4, 'm3-1': 114.04, 'm4-1': 24.61, 'm5-1': 153.23, 'm6-1': 4.86, 'm7-1': 10.29, 'm8-1': 28.72}",0.4994999999999976,174.381,inf,174.714,174.714,174.714
661,T5,BESTEFFORT,MISSED,m6-1,64.813,"{'m1-1': 5.76, 'm2-1': 5.08, 'm3-1': 97.66, 'm4-1': 25.39, 'm5-1': 155.21, 'm6-1': 4.82, 'm7-1': 10.87, 'm8-1': 27.53}",0.1484999999999843,174.714,inf,174.813,174.813,174.813
662,T8,BESTEFFORT,MISSED,m1-1,64.865,"{'m1-1': 5.6, 'm2-1': 5.12, 'm3-1': 108.7, 'm4-1': 28.87, 'm5-1': 152.74, 'm6-1': 4.74, 'm7-1': 10.51, 'm8-1': 29.59}",1.2885000000000133,174.006,inf,174.865,174.865,174.865
663,T3,BESTEFFORT,MISSED,m6-1,64.88,"{'m1-1': 4.92, 'm2-1': 5.57, 'm3-1': 95.09, 'm4-1': 24.3, 'm5-1': 147.5, 'm6-1': 5.31, 'm7-1': 9.98, 'm8-1': 27.04}",0.10050000000001091,174.813,inf,174.88,174.88,174.88
664,T3,BESTEFFORT,MISSED,m6-1,65.109,"{'m1-1': 5.34, 'm2-1': 5.18, 'm3-1': 94.67, 'm4-1': 26.84, 'm5-1': 159.6, 'm6-1': 5.23, 'm7-1': 10.0, 'm8-1': 24.6}",0.3434999999999775,174.88,inf,175.10899999999998,175.10899999999998,175.10899999999998
665,T10,BESTEFFORT,MISSED,m2-1,65.113,"{'m1-1': 5.0, 'm2-1': 5.29, 'm3-1': 100.49, 'm4-1': 27.03, 'm5-1': 172.32, 'm6-1': 5.24, 'm7-1': 10.2, 'm8-1': 24.93}",0.964500000000001,174.47,inf,175.113,175.113,175.113
666,T8,BESTEFFORT,MISSED,m6-1,65.193,"{'m1-1': 5.21, 'm2-1': 4.98, 'm3-1': 108.86, 'm4-1': 28.96, 'm5-1': 176.95, 'm6-1': 4.74, 'm7-1': 10.36, 'm8-1': 29.36}",0.12600000000000477,175.10899999999998,inf,175.19299999999998,175.19299999999998,175.19299999999998
667,T3,BESTEFFORT,MISSED,m1-1,65.2,"{'m1-1': 5.24, 'm2-1': 5.59, 'm3-1': 95.12, 'm4-1': 24.32, 'm5-1': 160.37, 'm6-1': 5.2, 'm7-1': 9.87, 'm8-1': 25.08}",0.5024999999999693,174.865,inf,175.2,175.2,175.2
668,T10,BESTEFFORT,MISSED,m2-1,65.285,"{'m1-1': 5.09, 'm2-1': 5.08, 'm3-1': 104.85, 'm4-1': 29.3, 'm5-1': 151.93, 'm6-1': 5.18, 'm7-1': 11.49, 'm8-1': 24.56}",0.25799999999999557,175.113,inf,175.285,175.285,175.285
669,T4,BESTEFFORT,MISSED,m1-1,65.309,"{'m1-1': 4.79, 'm2-1': 5.01, 'm3-1': 105.29, 'm4-1': 27.74, 'm5-1': 147.1, 'm6-1': 5.2, 'm7-1': 10.94, 'm8-1': 27.26}",0.1635000000000133,175.2,inf,175.309,175.309,175.309
670,T4,BESTEFFORT,MISSED,m2-1,65.406,"{'m1-1': 5.55, 'm2-1': 5.49, 'm3-1': 110.66, 'm4-1': 27.89, 'm5-1': 147.45, 'm6-1': 5.8, 'm7-1': 10.8, 'm8-1': 25.16}",0.18150000000001398,175.285,inf,175.406,175.406,175.406
671,T5,BESTEFFORT,MISSED,m1-1,65.412,"{'m1-1': 5.42, 'm2-1': 5.34, 'm3-1': 97.19, 'm4-1': 23.44, 'm5-1': 138.29, 'm6-1': 5.2, 'm7-1': 10.6, 'm8-1': 26.61}",0.15450000000001296,175.309,inf,175.412,175.412,175.412
672,T8,BESTEFFORT,MISSED,m6-1,65.531,"{'m1-1': 4.98, 'm2-1': 5.45, 'm3-1': 102.55, 'm4-1': 26.92, 'm5-1': 159.85, 'm6-1': 5.07, 'm7-1': 10.05, 'm8-1': 27.97}",0.5070000000000334,175.19299999999998,inf,175.531,175.531,175.531
673,T10,BESTEFFORT,MISSED,m6-1,65.695,"{'m1-1': 5.53, 'm2-1': 5.21, 'm3-1': 106.57, 'm4-1': 27.5, 'm5-1': 168.43, 'm6-1': 5.1, 'm7-1': 11.04, 'm8-1': 25.08}",0.2459999999999809,175.531,inf,175.695,175.695,175.695
674,T7,BESTEFFORT,MISSED,m2-1,65.775,"{'m1-1': 5.06, 'm2-1': 5.21, 'm3-1': 105.47, 'm4-1': 25.0, 'm5-1': 149.04, 'm6-1': 5.46, 'm7-1': 11.35, 'm8-1': 28.47}",0.5534999999999997,175.406,inf,175.775,175.775,175.775
675,T1,BESTEFFORT,MISSED,m1-1,65.84,"{'m1-1': 5.94, 'm2-1': 5.48, 'm3-1': 113.29, 'm4-1': 23.77, 'm5-1': 137.63, 'm6-1': 5.25, 'm7-1': 11.14, 'm8-1': 24.61}",0.6419999999999959,175.412,inf,175.84,175.84,175.84
676,T8,BESTEFFORT,MISSED,m6-1,66.046,"{'m1-1': 5.5, 'm2-1': 5.54, 'm3-1': 98.38, 'm4-1': 25.25, 'm5-1': 162.83, 'm6-1': 4.96, 'm7-1': 10.92, 'm8-1': 26.56}",0.5264999999999986,175.695,inf,176.046,176.046,176.046
677,T1,BESTEFFORT,MISSED,m6-1,66.084,"{'m1-1': 5.84, 'm2-1': 5.12, 'm3-1': 100.28, 'm4-1': 26.93, 'm5-1': 151.8, 'm6-1': 5.08, 'm7-1': 10.44, 'm8-1': 24.36}",0.05700000000001637,176.046,inf,176.084,176.084,176.084
678,T3,BESTEFFORT,MISSED,m1-1,66.118,"{'m1-1': 5.5, 'm2-1': 5.53, 'm3-1': 98.76, 'm4-1': 24.44, 'm5-1': 151.4, 'm6-1': 5.28, 'm7-1': 9.66, 'm8-1': 27.21}",0.4169999999999874,175.84,inf,176.118,176.118,176.118
679,T8,BESTEFFORT,MISSED,m6-1,66.272,"{'m1-1': 5.8, 'm2-1': 5.0, 'm3-1': 99.71, 'm4-1': 27.91, 'm5-1': 158.13, 'm6-1': 5.28, 'm7-1': 11.81, 'm8-1': 25.1}",0.28199999999998226,176.084,inf,176.272,176.272,176.272
680,T5,BESTEFFORT,MISSED,m6-1,66.319,"{'m1-1': 5.61, 'm2-1': 5.22, 'm3-1': 110.5, 'm4-1': 26.38, 'm5-1': 147.39, 'm6-1': 4.83, 'm7-1': 9.44, 'm8-1': 24.58}",0.0705000000000382,176.272,inf,176.31900000000002,176.31900000000002,176.31900000000002
681,T4,BESTEFFORT,MISSED,m1-1,66.493,"{'m1-1': 5.11, 'm2-1': 5.34, 'm3-1': 99.62, 'm4-1': 28.63, 'm5-1': 163.62, 'm6-1': 5.28, 'm7-1': 10.25, 'm8-1': 24.4}",0.5625,176.118,inf,176.493,176.493,176.493
682,T4,BESTEFFORT,MISSED,m6-1,66.804,"{'m1-1': 4.74, 'm2-1': 5.52, 'm3-1': 110.2, 'm4-1': 29.28, 'm5-1': 146.81, 'm6-1': 5.5, 'm7-1': 10.76, 'm8-1': 24.32}",0.7274999999999778,176.31900000000002,inf,176.804,176.804,176.804
683,T4,BESTEFFORT,MISSED,m1-1,66.891,"{'m1-1': 5.03, 'm2-1': 5.3, 'm3-1': 104.7, 'm4-1': 24.97, 'm5-1': 147.64, 'm6-1': 5.31, 'm7-1': 9.93, 'm8-1': 24.63}",0.5970000000000368,176.493,inf,176.89100000000002,176.89100000000002,176.89100000000002
684,T4,BESTEFFORT,MISSED,m6-1,66.898,"{'m1-1': 4.73, 'm2-1': 4.99, 'm3-1': 109.6, 'm4-1': 24.76, 'm5-1': 146.71, 'm6-1': 5.44, 'm7-1': 10.07, 'm8-1': 27.17}",0.14099999999999113,176.804,inf,176.898,176.898,176.898
685,T9,BESTEFFORT,MISSED,m6-1,66.926,"{'m1-1': 5.44, 'm2-1': 5.46, 'm3-1': 112.76, 'm4-1': 27.23, 'm5-1': 157.12, 'm6-1': 5.04, 'm7-1': 10.82, 'm8-1': 25.22}",0.04199999999998738,176.898,inf,176.926,176.926,176.926
686,T3,BESTEFFORT,MISSED,m1-1,66.945,"{'m1-1': 5.34, 'm2-1': 5.04, 'm3-1': 109.15, 'm4-1': 26.42, 'm5-1': 150.79, 'm6-1': 5.69, 'm7-1': 10.83, 'm8-1': 24.92}",0.08099999999996044,176.89100000000002,inf,176.945,176.945,176.945
687,T5,BESTEFFORT,MISSED,m6-1,67.099,"{'m1-1': 5.24, 'm2-1': 5.07, 'm3-1': 108.32, 'm4-1': 26.74, 'm5-1': 149.03, 'm6-1': 5.15, 'm7-1': 9.36, 'm8-1': 27.49}",0.25950000000000273,176.926,inf,177.099,177.099,177.099
688,T1,BESTEFFORT,MISSED,m6-1,67.115,"{'m1-1': 5.77, 'm2-1': 4.8, 'm3-1': 98.31, 'm4-1': 25.93, 'm5-1': 146.77, 'm6-1': 5.82, 'm7-1': 10.19, 'm8-1': 26.79}",0.02400000000002933,177.099,inf,177.115,177.115,177.115
689,T10,BESTEFFORT,MISSED,m2-1,67.157,"{'m1-1': 4.88, 'm2-1': 5.58, 'm3-1': 93.58, 'm4-1': 29.53, 'm5-1': 158.34, 'm6-1': 5.37, 'm7-1': 11.33, 'm8-1': 24.96}",2.072999999999965,175.775,inf,177.15699999999998,177.15699999999998,177.15699999999998
690,T5,BESTEFFORT,MISSED,m2-1,67.16,"{'m1-1': 5.34, 'm2-1': 5.05, 'm3-1': 96.71, 'm4-1': 25.25, 'm5-1': 160.42, 'm6-1': 4.77, 'm7-1': 9.47, 'm8-1': 24.04}",0.004500000000021487,177.15699999999998,inf,177.16,177.16,177.16
691,T1,BESTEFFORT,MISSED,m2-1,67.288,"{'m1-1': 5.4, 'm2-1': 5.15, 'm3-1': 108.28, 'm4-1': 24.92, 'm5-1': 160.88, 'm6-1': 5.07, 'm7-1': 10.06, 'm8-1': 25.94}",0.1920000000000215,177.16,inf,177.288,177.288,177.288
692,T2,BESTEFFORT,MISSED,m1-1,67.307,"{'m1-1': 5.32, 'm2-1': 5.69, 'm3-1': 99.5, 'm4-1': 28.78, 'm5-1': 150.34, 'm6-1': 5.77, 'm7-1': 10.62, 'm8-1': 26.71}",0.5430000000000348,176.945,inf,177.30700000000002,177.30700000000002,177.30700000000002
693,T10,BESTEFFORT,MISSED,m6-1,67.391,"{'m1-1': 5.33, 'm2-1': 5.58, 'm3-1': 100.49, 'm4-1': 26.76, 'm5-1': 171.95, 'm6-1': 5.08, 'm7-1': 10.64, 'm8-1': 25.24}",0.4140000000000157,177.115,inf,177.39100000000002,177.39100000000002,177.39100000000002
694,T6,BESTEFFORT,MISSED,m2-1,67.502,"{'m1-1': 4.78, 'm2-1': 5.29, 'm3-1': 103.2, 'm4-1': 26.45, 'm5-1': 145.82, 'm6-1': 5.44, 'm7-1': 11.8, 'm8-1': 27.66}",0.32099999999999795,177.288,inf,177.502,177.502,177.502
695,T8,BESTEFFORT,MISSED,m1-1,67.581,"{'m1-1': 5.01, 'm2-1': 5.26, 'm3-1': 99.62, 'm4-1': 28.16, 'm5-1': 155.61, 'm6-1': 4.88, 'm7-1': 10.83, 'm8-1': 27.39}",0.41100000000000136,177.30700000000002,inf,177.58100000000002,177.58100000000002,177.58100000000002
696,T4,BESTEFFORT,MISSED,m1-1,67.622,"{'m1-1': 4.96, 'm2-1': 5.14, 'm3-1': 100.85, 'm4-1': 24.97, 'm5-1': 147.59, 'm6-1': 5.79, 'm7-1': 9.87, 'm8-1': 27.66}",0.061499999999995225,177.58100000000002,inf,177.622,177.622,177.622
697,T3,BESTEFFORT,MISSED,m1-1,68.048,"{'m1-1': 5.06, 'm2-1': 5.02, 'm3-1': 96.65, 'm4-1': 27.08, 'm5-1': 138.74, 'm6-1': 5.36, 'm7-1': 9.67, 'm8-1': 27.08}",0.6389999999999816,177.622,inf,178.048,178.048,178.048
698,T8,BESTEFFORT,MISSED,m6-1,68.054,"{'m1-1': 5.74, 'm2-1': 5.31, 'm3-1': 103.81, 'm4-1': 28.14, 'm5-1': 159.26, 'm6-1': 5.41, 'm7-1': 11.62, 'm8-1': 26.96}",0.9944999999999737,177.39100000000002,inf,178.054,178.054,178.054
699,T10,BESTEFFORT,MISSED,m2-1,68.177,"{'m1-1': 5.32, 'm2-1': 5.14, 'm3-1': 104.17, 'm4-1': 26.05, 'm5-1': 172.35, 'm6-1': 5.14, 'm7-1': 10.61, 'm8-1': 24.16}",1.012500000000017,177.502,inf,178.17700000000002,178.17700000000002,178.17700000000002
700,T1,BESTEFFORT,MISSED,m2-1,68.219,"{'m1-1': 5.62, 'm2-1': 4.91, 'm3-1': 109.15, 'm4-1': 24.77, 'm5-1': 143.64, 'm6-1': 5.03, 'm7-1': 11.09, 'm8-1': 27.15}",0.06299999999995975,178.17700000000002,inf,178.219,178.219,178.219
701,T8,BESTEFFORT,MISSED,m2-1,68.486,"{'m1-1': 5.72, 'm2-1': 5.11, 'm3-1': 108.63, 'm4-1': 26.32, 'm5-1': 161.6, 'm6-1': 4.93, 'm7-1': 11.12, 'm8-1': 27.03}",0.40049999999999386,178.219,inf,178.486,178.486,178.486
702,T3,BESTEFFORT,MISSED,m2-1,68.489,"{'m1-1': 4.91, 'm2-1': 5.86, 'm3-1': 96.94, 'm4-1': 27.98, 'm5-1': 153.79, 'm6-1': 5.93, 'm7-1': 9.49, 'm8-1': 26.29}",0.004500000000021487,178.486,inf,178.489,178.489,178.489
703,T10,BESTEFFORT,MISSED,m1-1,68.536,"{'m1-1': 4.82, 'm2-1': 5.38, 'm3-1': 98.19, 'm4-1': 25.82, 'm5-1': 170.01, 'm6-1': 5.1, 'm7-1': 11.06, 'm8-1': 27.66}",0.7319999999999993,178.048,inf,178.536,178.536,178.536
704,T1,BESTEFFORT,MISSED,m1-1,68.611,"{'m1-1': 5.77, 'm2-1': 5.05, 'm3-1': 101.3, 'm4-1': 23.94, 'm5-1': 139.88, 'm6-1': 5.23, 'm7-1': 10.56, 'm8-1': 24.85}",0.11249999999998295,178.536,inf,178.611,178.611,178.611
705,T6,BESTEFFORT,MISSED,m6-1,68.629,"{'m1-1': 4.87, 'm2-1': 5.24, 'm3-1': 108.67, 'm4-1': 24.39, 'm5-1': 165.72, 'm6-1': 5.07, 'm7-1': 11.32, 'm8-1': 25.29}",0.8625000000000256,178.054,inf,178.62900000000002,178.62900000000002,178.62900000000002
706,T7,BESTEFFORT,MISSED,m2-1,69.177,"{'m1-1': 5.22, 'm2-1': 5.44, 'm3-1': 107.9, 'm4-1': 24.53, 'm5-1': 160.99, 'm6-1': 5.69, 'm7-1': 10.99, 'm8-1': 28.17}",1.032000000000025,178.489,inf,179.17700000000002,179.17700000000002,179.17700000000002
707,T1,BESTEFFORT,MISSED,m2-1,69.276,"{'m1-1': 5.86, 'm2-1': 5.13, 'm3-1': 100.52, 'm4-1': 23.3, 'm5-1': 139.04, 'm6-1': 5.39, 'm7-1': 10.91, 'm8-1': 27.14}",0.1484999999999843,179.17700000000002,inf,179.276,179.276,179.276
708,T6,BESTEFFORT,MISSED,m1-1,69.395,"{'m1-1': 5.26, 'm2-1': 4.97, 'm3-1': 100.7, 'm4-1': 28.01, 'm5-1': 160.84, 'm6-1': 5.44, 'm7-1': 10.51, 'm8-1': 26.93}",1.1759999999999877,178.611,inf,179.39499999999998,179.39499999999998,179.39499999999998
709,T7,BESTEFFORT,MISSED,m2-1,69.431,"{'m1-1': 4.8, 'm2-1': 5.4, 'm3-1': 110.5, 'm4-1': 27.2, 'm5-1': 146.77, 'm6-1': 5.82, 'm7-1': 10.38, 'm8-1': 29.28}",0.23249999999995907,179.276,inf,179.43099999999998,179.43099999999998,179.43099999999998
710,T2,BESTEFFORT,MISSED,m2-1,69.455,"{'m1-1': 5.48, 'm2-1': 5.5, 'm3-1': 106.75, 'm4-1': 28.4, 'm5-1': 151.97, 'm6-1': 5.54, 'm7-1': 10.54, 'm8-1': 26.83}",0.036000000000001364,179.43099999999998,inf,179.45499999999998,179.45499999999998,179.45499999999998
711,T6,BESTEFFORT,MISSED,m6-1,69.581,"{'m1-1': 5.38, 'm2-1': 5.66, 'm3-1': 106.1, 'm4-1': 26.97, 'm5-1': 146.49, 'm6-1': 5.13, 'm7-1': 10.56, 'm8-1': 26.76}",1.4279999999999973,178.62900000000002,inf,179.58100000000002,179.58100000000002,179.58100000000002
712,T2,BESTEFFORT,MISSED,m1-1,69.624,"{'m1-1': 5.35, 'm2-1': 5.75, 'm3-1': 107.29, 'm4-1': 28.18, 'm5-1': 151.97, 'm6-1': 5.05, 'm7-1': 9.62, 'm8-1': 27.56}",0.3435000000000201,179.39499999999998,inf,179.624,179.624,179.624
713,T10,BESTEFFORT,MISSED,m6-1,69.798,"{'m1-1': 5.32, 'm2-1': 5.18, 'm3-1': 110.11, 'm4-1': 25.79, 'm5-1': 168.04, 'm6-1': 4.88, 'm7-1': 11.17, 'm8-1': 26.48}",0.3254999999999768,179.58100000000002,inf,179.798,179.798,179.798
714,T3,BESTEFFORT,MISSED,m1-1,70.093,"{'m1-1': 5.52, 'm2-1': 5.19, 'm3-1': 101.4, 'm4-1': 26.93, 'm5-1': 153.3, 'm6-1': 5.52, 'm7-1': 10.1, 'm8-1': 27.07}",0.7035000000000338,179.624,inf,180.09300000000002,180.09300000000002,180.09300000000002
715,T5,BESTEFFORT,MISSED,m6-1,70.553,"{'m1-1': 5.6, 'm2-1': 5.32, 'm3-1': 94.36, 'm4-1': 27.06, 'm5-1': 146.22, 'm6-1': 4.91, 'm7-1': 9.36, 'm8-1': 27.28}",1.1324999999999932,179.798,inf,180.553,180.553,180.553
716,T7,BESTEFFORT,MISSED,m2-1,70.598,"{'m1-1': 5.16, 'm2-1': 5.68, 'm3-1': 114.28, 'm4-1': 24.34, 'm5-1': 144.02, 'm6-1': 5.14, 'm7-1': 10.63, 'm8-1': 28.62}",1.7145000000000437,179.45499999999998,inf,180.598,180.598,180.598
717,T7,BESTEFFORT,MISSED,m1-1,70.703,"{'m1-1': 5.16, 'm2-1': 4.94, 'm3-1': 105.47, 'm4-1': 27.73, 'm5-1': 138.99, 'm6-1': 5.26, 'm7-1': 10.92, 'm8-1': 25.55}",0.9149999999999778,180.09300000000002,inf,180.703,180.703,180.703
718,T8,BESTEFFORT,MISSED,m1-1,70.748,"{'m1-1': 5.13, 'm2-1': 5.73, 'm3-1': 111.92, 'm4-1': 25.22, 'm5-1': 150.29, 'm6-1': 5.19, 'm7-1': 11.59, 'm8-1': 28.67}",0.06749999999998124,180.703,inf,180.748,180.748,180.748
719,T6,BESTEFFORT,MISSED,m1-1,70.757,"{'m1-1': 5.35, 'm2-1': 5.51, 'm3-1': 101.23, 'm4-1': 24.86, 'm5-1': 160.67, 'm6-1': 5.72, 'm7-1': 10.38, 'm8-1': 28.27}",0.013500000000021828,180.748,inf,180.757,180.757,180.757
720,T1,BESTEFFORT,MISSED,m6-1,70.843,"{'m1-1': 5.09, 'm2-1': 5.04, 'm3-1': 98.19, 'm4-1': 26.18, 'm5-1': 159.63, 'm6-1': 5.61, 'm7-1': 10.99, 'm8-1': 26.86}",0.4350000000000307,180.553,inf,180.84300000000002,180.84300000000002,180.84300000000002
721,T1,BESTEFFORT,MISSED,m2-1,70.844,"{'m1-1': 5.26, 'm2-1': 5.07, 'm3-1': 105.31, 'm4-1': 26.18, 'm5-1': 140.7, 'm6-1': 5.79, 'm7-1': 11.2, 'm8-1': 23.53}",0.36899999999997135,180.598,inf,180.844,180.844,180.844
722,T9,BESTEFFORT,MISSED,m2-1,70.947,"{'m1-1': 5.17, 'm2-1': 4.88, 'm3-1': 111.36, 'm4-1': 23.46, 'm5-1': 148.75, 'm6-1': 5.39, 'm7-1': 10.53, 'm8-1': 25.81}",0.15450000000001296,180.844,inf,180.947,180.947,180.947
723,T3,BESTEFFORT,MISSED,m1-1,71.035,"{'m1-1': 5.13, 'm2-1': 5.92, 'm3-1': 94.1, 'm4-1': 26.24, 'm5-1': 149.75, 'm6-1': 5.67, 'm7-1': 9.62, 'm8-1': 26.78}",0.4169999999999874,180.757,inf,181.035,181.035,181.035
724,T7,BESTEFFORT,MISSED,m1-1,71.146,"{'m1-1': 5.32, 'm2-1': 5.33, 'm3-1': 110.23, 'm4-1': 27.9, 'm5-1': 146.49, 'm6-1': 5.4, 'm7-1': 10.32, 'm8-1': 25.25}",0.16650000000002763,181.035,inf,181.14600000000002,181.14600000000002,181.14600000000002
725,T2,BESTEFFORT,MISSED,m1-1,71.153,"{'m1-1': 5.26, 'm2-1': 5.69, 'm3-1': 99.79, 'm4-1': 26.52, 'm5-1': 162.14, 'm6-1': 5.53, 'm7-1': 10.37, 'm8-1': 28.98}",0.010500000000007503,181.14600000000002,inf,181.15300000000002,181.15300000000002,181.15300000000002
726,T4,BESTEFFORT,MISSED,m1-1,71.345,"{'m1-1': 5.18, 'm2-1': 5.65, 'm3-1': 104.04, 'm4-1': 29.22, 'm5-1': 166.48, 'm6-1': 5.62, 'm7-1': 10.14, 'm8-1': 24.29}",0.2879999999999683,181.15300000000002,inf,181.345,181.345,181.345
727,T8,BESTEFFORT,MISSED,m6-1,71.426,"{'m1-1': 5.21, 'm2-1': 5.08, 'm3-1': 106.73, 'm4-1': 28.11, 'm5-1': 150.14, 'm6-1': 5.49, 'm7-1': 10.63, 'm8-1': 27.4}",0.874499999999955,180.84300000000002,inf,181.426,181.426,181.426
728,T2,BESTEFFORT,MISSED,m2-1,71.542,"{'m1-1': 4.76, 'm2-1': 5.47, 'm3-1': 103.32, 'm4-1': 28.16, 'm5-1': 162.63, 'm6-1': 5.5, 'm7-1': 10.4, 'm8-1': 28.93}",0.8924999999999983,180.947,inf,181.542,181.542,181.542
729,T8,BESTEFFORT,MISSED,m2-1,71.615,"{'m1-1': 5.24, 'm2-1': 5.68, 'm3-1': 111.59, 'm4-1': 28.35, 'm5-1': 151.15, 'm6-1': 4.88, 'm7-1': 10.62, 'm8-1': 27.36}",0.10950000000001125,181.542,inf,181.615,181.615,181.615
730,T7,BESTEFFORT,MISSED,m2-1,71.639,"{'m1-1': 5.33, 'm2-1': 5.03, 'm3-1': 112.64, 'm4-1': 23.96, 'm5-1': 140.34, 'm6-1': 5.27, 'm7-1': 11.2, 'm8-1': 27.7}",0.036000000000001364,181.615,inf,181.639,181.639,181.639
731,T4,BESTEFFORT,MISSED,m6-1,71.671,"{'m1-1': 5.46, 'm2-1': 5.03, 'm3-1': 96.25, 'm4-1': 29.1, 'm5-1': 152.16, 'm6-1': 5.8, 'm7-1': 11.16, 'm8-1': 27.53}",0.3675000000000068,181.426,inf,181.671,181.671,181.671
732,T5,BESTEFFORT,MISSED,m1-1,71.865,"{'m1-1': 5.51, 'm2-1': 5.22, 'm3-1': 100.94, 'm4-1': 25.96, 'm5-1': 142.35, 'm6-1': 4.7, 'm7-1': 9.96, 'm8-1': 27.09}",0.7800000000000153,181.345,inf,181.865,181.865,181.865
733,T5,BESTEFFORT,MISSED,m6-1,71.872,"{'m1-1': 5.77, 'm2-1': 4.97, 'm3-1': 95.04, 'm4-1': 26.59, 'm5-1': 160.61, 'm6-1': 4.81, 'm7-1': 10.39, 'm8-1': 23.53}",0.30150000000003274,181.671,inf,181.872,181.872,181.872
734,T5,BESTEFFORT,MISSED,m6-1,72.146,"{'m1-1': 5.23, 'm2-1': 5.22, 'm3-1': 94.38, 'm4-1': 23.5, 'm5-1': 162.23, 'm6-1': 5.45, 'm7-1': 9.99, 'm8-1': 24.14}",0.41100000000000136,181.872,inf,182.14600000000002,182.14600000000002,182.14600000000002
735,T6,BESTEFFORT,MISSED,m1-1,72.319,"{'m1-1': 5.04, 'm2-1': 4.94, 'm3-1': 104.85, 'm4-1': 24.76, 'm5-1': 166.47, 'm6-1': 5.44, 'm7-1': 10.43, 'm8-1': 26.51}",0.6810000000000116,181.865,inf,182.31900000000002,182.31900000000002,182.31900000000002
736,T3,BESTEFFORT,MISSED,m1-1,72.321,"{'m1-1': 5.13, 'm2-1': 5.84, 'm3-1': 93.42, 'm4-1': 24.02, 'm5-1': 160.05, 'm6-1': 5.4, 'm7-1': 10.29, 'm8-1': 26.92}",0.002999999999971692,182.31900000000002,inf,182.321,182.321,182.321
737,T10,BESTEFFORT,MISSED,m1-1,72.42,"{'m1-1': 5.35, 'm2-1': 5.41, 'm3-1': 98.89, 'm4-1': 27.07, 'm5-1': 157.06, 'm6-1': 5.16, 'm7-1': 11.3, 'm8-1': 26.79}",0.14850000000002694,182.321,inf,182.42000000000002,182.42000000000002,182.42000000000002
738,T4,BESTEFFORT,MISSED,m1-1,72.463,"{'m1-1': 4.98, 'm2-1': 5.08, 'm3-1': 104.35, 'm4-1': 28.89, 'm5-1': 167.28, 'm6-1': 5.05, 'm7-1': 11.37, 'm8-1': 24.57}",0.06449999999996692,182.42000000000002,inf,182.463,182.463,182.463
739,T6,BESTEFFORT,MISSED,m6-1,72.474,"{'m1-1': 5.41, 'm2-1': 5.36, 'm3-1': 104.26, 'm4-1': 25.69, 'm5-1': 149.33, 'm6-1': 5.18, 'm7-1': 11.83, 'm8-1': 24.24}",0.4919999999999618,182.14600000000002,inf,182.474,182.474,182.474
740,T3,BESTEFFORT,MISSED,m1-1,72.489,"{'m1-1': 5.39, 'm2-1': 5.44, 'm3-1': 103.07, 'm4-1': 26.51, 'm5-1': 148.19, 'm6-1': 5.7, 'm7-1': 10.89, 'm8-1': 24.69}",0.03900000000001569,182.463,inf,182.489,182.489,182.489
741,T3,BESTEFFORT,MISSED,m2-1,72.716,"{'m1-1': 5.54, 'm2-1': 5.42, 'm3-1': 96.1, 'm4-1': 26.99, 'm5-1': 138.72, 'm6-1': 5.48, 'm7-1': 9.59, 'm8-1': 25.13}",1.6154999999999973,181.639,inf,182.716,182.716,182.716
742,T8,BESTEFFORT,MISSED,m6-1,72.769,"{'m1-1': 5.82, 'm2-1': 5.79, 'm3-1': 104.85, 'm4-1': 25.7, 'm5-1': 151.93, 'm6-1': 5.54, 'm7-1': 10.32, 'm8-1': 26.56}",0.4425000000000239,182.474,inf,182.769,182.769,182.769
743,T6,BESTEFFORT,MISSED,m1-1,72.849,"{'m1-1': 5.12, 'm2-1': 5.42, 'm3-1': 97.88, 'm4-1': 25.52, 'm5-1': 150.21, 'm6-1': 5.01, 'm7-1': 11.57, 'm8-1': 25.81}",0.5399999999999778,182.489,inf,182.849,182.849,182.849
744,T8,BESTEFFORT,MISSED,m2-1,72.881,"{'m1-1': 5.46, 'm2-1': 5.7, 'm3-1': 107.65, 'm4-1': 27.73, 'm5-1': 156.51, 'm6-1': 5.36, 'm7-1': 10.99, 'm8-1': 29.39}",0.24749999999998806,182.716,inf,182.881,182.881,182.881
745,T2,BESTEFFORT,MISSED,m6-1,73.106,"{'m1-1': 5.09, 'm2-1': 5.2, 'm3-1': 98.3, 'm4-1': 29.58, 'm5-1': 168.81, 'm6-1': 5.53, 'm7-1': 10.02, 'm8-1': 24.79}",0.5054999999999836,182.769,inf,183.106,183.106,183.106
746,T10,BESTEFFORT,MISSED,m6-1,73.304,"{'m1-1': 5.38, 'm2-1': 5.07, 'm3-1': 108.41, 'm4-1': 27.54, 'm5-1': 161.76, 'm6-1': 5.34, 'm7-1': 10.47, 'm8-1': 25.1}",0.29700000000001125,183.106,inf,183.304,183.304,183.304
747,T3,BESTEFFORT,MISSED,m2-1,73.363,"{'m1-1': 5.09, 'm2-1': 5.68, 'm3-1': 103.36, 'm4-1': 25.41, 'm5-1': 142.62, 'm6-1': 5.86, 'm7-1': 9.91, 'm8-1': 25.8}",0.722999999999999,182.881,inf,183.363,183.363,183.363
748,T3,BESTEFFORT,MISSED,m6-1,73.411,"{'m1-1': 4.96, 'm2-1': 5.69, 'm3-1': 109.77, 'm4-1': 27.77, 'm5-1': 158.01, 'm6-1': 5.23, 'm7-1': 10.34, 'm8-1': 26.12}",0.16049999999999898,183.304,inf,183.411,183.411,183.411
749,T8,BESTEFFORT,MISSED,m1-1,73.516,"{'m1-1': 5.03, 'm2-1': 5.02, 'm3-1': 103.66, 'm4-1': 24.68, 'm5-1': 159.08, 'm6-1': 5.57, 'm7-1': 10.94, 'm8-1': 28.73}",1.000500000000045,182.849,inf,183.51600000000002,183.51600000000002,183.51600000000002
750,T3,BESTEFFORT,MISSED,m1-1,73.634,"{'m1-1': 4.85, 'm2-1': 5.52, 'm3-1': 100.99, 'm4-1': 26.49, 'm5-1': 147.44, 'm6-1': 5.52, 'm7-1': 9.92, 'm8-1': 25.98}",0.1769999999999925,183.51600000000002,inf,183.63400000000001,183.63400000000001,183.63400000000001
751,T3,BESTEFFORT,MISSED,m1-1,73.835,"{'m1-1': 5.29, 'm2-1': 5.77, 'm3-1': 96.0, 'm4-1': 26.21, 'm5-1': 140.29, 'm6-1': 5.4, 'm7-1': 10.0, 'm8-1': 27.2}",0.3014999999999475,183.63400000000001,inf,183.83499999999998,183.83499999999998,183.83499999999998
752,T9,BESTEFFORT,MISSED,m6-1,73.934,"{'m1-1': 5.18, 'm2-1': 5.46, 'm3-1': 110.78, 'm4-1': 25.76, 'm5-1': 140.28, 'm6-1': 5.5, 'm7-1': 9.99, 'm8-1': 27.53}",0.7844999999999942,183.411,inf,183.934,183.934,183.934
753,T9,BESTEFFORT,MISSED,m6-1,73.964,"{'m1-1': 5.82, 'm2-1': 5.05, 'm3-1': 111.54, 'm4-1': 23.23, 'm5-1': 148.82, 'm6-1': 4.74, 'm7-1': 10.01, 'm8-1': 27.35}",0.045000000000001705,183.934,inf,183.964,183.964,183.964
754,T6,BESTEFFORT,MISSED,m1-1,73.996,"{'m1-1': 5.47, 'm2-1': 5.63, 'm3-1': 98.14, 'm4-1': 26.36, 'm5-1': 166.19, 'm6-1': 5.75, 'm7-1': 10.1, 'm8-1': 26.14}",0.24150000000000205,183.83499999999998,inf,183.99599999999998,183.99599999999998,183.99599999999998
755,T9,BESTEFFORT,MISSED,m6-1,74.097,"{'m1-1': 5.87, 'm2-1': 5.0, 'm3-1': 114.35, 'm4-1': 25.8, 'm5-1': 163.12, 'm6-1': 4.88, 'm7-1': 9.65, 'm8-1': 28.58}",0.19949999999997203,183.964,inf,184.09699999999998,184.09699999999998,184.09699999999998
756,T3,BESTEFFORT,MISSED,m6-1,74.336,"{'m1-1': 5.39, 'm2-1': 5.52, 'm3-1': 93.41, 'm4-1': 26.68, 'm5-1': 153.16, 'm6-1': 5.82, 'm7-1': 9.7, 'm8-1': 26.5}",0.3585000000000491,184.09699999999998,inf,184.336,184.336,184.336
757,T9,BESTEFFORT,MISSED,m6-1,74.35,"{'m1-1': 4.98, 'm2-1': 5.22, 'm3-1': 101.59, 'm4-1': 26.4, 'm5-1': 150.7, 'm6-1': 5.25, 'm7-1': 10.46, 'm8-1': 28.67}",0.020999999999972374,184.336,inf,184.35,184.35,184.35
758,T6,BESTEFFORT,MISSED,m2-1,74.426,"{'m1-1': 5.51, 'm2-1': 5.36, 'm3-1': 105.48, 'm4-1': 27.06, 'm5-1': 146.37, 'm6-1': 5.17, 'm7-1': 10.18, 'm8-1': 24.77}",1.5944999999999823,183.363,inf,184.426,184.426,184.426
759,T8,BESTEFFORT,MISSED,m1-1,74.564,"{'m1-1': 5.25, 'm2-1': 5.74, 'm3-1': 114.46, 'm4-1': 27.97, 'm5-1': 149.34, 'm6-1': 5.47, 'm7-1': 10.18, 'm8-1': 29.09}",0.8520000000000181,183.99599999999998,inf,184.564,184.564,184.564
760,T9,BESTEFFORT,MISSED,m6-1,74.589,"{'m1-1': 5.05, 'm2-1': 5.35, 'm3-1': 97.97, 'm4-1': 24.06, 'm5-1': 158.29, 'm6-1': 5.35, 'm7-1': 11.39, 'm8-1': 28.49}",0.3585000000000065,184.35,inf,184.589,184.589,184.589
761,T8,BESTEFFORT,MISSED,m6-1,74.681,"{'m1-1': 5.28, 'm2-1': 4.98, 'm3-1': 114.54, 'm4-1': 25.85, 'm5-1': 151.47, 'm6-1': 5.2, 'm7-1': 10.66, 'm8-1': 27.51}",0.1379999999999768,184.589,inf,184.68099999999998,184.68099999999998,184.68099999999998
762,T4,BESTEFFORT,MISSED,m1-1,74.727,"{'m1-1': 5.11, 'm2-1': 5.64, 'm3-1': 98.05, 'm4-1': 27.8, 'm5-1': 166.48, 'm6-1': 5.81, 'm7-1': 10.8, 'm8-1': 24.35}",0.24450000000001637,184.564,inf,184.727,184.727,184.727
763,T7,BESTEFFORT,MISSED,m2-1,74.787,"{'m1-1': 4.67, 'm2-1': 5.64, 'm3-1': 106.77, 'm4-1': 26.78, 'm5-1': 161.17, 'm6-1': 5.75, 'm7-1': 11.41, 'm8-1': 27.3}",0.5415000000000276,184.426,inf,184.787,184.787,184.787
764,T1,BESTEFFORT,MISSED,m1-1,74.812,"{'m1-1': 5.92, 'm2-1': 4.92, 'm3-1': 112.35, 'm4-1': 24.89, 'm5-1': 157.62, 'm6-1': 5.14, 'm7-1': 11.56, 'm8-1': 26.1}",0.12750000000001194,184.727,inf,184.812,184.812,184.812
765,T9,BESTEFFORT,MISSED,m2-1,75.204,"{'m1-1': 5.62, 'm2-1': 5.44, 'm3-1': 99.52, 'm4-1': 25.36, 'm5-1': 143.2, 'm6-1': 4.67, 'm7-1': 10.76, 'm8-1': 28.1}",0.6255000000000024,184.787,inf,185.204,185.204,185.204
766,T1,BESTEFFORT,MISSED,m6-1,75.221,"{'m1-1': 5.62, 'm2-1': 5.42, 'm3-1': 107.69, 'm4-1': 23.56, 'm5-1': 140.35, 'm6-1': 5.08, 'm7-1': 11.08, 'm8-1': 25.8}",0.8100000000000307,184.68099999999998,inf,185.221,185.221,185.221
767,T2,BESTEFFORT,MISSED,m2-1,75.353,"{'m1-1': 4.78, 'm2-1': 5.06, 'm3-1': 99.37, 'm4-1': 25.15, 'm5-1': 154.81, 'm6-1': 5.06, 'm7-1': 9.7, 'm8-1': 25.33}",0.22350000000000136,185.204,inf,185.353,185.353,185.353
768,T3,BESTEFFORT,MISSED,m1-1,75.514,"{'m1-1': 5.4, 'm2-1': 5.95, 'm3-1': 103.59, 'm4-1': 26.72, 'm5-1': 160.01, 'm6-1': 5.81, 'm7-1': 9.93, 'm8-1': 24.5}",1.0529999999999973,184.812,inf,185.514,185.514,185.514
769,T1,BESTEFFORT,MISSED,m2-1,75.553,"{'m1-1': 5.29, 'm2-1': 5.49, 'm3-1': 108.51, 'm4-1': 23.53, 'm5-1': 160.39, 'm6-1': 5.15, 'm7-1': 10.12, 'm8-1': 23.91}",0.29999999999998295,185.353,inf,185.553,185.553,185.553
770,T9,BESTEFFORT,MISSED,m2-1,75.84,"{'m1-1': 5.63, 'm2-1': 4.88, 'm3-1': 111.52, 'm4-1': 25.92, 'm5-1': 160.42, 'm6-1': 5.2, 'm7-1': 11.31, 'm8-1': 26.52}",0.4305000000000092,185.553,inf,185.84,185.84,185.84
771,T2,BESTEFFORT,MISSED,m1-1,75.941,"{'m1-1': 5.24, 'm2-1': 5.72, 'm3-1': 109.31, 'm4-1': 28.64, 'm5-1': 163.86, 'm6-1': 5.4, 'm7-1': 9.88, 'm8-1': 27.84}",0.6404999999999887,185.514,inf,185.941,185.941,185.941
772,T5,BESTEFFORT,MISSED,m2-1,75.966,"{'m1-1': 4.93, 'm2-1': 5.27, 'm3-1': 105.48, 'm4-1': 25.17, 'm5-1': 140.61, 'm6-1': 5.18, 'm7-1': 10.19, 'm8-1': 27.24}",0.18900000000000716,185.84,inf,185.966,185.966,185.966
773,T8,BESTEFFORT,MISSED,m1-1,75.969,"{'m1-1': 5.74, 'm2-1': 5.29, 'm3-1': 99.88, 'm4-1': 28.61, 'm5-1': 172.54, 'm6-1': 4.94, 'm7-1': 10.94, 'm8-1': 25.41}",0.04199999999998738,185.941,inf,185.969,185.969,185.969
774,T10,BESTEFFORT,MISSED,m1-1,75.98,"{'m1-1': 4.95, 'm2-1': 5.3, 'm3-1': 106.92, 'm4-1': 26.83, 'm5-1': 158.26, 'm6-1': 5.66, 'm7-1': 10.19, 'm8-1': 27.49}",0.016500000000036152,185.969,inf,185.98000000000002,185.98000000000002,185.98000000000002
775,T9,BESTEFFORT,MISSED,m6-1,76.056,"{'m1-1': 5.32, 'm2-1': 4.79, 'm3-1': 103.93, 'm4-1': 24.73, 'm5-1': 144.28, 'm6-1': 5.43, 'm7-1': 10.33, 'm8-1': 26.13}",1.2524999999999693,185.221,inf,186.05599999999998,186.05599999999998,186.05599999999998
776,T7,BESTEFFORT,MISSED,m1-1,76.131,"{'m1-1': 5.14, 'm2-1': 5.53, 'm3-1': 110.59, 'm4-1': 25.86, 'm5-1': 159.59, 'm6-1': 5.7, 'm7-1': 11.56, 'm8-1': 27.28}",0.22649999999997306,185.98000000000002,inf,186.131,186.131,186.131
777,T1,BESTEFFORT,MISSED,m1-1,76.255,"{'m1-1': 5.23, 'm2-1': 4.92, 'm3-1': 102.91, 'm4-1': 24.63, 'm5-1': 155.58, 'm6-1': 5.9, 'm7-1': 11.42, 'm8-1': 23.8}",0.18599999999999284,186.131,inf,186.255,186.255,186.255
778,T2,BESTEFFORT,MISSED,m6-1,76.39,"{'m1-1': 4.88, 'm2-1': 5.72, 'm3-1': 107.46, 'm4-1': 29.57, 'm5-1': 158.2, 'm6-1': 5.28, 'm7-1': 9.67, 'm8-1': 26.59}",0.5010000000000048,186.05599999999998,inf,186.39,186.39,186.39
779,T5,BESTEFFORT,MISSED,m6-1,76.423,"{'m1-1': 5.15, 'm2-1': 4.74, 'm3-1': 96.86, 'm4-1': 25.21, 'm5-1': 161.49, 'm6-1': 5.26, 'm7-1': 10.87, 'm8-1': 25.08}",0.04950000000002319,186.39,inf,186.423,186.423,186.423
780,T6,BESTEFFORT,MISSED,m2-1,76.694,"{'m1-1': 5.54, 'm2-1': 5.42, 'm3-1': 110.92, 'm4-1': 25.9, 'm5-1': 145.65, 'm6-1': 5.24, 'm7-1': 10.66, 'm8-1': 26.45}",1.092000000000013,185.966,inf,186.69400000000002,186.69400000000002,186.69400000000002
781,T1,BESTEFFORT,MISSED,m6-1,76.73,"{'m1-1': 5.07, 'm2-1': 4.93, 'm3-1': 98.19, 'm4-1': 27.62, 'm5-1': 144.47, 'm6-1': 5.88, 'm7-1': 10.19, 'm8-1': 23.49}",0.46050000000002456,186.423,inf,186.73000000000002,186.73000000000002,186.73000000000002
782,T9,BESTEFFORT,MISSED,m2-1,76.81,"{'m1-1': 5.65, 'm2-1': 4.91, 'm3-1': 115.93, 'm4-1': 24.08, 'm5-1': 152.69, 'm6-1': 5.15, 'm7-1': 10.66, 'm8-1': 28.51}",0.17399999999997817,186.69400000000002,inf,186.81,186.81,186.81
783,T10,BESTEFFORT,MISSED,m6-1,77.039,"{'m1-1': 5.0, 'm2-1': 5.56, 'm3-1': 98.11, 'm4-1': 25.74, 'm5-1': 149.94, 'm6-1': 5.07, 'm7-1': 9.98, 'm8-1': 25.1}",0.4634999999999536,186.73000000000002,inf,187.039,187.039,187.039
784,T8,BESTEFFORT,MISSED,m2-1,77.142,"{'m1-1': 5.53, 'm2-1': 5.3, 'm3-1': 111.0, 'm4-1': 28.95, 'm5-1': 167.23, 'm6-1': 5.29, 'm7-1': 10.78, 'm8-1': 25.56}",0.49799999999999045,186.81,inf,187.142,187.142,187.142
785,T8,BESTEFFORT,MISSED,m2-1,77.155,"{'m1-1': 5.23, 'm2-1': 5.25, 'm3-1': 113.85, 'm4-1': 27.86, 'm5-1': 161.38, 'm6-1': 4.76, 'm7-1': 10.21, 'm8-1': 25.06}",0.019500000000007844,187.142,inf,187.155,187.155,187.155
786,T7,BESTEFFORT,MISSED,m1-1,77.222,"{'m1-1': 4.61, 'm2-1': 4.96, 'm3-1': 104.46, 'm4-1': 27.02, 'm5-1': 163.66, 'm6-1': 5.16, 'm7-1': 10.12, 'm8-1': 26.26}",1.4504999999999768,186.255,inf,187.22199999999998,187.22199999999998,187.22199999999998
787,T10,BESTEFFORT,MISSED,m6-1,77.302,"{'m1-1': 5.24, 'm2-1': 5.05, 'm3-1': 109.24, 'm4-1': 27.99, 'm5-1': 156.8, 'm6-1': 5.16, 'm7-1': 10.11, 'm8-1': 26.87}",0.3945000000000505,187.039,inf,187.30200000000002,187.30200000000002,187.30200000000002
788,T4,BESTEFFORT,MISSED,m1-1,77.399,"{'m1-1': 5.44, 'm2-1': 5.24, 'm3-1': 97.15, 'm4-1': 25.87, 'm5-1': 156.38, 'm6-1': 5.81, 'm7-1': 11.43, 'm8-1': 24.81}",0.2655000000000314,187.22199999999998,inf,187.399,187.399,187.399
789,T5,BESTEFFORT,MISSED,m2-1,77.451,"{'m1-1': 5.83, 'm2-1': 5.57, 'm3-1': 106.2, 'm4-1': 25.52, 'm5-1': 145.23, 'm6-1': 5.49, 'm7-1': 10.93, 'm8-1': 26.38}",0.4439999999999884,187.155,inf,187.451,187.451,187.451
790,T1,BESTEFFORT,MISSED,m6-1,77.454,"{'m1-1': 5.16, 'm2-1': 5.07, 'm3-1': 108.5, 'm4-1': 23.89, 'm5-1': 156.26, 'm6-1': 5.77, 'm7-1': 10.14, 'm8-1': 26.44}",0.22799999999998022,187.30200000000002,inf,187.454,187.454,187.454
791,T5,BESTEFFORT,MISSED,m6-1,77.481,"{'m1-1': 5.07, 'm2-1': 4.92, 'm3-1': 108.18, 'm4-1': 23.57, 'm5-1': 138.41, 'm6-1': 5.31, 'm7-1': 10.04, 'm8-1': 24.12}",0.04049999999998022,187.454,inf,187.481,187.481,187.481
792,T5,BESTEFFORT,MISSED,m2-1,77.61,"{'m1-1': 5.53, 'm2-1': 5.54, 'm3-1': 100.88, 'm4-1': 23.5, 'm5-1': 140.7, 'm6-1': 5.41, 'm7-1': 10.16, 'm8-1': 26.49}",0.23850000000003035,187.451,inf,187.61,187.61,187.61
793,T1,BESTEFFORT,MISSED,m2-1,77.684,"{'m1-1': 5.29, 'm2-1': 5.6, 'm3-1': 104.31, 'm4-1': 24.33, 'm5-1': 152.85, 'm6-1': 5.66, 'm7-1': 10.09, 'm8-1': 26.94}",0.11099999999997578,187.61,inf,187.684,187.684,187.684
794,T1,BESTEFFORT,MISSED,m2-1,77.831,"{'m1-1': 5.92, 'm2-1': 5.08, 'm3-1': 102.15, 'm4-1': 26.47, 'm5-1': 141.42, 'm6-1': 5.2, 'm7-1': 11.15, 'm8-1': 25.61}",0.22050000000002967,187.684,inf,187.83100000000002,187.83100000000002,187.83100000000002
795,T10,BESTEFFORT,MISSED,m1-1,78.076,"{'m1-1': 5.25, 'm2-1': 5.02, 'm3-1': 98.13, 'm4-1': 26.6, 'm5-1': 168.96, 'm6-1': 5.11, 'm7-1': 11.71, 'm8-1': 24.72}",1.0154999999999887,187.399,inf,188.076,188.076,188.076
796,T4,BESTEFFORT,MISSED,m1-1,78.456,"{'m1-1': 5.39, 'm2-1': 5.54, 'm3-1': 110.37, 'm4-1': 29.13, 'm5-1': 165.22, 'm6-1': 5.46, 'm7-1': 11.5, 'm8-1': 24.55}",0.5700000000000358,188.076,inf,188.45600000000002,188.45600000000002,188.45600000000002
797,T6,BESTEFFORT,MISSED,m6-1,78.509,"{'m1-1': 4.71, 'm2-1': 5.24, 'm3-1': 101.58, 'm4-1': 25.45, 'm5-1': 162.32, 'm6-1': 5.1, 'm7-1': 11.2, 'm8-1': 24.96}",1.54200000000003,187.481,inf,188.50900000000001,188.50900000000001,188.50900000000001
798,T5,BESTEFFORT,MISSED,m6-1,78.66,"{'m1-1': 5.14, 'm2-1': 5.34, 'm3-1': 104.75, 'm4-1': 27.13, 'm5-1': 145.57, 'm6-1': 4.64, 'm7-1': 10.94, 'm8-1': 25.98}",0.22649999999997306,188.50900000000001,inf,188.66,188.66,188.66
799,T3,BESTEFFORT,MISSED,m6-1,78.661,"{'m1-1': 5.2, 'm2-1': 5.09, 'm3-1': 106.66, 'm4-1': 24.89, 'm5-1': 155.86, 'm6-1': 5.7, 'm7-1': 9.96, 'm8-1': 26.05}",0.0015000000000071623,188.66,inf,188.661,188.661,188.661
800,T3,BESTEFFORT,MISSED,m6-1,79.022,"{'m1-1': 5.35, 'm2-1': 5.14, 'm3-1': 94.51, 'm4-1': 24.31, 'm5-1': 149.04, 'm6-1': 5.86, 'm7-1': 10.88, 'm8-1': 27.22}",0.541499999999985,188.661,inf,189.022,189.022,189.022
801,T4,BESTEFFORT,MISSED,m1-1,79.124,"{'m1-1': 5.18, 'm2-1': 5.23, 'm3-1': 109.43, 'm4-1': 26.48, 'm5-1': 168.59, 'm6-1': 5.33, 'm7-1': 10.78, 'm8-1': 27.81}",1.001999999999967,188.45600000000002,inf,189.124,189.124,189.124
802,T6,BESTEFFORT,MISSED,m1-1,79.2,"{'m1-1': 5.34, 'm2-1': 5.12, 'm3-1': 111.6, 'm4-1': 25.89, 'm5-1': 145.37, 'm6-1': 5.58, 'm7-1': 11.59, 'm8-1': 27.44}",0.11399999999999011,189.124,inf,189.2,189.2,189.2
803,T3,BESTEFFORT,MISSED,m1-1,79.576,"{'m1-1': 5.72, 'm2-1': 5.26, 'm3-1': 103.96, 'm4-1': 27.25, 'm5-1': 148.9, 'm6-1': 5.92, 'm7-1': 10.11, 'm8-1': 24.93}",0.5640000000000072,189.2,inf,189.576,189.576,189.576
804,T4,BESTEFFORT,MISSED,m1-1,79.579,"{'m1-1': 4.68, 'm2-1': 5.82, 'm3-1': 97.98, 'm4-1': 28.7, 'm5-1': 170.03, 'm6-1': 5.02, 'm7-1': 9.76, 'm8-1': 28.35}",0.004500000000021487,189.576,inf,189.579,189.579,189.579
805,T5,BESTEFFORT,MISSED,m6-1,79.584,"{'m1-1': 5.05, 'm2-1': 5.58, 'm3-1': 105.64, 'm4-1': 23.56, 'm5-1': 140.82, 'm6-1': 4.62, 'm7-1': 10.45, 'm8-1': 24.08}",0.8430000000000177,189.022,inf,189.584,189.584,189.584
806,T10,BESTEFFORT,MISSED,m6-1,79.794,"{'m1-1': 4.87, 'm2-1': 5.68, 'm3-1': 94.6, 'm4-1': 29.1, 'm5-1': 157.99, 'm6-1': 5.56, 'm7-1': 10.58, 'm8-1': 24.31}",0.3149999999999693,189.584,inf,189.79399999999998,189.79399999999998,189.79399999999998
807,T4,BESTEFFORT,MISSED,m2-1,79.841,"{'m1-1': 5.07, 'm2-1': 5.71, 'm3-1': 95.83, 'm4-1': 24.84, 'm5-1': 158.75, 'm6-1': 5.7, 'm7-1': 11.14, 'm8-1': 26.38}",3.0149999999999864,187.83100000000002,inf,189.841,189.841,189.841
808,T6,BESTEFFORT,MISSED,m6-1,79.862,"{'m1-1': 5.2, 'm2-1': 4.89, 'm3-1': 109.16, 'm4-1': 26.33, 'm5-1': 145.76, 'm6-1': 5.64, 'm7-1': 10.71, 'm8-1': 25.51}",0.10200000000001808,189.79399999999998,inf,189.862,189.862,189.862
809,T4,BESTEFFORT,MISSED,m1-1,80.026,"{'m1-1': 4.69, 'm2-1': 5.3, 'm3-1': 100.91, 'm4-1': 25.13, 'm5-1': 162.88, 'm6-1': 5.14, 'm7-1': 10.11, 'm8-1': 28.35}",0.6705000000000041,189.579,inf,190.026,190.026,190.026
810,T9,BESTEFFORT,MISSED,m2-1,80.075,"{'m1-1': 5.21, 'm2-1': 5.48, 'm3-1': 105.89, 'm4-1': 25.96, 'm5-1': 153.33, 'm6-1': 5.17, 'm7-1': 9.59, 'm8-1': 28.91}",0.35099999999997067,189.841,inf,190.075,190.075,190.075
811,T3,BESTEFFORT,MISSED,m6-1,80.225,"{'m1-1': 4.9, 'm2-1': 5.13, 'm3-1': 94.66, 'm4-1': 27.44, 'm5-1': 148.33, 'm6-1': 5.82, 'm7-1': 9.4, 'm8-1': 24.83}",0.5444999999999993,189.862,inf,190.225,190.225,190.225
812,T6,BESTEFFORT,MISSED,m1-1,80.225,"{'m1-1': 5.2, 'm2-1': 4.92, 'm3-1': 98.11, 'm4-1': 25.13, 'm5-1': 153.44, 'm6-1': 5.55, 'm7-1': 11.86, 'm8-1': 24.42}",0.2984999999999758,190.026,inf,190.225,190.225,190.225
813,T4,BESTEFFORT,MISSED,m2-1,80.317,"{'m1-1': 5.26, 'm2-1': 5.34, 'm3-1': 105.54, 'm4-1': 27.72, 'm5-1': 155.13, 'm6-1': 5.16, 'm7-1': 10.35, 'm8-1': 26.68}",0.36300000000002797,190.075,inf,190.317,190.317,190.317
814,T8,BESTEFFORT,MISSED,m6-1,80.44,"{'m1-1': 5.6, 'm2-1': 5.79, 'm3-1': 108.92, 'm4-1': 28.78, 'm5-1': 169.72, 'm6-1': 5.06, 'm7-1': 10.99, 'm8-1': 27.95}",0.3225000000000051,190.225,inf,190.44,190.44,190.44
815,T2,BESTEFFORT,MISSED,m1-1,80.475,"{'m1-1': 5.24, 'm2-1': 5.14, 'm3-1': 96.28, 'm4-1': 25.23, 'm5-1': 150.07, 'm6-1': 5.92, 'm7-1': 11.24, 'm8-1': 26.42}",0.375,190.225,inf,190.475,190.475,190.475
816,T7,BESTEFFORT,MISSED,m2-1,80.661,"{'m1-1': 5.38, 'm2-1': 5.54, 'm3-1': 109.19, 'm4-1': 25.69, 'm5-1': 141.62, 'm6-1': 5.44, 'm7-1': 9.97, 'm8-1': 28.92}",0.5159999999999911,190.317,inf,190.661,190.661,190.661
817,T10,BESTEFFORT,MISSED,m1-1,80.695,"{'m1-1': 5.54, 'm2-1': 5.03, 'm3-1': 101.08, 'm4-1': 29.53, 'm5-1': 168.83, 'm6-1': 4.92, 'm7-1': 10.77, 'm8-1': 25.3}",0.3299999999999983,190.475,inf,190.695,190.695,190.695
818,T7,BESTEFFORT,MISSED,m2-1,80.715,"{'m1-1': 5.22, 'm2-1': 5.22, 'm3-1': 105.39, 'm4-1': 23.63, 'm5-1': 148.42, 'm6-1': 5.76, 'm7-1': 11.7, 'm8-1': 28.32}",0.08100000000000307,190.661,inf,190.715,190.715,190.715
819,T10,BESTEFFORT,MISSED,m6-1,80.81,"{'m1-1': 5.05, 'm2-1': 5.25, 'm3-1': 93.17, 'm4-1': 25.93, 'm5-1': 167.86, 'm6-1': 5.68, 'm7-1': 10.76, 'm8-1': 27.34}",0.5550000000000068,190.44,inf,190.81,190.81,190.81
820,T5,BESTEFFORT,MISSED,m2-1,81.158,"{'m1-1': 5.85, 'm2-1': 4.9, 'm3-1': 106.4, 'm4-1': 23.38, 'm5-1': 141.3, 'm6-1': 5.35, 'm7-1': 10.08, 'm8-1': 26.05}",0.6645000000000181,190.715,inf,191.15800000000002,191.15800000000002,191.15800000000002
821,T6,BESTEFFORT,MISSED,m1-1,81.227,"{'m1-1': 5.05, 'm2-1': 5.29, 'm3-1': 98.3, 'm4-1': 26.91, 'm5-1': 154.01, 'm6-1': 5.7, 'm7-1': 11.49, 'm8-1': 25.68}",0.798000000000016,190.695,inf,191.227,191.227,191.227
822,T9,BESTEFFORT,MISSED,m6-1,81.645,"{'m1-1': 5.1, 'm2-1': 5.04, 'm3-1': 108.86, 'm4-1': 27.22, 'm5-1': 143.57, 'm6-1': 5.29, 'm7-1': 9.63, 'm8-1': 28.46}",1.2524999999999693,190.81,inf,191.64499999999998,191.64499999999998,191.64499999999998
823,T7,BESTEFFORT,MISSED,m1-1,81.659,"{'m1-1': 4.86, 'm2-1': 5.31, 'm3-1': 106.77, 'm4-1': 25.68, 'm5-1': 139.98, 'm6-1': 5.64, 'm7-1': 11.66, 'm8-1': 25.17}",0.6479999999999819,191.227,inf,191.659,191.659,191.659
824,T4,BESTEFFORT,MISSED,m2-1,81.668,"{'m1-1': 5.0, 'm2-1': 5.2, 'm3-1': 102.32, 'm4-1': 26.17, 'm5-1': 146.09, 'm6-1': 5.78, 'm7-1': 10.2, 'm8-1': 26.52}",0.7649999999999864,191.15800000000002,inf,191.668,191.668,191.668
825,T5,BESTEFFORT,MISSED,m1-1,81.968,"{'m1-1': 5.7, 'm2-1': 4.8, 'm3-1': 107.68, 'm4-1': 24.2, 'm5-1': 162.05, 'm6-1': 5.21, 'm7-1': 9.78, 'm8-1': 25.47}",0.4635000000000389,191.659,inf,191.96800000000002,191.96800000000002,191.96800000000002
826,T9,BESTEFFORT,MISSED,m6-1,82.099,"{'m1-1': 5.07, 'm2-1': 4.91, 'm3-1': 114.55, 'm4-1': 24.61, 'm5-1': 156.14, 'm6-1': 4.72, 'm7-1': 10.42, 'm8-1': 28.35}",0.6810000000000116,191.64499999999998,inf,192.099,192.099,192.099
827,T4,BESTEFFORT,MISSED,m1-1,82.101,"{'m1-1': 5.55, 'm2-1': 5.24, 'm3-1': 104.57, 'm4-1': 28.27, 'm5-1': 161.4, 'm6-1': 5.91, 'm7-1': 10.24, 'm8-1': 24.94}",0.19949999999997203,191.96800000000002,inf,192.101,192.101,192.101
828,T4,BESTEFFORT,MISSED,m1-1,82.558,"{'m1-1': 5.33, 'm2-1': 5.78, 'm3-1': 95.8, 'm4-1': 26.93, 'm5-1': 146.94, 'm6-1': 5.53, 'm7-1': 9.9, 'm8-1': 27.64}",0.6854999999999905,192.101,inf,192.558,192.558,192.558
829,T8,BESTEFFORT,MISSED,m6-1,82.585,"{'m1-1': 5.81, 'm2-1': 4.9, 'm3-1': 106.19, 'm4-1': 24.97, 'm5-1': 153.41, 'm6-1': 4.83, 'm7-1': 10.97, 'm8-1': 27.81}",0.728999999999985,192.099,inf,192.58499999999998,192.58499999999998,192.58499999999998
830,T8,BESTEFFORT,MISSED,m6-1,82.676,"{'m1-1': 5.13, 'm2-1': 5.76, 'm3-1': 104.46, 'm4-1': 28.82, 'm5-1': 155.81, 'm6-1': 5.29, 'm7-1': 10.68, 'm8-1': 26.99}",0.13650000000001228,192.58499999999998,inf,192.676,192.676,192.676
831,T3,BESTEFFORT,MISSED,m1-1,82.724,"{'m1-1': 4.9, 'm2-1': 5.66, 'm3-1': 110.53, 'm4-1': 25.2, 'm5-1': 142.89, 'm6-1': 5.6, 'm7-1': 10.42, 'm8-1': 25.11}",0.24899999999999523,192.558,inf,192.724,192.724,192.724
832,T9,BESTEFFORT,MISSED,m6-1,83.084,"{'m1-1': 5.11, 'm2-1': 5.05, 'm3-1': 109.45, 'm4-1': 27.14, 'm5-1': 162.75, 'm6-1': 5.31, 'm7-1': 10.26, 'm8-1': 26.25}",0.6120000000000232,192.676,inf,193.084,193.084,193.084
833,T2,BESTEFFORT,MISSED,m6-1,83.566,"{'m1-1': 5.33, 'm2-1': 5.13, 'm3-1': 102.12, 'm4-1': 27.75, 'm5-1': 152.5, 'm6-1': 5.65, 'm7-1': 10.36, 'm8-1': 29.16}",0.722999999999999,193.084,inf,193.566,193.566,193.566
834,T3,BESTEFFORT,MISSED,m1-1,83.603,"{'m1-1': 5.06, 'm2-1': 5.2, 'm3-1': 101.8, 'm4-1': 24.76, 'm5-1': 150.0, 'm6-1': 5.68, 'm7-1': 10.8, 'm8-1': 23.29}",1.3185000000000286,192.724,inf,193.603,193.603,193.603
835,T6,BESTEFFORT,MISSED,m2-1,83.626,"{'m1-1': 4.82, 'm2-1': 5.08, 'm3-1': 107.32, 'm4-1': 27.68, 'm5-1': 141.93, 'm6-1': 4.93, 'm7-1': 11.71, 'm8-1': 24.4}",2.9369999999999976,191.668,inf,193.626,193.626,193.626
836,T2,BESTEFFORT,MISSED,m2-1,83.704,"{'m1-1': 5.39, 'm2-1': 5.16, 'm3-1': 106.86, 'm4-1': 27.98, 'm5-1': 158.59, 'm6-1': 5.7, 'm7-1': 10.29, 'm8-1': 28.6}",0.11700000000000443,193.626,inf,193.704,193.704,193.704
837,T7,BESTEFFORT,MISSED,m1-1,83.741,"{'m1-1': 4.8, 'm2-1': 4.87, 'm3-1': 111.94, 'm4-1': 24.11, 'm5-1': 154.68, 'm6-1': 5.16, 'm7-1': 9.98, 'm8-1': 28.16}",0.2069999999999652,193.603,inf,193.74099999999999,193.74099999999999,193.74099999999999
838,T4,BESTEFFORT,MISSED,m6-1,83.76,"{'m1-1': 5.26, 'm2-1': 5.08, 'm3-1': 106.08, 'm4-1': 27.34, 'm5-1': 157.04, 'm6-1': 5.92, 'm7-1': 10.69, 'm8-1': 25.83}",0.2909999999999826,193.566,inf,193.76,193.76,193.76
839,T10,BESTEFFORT,MISSED,m2-1,83.877,"{'m1-1': 5.4, 'm2-1': 5.46, 'm3-1': 98.26, 'm4-1': 27.2, 'm5-1': 170.28, 'm6-1': 5.69, 'm7-1': 11.58, 'm8-1': 27.03}",0.25950000000000273,193.704,inf,193.877,193.877,193.877
840,T10,BESTEFFORT,MISSED,m1-1,83.956,"{'m1-1': 5.23, 'm2-1': 4.89, 'm3-1': 101.3, 'm4-1': 27.26, 'm5-1': 160.31, 'm6-1': 5.22, 'm7-1': 10.48, 'm8-1': 27.91}",0.32250000000004775,193.74099999999999,inf,193.95600000000002,193.95600000000002,193.95600000000002
841,T2,BESTEFFORT,MISSED,m1-1,84.014,"{'m1-1': 5.28, 'm2-1': 5.67, 'm3-1': 108.25, 'm4-1': 28.41, 'm5-1': 153.97, 'm6-1': 5.44, 'm7-1': 9.47, 'm8-1': 29.16}",0.08699999999998909,193.95600000000002,inf,194.014,194.014,194.014
842,T10,BESTEFFORT,MISSED,m1-1,84.028,"{'m1-1': 5.35, 'm2-1': 5.44, 'm3-1': 96.46, 'm4-1': 26.98, 'm5-1': 171.91, 'm6-1': 5.54, 'm7-1': 10.72, 'm8-1': 28.48}",0.021000000000015007,194.014,inf,194.02800000000002,194.02800000000002,194.02800000000002
843,T9,BESTEFFORT,MISSED,m2-1,84.203,"{'m1-1': 5.56, 'm2-1': 5.54, 'm3-1': 105.27, 'm4-1': 25.39, 'm5-1': 161.62, 'm6-1': 5.44, 'm7-1': 11.07, 'm8-1': 27.64}",0.4889999999999901,193.877,inf,194.203,194.203,194.203
844,T5,BESTEFFORT,MISSED,m6-1,84.244,"{'m1-1': 4.95, 'm2-1': 5.47, 'm3-1': 99.8, 'm4-1': 27.06, 'm5-1': 145.56, 'm6-1': 5.07, 'm7-1': 9.97, 'm8-1': 23.31}",0.7260000000000133,193.76,inf,194.244,194.244,194.244
845,T7,BESTEFFORT,MISSED,m1-1,84.257,"{'m1-1': 5.33, 'm2-1': 5.0, 'm3-1': 113.51, 'm4-1': 25.46, 'm5-1': 161.91, 'm6-1': 5.3, 'm7-1': 10.6, 'm8-1': 28.75}",0.3434999999999775,194.02800000000002,inf,194.257,194.257,194.257
846,T3,BESTEFFORT,MISSED,m1-1,84.348,"{'m1-1': 5.06, 'm2-1': 5.53, 'm3-1': 94.8, 'm4-1': 26.34, 'm5-1': 147.39, 'm6-1': 5.88, 'm7-1': 9.4, 'm8-1': 23.36}",0.13650000000001228,194.257,inf,194.348,194.348,194.348
847,T9,BESTEFFORT,MISSED,m1-1,84.362,"{'m1-1': 5.72, 'm2-1': 5.42, 'm3-1': 97.98, 'm4-1': 26.71, 'm5-1': 160.41, 'm6-1': 5.2, 'm7-1': 11.14, 'm8-1': 29.28}",0.020999999999972374,194.348,inf,194.362,194.362,194.362
848,T8,BESTEFFORT,MISSED,m6-1,84.614,"{'m1-1': 5.6, 'm2-1': 4.92, 'm3-1': 101.09, 'm4-1': 26.84, 'm5-1': 156.56, 'm6-1': 5.27, 'm7-1': 9.97, 'm8-1': 29.01}",0.5550000000000068,194.244,inf,194.614,194.614,194.614
849,T3,BESTEFFORT,MISSED,m1-1,84.629,"{'m1-1': 5.48, 'm2-1': 5.38, 'm3-1': 101.8, 'm4-1': 26.23, 'm5-1': 137.98, 'm6-1': 5.82, 'm7-1': 10.81, 'm8-1': 23.37}",0.4005000000000365,194.362,inf,194.62900000000002,194.62900000000002,194.62900000000002
850,T4,BESTEFFORT,MISSED,m1-1,84.681,"{'m1-1': 4.75, 'm2-1': 5.3, 'm3-1': 105.48, 'm4-1': 28.5, 'm5-1': 146.36, 'm6-1': 5.91, 'm7-1': 11.38, 'm8-1': 28.48}",0.07799999999994611,194.62900000000002,inf,194.68099999999998,194.68099999999998,194.68099999999998
851,T5,BESTEFFORT,MISSED,m2-1,84.682,"{'m1-1': 5.84, 'm2-1': 5.38, 'm3-1': 108.91, 'm4-1': 26.63, 'm5-1': 149.28, 'm6-1': 4.94, 'm7-1': 10.91, 'm8-1': 27.1}",0.7185000000000201,194.203,inf,194.68200000000002,194.68200000000002,194.68200000000002
852,T4,BESTEFFORT,MISSED,m6-1,84.72,"{'m1-1': 5.01, 'm2-1': 5.52, 'm3-1': 105.29, 'm4-1': 28.68, 'm5-1': 155.17, 'm6-1': 5.96, 'm7-1': 11.3, 'm8-1': 26.42}",0.15899999999999181,194.614,inf,194.72,194.72,194.72
853,T10,BESTEFFORT,MISSED,m1-1,85.409,"{'m1-1': 5.38, 'm2-1': 5.73, 'm3-1': 95.58, 'm4-1': 25.04, 'm5-1': 150.37, 'm6-1': 5.53, 'm7-1': 11.41, 'm8-1': 25.41}",1.092000000000013,194.68099999999998,inf,195.409,195.409,195.409
854,T6,BESTEFFORT,MISSED,m6-1,85.573,"{'m1-1': 5.04, 'm2-1': 4.97, 'm3-1': 103.39, 'm4-1': 24.74, 'm5-1': 157.24, 'm6-1': 5.13, 'm7-1': 10.41, 'm8-1': 25.6}",1.2794999999999703,194.72,inf,195.57299999999998,195.57299999999998,195.57299999999998
855,T6,BESTEFFORT,MISSED,m1-1,85.635,"{'m1-1': 4.76, 'm2-1': 5.5, 'm3-1': 111.59, 'm4-1': 23.72, 'm5-1': 155.85, 'm6-1': 5.52, 'm7-1': 10.83, 'm8-1': 25.06}",0.33899999999999864,195.409,inf,195.635,195.635,195.635
856,T10,BESTEFFORT,MISSED,m1-1,85.743,"{'m1-1': 5.09, 'm2-1': 4.96, 'm3-1': 99.61, 'm4-1': 26.91, 'm5-1': 173.61, 'm6-1': 5.33, 'm7-1': 10.9, 'm8-1': 25.07}",0.16200000000000614,195.635,inf,195.743,195.743,195.743
857,T2,BESTEFFORT,MISSED,m2-1,85.853,"{'m1-1': 5.18, 'm2-1': 4.98, 'm3-1': 112.68, 'm4-1': 28.27, 'm5-1': 158.27, 'm6-1': 5.44, 'm7-1': 11.1, 'm8-1': 25.72}",1.7564999999999884,194.68200000000002,inf,195.853,195.853,195.853
858,T8,BESTEFFORT,MISSED,m6-1,86.12,"{'m1-1': 5.17, 'm2-1': 5.31, 'm3-1': 108.45, 'm4-1': 24.97, 'm5-1': 153.7, 'm6-1': 5.45, 'm7-1': 11.28, 'm8-1': 29.33}",0.8205000000000382,195.57299999999998,inf,196.12,196.12,196.12
859,T2,BESTEFFORT,MISSED,m1-1,86.162,"{'m1-1': 5.21, 'm2-1': 5.25, 'm3-1': 110.55, 'm4-1': 29.53, 'm5-1': 163.86, 'm6-1': 5.45, 'm7-1': 9.86, 'm8-1': 25.43}",0.6285000000000167,195.743,inf,196.162,196.162,196.162
860,T2,BESTEFFORT,MISSED,m1-1,86.371,"{'m1-1': 5.18, 'm2-1': 5.77, 'm3-1': 103.5, 'm4-1': 27.56, 'm5-1': 155.01, 'm6-1': 5.92, 'm7-1': 10.52, 'm8-1': 26.55}",0.31349999999996214,196.162,inf,196.37099999999998,196.37099999999998,196.37099999999998
861,T4,BESTEFFORT,MISSED,m1-1,86.52,"{'m1-1': 4.69, 'm2-1': 5.22, 'm3-1': 108.54, 'm4-1': 28.26, 'm5-1': 158.22, 'm6-1': 5.59, 'm7-1': 10.25, 'm8-1': 24.85}",0.22350000000000136,196.37099999999998,inf,196.51999999999998,196.51999999999998,196.51999999999998
862,T3,BESTEFFORT,MISSED,m1-1,86.757,"{'m1-1': 5.51, 'm2-1': 5.22, 'm3-1': 97.33, 'm4-1': 24.65, 'm5-1': 138.26, 'm6-1': 5.14, 'm7-1': 9.46, 'm8-1': 23.82}",0.3555000000000348,196.51999999999998,inf,196.757,196.757,196.757
863,T2,BESTEFFORT,MISSED,m1-1,86.921,"{'m1-1': 4.96, 'm2-1': 5.0, 'm3-1': 99.72, 'm4-1': 29.2, 'm5-1': 158.47, 'm6-1': 5.14, 'm7-1': 10.02, 'm8-1': 27.55}",0.2459999999999809,196.757,inf,196.921,196.921,196.921
864,T7,BESTEFFORT,MISSED,m1-1,86.962,"{'m1-1': 5.41, 'm2-1': 5.21, 'm3-1': 110.54, 'm4-1': 27.82, 'm5-1': 147.29, 'm6-1': 5.58, 'm7-1': 10.5, 'm8-1': 28.76}",0.061499999999995225,196.921,inf,196.962,196.962,196.962
865,T3,BESTEFFORT,MISSED,m1-1,87.298,"{'m1-1': 5.3, 'm2-1': 5.41, 'm3-1': 102.33, 'm4-1': 24.78, 'm5-1': 145.96, 'm6-1': 5.84, 'm7-1': 9.7, 'm8-1': 26.38}",0.5040000000000191,196.962,inf,197.298,197.298,197.298
866,T8,BESTEFFORT,MISSED,m6-1,87.865,"{'m1-1': 5.71, 'm2-1': 4.93, 'm3-1': 99.38, 'm4-1': 29.03, 'm5-1': 165.23, 'm6-1': 4.72, 'm7-1': 11.81, 'm8-1': 25.45}",2.617500000000007,196.12,inf,197.865,197.865,197.865
867,T6,BESTEFFORT,MISSED,m2-1,88.007,"{'m1-1': 4.96, 'm2-1': 4.89, 'm3-1': 105.18, 'm4-1': 27.14, 'm5-1': 165.26, 'm6-1': 5.28, 'm7-1': 11.43, 'm8-1': 24.66}",3.2309999999999945,195.853,inf,198.007,198.007,198.007
868,T2,BESTEFFORT,MISSED,m2-1,88.026,"{'m1-1': 5.0, 'm2-1': 5.25, 'm3-1': 111.15, 'm4-1': 29.11, 'm5-1': 157.3, 'm6-1': 5.22, 'm7-1': 10.65, 'm8-1': 28.3}",0.028500000000008185,198.007,inf,198.026,198.026,198.026
869,T6,BESTEFFORT,MISSED,m2-1,88.572,"{'m1-1': 4.85, 'm2-1': 5.12, 'm3-1': 103.7, 'm4-1': 27.74, 'm5-1': 166.5, 'm6-1': 5.27, 'm7-1': 11.0, 'm8-1': 25.74}",0.8189999999999884,198.026,inf,198.572,198.572,198.572
870,T10,BESTEFFORT,MISSED,m2-1,88.647,"{'m1-1': 5.3, 'm2-1': 5.64, 'm3-1': 93.13, 'm4-1': 27.72, 'm5-1': 159.98, 'm6-1': 5.6, 'm7-1': 10.23, 'm8-1': 28.6}",0.11249999999998295,198.572,inf,198.647,198.647,198.647
871,T3,BESTEFFORT,MISSED,m1-1,89.002,"{'m1-1': 5.04, 'm2-1': 5.7, 'm3-1': 101.33, 'm4-1': 27.68, 'm5-1': 155.71, 'm6-1': 5.24, 'm7-1': 9.33, 'm8-1': 24.06}",2.5560000000000116,197.298,inf,199.002,199.002,199.002
872,T7,BESTEFFORT,MISSED,m1-1,89.013,"{'m1-1': 5.25, 'm2-1': 4.96, 'm3-1': 101.89, 'm4-1': 27.79, 'm5-1': 146.26, 'm6-1': 5.49, 'm7-1': 10.74, 'm8-1': 28.2}",0.01649999999999352,199.002,inf,199.013,199.013,199.013
873,T10,BESTEFFORT,MISSED,m1-1,89.3,"{'m1-1': 5.51, 'm2-1': 5.44, 'm3-1': 105.58, 'm4-1': 27.09, 'm5-1': 163.2, 'm6-1': 4.83, 'm7-1': 10.3, 'm8-1': 24.39}",0.4305000000000092,199.013,inf,199.3,199.3,199.3
874,T6,BESTEFFORT,MISSED,m6-1,89.328,"{'m1-1': 5.03, 'm2-1': 5.39, 'm3-1': 107.05, 'm4-1': 25.9, 'm5-1': 147.57, 'm6-1': 5.49, 'm7-1': 11.38, 'm8-1': 27.95}",2.194499999999991,197.865,inf,199.328,199.328,199.328
875,T7,BESTEFFORT,MISSED,m2-1,89.444,"{'m1-1': 5.41, 'm2-1': 5.11, 'm3-1': 105.26, 'm4-1': 27.7, 'm5-1': 159.18, 'm6-1': 5.54, 'm7-1': 11.56, 'm8-1': 28.21}",1.1955000000000382,198.647,inf,199.44400000000002,199.44400000000002,199.44400000000002
876,T6,BESTEFFORT,MISSED,m1-1,89.536,"{'m1-1': 5.51, 'm2-1': 4.87, 'm3-1': 110.4, 'm4-1': 25.04, 'm5-1': 164.31, 'm6-1': 5.4, 'm7-1': 11.1, 'm8-1': 24.94}",0.353999999999985,199.3,inf,199.536,199.536,199.536
877,T4,BESTEFFORT,MISSED,m1-1,89.656,"{'m1-1': 5.55, 'm2-1': 5.31, 'm3-1': 107.36, 'm4-1': 25.01, 'm5-1': 162.23, 'm6-1': 5.18, 'm7-1': 11.52, 'm8-1': 27.81}",0.18000000000000682,199.536,inf,199.656,199.656,199.656
878,T10,BESTEFFORT,MISSED,m2-1,89.79,"{'m1-1': 5.32, 'm2-1': 5.13, 'm3-1': 103.72, 'm4-1': 29.26, 'm5-1': 160.92, 'm6-1': 5.65, 'm7-1': 11.01, 'm8-1': 27.83}",0.5190000000000055,199.44400000000002,inf,199.79000000000002,199.79000000000002,199.79000000000002
879,T6,BESTEFFORT,MISSED,m6-1,89.891,"{'m1-1': 5.32, 'm2-1': 5.57, 'm3-1': 102.14, 'm4-1': 27.81, 'm5-1': 141.94, 'm6-1': 5.0, 'm7-1': 10.33, 'm8-1': 26.33}",0.8445000000000249,199.328,inf,199.89100000000002,199.89100000000002,199.89100000000002
880,T9,BESTEFFORT,MISSED,m1-1,90.147,"{'m1-1': 5.52, 'm2-1': 5.46, 'm3-1': 111.09, 'm4-1': 24.18, 'm5-1': 158.26, 'm6-1': 5.38, 'm7-1': 9.82, 'm8-1': 26.03}",0.7364999999999782,199.656,inf,200.147,200.147,200.147
881,T9,BESTEFFORT,MISSED,m6-1,90.225,"{'m1-1': 5.18, 'm2-1': 5.04, 'm3-1': 101.07, 'm4-1': 26.45, 'm5-1': 150.76, 'm6-1': 4.81, 'm7-1': 11.14, 'm8-1': 29.39}",0.5009999999999621,199.89100000000002,inf,200.225,200.225,200.225
882,T6,BESTEFFORT,MISSED,m2-1,90.247,"{'m1-1': 5.02, 'm2-1': 5.15, 'm3-1': 110.14, 'm4-1': 24.15, 'm5-1': 157.86, 'm6-1': 5.3, 'm7-1': 10.99, 'm8-1': 24.77}",0.6854999999999905,199.79000000000002,inf,200.247,200.247,200.247
883,T9,BESTEFFORT,MISSED,m1-1,90.248,"{'m1-1': 4.97, 'm2-1': 5.59, 'm3-1': 114.83, 'm4-1': 25.65, 'm5-1': 159.86, 'm6-1': 5.3, 'm7-1': 10.34, 'm8-1': 27.3}",0.15149999999999864,200.147,inf,200.248,200.248,200.248
884,T2,BESTEFFORT,MISSED,m1-1,90.569,"{'m1-1': 5.22, 'm2-1': 5.76, 'm3-1': 105.85, 'm4-1': 28.29, 'm5-1': 145.07, 'm6-1': 5.45, 'm7-1': 10.64, 'm8-1': 26.58}",0.48150000000003956,200.248,inf,200.56900000000002,200.56900000000002,200.56900000000002
885,T2,BESTEFFORT,MISSED,m2-1,90.629,"{'m1-1': 5.24, 'm2-1': 5.05, 'm3-1': 113.97, 'm4-1': 25.28, 'm5-1': 169.08, 'm6-1': 5.64, 'm7-1': 10.29, 'm8-1': 27.46}",0.5730000000000075,200.247,inf,200.62900000000002,200.62900000000002,200.62900000000002
886,T8,BESTEFFORT,MISSED,m1-1,90.647,"{'m1-1': 5.44, 'm2-1': 5.68, 'm3-1': 99.88, 'm4-1': 24.75, 'm5-1': 172.68, 'm6-1': 5.46, 'm7-1': 10.23, 'm8-1': 27.42}",0.1169999999999618,200.56900000000002,inf,200.647,200.647,200.647
887,T9,BESTEFFORT,MISSED,m1-1,90.655,"{'m1-1': 5.68, 'm2-1': 5.06, 'm3-1': 100.91, 'm4-1': 26.82, 'm5-1': 155.53, 'm6-1': 5.2, 'm7-1': 11.08, 'm8-1': 28.38}",0.012000000000014666,200.647,inf,200.655,200.655,200.655
888,T5,BESTEFFORT,MISSED,m2-1,90.958,"{'m1-1': 5.45, 'm2-1': 4.72, 'm3-1': 96.2, 'm4-1': 23.47, 'm5-1': 142.34, 'm6-1': 5.34, 'm7-1': 10.58, 'm8-1': 26.83}",0.49349999999996896,200.62900000000002,inf,200.958,200.958,200.958
889,T5,BESTEFFORT,MISSED,m2-1,90.997,"{'m1-1': 5.78, 'm2-1': 5.33, 'm3-1': 99.01, 'm4-1': 24.82, 'm5-1': 148.7, 'm6-1': 5.07, 'm7-1': 10.62, 'm8-1': 24.48}",0.05850000000002353,200.958,inf,200.997,200.997,200.997
890,T10,BESTEFFORT,MISSED,m6-1,91.216,"{'m1-1': 5.03, 'm2-1': 5.7, 'm3-1': 95.87, 'm4-1': 26.69, 'm5-1': 165.5, 'm6-1': 5.26, 'm7-1': 10.72, 'm8-1': 26.1}",1.4865000000000208,200.225,inf,201.216,201.216,201.216
891,T5,BESTEFFORT,MISSED,m6-1,91.218,"{'m1-1': 4.93, 'm2-1': 5.41, 'm3-1': 95.43, 'm4-1': 25.1, 'm5-1': 138.73, 'm6-1': 4.78, 'm7-1': 9.43, 'm8-1': 25.83}",0.0030000000000143245,201.216,inf,201.21800000000002,201.21800000000002,201.21800000000002
892,T10,BESTEFFORT,MISSED,m2-1,91.295,"{'m1-1': 5.21, 'm2-1': 5.4, 'm3-1': 100.84, 'm4-1': 27.76, 'm5-1': 172.72, 'm6-1': 5.09, 'm7-1': 11.13, 'm8-1': 25.3}",0.44700000000000273,200.997,inf,201.29500000000002,201.29500000000002,201.29500000000002
893,T9,BESTEFFORT,MISSED,m2-1,91.393,"{'m1-1': 5.11, 'm2-1': 5.61, 'm3-1': 109.89, 'm4-1': 25.36, 'm5-1': 150.82, 'm6-1': 5.53, 'm7-1': 10.44, 'm8-1': 25.08}",0.14699999999997715,201.29500000000002,inf,201.393,201.393,201.393
894,T9,BESTEFFORT,MISSED,m6-1,91.453,"{'m1-1': 5.78, 'm2-1': 5.07, 'm3-1': 99.45, 'm4-1': 24.2, 'm5-1': 155.84, 'm6-1': 4.72, 'm7-1': 11.34, 'm8-1': 25.85}",0.35249999999997783,201.21800000000002,inf,201.453,201.453,201.453
895,T8,BESTEFFORT,MISSED,m2-1,91.465,"{'m1-1': 5.31, 'm2-1': 4.95, 'm3-1': 100.61, 'm4-1': 24.77, 'm5-1': 176.89, 'm6-1': 5.56, 'm7-1': 11.24, 'm8-1': 28.3}",0.10800000000000409,201.393,inf,201.465,201.465,201.465
896,T7,BESTEFFORT,MISSED,m2-1,91.494,"{'m1-1': 4.68, 'm2-1': 5.23, 'm3-1': 114.7, 'm4-1': 24.44, 'm5-1': 140.34, 'm6-1': 4.96, 'm7-1': 10.19, 'm8-1': 28.58}",0.04349999999999454,201.465,inf,201.494,201.494,201.494
897,T7,BESTEFFORT,MISSED,m1-1,91.613,"{'m1-1': 4.87, 'm2-1': 5.34, 'm3-1': 108.66, 'm4-1': 25.2, 'm5-1': 152.6, 'm6-1': 5.52, 'm7-1': 10.28, 'm8-1': 26.53}",1.4369999999999976,200.655,inf,201.613,201.613,201.613
898,T8,BESTEFFORT,MISSED,m6-1,91.668,"{'m1-1': 5.74, 'm2-1': 5.3, 'm3-1': 114.24, 'm4-1': 27.06, 'm5-1': 177.1, 'm6-1': 5.32, 'm7-1': 11.58, 'm8-1': 24.93}",0.3225000000000051,201.453,inf,201.668,201.668,201.668
899,T2,BESTEFFORT,MISSED,m1-1,91.736,"{'m1-1': 5.25, 'm2-1': 5.25, 'm3-1': 107.41, 'm4-1': 29.04, 'm5-1': 150.34, 'm6-1': 5.24, 'm7-1': 11.09, 'm8-1': 26.58}",0.18449999999998568,201.613,inf,201.736,201.736,201.736
900,T7,BESTEFFORT,MISSED,m6-1,91.943,"{'m1-1': 4.89, 'm2-1': 4.82, 'm3-1': 109.75, 'm4-1': 26.65, 'm5-1': 155.32, 'm6-1': 5.27, 'm7-1': 10.07, 'm8-1': 25.75}",0.4124999999999659,201.668,inf,201.94299999999998,201.94299999999998,201.94299999999998
901,T6,BESTEFFORT,MISSED,m2-1,91.977,"{'m1-1': 5.46, 'm2-1': 4.86, 'm3-1': 104.51, 'm4-1': 25.59, 'm5-1': 142.47, 'm6-1': 5.11, 'm7-1': 10.67, 'm8-1': 27.1}",0.7245000000000061,201.494,inf,201.977,201.977,201.977
902,T4,BESTEFFORT,MISSED,m6-1,92.033,"{'m1-1': 5.36, 'm2-1': 5.52, 'm3-1': 103.42, 'm4-1': 29.32, 'm5-1': 151.19, 'm6-1': 5.66, 'm7-1': 10.07, 'm8-1': 27.94}",0.13500000000004775,201.94299999999998,inf,202.03300000000002,202.03300000000002,202.03300000000002
903,T8,BESTEFFORT,MISSED,m2-1,92.156,"{'m1-1': 5.45, 'm2-1': 4.99, 'm3-1': 108.26, 'm4-1': 25.56, 'm5-1': 176.63, 'm6-1': 5.56, 'm7-1': 10.18, 'm8-1': 25.06}",0.26850000000000307,201.977,inf,202.156,202.156,202.156
904,T7,BESTEFFORT,MISSED,m1-1,92.4,"{'m1-1': 5.24, 'm2-1': 5.12, 'm3-1': 105.61, 'm4-1': 25.56, 'm5-1': 152.78, 'm6-1': 5.5, 'm7-1': 11.47, 'm8-1': 29.08}",0.9960000000000235,201.736,inf,202.4,202.4,202.4
905,T7,BESTEFFORT,MISSED,m1-1,92.488,"{'m1-1': 5.08, 'm2-1': 5.64, 'm3-1': 104.44, 'm4-1': 24.77, 'm5-1': 153.58, 'm6-1': 5.79, 'm7-1': 11.76, 'm8-1': 25.23}",0.1319999999999908,202.4,inf,202.488,202.488,202.488
906,T6,BESTEFFORT,MISSED,m1-1,92.553,"{'m1-1': 5.38, 'm2-1': 5.13, 'm3-1': 96.2, 'm4-1': 27.26, 'm5-1': 156.05, 'm6-1': 5.27, 'm7-1': 10.88, 'm8-1': 27.56}",0.09749999999999659,202.488,inf,202.553,202.553,202.553
907,T2,BESTEFFORT,MISSED,m2-1,92.556,"{'m1-1': 4.93, 'm2-1': 4.89, 'm3-1': 111.53, 'm4-1': 26.05, 'm5-1': 147.15, 'm6-1': 5.88, 'm7-1': 9.83, 'm8-1': 24.97}",0.5999999999999659,202.156,inf,202.55599999999998,202.55599999999998,202.55599999999998
908,T4,BESTEFFORT,MISSED,m1-1,92.767,"{'m1-1': 4.72, 'm2-1': 5.44, 'm3-1': 110.38, 'm4-1': 29.06, 'm5-1': 154.08, 'm6-1': 5.32, 'm7-1': 10.78, 'm8-1': 24.63}",0.32099999999999795,202.553,inf,202.767,202.767,202.767
909,T6,BESTEFFORT,MISSED,m2-1,92.77,"{'m1-1': 5.34, 'm2-1': 5.05, 'm3-1': 96.29, 'm4-1': 24.62, 'm5-1': 163.49, 'm6-1': 5.14, 'm7-1': 11.34, 'm8-1': 24.37}",0.32099999999999795,202.55599999999998,inf,202.76999999999998,202.76999999999998,202.76999999999998
910,T9,BESTEFFORT,MISSED,m2-1,92.803,"{'m1-1': 5.4, 'm2-1': 5.08, 'm3-1': 115.15, 'm4-1': 26.27, 'm5-1': 159.16, 'm6-1': 4.72, 'm7-1': 10.89, 'm8-1': 28.37}",0.04950000000002319,202.76999999999998,inf,202.803,202.803,202.803
911,T2,BESTEFFORT,MISSED,m2-1,92.81,"{'m1-1': 4.88, 'm2-1': 4.99, 'm3-1': 112.17, 'm4-1': 26.86, 'm5-1': 149.73, 'm6-1': 5.51, 'm7-1': 10.41, 'm8-1': 26.14}",0.010500000000007503,202.803,inf,202.81,202.81,202.81
912,T7,BESTEFFORT,MISSED,m2-1,92.848,"{'m1-1': 4.98, 'm2-1': 5.37, 'm3-1': 102.26, 'm4-1': 25.58, 'm5-1': 153.94, 'm6-1': 5.65, 'm7-1': 10.75, 'm8-1': 29.3}",0.05700000000001637,202.81,inf,202.848,202.848,202.848
913,T7,BESTEFFORT,MISSED,m1-1,93.029,"{'m1-1': 4.76, 'm2-1': 5.15, 'm3-1': 100.92, 'm4-1': 27.72, 'm5-1': 142.27, 'm6-1': 5.2, 'm7-1': 10.22, 'm8-1': 26.38}",0.3930000000000007,202.767,inf,203.029,203.029,203.029
914,T4,BESTEFFORT,MISSED,m2-1,93.116,"{'m1-1': 4.98, 'm2-1': 5.22, 'm3-1': 96.48, 'm4-1': 25.76, 'm5-1': 158.08, 'm6-1': 5.65, 'm7-1': 11.33, 'm8-1': 28.33}",0.4019999999999584,202.848,inf,203.11599999999999,203.11599999999999,203.11599999999999
915,T2,BESTEFFORT,MISSED,m1-1,93.418,"{'m1-1': 5.4, 'm2-1': 5.52, 'm3-1': 112.77, 'm4-1': 25.81, 'm5-1': 151.3, 'm6-1': 5.77, 'm7-1': 10.8, 'm8-1': 27.98}",0.583500000000015,203.029,inf,203.418,203.418,203.418
916,T10,BESTEFFORT,MISSED,m6-1,93.634,"{'m1-1': 5.22, 'm2-1': 5.66, 'm3-1': 93.87, 'm4-1': 25.68, 'm5-1': 174.01, 'm6-1': 5.2, 'm7-1': 11.19, 'm8-1': 25.5}",2.4014999999999986,202.03300000000002,inf,203.63400000000001,203.63400000000001,203.63400000000001
917,T10,BESTEFFORT,MISSED,m1-1,93.758,"{'m1-1': 5.68, 'm2-1': 5.26, 'm3-1': 110.24, 'm4-1': 29.03, 'm5-1': 166.11, 'm6-1': 4.92, 'm7-1': 10.51, 'm8-1': 27.24}",0.5099999999999625,203.418,inf,203.75799999999998,203.75799999999998,203.75799999999998
918,T9,BESTEFFORT,MISSED,m6-1,93.773,"{'m1-1': 5.15, 'm2-1': 4.96, 'm3-1': 99.56, 'm4-1': 24.51, 'm5-1': 143.62, 'm6-1': 5.36, 'm7-1': 10.42, 'm8-1': 26.69}",0.20849999999997237,203.63400000000001,inf,203.773,203.773,203.773
919,T2,BESTEFFORT,MISSED,m1-1,93.971,"{'m1-1': 4.88, 'm2-1': 5.38, 'm3-1': 104.13, 'm4-1': 28.81, 'm5-1': 145.24, 'm6-1': 5.51, 'm7-1': 10.74, 'm8-1': 27.87}",0.3195000000000334,203.75799999999998,inf,203.971,203.971,203.971
920,T3,BESTEFFORT,MISSED,m6-1,94.097,"{'m1-1': 5.08, 'm2-1': 5.82, 'm3-1': 105.37, 'm4-1': 27.58, 'm5-1': 160.01, 'm6-1': 5.66, 'm7-1': 10.77, 'm8-1': 26.6}",0.4859999999999758,203.773,inf,204.09699999999998,204.09699999999998,204.09699999999998
921,T5,BESTEFFORT,MISSED,m2-1,94.227,"{'m1-1': 5.56, 'm2-1': 5.44, 'm3-1': 105.56, 'm4-1': 23.55, 'm5-1': 161.3, 'm6-1': 5.35, 'm7-1': 9.36, 'm8-1': 27.22}",1.6665000000000276,203.11599999999999,inf,204.227,204.227,204.227
922,T10,BESTEFFORT,MISSED,m6-1,94.285,"{'m1-1': 5.3, 'm2-1': 5.69, 'm3-1': 103.92, 'm4-1': 28.29, 'm5-1': 168.84, 'm6-1': 5.54, 'm7-1': 10.52, 'm8-1': 26.88}",0.2820000000000249,204.09699999999998,inf,204.285,204.285,204.285
923,T5,BESTEFFORT,MISSED,m1-1,94.379,"{'m1-1': 5.5, 'm2-1': 5.02, 'm3-1': 102.53, 'm4-1': 23.82, 'm5-1': 149.33, 'm6-1': 5.03, 'm7-1': 9.48, 'm8-1': 26.75}",0.6120000000000232,203.971,inf,204.37900000000002,204.37900000000002,204.37900000000002
924,T8,BESTEFFORT,MISSED,m1-1,94.678,"{'m1-1': 5.1, 'm2-1': 5.34, 'm3-1': 111.68, 'm4-1': 29.02, 'm5-1': 160.33, 'm6-1': 5.15, 'm7-1': 11.21, 'm8-1': 24.92}",0.44849999999996726,204.37900000000002,inf,204.678,204.678,204.678
925,T7,BESTEFFORT,MISSED,m2-1,94.766,"{'m1-1': 4.7, 'm2-1': 5.31, 'm3-1': 115.61, 'm4-1': 27.51, 'm5-1': 143.15, 'm6-1': 5.58, 'm7-1': 10.86, 'm8-1': 25.58}",0.8085000000000235,204.227,inf,204.76600000000002,204.76600000000002,204.76600000000002
926,T7,BESTEFFORT,MISSED,m6-1,94.768,"{'m1-1': 5.31, 'm2-1': 5.18, 'm3-1': 108.91, 'm4-1': 23.86, 'm5-1': 148.05, 'm6-1': 5.46, 'm7-1': 11.52, 'm8-1': 25.81}",0.7245000000000061,204.285,inf,204.768,204.768,204.768
927,T8,BESTEFFORT,MISSED,m6-1,94.9,"{'m1-1': 5.56, 'm2-1': 5.0, 'm3-1': 114.11, 'm4-1': 25.42, 'm5-1': 170.03, 'm6-1': 4.99, 'm7-1': 10.07, 'm8-1': 27.66}",0.1980000000000075,204.768,inf,204.9,204.9,204.9
928,T9,BESTEFFORT,MISSED,m6-1,94.931,"{'m1-1': 5.77, 'm2-1': 5.18, 'm3-1': 107.56, 'm4-1': 23.76, 'm5-1': 152.02, 'm6-1': 5.53, 'm7-1': 10.67, 'm8-1': 27.13}",0.046499999999966235,204.9,inf,204.93099999999998,204.93099999999998,204.93099999999998
929,T9,BESTEFFORT,MISSED,m6-1,94.998,"{'m1-1': 5.67, 'm2-1': 5.51, 'm3-1': 112.16, 'm4-1': 27.3, 'm5-1': 143.87, 'm6-1': 4.74, 'm7-1': 10.05, 'm8-1': 28.07}",0.10050000000001091,204.93099999999998,inf,204.998,204.998,204.998
930,T9,BESTEFFORT,MISSED,m1-1,95.024,"{'m1-1': 5.47, 'm2-1': 5.33, 'm3-1': 102.45, 'm4-1': 26.28, 'm5-1': 149.33, 'm6-1': 5.29, 'm7-1': 10.41, 'm8-1': 27.82}",0.5190000000000055,204.678,inf,205.024,205.024,205.024
931,T8,BESTEFFORT,MISSED,m2-1,95.176,"{'m1-1': 5.16, 'm2-1': 5.31, 'm3-1': 107.12, 'm4-1': 28.12, 'm5-1': 155.13, 'm6-1': 5.47, 'm7-1': 10.52, 'm8-1': 25.58}",0.6149999999999523,204.76600000000002,inf,205.176,205.176,205.176
932,T9,BESTEFFORT,MISSED,m2-1,95.859,"{'m1-1': 5.76, 'm2-1': 5.12, 'm3-1': 105.39, 'm4-1': 23.94, 'm5-1': 138.57, 'm6-1': 4.87, 'm7-1': 10.19, 'm8-1': 28.8}",1.024499999999989,205.176,inf,205.85899999999998,205.85899999999998,205.85899999999998
933,T5,BESTEFFORT,MISSED,m2-1,95.992,"{'m1-1': 5.11, 'm2-1': 5.41, 'm3-1': 102.27, 'm4-1': 23.35, 'm5-1': 158.21, 'm6-1': 5.37, 'm7-1': 10.61, 'm8-1': 25.24}",0.1995000000000573,205.85899999999998,inf,205.99200000000002,205.99200000000002,205.99200000000002
934,T7,BESTEFFORT,MISSED,m6-1,96.172,"{'m1-1': 5.19, 'm2-1': 4.91, 'm3-1': 115.45, 'm4-1': 23.85, 'm5-1': 157.37, 'm6-1': 5.05, 'm7-1': 11.45, 'm8-1': 26.8}",1.76100000000001,204.998,inf,206.172,206.172,206.172
935,T7,BESTEFFORT,MISSED,m1-1,96.452,"{'m1-1': 4.76, 'm2-1': 5.55, 'm3-1': 107.38, 'm4-1': 27.21, 'm5-1': 163.54, 'm6-1': 5.75, 'm7-1': 10.7, 'm8-1': 27.06}",2.141999999999996,205.024,inf,206.452,206.452,206.452
936,T6,BESTEFFORT,MISSED,m1-1,96.544,"{'m1-1': 5.53, 'm2-1': 5.69, 'm3-1': 111.47, 'm4-1': 26.12, 'm5-1': 159.42, 'm6-1': 5.18, 'm7-1': 11.71, 'm8-1': 28.2}",0.1379999999999768,206.452,inf,206.54399999999998,206.54399999999998,206.54399999999998
937,T5,BESTEFFORT,MISSED,m6-1,96.598,"{'m1-1': 5.55, 'm2-1': 5.23, 'm3-1': 100.08, 'm4-1': 26.39, 'm5-1': 153.83, 'm6-1': 4.7, 'm7-1': 10.14, 'm8-1': 26.14}",0.6390000000000242,206.172,inf,206.598,206.598,206.598
938,T2,BESTEFFORT,MISSED,m1-1,96.88,"{'m1-1': 4.65, 'm2-1': 5.38, 'm3-1': 107.46, 'm4-1': 28.16, 'm5-1': 151.68, 'm6-1': 5.68, 'm7-1': 10.6, 'm8-1': 26.64}",0.5040000000000191,206.54399999999998,inf,206.88,206.88,206.88
939,T4,BESTEFFORT,MISSED,m1-1,97.136,"{'m1-1': 5.38, 'm2-1': 5.04, 'm3-1': 101.19, 'm4-1': 28.62, 'm5-1': 165.16, 'm6-1': 5.07, 'm7-1': 9.77, 'm8-1': 26.9}",0.38400000000000034,206.88,inf,207.136,207.136,207.136
940,T5,BESTEFFORT,MISSED,m1-1,97.146,"{'m1-1': 5.31, 'm2-1': 4.8, 'm3-1': 100.4, 'm4-1': 23.4, 'm5-1': 153.72, 'm6-1': 5.13, 'm7-1': 10.37, 'm8-1': 27.36}",0.01500000000002899,207.136,inf,207.14600000000002,207.14600000000002,207.14600000000002
941,T5,BESTEFFORT,MISSED,m6-1,97.228,"{'m1-1': 5.07, 'm2-1': 5.24, 'm3-1': 107.22, 'm4-1': 26.24, 'm5-1': 153.61, 'm6-1': 5.08, 'm7-1': 9.51, 'm8-1': 24.58}",0.9449999999999932,206.598,inf,207.228,207.228,207.228
942,T4,BESTEFFORT,MISSED,m1-1,97.332,"{'m1-1': 5.14, 'm2-1': 5.63, 'm3-1': 102.97, 'm4-1': 26.94, 'm5-1': 168.0, 'm6-1': 5.7, 'm7-1': 10.2, 'm8-1': 24.91}",0.27899999999996794,207.14600000000002,inf,207.332,207.332,207.332
943,T4,BESTEFFORT,MISSED,m1-1,97.409,"{'m1-1': 5.4, 'm2-1': 5.13, 'm3-1': 108.99, 'm4-1': 28.15, 'm5-1': 148.22, 'm6-1': 5.58, 'm7-1': 10.23, 'm8-1': 24.91}",0.11549999999999727,207.332,inf,207.409,207.409,207.409
944,T4,BESTEFFORT,MISSED,m6-1,97.416,"{'m1-1': 4.98, 'm2-1': 5.81, 'm3-1': 104.5, 'm4-1': 28.2, 'm5-1': 158.72, 'm6-1': 5.31, 'm7-1': 10.33, 'm8-1': 26.6}",0.28199999999998226,207.228,inf,207.416,207.416,207.416
945,T2,BESTEFFORT,MISSED,m1-1,97.683,"{'m1-1': 4.68, 'm2-1': 5.49, 'm3-1': 111.12, 'm4-1': 29.81, 'm5-1': 149.73, 'm6-1': 5.52, 'm7-1': 10.18, 'm8-1': 26.56}",0.41100000000000136,207.409,inf,207.683,207.683,207.683
946,T10,BESTEFFORT,MISSED,m6-1,97.708,"{'m1-1': 5.36, 'm2-1': 5.48, 'm3-1': 107.74, 'm4-1': 28.53, 'm5-1': 166.67, 'm6-1': 5.2, 'm7-1': 11.07, 'm8-1': 24.55}",0.4380000000000024,207.416,inf,207.708,207.708,207.708
947,T5,BESTEFFORT,MISSED,m2-1,98.098,"{'m1-1': 5.57, 'm2-1': 5.07, 'm3-1': 109.87, 'm4-1': 25.86, 'm5-1': 149.22, 'm6-1': 4.77, 'm7-1': 10.76, 'm8-1': 24.51}",3.158999999999992,205.99200000000002,inf,208.098,208.098,208.098
948,T4,BESTEFFORT,MISSED,m1-1,98.325,"{'m1-1': 4.78, 'm2-1': 5.64, 'm3-1': 113.09, 'm4-1': 26.37, 'm5-1': 146.27, 'm6-1': 5.05, 'm7-1': 10.77, 'm8-1': 27.68}",0.9629999999999939,207.683,inf,208.325,208.325,208.325
949,T6,BESTEFFORT,MISSED,m1-1,98.413,"{'m1-1': 5.15, 'm2-1': 4.89, 'm3-1': 114.12, 'm4-1': 27.71, 'm5-1': 152.49, 'm6-1': 5.56, 'm7-1': 10.77, 'm8-1': 24.87}",0.13200000000003342,208.325,inf,208.413,208.413,208.413
950,T7,BESTEFFORT,MISSED,m6-1,98.506,"{'m1-1': 4.84, 'm2-1': 5.43, 'm3-1': 112.4, 'm4-1': 25.06, 'm5-1': 159.8, 'm6-1': 5.18, 'm7-1': 11.15, 'm8-1': 29.48}",1.1970000000000027,207.708,inf,208.506,208.506,208.506
951,T2,BESTEFFORT,MISSED,m6-1,98.885,"{'m1-1': 4.88, 'm2-1': 5.18, 'm3-1': 111.65, 'm4-1': 27.41, 'm5-1': 167.46, 'm6-1': 5.81, 'm7-1': 10.44, 'm8-1': 27.35}",0.568499999999986,208.506,inf,208.885,208.885,208.885
952,T2,BESTEFFORT,MISSED,m2-1,98.904,"{'m1-1': 5.42, 'm2-1': 5.38, 'm3-1': 111.17, 'm4-1': 27.44, 'm5-1': 154.82, 'm6-1': 5.64, 'm7-1': 11.01, 'm8-1': 24.73}",1.2089999999999748,208.098,inf,208.904,208.904,208.904
953,T9,BESTEFFORT,MISSED,m2-1,99.001,"{'m1-1': 5.64, 'm2-1': 5.07, 'm3-1': 111.95, 'm4-1': 26.02, 'm5-1': 152.56, 'm6-1': 4.85, 'm7-1': 11.03, 'm8-1': 28.76}",0.14550000000001262,208.904,inf,209.001,209.001,209.001
954,T5,BESTEFFORT,MISSED,m2-1,99.01,"{'m1-1': 5.14, 'm2-1': 5.11, 'm3-1': 101.81, 'm4-1': 26.34, 'm5-1': 143.43, 'm6-1': 4.74, 'm7-1': 10.89, 'm8-1': 25.27}",0.013499999999979195,209.001,inf,209.01,209.01,209.01
955,T6,BESTEFFORT,MISSED,m2-1,99.176,"{'m1-1': 4.78, 'm2-1': 5.52, 'm3-1': 112.39, 'm4-1': 24.71, 'm5-1': 158.56, 'm6-1': 5.25, 'm7-1': 10.74, 'm8-1': 25.41}",0.24899999999999523,209.01,inf,209.176,209.176,209.176
956,T9,BESTEFFORT,MISSED,m6-1,99.2,"{'m1-1': 5.48, 'm2-1': 4.86, 'm3-1': 104.13, 'm4-1': 24.79, 'm5-1': 161.4, 'm6-1': 5.35, 'm7-1': 10.14, 'm8-1': 27.6}",0.4724999999999966,208.885,inf,209.2,209.2,209.2
957,T7,BESTEFFORT,MISSED,m1-1,99.279,"{'m1-1': 5.05, 'm2-1': 4.89, 'm3-1': 110.15, 'm4-1': 27.79, 'm5-1': 142.76, 'm6-1': 5.65, 'm7-1': 10.06, 'm8-1': 26.39}",1.2989999999999782,208.413,inf,209.279,209.279,209.279
958,T7,BESTEFFORT,MISSED,m1-1,99.288,"{'m1-1': 4.65, 'm2-1': 5.62, 'm3-1': 111.65, 'm4-1': 24.97, 'm5-1': 157.47, 'm6-1': 5.0, 'm7-1': 10.03, 'm8-1': 27.14}",0.013500000000021828,209.279,inf,209.288,209.288,209.288
959,T5,BESTEFFORT,MISSED,m6-1,99.295,"{'m1-1': 5.72, 'm2-1': 4.96, 'm3-1': 103.91, 'm4-1': 26.27, 'm5-1': 160.82, 'm6-1': 5.09, 'm7-1': 9.93, 'm8-1': 23.84}",0.14250000000004093,209.2,inf,209.29500000000002,209.29500000000002,209.29500000000002
960,T5,BESTEFFORT,MISSED,m6-1,99.327,"{'m1-1': 5.0, 'm2-1': 5.38, 'm3-1': 110.08, 'm4-1': 24.82, 'm5-1': 156.14, 'm6-1': 5.23, 'm7-1': 9.57, 'm8-1': 26.61}",0.0479999999999734,209.29500000000002,inf,209.327,209.327,209.327
961,T7,BESTEFFORT,MISSED,m2-1,99.334,"{'m1-1': 5.4, 'm2-1': 4.87, 'm3-1': 105.52, 'm4-1': 27.54, 'm5-1': 146.16, 'm6-1': 4.94, 'm7-1': 10.23, 'm8-1': 27.44}",0.2370000000000232,209.176,inf,209.334,209.334,209.334
962,T4,BESTEFFORT,MISSED,m1-1,99.537,"{'m1-1': 4.77, 'm2-1': 5.42, 'm3-1': 98.11, 'm4-1': 27.29, 'm5-1': 156.86, 'm6-1': 5.95, 'm7-1': 11.6, 'm8-1': 27.74}",0.37349999999999284,209.288,inf,209.537,209.537,209.537
963,T10,BESTEFFORT,MISSED,m1-1,99.659,"{'m1-1': 5.68, 'm2-1': 5.74, 'm3-1': 99.56, 'm4-1': 25.88, 'm5-1': 159.76, 'm6-1': 4.99, 'm7-1': 10.11, 'm8-1': 27.07}",0.1829999999999785,209.537,inf,209.659,209.659,209.659
964,T4,BESTEFFORT,MISSED,m1-1,99.85,"{'m1-1': 5.12, 'm2-1': 5.35, 'm3-1': 104.56, 'm4-1': 26.58, 'm5-1': 171.18, 'm6-1': 5.82, 'm7-1': 10.81, 'm8-1': 24.6}",0.28650000000000375,209.659,inf,209.85,209.85,209.85
965,T10,BESTEFFORT,MISSED,m1-1,99.932,"{'m1-1': 5.65, 'm2-1': 5.68, 'm3-1': 100.48, 'm4-1': 27.49, 'm5-1': 167.37, 'm6-1': 5.42, 'm7-1': 10.2, 'm8-1': 28.27}",0.12300000000003308,209.85,inf,209.93200000000002,209.93200000000002,209.93200000000002
966,T7,BESTEFFORT,MISSED,m1-1,100.027,"{'m1-1': 5.01, 'm2-1': 4.82, 'm3-1': 104.94, 'm4-1': 24.32, 'm5-1': 146.18, 'm6-1': 5.71, 'm7-1': 11.01, 'm8-1': 28.92}",0.14249999999995566,209.93200000000002,inf,210.027,210.027,210.027
967,T9,BESTEFFORT,MISSED,m6-1,100.643,"{'m1-1': 5.25, 'm2-1': 5.14, 'm3-1': 114.95, 'm4-1': 23.22, 'm5-1': 150.17, 'm6-1': 4.75, 'm7-1': 10.16, 'm8-1': 27.08}",1.9740000000000038,209.327,inf,210.643,210.643,210.643
968,T4,BESTEFFORT,MISSED,m1-1,100.689,"{'m1-1': 5.29, 'm2-1': 5.05, 'm3-1': 99.31, 'm4-1': 26.59, 'm5-1': 148.31, 'm6-1': 5.88, 'm7-1': 10.26, 'm8-1': 26.89}",0.9930000000000092,210.027,inf,210.689,210.689,210.689
969,T7,BESTEFFORT,MISSED,m1-1,100.72,"{'m1-1': 5.17, 'm2-1': 4.96, 'm3-1': 110.95, 'm4-1': 27.22, 'm5-1': 163.02, 'm6-1': 5.69, 'm7-1': 11.19, 'm8-1': 28.75}",0.04650000000000887,210.689,inf,210.72,210.72,210.72
970,T9,BESTEFFORT,MISSED,m6-1,100.828,"{'m1-1': 5.86, 'm2-1': 5.31, 'm3-1': 114.8, 'm4-1': 25.7, 'm5-1': 163.28, 'm6-1': 4.86, 'm7-1': 10.35, 'm8-1': 28.3}",0.2775000000000034,210.643,inf,210.828,210.828,210.828
971,T7,BESTEFFORT,MISSED,m1-1,101.03,"{'m1-1': 5.12, 'm2-1': 4.83, 'm3-1': 105.93, 'm4-1': 25.81, 'm5-1': 157.1, 'm6-1': 5.28, 'm7-1': 10.88, 'm8-1': 27.53}",0.4650000000000034,210.72,inf,211.03,211.03,211.03
972,T6,BESTEFFORT,MISSED,m2-1,101.249,"{'m1-1': 5.51, 'm2-1': 5.44, 'm3-1': 101.2, 'm4-1': 26.21, 'm5-1': 164.75, 'm6-1': 5.03, 'm7-1': 10.54, 'm8-1': 26.95}",2.872499999999988,209.334,inf,211.249,211.249,211.249
973,T7,BESTEFFORT,MISSED,m2-1,102.164,"{'m1-1': 4.67, 'm2-1': 5.05, 'm3-1': 102.18, 'm4-1': 25.39, 'm5-1': 151.41, 'm6-1': 5.57, 'm7-1': 10.68, 'm8-1': 26.83}",1.372499999999988,211.249,inf,212.164,212.164,212.164
974,T6,BESTEFFORT,MISSED,m1-1,102.271,"{'m1-1': 4.69, 'm2-1': 5.5, 'm3-1': 106.73, 'm4-1': 24.71, 'm5-1': 142.05, 'm6-1': 4.98, 'm7-1': 11.09, 'm8-1': 25.78}",1.8615000000000208,211.03,inf,212.27100000000002,212.27100000000002,212.27100000000002
975,T4,BESTEFFORT,MISSED,m1-1,102.276,"{'m1-1': 5.18, 'm2-1': 5.24, 'm3-1': 100.45, 'm4-1': 29.24, 'm5-1': 155.9, 'm6-1': 5.79, 'm7-1': 10.52, 'm8-1': 26.98}",0.007499999999993179,212.27100000000002,inf,212.276,212.276,212.276
976,T4,BESTEFFORT,MISSED,m2-1,102.378,"{'m1-1': 5.41, 'm2-1': 5.78, 'm3-1': 110.48, 'm4-1': 25.81, 'm5-1': 149.13, 'm6-1': 5.92, 'm7-1': 11.0, 'm8-1': 28.06}",0.32099999999999795,212.164,inf,212.378,212.378,212.378
977,T4,BESTEFFORT,MISSED,m1-1,102.405,"{'m1-1': 5.44, 'm2-1': 5.62, 'm3-1': 97.44, 'm4-1': 27.35, 'm5-1': 148.26, 'm6-1': 5.14, 'm7-1': 11.19, 'm8-1': 27.98}",0.19349999999998602,212.276,inf,212.405,212.405,212.405
978,T6,BESTEFFORT,MISSED,m2-1,102.435,"{'m1-1': 5.46, 'm2-1': 4.96, 'm3-1': 107.22, 'm4-1': 24.29, 'm5-1': 156.93, 'm6-1': 5.68, 'm7-1': 10.15, 'm8-1': 27.5}",0.08550000000002456,212.378,inf,212.435,212.435,212.435
979,T10,BESTEFFORT,MISSED,m1-1,102.49,"{'m1-1': 5.25, 'm2-1': 5.75, 'm3-1': 108.38, 'm4-1': 27.32, 'm5-1': 149.7, 'm6-1': 4.92, 'm7-1': 11.56, 'm8-1': 28.6}",0.12750000000001194,212.405,inf,212.49,212.49,212.49
980,T6,BESTEFFORT,MISSED,m6-1,102.669,"{'m1-1': 5.09, 'm2-1': 5.0, 'm3-1': 102.22, 'm4-1': 26.26, 'm5-1': 144.88, 'm6-1': 5.13, 'm7-1': 11.47, 'm8-1': 26.59}",2.7614999999999696,210.828,inf,212.66899999999998,212.66899999999998,212.66899999999998
981,T10,BESTEFFORT,MISSED,m2-1,103.146,"{'m1-1': 5.31, 'm2-1': 5.02, 'm3-1': 94.34, 'm4-1': 28.29, 'm5-1': 159.28, 'm6-1': 5.5, 'm7-1': 11.36, 'm8-1': 25.53}",1.066500000000019,212.435,inf,213.14600000000002,213.14600000000002,213.14600000000002
982,T9,BESTEFFORT,MISSED,m6-1,103.289,"{'m1-1': 5.23, 'm2-1': 4.75, 'm3-1': 107.03, 'm4-1': 26.42, 'm5-1': 159.02, 'm6-1': 4.97, 'm7-1': 9.91, 'm8-1': 27.86}",0.9300000000000068,212.66899999999998,inf,213.289,213.289,213.289
983,T6,BESTEFFORT,MISSED,m2-1,103.367,"{'m1-1': 5.41, 'm2-1': 5.63, 'm3-1': 111.98, 'm4-1': 24.34, 'm5-1': 147.74, 'm6-1': 5.25, 'm7-1': 11.47, 'm8-1': 24.55}",0.33150000000000546,213.14600000000002,inf,213.36700000000002,213.36700000000002,213.36700000000002
984,T9,BESTEFFORT,MISSED,m6-1,103.574,"{'m1-1': 5.5, 'm2-1': 5.1, 'm3-1': 98.11, 'm4-1': 24.18, 'm5-1': 142.88, 'm6-1': 4.88, 'm7-1': 10.18, 'm8-1': 27.06}",0.4275000000000375,213.289,inf,213.574,213.574,213.574
985,T9,BESTEFFORT,MISSED,m2-1,103.962,"{'m1-1': 5.28, 'm2-1': 5.32, 'm3-1': 111.52, 'm4-1': 27.27, 'm5-1': 147.15, 'm6-1': 5.0, 'm7-1': 10.79, 'm8-1': 26.98}",0.8924999999999557,213.36700000000002,inf,213.962,213.962,213.962
986,T10,BESTEFFORT,MISSED,m1-1,104.022,"{'m1-1': 5.27, 'm2-1': 5.4, 'm3-1': 95.02, 'm4-1': 26.43, 'm5-1': 149.84, 'm6-1': 5.47, 'm7-1': 10.13, 'm8-1': 27.38}",2.2979999999999734,212.49,inf,214.022,214.022,214.022
987,T7,BESTEFFORT,MISSED,m6-1,104.17,"{'m1-1': 5.3, 'm2-1': 5.6, 'm3-1': 116.87, 'm4-1': 27.5, 'm5-1': 145.01, 'm6-1': 5.01, 'm7-1': 10.15, 'm8-1': 28.66}",0.8940000000000055,213.574,inf,214.17000000000002,214.17000000000002,214.17000000000002
988,T7,BESTEFFORT,MISSED,m6-1,104.594,"{'m1-1': 5.37, 'm2-1': 5.32, 'm3-1': 111.64, 'm4-1': 25.68, 'm5-1': 142.02, 'm6-1': 5.12, 'm7-1': 11.28, 'm8-1': 26.42}",0.6359999999999673,214.17000000000002,inf,214.594,214.594,214.594
989,T6,BESTEFFORT,MISSED,m2-1,105.405,"{'m1-1': 4.9, 'm2-1': 4.9, 'm3-1': 111.47, 'm4-1': 27.76, 'm5-1': 143.0, 'm6-1': 5.02, 'm7-1': 10.44, 'm8-1': 24.98}",2.164500000000018,213.962,inf,215.405,215.405,215.405
990,T6,BESTEFFORT,MISSED,m1-1,106.206,"{'m1-1': 5.32, 'm2-1': 5.55, 'm3-1': 106.41, 'm4-1': 25.17, 'm5-1': 148.62, 'm6-1': 5.19, 'm7-1': 11.78, 'm8-1': 25.01}",3.276000000000039,214.022,inf,216.20600000000002,216.20600000000002,216.20600000000002
991,T6,BESTEFFORT,MISSED,m1-1,106.242,"{'m1-1': 5.11, 'm2-1': 5.43, 'm3-1': 102.41, 'm4-1': 27.77, 'm5-1': 141.45, 'm6-1': 5.24, 'm7-1': 11.36, 'm8-1': 27.38}",0.054000000000002046,216.20600000000002,inf,216.24200000000002,216.24200000000002,216.24200000000002
992,T7,BESTEFFORT,MISSED,m1-1,106.486,"{'m1-1': 4.63, 'm2-1': 4.86, 'm3-1': 105.32, 'm4-1': 27.93, 'm5-1': 145.89, 'm6-1': 5.68, 'm7-1': 10.28, 'm8-1': 28.38}",0.365999999999957,216.24200000000002,inf,216.486,216.486,216.486
993,T6,BESTEFFORT,MISSED,m1-1,106.849,"{'m1-1': 5.37, 'm2-1': 5.44, 'm3-1': 97.5, 'm4-1': 25.79, 'm5-1': 144.25, 'm6-1': 5.49, 'm7-1': 10.48, 'm8-1': 28.19}",0.5444999999999993,216.486,inf,216.849,216.849,216.849
994,T6,BESTEFFORT,MISSED,m1-1,107.069,"{'m1-1': 5.23, 'm2-1': 5.2, 'm3-1': 102.09, 'm4-1': 23.87, 'm5-1': 140.98, 'm6-1': 5.63, 'm7-1': 10.57, 'm8-1': 26.76}",0.3300000000000409,216.849,inf,217.06900000000002,217.06900000000002,217.06900000000002
995,T6,BESTEFFORT,MISSED,m1-1,107.199,"{'m1-1': 4.9, 'm2-1': 5.51, 'm3-1': 109.44, 'm4-1': 25.66, 'm5-1': 146.65, 'm6-1': 5.45, 'm7-1': 10.68, 'm8-1': 27.85}",0.19499999999999318,217.06900000000002,inf,217.199,217.199,217.199
996,T6,BESTEFFORT,MISSED,m6-1,109.164,"{'m1-1': 4.99, 'm2-1': 5.42, 'm3-1': 106.69, 'm4-1': 24.24, 'm5-1': 163.3, 'm6-1': 5.42, 'm7-1': 11.71, 'm8-1': 27.82}",6.85499999999999,214.594,inf,219.164,219.164,219.164
997,T6,BESTEFFORT,MISSED,m1-1,109.602,"{'m1-1': 5.05, 'm2-1': 5.63, 'm3-1': 109.77, 'm4-1': 26.53, 'm5-1': 153.38, 'm6-1': 5.51, 'm7-1': 11.65, 'm8-1': 27.16}",3.6044999999999874,217.199,inf,219.602,219.602,219.602
998,T6,BESTEFFORT,MISSED,m2-1,109.736,"{'m1-1': 4.81, 'm2-1': 5.66, 'm3-1': 100.54, 'm4-1': 26.84, 'm5-1': 162.01, 'm6-1': 5.32, 'm7-1': 11.44, 'm8-1': 26.22}",6.496499999999983,215.405,inf,219.736,219.736,219.736
999,T6,BESTEFFORT,MISSED,m1-1,110.153,"{'m1-1': 5.1, 'm2-1': 5.36, 'm3-1': 109.95, 'm4-1': 25.02, 'm5-1': 140.35, 'm6-1': 4.99, 'm7-1': 10.92, 'm8-1': 26.14}",0.8265000000000242,219.602,inf,220.15300000000002,220.15300000000002,220.15300000000002
