task_type_id,arrival_time,est_m1,est_m2,est_m3,est_m4,est_m5,est_m6,est_m7,ext_m1-1,ext_m2-1,ext_m3-1,ext_m4-1,ext_m5-1,ext_m6-1,ext_m7-1
4,0.258,1.084,106.424,10.029,11.043,9.789,9.456,111.797,1.017,112.977,10.867,10.402,9.641,10.325,106.75
1,1.066,107.88,117.726,1.095,1.069,1.012,11.474,113.601,108.452,112.509,1.017,1.07,0.976,10.779,107.739
4,1.072,0.96,101.001,10.151,10.497,9.531,10.07,103.026,0.973,98.273,9.704,10.284,10.324,10.747,113.204
2,1.753,111.45,101.806,100.715,117.463,1.167,92.33,10.995,109.5,115.083,98.669,108.871,1.026,106.63,10.604
3,1.996,113.189,1.172,10.121,111.407,101.244,102.065,109.043,102.312,1.128,11.305,114.725,106.838,105.872,102.288
1,2.208,118.149,106.069,0.981,0.975,1.004,10.657,110.62,101.799,103.657,1.046,1.033,1.067,11.164,101.981
2,2.569,103.73,98.149,95.762,105.54,1.05,94.516,10.594,107.806,104.924,98.192,110.423,1.038,97.585,9.918
4,2.573,0.963,107.275,9.363,10.153,10.217,10.592,103.451,0.999,110.397,10.071,10.583,10.578,9.217,106.467
4,2.659,0.96,104.584,10.098,9.533,9.266,10.071,112.305,0.989,108.493,9.841,10.434,10.867,10.65,110.74
3,3.315,109.672,1.111,11.207,111.951,100.985,110.782,113.6,104.178,1.095,10.528,107.855,99.221,106.204,113.003
4,3.329,1.027,101.672,9.279,10.664,9.65,9.486,115.866,1.002,107.283,10.644,11.114,9.274,9.632,108.035
1,3.4,113.877,103.541,1.019,0.977,1.07,10.139,116.374,112.184,115.97,1.004,1.111,1.103,10.188,107.557
1,4.015,113.88,101.568,1.004,1.083,1.067,10.809,109.935,111.693,108.052,1.055,1.001,1.097,11.132,117.307
1,4.053,107.324,113.649,1.107,1.052,1.141,11.181,105.201,115.182,112.639,0.973,1.11,1.138,11.53,116.09
2,4.362,103.764,99.744,100.954,116.939,1.001,108.388,11.17,103.031,110.99,99.649,101.553,1.084,102.163,11.003
1,4.49,113.867,99.696,1.003,1.032,0.974,10.082,107.518,105.688,101.116,0.97,1.142,1.006,10.162,106.287
3,4.769,117.427,1.059,10.714,106.169,96.913,99.566,101.148,113.223,1.099,11.719,105.751,103.252,100.031,100.693
1,4.923,118.564,114.629,1.084,1.032,0.995,10.962,104.413,103.033,114.799,1.003,0.982,1.056,10.695,107.284
1,5.308,116.899,102.157,1.063,1.008,1.096,11.774,100.616,100.25,109.028,1.063,1.059,1.061,10.39,115.481
1,5.778,102.042,113.759,1.107,1.011,1.043,10.779,116.822,111.071,107.763,0.958,1.074,1.005,11.501,107.081
4,5.895,1.073,102.941,9.984,9.989,9.693,9.45,100.066,1.035,101.954,9.587,9.77,9.831,10.433,105.495
4,5.911,1.028,109.911,9.618,10.502,9.856,9.776,106.954,1.03,96.108,10.669,10.165,9.698,10.006,110.308
3,5.963,106.718,1.138,11.226,101.733,105.672,98.806,107.408,117.891,1.166,10.678,101.894,112.153,101.048,111.582
3,6.275,109.454,0.997,11.474,99.274,112.181,115.804,100.324,109.378,1.031,10.517,105.292,105.572,113.543,106.597
1,6.682,101.481,117.422,1.002,1.088,1.138,10.621,114.731,104.129,106.316,1.1,1.116,1.116,11.695,113.844
3,6.942,103.884,1.148,11.889,102.491,112.239,103.74,98.837,111.41,1.128,11.151,109.747,102.623,99.888,102.162
4,7.585,1.114,111.001,9.217,10.571,10.613,9.582,110.943,1.006,97.253,10.727,9.797,10.62,10.304,102.747
3,7.969,101.566,1.073,11.669,103.864,96.531,112.074,107.135,117.377,1.162,10.785,106.143,110.418,106.453,98.466
4,8.036,1.043,113.493,10.067,10.082,9.81,10.053,102.165,1.073,104.885,10.79,9.505,10.545,10.034,114.084
3,8.548,104.164,1.102,11.617,115.771,103.259,116.415,108.737,115.955,1.154,10.545,102.966,97.323,101.685,113.701
1,8.696,111.313,109.073,1.063,1.046,1.023,10.951,104.96,111.604,109.97,0.992,1.095,1.048,11.528,116.094
2,8.956,102.248,114.041,108.584,115.298,1.163,93.146,10.908,104.2,106.685,110.376,113.376,1.088,92.294,10.945
4,9.073,1.018,106.792,10.212,10.267,10.124,10.663,112.865,1.024,104.584,9.213,10.179,10.016,9.683,108.308
1,9.306,107.813,101.864,0.948,1.071,1.01,10.974,107.593,108.697,118.118,1.028,1.111,1.006,9.953,102.506
3,10.169,115.444,1.064,10.327,112.12,103.232,98.591,100.932,100.959,1.142,11.082,109.333,103.751,100.123,114.78
3,10.354,103.765,1.176,10.849,112.221,101.488,100.016,109.89,103.43,1.056,10.292,105.803,107.453,114.517,101.73
4,11.161,1.102,101.648,10.737,10.11,10.506,10.793,104.095,0.957,101.729,9.891,9.938,9.551,9.878,98.593
1,11.278,115.12,99.837,0.977,0.969,0.98,11.617,108.396,105.638,107.717,1.035,1.02,1.051,10.115,101.466
2,11.807,112.998,103.348,96.161,113.006,1.015,104.253,10.574,98.422,110.972,96.318,108.594,1.085,105.182,9.69
4,12.302,1.107,111.176,10.702,10.584,10.791,10.338,101.193,1.085,96.237,10.212,10.748,10.902,10.444,98.486
4,12.433,0.951,103.322,10.849,9.637,9.725,9.305,109.598,1.0,104.885,9.985,11.041,9.9,9.831,102.292
1,13.062,114.524,99.356,0.953,1.02,1.063,10.816,102.919,106.668,104.242,1.044,1.028,1.131,11.477,111.437
1,13.704,103.002,105.523,0.96,1.032,1.053,11.165,116.534,102.611,113.252,1.035,1.055,0.998,11.512,100.837
1,14.026,108.955,115.271,1.101,1.061,1.108,11.732,109.11,104.464,108.404,0.963,1.024,1.069,11.557,113.349
2,14.471,107.172,101.052,104.245,114.402,1.162,95.53,9.762,111.328,100.282,101.937,115.83,0.998,103.463,9.791
3,14.481,106.09,1.04,11.568,101.923,109.022,99.149,113.832,104.201,1.166,10.569,108.3,108.803,99.082,107.135
4,14.739,1.12,98.714,10.564,10.131,9.725,10.459,111.999,1.042,108.724,9.684,9.782,10.731,9.81,115.94
1,15.379,116.254,110.169,1.059,1.0,0.969,10.472,114.477,117.506,111.602,1.046,1.084,1.01,10.669,102.153
4,16.009,1.003,104.045,10.866,9.748,9.432,10.257,108.552,1.081,109.7,10.842,11.05,9.65,10.426,109.993
4,16.282,1.043,101.598,9.958,10.458,10.753,10.281,113.389,1.032,109.385,9.268,10.531,9.759,9.964,109.428
4,16.54,1.107,113.107,10.312,10.734,9.291,10.248,110.196,0.974,110.873,9.967,10.511,10.821,10.573,103.574
4,16.542,1.005,107.898,10.194,10.716,9.844,9.718,114.445,1.107,99.842,9.65,10.322,10.091,10.025,111.441
3,16.591,106.976,1.063,10.906,102.925,96.64,101.366,106.642,111.853,1.128,11.447,110.294,104.63,111.22,110.488
3,16.627,103.499,1.147,11.694,103.433,101.591,106.799,98.257,110.194,1.119,11.409,101.379,113.73,109.934,106.504
1,16.867,101.207,106.384,1.036,1.091,1.023,11.637,109.169,111.196,110.202,1.052,1.021,0.967,11.124,116.09
1,16.948,111.24,101.27,0.95,1.052,0.999,11.266,118.838,116.788,115.376,1.077,1.089,1.095,10.009,107.593
4,17.188,1.035,112.894,9.805,10.426,10.206,9.58,114.602,1.093,97.289,10.326,9.413,10.852,9.777,107.275
2,17.451,110.594,102.707,104.55,114.805,1.022,97.486,10.624,99.651,109.189,110.138,105.23,0.992,105.718,11.087
2,17.691,109.159,110.931,95.092,104.295,1.15,93.025,9.959,100.363,111.88,101.536,105.997,1.042,100.338,10.053
2,18.148,98.972,111.768,94.607,101.927,1.049,93.939,10.993,114.042,106.206,103.96,109.017,1.075,107.973,11.015
3,19.534,107.152,1.039,11.195,102.642,98.646,115.446,111.361,110.526,1.127,10.152,110.358,98.593,116.21,103.119
3,20.164,116.411,1.138,10.726,103.323,114.17,110.501,113.003,108.072,1.151,11.096,111.581,107.14,112.771,106.484
1,20.389,105.058,108.341,0.947,1.098,0.984,11.132,100.926,100.653,105.882,1.034,1.031,1.01,10.026,111.948
1,20.618,113.714,101.505,1.035,0.976,0.969,10.905,110.526,102.042,109.66,1.004,1.14,1.023,10.139,103.02
4,20.731,1.091,100.565,10.23,10.655,10.359,10.752,103.722,1.095,97.721,9.864,9.472,10.449,10.3,98.715
1,21.352,104.464,113.779,1.042,0.999,1.088,11.032,101.605,107.942,107.763,1.074,1.116,1.049,11.077,106.694
2,21.59,98.838,114.1,108.761,108.6,1.161,99.906,9.571,98.415,105.058,96.143,110.058,0.988,95.546,9.722
1,21.641,106.197,110.621,1.092,1.048,1.105,11.051,117.855,108.46,109.925,1.076,1.025,1.061,10.613,116.208
4,21.955,1.054,108.099,9.21,9.754,9.719,9.292,103.656,0.993,104.885,10.808,9.633,10.305,9.514,108.717
4,22.181,1.068,110.593,10.098,10.426,10.805,10.201,112.56,0.97,106.767,9.492,10.817,11.004,9.992,101.608
1,22.245,106.842,114.857,1.07,1.017,1.029,10.129,103.651,117.493,109.325,1.018,1.068,1.013,11.124,107.376
1,22.433,109.456,113.381,0.972,1.009,0.966,11.63,111.427,112.367,113.163,1.083,1.122,1.041,11.241,113.717
4,22.588,0.968,109.303,9.533,9.622,9.961,10.769,114.162,1.081,105.133,9.424,9.557,9.771,9.89,106.749
1,23.289,102.71,116.995,1.034,1.001,1.083,11.425,108.142,110.099,113.996,1.005,1.148,1.102,10.568,113.065
4,23.541,0.956,99.385,10.425,10.936,9.963,10.146,100.241,1.073,95.942,10.426,10.622,9.428,10.442,110.64
1,23.571,118.271,107.423,0.971,1.004,1.041,11.319,100.661,102.042,108.788,1.074,1.072,1.12,11.573,101.936
3,24.365,102.971,1.025,10.171,99.903,109.942,105.13,107.408,117.665,1.031,11.679,101.736,113.209,100.016,109.321
3,24.643,101.138,1.093,10.367,111.853,103.78,114.699,113.291,116.072,1.083,10.167,114.608,104.836,109.746,110.576
1,24.908,106.429,108.863,1.111,1.102,1.006,11.663,102.606,104.647,117.3,0.955,1.106,1.055,11.519,117.772
2,24.975,112.449,98.968,105.212,108.524,1.148,107.988,10.344,98.679,106.445,104.41,109.513,1.056,104.434,10.344
4,25.122,0.966,101.848,9.962,9.515,9.368,10.141,115.497,0.957,109.385,9.925,11.1,10.074,9.775,109.064
1,25.428,116.253,109.99,1.062,1.01,1.015,11.091,117.094,102.38,115.24,1.055,1.1,1.021,10.106,104.069
3,25.607,111.239,1.162,10.219,111.107,100.985,105.749,111.911,108.602,0.995,11.885,103.849,104.227,108.285,110.118
1,26.019,101.462,101.276,1.063,0.968,1.146,11.343,117.37,117.095,107.079,0.947,1.132,1.009,11.383,116.732
2,26.092,106.787,104.279,110.57,110.122,0.996,100.853,9.458,106.611,108.968,102.597,103.702,1.141,95.649,10.554
4,26.484,0.952,99.971,10.679,10.887,10.85,9.919,108.552,1.012,100.812,10.792,10.942,10.103,9.176,101.212
3,28.238,105.314,1.056,11.065,109.899,108.375,106.42,98.358,102.03,1.02,11.434,114.382,114.524,100.517,110.074
2,28.246,110.651,100.308,102.537,113.964,1.004,99.707,9.5,111.181,97.482,98.146,106.243,1.093,98.189,10.167
2,28.487,98.679,109.09,92.993,110.591,1.026,104.779,10.023,115.136,111.484,102.112,99.66,1.113,93.147,10.001
4,28.99,0.99,103.821,9.775,10.963,9.266,9.872,105.109,0.966,108.132,9.774,9.431,10.999,9.563,99.943
4,29.325,1.073,100.145,9.333,9.444,9.762,9.667,109.115,1.064,109.86,10.548,10.698,9.894,10.516,100.542
1,29.643,106.793,101.116,1.088,1.024,1.029,10.495,111.645,102.042,102.346,1.061,1.133,1.029,11.701,102.238
2,30.105,112.869,111.623,95.98,106.277,1.071,106.657,10.761,102.029,96.948,102.321,114.735,1.037,104.594,11.151
2,30.298,100.346,114.385,95.412,104.856,1.104,94.518,11.045,98.149,100.306,99.026,109.687,0.992,99.232,11.135
3,31.208,105.234,1.076,11.345,106.903,106.603,99.663,98.047,110.658,1.112,11.123,111.237,99.219,108.271,107.129
4,32.075,1.073,98.436,10.067,9.782,10.553,10.323,112.592,0.991,113.195,9.891,10.517,10.773,9.625,104.876
3,32.081,117.116,1.096,10.018,108.5,101.63,105.259,97.77,116.208,1.168,11.259,100.585,100.419,112.807,114.915
3,32.206,100.875,1.054,10.039,104.724,99.942,98.227,114.873,110.584,1.026,10.094,113.144,111.723,108.023,98.494
4,32.295,1.008,109.777,10.181,9.387,10.423,10.406,99.119,1.121,107.555,10.125,10.165,10.573,9.665,101.785
2,32.373,112.537,99.326,102.501,105.642,1.106,102.163,11.063,113.871,99.744,94.038,101.597,1.128,105.92,10.58
1,32.483,109.634,109.485,0.945,1.069,1.104,10.059,102.034,109.399,110.637,0.944,0.976,1.081,11.338,104.05
1,32.691,108.485,99.524,1.045,1.113,0.99,10.694,99.961,112.455,112.287,1.112,1.059,0.988,11.67,118.674
2,33.233,113.972,102.181,103.836,108.047,1.021,98.746,10.741,109.5,100.489,107.01,100.74,1.067,101.805,9.753
3,33.982,113.716,1.069,11.648,109.691,107.414,105.871,113.378,101.438,1.028,11.815,107.824,103.785,116.446,110.504
1,34.686,108.219,113.514,1.059,1.064,1.12,10.001,115.505,106.842,116.954,0.939,1.05,1.017,10.259,105.128
2,34.741,103.592,101.826,110.376,110.122,1.106,97.686,10.554,110.003,101.354,101.546,104.966,1.119,103.059,10.88
1,35.204,113.197,113.278,0.985,1.002,1.097,11.474,112.762,111.54,104.782,0.944,1.065,1.012,10.04,100.371
2,35.834,100.2,102.591,108.999,105.723,0.995,100.435,10.677,114.437,97.312,95.617,114.725,1.103,105.182,9.919
3,36.183,104.567,1.123,11.586,103.326,109.581,106.233,112.584,100.449,1.086,11.885,104.755,100.451,113.355,108.873
3,36.408,117.504,1.177,10.08,102.074,109.022,114.368,96.657,110.457,1.132,11.56,104.724,107.296,103.59,114.501
1,36.833,103.202,99.701,1.078,1.046,1.096,11.128,110.019,114.624,110.393,0.945,0.973,1.103,10.48,115.881
2,37.683,99.747,110.972,96.143,108.656,1.143,100.164,10.291,111.091,107.603,96.889,102.968,1.006,108.421,10.545
3,38.457,117.656,1.174,10.623,112.329,103.27,103.999,104.57,99.691,1.004,10.292,98.74,112.511,101.024,111.792
2,38.481,115.534,104.156,107.507,103.161,1.117,106.898,10.965,108.025,101.742,95.374,112.126,0.998,105.103,10.963
2,38.754,114.234,101.982,97.183,99.746,1.082,97.698,10.922,106.784,99.478,103.774,116.369,1.092,104.641,10.578
1,38.862,102.822,100.151,1.063,0.976,1.049,9.973,106.287,112.614,117.46,0.939,1.137,1.129,10.882,118.488
3,39.542,109.448,1.151,11.107,99.25,106.135,101.023,111.579,110.059,0.995,10.685,102.05,105.272,101.242,104.841
4,40.463,1.014,109.743,9.51,9.437,10.525,9.874,99.027,0.977,107.758,9.189,9.861,10.305,9.285,110.943
3,40.497,109.632,1.124,10.845,103.02,103.145,102.047,104.447,108.45,1.093,11.537,115.27,114.196,115.314,103.855
4,41.216,1.043,98.644,9.452,9.734,10.047,9.761,108.888,1.034,96.447,10.051,10.213,10.434,10.4,111.602
1,41.671,115.993,107.197,1.004,1.033,1.127,10.054,108.204,100.697,113.446,1.001,1.017,1.122,10.397,109.345
1,42.456,116.37,107.677,0.98,1.011,1.131,9.971,116.033,109.327,117.287,1.107,1.042,1.028,11.747,116.535
2,42.596,101.872,97.341,94.86,102.787,1.044,105.376,9.76,104.577,97.266,105.267,103.346,1.075,107.04,10.811
4,43.135,0.962,109.788,10.675,9.373,10.195,9.697,98.766,0.955,98.573,10.619,11.095,10.455,9.798,116.802
1,43.95,110.099,114.997,0.977,1.06,1.125,10.826,103.491,108.734,114.271,0.974,0.974,1.136,10.779,103.108
2,44.169,100.209,106.689,109.482,113.869,1.052,103.084,10.935,99.749,103.534,107.507,105.818,1.014,98.672,9.89
1,44.495,114.133,107.727,1.004,1.063,0.993,11.778,109.758,108.024,112.533,0.995,1.01,1.096,11.196,115.481
2,44.745,106.801,100.308,100.85,105.977,1.078,108.835,9.769,113.328,98.682,101.422,106.813,1.145,93.566,11.119
2,45.401,101.402,105.203,95.304,112.544,1.122,96.171,10.822,106.251,104.739,96.957,117.585,1.052,96.096,10.278
3,45.485,102.044,1.045,10.386,114.586,99.007,116.18,97.851,117.325,1.028,10.853,97.964,101.274,116.143,97.04
3,45.634,105.22,1.096,10.5,111.979,103.543,113.219,104.187,99.933,1.087,10.09,109.076,111.015,112.692,111.142
1,45.694,115.375,115.223,1.069,1.146,1.096,11.236,105.411,110.42,111.339,1.072,1.142,0.978,10.04,102.435
4,46.859,1.123,96.661,10.463,9.828,10.46,10.457,109.207,1.063,97.419,10.807,10.428,9.428,10.656,109.977
3,46.937,101.825,1.137,10.512,112.353,99.836,115.202,111.778,113.938,1.01,10.307,112.217,110.018,101.983,113.891
4,47.348,1.058,95.63,9.268,9.577,9.287,9.388,115.513,1.014,111.117,10.088,10.498,11.006,9.666,98.444
3,48.3,103.592,1.172,10.731,107.45,103.349,101.465,101.638,111.927,1.036,10.114,103.27,98.608,100.827,109.715
1,48.436,101.942,116.003,1.054,0.999,0.992,11.755,103.808,117.485,101.06,1.063,1.138,1.056,9.903,114.233
3,48.547,101.059,1.153,11.41,97.931,100.705,109.905,98.759,115.664,1.087,11.267,106.052,111.187,101.505,109.136
2,48.8,108.216,104.279,93.583,114.764,1.072,107.49,10.041,99.871,107.573,108.634,111.501,1.117,109.061,9.722
2,49.686,114.544,111.759,101.389,108.594,1.139,93.604,10.179,110.272,107.603,96.155,109.165,1.107,98.524,9.903
1,49.726,114.102,114.817,0.939,1.139,1.028,10.605,110.051,105.638,107.924,1.11,1.046,1.034,11.761,110.815
3,49.979,109.167,1.04,11.417,114.733,101.357,98.26,112.665,106.976,1.125,11.54,101.866,104.569,105.13,106.209
2,50.077,106.638,97.943,98.937,112.945,1.049,93.352,10.433,104.39,96.869,100.495,108.448,1.154,96.678,10.826
4,50.232,0.977,102.134,10.427,10.36,10.169,10.319,103.155,1.065,106.241,10.209,9.927,9.508,9.575,111.407
4,50.971,0.991,100.343,10.669,9.7,9.539,10.443,103.047,1.036,103.636,10.776,9.787,10.176,9.207,103.368
4,51.135,1.081,110.364,9.994,11.016,9.812,10.07,113.468,1.038,102.417,10.918,9.438,9.443,10.874,110.348
1,51.313,103.753,112.541,1.036,1.022,1.138,10.88,111.496,118.437,117.004,1.11,0.986,0.977,11.582,111.427
3,51.448,107.559,1.082,10.512,110.935,97.969,101.341,98.09,99.656,1.12,11.413,113.743,100.182,98.067,113.586
1,51.8,118.147,101.268,1.085,1.086,1.089,10.171,115.777,103.01,103.368,1.004,1.054,1.012,10.383,115.065
3,51.815,110.383,1.169,10.334,100.62,101.787,114.927,98.637,102.846,1.069,10.199,113.32,111.041,107.4,105.35
1,52.601,114.918,116.269,0.947,0.991,1.009,11.566,104.192,116.328,111.137,1.068,1.0,1.048,11.698,104.863
2,52.641,106.787,114.7,100.878,108.96,1.155,108.989,10.044,105.977,108.723,95.007,104.287,1.109,104.774,9.571
3,52.776,115.716,1.064,11.124,112.605,100.538,109.252,111.882,113.798,1.087,11.814,102.925,101.591,100.437,102.506
3,53.875,110.553,1.076,10.539,113.177,102.53,107.262,96.935,108.602,1.175,11.423,114.726,98.038,111.483,114.78
1,53.903,102.822,105.891,1.006,1.035,1.094,10.502,109.781,103.291,113.405,0.956,1.125,1.038,10.365,103.02
2,54.125,114.825,100.267,110.238,117.36,1.034,100.442,10.316,106.655,96.994,102.354,100.53,1.142,92.669,11.195
4,54.295,1.123,99.164,10.296,9.497,10.963,9.598,102.747,0.989,108.827,10.467,10.918,9.915,9.381,99.084
3,54.451,115.117,1.015,11.186,108.967,114.369,116.026,97.23,104.138,1.144,10.721,109.75,114.01,101.592,100.381
4,55.416,1.018,111.642,9.519,9.975,9.489,10.226,109.017,1.046,100.489,10.172,10.854,10.064,9.18,111.093
4,55.791,1.084,112.389,9.984,10.936,10.312,9.739,104.105,1.121,111.148,10.161,9.861,9.613,10.614,110.091
1,55.977,101.85,113.507,1.096,1.023,1.029,10.88,115.053,102.588,102.518,0.991,1.069,0.978,10.467,107.622
1,56.696,116.26,117.496,0.959,1.086,1.007,10.351,118.516,104.196,110.536,1.038,1.121,1.101,10.975,115.36
4,57.079,1.093,105.994,9.217,10.265,10.602,10.346,109.991,1.089,101.103,10.57,9.577,9.466,10.042,98.444
1,57.625,101.324,103.684,1.086,0.971,1.075,10.314,104.352,110.102,113.405,1.107,0.965,1.071,10.492,109.107
1,58.098,111.539,103.196,0.986,0.994,1.108,11.512,102.522,107.158,113.962,1.006,1.086,1.093,11.305,116.839
2,58.278,112.195,99.817,97.091,112.587,1.028,104.559,10.828,103.277,103.08,98.759,99.694,0.99,92.686,9.479
2,58.297,99.891,112.289,95.81,109.511,1.149,98.738,9.722,106.655,102.791,105.502,104.908,1.074,98.254,10.061
2,59.09,102.399,107.379,108.861,108.524,1.008,102.448,11.16,104.003,105.594,109.161,112.908,1.02,101.686,10.064
1,59.14,104.652,100.019,0.948,1.019,1.067,10.426,103.638,114.298,114.886,0.948,1.111,1.139,10.271,104.547
1,59.687,117.779,115.198,0.965,1.139,1.048,10.608,109.689,103.291,111.159,1.114,1.05,1.101,10.974,109.781
4,59.774,0.951,106.424,9.863,9.763,10.813,9.27,110.769,1.128,103.387,9.51,10.073,10.769,10.733,103.959
2,59.875,99.262,112.519,105.267,105.571,1.064,98.738,9.548,111.45,103.57,96.037,99.895,1.118,106.562,10.973
4,59.925,1.107,105.277,9.557,10.027,9.372,10.616,115.538,0.964,99.745,9.386,10.15,10.996,9.402,102.891
3,60.808,105.479,1.042,11.769,102.144,113.721,107.534,98.198,114.543,1.045,10.906,105.339,109.231,105.243,98.346
2,61.78,109.145,96.966,100.066,115.211,1.009,97.462,9.641,113.266,97.237,108.579,110.194,1.05,103.3,10.539
2,61.938,109.724,108.03,96.957,111.178,1.074,106.019,10.345,108.003,102.751,96.903,99.487,1.116,102.986,10.181
2,61.956,112.464,110.902,110.292,112.956,1.142,96.165,10.799,115.237,111.27,107.213,107.8,1.088,105.809,9.616
3,62.262,106.792,1.013,11.595,108.642,110.345,109.525,102.401,104.963,1.095,10.343,103.986,101.466,99.663,106.692
4,62.403,1.086,112.362,10.518,9.741,9.875,10.835,114.727,1.123,106.424,9.236,9.895,10.272,10.508,103.702
4,62.645,1.093,99.669,10.776,10.337,10.049,9.718,108.611,1.085,106.903,9.902,10.911,10.417,9.171,110.123
3,62.863,116.237,1.033,11.271,102.738,105.561,110.351,112.573,114.035,1.126,11.151,101.433,103.864,105.137,104.813
3,63.165,103.023,1.128,10.058,111.621,114.504,104.948,96.871,108.673,1.123,11.062,102.937,100.254,111.354,113.471
3,63.359,101.149,1.148,10.41,106.042,104.492,98.617,99.863,113.545,1.025,10.825,109.846,97.808,106.399,110.044
4,63.719,0.96,106.183,10.071,9.358,10.278,10.672,104.37,1.042,113.081,10.818,10.258,9.323,9.435,100.902
3,63.957,112.962,1.099,10.445,98.229,96.545,112.692,99.7,105.112,1.173,10.61,99.504,109.484,112.743,98.462
3,64.228,110.697,1.115,10.026,110.781,104.902,101.463,99.803,102.391,1.176,10.556,112.15,113.6,97.968,110.225
4,65.077,1.012,98.644,10.672,10.287,9.274,9.386,103.026,1.012,105.865,10.671,10.924,9.759,9.258,104.587
1,65.505,109.235,110.514,1.05,1.06,1.006,10.89,102.037,105.212,115.242,0.967,1.123,0.997,10.417,100.837
2,65.837,107.828,101.795,96.643,117.212,1.022,103.583,9.504,115.328,107.057,110.311,104.037,1.091,100.488,10.411
4,66.46,1.001,109.333,10.073,9.468,10.652,9.166,103.485,0.991,105.823,10.022,9.677,9.262,10.851,113.105
3,66.501,107.222,1.043,10.016,105.92,100.445,104.331,111.488,111.327,1.174,11.287,113.288,110.105,103.103,104.813
2,66.777,110.32,104.791,109.83,116.841,1.163,92.323,10.361,102.029,98.274,109.037,117.369,1.142,107.928,10.591
3,67.516,109.12,1.042,10.589,103.526,108.628,102.439,107.455,106.197,1.137,10.284,97.908,102.048,109.658,103.921
3,68.632,99.546,1.109,10.386,110.582,107.06,102.502,99.78,109.386,1.09,11.635,111.621,111.242,105.749,96.992
3,68.67,105.149,1.174,11.568,105.778,110.092,116.322,105.285,106.832,1.093,11.06,100.314,107.156,101.722,104.104
2,69.327,98.14,106.023,95.292,117.48,0.998,98.672,10.486,113.268,104.535,107.695,100.664,1.142,93.604,9.944
4,69.411,1.081,98.577,10.001,11.069,9.57,10.848,114.393,1.109,102.758,9.47,10.841,9.652,10.433,99.972
1,69.425,107.666,104.177,1.025,0.966,0.989,11.074,103.833,108.92,106.99,1.076,1.005,1.127,10.094,118.458
4,69.613,1.129,98.489,10.88,9.636,10.011,9.641,110.579,1.075,105.502,10.222,10.155,10.928,9.849,112.92
3,69.662,104.249,1.113,11.833,108.786,105.788,110.514,113.542,106.707,1.064,10.901,98.257,103.125,107.041,108.462
2,69.879,112.602,101.075,107.803,105.639,1.053,102.989,10.001,115.578,104.629,104.822,100.072,1.103,104.576,9.446
3,69.918,106.718,1.036,10.736,110.748,111.779,105.287,111.142,103.143,1.037,10.401,99.004,101.264,115.698,108.802
3,69.924,113.395,1.039,10.334,98.361,99.733,101.232,100.84,113.677,1.002,10.543,108.363,106.374,112.907,102.523
4,70.004,1.035,111.376,10.242,10.951,9.75,9.938,115.485,1.092,104.861,9.42,9.5,10.312,9.629,102.292
2,70.222,105.988,101.984,103.438,99.193,1.038,104.851,9.937,110.553,105.365,107.014,109.266,1.112,101.277,10.135
3,70.282,103.684,1.073,10.699,97.908,102.939,101.836,103.232,101.863,1.162,10.899,103.328,109.341,116.528,112.386
3,70.971,117.354,1.099,10.474,101.329,104.557,107.914,103.312,101.862,1.152,10.706,110.116,109.543,107.325,106.386
1,71.653,115.85,112.096,0.998,1.105,1.001,11.649,100.357,113.802,100.376,1.1,1.015,0.972,10.103,113.695
1,72.372,102.29,109.303,1.056,1.05,1.002,10.836,104.589,101.503,105.33,1.038,1.067,0.98,10.616,112.764
2,73.083,111.747,112.395,99.875,117.095,1.132,100.835,10.94,114.731,112.344,103.152,114.359,1.085,98.471,10.083
2,73.311,108.629,97.482,107.17,116.958,1.125,96.948,10.09,103.116,101.806,109.637,103.185,1.024,93.892,10.132
1,73.588,111.214,101.2,1.033,1.029,1.125,10.713,110.1,114.869,108.972,0.99,1.138,0.984,10.101,105.756
2,73.68,106.638,106.741,100.294,115.532,1.154,94.076,10.546,111.002,104.296,100.739,103.895,1.032,101.277,10.389
2,73.882,101.502,106.762,110.162,102.701,1.035,106.598,11.09,103.543,104.941,103.967,106.653,1.06,100.349,10.922
1,74.3,117.46,109.281,1.09,1.081,1.009,10.952,110.584,104.901,111.74,1.001,1.105,1.066,10.168,117.789
1,74.333,117.506,104.178,0.966,1.124,1.051,11.463,118.459,103.866,108.134,1.084,1.082,1.0,10.976,109.691
2,74.408,107.562,97.311,97.61,115.437,0.993,106.657,10.195,109.532,97.485,104.979,113.901,1.011,95.53,9.68
1,74.808,104.017,108.548,1.025,1.114,0.974,10.426,104.784,105.081,114.623,1.083,1.106,0.994,9.911,100.76
3,75.624,103.737,1.144,10.582,103.545,107.623,98.802,111.412,104.181,1.15,10.504,102.404,111.854,99.369,113.364
3,77.392,112.299,0.994,10.026,106.608,112.765,101.239,100.632,110.782,0.996,10.252,113.607,103.463,100.19,105.86
2,77.576,97.629,114.605,109.726,107.642,1.022,106.676,9.64,112.126,107.137,103.943,103.634,1.12,103.447,10.648
4,78.44,0.973,101.186,10.709,9.362,10.523,9.229,110.623,1.096,108.842,10.277,10.875,10.525,10.635,101.654
2,78.861,99.499,106.023,98.397,108.047,1.108,94.516,10.811,108.922,113.652,103.507,99.746,1.026,108.043,10.313
1,80.33,114.128,104.207,0.984,0.974,1.037,11.615,105.756,104.017,100.878,1.089,1.055,1.078,10.285,106.529
2,80.357,104.291,112.142,95.504,110.404,1.049,109.151,9.872,103.277,110.063,97.868,102.606,1.047,106.173,10.342
1,80.757,101.066,102.694,0.978,1.056,1.009,11.358,112.602,102.527,107.645,1.059,0.992,1.097,10.909,118.456
3,81.272,104.162,1.041,11.233,105.778,105.838,102.156,107.043,99.911,1.133,11.053,100.345,99.079,98.952,112.665
2,81.288,108.308,99.932,94.664,109.937,1.067,104.883,10.761,109.599,98.844,93.406,116.579,1.142,107.4,10.474
3,81.491,115.079,1.154,11.495,101.23,99.926,112.479,100.199,109.328,1.047,11.263,105.152,99.482,104.306,112.647
4,81.593,0.988,112.139,9.243,10.859,9.57,10.2,99.936,1.042,109.708,9.577,9.442,10.723,9.236,103.128
3,81.709,112.984,1.026,10.341,99.518,114.17,115.597,112.138,104.63,1.047,11.032,113.078,108.782,109.003,112.665
3,82.207,115.732,1.17,10.685,104.732,111.721,108.137,106.753,108.093,1.025,10.015,101.923,100.907,116.262,98.701
2,82.344,114.012,102.783,94.017,105.154,1.04,102.163,10.621,102.647,110.361,109.426,99.556,1.069,93.994,9.988
4,82.436,1.001,104.666,10.025,10.862,10.411,9.378,111.441,1.021,103.863,9.51,11.105,10.501,9.631,116.922
4,82.442,0.969,97.519,9.282,9.522,9.295,9.692,98.602,1.097,102.795,10.864,10.105,9.483,9.957,112.618
1,82.577,109.175,101.051,1.038,0.987,1.091,9.978,103.231,103.346,115.31,1.084,1.038,1.095,11.051,103.126
3,83.142,108.931,1.125,11.096,102.544,113.185,102.678,98.897,111.239,0.997,10.356,106.608,96.806,105.13,112.584
3,83.149,106.754,1.113,10.341,107.766,97.129,111.483,105.256,112.299,1.035,10.889,115.365,98.6,102.21,98.466
4,83.234,1.101,98.031,9.397,10.42,10.278,9.689,106.918,0.999,103.548,10.397,9.677,9.644,9.993,98.955
4,83.59,0.999,111.515,10.335,9.437,9.278,9.507,101.9,1.033,109.336,10.091,10.42,10.105,10.466,113.648
1,83.737,103.037,105.835,1.007,1.059,1.113,10.777,117.196,118.41,113.759,1.103,1.018,0.969,10.188,109.758
2,84.885,111.898,110.299,95.784,102.602,1.071,106.562,9.818,104.483,100.586,100.258,115.628,1.091,103.169,10.284
3,85.09,118.264,1.061,11.244,98.155,107.166,114.035,110.504,113.728,1.144,10.584,100.822,102.166,113.52,98.708
4,85.653,1.069,101.259,10.451,11.017,9.875,9.166,102.486,1.069,110.799,10.526,9.438,10.831,9.523,98.661
2,86.084,107.668,99.855,104.738,108.465,1.032,103.716,11.198,114.105,108.95,95.672,107.326,1.021,100.708,9.885
2,87.209,97.988,114.432,103.11,99.708,1.059,92.849,9.809,110.185,109.178,102.663,117.147,1.098,101.706,9.78
3,87.251,112.769,1.04,10.863,101.862,110.296,108.291,101.988,113.928,0.997,10.334,103.526,105.294,113.949,105.256
3,87.45,112.352,1.177,10.688,112.671,101.488,100.033,108.762,103.982,1.065,10.45,116.368,113.497,111.736,98.242
3,87.551,118.16,1.173,10.739,103.591,101.494,108.104,109.043,109.344,1.047,11.442,101.738,107.942,103.574,102.328
2,87.721,107.828,98.436,103.657,117.691,1.021,105.147,9.998,106.37,106.427,101.032,115.562,1.027,109.018,9.808
2,88.152,103.046,101.742,101.577,104.464,1.108,101.452,10.653,110.185,110.384,97.923,113.6,1.15,109.262,10.714
3,89.165,109.16,1.056,11.609,115.534,99.72,99.554,100.509,101.177,1.064,10.225,104.622,110.561,106.98,113.891
3,89.289,111.254,1.005,10.6,103.433,101.357,116.262,103.921,111.869,1.1,10.848,99.262,104.569,102.263,105.299
4,89.484,1.025,107.38,10.433,10.678,10.096,9.451,106.569,1.054,106.71,9.673,9.844,10.779,9.687,108.604
1,90.002,112.579,115.979,1.087,1.124,1.038,10.162,117.786,109.206,100.997,0.991,0.986,1.146,10.877,115.254
1,90.298,116.325,116.252,1.04,1.048,1.13,10.426,106.935,106.424,113.381,0.997,1.121,1.108,11.747,114.233
1,90.301,114.457,103.541,0.96,1.04,1.022,10.528,118.427,108.12,101.431,0.947,1.056,1.019,11.214,109.859
3,90.425,105.72,1.064,11.842,114.827,104.282,111.579,112.801,116.237,1.041,11.456,104.531,101.787,100.031,96.652
4,90.951,0.98,100.599,10.315,10.775,9.724,10.832,100.817,1.009,103.754,9.97,10.458,9.521,9.294,107.865
4,90.976,1.035,112.975,9.247,9.423,10.996,9.327,99.873,0.97,108.61,9.854,10.642,10.139,9.777,100.292
1,91.214,106.722,111.98,1.103,1.116,1.078,10.359,115.035,117.352,111.116,0.947,1.001,1.126,9.931,107.948
2,91.27,112.449,105.704,101.08,105.571,1.097,96.685,9.811,100.407,114.918,100.853,106.419,1.128,96.277,9.914
1,92.008,111.94,105.832,1.101,1.06,1.019,11.213,108.981,116.788,105.085,1.061,1.132,1.058,10.034,115.636
4,92.654,1.03,104.58,10.578,9.826,10.073,10.294,113.337,0.972,106.061,10.582,9.638,9.968,10.295,103.107
3,93.316,112.966,1.134,10.461,112.781,103.26,113.24,106.427,104.679,1.17,10.44,109.3,112.642,106.1,96.659
4,93.711,1.119,108.829,9.904,11.008,9.337,10.378,110.769,1.071,103.925,10.632,10.424,10.009,10.874,104.157
2,93.96,101.402,110.782,103.715,113.041,1.113,109.63,9.767,112.046,115.108,100.239,105.662,1.056,102.459,10.572
4,94.634,1.038,109.783,10.426,10.04,10.633,9.849,102.542,1.098,100.684,9.477,9.361,10.525,10.344,103.336
3,94.87,102.396,1.001,11.033,102.295,104.445,106.799,105.237,103.481,1.04,11.542,114.614,98.399,101.105,110.133
4,94.944,0.982,102.323,10.117,10.099,9.517,10.647,98.839,1.104,108.136,10.011,10.841,10.932,10.518,101.76
4,95.035,1.066,95.443,9.647,9.738,9.82,9.766,99.277,1.066,109.188,9.963,9.405,9.968,10.216,101.588
1,95.181,107.94,115.18,0.998,1.108,1.07,10.38,114.27,114.806,104.997,1.082,1.147,0.993,10.88,111.067
3,95.922,105.314,1.117,11.705,109.438,101.466,99.651,110.734,100.217,1.032,11.665,112.031,97.203,110.196,105.787
2,95.976,110.402,100.855,105.429,115.928,1.147,99.074,9.956,101.928,113.661,104.16,117.369,1.026,104.774,10.338
3,96.404,106.458,1.04,10.862,107.855,103.077,102.252,113.701,117.43,1.173,10.743,115.557,103.716,111.286,103.606
4,96.912,0.956,97.828,9.216,10.525,9.492,9.708,104.364,1.114,109.33,10.368,9.88,9.31,10.855,113.838
4,97.71,1.02,108.991,9.926,9.828,9.982,9.725,100.79,1.123,108.292,9.893,9.447,10.199,9.464,99.676
2,97.736,114.356,113.871,97.905,109.223,1.001,92.459,10.144,111.321,102.614,105.656,104.976,1.124,103.479,10.751
2,98.821,100.424,97.674,104.882,100.239,1.001,106.857,9.589,112.068,98.243,103.672,109.223,1.107,97.987,9.479
1,99.056,100.835,103.754,1.03,1.126,1.134,10.845,104.503,112.279,99.699,1.105,1.035,1.022,11.208,111.168
4,99.261,1.092,113.096,10.839,10.709,9.603,10.241,111.975,0.994,106.286,10.299,9.734,9.894,10.103,108.611
3,99.455,109.512,1.165,10.255,110.604,102.212,113.813,98.359,112.938,1.018,11.608,111.038,98.84,103.12,105.45
4,100.251,1.086,102.871,10.002,10.452,9.826,10.322,105.884,0.976,99.011,10.632,10.924,10.312,10.616,114.997
4,100.272,0.982,109.743,9.78,10.265,10.369,9.704,106.747,1.002,111.606,10.707,10.082,9.643,9.557,116.933
3,101.2,106.963,0.994,11.413,113.588,101.274,98.628,106.324,108.673,1.058,10.555,98.903,108.813,98.31,105.285
1,101.532,117.372,112.599,1.064,1.009,1.105,11.596,110.815,117.287,113.779,0.966,1.029,1.051,10.718,103.762
2,101.639,108.811,112.519,101.146,110.591,1.161,99.506,10.213,99.535,99.702,97.923,108.364,1.012,103.352,9.621
4,102.127,1.123,102.035,10.327,10.066,10.071,9.674,110.496,1.03,108.171,10.168,11.032,10.215,9.882,112.205
3,102.204,101.074,1.031,10.266,98.365,103.739,108.271,106.507,117.727,1.09,11.06,112.666,109.362,114.683,106.507
1,102.594,115.215,116.252,1.093,0.99,0.974,10.113,102.522,112.461,115.492,1.099,1.025,1.055,11.03,110.76
2,102.884,100.791,111.637,95.454,117.369,1.148,97.147,9.429,101.308,113.708,106.643,99.284,1.009,104.037,10.335
4,103.027,0.954,107.488,10.839,10.262,9.628,10.167,106.28,1.12,99.842,9.355,10.987,10.022,9.436,115.529
1,103.288,104.129,102.694,1.034,1.12,1.022,10.593,100.204,107.558,117.128,1.1,1.046,0.97,11.078,102.781
2,103.344,101.765,107.966,106.165,113.56,1.087,93.011,9.705,113.072,109.108,103.406,104.646,1.106,98.672,9.621
2,103.611,102.854,98.844,103.329,105.135,1.16,92.433,11.051,112.141,105.343,109.299,106.051,1.056,95.686,9.956
1,103.738,111.268,104.331,0.946,1.087,1.056,10.229,111.036,100.414,112.277,1.107,1.076,1.077,10.928,109.691
2,104.018,104.139,112.609,102.382,103.877,1.153,108.914,9.55,115.638,105.001,105.05,105.113,1.052,96.685,10.518
4,105.196,1.0,96.35,9.713,9.778,10.929,9.379,103.096,0.964,105.164,10.181,10.239,10.711,10.311,110.073
1,105.381,106.433,105.151,1.055,0.976,1.041,10.168,104.775,100.25,111.824,1.034,1.024,1.005,9.943,114.975
4,106.225,1.003,100.982,9.247,10.859,10.32,9.664,110.406,1.119,95.757,10.014,10.42,10.341,9.237,110.496
3,106.417,104.274,1.049,10.306,110.34,109.543,100.123,105.237,115.839,1.091,10.5,103.591,107.623,104.388,99.035
2,106.951,102.378,112.142,103.423,115.576,1.03,99.31,10.364,115.433,113.637,105.618,109.798,1.069,102.721,10.144
2,108.009,112.139,111.599,98.275,117.35,1.113,104.692,9.532,106.904,111.467,95.721,101.865,1.074,97.692,10.9
3,108.128,117.381,1.173,10.353,99.154,111.704,102.862,101.671,113.833,1.115,10.863,110.604,98.43,105.781,104.795
3,108.439,113.452,1.131,10.685,113.355,111.914,107.328,113.003,105.269,1.056,10.575,108.293,101.582,108.317,101.737
1,109.205,117.649,108.548,1.005,1.057,1.105,10.779,104.444,118.055,103.885,1.046,1.09,0.968,10.338,103.126
3,109.255,100.771,1.159,10.157,115.858,101.56,108.496,96.67,103.684,1.066,11.686,108.192,105.406,107.575,113.351
2,109.764,98.148,97.505,93.915,103.742,1.136,99.224,9.862,107.712,98.695,95.84,115.072,1.006,109.262,10.969
2,109.915,113.118,111.991,102.602,111.501,0.987,101.217,9.666,110.218,111.332,93.476,115.83,1.036,108.989,10.621
2,111.005,110.753,110.848,100.85,112.196,0.987,94.516,10.289,108.811,98.968,109.3,111.961,1.096,105.662,9.998
2,111.093,110.664,103.239,103.088,103.918,1.077,97.91,10.914,99.475,101.226,95.464,105.124,1.119,96.33,10.837
3,111.826,110.524,1.16,11.576,107.143,101.619,115.193,111.076,116.898,1.064,10.461,98.881,110.585,115.544,104.06
4,112.229,1.074,102.504,10.397,10.531,10.195,9.919,114.998,1.05,110.83,10.88,10.528,10.506,9.546,109.207
2,112.361,105.27,109.724,104.9,110.71,0.995,96.333,9.769,104.971,107.716,94.98,102.872,0.989,106.935,10.793
4,112.394,0.972,112.309,10.081,9.911,9.47,10.39,109.793,1.054,107.46,10.508,9.616,10.676,10.038,112.818
2,113.272,115.433,113.831,95.348,115.072,1.098,101.903,10.064,111.78,105.343,100.739,107.606,1.136,107.244,10.862
2,113.316,113.814,108.193,104.166,115.298,1.12,102.317,9.919,112.309,98.602,99.455,112.319,1.097,106.579,10.969
1,113.376,111.214,115.571,1.064,1.064,1.048,11.604,117.916,114.758,103.6,1.051,1.011,1.059,10.055,114.791
4,113.614,1.001,112.546,9.196,11.046,10.794,10.459,110.943,0.99,102.758,10.114,9.763,9.673,10.48,106.233
2,113.625,104.888,104.686,95.231,111.503,1.045,95.357,10.997,102.378,110.902,110.13,103.184,1.128,99.232,9.483
4,113.629,1.067,109.657,10.427,9.707,9.412,10.322,114.57,1.043,100.402,9.773,9.504,10.65,10.754,103.705
4,113.656,0.97,100.842,10.098,10.847,10.553,9.667,101.836,0.957,109.663,9.612,10.9,10.388,9.963,99.369
1,113.807,108.966,106.981,0.959,0.97,1.124,11.018,111.988,117.264,104.493,1.061,1.011,0.998,11.5,107.518
3,114.647,102.957,1.011,11.779,104.381,99.989,106.115,106.386,110.526,0.993,11.537,112.353,112.823,112.031,100.476
2,114.839,103.504,104.091,106.966,100.744,1.1,99.767,10.874,112.139,101.595,100.925,112.85,1.008,104.858,9.455
3,115.413,112.984,1.096,11.64,101.298,111.937,111.483,98.513,104.963,1.131,11.826,105.733,103.556,101.592,98.251
4,115.687,1.099,109.892,10.002,10.442,10.406,10.425,98.429,1.08,107.443,9.451,10.414,10.39,10.325,117.07
1,115.933,113.65,99.469,1.09,1.064,1.146,10.189,104.891,107.82,116.862,1.001,1.135,1.093,11.767,99.961
3,116.013,107.586,1.154,11.027,102.942,105.461,100.043,98.242,115.903,1.041,11.091,101.599,105.672,106.646,114.641
2,116.694,106.904,114.445,102.014,117.614,1.068,92.323,9.958,99.877,109.974,94.623,107.956,1.079,99.224,10.167
2,116.766,113.385,109.025,95.646,115.437,1.142,106.857,10.922,104.751,98.493,110.075,117.784,1.1,108.989,10.486
3,117.986,114.268,1.073,10.262,98.436,98.121,112.819,102.05,107.201,1.001,10.894,98.186,113.418,105.583,101.78
2,118.005,105.989,99.063,105.267,99.966,1.117,100.751,10.881,109.515,97.685,107.332,109.398,1.033,106.898,9.479
1,118.652,111.54,108.094,1.072,1.01,1.019,10.457,112.719,101.316,101.987,0.937,1.025,1.117,10.89,104.433
2,118.831,112.27,110.558,101.594,103.372,1.051,101.766,10.308,113.178,98.062,102.597,111.494,1.135,106.694,10.518
1,119.734,108.069,99.851,1.013,0.984,1.116,10.586,104.827,117.528,109.485,1.09,1.14,1.106,11.142,111.87
1,120.324,114.014,117.612,0.985,0.967,1.041,10.178,100.762,115.872,117.738,1.017,1.063,1.033,11.517,105.997
1,120.932,100.329,103.946,1.085,1.113,1.118,11.035,106.189,115.968,109.801,1.02,1.08,1.118,11.437,101.155
1,121.015,104.197,113.163,1.079,1.04,1.043,11.039,101.22,114.869,110.085,0.951,1.034,1.079,10.353,118.568
4,121.28,0.958,97.14,10.822,9.497,9.494,10.818,112.603,1.059,103.636,10.727,10.291,9.695,10.238,111.075
3,122.245,107.115,1.125,11.152,112.821,103.26,108.267,104.069,108.807,1.011,11.619,112.221,112.412,108.267,104.228
1,122.388,110.712,112.859,1.09,1.116,1.135,10.568,103.911,106.433,106.481,1.004,1.11,1.003,10.648,110.565
1,122.794,104.808,110.625,1.058,1.074,1.144,10.781,118.218,113.911,109.325,1.033,1.101,0.978,9.902,100.549
3,122.929,112.851,1.015,10.737,103.326,96.913,103.307,99.7,110.049,1.141,10.512,114.674,99.995,115.861,107.427
3,123.04,118.048,1.023,10.318,107.602,107.179,104.856,110.212,104.178,1.012,11.492,102.148,104.174,115.35,107.937
2,123.075,99.309,102.72,94.58,107.693,1.034,98.0,11.119,106.911,107.573,98.434,103.274,1.05,102.912,10.914
2,123.133,100.331,98.643,100.351,102.655,1.036,109.583,9.98,106.928,97.051,95.374,112.689,1.021,99.552,11.051
2,123.321,110.753,103.837,108.263,110.125,1.111,107.361,11.203,99.997,114.9,105.267,111.234,1.132,109.715,10.195
3,125.129,116.308,1.129,11.765,114.863,111.658,98.788,112.063,118.13,1.012,11.012,111.182,96.61,108.104,113.089
3,125.155,113.223,1.1,11.386,103.326,109.484,106.652,110.423,111.699,1.046,11.0,104.784,101.469,108.442,99.584
1,125.206,118.585,109.395,1.056,1.021,1.141,11.012,101.068,117.728,114.927,1.032,1.039,1.046,11.477,114.282
2,125.434,102.032,110.114,107.463,115.163,1.06,96.171,9.766,113.475,112.142,99.44,104.25,0.986,102.851,11.044
2,125.444,100.674,100.884,101.398,105.696,1.052,94.992,10.66,102.99,110.99,97.413,110.616,1.147,102.848,11.197
4,125.624,0.999,106.038,10.807,10.37,9.392,9.565,115.831,0.957,108.61,9.424,10.234,9.719,10.459,114.534
1,126.769,116.061,116.397,1.019,1.045,1.102,11.66,108.614,103.892,105.529,0.988,1.026,1.047,11.03,102.928
2,126.793,108.185,112.366,101.299,109.494,1.119,96.524,10.726,112.102,104.427,96.985,101.641,1.025,104.717,10.926
1,126.943,107.328,113.61,1.093,1.068,1.028,10.977,109.253,117.264,112.238,0.998,1.113,1.067,10.453,105.411
1,127.516,99.944,107.765,0.962,0.985,1.084,10.736,109.482,107.712,104.177,1.055,0.966,1.023,11.73,111.948
2,128.329,109.198,104.473,110.015,107.642,1.079,99.294,9.811,106.639,111.768,107.952,106.242,1.07,104.308,9.9
3,128.358,100.413,1.066,11.217,108.62,113.697,103.527,97.428,105.917,0.997,11.565,100.53,98.6,107.993,103.824
4,128.632,1.002,102.099,10.333,9.688,9.81,10.396,113.423,1.037,107.577,9.955,10.887,9.673,9.318,116.652
1,130.147,114.555,100.641,1.015,1.071,1.001,11.189,111.28,100.436,100.308,1.063,1.131,1.064,10.879,104.069
1,131.552,111.214,113.474,1.042,1.128,0.966,11.257,116.059,104.855,100.025,0.956,1.051,1.042,10.113,114.555
1,131.949,106.91,104.557,1.112,1.075,1.124,10.009,102.424,100.135,116.337,1.078,0.986,0.974,10.344,107.304
1,132.484,104.826,113.696,1.016,0.976,1.064,10.83,118.532,106.397,108.219,1.076,1.065,1.044,11.164,100.967
4,132.905,1.018,110.959,10.039,10.059,9.521,10.21,113.952,0.982,97.007,9.224,9.765,9.31,9.172,106.543
1,132.958,111.726,103.644,0.989,1.079,1.079,10.914,116.957,103.473,102.256,0.95,1.023,1.079,10.902,114.031
4,133.033,1.015,97.269,9.455,9.956,9.999,10.856,114.057,1.04,103.344,10.878,10.847,10.996,9.376,102.651
4,133.07,0.971,100.434,10.038,9.537,10.514,9.467,114.365,1.125,110.069,10.699,9.78,9.784,10.102,116.628
2,133.398,106.858,100.709,101.466,102.735,1.022,102.991,10.313,112.653,104.091,102.662,99.211,1.074,105.664,10.715
1,133.485,108.533,101.917,1.09,1.144,0.994,10.648,115.035,115.114,106.957,0.988,1.073,1.086,11.777,104.336
2,134.315,104.756,98.422,100.739,107.963,1.042,102.25,9.793,109.007,99.646,103.836,109.376,1.071,100.892,10.316
2,135.567,108.258,109.578,106.085,108.722,1.053,105.385,10.119,104.816,106.509,106.99,110.334,1.02,95.357,9.779
2,135.624,116.03,99.358,93.501,109.259,0.997,106.673,11.102,110.091,109.721,100.498,109.758,1.052,101.611,9.479
2,135.707,104.967,112.309,102.179,104.279,1.146,105.602,10.624,111.329,111.952,106.866,106.845,1.105,92.711,9.673
1,135.853,110.845,100.523,0.945,0.974,1.004,10.777,102.306,105.45,108.771,1.008,1.126,1.054,10.568,114.031
3,136.242,104.774,1.053,10.674,109.684,100.615,101.836,113.812,99.875,1.017,11.546,110.497,111.165,99.126,102.433
3,136.313,113.189,1.115,11.341,111.984,105.561,111.475,111.693,117.432,1.175,10.05,111.316,113.083,104.043,112.537
3,136.376,109.32,1.003,10.027,104.869,100.388,106.367,100.632,107.35,1.133,11.341,104.216,103.089,108.035,111.715
3,136.43,111.489,1.015,10.111,101.713,112.885,112.104,107.493,107.784,1.126,10.32,108.869,107.583,106.467,102.242
2,136.538,114.731,108.26,99.537,103.314,1.134,105.809,10.755,101.945,98.743,94.456,101.27,1.017,104.453,10.161
1,136.979,114.399,101.329,1.05,1.051,1.131,9.917,111.546,112.455,104.782,0.998,1.06,1.054,11.43,104.668
4,137.472,1.0,108.971,10.604,11.037,10.169,9.493,116.652,0.998,111.176,9.902,10.797,10.624,10.196,112.891
2,137.552,114.825,97.696,101.196,103.189,0.985,103.608,9.532,99.341,104.35,103.794,109.687,1.087,109.133,9.436
2,138.378,112.363,104.791,102.391,102.671,1.029,104.028,9.894,105.027,106.477,103.444,114.814,1.036,97.898,10.141
3,138.685,116.031,1.118,11.029,107.1,113.154,105.871,105.509,101.041,1.123,10.354,108.674,103.014,98.266,114.29
4,139.061,1.011,108.292,10.051,10.463,10.24,9.482,106.247,1.022,95.889,10.213,10.755,10.494,10.404,112.865
4,139.466,1.035,103.636,9.231,10.04,10.841,10.656,110.946,1.058,98.282,10.902,10.846,9.812,9.419,113.343
1,139.616,100.047,112.287,0.977,1.128,0.993,11.405,115.081,103.753,99.594,1.054,0.986,1.144,10.694,118.033
1,139.663,116.328,116.798,1.021,0.975,1.094,9.924,103.327,113.022,110.881,0.99,1.035,1.035,11.358,102.543
4,139.733,1.074,112.652,9.478,9.604,9.804,10.001,99.692,1.054,97.19,10.442,11.082,9.266,9.184,104.364
4,139.995,1.067,100.572,10.188,11.031,10.102,9.849,109.928,1.074,102.558,10.23,10.478,10.427,9.173,105.003
2,140.49,103.579,108.297,104.256,108.165,1.134,109.322,10.277,113.422,105.12,101.658,105.273,1.086,103.479,10.373
3,140.494,111.41,1.145,11.294,107.096,112.408,108.702,111.296,113.43,1.069,11.683,100.881,105.088,109.732,112.063
2,140.609,111.912,105.203,107.877,105.273,0.987,96.29,10.811,105.492,102.593,96.385,107.686,1.11,101.801,10.822
4,140.683,1.111,103.736,10.266,10.234,10.328,10.778,114.252,0.992,106.62,9.366,10.055,10.37,9.531,99.736
2,141.008,106.801,102.249,94.143,109.062,1.096,94.302,9.798,99.891,114.802,94.83,103.88,1.093,93.63,10.661
1,141.049,103.753,111.244,0.992,1.143,1.116,11.037,110.588,114.822,113.514,1.056,1.0,1.04,10.001,103.386
1,141.346,102.611,107.078,1.095,1.143,1.065,10.601,103.728,101.28,108.134,0.975,1.112,1.022,11.503,116.939
2,141.783,111.478,109.076,103.278,109.859,1.154,108.293,10.134,102.241,113.017,93.726,101.836,1.128,97.017,10.828
2,142.004,106.242,113.666,94.184,106.243,1.099,108.357,10.122,113.584,98.743,109.637,102.527,1.118,104.754,10.517
3,142.595,103.982,1.176,10.317,109.751,101.518,107.058,105.411,101.129,1.154,11.703,108.021,100.985,114.113,102.694
1,142.627,106.433,102.837,1.094,1.058,1.052,11.541,117.342,102.778,102.421,1.063,1.127,1.059,10.89,111.327
2,143.04,103.441,110.361,100.89,109.159,0.997,99.597,9.887,103.897,100.308,98.798,111.769,1.11,100.11,9.944
4,143.139,1.069,97.806,9.455,9.989,9.337,9.776,114.649,0.998,108.548,10.383,9.696,9.809,10.163,108.062
4,143.241,1.123,111.953,10.641,10.038,10.578,10.071,111.093,1.079,102.232,9.937,9.391,9.821,9.273,112.829
2,143.277,111.518,109.022,106.861,112.235,1.001,108.293,10.741,104.135,107.343,107.01,117.058,1.165,108.527,9.76
1,143.653,117.528,100.775,1.04,1.069,1.118,10.535,113.36,106.77,109.89,1.061,1.061,1.028,10.766,116.818
2,144.296,98.641,102.354,108.846,106.783,0.995,97.656,11.059,100.367,104.156,97.088,112.731,1.139,101.069,10.03
1,144.629,102.122,111.837,1.009,1.08,1.12,11.778,110.1,114.885,116.269,1.003,1.09,1.091,10.819,110.694
3,144.911,113.231,1.064,11.359,100.057,114.099,108.442,98.468,106.981,0.991,11.457,101.862,111.446,116.18,101.413
1,145.447,100.579,104.194,1.016,1.021,1.086,11.568,117.858,115.079,113.342,1.062,1.068,1.042,11.591,106.201
2,145.699,104.483,114.619,102.391,106.425,1.009,107.018,9.935,101.295,109.672,104.542,99.778,1.116,95.138,10.122
2,146.045,99.871,111.601,109.299,102.916,1.156,109.003,10.677,105.918,104.953,95.224,101.608,1.071,97.017,10.892
1,146.16,109.698,108.783,0.946,1.112,1.116,11.541,113.609,114.029,101.716,0.94,1.025,1.0,11.03,101.804
2,146.64,109.5,103.39,103.423,115.867,1.091,94.613,10.811,114.553,107.017,105.513,114.681,1.041,108.225,9.631
2,146.92,103.378,104.228,103.581,116.823,1.064,100.89,10.034,100.148,112.175,101.516,112.85,1.146,105.842,10.824
4,147.047,1.025,99.476,10.068,10.385,10.46,10.208,108.011,1.116,98.992,10.758,10.985,9.792,10.013,101.207
4,147.092,1.013,97.643,9.373,10.812,10.312,9.251,114.525,1.048,110.863,9.513,10.895,10.227,9.231,110.096
1,147.206,108.904,109.52,1.063,1.077,0.99,11.214,109.675,100.23,103.741,1.075,1.122,1.108,10.809,114.788
1,147.387,111.919,110.931,0.967,1.016,1.093,10.193,110.003,117.608,101.297,1.027,1.055,1.078,11.65,110.62
4,147.914,0.97,112.488,10.183,9.542,10.427,10.104,104.609,0.964,110.782,10.038,10.377,10.689,9.236,105.229
1,148.13,114.051,110.56,1.0,0.986,0.987,11.573,111.114,109.21,114.997,0.991,1.011,1.079,10.144,101.893
4,148.361,1.052,100.611,10.33,10.034,9.673,10.367,116.285,1.043,96.123,10.559,10.497,9.525,9.523,109.601
4,148.369,0.958,112.659,10.377,11.024,9.775,9.587,98.975,1.06,103.842,10.732,10.94,9.531,9.472,105.9
3,148.391,117.988,1.067,10.845,109.043,100.238,101.239,100.635,110.223,1.134,11.097,102.563,107.719,99.004,101.667
4,148.484,1.052,99.774,10.061,10.082,9.563,10.401,106.273,1.085,105.827,10.209,9.976,10.198,10.743,116.922
4,148.634,0.973,112.853,9.189,10.335,10.985,10.469,99.972,1.098,97.229,10.679,9.755,10.388,10.197,104.26
1,148.682,112.029,100.157,1.089,1.069,1.102,9.932,117.467,117.714,108.316,0.982,0.97,1.065,11.36,102.57
2,149.182,101.865,99.126,93.421,100.628,1.097,104.517,10.924,104.464,107.914,106.692,113.761,1.088,99.344,11.075
2,150.071,109.646,108.504,104.979,101.608,1.105,109.715,9.627,100.448,114.313,106.643,102.132,0.995,98.691,10.081
3,150.154,101.396,1.104,11.531,110.294,103.206,101.08,100.488,104.63,1.087,10.826,110.294,101.069,106.841,101.158
1,150.361,100.667,109.99,1.039,0.987,1.029,11.089,101.038,112.34,110.278,1.112,1.039,1.098,11.448,116.925
4,150.427,1.033,105.623,9.803,10.936,10.885,9.749,104.414,1.035,96.661,10.399,9.577,10.957,9.388,116.946
3,150.53,111.362,1.056,10.215,114.977,111.94,107.534,105.45,102.136,1.135,10.238,103.352,113.475,101.664,110.27
1,150.778,108.691,105.401,0.981,1.052,1.037,10.816,104.907,104.678,105.832,1.056,1.12,1.024,10.912,109.145
2,150.812,102.156,107.573,93.578,107.808,0.997,99.933,9.596,99.295,106.305,94.98,107.623,1.074,104.045,9.886
2,150.819,112.936,103.284,102.764,107.898,1.041,98.161,10.917,114.354,100.529,95.617,117.31,1.108,103.919,10.765
3,151.118,109.12,0.996,10.306,109.339,112.09,110.196,96.634,106.963,1.134,10.777,116.195,107.097,110.782,113.258
2,151.642,104.2,112.366,100.714,108.912,1.026,108.779,10.574,101.806,107.445,103.438,103.918,1.135,95.484,11.045
1,152.091,117.486,108.355,0.961,0.979,1.128,9.986,109.629,107.282,110.299,0.994,1.07,1.004,11.669,106.323
3,152.204,115.5,1.003,11.02,105.504,113.721,111.22,111.792,113.395,1.052,11.833,109.315,102.147,113.514,108.059
4,152.313,1.12,99.304,10.708,10.553,10.199,9.587,99.688,0.954,95.928,9.268,9.837,9.432,9.666,106.975
4,152.404,0.988,103.625,9.695,9.934,10.578,10.628,116.774,1.094,109.429,10.316,10.824,10.059,9.55,100.005
1,152.656,103.849,105.085,1.107,1.136,1.003,10.037,114.731,109.498,107.765,1.048,1.039,1.071,10.576,117.588
1,153.045,108.561,114.713,1.035,0.965,1.135,11.617,118.537,110.395,101.051,1.112,0.986,1.139,10.028,114.731
3,153.087,111.853,1.123,10.802,109.897,107.886,108.305,97.173,110.768,1.036,11.227,101.986,114.497,103.942,99.126
3,153.185,116.231,1.17,10.539,115.496,107.428,107.325,111.357,116.072,1.098,11.85,115.726,102.74,110.177,99.386
1,153.286,103.202,101.431,0.95,1.14,1.075,10.589,102.902,116.487,112.859,1.004,1.011,1.074,10.353,115.403
2,153.363,99.668,114.533,104.882,106.936,1.055,96.333,10.727,108.0,104.818,94.016,99.558,1.057,99.359,10.65
3,154.352,107.599,1.097,10.674,113.165,102.841,98.788,97.484,107.763,1.093,10.939,101.818,98.076,104.62,109.315
1,154.489,101.817,105.263,1.057,1.11,1.003,10.053,99.973,100.815,102.518,0.984,1.145,1.075,11.766,102.902
2,154.982,106.908,114.472,107.803,116.105,1.056,100.054,10.057,101.031,109.123,108.028,115.911,0.999,94.969,11.071
4,155.175,0.972,96.302,10.623,10.16,10.999,9.66,105.495,0.994,100.102,10.873,10.139,9.371,9.318,103.439
3,155.664,113.763,1.148,10.298,108.275,101.2,98.071,100.062,102.122,1.11,10.027,112.059,114.532,102.263,107.518
4,156.527,0.975,108.171,10.869,9.624,10.455,9.818,107.782,0.956,99.466,10.867,9.584,10.04,10.319,108.035
3,156.565,110.26,1.074,10.314,100.345,97.972,103.276,96.871,101.639,1.073,10.082,98.601,103.372,111.152,102.427
2,156.626,108.893,111.168,103.238,108.617,1.091,97.098,9.841,107.519,106.846,93.749,110.904,1.038,96.95,9.762
3,157.309,112.851,1.113,10.446,109.899,107.896,109.382,105.629,101.314,1.16,10.246,104.7,100.649,98.175,98.221
1,157.668,103.892,103.011,0.937,1.057,1.123,9.992,103.267,106.473,103.665,1.053,1.138,1.058,10.285,103.042
4,157.725,1.113,109.905,10.842,10.531,10.854,10.404,114.084,0.963,112.01,10.039,10.479,10.297,10.444,106.039
1,157.811,116.587,100.995,1.087,1.02,1.13,10.961,113.401,112.102,112.393,0.956,1.073,0.98,11.228,106.963
3,158.2,103.217,1.1,10.856,101.409,98.08,115.292,110.228,100.35,1.004,10.922,112.4,101.616,99.554,104.795
3,158.288,109.689,1.026,11.517,99.981,112.288,116.322,105.254,100.177,1.094,10.253,104.933,98.041,101.231,107.937
3,158.665,104.249,1.059,11.053,98.547,106.324,107.474,104.794,116.231,1.116,11.205,99.739,100.705,113.949,105.629
4,159.96,1.047,113.444,10.753,10.98,9.47,10.11,108.315,0.994,105.797,9.815,10.792,10.986,10.811,100.861
1,160.688,103.028,100.523,1.038,1.038,1.059,11.568,104.868,117.003,103.011,1.056,0.99,1.074,11.03,117.477
1,160.711,101.139,103.823,1.055,0.976,1.051,9.963,111.523,108.447,115.805,0.974,1.004,1.021,9.974,115.035
2,160.894,102.991,112.044,93.486,100.481,1.033,100.569,9.724,114.87,103.555,100.761,115.42,1.124,103.059,9.449
4,161.01,1.021,99.266,10.892,9.989,10.027,9.371,102.389,1.127,96.727,10.867,10.093,9.764,10.049,109.228
3,161.576,100.973,1.08,11.005,105.686,114.532,115.769,112.277,100.477,1.159,10.688,102.015,111.734,104.948,112.12
3,162.668,105.158,1.093,11.502,114.984,96.806,103.408,96.657,115.766,1.099,11.03,99.382,105.93,106.002,114.041
1,163.08,100.875,108.07,1.019,1.128,1.104,9.943,103.185,108.04,110.517,1.004,0.973,1.046,10.496,117.718
1,163.726,101.944,111.605,1.091,0.979,0.99,10.784,110.755,113.395,114.029,0.984,1.062,1.076,10.13,106.009
3,163.912,112.915,1.041,11.73,98.881,106.564,110.927,101.91,105.917,1.091,11.186,105.803,104.398,115.103,103.29
4,164.115,1.008,102.514,10.813,9.564,10.086,9.922,109.253,1.06,96.271,10.831,10.228,10.664,10.054,98.485
1,164.453,114.168,105.318,1.044,1.055,1.097,11.15,100.967,102.79,99.676,1.006,1.09,1.021,10.535,105.175
3,164.786,115.201,1.108,10.239,114.136,109.484,109.866,108.908,102.457,0.994,11.372,104.736,98.268,107.582,107.038
2,164.988,106.712,105.856,94.589,104.267,1.039,101.623,10.798,106.858,105.802,101.974,106.173,1.148,100.881,10.745
3,165.038,111.922,1.149,11.003,100.356,111.721,116.437,100.608,109.334,1.058,10.826,106.598,107.194,109.049,109.371
3,165.078,114.879,1.137,11.784,103.641,100.225,102.252,102.869,108.3,1.161,10.589,102.535,96.708,105.749,98.271
3,165.415,108.673,1.07,10.769,106.371,100.34,109.674,106.928,110.351,1.146,11.719,111.642,111.706,115.933,108.413
1,165.516,117.858,101.106,1.087,0.994,1.137,11.334,113.37,100.169,112.949,0.973,1.07,1.088,9.902,106.15
3,166.094,112.11,1.111,10.579,108.674,100.59,114.506,105.534,118.033,1.177,10.087,113.509,105.928,114.815,107.945
2,166.31,99.578,97.826,103.652,114.655,1.103,95.415,10.402,109.166,101.68,106.467,105.662,1.029,99.377,9.944
3,166.768,101.566,1.137,11.815,116.251,104.265,109.284,111.366,102.306,1.095,10.227,98.881,109.837,101.076,100.635
1,166.789,114.298,101.192,1.09,0.991,1.03,9.931,106.443,114.925,104.96,1.097,1.121,0.992,11.495,104.069
3,167.214,101.632,1.112,11.412,106.053,98.041,98.047,110.228,115.239,1.113,11.628,106.176,99.989,98.047,114.537
2,167.361,112.96,104.14,110.292,117.223,1.012,103.794,9.94,107.587,102.671,93.117,115.561,1.067,92.605,10.621
1,167.403,104.812,108.548,0.992,1.005,1.061,11.693,102.734,117.714,111.837,1.058,1.057,1.022,11.208,111.036
3,167.528,101.718,1.158,10.91,98.609,102.718,102.054,108.562,108.491,1.104,10.908,109.496,99.576,115.468,112.054
3,167.532,117.277,1.023,11.247,99.375,113.807,101.231,106.409,101.348,1.093,10.121,114.619,96.404,102.506,106.427
1,167.6,108.452,114.144,0.984,1.135,1.077,11.444,116.657,111.432,112.533,1.089,1.096,1.037,10.584,117.762
4,167.969,1.053,108.991,10.296,10.42,10.466,9.67,111.602,1.096,98.464,9.892,9.912,9.894,10.764,109.228
1,168.089,116.057,114.7,1.008,1.059,1.104,10.117,110.118,103.679,112.867,1.066,0.989,1.019,10.504,110.755
3,168.1,101.056,1.107,10.901,105.199,103.045,110.326,105.363,108.482,0.995,10.401,111.038,112.468,105.243,103.69
3,168.829,115.539,1.124,11.478,106.114,102.166,116.415,100.43,105.505,1.081,11.177,106.804,99.064,114.113,99.518
1,168.938,104.745,106.002,1.007,1.09,1.061,10.129,104.193,116.699,100.418,0.939,1.105,0.987,10.837,114.731
2,169.03,105.943,108.679,109.337,113.901,1.142,100.625,9.436,109.455,105.594,103.697,103.114,0.992,98.078,9.55
2,169.168,101.311,114.138,102.699,109.303,1.165,99.219,9.903,99.199,109.025,105.7,110.426,0.987,96.927,9.818
2,169.447,109.154,106.281,100.761,101.551,1.113,107.892,9.544,110.465,111.623,93.045,107.293,0.998,96.197,9.449
1,169.614,100.213,104.479,1.034,1.037,1.103,10.421,118.488,107.398,118.031,1.096,1.056,1.057,11.018,108.508
4,169.682,1.096,108.594,9.354,10.197,11.003,9.813,99.738,0.972,95.495,9.804,11.039,9.875,9.229,102.351
3,169.712,102.044,1.061,11.557,106.842,100.538,99.557,97.83,109.764,1.117,11.444,102.341,110.509,101.505,96.931
3,169.713,115.5,1.068,11.678,111.696,102.862,113.007,106.793,105.856,1.005,11.849,111.331,113.497,114.631,97.376
3,169.739,109.38,1.125,11.177,111.581,106.792,109.663,98.212,108.673,1.068,10.166,99.586,105.823,113.77,108.769
4,169.854,1.116,101.103,10.866,9.583,9.758,9.713,115.005,1.08,96.982,9.917,10.892,9.817,9.708,102.165
4,170.431,0.966,98.446,10.672,9.989,9.371,9.379,109.532,0.992,100.49,9.707,9.386,9.58,10.874,106.737
4,170.909,1.012,95.895,10.341,10.987,9.429,9.227,113.105,1.125,108.56,9.263,10.819,10.21,9.588,105.151
2,171.088,106.786,98.695,108.932,117.179,1.007,96.762,10.468,111.357,112.086,104.256,113.376,1.149,105.426,10.727
2,171.201,101.031,113.714,93.486,101.0,1.068,104.028,9.685,103.592,97.246,108.403,106.321,1.069,92.973,10.84
4,171.49,1.078,100.242,10.728,9.636,10.35,9.853,101.212,0.972,108.335,10.53,10.654,9.719,9.384,106.308
1,171.88,100.25,109.262,0.982,1.082,1.118,11.173,108.607,104.097,113.518,0.98,1.148,1.092,9.968,111.345
3,171.988,116.346,1.132,10.208,101.955,101.175,99.036,102.05,99.933,1.07,10.066,102.252,100.451,109.053,106.999
1,171.994,100.459,100.092,0.961,1.136,0.992,10.758,115.298,114.488,110.536,0.994,1.023,1.007,10.543,100.762
3,172.225,107.792,1.157,10.707,103.366,103.349,112.278,99.386,106.659,1.064,11.048,106.278,98.305,114.964,100.199
3,172.528,107.155,1.129,10.259,113.477,100.562,98.296,113.542,116.87,1.004,11.328,104.565,99.079,111.363,114.222
1,172.654,102.206,116.848,0.967,1.001,1.044,10.837,102.712,113.898,110.323,1.092,1.123,1.123,10.082,118.568
1,172.924,111.214,103.885,1.038,0.998,1.079,10.426,102.522,113.911,110.085,1.007,1.124,1.12,10.059,111.568
4,173.144,1.065,109.728,10.018,10.337,9.258,10.326,108.604,1.113,97.256,9.694,9.46,10.319,9.867,98.955
3,174.217,114.936,1.128,11.849,104.661,101.619,112.771,109.385,107.989,1.061,11.246,104.324,110.795,103.065,106.409
1,174.301,112.612,107.582,1.065,0.986,1.131,10.259,105.396,117.372,108.748,1.031,1.029,1.008,10.019,103.015
1,174.392,108.034,102.172,1.008,0.986,1.001,11.302,103.808,115.616,107.877,1.05,1.061,1.103,10.901,109.337
2,174.394,109.888,109.232,100.89,109.017,0.998,94.105,9.721,114.354,103.986,100.569,104.464,1.069,94.745,10.098
3,174.415,113.1,1.086,10.979,102.695,112.307,99.25,114.818,117.919,1.166,11.832,98.644,103.579,102.808,111.693
4,174.949,0.994,110.438,10.777,10.571,10.103,10.615,116.976,1.004,109.777,9.638,10.322,10.441,9.779,112.043
2,175.072,111.313,97.284,99.972,112.618,1.097,101.309,11.047,105.27,100.874,105.05,104.129,1.097,102.378,10.279
1,175.135,117.528,101.534,1.011,1.076,0.987,11.342,102.687,117.493,117.154,0.958,1.126,1.146,10.777,118.305
1,175.279,118.366,103.659,1.021,0.978,1.113,11.033,103.357,108.676,105.793,0.963,1.061,1.118,9.902,106.009
2,176.467,101.851,105.937,103.112,104.563,1.093,94.997,9.818,107.988,105.273,100.066,112.689,1.148,105.823,11.121
2,176.777,99.495,106.08,105.744,101.379,1.049,107.818,9.958,108.584,100.241,110.327,112.53,1.088,97.824,10.313
1,176.793,118.275,113.784,0.938,0.976,1.112,10.805,101.671,118.35,112.563,0.972,0.981,1.042,10.259,104.547
2,176.829,108.185,103.791,108.097,109.307,1.077,95.327,10.628,105.752,112.454,101.527,106.425,1.155,96.773,10.777
1,177.008,114.221,99.419,1.113,0.986,1.021,10.748,101.141,107.923,100.401,1.079,1.104,1.046,11.778,116.723
3,177.017,112.963,1.053,10.586,98.339,111.883,113.427,101.269,106.157,1.13,11.724,102.288,107.027,101.463,109.503
2,178.221,106.767,96.869,102.153,111.004,1.104,105.138,10.195,114.034,106.829,108.759,99.707,1.16,106.321,10.338
3,178.244,111.362,1.045,10.864,100.929,110.545,101.722,97.851,104.738,1.136,10.909,111.871,109.955,106.1,102.1
3,178.653,104.425,1.126,11.64,100.536,111.139,113.219,108.569,104.496,1.024,11.003,105.397,109.655,98.681,114.537
4,178.666,1.092,103.816,10.907,10.086,10.583,10.064,106.75,1.057,106.605,9.847,9.822,9.817,9.919,103.723
2,178.93,109.021,108.968,97.957,117.842,1.14,106.019,9.695,108.536,97.256,105.313,106.778,1.078,97.142,10.055
3,179.147,110.318,1.141,10.733,114.926,108.219,98.221,109.89,106.428,1.161,10.197,113.543,110.993,108.137,98.517
3,179.497,110.403,1.148,11.219,97.931,105.294,114.528,97.849,104.72,1.146,10.769,111.331,100.613,106.035,107.038
3,179.684,110.894,1.073,11.231,110.852,97.323,100.349,111.52,101.37,1.13,11.577,111.544,106.374,109.053,105.822
1,179.982,116.75,114.97,0.967,1.02,1.022,11.757,107.338,108.452,102.915,0.987,1.124,1.044,10.262,115.289
1,180.69,107.94,109.165,1.111,1.054,1.132,11.527,108.334,106.497,103.946,1.055,1.038,0.978,10.589,113.609
2,180.935,115.553,109.668,100.462,109.854,1.019,108.727,10.277,104.291,110.591,105.876,117.446,0.988,95.138,10.457
4,182.071,1.036,109.562,10.58,9.657,10.04,9.318,110.018,1.121,106.853,10.215,9.383,10.618,10.875,107.618
4,182.92,1.034,104.599,10.516,10.977,9.716,10.824,112.281,1.012,98.963,10.508,10.168,9.719,9.191,99.302
3,183.037,102.898,1.072,10.517,100.181,103.751,102.511,98.419,115.271,1.005,10.014,100.929,104.445,114.528,104.54
2,183.156,102.217,103.658,96.903,117.186,1.101,107.413,9.871,113.485,102.556,107.138,112.927,1.028,100.881,9.662
3,183.527,114.348,1.087,10.666,105.215,100.236,98.387,101.994,114.758,1.06,10.96,105.215,103.463,100.123,108.06
1,183.533,100.436,109.395,1.104,1.074,1.076,11.605,115.782,116.981,99.99,0.984,0.991,1.101,11.591,107.338
3,183.848,115.763,1.132,10.818,103.618,99.296,107.927,106.509,106.503,1.075,11.263,105.693,114.213,116.176,96.776
4,184.281,1.127,104.599,9.958,11.043,10.726,9.65,100.817,0.993,106.465,10.783,10.155,10.545,9.582,111.962
1,184.39,108.983,110.49,0.994,0.986,1.106,10.301,117.545,104.826,110.63,1.064,0.973,1.051,10.908,117.123
3,184.535,100.35,1.064,11.648,110.748,106.087,106.879,107.338,100.737,1.097,11.771,103.877,106.443,102.876,110.174
1,185.586,118.441,116.562,1.044,1.142,1.114,10.879,105.007,107.511,103.096,1.112,1.13,1.133,11.368,101.758
1,185.735,115.567,109.516,0.984,1.009,1.121,10.533,109.253,114.014,101.426,0.963,1.087,1.143,11.531,113.702
4,186.203,1.036,110.566,10.629,9.918,9.938,10.049,116.34,1.051,110.239,9.468,9.839,10.726,10.548,111.407
1,186.314,100.213,115.954,0.951,1.086,0.987,10.138,116.094,112.121,107.545,1.033,1.146,1.132,9.911,100.371
1,186.333,101.792,108.548,1.049,1.144,1.047,11.295,103.797,113.38,113.288,1.09,0.97,1.008,11.76,110.221
4,186.46,1.106,109.015,9.41,9.801,10.369,9.321,105.497,0.963,106.71,10.817,11.105,9.654,9.697,101.882
2,186.656,97.765,101.037,108.267,103.087,1.012,94.247,11.127,98.161,101.959,102.153,109.513,1.124,99.849,9.477
4,186.701,1.066,111.913,9.719,11.038,10.115,9.704,107.099,0.993,108.726,10.426,10.665,10.42,10.743,102.259
1,186.728,113.414,107.545,1.058,1.08,1.079,11.338,103.491,117.208,105.35,1.032,1.007,0.985,10.528,101.038
1,187.502,104.5,99.436,1.097,1.062,1.046,11.67,100.658,106.397,107.833,1.058,1.135,1.096,10.15,102.378
3,188.522,105.077,1.148,11.026,108.021,99.32,113.847,104.447,103.95,1.111,10.547,109.719,109.955,107.262,110.824
4,189.016,0.972,111.591,9.827,10.775,10.683,9.939,114.954,0.989,113.107,10.443,10.524,9.764,9.42,99.302
4,190.001,1.023,111.334,9.602,10.279,9.921,9.374,100.963,1.042,109.428,10.341,11.073,10.544,9.736,116.707
4,192.093,1.03,113.081,9.325,10.79,9.274,9.309,110.963,1.106,112.488,9.951,9.801,10.523,9.664,101.76
2,192.267,100.927,98.339,104.127,106.541,1.149,109.505,11.122,112.293,107.723,107.575,108.47,1.037,108.057,9.736
3,192.423,111.372,1.112,10.416,113.743,97.841,101.482,108.029,108.45,1.038,10.736,100.654,113.721,98.374,106.564
4,192.444,1.108,108.11,10.463,10.322,10.769,10.696,107.42,1.092,111.117,10.315,9.83,10.064,10.471,109.35
2,193.662,103.942,114.591,93.506,103.558,1.02,97.405,9.704,105.918,100.586,99.363,108.901,1.077,101.837,9.672
1,193.663,108.278,106.957,0.981,0.978,1.007,10.163,103.267,114.413,110.256,1.05,1.098,0.967,10.584,116.53
3,194.058,117.604,1.047,11.386,108.363,108.277,107.611,103.374,100.959,1.16,11.299,112.846,108.45,106.382,106.564
3,194.722,99.656,1.033,10.814,113.964,101.037,100.474,99.295,101.566,0.996,11.802,115.452,102.74,107.262,103.232
3,195.559,102.198,1.096,11.697,105.774,103.892,98.195,107.722,117.372,1.057,10.941,110.199,99.766,112.479,105.145
2,196.088,113.958,114.254,97.395,103.346,1.088,106.472,10.004,104.655,108.03,97.957,109.758,1.037,108.826,10.811
1,196.779,117.506,110.881,1.088,0.989,1.049,11.757,106.385,112.941,116.397,1.051,1.002,0.973,11.609,105.001
2,197.01,113.459,104.971,98.179,103.569,1.017,103.606,10.517,108.467,112.044,110.514,111.218,1.153,103.746,10.783
4,197.018,0.951,107.602,10.535,11.003,9.68,9.343,117.067,1.049,98.923,10.182,10.783,10.836,9.798,99.368
3,197.3,100.201,1.099,10.971,112.332,110.618,99.414,102.931,115.177,1.04,10.114,103.529,113.81,101.12,109.371
2,197.416,107.988,107.866,95.684,117.31,1.098,107.141,9.745,115.328,96.985,99.228,109.758,1.004,96.725,11.153
4,198.075,1.028,109.803,10.442,10.155,10.991,9.258,104.91,1.055,107.469,9.613,10.11,10.559,9.393,110.646
1,198.184,109.266,110.266,0.985,1.12,1.106,11.637,108.9,104.277,117.105,1.077,0.969,0.975,10.608,114.005
4,198.754,1.044,111.058,10.582,9.73,10.075,9.665,112.065,1.1,99.815,9.366,9.675,10.617,9.669,109.546
4,198.768,1.002,99.391,10.672,10.206,9.928,10.206,105.372,1.061,101.99,10.601,10.774,9.817,9.531,102.295
2,198.865,106.3,113.035,99.783,100.13,1.11,95.992,10.062,104.283,103.749,96.836,104.966,1.074,93.745,10.695
3,199.001,112.943,1.05,10.894,104.79,111.744,98.949,99.795,110.37,1.035,11.431,104.189,105.084,103.507,99.833
4,199.603,1.124,108.15,10.138,10.37,10.045,10.156,108.062,1.0,109.165,9.951,10.519,9.892,10.31,99.736
2,199.622,97.674,106.223,109.585,99.209,1.152,92.397,9.714,108.536,103.53,100.713,106.436,1.116,98.918,10.309
3,199.797,105.198,0.994,11.109,114.189,100.907,99.609,102.197,107.35,1.102,10.241,110.497,113.582,100.031,112.063
1,200.511,100.224,107.038,1.027,1.014,0.966,10.059,113.101,104.652,101.695,1.1,0.986,1.133,10.714,110.41
1,200.553,101.798,112.334,1.061,1.097,1.124,10.068,109.767,109.385,106.4,0.983,1.048,1.107,10.784,115.775
4,200.614,1.031,102.432,10.433,10.426,10.346,10.828,101.001,1.124,112.725,9.574,10.262,10.165,9.523,101.462
1,200.795,114.521,103.556,1.002,1.122,1.089,10.542,117.729,112.308,115.475,1.104,1.115,1.044,10.055,112.602
3,200.894,106.972,0.997,11.359,110.358,106.15,106.494,111.416,114.936,1.025,10.512,103.352,111.319,102.885,101.708
3,201.0,105.038,1.021,11.517,107.39,111.446,110.229,99.126,100.279,1.002,11.003,111.407,98.161,111.948,110.334
4,201.305,0.998,112.057,10.867,10.016,10.807,10.811,108.647,1.121,105.837,10.022,10.945,9.521,9.523,115.839
1,201.494,102.29,101.116,1.065,1.052,1.037,11.463,108.396,106.197,109.519,0.98,0.999,1.093,10.501,106.679
4,201.631,1.078,102.306,9.695,9.832,10.529,10.222,111.075,0.955,106.605,10.29,9.913,9.432,9.814,113.343
1,201.8,105.124,112.711,0.995,0.966,1.025,9.988,102.781,111.541,104.242,1.043,1.029,1.078,10.903,104.81
4,201.964,1.023,107.929,9.703,10.195,9.992,9.919,117.067,1.127,108.37,10.57,10.385,10.074,9.806,111.075
3,202.912,113.89,1.007,10.204,113.743,98.123,101.836,102.776,117.364,1.027,11.696,109.583,105.777,106.165,110.486
2,202.993,100.979,102.886,95.224,116.823,1.139,97.763,10.621,100.674,99.268,102.117,111.742,1.053,105.662,10.076
1,203.019,102.745,117.523,1.066,1.065,1.025,11.051,110.003,116.684,112.858,1.112,0.984,1.055,10.742,102.57
4,203.226,1.096,103.426,10.386,10.039,9.397,10.103,112.666,1.075,99.137,9.243,9.99,9.892,10.183,105.335
2,203.333,99.566,112.317,110.484,100.279,1.088,98.993,10.158,111.107,106.858,108.902,117.31,1.034,104.263,11.092
1,203.964,104.472,102.346,1.05,1.1,1.007,10.676,116.914,113.65,117.059,1.112,0.985,1.012,11.457,105.99
3,203.998,103.499,0.994,11.343,115.842,103.199,100.108,98.513,110.318,1.105,10.341,108.642,103.78,102.497,112.054
4,204.086,0.969,106.622,9.501,9.512,10.13,9.205,109.383,1.102,102.184,10.897,10.743,9.912,10.021,103.574
2,204.184,100.606,96.994,103.078,112.126,0.998,99.575,9.935,104.719,99.222,96.758,113.901,1.163,92.711,10.133
1,204.482,113.38,117.395,0.968,1.085,1.034,11.342,103.126,115.451,114.351,0.941,1.145,0.989,11.5,101.758
1,205.037,111.016,112.516,1.026,1.024,1.096,10.339,102.659,104.629,117.072,1.043,1.142,0.996,10.888,111.795
3,205.192,114.191,1.054,10.038,111.984,102.185,109.339,98.694,101.992,1.174,11.434,109.77,107.837,110.606,110.039
3,205.399,109.278,1.045,10.06,111.799,102.003,98.266,114.29,102.597,1.108,10.226,105.215,103.473,112.819,101.784
4,206.064,0.999,104.93,9.257,10.228,10.563,9.565,99.784,1.107,110.336,10.114,9.555,10.273,10.484,98.933
4,207.109,1.081,110.109,10.377,9.674,10.75,9.649,101.563,1.094,112.346,10.335,10.434,9.583,10.076,115.801
3,207.345,105.446,1.078,10.41,105.037,112.612,114.684,99.62,115.716,1.063,10.401,112.179,112.715,98.617,113.085
4,207.508,1.028,111.858,10.493,10.365,9.867,10.01,100.005,1.086,105.396,9.67,9.475,10.887,9.427,114.365
1,208.067,109.385,100.234,1.05,1.065,0.984,10.896,118.529,111.247,103.659,1.082,0.999,1.044,11.431,117.123
1,208.391,115.343,112.782,0.937,1.031,1.004,10.16,100.093,107.286,114.231,1.006,1.076,1.071,11.747,102.522
3,208.5,103.863,1.068,10.807,104.751,99.722,100.412,110.469,115.062,1.131,11.449,110.323,108.972,115.446,101.303
3,209.163,103.324,1.08,10.315,99.634,102.147,114.517,105.45,115.334,1.168,10.401,100.314,111.734,100.016,98.558
1,209.366,115.593,101.255,1.044,1.057,1.036,11.206,103.732,104.197,110.517,0.973,1.133,1.033,9.941,100.695
2,209.391,112.286,101.012,103.904,104.582,1.118,104.712,10.331,103.883,111.914,98.868,103.88,1.088,100.521,9.842
3,210.322,108.556,1.173,11.424,98.443,109.022,105.749,104.188,110.204,1.172,10.354,105.693,108.144,116.176,105.017
3,211.15,117.004,1.132,11.173,108.182,100.222,109.382,114.29,113.18,1.161,10.974,108.182,105.554,111.904,100.509
2,211.726,104.889,99.325,93.034,109.653,1.15,102.912,10.485,109.997,98.255,108.73,103.24,1.083,107.416,10.485
2,211.838,105.582,104.758,103.134,102.591,1.088,104.888,10.524,107.219,110.554,104.245,100.041,1.162,100.753,10.057
3,212.716,113.833,1.141,10.114,105.586,102.436,99.919,100.84,112.156,1.154,11.371,110.956,113.097,115.053,106.968
1,213.294,118.391,112.099,1.072,1.095,1.022,9.974,106.115,100.148,114.641,1.023,1.052,1.128,9.946,110.18
4,213.794,1.007,113.285,9.911,10.424,9.586,9.537,108.516,1.0,109.657,9.579,9.88,10.973,9.924,105.98
1,213.869,117.485,109.519,0.992,1.121,0.967,11.657,102.146,117.6,114.377,1.052,1.089,1.042,11.665,107.12
3,214.061,117.427,1.144,11.628,110.781,107.77,111.375,107.263,101.929,1.059,11.29,108.49,96.784,102.651,103.514
4,214.24,0.962,99.745,10.317,10.842,10.169,9.291,116.649,0.973,106.622,10.71,9.975,10.182,10.496,109.368
4,214.453,0.987,99.842,9.494,10.484,9.595,9.252,99.951,1.082,105.502,10.159,9.622,10.161,9.467,104.414
1,214.999,116.935,117.612,0.947,1.115,1.007,11.729,101.758,115.952,105.882,0.983,0.999,1.106,11.099,102.814
2,215.457,115.305,113.51,94.038,115.682,1.051,93.891,10.618,103.476,114.432,99.11,100.75,1.135,92.973,10.412
1,215.802,115.058,109.014,0.988,1.083,1.082,10.569,112.459,108.44,118.007,1.063,1.104,1.131,10.365,105.396
2,216.225,97.793,99.325,104.401,108.967,1.076,99.849,10.48,110.092,97.926,96.161,103.88,1.169,98.987,10.852
1,216.273,102.378,107.788,1.045,1.067,1.01,10.376,105.252,108.45,117.37,0.974,1.135,1.008,10.825,118.528
4,216.667,1.094,98.107,10.54,10.447,10.556,10.618,105.114,1.046,101.202,10.672,9.557,10.803,9.55,106.812
4,217.221,1.015,106.624,9.944,10.377,9.446,10.232,101.212,0.999,104.925,9.33,10.108,9.567,10.394,112.602
4,217.34,1.033,102.863,9.613,10.147,9.523,9.45,110.073,1.078,111.47,10.335,11.024,10.321,10.468,99.767
2,218.39,114.345,109.178,97.138,108.887,0.998,104.536,11.181,111.836,98.484,99.973,103.877,1.133,98.745,9.868
2,219.117,104.135,108.471,96.141,107.972,0.996,107.059,10.345,110.683,102.181,98.598,99.693,1.077,104.858,10.464
2,219.432,111.136,112.141,99.531,106.321,0.988,101.421,10.518,111.45,111.106,103.794,109.653,1.15,105.809,9.804
4,219.623,1.054,99.515,10.623,10.168,9.437,10.141,106.259,1.002,100.078,9.913,9.546,10.451,9.325,99.532
3,219.66,103.165,1.164,10.066,105.478,106.343,103.399,103.824,106.099,1.164,10.114,99.634,108.733,104.62,103.066
4,219.933,1.058,97.33,9.798,10.118,10.523,10.102,100.292,0.985,113.356,9.536,10.008,10.081,9.292,106.818
1,219.942,101.462,112.669,0.992,1.019,1.095,11.657,108.079,112.079,117.072,1.056,1.062,1.134,10.876,105.997
3,220.641,110.774,1.063,11.559,110.781,106.562,110.871,114.727,115.269,1.16,11.801,98.446,100.613,115.186,108.592
1,220.796,101.371,113.319,1.08,1.145,1.136,10.535,118.568,112.94,104.283,1.098,1.102,1.006,10.882,114.433
1,221.661,114.725,112.623,0.937,1.075,1.051,10.975,106.679,107.82,112.096,1.061,1.064,1.117,11.55,102.884
4,221.853,1.104,111.334,10.148,10.507,10.51,10.687,105.496,1.009,110.221,10.405,9.599,10.973,10.668,100.233
2,222.236,102.239,105.058,107.513,111.72,1.076,103.55,9.752,101.417,114.053,102.699,105.315,1.093,101.194,10.822
3,222.307,100.701,1.06,11.784,113.806,104.39,109.527,107.318,111.853,1.038,10.979,100.979,107.007,111.269,113.471
4,223.388,1.094,113.285,9.709,10.558,9.837,9.766,101.654,1.036,112.889,10.629,9.512,9.356,9.895,105.744
2,225.951,100.296,112.227,94.587,103.828,1.023,100.348,10.248,111.747,108.416,109.299,108.617,1.161,97.04,10.91
3,226.006,104.493,1.039,10.931,114.908,105.24,112.798,107.545,105.917,1.002,10.362,107.143,100.238,113.788,108.812
1,226.277,104.467,113.688,0.937,0.994,1.012,10.896,117.937,108.617,109.925,1.04,1.048,1.011,10.204,109.682
3,226.293,106.718,0.991,11.708,114.614,111.658,113.543,101.667,100.737,1.107,11.332,99.173,110.913,99.849,112.801
1,226.339,106.601,116.11,1.078,1.064,1.041,11.124,108.918,106.497,115.045,1.039,1.07,1.022,11.358,102.153
3,226.432,100.291,1.167,10.136,100.491,107.156,108.815,106.455,110.049,0.992,10.742,109.747,105.171,107.455,112.105
2,227.432,98.381,99.462,108.325,110.058,1.094,94.379,10.882,99.041,113.073,108.932,116.579,1.051,101.53,10.882
4,228.589,0.963,96.667,10.818,10.791,10.607,9.446,113.468,1.022,110.915,10.451,9.823,9.485,9.556,104.204
2,229.168,105.042,114.479,100.337,99.507,1.107,104.165,10.306,100.558,107.866,100.107,107.567,1.006,101.856,10.96
2,229.287,109.646,106.523,109.299,106.189,1.062,105.788,10.061,107.02,103.749,104.2,103.688,1.088,95.429,10.554
1,229.733,110.73,104.27,0.956,0.992,0.979,11.25,106.413,104.929,110.035,1.027,1.092,1.129,9.906,115.865
3,229.87,116.175,1.121,11.502,107.443,102.464,113.049,103.959,103.165,1.1,10.213,101.599,109.519,110.692,99.755
1,231.103,108.247,105.263,0.948,1.055,1.066,10.086,106.443,118.437,108.746,0.949,1.079,0.966,9.932,103.267
4,231.228,1.09,109.889,10.427,10.179,10.359,9.791,99.158,1.107,100.525,9.405,9.561,10.725,9.954,109.709
1,231.288,113.877,100.941,1.034,1.023,1.049,11.721,115.696,100.25,106.02,0.975,1.085,0.97,9.943,106.91
3,231.559,99.856,1.014,10.241,101.736,111.319,108.672,104.06,116.299,1.109,11.628,108.968,100.163,114.452,113.538
3,231.583,106.531,1.054,11.173,104.755,113.193,105.514,114.727,112.984,1.13,11.56,102.144,101.175,112.988,101.93
1,232.087,101.426,113.043,1.107,1.04,1.012,9.906,117.718,110.597,112.557,0.937,1.102,1.087,11.514,109.989
4,232.214,1.096,105.982,10.388,10.734,9.494,10.528,102.274,1.121,101.968,10.76,10.207,9.927,10.836,99.158
3,232.938,111.806,1.176,10.03,112.076,96.78,100.827,110.824,112.534,1.097,11.868,98.978,99.402,113.925,99.314
1,233.305,102.141,102.192,0.997,1.076,0.998,10.77,110.175,117.939,117.46,0.996,0.988,1.056,11.33,100.76
4,233.722,1.053,102.878,10.639,9.562,10.399,9.872,111.176,1.019,104.616,9.491,11.084,10.302,9.632,110.467
3,234.071,117.646,1.169,10.775,108.04,113.418,100.861,113.287,99.616,1.143,11.304,109.196,100.345,114.788,103.619
4,234.204,1.098,102.134,10.386,10.864,10.176,9.703,114.443,1.078,105.823,9.395,10.698,10.805,9.791,116.891
1,234.928,104.629,100.76,1.087,0.98,0.981,11.207,108.569,104.652,114.927,1.023,1.105,0.999,10.669,104.336
4,234.956,1.056,111.032,9.44,9.679,10.076,9.753,104.594,1.068,98.059,10.556,10.556,10.514,10.309,104.6
4,235.852,1.099,101.551,9.676,9.357,10.711,10.746,115.263,0.975,98.162,10.818,9.662,10.091,10.471,109.993
2,235.93,109.381,102.671,94.995,114.063,1.086,93.576,9.818,102.248,112.619,103.601,102.546,0.996,97.412,11.119
2,236.17,111.927,110.24,106.813,112.004,1.134,98.436,10.445,113.422,112.195,106.507,100.766,1.153,107.58,11.127
4,236.213,1.114,105.053,10.697,10.951,10.958,9.86,113.423,0.963,107.031,9.845,9.662,10.752,9.964,115.369
3,237.101,110.56,1.047,10.097,110.27,96.371,107.611,96.634,102.396,1.043,10.118,102.205,96.802,111.904,110.27
3,237.124,99.534,0.996,11.582,101.329,104.174,101.768,107.725,104.398,1.022,10.11,99.004,100.586,113.537,105.285
3,237.386,117.377,1.001,10.199,112.908,98.071,115.544,113.313,109.827,1.005,10.242,112.179,101.357,104.981,114.222
4,237.688,1.071,103.787,9.368,9.682,9.347,10.404,111.797,1.023,95.469,10.708,9.577,9.954,9.78,104.013
4,237.754,1.042,100.402,9.599,9.859,10.549,10.835,98.559,1.022,98.732,9.399,9.99,10.766,10.44,114.393
3,238.057,111.163,0.992,11.68,114.614,100.649,113.007,98.94,104.075,1.073,11.749,102.988,112.264,116.026,108.261
2,238.638,113.459,109.189,95.374,109.536,1.117,93.41,11.121,105.949,98.921,102.699,104.743,1.051,94.518,9.463
2,239.326,101.928,103.239,107.17,104.17,1.097,103.084,11.071,107.973,113.962,100.072,106.428,1.032,105.539,11.121
3,240.913,114.879,1.113,11.561,98.978,97.969,110.198,110.21,115.955,1.108,11.219,116.28,99.836,98.996,113.05
3,241.208,113.1,1.177,10.432,109.871,108.782,116.322,103.584,103.688,1.076,11.195,115.345,107.771,116.528,100.43
2,241.374,107.553,110.558,93.646,107.956,1.148,105.527,9.76,104.589,100.814,107.899,117.214,1.149,107.119,10.787
3,241.436,117.354,1.093,10.145,112.52,108.219,103.103,113.505,114.209,1.164,10.835,104.953,103.704,115.341,99.803
1,241.512,111.814,104.631,1.085,0.996,1.079,10.059,100.957,109.21,101.713,1.027,1.082,1.022,11.716,100.695
4,241.662,1.002,98.992,9.962,9.517,9.892,9.625,98.693,0.98,107.094,10.114,9.666,10.529,10.515,104.496
2,241.883,114.174,103.708,103.912,106.325,1.048,105.992,9.616,101.945,98.738,103.657,112.094,1.082,95.548,9.796
3,242.333,117.9,1.128,11.104,100.181,98.316,105.479,108.314,115.997,1.165,11.769,108.181,101.992,114.124,108.217
2,243.431,97.676,110.255,107.871,105.848,1.064,104.503,10.076,103.592,99.165,99.026,106.436,1.032,96.107,10.695
2,243.611,112.332,109.349,102.597,106.323,1.142,103.059,9.64,109.646,109.174,108.608,106.242,1.087,105.73,10.065
4,243.65,0.954,96.48,10.669,10.116,9.53,9.398,99.369,0.971,103.649,9.918,9.474,9.554,10.21,105.863
4,244.339,0.966,100.126,10.435,10.116,10.155,10.144,98.661,0.998,101.069,9.707,9.602,9.489,9.563,103.797
1,244.696,106.722,113.996,1.061,0.976,1.12,11.326,105.051,109.235,104.557,1.07,1.029,1.078,10.296,102.382
3,244.784,113.728,1.007,10.506,109.333,114.196,109.658,108.005,110.553,1.061,11.248,106.608,98.393,113.074,112.801
4,244.865,1.077,106.973,9.508,10.749,10.999,9.45,109.793,0.963,102.59,9.33,10.553,10.272,9.291,98.803
2,244.949,111.359,109.846,95.464,115.214,1.162,95.416,9.786,112.363,105.984,99.241,102.001,1.036,92.387,11.012
2,245.153,105.877,105.802,106.717,116.286,1.153,96.171,10.96,101.969,100.256,106.56,104.031,1.142,97.412,9.742
3,245.583,108.45,1.025,11.173,102.63,97.101,107.993,97.147,116.231,1.128,11.561,99.612,111.937,100.541,100.172
3,245.92,111.254,1.159,11.451,108.336,110.354,115.173,112.636,108.639,1.152,11.14,110.503,108.711,101.592,113.214
2,246.272,104.464,112.535,95.151,109.617,1.112,106.657,10.457,115.305,104.572,95.617,112.241,1.11,100.435,10.768
2,246.626,107.213,108.49,104.64,104.602,1.027,102.643,11.135,100.4,98.602,103.324,101.781,1.159,102.721,11.113
1,246.699,117.208,111.225,0.96,1.005,1.067,11.652,108.9,118.41,109.925,0.966,0.973,1.08,10.885,111.917
4,246.793,0.993,109.905,9.985,9.615,9.789,10.457,104.014,1.065,108.15,9.603,9.359,10.197,9.806,106.918
3,246.988,113.46,1.026,10.736,97.931,98.911,98.175,103.619,100.434,1.106,11.461,99.265,107.886,114.251,96.725
4,247.971,1.073,106.62,10.532,11.043,9.875,10.825,98.536,1.114,99.101,9.572,10.866,9.271,10.382,99.369
3,248.499,108.98,1.079,11.339,112.692,100.165,111.829,103.514,115.895,1.134,10.219,110.497,103.27,102.127,108.005
1,249.801,114.922,114.718,1.087,1.02,1.003,11.521,106.545,116.648,113.446,0.948,1.112,0.966,9.97,118.516
1,250.187,103.081,116.624,0.957,1.048,0.971,10.837,102.238,116.01,106.572,0.984,1.075,1.039,11.707,116.877
3,250.334,103.66,1.103,10.027,97.931,99.872,105.849,112.152,102.957,1.106,10.165,109.899,109.12,108.486,110.334
4,250.443,1.123,104.333,9.911,9.512,10.483,10.0,112.802,1.022,107.457,10.903,10.567,9.762,10.227,111.209
3,250.728,114.914,1.031,10.288,101.736,107.623,103.276,98.423,101.062,0.999,10.068,106.608,102.343,107.923,111.379
2,252.151,107.668,112.741,95.81,108.929,1.131,106.077,9.504,103.475,108.279,93.2,107.463,1.052,109.061,9.68
4,252.161,1.058,101.99,9.547,10.911,10.677,10.125,100.618,1.061,109.632,9.455,9.734,10.262,10.747,112.217
1,252.208,113.33,111.124,0.942,1.057,0.999,10.046,101.672,106.975,101.06,1.015,1.074,0.986,10.497,108.73
2,252.284,111.359,103.353,96.11,115.072,1.042,101.805,10.544,100.056,109.492,101.398,116.859,1.123,103.059,10.127
4,252.645,1.127,102.758,10.418,10.911,10.967,9.175,106.847,0.957,97.599,9.236,9.989,9.456,10.156,107.275
3,252.647,101.566,0.999,11.397,99.739,111.734,112.251,104.529,116.124,1.0,10.625,101.28,107.886,99.036,99.833
2,252.815,115.447,114.896,95.307,115.561,1.051,94.033,9.587,115.47,114.128,100.708,117.149,1.043,101.524,9.816
2,252.883,113.871,113.135,94.587,106.038,1.079,97.498,10.062,109.021,110.591,106.568,116.184,0.999,97.686,10.586
3,253.361,110.524,1.13,10.124,105.859,103.989,113.219,97.193,102.023,1.047,11.846,114.357,105.672,101.048,109.403
2,253.386,109.276,111.437,94.017,110.738,1.094,100.164,9.492,115.26,103.555,108.158,113.461,0.99,96.333,10.277
4,253.482,0.983,107.457,9.893,10.616,10.702,9.353,99.03,1.116,105.797,9.974,10.614,9.583,9.717,98.803
2,253.751,105.772,101.226,104.708,100.628,1.14,108.914,10.214,109.008,113.39,107.454,105.997,1.026,102.405,10.799
1,253.968,117.109,112.516,1.021,1.062,1.01,10.706,104.626,115.872,104.27,0.953,0.974,1.047,11.091,105.779
4,254.338,1.0,112.205,10.907,9.599,10.267,10.247,111.947,1.097,112.249,9.279,10.187,9.412,10.073,105.406
3,254.404,114.414,0.992,11.546,110.141,98.114,98.617,99.035,118.295,1.019,10.806,105.489,104.836,102.497,97.346
1,254.44,107.212,106.384,1.024,0.987,1.044,10.974,104.421,104.812,114.906,0.992,0.976,1.131,11.511,111.461
1,254.819,103.222,117.037,1.053,1.017,1.03,11.088,115.649,116.174,109.726,0.946,1.11,0.966,10.57,110.815
1,255.041,112.595,111.116,1.015,0.97,1.098,10.262,106.963,107.93,116.862,1.099,1.024,1.039,10.194,100.967
4,255.177,1.078,96.689,9.674,10.698,10.206,10.566,98.536,1.022,108.113,9.216,10.458,10.395,9.379,113.436
4,255.411,1.119,99.101,10.383,9.944,10.241,10.822,111.295,1.016,103.818,9.827,10.299,10.821,9.55,112.618
3,255.496,109.036,1.104,10.166,108.363,107.781,98.996,112.098,115.3,1.057,10.348,101.493,111.97,105.287,109.784
4,256.046,0.996,112.94,9.891,9.753,10.106,9.207,113.976,1.056,108.542,10.35,9.41,10.475,9.184,112.148
2,256.084,99.651,99.813,103.666,100.177,0.988,105.769,9.436,109.581,98.643,106.966,117.058,1.107,108.779,10.205
3,256.279,111.503,1.09,11.094,97.931,111.854,101.105,98.923,109.67,1.154,10.689,114.383,103.751,111.927,104.65
1,256.34,108.912,101.987,1.107,1.067,1.075,10.243,107.622,101.942,108.071,1.088,1.011,1.022,11.15,117.389
4,256.701,1.034,111.515,10.518,9.475,10.723,9.704,104.669,1.03,102.797,10.864,10.912,9.928,9.98,113.717
4,256.896,0.977,99.315,9.494,10.441,10.768,10.634,115.839,1.075,98.684,9.301,10.234,10.554,10.548,107.991
4,257.065,1.123,106.643,10.548,9.841,9.356,10.631,116.891,1.117,103.498,10.714,10.279,10.091,9.487,102.032
3,257.556,109.328,1.136,10.818,114.622,109.12,114.564,113.812,110.26,1.074,10.816,115.31,102.74,108.702,102.694
3,258.372,116.87,1.141,11.223,104.784,114.182,108.442,109.109,113.494,1.172,10.739,111.483,102.209,98.852,108.77
4,258.449,1.003,99.56,10.708,10.085,9.403,9.742,111.209,0.966,95.787,9.694,10.434,10.618,9.818,100.14
1,258.519,111.24,115.752,0.956,1.074,1.022,9.902,102.037,109.385,100.238,0.946,1.074,0.994,11.6,117.123
1,258.625,117.473,103.862,0.984,1.134,1.038,11.744,118.528,110.937,112.393,0.969,0.977,1.071,11.43,100.762
3,258.737,99.77,1.067,10.833,106.236,96.76,113.788,110.824,118.29,1.001,11.399,107.46,105.233,107.878,104.841
2,258.889,112.462,104.091,94.776,109.357,1.119,107.647,10.713,102.185,100.881,97.408,106.638,1.131,105.878,9.893
4,259.253,1.014,110.721,9.279,10.651,10.538,9.802,108.463,0.968,111.606,10.565,10.738,10.103,9.45,109.383
1,259.314,100.224,107.281,1.098,1.071,0.98,10.421,103.792,102.115,109.653,1.086,1.01,1.039,11.039,105.493
1,259.81,104.787,106.601,0.995,1.111,1.087,11.399,109.221,103.002,102.256,1.099,1.095,1.07,11.466,104.547
3,260.198,104.738,1.149,10.833,106.176,100.445,110.606,104.188,108.815,1.115,10.571,111.352,109.38,102.808,98.242
4,260.284,0.966,102.05,9.593,9.357,9.773,9.758,108.536,1.025,110.231,9.926,9.585,10.841,9.285,112.92
2,260.379,99.749,109.676,96.433,110.49,1.024,101.452,10.485,113.814,112.01,109.037,115.561,1.12,108.893,10.922
3,260.471,103.43,1.081,11.457,98.938,101.992,104.772,105.133,101.047,1.165,10.282,98.203,106.792,115.787,106.573
3,261.331,113.585,1.032,10.935,103.88,103.009,115.35,111.558,99.963,1.048,10.529,112.721,99.72,100.365,108.298
2,261.613,107.8,96.959,105.589,115.475,1.066,96.365,10.465,110.34,106.427,99.001,108.524,1.125,96.927,10.389
3,261.965,101.902,1.158,11.5,101.133,100.956,108.401,102.162,116.887,1.026,10.521,105.803,106.313,102.253,112.943
4,262.298,1.002,112.953,10.235,9.799,9.286,9.293,114.204,1.08,107.592,10.655,10.854,10.999,9.749,99.584
3,262.475,112.851,1.13,11.559,111.589,104.033,106.382,112.008,111.503,1.174,10.666,116.355,108.689,116.459,105.45
1,262.843,103.662,100.647,1.05,0.977,1.04,10.824,101.886,113.768,109.882,1.034,1.111,0.972,11.106,104.891
4,262.882,0.986,100.402,10.783,11.051,10.076,10.488,98.955,1.0,112.571,9.44,10.522,10.747,9.758,116.361
2,263.527,109.198,109.097,106.84,116.628,1.012,92.301,9.671,98.943,98.349,106.861,115.967,1.016,102.986,9.914
4,263.957,1.001,102.249,10.378,10.216,9.568,10.625,110.588,1.088,104.67,9.254,10.911,10.324,10.0,106.039
1,264.038,114.871,100.76,1.022,1.139,1.056,10.99,102.094,107.494,102.462,1.067,1.048,1.12,10.339,106.511
3,264.627,104.823,1.109,11.821,114.879,106.167,106.037,100.973,110.774,1.008,11.023,101.955,106.374,116.176,106.035
1,264.684,104.68,108.219,1.105,1.142,1.044,11.64,117.485,105.043,117.56,1.049,1.056,1.001,10.704,111.948
1,265.531,108.247,111.241,0.973,1.055,1.141,10.427,115.053,111.11,114.278,1.017,1.052,1.043,11.345,101.765
2,266.271,99.309,115.108,95.036,103.185,1.052,104.308,10.852,105.151,103.372,108.236,104.646,1.044,109.254,11.009
1,266.543,115.616,107.578,1.006,1.03,1.034,10.351,110.785,115.428,104.868,0.944,0.975,1.033,11.081,112.778
4,266.708,1.017,103.754,9.854,9.454,10.037,10.616,102.274,0.998,107.283,10.463,9.677,10.9,9.669,111.285
3,267.013,115.997,1.103,10.118,104.017,109.519,110.829,99.803,99.691,1.016,10.878,110.294,98.895,113.543,98.251
2,267.182,99.495,103.827,99.265,103.569,1.13,103.008,10.99,103.418,110.063,94.776,107.326,1.032,95.671,10.882
4,267.182,0.992,96.3,10.513,9.474,10.262,10.28,102.624,1.126,107.3,10.418,9.822,9.921,9.982,110.846
1,267.66,101.207,102.581,1.004,1.125,1.108,10.973,110.869,114.555,100.858,1.089,1.096,1.127,11.464,108.396
1,267.983,112.424,116.593,1.051,1.086,1.027,11.324,103.231,101.424,105.263,1.068,1.148,0.997,10.35,106.471
2,268.01,106.655,105.52,97.593,103.161,1.011,103.525,10.574,110.361,114.94,100.785,99.746,1.155,101.924,10.963
3,268.02,115.88,1.017,11.791,111.213,110.39,104.139,98.71,100.129,1.061,10.09,109.072,110.24,105.749,109.321
1,268.051,106.793,109.99,0.959,1.069,1.093,11.536,113.585,105.897,106.02,1.055,1.08,1.021,10.125,118.838
1,271.363,101.798,109.347,1.034,0.986,1.127,10.876,104.39,110.102,105.751,0.998,1.083,1.095,10.368,101.319
2,271.416,102.399,98.417,108.844,109.357,1.139,102.96,10.356,104.003,104.034,94.902,101.585,1.145,105.788,11.015
1,271.856,109.065,104.063,1.056,1.044,1.011,11.312,110.019,102.042,107.093,0.938,1.108,1.069,10.088,114.113
2,272.12,113.729,108.457,95.374,99.657,1.033,107.58,9.568,115.667,101.625,93.726,107.031,1.15,100.943,9.862
1,272.316,107.508,110.614,1.084,1.134,1.123,9.945,102.383,104.017,101.297,0.976,1.101,1.003,9.932,102.925
1,272.68,116.788,101.713,0.981,1.086,1.023,10.824,115.403,109.272,101.255,0.951,0.99,1.103,10.934,116.877
1,272.884,107.292,108.788,1.114,1.104,1.037,11.124,108.234,110.395,109.688,0.969,1.148,0.974,11.541,103.263
2,273.232,114.354,111.76,104.708,110.812,1.026,98.292,10.683,107.721,109.288,100.715,112.004,1.016,95.198,10.278
4,273.234,1.006,109.788,10.013,9.946,10.795,9.428,105.149,1.074,112.697,9.486,9.968,10.181,9.486,115.263
2,273.731,106.074,99.462,94.703,107.623,1.042,93.096,11.059,101.183,98.602,107.014,114.726,0.989,99.116,10.316
2,273.875,102.379,107.445,94.016,105.343,0.996,104.165,10.593,98.066,114.966,105.534,113.82,1.017,94.997,10.653
4,274.153,1.073,106.298,10.266,9.481,10.42,9.629,98.417,1.016,106.624,10.213,10.866,9.351,10.212,105.528
4,274.154,1.104,107.094,10.088,9.616,9.734,10.673,99.057,0.96,96.932,10.386,10.139,10.973,9.658,110.74
2,274.699,102.213,107.298,100.356,102.192,1.019,107.578,10.774,102.464,105.354,100.08,99.693,1.016,107.203,10.683
3,275.018,106.972,1.069,10.979,114.674,99.722,105.385,102.197,110.457,1.153,10.622,108.49,108.711,116.143,105.419
3,275.213,102.538,1.099,10.197,108.664,103.313,99.126,105.299,103.054,1.056,11.541,99.184,107.027,97.974,111.792
2,275.368,105.592,112.451,99.038,109.687,1.093,101.766,10.464,112.172,97.523,103.507,113.191,1.001,101.543,9.424
2,276.046,102.156,111.846,96.889,115.475,1.028,107.463,10.286,100.376,109.395,95.989,103.439,1.138,100.751,10.373
3,276.215,103.18,1.141,10.556,111.298,99.72,108.815,110.118,111.317,1.119,11.85,116.368,106.037,107.463,108.592
1,276.458,117.465,109.925,1.014,1.032,1.113,9.977,118.713,117.485,102.534,0.948,1.095,1.104,11.531,117.937
4,276.544,0.976,110.278,10.604,10.648,10.324,9.941,106.847,1.009,97.821,9.572,11.128,10.141,9.304,116.326
3,276.963,103.684,1.154,11.271,103.617,103.573,112.715,112.711,105.072,1.075,10.529,111.188,104.966,98.681,113.041
4,277.642,1.118,111.86,9.405,9.539,10.055,9.686,111.929,1.038,103.942,10.627,10.885,10.652,9.533,110.018
1,277.7,116.061,102.837,1.046,1.138,1.093,11.773,110.815,102.122,110.266,0.971,1.012,1.032,10.219,101.297
3,277.844,101.177,1.037,11.053,113.477,112.616,116.504,101.423,117.852,1.045,10.833,104.233,105.001,101.559,102.419
2,278.547,110.352,107.941,97.659,112.706,1.15,99.351,10.06,105.765,114.472,103.969,115.576,1.117,103.217,10.16
2,279.013,101.134,107.914,93.005,116.958,1.0,92.495,9.771,114.238,98.677,97.694,111.425,1.055,102.327,10.497
4,279.135,1.107,110.782,9.203,10.891,10.049,10.146,103.384,1.018,113.415,9.987,9.512,9.965,10.132,99.455
1,279.299,111.94,112.557,1.019,1.076,1.004,11.23,116.723,102.838,100.97,1.01,1.075,1.026,10.953,100.06
3,279.317,117.116,1.06,11.474,107.061,103.892,103.73,114.345,114.576,1.112,10.09,99.719,107.59,112.479,105.379
2,279.557,105.765,103.08,101.218,117.319,0.992,102.851,9.429,105.97,101.811,103.715,100.75,1.068,101.199,9.916
3,280.063,108.732,1.151,11.065,103.33,109.366,99.898,109.715,106.814,1.087,11.851,107.061,112.583,108.373,96.716
3,280.102,112.732,1.097,11.692,101.689,108.972,111.866,100.772,118.048,1.01,11.457,101.715,97.035,109.658,113.089
4,280.637,1.084,98.436,10.746,9.378,10.199,9.867,102.802,1.097,98.446,9.67,10.125,10.188,9.663,102.165
3,280.863,105.198,1.078,11.725,109.752,114.145,110.591,111.715,107.236,1.018,11.173,107.143,109.276,106.393,108.419
4,281.514,1.002,100.173,9.91,9.592,10.701,10.133,107.489,1.014,111.542,9.766,11.077,10.957,10.324,104.115
1,282.63,101.645,111.962,1.063,1.117,1.041,11.186,107.766,116.501,117.738,0.998,1.014,1.048,10.85,102.506
4,282.899,0.989,98.245,9.491,10.822,9.431,9.446,115.939,1.064,102.714,9.715,10.418,9.347,10.406,99.972
1,282.959,109.976,109.382,1.089,0.977,1.044,11.477,112.341,114.522,107.11,0.944,1.12,1.093,11.383,103.267
3,283.427,115.363,1.022,11.742,111.951,110.324,110.591,113.291,100.736,1.125,10.907,110.694,98.479,112.067,108.069
4,283.571,1.115,106.055,10.565,10.633,10.157,9.999,115.04,1.023,108.724,9.227,10.468,9.868,9.504,107.661
4,284.155,1.123,95.895,9.925,10.426,10.04,10.103,114.638,0.969,112.571,9.33,9.381,10.055,10.023,114.95
2,284.238,107.828,112.198,108.634,111.661,1.168,94.034,9.424,103.031,109.421,104.696,111.334,1.11,104.089,9.428
4,284.286,1.049,105.164,10.677,9.44,10.515,9.659,106.644,1.039,97.868,10.442,10.387,10.62,10.428,113.952
3,284.965,105.683,1.008,10.361,104.64,104.35,107.885,107.663,111.506,1.12,11.179,107.223,108.277,115.933,114.345
4,284.988,1.031,103.927,10.195,9.739,10.091,9.6,108.134,1.017,101.32,10.146,10.347,10.371,9.193,101.207
2,285.353,100.5,111.759,106.902,113.958,1.15,108.357,9.864,111.52,100.85,99.454,115.189,1.009,103.19,10.767
3,285.388,104.676,1.021,11.874,102.669,104.39,98.227,110.591,118.033,1.025,11.282,105.248,99.221,102.534,104.74
1,285.845,112.189,103.55,1.069,1.019,1.021,10.597,111.25,118.424,106.481,1.103,0.967,1.026,9.92,110.118
4,287.217,0.962,105.502,10.404,9.794,9.937,10.344,99.972,0.961,98.558,10.737,9.763,9.615,9.292,111.536
2,288.039,105.198,103.17,102.199,114.814,1.089,99.187,11.009,114.537,104.375,104.403,106.325,1.025,105.031,11.195
4,288.126,0.961,97.432,10.418,9.475,9.513,9.229,116.665,1.038,103.945,10.556,10.36,9.669,10.038,108.315
2,290.249,109.021,104.02,93.399,99.211,1.086,96.042,10.773,113.761,104.263,108.759,111.871,1.157,106.472,9.946
3,290.314,102.03,1.102,11.798,102.152,99.881,101.903,101.985,112.963,1.089,11.175,111.719,102.343,101.129,101.673
1,290.398,108.284,105.587,0.959,1.022,0.982,11.076,115.636,113.65,117.726,1.091,1.091,1.041,11.039,100.988
1,290.509,101.944,112.551,1.094,1.025,1.044,10.648,112.486,113.068,101.713,1.002,1.032,1.049,11.64,100.765
3,290.633,108.679,1.13,10.236,104.724,98.121,108.763,104.721,103.839,1.166,11.648,115.858,104.39,108.815,113.731
1,291.274,117.528,107.846,1.059,1.095,0.984,10.736,107.63,111.232,116.147,0.988,1.133,1.082,10.167,115.289
4,291.377,0.951,105.564,10.467,10.698,9.49,9.236,104.609,1.024,105.744,10.731,10.015,9.418,10.875,103.107
3,291.556,108.488,1.146,11.294,113.792,102.822,110.617,109.714,109.37,1.126,11.305,113.32,100.432,110.572,98.708
4,291.875,1.081,105.164,10.168,9.837,9.289,9.753,100.297,1.099,107.391,10.378,10.005,10.074,9.466,114.084
1,292.147,112.612,109.688,1.01,1.073,0.999,11.388,108.349,109.456,111.244,1.025,1.065,0.973,9.971,104.96
2,292.171,97.794,99.326,110.266,107.594,1.161,98.092,10.768,113.942,99.888,102.37,100.4,1.062,97.227,10.727
2,292.284,108.135,106.311,100.724,107.347,1.099,104.115,9.73,113.475,104.693,98.055,110.305,1.081,98.203,10.83
3,292.3,103.863,1.132,11.217,109.734,110.294,116.535,103.513,115.812,1.017,10.774,108.288,108.375,98.171,97.022
1,292.301,110.535,109.867,0.96,1.033,1.045,10.649,100.331,108.862,106.196,1.091,1.056,1.089,10.289,114.771
2,292.462,104.54,108.616,102.37,100.309,1.112,99.67,9.459,114.781,102.225,95.506,102.0,1.006,98.951,10.377
1,292.779,104.652,107.505,0.967,1.024,1.133,10.243,106.283,100.735,115.954,1.031,1.112,1.002,10.766,108.967
1,292.901,113.551,112.557,1.075,1.082,1.105,11.334,113.401,115.058,111.837,0.992,1.144,1.051,11.012,100.616
4,293.097,0.98,107.898,10.235,10.601,9.985,10.221,109.207,1.067,97.711,9.211,9.77,10.513,10.544,99.03
2,293.514,113.255,108.457,100.534,106.425,1.055,99.412,10.784,109.891,103.48,95.881,104.915,1.016,107.051,10.91
4,293.726,0.964,108.937,10.096,10.216,9.57,9.791,107.004,0.955,99.332,9.478,9.943,10.51,9.427,102.542
2,294.814,99.309,107.057,104.851,113.972,1.044,101.361,9.724,105.901,105.825,101.993,103.663,1.119,93.606,10.568
1,295.011,116.591,118.007,1.042,1.071,0.971,10.779,103.728,113.414,99.76,1.052,1.04,1.003,10.592,100.218
1,295.015,116.501,111.778,0.975,1.091,1.122,10.877,111.546,115.428,108.402,0.939,0.973,1.026,10.758,110.691
2,296.484,100.094,102.463,105.011,111.594,1.043,92.703,10.53,104.694,104.89,97.987,109.941,1.098,93.01,10.278
3,296.493,116.402,1.103,11.559,105.912,111.937,106.792,101.994,105.81,1.064,11.003,106.371,107.318,108.602,103.374
3,296.566,112.007,1.048,11.687,104.985,107.433,113.074,99.78,102.722,1.113,11.07,101.493,111.406,114.813,97.77
4,297.615,0.965,109.404,10.559,10.385,10.747,9.761,108.505,1.072,105.736,9.333,10.866,9.708,9.18,111.139
1,297.663,111.938,109.955,1.04,1.138,1.048,11.755,115.272,106.424,100.234,1.048,1.142,1.088,10.476,117.629
4,297.736,1.11,100.814,9.395,10.023,9.958,10.156,112.38,0.976,103.059,9.382,10.624,9.402,10.103,99.057
4,298.628,1.049,99.5,10.09,11.074,9.413,10.148,104.364,1.035,109.371,10.294,9.657,10.702,9.867,111.715
2,299.051,101.851,97.051,104.058,105.501,1.09,99.365,10.55,115.042,107.689,108.579,102.735,1.108,94.034,11.051
4,299.273,1.09,106.496,10.823,10.912,10.791,10.308,99.92,1.104,106.399,9.337,9.799,10.512,10.087,103.128
3,300.538,108.639,1.162,11.046,104.374,108.077,112.819,100.923,116.004,1.117,11.409,109.915,112.172,102.832,104.823
3,301.958,104.072,1.08,10.44,102.536,105.088,106.773,105.35,101.829,1.073,10.325,102.879,99.221,107.534,113.039
1,302.119,118.35,114.713,1.047,1.107,0.988,10.01,106.815,110.916,117.621,1.092,0.968,1.015,10.976,101.076
4,302.449,1.066,102.504,9.746,9.968,9.29,10.625,114.188,1.024,112.389,9.454,11.031,10.079,9.698,112.722
2,302.525,111.482,104.971,103.038,107.86,1.156,104.089,11.017,111.136,96.924,95.672,112.618,1.113,98.049,10.78
4,303.114,1.07,97.432,9.392,10.306,10.652,9.674,114.732,1.124,97.946,9.671,10.67,10.064,10.017,98.509
1,303.136,108.272,109.039,0.968,1.067,1.041,11.726,115.491,111.94,117.105,0.96,0.988,1.096,10.694,107.993
1,303.61,112.324,109.938,0.949,1.078,0.965,10.39,118.433,115.261,103.971,1.08,0.987,1.014,10.079,101.721
1,303.623,110.549,110.732,1.021,1.059,1.133,11.214,109.313,105.201,106.99,1.012,1.08,0.984,10.194,116.363
4,304.175,0.969,113.493,10.085,10.414,9.603,9.536,115.091,1.093,111.515,10.765,10.909,9.372,10.754,111.384
3,304.446,114.467,1.099,10.545,109.915,111.937,100.626,105.343,101.566,1.124,10.642,106.942,104.279,116.176,112.573
1,304.602,108.452,100.025,1.07,1.09,1.146,10.934,101.941,100.308,113.064,1.016,0.976,1.012,10.113,110.264
3,304.688,110.774,1.123,11.006,99.918,109.782,107.611,105.844,112.769,1.06,10.504,114.609,106.343,100.348,102.196
2,305.184,103.428,103.623,94.038,112.531,1.036,97.91,9.424,103.281,106.622,104.979,116.818,1.131,105.539,10.649
3,305.211,101.51,1.136,11.283,113.014,106.604,112.626,107.043,109.244,1.077,10.633,100.793,112.616,103.682,110.21
1,305.261,108.278,113.718,1.069,1.055,1.061,11.63,102.815,115.261,103.014,1.091,1.073,0.97,9.953,117.253
1,305.357,110.882,109.42,1.062,1.056,0.968,10.414,102.48,109.032,113.278,1.113,0.986,1.117,10.7,114.787
3,305.636,115.727,1.121,11.783,98.903,113.002,112.479,104.06,110.194,1.073,10.179,112.179,99.469,115.585,100.488
3,305.696,108.491,1.104,10.718,114.69,106.418,100.412,106.409,102.219,1.128,11.097,103.963,113.73,106.226,105.363
1,305.97,108.681,109.258,0.978,0.969,1.115,10.18,116.094,106.696,113.288,1.059,1.036,1.059,11.582,110.663
1,306.982,115.876,106.87,1.01,0.991,1.114,10.115,106.413,111.72,103.466,0.991,1.082,1.139,11.573,109.967
2,307.556,103.578,99.373,104.738,116.568,1.068,104.851,10.465,99.444,100.001,100.107,108.395,1.165,107.051,10.375
3,307.903,115.178,1.038,11.887,101.145,101.992,113.219,107.493,109.41,1.142,10.043,109.112,111.747,101.478,108.753
4,308.373,1.099,108.732,10.639,10.686,10.465,9.91,113.981,0.996,99.145,10.548,10.206,10.335,10.103,110.073
1,308.597,117.939,117.738,1.062,1.065,0.985,11.389,106.283,115.375,110.316,0.943,0.994,1.066,10.101,105.002
2,308.782,99.747,103.39,94.12,108.679,1.059,92.457,9.695,99.444,108.679,101.958,100.966,1.051,100.943,9.852
1,309.258,105.525,109.792,1.004,0.967,1.102,10.161,104.111,114.168,107.11,1.061,1.025,1.074,9.92,113.215
3,309.879,108.108,1.005,10.51,103.584,100.881,110.198,98.732,100.347,1.025,11.478,111.231,109.223,115.456,98.257
1,310.026,113.682,101.06,1.01,1.119,0.975,11.386,100.906,106.371,99.528,1.035,1.132,1.068,11.231,111.26
2,310.164,111.78,101.795,105.212,100.072,1.104,107.336,11.012,109.78,105.972,92.977,99.893,1.061,107.146,9.796
2,310.329,111.181,110.972,94.58,117.186,1.091,93.471,10.974,109.697,99.462,98.191,102.957,1.077,104.429,9.946
2,311.688,98.029,102.483,98.704,110.616,1.051,109.639,9.591,109.276,102.371,99.997,110.606,1.05,97.698,10.741
3,311.736,117.372,1.119,11.343,108.643,97.218,99.415,99.523,100.546,1.035,11.796,114.628,113.6,106.399,101.917
1,311.909,111.731,115.112,1.066,1.089,1.088,10.187,108.119,107.923,113.639,1.063,1.113,0.978,10.649,114.113
2,312.037,104.135,99.07,106.467,106.643,1.163,99.517,10.433,110.193,99.813,97.058,117.35,1.139,94.516,10.586
4,312.121,1.123,99.083,10.495,11.018,9.9,10.021,103.048,1.037,110.336,9.659,10.951,10.791,9.435,101.593
1,312.2,111.196,116.759,1.002,1.134,1.082,10.417,101.936,114.914,108.584,0.973,1.107,1.036,10.457,115.035
1,312.811,103.913,101.258,1.003,0.978,0.983,10.695,105.45,105.272,115.704,0.952,1.124,1.055,9.92,116.657
4,313.146,1.037,109.783,9.386,10.522,9.808,10.102,107.42,0.996,112.933,10.34,10.377,10.729,10.206,106.317
3,313.168,114.653,1.045,11.006,113.195,114.01,99.919,110.873,116.772,1.006,11.889,104.724,110.992,104.866,106.076
4,313.902,0.976,98.732,9.301,9.592,10.525,10.475,107.865,1.042,108.852,10.859,9.9,9.357,9.384,105.16
1,313.917,105.45,110.169,0.937,0.993,1.105,11.471,110.118,115.343,111.24,0.991,0.999,1.068,11.4,101.617
3,314.001,105.648,1.071,10.517,111.331,111.883,101.154,104.57,107.604,1.106,10.341,103.482,99.368,106.399,105.787
4,314.079,1.043,101.002,10.867,9.772,10.339,9.495,116.802,1.05,109.781,10.576,11.038,10.061,10.63,116.516
1,314.133,103.913,109.073,1.003,1.1,1.062,11.33,118.456,109.265,115.045,1.099,1.025,0.998,11.6,102.153
1,314.544,100.697,105.654,1.018,1.075,1.019,10.794,104.991,115.93,104.96,0.98,1.116,0.97,11.326,115.491
2,314.787,100.384,98.706,95.411,109.199,1.043,97.498,10.104,111.909,97.852,94.589,104.3,0.99,96.668,11.15
4,314.846,1.06,111.274,9.382,9.739,10.878,10.064,105.963,1.101,107.235,10.128,10.009,10.634,9.735,102.839
1,315.088,113.314,101.292,1.044,1.003,1.054,11.405,116.568,110.737,101.255,1.107,0.971,1.023,9.94,118.568
1,315.468,105.163,103.659,1.003,1.026,0.976,11.208,104.976,105.867,99.885,0.995,1.025,0.981,10.457,105.175
1,315.558,114.758,110.923,1.114,0.992,1.093,10.189,102.238,104.242,101.383,0.998,1.08,1.095,10.925,114.966
1,315.885,110.006,103.292,0.938,0.976,1.123,10.476,112.61,116.935,113.064,1.009,1.034,1.053,10.055,110.953
2,316.067,104.463,111.853,109.272,110.591,1.099,103.978,10.45,99.747,107.723,107.448,112.345,1.078,96.197,10.537
3,316.138,107.316,1.128,11.885,104.744,104.221,98.911,97.409,117.432,1.157,10.242,99.671,112.412,108.215,114.043
3,316.616,111.927,1.161,10.199,111.362,109.837,115.49,103.814,112.692,1.174,11.287,109.897,102.185,102.224,101.399
2,317.061,101.052,113.779,102.211,112.908,1.169,100.892,10.404,102.601,110.037,95.464,100.966,1.154,97.498,9.455
4,317.485,1.088,96.454,9.818,9.869,10.729,10.631,100.628,1.078,109.743,10.427,9.438,10.141,10.204,101.769
2,318.087,105.977,108.283,93.631,109.887,1.006,103.059,9.721,98.483,100.073,106.726,102.735,1.159,102.11,9.824
2,318.137,101.806,98.988,103.904,115.823,1.031,107.818,10.554,104.464,104.427,97.666,106.277,1.037,100.193,10.612
2,318.389,104.967,102.097,93.249,106.63,1.114,107.928,10.686,114.234,111.717,103.601,113.964,1.104,102.072,11.09
1,318.602,105.619,110.172,1.085,1.021,0.996,10.422,105.609,117.473,106.402,0.966,0.996,1.033,11.557,114.666
1,318.611,109.6,107.826,1.065,1.071,1.134,11.16,115.552,106.433,106.4,0.998,0.976,1.125,11.707,100.279
3,319.648,106.514,1.107,11.424,109.071,97.696,108.486,98.212,104.303,1.073,10.712,108.76,103.117,112.381,102.946
3,319.868,111.541,0.996,10.015,106.042,98.806,98.02,97.341,108.556,1.104,11.406,104.684,110.509,98.341,112.277
2,319.88,108.317,110.299,109.635,103.895,1.004,106.975,10.781,115.566,105.388,101.594,102.542,1.077,104.536,11.006
2,320.45,115.433,111.332,105.313,113.972,1.02,102.244,9.548,114.574,113.366,98.093,99.376,1.097,92.816,9.957
2,321.226,110.594,110.205,105.212,116.61,1.043,105.293,10.469,112.464,105.365,95.679,109.567,1.008,102.552,9.64
2,321.756,107.721,113.345,94.86,104.18,1.152,93.603,9.695,113.871,99.854,100.135,105.135,1.076,104.96,9.886
3,321.947,102.68,1.065,11.612,98.027,110.461,104.306,113.538,102.948,1.104,10.582,110.215,113.663,103.613,101.066
1,323.044,108.617,107.677,1.031,1.016,1.01,10.162,102.66,110.597,115.174,0.974,0.986,1.114,10.485,118.427
2,323.224,106.423,103.765,107.014,115.427,0.987,93.927,10.518,109.564,97.806,103.068,111.004,1.065,92.669,10.081
4,323.63,0.973,109.371,10.58,10.664,10.996,9.629,109.667,1.088,107.616,9.354,10.027,9.301,10.148,103.452
1,323.852,107.824,111.643,0.948,1.132,0.992,11.515,107.037,101.316,99.668,1.063,0.97,1.097,10.973,109.253
4,324.023,1.03,107.027,10.594,9.615,10.553,9.65,100.646,0.989,99.842,10.644,9.461,9.438,9.608,104.26
3,324.516,106.853,1.01,11.561,111.473,97.203,100.477,114.349,101.059,1.051,11.637,116.214,101.63,115.103,103.972
3,324.969,103.306,1.06,11.635,97.853,101.093,113.568,106.642,110.8,1.123,11.168,99.083,112.307,115.292,106.209
1,325.025,100.135,114.351,1.048,0.991,1.011,10.419,112.013,107.292,110.316,0.954,1.102,1.125,10.812,113.197
2,325.186,102.218,97.696,101.39,109.816,1.1,100.916,9.641,112.172,97.648,95.292,103.961,1.127,106.678,10.774
2,325.231,97.981,107.973,108.634,112.544,1.05,97.69,9.862,99.026,98.695,94.214,111.334,1.047,102.459,10.432
1,325.802,102.292,103.665,1.101,1.133,0.981,11.669,110.633,118.385,104.066,1.076,0.996,1.02,11.157,100.432
2,326.512,103.115,106.058,102.4,101.765,1.066,99.393,11.151,113.488,102.466,102.662,108.165,1.007,99.856,9.798
3,327.852,110.957,1.061,11.227,105.968,108.115,98.31,101.246,114.116,1.094,11.678,104.755,106.168,103.399,110.367
1,327.984,107.629,105.755,1.099,0.987,1.132,11.383,107.12,105.081,117.198,1.019,1.068,1.105,11.712,107.993
1,328.073,105.329,99.657,0.968,0.984,1.02,10.465,110.313,116.935,107.776,0.956,1.123,1.097,10.196,101.297
2,328.221,108.899,99.138,99.522,109.268,1.128,104.091,10.926,101.872,100.064,103.211,114.713,1.034,107.147,10.486
4,328.62,0.99,110.873,10.033,9.542,9.938,10.106,104.156,1.028,103.291,10.576,10.755,10.486,10.026,116.326
4,328.742,1.02,98.059,10.335,10.794,9.764,10.1,107.825,1.06,101.001,9.195,9.803,10.328,9.433,112.14
2,328.826,109.752,101.312,98.263,104.642,1.143,109.47,9.631,112.228,107.783,107.365,99.74,1.103,106.716,9.543
4,329.325,1.128,102.063,10.152,11.041,10.451,10.221,101.785,1.049,112.273,10.359,10.308,10.62,9.287,98.448
3,329.413,101.314,1.157,11.736,112.388,104.638,114.927,101.626,103.464,1.125,10.555,98.908,96.532,103.276,108.262
1,329.683,115.058,111.98,1.045,0.967,1.099,10.628,108.101,105.452,110.933,1.062,1.025,1.041,10.908,108.028
4,329.763,1.042,103.869,10.242,10.869,9.75,9.217,114.162,1.125,109.111,10.106,10.283,10.545,9.66,112.217
3,329.924,103.797,1.01,10.341,110.852,111.165,100.043,111.693,105.942,1.065,10.688,99.382,111.706,104.024,99.839
3,329.969,100.441,1.035,10.381,101.145,96.404,113.344,111.795,107.201,1.082,11.531,105.316,103.177,102.485,98.462
3,330.154,105.187,1.053,11.07,109.869,97.67,105.276,108.592,110.351,1.135,10.039,107.061,105.823,103.527,102.196
1,330.828,101.145,103.27,1.006,1.078,0.998,11.761,113.756,110.911,111.225,1.076,1.083,1.131,11.425,107.421
3,330.89,113.397,1.078,11.686,112.16,109.513,102.963,105.207,100.735,1.04,10.718,114.357,103.009,101.53,104.217
1,331.354,106.793,100.157,0.968,0.986,0.999,10.204,100.765,111.541,108.866,1.02,1.081,1.001,11.476,102.524
4,331.385,1.122,111.371,9.404,9.509,9.53,10.835,100.292,1.111,95.614,9.523,9.969,9.549,10.821,101.829
4,331.828,1.054,109.041,9.782,9.657,10.079,9.511,109.262,1.024,97.229,10.519,9.589,10.42,9.258,110.23
3,332.161,106.425,1.16,10.816,114.609,101.616,112.074,112.063,101.127,0.996,11.471,101.866,113.169,102.889,107.794
4,332.336,1.022,97.946,9.254,9.827,9.775,9.217,106.407,1.105,111.277,9.654,11.032,9.646,10.501,110.946
1,332.468,105.797,117.846,0.947,0.967,1.113,11.207,117.405,104.276,118.155,0.938,1.051,1.059,10.758,114.233
1,332.927,103.037,110.035,1.104,1.051,1.104,11.432,118.057,106.77,116.792,0.984,1.09,1.019,10.195,116.374
4,332.955,1.08,107.898,9.295,9.73,9.758,9.67,103.336,1.084,107.38,9.891,10.027,10.15,9.406,112.247
4,333.323,0.972,111.277,10.5,9.875,9.293,10.296,116.946,1.025,103.426,10.152,9.968,10.526,9.849,105.495
3,333.623,106.243,1.062,10.79,109.645,111.195,115.169,99.408,114.435,1.003,10.088,104.078,112.224,114.113,110.84
3,333.974,109.991,1.131,10.367,97.883,100.006,113.344,100.856,113.585,1.082,10.416,98.908,103.484,113.345,107.455
1,334.43,104.348,110.541,1.046,0.984,1.028,10.877,111.461,101.424,115.591,1.025,1.142,1.136,11.422,102.3
1,334.435,107.824,118.036,0.989,1.051,1.086,11.517,117.169,114.669,103.466,0.948,1.053,0.966,10.001,109.751
1,334.892,113.429,99.696,1.063,0.992,1.08,10.97,117.896,118.036,104.489,1.004,1.031,0.973,10.612,118.488
1,335.033,111.458,114.622,1.078,0.968,1.045,11.693,100.279,106.583,104.242,1.1,1.039,1.088,11.056,111.917
2,335.095,100.5,114.645,98.79,112.706,1.003,100.135,10.549,104.796,98.493,97.743,102.96,1.035,99.091,10.064
1,335.945,118.557,105.464,1.028,1.021,1.068,10.819,115.2,106.811,114.199,0.976,1.032,1.032,11.776,100.331
4,336.017,1.033,112.595,9.871,10.671,9.74,9.98,108.308,1.016,109.385,10.671,10.528,10.942,9.215,109.546
3,336.059,100.06,1.087,10.445,113.06,101.56,109.674,99.035,99.534,1.018,11.083,101.937,110.993,99.258,113.964
2,336.227,110.272,101.903,94.86,107.686,1.149,98.286,10.214,107.082,110.99,106.966,111.885,1.081,104.79,10.209
2,336.326,115.432,111.846,100.715,104.744,1.063,105.674,10.861,99.285,107.501,101.099,103.682,1.082,104.305,10.867
4,336.402,1.124,98.644,9.863,10.812,10.678,10.241,104.35,1.011,112.546,9.911,10.424,9.488,10.375,116.652
3,337.476,112.435,1.105,10.504,116.214,108.799,110.606,98.056,99.491,1.107,10.733,103.33,105.947,102.989,97.997
1,337.606,106.174,100.878,1.078,0.968,1.011,10.57,106.91,107.411,109.882,0.986,1.049,1.091,11.36,112.764
1,338.148,102.745,108.965,1.009,1.039,1.135,10.416,110.221,106.071,104.528,0.956,0.992,1.069,9.984,102.576
1,338.366,104.37,103.55,0.954,1.124,1.138,10.326,100.544,106.497,112.685,1.111,1.104,1.082,10.01,100.06
3,338.408,103.757,1.045,10.512,98.284,102.181,104.866,102.427,102.396,1.11,11.885,105.226,111.614,116.41,98.69
1,338.567,110.825,116.336,1.112,1.007,1.147,10.476,114.473,116.174,113.555,1.065,1.033,1.051,10.48,112.831
4,338.892,0.99,99.669,10.176,10.113,10.059,10.014,108.674,0.964,107.027,9.312,9.872,10.452,10.418,99.185
2,339.399,103.441,100.267,101.109,106.783,1.023,101.801,9.969,109.021,103.39,97.694,113.325,1.104,96.725,11.072
2,339.945,104.54,98.844,94.703,100.424,1.105,96.744,11.181,110.126,109.522,97.777,99.657,1.15,101.711,10.799
4,340.255,1.121,105.296,10.022,10.073,10.803,9.369,116.39,1.005,99.644,9.704,9.538,9.35,10.557,98.803
2,340.472,112.166,105.203,107.104,102.689,1.141,92.658,9.988,99.475,97.811,95.847,113.958,0.99,104.752,9.426
1,340.867,103.25,100.173,1.044,1.097,0.992,10.523,111.168,107.582,114.97,1.062,0.991,1.026,11.46,111.948
2,341.082,115.564,100.505,99.524,107.733,1.029,92.849,10.394,114.925,103.43,94.431,106.045,1.124,99.856,10.423
3,341.841,118.179,1.035,11.502,109.732,110.226,99.93,114.465,104.214,1.042,11.353,103.482,102.003,106.392,96.664
3,341.951,116.231,1.104,11.544,114.622,105.554,115.456,99.62,102.685,1.038,11.541,102.552,105.823,110.927,110.504
3,342.013,112.851,1.065,10.979,111.621,109.887,104.484,111.296,101.632,1.059,11.545,100.291,113.307,104.622,113.288
3,342.123,117.749,1.04,11.855,115.439,100.006,102.485,109.403,106.208,1.084,10.456,114.716,100.887,112.104,109.527
1,343.151,107.398,113.779,1.08,1.043,0.965,11.302,110.221,117.649,115.879,0.97,0.989,1.093,11.46,108.869
4,343.619,1.007,112.871,10.315,11.084,10.304,10.8,115.091,1.028,104.733,10.081,10.04,10.973,9.386,108.011
2,343.848,109.358,107.564,103.238,102.872,1.097,98.205,10.822,110.695,113.685,100.569,109.511,1.067,109.151,9.659
3,343.891,102.68,1.123,11.601,105.307,99.199,111.009,111.083,106.11,1.151,10.625,116.187,99.872,102.772,100.932
3,343.951,111.055,1.177,10.842,105.336,110.226,109.339,97.396,117.362,1.169,11.069,102.252,105.061,105.276,106.507
2,343.954,100.148,114.153,109.3,107.686,1.108,105.318,10.433,115.553,97.143,100.857,103.569,1.036,103.655,10.922
2,343.985,113.485,113.831,96.542,113.412,1.168,96.832,10.544,113.025,100.241,107.595,112.235,0.984,105.463,10.291
4,344.419,1.047,100.814,9.718,11.105,9.549,9.546,111.285,1.092,106.511,10.767,10.64,10.927,10.237,112.38
1,344.476,118.564,106.71,1.049,1.05,1.106,10.194,109.221,112.46,99.356,1.018,1.075,1.131,10.601,110.454
4,344.704,0.968,102.017,10.175,10.362,10.678,10.593,101.095,1.07,103.787,10.327,11.097,10.846,10.325,102.542
3,345.099,111.694,1.125,10.846,100.238,99.995,113.074,102.597,108.704,1.0,11.094,100.896,104.758,99.898,112.916
3,345.381,102.683,1.131,11.435,112.203,110.948,104.139,98.636,105.892,1.003,10.899,103.583,99.576,103.082,106.411
4,345.653,1.045,109.371,10.874,11.011,10.634,10.484,114.478,1.12,111.139,9.798,9.819,10.139,10.634,103.722
2,347.247,104.484,106.445,104.003,106.638,0.993,107.638,9.569,115.305,111.177,103.73,116.369,1.11,105.406,9.7
4,347.655,1.023,106.272,9.221,10.968,10.8,10.125,112.722,1.044,111.413,9.227,9.875,10.464,10.394,109.608
4,347.725,1.106,101.475,10.776,9.694,9.804,9.598,102.667,1.126,111.178,9.803,10.401,9.726,10.807,104.105
4,348.708,0.952,100.203,9.839,10.846,10.649,10.146,101.762,1.009,106.569,9.985,10.975,9.817,9.444,114.124
4,348.721,1.067,106.413,10.312,9.666,10.195,9.582,101.095,1.047,107.689,9.76,9.503,10.95,10.855,100.646
4,349.095,1.02,98.992,10.869,9.518,10.219,10.601,100.732,1.095,101.586,10.405,9.989,10.501,9.511,102.282
2,349.202,110.091,113.44,102.608,108.871,1.129,101.837,9.596,115.787,109.123,98.715,117.179,1.165,92.973,10.652
3,350.61,115.029,1.136,11.561,110.375,100.607,113.949,99.248,113.395,1.015,10.957,102.63,100.586,103.647,108.782
1,350.82,110.535,110.266,1.1,1.123,1.046,11.302,117.277,116.057,104.242,1.078,1.069,1.0,11.528,112.524
3,350.87,103.054,1.104,11.593,102.232,107.197,110.691,109.89,117.051,0.995,11.152,106.682,105.294,109.284,99.364
1,350.965,117.132,117.128,1.05,0.991,1.034,10.429,100.08,117.506,107.049,0.975,0.973,1.123,10.51,100.251
1,351.34,110.882,108.653,0.973,1.067,1.088,10.461,107.557,100.262,103.934,1.053,1.032,1.128,10.15,108.18
3,351.709,111.41,1.04,11.205,108.979,112.823,100.827,103.195,114.523,1.16,11.903,113.792,96.906,107.98,105.868
2,352.096,98.597,112.44,94.649,107.463,1.078,101.417,10.356,105.27,113.896,107.154,113.14,1.047,93.603,10.712
3,353.158,113.386,1.119,10.742,112.15,109.546,104.444,103.491,107.115,1.141,11.431,104.563,104.265,100.123,104.191
4,353.293,1.024,96.375,10.073,9.682,9.817,10.032,100.693,1.113,102.758,10.832,11.115,10.044,10.747,112.666
1,353.628,104.855,102.518,1.105,1.025,1.081,10.091,117.342,105.452,112.526,1.053,1.11,0.969,10.066,106.967
2,353.811,97.7,97.801,94.017,99.17,1.025,99.87,9.449,111.478,106.741,96.903,117.446,1.149,93.635,10.121
1,354.057,116.543,103.292,1.045,1.0,1.098,9.989,112.831,118.467,105.835,1.1,1.03,1.104,10.816,115.403
2,354.134,100.927,105.738,109.635,108.081,1.107,104.692,9.767,99.211,102.181,94.433,103.666,1.104,96.927,10.628
4,354.145,1.099,107.622,9.821,10.665,10.85,10.222,99.736,1.12,106.241,10.867,10.618,10.652,9.758,99.783
2,354.16,110.224,107.35,99.206,115.164,1.001,92.656,9.641,114.777,102.531,93.486,109.223,0.995,92.324,9.513
3,355.018,116.231,1.101,10.107,100.491,109.223,109.807,98.23,109.084,1.108,11.831,114.794,114.213,99.504,102.1
1,355.028,114.47,115.38,1.074,1.126,1.057,11.65,100.762,112.595,104.981,1.053,1.046,1.052,11.218,100.765
4,355.33,1.059,108.292,9.261,10.494,10.702,9.563,107.099,1.047,112.563,9.984,9.61,10.161,9.78,105.569
4,355.893,0.973,105.784,10.238,9.782,10.012,10.64,108.065,1.024,107.576,9.908,10.824,10.776,9.867,112.043
2,356.322,111.181,100.822,95.012,101.748,1.13,101.524,10.214,109.198,102.463,104.934,117.045,0.99,101.621,10.178
3,356.372,108.488,1.011,11.683,112.934,110.595,114.646,112.573,101.177,1.088,11.189,109.339,108.888,108.702,96.902
2,356.659,115.074,100.518,109.482,99.816,1.085,103.059,10.161,105.961,110.384,99.676,99.657,1.032,103.625,10.053
3,357.309,99.616,1.064,10.08,98.644,102.28,98.891,104.922,102.857,1.154,11.255,101.945,113.582,115.544,113.185
3,357.676,101.258,0.994,10.479,114.028,108.847,100.861,104.813,103.499,1.142,10.356,100.62,102.512,104.337,114.546
3,358.072,115.939,1.118,10.393,99.083,99.047,110.871,108.737,113.855,1.031,10.02,115.942,104.123,102.461,98.897
1,358.851,113.65,108.075,1.0,1.116,1.025,10.694,108.675,102.556,115.24,0.992,1.057,1.008,10.091,115.217
3,358.979,99.519,1.073,10.014,113.06,101.72,100.412,102.442,105.979,1.0,10.257,114.028,98.646,108.543,106.411
4,359.074,1.011,108.479,10.736,9.432,10.783,10.245,99.532,1.101,112.94,9.949,10.152,10.012,9.703,116.649
3,359.421,113.762,1.027,10.433,100.167,102.248,113.572,101.881,117.418,1.0,11.849,113.475,113.097,116.176,106.427
1,359.495,112.698,108.404,1.098,1.049,1.017,10.069,118.484,110.231,109.208,0.958,1.07,1.028,10.058,104.414
1,359.495,107.096,114.671,1.066,1.077,1.048,11.747,118.666,118.467,101.292,0.971,1.085,1.077,11.716,112.787
4,360.703,1.086,102.128,9.185,9.968,10.766,9.433,109.368,1.043,104.874,10.359,10.299,9.283,9.806,98.677
2,361.89,115.136,100.85,105.766,101.0,1.127,101.837,10.781,110.218,110.848,100.161,101.876,1.059,99.351,10.661
1,361.92,111.962,115.24,1.094,0.995,1.097,11.253,112.524,106.174,109.249,1.092,0.973,1.133,10.488,113.48
2,362.051,110.185,103.696,110.15,104.031,1.126,105.454,9.811,106.3,97.265,109.018,109.533,1.088,98.586,9.988
4,362.529,1.035,109.965,10.258,10.315,10.141,9.971,108.505,1.092,108.787,10.869,9.509,10.791,10.111,100.627
3,362.607,114.253,1.086,10.154,102.216,97.688,108.332,101.626,108.976,1.14,10.266,113.137,99.296,112.716,108.164
4,362.805,1.118,96.447,10.379,9.738,10.691,10.006,112.799,1.054,96.262,9.332,9.99,11.002,9.27,102.023
3,364.298,100.875,1.116,11.218,111.589,104.93,104.484,108.164,116.237,1.102,11.826,104.821,100.59,99.228,114.176
2,364.659,113.142,113.035,95.502,114.959,0.995,108.914,10.741,100.979,101.502,107.821,105.315,1.098,94.969,11.102
1,366.963,107.247,103.117,1.029,1.12,1.062,10.62,111.645,103.892,112.142,0.95,0.968,1.106,10.976,112.297
1,367.596,117.485,99.594,1.011,1.083,1.075,11.266,102.034,116.58,99.99,1.104,1.126,1.011,11.737,112.602
4,367.743,0.972,100.812,9.27,10.153,9.531,9.904,103.44,1.043,98.356,10.641,10.19,9.635,10.018,104.168
1,368.416,116.125,107.48,0.943,1.063,1.12,11.157,117.492,112.56,106.353,1.075,0.999,1.104,10.101,100.701
3,368.452,114.73,1.138,10.345,98.458,97.874,111.253,113.039,111.288,1.141,11.72,101.329,99.079,115.814,110.746
1,368.579,110.73,105.464,1.016,1.105,1.062,10.519,114.645,114.633,104.626,1.101,0.979,1.095,10.831,108.195
2,368.747,109.824,111.892,98.055,115.211,1.14,97.04,10.48,101.031,108.128,101.212,116.099,1.097,93.896,10.695
1,368.792,113.068,115.625,1.089,1.022,0.996,11.023,115.425,107.923,115.571,1.03,1.017,1.072,10.327,101.804
4,369.106,1.059,109.708,9.872,9.772,9.577,9.257,99.282,1.026,96.26,10.695,9.357,10.115,10.395,114.602
3,369.305,112.47,1.172,11.528,101.889,97.838,104.089,105.036,117.891,1.137,11.874,104.64,109.437,114.466,114.585
3,369.807,102.07,1.064,10.238,116.025,107.179,114.124,97.484,112.435,1.078,10.432,110.872,107.942,107.463,103.565
4,369.873,1.126,99.011,9.926,10.15,10.423,9.605,106.231,0.954,110.863,9.266,10.284,9.609,9.563,115.801
4,369.963,1.116,106.413,9.769,10.419,9.87,9.562,103.035,1.041,105.826,10.777,10.734,9.743,10.676,103.231
1,370.261,118.271,100.153,0.947,1.045,1.089,9.961,100.304,118.564,110.839,1.079,1.048,1.019,11.106,100.906
1,370.537,107.93,100.45,0.971,0.983,1.068,10.562,118.348,104.097,107.787,0.947,0.971,1.001,11.477,103.808
3,370.63,106.398,1.041,11.894,113.414,105.791,114.01,109.385,106.583,1.101,10.556,110.582,114.009,110.661,113.291
1,370.862,106.433,109.968,1.087,0.981,1.036,10.706,102.095,105.252,103.642,1.027,1.072,1.0,10.059,109.967
2,370.897,115.433,104.791,109.577,100.266,0.992,95.53,10.702,103.091,114.407,105.908,100.177,1.077,96.699,10.497
1,370.947,108.072,108.404,1.035,1.017,1.012,10.686,105.359,100.72,115.31,0.981,1.017,1.129,11.389,102.366
2,372.461,99.739,100.236,107.702,104.03,1.027,100.135,9.738,113.075,98.417,102.537,105.273,1.05,107.364,9.477
3,372.592,115.296,1.157,11.697,110.872,99.718,112.819,99.035,117.427,1.028,11.054,101.984,99.718,101.463,113.846
4,372.601,0.972,107.602,10.604,9.769,10.803,9.664,116.259,1.031,112.309,9.219,9.83,9.406,9.703,107.608
1,372.782,107.942,113.371,0.947,1.124,1.093,9.961,102.388,111.731,104.207,0.945,1.033,1.044,10.124,111.036
2,373.475,114.428,99.268,102.117,100.279,1.017,108.043,10.231,109.48,106.741,101.536,99.17,1.135,109.698,10.604
4,373.513,0.973,103.649,10.032,9.916,10.46,10.258,106.217,0.985,100.525,10.222,10.262,10.315,9.372,103.569
1,373.517,103.806,109.66,0.99,1.115,1.01,11.334,109.751,117.714,107.788,0.988,0.989,0.969,11.444,108.028
4,373.694,1.06,108.937,9.782,10.092,10.287,9.814,109.207,1.127,102.017,9.821,9.422,9.443,10.874,107.21
3,373.948,107.855,1.176,10.354,105.489,102.721,100.874,109.068,115.271,1.135,10.674,103.017,111.995,106.861,106.324
3,373.969,114.718,1.078,10.039,109.107,113.193,106.843,100.856,103.165,1.113,11.179,105.392,106.374,100.517,108.314
2,374.045,113.756,98.854,95.231,115.936,1.076,106.579,10.709,102.213,98.436,110.003,112.891,1.137,101.961,9.859
1,374.62,112.063,109.567,1.027,1.023,0.997,9.903,117.629,114.669,114.648,1.006,1.069,1.044,11.628,102.679
1,375.582,103.562,100.878,0.967,1.049,1.005,9.987,102.734,107.328,104.591,0.945,1.084,1.069,11.255,111.546
2,375.671,100.728,99.555,97.903,113.461,1.103,100.916,10.743,104.283,101.012,109.385,115.562,1.067,94.933,9.956
2,376.079,111.52,106.718,97.659,100.108,1.119,95.22,9.926,111.52,106.612,99.169,101.138,1.162,108.401,9.796
4,376.371,1.051,100.525,10.714,10.885,10.545,9.295,105.561,1.042,95.453,9.572,9.437,9.461,10.548,99.557
3,376.516,106.931,1.131,11.549,98.155,101.582,109.049,107.688,101.129,1.17,11.644,102.552,104.914,110.661,104.191
1,377.057,100.213,106.464,0.954,1.008,1.007,10.704,113.702,103.866,102.051,1.063,0.968,1.058,10.316,104.868
4,377.194,1.008,112.455,10.526,10.939,9.961,10.345,107.004,0.997,111.399,10.138,11.069,10.318,10.344,115.0
2,377.464,105.198,97.943,103.774,104.2,1.096,104.954,9.65,111.377,104.804,101.427,102.689,1.163,102.721,10.591
3,377.514,100.762,1.131,10.872,109.752,105.461,113.044,103.832,110.677,1.035,10.136,110.626,101.272,114.035,109.396
4,377.586,1.111,98.609,10.518,10.665,10.985,10.304,115.143,0.954,110.397,10.486,9.577,9.291,10.443,105.114
3,377.997,101.718,1.131,10.056,109.869,111.744,111.475,104.191,115.997,1.083,10.882,112.52,98.608,114.763,103.921
3,378.153,108.861,1.018,10.348,101.713,110.167,100.928,101.246,117.692,1.148,11.332,108.979,112.224,110.251,97.193
4,378.189,1.077,108.15,10.148,10.588,9.403,9.224,103.384,0.969,106.853,9.827,9.802,10.227,9.853,112.891
2,378.296,110.607,114.286,98.609,114.989,1.038,92.98,9.671,109.581,109.778,98.211,112.544,1.05,108.893,10.445
3,378.603,118.295,1.048,11.854,105.025,112.449,113.813,113.59,99.573,1.128,10.504,112.499,98.071,100.043,113.088
4,378.832,1.118,96.661,9.477,9.816,10.958,10.821,115.309,1.115,96.503,9.518,10.451,10.272,10.001,106.315
4,378.981,1.121,112.764,10.732,10.018,10.312,9.585,108.954,0.985,107.732,9.803,10.419,10.873,10.148,115.529
1,379.701,114.596,117.203,1.001,0.976,0.999,10.846,114.763,116.698,108.073,1.019,0.976,1.004,11.528,103.491
3,379.729,117.051,1.111,10.204,114.619,109.437,116.279,104.075,104.671,1.018,10.681,104.275,109.252,99.036,113.505
3,379.785,106.09,1.17,10.044,99.9,99.469,104.139,102.1,102.198,1.001,10.612,107.39,98.675,104.337,105.717
2,379.904,104.135,105.802,96.985,109.705,1.011,97.294,11.027,100.346,101.683,101.749,105.135,1.128,100.483,11.092
2,380.606,113.178,98.502,104.003,112.706,1.13,104.431,10.498,108.574,111.983,103.563,116.939,1.044,104.911,10.756
1,381.827,101.65,114.202,1.007,1.07,1.136,11.657,104.444,107.374,114.97,1.104,1.067,1.028,11.444,103.219
4,382.145,1.105,104.114,10.559,9.826,10.428,9.694,109.253,0.953,100.842,9.353,10.841,10.859,9.964,102.023
3,382.228,104.496,1.16,10.345,107.089,99.545,98.844,104.075,108.936,1.128,11.573,105.203,103.282,110.846,106.06
3,382.278,104.72,1.131,10.292,105.037,106.15,105.498,102.427,103.324,1.068,10.528,111.581,110.948,108.339,113.604
2,382.394,115.519,97.969,97.183,100.16,1.167,98.349,10.675,114.631,97.256,93.631,99.487,1.13,103.332,9.862
4,382.816,1.002,104.307,10.823,10.859,10.618,10.798,107.856,1.114,104.343,9.342,9.509,10.9,10.248,111.692
2,383.054,102.156,111.29,99.575,104.908,1.116,100.164,10.361,104.139,105.248,94.206,116.719,1.061,93.63,10.036
1,383.656,105.784,114.029,0.967,1.105,0.985,10.535,103.231,118.333,103.988,1.074,0.987,0.971,11.044,104.192
1,384.1,114.399,107.078,1.109,0.976,1.091,10.856,111.437,101.556,113.342,1.101,1.108,1.013,11.582,117.737
2,384.466,110.193,105.818,106.832,107.908,0.999,99.575,10.006,101.519,112.69,96.375,109.285,0.998,94.26,10.652
2,384.692,110.218,106.509,102.179,107.24,1.069,106.676,9.77,105.972,101.052,103.102,115.922,1.11,106.096,9.753
3,384.82,104.493,1.106,10.107,98.217,100.285,100.992,103.558,111.927,1.038,10.642,114.803,100.429,105.608,102.062
1,385.176,106.722,113.784,0.938,1.004,1.144,11.597,107.557,107.374,99.602,1.047,1.005,1.004,10.584,105.72
3,385.405,112.429,1.134,10.474,108.304,104.761,109.003,98.516,105.8,1.071,10.673,108.307,98.332,107.474,99.917
2,385.685,114.576,106.058,108.242,114.681,1.041,103.18,10.729,115.69,103.974,108.316,106.325,1.17,99.074,9.738
1,385.782,106.371,101.577,1.084,1.143,1.094,11.762,117.772,101.316,105.263,1.081,1.061,0.966,10.624,114.747
4,385.907,1.032,99.701,9.963,10.612,10.475,10.516,114.922,0.976,107.223,9.631,9.851,10.065,9.872,104.592
1,386.937,104.277,115.74,1.016,1.051,1.092,10.303,116.147,111.247,112.951,1.067,1.057,1.051,11.319,104.884
4,386.965,1.084,98.273,10.31,10.9,9.855,10.539,103.463,1.036,104.468,9.247,11.038,10.029,9.533,115.306
1,387.145,110.006,114.051,1.009,1.112,1.092,11.622,103.042,108.904,101.139,1.067,1.103,1.12,10.909,117.718
1,387.354,114.936,113.288,1.107,1.112,1.133,10.178,100.08,115.459,101.087,1.087,1.038,1.146,11.495,107.766
4,387.376,1.007,112.436,9.703,10.689,9.774,10.012,105.685,1.051,96.646,9.709,9.557,9.576,9.166,112.973
1,387.59,102.556,111.224,0.944,1.117,0.966,10.321,103.624,106.988,108.341,1.005,1.143,1.054,11.35,115.696
1,387.672,117.112,106.58,0.965,1.108,1.005,11.326,112.343,111.638,109.304,1.058,1.091,1.113,9.946,110.588
4,387.79,1.009,102.514,10.604,10.809,10.854,9.665,103.719,0.982,103.572,9.385,10.306,10.061,10.226,100.005
2,388.214,104.788,101.625,99.172,116.095,1.068,93.635,11.127,110.964,97.256,107.365,104.031,0.987,92.725,10.7
2,388.422,108.149,100.822,108.558,112.651,1.13,98.882,9.683,110.968,106.08,97.931,115.492,1.157,95.781,9.656
4,388.688,1.034,110.397,10.183,10.034,9.725,10.337,98.429,1.046,110.921,9.837,10.66,9.657,10.693,110.096
4,388.691,0.959,100.019,9.758,10.913,10.319,9.83,100.241,0.973,112.889,10.148,10.277,10.191,10.734,107.914
2,389.278,108.308,103.986,103.179,112.302,1.016,103.961,9.659,104.583,112.811,97.729,107.323,1.163,107.346,11.135
1,389.483,118.147,104.557,0.948,0.985,1.138,10.195,117.184,116.125,117.644,1.083,1.061,1.087,10.012,103.913
3,389.64,110.318,1.061,10.769,98.582,110.461,114.699,112.744,109.129,1.115,10.979,101.818,112.341,113.406,96.659
2,389.692,109.021,104.944,97.593,113.761,1.145,92.8,9.782,114.576,109.934,98.715,99.694,0.984,107.266,10.159
1,389.808,99.861,114.597,1.026,1.031,1.119,11.33,109.769,115.685,104.626,1.078,0.984,1.032,11.103,112.785
2,390.48,114.777,99.373,110.13,114.433,1.077,99.229,9.911,97.92,103.914,98.198,115.492,1.006,99.074,9.69
3,390.82,104.178,1.109,11.215,111.24,96.78,103.83,107.934,104.727,1.022,11.496,107.924,113.185,107.98,102.242
3,391.088,111.002,1.17,10.812,99.903,110.324,108.104,109.339,116.772,1.132,10.61,115.771,107.296,103.978,109.031
4,391.141,1.057,109.7,9.483,9.666,9.554,9.783,103.047,0.971,105.737,10.027,9.519,10.562,9.683,99.792
1,391.79,102.174,107.688,1.108,0.997,1.019,10.259,103.968,109.385,116.337,1.001,1.12,1.104,11.665,102.967
4,392.512,1.019,105.744,10.121,11.017,10.489,9.946,115.243,0.997,95.784,10.334,10.105,10.232,10.445,113.817
1,393.487,107.981,113.068,0.998,1.141,1.022,11.528,101.52,109.385,101.557,1.065,1.103,1.036,11.383,111.597
2,393.559,111.853,98.938,105.489,108.64,1.14,109.505,10.159,102.378,98.366,103.179,104.129,1.098,96.925,10.402
3,393.734,109.932,1.039,11.229,108.293,110.523,115.053,101.98,110.383,1.045,11.431,113.0,113.643,107.528,112.907
3,394.134,106.458,1.063,10.082,103.124,107.166,113.537,105.145,102.898,1.097,11.561,99.565,99.368,103.507,102.931
1,394.921,110.136,117.037,0.98,1.072,1.068,10.51,102.388,109.016,114.172,1.018,1.138,1.133,11.427,109.697
4,394.979,1.103,101.223,9.481,9.659,10.075,9.421,108.603,1.009,100.537,10.072,10.846,10.988,9.165,116.933
3,395.384,102.374,1.177,10.347,102.32,110.473,113.836,99.818,102.761,1.046,10.894,107.924,110.948,103.642,106.302
3,395.392,116.346,1.165,11.726,115.963,113.176,106.571,105.036,103.797,1.144,11.149,98.74,101.787,108.137,107.089
2,395.641,110.753,100.067,101.212,103.444,1.016,101.925,9.956,101.93,96.908,100.584,109.799,1.023,97.017,10.799
1,395.689,112.367,105.258,1.007,1.017,1.007,11.139,107.376,115.909,115.495,0.968,1.093,1.119,11.422,100.08
2,395.716,115.678,101.07,97.957,113.546,1.053,100.751,10.101,107.42,100.067,97.334,104.17,1.14,100.338,9.586
2,395.968,109.359,102.483,105.099,113.901,1.104,100.89,10.121,103.578,100.855,105.955,104.602,1.107,98.394,10.961
4,396.371,1.123,98.886,10.902,10.159,9.371,10.183,113.877,0.996,105.623,9.674,10.835,10.75,9.667,106.856
3,397.09,115.308,1.014,10.425,105.199,99.72,110.617,97.487,109.961,1.03,11.894,102.829,112.646,106.792,101.025
4,397.577,0.961,96.44,9.945,10.525,10.946,10.183,104.105,1.036,100.49,10.185,10.279,9.771,9.761,104.669
3,398.349,115.903,1.051,10.316,99.377,100.496,113.328,110.205,112.586,1.142,10.32,116.144,101.981,114.813,98.52
3,398.631,109.874,1.036,10.547,110.215,106.324,105.149,98.426,108.735,1.097,11.531,116.144,105.838,109.575,101.269
1,398.82,100.008,113.759,1.103,1.144,1.021,9.958,108.234,117.715,108.75,1.062,0.971,1.019,11.586,101.499
2,399.716,115.494,105.258,99.305,117.485,1.15,96.685,10.571,102.191,98.1,107.702,111.087,1.05,93.103,10.167
4,399.81,1.078,109.86,10.886,10.418,10.124,9.166,109.253,1.116,112.875,9.386,10.873,9.329,9.352,109.222
4,399.842,1.036,104.93,10.297,10.197,10.337,9.978,105.229,0.957,100.842,10.044,10.941,10.685,9.678,113.857
2,399.994,112.195,97.312,106.99,107.347,1.161,104.774,10.507,113.942,99.702,95.264,106.442,1.066,93.01,10.305
3,400.793,102.957,1.154,10.526,113.744,105.233,103.103,102.869,115.269,1.068,11.125,111.998,103.556,103.705,113.431
1,401.082,113.877,116.773,1.074,1.061,1.08,11.091,106.471,111.232,116.652,1.011,1.039,1.037,10.766,111.461
2,402.684,102.99,98.356,98.023,114.564,1.026,96.713,10.698,115.638,98.149,101.08,109.172,1.143,105.992,9.973
3,404.161,114.209,1.009,10.552,102.536,103.716,108.497,100.556,116.208,1.084,10.174,112.203,99.469,107.611,96.664
2,404.692,114.777,98.854,105.27,101.641,1.05,103.381,9.64,111.86,109.836,107.803,116.61,1.126,99.657,10.525
1,405.468,108.562,117.846,0.997,1.067,1.094,11.481,102.817,108.284,109.382,1.098,1.057,0.98,11.089,111.84
3,405.483,102.391,1.12,10.61,108.124,105.061,108.045,108.176,101.088,1.009,11.537,104.863,109.252,102.08,109.264
1,405.51,116.935,108.947,1.05,1.023,1.069,10.773,110.62,100.697,115.31,1.03,1.022,1.022,10.634,103.02
3,405.548,117.581,1.168,11.236,110.063,107.828,103.276,98.212,113.038,1.052,11.68,103.88,99.872,103.408,105.969
1,405.586,103.037,102.02,1.037,0.975,1.065,10.57,110.243,102.61,111.607,0.956,1.059,1.127,10.973,106.589
3,405.956,102.215,1.082,10.435,109.773,98.121,99.967,101.025,116.242,1.035,10.856,99.004,112.054,101.105,102.931
1,406.645,112.945,106.176,1.094,1.043,0.97,11.405,105.349,106.6,115.74,1.027,1.03,1.026,10.25,117.263
2,406.858,101.324,107.556,99.159,112.241,1.153,102.736,11.164,111.764,97.105,102.391,116.859,1.034,109.417,9.919
3,407.256,102.602,1.075,11.208,104.886,103.199,99.898,105.822,108.931,1.035,11.191,113.747,109.519,115.656,105.384
2,407.386,113.357,102.556,108.675,105.989,1.131,92.286,10.735,105.97,102.277,92.977,99.312,1.021,93.576,10.594
4,407.401,1.022,96.334,10.672,10.791,9.812,9.957,115.021,0.988,107.99,10.77,10.557,10.99,10.457,110.28
3,407.464,105.139,1.09,11.147,108.288,108.152,108.159,114.479,110.351,1.125,11.151,98.436,104.34,114.691,98.637
2,407.589,107.658,115.108,104.835,108.83,1.072,104.594,9.69,110.695,100.398,97.395,106.361,0.992,99.517,10.154
4,407.591,1.064,109.2,10.535,10.79,10.004,9.435,102.624,0.993,98.886,10.796,9.729,9.258,10.466,105.528
3,408.838,113.46,1.135,11.539,105.336,96.64,106.764,99.523,101.14,0.996,10.777,98.042,109.942,116.48,106.056
2,409.378,99.089,102.354,109.373,116.568,1.142,98.203,10.119,101.031,106.311,103.348,108.172,1.004,104.548,10.552
2,409.741,113.623,101.199,103.96,108.938,1.135,109.262,11.19,108.119,110.99,102.663,117.19,1.097,93.881,9.914
3,409.745,105.112,1.136,10.322,99.274,107.156,98.335,99.019,99.534,1.111,10.806,98.776,108.219,102.862,106.597
1,410.022,107.212,116.339,1.082,1.064,1.051,11.663,117.729,106.944,103.292,1.012,1.056,1.116,11.662,100.701
2,410.164,115.562,104.482,100.107,106.857,1.146,107.292,10.018,108.258,107.992,99.041,108.6,1.016,103.237,10.851
4,410.203,1.046,108.548,9.644,10.197,9.635,10.488,103.574,1.045,101.068,9.854,10.071,9.804,9.706,111.692
4,410.473,1.06,108.517,9.696,9.509,10.312,9.353,113.178,1.06,108.479,10.359,10.474,11.005,10.001,112.078
4,410.662,1.008,110.513,10.029,10.23,9.279,10.68,102.542,1.047,111.058,10.714,10.207,10.347,9.874,100.072
4,410.884,1.051,112.364,9.471,10.168,10.691,10.103,109.571,1.078,95.942,9.449,10.987,9.775,9.582,111.146
2,411.287,110.091,102.087,99.461,117.179,0.984,105.533,9.753,113.517,114.376,105.517,114.402,1.072,107.689,10.544
4,411.308,1.12,105.264,10.548,11.12,10.109,10.772,113.423,1.078,97.528,9.694,10.867,10.302,9.341,108.954
2,411.855,109.581,99.319,104.424,104.3,0.999,93.604,9.514,115.494,97.648,106.441,113.324,1.025,107.463,10.053
4,412.071,1.083,96.689,10.559,9.496,9.595,9.683,104.296,1.082,107.577,10.897,10.018,10.322,9.379,112.722
4,412.378,1.106,112.764,10.869,9.576,9.875,10.28,105.496,1.092,96.44,10.205,11.043,10.14,10.748,107.856
1,412.975,116.788,103.78,1.091,1.079,1.01,10.037,110.019,104.633,114.886,1.088,0.985,1.016,10.496,101.765
1,413.247,101.324,116.674,0.964,1.057,0.984,11.389,108.395,107.227,111.833,0.989,1.069,1.056,11.338,110.815
1,413.275,109.065,105.604,1.051,0.981,1.138,10.578,105.926,104.788,105.75,1.103,1.117,1.102,10.365,110.562
2,413.361,105.198,107.966,93.249,114.929,1.069,103.395,10.036,99.759,100.505,107.104,110.914,1.153,106.7,9.773
4,413.641,0.968,113.154,10.878,10.419,10.237,10.743,113.513,1.077,113.134,9.452,9.595,10.238,10.663,110.831
3,413.776,105.607,1.068,10.074,99.261,111.139,114.092,108.06,106.342,1.017,10.474,103.312,103.033,104.352,103.558
2,414.003,101.93,104.693,102.584,117.147,1.072,97.037,9.571,99.026,105.937,96.957,110.34,1.161,98.394,10.881
2,414.19,114.848,104.498,109.637,113.5,1.041,92.397,10.65,97.682,115.133,110.247,102.527,1.13,98.286,10.681
2,414.376,106.268,109.492,108.422,103.444,1.105,101.039,11.196,109.56,106.768,109.406,100.818,1.032,93.477,10.922
2,414.471,99.309,104.575,109.585,114.655,1.12,99.698,10.141,100.729,107.973,98.759,102.072,1.038,92.823,10.691
3,414.516,108.501,1.009,11.153,113.524,96.885,113.166,97.346,116.87,1.017,10.586,113.231,102.553,115.771,99.248
1,414.885,108.247,113.803,1.066,1.056,1.097,10.476,107.63,115.645,113.44,1.016,1.11,1.033,11.691,112.641
4,415.182,1.091,106.624,10.79,9.856,10.856,9.493,101.207,0.986,100.537,10.063,11.024,9.492,10.676,103.719
4,415.454,1.074,113.195,9.342,10.354,9.789,9.294,100.954,1.028,107.391,9.707,10.155,10.273,9.184,109.15
3,416.225,111.814,1.166,10.027,112.81,109.836,115.769,96.867,115.825,1.13,10.466,107.294,113.429,115.769,114.78
3,416.401,112.164,1.018,11.894,112.747,112.153,101.478,113.604,100.768,1.12,11.293,109.844,106.085,110.916,97.804
3,416.605,109.632,1.112,11.637,108.304,97.323,113.354,104.794,109.463,1.142,10.899,100.62,102.565,103.942,114.114
3,416.666,103.839,1.132,10.076,99.401,104.227,106.399,98.131,116.004,1.161,11.5,111.984,103.198,98.845,101.626
1,416.699,117.112,113.639,1.028,1.138,1.125,9.987,108.306,106.696,114.862,1.009,1.026,1.082,10.783,100.76
2,417.035,111.046,113.135,100.715,113.973,1.078,99.483,10.308,98.794,113.637,104.335,105.154,1.073,96.368,9.789
4,417.111,1.023,99.435,10.585,10.424,10.807,9.563,110.851,1.092,96.556,9.707,9.432,10.045,10.479,112.968
1,418.018,117.869,105.085,1.112,1.069,1.005,11.531,104.433,109.808,113.064,0.962,1.011,0.985,10.458,107.284
2,418.152,115.562,114.7,102.238,102.628,0.997,99.382,9.444,98.204,106.223,94.517,109.307,1.017,99.707,11.115
1,418.23,101.139,102.256,0.966,1.037,0.981,11.49,101.433,112.121,113.495,0.969,1.054,1.104,10.177,111.766
4,418.307,1.12,97.253,10.209,10.452,10.659,9.464,101.622,1.06,104.896,9.834,9.822,9.525,9.467,115.485
2,418.376,100.448,114.472,101.218,104.464,1.07,104.79,10.358,113.888,114.795,107.702,104.701,1.088,99.229,9.547
4,418.524,0.974,101.155,10.071,9.78,10.6,9.647,105.495,0.997,107.32,10.601,10.945,9.443,10.469,99.399
2,419.678,102.794,106.02,99.997,104.287,1.117,93.892,10.445,112.869,105.972,109.424,108.285,1.007,93.996,9.973
4,419.692,1.021,111.239,10.614,9.497,10.713,9.697,109.052,1.045,102.744,9.888,10.978,10.328,10.01,110.074
4,421.105,1.055,108.38,9.468,10.869,9.965,10.479,111.206,1.002,102.88,10.912,10.877,9.673,9.277,116.707
3,421.482,102.971,1.01,11.784,106.114,113.643,114.251,105.534,106.583,1.058,10.107,104.017,100.034,114.763,101.072
2,421.676,98.14,113.702,103.438,105.113,1.049,102.848,11.197,97.793,111.88,107.803,111.652,1.03,92.301,10.874
1,421.728,102.952,111.824,0.946,0.971,1.079,11.701,115.2,110.136,108.07,1.026,1.013,1.139,10.526,116.001
1,422.784,113.898,103.885,1.107,0.98,1.07,11.444,116.634,99.861,99.686,1.11,0.976,1.056,10.928,108.334
3,422.898,110.691,1.001,11.069,103.482,99.713,108.999,106.425,115.727,1.003,11.442,99.77,105.672,115.341,108.878
4,423.49,1.071,107.497,10.128,10.494,9.377,9.592,99.84,0.955,97.524,10.319,11.007,10.533,9.749,110.866
3,423.743,109.401,1.073,10.014,100.414,109.776,104.953,107.53,109.37,1.102,10.014,98.361,104.422,101.307,99.942
4,425.678,1.012,111.905,10.293,10.98,10.324,9.215,107.175,1.034,108.937,10.161,9.693,9.853,9.27,116.716
3,426.271,116.299,1.069,11.889,112.059,107.007,104.969,97.849,111.362,1.037,11.434,111.307,101.604,114.368,101.246
2,426.41,107.34,110.165,109.373,101.364,1.072,97.254,10.211,106.37,102.443,107.821,112.651,1.006,106.673,10.65
2,426.804,101.576,100.529,94.038,115.883,1.12,107.482,10.521,113.142,99.854,108.26,113.14,1.116,93.146,10.734
3,426.867,114.435,1.141,11.546,111.331,101.494,110.501,100.58,105.683,1.102,11.708,113.165,103.27,110.712,99.408
4,426.919,0.972,108.095,10.518,9.92,10.306,9.674,113.397,1.083,100.489,10.842,10.091,10.21,10.466,111.947
4,427.034,0.976,109.371,9.995,10.813,10.434,10.723,108.877,1.043,96.29,10.081,10.215,9.368,9.575,116.554
3,427.72,116.402,1.007,10.589,100.057,106.135,113.949,105.509,102.446,1.07,10.419,114.77,96.806,106.029,102.254
4,427.73,1.121,110.741,10.168,9.394,10.01,10.871,112.746,1.003,106.298,10.088,9.504,9.488,10.1,116.285
2,427.806,104.534,110.961,98.393,107.423,1.128,97.898,10.398,113.729,110.961,97.576,107.454,1.076,94.712,10.681
2,427.966,111.357,99.463,96.103,101.585,1.052,94.988,10.703,105.977,110.591,108.527,115.928,1.046,93.715,10.485
4,428.211,1.095,109.404,10.919,9.564,10.62,10.241,112.369,1.04,103.267,9.863,10.362,10.045,9.908,114.082
4,428.448,1.11,113.389,9.218,9.722,10.72,9.988,116.959,1.125,108.136,9.644,11.092,9.392,9.531,110.623
3,428.465,115.53,1.092,10.842,109.749,106.161,105.243,114.483,104.278,1.09,11.376,98.436,106.559,100.197,100.381
3,429.103,104.909,1.137,11.449,102.148,114.145,100.618,106.847,108.093,1.006,10.06,115.966,109.987,106.977,113.604
4,429.513,1.126,106.108,10.873,9.733,9.55,9.938,116.806,1.122,97.003,9.42,10.42,9.551,10.656,106.196
3,430.449,113.615,1.128,11.849,109.112,111.446,113.074,104.188,100.763,1.078,10.577,116.195,106.946,105.849,113.6
2,430.517,99.489,102.409,102.391,106.571,0.984,102.991,10.001,107.849,103.43,105.428,108.83,1.088,95.654,9.94
1,431.086,114.918,116.829,1.07,1.124,1.026,11.568,107.068,102.952,117.387,1.026,1.076,1.079,10.188,117.276
3,431.47,116.131,1.141,11.686,109.919,107.308,111.736,111.058,106.197,1.049,10.863,113.144,106.313,98.949,105.717
2,431.667,108.258,104.893,103.152,102.658,1.156,99.31,9.588,109.969,105.374,97.641,109.223,1.161,98.626,10.022
3,432.098,106.531,1.061,10.862,113.836,114.497,100.861,105.931,103.83,1.0,10.612,112.912,113.721,102.572,111.911
1,432.11,109.758,107.575,1.052,1.015,0.976,10.92,107.261,111.926,115.488,1.086,1.13,1.067,10.879,115.865
1,432.217,100.104,115.71,1.096,1.003,1.012,9.989,101.981,99.976,102.289,1.105,1.001,1.07,11.663,103.833
3,433.839,112.546,1.086,10.366,108.583,108.733,102.054,104.813,102.538,1.12,11.237,106.017,97.035,104.322,98.342
1,434.284,112.133,108.113,0.946,1.029,1.132,11.503,103.808,110.276,108.404,1.033,0.969,1.029,11.076,103.762
3,434.634,115.996,1.008,11.849,99.739,102.841,112.819,111.58,113.585,1.015,11.267,113.177,100.155,101.239,111.636
4,435.032,1.049,111.178,9.506,10.411,10.315,10.31,103.941,0.997,110.921,9.805,10.785,10.047,9.74,101.595
4,435.072,0.954,96.35,9.904,9.734,10.32,10.864,108.093,0.96,96.375,10.35,11.076,10.607,10.747,106.196
1,435.134,102.838,108.405,1.009,1.055,1.145,10.461,99.973,113.88,115.24,1.001,1.009,1.065,11.679,117.4
1,435.5,105.797,105.263,0.997,1.024,1.132,11.23,102.041,113.327,102.156,1.112,1.116,1.01,11.613,115.865
3,435.589,115.3,1.094,11.851,101.092,97.722,100.517,100.334,106.359,0.995,10.994,105.504,112.412,109.575,99.408
4,435.826,1.009,98.801,9.363,10.287,9.483,10.226,98.848,0.973,111.194,10.297,9.634,10.643,9.207,102.319
3,435.917,110.822,1.001,10.204,105.037,104.01,104.454,100.381,112.299,1.015,11.397,106.914,110.509,107.232,99.352
1,435.971,105.043,108.073,1.103,1.074,1.051,11.53,102.388,105.076,102.534,1.018,1.077,0.98,11.701,103.491
4,436.547,1.123,107.161,10.013,9.833,9.615,10.462,113.238,0.986,95.63,10.063,10.009,10.371,9.379,113.13
3,438.678,105.187,1.077,10.882,104.394,113.398,99.004,108.737,106.514,1.124,11.35,103.526,96.659,104.36,109.791
3,439.655,116.237,1.137,10.145,108.5,108.533,110.211,97.147,106.514,1.027,11.678,113.822,110.408,113.915,99.979
4,439.724,1.098,111.606,10.757,10.163,10.51,9.531,99.409,1.066,111.293,9.254,9.893,9.546,10.628,99.779
4,440.087,1.007,111.262,10.325,10.941,10.81,10.634,116.599,1.104,96.793,9.818,9.754,9.663,10.877,113.238
2,440.295,101.308,111.29,93.185,114.507,1.045,98.445,9.92,112.568,110.858,95.105,104.976,1.077,103.161,11.112
1,440.422,118.722,103.887,1.013,0.983,1.106,10.124,101.721,110.549,115.105,0.983,1.132,1.055,11.649,100.024
1,440.599,112.945,101.426,0.942,1.019,1.043,10.974,103.833,117.352,103.823,1.006,1.027,1.022,11.334,110.264
2,440.72,114.848,109.676,95.729,102.735,0.984,100.646,11.017,106.268,98.062,108.283,113.094,1.149,103.395,9.738
2,440.817,107.849,104.664,93.885,103.897,1.165,92.433,9.528,111.787,113.513,95.105,117.086,1.047,103.657,10.375
1,441.398,106.174,114.684,0.973,1.022,1.133,11.566,102.57,104.129,109.118,0.937,0.966,0.994,11.475,110.869
2,441.461,109.646,101.982,100.529,112.53,1.067,95.428,9.935,111.78,112.344,108.236,114.541,1.038,108.225,10.148
3,441.53,112.335,1.008,11.413,103.963,108.277,98.911,99.272,110.957,1.07,11.779,103.017,102.166,103.734,104.498
2,441.634,113.493,102.791,99.992,111.464,1.072,96.509,10.289,109.598,100.489,109.279,103.702,1.004,95.198,11.194
3,443.168,101.573,1.153,10.893,114.74,114.01,101.768,97.413,117.821,1.106,10.186,104.622,99.737,109.339,106.579
4,443.184,1.092,99.018,9.216,9.892,10.273,9.758,98.876,1.023,108.099,10.66,10.813,10.009,10.209,99.84
2,443.928,114.345,101.33,104.256,103.719,1.162,101.53,10.057,114.356,114.684,101.658,105.894,0.999,94.923,9.636
4,444.243,0.978,95.469,9.405,10.563,10.043,9.73,99.027,0.952,103.471,10.209,10.644,10.812,10.784,111.285
1,444.489,116.174,104.591,1.068,1.037,0.972,10.068,109.629,114.221,108.947,0.991,0.969,1.09,10.993,102.077
2,444.66,112.195,103.53,99.695,117.095,0.998,95.311,10.423,112.309,98.314,107.803,112.731,1.075,103.961,9.923
2,444.937,106.639,104.375,100.89,109.357,1.034,94.034,9.864,109.695,107.973,96.889,114.561,1.05,106.579,9.867
2,445.628,115.447,102.277,95.457,103.389,1.112,104.79,9.886,113.422,100.001,102.699,101.765,1.034,107.482,10.614
1,445.783,114.059,99.728,1.11,1.105,1.115,11.305,102.335,116.75,100.052,1.012,1.076,1.017,11.124,116.973
2,446.091,102.399,109.446,100.258,108.596,1.15,103.161,9.769,102.241,104.228,97.957,107.972,1.134,103.716,10.457
2,446.347,102.24,98.921,104.905,99.482,1.001,92.977,9.971,109.824,101.742,97.987,103.721,1.166,108.441,10.702
3,446.611,110.46,1.04,10.104,99.261,98.909,105.724,110.469,102.68,1.131,10.939,108.307,97.793,109.681,108.462
1,446.82,109.001,99.966,0.978,1.02,1.02,11.093,111.18,112.607,113.61,1.03,1.132,1.053,11.628,116.973
3,446.962,107.35,1.154,10.05,116.273,102.237,98.845,104.823,105.334,1.038,10.014,104.394,102.147,106.399,105.254
1,447.179,112.102,108.683,1.085,1.08,1.009,10.914,112.987,100.869,113.639,0.987,0.976,0.982,11.751,111.389
1,448.376,118.31,104.194,0.951,1.131,1.008,10.576,105.454,113.714,103.642,0.947,1.062,1.132,11.026,112.832
1,448.514,104.381,107.096,1.035,1.013,1.007,11.48,117.35,108.427,113.319,1.077,1.13,1.092,10.059,108.63
1,449.144,107.901,108.268,0.942,1.092,1.039,10.727,112.335,113.327,106.4,1.058,1.109,1.027,11.24,103.02
2,449.17,111.482,104.613,110.484,114.561,1.124,101.628,11.056,106.719,109.778,98.937,107.293,0.999,93.477,10.52
3,449.368,100.839,1.142,11.851,106.052,105.534,100.027,97.77,109.068,1.024,11.341,107.635,112.425,110.683,113.003
4,449.902,1.106,100.842,9.963,10.665,10.15,9.347,115.831,1.058,111.001,9.664,11.038,9.565,9.813,113.704
4,451.621,1.099,106.543,10.818,10.152,10.677,9.291,98.677,0.974,110.564,9.356,10.198,9.894,9.672,103.494
2,452.222,114.134,97.826,101.39,99.209,1.067,94.997,10.727,111.001,113.878,93.2,106.653,1.163,94.997,10.063
3,452.25,102.761,1.138,11.376,104.017,103.579,102.331,108.226,109.689,1.148,11.333,108.3,97.8,105.749,103.374
3,452.311,111.239,1.029,10.78,110.748,107.433,106.465,110.044,103.286,1.097,10.408,107.46,102.147,98.806,111.379
2,452.475,114.467,114.254,96.766,116.608,1.016,108.835,10.441,111.478,101.959,98.124,113.391,1.032,102.5,10.621
2,452.483,102.525,98.918,104.934,104.279,0.987,105.823,9.745,100.887,96.908,106.667,113.963,1.13,101.766,10.377
1,452.664,105.334,100.042,0.974,1.042,1.079,10.824,107.997,100.047,105.755,1.077,1.093,1.022,11.207,115.832
2,452.744,107.154,97.523,104.738,102.209,1.026,96.171,9.55,102.829,98.243,96.717,116.577,1.074,99.388,10.022
4,452.78,0.99,108.58,10.751,9.575,9.973,9.973,101.207,1.123,108.845,9.519,10.406,9.517,9.385,112.602
1,452.794,100.116,101.5,0.958,1.048,1.135,10.801,105.411,102.743,109.249,1.075,1.111,1.103,10.576,111.353
1,453.221,106.292,114.799,1.112,1.027,1.022,10.204,110.894,106.6,104.736,1.001,0.97,1.048,10.465,107.215
4,453.366,1.074,103.335,10.619,10.116,10.281,10.089,112.247,0.969,108.991,10.212,9.557,10.633,10.168,108.031
1,453.769,106.988,100.163,1.087,1.109,0.978,10.007,110.734,112.471,110.474,0.949,1.053,1.025,10.461,112.785
3,454.149,118.193,1.062,11.148,108.288,96.59,103.11,105.45,100.69,1.14,10.845,116.023,106.685,109.807,96.67
3,454.437,117.964,1.077,11.275,101.145,106.06,115.276,110.119,108.351,1.09,10.226,101.296,104.373,102.502,109.371
4,454.788,1.107,106.319,9.224,10.029,9.812,9.295,101.153,1.002,111.117,10.098,10.664,10.965,9.818,101.981
4,455.333,0.975,103.875,10.545,9.635,10.294,9.176,109.017,1.104,111.542,10.812,9.726,10.533,10.238,107.991
1,455.491,103.354,113.859,1.065,1.065,1.009,11.334,110.708,106.842,114.713,1.024,1.011,1.139,11.744,102.734
3,455.514,105.979,1.171,10.271,110.255,100.594,110.171,100.568,108.108,1.159,11.097,107.469,97.972,100.527,102.093
4,455.724,0.996,97.631,9.895,10.471,10.764,9.934,104.26,1.099,111.376,10.783,11.037,10.946,10.401,107.405
2,455.777,108.951,102.902,101.834,99.619,1.012,101.35,11.042,100.187,101.543,95.506,99.647,1.151,100.434,10.308
4,455.954,1.087,104.307,9.864,10.583,10.204,9.73,103.789,1.01,96.271,10.604,9.875,9.968,10.017,109.874
1,456.01,102.876,113.639,0.94,1.122,0.993,10.191,100.348,116.53,101.643,0.944,1.143,0.966,11.662,104.525
1,456.043,109.98,101.53,1.11,1.109,1.103,11.056,102.146,118.435,117.382,1.023,1.038,1.006,10.511,110.066
3,456.085,114.543,1.065,11.512,111.483,102.264,104.454,96.765,104.305,1.045,11.495,110.051,100.432,110.224,111.728
1,456.401,101.63,118.118,1.048,1.022,1.083,10.927,114.626,101.798,113.405,0.945,1.01,1.033,10.544,102.3
1,456.511,114.596,107.575,1.004,0.987,1.065,10.401,102.902,113.33,104.414,0.99,1.144,0.981,10.809,105.532
1,456.577,110.434,105.654,1.078,1.039,1.044,11.626,107.725,118.572,109.938,0.973,1.054,1.108,11.049,118.849
1,456.633,118.41,103.733,1.043,1.049,1.105,10.281,111.327,104.321,99.851,1.074,0.997,0.997,10.458,108.759
2,457.018,103.441,107.914,99.171,112.945,1.111,101.496,10.24,115.814,98.679,106.268,107.331,1.089,102.85,11.124
3,457.072,107.35,1.051,10.825,114.794,105.289,108.117,104.129,103.757,1.022,10.11,100.291,109.252,101.571,103.374
3,457.4,108.735,1.124,11.648,113.165,103.989,110.351,109.715,102.023,1.005,10.775,108.511,103.252,110.351,99.917
3,457.959,113.928,1.077,11.763,101.133,111.184,103.83,105.947,102.044,1.106,10.474,112.144,110.992,98.31,105.363
3,458.107,111.209,1.001,10.907,98.978,108.353,98.175,113.764,113.728,1.159,11.359,110.933,97.095,109.834,99.818
1,458.147,111.762,107.041,1.054,0.998,1.068,11.338,113.101,103.164,115.24,0.99,1.055,1.001,11.037,108.622
4,458.163,0.971,104.307,10.782,10.513,10.204,9.321,109.608,0.993,100.719,9.366,10.616,9.262,9.831,110.406
3,458.254,116.361,1.09,10.297,105.339,106.685,105.693,98.71,108.602,1.047,11.85,101.705,108.353,107.576,98.198
1,458.287,103.291,118.007,1.038,1.13,1.019,11.312,108.759,108.768,107.976,0.941,1.135,0.97,11.712,113.901
4,459.099,1.104,106.272,9.967,10.641,10.023,10.63,103.569,1.026,106.798,10.792,11.097,9.567,10.583,116.628
4,459.268,1.059,107.027,10.314,10.973,11.002,9.436,113.178,1.011,105.797,10.722,10.689,10.712,10.71,116.649
1,459.383,108.617,112.771,1.063,1.058,1.118,10.764,114.626,108.831,114.144,1.074,1.025,1.068,10.723,113.008
3,459.956,102.286,1.158,11.64,113.288,108.088,113.24,104.16,114.689,1.161,10.446,116.018,107.813,98.335,108.987
3,460.625,106.931,1.137,10.32,109.266,110.148,110.617,96.902,104.075,1.026,11.835,110.358,114.213,116.091,112.636
3,460.639,107.763,1.162,10.317,104.776,108.115,100.527,110.334,103.684,1.15,10.603,104.331,109.38,102.127,106.484
1,460.808,118.355,106.353,1.054,1.134,1.113,11.642,108.079,103.394,111.225,1.079,1.129,1.037,10.145,111.797
3,461.393,107.514,1.149,11.373,106.027,106.776,102.397,113.513,100.762,1.03,10.129,107.602,106.94,110.459,97.409
3,461.413,110.803,0.999,11.694,103.849,111.114,108.159,114.066,112.534,1.119,11.833,100.915,102.721,103.103,102.359
1,461.966,108.755,117.287,0.986,1.056,1.112,10.152,114.668,114.633,106.96,0.948,0.968,1.019,11.53,103.762
4,461.971,1.069,97.289,9.425,9.615,10.287,9.277,99.027,0.968,100.434,10.458,9.625,10.04,10.033,103.556
4,462.076,0.99,100.761,10.874,9.405,10.7,9.379,111.093,1.043,103.267,10.767,9.358,10.346,10.032,109.111
4,462.346,1.07,111.148,9.557,10.783,9.329,9.849,105.921,1.065,96.765,10.188,10.406,10.428,9.398,111.766
2,462.604,97.92,101.68,102.651,111.998,1.065,96.422,10.417,102.248,101.543,104.245,114.584,1.075,93.2,10.662
2,462.711,112.459,97.321,108.325,104.852,1.135,92.973,9.815,98.749,97.834,110.429,109.494,1.079,98.987,9.769
1,463.199,117.083,105.832,1.035,1.122,1.025,11.66,111.523,110.443,110.881,0.984,0.974,0.964,11.622,113.647
3,463.999,110.584,1.114,10.401,112.364,104.275,109.11,97.997,115.178,1.122,11.64,104.382,114.376,110.315,98.922
4,464.195,1.059,102.035,9.257,9.386,10.359,9.257,102.714,1.024,104.97,10.294,9.912,10.029,9.672,107.7
3,464.508,100.96,1.073,10.666,113.305,98.846,105.621,104.187,103.737,1.083,10.266,97.853,111.139,114.368,106.145
1,464.534,113.729,107.799,1.035,1.048,0.973,11.568,104.899,112.065,113.22,1.006,1.123,1.128,10.497,111.901
1,464.693,117.756,102.702,0.97,1.087,1.116,9.912,114.669,103.7,103.933,1.011,1.063,1.141,11.195,102.524
1,465.005,114.081,107.776,0.979,0.966,1.022,10.18,100.251,114.592,108.196,0.998,1.057,1.021,10.171,101.886
2,465.268,113.075,112.901,100.845,108.596,1.119,93.103,10.17,107.34,106.223,105.908,111.998,1.113,105.031,9.829
3,465.331,115.923,1.059,10.315,104.037,102.782,109.464,112.284,101.219,1.051,10.769,100.414,105.906,115.314,108.894
4,465.753,1.015,99.212,9.496,10.287,10.427,9.236,101.322,1.012,106.62,10.632,10.133,10.318,9.922,98.766
4,466.068,1.11,112.865,10.657,10.153,10.887,10.406,116.445,1.06,98.137,10.467,10.391,9.917,9.733,111.222
2,466.266,109.455,112.124,107.686,103.702,1.032,100.853,10.133,100.384,104.466,109.297,101.27,1.044,99.933,10.661
1,466.273,106.446,108.052,0.939,0.988,1.056,11.437,117.253,112.065,105.928,1.05,1.118,0.981,11.629,110.526
1,466.467,118.154,106.464,0.956,1.028,0.973,11.573,115.289,100.23,113.784,0.967,1.143,1.08,10.613,104.784
3,466.668,111.497,1.135,11.186,97.883,110.891,103.734,105.254,109.378,1.017,10.528,114.988,113.105,105.724,108.462
3,466.752,117.372,1.043,11.35,104.382,111.377,101.592,97.381,103.023,1.041,10.318,115.942,113.73,101.463,101.376
1,466.872,115.131,113.043,1.062,1.074,0.998,10.534,110.949,104.745,114.597,1.085,1.071,0.966,11.72,111.514
3,467.194,106.359,1.064,11.283,104.724,103.561,111.22,114.461,102.262,1.051,10.61,99.184,99.576,101.024,101.266
3,467.567,108.943,1.062,11.207,116.28,97.661,100.874,97.858,110.855,1.111,10.558,107.602,110.508,105.259,99.975
1,468.171,106.418,114.202,1.005,1.14,1.022,10.806,115.649,111.604,112.557,1.021,0.989,1.108,11.385,101.943
4,468.457,1.117,112.725,9.599,11.1,10.594,10.764,117.008,1.069,99.177,10.596,10.985,10.065,9.495,109.185
4,468.543,1.092,107.602,9.768,10.633,10.297,9.334,102.802,1.105,103.951,9.587,10.811,9.973,10.557,101.207
1,469.155,109.251,100.912,0.943,1.057,1.008,10.088,105.252,103.7,112.175,1.112,1.111,1.103,11.557,104.96
2,469.416,115.074,99.994,105.257,115.324,1.153,99.0,9.741,97.912,107.941,95.068,103.682,1.049,98.148,9.499
2,469.452,111.038,97.026,103.581,104.25,1.14,99.698,10.729,115.731,100.801,103.438,106.173,1.043,106.018,10.004
2,469.495,111.136,108.95,98.711,105.571,1.006,106.13,10.333,98.376,106.058,105.099,101.68,1.001,107.928,10.277
2,470.176,106.787,114.617,93.522,100.365,1.04,102.643,9.77,104.293,99.049,99.13,103.867,1.056,107.491,11.16
4,470.799,1.038,101.475,10.728,9.783,10.236,10.463,101.095,0.955,112.547,9.218,10.308,10.869,10.484,112.593
2,471.329,115.435,102.791,107.17,107.642,1.148,95.686,10.133,102.292,99.728,104.55,101.543,1.109,94.401,9.631
3,471.4,104.838,1.073,10.399,101.862,102.777,107.611,97.744,109.432,1.099,10.674,99.377,106.312,102.156,113.364
1,471.81,100.72,112.267,1.034,1.09,1.09,11.492,110.698,108.452,112.782,1.065,1.146,1.047,11.035,113.197
3,471.979,114.427,1.177,10.257,98.823,100.302,106.115,111.636,103.463,1.088,10.042,113.768,103.089,116.512,113.351
2,472.431,101.134,99.941,109.018,99.989,1.09,94.287,10.874,103.942,97.801,107.643,108.47,1.017,104.115,11.198
3,472.474,114.067,1.039,11.129,99.892,104.966,111.858,109.89,107.56,1.001,10.979,110.33,108.533,106.375,112.801
1,472.944,108.278,105.751,1.018,1.134,1.1,10.896,116.732,111.214,114.997,1.1,1.146,0.979,11.423,101.966
3,474.161,109.448,1.132,10.376,111.229,113.973,100.141,101.319,100.973,1.005,10.543,112.747,108.972,113.483,102.516
4,474.19,0.994,113.459,9.579,9.95,10.612,9.236,112.076,0.982,98.412,9.431,10.835,9.99,10.84,101.732
4,474.63,1.057,105.827,10.195,10.039,10.664,9.227,112.065,1.006,95.559,10.339,9.737,9.609,10.044,104.428
1,474.725,108.219,112.175,1.078,0.992,1.084,10.762,112.43,109.797,110.305,1.01,1.046,1.015,11.334,116.634
2,474.862,97.682,114.376,99.172,103.682,0.988,94.701,10.96,104.141,112.66,108.962,114.192,1.113,102.848,9.911
3,474.895,102.457,1.064,11.767,110.051,100.483,106.225,111.379,106.976,1.167,11.699,104.03,106.161,114.671,98.212
4,474.932,0.999,99.304,10.172,10.588,10.079,9.555,99.208,1.087,103.614,10.807,10.608,10.618,9.326,113.513
1,474.952,115.189,115.449,1.083,1.086,1.083,10.893,108.306,112.205,116.954,0.984,0.976,1.063,11.747,108.622
1,475.181,115.316,110.637,0.99,1.038,0.981,10.313,102.57,109.415,111.347,1.057,1.145,1.043,11.399,111.797
1,475.777,112.689,114.648,1.098,1.091,1.009,10.079,116.657,118.41,103.823,1.099,0.993,1.082,10.303,111.25
4,475.865,1.098,106.208,10.212,10.169,10.6,9.871,107.38,1.029,97.828,10.443,10.524,9.764,10.031,110.952
3,475.982,104.774,1.082,10.528,104.467,113.928,116.078,99.019,112.982,1.042,10.038,103.027,112.01,99.411,111.911
2,476.418,105.819,111.637,97.669,116.435,1.113,106.673,9.603,104.756,111.161,97.694,113.391,1.016,99.317,9.528
1,476.497,105.745,101.577,0.963,1.12,1.054,11.766,114.782,102.952,115.575,0.945,1.004,1.12,11.437,102.095
1,476.838,110.578,109.118,1.101,1.036,1.095,10.103,115.552,113.123,103.46,1.061,1.125,1.009,10.379,106.297
3,476.904,107.296,1.124,11.492,98.339,106.963,110.315,109.315,102.219,1.099,10.266,106.428,96.59,101.722,101.881
4,476.948,0.957,97.229,9.665,10.074,9.817,9.771,103.128,1.013,112.667,10.651,9.913,10.091,9.701,106.856
4,476.968,1.017,100.479,9.673,10.544,9.365,9.599,109.709,1.069,100.402,10.866,10.602,10.178,10.318,100.233
1,477.358,115.685,116.759,0.951,1.024,1.048,10.973,108.695,105.692,101.678,1.001,1.127,1.139,10.908,118.679
3,477.76,118.264,1.066,10.257,108.336,100.911,106.638,98.426,115.27,1.157,11.67,110.701,111.995,101.478,101.413
2,478.063,111.9,111.291,108.39,99.893,1.079,104.23,10.084,105.383,97.719,107.827,116.859,1.059,100.435,10.213
1,478.229,101.066,103.959,0.984,0.989,1.118,9.953,113.853,111.247,114.799,1.005,0.97,1.066,10.85,101.744
4,478.407,1.036,112.547,9.73,9.854,10.364,9.161,116.309,1.002,106.108,9.527,10.771,10.32,10.394,108.04
1,479.471,103.006,113.518,0.939,1.049,1.044,10.842,112.54,117.63,106.74,0.939,1.06,1.023,10.396,104.413
4,479.99,1.083,100.565,9.185,9.454,9.75,10.592,111.285,0.995,102.389,9.888,10.44,10.605,9.147,104.873
1,480.106,102.523,101.638,1.026,1.086,1.044,11.734,101.893,113.531,100.238,0.956,1.013,1.147,9.966,118.568
4,480.286,1.001,102.389,9.362,10.686,9.867,10.616,104.296,1.089,104.478,9.774,10.911,10.122,10.124,99.409
1,480.526,101.481,107.11,0.998,1.121,1.097,10.496,115.775,116.254,112.393,0.99,1.044,1.015,10.427,108.918
3,480.805,117.86,1.091,11.274,98.156,113.307,108.702,106.362,100.398,1.094,10.569,114.273,111.195,104.172,98.637
3,480.962,112.216,1.129,11.471,108.786,106.168,114.964,114.501,115.993,1.063,10.543,111.307,104.958,102.67,110.84
4,481.015,1.038,109.562,10.038,10.308,10.198,9.372,103.556,1.019,102.714,10.062,10.002,9.47,9.328,100.785
2,481.251,112.835,105.641,97.61,113.546,1.044,107.361,10.964,114.238,108.692,95.504,111.594,1.003,107.401,9.666
2,481.284,104.291,107.564,100.348,109.541,1.117,99.074,9.571,103.116,101.515,106.345,104.348,0.992,99.552,11.129
3,481.381,118.048,1.168,10.066,110.149,105.301,103.561,98.426,113.615,1.103,10.633,111.229,100.024,112.074,110.262
3,481.735,117.116,1.133,10.979,103.328,109.276,101.217,113.258,109.422,1.082,10.213,97.894,98.976,115.771,105.207
4,481.887,1.117,96.967,9.189,10.987,10.475,10.832,106.225,0.974,102.039,10.55,10.671,10.506,10.167,99.084
4,481.908,1.087,100.402,10.072,9.702,9.406,10.771,112.799,0.981,109.041,10.874,10.478,9.488,9.632,106.196
3,482.276,104.178,1.119,11.049,112.329,104.825,107.463,103.819,105.589,1.09,11.271,113.06,112.01,114.683,99.975
4,482.417,1.033,98.912,9.511,10.204,10.176,10.484,98.803,1.095,108.56,9.703,10.723,9.979,10.65,113.857
2,482.699,100.346,106.612,99.434,106.791,0.99,102.163,10.619,114.754,109.174,106.398,99.459,1.062,106.711,10.674
3,482.868,112.985,1.132,10.117,99.262,110.337,98.24,100.381,111.055,1.04,10.848,109.77,111.165,112.662,100.133
2,483.023,115.191,107.581,103.495,116.719,1.163,95.781,10.411,107.989,111.467,109.507,109.223,1.011,104.253,10.675
4,483.62,0.997,109.783,9.815,9.795,11.004,9.309,109.862,0.999,100.139,9.718,9.913,9.99,10.1,99.252
4,483.623,1.057,108.136,9.962,11.097,10.423,10.486,115.091,1.06,108.594,10.46,10.174,9.586,9.632,100.382
4,483.631,1.01,110.813,10.708,10.975,10.656,9.561,114.019,1.082,113.212,10.152,10.982,9.615,9.313,104.623
1,483.695,102.198,109.118,0.977,0.991,1.071,10.496,116.715,109.819,108.771,0.994,1.138,1.097,11.471,102.238
3,484.474,115.178,1.019,10.466,100.345,99.244,98.617,112.277,102.262,1.166,10.4,108.021,107.781,99.374,100.868
1,484.48,108.447,100.238,0.938,1.055,1.071,11.044,101.42,107.8,111.159,1.023,1.06,0.979,10.723,104.668
2,485.666,104.484,99.223,108.932,109.533,1.06,104.297,10.27,107.798,109.964,102.597,109.005,1.06,107.147,9.668
1,485.963,116.307,117.689,1.039,1.097,1.087,11.03,114.791,116.125,110.169,1.037,1.122,1.022,11.226,117.937
1,485.972,109.21,109.567,1.038,1.017,1.082,10.619,113.535,117.287,103.644,1.001,1.022,0.966,11.603,104.884
2,486.18,99.987,104.201,95.057,116.608,0.991,106.766,10.085,107.128,113.352,93.564,100.628,1.131,104.692,9.867
2,486.359,97.588,112.66,98.868,117.614,1.146,93.01,10.133,115.136,110.299,98.211,109.356,1.021,108.733,10.042
4,486.676,0.95,97.978,9.651,9.813,10.369,9.641,111.692,1.116,99.286,10.381,9.406,10.311,10.592,103.723
2,486.808,111.9,111.759,102.719,104.856,1.127,106.673,11.16,115.809,109.676,109.261,111.501,1.088,104.883,10.291
1,487.109,108.691,108.404,1.007,0.969,0.975,11.302,102.242,117.109,100.775,0.994,1.139,1.009,10.807,106.935
1,487.267,101.158,101.577,0.953,1.114,1.022,9.992,100.549,116.698,100.997,1.001,1.016,1.004,11.323,109.262
3,488.244,105.319,1.009,11.457,110.33,99.935,108.497,108.906,118.315,1.053,10.334,105.025,107.06,116.026,103.668
2,490.87,114.071,97.801,102.818,111.258,1.153,109.061,10.121,109.896,111.057,105.745,110.719,1.134,105.931,10.898
2,491.162,98.679,111.768,96.324,102.163,1.11,108.065,10.21,105.492,104.375,108.842,108.788,1.118,106.652,10.553
3,491.716,111.562,1.049,11.888,114.735,100.445,100.19,113.041,100.802,1.022,10.518,105.478,112.521,113.572,100.012
2,492.105,106.638,112.094,100.881,116.095,0.987,93.774,9.745,116.03,113.136,102.391,108.593,1.128,104.688,11.006
1,492.178,116.935,105.151,1.039,1.077,1.032,10.129,117.937,117.095,112.669,0.945,1.098,1.119,11.468,117.855
3,492.725,115.839,1.04,11.446,102.278,106.838,112.538,99.942,101.314,1.063,11.074,99.375,106.356,111.884,107.659
1,493.862,100.527,105.128,0.937,1.136,1.072,10.556,106.321,103.259,113.93,1.02,1.053,1.068,11.309,102.506
2,493.979,104.771,96.959,110.24,111.414,1.145,93.032,10.822,115.667,97.37,94.405,109.553,1.049,101.055,10.849
1,494.913,105.267,101.297,1.07,1.024,1.001,11.503,102.99,116.475,102.581,1.022,0.968,1.121,10.713,115.696
2,495.247,103.009,97.926,94.776,109.859,1.022,99.64,10.377,101.353,111.484,99.305,103.895,0.987,103.655,11.09
2,495.317,109.896,102.409,108.422,105.734,1.137,97.541,10.45,98.679,98.356,104.55,100.481,1.034,100.775,10.869
4,495.568,1.017,111.47,10.35,10.197,10.831,9.963,99.584,0.997,102.797,10.656,9.72,10.494,10.486,110.147
3,495.775,107.246,1.093,10.027,105.395,106.374,112.22,104.045,115.955,1.147,11.474,106.114,107.637,101.08,98.251
1,496.441,118.225,109.073,1.013,1.082,1.066,10.248,116.09,108.584,106.384,1.017,1.085,1.094,11.164,110.118
1,496.695,106.77,113.608,1.004,1.074,1.01,11.208,115.375,116.26,114.332,1.08,0.986,1.08,10.348,113.215
2,496.864,111.86,111.291,94.98,100.481,1.11,102.061,10.28,111.523,99.888,101.389,115.324,1.068,109.161,10.683
2,497.479,105.819,113.661,96.607,107.594,1.05,92.711,10.338,114.777,101.132,101.053,104.976,1.119,101.163,10.676
2,497.866,102.423,112.289,103.672,104.976,1.142,104.494,9.918,103.116,97.341,106.398,116.369,1.122,107.491,10.344
1,498.247,118.154,102.112,1.109,0.979,1.098,10.113,112.335,110.227,117.867,1.03,1.059,1.046,10.765,112.762
1,498.479,118.628,117.175,1.045,0.985,1.05,10.514,100.093,112.308,108.683,1.053,1.033,1.072,10.375,106.529
2,498.829,111.046,106.775,97.609,107.327,1.133,107.364,10.997,103.443,97.505,106.681,103.828,1.0,104.834,9.722
4,498.91,0.971,102.297,9.893,9.642,10.545,9.334,113.857,1.033,109.385,9.47,10.761,10.859,9.231,113.717
1,499.375,111.488,113.371,1.075,0.969,1.051,10.484,118.849,109.868,114.799,0.987,1.128,1.025,11.511,115.522
4,499.605,1.008,111.277,10.632,9.844,10.241,9.938,100.14,1.116,97.643,10.222,10.14,9.758,10.746,113.704
1,499.905,103.564,106.325,1.05,1.125,1.008,10.426,108.626,107.842,101.577,1.061,1.023,1.07,10.813,108.103
4,500.004,0.965,110.778,10.562,10.11,9.617,9.294,113.38,0.959,107.072,9.902,10.491,9.434,9.501,106.282
3,500.067,107.35,1.128,11.217,113.806,112.511,113.081,113.313,111.581,1.057,11.853,98.644,96.382,109.257,96.716
3,500.259,114.454,1.055,10.119,99.265,99.084,115.35,99.78,112.769,0.999,10.569,101.599,112.153,110.153,100.361
3,500.401,108.572,1.087,10.389,98.436,100.236,106.494,104.075,117.364,1.135,11.849,105.85,103.117,100.161,114.594
1,502.293,109.976,112.195,0.987,1.023,0.992,11.61,117.916,107.405,117.154,1.068,1.091,0.995,10.098,114.87
2,502.316,108.899,105.873,100.761,102.637,1.088,106.066,11.087,104.122,108.964,108.581,100.072,1.023,107.336,11.017
4,502.326,1.092,100.071,9.501,10.686,10.139,10.71,101.736,1.008,111.707,9.62,10.447,9.661,10.006,101.595
3,502.357,116.208,0.991,11.561,102.232,113.341,101.054,111.357,111.927,1.022,10.078,98.547,113.6,104.043,101.158
1,502.387,107.212,101.573,1.068,0.999,1.078,10.001,108.569,104.283,104.59,1.003,1.001,1.128,10.169,113.494
4,503.116,1.081,102.128,9.454,9.447,10.455,9.798,113.678,1.098,110.134,9.289,10.225,9.419,10.443,102.319
3,503.154,115.903,1.005,11.703,102.144,113.052,106.494,102.089,104.181,1.061,10.145,113.32,101.56,103.494,97.77
2,503.323,104.283,113.666,96.558,112.366,1.13,98.045,10.941,101.402,114.376,99.305,104.129,1.132,95.548,10.768
3,503.622,100.802,1.176,11.031,113.475,99.147,115.263,111.636,110.697,1.01,11.72,109.766,102.012,109.013,98.931
1,503.648,118.493,99.404,0.937,1.083,1.056,11.081,103.267,114.914,104.312,1.06,0.986,1.082,9.963,113.11
1,503.935,101.654,99.81,1.097,0.987,1.004,10.501,115.039,107.94,114.13,0.947,1.044,1.131,11.013,101.42
1,505.672,104.994,107.329,1.063,1.055,0.966,10.163,113.695,118.564,111.643,0.958,1.04,1.098,10.117,112.189
2,505.708,102.185,106.729,98.741,108.101,1.098,96.518,10.188,110.32,113.719,93.652,110.385,0.988,92.439,10.653
3,506.014,103.472,1.046,11.412,110.383,106.685,110.712,114.106,111.927,1.164,11.683,112.846,104.376,107.914,105.473
4,506.522,1.038,109.978,9.636,9.643,9.777,10.856,108.152,1.125,111.642,9.289,10.027,10.688,10.195,116.891
2,507.478,110.193,104.818,105.093,99.312,1.029,98.058,9.514,113.493,109.986,106.689,103.666,1.064,94.613,10.119
1,507.545,109.819,107.197,0.968,0.992,1.051,11.6,115.081,111.735,111.224,1.014,1.056,1.025,10.037,115.092
4,507.584,1.028,109.751,10.519,9.849,10.065,10.433,115.87,0.967,105.502,9.53,9.533,10.991,10.157,110.579
1,507.82,115.343,111.249,0.946,1.141,1.015,10.429,109.989,111.034,108.548,1.034,1.146,1.017,9.984,102.884
2,508.134,106.074,99.373,109.316,111.414,1.098,101.061,10.297,108.312,110.057,105.212,105.124,1.11,102.412,10.858
1,508.577,101.207,101.255,1.035,1.112,1.144,11.206,109.337,110.877,116.668,1.069,1.135,1.132,10.502,109.313
3,509.8,106.503,0.997,10.711,106.622,97.035,101.129,112.077,107.222,1.151,10.907,107.253,101.031,108.602,109.503
1,509.848,107.813,102.51,0.985,1.08,1.133,10.248,111.25,105.784,99.436,1.108,1.132,1.096,11.544,117.737
3,509.987,104.086,1.124,10.842,111.739,104.811,115.752,108.569,103.984,1.077,11.557,104.953,110.408,100.477,111.894
2,511.653,114.825,109.11,109.814,108.572,1.167,101.805,10.761,110.651,105.832,108.969,109.165,1.161,107.916,9.686
1,511.742,105.931,108.771,1.113,1.003,1.129,11.732,114.031,115.243,116.003,1.076,1.09,0.972,11.231,108.992
4,512.106,1.078,104.896,9.188,9.423,10.36,9.311,116.554,1.007,99.631,9.784,9.606,10.139,9.713,109.35
1,512.651,99.939,110.278,1.095,0.986,1.134,10.15,111.239,113.558,101.53,0.999,1.088,1.019,9.958,110.694
2,512.703,106.156,98.988,105.766,104.136,1.103,106.019,10.763,112.602,106.019,98.759,103.389,1.091,96.186,9.455
4,513.701,1.046,104.114,9.372,10.704,9.517,9.343,103.149,1.038,100.842,9.431,10.408,10.417,9.934,113.204
4,514.37,0.975,105.053,10.792,9.455,10.52,9.576,109.874,1.054,108.852,10.467,10.074,10.617,10.057,102.274
4,514.498,1.075,103.141,9.547,10.279,9.431,10.106,109.037,1.057,103.33,10.873,10.497,10.779,10.411,100.902
3,514.606,102.906,1.127,11.115,99.586,105.233,99.609,100.199,106.931,1.123,10.114,104.565,100.225,115.053,108.636
4,514.879,1.099,103.105,10.215,10.271,10.199,9.523,99.792,1.117,106.061,9.256,10.79,9.958,9.497,103.789
1,514.9,114.725,117.037,0.993,1.009,1.003,10.758,116.732,112.945,99.81,0.964,1.07,1.026,10.896,118.528
3,515.273,113.452,1.009,10.681,109.245,100.649,101.192,103.832,111.694,1.078,10.547,101.433,109.782,111.664,107.414
1,515.437,109.032,115.97,1.104,1.064,1.133,11.693,111.036,105.147,111.79,0.953,1.008,1.06,10.838,102.069
4,515.699,1.003,98.83,10.671,9.852,9.402,10.733,102.675,1.073,99.644,9.665,10.892,10.037,10.222,98.715
3,516.022,115.727,1.015,11.115,105.215,100.024,102.444,112.582,101.713,1.047,11.721,110.933,111.658,101.571,101.899
3,516.197,115.923,1.167,10.506,101.298,110.831,110.485,114.066,112.164,1.025,11.832,113.254,102.731,100.928,104.217
1,516.651,106.621,103.382,1.039,1.061,0.994,11.139,113.756,109.235,101.292,1.114,0.971,1.059,9.961,101.526
1,517.007,101.817,101.258,1.017,1.109,1.057,10.562,113.7,108.284,100.226,1.033,1.033,1.008,11.16,106.367
1,517.575,101.85,102.752,0.959,1.057,1.038,11.078,103.514,118.494,103.432,0.994,1.019,0.99,11.389,113.197
2,517.679,104.464,109.025,98.151,112.683,1.025,98.292,10.098,104.671,110.299,109.507,102.787,1.098,101.53,9.466
4,517.919,1.099,98.558,9.386,10.627,10.065,10.265,103.574,1.002,98.801,10.128,9.872,10.802,10.628,115.979
1,518.59,118.065,112.277,0.947,0.982,1.008,10.235,107.081,100.352,117.56,1.007,1.081,1.058,10.219,113.215
1,518.915,108.447,117.77,1.086,1.116,0.974,10.168,106.603,112.595,117.42,1.104,1.095,1.056,10.777,105.478
1,518.936,115.389,105.829,1.063,1.08,1.021,10.846,114.763,109.456,111.116,1.1,1.037,1.047,9.984,107.261
2,519.122,108.951,104.256,96.385,109.199,1.008,93.959,10.624,103.461,104.686,108.527,109.376,1.126,101.611,10.286
2,519.333,105.492,100.066,95.304,108.617,1.168,95.416,9.636,111.002,111.601,104.765,115.911,1.144,106.48,10.047
1,519.93,104.242,103.59,0.974,1.008,1.117,10.231,102.382,115.375,103.955,1.108,0.97,1.065,11.521,113.767
4,520.06,1.017,95.611,9.691,9.437,9.954,9.243,99.04,1.128,104.82,10.53,10.441,9.756,9.485,106.791
4,520.087,1.111,111.362,10.416,10.335,10.148,9.593,108.837,1.021,100.814,9.394,10.437,10.973,9.674,101.229
1,520.277,110.535,108.866,0.966,1.108,1.068,11.226,101.155,115.189,113.433,1.097,1.0,1.079,10.847,106.201
4,520.364,1.113,99.212,10.066,9.458,10.341,10.382,99.208,1.0,106.254,9.659,10.919,10.81,9.649,108.062
4,521.044,1.06,100.577,9.41,10.034,10.888,10.426,113.542,1.035,97.292,9.577,10.37,10.852,9.346,112.485
1,521.463,104.276,102.256,0.946,1.055,1.059,10.808,115.522,116.716,112.759,0.959,1.09,1.016,10.383,110.979
4,521.707,1.007,109.579,10.737,10.468,9.465,9.329,107.825,1.096,107.823,10.447,9.562,9.725,9.697,99.997
2,522.451,106.786,112.086,106.832,101.781,1.029,102.072,9.492,99.987,104.953,97.903,109.303,1.162,102.396,10.529
4,522.492,1.047,99.212,9.513,10.073,10.553,10.822,98.944,0.96,108.968,10.195,10.3,10.805,9.466,101.938
2,522.822,103.046,112.214,99.783,108.524,1.161,105.463,9.804,99.393,99.663,94.072,110.058,1.136,108.826,10.127
4,523.23,1.07,103.887,9.713,10.197,10.962,10.566,99.158,1.041,104.295,10.656,10.951,10.24,10.186,111.536
1,523.275,108.019,105.755,1.05,1.143,1.136,10.748,104.389,104.348,111.249,1.031,1.12,1.114,11.026,106.764
2,523.323,103.042,104.964,105.152,100.713,1.116,105.842,9.587,103.667,103.39,97.61,107.347,1.139,96.33,9.812
4,523.344,0.999,107.616,10.467,9.387,9.808,10.695,100.471,1.11,111.293,9.759,10.63,9.688,10.653,99.44
3,524.314,116.308,1.121,10.939,98.74,101.484,109.866,99.977,112.429,1.025,10.014,115.345,103.079,102.678,110.21
2,524.496,111.024,106.886,110.003,116.19,1.148,93.164,10.004,112.195,113.878,98.58,115.576,1.082,106.168,10.412
4,524.601,1.023,105.737,9.217,11.032,10.802,10.71,100.073,1.036,97.33,10.183,10.283,10.062,9.6,112.294
2,525.297,114.243,112.214,105.011,110.343,1.04,105.992,9.671,99.472,106.07,97.606,106.845,1.097,99.67,10.286
3,525.687,115.519,1.04,10.41,111.124,112.449,103.83,103.987,106.68,1.057,10.401,103.892,105.233,109.252,110.262
3,525.807,100.736,1.107,10.556,108.511,113.892,116.026,97.487,106.458,1.131,10.6,98.203,96.665,101.048,97.419
3,526.495,117.078,1.061,10.039,112.908,111.607,111.952,106.791,117.677,1.093,11.397,110.442,109.234,107.534,97.487
3,526.891,101.474,1.064,11.107,102.592,99.733,101.722,102.302,105.036,1.151,11.343,106.027,108.813,102.67,97.132
3,527.305,105.076,1.17,10.704,116.018,107.637,99.078,107.002,101.255,1.032,10.529,99.84,111.686,113.915,100.462
1,527.309,110.395,105.085,0.966,1.111,0.97,10.082,113.702,111.44,99.528,1.02,0.989,1.105,11.649,101.462
2,527.915,114.354,103.261,97.61,112.948,0.989,105.662,10.944,110.607,113.661,105.274,112.115,1.128,107.051,10.546
1,528.089,104.901,102.112,1.084,1.01,0.993,11.088,108.63,115.058,115.045,0.989,1.112,0.966,10.997,109.781
4,528.13,1.09,106.183,10.874,9.74,11.002,9.892,101.785,0.961,95.784,9.256,10.411,10.369,10.167,103.035
4,528.25,0.967,110.502,10.014,10.368,9.291,9.643,114.765,0.995,102.88,9.845,10.213,10.466,10.144,102.086
4,528.33,1.119,101.99,9.454,9.765,10.29,9.641,101.741,0.973,107.616,10.873,10.678,10.699,9.63,106.737
4,528.69,1.099,96.646,9.926,10.247,10.461,10.234,107.991,1.116,109.804,10.189,10.385,9.353,9.609,108.011
3,528.725,106.458,1.066,10.32,113.195,98.442,102.392,102.196,107.185,1.115,11.147,108.304,113.928,99.634,107.099
1,529.542,108.297,111.339,1.004,1.112,1.058,11.665,117.822,101.556,105.829,1.113,1.063,1.025,11.628,110.019
2,529.756,99.472,109.292,100.797,100.072,1.151,104.536,9.502,99.739,107.629,96.103,117.016,1.031,105.147,10.495
4,530.002,0.954,100.203,9.353,9.83,10.725,9.435,110.496,1.125,108.057,10.858,9.419,9.293,9.625,107.236
2,530.313,103.115,111.328,101.97,104.037,1.025,94.979,9.964,105.069,104.228,105.094,103.721,1.151,108.005,10.855
4,530.407,1.006,106.767,9.829,10.97,10.743,9.546,106.876,1.0,102.929,9.963,10.059,9.669,9.385,112.746
2,530.471,111.9,107.841,93.2,107.567,1.029,101.924,10.768,114.243,102.195,100.498,108.404,1.056,108.611,10.566
4,530.826,0.993,95.63,10.835,10.258,9.508,9.321,112.865,1.049,109.889,9.356,10.469,9.911,9.609,108.031
1,531.057,109.698,112.334,0.998,1.065,0.997,10.349,108.569,112.424,103.368,0.979,1.095,0.972,11.747,111.036
2,531.061,102.032,114.586,110.003,99.558,1.036,109.756,10.941,104.655,104.228,108.57,108.165,1.034,100.231,10.552
3,531.237,105.648,1.09,10.66,110.442,98.123,107.923,113.505,118.185,1.053,10.707,101.433,97.972,113.844,101.98
2,532.076,107.23,97.733,94.354,117.763,1.117,104.576,10.042,111.321,112.311,97.609,111.446,1.047,94.992,10.332
3,532.297,107.185,1.166,10.816,105.586,102.822,107.041,114.585,118.295,0.998,10.887,116.211,106.15,101.273,104.045
4,532.796,1.0,104.67,9.349,10.335,9.608,10.017,98.754,0.967,106.511,10.458,11.115,10.506,9.189,102.028
2,533.913,115.652,103.353,108.236,110.352,1.104,95.992,10.316,110.791,105.374,93.652,110.914,1.059,107.071,9.686
2,534.023,110.964,107.603,97.931,102.637,1.129,96.368,9.696,101.969,104.034,103.657,101.68,1.077,105.953,10.042
4,534.04,1.102,95.611,9.486,11.08,10.191,9.313,101.196,0.999,101.391,9.565,9.801,10.538,10.782,110.308
3,534.413,115.664,1.089,10.292,99.9,98.041,106.226,111.579,105.879,0.996,11.627,110.725,104.202,107.698,105.451
2,534.469,103.265,98.706,107.104,106.442,1.13,92.736,10.464,111.853,98.371,107.014,114.69,0.992,103.463,10.102
2,535.332,108.317,114.795,99.026,114.584,1.012,105.138,9.747,110.091,107.699,100.529,105.23,1.111,105.674,10.479
4,536.332,1.118,109.657,9.577,10.817,9.372,9.838,110.876,1.099,106.729,10.53,10.977,9.488,9.953,105.411
3,536.891,113.624,1.041,11.648,110.852,98.926,113.315,110.327,111.21,1.157,10.037,100.585,105.406,107.885,107.707
4,536.976,1.047,101.259,10.294,11.073,10.606,9.27,99.792,1.042,106.399,10.044,10.495,10.043,9.372,114.529
1,537.224,114.624,109.89,0.939,1.061,1.132,10.57,116.515,104.084,115.132,1.011,1.079,1.067,10.495,104.863
3,537.341,114.718,1.087,10.859,114.368,110.461,108.373,108.92,118.193,1.16,10.405,113.574,102.73,98.223,109.371
2,537.37,108.216,99.728,94.431,112.069,1.098,103.237,9.652,97.629,100.63,105.665,102.628,1.076,106.13,9.534
4,537.44,0.963,113.356,10.209,9.419,10.815,10.119,108.611,1.053,101.112,10.777,10.909,9.372,9.899,113.179
4,537.74,0.987,112.547,10.285,10.011,9.898,9.341,104.791,1.078,107.46,9.618,9.475,9.711,9.546,106.276
2,538.15,105.348,105.312,110.24,112.172,0.987,98.092,9.446,105.151,102.085,98.204,105.045,1.069,96.491,9.695
1,539.397,100.42,110.985,0.978,0.984,0.972,11.597,105.396,114.228,102.837,1.1,1.009,1.085,11.018,104.81
1,539.975,104.276,116.089,0.994,1.098,1.099,10.126,103.833,118.184,116.397,0.953,0.969,1.142,9.953,102.041
4,540.503,1.033,97.631,10.632,11.08,10.803,9.878,116.014,0.976,100.842,10.526,10.977,10.044,9.406,115.538
3,540.665,102.948,1.143,10.435,98.454,113.014,99.504,106.056,110.344,1.164,10.401,103.036,104.255,99.48,103.761
3,540.764,110.17,1.083,11.216,107.596,108.144,106.375,100.84,100.737,1.173,10.678,98.065,98.64,110.224,110.167
2,542.327,110.607,98.318,101.493,109.203,1.106,106.13,10.55,115.26,96.959,95.307,111.234,1.06,93.63,10.076
2,542.461,111.294,97.485,105.784,109.533,1.17,95.446,10.352,106.904,102.483,100.797,114.192,1.124,102.244,10.335
1,543.078,110.73,110.305,1.072,1.069,1.115,11.629,111.766,108.447,100.76,0.946,1.023,1.116,11.559,100.206
4,543.506,0.953,101.356,9.386,10.06,10.236,9.908,107.489,1.041,102.504,9.651,10.206,9.485,10.798,101.769
3,543.901,111.713,1.164,11.252,114.608,99.402,105.583,99.358,112.966,1.082,10.864,109.487,107.637,102.451,108.078
4,544.034,1.025,110.513,10.68,10.42,9.565,9.537,107.575,0.982,107.457,9.696,9.772,9.348,9.508,104.884
4,544.924,1.062,98.464,9.602,10.936,9.434,10.132,98.766,1.083,108.542,10.242,10.792,9.985,9.738,113.648
4,545.374,0.972,111.176,9.236,9.413,10.683,9.631,101.76,1.023,101.237,9.643,9.493,10.371,10.375,106.295
4,545.817,1.127,106.509,9.431,10.967,10.999,9.78,113.976,1.071,95.986,9.505,9.894,9.937,10.66,106.847
4,545.845,1.031,112.192,9.574,10.362,9.673,10.632,108.611,1.069,103.636,9.975,9.537,9.65,10.68,112.769
4,546.606,1.064,103.843,9.958,9.506,10.676,10.418,114.79,1.015,105.611,9.382,10.168,9.719,10.293,112.618
2,546.912,105.027,111.171,101.162,109.541,1.143,98.371,9.767,115.818,107.112,93.597,104.007,1.134,95.609,10.116
2,546.947,104.971,106.762,96.888,104.666,0.995,99.224,10.861,106.894,99.932,98.434,113.869,1.088,96.267,9.795
1,546.993,115.941,113.309,1.004,1.047,1.125,10.231,104.833,117.608,105.75,0.946,1.045,1.001,11.172,115.181
3,547.094,116.675,1.025,11.528,103.892,105.447,106.367,108.562,103.499,1.17,11.537,109.645,97.446,105.783,101.98
3,548.229,107.604,1.115,11.333,98.027,100.607,98.852,113.431,100.737,1.082,10.512,99.704,114.17,105.149,105.753
1,548.386,112.568,100.942,0.959,1.074,0.983,11.355,108.569,116.061,109.567,0.997,1.022,1.024,11.065,117.094
3,548.438,111.261,1.15,10.362,97.931,102.091,115.485,100.923,112.546,1.176,10.514,109.118,100.409,112.538,98.393
4,549.057,1.06,103.869,10.758,10.311,9.633,10.017,106.54,1.034,100.139,9.925,9.463,10.08,9.946,113.225
4,549.337,1.092,108.184,10.138,10.19,9.265,9.692,113.981,1.051,108.095,10.559,9.468,10.967,9.508,117.027
3,549.523,109.278,1.064,11.342,113.504,101.796,109.834,107.338,113.624,0.992,11.568,113.288,111.096,104.369,107.089
3,549.605,109.497,1.089,10.075,110.651,105.489,102.127,107.757,105.906,1.019,11.397,105.803,106.697,104.89,99.818
1,550.277,115.952,116.829,0.999,1.058,1.029,10.198,107.081,115.993,114.713,1.013,1.023,1.059,10.391,111.514
2,550.501,109.381,109.044,104.711,108.912,1.148,109.716,10.616,105.434,109.724,106.467,106.916,1.074,99.552,11.09
4,551.097,1.034,97.501,9.556,10.751,9.36,10.754,108.954,0.955,113.53,9.925,10.463,10.277,9.978,103.932
1,551.13,108.57,108.353,0.998,1.004,1.002,10.912,117.123,112.324,107.335,0.96,1.042,0.972,11.423,108.622
1,551.2,117.296,118.036,1.055,1.14,0.975,10.822,116.732,104.633,109.933,0.95,1.055,0.978,11.334,108.396
2,551.209,112.057,108.193,104.46,104.169,1.127,107.656,9.424,99.9,103.39,105.477,109.63,1.118,94.697,10.175
3,551.415,100.317,1.123,10.547,98.609,109.196,104.329,109.315,117.65,1.0,10.107,98.339,104.34,102.651,99.408
2,551.533,110.594,110.972,105.05,102.671,1.041,96.699,9.778,107.128,112.44,108.575,105.181,1.05,107.638,9.568
1,551.673,117.46,100.263,1.113,0.992,0.965,11.036,118.458,103.259,106.5,0.994,1.008,1.102,10.856,102.144
1,551.921,115.695,103.598,0.981,1.088,0.984,11.682,106.367,115.451,102.682,0.959,1.09,1.001,11.243,111.995
1,552.62,105.45,105.263,1.096,1.005,1.137,10.189,102.335,105.043,106.915,1.05,1.108,1.042,10.773,113.37
4,552.679,1.095,105.267,10.623,10.426,10.932,10.752,109.118,1.028,104.885,9.995,10.577,10.027,10.24,98.803
1,553.1,103.346,106.464,0.998,1.048,0.965,11.445,102.679,108.485,112.343,1.027,1.088,1.054,10.884,116.09
4,553.163,1.036,102.504,10.31,10.092,10.13,10.631,115.866,1.115,108.829,10.09,10.277,10.664,9.176,103.107
2,553.616,100.596,107.531,98.745,109.513,1.148,104.115,9.586,102.798,104.191,97.821,115.072,1.111,96.371,10.652
3,553.775,117.118,1.168,11.086,110.149,107.596,105.813,108.005,106.342,1.137,11.031,105.248,103.26,100.836,102.288
1,554.806,107.169,118.036,1.004,1.076,1.04,11.279,102.161,113.227,107.877,1.079,1.108,1.077,11.271,103.651
4,555.293,1.016,97.689,9.899,10.519,10.346,9.236,103.569,1.09,108.939,10.526,10.092,10.243,10.01,109.262
2,556.574,105.197,113.207,110.003,102.637,1.11,98.145,10.433,112.449,109.667,108.316,115.324,1.08,99.846,10.277
3,556.67,102.286,1.161,11.124,98.157,111.658,111.952,105.036,117.25,1.152,11.832,109.752,97.367,107.968,104.188
1,557.065,102.292,103.794,1.042,0.979,1.088,11.605,105.779,111.539,103.582,1.102,1.111,1.067,11.386,100.988
3,557.351,103.356,1.144,10.259,105.037,103.785,102.876,101.066,109.41,1.038,10.039,114.774,101.1,102.331,110.486
4,557.767,1.103,99.204,10.655,10.007,10.748,10.566,102.237,1.113,101.259,10.758,10.002,10.04,10.172,99.302
1,557.938,111.539,106.325,0.991,1.005,1.089,11.773,109.337,102.811,112.537,1.105,1.058,1.025,10.326,107.997
2,558.144,103.281,101.959,100.234,104.089,1.069,102.66,10.805,109.358,102.046,95.536,106.338,1.008,104.734,9.73
4,558.213,1.111,109.33,10.482,10.062,10.059,9.853,109.928,1.035,106.45,10.679,10.796,9.534,9.546,115.021
3,558.222,104.676,1.119,10.833,103.545,98.268,100.459,114.808,108.988,1.154,10.372,98.878,102.073,107.041,103.606
1,559.487,102.611,112.557,1.053,1.064,1.006,10.764,110.138,104.524,105.478,1.081,1.075,1.009,11.393,110.793
2,559.635,109.159,114.897,103.348,116.818,1.042,108.355,10.712,110.193,97.811,108.479,106.338,1.008,106.479,11.119
4,560.023,1.01,109.531,9.984,10.002,10.523,9.821,107.129,1.076,113.356,10.383,9.391,10.427,9.785,106.295
2,560.824,104.104,98.243,105.339,112.272,1.049,98.049,10.064,115.447,97.598,96.607,114.561,1.115,95.097,9.722
4,560.99,1.106,109.562,10.746,9.797,10.011,9.329,111.441,1.002,99.435,9.564,10.528,10.297,9.796,100.817
3,562.249,115.029,1.142,11.295,102.723,103.045,102.049,105.787,115.178,1.084,10.018,104.671,110.392,115.235,105.441
4,563.165,1.009,110.873,10.722,9.769,10.161,10.631,103.955,0.972,112.889,9.644,9.471,10.081,9.294,100.678
2,563.165,111.265,111.061,104.166,102.209,1.062,95.683,9.716,111.566,104.836,103.563,110.343,1.104,103.308,9.431
1,563.453,105.212,107.833,1.08,1.023,1.057,11.131,115.272,115.656,111.824,0.95,1.044,1.088,10.822,117.937
1,563.607,112.579,114.597,1.089,0.992,1.045,10.601,107.917,103.989,109.519,1.084,1.071,1.043,11.66,113.008
3,564.043,116.308,1.073,11.162,98.458,106.603,101.827,102.197,110.768,1.045,10.433,112.781,105.561,109.19,97.173
2,564.159,108.601,105.818,105.339,99.657,1.074,109.262,10.148,105.6,98.243,96.968,100.279,1.09,96.597,11.168
2,564.522,108.216,104.348,93.992,103.916,1.125,92.973,10.765,109.515,104.285,103.329,114.383,1.116,109.63,11.052
4,564.78,0.98,110.11,9.773,9.845,9.485,10.445,105.406,0.982,101.186,10.583,9.528,10.457,10.567,111.247
1,565.655,103.753,114.271,1.108,1.086,1.0,11.305,115.161,102.141,116.773,1.063,1.047,1.069,10.809,101.297
4,566.443,1.112,97.519,9.578,10.029,10.526,9.698,106.315,1.001,112.933,10.385,9.575,10.073,9.912,114.922
4,566.533,1.097,100.719,10.087,9.66,9.758,9.224,108.364,0.986,102.929,10.002,9.636,10.748,9.717,103.048
4,566.571,0.956,103.842,10.55,10.734,10.364,10.382,113.332,1.108,95.904,10.148,9.61,10.486,9.548,98.819
4,567.016,1.103,102.795,10.832,10.174,10.341,9.806,108.035,1.042,111.221,9.325,9.512,10.958,10.316,110.846
2,567.058,99.341,103.708,97.621,101.765,1.128,109.417,10.59,104.161,104.953,97.609,102.689,1.144,107.946,9.633
3,567.198,101.348,1.017,10.894,102.966,101.133,104.369,102.442,104.249,0.996,10.653,107.362,113.905,116.512,110.469
3,567.201,108.351,1.176,11.854,104.888,108.45,114.01,107.984,100.477,1.16,11.6,109.625,105.937,115.485,103.972
2,567.782,112.747,112.802,100.135,103.877,1.074,101.706,10.866,105.069,107.526,100.845,117.19,1.06,107.946,10.025
1,568.275,107.374,113.725,0.957,0.989,1.098,10.087,117.263,108.734,104.035,1.047,0.975,1.118,9.971,108.691
1,568.308,100.308,111.98,0.986,1.104,1.069,11.573,100.549,112.641,107.951,1.097,1.133,1.022,10.836,105.246
2,568.602,101.872,112.044,95.036,101.387,1.143,101.366,9.51,115.405,107.253,102.382,108.018,1.156,105.167,10.96
2,568.608,114.777,101.199,102.014,113.92,1.091,100.834,9.893,100.209,113.405,104.058,116.82,1.098,96.038,9.684
1,568.931,114.732,104.318,1.039,1.06,1.104,10.83,117.661,114.168,108.771,0.978,1.134,1.041,10.569,116.799
3,569.077,99.605,1.0,11.815,115.496,103.282,99.369,98.43,103.023,1.168,11.231,111.657,103.786,114.889,102.05
2,569.123,107.344,115.083,107.513,115.83,1.012,102.383,11.02,101.134,101.012,106.966,112.587,1.122,93.103,9.636
3,569.424,104.72,1.169,11.559,109.3,106.443,115.103,104.57,100.477,1.059,10.675,104.928,97.661,115.186,105.285
3,570.162,115.839,1.071,10.401,114.827,99.989,106.101,104.54,111.645,1.068,11.832,106.387,110.508,115.341,100.48
2,570.752,110.319,114.508,96.027,114.884,1.093,104.517,10.917,110.022,103.679,109.214,107.573,0.991,109.035,11.194
1,571.218,106.049,110.172,1.072,1.09,0.967,11.622,110.499,115.564,109.014,0.964,0.998,1.115,10.472,100.906
1,571.977,106.793,104.269,0.999,1.069,0.977,10.129,114.381,116.501,115.97,1.018,0.978,1.044,11.528,100.658
4,572.256,1.022,99.56,10.615,10.14,10.45,9.649,116.573,1.004,108.957,9.227,9.606,10.573,10.73,101.269
1,572.729,117.779,112.747,1.039,1.101,1.087,11.663,102.817,114.871,110.278,1.039,1.145,0.978,11.388,108.349
4,573.112,0.989,101.297,9.477,9.77,10.554,10.21,113.13,1.086,106.903,10.739,10.709,9.849,10.258,102.032
4,573.15,0.996,100.525,9.575,11.001,10.366,10.805,116.599,0.968,104.93,9.282,10.841,9.787,10.443,102.028
4,573.483,0.985,97.643,9.742,10.644,10.277,9.738,108.308,1.045,105.059,10.31,10.775,9.271,9.219,112.078
1,573.612,105.895,114.53,1.1,1.109,0.966,10.321,112.348,112.121,110.083,1.079,1.052,1.019,11.626,106.935
2,573.652,108.536,104.35,105.908,112.587,1.012,101.194,10.519,110.964,99.021,102.77,104.743,1.009,99.416,10.411
1,574.059,102.706,109.014,1.074,1.09,1.052,11.173,110.734,111.628,105.114,0.957,1.123,1.089,11.566,109.221
4,574.291,1.041,107.38,9.926,9.5,9.661,9.451,109.292,0.969,110.974,10.878,9.557,9.521,9.978,109.736
3,574.79,101.062,1.044,10.259,98.582,101.796,102.674,97.193,106.149,1.099,10.027,114.803,96.691,112.716,114.808
3,576.187,110.31,1.136,10.288,112.221,113.088,108.486,104.545,101.131,1.07,10.521,113.137,111.93,108.075,111.507
4,576.425,1.09,112.192,9.579,10.914,10.771,10.28,109.41,0.954,110.721,9.847,10.009,10.713,9.674,105.898
4,576.45,0.977,104.48,10.425,11.046,9.373,9.217,114.443,1.026,106.424,9.888,10.648,10.339,9.165,109.428
3,577.03,102.433,1.152,10.504,100.929,113.385,100.618,113.59,103.619,1.104,11.097,111.229,96.806,108.305,113.211
3,577.566,102.206,1.056,10.807,107.362,108.711,116.512,107.399,113.884,1.136,10.114,114.614,100.249,115.169,106.55
1,578.127,116.591,101.255,1.054,0.976,1.0,11.07,106.967,118.36,103.243,1.038,1.023,1.091,11.762,101.43
2,578.354,97.588,102.938,107.588,102.181,1.001,105.718,9.499,113.702,108.616,101.08,114.776,1.134,98.746,9.73
4,578.592,1.028,109.803,10.873,10.967,10.257,9.992,112.148,1.035,104.114,10.773,10.493,9.397,10.325,113.404
2,578.78,101.872,97.822,107.695,101.765,1.096,93.715,10.464,110.361,98.036,97.184,117.446,1.026,102.85,9.911
4,578.8,1.122,105.641,10.57,9.816,10.321,9.217,99.529,1.037,102.797,9.73,10.382,10.232,10.41,99.36
2,579.143,115.616,99.126,100.351,112.302,1.155,100.637,9.656,111.86,99.373,93.946,107.513,1.108,104.717,9.721
3,579.443,106.503,1.147,10.479,107.469,107.837,101.827,112.912,107.719,1.068,10.956,104.885,109.484,111.176,110.327
1,579.942,105.745,110.822,1.034,1.071,1.115,10.837,115.272,103.866,106.353,1.114,0.968,1.107,11.512,108.888
1,580.167,115.695,106.87,0.998,1.146,0.978,10.569,110.157,118.35,105.114,1.065,0.996,1.07,10.138,107.63
1,580.349,112.406,99.356,0.956,1.017,1.028,10.356,110.066,106.174,109.118,1.003,0.986,1.046,11.24,115.254
3,580.542,104.853,0.994,10.009,104.946,111.187,107.474,104.217,110.051,1.003,11.569,103.584,102.294,110.485,107.493
2,581.263,109.563,111.846,95.038,99.895,1.025,99.87,9.9,109.154,110.554,104.003,111.234,0.995,104.115,10.624
2,581.744,99.495,102.938,107.332,115.272,1.008,107.491,10.475,111.377,109.174,98.393,108.768,1.063,103.746,10.579
1,581.77,104.915,99.701,1.042,1.138,1.05,9.968,113.821,112.513,109.834,0.947,1.087,1.095,10.167,111.629
3,582.009,105.625,1.14,11.815,110.237,110.354,114.833,99.913,101.219,1.109,10.322,108.664,111.184,107.993,104.104
4,582.493,1.042,109.579,9.854,9.659,9.913,9.198,110.788,1.123,104.387,10.583,9.509,9.406,10.725,109.432
3,582.855,100.716,1.017,11.843,114.779,104.693,114.788,106.035,103.165,1.038,10.816,108.643,102.74,102.626,100.462
3,583.822,106.962,1.073,11.478,101.599,111.97,99.48,97.804,116.249,1.009,10.04,105.751,113.798,109.045,108.078
3,584.006,117.849,1.162,10.29,104.633,112.222,102.885,101.111,117.785,0.994,11.319,102.05,109.543,103.978,106.014
1,584.587,106.071,101.116,0.995,0.967,0.967,10.16,107.888,105.619,115.045,1.012,0.966,1.105,11.324,115.481
3,584.764,109.987,1.171,11.875,103.326,103.377,99.648,102.166,100.085,1.001,10.81,106.428,110.148,109.382,107.099
3,584.949,112.586,0.999,11.253,109.487,108.115,115.787,101.93,112.963,1.159,11.404,108.395,106.603,98.996,104.795
1,585.083,101.85,112.153,0.952,1.03,0.968,11.657,104.96,114.789,110.56,0.998,1.12,1.137,11.358,109.402
1,585.249,117.901,114.997,0.951,1.06,1.138,10.686,102.471,105.008,117.523,1.044,0.998,1.102,10.934,110.243
3,585.353,117.646,1.031,10.666,105.248,109.987,107.458,104.367,104.086,1.106,11.822,112.383,104.462,112.807,105.509
2,586.593,105.653,108.614,98.784,106.338,1.166,98.934,10.444,99.631,101.515,105.232,110.872,1.084,104.79,9.656
3,586.689,115.117,1.082,11.154,110.581,101.272,111.989,109.315,103.186,1.051,10.216,113.607,97.937,98.365,112.268
3,587.874,108.943,1.154,10.898,111.85,102.777,107.534,99.154,104.181,1.149,11.252,103.864,108.847,107.575,114.479
1,588.137,101.503,109.815,0.944,1.139,1.003,11.437,101.936,114.676,113.779,0.937,1.056,1.101,10.397,105.431
3,588.334,110.059,1.129,10.746,111.609,101.272,115.544,102.95,102.206,1.024,11.6,107.143,103.117,107.256,107.908
2,588.61,99.817,102.869,99.454,101.731,0.989,97.227,10.45,97.745,102.781,98.434,102.132,1.052,95.709,9.479
2,588.619,109.581,102.495,108.097,109.357,1.077,100.834,10.294,105.774,104.091,108.575,109.369,1.025,99.249,10.519
1,588.716,109.016,100.647,0.94,1.128,1.089,11.312,101.306,108.024,112.526,1.063,1.124,1.029,10.819,110.734
2,589.218,104.588,109.104,106.085,108.768,1.069,100.786,9.797,106.798,98.026,107.138,99.199,1.076,93.715,10.571
2,589.534,103.823,112.517,96.145,115.922,1.072,108.293,11.115,114.825,111.681,95.292,103.702,1.05,103.332,9.626
4,589.989,1.096,108.074,10.176,10.671,10.841,10.194,101.832,1.067,97.563,10.55,10.824,9.868,9.369,108.505
3,591.31,100.959,1.075,10.366,99.737,109.356,110.115,101.633,113.524,1.175,11.217,104.784,107.401,100.517,107.414
3,591.596,106.09,1.047,11.854,112.267,112.644,111.22,99.755,112.23,1.155,11.322,101.298,113.127,111.354,110.891
1,591.695,107.252,107.281,1.059,1.104,0.971,11.568,107.63,100.916,115.174,1.045,0.987,1.115,10.569,100.409
4,592.448,1.099,112.546,9.266,10.279,10.877,10.629,103.096,1.039,104.998,10.322,10.951,10.712,9.277,99.738
1,592.509,114.128,114.671,1.019,1.105,1.056,11.261,108.334,105.797,115.18,1.079,1.03,0.989,10.501,101.319
1,593.795,100.148,115.625,1.021,1.052,1.094,10.356,101.617,115.616,103.94,0.987,1.001,1.096,10.928,110.366
4,593.821,0.954,111.148,9.759,11.105,9.395,10.828,99.04,0.99,110.221,10.266,10.228,9.758,9.764,114.649
1,594.654,101.654,107.645,0.973,0.986,1.116,10.368,110.02,112.461,109.968,1.027,1.132,0.978,10.129,115.035
2,595.512,113.958,112.535,93.506,101.27,1.134,105.126,10.811,102.201,99.202,101.146,102.52,1.087,108.827,10.659
1,595.835,115.616,106.556,0.956,1.06,1.117,10.601,114.433,108.74,103.763,0.998,0.978,1.039,10.843,114.87
1,595.867,105.212,116.118,0.942,1.113,1.071,11.605,100.977,116.174,116.995,0.947,1.032,1.13,10.454,117.718
2,596.239,110.878,104.626,102.432,117.186,1.071,101.932,10.755,103.88,103.765,96.985,108.938,1.103,107.203,10.896
2,597.204,105.492,114.297,109.424,101.579,1.058,100.514,11.047,110.352,106.39,109.112,116.011,1.106,94.903,11.151
2,597.214,99.747,108.128,110.162,108.47,1.011,98.078,10.427,110.664,100.223,97.091,108.679,1.042,103.479,10.332
4,597.306,1.003,111.413,9.51,10.877,10.014,9.963,106.2,1.121,103.818,10.812,9.778,10.048,10.338,114.531
2,598.024,111.001,104.201,97.694,104.602,1.097,94.26,9.607,105.201,97.801,110.57,103.598,1.076,92.973,11.018
1,599.215,110.231,100.234,0.947,1.029,1.141,11.029,105.791,117.685,109.249,0.961,1.016,1.032,11.73,105.942
3,599.313,118.179,1.079,11.783,102.763,102.718,113.388,101.91,115.519,1.109,11.003,109.144,113.798,98.591,101.158
4,599.7,0.966,100.577,9.356,10.239,10.347,9.849,106.594,1.05,95.724,10.502,10.854,10.232,9.196,102.542
4,600.217,1.116,109.708,9.19,9.801,10.307,9.386,101.462,1.018,96.661,9.676,10.951,10.686,9.304,101.588
1,600.453,117.352,101.247,1.076,1.112,1.093,11.27,111.437,117.473,115.661,0.987,0.986,0.998,11.5,114.473
4,600.455,0.997,103.604,10.114,10.127,9.278,10.799,110.646,1.043,98.059,9.373,10.14,9.635,9.406,111.146
1,601.188,102.556,109.955,1.018,1.052,0.989,11.026,111.668,104.994,110.541,1.102,1.084,1.137,10.925,115.878
4,601.247,1.01,103.426,10.526,10.524,10.859,9.649,103.494,1.002,111.274,9.247,10.354,10.298,9.993,110.199
1,602.157,117.485,114.13,0.943,1.055,0.967,10.244,102.438,107.494,106.556,1.087,1.096,1.029,11.01,110.944
4,602.689,1.035,100.713,9.216,9.381,10.227,10.782,111.295,1.06,99.385,9.73,9.657,10.439,9.776,103.107
1,602.785,117.718,113.803,1.112,1.062,1.024,10.821,106.367,116.512,110.256,1.096,1.014,1.136,11.596,110.944
3,602.807,105.8,1.074,11.075,113.743,109.837,98.296,111.498,114.268,1.101,11.724,99.641,100.254,103.399,109.264
1,603.143,116.75,105.318,1.045,1.051,1.051,10.736,111.345,117.869,99.685,0.974,1.111,0.979,11.142,107.261
2,603.22,110.32,97.523,104.166,102.0,1.139,98.882,10.16,111.812,106.933,100.161,108.186,1.025,101.496,10.717
2,603.436,112.666,114.226,100.985,104.3,1.05,95.76,10.485,101.765,112.289,98.263,109.705,1.052,96.365,9.94
1,603.543,111.034,101.297,0.959,0.976,1.105,10.098,111.597,109.011,104.035,0.977,1.047,1.099,11.491,116.53
2,603.646,99.393,104.14,100.166,108.6,1.037,99.849,10.155,104.338,103.749,94.091,112.172,1.047,109.322,10.219
2,604.028,115.564,109.097,108.028,114.432,1.052,101.217,11.2,102.185,114.497,101.687,110.197,1.12,100.916,10.022
3,604.203,103.43,1.136,11.545,113.757,110.561,106.646,108.029,101.056,1.164,10.812,106.053,98.08,99.228,107.757
1,604.784,113.414,111.355,1.024,1.062,1.001,11.395,100.187,114.822,115.649,0.978,1.049,0.973,11.371,103.637
2,604.969,115.336,101.984,106.441,117.083,1.11,109.035,10.272,110.752,97.191,100.699,110.122,1.158,98.349,10.521
3,605.344,102.089,1.0,10.721,108.288,98.84,100.016,106.145,113.494,1.066,10.79,114.984,106.95,105.638,101.303
4,605.494,1.028,110.502,10.71,9.472,9.959,9.698,99.936,1.035,105.773,10.059,10.904,10.373,10.2,103.048
1,605.854,117.083,104.864,1.113,1.018,1.07,10.238,104.421,100.572,110.085,1.061,1.13,1.021,11.39,117.485
1,606.178,117.649,107.192,0.952,1.09,1.055,11.573,106.764,102.952,102.804,1.008,1.009,1.033,10.891,117.094
4,606.232,1.03,104.616,9.902,9.946,10.451,10.327,107.209,0.952,102.171,10.698,10.126,9.726,10.571,112.682
2,607.364,111.747,108.614,105.955,104.744,1.087,107.04,10.132,112.782,108.95,96.717,102.775,0.998,101.623,9.892
4,607.562,1.001,101.061,9.621,9.956,9.663,9.587,116.384,1.123,113.154,10.266,9.802,10.863,10.692,106.737
1,607.634,100.301,111.962,0.975,1.145,1.084,9.918,116.475,107.666,100.06,0.992,1.137,1.014,10.457,117.858
3,607.814,111.002,1.146,11.661,98.436,101.177,98.611,113.832,103.023,1.038,10.118,106.609,111.526,109.658,103.312
2,607.901,99.199,107.914,105.0,101.765,1.068,102.775,10.952,115.447,99.444,100.08,100.246,1.157,96.107,9.986
3,607.935,108.978,1.097,11.765,102.391,107.322,98.335,112.489,115.392,1.073,10.246,105.489,105.233,112.715,107.688
3,609.176,110.049,1.165,11.337,103.556,110.975,104.43,113.396,102.306,1.157,10.521,114.879,98.316,98.296,101.966
1,609.232,116.899,117.004,1.049,1.043,1.067,10.001,116.925,112.063,103.338,1.007,1.109,1.118,11.474,103.792
4,610.018,0.955,104.82,9.333,9.386,10.607,10.836,106.2,1.096,99.872,10.435,11.128,10.297,10.151,107.209
4,610.947,0.986,111.292,9.578,10.495,9.344,9.993,113.38,1.034,101.475,9.962,10.027,10.523,10.635,110.465
1,611.241,109.415,102.764,1.042,0.973,1.061,11.61,107.518,103.866,109.811,1.034,0.984,1.028,10.178,117.772
4,611.678,0.959,113.081,9.984,9.601,9.554,9.249,109.262,0.952,107.107,9.356,10.51,10.958,10.246,99.863
3,611.681,100.546,1.086,11.006,112.768,101.981,103.83,102.122,113.884,1.147,10.076,97.98,97.808,99.814,106.683
1,611.967,107.558,104.591,1.012,1.017,1.138,11.089,110.944,108.12,117.99,1.038,1.044,1.075,10.92,102.606
4,612.019,0.981,105.74,10.54,10.875,10.986,10.672,103.048,1.052,110.239,10.808,10.939,10.856,10.119,104.6
3,612.649,112.23,1.097,10.707,102.152,96.64,107.328,105.018,100.962,1.123,10.03,116.025,112.642,107.791,111.858
3,612.881,110.37,1.177,10.703,101.355,96.924,101.462,102.197,104.431,1.087,11.446,109.112,113.576,113.703,108.878
3,613.349,108.351,1.151,10.863,114.926,102.862,109.049,102.506,100.546,1.123,11.217,104.684,102.52,107.458,113.286
4,613.717,1.057,103.662,10.535,9.894,10.164,10.418,103.955,1.023,97.828,9.707,9.412,9.718,9.402,110.074
2,613.925,114.864,108.95,95.304,105.18,1.072,104.559,9.789,105.896,113.719,94.902,104.3,1.129,105.076,10.777
3,614.199,101.576,1.115,10.897,105.489,111.704,109.951,100.09,117.362,1.048,10.623,100.719,111.042,114.809,102.597
3,614.754,105.892,1.056,10.23,102.232,99.564,115.153,106.561,104.545,1.104,10.653,99.274,112.471,110.051,106.9
1,615.509,111.735,102.286,0.976,1.113,0.987,11.464,100.544,118.278,116.359,0.999,1.063,1.047,11.541,117.4
3,615.954,112.299,1.165,10.751,114.591,111.674,101.838,99.803,111.806,1.115,11.189,104.661,110.354,98.221,114.919
4,616.387,0.999,105.823,9.602,9.957,10.996,10.057,104.105,1.01,101.136,9.855,10.337,9.509,10.446,101.258
1,616.51,112.461,99.58,0.994,1.067,1.048,9.988,116.732,113.846,114.997,1.101,1.013,1.057,9.932,110.793
3,616.602,104.671,1.152,10.685,98.339,111.995,111.68,100.58,115.519,1.108,10.818,101.08,104.422,100.836,106.335
1,617.036,114.522,113.075,0.963,1.051,1.011,11.374,101.43,116.591,102.354,1.028,1.05,0.966,10.163,108.411
2,617.053,101.865,102.605,95.881,100.04,1.082,92.98,10.656,98.148,112.142,109.112,116.095,1.036,104.253,10.231
4,617.234,1.106,103.237,9.273,10.093,10.831,10.103,116.628,1.113,109.708,10.758,10.179,10.434,10.063,113.985
1,618.362,113.606,108.653,1.075,0.971,1.125,10.313,114.626,102.29,117.198,1.095,1.004,1.08,10.248,106.367
3,619.532,109.344,1.156,10.445,115.942,105.924,104.36,99.994,117.595,1.123,10.859,101.999,98.416,112.578,114.345
1,619.853,112.204,103.946,0.937,1.093,1.085,11.464,104.991,103.236,114.927,1.038,1.13,1.041,10.748,118.284
2,620.608,112.139,113.39,95.075,104.03,1.036,108.463,10.411,108.185,114.698,104.46,114.833,1.099,98.144,11.003
3,621.125,104.513,1.089,11.362,98.365,98.343,100.818,102.419,103.472,1.15,11.205,112.47,104.902,115.798,107.688
4,621.194,1.099,106.511,9.496,9.857,9.635,10.057,100.785,1.093,103.387,10.538,11.118,10.785,10.006,110.147
3,621.628,112.143,1.162,10.582,115.439,103.864,104.444,111.53,110.46,1.062,11.29,99.382,104.422,114.364,106.579
1,622.177,101.503,115.492,0.973,1.072,1.034,11.637,115.674,107.398,107.448,1.045,1.067,1.007,10.326,113.401
3,622.342,107.244,1.16,11.461,103.257,105.289,99.849,113.211,102.857,1.053,11.782,107.862,97.331,107.058,105.237
2,622.783,115.35,104.836,109.482,99.772,1.129,104.144,10.617,99.578,97.237,102.014,108.887,1.098,95.53,9.842
3,623.203,109.672,1.045,10.354,101.942,104.249,112.626,105.947,115.308,1.138,10.996,107.39,101.037,110.026,99.373
2,624.644,106.423,106.886,105.7,99.211,1.142,96.905,9.989,101.945,100.518,100.584,115.38,0.988,98.161,10.154
4,624.773,1.035,110.094,10.758,9.859,10.054,9.151,113.542,0.999,105.737,10.869,10.719,9.927,10.518,109.993
4,624.778,1.075,106.196,10.872,10.091,10.791,9.399,116.476,1.054,97.615,9.492,9.739,10.525,10.281,106.247
1,625.44,117.438,112.859,1.07,0.983,1.132,10.616,117.552,118.147,113.518,1.055,0.975,1.0,11.157,109.21
1,626.463,114.871,106.402,1.0,1.019,1.033,10.168,110.565,104.453,99.404,1.042,1.137,1.116,10.194,115.308
1,626.722,109.415,107.192,1.094,1.051,1.145,11.393,104.175,111.164,111.124,1.027,1.025,0.978,10.953,101.981
1,626.875,114.869,109.437,1.019,0.969,1.094,10.492,101.941,109.327,108.522,1.096,0.992,0.972,10.901,115.636
2,626.98,108.356,106.311,98.802,113.49,1.165,96.661,10.306,112.046,115.108,93.065,111.769,1.135,102.986,10.926
1,626.982,118.628,110.416,0.968,0.993,1.03,10.162,103.968,114.07,116.19,1.094,1.076,1.051,10.764,107.636
4,627.07,0.95,109.783,9.349,10.073,9.311,10.057,108.552,0.994,106.254,10.807,9.634,10.427,10.0,112.603
2,627.09,113.268,112.227,104.471,113.14,1.06,97.157,10.398,113.942,105.972,108.325,108.83,1.012,99.67,10.7
4,627.997,1.021,96.3,10.832,9.575,9.539,10.28,99.532,1.036,110.959,9.294,10.192,10.813,9.758,109.037
3,628.078,105.234,1.043,10.673,105.215,100.586,114.671,102.869,100.06,1.068,10.512,116.144,98.324,114.368,98.516
3,628.627,117.137,1.094,11.219,111.121,105.928,105.583,101.681,111.404,0.999,11.842,109.846,102.53,105.872,105.868
3,630.478,116.469,1.073,11.742,98.591,99.722,110.606,98.117,111.363,1.061,11.372,102.763,110.78,111.692,104.498
3,630.905,107.263,1.03,10.089,109.766,107.194,101.844,102.721,104.164,1.147,10.547,103.355,98.51,107.927,105.717
3,631.162,118.185,1.124,10.399,108.763,97.688,109.053,100.568,105.906,1.006,10.145,111.188,100.538,111.176,108.06
2,631.506,108.574,101.925,107.952,108.609,1.111,93.766,10.219,105.383,108.561,103.8,104.342,1.034,104.896,10.022
2,632.208,104.139,99.866,96.135,107.326,1.157,95.654,9.701,112.648,114.7,108.325,109.796,1.073,96.647,11.072
4,632.672,1.008,105.865,10.79,9.774,10.385,10.044,110.851,0.961,98.605,9.644,9.509,9.372,10.296,113.242
4,633.111,0.98,110.46,9.815,10.901,10.762,10.03,105.903,1.087,100.69,9.518,10.664,9.777,10.394,115.849
3,633.247,111.144,1.141,10.195,104.622,110.898,103.053,99.584,99.519,1.012,10.899,97.883,106.963,99.814,96.992
2,633.398,104.39,104.804,103.697,100.015,1.073,94.287,9.885,112.998,114.645,93.51,100.134,1.066,97.656,10.52
3,633.557,107.35,1.061,11.801,100.314,97.146,115.292,103.46,105.942,1.099,10.114,98.361,98.305,112.479,113.648
4,633.937,0.99,109.33,9.217,10.614,9.485,9.748,114.024,1.093,105.773,9.787,10.885,9.266,9.173,111.584
3,634.482,113.169,1.007,11.123,110.794,109.655,109.008,98.931,109.244,1.065,10.587,97.908,105.088,114.788,112.169
4,634.6,1.057,96.26,9.955,11.05,9.399,10.226,99.84,1.048,100.612,9.888,10.471,10.952,9.242,109.608
3,635.151,107.072,1.086,10.114,103.545,103.009,109.809,112.008,104.303,1.062,10.172,112.687,111.734,107.528,103.921
4,635.229,1.006,102.466,10.106,10.153,10.061,9.83,98.661,1.018,96.396,10.641,10.837,10.638,9.467,103.723
2,635.28,109.861,113.719,105.257,108.656,1.03,108.733,9.894,98.029,102.371,105.908,103.24,1.14,105.605,9.906
2,635.465,114.64,102.483,96.386,109.259,1.09,96.904,11.096,108.712,109.679,97.659,117.151,1.01,98.746,9.721
3,636.174,99.77,1.157,10.548,105.85,97.101,108.815,113.59,116.887,1.153,10.166,110.215,107.027,114.528,105.844
2,636.268,115.706,107.631,108.575,103.189,1.051,105.953,9.78,110.202,111.98,100.462,113.964,1.072,103.702,9.66
3,636.702,102.277,1.149,11.409,103.849,103.27,111.408,110.327,108.863,1.122,11.771,104.196,112.612,115.193,98.637
2,638.105,103.942,104.375,105.489,102.531,0.988,96.762,10.17,106.611,105.365,93.399,116.407,1.064,99.628,9.566
4,639.708,1.092,103.68,9.874,9.759,10.841,10.825,115.309,1.011,96.22,9.506,10.086,9.74,9.295,115.091
4,639.974,1.071,112.362,10.359,10.577,10.928,10.087,116.554,1.125,107.443,10.222,10.44,10.301,9.277,105.335
4,640.284,0.964,107.898,10.161,10.027,10.859,9.758,108.463,1.114,107.732,9.51,10.781,9.958,9.318,99.84
3,640.673,103.66,1.057,11.477,100.585,114.196,101.154,105.177,101.632,1.164,10.466,103.782,98.909,103.561,109.707
2,640.968,103.504,109.123,100.356,107.454,1.059,99.707,10.941,111.302,99.223,107.643,110.009,1.091,101.208,11.2
2,641.627,111.836,114.313,94.703,110.591,1.145,94.844,9.812,108.601,112.608,100.239,100.279,0.986,98.524,11.196
4,641.75,1.054,96.689,9.593,9.942,10.079,9.701,99.676,0.966,100.434,9.782,10.678,9.295,10.733,116.243
2,642.296,111.672,102.087,105.531,104.852,1.077,98.038,10.729,104.54,96.869,107.877,111.992,1.168,93.343,10.545
3,642.351,106.579,1.07,10.227,99.261,112.181,111.269,97.634,112.851,1.054,11.492,114.733,97.218,102.497,101.093
2,643.677,100.16,97.484,102.662,102.43,1.084,98.203,10.059,116.076,100.267,98.79,104.744,1.036,105.527,9.495
2,647.196,111.787,109.964,96.11,110.305,1.052,95.484,10.798,98.206,112.225,94.354,116.719,1.038,92.459,9.518
2,647.463,114.428,110.652,106.866,107.659,1.091,94.712,9.665,104.989,106.86,95.092,102.819,1.034,92.301,9.693
2,647.574,105.943,112.999,104.335,99.459,1.157,107.04,10.656,105.12,97.46,110.13,101.927,1.055,109.161,9.549
4,648.084,1.018,101.385,9.492,9.572,9.357,9.285,109.532,0.954,97.007,9.467,9.587,10.946,10.695,100.868
2,648.351,115.652,108.502,109.299,109.172,0.999,92.872,9.602,98.415,99.646,106.165,104.563,1.011,100.95,9.656
3,648.885,108.87,0.999,10.18,107.443,110.561,105.605,108.737,102.551,1.119,10.622,98.203,113.169,111.656,107.688
2,649.382,101.576,98.723,94.86,106.653,1.057,104.387,10.99,108.448,110.384,104.058,105.997,1.072,98.055,10.097
3,649.506,99.933,1.042,10.014,101.007,101.488,99.004,104.361,110.553,0.996,11.854,110.701,112.312,105.137,109.715
3,649.941,106.398,1.139,11.109,114.382,105.838,99.213,103.972,115.705,1.084,10.334,99.408,102.042,98.02,113.812
3,649.975,100.24,1.151,11.252,113.853,107.519,105.038,107.043,100.5,1.004,10.453,115.68,105.171,105.164,104.045
2,650.585,114.25,98.221,94.077,102.606,1.142,92.686,10.867,112.568,108.416,96.766,111.594,1.11,107.051,10.898
2,650.865,114.544,112.225,103.088,113.16,1.006,102.137,10.212,100.343,104.263,98.798,115.475,0.999,102.327,11.034
2,651.831,103.814,104.228,108.316,114.277,0.985,107.736,10.55,112.126,104.953,100.278,101.876,1.124,96.171,10.675
3,652.067,114.253,1.005,10.61,97.964,97.203,108.893,108.73,100.205,1.005,11.771,110.165,110.509,113.344,112.537
3,652.138,115.766,1.012,10.453,100.953,102.822,107.041,106.409,110.821,1.115,10.433,110.375,111.914,98.175,104.794
3,652.239,101.495,0.998,11.091,102.491,103.727,101.024,101.994,112.228,1.1,11.135,110.582,108.327,115.815,99.126
2,652.961,107.344,98.988,104.245,112.039,1.012,106.7,10.963,98.422,103.57,93.476,102.655,1.057,108.832,11.035
2,653.644,102.566,106.043,102.391,114.069,1.095,99.415,10.892,104.828,102.781,103.969,103.185,1.066,99.224,10.229
4,654.141,1.088,96.556,10.038,9.826,9.461,9.585,113.389,1.074,100.402,9.505,10.887,9.986,10.78,107.673
3,654.775,107.35,1.112,11.721,109.368,108.214,112.996,97.381,115.157,1.079,10.122,104.013,113.011,99.082,114.873
3,655.424,102.446,1.173,11.319,101.181,112.153,103.12,110.471,112.126,1.032,11.742,100.238,100.401,115.173,101.013
2,657.13,113.517,99.855,94.933,113.391,1.149,108.886,10.652,106.955,102.443,104.756,106.653,0.998,96.597,9.923
3,657.159,113.615,1.048,11.403,110.748,103.561,103.705,108.419,103.726,1.136,11.796,101.007,105.998,102.911,96.657
4,658.238,0.956,112.135,9.449,10.608,10.599,9.355,110.831,1.059,97.229,10.619,10.686,9.297,9.785,113.985
3,658.683,107.989,1.127,11.215,101.955,106.564,109.809,103.195,100.737,1.166,11.154,103.036,105.461,114.683,113.832
3,659.383,110.378,1.151,10.767,114.674,104.265,109.809,108.987,113.452,1.015,11.893,105.816,102.721,100.412,104.795
4,659.761,1.077,101.392,9.951,9.989,9.529,9.764,102.34,0.971,99.469,9.994,11.092,10.047,9.805,107.754
3,659.9,107.847,1.107,10.353,115.414,103.232,103.379,113.396,103.42,1.169,10.859,102.015,101.992,105.724,97.997
2,659.955,104.161,112.535,105.884,117.691,0.99,96.301,10.349,103.063,109.707,110.003,111.446,1.049,95.484,10.666
4,660.372,1.044,99.011,9.995,10.698,9.991,9.291,107.209,1.059,109.298,10.049,9.913,10.565,9.198,100.241
3,660.417,110.006,1.077,10.924,101.881,101.466,106.124,109.385,104.303,1.172,11.216,112.692,99.713,107.041,110.808
3,661.461,101.902,1.096,11.733,98.591,97.766,100.474,112.431,101.51,1.104,10.647,108.167,110.561,114.631,110.591
2,661.554,114.536,101.806,108.158,111.218,1.157,108.057,10.232,107.668,98.493,96.542,108.596,1.166,97.852,10.774
2,661.591,109.302,100.489,95.646,116.958,1.134,102.721,10.898,111.672,102.593,95.672,100.489,1.036,96.927,9.701
3,661.826,110.51,1.121,10.927,104.784,99.737,103.999,102.851,102.315,1.101,11.573,110.255,104.966,106.841,109.302
4,662.258,0.961,111.37,10.066,10.776,10.859,10.401,105.372,1.127,99.018,10.427,9.504,9.517,10.004,108.38
2,662.323,115.69,105.825,100.636,99.524,1.093,99.181,9.77,104.907,113.148,105.668,104.279,1.022,96.188,10.741
3,662.649,103.66,1.103,11.495,104.017,111.656,113.925,111.264,109.67,1.138,10.845,101.073,101.029,102.065,102.122
3,662.969,100.763,1.138,10.435,100.015,102.718,104.396,112.711,100.441,1.072,10.979,100.822,114.352,106.972,114.641
4,663.059,1.066,109.804,9.213,10.085,9.412,10.463,116.532,1.11,108.548,10.76,10.907,9.529,10.222,105.968
2,663.278,100.791,98.1,99.11,115.475,1.088,99.192,9.815,112.332,99.138,108.634,100.015,1.14,103.247,9.988
2,663.907,100.346,97.696,99.901,111.414,1.11,102.991,10.823,103.046,99.746,96.204,109.653,1.108,104.692,10.215
4,665.681,0.965,98.585,9.605,10.279,10.771,9.993,113.423,1.113,112.933,9.203,9.913,10.963,10.695,106.554
2,666.25,107.34,114.642,107.01,116.224,1.1,102.061,11.154,104.795,104.466,97.233,115.42,1.076,107.505,10.648
4,667.044,1.046,102.797,9.273,10.447,10.65,9.501,104.609,0.975,109.882,9.574,10.841,10.599,10.518,103.62
4,667.067,0.963,101.709,9.284,10.951,9.733,10.024,100.005,1.107,96.661,10.29,10.835,10.109,10.28,116.554
4,669.303,1.016,100.64,9.895,10.689,10.749,10.728,108.954,1.076,113.389,9.474,9.504,10.367,10.209,110.579
2,670.392,100.296,104.228,108.489,111.331,1.038,97.69,9.745,113.255,111.623,100.713,100.072,1.12,103.657,10.438
4,670.707,1.036,105.059,9.449,10.306,9.973,10.026,103.56,0.972,100.612,9.343,10.775,10.618,9.217,108.647
4,670.735,1.092,100.49,9.62,9.803,9.53,9.291,104.739,1.026,107.029,9.644,11.002,10.597,9.392,99.857
2,671.531,100.346,108.46,95.036,113.691,1.072,109.63,9.728,97.676,105.478,96.375,112.345,1.03,94.362,10.076
4,671.938,1.1,101.683,10.675,9.894,10.077,9.513,104.783,1.061,108.095,10.782,10.751,10.894,10.167,108.611
4,672.079,0.976,105.277,9.987,10.654,9.95,10.786,109.017,1.057,112.431,10.727,10.558,9.745,10.223,101.836
4,672.132,1.08,98.648,9.218,9.765,9.353,10.587,106.2,1.008,100.76,9.762,10.234,9.339,9.217,105.968
4,673.675,1.126,96.967,9.256,10.486,9.423,9.3,108.426,1.022,111.905,10.585,9.517,10.466,9.294,116.014
4,674.515,1.059,97.721,9.962,9.39,9.809,9.806,106.759,0.986,104.26,9.987,9.468,9.954,10.501,102.469
4,675.442,1.057,99.176,9.579,10.796,9.537,10.119,102.295,0.982,103.68,9.942,10.06,9.594,10.44,104.873
4,675.646,0.951,109.247,9.945,10.608,10.451,10.754,99.783,0.974,105.74,10.224,10.447,10.307,9.764,98.876
4,676.583,1.121,102.473,10.584,9.387,10.871,9.236,101.867,1.071,107.283,9.492,10.913,9.373,10.391,100.713
4,676.681,1.049,95.928,9.399,10.503,10.791,10.747,105.114,1.033,100.116,9.275,10.179,10.312,10.855,110.946
4,678.564,1.018,109.429,9.644,9.537,9.605,9.965,103.149,1.074,103.821,9.454,10.898,9.323,9.677,112.592
4,679.206,1.078,103.33,10.878,10.152,10.489,10.807,109.977,0.982,99.715,10.013,9.547,10.25,10.656,109.929
4,679.44,1.062,102.375,9.565,9.442,10.465,9.184,104.168,1.081,108.957,10.011,9.895,9.628,10.088,104.418
4,680.084,1.101,107.029,9.908,10.624,10.232,9.598,104.669,1.087,104.97,10.855,9.621,10.51,9.733,107.21
4,680.819,1.058,98.88,9.892,10.452,10.335,10.695,101.9,1.013,98.116,10.066,10.67,10.678,9.82,105.545
2,681.189,97.7,114.617,96.145,99.214,1.149,103.657,9.688,112.057,110.085,109.788,103.569,1.073,93.576,10.482
2,681.433,108.185,107.866,100.166,111.661,1.071,109.103,11.149,113.517,98.918,101.099,107.808,1.049,94.033,10.882
2,681.484,102.203,113.521,100.529,114.564,1.136,102.317,9.695,106.126,111.892,103.238,108.656,0.987,99.013,9.716
2,682.215,109.997,105.594,97.659,103.202,0.998,107.912,10.155,114.012,103.676,109.197,113.447,1.036,96.832,10.602
4,682.525,0.994,100.977,9.719,10.968,9.771,9.654,116.628,1.04,112.251,9.213,9.72,10.996,10.245,111.602
2,682.877,110.683,103.43,106.818,112.241,1.043,99.657,10.74,101.765,114.508,105.401,114.959,1.017,104.883,10.952
2,682.99,103.046,114.617,101.666,106.038,1.088,93.635,10.509,107.13,99.373,96.571,107.463,1.027,103.308,9.852
4,684.424,1.112,109.428,9.294,10.783,10.157,9.683,113.838,0.968,99.011,9.803,9.643,9.445,10.183,109.63
4,684.497,1.03,112.455,10.31,10.428,9.278,9.523,110.091,1.066,110.094,10.565,9.774,10.161,10.457,103.37
4,685.074,1.127,107.235,10.532,10.533,10.358,10.307,115.94,0.982,106.82,10.832,9.763,10.148,10.141,102.389
4,686.08,1.071,96.445,9.574,10.271,9.473,9.733,111.206,1.044,105.164,10.639,10.19,9.812,10.486,102.469
2,686.321,108.025,105.856,106.54,106.189,1.065,94.423,9.638,112.124,100.031,93.185,109.494,1.14,103.447,9.674
4,686.696,0.991,97.432,10.033,10.362,9.789,9.318,105.497,1.022,106.254,10.816,10.395,10.54,10.21,115.94
4,687.58,0.97,101.002,10.327,10.721,10.702,10.039,105.382,0.964,97.289,9.184,10.603,9.352,9.181,101.981
4,688.099,1.049,113.039,10.152,10.721,10.176,10.695,106.925,0.974,107.577,9.197,10.79,9.844,10.548,116.665
2,689.066,101.052,112.044,96.542,110.806,1.157,95.9,10.881,104.29,107.841,104.403,113.5,1.143,100.646,9.957
2,689.201,103.615,107.445,97.138,115.628,1.051,92.323,10.78,105.151,101.085,109.225,101.585,1.096,93.032,10.727
2,689.346,104.076,113.521,100.714,114.499,1.07,100.637,9.649,100.232,108.651,101.016,110.197,0.985,106.077,11.006
4,689.406,1.009,110.109,10.583,10.005,10.713,9.166,114.031,1.091,110.549,9.349,10.667,9.7,10.23,107.991
2,689.583,115.049,112.608,98.179,108.524,1.112,104.911,9.519,98.705,105.775,103.155,105.011,1.043,103.308,10.981
2,690.237,108.56,102.556,99.434,112.319,1.149,107.916,10.156,102.191,102.957,100.498,105.362,1.031,101.35,11.181
4,691.459,0.963,108.293,10.104,9.777,9.845,9.318,115.801,1.043,109.788,10.238,10.008,10.538,10.038,104.02
4,691.687,0.98,102.306,9.295,11.118,9.481,9.218,102.165,1.073,101.982,9.769,9.585,10.546,10.642,102.731
2,693.47,103.423,103.08,104.708,116.958,1.017,103.625,10.837,108.013,105.365,105.05,110.812,1.034,104.548,10.085
4,693.483,1.06,102.797,9.891,9.995,10.281,9.764,103.099,1.058,113.081,9.763,10.841,9.418,10.148,113.985
2,695.425,115.049,99.463,93.041,109.536,1.122,105.122,9.751,108.712,101.312,97.233,108.788,1.06,92.686,11.052
4,695.458,1.073,113.212,9.275,9.432,10.065,9.556,100.14,1.036,98.558,9.679,9.37,9.412,9.667,98.819
2,695.506,107.967,105.821,104.401,117.651,1.149,104.717,10.141,108.249,109.778,103.018,101.597,1.106,93.939,10.155
4,695.593,1.03,100.24,10.194,9.77,10.685,10.375,108.954,1.088,99.631,9.384,9.525,10.554,10.355,113.332
4,695.797,1.069,109.862,9.804,9.993,9.963,9.858,109.733,1.048,109.428,10.315,10.652,10.846,10.746,100.891
4,696.464,1.093,98.105,10.792,10.553,9.537,9.766,103.439,1.057,111.83,10.359,9.378,9.446,10.807,114.443
2,697.185,115.42,113.111,108.117,103.661,1.012,92.569,11.056,114.121,98.723,109.297,113.5,1.132,97.462,9.702
2,698.332,110.901,98.484,108.672,108.929,1.044,93.891,9.832,106.924,97.926,99.794,111.871,0.992,100.553,11.071
2,698.576,104.796,112.141,103.038,100.424,1.157,98.144,11.09,97.7,98.221,106.09,113.49,1.038,106.716,10.822
2,703.251,108.401,110.001,95.068,101.585,1.15,102.464,11.135,103.443,100.9,105.21,111.961,1.021,101.925,9.9
2,704.3,105.653,111.9,93.616,117.763,1.042,99.616,10.289,105.972,108.279,103.102,112.529,1.085,99.846,9.871
2,705.132,105.772,100.673,105.275,102.787,1.068,106.584,9.744,98.633,103.534,100.636,112.916,1.095,102.623,10.666
2,706.966,99.0,103.003,99.041,109.165,1.117,104.767,10.867,114.631,108.772,98.745,101.597,1.041,99.116,10.116
2,708.04,104.54,101.543,108.174,115.911,1.057,97.346,10.877,99.668,98.741,107.686,116.073,1.108,100.786,10.963
2,708.071,113.092,108.728,105.531,103.682,1.041,97.585,10.248,99.279,108.616,103.836,106.725,1.117,101.663,11.124
2,708.173,107.712,98.723,103.422,108.418,1.135,92.816,9.716,115.678,113.035,97.395,102.775,1.05,108.293,9.483
2,708.697,115.553,112.999,109.086,101.553,1.128,93.099,9.886,100.16,97.51,104.711,110.352,0.993,107.059,9.616
2,711.792,102.239,114.432,108.842,111.98,1.143,106.935,11.083,101.465,100.801,96.542,110.812,0.992,109.123,10.799
2,712.295,115.136,104.191,103.338,111.087,1.026,103.523,9.902,113.459,99.462,97.138,108.1,1.011,93.994,9.683
2,714.73,109.381,108.968,96.968,106.571,1.079,108.826,10.698,99.749,110.972,101.34,115.661,1.126,100.95,10.135
2,714.762,107.219,111.061,108.771,104.2,1.053,101.853,10.161,104.003,98.356,105.152,106.436,0.99,102.072,10.169
2,715.705,112.253,114.356,108.57,112.366,0.993,100.625,10.97,99.747,105.365,95.158,113.869,1.04,104.688,10.462
2,716.07,112.068,97.806,104.779,108.122,1.093,105.75,9.809,97.7,107.481,93.705,103.274,1.095,106.562,10.562
2,716.098,112.196,110.986,107.332,109.567,1.083,101.768,10.953,110.651,104.535,96.53,114.517,0.986,99.181,10.278
2,717.092,104.796,110.834,97.593,116.719,1.091,94.992,9.923,107.631,97.696,110.311,114.499,1.072,103.769,10.444
2,718.187,115.652,103.57,104.017,107.606,1.145,93.701,9.946,99.309,97.505,102.584,101.891,1.09,102.848,10.48
