id,type,urgency,status,assigned_machine,arrival_time,execution_time,energy_usage,start_time,completion_time,missed_time,deadline,extended_deadline
0,TT2,BESTEFFORT,COMPLETED,m4-1,0.053,"{'m1-1': 2.568, 'm2-1': 1.999, 'm3-1': 4.527, 'm4-1': 0.862}",1.293,0.053,0.915,inf,5.153,5.153
1,TT1,BESTEFFORT,COMPLETED,m4-1,0.077,"{'m1-1': 2.274, 'm2-1': 1.907, 'm3-1': 5.097, 'm4-1': 0.69}",1.035,0.915,1.605,inf,5.077,5.077
2,TT2,BESTEFFORT,COMPLETED,m2-1,0.112,"{'m1-1': 2.381, 'm2-1': 1.626, 'm3-1': 3.875, 'm4-1': 0.799}",4.878,0.112,1.738,inf,5.212,5.212
3,TT3,BESTEFFORT,COMPLETED,m4-1,0.223,"{'m1-1': 2.081, 'm2-1': 1.587, 'm3-1': 4.836, 'm4-1': 0.942}",1.4129999999999998,1.605,2.5469999999999997,inf,5.423,5.423
4,TT2,BESTEFFORT,COMPLETED,m1-1,0.334,"{'m1-1': 2.494, 'm2-1': 1.792, 'm3-1': 3.855, 'm4-1': 0.852}",3.9904000000000006,0.334,2.8280000000000003,inf,5.433999999999999,5.433999999999999
5,TT2,BESTEFFORT,COMPLETED,m4-1,0.492,"{'m1-1': 2.176, 'm2-1': 1.931, 'm3-1': 4.695, 'm4-1': 0.866}",1.299,2.5469999999999997,3.413,inf,5.592,5.592
6,TT1,BESTEFFORT,COMPLETED,m2-1,0.524,"{'m1-1': 2.133, 'm2-1': 1.727, 'm3-1': 5.06, 'm4-1': 0.734}",5.181,1.738,3.465,inf,5.524,5.524
7,TT4,BESTEFFORT,COMPLETED,m1-1,0.543,"{'m1-1': 1.78, 'm2-1': 1.394, 'm3-1': 4.898, 'm4-1': 0.755}",2.8480000000000003,2.8280000000000003,4.6080000000000005,inf,5.543,5.543
8,TT1,BESTEFFORT,COMPLETED,m2-1,0.547,"{'m1-1': 2.333, 'm2-1': 1.633, 'm3-1': 4.33, 'm4-1': 0.623}",4.899,3.465,5.098,inf,5.547,5.547
9,TT2,BESTEFFORT,COMPLETED,m3-1,0.594,"{'m1-1': 2.063, 'm2-1': 1.824, 'm3-1': 3.835, 'm4-1': 1.014}",6.9030000000000005,0.594,4.429,inf,5.694,5.694
10,TT4,BESTEFFORT,MISSED,m1-1,0.604,"{'m1-1': 1.91, 'm2-1': 1.71, 'm3-1': 4.934, 'm4-1': 1.001}",1.5935999999999995,4.6080000000000005,inf,5.604,5.604,5.604
11,TT3,BESTEFFORT,MISSED,m2-1,0.627,"{'m1-1': 2.149, 'm2-1': 1.681, 'm3-1': 5.325, 'm4-1': 0.785}",2.1870000000000003,5.098,inf,5.827,5.827,5.827
12,TT1,BESTEFFORT,MISSED,m1-1,0.715,"{'m1-1': 2.409, 'm2-1': 1.603, 'm3-1': 4.567, 'm4-1': 0.663}",0.17759999999999965,5.604,inf,5.715,5.715,5.715
13,TT3,BESTEFFORT,MISSED,m3-1,0.828,"{'m1-1': 1.949, 'm2-1': 1.464, 'm3-1': 5.574, 'm4-1': 0.809}",2.8782000000000005,4.429,inf,6.0280000000000005,6.0280000000000005,6.0280000000000005
14,TT4,BESTEFFORT,MISSED,m3-1,0.86,"{'m1-1': 2.054, 'm2-1': 1.52, 'm3-1': 5.066, 'm4-1': 0.801}",0.0,6.0280000000000005,inf,6.0280000000000005,5.86,5.86
15,TT4,BESTEFFORT,MISSED,m3-1,0.908,"{'m1-1': 1.793, 'm2-1': 1.469, 'm3-1': 4.353, 'm4-1': 0.948}",0.0,6.0280000000000005,inf,6.0280000000000005,5.908,5.908
16,TT1,BESTEFFORT,COMPLETED,m4-1,0.948,"{'m1-1': 2.138, 'm2-1': 1.576, 'm3-1': 4.504, 'm4-1': 0.806}",1.209,3.413,4.218999999999999,inf,5.948,5.948
17,TT4,BESTEFFORT,COMPLETED,m4-1,0.951,"{'m1-1': 1.981, 'm2-1': 1.888, 'm3-1': 5.138, 'm4-1': 0.792}",1.1880000000000002,4.218999999999999,5.010999999999999,inf,5.951,5.951
18,TT2,BESTEFFORT,MISSED,m2-1,0.954,"{'m1-1': 2.558, 'm2-1': 1.513, 'm3-1': 3.848, 'm4-1': 0.867}",0.6809999999999983,5.827,inf,6.053999999999999,6.053999999999999,6.053999999999999
19,TT2,BESTEFFORT,COMPLETED,m4-1,0.968,"{'m1-1': 2.35, 'm2-1': 1.891, 'm3-1': 4.527, 'm4-1': 0.931}",1.3965,5.010999999999999,5.941999999999999,inf,6.068,6.068
20,TT2,BESTEFFORT,MISSED,m4-1,1.123,"{'m1-1': 2.206, 'm2-1': 2.133, 'm3-1': 3.77, 'm4-1': 0.83}",0.0690000000000004,6.177,inf,6.223,6.223,6.223
21,TT3,BESTEFFORT,MISSED,m1-1,1.163,"{'m1-1': 1.883, 'm2-1': 1.656, 'm3-1': 5.526, 'm4-1': 0.79}",0.300800000000001,6.175,inf,6.363,6.363,6.363
22,TT2,BESTEFFORT,MISSED,m3-1,1.169,"{'m1-1': 2.315, 'm2-1': 2.115, 'm3-1': 4.039, 'm4-1': 0.956}",0.4337999999999994,6.0280000000000005,inf,6.269,6.269,6.269
23,TT4,BESTEFFORT,MISSED,m1-1,1.175,"{'m1-1': 1.764, 'm2-1': 1.827, 'm3-1': 4.016, 'm4-1': 0.926}",0.736,5.715,inf,6.175,6.175,6.175
24,TT1,BESTEFFORT,MISSED,m2-1,1.177,"{'m1-1': 1.995, 'm2-1': 1.853, 'm3-1': 4.87, 'm4-1': 0.682}",0.36900000000000066,6.053999999999999,inf,6.177,6.177,6.177
25,TT4,BESTEFFORT,MISSED,m4-1,1.177,"{'m1-1': 2.124, 'm2-1': 1.648, 'm3-1': 4.753, 'm4-1': 0.799}",0.3525000000000005,5.941999999999999,inf,6.177,6.177,6.177
26,TT3,BESTEFFORT,MISSED,m2-1,1.185,"{'m1-1': 2.266, 'm2-1': 1.295, 'm3-1': 5.407, 'm4-1': 0.832}",0.6240000000000006,6.177,inf,6.385,6.385,6.385
27,TT3,BESTEFFORT,MISSED,m1-1,1.195,"{'m1-1': 2.013, 'm2-1': 1.516, 'm3-1': 4.696, 'm4-1': 0.78}",0.05120000000000005,6.363,inf,6.3950000000000005,6.3950000000000005,6.3950000000000005
28,TT1,BESTEFFORT,MISSED,m4-1,1.381,"{'m1-1': 1.86, 'm2-1': 1.699, 'm3-1': 4.169, 'm4-1': 0.855}",0.23700000000000054,6.223,inf,6.381,6.381,6.381
29,TT1,BESTEFFORT,MISSED,m1-1,1.416,"{'m1-1': 2.625, 'm2-1': 1.52, 'm3-1': 3.627, 'm4-1': 0.808}",0.03359999999999985,6.3950000000000005,inf,6.416,6.416,6.416
30,TT4,BESTEFFORT,MISSED,m2-1,1.422,"{'m1-1': 2.264, 'm2-1': 1.846, 'm3-1': 4.418, 'm4-1': 1.053}",0.11099999999999977,6.385,inf,6.422,6.422,6.422
31,TT1,BESTEFFORT,MISSED,m4-1,1.425,"{'m1-1': 2.364, 'm2-1': 1.69, 'm3-1': 3.904, 'm4-1': 0.85}",0.06599999999999939,6.381,inf,6.425,6.425,6.425
32,TT1,BESTEFFORT,MISSED,m3-1,1.483,"{'m1-1': 2.206, 'm2-1': 1.728, 'm3-1': 4.564, 'm4-1': 0.647}",0.38520000000000076,6.269,inf,6.4830000000000005,6.4830000000000005,6.4830000000000005
33,TT4,BESTEFFORT,MISSED,m3-1,1.489,"{'m1-1': 2.423, 'm2-1': 1.892, 'm3-1': 4.285, 'm4-1': 0.763}",0.01079999999999881,6.4830000000000005,inf,6.489,6.489,6.489
34,TT2,BESTEFFORT,MISSED,m1-1,1.5,"{'m1-1': 2.122, 'm2-1': 1.636, 'm3-1': 3.997, 'm4-1': 0.738}",0.29439999999999883,6.416,inf,6.6,6.6,6.6
35,TT1,BESTEFFORT,MISSED,m3-1,1.508,"{'m1-1': 1.899, 'm2-1': 1.552, 'm3-1': 4.374, 'm4-1': 0.686}",0.03420000000000023,6.489,inf,6.508,6.508,6.508
36,TT3,BESTEFFORT,MISSED,m2-1,1.549,"{'m1-1': 2.26, 'm2-1': 1.273, 'm3-1': 4.582, 'm4-1': 1.004}",0.5670000000000002,6.5600000000000005,inf,6.7490000000000006,6.7490000000000006,6.7490000000000006
37,TT1,BESTEFFORT,MISSED,m2-1,1.56,"{'m1-1': 1.916, 'm2-1': 1.728, 'm3-1': 4.516, 'm4-1': 0.66}",0.41400000000000237,6.422,inf,6.5600000000000005,6.5600000000000005,6.5600000000000005
38,TT4,BESTEFFORT,MISSED,m4-1,1.638,"{'m1-1': 2.273, 'm2-1': 1.713, 'm3-1': 4.023, 'm4-1': 0.903}",0.3195000000000001,6.425,inf,6.638,6.638,6.638
39,TT4,BESTEFFORT,MISSED,m4-1,1.753,"{'m1-1': 2.112, 'm2-1': 1.808, 'm3-1': 3.778, 'm4-1': 0.777}",0.17250000000000032,6.638,inf,6.753,6.753,6.753
40,TT1,BESTEFFORT,MISSED,m3-1,1.799,"{'m1-1': 1.909, 'm2-1': 1.639, 'm3-1': 3.902, 'm4-1': 0.785}",0.523799999999999,6.508,inf,6.7989999999999995,6.7989999999999995,6.7989999999999995
41,TT1,BESTEFFORT,MISSED,m1-1,1.802,"{'m1-1': 2.131, 'm2-1': 1.497, 'm3-1': 3.72, 'm4-1': 0.754}",0.32319999999999993,6.6,inf,6.802,6.802,6.802
42,TT2,BESTEFFORT,MISSED,m4-1,1.844,"{'m1-1': 2.629, 'm2-1': 2.051, 'm3-1': 3.876, 'm4-1': 0.767}",0.28649999999999975,6.753,inf,6.944,6.944,6.944
43,TT2,BESTEFFORT,MISSED,m1-1,1.922,"{'m1-1': 2.05, 'm2-1': 2.07, 'm3-1': 4.98, 'm4-1': 0.79}",0.35199999999999965,6.802,inf,7.021999999999999,7.021999999999999,7.021999999999999
44,TT4,BESTEFFORT,MISSED,m2-1,1.954,"{'m1-1': 1.845, 'm2-1': 1.86, 'm3-1': 5.138, 'm4-1': 1.014}",0.6149999999999975,6.7490000000000006,inf,6.954,6.954,6.954
45,TT3,BESTEFFORT,MISSED,m3-1,1.988,"{'m1-1': 2.283, 'm2-1': 1.549, 'm3-1': 4.833, 'm4-1': 1.0}",0.700200000000002,6.7989999999999995,inf,7.188000000000001,7.188000000000001,7.188000000000001
46,TT2,BESTEFFORT,MISSED,m2-1,2.026,"{'m1-1': 1.908, 'm2-1': 1.734, 'm3-1': 4.456, 'm4-1': 0.828}",0.5159999999999991,6.954,inf,7.1259999999999994,7.1259999999999994,7.1259999999999994
47,TT3,BESTEFFORT,MISSED,m3-1,2.059,"{'m1-1': 2.416, 'm2-1': 1.484, 'm3-1': 5.555, 'm4-1': 0.825}",0.12779999999999953,7.188000000000001,inf,7.259,7.259,7.259
48,TT4,BESTEFFORT,MISSED,m1-1,2.074,"{'m1-1': 2.249, 'm2-1': 1.768, 'm3-1': 4.485, 'm4-1': 1.061}",0.08320000000000079,7.021999999999999,inf,7.074,7.074,7.074
49,TT1,BESTEFFORT,MISSED,m4-1,2.154,"{'m1-1': 2.434, 'm2-1': 1.741, 'm3-1': 5.077, 'm4-1': 0.857}",0.31499999999999995,6.944,inf,7.154,7.154,7.154
50,TT3,BESTEFFORT,MISSED,m2-1,2.172,"{'m1-1': 2.092, 'm2-1': 1.497, 'm3-1': 4.38, 'm4-1': 0.807}",0.7380000000000013,7.1259999999999994,inf,7.372,7.372,7.372
51,TT3,BESTEFFORT,MISSED,m4-1,2.245,"{'m1-1': 1.799, 'm2-1': 1.726, 'm3-1': 5.91, 'm4-1': 0.835}",0.43650000000000055,7.154,inf,7.445,7.445,7.445
52,TT4,BESTEFFORT,MISSED,m3-1,2.291,"{'m1-1': 1.751, 'm2-1': 1.888, 'm3-1': 5.094, 'm4-1': 0.777}",0.057600000000000054,7.259,inf,7.291,7.291,7.291
53,TT4,BESTEFFORT,MISSED,m1-1,2.425,"{'m1-1': 1.752, 'm2-1': 1.487, 'm3-1': 3.723, 'm4-1': 0.888}",0.5616,7.074,inf,7.425,7.425,7.425
54,TT4,BESTEFFORT,MISSED,m2-1,2.459,"{'m1-1': 2.362, 'm2-1': 1.68, 'm3-1': 4.751, 'm4-1': 0.913}",0.26099999999999923,7.372,inf,7.459,7.459,7.459
55,TT1,BESTEFFORT,MISSED,m4-1,2.495,"{'m1-1': 2.325, 'm2-1': 1.904, 'm3-1': 4.775, 'm4-1': 0.79}",0.07499999999999973,7.445,inf,7.495,7.495,7.495
56,TT2,BESTEFFORT,MISSED,m1-1,2.662,"{'m1-1': 2.126, 'm2-1': 1.637, 'm3-1': 3.657, 'm4-1': 0.856}",0.5391999999999996,7.425,inf,7.762,7.762,7.762
57,TT2,BESTEFFORT,MISSED,m2-1,2.692,"{'m1-1': 2.492, 'm2-1': 1.563, 'm3-1': 5.069, 'm4-1': 0.852}",0.9990000000000006,7.459,inf,7.792,7.792,7.792
58,TT4,BESTEFFORT,MISSED,m3-1,2.712,"{'m1-1': 2.367, 'm2-1': 1.429, 'm3-1': 4.343, 'm4-1': 0.851}",0.7577999999999989,7.291,inf,7.712,7.712,7.712
59,TT3,BESTEFFORT,MISSED,m1-1,2.725,"{'m1-1': 1.956, 'm2-1': 1.395, 'm3-1': 4.425, 'm4-1': 0.792}",0.126400000000001,7.846,inf,7.925000000000001,7.925000000000001,7.925000000000001
60,TT1,BESTEFFORT,MISSED,m4-1,2.775,"{'m1-1': 2.305, 'm2-1': 1.792, 'm3-1': 4.079, 'm4-1': 0.802}",0.4200000000000004,7.495,inf,7.775,7.775,7.775
61,TT2,BESTEFFORT,MISSED,m2-1,2.832,"{'m1-1': 1.943, 'm2-1': 1.556, 'm3-1': 4.394, 'm4-1': 0.839}",0.41999999999999904,7.792,inf,7.9319999999999995,7.9319999999999995,7.9319999999999995
62,TT3,BESTEFFORT,MISSED,m4-1,2.842,"{'m1-1': 2.127, 'm2-1': 1.344, 'm3-1': 4.548, 'm4-1': 0.745}",0.4004999999999992,7.775,inf,8.042,8.042,8.042
63,TT1,BESTEFFORT,MISSED,m1-1,2.846,"{'m1-1': 2.133, 'm2-1': 1.591, 'm3-1': 4.027, 'm4-1': 0.812}",0.13440000000000082,7.762,inf,7.846,7.846,7.846
64,TT2,BESTEFFORT,MISSED,m3-1,2.943,"{'m1-1': 1.916, 'm2-1': 1.667, 'm3-1': 4.175, 'm4-1': 0.928}",0.5957999999999991,7.712,inf,8.043,8.043,8.043
65,TT3,BESTEFFORT,MISSED,m3-1,2.994,"{'m1-1': 2.405, 'm2-1': 1.556, 'm3-1': 4.665, 'm4-1': 0.993}",0.23760000000000261,8.062,inf,8.194,8.194,8.194
66,TT4,BESTEFFORT,MISSED,m3-1,3.062,"{'m1-1': 2.035, 'm2-1': 1.369, 'm3-1': 3.71, 'm4-1': 0.815}",0.03420000000000023,8.043,inf,8.062,8.062,8.062
67,TT4,BESTEFFORT,MISSED,m2-1,3.214,"{'m1-1': 1.935, 'm2-1': 1.532, 'm3-1': 4.815, 'm4-1': 0.991}",0.8460000000000027,7.9319999999999995,inf,8.214,8.214,8.214
68,TT4,BESTEFFORT,MISSED,m1-1,3.229,"{'m1-1': 2.167, 'm2-1': 1.555, 'm3-1': 3.922, 'm4-1': 1.008}",0.4863999999999976,7.925000000000001,inf,8.229,8.229,8.229
69,TT4,BESTEFFORT,MISSED,m4-1,3.247,"{'m1-1': 1.779, 'm2-1': 1.412, 'm3-1': 4.892, 'm4-1': 0.966}",0.3075000000000001,8.042,inf,8.247,8.247,8.247
70,TT2,BESTEFFORT,MISSED,m4-1,3.248,"{'m1-1': 2.565, 'm2-1': 1.52, 'm3-1': 4.905, 'm4-1': 0.91}",0.15149999999999864,8.247,inf,8.347999999999999,8.347999999999999,8.347999999999999
71,TT3,BESTEFFORT,MISSED,m4-1,3.321,"{'m1-1': 2.386, 'm2-1': 1.625, 'm3-1': 4.273, 'm4-1': 0.903}",0.25950000000000273,8.347999999999999,inf,8.521,8.521,8.521
72,TT1,BESTEFFORT,MISSED,m2-1,3.328,"{'m1-1': 2.298, 'm2-1': 1.754, 'm3-1': 4.923, 'm4-1': 0.845}",0.341999999999997,8.214,inf,8.328,8.328,8.328
73,TT2,BESTEFFORT,MISSED,m3-1,3.361,"{'m1-1': 1.893, 'm2-1': 1.894, 'm3-1': 4.965, 'm4-1': 0.995}",0.48059999999999903,8.194,inf,8.461,8.461,8.461
74,TT1,BESTEFFORT,MISSED,m1-1,3.517,"{'m1-1': 2.402, 'm2-1': 1.574, 'm3-1': 4.832, 'm4-1': 0.755}",0.46080000000000043,8.229,inf,8.517,8.517,8.517
75,TT2,BESTEFFORT,MISSED,m2-1,3.554,"{'m1-1': 1.965, 'm2-1': 1.805, 'm3-1': 4.24, 'm4-1': 0.995}",0.9780000000000015,8.328,inf,8.654,8.654,8.654
76,TT3,BESTEFFORT,MISSED,m4-1,3.593,"{'m1-1': 1.868, 'm2-1': 1.684, 'm3-1': 4.442, 'm4-1': 0.866}",0.4079999999999977,8.521,inf,8.793,8.793,8.793
77,TT2,BESTEFFORT,MISSED,m1-1,3.636,"{'m1-1': 2.268, 'm2-1': 2.057, 'm3-1': 3.984, 'm4-1': 0.967}",0.35040000000000193,8.517,inf,8.736,8.736,8.736
78,TT2,BESTEFFORT,MISSED,m1-1,3.681,"{'m1-1': 1.92, 'm2-1': 2.078, 'm3-1': 4.079, 'm4-1': 0.753}",0.07199999999999705,8.736,inf,8.780999999999999,8.780999999999999,8.780999999999999
79,TT4,BESTEFFORT,MISSED,m2-1,3.785,"{'m1-1': 1.783, 'm2-1': 1.41, 'm3-1': 5.139, 'm4-1': 0.908}",0.3930000000000007,8.654,inf,8.785,8.785,8.785
80,TT1,BESTEFFORT,MISSED,m3-1,3.931,"{'m1-1': 2.279, 'm2-1': 1.579, 'm3-1': 4.53, 'm4-1': 0.664}",0.8460000000000012,8.461,inf,8.931000000000001,8.931000000000001,8.931000000000001
81,TT3,BESTEFFORT,MISSED,m2-1,3.939,"{'m1-1': 2.135, 'm2-1': 1.497, 'm3-1': 4.409, 'm4-1': 0.817}",1.0619999999999976,8.785,inf,9.139,9.139,9.139
82,TT2,BESTEFFORT,MISSED,m3-1,3.982,"{'m1-1': 2.341, 'm2-1': 1.657, 'm3-1': 4.24, 'm4-1': 0.777}",0.27179999999999965,8.931000000000001,inf,9.082,9.082,9.082
83,TT2,BESTEFFORT,MISSED,m1-1,4.078,"{'m1-1': 2.137, 'm2-1': 2.054, 'm3-1': 4.846, 'm4-1': 0.799}",0.6352000000000033,8.780999999999999,inf,9.178,9.178,9.178
84,TT2,BESTEFFORT,MISSED,m2-1,4.111,"{'m1-1': 2.506, 'm2-1': 1.588, 'm3-1': 4.736, 'm4-1': 0.906}",0.21599999999999753,9.139,inf,9.210999999999999,9.210999999999999,9.210999999999999
85,TT1,BESTEFFORT,MISSED,m3-1,4.117,"{'m1-1': 2.384, 'm2-1': 1.897, 'm3-1': 4.291, 'm4-1': 0.846}",0.06300000000000026,9.082,inf,9.117,9.117,9.117
86,TT1,BESTEFFORT,MISSED,m4-1,4.19,"{'m1-1': 2.59, 'm2-1': 1.644, 'm3-1': 4.341, 'm4-1': 0.828}",0.595500000000003,8.793,inf,9.190000000000001,9.190000000000001,9.190000000000001
87,TT3,BESTEFFORT,MISSED,m2-1,4.203,"{'m1-1': 1.84, 'm2-1': 1.409, 'm3-1': 4.735, 'm4-1': 0.846}",0.5760000000000058,9.210999999999999,inf,9.403,9.403,9.403
88,TT1,BESTEFFORT,MISSED,m4-1,4.229,"{'m1-1': 1.922, 'm2-1': 1.638, 'm3-1': 4.312, 'm4-1': 0.662}",0.05849999999999689,9.190000000000001,inf,9.229,9.229,9.229
89,TT4,BESTEFFORT,MISSED,m3-1,4.282,"{'m1-1': 2.071, 'm2-1': 1.535, 'm3-1': 4.808, 'm4-1': 0.954}",0.2969999999999985,9.117,inf,9.282,9.282,9.282
90,TT1,BESTEFFORT,MISSED,m1-1,4.341,"{'m1-1': 2.528, 'm2-1': 1.763, 'm3-1': 4.373, 'm4-1': 0.669}",0.2608000000000004,9.178,inf,9.341000000000001,9.341000000000001,9.341000000000001
91,TT2,BESTEFFORT,MISSED,m1-1,4.368,"{'m1-1': 2.293, 'm2-1': 1.888, 'm3-1': 3.852, 'm4-1': 0.933}",0.20319999999999824,9.341000000000001,inf,9.468,9.468,9.468
92,TT3,BESTEFFORT,MISSED,m1-1,4.381,"{'m1-1': 2.039, 'm2-1': 1.31, 'm3-1': 5.646, 'm4-1': 0.987}",0.1807999999999993,9.468,inf,9.581,9.581,9.581
93,TT1,BESTEFFORT,MISSED,m4-1,4.403,"{'m1-1': 2.455, 'm2-1': 1.551, 'm3-1': 4.828, 'm4-1': 0.783}",0.26099999999999923,9.229,inf,9.402999999999999,9.402999999999999,9.402999999999999
94,TT3,BESTEFFORT,MISSED,m4-1,4.544,"{'m1-1': 1.936, 'm2-1': 1.435, 'm3-1': 5.801, 'm4-1': 0.718}",0.5115000000000016,9.402999999999999,inf,9.744,9.744,9.744
95,TT3,BESTEFFORT,MISSED,m3-1,4.563,"{'m1-1': 2.343, 'm2-1': 1.463, 'm3-1': 5.118, 'm4-1': 0.822}",0.8657999999999998,9.282,inf,9.763,9.763,9.763
96,TT3,BESTEFFORT,MISSED,m3-1,4.587,"{'m1-1': 2.225, 'm2-1': 1.718, 'm3-1': 5.919, 'm4-1': 0.968}",0.04319999999999844,9.763,inf,9.786999999999999,9.786999999999999,9.786999999999999
97,TT3,BESTEFFORT,MISSED,m2-1,4.614,"{'m1-1': 1.81, 'm2-1': 1.279, 'm3-1': 5.705, 'm4-1': 0.794}",0.2850000000000019,9.719,inf,9.814,9.814,9.814
98,TT2,BESTEFFORT,MISSED,m2-1,4.619,"{'m1-1': 2.501, 'm2-1': 2.122, 'm3-1': 4.383, 'm4-1': 0.829}",0.9479999999999968,9.403,inf,9.719,9.719,9.719
99,TT2,BESTEFFORT,MISSED,m1-1,4.73,"{'m1-1': 1.932, 'm2-1': 2.085, 'm3-1': 4.61, 'm4-1': 0.819}",0.3984000000000009,9.581,inf,9.83,9.83,9.83
100,TT4,BESTEFFORT,MISSED,m3-1,4.792,"{'m1-1': 2.105, 'm2-1': 1.83, 'm3-1': 4.479, 'm4-1': 0.875}",0.009000000000001408,9.786999999999999,inf,9.792,9.792,9.792
101,TT4,BESTEFFORT,MISSED,m4-1,4.832,"{'m1-1': 2.018, 'm2-1': 1.551, 'm3-1': 4.587, 'm4-1': 0.991}",0.13200000000000145,9.744,inf,9.832,9.832,9.832
102,TT2,BESTEFFORT,MISSED,m2-1,4.911,"{'m1-1': 2.442, 'm2-1': 1.547, 'm3-1': 4.56, 'm4-1': 0.906}",0.5909999999999975,9.814,inf,10.011,10.011,10.011
103,TT2,BESTEFFORT,MISSED,m4-1,4.924,"{'m1-1': 2.422, 'm2-1': 1.519, 'm3-1': 5.03, 'm4-1': 0.745}",0.28800000000000026,9.832,inf,10.024000000000001,10.024000000000001,10.024000000000001
104,TT3,BESTEFFORT,MISSED,m4-1,4.936,"{'m1-1': 1.819, 'm2-1': 1.557, 'm3-1': 4.779, 'm4-1': 0.897}",0.16799999999999748,10.024000000000001,inf,10.136,10.136,10.136
105,TT3,BESTEFFORT,MISSED,m1-1,4.951,"{'m1-1': 1.851, 'm2-1': 1.516, 'm3-1': 4.676, 'm4-1': 0.872}",0.12319999999999993,10.074,inf,10.151,10.151,10.151
106,TT2,BESTEFFORT,MISSED,m1-1,4.974,"{'m1-1': 2.073, 'm2-1': 1.636, 'm3-1': 5.005, 'm4-1': 0.874}",0.39039999999999964,9.83,inf,10.074,10.074,10.074
107,TT1,BESTEFFORT,MISSED,m3-1,5.041,"{'m1-1': 2.315, 'm2-1': 1.585, 'm3-1': 5.097, 'm4-1': 0.659}",0.448200000000001,9.792,inf,10.041,10.041,10.041
108,TT2,BESTEFFORT,MISSED,m2-1,5.042,"{'m1-1': 2.194, 'm2-1': 2.049, 'm3-1': 4.645, 'm4-1': 0.969}",0.3930000000000007,10.011,inf,10.142,10.142,10.142
109,TT1,BESTEFFORT,MISSED,m1-1,5.168,"{'m1-1': 2.215, 'm2-1': 1.885, 'm3-1': 4.219, 'm4-1': 0.811}",0.027199999999999138,10.151,inf,10.168,10.168,10.168
110,TT3,BESTEFFORT,MISSED,m2-1,5.228,"{'m1-1': 2.175, 'm2-1': 1.578, 'm3-1': 4.23, 'm4-1': 0.825}",0.8580000000000041,10.142,inf,10.428,10.428,10.428
111,TT3,BESTEFFORT,MISSED,m3-1,5.269,"{'m1-1': 2.314, 'm2-1': 1.425, 'm3-1': 5.164, 'm4-1': 0.797}",0.019800000000001816,10.458,inf,10.469000000000001,10.469000000000001,10.469000000000001
112,TT3,BESTEFFORT,MISSED,m2-1,5.304,"{'m1-1': 2.031, 'm2-1': 1.511, 'm3-1': 5.666, 'm4-1': 0.716}",0.22800000000000153,10.428,inf,10.504000000000001,10.504000000000001,10.504000000000001
113,TT2,BESTEFFORT,MISSED,m4-1,5.355,"{'m1-1': 1.921, 'm2-1': 1.636, 'm3-1': 4.727, 'm4-1': 0.985}",0.47850000000000126,10.136,inf,10.455,10.455,10.455
114,TT2,BESTEFFORT,MISSED,m3-1,5.388,"{'m1-1': 2.565, 'm2-1': 2.071, 'm3-1': 3.628, 'm4-1': 0.91}",0.03419999999999703,10.469000000000001,inf,10.488,10.488,10.488
115,TT1,BESTEFFORT,MISSED,m3-1,5.458,"{'m1-1': 1.877, 'm2-1': 1.567, 'm3-1': 3.816, 'm4-1': 0.775}",0.7505999999999997,10.041,inf,10.458,10.458,10.458
116,TT3,BESTEFFORT,MISSED,m4-1,5.507,"{'m1-1': 2.164, 'm2-1': 1.603, 'm3-1': 5.631, 'm4-1': 0.829}",0.378000000000001,10.455,inf,10.707,10.707,10.707
117,TT1,BESTEFFORT,MISSED,m1-1,5.584,"{'m1-1': 2.45, 'm2-1': 1.569, 'm3-1': 4.472, 'm4-1': 0.863}",0.6656000000000006,10.168,inf,10.584,10.584,10.584
118,TT3,BESTEFFORT,MISSED,m4-1,5.645,"{'m1-1': 2.225, 'm2-1': 1.667, 'm3-1': 5.107, 'm4-1': 0.827}",0.18599999999999817,10.721,inf,10.844999999999999,10.844999999999999,10.844999999999999
119,TT3,BESTEFFORT,MISSED,m2-1,5.689,"{'m1-1': 2.13, 'm2-1': 1.651, 'm3-1': 4.989, 'm4-1': 0.786}",0.5160000000000018,10.716999999999999,inf,10.889,10.889,10.889
120,TT4,BESTEFFORT,MISSED,m2-1,5.717,"{'m1-1': 1.909, 'm2-1': 1.846, 'm3-1': 3.783, 'm4-1': 0.952}",0.6389999999999922,10.504000000000001,inf,10.716999999999999,10.716999999999999,10.716999999999999
121,TT1,BESTEFFORT,MISSED,m4-1,5.721,"{'m1-1': 2.36, 'm2-1': 1.969, 'm3-1': 5.088, 'm4-1': 0.663}",0.02099999999999902,10.707,inf,10.721,10.721,10.721
122,TT1,BESTEFFORT,MISSED,m3-1,5.756,"{'m1-1': 2.553, 'm2-1': 1.876, 'm3-1': 4.242, 'm4-1': 0.788}",0.4824000000000012,10.488,inf,10.756,10.756,10.756
123,TT1,BESTEFFORT,MISSED,m1-1,5.833,"{'m1-1': 2.546, 'm2-1': 1.567, 'm3-1': 4.412, 'm4-1': 0.762}",0.3984000000000009,10.584,inf,10.833,10.833,10.833
124,TT2,BESTEFFORT,MISSED,m1-1,5.891,"{'m1-1': 2.068, 'm2-1': 2.087, 'm3-1': 4.915, 'm4-1': 0.855}",0.2527999999999992,10.833,inf,10.991,10.991,10.991
125,TT2,BESTEFFORT,MISSED,m4-1,5.993,"{'m1-1': 2.631, 'm2-1': 1.655, 'm3-1': 4.368, 'm4-1': 0.996}",0.37200000000000166,10.844999999999999,inf,11.093,11.093,11.093
126,TT2,BESTEFFORT,MISSED,m3-1,6.0,"{'m1-1': 1.904, 'm2-1': 2.087, 'm3-1': 5.069, 'm4-1': 0.829}",0.619199999999999,10.756,inf,11.1,11.1,11.1
127,TT4,BESTEFFORT,MISSED,m1-1,6.002,"{'m1-1': 2.318, 'm2-1': 1.852, 'm3-1': 4.409, 'm4-1': 0.761}",0.017599999999998773,10.991,inf,11.001999999999999,11.001999999999999,11.001999999999999
128,TT4,BESTEFFORT,MISSED,m2-1,6.086,"{'m1-1': 1.788, 'm2-1': 1.81, 'm3-1': 4.24, 'm4-1': 0.987}",0.5910000000000029,10.889,inf,11.086,11.086,11.086
129,TT1,BESTEFFORT,MISSED,m3-1,6.118,"{'m1-1': 2.064, 'm2-1': 1.738, 'm3-1': 4.081, 'm4-1': 0.647}",0.032400000000001226,11.1,inf,11.118,11.118,11.118
130,TT2,BESTEFFORT,MISSED,m2-1,6.239,"{'m1-1': 1.87, 'm2-1': 1.791, 'm3-1': 3.773, 'm4-1': 0.769}",0.758999999999995,11.086,inf,11.338999999999999,11.338999999999999,11.338999999999999
131,TT4,BESTEFFORT,MISSED,m3-1,6.251,"{'m1-1': 2.367, 'm2-1': 1.383, 'm3-1': 4.842, 'm4-1': 1.023}",0.2394000000000016,11.118,inf,11.251000000000001,11.251000000000001,11.251000000000001
132,TT2,BESTEFFORT,MISSED,m1-1,6.274,"{'m1-1': 2.628, 'm2-1': 2.036, 'm3-1': 4.236, 'm4-1': 0.877}",0.5951999999999998,11.001999999999999,inf,11.373999999999999,11.373999999999999,11.373999999999999
133,TT4,BESTEFFORT,MISSED,m4-1,6.426,"{'m1-1': 1.908, 'm2-1': 1.623, 'm3-1': 4.944, 'm4-1': 0.997}",0.4995000000000003,11.093,inf,11.426,11.426,11.426
134,TT4,BESTEFFORT,MISSED,m2-1,6.437,"{'m1-1': 2.261, 'm2-1': 1.506, 'm3-1': 3.726, 'm4-1': 0.988}",0.2940000000000076,11.338999999999999,inf,11.437000000000001,11.437000000000001,11.437000000000001
135,TT1,BESTEFFORT,MISSED,m4-1,6.458,"{'m1-1': 1.9, 'm2-1': 1.872, 'm3-1': 3.987, 'm4-1': 0.801}",0.04800000000000004,11.426,inf,11.458,11.458,11.458
136,TT4,BESTEFFORT,MISSED,m3-1,6.616,"{'m1-1': 2.385, 'm2-1': 1.768, 'm3-1': 4.604, 'm4-1': 0.83}",0.6569999999999973,11.251000000000001,inf,11.616,11.616,11.616
137,TT2,BESTEFFORT,MISSED,m1-1,6.623,"{'m1-1': 2.179, 'm2-1': 1.596, 'm3-1': 4.902, 'm4-1': 0.904}",0.5584000000000003,11.373999999999999,inf,11.722999999999999,11.722999999999999,11.722999999999999
138,TT2,BESTEFFORT,MISSED,m4-1,6.627,"{'m1-1': 1.925, 'm2-1': 1.899, 'm3-1': 4.501, 'm4-1': 0.923}",0.4035000000000002,11.458,inf,11.727,11.727,11.727
139,TT2,BESTEFFORT,MISSED,m2-1,6.734,"{'m1-1': 2.073, 'm2-1': 1.795, 'm3-1': 3.705, 'm4-1': 1.006}",0.2729999999999979,11.743,inf,11.834,11.834,11.834
140,TT4,BESTEFFORT,MISSED,m2-1,6.743,"{'m1-1': 1.784, 'm2-1': 1.892, 'm3-1': 4.325, 'm4-1': 0.929}",0.9179999999999975,11.437000000000001,inf,11.743,11.743,11.743
141,TT1,BESTEFFORT,MISSED,m1-1,6.768,"{'m1-1': 2.379, 'm2-1': 1.639, 'm3-1': 3.659, 'm4-1': 0.695}",0.07200000000000273,11.722999999999999,inf,11.768,11.768,11.768
142,TT1,BESTEFFORT,MISSED,m1-1,6.808,"{'m1-1': 2.456, 'm2-1': 1.836, 'm3-1': 3.64, 'm4-1': 0.619}",0.06399999999999864,11.768,inf,11.808,11.808,11.808
143,TT4,BESTEFFORT,MISSED,m4-1,6.84,"{'m1-1': 2.054, 'm2-1': 1.348, 'm3-1': 3.963, 'm4-1': 0.97}",0.16949999999999932,11.727,inf,11.84,11.84,11.84
144,TT1,BESTEFFORT,MISSED,m3-1,6.869,"{'m1-1': 2.23, 'm2-1': 1.801, 'm3-1': 3.792, 'm4-1': 0.837}",0.4554000000000002,11.616,inf,11.869,11.869,11.869
145,TT2,BESTEFFORT,MISSED,m2-1,6.911,"{'m1-1': 1.89, 'm2-1': 2.049, 'm3-1': 4.315, 'm4-1': 0.952}",0.5309999999999988,11.834,inf,12.011,12.011,12.011
146,TT2,BESTEFFORT,MISSED,m1-1,6.954,"{'m1-1': 2.314, 'm2-1': 2.067, 'm3-1': 4.604, 'm4-1': 0.961}",0.3935999999999979,11.808,inf,12.053999999999998,12.053999999999998,12.053999999999998
147,TT2,BESTEFFORT,MISSED,m4-1,6.974,"{'m1-1': 2.045, 'm2-1': 1.806, 'm3-1': 4.441, 'm4-1': 0.809}",0.351,11.84,inf,12.074,12.074,12.074
148,TT4,BESTEFFORT,MISSED,m3-1,6.989,"{'m1-1': 2.335, 'm2-1': 1.358, 'm3-1': 5.103, 'm4-1': 1.043}",0.2160000000000018,11.869,inf,11.989,11.989,11.989
149,TT4,BESTEFFORT,MISSED,m3-1,6.99,"{'m1-1': 2.312, 'm2-1': 1.429, 'm3-1': 4.44, 'm4-1': 0.984}",0.0017999999999990025,11.989,inf,11.99,11.99,11.99
150,TT3,BESTEFFORT,MISSED,m2-1,7.022,"{'m1-1': 2.36, 'm2-1': 1.639, 'm3-1': 4.214, 'm4-1': 1.009}",0.6330000000000062,12.011,inf,12.222000000000001,12.222000000000001,12.222000000000001
151,TT2,BESTEFFORT,MISSED,m4-1,7.134,"{'m1-1': 2.099, 'm2-1': 1.694, 'm3-1': 4.777, 'm4-1': 0.98}",0.2400000000000002,12.074,inf,12.234,12.234,12.234
152,TT3,BESTEFFORT,MISSED,m4-1,7.183,"{'m1-1': 2.007, 'm2-1': 1.794, 'm3-1': 4.82, 'm4-1': 0.953}",0.2234999999999987,12.234,inf,12.383,12.383,12.383
153,TT1,BESTEFFORT,MISSED,m3-1,7.345,"{'m1-1': 2.413, 'm2-1': 1.48, 'm3-1': 3.607, 'm4-1': 0.612}",0.6389999999999976,11.99,inf,12.344999999999999,12.344999999999999,12.344999999999999
154,TT3,BESTEFFORT,MISSED,m1-1,7.378,"{'m1-1': 1.94, 'm2-1': 1.497, 'm3-1': 5.96, 'm4-1': 0.808}",0.04959999999999809,12.547,inf,12.578,12.578,12.578
155,TT3,BESTEFFORT,MISSED,m2-1,7.379,"{'m1-1': 2.056, 'm2-1': 1.396, 'm3-1': 5.351, 'm4-1': 0.786}",0.3299999999999983,12.469000000000001,inf,12.579,12.579,12.579
156,TT4,BESTEFFORT,MISSED,m1-1,7.381,"{'m1-1': 2.028, 'm2-1': 1.748, 'm3-1': 5.059, 'm4-1': 0.971}",0.5232000000000028,12.053999999999998,inf,12.381,12.381,12.381
157,TT4,BESTEFFORT,MISSED,m2-1,7.469,"{'m1-1': 1.75, 'm2-1': 1.666, 'm3-1': 4.766, 'm4-1': 0.965}",0.7409999999999997,12.222000000000001,inf,12.469000000000001,12.469000000000001,12.469000000000001
158,TT4,BESTEFFORT,MISSED,m1-1,7.547,"{'m1-1': 1.803, 'm2-1': 1.364, 'm3-1': 3.881, 'm4-1': 0.879}",0.2656000000000006,12.381,inf,12.547,12.547,12.547
159,TT4,BESTEFFORT,MISSED,m4-1,7.585,"{'m1-1': 1.919, 'm2-1': 1.456, 'm3-1': 4.897, 'm4-1': 0.893}",0.3030000000000026,12.383,inf,12.585,12.585,12.585
160,TT4,BESTEFFORT,MISSED,m3-1,7.613,"{'m1-1': 1.878, 'm2-1': 1.653, 'm3-1': 4.164, 'm4-1': 1.006}",0.4824000000000012,12.344999999999999,inf,12.613,12.613,12.613
161,TT2,BESTEFFORT,MISSED,m3-1,7.625,"{'m1-1': 2.427, 'm2-1': 1.823, 'm3-1': 4.189, 'm4-1': 0.933}",0.13499999999999873,12.65,inf,12.725,12.725,12.725
162,TT1,BESTEFFORT,MISSED,m3-1,7.65,"{'m1-1': 1.983, 'm2-1': 1.471, 'm3-1': 4.072, 'm4-1': 0.763}",0.06660000000000146,12.613,inf,12.65,12.65,12.65
163,TT3,BESTEFFORT,MISSED,m2-1,7.798,"{'m1-1': 2.085, 'm2-1': 1.663, 'm3-1': 5.642, 'm4-1': 0.788}",0.5550000000000068,12.812999999999999,inf,12.998000000000001,12.998000000000001,12.998000000000001
164,TT1,BESTEFFORT,MISSED,m2-1,7.813,"{'m1-1': 2.251, 'm2-1': 1.988, 'm3-1': 4.707, 'm4-1': 0.782}",0.7019999999999946,12.579,inf,12.812999999999999,12.812999999999999,12.812999999999999
165,TT2,BESTEFFORT,MISSED,m4-1,7.919,"{'m1-1': 2.465, 'm2-1': 1.695, 'm3-1': 4.307, 'm4-1': 0.995}",0.05549999999999855,12.982,inf,13.018999999999998,13.018999999999998,13.018999999999998
166,TT2,BESTEFFORT,MISSED,m3-1,7.945,"{'m1-1': 2.548, 'm2-1': 1.701, 'm3-1': 4.936, 'm4-1': 1.007}",0.5760000000000005,12.725,inf,13.045,13.045,13.045
167,TT1,BESTEFFORT,MISSED,m1-1,7.977,"{'m1-1': 2.509, 'm2-1': 1.463, 'm3-1': 4.54, 'm4-1': 0.846}",0.6384000000000015,12.578,inf,12.977,12.977,12.977
168,TT4,BESTEFFORT,MISSED,m4-1,7.982,"{'m1-1': 2.364, 'm2-1': 1.522, 'm3-1': 4.969, 'm4-1': 0.979}",0.5954999999999977,12.585,inf,12.982,12.982,12.982
169,TT3,BESTEFFORT,MISSED,m4-1,8.107,"{'m1-1': 2.069, 'm2-1': 1.596, 'm3-1': 5.523, 'm4-1': 0.906}",0.4320000000000004,13.018999999999998,inf,13.306999999999999,13.306999999999999,13.306999999999999
170,TT1,BESTEFFORT,MISSED,m1-1,8.118,"{'m1-1': 2.119, 'm2-1': 1.644, 'm3-1': 3.853, 'm4-1': 0.662}",0.22560000000000002,12.977,inf,13.118,13.118,13.118
171,TT3,BESTEFFORT,MISSED,m2-1,8.128,"{'m1-1': 2.143, 'm2-1': 1.395, 'm3-1': 5.346, 'm4-1': 0.826}",0.9899999999999949,12.998000000000001,inf,13.328,13.328,13.328
172,TT3,BESTEFFORT,MISSED,m3-1,8.33,"{'m1-1': 1.904, 'm2-1': 1.374, 'm3-1': 4.527, 'm4-1': 0.855}",0.0018000000000021998,13.529,inf,13.530000000000001,13.530000000000001,13.530000000000001
173,TT2,BESTEFFORT,MISSED,m1-1,8.37,"{'m1-1': 1.918, 'm2-1': 1.546, 'm3-1': 4.498, 'm4-1': 0.82}",0.035199999999997546,13.448,inf,13.469999999999999,13.469999999999999,13.469999999999999
174,TT4,BESTEFFORT,MISSED,m1-1,8.448,"{'m1-1': 2.071, 'm2-1': 1.646, 'm3-1': 4.769, 'm4-1': 0.773}",0.5280000000000001,13.118,inf,13.448,13.448,13.448
175,TT4,BESTEFFORT,MISSED,m2-1,8.496,"{'m1-1': 2.077, 'm2-1': 1.351, 'm3-1': 4.782, 'm4-1': 1.0}",0.5040000000000031,13.328,inf,13.496,13.496,13.496
176,TT4,BESTEFFORT,MISSED,m4-1,8.5,"{'m1-1': 2.405, 'm2-1': 1.759, 'm3-1': 3.682, 'm4-1': 0.937}",0.2895000000000021,13.306999999999999,inf,13.5,13.5,13.5
177,TT4,BESTEFFORT,MISSED,m3-1,8.529,"{'m1-1': 2.374, 'm2-1': 1.648, 'm3-1': 3.706, 'm4-1': 0.947}",0.8712,13.045,inf,13.529,13.529,13.529
178,TT2,BESTEFFORT,MISSED,m2-1,8.563,"{'m1-1': 2.247, 'm2-1': 1.889, 'm3-1': 4.915, 'm4-1': 0.796}",0.5009999999999994,13.496,inf,13.663,13.663,13.663
179,TT1,BESTEFFORT,MISSED,m3-1,8.571,"{'m1-1': 1.882, 'm2-1': 1.835, 'm3-1': 4.78, 'm4-1': 0.78}",0.07379999999999746,13.530000000000001,inf,13.571,13.571,13.571
180,TT1,BESTEFFORT,MISSED,m1-1,8.72,"{'m1-1': 2.484, 'm2-1': 1.801, 'm3-1': 4.961, 'm4-1': 0.78}",0.40000000000000285,13.469999999999999,inf,13.72,13.72,13.72
181,TT1,BESTEFFORT,MISSED,m4-1,8.734,"{'m1-1': 2.145, 'm2-1': 1.971, 'm3-1': 3.717, 'm4-1': 0.817}",0.351,13.5,inf,13.734,13.734,13.734
182,TT4,BESTEFFORT,MISSED,m2-1,8.79,"{'m1-1': 2.278, 'm2-1': 1.515, 'm3-1': 3.696, 'm4-1': 1.023}",0.3809999999999967,13.663,inf,13.79,13.79,13.79
183,TT4,BESTEFFORT,MISSED,m4-1,8.833,"{'m1-1': 1.912, 'm2-1': 1.694, 'm3-1': 4.227, 'm4-1': 1.029}",0.1485000000000003,13.734,inf,13.833,13.833,13.833
184,TT3,BESTEFFORT,MISSED,m1-1,8.85,"{'m1-1': 1.963, 'm2-1': 1.641, 'm3-1': 4.415, 'm4-1': 0.799}",0.03520000000000039,14.028,inf,14.05,14.05,14.05
185,TT2,BESTEFFORT,MISSED,m2-1,8.874,"{'m1-1': 2.383, 'm2-1': 1.762, 'm3-1': 5.091, 'm4-1': 0.849}",0.5520000000000032,13.79,inf,13.974,13.974,13.974
186,TT4,BESTEFFORT,MISSED,m3-1,8.897,"{'m1-1': 1.906, 'm2-1': 1.759, 'm3-1': 4.522, 'm4-1': 0.948}",0.586800000000001,13.571,inf,13.897,13.897,13.897
187,TT4,BESTEFFORT,MISSED,m1-1,8.91,"{'m1-1': 2.052, 'm2-1': 1.648, 'm3-1': 4.691, 'm4-1': 1.02}",0.3039999999999992,13.72,inf,13.91,13.91,13.91
188,TT2,BESTEFFORT,MISSED,m2-1,8.966,"{'m1-1': 2.046, 'm2-1': 1.787, 'm3-1': 5.131, 'm4-1': 0.933}",0.27599999999999625,13.974,inf,14.065999999999999,14.065999999999999,14.065999999999999
189,TT4,BESTEFFORT,MISSED,m4-1,8.967,"{'m1-1': 1.937, 'm2-1': 1.772, 'm3-1': 4.629, 'm4-1': 0.789}",0.2010000000000005,13.833,inf,13.967,13.967,13.967
190,TT2,BESTEFFORT,MISSED,m3-1,8.989,"{'m1-1': 2.188, 'm2-1': 2.001, 'm3-1': 4.055, 'm4-1': 0.803}",0.3456000000000003,13.897,inf,14.089,14.089,14.089
191,TT1,BESTEFFORT,MISSED,m1-1,9.028,"{'m1-1': 1.856, 'm2-1': 1.671, 'm3-1': 4.688, 'm4-1': 0.703}",0.18880000000000052,13.91,inf,14.028,14.028,14.028
192,TT3,BESTEFFORT,MISSED,m2-1,9.068,"{'m1-1': 2.212, 'm2-1': 1.617, 'm3-1': 5.726, 'm4-1': 0.735}",0.6060000000000052,14.065999999999999,inf,14.268,14.268,14.268
193,TT1,BESTEFFORT,MISSED,m4-1,9.076,"{'m1-1': 2.358, 'm2-1': 1.916, 'm3-1': 4.775, 'm4-1': 0.659}",0.16349999999999998,13.967,inf,14.076,14.076,14.076
194,TT4,BESTEFFORT,MISSED,m3-1,9.119,"{'m1-1': 1.907, 'm2-1': 1.751, 'm3-1': 4.512, 'm4-1': 1.053}",0.05399999999999885,14.089,inf,14.119,14.119,14.119
195,TT2,BESTEFFORT,MISSED,m1-1,9.185,"{'m1-1': 2.276, 'm2-1': 1.968, 'm3-1': 4.841, 'm4-1': 0.983}",0.3759999999999991,14.05,inf,14.285,14.285,14.285
196,TT3,BESTEFFORT,MISSED,m2-1,9.208,"{'m1-1': 2.01, 'm2-1': 1.41, 'm3-1': 5.568, 'm4-1': 0.94}",0.4200000000000017,14.268,inf,14.408000000000001,14.408000000000001,14.408000000000001
197,TT4,BESTEFFORT,MISSED,m3-1,9.257,"{'m1-1': 1.891, 'm2-1': 1.551, 'm3-1': 4.446, 'm4-1': 0.799}",0.24839999999999982,14.119,inf,14.257,14.257,14.257
198,TT1,BESTEFFORT,MISSED,m4-1,9.293,"{'m1-1': 2.238, 'm2-1': 1.702, 'm3-1': 4.45, 'm4-1': 0.821}",0.3254999999999981,14.076,inf,14.293,14.293,14.293
199,TT3,BESTEFFORT,MISSED,m4-1,9.322,"{'m1-1': 1.855, 'm2-1': 1.321, 'm3-1': 5.119, 'm4-1': 0.719}",0.10649999999999693,14.451,inf,14.521999999999998,14.521999999999998,14.521999999999998
200,TT2,BESTEFFORT,MISSED,m3-1,9.39,"{'m1-1': 2.534, 'm2-1': 1.644, 'm3-1': 4.144, 'm4-1': 0.956}",0.419400000000001,14.257,inf,14.49,14.49,14.49
201,TT3,BESTEFFORT,MISSED,m1-1,9.439,"{'m1-1': 1.931, 'm2-1': 1.286, 'm3-1': 5.748, 'm4-1': 0.718}",0.06879999999999882,14.596,inf,14.639,14.639,14.639
202,TT4,BESTEFFORT,MISSED,m4-1,9.451,"{'m1-1': 1.81, 'm2-1': 1.566, 'm3-1': 4.324, 'm4-1': 1.014}",0.23700000000000188,14.293,inf,14.451,14.451,14.451
203,TT2,BESTEFFORT,MISSED,m1-1,9.496,"{'m1-1': 1.93, 'm2-1': 2.093, 'm3-1': 4.703, 'm4-1': 0.954}",0.14080000000000156,14.508,inf,14.596,14.596,14.596
204,TT1,BESTEFFORT,MISSED,m1-1,9.508,"{'m1-1': 2.029, 'm2-1': 1.594, 'm3-1': 4.236, 'm4-1': 0.816}",0.3567999999999984,14.285,inf,14.508,14.508,14.508
205,TT4,BESTEFFORT,MISSED,m2-1,9.581,"{'m1-1': 2.182, 'm2-1': 1.396, 'm3-1': 4.547, 'm4-1': 0.982}",0.5189999999999948,14.408000000000001,inf,14.581,14.581,14.581
206,TT2,BESTEFFORT,MISSED,m2-1,9.61,"{'m1-1': 2.194, 'm2-1': 1.886, 'm3-1': 4.861, 'm4-1': 0.925}",0.3869999999999987,14.581,inf,14.709999999999999,14.709999999999999,14.709999999999999
207,TT2,BESTEFFORT,MISSED,m3-1,9.662,"{'m1-1': 2.34, 'm2-1': 1.52, 'm3-1': 3.886, 'm4-1': 0.961}",0.06660000000000146,14.725,inf,14.762,14.762,14.762
208,TT1,BESTEFFORT,MISSED,m4-1,9.712,"{'m1-1': 2.382, 'm2-1': 1.921, 'm3-1': 3.83, 'm4-1': 0.823}",0.2850000000000019,14.521999999999998,inf,14.712,14.712,14.712
209,TT4,BESTEFFORT,MISSED,m3-1,9.721,"{'m1-1': 2.369, 'm2-1': 1.765, 'm3-1': 4.167, 'm4-1': 0.837}",0.4157999999999998,14.49,inf,14.721,14.721,14.721
210,TT4,BESTEFFORT,MISSED,m3-1,9.725,"{'m1-1': 2.254, 'm2-1': 1.564, 'm3-1': 4.989, 'm4-1': 0.987}",0.007199999999999207,14.721,inf,14.725,14.725,14.725
211,TT4,BESTEFFORT,MISSED,m2-1,9.912,"{'m1-1': 2.063, 'm2-1': 1.81, 'm3-1': 4.993, 'm4-1': 0.777}",0.6060000000000052,14.709999999999999,inf,14.912,14.912,14.912
212,TT2,BESTEFFORT,MISSED,m2-1,9.995,"{'m1-1': 2.314, 'm2-1': 1.563, 'm3-1': 4.209, 'm4-1': 0.9}",0.5489999999999942,14.912,inf,15.094999999999999,15.094999999999999,15.094999999999999
213,TT4,BESTEFFORT,MISSED,m1-1,10.016,"{'m1-1': 1.94, 'm2-1': 1.506, 'm3-1': 5.001, 'm4-1': 0.87}",0.6032000000000011,14.639,inf,15.016,15.016,15.016
214,TT3,BESTEFFORT,MISSED,m1-1,10.051,"{'m1-1': 2.333, 'm2-1': 1.277, 'm3-1': 5.622, 'm4-1': 0.774}",0.37600000000000194,15.016,inf,15.251000000000001,15.251000000000001,15.251000000000001
215,TT4,BESTEFFORT,MISSED,m4-1,10.055,"{'m1-1': 2.345, 'm2-1': 1.65, 'm3-1': 4.293, 'm4-1': 1.066}",0.5145,14.712,inf,15.055,15.055,15.055
216,TT2,BESTEFFORT,MISSED,m4-1,10.074,"{'m1-1': 2.227, 'm2-1': 1.636, 'm3-1': 4.599, 'm4-1': 0.91}",0.17849999999999966,15.055,inf,15.174,15.174,15.174
217,TT1,BESTEFFORT,MISSED,m3-1,10.212,"{'m1-1': 2.509, 'm2-1': 1.875, 'm3-1': 4.955, 'm4-1': 0.649}",0.8099999999999987,14.762,inf,15.212,15.212,15.212
218,TT4,BESTEFFORT,MISSED,m4-1,10.295,"{'m1-1': 2.215, 'm2-1': 1.421, 'm3-1': 3.863, 'm4-1': 0.884}",0.18150000000000066,15.174,inf,15.295,15.295,15.295
219,TT3,BESTEFFORT,MISSED,m1-1,10.335,"{'m1-1': 2.057, 'm2-1': 1.464, 'm3-1': 4.458, 'm4-1': 0.944}",0.052800000000002005,15.501999999999999,inf,15.535,15.535,15.535
220,TT3,BESTEFFORT,MISSED,m4-1,10.384,"{'m1-1': 2.027, 'm2-1': 1.382, 'm3-1': 4.782, 'm4-1': 0.865}",0.43349999999999955,15.295,inf,15.584,15.584,15.584
221,TT2,BESTEFFORT,MISSED,m1-1,10.402,"{'m1-1': 2.181, 'm2-1': 1.514, 'm3-1': 4.658, 'm4-1': 0.993}",0.4015999999999963,15.251000000000001,inf,15.501999999999999,15.501999999999999,15.501999999999999
222,TT4,BESTEFFORT,MISSED,m2-1,10.438,"{'m1-1': 1.881, 'm2-1': 1.699, 'm3-1': 4.061, 'm4-1': 0.988}",1.0290000000000052,15.094999999999999,inf,15.438,15.438,15.438
223,TT3,BESTEFFORT,MISSED,m3-1,10.524,"{'m1-1': 1.933, 'm2-1': 1.424, 'm3-1': 5.875, 'm4-1': 0.963}",0.016200000000000613,15.715,inf,15.724,15.724,15.724
224,TT4,BESTEFFORT,MISSED,m2-1,10.571,"{'m1-1': 1.838, 'm2-1': 1.349, 'm3-1': 4.062, 'm4-1': 1.02}",0.39899999999999736,15.438,inf,15.571,15.571,15.571
225,TT1,BESTEFFORT,MISSED,m3-1,10.691,"{'m1-1': 2.498, 'm2-1': 1.824, 'm3-1': 3.672, 'm4-1': 0.784}",0.8622000000000017,15.212,inf,15.691,15.691,15.691
226,TT2,BESTEFFORT,MISSED,m1-1,10.715,"{'m1-1': 2.488, 'm2-1': 1.753, 'm3-1': 4.768, 'm4-1': 0.836}",0.447999999999999,15.535,inf,15.815,15.815,15.815
227,TT1,BESTEFFORT,MISSED,m3-1,10.715,"{'m1-1': 2.175, 'm2-1': 1.512, 'm3-1': 4.487, 'm4-1': 0.735}",0.04319999999999844,15.691,inf,15.715,15.715,15.715
228,TT4,BESTEFFORT,MISSED,m2-1,10.758,"{'m1-1': 2.187, 'm2-1': 1.57, 'm3-1': 4.587, 'm4-1': 1.036}",0.5609999999999982,15.571,inf,15.758,15.758,15.758
229,TT2,BESTEFFORT,MISSED,m4-1,10.913,"{'m1-1': 2.223, 'm2-1': 2.0, 'm3-1': 4.584, 'm4-1': 0.8}",0.13049999999999695,15.926,inf,16.012999999999998,16.012999999999998,16.012999999999998
230,TT3,BESTEFFORT,MISSED,m1-1,10.92,"{'m1-1': 2.164, 'm2-1': 1.794, 'm3-1': 4.738, 'm4-1': 0.945}",0.04800000000000182,16.09,inf,16.12,16.12,16.12
231,TT1,BESTEFFORT,MISSED,m4-1,10.926,"{'m1-1': 2.069, 'm2-1': 1.448, 'm3-1': 4.549, 'm4-1': 0.618}",0.5130000000000008,15.584,inf,15.926,15.926,15.926
232,TT2,BESTEFFORT,MISSED,m3-1,10.932,"{'m1-1': 2.136, 'm2-1': 1.766, 'm3-1': 4.235, 'm4-1': 0.841}",0.5543999999999997,15.724,inf,16.032,16.032,16.032
233,TT2,BESTEFFORT,MISSED,m1-1,10.959,"{'m1-1': 2.229, 'm2-1': 2.132, 'm3-1': 4.466, 'm4-1': 0.812}",0.3903999999999968,15.815,inf,16.058999999999997,16.058999999999997,16.058999999999997
234,TT4,BESTEFFORT,MISSED,m2-1,11.004,"{'m1-1': 1.898, 'm2-1': 1.469, 'm3-1': 5.029, 'm4-1': 1.057}",0.737999999999996,15.758,inf,16.003999999999998,16.003999999999998,16.003999999999998
235,TT4,BESTEFFORT,MISSED,m4-1,11.062,"{'m1-1': 1.742, 'm2-1': 1.382, 'm3-1': 4.868, 'm4-1': 0.936}",0.07349999999999923,16.012999999999998,inf,16.061999999999998,16.061999999999998,16.061999999999998
236,TT4,BESTEFFORT,MISSED,m2-1,11.072,"{'m1-1': 1.905, 'm2-1': 1.648, 'm3-1': 4.255, 'm4-1': 0.903}",0.20400000000000418,16.003999999999998,inf,16.072,16.072,16.072
237,TT1,BESTEFFORT,MISSED,m1-1,11.09,"{'m1-1': 2.122, 'm2-1': 1.826, 'm3-1': 3.665, 'm4-1': 0.768}",0.04960000000000378,16.058999999999997,inf,16.09,16.09,16.09
238,TT4,BESTEFFORT,MISSED,m2-1,11.14,"{'m1-1': 2.042, 'm2-1': 1.871, 'm3-1': 4.87, 'm4-1': 0.781}",0.20400000000000418,16.072,inf,16.14,16.14,16.14
239,TT3,BESTEFFORT,MISSED,m2-1,11.189,"{'m1-1': 2.147, 'm2-1': 1.551, 'm3-1': 5.201, 'm4-1': 0.798}",0.7469999999999963,16.14,inf,16.389,16.389,16.389
240,TT2,BESTEFFORT,MISSED,m3-1,11.195,"{'m1-1': 2.074, 'm2-1': 1.617, 'm3-1': 5.076, 'm4-1': 0.96}",0.07380000000000707,16.253999999999998,inf,16.295,16.295,16.295
241,TT1,BESTEFFORT,MISSED,m4-1,11.247,"{'m1-1': 2.162, 'm2-1': 1.764, 'm3-1': 4.57, 'm4-1': 0.61}",0.2775000000000034,16.061999999999998,inf,16.247,16.247,16.247
242,TT1,BESTEFFORT,MISSED,m3-1,11.254,"{'m1-1': 2.556, 'm2-1': 1.661, 'm3-1': 5.078, 'm4-1': 0.829}",0.39959999999999596,16.032,inf,16.253999999999998,16.253999999999998,16.253999999999998
243,TT2,BESTEFFORT,MISSED,m3-1,11.284,"{'m1-1': 2.334, 'm2-1': 2.113, 'm3-1': 4.338, 'm4-1': 0.828}",0.16019999999999754,16.295,inf,16.384,16.384,16.384
244,TT3,BESTEFFORT,MISSED,m4-1,11.301,"{'m1-1': 2.399, 'm2-1': 1.32, 'm3-1': 5.374, 'm4-1': 0.783}",0.07200000000000273,16.453,inf,16.501,16.501,16.501
245,TT2,BESTEFFORT,MISSED,m1-1,11.333,"{'m1-1': 2.136, 'm2-1': 1.719, 'm3-1': 4.972, 'm4-1': 0.996}",0.5007999999999981,16.12,inf,16.433,16.433,16.433
246,TT2,BESTEFFORT,MISSED,m4-1,11.353,"{'m1-1': 2.413, 'm2-1': 1.951, 'm3-1': 4.72, 'm4-1': 0.722}",0.013499999999995183,16.444000000000003,inf,16.453,16.453,16.453
247,TT3,BESTEFFORT,MISSED,m1-1,11.39,"{'m1-1': 1.867, 'm2-1': 1.281, 'm3-1': 4.921, 'm4-1': 0.853}",0.1599999999999966,16.490000000000002,inf,16.59,16.59,16.59
248,TT2,BESTEFFORT,MISSED,m1-1,11.39,"{'m1-1': 2.232, 'm2-1': 1.908, 'm3-1': 4.768, 'm4-1': 0.856}",0.09120000000000346,16.433,inf,16.490000000000002,16.490000000000002,16.490000000000002
249,TT4,BESTEFFORT,MISSED,m4-1,11.444,"{'m1-1': 1.769, 'm2-1': 1.609, 'm3-1': 4.472, 'm4-1': 0.828}",0.2955000000000041,16.247,inf,16.444000000000003,16.444000000000003,16.444000000000003
250,TT4,BESTEFFORT,MISSED,m2-1,11.45,"{'m1-1': 2.37, 'm2-1': 1.788, 'm3-1': 3.799, 'm4-1': 1.013}",0.18299999999999983,16.389,inf,16.45,16.45,16.45
251,TT1,BESTEFFORT,MISSED,m3-1,11.472,"{'m1-1': 2.593, 'm2-1': 1.788, 'm3-1': 4.529, 'm4-1': 0.753}",0.15840000000000173,16.384,inf,16.472,16.472,16.472
252,TT3,BESTEFFORT,MISSED,m4-1,11.491,"{'m1-1': 2.215, 'm2-1': 1.65, 'm3-1': 4.646, 'm4-1': 0.991}",0.2849999999999966,16.501,inf,16.691,16.691,16.691
253,TT2,BESTEFFORT,MISSED,m1-1,11.5,"{'m1-1': 2.379, 'm2-1': 2.069, 'm3-1': 3.632, 'm4-1': 0.724}",0.016000000000002502,16.59,inf,16.6,16.6,16.6
254,TT3,BESTEFFORT,MISSED,m3-1,11.54,"{'m1-1': 2.088, 'm2-1': 1.751, 'm3-1': 4.735, 'm4-1': 0.876}",0.021599999999994426,16.728,inf,16.74,16.74,16.74
255,TT4,BESTEFFORT,MISSED,m2-1,11.561,"{'m1-1': 2.012, 'm2-1': 1.347, 'm3-1': 4.463, 'm4-1': 1.019}",0.33300000000000196,16.45,inf,16.561,16.561,16.561
256,TT3,BESTEFFORT,MISSED,m3-1,11.634,"{'m1-1': 1.767, 'm2-1': 1.472, 'm3-1': 4.225, 'm4-1': 0.897}",0.16920000000000215,16.74,inf,16.834,16.834,16.834
257,TT4,BESTEFFORT,MISSED,m2-1,11.664,"{'m1-1': 2.271, 'm2-1': 1.708, 'm3-1': 5.119, 'm4-1': 0.817}",0.3090000000000046,16.561,inf,16.664,16.664,16.664
258,TT1,BESTEFFORT,MISSED,m3-1,11.728,"{'m1-1': 1.976, 'm2-1': 1.668, 'm3-1': 3.792, 'm4-1': 0.792}",0.46080000000000043,16.472,inf,16.728,16.728,16.728
259,TT2,BESTEFFORT,MISSED,m2-1,11.734,"{'m1-1': 1.944, 'm2-1': 1.869, 'm3-1': 4.434, 'm4-1': 0.775}",0.5099999999999945,16.664,inf,16.834,16.834,16.834
260,TT3,BESTEFFORT,MISSED,m4-1,11.831,"{'m1-1': 2.431, 'm2-1': 1.509, 'm3-1': 5.521, 'm4-1': 0.752}",0.04649999999999821,17.0,inf,17.031,17.031,17.031
261,TT3,BESTEFFORT,MISSED,m3-1,11.85,"{'m1-1': 2.233, 'm2-1': 1.282, 'm3-1': 4.665, 'm4-1': 0.911}",0.388800000000002,16.834,inf,17.05,17.05,17.05
262,TT4,BESTEFFORT,MISSED,m1-1,11.924,"{'m1-1': 2.037, 'm2-1': 1.631, 'm3-1': 4.843, 'm4-1': 1.015}",0.518399999999997,16.6,inf,16.924,16.924,16.924
263,TT4,BESTEFFORT,MISSED,m4-1,12.0,"{'m1-1': 1.925, 'm2-1': 1.902, 'm3-1': 3.79, 'm4-1': 0.767}",0.4635000000000016,16.691,inf,17.0,17.0,17.0
264,TT3,BESTEFFORT,MISSED,m1-1,12.014,"{'m1-1': 1.862, 'm2-1': 1.392, 'm3-1': 4.309, 'm4-1': 0.985}",0.46399999999999864,16.924,inf,17.214,17.214,17.214
265,TT4,BESTEFFORT,MISSED,m2-1,12.015,"{'m1-1': 2.319, 'm2-1': 1.567, 'm3-1': 4.19, 'm4-1': 0.846}",0.5430000000000028,16.834,inf,17.015,17.015,17.015
266,TT2,BESTEFFORT,MISSED,m4-1,12.121,"{'m1-1': 2.534, 'm2-1': 1.74, 'm3-1': 4.383, 'm4-1': 0.911}",0.2850000000000019,17.031,inf,17.221,17.221,17.221
267,TT3,BESTEFFORT,MISSED,m1-1,12.154,"{'m1-1': 1.955, 'm2-1': 1.444, 'm3-1': 5.567, 'm4-1': 0.849}",0.22400000000000092,17.214,inf,17.354,17.354,17.354
268,TT4,BESTEFFORT,MISSED,m2-1,12.299,"{'m1-1': 2.298, 'm2-1': 1.888, 'm3-1': 3.683, 'm4-1': 0.975}",0.8519999999999968,17.015,inf,17.299,17.299,17.299
269,TT4,BESTEFFORT,MISSED,m1-1,12.358,"{'m1-1': 2.134, 'm2-1': 1.369, 'm3-1': 4.521, 'm4-1': 0.897}",0.0064000000000021375,17.354,inf,17.358,17.358,17.358
270,TT4,BESTEFFORT,MISSED,m2-1,12.392,"{'m1-1': 2.353, 'm2-1': 1.436, 'm3-1': 3.754, 'm4-1': 0.93}",0.2789999999999999,17.299,inf,17.392,17.392,17.392
271,TT4,BESTEFFORT,MISSED,m4-1,12.418,"{'m1-1': 1.986, 'm2-1': 1.799, 'm3-1': 5.068, 'm4-1': 1.036}",0.29549999999999876,17.221,inf,17.418,17.418,17.418
272,TT2,BESTEFFORT,MISSED,m3-1,12.455,"{'m1-1': 2.293, 'm2-1': 1.903, 'm3-1': 4.238, 'm4-1': 0.961}",0.9089999999999983,17.05,inf,17.555,17.555,17.555
273,TT2,BESTEFFORT,MISSED,m3-1,12.527,"{'m1-1': 2.568, 'm2-1': 1.753, 'm3-1': 3.662, 'm4-1': 0.856}",0.12959999999999852,17.555,inf,17.627,17.627,17.627
274,TT4,BESTEFFORT,MISSED,m2-1,12.657,"{'m1-1': 2.158, 'm2-1': 1.646, 'm3-1': 4.049, 'm4-1': 0.983}",0.7950000000000017,17.392,inf,17.657,17.657,17.657
275,TT4,BESTEFFORT,MISSED,m3-1,12.762,"{'m1-1': 2.296, 'm2-1': 1.648, 'm3-1': 3.694, 'm4-1': 0.86}",0.24300000000000282,17.627,inf,17.762,17.762,17.762
276,TT2,BESTEFFORT,MISSED,m4-1,12.799,"{'m1-1': 2.361, 'm2-1': 1.875, 'm3-1': 4.143, 'm4-1': 0.833}",0.7215000000000025,17.418,inf,17.899,17.899,17.899
277,TT2,BESTEFFORT,MISSED,m2-1,12.808,"{'m1-1': 2.368, 'm2-1': 1.861, 'm3-1': 3.628, 'm4-1': 0.747}",0.7530000000000037,17.657,inf,17.908,17.908,17.908
278,TT1,BESTEFFORT,MISSED,m1-1,12.821,"{'m1-1': 2.157, 'm2-1': 1.405, 'm3-1': 4.072, 'm4-1': 0.785}",0.7407999999999959,17.358,inf,17.820999999999998,17.820999999999998,17.820999999999998
279,TT1,BESTEFFORT,MISSED,m4-1,12.91,"{'m1-1': 2.321, 'm2-1': 1.976, 'm3-1': 4.912, 'm4-1': 0.845}",0.01649999999999885,17.899,inf,17.91,17.91,17.91
280,TT3,BESTEFFORT,MISSED,m1-1,12.922,"{'m1-1': 2.035, 'm2-1': 1.715, 'm3-1': 4.992, 'm4-1': 0.985}",0.11680000000000064,18.049,inf,18.122,18.122,18.122
281,TT2,BESTEFFORT,MISSED,m1-1,12.949,"{'m1-1': 2.301, 'm2-1': 1.935, 'm3-1': 4.958, 'm4-1': 0.888}",0.36480000000000246,17.820999999999998,inf,18.049,18.049,18.049
282,TT3,BESTEFFORT,MISSED,m2-1,12.973,"{'m1-1': 2.025, 'm2-1': 1.697, 'm3-1': 4.842, 'm4-1': 0.742}",0.1739999999999995,18.115000000000002,inf,18.173000000000002,18.173000000000002,18.173000000000002
283,TT4,BESTEFFORT,MISSED,m3-1,13.047,"{'m1-1': 1.96, 'm2-1': 1.355, 'm3-1': 4.258, 'm4-1': 0.852}",0.5130000000000002,17.762,inf,18.047,18.047,18.047
284,TT2,BESTEFFORT,MISSED,m4-1,13.075,"{'m1-1': 1.951, 'm2-1': 2.065, 'm3-1': 4.434, 'm4-1': 0.958}",0.1304999999999943,18.088,inf,18.174999999999997,18.174999999999997,18.174999999999997
285,TT4,BESTEFFORT,MISSED,m4-1,13.088,"{'m1-1': 2.073, 'm2-1': 1.364, 'm3-1': 4.472, 'm4-1': 0.881}",0.26700000000000124,17.91,inf,18.088,18.088,18.088
286,TT1,BESTEFFORT,MISSED,m2-1,13.115,"{'m1-1': 2.088, 'm2-1': 1.828, 'm3-1': 4.751, 'm4-1': 0.644}",0.6210000000000022,17.908,inf,18.115000000000002,18.115000000000002,18.115000000000002
287,TT3,BESTEFFORT,MISSED,m3-1,13.134,"{'m1-1': 1.763, 'm2-1': 1.6, 'm3-1': 5.447, 'm4-1': 0.793}",0.14400000000000332,18.253999999999998,inf,18.334,18.334,18.334
288,TT2,BESTEFFORT,MISSED,m3-1,13.154,"{'m1-1': 2.25, 'm2-1': 1.636, 'm3-1': 4.771, 'm4-1': 1.018}",0.37259999999999494,18.047,inf,18.253999999999998,18.253999999999998,18.253999999999998
289,TT4,BESTEFFORT,MISSED,m1-1,13.168,"{'m1-1': 1.901, 'm2-1': 1.365, 'm3-1': 3.763, 'm4-1': 0.885}",0.073599999999999,18.122,inf,18.168,18.168,18.168
290,TT2,BESTEFFORT,MISSED,m3-1,13.393,"{'m1-1': 2.046, 'm2-1': 2.081, 'm3-1': 3.776, 'm4-1': 0.907}",0.28620000000000445,18.334,inf,18.493000000000002,18.493000000000002,18.493000000000002
291,TT1,BESTEFFORT,MISSED,m2-1,13.403,"{'m1-1': 2.567, 'm2-1': 1.776, 'm3-1': 4.64, 'm4-1': 0.797}",0.6899999999999906,18.173000000000002,inf,18.403,18.403,18.403
292,TT2,BESTEFFORT,MISSED,m4-1,13.416,"{'m1-1': 2.253, 'm2-1': 2.06, 'm3-1': 4.891, 'm4-1': 0.815}",0.5115000000000016,18.174999999999997,inf,18.516,18.516,18.516
293,TT2,BESTEFFORT,MISSED,m4-1,13.446,"{'m1-1': 2.019, 'm2-1': 1.526, 'm3-1': 3.721, 'm4-1': 0.947}",0.045000000000001705,18.516,inf,18.546,18.546,18.546
294,TT4,BESTEFFORT,MISSED,m1-1,13.502,"{'m1-1': 2.312, 'm2-1': 1.889, 'm3-1': 4.107, 'm4-1': 0.898}",0.5344000000000051,18.168,inf,18.502000000000002,18.502000000000002,18.502000000000002
295,TT3,BESTEFFORT,MISSED,m4-1,13.506,"{'m1-1': 1.794, 'm2-1': 1.53, 'm3-1': 4.655, 'm4-1': 0.752}",0.2400000000000002,18.546,inf,18.706,18.706,18.706
296,TT1,BESTEFFORT,MISSED,m2-1,13.528,"{'m1-1': 2.324, 'm2-1': 1.58, 'm3-1': 3.989, 'm4-1': 0.664}",0.375,18.403,inf,18.528,18.528,18.528
297,TT2,BESTEFFORT,MISSED,m1-1,13.597,"{'m1-1': 2.231, 'm2-1': 1.95, 'm3-1': 3.7, 'm4-1': 0.818}",0.3119999999999948,18.502000000000002,inf,18.697,18.697,18.697
298,TT4,BESTEFFORT,MISSED,m3-1,13.617,"{'m1-1': 2.0, 'm2-1': 1.678, 'm3-1': 5.082, 'm4-1': 0.823}",0.22319999999999782,18.493000000000002,inf,18.617,18.617,18.617
299,TT2,BESTEFFORT,MISSED,m1-1,13.669,"{'m1-1': 2.475, 'm2-1': 2.069, 'm3-1': 4.833, 'm4-1': 1.016}",0.11519999999999869,18.697,inf,18.769,18.769,18.769
300,TT2,BESTEFFORT,MISSED,m1-1,13.683,"{'m1-1': 2.549, 'm2-1': 1.584, 'm3-1': 4.64, 'm4-1': 0.837}",0.02240000000000464,18.769,inf,18.783,18.783,18.783
301,TT3,BESTEFFORT,MISSED,m3-1,13.712,"{'m1-1': 2.061, 'm2-1': 1.492, 'm3-1': 4.504, 'm4-1': 0.817}",0.5309999999999967,18.617,inf,18.912,18.912,18.912
302,TT4,BESTEFFORT,MISSED,m2-1,13.741,"{'m1-1': 2.048, 'm2-1': 1.878, 'm3-1': 4.003, 'm4-1': 0.896}",0.6390000000000029,18.528,inf,18.741,18.741,18.741
303,TT3,BESTEFFORT,MISSED,m3-1,13.801,"{'m1-1': 1.882, 'm2-1': 1.509, 'm3-1': 4.905, 'm4-1': 0.876}",0.15119999999999933,18.917,inf,19.001,19.001,19.001
304,TT1,BESTEFFORT,MISSED,m2-1,13.875,"{'m1-1': 2.482, 'm2-1': 1.977, 'm3-1': 4.361, 'm4-1': 0.675}",0.402000000000001,18.741,inf,18.875,18.875,18.875
305,TT4,BESTEFFORT,MISSED,m4-1,13.895,"{'m1-1': 2.189, 'm2-1': 1.651, 'm3-1': 3.682, 'm4-1': 1.006}",0.2835000000000001,18.706,inf,18.895,18.895,18.895
306,TT4,BESTEFFORT,MISSED,m3-1,13.917,"{'m1-1': 1.858, 'm2-1': 1.619, 'm3-1': 3.667, 'm4-1': 0.762}",0.009000000000004605,18.912,inf,18.917,18.917,18.917
307,TT4,BESTEFFORT,MISSED,m2-1,13.951,"{'m1-1': 2.153, 'm2-1': 1.58, 'm3-1': 3.814, 'm4-1': 0.826}",0.22800000000000153,18.875,inf,18.951,18.951,18.951
308,TT4,BESTEFFORT,MISSED,m1-1,14.022,"{'m1-1': 2.142, 'm2-1': 1.674, 'm3-1': 5.089, 'm4-1': 0.936}",0.3823999999999956,18.783,inf,19.022,19.022,19.022
309,TT3,BESTEFFORT,MISSED,m2-1,14.169,"{'m1-1': 2.101, 'm2-1': 1.409, 'm3-1': 5.044, 'm4-1': 0.926}",1.2539999999999978,18.951,inf,19.369,19.369,19.369
310,TT3,BESTEFFORT,MISSED,m4-1,14.202,"{'m1-1': 1.949, 'm2-1': 1.791, 'm3-1': 4.935, 'm4-1': 0.972}",0.20550000000000068,19.265,inf,19.402,19.402,19.402
311,TT3,BESTEFFORT,MISSED,m1-1,14.247,"{'m1-1': 1.763, 'm2-1': 1.433, 'm3-1': 5.93, 'm4-1': 0.935}",0.6800000000000012,19.022,inf,19.447,19.447,19.447
312,TT1,BESTEFFORT,MISSED,m4-1,14.265,"{'m1-1': 2.126, 'm2-1': 1.907, 'm3-1': 4.774, 'm4-1': 0.618}",0.5550000000000015,18.895,inf,19.265,19.265,19.265
313,TT3,BESTEFFORT,MISSED,m2-1,14.27,"{'m1-1': 1.854, 'm2-1': 1.63, 'm3-1': 4.921, 'm4-1': 0.865}",0.30299999999999727,19.369,inf,19.47,19.47,19.47
314,TT3,BESTEFFORT,MISSED,m1-1,14.272,"{'m1-1': 2.315, 'm2-1': 1.397, 'm3-1': 5.077, 'm4-1': 0.944}",0.040000000000003415,19.447,inf,19.472,19.472,19.472
315,TT3,BESTEFFORT,MISSED,m4-1,14.34,"{'m1-1': 2.361, 'm2-1': 1.667, 'm3-1': 5.825, 'm4-1': 0.987}",0.11999999999999744,19.46,inf,19.54,19.54,19.54
316,TT3,BESTEFFORT,MISSED,m2-1,14.383,"{'m1-1': 1.759, 'm2-1': 1.416, 'm3-1': 5.263, 'm4-1': 0.917}",0.1739999999999995,19.525,inf,19.583,19.583,19.583
317,TT4,BESTEFFORT,MISSED,m3-1,14.424,"{'m1-1': 1.731, 'm2-1': 1.52, 'm3-1': 4.816, 'm4-1': 0.91}",0.7613999999999969,19.001,inf,19.424,19.424,19.424
318,TT2,BESTEFFORT,MISSED,m2-1,14.425,"{'m1-1': 2.332, 'm2-1': 1.937, 'm3-1': 4.383, 'm4-1': 0.847}",0.16499999999999915,19.47,inf,19.525,19.525,19.525
319,TT4,BESTEFFORT,MISSED,m4-1,14.46,"{'m1-1': 2.095, 'm2-1': 1.887, 'm3-1': 3.926, 'm4-1': 1.025}",0.08699999999999974,19.402,inf,19.46,19.46,19.46
320,TT1,BESTEFFORT,MISSED,m1-1,14.474,"{'m1-1': 2.622, 'm2-1': 1.876, 'm3-1': 4.986, 'm4-1': 0.775}",0.003199999999998227,19.472,inf,19.474,19.474,19.474
321,TT3,BESTEFFORT,MISSED,m4-1,14.48,"{'m1-1': 2.248, 'm2-1': 1.592, 'm3-1': 4.28, 'm4-1': 0.757}",0.21000000000000085,19.54,inf,19.68,19.68,19.68
322,TT3,BESTEFFORT,MISSED,m2-1,14.506,"{'m1-1': 2.352, 'm2-1': 1.568, 'm3-1': 5.301, 'm4-1': 0.731}",0.3690000000000033,19.583,inf,19.706,19.706,19.706
323,TT1,BESTEFFORT,MISSED,m3-1,14.544,"{'m1-1': 1.993, 'm2-1': 1.905, 'm3-1': 3.617, 'm4-1': 0.818}",0.2160000000000018,19.424,inf,19.544,19.544,19.544
324,TT1,BESTEFFORT,MISSED,m3-1,14.561,"{'m1-1': 2.337, 'm2-1': 1.932, 'm3-1': 4.48, 'm4-1': 0.783}",0.030599999999999027,19.544,inf,19.561,19.561,19.561
325,TT4,BESTEFFORT,MISSED,m3-1,14.588,"{'m1-1': 1.899, 'm2-1': 1.465, 'm3-1': 5.082, 'm4-1': 1.044}",0.04860000000000184,19.561,inf,19.588,19.588,19.588
326,TT4,BESTEFFORT,MISSED,m1-1,14.614,"{'m1-1': 2.347, 'm2-1': 1.562, 'm3-1': 3.955, 'm4-1': 0.912}",0.22400000000000092,19.474,inf,19.614,19.614,19.614
327,TT2,BESTEFFORT,MISSED,m4-1,14.64,"{'m1-1': 2.381, 'm2-1': 1.531, 'm3-1': 4.079, 'm4-1': 0.843}",0.09000000000000341,19.68,inf,19.740000000000002,19.740000000000002,19.740000000000002
328,TT4,BESTEFFORT,MISSED,m3-1,14.74,"{'m1-1': 1.95, 'm2-1': 1.713, 'm3-1': 4.068, 'm4-1': 0.793}",0.27360000000000184,19.588,inf,19.740000000000002,19.740000000000002,19.740000000000002
329,TT3,BESTEFFORT,MISSED,m4-1,14.932,"{'m1-1': 2.224, 'm2-1': 1.321, 'm3-1': 5.975, 'm4-1': 0.748}",0.5879999999999992,19.740000000000002,inf,20.132,20.132,20.132
330,TT3,BESTEFFORT,MISSED,m2-1,14.948,"{'m1-1': 2.212, 'm2-1': 1.703, 'm3-1': 4.657, 'm4-1': 0.931}",1.3260000000000005,19.706,inf,20.148,20.148,20.148
331,TT3,BESTEFFORT,MISSED,m1-1,14.954,"{'m1-1': 2.031, 'm2-1': 1.373, 'm3-1': 5.56, 'm4-1': 0.96}",0.16959999999999698,20.048000000000002,inf,20.154,20.154,20.154
332,TT1,BESTEFFORT,MISSED,m1-1,15.048,"{'m1-1': 1.929, 'm2-1': 1.95, 'm3-1': 4.132, 'm4-1': 0.709}",0.6944000000000017,19.614,inf,20.048000000000002,20.048000000000002,20.048000000000002
333,TT3,BESTEFFORT,MISSED,m3-1,15.104,"{'m1-1': 1.898, 'm2-1': 1.53, 'm3-1': 5.565, 'm4-1': 0.991}",1.0151999999999937,19.740000000000002,inf,20.304,20.304,20.304
334,TT3,BESTEFFORT,MISSED,m3-1,15.182,"{'m1-1': 1.832, 'm2-1': 1.432, 'm3-1': 5.107, 'm4-1': 1.012}",0.14040000000000533,20.304,inf,20.382,20.382,20.382
335,TT1,BESTEFFORT,MISSED,m1-1,15.212,"{'m1-1': 1.954, 'm2-1': 1.811, 'm3-1': 4.747, 'm4-1': 0.63}",0.09279999999999973,20.154,inf,20.212,20.212,20.212
336,TT1,BESTEFFORT,MISSED,m2-1,15.215,"{'m1-1': 2.386, 'm2-1': 1.521, 'm3-1': 3.797, 'm4-1': 0.754}",0.2010000000000005,20.148,inf,20.215,20.215,20.215
337,TT4,BESTEFFORT,MISSED,m4-1,15.284,"{'m1-1': 2.165, 'm2-1': 1.729, 'm3-1': 4.895, 'm4-1': 0.905}",0.2279999999999962,20.132,inf,20.284,20.284,20.284
338,TT2,BESTEFFORT,MISSED,m3-1,15.332,"{'m1-1': 1.888, 'm2-1': 1.605, 'm3-1': 4.661, 'm4-1': 0.957}",0.09000000000000129,20.382,inf,20.432000000000002,20.432000000000002,20.432000000000002
339,TT2,BESTEFFORT,MISSED,m1-1,15.37,"{'m1-1': 1.943, 'm2-1': 1.743, 'm3-1': 4.83, 'm4-1': 0.744}",0.4127999999999986,20.212,inf,20.47,20.47,20.47
340,TT2,BESTEFFORT,MISSED,m4-1,15.383,"{'m1-1': 2.115, 'm2-1': 1.592, 'm3-1': 5.074, 'm4-1': 0.938}",0.2984999999999971,20.284,inf,20.482999999999997,20.482999999999997,20.482999999999997
341,TT1,BESTEFFORT,MISSED,m2-1,15.389,"{'m1-1': 2.315, 'm2-1': 1.662, 'm3-1': 3.807, 'm4-1': 0.655}",0.5219999999999985,20.215,inf,20.389,20.389,20.389
342,TT2,BESTEFFORT,MISSED,m2-1,15.436,"{'m1-1': 1.912, 'm2-1': 2.06, 'm3-1': 4.61, 'm4-1': 0.997}",0.44100000000000605,20.389,inf,20.536,20.536,20.536
343,TT3,BESTEFFORT,MISSED,m4-1,15.438,"{'m1-1': 2.019, 'm2-1': 1.41, 'm3-1': 4.842, 'm4-1': 0.95}",0.23250000000000703,20.482999999999997,inf,20.638,20.638,20.638
344,TT3,BESTEFFORT,MISSED,m2-1,15.528,"{'m1-1': 1.96, 'm2-1': 1.782, 'm3-1': 5.498, 'm4-1': 0.914}",0.5760000000000005,20.536,inf,20.728,20.728,20.728
345,TT4,BESTEFFORT,MISSED,m3-1,15.609,"{'m1-1': 2.032, 'm2-1': 1.659, 'm3-1': 4.615, 'm4-1': 1.042}",0.3185999999999993,20.432000000000002,inf,20.609,20.609,20.609
346,TT2,BESTEFFORT,MISSED,m1-1,15.656,"{'m1-1': 2.368, 'm2-1': 1.735, 'm3-1': 3.773, 'm4-1': 0.972}",0.15360000000000015,20.66,inf,20.756,20.756,20.756
347,TT1,BESTEFFORT,MISSED,m1-1,15.66,"{'m1-1': 2.233, 'm2-1': 1.567, 'm3-1': 4.35, 'm4-1': 0.751}",0.30400000000000205,20.47,inf,20.66,20.66,20.66
348,TT2,BESTEFFORT,MISSED,m1-1,15.661,"{'m1-1': 2.529, 'm2-1': 2.14, 'm3-1': 4.764, 'm4-1': 0.797}",0.00799999999999841,20.756,inf,20.761,20.761,20.761
349,TT4,BESTEFFORT,MISSED,m4-1,15.668,"{'m1-1': 1.865, 'm2-1': 1.638, 'm3-1': 4.67, 'm4-1': 0.835}",0.044999999999996376,20.638,inf,20.668,20.668,20.668
350,TT3,BESTEFFORT,MISSED,m4-1,15.711,"{'m1-1': 1.89, 'm2-1': 1.623, 'm3-1': 5.523, 'm4-1': 0.892}",0.36450000000000315,20.668,inf,20.911,20.911,20.911
351,TT2,BESTEFFORT,MISSED,m2-1,15.711,"{'m1-1': 2.615, 'm2-1': 1.726, 'm3-1': 4.37, 'm4-1': 1.003}",0.24899999999999523,20.728,inf,20.811,20.811,20.811
352,TT3,BESTEFFORT,MISSED,m3-1,15.712,"{'m1-1': 2.425, 'm2-1': 1.494, 'm3-1': 5.738, 'm4-1': 1.002}",0.5453999999999951,20.609,inf,20.912,20.912,20.912
353,TT2,BESTEFFORT,MISSED,m2-1,15.871,"{'m1-1': 2.51, 'm2-1': 1.803, 'm3-1': 4.673, 'm4-1': 1.007}",0.4800000000000004,20.811,inf,20.971,20.971,20.971
354,TT4,BESTEFFORT,MISSED,m3-1,15.925,"{'m1-1': 2.219, 'm2-1': 1.409, 'm3-1': 3.766, 'm4-1': 0.891}",0.02340000000000302,20.912,inf,20.925,20.925,20.925
355,TT2,BESTEFFORT,MISSED,m1-1,15.967,"{'m1-1': 2.246, 'm2-1': 1.984, 'm3-1': 4.661, 'm4-1': 0.82}",0.48960000000000153,20.761,inf,21.067,21.067,21.067
356,TT4,BESTEFFORT,MISSED,m3-1,16.016,"{'m1-1': 2.423, 'm2-1': 1.709, 'm3-1': 4.349, 'm4-1': 1.068}",0.16379999999999556,20.925,inf,21.016,21.016,21.016
357,TT4,BESTEFFORT,MISSED,m4-1,16.128,"{'m1-1': 1.904, 'm2-1': 1.888, 'm3-1': 4.435, 'm4-1': 0.795}",0.3254999999999981,20.911,inf,21.128,21.128,21.128
358,TT4,BESTEFFORT,MISSED,m2-1,16.192,"{'m1-1': 2.426, 'm2-1': 1.411, 'm3-1': 4.554, 'm4-1': 0.994}",0.6630000000000003,20.971,inf,21.192,21.192,21.192
359,TT2,BESTEFFORT,MISSED,m4-1,16.205,"{'m1-1': 1.93, 'm2-1': 2.113, 'm3-1': 5.056, 'm4-1': 0.988}",0.2654999999999994,21.128,inf,21.305,21.305,21.305
360,TT4,BESTEFFORT,MISSED,m3-1,16.247,"{'m1-1': 2.305, 'm2-1': 1.775, 'm3-1': 5.023, 'm4-1': 0.817}",0.415800000000003,21.016,inf,21.247,21.247,21.247
361,TT3,BESTEFFORT,MISSED,m1-1,16.261,"{'m1-1': 2.007, 'm2-1': 1.417, 'm3-1': 5.65, 'm4-1': 0.94}",0.004800000000000183,21.458,inf,21.461,21.461,21.461
362,TT2,BESTEFFORT,MISSED,m1-1,16.271,"{'m1-1': 2.421, 'm2-1': 1.98, 'm3-1': 4.324, 'm4-1': 0.91}",0.4864000000000033,21.067,inf,21.371000000000002,21.371000000000002,21.371000000000002
363,TT2,BESTEFFORT,MISSED,m1-1,16.358,"{'m1-1': 2.166, 'm2-1': 1.943, 'm3-1': 5.103, 'm4-1': 0.731}",0.1391999999999939,21.371000000000002,inf,21.458,21.458,21.458
364,TT1,BESTEFFORT,MISSED,m4-1,16.406,"{'m1-1': 1.914, 'm2-1': 1.613, 'm3-1': 4.606, 'm4-1': 0.65}",0.15149999999999864,21.305,inf,21.406,21.406,21.406
365,TT4,BESTEFFORT,MISSED,m2-1,16.436,"{'m1-1': 2.397, 'm2-1': 1.776, 'm3-1': 4.483, 'm4-1': 0.771}",0.7319999999999993,21.192,inf,21.436,21.436,21.436
366,TT4,BESTEFFORT,MISSED,m2-1,16.461,"{'m1-1': 2.06, 'm2-1': 1.736, 'm3-1': 4.183, 'm4-1': 0.985}",0.07499999999999574,21.436,inf,21.461,21.461,21.461
367,TT1,BESTEFFORT,MISSED,m4-1,16.507,"{'m1-1': 2.453, 'm2-1': 1.412, 'm3-1': 4.608, 'm4-1': 0.863}",0.15150000000000396,21.406,inf,21.507,21.507,21.507
368,TT2,BESTEFFORT,MISSED,m3-1,16.587,"{'m1-1': 2.109, 'm2-1': 1.883, 'm3-1': 4.715, 'm4-1': 0.984}",0.16019999999999754,21.598,inf,21.686999999999998,21.686999999999998,21.686999999999998
369,TT4,BESTEFFORT,MISSED,m3-1,16.59,"{'m1-1': 2.118, 'm2-1': 1.887, 'm3-1': 4.72, 'm4-1': 0.969}",0.6174,21.247,inf,21.59,21.59,21.59
370,TT3,BESTEFFORT,MISSED,m3-1,16.597,"{'m1-1': 1.773, 'm2-1': 1.342, 'm3-1': 4.381, 'm4-1': 0.875}",0.19800000000000537,21.686999999999998,inf,21.797,21.797,21.797
371,TT4,BESTEFFORT,MISSED,m3-1,16.598,"{'m1-1': 1.789, 'm2-1': 1.349, 'm3-1': 4.606, 'm4-1': 1.051}",0.014399999999998414,21.59,inf,21.598,21.598,21.598
372,TT4,BESTEFFORT,MISSED,m2-1,16.657,"{'m1-1': 1.918, 'm2-1': 1.525, 'm3-1': 3.66, 'm4-1': 0.965}",0.5880000000000045,21.461,inf,21.657,21.657,21.657
373,TT2,BESTEFFORT,MISSED,m2-1,16.661,"{'m1-1': 2.095, 'm2-1': 1.821, 'm3-1': 3.86, 'm4-1': 0.898}",0.31200000000000827,21.657,inf,21.761000000000003,21.761000000000003,21.761000000000003
374,TT3,BESTEFFORT,MISSED,m1-1,16.709,"{'m1-1': 1.902, 'm2-1': 1.449, 'm3-1': 4.758, 'm4-1': 0.733}",0.3007999999999982,21.721,inf,21.909,21.909,21.909
375,TT4,BESTEFFORT,MISSED,m1-1,16.721,"{'m1-1': 2.287, 'm2-1': 1.864, 'm3-1': 5.094, 'm4-1': 0.926}",0.41600000000000253,21.461,inf,21.721,21.721,21.721
376,TT1,BESTEFFORT,MISSED,m4-1,16.732,"{'m1-1': 2.483, 'm2-1': 1.957, 'm3-1': 4.001, 'm4-1': 0.658}",0.3374999999999968,21.507,inf,21.732,21.732,21.732
377,TT2,BESTEFFORT,MISSED,m4-1,16.739,"{'m1-1': 2.48, 'm2-1': 2.057, 'm3-1': 4.958, 'm4-1': 0.765}",0.16049999999999898,21.732,inf,21.839,21.839,21.839
378,TT3,BESTEFFORT,MISSED,m2-1,16.813,"{'m1-1': 1.78, 'm2-1': 1.498, 'm3-1': 4.252, 'm4-1': 0.72}",0.755999999999986,21.761000000000003,inf,22.012999999999998,22.012999999999998,22.012999999999998
379,TT3,BESTEFFORT,MISSED,m1-1,16.841,"{'m1-1': 1.882, 'm2-1': 1.541, 'm3-1': 5.444, 'm4-1': 0.856}",0.21120000000000233,21.909,inf,22.041,22.041,22.041
380,TT2,BESTEFFORT,MISSED,m2-1,16.951,"{'m1-1': 2.027, 'm2-1': 1.841, 'm3-1': 4.123, 'm4-1': 0.991}",0.11400000000001143,22.012999999999998,inf,22.051000000000002,22.051000000000002,22.051000000000002
381,TT2,BESTEFFORT,MISSED,m4-1,16.965,"{'m1-1': 1.926, 'm2-1': 2.028, 'm3-1': 4.815, 'm4-1': 0.74}",0.09449999999999825,22.002,inf,22.064999999999998,22.064999999999998,22.064999999999998
382,TT1,BESTEFFORT,MISSED,m4-1,17.002,"{'m1-1': 1.995, 'm2-1': 1.836, 'm3-1': 4.355, 'm4-1': 0.847}",0.24450000000000038,21.839,inf,22.002,22.002,22.002
383,TT2,BESTEFFORT,MISSED,m2-1,17.035,"{'m1-1': 2.322, 'm2-1': 1.699, 'm3-1': 3.85, 'm4-1': 0.738}",0.25199999999998823,22.051000000000002,inf,22.134999999999998,22.134999999999998,22.134999999999998
384,TT4,BESTEFFORT,MISSED,m1-1,17.061,"{'m1-1': 2.105, 'm2-1': 1.369, 'm3-1': 4.995, 'm4-1': 1.018}",0.03199999999999932,22.041,inf,22.061,22.061,22.061
385,TT3,BESTEFFORT,MISSED,m1-1,17.075,"{'m1-1': 2.326, 'm2-1': 1.486, 'm3-1': 5.658, 'm4-1': 0.833}",0.3423999999999978,22.061,inf,22.275,22.275,22.275
386,TT1,BESTEFFORT,MISSED,m3-1,17.079,"{'m1-1': 1.885, 'm2-1': 1.847, 'm3-1': 4.584, 'm4-1': 0.74}",0.5076,21.797,inf,22.079,22.079,22.079
387,TT2,BESTEFFORT,MISSED,m3-1,17.096,"{'m1-1': 2.169, 'm2-1': 1.774, 'm3-1': 4.191, 'm4-1': 0.869}",0.12419999999999831,22.127,inf,22.195999999999998,22.195999999999998,22.195999999999998
388,TT1,BESTEFFORT,MISSED,m3-1,17.127,"{'m1-1': 2.464, 'm2-1': 1.869, 'm3-1': 4.456, 'm4-1': 0.734}",0.08639999999999688,22.079,inf,22.127,22.127,22.127
389,TT3,BESTEFFORT,MISSED,m3-1,17.191,"{'m1-1': 1.884, 'm2-1': 1.529, 'm3-1': 4.949, 'm4-1': 0.968}",0.35100000000000053,22.195999999999998,inf,22.391,22.391,22.391
390,TT2,BESTEFFORT,MISSED,m4-1,17.196,"{'m1-1': 2.276, 'm2-1': 1.535, 'm3-1': 4.914, 'm4-1': 0.773}",0.3465000000000025,22.064999999999998,inf,22.296,22.296,22.296
391,TT3,BESTEFFORT,MISSED,m1-1,17.202,"{'m1-1': 2.209, 'm2-1': 1.592, 'm3-1': 4.66, 'm4-1': 0.821}",0.20320000000000393,22.275,inf,22.402,22.402,22.402
392,TT1,BESTEFFORT,MISSED,m2-1,17.31,"{'m1-1': 2.225, 'm2-1': 1.851, 'm3-1': 3.675, 'm4-1': 0.7}",0.5250000000000021,22.134999999999998,inf,22.31,22.31,22.31
393,TT1,BESTEFFORT,MISSED,m4-1,17.392,"{'m1-1': 2.049, 'm2-1': 1.716, 'm3-1': 4.201, 'm4-1': 0.633}",0.14400000000000013,22.296,inf,22.392,22.392,22.392
394,TT2,BESTEFFORT,MISSED,m2-1,17.516,"{'m1-1': 2.375, 'm2-1': 1.914, 'm3-1': 4.848, 'm4-1': 0.995}",0.9180000000000028,22.31,inf,22.616,22.616,22.616
395,TT4,BESTEFFORT,MISSED,m4-1,17.587,"{'m1-1': 2.062, 'm2-1': 1.465, 'm3-1': 3.637, 'm4-1': 0.8}",0.2925000000000004,22.392,inf,22.587,22.587,22.587
396,TT4,BESTEFFORT,MISSED,m1-1,17.621,"{'m1-1': 1.928, 'm2-1': 1.726, 'm3-1': 4.551, 'm4-1': 0.769}",0.35039999999999627,22.402,inf,22.621,22.621,22.621
397,TT1,BESTEFFORT,MISSED,m2-1,17.654,"{'m1-1': 2.35, 'm2-1': 1.806, 'm3-1': 4.867, 'm4-1': 0.674}",0.11400000000000077,22.616,inf,22.654,22.654,22.654
398,TT2,BESTEFFORT,MISSED,m1-1,17.68,"{'m1-1': 2.155, 'm2-1': 1.766, 'm3-1': 4.044, 'm4-1': 0.913}",0.25440000000000396,22.621,inf,22.78,22.78,22.78
399,TT3,BESTEFFORT,MISSED,m3-1,17.79,"{'m1-1': 2.257, 'm2-1': 1.751, 'm3-1': 4.727, 'm4-1': 0.884}",1.0782000000000005,22.391,inf,22.99,22.99,22.99
400,TT2,BESTEFFORT,MISSED,m4-1,17.832,"{'m1-1': 1.935, 'm2-1': 1.743, 'm3-1': 4.06, 'm4-1': 1.014}",0.5175000000000036,22.587,inf,22.932000000000002,22.932000000000002,22.932000000000002
401,TT3,BESTEFFORT,MISSED,m3-1,17.902,"{'m1-1': 1.819, 'm2-1': 1.642, 'm3-1': 5.551, 'm4-1': 0.831}",0.09900000000000589,23.046999999999997,inf,23.102,23.102,23.102
402,TT3,BESTEFFORT,MISSED,m4-1,17.94,"{'m1-1': 2.193, 'm2-1': 1.642, 'm3-1': 4.682, 'm4-1': 0.89}",0.3119999999999976,22.932000000000002,inf,23.14,23.14,23.14
403,TT2,BESTEFFORT,MISSED,m3-1,17.947,"{'m1-1': 2.14, 'm2-1': 1.722, 'm3-1': 4.131, 'm4-1': 0.934}",0.1025999999999975,22.99,inf,23.046999999999997,23.046999999999997,23.046999999999997
404,TT2,BESTEFFORT,MISSED,m2-1,17.974,"{'m1-1': 2.005, 'm2-1': 1.802, 'm3-1': 4.295, 'm4-1': 0.839}",1.2599999999999945,22.654,inf,23.073999999999998,23.073999999999998,23.073999999999998
405,TT2,BESTEFFORT,MISSED,m1-1,18.01,"{'m1-1': 1.932, 'm2-1': 1.512, 'm3-1': 5.025, 'm4-1': 0.911}",0.5279999999999972,22.78,inf,23.11,23.11,23.11
406,TT3,BESTEFFORT,MISSED,m2-1,18.026,"{'m1-1': 2.027, 'm2-1': 1.483, 'm3-1': 5.654, 'm4-1': 0.812}",0.45600000000000307,23.073999999999998,inf,23.226,23.226,23.226
407,TT3,BESTEFFORT,MISSED,m4-1,18.25,"{'m1-1': 2.054, 'm2-1': 1.605, 'm3-1': 5.423, 'm4-1': 0.719}",0.4649999999999981,23.14,inf,23.45,23.45,23.45
408,TT3,BESTEFFORT,MISSED,m1-1,18.311,"{'m1-1': 2.24, 'm2-1': 1.627, 'm3-1': 5.954, 'm4-1': 0.77}",0.6415999999999997,23.11,inf,23.511,23.511,23.511
409,TT3,BESTEFFORT,MISSED,m4-1,18.324,"{'m1-1': 1.955, 'm2-1': 1.298, 'm3-1': 5.767, 'm4-1': 0.764}",0.11100000000000243,23.45,inf,23.524,23.524,23.524
410,TT1,BESTEFFORT,MISSED,m3-1,18.429,"{'m1-1': 2.031, 'm2-1': 1.855, 'm3-1': 3.726, 'm4-1': 0.651}",0.5885999999999968,23.102,inf,23.429,23.429,23.429
411,TT2,BESTEFFORT,MISSED,m2-1,18.443,"{'m1-1': 2.186, 'm2-1': 1.546, 'm3-1': 4.846, 'm4-1': 0.775}",0.9510000000000005,23.226,inf,23.543,23.543,23.543
412,TT3,BESTEFFORT,MISSED,m3-1,18.529,"{'m1-1': 1.915, 'm2-1': 1.593, 'm3-1': 5.9, 'm4-1': 0.751}",0.5400000000000013,23.429,inf,23.729,23.729,23.729
413,TT2,BESTEFFORT,MISSED,m1-1,18.581,"{'m1-1': 2.2, 'm2-1': 1.684, 'm3-1': 4.978, 'm4-1': 0.868}",0.08319999999999368,23.629,inf,23.680999999999997,23.680999999999997,23.680999999999997
414,TT4,BESTEFFORT,MISSED,m1-1,18.629,"{'m1-1': 2.43, 'm2-1': 1.554, 'm3-1': 5.083, 'm4-1': 0.833}",0.18880000000000338,23.511,inf,23.629,23.629,23.629
415,TT4,BESTEFFORT,MISSED,m2-1,18.644,"{'m1-1': 2.157, 'm2-1': 1.505, 'm3-1': 4.707, 'm4-1': 0.809}",0.30299999999999727,23.543,inf,23.644,23.644,23.644
416,TT2,BESTEFFORT,MISSED,m3-1,18.681,"{'m1-1': 1.883, 'm2-1': 1.898, 'm3-1': 4.292, 'm4-1': 0.745}",0.09359999999999928,23.729,inf,23.781,23.781,23.781
417,TT1,BESTEFFORT,MISSED,m4-1,18.71,"{'m1-1': 2.234, 'm2-1': 1.544, 'm3-1': 4.249, 'm4-1': 0.79}",0.2789999999999999,23.524,inf,23.71,23.71,23.71
418,TT3,BESTEFFORT,MISSED,m3-1,18.719,"{'m1-1': 1.926, 'm2-1': 1.665, 'm3-1': 4.66, 'm4-1': 0.84}",0.24840000000000304,23.781,inf,23.919,23.919,23.919
419,TT4,BESTEFFORT,MISSED,m2-1,18.847,"{'m1-1': 1.846, 'm2-1': 1.36, 'm3-1': 4.944, 'm4-1': 0.901}",0.6090000000000089,23.644,inf,23.847,23.847,23.847
420,TT4,BESTEFFORT,MISSED,m1-1,18.954,"{'m1-1': 2.406, 'm2-1': 1.414, 'm3-1': 4.162, 'm4-1': 0.825}",0.4368000000000052,23.680999999999997,inf,23.954,23.954,23.954
421,TT3,BESTEFFORT,MISSED,m4-1,19.068,"{'m1-1': 1.989, 'm2-1': 1.552, 'm3-1': 5.975, 'm4-1': 0.925}",0.26250000000000107,24.093,inf,24.268,24.268,24.268
422,TT4,BESTEFFORT,MISSED,m4-1,19.093,"{'m1-1': 2.064, 'm2-1': 1.841, 'm3-1': 4.993, 'm4-1': 0.941}",0.5744999999999987,23.71,inf,24.093,24.093,24.093
423,TT4,BESTEFFORT,MISSED,m2-1,19.101,"{'m1-1': 2.151, 'm2-1': 1.56, 'm3-1': 4.24, 'm4-1': 0.991}",0.7619999999999933,23.847,inf,24.101,24.101,24.101
424,TT4,BESTEFFORT,MISSED,m3-1,19.109,"{'m1-1': 2.076, 'm2-1': 1.754, 'm3-1': 4.409, 'm4-1': 0.986}",0.3420000000000023,23.919,inf,24.109,24.109,24.109
425,TT2,BESTEFFORT,MISSED,m4-1,19.181,"{'m1-1': 2.378, 'm2-1': 1.958, 'm3-1': 4.37, 'm4-1': 0.968}",0.019499999999997186,24.268,inf,24.281,24.281,24.281
426,TT2,BESTEFFORT,MISSED,m2-1,19.194,"{'m1-1': 2.213, 'm2-1': 1.748, 'm3-1': 4.706, 'm4-1': 0.895}",0.5789999999999935,24.101,inf,24.293999999999997,24.293999999999997,24.293999999999997
427,TT4,BESTEFFORT,MISSED,m1-1,19.273,"{'m1-1': 2.322, 'm2-1': 1.608, 'm3-1': 4.896, 'm4-1': 0.861}",0.5103999999999985,23.954,inf,24.273,24.273,24.273
428,TT2,BESTEFFORT,MISSED,m1-1,19.317,"{'m1-1': 2.045, 'm2-1': 1.804, 'm3-1': 4.675, 'm4-1': 0.949}",0.23040000000000305,24.273,inf,24.417,24.417,24.417
429,TT2,BESTEFFORT,MISSED,m1-1,19.369,"{'m1-1': 1.973, 'm2-1': 1.625, 'm3-1': 5.098, 'm4-1': 0.996}",0.08319999999999937,24.417,inf,24.469,24.469,24.469
430,TT3,BESTEFFORT,MISSED,m3-1,19.38,"{'m1-1': 2.336, 'm2-1': 1.72, 'm3-1': 4.427, 'm4-1': 0.72}",0.04139999999999944,24.557,inf,24.58,24.58,24.58
431,TT4,BESTEFFORT,MISSED,m2-1,19.437,"{'m1-1': 2.055, 'm2-1': 1.364, 'm3-1': 3.752, 'm4-1': 1.013}",0.4290000000000127,24.293999999999997,inf,24.437,24.437,24.437
432,TT3,BESTEFFORT,MISSED,m1-1,19.456,"{'m1-1': 1.744, 'm2-1': 1.397, 'm3-1': 4.488, 'm4-1': 0.735}",0.2991999999999962,24.469,inf,24.656,24.656,24.656
433,TT2,BESTEFFORT,MISSED,m2-1,19.473,"{'m1-1': 2.016, 'm2-1': 1.614, 'm3-1': 3.911, 'm4-1': 0.9}",0.4079999999999977,24.437,inf,24.573,24.573,24.573
434,TT1,BESTEFFORT,MISSED,m4-1,19.508,"{'m1-1': 2.388, 'm2-1': 1.591, 'm3-1': 3.607, 'm4-1': 0.693}",0.34050000000000047,24.281,inf,24.508,24.508,24.508
435,TT4,BESTEFFORT,MISSED,m3-1,19.518,"{'m1-1': 2.037, 'm2-1': 1.803, 'm3-1': 4.289, 'm4-1': 0.897}",0.7361999999999981,24.109,inf,24.518,24.518,24.518
436,TT4,BESTEFFORT,MISSED,m3-1,19.557,"{'m1-1': 1.808, 'm2-1': 1.745, 'm3-1': 4.375, 'm4-1': 0.932}",0.07019999999999627,24.518,inf,24.557,24.557,24.557
437,TT3,BESTEFFORT,MISSED,m4-1,19.58,"{'m1-1': 1.82, 'm2-1': 1.765, 'm3-1': 5.93, 'm4-1': 0.736}",0.4079999999999977,24.508,inf,24.779999999999998,24.779999999999998,24.779999999999998
438,TT2,BESTEFFORT,MISSED,m3-1,19.771,"{'m1-1': 2.556, 'm2-1': 2.049, 'm3-1': 4.739, 'm4-1': 0.895}",0.523800000000007,24.58,inf,24.871000000000002,24.871000000000002,24.871000000000002
439,TT3,BESTEFFORT,MISSED,m1-1,19.841,"{'m1-1': 1.878, 'm2-1': 1.644, 'm3-1': 5.197, 'm4-1': 0.931}",0.6160000000000025,24.656,inf,25.041,25.041,25.041
440,TT1,BESTEFFORT,MISSED,m2-1,19.849,"{'m1-1': 2.061, 'm2-1': 1.531, 'm3-1': 4.611, 'm4-1': 0.661}",0.8279999999999994,24.573,inf,24.849,24.849,24.849
441,TT3,BESTEFFORT,MISSED,m4-1,19.881,"{'m1-1': 2.052, 'm2-1': 1.727, 'm3-1': 5.454, 'm4-1': 0.893}",0.26399999999999757,24.905,inf,25.081,25.081,25.081
442,TT1,BESTEFFORT,MISSED,m4-1,19.905,"{'m1-1': 2.458, 'm2-1': 1.822, 'm3-1': 4.132, 'm4-1': 0.786}",0.18750000000000533,24.779999999999998,inf,24.905,24.905,24.905
443,TT3,BESTEFFORT,MISSED,m2-1,19.943,"{'m1-1': 2.162, 'm2-1': 1.299, 'm3-1': 4.833, 'm4-1': 0.911}",0.8820000000000014,24.849,inf,25.143,25.143,25.143
444,TT2,BESTEFFORT,MISSED,m1-1,20.047,"{'m1-1': 2.061, 'm2-1': 2.087, 'm3-1': 5.053, 'm4-1': 0.829}",0.16959999999999698,25.041,inf,25.147,25.147,25.147
445,TT3,BESTEFFORT,MISSED,m1-1,20.067,"{'m1-1': 2.092, 'm2-1': 1.399, 'm3-1': 5.825, 'm4-1': 0.871}",0.1920000000000016,25.147,inf,25.267,25.267,25.267
446,TT3,BESTEFFORT,MISSED,m4-1,20.119,"{'m1-1': 1.894, 'm2-1': 1.501, 'm3-1': 5.631, 'm4-1': 0.785}",0.3569999999999993,25.081,inf,25.319,25.319,25.319
447,TT4,BESTEFFORT,MISSED,m2-1,20.237,"{'m1-1': 2.269, 'm2-1': 1.644, 'm3-1': 4.116, 'm4-1': 1.001}",0.2819999999999929,25.143,inf,25.237,25.237,25.237
448,TT4,BESTEFFORT,MISSED,m3-1,20.343,"{'m1-1': 2.336, 'm2-1': 1.878, 'm3-1': 3.764, 'm4-1': 1.031}",0.849599999999996,24.871000000000002,inf,25.343,25.343,25.343
449,TT4,BESTEFFORT,MISSED,m3-1,20.611,"{'m1-1': 2.239, 'm2-1': 1.45, 'm3-1': 4.959, 'm4-1': 0.901}",0.4824000000000012,25.343,inf,25.611,25.611,25.611
450,TT4,BESTEFFORT,MISSED,m2-1,20.612,"{'m1-1': 1.797, 'm2-1': 1.734, 'm3-1': 4.234, 'm4-1': 0.958}",1.125,25.237,inf,25.612,25.612,25.612
451,TT3,BESTEFFORT,MISSED,m3-1,20.664,"{'m1-1': 1.979, 'm2-1': 1.505, 'm3-1': 4.943, 'm4-1': 0.933}",0.34919999999999835,25.67,inf,25.864,25.864,25.864
452,TT4,BESTEFFORT,MISSED,m3-1,20.67,"{'m1-1': 2.329, 'm2-1': 1.646, 'm3-1': 4.377, 'm4-1': 1.037}",0.10620000000000189,25.611,inf,25.67,25.67,25.67
453,TT2,BESTEFFORT,MISSED,m4-1,20.695,"{'m1-1': 2.251, 'm2-1': 1.781, 'm3-1': 4.078, 'm4-1': 0.936}",0.714000000000004,25.319,inf,25.795,25.795,25.795
454,TT1,BESTEFFORT,MISSED,m1-1,20.715,"{'m1-1': 2.108, 'm2-1': 1.74, 'm3-1': 4.61, 'm4-1': 0.778}",0.7168000000000007,25.267,inf,25.715,25.715,25.715
455,TT3,BESTEFFORT,MISSED,m4-1,20.775,"{'m1-1': 2.252, 'm2-1': 1.78, 'm3-1': 5.126, 'm4-1': 0.752}",0.061500000000000554,25.933999999999997,inf,25.974999999999998,25.974999999999998,25.974999999999998
456,TT1,BESTEFFORT,MISSED,m2-1,20.825,"{'m1-1': 2.433, 'm2-1': 1.809, 'm3-1': 3.696, 'm4-1': 0.832}",0.6390000000000029,25.612,inf,25.825,25.825,25.825
457,TT2,BESTEFFORT,MISSED,m4-1,20.834,"{'m1-1': 2.293, 'm2-1': 2.121, 'm3-1': 4.266, 'm4-1': 0.993}",0.2084999999999937,25.795,inf,25.933999999999997,25.933999999999997,25.933999999999997
458,TT2,BESTEFFORT,MISSED,m1-1,20.86,"{'m1-1': 2.279, 'm2-1': 1.991, 'm3-1': 4.587, 'm4-1': 0.725}",0.3920000000000016,25.715,inf,25.96,25.96,25.96
459,TT3,BESTEFFORT,MISSED,m2-1,20.869,"{'m1-1': 1.974, 'm2-1': 1.737, 'm3-1': 5.636, 'm4-1': 0.749}",0.22800000000000153,25.993,inf,26.069,26.069,26.069
460,TT3,BESTEFFORT,MISSED,m3-1,20.924,"{'m1-1': 2.006, 'm2-1': 1.67, 'm3-1': 5.203, 'm4-1': 0.868}",0.4679999999999964,25.864,inf,26.124,26.124,26.124
461,TT2,BESTEFFORT,MISSED,m4-1,20.991,"{'m1-1': 1.89, 'm2-1': 2.122, 'm3-1': 5.087, 'm4-1': 0.81}",0.17400000000000482,25.974999999999998,inf,26.091,26.091,26.091
462,TT1,BESTEFFORT,MISSED,m2-1,20.993,"{'m1-1': 2.183, 'm2-1': 1.541, 'm3-1': 3.884, 'm4-1': 0.687}",0.5039999999999978,25.825,inf,25.993,25.993,25.993
463,TT1,BESTEFFORT,MISSED,m1-1,21.043,"{'m1-1': 2.056, 'm2-1': 1.851, 'm3-1': 4.851, 'm4-1': 0.759}",0.13279999999999745,25.96,inf,26.043,26.043,26.043
464,TT4,BESTEFFORT,MISSED,m1-1,21.081,"{'m1-1': 2.386, 'm2-1': 1.358, 'm3-1': 4.768, 'm4-1': 1.027}",0.06080000000000041,26.043,inf,26.081,26.081,26.081
465,TT3,BESTEFFORT,MISSED,m1-1,21.101,"{'m1-1': 2.233, 'm2-1': 1.396, 'm3-1': 4.805, 'm4-1': 0.79}",0.3519999999999982,26.081,inf,26.301,26.301,26.301
466,TT2,BESTEFFORT,MISSED,m3-1,21.122,"{'m1-1': 2.606, 'm2-1': 1.588, 'm3-1': 4.85, 'm4-1': 0.744}",0.17640000000000455,26.124,inf,26.222,26.222,26.222
467,TT2,BESTEFFORT,MISSED,m2-1,21.137,"{'m1-1': 2.301, 'm2-1': 1.705, 'm3-1': 4.032, 'm4-1': 0.74}",0.5040000000000084,26.069,inf,26.237000000000002,26.237000000000002,26.237000000000002
468,TT3,BESTEFFORT,MISSED,m4-1,21.138,"{'m1-1': 2.389, 'm2-1': 1.488, 'm3-1': 5.641, 'm4-1': 0.791}",0.37049999999999983,26.091,inf,26.338,26.338,26.338
469,TT1,BESTEFFORT,MISSED,m3-1,21.263,"{'m1-1': 2.362, 'm2-1': 1.812, 'm3-1': 4.887, 'm4-1': 0.835}",0.07380000000000067,26.222,inf,26.263,26.263,26.263
470,TT3,BESTEFFORT,MISSED,m3-1,21.324,"{'m1-1': 1.886, 'm2-1': 1.521, 'm3-1': 5.891, 'm4-1': 1.003}",0.4697999999999986,26.263,inf,26.524,26.524,26.524
471,TT1,BESTEFFORT,MISSED,m2-1,21.393,"{'m1-1': 1.901, 'm2-1': 1.984, 'm3-1': 4.46, 'm4-1': 0.751}",0.4679999999999964,26.237000000000002,inf,26.393,26.393,26.393
472,TT3,BESTEFFORT,MISSED,m1-1,21.448,"{'m1-1': 2.045, 'm2-1': 1.682, 'm3-1': 4.623, 'm4-1': 0.729}",0.5552000000000021,26.301,inf,26.648,26.648,26.648
473,TT3,BESTEFFORT,MISSED,m4-1,21.453,"{'m1-1': 1.813, 'm2-1': 1.75, 'm3-1': 4.229, 'm4-1': 0.827}",0.12599999999999945,26.569,inf,26.653,26.653,26.653
474,TT4,BESTEFFORT,MISSED,m4-1,21.569,"{'m1-1': 2.099, 'm2-1': 1.828, 'm3-1': 4.364, 'm4-1': 0.826}",0.34649999999999714,26.338,inf,26.569,26.569,26.569
475,TT3,BESTEFFORT,MISSED,m2-1,21.663,"{'m1-1': 1.9, 'm2-1': 1.412, 'm3-1': 5.92, 'm4-1': 0.925}",0.13499999999999446,26.818,inf,26.863,26.863,26.863
476,TT3,BESTEFFORT,MISSED,m1-1,21.694,"{'m1-1': 1.717, 'm2-1': 1.488, 'm3-1': 4.229, 'm4-1': 0.898}",0.05279999999999632,26.861,inf,26.894,26.894,26.894
477,TT4,BESTEFFORT,MISSED,m2-1,21.818,"{'m1-1': 1.947, 'm2-1': 1.541, 'm3-1': 4.973, 'm4-1': 0.759}",1.2750000000000021,26.393,inf,26.818,26.818,26.818
478,TT1,BESTEFFORT,MISSED,m1-1,21.861,"{'m1-1': 2.063, 'm2-1': 1.651, 'm3-1': 4.348, 'm4-1': 0.674}",0.34080000000000155,26.648,inf,26.861,26.861,26.861
479,TT3,BESTEFFORT,MISSED,m3-1,21.975,"{'m1-1': 1.957, 'm2-1': 1.405, 'm3-1': 4.684, 'm4-1': 0.774}",1.1717999999999997,26.524,inf,27.175,27.175,27.175
480,TT1,BESTEFFORT,MISSED,m4-1,21.981,"{'m1-1': 1.868, 'm2-1': 1.542, 'm3-1': 3.881, 'm4-1': 0.637}",0.49200000000000443,26.653,inf,26.981,26.981,26.981
481,TT3,BESTEFFORT,MISSED,m2-1,22.109,"{'m1-1': 1.893, 'm2-1': 1.675, 'm3-1': 5.421, 'm4-1': 0.875}",1.3380000000000045,26.863,inf,27.309,27.309,27.309
482,TT2,BESTEFFORT,MISSED,m3-1,22.124,"{'m1-1': 2.35, 'm2-1': 1.574, 'm3-1': 3.898, 'm4-1': 0.913}",0.08819999999999269,27.175,inf,27.223999999999997,27.223999999999997,27.223999999999997
483,TT3,BESTEFFORT,MISSED,m1-1,22.181,"{'m1-1': 2.166, 'm2-1': 1.584, 'm3-1': 4.702, 'm4-1': 0.862}",0.779200000000003,26.894,inf,27.381,27.381,27.381
484,TT3,BESTEFFORT,MISSED,m4-1,22.221,"{'m1-1': 2.336, 'm2-1': 1.487, 'm3-1': 5.18, 'm4-1': 0.895}",0.6599999999999966,26.981,inf,27.421,27.421,27.421
485,TT2,BESTEFFORT,MISSED,m2-1,22.341,"{'m1-1': 2.197, 'm2-1': 2.07, 'm3-1': 5.052, 'm4-1': 0.956}",0.39600000000000435,27.309,inf,27.441000000000003,27.441000000000003,27.441000000000003
486,TT1,BESTEFFORT,MISSED,m3-1,22.369,"{'m1-1': 2.384, 'm2-1': 1.627, 'm3-1': 4.933, 'm4-1': 0.757}",0.2610000000000056,27.223999999999997,inf,27.369,27.369,27.369
487,TT2,BESTEFFORT,MISSED,m1-1,22.422,"{'m1-1': 2.465, 'm2-1': 1.871, 'm3-1': 4.692, 'm4-1': 0.911}",0.2255999999999972,27.381,inf,27.522,27.522,27.522
488,TT1,BESTEFFORT,MISSED,m3-1,22.494,"{'m1-1': 2.312, 'm2-1': 1.541, 'm3-1': 4.406, 'm4-1': 0.675}",0.225,27.369,inf,27.494,27.494,27.494
489,TT1,BESTEFFORT,MISSED,m4-1,22.496,"{'m1-1': 2.119, 'm2-1': 1.883, 'm3-1': 3.987, 'm4-1': 0.744}",0.11249999999999893,27.421,inf,27.496,27.496,27.496
490,TT2,BESTEFFORT,MISSED,m2-1,22.597,"{'m1-1': 2.601, 'm2-1': 1.612, 'm3-1': 4.252, 'm4-1': 0.774}",0.7680000000000007,27.441000000000003,inf,27.697000000000003,27.697000000000003,27.697000000000003
491,TT4,BESTEFFORT,MISSED,m4-1,22.644,"{'m1-1': 1.732, 'm2-1': 1.706, 'm3-1': 3.8, 'm4-1': 0.896}",0.22199999999999953,27.496,inf,27.644,27.644,27.644
492,TT2,BESTEFFORT,MISSED,m1-1,22.676,"{'m1-1': 2.605, 'm2-1': 1.604, 'm3-1': 4.556, 'm4-1': 1.015}",0.047999999999996136,27.746,inf,27.775999999999996,27.775999999999996,27.775999999999996
493,TT1,BESTEFFORT,MISSED,m1-1,22.746,"{'m1-1': 2.207, 'm2-1': 1.956, 'm3-1': 5.043, 'm4-1': 0.8}",0.35840000000000033,27.522,inf,27.746,27.746,27.746
494,TT4,BESTEFFORT,MISSED,m2-1,22.751,"{'m1-1': 2.345, 'm2-1': 1.709, 'm3-1': 4.797, 'm4-1': 0.883}",0.16199999999999548,27.697000000000003,inf,27.751,27.751,27.751
495,TT3,BESTEFFORT,MISSED,m1-1,22.764,"{'m1-1': 2.193, 'm2-1': 1.55, 'm3-1': 4.356, 'm4-1': 0.821}",0.30080000000000384,27.775999999999996,inf,27.964,27.964,27.964
496,TT3,BESTEFFORT,MISSED,m2-1,22.796,"{'m1-1': 1.836, 'm2-1': 1.479, 'm3-1': 4.679, 'm4-1': 0.957}",0.13799999999998747,27.950000000000003,inf,27.996,27.996,27.996
497,TT3,BESTEFFORT,MISSED,m4-1,22.819,"{'m1-1': 1.94, 'm2-1': 1.34, 'm3-1': 4.947, 'm4-1': 0.953}",0.0389999999999997,27.993,inf,28.019,28.019,28.019
498,TT4,BESTEFFORT,MISSED,m4-1,22.828,"{'m1-1': 2.399, 'm2-1': 1.857, 'm3-1': 4.595, 'm4-1': 0.765}",0.2760000000000016,27.644,inf,27.828,27.828,27.828
499,TT4,BESTEFFORT,MISSED,m3-1,22.833,"{'m1-1': 1.738, 'm2-1': 1.419, 'm3-1': 5.066, 'm4-1': 0.988}",0.6101999999999975,27.494,inf,27.833,27.833,27.833
500,TT2,BESTEFFORT,MISSED,m2-1,22.85,"{'m1-1': 2.381, 'm2-1': 1.859, 'm3-1': 4.695, 'm4-1': 0.839}",0.5970000000000049,27.751,inf,27.950000000000003,27.950000000000003,27.950000000000003
501,TT3,BESTEFFORT,MISSED,m1-1,22.853,"{'m1-1': 1.786, 'm2-1': 1.7, 'm3-1': 4.989, 'm4-1': 0.845}",0.1424000000000035,27.964,inf,28.053,28.053,28.053
502,TT4,BESTEFFORT,MISSED,m3-1,22.936,"{'m1-1': 2.36, 'm2-1': 1.725, 'm3-1': 4.811, 'm4-1': 0.767}",0.18540000000000276,27.833,inf,27.936,27.936,27.936
503,TT4,BESTEFFORT,MISSED,m3-1,22.958,"{'m1-1': 1.785, 'm2-1': 1.666, 'm3-1': 4.669, 'm4-1': 0.762}",0.03959999999999724,27.936,inf,27.958,27.958,27.958
504,TT4,BESTEFFORT,MISSED,m4-1,22.993,"{'m1-1': 2.064, 'm2-1': 1.606, 'm3-1': 4.828, 'm4-1': 0.862}",0.24749999999999872,27.828,inf,27.993,27.993,27.993
505,TT3,BESTEFFORT,MISSED,m2-1,22.994,"{'m1-1': 2.347, 'm2-1': 1.454, 'm3-1': 5.034, 'm4-1': 0.81}",0.5940000000000012,27.996,inf,28.194,28.194,28.194
506,TT1,BESTEFFORT,MISSED,m3-1,23.016,"{'m1-1': 1.857, 'm2-1': 1.801, 'm3-1': 4.485, 'm4-1': 0.83}",0.1043999999999997,27.958,inf,28.016,28.016,28.016
507,TT4,BESTEFFORT,MISSED,m4-1,23.058,"{'m1-1': 1.808, 'm2-1': 1.654, 'm3-1': 4.896, 'm4-1': 0.948}",0.05850000000000222,28.019,inf,28.058,28.058,28.058
508,TT2,BESTEFFORT,MISSED,m2-1,23.231,"{'m1-1': 2.329, 'm2-1': 1.863, 'm3-1': 4.677, 'm4-1': 0.8}",0.411000000000012,28.194,inf,28.331000000000003,28.331000000000003,28.331000000000003
509,TT1,BESTEFFORT,MISSED,m1-1,23.233,"{'m1-1': 2.593, 'm2-1': 1.822, 'm3-1': 3.979, 'm4-1': 0.613}",0.28799999999999953,28.053,inf,28.233,28.233,28.233
510,TT4,BESTEFFORT,MISSED,m1-1,23.35,"{'m1-1': 2.414, 'm2-1': 1.821, 'm3-1': 4.046, 'm4-1': 0.756}",0.18720000000000142,28.233,inf,28.35,28.35,28.35
511,TT2,BESTEFFORT,MISSED,m3-1,23.399,"{'m1-1': 1.968, 'm2-1': 1.966, 'm3-1': 4.975, 'm4-1': 0.912}",0.8694000000000074,28.016,inf,28.499000000000002,28.499000000000002,28.499000000000002
512,TT2,BESTEFFORT,MISSED,m3-1,23.434,"{'m1-1': 2.631, 'm2-1': 2.027, 'm3-1': 4.451, 'm4-1': 0.953}",0.06299999999999387,28.499000000000002,inf,28.534,28.534,28.534
513,TT1,BESTEFFORT,MISSED,m4-1,23.455,"{'m1-1': 2.279, 'm2-1': 1.474, 'm3-1': 3.747, 'm4-1': 0.711}",0.5954999999999977,28.058,inf,28.455,28.455,28.455
514,TT2,BESTEFFORT,MISSED,m2-1,23.716,"{'m1-1': 1.943, 'm2-1': 1.82, 'm3-1': 4.956, 'm4-1': 0.953}",1.4549999999999983,28.331000000000003,inf,28.816000000000003,28.816000000000003,28.816000000000003
515,TT2,BESTEFFORT,MISSED,m4-1,23.824,"{'m1-1': 2.22, 'm2-1': 1.777, 'm3-1': 4.805, 'm4-1': 0.948}",0.7035000000000018,28.455,inf,28.924,28.924,28.924
516,TT4,BESTEFFORT,MISSED,m3-1,23.87,"{'m1-1': 1.935, 'm2-1': 1.348, 'm3-1': 4.103, 'm4-1': 0.931}",0.6048000000000038,28.534,inf,28.87,28.87,28.87
517,TT4,BESTEFFORT,MISSED,m1-1,23.921,"{'m1-1': 2.224, 'm2-1': 1.79, 'm3-1': 3.827, 'm4-1': 0.871}",0.9135999999999967,28.35,inf,28.921,28.921,28.921
518,TT4,BESTEFFORT,MISSED,m2-1,23.966,"{'m1-1': 1.852, 'm2-1': 1.519, 'm3-1': 4.545, 'm4-1': 0.755}",0.44999999999999574,28.816000000000003,inf,28.966,28.966,28.966
519,TT4,BESTEFFORT,MISSED,m3-1,23.98,"{'m1-1': 2.429, 'm2-1': 1.64, 'm3-1': 4.929, 'm4-1': 0.903}",0.19799999999999898,28.87,inf,28.98,28.98,28.98
520,TT3,BESTEFFORT,MISSED,m1-1,24.009,"{'m1-1': 1.994, 'm2-1': 1.405, 'm3-1': 5.889, 'm4-1': 1.0}",0.46080000000000043,28.921,inf,29.209,29.209,29.209
521,TT4,BESTEFFORT,MISSED,m4-1,24.112,"{'m1-1': 1.753, 'm2-1': 1.363, 'm3-1': 4.015, 'm4-1': 0.86}",0.28199999999999825,28.924,inf,29.112,29.112,29.112
522,TT3,BESTEFFORT,MISSED,m2-1,24.19,"{'m1-1': 2.266, 'm2-1': 1.671, 'm3-1': 5.35, 'm4-1': 0.743}",0.2310000000000052,29.313,inf,29.39,29.39,29.39
523,TT1,BESTEFFORT,MISSED,m4-1,24.242,"{'m1-1': 2.517, 'm2-1': 1.439, 'm3-1': 4.495, 'm4-1': 0.746}",0.19500000000000384,29.112,inf,29.242,29.242,29.242
524,TT3,BESTEFFORT,MISSED,m3-1,24.274,"{'m1-1': 1.951, 'm2-1': 1.726, 'm3-1': 5.026, 'm4-1': 0.746}",0.03959999999999724,29.452,inf,29.474,29.474,29.474
525,TT3,BESTEFFORT,MISSED,m2-1,24.278,"{'m1-1': 1.985, 'm2-1': 1.529, 'm3-1': 4.609, 'm4-1': 0.88}",0.26399999999999224,29.39,inf,29.477999999999998,29.477999999999998,29.477999999999998
526,TT4,BESTEFFORT,MISSED,m2-1,24.313,"{'m1-1': 2.118, 'm2-1': 1.467, 'm3-1': 4.33, 'm4-1': 1.068}",1.0409999999999933,28.966,inf,29.313,29.313,29.313
527,TT4,BESTEFFORT,MISSED,m1-1,24.377,"{'m1-1': 1.904, 'm2-1': 1.621, 'm3-1': 4.702, 'm4-1': 0.803}",0.2687999999999988,29.209,inf,29.377,29.377,29.377
528,TT1,BESTEFFORT,MISSED,m1-1,24.41,"{'m1-1': 2.482, 'm2-1': 1.444, 'm3-1': 4.216, 'm4-1': 0.843}",0.052800000000002005,29.377,inf,29.41,29.41,29.41
529,TT1,BESTEFFORT,MISSED,m4-1,24.447,"{'m1-1': 2.582, 'm2-1': 1.647, 'm3-1': 4.974, 'm4-1': 0.763}",0.30749999999999744,29.242,inf,29.447,29.447,29.447
530,TT4,BESTEFFORT,MISSED,m3-1,24.452,"{'m1-1': 2.018, 'm2-1': 1.488, 'm3-1': 5.138, 'm4-1': 0.935}",0.8496000000000024,28.98,inf,29.452,29.452,29.452
531,TT1,BESTEFFORT,MISSED,m3-1,24.493,"{'m1-1': 2.166, 'm2-1': 1.914, 'm3-1': 4.104, 'm4-1': 0.676}",0.03419999999999703,29.474,inf,29.493,29.493,29.493
532,TT4,BESTEFFORT,MISSED,m1-1,24.508,"{'m1-1': 2.237, 'm2-1': 1.414, 'm3-1': 4.364, 'm4-1': 0.97}",0.15679999999999839,29.41,inf,29.508,29.508,29.508
533,TT3,BESTEFFORT,MISSED,m4-1,24.539,"{'m1-1': 2.211, 'm2-1': 1.385, 'm3-1': 4.458, 'm4-1': 0.805}",0.2909999999999986,29.545,inf,29.739,29.739,29.739
534,TT1,BESTEFFORT,MISSED,m4-1,24.545,"{'m1-1': 2.091, 'm2-1': 1.687, 'm3-1': 5.11, 'm4-1': 0.738}",0.1470000000000038,29.447,inf,29.545,29.545,29.545
535,TT2,BESTEFFORT,MISSED,m2-1,24.593,"{'m1-1': 2.511, 'm2-1': 1.912, 'm3-1': 4.356, 'm4-1': 0.977}",0.6449999999999996,29.477999999999998,inf,29.692999999999998,29.692999999999998,29.692999999999998
536,TT3,BESTEFFORT,MISSED,m1-1,24.722,"{'m1-1': 1.969, 'm2-1': 1.448, 'm3-1': 5.484, 'm4-1': 0.782}",0.02880000000000678,29.903999999999996,inf,29.922,29.922,29.922
537,TT3,BESTEFFORT,MISSED,m4-1,24.726,"{'m1-1': 1.952, 'm2-1': 1.34, 'm3-1': 4.99, 'm4-1': 1.011}",0.1574999999999953,29.821,inf,29.926,29.926,29.926
538,TT1,BESTEFFORT,MISSED,m3-1,24.737,"{'m1-1': 1.979, 'm2-1': 1.775, 'm3-1': 4.564, 'm4-1': 0.855}",0.4391999999999996,29.493,inf,29.737,29.737,29.737
539,TT4,BESTEFFORT,MISSED,m1-1,24.74,"{'m1-1': 2.152, 'm2-1': 1.609, 'm3-1': 4.981, 'm4-1': 0.77}",0.3711999999999989,29.508,inf,29.74,29.74,29.74
540,TT2,BESTEFFORT,MISSED,m1-1,24.804,"{'m1-1': 1.984, 'm2-1': 1.733, 'm3-1': 3.733, 'm4-1': 0.818}",0.2623999999999967,29.74,inf,29.903999999999996,29.903999999999996,29.903999999999996
541,TT4,BESTEFFORT,MISSED,m4-1,24.821,"{'m1-1': 2.317, 'm2-1': 1.722, 'm3-1': 4.268, 'm4-1': 0.984}",0.12300000000000111,29.739,inf,29.821,29.821,29.821
542,TT1,BESTEFFORT,MISSED,m2-1,24.903,"{'m1-1': 1.925, 'm2-1': 1.495, 'm3-1': 3.633, 'm4-1': 0.861}",0.6300000000000026,29.692999999999998,inf,29.903,29.903,29.903
543,TT4,BESTEFFORT,MISSED,m2-1,24.91,"{'m1-1': 2.045, 'm2-1': 1.422, 'm3-1': 4.96, 'm4-1': 0.848}",0.02100000000000435,29.903,inf,29.91,29.91,29.91
544,TT2,BESTEFFORT,MISSED,m3-1,24.922,"{'m1-1': 2.05, 'm2-1': 2.032, 'm3-1': 4.247, 'm4-1': 0.983}",0.5130000000000002,29.737,inf,30.022,30.022,30.022
545,TT3,BESTEFFORT,MISSED,m4-1,25.047,"{'m1-1': 1.731, 'm2-1': 1.405, 'm3-1': 5.173, 'm4-1': 0.931}",0.48150000000000226,29.926,inf,30.247,30.247,30.247
546,TT3,BESTEFFORT,MISSED,m3-1,25.057,"{'m1-1': 2.015, 'm2-1': 1.657, 'm3-1': 4.993, 'm4-1': 0.894}",0.15840000000000173,30.168999999999997,inf,30.256999999999998,30.256999999999998,30.256999999999998
547,TT2,BESTEFFORT,MISSED,m3-1,25.069,"{'m1-1': 2.525, 'm2-1': 1.754, 'm3-1': 3.77, 'm4-1': 0.779}",0.16739999999999355,30.076,inf,30.168999999999997,30.168999999999997,30.168999999999997
548,TT1,BESTEFFORT,MISSED,m3-1,25.076,"{'m1-1': 1.99, 'm2-1': 1.48, 'm3-1': 4.079, 'm4-1': 0.762}",0.09720000000000369,30.022,inf,30.076,30.076,30.076
549,TT2,BESTEFFORT,MISSED,m1-1,25.076,"{'m1-1': 2.011, 'm2-1': 2.027, 'm3-1': 3.709, 'm4-1': 1.005}",0.40640000000000215,29.922,inf,30.176000000000002,30.176000000000002,30.176000000000002
550,TT3,BESTEFFORT,MISSED,m4-1,25.087,"{'m1-1': 2.41, 'm2-1': 1.552, 'm3-1': 5.89, 'm4-1': 0.932}",0.05999999999999872,30.247,inf,30.287,30.287,30.287
551,TT1,BESTEFFORT,MISSED,m2-1,25.126,"{'m1-1': 2.379, 'm2-1': 1.708, 'm3-1': 4.027, 'm4-1': 0.652}",0.6480000000000032,29.91,inf,30.126,30.126,30.126
552,TT2,BESTEFFORT,MISSED,m2-1,25.149,"{'m1-1': 2.055, 'm2-1': 1.626, 'm3-1': 4.331, 'm4-1': 0.806}",0.3690000000000033,30.126,inf,30.249000000000002,30.249000000000002,30.249000000000002
553,TT4,BESTEFFORT,MISSED,m1-1,25.309,"{'m1-1': 1.85, 'm2-1': 1.498, 'm3-1': 3.721, 'm4-1': 0.857}",0.2127999999999986,30.176000000000002,inf,30.309,30.309,30.309
554,TT3,BESTEFFORT,MISSED,m2-1,25.322,"{'m1-1': 2.091, 'm2-1': 1.283, 'm3-1': 4.93, 'm4-1': 0.941}",0.8189999999999884,30.249000000000002,inf,30.522,30.522,30.522
555,TT1,BESTEFFORT,MISSED,m4-1,25.396,"{'m1-1': 2.126, 'm2-1': 1.579, 'm3-1': 3.775, 'm4-1': 0.688}",0.16350000000000264,30.287,inf,30.396,30.396,30.396
556,TT3,BESTEFFORT,MISSED,m1-1,25.458,"{'m1-1': 2.073, 'm2-1': 1.496, 'm3-1': 5.757, 'm4-1': 0.945}",0.5583999999999947,30.309,inf,30.657999999999998,30.657999999999998,30.657999999999998
557,TT3,BESTEFFORT,MISSED,m2-1,25.476,"{'m1-1': 2.304, 'm2-1': 1.284, 'm3-1': 5.968, 'm4-1': 0.737}",0.46199999999999974,30.522,inf,30.676,30.676,30.676
558,TT1,BESTEFFORT,MISSED,m1-1,25.803,"{'m1-1': 1.883, 'm2-1': 1.462, 'm3-1': 4.078, 'm4-1': 0.688}",0.232000000000005,30.657999999999998,inf,30.803,30.803,30.803
559,TT1,BESTEFFORT,MISSED,m4-1,25.837,"{'m1-1': 2.493, 'm2-1': 1.852, 'm3-1': 5.031, 'm4-1': 0.626}",0.6614999999999984,30.396,inf,30.837,30.837,30.837
560,TT2,BESTEFFORT,MISSED,m1-1,26.139,"{'m1-1': 2.422, 'm2-1': 1.935, 'm3-1': 4.383, 'm4-1': 0.926}",0.6975999999999942,30.803,inf,31.238999999999997,31.238999999999997,31.238999999999997
561,TT1,BESTEFFORT,MISSED,m3-1,26.144,"{'m1-1': 1.963, 'm2-1': 1.764, 'm3-1': 4.223, 'm4-1': 0.658}",1.596600000000001,30.256999999999998,inf,31.144,31.144,31.144
562,TT1,BESTEFFORT,MISSED,m3-1,26.148,"{'m1-1': 1.981, 'm2-1': 1.582, 'm3-1': 4.005, 'm4-1': 0.836}",0.007200000000002405,31.144,inf,31.148,31.148,31.148
563,TT2,BESTEFFORT,MISSED,m4-1,26.161,"{'m1-1': 1.888, 'm2-1': 1.919, 'm3-1': 4.736, 'm4-1': 0.842}",0.6360000000000046,30.837,inf,31.261000000000003,31.261000000000003,31.261000000000003
564,TT1,BESTEFFORT,MISSED,m2-1,26.214,"{'m1-1': 1.956, 'm2-1': 1.753, 'm3-1': 4.747, 'm4-1': 0.757}",1.6140000000000008,30.676,inf,31.214,31.214,31.214
565,TT1,BESTEFFORT,MISSED,m3-1,26.216,"{'m1-1': 1.86, 'm2-1': 1.959, 'm3-1': 4.072, 'm4-1': 0.624}",0.1224000000000025,31.148,inf,31.216,31.216,31.216
566,TT3,BESTEFFORT,MISSED,m3-1,26.259,"{'m1-1': 2.225, 'm2-1': 1.459, 'm3-1': 5.118, 'm4-1': 0.945}",0.4373999999999974,31.216,inf,31.459,31.459,31.459
567,TT3,BESTEFFORT,MISSED,m4-1,26.315,"{'m1-1': 2.028, 'm2-1': 1.434, 'm3-1': 4.448, 'm4-1': 0.8}",0.07500000000000107,31.465,inf,31.515,31.515,31.515
568,TT4,BESTEFFORT,MISSED,m2-1,26.363,"{'m1-1': 2.207, 'm2-1': 1.591, 'm3-1': 4.24, 'm4-1': 0.817}",0.44700000000000273,31.214,inf,31.363,31.363,31.363
569,TT1,BESTEFFORT,MISSED,m4-1,26.465,"{'m1-1': 1.868, 'm2-1': 1.869, 'm3-1': 4.671, 'm4-1': 0.713}",0.3059999999999956,31.261000000000003,inf,31.465,31.465,31.465
570,TT3,BESTEFFORT,MISSED,m4-1,26.494,"{'m1-1': 1.986, 'm2-1': 1.614, 'm3-1': 5.551, 'm4-1': 0.787}",0.26849999999999774,31.515,inf,31.694,31.694,31.694
571,TT4,BESTEFFORT,MISSED,m1-1,26.508,"{'m1-1': 2.296, 'm2-1': 1.709, 'm3-1': 4.916, 'm4-1': 0.887}",0.43040000000000306,31.238999999999997,inf,31.508,31.508,31.508
572,TT3,BESTEFFORT,MISSED,m3-1,26.514,"{'m1-1': 2.369, 'm2-1': 1.618, 'm3-1': 5.026, 'm4-1': 0.795}",0.0,31.714,inf,31.714,31.714,31.714
573,TT3,BESTEFFORT,MISSED,m3-1,26.514,"{'m1-1': 2.434, 'm2-1': 1.36, 'm3-1': 5.818, 'm4-1': 0.728}",0.45899999999999824,31.459,inf,31.714,31.714,31.714
574,TT2,BESTEFFORT,MISSED,m1-1,26.515,"{'m1-1': 2.492, 'm2-1': 1.834, 'm3-1': 3.813, 'm4-1': 0.741}",0.1712000000000046,31.508,inf,31.615000000000002,31.615000000000002,31.615000000000002
575,TT4,BESTEFFORT,MISSED,m2-1,26.522,"{'m1-1': 2.301, 'm2-1': 1.499, 'm3-1': 3.751, 'm4-1': 0.779}",0.47699999999999676,31.363,inf,31.522,31.522,31.522
576,TT1,BESTEFFORT,MISSED,m2-1,26.648,"{'m1-1': 1.951, 'm2-1': 1.694, 'm3-1': 4.593, 'm4-1': 0.616}",0.37800000000000367,31.522,inf,31.648,31.648,31.648
577,TT2,BESTEFFORT,MISSED,m2-1,26.652,"{'m1-1': 2.147, 'm2-1': 1.732, 'm3-1': 4.149, 'm4-1': 0.822}",0.31200000000000827,31.648,inf,31.752000000000002,31.752000000000002,31.752000000000002
578,TT1,BESTEFFORT,MISSED,m1-1,26.667,"{'m1-1': 2.191, 'm2-1': 1.773, 'm3-1': 3.76, 'm4-1': 0.664}",0.08319999999999937,31.615000000000002,inf,31.667,31.667,31.667
579,TT1,BESTEFFORT,MISSED,m3-1,26.833,"{'m1-1': 2.312, 'm2-1': 1.515, 'm3-1': 3.941, 'm4-1': 0.692}",0.21419999999999959,31.714,inf,31.833,31.833,31.833
580,TT3,BESTEFFORT,MISSED,m3-1,26.842,"{'m1-1': 2.381, 'm2-1': 1.282, 'm3-1': 5.468, 'm4-1': 0.886}",0.37620000000000575,31.833,inf,32.042,32.042,32.042
581,TT2,BESTEFFORT,MISSED,m4-1,26.9,"{'m1-1': 2.29, 'm2-1': 1.852, 'm3-1': 3.997, 'm4-1': 0.852}",0.4590000000000014,31.694,inf,32.0,32.0,32.0
582,TT2,BESTEFFORT,MISSED,m2-1,26.907,"{'m1-1': 2.473, 'm2-1': 2.079, 'm3-1': 4.98, 'm4-1': 0.994}",0.7649999999999864,31.752000000000002,inf,32.007,32.007,32.007
583,TT4,BESTEFFORT,MISSED,m1-1,26.929,"{'m1-1': 2.102, 'm2-1': 1.604, 'm3-1': 4.81, 'm4-1': 1.037}",0.4191999999999951,31.667,inf,31.929,31.929,31.929
584,TT2,BESTEFFORT,MISSED,m4-1,26.963,"{'m1-1': 2.043, 'm2-1': 1.829, 'm3-1': 4.357, 'm4-1': 1.002}",0.09450000000000358,32.0,inf,32.063,32.063,32.063
585,TT3,BESTEFFORT,MISSED,m1-1,27.03,"{'m1-1': 2.414, 'm2-1': 1.448, 'm3-1': 5.801, 'm4-1': 0.832}",0.4816000000000088,31.929,inf,32.230000000000004,32.230000000000004,32.230000000000004
586,TT3,BESTEFFORT,MISSED,m4-1,27.034,"{'m1-1': 2.161, 'm2-1': 1.504, 'm3-1': 5.86, 'm4-1': 1.006}",0.25649999999999906,32.063,inf,32.234,32.234,32.234
587,TT4,BESTEFFORT,MISSED,m2-1,27.267,"{'m1-1': 1.982, 'm2-1': 1.611, 'm3-1': 4.734, 'm4-1': 0.774}",0.779999999999994,32.007,inf,32.266999999999996,32.266999999999996,32.266999999999996
588,TT1,BESTEFFORT,MISSED,m1-1,27.32,"{'m1-1': 2.018, 'm2-1': 1.433, 'm3-1': 4.485, 'm4-1': 0.626}",0.1439999999999941,32.230000000000004,inf,32.32,32.32,32.32
589,TT4,BESTEFFORT,MISSED,m2-1,27.354,"{'m1-1': 2.351, 'm2-1': 1.811, 'm3-1': 4.467, 'm4-1': 1.034}",0.2610000000000099,32.266999999999996,inf,32.354,32.354,32.354
590,TT4,BESTEFFORT,MISSED,m1-1,27.396,"{'m1-1': 2.147, 'm2-1': 1.442, 'm3-1': 4.269, 'm4-1': 0.765}",0.12160000000000082,32.32,inf,32.396,32.396,32.396
591,TT2,BESTEFFORT,MISSED,m3-1,27.493,"{'m1-1': 2.188, 'm2-1': 2.02, 'm3-1': 4.452, 'm4-1': 0.894}",0.9917999999999907,32.042,inf,32.592999999999996,32.592999999999996,32.592999999999996
592,TT2,BESTEFFORT,MISSED,m4-1,27.581,"{'m1-1': 2.334, 'm2-1': 1.802, 'm3-1': 4.678, 'm4-1': 0.808}",0.1454999999999913,32.584,inf,32.681,32.681,32.681
593,TT1,BESTEFFORT,MISSED,m4-1,27.584,"{'m1-1': 2.315, 'm2-1': 1.876, 'm3-1': 3.626, 'm4-1': 0.702}",0.5250000000000021,32.234,inf,32.584,32.584,32.584
594,TT3,BESTEFFORT,MISSED,m3-1,27.59,"{'m1-1': 2.141, 'm2-1': 1.272, 'm3-1': 4.663, 'm4-1': 0.879}",0.28260000000000646,32.632999999999996,inf,32.79,32.79,32.79
595,TT2,BESTEFFORT,MISSED,m2-1,27.61,"{'m1-1': 2.491, 'm2-1': 1.822, 'm3-1': 4.947, 'm4-1': 1.018}",0.2850000000000179,32.614999999999995,inf,32.71,32.71,32.71
596,TT4,BESTEFFORT,MISSED,m3-1,27.614,"{'m1-1': 2.227, 'm2-1': 1.648, 'm3-1': 3.668, 'm4-1': 1.011}",0.037800000000014225,32.592999999999996,inf,32.614000000000004,32.614000000000004,32.614000000000004
597,TT1,BESTEFFORT,MISSED,m2-1,27.615,"{'m1-1': 2.261, 'm2-1': 1.761, 'm3-1': 5.009, 'm4-1': 0.844}",0.782999999999987,32.354,inf,32.614999999999995,32.614999999999995,32.614999999999995
598,TT1,BESTEFFORT,MISSED,m3-1,27.633,"{'m1-1': 2.566, 'm2-1': 1.668, 'm3-1': 4.051, 'm4-1': 0.836}",0.03419999999998424,32.614000000000004,inf,32.632999999999996,32.632999999999996,32.632999999999996
599,TT4,BESTEFFORT,MISSED,m1-1,27.659,"{'m1-1': 2.124, 'm2-1': 1.813, 'm3-1': 4.886, 'm4-1': 0.907}",0.420799999999997,32.396,inf,32.659,32.659,32.659
600,TT1,BESTEFFORT,MISSED,m4-1,27.801,"{'m1-1': 2.261, 'm2-1': 1.651, 'm3-1': 4.348, 'm4-1': 0.668}",0.18000000000000682,32.681,inf,32.801,32.801,32.801
601,TT4,BESTEFFORT,MISSED,m1-1,27.853,"{'m1-1': 2.257, 'm2-1': 1.813, 'm3-1': 3.754, 'm4-1': 0.9}",0.31040000000000423,32.659,inf,32.853,32.853,32.853
602,TT4,BESTEFFORT,MISSED,m4-1,27.865,"{'m1-1': 2.156, 'm2-1': 1.807, 'm3-1': 4.639, 'm4-1': 0.88}",0.09599999999998943,32.801,inf,32.864999999999995,32.864999999999995,32.864999999999995
603,TT3,BESTEFFORT,MISSED,m1-1,27.894,"{'m1-1': 1.931, 'm2-1': 1.515, 'm3-1': 5.937, 'm4-1': 0.802}",0.3855999999999995,32.853,inf,33.094,33.094,33.094
604,TT4,BESTEFFORT,MISSED,m2-1,28.065,"{'m1-1': 2.371, 'm2-1': 1.789, 'm3-1': 4.961, 'm4-1': 0.856}",1.0649999999999906,32.71,inf,33.065,33.065,33.065
605,TT3,BESTEFFORT,MISSED,m1-1,28.108,"{'m1-1': 1.941, 'm2-1': 1.609, 'm3-1': 5.079, 'm4-1': 1.002}",0.252800000000002,33.15,inf,33.308,33.308,33.308
606,TT4,BESTEFFORT,MISSED,m2-1,28.13,"{'m1-1': 2.06, 'm2-1': 1.529, 'm3-1': 3.741, 'm4-1': 0.765}",0.19499999999999318,33.065,inf,33.129999999999995,33.129999999999995,33.129999999999995
607,TT1,BESTEFFORT,MISSED,m1-1,28.15,"{'m1-1': 2.226, 'm2-1': 1.518, 'm3-1': 4.596, 'm4-1': 0.725}",0.08959999999999582,33.094,inf,33.15,33.15,33.15
608,TT1,BESTEFFORT,MISSED,m4-1,28.155,"{'m1-1': 2.064, 'm2-1': 1.608, 'm3-1': 4.631, 'm4-1': 0.694}",0.4350000000000094,32.864999999999995,inf,33.155,33.155,33.155
609,TT2,BESTEFFORT,MISSED,m3-1,28.174,"{'m1-1': 2.359, 'm2-1': 1.695, 'm3-1': 4.887, 'm4-1': 0.866}",0.14580000000000554,33.193,inf,33.274,33.274,33.274
610,TT4,BESTEFFORT,MISSED,m3-1,28.193,"{'m1-1': 2.062, 'm2-1': 1.588, 'm3-1': 3.874, 'm4-1': 0.96}",0.7253999999999977,32.79,inf,33.193,33.193,33.193
611,TT1,BESTEFFORT,MISSED,m2-1,28.275,"{'m1-1': 1.922, 'm2-1': 1.826, 'm3-1': 4.054, 'm4-1': 0.773}",0.4350000000000094,33.129999999999995,inf,33.275,33.275,33.275
612,TT1,BESTEFFORT,MISSED,m3-1,28.282,"{'m1-1': 2.605, 'm2-1': 1.939, 'm3-1': 4.774, 'm4-1': 0.785}",0.01439999999999202,33.274,inf,33.282,33.282,33.282
613,TT3,BESTEFFORT,MISSED,m4-1,28.297,"{'m1-1': 2.006, 'm2-1': 1.487, 'm3-1': 4.8, 'm4-1': 0.724}",0.04199999999999804,33.469,inf,33.497,33.497,33.497
614,TT4,BESTEFFORT,MISSED,m4-1,28.327,"{'m1-1': 2.227, 'm2-1': 1.541, 'm3-1': 3.678, 'm4-1': 1.014}",0.25799999999999557,33.155,inf,33.327,33.327,33.327
615,TT1,BESTEFFORT,MISSED,m2-1,28.365,"{'m1-1': 2.395, 'm2-1': 1.61, 'm3-1': 4.632, 'm4-1': 0.725}",0.2699999999999889,33.275,inf,33.364999999999995,33.364999999999995,33.364999999999995
616,TT3,BESTEFFORT,MISSED,m2-1,28.369,"{'m1-1': 1.916, 'm2-1': 1.523, 'm3-1': 4.663, 'm4-1': 0.914}",0.6120000000000232,33.364999999999995,inf,33.569,33.569,33.569
617,TT1,BESTEFFORT,MISSED,m3-1,28.381,"{'m1-1': 2.407, 'm2-1': 1.773, 'm3-1': 3.972, 'm4-1': 0.76}",0.17820000000000677,33.282,inf,33.381,33.381,33.381
618,TT2,BESTEFFORT,MISSED,m1-1,28.396,"{'m1-1': 1.912, 'm2-1': 1.825, 'm3-1': 4.474, 'm4-1': 0.839}",0.30080000000000384,33.308,inf,33.496,33.496,33.496
619,TT3,BESTEFFORT,MISSED,m1-1,28.449,"{'m1-1': 2.43, 'm2-1': 1.556, 'm3-1': 4.886, 'm4-1': 0.796}",0.09600000000000364,33.589,inf,33.649,33.649,33.649
620,TT1,BESTEFFORT,MISSED,m4-1,28.469,"{'m1-1': 2.621, 'm2-1': 1.576, 'm3-1': 3.763, 'm4-1': 0.793}",0.21300000000000452,33.327,inf,33.469,33.469,33.469
621,TT3,BESTEFFORT,MISSED,m3-1,28.567,"{'m1-1': 1.838, 'm2-1': 1.393, 'm3-1': 5.107, 'm4-1': 0.762}",0.08279999999999887,33.721000000000004,inf,33.767,33.767,33.767
622,TT4,BESTEFFORT,MISSED,m1-1,28.589,"{'m1-1': 2.423, 'm2-1': 1.655, 'm3-1': 4.555, 'm4-1': 0.954}",0.14879999999999427,33.496,inf,33.589,33.589,33.589
623,TT3,BESTEFFORT,MISSED,m2-1,28.636,"{'m1-1': 1.83, 'm2-1': 1.424, 'm3-1': 5.079, 'm4-1': 0.875}",0.5910000000000082,33.638999999999996,inf,33.836,33.836,33.836
624,TT1,BESTEFFORT,MISSED,m2-1,28.639,"{'m1-1': 1.972, 'm2-1': 1.452, 'm3-1': 4.747, 'm4-1': 0.656}",0.20999999999997954,33.569,inf,33.638999999999996,33.638999999999996,33.638999999999996
625,TT1,BESTEFFORT,MISSED,m4-1,28.666,"{'m1-1': 2.622, 'm2-1': 1.786, 'm3-1': 4.485, 'm4-1': 0.692}",0.2534999999999954,33.497,inf,33.666,33.666,33.666
626,TT1,BESTEFFORT,MISSED,m3-1,28.721,"{'m1-1': 2.083, 'm2-1': 1.92, 'm3-1': 3.672, 'm4-1': 0.702}",0.6120000000000062,33.381,inf,33.721000000000004,33.721000000000004,33.721000000000004
627,TT1,BESTEFFORT,MISSED,m3-1,28.836,"{'m1-1': 2.602, 'm2-1': 1.434, 'm3-1': 4.495, 'm4-1': 0.686}",0.12419999999999191,33.767,inf,33.836,33.836,33.836
628,TT1,BESTEFFORT,MISSED,m1-1,28.854,"{'m1-1': 2.049, 'm2-1': 1.871, 'm3-1': 3.882, 'm4-1': 0.766}",0.3279999999999973,33.649,inf,33.854,33.854,33.854
629,TT2,BESTEFFORT,MISSED,m3-1,28.914,"{'m1-1': 2.251, 'm2-1': 1.52, 'm3-1': 3.82, 'm4-1': 0.777}",0.3204000000000079,33.836,inf,34.014,34.014,34.014
630,TT4,BESTEFFORT,MISSED,m4-1,28.933,"{'m1-1': 2.007, 'm2-1': 1.556, 'm3-1': 4.204, 'm4-1': 0.955}",0.4005000000000045,33.666,inf,33.933,33.933,33.933
631,TT4,BESTEFFORT,MISSED,m2-1,28.993,"{'m1-1': 2.386, 'm2-1': 1.737, 'm3-1': 4.639, 'm4-1': 0.834}",0.4709999999999894,33.836,inf,33.992999999999995,33.992999999999995,33.992999999999995
632,TT3,BESTEFFORT,MISSED,m4-1,29.065,"{'m1-1': 2.192, 'm2-1': 1.391, 'm3-1': 4.579, 'm4-1': 0.879}",0.11549999999999727,34.188,inf,34.265,34.265,34.265
633,TT2,BESTEFFORT,MISSED,m2-1,29.167,"{'m1-1': 1.99, 'm2-1': 1.604, 'm3-1': 3.975, 'm4-1': 0.784}",0.822000000000024,33.992999999999995,inf,34.267,34.267,34.267
634,TT4,BESTEFFORT,MISSED,m4-1,29.188,"{'m1-1': 1.989, 'm2-1': 1.45, 'm3-1': 4.479, 'm4-1': 1.066}",0.38250000000000384,33.933,inf,34.188,34.188,34.188
635,TT1,BESTEFFORT,MISSED,m1-1,29.206,"{'m1-1': 2.218, 'm2-1': 1.512, 'm3-1': 5.077, 'm4-1': 0.702}",0.5632000000000063,33.854,inf,34.206,34.206,34.206
636,TT2,BESTEFFORT,MISSED,m1-1,29.271,"{'m1-1': 2.115, 'm2-1': 1.586, 'm3-1': 4.832, 'm4-1': 0.954}",0.2639999999999986,34.206,inf,34.371,34.371,34.371
637,TT2,BESTEFFORT,MISSED,m2-1,29.289,"{'m1-1': 2.537, 'm2-1': 1.779, 'm3-1': 3.658, 'm4-1': 0.941}",0.36599999999999966,34.267,inf,34.389,34.389,34.389
638,TT4,BESTEFFORT,MISSED,m1-1,29.396,"{'m1-1': 2.117, 'm2-1': 1.349, 'm3-1': 4.068, 'm4-1': 0.863}",0.03999999999999773,34.371,inf,34.396,34.396,34.396
639,TT2,BESTEFFORT,MISSED,m3-1,29.509,"{'m1-1': 2.003, 'm2-1': 1.528, 'm3-1': 4.56, 'm4-1': 0.869}",0.07199999999999847,34.569,inf,34.609,34.609,34.609
640,TT4,BESTEFFORT,MISSED,m4-1,29.561,"{'m1-1': 2.156, 'm2-1': 1.597, 'm3-1': 5.013, 'm4-1': 0.772}",0.44399999999999906,34.265,inf,34.561,34.561,34.561
641,TT4,BESTEFFORT,MISSED,m3-1,29.569,"{'m1-1': 2.08, 'm2-1': 1.546, 'm3-1': 4.929, 'm4-1': 1.059}",0.9989999999999996,34.014,inf,34.569,34.569,34.569
642,TT1,BESTEFFORT,MISSED,m2-1,29.629,"{'m1-1': 2.286, 'm2-1': 1.439, 'm3-1': 3.613, 'm4-1': 0.642}",0.720000000000006,34.389,inf,34.629000000000005,34.629000000000005,34.629000000000005
643,TT1,BESTEFFORT,MISSED,m3-1,29.652,"{'m1-1': 1.963, 'm2-1': 1.872, 'm3-1': 3.937, 'm4-1': 0.676}",0.07739999999999868,34.609,inf,34.652,34.652,34.652
644,TT2,BESTEFFORT,MISSED,m4-1,29.658,"{'m1-1': 1.943, 'm2-1': 1.612, 'm3-1': 4.409, 'm4-1': 0.894}",0.2955000000000041,34.561,inf,34.758,34.758,34.758
645,TT4,BESTEFFORT,MISSED,m1-1,29.66,"{'m1-1': 2.347, 'm2-1': 1.505, 'm3-1': 4.183, 'm4-1': 0.96}",0.4223999999999933,34.396,inf,34.66,34.66,34.66
646,TT2,BESTEFFORT,MISSED,m3-1,29.683,"{'m1-1': 2.225, 'm2-1': 1.585, 'm3-1': 4.871, 'm4-1': 0.8}",0.23580000000000043,34.652,inf,34.783,34.783,34.783
647,TT4,BESTEFFORT,MISSED,m2-1,29.781,"{'m1-1': 2.186, 'm2-1': 1.785, 'm3-1': 4.258, 'm4-1': 0.852}",0.45599999999998175,34.629000000000005,inf,34.781,34.781,34.781
648,TT3,BESTEFFORT,MISSED,m2-1,29.802,"{'m1-1': 2.107, 'm2-1': 1.632, 'm3-1': 4.748, 'm4-1': 0.937}",0.6630000000000109,34.781,inf,35.002,35.002,35.002
649,TT2,BESTEFFORT,MISSED,m1-1,29.812,"{'m1-1': 2.063, 'm2-1': 1.891, 'm3-1': 4.756, 'm4-1': 0.824}",0.40320000000000394,34.66,inf,34.912,34.912,34.912
650,TT1,BESTEFFORT,MISSED,m4-1,29.824,"{'m1-1': 2.407, 'm2-1': 1.847, 'm3-1': 3.724, 'm4-1': 0.611}",0.0989999999999931,34.758,inf,34.824,34.824,34.824
651,TT3,BESTEFFORT,MISSED,m1-1,29.895,"{'m1-1': 2.021, 'm2-1': 1.642, 'm3-1': 5.835, 'm4-1': 0.917}",0.2927999999999997,34.912,inf,35.095,35.095,35.095
652,TT1,BESTEFFORT,MISSED,m4-1,29.917,"{'m1-1': 2.557, 'm2-1': 1.885, 'm3-1': 3.761, 'm4-1': 0.781}",0.1395000000000053,34.824,inf,34.917,34.917,34.917
653,TT1,BESTEFFORT,MISSED,m2-1,30.097,"{'m1-1': 1.872, 'm2-1': 1.618, 'm3-1': 4.297, 'm4-1': 0.676}",0.2849999999999966,35.002,inf,35.097,35.097,35.097
654,TT1,BESTEFFORT,MISSED,m1-1,30.125,"{'m1-1': 2.078, 'm2-1': 1.782, 'm3-1': 4.549, 'm4-1': 0.747}",0.04800000000000182,35.095,inf,35.125,35.125,35.125
655,TT1,BESTEFFORT,MISSED,m4-1,30.145,"{'m1-1': 2.192, 'm2-1': 1.512, 'm3-1': 4.654, 'm4-1': 0.674}",0.34199999999999164,34.917,inf,35.144999999999996,35.144999999999996,35.144999999999996
656,TT2,BESTEFFORT,MISSED,m3-1,30.238,"{'m1-1': 2.021, 'm2-1': 2.022, 'm3-1': 4.162, 'm4-1': 0.76}",0.9989999999999996,34.783,inf,35.338,35.338,35.338
657,TT4,BESTEFFORT,MISSED,m3-1,30.39,"{'m1-1': 1.793, 'm2-1': 1.67, 'm3-1': 3.656, 'm4-1': 0.938}",0.09359999999999928,35.338,inf,35.39,35.39,35.39
658,TT3,BESTEFFORT,MISSED,m2-1,30.544,"{'m1-1': 2.371, 'm2-1': 1.748, 'm3-1': 4.256, 'm4-1': 0.789}",1.9409999999999954,35.097,inf,35.744,35.744,35.744
659,TT3,BESTEFFORT,MISSED,m3-1,30.619,"{'m1-1': 2.388, 'm2-1': 1.776, 'm3-1': 4.505, 'm4-1': 1.014}",0.7722000000000037,35.39,inf,35.819,35.819,35.819
660,TT3,BESTEFFORT,MISSED,m4-1,30.762,"{'m1-1': 2.011, 'm2-1': 1.791, 'm3-1': 4.268, 'm4-1': 0.884}",1.225500000000011,35.144999999999996,inf,35.962,35.962,35.962
661,TT4,BESTEFFORT,MISSED,m1-1,30.832,"{'m1-1': 1.865, 'm2-1': 1.694, 'm3-1': 4.341, 'm4-1': 0.878}",1.1312000000000013,35.125,inf,35.832,35.832,35.832
662,TT3,BESTEFFORT,MISSED,m2-1,30.859,"{'m1-1': 2.191, 'm2-1': 1.712, 'm3-1': 4.395, 'm4-1': 0.928}",0.9450000000000145,35.744,inf,36.059000000000005,36.059000000000005,36.059000000000005
663,TT3,BESTEFFORT,MISSED,m1-1,30.973,"{'m1-1': 1.972, 'm2-1': 1.73, 'm3-1': 4.753, 'm4-1': 0.782}",0.5456000000000018,35.832,inf,36.173,36.173,36.173
664,TT4,BESTEFFORT,MISSED,m3-1,31.079,"{'m1-1': 1.893, 'm2-1': 1.822, 'm3-1': 5.045, 'm4-1': 0.872}",0.4679999999999964,35.819,inf,36.079,36.079,36.079
665,TT1,BESTEFFORT,MISSED,m4-1,31.166,"{'m1-1': 2.498, 'm2-1': 1.444, 'm3-1': 4.974, 'm4-1': 0.669}",0.3059999999999903,35.962,inf,36.166,36.166,36.166
666,TT3,BESTEFFORT,MISSED,m2-1,31.19,"{'m1-1': 2.166, 'm2-1': 1.713, 'm3-1': 4.229, 'm4-1': 0.817}",0.13500000000000512,36.345,inf,36.39,36.39,36.39
667,TT2,BESTEFFORT,MISSED,m1-1,31.287,"{'m1-1': 2.136, 'm2-1': 2.039, 'm3-1': 4.004, 'm4-1': 0.815}",0.3423999999999978,36.173,inf,36.387,36.387,36.387
668,TT2,BESTEFFORT,MISSED,m1-1,31.296,"{'m1-1': 2.433, 'm2-1': 1.882, 'm3-1': 4.833, 'm4-1': 0.77}",0.014400000000000546,36.387,inf,36.396,36.396,36.396
669,TT4,BESTEFFORT,MISSED,m4-1,31.344,"{'m1-1': 2.037, 'm2-1': 1.776, 'm3-1': 4.437, 'm4-1': 0.775}",0.26700000000000657,36.166,inf,36.344,36.344,36.344
670,TT1,BESTEFFORT,MISSED,m2-1,31.345,"{'m1-1': 2.056, 'm2-1': 1.463, 'm3-1': 4.878, 'm4-1': 0.627}",0.8579999999999828,36.059000000000005,inf,36.345,36.345,36.345
671,TT3,BESTEFFORT,MISSED,m3-1,31.349,"{'m1-1': 2.129, 'm2-1': 1.412, 'm3-1': 4.611, 'm4-1': 1.001}",0.14579999999999274,36.468,inf,36.549,36.549,36.549
672,TT1,BESTEFFORT,MISSED,m4-1,31.437,"{'m1-1': 2.276, 'm2-1': 1.737, 'm3-1': 4.659, 'm4-1': 0.821}",0.13949999999999463,36.344,inf,36.437,36.437,36.437
673,TT3,BESTEFFORT,MISSED,m1-1,31.438,"{'m1-1': 2.12, 'm2-1': 1.609, 'm3-1': 4.753, 'm4-1': 0.797}",0.38719999999999577,36.396,inf,36.638,36.638,36.638
674,TT1,BESTEFFORT,MISSED,m3-1,31.468,"{'m1-1': 2.174, 'm2-1': 1.647, 'm3-1': 3.912, 'm4-1': 0.63}",0.7002000000000053,36.079,inf,36.468,36.468,36.468
675,TT2,BESTEFFORT,MISSED,m2-1,31.5,"{'m1-1': 2.467, 'm2-1': 1.606, 'm3-1': 3.631, 'm4-1': 0.998}",0.6300000000000026,36.39,inf,36.6,36.6,36.6
676,TT2,BESTEFFORT,MISSED,m4-1,31.614,"{'m1-1': 2.605, 'm2-1': 2.04, 'm3-1': 4.231, 'm4-1': 0.953}",0.41550000000000153,36.437,inf,36.714,36.714,36.714
677,TT4,BESTEFFORT,MISSED,m3-1,31.625,"{'m1-1': 1.771, 'm2-1': 1.775, 'm3-1': 4.438, 'm4-1': 0.756}",0.13680000000000092,36.549,inf,36.625,36.625,36.625
678,TT3,BESTEFFORT,MISSED,m3-1,31.712,"{'m1-1': 1.736, 'm2-1': 1.754, 'm3-1': 5.49, 'm4-1': 0.991}",0.5165999999999983,36.625,inf,36.912,36.912,36.912
679,TT4,BESTEFFORT,MISSED,m2-1,31.819,"{'m1-1': 2.394, 'm2-1': 1.893, 'm3-1': 4.744, 'm4-1': 0.765}",0.6570000000000036,36.6,inf,36.819,36.819,36.819
680,TT2,BESTEFFORT,MISSED,m4-1,31.867,"{'m1-1': 2.315, 'm2-1': 1.662, 'm3-1': 4.818, 'm4-1': 0.952}",0.37950000000000017,36.714,inf,36.967,36.967,36.967
681,TT2,BESTEFFORT,MISSED,m1-1,31.927,"{'m1-1': 1.912, 'm2-1': 1.863, 'm3-1': 4.334, 'm4-1': 0.847}",0.6224000000000047,36.638,inf,37.027,37.027,37.027
682,TT2,BESTEFFORT,MISSED,m2-1,32.037,"{'m1-1': 1.911, 'm2-1': 2.132, 'm3-1': 4.627, 'm4-1': 0.774}",0.9539999999999935,36.819,inf,37.137,37.137,37.137
683,TT4,BESTEFFORT,MISSED,m4-1,32.078,"{'m1-1': 2.318, 'm2-1': 1.726, 'm3-1': 4.044, 'm4-1': 0.934}",0.1665000000000063,36.967,inf,37.078,37.078,37.078
684,TT2,BESTEFFORT,MISSED,m2-1,32.098,"{'m1-1': 2.542, 'm2-1': 1.535, 'm3-1': 4.656, 'm4-1': 0.953}",0.18299999999999983,37.137,inf,37.198,37.198,37.198
685,TT3,BESTEFFORT,MISSED,m2-1,32.131,"{'m1-1': 2.223, 'm2-1': 1.783, 'm3-1': 5.342, 'm4-1': 0.865}",0.399000000000008,37.198,inf,37.331,37.331,37.331
686,TT1,BESTEFFORT,MISSED,m1-1,32.137,"{'m1-1': 2.099, 'm2-1': 1.959, 'm3-1': 4.349, 'm4-1': 0.763}",0.1759999999999991,37.027,inf,37.137,37.137,37.137
687,TT2,BESTEFFORT,MISSED,m4-1,32.141,"{'m1-1': 2.276, 'm2-1': 1.912, 'm3-1': 4.719, 'm4-1': 0.79}",0.24449999999999505,37.078,inf,37.241,37.241,37.241
688,TT4,BESTEFFORT,MISSED,m1-1,32.199,"{'m1-1': 2.376, 'm2-1': 1.666, 'm3-1': 3.969, 'm4-1': 0.826}",0.09919999999999618,37.137,inf,37.199,37.199,37.199
689,TT2,BESTEFFORT,MISSED,m3-1,32.213,"{'m1-1': 2.253, 'm2-1': 2.02, 'm3-1': 4.125, 'm4-1': 0.737}",0.7218000000000061,36.912,inf,37.313,37.313,37.313
690,TT2,BESTEFFORT,MISSED,m3-1,32.214,"{'m1-1': 2.073, 'm2-1': 1.735, 'm3-1': 3.636, 'm4-1': 0.987}",0.001799999999995805,37.313,inf,37.314,37.314,37.314
691,TT2,BESTEFFORT,MISSED,m3-1,32.243,"{'m1-1': 2.636, 'm2-1': 1.578, 'm3-1': 4.145, 'm4-1': 0.809}",0.05220000000000624,37.314,inf,37.343,37.343,37.343
692,TT3,BESTEFFORT,MISSED,m3-1,32.284,"{'m1-1': 1.837, 'm2-1': 1.697, 'm3-1': 5.697, 'm4-1': 0.75}",0.25379999999999686,37.343,inf,37.484,37.484,37.484
693,TT2,BESTEFFORT,MISSED,m4-1,32.366,"{'m1-1': 2.022, 'm2-1': 1.519, 'm3-1': 4.975, 'm4-1': 0.923}",0.33750000000000213,37.241,inf,37.466,37.466,37.466
694,TT2,BESTEFFORT,MISSED,m4-1,32.4,"{'m1-1': 2.182, 'm2-1': 1.753, 'm3-1': 4.805, 'm4-1': 0.847}",0.05099999999999838,37.466,inf,37.5,37.5,37.5
695,TT1,BESTEFFORT,MISSED,m1-1,32.424,"{'m1-1': 2.321, 'm2-1': 1.608, 'm3-1': 3.607, 'm4-1': 0.653}",0.3600000000000023,37.199,inf,37.424,37.424,37.424
696,TT3,BESTEFFORT,MISSED,m1-1,32.457,"{'m1-1': 2.198, 'm2-1': 1.472, 'm3-1': 5.498, 'm4-1': 0.885}",0.14239999999999783,37.568000000000005,inf,37.657000000000004,37.657000000000004,37.657000000000004
697,TT2,BESTEFFORT,MISSED,m1-1,32.468,"{'m1-1': 1.879, 'm2-1': 1.992, 'm3-1': 4.995, 'm4-1': 0.806}",0.23040000000000874,37.424,inf,37.568000000000005,37.568000000000005,37.568000000000005
698,TT1,BESTEFFORT,MISSED,m2-1,32.474,"{'m1-1': 1.857, 'm2-1': 1.974, 'm3-1': 4.838, 'm4-1': 0.848}",0.42899999999998073,37.331,inf,37.474,37.474,37.474
699,TT2,BESTEFFORT,MISSED,m2-1,32.545,"{'m1-1': 1.914, 'm2-1': 1.992, 'm3-1': 4.21, 'm4-1': 0.899}",0.5130000000000194,37.474,inf,37.645,37.645,37.645
700,TT3,BESTEFFORT,MISSED,m1-1,32.606,"{'m1-1': 2.423, 'm2-1': 1.476, 'm3-1': 5.824, 'm4-1': 0.793}",0.23840000000000147,37.657000000000004,inf,37.806000000000004,37.806000000000004,37.806000000000004
701,TT2,BESTEFFORT,MISSED,m2-1,32.613,"{'m1-1': 1.897, 'm2-1': 1.852, 'm3-1': 3.67, 'm4-1': 0.771}",0.20399999999999352,37.645,inf,37.713,37.713,37.713
702,TT4,BESTEFFORT,MISSED,m4-1,32.619,"{'m1-1': 1.736, 'm2-1': 1.864, 'm3-1': 4.356, 'm4-1': 0.826}",0.17849999999999966,37.5,inf,37.619,37.619,37.619
703,TT2,BESTEFFORT,MISSED,m4-1,32.765,"{'m1-1': 2.063, 'm2-1': 1.603, 'm3-1': 4.06, 'm4-1': 0.743}",0.3690000000000033,37.619,inf,37.865,37.865,37.865
704,TT3,BESTEFFORT,MISSED,m4-1,32.867,"{'m1-1': 1.774, 'm2-1': 1.506, 'm3-1': 5.738, 'm4-1': 0.814}",0.30299999999999727,37.865,inf,38.067,38.067,38.067
705,TT1,BESTEFFORT,MISSED,m3-1,32.869,"{'m1-1': 2.476, 'm2-1': 1.608, 'm3-1': 4.992, 'm4-1': 0.811}",0.6929999999999964,37.484,inf,37.869,37.869,37.869
706,TT3,BESTEFFORT,MISSED,m2-1,32.87,"{'m1-1': 2.22, 'm2-1': 1.653, 'm3-1': 5.098, 'm4-1': 0.826}",0.43199999999999505,37.926,inf,38.07,38.07,38.07
707,TT4,BESTEFFORT,MISSED,m3-1,32.881,"{'m1-1': 1.75, 'm2-1': 1.648, 'm3-1': 5.119, 'm4-1': 1.042}",0.02160000000000082,37.869,inf,37.881,37.881,37.881
708,TT3,BESTEFFORT,MISSED,m3-1,32.897,"{'m1-1': 1.854, 'm2-1': 1.493, 'm3-1': 5.477, 'm4-1': 0.791}",0.1134000000000043,38.034,inf,38.097,38.097,38.097
709,TT4,BESTEFFORT,MISSED,m2-1,32.926,"{'m1-1': 1.893, 'm2-1': 1.739, 'm3-1': 4.555, 'm4-1': 0.897}",0.6390000000000029,37.713,inf,37.926,37.926,37.926
710,TT3,BESTEFFORT,MISSED,m1-1,32.972,"{'m1-1': 2.225, 'm2-1': 1.56, 'm3-1': 5.978, 'm4-1': 0.985}",0.19360000000000355,38.051,inf,38.172000000000004,38.172000000000004,38.172000000000004
711,TT1,BESTEFFORT,MISSED,m3-1,33.034,"{'m1-1': 2.348, 'm2-1': 1.931, 'm3-1': 4.099, 'm4-1': 0.772}",0.27539999999999765,37.881,inf,38.034,38.034,38.034
712,TT3,BESTEFFORT,MISSED,m2-1,33.048,"{'m1-1': 2.127, 'm2-1': 1.677, 'm3-1': 4.935, 'm4-1': 0.847}",0.5340000000000131,38.07,inf,38.248000000000005,38.248000000000005,38.248000000000005
713,TT4,BESTEFFORT,MISSED,m1-1,33.051,"{'m1-1': 1.795, 'm2-1': 1.807, 'm3-1': 4.606, 'm4-1': 0.79}",0.3919999999999959,37.806000000000004,inf,38.051,38.051,38.051
714,TT1,BESTEFFORT,MISSED,m4-1,33.143,"{'m1-1': 2.277, 'm2-1': 1.607, 'm3-1': 4.585, 'm4-1': 0.852}",0.11400000000000077,38.067,inf,38.143,38.143,38.143
715,TT1,BESTEFFORT,MISSED,m4-1,33.194,"{'m1-1': 2.497, 'm2-1': 1.883, 'm3-1': 3.664, 'm4-1': 0.849}",0.0765000000000029,38.143,inf,38.194,38.194,38.194
716,TT2,BESTEFFORT,MISSED,m1-1,33.205,"{'m1-1': 1.979, 'm2-1': 1.99, 'm3-1': 4.002, 'm4-1': 0.779}",0.2127999999999929,38.172000000000004,inf,38.305,38.305,38.305
717,TT2,BESTEFFORT,MISSED,m2-1,33.223,"{'m1-1': 2.517, 'm2-1': 2.04, 'm3-1': 3.954, 'm4-1': 0.97}",0.2249999999999872,38.248000000000005,inf,38.323,38.323,38.323
718,TT1,BESTEFFORT,MISSED,m1-1,33.374,"{'m1-1': 2.052, 'm2-1': 1.897, 'm3-1': 3.614, 'm4-1': 0.61}",0.11040000000000419,38.305,inf,38.374,38.374,38.374
719,TT2,BESTEFFORT,MISSED,m4-1,33.409,"{'m1-1': 2.511, 'm2-1': 2.122, 'm3-1': 4.605, 'm4-1': 0.926}",0.4724999999999966,38.194,inf,38.509,38.509,38.509
720,TT3,BESTEFFORT,MISSED,m3-1,33.507,"{'m1-1': 1.832, 'm2-1': 1.391, 'm3-1': 5.714, 'm4-1': 0.888}",0.09899999999999949,38.652,inf,38.707,38.707,38.707
721,TT2,BESTEFFORT,MISSED,m3-1,33.552,"{'m1-1': 2.098, 'm2-1': 2.079, 'm3-1': 4.365, 'm4-1': 0.873}",0.9989999999999996,38.097,inf,38.652,38.652,38.652
722,TT3,BESTEFFORT,MISSED,m4-1,33.739,"{'m1-1': 1.95, 'm2-1': 1.657, 'm3-1': 4.259, 'm4-1': 0.786}",0.6449999999999996,38.509,inf,38.939,38.939,38.939
723,TT4,BESTEFFORT,MISSED,m2-1,33.765,"{'m1-1': 2.354, 'm2-1': 1.453, 'm3-1': 4.203, 'm4-1': 0.796}",1.3260000000000005,38.323,inf,38.765,38.765,38.765
724,TT2,BESTEFFORT,MISSED,m1-1,33.782,"{'m1-1': 2.063, 'm2-1': 2.081, 'm3-1': 4.599, 'm4-1': 1.018}",0.812799999999993,38.374,inf,38.882,38.882,38.882
725,TT4,BESTEFFORT,MISSED,m3-1,33.837,"{'m1-1': 2.273, 'm2-1': 1.419, 'm3-1': 4.421, 'm4-1': 0.819}",0.23400000000000462,38.707,inf,38.837,38.837,38.837
726,TT3,BESTEFFORT,MISSED,m2-1,33.896,"{'m1-1': 2.131, 'm2-1': 1.772, 'm3-1': 5.338, 'm4-1': 0.791}",0.9930000000000092,38.765,inf,39.096000000000004,39.096000000000004,39.096000000000004
727,TT2,BESTEFFORT,MISSED,m3-1,34.019,"{'m1-1': 2.207, 'm2-1': 1.908, 'm3-1': 4.677, 'm4-1': 0.97}",0.5075999999999937,38.837,inf,39.119,39.119,39.119
728,TT2,BESTEFFORT,MISSED,m4-1,34.135,"{'m1-1': 2.059, 'm2-1': 1.838, 'm3-1': 4.477, 'm4-1': 0.92}",0.44399999999999906,38.939,inf,39.235,39.235,39.235
729,TT3,BESTEFFORT,MISSED,m4-1,34.144,"{'m1-1': 2.046, 'm2-1': 1.682, 'm3-1': 4.671, 'm4-1': 0.878}",0.16350000000000264,39.235,inf,39.344,39.344,39.344
730,TT2,BESTEFFORT,MISSED,m2-1,34.244,"{'m1-1': 2.633, 'm2-1': 2.035, 'm3-1': 4.177, 'm4-1': 0.753}",0.7439999999999927,39.096000000000004,inf,39.344,39.344,39.344
731,TT3,BESTEFFORT,MISSED,m2-1,34.315,"{'m1-1': 1.985, 'm2-1': 1.677, 'm3-1': 5.532, 'm4-1': 0.933}",0.5129999999999981,39.344,inf,39.515,39.515,39.515
732,TT3,BESTEFFORT,MISSED,m1-1,34.322,"{'m1-1': 1.872, 'm2-1': 1.671, 'm3-1': 4.579, 'm4-1': 0.802}",0.05440000000000964,39.488,inf,39.522000000000006,39.522000000000006,39.522000000000006
733,TT1,BESTEFFORT,MISSED,m1-1,34.325,"{'m1-1': 1.881, 'm2-1': 1.802, 'm3-1': 4.219, 'm4-1': 0.789}",0.708800000000008,38.882,inf,39.325,39.325,39.325
734,TT2,BESTEFFORT,MISSED,m1-1,34.388,"{'m1-1': 2.295, 'm2-1': 1.532, 'm3-1': 3.737, 'm4-1': 0.859}",0.26079999999999476,39.325,inf,39.488,39.488,39.488
735,TT2,BESTEFFORT,MISSED,m4-1,34.437,"{'m1-1': 2.435, 'm2-1': 1.695, 'm3-1': 4.833, 'm4-1': 0.837}",0.28949999999999676,39.344,inf,39.537,39.537,39.537
736,TT4,BESTEFFORT,MISSED,m3-1,34.587,"{'m1-1': 1.784, 'm2-1': 1.779, 'm3-1': 3.721, 'm4-1': 0.994}",0.8424000000000064,39.119,inf,39.587,39.587,39.587
737,TT3,BESTEFFORT,MISSED,m3-1,34.598,"{'m1-1': 2.031, 'm2-1': 1.71, 'm3-1': 4.33, 'm4-1': 0.991}",0.061199999999998055,39.764,inf,39.798,39.798,39.798
738,TT3,BESTEFFORT,MISSED,m4-1,34.756,"{'m1-1': 1.963, 'm2-1': 1.622, 'm3-1': 5.026, 'm4-1': 1.009}",0.628500000000006,39.537,inf,39.956,39.956,39.956
739,TT4,BESTEFFORT,MISSED,m3-1,34.764,"{'m1-1': 2.175, 'm2-1': 1.549, 'm3-1': 4.615, 'm4-1': 0.948}",0.3185999999999993,39.587,inf,39.764,39.764,39.764
740,TT4,BESTEFFORT,MISSED,m2-1,34.772,"{'m1-1': 1.85, 'm2-1': 1.601, 'm3-1': 4.052, 'm4-1': 0.988}",0.7709999999999937,39.515,inf,39.772,39.772,39.772
741,TT4,BESTEFFORT,MISSED,m1-1,34.831,"{'m1-1': 2.08, 'm2-1': 1.873, 'm3-1': 4.258, 'm4-1': 0.835}",0.494399999999996,39.522000000000006,inf,39.831,39.831,39.831
742,TT3,BESTEFFORT,MISSED,m2-1,34.84,"{'m1-1': 2.183, 'm2-1': 1.563, 'm3-1': 4.285, 'm4-1': 0.909}",0.8040000000000234,39.772,inf,40.040000000000006,40.040000000000006,40.040000000000006
743,TT1,BESTEFFORT,MISSED,m3-1,35.111,"{'m1-1': 2.478, 'm2-1': 1.814, 'm3-1': 4.067, 'm4-1': 0.738}",0.5633999999999916,39.798,inf,40.111,40.111,40.111
744,TT4,BESTEFFORT,MISSED,m4-1,35.132,"{'m1-1': 2.225, 'm2-1': 1.745, 'm3-1': 4.057, 'm4-1': 0.824}",0.26399999999999224,39.956,inf,40.132,40.132,40.132
745,TT1,BESTEFFORT,MISSED,m1-1,35.294,"{'m1-1': 1.923, 'm2-1': 1.876, 'm3-1': 4.926, 'm4-1': 0.766}",0.7407999999999902,39.831,inf,40.294,40.294,40.294
746,TT3,BESTEFFORT,MISSED,m2-1,35.301,"{'m1-1': 2.094, 'm2-1': 1.58, 'm3-1': 4.572, 'm4-1': 0.879}",0.5070000000000121,40.332,inf,40.501000000000005,40.501000000000005,40.501000000000005
747,TT3,BESTEFFORT,MISSED,m1-1,35.329,"{'m1-1': 2.406, 'm2-1': 1.432, 'm3-1': 5.656, 'm4-1': 0.844}",0.06879999999999882,40.486000000000004,inf,40.529,40.529,40.529
748,TT1,BESTEFFORT,MISSED,m2-1,35.332,"{'m1-1': 2.458, 'm2-1': 1.445, 'm3-1': 4.006, 'm4-1': 0.663}",0.8759999999999835,40.040000000000006,inf,40.332,40.332,40.332
749,TT1,BESTEFFORT,MISSED,m4-1,35.385,"{'m1-1': 2.082, 'm2-1': 1.663, 'm3-1': 5.036, 'm4-1': 0.818}",0.37950000000000017,40.132,inf,40.385,40.385,40.385
750,TT2,BESTEFFORT,MISSED,m1-1,35.386,"{'m1-1': 1.891, 'm2-1': 1.581, 'm3-1': 3.652, 'm4-1': 0.997}",0.3072000000000117,40.294,inf,40.486000000000004,40.486000000000004,40.486000000000004
751,TT1,BESTEFFORT,MISSED,m4-1,35.569,"{'m1-1': 1.997, 'm2-1': 1.439, 'm3-1': 4.503, 'm4-1': 0.623}",0.2760000000000069,40.385,inf,40.569,40.569,40.569
752,TT1,BESTEFFORT,MISSED,m3-1,35.581,"{'m1-1': 2.479, 'm2-1': 1.866, 'm3-1': 4.93, 'm4-1': 0.644}",0.8460000000000107,40.111,inf,40.581,40.581,40.581
753,TT3,BESTEFFORT,MISSED,m2-1,35.581,"{'m1-1': 1.795, 'm2-1': 1.29, 'm3-1': 4.791, 'm4-1': 0.817}",0.8400000000000034,40.501000000000005,inf,40.781000000000006,40.781000000000006,40.781000000000006
754,TT1,BESTEFFORT,MISSED,m3-1,35.723,"{'m1-1': 2.466, 'm2-1': 1.447, 'm3-1': 4.325, 'm4-1': 0.773}",0.25559999999999267,40.581,inf,40.723,40.723,40.723
755,TT3,BESTEFFORT,MISSED,m2-1,35.807,"{'m1-1': 1.794, 'm2-1': 1.487, 'm3-1': 5.092, 'm4-1': 0.798}",0.6779999999999973,40.781000000000006,inf,41.007000000000005,41.007000000000005,41.007000000000005
756,TT1,BESTEFFORT,MISSED,m3-1,35.88,"{'m1-1': 2.076, 'm2-1': 1.426, 'm3-1': 4.657, 'm4-1': 0.686}",0.28260000000000646,40.723,inf,40.88,40.88,40.88
757,TT3,BESTEFFORT,MISSED,m2-1,35.898,"{'m1-1': 2.26, 'm2-1': 1.329, 'm3-1': 4.86, 'm4-1': 0.919}",0.27300000000000324,41.007000000000005,inf,41.098000000000006,41.098000000000006,41.098000000000006
758,TT2,BESTEFFORT,MISSED,m4-1,35.905,"{'m1-1': 2.617, 'm2-1': 2.04, 'm3-1': 4.107, 'm4-1': 0.735}",0.6539999999999999,40.569,inf,41.005,41.005,41.005
759,TT4,BESTEFFORT,MISSED,m1-1,35.943,"{'m1-1': 2.033, 'm2-1': 1.81, 'm3-1': 4.382, 'm4-1': 0.996}",0.662399999999991,40.529,inf,40.943,40.943,40.943
760,TT3,BESTEFFORT,MISSED,m1-1,35.945,"{'m1-1': 1.755, 'm2-1': 1.284, 'm3-1': 5.503, 'm4-1': 0.727}",0.11680000000000064,41.072,inf,41.145,41.145,41.145
761,TT4,BESTEFFORT,MISSED,m3-1,36.058,"{'m1-1': 2.171, 'm2-1': 1.593, 'm3-1': 5.136, 'm4-1': 0.773}",0.3203999999999951,40.88,inf,41.058,41.058,41.058
762,TT4,BESTEFFORT,MISSED,m4-1,36.063,"{'m1-1': 2.123, 'm2-1': 1.478, 'm3-1': 3.863, 'm4-1': 0.95}",0.08699999999999974,41.005,inf,41.063,41.063,41.063
763,TT1,BESTEFFORT,MISSED,m1-1,36.072,"{'m1-1': 2.591, 'm2-1': 1.742, 'm3-1': 4.955, 'm4-1': 0.671}",0.20640000000000783,40.943,inf,41.072,41.072,41.072
764,TT1,BESTEFFORT,MISSED,m4-1,36.105,"{'m1-1': 2.249, 'm2-1': 1.801, 'm3-1': 4.955, 'm4-1': 0.742}",0.06299999999999173,41.063,inf,41.105,41.105,41.105
765,TT2,BESTEFFORT,MISSED,m2-1,36.125,"{'m1-1': 2.409, 'm2-1': 1.542, 'm3-1': 3.788, 'm4-1': 0.732}",0.380999999999986,41.098000000000006,inf,41.225,41.225,41.225
766,TT3,BESTEFFORT,MISSED,m4-1,36.172,"{'m1-1': 1.872, 'm2-1': 1.516, 'm3-1': 4.528, 'm4-1': 0.969}",0.4005000000000045,41.105,inf,41.372,41.372,41.372
767,TT3,BESTEFFORT,MISSED,m3-1,36.232,"{'m1-1': 2.022, 'm2-1': 1.739, 'm3-1': 5.62, 'm4-1': 0.944}",0.6732000000000042,41.058,inf,41.432,41.432,41.432
768,TT1,BESTEFFORT,MISSED,m1-1,36.27,"{'m1-1': 2.015, 'm2-1': 1.452, 'm3-1': 4.925, 'm4-1': 0.734}",0.2,41.145,inf,41.27,41.27,41.27
769,TT3,BESTEFFORT,MISSED,m2-1,36.366,"{'m1-1': 1.951, 'm2-1': 1.361, 'm3-1': 5.656, 'm4-1': 1.002}",1.0230000000000032,41.225,inf,41.566,41.566,41.566
770,TT3,BESTEFFORT,MISSED,m3-1,36.376,"{'m1-1': 2.261, 'm2-1': 1.636, 'm3-1': 5.565, 'm4-1': 0.772}",0.04320000000000164,41.552,inf,41.576,41.576,41.576
771,TT2,BESTEFFORT,MISSED,m1-1,36.477,"{'m1-1': 2.591, 'm2-1': 1.821, 'm3-1': 4.032, 'm4-1': 0.895}",0.4911999999999921,41.27,inf,41.577,41.577,41.577
772,TT2,BESTEFFORT,MISSED,m4-1,36.522,"{'m1-1': 1.889, 'm2-1': 1.776, 'm3-1': 3.927, 'm4-1': 0.811}",0.375,41.372,inf,41.622,41.622,41.622
773,TT1,BESTEFFORT,MISSED,m3-1,36.552,"{'m1-1': 2.244, 'm2-1': 1.685, 'm3-1': 3.672, 'm4-1': 0.809}",0.2159999999999954,41.432,inf,41.552,41.552,41.552
774,TT3,BESTEFFORT,MISSED,m4-1,36.778,"{'m1-1': 2.286, 'm2-1': 1.351, 'm3-1': 4.28, 'm4-1': 0.905}",0.5340000000000025,41.622,inf,41.978,41.978,41.978
775,TT3,BESTEFFORT,MISSED,m1-1,36.806,"{'m1-1': 2.333, 'm2-1': 1.782, 'm3-1': 4.352, 'm4-1': 0.976}",0.6864000000000033,41.577,inf,42.006,42.006,42.006
776,TT1,BESTEFFORT,MISSED,m2-1,36.814,"{'m1-1': 2.138, 'm2-1': 1.473, 'm3-1': 5.095, 'm4-1': 0.62}",0.7439999999999927,41.566,inf,41.814,41.814,41.814
777,TT3,BESTEFFORT,MISSED,m2-1,36.822,"{'m1-1': 2.334, 'm2-1': 1.44, 'm3-1': 4.546, 'm4-1': 0.953}",0.6240000000000165,41.814,inf,42.022000000000006,42.022000000000006,42.022000000000006
778,TT4,BESTEFFORT,MISSED,m3-1,36.855,"{'m1-1': 2.063, 'm2-1': 1.546, 'm3-1': 4.709, 'm4-1': 0.935}",0.5021999999999934,41.576,inf,41.855,41.855,41.855
779,TT3,BESTEFFORT,MISSED,m4-1,36.915,"{'m1-1': 2.051, 'm2-1': 1.593, 'm3-1': 4.752, 'm4-1': 0.724}",0.13050000000000495,42.028,inf,42.115,42.115,42.115
780,TT2,BESTEFFORT,MISSED,m1-1,36.955,"{'m1-1': 1.892, 'm2-1': 1.794, 'm3-1': 4.75, 'm4-1': 0.884}",0.07839999999999919,42.006,inf,42.055,42.055,42.055
781,TT2,BESTEFFORT,MISSED,m2-1,36.968,"{'m1-1': 2.537, 'm2-1': 1.599, 'm3-1': 4.797, 'm4-1': 0.741}",0.13799999999999812,42.022000000000006,inf,42.068000000000005,42.068000000000005,42.068000000000005
782,TT4,BESTEFFORT,MISSED,m4-1,37.028,"{'m1-1': 2.224, 'm2-1': 1.882, 'm3-1': 4.843, 'm4-1': 0.856}",0.07499999999999574,41.978,inf,42.028,42.028,42.028
783,TT1,BESTEFFORT,MISSED,m1-1,37.114,"{'m1-1': 2.55, 'm2-1': 1.87, 'm3-1': 3.888, 'm4-1': 0.614}",0.094399999999996,42.055,inf,42.114,42.114,42.114
784,TT3,BESTEFFORT,MISSED,m3-1,37.115,"{'m1-1': 1.759, 'm2-1': 1.681, 'm3-1': 5.925, 'm4-1': 0.871}",0.8280000000000144,41.855,inf,42.315000000000005,42.315000000000005,42.315000000000005
785,TT3,BESTEFFORT,MISSED,m1-1,37.439,"{'m1-1': 2.394, 'm2-1': 1.36, 'm3-1': 5.481, 'm4-1': 0.965}",0.8400000000000092,42.114,inf,42.639,42.639,42.639
786,TT4,BESTEFFORT,MISSED,m3-1,37.564,"{'m1-1': 2.434, 'm2-1': 1.607, 'm3-1': 4.03, 'm4-1': 0.92}",0.44819999999999144,42.315000000000005,inf,42.564,42.564,42.564
787,TT4,BESTEFFORT,MISSED,m2-1,37.596,"{'m1-1': 2.45, 'm2-1': 1.831, 'm3-1': 3.76, 'm4-1': 0.824}",1.5839999999999748,42.068000000000005,inf,42.596,42.596,42.596
788,TT4,BESTEFFORT,MISSED,m3-1,37.626,"{'m1-1': 1.976, 'm2-1': 1.515, 'm3-1': 4.227, 'm4-1': 0.79}",0.1115999999999957,42.564,inf,42.626,42.626,42.626
789,TT4,BESTEFFORT,MISSED,m4-1,37.802,"{'m1-1': 2.224, 'm2-1': 1.637, 'm3-1': 4.517, 'm4-1': 0.91}",1.0304999999999964,42.115,inf,42.802,42.802,42.802
790,TT4,BESTEFFORT,MISSED,m2-1,37.846,"{'m1-1': 1.97, 'm2-1': 1.887, 'm3-1': 4.193, 'm4-1': 0.918}",0.75,42.596,inf,42.846,42.846,42.846
791,TT3,BESTEFFORT,MISSED,m4-1,37.865,"{'m1-1': 1.853, 'm2-1': 1.715, 'm3-1': 5.263, 'm4-1': 0.849}",0.11550000000000793,42.988,inf,43.065000000000005,43.065000000000005,43.065000000000005
792,TT1,BESTEFFORT,MISSED,m3-1,37.889,"{'m1-1': 2.193, 'm2-1': 1.663, 'm3-1': 4.778, 'm4-1': 0.667}",0.4734000000000094,42.626,inf,42.889,42.889,42.889
793,TT2,BESTEFFORT,MISSED,m1-1,37.954,"{'m1-1': 2.637, 'm2-1': 1.753, 'm3-1': 3.778, 'm4-1': 0.766}",0.6639999999999987,42.639,inf,43.054,43.054,43.054
794,TT2,BESTEFFORT,MISSED,m2-1,37.957,"{'m1-1': 2.181, 'm2-1': 1.517, 'm3-1': 3.93, 'm4-1': 0.744}",0.6330000000000169,42.846,inf,43.057,43.057,43.057
795,TT1,BESTEFFORT,MISSED,m4-1,37.988,"{'m1-1': 2.093, 'm2-1': 1.977, 'm3-1': 4.438, 'm4-1': 0.747}",0.2789999999999999,42.802,inf,42.988,42.988,42.988
796,TT3,BESTEFFORT,MISSED,m2-1,38.012,"{'m1-1': 1.751, 'm2-1': 1.281, 'm3-1': 5.67, 'm4-1': 0.741}",0.4650000000000034,43.057,inf,43.212,43.212,43.212
797,TT2,BESTEFFORT,MISSED,m1-1,38.072,"{'m1-1': 2.49, 'm2-1': 1.74, 'm3-1': 3.985, 'm4-1': 0.774}",0.18880000000000338,43.054,inf,43.172000000000004,43.172000000000004,43.172000000000004
798,TT3,BESTEFFORT,MISSED,m4-1,38.131,"{'m1-1': 2.176, 'm2-1': 1.78, 'm3-1': 4.929, 'm4-1': 0.908}",0.39899999999999736,43.065000000000005,inf,43.331,43.331,43.331
799,TT4,BESTEFFORT,MISSED,m1-1,38.212,"{'m1-1': 2.213, 'm2-1': 1.376, 'm3-1': 4.022, 'm4-1': 1.006}",0.06399999999999864,43.172000000000004,inf,43.212,43.212,43.212
800,TT2,BESTEFFORT,MISSED,m2-1,38.287,"{'m1-1': 1.915, 'm2-1': 1.879, 'm3-1': 4.964, 'm4-1': 0.854}",0.5249999999999915,43.212,inf,43.387,43.387,43.387
801,TT3,BESTEFFORT,MISSED,m1-1,38.327,"{'m1-1': 2.006, 'm2-1': 1.773, 'm3-1': 5.785, 'm4-1': 1.004}",0.5039999999999963,43.212,inf,43.527,43.527,43.527
802,TT1,BESTEFFORT,MISSED,m3-1,38.355,"{'m1-1': 1.949, 'm2-1': 1.92, 'm3-1': 4.843, 'm4-1': 0.772}",0.8387999999999892,42.889,inf,43.355,43.355,43.355
803,TT1,BESTEFFORT,MISSED,m3-1,38.366,"{'m1-1': 2.483, 'm2-1': 1.616, 'm3-1': 4.783, 'm4-1': 0.719}",0.019800000000005015,43.355,inf,43.366,43.366,43.366
804,TT1,BESTEFFORT,MISSED,m3-1,38.508,"{'m1-1': 2.146, 'm2-1': 1.633, 'm3-1': 3.944, 'm4-1': 0.689}",0.25560000000000543,43.366,inf,43.508,43.508,43.508
805,TT4,BESTEFFORT,MISSED,m4-1,38.621,"{'m1-1': 2.007, 'm2-1': 1.519, 'm3-1': 3.989, 'm4-1': 0.902}",0.4349999999999987,43.331,inf,43.621,43.621,43.621
806,TT2,BESTEFFORT,MISSED,m3-1,38.697,"{'m1-1': 2.238, 'm2-1': 1.633, 'm3-1': 3.912, 'm4-1': 0.846}",0.5202000000000027,43.508,inf,43.797000000000004,43.797000000000004,43.797000000000004
807,TT4,BESTEFFORT,MISSED,m2-1,38.728,"{'m1-1': 2.156, 'm2-1': 1.646, 'm3-1': 4.89, 'm4-1': 1.042}",1.0230000000000032,43.387,inf,43.728,43.728,43.728
808,TT4,BESTEFFORT,MISSED,m4-1,38.811,"{'m1-1': 1.74, 'm2-1': 1.417, 'm3-1': 4.452, 'm4-1': 0.768}",0.2849999999999966,43.621,inf,43.811,43.811,43.811
809,TT1,BESTEFFORT,MISSED,m1-1,38.811,"{'m1-1': 2.069, 'm2-1': 1.642, 'm3-1': 4.172, 'm4-1': 0.64}",0.4543999999999983,43.527,inf,43.811,43.811,43.811
810,TT4,BESTEFFORT,MISSED,m2-1,38.823,"{'m1-1': 1.78, 'm2-1': 1.698, 'm3-1': 3.818, 'm4-1': 0.998}",0.2849999999999966,43.728,inf,43.823,43.823,43.823
811,TT4,BESTEFFORT,MISSED,m4-1,38.865,"{'m1-1': 2.268, 'm2-1': 1.643, 'm3-1': 4.109, 'm4-1': 0.937}",0.08100000000000307,43.811,inf,43.865,43.865,43.865
812,TT3,BESTEFFORT,MISSED,m1-1,38.873,"{'m1-1': 2.164, 'm2-1': 1.344, 'm3-1': 5.43, 'm4-1': 1.004}",0.41920000000000074,43.811,inf,44.073,44.073,44.073
813,TT2,BESTEFFORT,MISSED,m2-1,39.047,"{'m1-1': 1.956, 'm2-1': 1.612, 'm3-1': 4.283, 'm4-1': 0.762}",0.9719999999999942,43.823,inf,44.147,44.147,44.147
814,TT3,BESTEFFORT,MISSED,m4-1,39.062,"{'m1-1': 2.334, 'm2-1': 1.712, 'm3-1': 4.891, 'm4-1': 0.849}",0.5954999999999977,43.865,inf,44.262,44.262,44.262
815,TT4,BESTEFFORT,MISSED,m1-1,39.149,"{'m1-1': 1.955, 'm2-1': 1.389, 'm3-1': 4.36, 'm4-1': 0.957}",0.12160000000000082,44.073,inf,44.149,44.149,44.149
816,TT2,BESTEFFORT,MISSED,m3-1,39.245,"{'m1-1': 2.14, 'm2-1': 1.966, 'm3-1': 3.911, 'm4-1': 0.752}",0.08100000000000307,44.3,inf,44.345,44.345,44.345
817,TT1,BESTEFFORT,MISSED,m3-1,39.282,"{'m1-1': 2.146, 'm2-1': 1.905, 'm3-1': 3.997, 'm4-1': 0.723}",0.8729999999999862,43.797000000000004,inf,44.282,44.282,44.282
818,TT2,BESTEFFORT,MISSED,m1-1,39.291,"{'m1-1': 2.241, 'm2-1': 2.055, 'm3-1': 4.815, 'm4-1': 0.938}",0.38719999999999577,44.149,inf,44.391,44.391,44.391
819,TT2,BESTEFFORT,MISSED,m4-1,39.292,"{'m1-1': 1.932, 'm2-1': 1.673, 'm3-1': 4.685, 'm4-1': 0.975}",0.19500000000000384,44.262,inf,44.392,44.392,44.392
820,TT1,BESTEFFORT,MISSED,m3-1,39.3,"{'m1-1': 1.996, 'm2-1': 1.827, 'm3-1': 4.917, 'm4-1': 0.65}",0.032400000000001226,44.282,inf,44.3,44.3,44.3
821,TT1,BESTEFFORT,MISSED,m2-1,39.343,"{'m1-1': 2.321, 'm2-1': 1.774, 'm3-1': 4.304, 'm4-1': 0.751}",0.5880000000000152,44.147,inf,44.343,44.343,44.343
822,TT4,BESTEFFORT,MISSED,m2-1,39.512,"{'m1-1': 1.8, 'm2-1': 1.729, 'm3-1': 3.726, 'm4-1': 1.044}",0.5069999999999908,44.343,inf,44.512,44.512,44.512
823,TT2,BESTEFFORT,MISSED,m3-1,39.521,"{'m1-1': 1.904, 'm2-1': 1.987, 'm3-1': 4.251, 'm4-1': 0.829}",0.49680000000000607,44.345,inf,44.621,44.621,44.621
824,TT2,BESTEFFORT,MISSED,m1-1,39.571,"{'m1-1': 2.221, 'm2-1': 1.91, 'm3-1': 5.073, 'm4-1': 0.87}",0.44800000000000184,44.391,inf,44.671,44.671,44.671
825,TT2,BESTEFFORT,MISSED,m2-1,39.684,"{'m1-1': 1.927, 'm2-1': 1.866, 'm3-1': 4.778, 'm4-1': 0.985}",0.8159999999999954,44.512,inf,44.784,44.784,44.784
826,TT4,BESTEFFORT,MISSED,m4-1,39.74,"{'m1-1': 1.923, 'm2-1': 1.698, 'm3-1': 4.892, 'm4-1': 1.007}",0.5219999999999985,44.392,inf,44.74,44.74,44.74
827,TT4,BESTEFFORT,MISSED,m4-1,39.802,"{'m1-1': 2.376, 'm2-1': 1.868, 'm3-1': 3.874, 'm4-1': 1.061}",0.09299999999999642,44.74,inf,44.802,44.802,44.802
828,TT2,BESTEFFORT,MISSED,m2-1,39.934,"{'m1-1': 1.902, 'm2-1': 1.966, 'm3-1': 3.67, 'm4-1': 0.91}",0.75,44.784,inf,45.034,45.034,45.034
829,TT4,BESTEFFORT,MISSED,m1-1,39.956,"{'m1-1': 2.113, 'm2-1': 1.626, 'm3-1': 4.046, 'm4-1': 0.941}",0.45600000000000596,44.671,inf,44.956,44.956,44.956
830,TT2,BESTEFFORT,MISSED,m1-1,39.985,"{'m1-1': 2.337, 'm2-1': 2.054, 'm3-1': 5.069, 'm4-1': 0.918}",0.20639999999999648,44.956,inf,45.085,45.085,45.085
831,TT3,BESTEFFORT,MISSED,m3-1,40.069,"{'m1-1': 2.314, 'm2-1': 1.524, 'm3-1': 5.812, 'm4-1': 0.879}",0.0108000000000132,45.263,inf,45.269000000000005,45.269000000000005,45.269000000000005
832,TT3,BESTEFFORT,MISSED,m2-1,40.102,"{'m1-1': 2.291, 'm2-1': 1.552, 'm3-1': 4.386, 'm4-1': 0.91}",0.804000000000002,45.034,inf,45.302,45.302,45.302
833,TT1,BESTEFFORT,MISSED,m4-1,40.223,"{'m1-1': 2.213, 'm2-1': 1.62, 'm3-1': 4.108, 'm4-1': 0.807}",0.6314999999999991,44.802,inf,45.223,45.223,45.223
834,TT2,BESTEFFORT,MISSED,m3-1,40.228,"{'m1-1': 1.912, 'm2-1': 2.071, 'm3-1': 4.65, 'm4-1': 0.935}",0.1061999999999955,45.269000000000005,inf,45.328,45.328,45.328
835,TT1,BESTEFFORT,MISSED,m3-1,40.263,"{'m1-1': 2.471, 'm2-1': 1.905, 'm3-1': 4.515, 'm4-1': 0.613}",1.1555999999999926,44.621,inf,45.263,45.263,45.263
836,TT2,BESTEFFORT,MISSED,m1-1,40.265,"{'m1-1': 2.308, 'm2-1': 1.735, 'm3-1': 3.892, 'm4-1': 0.987}",0.44800000000000184,45.085,inf,45.365,45.365,45.365
837,TT3,BESTEFFORT,MISSED,m4-1,40.482,"{'m1-1': 1.872, 'm2-1': 1.633, 'm3-1': 5.636, 'm4-1': 0.84}",0.6885000000000048,45.223,inf,45.682,45.682,45.682
838,TT3,BESTEFFORT,MISSED,m2-1,40.682,"{'m1-1': 2.429, 'm2-1': 1.334, 'm3-1': 5.301, 'm4-1': 1.004}",0.1950000000000145,45.817,inf,45.882000000000005,45.882000000000005,45.882000000000005
839,TT2,BESTEFFORT,MISSED,m4-1,40.693,"{'m1-1': 2.592, 'm2-1': 1.586, 'm3-1': 5.119, 'm4-1': 0.868}",0.16649999999999565,45.682,inf,45.793,45.793,45.793
840,TT2,BESTEFFORT,MISSED,m2-1,40.717,"{'m1-1': 2.122, 'm2-1': 1.938, 'm3-1': 4.306, 'm4-1': 0.902}",0.18000000000000682,45.757,inf,45.817,45.817,45.817
841,TT4,BESTEFFORT,MISSED,m2-1,40.757,"{'m1-1': 2.353, 'm2-1': 1.432, 'm3-1': 4.032, 'm4-1': 0.854}",1.3649999999999949,45.302,inf,45.757,45.757,45.757
842,TT1,BESTEFFORT,MISSED,m3-1,40.761,"{'m1-1': 2.597, 'm2-1': 1.505, 'm3-1': 4.225, 'm4-1': 0.705}",0.7793999999999998,45.328,inf,45.761,45.761,45.761
843,TT4,BESTEFFORT,MISSED,m1-1,40.775,"{'m1-1': 1.928, 'm2-1': 1.694, 'm3-1': 4.323, 'm4-1': 0.881}",0.6559999999999946,45.365,inf,45.775,45.775,45.775
844,TT3,BESTEFFORT,MISSED,m3-1,40.791,"{'m1-1': 2.049, 'm2-1': 1.381, 'm3-1': 5.406, 'm4-1': 0.915}",0.0036000000000043996,45.989,inf,45.991,45.991,45.991
845,TT2,BESTEFFORT,MISSED,m1-1,40.801,"{'m1-1': 2.498, 'm2-1': 1.63, 'm3-1': 4.533, 'm4-1': 0.788}",0.09279999999999973,45.843,inf,45.901,45.901,45.901
846,TT1,BESTEFFORT,MISSED,m4-1,40.835,"{'m1-1': 2.03, 'm2-1': 1.496, 'm3-1': 4.367, 'm4-1': 0.772}",0.06300000000000239,45.793,inf,45.835,45.835,45.835
847,TT4,BESTEFFORT,MISSED,m1-1,40.843,"{'m1-1': 2.433, 'm2-1': 1.808, 'm3-1': 3.657, 'm4-1': 1.007}",0.10880000000000792,45.775,inf,45.843,45.843,45.843
848,TT2,BESTEFFORT,MISSED,m4-1,40.858,"{'m1-1': 2.08, 'm2-1': 1.846, 'm3-1': 5.074, 'm4-1': 0.842}",0.18449999999999633,45.835,inf,45.958,45.958,45.958
849,TT3,BESTEFFORT,MISSED,m3-1,40.881,"{'m1-1': 1.794, 'm2-1': 1.29, 'm3-1': 5.532, 'm4-1': 0.794}",0.1296000000000049,46.009,inf,46.081,46.081,46.081
850,TT2,BESTEFFORT,MISSED,m1-1,40.988,"{'m1-1': 2.141, 'm2-1': 1.673, 'm3-1': 3.837, 'm4-1': 0.744}",0.04320000000000164,46.061,inf,46.088,46.088,46.088
851,TT4,BESTEFFORT,MISSED,m3-1,40.989,"{'m1-1': 1.796, 'm2-1': 1.591, 'm3-1': 3.818, 'm4-1': 0.958}",0.41039999999999,45.761,inf,45.989,45.989,45.989
852,TT4,BESTEFFORT,MISSED,m2-1,41.001,"{'m1-1': 2.151, 'm2-1': 1.786, 'm3-1': 4.24, 'm4-1': 0.948}",0.356999999999978,45.882000000000005,inf,46.001,46.001,46.001
853,TT1,BESTEFFORT,MISSED,m3-1,41.009,"{'m1-1': 2.419, 'm2-1': 1.92, 'm3-1': 4.181, 'm4-1': 0.757}",0.032400000000001226,45.991,inf,46.009,46.009,46.009
854,TT4,BESTEFFORT,MISSED,m1-1,41.061,"{'m1-1': 2.207, 'm2-1': 1.804, 'm3-1': 4.441, 'm4-1': 1.038}",0.25599999999999457,45.901,inf,46.061,46.061,46.061
855,TT4,BESTEFFORT,MISSED,m4-1,41.07,"{'m1-1': 2.219, 'm2-1': 1.403, 'm3-1': 5.033, 'm4-1': 0.827}",0.1680000000000028,45.958,inf,46.07,46.07,46.07
856,TT4,BESTEFFORT,MISSED,m2-1,41.072,"{'m1-1': 2.4, 'm2-1': 1.69, 'm3-1': 4.922, 'm4-1': 0.898}",0.21300000000001518,46.001,inf,46.072,46.072,46.072
857,TT1,BESTEFFORT,MISSED,m4-1,41.238,"{'m1-1': 2.323, 'm2-1': 1.422, 'm3-1': 3.942, 'm4-1': 0.793}",0.2519999999999989,46.07,inf,46.238,46.238,46.238
858,TT3,BESTEFFORT,MISSED,m1-1,41.245,"{'m1-1': 1.766, 'm2-1': 1.306, 'm3-1': 5.233, 'm4-1': 0.984}",0.04959999999999809,46.414,inf,46.445,46.445,46.445
859,TT4,BESTEFFORT,MISSED,m2-1,41.267,"{'m1-1': 2.155, 'm2-1': 1.832, 'm3-1': 4.391, 'm4-1': 0.891}",0.5850000000000009,46.072,inf,46.267,46.267,46.267
860,TT2,BESTEFFORT,MISSED,m4-1,41.296,"{'m1-1': 2.285, 'm2-1': 1.953, 'm3-1': 5.001, 'm4-1': 0.874}",0.23700000000000188,46.238,inf,46.396,46.396,46.396
861,TT3,BESTEFFORT,MISSED,m3-1,41.306,"{'m1-1': 1.882, 'm2-1': 1.543, 'm3-1': 4.22, 'm4-1': 0.874}",0.7649999999999949,46.081,inf,46.506,46.506,46.506
862,TT2,BESTEFFORT,MISSED,m1-1,41.314,"{'m1-1': 2.298, 'm2-1': 1.736, 'm3-1': 3.975, 'm4-1': 0.998}",0.5216000000000008,46.088,inf,46.414,46.414,46.414
863,TT2,BESTEFFORT,MISSED,m3-1,41.438,"{'m1-1': 2.447, 'm2-1': 1.52, 'm3-1': 4.007, 'm4-1': 0.9}",0.057600000000006445,46.506,inf,46.538000000000004,46.538000000000004,46.538000000000004
864,TT1,BESTEFFORT,MISSED,m2-1,41.444,"{'m1-1': 2.21, 'm2-1': 1.738, 'm3-1': 4.005, 'm4-1': 0.786}",0.5309999999999988,46.267,inf,46.444,46.444,46.444
865,TT4,BESTEFFORT,MISSED,m4-1,41.465,"{'m1-1': 2.167, 'm2-1': 1.62, 'm3-1': 3.666, 'm4-1': 1.038}",0.10350000000000392,46.396,inf,46.465,46.465,46.465
866,TT3,BESTEFFORT,MISSED,m1-1,41.504,"{'m1-1': 1.837, 'm2-1': 1.77, 'm3-1': 5.838, 'm4-1': 0.899}",0.41440000000000055,46.445,inf,46.704,46.704,46.704
867,TT2,BESTEFFORT,MISSED,m3-1,41.557,"{'m1-1': 2.297, 'm2-1': 1.676, 'm3-1': 3.831, 'm4-1': 0.893}",0.21419999999999959,46.538000000000004,inf,46.657000000000004,46.657000000000004,46.657000000000004
868,TT1,BESTEFFORT,MISSED,m2-1,41.608,"{'m1-1': 2.211, 'm2-1': 1.978, 'm3-1': 4.707, 'm4-1': 0.835}",0.4919999999999831,46.444,inf,46.608,46.608,46.608
869,TT1,BESTEFFORT,MISSED,m4-1,41.859,"{'m1-1': 2.346, 'm2-1': 1.444, 'm3-1': 3.665, 'm4-1': 0.619}",0.5909999999999975,46.465,inf,46.859,46.859,46.859
870,TT2,BESTEFFORT,MISSED,m4-1,41.876,"{'m1-1': 1.88, 'm2-1': 2.04, 'm3-1': 5.069, 'm4-1': 0.759}",0.175499999999996,46.859,inf,46.976,46.976,46.976
871,TT4,BESTEFFORT,MISSED,m2-1,41.882,"{'m1-1': 2.45, 'm2-1': 1.42, 'm3-1': 4.706, 'm4-1': 0.926}",0.8220000000000027,46.608,inf,46.882,46.882,46.882
872,TT1,BESTEFFORT,MISSED,m3-1,41.907,"{'m1-1': 2.59, 'm2-1': 1.605, 'm3-1': 4.823, 'm4-1': 0.616}",0.44999999999998724,46.657000000000004,inf,46.907,46.907,46.907
873,TT4,BESTEFFORT,MISSED,m1-1,41.938,"{'m1-1': 2.376, 'm2-1': 1.846, 'm3-1': 4.472, 'm4-1': 0.916}",0.37440000000000284,46.704,inf,46.938,46.938,46.938
874,TT2,BESTEFFORT,MISSED,m2-1,41.992,"{'m1-1': 2.401, 'm2-1': 1.875, 'm3-1': 4.821, 'm4-1': 0.734}",0.6300000000000026,46.882,inf,47.092,47.092,47.092
875,TT2,BESTEFFORT,MISSED,m1-1,42.066,"{'m1-1': 2.333, 'm2-1': 1.545, 'm3-1': 3.861, 'm4-1': 1.015}",0.36480000000000246,46.938,inf,47.166000000000004,47.166000000000004,47.166000000000004
876,TT2,BESTEFFORT,MISSED,m2-1,42.067,"{'m1-1': 2.54, 'm2-1': 2.032, 'm3-1': 4.306, 'm4-1': 0.868}",0.22500000000000853,47.092,inf,47.167,47.167,47.167
877,TT3,BESTEFFORT,MISSED,m3-1,42.074,"{'m1-1': 1.795, 'm2-1': 1.329, 'm3-1': 4.222, 'm4-1': 0.716}",0.660600000000008,46.907,inf,47.274,47.274,47.274
878,TT2,BESTEFFORT,MISSED,m1-1,42.107,"{'m1-1': 2.548, 'm2-1': 1.829, 'm3-1': 4.557, 'm4-1': 0.911}",0.06559999999999491,47.166000000000004,inf,47.207,47.207,47.207
879,TT4,BESTEFFORT,MISSED,m4-1,42.153,"{'m1-1': 1.856, 'm2-1': 1.613, 'm3-1': 3.934, 'm4-1': 0.829}",0.2654999999999994,46.976,inf,47.153,47.153,47.153
880,TT4,BESTEFFORT,MISSED,m4-1,42.238,"{'m1-1': 1.899, 'm2-1': 1.479, 'm3-1': 4.409, 'm4-1': 0.842}",0.12750000000000128,47.153,inf,47.238,47.238,47.238
881,TT3,BESTEFFORT,MISSED,m4-1,42.31,"{'m1-1': 1.926, 'm2-1': 1.492, 'm3-1': 5.444, 'm4-1': 0.886}",0.40800000000000836,47.238,inf,47.510000000000005,47.510000000000005,47.510000000000005
882,TT2,BESTEFFORT,MISSED,m2-1,42.336,"{'m1-1': 2.341, 'm2-1': 1.655, 'm3-1': 4.605, 'm4-1': 0.727}",0.806999999999995,47.167,inf,47.436,47.436,47.436
883,TT2,BESTEFFORT,MISSED,m3-1,42.359,"{'m1-1': 2.4, 'm2-1': 1.801, 'm3-1': 4.408, 'm4-1': 0.964}",0.1170000000000087,47.394,inf,47.459,47.459,47.459
884,TT3,BESTEFFORT,MISSED,m1-1,42.384,"{'m1-1': 1.96, 'm2-1': 1.561, 'm3-1': 5.919, 'm4-1': 0.779}",0.1712000000000103,47.477,inf,47.584,47.584,47.584
885,TT3,BESTEFFORT,MISSED,m4-1,42.388,"{'m1-1': 2.116, 'm2-1': 1.632, 'm3-1': 5.092, 'm4-1': 0.889}",0.11699999999999378,47.510000000000005,inf,47.588,47.588,47.588
886,TT4,BESTEFFORT,MISSED,m3-1,42.394,"{'m1-1': 2.144, 'm2-1': 1.687, 'm3-1': 4.003, 'm4-1': 1.067}",0.2159999999999954,47.274,inf,47.394,47.394,47.394
887,TT1,BESTEFFORT,MISSED,m1-1,42.477,"{'m1-1': 2.346, 'm2-1': 1.445, 'm3-1': 4.606, 'm4-1': 0.76}",0.43199999999999367,47.207,inf,47.477,47.477,47.477
888,TT4,BESTEFFORT,MISSED,m2-1,42.543,"{'m1-1': 2.268, 'm2-1': 1.57, 'm3-1': 4.046, 'm4-1': 1.028}",0.32099999999999795,47.436,inf,47.543,47.543,47.543
889,TT2,BESTEFFORT,MISSED,m4-1,42.569,"{'m1-1': 2.045, 'm2-1': 1.622, 'm3-1': 3.864, 'm4-1': 0.983}",0.1215000000000046,47.588,inf,47.669000000000004,47.669000000000004,47.669000000000004
890,TT1,BESTEFFORT,MISSED,m3-1,42.573,"{'m1-1': 2.228, 'm2-1': 1.425, 'm3-1': 4.968, 'm4-1': 0.7}",0.205199999999995,47.459,inf,47.573,47.573,47.573
891,TT1,BESTEFFORT,MISSED,m2-1,42.622,"{'m1-1': 2.248, 'm2-1': 1.718, 'm3-1': 4.279, 'm4-1': 0.773}",0.23700000000000188,47.543,inf,47.622,47.622,47.622
892,TT1,BESTEFFORT,MISSED,m1-1,42.779,"{'m1-1': 2.61, 'm2-1': 1.642, 'm3-1': 4.982, 'm4-1': 0.649}",0.3120000000000005,47.584,inf,47.779,47.779,47.779
893,TT1,BESTEFFORT,MISSED,m2-1,42.829,"{'m1-1': 2.351, 'm2-1': 1.844, 'm3-1': 3.908, 'm4-1': 0.806}",0.6210000000000022,47.622,inf,47.829,47.829,47.829
894,TT3,BESTEFFORT,MISSED,m3-1,42.851,"{'m1-1': 2.394, 'm2-1': 1.429, 'm3-1': 4.304, 'm4-1': 0.951}",0.8604000000000028,47.573,inf,48.051,48.051,48.051
895,TT1,BESTEFFORT,MISSED,m1-1,42.924,"{'m1-1': 2.301, 'm2-1': 1.61, 'm3-1': 3.633, 'm4-1': 0.689}",0.23199999999999366,47.779,inf,47.924,47.924,47.924
896,TT1,BESTEFFORT,MISSED,m4-1,42.934,"{'m1-1': 2.469, 'm2-1': 1.962, 'm3-1': 4.31, 'm4-1': 0.843}",0.3974999999999902,47.669000000000004,inf,47.934,47.934,47.934
897,TT2,BESTEFFORT,MISSED,m2-1,43.04,"{'m1-1': 2.322, 'm2-1': 1.918, 'm3-1': 5.005, 'm4-1': 0.808}",0.9329999999999998,47.829,inf,48.14,48.14,48.14
898,TT3,BESTEFFORT,MISSED,m4-1,43.046,"{'m1-1': 1.81, 'm2-1': 1.405, 'm3-1': 4.38, 'm4-1': 0.884}",0.4680000000000071,47.934,inf,48.246,48.246,48.246
899,TT4,BESTEFFORT,MISSED,m3-1,43.053,"{'m1-1': 1.747, 'm2-1': 1.433, 'm3-1': 3.877, 'm4-1': 1.045}",0.00359999999999161,48.051,inf,48.053,48.053,48.053
900,TT2,BESTEFFORT,MISSED,m3-1,43.098,"{'m1-1': 2.584, 'm2-1': 2.063, 'm3-1': 4.589, 'm4-1': 0.778}",0.2610000000000056,48.053,inf,48.198,48.198,48.198
901,TT2,BESTEFFORT,MISSED,m1-1,43.099,"{'m1-1': 2.564, 'm2-1': 1.999, 'm3-1': 3.911, 'm4-1': 0.96}",0.4399999999999977,47.924,inf,48.199,48.199,48.199
902,TT3,BESTEFFORT,MISSED,m4-1,43.174,"{'m1-1': 2.003, 'm2-1': 1.69, 'm3-1': 5.857, 'm4-1': 0.744}",0.19200000000000017,48.246,inf,48.374,48.374,48.374
903,TT3,BESTEFFORT,MISSED,m4-1,43.26,"{'m1-1': 1.868, 'm2-1': 1.583, 'm3-1': 5.585, 'm4-1': 0.938}",0.12899999999999778,48.374,inf,48.46,48.46,48.46
904,TT4,BESTEFFORT,MISSED,m2-1,43.279,"{'m1-1': 1.771, 'm2-1': 1.449, 'm3-1': 4.51, 'm4-1': 0.902}",0.4170000000000087,48.14,inf,48.279,48.279,48.279
905,TT1,BESTEFFORT,MISSED,m3-1,43.29,"{'m1-1': 2.447, 'm2-1': 1.984, 'm3-1': 3.605, 'm4-1': 0.796}",0.16559999999999775,48.198,inf,48.29,48.29,48.29
906,TT3,BESTEFFORT,MISSED,m1-1,43.303,"{'m1-1': 2.12, 'm2-1': 1.657, 'm3-1': 5.931, 'm4-1': 0.72}",0.3183999999999969,48.304,inf,48.503,48.503,48.503
907,TT1,BESTEFFORT,MISSED,m1-1,43.304,"{'m1-1': 2.197, 'm2-1': 1.848, 'm3-1': 3.614, 'm4-1': 0.753}",0.16800000000000637,48.199,inf,48.304,48.304,48.304
908,TT2,BESTEFFORT,MISSED,m2-1,43.325,"{'m1-1': 2.629, 'm2-1': 1.875, 'm3-1': 4.242, 'm4-1': 0.85}",0.4380000000000024,48.279,inf,48.425000000000004,48.425000000000004,48.425000000000004
909,TT3,BESTEFFORT,MISSED,m3-1,43.349,"{'m1-1': 2.296, 'm2-1': 1.749, 'm3-1': 4.269, 'm4-1': 0.894}",0.00719999999999601,48.545,inf,48.549,48.549,48.549
910,TT3,BESTEFFORT,MISSED,m3-1,43.383,"{'m1-1': 1.927, 'm2-1': 1.772, 'm3-1': 5.138, 'm4-1': 1.009}",0.06120000000001085,48.549,inf,48.583000000000006,48.583000000000006,48.583000000000006
911,TT2,BESTEFFORT,MISSED,m2-1,43.41,"{'m1-1': 1.905, 'm2-1': 1.907, 'm3-1': 4.125, 'm4-1': 0.858}",0.25499999999998124,48.425000000000004,inf,48.51,48.51,48.51
912,TT4,BESTEFFORT,MISSED,m1-1,43.516,"{'m1-1': 2.152, 'm2-1': 1.358, 'm3-1': 4.045, 'm4-1': 0.965}",0.020799999999997,48.503,inf,48.516,48.516,48.516
913,TT4,BESTEFFORT,MISSED,m4-1,43.544,"{'m1-1': 2.136, 'm2-1': 1.713, 'm3-1': 4.721, 'm4-1': 0.954}",0.12599999999999412,48.46,inf,48.544,48.544,48.544
914,TT1,BESTEFFORT,MISSED,m3-1,43.545,"{'m1-1': 2.065, 'm2-1': 1.874, 'm3-1': 3.745, 'm4-1': 0.836}",0.4590000000000046,48.29,inf,48.545,48.545,48.545
915,TT1,BESTEFFORT,MISSED,m2-1,43.551,"{'m1-1': 2.413, 'm2-1': 1.969, 'm3-1': 3.987, 'm4-1': 0.861}",0.12300000000001177,48.51,inf,48.551,48.551,48.551
916,TT3,BESTEFFORT,MISSED,m3-1,43.718,"{'m1-1': 2.159, 'm2-1': 1.765, 'm3-1': 4.3, 'm4-1': 0.766}",0.6030000000000015,48.583000000000006,inf,48.918000000000006,48.918000000000006,48.918000000000006
917,TT1,BESTEFFORT,MISSED,m1-1,43.746,"{'m1-1': 2.052, 'm2-1': 1.806, 'm3-1': 3.958, 'm4-1': 0.638}",0.3680000000000064,48.516,inf,48.746,48.746,48.746
918,TT3,BESTEFFORT,MISSED,m1-1,43.757,"{'m1-1': 1.905, 'm2-1': 1.654, 'm3-1': 5.346, 'm4-1': 1.006}",0.3375999999999977,48.746,inf,48.957,48.957,48.957
919,TT2,BESTEFFORT,MISSED,m2-1,43.802,"{'m1-1': 2.409, 'm2-1': 1.528, 'm3-1': 3.632, 'm4-1': 0.803}",1.0529999999999973,48.551,inf,48.902,48.902,48.902
920,TT4,BESTEFFORT,MISSED,m4-1,43.899,"{'m1-1': 2.415, 'm2-1': 1.368, 'm3-1': 4.736, 'm4-1': 1.059}",0.532500000000006,48.544,inf,48.899,48.899,48.899
921,TT2,BESTEFFORT,MISSED,m4-1,43.946,"{'m1-1': 2.1, 'm2-1': 1.925, 'm3-1': 3.737, 'm4-1': 0.944}",0.2204999999999977,48.899,inf,49.046,49.046,49.046
922,TT3,BESTEFFORT,MISSED,m1-1,44.004,"{'m1-1': 1.837, 'm2-1': 1.431, 'm3-1': 4.862, 'm4-1': 0.869}",0.39519999999999983,48.957,inf,49.204,49.204,49.204
923,TT4,BESTEFFORT,MISSED,m2-1,44.057,"{'m1-1': 1.915, 'm2-1': 1.511, 'm3-1': 3.987, 'm4-1': 0.845}",0.4650000000000034,48.902,inf,49.057,49.057,49.057
924,TT4,BESTEFFORT,MISSED,m4-1,44.181,"{'m1-1': 1.89, 'm2-1': 1.413, 'm3-1': 4.439, 'm4-1': 0.772}",0.20249999999999702,49.046,inf,49.181,49.181,49.181
925,TT4,BESTEFFORT,MISSED,m2-1,44.205,"{'m1-1': 2.345, 'm2-1': 1.759, 'm3-1': 4.331, 'm4-1': 0.893}",0.4439999999999884,49.057,inf,49.205,49.205,49.205
926,TT3,BESTEFFORT,MISSED,m3-1,44.21,"{'m1-1': 2.393, 'm2-1': 1.365, 'm3-1': 5.475, 'm4-1': 0.788}",0.02160000000000082,49.398,inf,49.410000000000004,49.410000000000004,49.410000000000004
927,TT4,BESTEFFORT,MISSED,m1-1,44.222,"{'m1-1': 2.201, 'm2-1': 1.535, 'm3-1': 4.629, 'm4-1': 0.809}",0.028800000000001092,49.204,inf,49.222,49.222,49.222
928,TT4,BESTEFFORT,MISSED,m4-1,44.257,"{'m1-1': 2.056, 'm2-1': 1.589, 'm3-1': 4.045, 'm4-1': 0.885}",0.11400000000000077,49.181,inf,49.257,49.257,49.257
929,TT2,BESTEFFORT,MISSED,m3-1,44.298,"{'m1-1': 2.617, 'm2-1': 1.935, 'm3-1': 3.94, 'm4-1': 0.731}",0.8639999999999944,48.918000000000006,inf,49.398,49.398,49.398
930,TT2,BESTEFFORT,MISSED,m2-1,44.373,"{'m1-1': 2.016, 'm2-1': 1.641, 'm3-1': 4.082, 'm4-1': 0.729}",0.804000000000002,49.205,inf,49.473,49.473,49.473
931,TT3,BESTEFFORT,MISSED,m4-1,44.384,"{'m1-1': 2.291, 'm2-1': 1.428, 'm3-1': 4.872, 'm4-1': 0.889}",0.49050000000000793,49.257,inf,49.584,49.584,49.584
932,TT3,BESTEFFORT,MISSED,m3-1,44.402,"{'m1-1': 1.931, 'm2-1': 1.665, 'm3-1': 4.637, 'm4-1': 0.985}",0.1278000000000091,49.531,inf,49.602000000000004,49.602000000000004,49.602000000000004
933,TT3,BESTEFFORT,MISSED,m1-1,44.416,"{'m1-1': 2.397, 'm2-1': 1.532, 'm3-1': 5.976, 'm4-1': 0.731}",0.094399999999996,49.557,inf,49.616,49.616,49.616
934,TT3,BESTEFFORT,MISSED,m4-1,44.417,"{'m1-1': 2.069, 'm2-1': 1.791, 'm3-1': 4.702, 'm4-1': 0.791}",0.049500000000001876,49.584,inf,49.617000000000004,49.617000000000004,49.617000000000004
935,TT1,BESTEFFORT,MISSED,m3-1,44.531,"{'m1-1': 2.165, 'm2-1': 1.689, 'm3-1': 3.877, 'm4-1': 0.742}",0.2177999999999912,49.410000000000004,inf,49.531,49.531,49.531
936,TT1,BESTEFFORT,MISSED,m1-1,44.557,"{'m1-1': 2.428, 'm2-1': 1.927, 'm3-1': 4.838, 'm4-1': 0.611}",0.5360000000000014,49.222,inf,49.557,49.557,49.557
937,TT4,BESTEFFORT,MISSED,m2-1,44.587,"{'m1-1': 2.4, 'm2-1': 1.386, 'm3-1': 4.879, 'm4-1': 0.871}",0.34200000000001296,49.473,inf,49.587,49.587,49.587
938,TT3,BESTEFFORT,MISSED,m4-1,44.589,"{'m1-1': 2.116, 'm2-1': 1.536, 'm3-1': 5.376, 'm4-1': 0.734}",0.25799999999999557,49.617000000000004,inf,49.789,49.789,49.789
939,TT2,BESTEFFORT,MISSED,m2-1,44.653,"{'m1-1': 1.915, 'm2-1': 1.862, 'm3-1': 4.774, 'm4-1': 0.938}",0.49799999999999045,49.587,inf,49.753,49.753,49.753
940,TT3,BESTEFFORT,MISSED,m3-1,44.915,"{'m1-1': 2.049, 'm2-1': 1.597, 'm3-1': 4.682, 'm4-1': 0.967}",0.11520000000000011,50.051,inf,50.115,50.115,50.115
941,TT3,BESTEFFORT,MISSED,m2-1,44.927,"{'m1-1': 2.248, 'm2-1': 1.723, 'm3-1': 5.646, 'm4-1': 0.996}",0.31500000000001194,50.022,inf,50.127,50.127,50.127
942,TT2,BESTEFFORT,MISSED,m1-1,44.927,"{'m1-1': 1.95, 'm2-1': 2.037, 'm3-1': 5.025, 'm4-1': 0.911}",0.14239999999999783,49.938,inf,50.027,50.027,50.027
943,TT1,BESTEFFORT,MISSED,m1-1,44.938,"{'m1-1': 2.022, 'm2-1': 1.478, 'm3-1': 4.468, 'm4-1': 0.853}",0.5152000000000044,49.616,inf,49.938,49.938,49.938
944,TT3,BESTEFFORT,MISSED,m1-1,45.008,"{'m1-1': 2.292, 'm2-1': 1.437, 'm3-1': 4.407, 'm4-1': 0.839}",0.2896000000000072,50.027,inf,50.208000000000006,50.208000000000006,50.208000000000006
945,TT4,BESTEFFORT,MISSED,m2-1,45.022,"{'m1-1': 1.89, 'm2-1': 1.843, 'm3-1': 4.167, 'm4-1': 0.8}",0.806999999999995,49.753,inf,50.022,50.022,50.022
946,TT1,BESTEFFORT,MISSED,m4-1,45.04,"{'m1-1': 2.011, 'm2-1': 1.826, 'm3-1': 4.938, 'm4-1': 0.691}",0.3764999999999965,49.789,inf,50.04,50.04,50.04
947,TT1,BESTEFFORT,MISSED,m3-1,45.051,"{'m1-1': 2.153, 'm2-1': 1.803, 'm3-1': 3.746, 'm4-1': 0.633}",0.8081999999999966,49.602000000000004,inf,50.051,50.051,50.051
948,TT4,BESTEFFORT,MISSED,m3-1,45.165,"{'m1-1': 2.07, 'm2-1': 1.534, 'm3-1': 4.957, 'm4-1': 0.908}",0.08999999999999489,50.115,inf,50.165,50.165,50.165
949,TT3,BESTEFFORT,MISSED,m2-1,45.259,"{'m1-1': 2.236, 'm2-1': 1.501, 'm3-1': 5.502, 'm4-1': 0.718}",0.9960000000000022,50.127,inf,50.459,50.459,50.459
950,TT2,BESTEFFORT,MISSED,m3-1,45.384,"{'m1-1': 2.386, 'm2-1': 2.113, 'm3-1': 4.365, 'm4-1': 0.763}",0.5742000000000047,50.165,inf,50.484,50.484,50.484
951,TT2,BESTEFFORT,MISSED,m1-1,45.385,"{'m1-1': 2.121, 'm2-1': 2.032, 'm3-1': 4.253, 'm4-1': 0.766}",0.44319999999999027,50.208000000000006,inf,50.485,50.485,50.485
952,TT1,BESTEFFORT,MISSED,m4-1,45.423,"{'m1-1': 1.938, 'm2-1': 1.764, 'm3-1': 4.235, 'm4-1': 0.691}",0.574500000000004,50.04,inf,50.423,50.423,50.423
953,TT2,BESTEFFORT,MISSED,m2-1,45.431,"{'m1-1': 2.597, 'm2-1': 1.748, 'm3-1': 4.265, 'm4-1': 0.947}",0.21599999999998687,50.459,inf,50.531,50.531,50.531
954,TT4,BESTEFFORT,MISSED,m4-1,45.498,"{'m1-1': 2.224, 'm2-1': 1.382, 'm3-1': 4.706, 'm4-1': 0.977}",0.1124999999999936,50.423,inf,50.498,50.498,50.498
955,TT2,BESTEFFORT,MISSED,m4-1,45.612,"{'m1-1': 2.644, 'm2-1': 1.845, 'm3-1': 4.062, 'm4-1': 0.808}",0.3210000000000086,50.498,inf,50.712,50.712,50.712
956,TT3,BESTEFFORT,MISSED,m2-1,45.631,"{'m1-1': 2.016, 'm2-1': 1.539, 'm3-1': 5.813, 'm4-1': 0.782}",0.9000000000000128,50.531,inf,50.831,50.831,50.831
957,TT2,BESTEFFORT,MISSED,m1-1,45.718,"{'m1-1': 2.221, 'm2-1': 1.789, 'm3-1': 4.721, 'm4-1': 0.765}",0.5328000000000088,50.485,inf,50.818000000000005,50.818000000000005,50.818000000000005
958,TT2,BESTEFFORT,MISSED,m1-1,45.733,"{'m1-1': 2.571, 'm2-1': 1.662, 'm3-1': 4.984, 'm4-1': 0.72}",0.023999999999989544,50.818000000000005,inf,50.833,50.833,50.833
959,TT3,BESTEFFORT,MISSED,m2-1,45.748,"{'m1-1': 2.176, 'm2-1': 1.326, 'm3-1': 5.469, 'm4-1': 0.984}",0.350999999999992,50.831,inf,50.948,50.948,50.948
960,TT4,BESTEFFORT,MISSED,m4-1,45.856,"{'m1-1': 2.099, 'm2-1': 1.705, 'm3-1': 4.288, 'm4-1': 0.879}",0.21599999999999753,50.712,inf,50.856,50.856,50.856
961,TT4,BESTEFFORT,MISSED,m3-1,45.859,"{'m1-1': 2.355, 'm2-1': 1.397, 'm3-1': 4.968, 'm4-1': 0.934}",0.675,50.484,inf,50.859,50.859,50.859
962,TT1,BESTEFFORT,MISSED,m3-1,45.869,"{'m1-1': 2.003, 'm2-1': 1.566, 'm3-1': 4.266, 'm4-1': 0.69}",0.017999999999996418,50.859,inf,50.869,50.869,50.869
963,TT3,BESTEFFORT,MISSED,m1-1,45.908,"{'m1-1': 2.248, 'm2-1': 1.556, 'm3-1': 4.905, 'm4-1': 0.818}",0.4400000000000091,50.833,inf,51.108000000000004,51.108000000000004,51.108000000000004
964,TT4,BESTEFFORT,MISSED,m3-1,45.974,"{'m1-1': 1.964, 'm2-1': 1.498, 'm3-1': 3.814, 'm4-1': 0.969}",0.18899999999999437,50.869,inf,50.974,50.974,50.974
965,TT2,BESTEFFORT,MISSED,m4-1,46.017,"{'m1-1': 1.873, 'm2-1': 2.06, 'm3-1': 4.614, 'm4-1': 1.015}",0.3915000000000042,50.856,inf,51.117000000000004,51.117000000000004,51.117000000000004
966,TT2,BESTEFFORT,MISSED,m1-1,46.057,"{'m1-1': 2.368, 'm2-1': 1.74, 'm3-1': 4.581, 'm4-1': 0.828}",0.07839999999999919,51.108000000000004,inf,51.157000000000004,51.157000000000004,51.157000000000004
967,TT4,BESTEFFORT,MISSED,m2-1,46.127,"{'m1-1': 2.187, 'm2-1': 1.797, 'm3-1': 3.704, 'm4-1': 0.879}",0.5370000000000061,50.948,inf,51.127,51.127,51.127
968,TT3,BESTEFFORT,MISSED,m4-1,46.146,"{'m1-1': 2.073, 'm2-1': 1.706, 'm3-1': 4.237, 'm4-1': 0.957}",0.22350000000000136,51.197,inf,51.346000000000004,51.346000000000004,51.346000000000004
969,TT1,BESTEFFORT,MISSED,m3-1,46.157,"{'m1-1': 1.854, 'm2-1': 1.659, 'm3-1': 4.817, 'm4-1': 0.736}",0.3293999999999997,50.974,inf,51.157,51.157,51.157
970,TT3,BESTEFFORT,MISSED,m1-1,46.194,"{'m1-1': 1.809, 'm2-1': 1.568, 'm3-1': 4.665, 'm4-1': 0.752}",0.37920000000000303,51.157000000000004,inf,51.394000000000005,51.394000000000005,51.394000000000005
971,TT1,BESTEFFORT,MISSED,m4-1,46.197,"{'m1-1': 1.89, 'm2-1': 1.87, 'm3-1': 3.896, 'm4-1': 0.746}",0.11999999999999744,51.117000000000004,inf,51.197,51.197,51.197
972,TT1,BESTEFFORT,MISSED,m2-1,46.342,"{'m1-1': 2.241, 'm2-1': 1.647, 'm3-1': 4.707, 'm4-1': 0.719}",0.6449999999999889,51.127,inf,51.342,51.342,51.342
973,TT3,BESTEFFORT,MISSED,m3-1,46.455,"{'m1-1': 2.329, 'm2-1': 1.397, 'm3-1': 5.589, 'm4-1': 0.778}",0.8964000000000084,51.157,inf,51.655,51.655,51.655
974,TT2,BESTEFFORT,MISSED,m1-1,46.457,"{'m1-1': 2.397, 'm2-1': 2.125, 'm3-1': 3.658, 'm4-1': 0.764}",0.26079999999999476,51.394000000000005,inf,51.557,51.557,51.557
975,TT3,BESTEFFORT,MISSED,m2-1,46.468,"{'m1-1': 2.434, 'm2-1': 1.614, 'm3-1': 4.252, 'm4-1': 0.773}",0.46800000000001774,51.512,inf,51.668000000000006,51.668000000000006,51.668000000000006
976,TT3,BESTEFFORT,MISSED,m1-1,46.506,"{'m1-1': 2.212, 'm2-1': 1.447, 'm3-1': 5.968, 'm4-1': 0.993}",0.23840000000000147,51.557,inf,51.706,51.706,51.706
977,TT1,BESTEFFORT,MISSED,m2-1,46.512,"{'m1-1': 2.201, 'm2-1': 1.763, 'm3-1': 3.698, 'm4-1': 0.836}",0.5100000000000051,51.342,inf,51.512,51.512,51.512
978,TT3,BESTEFFORT,MISSED,m3-1,46.529,"{'m1-1': 2.071, 'm2-1': 1.509, 'm3-1': 4.504, 'm4-1': 0.763}",0.10260000000001668,51.672,inf,51.729000000000006,51.729000000000006,51.729000000000006
979,TT2,BESTEFFORT,MISSED,m4-1,46.61,"{'m1-1': 2.329, 'm2-1': 2.104, 'm3-1': 3.898, 'm4-1': 0.78}",0.08399999999999608,51.654,inf,51.71,51.71,51.71
980,TT1,BESTEFFORT,MISSED,m4-1,46.654,"{'m1-1': 2.264, 'm2-1': 1.554, 'm3-1': 4.019, 'm4-1': 0.761}",0.46199999999999974,51.346000000000004,inf,51.654,51.654,51.654
981,TT4,BESTEFFORT,MISSED,m3-1,46.665,"{'m1-1': 2.102, 'm2-1': 1.366, 'm3-1': 4.732, 'm4-1': 0.829}",0.017999999999996418,51.655,inf,51.665,51.665,51.665
982,TT4,BESTEFFORT,MISSED,m3-1,46.672,"{'m1-1': 2.162, 'm2-1': 1.852, 'm3-1': 4.435, 'm4-1': 0.983}",0.012599999999996215,51.665,inf,51.672,51.672,51.672
983,TT1,BESTEFFORT,MISSED,m2-1,46.717,"{'m1-1': 1.943, 'm2-1': 1.877, 'm3-1': 3.654, 'm4-1': 0.755}",0.14699999999997715,51.668000000000006,inf,51.717,51.717,51.717
984,TT3,BESTEFFORT,MISSED,m4-1,46.747,"{'m1-1': 2.201, 'm2-1': 1.772, 'm3-1': 4.415, 'm4-1': 0.78}",0.1410000000000018,51.853,inf,51.947,51.947,51.947
985,TT2,BESTEFFORT,MISSED,m4-1,46.753,"{'m1-1': 1.972, 'm2-1': 1.989, 'm3-1': 3.773, 'm4-1': 0.888}",0.21450000000000102,51.71,inf,51.853,51.853,51.853
986,TT2,BESTEFFORT,MISSED,m2-1,46.804,"{'m1-1': 2.501, 'm2-1': 1.97, 'm3-1': 4.18, 'm4-1': 0.757}",0.5610000000000142,51.717,inf,51.904,51.904,51.904
987,TT4,BESTEFFORT,MISSED,m1-1,46.806,"{'m1-1': 2.436, 'm2-1': 1.728, 'm3-1': 4.773, 'm4-1': 1.053}",0.15999999999999093,51.706,inf,51.806,51.806,51.806
988,TT3,BESTEFFORT,MISSED,m1-1,46.846,"{'m1-1': 2.01, 'm2-1': 1.748, 'm3-1': 5.098, 'm4-1': 0.757}",0.052800000000002005,52.013,inf,52.046,52.046,52.046
989,TT3,BESTEFFORT,MISSED,m4-1,46.913,"{'m1-1': 2.367, 'm2-1': 1.544, 'm3-1': 4.866, 'm4-1': 0.938}",0.24899999999999523,51.947,inf,52.113,52.113,52.113
990,TT3,BESTEFFORT,MISSED,m3-1,46.918,"{'m1-1': 2.159, 'm2-1': 1.433, 'm3-1': 4.782, 'm4-1': 0.719}",0.7001999999999925,51.729000000000006,inf,52.118,52.118,52.118
991,TT4,BESTEFFORT,MISSED,m1-1,47.013,"{'m1-1': 2.353, 'm2-1': 1.786, 'm3-1': 4.467, 'm4-1': 0.845}",0.3312000000000012,51.806,inf,52.013,52.013,52.013
992,TT4,BESTEFFORT,MISSED,m2-1,47.038,"{'m1-1': 1.812, 'm2-1': 1.834, 'm3-1': 4.091, 'm4-1': 1.053}",0.4019999999999797,51.904,inf,52.038,52.038,52.038
993,TT3,BESTEFFORT,MISSED,m1-1,47.054,"{'m1-1': 1.728, 'm2-1': 1.646, 'm3-1': 5.279, 'm4-1': 0.991}",0.33280000000000887,52.046,inf,52.254000000000005,52.254000000000005,52.254000000000005
994,TT2,BESTEFFORT,MISSED,m2-1,47.082,"{'m1-1': 2.04, 'm2-1': 1.514, 'm3-1': 3.63, 'm4-1': 0.975}",0.43200000000001637,52.038,inf,52.182,52.182,52.182
995,TT3,BESTEFFORT,MISSED,m4-1,47.102,"{'m1-1': 2.432, 'm2-1': 1.447, 'm3-1': 5.972, 'm4-1': 0.756}",0.2835000000000001,52.113,inf,52.302,52.302,52.302
996,TT4,BESTEFFORT,MISSED,m3-1,47.168,"{'m1-1': 1.909, 'm2-1': 1.728, 'm3-1': 4.618, 'm4-1': 0.84}",0.08999999999999489,52.118,inf,52.168,52.168,52.168
997,TT4,BESTEFFORT,MISSED,m3-1,47.217,"{'m1-1': 2.355, 'm2-1': 1.846, 'm3-1': 3.873, 'm4-1': 1.009}",0.08819999999999908,52.168,inf,52.217,52.217,52.217
998,TT1,BESTEFFORT,MISSED,m2-1,47.319,"{'m1-1': 2.158, 'm2-1': 1.648, 'm3-1': 4.277, 'm4-1': 0.618}",0.41100000000000136,52.182,inf,52.319,52.319,52.319
999,TT2,BESTEFFORT,MISSED,m3-1,47.335,"{'m1-1': 2.584, 'm2-1': 1.941, 'm3-1': 3.804, 'm4-1': 0.83}",0.39240000000000635,52.217,inf,52.435,52.435,52.435
1000,TT3,BESTEFFORT,MISSED,m1-1,47.365,"{'m1-1': 2.392, 'm2-1': 1.741, 'm3-1': 4.712, 'm4-1': 1.004}",0.49759999999999993,52.254000000000005,inf,52.565000000000005,52.565000000000005,52.565000000000005
1001,TT3,BESTEFFORT,MISSED,m2-1,47.431,"{'m1-1': 1.916, 'm2-1': 1.567, 'm3-1': 5.588, 'm4-1': 0.988}",0.9359999999999928,52.319,inf,52.631,52.631,52.631
1002,TT3,BESTEFFORT,MISSED,m4-1,47.442,"{'m1-1': 2.07, 'm2-1': 1.496, 'm3-1': 4.565, 'm4-1': 0.851}",0.02550000000000452,52.625,inf,52.642,52.642,52.642
1003,TT3,BESTEFFORT,MISSED,m2-1,47.493,"{'m1-1': 2.279, 'm2-1': 1.632, 'm3-1': 5.615, 'm4-1': 0.919}",0.18600000000001415,52.631,inf,52.693000000000005,52.693000000000005,52.693000000000005
1004,TT1,BESTEFFORT,MISSED,m4-1,47.625,"{'m1-1': 2.171, 'm2-1': 1.521, 'm3-1': 4.96, 'm4-1': 0.83}",0.4845000000000006,52.302,inf,52.625,52.625,52.625
1005,TT2,BESTEFFORT,MISSED,m1-1,47.678,"{'m1-1': 2.644, 'm2-1': 1.917, 'm3-1': 4.388, 'm4-1': 0.868}",0.15520000000000211,52.681,inf,52.778,52.778,52.778
1006,TT1,BESTEFFORT,MISSED,m1-1,47.681,"{'m1-1': 2.573, 'm2-1': 1.463, 'm3-1': 4.781, 'm4-1': 0.726}",0.1855999999999881,52.565000000000005,inf,52.681,52.681,52.681
1007,TT2,BESTEFFORT,MISSED,m4-1,47.686,"{'m1-1': 2.57, 'm2-1': 1.694, 'm3-1': 4.325, 'm4-1': 0.966}",0.21599999999999753,52.642,inf,52.786,52.786,52.786
1008,TT2,BESTEFFORT,MISSED,m3-1,47.816,"{'m1-1': 2.211, 'm2-1': 1.718, 'm3-1': 4.492, 'm4-1': 0.899}",0.865800000000003,52.435,inf,52.916000000000004,52.916000000000004,52.916000000000004
1009,TT2,BESTEFFORT,MISSED,m3-1,47.99,"{'m1-1': 2.622, 'm2-1': 1.949, 'm3-1': 3.77, 'm4-1': 0.816}",0.3131999999999991,52.916000000000004,inf,53.09,53.09,53.09
1010,TT1,BESTEFFORT,MISSED,m2-1,48.114,"{'m1-1': 2.373, 'm2-1': 1.663, 'm3-1': 3.692, 'm4-1': 0.714}",1.2629999999999768,52.693000000000005,inf,53.114,53.114,53.114
1011,TT2,BESTEFFORT,MISSED,m1-1,48.204,"{'m1-1': 2.422, 'm2-1': 1.565, 'm3-1': 4.331, 'm4-1': 0.911}",0.8416000000000055,52.778,inf,53.304,53.304,53.304
1012,TT1,BESTEFFORT,MISSED,m3-1,48.277,"{'m1-1': 1.881, 'm2-1': 1.956, 'm3-1': 4.817, 'm4-1': 0.704}",0.33659999999999574,53.09,inf,53.277,53.277,53.277
1013,TT2,BESTEFFORT,MISSED,m4-1,48.361,"{'m1-1': 2.435, 'm2-1': 1.659, 'm3-1': 3.64, 'm4-1': 0.719}",1.0124999999999957,52.786,inf,53.461,53.461,53.461
1014,TT4,BESTEFFORT,MISSED,m2-1,48.538,"{'m1-1': 2.018, 'm2-1': 1.754, 'm3-1': 4.381, 'm4-1': 0.817}",1.2719999999999985,53.114,inf,53.538,53.538,53.538
1015,TT1,BESTEFFORT,MISSED,m3-1,48.555,"{'m1-1': 1.861, 'm2-1': 1.513, 'm3-1': 3.659, 'm4-1': 0.716}",0.5003999999999976,53.277,inf,53.555,53.555,53.555
1016,TT3,BESTEFFORT,MISSED,m2-1,48.587,"{'m1-1': 1.844, 'm2-1': 1.324, 'm3-1': 5.748, 'm4-1': 0.724}",0.2550000000000239,53.702,inf,53.787000000000006,53.787000000000006,53.787000000000006
1017,TT4,BESTEFFORT,MISSED,m1-1,48.596,"{'m1-1': 1.913, 'm2-1': 1.537, 'm3-1': 4.271, 'm4-1': 0.957}",0.4671999999999912,53.304,inf,53.596,53.596,53.596
1018,TT2,BESTEFFORT,MISSED,m2-1,48.602,"{'m1-1': 2.424, 'm2-1': 1.544, 'm3-1': 4.024, 'm4-1': 0.958}",0.49200000000000443,53.538,inf,53.702,53.702,53.702
1019,TT2,BESTEFFORT,MISSED,m4-1,48.616,"{'m1-1': 2.442, 'm2-1': 1.748, 'm3-1': 3.859, 'm4-1': 1.014}",0.0885000000000069,53.657,inf,53.716,53.716,53.716
1020,TT3,BESTEFFORT,MISSED,m3-1,48.617,"{'m1-1': 2.041, 'm2-1': 1.714, 'm3-1': 4.33, 'm4-1': 0.998}",0.47160000000000085,53.555,inf,53.817,53.817,53.817
1021,TT1,BESTEFFORT,MISSED,m4-1,48.657,"{'m1-1': 2.492, 'm2-1': 1.554, 'm3-1': 4.134, 'm4-1': 0.758}",0.29399999999999693,53.461,inf,53.657,53.657,53.657
1022,TT2,BESTEFFORT,MISSED,m1-1,48.694,"{'m1-1': 2.247, 'm2-1': 2.007, 'm3-1': 4.44, 'm4-1': 0.949}",0.0928000000000111,53.736,inf,53.794000000000004,53.794000000000004,53.794000000000004
1023,TT1,BESTEFFORT,MISSED,m1-1,48.736,"{'m1-1': 2.078, 'm2-1': 1.672, 'm3-1': 4.999, 'm4-1': 0.791}",0.22400000000000092,53.596,inf,53.736,53.736,53.736
1024,TT3,BESTEFFORT,MISSED,m3-1,48.793,"{'m1-1': 2.432, 'm2-1': 1.308, 'm3-1': 4.972, 'm4-1': 0.72}",0.31680000000000347,53.817,inf,53.993,53.993,53.993
1025,TT4,BESTEFFORT,MISSED,m4-1,48.812,"{'m1-1': 2.021, 'm2-1': 1.836, 'm3-1': 4.537, 'm4-1': 1.03}",0.1439999999999948,53.716,inf,53.812,53.812,53.812
1026,TT3,BESTEFFORT,MISSED,m3-1,48.934,"{'m1-1': 2.293, 'm2-1': 1.715, 'm3-1': 4.998, 'm4-1': 0.806}",0.057599999999993656,54.102000000000004,inf,54.134,54.134,54.134
1027,TT2,BESTEFFORT,MISSED,m3-1,49.002,"{'m1-1': 1.914, 'm2-1': 1.995, 'm3-1': 3.997, 'm4-1': 0.866}",0.19620000000000318,53.993,inf,54.102000000000004,54.102000000000004,54.102000000000004
1028,TT2,BESTEFFORT,MISSED,m1-1,49.01,"{'m1-1': 2.305, 'm2-1': 1.92, 'm3-1': 3.631, 'm4-1': 0.889}",0.5055999999999926,53.794000000000004,inf,54.11,54.11,54.11
1029,TT3,BESTEFFORT,MISSED,m4-1,49.034,"{'m1-1': 1.918, 'm2-1': 1.58, 'm3-1': 4.527, 'm4-1': 0.79}",0.17100000000000648,54.12,inf,54.234,54.234,54.234
1030,TT1,BESTEFFORT,MISSED,m2-1,49.097,"{'m1-1': 2.111, 'm2-1': 1.469, 'm3-1': 4.392, 'm4-1': 0.847}",0.9299999999999855,53.787000000000006,inf,54.097,54.097,54.097
1031,TT1,BESTEFFORT,MISSED,m4-1,49.12,"{'m1-1': 2.327, 'm2-1': 1.425, 'm3-1': 4.774, 'm4-1': 0.841}",0.46199999999999974,53.812,inf,54.12,54.12,54.12
1032,TT1,BESTEFFORT,MISSED,m2-1,49.127,"{'m1-1': 2.572, 'm2-1': 1.893, 'm3-1': 4.225, 'm4-1': 0.642}",0.09000000000000341,54.097,inf,54.127,54.127,54.127
1033,TT3,BESTEFFORT,MISSED,m2-1,49.136,"{'m1-1': 1.779, 'm2-1': 1.504, 'm3-1': 5.069, 'm4-1': 0.937}",0.6270000000000095,54.127,inf,54.336000000000006,54.336000000000006,54.336000000000006
1034,TT1,BESTEFFORT,MISSED,m1-1,49.231,"{'m1-1': 1.98, 'm2-1': 1.829, 'm3-1': 5.006, 'm4-1': 0.632}",0.19360000000000355,54.11,inf,54.231,54.231,54.231
1035,TT2,BESTEFFORT,MISSED,m4-1,49.409,"{'m1-1': 2.633, 'm2-1': 1.936, 'm3-1': 4.5, 'm4-1': 0.738}",0.41249999999999787,54.234,inf,54.509,54.509,54.509
1036,TT2,BESTEFFORT,MISSED,m1-1,49.43,"{'m1-1': 2.614, 'm2-1': 1.853, 'm3-1': 4.86, 'm4-1': 0.829}",0.4783999999999992,54.231,inf,54.53,54.53,54.53
1037,TT2,BESTEFFORT,MISSED,m2-1,49.439,"{'m1-1': 1.978, 'm2-1': 1.537, 'm3-1': 4.379, 'm4-1': 0.998}",0.6089999999999876,54.336000000000006,inf,54.539,54.539,54.539
1038,TT2,BESTEFFORT,MISSED,m1-1,49.469,"{'m1-1': 2.488, 'm2-1': 1.656, 'm3-1': 4.245, 'm4-1': 0.834}",0.06240000000000237,54.53,inf,54.569,54.569,54.569
1039,TT2,BESTEFFORT,MISSED,m3-1,49.563,"{'m1-1': 1.893, 'm2-1': 1.832, 'm3-1': 4.031, 'm4-1': 0.91}",0.9522000000000063,54.134,inf,54.663000000000004,54.663000000000004,54.663000000000004
1040,TT2,BESTEFFORT,MISSED,m3-1,49.588,"{'m1-1': 2.277, 'm2-1': 1.791, 'm3-1': 3.922, 'm4-1': 0.848}",0.044999999999997445,54.663000000000004,inf,54.688,54.688,54.688
1041,TT4,BESTEFFORT,MISSED,m4-1,49.594,"{'m1-1': 1.949, 'm2-1': 1.779, 'm3-1': 4.886, 'm4-1': 1.006}",0.12750000000000128,54.509,inf,54.594,54.594,54.594
1042,TT4,BESTEFFORT,MISSED,m2-1,49.696,"{'m1-1': 1.78, 'm2-1': 1.884, 'm3-1': 4.08, 'm4-1': 0.903}",0.4709999999999894,54.539,inf,54.696,54.696,54.696
1043,TT3,BESTEFFORT,MISSED,m2-1,49.805,"{'m1-1': 1.767, 'm2-1': 1.727, 'm3-1': 4.462, 'm4-1': 0.945}",0.9270000000000138,54.696,inf,55.005,55.005,55.005
1044,TT4,BESTEFFORT,MISSED,m3-1,49.848,"{'m1-1': 2.07, 'm2-1': 1.76, 'm3-1': 4.258, 'm4-1': 0.942}",0.28799999999999387,54.688,inf,54.848,54.848,54.848
1045,TT2,BESTEFFORT,MISSED,m4-1,49.901,"{'m1-1': 2.375, 'm2-1': 2.022, 'm3-1': 3.835, 'm4-1': 0.766}",0.6105000000000054,54.594,inf,55.001000000000005,55.001000000000005,55.001000000000005
1046,TT3,BESTEFFORT,MISSED,m1-1,49.979,"{'m1-1': 1.844, 'm2-1': 1.399, 'm3-1': 5.333, 'm4-1': 0.958}",0.10080000000000383,55.116,inf,55.179,55.179,55.179
1047,TT4,BESTEFFORT,MISSED,m1-1,49.993,"{'m1-1': 2.381, 'm2-1': 1.617, 'm3-1': 4.72, 'm4-1': 0.835}",0.6783999999999992,54.569,inf,54.993,54.993,54.993
1048,TT2,BESTEFFORT,MISSED,m3-1,50.01,"{'m1-1': 2.57, 'm2-1': 1.761, 'm3-1': 4.259, 'm4-1': 0.771}",0.47160000000000085,54.848,inf,55.11,55.11,55.11
1049,TT3,BESTEFFORT,MISSED,m2-1,50.052,"{'m1-1': 2.015, 'm2-1': 1.783, 'm3-1': 5.889, 'm4-1': 0.817}",0.3060000000000116,55.15,inf,55.252,55.252,55.252
1050,TT4,BESTEFFORT,MISSED,m1-1,50.116,"{'m1-1': 1.935, 'm2-1': 1.863, 'm3-1': 4.773, 'm4-1': 1.058}",0.1967999999999961,54.993,inf,55.116,55.116,55.116
1051,TT4,BESTEFFORT,MISSED,m4-1,50.146,"{'m1-1': 1.912, 'm2-1': 1.505, 'm3-1': 3.638, 'm4-1': 1.049}",0.21749999999999403,55.001000000000005,inf,55.146,55.146,55.146
1052,TT4,BESTEFFORT,MISSED,m2-1,50.15,"{'m1-1': 1.779, 'm2-1': 1.766, 'm3-1': 4.753, 'm4-1': 0.912}",0.43499999999998806,55.005,inf,55.15,55.15,55.15
1053,TT4,BESTEFFORT,MISSED,m4-1,50.158,"{'m1-1': 1.956, 'm2-1': 1.572, 'm3-1': 4.116, 'm4-1': 0.792}",0.018000000000000682,55.146,inf,55.158,55.158,55.158
1054,TT2,BESTEFFORT,MISSED,m4-1,50.181,"{'m1-1': 2.615, 'm2-1': 1.74, 'm3-1': 4.317, 'm4-1': 0.748}",0.18449999999999633,55.158,inf,55.281,55.281,55.281
1055,TT2,BESTEFFORT,MISSED,m3-1,50.215,"{'m1-1': 2.467, 'm2-1': 1.787, 'm3-1': 4.359, 'm4-1': 1.016}",0.012600000000009005,55.308,inf,55.315000000000005,55.315000000000005,55.315000000000005
1056,TT2,BESTEFFORT,MISSED,m2-1,50.244,"{'m1-1': 2.121, 'm2-1': 1.692, 'm3-1': 5.032, 'm4-1': 0.771}",0.27599999999999625,55.252,inf,55.344,55.344,55.344
1057,TT3,BESTEFFORT,MISSED,m1-1,50.247,"{'m1-1': 2.056, 'm2-1': 1.55, 'm3-1': 4.614, 'm4-1': 0.893}",0.2831999999999994,55.27,inf,55.447,55.447,55.447
1058,TT2,BESTEFFORT,MISSED,m3-1,50.268,"{'m1-1': 2.405, 'm2-1': 1.987, 'm3-1': 5.002, 'm4-1': 0.968}",0.09539999999999509,55.315000000000005,inf,55.368,55.368,55.368
1059,TT4,BESTEFFORT,MISSED,m1-1,50.27,"{'m1-1': 1.835, 'm2-1': 1.836, 'm3-1': 4.479, 'm4-1': 0.855}",0.14560000000000173,55.179,inf,55.27,55.27,55.27
1060,TT4,BESTEFFORT,MISSED,m3-1,50.308,"{'m1-1': 2.304, 'm2-1': 1.865, 'm3-1': 4.183, 'm4-1': 0.885}",0.3564000000000007,55.11,inf,55.308,55.308,55.308
1061,TT3,BESTEFFORT,MISSED,m2-1,50.443,"{'m1-1': 2.224, 'm2-1': 1.723, 'm3-1': 5.62, 'm4-1': 0.769}",0.8969999999999985,55.344,inf,55.643,55.643,55.643
1062,TT3,BESTEFFORT,MISSED,m1-1,50.476,"{'m1-1': 2.046, 'm2-1': 1.634, 'm3-1': 5.743, 'm4-1': 0.937}",0.3663999999999987,55.447,inf,55.676,55.676,55.676
1063,TT3,BESTEFFORT,MISSED,m4-1,50.485,"{'m1-1': 1.767, 'm2-1': 1.335, 'm3-1': 4.748, 'm4-1': 0.743}",0.22800000000000153,55.533,inf,55.685,55.685,55.685
1064,TT1,BESTEFFORT,MISSED,m4-1,50.533,"{'m1-1': 2.244, 'm2-1': 1.631, 'm3-1': 4.741, 'm4-1': 0.822}",0.37800000000000367,55.281,inf,55.533,55.533,55.533
1065,TT2,BESTEFFORT,MISSED,m3-1,50.545,"{'m1-1': 2.301, 'm2-1': 1.942, 'm3-1': 4.3, 'm4-1': 0.95}",0.4986000000000019,55.368,inf,55.645,55.645,55.645
1066,TT3,BESTEFFORT,MISSED,m1-1,50.6,"{'m1-1': 2.061, 'm2-1': 1.292, 'm3-1': 4.504, 'm4-1': 0.886}",0.19840000000000374,55.676,inf,55.800000000000004,55.800000000000004,55.800000000000004
1067,TT2,BESTEFFORT,MISSED,m2-1,50.624,"{'m1-1': 2.339, 'm2-1': 1.999, 'm3-1': 4.444, 'm4-1': 0.989}",0.2430000000000092,55.643,inf,55.724000000000004,55.724000000000004,55.724000000000004
1068,TT4,BESTEFFORT,MISSED,m4-1,50.771,"{'m1-1': 1.961, 'm2-1': 1.412, 'm3-1': 4.102, 'm4-1': 0.778}",0.12899999999999778,55.685,inf,55.771,55.771,55.771
1069,TT4,BESTEFFORT,MISSED,m2-1,50.814,"{'m1-1': 2.243, 'm2-1': 1.762, 'm3-1': 4.211, 'm4-1': 0.834}",0.2699999999999889,55.724000000000004,inf,55.814,55.814,55.814
1070,TT1,BESTEFFORT,MISSED,m1-1,50.848,"{'m1-1': 2.318, 'm2-1': 1.904, 'm3-1': 4.297, 'm4-1': 0.693}",0.07679999999999154,55.800000000000004,inf,55.848,55.848,55.848
1071,TT3,BESTEFFORT,MISSED,m4-1,50.855,"{'m1-1': 2.182, 'm2-1': 1.66, 'm3-1': 4.886, 'm4-1': 0.874}",0.4259999999999984,55.771,inf,56.055,56.055,56.055
1072,TT3,BESTEFFORT,MISSED,m3-1,50.891,"{'m1-1': 1.875, 'm2-1': 1.566, 'm3-1': 5.468, 'm4-1': 0.989}",0.01440000000000481,56.083,inf,56.091,56.091,56.091
1073,TT3,BESTEFFORT,MISSED,m1-1,50.954,"{'m1-1': 2.211, 'm2-1': 1.478, 'm3-1': 5.264, 'm4-1': 0.743}",0.4896000000000072,55.848,inf,56.154,56.154,56.154
1074,TT3,BESTEFFORT,MISSED,m3-1,50.954,"{'m1-1': 2.369, 'm2-1': 1.342, 'm3-1': 5.747, 'm4-1': 0.985}",0.1134000000000043,56.091,inf,56.154,56.154,56.154
1075,TT4,BESTEFFORT,MISSED,m3-1,51.083,"{'m1-1': 2.394, 'm2-1': 1.644, 'm3-1': 4.33, 'm4-1': 0.907}",0.7883999999999916,55.645,inf,56.083,56.083,56.083
1076,TT3,BESTEFFORT,MISSED,m4-1,51.097,"{'m1-1': 1.81, 'm2-1': 1.426, 'm3-1': 5.514, 'm4-1': 0.879}",0.12750000000000128,56.212,inf,56.297000000000004,56.297000000000004,56.297000000000004
1077,TT1,BESTEFFORT,MISSED,m2-1,51.138,"{'m1-1': 2.502, 'm2-1': 1.654, 'm3-1': 4.373, 'm4-1': 0.639}",0.9719999999999942,55.814,inf,56.138,56.138,56.138
1078,TT2,BESTEFFORT,MISSED,m1-1,51.195,"{'m1-1': 2.554, 'm2-1': 1.866, 'm3-1': 4.989, 'm4-1': 0.972}",0.2255999999999972,56.154,inf,56.295,56.295,56.295
1079,TT4,BESTEFFORT,MISSED,m4-1,51.212,"{'m1-1': 2.362, 'm2-1': 1.429, 'm3-1': 4.188, 'm4-1': 0.77}",0.23550000000000537,56.055,inf,56.212,56.212,56.212
1080,TT4,BESTEFFORT,MISSED,m2-1,51.28,"{'m1-1': 1.964, 'm2-1': 1.803, 'm3-1': 4.996, 'm4-1': 0.888}",0.42600000000000904,56.138,inf,56.28,56.28,56.28
1081,TT1,BESTEFFORT,MISSED,m3-1,51.286,"{'m1-1': 1.991, 'm2-1': 1.442, 'm3-1': 3.657, 'm4-1': 0.684}",0.23759999999999623,56.154,inf,56.286,56.286,56.286
1082,TT1,BESTEFFORT,MISSED,m2-1,51.396,"{'m1-1': 2.528, 'm2-1': 1.842, 'm3-1': 4.851, 'm4-1': 0.748}",0.347999999999999,56.28,inf,56.396,56.396,56.396
1083,TT1,BESTEFFORT,MISSED,m4-1,51.401,"{'m1-1': 2.274, 'm2-1': 1.737, 'm3-1': 4.718, 'm4-1': 0.856}",0.1559999999999988,56.297000000000004,inf,56.401,56.401,56.401
1084,TT3,BESTEFFORT,MISSED,m2-1,51.651,"{'m1-1': 2.245, 'm2-1': 1.331, 'm3-1': 5.016, 'm4-1': 0.841}",0.34200000000001296,56.737,inf,56.851000000000006,56.851000000000006,56.851000000000006
1085,TT2,BESTEFFORT,MISSED,m1-1,51.673,"{'m1-1': 1.997, 'm2-1': 1.775, 'm3-1': 4.1, 'm4-1': 0.83}",0.15680000000000974,56.675,inf,56.773,56.773,56.773
1086,TT1,BESTEFFORT,MISSED,m1-1,51.675,"{'m1-1': 2.358, 'm2-1': 1.439, 'm3-1': 4.169, 'm4-1': 0.757}",0.6079999999999928,56.295,inf,56.675,56.675,56.675
1087,TT4,BESTEFFORT,MISSED,m2-1,51.737,"{'m1-1': 2.093, 'm2-1': 1.358, 'm3-1': 4.17, 'm4-1': 0.966}",1.0230000000000032,56.396,inf,56.737,56.737,56.737
1088,TT2,BESTEFFORT,MISSED,m4-1,51.74,"{'m1-1': 2.088, 'm2-1': 1.887, 'm3-1': 4.877, 'm4-1': 0.913}",0.6585000000000001,56.401,inf,56.84,56.84,56.84
1089,TT4,BESTEFFORT,MISSED,m3-1,51.843,"{'m1-1': 2.275, 'm2-1': 1.417, 'm3-1': 3.752, 'm4-1': 0.856}",1.002600000000004,56.286,inf,56.843,56.843,56.843
1090,TT4,BESTEFFORT,MISSED,m3-1,51.845,"{'m1-1': 2.413, 'm2-1': 1.508, 'm3-1': 3.822, 'm4-1': 0.949}",0.00359999999999161,56.843,inf,56.845,56.845,56.845
1091,TT2,BESTEFFORT,MISSED,m2-1,51.912,"{'m1-1': 2.413, 'm2-1': 1.664, 'm3-1': 4.007, 'm4-1': 0.722}",0.4829999999999828,56.851000000000006,inf,57.012,57.012,57.012
1092,TT1,BESTEFFORT,MISSED,m1-1,51.915,"{'m1-1': 2.318, 'm2-1': 1.641, 'm3-1': 4.267, 'm4-1': 0.86}",0.22719999999999346,56.773,inf,56.915,56.915,56.915
1093,TT2,BESTEFFORT,MISSED,m3-1,51.921,"{'m1-1': 2.163, 'm2-1': 2.112, 'm3-1': 3.642, 'm4-1': 0.908}",0.15479999999999736,56.935,inf,57.021,57.021,57.021
1094,TT4,BESTEFFORT,MISSED,m3-1,51.935,"{'m1-1': 2.086, 'm2-1': 1.89, 'm3-1': 4.603, 'm4-1': 1.011}",0.16200000000000614,56.845,inf,56.935,56.935,56.935
1095,TT1,BESTEFFORT,MISSED,m4-1,51.989,"{'m1-1': 1.937, 'm2-1': 1.603, 'm3-1': 4.64, 'm4-1': 0.821}",0.2234999999999907,56.84,inf,56.989,56.989,56.989
1096,TT1,BESTEFFORT,MISSED,m1-1,52.125,"{'m1-1': 2.088, 'm2-1': 1.52, 'm3-1': 4.417, 'm4-1': 0.773}",0.3360000000000014,56.915,inf,57.125,57.125,57.125
1097,TT4,BESTEFFORT,MISSED,m4-1,52.158,"{'m1-1': 2.318, 'm2-1': 1.525, 'm3-1': 4.213, 'm4-1': 1.043}",0.25350000000000605,56.989,inf,57.158,57.158,57.158
1098,TT1,BESTEFFORT,MISSED,m2-1,52.178,"{'m1-1': 2.566, 'm2-1': 1.882, 'm3-1': 3.761, 'm4-1': 0.809}",0.49799999999999045,57.012,inf,57.178,57.178,57.178
1099,TT4,BESTEFFORT,MISSED,m4-1,52.368,"{'m1-1': 2.157, 'm2-1': 1.535, 'm3-1': 4.787, 'm4-1': 0.893}",0.3150000000000013,57.158,inf,57.368,57.368,57.368
1100,TT2,BESTEFFORT,MISSED,m2-1,52.444,"{'m1-1': 1.978, 'm2-1': 2.121, 'm3-1': 4.462, 'm4-1': 0.834}",1.0980000000000203,57.178,inf,57.544000000000004,57.544000000000004,57.544000000000004
1101,TT4,BESTEFFORT,MISSED,m1-1,52.472,"{'m1-1': 1.948, 'm2-1': 1.754, 'm3-1': 3.757, 'm4-1': 0.811}",0.5552000000000021,57.125,inf,57.472,57.472,57.472
1102,TT3,BESTEFFORT,MISSED,m3-1,52.53,"{'m1-1': 2.068, 'm2-1': 1.53, 'm3-1': 4.68, 'm4-1': 0.965}",0.17460000000000236,57.633,inf,57.730000000000004,57.730000000000004,57.730000000000004
1103,TT1,BESTEFFORT,MISSED,m1-1,52.56,"{'m1-1': 2.561, 'm2-1': 1.582, 'm3-1': 4.275, 'm4-1': 0.74}",0.14080000000000156,57.472,inf,57.56,57.56,57.56
1104,TT3,BESTEFFORT,MISSED,m3-1,52.57,"{'m1-1': 2.269, 'm2-1': 1.639, 'm3-1': 4.721, 'm4-1': 0.774}",0.07199999999999847,57.730000000000004,inf,57.77,57.77,57.77
1105,TT4,BESTEFFORT,MISSED,m4-1,52.576,"{'m1-1': 1.793, 'm2-1': 1.606, 'm3-1': 4.659, 'm4-1': 0.94}",0.3119999999999976,57.368,inf,57.576,57.576,57.576
1106,TT1,BESTEFFORT,MISSED,m3-1,52.586,"{'m1-1': 2.246, 'm2-1': 1.675, 'm3-1': 4.763, 'm4-1': 0.791}",1.016999999999996,57.021,inf,57.586,57.586,57.586
1107,TT2,BESTEFFORT,MISSED,m1-1,52.605,"{'m1-1': 2.555, 'm2-1': 2.037, 'm3-1': 4.18, 'm4-1': 0.991}",0.23199999999999366,57.56,inf,57.705,57.705,57.705
1108,TT3,BESTEFFORT,MISSED,m1-1,52.62,"{'m1-1': 2.397, 'm2-1': 1.456, 'm3-1': 5.889, 'm4-1': 0.931}",0.1840000000000032,57.705,inf,57.82,57.82,57.82
1109,TT2,BESTEFFORT,MISSED,m4-1,52.63,"{'m1-1': 2.164, 'm2-1': 1.597, 'm3-1': 4.773, 'm4-1': 0.897}",0.2310000000000052,57.576,inf,57.730000000000004,57.730000000000004,57.730000000000004
1110,TT4,BESTEFFORT,MISSED,m3-1,52.633,"{'m1-1': 2.233, 'm2-1': 1.551, 'm3-1': 4.426, 'm4-1': 0.9}",0.08460000000000747,57.586,inf,57.633,57.633,57.633
1111,TT4,BESTEFFORT,MISSED,m2-1,52.647,"{'m1-1': 2.434, 'm2-1': 1.599, 'm3-1': 4.078, 'm4-1': 0.987}",0.3089999999999833,57.544000000000004,inf,57.647,57.647,57.647
1112,TT1,BESTEFFORT,MISSED,m2-1,52.739,"{'m1-1': 2.458, 'm2-1': 1.584, 'm3-1': 4.457, 'm4-1': 0.784}",0.27599999999999625,57.647,inf,57.739,57.739,57.739
1113,TT4,BESTEFFORT,MISSED,m4-1,52.83,"{'m1-1': 2.305, 'm2-1': 1.776, 'm3-1': 4.353, 'm4-1': 1.068}",0.14999999999999147,57.730000000000004,inf,57.83,57.83,57.83
1114,TT2,BESTEFFORT,MISSED,m4-1,52.859,"{'m1-1': 2.251, 'm2-1': 2.073, 'm3-1': 3.626, 'm4-1': 0.881}",0.19350000000000733,57.83,inf,57.959,57.959,57.959
1115,TT4,BESTEFFORT,MISSED,m2-1,52.939,"{'m1-1': 2.421, 'm2-1': 1.6, 'm3-1': 4.258, 'm4-1': 0.767}",0.6000000000000085,57.739,inf,57.939,57.939,57.939
1116,TT2,BESTEFFORT,MISSED,m1-1,52.959,"{'m1-1': 2.052, 'm2-1': 1.83, 'm3-1': 4.584, 'm4-1': 0.914}",0.38240000000000696,57.82,inf,58.059000000000005,58.059000000000005,58.059000000000005
1117,TT4,BESTEFFORT,MISSED,m2-1,53.086,"{'m1-1': 2.365, 'm2-1': 1.698, 'm3-1': 4.975, 'm4-1': 0.824}",0.4409999999999954,57.939,inf,58.086,58.086,58.086
1118,TT4,BESTEFFORT,MISSED,m1-1,53.107,"{'m1-1': 2.049, 'm2-1': 1.643, 'm3-1': 3.774, 'm4-1': 0.764}",0.07679999999999154,58.059000000000005,inf,58.107,58.107,58.107
1119,TT3,BESTEFFORT,MISSED,m2-1,53.142,"{'m1-1': 2.023, 'm2-1': 1.671, 'm3-1': 5.245, 'm4-1': 0.915}",0.768000000000022,58.086,inf,58.342000000000006,58.342000000000006,58.342000000000006
1120,TT2,BESTEFFORT,MISSED,m3-1,53.188,"{'m1-1': 1.866, 'm2-1': 1.519, 'm3-1': 4.983, 'm4-1': 0.932}",0.12600000000000053,58.218,inf,58.288000000000004,58.288000000000004,58.288000000000004
1121,TT4,BESTEFFORT,MISSED,m4-1,53.205,"{'m1-1': 2.095, 'm2-1': 1.392, 'm3-1': 3.646, 'm4-1': 1.009}",0.36899999999999267,57.959,inf,58.205,58.205,58.205
1122,TT1,BESTEFFORT,MISSED,m3-1,53.218,"{'m1-1': 1.922, 'm2-1': 1.988, 'm3-1': 4.442, 'm4-1': 0.814}",0.8064000000000008,57.77,inf,58.218,58.218,58.218
1123,TT2,BESTEFFORT,MISSED,m4-1,53.385,"{'m1-1': 2.181, 'm2-1': 1.6, 'm3-1': 3.834, 'm4-1': 0.794}",0.4200000000000017,58.205,inf,58.485,58.485,58.485
1124,TT4,BESTEFFORT,MISSED,m1-1,53.468,"{'m1-1': 2.116, 'm2-1': 1.447, 'm3-1': 4.38, 'm4-1': 0.77}",0.5776000000000068,58.107,inf,58.468,58.468,58.468
1125,TT4,BESTEFFORT,MISSED,m3-1,53.548,"{'m1-1': 2.208, 'm2-1': 1.519, 'm3-1': 3.757, 'm4-1': 1.015}",0.4679999999999964,58.288000000000004,inf,58.548,58.548,58.548
1126,TT3,BESTEFFORT,MISSED,m1-1,53.593,"{'m1-1': 1.836, 'm2-1': 1.604, 'm3-1': 4.285, 'm4-1': 1.01}",0.5200000000000046,58.468,inf,58.793000000000006,58.793000000000006,58.793000000000006
1127,TT1,BESTEFFORT,MISSED,m2-1,53.627,"{'m1-1': 2.173, 'm2-1': 1.801, 'm3-1': 3.946, 'm4-1': 0.757}",0.8549999999999898,58.342000000000006,inf,58.627,58.627,58.627
1128,TT3,BESTEFFORT,MISSED,m2-1,53.651,"{'m1-1': 1.918, 'm2-1': 1.37, 'm3-1': 4.905, 'm4-1': 0.776}",0.10200000000001808,58.817,inf,58.851000000000006,58.851000000000006,58.851000000000006
1129,TT4,BESTEFFORT,MISSED,m3-1,53.679,"{'m1-1': 2.388, 'm2-1': 1.522, 'm3-1': 4.159, 'm4-1': 1.028}",0.23580000000000043,58.548,inf,58.679,58.679,58.679
1130,TT3,BESTEFFORT,MISSED,m4-1,53.731,"{'m1-1': 2.303, 'm2-1': 1.472, 'm3-1': 5.173, 'm4-1': 0.774}",0.14400000000000546,58.835,inf,58.931000000000004,58.931000000000004,58.931000000000004
1131,TT2,BESTEFFORT,MISSED,m1-1,53.742,"{'m1-1': 1.943, 'm2-1': 2.081, 'm3-1': 3.793, 'm4-1': 0.955}",0.07839999999998781,58.793000000000006,inf,58.842,58.842,58.842
1132,TT1,BESTEFFORT,MISSED,m2-1,53.817,"{'m1-1': 2.167, 'm2-1': 1.689, 'm3-1': 4.611, 'm4-1': 0.71}",0.5699999999999932,58.627,inf,58.817,58.817,58.817
1133,TT1,BESTEFFORT,MISSED,m4-1,53.817,"{'m1-1': 2.576, 'm2-1': 1.685, 'm3-1': 3.667, 'm4-1': 0.861}",0.4980000000000011,58.485,inf,58.817,58.817,58.817
1134,TT1,BESTEFFORT,MISSED,m4-1,53.835,"{'m1-1': 2.146, 'm2-1': 1.709, 'm3-1': 4.379, 'm4-1': 0.655}",0.027000000000001023,58.817,inf,58.835,58.835,58.835
1135,TT1,BESTEFFORT,MISSED,m1-1,53.867,"{'m1-1': 1.899, 'm2-1': 1.623, 'm3-1': 3.806, 'm4-1': 0.659}",0.03999999999999773,58.842,inf,58.867,58.867,58.867
1136,TT1,BESTEFFORT,MISSED,m3-1,53.933,"{'m1-1': 2.195, 'm2-1': 1.851, 'm3-1': 3.627, 'm4-1': 0.689}",0.0,58.933,inf,58.933,58.933,58.933
1137,TT4,BESTEFFORT,MISSED,m3-1,53.933,"{'m1-1': 1.901, 'm2-1': 1.52, 'm3-1': 5.103, 'm4-1': 0.891}",0.457199999999996,58.679,inf,58.933,58.933,58.933
1138,TT4,BESTEFFORT,MISSED,m2-1,53.938,"{'m1-1': 1.786, 'm2-1': 1.519, 'm3-1': 4.193, 'm4-1': 0.795}",0.2609999999999886,58.851000000000006,inf,58.938,58.938,58.938
1139,TT2,BESTEFFORT,MISSED,m1-1,53.996,"{'m1-1': 1.891, 'm2-1': 1.902, 'm3-1': 4.571, 'm4-1': 0.836}",0.3664000000000101,58.867,inf,59.096000000000004,59.096000000000004,59.096000000000004
1140,TT3,BESTEFFORT,MISSED,m4-1,53.997,"{'m1-1': 2.235, 'm2-1': 1.743, 'm3-1': 5.362, 'm4-1': 0.774}",0.39899999999999736,58.931000000000004,inf,59.197,59.197,59.197
1141,TT3,BESTEFFORT,MISSED,m2-1,54.095,"{'m1-1': 1.972, 'm2-1': 1.734, 'm3-1': 5.464, 'm4-1': 0.773}",1.070999999999998,58.938,inf,59.295,59.295,59.295
1142,TT3,BESTEFFORT,MISSED,m3-1,54.115,"{'m1-1': 1.941, 'm2-1': 1.52, 'm3-1': 4.363, 'm4-1': 0.967}",0.16920000000000215,59.221000000000004,inf,59.315000000000005,59.315000000000005,59.315000000000005
1143,TT2,BESTEFFORT,MISSED,m3-1,54.121,"{'m1-1': 1.92, 'm2-1': 1.588, 'm3-1': 4.514, 'm4-1': 0.958}",0.5184000000000069,58.933,inf,59.221000000000004,59.221000000000004,59.221000000000004
1144,TT3,BESTEFFORT,MISSED,m1-1,54.129,"{'m1-1': 2.425, 'm2-1': 1.575, 'm3-1': 5.86, 'm4-1': 0.73}",0.3727999999999952,59.096000000000004,inf,59.329,59.329,59.329
1145,TT2,BESTEFFORT,MISSED,m4-1,54.248,"{'m1-1': 1.897, 'm2-1': 1.985, 'm3-1': 4.356, 'm4-1': 0.952}",0.22649999999999437,59.197,inf,59.348,59.348,59.348
1146,TT2,BESTEFFORT,MISSED,m2-1,54.258,"{'m1-1': 2.243, 'm2-1': 2.039, 'm3-1': 3.96, 'm4-1': 0.873}",0.18900000000000716,59.295,inf,59.358000000000004,59.358000000000004,59.358000000000004
1147,TT2,BESTEFFORT,MISSED,m1-1,54.314,"{'m1-1': 2.003, 'm2-1': 1.661, 'm3-1': 4.902, 'm4-1': 0.844}",0.057600000000002184,59.378,inf,59.414,59.414,59.414
1148,TT1,BESTEFFORT,MISSED,m4-1,54.374,"{'m1-1': 1.88, 'm2-1': 1.432, 'm3-1': 4.699, 'm4-1': 0.723}",0.03900000000000503,59.348,inf,59.374,59.374,59.374
1149,TT4,BESTEFFORT,MISSED,m1-1,54.378,"{'m1-1': 2.449, 'm2-1': 1.701, 'm3-1': 4.916, 'm4-1': 0.921}",0.07839999999999919,59.329,inf,59.378,59.378,59.378
1150,TT2,BESTEFFORT,MISSED,m4-1,54.383,"{'m1-1': 2.591, 'm2-1': 1.823, 'm3-1': 4.909, 'm4-1': 0.843}",0.16350000000000264,59.374,inf,59.483000000000004,59.483000000000004,59.483000000000004
1151,TT4,BESTEFFORT,MISSED,m2-1,54.401,"{'m1-1': 2.146, 'm2-1': 1.476, 'm3-1': 4.247, 'm4-1': 0.755}",0.12899999999999778,59.358000000000004,inf,59.401,59.401,59.401
1152,TT4,BESTEFFORT,MISSED,m3-1,54.519,"{'m1-1': 2.157, 'm2-1': 1.653, 'm3-1': 4.547, 'm4-1': 0.984}",0.36719999999998837,59.315000000000005,inf,59.519,59.519,59.519
1153,TT2,BESTEFFORT,MISSED,m2-1,54.711,"{'m1-1': 1.959, 'm2-1': 2.065, 'm3-1': 4.394, 'm4-1': 0.81}",1.2299999999999898,59.401,inf,59.811,59.811,59.811
1154,TT1,BESTEFFORT,MISSED,m3-1,54.719,"{'m1-1': 2.325, 'm2-1': 1.752, 'm3-1': 3.673, 'm4-1': 0.831}",0.36000000000000515,59.519,inf,59.719,59.719,59.719
1155,TT2,BESTEFFORT,MISSED,m3-1,54.873,"{'m1-1': 2.38, 'm2-1': 1.804, 'm3-1': 4.585, 'm4-1': 1.013}",0.457199999999996,59.719,inf,59.973,59.973,59.973
1156,TT1,BESTEFFORT,MISSED,m1-1,54.874,"{'m1-1': 1.941, 'm2-1': 1.601, 'm3-1': 4.025, 'm4-1': 0.817}",0.7360000000000014,59.414,inf,59.874,59.874,59.874
1157,TT1,BESTEFFORT,MISSED,m4-1,54.884,"{'m1-1': 2.456, 'm2-1': 1.689, 'm3-1': 3.672, 'm4-1': 0.656}",0.6014999999999944,59.483000000000004,inf,59.884,59.884,59.884
1158,TT4,BESTEFFORT,MISSED,m2-1,54.986,"{'m1-1': 2.263, 'm2-1': 1.762, 'm3-1': 4.833, 'm4-1': 0.856}",0.5249999999999915,59.811,inf,59.986,59.986,59.986
1159,TT4,BESTEFFORT,MISSED,m3-1,54.991,"{'m1-1': 2.33, 'm2-1': 1.604, 'm3-1': 3.695, 'm4-1': 0.796}",0.032400000000001226,59.973,inf,59.991,59.991,59.991
1160,TT1,BESTEFFORT,MISSED,m1-1,55.015,"{'m1-1': 1.988, 'm2-1': 1.877, 'm3-1': 5.008, 'm4-1': 0.835}",0.2255999999999972,59.874,inf,60.015,60.015,60.015
1161,TT1,BESTEFFORT,MISSED,m4-1,55.038,"{'m1-1': 2.023, 'm2-1': 1.712, 'm3-1': 4.982, 'm4-1': 0.642}",0.23099999999999454,59.884,inf,60.038,60.038,60.038
1162,TT2,BESTEFFORT,MISSED,m2-1,55.118,"{'m1-1': 2.466, 'm2-1': 2.046, 'm3-1': 4.978, 'm4-1': 0.911}",0.6960000000000193,59.986,inf,60.218,60.218,60.218
1163,TT3,BESTEFFORT,MISSED,m2-1,55.179,"{'m1-1': 2.405, 'm2-1': 1.605, 'm3-1': 4.495, 'm4-1': 0.852}",0.4830000000000041,60.218,inf,60.379000000000005,60.379000000000005,60.379000000000005
1164,TT4,BESTEFFORT,MISSED,m4-1,55.242,"{'m1-1': 2.17, 'm2-1': 1.476, 'm3-1': 3.842, 'm4-1': 0.87}",0.30600000000000094,60.038,inf,60.242,60.242,60.242
1165,TT1,BESTEFFORT,MISSED,m1-1,55.359,"{'m1-1': 2.075, 'm2-1': 1.952, 'm3-1': 3.627, 'm4-1': 0.821}",0.5504000000000019,60.015,inf,60.359,60.359,60.359
1166,TT1,BESTEFFORT,MISSED,m1-1,55.453,"{'m1-1': 1.852, 'm2-1': 1.869, 'm3-1': 4.759, 'm4-1': 0.86}",0.15040000000000192,60.359,inf,60.453,60.453,60.453
1167,TT4,BESTEFFORT,MISSED,m4-1,55.588,"{'m1-1': 1.73, 'm2-1': 1.576, 'm3-1': 5.104, 'm4-1': 0.891}",0.5190000000000055,60.242,inf,60.588,60.588,60.588
1168,TT2,BESTEFFORT,MISSED,m3-1,55.96,"{'m1-1': 2.144, 'm2-1': 1.705, 'm3-1': 3.999, 'm4-1': 0.745}",1.9242000000000048,59.991,inf,61.06,61.06,61.06
1169,TT4,BESTEFFORT,MISSED,m3-1,56.092,"{'m1-1': 2.003, 'm2-1': 1.815, 'm3-1': 4.245, 'm4-1': 0.886}",0.057599999999993656,61.06,inf,61.092,61.092,61.092
1170,TT2,BESTEFFORT,MISSED,m2-1,56.132,"{'m1-1': 1.943, 'm2-1': 1.716, 'm3-1': 4.297, 'm4-1': 0.726}",2.5589999999999833,60.379000000000005,inf,61.232,61.232,61.232
1171,TT3,BESTEFFORT,MISSED,m3-1,56.234,"{'m1-1': 2.318, 'm2-1': 1.638, 'm3-1': 5.719, 'm4-1': 0.864}",0.6156000000000106,61.092,inf,61.434000000000005,61.434000000000005,61.434000000000005
1172,TT3,BESTEFFORT,MISSED,m3-1,56.303,"{'m1-1': 2.221, 'm2-1': 1.767, 'm3-1': 5.528, 'm4-1': 0.96}",0.12419999999999191,61.434000000000005,inf,61.503,61.503,61.503
1173,TT4,BESTEFFORT,MISSED,m1-1,56.319,"{'m1-1': 2.118, 'm2-1': 1.615, 'm3-1': 3.825, 'm4-1': 0.819}",1.3855999999999995,60.453,inf,61.319,61.319,61.319
1174,TT1,BESTEFFORT,MISSED,m4-1,56.379,"{'m1-1': 2.234, 'm2-1': 1.611, 'm3-1': 4.452, 'm4-1': 0.859}",1.1864999999999952,60.588,inf,61.379,61.379,61.379
1175,TT3,BESTEFFORT,MISSED,m4-1,56.462,"{'m1-1': 1.863, 'm2-1': 1.597, 'm3-1': 5.28, 'm4-1': 0.774}",0.42450000000001253,61.379,inf,61.662000000000006,61.662000000000006,61.662000000000006
1176,TT4,BESTEFFORT,MISSED,m2-1,56.5,"{'m1-1': 2.3, 'm2-1': 1.348, 'm3-1': 4.732, 'm4-1': 0.79}",0.804000000000002,61.232,inf,61.5,61.5,61.5
1177,TT1,BESTEFFORT,MISSED,m1-1,56.507,"{'m1-1': 2.351, 'm2-1': 1.961, 'm3-1': 4.657, 'm4-1': 0.828}",0.30079999999999246,61.319,inf,61.507,61.507,61.507
1178,TT3,BESTEFFORT,MISSED,m4-1,56.664,"{'m1-1': 2.425, 'm2-1': 1.509, 'm3-1': 4.901, 'm4-1': 0.774}",0.14250000000000895,61.769,inf,61.864000000000004,61.864000000000004,61.864000000000004
1179,TT2,BESTEFFORT,MISSED,m1-1,56.695,"{'m1-1': 2.351, 'm2-1': 2.007, 'm3-1': 4.611, 'm4-1': 0.911}",0.4608000000000061,61.507,inf,61.795,61.795,61.795
1180,TT2,BESTEFFORT,MISSED,m2-1,56.701,"{'m1-1': 1.965, 'm2-1': 2.132, 'm3-1': 4.881, 'm4-1': 0.747}",0.12600000000000477,61.759,inf,61.801,61.801,61.801
1181,TT1,BESTEFFORT,MISSED,m2-1,56.759,"{'m1-1': 2.242, 'm2-1': 1.958, 'm3-1': 4.907, 'm4-1': 0.703}",0.777000000000001,61.5,inf,61.759,61.759,61.759
1182,TT4,BESTEFFORT,MISSED,m4-1,56.769,"{'m1-1': 2.184, 'm2-1': 1.394, 'm3-1': 4.068, 'm4-1': 0.799}",0.16049999999998832,61.662000000000006,inf,61.769,61.769,61.769
1183,TT1,BESTEFFORT,MISSED,m1-1,56.847,"{'m1-1': 2.146, 'm2-1': 1.976, 'm3-1': 4.214, 'm4-1': 0.689}",0.08319999999999937,61.795,inf,61.847,61.847,61.847
1184,TT4,BESTEFFORT,MISSED,m3-1,56.871,"{'m1-1': 1.796, 'm2-1': 1.784, 'm3-1': 3.666, 'm4-1': 1.062}",0.6624000000000038,61.503,inf,61.871,61.871,61.871
1185,TT3,BESTEFFORT,MISSED,m1-1,56.873,"{'m1-1': 2.139, 'm2-1': 1.513, 'm3-1': 5.492, 'm4-1': 0.984}",0.3615999999999986,61.847,inf,62.073,62.073,62.073
1186,TT4,BESTEFFORT,MISSED,m3-1,56.896,"{'m1-1': 1.753, 'm2-1': 1.718, 'm3-1': 3.943, 'm4-1': 1.008}",0.044999999999997445,61.871,inf,61.896,61.896,61.896
1187,TT1,BESTEFFORT,MISSED,m2-1,56.979,"{'m1-1': 1.954, 'm2-1': 1.684, 'm3-1': 4.386, 'm4-1': 0.833}",0.5339999999999918,61.801,inf,61.979,61.979,61.979
1188,TT3,BESTEFFORT,MISSED,m3-1,56.99,"{'m1-1': 2.293, 'm2-1': 1.58, 'm3-1': 4.456, 'm4-1': 0.873}",0.06120000000001085,62.156,inf,62.190000000000005,62.190000000000005,62.190000000000005
1189,TT4,BESTEFFORT,MISSED,m4-1,57.126,"{'m1-1': 1.885, 'm2-1': 1.613, 'm3-1': 4.972, 'm4-1': 0.898}",0.39299999999999,61.864000000000004,inf,62.126,62.126,62.126
1190,TT3,BESTEFFORT,MISSED,m1-1,57.137,"{'m1-1': 2.044, 'm2-1': 1.782, 'm3-1': 5.473, 'm4-1': 0.884}",0.42240000000000466,62.073,inf,62.337,62.337,62.337
1191,TT4,BESTEFFORT,MISSED,m3-1,57.156,"{'m1-1': 2.265, 'm2-1': 1.736, 'm3-1': 4.323, 'm4-1': 1.005}",0.4679999999999964,61.896,inf,62.156,62.156,62.156
1192,TT1,BESTEFFORT,MISSED,m2-1,57.159,"{'m1-1': 2.581, 'm2-1': 1.911, 'm3-1': 3.979, 'm4-1': 0.758}",0.5399999999999991,61.979,inf,62.159,62.159,62.159
1193,TT2,BESTEFFORT,MISSED,m4-1,57.241,"{'m1-1': 1.935, 'm2-1': 2.067, 'm3-1': 4.905, 'm4-1': 0.995}",0.3225000000000051,62.126,inf,62.341,62.341,62.341
1194,TT4,BESTEFFORT,MISSED,m2-1,57.394,"{'m1-1': 1.939, 'm2-1': 1.468, 'm3-1': 4.54, 'm4-1': 0.908}",0.7049999999999983,62.159,inf,62.394,62.394,62.394
1195,TT2,BESTEFFORT,MISSED,m1-1,57.516,"{'m1-1': 2.436, 'm2-1': 2.089, 'm3-1': 4.59, 'm4-1': 0.828}",0.11200000000000046,62.546,inf,62.616,62.616,62.616
1196,TT4,BESTEFFORT,MISSED,m4-1,57.545,"{'m1-1': 2.06, 'm2-1': 1.735, 'm3-1': 4.742, 'm4-1': 0.965}",0.30600000000000094,62.341,inf,62.545,62.545,62.545
1197,TT4,BESTEFFORT,MISSED,m1-1,57.546,"{'m1-1': 2.402, 'm2-1': 1.797, 'm3-1': 4.207, 'm4-1': 0.894}",0.33439999999999376,62.337,inf,62.546,62.546,62.546
1198,TT2,BESTEFFORT,MISSED,m4-1,57.555,"{'m1-1': 2.364, 'm2-1': 1.544, 'm3-1': 4.194, 'm4-1': 0.813}",0.16499999999999915,62.545,inf,62.655,62.655,62.655
1199,TT3,BESTEFFORT,MISSED,m3-1,57.556,"{'m1-1': 2.003, 'm2-1': 1.357, 'm3-1': 5.943, 'm4-1': 1.004}",0.16019999999999754,62.667,inf,62.756,62.756,62.756
1200,TT2,BESTEFFORT,MISSED,m3-1,57.567,"{'m1-1': 2.118, 'm2-1': 1.519, 'm3-1': 4.332, 'm4-1': 0.76}",0.8585999999999941,62.190000000000005,inf,62.667,62.667,62.667
1201,TT4,BESTEFFORT,MISSED,m2-1,57.586,"{'m1-1': 1.768, 'm2-1': 1.529, 'm3-1': 4.932, 'm4-1': 0.991}",0.5760000000000005,62.394,inf,62.586,62.586,62.586
1202,TT2,BESTEFFORT,MISSED,m1-1,57.716,"{'m1-1': 2.566, 'm2-1': 1.76, 'm3-1': 4.729, 'm4-1': 0.972}",0.32000000000000456,62.616,inf,62.816,62.816,62.816
1203,TT2,BESTEFFORT,MISSED,m4-1,57.736,"{'m1-1': 2.35, 'm2-1': 1.625, 'm3-1': 3.793, 'm4-1': 0.845}",0.2714999999999961,62.655,inf,62.836,62.836,62.836
1204,TT1,BESTEFFORT,MISSED,m2-1,57.78,"{'m1-1': 2.276, 'm2-1': 1.792, 'm3-1': 4.051, 'm4-1': 0.858}",0.5820000000000078,62.586,inf,62.78,62.78,62.78
1205,TT2,BESTEFFORT,MISSED,m2-1,57.804,"{'m1-1': 1.866, 'm2-1': 1.935, 'm3-1': 4.304, 'm4-1': 0.963}",0.372000000000007,62.78,inf,62.904,62.904,62.904
1206,TT4,BESTEFFORT,MISSED,m3-1,57.874,"{'m1-1': 2.351, 'm2-1': 1.477, 'm3-1': 3.868, 'm4-1': 0.889}",0.21240000000000378,62.756,inf,62.874,62.874,62.874
1207,TT1,BESTEFFORT,MISSED,m3-1,57.914,"{'m1-1': 2.035, 'm2-1': 1.704, 'm3-1': 4.032, 'm4-1': 0.637}",0.07199999999999847,62.874,inf,62.914,62.914,62.914
1208,TT2,BESTEFFORT,MISSED,m4-1,57.92,"{'m1-1': 2.39, 'm2-1': 1.82, 'm3-1': 4.394, 'm4-1': 0.774}",0.2760000000000069,62.836,inf,63.02,63.02,63.02
1209,TT1,BESTEFFORT,MISSED,m1-1,57.933,"{'m1-1': 2.069, 'm2-1': 1.633, 'm3-1': 4.861, 'm4-1': 0.611}",0.18719999999999573,62.816,inf,62.933,62.933,62.933
1210,TT1,BESTEFFORT,MISSED,m2-1,58.071,"{'m1-1': 2.225, 'm2-1': 1.478, 'm3-1': 4.292, 'm4-1': 0.841}",0.5009999999999835,62.904,inf,63.071,63.071,63.071
1211,TT4,BESTEFFORT,MISSED,m4-1,58.097,"{'m1-1': 1.91, 'm2-1': 1.469, 'm3-1': 4.571, 'm4-1': 0.767}",0.11549999999999727,63.02,inf,63.097,63.097,63.097
1212,TT3,BESTEFFORT,MISSED,m4-1,58.165,"{'m1-1': 2.254, 'm2-1': 1.418, 'm3-1': 5.046, 'm4-1': 0.882}",0.402000000000001,63.097,inf,63.365,63.365,63.365
1213,TT2,BESTEFFORT,MISSED,m1-1,58.176,"{'m1-1': 2.313, 'm2-1': 1.908, 'm3-1': 5.047, 'm4-1': 0.763}",0.08640000000000328,63.222,inf,63.276,63.276,63.276
1214,TT4,BESTEFFORT,MISSED,m1-1,58.222,"{'m1-1': 2.131, 'm2-1': 1.601, 'm3-1': 3.946, 'm4-1': 0.855}",0.46240000000000236,62.933,inf,63.222,63.222,63.222
1215,TT4,BESTEFFORT,MISSED,m2-1,58.238,"{'m1-1': 1.78, 'm2-1': 1.887, 'm3-1': 4.969, 'm4-1': 0.997}",0.5010000000000048,63.071,inf,63.238,63.238,63.238
1216,TT2,BESTEFFORT,MISSED,m3-1,58.337,"{'m1-1': 2.329, 'm2-1': 1.964, 'm3-1': 4.317, 'm4-1': 1.007}",0.9414000000000059,62.914,inf,63.437000000000005,63.437000000000005,63.437000000000005
1217,TT3,BESTEFFORT,MISSED,m3-1,58.434,"{'m1-1': 1.799, 'm2-1': 1.269, 'm3-1': 4.779, 'm4-1': 0.91}",0.34920000000000473,63.44,inf,63.634,63.634,63.634
1218,TT1,BESTEFFORT,MISSED,m3-1,58.44,"{'m1-1': 2.38, 'm2-1': 1.847, 'm3-1': 3.837, 'm4-1': 0.859}",0.005399999999987415,63.437000000000005,inf,63.44,63.44,63.44
1219,TT4,BESTEFFORT,MISSED,m2-1,58.488,"{'m1-1': 2.364, 'm2-1': 1.759, 'm3-1': 4.446, 'm4-1': 1.063}",0.75,63.238,inf,63.488,63.488,63.488
1220,TT1,BESTEFFORT,MISSED,m1-1,58.497,"{'m1-1': 2.362, 'm2-1': 1.67, 'm3-1': 4.746, 'm4-1': 0.625}",0.3535999999999945,63.276,inf,63.497,63.497,63.497
1221,TT2,BESTEFFORT,MISSED,m4-1,58.528,"{'m1-1': 2.052, 'm2-1': 1.671, 'm3-1': 4.933, 'm4-1': 0.888}",0.3944999999999972,63.365,inf,63.628,63.628,63.628
1222,TT2,BESTEFFORT,MISSED,m2-1,58.57,"{'m1-1': 1.889, 'm2-1': 1.844, 'm3-1': 3.751, 'm4-1': 0.949}",0.5460000000000065,63.488,inf,63.67,63.67,63.67
1223,TT1,BESTEFFORT,MISSED,m3-1,58.69,"{'m1-1': 2.286, 'm2-1': 1.479, 'm3-1': 4.176, 'm4-1': 0.752}",0.1007999999999953,63.634,inf,63.69,63.69,63.69
1224,TT3,BESTEFFORT,MISSED,m4-1,58.699,"{'m1-1': 2.209, 'm2-1': 1.484, 'm3-1': 5.926, 'm4-1': 0.827}",0.17849999999999966,63.78,inf,63.899,63.899,63.899
1225,TT1,BESTEFFORT,MISSED,m1-1,58.72,"{'m1-1': 2.354, 'm2-1': 1.446, 'm3-1': 4.481, 'm4-1': 0.651}",0.3567999999999984,63.497,inf,63.72,63.72,63.72
1226,TT3,BESTEFFORT,MISSED,m1-1,58.761,"{'m1-1': 2.335, 'm2-1': 1.515, 'm3-1': 4.517, 'm4-1': 0.765}",0.3856000000000108,63.72,inf,63.961000000000006,63.961000000000006,63.961000000000006
1227,TT4,BESTEFFORT,MISSED,m4-1,58.78,"{'m1-1': 2.336, 'm2-1': 1.865, 'm3-1': 4.699, 'm4-1': 1.037}",0.22800000000000153,63.628,inf,63.78,63.78,63.78
1228,TT1,BESTEFFORT,MISSED,m2-1,58.888,"{'m1-1': 2.113, 'm2-1': 1.931, 'm3-1': 4.654, 'm4-1': 0.684}",0.6539999999999893,63.67,inf,63.888,63.888,63.888
1229,TT2,BESTEFFORT,MISSED,m2-1,58.911,"{'m1-1': 2.337, 'm2-1': 1.999, 'm3-1': 3.954, 'm4-1': 0.82}",0.36899999999999267,63.888,inf,64.011,64.011,64.011
1230,TT4,BESTEFFORT,MISSED,m1-1,59.044,"{'m1-1': 1.807, 'm2-1': 1.761, 'm3-1': 4.061, 'm4-1': 1.022}",0.1327999999999861,63.961000000000006,inf,64.044,64.044,64.044
1231,TT3,BESTEFFORT,MISSED,m3-1,59.044,"{'m1-1': 2.182, 'm2-1': 1.348, 'm3-1': 5.312, 'm4-1': 0.782}",0.9972000000000038,63.69,inf,64.244,64.244,64.244
1232,TT3,BESTEFFORT,MISSED,m2-1,59.063,"{'m1-1': 1.927, 'm2-1': 1.574, 'm3-1': 4.782, 'm4-1': 0.978}",0.7560000000000286,64.011,inf,64.263,64.263,64.263
1233,TT4,BESTEFFORT,MISSED,m4-1,59.087,"{'m1-1': 2.393, 'm2-1': 1.584, 'm3-1': 3.758, 'm4-1': 0.965}",0.2820000000000036,63.899,inf,64.087,64.087,64.087
1234,TT3,BESTEFFORT,MISSED,m3-1,59.138,"{'m1-1': 2.407, 'm2-1': 1.588, 'm3-1': 5.743, 'm4-1': 0.785}",0.16019999999999754,64.249,inf,64.338,64.338,64.338
1235,TT3,BESTEFFORT,MISSED,m2-1,59.217,"{'m1-1': 1.744, 'm2-1': 1.758, 'm3-1': 5.03, 'm4-1': 0.793}",0.4619999999999891,64.263,inf,64.417,64.417,64.417
1236,TT2,BESTEFFORT,MISSED,m1-1,59.225,"{'m1-1': 2.143, 'm2-1': 1.63, 'm3-1': 3.662, 'm4-1': 0.871}",0.4496000000000095,64.044,inf,64.325,64.325,64.325
1237,TT4,BESTEFFORT,MISSED,m3-1,59.249,"{'m1-1': 1.806, 'm2-1': 1.519, 'm3-1': 4.582, 'm4-1': 0.954}",0.008999999999991815,64.244,inf,64.249,64.249,64.249
1238,TT1,BESTEFFORT,MISSED,m4-1,59.336,"{'m1-1': 1.916, 'm2-1': 1.613, 'm3-1': 4.006, 'm4-1': 0.746}",0.37349999999999284,64.087,inf,64.336,64.336,64.336
1239,TT2,BESTEFFORT,MISSED,m2-1,59.389,"{'m1-1': 2.414, 'm2-1': 1.82, 'm3-1': 3.696, 'm4-1': 0.895}",0.21600000000000819,64.417,inf,64.489,64.489,64.489
1240,TT3,BESTEFFORT,MISSED,m1-1,59.411,"{'m1-1': 2.011, 'm2-1': 1.495, 'm3-1': 4.307, 'm4-1': 0.958}",0.26400000000001,64.446,inf,64.611,64.611,64.611
1241,TT1,BESTEFFORT,MISSED,m3-1,59.421,"{'m1-1': 2.469, 'm2-1': 1.973, 'm3-1': 3.617, 'm4-1': 0.668}",0.14939999999999715,64.338,inf,64.42099999999999,64.42099999999999,64.42099999999999
1242,TT3,BESTEFFORT,MISSED,m1-1,59.434,"{'m1-1': 2.306, 'm2-1': 1.74, 'm3-1': 5.647, 'm4-1': 0.89}",0.03679999999999382,64.611,inf,64.634,64.634,64.634
1243,TT4,BESTEFFORT,MISSED,m1-1,59.446,"{'m1-1': 2.367, 'm2-1': 1.81, 'm3-1': 4.981, 'm4-1': 1.04}",0.1935999999999922,64.325,inf,64.446,64.446,64.446
1244,TT1,BESTEFFORT,MISSED,m4-1,59.479,"{'m1-1': 2.156, 'm2-1': 1.608, 'm3-1': 4.757, 'm4-1': 0.748}",0.21450000000000102,64.336,inf,64.479,64.479,64.479
1245,TT2,BESTEFFORT,MISSED,m2-1,59.527,"{'m1-1': 2.631, 'm2-1': 1.887, 'm3-1': 4.928, 'm4-1': 0.771}",0.41399999999997306,64.489,inf,64.627,64.627,64.627
1246,TT2,BESTEFFORT,MISSED,m4-1,59.551,"{'m1-1': 2.177, 'm2-1': 1.785, 'm3-1': 4.245, 'm4-1': 0.94}",0.09149999999998926,64.59,inf,64.651,64.651,64.651
1247,TT1,BESTEFFORT,MISSED,m4-1,59.59,"{'m1-1': 2.446, 'm2-1': 1.676, 'm3-1': 3.726, 'm4-1': 0.638}",0.1665000000000063,64.479,inf,64.59,64.59,64.59
1248,TT4,BESTEFFORT,MISSED,m3-1,59.672,"{'m1-1': 1.785, 'm2-1': 1.413, 'm3-1': 4.245, 'm4-1': 0.886}",0.4518000000000086,64.42099999999999,inf,64.672,64.672,64.672
1249,TT1,BESTEFFORT,MISSED,m3-1,59.677,"{'m1-1': 2.27, 'm2-1': 1.668, 'm3-1': 4.225, 'm4-1': 0.625}",0.008999999999991815,64.672,inf,64.67699999999999,64.67699999999999,64.67699999999999
1250,TT1,BESTEFFORT,MISSED,m2-1,59.683,"{'m1-1': 2.2, 'm2-1': 1.953, 'm3-1': 4.363, 'm4-1': 0.852}",0.16799999999999216,64.627,inf,64.68299999999999,64.68299999999999,64.68299999999999
1251,TT3,BESTEFFORT,MISSED,m2-1,59.705,"{'m1-1': 2.209, 'm2-1': 1.351, 'm3-1': 5.473, 'm4-1': 0.879}",0.6660000000000252,64.68299999999999,inf,64.905,64.905,64.905
1252,TT2,BESTEFFORT,MISSED,m4-1,59.765,"{'m1-1': 2.636, 'm2-1': 1.733, 'm3-1': 4.441, 'm4-1': 0.998}",0.32099999999999795,64.651,inf,64.865,64.865,64.865
1253,TT1,BESTEFFORT,MISSED,m1-1,59.822,"{'m1-1': 2.04, 'm2-1': 1.654, 'm3-1': 4.508, 'm4-1': 0.733}",0.30080000000000384,64.634,inf,64.822,64.822,64.822
1254,TT1,BESTEFFORT,MISSED,m3-1,59.876,"{'m1-1': 2.065, 'm2-1': 1.691, 'm3-1': 4.84, 'm4-1': 0.821}",0.3582000000000221,64.67699999999999,inf,64.876,64.876,64.876
1255,TT3,BESTEFFORT,MISSED,m4-1,59.879,"{'m1-1': 2.074, 'm2-1': 1.27, 'm3-1': 5.406, 'm4-1': 0.964}",0.32099999999999795,64.865,inf,65.079,65.079,65.079
1256,TT3,BESTEFFORT,MISSED,m2-1,59.92,"{'m1-1': 1.912, 'm2-1': 1.366, 'm3-1': 5.48, 'm4-1': 0.886}",0.6450000000000102,64.905,inf,65.12,65.12,65.12
1257,TT4,BESTEFFORT,MISSED,m3-1,59.97,"{'m1-1': 2.005, 'm2-1': 1.522, 'm3-1': 5.028, 'm4-1': 0.78}",0.16919999999998936,64.876,inf,64.97,64.97,64.97
1258,TT1,BESTEFFORT,MISSED,m1-1,60.04,"{'m1-1': 2.455, 'm2-1': 1.672, 'm3-1': 3.937, 'm4-1': 0.809}",0.3487999999999829,64.822,inf,65.03999999999999,65.03999999999999,65.03999999999999
1259,TT1,BESTEFFORT,MISSED,m4-1,60.18,"{'m1-1': 2.581, 'm2-1': 1.528, 'm3-1': 4.511, 'm4-1': 0.678}",0.15150000000001995,65.079,inf,65.18,65.18,65.18
1260,TT4,BESTEFFORT,MISSED,m1-1,60.222,"{'m1-1': 1.935, 'm2-1': 1.452, 'm3-1': 4.595, 'm4-1': 0.983}",0.2912000000000262,65.03999999999999,inf,65.22200000000001,65.22200000000001,65.22200000000001
1261,TT1,BESTEFFORT,MISSED,m2-1,60.608,"{'m1-1': 2.345, 'm2-1': 1.821, 'm3-1': 5.073, 'm4-1': 0.796}",1.4639999999999986,65.12,inf,65.608,65.608,65.608
1262,TT2,BESTEFFORT,MISSED,m3-1,60.646,"{'m1-1': 2.026, 'm2-1': 1.695, 'm3-1': 4.51, 'm4-1': 0.956}",1.3967999999999934,64.97,inf,65.746,65.746,65.746
1263,TT2,BESTEFFORT,MISSED,m2-1,60.674,"{'m1-1': 2.316, 'm2-1': 1.705, 'm3-1': 4.515, 'm4-1': 0.981}",0.49799999999999045,65.608,inf,65.774,65.774,65.774
1264,TT1,BESTEFFORT,MISSED,m1-1,60.732,"{'m1-1': 2.04, 'm2-1': 1.518, 'm3-1': 4.044, 'm4-1': 0.633}",0.8159999999999855,65.22200000000001,inf,65.732,65.732,65.732
1265,TT4,BESTEFFORT,MISSED,m4-1,60.744,"{'m1-1': 1.829, 'm2-1': 1.891, 'm3-1': 3.685, 'm4-1': 0.851}",0.8459999999999894,65.18,inf,65.744,65.744,65.744
1266,TT1,BESTEFFORT,MISSED,m3-1,60.762,"{'m1-1': 2.031, 'm2-1': 1.604, 'm3-1': 4.194, 'm4-1': 0.707}",0.02880000000000962,65.746,inf,65.762,65.762,65.762
1267,TT2,BESTEFFORT,MISSED,m3-1,60.769,"{'m1-1': 2.464, 'm2-1': 1.655, 'm3-1': 3.954, 'm4-1': 0.997}",0.19259999999999877,65.762,inf,65.869,65.869,65.869
1268,TT3,BESTEFFORT,MISSED,m3-1,60.83,"{'m1-1': 2.095, 'm2-1': 1.741, 'm3-1': 5.785, 'm4-1': 0.903}",0.28980000000000244,65.869,inf,66.03,66.03,66.03
1269,TT1,BESTEFFORT,MISSED,m1-1,60.841,"{'m1-1': 2.433, 'm2-1': 1.869, 'm3-1': 4.536, 'm4-1': 0.719}",0.1744000000000142,65.732,inf,65.84100000000001,65.84100000000001,65.84100000000001
1270,TT4,BESTEFFORT,MISSED,m4-1,60.852,"{'m1-1': 1.959, 'm2-1': 1.81, 'm3-1': 5.045, 'm4-1': 0.757}",0.16200000000000614,65.744,inf,65.852,65.852,65.852
1271,TT4,BESTEFFORT,MISSED,m2-1,60.981,"{'m1-1': 2.44, 'm2-1': 1.786, 'm3-1': 4.771, 'm4-1': 0.824}",0.6209999999999809,65.774,inf,65.981,65.981,65.981
1272,TT3,BESTEFFORT,MISSED,m1-1,61.024,"{'m1-1': 2.211, 'm2-1': 1.693, 'm3-1': 4.577, 'm4-1': 0.958}",0.2928000000000111,66.041,inf,66.224,66.224,66.224
1273,TT4,BESTEFFORT,MISSED,m1-1,61.041,"{'m1-1': 2.146, 'm2-1': 1.826, 'm3-1': 5.103, 'm4-1': 0.779}",0.31999999999998185,65.84100000000001,inf,66.041,66.041,66.041
1274,TT4,BESTEFFORT,MISSED,m4-1,61.113,"{'m1-1': 2.257, 'm2-1': 1.812, 'm3-1': 4.184, 'm4-1': 0.829}",0.3914999999999935,65.852,inf,66.113,66.113,66.113
1275,TT4,BESTEFFORT,MISSED,m2-1,61.114,"{'m1-1': 1.859, 'm2-1': 1.36, 'm3-1': 3.845, 'm4-1': 1.051}",0.39900000000002933,65.981,inf,66.114,66.114,66.114
1276,TT1,BESTEFFORT,MISSED,m4-1,61.179,"{'m1-1': 2.214, 'm2-1': 1.926, 'm3-1': 4.824, 'm4-1': 0.797}",0.09900000000000375,66.113,inf,66.179,66.179,66.179
1277,TT2,BESTEFFORT,MISSED,m1-1,61.193,"{'m1-1': 1.928, 'm2-1': 1.861, 'm3-1': 4.995, 'm4-1': 0.728}",0.11039999999998146,66.224,inf,66.29299999999999,66.29299999999999,66.29299999999999
1278,TT1,BESTEFFORT,MISSED,m2-1,61.269,"{'m1-1': 2.622, 'm2-1': 1.675, 'm3-1': 4.724, 'm4-1': 0.814}",0.4650000000000034,66.114,inf,66.269,66.269,66.269
1279,TT3,BESTEFFORT,MISSED,m3-1,61.286,"{'m1-1': 2.347, 'm2-1': 1.681, 'm3-1': 4.222, 'm4-1': 0.827}",0.8208000000000055,66.03,inf,66.486,66.486,66.486
1280,TT4,BESTEFFORT,MISSED,m4-1,61.298,"{'m1-1': 2.262, 'm2-1': 1.662, 'm3-1': 4.064, 'm4-1': 1.021}",0.17849999999999966,66.179,inf,66.298,66.298,66.298
1281,TT3,BESTEFFORT,MISSED,m1-1,61.407,"{'m1-1': 2.073, 'm2-1': 1.347, 'm3-1': 5.095, 'm4-1': 0.958}",0.5024000000000115,66.29299999999999,inf,66.607,66.607,66.607
1282,TT4,BESTEFFORT,MISSED,m3-1,61.529,"{'m1-1': 2.158, 'm2-1': 1.845, 'm3-1': 3.858, 'm4-1': 0.782}",0.07739999999998588,66.486,inf,66.529,66.529,66.529
1283,TT1,BESTEFFORT,MISSED,m2-1,61.543,"{'m1-1': 2.006, 'm2-1': 1.947, 'm3-1': 5.043, 'm4-1': 0.647}",0.8220000000000027,66.269,inf,66.543,66.543,66.543
1284,TT3,BESTEFFORT,MISSED,m3-1,61.692,"{'m1-1': 2.41, 'm2-1': 1.27, 'm3-1': 5.815, 'm4-1': 0.75}",0.6533999999999992,66.529,inf,66.892,66.892,66.892
1285,TT3,BESTEFFORT,MISSED,m2-1,61.705,"{'m1-1': 1.849, 'm2-1': 1.794, 'm3-1': 5.881, 'm4-1': 0.965}",1.0859999999999843,66.543,inf,66.905,66.905,66.905
1286,TT3,BESTEFFORT,MISSED,m1-1,61.797,"{'m1-1': 2.031, 'm2-1': 1.319, 'm3-1': 4.491, 'm4-1': 0.911}",0.624000000000001,66.607,inf,66.997,66.997,66.997
1287,TT1,BESTEFFORT,MISSED,m4-1,61.834,"{'m1-1': 2.34, 'm2-1': 1.675, 'm3-1': 3.888, 'm4-1': 0.744}",0.804000000000002,66.298,inf,66.834,66.834,66.834
1288,TT2,BESTEFFORT,MISSED,m3-1,61.878,"{'m1-1': 2.132, 'm2-1': 1.702, 'm3-1': 3.954, 'm4-1': 0.856}",0.15479999999999736,66.892,inf,66.978,66.978,66.978
1289,TT2,BESTEFFORT,MISSED,m4-1,61.93,"{'m1-1': 2.428, 'm2-1': 1.565, 'm3-1': 4.658, 'm4-1': 0.784}",0.29399999999999693,66.834,inf,67.03,67.03,67.03
1290,TT2,BESTEFFORT,MISSED,m2-1,61.931,"{'m1-1': 2.624, 'm2-1': 1.567, 'm3-1': 4.079, 'm4-1': 0.956}",0.3779999999999717,66.905,inf,67.03099999999999,67.03099999999999,67.03099999999999
1291,TT2,BESTEFFORT,MISSED,m1-1,61.976,"{'m1-1': 2.57, 'm2-1': 1.914, 'm3-1': 4.366, 'm4-1': 0.926}",0.12639999999998963,66.997,inf,67.076,67.076,67.076
1292,TT3,BESTEFFORT,MISSED,m4-1,62.03,"{'m1-1': 1.9, 'm2-1': 1.767, 'm3-1': 4.781, 'm4-1': 0.966}",0.27600000000001756,67.04599999999999,inf,67.23,67.23,67.23
1293,TT1,BESTEFFORT,MISSED,m4-1,62.046,"{'m1-1': 2.333, 'm2-1': 1.502, 'm3-1': 4.503, 'm4-1': 0.664}",0.0239999999999867,67.03,inf,67.04599999999999,67.04599999999999,67.04599999999999
1294,TT1,BESTEFFORT,MISSED,m2-1,62.084,"{'m1-1': 2.358, 'm2-1': 1.546, 'm3-1': 4.654, 'm4-1': 0.748}",0.15900000000003445,67.03099999999999,inf,67.084,67.084,67.084
1295,TT1,BESTEFFORT,MISSED,m1-1,62.094,"{'m1-1': 2.572, 'm2-1': 1.836, 'm3-1': 4.369, 'm4-1': 0.691}",0.028800000000001092,67.076,inf,67.094,67.094,67.094
1296,TT2,BESTEFFORT,MISSED,m3-1,62.167,"{'m1-1': 2.601, 'm2-1': 1.708, 'm3-1': 4.559, 'm4-1': 0.892}",0.054000000000002046,67.237,inf,67.267,67.267,67.267
1297,TT4,BESTEFFORT,MISSED,m3-1,62.237,"{'m1-1': 2.037, 'm2-1': 1.371, 'm3-1': 4.08, 'm4-1': 0.977}",0.4662000000000006,66.978,inf,67.237,67.237,67.237
1298,TT4,BESTEFFORT,MISSED,m2-1,62.314,"{'m1-1': 2.101, 'm2-1': 1.88, 'm3-1': 4.383, 'm4-1': 0.892}",0.6899999999999693,67.084,inf,67.314,67.314,67.314
1299,TT2,BESTEFFORT,MISSED,m4-1,62.39,"{'m1-1': 1.97, 'm2-1': 1.528, 'm3-1': 4.855, 'm4-1': 0.941}",0.38999999999998636,67.23,inf,67.49,67.49,67.49
1300,TT1,BESTEFFORT,MISSED,m1-1,62.39,"{'m1-1': 2.321, 'm2-1': 1.601, 'm3-1': 4.614, 'm4-1': 0.847}",0.4736000000000104,67.094,inf,67.39,67.39,67.39
1301,TT2,BESTEFFORT,MISSED,m3-1,62.434,"{'m1-1': 2.22, 'm2-1': 2.008, 'm3-1': 4.207, 'm4-1': 0.801}",0.48059999999999264,67.267,inf,67.53399999999999,67.53399999999999,67.53399999999999
1302,TT2,BESTEFFORT,MISSED,m1-1,62.464,"{'m1-1': 1.996, 'm2-1': 1.652, 'm3-1': 4.673, 'm4-1': 0.912}",0.2783999999999878,67.39,inf,67.564,67.564,67.564
1303,TT3,BESTEFFORT,MISSED,m2-1,62.493,"{'m1-1': 1.923, 'm2-1': 1.523, 'm3-1': 5.777, 'm4-1': 0.769}",0.4709999999999894,67.536,inf,67.693,67.693,67.693
1304,TT1,BESTEFFORT,MISSED,m2-1,62.536,"{'m1-1': 2.209, 'm2-1': 1.478, 'm3-1': 4.38, 'm4-1': 0.834}",0.6660000000000252,67.314,inf,67.536,67.536,67.536
1305,TT1,BESTEFFORT,MISSED,m3-1,62.55,"{'m1-1': 2.228, 'm2-1': 1.515, 'm3-1': 4.39, 'm4-1': 0.651}",0.02880000000000962,67.53399999999999,inf,67.55,67.55,67.55
1306,TT2,BESTEFFORT,MISSED,m4-1,62.603,"{'m1-1': 2.35, 'm2-1': 1.688, 'm3-1': 4.622, 'm4-1': 0.868}",0.09450000000000358,67.64,inf,67.703,67.703,67.703
1307,TT1,BESTEFFORT,MISSED,m4-1,62.64,"{'m1-1': 2.069, 'm2-1': 1.73, 'm3-1': 4.998, 'm4-1': 0.861}",0.22500000000000853,67.49,inf,67.64,67.64,67.64
1308,TT3,BESTEFFORT,MISSED,m4-1,62.82,"{'m1-1': 2.331, 'm2-1': 1.417, 'm3-1': 5.778, 'm4-1': 0.875}",0.4754999999999896,67.703,inf,68.02,68.02,68.02
1309,TT1,BESTEFFORT,MISSED,m1-1,62.829,"{'m1-1': 1.876, 'm2-1': 1.528, 'm3-1': 3.845, 'm4-1': 0.76}",0.4240000000000237,67.564,inf,67.82900000000001,67.82900000000001,67.82900000000001
1310,TT3,BESTEFFORT,MISSED,m1-1,62.885,"{'m1-1': 2.434, 'm2-1': 1.444, 'm3-1': 5.146, 'm4-1': 0.764}",0.1119999999999891,68.015,inf,68.085,68.085,68.085
1311,TT4,BESTEFFORT,MISSED,m2-1,62.923,"{'m1-1': 2.406, 'm2-1': 1.366, 'm3-1': 4.409, 'm4-1': 1.019}",0.6900000000000119,67.693,inf,67.923,67.923,67.923
1312,TT1,BESTEFFORT,MISSED,m1-1,63.015,"{'m1-1': 2.54, 'm2-1': 1.622, 'm3-1': 4.083, 'm4-1': 0.829}",0.29759999999998854,67.82900000000001,inf,68.015,68.015,68.015
1313,TT2,BESTEFFORT,MISSED,m4-1,63.024,"{'m1-1': 2.126, 'm2-1': 1.863, 'm3-1': 4.478, 'm4-1': 0.791}",0.1559999999999988,68.02,inf,68.124,68.124,68.124
1314,TT4,BESTEFFORT,MISSED,m3-1,63.028,"{'m1-1': 2.121, 'm2-1': 1.707, 'm3-1': 3.883, 'm4-1': 0.875}",0.86039999999999,67.55,inf,68.02799999999999,68.02799999999999,68.02799999999999
1315,TT2,BESTEFFORT,MISSED,m3-1,63.037,"{'m1-1': 2.644, 'm2-1': 1.852, 'm3-1': 4.815, 'm4-1': 0.744}",0.14939999999999715,68.054,inf,68.137,68.137,68.137
1316,TT4,BESTEFFORT,MISSED,m3-1,63.054,"{'m1-1': 1.744, 'm2-1': 1.759, 'm3-1': 3.981, 'm4-1': 1.062}",0.04680000000001883,68.02799999999999,inf,68.054,68.054,68.054
1317,TT4,BESTEFFORT,MISSED,m2-1,63.073,"{'m1-1': 2.227, 'm2-1': 1.867, 'm3-1': 4.071, 'm4-1': 0.777}",0.45000000000001705,67.923,inf,68.07300000000001,68.07300000000001,68.07300000000001
1318,TT2,BESTEFFORT,MISSED,m3-1,63.091,"{'m1-1': 2.589, 'm2-1': 1.69, 'm3-1': 4.625, 'm4-1': 0.727}",0.09720000000000369,68.137,inf,68.191,68.191,68.191
1319,TT4,BESTEFFORT,MISSED,m2-1,63.162,"{'m1-1': 1.813, 'm2-1': 1.692, 'm3-1': 4.235, 'm4-1': 0.983}",0.2669999999999959,68.07300000000001,inf,68.162,68.162,68.162
1320,TT4,BESTEFFORT,MISSED,m1-1,63.258,"{'m1-1': 2.219, 'm2-1': 1.849, 'm3-1': 4.711, 'm4-1': 1.012}",0.27680000000002564,68.085,inf,68.25800000000001,68.25800000000001,68.25800000000001
1321,TT2,BESTEFFORT,MISSED,m4-1,63.263,"{'m1-1': 2.114, 'm2-1': 1.743, 'm3-1': 4.739, 'm4-1': 0.737}",0.12449999999999761,68.28,inf,68.363,68.363,68.363
1322,TT1,BESTEFFORT,MISSED,m4-1,63.28,"{'m1-1': 2.407, 'm2-1': 1.853, 'm3-1': 4.824, 'm4-1': 0.634}",0.23400000000000887,68.124,inf,68.28,68.28,68.28
1323,TT4,BESTEFFORT,MISSED,m2-1,63.3,"{'m1-1': 1.786, 'm2-1': 1.584, 'm3-1': 4.068, 'm4-1': 0.837}",0.41399999999997306,68.162,inf,68.3,68.3,68.3
1324,TT2,BESTEFFORT,MISSED,m1-1,63.305,"{'m1-1': 2.628, 'm2-1': 1.889, 'm3-1': 4.965, 'm4-1': 0.754}",0.2351999999999862,68.25800000000001,inf,68.405,68.405,68.405
1325,TT1,BESTEFFORT,MISSED,m2-1,63.425,"{'m1-1': 2.163, 'm2-1': 1.621, 'm3-1': 4.019, 'm4-1': 0.853}",0.375,68.3,inf,68.425,68.425,68.425
1326,TT4,BESTEFFORT,MISSED,m1-1,63.572,"{'m1-1': 2.368, 'm2-1': 1.81, 'm3-1': 3.711, 'm4-1': 0.845}",0.26720000000000255,68.405,inf,68.572,68.572,68.572
1327,TT1,BESTEFFORT,MISSED,m4-1,63.608,"{'m1-1': 1.881, 'm2-1': 1.494, 'm3-1': 4.62, 'm4-1': 0.667}",0.3675000000000068,68.363,inf,68.608,68.608,68.608
1328,TT4,BESTEFFORT,MISSED,m3-1,63.617,"{'m1-1': 2.374, 'm2-1': 1.825, 'm3-1': 4.38, 'm4-1': 0.925}",0.7667999999999779,68.191,inf,68.61699999999999,68.61699999999999,68.61699999999999
1329,TT3,BESTEFFORT,MISSED,m1-1,63.627,"{'m1-1': 1.718, 'm2-1': 1.366, 'm3-1': 4.353, 'm4-1': 0.898}",0.40799999999999276,68.572,inf,68.827,68.827,68.827
1330,TT1,BESTEFFORT,MISSED,m3-1,63.714,"{'m1-1': 2.53, 'm2-1': 1.663, 'm3-1': 4.515, 'm4-1': 0.732}",0.17460000000001516,68.61699999999999,inf,68.714,68.714,68.714
1331,TT1,BESTEFFORT,MISSED,m2-1,63.718,"{'m1-1': 2.143, 'm2-1': 1.827, 'm3-1': 4.614, 'm4-1': 0.768}",0.8790000000000191,68.425,inf,68.718,68.718,68.718
1332,TT2,BESTEFFORT,MISSED,m3-1,63.803,"{'m1-1': 1.946, 'm2-1': 1.825, 'm3-1': 4.536, 'm4-1': 0.914}",0.34019999999998735,68.714,inf,68.90299999999999,68.90299999999999,68.90299999999999
1333,TT1,BESTEFFORT,MISSED,m4-1,63.902,"{'m1-1': 2.476, 'm2-1': 1.815, 'm3-1': 4.35, 'm4-1': 0.773}",0.4409999999999954,68.608,inf,68.902,68.902,68.902
1334,TT1,BESTEFFORT,MISSED,m2-1,63.947,"{'m1-1': 2.333, 'm2-1': 1.65, 'm3-1': 4.988, 'm4-1': 0.817}",0.6869999999999976,68.718,inf,68.947,68.947,68.947
1335,TT1,BESTEFFORT,MISSED,m3-1,63.975,"{'m1-1': 2.023, 'm2-1': 1.565, 'm3-1': 4.757, 'm4-1': 0.751}",0.1296000000000049,68.90299999999999,inf,68.975,68.975,68.975
1336,TT1,BESTEFFORT,MISSED,m1-1,63.982,"{'m1-1': 2.381, 'm2-1': 1.8, 'm3-1': 4.92, 'm4-1': 0.844}",0.24800000000000183,68.827,inf,68.982,68.982,68.982
1337,TT3,BESTEFFORT,MISSED,m1-1,64.147,"{'m1-1': 2.101, 'm2-1': 1.47, 'm3-1': 4.247, 'm4-1': 0.806}",0.5840000000000146,68.982,inf,69.34700000000001,69.34700000000001,69.34700000000001
1338,TT4,BESTEFFORT,MISSED,m4-1,64.164,"{'m1-1': 2.249, 'm2-1': 1.836, 'm3-1': 3.804, 'm4-1': 0.955}",0.3930000000000007,68.902,inf,69.164,69.164,69.164
1339,TT2,BESTEFFORT,MISSED,m4-1,64.177,"{'m1-1': 2.129, 'm2-1': 1.735, 'm3-1': 4.345, 'm4-1': 0.98}",0.16949999999999932,69.164,inf,69.277,69.277,69.277
1340,TT3,BESTEFFORT,MISSED,m2-1,64.201,"{'m1-1': 2.355, 'm2-1': 1.571, 'm3-1': 5.574, 'm4-1': 0.868}",0.49799999999999045,69.235,inf,69.401,69.401,69.401
1341,TT4,BESTEFFORT,MISSED,m2-1,64.235,"{'m1-1': 2.291, 'm2-1': 1.602, 'm3-1': 4.85, 'm4-1': 0.806}",0.8639999999999901,68.947,inf,69.235,69.235,69.235
1342,TT2,BESTEFFORT,MISSED,m1-1,64.321,"{'m1-1': 1.875, 'm2-1': 2.064, 'm3-1': 3.653, 'm4-1': 0.815}",0.11839999999997418,69.34700000000001,inf,69.42099999999999,69.42099999999999,69.42099999999999
1343,TT3,BESTEFFORT,MISSED,m3-1,64.358,"{'m1-1': 2.296, 'm2-1': 1.341, 'm3-1': 5.945, 'm4-1': 0.973}",0.0018000000000085949,69.557,inf,69.558,69.558,69.558
1344,TT4,BESTEFFORT,MISSED,m4-1,64.508,"{'m1-1': 1.954, 'm2-1': 1.651, 'm3-1': 3.891, 'm4-1': 0.821}",0.3464999999999918,69.277,inf,69.508,69.508,69.508
1345,TT3,BESTEFFORT,MISSED,m3-1,64.532,"{'m1-1': 2.104, 'm2-1': 1.449, 'm3-1': 4.671, 'm4-1': 0.719}",0.3131999999999863,69.558,inf,69.732,69.732,69.732
1346,TT4,BESTEFFORT,MISSED,m3-1,64.557,"{'m1-1': 2.083, 'm2-1': 1.708, 'm3-1': 5.061, 'm4-1': 0.855}",1.047600000000014,68.975,inf,69.557,69.557,69.557
1347,TT1,BESTEFFORT,MISSED,m2-1,64.564,"{'m1-1': 2.104, 'm2-1': 1.881, 'm3-1': 4.059, 'm4-1': 0.648}",0.4889999999999901,69.401,inf,69.564,69.564,69.564
1348,TT4,BESTEFFORT,MISSED,m1-1,64.607,"{'m1-1': 1.862, 'm2-1': 1.454, 'm3-1': 4.185, 'm4-1': 0.828}",0.2976000000000113,69.42099999999999,inf,69.607,69.607,69.607
1349,TT3,BESTEFFORT,MISSED,m3-1,64.649,"{'m1-1': 1.884, 'm2-1': 1.669, 'm3-1': 5.882, 'm4-1': 0.788}",0.21060000000000798,69.732,inf,69.849,69.849,69.849
1350,TT1,BESTEFFORT,MISSED,m4-1,64.706,"{'m1-1': 1.988, 'm2-1': 1.788, 'm3-1': 3.64, 'm4-1': 0.694}",0.29700000000001125,69.508,inf,69.706,69.706,69.706
1351,TT1,BESTEFFORT,MISSED,m2-1,64.756,"{'m1-1': 1.863, 'm2-1': 1.627, 'm3-1': 4.81, 'm4-1': 0.63}",0.5760000000000218,69.564,inf,69.756,69.756,69.756
1352,TT2,BESTEFFORT,MISSED,m1-1,64.796,"{'m1-1': 2.411, 'm2-1': 1.655, 'm3-1': 3.975, 'm4-1': 0.753}",0.46240000000000236,69.607,inf,69.896,69.896,69.896
1353,TT2,BESTEFFORT,MISSED,m4-1,64.879,"{'m1-1': 2.016, 'm2-1': 1.538, 'm3-1': 4.765, 'm4-1': 1.006}",0.4094999999999942,69.706,inf,69.979,69.979,69.979
1354,TT3,BESTEFFORT,MISSED,m1-1,64.95,"{'m1-1': 1.947, 'm2-1': 1.472, 'm3-1': 5.149, 'm4-1': 0.734}",0.1040000000000191,70.085,inf,70.15,70.15,70.15
1355,TT3,BESTEFFORT,MISSED,m4-1,64.977,"{'m1-1': 2.292, 'm2-1': 1.742, 'm3-1': 5.236, 'm4-1': 0.887}",0.1875,70.052,inf,70.177,70.177,70.177
1356,TT2,BESTEFFORT,MISSED,m1-1,64.985,"{'m1-1': 2.488, 'm2-1': 1.908, 'm3-1': 4.001, 'm4-1': 0.726}",0.30239999999998873,69.896,inf,70.085,70.085,70.085
1357,TT4,BESTEFFORT,MISSED,m2-1,65.024,"{'m1-1': 2.41, 'm2-1': 1.644, 'm3-1': 4.671, 'm4-1': 0.973}",0.804000000000002,69.756,inf,70.024,70.024,70.024
1358,TT1,BESTEFFORT,MISSED,m4-1,65.052,"{'m1-1': 2.258, 'm2-1': 1.579, 'm3-1': 4.046, 'm4-1': 0.858}",0.10950000000001125,69.979,inf,70.052,70.052,70.052
1359,TT1,BESTEFFORT,MISSED,m2-1,65.107,"{'m1-1': 1.961, 'm2-1': 1.711, 'm3-1': 4.562, 'm4-1': 0.8}",0.24899999999999523,70.024,inf,70.107,70.107,70.107
1360,TT2,BESTEFFORT,MISSED,m3-1,65.258,"{'m1-1': 1.907, 'm2-1': 2.084, 'm3-1': 3.626, 'm4-1': 0.833}",0.916199999999975,69.849,inf,70.35799999999999,70.35799999999999,70.35799999999999
1361,TT1,BESTEFFORT,MISSED,m3-1,65.369,"{'m1-1': 2.454, 'm2-1': 1.463, 'm3-1': 3.685, 'm4-1': 0.813}",0.019800000000017803,70.35799999999999,inf,70.369,70.369,70.369
1362,TT1,BESTEFFORT,MISSED,m2-1,65.411,"{'m1-1': 2.319, 'm2-1': 1.445, 'm3-1': 4.936, 'm4-1': 0.819}",0.9120000000000061,70.107,inf,70.411,70.411,70.411
1363,TT4,BESTEFFORT,MISSED,m1-1,65.476,"{'m1-1': 2.317, 'm2-1': 1.498, 'm3-1': 3.779, 'm4-1': 1.04}",0.5215999999999895,70.15,inf,70.476,70.476,70.476
1364,TT1,BESTEFFORT,MISSED,m4-1,65.498,"{'m1-1': 2.602, 'm2-1': 1.696, 'm3-1': 4.3, 'm4-1': 0.764}",0.48149999999999693,70.177,inf,70.498,70.498,70.498
1365,TT4,BESTEFFORT,MISSED,m3-1,65.557,"{'m1-1': 2.156, 'm2-1': 1.382, 'm3-1': 4.966, 'm4-1': 0.795}",0.3384000000000043,70.369,inf,70.557,70.557,70.557
1366,TT3,BESTEFFORT,MISSED,m4-1,65.585,"{'m1-1': 2.365, 'm2-1': 1.693, 'm3-1': 4.623, 'm4-1': 0.918}",0.1109999999999971,70.711,inf,70.785,70.785,70.785
1367,TT4,BESTEFFORT,MISSED,m2-1,65.619,"{'m1-1': 2.228, 'm2-1': 1.697, 'm3-1': 4.815, 'm4-1': 0.844}",0.6239999999999952,70.411,inf,70.619,70.619,70.619
1368,TT4,BESTEFFORT,MISSED,m3-1,65.62,"{'m1-1': 1.911, 'm2-1': 1.541, 'm3-1': 3.969, 'm4-1': 1.022}",0.1134000000000043,70.557,inf,70.62,70.62,70.62
1369,TT4,BESTEFFORT,MISSED,m1-1,65.625,"{'m1-1': 2.113, 'm2-1': 1.654, 'm3-1': 4.996, 'm4-1': 0.985}",0.23840000000000147,70.476,inf,70.625,70.625,70.625
1370,TT2,BESTEFFORT,MISSED,m2-1,65.661,"{'m1-1': 2.246, 'm2-1': 2.069, 'm3-1': 3.731, 'm4-1': 0.84}",0.4259999999999877,70.619,inf,70.761,70.761,70.761
1371,TT1,BESTEFFORT,MISSED,m4-1,65.711,"{'m1-1': 2.285, 'm2-1': 1.689, 'm3-1': 4.216, 'm4-1': 0.832}",0.3194999999999908,70.498,inf,70.711,70.711,70.711
1372,TT2,BESTEFFORT,MISSED,m1-1,65.794,"{'m1-1': 2.334, 'm2-1': 1.622, 'm3-1': 4.04, 'm4-1': 0.983}",0.430399999999986,70.625,inf,70.89399999999999,70.89399999999999,70.89399999999999
1373,TT1,BESTEFFORT,MISSED,m2-1,65.916,"{'m1-1': 2.613, 'm2-1': 1.634, 'm3-1': 5.008, 'm4-1': 0.804}",0.4650000000000034,70.761,inf,70.916,70.916,70.916
1374,TT3,BESTEFFORT,MISSED,m3-1,65.957,"{'m1-1': 2.063, 'm2-1': 1.429, 'm3-1': 5.621, 'm4-1': 0.983}",0.041399999999993047,71.134,inf,71.157,71.157,71.157
1375,TT2,BESTEFFORT,MISSED,m4-1,66.013,"{'m1-1': 2.132, 'm2-1': 2.002, 'm3-1': 3.984, 'm4-1': 0.863}",0.49200000000000443,70.785,inf,71.113,71.113,71.113
1376,TT1,BESTEFFORT,MISSED,m1-1,66.082,"{'m1-1': 2.345, 'm2-1': 1.567, 'm3-1': 4.592, 'm4-1': 0.715}",0.30080000000000384,70.89399999999999,inf,71.082,71.082,71.082
1377,TT1,BESTEFFORT,MISSED,m3-1,66.134,"{'m1-1': 2.526, 'm2-1': 1.607, 'm3-1': 3.676, 'm4-1': 0.757}",0.9251999999999925,70.62,inf,71.134,71.134,71.134
1378,TT1,BESTEFFORT,MISSED,m2-1,66.182,"{'m1-1': 2.591, 'm2-1': 1.622, 'm3-1': 4.705, 'm4-1': 0.752}",0.798000000000016,70.916,inf,71.182,71.182,71.182
1379,TT3,BESTEFFORT,MISSED,m3-1,66.292,"{'m1-1': 2.22, 'm2-1': 1.61, 'm3-1': 5.944, 'm4-1': 0.892}",0.6030000000000143,71.157,inf,71.492,71.492,71.492
1380,TT3,BESTEFFORT,MISSED,m2-1,66.3,"{'m1-1': 2.202, 'm2-1': 1.279, 'm3-1': 5.447, 'm4-1': 0.847}",0.9539999999999935,71.182,inf,71.5,71.5,71.5
1381,TT2,BESTEFFORT,MISSED,m1-1,66.314,"{'m1-1': 2.643, 'm2-1': 1.708, 'm3-1': 3.812, 'm4-1': 0.87}",0.5311999999999898,71.082,inf,71.41399999999999,71.41399999999999,71.41399999999999
1382,TT3,BESTEFFORT,MISSED,m3-1,66.365,"{'m1-1': 1.979, 'm2-1': 1.69, 'm3-1': 4.813, 'm4-1': 0.793}",0.13139999999998794,71.492,inf,71.565,71.565,71.565
1383,TT1,BESTEFFORT,MISSED,m4-1,66.485,"{'m1-1': 1.99, 'm2-1': 1.862, 'm3-1': 4.099, 'm4-1': 0.831}",0.5579999999999998,71.113,inf,71.485,71.485,71.485
1384,TT3,BESTEFFORT,MISSED,m4-1,66.516,"{'m1-1': 2.188, 'm2-1': 1.398, 'm3-1': 5.897, 'm4-1': 0.74}",0.34650000000001313,71.485,inf,71.71600000000001,71.71600000000001,71.71600000000001
1385,TT2,BESTEFFORT,MISSED,m1-1,66.52,"{'m1-1': 1.921, 'm2-1': 1.854, 'm3-1': 4.874, 'm4-1': 0.813}",0.32960000000000494,71.41399999999999,inf,71.61999999999999,71.61999999999999,71.61999999999999
1386,TT3,BESTEFFORT,MISSED,m2-1,66.573,"{'m1-1': 2.431, 'm2-1': 1.275, 'm3-1': 5.423, 'm4-1': 0.78}",0.8189999999999884,71.5,inf,71.773,71.773,71.773
1387,TT2,BESTEFFORT,MISSED,m2-1,66.807,"{'m1-1': 2.401, 'm2-1': 2.14, 'm3-1': 3.973, 'm4-1': 0.844}",0.402000000000001,71.773,inf,71.907,71.907,71.907
1388,TT4,BESTEFFORT,MISSED,m4-1,66.817,"{'m1-1': 2.136, 'm2-1': 1.565, 'm3-1': 5.104, 'm4-1': 0.865}",0.15149999999997732,71.71600000000001,inf,71.817,71.817,71.817
1389,TT1,BESTEFFORT,MISSED,m1-1,66.885,"{'m1-1': 1.905, 'm2-1': 1.654, 'm3-1': 3.698, 'm4-1': 0.764}",0.4240000000000237,71.61999999999999,inf,71.885,71.885,71.885
1390,TT4,BESTEFFORT,MISSED,m1-1,66.923,"{'m1-1': 2.327, 'm2-1': 1.615, 'm3-1': 4.9, 'm4-1': 0.828}",0.060799999999994726,71.885,inf,71.923,71.923,71.923
1391,TT2,BESTEFFORT,MISSED,m4-1,66.954,"{'m1-1': 2.075, 'm2-1': 1.776, 'm3-1': 4.578, 'm4-1': 0.997}",0.35549999999999216,71.817,inf,72.05399999999999,72.05399999999999,72.05399999999999
1392,TT2,BESTEFFORT,MISSED,m3-1,67.115,"{'m1-1': 2.377, 'm2-1': 1.881, 'm3-1': 3.782, 'm4-1': 0.89}",0.02879999999998404,72.199,inf,72.21499999999999,72.21499999999999,72.21499999999999
1393,TT1,BESTEFFORT,MISSED,m3-1,67.199,"{'m1-1': 2.143, 'm2-1': 1.475, 'm3-1': 5.086, 'm4-1': 0.847}",1.1412000000000007,71.565,inf,72.199,72.199,72.199
1394,TT3,BESTEFFORT,MISSED,m4-1,67.206,"{'m1-1': 2.378, 'm2-1': 1.357, 'm3-1': 5.62, 'm4-1': 0.844}",0.5280000000000271,72.05399999999999,inf,72.406,72.406,72.406
1395,TT3,BESTEFFORT,MISSED,m3-1,67.221,"{'m1-1': 2.15, 'm2-1': 1.511, 'm3-1': 5.865, 'm4-1': 0.782}",0.3708000000000311,72.21499999999999,inf,72.421,72.421,72.421
1396,TT2,BESTEFFORT,MISSED,m2-1,67.231,"{'m1-1': 2.166, 'm2-1': 1.811, 'm3-1': 4.884, 'm4-1': 0.997}",1.2719999999999771,71.907,inf,72.33099999999999,72.33099999999999,72.33099999999999
1397,TT3,BESTEFFORT,MISSED,m1-1,67.353,"{'m1-1': 1.734, 'm2-1': 1.63, 'm3-1': 4.704, 'm4-1': 0.856}",0.30560000000000404,72.362,inf,72.553,72.553,72.553
1398,TT3,BESTEFFORT,MISSED,m4-1,67.355,"{'m1-1': 2.053, 'm2-1': 1.491, 'm3-1': 4.745, 'm4-1': 0.811}",0.22350000000000136,72.406,inf,72.555,72.555,72.555
1399,TT4,BESTEFFORT,MISSED,m1-1,67.362,"{'m1-1': 1.85, 'm2-1': 1.688, 'm3-1': 4.736, 'm4-1': 0.884}",0.7023999999999888,71.923,inf,72.362,72.362,72.362
1400,TT3,BESTEFFORT,MISSED,m1-1,67.425,"{'m1-1': 1.918, 'm2-1': 1.682, 'm3-1': 5.484, 'm4-1': 0.764}",0.11520000000000437,72.553,inf,72.625,72.625,72.625
1401,TT4,BESTEFFORT,MISSED,m2-1,67.487,"{'m1-1': 2.187, 'm2-1': 1.353, 'm3-1': 3.826, 'm4-1': 0.761}",0.46800000000001774,72.33099999999999,inf,72.487,72.487,72.487
1402,TT2,BESTEFFORT,MISSED,m4-1,67.515,"{'m1-1': 1.886, 'm2-1': 1.913, 'm3-1': 4.855, 'm4-1': 0.954}",0.0899999999999821,72.555,inf,72.615,72.615,72.615
1403,TT1,BESTEFFORT,MISSED,m3-1,67.523,"{'m1-1': 2.074, 'm2-1': 1.462, 'm3-1': 4.013, 'm4-1': 0.626}",0.1835999999999814,72.421,inf,72.523,72.523,72.523
1404,TT4,BESTEFFORT,MISSED,m2-1,67.597,"{'m1-1': 1.793, 'm2-1': 1.786, 'm3-1': 3.645, 'm4-1': 0.941}",0.3299999999999983,72.487,inf,72.597,72.597,72.597
1405,TT3,BESTEFFORT,MISSED,m3-1,67.623,"{'m1-1': 1.937, 'm2-1': 1.378, 'm3-1': 4.972, 'm4-1': 0.866}",0.09540000000002068,72.77,inf,72.82300000000001,72.82300000000001,72.82300000000001
1406,TT3,BESTEFFORT,MISSED,m2-1,67.63,"{'m1-1': 1.953, 'm2-1': 1.374, 'm3-1': 4.964, 'm4-1': 0.958}",0.31799999999998363,72.724,inf,72.83,72.83,72.83
1407,TT2,BESTEFFORT,MISSED,m3-1,67.67,"{'m1-1': 2.259, 'm2-1': 1.864, 'm3-1': 4.933, 'm4-1': 0.932}",0.44459999999999983,72.523,inf,72.77,72.77,72.77
1408,TT1,BESTEFFORT,MISSED,m2-1,67.724,"{'m1-1': 1.886, 'm2-1': 1.456, 'm3-1': 4.13, 'm4-1': 0.753}",0.38100000000002865,72.597,inf,72.724,72.724,72.724
1409,TT4,BESTEFFORT,MISSED,m1-1,67.74,"{'m1-1': 2.383, 'm2-1': 1.759, 'm3-1': 4.664, 'm4-1': 0.835}",0.18399999999999184,72.625,inf,72.74,72.74,72.74
1410,TT1,BESTEFFORT,MISSED,m4-1,67.766,"{'m1-1': 2.405, 'm2-1': 1.92, 'm3-1': 4.88, 'm4-1': 0.796}",0.2265000000000157,72.615,inf,72.766,72.766,72.766
1411,TT4,BESTEFFORT,MISSED,m1-1,67.842,"{'m1-1': 2.4, 'm2-1': 1.726, 'm3-1': 4.463, 'm4-1': 0.789}",0.1632000000000062,72.74,inf,72.842,72.842,72.842
1412,TT1,BESTEFFORT,MISSED,m4-1,67.875,"{'m1-1': 2.346, 'm2-1': 1.588, 'm3-1': 3.904, 'm4-1': 0.789}",0.16349999999999199,72.766,inf,72.875,72.875,72.875
1413,TT4,BESTEFFORT,MISSED,m3-1,67.937,"{'m1-1': 1.869, 'm2-1': 1.659, 'm3-1': 4.825, 'm4-1': 0.974}",0.2051999999999822,72.82300000000001,inf,72.937,72.937,72.937
1414,TT1,BESTEFFORT,MISSED,m2-1,67.971,"{'m1-1': 2.363, 'm2-1': 1.92, 'm3-1': 4.699, 'm4-1': 0.806}",0.42300000000001603,72.83,inf,72.971,72.971,72.971
1415,TT3,BESTEFFORT,MISSED,m4-1,67.989,"{'m1-1': 1.96, 'm2-1': 1.6, 'm3-1': 5.954, 'm4-1': 0.978}",0.05700000000001637,73.151,inf,73.18900000000001,73.18900000000001,73.18900000000001
1416,TT2,BESTEFFORT,MISSED,m2-1,68.063,"{'m1-1': 2.509, 'm2-1': 1.728, 'm3-1': 3.642, 'm4-1': 0.936}",0.5759999999999792,72.971,inf,73.163,73.163,73.163
1417,TT4,BESTEFFORT,MISSED,m3-1,68.083,"{'m1-1': 2.044, 'm2-1': 1.745, 'm3-1': 3.741, 'm4-1': 0.958}",0.2628000000000014,72.937,inf,73.083,73.083,73.083
1418,TT4,BESTEFFORT,MISSED,m1-1,68.084,"{'m1-1': 2.033, 'm2-1': 1.697, 'm3-1': 3.752, 'm4-1': 0.855}",0.3872000000000071,72.842,inf,73.084,73.084,73.084
1419,TT1,BESTEFFORT,MISSED,m4-1,68.151,"{'m1-1': 2.174, 'm2-1': 1.473, 'm3-1': 4.325, 'm4-1': 0.678}",0.4139999999999944,72.875,inf,73.151,73.151,73.151
1420,TT3,BESTEFFORT,MISSED,m1-1,68.159,"{'m1-1': 2.152, 'm2-1': 1.584, 'm3-1': 5.173, 'm4-1': 0.767}",0.20800000000001548,73.229,inf,73.35900000000001,73.35900000000001,73.35900000000001
1421,TT1,BESTEFFORT,MISSED,m1-1,68.229,"{'m1-1': 2.467, 'm2-1': 1.74, 'm3-1': 4.013, 'm4-1': 0.762}",0.23199999999999366,73.084,inf,73.229,73.229,73.229
1422,TT4,BESTEFFORT,MISSED,m2-1,68.273,"{'m1-1': 1.844, 'm2-1': 1.737, 'm3-1': 4.648, 'm4-1': 1.042}",0.3299999999999983,73.163,inf,73.273,73.273,73.273
1423,TT4,BESTEFFORT,MISSED,m4-1,68.369,"{'m1-1': 1.798, 'm2-1': 1.562, 'm3-1': 4.976, 'm4-1': 1.068}",0.2699999999999889,73.18900000000001,inf,73.369,73.369,73.369
1424,TT1,BESTEFFORT,MISSED,m3-1,68.396,"{'m1-1': 2.314, 'm2-1': 1.647, 'm3-1': 4.923, 'm4-1': 0.752}",0.5634000000000043,73.083,inf,73.396,73.396,73.396
1425,TT1,BESTEFFORT,MISSED,m3-1,68.397,"{'m1-1': 2.402, 'm2-1': 1.528, 'm3-1': 4.343, 'm4-1': 0.652}",0.0018000000000085949,73.396,inf,73.397,73.397,73.397
1426,TT1,BESTEFFORT,MISSED,m2-1,68.49,"{'m1-1': 1.979, 'm2-1': 1.513, 'm3-1': 4.042, 'm4-1': 0.748}",0.6509999999999962,73.273,inf,73.49,73.49,73.49
1427,TT4,BESTEFFORT,MISSED,m1-1,68.505,"{'m1-1': 2.111, 'm2-1': 1.354, 'm3-1': 3.919, 'm4-1': 1.012}",0.23359999999997855,73.35900000000001,inf,73.505,73.505,73.505
1428,TT2,BESTEFFORT,MISSED,m4-1,68.535,"{'m1-1': 2.298, 'm2-1': 2.02, 'm3-1': 3.831, 'm4-1': 0.76}",0.3989999999999867,73.369,inf,73.63499999999999,73.63499999999999,73.63499999999999
1429,TT2,BESTEFFORT,MISSED,m3-1,68.54,"{'m1-1': 2.497, 'm2-1': 1.832, 'm3-1': 4.95, 'm4-1': 0.954}",0.437399999999991,73.397,inf,73.64,73.64,73.64
1430,TT4,BESTEFFORT,MISSED,m2-1,68.652,"{'m1-1': 2.081, 'm2-1': 1.823, 'm3-1': 4.691, 'm4-1': 0.963}",0.4860000000000184,73.49,inf,73.652,73.652,73.652
1431,TT3,BESTEFFORT,MISSED,m1-1,68.713,"{'m1-1': 1.805, 'm2-1': 1.78, 'm3-1': 5.079, 'm4-1': 0.731}",0.1344000000000051,73.829,inf,73.913,73.913,73.913
1432,TT2,BESTEFFORT,MISSED,m2-1,68.765,"{'m1-1': 2.635, 'm2-1': 1.852, 'm3-1': 4.685, 'm4-1': 0.747}",0.6389999999999816,73.652,inf,73.865,73.865,73.865
1433,TT1,BESTEFFORT,MISSED,m3-1,68.79,"{'m1-1': 2.446, 'm2-1': 1.916, 'm3-1': 4.81, 'm4-1': 0.755}",0.27000000000001023,73.64,inf,73.79,73.79,73.79
1434,TT1,BESTEFFORT,MISSED,m1-1,68.829,"{'m1-1': 2.104, 'm2-1': 1.656, 'm3-1': 4.052, 'm4-1': 0.844}",0.518399999999997,73.505,inf,73.829,73.829,73.829
1435,TT4,BESTEFFORT,MISSED,m4-1,68.836,"{'m1-1': 2.176, 'm2-1': 1.891, 'm3-1': 4.487, 'm4-1': 0.908}",0.3015000000000114,73.63499999999999,inf,73.836,73.836,73.836
1436,TT4,BESTEFFORT,MISSED,m4-1,68.893,"{'m1-1': 2.073, 'm2-1': 1.502, 'm3-1': 4.803, 'm4-1': 0.893}",0.08550000000000324,73.836,inf,73.893,73.893,73.893
1437,TT2,BESTEFFORT,MISSED,m2-1,68.899,"{'m1-1': 2.498, 'm2-1': 1.76, 'm3-1': 3.636, 'm4-1': 0.722}",0.402000000000001,73.865,inf,73.999,73.999,73.999
1438,TT2,BESTEFFORT,MISSED,m1-1,68.911,"{'m1-1': 2.434, 'm2-1': 2.108, 'm3-1': 4.315, 'm4-1': 0.897}",0.15679999999999839,73.913,inf,74.011,74.011,74.011
1439,TT3,BESTEFFORT,MISSED,m3-1,68.944,"{'m1-1': 2.38, 'm2-1': 1.275, 'm3-1': 4.243, 'm4-1': 0.741}",0.6371999999999985,73.79,inf,74.144,74.144,74.144
1440,TT1,BESTEFFORT,MISSED,m4-1,69.074,"{'m1-1': 2.482, 'm2-1': 1.836, 'm3-1': 4.783, 'm4-1': 0.667}",0.2714999999999961,73.893,inf,74.074,74.074,74.074
1441,TT4,BESTEFFORT,MISSED,m3-1,69.17,"{'m1-1': 2.383, 'm2-1': 1.408, 'm3-1': 4.342, 'm4-1': 0.95}",0.04679999999999325,74.144,inf,74.17,74.17,74.17
1442,TT2,BESTEFFORT,MISSED,m1-1,69.179,"{'m1-1': 2.023, 'm2-1': 1.705, 'm3-1': 4.118, 'm4-1': 0.876}",0.4288000000000011,74.011,inf,74.279,74.279,74.279
1443,TT4,BESTEFFORT,MISSED,m2-1,69.265,"{'m1-1': 1.926, 'm2-1': 1.803, 'm3-1': 4.957, 'm4-1': 1.052}",0.798000000000016,73.999,inf,74.265,74.265,74.265
1444,TT2,BESTEFFORT,MISSED,m4-1,69.37,"{'m1-1': 2.276, 'm2-1': 1.617, 'm3-1': 5.078, 'm4-1': 0.907}",0.5940000000000012,74.074,inf,74.47,74.47,74.47
1445,TT2,BESTEFFORT,MISSED,m2-1,69.5,"{'m1-1': 2.341, 'm2-1': 2.113, 'm3-1': 5.099, 'm4-1': 0.855}",1.0049999999999812,74.265,inf,74.6,74.6,74.6
1446,TT2,BESTEFFORT,MISSED,m3-1,69.5,"{'m1-1': 2.071, 'm2-1': 1.838, 'm3-1': 4.622, 'm4-1': 0.903}",0.06839999999999406,74.562,inf,74.6,74.6,74.6
1447,TT2,BESTEFFORT,MISSED,m1-1,69.537,"{'m1-1': 2.253, 'm2-1': 2.122, 'm3-1': 3.71, 'm4-1': 0.726}",0.5728000000000065,74.279,inf,74.637,74.637,74.637
1448,TT2,BESTEFFORT,MISSED,m4-1,69.555,"{'m1-1': 2.4, 'm2-1': 1.671, 'm3-1': 3.852, 'm4-1': 0.852}",0.2775000000000034,74.47,inf,74.655,74.655,74.655
1449,TT4,BESTEFFORT,MISSED,m3-1,69.562,"{'m1-1': 2.271, 'm2-1': 1.437, 'm3-1': 3.874, 'm4-1': 0.759}",0.7055999999999927,74.17,inf,74.562,74.562,74.562
1450,TT4,BESTEFFORT,MISSED,m2-1,69.656,"{'m1-1': 1.954, 'm2-1': 1.54, 'm3-1': 4.168, 'm4-1': 0.799}",0.1680000000000348,74.6,inf,74.656,74.656,74.656
1451,TT2,BESTEFFORT,MISSED,m2-1,69.732,"{'m1-1': 1.918, 'm2-1': 1.669, 'm3-1': 4.269, 'm4-1': 0.892}",0.5279999999999632,74.656,inf,74.832,74.832,74.832
1452,TT2,BESTEFFORT,MISSED,m1-1,69.754,"{'m1-1': 2.014, 'm2-1': 1.715, 'm3-1': 3.7, 'm4-1': 0.758}",0.060799999999994726,74.816,inf,74.854,74.854,74.854
1453,TT4,BESTEFFORT,MISSED,m4-1,69.81,"{'m1-1': 2.302, 'm2-1': 1.453, 'm3-1': 4.286, 'm4-1': 1.038}",0.2325000000000017,74.655,inf,74.81,74.81,74.81
1454,TT1,BESTEFFORT,MISSED,m1-1,69.816,"{'m1-1': 2.528, 'm2-1': 1.589, 'm3-1': 4.07, 'm4-1': 0.689}",0.28640000000000326,74.637,inf,74.816,74.816,74.816
1455,TT3,BESTEFFORT,MISSED,m3-1,69.867,"{'m1-1': 2.431, 'm2-1': 1.348, 'm3-1': 4.66, 'm4-1': 0.925}",0.8406000000000233,74.6,inf,75.06700000000001,75.06700000000001,75.06700000000001
1456,TT4,BESTEFFORT,MISSED,m4-1,69.965,"{'m1-1': 2.102, 'm2-1': 1.701, 'm3-1': 3.722, 'm4-1': 0.972}",0.2325000000000017,74.81,inf,74.965,74.965,74.965
1457,TT2,BESTEFFORT,MISSED,m2-1,70.177,"{'m1-1': 2.063, 'm2-1': 2.005, 'm3-1': 5.1, 'm4-1': 0.732}",1.3350000000000222,74.832,inf,75.277,75.277,75.277
1458,TT2,BESTEFFORT,MISSED,m1-1,70.181,"{'m1-1': 2.466, 'm2-1': 2.032, 'm3-1': 3.823, 'm4-1': 0.746}",0.683199999999988,74.854,inf,75.28099999999999,75.28099999999999,75.28099999999999
1459,TT3,BESTEFFORT,MISSED,m2-1,70.249,"{'m1-1': 1.875, 'm2-1': 1.628, 'm3-1': 4.907, 'm4-1': 0.721}",0.5159999999999911,75.277,inf,75.449,75.449,75.449
1460,TT1,BESTEFFORT,MISSED,m3-1,70.262,"{'m1-1': 1.902, 'm2-1': 1.895, 'm3-1': 4.121, 'm4-1': 0.755}",0.3509999999999877,75.06700000000001,inf,75.262,75.262,75.262
1461,TT1,BESTEFFORT,MISSED,m4-1,70.379,"{'m1-1': 2.569, 'm2-1': 1.907, 'm3-1': 3.841, 'm4-1': 0.823}",0.6210000000000022,74.965,inf,75.379,75.379,75.379
1462,TT4,BESTEFFORT,MISSED,m3-1,70.426,"{'m1-1': 1.804, 'm2-1': 1.446, 'm3-1': 4.96, 'm4-1': 0.972}",0.2952000000000027,75.262,inf,75.426,75.426,75.426
1463,TT2,BESTEFFORT,MISSED,m3-1,70.661,"{'m1-1': 1.997, 'm2-1': 1.726, 'm3-1': 4.769, 'm4-1': 0.815}",0.6029999999999888,75.426,inf,75.761,75.761,75.761
1464,TT3,BESTEFFORT,MISSED,m1-1,70.676,"{'m1-1': 2.347, 'm2-1': 1.556, 'm3-1': 4.575, 'm4-1': 0.737}",0.9520000000000209,75.28099999999999,inf,75.876,75.876,75.876
1465,TT3,BESTEFFORT,MISSED,m1-1,70.831,"{'m1-1': 2.257, 'm2-1': 1.406, 'm3-1': 4.507, 'm4-1': 0.815}",0.03200000000001637,76.011,inf,76.031,76.031,76.031
1466,TT2,BESTEFFORT,MISSED,m1-1,70.911,"{'m1-1': 2.589, 'm2-1': 1.753, 'm3-1': 4.345, 'm4-1': 0.944}",0.21599999999998545,75.876,inf,76.011,76.011,76.011
1467,TT1,BESTEFFORT,MISSED,m4-1,70.915,"{'m1-1': 2.19, 'm2-1': 1.737, 'm3-1': 5.1, 'm4-1': 0.843}",0.804000000000002,75.379,inf,75.915,75.915,75.915
1468,TT4,BESTEFFORT,MISSED,m2-1,70.972,"{'m1-1': 2.195, 'm2-1': 1.524, 'm3-1': 4.11, 'm4-1': 0.851}",1.5689999999999884,75.449,inf,75.972,75.972,75.972
1469,TT1,BESTEFFORT,MISSED,m4-1,70.994,"{'m1-1': 1.972, 'm2-1': 1.972, 'm3-1': 3.626, 'm4-1': 0.691}",0.11849999999999028,75.915,inf,75.994,75.994,75.994
1470,TT4,BESTEFFORT,MISSED,m2-1,71.026,"{'m1-1': 2.207, 'm2-1': 1.851, 'm3-1': 4.587, 'm4-1': 1.023}",0.16200000000000614,75.972,inf,76.026,76.026,76.026
1471,TT4,BESTEFFORT,MISSED,m4-1,71.038,"{'m1-1': 1.918, 'm2-1': 1.654, 'm3-1': 3.926, 'm4-1': 0.861}",0.0659999999999954,75.994,inf,76.038,76.038,76.038
1472,TT4,BESTEFFORT,MISSED,m3-1,71.059,"{'m1-1': 1.784, 'm2-1': 1.75, 'm3-1': 4.604, 'm4-1': 0.906}",0.5364000000000033,75.761,inf,76.059,76.059,76.059
1473,TT3,BESTEFFORT,MISSED,m2-1,71.075,"{'m1-1': 2.01, 'm2-1': 1.515, 'm3-1': 5.014, 'm4-1': 0.784}",0.7470000000000283,76.026,inf,76.275,76.275,76.275
1474,TT1,BESTEFFORT,MISSED,m3-1,71.128,"{'m1-1': 2.211, 'm2-1': 1.784, 'm3-1': 4.118, 'm4-1': 0.738}",0.12420000000000471,76.059,inf,76.128,76.128,76.128
1475,TT2,BESTEFFORT,MISSED,m1-1,71.176,"{'m1-1': 2.542, 'm2-1': 1.578, 'm3-1': 4.119, 'm4-1': 0.99}",0.3919999999999846,76.031,inf,76.276,76.276,76.276
1476,TT3,BESTEFFORT,MISSED,m3-1,71.181,"{'m1-1': 2.087, 'm2-1': 1.357, 'm3-1': 4.305, 'm4-1': 0.831}",0.4554000000000002,76.128,inf,76.381,76.381,76.381
1477,TT3,BESTEFFORT,MISSED,m2-1,71.258,"{'m1-1': 1.875, 'm2-1': 1.343, 'm3-1': 5.673, 'm4-1': 0.974}",0.12300000000003308,76.41699999999999,inf,76.458,76.458,76.458
1478,TT3,BESTEFFORT,MISSED,m4-1,71.317,"{'m1-1': 2.381, 'm2-1': 1.323, 'm3-1': 4.682, 'm4-1': 0.788}",0.09299999999999642,76.455,inf,76.517,76.517,76.517
1479,TT2,BESTEFFORT,MISSED,m2-1,71.317,"{'m1-1': 2.505, 'm2-1': 1.788, 'm3-1': 4.24, 'm4-1': 0.745}",0.4259999999999451,76.275,inf,76.41699999999999,76.41699999999999,76.41699999999999
1480,TT1,BESTEFFORT,MISSED,m4-1,71.344,"{'m1-1': 1.909, 'm2-1': 1.857, 'm3-1': 4.915, 'm4-1': 0.815}",0.4589999999999961,76.038,inf,76.344,76.344,76.344
1481,TT2,BESTEFFORT,MISSED,m1-1,71.355,"{'m1-1': 2.332, 'm2-1': 1.819, 'm3-1': 4.229, 'm4-1': 0.998}",0.28640000000000326,76.276,inf,76.455,76.455,76.455
1482,TT4,BESTEFFORT,MISSED,m3-1,71.425,"{'m1-1': 2.304, 'm2-1': 1.768, 'm3-1': 3.907, 'm4-1': 1.055}",0.07919999999999448,76.381,inf,76.425,76.425,76.425
1483,TT1,BESTEFFORT,MISSED,m4-1,71.455,"{'m1-1': 2.183, 'm2-1': 1.9, 'm3-1': 4.506, 'm4-1': 0.668}",0.1665000000000063,76.344,inf,76.455,76.455,76.455
1484,TT2,BESTEFFORT,MISSED,m2-1,71.471,"{'m1-1': 2.197, 'm2-1': 1.541, 'm3-1': 3.831, 'm4-1': 0.766}",0.33899999999999864,76.458,inf,76.571,76.571,76.571
1485,TT2,BESTEFFORT,MISSED,m1-1,71.544,"{'m1-1': 2.586, 'm2-1': 2.078, 'm3-1': 4.102, 'm4-1': 1.014}",0.13919999999998253,76.557,inf,76.64399999999999,76.64399999999999,76.64399999999999
1486,TT1,BESTEFFORT,MISSED,m1-1,71.557,"{'m1-1': 2.613, 'm2-1': 1.927, 'm3-1': 4.225, 'm4-1': 0.633}",0.1632000000000062,76.455,inf,76.557,76.557,76.557
1487,TT2,BESTEFFORT,MISSED,m4-1,71.591,"{'m1-1': 2.565, 'm2-1': 1.899, 'm3-1': 3.922, 'm4-1': 0.92}",0.2609999999999886,76.517,inf,76.69099999999999,76.69099999999999,76.69099999999999
1488,TT3,BESTEFFORT,MISSED,m3-1,71.66,"{'m1-1': 2.016, 'm2-1': 1.666, 'm3-1': 4.596, 'm4-1': 0.792}",0.7830000000000041,76.425,inf,76.86,76.86,76.86
1489,TT2,BESTEFFORT,MISSED,m2-1,71.849,"{'m1-1': 2.417, 'm2-1': 1.872, 'm3-1': 4.304, 'm4-1': 0.763}",1.1340000000000003,76.571,inf,76.949,76.949,76.949
1490,TT2,BESTEFFORT,MISSED,m1-1,71.867,"{'m1-1': 2.371, 'm2-1': 1.906, 'm3-1': 4.948, 'm4-1': 0.759}",0.516800000000012,76.64399999999999,inf,76.967,76.967,76.967
1491,TT3,BESTEFFORT,MISSED,m3-1,71.909,"{'m1-1': 2.331, 'm2-1': 1.397, 'm3-1': 4.243, 'm4-1': 0.865}",0.2430000000000092,76.974,inf,77.10900000000001,77.10900000000001,77.10900000000001
1492,TT4,BESTEFFORT,MISSED,m3-1,71.912,"{'m1-1': 2.406, 'm2-1': 1.597, 'm3-1': 3.799, 'm4-1': 0.939}",0.09360000000001208,76.86,inf,76.912,76.912,76.912
1493,TT4,BESTEFFORT,MISSED,m4-1,71.97,"{'m1-1': 2.358, 'm2-1': 1.617, 'm3-1': 4.602, 'm4-1': 1.013}",0.41850000000001586,76.69099999999999,inf,76.97,76.97,76.97
1494,TT3,BESTEFFORT,MISSED,m1-1,71.972,"{'m1-1': 1.882, 'm2-1': 1.561, 'm3-1': 4.416, 'm4-1': 0.828}",0.3279999999999973,76.967,inf,77.172,77.172,77.172
1495,TT1,BESTEFFORT,MISSED,m3-1,71.974,"{'m1-1': 2.405, 'm2-1': 1.626, 'm3-1': 4.395, 'm4-1': 0.631}",0.1115999999999957,76.912,inf,76.974,76.974,76.974
1496,TT3,BESTEFFORT,MISSED,m4-1,72.023,"{'m1-1': 1.918, 'm2-1': 1.784, 'm3-1': 5.411, 'm4-1': 0.867}",0.37950000000000017,76.97,inf,77.223,77.223,77.223
1497,TT1,BESTEFFORT,MISSED,m2-1,72.045,"{'m1-1': 1.979, 'm2-1': 1.957, 'm3-1': 3.785, 'm4-1': 0.623}",0.2880000000000109,76.949,inf,77.045,77.045,77.045
1498,TT3,BESTEFFORT,MISSED,m1-1,72.207,"{'m1-1': 1.801, 'm2-1': 1.388, 'm3-1': 4.395, 'm4-1': 0.784}",0.3759999999999991,77.172,inf,77.407,77.407,77.407
1499,TT4,BESTEFFORT,MISSED,m2-1,72.276,"{'m1-1': 2.156, 'm2-1': 1.687, 'm3-1': 4.732, 'm4-1': 1.032}",0.6929999999999836,77.045,inf,77.276,77.276,77.276
1500,TT3,BESTEFFORT,MISSED,m4-1,72.3,"{'m1-1': 2.391, 'm2-1': 1.565, 'm3-1': 5.682, 'm4-1': 0.855}",0.2804999999999964,77.313,inf,77.5,77.5,77.5
1501,TT4,BESTEFFORT,MISSED,m4-1,72.313,"{'m1-1': 2.227, 'm2-1': 1.887, 'm3-1': 4.838, 'm4-1': 1.021}",0.13500000000000512,77.223,inf,77.313,77.313,77.313
1502,TT2,BESTEFFORT,MISSED,m3-1,72.419,"{'m1-1': 2.466, 'm2-1': 1.658, 'm3-1': 3.731, 'm4-1': 0.77}",0.7379999999999683,77.10900000000001,inf,77.51899999999999,77.51899999999999,77.51899999999999
1503,TT1,BESTEFFORT,MISSED,m2-1,72.451,"{'m1-1': 2.116, 'm2-1': 1.771, 'm3-1': 4.564, 'm4-1': 0.688}",0.5249999999999915,77.276,inf,77.451,77.451,77.451
1504,TT4,BESTEFFORT,MISSED,m1-1,72.463,"{'m1-1': 2.355, 'm2-1': 1.532, 'm3-1': 4.551, 'm4-1': 0.782}",0.08959999999999582,77.407,inf,77.463,77.463,77.463
1505,TT2,BESTEFFORT,MISSED,m1-1,72.493,"{'m1-1': 2.495, 'm2-1': 1.858, 'm3-1': 3.67, 'm4-1': 0.901}",0.20799999999999275,77.463,inf,77.59299999999999,77.59299999999999,77.59299999999999
1506,TT1,BESTEFFORT,MISSED,m3-1,72.53,"{'m1-1': 2.119, 'm2-1': 1.444, 'm3-1': 4.76, 'm4-1': 0.695}",0.019800000000017803,77.51899999999999,inf,77.53,77.53,77.53
1507,TT1,BESTEFFORT,MISSED,m2-1,72.545,"{'m1-1': 2.099, 'm2-1': 1.803, 'm3-1': 4.175, 'm4-1': 0.849}",0.2820000000000249,77.451,inf,77.545,77.545,77.545
1508,TT2,BESTEFFORT,MISSED,m1-1,72.645,"{'m1-1': 2.044, 'm2-1': 1.65, 'm3-1': 5.046, 'm4-1': 0.722}",0.24320000000000164,77.59299999999999,inf,77.74499999999999,77.74499999999999,77.74499999999999
1509,TT1,BESTEFFORT,MISSED,m4-1,72.677,"{'m1-1': 2.197, 'm2-1': 1.766, 'm3-1': 3.609, 'm4-1': 0.618}",0.26550000000001006,77.5,inf,77.677,77.677,77.677
1510,TT4,BESTEFFORT,MISSED,m3-1,72.68,"{'m1-1': 2.045, 'm2-1': 1.405, 'm3-1': 3.717, 'm4-1': 0.941}",0.27000000000001023,77.53,inf,77.68,77.68,77.68
1511,TT1,BESTEFFORT,MISSED,m2-1,72.686,"{'m1-1': 2.286, 'm2-1': 1.65, 'm3-1': 3.98, 'm4-1': 0.781}",0.42300000000001603,77.545,inf,77.686,77.686,77.686
1512,TT1,BESTEFFORT,MISSED,m3-1,72.695,"{'m1-1': 2.522, 'm2-1': 1.601, 'm3-1': 3.944, 'm4-1': 0.64}",0.026999999999975443,77.68,inf,77.695,77.695,77.695
1513,TT2,BESTEFFORT,MISSED,m4-1,72.713,"{'m1-1': 2.416, 'm2-1': 1.525, 'm3-1': 4.1, 'm4-1': 1.006}",0.2039999999999722,77.677,inf,77.81299999999999,77.81299999999999,77.81299999999999
1514,TT3,BESTEFFORT,MISSED,m1-1,72.775,"{'m1-1': 2.147, 'm2-1': 1.601, 'm3-1': 5.168, 'm4-1': 0.938}",0.36800000000002914,77.74499999999999,inf,77.97500000000001,77.97500000000001,77.97500000000001
1515,TT2,BESTEFFORT,MISSED,m4-1,72.776,"{'m1-1': 1.973, 'm2-1': 1.797, 'm3-1': 3.633, 'm4-1': 0.837}",0.09450000000000358,77.81299999999999,inf,77.87599999999999,77.87599999999999,77.87599999999999
1516,TT1,BESTEFFORT,MISSED,m2-1,72.837,"{'m1-1': 2.104, 'm2-1': 1.519, 'm3-1': 4.731, 'm4-1': 0.847}",0.45299999999998875,77.686,inf,77.837,77.837,77.837
1517,TT3,BESTEFFORT,MISSED,m2-1,72.897,"{'m1-1': 2.331, 'm2-1': 1.768, 'm3-1': 5.905, 'm4-1': 0.896}",0.7800000000000153,77.837,inf,78.09700000000001,78.09700000000001,78.09700000000001
1518,TT3,BESTEFFORT,MISSED,m4-1,73.016,"{'m1-1': 2.12, 'm2-1': 1.58, 'm3-1': 4.783, 'm4-1': 0.963}",0.5100000000000264,77.87599999999999,inf,78.21600000000001,78.21600000000001,78.21600000000001
1519,TT3,BESTEFFORT,MISSED,m3-1,73.034,"{'m1-1': 1.795, 'm2-1': 1.566, 'm3-1': 4.504, 'm4-1': 0.882}",0.012600000000034584,78.22699999999999,inf,78.23400000000001,78.23400000000001,78.23400000000001
1520,TT3,BESTEFFORT,MISSED,m2-1,73.112,"{'m1-1': 2.111, 'm2-1': 1.667, 'm3-1': 4.496, 'm4-1': 0.909}",0.6449999999999676,78.09700000000001,inf,78.312,78.312,78.312
1521,TT4,BESTEFFORT,MISSED,m1-1,73.114,"{'m1-1': 2.225, 'm2-1': 1.459, 'm3-1': 4.116, 'm4-1': 1.023}",0.22239999999999327,77.97500000000001,inf,78.114,78.114,78.114
1522,TT2,BESTEFFORT,MISSED,m3-1,73.127,"{'m1-1': 2.301, 'm2-1': 1.891, 'm3-1': 4.872, 'm4-1': 0.737}",0.9575999999999937,77.695,inf,78.22699999999999,78.22699999999999,78.22699999999999
1523,TT2,BESTEFFORT,MISSED,m1-1,73.233,"{'m1-1': 2.189, 'm2-1': 1.973, 'm3-1': 4.936, 'm4-1': 0.966}",0.35039999999999055,78.114,inf,78.333,78.333,78.333
1524,TT3,BESTEFFORT,MISSED,m2-1,73.257,"{'m1-1': 1.767, 'm2-1': 1.768, 'm3-1': 5.56, 'm4-1': 0.75}",0.4350000000000307,78.312,inf,78.45700000000001,78.45700000000001,78.45700000000001
1525,TT3,BESTEFFORT,MISSED,m3-1,73.305,"{'m1-1': 1.99, 'm2-1': 1.715, 'm3-1': 5.532, 'm4-1': 1.014}",0.14400000000002253,78.425,inf,78.50500000000001,78.50500000000001,78.50500000000001
1526,TT3,BESTEFFORT,MISSED,m4-1,73.353,"{'m1-1': 2.057, 'm2-1': 1.458, 'm3-1': 4.941, 'm4-1': 0.874}",0.2984999999999971,78.354,inf,78.553,78.553,78.553
1527,TT4,BESTEFFORT,MISSED,m4-1,73.354,"{'m1-1': 2.37, 'm2-1': 1.841, 'm3-1': 4.764, 'm4-1': 0.775}",0.20699999999998653,78.21600000000001,inf,78.354,78.354,78.354
1528,TT1,BESTEFFORT,MISSED,m3-1,73.425,"{'m1-1': 2.373, 'm2-1': 1.408, 'm3-1': 4.027, 'm4-1': 0.773}",0.34379999999997896,78.23400000000001,inf,78.425,78.425,78.425
1529,TT3,BESTEFFORT,MISSED,m2-1,73.44,"{'m1-1': 1.926, 'm2-1': 1.748, 'm3-1': 5.338, 'm4-1': 0.763}",0.5489999999999782,78.45700000000001,inf,78.64,78.64,78.64
1530,TT3,BESTEFFORT,MISSED,m1-1,73.483,"{'m1-1': 2.26, 'm2-1': 1.751, 'm3-1': 4.671, 'm4-1': 0.893}",0.27200000000000274,78.513,inf,78.683,78.683,78.683
1531,TT1,BESTEFFORT,MISSED,m1-1,73.513,"{'m1-1': 2.174, 'm2-1': 1.646, 'm3-1': 4.791, 'm4-1': 0.846}",0.2880000000000109,78.333,inf,78.513,78.513,78.513
1532,TT4,BESTEFFORT,MISSED,m4-1,73.666,"{'m1-1': 2.361, 'm2-1': 1.754, 'm3-1': 3.918, 'm4-1': 1.003}",0.16949999999999932,78.553,inf,78.666,78.666,78.666
1533,TT4,BESTEFFORT,MISSED,m2-1,73.747,"{'m1-1': 2.345, 'm2-1': 1.529, 'm3-1': 4.771, 'm4-1': 0.925}",0.32099999999999795,78.64,inf,78.747,78.747,78.747
1534,TT1,BESTEFFORT,MISSED,m1-1,73.749,"{'m1-1': 2.092, 'm2-1': 1.486, 'm3-1': 4.437, 'm4-1': 0.852}",0.10559999999998126,78.683,inf,78.749,78.749,78.749
1535,TT1,BESTEFFORT,MISSED,m4-1,73.777,"{'m1-1': 2.192, 'm2-1': 1.556, 'm3-1': 3.659, 'm4-1': 0.716}",0.1665000000000063,78.666,inf,78.777,78.777,78.777
1536,TT3,BESTEFFORT,MISSED,m3-1,73.821,"{'m1-1': 2.17, 'm2-1': 1.399, 'm3-1': 5.081, 'm4-1': 0.954}",0.9287999999999841,78.50500000000001,inf,79.021,79.021,79.021
1537,TT2,BESTEFFORT,MISSED,m3-1,74.083,"{'m1-1': 1.886, 'm2-1': 1.739, 'm3-1': 3.958, 'm4-1': 0.966}",0.2915999999999855,79.021,inf,79.18299999999999,79.18299999999999,79.18299999999999
1538,TT3,BESTEFFORT,MISSED,m2-1,74.108,"{'m1-1': 2.084, 'm2-1': 1.275, 'm3-1': 5.569, 'm4-1': 0.925}",1.6830000000000211,78.747,inf,79.308,79.308,79.308
1539,TT3,BESTEFFORT,MISSED,m1-1,74.143,"{'m1-1': 1.94, 'm2-1': 1.673, 'm3-1': 5.804, 'm4-1': 0.729}",0.9504000000000133,78.749,inf,79.343,79.343,79.343
1540,TT3,BESTEFFORT,MISSED,m2-1,74.284,"{'m1-1': 1.805, 'm2-1': 1.571, 'm3-1': 4.504, 'm4-1': 0.981}",0.5280000000000058,79.308,inf,79.48400000000001,79.48400000000001,79.48400000000001
1541,TT2,BESTEFFORT,MISSED,m4-1,74.301,"{'m1-1': 2.625, 'm2-1': 2.054, 'm3-1': 4.279, 'm4-1': 0.825}",0.9359999999999928,78.777,inf,79.401,79.401,79.401
1542,TT2,BESTEFFORT,MISSED,m3-1,74.328,"{'m1-1': 2.529, 'm2-1': 1.821, 'm3-1': 3.649, 'm4-1': 0.804}",0.4410000000000082,79.18299999999999,inf,79.428,79.428,79.428
1543,TT2,BESTEFFORT,MISSED,m3-1,74.453,"{'m1-1': 2.384, 'm2-1': 1.656, 'm3-1': 4.97, 'm4-1': 0.98}",0.225,79.428,inf,79.553,79.553,79.553
1544,TT3,BESTEFFORT,MISSED,m4-1,74.458,"{'m1-1': 2.39, 'm2-1': 1.73, 'm3-1': 5.664, 'm4-1': 0.914}",0.3855000000000075,79.401,inf,79.658,79.658,79.658
1545,TT3,BESTEFFORT,MISSED,m2-1,74.482,"{'m1-1': 1.816, 'm2-1': 1.614, 'm3-1': 4.93, 'm4-1': 0.911}",0.5939999999999799,79.48400000000001,inf,79.682,79.682,79.682
1546,TT3,BESTEFFORT,MISSED,m4-1,74.542,"{'m1-1': 1.936, 'm2-1': 1.401, 'm3-1': 5.031, 'm4-1': 0.927}",0.12600000000000477,79.658,inf,79.742,79.742,79.742
1547,TT3,BESTEFFORT,MISSED,m1-1,74.571,"{'m1-1': 1.842, 'm2-1': 1.671, 'm3-1': 5.209, 'm4-1': 0.793}",0.29120000000000346,79.589,inf,79.771,79.771,79.771
1548,TT4,BESTEFFORT,MISSED,m1-1,74.589,"{'m1-1': 2.083, 'm2-1': 1.845, 'm3-1': 4.968, 'm4-1': 0.855}",0.3935999999999922,79.343,inf,79.589,79.589,79.589
1549,TT2,BESTEFFORT,MISSED,m2-1,74.752,"{'m1-1': 2.276, 'm2-1': 1.512, 'm3-1': 4.135, 'm4-1': 0.844}",0.5099999999999625,79.682,inf,79.85199999999999,79.85199999999999,79.85199999999999
1550,TT3,BESTEFFORT,MISSED,m1-1,74.892,"{'m1-1': 1.89, 'm2-1': 1.541, 'm3-1': 5.881, 'm4-1': 0.735}",0.3119999999999891,79.897,inf,80.092,80.092,80.092
1551,TT1,BESTEFFORT,MISSED,m1-1,74.897,"{'m1-1': 1.916, 'm2-1': 1.677, 'm3-1': 4.327, 'm4-1': 0.825}",0.20160000000000766,79.771,inf,79.897,79.897,79.897
1552,TT2,BESTEFFORT,MISSED,m3-1,74.9,"{'m1-1': 2.462, 'm2-1': 1.655, 'm3-1': 4.97, 'm4-1': 1.001}",0.1007999999999953,79.944,inf,80.0,80.0,80.0
1553,TT2,BESTEFFORT,MISSED,m2-1,74.9,"{'m1-1': 2.177, 'm2-1': 1.715, 'm3-1': 4.25, 'm4-1': 0.788}",0.44400000000003104,79.85199999999999,inf,80.0,80.0,80.0
1554,TT4,BESTEFFORT,MISSED,m4-1,74.941,"{'m1-1': 2.445, 'm2-1': 1.858, 'm3-1': 4.686, 'm4-1': 0.792}",0.2984999999999971,79.742,inf,79.941,79.941,79.941
1555,TT1,BESTEFFORT,MISSED,m3-1,74.944,"{'m1-1': 1.99, 'm2-1': 1.675, 'm3-1': 3.785, 'm4-1': 0.665}",0.7038000000000096,79.553,inf,79.944,79.944,79.944
1556,TT4,BESTEFFORT,MISSED,m4-1,75.271,"{'m1-1': 1.896, 'm2-1': 1.845, 'm3-1': 3.975, 'm4-1': 0.965}",0.49499999999999744,79.941,inf,80.271,80.271,80.271
1557,TT1,BESTEFFORT,MISSED,m3-1,75.347,"{'m1-1': 2.585, 'm2-1': 1.767, 'm3-1': 4.417, 'm4-1': 0.776}",0.6245999999999896,80.0,inf,80.347,80.347,80.347
1558,TT4,BESTEFFORT,MISSED,m2-1,75.436,"{'m1-1': 2.172, 'm2-1': 1.56, 'm3-1': 3.822, 'm4-1': 0.886}",1.3080000000000211,80.0,inf,80.436,80.436,80.436
1559,TT3,BESTEFFORT,MISSED,m4-1,75.442,"{'m1-1': 2.348, 'm2-1': 1.467, 'm3-1': 4.407, 'm4-1': 0.908}",0.5564999999999927,80.271,inf,80.642,80.642,80.642
1560,TT3,BESTEFFORT,MISSED,m2-1,75.447,"{'m1-1': 1.811, 'm2-1': 1.53, 'm3-1': 5.503, 'm4-1': 0.74}",0.6329999999999956,80.436,inf,80.647,80.647,80.647
1561,TT3,BESTEFFORT,MISSED,m1-1,75.539,"{'m1-1': 1.884, 'm2-1': 1.713, 'm3-1': 4.66, 'm4-1': 0.904}",0.24320000000000164,80.587,inf,80.739,80.739,80.739
1562,TT4,BESTEFFORT,MISSED,m3-1,75.563,"{'m1-1': 2.168, 'm2-1': 1.434, 'm3-1': 3.893, 'm4-1': 0.973}",0.38880000000001474,80.347,inf,80.563,80.563,80.563
1563,TT4,BESTEFFORT,MISSED,m1-1,75.587,"{'m1-1': 2.029, 'm2-1': 1.467, 'm3-1': 4.317, 'm4-1': 0.771}",0.7920000000000074,80.092,inf,80.587,80.587,80.587
1564,TT1,BESTEFFORT,MISSED,m4-1,75.655,"{'m1-1': 1.955, 'm2-1': 1.89, 'm3-1': 4.803, 'm4-1': 0.635}",0.019500000000007844,80.642,inf,80.655,80.655,80.655
1565,TT4,BESTEFFORT,MISSED,m2-1,75.773,"{'m1-1': 2.04, 'm2-1': 1.462, 'm3-1': 4.204, 'm4-1': 0.771}",0.3779999999999717,80.647,inf,80.773,80.773,80.773
1566,TT1,BESTEFFORT,MISSED,m1-1,75.82,"{'m1-1': 2.364, 'm2-1': 1.547, 'm3-1': 3.673, 'm4-1': 0.823}",0.12959999999998217,80.739,inf,80.82,80.82,80.82
1567,TT4,BESTEFFORT,MISSED,m4-1,75.857,"{'m1-1': 2.287, 'm2-1': 1.579, 'm3-1': 4.603, 'm4-1': 0.859}",0.30299999999999727,80.655,inf,80.857,80.857,80.857
1568,TT1,BESTEFFORT,MISSED,m3-1,75.965,"{'m1-1': 2.456, 'm2-1': 1.959, 'm3-1': 4.075, 'm4-1': 0.656}",0.7236000000000019,80.563,inf,80.965,80.965,80.965
1569,TT1,BESTEFFORT,MISSED,m2-1,75.982,"{'m1-1': 2.351, 'm2-1': 1.513, 'm3-1': 4.907, 'm4-1': 0.717}",0.6270000000000095,80.773,inf,80.982,80.982,80.982
1570,TT3,BESTEFFORT,MISSED,m2-1,75.992,"{'m1-1': 1.898, 'm2-1': 1.342, 'm3-1': 4.55, 'm4-1': 0.931}",0.6300000000000239,80.982,inf,81.19200000000001,81.19200000000001,81.19200000000001
1571,TT4,BESTEFFORT,MISSED,m3-1,76.087,"{'m1-1': 2.287, 'm2-1': 1.768, 'm3-1': 4.357, 'm4-1': 0.759}",0.2195999999999998,80.965,inf,81.087,81.087,81.087
1572,TT1,BESTEFFORT,MISSED,m1-1,76.13,"{'m1-1': 2.388, 'm2-1': 1.49, 'm3-1': 4.025, 'm4-1': 0.682}",0.49600000000000366,80.82,inf,81.13,81.13,81.13
1573,TT4,BESTEFFORT,MISSED,m4-1,76.142,"{'m1-1': 1.988, 'm2-1': 1.386, 'm3-1': 4.008, 'm4-1': 0.927}",0.4274999999999949,80.857,inf,81.142,81.142,81.142
1574,TT1,BESTEFFORT,MISSED,m3-1,76.175,"{'m1-1': 1.986, 'm2-1': 1.931, 'm3-1': 3.605, 'm4-1': 0.76}",0.15839999999998897,81.087,inf,81.175,81.175,81.175
1575,TT4,BESTEFFORT,MISSED,m3-1,76.319,"{'m1-1': 1.877, 'm2-1': 1.867, 'm3-1': 3.853, 'm4-1': 0.93}",0.2592000000000098,81.175,inf,81.319,81.319,81.319
1576,TT3,BESTEFFORT,MISSED,m1-1,76.412,"{'m1-1': 1.909, 'm2-1': 1.324, 'm3-1': 4.346, 'm4-1': 0.818}",0.2800000000000182,81.437,inf,81.61200000000001,81.61200000000001,81.61200000000001
1577,TT4,BESTEFFORT,MISSED,m1-1,76.437,"{'m1-1': 1.828, 'm2-1': 1.609, 'm3-1': 3.726, 'm4-1': 0.859}",0.49120000000000347,81.13,inf,81.437,81.437,81.437
1578,TT1,BESTEFFORT,MISSED,m4-1,76.447,"{'m1-1': 2.604, 'm2-1': 1.65, 'm3-1': 4.021, 'm4-1': 0.75}",0.45750000000001023,81.142,inf,81.447,81.447,81.447
1579,TT1,BESTEFFORT,MISSED,m2-1,76.492,"{'m1-1': 2.103, 'm2-1': 1.647, 'm3-1': 4.307, 'm4-1': 0.66}",0.8999999999999915,81.19200000000001,inf,81.492,81.492,81.492
1580,TT1,BESTEFFORT,MISSED,m4-1,76.573,"{'m1-1': 2.231, 'm2-1': 1.572, 'm3-1': 4.038, 'm4-1': 0.612}",0.18899999999998585,81.447,inf,81.573,81.573,81.573
1581,TT4,BESTEFFORT,MISSED,m2-1,76.719,"{'m1-1': 1.764, 'm2-1': 1.383, 'm3-1': 3.956, 'm4-1': 0.794}",0.680999999999969,81.492,inf,81.719,81.719,81.719
1582,TT4,BESTEFFORT,MISSED,m1-1,76.735,"{'m1-1': 2.136, 'm2-1': 1.649, 'm3-1': 4.244, 'm4-1': 0.851}",0.19679999999998474,81.61200000000001,inf,81.735,81.735,81.735
1583,TT3,BESTEFFORT,MISSED,m3-1,76.767,"{'m1-1': 1.893, 'm2-1': 1.75, 'm3-1': 5.008, 'm4-1': 0.74}",1.166399999999993,81.319,inf,81.967,81.967,81.967
1584,TT1,BESTEFFORT,MISSED,m4-1,76.799,"{'m1-1': 2.252, 'm2-1': 1.651, 'm3-1': 4.756, 'm4-1': 0.823}",0.33900000000001995,81.573,inf,81.799,81.799,81.799
1585,TT3,BESTEFFORT,MISSED,m2-1,76.892,"{'m1-1': 2.26, 'm2-1': 1.601, 'm3-1': 4.897, 'm4-1': 0.802}",1.119000000000014,81.719,inf,82.092,82.092,82.092
1586,TT3,BESTEFFORT,MISSED,m3-1,77.029,"{'m1-1': 2.378, 'm2-1': 1.78, 'm3-1': 5.749, 'm4-1': 0.882}",0.47160000000000085,81.967,inf,82.229,82.229,82.229
1587,TT3,BESTEFFORT,MISSED,m2-1,77.104,"{'m1-1': 2.135, 'm2-1': 1.299, 'm3-1': 4.893, 'm4-1': 0.771}",0.6360000000000099,82.092,inf,82.304,82.304,82.304
1588,TT2,BESTEFFORT,MISSED,m1-1,77.136,"{'m1-1': 2.229, 'm2-1': 1.815, 'm3-1': 3.692, 'm4-1': 1.014}",0.801599999999985,81.735,inf,82.23599999999999,82.23599999999999,82.23599999999999
1589,TT2,BESTEFFORT,MISSED,m3-1,77.228,"{'m1-1': 1.943, 'm2-1': 2.07, 'm3-1': 3.744, 'm4-1': 0.839}",0.13859999999997116,82.251,inf,82.32799999999999,82.32799999999999,82.32799999999999
1590,TT1,BESTEFFORT,MISSED,m4-1,77.239,"{'m1-1': 2.223, 'm2-1': 1.684, 'm3-1': 5.102, 'm4-1': 0.619}",0.6599999999999966,81.799,inf,82.239,82.239,82.239
1591,TT1,BESTEFFORT,MISSED,m3-1,77.251,"{'m1-1': 2.458, 'm2-1': 1.444, 'm3-1': 3.851, 'm4-1': 0.851}",0.03960000000001003,82.229,inf,82.251,82.251,82.251
1592,TT2,BESTEFFORT,MISSED,m4-1,77.286,"{'m1-1': 2.375, 'm2-1': 1.535, 'm3-1': 4.456, 'm4-1': 0.818}",0.22049999999998704,82.239,inf,82.386,82.386,82.386
1593,TT3,BESTEFFORT,MISSED,m4-1,77.289,"{'m1-1': 2.355, 'm2-1': 1.743, 'm3-1': 5.306, 'm4-1': 0.742}",0.15450000000001296,82.386,inf,82.489,82.489,82.489
1594,TT3,BESTEFFORT,MISSED,m1-1,77.299,"{'m1-1': 1.872, 'm2-1': 1.532, 'm3-1': 5.468, 'm4-1': 0.884}",0.2432000000000244,82.347,inf,82.49900000000001,82.49900000000001,82.49900000000001
1595,TT1,BESTEFFORT,MISSED,m1-1,77.347,"{'m1-1': 2.131, 'm2-1': 1.647, 'm3-1': 4.654, 'm4-1': 0.695}",0.17760000000000675,82.23599999999999,inf,82.347,82.347,82.347
1596,TT4,BESTEFFORT,MISSED,m2-1,77.404,"{'m1-1': 1.742, 'm2-1': 1.602, 'm3-1': 4.96, 'm4-1': 0.847}",0.29999999999998295,82.304,inf,82.404,82.404,82.404
1597,TT3,BESTEFFORT,MISSED,m4-1,77.636,"{'m1-1': 1.902, 'm2-1': 1.368, 'm3-1': 5.057, 'm4-1': 0.902}",0.5204999999999913,82.489,inf,82.836,82.836,82.836
1598,TT2,BESTEFFORT,MISSED,m2-1,77.643,"{'m1-1': 2.535, 'm2-1': 1.582, 'm3-1': 3.74, 'm4-1': 0.74}",1.016999999999996,82.404,inf,82.743,82.743,82.743
1599,TT3,BESTEFFORT,MISSED,m2-1,77.679,"{'m1-1': 1.985, 'm2-1': 1.565, 'm3-1': 5.943, 'm4-1': 0.841}",0.4080000000000297,82.743,inf,82.879,82.879,82.879
1600,TT2,BESTEFFORT,MISSED,m1-1,77.68,"{'m1-1': 1.91, 'm2-1': 1.966, 'm3-1': 4.142, 'm4-1': 0.968}",0.44959999999998673,82.49900000000001,inf,82.78,82.78,82.78
1601,TT3,BESTEFFORT,MISSED,m3-1,77.692,"{'m1-1': 1.953, 'm2-1': 1.72, 'm3-1': 4.972, 'm4-1': 0.767}",0.041399999999993047,82.869,inf,82.892,82.892,82.892
1602,TT2,BESTEFFORT,MISSED,m3-1,77.769,"{'m1-1': 2.13, 'm2-1': 1.912, 'm3-1': 4.128, 'm4-1': 0.858}",0.9738000000000199,82.32799999999999,inf,82.869,82.869,82.869
1603,TT2,BESTEFFORT,MISSED,m1-1,77.851,"{'m1-1': 2.256, 'm2-1': 1.776, 'm3-1': 4.304, 'm4-1': 0.746}",0.27359999999998763,82.78,inf,82.951,82.951,82.951
1604,TT2,BESTEFFORT,MISSED,m4-1,77.984,"{'m1-1': 1.97, 'm2-1': 1.528, 'm3-1': 4.995, 'm4-1': 0.796}",0.3719999999999857,82.836,inf,83.08399999999999,83.08399999999999,83.08399999999999
1605,TT2,BESTEFFORT,MISSED,m3-1,78.054,"{'m1-1': 2.209, 'm2-1': 1.733, 'm3-1': 4.472, 'm4-1': 0.917}",0.47160000000000085,82.892,inf,83.154,83.154,83.154
1606,TT2,BESTEFFORT,MISSED,m3-1,78.089,"{'m1-1': 2.529, 'm2-1': 1.898, 'm3-1': 4.181, 'm4-1': 0.886}",0.06299999999999387,83.154,inf,83.189,83.189,83.189
1607,TT3,BESTEFFORT,MISSED,m4-1,78.14,"{'m1-1': 2.418, 'm2-1': 1.783, 'm3-1': 5.836, 'm4-1': 0.946}",0.38400000000002166,83.08399999999999,inf,83.34,83.34,83.34
1608,TT1,BESTEFFORT,MISSED,m2-1,78.168,"{'m1-1': 2.07, 'm2-1': 1.569, 'm3-1': 3.685, 'm4-1': 0.696}",0.8670000000000044,82.879,inf,83.168,83.168,83.168
1609,TT3,BESTEFFORT,MISSED,m2-1,78.172,"{'m1-1': 1.851, 'm2-1': 1.301, 'm3-1': 5.209, 'm4-1': 0.909}",0.6119999999999806,83.168,inf,83.372,83.372,83.372
1610,TT4,BESTEFFORT,MISSED,m1-1,78.25,"{'m1-1': 1.98, 'm2-1': 1.582, 'm3-1': 3.641, 'm4-1': 0.768}",0.4784000000000106,82.951,inf,83.25,83.25,83.25
1611,TT3,BESTEFFORT,MISSED,m1-1,78.274,"{'m1-1': 2.031, 'm2-1': 1.547, 'm3-1': 5.595, 'm4-1': 0.989}",0.35840000000000605,83.25,inf,83.474,83.474,83.474
1612,TT3,BESTEFFORT,MISSED,m2-1,78.384,"{'m1-1': 2.051, 'm2-1': 1.488, 'm3-1': 5.801, 'm4-1': 0.783}",0.6360000000000099,83.372,inf,83.584,83.584,83.584
1613,TT4,BESTEFFORT,MISSED,m4-1,78.412,"{'m1-1': 1.789, 'm2-1': 1.671, 'm3-1': 4.51, 'm4-1': 0.801}",0.10800000000000409,83.34,inf,83.412,83.412,83.412
1614,TT3,BESTEFFORT,MISSED,m4-1,78.551,"{'m1-1': 2.223, 'm2-1': 1.496, 'm3-1': 4.775, 'm4-1': 1.013}",0.508499999999998,83.412,inf,83.751,83.751,83.751
1615,TT3,BESTEFFORT,MISSED,m3-1,78.581,"{'m1-1': 2.07, 'm2-1': 1.467, 'm3-1': 4.568, 'm4-1': 0.922}",1.0656000000000234,83.189,inf,83.781,83.781,83.781
1616,TT3,BESTEFFORT,MISSED,m3-1,78.729,"{'m1-1': 1.807, 'm2-1': 1.794, 'm3-1': 4.794, 'm4-1': 0.718}",0.26639999999999303,83.781,inf,83.929,83.929,83.929
1617,TT1,BESTEFFORT,MISSED,m1-1,78.734,"{'m1-1': 2.34, 'm2-1': 1.471, 'm3-1': 3.933, 'm4-1': 0.767}",0.4159999999999855,83.474,inf,83.734,83.734,83.734
1618,TT3,BESTEFFORT,MISSED,m1-1,78.769,"{'m1-1': 2.049, 'm2-1': 1.345, 'm3-1': 4.367, 'm4-1': 0.797}",0.3760000000000219,83.734,inf,83.96900000000001,83.96900000000001,83.96900000000001
1619,TT3,BESTEFFORT,MISSED,m4-1,78.775,"{'m1-1': 1.894, 'm2-1': 1.661, 'm3-1': 5.209, 'm4-1': 0.846}",0.3360000000000056,83.751,inf,83.97500000000001,83.97500000000001,83.97500000000001
1620,TT1,BESTEFFORT,MISSED,m2-1,78.833,"{'m1-1': 2.049, 'm2-1': 1.703, 'm3-1': 4.34, 'm4-1': 0.775}",0.7469999999999857,83.584,inf,83.833,83.833,83.833
1621,TT2,BESTEFFORT,MISSED,m3-1,78.938,"{'m1-1': 2.484, 'm2-1': 1.63, 'm3-1': 4.58, 'm4-1': 0.992}",0.19619999999999038,83.929,inf,84.038,84.038,84.038
1622,TT2,BESTEFFORT,MISSED,m4-1,79.027,"{'m1-1': 2.579, 'm2-1': 1.695, 'm3-1': 3.861, 'm4-1': 0.776}",0.22799999999998022,83.97500000000001,inf,84.127,84.127,84.127
1623,TT1,BESTEFFORT,MISSED,m2-1,79.052,"{'m1-1': 1.99, 'm2-1': 1.642, 'm3-1': 4.305, 'm4-1': 0.751}",0.6570000000000249,83.833,inf,84.052,84.052,84.052
1624,TT1,BESTEFFORT,MISSED,m3-1,79.071,"{'m1-1': 2.025, 'm2-1': 1.877, 'm3-1': 3.832, 'm4-1': 0.772}",0.05940000000000225,84.038,inf,84.071,84.071,84.071
1625,TT3,BESTEFFORT,MISSED,m1-1,79.11,"{'m1-1': 2.153, 'm2-1': 1.402, 'm3-1': 4.692, 'm4-1': 0.925}",0.31040000000000423,84.116,inf,84.31,84.31,84.31
1626,TT4,BESTEFFORT,MISSED,m1-1,79.116,"{'m1-1': 1.783, 'm2-1': 1.386, 'm3-1': 4.116, 'm4-1': 0.957}",0.2351999999999862,83.96900000000001,inf,84.116,84.116,84.116
1627,TT3,BESTEFFORT,MISSED,m2-1,79.135,"{'m1-1': 1.857, 'm2-1': 1.48, 'm3-1': 5.904, 'm4-1': 0.905}",0.5580000000000211,84.149,inf,84.33500000000001,84.33500000000001,84.33500000000001
1628,TT1,BESTEFFORT,MISSED,m2-1,79.149,"{'m1-1': 2.596, 'm2-1': 1.425, 'm3-1': 4.784, 'm4-1': 0.782}",0.2909999999999826,84.052,inf,84.149,84.149,84.149
1629,TT4,BESTEFFORT,MISSED,m4-1,79.226,"{'m1-1': 1.957, 'm2-1': 1.889, 'm3-1': 4.862, 'm4-1': 0.915}",0.14850000000000563,84.127,inf,84.226,84.226,84.226
1630,TT3,BESTEFFORT,MISSED,m3-1,79.287,"{'m1-1': 2.013, 'm2-1': 1.347, 'm3-1': 4.415, 'm4-1': 0.883}",0.7488000000000199,84.071,inf,84.48700000000001,84.48700000000001,84.48700000000001
1631,TT2,BESTEFFORT,MISSED,m1-1,79.291,"{'m1-1': 2.255, 'm2-1': 1.965, 'm3-1': 3.75, 'm4-1': 0.833}",0.12959999999998217,84.31,inf,84.39099999999999,84.39099999999999,84.39099999999999
1632,TT3,BESTEFFORT,MISSED,m3-1,79.319,"{'m1-1': 2.352, 'm2-1': 1.66, 'm3-1': 4.317, 'm4-1': 0.908}",0.057599999999993656,84.48700000000001,inf,84.519,84.519,84.519
1633,TT2,BESTEFFORT,MISSED,m4-1,79.352,"{'m1-1': 1.993, 'm2-1': 1.918, 'm3-1': 4.549, 'm4-1': 0.799}",0.33899999999999864,84.226,inf,84.452,84.452,84.452
1634,TT2,BESTEFFORT,MISSED,m4-1,79.458,"{'m1-1': 2.121, 'm2-1': 1.777, 'm3-1': 4.268, 'm4-1': 1.005}",0.15899999999999181,84.452,inf,84.55799999999999,84.55799999999999,84.55799999999999
1635,TT4,BESTEFFORT,MISSED,m2-1,79.493,"{'m1-1': 2.027, 'm2-1': 1.519, 'm3-1': 5.033, 'm4-1': 0.842}",0.4739999999999611,84.33500000000001,inf,84.493,84.493,84.493
1636,TT4,BESTEFFORT,MISSED,m1-1,79.534,"{'m1-1': 2.042, 'm2-1': 1.664, 'm3-1': 4.898, 'm4-1': 0.93}",0.22880000000002385,84.39099999999999,inf,84.534,84.534,84.534
1637,TT3,BESTEFFORT,MISSED,m1-1,79.54,"{'m1-1': 1.951, 'm2-1': 1.621, 'm3-1': 4.309, 'm4-1': 0.979}",0.32960000000000494,84.534,inf,84.74000000000001,84.74000000000001,84.74000000000001
1638,TT4,BESTEFFORT,MISSED,m3-1,79.624,"{'m1-1': 2.406, 'm2-1': 1.676, 'm3-1': 4.67, 'm4-1': 0.789}",0.1889999999999816,84.519,inf,84.624,84.624,84.624
1639,TT2,BESTEFFORT,MISSED,m4-1,79.709,"{'m1-1': 1.976, 'm2-1': 1.597, 'm3-1': 4.044, 'm4-1': 0.998}",0.37650000000000716,84.55799999999999,inf,84.809,84.809,84.809
1640,TT1,BESTEFFORT,MISSED,m2-1,79.71,"{'m1-1': 2.328, 'm2-1': 1.684, 'm3-1': 3.853, 'm4-1': 0.746}",0.6509999999999962,84.493,inf,84.71,84.71,84.71
1641,TT1,BESTEFFORT,MISSED,m3-1,79.725,"{'m1-1': 2.143, 'm2-1': 1.554, 'm3-1': 4.216, 'm4-1': 0.807}",0.18179999999999838,84.624,inf,84.725,84.725,84.725
1642,TT3,BESTEFFORT,MISSED,m1-1,79.78,"{'m1-1': 2.111, 'm2-1': 1.497, 'm3-1': 4.214, 'm4-1': 0.931}",0.38399999999999185,84.74000000000001,inf,84.98,84.98,84.98
1643,TT3,BESTEFFORT,MISSED,m4-1,79.884,"{'m1-1': 1.888, 'm2-1': 1.716, 'm3-1': 4.862, 'm4-1': 0.991}",0.18150000000001398,84.963,inf,85.084,85.084,85.084
1644,TT1,BESTEFFORT,MISSED,m2-1,79.928,"{'m1-1': 2.404, 'm2-1': 1.438, 'm3-1': 3.891, 'm4-1': 0.764}",0.6540000000000106,84.71,inf,84.928,84.928,84.928
1645,TT1,BESTEFFORT,MISSED,m4-1,79.963,"{'m1-1': 2.482, 'm2-1': 1.433, 'm3-1': 3.672, 'm4-1': 0.663}",0.23099999999999454,84.809,inf,84.963,84.963,84.963
1646,TT4,BESTEFFORT,MISSED,m2-1,79.997,"{'m1-1': 1.779, 'm2-1': 1.693, 'm3-1': 4.961, 'm4-1': 0.888}",0.20700000000000784,84.928,inf,84.997,84.997,84.997
1647,TT4,BESTEFFORT,MISSED,m1-1,80.047,"{'m1-1': 1.834, 'm2-1': 1.505, 'm3-1': 3.726, 'm4-1': 0.81}",0.10719999999998892,84.98,inf,85.047,85.047,85.047
1648,TT2,BESTEFFORT,MISSED,m3-1,80.048,"{'m1-1': 2.639, 'm2-1': 1.931, 'm3-1': 4.268, 'm4-1': 0.815}",0.07739999999998588,85.105,inf,85.148,85.148,85.148
1649,TT2,BESTEFFORT,MISSED,m1-1,80.095,"{'m1-1': 2.197, 'm2-1': 1.636, 'm3-1': 4.06, 'm4-1': 1.005}",0.23679999999999382,85.047,inf,85.195,85.195,85.195
1650,TT4,BESTEFFORT,MISSED,m3-1,80.105,"{'m1-1': 2.066, 'm2-1': 1.855, 'm3-1': 3.757, 'm4-1': 1.068}",0.6840000000000174,84.725,inf,85.105,85.105,85.105
1651,TT1,BESTEFFORT,MISSED,m2-1,80.109,"{'m1-1': 2.116, 'm2-1': 1.896, 'm3-1': 3.667, 'm4-1': 0.751}",0.3359999999999843,84.997,inf,85.109,85.109,85.109
1652,TT4,BESTEFFORT,MISSED,m4-1,80.212,"{'m1-1': 2.318, 'm2-1': 1.554, 'm3-1': 3.663, 'm4-1': 1.029}",0.19200000000000017,85.084,inf,85.212,85.212,85.212
1653,TT3,BESTEFFORT,MISSED,m1-1,80.246,"{'m1-1': 1.841, 'm2-1': 1.312, 'm3-1': 5.526, 'm4-1': 0.976}",0.4016000000000077,85.195,inf,85.446,85.446,85.446
1654,TT2,BESTEFFORT,MISSED,m3-1,80.332,"{'m1-1': 2.601, 'm2-1': 2.025, 'm3-1': 3.654, 'm4-1': 0.946}",0.1043999999999869,85.374,inf,85.43199999999999,85.43199999999999,85.43199999999999
1655,TT3,BESTEFFORT,MISSED,m4-1,80.364,"{'m1-1': 2.389, 'm2-1': 1.784, 'm3-1': 5.85, 'm4-1': 0.888}",0.1395000000000266,85.47099999999999,inf,85.56400000000001,85.56400000000001,85.56400000000001
1656,TT2,BESTEFFORT,MISSED,m4-1,80.371,"{'m1-1': 2.293, 'm2-1': 2.071, 'm3-1': 4.268, 'm4-1': 0.984}",0.3884999999999792,85.212,inf,85.47099999999999,85.47099999999999,85.47099999999999
1657,TT2,BESTEFFORT,MISSED,m2-1,80.372,"{'m1-1': 2.527, 'm2-1': 1.553, 'm3-1': 3.795, 'm4-1': 0.78}",0.2249999999999659,85.397,inf,85.472,85.472,85.472
1658,TT4,BESTEFFORT,MISSED,m3-1,80.374,"{'m1-1': 1.948, 'm2-1': 1.827, 'm3-1': 4.899, 'm4-1': 0.773}",0.4067999999999984,85.148,inf,85.374,85.374,85.374
1659,TT4,BESTEFFORT,MISSED,m2-1,80.397,"{'m1-1': 2.189, 'm2-1': 1.878, 'm3-1': 4.139, 'm4-1': 0.89}",0.8640000000000327,85.109,inf,85.397,85.397,85.397
1660,TT3,BESTEFFORT,MISSED,m4-1,80.492,"{'m1-1': 1.804, 'm2-1': 1.515, 'm3-1': 4.591, 'm4-1': 0.974}",0.19200000000000017,85.56400000000001,inf,85.69200000000001,85.69200000000001,85.69200000000001
1661,TT3,BESTEFFORT,MISSED,m3-1,80.527,"{'m1-1': 2.147, 'm2-1': 1.366, 'm3-1': 5.664, 'm4-1': 0.884}",0.5310000000000287,85.43199999999999,inf,85.727,85.727,85.727
1662,TT2,BESTEFFORT,MISSED,m2-1,80.554,"{'m1-1': 2.098, 'm2-1': 1.966, 'm3-1': 3.936, 'm4-1': 0.903}",0.5460000000000065,85.472,inf,85.654,85.654,85.654
1663,TT2,BESTEFFORT,MISSED,m1-1,80.583,"{'m1-1': 2.369, 'm2-1': 1.868, 'm3-1': 4.666, 'm4-1': 0.74}",0.11999999999998182,85.608,inf,85.68299999999999,85.68299999999999,85.68299999999999
1664,TT1,BESTEFFORT,MISSED,m1-1,80.608,"{'m1-1': 2.076, 'm2-1': 1.663, 'm3-1': 4.516, 'm4-1': 0.659}",0.2592000000000098,85.446,inf,85.608,85.608,85.608
1665,TT3,BESTEFFORT,MISSED,m1-1,80.64,"{'m1-1': 2.035, 'm2-1': 1.49, 'm3-1': 4.314, 'm4-1': 0.849}",0.25120000000001713,85.68299999999999,inf,85.84,85.84,85.84
1666,TT3,BESTEFFORT,MISSED,m3-1,80.654,"{'m1-1': 2.069, 'm2-1': 1.348, 'm3-1': 5.353, 'm4-1': 0.798}",0.11160000000002128,85.79199999999999,inf,85.854,85.854,85.854
1667,TT2,BESTEFFORT,MISSED,m3-1,80.692,"{'m1-1': 2.544, 'm2-1': 1.722, 'm3-1': 4.5, 'm4-1': 0.782}",0.11699999999997034,85.727,inf,85.79199999999999,85.79199999999999,85.79199999999999
1668,TT1,BESTEFFORT,MISSED,m2-1,80.76,"{'m1-1': 2.61, 'm2-1': 1.79, 'm3-1': 4.988, 'm4-1': 0.855}",0.31800000000002626,85.654,inf,85.76,85.76,85.76
1669,TT3,BESTEFFORT,MISSED,m1-1,80.768,"{'m1-1': 2.181, 'm2-1': 1.777, 'm3-1': 5.068, 'm4-1': 0.915}",0.2048000000000002,85.84,inf,85.968,85.968,85.968
1670,TT2,BESTEFFORT,MISSED,m3-1,80.832,"{'m1-1': 1.888, 'm2-1': 1.919, 'm3-1': 4.965, 'm4-1': 0.877}",0.14039999999997974,85.854,inf,85.93199999999999,85.93199999999999,85.93199999999999
1671,TT4,BESTEFFORT,MISSED,m4-1,80.846,"{'m1-1': 2.118, 'm2-1': 1.843, 'm3-1': 4.32, 'm4-1': 0.973}",0.23099999999999454,85.69200000000001,inf,85.846,85.846,85.846
1672,TT1,BESTEFFORT,MISSED,m2-1,80.862,"{'m1-1': 2.45, 'm2-1': 1.678, 'm3-1': 4.529, 'm4-1': 0.791}",0.30599999999996896,85.76,inf,85.862,85.862,85.862
1673,TT3,BESTEFFORT,MISSED,m4-1,80.869,"{'m1-1': 2.352, 'm2-1': 1.491, 'm3-1': 4.674, 'm4-1': 0.787}",0.33449999999999847,85.846,inf,86.069,86.069,86.069
1674,TT4,BESTEFFORT,MISSED,m2-1,81.095,"{'m1-1': 1.819, 'm2-1': 1.709, 'm3-1': 4.636, 'm4-1': 0.991}",0.6990000000000123,85.862,inf,86.095,86.095,86.095
1675,TT4,BESTEFFORT,MISSED,m4-1,81.336,"{'m1-1': 1.771, 'm2-1': 1.35, 'm3-1': 5.068, 'm4-1': 0.998}",0.40049999999999386,86.069,inf,86.336,86.336,86.336
1676,TT2,BESTEFFORT,MISSED,m2-1,81.379,"{'m1-1': 2.176, 'm2-1': 1.708, 'm3-1': 4.394, 'm4-1': 0.897}",1.152000000000001,86.095,inf,86.479,86.479,86.479
1677,TT4,BESTEFFORT,MISSED,m1-1,81.453,"{'m1-1': 2.408, 'm2-1': 1.531, 'm3-1': 5.002, 'm4-1': 0.954}",0.7759999999999991,85.968,inf,86.453,86.453,86.453
1678,TT4,BESTEFFORT,MISSED,m1-1,81.49,"{'m1-1': 1.925, 'm2-1': 1.577, 'm3-1': 3.774, 'm4-1': 0.963}",0.05919999999998709,86.453,inf,86.49,86.49,86.49
1679,TT4,BESTEFFORT,MISSED,m4-1,81.582,"{'m1-1': 2.4, 'm2-1': 1.837, 'm3-1': 3.937, 'm4-1': 0.931}",0.36899999999999267,86.336,inf,86.582,86.582,86.582
1680,TT4,BESTEFFORT,MISSED,m3-1,81.682,"{'m1-1': 2.174, 'm2-1': 1.631, 'm3-1': 4.782, 'm4-1': 0.889}",1.3500000000000256,85.93199999999999,inf,86.682,86.682,86.682
1681,TT4,BESTEFFORT,MISSED,m2-1,81.686,"{'m1-1': 2.193, 'm2-1': 1.649, 'm3-1': 5.082, 'm4-1': 0.83}",0.6210000000000235,86.479,inf,86.686,86.686,86.686
1682,TT3,BESTEFFORT,MISSED,m4-1,81.687,"{'m1-1': 2.389, 'm2-1': 1.667, 'm3-1': 5.615, 'm4-1': 0.935}",0.45750000000001023,86.582,inf,86.887,86.887,86.887
1683,TT1,BESTEFFORT,MISSED,m3-1,81.8,"{'m1-1': 2.126, 'm2-1': 1.98, 'm3-1': 4.219, 'm4-1': 0.634}",0.212399999999991,86.682,inf,86.8,86.8,86.8
1684,TT4,BESTEFFORT,MISSED,m1-1,81.836,"{'m1-1': 2.198, 'm2-1': 1.783, 'm3-1': 3.822, 'm4-1': 1.007}",0.5536000000000059,86.49,inf,86.836,86.836,86.836
1685,TT3,BESTEFFORT,MISSED,m3-1,81.86,"{'m1-1': 2.17, 'm2-1': 1.666, 'm3-1': 5.477, 'm4-1': 0.793}",0.225,86.935,inf,87.06,87.06,87.06
1686,TT4,BESTEFFORT,MISSED,m3-1,81.935,"{'m1-1': 1.993, 'm2-1': 1.353, 'm3-1': 3.752, 'm4-1': 0.819}",0.2430000000000092,86.8,inf,86.935,86.935,86.935
1687,TT1,BESTEFFORT,MISSED,m2-1,82.035,"{'m1-1': 2.494, 'm2-1': 1.451, 'm3-1': 4.677, 'm4-1': 0.753}",1.0469999999999686,86.686,inf,87.035,87.035,87.035
1688,TT2,BESTEFFORT,MISSED,m2-1,82.04,"{'m1-1': 2.382, 'm2-1': 1.629, 'm3-1': 4.416, 'm4-1': 0.873}",0.31500000000001194,87.035,inf,87.14,87.14,87.14
1689,TT4,BESTEFFORT,MISSED,m1-1,82.093,"{'m1-1': 1.807, 'm2-1': 1.806, 'm3-1': 4.447, 'm4-1': 0.898}",0.411200000000008,86.836,inf,87.093,87.093,87.093
1690,TT1,BESTEFFORT,MISSED,m4-1,82.13,"{'m1-1': 2.118, 'm2-1': 1.506, 'm3-1': 4.585, 'm4-1': 0.856}",0.3644999999999925,86.887,inf,87.13,87.13,87.13
1691,TT2,BESTEFFORT,MISSED,m2-1,82.148,"{'m1-1': 2.531, 'm2-1': 1.649, 'm3-1': 3.761, 'm4-1': 0.808}",0.32399999999996965,87.14,inf,87.24799999999999,87.24799999999999,87.24799999999999
1692,TT1,BESTEFFORT,MISSED,m4-1,82.157,"{'m1-1': 2.076, 'm2-1': 1.603, 'm3-1': 3.748, 'm4-1': 0.627}",0.040500000000001535,87.13,inf,87.157,87.157,87.157
1693,TT4,BESTEFFORT,MISSED,m1-1,82.232,"{'m1-1': 1.955, 'm2-1': 1.735, 'm3-1': 4.382, 'm4-1': 0.893}",0.22239999999999327,87.093,inf,87.232,87.232,87.232
1694,TT3,BESTEFFORT,MISSED,m3-1,82.235,"{'m1-1': 2.228, 'm2-1': 1.499, 'm3-1': 4.862, 'm4-1': 0.837}",0.18540000000001555,87.332,inf,87.435,87.435,87.435
1695,TT1,BESTEFFORT,MISSED,m1-1,82.282,"{'m1-1': 1.983, 'm2-1': 1.862, 'm3-1': 4.363, 'm4-1': 0.843}",0.07999999999999546,87.232,inf,87.282,87.282,87.282
1696,TT4,BESTEFFORT,MISSED,m4-1,82.302,"{'m1-1': 1.968, 'm2-1': 1.361, 'm3-1': 4.51, 'm4-1': 0.817}",0.21750000000001535,87.157,inf,87.302,87.302,87.302
1697,TT2,BESTEFFORT,MISSED,m2-1,82.309,"{'m1-1': 2.306, 'm2-1': 2.009, 'm3-1': 3.649, 'm4-1': 0.749}",0.4830000000000041,87.24799999999999,inf,87.40899999999999,87.40899999999999,87.40899999999999
1698,TT1,BESTEFFORT,MISSED,m3-1,82.332,"{'m1-1': 1.922, 'm2-1': 1.682, 'm3-1': 4.079, 'm4-1': 0.766}",0.48959999999998444,87.06,inf,87.332,87.332,87.332
1699,TT3,BESTEFFORT,MISSED,m1-1,82.382,"{'m1-1': 2.395, 'm2-1': 1.391, 'm3-1': 5.115, 'm4-1': 0.769}",0.4800000000000182,87.282,inf,87.58200000000001,87.58200000000001,87.58200000000001
1700,TT3,BESTEFFORT,MISSED,m4-1,82.46,"{'m1-1': 2.414, 'm2-1': 1.485, 'm3-1': 5.209, 'm4-1': 0.74}",0.5369999999999848,87.302,inf,87.66,87.66,87.66
1701,TT1,BESTEFFORT,MISSED,m3-1,82.736,"{'m1-1': 2.252, 'm2-1': 1.905, 'm3-1': 3.997, 'm4-1': 0.754}",0.5418000000000035,87.435,inf,87.736,87.736,87.736
1702,TT3,BESTEFFORT,MISSED,m4-1,82.763,"{'m1-1': 2.271, 'm2-1': 1.454, 'm3-1': 5.545, 'm4-1': 0.958}",0.13800000000001944,87.871,inf,87.96300000000001,87.96300000000001,87.96300000000001
1703,TT4,BESTEFFORT,MISSED,m2-1,82.812,"{'m1-1': 1.89, 'm2-1': 1.609, 'm3-1': 3.667, 'm4-1': 1.058}",1.2090000000000174,87.40899999999999,inf,87.812,87.812,87.812
1704,TT4,BESTEFFORT,MISSED,m3-1,82.825,"{'m1-1': 2.195, 'm2-1': 1.558, 'm3-1': 4.109, 'm4-1': 0.995}",0.16019999999999754,87.736,inf,87.825,87.825,87.825
1705,TT3,BESTEFFORT,MISSED,m2-1,82.837,"{'m1-1': 1.882, 'm2-1': 1.456, 'm3-1': 4.3, 'm4-1': 0.783}",0.2550000000000239,87.952,inf,88.037,88.037,88.037
1706,TT4,BESTEFFORT,MISSED,m1-1,82.842,"{'m1-1': 2.361, 'm2-1': 1.56, 'm3-1': 5.068, 'm4-1': 0.777}",0.4159999999999855,87.58200000000001,inf,87.842,87.842,87.842
1707,TT3,BESTEFFORT,MISSED,m1-1,82.848,"{'m1-1': 2.143, 'm2-1': 1.751, 'm3-1': 4.265, 'm4-1': 0.996}",0.10560000000000401,87.982,inf,88.048,88.048,88.048
1708,TT4,BESTEFFORT,MISSED,m4-1,82.871,"{'m1-1': 1.971, 'm2-1': 1.878, 'm3-1': 4.748, 'm4-1': 0.76}",0.3164999999999978,87.66,inf,87.871,87.871,87.871
1709,TT4,BESTEFFORT,MISSED,m2-1,82.952,"{'m1-1': 1.857, 'm2-1': 1.872, 'm3-1': 4.862, 'm4-1': 0.897}",0.4200000000000017,87.812,inf,87.952,87.952,87.952
1710,TT2,BESTEFFORT,MISSED,m4-1,82.954,"{'m1-1': 2.513, 'm2-1': 1.902, 'm3-1': 4.356, 'm4-1': 0.911}",0.13649999999996965,87.96300000000001,inf,88.05399999999999,88.05399999999999,88.05399999999999
1711,TT1,BESTEFFORT,MISSED,m1-1,82.982,"{'m1-1': 2.52, 'm2-1': 1.543, 'm3-1': 4.967, 'm4-1': 0.833}",0.22400000000000092,87.842,inf,87.982,87.982,87.982
1712,TT1,BESTEFFORT,MISSED,m3-1,83.223,"{'m1-1': 2.009, 'm2-1': 1.836, 'm3-1': 4.26, 'm4-1': 0.659}",0.716399999999993,87.825,inf,88.223,88.223,88.223
1713,TT4,BESTEFFORT,MISSED,m2-1,83.263,"{'m1-1': 2.263, 'm2-1': 1.734, 'm3-1': 4.062, 'm4-1': 0.815}",0.6779999999999973,88.037,inf,88.263,88.263,88.263
1714,TT3,BESTEFFORT,MISSED,m4-1,83.302,"{'m1-1': 2.089, 'm2-1': 1.748, 'm3-1': 4.642, 'm4-1': 0.76}",0.6720000000000326,88.05399999999999,inf,88.50200000000001,88.50200000000001,88.50200000000001
1715,TT4,BESTEFFORT,MISSED,m3-1,83.367,"{'m1-1': 1.732, 'm2-1': 1.588, 'm3-1': 4.285, 'm4-1': 0.953}",0.2592000000000098,88.223,inf,88.367,88.367,88.367
1716,TT2,BESTEFFORT,MISSED,m2-1,83.464,"{'m1-1': 2.151, 'm2-1': 1.82, 'm3-1': 3.859, 'm4-1': 0.736}",0.9029999999999632,88.263,inf,88.564,88.564,88.564
1717,TT1,BESTEFFORT,MISSED,m1-1,83.47,"{'m1-1': 2.146, 'm2-1': 1.801, 'm3-1': 3.646, 'm4-1': 0.806}",0.6751999999999954,88.048,inf,88.47,88.47,88.47
1718,TT4,BESTEFFORT,MISSED,m3-1,83.555,"{'m1-1': 2.268, 'm2-1': 1.39, 'm3-1': 5.094, 'm4-1': 0.825}",0.3384000000000043,88.367,inf,88.555,88.555,88.555
1719,TT4,BESTEFFORT,MISSED,m3-1,83.565,"{'m1-1': 2.178, 'm2-1': 1.436, 'm3-1': 5.048, 'm4-1': 0.905}",0.01799999999998363,88.555,inf,88.565,88.565,88.565
1720,TT1,BESTEFFORT,MISSED,m1-1,83.596,"{'m1-1': 2.078, 'm2-1': 1.754, 'm3-1': 3.632, 'm4-1': 0.726}",0.20160000000000766,88.47,inf,88.596,88.596,88.596
1721,TT4,BESTEFFORT,MISSED,m4-1,83.609,"{'m1-1': 2.296, 'm2-1': 1.897, 'm3-1': 3.774, 'm4-1': 0.903}",0.16049999999997766,88.50200000000001,inf,88.609,88.609,88.609
1722,TT3,BESTEFFORT,MISSED,m2-1,83.701,"{'m1-1': 1.999, 'm2-1': 1.621, 'm3-1': 5.81, 'm4-1': 0.932}",1.01100000000001,88.564,inf,88.901,88.901,88.901
1723,TT3,BESTEFFORT,MISSED,m4-1,83.708,"{'m1-1': 2.331, 'm2-1': 1.547, 'm3-1': 5.146, 'm4-1': 0.906}",0.4485000000000099,88.609,inf,88.908,88.908,88.908
1724,TT3,BESTEFFORT,MISSED,m4-1,83.81,"{'m1-1': 2.192, 'm2-1': 1.417, 'm3-1': 5.301, 'm4-1': 0.774}",0.1530000000000058,88.908,inf,89.01,89.01,89.01
1725,TT2,BESTEFFORT,MISSED,m1-1,83.814,"{'m1-1': 2.411, 'm2-1': 1.526, 'm3-1': 4.929, 'm4-1': 0.992}",0.5087999999999738,88.596,inf,88.91399999999999,88.91399999999999,88.91399999999999
1726,TT3,BESTEFFORT,MISSED,m2-1,83.896,"{'m1-1': 2.278, 'm2-1': 1.344, 'm3-1': 4.269, 'm4-1': 0.832}",0.5010000000000048,88.929,inf,89.096,89.096,89.096
1727,TT1,BESTEFFORT,MISSED,m2-1,83.929,"{'m1-1': 2.429, 'm2-1': 1.907, 'm3-1': 4.642, 'm4-1': 0.676}",0.0840000000000174,88.901,inf,88.929,88.929,88.929
1728,TT1,BESTEFFORT,MISSED,m1-1,83.973,"{'m1-1': 1.861, 'm2-1': 1.433, 'm3-1': 4.024, 'm4-1': 0.757}",0.09440000000001875,88.91399999999999,inf,88.973,88.973,88.973
1729,TT3,BESTEFFORT,MISSED,m1-1,84.017,"{'m1-1': 1.834, 'm2-1': 1.627, 'm3-1': 5.586, 'm4-1': 0.751}",0.39039999999999964,88.973,inf,89.217,89.217,89.217
1730,TT3,BESTEFFORT,MISSED,m3-1,84.058,"{'m1-1': 2.31, 'm2-1': 1.366, 'm3-1': 5.655, 'm4-1': 0.742}",0.14760000000001414,89.176,inf,89.25800000000001,89.25800000000001,89.25800000000001
1731,TT1,BESTEFFORT,MISSED,m3-1,84.09,"{'m1-1': 1.999, 'm2-1': 1.587, 'm3-1': 4.469, 'm4-1': 0.736}",0.9450000000000103,88.565,inf,89.09,89.09,89.09
1732,TT2,BESTEFFORT,MISSED,m4-1,84.15,"{'m1-1': 2.268, 'm2-1': 1.687, 'm3-1': 3.744, 'm4-1': 0.846}",0.3599999999999923,89.01,inf,89.25,89.25,89.25
1733,TT3,BESTEFFORT,MISSED,m3-1,84.171,"{'m1-1': 2.16, 'm2-1': 1.52, 'm3-1': 4.716, 'm4-1': 0.844}",0.2033999999999992,89.25800000000001,inf,89.37100000000001,89.37100000000001,89.37100000000001
1734,TT1,BESTEFFORT,MISSED,m3-1,84.176,"{'m1-1': 1.945, 'm2-1': 1.735, 'm3-1': 4.252, 'm4-1': 0.738}",0.15479999999999736,89.09,inf,89.176,89.176,89.176
1735,TT2,BESTEFFORT,MISSED,m1-1,84.288,"{'m1-1': 2.118, 'm2-1': 2.023, 'm3-1': 3.975, 'm4-1': 0.763}",0.27359999999998763,89.217,inf,89.38799999999999,89.38799999999999,89.38799999999999
1736,TT3,BESTEFFORT,MISSED,m4-1,84.304,"{'m1-1': 1.842, 'm2-1': 1.77, 'm3-1': 5.384, 'm4-1': 0.893}",0.38100000000000733,89.25,inf,89.504,89.504,89.504
1737,TT1,BESTEFFORT,MISSED,m2-1,84.367,"{'m1-1': 2.153, 'm2-1': 1.473, 'm3-1': 3.82, 'm4-1': 0.723}",0.8130000000000024,89.096,inf,89.367,89.367,89.367
1738,TT3,BESTEFFORT,MISSED,m1-1,84.42,"{'m1-1': 2.281, 'm2-1': 1.666, 'm3-1': 5.077, 'm4-1': 0.749}",0.3712000000000217,89.38799999999999,inf,89.62,89.62,89.62
1739,TT4,BESTEFFORT,MISSED,m2-1,84.504,"{'m1-1': 2.312, 'm2-1': 1.414, 'm3-1': 5.016, 'm4-1': 0.846}",0.41100000000000136,89.367,inf,89.504,89.504,89.504
1740,TT4,BESTEFFORT,MISSED,m4-1,84.553,"{'m1-1': 1.819, 'm2-1': 1.667, 'm3-1': 4.813, 'm4-1': 0.954}",0.07349999999998857,89.504,inf,89.553,89.553,89.553
1741,TT2,BESTEFFORT,MISSED,m3-1,84.564,"{'m1-1': 2.109, 'm2-1': 1.789, 'm3-1': 4.821, 'm4-1': 0.871}",0.5273999999999603,89.37100000000001,inf,89.66399999999999,89.66399999999999,89.66399999999999
1742,TT3,BESTEFFORT,MISSED,m1-1,84.614,"{'m1-1': 2.056, 'm2-1': 1.335, 'm3-1': 5.801, 'm4-1': 0.937}",0.2928000000000111,89.631,inf,89.81400000000001,89.81400000000001,89.81400000000001
1743,TT1,BESTEFFORT,MISSED,m2-1,84.624,"{'m1-1': 2.156, 'm2-1': 1.948, 'm3-1': 4.894, 'm4-1': 0.63}",0.359999999999971,89.504,inf,89.624,89.624,89.624
1744,TT1,BESTEFFORT,MISSED,m1-1,84.631,"{'m1-1': 2.309, 'm2-1': 1.862, 'm3-1': 4.352, 'm4-1': 0.636}",0.01759999999999309,89.62,inf,89.631,89.631,89.631
1745,TT1,BESTEFFORT,MISSED,m4-1,84.631,"{'m1-1': 2.571, 'm2-1': 1.535, 'm3-1': 4.918, 'm4-1': 0.846}",0.11700000000000443,89.553,inf,89.631,89.631,89.631
1746,TT2,BESTEFFORT,MISSED,m3-1,84.692,"{'m1-1': 2.566, 'm2-1': 1.926, 'm3-1': 4.075, 'm4-1': 0.774}",0.23040000000000022,89.66399999999999,inf,89.79199999999999,89.79199999999999,89.79199999999999
1747,TT1,BESTEFFORT,MISSED,m2-1,84.726,"{'m1-1': 2.095, 'm2-1': 1.512, 'm3-1': 3.775, 'm4-1': 0.626}",0.3060000000000116,89.624,inf,89.726,89.726,89.726
1748,TT3,BESTEFFORT,MISSED,m4-1,84.865,"{'m1-1': 1.965, 'm2-1': 1.317, 'm3-1': 5.76, 'm4-1': 0.981}",0.16200000000000614,89.957,inf,90.065,90.065,90.065
1749,TT2,BESTEFFORT,MISSED,m3-1,84.866,"{'m1-1': 2.319, 'm2-1': 1.984, 'm3-1': 4.242, 'm4-1': 1.005}",0.31320000000001186,89.79199999999999,inf,89.966,89.966,89.966
1750,TT2,BESTEFFORT,MISSED,m3-1,84.886,"{'m1-1': 2.526, 'm2-1': 1.843, 'm3-1': 4.642, 'm4-1': 0.956}",0.035999999999992836,89.966,inf,89.98599999999999,89.98599999999999,89.98599999999999
1751,TT2,BESTEFFORT,MISSED,m1-1,84.895,"{'m1-1': 1.932, 'm2-1': 1.967, 'm3-1': 5.091, 'm4-1': 0.82}",0.2895999999999731,89.81400000000001,inf,89.99499999999999,89.99499999999999,89.99499999999999
1752,TT1,BESTEFFORT,MISSED,m4-1,84.957,"{'m1-1': 2.175, 'm2-1': 1.722, 'm3-1': 3.685, 'm4-1': 0.691}",0.4889999999999901,89.631,inf,89.957,89.957,89.957
1753,TT4,BESTEFFORT,MISSED,m2-1,84.98,"{'m1-1': 2.434, 'm2-1': 1.467, 'm3-1': 4.957, 'm4-1': 0.974}",0.7620000000000147,89.726,inf,89.98,89.98,89.98
1754,TT2,BESTEFFORT,MISSED,m2-1,84.989,"{'m1-1': 2.333, 'm2-1': 1.52, 'm3-1': 4.082, 'm4-1': 0.791}",0.32699999999998397,89.98,inf,90.089,90.089,90.089
1755,TT3,BESTEFFORT,MISSED,m2-1,85.004,"{'m1-1': 2.341, 'm2-1': 1.514, 'm3-1': 5.838, 'm4-1': 0.746}",0.3450000000000273,90.089,inf,90.20400000000001,90.20400000000001,90.20400000000001
1756,TT3,BESTEFFORT,MISSED,m4-1,85.015,"{'m1-1': 1.745, 'm2-1': 1.551, 'm3-1': 4.576, 'm4-1': 0.772}",0.10500000000001108,90.145,inf,90.215,90.215,90.215
1757,TT2,BESTEFFORT,MISSED,m4-1,85.045,"{'m1-1': 2.428, 'm2-1': 1.828, 'm3-1': 4.394, 'm4-1': 0.888}",0.11999999999999744,90.065,inf,90.145,90.145,90.145
1758,TT3,BESTEFFORT,MISSED,m1-1,85.082,"{'m1-1': 2.124, 'm2-1': 1.67, 'm3-1': 5.75, 'm4-1': 0.98}",0.177599999999984,90.171,inf,90.282,90.282,90.282
1759,TT3,BESTEFFORT,MISSED,m3-1,85.163,"{'m1-1': 2.348, 'm2-1': 1.38, 'm3-1': 5.931, 'm4-1': 0.883}",0.6786000000000172,89.98599999999999,inf,90.363,90.363,90.363
1760,TT4,BESTEFFORT,MISSED,m1-1,85.171,"{'m1-1': 2.079, 'm2-1': 1.639, 'm3-1': 4.54, 'm4-1': 1.037}",0.28160000000002583,89.99499999999999,inf,90.171,90.171,90.171
1761,TT3,BESTEFFORT,MISSED,m3-1,85.196,"{'m1-1': 1.92, 'm2-1': 1.467, 'm3-1': 4.345, 'm4-1': 0.844}",0.05940000000000225,90.363,inf,90.396,90.396,90.396
1762,TT4,BESTEFFORT,MISSED,m2-1,85.37,"{'m1-1': 1.975, 'm2-1': 1.605, 'm3-1': 4.185, 'm4-1': 0.786}",0.49799999999999045,90.20400000000001,inf,90.37,90.37,90.37
1763,TT2,BESTEFFORT,MISSED,m3-1,85.419,"{'m1-1': 2.581, 'm2-1': 2.109, 'm3-1': 3.855, 'm4-1': 0.734}",0.2213999999999828,90.396,inf,90.51899999999999,90.51899999999999,90.51899999999999
1764,TT1,BESTEFFORT,MISSED,m1-1,85.445,"{'m1-1': 2.272, 'm2-1': 1.921, 'm3-1': 4.503, 'm4-1': 0.619}",0.26079999999999476,90.282,inf,90.445,90.445,90.445
1765,TT4,BESTEFFORT,MISSED,m4-1,85.496,"{'m1-1': 2.124, 'm2-1': 1.39, 'm3-1': 4.512, 'm4-1': 0.772}",0.42149999999998755,90.215,inf,90.496,90.496,90.496
1766,TT2,BESTEFFORT,MISSED,m4-1,85.539,"{'m1-1': 2.361, 'm2-1': 1.937, 'm3-1': 4.83, 'm4-1': 0.959}",0.21450000000000102,90.496,inf,90.639,90.639,90.639
1767,TT1,BESTEFFORT,MISSED,m2-1,85.542,"{'m1-1': 2.092, 'm2-1': 1.73, 'm3-1': 4.446, 'm4-1': 0.676}",0.5159999999999911,90.37,inf,90.542,90.542,90.542
1768,TT1,BESTEFFORT,MISSED,m3-1,85.563,"{'m1-1': 2.316, 'm2-1': 1.779, 'm3-1': 3.995, 'm4-1': 0.702}",0.07920000000002006,90.51899999999999,inf,90.563,90.563,90.563
1769,TT4,BESTEFFORT,MISSED,m1-1,85.632,"{'m1-1': 2.083, 'm2-1': 1.648, 'm3-1': 4.72, 'm4-1': 0.954}",0.29920000000001895,90.445,inf,90.632,90.632,90.632
1770,TT1,BESTEFFORT,MISSED,m2-1,85.655,"{'m1-1': 2.278, 'm2-1': 1.765, 'm3-1': 4.054, 'm4-1': 0.763}",0.33899999999999864,90.542,inf,90.655,90.655,90.655
1771,TT4,BESTEFFORT,MISSED,m4-1,85.677,"{'m1-1': 2.119, 'm2-1': 1.648, 'm3-1': 5.136, 'm4-1': 0.793}",0.05700000000001637,90.639,inf,90.677,90.677,90.677
1772,TT4,BESTEFFORT,MISSED,m1-1,85.7,"{'m1-1': 1.84, 'm2-1': 1.424, 'm3-1': 3.641, 'm4-1': 1.06}",0.10879999999999655,90.632,inf,90.7,90.7,90.7
1773,TT4,BESTEFFORT,MISSED,m2-1,85.702,"{'m1-1': 1.985, 'm2-1': 1.641, 'm3-1': 4.215, 'm4-1': 0.916}",0.14099999999999113,90.655,inf,90.702,90.702,90.702
1774,TT2,BESTEFFORT,MISSED,m1-1,85.794,"{'m1-1': 2.167, 'm2-1': 2.012, 'm3-1': 3.864, 'm4-1': 0.943}",0.31039999999998147,90.7,inf,90.89399999999999,90.89399999999999,90.89399999999999
1775,TT1,BESTEFFORT,MISSED,m4-1,85.807,"{'m1-1': 2.143, 'm2-1': 1.486, 'm3-1': 3.982, 'm4-1': 0.626}",0.19499999999999318,90.677,inf,90.807,90.807,90.807
1776,TT3,BESTEFFORT,MISSED,m3-1,85.824,"{'m1-1': 2.294, 'm2-1': 1.375, 'm3-1': 5.051, 'm4-1': 0.73}",0.06300000000001944,90.98899999999999,inf,91.024,91.024,91.024
1777,TT2,BESTEFFORT,MISSED,m3-1,85.889,"{'m1-1': 2.308, 'm2-1': 1.836, 'm3-1': 4.568, 'm4-1': 0.995}",0.15299999999998876,90.904,inf,90.98899999999999,90.98899999999999,90.98899999999999
1778,TT1,BESTEFFORT,MISSED,m3-1,85.904,"{'m1-1': 2.192, 'm2-1': 1.552, 'm3-1': 4.369, 'm4-1': 0.755}",0.6137999999999891,90.563,inf,90.904,90.904,90.904
1779,TT1,BESTEFFORT,MISSED,m2-1,85.934,"{'m1-1': 2.279, 'm2-1': 1.631, 'm3-1': 3.858, 'm4-1': 0.663}",0.695999999999998,90.702,inf,90.934,90.934,90.934
1780,TT1,BESTEFFORT,MISSED,m1-1,86.003,"{'m1-1': 1.856, 'm2-1': 1.42, 'm3-1': 4.998, 'm4-1': 0.69}",0.1744000000000142,90.89399999999999,inf,91.003,91.003,91.003
1781,TT4,BESTEFFORT,MISSED,m4-1,86.013,"{'m1-1': 2.281, 'm2-1': 1.644, 'm3-1': 4.995, 'm4-1': 0.824}",0.3090000000000046,90.807,inf,91.013,91.013,91.013
1782,TT2,BESTEFFORT,MISSED,m2-1,86.101,"{'m1-1': 1.89, 'm2-1': 1.776, 'm3-1': 4.813, 'm4-1': 0.799}",0.8009999999999877,90.934,inf,91.201,91.201,91.201
1783,TT3,BESTEFFORT,MISSED,m3-1,86.13,"{'m1-1': 1.886, 'm2-1': 1.787, 'm3-1': 4.696, 'm4-1': 0.861}",0.5507999999999953,91.024,inf,91.33,91.33,91.33
1784,TT2,BESTEFFORT,MISSED,m1-1,86.23,"{'m1-1': 1.946, 'm2-1': 1.97, 'm3-1': 5.05, 'm4-1': 0.937}",0.5231999999999971,91.003,inf,91.33,91.33,91.33
1785,TT1,BESTEFFORT,MISSED,m4-1,86.331,"{'m1-1': 2.597, 'm2-1': 1.438, 'm3-1': 3.942, 'm4-1': 0.784}",0.47699999999999676,91.013,inf,91.331,91.331,91.331
1786,TT2,BESTEFFORT,MISSED,m2-1,86.334,"{'m1-1': 2.045, 'm2-1': 1.513, 'm3-1': 4.313, 'm4-1': 0.867}",0.6990000000000123,91.201,inf,91.434,91.434,91.434
1787,TT3,BESTEFFORT,MISSED,m1-1,86.434,"{'m1-1': 2.33, 'm2-1': 1.333, 'm3-1': 5.784, 'm4-1': 1.011}",0.4864000000000033,91.33,inf,91.634,91.634,91.634
1788,TT2,BESTEFFORT,MISSED,m4-1,86.436,"{'m1-1': 2.631, 'm2-1': 1.951, 'm3-1': 3.635, 'm4-1': 0.776}",0.30749999999999744,91.331,inf,91.536,91.536,91.536
1789,TT3,BESTEFFORT,MISSED,m4-1,86.597,"{'m1-1': 1.746, 'm2-1': 1.381, 'm3-1': 5.581, 'm4-1': 0.793}",0.3914999999999935,91.536,inf,91.797,91.797,91.797
1790,TT3,BESTEFFORT,MISSED,m1-1,86.631,"{'m1-1': 2.2, 'm2-1': 1.718, 'm3-1': 5.502, 'm4-1': 0.874}",0.31520000000000437,91.634,inf,91.831,91.831,91.831
1791,TT2,BESTEFFORT,MISSED,m2-1,86.657,"{'m1-1': 2.384, 'm2-1': 1.904, 'm3-1': 4.107, 'm4-1': 0.741}",0.9689999999999799,91.434,inf,91.75699999999999,91.75699999999999,91.75699999999999
1792,TT3,BESTEFFORT,MISSED,m2-1,86.699,"{'m1-1': 2.138, 'm2-1': 1.275, 'm3-1': 5.748, 'm4-1': 0.8}",0.42600000000003035,91.75699999999999,inf,91.899,91.899,91.899
1793,TT2,BESTEFFORT,MISSED,m3-1,86.773,"{'m1-1': 2.256, 'm2-1': 1.793, 'm3-1': 5.074, 'm4-1': 0.852}",0.977399999999986,91.33,inf,91.87299999999999,91.87299999999999,91.87299999999999
1794,TT3,BESTEFFORT,MISSED,m3-1,86.794,"{'m1-1': 2.104, 'm2-1': 1.583, 'm3-1': 5.119, 'm4-1': 0.886}",0.21780000000001679,91.87299999999999,inf,91.994,91.994,91.994
1795,TT2,BESTEFFORT,MISSED,m1-1,86.913,"{'m1-1': 2.379, 'm2-1': 1.991, 'm3-1': 4.97, 'm4-1': 0.812}",0.29119999999998075,91.831,inf,92.01299999999999,92.01299999999999,92.01299999999999
1796,TT1,BESTEFFORT,MISSED,m4-1,87.078,"{'m1-1': 2.549, 'm2-1': 1.513, 'm3-1': 3.987, 'm4-1': 0.695}",0.42150000000000887,91.797,inf,92.078,92.078,92.078
1797,TT3,BESTEFFORT,MISSED,m1-1,87.136,"{'m1-1': 1.845, 'm2-1': 1.587, 'm3-1': 5.881, 'm4-1': 0.988}",0.516800000000012,92.01299999999999,inf,92.336,92.336,92.336
1798,TT4,BESTEFFORT,MISSED,m3-1,87.14,"{'m1-1': 1.899, 'm2-1': 1.846, 'm3-1': 3.891, 'm4-1': 0.795}",0.2628000000000014,91.994,inf,92.14,92.14,92.14
1799,TT4,BESTEFFORT,MISSED,m2-1,87.23,"{'m1-1': 2.001, 'm2-1': 1.779, 'm3-1': 4.929, 'm4-1': 1.038}",0.9930000000000092,91.899,inf,92.23,92.23,92.23
1800,TT2,BESTEFFORT,MISSED,m3-1,87.265,"{'m1-1': 2.126, 'm2-1': 1.725, 'm3-1': 4.283, 'm4-1': 0.963}",0.40499999999998976,92.14,inf,92.365,92.365,92.365
1801,TT3,BESTEFFORT,MISSED,m4-1,87.317,"{'m1-1': 1.851, 'm2-1': 1.792, 'm3-1': 5.264, 'm4-1': 0.918}",0.6584999999999894,92.078,inf,92.517,92.517,92.517
1802,TT4,BESTEFFORT,MISSED,m2-1,87.58,"{'m1-1': 2.054, 'm2-1': 1.812, 'm3-1': 4.467, 'm4-1': 0.853}",1.049999999999983,92.23,inf,92.58,92.58,92.58
1803,TT4,BESTEFFORT,MISSED,m4-1,87.619,"{'m1-1': 2.112, 'm2-1': 1.771, 'm3-1': 3.638, 'm4-1': 0.984}",0.1530000000000058,92.517,inf,92.619,92.619,92.619
1804,TT2,BESTEFFORT,MISSED,m1-1,87.677,"{'m1-1': 2.525, 'm2-1': 1.522, 'm3-1': 4.119, 'm4-1': 0.737}",0.705600000000004,92.336,inf,92.777,92.777,92.777
1805,TT1,BESTEFFORT,MISSED,m2-1,87.783,"{'m1-1': 2.54, 'm2-1': 1.567, 'm3-1': 4.782, 'm4-1': 0.694}",0.6090000000000089,92.58,inf,92.783,92.783,92.783
1806,TT3,BESTEFFORT,MISSED,m1-1,87.844,"{'m1-1': 1.805, 'm2-1': 1.467, 'm3-1': 5.705, 'm4-1': 0.892}",0.4271999999999935,92.777,inf,93.044,93.044,93.044
1807,TT3,BESTEFFORT,MISSED,m1-1,88.034,"{'m1-1': 1.83, 'm2-1': 1.547, 'm3-1': 4.921, 'm4-1': 1.001}",0.30400000000001914,93.044,inf,93.23400000000001,93.23400000000001,93.23400000000001
1808,TT1,BESTEFFORT,MISSED,m4-1,88.035,"{'m1-1': 2.581, 'm2-1': 1.811, 'm3-1': 5.099, 'm4-1': 0.854}",0.6239999999999952,92.619,inf,93.035,93.035,93.035
1809,TT1,BESTEFFORT,MISSED,m3-1,88.059,"{'m1-1': 2.011, 'm2-1': 1.789, 'm3-1': 4.567, 'm4-1': 0.752}",1.2492000000000048,92.365,inf,93.059,93.059,93.059
1810,TT4,BESTEFFORT,MISSED,m2-1,88.191,"{'m1-1': 2.067, 'm2-1': 1.758, 'm3-1': 4.092, 'm4-1': 0.902}",1.2240000000000038,92.783,inf,93.191,93.191,93.191
1811,TT1,BESTEFFORT,MISSED,m3-1,88.217,"{'m1-1': 1.88, 'm2-1': 1.515, 'm3-1': 4.322, 'm4-1': 0.773}",0.28440000000000226,93.059,inf,93.217,93.217,93.217
1812,TT1,BESTEFFORT,MISSED,m4-1,88.235,"{'m1-1': 2.476, 'm2-1': 1.458, 'm3-1': 4.77, 'm4-1': 0.698}",0.30000000000000426,93.035,inf,93.235,93.235,93.235
1813,TT4,BESTEFFORT,MISSED,m3-1,88.339,"{'m1-1': 2.262, 'm2-1': 1.825, 'm3-1': 5.095, 'm4-1': 0.986}",0.2195999999999998,93.217,inf,93.339,93.339,93.339
1814,TT3,BESTEFFORT,MISSED,m2-1,88.344,"{'m1-1': 2.165, 'm2-1': 1.492, 'm3-1': 4.782, 'm4-1': 0.889}",0.07799999999998875,93.518,inf,93.544,93.544,93.544
1815,TT4,BESTEFFORT,MISSED,m2-1,88.431,"{'m1-1': 2.059, 'm2-1': 1.648, 'm3-1': 4.103, 'm4-1': 0.874}",0.7199999999999847,93.191,inf,93.431,93.431,93.431
1816,TT4,BESTEFFORT,MISSED,m1-1,88.444,"{'m1-1': 1.845, 'm2-1': 1.833, 'm3-1': 4.547, 'm4-1': 0.808}",0.33599999999999003,93.23400000000001,inf,93.444,93.444,93.444
1817,TT2,BESTEFFORT,MISSED,m4-1,88.45,"{'m1-1': 2.435, 'm2-1': 2.104, 'm3-1': 4.011, 'm4-1': 0.852}",0.02999999999999403,93.53,inf,93.55,93.55,93.55
1818,TT1,BESTEFFORT,MISSED,m3-1,88.452,"{'m1-1': 2.455, 'm2-1': 1.613, 'm3-1': 4.083, 'm4-1': 0.671}",0.2033999999999992,93.339,inf,93.452,93.452,93.452
1819,TT4,BESTEFFORT,MISSED,m4-1,88.466,"{'m1-1': 1.828, 'm2-1': 1.366, 'm3-1': 4.851, 'm4-1': 0.971}",0.3464999999999918,93.235,inf,93.466,93.466,93.466
1820,TT1,BESTEFFORT,MISSED,m2-1,88.518,"{'m1-1': 2.558, 'm2-1': 1.462, 'm3-1': 4.16, 'm4-1': 0.681}",0.2610000000000099,93.431,inf,93.518,93.518,93.518
1821,TT3,BESTEFFORT,MISSED,m2-1,88.52,"{'m1-1': 2.168, 'm2-1': 1.459, 'm3-1': 5.831, 'm4-1': 0.817}",0.5280000000000058,93.544,inf,93.72,93.72,93.72
1822,TT4,BESTEFFORT,MISSED,m4-1,88.53,"{'m1-1': 1.758, 'm2-1': 1.75, 'm3-1': 4.993, 'm4-1': 0.791}",0.09600000000001074,93.466,inf,93.53,93.53,93.53
1823,TT4,BESTEFFORT,MISSED,m1-1,88.534,"{'m1-1': 1.899, 'm2-1': 1.749, 'm3-1': 4.02, 'm4-1': 0.913}",0.14400000000000546,93.444,inf,93.534,93.534,93.534
1824,TT4,BESTEFFORT,MISSED,m1-1,88.562,"{'m1-1': 1.989, 'm2-1': 1.543, 'm3-1': 3.75, 'm4-1': 0.93}",0.044799999999986545,93.534,inf,93.562,93.562,93.562
1825,TT1,BESTEFFORT,MISSED,m3-1,88.626,"{'m1-1': 2.064, 'm2-1': 1.868, 'm3-1': 4.052, 'm4-1': 0.763}",0.31320000000001186,93.452,inf,93.626,93.626,93.626
1826,TT3,BESTEFFORT,MISSED,m4-1,88.648,"{'m1-1': 2.39, 'm2-1': 1.513, 'm3-1': 5.522, 'm4-1': 0.756}",0.44700000000000273,93.55,inf,93.848,93.848,93.848
1827,TT3,BESTEFFORT,MISSED,m3-1,88.711,"{'m1-1': 1.999, 'm2-1': 1.706, 'm3-1': 4.346, 'm4-1': 0.855}",0.3149999999999949,93.736,inf,93.911,93.911,93.911
1828,TT4,BESTEFFORT,MISSED,m3-1,88.736,"{'m1-1': 1.748, 'm2-1': 1.369, 'm3-1': 3.901, 'm4-1': 0.897}",0.19799999999999898,93.626,inf,93.736,93.736,93.736
1829,TT4,BESTEFFORT,MISSED,m1-1,88.809,"{'m1-1': 2.176, 'm2-1': 1.379, 'm3-1': 3.757, 'm4-1': 0.989}",0.39519999999999983,93.562,inf,93.809,93.809,93.809
1830,TT3,BESTEFFORT,MISSED,m3-1,88.876,"{'m1-1': 2.26, 'm2-1': 1.6, 'm3-1': 4.463, 'm4-1': 0.749}",0.29700000000001125,93.911,inf,94.07600000000001,94.07600000000001,94.07600000000001
1831,TT2,BESTEFFORT,MISSED,m2-1,88.919,"{'m1-1': 2.104, 'm2-1': 1.908, 'm3-1': 3.635, 'm4-1': 0.803}",0.8969999999999771,93.72,inf,94.01899999999999,94.01899999999999,94.01899999999999
1832,TT2,BESTEFFORT,MISSED,m2-1,89.01,"{'m1-1': 2.532, 'm2-1': 2.087, 'm3-1': 3.978, 'm4-1': 0.812}",0.27300000000002456,94.01899999999999,inf,94.11,94.11,94.11
1833,TT4,BESTEFFORT,MISSED,m1-1,89.037,"{'m1-1': 1.88, 'm2-1': 1.395, 'm3-1': 3.66, 'm4-1': 0.94}",0.36480000000001384,93.809,inf,94.037,94.037,94.037
1834,TT3,BESTEFFORT,MISSED,m3-1,89.08,"{'m1-1': 2.017, 'm2-1': 1.639, 'm3-1': 4.293, 'm4-1': 0.73}",0.03960000000001003,94.258,inf,94.28,94.28,94.28
1835,TT1,BESTEFFORT,MISSED,m4-1,89.083,"{'m1-1': 1.974, 'm2-1': 1.566, 'm3-1': 5.067, 'm4-1': 0.786}",0.35249999999999915,93.848,inf,94.083,94.083,94.083
1836,TT2,BESTEFFORT,MISSED,m1-1,89.112,"{'m1-1': 1.976, 'm2-1': 1.658, 'm3-1': 4.785, 'm4-1': 0.944}",0.041599999999971264,94.186,inf,94.21199999999999,94.21199999999999,94.21199999999999
1837,TT1,BESTEFFORT,MISSED,m4-1,89.122,"{'m1-1': 2.452, 'm2-1': 1.876, 'm3-1': 4.857, 'm4-1': 0.849}",0.05850000000000222,94.083,inf,94.122,94.122,94.122
1838,TT1,BESTEFFORT,MISSED,m1-1,89.186,"{'m1-1': 2.434, 'm2-1': 1.518, 'm3-1': 4.437, 'm4-1': 0.664}",0.23840000000000147,94.037,inf,94.186,94.186,94.186
1839,TT4,BESTEFFORT,MISSED,m2-1,89.187,"{'m1-1': 1.954, 'm2-1': 1.478, 'm3-1': 4.822, 'm4-1': 0.789}",0.23099999999999454,94.11,inf,94.187,94.187,94.187
1840,TT1,BESTEFFORT,MISSED,m4-1,89.205,"{'m1-1': 2.041, 'm2-1': 1.485, 'm3-1': 4.405, 'm4-1': 0.742}",0.12449999999999761,94.122,inf,94.205,94.205,94.205
1841,TT1,BESTEFFORT,MISSED,m3-1,89.258,"{'m1-1': 2.528, 'm2-1': 1.733, 'm3-1': 4.061, 'm4-1': 0.674}",0.3275999999999783,94.07600000000001,inf,94.258,94.258,94.258
1842,TT1,BESTEFFORT,MISSED,m2-1,89.264,"{'m1-1': 1.901, 'm2-1': 1.834, 'm3-1': 4.843, 'm4-1': 0.691}",0.23099999999999454,94.187,inf,94.264,94.264,94.264
1843,TT4,BESTEFFORT,MISSED,m1-1,89.299,"{'m1-1': 2.014, 'm2-1': 1.791, 'm3-1': 3.685, 'm4-1': 0.933}",0.13920000000002802,94.21199999999999,inf,94.299,94.299,94.299
1844,TT3,BESTEFFORT,MISSED,m4-1,89.308,"{'m1-1': 2.206, 'm2-1': 1.594, 'm3-1': 5.422, 'm4-1': 0.916}",0.4545000000000172,94.205,inf,94.50800000000001,94.50800000000001,94.50800000000001
1845,TT1,BESTEFFORT,MISSED,m3-1,89.546,"{'m1-1': 2.525, 'm2-1': 1.696, 'm3-1': 4.253, 'm4-1': 0.805}",0.4788000000000096,94.28,inf,94.546,94.546,94.546
1846,TT3,BESTEFFORT,MISSED,m1-1,89.591,"{'m1-1': 2.323, 'm2-1': 1.716, 'm3-1': 5.817, 'm4-1': 0.903}",0.7871999999999844,94.299,inf,94.791,94.791,94.791
1847,TT3,BESTEFFORT,MISSED,m3-1,89.684,"{'m1-1': 1.819, 'm2-1': 1.532, 'm3-1': 5.658, 'm4-1': 0.884}",0.608399999999989,94.546,inf,94.884,94.884,94.884
1848,TT4,BESTEFFORT,MISSED,m2-1,89.688,"{'m1-1': 2.075, 'm2-1': 1.74, 'm3-1': 4.255, 'm4-1': 0.953}",1.2720000000000198,94.264,inf,94.688,94.688,94.688
1849,TT4,BESTEFFORT,MISSED,m4-1,90.005,"{'m1-1': 1.922, 'm2-1': 1.836, 'm3-1': 4.118, 'm4-1': 1.045}",0.7454999999999785,94.50800000000001,inf,95.005,95.005,95.005
1850,TT4,BESTEFFORT,MISSED,m2-1,90.059,"{'m1-1': 2.172, 'm2-1': 1.859, 'm3-1': 4.146, 'm4-1': 0.988}",1.1129999999999853,94.688,inf,95.059,95.059,95.059
1851,TT2,BESTEFFORT,MISSED,m1-1,90.126,"{'m1-1': 2.241, 'm2-1': 1.747, 'm3-1': 3.823, 'm4-1': 0.843}",0.6960000000000037,94.791,inf,95.226,95.226,95.226
1852,TT3,BESTEFFORT,MISSED,m3-1,90.156,"{'m1-1': 1.889, 'm2-1': 1.499, 'm3-1': 5.965, 'm4-1': 0.782}",0.8496000000000151,94.884,inf,95.35600000000001,95.35600000000001,95.35600000000001
1853,TT4,BESTEFFORT,MISSED,m4-1,90.156,"{'m1-1': 1.91, 'm2-1': 1.625, 'm3-1': 4.034, 'm4-1': 0.919}",0.2265000000000157,95.005,inf,95.156,95.156,95.156
1854,TT3,BESTEFFORT,MISSED,m2-1,90.237,"{'m1-1': 2.367, 'm2-1': 1.308, 'm3-1': 4.488, 'm4-1': 0.806}",0.5969999999999942,95.238,inf,95.437,95.437,95.437
1855,TT4,BESTEFFORT,MISSED,m2-1,90.238,"{'m1-1': 2.198, 'm2-1': 1.861, 'm3-1': 4.939, 'm4-1': 0.967}",0.5370000000000061,95.059,inf,95.238,95.238,95.238
1856,TT4,BESTEFFORT,MISSED,m4-1,90.243,"{'m1-1': 2.175, 'm2-1': 1.479, 'm3-1': 3.989, 'm4-1': 0.82}",0.13049999999998363,95.156,inf,95.243,95.243,95.243
1857,TT3,BESTEFFORT,MISSED,m3-1,90.266,"{'m1-1': 1.828, 'm2-1': 1.297, 'm3-1': 4.237, 'm4-1': 0.906}",0.19799999999999898,95.35600000000001,inf,95.46600000000001,95.46600000000001,95.46600000000001
1858,TT1,BESTEFFORT,MISSED,m1-1,90.295,"{'m1-1': 2.467, 'm2-1': 1.408, 'm3-1': 4.364, 'm4-1': 0.698}",0.11040000000000419,95.226,inf,95.295,95.295,95.295
1859,TT3,BESTEFFORT,MISSED,m3-1,90.386,"{'m1-1': 2.182, 'm2-1': 1.271, 'm3-1': 5.333, 'm4-1': 0.8}",0.21599999999998262,95.46600000000001,inf,95.586,95.586,95.586
1860,TT2,BESTEFFORT,MISSED,m4-1,90.39,"{'m1-1': 2.024, 'm2-1': 1.906, 'm3-1': 4.06, 'm4-1': 0.775}",0.37049999999999983,95.243,inf,95.49,95.49,95.49
1861,TT3,BESTEFFORT,MISSED,m3-1,90.422,"{'m1-1': 2.073, 'm2-1': 1.329, 'm3-1': 4.575, 'm4-1': 0.894}",0.06480000000000245,95.586,inf,95.622,95.622,95.622
1862,TT3,BESTEFFORT,MISSED,m4-1,90.449,"{'m1-1': 2.188, 'm2-1': 1.344, 'm3-1': 4.306, 'm4-1': 0.91}",0.23850000000000904,95.49,inf,95.649,95.649,95.649
1863,TT1,BESTEFFORT,MISSED,m1-1,90.481,"{'m1-1': 1.963, 'm2-1': 1.641, 'm3-1': 5.096, 'm4-1': 0.631}",0.29759999999998854,95.295,inf,95.481,95.481,95.481
1864,TT2,BESTEFFORT,MISSED,m2-1,90.571,"{'m1-1': 2.14, 'm2-1': 1.749, 'm3-1': 4.128, 'm4-1': 0.836}",0.21599999999996555,95.599,inf,95.67099999999999,95.67099999999999,95.67099999999999
1865,TT4,BESTEFFORT,MISSED,m2-1,90.599,"{'m1-1': 1.95, 'm2-1': 1.726, 'm3-1': 3.934, 'm4-1': 0.823}",0.4860000000000184,95.437,inf,95.599,95.599,95.599
1866,TT4,BESTEFFORT,MISSED,m1-1,90.614,"{'m1-1': 2.118, 'm2-1': 1.812, 'm3-1': 4.939, 'm4-1': 1.021}",0.21280000000001564,95.481,inf,95.614,95.614,95.614
1867,TT1,BESTEFFORT,MISSED,m4-1,90.68,"{'m1-1': 2.07, 'm2-1': 1.88, 'm3-1': 4.005, 'm4-1': 0.701}",0.04650000000000887,95.649,inf,95.68,95.68,95.68
1868,TT3,BESTEFFORT,MISSED,m4-1,90.719,"{'m1-1': 2.037, 'm2-1': 1.426, 'm3-1': 5.962, 'm4-1': 0.896}",0.35849999999998516,95.68,inf,95.919,95.919,95.919
1869,TT2,BESTEFFORT,MISSED,m1-1,90.741,"{'m1-1': 2.324, 'm2-1': 2.002, 'm3-1': 4.626, 'm4-1': 0.867}",0.3631999999999835,95.614,inf,95.841,95.841,95.841
1870,TT2,BESTEFFORT,MISSED,m1-1,90.841,"{'m1-1': 1.868, 'm2-1': 1.892, 'm3-1': 4.872, 'm4-1': 1.0}",0.15999999999999093,95.841,inf,95.94099999999999,95.94099999999999,95.94099999999999
1871,TT4,BESTEFFORT,MISSED,m2-1,90.858,"{'m1-1': 1.827, 'm2-1': 1.401, 'm3-1': 4.934, 'm4-1': 0.94}",0.5610000000000355,95.67099999999999,inf,95.858,95.858,95.858
1872,TT2,BESTEFFORT,MISSED,m3-1,90.939,"{'m1-1': 1.915, 'm2-1': 2.07, 'm3-1': 4.731, 'm4-1': 1.013}",0.7505999999999773,95.622,inf,96.03899999999999,96.03899999999999,96.03899999999999
1873,TT4,BESTEFFORT,MISSED,m2-1,91.071,"{'m1-1': 2.228, 'm2-1': 1.852, 'm3-1': 4.518, 'm4-1': 1.018}",0.6389999999999816,95.858,inf,96.071,96.071,96.071
1874,TT1,BESTEFFORT,MISSED,m3-1,91.144,"{'m1-1': 2.165, 'm2-1': 1.669, 'm3-1': 4.268, 'm4-1': 0.711}",0.18900000000003275,96.03899999999999,inf,96.144,96.144,96.144
1875,TT2,BESTEFFORT,MISSED,m1-1,91.148,"{'m1-1': 2.134, 'm2-1': 1.609, 'm3-1': 4.987, 'm4-1': 0.928}",0.49120000000000347,95.94099999999999,inf,96.24799999999999,96.24799999999999,96.24799999999999
1876,TT3,BESTEFFORT,MISSED,m3-1,91.191,"{'m1-1': 2.396, 'm2-1': 1.34, 'm3-1': 5.751, 'm4-1': 0.845}",0.44459999999999983,96.144,inf,96.391,96.391,96.391
1877,TT3,BESTEFFORT,MISSED,m2-1,91.207,"{'m1-1': 1.871, 'm2-1': 1.789, 'm3-1': 4.458, 'm4-1': 0.969}",1.0079999999999956,96.071,inf,96.407,96.407,96.407
1878,TT2,BESTEFFORT,MISSED,m4-1,91.246,"{'m1-1': 2.142, 'm2-1': 2.117, 'm3-1': 3.918, 'm4-1': 0.748}",0.6404999999999887,95.919,inf,96.34599999999999,96.34599999999999,96.34599999999999
1879,TT3,BESTEFFORT,MISSED,m4-1,91.362,"{'m1-1': 1.901, 'm2-1': 1.7, 'm3-1': 5.888, 'm4-1': 0.869}",0.049500000000001876,96.529,inf,96.562,96.562,96.562
1880,TT3,BESTEFFORT,MISSED,m1-1,91.365,"{'m1-1': 1.947, 'm2-1': 1.327, 'm3-1': 4.798, 'm4-1': 0.734}",0.14400000000000546,96.475,inf,96.565,96.565,96.565
1881,TT2,BESTEFFORT,MISSED,m4-1,91.429,"{'m1-1': 1.972, 'm2-1': 2.04, 'm3-1': 4.772, 'm4-1': 0.788}",0.2745000000000104,96.34599999999999,inf,96.529,96.529,96.529
1882,TT1,BESTEFFORT,MISSED,m1-1,91.475,"{'m1-1': 2.351, 'm2-1': 1.98, 'm3-1': 4.491, 'm4-1': 0.808}",0.3632000000000062,96.24799999999999,inf,96.475,96.475,96.475
1883,TT4,BESTEFFORT,MISSED,m3-1,91.483,"{'m1-1': 2.032, 'm2-1': 1.7, 'm3-1': 3.869, 'm4-1': 0.848}",0.16559999999999775,96.391,inf,96.483,96.483,96.483
1884,TT4,BESTEFFORT,MISSED,m2-1,91.538,"{'m1-1': 1.81, 'm2-1': 1.766, 'm3-1': 4.557, 'm4-1': 0.859}",0.3930000000000007,96.407,inf,96.538,96.538,96.538
1885,TT3,BESTEFFORT,MISSED,m2-1,91.59,"{'m1-1': 2.248, 'm2-1': 1.385, 'm3-1': 5.741, 'm4-1': 0.968}",0.24900000000003786,96.707,inf,96.79,96.79,96.79
1886,TT3,BESTEFFORT,MISSED,m3-1,91.678,"{'m1-1': 2.075, 'm2-1': 1.756, 'm3-1': 5.865, 'm4-1': 0.927}",0.16920000000001495,96.78399999999999,inf,96.878,96.878,96.878
1887,TT2,BESTEFFORT,MISSED,m3-1,91.684,"{'m1-1': 2.636, 'm2-1': 1.899, 'm3-1': 5.022, 'm4-1': 0.898}",0.541799999999978,96.483,inf,96.78399999999999,96.78399999999999,96.78399999999999
1888,TT1,BESTEFFORT,MISSED,m2-1,91.707,"{'m1-1': 1.889, 'm2-1': 1.542, 'm3-1': 4.361, 'm4-1': 0.661}",0.5069999999999908,96.538,inf,96.707,96.707,96.707
1889,TT1,BESTEFFORT,MISSED,m4-1,91.711,"{'m1-1': 2.207, 'm2-1': 1.482, 'm3-1': 4.024, 'm4-1': 0.795}",0.22350000000000136,96.562,inf,96.711,96.711,96.711
1890,TT1,BESTEFFORT,MISSED,m1-1,91.713,"{'m1-1': 2.144, 'm2-1': 1.559, 'm3-1': 3.897, 'm4-1': 0.775}",0.23679999999999382,96.565,inf,96.713,96.713,96.713
1891,TT3,BESTEFFORT,MISSED,m4-1,91.772,"{'m1-1': 1.977, 'm2-1': 1.584, 'm3-1': 5.831, 'm4-1': 0.793}",0.39150000000001484,96.711,inf,96.97200000000001,96.97200000000001,96.97200000000001
1892,TT2,BESTEFFORT,MISSED,m1-1,91.802,"{'m1-1': 2.313, 'm2-1': 1.525, 'm3-1': 4.975, 'm4-1': 0.766}",0.3024000000000115,96.713,inf,96.902,96.902,96.902
1893,TT3,BESTEFFORT,MISSED,m1-1,91.913,"{'m1-1': 2.028, 'm2-1': 1.667, 'm3-1': 4.393, 'm4-1': 0.823}",0.3375999999999977,96.902,inf,97.113,97.113,97.113
1894,TT3,BESTEFFORT,MISSED,m3-1,91.917,"{'m1-1': 1.934, 'm2-1': 1.312, 'm3-1': 4.947, 'm4-1': 0.731}",0.18900000000000716,97.012,inf,97.117,97.117,97.117
1895,TT3,BESTEFFORT,MISSED,m2-1,91.954,"{'m1-1': 2.252, 'm2-1': 1.458, 'm3-1': 4.933, 'm4-1': 0.797}",0.2610000000000099,97.067,inf,97.154,97.154,97.154
1896,TT3,BESTEFFORT,MISSED,m4-1,91.981,"{'m1-1': 1.736, 'm2-1': 1.398, 'm3-1': 5.668, 'm4-1': 0.811}",0.05099999999998772,97.147,inf,97.181,97.181,97.181
1897,TT4,BESTEFFORT,MISSED,m3-1,92.012,"{'m1-1': 1.749, 'm2-1': 1.666, 'm3-1': 4.421, 'm4-1': 1.016}",0.2412000000000006,96.878,inf,97.012,97.012,97.012
1898,TT3,BESTEFFORT,MISSED,m4-1,92.066,"{'m1-1': 1.857, 'm2-1': 1.789, 'm3-1': 5.306, 'm4-1': 0.955}",0.12750000000001194,97.181,inf,97.266,97.266,97.266
1899,TT4,BESTEFFORT,MISSED,m2-1,92.067,"{'m1-1': 2.055, 'm2-1': 1.604, 'm3-1': 4.342, 'm4-1': 0.768}",0.8309999999999604,96.79,inf,97.067,97.067,97.067
1900,TT3,BESTEFFORT,MISSED,m3-1,92.142,"{'m1-1': 2.016, 'm2-1': 1.597, 'm3-1': 4.66, 'm4-1': 0.986}",0.40499999999998976,97.117,inf,97.342,97.342,97.342
1901,TT4,BESTEFFORT,MISSED,m4-1,92.147,"{'m1-1': 1.84, 'm2-1': 1.852, 'm3-1': 4.291, 'm4-1': 1.019}",0.26249999999999574,96.97200000000001,inf,97.147,97.147,97.147
1902,TT4,BESTEFFORT,MISSED,m1-1,92.19,"{'m1-1': 1.796, 'm2-1': 1.567, 'm3-1': 3.694, 'm4-1': 0.925}",0.12319999999999709,97.113,inf,97.19,97.19,97.19
1903,TT3,BESTEFFORT,MISSED,m2-1,92.225,"{'m1-1': 2.227, 'm2-1': 1.739, 'm3-1': 5.969, 'm4-1': 0.816}",0.5370000000000061,97.246,inf,97.425,97.425,97.425
1904,TT1,BESTEFFORT,MISSED,m2-1,92.246,"{'m1-1': 2.454, 'm2-1': 1.815, 'm3-1': 4.272, 'm4-1': 0.829}",0.27599999999999625,97.154,inf,97.246,97.246,97.246
1905,TT1,BESTEFFORT,MISSED,m1-1,92.317,"{'m1-1': 2.169, 'm2-1': 1.883, 'm3-1': 4.711, 'm4-1': 0.854}",0.20319999999999255,97.19,inf,97.317,97.317,97.317
1906,TT2,BESTEFFORT,MISSED,m3-1,92.336,"{'m1-1': 1.969, 'm2-1': 1.743, 'm3-1': 3.63, 'm4-1': 0.9}",0.16919999999998936,97.342,inf,97.43599999999999,97.43599999999999,97.43599999999999
1907,TT2,BESTEFFORT,MISSED,m3-1,92.458,"{'m1-1': 2.01, 'm2-1': 1.821, 'm3-1': 3.978, 'm4-1': 0.748}",0.2195999999999998,97.43599999999999,inf,97.55799999999999,97.55799999999999,97.55799999999999
1908,TT1,BESTEFFORT,MISSED,m1-1,92.46,"{'m1-1': 2.582, 'm2-1': 1.762, 'm3-1': 4.765, 'm4-1': 0.79}",0.2288000000000011,97.317,inf,97.46,97.46,97.46
1909,TT4,BESTEFFORT,MISSED,m4-1,92.483,"{'m1-1': 2.001, 'm2-1': 1.709, 'm3-1': 3.965, 'm4-1': 0.771}",0.3254999999999981,97.266,inf,97.483,97.483,97.483
1910,TT2,BESTEFFORT,MISSED,m1-1,92.597,"{'m1-1': 2.377, 'm2-1': 1.924, 'm3-1': 4.599, 'm4-1': 0.954}",0.37919999999999165,97.46,inf,97.69699999999999,97.69699999999999,97.69699999999999
1911,TT4,BESTEFFORT,MISSED,m2-1,92.608,"{'m1-1': 2.322, 'm2-1': 1.64, 'm3-1': 3.757, 'm4-1': 0.821}",0.5490000000000208,97.425,inf,97.608,97.608,97.608
1912,TT3,BESTEFFORT,MISSED,m4-1,92.627,"{'m1-1': 1.957, 'm2-1': 1.444, 'm3-1': 5.778, 'm4-1': 0.822}",0.5159999999999911,97.483,inf,97.827,97.827,97.827
1913,TT2,BESTEFFORT,MISSED,m2-1,92.745,"{'m1-1': 1.969, 'm2-1': 1.998, 'm3-1': 4.504, 'm4-1': 0.883}",0.7109999999999843,97.608,inf,97.845,97.845,97.845
1914,TT1,BESTEFFORT,MISSED,m3-1,92.758,"{'m1-1': 2.446, 'm2-1': 1.867, 'm3-1': 4.53, 'm4-1': 0.628}",0.36000000000000515,97.55799999999999,inf,97.758,97.758,97.758
1915,TT4,BESTEFFORT,MISSED,m4-1,92.868,"{'m1-1': 2.119, 'm2-1': 1.359, 'm3-1': 4.817, 'm4-1': 1.05}",0.061499999999995225,97.827,inf,97.868,97.868,97.868
1916,TT2,BESTEFFORT,MISSED,m1-1,92.918,"{'m1-1': 2.094, 'm2-1': 1.648, 'm3-1': 4.231, 'm4-1': 0.987}",0.5136000000000195,97.69699999999999,inf,98.018,98.018,98.018
1917,TT1,BESTEFFORT,MISSED,m2-1,93.08,"{'m1-1': 2.55, 'm2-1': 1.545, 'm3-1': 3.711, 'm4-1': 0.715}",0.7049999999999983,97.845,inf,98.08,98.08,98.08
1918,TT2,BESTEFFORT,MISSED,m1-1,93.124,"{'m1-1': 2.015, 'm2-1': 2.095, 'm3-1': 4.894, 'm4-1': 0.744}",0.3295999999999822,98.018,inf,98.22399999999999,98.22399999999999,98.22399999999999
1919,TT1,BESTEFFORT,MISSED,m4-1,93.152,"{'m1-1': 2.4, 'm2-1': 1.51, 'm3-1': 4.235, 'm4-1': 0.834}",0.42600000000000904,97.868,inf,98.152,98.152,98.152
1920,TT2,BESTEFFORT,MISSED,m3-1,93.162,"{'m1-1': 2.316, 'm2-1': 1.52, 'm3-1': 4.331, 'm4-1': 0.793}",0.035999999999992836,98.242,inf,98.262,98.262,98.262
1921,TT4,BESTEFFORT,MISSED,m3-1,93.242,"{'m1-1': 2.155, 'm2-1': 1.731, 'm3-1': 3.771, 'm4-1': 0.915}",0.871200000000016,97.758,inf,98.242,98.242,98.242
1922,TT4,BESTEFFORT,MISSED,m2-1,93.258,"{'m1-1': 1.732, 'm2-1': 1.373, 'm3-1': 4.348, 'm4-1': 0.902}",0.5339999999999918,98.08,inf,98.258,98.258,98.258
1923,TT2,BESTEFFORT,MISSED,m4-1,93.466,"{'m1-1': 1.922, 'm2-1': 1.74, 'm3-1': 4.243, 'm4-1': 0.967}",0.6209999999999809,98.152,inf,98.56599999999999,98.56599999999999,98.56599999999999
1924,TT3,BESTEFFORT,MISSED,m1-1,93.512,"{'m1-1': 2.156, 'm2-1': 1.514, 'm3-1': 4.822, 'm4-1': 0.821}",0.24159999999999401,98.561,inf,98.712,98.712,98.712
1925,TT4,BESTEFFORT,MISSED,m1-1,93.561,"{'m1-1': 2.102, 'm2-1': 1.643, 'm3-1': 3.69, 'm4-1': 0.971}",0.539200000000028,98.22399999999999,inf,98.561,98.561,98.561
1926,TT4,BESTEFFORT,MISSED,m3-1,93.587,"{'m1-1': 2.107, 'm2-1': 1.496, 'm3-1': 3.961, 'm4-1': 0.768}",0.5850000000000052,98.262,inf,98.587,98.587,98.587
1927,TT2,BESTEFFORT,MISSED,m3-1,93.623,"{'m1-1': 2.15, 'm2-1': 1.943, 'm3-1': 4.984, 'm4-1': 1.016}",0.24479999999999222,98.587,inf,98.723,98.723,98.723
1928,TT3,BESTEFFORT,MISSED,m4-1,93.628,"{'m1-1': 2.032, 'm2-1': 1.682, 'm3-1': 4.911, 'm4-1': 0.794}",0.393000000000022,98.56599999999999,inf,98.828,98.828,98.828
1929,TT4,BESTEFFORT,MISSED,m2-1,93.664,"{'m1-1': 2.123, 'm2-1': 1.741, 'm3-1': 4.877, 'm4-1': 0.957}",1.2180000000000177,98.258,inf,98.664,98.664,98.664
1930,TT3,BESTEFFORT,MISSED,m2-1,93.791,"{'m1-1': 1.794, 'm2-1': 1.556, 'm3-1': 5.222, 'm4-1': 0.744}",0.9809999999999945,98.664,inf,98.991,98.991,98.991
1931,TT1,BESTEFFORT,MISSED,m4-1,94.041,"{'m1-1': 2.044, 'm2-1': 1.86, 'm3-1': 5.043, 'm4-1': 0.68}",0.3194999999999908,98.828,inf,99.041,99.041,99.041
1932,TT3,BESTEFFORT,MISSED,m1-1,94.053,"{'m1-1': 2.365, 'm2-1': 1.75, 'm3-1': 5.622, 'm4-1': 0.884}",0.10080000000000383,99.19,inf,99.253,99.253,99.253
1933,TT2,BESTEFFORT,MISSED,m1-1,94.09,"{'m1-1': 2.256, 'm2-1': 1.787, 'm3-1': 4.884, 'm4-1': 0.76}",0.7647999999999912,98.712,inf,99.19,99.19,99.19
1934,TT2,BESTEFFORT,MISSED,m2-1,94.124,"{'m1-1': 1.91, 'm2-1': 1.662, 'm3-1': 4.851, 'm4-1': 0.805}",0.6989999999999696,98.991,inf,99.22399999999999,99.22399999999999,99.22399999999999
1935,TT2,BESTEFFORT,MISSED,m4-1,94.152,"{'m1-1': 2.06, 'm2-1': 1.827, 'm3-1': 4.024, 'm4-1': 0.738}",0.3164999999999978,99.041,inf,99.252,99.252,99.252
1936,TT1,BESTEFFORT,MISSED,m3-1,94.288,"{'m1-1': 1.882, 'm2-1': 1.711, 'm3-1': 4.516, 'm4-1': 0.79}",1.016999999999996,98.723,inf,99.288,99.288,99.288
1937,TT3,BESTEFFORT,MISSED,m1-1,94.334,"{'m1-1': 2.381, 'm2-1': 1.318, 'm3-1': 4.935, 'm4-1': 0.785}",0.4496000000000095,99.253,inf,99.534,99.534,99.534
1938,TT3,BESTEFFORT,MISSED,m4-1,94.357,"{'m1-1': 2.128, 'm2-1': 1.346, 'm3-1': 4.304, 'm4-1': 0.985}",0.45750000000001023,99.252,inf,99.557,99.557,99.557
1939,TT1,BESTEFFORT,MISSED,m2-1,94.365,"{'m1-1': 2.597, 'm2-1': 1.958, 'm3-1': 4.263, 'm4-1': 0.616}",0.42300000000001603,99.22399999999999,inf,99.365,99.365,99.365
1940,TT3,BESTEFFORT,MISSED,m3-1,94.427,"{'m1-1': 2.332, 'm2-1': 1.693, 'm3-1': 5.848, 'm4-1': 0.831}",0.21600000000000819,99.507,inf,99.62700000000001,99.62700000000001,99.62700000000001
1941,TT1,BESTEFFORT,MISSED,m3-1,94.507,"{'m1-1': 1.885, 'm2-1': 1.866, 'm3-1': 4.564, 'm4-1': 0.811}",0.3942000000000149,99.288,inf,99.507,99.507,99.507
1942,TT3,BESTEFFORT,MISSED,m2-1,94.547,"{'m1-1': 2.369, 'm2-1': 1.298, 'm3-1': 4.987, 'm4-1': 0.769}",1.146000000000015,99.365,inf,99.747,99.747,99.747
1943,TT3,BESTEFFORT,MISSED,m1-1,94.671,"{'m1-1': 1.789, 'm2-1': 1.715, 'm3-1': 4.482, 'm4-1': 0.793}",0.5392000000000053,99.534,inf,99.87100000000001,99.87100000000001,99.87100000000001
1944,TT2,BESTEFFORT,MISSED,m3-1,94.781,"{'m1-1': 2.151, 'm2-1': 1.565, 'm3-1': 4.191, 'm4-1': 0.732}",0.45719999999998323,99.62700000000001,inf,99.881,99.881,99.881
1945,TT1,BESTEFFORT,MISSED,m4-1,94.909,"{'m1-1': 2.042, 'm2-1': 1.678, 'm3-1': 3.931, 'm4-1': 0.808}",0.5280000000000058,99.557,inf,99.909,99.909,99.909
1946,TT2,BESTEFFORT,MISSED,m2-1,94.945,"{'m1-1': 2.348, 'm2-1': 1.936, 'm3-1': 3.985, 'm4-1': 0.952}",0.8939999999999628,99.747,inf,100.04499999999999,100.04499999999999,100.04499999999999
1947,TT3,BESTEFFORT,MISSED,m1-1,95.032,"{'m1-1': 2.406, 'm2-1': 1.273, 'm3-1': 5.81, 'm4-1': 0.879}",0.577599999999984,99.87100000000001,inf,100.232,100.232,100.232
1948,TT1,BESTEFFORT,MISSED,m4-1,95.088,"{'m1-1': 1.974, 'm2-1': 1.656, 'm3-1': 3.638, 'm4-1': 0.637}",0.26849999999998175,99.909,inf,100.088,100.088,100.088
1949,TT1,BESTEFFORT,MISSED,m2-1,95.233,"{'m1-1': 2.511, 'm2-1': 1.633, 'm3-1': 4.031, 'm4-1': 0.823}",0.5640000000000498,100.04499999999999,inf,100.233,100.233,100.233
1950,TT1,BESTEFFORT,MISSED,m4-1,95.275,"{'m1-1': 2.496, 'm2-1': 1.651, 'm3-1': 5.036, 'm4-1': 0.835}",0.28050000000001774,100.088,inf,100.275,100.275,100.275
1951,TT2,BESTEFFORT,MISSED,m1-1,95.286,"{'m1-1': 2.447, 'm2-1': 1.891, 'm3-1': 4.117, 'm4-1': 0.803}",0.24639999999999418,100.232,inf,100.386,100.386,100.386
1952,TT1,BESTEFFORT,MISSED,m3-1,95.601,"{'m1-1': 2.483, 'm2-1': 1.967, 'm3-1': 3.968, 'm4-1': 0.705}",1.295999999999998,99.881,inf,100.601,100.601,100.601
1953,TT1,BESTEFFORT,MISSED,m2-1,95.699,"{'m1-1': 2.404, 'm2-1': 1.891, 'm3-1': 4.477, 'm4-1': 0.759}",1.397999999999982,100.233,inf,100.699,100.699,100.699
1954,TT1,BESTEFFORT,MISSED,m3-1,95.751,"{'m1-1': 2.313, 'm2-1': 1.457, 'm3-1': 4.469, 'm4-1': 0.745}",0.27000000000001023,100.601,inf,100.751,100.751,100.751
1955,TT1,BESTEFFORT,MISSED,m1-1,95.945,"{'m1-1': 2.559, 'm2-1': 1.585, 'm3-1': 4.217, 'm4-1': 0.752}",0.8943999999999961,100.386,inf,100.945,100.945,100.945
1956,TT1,BESTEFFORT,MISSED,m4-1,96.003,"{'m1-1': 2.069, 'm2-1': 1.919, 'm3-1': 3.98, 'm4-1': 0.796}",1.0919999999999916,100.275,inf,101.003,101.003,101.003
1957,TT1,BESTEFFORT,MISSED,m3-1,96.016,"{'m1-1': 2.341, 'm2-1': 1.528, 'm3-1': 4.803, 'm4-1': 0.724}",0.47700000000000103,100.751,inf,101.016,101.016,101.016
1958,TT1,BESTEFFORT,MISSED,m2-1,96.038,"{'m1-1': 2.493, 'm2-1': 1.978, 'm3-1': 4.389, 'm4-1': 0.752}",1.016999999999996,100.699,inf,101.038,101.038,101.038
1959,TT2,BESTEFFORT,MISSED,m1-1,96.19,"{'m1-1': 2.566, 'm2-1': 2.044, 'm3-1': 5.101, 'm4-1': 0.98}",0.5519999999999982,100.945,inf,101.28999999999999,101.28999999999999,101.28999999999999
1960,TT1,BESTEFFORT,MISSED,m3-1,96.374,"{'m1-1': 1.881, 'm2-1': 1.711, 'm3-1': 4.298, 'm4-1': 0.683}",0.6443999999999818,101.016,inf,101.374,101.374,101.374
1961,TT1,BESTEFFORT,MISSED,m4-1,96.568,"{'m1-1': 2.191, 'm2-1': 1.515, 'm3-1': 4.982, 'm4-1': 0.638}",0.8474999999999966,101.003,inf,101.568,101.568,101.568
1962,TT2,BESTEFFORT,MISSED,m2-1,96.633,"{'m1-1': 2.541, 'm2-1': 1.906, 'm3-1': 5.032, 'm4-1': 0.847}",2.0849999999999795,101.038,inf,101.73299999999999,101.73299999999999,101.73299999999999
1963,TT2,BESTEFFORT,MISSED,m2-1,96.754,"{'m1-1': 2.622, 'm2-1': 1.747, 'm3-1': 4.756, 'm4-1': 0.971}",0.36300000000002797,101.73299999999999,inf,101.854,101.854,101.854
1964,TT1,BESTEFFORT,MISSED,m4-1,96.843,"{'m1-1': 1.858, 'm2-1': 1.463, 'm3-1': 4.705, 'm4-1': 0.672}",0.4125000000000085,101.568,inf,101.843,101.843,101.843
1965,TT1,BESTEFFORT,MISSED,m1-1,96.844,"{'m1-1': 2.14, 'm2-1': 1.445, 'm3-1': 3.777, 'm4-1': 0.676}",0.8864000000000033,101.28999999999999,inf,101.844,101.844,101.844
1966,TT1,BESTEFFORT,MISSED,m4-1,96.927,"{'m1-1': 2.209, 'm2-1': 1.795, 'm3-1': 4.832, 'm4-1': 0.659}",0.12600000000000477,101.843,inf,101.927,101.927,101.927
1967,TT1,BESTEFFORT,MISSED,m1-1,97.162,"{'m1-1': 2.034, 'm2-1': 1.806, 'm3-1': 4.555, 'm4-1': 0.729}",0.5088000000000193,101.844,inf,102.162,102.162,102.162
1968,TT1,BESTEFFORT,MISSED,m3-1,97.173,"{'m1-1': 2.507, 'm2-1': 1.69, 'm3-1': 3.902, 'm4-1': 0.834}",1.438200000000012,101.374,inf,102.173,102.173,102.173
1969,TT1,BESTEFFORT,MISSED,m2-1,97.264,"{'m1-1': 2.065, 'm2-1': 1.48, 'm3-1': 4.694, 'm4-1': 0.686}",1.2299999999999898,101.854,inf,102.264,102.264,102.264
1970,TT2,BESTEFFORT,MISSED,m3-1,97.386,"{'m1-1': 2.142, 'm2-1': 1.985, 'm3-1': 4.194, 'm4-1': 0.998}",0.5633999999999787,102.173,inf,102.48599999999999,102.48599999999999,102.48599999999999
1971,TT2,BESTEFFORT,MISSED,m1-1,97.425,"{'m1-1': 2.426, 'm2-1': 1.617, 'm3-1': 4.973, 'm4-1': 0.771}",0.5807999999999766,102.162,inf,102.52499999999999,102.52499999999999,102.52499999999999
1972,TT1,BESTEFFORT,MISSED,m4-1,97.526,"{'m1-1': 2.408, 'm2-1': 1.73, 'm3-1': 4.851, 'm4-1': 0.837}",0.8984999999999843,101.927,inf,102.526,102.526,102.526
1973,TT2,BESTEFFORT,MISSED,m3-1,97.737,"{'m1-1': 2.596, 'm2-1': 1.873, 'm3-1': 3.624, 'm4-1': 0.745}",0.6317999999999984,102.48599999999999,inf,102.83699999999999,102.83699999999999,102.83699999999999
1974,TT1,BESTEFFORT,MISSED,m2-1,97.885,"{'m1-1': 2.404, 'm2-1': 1.569, 'm3-1': 3.824, 'm4-1': 0.676}",1.863000000000028,102.264,inf,102.885,102.885,102.885
1975,TT1,BESTEFFORT,MISSED,m1-1,97.906,"{'m1-1': 2.022, 'm2-1': 1.516, 'm3-1': 4.905, 'm4-1': 0.66}",0.6096000000000231,102.52499999999999,inf,102.906,102.906,102.906
1976,TT1,BESTEFFORT,MISSED,m3-1,97.992,"{'m1-1': 2.331, 'm2-1': 1.715, 'm3-1': 4.006, 'm4-1': 0.643}",0.2790000000000276,102.83699999999999,inf,102.992,102.992,102.992
1977,TT1,BESTEFFORT,MISSED,m4-1,98.016,"{'m1-1': 2.467, 'm2-1': 1.789, 'm3-1': 4.829, 'm4-1': 0.794}",0.7350000000000136,102.526,inf,103.016,103.016,103.016
1978,TT2,BESTEFFORT,MISSED,m2-1,98.167,"{'m1-1': 2.413, 'm2-1': 2.009, 'm3-1': 4.269, 'm4-1': 1.007}",1.1459999999999724,102.885,inf,103.267,103.267,103.267
1979,TT1,BESTEFFORT,MISSED,m4-1,98.315,"{'m1-1': 2.474, 'm2-1': 1.744, 'm3-1': 4.267, 'm4-1': 0.693}",0.4484999999999886,103.016,inf,103.315,103.315,103.315
1980,TT1,BESTEFFORT,MISSED,m1-1,98.445,"{'m1-1': 1.995, 'm2-1': 1.673, 'm3-1': 3.872, 'm4-1': 0.84}",0.8623999999999796,102.906,inf,103.445,103.445,103.445
1981,TT2,BESTEFFORT,MISSED,m2-1,98.622,"{'m1-1': 2.434, 'm2-1': 2.132, 'm3-1': 4.125, 'm4-1': 0.878}",1.3649999999999949,103.267,inf,103.722,103.722,103.722
1982,TT2,BESTEFFORT,MISSED,m1-1,98.738,"{'m1-1': 1.965, 'm2-1': 1.689, 'm3-1': 4.332, 'm4-1': 0.751}",0.6288000000000011,103.445,inf,103.838,103.838,103.838
1983,TT1,BESTEFFORT,MISSED,m4-1,98.795,"{'m1-1': 2.326, 'm2-1': 1.441, 'm3-1': 4.138, 'm4-1': 0.713}",0.720000000000006,103.315,inf,103.795,103.795,103.795
1984,TT1,BESTEFFORT,MISSED,m3-1,98.857,"{'m1-1': 1.945, 'm2-1': 1.605, 'm3-1': 4.698, 'm4-1': 0.642}",1.5569999999999908,102.992,inf,103.857,103.857,103.857
1985,TT1,BESTEFFORT,MISSED,m2-1,99.293,"{'m1-1': 2.305, 'm2-1': 1.518, 'm3-1': 4.966, 'm4-1': 0.638}",1.7130000000000365,103.722,inf,104.293,104.293,104.293
1986,TT1,BESTEFFORT,MISSED,m3-1,99.447,"{'m1-1': 2.454, 'm2-1': 1.567, 'm3-1': 4.657, 'm4-1': 0.621}",1.0620000000000063,103.857,inf,104.447,104.447,104.447
1987,TT1,BESTEFFORT,MISSED,m1-1,100.072,"{'m1-1': 1.912, 'm2-1': 1.981, 'm3-1': 4.342, 'm4-1': 0.832}",1.9744000000000144,103.838,inf,105.072,105.072,105.072
1988,TT1,BESTEFFORT,COMPLETED,m4-1,100.2,"{'m1-1': 2.475, 'm2-1': 1.626, 'm3-1': 4.575, 'm4-1': 0.783}",1.1745,103.795,104.578,inf,105.2,105.2
1989,TT1,BESTEFFORT,MISSED,m3-1,100.246,"{'m1-1': 2.615, 'm2-1': 1.836, 'm3-1': 4.184, 'm4-1': 0.638}",1.4381999999999864,104.447,inf,105.246,105.246,105.246
1990,TT1,BESTEFFORT,MISSED,m2-1,100.44,"{'m1-1': 2.198, 'm2-1': 1.646, 'm3-1': 4.246, 'm4-1': 0.695}",3.440999999999974,104.293,inf,105.44,105.44,105.44
1991,TT1,BESTEFFORT,MISSED,m1-1,100.672,"{'m1-1': 2.521, 'm2-1': 1.633, 'm3-1': 4.556, 'm4-1': 0.863}",0.959999999999991,105.072,inf,105.672,105.672,105.672
1992,TT1,BESTEFFORT,MISSED,m3-1,100.745,"{'m1-1': 2.009, 'm2-1': 1.977, 'm3-1': 3.729, 'm4-1': 0.635}",0.898200000000017,105.246,inf,105.745,105.745,105.745
1993,TT1,BESTEFFORT,COMPLETED,m4-1,100.78,"{'m1-1': 2.389, 'm2-1': 1.728, 'm3-1': 4.231, 'm4-1': 0.66}",0.99,104.578,105.238,inf,105.78,105.78
1994,TT1,BESTEFFORT,MISSED,m2-1,100.862,"{'m1-1': 2.157, 'm2-1': 1.722, 'm3-1': 3.617, 'm4-1': 0.856}",1.2659999999999911,105.44,inf,105.862,105.862,105.862
1995,TT1,BESTEFFORT,COMPLETED,m4-1,101.021,"{'m1-1': 2.568, 'm2-1': 1.764, 'm3-1': 4.516, 'm4-1': 0.763}",1.1445,105.238,106.001,inf,106.021,106.021
1996,TT1,BESTEFFORT,MISSED,m1-1,101.2,"{'m1-1': 2.24, 'm2-1': 1.847, 'm3-1': 4.713, 'm4-1': 0.752}",0.8448000000000093,105.672,inf,106.2,106.2,106.2
1997,TT1,BESTEFFORT,MISSED,m2-1,101.346,"{'m1-1': 2.183, 'm2-1': 1.788, 'm3-1': 4.326, 'm4-1': 0.74}",1.4520000000000266,105.862,inf,106.346,106.346,106.346
1998,TT1,BESTEFFORT,COMPLETED,m4-1,101.857,"{'m1-1': 2.441, 'm2-1': 1.846, 'm3-1': 3.993, 'm4-1': 0.622}",0.933,106.001,106.623,inf,106.857,106.857
1999,TT1,BESTEFFORT,MISSED,m1-1,102.083,"{'m1-1': 2.348, 'm2-1': 1.528, 'm3-1': 5.042, 'm4-1': 0.722}",1.412799999999993,106.2,inf,107.083,107.083,107.083
