id,type,urgency,status,assigned_machine,arrival_time,execution_time,energy_usage,start_time,completion_time,missed_time,deadline,extended_deadline
0,T1,BESTEFFORT,COMPLETED,m1-1,0.044,"{'m1-1': 0.99, 'm2-1': 25.53, 'm3-1': 24.05, 'm4-1': 11.26, 'm5-1': 159.73, 'm6-1': 27.66, 'm7-1': 169.46, 'm8-1': 25.7}",1.4849999999999999,0.044,1.034,inf,110.044,110.044
1,T5,BESTEFFORT,COMPLETED,m2-1,0.2,"{'m1-1': 1.01, 'm2-1': 27.14, 'm3-1': 24.78, 'm4-1': 10.08, 'm5-1': 159.66, 'm6-1': 24.71, 'm7-1': 171.66, 'm8-1': 25.89}",40.71,0.2,27.34,inf,110.2,110.2
2,T10,BESTEFFORT,COMPLETED,m3-1,0.368,"{'m1-1': 1.07, 'm2-1': 24.32, 'm3-1': 27.39, 'm4-1': 10.89, 'm5-1': 165.66, 'm6-1': 28.11, 'm7-1': 177.87, 'm8-1': 27.32}",41.085,0.368,27.758,inf,110.368,110.368
3,T9,BESTEFFORT,COMPLETED,m4-1,0.739,"{'m1-1': 1.01, 'm2-1': 27.86, 'm3-1': 26.01, 'm4-1': 11.17, 'm5-1': 152.31, 'm6-1': 24.3, 'm7-1': 158.14, 'm8-1': 24.61}",16.755,0.739,11.909,inf,110.739,110.739
4,T9,BESTEFFORT,MISSED,m5-1,1.024,"{'m1-1': 0.95, 'm2-1': 25.66, 'm3-1': 26.75, 'm4-1': 9.88, 'm5-1': 152.99, 'm6-1': 26.65, 'm7-1': 145.79, 'm8-1': 24.21}",165.0,1.024,inf,111.024,111.024,111.024
5,T2,BESTEFFORT,COMPLETED,m1-1,1.221,"{'m1-1': 1.07, 'm2-1': 23.59, 'm3-1': 27.3, 'm4-1': 10.25, 'm5-1': 140.33, 'm6-1': 26.97, 'm7-1': 169.03, 'm8-1': 28.37}",1.605,1.221,2.2910000000000004,inf,111.221,111.221
6,T8,BESTEFFORT,COMPLETED,m6-1,1.366,"{'m1-1': 1.1, 'm2-1': 28.15, 'm3-1': 25.35, 'm4-1': 10.4, 'm5-1': 160.26, 'm6-1': 25.93, 'm7-1': 171.98, 'm8-1': 26.91}",38.894999999999996,1.366,27.296,inf,111.366,111.366
7,T10,BESTEFFORT,MISSED,m7-1,1.437,"{'m1-1': 1.08, 'm2-1': 23.81, 'm3-1': 23.23, 'm4-1': 10.54, 'm5-1': 155.15, 'm6-1': 26.23, 'm7-1': 166.39, 'm8-1': 25.82}",165.0,1.437,inf,111.437,111.437,111.437
8,T1,BESTEFFORT,COMPLETED,m8-1,1.456,"{'m1-1': 0.99, 'm2-1': 26.55, 'm3-1': 27.96, 'm4-1': 11.71, 'm5-1': 162.3, 'm6-1': 26.58, 'm7-1': 169.04, 'm8-1': 25.31}",37.964999999999996,1.456,26.766,inf,111.456,111.456
9,T8,BESTEFFORT,COMPLETED,m1-1,1.591,"{'m1-1': 1.04, 'm2-1': 25.3, 'm3-1': 27.08, 'm4-1': 10.07, 'm5-1': 175.19, 'm6-1': 24.71, 'm7-1': 174.32, 'm8-1': 25.36}",1.56,2.2910000000000004,3.3310000000000004,inf,111.591,111.591
10,T5,BESTEFFORT,COMPLETED,m2-1,1.791,"{'m1-1': 0.99, 'm2-1': 25.43, 'm3-1': 26.72, 'm4-1': 11.35, 'm5-1': 158.23, 'm6-1': 23.1, 'm7-1': 177.11, 'm8-1': 27.5}",38.144999999999996,27.34,52.769999999999996,inf,111.791,111.791
11,T5,BESTEFFORT,COMPLETED,m3-1,1.857,"{'m1-1': 1.06, 'm2-1': 24.14, 'm3-1': 25.6, 'm4-1': 11.02, 'm5-1': 175.1, 'm6-1': 24.11, 'm7-1': 161.54, 'm8-1': 27.14}",38.400000000000006,27.758,53.358000000000004,inf,111.857,111.857
12,T5,BESTEFFORT,COMPLETED,m4-1,1.95,"{'m1-1': 1.15, 'm2-1': 23.65, 'm3-1': 27.9, 'm4-1': 11.02, 'm5-1': 168.86, 'm6-1': 26.83, 'm7-1': 176.74, 'm8-1': 26.88}",16.53,11.909,22.929000000000002,inf,111.95,111.95
13,T7,BESTEFFORT,MISSED,m5-1,2.051,"{'m1-1': 0.94, 'm2-1': 26.19, 'm3-1': 28.46, 'm4-1': 11.75, 'm5-1': 152.95, 'm6-1': 27.84, 'm7-1': 152.0, 'm8-1': 29.44}",1.5405000000000015,111.024,inf,112.051,112.051,112.051
14,T10,BESTEFFORT,COMPLETED,m6-1,2.282,"{'m1-1': 1.1, 'm2-1': 25.46, 'm3-1': 26.52, 'm4-1': 10.26, 'm5-1': 147.82, 'm6-1': 26.07, 'm7-1': 169.28, 'm8-1': 25.27}",39.105000000000004,27.296,53.366,inf,112.282,112.282
15,T2,BESTEFFORT,COMPLETED,m1-1,2.427,"{'m1-1': 0.98, 'm2-1': 25.77, 'm3-1': 26.94, 'm4-1': 9.97, 'm5-1': 151.86, 'm6-1': 25.49, 'm7-1': 152.81, 'm8-1': 26.97}",1.47,3.3310000000000004,4.311,inf,112.427,112.427
16,T1,BESTEFFORT,MISSED,m7-1,2.586,"{'m1-1': 1.07, 'm2-1': 26.52, 'm3-1': 24.78, 'm4-1': 11.41, 'm5-1': 152.67, 'm6-1': 25.81, 'm7-1': 157.39, 'm8-1': 24.4}",1.7235000000000014,111.437,inf,112.586,112.586,112.586
17,T3,BESTEFFORT,COMPLETED,m8-1,2.625,"{'m1-1': 1.08, 'm2-1': 25.9, 'm3-1': 26.32, 'm4-1': 10.5, 'm5-1': 169.7, 'm6-1': 27.9, 'm7-1': 170.52, 'm8-1': 24.43}",36.644999999999996,26.766,51.196,inf,112.625,112.625
18,T6,BESTEFFORT,COMPLETED,m1-1,2.731,"{'m1-1': 1.07, 'm2-1': 28.24, 'm3-1': 26.07, 'm4-1': 10.58, 'm5-1': 151.76, 'm6-1': 25.85, 'm7-1': 156.16, 'm8-1': 25.34}",1.605,4.311,5.381,inf,112.731,112.731
19,T2,BESTEFFORT,COMPLETED,m2-1,2.732,"{'m1-1': 1.1, 'm2-1': 26.83, 'm3-1': 24.91, 'm4-1': 11.23, 'm5-1': 145.23, 'm6-1': 27.84, 'm7-1': 157.96, 'm8-1': 24.37}",40.245,52.769999999999996,79.6,inf,112.732,112.732
20,T3,BESTEFFORT,COMPLETED,m3-1,3.121,"{'m1-1': 1.08, 'm2-1': 26.34, 'm3-1': 26.99, 'm4-1': 10.74, 'm5-1': 166.22, 'm6-1': 26.06, 'm7-1': 156.81, 'm8-1': 24.53}",40.485,53.358000000000004,80.348,inf,113.121,113.121
21,T10,BESTEFFORT,COMPLETED,m1-1,3.35,"{'m1-1': 1.14, 'm2-1': 23.62, 'm3-1': 25.35, 'm4-1': 10.59, 'm5-1': 167.54, 'm6-1': 24.98, 'm7-1': 155.06, 'm8-1': 26.82}",1.71,5.381,6.521,inf,113.35,113.35
22,T7,BESTEFFORT,COMPLETED,m4-1,3.458,"{'m1-1': 1.05, 'm2-1': 26.05, 'm3-1': 28.7, 'm4-1': 11.47, 'm5-1': 164.27, 'm6-1': 28.82, 'm7-1': 170.36, 'm8-1': 26.29}",17.205000000000002,22.929000000000002,34.399,inf,113.458,113.458
23,T9,BESTEFFORT,MISSED,m5-1,3.463,"{'m1-1': 1.04, 'm2-1': 27.34, 'm3-1': 25.86, 'm4-1': 11.0, 'm5-1': 155.07, 'm6-1': 25.38, 'm7-1': 152.86, 'm8-1': 27.48}",2.117999999999988,112.051,inf,113.463,113.463,113.463
24,T7,BESTEFFORT,COMPLETED,m6-1,3.546,"{'m1-1': 1.0, 'm2-1': 25.42, 'm3-1': 27.83, 'm4-1': 11.08, 'm5-1': 162.74, 'm6-1': 27.1, 'm7-1': 168.76, 'm8-1': 27.39}",40.650000000000006,53.366,80.46600000000001,inf,113.546,113.546
25,T7,BESTEFFORT,MISSED,m7-1,3.597,"{'m1-1': 1.08, 'm2-1': 27.72, 'm3-1': 25.19, 'm4-1': 10.88, 'm5-1': 150.04, 'm6-1': 27.01, 'm7-1': 164.58, 'm8-1': 26.67}",1.5164999999999935,112.586,inf,113.597,113.597,113.597
26,T8,BESTEFFORT,COMPLETED,m8-1,3.648,"{'m1-1': 1.11, 'm2-1': 24.87, 'm3-1': 28.25, 'm4-1': 10.51, 'm5-1': 156.78, 'm6-1': 26.56, 'm7-1': 149.98, 'm8-1': 23.69}",35.535000000000004,51.196,74.886,inf,113.648,113.648
27,T3,BESTEFFORT,COMPLETED,m1-1,3.657,"{'m1-1': 1.1, 'm2-1': 24.27, 'm3-1': 23.92, 'm4-1': 11.38, 'm5-1': 157.47, 'm6-1': 26.01, 'm7-1': 152.03, 'm8-1': 23.53}",1.6500000000000001,6.521,7.621,inf,113.657,113.657
28,T3,BESTEFFORT,COMPLETED,m2-1,3.751,"{'m1-1': 1.12, 'm2-1': 26.19, 'm3-1': 27.22, 'm4-1': 10.87, 'm5-1': 161.77, 'm6-1': 25.64, 'm7-1': 146.27, 'm8-1': 26.01}",39.285000000000004,79.6,105.78999999999999,inf,113.751,113.751
29,T6,BESTEFFORT,COMPLETED,m3-1,3.876,"{'m1-1': 1.07, 'm2-1': 28.2, 'm3-1': 27.36, 'm4-1': 11.32, 'm5-1': 158.48, 'm6-1': 25.0, 'm7-1': 164.3, 'm8-1': 25.06}",41.04,80.348,107.708,inf,113.876,113.876
30,T10,BESTEFFORT,COMPLETED,m4-1,3.956,"{'m1-1': 1.11, 'm2-1': 23.57, 'm3-1': 26.91, 'm4-1': 10.9, 'm5-1': 162.06, 'm6-1': 26.3, 'm7-1': 176.57, 'm8-1': 28.72}",16.35,34.399,45.299,inf,113.956,113.956
31,T2,BESTEFFORT,MISSED,m5-1,3.972,"{'m1-1': 1.03, 'm2-1': 25.78, 'm3-1': 28.39, 'm4-1': 10.34, 'm5-1': 140.07, 'm6-1': 29.19, 'm7-1': 173.83, 'm8-1': 26.16}",0.7635000000000005,113.463,inf,113.972,113.972,113.972
32,T6,BESTEFFORT,COMPLETED,m6-1,4.08,"{'m1-1': 0.97, 'm2-1': 25.14, 'm3-1': 29.13, 'm4-1': 10.28, 'm5-1': 145.48, 'm6-1': 26.52, 'm7-1': 167.12, 'm8-1': 24.61}",39.78,80.46600000000001,106.986,inf,114.08,114.08
33,T3,BESTEFFORT,MISSED,m7-1,4.086,"{'m1-1': 1.12, 'm2-1': 24.61, 'm3-1': 25.75, 'm4-1': 10.69, 'm5-1': 153.84, 'm6-1': 25.74, 'm7-1': 160.8, 'm8-1': 24.66}",0.7335000000000065,113.597,inf,114.086,114.086,114.086
34,T7,BESTEFFORT,COMPLETED,m8-1,4.195,"{'m1-1': 0.96, 'm2-1': 27.08, 'm3-1': 29.02, 'm4-1': 11.18, 'm5-1': 162.93, 'm6-1': 28.49, 'm7-1': 159.28, 'm8-1': 28.49}",42.735,74.886,103.37599999999999,inf,114.195,114.195
35,T8,BESTEFFORT,COMPLETED,m1-1,4.299,"{'m1-1': 1.01, 'm2-1': 26.47, 'm3-1': 29.36, 'm4-1': 11.06, 'm5-1': 163.39, 'm6-1': 26.07, 'm7-1': 159.36, 'm8-1': 26.11}",1.5150000000000001,7.621,8.631,inf,114.299,114.299
36,T2,BESTEFFORT,COMPLETED,m1-1,4.376,"{'m1-1': 1.01, 'm2-1': 25.5, 'm3-1': 25.01, 'm4-1': 10.48, 'm5-1': 145.62, 'm6-1': 28.48, 'm7-1': 162.66, 'm8-1': 26.26}",1.5150000000000001,8.631,9.641,inf,114.376,114.376
37,T10,BESTEFFORT,MISSED,m2-1,4.378,"{'m1-1': 1.01, 'm2-1': 26.92, 'm3-1': 23.76, 'm4-1': 10.43, 'm5-1': 166.49, 'm6-1': 27.34, 'm7-1': 154.61, 'm8-1': 29.14}",12.882000000000012,105.78999999999999,inf,114.378,114.378,114.378
38,T5,BESTEFFORT,MISSED,m3-1,4.549,"{'m1-1': 1.03, 'm2-1': 25.99, 'm3-1': 25.8, 'm4-1': 9.77, 'm5-1': 159.37, 'm6-1': 24.37, 'm7-1': 156.09, 'm8-1': 26.82}",10.261500000000012,107.708,inf,114.549,114.549,114.549
39,T1,BESTEFFORT,COMPLETED,m4-1,4.583,"{'m1-1': 1.14, 'm2-1': 27.61, 'm3-1': 26.74, 'm4-1': 10.18, 'm5-1': 155.45, 'm6-1': 23.95, 'm7-1': 168.07, 'm8-1': 26.75}",15.27,45.299,55.479,inf,114.583,114.583
40,T1,BESTEFFORT,MISSED,m5-1,4.634,"{'m1-1': 1.1, 'm2-1': 26.34, 'm3-1': 27.58, 'm4-1': 11.5, 'm5-1': 147.68, 'm6-1': 24.7, 'm7-1': 160.21, 'm8-1': 27.44}",0.9930000000000092,113.972,inf,114.634,114.634,114.634
41,T10,BESTEFFORT,MISSED,m6-1,4.898,"{'m1-1': 1.0, 'm2-1': 23.65, 'm3-1': 27.38, 'm4-1': 10.72, 'm5-1': 147.3, 'm6-1': 28.34, 'm7-1': 166.29, 'm8-1': 28.62}",11.867999999999988,106.986,inf,114.898,114.898,114.898
42,T10,BESTEFFORT,MISSED,m7-1,4.9,"{'m1-1': 1.03, 'm2-1': 25.95, 'm3-1': 27.22, 'm4-1': 9.71, 'm5-1': 172.27, 'm6-1': 29.08, 'm7-1': 162.39, 'm8-1': 25.98}",1.2210000000000107,114.086,inf,114.9,114.9,114.9
43,T7,BESTEFFORT,MISSED,m8-1,4.998,"{'m1-1': 1.1, 'm2-1': 28.91, 'm3-1': 28.66, 'm4-1': 10.33, 'm5-1': 153.17, 'm6-1': 25.76, 'm7-1': 162.96, 'm8-1': 27.88}",17.43300000000002,103.37599999999999,inf,114.998,114.998,114.998
44,T4,BESTEFFORT,COMPLETED,m1-1,5.124,"{'m1-1': 1.16, 'm2-1': 25.01, 'm3-1': 27.98, 'm4-1': 10.46, 'm5-1': 151.34, 'm6-1': 27.11, 'm7-1': 167.59, 'm8-1': 27.89}",1.7399999999999998,9.641,10.801,inf,115.124,115.124
45,T2,BESTEFFORT,MISSED,m2-1,5.143,"{'m1-1': 1.04, 'm2-1': 25.15, 'm3-1': 25.72, 'm4-1': 10.15, 'm5-1': 149.36, 'm6-1': 26.73, 'm7-1': 156.04, 'm8-1': 24.52}",1.1475000000000009,114.378,inf,115.143,115.143,115.143
46,T5,BESTEFFORT,MISSED,m3-1,5.237,"{'m1-1': 1.02, 'm2-1': 27.47, 'm3-1': 27.24, 'm4-1': 9.86, 'm5-1': 160.74, 'm6-1': 25.63, 'm7-1': 168.16, 'm8-1': 27.36}",1.0319999999999823,114.549,inf,115.237,115.237,115.237
47,T1,BESTEFFORT,COMPLETED,m4-1,5.349,"{'m1-1': 1.06, 'm2-1': 24.81, 'm3-1': 26.68, 'm4-1': 11.3, 'm5-1': 154.23, 'm6-1': 26.18, 'm7-1': 162.97, 'm8-1': 26.72}",16.950000000000003,55.479,66.779,inf,115.349,115.349
48,T3,BESTEFFORT,COMPLETED,m1-1,5.65,"{'m1-1': 1.16, 'm2-1': 25.23, 'm3-1': 27.95, 'm4-1': 10.98, 'm5-1': 153.05, 'm6-1': 25.88, 'm7-1': 156.63, 'm8-1': 25.44}",1.7399999999999998,10.801,11.961,inf,115.65,115.65
49,T3,BESTEFFORT,MISSED,m5-1,5.751,"{'m1-1': 1.11, 'm2-1': 23.71, 'm3-1': 24.08, 'm4-1': 10.18, 'm5-1': 150.71, 'm6-1': 25.44, 'm7-1': 164.52, 'm8-1': 25.18}",1.6755000000000067,114.634,inf,115.751,115.751,115.751
50,T10,BESTEFFORT,MISSED,m6-1,5.845,"{'m1-1': 1.02, 'm2-1': 25.6, 'm3-1': 25.82, 'm4-1': 10.01, 'm5-1': 159.98, 'm6-1': 24.94, 'm7-1': 169.37, 'm8-1': 28.89}",1.420500000000004,114.898,inf,115.845,115.845,115.845
51,T4,BESTEFFORT,MISSED,m7-1,6.116,"{'m1-1': 1.05, 'm2-1': 27.42, 'm3-1': 26.41, 'm4-1': 10.55, 'm5-1': 170.58, 'm6-1': 26.82, 'm7-1': 158.61, 'm8-1': 27.02}",1.823999999999991,114.9,inf,116.116,116.116,116.116
52,T5,BESTEFFORT,MISSED,m8-1,6.139,"{'m1-1': 1.14, 'm2-1': 23.68, 'm3-1': 25.12, 'm4-1': 10.74, 'm5-1': 156.13, 'm6-1': 23.79, 'm7-1': 171.65, 'm8-1': 25.72}",1.7114999999999867,114.998,inf,116.139,116.139,116.139
53,T9,BESTEFFORT,COMPLETED,m1-1,6.172,"{'m1-1': 1.04, 'm2-1': 27.99, 'm3-1': 26.51, 'm4-1': 10.82, 'm5-1': 159.5, 'm6-1': 24.11, 'm7-1': 142.45, 'm8-1': 26.04}",1.56,11.961,13.001000000000001,inf,116.172,116.172
54,T7,BESTEFFORT,MISSED,m3-1,6.258,"{'m1-1': 1.08, 'm2-1': 28.7, 'm3-1': 25.86, 'm4-1': 10.48, 'm5-1': 143.18, 'm6-1': 26.25, 'm7-1': 161.05, 'm8-1': 29.68}",1.5315000000000012,115.237,inf,116.258,116.258,116.258
55,T3,BESTEFFORT,MISSED,m2-1,6.258,"{'m1-1': 1.13, 'm2-1': 26.99, 'm3-1': 26.35, 'm4-1': 10.6, 'm5-1': 150.56, 'm6-1': 25.81, 'm7-1': 158.02, 'm8-1': 25.77}",1.6724999999999923,115.143,inf,116.258,116.258,116.258
56,T1,BESTEFFORT,COMPLETED,m4-1,6.302,"{'m1-1': 0.99, 'm2-1': 25.41, 'm3-1': 24.78, 'm4-1': 10.77, 'm5-1': 145.44, 'm6-1': 25.57, 'm7-1': 162.18, 'm8-1': 25.63}",16.155,66.779,77.54899999999999,inf,116.30199999999999,116.30199999999999
57,T8,BESTEFFORT,MISSED,m5-1,6.391,"{'m1-1': 1.11, 'm2-1': 27.57, 'm3-1': 25.49, 'm4-1': 10.72, 'm5-1': 164.99, 'm6-1': 24.17, 'm7-1': 169.33, 'm8-1': 23.18}",0.9600000000000009,115.751,inf,116.391,116.391,116.391
58,T9,BESTEFFORT,MISSED,m6-1,6.493,"{'m1-1': 1.04, 'm2-1': 26.14, 'm3-1': 28.5, 'm4-1': 10.43, 'm5-1': 159.47, 'm6-1': 28.45, 'm7-1': 163.31, 'm8-1': 26.58}",0.9719999999999942,115.845,inf,116.493,116.493,116.493
59,T6,BESTEFFORT,COMPLETED,m1-1,6.631,"{'m1-1': 1.02, 'm2-1': 24.18, 'm3-1': 28.74, 'm4-1': 11.09, 'm5-1': 156.57, 'm6-1': 24.57, 'm7-1': 153.34, 'm8-1': 26.63}",1.53,13.001000000000001,14.021,inf,116.631,116.631
60,T10,BESTEFFORT,MISSED,m7-1,6.695,"{'m1-1': 1.17, 'm2-1': 23.5, 'm3-1': 24.35, 'm4-1': 9.48, 'm5-1': 161.82, 'm6-1': 26.57, 'm7-1': 175.6, 'm8-1': 27.29}",0.8684999999999903,116.116,inf,116.695,116.695,116.695
61,T1,BESTEFFORT,MISSED,m8-1,6.744,"{'m1-1': 1.09, 'm2-1': 24.91, 'm3-1': 25.53, 'm4-1': 10.56, 'm5-1': 149.46, 'm6-1': 24.06, 'm7-1': 155.86, 'm8-1': 25.65}",0.907500000000006,116.139,inf,116.744,116.744,116.744
62,T1,BESTEFFORT,COMPLETED,m1-1,6.766,"{'m1-1': 1.01, 'm2-1': 25.62, 'm3-1': 25.59, 'm4-1': 10.72, 'm5-1': 165.57, 'm6-1': 27.16, 'm7-1': 165.1, 'm8-1': 24.66}",1.5150000000000001,14.021,15.031,inf,116.766,116.766
63,T1,BESTEFFORT,MISSED,m2-1,6.868,"{'m1-1': 1.08, 'm2-1': 25.51, 'm3-1': 25.64, 'm4-1': 11.21, 'm5-1': 143.73, 'm6-1': 27.66, 'm7-1': 153.97, 'm8-1': 27.75}",0.9149999999999991,116.258,inf,116.868,116.868,116.868
64,T10,BESTEFFORT,MISSED,m3-1,6.954,"{'m1-1': 1.03, 'm2-1': 26.97, 'm3-1': 23.25, 'm4-1': 10.44, 'm5-1': 169.27, 'm6-1': 27.43, 'm7-1': 152.77, 'm8-1': 29.54}",1.043999999999997,116.258,inf,116.954,116.954,116.954
65,T4,BESTEFFORT,COMPLETED,m4-1,7.023,"{'m1-1': 1.19, 'm2-1': 24.46, 'm3-1': 28.05, 'm4-1': 9.79, 'm5-1': 175.09, 'm6-1': 26.97, 'm7-1': 170.75, 'm8-1': 25.01}",14.684999999999999,77.54899999999999,87.339,inf,117.023,117.023
66,T7,BESTEFFORT,MISSED,m5-1,7.148,"{'m1-1': 0.93, 'm2-1': 25.72, 'm3-1': 28.6, 'm4-1': 10.93, 'm5-1': 140.65, 'm6-1': 25.81, 'm7-1': 155.99, 'm8-1': 25.12}",1.1354999999999862,116.391,inf,117.148,117.148,117.148
67,T5,BESTEFFORT,MISSED,m6-1,7.15,"{'m1-1': 0.99, 'm2-1': 26.18, 'm3-1': 24.68, 'm4-1': 10.36, 'm5-1': 173.99, 'm6-1': 25.3, 'm7-1': 170.21, 'm8-1': 26.95}",0.985500000000016,116.493,inf,117.15,117.15,117.15
68,T1,BESTEFFORT,MISSED,m7-1,7.259,"{'m1-1': 1.09, 'm2-1': 26.12, 'm3-1': 25.09, 'm4-1': 10.14, 'm5-1': 146.04, 'm6-1': 24.7, 'm7-1': 161.32, 'm8-1': 25.86}",0.8460000000000107,116.695,inf,117.259,117.259,117.259
69,T5,BESTEFFORT,MISSED,m8-1,7.339,"{'m1-1': 1.05, 'm2-1': 26.15, 'm3-1': 27.63, 'm4-1': 10.04, 'm5-1': 168.3, 'm6-1': 26.63, 'm7-1': 155.05, 'm8-1': 29.23}",0.8924999999999983,116.744,inf,117.339,117.339,117.339
70,T4,BESTEFFORT,COMPLETED,m1-1,7.341,"{'m1-1': 1.19, 'm2-1': 27.75, 'm3-1': 25.6, 'm4-1': 10.86, 'm5-1': 149.92, 'm6-1': 26.56, 'm7-1': 158.55, 'm8-1': 27.9}",1.785,15.031,16.221,inf,117.341,117.341
71,T3,BESTEFFORT,MISSED,m2-1,7.376,"{'m1-1': 1.1, 'm2-1': 23.85, 'm3-1': 26.58, 'm4-1': 11.7, 'm5-1': 153.61, 'm6-1': 23.98, 'm7-1': 158.99, 'm8-1': 23.67}",0.7620000000000147,116.868,inf,117.376,117.376,117.376
72,T4,BESTEFFORT,MISSED,m3-1,7.386,"{'m1-1': 1.03, 'm2-1': 27.43, 'm3-1': 24.31, 'm4-1': 10.62, 'm5-1': 148.56, 'm6-1': 25.92, 'm7-1': 153.38, 'm8-1': 26.22}",0.6480000000000032,116.954,inf,117.386,117.386,117.386
73,T7,BESTEFFORT,COMPLETED,m4-1,7.588,"{'m1-1': 0.99, 'm2-1': 24.65, 'm3-1': 24.83, 'm4-1': 11.17, 'm5-1': 165.38, 'm6-1': 27.88, 'm7-1': 146.01, 'm8-1': 26.13}",16.755,87.339,98.509,inf,117.588,117.588
74,T2,BESTEFFORT,COMPLETED,m1-1,7.687,"{'m1-1': 1.06, 'm2-1': 25.23, 'm3-1': 28.24, 'm4-1': 10.04, 'm5-1': 162.11, 'm6-1': 28.64, 'm7-1': 165.68, 'm8-1': 24.8}",1.59,16.221,17.281,inf,117.687,117.687
75,T1,BESTEFFORT,MISSED,m5-1,7.717,"{'m1-1': 0.99, 'm2-1': 23.95, 'm3-1': 28.02, 'm4-1': 11.5, 'm5-1': 162.07, 'm6-1': 27.2, 'm7-1': 161.63, 'm8-1': 24.16}",0.8535000000000039,117.148,inf,117.717,117.717,117.717
76,T10,BESTEFFORT,MISSED,m6-1,7.806,"{'m1-1': 0.99, 'm2-1': 27.37, 'm3-1': 26.48, 'm4-1': 10.38, 'm5-1': 163.68, 'm6-1': 26.25, 'm7-1': 165.79, 'm8-1': 29.09}",0.9839999999999876,117.15,inf,117.806,117.806,117.806
77,T5,BESTEFFORT,MISSED,m7-1,7.943,"{'m1-1': 1.08, 'm2-1': 27.27, 'm3-1': 27.44, 'm4-1': 10.86, 'm5-1': 156.25, 'm6-1': 25.62, 'm7-1': 154.77, 'm8-1': 25.16}",1.0259999999999962,117.259,inf,117.943,117.943,117.943
78,T8,BESTEFFORT,MISSED,m8-1,8.033,"{'m1-1': 0.95, 'm2-1': 28.27, 'm3-1': 26.04, 'm4-1': 11.25, 'm5-1': 165.1, 'm6-1': 27.46, 'm7-1': 149.24, 'm8-1': 24.35}",1.041000000000004,117.339,inf,118.033,118.033,118.033
79,T10,BESTEFFORT,COMPLETED,m1-1,8.045,"{'m1-1': 1.16, 'm2-1': 25.22, 'm3-1': 25.26, 'm4-1': 9.63, 'm5-1': 149.28, 'm6-1': 25.35, 'm7-1': 176.42, 'm8-1': 26.65}",1.7399999999999998,17.281,18.441,inf,118.045,118.045
80,T9,BESTEFFORT,MISSED,m2-1,8.132,"{'m1-1': 1.04, 'm2-1': 25.3, 'm3-1': 26.23, 'm4-1': 11.61, 'm5-1': 162.32, 'm6-1': 25.8, 'm7-1': 150.31, 'm8-1': 28.08}",1.1340000000000003,117.376,inf,118.132,118.132,118.132
81,T4,BESTEFFORT,MISSED,m3-1,8.136,"{'m1-1': 1.18, 'm2-1': 27.61, 'm3-1': 26.76, 'm4-1': 9.4, 'm5-1': 147.66, 'm6-1': 24.55, 'm7-1': 155.55, 'm8-1': 26.06}",1.125,117.386,inf,118.136,118.136,118.136
82,T1,BESTEFFORT,COMPLETED,m4-1,8.195,"{'m1-1': 1.04, 'm2-1': 26.17, 'm3-1': 25.94, 'm4-1': 10.82, 'm5-1': 164.0, 'm6-1': 27.44, 'm7-1': 153.8, 'm8-1': 28.44}",16.23,98.509,109.32900000000001,inf,118.195,118.195
83,T3,BESTEFFORT,MISSED,m5-1,8.29,"{'m1-1': 1.02, 'm2-1': 24.26, 'm3-1': 26.76, 'm4-1': 11.5, 'm5-1': 150.44, 'm6-1': 26.31, 'm7-1': 157.31, 'm8-1': 25.2}",0.8594999999999899,117.717,inf,118.28999999999999,118.28999999999999,118.28999999999999
84,T7,BESTEFFORT,MISSED,m6-1,8.566,"{'m1-1': 0.99, 'm2-1': 25.7, 'm3-1': 28.41, 'm4-1': 11.57, 'm5-1': 157.64, 'm6-1': 25.43, 'm7-1': 157.13, 'm8-1': 27.9}",1.1400000000000077,117.806,inf,118.566,118.566,118.566
85,T7,BESTEFFORT,COMPLETED,m1-1,8.634,"{'m1-1': 1.07, 'm2-1': 24.38, 'm3-1': 28.43, 'm4-1': 10.4, 'm5-1': 159.34, 'm6-1': 25.27, 'm7-1': 146.56, 'm8-1': 28.62}",1.605,18.441,19.511,inf,118.634,118.634
86,T5,BESTEFFORT,MISSED,m7-1,8.828,"{'m1-1': 1.09, 'm2-1': 26.26, 'm3-1': 23.59, 'm4-1': 10.45, 'm5-1': 176.42, 'm6-1': 26.08, 'm7-1': 148.96, 'm8-1': 25.27}",1.3275000000000077,117.943,inf,118.828,118.828,118.828
87,T3,BESTEFFORT,MISSED,m8-1,8.874,"{'m1-1': 1.1, 'm2-1': 26.91, 'm3-1': 26.04, 'm4-1': 11.87, 'm5-1': 166.96, 'm6-1': 25.3, 'm7-1': 146.27, 'm8-1': 25.3}",1.261499999999991,118.033,inf,118.874,118.874,118.874
88,T5,BESTEFFORT,COMPLETED,m1-1,8.958,"{'m1-1': 1.03, 'm2-1': 25.2, 'm3-1': 26.92, 'm4-1': 10.66, 'm5-1': 158.04, 'm6-1': 27.23, 'm7-1': 170.74, 'm8-1': 26.47}",1.545,19.511,20.541,inf,118.958,118.958
89,T10,BESTEFFORT,MISSED,m2-1,8.975,"{'m1-1': 1.13, 'm2-1': 27.29, 'm3-1': 23.18, 'm4-1': 10.51, 'm5-1': 169.23, 'm6-1': 27.9, 'm7-1': 157.15, 'm8-1': 25.34}",1.264499999999984,118.132,inf,118.975,118.975,118.975
90,T7,BESTEFFORT,MISSED,m3-1,9.01,"{'m1-1': 1.09, 'm2-1': 28.69, 'm3-1': 25.06, 'm4-1': 10.9, 'm5-1': 165.35, 'm6-1': 26.07, 'm7-1': 150.69, 'm8-1': 28.86}",1.3110000000000142,118.136,inf,119.01,119.01,119.01
91,T8,BESTEFFORT,MISSED,m4-1,9.028,"{'m1-1': 1.06, 'm2-1': 24.65, 'm3-1': 28.72, 'm4-1': 10.4, 'm5-1': 154.81, 'm6-1': 26.65, 'm7-1': 172.93, 'm8-1': 25.56}",14.548499999999997,109.32900000000001,inf,119.028,119.028,119.028
92,T3,BESTEFFORT,MISSED,m5-1,9.169,"{'m1-1': 1.16, 'm2-1': 24.61, 'm3-1': 25.03, 'm4-1': 10.58, 'm5-1': 150.0, 'm6-1': 28.16, 'm7-1': 158.73, 'm8-1': 23.46}",1.3185000000000073,118.28999999999999,inf,119.169,119.169,119.169
93,T6,BESTEFFORT,MISSED,m6-1,9.203,"{'m1-1': 1.05, 'm2-1': 25.49, 'm3-1': 25.6, 'm4-1': 10.91, 'm5-1': 156.46, 'm6-1': 26.26, 'm7-1': 146.65, 'm8-1': 24.97}",0.9555000000000007,118.566,inf,119.203,119.203,119.203
94,T7,BESTEFFORT,MISSED,m7-1,9.218,"{'m1-1': 1.0, 'm2-1': 25.54, 'm3-1': 28.56, 'm4-1': 11.55, 'm5-1': 140.79, 'm6-1': 28.75, 'm7-1': 161.05, 'm8-1': 28.23}",0.5850000000000009,118.828,inf,119.218,119.218,119.218
95,T5,BESTEFFORT,MISSED,m8-1,9.243,"{'m1-1': 1.16, 'm2-1': 26.8, 'm3-1': 25.64, 'm4-1': 10.86, 'm5-1': 156.26, 'm6-1': 24.87, 'm7-1': 173.48, 'm8-1': 26.06}",0.5534999999999997,118.874,inf,119.243,119.243,119.243
96,T2,BESTEFFORT,COMPLETED,m1-1,9.316,"{'m1-1': 1.05, 'm2-1': 26.33, 'm3-1': 29.33, 'm4-1': 11.02, 'm5-1': 149.77, 'm6-1': 29.0, 'm7-1': 149.0, 'm8-1': 25.79}",1.5750000000000002,20.541,21.591,inf,119.316,119.316
97,T9,BESTEFFORT,MISSED,m2-1,9.397,"{'m1-1': 1.01, 'm2-1': 26.24, 'm3-1': 27.68, 'm4-1': 11.14, 'm5-1': 161.48, 'm6-1': 23.99, 'm7-1': 152.02, 'm8-1': 26.94}",0.6330000000000169,118.975,inf,119.397,119.397,119.397
98,T10,BESTEFFORT,MISSED,m3-1,9.406,"{'m1-1': 1.04, 'm2-1': 24.9, 'm3-1': 26.74, 'm4-1': 9.63, 'm5-1': 170.59, 'm6-1': 25.21, 'm7-1': 164.13, 'm8-1': 25.95}",0.5940000000000012,119.01,inf,119.406,119.406,119.406
99,T6,BESTEFFORT,COMPLETED,m1-1,9.666,"{'m1-1': 1.13, 'm2-1': 26.36, 'm3-1': 28.01, 'm4-1': 10.09, 'm5-1': 156.44, 'm6-1': 25.27, 'm7-1': 167.88, 'm8-1': 26.0}",1.6949999999999998,21.591,22.721,inf,119.666,119.666
100,T10,BESTEFFORT,MISSED,m4-1,9.8,"{'m1-1': 1.0, 'm2-1': 24.83, 'm3-1': 24.01, 'm4-1': 10.3, 'm5-1': 149.99, 'm6-1': 26.12, 'm7-1': 163.14, 'm8-1': 25.17}",1.157999999999987,119.028,inf,119.8,119.8,119.8
101,T10,BESTEFFORT,MISSED,m5-1,9.838,"{'m1-1': 1.06, 'm2-1': 25.66, 'm3-1': 23.32, 'm4-1': 10.09, 'm5-1': 154.14, 'm6-1': 28.92, 'm7-1': 168.43, 'm8-1': 28.79}",1.0034999999999954,119.169,inf,119.838,119.838,119.838
102,T9,BESTEFFORT,MISSED,m6-1,10.008,"{'m1-1': 0.95, 'm2-1': 25.11, 'm3-1': 26.8, 'm4-1': 10.22, 'm5-1': 154.65, 'm6-1': 27.51, 'm7-1': 158.68, 'm8-1': 28.38}",1.207499999999989,119.203,inf,120.008,120.008,120.008
103,T4,BESTEFFORT,MISSED,m7-1,10.118,"{'m1-1': 1.18, 'm2-1': 25.9, 'm3-1': 24.64, 'm4-1': 11.04, 'm5-1': 166.16, 'm6-1': 24.2, 'm7-1': 149.7, 'm8-1': 26.35}",1.3499999999999872,119.218,inf,120.118,120.118,120.118
104,T10,BESTEFFORT,MISSED,m8-1,10.166,"{'m1-1': 1.07, 'm2-1': 24.04, 'm3-1': 25.41, 'm4-1': 9.4, 'm5-1': 147.79, 'm6-1': 26.43, 'm7-1': 167.6, 'm8-1': 26.01}",1.3845000000000027,119.243,inf,120.166,120.166,120.166
105,T6,BESTEFFORT,COMPLETED,m1-1,10.588,"{'m1-1': 1.14, 'm2-1': 27.47, 'm3-1': 26.62, 'm4-1': 11.14, 'm5-1': 156.65, 'm6-1': 24.92, 'm7-1': 161.29, 'm8-1': 25.44}",1.71,22.721,23.861,inf,120.588,120.588
106,T5,BESTEFFORT,MISSED,m2-1,10.627,"{'m1-1': 1.15, 'm2-1': 24.56, 'm3-1': 24.89, 'm4-1': 11.41, 'm5-1': 159.54, 'm6-1': 23.37, 'm7-1': 150.41, 'm8-1': 25.14}",1.8449999999999847,119.397,inf,120.627,120.627,120.627
107,T7,BESTEFFORT,MISSED,m3-1,10.665,"{'m1-1': 0.94, 'm2-1': 27.38, 'm3-1': 28.56, 'm4-1': 10.72, 'm5-1': 148.82, 'm6-1': 28.26, 'm7-1': 169.6, 'm8-1': 27.61}",1.8884999999999792,119.406,inf,120.66499999999999,120.66499999999999,120.66499999999999
108,T1,BESTEFFORT,COMPLETED,m1-1,11.109,"{'m1-1': 1.01, 'm2-1': 26.49, 'm3-1': 26.46, 'm4-1': 11.87, 'm5-1': 154.99, 'm6-1': 25.07, 'm7-1': 162.74, 'm8-1': 25.44}",1.5150000000000001,23.861,24.871000000000002,inf,121.109,121.109
109,T5,BESTEFFORT,MISSED,m4-1,11.144,"{'m1-1': 1.11, 'm2-1': 26.85, 'm3-1': 26.66, 'm4-1': 11.4, 'm5-1': 167.84, 'm6-1': 26.16, 'm7-1': 153.33, 'm8-1': 28.14}",2.0160000000000124,119.8,inf,121.144,121.144,121.144
110,T3,BESTEFFORT,MISSED,m5-1,11.239,"{'m1-1': 1.0, 'm2-1': 24.13, 'm3-1': 27.46, 'm4-1': 10.6, 'm5-1': 157.74, 'm6-1': 27.27, 'm7-1': 161.08, 'm8-1': 26.21}",2.1015000000000157,119.838,inf,121.239,121.239,121.239
111,T6,BESTEFFORT,MISSED,m6-1,11.324,"{'m1-1': 1.01, 'm2-1': 26.82, 'm3-1': 24.72, 'm4-1': 11.37, 'm5-1': 145.99, 'm6-1': 25.68, 'm7-1': 152.15, 'm8-1': 24.01}",1.9740000000000038,120.008,inf,121.324,121.324,121.324
112,T7,BESTEFFORT,MISSED,m7-1,11.327,"{'m1-1': 0.94, 'm2-1': 28.51, 'm3-1': 29.24, 'm4-1': 10.26, 'm5-1': 147.28, 'm6-1': 25.86, 'm7-1': 149.54, 'm8-1': 26.83}",1.8135000000000048,120.118,inf,121.327,121.327,121.327
113,T8,BESTEFFORT,MISSED,m8-1,11.447,"{'m1-1': 0.95, 'm2-1': 26.48, 'm3-1': 27.96, 'm4-1': 11.7, 'm5-1': 160.39, 'm6-1': 24.37, 'm7-1': 157.97, 'm8-1': 26.1}",1.9215000000000089,120.166,inf,121.447,121.447,121.447
114,T6,BESTEFFORT,COMPLETED,m1-1,11.454,"{'m1-1': 1.05, 'm2-1': 27.31, 'm3-1': 24.81, 'm4-1': 10.85, 'm5-1': 163.27, 'm6-1': 27.02, 'm7-1': 171.4, 'm8-1': 26.76}",1.5750000000000002,24.871000000000002,25.921000000000003,inf,121.45400000000001,121.45400000000001
115,T6,BESTEFFORT,MISSED,m2-1,11.5,"{'m1-1': 1.09, 'm2-1': 26.25, 'm3-1': 26.74, 'm4-1': 10.1, 'm5-1': 144.91, 'm6-1': 28.41, 'm7-1': 159.59, 'm8-1': 23.65}",1.309500000000007,120.627,inf,121.5,121.5,121.5
116,T5,BESTEFFORT,MISSED,m3-1,11.529,"{'m1-1': 1.08, 'm2-1': 24.62, 'm3-1': 24.94, 'm4-1': 10.03, 'm5-1': 159.44, 'm6-1': 26.95, 'm7-1': 172.86, 'm8-1': 29.04}",1.2960000000000065,120.66499999999999,inf,121.529,121.529,121.529
117,T9,BESTEFFORT,MISSED,m4-1,11.541,"{'m1-1': 1.08, 'm2-1': 26.24, 'm3-1': 25.55, 'm4-1': 10.06, 'm5-1': 165.88, 'm6-1': 25.7, 'm7-1': 152.19, 'm8-1': 28.54}",0.595499999999987,121.144,inf,121.541,121.541,121.541
118,T7,BESTEFFORT,MISSED,m5-1,11.701,"{'m1-1': 1.07, 'm2-1': 26.5, 'm3-1': 28.27, 'm4-1': 10.94, 'm5-1': 147.82, 'm6-1': 28.0, 'm7-1': 168.55, 'm8-1': 29.47}",0.6929999999999836,121.239,inf,121.701,121.701,121.701
119,T8,BESTEFFORT,MISSED,m6-1,11.831,"{'m1-1': 1.1, 'm2-1': 25.95, 'm3-1': 26.02, 'm4-1': 10.5, 'm5-1': 177.49, 'm6-1': 27.75, 'm7-1': 174.95, 'm8-1': 26.65}",0.7605000000000075,121.324,inf,121.831,121.831,121.831
120,T7,BESTEFFORT,MISSED,m4-1,11.959,"{'m1-1': 0.97, 'm2-1': 28.91, 'm3-1': 26.62, 'm4-1': 11.39, 'm5-1': 148.65, 'm6-1': 25.91, 'm7-1': 154.28, 'm8-1': 25.62}",0.6270000000000095,121.541,inf,121.959,121.959,121.959
121,T6,BESTEFFORT,COMPLETED,m1-1,11.966,"{'m1-1': 1.14, 'm2-1': 25.86, 'm3-1': 27.74, 'm4-1': 11.16, 'm5-1': 154.01, 'm6-1': 24.14, 'm7-1': 168.56, 'm8-1': 23.58}",1.71,25.921000000000003,27.061000000000003,inf,121.966,121.966
122,T4,BESTEFFORT,MISSED,m7-1,12.087,"{'m1-1': 1.12, 'm2-1': 25.45, 'm3-1': 27.97, 'm4-1': 11.05, 'm5-1': 161.69, 'm6-1': 23.69, 'm7-1': 171.44, 'm8-1': 24.74}",1.1400000000000077,121.327,inf,122.087,122.087,122.087
123,T4,BESTEFFORT,MISSED,m8-1,12.134,"{'m1-1': 1.14, 'm2-1': 27.84, 'm3-1': 25.42, 'm4-1': 9.62, 'm5-1': 154.21, 'm6-1': 25.66, 'm7-1': 152.28, 'm8-1': 26.49}",1.0304999999999964,121.447,inf,122.134,122.134,122.134
124,T3,BESTEFFORT,COMPLETED,m1-1,12.197,"{'m1-1': 1.16, 'm2-1': 26.99, 'm3-1': 27.5, 'm4-1': 11.27, 'm5-1': 163.07, 'm6-1': 27.8, 'm7-1': 154.57, 'm8-1': 27.08}",1.7399999999999998,27.061000000000003,28.221000000000004,inf,122.197,122.197
125,T5,BESTEFFORT,MISSED,m2-1,12.208,"{'m1-1': 1.03, 'm2-1': 25.6, 'm3-1': 24.15, 'm4-1': 9.64, 'm5-1': 155.46, 'm6-1': 25.34, 'm7-1': 164.78, 'm8-1': 26.82}",1.0619999999999976,121.5,inf,122.208,122.208,122.208
126,T6,BESTEFFORT,MISSED,m3-1,12.253,"{'m1-1': 0.98, 'm2-1': 24.84, 'm3-1': 27.08, 'm4-1': 11.2, 'm5-1': 157.65, 'm6-1': 24.36, 'm7-1': 156.15, 'm8-1': 26.18}",1.0860000000000056,121.529,inf,122.253,122.253,122.253
127,T4,BESTEFFORT,MISSED,m4-1,12.33,"{'m1-1': 1.12, 'm2-1': 25.31, 'm3-1': 27.89, 'm4-1': 10.52, 'm5-1': 152.28, 'm6-1': 27.85, 'm7-1': 161.32, 'm8-1': 26.12}",0.5564999999999927,121.959,inf,122.33,122.33,122.33
128,T5,BESTEFFORT,MISSED,m5-1,12.355,"{'m1-1': 0.99, 'm2-1': 26.64, 'm3-1': 25.89, 'm4-1': 11.3, 'm5-1': 173.64, 'm6-1': 27.1, 'm7-1': 163.83, 'm8-1': 24.82}",0.9810000000000159,121.701,inf,122.355,122.355,122.355
129,T4,BESTEFFORT,MISSED,m6-1,12.37,"{'m1-1': 1.04, 'm2-1': 26.97, 'm3-1': 24.24, 'm4-1': 9.47, 'm5-1': 167.21, 'm6-1': 25.17, 'm7-1': 155.2, 'm8-1': 28.34}",0.8085000000000022,121.831,inf,122.37,122.37,122.37
130,T8,BESTEFFORT,MISSED,m7-1,12.523,"{'m1-1': 1.02, 'm2-1': 25.7, 'm3-1': 28.96, 'm4-1': 11.38, 'm5-1': 174.31, 'm6-1': 28.3, 'm7-1': 155.01, 'm8-1': 23.85}",0.6539999999999893,122.087,inf,122.523,122.523,122.523
131,T6,BESTEFFORT,MISSED,m8-1,12.58,"{'m1-1': 1.03, 'm2-1': 25.76, 'm3-1': 25.81, 'm4-1': 10.77, 'm5-1': 164.63, 'm6-1': 28.05, 'm7-1': 167.61, 'm8-1': 24.07}",0.6689999999999969,122.134,inf,122.58,122.58,122.58
132,T2,BESTEFFORT,COMPLETED,m1-1,13.027,"{'m1-1': 1.03, 'm2-1': 23.98, 'm3-1': 29.0, 'm4-1': 10.62, 'm5-1': 160.15, 'm6-1': 24.82, 'm7-1': 164.39, 'm8-1': 26.58}",1.545,28.221000000000004,29.251000000000005,inf,123.027,123.027
133,T4,BESTEFFORT,COMPLETED,m1-1,13.083,"{'m1-1': 1.09, 'm2-1': 25.59, 'm3-1': 27.42, 'm4-1': 10.35, 'm5-1': 164.05, 'm6-1': 24.97, 'm7-1': 146.89, 'm8-1': 26.84}",1.6350000000000002,29.251000000000005,30.341000000000005,inf,123.083,123.083
134,T2,BESTEFFORT,MISSED,m2-1,13.153,"{'m1-1': 0.97, 'm2-1': 26.59, 'm3-1': 25.04, 'm4-1': 9.85, 'm5-1': 140.24, 'm6-1': 24.65, 'm7-1': 160.28, 'm8-1': 24.1}",1.417500000000011,122.208,inf,123.153,123.153,123.153
135,T4,BESTEFFORT,MISSED,m3-1,13.208,"{'m1-1': 1.07, 'm2-1': 23.84, 'm3-1': 28.08, 'm4-1': 10.72, 'm5-1': 161.1, 'm6-1': 24.79, 'm7-1': 150.25, 'm8-1': 24.95}",1.4324999999999974,122.253,inf,123.208,123.208,123.208
136,T5,BESTEFFORT,MISSED,m4-1,13.339,"{'m1-1': 1.07, 'm2-1': 26.87, 'm3-1': 26.95, 'm4-1': 10.72, 'm5-1': 168.1, 'm6-1': 26.77, 'm7-1': 174.95, 'm8-1': 27.6}",1.5135000000000005,122.33,inf,123.339,123.339,123.339
137,T4,BESTEFFORT,MISSED,m5-1,13.386,"{'m1-1': 1.17, 'm2-1': 26.12, 'm3-1': 26.64, 'm4-1': 9.82, 'm5-1': 172.59, 'm6-1': 25.91, 'm7-1': 166.26, 'm8-1': 26.3}",1.5464999999999876,122.355,inf,123.386,123.386,123.386
138,T1,BESTEFFORT,MISSED,m6-1,13.492,"{'m1-1': 1.14, 'm2-1': 27.72, 'm3-1': 27.46, 'm4-1': 11.73, 'm5-1': 145.24, 'm6-1': 26.26, 'm7-1': 170.34, 'm8-1': 25.01}",1.6829999999999998,122.37,inf,123.492,123.492,123.492
139,T2,BESTEFFORT,MISSED,m7-1,13.607,"{'m1-1': 1.0, 'm2-1': 25.25, 'm3-1': 25.47, 'm4-1': 10.57, 'm5-1': 140.58, 'm6-1': 27.87, 'm7-1': 160.83, 'm8-1': 24.56}",1.6260000000000048,122.523,inf,123.607,123.607,123.607
140,T1,BESTEFFORT,MISSED,m8-1,13.608,"{'m1-1': 1.17, 'm2-1': 24.4, 'm3-1': 26.0, 'm4-1': 11.79, 'm5-1': 155.73, 'm6-1': 28.06, 'm7-1': 161.57, 'm8-1': 25.33}",1.5420000000000087,122.58,inf,123.608,123.608,123.608
141,T2,BESTEFFORT,COMPLETED,m1-1,13.814,"{'m1-1': 1.0, 'm2-1': 23.94, 'm3-1': 26.2, 'm4-1': 9.84, 'm5-1': 158.12, 'm6-1': 28.54, 'm7-1': 162.84, 'm8-1': 28.15}",1.5,30.341000000000005,31.341000000000005,inf,123.814,123.814
142,T2,BESTEFFORT,MISSED,m2-1,13.877,"{'m1-1': 1.02, 'm2-1': 24.28, 'm3-1': 27.48, 'm4-1': 10.69, 'm5-1': 149.16, 'm6-1': 28.65, 'm7-1': 166.67, 'm8-1': 26.49}",1.0859999999999843,123.153,inf,123.877,123.877,123.877
143,T6,BESTEFFORT,COMPLETED,m1-1,14.147,"{'m1-1': 1.01, 'm2-1': 26.78, 'm3-1': 25.34, 'm4-1': 10.28, 'm5-1': 158.96, 'm6-1': 24.13, 'm7-1': 164.55, 'm8-1': 25.11}",1.5150000000000001,31.341000000000005,32.351000000000006,inf,124.147,124.147
144,T2,BESTEFFORT,MISSED,m3-1,14.216,"{'m1-1': 1.08, 'm2-1': 26.5, 'm3-1': 26.98, 'm4-1': 9.54, 'm5-1': 138.38, 'm6-1': 25.13, 'm7-1': 154.61, 'm8-1': 25.82}",1.5119999999999933,123.208,inf,124.216,124.216,124.216
145,T3,BESTEFFORT,MISSED,m4-1,14.371,"{'m1-1': 1.09, 'm2-1': 24.7, 'm3-1': 24.3, 'm4-1': 10.05, 'm5-1': 166.98, 'm6-1': 25.23, 'm7-1': 149.44, 'm8-1': 23.41}",1.5479999999999947,123.339,inf,124.371,124.371,124.371
146,T5,BESTEFFORT,MISSED,m5-1,14.466,"{'m1-1': 1.0, 'm2-1': 23.55, 'm3-1': 27.89, 'm4-1': 10.52, 'm5-1': 172.77, 'm6-1': 25.81, 'm7-1': 156.85, 'm8-1': 25.54}",1.6199999999999974,123.386,inf,124.466,124.466,124.466
147,T4,BESTEFFORT,MISSED,m6-1,14.467,"{'m1-1': 1.07, 'm2-1': 23.77, 'm3-1': 26.34, 'm4-1': 10.86, 'm5-1': 166.58, 'm6-1': 27.7, 'm7-1': 167.3, 'm8-1': 26.45}",1.4624999999999915,123.492,inf,124.467,124.467,124.467
148,T3,BESTEFFORT,MISSED,m7-1,14.473,"{'m1-1': 1.07, 'm2-1': 24.6, 'm3-1': 26.35, 'm4-1': 11.13, 'm5-1': 168.67, 'm6-1': 24.8, 'm7-1': 168.02, 'm8-1': 25.98}",1.2989999999999995,123.607,inf,124.473,124.473,124.473
149,T4,BESTEFFORT,MISSED,m8-1,14.817,"{'m1-1': 1.16, 'm2-1': 26.07, 'm3-1': 27.77, 'm4-1': 10.7, 'm5-1': 159.46, 'm6-1': 26.14, 'm7-1': 155.91, 'm8-1': 27.64}",1.8135000000000048,123.608,inf,124.81700000000001,124.81700000000001,124.81700000000001
150,T5,BESTEFFORT,COMPLETED,m1-1,14.877,"{'m1-1': 1.09, 'm2-1': 27.38, 'm3-1': 24.06, 'm4-1': 10.2, 'm5-1': 164.15, 'm6-1': 23.31, 'm7-1': 172.63, 'm8-1': 26.67}",1.6350000000000002,32.351000000000006,33.44100000000001,inf,124.877,124.877
151,T8,BESTEFFORT,MISSED,m2-1,14.908,"{'m1-1': 0.97, 'm2-1': 25.2, 'm3-1': 28.26, 'm4-1': 10.4, 'm5-1': 164.11, 'm6-1': 25.43, 'm7-1': 162.15, 'm8-1': 25.96}",1.5465000000000089,123.877,inf,124.908,124.908,124.908
152,T4,BESTEFFORT,MISSED,m3-1,14.91,"{'m1-1': 1.17, 'm2-1': 27.26, 'm3-1': 25.49, 'm4-1': 10.48, 'm5-1': 147.53, 'm6-1': 25.96, 'm7-1': 162.55, 'm8-1': 28.14}",1.041000000000004,124.216,inf,124.91,124.91,124.91
153,T9,BESTEFFORT,MISSED,m4-1,14.959,"{'m1-1': 1.06, 'm2-1': 26.81, 'm3-1': 25.66, 'm4-1': 10.45, 'm5-1': 145.41, 'm6-1': 25.03, 'm7-1': 165.99, 'm8-1': 26.84}",0.8820000000000121,124.371,inf,124.959,124.959,124.959
154,T2,BESTEFFORT,COMPLETED,m1-1,15.272,"{'m1-1': 1.02, 'm2-1': 26.91, 'm3-1': 26.95, 'm4-1': 11.0, 'm5-1': 143.22, 'm6-1': 25.08, 'm7-1': 153.29, 'm8-1': 27.03}",1.53,33.44100000000001,34.46100000000001,inf,125.272,125.272
155,T10,BESTEFFORT,MISSED,m5-1,15.289,"{'m1-1': 1.14, 'm2-1': 24.65, 'm3-1': 24.71, 'm4-1': 9.82, 'm5-1': 154.54, 'm6-1': 27.26, 'm7-1': 165.45, 'm8-1': 26.01}",1.2345000000000113,124.466,inf,125.289,125.289,125.289
156,T3,BESTEFFORT,MISSED,m6-1,15.352,"{'m1-1': 1.06, 'm2-1': 23.8, 'm3-1': 27.46, 'm4-1': 11.81, 'm5-1': 150.46, 'm6-1': 25.9, 'm7-1': 171.2, 'm8-1': 26.14}",1.3275000000000077,124.467,inf,125.352,125.352,125.352
157,T8,BESTEFFORT,MISSED,m7-1,15.444,"{'m1-1': 0.98, 'm2-1': 26.16, 'm3-1': 26.75, 'm4-1': 10.7, 'm5-1': 150.73, 'm6-1': 26.54, 'm7-1': 150.57, 'm8-1': 24.49}",1.4565000000000055,124.473,inf,125.444,125.444,125.444
158,T7,BESTEFFORT,MISSED,m8-1,15.578,"{'m1-1': 0.96, 'm2-1': 24.6, 'm3-1': 26.83, 'm4-1': 10.2, 'm5-1': 148.16, 'm6-1': 27.97, 'm7-1': 159.58, 'm8-1': 26.48}",1.1414999999999935,124.81700000000001,inf,125.578,125.578,125.578
159,T4,BESTEFFORT,COMPLETED,m1-1,15.818,"{'m1-1': 1.01, 'm2-1': 26.49, 'm3-1': 27.13, 'm4-1': 11.04, 'm5-1': 156.85, 'm6-1': 24.04, 'm7-1': 160.7, 'm8-1': 27.08}",1.5150000000000001,34.46100000000001,35.47100000000001,inf,125.818,125.818
160,T7,BESTEFFORT,MISSED,m2-1,15.927,"{'m1-1': 1.01, 'm2-1': 24.74, 'm3-1': 27.38, 'm4-1': 11.65, 'm5-1': 149.1, 'm6-1': 28.73, 'm7-1': 168.16, 'm8-1': 26.84}",1.5284999999999869,124.908,inf,125.92699999999999,125.92699999999999,125.92699999999999
161,T2,BESTEFFORT,MISSED,m3-1,16.022,"{'m1-1': 1.0, 'm2-1': 25.66, 'm3-1': 24.88, 'm4-1': 10.97, 'm5-1': 145.32, 'm6-1': 27.76, 'm7-1': 164.65, 'm8-1': 25.5}",1.6679999999999922,124.91,inf,126.02199999999999,126.02199999999999,126.02199999999999
162,T8,BESTEFFORT,MISSED,m4-1,16.089,"{'m1-1': 1.11, 'm2-1': 28.37, 'm3-1': 25.43, 'm4-1': 10.46, 'm5-1': 165.84, 'm6-1': 24.82, 'm7-1': 149.79, 'm8-1': 25.67}",1.6949999999999932,124.959,inf,126.089,126.089,126.089
163,T1,BESTEFFORT,MISSED,m5-1,16.164,"{'m1-1': 1.14, 'm2-1': 24.48, 'm3-1': 26.44, 'm4-1': 11.24, 'm5-1': 160.65, 'm6-1': 26.08, 'm7-1': 155.04, 'm8-1': 24.92}",1.3125,125.289,inf,126.164,126.164,126.164
164,T9,BESTEFFORT,COMPLETED,m1-1,16.256,"{'m1-1': 1.08, 'm2-1': 25.78, 'm3-1': 25.7, 'm4-1': 10.28, 'm5-1': 141.66, 'm6-1': 26.99, 'm7-1': 150.31, 'm8-1': 24.2}",1.62,35.47100000000001,36.55100000000001,inf,126.256,126.256
165,T3,BESTEFFORT,MISSED,m6-1,16.414,"{'m1-1': 1.12, 'm2-1': 26.02, 'm3-1': 23.78, 'm4-1': 10.25, 'm5-1': 147.86, 'm6-1': 25.97, 'm7-1': 160.02, 'm8-1': 25.15}",1.5929999999999964,125.352,inf,126.414,126.414,126.414
166,T3,BESTEFFORT,MISSED,m7-1,16.505,"{'m1-1': 1.07, 'm2-1': 24.23, 'm3-1': 25.66, 'm4-1': 10.39, 'm5-1': 167.98, 'm6-1': 25.46, 'm7-1': 151.23, 'm8-1': 24.11}",1.5914999999999893,125.444,inf,126.505,126.505,126.505
167,T6,BESTEFFORT,MISSED,m8-1,16.704,"{'m1-1': 1.0, 'm2-1': 26.56, 'm3-1': 25.84, 'm4-1': 10.35, 'm5-1': 148.81, 'm6-1': 26.89, 'm7-1': 172.48, 'm8-1': 23.58}",1.6890000000000072,125.578,inf,126.70400000000001,126.70400000000001,126.70400000000001
168,T3,BESTEFFORT,COMPLETED,m1-1,16.756,"{'m1-1': 1.07, 'm2-1': 24.42, 'm3-1': 26.03, 'm4-1': 11.09, 'm5-1': 156.78, 'm6-1': 25.93, 'm7-1': 158.84, 'm8-1': 26.45}",1.605,36.55100000000001,37.62100000000001,inf,126.756,126.756
169,T2,BESTEFFORT,MISSED,m2-1,16.825,"{'m1-1': 1.01, 'm2-1': 24.62, 'm3-1': 27.85, 'm4-1': 10.86, 'm5-1': 142.34, 'm6-1': 26.57, 'm7-1': 149.76, 'm8-1': 24.01}",1.3470000000000155,125.92699999999999,inf,126.825,126.825,126.825
170,T9,BESTEFFORT,MISSED,m3-1,17.002,"{'m1-1': 1.0, 'm2-1': 25.48, 'm3-1': 28.4, 'm4-1': 10.09, 'm5-1': 155.46, 'm6-1': 26.72, 'm7-1': 146.21, 'm8-1': 24.57}",1.470000000000006,126.02199999999999,inf,127.002,127.002,127.002
171,T9,BESTEFFORT,MISSED,m4-1,17.11,"{'m1-1': 0.97, 'm2-1': 25.09, 'm3-1': 25.15, 'm4-1': 10.39, 'm5-1': 155.85, 'm6-1': 28.04, 'm7-1': 155.3, 'm8-1': 28.76}",1.5315000000000012,126.089,inf,127.11,127.11,127.11
172,T5,BESTEFFORT,COMPLETED,m1-1,17.42,"{'m1-1': 1.01, 'm2-1': 24.12, 'm3-1': 27.03, 'm4-1': 10.99, 'm5-1': 155.21, 'm6-1': 23.1, 'm7-1': 160.24, 'm8-1': 24.67}",1.5150000000000001,37.62100000000001,38.63100000000001,inf,127.42,127.42
173,T6,BESTEFFORT,MISSED,m5-1,17.536,"{'m1-1': 1.11, 'm2-1': 28.16, 'm3-1': 27.76, 'm4-1': 10.67, 'm5-1': 142.27, 'm6-1': 25.26, 'm7-1': 162.33, 'm8-1': 25.94}",2.058,126.164,inf,127.536,127.536,127.536
174,T5,BESTEFFORT,MISSED,m6-1,17.664,"{'m1-1': 0.99, 'm2-1': 23.88, 'm3-1': 23.71, 'm4-1': 10.91, 'm5-1': 156.76, 'm6-1': 25.2, 'm7-1': 156.24, 'm8-1': 26.82}",1.875,126.414,inf,127.664,127.664,127.664
175,T8,BESTEFFORT,MISSED,m7-1,17.719,"{'m1-1': 1.06, 'm2-1': 28.25, 'm3-1': 28.56, 'm4-1': 11.69, 'm5-1': 175.76, 'm6-1': 28.13, 'm7-1': 154.13, 'm8-1': 26.28}",1.820999999999998,126.505,inf,127.719,127.719,127.719
176,T4,BESTEFFORT,MISSED,m8-1,17.735,"{'m1-1': 1.08, 'm2-1': 27.5, 'm3-1': 27.79, 'm4-1': 10.68, 'm5-1': 167.74, 'm6-1': 26.68, 'm7-1': 165.32, 'm8-1': 26.0}",1.5464999999999876,126.70400000000001,inf,127.735,127.735,127.735
177,T1,BESTEFFORT,COMPLETED,m1-1,17.786,"{'m1-1': 1.01, 'm2-1': 23.54, 'm3-1': 24.13, 'm4-1': 11.13, 'm5-1': 145.89, 'm6-1': 26.19, 'm7-1': 166.78, 'm8-1': 27.14}",1.5150000000000001,38.63100000000001,39.641000000000005,inf,127.786,127.786
178,T5,BESTEFFORT,MISSED,m2-1,17.885,"{'m1-1': 1.14, 'm2-1': 26.2, 'm3-1': 26.85, 'm4-1': 11.36, 'm5-1': 175.06, 'm6-1': 24.91, 'm7-1': 156.55, 'm8-1': 25.76}",1.5900000000000034,126.825,inf,127.885,127.885,127.885
179,T4,BESTEFFORT,MISSED,m3-1,17.906,"{'m1-1': 1.14, 'm2-1': 26.76, 'm3-1': 28.09, 'm4-1': 10.03, 'm5-1': 173.31, 'm6-1': 26.71, 'm7-1': 153.41, 'm8-1': 27.83}",1.3560000000000159,127.002,inf,127.906,127.906,127.906
180,T7,BESTEFFORT,MISSED,m4-1,17.919,"{'m1-1': 0.93, 'm2-1': 24.43, 'm3-1': 25.51, 'm4-1': 11.61, 'm5-1': 159.65, 'm6-1': 26.68, 'm7-1': 145.78, 'm8-1': 29.32}",1.2134999999999962,127.11,inf,127.919,127.919,127.919
181,T9,BESTEFFORT,MISSED,m5-1,17.925,"{'m1-1': 0.98, 'm2-1': 28.54, 'm3-1': 28.12, 'm4-1': 10.1, 'm5-1': 141.97, 'm6-1': 25.8, 'm7-1': 162.01, 'm8-1': 25.22}",0.5834999999999937,127.536,inf,127.925,127.925,127.925
182,T1,BESTEFFORT,MISSED,m6-1,17.932,"{'m1-1': 1.11, 'm2-1': 25.62, 'm3-1': 28.11, 'm4-1': 11.36, 'm5-1': 155.73, 'm6-1': 27.31, 'm7-1': 147.27, 'm8-1': 24.42}",0.402000000000001,127.664,inf,127.932,127.932,127.932
183,T9,BESTEFFORT,MISSED,m7-1,17.948,"{'m1-1': 1.09, 'm2-1': 26.36, 'm3-1': 28.09, 'm4-1': 10.53, 'm5-1': 164.56, 'm6-1': 24.13, 'm7-1': 151.3, 'm8-1': 28.06}",0.3435000000000201,127.719,inf,127.94800000000001,127.94800000000001,127.94800000000001
184,T5,BESTEFFORT,MISSED,m8-1,18.188,"{'m1-1': 1.04, 'm2-1': 25.12, 'm3-1': 27.76, 'm4-1': 10.47, 'm5-1': 164.99, 'm6-1': 23.46, 'm7-1': 171.14, 'm8-1': 27.88}",0.6794999999999831,127.735,inf,128.188,128.188,128.188
185,T8,BESTEFFORT,COMPLETED,m1-1,18.199,"{'m1-1': 1.02, 'm2-1': 25.1, 'm3-1': 26.16, 'm4-1': 11.03, 'm5-1': 171.75, 'm6-1': 26.19, 'm7-1': 161.38, 'm8-1': 23.25}",1.53,39.641000000000005,40.66100000000001,inf,128.199,128.199
186,T4,BESTEFFORT,MISSED,m2-1,18.359,"{'m1-1': 1.01, 'm2-1': 27.84, 'm3-1': 24.92, 'm4-1': 10.24, 'm5-1': 175.17, 'm6-1': 24.0, 'm7-1': 162.05, 'm8-1': 26.23}",0.7110000000000056,127.885,inf,128.359,128.359,128.359
187,T8,BESTEFFORT,MISSED,m3-1,18.387,"{'m1-1': 0.98, 'm2-1': 26.58, 'm3-1': 26.16, 'm4-1': 9.94, 'm5-1': 173.06, 'm6-1': 24.29, 'm7-1': 151.56, 'm8-1': 24.0}",0.7214999999999918,127.906,inf,128.387,128.387,128.387
188,T6,BESTEFFORT,COMPLETED,m1-1,18.455,"{'m1-1': 0.96, 'm2-1': 24.4, 'm3-1': 26.68, 'm4-1': 10.67, 'm5-1': 156.98, 'm6-1': 28.01, 'm7-1': 156.39, 'm8-1': 26.27}",1.44,40.66100000000001,41.62100000000001,inf,128.45499999999998,128.45499999999998
189,T9,BESTEFFORT,MISSED,m4-1,18.515,"{'m1-1': 0.97, 'm2-1': 27.67, 'm3-1': 26.97, 'm4-1': 11.31, 'm5-1': 158.82, 'm6-1': 26.6, 'm7-1': 142.03, 'm8-1': 27.6}",0.8939999999999841,127.919,inf,128.515,128.515,128.515
190,T4,BESTEFFORT,MISSED,m5-1,18.53,"{'m1-1': 1.02, 'm2-1': 27.02, 'm3-1': 27.79, 'm4-1': 10.82, 'm5-1': 150.25, 'm6-1': 25.19, 'm7-1': 154.28, 'm8-1': 24.78}",0.907500000000006,127.925,inf,128.53,128.53,128.53
191,T9,BESTEFFORT,MISSED,m6-1,18.543,"{'m1-1': 1.12, 'm2-1': 25.22, 'm3-1': 25.42, 'm4-1': 10.17, 'm5-1': 164.58, 'm6-1': 27.78, 'm7-1': 147.21, 'm8-1': 28.25}",0.9165000000000063,127.932,inf,128.543,128.543,128.543
192,T8,BESTEFFORT,MISSED,m7-1,18.6,"{'m1-1': 0.96, 'm2-1': 24.6, 'm3-1': 28.99, 'm4-1': 10.34, 'm5-1': 159.16, 'm6-1': 27.18, 'm7-1': 150.51, 'm8-1': 26.37}",0.9779999999999802,127.94800000000001,inf,128.6,128.6,128.6
193,T2,BESTEFFORT,MISSED,m8-1,18.646,"{'m1-1': 1.01, 'm2-1': 25.22, 'm3-1': 24.99, 'm4-1': 9.8, 'm5-1': 154.54, 'm6-1': 29.05, 'm7-1': 169.48, 'm8-1': 28.37}",0.6870000000000402,128.188,inf,128.64600000000002,128.64600000000002,128.64600000000002
194,T9,BESTEFFORT,COMPLETED,m1-1,18.659,"{'m1-1': 1.05, 'm2-1': 25.61, 'm3-1': 26.25, 'm4-1': 10.4, 'm5-1': 149.45, 'm6-1': 27.44, 'm7-1': 156.07, 'm8-1': 27.54}",1.5750000000000002,41.62100000000001,42.67100000000001,inf,128.659,128.659
195,T10,BESTEFFORT,MISSED,m2-1,18.683,"{'m1-1': 1.15, 'm2-1': 24.72, 'm3-1': 26.85, 'm4-1': 9.49, 'm5-1': 156.58, 'm6-1': 24.73, 'm7-1': 159.76, 'm8-1': 29.04}",0.4859999999999758,128.359,inf,128.683,128.683,128.683
196,T8,BESTEFFORT,MISSED,m3-1,18.8,"{'m1-1': 0.95, 'm2-1': 24.75, 'm3-1': 28.63, 'm4-1': 10.82, 'm5-1': 165.12, 'm6-1': 24.37, 'm7-1': 165.57, 'm8-1': 24.36}",0.6195000000000164,128.387,inf,128.8,128.8,128.8
197,T5,BESTEFFORT,MISSED,m4-1,18.821,"{'m1-1': 1.15, 'm2-1': 25.37, 'm3-1': 24.92, 'm4-1': 9.87, 'm5-1': 155.08, 'm6-1': 26.4, 'm7-1': 166.82, 'm8-1': 25.9}",0.4590000000000174,128.515,inf,128.821,128.821,128.821
198,T10,BESTEFFORT,MISSED,m5-1,18.906,"{'m1-1': 1.15, 'm2-1': 27.81, 'm3-1': 25.67, 'm4-1': 10.92, 'm5-1': 174.89, 'm6-1': 26.32, 'm7-1': 176.57, 'm8-1': 28.5}",0.5640000000000072,128.53,inf,128.906,128.906,128.906
199,T1,BESTEFFORT,MISSED,m6-1,18.957,"{'m1-1': 1.15, 'm2-1': 25.28, 'm3-1': 24.96, 'm4-1': 11.68, 'm5-1': 146.92, 'm6-1': 27.64, 'm7-1': 167.03, 'm8-1': 26.86}",0.6209999999999809,128.543,inf,128.957,128.957,128.957
200,T6,BESTEFFORT,MISSED,m7-1,19.242,"{'m1-1': 1.09, 'm2-1': 24.25, 'm3-1': 25.42, 'm4-1': 10.07, 'm5-1': 157.53, 'm6-1': 27.24, 'm7-1': 171.88, 'm8-1': 23.7}",0.9629999999999939,128.6,inf,129.242,129.242,129.242
201,T10,BESTEFFORT,MISSED,m8-1,19.246,"{'m1-1': 1.06, 'm2-1': 25.17, 'm3-1': 24.28, 'm4-1': 10.13, 'm5-1': 156.14, 'm6-1': 25.91, 'm7-1': 168.17, 'm8-1': 27.53}",0.8999999999999915,128.64600000000002,inf,129.246,129.246,129.246
202,T7,BESTEFFORT,COMPLETED,m1-1,19.306,"{'m1-1': 1.01, 'm2-1': 24.42, 'm3-1': 29.05, 'm4-1': 10.6, 'm5-1': 144.93, 'm6-1': 28.22, 'm7-1': 156.17, 'm8-1': 28.98}",1.5150000000000001,42.67100000000001,43.681000000000004,inf,129.306,129.306
203,T8,BESTEFFORT,MISSED,m2-1,19.425,"{'m1-1': 1.11, 'm2-1': 27.58, 'm3-1': 27.86, 'm4-1': 10.94, 'm5-1': 161.9, 'm6-1': 28.29, 'm7-1': 162.63, 'm8-1': 26.23}",1.113000000000028,128.683,inf,129.425,129.425,129.425
204,T1,BESTEFFORT,MISSED,m3-1,19.483,"{'m1-1': 1.1, 'm2-1': 26.37, 'm3-1': 24.83, 'm4-1': 10.55, 'm5-1': 152.73, 'm6-1': 24.94, 'm7-1': 150.69, 'm8-1': 24.79}",1.024499999999989,128.8,inf,129.483,129.483,129.483
205,T7,BESTEFFORT,COMPLETED,m1-1,19.604,"{'m1-1': 0.99, 'm2-1': 26.56, 'm3-1': 27.06, 'm4-1': 11.58, 'm5-1': 163.38, 'm6-1': 27.8, 'm7-1': 153.26, 'm8-1': 26.67}",1.4849999999999999,43.681000000000004,44.67100000000001,inf,129.60399999999998,129.60399999999998
206,T10,BESTEFFORT,MISSED,m4-1,19.621,"{'m1-1': 1.14, 'm2-1': 27.01, 'm3-1': 23.53, 'm4-1': 10.43, 'm5-1': 150.38, 'm6-1': 27.29, 'm7-1': 157.55, 'm8-1': 25.15}",1.200000000000017,128.821,inf,129.621,129.621,129.621
207,T9,BESTEFFORT,MISSED,m5-1,19.886,"{'m1-1': 1.04, 'm2-1': 25.62, 'm3-1': 24.16, 'm4-1': 10.1, 'm5-1': 153.87, 'm6-1': 26.15, 'm7-1': 151.91, 'm8-1': 24.67}",1.4699999999999847,128.906,inf,129.886,129.886,129.886
208,T6,BESTEFFORT,MISSED,m6-1,19.909,"{'m1-1': 1.0, 'm2-1': 24.98, 'm3-1': 27.72, 'm4-1': 9.57, 'm5-1': 159.19, 'm6-1': 25.71, 'm7-1': 172.86, 'm8-1': 23.52}",1.4279999999999973,128.957,inf,129.909,129.909,129.909
209,T1,BESTEFFORT,MISSED,m7-1,19.969,"{'m1-1': 1.02, 'm2-1': 27.4, 'm3-1': 25.92, 'm4-1': 11.08, 'm5-1': 161.88, 'm6-1': 24.3, 'm7-1': 168.5, 'm8-1': 27.34}",1.0905000000000058,129.242,inf,129.969,129.969,129.969
210,T2,BESTEFFORT,MISSED,m8-1,19.978,"{'m1-1': 1.08, 'm2-1': 24.6, 'm3-1': 27.38, 'm4-1': 10.92, 'm5-1': 142.74, 'm6-1': 27.58, 'm7-1': 160.12, 'm8-1': 27.39}",1.097999999999999,129.246,inf,129.978,129.978,129.978
211,T5,BESTEFFORT,COMPLETED,m1-1,20.124,"{'m1-1': 1.13, 'm2-1': 27.38, 'm3-1': 26.8, 'm4-1': 10.93, 'm5-1': 157.41, 'm6-1': 25.78, 'm7-1': 177.02, 'm8-1': 24.82}",1.6949999999999998,44.67100000000001,45.80100000000001,inf,130.124,130.124
212,T6,BESTEFFORT,MISSED,m2-1,20.169,"{'m1-1': 1.07, 'm2-1': 26.11, 'm3-1': 24.82, 'm4-1': 10.35, 'm5-1': 161.05, 'm6-1': 27.73, 'm7-1': 159.81, 'm8-1': 27.37}",1.1159999999999997,129.425,inf,130.169,130.169,130.169
213,T2,BESTEFFORT,MISSED,m3-1,20.395,"{'m1-1': 1.1, 'm2-1': 27.74, 'm3-1': 28.39, 'm4-1': 10.84, 'm5-1': 153.96, 'm6-1': 27.65, 'm7-1': 152.32, 'm8-1': 24.23}",1.3680000000000092,129.483,inf,130.395,130.395,130.395
214,T9,BESTEFFORT,COMPLETED,m1-1,20.551,"{'m1-1': 0.99, 'm2-1': 26.78, 'm3-1': 27.31, 'm4-1': 11.3, 'm5-1': 142.32, 'm6-1': 25.81, 'm7-1': 162.33, 'm8-1': 25.11}",1.4849999999999999,45.80100000000001,46.79100000000001,inf,130.551,130.551
215,T6,BESTEFFORT,MISSED,m4-1,20.556,"{'m1-1': 1.13, 'm2-1': 25.17, 'm3-1': 28.82, 'm4-1': 11.15, 'm5-1': 157.41, 'm6-1': 24.65, 'm7-1': 151.54, 'm8-1': 26.42}",1.4025000000000034,129.621,inf,130.556,130.556,130.556
216,T3,BESTEFFORT,MISSED,m5-1,20.707,"{'m1-1': 1.16, 'm2-1': 27.92, 'm3-1': 27.51, 'm4-1': 11.77, 'm5-1': 171.38, 'm6-1': 26.3, 'm7-1': 157.89, 'm8-1': 23.52}",1.231499999999997,129.886,inf,130.707,130.707,130.707
217,T4,BESTEFFORT,MISSED,m6-1,20.765,"{'m1-1': 1.03, 'm2-1': 23.7, 'm3-1': 27.75, 'm4-1': 10.49, 'm5-1': 147.99, 'm6-1': 27.49, 'm7-1': 147.58, 'm8-1': 28.64}",1.2839999999999918,129.909,inf,130.765,130.765,130.765
218,T1,BESTEFFORT,MISSED,m7-1,20.824,"{'m1-1': 1.02, 'm2-1': 27.36, 'm3-1': 24.24, 'm4-1': 10.92, 'm5-1': 165.3, 'm6-1': 25.53, 'm7-1': 151.8, 'm8-1': 25.27}",1.2825000000000273,129.969,inf,130.824,130.824,130.824
219,T9,BESTEFFORT,MISSED,m8-1,20.958,"{'m1-1': 1.0, 'm2-1': 28.34, 'm3-1': 25.4, 'm4-1': 11.18, 'm5-1': 142.97, 'm6-1': 24.62, 'm7-1': 151.5, 'm8-1': 27.7}",1.4699999999999847,129.978,inf,130.958,130.958,130.958
220,T8,BESTEFFORT,COMPLETED,m1-1,20.993,"{'m1-1': 1.03, 'm2-1': 27.46, 'm3-1': 27.64, 'm4-1': 10.79, 'm5-1': 170.99, 'm6-1': 25.1, 'm7-1': 172.62, 'm8-1': 24.19}",1.545,46.79100000000001,47.82100000000001,inf,130.993,130.993
221,T6,BESTEFFORT,MISSED,m2-1,21.015,"{'m1-1': 1.0, 'm2-1': 26.11, 'm3-1': 26.53, 'm4-1': 11.26, 'm5-1': 145.48, 'm6-1': 25.11, 'm7-1': 158.1, 'm8-1': 26.72}",1.2689999999999628,130.169,inf,131.015,131.015,131.015
222,T7,BESTEFFORT,MISSED,m3-1,21.067,"{'m1-1': 1.01, 'm2-1': 28.71, 'm3-1': 29.34, 'm4-1': 10.85, 'm5-1': 152.23, 'm6-1': 25.4, 'm7-1': 156.41, 'm8-1': 29.31}",1.0079999999999956,130.395,inf,131.067,131.067,131.067
223,T5,BESTEFFORT,MISSED,m4-1,21.239,"{'m1-1': 1.05, 'm2-1': 25.78, 'm3-1': 23.59, 'm4-1': 10.72, 'm5-1': 155.27, 'm6-1': 25.92, 'm7-1': 175.49, 'm8-1': 28.1}",1.024499999999989,130.556,inf,131.239,131.239,131.239
224,T10,BESTEFFORT,MISSED,m5-1,21.253,"{'m1-1': 1.12, 'm2-1': 24.61, 'm3-1': 26.81, 'm4-1': 9.49, 'm5-1': 171.16, 'm6-1': 27.53, 'm7-1': 164.86, 'm8-1': 26.63}",0.8189999999999884,130.707,inf,131.253,131.253,131.253
225,T5,BESTEFFORT,MISSED,m6-1,21.445,"{'m1-1': 1.11, 'm2-1': 27.35, 'm3-1': 24.2, 'm4-1': 10.0, 'm5-1': 152.81, 'm6-1': 24.59, 'm7-1': 149.14, 'm8-1': 25.72}",1.0200000000000102,130.765,inf,131.445,131.445,131.445
226,T3,BESTEFFORT,MISSED,m7-1,21.541,"{'m1-1': 1.02, 'm2-1': 26.91, 'm3-1': 25.68, 'm4-1': 10.39, 'm5-1': 167.61, 'm6-1': 24.37, 'm7-1': 160.73, 'm8-1': 24.98}",1.0754999999999768,130.824,inf,131.541,131.541,131.541
227,T6,BESTEFFORT,MISSED,m8-1,21.557,"{'m1-1': 1.0, 'm2-1': 27.38, 'm3-1': 25.02, 'm4-1': 10.58, 'm5-1': 152.7, 'm6-1': 26.21, 'm7-1': 155.06, 'm8-1': 25.3}",0.8984999999999843,130.958,inf,131.557,131.557,131.557
228,T8,BESTEFFORT,COMPLETED,m1-1,21.789,"{'m1-1': 1.06, 'm2-1': 25.16, 'm3-1': 29.39, 'm4-1': 9.91, 'm5-1': 160.53, 'm6-1': 24.79, 'm7-1': 160.55, 'm8-1': 24.57}",1.59,47.82100000000001,48.881000000000014,inf,131.789,131.789
229,T8,BESTEFFORT,COMPLETED,m1-1,21.831,"{'m1-1': 1.08, 'm2-1': 24.55, 'm3-1': 26.26, 'm4-1': 10.89, 'm5-1': 177.23, 'm6-1': 25.52, 'm7-1': 170.04, 'm8-1': 26.47}",1.62,48.881000000000014,49.96100000000001,inf,131.831,131.831
230,T1,BESTEFFORT,MISSED,m2-1,21.883,"{'m1-1': 1.02, 'm2-1': 26.7, 'm3-1': 24.15, 'm4-1': 11.31, 'm5-1': 153.85, 'm6-1': 24.2, 'm7-1': 148.82, 'm8-1': 24.16}",1.3020000000000351,131.015,inf,131.883,131.883,131.883
231,T8,BESTEFFORT,MISSED,m3-1,22.004,"{'m1-1': 0.97, 'm2-1': 27.89, 'm3-1': 27.38, 'm4-1': 11.22, 'm5-1': 177.73, 'm6-1': 28.03, 'm7-1': 159.14, 'm8-1': 26.13}",1.405499999999975,131.067,inf,132.004,132.004,132.004
232,T10,BESTEFFORT,MISSED,m4-1,22.023,"{'m1-1': 1.16, 'm2-1': 26.38, 'm3-1': 25.45, 'm4-1': 10.19, 'm5-1': 155.53, 'm6-1': 25.24, 'm7-1': 168.26, 'm8-1': 26.78}",1.1759999999999877,131.239,inf,132.023,132.023,132.023
233,T4,BESTEFFORT,MISSED,m5-1,22.028,"{'m1-1': 1.14, 'm2-1': 27.8, 'm3-1': 26.92, 'm4-1': 10.43, 'm5-1': 148.78, 'm6-1': 23.7, 'm7-1': 161.24, 'm8-1': 28.86}",1.1625000000000085,131.253,inf,132.028,132.028,132.028
234,T7,BESTEFFORT,MISSED,m6-1,22.301,"{'m1-1': 1.1, 'm2-1': 24.73, 'm3-1': 26.22, 'm4-1': 10.02, 'm5-1': 162.94, 'm6-1': 26.45, 'm7-1': 169.45, 'm8-1': 25.99}",1.2839999999999918,131.445,inf,132.301,132.301,132.301
235,T7,BESTEFFORT,MISSED,m7-1,22.321,"{'m1-1': 1.02, 'm2-1': 27.49, 'm3-1': 27.54, 'm4-1': 11.61, 'm5-1': 163.59, 'm6-1': 28.51, 'm7-1': 158.4, 'm8-1': 25.92}",1.1700000000000017,131.541,inf,132.321,132.321,132.321
236,T4,BESTEFFORT,MISSED,m8-1,22.55,"{'m1-1': 1.13, 'm2-1': 25.16, 'm3-1': 25.57, 'm4-1': 9.41, 'm5-1': 165.06, 'm6-1': 27.84, 'm7-1': 149.14, 'm8-1': 28.52}",1.4895000000000351,131.557,inf,132.55,132.55,132.55
237,T3,BESTEFFORT,COMPLETED,m1-1,22.573,"{'m1-1': 1.06, 'm2-1': 25.6, 'm3-1': 24.9, 'm4-1': 10.55, 'm5-1': 161.87, 'm6-1': 23.95, 'm7-1': 146.44, 'm8-1': 27.33}",1.59,49.96100000000001,51.021000000000015,inf,132.573,132.573
238,T6,BESTEFFORT,MISSED,m2-1,22.706,"{'m1-1': 1.12, 'm2-1': 25.33, 'm3-1': 27.63, 'm4-1': 10.97, 'm5-1': 160.41, 'm6-1': 26.07, 'm7-1': 166.74, 'm8-1': 23.46}",1.2344999999999686,131.883,inf,132.706,132.706,132.706
239,T5,BESTEFFORT,COMPLETED,m1-1,22.738,"{'m1-1': 0.98, 'm2-1': 26.9, 'm3-1': 27.24, 'm4-1': 10.44, 'm5-1': 176.39, 'm6-1': 26.16, 'm7-1': 177.14, 'm8-1': 28.05}",1.47,51.021000000000015,52.00100000000001,inf,132.738,132.738
240,T9,BESTEFFORT,MISSED,m3-1,22.791,"{'m1-1': 1.03, 'm2-1': 28.14, 'm3-1': 28.3, 'm4-1': 10.54, 'm5-1': 148.24, 'm6-1': 28.32, 'm7-1': 144.77, 'm8-1': 28.09}",1.1805000000000092,132.004,inf,132.791,132.791,132.791
241,T9,BESTEFFORT,MISSED,m4-1,22.854,"{'m1-1': 1.01, 'm2-1': 27.51, 'm3-1': 24.6, 'm4-1': 10.48, 'm5-1': 144.8, 'm6-1': 28.33, 'm7-1': 164.58, 'm8-1': 26.02}",1.2464999999999833,132.023,inf,132.85399999999998,132.85399999999998,132.85399999999998
242,T3,BESTEFFORT,MISSED,m4-1,23.088,"{'m1-1': 1.05, 'm2-1': 27.95, 'm3-1': 26.52, 'm4-1': 10.54, 'm5-1': 160.34, 'm6-1': 26.4, 'm7-1': 150.63, 'm8-1': 25.26}",0.3510000000000133,132.85399999999998,inf,133.088,133.088,133.088
243,T9,BESTEFFORT,MISSED,m5-1,23.376,"{'m1-1': 1.08, 'm2-1': 28.26, 'm3-1': 28.5, 'm4-1': 10.16, 'm5-1': 159.26, 'm6-1': 25.24, 'm7-1': 163.31, 'm8-1': 24.7}",2.02200000000002,132.028,inf,133.376,133.376,133.376
244,T7,BESTEFFORT,MISSED,m6-1,23.404,"{'m1-1': 1.0, 'm2-1': 28.88, 'm3-1': 25.53, 'm4-1': 10.87, 'm5-1': 155.87, 'm6-1': 28.45, 'm7-1': 156.09, 'm8-1': 29.76}",1.654500000000013,132.301,inf,133.404,133.404,133.404
245,T2,BESTEFFORT,MISSED,m7-1,23.427,"{'m1-1': 0.97, 'm2-1': 23.59, 'm3-1': 28.34, 'm4-1': 10.63, 'm5-1': 159.3, 'm6-1': 24.96, 'm7-1': 166.88, 'm8-1': 24.16}",1.6589999999999918,132.321,inf,133.427,133.427,133.427
246,T6,BESTEFFORT,MISSED,m8-1,23.503,"{'m1-1': 1.03, 'm2-1': 23.9, 'm3-1': 28.04, 'm4-1': 9.94, 'm5-1': 161.05, 'm6-1': 26.65, 'm7-1': 155.55, 'm8-1': 24.02}",1.4294999999999618,132.55,inf,133.503,133.503,133.503
247,T10,BESTEFFORT,MISSED,m2-1,23.528,"{'m1-1': 1.1, 'm2-1': 24.64, 'm3-1': 26.62, 'm4-1': 9.24, 'm5-1': 156.32, 'm6-1': 27.14, 'm7-1': 161.76, 'm8-1': 26.27}",1.233000000000004,132.706,inf,133.528,133.528,133.528
248,T6,BESTEFFORT,COMPLETED,m1-1,23.528,"{'m1-1': 0.99, 'm2-1': 23.91, 'm3-1': 28.85, 'm4-1': 10.61, 'm5-1': 141.75, 'm6-1': 26.65, 'm7-1': 149.53, 'm8-1': 24.8}",1.4849999999999999,52.00100000000001,52.991000000000014,inf,133.528,133.528
249,T4,BESTEFFORT,MISSED,m3-1,23.688,"{'m1-1': 1.09, 'm2-1': 27.9, 'm3-1': 26.96, 'm4-1': 10.76, 'm5-1': 162.72, 'm6-1': 25.29, 'm7-1': 168.99, 'm8-1': 27.98}",1.345499999999987,132.791,inf,133.688,133.688,133.688
250,T5,BESTEFFORT,MISSED,m4-1,23.802,"{'m1-1': 1.08, 'm2-1': 23.78, 'm3-1': 26.76, 'm4-1': 11.09, 'm5-1': 158.8, 'm6-1': 25.09, 'm7-1': 161.01, 'm8-1': 26.78}",1.070999999999998,133.088,inf,133.802,133.802,133.802
251,T4,BESTEFFORT,COMPLETED,m1-1,23.935,"{'m1-1': 1.11, 'm2-1': 27.09, 'm3-1': 25.06, 'm4-1': 10.4, 'm5-1': 173.02, 'm6-1': 26.02, 'm7-1': 152.94, 'm8-1': 26.87}",1.665,52.991000000000014,54.10100000000001,inf,133.935,133.935
252,T3,BESTEFFORT,MISSED,m5-1,23.999,"{'m1-1': 0.98, 'm2-1': 23.96, 'm3-1': 27.4, 'm4-1': 10.36, 'm5-1': 150.08, 'm6-1': 24.71, 'm7-1': 148.67, 'm8-1': 24.32}",0.9344999999999857,133.376,inf,133.999,133.999,133.999
253,T5,BESTEFFORT,MISSED,m6-1,24.039,"{'m1-1': 1.06, 'm2-1': 27.18, 'm3-1': 26.03, 'm4-1': 10.24, 'm5-1': 156.36, 'm6-1': 23.05, 'm7-1': 170.33, 'm8-1': 26.79}",0.9524999999999864,133.404,inf,134.039,134.039,134.039
254,T2,BESTEFFORT,MISSED,m7-1,24.108,"{'m1-1': 1.1, 'm2-1': 25.96, 'm3-1': 27.66, 'm4-1': 10.94, 'm5-1': 151.55, 'm6-1': 25.6, 'm7-1': 168.24, 'm8-1': 25.17}",1.0215000000000174,133.427,inf,134.108,134.108,134.108
255,T2,BESTEFFORT,MISSED,m8-1,24.187,"{'m1-1': 1.06, 'm2-1': 24.35, 'm3-1': 28.59, 'm4-1': 10.59, 'm5-1': 158.88, 'm6-1': 25.54, 'm7-1': 154.52, 'm8-1': 24.93}",1.0260000000000389,133.503,inf,134.187,134.187,134.187
256,T5,BESTEFFORT,COMPLETED,m1-1,24.644,"{'m1-1': 1.1, 'm2-1': 26.51, 'm3-1': 25.8, 'm4-1': 11.2, 'm5-1': 159.8, 'm6-1': 23.15, 'm7-1': 170.96, 'm8-1': 26.73}",1.6500000000000001,54.10100000000001,55.201000000000015,inf,134.644,134.644
257,T10,BESTEFFORT,MISSED,m2-1,24.685,"{'m1-1': 1.04, 'm2-1': 23.78, 'm3-1': 26.91, 'm4-1': 10.61, 'm5-1': 172.26, 'm6-1': 25.8, 'm7-1': 167.95, 'm8-1': 27.29}",1.735500000000016,133.528,inf,134.685,134.685,134.685
258,T6,BESTEFFORT,MISSED,m3-1,24.867,"{'m1-1': 1.08, 'm2-1': 28.16, 'm3-1': 25.17, 'm4-1': 10.12, 'm5-1': 153.36, 'm6-1': 27.38, 'm7-1': 168.77, 'm8-1': 23.68}",1.768500000000003,133.688,inf,134.867,134.867,134.867
259,T6,BESTEFFORT,COMPLETED,m1-1,24.954,"{'m1-1': 1.05, 'm2-1': 25.4, 'm3-1': 28.26, 'm4-1': 10.86, 'm5-1': 147.18, 'm6-1': 26.62, 'm7-1': 146.66, 'm8-1': 25.04}",1.5750000000000002,55.201000000000015,56.25100000000001,inf,134.954,134.954
260,T4,BESTEFFORT,MISSED,m4-1,24.957,"{'m1-1': 1.15, 'm2-1': 24.66, 'm3-1': 27.47, 'm4-1': 9.95, 'm5-1': 156.52, 'm6-1': 24.29, 'm7-1': 153.59, 'm8-1': 26.02}",1.7325000000000017,133.802,inf,134.957,134.957,134.957
261,T1,BESTEFFORT,MISSED,m5-1,25.077,"{'m1-1': 1.03, 'm2-1': 27.11, 'm3-1': 24.28, 'm4-1': 11.04, 'm5-1': 157.17, 'm6-1': 25.84, 'm7-1': 162.66, 'm8-1': 28.25}",1.6170000000000044,133.999,inf,135.077,135.077,135.077
262,T4,BESTEFFORT,MISSED,m6-1,25.095,"{'m1-1': 1.09, 'm2-1': 25.17, 'm3-1': 27.27, 'm4-1': 10.18, 'm5-1': 162.27, 'm6-1': 26.35, 'm7-1': 146.61, 'm8-1': 26.35}",1.5840000000000174,134.039,inf,135.095,135.095,135.095
263,T2,BESTEFFORT,MISSED,m7-1,25.191,"{'m1-1': 0.95, 'm2-1': 26.79, 'm3-1': 28.42, 'm4-1': 10.02, 'm5-1': 153.1, 'm6-1': 28.54, 'm7-1': 162.58, 'm8-1': 24.56}",1.6244999999999976,134.108,inf,135.191,135.191,135.191
264,T5,BESTEFFORT,MISSED,m8-1,25.251,"{'m1-1': 0.99, 'm2-1': 27.58, 'm3-1': 26.27, 'm4-1': 10.65, 'm5-1': 173.34, 'm6-1': 25.92, 'm7-1': 167.97, 'm8-1': 28.18}",1.5959999999999894,134.187,inf,135.251,135.251,135.251
265,T6,BESTEFFORT,COMPLETED,m1-1,25.566,"{'m1-1': 0.99, 'm2-1': 24.26, 'm3-1': 25.98, 'm4-1': 10.17, 'm5-1': 150.74, 'm6-1': 28.2, 'm7-1': 159.62, 'm8-1': 24.41}",1.4849999999999999,56.25100000000001,57.241000000000014,inf,135.566,135.566
266,T1,BESTEFFORT,MISSED,m2-1,25.602,"{'m1-1': 1.12, 'm2-1': 26.25, 'm3-1': 24.73, 'm4-1': 11.49, 'm5-1': 144.28, 'm6-1': 24.54, 'm7-1': 151.82, 'm8-1': 27.7}",1.3755000000000024,134.685,inf,135.602,135.602,135.602
267,T1,BESTEFFORT,MISSED,m3-1,25.795,"{'m1-1': 1.12, 'm2-1': 24.87, 'm3-1': 25.22, 'm4-1': 10.39, 'm5-1': 145.23, 'm6-1': 24.02, 'm7-1': 162.19, 'm8-1': 28.52}",1.3920000000000385,134.867,inf,135.79500000000002,135.79500000000002,135.79500000000002
268,T8,BESTEFFORT,MISSED,m4-1,25.916,"{'m1-1': 1.05, 'm2-1': 28.65, 'm3-1': 28.07, 'm4-1': 10.59, 'm5-1': 160.17, 'm6-1': 25.18, 'm7-1': 169.46, 'm8-1': 25.09}",1.4385000000000048,134.957,inf,135.916,135.916,135.916
269,T5,BESTEFFORT,COMPLETED,m1-1,26.209,"{'m1-1': 1.12, 'm2-1': 23.27, 'm3-1': 26.82, 'm4-1': 10.29, 'm5-1': 156.96, 'm6-1': 26.94, 'm7-1': 166.04, 'm8-1': 27.01}",1.6800000000000002,57.241000000000014,58.36100000000001,inf,136.209,136.209
270,T9,BESTEFFORT,MISSED,m5-1,26.278,"{'m1-1': 1.03, 'm2-1': 27.77, 'm3-1': 26.73, 'm4-1': 11.48, 'm5-1': 160.5, 'm6-1': 25.72, 'm7-1': 146.54, 'm8-1': 28.57}",1.80149999999999,135.077,inf,136.278,136.278,136.278
271,T4,BESTEFFORT,MISSED,m6-1,26.291,"{'m1-1': 1.08, 'm2-1': 25.68, 'm3-1': 24.82, 'm4-1': 10.27, 'm5-1': 161.6, 'm6-1': 26.61, 'm7-1': 146.89, 'm8-1': 24.83}",1.793999999999997,135.095,inf,136.291,136.291,136.291
272,T5,BESTEFFORT,MISSED,m7-1,26.358,"{'m1-1': 0.99, 'm2-1': 24.52, 'm3-1': 26.86, 'm4-1': 9.81, 'm5-1': 170.22, 'm6-1': 25.52, 'm7-1': 174.37, 'm8-1': 25.2}",1.7505000000000024,135.191,inf,136.358,136.358,136.358
273,T9,BESTEFFORT,MISSED,m8-1,26.381,"{'m1-1': 1.0, 'm2-1': 28.49, 'm3-1': 27.88, 'm4-1': 11.04, 'm5-1': 152.7, 'm6-1': 28.3, 'm7-1': 162.83, 'm8-1': 26.04}",1.6949999999999932,135.251,inf,136.381,136.381,136.381
274,T7,BESTEFFORT,COMPLETED,m1-1,26.41,"{'m1-1': 0.97, 'm2-1': 25.5, 'm3-1': 26.32, 'm4-1': 11.65, 'm5-1': 165.6, 'm6-1': 26.46, 'm7-1': 156.43, 'm8-1': 29.03}",1.455,58.36100000000001,59.33100000000001,inf,136.41,136.41
275,T5,BESTEFFORT,MISSED,m2-1,26.465,"{'m1-1': 1.09, 'm2-1': 25.8, 'm3-1': 25.94, 'm4-1': 11.09, 'm5-1': 175.06, 'm6-1': 23.27, 'm7-1': 176.61, 'm8-1': 28.6}",1.2944999999999993,135.602,inf,136.465,136.465,136.465
276,T10,BESTEFFORT,MISSED,m8-1,26.81,"{'m1-1': 1.0, 'm2-1': 26.17, 'm3-1': 26.83, 'm4-1': 9.79, 'm5-1': 167.99, 'm6-1': 27.26, 'm7-1': 170.64, 'm8-1': 26.65}",0.6435000000000031,136.381,inf,136.81,136.81,136.81
277,T4,BESTEFFORT,MISSED,m3-1,26.89,"{'m1-1': 1.18, 'm2-1': 26.35, 'm3-1': 28.09, 'm4-1': 10.36, 'm5-1': 159.7, 'm6-1': 26.89, 'm7-1': 159.3, 'm8-1': 27.56}",1.6424999999999557,135.79500000000002,inf,136.89,136.89,136.89
278,T10,BESTEFFORT,MISSED,m4-1,26.893,"{'m1-1': 1.1, 'm2-1': 24.46, 'm3-1': 26.87, 'm4-1': 10.58, 'm5-1': 163.98, 'm6-1': 26.02, 'm7-1': 163.91, 'm8-1': 26.7}",1.4655000000000058,135.916,inf,136.893,136.893,136.893
279,T3,BESTEFFORT,MISSED,m5-1,26.947,"{'m1-1': 1.08, 'm2-1': 24.97, 'm3-1': 26.91, 'm4-1': 11.6, 'm5-1': 154.19, 'm6-1': 28.42, 'm7-1': 169.4, 'm8-1': 23.68}",1.0035000000000167,136.278,inf,136.947,136.947,136.947
280,T7,BESTEFFORT,MISSED,m6-1,27.022,"{'m1-1': 1.01, 'm2-1': 27.63, 'm3-1': 27.16, 'm4-1': 10.0, 'm5-1': 163.38, 'm6-1': 24.3, 'm7-1': 169.42, 'm8-1': 25.67}",1.0964999999999918,136.291,inf,137.022,137.022,137.022
281,T9,BESTEFFORT,COMPLETED,m1-1,27.085,"{'m1-1': 1.03, 'm2-1': 26.2, 'm3-1': 26.59, 'm4-1': 10.6, 'm5-1': 143.49, 'm6-1': 28.26, 'm7-1': 156.7, 'm8-1': 27.16}",1.545,59.33100000000001,60.36100000000001,inf,137.085,137.085
282,T3,BESTEFFORT,MISSED,m7-1,27.163,"{'m1-1': 1.0, 'm2-1': 27.0, 'm3-1': 24.66, 'm4-1': 10.36, 'm5-1': 172.81, 'm6-1': 23.95, 'm7-1': 147.24, 'm8-1': 27.43}",1.2075000000000102,136.358,inf,137.163,137.163,137.163
283,T5,BESTEFFORT,MISSED,m8-1,27.271,"{'m1-1': 1.13, 'm2-1': 25.38, 'm3-1': 27.18, 'm4-1': 11.17, 'm5-1': 159.66, 'm6-1': 23.97, 'm7-1': 159.53, 'm8-1': 29.24}",0.6915000000000191,136.81,inf,137.27100000000002,137.27100000000002,137.27100000000002
284,T2,BESTEFFORT,MISSED,m2-1,27.374,"{'m1-1': 1.0, 'm2-1': 26.48, 'm3-1': 28.21, 'm4-1': 10.57, 'm5-1': 160.27, 'm6-1': 28.06, 'm7-1': 169.82, 'm8-1': 28.18}",1.3634999999999877,136.465,inf,137.374,137.374,137.374
285,T2,BESTEFFORT,MISSED,m6-1,27.515,"{'m1-1': 1.04, 'm2-1': 25.66, 'm3-1': 25.15, 'm4-1': 10.92, 'm5-1': 141.11, 'm6-1': 25.49, 'm7-1': 165.28, 'm8-1': 25.1}",0.7394999999999925,137.022,inf,137.515,137.515,137.515
286,T4,BESTEFFORT,COMPLETED,m1-1,27.672,"{'m1-1': 1.16, 'm2-1': 24.28, 'm3-1': 26.2, 'm4-1': 9.92, 'm5-1': 163.24, 'm6-1': 28.04, 'm7-1': 158.44, 'm8-1': 26.73}",1.7399999999999998,60.36100000000001,61.52100000000001,inf,137.672,137.672
287,T10,BESTEFFORT,MISSED,m2-1,27.71,"{'m1-1': 1.07, 'm2-1': 27.18, 'm3-1': 23.51, 'm4-1': 10.56, 'm5-1': 172.45, 'm6-1': 26.76, 'm7-1': 152.35, 'm8-1': 26.77}",0.5040000000000191,137.374,inf,137.71,137.71,137.71
288,T4,BESTEFFORT,MISSED,m3-1,27.776,"{'m1-1': 1.1, 'm2-1': 24.24, 'm3-1': 27.06, 'm4-1': 9.76, 'm5-1': 162.19, 'm6-1': 25.04, 'm7-1': 151.33, 'm8-1': 27.27}",1.3290000000000362,136.89,inf,137.776,137.776,137.776
289,T5,BESTEFFORT,MISSED,m3-1,27.842,"{'m1-1': 1.08, 'm2-1': 24.7, 'm3-1': 25.24, 'm4-1': 11.15, 'm5-1': 164.04, 'm6-1': 23.44, 'm7-1': 170.88, 'm8-1': 25.46}",0.09899999999996112,137.776,inf,137.84199999999998,137.84199999999998,137.84199999999998
290,T8,BESTEFFORT,MISSED,m4-1,27.867,"{'m1-1': 1.0, 'm2-1': 24.54, 'm3-1': 26.15, 'm4-1': 9.92, 'm5-1': 160.47, 'm6-1': 28.03, 'm7-1': 167.02, 'm8-1': 23.59}",1.4609999999999843,136.893,inf,137.867,137.867,137.867
291,T9,BESTEFFORT,MISSED,m5-1,27.9,"{'m1-1': 1.06, 'm2-1': 26.99, 'm3-1': 24.36, 'm4-1': 10.22, 'm5-1': 147.66, 'm6-1': 27.09, 'm7-1': 154.41, 'm8-1': 24.41}",1.4295000000000044,136.947,inf,137.9,137.9,137.9
292,T10,BESTEFFORT,MISSED,m6-1,28.014,"{'m1-1': 1.14, 'm2-1': 24.04, 'm3-1': 26.42, 'm4-1': 10.81, 'm5-1': 160.14, 'm6-1': 25.98, 'm7-1': 163.04, 'm8-1': 27.18}",0.7485000000000355,137.515,inf,138.014,138.014,138.014
293,T8,BESTEFFORT,MISSED,m7-1,28.174,"{'m1-1': 1.09, 'm2-1': 28.58, 'm3-1': 28.27, 'm4-1': 10.41, 'm5-1': 156.41, 'm6-1': 28.17, 'm7-1': 170.34, 'm8-1': 23.89}",1.5164999999999935,137.163,inf,138.174,138.174,138.174
294,T10,BESTEFFORT,MISSED,m8-1,28.22,"{'m1-1': 1.12, 'm2-1': 25.63, 'm3-1': 24.49, 'm4-1': 10.75, 'm5-1': 149.27, 'm6-1': 26.65, 'm7-1': 175.82, 'm8-1': 26.46}",1.4234999999999758,137.27100000000002,inf,138.22,138.22,138.22
295,T3,BESTEFFORT,COMPLETED,m1-1,28.447,"{'m1-1': 0.99, 'm2-1': 27.02, 'm3-1': 27.58, 'm4-1': 10.24, 'm5-1': 157.45, 'm6-1': 27.61, 'm7-1': 146.14, 'm8-1': 25.73}",1.4849999999999999,61.52100000000001,62.51100000000001,inf,138.447,138.447
296,T10,BESTEFFORT,COMPLETED,m1-1,28.67,"{'m1-1': 1.0, 'm2-1': 25.06, 'm3-1': 24.04, 'm4-1': 10.16, 'm5-1': 171.37, 'm6-1': 27.1, 'm7-1': 157.48, 'm8-1': 27.0}",1.5,62.51100000000001,63.51100000000001,inf,138.67000000000002,138.67000000000002
297,T8,BESTEFFORT,MISSED,m2-1,28.813,"{'m1-1': 0.98, 'm2-1': 24.33, 'm3-1': 29.13, 'm4-1': 10.09, 'm5-1': 177.49, 'm6-1': 26.87, 'm7-1': 161.76, 'm8-1': 24.71}",1.6544999999999703,137.71,inf,138.813,138.813,138.813
298,T4,BESTEFFORT,MISSED,m3-1,28.869,"{'m1-1': 1.18, 'm2-1': 25.4, 'm3-1': 26.55, 'm4-1': 10.61, 'm5-1': 157.4, 'm6-1': 24.15, 'm7-1': 152.28, 'm8-1': 27.1}",1.5405000000000229,137.84199999999998,inf,138.869,138.869,138.869
299,T9,BESTEFFORT,MISSED,m4-1,28.873,"{'m1-1': 1.09, 'm2-1': 28.93, 'm3-1': 26.24, 'm4-1': 11.33, 'm5-1': 150.83, 'm6-1': 24.06, 'm7-1': 160.02, 'm8-1': 25.11}",1.5090000000000003,137.867,inf,138.873,138.873,138.873
300,T3,BESTEFFORT,MISSED,m5-1,28.898,"{'m1-1': 1.01, 'm2-1': 24.43, 'm3-1': 26.19, 'm4-1': 10.41, 'm5-1': 169.92, 'm6-1': 25.6, 'm7-1': 168.07, 'm8-1': 26.2}",1.4969999999999857,137.9,inf,138.898,138.898,138.898
301,T2,BESTEFFORT,MISSED,m6-1,28.985,"{'m1-1': 1.03, 'm2-1': 26.5, 'm3-1': 26.94, 'm4-1': 10.57, 'm5-1': 157.35, 'm6-1': 27.44, 'm7-1': 169.84, 'm8-1': 25.59}",1.4565000000000055,138.014,inf,138.985,138.985,138.985
302,T5,BESTEFFORT,MISSED,m7-1,28.988,"{'m1-1': 1.1, 'm2-1': 27.25, 'm3-1': 25.46, 'm4-1': 10.16, 'm5-1': 151.71, 'm6-1': 25.3, 'm7-1': 156.58, 'm8-1': 28.85}",1.2209999999999894,138.174,inf,138.988,138.988,138.988
303,T10,BESTEFFORT,MISSED,m8-1,29.105,"{'m1-1': 1.17, 'm2-1': 24.74, 'm3-1': 25.68, 'm4-1': 10.3, 'm5-1': 155.59, 'm6-1': 27.39, 'm7-1': 177.52, 'm8-1': 28.66}",1.3274999999999864,138.22,inf,139.105,139.105,139.105
304,T10,BESTEFFORT,COMPLETED,m1-1,29.176,"{'m1-1': 1.03, 'm2-1': 23.48, 'm3-1': 27.38, 'm4-1': 10.49, 'm5-1': 173.87, 'm6-1': 28.38, 'm7-1': 168.85, 'm8-1': 29.18}",1.545,63.51100000000001,64.54100000000001,inf,139.176,139.176
305,T9,BESTEFFORT,COMPLETED,m1-1,29.328,"{'m1-1': 0.96, 'm2-1': 28.03, 'm3-1': 27.88, 'm4-1': 9.92, 'm5-1': 162.32, 'm6-1': 27.07, 'm7-1': 166.23, 'm8-1': 26.6}",1.44,64.54100000000001,65.501,inf,139.328,139.328
306,T7,BESTEFFORT,MISSED,m2-1,29.534,"{'m1-1': 1.05, 'm2-1': 24.77, 'm3-1': 27.86, 'm4-1': 11.0, 'm5-1': 160.01, 'm6-1': 27.39, 'm7-1': 160.68, 'm8-1': 26.8}",1.0815000000000055,138.813,inf,139.534,139.534,139.534
307,T4,BESTEFFORT,MISSED,m3-1,29.662,"{'m1-1': 1.01, 'm2-1': 26.74, 'm3-1': 27.28, 'm4-1': 10.32, 'm5-1': 173.14, 'm6-1': 23.98, 'm7-1': 156.84, 'm8-1': 26.74}",1.1895000000000095,138.869,inf,139.662,139.662,139.662
308,T6,BESTEFFORT,MISSED,m4-1,29.796,"{'m1-1': 0.99, 'm2-1': 26.78, 'm3-1': 28.22, 'm4-1': 10.25, 'm5-1': 146.68, 'm6-1': 27.11, 'm7-1': 173.41, 'm8-1': 24.06}",1.3845000000000027,138.873,inf,139.796,139.796,139.796
309,T10,BESTEFFORT,MISSED,m5-1,30.035,"{'m1-1': 1.14, 'm2-1': 25.3, 'm3-1': 26.2, 'm4-1': 10.04, 'm5-1': 153.79, 'm6-1': 27.93, 'm7-1': 150.91, 'm8-1': 25.68}",1.7055000000000007,138.898,inf,140.035,140.035,140.035
310,T3,BESTEFFORT,MISSED,m6-1,30.066,"{'m1-1': 0.98, 'm2-1': 26.63, 'm3-1': 25.75, 'm4-1': 10.22, 'm5-1': 152.82, 'm6-1': 27.18, 'm7-1': 159.15, 'm8-1': 27.28}",1.6214999999999833,138.985,inf,140.066,140.066,140.066
311,T8,BESTEFFORT,COMPLETED,m1-1,30.793,"{'m1-1': 1.11, 'm2-1': 27.04, 'm3-1': 27.86, 'm4-1': 10.94, 'm5-1': 179.0, 'm6-1': 26.25, 'm7-1': 148.39, 'm8-1': 26.22}",1.665,65.501,66.611,inf,140.793,140.793
312,T8,BESTEFFORT,MISSED,m7-1,30.98,"{'m1-1': 1.0, 'm2-1': 28.4, 'm3-1': 26.33, 'm4-1': 10.95, 'm5-1': 159.44, 'm6-1': 25.14, 'm7-1': 172.33, 'm8-1': 26.3}",2.9879999999999853,138.988,inf,140.98,140.98,140.98
313,T6,BESTEFFORT,COMPLETED,m1-1,31.384,"{'m1-1': 1.07, 'm2-1': 27.8, 'm3-1': 28.23, 'm4-1': 10.4, 'm5-1': 163.25, 'm6-1': 26.21, 'm7-1': 146.51, 'm8-1': 23.97}",1.605,66.611,67.681,inf,141.38400000000001,141.38400000000001
314,T6,BESTEFFORT,MISSED,m8-1,31.697,"{'m1-1': 1.07, 'm2-1': 26.29, 'm3-1': 28.43, 'm4-1': 10.4, 'm5-1': 153.56, 'm6-1': 27.2, 'm7-1': 164.42, 'm8-1': 27.63}",3.8880000000000194,139.105,inf,141.697,141.697,141.697
315,T3,BESTEFFORT,COMPLETED,m1-1,31.708,"{'m1-1': 1.03, 'm2-1': 25.95, 'm3-1': 24.47, 'm4-1': 11.74, 'm5-1': 158.49, 'm6-1': 25.15, 'm7-1': 170.81, 'm8-1': 23.55}",1.545,67.681,68.711,inf,141.708,141.708
316,T8,BESTEFFORT,MISSED,m2-1,31.87,"{'m1-1': 1.02, 'm2-1': 24.4, 'm3-1': 26.68, 'm4-1': 10.86, 'm5-1': 167.63, 'm6-1': 27.52, 'm7-1': 175.7, 'm8-1': 24.53}",3.504000000000019,139.534,inf,141.87,141.87,141.87
317,T9,BESTEFFORT,MISSED,m3-1,31.966,"{'m1-1': 1.09, 'm2-1': 26.45, 'm3-1': 26.31, 'm4-1': 10.22, 'm5-1': 163.32, 'm6-1': 25.94, 'm7-1': 157.7, 'm8-1': 26.84}",3.456000000000003,139.662,inf,141.966,141.966,141.966
318,T6,BESTEFFORT,MISSED,m4-1,32.01,"{'m1-1': 1.0, 'm2-1': 27.18, 'm3-1': 28.96, 'm4-1': 10.44, 'm5-1': 162.2, 'm6-1': 26.36, 'm7-1': 162.07, 'm8-1': 27.25}",3.320999999999998,139.796,inf,142.01,142.01,142.01
319,T4,BESTEFFORT,MISSED,m5-1,32.288,"{'m1-1': 1.1, 'm2-1': 26.74, 'm3-1': 27.67, 'm4-1': 9.57, 'm5-1': 170.09, 'm6-1': 27.04, 'm7-1': 152.5, 'm8-1': 25.01}",3.3795000000000215,140.035,inf,142.288,142.288,142.288
320,T9,BESTEFFORT,COMPLETED,m1-1,32.4,"{'m1-1': 1.05, 'm2-1': 25.48, 'm3-1': 28.2, 'm4-1': 10.9, 'm5-1': 157.87, 'm6-1': 26.09, 'm7-1': 145.63, 'm8-1': 26.19}",1.5750000000000002,68.711,69.761,inf,142.4,142.4
321,T6,BESTEFFORT,MISSED,m6-1,32.401,"{'m1-1': 0.98, 'm2-1': 24.25, 'm3-1': 25.44, 'm4-1': 10.19, 'm5-1': 148.08, 'm6-1': 25.75, 'm7-1': 154.26, 'm8-1': 23.57}",3.502500000000012,140.066,inf,142.401,142.401,142.401
322,T7,BESTEFFORT,MISSED,m7-1,32.492,"{'m1-1': 1.05, 'm2-1': 26.16, 'm3-1': 27.78, 'm4-1': 10.19, 'm5-1': 148.26, 'm6-1': 26.65, 'm7-1': 144.72, 'm8-1': 28.31}",2.2680000000000007,140.98,inf,142.492,142.492,142.492
323,T4,BESTEFFORT,MISSED,m8-1,32.55,"{'m1-1': 1.1, 'm2-1': 27.66, 'm3-1': 26.38, 'm4-1': 9.46, 'm5-1': 153.83, 'm6-1': 25.97, 'm7-1': 164.04, 'm8-1': 25.27}",1.279500000000013,141.697,inf,142.55,142.55,142.55
324,T5,BESTEFFORT,COMPLETED,m1-1,32.587,"{'m1-1': 1.01, 'm2-1': 23.33, 'm3-1': 25.34, 'm4-1': 11.03, 'm5-1': 155.39, 'm6-1': 22.95, 'm7-1': 170.51, 'm8-1': 29.26}",1.5150000000000001,69.761,70.771,inf,142.587,142.587
325,T4,BESTEFFORT,MISSED,m2-1,32.775,"{'m1-1': 1.08, 'm2-1': 25.73, 'm3-1': 26.53, 'm4-1': 10.47, 'm5-1': 175.08, 'm6-1': 24.83, 'm7-1': 162.88, 'm8-1': 25.14}",1.3575000000000017,141.87,inf,142.775,142.775,142.775
326,T8,BESTEFFORT,MISSED,m3-1,32.79,"{'m1-1': 1.12, 'm2-1': 27.06, 'm3-1': 29.13, 'm4-1': 11.01, 'm5-1': 157.76, 'm6-1': 26.6, 'm7-1': 155.17, 'm8-1': 26.12}",1.2359999999999758,141.966,inf,142.79,142.79,142.79
327,T9,BESTEFFORT,MISSED,m4-1,32.956,"{'m1-1': 1.0, 'm2-1': 25.46, 'm3-1': 25.56, 'm4-1': 9.94, 'm5-1': 145.41, 'm6-1': 26.38, 'm7-1': 165.6, 'm8-1': 24.79}",1.4190000000000396,142.01,inf,142.95600000000002,142.95600000000002,142.95600000000002
328,T7,BESTEFFORT,COMPLETED,m1-1,33.452,"{'m1-1': 0.93, 'm2-1': 26.76, 'm3-1': 25.25, 'm4-1': 11.23, 'm5-1': 147.61, 'm6-1': 25.69, 'm7-1': 155.24, 'm8-1': 29.27}",1.395,70.771,71.70100000000001,inf,143.452,143.452
329,T7,BESTEFFORT,MISSED,m5-1,33.461,"{'m1-1': 0.93, 'm2-1': 27.2, 'm3-1': 26.21, 'm4-1': 10.54, 'm5-1': 160.17, 'm6-1': 28.73, 'm7-1': 157.09, 'm8-1': 29.69}",1.7595000000000027,142.288,inf,143.461,143.461,143.461
330,T8,BESTEFFORT,MISSED,m6-1,33.522,"{'m1-1': 1.03, 'm2-1': 25.28, 'm3-1': 28.69, 'm4-1': 11.02, 'm5-1': 151.9, 'm6-1': 27.82, 'm7-1': 154.65, 'm8-1': 25.94}",1.6814999999999714,142.401,inf,143.522,143.522,143.522
331,T9,BESTEFFORT,MISSED,m7-1,33.549,"{'m1-1': 0.99, 'm2-1': 27.63, 'm3-1': 25.87, 'm4-1': 10.7, 'm5-1': 159.75, 'm6-1': 27.25, 'm7-1': 146.2, 'm8-1': 25.53}",1.5855000000000246,142.492,inf,143.549,143.549,143.549
332,T10,BESTEFFORT,MISSED,m8-1,33.697,"{'m1-1': 1.15, 'm2-1': 23.64, 'm3-1': 24.24, 'm4-1': 10.51, 'm5-1': 158.45, 'm6-1': 24.7, 'm7-1': 177.05, 'm8-1': 26.83}",1.720499999999987,142.55,inf,143.697,143.697,143.697
333,T10,BESTEFFORT,COMPLETED,m1-1,33.729,"{'m1-1': 1.04, 'm2-1': 25.82, 'm3-1': 25.01, 'm4-1': 10.04, 'm5-1': 148.59, 'm6-1': 26.72, 'm7-1': 176.96, 'm8-1': 28.33}",1.56,71.70100000000001,72.74100000000001,inf,143.72899999999998,143.72899999999998
334,T10,BESTEFFORT,MISSED,m2-1,33.76,"{'m1-1': 1.06, 'm2-1': 26.39, 'm3-1': 23.96, 'm4-1': 9.78, 'm5-1': 170.73, 'm6-1': 28.32, 'm7-1': 170.9, 'm8-1': 26.36}",1.4774999999999778,142.775,inf,143.76,143.76,143.76
335,T4,BESTEFFORT,MISSED,m3-1,34.001,"{'m1-1': 1.1, 'm2-1': 26.82, 'm3-1': 25.15, 'm4-1': 10.19, 'm5-1': 152.38, 'm6-1': 24.84, 'm7-1': 154.84, 'm8-1': 28.68}",1.816500000000019,142.79,inf,144.001,144.001,144.001
336,T8,BESTEFFORT,MISSED,m4-1,34.098,"{'m1-1': 0.96, 'm2-1': 24.24, 'm3-1': 28.7, 'm4-1': 10.07, 'm5-1': 172.05, 'm6-1': 25.06, 'm7-1': 150.29, 'm8-1': 23.42}",1.7129999999999939,142.95600000000002,inf,144.098,144.098,144.098
337,T2,BESTEFFORT,MISSED,m5-1,34.233,"{'m1-1': 1.0, 'm2-1': 25.41, 'm3-1': 26.85, 'm4-1': 10.22, 'm5-1': 149.96, 'm6-1': 27.62, 'm7-1': 173.03, 'm8-1': 28.21}",1.157999999999987,143.461,inf,144.233,144.233,144.233
338,T1,BESTEFFORT,COMPLETED,m1-1,34.491,"{'m1-1': 1.17, 'm2-1': 27.5, 'm3-1': 27.62, 'm4-1': 11.91, 'm5-1': 148.69, 'm6-1': 25.95, 'm7-1': 171.17, 'm8-1': 25.93}",1.755,72.74100000000001,73.91100000000002,inf,144.49099999999999,144.49099999999999
339,T1,BESTEFFORT,MISSED,m4-1,34.525,"{'m1-1': 1.04, 'm2-1': 23.69, 'm3-1': 24.76, 'm4-1': 10.46, 'm5-1': 163.15, 'm6-1': 27.36, 'm7-1': 167.22, 'm8-1': 25.04}",0.6404999999999887,144.098,inf,144.525,144.525,144.525
340,T5,BESTEFFORT,MISSED,m6-1,34.721,"{'m1-1': 1.03, 'm2-1': 25.42, 'm3-1': 26.62, 'm4-1': 11.0, 'm5-1': 166.08, 'm6-1': 25.57, 'm7-1': 162.13, 'm8-1': 28.28}",1.7985000000000184,143.522,inf,144.721,144.721,144.721
341,T9,BESTEFFORT,MISSED,m7-1,34.863,"{'m1-1': 1.0, 'm2-1': 29.38, 'm3-1': 28.7, 'm4-1': 10.48, 'm5-1': 149.15, 'm6-1': 25.72, 'm7-1': 145.08, 'm8-1': 26.91}",1.9709999999999894,143.549,inf,144.863,144.863,144.863
342,T10,BESTEFFORT,MISSED,m8-1,34.887,"{'m1-1': 1.02, 'm2-1': 25.24, 'm3-1': 23.49, 'm4-1': 9.24, 'm5-1': 151.83, 'm6-1': 26.91, 'm7-1': 160.93, 'm8-1': 28.83}",1.7849999999999966,143.697,inf,144.887,144.887,144.887
343,T4,BESTEFFORT,COMPLETED,m1-1,34.889,"{'m1-1': 1.16, 'm2-1': 24.56, 'm3-1': 23.96, 'm4-1': 10.09, 'm5-1': 150.27, 'm6-1': 26.42, 'm7-1': 171.92, 'm8-1': 26.62}",1.7399999999999998,73.91100000000002,75.07100000000001,inf,144.889,144.889
344,T4,BESTEFFORT,MISSED,m2-1,35.017,"{'m1-1': 1.08, 'm2-1': 27.05, 'm3-1': 24.21, 'm4-1': 9.6, 'm5-1': 151.27, 'm6-1': 24.25, 'm7-1': 153.96, 'm8-1': 28.02}",1.8855000000000075,143.76,inf,145.017,145.017,145.017
345,T10,BESTEFFORT,MISSED,m3-1,35.032,"{'m1-1': 1.14, 'm2-1': 25.93, 'm3-1': 24.35, 'm4-1': 10.06, 'm5-1': 157.01, 'm6-1': 26.76, 'm7-1': 170.33, 'm8-1': 27.99}",1.5464999999999662,144.001,inf,145.03199999999998,145.03199999999998,145.03199999999998
346,T4,BESTEFFORT,MISSED,m4-1,35.162,"{'m1-1': 1.07, 'm2-1': 24.99, 'm3-1': 26.44, 'm4-1': 10.39, 'm5-1': 147.98, 'm6-1': 26.52, 'm7-1': 166.42, 'm8-1': 24.59}",0.9555000000000007,144.525,inf,145.162,145.162,145.162
347,T9,BESTEFFORT,MISSED,m5-1,35.175,"{'m1-1': 0.95, 'm2-1': 27.88, 'm3-1': 24.52, 'm4-1': 10.49, 'm5-1': 164.63, 'm6-1': 26.3, 'm7-1': 150.9, 'm8-1': 25.72}",1.413000000000011,144.233,inf,145.175,145.175,145.175
348,T5,BESTEFFORT,MISSED,m6-1,35.195,"{'m1-1': 0.99, 'm2-1': 23.71, 'm3-1': 24.72, 'm4-1': 10.31, 'm5-1': 163.04, 'm6-1': 26.09, 'm7-1': 173.73, 'm8-1': 24.82}",0.7109999999999843,144.721,inf,145.195,145.195,145.195
349,T2,BESTEFFORT,MISSED,m7-1,35.305,"{'m1-1': 1.08, 'm2-1': 27.1, 'm3-1': 24.91, 'm4-1': 9.56, 'm5-1': 148.95, 'm6-1': 28.65, 'm7-1': 151.18, 'm8-1': 24.98}",0.6630000000000109,144.863,inf,145.305,145.305,145.305
350,T5,BESTEFFORT,MISSED,m8-1,35.382,"{'m1-1': 1.12, 'm2-1': 27.13, 'm3-1': 25.1, 'm4-1': 10.48, 'm5-1': 159.44, 'm6-1': 24.78, 'm7-1': 175.15, 'm8-1': 27.96}",0.7425000000000068,144.887,inf,145.382,145.382,145.382
351,T7,BESTEFFORT,COMPLETED,m1-1,35.445,"{'m1-1': 0.98, 'm2-1': 28.91, 'm3-1': 28.42, 'm4-1': 10.41, 'm5-1': 148.47, 'm6-1': 27.49, 'm7-1': 146.75, 'm8-1': 28.73}",1.47,75.07100000000001,76.05100000000002,inf,145.445,145.445
352,T10,BESTEFFORT,MISSED,m2-1,35.449,"{'m1-1': 1.02, 'm2-1': 26.85, 'm3-1': 27.11, 'm4-1': 9.6, 'm5-1': 165.82, 'm6-1': 26.37, 'm7-1': 169.29, 'm8-1': 28.43}",0.6480000000000246,145.017,inf,145.449,145.449,145.449
353,T3,BESTEFFORT,COMPLETED,m1-1,35.707,"{'m1-1': 1.09, 'm2-1': 27.02, 'm3-1': 24.68, 'm4-1': 11.34, 'm5-1': 165.17, 'm6-1': 26.26, 'm7-1': 154.37, 'm8-1': 23.68}",1.6350000000000002,76.05100000000002,77.14100000000002,inf,145.707,145.707
354,T4,BESTEFFORT,MISSED,m3-1,35.738,"{'m1-1': 1.14, 'm2-1': 24.37, 'm3-1': 24.45, 'm4-1': 9.84, 'm5-1': 155.73, 'm6-1': 27.44, 'm7-1': 165.79, 'm8-1': 26.56}",1.059000000000026,145.03199999999998,inf,145.738,145.738,145.738
355,T4,BESTEFFORT,MISSED,m4-1,35.813,"{'m1-1': 1.14, 'm2-1': 27.58, 'm3-1': 26.57, 'm4-1': 10.79, 'm5-1': 165.98, 'm6-1': 28.04, 'm7-1': 158.94, 'm8-1': 25.38}",0.9764999999999731,145.162,inf,145.813,145.813,145.813
356,T7,BESTEFFORT,MISSED,m5-1,35.908,"{'m1-1': 0.97, 'm2-1': 25.7, 'm3-1': 25.96, 'm4-1': 10.56, 'm5-1': 142.46, 'm6-1': 25.11, 'm7-1': 147.05, 'm8-1': 26.13}",1.0995000000000061,145.175,inf,145.90800000000002,145.90800000000002,145.90800000000002
357,T9,BESTEFFORT,MISSED,m6-1,36.021,"{'m1-1': 1.07, 'm2-1': 26.35, 'm3-1': 25.91, 'm4-1': 9.83, 'm5-1': 150.76, 'm6-1': 25.4, 'm7-1': 147.2, 'm8-1': 24.24}",1.2390000000000327,145.195,inf,146.02100000000002,146.02100000000002,146.02100000000002
358,T4,BESTEFFORT,MISSED,m7-1,36.055,"{'m1-1': 1.17, 'm2-1': 25.41, 'm3-1': 25.69, 'm4-1': 9.4, 'm5-1': 151.62, 'm6-1': 24.06, 'm7-1': 150.1, 'm8-1': 26.23}",1.125,145.305,inf,146.055,146.055,146.055
359,T3,BESTEFFORT,MISSED,m8-1,36.081,"{'m1-1': 1.0, 'm2-1': 24.76, 'm3-1': 26.62, 'm4-1': 11.44, 'm5-1': 154.38, 'm6-1': 26.14, 'm7-1': 158.73, 'm8-1': 27.43}",1.0485000000000184,145.382,inf,146.08100000000002,146.08100000000002,146.08100000000002
360,T4,BESTEFFORT,COMPLETED,m1-1,36.11,"{'m1-1': 1.13, 'm2-1': 23.54, 'm3-1': 27.78, 'm4-1': 10.58, 'm5-1': 154.97, 'm6-1': 26.68, 'm7-1': 152.9, 'm8-1': 25.7}",1.6949999999999998,77.14100000000002,78.27100000000002,inf,146.11,146.11
361,T4,BESTEFFORT,MISSED,m2-1,36.319,"{'m1-1': 1.08, 'm2-1': 27.34, 'm3-1': 26.76, 'm4-1': 9.55, 'm5-1': 151.82, 'm6-1': 24.64, 'm7-1': 169.26, 'm8-1': 25.72}",1.3050000000000068,145.449,inf,146.31900000000002,146.31900000000002,146.31900000000002
362,T5,BESTEFFORT,MISSED,m3-1,36.367,"{'m1-1': 1.14, 'm2-1': 23.95, 'm3-1': 25.1, 'm4-1': 10.75, 'm5-1': 165.78, 'm6-1': 26.74, 'm7-1': 158.07, 'm8-1': 24.86}",0.943499999999986,145.738,inf,146.367,146.367,146.367
363,T5,BESTEFFORT,MISSED,m4-1,36.401,"{'m1-1': 1.06, 'm2-1': 25.33, 'm3-1': 27.23, 'm4-1': 10.77, 'm5-1': 174.73, 'm6-1': 26.31, 'm7-1': 158.2, 'm8-1': 26.26}",0.8820000000000334,145.813,inf,146.401,146.401,146.401
364,T3,BESTEFFORT,MISSED,m5-1,36.473,"{'m1-1': 1.13, 'm2-1': 24.49, 'm3-1': 24.94, 'm4-1': 11.7, 'm5-1': 165.29, 'm6-1': 25.92, 'm7-1': 147.13, 'm8-1': 27.17}",0.8474999999999966,145.90800000000002,inf,146.473,146.473,146.473
365,T1,BESTEFFORT,MISSED,m6-1,36.507,"{'m1-1': 1.05, 'm2-1': 24.5, 'm3-1': 27.76, 'm4-1': 11.65, 'm5-1': 163.9, 'm6-1': 25.72, 'm7-1': 160.33, 'm8-1': 26.22}",0.728999999999985,146.02100000000002,inf,146.507,146.507,146.507
366,T8,BESTEFFORT,COMPLETED,m1-1,36.591,"{'m1-1': 1.06, 'm2-1': 27.38, 'm3-1': 25.11, 'm4-1': 10.66, 'm5-1': 156.2, 'm6-1': 27.49, 'm7-1': 157.88, 'm8-1': 26.41}",1.59,78.27100000000002,79.33100000000002,inf,146.591,146.591
367,T8,BESTEFFORT,MISSED,m7-1,36.811,"{'m1-1': 1.03, 'm2-1': 26.52, 'm3-1': 28.67, 'm4-1': 10.81, 'm5-1': 158.91, 'm6-1': 24.44, 'm7-1': 157.52, 'm8-1': 26.52}",1.1340000000000003,146.055,inf,146.811,146.811,146.811
368,T4,BESTEFFORT,MISSED,m8-1,37.234,"{'m1-1': 1.09, 'm2-1': 27.08, 'm3-1': 27.5, 'm4-1': 10.07, 'm5-1': 148.72, 'm6-1': 27.84, 'm7-1': 169.14, 'm8-1': 26.36}",1.7294999999999874,146.08100000000002,inf,147.234,147.234,147.234
369,T3,BESTEFFORT,COMPLETED,m1-1,37.365,"{'m1-1': 1.03, 'm2-1': 25.43, 'm3-1': 25.5, 'm4-1': 10.25, 'm5-1': 167.48, 'm6-1': 26.27, 'm7-1': 163.16, 'm8-1': 26.2}",1.545,79.33100000000002,80.36100000000002,inf,147.365,147.365
370,T2,BESTEFFORT,MISSED,m2-1,37.386,"{'m1-1': 1.0, 'm2-1': 24.17, 'm3-1': 24.92, 'm4-1': 10.41, 'm5-1': 157.44, 'm6-1': 26.41, 'm7-1': 168.99, 'm8-1': 26.89}",1.6004999999999683,146.31900000000002,inf,147.386,147.386,147.386
371,T9,BESTEFFORT,MISSED,m3-1,37.558,"{'m1-1': 1.03, 'm2-1': 28.57, 'm3-1': 27.25, 'm4-1': 11.49, 'm5-1': 159.85, 'm6-1': 25.17, 'm7-1': 164.54, 'm8-1': 28.44}",1.7865000000000038,146.367,inf,147.558,147.558,147.558
372,T9,BESTEFFORT,MISSED,m5-1,37.575,"{'m1-1': 0.98, 'm2-1': 28.17, 'm3-1': 24.51, 'm4-1': 10.4, 'm5-1': 146.25, 'm6-1': 28.49, 'm7-1': 145.78, 'm8-1': 25.74}",1.6529999999999632,146.473,inf,147.575,147.575,147.575
373,T9,BESTEFFORT,MISSED,m4-1,37.575,"{'m1-1': 0.97, 'm2-1': 26.42, 'm3-1': 24.36, 'm4-1': 9.94, 'm5-1': 160.31, 'm6-1': 27.83, 'm7-1': 146.6, 'm8-1': 26.95}",1.7609999999999673,146.401,inf,147.575,147.575,147.575
374,T2,BESTEFFORT,COMPLETED,m1-1,37.901,"{'m1-1': 0.99, 'm2-1': 23.42, 'm3-1': 25.16, 'm4-1': 9.76, 'm5-1': 155.27, 'm6-1': 25.74, 'm7-1': 171.48, 'm8-1': 28.1}",1.4849999999999999,80.36100000000002,81.35100000000001,inf,147.901,147.901
375,T6,BESTEFFORT,MISSED,m6-1,37.968,"{'m1-1': 0.99, 'm2-1': 26.11, 'm3-1': 28.93, 'm4-1': 9.68, 'm5-1': 156.83, 'm6-1': 27.66, 'm7-1': 165.03, 'm8-1': 26.71}",2.191500000000019,146.507,inf,147.96800000000002,147.96800000000002,147.96800000000002
376,T8,BESTEFFORT,MISSED,m7-1,38.21,"{'m1-1': 1.0, 'm2-1': 27.17, 'm3-1': 28.51, 'm4-1': 11.12, 'm5-1': 168.76, 'm6-1': 25.91, 'm7-1': 161.12, 'm8-1': 23.61}",2.0985000000000014,146.811,inf,148.21,148.21,148.21
377,T9,BESTEFFORT,MISSED,m8-1,38.29,"{'m1-1': 1.11, 'm2-1': 28.91, 'm3-1': 24.61, 'm4-1': 11.07, 'm5-1': 152.13, 'm6-1': 25.66, 'm7-1': 144.82, 'm8-1': 26.71}",1.5839999999999748,147.234,inf,148.29,148.29,148.29
378,T8,BESTEFFORT,COMPLETED,m1-1,38.31,"{'m1-1': 0.98, 'm2-1': 24.29, 'm3-1': 28.6, 'm4-1': 10.71, 'm5-1': 158.74, 'm6-1': 24.26, 'm7-1': 163.69, 'm8-1': 25.05}",1.47,81.35100000000001,82.33100000000002,inf,148.31,148.31
379,T3,BESTEFFORT,MISSED,m2-1,38.544,"{'m1-1': 1.02, 'm2-1': 26.54, 'm3-1': 24.68, 'm4-1': 11.32, 'm5-1': 163.1, 'm6-1': 27.53, 'm7-1': 149.73, 'm8-1': 23.54}",1.7369999999999806,147.386,inf,148.54399999999998,148.54399999999998,148.54399999999998
380,T7,BESTEFFORT,COMPLETED,m1-1,38.787,"{'m1-1': 1.08, 'm2-1': 26.49, 'm3-1': 24.74, 'm4-1': 11.14, 'm5-1': 150.96, 'm6-1': 25.27, 'm7-1': 166.88, 'm8-1': 29.22}",1.62,82.33100000000002,83.41100000000002,inf,148.787,148.787
381,T5,BESTEFFORT,MISSED,m3-1,38.816,"{'m1-1': 1.01, 'm2-1': 23.28, 'm3-1': 27.6, 'm4-1': 10.71, 'm5-1': 157.82, 'm6-1': 23.32, 'm7-1': 157.46, 'm8-1': 25.19}",1.8870000000000147,147.558,inf,148.816,148.816,148.816
382,T9,BESTEFFORT,MISSED,m4-1,38.945,"{'m1-1': 1.0, 'm2-1': 25.79, 'm3-1': 25.22, 'm4-1': 10.1, 'm5-1': 161.22, 'm6-1': 25.73, 'm7-1': 141.38, 'm8-1': 24.41}",2.055000000000007,147.575,inf,148.945,148.945,148.945
383,T9,BESTEFFORT,MISSED,m5-1,39.012,"{'m1-1': 1.07, 'm2-1': 28.98, 'm3-1': 26.18, 'm4-1': 9.86, 'm5-1': 143.42, 'm6-1': 26.14, 'm7-1': 146.08, 'm8-1': 26.02}",2.1555000000000177,147.575,inf,149.012,149.012,149.012
384,T6,BESTEFFORT,MISSED,m6-1,39.084,"{'m1-1': 1.03, 'm2-1': 24.32, 'm3-1': 27.64, 'm4-1': 10.49, 'm5-1': 166.18, 'm6-1': 28.0, 'm7-1': 162.62, 'm8-1': 27.41}",1.6739999999999782,147.96800000000002,inf,149.084,149.084,149.084
385,T5,BESTEFFORT,MISSED,m7-1,39.12,"{'m1-1': 1.04, 'm2-1': 26.74, 'm3-1': 24.05, 'm4-1': 9.69, 'm5-1': 161.17, 'm6-1': 26.5, 'm7-1': 165.52, 'm8-1': 27.86}",1.3649999999999949,148.21,inf,149.12,149.12,149.12
386,T1,BESTEFFORT,MISSED,m8-1,39.189,"{'m1-1': 1.1, 'm2-1': 24.74, 'm3-1': 25.96, 'm4-1': 11.76, 'm5-1': 163.62, 'm6-1': 23.67, 'm7-1': 155.02, 'm8-1': 26.22}",1.3485000000000014,148.29,inf,149.189,149.189,149.189
387,T9,BESTEFFORT,COMPLETED,m1-1,39.208,"{'m1-1': 1.09, 'm2-1': 28.21, 'm3-1': 28.1, 'm4-1': 10.72, 'm5-1': 140.76, 'm6-1': 27.21, 'm7-1': 144.45, 'm8-1': 28.31}",1.6350000000000002,83.41100000000002,84.50100000000002,inf,149.208,149.208
388,T8,BESTEFFORT,MISSED,m2-1,39.286,"{'m1-1': 1.09, 'm2-1': 26.37, 'm3-1': 25.47, 'm4-1': 10.16, 'm5-1': 172.64, 'm6-1': 26.5, 'm7-1': 154.17, 'm8-1': 25.28}",1.113000000000028,148.54399999999998,inf,149.286,149.286,149.286
389,T6,BESTEFFORT,MISSED,m3-1,39.486,"{'m1-1': 0.98, 'm2-1': 25.49, 'm3-1': 27.12, 'm4-1': 9.75, 'm5-1': 141.95, 'm6-1': 24.11, 'm7-1': 166.21, 'm8-1': 27.34}",1.0049999999999812,148.816,inf,149.486,149.486,149.486
390,T1,BESTEFFORT,MISSED,m4-1,39.534,"{'m1-1': 1.03, 'm2-1': 25.57, 'm3-1': 25.15, 'm4-1': 10.79, 'm5-1': 142.08, 'm6-1': 27.57, 'm7-1': 147.82, 'm8-1': 27.64}",0.883499999999998,148.945,inf,149.534,149.534,149.534
391,T8,BESTEFFORT,COMPLETED,m1-1,39.666,"{'m1-1': 1.04, 'm2-1': 26.59, 'm3-1': 25.19, 'm4-1': 11.01, 'm5-1': 168.98, 'm6-1': 24.49, 'm7-1': 175.76, 'm8-1': 24.66}",1.56,84.50100000000002,85.54100000000003,inf,149.666,149.666
392,T8,BESTEFFORT,MISSED,m5-1,39.786,"{'m1-1': 1.09, 'm2-1': 26.93, 'm3-1': 28.77, 'm4-1': 10.93, 'm5-1': 156.49, 'm6-1': 28.1, 'm7-1': 165.57, 'm8-1': 26.29}",1.1610000000000014,149.012,inf,149.786,149.786,149.786
393,T10,BESTEFFORT,MISSED,m6-1,39.974,"{'m1-1': 1.06, 'm2-1': 24.62, 'm3-1': 27.0, 'm4-1': 10.92, 'm5-1': 167.94, 'm6-1': 26.9, 'm7-1': 154.06, 'm8-1': 26.01}",1.3349999999999795,149.084,inf,149.974,149.974,149.974
394,T8,BESTEFFORT,MISSED,m7-1,40.024,"{'m1-1': 0.98, 'm2-1': 26.63, 'm3-1': 28.17, 'm4-1': 11.66, 'm5-1': 173.28, 'm6-1': 27.5, 'm7-1': 156.36, 'm8-1': 26.28}",1.3559999999999945,149.12,inf,150.024,150.024,150.024
395,T8,BESTEFFORT,MISSED,m8-1,40.241,"{'m1-1': 0.98, 'm2-1': 24.62, 'm3-1': 27.57, 'm4-1': 9.95, 'm5-1': 151.23, 'm6-1': 26.61, 'm7-1': 167.74, 'm8-1': 26.16}",1.5779999999999887,149.189,inf,150.24099999999999,150.24099999999999,150.24099999999999
396,T1,BESTEFFORT,COMPLETED,m1-1,40.266,"{'m1-1': 1.11, 'm2-1': 26.43, 'm3-1': 25.24, 'm4-1': 11.94, 'm5-1': 158.77, 'm6-1': 26.3, 'm7-1': 150.49, 'm8-1': 27.28}",1.665,85.54100000000003,86.65100000000002,inf,150.266,150.266
397,T4,BESTEFFORT,MISSED,m2-1,40.312,"{'m1-1': 1.07, 'm2-1': 24.63, 'm3-1': 27.4, 'm4-1': 10.01, 'm5-1': 148.11, 'm6-1': 25.95, 'm7-1': 152.4, 'm8-1': 27.15}",1.5390000000000157,149.286,inf,150.312,150.312,150.312
398,T5,BESTEFFORT,MISSED,m3-1,40.633,"{'m1-1': 1.07, 'm2-1': 23.42, 'm3-1': 24.74, 'm4-1': 10.07, 'm5-1': 163.85, 'm6-1': 24.3, 'm7-1': 171.74, 'm8-1': 25.19}",1.7205000000000297,149.486,inf,150.633,150.633,150.633
399,T6,BESTEFFORT,COMPLETED,m1-1,40.85,"{'m1-1': 0.99, 'm2-1': 26.7, 'm3-1': 28.27, 'm4-1': 9.69, 'm5-1': 152.32, 'm6-1': 25.55, 'm7-1': 147.62, 'm8-1': 24.61}",1.4849999999999999,86.65100000000002,87.64100000000002,inf,150.85,150.85
400,T5,BESTEFFORT,MISSED,m4-1,40.905,"{'m1-1': 1.09, 'm2-1': 25.27, 'm3-1': 25.02, 'm4-1': 9.89, 'm5-1': 174.71, 'm6-1': 26.51, 'm7-1': 172.69, 'm8-1': 25.14}",2.056500000000014,149.534,inf,150.905,150.905,150.905
401,T9,BESTEFFORT,MISSED,m5-1,40.972,"{'m1-1': 1.03, 'm2-1': 28.79, 'm3-1': 25.59, 'm4-1': 10.19, 'm5-1': 146.19, 'm6-1': 24.84, 'm7-1': 153.68, 'm8-1': 28.23}",1.7790000000000106,149.786,inf,150.972,150.972,150.972
402,T2,BESTEFFORT,MISSED,m6-1,41.35,"{'m1-1': 1.1, 'm2-1': 25.75, 'm3-1': 25.24, 'm4-1': 11.21, 'm5-1': 146.31, 'm6-1': 25.34, 'm7-1': 161.94, 'm8-1': 25.33}",2.064000000000007,149.974,inf,151.35,151.35,151.35
403,T8,BESTEFFORT,MISSED,m7-1,41.355,"{'m1-1': 1.02, 'm2-1': 25.38, 'm3-1': 29.38, 'm4-1': 10.89, 'm5-1': 170.04, 'm6-1': 27.44, 'm7-1': 148.98, 'm8-1': 23.67}",1.9964999999999833,150.024,inf,151.355,151.355,151.355
404,T6,BESTEFFORT,MISSED,m8-1,41.383,"{'m1-1': 1.05, 'm2-1': 24.49, 'm3-1': 26.74, 'm4-1': 10.25, 'm5-1': 161.73, 'm6-1': 24.16, 'm7-1': 172.08, 'm8-1': 26.0}",1.7130000000000365,150.24099999999999,inf,151.383,151.383,151.383
405,T9,BESTEFFORT,COMPLETED,m1-1,41.451,"{'m1-1': 0.96, 'm2-1': 27.79, 'm3-1': 24.19, 'm4-1': 10.47, 'm5-1': 155.61, 'm6-1': 28.4, 'm7-1': 149.39, 'm8-1': 28.04}",1.44,87.64100000000002,88.60100000000001,inf,151.451,151.451
406,T5,BESTEFFORT,MISSED,m2-1,41.545,"{'m1-1': 0.98, 'm2-1': 24.58, 'm3-1': 25.98, 'm4-1': 10.45, 'm5-1': 163.82, 'm6-1': 24.93, 'm7-1': 168.59, 'm8-1': 28.91}",1.8495000000000061,150.312,inf,151.54500000000002,151.54500000000002,151.54500000000002
407,T6,BESTEFFORT,MISSED,m3-1,41.584,"{'m1-1': 1.04, 'm2-1': 27.2, 'm3-1': 26.0, 'm4-1': 10.97, 'm5-1': 157.65, 'm6-1': 27.13, 'm7-1': 160.35, 'm8-1': 23.78}",1.42649999999999,150.633,inf,151.584,151.584,151.584
408,T9,BESTEFFORT,COMPLETED,m1-1,41.64,"{'m1-1': 1.07, 'm2-1': 29.02, 'm3-1': 26.22, 'm4-1': 10.66, 'm5-1': 142.82, 'm6-1': 24.55, 'm7-1': 162.57, 'm8-1': 28.24}",1.605,88.60100000000001,89.671,inf,151.64,151.64
409,T6,BESTEFFORT,MISSED,m4-1,41.697,"{'m1-1': 1.06, 'm2-1': 24.9, 'm3-1': 25.42, 'm4-1': 9.97, 'm5-1': 166.49, 'm6-1': 27.59, 'm7-1': 167.93, 'm8-1': 23.61}",1.1880000000000024,150.905,inf,151.697,151.697,151.697
410,T3,BESTEFFORT,MISSED,m5-1,41.958,"{'m1-1': 1.13, 'm2-1': 27.82, 'm3-1': 24.13, 'm4-1': 11.07, 'm5-1': 161.77, 'm6-1': 25.8, 'm7-1': 149.14, 'm8-1': 23.43}",1.478999999999985,150.972,inf,151.958,151.958,151.958
411,T7,BESTEFFORT,MISSED,m6-1,42.177,"{'m1-1': 1.03, 'm2-1': 25.34, 'm3-1': 28.27, 'm4-1': 11.32, 'm5-1': 166.14, 'm6-1': 28.78, 'm7-1': 148.74, 'm8-1': 25.53}",1.2404999999999973,151.35,inf,152.177,152.177,152.177
412,T10,BESTEFFORT,MISSED,m7-1,42.228,"{'m1-1': 1.02, 'm2-1': 27.13, 'm3-1': 24.69, 'm4-1': 10.68, 'm5-1': 151.97, 'm6-1': 28.16, 'm7-1': 160.71, 'm8-1': 27.11}",1.3095000000000283,151.355,inf,152.228,152.228,152.228
413,T4,BESTEFFORT,MISSED,m8-1,42.231,"{'m1-1': 1.14, 'm2-1': 25.68, 'm3-1': 28.06, 'm4-1': 9.73, 'm5-1': 147.53, 'm6-1': 26.47, 'm7-1': 154.29, 'm8-1': 26.55}",1.2719999999999771,151.383,inf,152.231,152.231,152.231
414,T4,BESTEFFORT,COMPLETED,m1-1,42.316,"{'m1-1': 1.16, 'm2-1': 26.16, 'm3-1': 26.8, 'm4-1': 9.94, 'm5-1': 162.54, 'm6-1': 27.7, 'm7-1': 168.06, 'm8-1': 28.36}",1.7399999999999998,89.671,90.831,inf,152.316,152.316
415,T1,BESTEFFORT,MISSED,m2-1,42.362,"{'m1-1': 1.15, 'm2-1': 26.93, 'm3-1': 25.57, 'm4-1': 11.83, 'm5-1': 150.44, 'm6-1': 26.42, 'm7-1': 160.63, 'm8-1': 27.82}",1.2254999999999683,151.54500000000002,inf,152.362,152.362,152.362
416,T7,BESTEFFORT,MISSED,m3-1,42.393,"{'m1-1': 1.03, 'm2-1': 25.64, 'm3-1': 25.68, 'm4-1': 11.26, 'm5-1': 154.78, 'm6-1': 28.86, 'm7-1': 148.36, 'm8-1': 27.93}",1.2134999999999962,151.584,inf,152.393,152.393,152.393
417,T8,BESTEFFORT,MISSED,m4-1,42.416,"{'m1-1': 0.99, 'm2-1': 28.27, 'm3-1': 29.1, 'm4-1': 10.74, 'm5-1': 156.22, 'm6-1': 25.17, 'm7-1': 149.02, 'm8-1': 26.6}",1.0784999999999911,151.697,inf,152.416,152.416,152.416
418,T6,BESTEFFORT,COMPLETED,m1-1,42.746,"{'m1-1': 0.96, 'm2-1': 26.56, 'm3-1': 27.62, 'm4-1': 10.57, 'm5-1': 150.13, 'm6-1': 25.1, 'm7-1': 168.66, 'm8-1': 27.26}",1.44,90.831,91.791,inf,152.746,152.746
419,T10,BESTEFFORT,MISSED,m5-1,42.808,"{'m1-1': 1.0, 'm2-1': 23.82, 'm3-1': 27.24, 'm4-1': 9.85, 'm5-1': 151.15, 'm6-1': 28.48, 'm7-1': 160.68, 'm8-1': 26.08}",1.2749999999999915,151.958,inf,152.808,152.808,152.808
420,T10,BESTEFFORT,MISSED,m6-1,42.813,"{'m1-1': 1.04, 'm2-1': 24.18, 'm3-1': 24.18, 'm4-1': 10.06, 'm5-1': 170.77, 'm6-1': 29.0, 'm7-1': 177.09, 'm8-1': 26.43}",0.9539999999999935,152.177,inf,152.813,152.813,152.813
421,T4,BESTEFFORT,MISSED,m7-1,42.926,"{'m1-1': 1.1, 'm2-1': 23.59, 'm3-1': 24.07, 'm4-1': 9.65, 'm5-1': 156.72, 'm6-1': 26.56, 'm7-1': 151.41, 'm8-1': 28.87}",1.0469999999999686,152.228,inf,152.926,152.926,152.926
422,T8,BESTEFFORT,MISSED,m8-1,42.971,"{'m1-1': 0.98, 'm2-1': 25.91, 'm3-1': 27.39, 'm4-1': 10.17, 'm5-1': 159.01, 'm6-1': 25.96, 'm7-1': 165.58, 'm8-1': 27.25}",1.1100000000000136,152.231,inf,152.971,152.971,152.971
423,T8,BESTEFFORT,COMPLETED,m1-1,43.113,"{'m1-1': 1.13, 'm2-1': 27.6, 'm3-1': 26.53, 'm4-1': 10.86, 'm5-1': 153.75, 'm6-1': 26.03, 'm7-1': 156.69, 'm8-1': 24.57}",1.6949999999999998,91.791,92.92099999999999,inf,153.113,153.113
424,T5,BESTEFFORT,MISSED,m2-1,43.118,"{'m1-1': 1.11, 'm2-1': 24.43, 'm3-1': 23.95, 'm4-1': 10.26, 'm5-1': 174.56, 'm6-1': 26.0, 'm7-1': 163.56, 'm8-1': 27.32}",1.1340000000000003,152.362,inf,153.118,153.118,153.118
425,T8,BESTEFFORT,MISSED,m3-1,43.178,"{'m1-1': 1.01, 'm2-1': 25.97, 'm3-1': 24.96, 'm4-1': 10.58, 'm5-1': 154.45, 'm6-1': 26.96, 'm7-1': 165.06, 'm8-1': 27.47}",1.1774999999999949,152.393,inf,153.178,153.178,153.178
426,T6,BESTEFFORT,MISSED,m4-1,43.219,"{'m1-1': 1.01, 'm2-1': 24.76, 'm3-1': 28.81, 'm4-1': 10.17, 'm5-1': 161.62, 'm6-1': 25.1, 'm7-1': 158.4, 'm8-1': 25.42}",1.204499999999996,152.416,inf,153.219,153.219,153.219
427,T5,BESTEFFORT,MISSED,m5-1,43.329,"{'m1-1': 1.06, 'm2-1': 24.02, 'm3-1': 24.18, 'm4-1': 10.56, 'm5-1': 150.41, 'm6-1': 26.4, 'm7-1': 149.49, 'm8-1': 26.73}",0.7815000000000225,152.808,inf,153.329,153.329,153.329
428,T10,BESTEFFORT,MISSED,m6-1,43.513,"{'m1-1': 1.06, 'm2-1': 26.35, 'm3-1': 23.88, 'm4-1': 10.08, 'm5-1': 165.45, 'm6-1': 27.98, 'm7-1': 176.7, 'm8-1': 29.53}",1.0500000000000256,152.813,inf,153.513,153.513,153.513
429,T6,BESTEFFORT,MISSED,m7-1,43.587,"{'m1-1': 1.08, 'm2-1': 27.55, 'm3-1': 28.23, 'm4-1': 10.7, 'm5-1': 150.66, 'm6-1': 28.14, 'm7-1': 167.18, 'm8-1': 25.36}",0.991500000000002,152.926,inf,153.587,153.587,153.587
430,T2,BESTEFFORT,MISSED,m8-1,43.6,"{'m1-1': 1.07, 'm2-1': 24.12, 'm3-1': 27.43, 'm4-1': 9.57, 'm5-1': 153.78, 'm6-1': 26.06, 'm7-1': 154.07, 'm8-1': 27.34}",0.943499999999986,152.971,inf,153.6,153.6,153.6
431,T2,BESTEFFORT,COMPLETED,m1-1,43.645,"{'m1-1': 0.93, 'm2-1': 25.08, 'm3-1': 27.95, 'm4-1': 9.68, 'm5-1': 143.18, 'm6-1': 25.07, 'm7-1': 173.9, 'm8-1': 25.0}",1.395,92.92099999999999,93.851,inf,153.645,153.645
432,T1,BESTEFFORT,COMPLETED,m1-1,43.822,"{'m1-1': 1.05, 'm2-1': 23.43, 'm3-1': 26.99, 'm4-1': 10.5, 'm5-1': 163.95, 'm6-1': 28.11, 'm7-1': 166.89, 'm8-1': 28.31}",1.5750000000000002,93.851,94.901,inf,153.822,153.822
433,T10,BESTEFFORT,MISSED,m2-1,43.909,"{'m1-1': 1.0, 'm2-1': 27.17, 'm3-1': 26.25, 'm4-1': 9.29, 'm5-1': 153.96, 'm6-1': 29.07, 'm7-1': 178.66, 'm8-1': 28.09}",1.1864999999999952,153.118,inf,153.909,153.909,153.909
434,T10,BESTEFFORT,MISSED,m3-1,44.128,"{'m1-1': 1.1, 'm2-1': 27.39, 'm3-1': 26.54, 'm4-1': 10.69, 'm5-1': 167.8, 'm6-1': 24.73, 'm7-1': 153.41, 'm8-1': 25.72}",1.424999999999983,153.178,inf,154.128,154.128,154.128
435,T9,BESTEFFORT,MISSED,m4-1,44.195,"{'m1-1': 1.05, 'm2-1': 28.19, 'm3-1': 24.54, 'm4-1': 10.08, 'm5-1': 149.87, 'm6-1': 24.86, 'm7-1': 164.58, 'm8-1': 24.61}",1.4639999999999986,153.219,inf,154.195,154.195,154.195
436,T7,BESTEFFORT,MISSED,m5-1,44.2,"{'m1-1': 1.01, 'm2-1': 25.83, 'm3-1': 27.88, 'm4-1': 9.95, 'm5-1': 140.9, 'm6-1': 28.89, 'm7-1': 144.8, 'm8-1': 26.16}",1.3064999999999714,153.329,inf,154.2,154.2,154.2
437,T6,BESTEFFORT,MISSED,m6-1,44.223,"{'m1-1': 1.06, 'm2-1': 26.6, 'm3-1': 28.23, 'm4-1': 10.38, 'm5-1': 149.04, 'm6-1': 27.66, 'm7-1': 155.73, 'm8-1': 23.44}",1.065000000000012,153.513,inf,154.223,154.223,154.223
438,T8,BESTEFFORT,MISSED,m7-1,44.278,"{'m1-1': 1.09, 'm2-1': 24.53, 'm3-1': 26.98, 'm4-1': 10.1, 'm5-1': 172.64, 'm6-1': 25.12, 'm7-1': 158.52, 'm8-1': 26.06}",1.0365000000000038,153.587,inf,154.278,154.278,154.278
439,T7,BESTEFFORT,MISSED,m8-1,44.447,"{'m1-1': 0.99, 'm2-1': 26.78, 'm3-1': 26.16, 'm4-1': 10.11, 'm5-1': 144.2, 'm6-1': 28.61, 'm7-1': 147.42, 'm8-1': 29.58}",1.2705000000000126,153.6,inf,154.447,154.447,154.447
440,T6,BESTEFFORT,COMPLETED,m1-1,44.593,"{'m1-1': 1.07, 'm2-1': 24.99, 'm3-1': 28.86, 'm4-1': 9.78, 'm5-1': 152.31, 'm6-1': 25.81, 'm7-1': 155.42, 'm8-1': 25.33}",1.605,94.901,95.97099999999999,inf,154.59300000000002,154.59300000000002
441,T8,BESTEFFORT,MISSED,m2-1,44.601,"{'m1-1': 1.07, 'm2-1': 26.96, 'm3-1': 28.94, 'm4-1': 11.1, 'm5-1': 158.74, 'm6-1': 26.9, 'm7-1': 150.87, 'm8-1': 25.32}",1.038000000000011,153.909,inf,154.601,154.601,154.601
442,T8,BESTEFFORT,MISSED,m3-1,44.635,"{'m1-1': 0.96, 'm2-1': 24.33, 'm3-1': 26.81, 'm4-1': 11.29, 'm5-1': 160.43, 'm6-1': 26.04, 'm7-1': 167.14, 'm8-1': 27.14}",0.7605000000000075,154.128,inf,154.635,154.635,154.635
443,T9,BESTEFFORT,COMPLETED,m1-1,44.697,"{'m1-1': 1.08, 'm2-1': 25.48, 'm3-1': 25.86, 'm4-1': 11.62, 'm5-1': 151.94, 'm6-1': 26.2, 'm7-1': 165.6, 'm8-1': 25.9}",1.62,95.97099999999999,97.05099999999999,inf,154.697,154.697
444,T8,BESTEFFORT,MISSED,m4-1,44.712,"{'m1-1': 1.03, 'm2-1': 28.3, 'm3-1': 28.37, 'm4-1': 10.28, 'm5-1': 178.3, 'm6-1': 24.22, 'm7-1': 164.41, 'm8-1': 23.39}",0.7754999999999939,154.195,inf,154.712,154.712,154.712
445,T4,BESTEFFORT,MISSED,m5-1,44.736,"{'m1-1': 1.12, 'm2-1': 24.71, 'm3-1': 27.44, 'm4-1': 10.91, 'm5-1': 165.36, 'm6-1': 25.02, 'm7-1': 155.51, 'm8-1': 26.95}",0.804000000000002,154.2,inf,154.736,154.736,154.736
446,T10,BESTEFFORT,MISSED,m6-1,44.812,"{'m1-1': 1.03, 'm2-1': 25.96, 'm3-1': 23.86, 'm4-1': 9.23, 'm5-1': 150.6, 'm6-1': 25.89, 'm7-1': 177.04, 'm8-1': 26.01}",0.883499999999998,154.223,inf,154.812,154.812,154.812
447,T6,BESTEFFORT,MISSED,m7-1,45.292,"{'m1-1': 1.06, 'm2-1': 26.44, 'm3-1': 28.94, 'm4-1': 11.02, 'm5-1': 162.59, 'm6-1': 27.71, 'm7-1': 150.65, 'm8-1': 23.9}",1.521000000000015,154.278,inf,155.292,155.292,155.292
448,T6,BESTEFFORT,MISSED,m4-1,45.373,"{'m1-1': 1.05, 'm2-1': 25.62, 'm3-1': 26.33, 'm4-1': 10.64, 'm5-1': 165.45, 'm6-1': 27.45, 'm7-1': 167.44, 'm8-1': 27.77}",0.991500000000002,154.712,inf,155.373,155.373,155.373
449,T7,BESTEFFORT,MISSED,m8-1,45.402,"{'m1-1': 1.03, 'm2-1': 28.69, 'm3-1': 27.46, 'm4-1': 10.11, 'm5-1': 164.42, 'm6-1': 25.18, 'm7-1': 147.26, 'm8-1': 25.08}",1.4324999999999761,154.447,inf,155.402,155.402,155.402
450,T1,BESTEFFORT,COMPLETED,m1-1,45.468,"{'m1-1': 1.0, 'm2-1': 25.66, 'm3-1': 26.67, 'm4-1': 10.18, 'm5-1': 142.84, 'm6-1': 27.86, 'm7-1': 170.76, 'm8-1': 25.8}",1.5,97.05099999999999,98.05099999999999,inf,155.46800000000002,155.46800000000002
451,T5,BESTEFFORT,MISSED,m2-1,45.47,"{'m1-1': 1.15, 'm2-1': 27.31, 'm3-1': 27.25, 'm4-1': 10.33, 'm5-1': 161.95, 'm6-1': 25.88, 'm7-1': 157.03, 'm8-1': 25.69}",1.3034999999999997,154.601,inf,155.47,155.47,155.47
452,T8,BESTEFFORT,MISSED,m3-1,45.487,"{'m1-1': 1.13, 'm2-1': 26.68, 'm3-1': 26.28, 'm4-1': 9.9, 'm5-1': 173.97, 'm6-1': 26.89, 'm7-1': 164.19, 'm8-1': 25.09}",1.2780000000000058,154.635,inf,155.487,155.487,155.487
453,T4,BESTEFFORT,MISSED,m4-1,45.563,"{'m1-1': 1.01, 'm2-1': 26.74, 'm3-1': 26.36, 'm4-1': 9.6, 'm5-1': 165.91, 'm6-1': 25.16, 'm7-1': 170.56, 'm8-1': 25.2}",0.2849999999999966,155.373,inf,155.563,155.563,155.563
454,T8,BESTEFFORT,MISSED,m5-1,45.607,"{'m1-1': 0.98, 'm2-1': 24.64, 'm3-1': 26.85, 'm4-1': 11.68, 'm5-1': 173.0, 'm6-1': 26.78, 'm7-1': 159.32, 'm8-1': 23.26}",1.306500000000014,154.736,inf,155.607,155.607,155.607
455,T3,BESTEFFORT,MISSED,m6-1,45.64,"{'m1-1': 1.12, 'm2-1': 26.76, 'm3-1': 25.66, 'm4-1': 11.27, 'm5-1': 147.12, 'm6-1': 25.67, 'm7-1': 144.9, 'm8-1': 23.31}",1.2419999999999618,154.812,inf,155.64,155.64,155.64
456,T5,BESTEFFORT,MISSED,m7-1,45.649,"{'m1-1': 1.05, 'm2-1': 24.66, 'm3-1': 24.88, 'm4-1': 10.52, 'm5-1': 165.89, 'm6-1': 23.69, 'm7-1': 160.76, 'm8-1': 26.32}",0.535499999999999,155.292,inf,155.649,155.649,155.649
457,T1,BESTEFFORT,MISSED,m8-1,45.66,"{'m1-1': 1.01, 'm2-1': 23.85, 'm3-1': 26.06, 'm4-1': 10.2, 'm5-1': 151.55, 'm6-1': 24.75, 'm7-1': 166.22, 'm8-1': 27.14}",0.38700000000001467,155.402,inf,155.66,155.66,155.66
458,T10,BESTEFFORT,COMPLETED,m1-1,45.727,"{'m1-1': 1.13, 'm2-1': 23.97, 'm3-1': 23.16, 'm4-1': 10.48, 'm5-1': 153.0, 'm6-1': 25.71, 'm7-1': 175.82, 'm8-1': 26.71}",1.6949999999999998,98.05099999999999,99.18099999999998,inf,155.727,155.727
459,T8,BESTEFFORT,MISSED,m2-1,45.745,"{'m1-1': 1.03, 'm2-1': 24.35, 'm3-1': 26.48, 'm4-1': 11.04, 'm5-1': 152.63, 'm6-1': 26.1, 'm7-1': 169.23, 'm8-1': 23.36}",0.4125000000000085,155.47,inf,155.745,155.745,155.745
460,T8,BESTEFFORT,COMPLETED,m1-1,45.934,"{'m1-1': 0.98, 'm2-1': 27.17, 'm3-1': 28.61, 'm4-1': 10.74, 'm5-1': 176.53, 'm6-1': 28.02, 'm7-1': 173.67, 'm8-1': 24.62}",1.47,99.18099999999998,100.16099999999999,inf,155.934,155.934
461,T3,BESTEFFORT,MISSED,m3-1,46.037,"{'m1-1': 1.14, 'm2-1': 28.15, 'm3-1': 27.92, 'm4-1': 11.42, 'm5-1': 166.26, 'm6-1': 25.7, 'm7-1': 171.59, 'm8-1': 26.29}",0.825000000000017,155.487,inf,156.037,156.037,156.037
462,T4,BESTEFFORT,MISSED,m4-1,46.083,"{'m1-1': 1.14, 'm2-1': 27.62, 'm3-1': 27.88, 'm4-1': 9.82, 'm5-1': 160.11, 'm6-1': 24.7, 'm7-1': 160.35, 'm8-1': 27.52}",0.7800000000000153,155.563,inf,156.083,156.083,156.083
463,T4,BESTEFFORT,MISSED,m5-1,46.097,"{'m1-1': 1.16, 'm2-1': 26.4, 'm3-1': 26.92, 'm4-1': 10.26, 'm5-1': 170.16, 'm6-1': 25.62, 'm7-1': 169.9, 'm8-1': 24.62}",0.7350000000000136,155.607,inf,156.097,156.097,156.097
464,T3,BESTEFFORT,MISSED,m6-1,46.169,"{'m1-1': 1.04, 'm2-1': 28.0, 'm3-1': 26.32, 'm4-1': 10.57, 'm5-1': 153.1, 'm6-1': 24.39, 'm7-1': 147.05, 'm8-1': 25.9}",0.7934999999999945,155.64,inf,156.16899999999998,156.16899999999998,156.16899999999998
465,T4,BESTEFFORT,MISSED,m7-1,46.351,"{'m1-1': 1.04, 'm2-1': 23.56, 'm3-1': 27.24, 'm4-1': 10.76, 'm5-1': 170.47, 'm6-1': 25.22, 'm7-1': 171.12, 'm8-1': 27.05}",1.0529999999999973,155.649,inf,156.351,156.351,156.351
466,T6,BESTEFFORT,MISSED,m8-1,46.358,"{'m1-1': 1.13, 'm2-1': 24.42, 'm3-1': 27.88, 'm4-1': 9.59, 'm5-1': 155.54, 'm6-1': 27.42, 'm7-1': 162.72, 'm8-1': 24.84}",1.0470000000000113,155.66,inf,156.358,156.358,156.358
467,T4,BESTEFFORT,COMPLETED,m1-1,46.368,"{'m1-1': 1.15, 'm2-1': 25.4, 'm3-1': 26.23, 'm4-1': 10.63, 'm5-1': 167.84, 'm6-1': 27.49, 'm7-1': 172.65, 'm8-1': 27.66}",1.7249999999999999,100.16099999999999,101.31099999999999,inf,156.368,156.368
468,T7,BESTEFFORT,MISSED,m2-1,46.7,"{'m1-1': 0.97, 'm2-1': 26.56, 'm3-1': 24.77, 'm4-1': 11.62, 'm5-1': 151.33, 'm6-1': 25.45, 'm7-1': 163.67, 'm8-1': 29.21}",1.4324999999999761,155.745,inf,156.7,156.7,156.7
469,T8,BESTEFFORT,MISSED,m3-1,46.717,"{'m1-1': 0.96, 'm2-1': 24.19, 'm3-1': 29.46, 'm4-1': 11.6, 'm5-1': 158.81, 'm6-1': 25.93, 'm7-1': 155.01, 'm8-1': 24.89}",1.0199999999999676,156.037,inf,156.71699999999998,156.71699999999998,156.71699999999998
470,T6,BESTEFFORT,MISSED,m4-1,46.733,"{'m1-1': 1.13, 'm2-1': 27.31, 'm3-1': 29.15, 'm4-1': 10.63, 'm5-1': 165.96, 'm6-1': 24.92, 'm7-1': 153.35, 'm8-1': 24.27}",0.9750000000000085,156.083,inf,156.733,156.733,156.733
471,T3,BESTEFFORT,COMPLETED,m1-1,47.003,"{'m1-1': 1.01, 'm2-1': 25.52, 'm3-1': 27.42, 'm4-1': 10.67, 'm5-1': 160.46, 'm6-1': 26.29, 'm7-1': 171.02, 'm8-1': 24.91}",1.5150000000000001,101.31099999999999,102.321,inf,157.003,157.003
472,T2,BESTEFFORT,MISSED,m5-1,47.086,"{'m1-1': 0.95, 'm2-1': 23.51, 'm3-1': 27.02, 'm4-1': 10.69, 'm5-1': 143.7, 'm6-1': 27.6, 'm7-1': 157.15, 'm8-1': 27.56}",1.4835000000000065,156.097,inf,157.086,157.086,157.086
473,T6,BESTEFFORT,MISSED,m6-1,47.265,"{'m1-1': 1.05, 'm2-1': 25.77, 'm3-1': 29.06, 'm4-1': 10.37, 'm5-1': 161.68, 'm6-1': 24.35, 'm7-1': 167.04, 'm8-1': 26.29}",1.6440000000000055,156.16899999999998,inf,157.265,157.265,157.265
474,T3,BESTEFFORT,MISSED,m7-1,47.421,"{'m1-1': 1.13, 'm2-1': 26.95, 'm3-1': 25.48, 'm4-1': 10.41, 'm5-1': 173.59, 'm6-1': 28.04, 'm7-1': 158.55, 'm8-1': 23.57}",1.6049999999999898,156.351,inf,157.421,157.421,157.421
475,T8,BESTEFFORT,MISSED,m8-1,47.55,"{'m1-1': 1.01, 'm2-1': 28.59, 'm3-1': 29.22, 'm4-1': 11.53, 'm5-1': 162.5, 'm6-1': 26.01, 'm7-1': 150.25, 'm8-1': 27.38}",1.788000000000011,156.358,inf,157.55,157.55,157.55
476,T2,BESTEFFORT,COMPLETED,m1-1,47.643,"{'m1-1': 1.1, 'm2-1': 26.85, 'm3-1': 27.48, 'm4-1': 10.55, 'm5-1': 146.89, 'm6-1': 26.39, 'm7-1': 175.04, 'm8-1': 28.13}",1.6500000000000001,102.321,103.42099999999999,inf,157.643,157.643
477,T4,BESTEFFORT,MISSED,m3-1,47.734,"{'m1-1': 1.15, 'm2-1': 23.77, 'm3-1': 24.52, 'm4-1': 9.75, 'm5-1': 161.34, 'm6-1': 26.86, 'm7-1': 156.83, 'm8-1': 26.13}",1.5255000000000365,156.71699999999998,inf,157.734,157.734,157.734
478,T8,BESTEFFORT,MISSED,m2-1,47.734,"{'m1-1': 1.11, 'm2-1': 24.77, 'm3-1': 29.54, 'm4-1': 10.52, 'm5-1': 157.08, 'm6-1': 25.58, 'm7-1': 151.91, 'm8-1': 25.5}",1.5510000000000304,156.7,inf,157.734,157.734,157.734
479,T9,BESTEFFORT,COMPLETED,m1-1,47.839,"{'m1-1': 1.1, 'm2-1': 27.1, 'm3-1': 24.8, 'm4-1': 11.6, 'm5-1': 145.32, 'm6-1': 26.92, 'm7-1': 157.14, 'm8-1': 24.7}",1.6500000000000001,103.42099999999999,104.52099999999999,inf,157.839,157.839
480,T3,BESTEFFORT,MISSED,m4-1,47.996,"{'m1-1': 1.15, 'm2-1': 25.67, 'm3-1': 24.71, 'm4-1': 10.82, 'm5-1': 158.03, 'm6-1': 24.05, 'm7-1': 164.9, 'm8-1': 25.86}",1.8945000000000078,156.733,inf,157.996,157.996,157.996
481,T9,BESTEFFORT,MISSED,m5-1,48.156,"{'m1-1': 0.94, 'm2-1': 25.65, 'm3-1': 25.42, 'm4-1': 9.91, 'm5-1': 148.92, 'm6-1': 24.27, 'm7-1': 155.1, 'm8-1': 26.88}",1.6049999999999898,157.086,inf,158.156,158.156,158.156
482,T3,BESTEFFORT,MISSED,m6-1,48.169,"{'m1-1': 1.13, 'm2-1': 24.97, 'm3-1': 27.71, 'm4-1': 10.49, 'm5-1': 162.24, 'm6-1': 24.3, 'm7-1': 152.74, 'm8-1': 26.01}",1.3559999999999945,157.265,inf,158.16899999999998,158.16899999999998,158.16899999999998
483,T9,BESTEFFORT,MISSED,m7-1,48.226,"{'m1-1': 0.95, 'm2-1': 26.75, 'm3-1': 25.1, 'm4-1': 10.4, 'm5-1': 161.77, 'm6-1': 24.87, 'm7-1': 151.53, 'm8-1': 24.32}",1.2075000000000102,157.421,inf,158.226,158.226,158.226
484,T8,BESTEFFORT,MISSED,m8-1,48.284,"{'m1-1': 1.05, 'm2-1': 26.44, 'm3-1': 26.19, 'm4-1': 10.67, 'm5-1': 177.68, 'm6-1': 27.78, 'm7-1': 154.28, 'm8-1': 26.38}",1.1009999999999707,157.55,inf,158.284,158.284,158.284
485,T3,BESTEFFORT,COMPLETED,m1-1,48.359,"{'m1-1': 1.16, 'm2-1': 26.19, 'm3-1': 26.56, 'm4-1': 11.69, 'm5-1': 160.29, 'm6-1': 25.0, 'm7-1': 145.47, 'm8-1': 26.92}",1.7399999999999998,104.52099999999999,105.68099999999998,inf,158.359,158.359
486,T9,BESTEFFORT,COMPLETED,m1-1,48.97,"{'m1-1': 1.12, 'm2-1': 25.08, 'm3-1': 26.14, 'm4-1': 11.37, 'm5-1': 160.01, 'm6-1': 24.76, 'm7-1': 161.13, 'm8-1': 24.67}",1.6800000000000002,105.68099999999998,106.80099999999999,inf,158.97,158.97
487,T6,BESTEFFORT,MISSED,m2-1,48.98,"{'m1-1': 1.1, 'm2-1': 24.26, 'm3-1': 28.42, 'm4-1': 9.95, 'm5-1': 160.32, 'm6-1': 24.53, 'm7-1': 165.12, 'm8-1': 27.32}",1.8689999999999714,157.734,inf,158.98,158.98,158.98
488,T10,BESTEFFORT,MISSED,m3-1,49.086,"{'m1-1': 1.06, 'm2-1': 25.39, 'm3-1': 26.29, 'm4-1': 10.1, 'm5-1': 148.36, 'm6-1': 24.87, 'm7-1': 171.64, 'm8-1': 26.45}",2.028000000000006,157.734,inf,159.086,159.086,159.086
489,T7,BESTEFFORT,MISSED,m4-1,49.158,"{'m1-1': 0.95, 'm2-1': 27.17, 'm3-1': 28.3, 'm4-1': 10.95, 'm5-1': 161.72, 'm6-1': 25.28, 'm7-1': 168.3, 'm8-1': 27.48}",1.7430000000000092,157.996,inf,159.15800000000002,159.15800000000002,159.15800000000002
490,T8,BESTEFFORT,MISSED,m5-1,49.215,"{'m1-1': 1.08, 'm2-1': 27.76, 'm3-1': 27.95, 'm4-1': 9.93, 'm5-1': 176.35, 'm6-1': 25.28, 'm7-1': 151.48, 'm8-1': 23.94}",1.5884999999999962,158.156,inf,159.215,159.215,159.215
491,T6,BESTEFFORT,MISSED,m6-1,49.352,"{'m1-1': 1.11, 'm2-1': 25.44, 'm3-1': 26.42, 'm4-1': 10.56, 'm5-1': 159.93, 'm6-1': 27.43, 'm7-1': 165.12, 'm8-1': 25.28}",1.7745000000000317,158.16899999999998,inf,159.352,159.352,159.352
492,T5,BESTEFFORT,MISSED,m7-1,49.41,"{'m1-1': 0.98, 'm2-1': 23.78, 'm3-1': 24.59, 'm4-1': 10.6, 'm5-1': 159.98, 'm6-1': 23.34, 'm7-1': 155.26, 'm8-1': 27.49}",1.7759999999999962,158.226,inf,159.41,159.41,159.41
493,T8,BESTEFFORT,MISSED,m8-1,49.485,"{'m1-1': 0.98, 'm2-1': 25.98, 'm3-1': 27.43, 'm4-1': 10.2, 'm5-1': 174.68, 'm6-1': 25.04, 'm7-1': 175.89, 'm8-1': 27.5}",1.8015000000000327,158.284,inf,159.485,159.485,159.485
494,T10,BESTEFFORT,COMPLETED,m1-1,49.531,"{'m1-1': 1.13, 'm2-1': 24.93, 'm3-1': 24.0, 'm4-1': 9.84, 'm5-1': 172.19, 'm6-1': 26.38, 'm7-1': 175.61, 'm8-1': 27.43}",1.6949999999999998,106.80099999999999,107.93099999999998,inf,159.531,159.531
495,T4,BESTEFFORT,MISSED,m2-1,49.687,"{'m1-1': 1.19, 'm2-1': 25.22, 'm3-1': 26.78, 'm4-1': 10.7, 'm5-1': 167.33, 'm6-1': 25.72, 'm7-1': 153.58, 'm8-1': 26.63}",1.060500000000033,158.98,inf,159.687,159.687,159.687
496,T3,BESTEFFORT,MISSED,m3-1,49.784,"{'m1-1': 0.98, 'm2-1': 24.67, 'm3-1': 24.94, 'm4-1': 11.35, 'm5-1': 165.36, 'm6-1': 28.14, 'm7-1': 155.21, 'm8-1': 25.66}",1.0469999999999686,159.086,inf,159.784,159.784,159.784
497,T9,BESTEFFORT,MISSED,m4-1,49.843,"{'m1-1': 0.96, 'm2-1': 28.57, 'm3-1': 25.26, 'm4-1': 11.41, 'm5-1': 144.27, 'm6-1': 26.42, 'm7-1': 156.69, 'm8-1': 24.88}",1.0275000000000034,159.15800000000002,inf,159.84300000000002,159.84300000000002,159.84300000000002
498,T7,BESTEFFORT,MISSED,m5-1,49.89,"{'m1-1': 0.95, 'm2-1': 25.06, 'm3-1': 27.4, 'm4-1': 10.51, 'm5-1': 159.66, 'm6-1': 28.65, 'm7-1': 164.83, 'm8-1': 26.39}",1.0124999999999744,159.215,inf,159.89,159.89,159.89
499,T5,BESTEFFORT,COMPLETED,m1-1,49.973,"{'m1-1': 1.1, 'm2-1': 23.64, 'm3-1': 23.75, 'm4-1': 10.68, 'm5-1': 176.03, 'm6-1': 24.51, 'm7-1': 163.56, 'm8-1': 27.7}",1.6500000000000001,107.93099999999998,109.03099999999998,inf,159.973,159.973
500,T4,BESTEFFORT,MISSED,m6-1,50.072,"{'m1-1': 1.08, 'm2-1': 27.52, 'm3-1': 24.12, 'm4-1': 10.51, 'm5-1': 170.2, 'm6-1': 24.02, 'm7-1': 156.62, 'm8-1': 25.94}",1.0799999999999983,159.352,inf,160.072,160.072,160.072
501,T7,BESTEFFORT,MISSED,m7-1,50.198,"{'m1-1': 0.95, 'm2-1': 25.43, 'm3-1': 29.26, 'm4-1': 11.66, 'm5-1': 146.52, 'm6-1': 26.65, 'm7-1': 164.91, 'm8-1': 26.9}",1.1820000000000164,159.41,inf,160.198,160.198,160.198
502,T4,BESTEFFORT,MISSED,m8-1,50.239,"{'m1-1': 1.12, 'm2-1': 25.44, 'm3-1': 26.05, 'm4-1': 9.62, 'm5-1': 158.16, 'm6-1': 23.84, 'm7-1': 160.43, 'm8-1': 25.1}",1.130999999999986,159.485,inf,160.239,160.239,160.239
503,T3,BESTEFFORT,COMPLETED,m1-1,50.249,"{'m1-1': 1.02, 'm2-1': 26.76, 'm3-1': 24.12, 'm4-1': 10.14, 'm5-1': 171.3, 'm6-1': 24.78, 'm7-1': 165.69, 'm8-1': 23.96}",1.53,109.03099999999998,110.05099999999997,inf,160.249,160.249
504,T3,BESTEFFORT,MISSED,m3-1,50.294,"{'m1-1': 1.02, 'm2-1': 24.03, 'm3-1': 24.15, 'm4-1': 10.07, 'm5-1': 150.12, 'm6-1': 28.21, 'm7-1': 148.16, 'm8-1': 25.97}",0.7649999999999864,159.784,inf,160.29399999999998,160.29399999999998,160.29399999999998
505,T7,BESTEFFORT,MISSED,m2-1,50.294,"{'m1-1': 1.0, 'm2-1': 25.14, 'm3-1': 27.73, 'm4-1': 10.7, 'm5-1': 160.97, 'm6-1': 24.33, 'm7-1': 150.61, 'm8-1': 28.43}",0.9104999999999563,159.687,inf,160.29399999999998,160.29399999999998,160.29399999999998
506,T6,BESTEFFORT,MISSED,m4-1,50.379,"{'m1-1': 1.12, 'm2-1': 27.3, 'm3-1': 25.46, 'm4-1': 9.78, 'm5-1': 146.7, 'm6-1': 25.8, 'm7-1': 152.02, 'm8-1': 26.44}",0.8039999999999594,159.84300000000002,inf,160.379,160.379,160.379
507,T1,BESTEFFORT,MISSED,m5-1,50.407,"{'m1-1': 1.06, 'm2-1': 27.34, 'm3-1': 23.88, 'm4-1': 11.8, 'm5-1': 152.06, 'm6-1': 23.84, 'm7-1': 166.67, 'm8-1': 27.25}",0.7754999999999939,159.89,inf,160.40699999999998,160.40699999999998,160.40699999999998
508,T1,BESTEFFORT,MISSED,m6-1,50.545,"{'m1-1': 1.08, 'm2-1': 27.32, 'm3-1': 28.34, 'm4-1': 10.28, 'm5-1': 142.12, 'm6-1': 24.36, 'm7-1': 162.78, 'm8-1': 28.57}",0.7095000000000198,160.072,inf,160.54500000000002,160.54500000000002,160.54500000000002
509,T7,BESTEFFORT,MISSED,m7-1,50.889,"{'m1-1': 0.99, 'm2-1': 24.7, 'm3-1': 25.74, 'm4-1': 10.85, 'm5-1': 146.16, 'm6-1': 28.1, 'm7-1': 145.88, 'm8-1': 28.29}",1.0365000000000038,160.198,inf,160.889,160.889,160.889
510,T4,BESTEFFORT,MISSED,m8-1,50.891,"{'m1-1': 1.13, 'm2-1': 24.91, 'm3-1': 26.26, 'm4-1': 9.68, 'm5-1': 165.09, 'm6-1': 27.0, 'm7-1': 170.75, 'm8-1': 25.57}",0.9779999999999802,160.239,inf,160.891,160.891,160.891
511,T10,BESTEFFORT,COMPLETED,m1-1,51.024,"{'m1-1': 1.04, 'm2-1': 24.11, 'm3-1': 25.83, 'm4-1': 10.59, 'm5-1': 156.5, 'm6-1': 27.22, 'm7-1': 176.59, 'm8-1': 26.27}",1.56,110.05099999999997,111.09099999999998,inf,161.024,161.024
512,T7,BESTEFFORT,COMPLETED,m1-1,51.192,"{'m1-1': 1.02, 'm2-1': 24.37, 'm3-1': 27.35, 'm4-1': 11.17, 'm5-1': 150.31, 'm6-1': 24.47, 'm7-1': 155.45, 'm8-1': 29.29}",1.53,111.09099999999998,112.11099999999998,inf,161.192,161.192
513,T3,BESTEFFORT,MISSED,m8-1,51.391,"{'m1-1': 1.0, 'm2-1': 25.68, 'm3-1': 26.24, 'm4-1': 11.28, 'm5-1': 155.72, 'm6-1': 26.35, 'm7-1': 168.02, 'm8-1': 24.93}",0.75,160.891,inf,161.391,161.391,161.391
514,T7,BESTEFFORT,MISSED,m2-1,51.451,"{'m1-1': 1.07, 'm2-1': 26.56, 'm3-1': 25.03, 'm4-1': 11.7, 'm5-1': 150.96, 'm6-1': 24.95, 'm7-1': 168.31, 'm8-1': 26.66}",1.735500000000016,160.29399999999998,inf,161.451,161.451,161.451
515,T4,BESTEFFORT,MISSED,m3-1,51.619,"{'m1-1': 1.09, 'm2-1': 27.83, 'm3-1': 26.76, 'm4-1': 10.25, 'm5-1': 147.74, 'm6-1': 26.08, 'm7-1': 171.04, 'm8-1': 28.43}",1.9875000000000256,160.29399999999998,inf,161.619,161.619,161.619
516,T8,BESTEFFORT,MISSED,m4-1,51.724,"{'m1-1': 0.99, 'm2-1': 26.88, 'm3-1': 28.84, 'm4-1': 10.42, 'm5-1': 151.3, 'm6-1': 26.19, 'm7-1': 163.87, 'm8-1': 25.15}",2.0174999999999983,160.379,inf,161.724,161.724,161.724
517,T10,BESTEFFORT,MISSED,m5-1,51.844,"{'m1-1': 1.11, 'm2-1': 26.22, 'm3-1': 23.09, 'm4-1': 10.75, 'm5-1': 174.21, 'm6-1': 25.75, 'm7-1': 155.38, 'm8-1': 25.22}",2.1555000000000177,160.40699999999998,inf,161.844,161.844,161.844
518,T2,BESTEFFORT,COMPLETED,m1-1,52.201,"{'m1-1': 1.03, 'm2-1': 26.38, 'm3-1': 27.12, 'm4-1': 10.68, 'm5-1': 139.5, 'm6-1': 26.86, 'm7-1': 170.85, 'm8-1': 28.41}",1.545,112.11099999999998,113.14099999999998,inf,162.201,162.201
519,T10,BESTEFFORT,MISSED,m6-1,52.291,"{'m1-1': 1.0, 'm2-1': 23.63, 'm3-1': 23.87, 'm4-1': 9.82, 'm5-1': 164.95, 'm6-1': 27.29, 'm7-1': 168.25, 'm8-1': 26.68}",2.6189999999999714,160.54500000000002,inf,162.291,162.291,162.291
520,T1,BESTEFFORT,MISSED,m7-1,52.398,"{'m1-1': 1.07, 'm2-1': 25.32, 'm3-1': 27.64, 'm4-1': 10.72, 'm5-1': 157.44, 'm6-1': 27.42, 'm7-1': 145.97, 'm8-1': 24.15}",2.263499999999979,160.889,inf,162.398,162.398,162.398
521,T4,BESTEFFORT,MISSED,m8-1,52.499,"{'m1-1': 1.18, 'm2-1': 26.6, 'm3-1': 27.44, 'm4-1': 9.58, 'm5-1': 168.35, 'm6-1': 26.87, 'm7-1': 172.48, 'm8-1': 28.1}",1.6620000000000061,161.391,inf,162.499,162.499,162.499
522,T3,BESTEFFORT,COMPLETED,m1-1,52.694,"{'m1-1': 1.07, 'm2-1': 28.1, 'm3-1': 27.58, 'm4-1': 10.34, 'm5-1': 146.84, 'm6-1': 27.91, 'm7-1': 145.72, 'm8-1': 26.79}",1.605,113.14099999999998,114.21099999999997,inf,162.69400000000002,162.69400000000002
523,T9,BESTEFFORT,MISSED,m2-1,52.731,"{'m1-1': 1.05, 'm2-1': 25.58, 'm3-1': 26.33, 'm4-1': 10.9, 'm5-1': 163.63, 'm6-1': 28.14, 'm7-1': 147.86, 'm8-1': 24.3}",1.9200000000000017,161.451,inf,162.731,162.731,162.731
524,T8,BESTEFFORT,MISSED,m2-1,52.832,"{'m1-1': 1.05, 'm2-1': 27.27, 'm3-1': 28.21, 'm4-1': 10.52, 'm5-1': 154.32, 'm6-1': 27.31, 'm7-1': 149.93, 'm8-1': 26.41}",0.15149999999999864,162.731,inf,162.832,162.832,162.832
525,T5,BESTEFFORT,MISSED,m3-1,52.943,"{'m1-1': 1.03, 'm2-1': 27.62, 'm3-1': 27.76, 'm4-1': 10.98, 'm5-1': 159.17, 'm6-1': 23.79, 'm7-1': 176.68, 'm8-1': 28.66}",1.9859999999999758,161.619,inf,162.94299999999998,162.94299999999998,162.94299999999998
526,T1,BESTEFFORT,COMPLETED,m1-1,53.001,"{'m1-1': 1.09, 'm2-1': 25.13, 'm3-1': 24.32, 'm4-1': 11.32, 'm5-1': 155.87, 'm6-1': 25.16, 'm7-1': 154.04, 'm8-1': 24.32}",1.6350000000000002,114.21099999999997,115.30099999999997,inf,163.001,163.001
527,T4,BESTEFFORT,MISSED,m4-1,53.015,"{'m1-1': 1.04, 'm2-1': 25.51, 'm3-1': 27.68, 'm4-1': 10.46, 'm5-1': 170.27, 'm6-1': 26.78, 'm7-1': 151.78, 'm8-1': 26.91}",1.9364999999999952,161.724,inf,163.015,163.015,163.015
528,T4,BESTEFFORT,MISSED,m5-1,53.145,"{'m1-1': 1.01, 'm2-1': 27.87, 'm3-1': 27.49, 'm4-1': 9.39, 'm5-1': 156.85, 'm6-1': 24.93, 'm7-1': 162.13, 'm8-1': 26.36}",1.9515000000000242,161.844,inf,163.145,163.145,163.145
529,T2,BESTEFFORT,MISSED,m6-1,53.167,"{'m1-1': 0.95, 'm2-1': 27.45, 'm3-1': 25.49, 'm4-1': 11.07, 'm5-1': 150.57, 'm6-1': 27.87, 'm7-1': 161.5, 'm8-1': 28.2}",1.3140000000000072,162.291,inf,163.167,163.167,163.167
530,T2,BESTEFFORT,MISSED,m7-1,53.189,"{'m1-1': 1.1, 'm2-1': 27.37, 'm3-1': 26.85, 'm4-1': 10.33, 'm5-1': 161.56, 'm6-1': 28.77, 'm7-1': 172.45, 'm8-1': 28.34}",1.1864999999999952,162.398,inf,163.189,163.189,163.189
531,T4,BESTEFFORT,MISSED,m8-1,53.344,"{'m1-1': 1.17, 'm2-1': 23.99, 'm3-1': 26.86, 'm4-1': 10.29, 'm5-1': 166.13, 'm6-1': 24.24, 'm7-1': 171.78, 'm8-1': 28.68}",1.2674999999999983,162.499,inf,163.344,163.344,163.344
532,T2,BESTEFFORT,MISSED,m3-1,53.369,"{'m1-1': 1.08, 'm2-1': 25.42, 'm3-1': 28.53, 'm4-1': 9.8, 'm5-1': 146.25, 'm6-1': 24.84, 'm7-1': 152.46, 'm8-1': 25.53}",0.6390000000000242,162.94299999999998,inf,163.369,163.369,163.369
533,T3,BESTEFFORT,MISSED,m6-1,53.559,"{'m1-1': 1.0, 'm2-1': 27.02, 'm3-1': 24.17, 'm4-1': 11.7, 'm5-1': 155.74, 'm6-1': 25.02, 'm7-1': 152.18, 'm8-1': 26.1}",0.5879999999999939,163.167,inf,163.559,163.559,163.559
534,T7,BESTEFFORT,COMPLETED,m1-1,53.567,"{'m1-1': 1.07, 'm2-1': 26.84, 'm3-1': 26.98, 'm4-1': 10.21, 'm5-1': 164.77, 'm6-1': 28.27, 'm7-1': 146.5, 'm8-1': 25.76}",1.605,115.30099999999997,116.37099999999997,inf,163.567,163.567
535,T1,BESTEFFORT,MISSED,m2-1,53.585,"{'m1-1': 1.11, 'm2-1': 23.35, 'm3-1': 27.42, 'm4-1': 10.2, 'm5-1': 148.26, 'm6-1': 25.72, 'm7-1': 171.29, 'm8-1': 24.13}",1.1295000000000215,162.832,inf,163.585,163.585,163.585
536,T7,BESTEFFORT,MISSED,m3-1,53.695,"{'m1-1': 0.93, 'm2-1': 27.38, 'm3-1': 24.78, 'm4-1': 11.45, 'm5-1': 147.17, 'm6-1': 25.03, 'm7-1': 156.94, 'm8-1': 27.34}",0.4889999999999901,163.369,inf,163.695,163.695,163.695
537,T8,BESTEFFORT,MISSED,m4-1,53.781,"{'m1-1': 0.97, 'm2-1': 27.5, 'm3-1': 24.86, 'm4-1': 10.8, 'm5-1': 163.39, 'm6-1': 24.96, 'm7-1': 166.3, 'm8-1': 26.06}",1.1490000000000293,163.015,inf,163.781,163.781,163.781
538,T7,BESTEFFORT,MISSED,m5-1,53.834,"{'m1-1': 1.06, 'm2-1': 28.24, 'm3-1': 27.16, 'm4-1': 11.19, 'm5-1': 155.02, 'm6-1': 24.78, 'm7-1': 144.15, 'm8-1': 28.61}",1.0334999999999894,163.145,inf,163.834,163.834,163.834
539,T7,BESTEFFORT,MISSED,m6-1,53.936,"{'m1-1': 1.06, 'm2-1': 27.2, 'm3-1': 27.46, 'm4-1': 10.31, 'm5-1': 152.17, 'm6-1': 28.56, 'm7-1': 152.85, 'm8-1': 27.9}",0.5655000000000143,163.559,inf,163.936,163.936,163.936
540,T2,BESTEFFORT,MISSED,m7-1,53.98,"{'m1-1': 1.08, 'm2-1': 25.72, 'm3-1': 28.52, 'm4-1': 10.71, 'm5-1': 160.27, 'm6-1': 26.44, 'm7-1': 170.72, 'm8-1': 24.72}",1.1864999999999952,163.189,inf,163.98,163.98,163.98
541,T10,BESTEFFORT,COMPLETED,m1-1,54.124,"{'m1-1': 1.1, 'm2-1': 24.43, 'm3-1': 24.43, 'm4-1': 9.48, 'm5-1': 168.0, 'm6-1': 28.44, 'm7-1': 157.55, 'm8-1': 26.3}",1.6500000000000001,116.37099999999997,117.47099999999996,inf,164.124,164.124
542,T7,BESTEFFORT,MISSED,m8-1,54.586,"{'m1-1': 1.06, 'm2-1': 26.31, 'm3-1': 25.0, 'm4-1': 10.95, 'm5-1': 139.99, 'm6-1': 28.04, 'm7-1': 166.93, 'm8-1': 29.76}",1.863000000000028,163.344,inf,164.586,164.586,164.586
543,T5,BESTEFFORT,COMPLETED,m1-1,54.645,"{'m1-1': 1.08, 'm2-1': 26.66, 'm3-1': 25.32, 'm4-1': 10.91, 'm5-1': 157.99, 'm6-1': 26.12, 'm7-1': 176.37, 'm8-1': 28.54}",1.62,117.47099999999996,118.55099999999996,inf,164.645,164.645
544,T5,BESTEFFORT,MISSED,m2-1,54.761,"{'m1-1': 1.03, 'm2-1': 26.39, 'm3-1': 26.24, 'm4-1': 11.28, 'm5-1': 173.8, 'm6-1': 24.7, 'm7-1': 152.11, 'm8-1': 27.28}",1.7639999999999816,163.585,inf,164.761,164.761,164.761
545,T8,BESTEFFORT,MISSED,m3-1,54.871,"{'m1-1': 1.12, 'm2-1': 26.16, 'm3-1': 26.07, 'm4-1': 10.3, 'm5-1': 157.76, 'm6-1': 27.91, 'm7-1': 166.27, 'm8-1': 23.5}",1.7640000000000242,163.695,inf,164.871,164.871,164.871
546,T5,BESTEFFORT,MISSED,m4-1,54.895,"{'m1-1': 1.05, 'm2-1': 24.55, 'm3-1': 24.15, 'm4-1': 10.97, 'm5-1': 165.11, 'm6-1': 24.98, 'm7-1': 163.07, 'm8-1': 27.1}",1.6710000000000065,163.781,inf,164.895,164.895,164.895
547,T9,BESTEFFORT,MISSED,m5-1,55.17,"{'m1-1': 1.12, 'm2-1': 27.16, 'm3-1': 24.77, 'm4-1': 10.78, 'm5-1': 140.16, 'm6-1': 24.4, 'm7-1': 156.93, 'm8-1': 26.8}",2.004000000000019,163.834,inf,165.17000000000002,165.17000000000002,165.17000000000002
548,T5,BESTEFFORT,COMPLETED,m1-1,55.215,"{'m1-1': 1.01, 'm2-1': 26.17, 'm3-1': 25.6, 'm4-1': 11.23, 'm5-1': 150.64, 'm6-1': 24.19, 'm7-1': 176.61, 'm8-1': 26.86}",1.5150000000000001,118.55099999999996,119.56099999999996,inf,165.215,165.215
549,T4,BESTEFFORT,MISSED,m6-1,55.226,"{'m1-1': 1.12, 'm2-1': 27.93, 'm3-1': 26.89, 'm4-1': 10.61, 'm5-1': 166.75, 'm6-1': 26.88, 'm7-1': 157.21, 'm8-1': 24.45}",1.934999999999988,163.936,inf,165.226,165.226,165.226
550,T1,BESTEFFORT,MISSED,m7-1,55.26,"{'m1-1': 1.08, 'm2-1': 25.25, 'm3-1': 26.75, 'm4-1': 11.5, 'm5-1': 150.84, 'm6-1': 25.33, 'm7-1': 147.37, 'm8-1': 27.76}",1.9200000000000017,163.98,inf,165.26,165.26,165.26
551,T5,BESTEFFORT,MISSED,m8-1,55.275,"{'m1-1': 1.04, 'm2-1': 25.69, 'm3-1': 27.96, 'm4-1': 10.27, 'm5-1': 168.81, 'm6-1': 25.8, 'm7-1': 173.03, 'm8-1': 24.68}",1.0334999999999894,164.586,inf,165.275,165.275,165.275
552,T1,BESTEFFORT,COMPLETED,m1-1,55.384,"{'m1-1': 1.01, 'm2-1': 23.6, 'm3-1': 25.03, 'm4-1': 11.23, 'm5-1': 148.23, 'm6-1': 27.65, 'm7-1': 164.46, 'm8-1': 24.71}",1.5150000000000001,119.56099999999996,120.57099999999997,inf,165.38400000000001,165.38400000000001
553,T7,BESTEFFORT,MISSED,m2-1,55.432,"{'m1-1': 0.97, 'm2-1': 26.6, 'm3-1': 26.79, 'm4-1': 11.44, 'm5-1': 162.62, 'm6-1': 25.19, 'm7-1': 151.61, 'm8-1': 25.8}",1.006500000000031,164.761,inf,165.43200000000002,165.43200000000002,165.43200000000002
554,T10,BESTEFFORT,MISSED,m4-1,55.534,"{'m1-1': 1.07, 'm2-1': 25.42, 'm3-1': 25.67, 'm4-1': 10.81, 'm5-1': 167.0, 'm6-1': 28.46, 'm7-1': 152.93, 'm8-1': 26.43}",0.9584999999999724,164.895,inf,165.534,165.534,165.534
555,T1,BESTEFFORT,MISSED,m3-1,55.653,"{'m1-1': 1.17, 'm2-1': 24.36, 'm3-1': 25.3, 'm4-1': 10.87, 'm5-1': 158.89, 'm6-1': 24.67, 'm7-1': 151.72, 'm8-1': 25.34}",1.1729999999999734,164.871,inf,165.653,165.653,165.653
556,T6,BESTEFFORT,MISSED,m4-1,55.751,"{'m1-1': 1.11, 'm2-1': 27.47, 'm3-1': 25.5, 'm4-1': 11.31, 'm5-1': 146.05, 'm6-1': 28.0, 'm7-1': 162.72, 'm8-1': 26.04}",0.32550000000001944,165.534,inf,165.751,165.751,165.751
557,T1,BESTEFFORT,MISSED,m5-1,56.069,"{'m1-1': 1.02, 'm2-1': 25.33, 'm3-1': 25.49, 'm4-1': 11.14, 'm5-1': 159.26, 'm6-1': 27.08, 'm7-1': 152.51, 'm8-1': 24.62}",1.3485000000000014,165.17000000000002,inf,166.06900000000002,166.06900000000002,166.06900000000002
558,T1,BESTEFFORT,MISSED,m6-1,56.086,"{'m1-1': 1.07, 'm2-1': 24.68, 'm3-1': 24.79, 'm4-1': 10.7, 'm5-1': 165.02, 'm6-1': 27.07, 'm7-1': 172.56, 'm8-1': 26.45}",1.2900000000000205,165.226,inf,166.086,166.086,166.086
559,T3,BESTEFFORT,MISSED,m7-1,56.156,"{'m1-1': 1.08, 'm2-1': 28.12, 'm3-1': 25.06, 'm4-1': 11.53, 'm5-1': 160.27, 'm6-1': 25.54, 'm7-1': 150.89, 'm8-1': 27.65}",1.3440000000000225,165.26,inf,166.156,166.156,166.156
560,T9,BESTEFFORT,MISSED,m8-1,56.171,"{'m1-1': 0.95, 'm2-1': 24.87, 'm3-1': 24.25, 'm4-1': 11.22, 'm5-1': 148.06, 'm6-1': 27.44, 'm7-1': 158.79, 'm8-1': 28.0}",1.3439999999999799,165.275,inf,166.171,166.171,166.171
561,T9,BESTEFFORT,COMPLETED,m1-1,56.286,"{'m1-1': 1.01, 'm2-1': 28.92, 'm3-1': 27.39, 'm4-1': 9.98, 'm5-1': 163.57, 'm6-1': 24.68, 'm7-1': 148.92, 'm8-1': 26.46}",1.5150000000000001,120.57099999999997,121.58099999999997,inf,166.286,166.286
562,T6,BESTEFFORT,COMPLETED,m1-1,56.49,"{'m1-1': 0.99, 'm2-1': 24.86, 'm3-1': 25.43, 'm4-1': 9.9, 'm5-1': 150.58, 'm6-1': 27.31, 'm7-1': 160.54, 'm8-1': 26.96}",1.4849999999999999,121.58099999999997,122.57099999999997,inf,166.49,166.49
563,T4,BESTEFFORT,MISSED,m2-1,56.795,"{'m1-1': 1.07, 'm2-1': 23.83, 'm3-1': 28.05, 'm4-1': 10.29, 'm5-1': 149.36, 'm6-1': 23.9, 'm7-1': 152.4, 'm8-1': 27.65}",2.0444999999999993,165.43200000000002,inf,166.79500000000002,166.79500000000002,166.79500000000002
564,T1,BESTEFFORT,MISSED,m3-1,57.042,"{'m1-1': 1.13, 'm2-1': 25.15, 'm3-1': 27.45, 'm4-1': 11.43, 'm5-1': 147.14, 'm6-1': 28.05, 'm7-1': 160.64, 'm8-1': 27.17}",2.083500000000015,165.653,inf,167.042,167.042,167.042
565,T2,BESTEFFORT,MISSED,m4-1,57.077,"{'m1-1': 0.94, 'm2-1': 23.7, 'm3-1': 28.76, 'm4-1': 10.29, 'm5-1': 139.98, 'm6-1': 28.99, 'm7-1': 159.68, 'm8-1': 26.44}",1.98899999999999,165.751,inf,167.077,167.077,167.077
566,T10,BESTEFFORT,MISSED,m5-1,57.206,"{'m1-1': 1.13, 'm2-1': 26.7, 'm3-1': 23.7, 'm4-1': 9.42, 'm5-1': 166.66, 'm6-1': 26.86, 'm7-1': 175.7, 'm8-1': 25.78}",1.7055000000000007,166.06900000000002,inf,167.20600000000002,167.20600000000002,167.20600000000002
567,T7,BESTEFFORT,MISSED,m6-1,57.214,"{'m1-1': 1.05, 'm2-1': 25.94, 'm3-1': 27.56, 'm4-1': 11.66, 'm5-1': 144.04, 'm6-1': 27.71, 'm7-1': 154.4, 'm8-1': 28.87}",1.6919999999999789,166.086,inf,167.214,167.214,167.214
568,T9,BESTEFFORT,COMPLETED,m1-1,57.338,"{'m1-1': 1.03, 'm2-1': 27.42, 'm3-1': 28.54, 'm4-1': 11.04, 'm5-1': 157.2, 'm6-1': 25.36, 'm7-1': 145.71, 'm8-1': 24.67}",1.545,122.57099999999997,123.60099999999997,inf,167.338,167.338
569,T3,BESTEFFORT,MISSED,m7-1,57.436,"{'m1-1': 1.11, 'm2-1': 24.94, 'm3-1': 26.08, 'm4-1': 10.11, 'm5-1': 164.78, 'm6-1': 26.87, 'm7-1': 158.4, 'm8-1': 25.18}",1.9200000000000017,166.156,inf,167.436,167.436,167.436
570,T7,BESTEFFORT,MISSED,m8-1,57.438,"{'m1-1': 0.98, 'm2-1': 26.36, 'm3-1': 28.8, 'm4-1': 10.12, 'm5-1': 155.77, 'm6-1': 25.8, 'm7-1': 146.04, 'm8-1': 28.36}",1.9004999999999939,166.171,inf,167.438,167.438,167.438
571,T8,BESTEFFORT,COMPLETED,m1-1,57.6,"{'m1-1': 0.95, 'm2-1': 26.49, 'm3-1': 25.14, 'm4-1': 10.34, 'm5-1': 163.94, 'm6-1': 24.98, 'm7-1': 155.38, 'm8-1': 27.16}",1.4249999999999998,123.60099999999997,124.55099999999997,inf,167.6,167.6
572,T3,BESTEFFORT,MISSED,m2-1,57.605,"{'m1-1': 1.05, 'm2-1': 26.82, 'm3-1': 27.47, 'm4-1': 10.28, 'm5-1': 172.42, 'm6-1': 27.44, 'm7-1': 169.46, 'm8-1': 25.38}",1.2149999999999608,166.79500000000002,inf,167.605,167.605,167.605
573,T7,BESTEFFORT,MISSED,m3-1,57.645,"{'m1-1': 1.07, 'm2-1': 26.4, 'm3-1': 26.02, 'm4-1': 11.37, 'm5-1': 158.44, 'm6-1': 26.42, 'm7-1': 166.98, 'm8-1': 25.09}",0.904500000000013,167.042,inf,167.645,167.645,167.645
574,T8,BESTEFFORT,MISSED,m4-1,57.775,"{'m1-1': 1.06, 'm2-1': 26.96, 'm3-1': 27.93, 'm4-1': 10.2, 'm5-1': 178.99, 'm6-1': 27.52, 'm7-1': 150.87, 'm8-1': 26.1}",1.0470000000000113,167.077,inf,167.775,167.775,167.775
575,T2,BESTEFFORT,MISSED,m5-1,57.896,"{'m1-1': 0.97, 'm2-1': 24.18, 'm3-1': 26.93, 'm4-1': 9.97, 'm5-1': 154.84, 'm6-1': 26.9, 'm7-1': 168.0, 'm8-1': 25.35}",1.0349999999999966,167.20600000000002,inf,167.89600000000002,167.89600000000002,167.89600000000002
576,T7,BESTEFFORT,MISSED,m6-1,58.075,"{'m1-1': 1.02, 'm2-1': 25.39, 'm3-1': 27.44, 'm4-1': 11.06, 'm5-1': 148.47, 'm6-1': 28.75, 'm7-1': 154.04, 'm8-1': 26.64}",1.291499999999985,167.214,inf,168.075,168.075,168.075
577,T5,BESTEFFORT,MISSED,m7-1,58.182,"{'m1-1': 1.01, 'm2-1': 26.89, 'm3-1': 25.82, 'm4-1': 9.96, 'm5-1': 177.28, 'm6-1': 25.61, 'm7-1': 158.7, 'm8-1': 28.56}",1.119000000000014,167.436,inf,168.18200000000002,168.18200000000002,168.18200000000002
578,T3,BESTEFFORT,MISSED,m8-1,58.22,"{'m1-1': 1.03, 'm2-1': 26.16, 'm3-1': 26.49, 'm4-1': 11.08, 'm5-1': 173.59, 'm6-1': 27.6, 'm7-1': 149.23, 'm8-1': 25.42}",1.173000000000016,167.438,inf,168.22,168.22,168.22
579,T5,BESTEFFORT,COMPLETED,m1-1,58.284,"{'m1-1': 1.02, 'm2-1': 26.89, 'm3-1': 27.14, 'm4-1': 9.69, 'm5-1': 174.89, 'm6-1': 25.54, 'm7-1': 173.33, 'm8-1': 29.21}",1.53,124.55099999999997,125.57099999999997,inf,168.284,168.284
580,T2,BESTEFFORT,COMPLETED,m1-1,58.503,"{'m1-1': 0.95, 'm2-1': 24.56, 'm3-1': 27.48, 'm4-1': 10.06, 'm5-1': 142.34, 'm6-1': 26.58, 'm7-1': 160.16, 'm8-1': 26.19}",1.4249999999999998,125.57099999999997,126.52099999999997,inf,168.503,168.503
581,T5,BESTEFFORT,MISSED,m2-1,58.538,"{'m1-1': 1.06, 'm2-1': 27.56, 'm3-1': 27.65, 'm4-1': 11.0, 'm5-1': 168.33, 'm6-1': 26.19, 'm7-1': 165.79, 'm8-1': 26.7}",1.3995000000000317,167.605,inf,168.538,168.538,168.538
582,T2,BESTEFFORT,MISSED,m3-1,58.629,"{'m1-1': 1.03, 'm2-1': 25.12, 'm3-1': 26.38, 'm4-1': 10.38, 'm5-1': 162.61, 'm6-1': 26.12, 'm7-1': 167.33, 'm8-1': 28.3}",1.4759999999999707,167.645,inf,168.629,168.629,168.629
583,T6,BESTEFFORT,MISSED,m4-1,58.707,"{'m1-1': 1.01, 'm2-1': 24.55, 'm3-1': 24.95, 'm4-1': 10.33, 'm5-1': 160.97, 'm6-1': 24.6, 'm7-1': 156.71, 'm8-1': 24.42}",1.397999999999982,167.775,inf,168.707,168.707,168.707
584,T6,BESTEFFORT,MISSED,m5-1,58.796,"{'m1-1': 1.07, 'm2-1': 25.14, 'm3-1': 26.33, 'm4-1': 11.06, 'm5-1': 148.26, 'm6-1': 28.05, 'm7-1': 156.94, 'm8-1': 23.92}",1.349999999999966,167.89600000000002,inf,168.796,168.796,168.796
585,T6,BESTEFFORT,MISSED,m6-1,58.824,"{'m1-1': 0.97, 'm2-1': 26.26, 'm3-1': 28.06, 'm4-1': 10.24, 'm5-1': 146.47, 'm6-1': 25.06, 'm7-1': 159.18, 'm8-1': 24.69}",1.1235000000000355,168.075,inf,168.824,168.824,168.824
586,T10,BESTEFFORT,MISSED,m7-1,58.844,"{'m1-1': 1.15, 'm2-1': 25.95, 'm3-1': 27.37, 'm4-1': 10.69, 'm5-1': 163.93, 'm6-1': 25.05, 'm7-1': 170.05, 'm8-1': 25.66}",0.9929999999999666,168.18200000000002,inf,168.844,168.844,168.844
587,T5,BESTEFFORT,MISSED,m8-1,59.036,"{'m1-1': 1.14, 'm2-1': 26.28, 'm3-1': 26.59, 'm4-1': 10.76, 'm5-1': 156.04, 'm6-1': 23.65, 'm7-1': 166.3, 'm8-1': 26.88}",1.2240000000000038,168.22,inf,169.036,169.036,169.036
588,T5,BESTEFFORT,COMPLETED,m1-1,59.217,"{'m1-1': 1.12, 'm2-1': 24.18, 'm3-1': 26.88, 'm4-1': 9.73, 'm5-1': 173.97, 'm6-1': 24.81, 'm7-1': 163.52, 'm8-1': 24.82}",1.6800000000000002,126.52099999999997,127.64099999999998,inf,169.21699999999998,169.21699999999998
589,T4,BESTEFFORT,MISSED,m2-1,59.256,"{'m1-1': 1.15, 'm2-1': 26.22, 'm3-1': 27.58, 'm4-1': 11.04, 'm5-1': 164.96, 'm6-1': 25.65, 'm7-1': 171.12, 'm8-1': 28.44}",1.076999999999984,168.538,inf,169.256,169.256,169.256
590,T6,BESTEFFORT,MISSED,m3-1,59.298,"{'m1-1': 1.03, 'm2-1': 27.78, 'm3-1': 24.78, 'm4-1': 10.03, 'm5-1': 155.71, 'm6-1': 27.57, 'm7-1': 148.2, 'm8-1': 25.16}",1.0035000000000167,168.629,inf,169.298,169.298,169.298
591,T4,BESTEFFORT,MISSED,m4-1,59.309,"{'m1-1': 1.04, 'm2-1': 26.42, 'm3-1': 24.96, 'm4-1': 9.98, 'm5-1': 159.68, 'm6-1': 27.21, 'm7-1': 172.62, 'm8-1': 26.65}",0.9030000000000058,168.707,inf,169.309,169.309,169.309
592,T3,BESTEFFORT,COMPLETED,m1-1,59.374,"{'m1-1': 1.0, 'm2-1': 27.2, 'm3-1': 25.99, 'm4-1': 10.47, 'm5-1': 155.72, 'm6-1': 26.97, 'm7-1': 148.21, 'm8-1': 26.14}",1.5,127.64099999999998,128.64099999999996,inf,169.374,169.374
593,T10,BESTEFFORT,MISSED,m5-1,59.385,"{'m1-1': 1.04, 'm2-1': 25.24, 'm3-1': 25.47, 'm4-1': 10.21, 'm5-1': 158.24, 'm6-1': 27.45, 'm7-1': 162.01, 'm8-1': 25.27}",0.883499999999998,168.796,inf,169.385,169.385,169.385
594,T7,BESTEFFORT,MISSED,m6-1,59.467,"{'m1-1': 0.95, 'm2-1': 24.61, 'm3-1': 28.85, 'm4-1': 10.8, 'm5-1': 147.43, 'm6-1': 26.41, 'm7-1': 166.24, 'm8-1': 26.83}",0.9644999999999584,168.824,inf,169.46699999999998,169.46699999999998,169.46699999999998
595,T2,BESTEFFORT,MISSED,m7-1,59.544,"{'m1-1': 1.08, 'm2-1': 25.29, 'm3-1': 28.63, 'm4-1': 10.02, 'm5-1': 156.02, 'm6-1': 26.88, 'm7-1': 149.51, 'm8-1': 24.98}",1.049999999999983,168.844,inf,169.54399999999998,169.54399999999998,169.54399999999998
596,T2,BESTEFFORT,MISSED,m8-1,59.563,"{'m1-1': 0.98, 'm2-1': 25.27, 'm3-1': 27.24, 'm4-1': 10.81, 'm5-1': 146.83, 'm6-1': 28.69, 'm7-1': 156.06, 'm8-1': 27.19}",0.7904999999999802,169.036,inf,169.563,169.563,169.563
597,T2,BESTEFFORT,COMPLETED,m1-1,59.584,"{'m1-1': 0.96, 'm2-1': 25.16, 'm3-1': 29.04, 'm4-1': 10.26, 'm5-1': 141.47, 'm6-1': 28.87, 'm7-1': 163.76, 'm8-1': 26.08}",1.44,128.64099999999996,129.60099999999997,inf,169.584,169.584
598,T5,BESTEFFORT,MISSED,m2-1,59.69,"{'m1-1': 1.07, 'm2-1': 23.55, 'm3-1': 26.86, 'm4-1': 10.94, 'm5-1': 162.06, 'm6-1': 24.32, 'm7-1': 150.08, 'm8-1': 28.26}",0.6509999999999962,169.256,inf,169.69,169.69,169.69
599,T8,BESTEFFORT,MISSED,m3-1,59.699,"{'m1-1': 1.02, 'm2-1': 27.31, 'm3-1': 26.01, 'm4-1': 10.16, 'm5-1': 162.12, 'm6-1': 24.77, 'm7-1': 172.79, 'm8-1': 24.4}",0.6015000000000157,169.298,inf,169.699,169.699,169.699
600,T9,BESTEFFORT,MISSED,m4-1,59.701,"{'m1-1': 1.06, 'm2-1': 26.39, 'm3-1': 25.85, 'm4-1': 11.54, 'm5-1': 155.61, 'm6-1': 25.14, 'm7-1': 156.16, 'm8-1': 25.91}",0.5879999999999939,169.309,inf,169.701,169.701,169.701
601,T6,BESTEFFORT,MISSED,m5-1,59.886,"{'m1-1': 1.0, 'm2-1': 24.19, 'm3-1': 25.95, 'm4-1': 10.6, 'm5-1': 164.53, 'm6-1': 24.65, 'm7-1': 155.2, 'm8-1': 26.04}",0.7515000000000072,169.385,inf,169.886,169.886,169.886
602,T5,BESTEFFORT,MISSED,m6-1,59.907,"{'m1-1': 1.01, 'm2-1': 23.48, 'm3-1': 25.99, 'm4-1': 10.76, 'm5-1': 176.26, 'm6-1': 24.25, 'm7-1': 168.16, 'm8-1': 27.56}",0.6599999999999966,169.46699999999998,inf,169.90699999999998,169.90699999999998,169.90699999999998
603,T10,BESTEFFORT,MISSED,m7-1,59.981,"{'m1-1': 1.11, 'm2-1': 25.39, 'm3-1': 27.0, 'm4-1': 9.32, 'm5-1': 148.98, 'm6-1': 25.46, 'm7-1': 156.08, 'm8-1': 26.43}",0.6555000000000177,169.54399999999998,inf,169.981,169.981,169.981
604,T5,BESTEFFORT,MISSED,m8-1,60.028,"{'m1-1': 0.99, 'm2-1': 24.92, 'm3-1': 25.99, 'm4-1': 10.71, 'm5-1': 151.46, 'm6-1': 27.09, 'm7-1': 167.97, 'm8-1': 25.25}",0.6975000000000051,169.563,inf,170.028,170.028,170.028
605,T5,BESTEFFORT,COMPLETED,m1-1,60.121,"{'m1-1': 1.13, 'm2-1': 24.11, 'm3-1': 25.82, 'm4-1': 9.7, 'm5-1': 161.69, 'm6-1': 25.38, 'm7-1': 160.26, 'm8-1': 25.33}",1.6949999999999998,129.60099999999997,130.73099999999997,inf,170.121,170.121
606,T4,BESTEFFORT,MISSED,m2-1,60.291,"{'m1-1': 1.13, 'm2-1': 27.72, 'm3-1': 23.96, 'm4-1': 9.54, 'm5-1': 173.51, 'm6-1': 25.35, 'm7-1': 153.5, 'm8-1': 26.51}",0.9014999999999986,169.69,inf,170.291,170.291,170.291
607,T1,BESTEFFORT,MISSED,m3-1,60.311,"{'m1-1': 1.02, 'm2-1': 26.42, 'm3-1': 28.12, 'm4-1': 11.36, 'm5-1': 157.23, 'm6-1': 26.21, 'm7-1': 165.61, 'm8-1': 27.98}",0.9179999999999922,169.699,inf,170.311,170.311,170.311
608,T9,BESTEFFORT,COMPLETED,m1-1,60.529,"{'m1-1': 0.98, 'm2-1': 29.31, 'm3-1': 26.79, 'm4-1': 10.27, 'm5-1': 163.33, 'm6-1': 27.06, 'm7-1': 152.06, 'm8-1': 25.81}",1.47,130.73099999999997,131.71099999999996,inf,170.529,170.529
609,T7,BESTEFFORT,MISSED,m4-1,60.636,"{'m1-1': 0.98, 'm2-1': 27.98, 'm3-1': 26.52, 'm4-1': 11.04, 'm5-1': 158.72, 'm6-1': 25.65, 'm7-1': 163.86, 'm8-1': 25.95}",1.4025000000000034,169.701,inf,170.636,170.636,170.636
610,T6,BESTEFFORT,MISSED,m5-1,60.729,"{'m1-1': 0.98, 'm2-1': 26.44, 'm3-1': 28.28, 'm4-1': 9.79, 'm5-1': 160.86, 'm6-1': 26.5, 'm7-1': 164.56, 'm8-1': 24.1}",1.264499999999984,169.886,inf,170.72899999999998,170.72899999999998,170.72899999999998
611,T5,BESTEFFORT,MISSED,m6-1,60.751,"{'m1-1': 1.0, 'm2-1': 25.01, 'm3-1': 26.62, 'm4-1': 10.78, 'm5-1': 163.66, 'm6-1': 25.62, 'm7-1': 154.66, 'm8-1': 26.55}",1.2660000000000338,169.90699999999998,inf,170.751,170.751,170.751
612,T10,BESTEFFORT,MISSED,m7-1,60.858,"{'m1-1': 1.04, 'm2-1': 27.26, 'm3-1': 25.45, 'm4-1': 10.61, 'm5-1': 165.97, 'm6-1': 27.56, 'm7-1': 159.18, 'm8-1': 28.79}",1.3155000000000143,169.981,inf,170.858,170.858,170.858
613,T3,BESTEFFORT,MISSED,m8-1,61.063,"{'m1-1': 1.04, 'm2-1': 27.82, 'm3-1': 26.92, 'm4-1': 10.88, 'm5-1': 146.35, 'm6-1': 27.02, 'm7-1': 162.29, 'm8-1': 24.92}",1.5524999999999949,170.028,inf,171.063,171.063,171.063
614,T5,BESTEFFORT,COMPLETED,m1-1,61.201,"{'m1-1': 1.16, 'm2-1': 27.3, 'm3-1': 25.4, 'm4-1': 10.16, 'm5-1': 165.9, 'm6-1': 26.77, 'm7-1': 161.79, 'm8-1': 26.3}",1.7399999999999998,131.71099999999996,132.87099999999995,inf,171.201,171.201
615,T8,BESTEFFORT,MISSED,m2-1,61.236,"{'m1-1': 1.06, 'm2-1': 25.74, 'm3-1': 24.89, 'm4-1': 9.95, 'm5-1': 179.1, 'm6-1': 25.99, 'm7-1': 149.71, 'm8-1': 23.32}",1.4174999999999898,170.291,inf,171.236,171.236,171.236
616,T1,BESTEFFORT,MISSED,m3-1,61.362,"{'m1-1': 1.0, 'm2-1': 26.04, 'm3-1': 25.24, 'm4-1': 11.61, 'm5-1': 165.42, 'm6-1': 26.5, 'm7-1': 170.34, 'm8-1': 28.07}",1.5764999999999816,170.311,inf,171.362,171.362,171.362
617,T9,BESTEFFORT,MISSED,m4-1,61.376,"{'m1-1': 0.99, 'm2-1': 26.18, 'm3-1': 26.83, 'm4-1': 10.98, 'm5-1': 161.13, 'm6-1': 24.69, 'm7-1': 163.49, 'm8-1': 25.59}",1.1100000000000136,170.636,inf,171.376,171.376,171.376
618,T9,BESTEFFORT,MISSED,m5-1,61.442,"{'m1-1': 0.95, 'm2-1': 29.24, 'm3-1': 26.33, 'm4-1': 10.12, 'm5-1': 156.84, 'm6-1': 27.77, 'm7-1': 156.34, 'm8-1': 24.31}",1.0695000000000334,170.72899999999998,inf,171.442,171.442,171.442
619,T4,BESTEFFORT,MISSED,m6-1,61.504,"{'m1-1': 1.02, 'm2-1': 27.45, 'm3-1': 26.97, 'm4-1': 10.82, 'm5-1': 156.6, 'm6-1': 24.51, 'm7-1': 162.48, 'm8-1': 25.54}",1.1294999999999789,170.751,inf,171.504,171.504,171.504
620,T10,BESTEFFORT,COMPLETED,m1-1,61.64,"{'m1-1': 1.04, 'm2-1': 24.21, 'm3-1': 26.88, 'm4-1': 10.86, 'm5-1': 159.24, 'm6-1': 26.92, 'm7-1': 160.31, 'm8-1': 29.31}",1.56,132.87099999999995,133.91099999999994,inf,171.64,171.64
621,T2,BESTEFFORT,MISSED,m7-1,61.678,"{'m1-1': 1.01, 'm2-1': 25.96, 'm3-1': 25.14, 'm4-1': 11.07, 'm5-1': 147.5, 'm6-1': 26.15, 'm7-1': 170.06, 'm8-1': 24.52}",1.2299999999999898,170.858,inf,171.678,171.678,171.678
622,T7,BESTEFFORT,MISSED,m8-1,62.093,"{'m1-1': 1.08, 'm2-1': 25.12, 'm3-1': 27.3, 'm4-1': 10.61, 'm5-1': 153.91, 'm6-1': 28.46, 'm7-1': 154.47, 'm8-1': 26.23}",1.5450000000000443,171.063,inf,172.09300000000002,172.09300000000002,172.09300000000002
623,T1,BESTEFFORT,COMPLETED,m1-1,62.207,"{'m1-1': 1.15, 'm2-1': 25.29, 'm3-1': 28.12, 'm4-1': 11.29, 'm5-1': 141.21, 'm6-1': 24.81, 'm7-1': 159.26, 'm8-1': 26.28}",1.7249999999999999,133.91099999999994,135.06099999999995,inf,172.207,172.207
624,T10,BESTEFFORT,MISSED,m2-1,62.227,"{'m1-1': 1.05, 'm2-1': 24.35, 'm3-1': 24.96, 'm4-1': 9.29, 'm5-1': 164.96, 'm6-1': 25.61, 'm7-1': 163.25, 'm8-1': 25.52}",1.4865000000000208,171.236,inf,172.227,172.227,172.227
625,T4,BESTEFFORT,MISSED,m3-1,62.406,"{'m1-1': 1.12, 'm2-1': 25.23, 'm3-1': 25.17, 'm4-1': 9.95, 'm5-1': 175.04, 'm6-1': 27.09, 'm7-1': 162.22, 'm8-1': 27.73}",1.5660000000000167,171.362,inf,172.406,172.406,172.406
626,T8,BESTEFFORT,MISSED,m4-1,62.414,"{'m1-1': 1.13, 'm2-1': 26.66, 'm3-1': 29.2, 'm4-1': 11.12, 'm5-1': 163.47, 'm6-1': 26.5, 'm7-1': 174.27, 'm8-1': 27.44}",1.5569999999999737,171.376,inf,172.414,172.414,172.414
627,T3,BESTEFFORT,MISSED,m5-1,62.453,"{'m1-1': 1.02, 'm2-1': 25.8, 'm3-1': 24.13, 'm4-1': 11.69, 'm5-1': 168.82, 'm6-1': 26.41, 'm7-1': 154.41, 'm8-1': 24.37}",1.5164999999999935,171.442,inf,172.453,172.453,172.453
628,T2,BESTEFFORT,MISSED,m6-1,62.465,"{'m1-1': 1.08, 'm2-1': 23.64, 'm3-1': 28.6, 'm4-1': 10.38, 'm5-1': 157.37, 'm6-1': 29.08, 'm7-1': 171.27, 'm8-1': 26.25}",1.441500000000019,171.504,inf,172.465,172.465,172.465
629,T4,BESTEFFORT,COMPLETED,m1-1,62.563,"{'m1-1': 1.06, 'm2-1': 24.41, 'm3-1': 25.5, 'm4-1': 9.41, 'm5-1': 149.72, 'm6-1': 26.61, 'm7-1': 171.36, 'm8-1': 27.8}",1.59,135.06099999999995,136.12099999999995,inf,172.563,172.563
630,T7,BESTEFFORT,MISSED,m7-1,62.641,"{'m1-1': 0.96, 'm2-1': 28.01, 'm3-1': 25.53, 'm4-1': 11.42, 'm5-1': 141.03, 'm6-1': 25.97, 'm7-1': 148.66, 'm8-1': 29.5}",1.4444999999999908,171.678,inf,172.641,172.641,172.641
631,T2,BESTEFFORT,MISSED,m8-1,62.729,"{'m1-1': 1.03, 'm2-1': 25.63, 'm3-1': 29.33, 'm4-1': 9.49, 'm5-1': 141.6, 'm6-1': 26.72, 'm7-1': 171.33, 'm8-1': 28.03}",0.9539999999999509,172.09300000000002,inf,172.72899999999998,172.72899999999998,172.72899999999998
632,T8,BESTEFFORT,COMPLETED,m1-1,62.842,"{'m1-1': 1.04, 'm2-1': 28.15, 'm3-1': 28.32, 'm4-1': 11.31, 'm5-1': 170.78, 'm6-1': 25.72, 'm7-1': 157.31, 'm8-1': 24.22}",1.56,136.12099999999995,137.16099999999994,inf,172.84199999999998,172.84199999999998
633,T7,BESTEFFORT,MISSED,m2-1,62.898,"{'m1-1': 1.06, 'm2-1': 25.93, 'm3-1': 28.59, 'm4-1': 11.38, 'm5-1': 144.37, 'm6-1': 25.35, 'm7-1': 151.0, 'm8-1': 29.08}",1.0064999999999884,172.227,inf,172.898,172.898,172.898
634,T4,BESTEFFORT,MISSED,m3-1,63.14,"{'m1-1': 1.16, 'm2-1': 24.57, 'm3-1': 27.8, 'm4-1': 9.48, 'm5-1': 165.98, 'm6-1': 23.76, 'm7-1': 171.21, 'm8-1': 27.21}",1.1009999999999707,172.406,inf,173.14,173.14,173.14
635,T8,BESTEFFORT,MISSED,m4-1,63.263,"{'m1-1': 1.03, 'm2-1': 25.99, 'm3-1': 27.37, 'm4-1': 10.72, 'm5-1': 173.67, 'm6-1': 25.65, 'm7-1': 148.61, 'm8-1': 25.2}",1.273500000000027,172.414,inf,173.263,173.263,173.263
636,T1,BESTEFFORT,MISSED,m5-1,63.3,"{'m1-1': 1.14, 'm2-1': 27.12, 'm3-1': 27.42, 'm4-1': 11.66, 'm5-1': 156.77, 'm6-1': 25.41, 'm7-1': 166.59, 'm8-1': 27.73}",1.2705000000000126,172.453,inf,173.3,173.3,173.3
637,T4,BESTEFFORT,MISSED,m6-1,63.452,"{'m1-1': 1.1, 'm2-1': 23.75, 'm3-1': 27.05, 'm4-1': 9.95, 'm5-1': 157.91, 'm6-1': 24.69, 'm7-1': 164.68, 'm8-1': 25.41}",1.4804999999999922,172.465,inf,173.452,173.452,173.452
638,T2,BESTEFFORT,MISSED,m7-1,63.493,"{'m1-1': 0.99, 'm2-1': 26.76, 'm3-1': 27.56, 'm4-1': 9.66, 'm5-1': 143.6, 'm6-1': 27.56, 'm7-1': 168.05, 'm8-1': 26.44}",1.2780000000000058,172.641,inf,173.493,173.493,173.493
639,T5,BESTEFFORT,COMPLETED,m1-1,64.038,"{'m1-1': 1.13, 'm2-1': 25.44, 'm3-1': 24.33, 'm4-1': 10.47, 'm5-1': 156.0, 'm6-1': 27.01, 'm7-1': 166.04, 'm8-1': 26.3}",1.6949999999999998,137.16099999999994,138.29099999999994,inf,174.038,174.038
640,T9,BESTEFFORT,MISSED,m8-1,64.074,"{'m1-1': 0.98, 'm2-1': 26.11, 'm3-1': 26.0, 'm4-1': 10.1, 'm5-1': 153.09, 'm6-1': 25.44, 'm7-1': 166.91, 'm8-1': 28.18}",2.017500000000041,172.72899999999998,inf,174.074,174.074,174.074
641,T4,BESTEFFORT,COMPLETED,m1-1,64.094,"{'m1-1': 1.08, 'm2-1': 27.34, 'm3-1': 26.47, 'm4-1': 10.11, 'm5-1': 166.32, 'm6-1': 26.49, 'm7-1': 166.31, 'm8-1': 27.62}",1.62,138.29099999999994,139.37099999999995,inf,174.094,174.094
642,T6,BESTEFFORT,MISSED,m2-1,64.1,"{'m1-1': 0.97, 'm2-1': 25.07, 'm3-1': 27.3, 'm4-1': 11.11, 'm5-1': 161.98, 'm6-1': 25.76, 'm7-1': 171.94, 'm8-1': 23.68}",1.8029999999999973,172.898,inf,174.1,174.1,174.1
643,T9,BESTEFFORT,MISSED,m3-1,64.168,"{'m1-1': 0.98, 'm2-1': 25.03, 'm3-1': 26.93, 'm4-1': 10.57, 'm5-1': 162.49, 'm6-1': 24.53, 'm7-1': 148.25, 'm8-1': 27.29}",1.54200000000003,173.14,inf,174.168,174.168,174.168
644,T7,BESTEFFORT,MISSED,m4-1,64.195,"{'m1-1': 1.02, 'm2-1': 28.88, 'm3-1': 27.08, 'm4-1': 10.77, 'm5-1': 157.93, 'm6-1': 25.08, 'm7-1': 162.45, 'm8-1': 26.54}",1.397999999999982,173.263,inf,174.195,174.195,174.195
645,T8,BESTEFFORT,MISSED,m5-1,64.29,"{'m1-1': 1.11, 'm2-1': 27.17, 'm3-1': 25.97, 'm4-1': 10.48, 'm5-1': 154.48, 'm6-1': 28.28, 'm7-1': 158.59, 'm8-1': 25.85}",1.4850000000000136,173.3,inf,174.29000000000002,174.29000000000002,174.29000000000002
646,T5,BESTEFFORT,MISSED,m6-1,64.292,"{'m1-1': 1.12, 'm2-1': 25.55, 'm3-1': 26.31, 'm4-1': 9.75, 'm5-1': 176.22, 'm6-1': 24.46, 'm7-1': 150.66, 'm8-1': 26.62}",1.2600000000000051,173.452,inf,174.292,174.292,174.292
647,T3,BESTEFFORT,MISSED,m7-1,64.351,"{'m1-1': 1.14, 'm2-1': 26.1, 'm3-1': 23.86, 'm4-1': 10.67, 'm5-1': 149.6, 'm6-1': 26.68, 'm7-1': 151.51, 'm8-1': 24.13}",1.2870000000000061,173.493,inf,174.351,174.351,174.351
648,T8,BESTEFFORT,MISSED,m8-1,64.395,"{'m1-1': 1.07, 'm2-1': 26.28, 'm3-1': 29.07, 'm4-1': 10.74, 'm5-1': 171.13, 'm6-1': 25.96, 'm7-1': 173.92, 'm8-1': 24.36}",0.4814999999999543,174.074,inf,174.39499999999998,174.39499999999998,174.39499999999998
649,T4,BESTEFFORT,COMPLETED,m1-1,64.473,"{'m1-1': 1.07, 'm2-1': 27.95, 'm3-1': 26.2, 'm4-1': 10.3, 'm5-1': 164.68, 'm6-1': 25.07, 'm7-1': 159.19, 'm8-1': 25.01}",1.605,139.37099999999995,140.44099999999995,inf,174.473,174.473
650,T2,BESTEFFORT,COMPLETED,m1-1,64.799,"{'m1-1': 1.0, 'm2-1': 26.49, 'm3-1': 26.3, 'm4-1': 10.67, 'm5-1': 147.5, 'm6-1': 27.41, 'm7-1': 171.34, 'm8-1': 26.05}",1.5,140.44099999999995,141.44099999999995,inf,174.799,174.799
651,T10,BESTEFFORT,MISSED,m2-1,65.045,"{'m1-1': 1.11, 'm2-1': 25.17, 'm3-1': 23.06, 'm4-1': 9.48, 'm5-1': 159.62, 'm6-1': 26.6, 'm7-1': 172.22, 'm8-1': 25.52}",1.4175000000000324,174.1,inf,175.04500000000002,175.04500000000002,175.04500000000002
652,T1,BESTEFFORT,MISSED,m3-1,65.221,"{'m1-1': 1.12, 'm2-1': 24.14, 'm3-1': 27.64, 'm4-1': 10.82, 'm5-1': 151.06, 'm6-1': 27.51, 'm7-1': 164.56, 'm8-1': 26.72}",1.579499999999996,174.168,inf,175.221,175.221,175.221
653,T6,BESTEFFORT,COMPLETED,m1-1,65.512,"{'m1-1': 1.14, 'm2-1': 24.63, 'm3-1': 27.98, 'm4-1': 9.83, 'm5-1': 155.54, 'm6-1': 27.22, 'm7-1': 170.36, 'm8-1': 26.16}",1.71,141.44099999999995,142.58099999999993,inf,175.512,175.512
654,T3,BESTEFFORT,MISSED,m4-1,65.553,"{'m1-1': 0.98, 'm2-1': 27.66, 'm3-1': 26.87, 'm4-1': 10.36, 'm5-1': 147.22, 'm6-1': 26.34, 'm7-1': 159.57, 'm8-1': 25.99}",2.037000000000006,174.195,inf,175.553,175.553,175.553
655,T5,BESTEFFORT,MISSED,m5-1,65.609,"{'m1-1': 0.99, 'm2-1': 24.08, 'm3-1': 26.04, 'm4-1': 10.96, 'm5-1': 155.11, 'm6-1': 26.83, 'm7-1': 160.24, 'm8-1': 27.8}",1.97849999999994,174.29000000000002,inf,175.60899999999998,175.60899999999998,175.60899999999998
656,T3,BESTEFFORT,MISSED,m6-1,65.811,"{'m1-1': 1.13, 'm2-1': 24.58, 'm3-1': 25.8, 'm4-1': 10.26, 'm5-1': 165.31, 'm6-1': 24.09, 'm7-1': 147.14, 'm8-1': 23.44}",2.278500000000008,174.292,inf,175.811,175.811,175.811
657,T2,BESTEFFORT,MISSED,m7-1,65.916,"{'m1-1': 1.06, 'm2-1': 25.67, 'm3-1': 28.23, 'm4-1': 10.58, 'm5-1': 141.0, 'm6-1': 26.61, 'm7-1': 157.5, 'm8-1': 27.39}",2.3474999999999966,174.351,inf,175.916,175.916,175.916
658,T6,BESTEFFORT,MISSED,m8-1,65.972,"{'m1-1': 1.04, 'm2-1': 27.38, 'm3-1': 28.78, 'm4-1': 11.28, 'm5-1': 154.56, 'm6-1': 27.34, 'm7-1': 155.39, 'm8-1': 26.68}",2.3654999999999973,174.39499999999998,inf,175.97199999999998,175.97199999999998,175.97199999999998
659,T3,BESTEFFORT,COMPLETED,m1-1,65.979,"{'m1-1': 1.08, 'm2-1': 26.47, 'm3-1': 24.41, 'm4-1': 10.06, 'm5-1': 153.33, 'm6-1': 25.82, 'm7-1': 169.87, 'm8-1': 23.81}",1.62,142.58099999999993,143.66099999999994,inf,175.97899999999998,175.97899999999998
660,T4,BESTEFFORT,MISSED,m2-1,66.013,"{'m1-1': 1.17, 'm2-1': 25.55, 'm3-1': 27.96, 'm4-1': 10.79, 'm5-1': 149.5, 'm6-1': 26.27, 'm7-1': 165.57, 'm8-1': 27.05}",1.451999999999984,175.04500000000002,inf,176.013,176.013,176.013
661,T5,BESTEFFORT,MISSED,m3-1,66.019,"{'m1-1': 1.1, 'm2-1': 24.6, 'm3-1': 26.28, 'm4-1': 10.46, 'm5-1': 167.05, 'm6-1': 23.61, 'm7-1': 156.89, 'm8-1': 28.34}",1.1970000000000027,175.221,inf,176.019,176.019,176.019
662,T1,BESTEFFORT,MISSED,m4-1,66.109,"{'m1-1': 1.03, 'm2-1': 24.46, 'm3-1': 25.39, 'm4-1': 11.31, 'm5-1': 151.01, 'm6-1': 27.33, 'm7-1': 152.88, 'm8-1': 27.61}",0.8339999999999748,175.553,inf,176.10899999999998,176.10899999999998,176.10899999999998
663,T10,BESTEFFORT,MISSED,m5-1,66.115,"{'m1-1': 1.08, 'm2-1': 25.0, 'm3-1': 25.76, 'm4-1': 10.58, 'm5-1': 148.73, 'm6-1': 25.6, 'm7-1': 151.9, 'm8-1': 27.77}",0.759000000000043,175.60899999999998,inf,176.115,176.115,176.115
664,T1,BESTEFFORT,MISSED,m6-1,66.285,"{'m1-1': 1.03, 'm2-1': 27.39, 'm3-1': 24.3, 'm4-1': 10.35, 'm5-1': 161.22, 'm6-1': 27.88, 'm7-1': 162.0, 'm8-1': 24.4}",0.7109999999999843,175.811,inf,176.285,176.285,176.285
665,T4,BESTEFFORT,MISSED,m7-1,66.327,"{'m1-1': 1.13, 'm2-1': 25.68, 'm3-1': 27.09, 'm4-1': 9.9, 'm5-1': 173.36, 'm6-1': 25.57, 'm7-1': 154.62, 'm8-1': 24.7}",0.616500000000002,175.916,inf,176.327,176.327,176.327
666,T4,BESTEFFORT,MISSED,m8-1,66.336,"{'m1-1': 1.06, 'm2-1': 26.88, 'm3-1': 25.88, 'm4-1': 9.48, 'm5-1': 164.96, 'm6-1': 25.36, 'm7-1': 158.24, 'm8-1': 25.92}",0.5460000000000491,175.97199999999998,inf,176.336,176.336,176.336
667,T6,BESTEFFORT,COMPLETED,m1-1,66.439,"{'m1-1': 1.1, 'm2-1': 26.65, 'm3-1': 26.55, 'm4-1': 11.26, 'm5-1': 144.54, 'm6-1': 25.63, 'm7-1': 157.33, 'm8-1': 23.4}",1.6500000000000001,143.66099999999994,144.76099999999994,inf,176.439,176.439
668,T6,BESTEFFORT,COMPLETED,m1-1,66.707,"{'m1-1': 0.99, 'm2-1': 24.08, 'm3-1': 25.73, 'm4-1': 9.88, 'm5-1': 163.28, 'm6-1': 28.48, 'm7-1': 152.29, 'm8-1': 23.72}",1.4849999999999999,144.76099999999994,145.75099999999995,inf,176.707,176.707
669,T4,BESTEFFORT,MISSED,m2-1,66.753,"{'m1-1': 1.14, 'm2-1': 27.84, 'm3-1': 24.36, 'm4-1': 10.95, 'm5-1': 166.36, 'm6-1': 26.43, 'm7-1': 167.73, 'm8-1': 27.8}",1.109999999999971,176.013,inf,176.753,176.753,176.753
670,T5,BESTEFFORT,MISSED,m3-1,66.771,"{'m1-1': 1.16, 'm2-1': 27.61, 'm3-1': 25.19, 'm4-1': 9.82, 'm5-1': 154.66, 'm6-1': 22.95, 'm7-1': 174.48, 'm8-1': 28.8}",1.1280000000000143,176.019,inf,176.77100000000002,176.77100000000002,176.77100000000002
671,T5,BESTEFFORT,MISSED,m4-1,66.781,"{'m1-1': 1.08, 'm2-1': 25.51, 'm3-1': 27.65, 'm4-1': 9.67, 'm5-1': 166.14, 'm6-1': 24.57, 'm7-1': 172.63, 'm8-1': 26.3}",1.0080000000000382,176.10899999999998,inf,176.781,176.781,176.781
672,T8,BESTEFFORT,MISSED,m4-1,66.829,"{'m1-1': 0.98, 'm2-1': 27.67, 'm3-1': 29.39, 'm4-1': 10.8, 'm5-1': 167.63, 'm6-1': 25.68, 'm7-1': 156.77, 'm8-1': 26.61}",0.07200000000000273,176.781,inf,176.829,176.829,176.829
673,T4,BESTEFFORT,MISSED,m5-1,67.021,"{'m1-1': 1.04, 'm2-1': 25.98, 'm3-1': 28.32, 'm4-1': 10.18, 'm5-1': 164.08, 'm6-1': 27.69, 'm7-1': 151.41, 'm8-1': 25.9}",1.3590000000000089,176.115,inf,177.02100000000002,177.02100000000002,177.02100000000002
674,T3,BESTEFFORT,MISSED,m6-1,67.049,"{'m1-1': 1.01, 'm2-1': 24.86, 'm3-1': 26.34, 'm4-1': 10.91, 'm5-1': 169.36, 'm6-1': 24.32, 'm7-1': 151.24, 'm8-1': 25.95}",1.146000000000015,176.285,inf,177.049,177.049,177.049
675,T8,BESTEFFORT,MISSED,m7-1,67.12,"{'m1-1': 1.01, 'm2-1': 25.96, 'm3-1': 28.92, 'm4-1': 10.53, 'm5-1': 173.36, 'm6-1': 24.82, 'm7-1': 166.86, 'm8-1': 23.65}",1.1895000000000095,176.327,inf,177.12,177.12,177.12
676,T1,BESTEFFORT,MISSED,m8-1,67.151,"{'m1-1': 1.04, 'm2-1': 26.16, 'm3-1': 26.48, 'm4-1': 11.57, 'm5-1': 148.9, 'm6-1': 25.56, 'm7-1': 164.67, 'm8-1': 25.89}",1.2224999999999966,176.336,inf,177.151,177.151,177.151
677,T3,BESTEFFORT,COMPLETED,m1-1,67.813,"{'m1-1': 1.02, 'm2-1': 25.64, 'm3-1': 24.85, 'm4-1': 10.65, 'm5-1': 158.14, 'm6-1': 24.35, 'm7-1': 157.18, 'm8-1': 26.38}",1.53,145.75099999999995,146.77099999999996,inf,177.813,177.813
678,T1,BESTEFFORT,COMPLETED,m1-1,67.984,"{'m1-1': 1.15, 'm2-1': 24.2, 'm3-1': 27.45, 'm4-1': 10.59, 'm5-1': 151.96, 'm6-1': 26.59, 'm7-1': 167.35, 'm8-1': 24.66}",1.7249999999999999,146.77099999999996,147.92099999999996,inf,177.98399999999998,177.98399999999998
679,T9,BESTEFFORT,MISSED,m2-1,68.071,"{'m1-1': 0.98, 'm2-1': 25.54, 'm3-1': 27.5, 'm4-1': 10.86, 'm5-1': 143.52, 'm6-1': 28.1, 'm7-1': 149.43, 'm8-1': 24.89}",1.977000000000018,176.753,inf,178.071,178.071,178.071
680,T2,BESTEFFORT,MISSED,m3-1,68.104,"{'m1-1': 1.08, 'm2-1': 27.17, 'm3-1': 25.87, 'm4-1': 10.7, 'm5-1': 145.1, 'm6-1': 29.1, 'm7-1': 166.62, 'm8-1': 26.72}",1.999499999999955,176.77100000000002,inf,178.10399999999998,178.10399999999998,178.10399999999998
681,T6,BESTEFFORT,MISSED,m4-1,68.169,"{'m1-1': 1.02, 'm2-1': 24.97, 'm3-1': 28.07, 'm4-1': 10.26, 'm5-1': 159.01, 'm6-1': 26.52, 'm7-1': 173.53, 'm8-1': 23.37}",2.0099999999999625,176.829,inf,178.16899999999998,178.16899999999998,178.16899999999998
682,T3,BESTEFFORT,MISSED,m5-1,68.23,"{'m1-1': 1.1, 'm2-1': 27.04, 'm3-1': 27.76, 'm4-1': 11.13, 'm5-1': 172.23, 'm6-1': 27.82, 'm7-1': 146.99, 'm8-1': 24.17}",1.8135000000000048,177.02100000000002,inf,178.23000000000002,178.23000000000002,178.23000000000002
683,T2,BESTEFFORT,MISSED,m6-1,68.234,"{'m1-1': 0.93, 'm2-1': 27.4, 'm3-1': 28.06, 'm4-1': 9.56, 'm5-1': 160.4, 'm6-1': 25.3, 'm7-1': 154.5, 'm8-1': 28.03}",1.7774999999999608,177.049,inf,178.23399999999998,178.23399999999998,178.23399999999998
684,T5,BESTEFFORT,MISSED,m7-1,68.316,"{'m1-1': 1.14, 'm2-1': 24.3, 'm3-1': 24.67, 'm4-1': 11.16, 'm5-1': 175.74, 'm6-1': 23.01, 'm7-1': 156.85, 'm8-1': 26.34}",1.793999999999997,177.12,inf,178.316,178.316,178.316
685,T9,BESTEFFORT,MISSED,m8-1,68.44,"{'m1-1': 0.97, 'm2-1': 26.17, 'm3-1': 24.48, 'm4-1': 11.02, 'm5-1': 156.89, 'm6-1': 25.37, 'm7-1': 166.25, 'm8-1': 26.38}",1.933499999999981,177.151,inf,178.44,178.44,178.44
686,T3,BESTEFFORT,COMPLETED,m1-1,68.583,"{'m1-1': 1.0, 'm2-1': 25.55, 'm3-1': 25.9, 'm4-1': 11.63, 'm5-1': 154.71, 'm6-1': 24.65, 'm7-1': 168.08, 'm8-1': 27.02}",1.5,147.92099999999996,148.92099999999996,inf,178.583,178.583
687,T3,BESTEFFORT,COMPLETED,m1-1,68.858,"{'m1-1': 1.14, 'm2-1': 25.46, 'm3-1': 25.73, 'm4-1': 11.29, 'm5-1': 167.37, 'm6-1': 26.32, 'm7-1': 145.5, 'm8-1': 25.29}",1.71,148.92099999999996,150.06099999999995,inf,178.858,178.858
688,T6,BESTEFFORT,MISSED,m2-1,69.026,"{'m1-1': 0.97, 'm2-1': 25.1, 'm3-1': 26.61, 'm4-1': 10.59, 'm5-1': 165.04, 'm6-1': 28.13, 'm7-1': 164.8, 'm8-1': 26.87}",1.4325000000000188,178.071,inf,179.026,179.026,179.026
689,T8,BESTEFFORT,MISSED,m3-1,69.078,"{'m1-1': 0.98, 'm2-1': 28.11, 'm3-1': 26.16, 'm4-1': 11.61, 'm5-1': 173.17, 'm6-1': 27.7, 'm7-1': 159.62, 'm8-1': 25.36}",1.461000000000027,178.10399999999998,inf,179.078,179.078,179.078
690,T1,BESTEFFORT,MISSED,m4-1,69.255,"{'m1-1': 1.07, 'm2-1': 27.63, 'm3-1': 28.16, 'm4-1': 11.26, 'm5-1': 159.75, 'm6-1': 24.32, 'm7-1': 159.61, 'm8-1': 26.39}",1.629000000000019,178.16899999999998,inf,179.255,179.255,179.255
691,T9,BESTEFFORT,MISSED,m5-1,69.263,"{'m1-1': 1.01, 'm2-1': 24.81, 'm3-1': 26.16, 'm4-1': 10.62, 'm5-1': 152.4, 'm6-1': 25.8, 'm7-1': 165.06, 'm8-1': 27.58}",1.5494999999999806,178.23000000000002,inf,179.263,179.263,179.263
692,T5,BESTEFFORT,MISSED,m6-1,69.449,"{'m1-1': 1.06, 'm2-1': 23.97, 'm3-1': 25.74, 'm4-1': 9.63, 'm5-1': 174.86, 'm6-1': 25.53, 'm7-1': 158.59, 'm8-1': 26.1}",1.8225000000000477,178.23399999999998,inf,179.449,179.449,179.449
693,T7,BESTEFFORT,COMPLETED,m1-1,69.772,"{'m1-1': 0.99, 'm2-1': 26.88, 'm3-1': 25.84, 'm4-1': 11.61, 'm5-1': 163.57, 'm6-1': 24.31, 'm7-1': 165.88, 'm8-1': 27.08}",1.4849999999999999,150.06099999999995,151.05099999999996,inf,179.772,179.772
694,T8,BESTEFFORT,MISSED,m7-1,69.819,"{'m1-1': 1.05, 'm2-1': 25.19, 'm3-1': 27.09, 'm4-1': 10.29, 'm5-1': 170.53, 'm6-1': 27.12, 'm7-1': 175.55, 'm8-1': 25.39}",2.2545000000000215,178.316,inf,179.81900000000002,179.81900000000002,179.81900000000002
695,T4,BESTEFFORT,MISSED,m8-1,69.824,"{'m1-1': 1.02, 'm2-1': 24.97, 'm3-1': 25.51, 'm4-1': 10.46, 'm5-1': 155.83, 'm6-1': 27.38, 'm7-1': 164.19, 'm8-1': 28.29}",2.076000000000022,178.44,inf,179.824,179.824,179.824
696,T9,BESTEFFORT,COMPLETED,m1-1,69.895,"{'m1-1': 0.97, 'm2-1': 26.01, 'm3-1': 24.4, 'm4-1': 11.35, 'm5-1': 154.3, 'm6-1': 24.06, 'm7-1': 149.56, 'm8-1': 25.35}",1.455,151.05099999999996,152.02099999999996,inf,179.89499999999998,179.89499999999998
697,T2,BESTEFFORT,MISSED,m2-1,69.967,"{'m1-1': 0.99, 'm2-1': 25.21, 'm3-1': 26.65, 'm4-1': 10.55, 'm5-1': 138.52, 'm6-1': 26.57, 'm7-1': 162.98, 'm8-1': 25.21}",1.4114999999999611,179.026,inf,179.96699999999998,179.96699999999998,179.96699999999998
698,T4,BESTEFFORT,MISSED,m3-1,69.975,"{'m1-1': 1.04, 'm2-1': 26.92, 'm3-1': 27.65, 'm4-1': 9.7, 'm5-1': 157.22, 'm6-1': 27.77, 'm7-1': 162.77, 'm8-1': 27.78}",1.345499999999987,179.078,inf,179.975,179.975,179.975
699,T4,BESTEFFORT,MISSED,m4-1,70.173,"{'m1-1': 1.17, 'm2-1': 23.99, 'm3-1': 24.01, 'm4-1': 10.71, 'm5-1': 148.29, 'm6-1': 26.95, 'm7-1': 158.15, 'm8-1': 27.56}",1.3770000000000095,179.255,inf,180.173,180.173,180.173
700,T8,BESTEFFORT,MISSED,m5-1,70.335,"{'m1-1': 0.95, 'm2-1': 24.77, 'm3-1': 26.33, 'm4-1': 10.82, 'm5-1': 169.76, 'm6-1': 28.11, 'm7-1': 165.76, 'm8-1': 25.03}",1.6079999999999615,179.263,inf,180.33499999999998,180.33499999999998,180.33499999999998
701,T3,BESTEFFORT,MISSED,m6-1,70.389,"{'m1-1': 1.08, 'm2-1': 26.3, 'm3-1': 24.1, 'm4-1': 10.3, 'm5-1': 154.91, 'm6-1': 24.72, 'm7-1': 169.98, 'm8-1': 24.32}",1.4099999999999966,179.449,inf,180.389,180.389,180.389
702,T9,BESTEFFORT,MISSED,m7-1,70.461,"{'m1-1': 1.11, 'm2-1': 28.26, 'm3-1': 25.4, 'm4-1': 11.2, 'm5-1': 145.77, 'm6-1': 26.43, 'm7-1': 148.63, 'm8-1': 25.62}",0.9629999999999939,179.81900000000002,inf,180.461,180.461,180.461
703,T8,BESTEFFORT,MISSED,m8-1,70.547,"{'m1-1': 1.05, 'm2-1': 25.14, 'm3-1': 27.33, 'm4-1': 11.4, 'm5-1': 162.22, 'm6-1': 25.15, 'm7-1': 163.09, 'm8-1': 23.6}",1.0844999999999771,179.824,inf,180.547,180.547,180.547
704,T5,BESTEFFORT,COMPLETED,m1-1,70.61,"{'m1-1': 1.16, 'm2-1': 25.83, 'm3-1': 25.95, 'm4-1': 10.37, 'm5-1': 172.89, 'm6-1': 27.08, 'm7-1': 174.42, 'm8-1': 28.31}",1.7399999999999998,152.02099999999996,153.18099999999995,inf,180.61,180.61
705,T5,BESTEFFORT,MISSED,m2-1,70.62,"{'m1-1': 1.07, 'm2-1': 25.74, 'm3-1': 26.1, 'm4-1': 10.85, 'm5-1': 157.33, 'm6-1': 25.3, 'm7-1': 162.33, 'm8-1': 28.18}",0.97950000000003,179.96699999999998,inf,180.62,180.62,180.62
706,T3,BESTEFFORT,MISSED,m3-1,70.705,"{'m1-1': 1.12, 'm2-1': 27.95, 'm3-1': 25.42, 'm4-1': 10.37, 'm5-1': 165.11, 'm6-1': 27.9, 'm7-1': 153.93, 'm8-1': 26.43}",1.0949999999999847,179.975,inf,180.70499999999998,180.70499999999998,180.70499999999998
707,T10,BESTEFFORT,COMPLETED,m1-1,70.807,"{'m1-1': 1.11, 'm2-1': 23.61, 'm3-1': 24.4, 'm4-1': 10.69, 'm5-1': 153.74, 'm6-1': 28.92, 'm7-1': 157.55, 'm8-1': 27.67}",1.665,153.18099999999995,154.29099999999997,inf,180.80700000000002,180.80700000000002
708,T8,BESTEFFORT,MISSED,m4-1,70.831,"{'m1-1': 1.04, 'm2-1': 24.25, 'm3-1': 29.39, 'm4-1': 10.7, 'm5-1': 155.64, 'm6-1': 27.02, 'm7-1': 153.42, 'm8-1': 24.23}",0.9870000000000232,180.173,inf,180.83100000000002,180.83100000000002,180.83100000000002
709,T8,BESTEFFORT,MISSED,m5-1,71.062,"{'m1-1': 1.03, 'm2-1': 24.4, 'm3-1': 28.27, 'm4-1': 11.48, 'm5-1': 155.5, 'm6-1': 26.37, 'm7-1': 171.41, 'm8-1': 24.2}",1.0905000000000484,180.33499999999998,inf,181.062,181.062,181.062
710,T3,BESTEFFORT,MISSED,m6-1,71.102,"{'m1-1': 1.1, 'm2-1': 28.12, 'm3-1': 27.18, 'm4-1': 11.28, 'm5-1': 173.53, 'm6-1': 24.48, 'm7-1': 155.01, 'm8-1': 24.66}",1.0694999999999908,180.389,inf,181.102,181.102,181.102
711,T7,BESTEFFORT,MISSED,m7-1,71.133,"{'m1-1': 1.06, 'm2-1': 26.43, 'm3-1': 26.18, 'm4-1': 10.84, 'm5-1': 150.24, 'm6-1': 27.68, 'm7-1': 167.97, 'm8-1': 25.48}",1.007999999999953,180.461,inf,181.13299999999998,181.13299999999998,181.13299999999998
712,T2,BESTEFFORT,MISSED,m8-1,71.229,"{'m1-1': 0.95, 'm2-1': 23.66, 'm3-1': 25.54, 'm4-1': 11.13, 'm5-1': 145.35, 'm6-1': 25.65, 'm7-1': 155.51, 'm8-1': 27.79}",1.022999999999982,180.547,inf,181.22899999999998,181.22899999999998,181.22899999999998
713,T3,BESTEFFORT,COMPLETED,m1-1,71.467,"{'m1-1': 1.05, 'm2-1': 27.22, 'm3-1': 26.44, 'm4-1': 10.47, 'm5-1': 147.02, 'm6-1': 27.52, 'm7-1': 150.74, 'm8-1': 24.51}",1.5750000000000002,154.29099999999997,155.34099999999998,inf,181.46699999999998,181.46699999999998
714,T4,BESTEFFORT,MISSED,m2-1,71.56,"{'m1-1': 1.14, 'm2-1': 25.44, 'm3-1': 27.87, 'm4-1': 10.58, 'm5-1': 157.12, 'm6-1': 23.99, 'm7-1': 159.07, 'm8-1': 28.29}",1.4099999999999966,180.62,inf,181.56,181.56,181.56
715,T6,BESTEFFORT,MISSED,m3-1,71.632,"{'m1-1': 1.08, 'm2-1': 25.08, 'm3-1': 28.95, 'm4-1': 10.25, 'm5-1': 159.24, 'm6-1': 25.81, 'm7-1': 147.41, 'm8-1': 26.81}",1.3905000000000314,180.70499999999998,inf,181.632,181.632,181.632
716,T9,BESTEFFORT,COMPLETED,m1-1,71.757,"{'m1-1': 0.98, 'm2-1': 25.97, 'm3-1': 24.15, 'm4-1': 10.68, 'm5-1': 141.23, 'm6-1': 25.03, 'm7-1': 152.45, 'm8-1': 25.55}",1.47,155.34099999999998,156.32099999999997,inf,181.757,181.757
717,T7,BESTEFFORT,MISSED,m4-1,72.126,"{'m1-1': 1.08, 'm2-1': 28.91, 'm3-1': 25.05, 'm4-1': 11.18, 'm5-1': 164.69, 'm6-1': 26.64, 'm7-1': 151.82, 'm8-1': 27.45}",1.9424999999999812,180.83100000000002,inf,182.126,182.126,182.126
718,T9,BESTEFFORT,MISSED,m5-1,72.17,"{'m1-1': 1.11, 'm2-1': 28.36, 'm3-1': 25.03, 'm4-1': 9.96, 'm5-1': 140.22, 'm6-1': 28.23, 'm7-1': 155.37, 'm8-1': 27.44}",1.6620000000000061,181.062,inf,182.17000000000002,182.17000000000002,182.17000000000002
719,T4,BESTEFFORT,MISSED,m6-1,72.227,"{'m1-1': 1.05, 'm2-1': 26.62, 'm3-1': 26.2, 'm4-1': 10.05, 'm5-1': 154.0, 'm6-1': 27.17, 'm7-1': 147.66, 'm8-1': 25.65}",1.6875,181.102,inf,182.227,182.227,182.227
720,T3,BESTEFFORT,MISSED,m7-1,72.43,"{'m1-1': 1.04, 'm2-1': 23.74, 'm3-1': 24.63, 'm4-1': 11.6, 'm5-1': 146.84, 'm6-1': 26.36, 'm7-1': 148.91, 'm8-1': 25.07}",1.9455000000000382,181.13299999999998,inf,182.43,182.43,182.43
721,T1,BESTEFFORT,MISSED,m8-1,72.449,"{'m1-1': 1.14, 'm2-1': 24.22, 'm3-1': 26.22, 'm4-1': 10.45, 'm5-1': 164.48, 'm6-1': 26.12, 'm7-1': 166.52, 'm8-1': 24.36}",1.830000000000041,181.22899999999998,inf,182.449,182.449,182.449
722,T10,BESTEFFORT,COMPLETED,m1-1,72.576,"{'m1-1': 1.15, 'm2-1': 27.26, 'm3-1': 24.51, 'm4-1': 9.57, 'm5-1': 173.32, 'm6-1': 25.66, 'm7-1': 155.92, 'm8-1': 25.66}",1.7249999999999999,156.32099999999997,157.47099999999998,inf,182.576,182.576
723,T9,BESTEFFORT,MISSED,m2-1,72.669,"{'m1-1': 1.01, 'm2-1': 25.1, 'm3-1': 28.12, 'm4-1': 9.9, 'm5-1': 152.17, 'm6-1': 26.35, 'm7-1': 148.74, 'm8-1': 28.39}",1.6634999999999707,181.56,inf,182.66899999999998,182.66899999999998,182.66899999999998
724,T3,BESTEFFORT,COMPLETED,m1-1,72.773,"{'m1-1': 1.11, 'm2-1': 24.73, 'm3-1': 25.87, 'm4-1': 10.67, 'm5-1': 169.36, 'm6-1': 24.77, 'm7-1': 163.09, 'm8-1': 24.26}",1.665,157.47099999999998,158.581,inf,182.773,182.773
725,T9,BESTEFFORT,MISSED,m3-1,72.827,"{'m1-1': 1.04, 'm2-1': 27.49, 'm3-1': 27.88, 'm4-1': 11.62, 'm5-1': 161.08, 'm6-1': 27.4, 'm7-1': 159.98, 'm8-1': 26.8}",1.7924999999999898,181.632,inf,182.827,182.827,182.827
726,T7,BESTEFFORT,MISSED,m4-1,72.849,"{'m1-1': 0.95, 'm2-1': 26.27, 'm3-1': 28.98, 'm4-1': 11.06, 'm5-1': 158.06, 'm6-1': 25.32, 'm7-1': 154.63, 'm8-1': 27.82}",1.0844999999999771,182.126,inf,182.849,182.849,182.849
727,T1,BESTEFFORT,MISSED,m5-1,72.94,"{'m1-1': 1.04, 'm2-1': 25.51, 'm3-1': 24.73, 'm4-1': 10.07, 'm5-1': 149.38, 'm6-1': 27.38, 'm7-1': 158.77, 'm8-1': 27.83}",1.1549999999999727,182.17000000000002,inf,182.94,182.94,182.94
728,T1,BESTEFFORT,MISSED,m6-1,73.136,"{'m1-1': 1.09, 'm2-1': 26.75, 'm3-1': 25.08, 'm4-1': 11.68, 'm5-1': 146.67, 'm6-1': 24.15, 'm7-1': 170.55, 'm8-1': 26.78}",1.3634999999999877,182.227,inf,183.136,183.136,183.136
729,T3,BESTEFFORT,MISSED,m7-1,73.263,"{'m1-1': 1.12, 'm2-1': 23.8, 'm3-1': 26.31, 'm4-1': 10.76, 'm5-1': 148.32, 'm6-1': 27.82, 'm7-1': 156.48, 'm8-1': 26.52}",1.2494999999999976,182.43,inf,183.263,183.263,183.263
730,T2,BESTEFFORT,MISSED,m8-1,73.278,"{'m1-1': 0.94, 'm2-1': 26.27, 'm3-1': 26.2, 'm4-1': 10.36, 'm5-1': 156.7, 'm6-1': 27.84, 'm7-1': 164.57, 'm8-1': 26.42}",1.2435000000000116,182.449,inf,183.27800000000002,183.27800000000002,183.27800000000002
731,T4,BESTEFFORT,COMPLETED,m1-1,73.31,"{'m1-1': 1.01, 'm2-1': 23.54, 'm3-1': 25.86, 'm4-1': 10.38, 'm5-1': 164.96, 'm6-1': 25.24, 'm7-1': 153.57, 'm8-1': 28.22}",1.5150000000000001,158.581,159.59099999999998,inf,183.31,183.31
732,T1,BESTEFFORT,MISSED,m2-1,73.33,"{'m1-1': 1.13, 'm2-1': 24.3, 'm3-1': 26.75, 'm4-1': 10.18, 'm5-1': 152.67, 'm6-1': 26.24, 'm7-1': 168.16, 'm8-1': 24.42}",0.991500000000002,182.66899999999998,inf,183.32999999999998,183.32999999999998,183.32999999999998
733,T3,BESTEFFORT,MISSED,m3-1,73.519,"{'m1-1': 1.01, 'm2-1': 26.84, 'm3-1': 27.0, 'm4-1': 11.18, 'm5-1': 157.77, 'm6-1': 26.34, 'm7-1': 158.46, 'm8-1': 26.58}",1.038000000000011,182.827,inf,183.519,183.519,183.519
734,T3,BESTEFFORT,MISSED,m4-1,73.526,"{'m1-1': 1.15, 'm2-1': 27.51, 'm3-1': 24.1, 'm4-1': 10.25, 'm5-1': 163.29, 'm6-1': 26.38, 'm7-1': 146.58, 'm8-1': 24.25}",1.0155000000000314,182.849,inf,183.526,183.526,183.526
735,T7,BESTEFFORT,MISSED,m5-1,73.575,"{'m1-1': 1.04, 'm2-1': 26.31, 'm3-1': 25.14, 'm4-1': 10.56, 'm5-1': 162.56, 'm6-1': 27.63, 'm7-1': 146.83, 'm8-1': 29.2}",0.9524999999999864,182.94,inf,183.575,183.575,183.575
736,T4,BESTEFFORT,MISSED,m6-1,73.721,"{'m1-1': 1.16, 'm2-1': 26.71, 'm3-1': 28.36, 'm4-1': 10.98, 'm5-1': 156.57, 'm6-1': 24.78, 'm7-1': 156.49, 'm8-1': 28.14}",0.8775000000000119,183.136,inf,183.721,183.721,183.721
737,T3,BESTEFFORT,MISSED,m7-1,73.773,"{'m1-1': 1.07, 'm2-1': 25.65, 'm3-1': 23.87, 'm4-1': 10.58, 'm5-1': 160.99, 'm6-1': 27.18, 'm7-1': 159.69, 'm8-1': 26.07}",0.7649999999999864,183.263,inf,183.773,183.773,183.773
738,T1,BESTEFFORT,MISSED,m8-1,73.868,"{'m1-1': 1.01, 'm2-1': 26.91, 'm3-1': 26.66, 'm4-1': 11.84, 'm5-1': 159.44, 'm6-1': 27.58, 'm7-1': 166.33, 'm8-1': 27.68}",0.8849999999999625,183.27800000000002,inf,183.868,183.868,183.868
739,T7,BESTEFFORT,COMPLETED,m1-1,73.873,"{'m1-1': 0.98, 'm2-1': 24.76, 'm3-1': 26.57, 'm4-1': 11.45, 'm5-1': 162.56, 'm6-1': 25.18, 'm7-1': 159.6, 'm8-1': 28.02}",1.47,159.59099999999998,160.57099999999997,inf,183.873,183.873
740,T3,BESTEFFORT,MISSED,m2-1,73.875,"{'m1-1': 1.15, 'm2-1': 24.42, 'm3-1': 26.58, 'm4-1': 10.3, 'm5-1': 167.84, 'm6-1': 28.33, 'm7-1': 160.75, 'm8-1': 27.07}",0.8175000000000239,183.32999999999998,inf,183.875,183.875,183.875
741,T10,BESTEFFORT,COMPLETED,m1-1,73.956,"{'m1-1': 1.04, 'm2-1': 23.52, 'm3-1': 23.96, 'm4-1': 9.53, 'm5-1': 162.82, 'm6-1': 25.98, 'm7-1': 164.98, 'm8-1': 26.99}",1.56,160.57099999999997,161.61099999999996,inf,183.95600000000002,183.95600000000002
742,T2,BESTEFFORT,MISSED,m3-1,74.06,"{'m1-1': 0.98, 'm2-1': 26.69, 'm3-1': 28.62, 'm4-1': 10.21, 'm5-1': 141.12, 'm6-1': 28.13, 'm7-1': 169.84, 'm8-1': 25.69}",0.8114999999999952,183.519,inf,184.06,184.06,184.06
743,T7,BESTEFFORT,MISSED,m4-1,74.122,"{'m1-1': 1.03, 'm2-1': 28.3, 'm3-1': 28.81, 'm4-1': 10.97, 'm5-1': 148.87, 'm6-1': 27.83, 'm7-1': 158.99, 'm8-1': 28.95}",0.8940000000000055,183.526,inf,184.122,184.122,184.122
744,T9,BESTEFFORT,MISSED,m5-1,74.285,"{'m1-1': 1.03, 'm2-1': 25.45, 'm3-1': 26.23, 'm4-1': 11.6, 'm5-1': 165.07, 'm6-1': 26.85, 'm7-1': 163.5, 'm8-1': 24.79}",1.065000000000012,183.575,inf,184.285,184.285,184.285
745,T2,BESTEFFORT,MISSED,m6-1,74.402,"{'m1-1': 1.08, 'm2-1': 27.54, 'm3-1': 25.42, 'm4-1': 10.59, 'm5-1': 140.73, 'm6-1': 27.55, 'm7-1': 154.52, 'm8-1': 28.35}",1.0214999999999748,183.721,inf,184.402,184.402,184.402
746,T1,BESTEFFORT,MISSED,m7-1,74.539,"{'m1-1': 1.12, 'm2-1': 25.93, 'm3-1': 25.03, 'm4-1': 11.07, 'm5-1': 161.65, 'm6-1': 24.32, 'm7-1': 157.56, 'm8-1': 28.37}",1.1489999999999867,183.773,inf,184.539,184.539,184.539
747,T8,BESTEFFORT,MISSED,m8-1,74.574,"{'m1-1': 1.06, 'm2-1': 25.39, 'm3-1': 28.09, 'm4-1': 10.82, 'm5-1': 176.23, 'm6-1': 26.93, 'm7-1': 174.96, 'm8-1': 26.13}",1.059000000000026,183.868,inf,184.574,184.574,184.574
748,T2,BESTEFFORT,COMPLETED,m1-1,74.603,"{'m1-1': 1.0, 'm2-1': 24.03, 'm3-1': 28.62, 'm4-1': 10.47, 'm5-1': 143.97, 'm6-1': 28.46, 'm7-1': 169.15, 'm8-1': 28.37}",1.5,161.61099999999996,162.61099999999996,inf,184.603,184.603
749,T9,BESTEFFORT,MISSED,m2-1,74.68,"{'m1-1': 1.0, 'm2-1': 28.55, 'm3-1': 28.67, 'm4-1': 10.65, 'm5-1': 165.41, 'm6-1': 24.78, 'm7-1': 163.88, 'm8-1': 24.7}",1.2075000000000102,183.875,inf,184.68,184.68,184.68
750,T4,BESTEFFORT,MISSED,m3-1,74.713,"{'m1-1': 1.1, 'm2-1': 23.7, 'm3-1': 28.33, 'm4-1': 10.21, 'm5-1': 167.58, 'm6-1': 25.86, 'm7-1': 149.86, 'm8-1': 26.23}",0.9794999999999874,184.06,inf,184.713,184.713,184.713
751,T7,BESTEFFORT,MISSED,m8-1,74.891,"{'m1-1': 0.97, 'm2-1': 26.08, 'm3-1': 26.27, 'm4-1': 11.61, 'm5-1': 141.57, 'm6-1': 25.76, 'm7-1': 166.24, 'm8-1': 25.43}",0.4755000000000109,184.574,inf,184.89100000000002,184.89100000000002,184.89100000000002
752,T3,BESTEFFORT,MISSED,m4-1,74.96,"{'m1-1': 1.01, 'm2-1': 24.1, 'm3-1': 23.85, 'm4-1': 10.05, 'm5-1': 169.31, 'm6-1': 26.48, 'm7-1': 157.34, 'm8-1': 25.63}",1.2569999999999482,184.122,inf,184.95999999999998,184.95999999999998,184.95999999999998
753,T10,BESTEFFORT,MISSED,m5-1,74.967,"{'m1-1': 1.16, 'm2-1': 25.49, 'm3-1': 23.18, 'm4-1': 10.42, 'm5-1': 168.99, 'm6-1': 26.45, 'm7-1': 168.88, 'm8-1': 25.34}",1.022999999999982,184.285,inf,184.96699999999998,184.96699999999998,184.96699999999998
754,T6,BESTEFFORT,MISSED,m6-1,74.988,"{'m1-1': 1.04, 'm2-1': 26.25, 'm3-1': 27.6, 'm4-1': 10.33, 'm5-1': 146.86, 'm6-1': 26.78, 'm7-1': 165.98, 'm8-1': 25.88}",0.8790000000000191,184.402,inf,184.988,184.988,184.988
755,T8,BESTEFFORT,MISSED,m7-1,75.003,"{'m1-1': 1.12, 'm2-1': 27.36, 'm3-1': 28.56, 'm4-1': 10.54, 'm5-1': 177.66, 'm6-1': 24.97, 'm7-1': 156.19, 'm8-1': 24.43}",0.695999999999998,184.539,inf,185.003,185.003,185.003
756,T4,BESTEFFORT,MISSED,m8-1,75.063,"{'m1-1': 1.18, 'm2-1': 24.8, 'm3-1': 25.29, 'm4-1': 9.35, 'm5-1': 174.25, 'm6-1': 24.51, 'm7-1': 151.41, 'm8-1': 26.24}",0.25799999999995293,184.89100000000002,inf,185.063,185.063,185.063
757,T9,BESTEFFORT,COMPLETED,m1-1,75.091,"{'m1-1': 1.05, 'm2-1': 27.1, 'm3-1': 27.54, 'm4-1': 10.95, 'm5-1': 154.38, 'm6-1': 24.26, 'm7-1': 151.47, 'm8-1': 25.97}",1.5750000000000002,162.61099999999996,163.66099999999997,inf,185.091,185.091
758,T5,BESTEFFORT,COMPLETED,m1-1,75.116,"{'m1-1': 1.1, 'm2-1': 24.4, 'm3-1': 27.55, 'm4-1': 11.32, 'm5-1': 171.32, 'm6-1': 25.29, 'm7-1': 168.31, 'm8-1': 25.8}",1.6500000000000001,163.66099999999997,164.76099999999997,inf,185.11599999999999,185.11599999999999
759,T10,BESTEFFORT,MISSED,m2-1,75.276,"{'m1-1': 0.99, 'm2-1': 24.71, 'm3-1': 26.49, 'm4-1': 9.71, 'm5-1': 171.73, 'm6-1': 25.49, 'm7-1': 171.32, 'm8-1': 25.06}",0.8940000000000055,184.68,inf,185.276,185.276,185.276
760,T7,BESTEFFORT,MISSED,m3-1,75.306,"{'m1-1': 0.95, 'm2-1': 25.02, 'm3-1': 25.34, 'm4-1': 10.92, 'm5-1': 154.88, 'm6-1': 27.94, 'm7-1': 143.75, 'm8-1': 27.8}",0.889499999999984,184.713,inf,185.30599999999998,185.30599999999998,185.30599999999998
761,T5,BESTEFFORT,MISSED,m4-1,75.395,"{'m1-1': 1.14, 'm2-1': 27.62, 'm3-1': 24.89, 'm4-1': 10.49, 'm5-1': 165.13, 'm6-1': 26.06, 'm7-1': 175.26, 'm8-1': 27.78}",0.6525000000000034,184.95999999999998,inf,185.39499999999998,185.39499999999998,185.39499999999998
762,T9,BESTEFFORT,MISSED,m5-1,75.418,"{'m1-1': 1.06, 'm2-1': 29.24, 'm3-1': 28.28, 'm4-1': 10.49, 'm5-1': 154.01, 'm6-1': 25.73, 'm7-1': 159.13, 'm8-1': 26.69}",0.6765000000000327,184.96699999999998,inf,185.418,185.418,185.418
763,T5,BESTEFFORT,MISSED,m6-1,75.496,"{'m1-1': 1.08, 'm2-1': 27.12, 'm3-1': 25.25, 'm4-1': 10.11, 'm5-1': 160.18, 'm6-1': 26.39, 'm7-1': 170.43, 'm8-1': 25.85}",0.761999999999972,184.988,inf,185.49599999999998,185.49599999999998,185.49599999999998
764,T1,BESTEFFORT,MISSED,m7-1,75.519,"{'m1-1': 1.0, 'm2-1': 24.65, 'm3-1': 27.15, 'm4-1': 10.25, 'm5-1': 162.93, 'm6-1': 24.79, 'm7-1': 152.58, 'm8-1': 25.96}",0.7740000000000293,185.003,inf,185.519,185.519,185.519
765,T1,BESTEFFORT,MISSED,m8-1,75.61,"{'m1-1': 1.0, 'm2-1': 25.05, 'm3-1': 28.07, 'm4-1': 11.73, 'm5-1': 159.08, 'm6-1': 23.73, 'm7-1': 154.62, 'm8-1': 24.81}",0.8205000000000382,185.063,inf,185.61,185.61,185.61
766,T5,BESTEFFORT,COMPLETED,m1-1,75.785,"{'m1-1': 1.03, 'm2-1': 26.02, 'm3-1': 26.01, 'm4-1': 10.33, 'm5-1': 157.89, 'm6-1': 23.79, 'm7-1': 153.47, 'm8-1': 27.57}",1.545,164.76099999999997,165.79099999999997,inf,185.785,185.785
767,T1,BESTEFFORT,MISSED,m2-1,75.931,"{'m1-1': 1.04, 'm2-1': 26.2, 'm3-1': 25.04, 'm4-1': 10.53, 'm5-1': 145.28, 'm6-1': 26.69, 'm7-1': 164.78, 'm8-1': 25.5}",0.9824999999999591,185.276,inf,185.93099999999998,185.93099999999998,185.93099999999998
768,T8,BESTEFFORT,COMPLETED,m1-1,76.282,"{'m1-1': 1.01, 'm2-1': 27.17, 'm3-1': 29.46, 'm4-1': 10.17, 'm5-1': 159.53, 'm6-1': 28.23, 'm7-1': 164.76, 'm8-1': 25.87}",1.5150000000000001,165.79099999999997,166.80099999999996,inf,186.28199999999998,186.28199999999998
769,T6,BESTEFFORT,MISSED,m3-1,76.343,"{'m1-1': 1.01, 'm2-1': 28.14, 'm3-1': 26.68, 'm4-1': 11.16, 'm5-1': 142.77, 'm6-1': 26.85, 'm7-1': 156.01, 'm8-1': 24.47}",1.5555000000000518,185.30599999999998,inf,186.34300000000002,186.34300000000002,186.34300000000002
770,T5,BESTEFFORT,MISSED,m4-1,76.462,"{'m1-1': 1.05, 'm2-1': 25.35, 'm3-1': 25.6, 'm4-1': 11.08, 'm5-1': 169.34, 'm6-1': 25.29, 'm7-1': 156.01, 'm8-1': 27.21}",1.600500000000011,185.39499999999998,inf,186.462,186.462,186.462
771,T3,BESTEFFORT,MISSED,m5-1,76.466,"{'m1-1': 1.08, 'm2-1': 25.16, 'm3-1': 26.07, 'm4-1': 11.32, 'm5-1': 172.98, 'm6-1': 27.57, 'm7-1': 145.72, 'm8-1': 26.82}",1.5720000000000027,185.418,inf,186.466,186.466,186.466
772,T7,BESTEFFORT,MISSED,m6-1,76.489,"{'m1-1': 1.1, 'm2-1': 25.68, 'm3-1': 26.44, 'm4-1': 11.14, 'm5-1': 149.81, 'm6-1': 24.98, 'm7-1': 167.31, 'm8-1': 28.11}",1.4895000000000351,185.49599999999998,inf,186.489,186.489,186.489
773,T9,BESTEFFORT,MISSED,m7-1,76.513,"{'m1-1': 1.09, 'm2-1': 27.58, 'm3-1': 27.42, 'm4-1': 11.34, 'm5-1': 156.99, 'm6-1': 27.06, 'm7-1': 145.14, 'm8-1': 24.88}",1.4909999999999997,185.519,inf,186.513,186.513,186.513
774,T10,BESTEFFORT,MISSED,m8-1,76.811,"{'m1-1': 1.06, 'm2-1': 27.36, 'm3-1': 23.84, 'm4-1': 10.54, 'm5-1': 161.99, 'm6-1': 29.3, 'm7-1': 164.12, 'm8-1': 27.12}",1.80149999999999,185.61,inf,186.811,186.811,186.811
775,T2,BESTEFFORT,COMPLETED,m1-1,76.818,"{'m1-1': 0.96, 'm2-1': 26.96, 'm3-1': 27.75, 'm4-1': 10.63, 'm5-1': 142.96, 'm6-1': 25.15, 'm7-1': 148.83, 'm8-1': 26.08}",1.44,166.80099999999996,167.76099999999997,inf,186.81799999999998,186.81799999999998
776,T10,BESTEFFORT,MISSED,m2-1,76.827,"{'m1-1': 1.12, 'm2-1': 23.47, 'm3-1': 26.18, 'm4-1': 9.33, 'm5-1': 162.43, 'm6-1': 27.59, 'm7-1': 158.25, 'm8-1': 28.89}",1.3440000000000225,185.93099999999998,inf,186.827,186.827,186.827
777,T9,BESTEFFORT,COMPLETED,m1-1,77.191,"{'m1-1': 1.12, 'm2-1': 26.82, 'm3-1': 25.94, 'm4-1': 9.89, 'm5-1': 156.99, 'm6-1': 26.48, 'm7-1': 162.83, 'm8-1': 28.05}",1.6800000000000002,167.76099999999997,168.88099999999997,inf,187.191,187.191
778,T5,BESTEFFORT,MISSED,m3-1,77.425,"{'m1-1': 1.11, 'm2-1': 23.43, 'm3-1': 25.03, 'm4-1': 9.89, 'm5-1': 174.83, 'm6-1': 27.15, 'm7-1': 156.85, 'm8-1': 26.83}",1.6229999999999905,186.34300000000002,inf,187.425,187.425,187.425
779,T4,BESTEFFORT,MISSED,m4-1,77.439,"{'m1-1': 1.11, 'm2-1': 27.09, 'm3-1': 24.62, 'm4-1': 10.92, 'm5-1': 161.36, 'm6-1': 27.4, 'm7-1': 169.26, 'm8-1': 24.9}",1.4655000000000058,186.462,inf,187.439,187.439,187.439
780,T3,BESTEFFORT,MISSED,m4-1,77.705,"{'m1-1': 1.11, 'm2-1': 25.34, 'm3-1': 24.28, 'm4-1': 10.58, 'm5-1': 165.32, 'm6-1': 27.97, 'm7-1': 157.81, 'm8-1': 25.82}",0.3989999999999867,187.439,inf,187.70499999999998,187.70499999999998,187.70499999999998
781,T10,BESTEFFORT,MISSED,m5-1,77.963,"{'m1-1': 1.12, 'm2-1': 27.19, 'm3-1': 23.59, 'm4-1': 9.85, 'm5-1': 148.29, 'm6-1': 26.22, 'm7-1': 151.28, 'm8-1': 26.39}",2.2454999999999785,186.466,inf,187.963,187.963,187.963
782,T1,BESTEFFORT,MISSED,m6-1,77.993,"{'m1-1': 1.15, 'm2-1': 23.48, 'm3-1': 23.93, 'm4-1': 10.75, 'm5-1': 144.09, 'm6-1': 27.39, 'm7-1': 170.97, 'm8-1': 25.6}",2.255999999999986,186.489,inf,187.993,187.993,187.993
783,T7,BESTEFFORT,MISSED,m7-1,78.068,"{'m1-1': 0.93, 'm2-1': 27.69, 'm3-1': 28.33, 'm4-1': 10.16, 'm5-1': 147.47, 'm6-1': 28.56, 'm7-1': 160.03, 'm8-1': 26.39}",2.3324999999999676,186.513,inf,188.06799999999998,188.06799999999998,188.06799999999998
784,T1,BESTEFFORT,MISSED,m8-1,78.172,"{'m1-1': 1.11, 'm2-1': 27.72, 'm3-1': 27.12, 'm4-1': 11.2, 'm5-1': 163.1, 'm6-1': 28.08, 'm7-1': 148.17, 'm8-1': 26.38}",2.041499999999985,186.811,inf,188.172,188.172,188.172
785,T8,BESTEFFORT,COMPLETED,m1-1,78.196,"{'m1-1': 0.97, 'm2-1': 28.75, 'm3-1': 24.86, 'm4-1': 11.64, 'm5-1': 171.39, 'm6-1': 28.1, 'm7-1': 171.07, 'm8-1': 26.22}",1.455,168.88099999999997,169.85099999999997,inf,188.196,188.196
786,T5,BESTEFFORT,COMPLETED,m1-1,78.488,"{'m1-1': 1.1, 'm2-1': 25.37, 'm3-1': 24.88, 'm4-1': 11.26, 'm5-1': 167.97, 'm6-1': 26.07, 'm7-1': 149.93, 'm8-1': 26.47}",1.6500000000000001,169.85099999999997,170.95099999999996,inf,188.488,188.488
787,T6,BESTEFFORT,MISSED,m2-1,78.492,"{'m1-1': 0.99, 'm2-1': 25.12, 'm3-1': 28.3, 'm4-1': 9.89, 'm5-1': 150.39, 'm6-1': 27.52, 'm7-1': 163.93, 'm8-1': 24.07}",2.4975000000000307,186.827,inf,188.49200000000002,188.49200000000002,188.49200000000002
788,T2,BESTEFFORT,MISSED,m3-1,78.668,"{'m1-1': 0.95, 'm2-1': 25.03, 'm3-1': 28.88, 'm4-1': 9.86, 'm5-1': 156.62, 'm6-1': 27.35, 'm7-1': 164.82, 'm8-1': 26.9}",1.8644999999999925,187.425,inf,188.668,188.668,188.668
789,T9,BESTEFFORT,MISSED,m4-1,78.905,"{'m1-1': 0.95, 'm2-1': 28.1, 'm3-1': 28.19, 'm4-1': 11.53, 'm5-1': 164.39, 'm6-1': 25.95, 'm7-1': 157.75, 'm8-1': 25.31}",1.8000000000000256,187.70499999999998,inf,188.905,188.905,188.905
790,T3,BESTEFFORT,MISSED,m5-1,78.986,"{'m1-1': 1.01, 'm2-1': 25.6, 'm3-1': 26.12, 'm4-1': 10.41, 'm5-1': 173.42, 'm6-1': 27.88, 'm7-1': 169.63, 'm8-1': 23.46}",1.5344999999999942,187.963,inf,188.986,188.986,188.986
791,T10,BESTEFFORT,MISSED,m6-1,79.045,"{'m1-1': 1.1, 'm2-1': 24.66, 'm3-1': 24.97, 'm4-1': 10.04, 'm5-1': 158.31, 'm6-1': 28.68, 'm7-1': 176.27, 'm8-1': 28.9}",1.5780000000000314,187.993,inf,189.04500000000002,189.04500000000002,189.04500000000002
792,T2,BESTEFFORT,MISSED,m7-1,79.149,"{'m1-1': 0.99, 'm2-1': 23.58, 'm3-1': 26.78, 'm4-1': 9.96, 'm5-1': 144.17, 'm6-1': 29.08, 'm7-1': 148.56, 'm8-1': 24.47}",1.621500000000026,188.06799999999998,inf,189.149,189.149,189.149
793,T9,BESTEFFORT,MISSED,m8-1,79.174,"{'m1-1': 1.09, 'm2-1': 28.11, 'm3-1': 24.38, 'm4-1': 11.09, 'm5-1': 157.24, 'm6-1': 26.39, 'm7-1': 144.44, 'm8-1': 24.69}",1.5030000000000143,188.172,inf,189.174,189.174,189.174
794,T10,BESTEFFORT,COMPLETED,m1-1,79.202,"{'m1-1': 0.99, 'm2-1': 24.62, 'm3-1': 26.38, 'm4-1': 10.83, 'm5-1': 156.26, 'm6-1': 26.96, 'm7-1': 171.89, 'm8-1': 27.9}",1.4849999999999999,170.95099999999996,171.94099999999997,inf,189.202,189.202
795,T3,BESTEFFORT,MISSED,m2-1,79.235,"{'m1-1': 1.13, 'm2-1': 25.8, 'm3-1': 26.7, 'm4-1': 10.58, 'm5-1': 159.26, 'm6-1': 24.0, 'm7-1': 146.25, 'm8-1': 23.81}",1.1144999999999925,188.49200000000002,inf,189.235,189.235,189.235
796,T3,BESTEFFORT,MISSED,m3-1,79.252,"{'m1-1': 0.99, 'm2-1': 25.04, 'm3-1': 27.25, 'm4-1': 11.36, 'm5-1': 157.43, 'm6-1': 25.84, 'm7-1': 158.84, 'm8-1': 27.04}",0.8760000000000048,188.668,inf,189.252,189.252,189.252
797,T6,BESTEFFORT,COMPLETED,m1-1,79.36,"{'m1-1': 1.11, 'm2-1': 26.26, 'm3-1': 25.62, 'm4-1': 11.17, 'm5-1': 147.46, 'm6-1': 27.37, 'm7-1': 169.79, 'm8-1': 23.63}",1.665,171.94099999999997,173.051,inf,189.36,189.36
798,T8,BESTEFFORT,MISSED,m4-1,79.406,"{'m1-1': 1.01, 'm2-1': 28.53, 'm3-1': 26.34, 'm4-1': 10.28, 'm5-1': 161.13, 'm6-1': 26.92, 'm7-1': 159.81, 'm8-1': 23.2}",0.7515000000000072,188.905,inf,189.406,189.406,189.406
799,T8,BESTEFFORT,MISSED,m5-1,79.432,"{'m1-1': 1.04, 'm2-1': 24.98, 'm3-1': 28.93, 'm4-1': 10.08, 'm5-1': 172.47, 'm6-1': 27.86, 'm7-1': 153.25, 'm8-1': 26.99}",0.6690000000000396,188.986,inf,189.43200000000002,189.43200000000002,189.43200000000002
800,T9,BESTEFFORT,MISSED,m6-1,79.473,"{'m1-1': 1.07, 'm2-1': 29.36, 'm3-1': 26.05, 'm4-1': 11.23, 'm5-1': 144.53, 'm6-1': 28.42, 'm7-1': 149.36, 'm8-1': 26.28}",0.6419999999999959,189.04500000000002,inf,189.473,189.473,189.473
801,T6,BESTEFFORT,MISSED,m7-1,79.554,"{'m1-1': 1.07, 'm2-1': 28.09, 'm3-1': 25.99, 'm4-1': 11.16, 'm5-1': 161.05, 'm6-1': 27.14, 'm7-1': 157.83, 'm8-1': 27.11}",0.6075000000000017,189.149,inf,189.554,189.554,189.554
802,T6,BESTEFFORT,MISSED,m2-1,79.731,"{'m1-1': 1.01, 'm2-1': 24.5, 'm3-1': 26.38, 'm4-1': 10.34, 'm5-1': 166.65, 'm6-1': 25.69, 'm7-1': 171.95, 'm8-1': 24.28}",0.7439999999999714,189.235,inf,189.731,189.731,189.731
803,T3,BESTEFFORT,MISSED,m8-1,79.836,"{'m1-1': 1.05, 'm2-1': 23.72, 'm3-1': 26.92, 'm4-1': 10.87, 'm5-1': 167.48, 'm6-1': 27.66, 'm7-1': 157.25, 'm8-1': 26.13}",0.9930000000000092,189.174,inf,189.836,189.836,189.836
804,T7,BESTEFFORT,COMPLETED,m1-1,79.869,"{'m1-1': 0.99, 'm2-1': 25.47, 'm3-1': 24.95, 'm4-1': 11.4, 'm5-1': 142.48, 'm6-1': 25.71, 'm7-1': 150.28, 'm8-1': 26.29}",1.4849999999999999,173.051,174.041,inf,189.869,189.869
805,T6,BESTEFFORT,MISSED,m2-1,79.881,"{'m1-1': 0.99, 'm2-1': 24.71, 'm3-1': 25.68, 'm4-1': 11.13, 'm5-1': 164.53, 'm6-1': 25.05, 'm7-1': 172.17, 'm8-1': 24.22}",0.22500000000000853,189.731,inf,189.881,189.881,189.881
806,T2,BESTEFFORT,MISSED,m3-1,79.964,"{'m1-1': 1.0, 'm2-1': 26.33, 'm3-1': 25.6, 'm4-1': 10.09, 'm5-1': 140.09, 'm6-1': 26.08, 'm7-1': 160.6, 'm8-1': 25.49}",1.0679999999999836,189.252,inf,189.964,189.964,189.964
807,T10,BESTEFFORT,MISSED,m4-1,80.123,"{'m1-1': 1.17, 'm2-1': 27.74, 'm3-1': 23.82, 'm4-1': 10.54, 'm5-1': 160.72, 'm6-1': 27.9, 'm7-1': 162.12, 'm8-1': 24.89}",1.0754999999999768,189.406,inf,190.123,190.123,190.123
808,T8,BESTEFFORT,MISSED,m5-1,80.169,"{'m1-1': 1.12, 'm2-1': 25.04, 'm3-1': 25.7, 'm4-1': 11.23, 'm5-1': 164.99, 'm6-1': 25.93, 'm7-1': 156.55, 'm8-1': 23.94}",1.1054999999999495,189.43200000000002,inf,190.16899999999998,190.16899999999998,190.16899999999998
809,T7,BESTEFFORT,MISSED,m6-1,80.222,"{'m1-1': 0.99, 'm2-1': 27.12, 'm3-1': 27.99, 'm4-1': 10.44, 'm5-1': 166.14, 'm6-1': 26.63, 'm7-1': 149.87, 'm8-1': 25.78}",1.1234999999999502,189.473,inf,190.22199999999998,190.22199999999998,190.22199999999998
810,T4,BESTEFFORT,MISSED,m7-1,80.257,"{'m1-1': 1.06, 'm2-1': 27.44, 'm3-1': 23.96, 'm4-1': 9.9, 'm5-1': 168.88, 'm6-1': 27.06, 'm7-1': 164.22, 'm8-1': 24.88}",1.0545000000000044,189.554,inf,190.257,190.257,190.257
811,T7,BESTEFFORT,MISSED,m8-1,80.284,"{'m1-1': 0.95, 'm2-1': 27.14, 'm3-1': 28.95, 'm4-1': 10.43, 'm5-1': 158.62, 'm6-1': 28.67, 'm7-1': 168.4, 'm8-1': 25.42}",0.6719999999999686,189.836,inf,190.284,190.284,190.284
812,T9,BESTEFFORT,COMPLETED,m1-1,80.342,"{'m1-1': 0.97, 'm2-1': 26.96, 'm3-1': 26.18, 'm4-1': 11.53, 'm5-1': 141.67, 'm6-1': 25.36, 'm7-1': 144.92, 'm8-1': 28.48}",1.455,174.041,175.011,inf,190.34199999999998,190.34199999999998
813,T4,BESTEFFORT,MISSED,m3-1,80.374,"{'m1-1': 1.16, 'm2-1': 25.59, 'm3-1': 27.7, 'm4-1': 9.39, 'm5-1': 148.51, 'm6-1': 23.9, 'm7-1': 152.25, 'm8-1': 24.52}",0.6149999999999949,189.964,inf,190.374,190.374,190.374
814,T9,BESTEFFORT,COMPLETED,m1-1,80.452,"{'m1-1': 1.05, 'm2-1': 27.12, 'm3-1': 27.58, 'm4-1': 11.35, 'm5-1': 151.78, 'm6-1': 28.11, 'm7-1': 166.1, 'm8-1': 27.76}",1.5750000000000002,175.011,176.061,inf,190.452,190.452
815,T1,BESTEFFORT,MISSED,m6-1,80.601,"{'m1-1': 1.01, 'm2-1': 24.39, 'm3-1': 27.64, 'm4-1': 10.4, 'm5-1': 155.12, 'm6-1': 24.24, 'm7-1': 146.22, 'm8-1': 27.23}",0.5685000000000286,190.22199999999998,inf,190.601,190.601,190.601
816,T3,BESTEFFORT,MISSED,m2-1,80.616,"{'m1-1': 1.0, 'm2-1': 25.99, 'm3-1': 25.19, 'm4-1': 11.37, 'm5-1': 155.72, 'm6-1': 25.77, 'm7-1': 165.17, 'm8-1': 23.41}",1.1024999999999778,189.881,inf,190.61599999999999,190.61599999999999,190.61599999999999
817,T1,BESTEFFORT,MISSED,m3-1,80.669,"{'m1-1': 1.01, 'm2-1': 23.91, 'm3-1': 27.43, 'm4-1': 11.46, 'm5-1': 146.13, 'm6-1': 25.78, 'm7-1': 150.56, 'm8-1': 25.66}",0.44249999999998124,190.374,inf,190.66899999999998,190.66899999999998,190.66899999999998
818,T10,BESTEFFORT,MISSED,m4-1,80.723,"{'m1-1': 1.04, 'm2-1': 27.71, 'm3-1': 26.44, 'm4-1': 9.2, 'm5-1': 152.48, 'm6-1': 27.03, 'm7-1': 159.06, 'm8-1': 28.2}",0.9000000000000341,190.123,inf,190.723,190.723,190.723
819,T3,BESTEFFORT,MISSED,m5-1,80.906,"{'m1-1': 1.1, 'm2-1': 25.08, 'm3-1': 24.88, 'm4-1': 10.77, 'm5-1': 152.37, 'm6-1': 25.32, 'm7-1': 165.49, 'm8-1': 25.75}",1.1055000000000348,190.16899999999998,inf,190.906,190.906,190.906
820,T9,BESTEFFORT,MISSED,m6-1,81.017,"{'m1-1': 1.07, 'm2-1': 29.06, 'm3-1': 26.21, 'm4-1': 9.95, 'm5-1': 159.17, 'm6-1': 24.78, 'm7-1': 159.75, 'm8-1': 27.83}",0.6239999999999952,190.601,inf,191.017,191.017,191.017
821,T9,BESTEFFORT,MISSED,m7-1,81.205,"{'m1-1': 1.09, 'm2-1': 26.49, 'm3-1': 28.68, 'm4-1': 9.92, 'm5-1': 161.41, 'm6-1': 25.91, 'm7-1': 166.72, 'm8-1': 28.33}",1.4219999999999686,190.257,inf,191.20499999999998,191.20499999999998,191.20499999999998
822,T10,BESTEFFORT,MISSED,m8-1,81.258,"{'m1-1': 1.1, 'm2-1': 25.11, 'm3-1': 26.2, 'm4-1': 10.7, 'm5-1': 155.53, 'm6-1': 25.96, 'm7-1': 164.79, 'm8-1': 26.92}",1.4609999999999843,190.284,inf,191.25799999999998,191.25799999999998,191.25799999999998
823,T4,BESTEFFORT,COMPLETED,m1-1,81.638,"{'m1-1': 1.16, 'm2-1': 26.28, 'm3-1': 25.2, 'm4-1': 10.79, 'm5-1': 156.57, 'm6-1': 23.74, 'm7-1': 155.95, 'm8-1': 26.54}",1.7399999999999998,176.061,177.221,inf,191.638,191.638
824,T7,BESTEFFORT,COMPLETED,m1-1,81.803,"{'m1-1': 0.98, 'm2-1': 28.51, 'm3-1': 27.97, 'm4-1': 11.43, 'm5-1': 153.11, 'm6-1': 27.18, 'm7-1': 146.04, 'm8-1': 29.26}",1.47,177.221,178.201,inf,191.803,191.803
825,T8,BESTEFFORT,MISSED,m2-1,81.811,"{'m1-1': 1.12, 'm2-1': 27.17, 'm3-1': 26.21, 'm4-1': 11.12, 'm5-1': 161.24, 'm6-1': 25.68, 'm7-1': 160.2, 'm8-1': 25.04}",1.7925000000000324,190.61599999999999,inf,191.811,191.811,191.811
826,T7,BESTEFFORT,MISSED,m4-1,81.871,"{'m1-1': 0.97, 'm2-1': 26.85, 'm3-1': 26.16, 'm4-1': 11.06, 'm5-1': 164.14, 'm6-1': 24.5, 'm7-1': 168.31, 'm8-1': 25.54}",1.7219999999999516,190.723,inf,191.87099999999998,191.87099999999998,191.87099999999998
827,T3,BESTEFFORT,MISSED,m3-1,81.871,"{'m1-1': 1.03, 'm2-1': 28.09, 'm3-1': 25.4, 'm4-1': 11.64, 'm5-1': 158.15, 'm6-1': 27.99, 'm7-1': 152.05, 'm8-1': 24.77}",1.8029999999999973,190.66899999999998,inf,191.87099999999998,191.87099999999998,191.87099999999998
828,T4,BESTEFFORT,MISSED,m5-1,81.919,"{'m1-1': 1.06, 'm2-1': 27.19, 'm3-1': 28.31, 'm4-1': 10.36, 'm5-1': 157.18, 'm6-1': 27.93, 'm7-1': 172.03, 'm8-1': 27.68}",1.5194999999999652,190.906,inf,191.91899999999998,191.91899999999998,191.91899999999998
829,T8,BESTEFFORT,MISSED,m6-1,81.953,"{'m1-1': 1.05, 'm2-1': 27.59, 'm3-1': 26.22, 'm4-1': 11.13, 'm5-1': 165.48, 'm6-1': 26.51, 'm7-1': 151.56, 'm8-1': 24.49}",1.4040000000000106,191.017,inf,191.953,191.953,191.953
830,T1,BESTEFFORT,MISSED,m7-1,82.029,"{'m1-1': 1.1, 'm2-1': 26.1, 'm3-1': 25.64, 'm4-1': 10.21, 'm5-1': 148.94, 'm6-1': 26.39, 'm7-1': 162.98, 'm8-1': 27.67}",1.2360000000000184,191.20499999999998,inf,192.029,192.029,192.029
831,T3,BESTEFFORT,MISSED,m8-1,82.085,"{'m1-1': 1.09, 'm2-1': 28.02, 'm3-1': 26.5, 'm4-1': 10.81, 'm5-1': 169.82, 'm6-1': 25.14, 'm7-1': 165.73, 'm8-1': 24.49}",1.2404999999999973,191.25799999999998,inf,192.08499999999998,192.08499999999998,192.08499999999998
832,T7,BESTEFFORT,COMPLETED,m1-1,82.144,"{'m1-1': 0.97, 'm2-1': 25.67, 'm3-1': 25.42, 'm4-1': 10.89, 'm5-1': 152.67, 'm6-1': 24.95, 'm7-1': 152.27, 'm8-1': 29.3}",1.455,178.201,179.171,inf,192.144,192.144
833,T3,BESTEFFORT,MISSED,m2-1,82.169,"{'m1-1': 1.11, 'm2-1': 24.05, 'm3-1': 26.54, 'm4-1': 10.16, 'm5-1': 168.82, 'm6-1': 27.84, 'm7-1': 151.9, 'm8-1': 26.29}",0.5369999999999635,191.811,inf,192.16899999999998,192.16899999999998,192.16899999999998
834,T4,BESTEFFORT,MISSED,m3-1,82.202,"{'m1-1': 1.05, 'm2-1': 24.75, 'm3-1': 27.18, 'm4-1': 10.07, 'm5-1': 174.5, 'm6-1': 25.36, 'm7-1': 172.62, 'm8-1': 27.31}",0.4965000000000259,191.87099999999998,inf,192.202,192.202,192.202
835,T2,BESTEFFORT,MISSED,m4-1,82.208,"{'m1-1': 1.1, 'm2-1': 24.82, 'm3-1': 26.37, 'm4-1': 10.4, 'm5-1': 150.96, 'm6-1': 25.51, 'm7-1': 175.3, 'm8-1': 25.77}",0.5055000000000263,191.87099999999998,inf,192.208,192.208,192.208
836,T1,BESTEFFORT,MISSED,m5-1,82.222,"{'m1-1': 1.13, 'm2-1': 27.05, 'm3-1': 26.16, 'm4-1': 11.04, 'm5-1': 145.24, 'm6-1': 26.91, 'm7-1': 148.88, 'm8-1': 28.13}",0.4544999999999959,191.91899999999998,inf,192.22199999999998,192.22199999999998,192.22199999999998
837,T10,BESTEFFORT,MISSED,m6-1,82.226,"{'m1-1': 1.11, 'm2-1': 24.99, 'm3-1': 25.15, 'm4-1': 9.94, 'm5-1': 150.4, 'm6-1': 28.31, 'm7-1': 168.83, 'm8-1': 29.28}",0.4094999999999942,191.953,inf,192.226,192.226,192.226
838,T10,BESTEFFORT,MISSED,m7-1,82.253,"{'m1-1': 1.16, 'm2-1': 25.72, 'm3-1': 25.08, 'm4-1': 10.58, 'm5-1': 151.36, 'm6-1': 25.68, 'm7-1': 156.15, 'm8-1': 27.08}",0.3359999999999843,192.029,inf,192.253,192.253,192.253
839,T6,BESTEFFORT,COMPLETED,m1-1,82.356,"{'m1-1': 1.0, 'm2-1': 26.6, 'm3-1': 28.94, 'm4-1': 11.32, 'm5-1': 146.14, 'm6-1': 26.82, 'm7-1': 147.68, 'm8-1': 26.12}",1.5,179.171,180.171,inf,192.356,192.356
840,T10,BESTEFFORT,MISSED,m8-1,82.704,"{'m1-1': 1.12, 'm2-1': 27.64, 'm3-1': 23.51, 'm4-1': 10.17, 'm5-1': 166.78, 'm6-1': 25.15, 'm7-1': 168.08, 'm8-1': 29.08}",0.9285000000000423,192.08499999999998,inf,192.704,192.704,192.704
841,T5,BESTEFFORT,COMPLETED,m1-1,82.824,"{'m1-1': 0.98, 'm2-1': 24.02, 'm3-1': 24.66, 'm4-1': 11.15, 'm5-1': 156.71, 'm6-1': 23.0, 'm7-1': 171.87, 'm8-1': 28.38}",1.47,180.171,181.15099999999998,inf,192.824,192.824
842,T5,BESTEFFORT,MISSED,m2-1,82.883,"{'m1-1': 1.1, 'm2-1': 25.92, 'm3-1': 23.83, 'm4-1': 11.34, 'm5-1': 169.32, 'm6-1': 25.28, 'm7-1': 154.27, 'm8-1': 25.65}",1.070999999999998,192.16899999999998,inf,192.88299999999998,192.88299999999998,192.88299999999998
843,T3,BESTEFFORT,MISSED,m3-1,83.282,"{'m1-1': 1.14, 'm2-1': 26.03, 'm3-1': 26.08, 'm4-1': 11.18, 'm5-1': 159.25, 'm6-1': 25.18, 'm7-1': 161.28, 'm8-1': 24.96}",1.6199999999999761,192.202,inf,193.28199999999998,193.28199999999998,193.28199999999998
844,T1,BESTEFFORT,MISSED,m4-1,83.393,"{'m1-1': 1.03, 'm2-1': 25.78, 'm3-1': 26.44, 'm4-1': 11.85, 'm5-1': 156.1, 'm6-1': 25.69, 'm7-1': 148.59, 'm8-1': 27.04}",1.7775000000000034,192.208,inf,193.393,193.393,193.393
845,T1,BESTEFFORT,COMPLETED,m1-1,83.475,"{'m1-1': 1.01, 'm2-1': 23.66, 'm3-1': 25.92, 'm4-1': 10.96, 'm5-1': 161.57, 'm6-1': 28.14, 'm7-1': 148.97, 'm8-1': 28.22}",1.5150000000000001,181.15099999999998,182.16099999999997,inf,193.475,193.475
846,T8,BESTEFFORT,MISSED,m5-1,83.712,"{'m1-1': 1.1, 'm2-1': 26.66, 'm3-1': 25.05, 'm4-1': 10.75, 'm5-1': 161.19, 'm6-1': 26.26, 'm7-1': 158.08, 'm8-1': 25.87}",2.2350000000000136,192.22199999999998,inf,193.712,193.712,193.712
847,T9,BESTEFFORT,MISSED,m6-1,83.716,"{'m1-1': 1.01, 'm2-1': 25.2, 'm3-1': 28.68, 'm4-1': 9.89, 'm5-1': 145.63, 'm6-1': 24.33, 'm7-1': 161.38, 'm8-1': 25.12}",2.2350000000000136,192.226,inf,193.716,193.716,193.716
848,T7,BESTEFFORT,MISSED,m7-1,83.749,"{'m1-1': 1.04, 'm2-1': 27.69, 'm3-1': 25.62, 'm4-1': 10.38, 'm5-1': 154.06, 'm6-1': 28.16, 'm7-1': 168.59, 'm8-1': 28.84}",2.244000000000014,192.253,inf,193.749,193.749,193.749
849,T6,BESTEFFORT,MISSED,m8-1,84.032,"{'m1-1': 1.02, 'm2-1': 26.08, 'm3-1': 26.22, 'm4-1': 10.59, 'm5-1': 148.56, 'm6-1': 27.45, 'm7-1': 171.31, 'm8-1': 25.56}",1.9919999999999618,192.704,inf,194.03199999999998,194.03199999999998,194.03199999999998
850,T2,BESTEFFORT,COMPLETED,m1-1,84.052,"{'m1-1': 0.97, 'm2-1': 24.73, 'm3-1': 27.25, 'm4-1': 10.96, 'm5-1': 146.38, 'm6-1': 29.09, 'm7-1': 153.33, 'm8-1': 24.33}",1.455,182.16099999999997,183.13099999999997,inf,194.05200000000002,194.05200000000002
851,T10,BESTEFFORT,MISSED,m2-1,84.184,"{'m1-1': 0.99, 'm2-1': 23.5, 'm3-1': 25.67, 'm4-1': 10.56, 'm5-1': 161.72, 'm6-1': 28.33, 'm7-1': 160.62, 'm8-1': 25.63}",1.9515000000000242,192.88299999999998,inf,194.184,194.184,194.184
852,T6,BESTEFFORT,MISSED,m3-1,84.234,"{'m1-1': 0.99, 'm2-1': 27.65, 'm3-1': 27.72, 'm4-1': 10.6, 'm5-1': 163.47, 'm6-1': 25.52, 'm7-1': 162.76, 'm8-1': 25.42}",1.4279999999999973,193.28199999999998,inf,194.23399999999998,194.23399999999998,194.23399999999998
853,T3,BESTEFFORT,MISSED,m4-1,84.414,"{'m1-1': 1.01, 'm2-1': 25.12, 'm3-1': 26.17, 'm4-1': 10.66, 'm5-1': 154.8, 'm6-1': 27.71, 'm7-1': 151.58, 'm8-1': 25.52}",1.5314999999999799,193.393,inf,194.414,194.414,194.414
854,T2,BESTEFFORT,COMPLETED,m1-1,84.538,"{'m1-1': 1.0, 'm2-1': 27.74, 'm3-1': 26.28, 'm4-1': 9.46, 'm5-1': 152.44, 'm6-1': 29.05, 'm7-1': 158.74, 'm8-1': 24.23}",1.5,183.13099999999997,184.13099999999997,inf,194.538,194.538
855,T3,BESTEFFORT,MISSED,m5-1,84.657,"{'m1-1': 1.1, 'm2-1': 24.7, 'm3-1': 23.75, 'm4-1': 11.32, 'm5-1': 164.18, 'm6-1': 25.61, 'm7-1': 151.29, 'm8-1': 23.76}",1.4174999999999898,193.712,inf,194.65699999999998,194.65699999999998,194.65699999999998
856,T8,BESTEFFORT,MISSED,m6-1,84.667,"{'m1-1': 1.04, 'm2-1': 27.11, 'm3-1': 29.08, 'm4-1': 10.15, 'm5-1': 171.75, 'm6-1': 28.04, 'm7-1': 161.31, 'm8-1': 26.02}",1.42649999999999,193.716,inf,194.667,194.667,194.667
857,T9,BESTEFFORT,MISSED,m7-1,84.695,"{'m1-1': 1.05, 'm2-1': 25.79, 'm3-1': 26.75, 'm4-1': 10.56, 'm5-1': 163.01, 'm6-1': 26.24, 'm7-1': 151.27, 'm8-1': 24.46}",1.418999999999997,193.749,inf,194.695,194.695,194.695
858,T2,BESTEFFORT,MISSED,m8-1,84.761,"{'m1-1': 1.09, 'm2-1': 26.69, 'm3-1': 25.47, 'm4-1': 11.03, 'm5-1': 146.83, 'm6-1': 25.74, 'm7-1': 172.45, 'm8-1': 25.21}",1.0935000000000201,194.03199999999998,inf,194.761,194.761,194.761
859,T3,BESTEFFORT,COMPLETED,m1-1,85.029,"{'m1-1': 1.06, 'm2-1': 25.25, 'm3-1': 27.45, 'm4-1': 11.72, 'm5-1': 166.66, 'm6-1': 25.78, 'm7-1': 148.28, 'm8-1': 26.58}",1.59,184.13099999999997,185.19099999999997,inf,195.029,195.029
860,T1,BESTEFFORT,MISSED,m2-1,85.036,"{'m1-1': 1.13, 'm2-1': 27.69, 'm3-1': 24.67, 'm4-1': 11.2, 'm5-1': 140.61, 'm6-1': 23.95, 'm7-1': 146.22, 'm8-1': 27.3}",1.2780000000000058,194.184,inf,195.036,195.036,195.036
861,T3,BESTEFFORT,MISSED,m3-1,85.201,"{'m1-1': 1.08, 'm2-1': 28.15, 'm3-1': 27.76, 'm4-1': 10.92, 'm5-1': 151.44, 'm6-1': 24.19, 'm7-1': 156.0, 'm8-1': 27.57}",1.4505000000000194,194.23399999999998,inf,195.201,195.201,195.201
862,T5,BESTEFFORT,MISSED,m4-1,85.359,"{'m1-1': 1.03, 'm2-1': 23.86, 'm3-1': 28.02, 'm4-1': 10.38, 'm5-1': 176.73, 'm6-1': 25.17, 'm7-1': 165.97, 'm8-1': 27.55}",1.4174999999999898,194.414,inf,195.35899999999998,195.35899999999998,195.35899999999998
863,T2,BESTEFFORT,MISSED,m5-1,85.525,"{'m1-1': 1.06, 'm2-1': 23.45, 'm3-1': 26.77, 'm4-1': 10.75, 'm5-1': 158.57, 'm6-1': 26.92, 'm7-1': 156.27, 'm8-1': 24.98}",1.3020000000000351,194.65699999999998,inf,195.525,195.525,195.525
864,T7,BESTEFFORT,COMPLETED,m1-1,85.598,"{'m1-1': 0.95, 'm2-1': 26.44, 'm3-1': 27.97, 'm4-1': 11.07, 'm5-1': 149.45, 'm6-1': 26.92, 'm7-1': 163.57, 'm8-1': 25.59}",1.4249999999999998,185.19099999999997,186.14099999999996,inf,195.598,195.598
865,T9,BESTEFFORT,MISSED,m6-1,85.607,"{'m1-1': 1.0, 'm2-1': 25.11, 'm3-1': 24.65, 'm4-1': 10.96, 'm5-1': 148.28, 'm6-1': 26.14, 'm7-1': 146.84, 'm8-1': 25.8}",1.4099999999999966,194.667,inf,195.607,195.607,195.607
866,T9,BESTEFFORT,MISSED,m7-1,85.631,"{'m1-1': 1.06, 'm2-1': 28.39, 'm3-1': 27.77, 'm4-1': 10.5, 'm5-1': 142.3, 'm6-1': 24.43, 'm7-1': 147.86, 'm8-1': 27.34}",1.4040000000000106,194.695,inf,195.631,195.631,195.631
867,T2,BESTEFFORT,MISSED,m8-1,85.741,"{'m1-1': 1.0, 'm2-1': 26.37, 'm3-1': 27.08, 'm4-1': 11.03, 'm5-1': 158.78, 'm6-1': 26.72, 'm7-1': 160.82, 'm8-1': 24.53}",1.4699999999999847,194.761,inf,195.74099999999999,195.74099999999999,195.74099999999999
868,T3,BESTEFFORT,COMPLETED,m1-1,85.819,"{'m1-1': 1.03, 'm2-1': 23.95, 'm3-1': 27.22, 'm4-1': 11.71, 'm5-1': 173.67, 'm6-1': 25.37, 'm7-1': 170.56, 'm8-1': 24.48}",1.545,186.14099999999996,187.17099999999996,inf,195.81900000000002,195.81900000000002
869,T7,BESTEFFORT,MISSED,m2-1,86.102,"{'m1-1': 0.97, 'm2-1': 25.74, 'm3-1': 29.26, 'm4-1': 11.37, 'm5-1': 154.49, 'm6-1': 28.2, 'm7-1': 148.35, 'm8-1': 29.78}",1.5990000000000038,195.036,inf,196.102,196.102,196.102
870,T3,BESTEFFORT,MISSED,m3-1,86.154,"{'m1-1': 1.03, 'm2-1': 26.64, 'm3-1': 24.75, 'm4-1': 10.18, 'm5-1': 171.06, 'm6-1': 27.5, 'm7-1': 164.4, 'm8-1': 24.96}",1.4295000000000044,195.201,inf,196.154,196.154,196.154
871,T6,BESTEFFORT,MISSED,m4-1,86.364,"{'m1-1': 1.13, 'm2-1': 24.52, 'm3-1': 27.42, 'm4-1': 10.37, 'm5-1': 143.7, 'm6-1': 26.17, 'm7-1': 149.37, 'm8-1': 25.28}",1.5075000000000358,195.35899999999998,inf,196.364,196.364,196.364
872,T7,BESTEFFORT,MISSED,m5-1,86.441,"{'m1-1': 1.01, 'm2-1': 25.52, 'm3-1': 25.04, 'm4-1': 10.62, 'm5-1': 158.98, 'm6-1': 26.3, 'm7-1': 145.61, 'm8-1': 27.23}",1.3739999999999952,195.525,inf,196.441,196.441,196.441
873,T1,BESTEFFORT,MISSED,m6-1,86.506,"{'m1-1': 1.05, 'm2-1': 26.1, 'm3-1': 25.82, 'm4-1': 11.28, 'm5-1': 164.62, 'm6-1': 26.22, 'm7-1': 173.15, 'm8-1': 24.99}",1.3485000000000014,195.607,inf,196.506,196.506,196.506
874,T3,BESTEFFORT,MISSED,m7-1,86.534,"{'m1-1': 1.14, 'm2-1': 28.12, 'm3-1': 27.18, 'm4-1': 11.04, 'm5-1': 165.16, 'm6-1': 28.42, 'm7-1': 153.87, 'm8-1': 25.54}",1.3544999999999874,195.631,inf,196.534,196.534,196.534
875,T7,BESTEFFORT,COMPLETED,m1-1,86.659,"{'m1-1': 1.01, 'm2-1': 25.33, 'm3-1': 28.92, 'm4-1': 11.13, 'm5-1': 162.93, 'm6-1': 25.97, 'm7-1': 158.12, 'm8-1': 27.59}",1.5150000000000001,187.17099999999996,188.18099999999995,inf,196.659,196.659
876,T3,BESTEFFORT,MISSED,m8-1,86.725,"{'m1-1': 1.1, 'm2-1': 24.67, 'm3-1': 27.25, 'm4-1': 10.5, 'm5-1': 168.96, 'm6-1': 27.43, 'm7-1': 164.84, 'm8-1': 25.86}",1.4760000000000133,195.74099999999999,inf,196.725,196.725,196.725
877,T10,BESTEFFORT,COMPLETED,m1-1,86.885,"{'m1-1': 1.0, 'm2-1': 25.28, 'm3-1': 24.48, 'm4-1': 10.43, 'm5-1': 163.07, 'm6-1': 28.97, 'm7-1': 159.62, 'm8-1': 27.14}",1.5,188.18099999999995,189.18099999999995,inf,196.885,196.885
878,T8,BESTEFFORT,MISSED,m2-1,86.974,"{'m1-1': 1.07, 'm2-1': 26.52, 'm3-1': 25.16, 'm4-1': 10.78, 'm5-1': 164.35, 'm6-1': 26.4, 'm7-1': 174.01, 'm8-1': 25.9}",1.3079999999999785,196.102,inf,196.974,196.974,196.974
879,T5,BESTEFFORT,MISSED,m3-1,87.022,"{'m1-1': 1.09, 'm2-1': 24.04, 'm3-1': 25.4, 'm4-1': 10.95, 'm5-1': 151.46, 'm6-1': 26.71, 'm7-1': 150.08, 'm8-1': 27.9}",1.3019999999999925,196.154,inf,197.022,197.022,197.022
880,T9,BESTEFFORT,MISSED,m4-1,87.187,"{'m1-1': 1.05, 'm2-1': 25.0, 'm3-1': 24.51, 'm4-1': 9.84, 'm5-1': 164.58, 'm6-1': 28.4, 'm7-1': 151.34, 'm8-1': 26.38}",1.2345000000000113,196.364,inf,197.187,197.187,197.187
881,T10,BESTEFFORT,MISSED,m4-1,87.395,"{'m1-1': 1.11, 'm2-1': 26.23, 'm3-1': 24.45, 'm4-1': 10.36, 'm5-1': 156.94, 'm6-1': 24.89, 'm7-1': 176.27, 'm8-1': 28.0}",0.311999999999955,197.187,inf,197.39499999999998,197.39499999999998,197.39499999999998
882,T7,BESTEFFORT,MISSED,m5-1,87.432,"{'m1-1': 1.02, 'm2-1': 24.42, 'm3-1': 28.2, 'm4-1': 11.03, 'm5-1': 148.35, 'm6-1': 28.0, 'm7-1': 150.63, 'm8-1': 28.72}",1.4865000000000208,196.441,inf,197.43200000000002,197.43200000000002,197.43200000000002
883,T2,BESTEFFORT,MISSED,m6-1,87.551,"{'m1-1': 0.99, 'm2-1': 23.44, 'm3-1': 25.33, 'm4-1': 9.87, 'm5-1': 156.93, 'm6-1': 25.03, 'm7-1': 159.71, 'm8-1': 28.46}",1.5674999999999812,196.506,inf,197.551,197.551,197.551
884,T2,BESTEFFORT,MISSED,m7-1,87.558,"{'m1-1': 0.99, 'm2-1': 27.35, 'm3-1': 28.8, 'm4-1': 9.5, 'm5-1': 156.73, 'm6-1': 25.98, 'm7-1': 153.83, 'm8-1': 24.52}",1.5360000000000014,196.534,inf,197.558,197.558,197.558
885,T3,BESTEFFORT,MISSED,m8-1,87.607,"{'m1-1': 0.99, 'm2-1': 26.83, 'm3-1': 26.51, 'm4-1': 11.41, 'm5-1': 146.84, 'm6-1': 25.15, 'm7-1': 153.63, 'm8-1': 24.13}",1.3230000000000075,196.725,inf,197.607,197.607,197.607
886,T1,BESTEFFORT,COMPLETED,m1-1,87.702,"{'m1-1': 1.15, 'm2-1': 25.5, 'm3-1': 28.27, 'm4-1': 10.65, 'm5-1': 152.6, 'm6-1': 24.79, 'm7-1': 148.0, 'm8-1': 27.94}",1.7249999999999999,189.18099999999995,190.33099999999996,inf,197.702,197.702
887,T10,BESTEFFORT,COMPLETED,m1-1,88.06,"{'m1-1': 1.07, 'm2-1': 27.38, 'm3-1': 25.03, 'm4-1': 9.74, 'm5-1': 160.84, 'm6-1': 26.28, 'm7-1': 162.91, 'm8-1': 25.12}",1.605,190.33099999999996,191.40099999999995,inf,198.06,198.06
888,T10,BESTEFFORT,MISSED,m2-1,88.065,"{'m1-1': 1.01, 'm2-1': 25.02, 'm3-1': 26.55, 'm4-1': 9.54, 'm5-1': 149.02, 'm6-1': 27.36, 'm7-1': 152.62, 'm8-1': 24.88}",1.6365000000000123,196.974,inf,198.065,198.065,198.065
889,T6,BESTEFFORT,MISSED,m3-1,88.142,"{'m1-1': 1.06, 'm2-1': 28.06, 'm3-1': 27.72, 'm4-1': 10.8, 'm5-1': 155.5, 'm6-1': 26.2, 'm7-1': 160.61, 'm8-1': 24.99}",1.6800000000000068,197.022,inf,198.142,198.142,198.142
890,T2,BESTEFFORT,MISSED,m4-1,88.322,"{'m1-1': 0.98, 'm2-1': 24.84, 'm3-1': 25.42, 'm4-1': 10.51, 'm5-1': 144.0, 'm6-1': 27.38, 'm7-1': 172.82, 'm8-1': 26.9}",1.3905000000000314,197.39499999999998,inf,198.322,198.322,198.322
891,T10,BESTEFFORT,MISSED,m5-1,88.359,"{'m1-1': 1.06, 'm2-1': 27.21, 'm3-1': 27.1, 'm4-1': 10.68, 'm5-1': 162.43, 'm6-1': 29.07, 'm7-1': 162.25, 'm8-1': 26.56}",1.3904999999999461,197.43200000000002,inf,198.35899999999998,198.35899999999998,198.35899999999998
892,T8,BESTEFFORT,MISSED,m6-1,88.392,"{'m1-1': 0.98, 'm2-1': 27.16, 'm3-1': 25.63, 'm4-1': 10.58, 'm5-1': 150.73, 'm6-1': 27.02, 'm7-1': 157.57, 'm8-1': 26.35}",1.2615000000000123,197.551,inf,198.392,198.392,198.392
893,T10,BESTEFFORT,COMPLETED,m1-1,88.767,"{'m1-1': 0.99, 'm2-1': 25.33, 'm3-1': 27.4, 'm4-1': 10.04, 'm5-1': 163.74, 'm6-1': 25.25, 'm7-1': 170.93, 'm8-1': 27.16}",1.4849999999999999,191.40099999999995,192.39099999999996,inf,198.767,198.767
894,T8,BESTEFFORT,MISSED,m7-1,88.83,"{'m1-1': 0.96, 'm2-1': 27.06, 'm3-1': 24.96, 'm4-1': 9.99, 'm5-1': 150.69, 'm6-1': 27.0, 'm7-1': 175.46, 'm8-1': 23.68}",1.907999999999987,197.558,inf,198.82999999999998,198.82999999999998,198.82999999999998
895,T2,BESTEFFORT,MISSED,m8-1,89.257,"{'m1-1': 0.99, 'm2-1': 26.97, 'm3-1': 24.95, 'm4-1': 11.1, 'm5-1': 148.35, 'm6-1': 27.33, 'm7-1': 148.83, 'm8-1': 26.09}",2.4750000000000085,197.607,inf,199.257,199.257,199.257
896,T5,BESTEFFORT,COMPLETED,m1-1,89.296,"{'m1-1': 0.98, 'm2-1': 25.02, 'm3-1': 24.18, 'm4-1': 10.75, 'm5-1': 175.65, 'm6-1': 24.13, 'm7-1': 163.55, 'm8-1': 29.29}",1.47,192.39099999999996,193.37099999999995,inf,199.296,199.296
897,T1,BESTEFFORT,MISSED,m2-1,89.461,"{'m1-1': 1.16, 'm2-1': 25.11, 'm3-1': 27.27, 'm4-1': 10.73, 'm5-1': 154.18, 'm6-1': 26.76, 'm7-1': 170.87, 'm8-1': 25.42}",2.0940000000000225,198.065,inf,199.461,199.461,199.461
898,T2,BESTEFFORT,COMPLETED,m1-1,89.743,"{'m1-1': 1.01, 'm2-1': 27.04, 'm3-1': 25.13, 'm4-1': 10.13, 'm5-1': 151.24, 'm6-1': 29.06, 'm7-1': 172.01, 'm8-1': 24.46}",1.5150000000000001,193.37099999999995,194.38099999999994,inf,199.743,199.743
899,T1,BESTEFFORT,MISSED,m3-1,89.81,"{'m1-1': 0.99, 'm2-1': 26.42, 'm3-1': 24.17, 'm4-1': 10.98, 'm5-1': 148.63, 'm6-1': 27.42, 'm7-1': 154.11, 'm8-1': 28.24}",2.5020000000000095,198.142,inf,199.81,199.81,199.81
900,T2,BESTEFFORT,MISSED,m4-1,90.044,"{'m1-1': 1.05, 'm2-1': 23.95, 'm3-1': 26.86, 'm4-1': 9.97, 'm5-1': 161.16, 'm6-1': 26.4, 'm7-1': 157.36, 'm8-1': 26.43}",2.58299999999997,198.322,inf,200.04399999999998,200.04399999999998,200.04399999999998
901,T7,BESTEFFORT,MISSED,m5-1,90.147,"{'m1-1': 1.0, 'm2-1': 25.61, 'm3-1': 24.96, 'm4-1': 9.94, 'm5-1': 144.81, 'm6-1': 24.98, 'm7-1': 154.05, 'm8-1': 29.47}",2.6820000000000164,198.35899999999998,inf,200.147,200.147,200.147
902,T7,BESTEFFORT,MISSED,m6-1,90.215,"{'m1-1': 0.98, 'm2-1': 28.59, 'm3-1': 25.96, 'm4-1': 10.1, 'm5-1': 149.83, 'm6-1': 26.71, 'm7-1': 148.19, 'm8-1': 27.42}",2.7345000000000113,198.392,inf,200.215,200.215,200.215
903,T5,BESTEFFORT,MISSED,m7-1,90.453,"{'m1-1': 1.07, 'm2-1': 24.32, 'm3-1': 26.81, 'm4-1': 11.14, 'm5-1': 156.5, 'm6-1': 24.9, 'm7-1': 167.01, 'm8-1': 26.39}",2.4345000000000283,198.82999999999998,inf,200.453,200.453,200.453
904,T8,BESTEFFORT,MISSED,m8-1,90.478,"{'m1-1': 1.06, 'm2-1': 25.02, 'm3-1': 25.89, 'm4-1': 11.7, 'm5-1': 172.36, 'm6-1': 27.34, 'm7-1': 168.36, 'm8-1': 25.38}",1.8315000000000055,199.257,inf,200.478,200.478,200.478
905,T6,BESTEFFORT,COMPLETED,m1-1,90.722,"{'m1-1': 1.02, 'm2-1': 25.4, 'm3-1': 25.65, 'm4-1': 10.97, 'm5-1': 151.37, 'm6-1': 27.57, 'm7-1': 160.35, 'm8-1': 26.93}",1.53,194.38099999999994,195.40099999999995,inf,200.72199999999998,200.72199999999998
906,T1,BESTEFFORT,MISSED,m2-1,90.756,"{'m1-1': 1.05, 'm2-1': 27.69, 'm3-1': 27.88, 'm4-1': 10.85, 'm5-1': 146.68, 'm6-1': 25.16, 'm7-1': 157.81, 'm8-1': 27.34}",1.9424999999999812,199.461,inf,200.756,200.756,200.756
907,T7,BESTEFFORT,COMPLETED,m1-1,91.107,"{'m1-1': 0.97, 'm2-1': 27.27, 'm3-1': 29.25, 'm4-1': 10.05, 'm5-1': 144.18, 'm6-1': 28.89, 'm7-1': 155.11, 'm8-1': 28.99}",1.455,195.40099999999995,196.37099999999995,inf,201.107,201.107
908,T5,BESTEFFORT,MISSED,m3-1,91.361,"{'m1-1': 1.07, 'm2-1': 26.04, 'm3-1': 24.67, 'm4-1': 10.02, 'm5-1': 165.4, 'm6-1': 23.04, 'm7-1': 176.58, 'm8-1': 27.54}",2.3264999999999816,199.81,inf,201.361,201.361,201.361
909,T10,BESTEFFORT,MISSED,m4-1,91.594,"{'m1-1': 1.03, 'm2-1': 24.19, 'm3-1': 24.66, 'm4-1': 10.15, 'm5-1': 165.03, 'm6-1': 27.67, 'm7-1': 166.03, 'm8-1': 25.01}",2.325000000000017,200.04399999999998,inf,201.594,201.594,201.594
910,T7,BESTEFFORT,MISSED,m5-1,91.655,"{'m1-1': 1.08, 'm2-1': 27.92, 'm3-1': 25.05, 'm4-1': 11.45, 'm5-1': 144.04, 'm6-1': 28.79, 'm7-1': 148.66, 'm8-1': 28.68}",2.2620000000000147,200.147,inf,201.655,201.655,201.655
911,T8,BESTEFFORT,COMPLETED,m1-1,91.884,"{'m1-1': 1.1, 'm2-1': 27.36, 'm3-1': 29.08, 'm4-1': 11.05, 'm5-1': 154.97, 'm6-1': 28.18, 'm7-1': 167.09, 'm8-1': 26.13}",1.6500000000000001,196.37099999999995,197.47099999999995,inf,201.88400000000001,201.88400000000001
912,T1,BESTEFFORT,MISSED,m6-1,92.117,"{'m1-1': 1.02, 'm2-1': 26.5, 'm3-1': 24.99, 'm4-1': 10.65, 'm5-1': 165.03, 'm6-1': 26.05, 'm7-1': 171.42, 'm8-1': 26.24}",2.853000000000023,200.215,inf,202.11700000000002,202.11700000000002,202.11700000000002
913,T1,BESTEFFORT,MISSED,m7-1,92.19,"{'m1-1': 1.04, 'm2-1': 26.59, 'm3-1': 26.56, 'm4-1': 10.13, 'm5-1': 147.77, 'm6-1': 26.24, 'm7-1': 155.85, 'm8-1': 27.23}",2.605499999999992,200.453,inf,202.19,202.19,202.19
914,T2,BESTEFFORT,MISSED,m8-1,92.228,"{'m1-1': 1.09, 'm2-1': 24.48, 'm3-1': 26.83, 'm4-1': 9.92, 'm5-1': 145.8, 'm6-1': 25.27, 'm7-1': 169.02, 'm8-1': 26.82}",2.625,200.478,inf,202.228,202.228,202.228
915,T2,BESTEFFORT,COMPLETED,m1-1,92.279,"{'m1-1': 1.04, 'm2-1': 23.74, 'm3-1': 28.06, 'm4-1': 9.89, 'm5-1': 140.24, 'm6-1': 26.57, 'm7-1': 153.33, 'm8-1': 25.31}",1.56,197.47099999999995,198.51099999999994,inf,202.279,202.279
916,T6,BESTEFFORT,MISSED,m2-1,92.422,"{'m1-1': 1.01, 'm2-1': 26.82, 'm3-1': 28.78, 'm4-1': 11.04, 'm5-1': 165.64, 'm6-1': 26.1, 'm7-1': 148.05, 'm8-1': 25.79}",2.4989999999999952,200.756,inf,202.422,202.422,202.422
917,T9,BESTEFFORT,MISSED,m3-1,92.657,"{'m1-1': 1.04, 'm2-1': 26.41, 'm3-1': 26.2, 'm4-1': 10.41, 'm5-1': 156.37, 'm6-1': 25.7, 'm7-1': 148.91, 'm8-1': 26.2}",1.9439999999999884,201.361,inf,202.65699999999998,202.65699999999998,202.65699999999998
918,T1,BESTEFFORT,MISSED,m4-1,92.704,"{'m1-1': 1.06, 'm2-1': 24.97, 'm3-1': 28.34, 'm4-1': 11.33, 'm5-1': 160.68, 'm6-1': 27.36, 'm7-1': 155.02, 'm8-1': 26.71}",1.6650000000000205,201.594,inf,202.704,202.704,202.704
919,T8,BESTEFFORT,MISSED,m5-1,92.789,"{'m1-1': 1.04, 'm2-1': 24.66, 'm3-1': 27.46, 'm4-1': 11.19, 'm5-1': 161.38, 'm6-1': 24.8, 'm7-1': 174.69, 'm8-1': 27.54}",1.7009999999999792,201.655,inf,202.789,202.789,202.789
920,T2,BESTEFFORT,MISSED,m6-1,92.839,"{'m1-1': 1.08, 'm2-1': 26.5, 'm3-1': 24.94, 'm4-1': 10.14, 'm5-1': 147.8, 'm6-1': 25.43, 'm7-1': 148.24, 'm8-1': 24.52}",1.08299999999997,202.11700000000002,inf,202.839,202.839,202.839
921,T8,BESTEFFORT,COMPLETED,m1-1,92.992,"{'m1-1': 1.09, 'm2-1': 28.55, 'm3-1': 26.06, 'm4-1': 11.34, 'm5-1': 177.68, 'm6-1': 28.18, 'm7-1': 172.92, 'm8-1': 23.63}",1.6350000000000002,198.51099999999994,199.60099999999994,inf,202.99200000000002,202.99200000000002
922,T6,BESTEFFORT,MISSED,m7-1,93.06,"{'m1-1': 0.97, 'm2-1': 24.87, 'm3-1': 26.49, 'm4-1': 9.64, 'm5-1': 142.74, 'm6-1': 25.58, 'm7-1': 154.85, 'm8-1': 26.56}",1.3050000000000068,202.19,inf,203.06,203.06,203.06
923,T9,BESTEFFORT,MISSED,m8-1,93.214,"{'m1-1': 0.94, 'm2-1': 27.74, 'm3-1': 28.23, 'm4-1': 10.07, 'm5-1': 141.4, 'm6-1': 27.92, 'm7-1': 161.32, 'm8-1': 26.53}",1.478999999999985,202.228,inf,203.214,203.214,203.214
924,T2,BESTEFFORT,COMPLETED,m1-1,93.565,"{'m1-1': 1.02, 'm2-1': 26.96, 'm3-1': 28.87, 'm4-1': 10.0, 'm5-1': 155.41, 'm6-1': 25.75, 'm7-1': 170.4, 'm8-1': 27.77}",1.53,199.60099999999994,200.62099999999995,inf,203.565,203.565
925,T5,BESTEFFORT,MISSED,m2-1,93.598,"{'m1-1': 1.06, 'm2-1': 25.37, 'm3-1': 26.62, 'm4-1': 10.14, 'm5-1': 162.92, 'm6-1': 26.57, 'm7-1': 156.24, 'm8-1': 25.0}",1.7640000000000242,202.422,inf,203.598,203.598,203.598
926,T2,BESTEFFORT,MISSED,m3-1,93.6,"{'m1-1': 0.94, 'm2-1': 24.14, 'm3-1': 26.55, 'm4-1': 11.07, 'm5-1': 147.9, 'm6-1': 24.67, 'm7-1': 157.8, 'm8-1': 26.32}",1.414500000000018,202.65699999999998,inf,203.6,203.6,203.6
927,T1,BESTEFFORT,MISSED,m4-1,93.619,"{'m1-1': 1.05, 'm2-1': 24.34, 'm3-1': 24.34, 'm4-1': 11.39, 'm5-1': 144.28, 'm6-1': 27.65, 'm7-1': 170.83, 'm8-1': 25.5}",1.372499999999988,202.704,inf,203.619,203.619,203.619
928,T5,BESTEFFORT,MISSED,m5-1,93.776,"{'m1-1': 1.06, 'm2-1': 27.01, 'm3-1': 25.46, 'm4-1': 11.22, 'm5-1': 169.95, 'm6-1': 23.37, 'm7-1': 155.38, 'm8-1': 25.06}",1.4805000000000348,202.789,inf,203.776,203.776,203.776
929,T9,BESTEFFORT,COMPLETED,m1-1,94.32,"{'m1-1': 0.98, 'm2-1': 29.02, 'm3-1': 26.43, 'm4-1': 9.93, 'm5-1': 161.42, 'm6-1': 26.03, 'm7-1': 143.84, 'm8-1': 24.84}",1.47,200.62099999999995,201.60099999999994,inf,204.32,204.32
930,T1,BESTEFFORT,MISSED,m6-1,94.509,"{'m1-1': 1.14, 'm2-1': 24.08, 'm3-1': 25.84, 'm4-1': 10.44, 'm5-1': 162.96, 'm6-1': 26.88, 'm7-1': 157.6, 'm8-1': 27.46}",2.505000000000024,202.839,inf,204.50900000000001,204.50900000000001,204.50900000000001
931,T9,BESTEFFORT,MISSED,m7-1,94.677,"{'m1-1': 0.98, 'm2-1': 27.82, 'm3-1': 24.48, 'm4-1': 10.42, 'm5-1': 140.6, 'm6-1': 25.1, 'm7-1': 153.1, 'm8-1': 26.75}",2.425500000000028,203.06,inf,204.67700000000002,204.67700000000002,204.67700000000002
932,T6,BESTEFFORT,MISSED,m8-1,94.857,"{'m1-1': 1.01, 'm2-1': 26.93, 'm3-1': 25.58, 'm4-1': 9.69, 'm5-1': 152.9, 'm6-1': 26.26, 'm7-1': 161.38, 'm8-1': 27.44}",2.464500000000001,203.214,inf,204.857,204.857,204.857
933,T6,BESTEFFORT,COMPLETED,m1-1,94.913,"{'m1-1': 0.98, 'm2-1': 24.03, 'm3-1': 26.78, 'm4-1': 9.99, 'm5-1': 142.66, 'm6-1': 27.37, 'm7-1': 149.09, 'm8-1': 27.08}",1.47,201.60099999999994,202.58099999999993,inf,204.913,204.913
934,T7,BESTEFFORT,COMPLETED,m1-1,94.977,"{'m1-1': 1.07, 'm2-1': 26.61, 'm3-1': 27.44, 'm4-1': 11.62, 'm5-1': 159.98, 'm6-1': 24.85, 'm7-1': 149.05, 'm8-1': 29.12}",1.605,202.58099999999993,203.65099999999993,inf,204.977,204.977
935,T2,BESTEFFORT,MISSED,m2-1,95.08,"{'m1-1': 1.1, 'm2-1': 26.62, 'm3-1': 28.27, 'm4-1': 10.47, 'm5-1': 144.0, 'm6-1': 27.63, 'm7-1': 149.49, 'm8-1': 28.47}",2.2229999999999563,203.598,inf,205.07999999999998,205.07999999999998,205.07999999999998
936,T7,BESTEFFORT,MISSED,m3-1,95.26,"{'m1-1': 0.94, 'm2-1': 27.89, 'm3-1': 28.82, 'm4-1': 10.72, 'm5-1': 157.11, 'm6-1': 28.15, 'm7-1': 156.23, 'm8-1': 27.26}",2.489999999999995,203.6,inf,205.26,205.26,205.26
937,T6,BESTEFFORT,MISSED,m4-1,95.261,"{'m1-1': 0.98, 'm2-1': 26.34, 'm3-1': 25.4, 'm4-1': 11.12, 'm5-1': 155.29, 'm6-1': 27.96, 'm7-1': 155.59, 'm8-1': 27.61}",2.462999999999994,203.619,inf,205.261,205.261,205.261
938,T2,BESTEFFORT,MISSED,m5-1,95.541,"{'m1-1': 1.02, 'm2-1': 23.91, 'm3-1': 29.26, 'm4-1': 10.44, 'm5-1': 152.73, 'm6-1': 29.07, 'm7-1': 166.13, 'm8-1': 27.15}",2.6474999999999795,203.776,inf,205.541,205.541,205.541
939,T2,BESTEFFORT,MISSED,m6-1,95.681,"{'m1-1': 1.02, 'm2-1': 24.18, 'm3-1': 24.85, 'm4-1': 10.09, 'm5-1': 154.2, 'm6-1': 28.83, 'm7-1': 147.61, 'm8-1': 24.21}",1.757999999999953,204.50900000000001,inf,205.68099999999998,205.68099999999998,205.68099999999998
940,T9,BESTEFFORT,MISSED,m7-1,95.751,"{'m1-1': 1.02, 'm2-1': 26.14, 'm3-1': 25.82, 'm4-1': 11.18, 'm5-1': 149.36, 'm6-1': 26.14, 'm7-1': 152.33, 'm8-1': 28.57}",1.6109999999999758,204.67700000000002,inf,205.751,205.751,205.751
941,T10,BESTEFFORT,MISSED,m8-1,95.892,"{'m1-1': 1.15, 'm2-1': 26.53, 'm3-1': 25.62, 'm4-1': 10.44, 'm5-1': 160.72, 'm6-1': 25.46, 'm7-1': 154.45, 'm8-1': 25.28}",1.5524999999999949,204.857,inf,205.892,205.892,205.892
942,T7,BESTEFFORT,COMPLETED,m1-1,95.92,"{'m1-1': 1.05, 'm2-1': 28.37, 'm3-1': 26.54, 'm4-1': 11.68, 'm5-1': 162.5, 'm6-1': 25.23, 'm7-1': 148.94, 'm8-1': 28.25}",1.5750000000000002,203.65099999999993,204.70099999999994,inf,205.92000000000002,205.92000000000002
943,T6,BESTEFFORT,COMPLETED,m1-1,96.405,"{'m1-1': 1.0, 'm2-1': 24.75, 'm3-1': 27.9, 'm4-1': 9.74, 'm5-1': 166.6, 'm6-1': 24.22, 'm7-1': 170.88, 'm8-1': 25.62}",1.5,204.70099999999994,205.70099999999994,inf,206.405,206.405
944,T10,BESTEFFORT,MISSED,m2-1,96.705,"{'m1-1': 1.13, 'm2-1': 25.23, 'm3-1': 26.78, 'm4-1': 10.32, 'm5-1': 168.03, 'm6-1': 24.92, 'm7-1': 151.68, 'm8-1': 28.78}",2.4375,205.07999999999998,inf,206.70499999999998,206.70499999999998,206.70499999999998
945,T9,BESTEFFORT,MISSED,m3-1,96.72,"{'m1-1': 0.99, 'm2-1': 24.94, 'm3-1': 26.51, 'm4-1': 10.78, 'm5-1': 157.7, 'm6-1': 25.15, 'm7-1': 155.7, 'm8-1': 25.52}",2.190000000000012,205.26,inf,206.72,206.72,206.72
946,T9,BESTEFFORT,MISSED,m4-1,96.833,"{'m1-1': 1.08, 'm2-1': 29.25, 'm3-1': 26.76, 'm4-1': 11.46, 'm5-1': 164.61, 'm6-1': 27.16, 'm7-1': 155.91, 'm8-1': 27.72}",2.358000000000004,205.261,inf,206.833,206.833,206.833
947,T10,BESTEFFORT,COMPLETED,m1-1,97.082,"{'m1-1': 1.15, 'm2-1': 24.4, 'm3-1': 23.88, 'm4-1': 9.63, 'm5-1': 151.21, 'm6-1': 27.0, 'm7-1': 155.22, 'm8-1': 28.79}",1.7249999999999999,205.70099999999994,206.85099999999994,inf,207.082,207.082
948,T7,BESTEFFORT,MISSED,m5-1,97.187,"{'m1-1': 1.07, 'm2-1': 27.08, 'm3-1': 26.49, 'm4-1': 11.14, 'm5-1': 163.1, 'm6-1': 25.91, 'm7-1': 144.29, 'm8-1': 26.32}",2.4690000000000225,205.541,inf,207.187,207.187,207.187
949,T10,BESTEFFORT,MISSED,m6-1,97.207,"{'m1-1': 1.16, 'm2-1': 27.66, 'm3-1': 26.91, 'm4-1': 9.41, 'm5-1': 168.5, 'm6-1': 28.22, 'm7-1': 155.96, 'm8-1': 29.02}",2.2890000000000157,205.68099999999998,inf,207.207,207.207,207.207
950,T6,BESTEFFORT,MISSED,m7-1,97.369,"{'m1-1': 1.11, 'm2-1': 25.22, 'm3-1': 25.5, 'm4-1': 10.21, 'm5-1': 161.12, 'm6-1': 24.57, 'm7-1': 150.14, 'm8-1': 27.05}",2.4269999999999925,205.751,inf,207.369,207.369,207.369
951,T2,BESTEFFORT,MISSED,m8-1,97.404,"{'m1-1': 1.05, 'm2-1': 26.83, 'm3-1': 25.02, 'm4-1': 10.99, 'm5-1': 139.49, 'm6-1': 26.92, 'm7-1': 147.76, 'm8-1': 26.76}",2.2680000000000007,205.892,inf,207.404,207.404,207.404
952,T2,BESTEFFORT,COMPLETED,m1-1,98.485,"{'m1-1': 1.05, 'm2-1': 24.29, 'm3-1': 28.66, 'm4-1': 9.72, 'm5-1': 152.14, 'm6-1': 27.81, 'm7-1': 154.21, 'm8-1': 26.02}",1.5750000000000002,206.85099999999994,207.90099999999995,inf,208.485,208.485
953,T2,BESTEFFORT,MISSED,m4-1,98.82,"{'m1-1': 0.96, 'm2-1': 23.58, 'm3-1': 26.5, 'm4-1': 10.62, 'm5-1': 153.49, 'm6-1': 28.22, 'm7-1': 173.34, 'm8-1': 28.31}",2.980499999999992,206.833,inf,208.82,208.82,208.82
954,T1,BESTEFFORT,MISSED,m1-1,98.92,"{'m1-1': 1.07, 'm2-1': 23.69, 'm3-1': 27.64, 'm4-1': 11.91, 'm5-1': 163.33, 'm6-1': 24.39, 'm7-1': 152.46, 'm8-1': 27.14}",1.5285000000000935,207.90099999999995,inf,208.92000000000002,208.92000000000002,208.92000000000002
955,T1,BESTEFFORT,MISSED,m2-1,99.015,"{'m1-1': 1.09, 'm2-1': 26.39, 'm3-1': 26.68, 'm4-1': 11.21, 'm5-1': 166.25, 'm6-1': 25.65, 'm7-1': 161.99, 'm8-1': 27.28}",3.4650000000000034,206.70499999999998,inf,209.015,209.015,209.015
956,T10,BESTEFFORT,MISSED,m1-1,99.577,"{'m1-1': 1.02, 'm2-1': 25.14, 'm3-1': 23.7, 'm4-1': 10.18, 'm5-1': 161.1, 'm6-1': 29.06, 'm7-1': 172.07, 'm8-1': 26.74}",0.9854999999999734,208.92000000000002,inf,209.577,209.577,209.577
957,T10,BESTEFFORT,MISSED,m3-1,99.594,"{'m1-1': 1.05, 'm2-1': 24.46, 'm3-1': 23.32, 'm4-1': 9.33, 'm5-1': 152.79, 'm6-1': 24.93, 'm7-1': 174.98, 'm8-1': 25.06}",4.310999999999993,206.72,inf,209.594,209.594,209.594
958,T9,BESTEFFORT,MISSED,m4-1,100.092,"{'m1-1': 1.03, 'm2-1': 27.55, 'm3-1': 26.75, 'm4-1': 10.25, 'm5-1': 152.06, 'm6-1': 24.53, 'm7-1': 151.34, 'm8-1': 27.86}",1.907999999999987,208.82,inf,210.09199999999998,210.09199999999998,210.09199999999998
959,T2,BESTEFFORT,COMPLETED,m1-1,100.55,"{'m1-1': 0.94, 'm2-1': 27.56, 'm3-1': 24.84, 'm4-1': 11.13, 'm5-1': 158.01, 'm6-1': 26.09, 'm7-1': 154.42, 'm8-1': 25.92}",1.41,209.577,210.517,inf,210.55,210.55
960,T2,BESTEFFORT,MISSED,m5-1,101.072,"{'m1-1': 0.99, 'm2-1': 24.48, 'm3-1': 28.62, 'm4-1': 9.76, 'm5-1': 141.42, 'm6-1': 26.69, 'm7-1': 152.97, 'm8-1': 26.26}",5.827499999999986,207.187,inf,211.072,211.072,211.072
961,T6,BESTEFFORT,MISSED,m6-1,101.166,"{'m1-1': 1.07, 'm2-1': 25.14, 'm3-1': 27.26, 'm4-1': 10.43, 'm5-1': 157.81, 'm6-1': 27.75, 'm7-1': 156.7, 'm8-1': 23.71}",5.938500000000005,207.207,inf,211.166,211.166,211.166
962,T7,BESTEFFORT,MISSED,m7-1,101.179,"{'m1-1': 1.05, 'm2-1': 28.24, 'm3-1': 25.58, 'm4-1': 11.33, 'm5-1': 141.03, 'm6-1': 28.07, 'm7-1': 162.62, 'm8-1': 27.16}",5.715000000000003,207.369,inf,211.179,211.179,211.179
963,T2,BESTEFFORT,MISSED,m8-1,101.253,"{'m1-1': 1.0, 'm2-1': 26.52, 'm3-1': 25.4, 'm4-1': 9.72, 'm5-1': 152.27, 'm6-1': 27.45, 'm7-1': 155.98, 'm8-1': 26.52}",5.773499999999984,207.404,inf,211.253,211.253,211.253
964,T1,BESTEFFORT,COMPLETED,m1-1,101.58,"{'m1-1': 1.05, 'm2-1': 25.81, 'm3-1': 26.5, 'm4-1': 10.2, 'm5-1': 145.47, 'm6-1': 24.87, 'm7-1': 159.05, 'm8-1': 26.07}",1.5750000000000002,210.517,211.567,inf,211.57999999999998,211.57999999999998
965,T7,BESTEFFORT,MISSED,m1-1,102.003,"{'m1-1': 1.06, 'm2-1': 24.5, 'm3-1': 27.28, 'm4-1': 11.04, 'm5-1': 161.29, 'm6-1': 25.9, 'm7-1': 149.77, 'm8-1': 26.25}",0.6539999999999679,211.567,inf,212.003,212.003,212.003
966,T7,BESTEFFORT,MISSED,m2-1,102.043,"{'m1-1': 1.08, 'm2-1': 24.46, 'm3-1': 25.53, 'm4-1': 10.12, 'm5-1': 166.14, 'm6-1': 26.62, 'm7-1': 163.45, 'm8-1': 26.29}",4.54200000000003,209.015,inf,212.043,212.043,212.043
967,T6,BESTEFFORT,MISSED,m3-1,102.052,"{'m1-1': 1.1, 'm2-1': 28.18, 'm3-1': 25.21, 'm4-1': 10.25, 'm5-1': 165.59, 'm6-1': 24.75, 'm7-1': 170.08, 'm8-1': 26.66}",3.6870000000000402,209.594,inf,212.05200000000002,212.05200000000002,212.05200000000002
968,T7,BESTEFFORT,MISSED,m4-1,102.245,"{'m1-1': 0.95, 'm2-1': 27.88, 'm3-1': 25.34, 'm4-1': 11.76, 'm5-1': 155.33, 'm6-1': 27.75, 'm7-1': 151.58, 'm8-1': 28.0}",3.22950000000003,210.09199999999998,inf,212.245,212.245,212.245
969,T2,BESTEFFORT,MISSED,m1-1,102.47,"{'m1-1': 0.98, 'm2-1': 26.75, 'm3-1': 28.24, 'm4-1': 10.91, 'm5-1': 145.08, 'm6-1': 29.09, 'm7-1': 152.1, 'm8-1': 28.01}",0.7005000000000194,212.003,inf,212.47,212.47,212.47
970,T6,BESTEFFORT,MISSED,m5-1,102.723,"{'m1-1': 0.98, 'm2-1': 26.65, 'm3-1': 28.07, 'm4-1': 9.72, 'm5-1': 143.29, 'm6-1': 27.33, 'm7-1': 146.75, 'm8-1': 27.19}",2.4765000000000157,211.072,inf,212.723,212.723,212.723
971,T10,BESTEFFORT,MISSED,m6-1,102.726,"{'m1-1': 1.15, 'm2-1': 26.94, 'm3-1': 27.32, 'm4-1': 10.88, 'm5-1': 156.41, 'm6-1': 29.17, 'm7-1': 175.29, 'm8-1': 27.58}",2.3400000000000034,211.166,inf,212.726,212.726,212.726
972,T10,BESTEFFORT,MISSED,m7-1,102.917,"{'m1-1': 1.12, 'm2-1': 25.53, 'm3-1': 24.17, 'm4-1': 9.45, 'm5-1': 167.42, 'm6-1': 24.73, 'm7-1': 162.39, 'm8-1': 27.67}",2.6069999999999993,211.179,inf,212.917,212.917,212.917
973,T1,BESTEFFORT,MISSED,m8-1,103.494,"{'m1-1': 1.1, 'm2-1': 27.1, 'm3-1': 24.59, 'm4-1': 10.11, 'm5-1': 150.25, 'm6-1': 24.99, 'm7-1': 168.23, 'm8-1': 24.75}",3.361500000000021,211.253,inf,213.494,213.494,213.494
974,T6,BESTEFFORT,COMPLETED,m1-1,103.777,"{'m1-1': 0.96, 'm2-1': 24.71, 'm3-1': 25.6, 'm4-1': 9.7, 'm5-1': 149.17, 'm6-1': 27.75, 'm7-1': 159.62, 'm8-1': 25.1}",1.44,212.47,213.43,inf,213.777,213.777
975,T2,BESTEFFORT,MISSED,m8-1,104.239,"{'m1-1': 0.94, 'm2-1': 23.71, 'm3-1': 25.5, 'm4-1': 10.18, 'm5-1': 143.72, 'm6-1': 26.87, 'm7-1': 149.87, 'm8-1': 24.77}",1.1175000000000068,213.494,inf,214.239,214.239,214.239
976,T6,BESTEFFORT,MISSED,m1-1,104.303,"{'m1-1': 1.11, 'm2-1': 26.61, 'm3-1': 26.67, 'm4-1': 10.22, 'm5-1': 150.34, 'm6-1': 24.92, 'm7-1': 152.15, 'm8-1': 26.79}",1.3094999999999857,213.43,inf,214.303,214.303,214.303
977,T2,BESTEFFORT,MISSED,m2-1,104.319,"{'m1-1': 1.08, 'm2-1': 27.29, 'm3-1': 28.21, 'm4-1': 10.02, 'm5-1': 156.63, 'm6-1': 27.88, 'm7-1': 159.09, 'm8-1': 27.92}",3.4140000000000157,212.043,inf,214.31900000000002,214.31900000000002,214.31900000000002
978,T6,BESTEFFORT,MISSED,m3-1,104.338,"{'m1-1': 0.96, 'm2-1': 26.71, 'm3-1': 26.22, 'm4-1': 10.11, 'm5-1': 154.54, 'm6-1': 25.78, 'm7-1': 165.68, 'm8-1': 25.1}",3.4289999999999594,212.05200000000002,inf,214.338,214.338,214.338
979,T10,BESTEFFORT,MISSED,m4-1,104.449,"{'m1-1': 1.14, 'm2-1': 25.16, 'm3-1': 26.86, 'm4-1': 9.7, 'm5-1': 159.11, 'm6-1': 27.76, 'm7-1': 155.97, 'm8-1': 26.99}",3.3060000000000116,212.245,inf,214.449,214.449,214.449
980,T6,BESTEFFORT,MISSED,m1-1,105.214,"{'m1-1': 1.01, 'm2-1': 27.53, 'm3-1': 26.31, 'm4-1': 10.36, 'm5-1': 164.84, 'm6-1': 24.93, 'm7-1': 165.94, 'm8-1': 26.0}",1.366500000000002,214.303,inf,215.214,215.214,215.214
981,T2,BESTEFFORT,MISSED,m5-1,105.398,"{'m1-1': 1.09, 'm2-1': 25.7, 'm3-1': 27.38, 'm4-1': 10.05, 'm5-1': 144.92, 'm6-1': 25.63, 'm7-1': 172.65, 'm8-1': 28.36}",4.012499999999974,212.723,inf,215.398,215.398,215.398
982,T7,BESTEFFORT,MISSED,m1-1,105.764,"{'m1-1': 0.97, 'm2-1': 26.22, 'm3-1': 26.74, 'm4-1': 11.12, 'm5-1': 147.59, 'm6-1': 24.44, 'm7-1': 144.04, 'm8-1': 25.97}",0.825000000000017,215.214,inf,215.764,215.764,215.764
983,T1,BESTEFFORT,MISSED,m2-1,105.973,"{'m1-1': 1.01, 'm2-1': 25.56, 'm3-1': 24.05, 'm4-1': 11.32, 'm5-1': 146.82, 'm6-1': 23.99, 'm7-1': 155.02, 'm8-1': 26.99}",2.4809999999999945,214.31900000000002,inf,215.973,215.973,215.973
984,T1,BESTEFFORT,MISSED,m6-1,106.036,"{'m1-1': 1.0, 'm2-1': 27.71, 'm3-1': 26.75, 'm4-1': 10.79, 'm5-1': 159.16, 'm6-1': 26.16, 'm7-1': 159.61, 'm8-1': 27.74}",4.965000000000003,212.726,inf,216.036,216.036,216.036
985,T6,BESTEFFORT,MISSED,m7-1,106.561,"{'m1-1': 1.01, 'm2-1': 25.9, 'm3-1': 26.34, 'm4-1': 11.0, 'm5-1': 163.18, 'm6-1': 26.16, 'm7-1': 164.44, 'm8-1': 24.07}",5.466000000000008,212.917,inf,216.561,216.561,216.561
986,T1,BESTEFFORT,COMPLETED,m1-1,107.018,"{'m1-1': 1.07, 'm2-1': 24.28, 'm3-1': 27.64, 'm4-1': 10.2, 'm5-1': 140.62, 'm6-1': 24.17, 'm7-1': 167.58, 'm8-1': 25.31}",1.605,215.764,216.834,inf,217.018,217.018
987,T6,BESTEFFORT,MISSED,m6-1,107.24,"{'m1-1': 1.01, 'm2-1': 26.17, 'm3-1': 24.85, 'm4-1': 9.86, 'm5-1': 153.28, 'm6-1': 27.33, 'm7-1': 159.18, 'm8-1': 23.7}",1.8060000000000116,216.036,inf,217.24,217.24,217.24
988,T6,BESTEFFORT,MISSED,m8-1,107.581,"{'m1-1': 1.13, 'm2-1': 26.43, 'm3-1': 25.31, 'm4-1': 10.29, 'm5-1': 155.85, 'm6-1': 25.39, 'm7-1': 163.23, 'm8-1': 26.62}",5.013000000000019,214.239,inf,217.58100000000002,217.58100000000002,217.58100000000002
989,T1,BESTEFFORT,MISSED,m3-1,107.846,"{'m1-1': 1.16, 'm2-1': 24.71, 'm3-1': 26.47, 'm4-1': 11.37, 'm5-1': 164.18, 'm6-1': 26.89, 'm7-1': 164.8, 'm8-1': 24.52}",5.262000000000015,214.338,inf,217.846,217.846,217.846
990,T2,BESTEFFORT,COMPLETED,m1-1,108.318,"{'m1-1': 1.07, 'm2-1': 25.66, 'm3-1': 27.99, 'm4-1': 11.11, 'm5-1': 142.45, 'm6-1': 27.33, 'm7-1': 151.63, 'm8-1': 24.79}",1.605,216.834,217.904,inf,218.31799999999998,218.31799999999998
991,T1,BESTEFFORT,MISSED,m1-1,108.585,"{'m1-1': 1.1, 'm2-1': 24.9, 'm3-1': 25.33, 'm4-1': 11.21, 'm5-1': 140.07, 'm6-1': 25.94, 'm7-1': 160.37, 'm8-1': 26.78}",1.0214999999999748,217.904,inf,218.58499999999998,218.58499999999998,218.58499999999998
992,T2,BESTEFFORT,MISSED,m2-1,108.605,"{'m1-1': 0.96, 'm2-1': 23.84, 'm3-1': 26.59, 'm4-1': 10.67, 'm5-1': 144.14, 'm6-1': 27.93, 'm7-1': 165.04, 'm8-1': 26.55}",3.9480000000000075,215.973,inf,218.60500000000002,218.60500000000002,218.60500000000002
993,T1,BESTEFFORT,MISSED,m3-1,109.027,"{'m1-1': 1.01, 'm2-1': 27.52, 'm3-1': 25.87, 'm4-1': 10.55, 'm5-1': 142.0, 'm6-1': 23.99, 'm7-1': 159.84, 'm8-1': 24.51}",1.7714999999999748,217.846,inf,219.027,219.027,219.027
994,T1,BESTEFFORT,MISSED,m4-1,109.63,"{'m1-1': 1.06, 'm2-1': 25.8, 'm3-1': 28.32, 'm4-1': 11.32, 'm5-1': 148.08, 'm6-1': 24.53, 'm7-1': 164.83, 'm8-1': 24.66}",7.771499999999975,214.449,inf,219.63,219.63,219.63
995,T1,BESTEFFORT,COMPLETED,m1-1,110.33,"{'m1-1': 1.16, 'm2-1': 24.48, 'm3-1': 24.32, 'm4-1': 11.37, 'm5-1': 150.78, 'm6-1': 27.01, 'm7-1': 161.7, 'm8-1': 27.34}",1.7399999999999998,218.58499999999998,219.74499999999998,inf,220.32999999999998,220.32999999999998
996,T2,BESTEFFORT,COMPLETED,m1-1,111.108,"{'m1-1': 0.98, 'm2-1': 24.4, 'm3-1': 25.19, 'm4-1': 10.95, 'm5-1': 148.77, 'm6-1': 25.27, 'm7-1': 170.48, 'm8-1': 28.42}",1.47,219.74499999999998,220.72499999999997,inf,221.108,221.108
997,T2,BESTEFFORT,MISSED,m5-1,111.375,"{'m1-1': 1.1, 'm2-1': 24.89, 'm3-1': 28.25, 'm4-1': 11.13, 'm5-1': 153.7, 'm6-1': 28.71, 'm7-1': 153.53, 'm8-1': 25.59}",8.965500000000006,215.398,inf,221.375,221.375,221.375
998,T1,BESTEFFORT,MISSED,m7-1,111.566,"{'m1-1': 1.05, 'm2-1': 24.43, 'm3-1': 27.75, 'm4-1': 10.22, 'm5-1': 140.62, 'm6-1': 25.79, 'm7-1': 149.45, 'm8-1': 26.44}",7.507499999999993,216.561,inf,221.566,221.566,221.566
999,T1,BESTEFFORT,MISSED,m1-1,111.584,"{'m1-1': 0.99, 'm2-1': 23.42, 'm3-1': 24.43, 'm4-1': 10.87, 'm5-1': 156.17, 'm6-1': 26.3, 'm7-1': 169.8, 'm8-1': 26.05}",1.288500000000056,220.72499999999997,inf,221.584,221.584,221.584
