id,type,urgency,status,assigned_machine,arrival_time,execution_time,energy_usage,start_time,completion_time,missed_time,deadline,extended_deadline
0,T4,BESTEFFORT,COMPLETED,m8-1,0.02,"{'m1-1': 10.29, 'm2-1': 98.16, 'm3-1': 106.61, 'm4-1': 106.18, 'm5-1': 10.59, 'm6-1': 105.64, 'm7-1': 1.12, 'm8-1': 1.03}",1.545,0.02,1.05,inf,150.02,150.02
1,T3,BESTEFFORT,COMPLETED,m7-1,0.221,"{'m1-1': 10.38, 'm2-1': 113.43, 'm3-1': 109.24, 'm4-1': 115.26, 'm5-1': 11.03, 'm6-1': 102.34, 'm7-1': 1.03, 'm8-1': 1.04}",1.545,0.221,1.2510000000000001,inf,150.221,150.221
2,T4,BESTEFFORT,COMPLETED,m8-1,0.336,"{'m1-1': 9.42, 'm2-1': 102.91, 'm3-1': 102.2, 'm4-1': 114.17, 'm5-1': 11.68, 'm6-1': 105.79, 'm7-1': 1.13, 'm8-1': 1.07}",1.605,1.05,2.12,inf,150.336,150.336
3,T2,BESTEFFORT,COMPLETED,m7-1,0.424,"{'m1-1': 10.11, 'm2-1': 111.25, 'm3-1': 107.07, 'm4-1': 99.13, 'm5-1': 10.48, 'm6-1': 100.57, 'm7-1': 1.05, 'm8-1': 1.13}",1.5750000000000002,1.2510000000000001,2.301,inf,150.424,150.424
4,T2,BESTEFFORT,COMPLETED,m8-1,0.659,"{'m1-1': 10.74, 'm2-1': 100.08, 'm3-1': 112.99, 'm4-1': 101.71, 'm5-1': 10.83, 'm6-1': 114.31, 'm7-1': 1.14, 'm8-1': 1.07}",1.605,2.12,3.1900000000000004,inf,150.659,150.659
5,T4,BESTEFFORT,COMPLETED,m7-1,0.676,"{'m1-1': 10.82, 'm2-1': 103.61, 'm3-1': 109.46, 'm4-1': 109.95, 'm5-1': 11.22, 'm6-1': 109.31, 'm7-1': 1.11, 'm8-1': 0.99}",1.665,2.301,3.4110000000000005,inf,150.676,150.676
6,T3,BESTEFFORT,COMPLETED,m8-1,0.862,"{'m1-1': 9.55, 'm2-1': 96.62, 'm3-1': 101.59, 'm4-1': 108.12, 'm5-1': 10.89, 'm6-1': 113.67, 'm7-1': 1.06, 'm8-1': 1.15}",1.7249999999999999,3.1900000000000004,4.34,inf,150.862,150.862
7,T1,BESTEFFORT,COMPLETED,m7-1,0.889,"{'m1-1': 10.4, 'm2-1': 112.85, 'm3-1': 107.77, 'm4-1': 103.87, 'm5-1': 10.24, 'm6-1': 104.76, 'm7-1': 0.98, 'm8-1': 1.05}",1.47,3.4110000000000005,4.391,inf,150.889,150.889
8,T3,BESTEFFORT,COMPLETED,m8-1,1.369,"{'m1-1': 11.02, 'm2-1': 112.34, 'm3-1': 113.06, 'm4-1': 116.32, 'm5-1': 10.89, 'm6-1': 99.84, 'm7-1': 1.08, 'm8-1': 1.17}",1.755,4.34,5.51,inf,151.369,151.369
9,T4,BESTEFFORT,COMPLETED,m7-1,1.737,"{'m1-1': 9.95, 'm2-1': 108.66, 'm3-1': 95.65, 'm4-1': 112.22, 'm5-1': 10.62, 'm6-1': 97.83, 'm7-1': 1.05, 'm8-1': 1.02}",1.5750000000000002,4.391,5.441,inf,151.737,151.737
10,T3,BESTEFFORT,COMPLETED,m5-1,2.01,"{'m1-1': 10.79, 'm2-1': 107.38, 'm3-1': 100.88, 'm4-1': 99.57, 'm5-1': 10.68, 'm6-1': 97.54, 'm7-1': 1.15, 'm8-1': 1.15}",16.02,2.01,12.69,inf,152.01,152.01
11,T4,BESTEFFORT,COMPLETED,m1-1,2.084,"{'m1-1': 11.09, 'm2-1': 97.5, 'm3-1': 99.53, 'm4-1': 103.08, 'm5-1': 11.29, 'm6-1': 107.94, 'm7-1': 1.06, 'm8-1': 1.01}",16.634999999999998,2.084,13.174,inf,152.084,152.084
12,T1,BESTEFFORT,COMPLETED,m8-1,2.159,"{'m1-1': 9.87, 'm2-1': 105.96, 'm3-1': 109.0, 'm4-1': 98.92, 'm5-1': 10.73, 'm6-1': 115.5, 'm7-1': 1.14, 'm8-1': 0.96}",1.44,5.51,6.47,inf,152.159,152.159
13,T4,BESTEFFORT,COMPLETED,m1-1,2.253,"{'m1-1': 10.61, 'm2-1': 96.92, 'm3-1': 103.93, 'm4-1': 99.31, 'm5-1': 10.48, 'm6-1': 99.91, 'm7-1': 1.17, 'm8-1': 1.03}",15.915,13.174,23.784,inf,152.253,152.253
14,T3,BESTEFFORT,COMPLETED,m7-1,2.373,"{'m1-1': 10.14, 'm2-1': 113.12, 'm3-1': 99.67, 'm4-1': 107.39, 'm5-1': 10.57, 'm6-1': 106.64, 'm7-1': 1.16, 'm8-1': 1.12}",1.7399999999999998,5.441,6.601,inf,152.373,152.373
15,T2,BESTEFFORT,COMPLETED,m5-1,2.387,"{'m1-1': 10.74, 'm2-1': 107.11, 'm3-1': 112.6, 'm4-1': 112.24, 'm5-1': 10.5, 'm6-1': 109.21, 'm7-1': 1.16, 'm8-1': 1.06}",15.75,12.69,23.189999999999998,inf,152.387,152.387
16,T2,BESTEFFORT,COMPLETED,m5-1,2.542,"{'m1-1': 11.22, 'm2-1': 104.47, 'm3-1': 107.5, 'm4-1': 103.7, 'm5-1': 9.71, 'm6-1': 113.39, 'm7-1': 0.99, 'm8-1': 1.04}",14.565000000000001,23.189999999999998,32.9,inf,152.542,152.542
17,T3,BESTEFFORT,COMPLETED,m1-1,2.627,"{'m1-1': 10.16, 'm2-1': 107.96, 'm3-1': 98.51, 'm4-1': 99.29, 'm5-1': 10.43, 'm6-1': 109.4, 'm7-1': 1.14, 'm8-1': 1.0}",15.24,23.784,33.944,inf,152.627,152.627
18,T4,BESTEFFORT,COMPLETED,m5-1,2.7,"{'m1-1': 10.88, 'm2-1': 96.3, 'm3-1': 104.64, 'm4-1': 109.53, 'm5-1': 10.8, 'm6-1': 96.01, 'm7-1': 1.02, 'm8-1': 1.08}",16.200000000000003,32.9,43.7,inf,152.7,152.7
19,T1,BESTEFFORT,COMPLETED,m1-1,2.892,"{'m1-1': 10.13, 'm2-1': 114.62, 'm3-1': 100.4, 'm4-1': 104.32, 'm5-1': 10.3, 'm6-1': 112.22, 'm7-1': 1.04, 'm8-1': 1.01}",15.195,33.944,44.074000000000005,inf,152.892,152.892
20,T3,BESTEFFORT,COMPLETED,m3-1,2.939,"{'m1-1': 10.03, 'm2-1': 100.36, 'm3-1': 101.66, 'm4-1': 101.7, 'm5-1': 10.3, 'm6-1': 101.5, 'm7-1': 1.14, 'm8-1': 1.0}",152.49,2.939,104.59899999999999,inf,152.939,152.939
21,T3,BESTEFFORT,COMPLETED,m6-1,2.94,"{'m1-1': 10.41, 'm2-1': 105.72, 'm3-1': 106.79, 'm4-1': 116.86, 'm5-1': 10.04, 'm6-1': 110.1, 'm7-1': 1.0, 'm8-1': 1.0}",165.14999999999998,2.94,113.03999999999999,inf,152.94,152.94
22,T1,BESTEFFORT,COMPLETED,m2-1,2.941,"{'m1-1': 9.41, 'm2-1': 109.11, 'm3-1': 109.36, 'm4-1': 108.0, 'm5-1': 10.38, 'm6-1': 102.98, 'm7-1': 1.02, 'm8-1': 1.05}",163.665,2.941,112.051,inf,152.941,152.941
23,T1,BESTEFFORT,COMPLETED,m4-1,3.121,"{'m1-1': 9.42, 'm2-1': 98.81, 'm3-1': 105.28, 'm4-1': 105.27, 'm5-1': 9.78, 'm6-1': 112.45, 'm7-1': 1.09, 'm8-1': 1.07}",157.905,3.121,108.39099999999999,inf,153.121,153.121
24,T1,BESTEFFORT,MISSED,m6-1,3.124,"{'m1-1': 9.64, 'm2-1': 114.18, 'm3-1': 104.08, 'm4-1': 114.52, 'm5-1': 9.25, 'm6-1': 109.84, 'm7-1': 0.98, 'm8-1': 0.99}",60.126000000000005,113.03999999999999,inf,153.124,153.124,153.124
25,T2,BESTEFFORT,COMPLETED,m8-1,3.429,"{'m1-1': 10.23, 'm2-1': 98.3, 'm3-1': 98.27, 'm4-1': 101.01, 'm5-1': 10.09, 'm6-1': 102.7, 'm7-1': 1.02, 'm8-1': 0.99}",1.4849999999999999,6.47,7.46,inf,153.429,153.429
26,T3,BESTEFFORT,COMPLETED,m7-1,3.507,"{'m1-1': 10.89, 'm2-1': 101.06, 'm3-1': 106.49, 'm4-1': 98.76, 'm5-1': 9.68, 'm6-1': 109.26, 'm7-1': 1.02, 'm8-1': 1.04}",1.53,6.601,7.621,inf,153.507,153.507
27,T4,BESTEFFORT,MISSED,m2-1,3.721,"{'m1-1': 10.8, 'm2-1': 95.53, 'm3-1': 108.37, 'm4-1': 108.34, 'm5-1': 10.05, 'm6-1': 102.87, 'm7-1': 1.09, 'm8-1': 1.04}",62.505,112.051,inf,153.721,153.721,153.721
28,T2,BESTEFFORT,MISSED,m3-1,3.804,"{'m1-1': 10.15, 'm2-1': 97.47, 'm3-1': 96.85, 'm4-1': 96.86, 'm5-1': 9.91, 'm6-1': 102.12, 'm7-1': 1.06, 'm8-1': 1.13}",73.80750000000002,104.59899999999999,inf,153.804,153.804,153.804
29,T4,BESTEFFORT,MISSED,m4-1,3.821,"{'m1-1': 10.0, 'm2-1': 106.21, 'm3-1': 101.75, 'm4-1': 113.55, 'm5-1': 10.92, 'm6-1': 103.68, 'm7-1': 1.12, 'm8-1': 1.05}",68.14500000000001,108.39099999999999,inf,153.821,153.821,153.821
30,T3,BESTEFFORT,MISSED,m6-1,4.017,"{'m1-1': 10.87, 'm2-1': 105.89, 'm3-1': 113.09, 'm4-1': 104.99, 'm5-1': 11.44, 'm6-1': 109.54, 'm7-1': 1.17, 'm8-1': 1.02}",1.339500000000001,153.124,inf,154.017,154.017,154.017
31,T3,BESTEFFORT,MISSED,m4-1,4.172,"{'m1-1': 11.26, 'm2-1': 108.01, 'm3-1': 102.52, 'm4-1': 106.22, 'm5-1': 11.25, 'm6-1': 103.85, 'm7-1': 1.03, 'm8-1': 1.15}",0.5264999999999986,153.821,inf,154.172,154.172,154.172
32,T3,BESTEFFORT,COMPLETED,m8-1,4.684,"{'m1-1': 10.75, 'm2-1': 100.09, 'm3-1': 114.79, 'm4-1': 113.16, 'm5-1': 10.27, 'm6-1': 100.85, 'm7-1': 1.16, 'm8-1': 1.12}",1.6800000000000002,7.46,8.58,inf,154.684,154.684
33,T3,BESTEFFORT,COMPLETED,m7-1,4.827,"{'m1-1': 9.89, 'm2-1': 97.12, 'm3-1': 101.99, 'm4-1': 108.36, 'm5-1': 10.02, 'm6-1': 107.4, 'm7-1': 1.0, 'm8-1': 1.07}",1.5,7.621,8.621,inf,154.827,154.827
34,T1,BESTEFFORT,MISSED,m2-1,4.935,"{'m1-1': 9.54, 'm2-1': 102.23, 'm3-1': 104.5, 'm4-1': 98.92, 'm5-1': 10.24, 'm6-1': 101.05, 'm7-1': 1.1, 'm8-1': 1.08}",1.820999999999998,153.721,inf,154.935,154.935,154.935
35,T2,BESTEFFORT,MISSED,m2-1,5.087,"{'m1-1': 11.51, 'm2-1': 110.74, 'm3-1': 99.85, 'm4-1': 110.35, 'm5-1': 10.38, 'm6-1': 103.71, 'm7-1': 1.05, 'm8-1': 1.13}",0.22799999999998022,154.935,inf,155.087,155.087,155.087
36,T2,BESTEFFORT,MISSED,m4-1,5.348,"{'m1-1': 10.48, 'm2-1': 100.37, 'm3-1': 101.23, 'm4-1': 113.05, 'm5-1': 11.16, 'm6-1': 101.04, 'm7-1': 1.12, 'm8-1': 1.11}",1.7640000000000242,154.172,inf,155.348,155.348,155.348
37,T3,BESTEFFORT,MISSED,m3-1,5.385,"{'m1-1': 10.82, 'm2-1': 110.21, 'm3-1': 111.26, 'm4-1': 99.08, 'm5-1': 11.38, 'm6-1': 100.06, 'm7-1': 1.05, 'm8-1': 1.16}",2.3714999999999833,153.804,inf,155.385,155.385,155.385
38,T3,BESTEFFORT,COMPLETED,m8-1,5.644,"{'m1-1': 11.23, 'm2-1': 108.49, 'm3-1': 110.99, 'm4-1': 112.8, 'm5-1': 9.81, 'm6-1': 97.93, 'm7-1': 1.01, 'm8-1': 1.06}",1.59,8.58,9.64,inf,155.644,155.644
39,T2,BESTEFFORT,COMPLETED,m7-1,5.669,"{'m1-1': 10.36, 'm2-1': 102.59, 'm3-1': 106.97, 'm4-1': 97.05, 'm5-1': 10.28, 'm6-1': 117.92, 'm7-1': 1.1, 'm8-1': 0.97}",1.6500000000000001,8.621,9.721,inf,155.669,155.669
40,T2,BESTEFFORT,MISSED,m3-1,5.836,"{'m1-1': 11.52, 'm2-1': 100.71, 'm3-1': 110.24, 'm4-1': 105.97, 'm5-1': 10.44, 'm6-1': 116.25, 'm7-1': 1.01, 'm8-1': 1.04}",0.6765000000000327,155.385,inf,155.836,155.836,155.836
41,T3,BESTEFFORT,MISSED,m6-1,5.88,"{'m1-1': 9.98, 'm2-1': 112.08, 'm3-1': 99.82, 'm4-1': 107.93, 'm5-1': 11.29, 'm6-1': 97.46, 'm7-1': 1.05, 'm8-1': 1.14}",2.7944999999999993,154.017,inf,155.88,155.88,155.88
42,T3,BESTEFFORT,COMPLETED,m8-1,5.903,"{'m1-1': 11.1, 'm2-1': 96.62, 'm3-1': 104.31, 'm4-1': 102.37, 'm5-1': 10.81, 'm6-1': 101.55, 'm7-1': 1.04, 'm8-1': 1.14}",1.71,9.64,10.780000000000001,inf,155.903,155.903
43,T3,BESTEFFORT,COMPLETED,m7-1,6.099,"{'m1-1': 10.03, 'm2-1': 95.67, 'm3-1': 110.4, 'm4-1': 107.58, 'm5-1': 10.21, 'm6-1': 105.8, 'm7-1': 1.01, 'm8-1': 1.04}",1.5150000000000001,10.751,11.761,inf,156.099,156.099
44,T1,BESTEFFORT,COMPLETED,m7-1,6.476,"{'m1-1': 9.62, 'm2-1': 116.64, 'm3-1': 106.81, 'm4-1': 111.69, 'm5-1': 10.81, 'm6-1': 115.87, 'm7-1': 1.03, 'm8-1': 0.94}",1.545,9.721,10.751,inf,156.476,156.476
45,T2,BESTEFFORT,COMPLETED,m8-1,6.528,"{'m1-1': 11.61, 'm2-1': 104.8, 'm3-1': 105.41, 'm4-1': 112.37, 'm5-1': 10.92, 'm6-1': 109.4, 'm7-1': 0.99, 'm8-1': 1.11}",1.665,10.780000000000001,11.89,inf,156.528,156.528
46,T4,BESTEFFORT,CANCELLED,,6.544,"{'m1-1': 10.86, 'm2-1': 99.26, 'm3-1': 109.12, 'm4-1': 106.76, 'm5-1': 10.76, 'm6-1': 98.16, 'm7-1': 1.07, 'm8-1': 0.96}",0.0,inf,inf,inf,156.544,156.544
47,T2,BESTEFFORT,COMPLETED,m8-1,7.725,"{'m1-1': 10.31, 'm2-1': 110.56, 'm3-1': 98.36, 'm4-1': 102.9, 'm5-1': 10.03, 'm6-1': 112.52, 'm7-1': 1.11, 'm8-1': 1.13}",1.6949999999999998,112.71000000000002,113.84000000000002,inf,157.725,157.725
48,T2,BESTEFFORT,COMPLETED,m7-1,7.759,"{'m1-1': 10.16, 'm2-1': 97.94, 'm3-1': 104.13, 'm4-1': 112.67, 'm5-1': 10.86, 'm6-1': 106.9, 'm7-1': 1.0, 'm8-1': 1.04}",1.5,17.101,18.101,inf,157.75900000000001,157.75900000000001
49,T1,BESTEFFORT,COMPLETED,m7-1,7.885,"{'m1-1': 10.62, 'm2-1': 104.57, 'm3-1': 116.34, 'm4-1': 103.0, 'm5-1': 9.76, 'm6-1': 113.92, 'm7-1': 0.96, 'm8-1': 1.05}",1.44,11.761,12.721,inf,157.885,157.885
50,T4,BESTEFFORT,COMPLETED,m8-1,8.074,"{'m1-1': 9.48, 'm2-1': 92.2, 'm3-1': 111.27, 'm4-1': 112.7, 'm5-1': 10.38, 'm6-1': 108.22, 'm7-1': 1.08, 'm8-1': 0.99}",1.4849999999999999,21.320000000000007,22.310000000000006,inf,158.074,158.074
51,T4,BESTEFFORT,CANCELLED,,8.083,"{'m1-1': 10.77, 'm2-1': 101.03, 'm3-1': 111.07, 'm4-1': 97.55, 'm5-1': 10.3, 'm6-1': 102.7, 'm7-1': 1.02, 'm8-1': 1.03}",0.0,inf,inf,inf,158.083,158.083
52,T1,BESTEFFORT,COMPLETED,m8-1,8.134,"{'m1-1': 9.57, 'm2-1': 107.24, 'm3-1': 99.51, 'm4-1': 99.46, 'm5-1': 10.81, 'm6-1': 100.18, 'm7-1': 1.04, 'm8-1': 0.96}",1.44,11.89,12.850000000000001,inf,158.13400000000001,158.13400000000001
53,T1,BESTEFFORT,COMPLETED,m8-1,8.327,"{'m1-1': 10.11, 'm2-1': 103.54, 'm3-1': 107.65, 'm4-1': 103.31, 'm5-1': 10.7, 'm6-1': 107.87, 'm7-1': 1.03, 'm8-1': 1.04}",1.56,131.96000000000004,133.00000000000003,inf,158.327,158.327
54,T4,BESTEFFORT,COMPLETED,m8-1,8.658,"{'m1-1': 10.32, 'm2-1': 106.03, 'm3-1': 108.17, 'm4-1': 110.33, 'm5-1': 11.17, 'm6-1': 105.83, 'm7-1': 1.08, 'm8-1': 1.03}",1.545,26.47000000000001,27.50000000000001,inf,158.658,158.658
55,T2,BESTEFFORT,COMPLETED,m5-1,8.824,"{'m1-1': 10.86, 'm2-1': 107.72, 'm3-1': 96.67, 'm4-1': 104.92, 'm5-1': 9.61, 'm6-1': 118.34, 'm7-1': 1.16, 'm8-1': 1.07}",14.415,43.7,53.31,inf,158.824,158.824
56,T1,BESTEFFORT,COMPLETED,m7-1,8.873,"{'m1-1': 10.13, 'm2-1': 105.89, 'm3-1': 102.35, 'm4-1': 98.89, 'm5-1': 10.06, 'm6-1': 105.27, 'm7-1': 1.13, 'm8-1': 0.94}",1.6949999999999998,13.771,14.901,inf,158.873,158.873
57,T2,BESTEFFORT,COMPLETED,m7-1,8.932,"{'m1-1': 10.78, 'm2-1': 108.81, 'm3-1': 110.22, 'm4-1': 107.28, 'm5-1': 9.9, 'm6-1': 100.66, 'm7-1': 1.01, 'm8-1': 1.0}",1.5150000000000001,98.651,99.661,inf,158.932,158.932
58,T1,BESTEFFORT,COMPLETED,m7-1,9.028,"{'m1-1': 9.44, 'm2-1': 111.56, 'm3-1': 102.66, 'm4-1': 102.57, 'm5-1': 10.49, 'm6-1': 116.72, 'm7-1': 1.05, 'm8-1': 0.97}",1.5750000000000002,12.721,13.771,inf,159.028,159.028
59,T3,BESTEFFORT,COMPLETED,m8-1,9.173,"{'m1-1': 10.83, 'm2-1': 106.71, 'm3-1': 115.11, 'm4-1': 114.11, 'm5-1': 11.16, 'm6-1': 107.86, 'm7-1': 1.09, 'm8-1': 1.16}",1.7399999999999998,27.50000000000001,28.66000000000001,inf,159.173,159.173
60,T2,BESTEFFORT,COMPLETED,m8-1,9.186,"{'m1-1': 9.9, 'm2-1': 100.5, 'm3-1': 103.77, 'm4-1': 105.78, 'm5-1': 11.08, 'm6-1': 114.16, 'm7-1': 1.0, 'm8-1': 1.14}",1.71,149.89000000000007,151.03000000000006,inf,159.186,159.186
61,T4,BESTEFFORT,COMPLETED,m8-1,9.237,"{'m1-1': 9.97, 'm2-1': 92.2, 'm3-1': 108.37, 'm4-1': 108.19, 'm5-1': 11.71, 'm6-1': 113.69, 'm7-1': 1.02, 'm8-1': 1.05}",1.5750000000000002,12.850000000000001,13.900000000000002,inf,159.237,159.237
62,T4,BESTEFFORT,COMPLETED,m8-1,9.291,"{'m1-1': 10.49, 'm2-1': 91.65, 'm3-1': 94.72, 'm4-1': 103.72, 'm5-1': 10.91, 'm6-1': 103.94, 'm7-1': 1.15, 'm8-1': 0.95}",1.4249999999999998,13.900000000000002,14.850000000000001,inf,159.291,159.291
63,T4,BESTEFFORT,CANCELLED,,9.483,"{'m1-1': 10.65, 'm2-1': 103.22, 'm3-1': 96.82, 'm4-1': 111.14, 'm5-1': 10.94, 'm6-1': 98.68, 'm7-1': 1.04, 'm8-1': 1.0}",0.0,inf,inf,inf,159.483,159.483
64,T1,BESTEFFORT,COMPLETED,m1-1,9.846,"{'m1-1': 10.24, 'm2-1': 113.25, 'm3-1': 116.15, 'm4-1': 97.32, 'm5-1': 10.24, 'm6-1': 105.2, 'm7-1': 1.05, 'm8-1': 1.12}",15.36,44.074000000000005,54.31400000000001,inf,159.846,159.846
65,T2,BESTEFFORT,COMPLETED,m7-1,10.158,"{'m1-1': 10.97, 'm2-1': 110.71, 'm3-1': 112.8, 'm4-1': 98.61, 'm5-1': 11.31, 'm6-1': 111.95, 'm7-1': 1.17, 'm8-1': 1.04}",1.755,15.931,17.101,inf,160.158,160.158
66,T2,BESTEFFORT,COMPLETED,m8-1,10.306,"{'m1-1': 11.09, 'm2-1': 96.5, 'm3-1': 110.1, 'm4-1': 105.36, 'm5-1': 9.78, 'm6-1': 114.15, 'm7-1': 1.14, 'm8-1': 1.14}",1.71,15.830000000000002,16.970000000000002,inf,160.306,160.306
67,T2,BESTEFFORT,COMPLETED,m7-1,10.316,"{'m1-1': 11.5, 'm2-1': 95.74, 'm3-1': 102.98, 'm4-1': 102.29, 'm5-1': 9.81, 'm6-1': 103.44, 'm7-1': 1.09, 'm8-1': 1.11}",1.6350000000000002,33.87100000000001,34.96100000000001,inf,160.316,160.316
68,T2,BESTEFFORT,MISSED,m8-1,10.358,"{'m1-1': 10.74, 'm2-1': 111.01, 'm3-1': 114.22, 'm4-1': 106.99, 'm5-1': 10.96, 'm6-1': 114.66, 'm7-1': 1.1, 'm8-1': 1.13}",0.0,162.51000000000008,inf,162.51000000000008,160.358,160.358
69,T1,BESTEFFORT,COMPLETED,m7-1,10.476,"{'m1-1': 11.09, 'm2-1': 101.42, 'm3-1': 116.61, 'm4-1': 98.21, 'm5-1': 9.82, 'm6-1': 111.49, 'm7-1': 1.05, 'm8-1': 1.04}",1.5750000000000002,132.411,133.461,inf,160.476,160.476
70,T2,BESTEFFORT,COMPLETED,m7-1,10.516,"{'m1-1': 10.46, 'm2-1': 101.05, 'm3-1': 105.19, 'm4-1': 102.78, 'm5-1': 10.25, 'm6-1': 112.35, 'm7-1': 1.11, 'm8-1': 1.13}",1.665,145.29100000000003,146.40100000000004,inf,160.516,160.516
71,T2,BESTEFFORT,CANCELLED,,11.055,"{'m1-1': 11.57, 'm2-1': 104.06, 'm3-1': 112.12, 'm4-1': 104.26, 'm5-1': 9.87, 'm6-1': 117.96, 'm7-1': 1.17, 'm8-1': 1.04}",0.0,inf,inf,inf,161.055,161.055
72,T1,BESTEFFORT,COMPLETED,m7-1,11.161,"{'m1-1': 9.8, 'm2-1': 101.07, 'm3-1': 108.13, 'm4-1': 96.94, 'm5-1': 9.6, 'm6-1': 106.79, 'm7-1': 1.03, 'm8-1': 1.1}",1.545,14.901,15.931,inf,161.161,161.161
73,T3,BESTEFFORT,COMPLETED,m7-1,11.21,"{'m1-1': 11.19, 'm2-1': 109.56, 'm3-1': 97.62, 'm4-1': 108.85, 'm5-1': 9.84, 'm6-1': 104.13, 'm7-1': 1.05, 'm8-1': 1.03}",1.5750000000000002,110.08100000000002,111.13100000000001,inf,161.21,161.21
74,T3,BESTEFFORT,COMPLETED,m7-1,11.344,"{'m1-1': 9.73, 'm2-1': 108.81, 'm3-1': 112.6, 'm4-1': 114.29, 'm5-1': 10.68, 'm6-1': 96.72, 'm7-1': 1.15, 'm8-1': 1.05}",1.7249999999999999,146.40100000000004,147.55100000000004,inf,161.344,161.344
75,T3,BESTEFFORT,COMPLETED,m7-1,11.548,"{'m1-1': 9.83, 'm2-1': 101.94, 'm3-1': 112.95, 'm4-1': 102.25, 'm5-1': 10.59, 'm6-1': 97.87, 'm7-1': 1.0, 'm8-1': 1.04}",1.5,21.271,22.271,inf,161.548,161.548
76,T2,BESTEFFORT,COMPLETED,m8-1,11.571,"{'m1-1': 10.32, 'm2-1': 106.3, 'm3-1': 105.36, 'm4-1': 96.25, 'm5-1': 10.42, 'm6-1': 109.41, 'm7-1': 1.17, 'm8-1': 1.08}",1.62,19.140000000000004,20.220000000000006,inf,161.571,161.571
77,T3,BESTEFFORT,CANCELLED,,11.773,"{'m1-1': 10.16, 'm2-1': 97.0, 'm3-1': 109.75, 'm4-1': 116.38, 'm5-1': 10.66, 'm6-1': 101.31, 'm7-1': 1.11, 'm8-1': 1.01}",0.0,inf,inf,inf,161.773,161.773
78,T1,BESTEFFORT,COMPLETED,m8-1,11.775,"{'m1-1': 10.45, 'm2-1': 107.62, 'm3-1': 109.88, 'm4-1': 100.8, 'm5-1': 9.99, 'm6-1': 117.87, 'm7-1': 1.06, 'm8-1': 0.98}",1.47,14.850000000000001,15.830000000000002,inf,161.775,161.775
79,T2,BESTEFFORT,COMPLETED,m7-1,12.118,"{'m1-1': 10.9, 'm2-1': 104.2, 'm3-1': 114.1, 'm4-1': 104.45, 'm5-1': 11.13, 'm6-1': 117.41, 'm7-1': 1.0, 'm8-1': 1.09}",1.5,111.13100000000001,112.13100000000001,inf,162.118,162.118
80,T1,BESTEFFORT,COMPLETED,m8-1,12.58,"{'m1-1': 9.9, 'm2-1': 107.29, 'm3-1': 102.25, 'm4-1': 105.45, 'm5-1': 10.53, 'm6-1': 106.06, 'm7-1': 0.99, 'm8-1': 1.01}",1.5150000000000001,133.00000000000003,134.01000000000002,inf,162.58,162.58
81,T3,BESTEFFORT,COMPLETED,m8-1,12.752,"{'m1-1': 9.79, 'm2-1': 102.05, 'm3-1': 101.06, 'm4-1': 107.9, 'm5-1': 10.2, 'm6-1': 106.73, 'm7-1': 1.14, 'm8-1': 1.11}",1.665,113.84000000000002,114.95000000000002,inf,162.752,162.752
82,T2,BESTEFFORT,CANCELLED,,12.769,"{'m1-1': 11.59, 'm2-1': 102.86, 'm3-1': 102.73, 'm4-1': 98.34, 'm5-1': 10.88, 'm6-1': 109.73, 'm7-1': 1.0, 'm8-1': 1.09}",0.0,inf,inf,inf,162.769,162.769
83,T2,BESTEFFORT,COMPLETED,m8-1,12.801,"{'m1-1': 10.41, 'm2-1': 95.8, 'm3-1': 112.72, 'm4-1': 107.44, 'm5-1': 10.21, 'm6-1': 110.16, 'm7-1': 1.03, 'm8-1': 1.15}",1.7249999999999999,114.95000000000002,116.10000000000002,inf,162.801,162.801
84,T4,BESTEFFORT,CANCELLED,,12.917,"{'m1-1': 10.74, 'm2-1': 107.03, 'm3-1': 93.84, 'm4-1': 98.2, 'm5-1': 11.58, 'm6-1': 107.28, 'm7-1': 1.03, 'm8-1': 0.96}",0.0,inf,inf,inf,162.917,162.917
85,T4,BESTEFFORT,COMPLETED,m1-1,13.004,"{'m1-1': 10.27, 'm2-1': 93.83, 'm3-1': 109.88, 'm4-1': 105.49, 'm5-1': 11.2, 'm6-1': 112.79, 'm7-1': 1.11, 'm8-1': 1.04}",15.405,65.164,75.434,inf,163.004,163.004
86,T1,BESTEFFORT,CANCELLED,,13.006,"{'m1-1': 10.27, 'm2-1': 102.89, 'm3-1': 107.08, 'm4-1': 98.74, 'm5-1': 10.3, 'm6-1': 102.29, 'm7-1': 1.04, 'm8-1': 1.01}",0.0,inf,inf,inf,163.006,163.006
87,T4,BESTEFFORT,MISSED,m2-1,13.027,"{'m1-1': 10.84, 'm2-1': 101.94, 'm3-1': 102.95, 'm4-1': 99.6, 'm5-1': 10.18, 'm6-1': 113.37, 'm7-1': 1.09, 'm8-1': 1.12}",0.0,209.528,inf,209.528,163.027,163.027
88,T1,BESTEFFORT,COMPLETED,m7-1,13.057,"{'m1-1': 10.27, 'm2-1': 112.41, 'm3-1': 108.12, 'm4-1': 105.0, 'm5-1': 9.94, 'm6-1': 117.48, 'm7-1': 1.08, 'm8-1': 1.01}",1.62,60.461000000000006,61.541000000000004,inf,163.057,163.057
89,T4,BESTEFFORT,COMPLETED,m8-1,13.179,"{'m1-1': 10.54, 'm2-1': 108.13, 'm3-1': 105.84, 'm4-1': 104.77, 'm5-1': 11.22, 'm6-1': 103.53, 'm7-1': 1.15, 'm8-1': 1.03}",1.545,134.01000000000002,135.04000000000002,inf,163.179,163.179
90,T3,BESTEFFORT,CANCELLED,,13.214,"{'m1-1': 10.52, 'm2-1': 107.52, 'm3-1': 108.71, 'm4-1': 103.47, 'm5-1': 10.86, 'm6-1': 101.96, 'm7-1': 1.01, 'm8-1': 1.09}",0.0,inf,inf,inf,163.214,163.214
91,T1,BESTEFFORT,COMPLETED,m8-1,13.724,"{'m1-1': 11.16, 'm2-1': 105.73, 'm3-1': 98.91, 'm4-1': 102.51, 'm5-1': 9.55, 'm6-1': 103.05, 'm7-1': 1.06, 'm8-1': 1.05}",1.5750000000000002,16.970000000000002,18.020000000000003,inf,163.724,163.724
92,T3,BESTEFFORT,CANCELLED,,14.117,"{'m1-1': 11.22, 'm2-1': 104.27, 'm3-1': 103.19, 'm4-1': 111.04, 'm5-1': 9.73, 'm6-1': 108.99, 'm7-1': 1.05, 'm8-1': 1.1}",0.0,inf,inf,inf,164.117,164.117
93,T2,BESTEFFORT,COMPLETED,m7-1,14.154,"{'m1-1': 10.93, 'm2-1': 103.24, 'm3-1': 104.83, 'm4-1': 103.12, 'm5-1': 10.12, 'm6-1': 113.41, 'm7-1': 1.0, 'm8-1': 1.12}",1.5,112.13100000000001,113.13100000000001,inf,164.154,164.154
94,T1,BESTEFFORT,COMPLETED,m8-1,14.253,"{'m1-1': 10.94, 'm2-1': 102.86, 'm3-1': 109.44, 'm4-1': 105.74, 'm5-1': 9.62, 'm6-1': 115.92, 'm7-1': 0.97, 'm8-1': 1.12}",1.6800000000000002,18.020000000000003,19.140000000000004,inf,164.253,164.253
95,T1,BESTEFFORT,CANCELLED,,14.674,"{'m1-1': 10.48, 'm2-1': 108.44, 'm3-1': 116.36, 'm4-1': 99.23, 'm5-1': 10.79, 'm6-1': 109.93, 'm7-1': 1.05, 'm8-1': 0.94}",0.0,inf,inf,inf,164.674,164.674
96,T1,BESTEFFORT,COMPLETED,m7-1,14.706,"{'m1-1': 11.12, 'm2-1': 103.49, 'm3-1': 114.31, 'm4-1': 99.99, 'm5-1': 9.81, 'm6-1': 100.31, 'm7-1': 1.13, 'm8-1': 0.97}",1.6949999999999998,18.101,19.230999999999998,inf,164.706,164.706
97,T4,BESTEFFORT,COMPLETED,m8-1,14.78,"{'m1-1': 9.81, 'm2-1': 92.41, 'm3-1': 98.04, 'm4-1': 108.65, 'm5-1': 10.6, 'm6-1': 112.94, 'm7-1': 1.16, 'm8-1': 1.1}",1.6500000000000001,97.93000000000002,99.03000000000002,inf,164.78,164.78
98,T3,BESTEFFORT,COMPLETED,m8-1,14.811,"{'m1-1': 10.37, 'm2-1': 97.24, 'm3-1': 114.0, 'm4-1': 108.88, 'm5-1': 10.49, 'm6-1': 104.57, 'm7-1': 1.04, 'm8-1': 1.06}",1.59,162.51000000000008,163.57000000000008,inf,164.811,164.811
99,T2,BESTEFFORT,COMPLETED,m8-1,14.856,"{'m1-1': 10.64, 'm2-1': 97.61, 'm3-1': 108.5, 'm4-1': 96.86, 'm5-1': 11.09, 'm6-1': 114.55, 'm7-1': 1.15, 'm8-1': 1.12}",1.6800000000000002,151.03000000000006,152.15000000000006,inf,164.856,164.856
100,T2,BESTEFFORT,COMPLETED,m7-1,14.969,"{'m1-1': 9.85, 'm2-1': 102.21, 'm3-1': 110.58, 'm4-1': 110.53, 'm5-1': 11.12, 'm6-1': 114.85, 'm7-1': 1.01, 'm8-1': 1.06}",1.5150000000000001,19.230999999999998,20.241,inf,164.969,164.969
101,T4,BESTEFFORT,COMPLETED,m8-1,14.981,"{'m1-1': 10.1, 'm2-1': 100.53, 'm3-1': 104.72, 'm4-1': 114.84, 'm5-1': 11.07, 'm6-1': 107.19, 'm7-1': 1.13, 'm8-1': 1.07}",1.605,63.51000000000003,64.58000000000003,inf,164.981,164.981
102,T2,BESTEFFORT,COMPLETED,m5-1,15.0,"{'m1-1': 10.29, 'm2-1': 111.74, 'm3-1': 111.37, 'm4-1': 112.38, 'm5-1': 10.49, 'm6-1': 111.56, 'm7-1': 1.1, 'm8-1': 1.13}",15.735,53.31,63.800000000000004,inf,165.0,165.0
103,T2,BESTEFFORT,MISSED,m4-1,15.015,"{'m1-1': 10.74, 'm2-1': 98.06, 'm3-1': 100.1, 'm4-1': 101.92, 'm5-1': 10.58, 'm6-1': 113.22, 'm7-1': 1.08, 'm8-1': 1.1}",14.50049999999996,155.348,inf,165.015,165.015,165.015
104,T2,BESTEFFORT,CANCELLED,,15.639,"{'m1-1': 11.51, 'm2-1': 99.93, 'm3-1': 101.94, 'm4-1': 101.98, 'm5-1': 11.22, 'm6-1': 106.61, 'm7-1': 1.16, 'm8-1': 1.07}",0.0,inf,inf,inf,165.639,165.639
105,T1,BESTEFFORT,COMPLETED,m8-1,15.83,"{'m1-1': 11.05, 'm2-1': 100.92, 'm3-1': 106.58, 'm4-1': 110.3, 'm5-1': 10.32, 'm6-1': 103.05, 'm7-1': 0.98, 'm8-1': 1.1}",1.6500000000000001,20.220000000000006,21.320000000000007,inf,165.83,165.83
106,T3,BESTEFFORT,COMPLETED,m7-1,16.086,"{'m1-1': 10.94, 'm2-1': 96.74, 'm3-1': 112.02, 'm4-1': 113.23, 'm5-1': 10.55, 'm6-1': 97.91, 'm7-1': 1.05, 'm8-1': 1.15}",1.5750000000000002,23.281000000000002,24.331000000000003,inf,166.086,166.086
107,T3,BESTEFFORT,CANCELLED,,16.136,"{'m1-1': 11.23, 'm2-1': 113.69, 'm3-1': 100.18, 'm4-1': 112.63, 'm5-1': 11.11, 'm6-1': 99.57, 'm7-1': 1.04, 'm8-1': 1.02}",0.0,inf,inf,inf,166.136,166.136
108,T4,BESTEFFORT,CANCELLED,,16.538,"{'m1-1': 9.89, 'm2-1': 92.87, 'm3-1': 98.75, 'm4-1': 103.85, 'm5-1': 10.91, 'm6-1': 97.02, 'm7-1': 1.15, 'm8-1': 1.08}",0.0,inf,inf,inf,166.538,166.538
109,T3,BESTEFFORT,MISSED,m7-1,16.626,"{'m1-1': 9.9, 'm2-1': 95.97, 'm3-1': 104.26, 'm4-1': 115.19, 'm5-1': 10.78, 'm6-1': 104.04, 'm7-1': 1.13, 'm8-1': 1.16}",0.0,168.17100000000005,inf,168.17100000000005,166.626,166.626
110,T2,BESTEFFORT,COMPLETED,m8-1,16.705,"{'m1-1': 11.11, 'm2-1': 112.58, 'm3-1': 111.85, 'm4-1': 112.24, 'm5-1': 11.35, 'm6-1': 105.6, 'm7-1': 1.06, 'm8-1': 1.07}",1.605,82.81000000000003,83.88000000000002,inf,166.70499999999998,166.70499999999998
111,T4,BESTEFFORT,CANCELLED,,16.706,"{'m1-1': 9.94, 'm2-1': 98.07, 'm3-1': 102.29, 'm4-1': 99.33, 'm5-1': 10.99, 'm6-1': 109.29, 'm7-1': 1.05, 'm8-1': 1.13}",0.0,inf,inf,inf,166.706,166.706
112,T1,BESTEFFORT,COMPLETED,m7-1,16.736,"{'m1-1': 9.54, 'm2-1': 103.16, 'm3-1': 116.35, 'm4-1': 112.08, 'm5-1': 9.58, 'm6-1': 106.02, 'm7-1': 1.08, 'm8-1': 1.02}",1.62,28.511000000000006,29.591000000000008,inf,166.736,166.736
113,T3,BESTEFFORT,CANCELLED,,16.809,"{'m1-1': 10.06, 'm2-1': 112.88, 'm3-1': 100.27, 'm4-1': 98.66, 'm5-1': 10.75, 'm6-1': 112.4, 'm7-1': 1.08, 'm8-1': 1.05}",0.0,inf,inf,inf,166.809,166.809
114,T2,BESTEFFORT,CANCELLED,,16.817,"{'m1-1': 10.87, 'm2-1': 104.71, 'm3-1': 97.22, 'm4-1': 109.31, 'm5-1': 10.11, 'm6-1': 108.48, 'm7-1': 1.13, 'm8-1': 1.01}",0.0,inf,inf,inf,166.817,166.817
115,T3,BESTEFFORT,COMPLETED,m7-1,16.932,"{'m1-1': 10.68, 'm2-1': 100.96, 'm3-1': 100.0, 'm4-1': 111.92, 'm5-1': 10.07, 'm6-1': 110.0, 'm7-1': 1.05, 'm8-1': 1.03}",1.5750000000000002,133.461,134.51100000000002,inf,166.932,166.932
116,T1,BESTEFFORT,COMPLETED,m7-1,17.025,"{'m1-1': 10.47, 'm2-1': 104.53, 'm3-1': 99.02, 'm4-1': 104.0, 'm5-1': 10.61, 'm6-1': 114.98, 'm7-1': 1.03, 'm8-1': 0.96}",1.545,20.241,21.271,inf,167.025,167.025
117,T2,BESTEFFORT,MISSED,m3-1,17.056,"{'m1-1': 10.71, 'm2-1': 101.99, 'm3-1': 100.14, 'm4-1': 108.42, 'm5-1': 9.7, 'm6-1': 111.57, 'm7-1': 1.13, 'm8-1': 0.98}",0.0,213.485,inf,213.485,167.056,167.056
118,T4,BESTEFFORT,COMPLETED,m8-1,17.097,"{'m1-1': 9.58, 'm2-1': 107.28, 'm3-1': 111.56, 'm4-1': 108.86, 'm5-1': 11.26, 'm6-1': 100.76, 'm7-1': 1.13, 'm8-1': 1.06}",1.59,116.10000000000002,117.16000000000003,inf,167.097,167.097
119,T2,BESTEFFORT,COMPLETED,m8-1,17.114,"{'m1-1': 9.97, 'm2-1': 100.6, 'm3-1': 104.73, 'm4-1': 100.29, 'm5-1': 10.94, 'm6-1': 106.35, 'm7-1': 1.12, 'm8-1': 1.12}",1.6800000000000002,83.88000000000002,85.00000000000003,inf,167.114,167.114
120,T1,BESTEFFORT,COMPLETED,m8-1,17.114,"{'m1-1': 9.76, 'm2-1': 104.68, 'm3-1': 115.66, 'm4-1': 111.86, 'm5-1': 9.76, 'm6-1': 106.95, 'm7-1': 1.07, 'm8-1': 1.02}",1.53,30.700000000000014,31.720000000000013,inf,167.114,167.114
121,T3,BESTEFFORT,CANCELLED,,17.202,"{'m1-1': 9.61, 'm2-1': 113.3, 'm3-1': 104.29, 'm4-1': 99.85, 'm5-1': 11.31, 'm6-1': 107.79, 'm7-1': 1.0, 'm8-1': 1.06}",0.0,inf,inf,inf,167.202,167.202
122,T3,BESTEFFORT,COMPLETED,m7-1,17.463,"{'m1-1': 9.55, 'm2-1': 100.23, 'm3-1': 111.91, 'm4-1': 104.17, 'm5-1': 10.1, 'm6-1': 102.21, 'm7-1': 1.1, 'm8-1': 1.03}",1.6500000000000001,147.55100000000004,148.65100000000004,inf,167.463,167.463
123,T3,BESTEFFORT,MISSED,m7-1,17.506,"{'m1-1': 11.1, 'm2-1': 101.01, 'm3-1': 104.39, 'm4-1': 115.7, 'm5-1': 11.44, 'm6-1': 110.44, 'm7-1': 1.06, 'm8-1': 1.1}",0.0,168.17100000000005,inf,168.17100000000005,167.506,167.506
124,T2,BESTEFFORT,COMPLETED,m7-1,17.798,"{'m1-1': 10.01, 'm2-1': 97.61, 'm3-1': 113.53, 'm4-1': 108.74, 'm5-1': 11.27, 'm6-1': 107.29, 'm7-1': 1.15, 'm8-1': 0.98}",1.7249999999999999,64.511,65.661,inf,167.798,167.798
125,T4,BESTEFFORT,MISSED,m4-1,17.852,"{'m1-1': 10.72, 'm2-1': 107.37, 'm3-1': 105.1, 'm4-1': 103.18, 'm5-1': 10.85, 'm6-1': 98.31, 'm7-1': 1.06, 'm8-1': 1.06}",0.0,230.9,inf,230.9,167.852,167.852
126,T3,BESTEFFORT,COMPLETED,m8-1,18.021,"{'m1-1': 10.63, 'm2-1': 98.29, 'm3-1': 105.88, 'm4-1': 102.53, 'm5-1': 10.72, 'm6-1': 97.14, 'm7-1': 1.14, 'm8-1': 1.04}",1.56,85.00000000000003,86.04000000000003,inf,168.02100000000002,168.02100000000002
127,T4,BESTEFFORT,COMPLETED,m7-1,18.114,"{'m1-1': 9.86, 'm2-1': 100.81, 'm3-1': 105.31, 'm4-1': 107.06, 'm5-1': 10.6, 'm6-1': 109.16, 'm7-1': 1.06, 'm8-1': 0.97}",1.59,99.661,100.721,inf,168.114,168.114
128,T4,BESTEFFORT,COMPLETED,m8-1,18.278,"{'m1-1': 10.29, 'm2-1': 103.93, 'm3-1': 107.84, 'm4-1': 103.22, 'm5-1': 10.06, 'm6-1': 107.4, 'm7-1': 1.05, 'm8-1': 1.05}",1.5750000000000002,22.310000000000006,23.360000000000007,inf,168.278,168.278
129,T4,BESTEFFORT,COMPLETED,m8-1,18.339,"{'m1-1': 10.93, 'm2-1': 92.38, 'm3-1': 109.77, 'm4-1': 105.13, 'm5-1': 10.57, 'm6-1': 105.54, 'm7-1': 1.01, 'm8-1': 0.98}",1.47,99.03000000000002,100.01000000000002,inf,168.339,168.339
130,T4,BESTEFFORT,COMPLETED,m8-1,18.409,"{'m1-1': 10.27, 'm2-1': 98.54, 'm3-1': 98.68, 'm4-1': 103.09, 'm5-1': 10.37, 'm6-1': 107.29, 'm7-1': 1.01, 'm8-1': 1.12}",1.6800000000000002,23.360000000000007,24.480000000000008,inf,168.409,168.409
131,T1,BESTEFFORT,COMPLETED,m8-1,18.545,"{'m1-1': 9.74, 'm2-1': 116.82, 'm3-1': 104.36, 'm4-1': 111.94, 'm5-1': 10.62, 'm6-1': 112.18, 'm7-1': 0.98, 'm8-1': 1.05}",1.5750000000000002,86.04000000000003,87.09000000000003,inf,168.54500000000002,168.54500000000002
132,T4,BESTEFFORT,COMPLETED,m7-1,18.599,"{'m1-1': 10.28, 'm2-1': 99.77, 'm3-1': 104.36, 'm4-1': 105.28, 'm5-1': 9.93, 'm6-1': 96.93, 'm7-1': 1.01, 'm8-1': 1.02}",1.5150000000000001,22.271,23.281000000000002,inf,168.599,168.599
133,T4,BESTEFFORT,COMPLETED,m1-1,18.639,"{'m1-1': 10.85, 'm2-1': 92.09, 'm3-1': 98.2, 'm4-1': 103.77, 'm5-1': 10.68, 'm6-1': 98.22, 'm7-1': 1.16, 'm8-1': 1.02}",16.275,54.31400000000001,65.164,inf,168.639,168.639
134,T2,BESTEFFORT,CANCELLED,,18.716,"{'m1-1': 11.28, 'm2-1': 112.17, 'm3-1': 103.91, 'm4-1': 108.4, 'm5-1': 10.32, 'm6-1': 105.12, 'm7-1': 0.99, 'm8-1': 0.97}",0.0,inf,inf,inf,168.716,168.716
135,T1,BESTEFFORT,CANCELLED,,18.861,"{'m1-1': 10.88, 'm2-1': 99.97, 'm3-1': 108.12, 'm4-1': 112.92, 'm5-1': 10.49, 'm6-1': 105.76, 'm7-1': 1.1, 'm8-1': 1.09}",0.0,inf,inf,inf,168.861,168.861
136,T4,BESTEFFORT,COMPLETED,m7-1,19.043,"{'m1-1': 10.85, 'm2-1': 95.87, 'm3-1': 110.8, 'm4-1': 109.11, 'm5-1': 10.95, 'm6-1': 102.96, 'm7-1': 1.02, 'm8-1': 1.1}",1.53,74.111,75.131,inf,169.043,169.043
137,T1,BESTEFFORT,CANCELLED,,19.207,"{'m1-1': 11.08, 'm2-1': 99.22, 'm3-1': 103.57, 'm4-1': 115.11, 'm5-1': 10.84, 'm6-1': 116.89, 'm7-1': 1.11, 'm8-1': 0.96}",0.0,inf,inf,inf,169.207,169.207
138,T2,BESTEFFORT,CANCELLED,,19.505,"{'m1-1': 9.93, 'm2-1': 103.72, 'm3-1': 110.25, 'm4-1': 105.67, 'm5-1': 10.31, 'm6-1': 116.42, 'm7-1': 1.05, 'm8-1': 1.01}",0.0,inf,inf,inf,169.505,169.505
139,T4,BESTEFFORT,MISSED,m6-1,19.544,"{'m1-1': 10.57, 'm2-1': 98.8, 'm3-1': 102.92, 'm4-1': 97.32, 'm5-1': 10.23, 'm6-1': 108.08, 'm7-1': 1.0, 'm8-1': 1.04}",20.496000000000024,155.88,inf,169.544,169.544,169.544
140,T4,BESTEFFORT,COMPLETED,m8-1,19.629,"{'m1-1': 9.41, 'm2-1': 99.15, 'm3-1': 93.86, 'm4-1': 97.28, 'm5-1': 10.54, 'm6-1': 105.14, 'm7-1': 1.03, 'm8-1': 1.07}",1.605,32.81000000000002,33.88000000000002,inf,169.629,169.629
141,T1,BESTEFFORT,CANCELLED,,19.848,"{'m1-1': 10.81, 'm2-1': 104.53, 'm3-1': 103.45, 'm4-1': 114.46, 'm5-1': 9.98, 'm6-1': 111.93, 'm7-1': 1.05, 'm8-1': 1.12}",0.0,inf,inf,inf,169.848,169.848
142,T2,BESTEFFORT,CANCELLED,,19.979,"{'m1-1': 10.36, 'm2-1': 98.14, 'm3-1': 101.92, 'm4-1': 111.3, 'm5-1': 9.63, 'm6-1': 111.12, 'm7-1': 1.05, 'm8-1': 1.12}",0.0,inf,inf,inf,169.97899999999998,169.97899999999998
143,T4,BESTEFFORT,COMPLETED,m8-1,20.094,"{'m1-1': 11.04, 'm2-1': 93.63, 'm3-1': 106.21, 'm4-1': 114.83, 'm5-1': 10.33, 'm6-1': 108.5, 'm7-1': 1.02, 'm8-1': 1.11}",1.665,100.01000000000002,101.12000000000002,inf,170.094,170.094
144,T1,BESTEFFORT,COMPLETED,m7-1,20.134,"{'m1-1': 10.48, 'm2-1': 99.07, 'm3-1': 102.72, 'm4-1': 98.89, 'm5-1': 10.15, 'm6-1': 113.95, 'm7-1': 1.05, 'm8-1': 0.96}",1.5750000000000002,75.131,76.181,inf,170.13400000000001,170.13400000000001
145,T3,BESTEFFORT,COMPLETED,m7-1,20.218,"{'m1-1': 9.56, 'm2-1': 96.24, 'm3-1': 111.69, 'm4-1': 106.06, 'm5-1': 10.09, 'm6-1': 105.42, 'm7-1': 1.04, 'm8-1': 1.1}",1.56,113.13100000000001,114.17100000000002,inf,170.218,170.218
146,T3,BESTEFFORT,MISSED,m6-1,20.238,"{'m1-1': 10.45, 'm2-1': 110.36, 'm3-1': 110.91, 'm4-1': 100.85, 'm5-1': 9.77, 'm6-1': 113.58, 'm7-1': 1.07, 'm8-1': 1.02}",0.0,203.26,inf,203.26,170.238,170.238
147,T3,BESTEFFORT,CANCELLED,,20.256,"{'m1-1': 10.56, 'm2-1': 96.58, 'm3-1': 103.48, 'm4-1': 99.76, 'm5-1': 10.42, 'm6-1': 110.32, 'm7-1': 1.02, 'm8-1': 1.1}",0.0,inf,inf,inf,170.256,170.256
148,T2,BESTEFFORT,COMPLETED,m7-1,20.385,"{'m1-1': 10.72, 'm2-1': 101.49, 'm3-1': 105.49, 'm4-1': 97.51, 'm5-1': 10.03, 'm6-1': 101.16, 'm7-1': 1.01, 'm8-1': 1.06}",1.5150000000000001,25.311000000000003,26.321000000000005,inf,170.385,170.385
149,T4,BESTEFFORT,COMPLETED,m8-1,20.514,"{'m1-1': 10.46, 'm2-1': 93.39, 'm3-1': 101.56, 'm4-1': 100.21, 'm5-1': 11.51, 'm6-1': 104.66, 'm7-1': 1.18, 'm8-1': 0.96}",1.44,24.480000000000008,25.44000000000001,inf,170.514,170.514
150,T1,BESTEFFORT,COMPLETED,m7-1,20.843,"{'m1-1': 10.85, 'm2-1': 112.32, 'm3-1': 110.15, 'm4-1': 115.15, 'm5-1': 10.83, 'm6-1': 103.3, 'm7-1': 0.98, 'm8-1': 1.0}",1.47,24.331000000000003,25.311000000000003,inf,170.843,170.843
151,T3,BESTEFFORT,COMPLETED,m7-1,20.932,"{'m1-1': 9.8, 'm2-1': 99.74, 'm3-1': 97.02, 'm4-1': 113.05, 'm5-1': 10.15, 'm6-1': 106.48, 'm7-1': 1.11, 'm8-1': 1.01}",1.665,148.65100000000004,149.76100000000005,inf,170.932,170.932
152,T2,BESTEFFORT,COMPLETED,m7-1,20.955,"{'m1-1': 10.72, 'm2-1': 101.99, 'm3-1': 113.89, 'm4-1': 106.27, 'm5-1': 11.27, 'm6-1': 107.6, 'm7-1': 1.09, 'm8-1': 0.98}",1.6350000000000002,26.321000000000005,27.411000000000005,inf,170.95499999999998,170.95499999999998
153,T1,BESTEFFORT,COMPLETED,m8-1,21.008,"{'m1-1': 10.86, 'm2-1': 115.15, 'm3-1': 110.26, 'm4-1': 104.45, 'm5-1': 10.66, 'm6-1': 115.44, 'm7-1': 1.1, 'm8-1': 1.02}",1.53,39.04000000000002,40.060000000000024,inf,171.008,171.008
154,T3,BESTEFFORT,COMPLETED,m8-1,21.019,"{'m1-1': 9.6, 'm2-1': 107.38, 'm3-1': 100.35, 'm4-1': 107.46, 'm5-1': 9.89, 'm6-1': 97.98, 'm7-1': 1.02, 'm8-1': 1.12}",1.6800000000000002,135.04000000000002,136.16000000000003,inf,171.019,171.019
155,T4,BESTEFFORT,COMPLETED,m8-1,21.092,"{'m1-1': 10.48, 'm2-1': 108.79, 'm3-1': 105.18, 'm4-1': 103.46, 'm5-1': 11.77, 'm6-1': 111.53, 'm7-1': 1.15, 'm8-1': 0.96}",1.44,40.060000000000024,41.020000000000024,inf,171.09199999999998,171.09199999999998
156,T2,BESTEFFORT,COMPLETED,m7-1,21.161,"{'m1-1': 10.92, 'm2-1': 106.89, 'm3-1': 110.01, 'm4-1': 98.24, 'm5-1': 10.09, 'm6-1': 118.02, 'm7-1': 1.05, 'm8-1': 1.11}",1.5750000000000002,168.17100000000005,169.22100000000006,inf,171.161,171.161
157,T2,BESTEFFORT,CANCELLED,,21.173,"{'m1-1': 10.29, 'm2-1': 106.36, 'm3-1': 100.5, 'm4-1': 106.81, 'm5-1': 10.09, 'm6-1': 101.1, 'm7-1': 1.12, 'm8-1': 1.08}",0.0,inf,inf,inf,171.173,171.173
158,T3,BESTEFFORT,COMPLETED,m7-1,21.269,"{'m1-1': 11.13, 'm2-1': 100.76, 'm3-1': 98.17, 'm4-1': 98.87, 'm5-1': 11.25, 'm6-1': 107.79, 'm7-1': 1.1, 'm8-1': 1.0}",1.6500000000000001,134.51100000000002,135.61100000000002,inf,171.269,171.269
159,T1,BESTEFFORT,COMPLETED,m8-1,21.718,"{'m1-1': 9.74, 'm2-1': 105.45, 'm3-1': 112.49, 'm4-1': 106.05, 'm5-1': 10.25, 'm6-1': 110.42, 'm7-1': 0.99, 'm8-1': 1.06}",1.59,156.3100000000001,157.3700000000001,inf,171.718,171.718
160,T2,BESTEFFORT,CANCELLED,,21.939,"{'m1-1': 10.53, 'm2-1': 113.3, 'm3-1': 109.0, 'm4-1': 97.5, 'm5-1': 11.3, 'm6-1': 117.7, 'm7-1': 1.01, 'm8-1': 1.0}",0.0,inf,inf,inf,171.939,171.939
161,T4,BESTEFFORT,COMPLETED,m7-1,21.979,"{'m1-1': 10.55, 'm2-1': 98.71, 'm3-1': 110.19, 'm4-1': 101.49, 'm5-1': 10.47, 'm6-1': 98.0, 'm7-1': 1.16, 'm8-1': 1.03}",1.7399999999999998,149.76100000000005,150.92100000000005,inf,171.97899999999998,171.97899999999998
162,T4,BESTEFFORT,COMPLETED,m7-1,22.113,"{'m1-1': 9.68, 'm2-1': 91.91, 'm3-1': 104.79, 'm4-1': 102.38, 'm5-1': 11.34, 'm6-1': 105.54, 'm7-1': 1.16, 'm8-1': 0.95}",1.7399999999999998,150.92100000000005,152.08100000000005,inf,172.113,172.113
163,T4,BESTEFFORT,COMPLETED,m8-1,22.171,"{'m1-1': 10.72, 'm2-1': 105.9, 'm3-1': 99.21, 'm4-1': 99.93, 'm5-1': 10.69, 'm6-1': 104.66, 'm7-1': 1.13, 'm8-1': 1.03}",1.545,25.44000000000001,26.47000000000001,inf,172.171,172.171
164,T4,BESTEFFORT,MISSED,m3-1,22.175,"{'m1-1': 9.41, 'm2-1': 101.73, 'm3-1': 111.32, 'm4-1': 98.23, 'm5-1': 10.3, 'm6-1': 106.54, 'm7-1': 1.02, 'm8-1': 1.04}",0.0,213.485,inf,213.485,172.175,172.175
165,T2,BESTEFFORT,COMPLETED,m7-1,22.183,"{'m1-1': 10.21, 'm2-1': 111.48, 'm3-1': 100.59, 'm4-1': 98.34, 'm5-1': 11.16, 'm6-1': 103.64, 'm7-1': 1.01, 'm8-1': 1.05}",1.5150000000000001,169.22100000000006,170.23100000000005,inf,172.183,172.183
166,T1,BESTEFFORT,COMPLETED,m7-1,23.048,"{'m1-1': 10.91, 'm2-1': 102.32, 'm3-1': 113.58, 'm4-1': 111.56, 'm5-1': 10.54, 'm6-1': 106.76, 'm7-1': 1.03, 'm8-1': 1.1}",1.545,152.08100000000005,153.11100000000005,inf,173.048,173.048
167,T1,BESTEFFORT,COMPLETED,m5-1,23.567,"{'m1-1': 9.48, 'm2-1': 99.44, 'm3-1': 111.18, 'm4-1': 106.69, 'm5-1': 10.57, 'm6-1': 114.39, 'm7-1': 1.08, 'm8-1': 1.04}",15.855,63.800000000000004,74.37,inf,173.567,173.567
168,T1,BESTEFFORT,COMPLETED,m8-1,23.697,"{'m1-1': 10.07, 'm2-1': 98.81, 'm3-1': 98.22, 'm4-1': 114.1, 'm5-1': 10.89, 'm6-1': 117.83, 'm7-1': 1.06, 'm8-1': 1.07}",1.605,136.16000000000003,137.23000000000002,inf,173.697,173.697
169,T4,BESTEFFORT,COMPLETED,m7-1,23.825,"{'m1-1': 11.01, 'm2-1': 98.51, 'm3-1': 107.0, 'm4-1': 100.51, 'm5-1': 11.46, 'm6-1': 113.66, 'm7-1': 1.1, 'm8-1': 1.09}",1.6500000000000001,27.411000000000005,28.511000000000006,inf,173.825,173.825
170,T3,BESTEFFORT,COMPLETED,m8-1,23.985,"{'m1-1': 10.56, 'm2-1': 97.3, 'm3-1': 99.67, 'm4-1': 109.22, 'm5-1': 10.99, 'm6-1': 111.94, 'm7-1': 1.07, 'm8-1': 1.13}",1.6949999999999998,117.16000000000003,118.29000000000002,inf,173.985,173.985
171,T4,BESTEFFORT,COMPLETED,m7-1,24.127,"{'m1-1': 10.53, 'm2-1': 98.75, 'm3-1': 110.29, 'm4-1': 112.06, 'm5-1': 10.92, 'm6-1': 103.56, 'm7-1': 1.04, 'm8-1': 1.11}",1.56,79.25099999999999,80.291,inf,174.127,174.127
172,T2,BESTEFFORT,COMPLETED,m8-1,24.521,"{'m1-1': 11.14, 'm2-1': 108.82, 'm3-1': 97.16, 'm4-1': 108.77, 'm5-1': 10.97, 'm6-1': 114.75, 'm7-1': 1.11, 'm8-1': 1.03}",1.545,29.670000000000012,30.700000000000014,inf,174.52100000000002,174.52100000000002
173,T4,BESTEFFORT,COMPLETED,m8-1,24.879,"{'m1-1': 9.52, 'm2-1': 96.98, 'm3-1': 103.42, 'm4-1': 99.33, 'm5-1': 11.65, 'm6-1': 111.06, 'm7-1': 1.16, 'm8-1': 1.01}",1.5150000000000001,28.66000000000001,29.670000000000012,inf,174.879,174.879
174,T1,BESTEFFORT,MISSED,m7-1,24.991,"{'m1-1': 10.56, 'm2-1': 98.61, 'm3-1': 103.17, 'm4-1': 108.13, 'm5-1': 9.37, 'm6-1': 99.46, 'm7-1': 1.06, 'm8-1': 0.98}",0.0,177.70100000000005,inf,177.70100000000005,174.99099999999999,174.99099999999999
175,T3,BESTEFFORT,COMPLETED,m8-1,25.337,"{'m1-1': 10.65, 'm2-1': 113.33, 'm3-1': 97.92, 'm4-1': 98.93, 'm5-1': 10.02, 'm6-1': 97.87, 'm7-1': 1.1, 'm8-1': 1.05}",1.5750000000000002,87.09000000000003,88.14000000000003,inf,175.337,175.337
176,T1,BESTEFFORT,CANCELLED,,25.377,"{'m1-1': 11.16, 'm2-1': 116.67, 'm3-1': 116.62, 'm4-1': 101.26, 'm5-1': 9.97, 'm6-1': 111.0, 'm7-1': 1.0, 'm8-1': 0.95}",0.0,inf,inf,inf,175.377,175.377
177,T3,BESTEFFORT,MISSED,m8-1,25.685,"{'m1-1': 11.09, 'm2-1': 107.48, 'm3-1': 103.78, 'm4-1': 117.04, 'm5-1': 10.39, 'm6-1': 97.52, 'm7-1': 1.11, 'm8-1': 1.17}",0.0,177.0900000000001,inf,177.0900000000001,175.685,175.685
178,T3,BESTEFFORT,MISSED,m5-1,25.688,"{'m1-1': 10.5, 'm2-1': 104.86, 'm3-1': 102.12, 'm4-1': 103.11, 'm5-1': 10.02, 'm6-1': 114.69, 'm7-1': 1.14, 'm8-1': 1.17}",0.0,190.089,inf,190.089,175.688,175.688
179,T1,BESTEFFORT,COMPLETED,m7-1,25.771,"{'m1-1': 10.74, 'm2-1': 103.41, 'm3-1': 106.76, 'm4-1': 103.35, 'm5-1': 9.47, 'm6-1': 115.9, 'm7-1': 1.03, 'm8-1': 0.96}",1.545,80.291,81.321,inf,175.77100000000002,175.77100000000002
180,T1,BESTEFFORT,COMPLETED,m7-1,26.05,"{'m1-1': 10.91, 'm2-1': 109.11, 'm3-1': 113.14, 'm4-1': 99.4, 'm5-1': 9.95, 'm6-1': 110.4, 'm7-1': 1.08, 'm8-1': 1.05}",1.62,114.17100000000002,115.25100000000002,inf,176.05,176.05
181,T3,BESTEFFORT,COMPLETED,m7-1,26.108,"{'m1-1': 10.68, 'm2-1': 101.78, 'm3-1': 115.24, 'm4-1': 106.21, 'm5-1': 10.51, 'm6-1': 106.03, 'm7-1': 1.17, 'm8-1': 1.0}",1.755,29.591000000000008,30.76100000000001,inf,176.108,176.108
182,T2,BESTEFFORT,COMPLETED,m8-1,26.134,"{'m1-1': 10.11, 'm2-1': 100.85, 'm3-1': 112.1, 'm4-1': 111.9, 'm5-1': 10.02, 'm6-1': 100.82, 'm7-1': 1.13, 'm8-1': 1.08}",1.62,137.23000000000002,138.31000000000003,inf,176.13400000000001,176.13400000000001
183,T1,BESTEFFORT,COMPLETED,m8-1,26.175,"{'m1-1': 9.58, 'm2-1': 108.19, 'm3-1': 102.07, 'm4-1': 111.71, 'm5-1': 10.46, 'm6-1': 109.94, 'm7-1': 0.97, 'm8-1': 1.0}",1.5,138.31000000000003,139.31000000000003,inf,176.175,176.175
184,T3,BESTEFFORT,MISSED,m6-1,26.345,"{'m1-1': 10.05, 'm2-1': 108.66, 'm3-1': 98.02, 'm4-1': 117.23, 'm5-1': 10.85, 'm6-1': 102.28, 'm7-1': 1.12, 'm8-1': 1.02}",0.0,203.26,inf,203.26,176.345,176.345
185,T3,BESTEFFORT,COMPLETED,m7-1,26.477,"{'m1-1': 10.31, 'm2-1': 101.97, 'm3-1': 102.17, 'm4-1': 113.23, 'm5-1': 11.46, 'm6-1': 113.0, 'm7-1': 1.16, 'm8-1': 1.15}",1.7399999999999998,84.611,85.771,inf,176.477,176.477
186,T4,BESTEFFORT,COMPLETED,m7-1,26.712,"{'m1-1': 10.94, 'm2-1': 95.46, 'm3-1': 109.07, 'm4-1': 101.84, 'm5-1': 10.5, 'm6-1': 102.32, 'm7-1': 1.0, 'm8-1': 1.13}",1.5,30.76100000000001,31.76100000000001,inf,176.712,176.712
187,T3,BESTEFFORT,COMPLETED,m7-1,26.887,"{'m1-1': 10.58, 'm2-1': 100.48, 'm3-1': 107.2, 'm4-1': 111.67, 'm5-1': 10.23, 'm6-1': 96.72, 'm7-1': 0.99, 'm8-1': 1.08}",1.4849999999999999,115.25100000000002,116.24100000000001,inf,176.887,176.887
188,T2,BESTEFFORT,COMPLETED,m8-1,27.0,"{'m1-1': 10.8, 'm2-1': 98.45, 'm3-1': 113.21, 'm4-1': 111.57, 'm5-1': 10.19, 'm6-1': 112.83, 'm7-1': 1.07, 'm8-1': 1.12}",1.6800000000000002,88.14000000000003,89.26000000000003,inf,177.0,177.0
189,T2,BESTEFFORT,COMPLETED,m7-1,27.161,"{'m1-1': 10.21, 'm2-1': 103.29, 'm3-1': 108.47, 'm4-1': 111.32, 'm5-1': 10.92, 'm6-1': 114.13, 'm7-1': 1.14, 'm8-1': 1.02}",1.71,135.61100000000002,136.751,inf,177.161,177.161
190,T4,BESTEFFORT,CANCELLED,,27.165,"{'m1-1': 9.82, 'm2-1': 106.69, 'm3-1': 109.68, 'm4-1': 114.12, 'm5-1': 10.4, 'm6-1': 104.06, 'm7-1': 1.16, 'm8-1': 1.02}",0.0,inf,inf,inf,177.165,177.165
191,T3,BESTEFFORT,CANCELLED,,27.436,"{'m1-1': 10.64, 'm2-1': 110.75, 'm3-1': 103.69, 'm4-1': 110.87, 'm5-1': 10.78, 'm6-1': 109.05, 'm7-1': 1.11, 'm8-1': 1.02}",0.0,inf,inf,inf,177.436,177.436
192,T1,BESTEFFORT,COMPLETED,m8-1,27.667,"{'m1-1': 9.93, 'm2-1': 113.84, 'm3-1': 113.03, 'm4-1': 108.48, 'm5-1': 9.59, 'm6-1': 102.43, 'm7-1': 0.99, 'm8-1': 1.09}",1.6350000000000002,31.720000000000013,32.81000000000002,inf,177.667,177.667
193,T1,BESTEFFORT,COMPLETED,m7-1,27.881,"{'m1-1': 9.64, 'm2-1': 100.8, 'm3-1': 116.04, 'm4-1': 111.85, 'm5-1': 10.55, 'm6-1': 100.42, 'm7-1': 1.1, 'm8-1': 1.1}",1.6500000000000001,31.76100000000001,32.86100000000001,inf,177.881,177.881
194,T4,BESTEFFORT,COMPLETED,m8-1,28.073,"{'m1-1': 9.89, 'm2-1': 107.58, 'm3-1': 102.36, 'm4-1': 100.5, 'm5-1': 10.54, 'm6-1': 105.04, 'm7-1': 1.06, 'm8-1': 0.98}",1.47,157.3700000000001,158.35000000000008,inf,178.073,178.073
195,T4,BESTEFFORT,COMPLETED,m7-1,28.766,"{'m1-1': 10.45, 'm2-1': 97.32, 'm3-1': 94.35, 'm4-1': 103.23, 'm5-1': 10.82, 'm6-1': 107.94, 'm7-1': 1.03, 'm8-1': 1.11}",1.545,153.11100000000005,154.14100000000005,inf,178.766,178.766
196,T4,BESTEFFORT,COMPLETED,m7-1,28.772,"{'m1-1': 10.92, 'm2-1': 108.06, 'm3-1': 106.61, 'm4-1': 104.5, 'm5-1': 11.4, 'm6-1': 107.97, 'm7-1': 1.01, 'm8-1': 1.03}",1.5150000000000001,32.86100000000001,33.87100000000001,inf,178.772,178.772
197,T2,BESTEFFORT,COMPLETED,m8-1,29.002,"{'m1-1': 10.26, 'm2-1': 101.63, 'm3-1': 100.76, 'm4-1': 101.1, 'm5-1': 11.34, 'm6-1': 113.73, 'm7-1': 1.1, 'm8-1': 1.09}",1.6350000000000002,89.26000000000003,90.35000000000004,inf,179.002,179.002
198,T4,BESTEFFORT,COMPLETED,m8-1,29.195,"{'m1-1': 10.67, 'm2-1': 99.97, 'm3-1': 105.95, 'm4-1': 107.35, 'm5-1': 9.99, 'm6-1': 110.95, 'm7-1': 1.09, 'm8-1': 0.99}",1.4849999999999999,177.0900000000001,178.0800000000001,inf,179.195,179.195
199,T4,BESTEFFORT,CANCELLED,,29.378,"{'m1-1': 11.04, 'm2-1': 95.08, 'm3-1': 106.52, 'm4-1': 110.76, 'm5-1': 10.0, 'm6-1': 103.01, 'm7-1': 1.0, 'm8-1': 0.96}",0.0,inf,inf,inf,179.378,179.378
200,T3,BESTEFFORT,COMPLETED,m7-1,29.451,"{'m1-1': 11.13, 'm2-1': 104.68, 'm3-1': 110.59, 'm4-1': 115.48, 'm5-1': 11.18, 'm6-1': 107.79, 'm7-1': 1.13, 'm8-1': 1.11}",1.6949999999999998,154.14100000000005,155.27100000000004,inf,179.451,179.451
201,T2,BESTEFFORT,COMPLETED,m7-1,29.486,"{'m1-1': 11.2, 'm2-1': 102.62, 'm3-1': 107.93, 'm4-1': 111.44, 'm5-1': 9.63, 'm6-1': 108.92, 'm7-1': 1.09, 'm8-1': 1.01}",1.6350000000000002,100.721,101.811,inf,179.486,179.486
202,T3,BESTEFFORT,COMPLETED,m8-1,29.718,"{'m1-1': 10.76, 'm2-1': 108.44, 'm3-1': 109.51, 'm4-1': 114.83, 'm5-1': 11.31, 'm6-1': 100.79, 'm7-1': 1.08, 'm8-1': 1.12}",1.6800000000000002,139.31000000000003,140.43000000000004,inf,179.718,179.718
203,T2,BESTEFFORT,COMPLETED,m8-1,30.38,"{'m1-1': 11.58, 'm2-1': 100.22, 'm3-1': 106.47, 'm4-1': 101.93, 'm5-1': 10.49, 'm6-1': 118.37, 'm7-1': 1.02, 'm8-1': 1.11}",1.665,41.020000000000024,42.130000000000024,inf,180.38,180.38
204,T1,BESTEFFORT,COMPLETED,m8-1,30.574,"{'m1-1': 11.01, 'm2-1': 114.84, 'm3-1': 106.67, 'm4-1': 110.2, 'm5-1': 10.46, 'm6-1': 112.18, 'm7-1': 1.12, 'm8-1': 0.94}",1.41,34.98000000000002,35.920000000000016,inf,180.574,180.574
205,T1,BESTEFFORT,COMPLETED,m8-1,30.583,"{'m1-1': 10.96, 'm2-1': 115.63, 'm3-1': 105.72, 'm4-1': 103.97, 'm5-1': 10.33, 'm6-1': 104.26, 'm7-1': 1.09, 'm8-1': 1.1}",1.6500000000000001,33.88000000000002,34.98000000000002,inf,180.583,180.583
206,T3,BESTEFFORT,COMPLETED,m7-1,30.614,"{'m1-1': 10.72, 'm2-1': 103.1, 'm3-1': 105.68, 'm4-1': 114.38, 'm5-1': 9.97, 'm6-1': 104.72, 'm7-1': 1.09, 'm8-1': 1.09}",1.6350000000000002,116.24100000000001,117.33100000000002,inf,180.614,180.614
207,T1,BESTEFFORT,COMPLETED,m8-1,30.641,"{'m1-1': 10.66, 'm2-1': 103.19, 'm3-1': 111.56, 'm4-1': 98.48, 'm5-1': 10.65, 'm6-1': 112.05, 'm7-1': 1.03, 'm8-1': 0.98}",1.47,178.0800000000001,179.0600000000001,inf,180.641,180.641
208,T4,BESTEFFORT,COMPLETED,m8-1,30.823,"{'m1-1': 9.54, 'm2-1': 105.55, 'm3-1': 94.24, 'm4-1': 104.36, 'm5-1': 9.97, 'm6-1': 108.21, 'm7-1': 1.17, 'm8-1': 0.96}",1.44,101.12000000000002,102.08000000000001,inf,180.823,180.823
209,T1,BESTEFFORT,COMPLETED,m7-1,30.845,"{'m1-1': 10.28, 'm2-1': 110.58, 'm3-1': 110.82, 'm4-1': 97.02, 'm5-1': 10.08, 'm6-1': 113.93, 'm7-1': 1.03, 'm8-1': 1.02}",1.545,155.27100000000004,156.30100000000004,inf,180.845,180.845
210,T3,BESTEFFORT,COMPLETED,m7-1,31.107,"{'m1-1': 11.23, 'm2-1': 110.23, 'm3-1': 103.08, 'm4-1': 112.98, 'm5-1': 11.2, 'm6-1': 103.58, 'm7-1': 1.08, 'm8-1': 1.1}",1.62,36.061000000000014,37.14100000000001,inf,181.107,181.107
211,T2,BESTEFFORT,COMPLETED,m7-1,31.128,"{'m1-1': 11.38, 'm2-1': 95.87, 'm3-1': 96.99, 'm4-1': 101.85, 'm5-1': 10.43, 'm6-1': 112.97, 'm7-1': 1.1, 'm8-1': 1.06}",1.6500000000000001,34.96100000000001,36.061000000000014,inf,181.128,181.128
212,T1,BESTEFFORT,COMPLETED,m8-1,31.276,"{'m1-1': 10.44, 'm2-1': 109.34, 'm3-1': 110.62, 'm4-1': 99.46, 'm5-1': 10.04, 'm6-1': 106.33, 'm7-1': 1.11, 'm8-1': 1.01}",1.5150000000000001,45.39000000000002,46.40000000000002,inf,181.276,181.276
213,T1,BESTEFFORT,MISSED,m8-1,31.324,"{'m1-1': 9.72, 'm2-1': 109.9, 'm3-1': 99.02, 'm4-1': 111.75, 'm5-1': 10.72, 'm6-1': 116.36, 'm7-1': 1.13, 'm8-1': 1.02}",0.0,183.35000000000008,inf,183.35000000000008,181.324,181.324
214,T3,BESTEFFORT,COMPLETED,m7-1,31.375,"{'m1-1': 11.02, 'm2-1': 112.32, 'm3-1': 105.3, 'm4-1': 102.69, 'm5-1': 9.73, 'm6-1': 113.26, 'm7-1': 1.17, 'm8-1': 1.03}",1.755,37.14100000000001,38.311000000000014,inf,181.375,181.375
215,T1,BESTEFFORT,COMPLETED,m8-1,31.409,"{'m1-1': 10.49, 'm2-1': 105.06, 'm3-1': 111.69, 'm4-1': 111.48, 'm5-1': 10.36, 'm6-1': 115.47, 'm7-1': 1.12, 'm8-1': 1.01}",1.5150000000000001,140.43000000000004,141.44000000000003,inf,181.409,181.409
216,T4,BESTEFFORT,COMPLETED,m8-1,31.706,"{'m1-1': 10.57, 'm2-1': 105.08, 'm3-1': 101.19, 'm4-1': 111.11, 'm5-1': 9.96, 'm6-1': 105.13, 'm7-1': 1.0, 'm8-1': 1.04}",1.56,36.91000000000002,37.95000000000002,inf,181.706,181.706
217,T4,BESTEFFORT,COMPLETED,m8-1,32.202,"{'m1-1': 10.14, 'm2-1': 91.51, 'm3-1': 99.62, 'm4-1': 107.84, 'm5-1': 11.37, 'm6-1': 107.03, 'm7-1': 1.08, 'm8-1': 1.09}",1.6350000000000002,37.95000000000002,39.04000000000002,inf,182.202,182.202
218,T2,BESTEFFORT,COMPLETED,m7-1,32.272,"{'m1-1': 11.02, 'm2-1': 97.94, 'm3-1': 108.5, 'm4-1': 109.99, 'm5-1': 10.82, 'm6-1': 111.27, 'm7-1': 1.17, 'm8-1': 1.09}",1.755,136.751,137.921,inf,182.272,182.272
219,T1,BESTEFFORT,COMPLETED,m7-1,32.321,"{'m1-1': 9.92, 'm2-1': 110.49, 'm3-1': 109.44, 'm4-1': 111.5, 'm5-1': 10.81, 'm6-1': 113.89, 'm7-1': 0.97, 'm8-1': 1.09}",1.455,85.771,86.741,inf,182.321,182.321
220,T4,BESTEFFORT,COMPLETED,m8-1,32.428,"{'m1-1': 9.5, 'm2-1': 102.67, 'm3-1': 102.02, 'm4-1': 100.91, 'm5-1': 10.54, 'm6-1': 114.11, 'm7-1': 1.14, 'm8-1': 0.99}",1.4849999999999999,35.920000000000016,36.91000000000002,inf,182.428,182.428
221,T3,BESTEFFORT,COMPLETED,m7-1,32.474,"{'m1-1': 10.85, 'm2-1': 111.25, 'm3-1': 106.92, 'm4-1': 115.07, 'm5-1': 9.74, 'm6-1': 103.57, 'm7-1': 1.16, 'm8-1': 1.08}",1.7399999999999998,156.30100000000004,157.46100000000004,inf,182.474,182.474
222,T3,BESTEFFORT,CANCELLED,,33.321,"{'m1-1': 9.55, 'm2-1': 110.48, 'm3-1': 111.28, 'm4-1': 103.51, 'm5-1': 10.53, 'm6-1': 102.67, 'm7-1': 1.09, 'm8-1': 1.02}",0.0,inf,inf,inf,183.321,183.321
223,T1,BESTEFFORT,COMPLETED,m8-1,33.348,"{'m1-1': 10.22, 'm2-1': 103.0, 'm3-1': 114.3, 'm4-1': 109.78, 'm5-1': 10.68, 'm6-1': 100.43, 'm7-1': 1.02, 'm8-1': 1.03}",1.545,158.35000000000008,159.38000000000008,inf,183.348,183.348
224,T1,BESTEFFORT,COMPLETED,m8-1,33.369,"{'m1-1': 10.49, 'm2-1': 113.37, 'm3-1': 116.25, 'm4-1': 108.17, 'm5-1': 9.76, 'm6-1': 115.3, 'm7-1': 1.08, 'm8-1': 1.04}",1.56,163.57000000000008,164.61000000000007,inf,183.369,183.369
225,T1,BESTEFFORT,COMPLETED,m7-1,33.872,"{'m1-1': 9.98, 'm2-1': 108.36, 'm3-1': 114.06, 'm4-1': 115.02, 'm5-1': 10.62, 'm6-1': 115.42, 'm7-1': 0.98, 'm8-1': 0.99}",1.47,38.311000000000014,39.29100000000001,inf,183.872,183.872
226,T1,BESTEFFORT,COMPLETED,m7-1,34.042,"{'m1-1': 9.63, 'm2-1': 105.8, 'm3-1': 103.77, 'm4-1': 112.7, 'm5-1': 10.75, 'm6-1': 106.06, 'm7-1': 1.01, 'm8-1': 1.0}",1.5150000000000001,39.29100000000001,40.30100000000001,inf,184.042,184.042
227,T3,BESTEFFORT,COMPLETED,m7-1,34.324,"{'m1-1': 10.24, 'm2-1': 96.9, 'm3-1': 100.35, 'm4-1': 109.66, 'm5-1': 10.99, 'm6-1': 97.97, 'm7-1': 1.15, 'm8-1': 1.05}",1.7249999999999999,117.33100000000002,118.48100000000002,inf,184.324,184.324
228,T4,BESTEFFORT,COMPLETED,m8-1,34.454,"{'m1-1': 9.85, 'm2-1': 92.41, 'm3-1': 107.21, 'm4-1': 113.84, 'm5-1': 11.29, 'm6-1': 112.77, 'm7-1': 1.04, 'm8-1': 1.09}",1.6350000000000002,90.35000000000004,91.44000000000004,inf,184.454,184.454
229,T2,BESTEFFORT,COMPLETED,m7-1,34.551,"{'m1-1': 10.8, 'm2-1': 105.26, 'm3-1': 98.89, 'm4-1': 108.56, 'm5-1': 10.46, 'm6-1': 102.02, 'm7-1': 1.07, 'm8-1': 0.99}",1.605,177.70100000000005,178.77100000000004,inf,184.551,184.551
230,T1,BESTEFFORT,COMPLETED,m8-1,34.682,"{'m1-1': 9.86, 'm2-1': 105.83, 'm3-1': 103.48, 'm4-1': 106.94, 'm5-1': 10.88, 'm6-1': 113.43, 'm7-1': 0.97, 'm8-1': 1.01}",1.5150000000000001,118.29000000000002,119.30000000000003,inf,184.68200000000002,184.68200000000002
231,T2,BESTEFFORT,CANCELLED,,34.964,"{'m1-1': 11.38, 'm2-1': 113.07, 'm3-1': 106.96, 'm4-1': 107.12, 'm5-1': 9.7, 'm6-1': 111.16, 'm7-1': 1.01, 'm8-1': 1.08}",0.0,inf,inf,inf,184.964,184.964
232,T3,BESTEFFORT,MISSED,m7-1,35.306,"{'m1-1': 10.44, 'm2-1': 104.59, 'm3-1': 98.96, 'm4-1': 112.17, 'm5-1': 11.14, 'm6-1': 97.6, 'm7-1': 1.05, 'm8-1': 1.01}",0.0,185.341,inf,185.341,185.30599999999998,185.30599999999998
233,T2,BESTEFFORT,COMPLETED,m7-1,35.324,"{'m1-1': 10.12, 'm2-1': 108.67, 'm3-1': 111.66, 'm4-1': 99.44, 'm5-1': 10.87, 'm6-1': 115.63, 'm7-1': 1.02, 'm8-1': 1.0}",1.53,137.921,138.941,inf,185.324,185.324
234,T4,BESTEFFORT,COMPLETED,m7-1,35.459,"{'m1-1': 10.18, 'm2-1': 100.34, 'm3-1': 97.41, 'm4-1': 100.79, 'm5-1': 11.51, 'm6-1': 110.81, 'm7-1': 1.06, 'm8-1': 1.09}",1.59,101.811,102.87100000000001,inf,185.459,185.459
235,T1,BESTEFFORT,COMPLETED,m7-1,35.474,"{'m1-1': 10.62, 'm2-1': 106.75, 'm3-1': 100.84, 'm4-1': 107.87, 'm5-1': 10.95, 'm6-1': 99.62, 'm7-1': 1.13, 'm8-1': 0.96}",1.6949999999999998,44.471000000000004,45.601000000000006,inf,185.474,185.474
236,T1,BESTEFFORT,COMPLETED,m8-1,35.549,"{'m1-1': 10.28, 'm2-1': 99.24, 'm3-1': 114.64, 'm4-1': 102.31, 'm5-1': 9.7, 'm6-1': 108.99, 'm7-1': 1.05, 'm8-1': 0.94}",1.41,119.30000000000003,120.24000000000002,inf,185.549,185.549
237,T3,BESTEFFORT,COMPLETED,m8-1,35.631,"{'m1-1': 11.21, 'm2-1': 103.77, 'm3-1': 108.63, 'm4-1': 116.73, 'm5-1': 10.88, 'm6-1': 100.26, 'm7-1': 1.01, 'm8-1': 1.16}",1.7399999999999998,120.24000000000002,121.40000000000002,inf,185.631,185.631
238,T1,BESTEFFORT,COMPLETED,m8-1,35.666,"{'m1-1': 10.31, 'm2-1': 115.14, 'm3-1': 105.79, 'm4-1': 98.85, 'm5-1': 9.37, 'm6-1': 116.39, 'm7-1': 1.12, 'm8-1': 1.09}",1.6350000000000002,121.40000000000002,122.49000000000002,inf,185.666,185.666
239,T1,BESTEFFORT,COMPLETED,m7-1,35.67,"{'m1-1': 10.66, 'm2-1': 107.29, 'm3-1': 103.2, 'm4-1': 102.5, 'm5-1': 9.85, 'm6-1': 107.08, 'm7-1': 1.01, 'm8-1': 1.03}",1.5150000000000001,41.30100000000001,42.31100000000001,inf,185.67000000000002,185.67000000000002
240,T4,BESTEFFORT,COMPLETED,m1-1,35.935,"{'m1-1': 10.84, 'm2-1': 95.43, 'm3-1': 108.22, 'm4-1': 102.35, 'm5-1': 10.08, 'm6-1': 107.4, 'm7-1': 1.01, 'm8-1': 1.11}",16.259999999999998,86.124,96.964,inf,185.935,185.935
241,T3,BESTEFFORT,CANCELLED,,35.989,"{'m1-1': 11.01, 'm2-1': 110.68, 'm3-1': 99.88, 'm4-1': 110.78, 'm5-1': 10.58, 'm6-1': 96.82, 'm7-1': 1.16, 'm8-1': 1.04}",0.0,inf,inf,inf,185.989,185.989
242,T3,BESTEFFORT,COMPLETED,m8-1,36.515,"{'m1-1': 9.66, 'm2-1': 105.26, 'm3-1': 106.78, 'm4-1': 109.93, 'm5-1': 9.89, 'm6-1': 107.72, 'm7-1': 1.08, 'm8-1': 1.14}",1.71,102.08000000000001,103.22000000000001,inf,186.515,186.515
243,T2,BESTEFFORT,COMPLETED,m7-1,36.732,"{'m1-1': 11.45, 'm2-1': 109.74, 'm3-1': 113.33, 'm4-1': 112.34, 'm5-1': 9.64, 'm6-1': 114.75, 'm7-1': 1.17, 'm8-1': 1.05}",1.755,45.601000000000006,46.77100000000001,inf,186.732,186.732
244,T1,BESTEFFORT,COMPLETED,m7-1,36.949,"{'m1-1': 10.44, 'm2-1': 110.64, 'm3-1': 110.15, 'm4-1': 102.53, 'm5-1': 9.85, 'm6-1': 108.4, 'm7-1': 1.0, 'm8-1': 1.02}",1.5,40.30100000000001,41.30100000000001,inf,186.949,186.949
245,T3,BESTEFFORT,COMPLETED,m8-1,36.984,"{'m1-1': 11.24, 'm2-1': 105.52, 'm3-1': 109.5, 'm4-1': 113.23, 'm5-1': 9.94, 'm6-1': 109.98, 'm7-1': 1.14, 'm8-1': 1.05}",1.5750000000000002,179.0600000000001,180.1100000000001,inf,186.984,186.984
246,T1,BESTEFFORT,CANCELLED,,37.249,"{'m1-1': 10.9, 'm2-1': 116.02, 'm3-1': 103.51, 'm4-1': 107.97, 'm5-1': 10.67, 'm6-1': 116.05, 'm7-1': 1.12, 'm8-1': 1.1}",0.0,inf,inf,inf,187.249,187.249
247,T3,BESTEFFORT,CANCELLED,,37.336,"{'m1-1': 10.97, 'm2-1': 96.24, 'm3-1': 103.69, 'm4-1': 101.72, 'm5-1': 9.85, 'm6-1': 97.52, 'm7-1': 1.02, 'm8-1': 1.03}",0.0,inf,inf,inf,187.336,187.336
248,T2,BESTEFFORT,COMPLETED,m8-1,37.417,"{'m1-1': 10.7, 'm2-1': 106.36, 'm3-1': 109.54, 'm4-1': 113.87, 'm5-1': 10.36, 'm6-1': 112.82, 'm7-1': 1.05, 'm8-1': 1.1}",1.6500000000000001,122.49000000000002,123.59000000000002,inf,187.417,187.417
249,T2,BESTEFFORT,COMPLETED,m8-1,37.577,"{'m1-1': 10.96, 'm2-1': 95.6, 'm3-1': 96.9, 'm4-1': 105.75, 'm5-1': 10.12, 'm6-1': 101.88, 'm7-1': 1.17, 'm8-1': 1.04}",1.56,103.22000000000001,104.26000000000002,inf,187.577,187.577
250,T2,BESTEFFORT,COMPLETED,m8-1,37.704,"{'m1-1': 11.46, 'm2-1': 103.05, 'm3-1': 102.71, 'm4-1': 114.04, 'm5-1': 10.31, 'm6-1': 109.47, 'm7-1': 1.04, 'm8-1': 1.04}",1.56,46.40000000000002,47.44000000000002,inf,187.704,187.704
251,T4,BESTEFFORT,COMPLETED,m1-1,37.727,"{'m1-1': 9.55, 'm2-1': 102.42, 'm3-1': 106.12, 'm4-1': 114.69, 'm5-1': 11.71, 'm6-1': 101.21, 'm7-1': 1.06, 'm8-1': 0.98}",14.325000000000001,148.634,158.184,inf,187.727,187.727
252,T2,BESTEFFORT,COMPLETED,m8-1,38.244,"{'m1-1': 9.82, 'm2-1': 103.0, 'm3-1': 114.35, 'm4-1': 102.29, 'm5-1': 10.13, 'm6-1': 105.6, 'm7-1': 1.14, 'm8-1': 1.08}",1.62,43.230000000000025,44.310000000000024,inf,188.244,188.244
253,T4,BESTEFFORT,COMPLETED,m8-1,38.256,"{'m1-1': 10.41, 'm2-1': 108.79, 'm3-1': 107.48, 'm4-1': 114.17, 'm5-1': 10.54, 'm6-1': 110.88, 'm7-1': 1.07, 'm8-1': 1.03}",1.545,47.44000000000002,48.47000000000002,inf,188.256,188.256
254,T1,BESTEFFORT,COMPLETED,m7-1,38.374,"{'m1-1': 10.44, 'm2-1': 108.1, 'm3-1': 99.86, 'm4-1': 115.15, 'm5-1': 10.0, 'm6-1': 100.81, 'm7-1': 1.05, 'm8-1': 1.08}",1.5750000000000002,46.77100000000001,47.821000000000005,inf,188.374,188.374
255,T1,BESTEFFORT,COMPLETED,m8-1,38.517,"{'m1-1': 9.52, 'm2-1': 110.38, 'm3-1': 112.44, 'm4-1': 97.39, 'm5-1': 10.61, 'm6-1': 110.59, 'm7-1': 0.98, 'm8-1': 1.1}",1.6500000000000001,42.130000000000024,43.230000000000025,inf,188.517,188.517
256,T1,BESTEFFORT,COMPLETED,m8-1,38.566,"{'m1-1': 10.71, 'm2-1': 98.96, 'm3-1': 103.51, 'm4-1': 108.85, 'm5-1': 9.84, 'm6-1': 99.62, 'm7-1': 1.05, 'm8-1': 0.97}",1.455,164.61000000000007,165.58000000000007,inf,188.566,188.566
257,T1,BESTEFFORT,COMPLETED,m7-1,38.902,"{'m1-1': 10.9, 'm2-1': 102.32, 'm3-1': 101.95, 'm4-1': 98.48, 'm5-1': 9.4, 'm6-1': 106.42, 'm7-1': 1.12, 'm8-1': 0.96}",1.6800000000000002,42.31100000000001,43.431000000000004,inf,188.902,188.902
258,T3,BESTEFFORT,COMPLETED,m7-1,39.027,"{'m1-1': 10.4, 'm2-1': 99.02, 'm3-1': 112.44, 'm4-1': 107.37, 'm5-1': 9.77, 'm6-1': 106.02, 'm7-1': 1.0, 'm8-1': 1.17}",1.5,48.801,49.801,inf,189.027,189.027
259,T1,BESTEFFORT,COMPLETED,m8-1,39.047,"{'m1-1': 11.04, 'm2-1': 116.07, 'm3-1': 113.06, 'm4-1': 106.5, 'm5-1': 9.51, 'm6-1': 103.96, 'm7-1': 1.11, 'm8-1': 1.08}",1.62,44.310000000000024,45.39000000000002,inf,189.047,189.047
260,T2,BESTEFFORT,COMPLETED,m8-1,39.563,"{'m1-1': 10.9, 'm2-1': 104.8, 'm3-1': 100.41, 'm4-1': 109.18, 'm5-1': 10.72, 'm6-1': 112.93, 'm7-1': 1.16, 'm8-1': 1.14}",1.71,180.1100000000001,181.25000000000009,inf,189.563,189.563
261,T3,BESTEFFORT,COMPLETED,m7-1,39.669,"{'m1-1': 11.01, 'm2-1': 99.81, 'm3-1': 101.55, 'm4-1': 114.83, 'm5-1': 11.45, 'm6-1': 101.45, 'm7-1': 1.05, 'm8-1': 1.16}",1.5750000000000002,138.941,139.991,inf,189.66899999999998,189.66899999999998
262,T2,BESTEFFORT,COMPLETED,m7-1,39.701,"{'m1-1': 10.58, 'm2-1': 111.31, 'm3-1': 99.88, 'm4-1': 105.75, 'm5-1': 9.98, 'm6-1': 104.84, 'm7-1': 1.15, 'm8-1': 1.08}",1.7249999999999999,157.46100000000004,158.61100000000005,inf,189.701,189.701
263,T4,BESTEFFORT,COMPLETED,m7-1,40.022,"{'m1-1': 10.24, 'm2-1': 100.65, 'm3-1': 94.31, 'm4-1': 99.73, 'm5-1': 10.06, 'm6-1': 112.3, 'm7-1': 1.1, 'm8-1': 1.1}",1.6500000000000001,118.48100000000002,119.58100000000002,inf,190.022,190.022
264,T2,BESTEFFORT,MISSED,m5-1,40.089,"{'m1-1': 10.02, 'm2-1': 110.33, 'm3-1': 112.74, 'm4-1': 96.88, 'm5-1': 10.19, 'm6-1': 102.17, 'm7-1': 1.08, 'm8-1': 1.11}",3.688499999999962,187.63000000000002,inf,190.089,190.089,190.089
265,T2,BESTEFFORT,COMPLETED,m7-1,40.287,"{'m1-1': 11.57, 'm2-1': 100.08, 'm3-1': 98.95, 'm4-1': 98.83, 'm5-1': 11.38, 'm6-1': 112.58, 'm7-1': 1.03, 'm8-1': 1.03}",1.545,170.23100000000005,171.26100000000005,inf,190.287,190.287
266,T1,BESTEFFORT,COMPLETED,m7-1,40.292,"{'m1-1': 9.54, 'm2-1': 110.54, 'm3-1': 101.38, 'm4-1': 106.64, 'm5-1': 10.66, 'm6-1': 110.74, 'm7-1': 1.04, 'm8-1': 1.08}",1.56,43.431000000000004,44.471000000000004,inf,190.292,190.292
267,T2,BESTEFFORT,COMPLETED,m8-1,40.357,"{'m1-1': 11.5, 'm2-1': 106.99, 'm3-1': 113.31, 'm4-1': 111.78, 'm5-1': 10.64, 'm6-1': 101.03, 'm7-1': 1.05, 'm8-1': 0.99}",1.4849999999999999,141.44000000000003,142.43000000000004,inf,190.357,190.357
268,T2,BESTEFFORT,MISSED,m8-1,40.725,"{'m1-1': 10.96, 'm2-1': 109.14, 'm3-1': 107.47, 'm4-1': 112.57, 'm5-1': 11.13, 'm6-1': 110.48, 'm7-1': 1.05, 'm8-1': 1.1}",0.09749999999986869,190.66000000000008,inf,190.725,190.725,190.725
269,T1,BESTEFFORT,COMPLETED,m5-1,40.787,"{'m1-1': 9.8, 'm2-1': 99.22, 'm3-1': 107.82, 'm4-1': 110.4, 'm5-1': 10.81, 'm6-1': 114.98, 'm7-1': 1.04, 'm8-1': 0.97}",16.215,94.79,105.60000000000001,inf,190.787,190.787
270,T1,BESTEFFORT,COMPLETED,m7-1,41.229,"{'m1-1': 9.94, 'm2-1': 106.44, 'm3-1': 114.05, 'm4-1': 109.24, 'm5-1': 10.03, 'm6-1': 103.54, 'm7-1': 1.05, 'm8-1': 0.96}",1.5750000000000002,171.26100000000005,172.31100000000006,inf,191.22899999999998,191.22899999999998
271,T2,BESTEFFORT,COMPLETED,m7-1,41.274,"{'m1-1': 10.63, 'm2-1': 100.13, 'm3-1': 108.96, 'm4-1': 104.4, 'm5-1': 11.02, 'm6-1': 104.16, 'm7-1': 1.02, 'm8-1': 1.1}",1.53,139.991,141.01100000000002,inf,191.274,191.274
272,T4,BESTEFFORT,COMPLETED,m8-1,41.468,"{'m1-1': 10.68, 'm2-1': 101.81, 'm3-1': 101.17, 'm4-1': 114.57, 'm5-1': 10.18, 'm6-1': 112.83, 'm7-1': 1.04, 'm8-1': 1.13}",1.6949999999999998,104.26000000000002,105.39000000000001,inf,191.46800000000002,191.46800000000002
273,T2,BESTEFFORT,COMPLETED,m8-1,41.515,"{'m1-1': 9.81, 'm2-1': 100.1, 'm3-1': 113.93, 'm4-1': 108.74, 'm5-1': 11.29, 'm6-1': 101.8, 'm7-1': 1.08, 'm8-1': 1.08}",1.62,165.58000000000007,166.66000000000008,inf,191.515,191.515
274,T1,BESTEFFORT,COMPLETED,m7-1,41.608,"{'m1-1': 9.95, 'm2-1': 105.45, 'm3-1': 103.0, 'm4-1': 114.96, 'm5-1': 9.85, 'm6-1': 107.76, 'm7-1': 0.97, 'm8-1': 1.06}",1.455,178.77100000000004,179.74100000000004,inf,191.608,191.608
275,T4,BESTEFFORT,COMPLETED,m8-1,41.939,"{'m1-1': 10.4, 'm2-1': 98.71, 'm3-1': 102.58, 'm4-1': 114.73, 'm5-1': 10.62, 'm6-1': 104.34, 'm7-1': 1.16, 'm8-1': 1.12}",1.6800000000000002,142.43000000000004,143.55000000000004,inf,191.939,191.939
276,T4,BESTEFFORT,COMPLETED,m8-1,41.974,"{'m1-1': 10.44, 'm2-1': 102.74, 'm3-1': 107.94, 'm4-1': 114.41, 'm5-1': 11.62, 'm6-1': 110.29, 'm7-1': 1.15, 'm8-1': 1.0}",1.5,183.35000000000008,184.35000000000008,inf,191.974,191.974
277,T1,BESTEFFORT,COMPLETED,m8-1,42.319,"{'m1-1': 10.47, 'm2-1': 114.7, 'm3-1': 108.97, 'm4-1': 111.56, 'm5-1': 10.06, 'm6-1': 102.63, 'm7-1': 1.04, 'm8-1': 1.02}",1.53,123.59000000000002,124.61000000000001,inf,192.31900000000002,192.31900000000002
278,T2,BESTEFFORT,COMPLETED,m7-1,42.331,"{'m1-1': 11.32, 'm2-1': 104.86, 'm3-1': 107.87, 'm4-1': 108.67, 'm5-1': 9.58, 'm6-1': 114.48, 'm7-1': 1.17, 'm8-1': 1.13}",1.755,158.61100000000005,159.78100000000003,inf,192.33100000000002,192.33100000000002
279,T4,BESTEFFORT,COMPLETED,m8-1,42.363,"{'m1-1': 10.57, 'm2-1': 100.24, 'm3-1': 110.1, 'm4-1': 111.64, 'm5-1': 9.96, 'm6-1': 98.41, 'm7-1': 1.08, 'm8-1': 1.09}",1.6350000000000002,184.35000000000008,185.44000000000008,inf,192.363,192.363
280,T2,BESTEFFORT,COMPLETED,m7-1,42.426,"{'m1-1': 10.73, 'm2-1': 109.91, 'm3-1': 105.59, 'm4-1': 101.55, 'm5-1': 9.88, 'm6-1': 104.93, 'm7-1': 1.06, 'm8-1': 1.03}",1.59,52.911,53.971000000000004,inf,192.426,192.426
281,T3,BESTEFFORT,COMPLETED,m8-1,42.484,"{'m1-1': 9.76, 'm2-1': 104.35, 'm3-1': 111.82, 'm4-1': 101.63, 'm5-1': 10.2, 'm6-1': 99.2, 'm7-1': 1.04, 'm8-1': 1.02}",1.53,190.725,191.745,inf,192.484,192.484
282,T2,BESTEFFORT,COMPLETED,m7-1,43.114,"{'m1-1': 11.02, 'm2-1': 101.34, 'm3-1': 109.06, 'm4-1': 105.96, 'm5-1': 9.74, 'm6-1': 106.87, 'm7-1': 1.09, 'm8-1': 0.97}",1.6350000000000002,172.31100000000006,173.40100000000007,inf,193.114,193.114
283,T4,BESTEFFORT,COMPLETED,m1-1,43.244,"{'m1-1': 10.69, 'm2-1': 108.19, 'm3-1': 107.54, 'm4-1': 98.16, 'm5-1': 11.29, 'm6-1': 99.1, 'm7-1': 1.18, 'm8-1': 1.05}",16.035,75.434,86.124,inf,193.244,193.244
284,T3,BESTEFFORT,CANCELLED,,43.546,"{'m1-1': 10.55, 'm2-1': 98.13, 'm3-1': 112.19, 'm4-1': 116.74, 'm5-1': 10.69, 'm6-1': 100.13, 'm7-1': 1.15, 'm8-1': 1.05}",0.0,inf,inf,inf,193.546,193.546
285,T1,BESTEFFORT,COMPLETED,m5-1,43.666,"{'m1-1': 11.13, 'm2-1': 98.93, 'm3-1': 106.75, 'm4-1': 111.56, 'm5-1': 10.66, 'm6-1': 112.5, 'm7-1': 1.05, 'm8-1': 1.08}",15.99,74.37,85.03,inf,193.666,193.666
286,T1,BESTEFFORT,COMPLETED,m8-1,44.056,"{'m1-1': 10.68, 'm2-1': 103.16, 'm3-1': 111.65, 'm4-1': 100.81, 'm5-1': 10.75, 'm6-1': 103.87, 'm7-1': 1.03, 'm8-1': 0.95}",1.4249999999999998,105.39000000000001,106.34000000000002,inf,194.05599999999998,194.05599999999998
287,T1,BESTEFFORT,COMPLETED,m7-1,44.118,"{'m1-1': 10.88, 'm2-1': 101.8, 'm3-1': 104.45, 'm4-1': 98.07, 'm5-1': 10.56, 'm6-1': 109.84, 'm7-1': 0.98, 'm8-1': 1.01}",1.47,47.821000000000005,48.801,inf,194.118,194.118
288,T3,BESTEFFORT,COMPLETED,m7-1,44.374,"{'m1-1': 9.89, 'm2-1': 99.67, 'm3-1': 113.72, 'm4-1': 105.35, 'm5-1': 10.89, 'm6-1': 107.84, 'm7-1': 1.15, 'm8-1': 1.15}",1.7249999999999999,179.74100000000004,180.89100000000005,inf,194.374,194.374
289,T1,BESTEFFORT,COMPLETED,m8-1,44.473,"{'m1-1': 9.96, 'm2-1': 113.52, 'm3-1': 105.44, 'm4-1': 105.72, 'm5-1': 10.58, 'm6-1': 103.43, 'm7-1': 1.12, 'm8-1': 0.95}",1.4249999999999998,48.47000000000002,49.42000000000002,inf,194.473,194.473
290,T4,BESTEFFORT,COMPLETED,m8-1,44.794,"{'m1-1': 11.07, 'm2-1': 92.97, 'm3-1': 103.2, 'm4-1': 102.39, 'm5-1': 11.43, 'm6-1': 96.46, 'm7-1': 1.13, 'm8-1': 1.08}",1.62,106.34000000000002,107.42000000000002,inf,194.79399999999998,194.79399999999998
291,T4,BESTEFFORT,COMPLETED,m8-1,44.814,"{'m1-1': 9.82, 'm2-1': 94.7, 'm3-1': 99.03, 'm4-1': 96.7, 'm5-1': 10.04, 'm6-1': 109.6, 'm7-1': 1.06, 'm8-1': 1.1}",1.6500000000000001,107.42000000000002,108.52000000000001,inf,194.814,194.814
292,T3,BESTEFFORT,COMPLETED,m8-1,44.98,"{'m1-1': 10.26, 'm2-1': 105.01, 'm3-1': 111.82, 'm4-1': 105.66, 'm5-1': 9.79, 'm6-1': 102.05, 'm7-1': 1.08, 'm8-1': 0.99}",1.4849999999999999,143.55000000000004,144.54000000000005,inf,194.98,194.98
293,T1,BESTEFFORT,COMPLETED,m5-1,45.118,"{'m1-1': 11.18, 'm2-1': 115.97, 'm3-1': 112.77, 'm4-1': 114.31, 'm5-1': 9.76, 'm6-1': 105.56, 'm7-1': 1.07, 'm8-1': 0.95}",14.64,85.03,94.79,inf,195.118,195.118
294,T4,BESTEFFORT,MISSED,m2-1,45.153,"{'m1-1': 10.47, 'm2-1': 106.94, 'm3-1': 111.56, 'm4-1': 97.4, 'm5-1': 11.71, 'm6-1': 101.03, 'm7-1': 1.03, 'm8-1': 1.05}",0.0,227.23000000000002,inf,227.23000000000002,195.153,195.153
295,T3,BESTEFFORT,COMPLETED,m8-1,45.165,"{'m1-1': 9.86, 'm2-1': 102.15, 'm3-1': 101.81, 'm4-1': 107.06, 'm5-1': 9.68, 'm6-1': 104.25, 'm7-1': 1.15, 'm8-1': 1.1}",1.6500000000000001,49.42000000000002,50.520000000000024,inf,195.165,195.165
296,T4,BESTEFFORT,MISSED,m6-1,45.275,"{'m1-1': 10.82, 'm2-1': 98.62, 'm3-1': 99.6, 'm4-1': 100.78, 'm5-1': 11.64, 'm6-1': 98.37, 'm7-1': 1.16, 'm8-1': 0.95}",0.0,203.26,inf,203.26,195.275,195.275
297,T1,BESTEFFORT,COMPLETED,m8-1,45.617,"{'m1-1': 10.11, 'm2-1': 110.58, 'm3-1': 99.4, 'm4-1': 103.35, 'm5-1': 10.49, 'm6-1': 111.34, 'm7-1': 1.06, 'm8-1': 0.98}",1.47,185.44000000000008,186.42000000000007,inf,195.617,195.617
298,T1,BESTEFFORT,COMPLETED,m7-1,45.876,"{'m1-1': 10.74, 'm2-1': 109.86, 'm3-1': 114.68, 'm4-1': 112.15, 'm5-1': 9.78, 'm6-1': 108.74, 'm7-1': 0.97, 'm8-1': 0.95}",1.455,49.801,50.771,inf,195.876,195.876
299,T1,BESTEFFORT,COMPLETED,m8-1,45.896,"{'m1-1': 9.63, 'm2-1': 101.85, 'm3-1': 112.8, 'm4-1': 103.38, 'm5-1': 10.88, 'm6-1': 113.45, 'm7-1': 1.05, 'm8-1': 1.02}",1.53,152.15000000000006,153.17000000000007,inf,195.89600000000002,195.89600000000002
300,T3,BESTEFFORT,COMPLETED,m7-1,46.087,"{'m1-1': 11.22, 'm2-1': 113.06, 'm3-1': 109.31, 'm4-1': 108.02, 'm5-1': 9.78, 'm6-1': 106.74, 'm7-1': 1.1, 'm8-1': 1.0}",1.6500000000000001,86.741,87.841,inf,196.087,196.087
301,T4,BESTEFFORT,COMPLETED,m7-1,46.089,"{'m1-1': 9.37, 'm2-1': 100.04, 'm3-1': 98.6, 'm4-1': 99.33, 'm5-1': 11.58, 'm6-1': 101.88, 'm7-1': 1.14, 'm8-1': 1.07}",1.71,53.971000000000004,55.111000000000004,inf,196.089,196.089
302,T3,BESTEFFORT,COMPLETED,m7-1,46.096,"{'m1-1': 11.12, 'm2-1': 112.1, 'm3-1': 97.76, 'm4-1': 112.58, 'm5-1': 10.3, 'm6-1': 97.13, 'm7-1': 1.04, 'm8-1': 1.16}",1.56,102.87100000000001,103.91100000000002,inf,196.096,196.096
303,T4,BESTEFFORT,MISSED,m1-1,46.475,"{'m1-1': 10.03, 'm2-1': 92.48, 'm3-1': 97.65, 'm4-1': 104.86, 'm5-1': 10.37, 'm6-1': 110.6, 'm7-1': 1.01, 'm8-1': 1.06}",0.0,207.944,inf,207.944,196.475,196.475
304,T1,BESTEFFORT,COMPLETED,m8-1,46.52,"{'m1-1': 9.76, 'm2-1': 110.28, 'm3-1': 101.08, 'm4-1': 102.59, 'm5-1': 9.65, 'm6-1': 102.41, 'm7-1': 1.08, 'm8-1': 1.1}",1.6500000000000001,50.520000000000024,51.620000000000026,inf,196.52,196.52
305,T4,BESTEFFORT,COMPLETED,m8-1,46.754,"{'m1-1': 10.7, 'm2-1': 101.94, 'm3-1': 100.87, 'm4-1': 111.64, 'm5-1': 10.51, 'm6-1': 108.31, 'm7-1': 1.06, 'm8-1': 0.96}",1.44,191.745,192.705,inf,196.754,196.754
306,T3,BESTEFFORT,COMPLETED,m7-1,46.778,"{'m1-1': 10.46, 'm2-1': 112.04, 'm3-1': 110.18, 'm4-1': 112.72, 'm5-1': 9.79, 'm6-1': 98.04, 'm7-1': 1.01, 'm8-1': 1.08}",1.5150000000000001,50.771,51.781,inf,196.778,196.778
307,T1,BESTEFFORT,COMPLETED,m8-1,46.864,"{'m1-1': 9.49, 'm2-1': 105.37, 'm3-1': 98.21, 'm4-1': 100.6, 'm5-1': 10.15, 'm6-1': 112.41, 'm7-1': 1.14, 'm8-1': 0.98}",1.47,166.66000000000008,167.64000000000007,inf,196.864,196.864
308,T1,BESTEFFORT,COMPLETED,m7-1,47.186,"{'m1-1': 10.26, 'm2-1': 103.61, 'm3-1': 114.64, 'm4-1': 100.51, 'm5-1': 9.48, 'm6-1': 100.98, 'm7-1': 1.1, 'm8-1': 1.12}",1.6500000000000001,58.291000000000004,59.391000000000005,inf,197.186,197.186
309,T4,BESTEFFORT,COMPLETED,m7-1,47.384,"{'m1-1': 10.34, 'm2-1': 96.67, 'm3-1': 96.36, 'm4-1': 113.63, 'm5-1': 10.31, 'm6-1': 108.33, 'm7-1': 1.07, 'm8-1': 1.04}",1.605,119.58100000000002,120.65100000000001,inf,197.38400000000001,197.38400000000001
310,T3,BESTEFFORT,COMPLETED,m7-1,47.427,"{'m1-1': 10.97, 'm2-1': 102.95, 'm3-1': 106.61, 'm4-1': 99.67, 'm5-1': 10.12, 'm6-1': 111.71, 'm7-1': 1.06, 'm8-1': 1.1}",1.59,120.65100000000001,121.71100000000001,inf,197.427,197.427
311,T2,BESTEFFORT,COMPLETED,m7-1,47.445,"{'m1-1': 11.11, 'm2-1': 108.57, 'm3-1': 103.7, 'm4-1': 111.0, 'm5-1': 10.08, 'm6-1': 107.78, 'm7-1': 1.02, 'm8-1': 1.0}",1.53,159.78100000000003,160.80100000000004,inf,197.445,197.445
312,T3,BESTEFFORT,COMPLETED,m7-1,47.521,"{'m1-1': 9.96, 'm2-1': 112.93, 'm3-1': 111.57, 'm4-1': 108.02, 'm5-1': 10.12, 'm6-1': 97.29, 'm7-1': 1.14, 'm8-1': 1.13}",1.71,185.341,186.481,inf,197.52100000000002,197.52100000000002
313,T4,BESTEFFORT,COMPLETED,m7-1,47.996,"{'m1-1': 9.84, 'm2-1': 105.84, 'm3-1': 107.78, 'm4-1': 105.32, 'm5-1': 10.82, 'm6-1': 112.23, 'm7-1': 1.13, 'm8-1': 0.95}",1.6949999999999998,51.781,52.911,inf,197.996,197.996
314,T2,BESTEFFORT,COMPLETED,m8-1,48.053,"{'m1-1': 10.22, 'm2-1': 108.56, 'm3-1': 103.45, 'm4-1': 114.24, 'm5-1': 11.35, 'm6-1': 102.96, 'm7-1': 1.17, 'm8-1': 1.11}",1.665,52.730000000000025,53.840000000000025,inf,198.053,198.053
315,T3,BESTEFFORT,COMPLETED,m7-1,48.074,"{'m1-1': 11.28, 'm2-1': 100.5, 'm3-1': 111.72, 'm4-1': 105.38, 'm5-1': 9.88, 'm6-1': 104.72, 'm7-1': 1.04, 'm8-1': 0.99}",1.56,188.611,189.65099999999998,inf,198.074,198.074
316,T4,BESTEFFORT,COMPLETED,m8-1,48.133,"{'m1-1': 10.08, 'm2-1': 108.04, 'm3-1': 101.53, 'm4-1': 112.58, 'm5-1': 10.99, 'm6-1': 98.68, 'm7-1': 1.11, 'm8-1': 1.05}",1.5750000000000002,144.54000000000005,145.59000000000006,inf,198.133,198.133
317,T2,BESTEFFORT,COMPLETED,m7-1,48.218,"{'m1-1': 10.77, 'm2-1': 105.39, 'm3-1': 113.75, 'm4-1': 101.1, 'm5-1': 10.98, 'm6-1': 103.04, 'm7-1': 1.15, 'm8-1': 1.12}",1.7249999999999999,87.841,88.991,inf,198.21800000000002,198.21800000000002
318,T1,BESTEFFORT,COMPLETED,m8-1,48.418,"{'m1-1': 10.63, 'm2-1': 105.92, 'm3-1': 116.32, 'm4-1': 98.88, 'm5-1': 9.81, 'm6-1': 111.68, 'm7-1': 0.98, 'm8-1': 1.11}",1.665,51.620000000000026,52.730000000000025,inf,198.418,198.418
319,T3,BESTEFFORT,MISSED,m1-1,48.434,"{'m1-1': 11.02, 'm2-1': 111.88, 'm3-1': 103.33, 'm4-1': 109.93, 'm5-1': 10.76, 'm6-1': 102.82, 'm7-1': 1.16, 'm8-1': 1.05}",13.58999999999996,189.37400000000002,inf,198.434,198.434,198.434
320,T3,BESTEFFORT,COMPLETED,m8-1,48.755,"{'m1-1': 11.18, 'm2-1': 107.3, 'm3-1': 113.04, 'm4-1': 106.9, 'm5-1': 11.39, 'm6-1': 109.22, 'm7-1': 1.07, 'm8-1': 1.02}",1.53,186.42000000000007,187.44000000000008,inf,198.755,198.755
321,T1,BESTEFFORT,COMPLETED,m8-1,48.897,"{'m1-1': 10.0, 'm2-1': 101.9, 'm3-1': 100.44, 'm4-1': 103.38, 'm5-1': 10.74, 'm6-1': 102.44, 'm7-1': 0.97, 'm8-1': 1.05}",1.5750000000000002,91.44000000000004,92.49000000000004,inf,198.897,198.897
322,T1,BESTEFFORT,MISSED,m4-1,49.154,"{'m1-1': 10.36, 'm2-1': 109.7, 'm3-1': 108.02, 'm4-1': 110.29, 'm5-1': 9.65, 'm6-1': 110.09, 'm7-1': 1.09, 'm8-1': 1.12}",0.0,230.9,inf,230.9,199.154,199.154
323,T2,BESTEFFORT,COMPLETED,m8-1,49.279,"{'m1-1': 11.14, 'm2-1': 107.74, 'm3-1': 99.54, 'm4-1': 102.44, 'm5-1': 9.68, 'm6-1': 116.26, 'm7-1': 0.99, 'm8-1': 0.97}",1.455,153.17000000000007,154.14000000000007,inf,199.279,199.279
324,T3,BESTEFFORT,MISSED,m5-1,49.336,"{'m1-1': 10.92, 'm2-1': 113.58, 'm3-1': 102.02, 'm4-1': 98.76, 'm5-1': 10.96, 'm6-1': 102.62, 'm7-1': 1.02, 'm8-1': 1.17}",0.0,210.99900000000002,inf,210.99900000000002,199.336,199.336
325,T3,BESTEFFORT,MISSED,m1-1,49.352,"{'m1-1': 9.8, 'm2-1': 112.81, 'm3-1': 107.93, 'm4-1': 117.2, 'm5-1': 10.94, 'm6-1': 98.04, 'm7-1': 1.0, 'm8-1': 1.12}",0.0,207.944,inf,207.944,199.352,199.352
326,T2,BESTEFFORT,COMPLETED,m7-1,49.369,"{'m1-1': 11.58, 'm2-1': 101.97, 'm3-1': 100.9, 'm4-1': 100.15, 'm5-1': 9.91, 'm6-1': 109.82, 'm7-1': 1.1, 'm8-1': 1.11}",1.6500000000000001,186.481,187.581,inf,199.369,199.369
327,T3,BESTEFFORT,COMPLETED,m7-1,49.622,"{'m1-1': 11.34, 'm2-1': 109.68, 'm3-1': 106.18, 'm4-1': 109.04, 'm5-1': 10.87, 'm6-1': 109.44, 'm7-1': 1.07, 'm8-1': 1.0}",1.605,59.391000000000005,60.461000000000006,inf,199.622,199.622
328,T2,BESTEFFORT,COMPLETED,m8-1,49.78,"{'m1-1': 10.96, 'm2-1': 103.85, 'm3-1': 105.76, 'm4-1': 110.51, 'm5-1': 10.01, 'm6-1': 109.98, 'm7-1': 1.06, 'm8-1': 1.09}",1.6350000000000002,53.840000000000025,54.93000000000003,inf,199.78,199.78
329,T1,BESTEFFORT,COMPLETED,m8-1,50.299,"{'m1-1': 9.8, 'm2-1': 104.91, 'm3-1': 113.88, 'm4-1': 109.12, 'm5-1': 9.96, 'm6-1': 107.57, 'm7-1': 1.12, 'm8-1': 1.11}",1.665,54.93000000000003,56.04000000000003,inf,200.299,200.299
330,T3,BESTEFFORT,COMPLETED,m7-1,50.51,"{'m1-1': 9.58, 'm2-1': 96.82, 'm3-1': 105.96, 'm4-1': 111.46, 'm5-1': 10.75, 'm6-1': 109.66, 'm7-1': 1.02, 'm8-1': 1.11}",1.53,160.80100000000004,161.82100000000005,inf,200.51,200.51
331,T2,BESTEFFORT,COMPLETED,m5-1,50.624,"{'m1-1': 10.4, 'm2-1': 106.63, 'm3-1': 113.89, 'm4-1': 96.8, 'm5-1': 11.22, 'm6-1': 119.11, 'm7-1': 1.16, 'm8-1': 1.08}",16.830000000000002,124.47000000000001,135.69000000000003,inf,200.624,200.624
332,T1,BESTEFFORT,COMPLETED,m7-1,50.804,"{'m1-1': 10.9, 'm2-1': 107.26, 'm3-1': 102.25, 'm4-1': 97.09, 'm5-1': 9.84, 'm6-1': 114.46, 'm7-1': 1.04, 'm8-1': 0.97}",1.56,161.82100000000005,162.86100000000005,inf,200.804,200.804
333,T2,BESTEFFORT,COMPLETED,m8-1,50.99,"{'m1-1': 10.56, 'm2-1': 97.09, 'm3-1': 102.67, 'm4-1': 108.78, 'm5-1': 11.33, 'm6-1': 115.31, 'm7-1': 1.12, 'm8-1': 1.12}",1.6800000000000002,145.59000000000006,146.71000000000006,inf,200.99,200.99
334,T1,BESTEFFORT,COMPLETED,m7-1,51.112,"{'m1-1': 10.92, 'm2-1': 116.57, 'm3-1': 114.44, 'm4-1': 101.61, 'm5-1': 10.49, 'm6-1': 103.45, 'm7-1': 1.11, 'm8-1': 0.96}",1.665,55.111000000000004,56.221000000000004,inf,201.112,201.112
335,T4,BESTEFFORT,COMPLETED,m8-1,51.495,"{'m1-1': 11.09, 'm2-1': 97.01, 'm3-1': 108.02, 'm4-1': 106.51, 'm5-1': 11.58, 'm6-1': 96.54, 'm7-1': 1.0, 'm8-1': 1.09}",1.6350000000000002,58.03000000000003,59.12000000000003,inf,201.495,201.495
336,T1,BESTEFFORT,COMPLETED,m5-1,51.597,"{'m1-1': 9.91, 'm2-1': 105.37, 'm3-1': 111.6, 'm4-1': 108.41, 'm5-1': 10.32, 'm6-1': 100.84, 'm7-1': 0.98, 'm8-1': 1.07}",15.48,135.69000000000003,146.01000000000002,inf,201.597,201.597
337,T1,BESTEFFORT,COMPLETED,m8-1,51.708,"{'m1-1': 9.73, 'm2-1': 103.64, 'm3-1': 99.31, 'm4-1': 96.96, 'm5-1': 10.66, 'm6-1': 105.63, 'm7-1': 1.14, 'm8-1': 1.0}",1.5,56.04000000000003,57.04000000000003,inf,201.708,201.708
338,T2,BESTEFFORT,COMPLETED,m7-1,51.756,"{'m1-1': 10.56, 'm2-1': 106.42, 'm3-1': 113.46, 'm4-1': 96.23, 'm5-1': 10.56, 'm6-1': 115.18, 'm7-1': 1.11, 'm8-1': 1.12}",1.665,121.71100000000001,122.82100000000001,inf,201.756,201.756
339,T1,BESTEFFORT,COMPLETED,m1-1,52.114,"{'m1-1': 11.05, 'm2-1': 111.56, 'm3-1': 102.04, 'm4-1': 107.75, 'm5-1': 10.03, 'm6-1': 110.18, 'm7-1': 1.01, 'm8-1': 0.95}",16.575000000000003,168.484,179.53400000000002,inf,202.114,202.114
340,T3,BESTEFFORT,COMPLETED,m8-1,52.131,"{'m1-1': 11.28, 'm2-1': 106.23, 'm3-1': 107.78, 'm4-1': 116.03, 'm5-1': 10.75, 'm6-1': 112.14, 'm7-1': 1.02, 'm8-1': 1.06}",1.59,92.49000000000004,93.55000000000004,inf,202.131,202.131
341,T4,BESTEFFORT,COMPLETED,m8-1,52.205,"{'m1-1': 9.69, 'm2-1': 101.33, 'm3-1': 97.27, 'm4-1': 104.82, 'm5-1': 10.35, 'm6-1': 100.96, 'm7-1': 1.14, 'm8-1': 1.07}",1.605,124.61000000000001,125.68,inf,202.20499999999998,202.20499999999998
342,T3,BESTEFFORT,COMPLETED,m7-1,52.437,"{'m1-1': 10.57, 'm2-1': 97.74, 'm3-1': 110.75, 'm4-1': 103.31, 'm5-1': 10.65, 'm6-1': 106.3, 'm7-1': 1.0, 'm8-1': 1.05}",1.5,180.89100000000005,181.89100000000005,inf,202.437,202.437
343,T4,BESTEFFORT,COMPLETED,m7-1,52.438,"{'m1-1': 11.06, 'm2-1': 91.79, 'm3-1': 105.04, 'm4-1': 113.63, 'm5-1': 10.02, 'm6-1': 107.75, 'm7-1': 1.03, 'm8-1': 1.11}",1.545,189.65099999999998,190.68099999999998,inf,202.438,202.438
344,T3,BESTEFFORT,COMPLETED,m7-1,52.836,"{'m1-1': 11.24, 'm2-1': 111.33, 'm3-1': 110.4, 'm4-1': 102.21, 'm5-1': 11.43, 'm6-1': 110.12, 'm7-1': 1.11, 'm8-1': 1.03}",1.665,56.221000000000004,57.331,inf,202.836,202.836
345,T3,BESTEFFORT,COMPLETED,m8-1,52.839,"{'m1-1': 10.88, 'm2-1': 105.29, 'm3-1': 103.24, 'm4-1': 117.04, 'm5-1': 10.68, 'm6-1': 111.6, 'm7-1': 1.09, 'm8-1': 1.13}",1.6949999999999998,93.55000000000004,94.68000000000004,inf,202.839,202.839
346,T2,BESTEFFORT,COMPLETED,m7-1,52.908,"{'m1-1': 10.51, 'm2-1': 101.31, 'm3-1': 112.99, 'm4-1': 105.88, 'm5-1': 10.01, 'm6-1': 106.96, 'm7-1': 1.1, 'm8-1': 0.99}",1.6500000000000001,173.40100000000007,174.50100000000006,inf,202.90800000000002,202.90800000000002
347,T1,BESTEFFORT,COMPLETED,m8-1,52.925,"{'m1-1': 9.87, 'm2-1': 100.87, 'm3-1': 101.4, 'm4-1': 105.45, 'm5-1': 10.09, 'm6-1': 107.53, 'm7-1': 1.01, 'm8-1': 0.99}",1.4849999999999999,57.04000000000003,58.03000000000003,inf,202.925,202.925
348,T3,BESTEFFORT,COMPLETED,m7-1,53.015,"{'m1-1': 9.86, 'm2-1': 110.43, 'm3-1': 101.61, 'm4-1': 106.81, 'm5-1': 11.26, 'm6-1': 110.92, 'm7-1': 1.03, 'm8-1': 1.02}",1.545,103.91100000000002,104.94100000000002,inf,203.015,203.015
349,T2,BESTEFFORT,COMPLETED,m8-1,53.058,"{'m1-1': 10.4, 'm2-1': 112.4, 'm3-1': 96.62, 'm4-1': 111.9, 'm5-1': 9.82, 'm6-1': 104.79, 'm7-1': 0.99, 'm8-1': 1.12}",1.6800000000000002,146.71000000000006,147.83000000000007,inf,203.058,203.058
350,T3,BESTEFFORT,MISSED,m6-1,53.26,"{'m1-1': 10.48, 'm2-1': 103.9, 'm3-1': 113.25, 'm4-1': 102.27, 'm5-1': 10.02, 'm6-1': 104.52, 'm7-1': 1.16, 'm8-1': 1.08}",50.57399999999997,169.544,inf,203.26,203.26,203.26
351,T1,BESTEFFORT,COMPLETED,m7-1,53.262,"{'m1-1': 10.99, 'm2-1': 107.26, 'm3-1': 115.57, 'm4-1': 114.04, 'm5-1': 10.22, 'm6-1': 107.46, 'm7-1': 0.96, 'm8-1': 1.0}",1.44,57.331,58.291000000000004,inf,203.262,203.262
352,T4,BESTEFFORT,COMPLETED,m7-1,53.655,"{'m1-1': 10.18, 'm2-1': 107.86, 'm3-1': 105.47, 'm4-1': 98.96, 'm5-1': 10.56, 'm6-1': 109.98, 'm7-1': 1.16, 'm8-1': 0.99}",1.7399999999999998,174.50100000000006,175.66100000000006,inf,203.655,203.655
353,T4,BESTEFFORT,COMPLETED,m8-1,53.876,"{'m1-1': 9.98, 'm2-1': 94.44, 'm3-1': 105.65, 'm4-1': 103.63, 'm5-1': 9.9, 'm6-1': 100.22, 'm7-1': 1.09, 'm8-1': 0.97}",1.455,167.64000000000007,168.61000000000007,inf,203.876,203.876
354,T1,BESTEFFORT,COMPLETED,m5-1,54.226,"{'m1-1': 10.7, 'm2-1': 102.32, 'm3-1': 105.29, 'm4-1': 109.47, 'm5-1': 9.83, 'm6-1': 99.93, 'm7-1': 1.04, 'm8-1': 1.04}",14.745000000000001,177.8,187.63000000000002,inf,204.226,204.226
355,T3,BESTEFFORT,COMPLETED,m7-1,54.956,"{'m1-1': 10.4, 'm2-1': 110.63, 'm3-1': 100.7, 'm4-1': 106.7, 'm5-1': 10.64, 'm6-1': 97.97, 'm7-1': 1.14, 'm8-1': 1.17}",1.71,181.89100000000005,183.03100000000003,inf,204.95600000000002,204.95600000000002
356,T4,BESTEFFORT,COMPLETED,m8-1,55.322,"{'m1-1': 10.17, 'm2-1': 102.88, 'm3-1': 95.8, 'm4-1': 113.31, 'm5-1': 10.15, 'm6-1': 110.05, 'm7-1': 1.18, 'm8-1': 1.0}",1.5,147.83000000000007,148.83000000000007,inf,205.322,205.322
357,T2,BESTEFFORT,COMPLETED,m7-1,55.557,"{'m1-1': 10.56, 'm2-1': 102.74, 'm3-1': 110.3, 'm4-1': 111.06, 'm5-1': 11.31, 'm6-1': 111.93, 'm7-1': 1.01, 'm8-1': 0.97}",1.5150000000000001,192.88099999999997,193.89099999999996,inf,205.55700000000002,205.55700000000002
358,T2,BESTEFFORT,COMPLETED,m8-1,55.677,"{'m1-1': 9.79, 'm2-1': 98.13, 'm3-1': 99.76, 'm4-1': 101.34, 'm5-1': 11.03, 'm6-1': 108.37, 'm7-1': 1.03, 'm8-1': 1.15}",1.7249999999999999,194.91500000000002,196.06500000000003,inf,205.677,205.677
359,T1,BESTEFFORT,COMPLETED,m7-1,55.754,"{'m1-1': 10.84, 'm2-1': 103.64, 'm3-1': 114.41, 'm4-1': 113.45, 'm5-1': 10.57, 'm6-1': 111.85, 'm7-1': 1.08, 'm8-1': 1.01}",1.62,162.86100000000005,163.94100000000006,inf,205.754,205.754
360,T1,BESTEFFORT,COMPLETED,m8-1,55.822,"{'m1-1': 10.74, 'm2-1': 111.33, 'm3-1': 114.44, 'm4-1': 106.55, 'm5-1': 10.0, 'm6-1': 113.65, 'm7-1': 1.08, 'm8-1': 1.05}",1.5750000000000002,61.330000000000034,62.38000000000003,inf,205.822,205.822
361,T4,BESTEFFORT,COMPLETED,m7-1,55.858,"{'m1-1': 10.69, 'm2-1': 102.43, 'm3-1': 107.14, 'm4-1': 104.36, 'm5-1': 10.82, 'm6-1': 98.78, 'm7-1': 1.04, 'm8-1': 1.04}",1.56,175.66100000000006,176.70100000000005,inf,205.858,205.858
362,T1,BESTEFFORT,COMPLETED,m8-1,55.868,"{'m1-1': 9.85, 'm2-1': 103.34, 'm3-1': 115.11, 'm4-1': 112.44, 'm5-1': 10.68, 'm6-1': 116.03, 'm7-1': 1.02, 'm8-1': 1.1}",1.6500000000000001,59.12000000000003,60.220000000000034,inf,205.868,205.868
363,T4,BESTEFFORT,COMPLETED,m8-1,55.931,"{'m1-1': 10.18, 'm2-1': 108.79, 'm3-1': 100.12, 'm4-1': 104.5, 'm5-1': 10.7, 'm6-1': 111.08, 'm7-1': 1.02, 'm8-1': 1.08}",1.62,187.44000000000008,188.5200000000001,inf,205.93099999999998,205.93099999999998
364,T4,BESTEFFORT,COMPLETED,m7-1,56.038,"{'m1-1': 10.87, 'm2-1': 106.33, 'm3-1': 109.63, 'm4-1': 99.93, 'm5-1': 11.05, 'm6-1': 100.95, 'm7-1': 1.04, 'm8-1': 1.03}",1.56,104.94100000000002,105.98100000000002,inf,206.038,206.038
365,T1,BESTEFFORT,COMPLETED,m8-1,56.08,"{'m1-1': 10.35, 'm2-1': 114.62, 'm3-1': 108.22, 'm4-1': 101.52, 'm5-1': 10.87, 'm6-1': 116.14, 'm7-1': 1.02, 'm8-1': 1.11}",1.665,60.220000000000034,61.330000000000034,inf,206.07999999999998,206.07999999999998
366,T2,BESTEFFORT,COMPLETED,m7-1,56.883,"{'m1-1': 11.54, 'm2-1': 111.12, 'm3-1': 98.61, 'm4-1': 109.92, 'm5-1': 10.27, 'm6-1': 112.85, 'm7-1': 1.0, 'm8-1': 1.13}",1.5,141.01100000000002,142.01100000000002,inf,206.883,206.883
367,T1,BESTEFFORT,COMPLETED,m7-1,57.017,"{'m1-1': 9.67, 'm2-1': 113.39, 'm3-1': 105.03, 'm4-1': 105.56, 'm5-1': 10.76, 'm6-1': 116.18, 'm7-1': 1.05, 'm8-1': 0.96}",1.5750000000000002,88.991,90.041,inf,207.017,207.017
368,T2,BESTEFFORT,COMPLETED,m7-1,57.026,"{'m1-1': 10.25, 'm2-1': 111.31, 'm3-1': 105.25, 'm4-1': 111.98, 'm5-1': 10.37, 'm6-1': 110.89, 'm7-1': 1.08, 'm8-1': 1.04}",1.62,90.041,91.121,inf,207.026,207.026
369,T4,BESTEFFORT,COMPLETED,m8-1,57.221,"{'m1-1': 10.11, 'm2-1': 105.59, 'm3-1': 107.84, 'm4-1': 97.29, 'm5-1': 10.57, 'm6-1': 102.35, 'm7-1': 1.03, 'm8-1': 0.98}",1.47,181.25000000000009,182.23000000000008,inf,207.221,207.221
370,T4,BESTEFFORT,COMPLETED,m7-1,57.293,"{'m1-1': 10.65, 'm2-1': 102.52, 'm3-1': 102.95, 'm4-1': 102.82, 'm5-1': 11.75, 'm6-1': 100.97, 'm7-1': 1.05, 'm8-1': 1.05}",1.5750000000000002,105.98100000000002,107.03100000000002,inf,207.293,207.293
371,T2,BESTEFFORT,COMPLETED,m8-1,57.416,"{'m1-1': 10.12, 'm2-1': 110.6, 'm3-1': 101.98, 'm4-1': 111.3, 'm5-1': 10.09, 'm6-1': 102.06, 'm7-1': 1.17, 'm8-1': 1.04}",1.56,196.06500000000003,197.10500000000002,inf,207.416,207.416
372,T2,BESTEFFORT,COMPLETED,m7-1,57.475,"{'m1-1': 9.85, 'm2-1': 100.67, 'm3-1': 110.06, 'm4-1': 105.9, 'm5-1': 10.4, 'm6-1': 116.18, 'm7-1': 1.17, 'm8-1': 1.0}",1.755,190.68099999999998,191.85099999999997,inf,207.475,207.475
373,T3,BESTEFFORT,COMPLETED,m7-1,57.535,"{'m1-1': 10.44, 'm2-1': 112.05, 'm3-1': 105.68, 'm4-1': 99.76, 'm5-1': 9.84, 'm6-1': 97.57, 'm7-1': 1.15, 'm8-1': 1.01}",1.7249999999999999,91.121,92.271,inf,207.535,207.535
374,T2,BESTEFFORT,COMPLETED,m7-1,57.568,"{'m1-1': 10.4, 'm2-1': 111.01, 'm3-1': 103.64, 'm4-1': 98.68, 'm5-1': 10.51, 'm6-1': 117.81, 'm7-1': 0.99, 'm8-1': 0.98}",1.4849999999999999,62.521,63.511,inf,207.56799999999998,207.56799999999998
375,T1,BESTEFFORT,COMPLETED,m7-1,57.591,"{'m1-1': 9.45, 'm2-1': 107.35, 'm3-1': 116.49, 'm4-1': 99.38, 'm5-1': 9.69, 'm6-1': 109.21, 'm7-1': 0.98, 'm8-1': 1.06}",1.47,61.541000000000004,62.521,inf,207.591,207.591
376,T4,BESTEFFORT,COMPLETED,m1-1,57.77,"{'m1-1': 10.3, 'm2-1': 103.15, 'm3-1': 102.79, 'm4-1': 110.0, 'm5-1': 11.05, 'm6-1': 106.73, 'm7-1': 1.08, 'm8-1': 1.1}",15.450000000000001,158.184,168.484,inf,207.77,207.77
377,T1,BESTEFFORT,COMPLETED,m7-1,57.99,"{'m1-1': 9.77, 'm2-1': 116.24, 'm3-1': 101.38, 'm4-1': 106.43, 'm5-1': 10.86, 'm6-1': 114.46, 'm7-1': 0.98, 'm8-1': 1.06}",1.47,122.82100000000001,123.80100000000002,inf,207.99,207.99
378,T3,BESTEFFORT,COMPLETED,m7-1,58.023,"{'m1-1': 9.8, 'm2-1': 110.36, 'm3-1': 104.23, 'm4-1': 115.98, 'm5-1': 10.51, 'm6-1': 105.8, 'm7-1': 1.0, 'm8-1': 1.11}",1.5,63.511,64.511,inf,208.023,208.023
379,T3,BESTEFFORT,COMPLETED,m8-1,58.249,"{'m1-1': 9.93, 'm2-1': 98.21, 'm3-1': 111.62, 'm4-1': 113.93, 'm5-1': 10.16, 'm6-1': 101.92, 'm7-1': 1.0, 'm8-1': 1.1}",1.6500000000000001,168.61000000000007,169.71000000000006,inf,208.249,208.249
380,T3,BESTEFFORT,COMPLETED,m8-1,58.324,"{'m1-1': 9.6, 'm2-1': 100.01, 'm3-1': 105.21, 'm4-1': 113.15, 'm5-1': 10.16, 'm6-1': 105.69, 'm7-1': 1.01, 'm8-1': 1.13}",1.6949999999999998,62.38000000000003,63.51000000000003,inf,208.324,208.324
381,T1,BESTEFFORT,COMPLETED,m7-1,58.327,"{'m1-1': 10.74, 'm2-1': 108.49, 'm3-1': 99.58, 'm4-1': 97.74, 'm5-1': 9.8, 'm6-1': 100.56, 'm7-1': 1.06, 'm8-1': 1.1}",1.59,92.271,93.331,inf,208.327,208.327
382,T4,BESTEFFORT,MISSED,m2-1,59.528,"{'m1-1': 10.62, 'm2-1': 94.81, 'm3-1': 108.34, 'm4-1': 110.04, 'm5-1': 10.54, 'm6-1': 103.11, 'm7-1': 1.14, 'm8-1': 0.95}",81.6615,155.087,inf,209.528,209.528,209.528
383,T1,BESTEFFORT,COMPLETED,m1-1,59.673,"{'m1-1': 9.51, 'm2-1': 105.25, 'm3-1': 105.94, 'm4-1': 106.86, 'm5-1': 10.05, 'm6-1': 105.46, 'm7-1': 1.04, 'm8-1': 1.07}",14.265,198.434,207.944,inf,209.673,209.673
384,T3,BESTEFFORT,COMPLETED,m7-1,59.746,"{'m1-1': 10.5, 'm2-1': 98.88, 'm3-1': 108.77, 'm4-1': 98.76, 'm5-1': 10.09, 'm6-1': 108.6, 'm7-1': 1.14, 'm8-1': 0.99}",1.71,183.03100000000003,184.17100000000002,inf,209.746,209.746
385,T3,BESTEFFORT,COMPLETED,m8-1,59.757,"{'m1-1': 10.82, 'm2-1': 107.32, 'm3-1': 99.67, 'm4-1': 101.96, 'm5-1': 10.01, 'm6-1': 104.65, 'm7-1': 1.14, 'm8-1': 1.16}",1.7399999999999998,94.68000000000004,95.84000000000003,inf,209.757,209.757
386,T1,BESTEFFORT,COMPLETED,m8-1,60.237,"{'m1-1': 10.25, 'm2-1': 113.24, 'm3-1': 115.19, 'm4-1': 113.9, 'm5-1': 10.04, 'm6-1': 109.8, 'm7-1': 1.07, 'm8-1': 0.94}",1.41,64.58000000000003,65.52000000000002,inf,210.237,210.237
387,T2,BESTEFFORT,COMPLETED,m8-1,60.433,"{'m1-1': 10.4, 'm2-1': 108.92, 'm3-1': 108.9, 'm4-1': 110.15, 'm5-1': 9.65, 'm6-1': 110.23, 'm7-1': 1.0, 'm8-1': 1.0}",1.5,169.71000000000006,170.71000000000006,inf,210.433,210.433
388,T1,BESTEFFORT,COMPLETED,m8-1,60.461,"{'m1-1': 10.11, 'm2-1': 99.84, 'm3-1': 108.97, 'm4-1': 111.73, 'm5-1': 9.6, 'm6-1': 107.33, 'm7-1': 1.11, 'm8-1': 1.08}",1.62,170.71000000000006,171.79000000000008,inf,210.461,210.461
389,T4,BESTEFFORT,COMPLETED,m8-1,61.391,"{'m1-1': 9.61, 'm2-1': 92.68, 'm3-1': 93.85, 'm4-1': 96.78, 'm5-1': 10.99, 'm6-1': 96.82, 'm7-1': 1.15, 'm8-1': 1.08}",1.62,65.52000000000002,66.60000000000002,inf,211.391,211.391
390,T3,BESTEFFORT,COMPLETED,m5-1,61.636,"{'m1-1': 10.62, 'm2-1': 109.65, 'm3-1': 113.3, 'm4-1': 106.62, 'm5-1': 11.08, 'm6-1': 112.8, 'm7-1': 1.11, 'm8-1': 1.15}",16.62,199.919,210.99900000000002,inf,211.636,211.636
391,T3,BESTEFFORT,COMPLETED,m7-1,61.75,"{'m1-1': 10.87, 'm2-1': 112.59, 'm3-1': 110.04, 'm4-1': 110.19, 'm5-1': 10.16, 'm6-1': 99.79, 'm7-1': 1.08, 'm8-1': 0.99}",1.62,67.721,68.801,inf,211.75,211.75
392,T2,BESTEFFORT,COMPLETED,m7-1,61.794,"{'m1-1': 9.98, 'm2-1': 100.59, 'm3-1': 109.84, 'm4-1': 98.64, 'm5-1': 11.22, 'm6-1': 106.03, 'm7-1': 1.12, 'm8-1': 1.06}",1.6800000000000002,195.99099999999999,197.111,inf,211.79399999999998,211.79399999999998
393,T1,BESTEFFORT,COMPLETED,m7-1,61.925,"{'m1-1': 10.2, 'm2-1': 103.85, 'm3-1': 99.19, 'm4-1': 107.45, 'm5-1': 10.8, 'm6-1': 109.84, 'm7-1': 1.02, 'm8-1': 1.11}",1.53,65.661,66.681,inf,211.925,211.925
394,T4,BESTEFFORT,COMPLETED,m1-1,62.02,"{'m1-1': 11.03, 'm2-1': 100.87, 'm3-1': 100.63, 'm4-1': 100.93, 'm5-1': 10.62, 'm6-1': 98.23, 'm7-1': 1.12, 'm8-1': 1.05}",16.544999999999998,106.434,117.464,inf,212.02,212.02
395,T1,BESTEFFORT,COMPLETED,m7-1,62.127,"{'m1-1': 10.14, 'm2-1': 100.25, 'm3-1': 110.33, 'm4-1': 101.64, 'm5-1': 10.12, 'm6-1': 108.9, 'm7-1': 1.04, 'm8-1': 1.1}",1.56,66.681,67.721,inf,212.127,212.127
396,T1,BESTEFFORT,COMPLETED,m8-1,62.408,"{'m1-1': 10.47, 'm2-1': 115.35, 'm3-1': 100.61, 'm4-1': 102.05, 'm5-1': 9.54, 'm6-1': 102.47, 'm7-1': 0.98, 'm8-1': 1.06}",1.59,66.60000000000002,67.66000000000003,inf,212.40800000000002,212.40800000000002
397,T1,BESTEFFORT,COMPLETED,m7-1,62.602,"{'m1-1': 10.3, 'm2-1': 116.18, 'm3-1': 107.48, 'm4-1': 108.37, 'm5-1': 9.57, 'm6-1': 102.44, 'm7-1': 1.12, 'm8-1': 1.02}",1.6800000000000002,123.80100000000002,124.92100000000002,inf,212.602,212.602
398,T3,BESTEFFORT,COMPLETED,m7-1,62.669,"{'m1-1': 10.9, 'm2-1': 113.01, 'm3-1': 113.72, 'm4-1': 110.94, 'm5-1': 10.94, 'm6-1': 107.68, 'm7-1': 1.11, 'm8-1': 1.08}",1.665,197.111,198.221,inf,212.66899999999998,212.66899999999998
399,T1,BESTEFFORT,COMPLETED,m5-1,62.896,"{'m1-1': 9.66, 'm2-1': 116.98, 'm3-1': 98.67, 'm4-1': 99.0, 'm5-1': 9.56, 'm6-1': 113.16, 'm7-1': 1.0, 'm8-1': 1.09}",14.34,114.91000000000001,124.47000000000001,inf,212.89600000000002,212.89600000000002
400,T3,BESTEFFORT,COMPLETED,m8-1,63.216,"{'m1-1': 11.02, 'm2-1': 102.16, 'm3-1': 106.78, 'm4-1': 103.24, 'm5-1': 10.09, 'm6-1': 99.15, 'm7-1': 1.16, 'm8-1': 1.11}",1.665,159.38000000000008,160.4900000000001,inf,213.216,213.216
401,T1,BESTEFFORT,COMPLETED,m7-1,63.294,"{'m1-1': 10.35, 'm2-1': 109.38, 'm3-1': 111.53, 'm4-1': 98.74, 'm5-1': 10.62, 'm6-1': 102.67, 'm7-1': 1.02, 'm8-1': 0.95}",1.53,124.92100000000002,125.94100000000002,inf,213.29399999999998,213.29399999999998
402,T2,BESTEFFORT,COMPLETED,m7-1,63.367,"{'m1-1': 10.64, 'm2-1': 101.85, 'm3-1': 100.39, 'm4-1': 108.86, 'm5-1': 9.7, 'm6-1': 104.18, 'm7-1': 1.17, 'm8-1': 1.02}",1.755,184.17100000000002,185.341,inf,213.367,213.367
403,T4,BESTEFFORT,MISSED,m3-1,63.485,"{'m1-1': 9.61, 'm2-1': 99.05, 'm3-1': 100.68, 'm4-1': 108.26, 'm5-1': 10.77, 'm6-1': 99.52, 'm7-1': 1.07, 'm8-1': 1.12}",86.4735,155.836,inf,213.485,213.485,213.485
404,T4,BESTEFFORT,COMPLETED,m7-1,63.501,"{'m1-1': 10.47, 'm2-1': 105.5, 'm3-1': 110.91, 'm4-1': 107.12, 'm5-1': 11.07, 'm6-1': 98.6, 'm7-1': 1.03, 'm8-1': 1.11}",1.545,125.94100000000002,126.97100000000002,inf,213.501,213.501
405,T4,BESTEFFORT,COMPLETED,m1-1,63.531,"{'m1-1': 9.47, 'm2-1': 92.97, 'm3-1': 93.83, 'm4-1': 113.51, 'm5-1': 10.65, 'm6-1': 112.79, 'm7-1': 1.0, 'm8-1': 1.07}",14.205000000000002,96.964,106.434,inf,213.531,213.531
406,T4,BESTEFFORT,COMPLETED,m7-1,63.568,"{'m1-1': 9.78, 'm2-1': 107.44, 'm3-1': 109.36, 'm4-1': 99.08, 'm5-1': 11.06, 'm6-1': 100.63, 'm7-1': 1.0, 'm8-1': 0.95}",1.5,71.991,72.991,inf,213.56799999999998,213.56799999999998
407,T2,BESTEFFORT,COMPLETED,m5-1,63.581,"{'m1-1': 11.14, 'm2-1': 111.4, 'm3-1': 106.18, 'm4-1': 96.56, 'm5-1': 11.35, 'm6-1': 114.48, 'm7-1': 1.08, 'm8-1': 1.14}",17.025,146.01000000000002,157.36,inf,213.58100000000002,213.58100000000002
408,T1,BESTEFFORT,COMPLETED,m8-1,63.88,"{'m1-1': 10.26, 'm2-1': 107.19, 'm3-1': 108.02, 'm4-1': 107.79, 'm5-1': 10.69, 'm6-1': 114.56, 'm7-1': 1.09, 'm8-1': 1.08}",1.62,67.66000000000003,68.74000000000002,inf,213.88,213.88
409,T3,BESTEFFORT,COMPLETED,m8-1,63.957,"{'m1-1': 10.69, 'm2-1': 97.85, 'm3-1': 100.21, 'm4-1': 101.09, 'm5-1': 10.4, 'm6-1': 99.65, 'm7-1': 1.03, 'm8-1': 1.09}",1.6350000000000002,75.23000000000003,76.32000000000004,inf,213.957,213.957
410,T3,BESTEFFORT,COMPLETED,m7-1,64.128,"{'m1-1': 11.22, 'm2-1': 96.22, 'm3-1': 98.57, 'm4-1': 103.26, 'm5-1': 10.83, 'm6-1': 111.6, 'm7-1': 1.02, 'm8-1': 1.07}",1.53,126.97100000000002,127.99100000000001,inf,214.128,214.128
411,T1,BESTEFFORT,COMPLETED,m8-1,64.131,"{'m1-1': 10.96, 'm2-1': 116.57, 'm3-1': 109.49, 'm4-1': 106.57, 'm5-1': 10.25, 'm6-1': 109.73, 'm7-1': 1.08, 'm8-1': 1.06}",1.59,76.32000000000004,77.38000000000004,inf,214.131,214.131
412,T2,BESTEFFORT,COMPLETED,m8-1,64.142,"{'m1-1': 11.12, 'm2-1': 109.3, 'm3-1': 108.53, 'm4-1': 98.38, 'm5-1': 10.38, 'm6-1': 118.93, 'm7-1': 1.02, 'm8-1': 1.05}",1.5750000000000002,198.21500000000003,199.26500000000004,inf,214.142,214.142
413,T3,BESTEFFORT,COMPLETED,m7-1,64.209,"{'m1-1': 10.41, 'm2-1': 110.26, 'm3-1': 107.2, 'm4-1': 107.53, 'm5-1': 10.51, 'm6-1': 96.78, 'm7-1': 1.11, 'm8-1': 1.13}",1.665,69.821,70.931,inf,214.209,214.209
414,T3,BESTEFFORT,COMPLETED,m8-1,64.297,"{'m1-1': 9.89, 'm2-1': 101.78, 'm3-1': 98.84, 'm4-1': 114.38, 'm5-1': 10.12, 'm6-1': 102.35, 'm7-1': 1.13, 'm8-1': 0.99}",1.4849999999999999,171.79000000000008,172.7800000000001,inf,214.297,214.297
415,T4,BESTEFFORT,COMPLETED,m1-1,64.374,"{'m1-1': 9.84, 'm2-1': 105.58, 'm3-1': 108.22, 'm4-1': 105.39, 'm5-1': 11.05, 'm6-1': 113.71, 'm7-1': 1.02, 'm8-1': 1.08}",14.76,179.53400000000002,189.37400000000002,inf,214.374,214.374
416,T1,BESTEFFORT,COMPLETED,m7-1,64.543,"{'m1-1': 10.11, 'm2-1': 106.51, 'm3-1': 105.91, 'm4-1': 104.48, 'm5-1': 9.53, 'm6-1': 99.7, 'm7-1': 0.96, 'm8-1': 1.09}",1.44,107.03100000000002,107.99100000000001,inf,214.543,214.543
417,T2,BESTEFFORT,COMPLETED,m8-1,64.798,"{'m1-1': 10.73, 'm2-1': 106.83, 'm3-1': 110.65, 'm4-1': 110.69, 'm5-1': 10.59, 'm6-1': 111.84, 'm7-1': 0.99, 'm8-1': 1.02}",1.53,95.84000000000003,96.86000000000003,inf,214.798,214.798
418,T3,BESTEFFORT,COMPLETED,m8-1,65.045,"{'m1-1': 10.53, 'm2-1': 108.12, 'm3-1': 107.48, 'm4-1': 101.46, 'm5-1': 10.72, 'm6-1': 100.3, 'm7-1': 1.12, 'm8-1': 1.11}",1.665,193.805,194.91500000000002,inf,215.04500000000002,215.04500000000002
419,T1,BESTEFFORT,COMPLETED,m7-1,65.059,"{'m1-1': 10.3, 'm2-1': 112.38, 'm3-1': 98.96, 'm4-1': 97.94, 'm5-1': 9.72, 'm6-1': 104.08, 'm7-1': 1.02, 'm8-1': 1.02}",1.53,68.801,69.821,inf,215.059,215.059
420,T1,BESTEFFORT,COMPLETED,m7-1,65.065,"{'m1-1': 10.93, 'm2-1': 100.98, 'm3-1': 107.65, 'm4-1': 99.11, 'm5-1': 9.99, 'm6-1': 117.14, 'm7-1': 1.12, 'm8-1': 0.98}",1.6800000000000002,72.991,74.111,inf,215.065,215.065
421,T2,BESTEFFORT,COMPLETED,m8-1,65.067,"{'m1-1': 10.13, 'm2-1': 113.21, 'm3-1': 114.24, 'm4-1': 102.73, 'm5-1': 10.48, 'm6-1': 102.33, 'm7-1': 1.13, 'm8-1': 1.13}",1.6949999999999998,172.7800000000001,173.91000000000008,inf,215.067,215.067
422,T1,BESTEFFORT,COMPLETED,m8-1,65.083,"{'m1-1': 10.9, 'm2-1': 114.85, 'm3-1': 98.74, 'm4-1': 113.28, 'm5-1': 10.7, 'm6-1': 107.59, 'm7-1': 1.1, 'm8-1': 1.1}",1.6500000000000001,68.74000000000002,69.84000000000002,inf,215.083,215.083
423,T2,BESTEFFORT,COMPLETED,m7-1,65.188,"{'m1-1': 10.6, 'm2-1': 95.39, 'm3-1': 113.08, 'm4-1': 113.76, 'm5-1': 10.49, 'm6-1': 112.54, 'm7-1': 1.06, 'm8-1': 0.99}",1.59,70.931,71.991,inf,215.188,215.188
424,T3,BESTEFFORT,COMPLETED,m7-1,65.235,"{'m1-1': 10.74, 'm2-1': 96.5, 'm3-1': 102.43, 'm4-1': 113.88, 'm5-1': 11.11, 'm6-1': 114.55, 'm7-1': 1.03, 'm8-1': 0.99}",1.545,191.85099999999997,192.88099999999997,inf,215.235,215.235
425,T3,BESTEFFORT,COMPLETED,m8-1,65.474,"{'m1-1': 9.99, 'm2-1': 96.81, 'm3-1': 114.81, 'm4-1': 115.25, 'm5-1': 9.83, 'm6-1': 104.26, 'm7-1': 1.12, 'm8-1': 1.07}",1.605,77.38000000000004,78.45000000000003,inf,215.474,215.474
426,T3,BESTEFFORT,COMPLETED,m8-1,65.821,"{'m1-1': 9.76, 'm2-1': 96.63, 'm3-1': 103.08, 'm4-1': 101.44, 'm5-1': 10.92, 'm6-1': 99.84, 'm7-1': 1.03, 'm8-1': 1.08}",1.62,108.52000000000001,109.60000000000001,inf,215.821,215.821
427,T4,BESTEFFORT,COMPLETED,m8-1,65.831,"{'m1-1': 11.04, 'm2-1': 98.62, 'm3-1': 109.66, 'm4-1': 101.82, 'm5-1': 10.33, 'm6-1': 101.0, 'm7-1': 1.1, 'm8-1': 1.07}",1.605,173.91000000000008,174.98000000000008,inf,215.83100000000002,215.83100000000002
428,T2,BESTEFFORT,MISSED,m3-1,65.931,"{'m1-1': 11.27, 'm2-1': 112.63, 'm3-1': 114.27, 'm4-1': 109.0, 'm5-1': 10.13, 'm6-1': 111.54, 'm7-1': 1.09, 'm8-1': 1.04}",3.6689999999999543,213.485,inf,215.93099999999998,215.93099999999998,215.93099999999998
429,T1,BESTEFFORT,COMPLETED,m5-1,66.05,"{'m1-1': 9.95, 'm2-1': 103.21, 'm3-1': 113.81, 'm4-1': 104.11, 'm5-1': 9.31, 'm6-1': 115.82, 'm7-1': 1.12, 'm8-1': 1.08}",13.965,105.60000000000001,114.91000000000001,inf,216.05,216.05
430,T4,BESTEFFORT,COMPLETED,m7-1,66.135,"{'m1-1': 10.24, 'm2-1': 102.57, 'm3-1': 101.51, 'm4-1': 98.24, 'm5-1': 10.68, 'm6-1': 106.44, 'm7-1': 1.1, 'm8-1': 0.98}",1.6500000000000001,127.99100000000001,129.091,inf,216.135,216.135
431,T4,BESTEFFORT,COMPLETED,m8-1,66.158,"{'m1-1': 10.88, 'm2-1': 100.81, 'm3-1': 107.74, 'm4-1': 114.8, 'm5-1': 10.07, 'm6-1': 110.06, 'm7-1': 1.17, 'm8-1': 1.01}",1.5150000000000001,69.84000000000002,70.85000000000002,inf,216.15800000000002,216.15800000000002
432,T3,BESTEFFORT,COMPLETED,m8-1,66.302,"{'m1-1': 10.46, 'm2-1': 110.85, 'm3-1': 113.64, 'm4-1': 107.49, 'm5-1': 11.38, 'm6-1': 112.38, 'm7-1': 1.11, 'm8-1': 1.06}",1.59,109.60000000000001,110.66000000000001,inf,216.30200000000002,216.30200000000002
433,T2,BESTEFFORT,COMPLETED,m8-1,66.392,"{'m1-1': 10.1, 'm2-1': 110.56, 'm3-1': 107.21, 'm4-1': 111.02, 'm5-1': 11.32, 'm6-1': 102.09, 'm7-1': 1.13, 'm8-1': 1.12}",1.6800000000000002,182.23000000000008,183.35000000000008,inf,216.392,216.392
434,T4,BESTEFFORT,COMPLETED,m8-1,66.463,"{'m1-1': 10.04, 'm2-1': 92.74, 'm3-1': 107.84, 'm4-1': 112.06, 'm5-1': 10.02, 'm6-1': 113.37, 'm7-1': 1.14, 'm8-1': 0.98}",1.47,160.4900000000001,161.47000000000008,inf,216.463,216.463
435,T4,BESTEFFORT,COMPLETED,m8-1,66.673,"{'m1-1': 10.68, 'm2-1': 103.2, 'm3-1': 100.51, 'm4-1': 101.25, 'm5-1': 11.27, 'm6-1': 106.06, 'm7-1': 1.15, 'm8-1': 1.12}",1.6800000000000002,71.89000000000003,73.01000000000003,inf,216.673,216.673
436,T4,BESTEFFORT,COMPLETED,m8-1,66.871,"{'m1-1': 9.77, 'm2-1': 100.24, 'm3-1': 106.98, 'm4-1': 103.18, 'm5-1': 10.27, 'm6-1': 99.55, 'm7-1': 1.07, 'm8-1': 1.04}",1.56,70.85000000000002,71.89000000000003,inf,216.87099999999998,216.87099999999998
437,T4,BESTEFFORT,COMPLETED,m8-1,67.229,"{'m1-1': 11.06, 'm2-1': 107.39, 'm3-1': 111.05, 'm4-1': 107.29, 'm5-1': 11.53, 'm6-1': 103.11, 'm7-1': 1.14, 'm8-1': 1.11}",1.665,174.98000000000008,176.0900000000001,inf,217.22899999999998,217.22899999999998
438,T1,BESTEFFORT,COMPLETED,m7-1,67.27,"{'m1-1': 10.56, 'm2-1': 108.86, 'm3-1': 115.15, 'm4-1': 110.38, 'm5-1': 9.37, 'm6-1': 103.34, 'm7-1': 1.06, 'm8-1': 1.04}",1.59,163.94100000000006,165.00100000000006,inf,217.26999999999998,217.26999999999998
439,T2,BESTEFFORT,COMPLETED,m8-1,67.613,"{'m1-1': 10.02, 'm2-1': 103.69, 'm3-1': 96.92, 'm4-1': 112.32, 'm5-1': 9.84, 'm6-1': 111.87, 'm7-1': 1.04, 'm8-1': 1.13}",1.6949999999999998,74.10000000000004,75.23000000000003,inf,217.613,217.613
440,T2,BESTEFFORT,COMPLETED,m7-1,67.852,"{'m1-1': 10.61, 'm2-1': 96.72, 'm3-1': 101.42, 'm4-1': 98.98, 'm5-1': 9.62, 'm6-1': 118.63, 'm7-1': 1.07, 'm8-1': 0.97}",1.605,129.091,130.161,inf,217.852,217.852
441,T3,BESTEFFORT,COMPLETED,m5-1,68.009,"{'m1-1': 11.22, 'm2-1': 108.49, 'm3-1': 101.97, 'm4-1': 113.79, 'm5-1': 9.83, 'm6-1': 110.56, 'm7-1': 1.07, 'm8-1': 1.03}",14.745000000000001,190.089,199.919,inf,218.00900000000001,218.00900000000001
442,T1,BESTEFFORT,COMPLETED,m7-1,68.701,"{'m1-1': 11.13, 'm2-1': 107.66, 'm3-1': 108.64, 'm4-1': 107.07, 'm5-1': 10.51, 'm6-1': 114.38, 'm7-1': 1.03, 'm8-1': 1.09}",1.545,165.00100000000006,166.03100000000006,inf,218.701,218.701
443,T3,BESTEFFORT,COMPLETED,m7-1,68.738,"{'m1-1': 10.36, 'm2-1': 108.7, 'm3-1': 113.72, 'm4-1': 107.44, 'm5-1': 11.31, 'm6-1': 108.51, 'm7-1': 1.16, 'm8-1': 1.03}",1.7399999999999998,130.161,131.321,inf,218.738,218.738
444,T3,BESTEFFORT,MISSED,m5-1,68.958,"{'m1-1': 10.88, 'm2-1': 109.23, 'm3-1': 107.95, 'm4-1': 112.43, 'm5-1': 10.17, 'm6-1': 114.61, 'm7-1': 1.14, 'm8-1': 1.08}",11.938499999999962,210.99900000000002,inf,218.958,218.958,218.958
445,T1,BESTEFFORT,COMPLETED,m8-1,69.123,"{'m1-1': 9.71, 'm2-1': 99.41, 'm3-1': 104.13, 'm4-1': 97.5, 'm5-1': 10.82, 'm6-1': 102.63, 'm7-1': 1.04, 'm8-1': 1.04}",1.56,161.47000000000008,162.51000000000008,inf,219.123,219.123
446,T4,BESTEFFORT,COMPLETED,m8-1,69.303,"{'m1-1': 9.87, 'm2-1': 104.09, 'm3-1': 94.82, 'm4-1': 100.85, 'm5-1': 10.17, 'm6-1': 107.97, 'm7-1': 1.13, 'm8-1': 1.09}",1.6350000000000002,73.01000000000003,74.10000000000004,inf,219.303,219.303
447,T4,BESTEFFORT,COMPLETED,m8-1,69.33,"{'m1-1': 10.82, 'm2-1': 101.12, 'm3-1': 94.4, 'm4-1': 104.3, 'm5-1': 10.06, 'm6-1': 109.81, 'm7-1': 1.14, 'm8-1': 1.12}",1.6800000000000002,154.14000000000007,155.26000000000008,inf,219.32999999999998,219.32999999999998
448,T2,BESTEFFORT,COMPLETED,m8-1,69.63,"{'m1-1': 11.07, 'm2-1': 109.77, 'm3-1': 105.51, 'm4-1': 98.81, 'm5-1': 9.83, 'm6-1': 103.7, 'm7-1': 1.17, 'm8-1': 1.1}",1.6500000000000001,188.5200000000001,189.6200000000001,inf,219.63,219.63
449,T4,BESTEFFORT,COMPLETED,m7-1,69.72,"{'m1-1': 10.95, 'm2-1': 108.27, 'm3-1': 110.8, 'm4-1': 114.45, 'm5-1': 10.3, 'm6-1': 110.3, 'm7-1': 1.08, 'm8-1': 1.1}",1.62,107.99100000000001,109.07100000000001,inf,219.72,219.72
450,T3,BESTEFFORT,COMPLETED,m7-1,69.768,"{'m1-1': 10.58, 'm2-1': 104.59, 'm3-1': 97.8, 'm4-1': 104.19, 'm5-1': 10.4, 'm6-1': 113.31, 'm7-1': 1.1, 'm8-1': 1.06}",1.6500000000000001,166.03100000000006,167.13100000000006,inf,219.768,219.768
451,T4,BESTEFFORT,COMPLETED,m8-1,70.01,"{'m1-1': 9.95, 'm2-1': 104.59, 'm3-1': 109.65, 'm4-1': 109.41, 'm5-1': 10.16, 'm6-1': 109.1, 'm7-1': 1.03, 'm8-1': 1.01}",1.5150000000000001,110.66000000000001,111.67000000000002,inf,220.01,220.01
452,T2,BESTEFFORT,COMPLETED,m7-1,70.349,"{'m1-1': 11.48, 'm2-1': 104.48, 'm3-1': 109.31, 'm4-1': 97.74, 'm5-1': 11.2, 'm6-1': 103.7, 'm7-1': 1.14, 'm8-1': 1.0}",1.71,142.01100000000002,143.151,inf,220.349,220.349
453,T4,BESTEFFORT,COMPLETED,m7-1,70.811,"{'m1-1': 9.88, 'm2-1': 93.64, 'm3-1': 100.66, 'm4-1': 107.87, 'm5-1': 10.1, 'm6-1': 105.44, 'm7-1': 1.03, 'm8-1': 1.03}",1.545,187.581,188.611,inf,220.811,220.811
454,T4,BESTEFFORT,COMPLETED,m7-1,70.827,"{'m1-1': 10.36, 'm2-1': 100.45, 'm3-1': 106.82, 'm4-1': 112.39, 'm5-1': 10.94, 'm6-1': 97.04, 'm7-1': 1.0, 'm8-1': 1.01}",1.5,176.70100000000005,177.70100000000005,inf,220.827,220.827
455,T2,BESTEFFORT,COMPLETED,m7-1,71.17,"{'m1-1': 11.07, 'm2-1': 98.34, 'm3-1': 113.13, 'm4-1': 105.85, 'm5-1': 11.3, 'm6-1': 103.33, 'm7-1': 1.02, 'm8-1': 1.07}",1.53,93.331,94.351,inf,221.17000000000002,221.17000000000002
456,T4,BESTEFFORT,COMPLETED,m8-1,71.2,"{'m1-1': 9.92, 'm2-1': 99.16, 'm3-1': 103.19, 'm4-1': 110.23, 'm5-1': 10.72, 'm6-1': 96.22, 'm7-1': 1.04, 'm8-1': 0.98}",1.47,125.68,126.66000000000001,inf,221.2,221.2
457,T3,BESTEFFORT,COMPLETED,m7-1,71.596,"{'m1-1': 10.4, 'm2-1': 105.14, 'm3-1': 108.1, 'm4-1': 109.96, 'm5-1': 9.71, 'm6-1': 100.49, 'm7-1': 1.11, 'm8-1': 1.16}",1.665,143.151,144.26100000000002,inf,221.596,221.596
458,T2,BESTEFFORT,COMPLETED,m5-1,71.599,"{'m1-1': 9.81, 'm2-1': 101.42, 'm3-1': 104.73, 'm4-1': 104.6, 'm5-1': 10.56, 'm6-1': 116.87, 'm7-1': 1.17, 'm8-1': 1.09}",15.84,167.24,177.8,inf,221.599,221.599
459,T3,BESTEFFORT,COMPLETED,m8-1,71.616,"{'m1-1': 10.8, 'm2-1': 102.24, 'm3-1': 97.86, 'm4-1': 110.91, 'm5-1': 11.27, 'm6-1': 101.04, 'm7-1': 1.02, 'm8-1': 1.0}",1.5,176.0900000000001,177.0900000000001,inf,221.61599999999999,221.61599999999999
460,T2,BESTEFFORT,COMPLETED,m8-1,71.781,"{'m1-1': 9.86, 'm2-1': 108.59, 'm3-1': 110.11, 'm4-1': 101.65, 'm5-1': 10.19, 'm6-1': 118.3, 'm7-1': 1.11, 'm8-1': 1.11}",1.665,197.10500000000002,198.21500000000003,inf,221.781,221.781
461,T2,BESTEFFORT,COMPLETED,m8-1,71.862,"{'m1-1': 10.39, 'm2-1': 97.46, 'm3-1': 114.1, 'm4-1': 106.84, 'm5-1': 10.43, 'm6-1': 106.35, 'm7-1': 1.0, 'm8-1': 1.04}",1.56,111.67000000000002,112.71000000000002,inf,221.862,221.862
462,T3,BESTEFFORT,COMPLETED,m7-1,71.87,"{'m1-1': 10.94, 'm2-1': 101.93, 'm3-1': 101.58, 'm4-1': 117.2, 'm5-1': 10.87, 'm6-1': 110.82, 'm7-1': 1.08, 'm8-1': 1.16}",1.62,194.91099999999997,195.99099999999999,inf,221.87,221.87
463,T3,BESTEFFORT,COMPLETED,m8-1,71.987,"{'m1-1': 10.35, 'm2-1': 113.43, 'm3-1': 99.7, 'm4-1': 105.02, 'm5-1': 9.68, 'm6-1': 105.8, 'm7-1': 1.14, 'm8-1': 1.1}",1.6500000000000001,126.66000000000001,127.76,inf,221.987,221.987
464,T3,BESTEFFORT,COMPLETED,m7-1,72.167,"{'m1-1': 10.28, 'm2-1': 98.29, 'm3-1': 107.1, 'm4-1': 110.42, 'm5-1': 11.31, 'm6-1': 101.54, 'm7-1': 1.06, 'm8-1': 1.04}",1.59,76.181,77.241,inf,222.167,222.167
465,T2,BESTEFFORT,COMPLETED,m8-1,72.266,"{'m1-1': 10.01, 'm2-1': 105.86, 'm3-1': 109.27, 'm4-1': 109.18, 'm5-1': 10.2, 'm6-1': 116.18, 'm7-1': 1.07, 'm8-1': 0.97}",1.455,127.76,128.73000000000002,inf,222.26600000000002,222.26600000000002
466,T3,BESTEFFORT,COMPLETED,m8-1,72.334,"{'m1-1': 10.92, 'm2-1': 108.33, 'm3-1': 97.4, 'm4-1': 106.62, 'm5-1': 11.15, 'm6-1': 101.99, 'm7-1': 1.0, 'm8-1': 1.09}",1.6350000000000002,78.45000000000003,79.54000000000003,inf,222.334,222.334
467,T4,BESTEFFORT,COMPLETED,m1-1,72.834,"{'m1-1': 10.7, 'm2-1': 103.79, 'm3-1': 102.98, 'm4-1': 111.33, 'm5-1': 11.68, 'm6-1': 111.74, 'm7-1': 1.03, 'm8-1': 1.0}",16.049999999999997,128.454,139.154,inf,222.834,222.834
468,T3,BESTEFFORT,COMPLETED,m7-1,73.084,"{'m1-1': 9.85, 'm2-1': 106.78, 'm3-1': 111.66, 'm4-1': 114.95, 'm5-1': 11.05, 'm6-1': 107.13, 'm7-1': 1.01, 'm8-1': 1.02}",1.5150000000000001,109.07100000000001,110.08100000000002,inf,223.084,223.084
469,T3,BESTEFFORT,COMPLETED,m7-1,73.086,"{'m1-1': 10.93, 'm2-1': 100.72, 'm3-1': 102.23, 'm4-1': 108.22, 'm5-1': 10.1, 'm6-1': 100.88, 'm7-1': 0.99, 'm8-1': 1.12}",1.4849999999999999,77.241,78.231,inf,223.086,223.086
470,T2,BESTEFFORT,COMPLETED,m7-1,73.13,"{'m1-1': 11.34, 'm2-1': 112.07, 'm3-1': 105.71, 'm4-1': 96.46, 'm5-1': 10.8, 'm6-1': 112.63, 'm7-1': 1.05, 'm8-1': 1.09}",1.5750000000000002,94.351,95.401,inf,223.13,223.13
471,T2,BESTEFFORT,COMPLETED,m7-1,73.174,"{'m1-1': 11.3, 'm2-1': 97.53, 'm3-1': 106.82, 'm4-1': 102.44, 'm5-1': 10.41, 'm6-1': 113.46, 'm7-1': 1.02, 'm8-1': 1.15}",1.53,78.231,79.25099999999999,inf,223.174,223.174
472,T3,BESTEFFORT,COMPLETED,m7-1,73.343,"{'m1-1': 10.45, 'm2-1': 107.16, 'm3-1': 114.46, 'm4-1': 111.86, 'm5-1': 10.61, 'm6-1': 113.22, 'm7-1': 1.17, 'm8-1': 1.08}",1.755,198.221,199.391,inf,223.34300000000002,223.34300000000002
473,T2,BESTEFFORT,COMPLETED,m8-1,73.724,"{'m1-1': 11.33, 'm2-1': 109.84, 'm3-1': 114.22, 'm4-1': 107.12, 'm5-1': 10.87, 'm6-1': 112.67, 'm7-1': 1.1, 'm8-1': 1.07}",1.605,96.86000000000003,97.93000000000002,inf,223.724,223.724
474,T2,BESTEFFORT,COMPLETED,m7-1,74.01,"{'m1-1': 9.85, 'm2-1': 108.36, 'm3-1': 110.75, 'm4-1': 114.3, 'm5-1': 10.95, 'm6-1': 114.37, 'm7-1': 1.02, 'm8-1': 1.05}",1.53,193.89099999999996,194.91099999999997,inf,224.01,224.01
475,T4,BESTEFFORT,COMPLETED,m1-1,74.545,"{'m1-1': 10.99, 'm2-1': 103.14, 'm3-1': 98.76, 'm4-1': 102.82, 'm5-1': 11.24, 'm6-1': 99.65, 'm7-1': 1.16, 'm8-1': 1.02}",16.485,117.464,128.454,inf,224.54500000000002,224.54500000000002
476,T2,BESTEFFORT,COMPLETED,m8-1,74.796,"{'m1-1': 10.07, 'm2-1': 100.46, 'm3-1': 109.74, 'm4-1': 114.07, 'm5-1': 11.29, 'm6-1': 106.78, 'm7-1': 1.0, 'm8-1': 1.06}",1.59,148.83000000000007,149.89000000000007,inf,224.796,224.796
477,T3,BESTEFFORT,COMPLETED,m7-1,75.027,"{'m1-1': 10.29, 'm2-1': 106.85, 'm3-1': 115.24, 'm4-1': 115.42, 'm5-1': 11.15, 'm6-1': 103.15, 'm7-1': 1.0, 'm8-1': 1.16}",1.5,95.401,96.401,inf,225.027,225.027
478,T3,BESTEFFORT,COMPLETED,m8-1,75.244,"{'m1-1': 10.38, 'm2-1': 111.89, 'm3-1': 97.69, 'm4-1': 111.62, 'm5-1': 10.75, 'm6-1': 101.92, 'm7-1': 1.16, 'm8-1': 1.1}",1.6500000000000001,192.705,193.805,inf,225.244,225.244
479,T4,BESTEFFORT,COMPLETED,m7-1,75.285,"{'m1-1': 9.9, 'm2-1': 99.26, 'm3-1': 103.74, 'm4-1': 110.52, 'm5-1': 11.7, 'm6-1': 102.53, 'm7-1': 1.04, 'm8-1': 0.99}",1.56,167.13100000000006,168.17100000000005,inf,225.285,225.285
480,T4,BESTEFFORT,COMPLETED,m8-1,75.33,"{'m1-1': 10.24, 'm2-1': 102.91, 'm3-1': 109.59, 'm4-1': 111.59, 'm5-1': 9.94, 'm6-1': 97.14, 'm7-1': 1.03, 'm8-1': 1.09}",1.6350000000000002,128.73000000000002,129.82000000000002,inf,225.32999999999998,225.32999999999998
481,T4,BESTEFFORT,COMPLETED,m1-1,75.857,"{'m1-1': 9.48, 'm2-1': 106.61, 'm3-1': 96.66, 'm4-1': 114.08, 'm5-1': 10.27, 'm6-1': 102.09, 'm7-1': 1.09, 'm8-1': 1.02}",14.22,139.154,148.634,inf,225.857,225.857
482,T4,BESTEFFORT,COMPLETED,m8-1,75.878,"{'m1-1': 10.29, 'm2-1': 106.61, 'm3-1': 108.13, 'm4-1': 101.67, 'm5-1': 11.37, 'm6-1': 96.38, 'm7-1': 1.02, 'm8-1': 1.12}",1.6800000000000002,129.82000000000002,130.94000000000003,inf,225.878,225.878
483,T4,BESTEFFORT,COMPLETED,m8-1,76.265,"{'m1-1': 10.09, 'm2-1': 93.57, 'm3-1': 111.25, 'm4-1': 96.86, 'm5-1': 11.72, 'm6-1': 108.24, 'm7-1': 1.16, 'm8-1': 1.08}",1.62,79.54000000000003,80.62000000000003,inf,226.265,226.265
484,T4,BESTEFFORT,COMPLETED,m8-1,76.511,"{'m1-1': 9.77, 'm2-1': 94.99, 'm3-1': 100.35, 'm4-1': 96.7, 'm5-1': 10.06, 'm6-1': 102.06, 'm7-1': 1.16, 'm8-1': 1.02}",1.53,130.94000000000003,131.96000000000004,inf,226.511,226.511
485,T2,BESTEFFORT,MISSED,m4-1,76.55,"{'m1-1': 11.51, 'm2-1': 97.61, 'm3-1': 108.9, 'm4-1': 98.08, 'm5-1': 11.15, 'm6-1': 102.7, 'm7-1': 1.07, 'm8-1': 1.08}",0.0,230.9,inf,230.9,226.55,226.55
486,T4,BESTEFFORT,COMPLETED,m8-1,76.674,"{'m1-1': 10.96, 'm2-1': 96.48, 'm3-1': 105.02, 'm4-1': 113.28, 'm5-1': 11.0, 'm6-1': 103.56, 'm7-1': 1.1, 'm8-1': 1.08}",1.62,80.62000000000003,81.70000000000003,inf,226.674,226.674
487,T4,BESTEFFORT,MISSED,m2-1,77.23,"{'m1-1': 11.07, 'm2-1': 99.73, 'm3-1': 97.58, 'm4-1': 99.64, 'm5-1': 10.03, 'm6-1': 101.75, 'm7-1': 1.02, 'm8-1': 1.09}",26.55300000000004,209.528,inf,227.23000000000002,227.23000000000002,227.23000000000002
488,T2,BESTEFFORT,COMPLETED,m5-1,77.286,"{'m1-1': 11.14, 'm2-1': 106.0, 'm3-1': 107.13, 'm4-1': 96.35, 'm5-1': 9.88, 'm6-1': 101.86, 'm7-1': 1.04, 'm8-1': 1.11}",14.82,157.36,167.24,inf,227.286,227.286
489,T2,BESTEFFORT,COMPLETED,m7-1,77.713,"{'m1-1': 11.4, 'm2-1': 99.27, 'm3-1': 98.21, 'm4-1': 106.97, 'm5-1': 11.08, 'm6-1': 117.61, 'm7-1': 1.02, 'm8-1': 1.06}",1.53,81.321,82.341,inf,227.713,227.713
490,T2,BESTEFFORT,COMPLETED,m7-1,77.749,"{'m1-1': 10.93, 'm2-1': 96.16, 'm3-1': 111.23, 'm4-1': 102.0, 'm5-1': 9.99, 'm6-1': 106.53, 'm7-1': 1.09, 'm8-1': 1.12}",1.6350000000000002,131.321,132.411,inf,227.749,227.749
491,T4,BESTEFFORT,COMPLETED,m8-1,77.93,"{'m1-1': 9.45, 'm2-1': 96.83, 'm3-1': 108.45, 'm4-1': 107.68, 'm5-1': 10.76, 'm6-1': 99.52, 'm7-1': 1.08, 'm8-1': 1.11}",1.665,81.70000000000003,82.81000000000003,inf,227.93,227.93
492,T4,BESTEFFORT,COMPLETED,m8-1,78.081,"{'m1-1': 10.83, 'm2-1': 106.68, 'm3-1': 109.95, 'm4-1': 97.02, 'm5-1': 10.77, 'm6-1': 101.92, 'm7-1': 1.1, 'm8-1': 1.05}",1.5750000000000002,155.26000000000008,156.3100000000001,inf,228.08100000000002,228.08100000000002
493,T4,BESTEFFORT,COMPLETED,m7-1,78.547,"{'m1-1': 10.09, 'm2-1': 102.52, 'm3-1': 96.67, 'm4-1': 110.17, 'm5-1': 9.95, 'm6-1': 100.87, 'm7-1': 1.15, 'm8-1': 1.12}",1.7249999999999999,82.341,83.491,inf,228.547,228.547
494,T4,BESTEFFORT,COMPLETED,m8-1,79.748,"{'m1-1': 9.6, 'm2-1': 99.26, 'm3-1': 108.41, 'm4-1': 103.23, 'm5-1': 11.39, 'm6-1': 104.0, 'm7-1': 1.12, 'm8-1': 1.04}",1.56,189.6200000000001,190.66000000000008,inf,229.748,229.748
495,T2,BESTEFFORT,COMPLETED,m7-1,79.954,"{'m1-1': 10.91, 'm2-1': 100.85, 'm3-1': 112.61, 'm4-1': 104.32, 'm5-1': 9.69, 'm6-1': 105.6, 'm7-1': 1.12, 'm8-1': 1.06}",1.6800000000000002,83.491,84.611,inf,229.954,229.954
496,T2,BESTEFFORT,COMPLETED,m7-1,80.08,"{'m1-1': 10.99, 'm2-1': 102.1, 'm3-1': 104.08, 'm4-1': 111.75, 'm5-1': 10.01, 'm6-1': 116.21, 'm7-1': 1.1, 'm8-1': 0.99}",1.6500000000000001,96.401,97.50099999999999,inf,230.07999999999998,230.07999999999998
497,T2,BESTEFFORT,COMPLETED,m7-1,80.866,"{'m1-1': 10.7, 'm2-1': 105.9, 'm3-1': 103.94, 'm4-1': 109.99, 'm5-1': 9.75, 'm6-1': 115.42, 'm7-1': 1.15, 'm8-1': 1.14}",1.7249999999999999,97.50099999999999,98.651,inf,230.86599999999999,230.86599999999999
498,T2,BESTEFFORT,MISSED,m4-1,80.9,"{'m1-1': 10.91, 'm2-1': 98.82, 'm3-1': 111.45, 'm4-1': 97.7, 'm5-1': 10.62, 'm6-1': 117.08, 'm7-1': 1.1, 'm8-1': 1.12}",98.82750000000003,165.015,inf,230.9,230.9,230.9
499,T2,BESTEFFORT,COMPLETED,m7-1,82.275,"{'m1-1': 10.59, 'm2-1': 95.39, 'm3-1': 100.9, 'm4-1': 97.9, 'm5-1': 10.31, 'm6-1': 110.35, 'm7-1': 1.03, 'm8-1': 1.03}",1.545,144.26100000000002,145.29100000000003,inf,232.275,232.275
