id,type,urgency,status,assigned_machine,arrival_time,execution_time,energy_usage,start_time,completion_time,missed_time,deadline,extended_deadline
0,T1,BESTEFFORT,COMPLETED,m7-1,1.216,"{'m1-1': 25.81, 'm2-1': 103.26, 'm3-1': 28.18, 'm4-1': 11.45, 'm5-1': 10.9, 'm6-1': 102.29, 'm7-1': 5.28, 'm8-1': 5.01}",7.92,1.216,6.496,inf,111.216,111.216
1,T9,BESTEFFORT,COMPLETED,m8-1,2.229,"{'m1-1': 24.88, 'm2-1': 109.23, 'm3-1': 27.92, 'm4-1': 10.67, 'm5-1': 9.61, 'm6-1': 105.34, 'm7-1': 5.25, 'm8-1': 4.64}",6.959999999999999,2.229,6.869,inf,112.229,112.229
2,T1,BESTEFFORT,COMPLETED,m7-1,2.26,"{'m1-1': 26.74, 'm2-1': 110.51, 'm3-1': 24.75, 'm4-1': 11.5, 'm5-1': 10.19, 'm6-1': 103.65, 'm7-1': 4.66, 'm8-1': 5.51}",6.99,6.496,11.156,inf,112.26,112.26
3,T3,BESTEFFORT,COMPLETED,m8-1,2.841,"{'m1-1': 23.17, 'm2-1': 96.36, 'm3-1': 27.02, 'm4-1': 10.59, 'm5-1': 9.72, 'm6-1': 100.98, 'm7-1': 5.04, 'm8-1': 4.88}",7.32,6.869,11.748999999999999,inf,112.841,112.841
4,T5,BESTEFFORT,COMPLETED,m4-1,3.833,"{'m1-1': 27.57, 'm2-1': 106.9, 'm3-1': 27.62, 'm4-1': 10.01, 'm5-1': 9.76, 'm6-1': 104.4, 'm7-1': 4.94, 'm8-1': 4.78}",15.015,3.833,13.843,inf,113.833,113.833
5,T3,BESTEFFORT,COMPLETED,m5-1,4.68,"{'m1-1': 24.96, 'm2-1': 104.86, 'm3-1': 27.04, 'm4-1': 10.38, 'm5-1': 10.93, 'm6-1': 101.82, 'm7-1': 5.03, 'm8-1': 4.77}",16.395,4.68,15.61,inf,114.68,114.68
6,T7,BESTEFFORT,COMPLETED,m7-1,5.507,"{'m1-1': 25.77, 'm2-1': 92.81, 'm3-1': 23.79, 'm4-1': 10.62, 'm5-1': 10.34, 'm6-1': 107.6, 'm7-1': 5.36, 'm8-1': 5.59}",8.040000000000001,11.156,16.516000000000002,inf,115.507,115.507
7,T9,BESTEFFORT,COMPLETED,m8-1,5.71,"{'m1-1': 28.17, 'm2-1': 98.75, 'm3-1': 26.85, 'm4-1': 9.62, 'm5-1': 11.08, 'm6-1': 108.99, 'm7-1': 5.44, 'm8-1': 4.66}",6.99,11.748999999999999,16.409,inf,115.71,115.71
8,T5,BESTEFFORT,COMPLETED,m7-1,6.468,"{'m1-1': 27.54, 'm2-1': 98.01, 'm3-1': 27.77, 'm4-1': 10.48, 'm5-1': 10.92, 'm6-1': 116.95, 'm7-1': 5.61, 'm8-1': 5.18}",8.415000000000001,16.516000000000002,22.126,inf,116.468,116.468
9,T5,BESTEFFORT,COMPLETED,m8-1,9.781,"{'m1-1': 27.5, 'm2-1': 96.09, 'm3-1': 23.86, 'm4-1': 11.01, 'm5-1': 11.01, 'm6-1': 108.04, 'm7-1': 5.26, 'm8-1': 5.28}",7.92,16.409,21.689,inf,119.781,119.781
10,T10,BESTEFFORT,COMPLETED,m4-1,10.507,"{'m1-1': 28.46, 'm2-1': 110.17, 'm3-1': 26.58, 'm4-1': 9.84, 'm5-1': 9.81, 'm6-1': 102.01, 'm7-1': 5.38, 'm8-1': 5.49}",14.76,13.843,23.683,inf,120.507,120.507
11,T3,BESTEFFORT,COMPLETED,m5-1,10.881,"{'m1-1': 26.96, 'm2-1': 108.23, 'm3-1': 27.03, 'm4-1': 10.23, 'm5-1': 10.51, 'm6-1': 110.52, 'm7-1': 5.69, 'm8-1': 5.62}",15.765,15.61,26.119999999999997,inf,120.881,120.881
12,T5,BESTEFFORT,COMPLETED,m7-1,11.322,"{'m1-1': 25.48, 'm2-1': 98.83, 'm3-1': 24.8, 'm4-1': 10.57, 'm5-1': 10.91, 'm6-1': 108.13, 'm7-1': 5.31, 'm8-1': 5.03}",7.965,22.126,27.436,inf,121.322,121.322
13,T9,BESTEFFORT,COMPLETED,m8-1,12.116,"{'m1-1': 28.63, 'm2-1': 101.06, 'm3-1': 27.76, 'm4-1': 10.73, 'm5-1': 10.89, 'm6-1': 108.05, 'm7-1': 4.94, 'm8-1': 4.77}",7.154999999999999,21.689,26.459,inf,122.116,122.116
14,T3,BESTEFFORT,COMPLETED,m8-1,12.318,"{'m1-1': 24.71, 'm2-1': 108.64, 'm3-1': 28.42, 'm4-1': 9.58, 'm5-1': 10.93, 'm6-1': 110.89, 'm7-1': 4.96, 'm8-1': 4.96}",7.4399999999999995,26.459,31.419,inf,122.318,122.318
15,T10,BESTEFFORT,COMPLETED,m7-1,12.542,"{'m1-1': 27.82, 'm2-1': 97.91, 'm3-1': 27.46, 'm4-1': 10.33, 'm5-1': 10.48, 'm6-1': 100.16, 'm7-1': 5.64, 'm8-1': 5.09}",8.459999999999999,27.436,33.076,inf,122.542,122.542
16,T1,BESTEFFORT,COMPLETED,m4-1,13.273,"{'m1-1': 27.79, 'm2-1': 108.02, 'm3-1': 25.67, 'm4-1': 10.05, 'm5-1': 9.8, 'm6-1': 111.08, 'm7-1': 5.41, 'm8-1': 5.18}",15.075000000000001,23.683,33.733000000000004,inf,123.273,123.273
17,T5,BESTEFFORT,COMPLETED,m5-1,13.822,"{'m1-1': 27.82, 'm2-1': 100.39, 'm3-1': 24.42, 'm4-1': 10.12, 'm5-1': 10.75, 'm6-1': 112.08, 'm7-1': 5.61, 'm8-1': 5.24}",16.125,26.119999999999997,36.87,inf,123.822,123.822
18,T7,BESTEFFORT,COMPLETED,m3-1,14.358,"{'m1-1': 26.56, 'm2-1': 100.5, 'm3-1': 25.18, 'm4-1': 10.56, 'm5-1': 9.57, 'm6-1': 107.14, 'm7-1': 4.83, 'm8-1': 5.51}",37.769999999999996,14.358,39.538,inf,124.358,124.358
19,T5,BESTEFFORT,COMPLETED,m1-1,14.664,"{'m1-1': 27.17, 'm2-1': 107.94, 'm3-1': 27.74, 'm4-1': 10.09, 'm5-1': 11.28, 'm6-1': 111.92, 'm7-1': 5.55, 'm8-1': 5.34}",40.755,14.664,41.834,inf,124.664,124.664
20,T3,BESTEFFORT,COMPLETED,m8-1,16.501,"{'m1-1': 26.79, 'm2-1': 94.72, 'm3-1': 26.12, 'm4-1': 10.23, 'm5-1': 10.6, 'm6-1': 112.16, 'm7-1': 5.77, 'm8-1': 5.16}",7.74,31.419,36.579,inf,126.501,126.501
21,T10,BESTEFFORT,COMPLETED,m7-1,18.545,"{'m1-1': 24.91, 'm2-1': 98.54, 'm3-1': 26.92, 'm4-1': 9.96, 'm5-1': 9.85, 'm6-1': 111.98, 'm7-1': 4.87, 'm8-1': 5.57}",7.305,33.076,37.946,inf,128.54500000000002,128.54500000000002
22,T3,BESTEFFORT,COMPLETED,m8-1,21.934,"{'m1-1': 23.57, 'm2-1': 107.19, 'm3-1': 24.11, 'm4-1': 10.3, 'm5-1': 9.59, 'm6-1': 112.47, 'm7-1': 5.23, 'm8-1': 5.46}",8.19,36.579,42.039,inf,131.934,131.934
23,T4,BESTEFFORT,COMPLETED,m7-1,24.542,"{'m1-1': 28.06, 'm2-1': 99.42, 'm3-1': 26.86, 'm4-1': 10.7, 'm5-1': 11.13, 'm6-1': 111.86, 'm7-1': 5.19, 'm8-1': 4.98}",7.785,37.946,43.135999999999996,inf,134.542,134.542
24,T9,BESTEFFORT,COMPLETED,m4-1,24.589,"{'m1-1': 27.23, 'm2-1': 108.71, 'm3-1': 24.83, 'm4-1': 10.17, 'm5-1': 10.0, 'm6-1': 107.04, 'm7-1': 5.19, 'm8-1': 5.12}",15.254999999999999,33.733000000000004,43.903000000000006,inf,134.589,134.589
25,T10,BESTEFFORT,COMPLETED,m5-1,25.867,"{'m1-1': 24.64, 'm2-1': 106.38, 'm3-1': 27.33, 'm4-1': 9.35, 'm5-1': 10.57, 'm6-1': 115.14, 'm7-1': 5.59, 'm8-1': 5.14}",15.855,36.87,47.44,inf,135.867,135.867
26,T2,BESTEFFORT,COMPLETED,m4-1,26.116,"{'m1-1': 28.5, 'm2-1': 95.62, 'm3-1': 25.46, 'm4-1': 10.27, 'm5-1': 10.18, 'm6-1': 111.26, 'm7-1': 4.73, 'm8-1': 5.61}",15.405,43.903000000000006,54.173,inf,136.11599999999999,136.11599999999999
27,T10,BESTEFFORT,COMPLETED,m5-1,26.186,"{'m1-1': 28.31, 'm2-1': 110.8, 'm3-1': 26.69, 'm4-1': 9.85, 'm5-1': 10.13, 'm6-1': 115.68, 'm7-1': 5.61, 'm8-1': 5.44}",15.195,47.44,57.57,inf,136.186,136.186
28,T10,BESTEFFORT,COMPLETED,m8-1,27.025,"{'m1-1': 26.12, 'm2-1': 98.94, 'm3-1': 24.59, 'm4-1': 10.21, 'm5-1': 9.85, 'm6-1': 107.18, 'm7-1': 5.48, 'm8-1': 5.58}",8.370000000000001,42.039,47.619,inf,137.025,137.025
29,T1,BESTEFFORT,COMPLETED,m7-1,29.824,"{'m1-1': 26.5, 'm2-1': 99.8, 'm3-1': 26.13, 'm4-1': 10.68, 'm5-1': 11.02, 'm6-1': 113.21, 'm7-1': 4.8, 'm8-1': 4.89}",7.199999999999999,43.135999999999996,47.93599999999999,inf,139.824,139.824
30,T1,BESTEFFORT,COMPLETED,m3-1,30.48,"{'m1-1': 25.62, 'm2-1': 110.52, 'm3-1': 27.08, 'm4-1': 10.98, 'm5-1': 10.6, 'm6-1': 99.93, 'm7-1': 4.73, 'm8-1': 4.97}",40.62,39.538,66.618,inf,140.48,140.48
31,T9,BESTEFFORT,COMPLETED,m4-1,30.708,"{'m1-1': 25.27, 'm2-1': 109.6, 'm3-1': 26.44, 'm4-1': 10.49, 'm5-1': 10.62, 'm6-1': 112.41, 'm7-1': 5.14, 'm8-1': 4.77}",15.735,54.173,64.663,inf,140.708,140.708
32,T10,BESTEFFORT,COMPLETED,m1-1,31.079,"{'m1-1': 27.44, 'm2-1': 98.41, 'm3-1': 28.78, 'm4-1': 10.43, 'm5-1': 11.02, 'm6-1': 105.68, 'm7-1': 5.3, 'm8-1': 5.58}",41.160000000000004,41.834,69.274,inf,141.079,141.079
33,T2,BESTEFFORT,COMPLETED,m8-1,31.836,"{'m1-1': 27.12, 'm2-1': 111.46, 'm3-1': 26.41, 'm4-1': 10.23, 'm5-1': 10.96, 'm6-1': 101.71, 'm7-1': 4.96, 'm8-1': 5.0}",7.5,47.619,52.619,inf,141.836,141.836
34,T1,BESTEFFORT,COMPLETED,m5-1,32.131,"{'m1-1': 26.22, 'm2-1': 109.51, 'm3-1': 24.23, 'm4-1': 10.35, 'm5-1': 10.98, 'm6-1': 108.25, 'm7-1': 4.86, 'm8-1': 5.3}",16.47,57.57,68.55,inf,142.131,142.131
35,T3,BESTEFFORT,COMPLETED,m3-1,32.229,"{'m1-1': 27.35, 'm2-1': 98.57, 'm3-1': 24.54, 'm4-1': 10.63, 'm5-1': 10.13, 'm6-1': 98.32, 'm7-1': 5.64, 'm8-1': 5.64}",36.81,66.618,91.15799999999999,inf,142.22899999999998,142.22899999999998
36,T4,BESTEFFORT,COMPLETED,m7-1,34.487,"{'m1-1': 26.25, 'm2-1': 102.32, 'm3-1': 22.97, 'm4-1': 10.52, 'm5-1': 9.85, 'm6-1': 105.94, 'm7-1': 5.44, 'm8-1': 5.54}",8.16,47.93599999999999,53.37599999999999,inf,144.487,144.487
37,T9,BESTEFFORT,COMPLETED,m4-1,34.911,"{'m1-1': 25.1, 'm2-1': 107.25, 'm3-1': 27.68, 'm4-1': 9.79, 'm5-1': 10.52, 'm6-1': 98.92, 'm7-1': 5.31, 'm8-1': 5.47}",14.684999999999999,64.663,74.453,inf,144.911,144.911
38,T9,BESTEFFORT,COMPLETED,m8-1,37.1,"{'m1-1': 26.05, 'm2-1': 95.08, 'm3-1': 25.79, 'm4-1': 10.17, 'm5-1': 10.72, 'm6-1': 103.24, 'm7-1': 5.46, 'm8-1': 4.95}",7.425000000000001,52.619,57.569,inf,147.1,147.1
39,T2,BESTEFFORT,COMPLETED,m5-1,37.678,"{'m1-1': 25.76, 'm2-1': 105.6, 'm3-1': 24.96, 'm4-1': 10.1, 'm5-1': 10.43, 'm6-1': 106.46, 'm7-1': 4.82, 'm8-1': 5.59}",15.645,68.55,78.97999999999999,inf,147.678,147.678
40,T6,BESTEFFORT,COMPLETED,m7-1,39.652,"{'m1-1': 25.1, 'm2-1': 112.77, 'm3-1': 24.62, 'm4-1': 9.44, 'm5-1': 10.59, 'm6-1': 107.46, 'm7-1': 5.02, 'm8-1': 5.62}",7.529999999999999,53.37599999999999,58.39599999999999,inf,149.652,149.652
41,T9,BESTEFFORT,COMPLETED,m1-1,39.802,"{'m1-1': 25.08, 'm2-1': 99.96, 'm3-1': 24.83, 'm4-1': 9.86, 'm5-1': 10.68, 'm6-1': 107.66, 'm7-1': 5.38, 'm8-1': 4.9}",37.62,69.274,94.354,inf,149.802,149.802
42,T2,BESTEFFORT,COMPLETED,m3-1,41.593,"{'m1-1': 24.99, 'm2-1': 101.86, 'm3-1': 26.52, 'm4-1': 10.22, 'm5-1': 10.07, 'm6-1': 110.8, 'm7-1': 5.05, 'm8-1': 4.98}",39.78,91.15799999999999,117.67799999999998,inf,151.59300000000002,151.59300000000002
43,T4,BESTEFFORT,COMPLETED,m1-1,41.598,"{'m1-1': 25.93, 'm2-1': 104.0, 'm3-1': 23.42, 'm4-1': 9.28, 'm5-1': 11.61, 'm6-1': 108.07, 'm7-1': 5.33, 'm8-1': 5.1}",38.894999999999996,94.354,120.28399999999999,inf,151.598,151.598
44,T4,BESTEFFORT,COMPLETED,m8-1,42.142,"{'m1-1': 27.35, 'm2-1': 99.21, 'm3-1': 23.84, 'm4-1': 9.6, 'm5-1': 10.01, 'm6-1': 102.5, 'm7-1': 5.53, 'm8-1': 5.68}",8.52,57.569,63.249,inf,152.142,152.142
45,T4,BESTEFFORT,COMPLETED,m3-1,42.55,"{'m1-1': 28.7, 'm2-1': 99.56, 'm3-1': 24.68, 'm4-1': 10.74, 'm5-1': 11.0, 'm6-1': 111.87, 'm7-1': 5.04, 'm8-1': 5.18}",37.019999999999996,117.67799999999998,142.35799999999998,inf,152.55,152.55
46,T5,BESTEFFORT,COMPLETED,m7-1,43.232,"{'m1-1': 27.27, 'm2-1': 106.38, 'm3-1': 26.5, 'm4-1': 10.57, 'm5-1': 10.53, 'm6-1': 113.61, 'm7-1': 5.6, 'm8-1': 5.48}",8.399999999999999,58.39599999999999,63.99599999999999,inf,153.232,153.232
47,T7,BESTEFFORT,COMPLETED,m4-1,45.353,"{'m1-1': 27.1, 'm2-1': 105.26, 'm3-1': 25.57, 'm4-1': 11.71, 'm5-1': 10.08, 'm6-1': 106.68, 'm7-1': 4.98, 'm8-1': 5.71}",17.565,74.453,86.16300000000001,inf,155.353,155.353
48,T7,BESTEFFORT,COMPLETED,m2-1,45.956,"{'m1-1': 27.99, 'm2-1': 100.2, 'm3-1': 25.2, 'm4-1': 10.47, 'm5-1': 9.34, 'm6-1': 102.25, 'm7-1': 4.85, 'm8-1': 5.17}",150.3,45.956,146.156,inf,155.95600000000002,155.95600000000002
49,T8,BESTEFFORT,COMPLETED,m1-1,46.06,"{'m1-1': 26.64, 'm2-1': 97.95, 'm3-1': 24.07, 'm4-1': 10.6, 'm5-1': 11.12, 'm6-1': 104.15, 'm7-1': 4.91, 'm8-1': 5.01}",39.96,120.28399999999999,146.92399999999998,inf,156.06,156.06
50,T5,BESTEFFORT,COMPLETED,m8-1,48.722,"{'m1-1': 28.45, 'm2-1': 97.74, 'm3-1': 23.65, 'm4-1': 11.02, 'm5-1': 9.6, 'm6-1': 109.76, 'm7-1': 5.38, 'm8-1': 5.19}",7.785,63.249,68.43900000000001,inf,158.722,158.722
51,T9,BESTEFFORT,COMPLETED,m7-1,49.83,"{'m1-1': 24.64, 'm2-1': 93.98, 'm3-1': 26.73, 'm4-1': 10.4, 'm5-1': 9.55, 'm6-1': 102.08, 'm7-1': 5.24, 'm8-1': 5.2}",7.86,63.99599999999999,69.23599999999999,inf,159.82999999999998,159.82999999999998
52,T9,BESTEFFORT,COMPLETED,m5-1,51.096,"{'m1-1': 26.07, 'm2-1': 109.93, 'm3-1': 25.74, 'm4-1': 10.71, 'm5-1': 10.78, 'm6-1': 107.35, 'm7-1': 5.72, 'm8-1': 5.15}",16.169999999999998,78.97999999999999,89.75999999999999,inf,161.096,161.096
53,T8,BESTEFFORT,MISSED,m6-1,51.427,"{'m1-1': 27.88, 'm2-1': 109.44, 'm3-1': 26.36, 'm4-1': 10.4, 'm5-1': 10.08, 'm6-1': 110.29, 'm7-1': 4.8, 'm8-1': 5.6}",165.0,51.427,inf,161.427,161.427,161.427
54,T10,BESTEFFORT,MISSED,m2-1,52.268,"{'m1-1': 24.76, 'm2-1': 102.82, 'm3-1': 27.3, 'm4-1': 10.74, 'm5-1': 9.99, 'm6-1': 108.12, 'm7-1': 5.42, 'm8-1': 4.82}",24.167999999999992,146.156,inf,162.268,162.268,162.268
55,T4,BESTEFFORT,COMPLETED,m8-1,55.767,"{'m1-1': 28.79, 'm2-1': 101.35, 'm3-1': 23.54, 'm4-1': 9.5, 'm5-1': 11.41, 'm6-1': 112.72, 'm7-1': 5.01, 'm8-1': 5.8}",8.7,68.43900000000001,74.239,inf,165.767,165.767
56,T6,BESTEFFORT,COMPLETED,m7-1,56.87,"{'m1-1': 25.1, 'm2-1': 106.31, 'm3-1': 27.33, 'm4-1': 10.68, 'm5-1': 10.14, 'm6-1': 115.99, 'm7-1': 5.74, 'm8-1': 5.56}",8.61,69.23599999999999,74.97599999999998,inf,166.87,166.87
57,T7,BESTEFFORT,COMPLETED,m8-1,58.115,"{'m1-1': 27.07, 'm2-1': 102.13, 'm3-1': 25.04, 'm4-1': 10.58, 'm5-1': 10.02, 'm6-1': 97.7, 'm7-1': 4.77, 'm8-1': 5.64}",8.459999999999999,74.239,79.879,inf,168.115,168.115
58,T3,BESTEFFORT,COMPLETED,m7-1,58.718,"{'m1-1': 23.21, 'm2-1': 92.58, 'm3-1': 28.28, 'm4-1': 10.31, 'm5-1': 9.87, 'm6-1': 109.52, 'm7-1': 5.51, 'm8-1': 4.88}",8.265,74.97599999999998,80.48599999999999,inf,168.71800000000002,168.71800000000002
59,T7,BESTEFFORT,COMPLETED,m4-1,59.246,"{'m1-1': 27.86, 'm2-1': 100.02, 'm3-1': 23.21, 'm4-1': 10.23, 'm5-1': 10.65, 'm6-1': 110.89, 'm7-1': 5.12, 'm8-1': 5.72}",15.345,86.16300000000001,96.39300000000001,inf,169.246,169.246
60,T10,BESTEFFORT,COMPLETED,m5-1,59.631,"{'m1-1': 25.14, 'm2-1': 95.24, 'm3-1': 25.15, 'm4-1': 10.7, 'm5-1': 11.1, 'm6-1': 113.02, 'm7-1': 5.52, 'm8-1': 5.59}",16.65,89.75999999999999,100.85999999999999,inf,169.631,169.631
61,T9,BESTEFFORT,MISSED,m6-1,59.67,"{'m1-1': 24.64, 'm2-1': 109.3, 'm3-1': 24.79, 'm4-1': 11.31, 'm5-1': 9.4, 'm6-1': 107.88, 'm7-1': 5.5, 'm8-1': 5.19}",12.364500000000035,161.427,inf,169.67000000000002,169.67000000000002,169.67000000000002
62,T5,BESTEFFORT,MISSED,m2-1,60.129,"{'m1-1': 26.81, 'm2-1': 101.18, 'm3-1': 25.44, 'm4-1': 11.1, 'm5-1': 9.83, 'm6-1': 100.46, 'm7-1': 5.24, 'm8-1': 4.88}",11.791499999999985,162.268,inf,170.129,170.129,170.129
63,T9,BESTEFFORT,MISSED,m6-1,62.223,"{'m1-1': 25.1, 'm2-1': 108.51, 'm3-1': 28.54, 'm4-1': 9.57, 'm5-1': 10.1, 'm6-1': 97.73, 'm7-1': 4.97, 'm8-1': 5.18}",3.829499999999996,169.67000000000002,inf,172.223,172.223,172.223
64,T10,BESTEFFORT,COMPLETED,m8-1,64.57,"{'m1-1': 27.44, 'm2-1': 104.65, 'm3-1': 28.68, 'm4-1': 9.45, 'm5-1': 10.78, 'm6-1': 101.4, 'm7-1': 5.5, 'm8-1': 5.14}",7.709999999999999,79.879,85.019,inf,174.57,174.57
65,T10,BESTEFFORT,COMPLETED,m7-1,64.893,"{'m1-1': 27.19, 'm2-1': 101.52, 'm3-1': 26.57, 'm4-1': 9.57, 'm5-1': 10.23, 'm6-1': 114.96, 'm7-1': 5.12, 'm8-1': 5.33}",7.68,80.48599999999999,85.606,inf,174.893,174.893
66,T10,BESTEFFORT,COMPLETED,m4-1,64.953,"{'m1-1': 28.01, 'm2-1': 107.88, 'm3-1': 25.9, 'm4-1': 10.52, 'm5-1': 11.09, 'm6-1': 103.3, 'm7-1': 5.62, 'm8-1': 5.24}",15.78,96.39300000000001,106.91300000000001,inf,174.953,174.953
67,T3,BESTEFFORT,MISSED,m2-1,65.041,"{'m1-1': 23.32, 'm2-1': 100.37, 'm3-1': 27.14, 'm4-1': 9.45, 'm5-1': 9.61, 'm6-1': 106.34, 'm7-1': 5.54, 'm8-1': 4.76}",7.368000000000009,170.129,inf,175.041,175.041,175.041
68,T4,BESTEFFORT,COMPLETED,m3-1,66.744,"{'m1-1': 26.69, 'm2-1': 104.81, 'm3-1': 24.19, 'm4-1': 10.4, 'm5-1': 11.19, 'm6-1': 100.45, 'm7-1': 5.54, 'm8-1': 5.28}",36.285000000000004,142.35799999999998,166.54799999999997,inf,176.744,176.744
69,T2,BESTEFFORT,MISSED,m6-1,67.042,"{'m1-1': 27.44, 'm2-1': 96.5, 'm3-1': 27.16, 'm4-1': 10.83, 'm5-1': 11.2, 'm6-1': 101.33, 'm7-1': 5.13, 'm8-1': 5.16}",7.228499999999983,172.223,inf,177.042,177.042,177.042
70,T6,BESTEFFORT,COMPLETED,m8-1,67.251,"{'m1-1': 24.25, 'm2-1': 108.5, 'm3-1': 25.27, 'm4-1': 10.2, 'm5-1': 9.56, 'm6-1': 100.99, 'm7-1': 5.6, 'm8-1': 5.28}",7.92,85.019,90.299,inf,177.251,177.251
71,T9,BESTEFFORT,COMPLETED,m5-1,67.946,"{'m1-1': 26.89, 'm2-1': 108.58, 'm3-1': 28.98, 'm4-1': 10.86, 'm5-1': 9.95, 'm6-1': 107.72, 'm7-1': 5.55, 'm8-1': 5.18}",14.924999999999999,100.85999999999999,110.80999999999999,inf,177.946,177.946
72,T9,BESTEFFORT,COMPLETED,m7-1,68.949,"{'m1-1': 25.03, 'm2-1': 95.92, 'm3-1': 27.14, 'm4-1': 10.63, 'm5-1': 9.41, 'm6-1': 96.44, 'm7-1': 5.19, 'm8-1': 4.78}",7.785,85.606,90.79599999999999,inf,178.949,178.949
73,T9,BESTEFFORT,COMPLETED,m1-1,69.329,"{'m1-1': 27.08, 'm2-1': 110.47, 'm3-1': 25.29, 'm4-1': 10.7, 'm5-1': 9.98, 'm6-1': 108.73, 'm7-1': 5.09, 'm8-1': 5.12}",40.62,146.92399999999998,174.00399999999996,inf,179.329,179.329
74,T7,BESTEFFORT,COMPLETED,m8-1,71.022,"{'m1-1': 28.25, 'm2-1': 98.21, 'm3-1': 26.77, 'm4-1': 10.84, 'm5-1': 9.4, 'm6-1': 107.87, 'm7-1': 5.06, 'm8-1': 5.25}",7.875,90.299,95.549,inf,181.022,181.022
75,T6,BESTEFFORT,COMPLETED,m4-1,72.762,"{'m1-1': 23.05, 'm2-1': 115.17, 'm3-1': 25.71, 'm4-1': 11.01, 'm5-1': 10.35, 'm6-1': 98.61, 'm7-1': 5.55, 'm8-1': 5.58}",16.515,106.91300000000001,117.92300000000002,inf,182.762,182.762
76,T6,BESTEFFORT,COMPLETED,m7-1,75.023,"{'m1-1': 25.49, 'm2-1': 111.69, 'm3-1': 26.95, 'm4-1': 10.91, 'm5-1': 9.42, 'm6-1': 102.17, 'm7-1': 5.22, 'm8-1': 5.72}",7.83,90.79599999999999,96.01599999999999,inf,185.023,185.023
77,T8,BESTEFFORT,COMPLETED,m5-1,77.374,"{'m1-1': 26.86, 'm2-1': 97.86, 'm3-1': 23.29, 'm4-1': 10.68, 'm5-1': 11.05, 'm6-1': 102.24, 'm7-1': 5.12, 'm8-1': 5.13}",16.575000000000003,110.80999999999999,121.85999999999999,inf,187.374,187.374
78,T2,BESTEFFORT,COMPLETED,m8-1,79.935,"{'m1-1': 27.44, 'm2-1': 108.89, 'm3-1': 25.38, 'm4-1': 11.58, 'm5-1': 10.49, 'm6-1': 99.77, 'm7-1': 5.23, 'm8-1': 5.05}",7.574999999999999,95.549,100.599,inf,189.935,189.935
79,T8,BESTEFFORT,COMPLETED,m7-1,81.47,"{'m1-1': 27.95, 'm2-1': 105.92, 'm3-1': 26.66, 'm4-1': 10.09, 'm5-1': 11.77, 'm6-1': 111.32, 'm7-1': 4.94, 'm8-1': 5.57}",7.41,96.01599999999999,100.95599999999999,inf,191.47,191.47
80,T2,BESTEFFORT,COMPLETED,m7-1,81.66,"{'m1-1': 27.77, 'm2-1': 97.03, 'm3-1': 26.56, 'm4-1': 10.41, 'm5-1': 11.13, 'm6-1': 107.08, 'm7-1': 5.44, 'm8-1': 5.42}",8.16,100.95599999999999,106.39599999999999,inf,191.66,191.66
81,T6,BESTEFFORT,COMPLETED,m8-1,81.793,"{'m1-1': 24.1, 'm2-1': 109.75, 'm3-1': 27.96, 'm4-1': 9.43, 'm5-1': 10.12, 'm6-1': 103.56, 'm7-1': 5.25, 'm8-1': 5.08}",7.62,100.599,105.679,inf,191.793,191.793
82,T1,BESTEFFORT,COMPLETED,m4-1,82.257,"{'m1-1': 26.38, 'm2-1': 106.79, 'm3-1': 27.02, 'm4-1': 10.54, 'm5-1': 10.98, 'm6-1': 104.21, 'm7-1': 5.18, 'm8-1': 5.3}",15.809999999999999,117.92300000000002,128.46300000000002,inf,192.257,192.257
83,T7,BESTEFFORT,COMPLETED,m8-1,82.457,"{'m1-1': 24.21, 'm2-1': 104.79, 'm3-1': 25.64, 'm4-1': 10.09, 'm5-1': 10.16, 'm6-1': 98.62, 'm7-1': 5.11, 'm8-1': 4.96}",7.4399999999999995,105.679,110.639,inf,192.457,192.457
84,T2,BESTEFFORT,COMPLETED,m5-1,83.28,"{'m1-1': 28.46, 'm2-1': 105.44, 'm3-1': 26.89, 'm4-1': 10.0, 'm5-1': 10.2, 'm6-1': 114.24, 'm7-1': 5.08, 'm8-1': 5.0}",15.299999999999999,121.85999999999999,132.05999999999997,inf,193.28,193.28
85,T6,BESTEFFORT,COMPLETED,m7-1,83.285,"{'m1-1': 26.6, 'm2-1': 103.76, 'm3-1': 27.54, 'm4-1': 10.53, 'm5-1': 9.88, 'm6-1': 102.65, 'm7-1': 5.44, 'm8-1': 5.59}",8.16,106.39599999999999,111.83599999999998,inf,193.285,193.285
86,T4,BESTEFFORT,COMPLETED,m3-1,85.507,"{'m1-1': 27.23, 'm2-1': 107.9, 'm3-1': 26.22, 'm4-1': 10.1, 'm5-1': 10.57, 'm6-1': 114.34, 'm7-1': 5.42, 'm8-1': 5.43}",39.33,166.54799999999997,192.76799999999997,inf,195.507,195.507
87,T8,BESTEFFORT,COMPLETED,m8-1,86.45,"{'m1-1': 26.69, 'm2-1': 97.5, 'm3-1': 23.52, 'm4-1': 10.3, 'm5-1': 11.53, 'm6-1': 104.22, 'm7-1': 4.78, 'm8-1': 5.6}",8.399999999999999,110.639,116.23899999999999,inf,196.45,196.45
88,T4,BESTEFFORT,COMPLETED,m7-1,87.101,"{'m1-1': 26.93, 'm2-1': 109.47, 'm3-1': 23.77, 'm4-1': 9.7, 'm5-1': 10.46, 'm6-1': 103.0, 'm7-1': 5.08, 'm8-1': 5.8}",7.62,111.83599999999998,116.91599999999998,inf,197.101,197.101
89,T7,BESTEFFORT,COMPLETED,m4-1,88.382,"{'m1-1': 26.45, 'm2-1': 105.77, 'm3-1': 26.08, 'm4-1': 11.88, 'm5-1': 10.13, 'm6-1': 108.43, 'm7-1': 4.69, 'm8-1': 5.14}",17.82,128.46300000000002,140.34300000000002,inf,198.382,198.382
90,T6,BESTEFFORT,COMPLETED,m8-1,89.309,"{'m1-1': 26.31, 'm2-1': 101.14, 'm3-1': 26.42, 'm4-1': 11.0, 'm5-1': 9.7, 'm6-1': 101.5, 'm7-1': 5.08, 'm8-1': 5.64}",8.459999999999999,116.23899999999999,121.87899999999999,inf,199.309,199.309
91,T2,BESTEFFORT,COMPLETED,m5-1,89.978,"{'m1-1': 24.88, 'm2-1': 100.23, 'm3-1': 26.67, 'm4-1': 10.06, 'm5-1': 10.38, 'm6-1': 98.42, 'm7-1': 5.41, 'm8-1': 4.86}",15.57,132.05999999999997,142.43999999999997,inf,199.978,199.978
92,T6,BESTEFFORT,COMPLETED,m7-1,90.517,"{'m1-1': 24.13, 'm2-1': 105.94, 'm3-1': 27.33, 'm4-1': 10.64, 'm5-1': 9.96, 'm6-1': 114.66, 'm7-1': 5.04, 'm8-1': 5.42}",7.5600000000000005,116.91599999999998,121.95599999999999,inf,200.517,200.517
93,T6,BESTEFFORT,COMPLETED,m8-1,90.546,"{'m1-1': 25.81, 'm2-1': 108.05, 'm3-1': 27.92, 'm4-1': 10.46, 'm5-1': 10.89, 'm6-1': 104.31, 'm7-1': 5.13, 'm8-1': 5.25}",7.875,121.87899999999999,127.12899999999999,inf,200.546,200.546
94,T3,BESTEFFORT,COMPLETED,m7-1,90.812,"{'m1-1': 26.96, 'm2-1': 95.67, 'm3-1': 27.06, 'm4-1': 10.31, 'm5-1': 10.01, 'm6-1': 106.16, 'm7-1': 4.96, 'm8-1': 5.3}",7.4399999999999995,121.95599999999999,126.91599999999998,inf,200.812,200.812
95,T5,BESTEFFORT,COMPLETED,m4-1,91.116,"{'m1-1': 26.0, 'm2-1': 98.03, 'm3-1': 27.19, 'm4-1': 10.83, 'm5-1': 10.56, 'm6-1': 110.06, 'm7-1': 5.67, 'm8-1': 5.23}",16.245,140.34300000000002,151.17300000000003,inf,201.11599999999999,201.11599999999999
96,T10,BESTEFFORT,COMPLETED,m8-1,91.281,"{'m1-1': 25.9, 'm2-1': 107.28, 'm3-1': 25.86, 'm4-1': 9.57, 'm5-1': 9.62, 'm6-1': 105.6, 'm7-1': 5.32, 'm8-1': 4.82}",7.23,127.12899999999999,131.94899999999998,inf,201.281,201.281
97,T1,BESTEFFORT,COMPLETED,m7-1,91.909,"{'m1-1': 28.88, 'm2-1': 101.36, 'm3-1': 24.8, 'm4-1': 10.51, 'm5-1': 10.67, 'm6-1': 104.98, 'm7-1': 4.88, 'm8-1': 5.61}",7.32,126.91599999999998,131.796,inf,201.909,201.909
98,T3,BESTEFFORT,COMPLETED,m1-1,91.921,"{'m1-1': 23.61, 'm2-1': 101.52, 'm3-1': 24.2, 'm4-1': 10.3, 'm5-1': 10.13, 'm6-1': 105.44, 'm7-1': 5.16, 'm8-1': 5.07}",35.415,174.00399999999996,197.61399999999998,inf,201.921,201.921
99,T10,BESTEFFORT,COMPLETED,m5-1,92.02,"{'m1-1': 25.1, 'm2-1': 96.64, 'm3-1': 28.47, 'm4-1': 10.66, 'm5-1': 10.96, 'm6-1': 113.83, 'm7-1': 5.4, 'm8-1': 5.1}",16.44,142.43999999999997,153.39999999999998,inf,202.01999999999998,202.01999999999998
100,T9,BESTEFFORT,COMPLETED,m8-1,92.852,"{'m1-1': 27.58, 'm2-1': 108.54, 'm3-1': 26.79, 'm4-1': 10.17, 'm5-1': 11.03, 'm6-1': 101.42, 'm7-1': 5.05, 'm8-1': 5.36}",8.040000000000001,131.94899999999998,137.309,inf,202.852,202.852
101,T10,BESTEFFORT,COMPLETED,m7-1,94.194,"{'m1-1': 25.1, 'm2-1': 103.39, 'm3-1': 25.35, 'm4-1': 10.04, 'm5-1': 10.16, 'm6-1': 106.27, 'm7-1': 5.11, 'm8-1': 4.97}",7.665000000000001,131.796,136.906,inf,204.19400000000002,204.19400000000002
102,T3,BESTEFFORT,COMPLETED,m4-1,94.769,"{'m1-1': 26.57, 'm2-1': 104.08, 'm3-1': 25.9, 'm4-1': 9.62, 'm5-1': 10.29, 'm6-1': 106.09, 'm7-1': 5.23, 'm8-1': 5.48}",14.43,151.17300000000003,160.79300000000003,inf,204.769,204.769
103,T10,BESTEFFORT,COMPLETED,m5-1,95.111,"{'m1-1': 24.87, 'm2-1': 96.69, 'm3-1': 25.46, 'm4-1': 10.42, 'm5-1': 9.69, 'm6-1': 108.17, 'm7-1': 5.12, 'm8-1': 5.01}",14.535,153.39999999999998,163.08999999999997,inf,205.111,205.111
104,T10,BESTEFFORT,COMPLETED,m7-1,96.965,"{'m1-1': 24.09, 'm2-1': 99.97, 'm3-1': 25.24, 'm4-1': 9.97, 'm5-1': 9.65, 'm6-1': 101.11, 'm7-1': 4.94, 'm8-1': 5.15}",7.41,136.906,141.846,inf,206.965,206.965
105,T3,BESTEFFORT,COMPLETED,m8-1,97.098,"{'m1-1': 26.97, 'm2-1': 92.86, 'm3-1': 27.17, 'm4-1': 10.7, 'm5-1': 9.68, 'm6-1': 113.14, 'm7-1': 5.52, 'm8-1': 5.44}",8.16,137.309,142.749,inf,207.098,207.098
106,T10,BESTEFFORT,COMPLETED,m8-1,97.634,"{'m1-1': 27.44, 'm2-1': 110.92, 'm3-1': 26.35, 'm4-1': 10.26, 'm5-1': 10.95, 'm6-1': 115.17, 'm7-1': 5.13, 'm8-1': 4.9}",7.3500000000000005,142.749,147.649,inf,207.63400000000001,207.63400000000001
107,T6,BESTEFFORT,COMPLETED,m7-1,97.957,"{'m1-1': 25.56, 'm2-1': 113.93, 'm3-1': 25.79, 'm4-1': 10.51, 'm5-1': 9.85, 'm6-1': 107.45, 'm7-1': 5.22, 'm8-1': 5.55}",7.83,141.846,147.066,inf,207.957,207.957
108,T5,BESTEFFORT,COMPLETED,m7-1,98.681,"{'m1-1': 28.92, 'm2-1': 108.54, 'm3-1': 25.78, 'm4-1': 10.08, 'm5-1': 9.95, 'm6-1': 115.53, 'm7-1': 5.53, 'm8-1': 5.12}",8.295,147.066,152.596,inf,208.68099999999998,208.68099999999998
109,T4,BESTEFFORT,COMPLETED,m4-1,98.906,"{'m1-1': 26.55, 'm2-1': 112.23, 'm3-1': 24.54, 'm4-1': 10.64, 'm5-1': 10.35, 'm6-1': 103.07, 'm7-1': 5.14, 'm8-1': 5.81}",15.96,160.79300000000003,171.43300000000005,inf,208.906,208.906
110,T6,BESTEFFORT,COMPLETED,m8-1,100.064,"{'m1-1': 23.89, 'm2-1': 115.76, 'm3-1': 27.62, 'm4-1': 10.62, 'm5-1': 9.87, 'm6-1': 99.89, 'm7-1': 4.94, 'm8-1': 5.52}",8.28,147.649,153.169,inf,210.064,210.064
111,T5,BESTEFFORT,COMPLETED,m5-1,100.808,"{'m1-1': 27.59, 'm2-1': 105.05, 'm3-1': 27.83, 'm4-1': 11.32, 'm5-1': 10.76, 'm6-1': 110.11, 'm7-1': 5.51, 'm8-1': 5.11}",16.14,163.08999999999997,173.84999999999997,inf,210.808,210.808
112,T6,BESTEFFORT,COMPLETED,m7-1,101.592,"{'m1-1': 23.06, 'm2-1': 108.6, 'm3-1': 27.98, 'm4-1': 9.98, 'm5-1': 9.24, 'm6-1': 111.33, 'm7-1': 5.6, 'm8-1': 5.44}",8.399999999999999,152.596,158.196,inf,211.59199999999998,211.59199999999998
113,T9,BESTEFFORT,COMPLETED,m8-1,102.86,"{'m1-1': 28.8, 'm2-1': 107.24, 'm3-1': 28.9, 'm4-1': 10.76, 'm5-1': 9.39, 'm6-1': 95.25, 'm7-1': 5.34, 'm8-1': 4.67}",7.005,158.40900000000002,163.079,inf,212.86,212.86
114,T9,BESTEFFORT,COMPLETED,m7-1,103.197,"{'m1-1': 26.52, 'm2-1': 96.89, 'm3-1': 25.96, 'm4-1': 10.88, 'm5-1': 10.65, 'm6-1': 111.12, 'm7-1': 5.62, 'm8-1': 4.92}",8.43,158.196,163.816,inf,213.197,213.197
115,T9,BESTEFFORT,COMPLETED,m8-1,103.21,"{'m1-1': 27.31, 'm2-1': 97.5, 'm3-1': 26.99, 'm4-1': 9.94, 'm5-1': 9.86, 'm6-1': 103.51, 'm7-1': 5.13, 'm8-1': 5.24}",7.86,153.169,158.40900000000002,inf,213.20999999999998,213.20999999999998
116,T2,BESTEFFORT,COMPLETED,m4-1,103.509,"{'m1-1': 25.33, 'm2-1': 103.26, 'm3-1': 28.13, 'm4-1': 10.91, 'm5-1': 11.05, 'm6-1': 97.57, 'm7-1': 5.32, 'm8-1': 5.01}",16.365000000000002,171.43300000000005,182.34300000000005,inf,213.50900000000001,213.50900000000001
117,T9,BESTEFFORT,COMPLETED,m7-1,103.894,"{'m1-1': 25.59, 'm2-1': 99.61, 'm3-1': 27.7, 'm4-1': 11.18, 'm5-1': 10.36, 'm6-1': 100.81, 'm7-1': 4.86, 'm8-1': 4.86}",7.290000000000001,163.816,168.67600000000002,inf,213.894,213.894
118,T8,BESTEFFORT,COMPLETED,m5-1,104.092,"{'m1-1': 28.43, 'm2-1': 106.31, 'm3-1': 26.54, 'm4-1': 10.15, 'm5-1': 11.5, 'm6-1': 102.53, 'm7-1': 4.67, 'm8-1': 5.7}",17.25,173.84999999999997,185.34999999999997,inf,214.09199999999998,214.09199999999998
119,T3,BESTEFFORT,MISSED,m2-1,105.58,"{'m1-1': 26.45, 'm2-1': 106.68, 'm3-1': 24.12, 'm4-1': 9.91, 'm5-1': 10.37, 'm6-1': 106.27, 'm7-1': 5.5, 'm8-1': 5.2}",60.80849999999998,175.041,inf,215.57999999999998,215.57999999999998,215.57999999999998
120,T6,BESTEFFORT,COMPLETED,m8-1,105.685,"{'m1-1': 26.21, 'm2-1': 108.6, 'm3-1': 28.0, 'm4-1': 10.82, 'm5-1': 9.7, 'm6-1': 110.0, 'm7-1': 5.24, 'm8-1': 5.69}",8.535,163.079,168.769,inf,215.685,215.685
121,T7,BESTEFFORT,COMPLETED,m7-1,105.779,"{'m1-1': 26.42, 'm2-1': 102.6, 'm3-1': 26.22, 'm4-1': 10.11, 'm5-1': 9.81, 'm6-1': 101.42, 'm7-1': 5.26, 'm8-1': 5.71}",7.89,168.67600000000002,173.936,inf,215.779,215.779
122,T9,BESTEFFORT,COMPLETED,m4-1,105.839,"{'m1-1': 28.82, 'm2-1': 93.98, 'm3-1': 25.36, 'm4-1': 11.0, 'm5-1': 9.42, 'm6-1': 107.2, 'm7-1': 5.34, 'm8-1': 4.64}",16.5,182.34300000000005,193.34300000000005,inf,215.839,215.839
123,T10,BESTEFFORT,COMPLETED,m8-1,107.248,"{'m1-1': 26.83, 'm2-1': 106.21, 'm3-1': 25.21, 'm4-1': 10.81, 'm5-1': 9.86, 'm6-1': 101.16, 'm7-1': 5.41, 'm8-1': 5.41}",8.115,168.769,174.179,inf,217.248,217.248
124,T9,BESTEFFORT,COMPLETED,m7-1,108.793,"{'m1-1': 26.83, 'm2-1': 98.45, 'm3-1': 25.51, 'm4-1': 10.53, 'm5-1': 9.41, 'm6-1': 110.41, 'm7-1': 5.66, 'm8-1': 4.99}",8.49,173.936,179.596,inf,218.793,218.793
125,T4,BESTEFFORT,COMPLETED,m5-1,109.356,"{'m1-1': 24.78, 'm2-1': 103.0, 'm3-1': 25.95, 'm4-1': 10.47, 'm5-1': 11.38, 'm6-1': 115.21, 'm7-1': 5.35, 'm8-1': 5.08}",17.07,185.34999999999997,196.72999999999996,inf,219.356,219.356
126,T7,BESTEFFORT,COMPLETED,m8-1,111.134,"{'m1-1': 26.74, 'm2-1': 94.09, 'm3-1': 24.07, 'm4-1': 10.31, 'm5-1': 10.96, 'm6-1': 106.68, 'm7-1': 5.03, 'm8-1': 5.21}",7.8149999999999995,174.179,179.389,inf,221.13400000000001,221.13400000000001
127,T10,BESTEFFORT,COMPLETED,m3-1,113.223,"{'m1-1': 27.35, 'm2-1': 104.33, 'm3-1': 27.16, 'm4-1': 9.69, 'm5-1': 10.74, 'm6-1': 107.25, 'm7-1': 4.9, 'm8-1': 5.44}",40.74,192.76799999999997,219.92799999999997,inf,223.223,223.223
128,T6,BESTEFFORT,COMPLETED,m4-1,114.448,"{'m1-1': 25.72, 'm2-1': 111.32, 'm3-1': 26.46, 'm4-1': 11.01, 'm5-1': 10.84, 'm6-1': 99.33, 'm7-1': 5.09, 'm8-1': 5.26}",16.515,193.34300000000005,204.35300000000004,inf,224.44799999999998,224.44799999999998
129,T7,BESTEFFORT,MISSED,m6-1,114.492,"{'m1-1': 26.49, 'm2-1': 98.75, 'm3-1': 26.34, 'm4-1': 11.49, 'm5-1': 10.18, 'm6-1': 98.17, 'm7-1': 4.64, 'm8-1': 5.14}",71.17500000000003,177.042,inf,224.49200000000002,224.49200000000002,224.49200000000002
130,T10,BESTEFFORT,COMPLETED,m8-1,114.772,"{'m1-1': 26.46, 'm2-1': 107.36, 'm3-1': 28.88, 'm4-1': 10.57, 'm5-1': 10.33, 'm6-1': 108.85, 'm7-1': 5.17, 'm8-1': 5.54}",8.31,179.389,184.929,inf,224.772,224.772
131,T10,BESTEFFORT,COMPLETED,m5-1,115.563,"{'m1-1': 27.09, 'm2-1': 106.91, 'm3-1': 25.99, 'm4-1': 9.76, 'm5-1': 10.63, 'm6-1': 111.5, 'm7-1': 5.37, 'm8-1': 5.35}",15.945,196.72999999999996,207.35999999999996,inf,225.563,225.563
132,T3,BESTEFFORT,MISSED,m2-1,116.071,"{'m1-1': 26.67, 'm2-1': 96.56, 'm3-1': 26.97, 'm4-1': 9.64, 'm5-1': 10.06, 'm6-1': 95.37, 'm7-1': 4.98, 'm8-1': 5.12}",15.73650000000002,215.57999999999998,inf,226.071,226.071,226.071
133,T9,BESTEFFORT,COMPLETED,m1-1,116.388,"{'m1-1': 26.54, 'm2-1': 95.67, 'm3-1': 27.2, 'm4-1': 9.94, 'm5-1': 9.83, 'm6-1': 94.9, 'm7-1': 4.98, 'm8-1': 4.81}",39.81,197.61399999999998,224.15399999999997,inf,226.388,226.388
134,T1,BESTEFFORT,COMPLETED,m7-1,118.328,"{'m1-1': 27.32, 'm2-1': 106.73, 'm3-1': 27.1, 'm4-1': 11.48, 'm5-1': 10.97, 'm6-1': 97.97, 'm7-1': 4.74, 'm8-1': 5.39}",7.11,179.596,184.336,inf,228.328,228.328
135,T3,BESTEFFORT,COMPLETED,m7-1,118.996,"{'m1-1': 25.15, 'm2-1': 104.8, 'm3-1': 25.01, 'm4-1': 10.36, 'm5-1': 10.93, 'm6-1': 101.3, 'm7-1': 5.55, 'm8-1': 5.37}",8.325,184.336,189.88600000000002,inf,228.99599999999998,228.99599999999998
136,T7,BESTEFFORT,COMPLETED,m8-1,119.378,"{'m1-1': 27.34, 'm2-1': 94.07, 'm3-1': 23.02, 'm4-1': 10.7, 'm5-1': 10.53, 'm6-1': 114.7, 'm7-1': 4.85, 'm8-1': 5.19}",7.785,184.929,190.119,inf,229.378,229.378
137,T7,BESTEFFORT,MISSED,m6-1,121.904,"{'m1-1': 27.92, 'm2-1': 102.44, 'm3-1': 24.9, 'm4-1': 11.23, 'm5-1': 9.78, 'm6-1': 100.92, 'm7-1': 5.19, 'm8-1': 5.75}",11.117999999999967,224.49200000000002,inf,231.904,231.904,231.904
138,T7,BESTEFFORT,MISSED,m2-1,123.702,"{'m1-1': 26.05, 'm2-1': 108.69, 'm3-1': 25.74, 'm4-1': 11.75, 'm5-1': 9.41, 'm6-1': 105.27, 'm7-1': 4.86, 'm8-1': 5.7}",11.4465,226.071,inf,233.702,233.702,233.702
139,T7,BESTEFFORT,COMPLETED,m7-1,126.086,"{'m1-1': 27.44, 'm2-1': 97.18, 'm3-1': 24.57, 'm4-1': 11.81, 'm5-1': 10.01, 'm6-1': 98.15, 'm7-1': 4.64, 'm8-1': 5.68}",6.959999999999999,189.88600000000002,194.526,inf,236.086,236.086
140,T1,BESTEFFORT,COMPLETED,m4-1,126.523,"{'m1-1': 26.38, 'm2-1': 112.85, 'm3-1': 25.03, 'm4-1': 10.86, 'm5-1': 11.09, 'm6-1': 112.09, 'm7-1': 5.36, 'm8-1': 5.38}",16.29,204.35300000000004,215.21300000000002,inf,236.523,236.523
141,T3,BESTEFFORT,COMPLETED,m8-1,126.656,"{'m1-1': 23.7, 'm2-1': 104.2, 'm3-1': 25.65, 'm4-1': 10.25, 'm5-1': 10.26, 'm6-1': 96.15, 'm7-1': 5.04, 'm8-1': 5.56}",8.34,190.119,195.679,inf,236.656,236.656
142,T3,BESTEFFORT,COMPLETED,m5-1,126.692,"{'m1-1': 25.52, 'm2-1': 99.42, 'm3-1': 28.26, 'm4-1': 9.7, 'm5-1': 9.88, 'm6-1': 98.74, 'm7-1': 5.68, 'm8-1': 5.37}",14.82,207.35999999999996,217.23999999999995,inf,236.692,236.692
143,T5,BESTEFFORT,COMPLETED,m8-1,126.931,"{'m1-1': 27.69, 'm2-1': 93.52, 'm3-1': 26.41, 'm4-1': 9.92, 'm5-1': 10.92, 'm6-1': 116.41, 'm7-1': 5.58, 'm8-1': 4.91}",7.365,195.679,200.589,inf,236.93099999999998,236.93099999999998
144,T9,BESTEFFORT,MISSED,m6-1,127.898,"{'m1-1': 27.22, 'm2-1': 96.59, 'm3-1': 26.62, 'm4-1': 10.8, 'm5-1': 11.15, 'm6-1': 99.61, 'm7-1': 5.61, 'm8-1': 4.86}",8.991,231.904,inf,237.898,237.898,237.898
145,T3,BESTEFFORT,MISSED,m6-1,128.423,"{'m1-1': 25.49, 'm2-1': 104.6, 'm3-1': 28.16, 'm4-1': 10.93, 'm5-1': 11.21, 'm6-1': 109.0, 'm7-1': 5.15, 'm8-1': 5.14}",0.7875000000000085,237.898,inf,238.423,238.423,238.423
146,T9,BESTEFFORT,COMPLETED,m7-1,129.974,"{'m1-1': 28.19, 'm2-1': 95.56, 'm3-1': 28.23, 'm4-1': 10.54, 'm5-1': 10.42, 'm6-1': 106.92, 'm7-1': 5.17, 'm8-1': 4.63}",7.755,194.526,199.696,inf,239.974,239.974
147,T2,BESTEFFORT,COMPLETED,m7-1,130.255,"{'m1-1': 27.5, 'm2-1': 96.02, 'm3-1': 27.76, 'm4-1': 10.93, 'm5-1': 10.72, 'm6-1': 96.4, 'm7-1': 5.45, 'm8-1': 4.88}",8.175,199.696,205.146,inf,240.255,240.255
148,T7,BESTEFFORT,COMPLETED,m4-1,130.788,"{'m1-1': 26.01, 'm2-1': 105.89, 'm3-1': 26.16, 'm4-1': 11.69, 'm5-1': 10.29, 'm6-1': 101.51, 'm7-1': 5.15, 'm8-1': 5.4}",17.535,215.21300000000002,226.90300000000002,inf,240.788,240.788
149,T5,BESTEFFORT,COMPLETED,m8-1,131.399,"{'m1-1': 25.12, 'm2-1': 108.54, 'm3-1': 26.71, 'm4-1': 10.52, 'm5-1': 11.1, 'm6-1': 103.83, 'm7-1': 5.8, 'm8-1': 5.16}",7.74,200.589,205.749,inf,241.399,241.399
150,T4,BESTEFFORT,COMPLETED,m5-1,132.673,"{'m1-1': 26.36, 'm2-1': 112.82, 'm3-1': 25.64, 'm4-1': 10.32, 'm5-1': 10.36, 'm6-1': 106.19, 'm7-1': 5.4, 'm8-1': 5.13}",15.54,217.23999999999995,227.59999999999997,inf,242.673,242.673
151,T4,BESTEFFORT,COMPLETED,m7-1,133.31,"{'m1-1': 26.17, 'm2-1': 106.89, 'm3-1': 24.26, 'm4-1': 10.93, 'm5-1': 11.32, 'm6-1': 106.64, 'm7-1': 5.36, 'm8-1': 5.22}",8.040000000000001,205.146,210.506,inf,243.31,243.31
152,T3,BESTEFFORT,COMPLETED,m8-1,133.602,"{'m1-1': 26.96, 'm2-1': 92.59, 'm3-1': 25.28, 'm4-1': 11.11, 'm5-1': 11.01, 'm6-1': 103.23, 'm7-1': 5.45, 'm8-1': 4.86}",7.290000000000001,205.749,210.609,inf,243.602,243.602
153,T2,BESTEFFORT,MISSED,m2-1,134.58,"{'m1-1': 26.07, 'm2-1': 100.38, 'm3-1': 27.47, 'm4-1': 10.16, 'm5-1': 10.23, 'm6-1': 109.06, 'm7-1': 5.52, 'm8-1': 4.93}",16.31700000000002,233.702,inf,244.58,244.58,244.58
154,T5,BESTEFFORT,COMPLETED,m4-1,135.641,"{'m1-1': 28.54, 'm2-1': 106.8, 'm3-1': 26.99, 'm4-1': 11.2, 'm5-1': 10.38, 'm6-1': 102.7, 'm7-1': 4.97, 'm8-1': 5.12}",16.799999999999997,226.90300000000002,238.103,inf,245.641,245.641
155,T1,BESTEFFORT,COMPLETED,m7-1,136.012,"{'m1-1': 29.57, 'm2-1': 108.44, 'm3-1': 27.04, 'm4-1': 11.76, 'm5-1': 10.51, 'm6-1': 106.36, 'm7-1': 5.09, 'm8-1': 5.5}",7.635,210.506,215.596,inf,246.012,246.012
156,T7,BESTEFFORT,COMPLETED,m8-1,136.019,"{'m1-1': 25.29, 'm2-1': 107.29, 'm3-1': 23.42, 'm4-1': 11.69, 'm5-1': 9.37, 'm6-1': 105.97, 'm7-1': 5.08, 'm8-1': 5.75}",8.625,210.609,216.359,inf,246.019,246.019
157,T4,BESTEFFORT,COMPLETED,m7-1,138.923,"{'m1-1': 27.86, 'm2-1': 98.58, 'm3-1': 23.02, 'm4-1': 9.74, 'm5-1': 10.61, 'm6-1': 104.66, 'm7-1': 5.51, 'm8-1': 5.37}",8.265,215.596,221.106,inf,248.923,248.923
158,T4,BESTEFFORT,COMPLETED,m5-1,139.881,"{'m1-1': 28.97, 'm2-1': 110.54, 'm3-1': 27.04, 'm4-1': 10.09, 'm5-1': 10.75, 'm6-1': 111.33, 'm7-1': 4.73, 'm8-1': 5.77}",16.125,227.59999999999997,238.34999999999997,inf,249.881,249.881
159,T10,BESTEFFORT,COMPLETED,m8-1,139.962,"{'m1-1': 28.1, 'm2-1': 95.19, 'm3-1': 24.68, 'm4-1': 9.22, 'm5-1': 9.95, 'm6-1': 97.63, 'm7-1': 4.99, 'm8-1': 5.15}",7.7250000000000005,216.359,221.50900000000001,inf,249.962,249.962
160,T3,BESTEFFORT,COMPLETED,m3-1,141.24,"{'m1-1': 26.67, 'm2-1': 105.55, 'm3-1': 28.01, 'm4-1': 9.72, 'm5-1': 10.46, 'm6-1': 113.04, 'm7-1': 5.16, 'm8-1': 5.33}",42.015,219.92799999999997,247.93799999999996,inf,251.24,251.24
161,T10,BESTEFFORT,COMPLETED,m1-1,141.504,"{'m1-1': 24.26, 'm2-1': 98.2, 'm3-1': 25.59, 'm4-1': 9.29, 'm5-1': 9.99, 'm6-1': 109.82, 'm7-1': 4.92, 'm8-1': 5.45}",36.39,224.15399999999997,248.41399999999996,inf,251.504,251.504
162,T5,BESTEFFORT,COMPLETED,m4-1,142.612,"{'m1-1': 27.67, 'm2-1': 108.87, 'm3-1': 23.88, 'm4-1': 10.79, 'm5-1': 9.53, 'm6-1': 111.82, 'm7-1': 4.92, 'm8-1': 5.06}",16.185,238.103,248.893,inf,252.612,252.612
163,T5,BESTEFFORT,COMPLETED,m7-1,145.227,"{'m1-1': 26.29, 'm2-1': 107.87, 'm3-1': 23.61, 'm4-1': 10.73, 'm5-1': 9.71, 'm6-1': 107.91, 'm7-1': 5.61, 'm8-1': 5.0}",8.415000000000001,221.106,226.716,inf,255.227,255.227
164,T6,BESTEFFORT,COMPLETED,m8-1,145.555,"{'m1-1': 25.66, 'm2-1': 113.89, 'm3-1': 25.01, 'm4-1': 10.92, 'm5-1': 9.29, 'm6-1': 115.96, 'm7-1': 5.25, 'm8-1': 5.33}",7.995,221.50900000000001,226.83900000000003,inf,255.555,255.555
165,T10,BESTEFFORT,COMPLETED,m7-1,145.955,"{'m1-1': 25.21, 'm2-1': 108.5, 'm3-1': 28.5, 'm4-1': 9.68, 'm5-1': 11.12, 'm6-1': 108.22, 'm7-1': 4.88, 'm8-1': 5.58}",7.32,226.716,231.596,inf,255.955,255.955
166,T2,BESTEFFORT,COMPLETED,m5-1,146.458,"{'m1-1': 27.0, 'm2-1': 100.61, 'm3-1': 26.2, 'm4-1': 10.15, 'm5-1': 10.78, 'm6-1': 101.13, 'm7-1': 5.5, 'm8-1': 5.3}",16.169999999999998,238.34999999999997,249.12999999999997,inf,256.45799999999997,256.45799999999997
167,T7,BESTEFFORT,COMPLETED,m8-1,148.171,"{'m1-1': 27.94, 'm2-1': 104.61, 'm3-1': 26.39, 'm4-1': 11.32, 'm5-1': 10.15, 'm6-1': 108.87, 'm7-1': 4.88, 'm8-1': 5.75}",8.625,226.83900000000003,232.58900000000003,inf,258.171,258.171
168,T1,BESTEFFORT,COMPLETED,m7-1,148.577,"{'m1-1': 26.63, 'm2-1': 102.58, 'm3-1': 27.43, 'm4-1': 11.06, 'm5-1': 11.26, 'm6-1': 103.3, 'm7-1': 5.36, 'm8-1': 4.78}",8.040000000000001,231.596,236.95600000000002,inf,258.577,258.577
169,T10,BESTEFFORT,COMPLETED,m4-1,148.732,"{'m1-1': 27.86, 'm2-1': 111.0, 'm3-1': 26.99, 'm4-1': 9.21, 'm5-1': 11.0, 'm6-1': 102.23, 'm7-1': 5.33, 'm8-1': 5.58}",13.815000000000001,248.893,258.103,inf,258.73199999999997,258.73199999999997
170,T4,BESTEFFORT,COMPLETED,m8-1,149.328,"{'m1-1': 26.81, 'm2-1': 101.62, 'm3-1': 26.74, 'm4-1': 9.31, 'm5-1': 10.86, 'm6-1': 103.98, 'm7-1': 5.01, 'm8-1': 5.29}",7.9350000000000005,232.58900000000003,237.87900000000002,inf,259.328,259.328
171,T1,BESTEFFORT,MISSED,m2-1,149.692,"{'m1-1': 29.5, 'm2-1': 107.45, 'm3-1': 26.6, 'm4-1': 11.78, 'm5-1': 10.0, 'm6-1': 115.44, 'm7-1': 5.03, 'm8-1': 5.19}",22.667999999999992,244.58,inf,259.692,259.692,259.692
172,T3,BESTEFFORT,COMPLETED,m7-1,149.933,"{'m1-1': 24.44, 'm2-1': 99.57, 'm3-1': 27.91, 'm4-1': 10.79, 'm5-1': 9.64, 'm6-1': 97.1, 'm7-1': 5.58, 'm8-1': 5.46}",8.370000000000001,236.95600000000002,242.53600000000003,inf,259.933,259.933
173,T8,BESTEFFORT,COMPLETED,m5-1,150.509,"{'m1-1': 26.39, 'm2-1': 97.99, 'm3-1': 25.7, 'm4-1': 9.67, 'm5-1': 10.74, 'm6-1': 108.87, 'm7-1': 5.13, 'm8-1': 5.72}",16.11,249.12999999999997,259.86999999999995,inf,260.509,260.509
174,T3,BESTEFFORT,COMPLETED,m8-1,150.562,"{'m1-1': 26.97, 'm2-1': 107.1, 'm3-1': 24.68, 'm4-1': 10.69, 'm5-1': 9.95, 'm6-1': 100.84, 'm7-1': 5.58, 'm8-1': 5.46}",8.19,237.87900000000002,243.33900000000003,inf,260.562,260.562
175,T10,BESTEFFORT,COMPLETED,m7-1,150.894,"{'m1-1': 27.46, 'm2-1': 105.22, 'm3-1': 25.74, 'm4-1': 9.62, 'm5-1': 10.46, 'm6-1': 110.84, 'm7-1': 5.4, 'm8-1': 5.54}",8.100000000000001,242.53600000000003,247.93600000000004,inf,260.894,260.894
176,T4,BESTEFFORT,MISSED,m6-1,152.849,"{'m1-1': 26.1, 'm2-1': 104.55, 'm3-1': 26.02, 'm4-1': 9.91, 'm5-1': 10.26, 'm6-1': 103.23, 'm7-1': 4.97, 'm8-1': 5.51}",36.63899999999998,238.423,inf,262.849,262.849,262.849
177,T7,BESTEFFORT,COMPLETED,m8-1,153.022,"{'m1-1': 24.51, 'm2-1': 106.66, 'm3-1': 25.57, 'm4-1': 11.52, 'm5-1': 10.21, 'm6-1': 99.48, 'm7-1': 4.87, 'm8-1': 5.75}",8.625,243.33900000000003,249.08900000000003,inf,263.022,263.022
178,T1,BESTEFFORT,MISSED,m2-1,153.068,"{'m1-1': 25.22, 'm2-1': 100.54, 'm3-1': 26.26, 'm4-1': 11.52, 'm5-1': 10.51, 'm6-1': 103.29, 'm7-1': 4.7, 'm8-1': 5.23}",5.0639999999999645,259.692,inf,263.068,263.068,263.068
179,T5,BESTEFFORT,COMPLETED,m7-1,154.223,"{'m1-1': 29.41, 'm2-1': 101.96, 'm3-1': 26.24, 'm4-1': 11.12, 'm5-1': 10.3, 'm6-1': 111.8, 'm7-1': 5.11, 'm8-1': 5.1}",7.665000000000001,247.93600000000004,253.04600000000005,inf,264.223,264.223
180,T10,BESTEFFORT,COMPLETED,m8-1,154.774,"{'m1-1': 28.13, 'm2-1': 106.63, 'm3-1': 28.94, 'm4-1': 10.08, 'm5-1': 9.65, 'm6-1': 106.42, 'm7-1': 5.57, 'm8-1': 5.66}",8.49,249.08900000000003,254.74900000000002,inf,264.774,264.774
181,T9,BESTEFFORT,MISSED,m2-1,154.838,"{'m1-1': 24.87, 'm2-1': 109.6, 'm3-1': 25.52, 'm4-1': 9.6, 'm5-1': 10.74, 'm6-1': 96.26, 'm7-1': 5.57, 'm8-1': 4.74}",2.6549999999999727,263.068,inf,264.83799999999997,264.83799999999997,264.83799999999997
182,T10,BESTEFFORT,MISSED,m6-1,156.795,"{'m1-1': 24.75, 'm2-1': 95.3, 'm3-1': 27.32, 'm4-1': 10.12, 'm5-1': 11.35, 'm6-1': 109.93, 'm7-1': 5.39, 'm8-1': 5.32}",5.918999999999954,262.849,inf,266.79499999999996,266.79499999999996,266.79499999999996
183,T9,BESTEFFORT,COMPLETED,m4-1,159.595,"{'m1-1': 26.75, 'm2-1': 96.46, 'm3-1': 27.26, 'm4-1': 9.89, 'm5-1': 10.15, 'm6-1': 112.32, 'm7-1': 5.69, 'm8-1': 5.2}",14.835,258.103,267.993,inf,269.595,269.595
184,T4,BESTEFFORT,MISSED,m5-1,161.335,"{'m1-1': 26.34, 'm2-1': 103.34, 'm3-1': 22.9, 'm4-1': 10.32, 'm5-1': 11.62, 'm6-1': 99.72, 'm7-1': 5.16, 'm8-1': 5.05}",17.197500000000133,259.86999999999995,inf,271.33500000000004,271.33500000000004,271.33500000000004
185,T5,BESTEFFORT,COMPLETED,m7-1,164.18,"{'m1-1': 26.64, 'm2-1': 105.03, 'm3-1': 26.13, 'm4-1': 10.97, 'm5-1': 11.24, 'm6-1': 104.4, 'm7-1': 5.3, 'm8-1': 4.81}",7.949999999999999,253.04600000000005,258.34600000000006,inf,274.18,274.18
186,T1,BESTEFFORT,MISSED,m3-1,165.182,"{'m1-1': 29.06, 'm2-1': 97.08, 'm3-1': 28.57, 'm4-1': 10.63, 'm5-1': 11.19, 'm6-1': 114.92, 'm7-1': 5.34, 'm8-1': 5.61}",40.866000000000085,247.93799999999996,inf,275.182,275.182,275.182
187,T1,BESTEFFORT,COMPLETED,m8-1,165.257,"{'m1-1': 28.64, 'm2-1': 100.86, 'm3-1': 27.18, 'm4-1': 11.6, 'm5-1': 11.07, 'm6-1': 114.27, 'm7-1': 5.07, 'm8-1': 4.87}",7.305,254.74900000000002,259.619,inf,275.257,275.257
188,T2,BESTEFFORT,COMPLETED,m7-1,165.527,"{'m1-1': 25.62, 'm2-1': 108.03, 'm3-1': 25.88, 'm4-1': 11.27, 'm5-1': 10.14, 'm6-1': 100.85, 'm7-1': 5.48, 'm8-1': 5.25}",8.22,258.34600000000006,263.8260000000001,inf,275.527,275.527
189,T3,BESTEFFORT,COMPLETED,m1-1,165.798,"{'m1-1': 23.96, 'm2-1': 96.72, 'm3-1': 25.24, 'm4-1': 11.08, 'm5-1': 9.73, 'm6-1': 105.26, 'm7-1': 5.55, 'm8-1': 5.11}",35.94,248.41399999999996,272.37399999999997,inf,275.798,275.798
190,T10,BESTEFFORT,MISSED,m6-1,168.665,"{'m1-1': 27.95, 'm2-1': 100.48, 'm3-1': 28.32, 'm4-1': 9.2, 'm5-1': 10.98, 'm6-1': 102.29, 'm7-1': 4.94, 'm8-1': 5.07}",17.805000000000007,266.79499999999996,inf,278.66499999999996,278.66499999999996,278.66499999999996
191,T5,BESTEFFORT,MISSED,m5-1,172.35,"{'m1-1': 25.2, 'm2-1': 101.95, 'm3-1': 24.29, 'm4-1': 11.18, 'm5-1': 11.14, 'm6-1': 111.46, 'm7-1': 5.36, 'm8-1': 5.35}",16.52249999999998,271.33500000000004,inf,282.35,282.35,282.35
192,T5,BESTEFFORT,COMPLETED,m4-1,172.45,"{'m1-1': 28.13, 'm2-1': 95.52, 'm3-1': 27.2, 'm4-1': 9.74, 'm5-1': 10.83, 'm6-1': 103.85, 'm7-1': 5.59, 'm8-1': 5.6}",14.61,267.993,277.733,inf,282.45,282.45
193,T2,BESTEFFORT,COMPLETED,m7-1,174.04,"{'m1-1': 24.14, 'm2-1': 106.05, 'm3-1': 26.91, 'm4-1': 10.77, 'm5-1': 11.22, 'm6-1': 109.97, 'm7-1': 5.22, 'm8-1': 4.95}",7.83,263.8260000000001,269.0460000000001,inf,284.03999999999996,284.03999999999996
194,T7,BESTEFFORT,COMPLETED,m8-1,174.56,"{'m1-1': 24.76, 'm2-1': 95.38, 'm3-1': 23.51, 'm4-1': 11.48, 'm5-1': 9.91, 'm6-1': 99.2, 'm7-1': 5.27, 'm8-1': 5.58}",8.370000000000001,259.619,265.199,inf,284.56,284.56
195,T8,BESTEFFORT,MISSED,m6-1,174.981,"{'m1-1': 28.52, 'm2-1': 96.53, 'm3-1': 23.83, 'm4-1': 10.41, 'm5-1': 10.69, 'm6-1': 101.89, 'm7-1': 5.28, 'm8-1': 5.72}",9.474000000000046,278.66499999999996,inf,284.981,284.981,284.981
196,T5,BESTEFFORT,COMPLETED,m8-1,175.627,"{'m1-1': 26.61, 'm2-1': 109.51, 'm3-1': 27.19, 'm4-1': 11.22, 'm5-1': 10.21, 'm6-1': 109.98, 'm7-1': 5.04, 'm8-1': 5.41}",8.115,265.199,270.60900000000004,inf,285.627,285.627
197,T4,BESTEFFORT,COMPLETED,m7-1,176.63,"{'m1-1': 27.62, 'm2-1': 113.91, 'm3-1': 23.77, 'm4-1': 9.5, 'm5-1': 11.22, 'm6-1': 113.19, 'm7-1': 5.2, 'm8-1': 5.79}",7.800000000000001,269.0460000000001,274.2460000000001,inf,286.63,286.63
198,T1,BESTEFFORT,COMPLETED,m8-1,176.752,"{'m1-1': 27.59, 'm2-1': 102.13, 'm3-1': 25.29, 'm4-1': 10.61, 'm5-1': 11.27, 'm6-1': 99.14, 'm7-1': 4.9, 'm8-1': 5.01}",7.515,270.60900000000004,275.619,inf,286.752,286.752
199,T1,BESTEFFORT,MISSED,m2-1,176.857,"{'m1-1': 25.57, 'm2-1': 107.67, 'm3-1': 26.32, 'm4-1': 10.26, 'm5-1': 9.87, 'm6-1': 112.13, 'm7-1': 5.42, 'm8-1': 5.03}",33.02850000000001,264.83799999999997,inf,286.85699999999997,286.85699999999997,286.85699999999997
200,T7,BESTEFFORT,COMPLETED,m7-1,177.368,"{'m1-1': 27.42, 'm2-1': 96.91, 'm3-1': 26.95, 'm4-1': 10.41, 'm5-1': 10.86, 'm6-1': 106.14, 'm7-1': 5.3, 'm8-1': 5.33}",7.949999999999999,274.2460000000001,279.5460000000001,inf,287.368,287.368
201,T8,BESTEFFORT,COMPLETED,m8-1,178.398,"{'m1-1': 26.43, 'm2-1': 97.5, 'm3-1': 25.94, 'm4-1': 9.87, 'm5-1': 10.35, 'm6-1': 113.75, 'm7-1': 4.84, 'm8-1': 5.8}",8.7,275.619,281.41900000000004,inf,288.398,288.398
202,T8,BESTEFFORT,MISSED,m6-1,179.094,"{'m1-1': 28.75, 'm2-1': 108.57, 'm3-1': 26.62, 'm4-1': 9.92, 'm5-1': 10.63, 'm6-1': 102.76, 'm7-1': 4.75, 'm8-1': 4.95}",6.169499999999999,284.981,inf,289.094,289.094,289.094
203,T2,BESTEFFORT,COMPLETED,m7-1,179.945,"{'m1-1': 24.95, 'm2-1': 98.08, 'm3-1': 26.84, 'm4-1': 11.04, 'm5-1': 9.64, 'm6-1': 108.74, 'm7-1': 4.92, 'm8-1': 5.67}",7.38,279.5460000000001,284.4660000000001,inf,289.945,289.945
204,T2,BESTEFFORT,COMPLETED,m4-1,182.305,"{'m1-1': 26.89, 'm2-1': 95.69, 'm3-1': 28.15, 'm4-1': 10.63, 'm5-1': 10.95, 'm6-1': 111.92, 'm7-1': 4.92, 'm8-1': 5.07}",15.945,277.733,288.363,inf,292.305,292.305
205,T2,BESTEFFORT,COMPLETED,m5-1,184.156,"{'m1-1': 24.11, 'm2-1': 100.7, 'm3-1': 28.15, 'm4-1': 11.29, 'm5-1': 10.05, 'm6-1': 110.75, 'm7-1': 5.05, 'm8-1': 5.54}",15.075000000000001,282.35,292.40000000000003,inf,294.156,294.156
206,T9,BESTEFFORT,COMPLETED,m8-1,184.76,"{'m1-1': 26.05, 'm2-1': 107.72, 'm3-1': 26.75, 'm4-1': 11.23, 'm5-1': 9.52, 'm6-1': 97.09, 'm7-1': 5.72, 'm8-1': 5.43}",8.145,281.41900000000004,286.84900000000005,inf,294.76,294.76
207,T8,BESTEFFORT,MISSED,m2-1,185.843,"{'m1-1': 26.16, 'm2-1': 96.96, 'm3-1': 23.56, 'm4-1': 10.89, 'm5-1': 10.95, 'm6-1': 109.26, 'm7-1': 5.13, 'm8-1': 5.33}",13.478999999999985,286.85699999999997,inf,295.84299999999996,295.84299999999996,295.84299999999996
208,T4,BESTEFFORT,COMPLETED,m7-1,185.989,"{'m1-1': 27.26, 'm2-1': 103.5, 'm3-1': 24.84, 'm4-1': 10.62, 'm5-1': 11.04, 'm6-1': 115.21, 'm7-1': 5.42, 'm8-1': 5.29}",8.129999999999999,284.4660000000001,289.88600000000014,inf,295.98900000000003,295.98900000000003
209,T6,BESTEFFORT,COMPLETED,m8-1,188.199,"{'m1-1': 25.27, 'm2-1': 115.63, 'm3-1': 24.32, 'm4-1': 11.08, 'm5-1': 10.32, 'm6-1': 100.46, 'm7-1': 4.95, 'm8-1': 5.4}",8.100000000000001,286.84900000000005,292.249,inf,298.199,298.199
210,T3,BESTEFFORT,COMPLETED,m1-1,189.036,"{'m1-1': 26.41, 'm2-1': 107.85, 'm3-1': 28.5, 'm4-1': 10.5, 'm5-1': 9.91, 'm6-1': 107.8, 'm7-1': 5.52, 'm8-1': 4.83}",39.615,272.37399999999997,298.784,inf,299.036,299.036
211,T10,BESTEFFORT,MISSED,m2-1,189.809,"{'m1-1': 24.81, 'm2-1': 101.42, 'm3-1': 28.28, 'm4-1': 9.26, 'm5-1': 10.62, 'm6-1': 110.62, 'm7-1': 5.21, 'm8-1': 4.84}",0.0,301.22900000000004,inf,301.22900000000004,299.80899999999997,299.80899999999997
212,T6,BESTEFFORT,COMPLETED,m7-1,189.907,"{'m1-1': 23.86, 'm2-1': 98.1, 'm3-1': 25.96, 'm4-1': 9.92, 'm5-1': 10.79, 'm6-1': 97.82, 'm7-1': 5.64, 'm8-1': 5.63}",8.459999999999999,289.88600000000014,295.5260000000001,inf,299.90700000000004,299.90700000000004
213,T5,BESTEFFORT,MISSED,m6-1,190.07,"{'m1-1': 28.64, 'm2-1': 93.64, 'm3-1': 23.87, 'm4-1': 10.71, 'm5-1': 10.83, 'm6-1': 118.36, 'm7-1': 4.92, 'm8-1': 5.19}",16.464,289.094,inf,300.07,300.07,300.07
214,T4,BESTEFFORT,MISSED,m2-1,191.229,"{'m1-1': 29.26, 'm2-1': 110.37, 'm3-1': 23.28, 'm4-1': 10.38, 'm5-1': 11.4, 'm6-1': 109.88, 'm7-1': 4.98, 'm8-1': 4.98}",8.079000000000121,295.84299999999996,inf,301.22900000000004,301.22900000000004,301.22900000000004
215,T2,BESTEFFORT,COMPLETED,m8-1,191.442,"{'m1-1': 27.86, 'm2-1': 96.41, 'm3-1': 25.22, 'm4-1': 10.68, 'm5-1': 10.89, 'm6-1': 108.81, 'm7-1': 5.48, 'm8-1': 5.3}",7.949999999999999,292.249,297.54900000000004,inf,301.442,301.442
216,T3,BESTEFFORT,COMPLETED,m4-1,191.865,"{'m1-1': 25.96, 'm2-1': 97.76, 'm3-1': 26.02, 'm4-1': 9.79, 'm5-1': 11.14, 'm6-1': 104.84, 'm7-1': 5.29, 'm8-1': 4.99}",14.684999999999999,288.363,298.153,inf,301.865,301.865
217,T9,BESTEFFORT,COMPLETED,m3-1,191.973,"{'m1-1': 28.21, 'm2-1': 105.48, 'm3-1': 25.35, 'm4-1': 11.21, 'm5-1': 9.75, 'm6-1': 98.34, 'm7-1': 5.58, 'm8-1': 5.24}",38.025000000000006,275.182,300.53200000000004,inf,301.973,301.973
218,T1,BESTEFFORT,MISSED,m6-1,193.419,"{'m1-1': 28.42, 'm2-1': 109.31, 'm3-1': 24.75, 'm4-1': 10.19, 'm5-1': 10.58, 'm6-1': 107.58, 'm7-1': 4.72, 'm8-1': 4.84}",5.023499999999984,300.07,inf,303.419,303.419,303.419
219,T7,BESTEFFORT,COMPLETED,m5-1,193.615,"{'m1-1': 25.46, 'm2-1': 101.82, 'm3-1': 23.75, 'm4-1': 10.14, 'm5-1': 9.43, 'm6-1': 98.26, 'm7-1': 4.63, 'm8-1': 5.7}",14.145,292.40000000000003,301.83000000000004,inf,303.615,303.615
220,T1,BESTEFFORT,COMPLETED,m7-1,194.38,"{'m1-1': 28.36, 'm2-1': 112.47, 'm3-1': 28.34, 'm4-1': 10.74, 'm5-1': 11.26, 'm6-1': 102.98, 'm7-1': 5.4, 'm8-1': 5.21}",8.100000000000001,295.5260000000001,300.9260000000001,inf,304.38,304.38
221,T3,BESTEFFORT,COMPLETED,m8-1,195.156,"{'m1-1': 25.12, 'm2-1': 93.2, 'm3-1': 24.34, 'm4-1': 10.7, 'm5-1': 10.69, 'm6-1': 109.68, 'm7-1': 5.68, 'm8-1': 5.33}",7.995,297.54900000000004,302.879,inf,305.156,305.156
222,T9,BESTEFFORT,COMPLETED,m7-1,196.743,"{'m1-1': 27.41, 'm2-1': 102.66, 'm3-1': 26.02, 'm4-1': 11.38, 'm5-1': 9.48, 'm6-1': 103.81, 'm7-1': 5.3, 'm8-1': 5.47}",7.949999999999999,300.9260000000001,306.2260000000001,inf,306.743,306.743
223,T6,BESTEFFORT,COMPLETED,m8-1,200.327,"{'m1-1': 24.89, 'm2-1': 101.14, 'm3-1': 28.48, 'm4-1': 10.64, 'm5-1': 9.85, 'm6-1': 111.06, 'm7-1': 5.33, 'm8-1': 5.69}",8.535,302.879,308.569,inf,310.327,310.327
224,T3,BESTEFFORT,MISSED,m6-1,200.459,"{'m1-1': 26.71, 'm2-1': 107.78, 'm3-1': 26.87, 'm4-1': 10.46, 'm5-1': 9.7, 'm6-1': 98.13, 'm7-1': 5.35, 'm8-1': 5.5}",10.56000000000003,303.419,inf,310.459,310.459,310.459
225,T2,BESTEFFORT,MISSED,m2-1,200.872,"{'m1-1': 25.56, 'm2-1': 96.5, 'm3-1': 25.01, 'm4-1': 10.25, 'm5-1': 10.53, 'm6-1': 114.17, 'm7-1': 5.53, 'm8-1': 5.54}",14.464499999999958,301.22900000000004,inf,310.872,310.872,310.872
226,T3,BESTEFFORT,MISSED,m2-1,200.917,"{'m1-1': 27.39, 'm2-1': 105.18, 'm3-1': 24.9, 'm4-1': 11.08, 'm5-1': 9.73, 'm6-1': 98.87, 'm7-1': 5.01, 'm8-1': 4.9}",0.06750000000002387,310.872,inf,310.91700000000003,310.91700000000003,310.91700000000003
227,T9,BESTEFFORT,COMPLETED,m7-1,201.42,"{'m1-1': 25.38, 'm2-1': 97.2, 'm3-1': 25.32, 'm4-1': 10.48, 'm5-1': 9.62, 'm6-1': 105.77, 'm7-1': 5.0, 'm8-1': 4.75}",7.5,306.2260000000001,311.2260000000001,inf,311.41999999999996,311.41999999999996
228,T1,BESTEFFORT,MISSED,m2-1,202.438,"{'m1-1': 28.8, 'm2-1': 102.22, 'm3-1': 25.6, 'm4-1': 11.65, 'm5-1': 9.89, 'm6-1': 108.25, 'm7-1': 4.78, 'm8-1': 4.99}",2.2814999999999372,310.91700000000003,inf,312.438,312.438,312.438
229,T2,BESTEFFORT,COMPLETED,m4-1,203.349,"{'m1-1': 26.83, 'm2-1': 108.04, 'm3-1': 27.27, 'm4-1': 10.54, 'm5-1': 9.92, 'm6-1': 107.02, 'm7-1': 5.37, 'm8-1': 5.1}",15.809999999999999,298.153,308.69300000000004,inf,313.349,313.349
230,T2,BESTEFFORT,COMPLETED,m5-1,203.522,"{'m1-1': 25.6, 'm2-1': 102.44, 'm3-1': 27.08, 'm4-1': 11.28, 'm5-1': 10.35, 'm6-1': 99.61, 'm7-1': 5.5, 'm8-1': 5.1}",15.524999999999999,301.83000000000004,312.18000000000006,inf,313.522,313.522
231,T8,BESTEFFORT,MISSED,m6-1,204.609,"{'m1-1': 25.77, 'm2-1': 110.24, 'm3-1': 24.22, 'm4-1': 11.17, 'm5-1': 10.38, 'm6-1': 114.04, 'm7-1': 4.87, 'm8-1': 5.44}",6.225000000000051,310.459,inf,314.60900000000004,314.60900000000004,314.60900000000004
232,T2,BESTEFFORT,COMPLETED,m8-1,205.262,"{'m1-1': 25.7, 'm2-1': 108.78, 'm3-1': 26.74, 'm4-1': 11.43, 'm5-1': 9.96, 'm6-1': 109.64, 'm7-1': 4.88, 'm8-1': 5.69}",8.535,308.569,314.259,inf,315.262,315.262
233,T2,BESTEFFORT,CANCELLED,,206.304,"{'m1-1': 25.51, 'm2-1': 103.27, 'm3-1': 28.72, 'm4-1': 11.61, 'm5-1': 11.2, 'm6-1': 113.79, 'm7-1': 5.16, 'm8-1': 5.55}",0.0,inf,inf,inf,316.304,316.304
234,T3,BESTEFFORT,COMPLETED,m7-1,206.427,"{'m1-1': 27.24, 'm2-1': 96.37, 'm3-1': 25.64, 'm4-1': 10.87, 'm5-1': 9.95, 'm6-1': 107.66, 'm7-1': 5.16, 'm8-1': 4.91}",7.74,311.2260000000001,316.38600000000014,inf,316.427,316.427
235,T8,BESTEFFORT,MISSED,m6-1,206.588,"{'m1-1': 24.52, 'm2-1': 105.73, 'm3-1': 24.51, 'm4-1': 9.73, 'm5-1': 10.12, 'm6-1': 110.88, 'm7-1': 5.01, 'm8-1': 5.49}",0.0,317.808,inf,317.808,316.58799999999997,316.58799999999997
236,T3,BESTEFFORT,MISSED,m2-1,206.672,"{'m1-1': 24.96, 'm2-1': 107.78, 'm3-1': 26.55, 'm4-1': 10.32, 'm5-1': 11.18, 'm6-1': 112.89, 'm7-1': 5.62, 'm8-1': 5.27}",0.0,411.67,inf,411.67,316.672,316.672
237,T6,BESTEFFORT,MISSED,m6-1,207.095,"{'m1-1': 26.62, 'm2-1': 107.7, 'm3-1': 27.29, 'm4-1': 10.45, 'm5-1': 10.43, 'm6-1': 112.29, 'm7-1': 5.18, 'm8-1': 5.5}",3.728999999999985,314.60900000000004,inf,317.095,317.095,317.095
238,T1,BESTEFFORT,MISSED,m6-1,207.808,"{'m1-1': 24.95, 'm2-1': 98.95, 'm3-1': 25.17, 'm4-1': 10.92, 'm5-1': 11.12, 'm6-1': 102.31, 'm7-1': 4.61, 'm8-1': 5.55}",1.0694999999999482,317.095,inf,317.808,317.808,317.808
239,T9,BESTEFFORT,MISSED,m2-1,207.857,"{'m1-1': 25.34, 'm2-1': 100.93, 'm3-1': 25.0, 'm4-1': 10.08, 'm5-1': 9.9, 'm6-1': 99.08, 'm7-1': 5.54, 'm8-1': 5.06}",8.128499999999974,312.438,inf,317.85699999999997,317.85699999999997,317.85699999999997
240,T9,BESTEFFORT,MISSED,m2-1,208.057,"{'m1-1': 25.4, 'm2-1': 94.35, 'm3-1': 25.57, 'm4-1': 9.78, 'm5-1': 11.15, 'm6-1': 109.15, 'm7-1': 5.03, 'm8-1': 4.9}",0.0,411.67,inf,411.67,318.057,318.057
241,T7,BESTEFFORT,MISSED,m8-1,208.225,"{'m1-1': 26.26, 'm2-1': 102.26, 'm3-1': 25.79, 'm4-1': 10.5, 'm5-1': 10.17, 'm6-1': 108.26, 'm7-1': 5.08, 'm8-1': 4.93}",5.949000000000012,314.259,inf,318.225,318.225,318.225
242,T9,BESTEFFORT,COMPLETED,m4-1,212.923,"{'m1-1': 27.23, 'm2-1': 94.03, 'm3-1': 26.04, 'm4-1': 10.97, 'm5-1': 10.66, 'm6-1': 96.29, 'm7-1': 5.72, 'm8-1': 5.13}",16.455000000000002,308.69300000000004,319.66300000000007,inf,322.923,322.923
243,T3,BESTEFFORT,MISSED,m1-1,213.944,"{'m1-1': 27.38, 'm2-1': 107.5, 'm3-1': 25.93, 'm4-1': 10.12, 'm5-1': 9.88, 'm6-1': 101.57, 'm7-1': 5.55, 'm8-1': 5.51}",37.73999999999995,298.784,inf,323.94399999999996,323.94399999999996,323.94399999999996
244,T10,BESTEFFORT,COMPLETED,m5-1,218.059,"{'m1-1': 27.05, 'm2-1': 97.5, 'm3-1': 24.86, 'm4-1': 9.55, 'm5-1': 10.71, 'm6-1': 105.99, 'm7-1': 5.48, 'm8-1': 4.79}",16.065,312.18000000000006,322.89000000000004,inf,328.05899999999997,328.05899999999997
245,T3,BESTEFFORT,COMPLETED,m7-1,218.585,"{'m1-1': 25.32, 'm2-1': 103.91, 'm3-1': 25.93, 'm4-1': 10.4, 'm5-1': 9.55, 'm6-1': 101.84, 'm7-1': 5.72, 'm8-1': 4.8}",8.58,316.38600000000014,322.10600000000017,inf,328.58500000000004,328.58500000000004
246,T10,BESTEFFORT,COMPLETED,m3-1,219.333,"{'m1-1': 26.23, 'm2-1': 106.21, 'm3-1': 27.04, 'm4-1': 10.04, 'm5-1': 9.82, 'm6-1': 104.9, 'm7-1': 5.67, 'm8-1': 5.59}",40.56,300.53200000000004,327.57200000000006,inf,329.33299999999997,329.33299999999997
247,T1,BESTEFFORT,COMPLETED,m8-1,220.45,"{'m1-1': 28.42, 'm2-1': 106.73, 'm3-1': 25.01, 'm4-1': 11.74, 'm5-1': 11.24, 'm6-1': 101.67, 'm7-1': 5.13, 'm8-1': 5.08}",7.62,318.225,323.305,inf,330.45,330.45
248,T8,BESTEFFORT,COMPLETED,m7-1,220.94,"{'m1-1': 28.34, 'm2-1': 110.34, 'm3-1': 24.42, 'm4-1': 10.64, 'm5-1': 11.68, 'm6-1': 102.24, 'm7-1': 4.67, 'm8-1': 5.64}",7.005,322.10600000000017,326.7760000000002,inf,330.94,330.94
249,T4,BESTEFFORT,COMPLETED,m4-1,221.376,"{'m1-1': 28.97, 'm2-1': 106.44, 'm3-1': 22.92, 'm4-1': 9.93, 'm5-1': 11.52, 'm6-1': 99.73, 'm7-1': 5.14, 'm8-1': 5.74}",14.895,319.66300000000007,329.5930000000001,inf,331.376,331.376
250,T7,BESTEFFORT,COMPLETED,m8-1,223.614,"{'m1-1': 26.14, 'm2-1': 109.44, 'm3-1': 26.06, 'm4-1': 11.72, 'm5-1': 9.9, 'm6-1': 100.85, 'm7-1': 4.7, 'm8-1': 4.93}",7.395,323.305,328.235,inf,333.61400000000003,333.61400000000003
251,T9,BESTEFFORT,COMPLETED,m7-1,223.801,"{'m1-1': 27.76, 'm2-1': 102.89, 'm3-1': 29.36, 'm4-1': 10.01, 'm5-1': 10.85, 'm6-1': 103.68, 'm7-1': 5.46, 'm8-1': 5.32}",8.19,326.7760000000002,332.23600000000016,inf,333.801,333.801
252,T6,BESTEFFORT,COMPLETED,m5-1,224.173,"{'m1-1': 27.13, 'm2-1': 115.27, 'm3-1': 26.66, 'm4-1': 10.2, 'm5-1': 10.57, 'm6-1': 111.38, 'm7-1': 5.6, 'm8-1': 5.07}",15.855,322.89000000000004,333.46000000000004,inf,334.173,334.173
253,T2,BESTEFFORT,COMPLETED,m8-1,224.196,"{'m1-1': 26.47, 'm2-1': 103.47, 'm3-1': 26.74, 'm4-1': 11.38, 'm5-1': 10.23, 'm6-1': 101.27, 'm7-1': 5.06, 'm8-1': 5.35}",8.024999999999999,328.235,333.58500000000004,inf,334.196,334.196
254,T10,BESTEFFORT,MISSED,m6-1,226.054,"{'m1-1': 24.43, 'm2-1': 108.33, 'm3-1': 24.93, 'm4-1': 9.29, 'm5-1': 9.8, 'm6-1': 113.64, 'm7-1': 4.95, 'm8-1': 5.08}",0.0,415.46799999999996,inf,415.46799999999996,336.054,336.054
255,T8,BESTEFFORT,MISSED,m6-1,226.399,"{'m1-1': 25.61, 'm2-1': 111.26, 'm3-1': 24.74, 'm4-1': 9.99, 'm5-1': 11.58, 'm6-1': 107.45, 'm7-1': 5.29, 'm8-1': 5.24}",0.0,415.46799999999996,inf,415.46799999999996,336.399,336.399
256,T3,BESTEFFORT,COMPLETED,m7-1,229.853,"{'m1-1': 26.94, 'm2-1': 105.05, 'm3-1': 24.48, 'm4-1': 10.02, 'm5-1': 11.19, 'm6-1': 112.5, 'm7-1': 5.57, 'm8-1': 4.95}",8.355,332.23600000000016,337.80600000000015,inf,339.853,339.853
257,T2,BESTEFFORT,COMPLETED,m4-1,230.962,"{'m1-1': 26.46, 'm2-1': 101.94, 'm3-1': 24.39, 'm4-1': 11.19, 'm5-1': 10.18, 'm6-1': 111.04, 'm7-1': 5.45, 'm8-1': 4.98}",16.785,329.5930000000001,340.7830000000001,inf,340.962,340.962
258,T3,BESTEFFORT,MISSED,m6-1,231.475,"{'m1-1': 23.25, 'm2-1': 97.79, 'm3-1': 24.74, 'm4-1': 10.87, 'm5-1': 10.07, 'm6-1': 103.91, 'm7-1': 5.02, 'm8-1': 5.14}",0.0,415.46799999999996,inf,415.46799999999996,341.475,341.475
259,T4,BESTEFFORT,COMPLETED,m8-1,232.089,"{'m1-1': 25.69, 'm2-1': 106.7, 'm3-1': 26.19, 'm4-1': 9.87, 'm5-1': 11.06, 'm6-1': 101.9, 'm7-1': 4.81, 'm8-1': 4.97}",7.455,333.58500000000004,338.55500000000006,inf,342.089,342.089
260,T2,BESTEFFORT,CANCELLED,,232.701,"{'m1-1': 28.34, 'm2-1': 95.19, 'm3-1': 27.09, 'm4-1': 11.43, 'm5-1': 10.62, 'm6-1': 111.92, 'm7-1': 5.55, 'm8-1': 4.88}",0.0,inf,inf,inf,342.701,342.701
261,T1,BESTEFFORT,CANCELLED,,233.918,"{'m1-1': 27.3, 'm2-1': 103.2, 'm3-1': 25.84, 'm4-1': 11.03, 'm5-1': 11.27, 'm6-1': 99.39, 'm7-1': 5.28, 'm8-1': 4.98}",0.0,inf,inf,inf,343.918,343.918
262,T3,BESTEFFORT,COMPLETED,m7-1,234.234,"{'m1-1': 24.25, 'm2-1': 103.71, 'm3-1': 24.3, 'm4-1': 11.0, 'm5-1': 9.67, 'm6-1': 105.17, 'm7-1': 5.11, 'm8-1': 4.85}",7.665000000000001,337.80600000000015,342.91600000000017,inf,344.23400000000004,344.23400000000004
263,T4,BESTEFFORT,COMPLETED,m5-1,234.571,"{'m1-1': 28.45, 'm2-1': 100.45, 'm3-1': 25.34, 'm4-1': 10.17, 'm5-1': 10.46, 'm6-1': 104.41, 'm7-1': 4.94, 'm8-1': 5.29}",15.690000000000001,333.46000000000004,343.92,inf,344.571,344.571
264,T6,BESTEFFORT,MISSED,m2-1,235.616,"{'m1-1': 25.05, 'm2-1': 98.72, 'm3-1': 24.45, 'm4-1': 10.24, 'm5-1': 9.87, 'm6-1': 115.15, 'm7-1': 5.18, 'm8-1': 4.99}",0.0,411.67,inf,411.67,345.616,345.616
265,T7,BESTEFFORT,COMPLETED,m8-1,236.471,"{'m1-1': 24.04, 'm2-1': 96.84, 'm3-1': 24.07, 'm4-1': 10.39, 'm5-1': 10.21, 'm6-1': 100.13, 'm7-1': 4.98, 'm8-1': 5.45}",8.175,338.55500000000006,344.00500000000005,inf,346.471,346.471
266,T10,BESTEFFORT,CANCELLED,,236.785,"{'m1-1': 26.02, 'm2-1': 102.25, 'm3-1': 25.8, 'm4-1': 10.35, 'm5-1': 10.46, 'm6-1': 113.08, 'm7-1': 5.02, 'm8-1': 4.88}",0.0,inf,inf,inf,346.78499999999997,346.78499999999997
267,T1,BESTEFFORT,CANCELLED,,236.798,"{'m1-1': 27.83, 'm2-1': 110.23, 'm3-1': 24.75, 'm4-1': 10.26, 'm5-1': 10.52, 'm6-1': 106.71, 'm7-1': 5.16, 'm8-1': 5.36}",0.0,inf,inf,inf,346.798,346.798
268,T3,BESTEFFORT,CANCELLED,,238.268,"{'m1-1': 23.1, 'm2-1': 94.06, 'm3-1': 25.86, 'm4-1': 10.46, 'm5-1': 10.75, 'm6-1': 104.36, 'm7-1': 5.51, 'm8-1': 4.83}",0.0,inf,inf,inf,348.26800000000003,348.26800000000003
269,T2,BESTEFFORT,COMPLETED,m4-1,241.189,"{'m1-1': 28.14, 'm2-1': 112.83, 'm3-1': 25.76, 'm4-1': 10.09, 'm5-1': 9.83, 'm6-1': 98.27, 'm7-1': 5.23, 'm8-1': 5.53}",15.135,340.7830000000001,350.87300000000005,inf,351.18899999999996,351.18899999999996
270,T7,BESTEFFORT,MISSED,m1-1,241.667,"{'m1-1': 27.94, 'm2-1': 104.33, 'm3-1': 24.83, 'm4-1': 11.52, 'm5-1': 9.76, 'm6-1': 107.72, 'm7-1': 4.8, 'm8-1': 5.05}",41.584500000000105,323.94399999999996,inf,351.66700000000003,351.66700000000003,351.66700000000003
271,T10,BESTEFFORT,MISSED,m3-1,244.606,"{'m1-1': 28.49, 'm2-1': 112.2, 'm3-1': 27.27, 'm4-1': 10.93, 'm5-1': 10.71, 'm6-1': 110.83, 'm7-1': 5.31, 'm8-1': 5.03}",40.5509999999999,327.57200000000006,inf,354.606,354.606,354.606
272,T8,BESTEFFORT,COMPLETED,m7-1,245.799,"{'m1-1': 28.37, 'm2-1': 109.69, 'm3-1': 24.24, 'm4-1': 10.08, 'm5-1': 10.65, 'm6-1': 109.57, 'm7-1': 5.37, 'm8-1': 5.19}",8.055,342.91600000000017,348.2860000000002,inf,355.799,355.799
273,T7,BESTEFFORT,COMPLETED,m5-1,245.913,"{'m1-1': 26.7, 'm2-1': 101.49, 'm3-1': 23.54, 'm4-1': 11.14, 'm5-1': 10.88, 'm6-1': 108.41, 'm7-1': 4.7, 'm8-1': 4.9}",16.32,343.92,354.8,inf,355.913,355.913
274,T2,BESTEFFORT,COMPLETED,m8-1,246.235,"{'m1-1': 27.59, 'm2-1': 97.22, 'm3-1': 27.83, 'm4-1': 10.89, 'm5-1': 10.83, 'm6-1': 100.5, 'm7-1': 5.55, 'm8-1': 4.84}",7.26,344.00500000000005,348.845,inf,356.235,356.235
275,T6,BESTEFFORT,COMPLETED,m7-1,247.417,"{'m1-1': 24.41, 'm2-1': 110.25, 'm3-1': 27.52, 'm4-1': 10.87, 'm5-1': 9.61, 'm6-1': 114.54, 'm7-1': 5.26, 'm8-1': 5.55}",7.89,348.2860000000002,353.54600000000016,inf,357.41700000000003,357.41700000000003
276,T8,BESTEFFORT,COMPLETED,m8-1,248.115,"{'m1-1': 27.82, 'm2-1': 111.77, 'm3-1': 25.58, 'm4-1': 10.18, 'm5-1': 10.73, 'm6-1': 117.1, 'm7-1': 5.12, 'm8-1': 5.23}",7.845000000000001,348.845,354.07500000000005,inf,358.115,358.115
277,T8,BESTEFFORT,COMPLETED,m7-1,249.189,"{'m1-1': 28.13, 'm2-1': 109.2, 'm3-1': 26.81, 'm4-1': 10.98, 'm5-1': 11.91, 'm6-1': 117.09, 'm7-1': 5.23, 'm8-1': 5.44}",7.845000000000001,353.54600000000016,358.7760000000002,inf,359.18899999999996,359.18899999999996
278,T6,BESTEFFORT,MISSED,m8-1,249.451,"{'m1-1': 24.31, 'm2-1': 100.09, 'm3-1': 26.61, 'm4-1': 10.31, 'm5-1': 10.63, 'm6-1': 100.39, 'm7-1': 5.62, 'm8-1': 5.64}",8.063999999999965,354.07500000000005,inf,359.451,359.451,359.451
279,T10,BESTEFFORT,CANCELLED,,250.497,"{'m1-1': 25.0, 'm2-1': 103.62, 'm3-1': 25.9, 'm4-1': 10.39, 'm5-1': 11.34, 'm6-1': 108.12, 'm7-1': 4.98, 'm8-1': 4.91}",0.0,inf,inf,inf,360.497,360.497
280,T8,BESTEFFORT,CANCELLED,,250.559,"{'m1-1': 27.0, 'm2-1': 100.7, 'm3-1': 22.96, 'm4-1': 9.58, 'm5-1': 11.61, 'm6-1': 115.39, 'm7-1': 4.79, 'm8-1': 5.36}",0.0,inf,inf,inf,360.55899999999997,360.55899999999997
281,T9,BESTEFFORT,CANCELLED,,251.894,"{'m1-1': 25.65, 'm2-1': 93.92, 'm3-1': 28.0, 'm4-1': 10.94, 'm5-1': 10.15, 'm6-1': 95.91, 'm7-1': 5.39, 'm8-1': 5.44}",0.0,inf,inf,inf,361.894,361.894
282,T8,BESTEFFORT,CANCELLED,,252.378,"{'m1-1': 26.51, 'm2-1': 105.91, 'm3-1': 23.27, 'm4-1': 10.96, 'm5-1': 11.1, 'm6-1': 108.93, 'm7-1': 5.09, 'm8-1': 5.6}",0.0,inf,inf,inf,362.378,362.378
283,T2,BESTEFFORT,COMPLETED,m4-1,252.611,"{'m1-1': 27.71, 'm2-1': 96.98, 'm3-1': 24.8, 'm4-1': 10.59, 'm5-1': 10.35, 'm6-1': 97.88, 'm7-1': 5.43, 'm8-1': 4.97}",15.885,350.87300000000005,361.463,inf,362.611,362.611
284,T10,BESTEFFORT,CANCELLED,,253.051,"{'m1-1': 28.62, 'm2-1': 98.89, 'm3-1': 26.17, 'm4-1': 9.91, 'm5-1': 11.2, 'm6-1': 104.91, 'm7-1': 4.96, 'm8-1': 5.38}",0.0,inf,inf,inf,363.051,363.051
285,T9,BESTEFFORT,MISSED,m7-1,253.355,"{'m1-1': 27.38, 'm2-1': 97.35, 'm3-1': 28.6, 'm4-1': 9.95, 'm5-1': 9.88, 'm6-1': 101.86, 'm7-1': 5.32, 'm8-1': 4.82}",6.868499999999756,358.7760000000002,inf,363.355,363.355,363.355
286,T8,BESTEFFORT,CANCELLED,,253.98,"{'m1-1': 26.51, 'm2-1': 99.97, 'm3-1': 26.59, 'm4-1': 10.22, 'm5-1': 10.44, 'm6-1': 111.26, 'm7-1': 5.37, 'm8-1': 5.7}",0.0,inf,inf,inf,363.98,363.98
287,T3,BESTEFFORT,MISSED,m8-1,254.632,"{'m1-1': 26.7, 'm2-1': 105.79, 'm3-1': 26.76, 'm4-1': 9.54, 'm5-1': 10.28, 'm6-1': 102.44, 'm7-1': 5.58, 'm8-1': 5.28}",7.771499999999975,359.451,inf,364.632,364.632,364.632
288,T9,BESTEFFORT,CANCELLED,,256.951,"{'m1-1': 27.35, 'm2-1': 109.76, 'm3-1': 25.04, 'm4-1': 10.72, 'm5-1': 11.15, 'm6-1': 109.32, 'm7-1': 4.88, 'm8-1': 5.15}",0.0,inf,inf,inf,366.951,366.951
289,T2,BESTEFFORT,CANCELLED,,257.063,"{'m1-1': 26.21, 'm2-1': 108.64, 'm3-1': 25.01, 'm4-1': 10.83, 'm5-1': 9.72, 'm6-1': 113.58, 'm7-1': 4.9, 'm8-1': 5.67}",0.0,inf,inf,inf,367.063,367.063
290,T2,BESTEFFORT,COMPLETED,m5-1,257.515,"{'m1-1': 25.52, 'm2-1': 112.7, 'm3-1': 27.58, 'm4-1': 10.57, 'm5-1': 11.29, 'm6-1': 108.42, 'm7-1': 4.93, 'm8-1': 5.38}",16.935,354.8,366.09000000000003,inf,367.515,367.515
291,T2,BESTEFFORT,CANCELLED,,257.841,"{'m1-1': 26.88, 'm2-1': 96.09, 'm3-1': 25.92, 'm4-1': 10.65, 'm5-1': 10.05, 'm6-1': 112.75, 'm7-1': 5.48, 'm8-1': 5.44}",0.0,inf,inf,inf,367.841,367.841
292,T10,BESTEFFORT,CANCELLED,,258.135,"{'m1-1': 28.46, 'm2-1': 112.26, 'm3-1': 28.65, 'm4-1': 9.7, 'm5-1': 10.08, 'm6-1': 102.97, 'm7-1': 4.99, 'm8-1': 4.82}",0.0,inf,inf,inf,368.135,368.135
293,T8,BESTEFFORT,CANCELLED,,258.214,"{'m1-1': 28.84, 'm2-1': 112.97, 'm3-1': 25.6, 'm4-1': 10.53, 'm5-1': 10.08, 'm6-1': 112.8, 'm7-1': 5.2, 'm8-1': 5.44}",0.0,inf,inf,inf,368.214,368.214
294,T3,BESTEFFORT,COMPLETED,m8-1,261.591,"{'m1-1': 24.43, 'm2-1': 93.84, 'm3-1': 25.57, 'm4-1': 10.11, 'm5-1': 10.96, 'm6-1': 96.15, 'm7-1': 4.92, 'm8-1': 5.52}",8.28,364.632,370.152,inf,371.591,371.591
295,T9,BESTEFFORT,COMPLETED,m7-1,261.711,"{'m1-1': 28.31, 'm2-1': 96.92, 'm3-1': 29.31, 'm4-1': 9.94, 'm5-1': 11.03, 'm6-1': 96.31, 'm7-1': 5.12, 'm8-1': 4.74}",7.68,363.355,368.475,inf,371.711,371.711
296,T3,BESTEFFORT,MISSED,m1-1,266.929,"{'m1-1': 26.6, 'm2-1': 96.11, 'm3-1': 26.33, 'm4-1': 9.6, 'm5-1': 10.79, 'm6-1': 102.29, 'm7-1': 5.82, 'm8-1': 4.88}",37.892999999999915,351.66700000000003,inf,376.929,376.929,376.929
297,T3,BESTEFFORT,COMPLETED,m4-1,267.111,"{'m1-1': 23.35, 'm2-1': 104.8, 'm3-1': 27.62, 'm4-1': 9.99, 'm5-1': 11.32, 'm6-1': 104.26, 'm7-1': 5.02, 'm8-1': 5.2}",14.985,361.463,371.45300000000003,inf,377.111,377.111
298,T3,BESTEFFORT,COMPLETED,m5-1,270.56,"{'m1-1': 27.12, 'm2-1': 107.28, 'm3-1': 24.53, 'm4-1': 9.38, 'm5-1': 11.21, 'm6-1': 97.08, 'm7-1': 5.31, 'm8-1': 5.55}",16.815,366.09000000000003,377.3,inf,380.56,380.56
299,T6,BESTEFFORT,COMPLETED,m3-1,271.258,"{'m1-1': 24.86, 'm2-1': 102.37, 'm3-1': 25.27, 'm4-1': 10.29, 'm5-1': 9.49, 'm6-1': 100.04, 'm7-1': 5.14, 'm8-1': 4.94}",37.905,354.606,379.876,inf,381.258,381.258
300,T1,BESTEFFORT,COMPLETED,m7-1,271.263,"{'m1-1': 26.64, 'm2-1': 109.87, 'm3-1': 27.96, 'm4-1': 10.86, 'm5-1': 9.74, 'm6-1': 109.97, 'm7-1': 4.74, 'm8-1': 5.32}",7.11,368.475,373.21500000000003,inf,381.263,381.263
301,T9,BESTEFFORT,COMPLETED,m7-1,272.465,"{'m1-1': 25.75, 'm2-1': 108.8, 'm3-1': 25.38, 'm4-1': 11.37, 'm5-1': 10.05, 'm6-1': 109.03, 'm7-1': 5.42, 'm8-1': 5.24}",8.129999999999999,373.21500000000003,378.63500000000005,inf,382.465,382.465
302,T8,BESTEFFORT,COMPLETED,m8-1,272.899,"{'m1-1': 28.36, 'm2-1': 109.87, 'm3-1': 24.98, 'm4-1': 11.17, 'm5-1': 10.44, 'm6-1': 114.29, 'm7-1': 4.67, 'm8-1': 5.36}",8.040000000000001,370.152,375.512,inf,382.899,382.899
303,T9,BESTEFFORT,COMPLETED,m8-1,273.839,"{'m1-1': 25.22, 'm2-1': 106.85, 'm3-1': 26.31, 'm4-1': 10.5, 'm5-1': 10.45, 'm6-1': 103.34, 'm7-1': 5.22, 'm8-1': 4.89}",7.334999999999999,375.512,380.402,inf,383.839,383.839
304,T3,BESTEFFORT,COMPLETED,m4-1,273.855,"{'m1-1': 24.99, 'm2-1': 108.27, 'm3-1': 26.26, 'm4-1': 10.59, 'm5-1': 10.58, 'm6-1': 103.91, 'm7-1': 5.51, 'm8-1': 5.23}",15.885,371.45300000000003,382.043,inf,383.855,383.855
305,T7,BESTEFFORT,MISSED,m5-1,276.174,"{'m1-1': 24.12, 'm2-1': 103.73, 'm3-1': 24.05, 'm4-1': 10.56, 'm5-1': 10.19, 'm6-1': 113.36, 'm7-1': 4.67, 'm8-1': 5.51}",13.31099999999995,377.3,inf,386.174,386.174,386.174
306,T10,BESTEFFORT,COMPLETED,m7-1,276.45,"{'m1-1': 24.31, 'm2-1': 113.04, 'm3-1': 26.55, 'm4-1': 10.29, 'm5-1': 10.56, 'm6-1': 106.42, 'm7-1': 4.84, 'm8-1': 4.92}",7.26,378.63500000000005,383.475,inf,386.45,386.45
307,T5,BESTEFFORT,COMPLETED,m7-1,279.455,"{'m1-1': 28.41, 'm2-1': 104.11, 'm3-1': 23.65, 'm4-1': 11.25, 'm5-1': 11.29, 'm6-1': 119.11, 'm7-1': 5.8, 'm8-1': 4.88}",8.7,383.475,389.27500000000003,inf,389.455,389.455
308,T2,BESTEFFORT,COMPLETED,m8-1,279.537,"{'m1-1': 26.84, 'm2-1': 110.19, 'm3-1': 27.76, 'm4-1': 11.65, 'm5-1': 10.68, 'm6-1': 111.13, 'm7-1': 5.02, 'm8-1': 4.93}",7.395,380.402,385.332,inf,389.537,389.537
309,T6,BESTEFFORT,CANCELLED,,279.581,"{'m1-1': 23.04, 'm2-1': 109.93, 'm3-1': 26.24, 'm4-1': 10.6, 'm5-1': 10.24, 'm6-1': 113.5, 'm7-1': 5.31, 'm8-1': 5.64}",0.0,inf,inf,inf,389.581,389.581
310,T9,BESTEFFORT,CANCELLED,,280.215,"{'m1-1': 24.85, 'm2-1': 110.57, 'm3-1': 27.25, 'm4-1': 10.56, 'm5-1': 9.95, 'm6-1': 110.67, 'm7-1': 5.31, 'm8-1': 4.9}",0.0,inf,inf,inf,390.215,390.215
311,T5,BESTEFFORT,CANCELLED,,281.283,"{'m1-1': 29.27, 'm2-1': 103.84, 'm3-1': 24.38, 'm4-1': 11.28, 'm5-1': 10.23, 'm6-1': 114.76, 'm7-1': 5.53, 'm8-1': 4.77}",0.0,inf,inf,inf,391.283,391.283
312,T1,BESTEFFORT,COMPLETED,m4-1,284.171,"{'m1-1': 29.42, 'm2-1': 99.27, 'm3-1': 25.64, 'm4-1': 11.1, 'm5-1': 9.64, 'm6-1': 98.17, 'm7-1': 4.61, 'm8-1': 4.89}",16.65,382.043,393.14300000000003,inf,394.171,394.171
313,T1,BESTEFFORT,COMPLETED,m7-1,286.22,"{'m1-1': 27.79, 'm2-1': 111.29, 'm3-1': 24.27, 'm4-1': 11.76, 'm5-1': 11.34, 'm6-1': 114.28, 'm7-1': 5.45, 'm8-1': 5.65}",8.175,389.27500000000003,394.725,inf,396.22,396.22
314,T10,BESTEFFORT,COMPLETED,m8-1,286.295,"{'m1-1': 27.54, 'm2-1': 107.66, 'm3-1': 27.57, 'm4-1': 10.07, 'm5-1': 10.26, 'm6-1': 115.03, 'm7-1': 5.23, 'm8-1': 5.62}",8.43,385.332,390.952,inf,396.295,396.295
315,T4,BESTEFFORT,COMPLETED,m5-1,287.164,"{'m1-1': 28.66, 'm2-1': 102.12, 'm3-1': 24.01, 'm4-1': 10.34, 'm5-1': 10.63, 'm6-1': 99.97, 'm7-1': 5.34, 'm8-1': 5.43}",15.945,386.174,396.804,inf,397.164,397.164
316,T1,BESTEFFORT,COMPLETED,m8-1,288.054,"{'m1-1': 25.29, 'm2-1': 100.43, 'm3-1': 27.59, 'm4-1': 11.3, 'm5-1': 10.3, 'm6-1': 97.7, 'm7-1': 4.68, 'm8-1': 5.34}",8.01,390.952,396.292,inf,398.054,398.054
317,T3,BESTEFFORT,CANCELLED,,289.508,"{'m1-1': 23.08, 'm2-1': 98.34, 'm3-1': 27.18, 'm4-1': 10.42, 'm5-1': 10.28, 'm6-1': 105.05, 'm7-1': 5.27, 'm8-1': 5.46}",0.0,inf,inf,inf,399.508,399.508
318,T6,BESTEFFORT,COMPLETED,m7-1,290.647,"{'m1-1': 23.64, 'm2-1': 102.78, 'm3-1': 27.68, 'm4-1': 10.44, 'm5-1': 10.4, 'm6-1': 102.33, 'm7-1': 5.34, 'm8-1': 5.49}",8.01,394.725,400.065,inf,400.647,400.647
319,T6,BESTEFFORT,CANCELLED,,290.933,"{'m1-1': 23.71, 'm2-1': 102.51, 'm3-1': 24.62, 'm4-1': 11.06, 'm5-1': 10.53, 'm6-1': 109.28, 'm7-1': 5.72, 'm8-1': 5.31}",0.0,inf,inf,inf,400.933,400.933
320,T1,BESTEFFORT,CANCELLED,,291.801,"{'m1-1': 26.24, 'm2-1': 98.33, 'm3-1': 24.13, 'm4-1': 10.44, 'm5-1': 10.95, 'm6-1': 108.36, 'm7-1': 4.93, 'm8-1': 5.07}",0.0,inf,inf,inf,401.801,401.801
321,T7,BESTEFFORT,COMPLETED,m8-1,292.251,"{'m1-1': 24.38, 'm2-1': 98.21, 'm3-1': 26.23, 'm4-1': 11.82, 'm5-1': 9.31, 'm6-1': 109.3, 'm7-1': 5.28, 'm8-1': 5.07}",7.605,396.292,401.36199999999997,inf,402.251,402.251
322,T3,BESTEFFORT,MISSED,m1-1,292.729,"{'m1-1': 27.37, 'm2-1': 94.64, 'm3-1': 24.28, 'm4-1': 9.63, 'm5-1': 10.51, 'm6-1': 102.92, 'm7-1': 5.48, 'm8-1': 5.27}",38.70000000000002,376.929,inf,402.729,402.729,402.729
323,T5,BESTEFFORT,MISSED,m4-1,292.899,"{'m1-1': 26.63, 'm2-1': 108.7, 'm3-1': 27.39, 'm4-1': 11.09, 'm5-1': 9.54, 'm6-1': 108.2, 'm7-1': 5.36, 'm8-1': 5.55}",14.633999999999958,393.14300000000003,inf,402.899,402.899,402.899
324,T1,BESTEFFORT,CANCELLED,,293.128,"{'m1-1': 26.09, 'm2-1': 95.87, 'm3-1': 26.04, 'm4-1': 11.39, 'm5-1': 10.0, 'm6-1': 110.7, 'm7-1': 4.67, 'm8-1': 5.07}",0.0,inf,inf,inf,403.128,403.128
325,T8,BESTEFFORT,COMPLETED,m3-1,296.478,"{'m1-1': 25.61, 'm2-1': 107.71, 'm3-1': 26.58, 'm4-1': 10.58, 'm5-1': 10.92, 'm6-1': 108.23, 'm7-1': 5.27, 'm8-1': 5.18}",39.87,379.876,406.45599999999996,inf,406.478,406.478
326,T6,BESTEFFORT,COMPLETED,m7-1,296.729,"{'m1-1': 23.58, 'm2-1': 114.3, 'm3-1': 24.17, 'm4-1': 9.85, 'm5-1': 10.52, 'm6-1': 110.22, 'm7-1': 5.74, 'm8-1': 5.31}",8.61,400.065,405.805,inf,406.729,406.729
327,T4,BESTEFFORT,COMPLETED,m5-1,297.181,"{'m1-1': 28.53, 'm2-1': 113.84, 'm3-1': 25.59, 'm4-1': 9.8, 'm5-1': 10.18, 'm6-1': 109.81, 'm7-1': 5.4, 'm8-1': 5.81}",15.27,396.804,406.984,inf,407.181,407.181
328,T7,BESTEFFORT,MISSED,m2-1,301.67,"{'m1-1': 24.45, 'm2-1': 94.85, 'm3-1': 23.88, 'm4-1': 10.13, 'm5-1': 10.93, 'm6-1': 101.59, 'm7-1': 5.06, 'm8-1': 5.04}",140.71950000000007,317.85699999999997,inf,411.67,411.67,411.67
329,T8,BESTEFFORT,COMPLETED,m8-1,301.905,"{'m1-1': 26.93, 'm2-1': 108.89, 'm3-1': 22.99, 'm4-1': 9.67, 'm5-1': 10.02, 'm6-1': 106.03, 'm7-1': 5.46, 'm8-1': 5.32}",7.98,401.36199999999997,406.68199999999996,inf,411.905,411.905
330,T8,BESTEFFORT,COMPLETED,m7-1,303.125,"{'m1-1': 28.55, 'm2-1': 108.52, 'm3-1': 25.74, 'm4-1': 10.85, 'm5-1': 10.34, 'm6-1': 111.47, 'm7-1': 5.18, 'm8-1': 5.37}",7.77,405.805,410.985,inf,413.125,413.125
331,T1,BESTEFFORT,COMPLETED,m4-1,303.991,"{'m1-1': 28.64, 'm2-1': 103.43, 'm3-1': 25.9, 'm4-1': 11.07, 'm5-1': 10.82, 'm6-1': 105.66, 'm7-1': 4.67, 'm8-1': 5.09}",16.605,402.899,413.969,inf,413.991,413.991
332,T8,BESTEFFORT,COMPLETED,m8-1,305.874,"{'m1-1': 26.35, 'm2-1': 95.96, 'm3-1': 23.27, 'm4-1': 9.68, 'm5-1': 10.27, 'm6-1': 102.75, 'm7-1': 5.35, 'm8-1': 5.54}",8.31,406.68199999999996,412.222,inf,415.874,415.874
333,T10,BESTEFFORT,COMPLETED,m5-1,308.497,"{'m1-1': 26.18, 'm2-1': 107.88, 'm3-1': 26.92, 'm4-1': 10.72, 'm5-1': 9.58, 'm6-1': 98.86, 'm7-1': 5.42, 'm8-1': 4.92}",14.370000000000001,406.984,416.56399999999996,inf,418.497,418.497
334,T2,BESTEFFORT,COMPLETED,m7-1,311.783,"{'m1-1': 26.84, 'm2-1': 107.54, 'm3-1': 27.98, 'm4-1': 11.41, 'm5-1': 10.36, 'm6-1': 109.18, 'm7-1': 5.2, 'm8-1': 4.93}",7.800000000000001,410.985,416.185,inf,421.783,421.783
335,T7,BESTEFFORT,COMPLETED,m8-1,313.332,"{'m1-1': 26.89, 'm2-1': 95.45, 'm3-1': 25.26, 'm4-1': 10.82, 'm5-1': 10.85, 'm6-1': 109.42, 'm7-1': 5.0, 'm8-1': 4.94}",7.41,412.222,417.162,inf,423.332,423.332
336,T9,BESTEFFORT,COMPLETED,m8-1,313.453,"{'m1-1': 29.25, 'm2-1': 103.45, 'm3-1': 25.97, 'm4-1': 11.33, 'm5-1': 10.51, 'm6-1': 104.13, 'm7-1': 4.87, 'm8-1': 4.73}",7.095000000000001,417.162,421.892,inf,423.453,423.453
337,T3,BESTEFFORT,COMPLETED,m7-1,313.566,"{'m1-1': 23.57, 'm2-1': 101.4, 'm3-1': 28.33, 'm4-1': 9.5, 'm5-1': 11.23, 'm6-1': 107.52, 'm7-1': 5.08, 'm8-1': 5.28}",7.62,416.185,421.265,inf,423.566,423.566
338,T3,BESTEFFORT,COMPLETED,m6-1,313.952,"{'m1-1': 24.96, 'm2-1': 97.34, 'm3-1': 25.42, 'm4-1': 9.77, 'm5-1': 10.46, 'm6-1': 97.66, 'm7-1': 5.42, 'm8-1': 5.52}",146.49,317.808,415.46799999999996,inf,423.952,423.952
339,T1,BESTEFFORT,MISSED,m2-1,314.342,"{'m1-1': 29.35, 'm2-1': 110.03, 'm3-1': 25.99, 'm4-1': 11.28, 'm5-1': 10.59, 'm6-1': 104.53, 'm7-1': 5.45, 'm8-1': 5.52}",0.0,444.824,inf,444.824,424.342,424.342
340,T5,BESTEFFORT,COMPLETED,m4-1,315.395,"{'m1-1': 28.04, 'm2-1': 106.17, 'm3-1': 26.87, 'm4-1': 10.05, 'm5-1': 9.56, 'm6-1': 103.53, 'm7-1': 5.05, 'm8-1': 4.73}",15.075000000000001,413.969,424.019,inf,425.395,425.395
341,T1,BESTEFFORT,MISSED,m7-1,316.186,"{'m1-1': 28.51, 'm2-1': 112.35, 'm3-1': 24.14, 'm4-1': 11.79, 'm5-1': 9.82, 'm6-1': 101.81, 'm7-1': 5.29, 'm8-1': 5.52}",7.381499999999988,421.265,inf,426.186,426.186,426.186
342,T7,BESTEFFORT,CANCELLED,,316.718,"{'m1-1': 25.69, 'm2-1': 109.03, 'm3-1': 26.01, 'm4-1': 10.28, 'm5-1': 10.2, 'm6-1': 104.4, 'm7-1': 5.17, 'm8-1': 5.54}",0.0,inf,inf,inf,426.718,426.718
343,T5,BESTEFFORT,MISSED,m6-1,316.809,"{'m1-1': 29.49, 'm2-1': 102.94, 'm3-1': 27.61, 'm4-1': 10.73, 'm5-1': 10.41, 'm6-1': 103.76, 'm7-1': 5.05, 'm8-1': 4.73}",0.0,454.347,inf,454.347,426.809,426.809
344,T5,BESTEFFORT,COMPLETED,m5-1,318.057,"{'m1-1': 25.94, 'm2-1': 104.98, 'm3-1': 27.62, 'm4-1': 9.91, 'm5-1': 10.32, 'm6-1': 104.29, 'm7-1': 5.13, 'm8-1': 4.84}",15.48,416.56399999999996,426.88399999999996,inf,428.057,428.057
345,T7,BESTEFFORT,COMPLETED,m8-1,318.156,"{'m1-1': 25.09, 'm2-1': 105.67, 'm3-1': 25.73, 'm4-1': 10.02, 'm5-1': 10.44, 'm6-1': 110.61, 'm7-1': 4.76, 'm8-1': 5.27}",7.904999999999999,421.892,427.162,inf,428.156,428.156
346,T4,BESTEFFORT,CANCELLED,,318.189,"{'m1-1': 28.57, 'm2-1': 116.76, 'm3-1': 24.32, 'm4-1': 10.86, 'm5-1': 11.29, 'm6-1': 107.55, 'm7-1': 5.56, 'm8-1': 5.33}",0.0,inf,inf,inf,428.189,428.189
347,T1,BESTEFFORT,MISSED,m2-1,318.557,"{'m1-1': 27.79, 'm2-1': 111.88, 'm3-1': 27.87, 'm4-1': 11.01, 'm5-1': 10.59, 'm6-1': 108.84, 'm7-1': 4.76, 'm8-1': 4.86}",0.0,444.824,inf,444.824,428.557,428.557
348,T8,BESTEFFORT,MISSED,m1-1,319.588,"{'m1-1': 27.54, 'm2-1': 99.73, 'm3-1': 25.42, 'm4-1': 9.73, 'm5-1': 11.74, 'm6-1': 101.36, 'm7-1': 4.97, 'm8-1': 5.38}",40.288500000000056,402.729,inf,429.588,429.588,429.588
349,T7,BESTEFFORT,MISSED,m6-1,320.068,"{'m1-1': 28.32, 'm2-1': 94.56, 'm3-1': 23.98, 'm4-1': 10.49, 'm5-1': 10.84, 'm6-1': 111.75, 'm7-1': 4.7, 'm8-1': 5.55}",0.0,454.347,inf,454.347,430.068,430.068
350,T8,BESTEFFORT,MISSED,m2-1,320.25,"{'m1-1': 27.7, 'm2-1': 105.13, 'm3-1': 22.94, 'm4-1': 10.16, 'm5-1': 11.29, 'm6-1': 103.23, 'm7-1': 4.93, 'm8-1': 5.45}",0.0,444.824,inf,444.824,430.25,430.25
351,T5,BESTEFFORT,MISSED,m6-1,321.154,"{'m1-1': 27.99, 'm2-1': 99.55, 'm3-1': 25.83, 'm4-1': 11.31, 'm5-1': 9.94, 'm6-1': 106.1, 'm7-1': 4.98, 'm8-1': 5.34}",0.0,454.347,inf,454.347,431.154,431.154
352,T6,BESTEFFORT,MISSED,m3-1,321.319,"{'m1-1': 25.42, 'm2-1': 110.86, 'm3-1': 26.32, 'm4-1': 10.9, 'm5-1': 10.74, 'm6-1': 107.25, 'm7-1': 5.3, 'm8-1': 5.43}",37.294500000000085,406.45599999999996,inf,431.319,431.319,431.319
353,T6,BESTEFFORT,COMPLETED,m7-1,323.529,"{'m1-1': 25.88, 'm2-1': 97.98, 'm3-1': 26.13, 'm4-1': 9.54, 'm5-1': 10.64, 'm6-1': 108.94, 'm7-1': 5.59, 'm8-1': 5.17}",8.385,426.186,431.77599999999995,inf,433.529,433.529
354,T10,BESTEFFORT,COMPLETED,m4-1,324.923,"{'m1-1': 26.66, 'm2-1': 108.48, 'm3-1': 25.8, 'm4-1': 10.12, 'm5-1': 10.41, 'm6-1': 103.96, 'm7-1': 5.21, 'm8-1': 5.54}",15.18,424.019,434.139,inf,434.923,434.923
355,T9,BESTEFFORT,COMPLETED,m8-1,326.777,"{'m1-1': 28.83, 'm2-1': 104.9, 'm3-1': 27.18, 'm4-1': 10.98, 'm5-1': 9.46, 'm6-1': 97.61, 'm7-1': 5.5, 'm8-1': 4.61}",6.915000000000001,427.162,431.772,inf,436.777,436.777
356,T2,BESTEFFORT,COMPLETED,m7-1,328.513,"{'m1-1': 26.64, 'm2-1': 99.87, 'm3-1': 28.44, 'm4-1': 10.02, 'm5-1': 10.85, 'm6-1': 99.05, 'm7-1': 4.73, 'm8-1': 5.37}",7.095000000000001,431.77599999999995,436.506,inf,438.513,438.513
357,T2,BESTEFFORT,COMPLETED,m5-1,329.078,"{'m1-1': 27.09, 'm2-1': 96.71, 'm3-1': 26.74, 'm4-1': 11.16, 'm5-1': 9.74, 'm6-1': 113.44, 'm7-1': 5.37, 'm8-1': 5.4}",14.61,426.88399999999996,436.62399999999997,inf,439.078,439.078
358,T5,BESTEFFORT,COMPLETED,m8-1,333.727,"{'m1-1': 28.64, 'm2-1': 107.06, 'm3-1': 26.01, 'm4-1': 10.1, 'm5-1': 9.58, 'm6-1': 101.79, 'm7-1': 5.44, 'm8-1': 5.2}",7.800000000000001,431.772,436.972,inf,443.727,443.727
359,T2,BESTEFFORT,MISSED,m2-1,334.824,"{'m1-1': 25.97, 'm2-1': 105.02, 'm3-1': 25.69, 'm4-1': 10.4, 'm5-1': 9.63, 'm6-1': 97.81, 'm7-1': 5.31, 'm8-1': 5.4}",49.730999999999995,411.67,inf,444.824,444.824,444.824
360,T2,BESTEFFORT,COMPLETED,m7-1,335.284,"{'m1-1': 24.77, 'm2-1': 96.56, 'm3-1': 25.3, 'm4-1': 11.46, 'm5-1': 10.62, 'm6-1': 113.58, 'm7-1': 5.29, 'm8-1': 4.88}",7.9350000000000005,436.506,441.796,inf,445.284,445.284
361,T9,BESTEFFORT,COMPLETED,m4-1,335.841,"{'m1-1': 26.7, 'm2-1': 109.63, 'm3-1': 25.95, 'm4-1': 11.19, 'm5-1': 10.46, 'm6-1': 106.24, 'm7-1': 5.54, 'm8-1': 5.44}",16.785,434.139,445.329,inf,445.841,445.841
362,T4,BESTEFFORT,COMPLETED,m8-1,336.045,"{'m1-1': 25.5, 'm2-1': 107.26, 'm3-1': 24.42, 'm4-1': 9.56, 'm5-1': 11.07, 'm6-1': 108.05, 'm7-1': 5.04, 'm8-1': 5.18}",7.77,436.972,442.152,inf,446.045,446.045
363,T3,BESTEFFORT,CANCELLED,,336.347,"{'m1-1': 23.65, 'm2-1': 98.22, 'm3-1': 24.3, 'm4-1': 9.68, 'm5-1': 10.95, 'm6-1': 105.04, 'm7-1': 5.47, 'm8-1': 5.6}",0.0,inf,inf,inf,446.347,446.347
364,T8,BESTEFFORT,MISSED,m2-1,336.399,"{'m1-1': 28.68, 'm2-1': 100.21, 'm3-1': 23.22, 'm4-1': 10.51, 'm5-1': 10.99, 'm6-1': 115.02, 'm7-1': 5.26, 'm8-1': 5.14}",0.0,540.669,inf,540.669,446.399,446.399
365,T9,BESTEFFORT,COMPLETED,m7-1,339.906,"{'m1-1': 25.71, 'm2-1': 96.96, 'm3-1': 28.56, 'm4-1': 9.7, 'm5-1': 10.85, 'm6-1': 111.27, 'm7-1': 5.69, 'm8-1': 5.43}",8.535,441.796,447.486,inf,449.906,449.906
366,T7,BESTEFFORT,COMPLETED,m8-1,339.971,"{'m1-1': 27.86, 'm2-1': 105.19, 'm3-1': 25.7, 'm4-1': 11.62, 'm5-1': 10.82, 'm6-1': 108.35, 'm7-1': 5.3, 'm8-1': 5.32}",7.98,442.152,447.472,inf,449.971,449.971
367,T4,BESTEFFORT,COMPLETED,m5-1,340.306,"{'m1-1': 28.31, 'm2-1': 100.27, 'm3-1': 25.98, 'm4-1': 9.22, 'm5-1': 11.39, 'm6-1': 108.76, 'm7-1': 5.35, 'm8-1': 5.43}",17.085,436.62399999999997,448.01399999999995,inf,450.306,450.306
368,T7,BESTEFFORT,CANCELLED,,341.94,"{'m1-1': 26.46, 'm2-1': 97.74, 'm3-1': 25.98, 'm4-1': 10.71, 'm5-1': 10.03, 'm6-1': 114.66, 'm7-1': 5.37, 'm8-1': 4.93}",0.0,inf,inf,inf,451.94,451.94
369,T10,BESTEFFORT,MISSED,m6-1,344.347,"{'m1-1': 28.4, 'm2-1': 108.28, 'm3-1': 24.67, 'm4-1': 10.75, 'm5-1': 10.11, 'm6-1': 100.82, 'm7-1': 5.25, 'm8-1': 4.88}",58.31850000000003,415.46799999999996,inf,454.347,454.347,454.347
370,T8,BESTEFFORT,COMPLETED,m8-1,344.375,"{'m1-1': 25.5, 'm2-1': 110.01, 'm3-1': 23.31, 'm4-1': 9.83, 'm5-1': 11.57, 'm6-1': 100.7, 'm7-1': 4.67, 'm8-1': 5.7}",8.55,447.472,453.17199999999997,inf,454.375,454.375
371,T3,BESTEFFORT,COMPLETED,m7-1,344.441,"{'m1-1': 26.74, 'm2-1': 108.77, 'm3-1': 27.22, 'm4-1': 10.76, 'm5-1': 10.09, 'm6-1': 107.79, 'm7-1': 5.68, 'm8-1': 5.59}",8.52,447.486,453.166,inf,454.441,454.441
372,T1,BESTEFFORT,MISSED,m6-1,344.635,"{'m1-1': 28.92, 'm2-1': 96.22, 'm3-1': 24.88, 'm4-1': 10.7, 'm5-1': 10.6, 'm6-1': 103.43, 'm7-1': 4.91, 'm8-1': 5.06}",0.0,546.024,inf,546.024,454.635,454.635
373,T9,BESTEFFORT,MISSED,m6-1,344.945,"{'m1-1': 28.94, 'm2-1': 93.83, 'm3-1': 28.4, 'm4-1': 10.88, 'm5-1': 9.83, 'm6-1': 99.76, 'm7-1': 5.6, 'm8-1': 4.94}",0.0,546.024,inf,546.024,454.945,454.945
374,T4,BESTEFFORT,MISSED,m1-1,345.203,"{'m1-1': 28.4, 'm2-1': 114.28, 'm3-1': 23.08, 'm4-1': 10.78, 'm5-1': 11.44, 'm6-1': 110.29, 'm7-1': 4.8, 'm8-1': 5.41}",38.42249999999993,429.588,inf,455.203,455.203,455.203
375,T2,BESTEFFORT,MISSED,m2-1,345.576,"{'m1-1': 26.88, 'm2-1': 98.57, 'm3-1': 27.05, 'm4-1': 11.35, 'm5-1': 9.77, 'm6-1': 111.34, 'm7-1': 5.31, 'm8-1': 4.89}",0.0,540.669,inf,540.669,455.576,455.576
376,T3,BESTEFFORT,COMPLETED,m4-1,345.9,"{'m1-1': 23.17, 'm2-1': 93.46, 'm3-1': 26.01, 'm4-1': 10.28, 'm5-1': 10.24, 'm6-1': 108.45, 'm7-1': 5.35, 'm8-1': 5.2}",15.419999999999998,445.329,455.609,inf,455.9,455.9
377,T8,BESTEFFORT,MISSED,m2-1,345.951,"{'m1-1': 27.1, 'm2-1': 104.61, 'm3-1': 23.56, 'm4-1': 10.89, 'm5-1': 10.81, 'm6-1': 99.26, 'm7-1': 5.2, 'm8-1': 5.48}",0.0,540.669,inf,540.669,455.951,455.951
378,T8,BESTEFFORT,COMPLETED,m3-1,348.226,"{'m1-1': 25.3, 'm2-1': 108.22, 'm3-1': 24.37, 'm4-1': 10.1, 'm5-1': 10.16, 'm6-1': 116.66, 'm7-1': 4.94, 'm8-1': 5.23}",36.555,431.319,455.689,inf,458.226,458.226
379,T9,BESTEFFORT,COMPLETED,m5-1,351.39,"{'m1-1': 26.8, 'm2-1': 101.65, 'm3-1': 26.53, 'm4-1': 10.31, 'm5-1': 9.9, 'm6-1': 95.74, 'm7-1': 5.43, 'm8-1': 5.21}",14.850000000000001,448.01399999999995,457.91399999999993,inf,461.39,461.39
380,T5,BESTEFFORT,COMPLETED,m7-1,351.774,"{'m1-1': 27.93, 'm2-1': 101.61, 'm3-1': 25.56, 'm4-1': 10.58, 'm5-1': 9.8, 'm6-1': 109.15, 'm7-1': 5.13, 'm8-1': 4.9}",7.695,453.166,458.296,inf,461.774,461.774
381,T8,BESTEFFORT,COMPLETED,m8-1,352.143,"{'m1-1': 27.46, 'm2-1': 99.34, 'm3-1': 24.73, 'm4-1': 10.16, 'm5-1': 11.49, 'm6-1': 117.26, 'm7-1': 5.34, 'm8-1': 5.4}",8.100000000000001,453.17199999999997,458.57199999999995,inf,462.143,462.143
382,T6,BESTEFFORT,MISSED,m4-1,354.846,"{'m1-1': 25.43, 'm2-1': 103.57, 'm3-1': 24.53, 'm4-1': 9.58, 'm5-1': 9.99, 'm6-1': 112.93, 'm7-1': 5.57, 'm8-1': 5.38}",13.855500000000035,455.609,inf,464.846,464.846,464.846
383,T2,BESTEFFORT,COMPLETED,m7-1,355.332,"{'m1-1': 25.62, 'm2-1': 105.5, 'm3-1': 26.21, 'm4-1': 11.17, 'm5-1': 10.07, 'm6-1': 98.69, 'm7-1': 5.16, 'm8-1': 5.34}",7.74,458.296,463.456,inf,465.332,465.332
384,T2,BESTEFFORT,COMPLETED,m8-1,355.924,"{'m1-1': 27.1, 'm2-1': 105.37, 'm3-1': 28.34, 'm4-1': 10.28, 'm5-1': 10.25, 'm6-1': 110.21, 'm7-1': 4.84, 'm8-1': 5.42}",8.129999999999999,458.57199999999995,463.99199999999996,inf,465.924,465.924
385,T9,BESTEFFORT,MISSED,m6-1,357.295,"{'m1-1': 26.18, 'm2-1': 94.24, 'm3-1': 28.58, 'm4-1': 11.24, 'm5-1': 10.32, 'm6-1': 100.86, 'm7-1': 4.83, 'm8-1': 4.8}",0.0,546.024,inf,546.024,467.295,467.295
386,T6,BESTEFFORT,CANCELLED,,357.624,"{'m1-1': 25.64, 'm2-1': 107.83, 'm3-1': 24.58, 'm4-1': 11.04, 'm5-1': 9.66, 'm6-1': 101.6, 'm7-1': 5.68, 'm8-1': 5.26}",0.0,inf,inf,inf,467.624,467.624
387,T3,BESTEFFORT,MISSED,m8-1,358.843,"{'m1-1': 24.4, 'm2-1': 108.45, 'm3-1': 25.12, 'm4-1': 9.51, 'm5-1': 11.0, 'm6-1': 99.84, 'm7-1': 5.3, 'm8-1': 5.37}",7.276500000000084,463.99199999999996,inf,468.843,468.843,468.843
388,T5,BESTEFFORT,COMPLETED,m5-1,362.282,"{'m1-1': 28.78, 'm2-1': 110.45, 'm3-1': 26.06, 'm4-1': 11.23, 'm5-1': 9.62, 'm6-1': 110.59, 'm7-1': 5.37, 'm8-1': 5.55}",14.43,457.91399999999993,467.53399999999993,inf,472.282,472.282
389,T7,BESTEFFORT,COMPLETED,m7-1,363.213,"{'m1-1': 28.22, 'm2-1': 97.76, 'm3-1': 26.32, 'm4-1': 10.92, 'm5-1': 10.66, 'm6-1': 106.52, 'm7-1': 5.35, 'm8-1': 4.93}",8.024999999999999,463.456,468.80600000000004,inf,473.213,473.213
390,T3,BESTEFFORT,CANCELLED,,363.42,"{'m1-1': 27.23, 'm2-1': 96.24, 'm3-1': 27.87, 'm4-1': 10.91, 'm5-1': 11.0, 'm6-1': 100.44, 'm7-1': 5.21, 'm8-1': 4.82}",0.0,inf,inf,inf,473.42,473.42
391,T2,BESTEFFORT,COMPLETED,m4-1,365.758,"{'m1-1': 25.34, 'm2-1': 108.23, 'm3-1': 26.57, 'm4-1': 10.41, 'm5-1': 10.37, 'm6-1': 113.89, 'm7-1': 4.71, 'm8-1': 5.0}",15.615,464.846,475.25600000000003,inf,475.758,475.758
392,T8,BESTEFFORT,COMPLETED,m7-1,366.757,"{'m1-1': 27.69, 'm2-1': 109.25, 'm3-1': 25.68, 'm4-1': 9.85, 'm5-1': 10.63, 'm6-1': 105.84, 'm7-1': 5.32, 'm8-1': 5.69}",7.98,468.80600000000004,474.12600000000003,inf,476.757,476.757
393,T6,BESTEFFORT,COMPLETED,m8-1,367.758,"{'m1-1': 24.02, 'm2-1': 107.48, 'm3-1': 24.81, 'm4-1': 9.49, 'm5-1': 10.2, 'm6-1': 104.22, 'm7-1': 5.72, 'm8-1': 5.42}",8.129999999999999,468.843,474.26300000000003,inf,477.758,477.758
394,T7,BESTEFFORT,CANCELLED,,368.046,"{'m1-1': 25.5, 'm2-1': 99.64, 'm3-1': 25.54, 'm4-1': 10.45, 'm5-1': 10.79, 'm6-1': 98.51, 'm7-1': 4.66, 'm8-1': 5.56}",0.0,inf,inf,inf,478.046,478.046
395,T2,BESTEFFORT,CANCELLED,,369.067,"{'m1-1': 28.42, 'm2-1': 104.39, 'm3-1': 26.56, 'm4-1': 10.05, 'm5-1': 9.76, 'm6-1': 112.46, 'm7-1': 4.69, 'm8-1': 5.48}",0.0,inf,inf,inf,479.067,479.067
396,T1,BESTEFFORT,COMPLETED,m7-1,369.565,"{'m1-1': 26.67, 'm2-1': 96.01, 'm3-1': 28.08, 'm4-1': 10.77, 'm5-1': 10.46, 'm6-1': 112.52, 'm7-1': 5.36, 'm8-1': 5.44}",8.040000000000001,474.12600000000003,479.48600000000005,inf,479.565,479.565
397,T7,BESTEFFORT,MISSED,m1-1,369.824,"{'m1-1': 26.95, 'm2-1': 109.16, 'm3-1': 24.87, 'm4-1': 11.45, 'm5-1': 10.42, 'm6-1': 97.58, 'm7-1': 4.99, 'm8-1': 5.59}",36.93150000000006,455.203,inf,479.824,479.824,479.824
398,T6,BESTEFFORT,COMPLETED,m8-1,371.432,"{'m1-1': 24.59, 'm2-1': 101.46, 'm3-1': 26.65, 'm4-1': 10.19, 'm5-1': 10.37, 'm6-1': 106.45, 'm7-1': 5.22, 'm8-1': 5.76}",8.64,474.26300000000003,480.023,inf,481.432,481.432
399,T3,BESTEFFORT,COMPLETED,m5-1,372.147,"{'m1-1': 26.42, 'm2-1': 102.01, 'm3-1': 24.66, 'm4-1': 10.61, 'm5-1': 10.01, 'm6-1': 108.42, 'm7-1': 5.13, 'm8-1': 5.09}",15.015,467.53399999999993,477.5439999999999,inf,482.147,482.147
400,T9,BESTEFFORT,COMPLETED,m3-1,375.579,"{'m1-1': 27.62, 'm2-1': 96.73, 'm3-1': 26.02, 'm4-1': 9.79, 'm5-1': 10.13, 'm6-1': 104.58, 'm7-1': 5.38, 'm8-1': 4.84}",39.03,455.689,481.709,inf,485.579,485.579
401,T3,BESTEFFORT,COMPLETED,m4-1,375.851,"{'m1-1': 27.27, 'm2-1': 99.15, 'm3-1': 27.71, 'm4-1': 9.66, 'm5-1': 10.37, 'm6-1': 99.83, 'm7-1': 5.22, 'm8-1': 4.82}",14.49,475.25600000000003,484.91600000000005,inf,485.851,485.851
402,T8,BESTEFFORT,COMPLETED,m7-1,376.684,"{'m1-1': 27.67, 'm2-1': 107.36, 'm3-1': 27.04, 'm4-1': 10.62, 'm5-1': 10.85, 'm6-1': 111.43, 'm7-1': 5.35, 'm8-1': 5.34}",8.024999999999999,479.48600000000005,484.83600000000007,inf,486.684,486.684
403,T1,BESTEFFORT,COMPLETED,m8-1,380.874,"{'m1-1': 29.4, 'm2-1': 98.98, 'm3-1': 28.53, 'm4-1': 10.14, 'm5-1': 11.24, 'm6-1': 103.56, 'm7-1': 5.13, 'm8-1': 5.64}",8.459999999999999,480.023,485.663,inf,490.874,490.874
404,T1,BESTEFFORT,COMPLETED,m5-1,381.719,"{'m1-1': 25.86, 'm2-1': 110.53, 'm3-1': 27.11, 'm4-1': 10.01, 'm5-1': 9.72, 'm6-1': 101.17, 'm7-1': 5.36, 'm8-1': 4.86}",14.580000000000002,477.5439999999999,487.26399999999995,inf,491.719,491.719
405,T4,BESTEFFORT,COMPLETED,m7-1,381.74,"{'m1-1': 26.73, 'm2-1': 110.15, 'm3-1': 25.39, 'm4-1': 10.41, 'm5-1': 11.52, 'm6-1': 102.75, 'm7-1': 5.03, 'm8-1': 5.31}",7.545,484.83600000000007,489.86600000000004,inf,491.74,491.74
406,T6,BESTEFFORT,COMPLETED,m8-1,382.389,"{'m1-1': 24.69, 'm2-1': 100.61, 'm3-1': 25.26, 'm4-1': 10.14, 'm5-1': 9.46, 'm6-1': 108.75, 'm7-1': 5.78, 'm8-1': 5.74}",8.61,485.663,491.403,inf,492.389,492.389
407,T6,BESTEFFORT,COMPLETED,m4-1,386.743,"{'m1-1': 24.82, 'm2-1': 102.64, 'm3-1': 25.96, 'm4-1': 10.86, 'm5-1': 10.59, 'm6-1': 111.4, 'm7-1': 5.42, 'm8-1': 5.7}",16.29,484.91600000000005,495.77600000000007,inf,496.743,496.743
408,T7,BESTEFFORT,COMPLETED,m7-1,388.327,"{'m1-1': 25.31, 'm2-1': 103.15, 'm3-1': 23.78, 'm4-1': 11.81, 'm5-1': 10.21, 'm6-1': 105.44, 'm7-1': 4.81, 'm8-1': 5.52}",7.215,489.86600000000004,494.67600000000004,inf,498.327,498.327
409,T10,BESTEFFORT,COMPLETED,m8-1,388.542,"{'m1-1': 26.86, 'm2-1': 96.88, 'm3-1': 25.9, 'm4-1': 10.81, 'm5-1': 9.84, 'm6-1': 110.7, 'm7-1': 5.02, 'm8-1': 4.77}",7.154999999999999,491.403,496.173,inf,498.542,498.542
410,T8,BESTEFFORT,CANCELLED,,388.784,"{'m1-1': 27.7, 'm2-1': 107.64, 'm3-1': 26.38, 'm4-1': 10.06, 'm5-1': 11.15, 'm6-1': 115.82, 'm7-1': 5.18, 'm8-1': 5.76}",0.0,inf,inf,inf,498.784,498.784
411,T9,BESTEFFORT,CANCELLED,,389.326,"{'m1-1': 27.5, 'm2-1': 102.92, 'm3-1': 27.13, 'm4-1': 10.44, 'm5-1': 9.91, 'm6-1': 99.21, 'm7-1': 5.51, 'm8-1': 4.66}",0.0,inf,inf,inf,499.326,499.326
412,T5,BESTEFFORT,COMPLETED,m5-1,390.333,"{'m1-1': 25.92, 'm2-1': 104.87, 'm3-1': 25.34, 'm4-1': 10.09, 'm5-1': 10.75, 'm6-1': 104.79, 'm7-1': 4.99, 'm8-1': 4.81}",16.125,487.26399999999995,498.01399999999995,inf,500.333,500.333
413,T8,BESTEFFORT,COMPLETED,m8-1,393.072,"{'m1-1': 25.62, 'm2-1': 101.23, 'm3-1': 23.26, 'm4-1': 10.39, 'm5-1': 11.6, 'm6-1': 111.22, 'm7-1': 4.9, 'm8-1': 5.72}",8.58,496.173,501.89300000000003,inf,503.072,503.072
414,T5,BESTEFFORT,COMPLETED,m7-1,393.618,"{'m1-1': 25.02, 'm2-1': 97.36, 'm3-1': 24.8, 'm4-1': 11.16, 'm5-1': 10.72, 'm6-1': 111.69, 'm7-1': 5.34, 'm8-1': 5.31}",8.01,494.67600000000004,500.016,inf,503.618,503.618
415,T5,BESTEFFORT,MISSED,m1-1,395.957,"{'m1-1': 26.66, 'm2-1': 104.36, 'm3-1': 26.58, 'm4-1': 10.91, 'm5-1': 11.14, 'm6-1': 112.75, 'm7-1': 5.38, 'm8-1': 4.85}",39.19949999999997,479.824,inf,505.957,505.957,505.957
416,T7,BESTEFFORT,COMPLETED,m3-1,399.975,"{'m1-1': 26.42, 'm2-1': 108.37, 'm3-1': 23.44, 'm4-1': 11.3, 'm5-1': 10.26, 'm6-1': 104.55, 'm7-1': 4.64, 'm8-1': 5.54}",35.160000000000004,481.709,505.149,inf,509.975,509.975
417,T10,BESTEFFORT,COMPLETED,m4-1,403.765,"{'m1-1': 26.24, 'm2-1': 112.25, 'm3-1': 25.94, 'm4-1': 10.74, 'm5-1': 9.81, 'm6-1': 103.44, 'm7-1': 5.19, 'm8-1': 5.13}",16.11,495.77600000000007,506.5160000000001,inf,513.765,513.765
418,T3,BESTEFFORT,COMPLETED,m5-1,404.479,"{'m1-1': 25.52, 'm2-1': 104.49, 'm3-1': 24.93, 'm4-1': 9.54, 'm5-1': 10.28, 'm6-1': 105.86, 'm7-1': 5.21, 'm8-1': 5.08}",15.419999999999998,498.01399999999995,508.2939999999999,inf,514.479,514.479
419,T2,BESTEFFORT,COMPLETED,m7-1,405.846,"{'m1-1': 24.62, 'm2-1': 95.14, 'm3-1': 28.04, 'm4-1': 10.55, 'm5-1': 10.02, 'm6-1': 110.76, 'm7-1': 5.34, 'm8-1': 4.97}",8.01,500.016,505.356,inf,515.846,515.846
420,T7,BESTEFFORT,MISSED,m4-1,407.979,"{'m1-1': 25.37, 'm2-1': 108.05, 'm3-1': 24.78, 'm4-1': 11.92, 'm5-1': 10.67, 'm6-1': 110.26, 'm7-1': 5.4, 'm8-1': 5.68}",17.194499999999948,506.5160000000001,inf,517.979,517.979,517.979
421,T1,BESTEFFORT,COMPLETED,m8-1,408.067,"{'m1-1': 29.52, 'm2-1': 97.27, 'm3-1': 24.6, 'm4-1': 10.55, 'm5-1': 10.41, 'm6-1': 98.42, 'm7-1': 5.15, 'm8-1': 5.03}",7.545,501.89300000000003,506.923,inf,518.067,518.067
422,T9,BESTEFFORT,MISSED,m5-1,408.43,"{'m1-1': 28.9, 'm2-1': 97.14, 'm3-1': 25.22, 'm4-1': 9.78, 'm5-1': 10.52, 'm6-1': 112.41, 'm7-1': 4.89, 'm8-1': 4.66}",15.204000000000207,508.2939999999999,inf,518.4300000000001,518.4300000000001,518.4300000000001
423,T2,BESTEFFORT,COMPLETED,m7-1,408.564,"{'m1-1': 27.29, 'm2-1': 100.83, 'm3-1': 25.43, 'm4-1': 10.17, 'm5-1': 10.56, 'm6-1': 106.12, 'm7-1': 5.52, 'm8-1': 5.4}",8.28,505.356,510.876,inf,518.5640000000001,518.5640000000001
424,T3,BESTEFFORT,COMPLETED,m8-1,410.603,"{'m1-1': 26.58, 'm2-1': 107.33, 'm3-1': 24.79, 'm4-1': 10.36, 'm5-1': 10.61, 'm6-1': 108.91, 'm7-1': 5.75, 'm8-1': 5.12}",7.68,506.923,512.043,inf,520.6030000000001,520.6030000000001
425,T3,BESTEFFORT,COMPLETED,m7-1,411.064,"{'m1-1': 25.67, 'm2-1': 109.07, 'm3-1': 25.45, 'm4-1': 9.46, 'm5-1': 10.02, 'm6-1': 106.6, 'm7-1': 5.13, 'm8-1': 4.84}",7.695,510.876,516.006,inf,521.0640000000001,521.0640000000001
426,T5,BESTEFFORT,COMPLETED,m8-1,411.263,"{'m1-1': 29.43, 'm2-1': 110.98, 'm3-1': 24.86, 'm4-1': 10.06, 'm5-1': 9.65, 'm6-1': 112.32, 'm7-1': 5.29, 'm8-1': 5.55}",8.325,512.043,517.593,inf,521.2629999999999,521.2629999999999
427,T5,BESTEFFORT,MISSED,m7-1,411.525,"{'m1-1': 25.94, 'm2-1': 97.36, 'm3-1': 24.28, 'm4-1': 10.49, 'm5-1': 9.98, 'm6-1': 109.26, 'm7-1': 5.64, 'm8-1': 5.54}",8.278500000000008,516.006,inf,521.525,521.525,521.525
428,T5,BESTEFFORT,CANCELLED,,413.759,"{'m1-1': 28.02, 'm2-1': 110.48, 'm3-1': 24.1, 'm4-1': 11.17, 'm5-1': 10.92, 'm6-1': 101.84, 'm7-1': 5.01, 'm8-1': 4.8}",0.0,inf,inf,inf,523.759,523.759
429,T10,BESTEFFORT,COMPLETED,m8-1,413.785,"{'m1-1': 25.48, 'm2-1': 109.6, 'm3-1': 27.54, 'm4-1': 10.81, 'm5-1': 9.88, 'm6-1': 109.02, 'm7-1': 5.44, 'm8-1': 5.4}",8.100000000000001,517.593,522.9929999999999,inf,523.7850000000001,523.7850000000001
430,T5,BESTEFFORT,CANCELLED,,414.198,"{'m1-1': 27.33, 'm2-1': 106.74, 'm3-1': 25.46, 'm4-1': 10.5, 'm5-1': 9.9, 'm6-1': 114.46, 'm7-1': 5.78, 'm8-1': 5.56}",0.0,inf,inf,inf,524.198,524.198
431,T3,BESTEFFORT,CANCELLED,,415.921,"{'m1-1': 23.91, 'm2-1': 106.96, 'm3-1': 28.19, 'm4-1': 9.79, 'm5-1': 10.59, 'm6-1': 109.47, 'm7-1': 5.68, 'm8-1': 4.97}",0.0,inf,inf,inf,525.921,525.921
432,T2,BESTEFFORT,MISSED,m4-1,417.427,"{'m1-1': 26.28, 'm2-1': 100.29, 'm3-1': 26.39, 'm4-1': 11.09, 'm5-1': 10.06, 'm6-1': 105.86, 'm7-1': 5.25, 'm8-1': 5.45}",14.171999999999969,517.979,inf,527.427,527.427,527.427
433,T8,BESTEFFORT,COMPLETED,m5-1,418.993,"{'m1-1': 26.21, 'm2-1': 103.54, 'm3-1': 24.87, 'm4-1': 9.65, 'm5-1': 10.49, 'm6-1': 101.96, 'm7-1': 5.14, 'm8-1': 5.48}",15.735,518.4300000000001,528.9200000000001,inf,528.9929999999999,528.9929999999999
434,T6,BESTEFFORT,COMPLETED,m1-1,423.84,"{'m1-1': 23.39, 'm2-1': 99.15, 'm3-1': 27.33, 'm4-1': 10.96, 'm5-1': 10.39, 'm6-1': 110.06, 'm7-1': 5.61, 'm8-1': 5.65}",35.085,505.957,529.347,inf,533.8399999999999,533.8399999999999
435,T1,BESTEFFORT,COMPLETED,m3-1,427.585,"{'m1-1': 28.98, 'm2-1': 108.39, 'm3-1': 25.94, 'm4-1': 11.58, 'm5-1': 10.32, 'm6-1': 107.51, 'm7-1': 5.44, 'm8-1': 5.32}",38.910000000000004,505.149,531.089,inf,537.585,537.585
436,T6,BESTEFFORT,COMPLETED,m7-1,427.811,"{'m1-1': 23.22, 'm2-1': 115.3, 'm3-1': 26.68, 'm4-1': 11.14, 'm5-1': 9.21, 'm6-1': 98.66, 'm7-1': 5.24, 'm8-1': 5.3}",7.86,521.525,526.765,inf,537.8109999999999,537.8109999999999
437,T2,BESTEFFORT,COMPLETED,m8-1,428.599,"{'m1-1': 26.55, 'm2-1': 95.15, 'm3-1': 27.84, 'm4-1': 11.26, 'm5-1': 9.81, 'm6-1': 99.52, 'm7-1': 5.37, 'm8-1': 5.37}",8.055,522.9929999999999,528.3629999999999,inf,538.5989999999999,538.5989999999999
438,T4,BESTEFFORT,COMPLETED,m4-1,429.362,"{'m1-1': 26.35, 'm2-1': 116.25, 'm3-1': 25.13, 'm4-1': 9.96, 'm5-1': 10.01, 'm6-1': 104.2, 'm7-1': 5.41, 'm8-1': 5.33}",14.940000000000001,527.427,537.3870000000001,inf,539.3620000000001,539.3620000000001
439,T3,BESTEFFORT,COMPLETED,m7-1,429.837,"{'m1-1': 23.61, 'm2-1': 92.72, 'm3-1': 26.63, 'm4-1': 10.3, 'm5-1': 10.59, 'm6-1': 97.77, 'm7-1': 5.12, 'm8-1': 4.77}",7.68,526.765,531.885,inf,539.837,539.837
440,T9,BESTEFFORT,COMPLETED,m5-1,429.935,"{'m1-1': 26.88, 'm2-1': 93.74, 'm3-1': 28.21, 'm4-1': 10.99, 'm5-1': 9.68, 'm6-1': 99.1, 'm7-1': 5.41, 'm8-1': 4.97}",14.52,528.9200000000001,538.6,inf,539.935,539.935
441,T4,BESTEFFORT,MISSED,m2-1,430.669,"{'m1-1': 27.78, 'm2-1': 111.97, 'm3-1': 22.93, 'm4-1': 10.29, 'm5-1': 11.32, 'm6-1': 107.33, 'm7-1': 5.41, 'm8-1': 5.69}",143.76749999999996,444.824,inf,540.669,540.669,540.669
442,T3,BESTEFFORT,COMPLETED,m8-1,432.18,"{'m1-1': 24.13, 'm2-1': 94.91, 'm3-1': 26.97, 'm4-1': 9.45, 'm5-1': 10.28, 'm6-1': 107.42, 'm7-1': 4.92, 'm8-1': 5.29}",7.9350000000000005,528.3629999999999,533.6529999999999,inf,542.1800000000001,542.1800000000001
443,T7,BESTEFFORT,COMPLETED,m7-1,432.507,"{'m1-1': 27.12, 'm2-1': 107.65, 'm3-1': 25.7, 'm4-1': 10.34, 'm5-1': 10.05, 'm6-1': 103.13, 'm7-1': 4.66, 'm8-1': 5.79}",6.99,531.885,536.545,inf,542.5070000000001,542.5070000000001
444,T9,BESTEFFORT,COMPLETED,m8-1,434.168,"{'m1-1': 27.3, 'm2-1': 98.94, 'm3-1': 26.23, 'm4-1': 10.73, 'm5-1': 9.81, 'm6-1': 102.75, 'm7-1': 4.97, 'm8-1': 5.15}",7.7250000000000005,533.6529999999999,538.8029999999999,inf,544.168,544.168
445,T8,BESTEFFORT,MISSED,m6-1,436.024,"{'m1-1': 26.29, 'm2-1': 104.86, 'm3-1': 26.81, 'm4-1': 9.77, 'm5-1': 11.26, 'm6-1': 111.47, 'm7-1': 4.78, 'm8-1': 5.24}",137.51550000000003,454.347,inf,546.024,546.024,546.024
446,T3,BESTEFFORT,COMPLETED,m7-1,436.661,"{'m1-1': 24.5, 'm2-1': 99.14, 'm3-1': 25.64, 'm4-1': 10.19, 'm5-1': 10.49, 'm6-1': 100.94, 'm7-1': 4.93, 'm8-1': 5.02}",7.395,536.545,541.4749999999999,inf,546.6610000000001,546.6610000000001
447,T4,BESTEFFORT,COMPLETED,m8-1,438.225,"{'m1-1': 26.84, 'm2-1': 99.42, 'm3-1': 26.12, 'm4-1': 9.26, 'm5-1': 11.19, 'm6-1': 110.95, 'm7-1': 5.58, 'm8-1': 4.95}",7.425000000000001,538.8029999999999,543.7529999999999,inf,548.225,548.225
448,T8,BESTEFFORT,COMPLETED,m4-1,439.594,"{'m1-1': 25.75, 'm2-1': 113.08, 'm3-1': 24.91, 'm4-1': 11.0, 'm5-1': 11.37, 'm6-1': 112.09, 'm7-1': 4.67, 'm8-1': 5.48}",16.5,537.3870000000001,548.3870000000001,inf,549.594,549.594
449,T2,BESTEFFORT,COMPLETED,m7-1,440.424,"{'m1-1': 25.86, 'm2-1': 111.89, 'm3-1': 26.96, 'm4-1': 10.36, 'm5-1': 10.78, 'm6-1': 108.22, 'm7-1': 5.39, 'm8-1': 5.38}",8.084999999999999,541.4749999999999,546.8649999999999,inf,550.424,550.424
450,T5,BESTEFFORT,COMPLETED,m5-1,441.62,"{'m1-1': 26.52, 'm2-1': 106.64, 'm3-1': 27.28, 'm4-1': 11.23, 'm5-1': 10.4, 'm6-1': 108.4, 'm7-1': 5.6, 'm8-1': 5.53}",15.600000000000001,538.6,549.0,inf,551.62,551.62
451,T3,BESTEFFORT,COMPLETED,m8-1,442.327,"{'m1-1': 26.31, 'm2-1': 106.14, 'm3-1': 25.59, 'm4-1': 10.53, 'm5-1': 10.5, 'm6-1': 106.28, 'm7-1': 5.43, 'm8-1': 5.28}",7.92,543.7529999999999,549.0329999999999,inf,552.327,552.327
452,T6,BESTEFFORT,CANCELLED,,442.816,"{'m1-1': 26.62, 'm2-1': 104.37, 'm3-1': 28.28, 'm4-1': 10.84, 'm5-1': 9.3, 'm6-1': 112.88, 'm7-1': 5.56, 'm8-1': 5.67}",0.0,inf,inf,inf,552.816,552.816
453,T9,BESTEFFORT,COMPLETED,m7-1,443.315,"{'m1-1': 25.27, 'm2-1': 110.26, 'm3-1': 28.77, 'm4-1': 9.74, 'm5-1': 9.4, 'm6-1': 104.67, 'm7-1': 5.62, 'm8-1': 4.61}",8.43,546.8649999999999,552.4849999999999,inf,553.315,553.315
454,T5,BESTEFFORT,MISSED,m2-1,443.38,"{'m1-1': 27.69, 'm2-1': 109.58, 'm3-1': 25.58, 'm4-1': 11.49, 'm5-1': 9.56, 'm6-1': 103.86, 'm7-1': 5.44, 'm8-1': 4.81}",19.06650000000002,540.669,inf,553.38,553.38,553.38
455,T9,BESTEFFORT,MISSED,m2-1,443.583,"{'m1-1': 26.49, 'm2-1': 104.99, 'm3-1': 28.82, 'm4-1': 9.7, 'm5-1': 10.36, 'm6-1': 106.92, 'm7-1': 5.62, 'm8-1': 4.91}",0.0,555.899,inf,555.899,553.5830000000001,553.5830000000001
456,T10,BESTEFFORT,MISSED,m2-1,444.446,"{'m1-1': 25.05, 'm2-1': 105.43, 'm3-1': 25.95, 'm4-1': 9.5, 'm5-1': 10.05, 'm6-1': 105.25, 'm7-1': 5.06, 'm8-1': 5.11}",1.5990000000000464,553.38,inf,554.446,554.446,554.446
457,T10,BESTEFFORT,MISSED,m6-1,445.216,"{'m1-1': 25.55, 'm2-1': 107.79, 'm3-1': 27.02, 'm4-1': 9.92, 'm5-1': 9.64, 'm6-1': 105.99, 'm7-1': 5.56, 'm8-1': 5.49}",0.0,575.819,inf,575.819,555.216,555.216
458,T3,BESTEFFORT,COMPLETED,m8-1,445.282,"{'m1-1': 25.42, 'm2-1': 101.62, 'm3-1': 26.29, 'm4-1': 10.06, 'm5-1': 10.51, 'm6-1': 102.88, 'm7-1': 5.37, 'm8-1': 4.9}",7.3500000000000005,549.0329999999999,553.9329999999999,inf,555.2819999999999,555.2819999999999
459,T10,BESTEFFORT,MISSED,m2-1,445.899,"{'m1-1': 28.1, 'm2-1': 96.37, 'm3-1': 25.4, 'm4-1': 9.7, 'm5-1': 10.03, 'm6-1': 108.14, 'm7-1': 5.41, 'm8-1': 5.37}",2.179499999999962,554.446,inf,555.899,555.899,555.899
460,T7,BESTEFFORT,COMPLETED,m1-1,447.625,"{'m1-1': 26.1, 'm2-1': 100.27, 'm3-1': 26.92, 'm4-1': 11.23, 'm5-1': 10.31, 'm6-1': 108.5, 'm7-1': 5.32, 'm8-1': 4.96}",39.150000000000006,529.347,555.447,inf,557.625,557.625
461,T9,BESTEFFORT,MISSED,m6-1,449.137,"{'m1-1': 25.1, 'm2-1': 102.86, 'm3-1': 25.28, 'm4-1': 10.92, 'm5-1': 10.48, 'm6-1': 100.78, 'm7-1': 5.17, 'm8-1': 5.01}",0.0,575.819,inf,575.819,559.137,559.137
462,T10,BESTEFFORT,MISSED,m2-1,449.414,"{'m1-1': 28.5, 'm2-1': 100.57, 'm3-1': 25.94, 'm4-1': 10.48, 'm5-1': 10.74, 'm6-1': 106.19, 'm7-1': 5.57, 'm8-1': 5.61}",0.0,653.479,inf,653.479,559.414,559.414
463,T3,BESTEFFORT,COMPLETED,m7-1,449.441,"{'m1-1': 24.77, 'm2-1': 107.86, 'm3-1': 24.86, 'm4-1': 10.52, 'm5-1': 9.57, 'm6-1': 95.38, 'm7-1': 4.94, 'm8-1': 5.62}",7.41,552.4849999999999,557.425,inf,559.441,559.441
464,T8,BESTEFFORT,MISSED,m6-1,449.835,"{'m1-1': 27.21, 'm2-1': 101.11, 'm3-1': 25.98, 'm4-1': 10.01, 'm5-1': 11.1, 'm6-1': 111.13, 'm7-1': 5.45, 'm8-1': 5.33}",0.0,575.819,inf,575.819,559.835,559.835
465,T5,BESTEFFORT,COMPLETED,m4-1,450.083,"{'m1-1': 28.94, 'm2-1': 95.85, 'm3-1': 26.28, 'm4-1': 11.47, 'm5-1': 10.29, 'm6-1': 110.06, 'm7-1': 5.46, 'm8-1': 5.55}",17.205000000000002,548.3870000000001,559.8570000000001,inf,560.0830000000001,560.0830000000001
466,T2,BESTEFFORT,COMPLETED,m3-1,453.66,"{'m1-1': 28.53, 'm2-1': 95.58, 'm3-1': 25.89, 'm4-1': 10.82, 'm5-1': 10.67, 'm6-1': 104.12, 'm7-1': 5.05, 'm8-1': 4.92}",38.835,531.089,556.979,inf,563.6600000000001,563.6600000000001
467,T7,BESTEFFORT,COMPLETED,m5-1,453.966,"{'m1-1': 26.32, 'm2-1': 103.24, 'm3-1': 24.35, 'm4-1': 11.62, 'm5-1': 10.93, 'm6-1': 103.83, 'm7-1': 4.66, 'm8-1': 5.59}",16.395,549.0,559.93,inf,563.966,563.966
468,T7,BESTEFFORT,COMPLETED,m8-1,454.439,"{'m1-1': 27.35, 'm2-1': 97.2, 'm3-1': 26.81, 'm4-1': 10.98, 'm5-1': 10.59, 'm6-1': 109.7, 'm7-1': 4.85, 'm8-1': 4.89}",7.334999999999999,553.9329999999999,558.8229999999999,inf,564.4390000000001,564.4390000000001
469,T9,BESTEFFORT,COMPLETED,m7-1,454.996,"{'m1-1': 26.31, 'm2-1': 108.29, 'm3-1': 26.58, 'm4-1': 9.63, 'm5-1': 10.98, 'm6-1': 103.68, 'm7-1': 5.7, 'm8-1': 4.62}",8.55,557.425,563.125,inf,564.996,564.996
470,T6,BESTEFFORT,COMPLETED,m8-1,455.613,"{'m1-1': 26.54, 'm2-1': 113.41, 'm3-1': 28.44, 'm4-1': 10.85, 'm5-1': 10.29, 'm6-1': 104.62, 'm7-1': 5.16, 'm8-1': 5.67}",8.504999999999999,558.8229999999999,564.4929999999998,inf,565.613,565.613
471,T9,BESTEFFORT,MISSED,m2-1,455.936,"{'m1-1': 24.82, 'm2-1': 104.44, 'm3-1': 27.04, 'm4-1': 11.18, 'm5-1': 10.32, 'm6-1': 105.16, 'm7-1': 5.29, 'm8-1': 5.19}",0.0,653.479,inf,653.479,565.9359999999999,565.9359999999999
472,T1,BESTEFFORT,MISSED,m4-1,460.893,"{'m1-1': 27.43, 'm2-1': 99.39, 'm3-1': 25.02, 'm4-1': 11.43, 'm5-1': 10.65, 'm6-1': 111.5, 'm7-1': 4.9, 'm8-1': 5.35}",16.553999999999917,559.8570000000001,inf,570.893,570.893,570.893
473,T9,BESTEFFORT,COMPLETED,m5-1,461.461,"{'m1-1': 27.75, 'm2-1': 95.65, 'm3-1': 25.06, 'm4-1': 10.29, 'm5-1': 10.84, 'm6-1': 97.06, 'm7-1': 4.88, 'm8-1': 5.4}",16.259999999999998,559.93,570.77,inf,571.461,571.461
474,T2,BESTEFFORT,COMPLETED,m7-1,463.966,"{'m1-1': 26.84, 'm2-1': 103.72, 'm3-1': 28.11, 'm4-1': 9.95, 'm5-1': 10.85, 'm6-1': 103.23, 'm7-1': 4.89, 'm8-1': 5.03}",7.334999999999999,563.125,568.015,inf,573.966,573.966
475,T9,BESTEFFORT,COMPLETED,m8-1,464.686,"{'m1-1': 26.97, 'm2-1': 110.24, 'm3-1': 28.49, 'm4-1': 11.28, 'm5-1': 10.52, 'm6-1': 100.3, 'm7-1': 5.16, 'm8-1': 5.17}",7.755,564.4929999999998,569.6629999999998,inf,574.6859999999999,574.6859999999999
476,T3,BESTEFFORT,MISSED,m6-1,465.819,"{'m1-1': 24.97, 'm2-1': 102.23, 'm3-1': 24.63, 'm4-1': 11.05, 'm5-1': 9.67, 'm6-1': 103.6, 'm7-1': 5.46, 'm8-1': 5.2}",44.69249999999994,546.024,inf,575.819,575.819,575.819
477,T6,BESTEFFORT,COMPLETED,m7-1,467.576,"{'m1-1': 26.08, 'm2-1': 104.9, 'm3-1': 27.3, 'm4-1': 11.02, 'm5-1': 9.41, 'm6-1': 107.5, 'm7-1': 5.62, 'm8-1': 4.93}",8.43,568.015,573.635,inf,577.576,577.576
478,T5,BESTEFFORT,COMPLETED,m8-1,468.282,"{'m1-1': 25.64, 'm2-1': 109.42, 'm3-1': 26.24, 'm4-1': 11.23, 'm5-1': 10.56, 'm6-1': 109.33, 'm7-1': 5.28, 'm8-1': 4.99}",7.485,569.6629999999998,574.6529999999998,inf,578.2819999999999,578.2819999999999
479,T3,BESTEFFORT,MISSED,m2-1,468.442,"{'m1-1': 23.3, 'm2-1': 108.23, 'm3-1': 25.81, 'm4-1': 10.2, 'm5-1': 10.09, 'm6-1': 112.61, 'm7-1': 5.35, 'm8-1': 5.5}",0.0,653.479,inf,653.479,578.442,578.442
480,T3,BESTEFFORT,COMPLETED,m7-1,470.76,"{'m1-1': 23.13, 'm2-1': 94.78, 'm3-1': 28.32, 'm4-1': 10.93, 'm5-1': 10.03, 'm6-1': 103.91, 'm7-1': 5.83, 'm8-1': 5.06}",8.745000000000001,573.635,579.465,inf,580.76,580.76
481,T7,BESTEFFORT,COMPLETED,m4-1,472.076,"{'m1-1': 27.16, 'm2-1': 94.56, 'm3-1': 27.19, 'm4-1': 10.17, 'm5-1': 10.6, 'm6-1': 100.45, 'm7-1': 5.18, 'm8-1': 5.23}",15.254999999999999,570.893,581.063,inf,582.076,582.076
482,T8,BESTEFFORT,COMPLETED,m5-1,472.122,"{'m1-1': 27.06, 'm2-1': 107.17, 'm3-1': 24.72, 'm4-1': 9.92, 'm5-1': 11.0, 'm6-1': 100.3, 'm7-1': 5.36, 'm8-1': 5.38}",16.5,570.77,581.77,inf,582.1220000000001,582.1220000000001
483,T5,BESTEFFORT,MISSED,m6-1,472.207,"{'m1-1': 26.57, 'm2-1': 97.3, 'm3-1': 25.37, 'm4-1': 10.7, 'm5-1': 10.31, 'm6-1': 108.91, 'm7-1': 5.38, 'm8-1': 5.48}",0.0,672.22,inf,672.22,582.207,582.207
484,T6,BESTEFFORT,COMPLETED,m8-1,472.399,"{'m1-1': 23.39, 'm2-1': 107.53, 'm3-1': 25.96, 'm4-1': 10.45, 'm5-1': 10.32, 'm6-1': 107.98, 'm7-1': 5.25, 'm8-1': 5.5}",8.25,574.6529999999998,580.1529999999998,inf,582.399,582.399
485,T5,BESTEFFORT,MISSED,m6-1,472.659,"{'m1-1': 27.86, 'm2-1': 103.12, 'm3-1': 24.02, 'm4-1': 10.84, 'm5-1': 10.26, 'm6-1': 119.14, 'm7-1': 5.31, 'm8-1': 5.03}",0.0,672.22,inf,672.22,582.659,582.659
486,T1,BESTEFFORT,COMPLETED,m1-1,473.075,"{'m1-1': 27.6, 'm2-1': 103.23, 'm3-1': 27.93, 'm4-1': 10.25, 'm5-1': 10.14, 'm6-1': 107.78, 'm7-1': 4.94, 'm8-1': 5.14}",41.400000000000006,555.447,583.047,inf,583.075,583.075
487,T4,BESTEFFORT,COMPLETED,m3-1,473.223,"{'m1-1': 25.79, 'm2-1': 116.48, 'm3-1': 25.75, 'm4-1': 10.34, 'm5-1': 10.99, 'm6-1': 102.45, 'm7-1': 4.82, 'm8-1': 5.29}",38.625,556.979,582.729,inf,583.223,583.223
488,T1,BESTEFFORT,MISSED,m7-1,473.339,"{'m1-1': 27.99, 'm2-1': 111.41, 'm3-1': 24.71, 'm4-1': 10.23, 'm5-1': 10.9, 'm6-1': 102.31, 'm7-1': 5.04, 'm8-1': 5.14}",5.810999999999865,579.465,inf,583.3389999999999,583.3389999999999,583.3389999999999
489,T10,BESTEFFORT,CANCELLED,,473.625,"{'m1-1': 24.21, 'm2-1': 103.78, 'm3-1': 26.29, 'm4-1': 10.14, 'm5-1': 11.27, 'm6-1': 113.79, 'm7-1': 5.11, 'm8-1': 5.63}",0.0,inf,inf,inf,583.625,583.625
490,T3,BESTEFFORT,CANCELLED,,474.177,"{'m1-1': 25.76, 'm2-1': 102.32, 'm3-1': 24.3, 'm4-1': 10.52, 'm5-1': 10.26, 'm6-1': 107.04, 'm7-1': 5.38, 'm8-1': 5.03}",0.0,inf,inf,inf,584.177,584.177
491,T4,BESTEFFORT,COMPLETED,m8-1,477.363,"{'m1-1': 28.66, 'm2-1': 115.67, 'm3-1': 26.54, 'm4-1': 10.25, 'm5-1': 11.33, 'm6-1': 110.46, 'm7-1': 4.82, 'm8-1': 5.8}",8.7,580.1529999999998,585.9529999999997,inf,587.363,587.363
492,T8,BESTEFFORT,MISSED,m6-1,477.793,"{'m1-1': 27.43, 'm2-1': 96.19, 'm3-1': 27.1, 'm4-1': 10.25, 'm5-1': 10.26, 'm6-1': 102.19, 'm7-1': 5.11, 'm8-1': 5.72}",0.0,672.22,inf,672.22,587.793,587.793
493,T8,BESTEFFORT,MISSED,m5-1,481.17,"{'m1-1': 27.83, 'm2-1': 99.4, 'm3-1': 24.26, 'm4-1': 9.86, 'm5-1': 10.56, 'm6-1': 111.17, 'm7-1': 5.19, 'm8-1': 4.98}",14.100000000000136,581.77,inf,591.1700000000001,591.1700000000001,591.1700000000001
494,T2,BESTEFFORT,COMPLETED,m7-1,482.023,"{'m1-1': 27.5, 'm2-1': 95.79, 'm3-1': 27.09, 'm4-1': 11.38, 'm5-1': 10.89, 'm6-1': 112.38, 'm7-1': 5.45, 'm8-1': 5.01}",8.175,583.3389999999999,588.789,inf,592.023,592.023
495,T3,BESTEFFORT,COMPLETED,m4-1,483.229,"{'m1-1': 24.52, 'm2-1': 93.99, 'm3-1': 24.3, 'm4-1': 9.44, 'm5-1': 10.82, 'm6-1': 110.27, 'm7-1': 5.35, 'm8-1': 5.5}",14.16,581.063,590.503,inf,593.229,593.229
496,T1,BESTEFFORT,COMPLETED,m8-1,487.247,"{'m1-1': 28.33, 'm2-1': 105.25, 'm3-1': 27.44, 'm4-1': 11.14, 'm5-1': 9.99, 'm6-1': 102.42, 'm7-1': 4.7, 'm8-1': 5.67}",8.504999999999999,585.9529999999997,591.6229999999997,inf,597.2470000000001,597.2470000000001
497,T3,BESTEFFORT,COMPLETED,m7-1,487.713,"{'m1-1': 24.93, 'm2-1': 105.23, 'm3-1': 28.18, 'm4-1': 10.26, 'm5-1': 10.09, 'm6-1': 98.39, 'm7-1': 5.47, 'm8-1': 5.09}",8.205,588.789,594.259,inf,597.713,597.713
498,T1,BESTEFFORT,COMPLETED,m8-1,488.459,"{'m1-1': 29.44, 'm2-1': 107.38, 'm3-1': 26.28, 'm4-1': 10.28, 'm5-1': 10.25, 'm6-1': 99.24, 'm7-1': 4.8, 'm8-1': 4.78}",7.17,591.6229999999997,596.4029999999997,inf,598.4590000000001,598.4590000000001
499,T5,BESTEFFORT,CANCELLED,,489.296,"{'m1-1': 28.93, 'm2-1': 98.6, 'm3-1': 26.27, 'm4-1': 11.28, 'm5-1': 9.96, 'm6-1': 108.35, 'm7-1': 5.58, 'm8-1': 5.1}",0.0,inf,inf,inf,599.296,599.296
500,T4,BESTEFFORT,COMPLETED,m7-1,490.533,"{'m1-1': 25.33, 'm2-1': 116.37, 'm3-1': 24.95, 'm4-1': 10.27, 'm5-1': 10.76, 'm6-1': 112.42, 'm7-1': 5.35, 'm8-1': 4.95}",8.024999999999999,594.259,599.609,inf,600.533,600.533
501,T9,BESTEFFORT,COMPLETED,m8-1,492.293,"{'m1-1': 27.3, 'm2-1': 109.59, 'm3-1': 25.34, 'm4-1': 10.49, 'm5-1': 10.02, 'm6-1': 99.06, 'm7-1': 5.28, 'm8-1': 5.0}",7.5,596.4029999999997,601.4029999999997,inf,602.293,602.293
502,T9,BESTEFFORT,COMPLETED,m5-1,492.509,"{'m1-1': 25.48, 'm2-1': 101.66, 'm3-1': 28.72, 'm4-1': 9.89, 'm5-1': 10.04, 'm6-1': 103.53, 'm7-1': 5.5, 'm8-1': 4.9}",15.059999999999999,591.1700000000001,601.21,inf,602.509,602.509
503,T1,BESTEFFORT,COMPLETED,m4-1,492.704,"{'m1-1': 27.21, 'm2-1': 105.34, 'm3-1': 26.59, 'm4-1': 11.04, 'm5-1': 10.59, 'm6-1': 107.74, 'm7-1': 4.62, 'm8-1': 5.44}",16.56,590.503,601.543,inf,602.704,602.704
504,T7,BESTEFFORT,CANCELLED,,493.653,"{'m1-1': 26.84, 'm2-1': 108.91, 'm3-1': 25.5, 'm4-1': 11.54, 'm5-1': 10.08, 'm6-1': 107.28, 'm7-1': 4.67, 'm8-1': 5.77}",0.0,inf,inf,inf,603.653,603.653
505,T8,BESTEFFORT,CANCELLED,,494.233,"{'m1-1': 25.5, 'm2-1': 109.69, 'm3-1': 24.17, 'm4-1': 10.31, 'm5-1': 11.54, 'm6-1': 106.69, 'm7-1': 5.12, 'm8-1': 5.86}",0.0,inf,inf,inf,604.233,604.233
506,T6,BESTEFFORT,COMPLETED,m7-1,496.085,"{'m1-1': 24.13, 'm2-1': 106.99, 'm3-1': 26.63, 'm4-1': 10.7, 'm5-1': 9.9, 'm6-1': 115.29, 'm7-1': 5.36, 'm8-1': 5.42}",8.040000000000001,599.609,604.969,inf,606.085,606.085
507,T9,BESTEFFORT,CANCELLED,,496.201,"{'m1-1': 27.2, 'm2-1': 102.21, 'm3-1': 27.91, 'm4-1': 10.8, 'm5-1': 9.45, 'm6-1': 106.36, 'm7-1': 5.54, 'm8-1': 5.38}",0.0,inf,inf,inf,606.201,606.201
508,T5,BESTEFFORT,COMPLETED,m8-1,496.737,"{'m1-1': 25.34, 'm2-1': 96.71, 'm3-1': 27.62, 'm4-1': 10.5, 'm5-1': 10.44, 'm6-1': 107.28, 'm7-1': 5.54, 'm8-1': 5.32}",7.98,601.4029999999997,606.7229999999997,inf,606.7370000000001,606.7370000000001
509,T10,BESTEFFORT,CANCELLED,,498.125,"{'m1-1': 24.23, 'm2-1': 112.16, 'm3-1': 27.52, 'm4-1': 10.92, 'm5-1': 11.06, 'm6-1': 113.51, 'm7-1': 5.3, 'm8-1': 4.86}",0.0,inf,inf,inf,608.125,608.125
510,T3,BESTEFFORT,COMPLETED,m3-1,498.234,"{'m1-1': 25.2, 'm2-1': 97.55, 'm3-1': 25.09, 'm4-1': 10.35, 'm5-1': 9.66, 'm6-1': 110.16, 'm7-1': 5.44, 'm8-1': 5.14}",37.635,582.729,607.8190000000001,inf,608.2339999999999,608.2339999999999
511,T6,BESTEFFORT,CANCELLED,,499.977,"{'m1-1': 25.66, 'm2-1': 105.01, 'm3-1': 24.92, 'm4-1': 11.19, 'm5-1': 9.96, 'm6-1': 101.86, 'm7-1': 5.6, 'm8-1': 4.89}",0.0,inf,inf,inf,609.977,609.977
512,T6,BESTEFFORT,COMPLETED,m1-1,500.793,"{'m1-1': 24.86, 'm2-1': 105.93, 'm3-1': 28.24, 'm4-1': 9.99, 'm5-1': 10.4, 'm6-1': 116.03, 'm7-1': 5.4, 'm8-1': 4.93}",37.29,583.047,607.907,inf,610.793,610.793
513,T3,BESTEFFORT,COMPLETED,m5-1,504.87,"{'m1-1': 23.7, 'm2-1': 92.81, 'm3-1': 24.65, 'm4-1': 10.11, 'm5-1': 10.26, 'm6-1': 105.87, 'm7-1': 5.29, 'm8-1': 5.05}",15.39,601.21,611.47,inf,614.87,614.87
514,T9,BESTEFFORT,COMPLETED,m7-1,506.79,"{'m1-1': 26.23, 'm2-1': 93.29, 'm3-1': 28.28, 'm4-1': 10.62, 'm5-1': 9.55, 'm6-1': 111.05, 'm7-1': 4.87, 'm8-1': 5.01}",7.305,604.969,609.839,inf,616.79,616.79
515,T10,BESTEFFORT,COMPLETED,m4-1,507.06,"{'m1-1': 24.62, 'm2-1': 106.58, 'm3-1': 25.88, 'm4-1': 9.2, 'm5-1': 10.4, 'm6-1': 99.24, 'm7-1': 5.36, 'm8-1': 5.65}",13.799999999999999,601.543,610.743,inf,617.06,617.06
516,T8,BESTEFFORT,COMPLETED,m8-1,507.661,"{'m1-1': 26.81, 'm2-1': 98.96, 'm3-1': 25.58, 'm4-1': 10.98, 'm5-1': 11.72, 'm6-1': 110.67, 'm7-1': 5.34, 'm8-1': 5.81}",8.715,606.7229999999997,612.5329999999997,inf,617.6610000000001,617.6610000000001
517,T9,BESTEFFORT,COMPLETED,m7-1,507.999,"{'m1-1': 26.93, 'm2-1': 93.46, 'm3-1': 26.96, 'm4-1': 10.49, 'm5-1': 9.46, 'm6-1': 104.26, 'm7-1': 5.15, 'm8-1': 4.7}",7.7250000000000005,609.839,614.989,inf,617.999,617.999
518,T9,BESTEFFORT,COMPLETED,m8-1,509.06,"{'m1-1': 26.45, 'm2-1': 106.4, 'm3-1': 25.01, 'm4-1': 9.65, 'm5-1': 10.28, 'm6-1': 109.18, 'm7-1': 5.01, 'm8-1': 5.42}",8.129999999999999,612.5329999999997,617.9529999999996,inf,619.06,619.06
519,T3,BESTEFFORT,CANCELLED,,509.567,"{'m1-1': 27.18, 'm2-1': 95.75, 'm3-1': 27.36, 'm4-1': 9.83, 'm5-1': 10.07, 'm6-1': 102.87, 'm7-1': 5.7, 'm8-1': 5.38}",0.0,inf,inf,inf,619.567,619.567
520,T5,BESTEFFORT,COMPLETED,m7-1,512.311,"{'m1-1': 27.36, 'm2-1': 110.67, 'm3-1': 24.51, 'm4-1': 9.96, 'm5-1': 11.11, 'm6-1': 107.29, 'm7-1': 4.98, 'm8-1': 5.54}",7.470000000000001,614.989,619.969,inf,622.311,622.311
521,T6,BESTEFFORT,COMPLETED,m4-1,512.805,"{'m1-1': 26.26, 'm2-1': 110.44, 'm3-1': 27.44, 'm4-1': 10.24, 'm5-1': 10.81, 'm6-1': 114.52, 'm7-1': 4.93, 'm8-1': 5.13}",15.36,610.743,620.9830000000001,inf,622.805,622.805
522,T8,BESTEFFORT,MISSED,m8-1,512.907,"{'m1-1': 28.7, 'm2-1': 100.63, 'm3-1': 25.47, 'm4-1': 10.1, 'm5-1': 10.79, 'm6-1': 109.32, 'm7-1': 5.35, 'm8-1': 5.41}",7.4310000000006085,617.9529999999996,inf,622.907,622.907,622.907
523,T5,BESTEFFORT,COMPLETED,m5-1,513.019,"{'m1-1': 28.12, 'm2-1': 97.49, 'm3-1': 26.06, 'm4-1': 10.25, 'm5-1': 9.81, 'm6-1': 101.07, 'm7-1': 5.13, 'm8-1': 5.19}",14.715,611.47,621.28,inf,623.019,623.019
524,T9,BESTEFFORT,CANCELLED,,513.047,"{'m1-1': 27.17, 'm2-1': 100.7, 'm3-1': 25.22, 'm4-1': 10.53, 'm5-1': 9.5, 'm6-1': 106.37, 'm7-1': 4.83, 'm8-1': 5.3}",0.0,inf,inf,inf,623.047,623.047
525,T7,BESTEFFORT,CANCELLED,,513.059,"{'m1-1': 28.12, 'm2-1': 93.01, 'm3-1': 23.51, 'm4-1': 10.39, 'm5-1': 10.74, 'm6-1': 102.86, 'm7-1': 5.34, 'm8-1': 5.14}",0.0,inf,inf,inf,623.059,623.059
526,T5,BESTEFFORT,CANCELLED,,513.245,"{'m1-1': 25.55, 'm2-1': 94.99, 'm3-1': 26.33, 'm4-1': 10.96, 'm5-1': 10.8, 'm6-1': 112.09, 'm7-1': 5.44, 'm8-1': 4.96}",0.0,inf,inf,inf,623.245,623.245
527,T4,BESTEFFORT,CANCELLED,,513.6,"{'m1-1': 26.82, 'm2-1': 106.52, 'm3-1': 26.88, 'm4-1': 10.63, 'm5-1': 11.05, 'm6-1': 112.99, 'm7-1': 4.96, 'm8-1': 5.61}",0.0,inf,inf,inf,623.6,623.6
528,T7,BESTEFFORT,CANCELLED,,514.198,"{'m1-1': 27.97, 'm2-1': 106.1, 'm3-1': 26.01, 'm4-1': 11.31, 'm5-1': 9.78, 'm6-1': 111.73, 'm7-1': 4.64, 'm8-1': 5.51}",0.0,inf,inf,inf,624.198,624.198
529,T5,BESTEFFORT,CANCELLED,,514.638,"{'m1-1': 29.02, 'm2-1': 102.47, 'm3-1': 26.03, 'm4-1': 10.53, 'm5-1': 10.16, 'm6-1': 103.54, 'm7-1': 5.61, 'm8-1': 5.0}",0.0,inf,inf,inf,624.638,624.638
530,T10,BESTEFFORT,CANCELLED,,515.207,"{'m1-1': 24.89, 'm2-1': 112.23, 'm3-1': 27.27, 'm4-1': 9.59, 'm5-1': 10.52, 'm6-1': 101.93, 'm7-1': 5.37, 'm8-1': 4.82}",0.0,inf,inf,inf,625.207,625.207
531,T10,BESTEFFORT,COMPLETED,m7-1,517.142,"{'m1-1': 24.85, 'm2-1': 104.77, 'm3-1': 25.5, 'm4-1': 10.26, 'm5-1': 10.95, 'm6-1': 106.92, 'm7-1': 5.5, 'm8-1': 5.58}",8.25,619.969,625.469,inf,627.142,627.142
532,T3,BESTEFFORT,CANCELLED,,517.236,"{'m1-1': 25.99, 'm2-1': 100.01, 'm3-1': 25.71, 'm4-1': 10.33, 'm5-1': 11.02, 'm6-1': 99.39, 'm7-1': 5.26, 'm8-1': 5.55}",0.0,inf,inf,inf,627.236,627.236
533,T2,BESTEFFORT,CANCELLED,,517.343,"{'m1-1': 25.69, 'm2-1': 96.48, 'm3-1': 25.2, 'm4-1': 11.15, 'm5-1': 11.31, 'm6-1': 97.02, 'm7-1': 5.43, 'm8-1': 5.21}",0.0,inf,inf,inf,627.343,627.343
534,T8,BESTEFFORT,CANCELLED,,517.384,"{'m1-1': 26.42, 'm2-1': 101.63, 'm3-1': 23.07, 'm4-1': 11.32, 'm5-1': 10.36, 'm6-1': 104.16, 'm7-1': 4.62, 'm8-1': 5.04}",0.0,inf,inf,inf,627.384,627.384
535,T8,BESTEFFORT,COMPLETED,m8-1,518.713,"{'m1-1': 25.36, 'm2-1': 102.54, 'm3-1': 23.29, 'm4-1': 9.93, 'm5-1': 11.17, 'm6-1': 104.08, 'm7-1': 4.99, 'm8-1': 5.33}",7.995,622.907,628.2370000000001,inf,628.713,628.713
536,T7,BESTEFFORT,MISSED,m3-1,519.939,"{'m1-1': 27.22, 'm2-1': 94.15, 'm3-1': 23.73, 'm4-1': 11.83, 'm5-1': 9.64, 'm6-1': 104.61, 'm7-1': 4.79, 'm8-1': 5.61}",33.179999999999836,607.8190000000001,inf,629.939,629.939,629.939
537,T8,BESTEFFORT,COMPLETED,m7-1,521.389,"{'m1-1': 25.76, 'm2-1': 113.86, 'm3-1': 23.67, 'm4-1': 10.5, 'm5-1': 10.04, 'm6-1': 102.41, 'm7-1': 4.71, 'm8-1': 5.05}",7.0649999999999995,625.469,630.1790000000001,inf,631.389,631.389
538,T4,BESTEFFORT,CANCELLED,,521.404,"{'m1-1': 27.81, 'm2-1': 116.34, 'm3-1': 26.57, 'm4-1': 9.94, 'm5-1': 11.22, 'm6-1': 112.19, 'm7-1': 4.88, 'm8-1': 5.74}",0.0,inf,inf,inf,631.404,631.404
539,T4,BESTEFFORT,COMPLETED,m4-1,523.632,"{'m1-1': 27.24, 'm2-1': 103.39, 'm3-1': 25.88, 'm4-1': 9.73, 'm5-1': 9.89, 'm6-1': 105.64, 'm7-1': 5.44, 'm8-1': 5.24}",14.595,620.9830000000001,630.7130000000001,inf,633.632,633.632
540,T4,BESTEFFORT,COMPLETED,m5-1,527.748,"{'m1-1': 29.24, 'm2-1': 113.84, 'm3-1': 23.95, 'm4-1': 10.71, 'm5-1': 11.17, 'm6-1': 105.9, 'm7-1': 4.97, 'm8-1': 5.48}",16.755,621.28,632.4499999999999,inf,637.748,637.748
541,T10,BESTEFFORT,COMPLETED,m1-1,527.844,"{'m1-1': 27.55, 'm2-1': 100.42, 'm3-1': 26.12, 'm4-1': 10.62, 'm5-1': 9.89, 'm6-1': 101.91, 'm7-1': 5.09, 'm8-1': 4.93}",41.325,607.907,635.457,inf,637.844,637.844
542,T10,BESTEFFORT,COMPLETED,m8-1,527.93,"{'m1-1': 26.26, 'm2-1': 107.96, 'm3-1': 26.44, 'm4-1': 10.08, 'm5-1': 10.66, 'm6-1': 108.06, 'm7-1': 4.96, 'm8-1': 4.78}",7.17,628.2370000000001,633.017,inf,637.93,637.93
543,T2,BESTEFFORT,COMPLETED,m7-1,529.382,"{'m1-1': 25.74, 'm2-1': 98.47, 'm3-1': 28.37, 'm4-1': 10.04, 'm5-1': 9.83, 'm6-1': 109.56, 'm7-1': 5.43, 'm8-1': 4.99}",8.145,630.1790000000001,635.609,inf,639.382,639.382
544,T6,BESTEFFORT,COMPLETED,m8-1,529.841,"{'m1-1': 24.09, 'm2-1': 103.71, 'm3-1': 24.93, 'm4-1': 10.56, 'm5-1': 9.83, 'm6-1': 115.33, 'm7-1': 5.6, 'm8-1': 4.88}",7.32,633.017,637.897,inf,639.841,639.841
545,T6,BESTEFFORT,MISSED,m7-1,531.149,"{'m1-1': 24.13, 'm2-1': 115.73, 'm3-1': 27.84, 'm4-1': 10.66, 'm5-1': 10.03, 'm6-1': 111.71, 'm7-1': 5.57, 'm8-1': 5.09}",8.309999999999945,635.609,inf,641.149,641.149,641.149
546,T5,BESTEFFORT,CANCELLED,,531.897,"{'m1-1': 28.8, 'm2-1': 98.82, 'm3-1': 24.86, 'm4-1': 9.78, 'm5-1': 10.06, 'm6-1': 106.38, 'm7-1': 5.61, 'm8-1': 5.05}",0.0,inf,inf,inf,641.897,641.897
547,T6,BESTEFFORT,CANCELLED,,532.439,"{'m1-1': 24.07, 'm2-1': 110.92, 'm3-1': 28.05, 'm4-1': 9.75, 'm5-1': 9.25, 'm6-1': 114.96, 'm7-1': 5.14, 'm8-1': 5.03}",0.0,inf,inf,inf,642.439,642.439
548,T3,BESTEFFORT,COMPLETED,m4-1,533.471,"{'m1-1': 26.98, 'm2-1': 100.44, 'm3-1': 25.26, 'm4-1': 11.1, 'm5-1': 10.45, 'm6-1': 110.74, 'm7-1': 5.61, 'm8-1': 5.28}",16.65,630.7130000000001,641.8130000000001,inf,643.471,643.471
549,T8,BESTEFFORT,COMPLETED,m8-1,534.071,"{'m1-1': 25.56, 'm2-1': 106.61, 'm3-1': 26.49, 'm4-1': 11.24, 'm5-1': 10.66, 'm6-1': 103.3, 'm7-1': 5.26, 'm8-1': 4.97}",7.455,637.897,642.8670000000001,inf,644.071,644.071
550,T5,BESTEFFORT,CANCELLED,,534.681,"{'m1-1': 28.59, 'm2-1': 106.57, 'm3-1': 26.17, 'm4-1': 10.9, 'm5-1': 10.16, 'm6-1': 113.57, 'm7-1': 4.97, 'm8-1': 5.54}",0.0,inf,inf,inf,644.681,644.681
551,T2,BESTEFFORT,COMPLETED,m5-1,535.628,"{'m1-1': 24.66, 'm2-1': 111.0, 'm3-1': 26.81, 'm4-1': 11.27, 'm5-1': 11.34, 'm6-1': 101.62, 'm7-1': 4.84, 'm8-1': 4.96}",17.009999999999998,632.4499999999999,643.79,inf,645.628,645.628
552,T1,BESTEFFORT,CANCELLED,,536.173,"{'m1-1': 25.04, 'm2-1': 113.42, 'm3-1': 28.65, 'm4-1': 11.23, 'm5-1': 10.08, 'm6-1': 115.12, 'm7-1': 5.17, 'm8-1': 4.98}",0.0,inf,inf,inf,646.173,646.173
553,T6,BESTEFFORT,MISSED,m7-1,536.591,"{'m1-1': 24.1, 'm2-1': 113.03, 'm3-1': 26.64, 'm4-1': 11.13, 'm5-1': 9.88, 'm6-1': 109.73, 'm7-1': 5.5, 'm8-1': 5.44}",8.163000000000011,641.149,inf,646.591,646.591,646.591
554,T7,BESTEFFORT,CANCELLED,,537.114,"{'m1-1': 25.58, 'm2-1': 103.24, 'm3-1': 24.97, 'm4-1': 10.07, 'm5-1': 10.44, 'm6-1': 97.82, 'm7-1': 5.29, 'm8-1': 5.65}",0.0,inf,inf,inf,647.114,647.114
555,T5,BESTEFFORT,CANCELLED,,537.534,"{'m1-1': 28.82, 'm2-1': 101.72, 'm3-1': 25.34, 'm4-1': 11.21, 'm5-1': 10.74, 'm6-1': 111.75, 'm7-1': 5.0, 'm8-1': 5.2}",0.0,inf,inf,inf,647.534,647.534
556,T6,BESTEFFORT,CANCELLED,,537.878,"{'m1-1': 23.85, 'm2-1': 100.48, 'm3-1': 26.66, 'm4-1': 9.49, 'm5-1': 10.16, 'm6-1': 114.14, 'm7-1': 5.1, 'm8-1': 5.26}",0.0,inf,inf,inf,647.878,647.878
557,T3,BESTEFFORT,CANCELLED,,538.219,"{'m1-1': 26.12, 'm2-1': 100.37, 'm3-1': 27.55, 'm4-1': 10.99, 'm5-1': 11.03, 'm6-1': 100.54, 'm7-1': 5.77, 'm8-1': 4.76}",0.0,inf,inf,inf,648.219,648.219
558,T7,BESTEFFORT,CANCELLED,,538.96,"{'m1-1': 24.76, 'm2-1': 96.11, 'm3-1': 26.87, 'm4-1': 10.25, 'm5-1': 10.64, 'm6-1': 106.4, 'm7-1': 5.16, 'm8-1': 5.78}",0.0,inf,inf,inf,648.96,648.96
559,T4,BESTEFFORT,COMPLETED,m8-1,540.414,"{'m1-1': 28.15, 'm2-1': 108.8, 'm3-1': 24.32, 'm4-1': 9.28, 'm5-1': 11.35, 'm6-1': 98.2, 'm7-1': 5.39, 'm8-1': 5.16}",7.74,642.8670000000001,648.027,inf,650.414,650.414
560,T3,BESTEFFORT,CANCELLED,,540.715,"{'m1-1': 24.95, 'm2-1': 105.36, 'm3-1': 26.0, 'm4-1': 10.8, 'm5-1': 11.01, 'm6-1': 104.84, 'm7-1': 4.98, 'm8-1': 5.33}",0.0,inf,inf,inf,650.715,650.715
561,T10,BESTEFFORT,COMPLETED,m4-1,542.973,"{'m1-1': 24.22, 'm2-1': 101.02, 'm3-1': 24.96, 'm4-1': 10.0, 'm5-1': 10.99, 'm6-1': 98.48, 'm7-1': 5.42, 'm8-1': 5.19}",15.0,641.8130000000001,651.8130000000001,inf,652.973,652.973
562,T7,BESTEFFORT,COMPLETED,m8-1,543.364,"{'m1-1': 26.01, 'm2-1': 93.34, 'm3-1': 25.31, 'm4-1': 11.52, 'm5-1': 10.17, 'm6-1': 99.7, 'm7-1': 5.22, 'm8-1': 4.89}",7.334999999999999,648.027,652.917,inf,653.364,653.364
563,T4,BESTEFFORT,CANCELLED,,543.374,"{'m1-1': 29.43, 'm2-1': 110.87, 'm3-1': 23.0, 'm4-1': 10.71, 'm5-1': 11.23, 'm6-1': 111.13, 'm7-1': 5.34, 'm8-1': 5.19}",0.0,inf,inf,inf,653.374,653.374
564,T5,BESTEFFORT,COMPLETED,m7-1,543.454,"{'m1-1': 29.05, 'm2-1': 104.31, 'm3-1': 26.54, 'm4-1': 11.28, 'm5-1': 11.04, 'm6-1': 112.37, 'm7-1': 5.51, 'm8-1': 5.08}",8.265,646.591,652.101,inf,653.454,653.454
565,T2,BESTEFFORT,CANCELLED,,544.316,"{'m1-1': 27.8, 'm2-1': 109.54, 'm3-1': 28.49, 'm4-1': 10.65, 'm5-1': 11.31, 'm6-1': 101.18, 'm7-1': 4.86, 'm8-1': 5.03}",0.0,inf,inf,inf,654.316,654.316
566,T10,BESTEFFORT,MISSED,m2-1,544.487,"{'m1-1': 26.98, 'm2-1': 103.04, 'm3-1': 25.55, 'm4-1': 9.57, 'm5-1': 10.96, 'm6-1': 107.44, 'm7-1': 5.53, 'm8-1': 5.52}",0.0,680.757,inf,680.757,654.487,654.487
567,T7,BESTEFFORT,COMPLETED,m5-1,544.867,"{'m1-1': 27.49, 'm2-1': 93.14, 'm3-1': 23.74, 'm4-1': 11.56, 'm5-1': 9.91, 'm6-1': 110.93, 'm7-1': 5.03, 'm8-1': 5.46}",14.865,643.79,653.6999999999999,inf,654.867,654.867
568,T7,BESTEFFORT,MISSED,m2-1,545.474,"{'m1-1': 27.78, 'm2-1': 108.05, 'm3-1': 23.28, 'm4-1': 11.38, 'm5-1': 9.42, 'm6-1': 103.76, 'm7-1': 4.94, 'm8-1': 5.46}",0.0,680.757,inf,680.757,655.474,655.474
569,T3,BESTEFFORT,MISSED,m3-1,545.517,"{'m1-1': 26.97, 'm2-1': 108.53, 'm3-1': 27.84, 'm4-1': 9.55, 'm5-1': 9.86, 'm6-1': 111.46, 'm7-1': 5.02, 'm8-1': 4.82}",38.36700000000013,629.939,inf,655.517,655.517,655.517
570,T5,BESTEFFORT,CANCELLED,,545.529,"{'m1-1': 27.73, 'm2-1': 95.86, 'm3-1': 25.86, 'm4-1': 9.96, 'm5-1': 9.87, 'm6-1': 103.08, 'm7-1': 5.17, 'm8-1': 4.76}",0.0,inf,inf,inf,655.529,655.529
571,T4,BESTEFFORT,CANCELLED,,546.595,"{'m1-1': 29.29, 'm2-1': 103.88, 'm3-1': 24.49, 'm4-1': 10.51, 'm5-1': 10.01, 'm6-1': 109.87, 'm7-1': 5.51, 'm8-1': 5.03}",0.0,inf,inf,inf,656.595,656.595
572,T2,BESTEFFORT,MISSED,m2-1,546.905,"{'m1-1': 27.88, 'm2-1': 106.93, 'm3-1': 25.5, 'm4-1': 11.06, 'm5-1': 11.34, 'm6-1': 113.2, 'm7-1': 5.36, 'm8-1': 5.22}",0.0,680.757,inf,680.757,656.905,656.905
573,T3,BESTEFFORT,COMPLETED,m2-1,547.67,"{'m1-1': 26.42, 'm2-1': 97.58, 'm3-1': 27.62, 'm4-1': 10.49, 'm5-1': 11.04, 'm6-1': 104.19, 'm7-1': 4.91, 'm8-1': 5.35}",146.37,555.899,653.479,inf,657.67,657.67
574,T10,BESTEFFORT,COMPLETED,m7-1,548.721,"{'m1-1': 24.74, 'm2-1': 111.04, 'm3-1': 28.39, 'm4-1': 10.01, 'm5-1': 10.86, 'm6-1': 100.59, 'm7-1': 5.28, 'm8-1': 5.37}",7.92,652.101,657.381,inf,658.721,658.721
575,T9,BESTEFFORT,CANCELLED,,550.844,"{'m1-1': 27.69, 'm2-1': 108.24, 'm3-1': 27.72, 'm4-1': 10.83, 'm5-1': 11.12, 'm6-1': 111.46, 'm7-1': 5.46, 'm8-1': 5.27}",0.0,inf,inf,inf,660.844,660.844
576,T4,BESTEFFORT,COMPLETED,m8-1,551.147,"{'m1-1': 26.69, 'm2-1': 108.65, 'm3-1': 23.15, 'm4-1': 9.94, 'm5-1': 11.18, 'm6-1': 101.43, 'm7-1': 4.85, 'm8-1': 5.18}",7.77,652.917,658.097,inf,661.147,661.147
577,T9,BESTEFFORT,COMPLETED,m1-1,552.307,"{'m1-1': 25.61, 'm2-1': 105.09, 'm3-1': 26.98, 'm4-1': 10.43, 'm5-1': 9.39, 'm6-1': 102.9, 'm7-1': 4.88, 'm8-1': 4.9}",38.415,635.457,661.067,inf,662.307,662.307
578,T9,BESTEFFORT,COMPLETED,m4-1,553.282,"{'m1-1': 27.44, 'm2-1': 109.19, 'm3-1': 25.2, 'm4-1': 11.1, 'm5-1': 11.0, 'm6-1': 103.4, 'm7-1': 5.07, 'm8-1': 5.19}",16.65,651.8130000000001,662.9130000000001,inf,663.282,663.282
579,T7,BESTEFFORT,COMPLETED,m7-1,553.722,"{'m1-1': 24.64, 'm2-1': 96.86, 'm3-1': 24.99, 'm4-1': 10.11, 'm5-1': 10.74, 'm6-1': 109.7, 'm7-1': 4.76, 'm8-1': 5.22}",7.14,657.381,662.141,inf,663.722,663.722
580,T6,BESTEFFORT,COMPLETED,m5-1,554.241,"{'m1-1': 27.18, 'm2-1': 100.68, 'm3-1': 25.79, 'm4-1': 9.68, 'm5-1': 9.76, 'm6-1': 114.37, 'm7-1': 5.69, 'm8-1': 4.94}",14.64,653.6999999999999,663.4599999999999,inf,664.241,664.241
581,T4,BESTEFFORT,COMPLETED,m8-1,554.357,"{'m1-1': 28.09, 'm2-1': 112.85, 'm3-1': 24.27, 'm4-1': 9.94, 'm5-1': 11.04, 'm6-1': 110.22, 'm7-1': 5.42, 'm8-1': 5.19}",7.785,658.097,663.287,inf,664.357,664.357
582,T6,BESTEFFORT,CANCELLED,,555.532,"{'m1-1': 25.88, 'm2-1': 105.06, 'm3-1': 26.56, 'm4-1': 9.51, 'm5-1': 9.7, 'm6-1': 107.15, 'm7-1': 5.36, 'm8-1': 5.77}",0.0,inf,inf,inf,665.532,665.532
583,T7,BESTEFFORT,CANCELLED,,557.565,"{'m1-1': 24.91, 'm2-1': 104.34, 'm3-1': 27.18, 'm4-1': 10.14, 'm5-1': 10.81, 'm6-1': 108.64, 'm7-1': 5.07, 'm8-1': 5.14}",0.0,inf,inf,inf,667.565,667.565
584,T3,BESTEFFORT,COMPLETED,m7-1,559.017,"{'m1-1': 25.08, 'm2-1': 100.51, 'm3-1': 24.35, 'm4-1': 11.06, 'm5-1': 10.21, 'm6-1': 96.45, 'm7-1': 5.1, 'm8-1': 4.79}",7.6499999999999995,662.141,667.241,inf,669.017,669.017
585,T2,BESTEFFORT,COMPLETED,m8-1,560.203,"{'m1-1': 26.44, 'm2-1': 108.42, 'm3-1': 26.7, 'm4-1': 11.22, 'm5-1': 10.72, 'm6-1': 111.36, 'm7-1': 5.37, 'm8-1': 5.0}",7.5,663.287,668.287,inf,670.203,670.203
586,T2,BESTEFFORT,MISSED,m6-1,562.22,"{'m1-1': 26.93, 'm2-1': 95.67, 'm3-1': 28.56, 'm4-1': 10.89, 'm5-1': 11.42, 'm6-1': 109.78, 'm7-1': 5.16, 'm8-1': 5.56}",144.6015000000001,575.819,inf,672.22,672.22,672.22
587,T7,BESTEFFORT,COMPLETED,m4-1,567.885,"{'m1-1': 26.89, 'm2-1': 93.69, 'm3-1': 26.89, 'm4-1': 11.81, 'm5-1': 10.82, 'm6-1': 104.23, 'm7-1': 4.92, 'm8-1': 5.32}",17.715,662.9130000000001,674.7230000000001,inf,677.885,677.885
588,T6,BESTEFFORT,COMPLETED,m5-1,568.297,"{'m1-1': 23.14, 'm2-1': 103.18, 'm3-1': 26.66, 'm4-1': 10.03, 'm5-1': 10.42, 'm6-1': 107.32, 'm7-1': 5.35, 'm8-1': 5.65}",15.629999999999999,663.4599999999999,673.8799999999999,inf,678.297,678.297
589,T6,BESTEFFORT,COMPLETED,m7-1,569.166,"{'m1-1': 23.49, 'm2-1': 114.9, 'm3-1': 28.66, 'm4-1': 9.58, 'm5-1': 9.24, 'm6-1': 106.82, 'm7-1': 5.17, 'm8-1': 4.97}",7.755,667.241,672.411,inf,679.166,679.166
590,T10,BESTEFFORT,COMPLETED,m8-1,569.984,"{'m1-1': 25.93, 'm2-1': 112.86, 'm3-1': 25.28, 'm4-1': 9.85, 'm5-1': 10.87, 'm6-1': 98.71, 'm7-1': 4.99, 'm8-1': 5.28}",7.92,668.287,673.567,inf,679.984,679.984
591,T6,BESTEFFORT,MISSED,m2-1,570.757,"{'m1-1': 23.66, 'm2-1': 106.71, 'm3-1': 26.72, 'm4-1': 10.73, 'm5-1': 9.34, 'm6-1': 108.28, 'm7-1': 5.46, 'm8-1': 5.25}",40.91699999999986,653.479,inf,680.757,680.757,680.757
592,T1,BESTEFFORT,COMPLETED,m8-1,571.958,"{'m1-1': 29.51, 'm2-1': 109.01, 'm3-1': 25.69, 'm4-1': 11.32, 'm5-1': 9.72, 'm6-1': 106.36, 'm7-1': 5.37, 'm8-1': 4.86}",7.290000000000001,673.567,678.427,inf,681.958,681.958
593,T4,BESTEFFORT,COMPLETED,m7-1,571.992,"{'m1-1': 25.57, 'm2-1': 99.74, 'm3-1': 25.97, 'm4-1': 9.31, 'm5-1': 11.62, 'm6-1': 100.32, 'm7-1': 4.75, 'm8-1': 5.57}",7.125,672.411,677.161,inf,681.992,681.992
594,T4,BESTEFFORT,MISSED,m6-1,573.512,"{'m1-1': 24.91, 'm2-1': 114.09, 'm3-1': 25.65, 'm4-1': 10.86, 'm5-1': 9.94, 'm6-1': 97.39, 'm7-1': 5.3, 'm8-1': 5.13}",0.0,696.527,inf,696.527,683.512,683.512
595,T7,BESTEFFORT,MISSED,m4-1,574.936,"{'m1-1': 24.8, 'm2-1': 99.66, 'm3-1': 24.05, 'm4-1': 10.72, 'm5-1': 10.4, 'm6-1': 108.13, 'm7-1': 4.9, 'm8-1': 5.59}",15.319499999999948,674.7230000000001,inf,684.936,684.936,684.936
596,T6,BESTEFFORT,COMPLETED,m3-1,575.356,"{'m1-1': 24.93, 'm2-1': 111.7, 'm3-1': 25.49, 'm4-1': 10.4, 'm5-1': 9.59, 'm6-1': 111.96, 'm7-1': 5.74, 'm8-1': 5.08}",38.235,655.517,681.0070000000001,inf,685.356,685.356
597,T4,BESTEFFORT,COMPLETED,m7-1,575.361,"{'m1-1': 27.3, 'm2-1': 101.63, 'm3-1': 24.89, 'm4-1': 9.86, 'm5-1': 9.92, 'm6-1': 114.03, 'm7-1': 5.19, 'm8-1': 5.36}",7.785,677.161,682.351,inf,685.361,685.361
598,T2,BESTEFFORT,MISSED,m6-1,576.228,"{'m1-1': 25.98, 'm2-1': 98.12, 'm3-1': 25.83, 'm4-1': 11.17, 'm5-1': 11.39, 'm6-1': 110.5, 'm7-1': 4.81, 'm8-1': 4.96}",0.0,696.527,inf,696.527,686.228,686.228
599,T10,BESTEFFORT,COMPLETED,m8-1,576.24,"{'m1-1': 24.09, 'm2-1': 105.72, 'm3-1': 25.04, 'm4-1': 10.48, 'm5-1': 9.64, 'm6-1': 99.78, 'm7-1': 5.35, 'm8-1': 4.87}",7.305,678.427,683.297,inf,686.24,686.24
600,T4,BESTEFFORT,COMPLETED,m5-1,576.379,"{'m1-1': 24.98, 'm2-1': 104.3, 'm3-1': 24.56, 'm4-1': 9.85, 'm5-1': 10.7, 'm6-1': 107.13, 'm7-1': 4.98, 'm8-1': 5.02}",16.049999999999997,673.8799999999999,684.5799999999999,inf,686.379,686.379
601,T6,BESTEFFORT,MISSED,m2-1,576.779,"{'m1-1': 23.93, 'm2-1': 101.99, 'm3-1': 25.58, 'm4-1': 10.11, 'm5-1': 10.54, 'm6-1': 109.7, 'm7-1': 5.2, 'm8-1': 4.88}",0.0,758.983,inf,758.983,686.779,686.779
602,T8,BESTEFFORT,MISSED,m6-1,577.126,"{'m1-1': 26.39, 'm2-1': 106.81, 'm3-1': 26.9, 'm4-1': 9.86, 'm5-1': 11.64, 'm6-1': 116.99, 'm7-1': 4.99, 'm8-1': 5.0}",0.0,696.527,inf,696.527,687.126,687.126
603,T7,BESTEFFORT,CANCELLED,,577.132,"{'m1-1': 24.31, 'm2-1': 109.8, 'm3-1': 24.14, 'm4-1': 11.91, 'm5-1': 10.89, 'm6-1': 97.21, 'm7-1': 5.43, 'm8-1': 5.36}",0.0,inf,inf,inf,687.132,687.132
604,T2,BESTEFFORT,COMPLETED,m1-1,577.985,"{'m1-1': 25.61, 'm2-1': 108.75, 'm3-1': 27.08, 'm4-1': 11.05, 'm5-1': 10.76, 'm6-1': 110.5, 'm7-1': 4.99, 'm8-1': 4.99}",38.415,661.067,686.677,inf,687.985,687.985
605,T5,BESTEFFORT,COMPLETED,m7-1,578.911,"{'m1-1': 27.0, 'm2-1': 110.5, 'm3-1': 25.33, 'm4-1': 9.86, 'm5-1': 10.34, 'm6-1': 115.43, 'm7-1': 5.66, 'm8-1': 5.48}",8.49,682.351,688.011,inf,688.911,688.911
606,T8,BESTEFFORT,COMPLETED,m8-1,580.074,"{'m1-1': 24.89, 'm2-1': 98.13, 'm3-1': 24.22, 'm4-1': 10.1, 'm5-1': 11.5, 'm6-1': 99.77, 'm7-1': 4.68, 'm8-1': 4.94}",7.41,683.297,688.2370000000001,inf,690.074,690.074
607,T10,BESTEFFORT,MISSED,m2-1,580.176,"{'m1-1': 26.02, 'm2-1': 96.38, 'm3-1': 28.67, 'm4-1': 9.32, 'm5-1': 10.42, 'm6-1': 112.68, 'm7-1': 5.18, 'm8-1': 5.23}",0.0,758.983,inf,758.983,690.176,690.176
608,T3,BESTEFFORT,CANCELLED,,581.147,"{'m1-1': 25.68, 'm2-1': 105.57, 'm3-1': 26.07, 'm4-1': 10.25, 'm5-1': 10.74, 'm6-1': 108.21, 'm7-1': 4.98, 'm8-1': 5.28}",0.0,inf,inf,inf,691.147,691.147
609,T5,BESTEFFORT,CANCELLED,,582.19,"{'m1-1': 25.14, 'm2-1': 105.03, 'm3-1': 25.67, 'm4-1': 9.96, 'm5-1': 10.27, 'm6-1': 102.88, 'm7-1': 4.91, 'm8-1': 5.04}",0.0,inf,inf,inf,692.19,692.19
610,T5,BESTEFFORT,CANCELLED,,583.181,"{'m1-1': 26.78, 'm2-1': 100.21, 'm3-1': 25.67, 'm4-1': 10.68, 'm5-1': 10.21, 'm6-1': 110.22, 'm7-1': 4.91, 'm8-1': 5.42}",0.0,inf,inf,inf,693.181,693.181
611,T7,BESTEFFORT,COMPLETED,m7-1,583.707,"{'m1-1': 28.21, 'm2-1': 96.6, 'm3-1': 26.55, 'm4-1': 10.29, 'm5-1': 9.71, 'm6-1': 96.99, 'm7-1': 4.96, 'm8-1': 5.04}",7.4399999999999995,688.011,692.971,inf,693.707,693.707
612,T10,BESTEFFORT,MISSED,m4-1,584.676,"{'m1-1': 24.28, 'm2-1': 104.18, 'm3-1': 26.44, 'm4-1': 10.69, 'm5-1': 10.8, 'm6-1': 99.33, 'm7-1': 5.05, 'm8-1': 5.63}",14.610000000000014,684.936,inf,694.676,694.676,694.676
613,T10,BESTEFFORT,COMPLETED,m8-1,586.131,"{'m1-1': 28.38, 'm2-1': 112.5, 'm3-1': 26.21, 'm4-1': 10.72, 'm5-1': 9.8, 'm6-1': 115.12, 'm7-1': 5.45, 'm8-1': 5.38}",8.07,688.2370000000001,693.6170000000001,inf,696.131,696.131
614,T5,BESTEFFORT,MISSED,m6-1,586.527,"{'m1-1': 26.75, 'm2-1': 105.11, 'm3-1': 25.82, 'm4-1': 11.46, 'm5-1': 9.78, 'm6-1': 118.72, 'm7-1': 5.61, 'm8-1': 5.03}",36.460500000000025,672.22,inf,696.527,696.527,696.527
615,T9,BESTEFFORT,COMPLETED,m5-1,588.339,"{'m1-1': 26.29, 'm2-1': 105.87, 'm3-1': 27.02, 'm4-1': 11.01, 'm5-1': 10.22, 'm6-1': 104.62, 'm7-1': 5.15, 'm8-1': 5.22}",15.330000000000002,684.5799999999999,694.8,inf,698.339,698.339
616,T3,BESTEFFORT,COMPLETED,m7-1,590.766,"{'m1-1': 24.06, 'm2-1': 102.46, 'm3-1': 26.9, 'm4-1': 10.24, 'm5-1': 11.03, 'm6-1': 104.01, 'm7-1': 5.44, 'm8-1': 5.28}",8.16,692.971,698.4110000000001,inf,700.766,700.766
617,T7,BESTEFFORT,COMPLETED,m8-1,592.878,"{'m1-1': 24.27, 'm2-1': 108.72, 'm3-1': 25.54, 'm4-1': 10.92, 'm5-1': 9.61, 'm6-1': 110.34, 'm7-1': 4.87, 'm8-1': 5.44}",8.16,693.6170000000001,699.0570000000001,inf,702.878,702.878
618,T6,BESTEFFORT,COMPLETED,m4-1,595.667,"{'m1-1': 24.81, 'm2-1': 116.25, 'm3-1': 25.1, 'm4-1': 9.91, 'm5-1': 9.94, 'm6-1': 99.66, 'm7-1': 4.92, 'm8-1': 5.31}",14.865,694.676,704.586,inf,705.667,705.667
619,T9,BESTEFFORT,COMPLETED,m7-1,596.388,"{'m1-1': 26.15, 'm2-1': 96.46, 'm3-1': 28.35, 'm4-1': 10.6, 'm5-1': 9.59, 'm6-1': 100.73, 'm7-1': 5.47, 'm8-1': 4.71}",8.205,698.4110000000001,703.8810000000001,inf,706.388,706.388
620,T10,BESTEFFORT,COMPLETED,m8-1,597.184,"{'m1-1': 27.7, 'm2-1': 110.02, 'm3-1': 24.62, 'm4-1': 9.75, 'm5-1': 10.31, 'm6-1': 105.13, 'm7-1': 5.33, 'm8-1': 4.77}",7.154999999999999,699.0570000000001,703.8270000000001,inf,707.184,707.184
621,T8,BESTEFFORT,COMPLETED,m5-1,598.264,"{'m1-1': 26.84, 'm2-1': 97.22, 'm3-1': 25.48, 'm4-1': 9.83, 'm5-1': 10.98, 'm6-1': 113.29, 'm7-1': 5.19, 'm8-1': 5.33}",16.47,694.8,705.78,inf,708.264,708.264
622,T4,BESTEFFORT,MISSED,m7-1,598.968,"{'m1-1': 26.17, 'm2-1': 104.32, 'm3-1': 26.91, 'm4-1': 9.47, 'm5-1': 11.56, 'm6-1': 101.81, 'm7-1': 5.57, 'm8-1': 5.68}",7.630499999999813,703.8810000000001,inf,708.968,708.968,708.968
623,T4,BESTEFFORT,MISSED,m2-1,599.239,"{'m1-1': 26.76, 'm2-1': 115.34, 'm3-1': 23.07, 'm4-1': 9.71, 'm5-1': 11.35, 'm6-1': 114.14, 'm7-1': 5.04, 'm8-1': 5.39}",0.0,758.983,inf,758.983,709.239,709.239
624,T3,BESTEFFORT,MISSED,m6-1,599.799,"{'m1-1': 26.56, 'm2-1': 107.33, 'm3-1': 26.02, 'm4-1': 10.11, 'm5-1': 9.59, 'm6-1': 111.2, 'm7-1': 5.24, 'm8-1': 4.8}",0.0,790.578,inf,790.578,709.799,709.799
625,T9,BESTEFFORT,COMPLETED,m3-1,601.662,"{'m1-1': 28.3, 'm2-1': 102.75, 'm3-1': 24.8, 'm4-1': 9.59, 'm5-1': 11.11, 'm6-1': 112.29, 'm7-1': 5.51, 'm8-1': 5.47}",37.2,681.0070000000001,705.807,inf,711.662,711.662
626,T1,BESTEFFORT,COMPLETED,m8-1,603.041,"{'m1-1': 27.63, 'm2-1': 99.19, 'm3-1': 27.59, 'm4-1': 9.98, 'm5-1': 11.3, 'm6-1': 105.92, 'm7-1': 4.82, 'm8-1': 5.42}",8.129999999999999,703.8270000000001,709.2470000000001,inf,713.041,713.041
627,T2,BESTEFFORT,MISSED,m6-1,603.399,"{'m1-1': 25.86, 'm2-1': 107.51, 'm3-1': 24.72, 'm4-1': 11.17, 'm5-1': 10.3, 'm6-1': 97.28, 'm7-1': 5.31, 'm8-1': 5.49}",0.0,790.578,inf,790.578,713.399,713.399
628,T5,BESTEFFORT,COMPLETED,m1-1,603.942,"{'m1-1': 25.33, 'm2-1': 106.52, 'm3-1': 25.16, 'm4-1': 9.7, 'm5-1': 10.04, 'm6-1': 104.96, 'm7-1': 4.94, 'm8-1': 4.87}",37.995,686.677,712.0070000000001,inf,713.942,713.942
629,T2,BESTEFFORT,COMPLETED,m4-1,605.269,"{'m1-1': 24.77, 'm2-1': 96.72, 'm3-1': 24.99, 'm4-1': 10.02, 'm5-1': 10.89, 'm6-1': 111.29, 'm7-1': 5.36, 'm8-1': 5.31}",15.03,704.586,714.606,inf,715.269,715.269
630,T3,BESTEFFORT,COMPLETED,m7-1,607.608,"{'m1-1': 23.6, 'm2-1': 97.18, 'm3-1': 24.11, 'm4-1': 9.87, 'm5-1': 10.53, 'm6-1': 110.52, 'm7-1': 4.91, 'm8-1': 4.87}",7.365,708.968,713.8779999999999,inf,717.608,717.608
631,T3,BESTEFFORT,COMPLETED,m5-1,609.775,"{'m1-1': 25.68, 'm2-1': 94.97, 'm3-1': 24.25, 'm4-1': 10.04, 'm5-1': 10.7, 'm6-1': 105.87, 'm7-1': 5.67, 'm8-1': 5.11}",16.049999999999997,705.78,716.48,inf,719.775,719.775
632,T1,BESTEFFORT,COMPLETED,m8-1,609.82,"{'m1-1': 26.34, 'm2-1': 103.48, 'm3-1': 24.75, 'm4-1': 10.1, 'm5-1': 9.64, 'm6-1': 104.4, 'm7-1': 4.66, 'm8-1': 5.38}",8.07,709.2470000000001,714.6270000000001,inf,719.82,719.82
633,T5,BESTEFFORT,MISSED,m6-1,611.633,"{'m1-1': 27.71, 'm2-1': 105.07, 'm3-1': 27.72, 'm4-1': 11.35, 'm5-1': 10.11, 'm6-1': 104.35, 'm7-1': 5.41, 'm8-1': 4.9}",0.0,790.578,inf,790.578,721.633,721.633
634,T8,BESTEFFORT,COMPLETED,m7-1,612.998,"{'m1-1': 28.68, 'm2-1': 108.7, 'm3-1': 26.36, 'm4-1': 10.1, 'm5-1': 11.82, 'm6-1': 117.59, 'm7-1': 4.68, 'm8-1': 5.3}",7.02,713.8779999999999,718.5579999999999,inf,722.998,722.998
635,T10,BESTEFFORT,COMPLETED,m8-1,613.624,"{'m1-1': 27.29, 'm2-1': 112.75, 'm3-1': 26.11, 'm4-1': 9.84, 'm5-1': 10.02, 'm6-1': 102.97, 'm7-1': 5.39, 'm8-1': 5.23}",7.845000000000001,714.6270000000001,719.8570000000001,inf,723.624,723.624
636,T2,BESTEFFORT,COMPLETED,m7-1,614.433,"{'m1-1': 28.18, 'm2-1': 103.02, 'm3-1': 27.88, 'm4-1': 10.44, 'm5-1': 10.74, 'm6-1': 105.19, 'm7-1': 5.16, 'm8-1': 5.21}",7.74,718.5579999999999,723.7179999999998,inf,724.433,724.433
637,T5,BESTEFFORT,COMPLETED,m4-1,616.246,"{'m1-1': 26.47, 'm2-1': 104.02, 'm3-1': 24.66, 'm4-1': 9.92, 'm5-1': 10.72, 'm6-1': 116.26, 'm7-1': 5.49, 'm8-1': 4.93}",14.879999999999999,714.606,724.526,inf,726.246,726.246
638,T5,BESTEFFORT,COMPLETED,m8-1,617.437,"{'m1-1': 26.8, 'm2-1': 105.78, 'm3-1': 26.56, 'm4-1': 11.0, 'm5-1': 10.9, 'm6-1': 106.41, 'm7-1': 5.32, 'm8-1': 5.19}",7.785,719.8570000000001,725.0470000000001,inf,727.437,727.437
639,T1,BESTEFFORT,COMPLETED,m5-1,618.573,"{'m1-1': 27.51, 'm2-1': 98.47, 'm3-1': 25.61, 'm4-1': 10.21, 'm5-1': 11.08, 'm6-1': 112.93, 'm7-1': 4.68, 'm8-1': 4.97}",16.62,716.48,727.5600000000001,inf,728.573,728.573
640,T5,BESTEFFORT,COMPLETED,m7-1,620.348,"{'m1-1': 27.49, 'm2-1': 105.66, 'm3-1': 23.78, 'm4-1': 10.44, 'm5-1': 9.82, 'm6-1': 109.83, 'm7-1': 5.72, 'm8-1': 5.31}",8.58,723.7179999999998,729.4379999999999,inf,730.348,730.348
641,T9,BESTEFFORT,COMPLETED,m8-1,622.338,"{'m1-1': 28.69, 'm2-1': 93.95, 'm3-1': 27.4, 'm4-1': 11.22, 'm5-1': 10.2, 'm6-1': 99.06, 'm7-1': 5.18, 'm8-1': 4.63}",6.945,725.0470000000001,729.6770000000001,inf,732.338,732.338
642,T9,BESTEFFORT,CANCELLED,,624.039,"{'m1-1': 28.26, 'm2-1': 105.66, 'm3-1': 25.65, 'm4-1': 10.93, 'm5-1': 11.11, 'm6-1': 102.29, 'm7-1': 4.96, 'm8-1': 4.62}",0.0,inf,inf,inf,734.039,734.039
643,T4,BESTEFFORT,MISSED,m4-1,624.569,"{'m1-1': 25.03, 'm2-1': 101.97, 'm3-1': 23.02, 'm4-1': 10.46, 'm5-1': 11.42, 'm6-1': 97.39, 'm7-1': 5.56, 'm8-1': 5.74}",15.06450000000001,724.526,inf,734.569,734.569,734.569
644,T3,BESTEFFORT,COMPLETED,m7-1,625.17,"{'m1-1': 25.14, 'm2-1': 98.02, 'm3-1': 26.92, 'm4-1': 10.69, 'm5-1': 10.59, 'm6-1': 97.96, 'm7-1': 5.21, 'm8-1': 5.4}",7.8149999999999995,729.4379999999999,734.6479999999999,inf,735.17,735.17
645,T1,BESTEFFORT,COMPLETED,m3-1,626.673,"{'m1-1': 29.56, 'm2-1': 103.43, 'm3-1': 26.02, 'm4-1': 10.22, 'm5-1': 10.55, 'm6-1': 97.85, 'm7-1': 5.32, 'm8-1': 5.66}",39.03,705.807,731.827,inf,736.673,736.673
646,T6,BESTEFFORT,COMPLETED,m8-1,627.658,"{'m1-1': 23.93, 'm2-1': 99.19, 'm3-1': 27.68, 'm4-1': 10.17, 'm5-1': 9.57, 'm6-1': 106.55, 'm7-1': 4.97, 'm8-1': 5.37}",8.055,729.6770000000001,735.0470000000001,inf,737.658,737.658
647,T8,BESTEFFORT,CANCELLED,,627.755,"{'m1-1': 25.56, 'm2-1': 110.31, 'm3-1': 25.42, 'm4-1': 9.88, 'm5-1': 10.33, 'm6-1': 107.86, 'm7-1': 4.84, 'm8-1': 5.46}",0.0,inf,inf,inf,737.755,737.755
648,T6,BESTEFFORT,COMPLETED,m1-1,628.139,"{'m1-1': 23.48, 'm2-1': 102.24, 'm3-1': 27.0, 'm4-1': 10.24, 'm5-1': 10.79, 'm6-1': 115.58, 'm7-1': 5.72, 'm8-1': 5.57}",35.22,712.0070000000001,735.4870000000001,inf,738.139,738.139
649,T10,BESTEFFORT,COMPLETED,m5-1,628.796,"{'m1-1': 24.67, 'm2-1': 97.7, 'm3-1': 29.18, 'm4-1': 9.66, 'm5-1': 10.3, 'm6-1': 101.46, 'm7-1': 4.95, 'm8-1': 5.0}",15.450000000000001,727.5600000000001,737.86,inf,738.796,738.796
650,T6,BESTEFFORT,COMPLETED,m7-1,631.565,"{'m1-1': 25.78, 'm2-1': 101.55, 'm3-1': 24.22, 'm4-1': 11.17, 'm5-1': 10.48, 'm6-1': 104.13, 'm7-1': 5.72, 'm8-1': 5.17}",8.58,734.6479999999999,740.3679999999999,inf,741.565,741.565
651,T7,BESTEFFORT,COMPLETED,m4-1,636.145,"{'m1-1': 25.1, 'm2-1': 101.06, 'm3-1': 26.9, 'm4-1': 10.95, 'm5-1': 10.8, 'm6-1': 108.33, 'm7-1': 5.22, 'm8-1': 5.76}",16.424999999999997,734.569,745.519,inf,746.145,746.145
652,T5,BESTEFFORT,COMPLETED,m8-1,636.393,"{'m1-1': 28.32, 'm2-1': 101.98, 'm3-1': 24.09, 'm4-1': 9.88, 'm5-1': 9.9, 'm6-1': 113.64, 'm7-1': 5.31, 'm8-1': 5.11}",7.665000000000001,735.0470000000001,740.1570000000002,inf,746.393,746.393
653,T2,BESTEFFORT,MISSED,m5-1,638.13,"{'m1-1': 26.08, 'm2-1': 95.45, 'm3-1': 27.31, 'm4-1': 10.65, 'm5-1': 11.14, 'm6-1': 100.17, 'm7-1': 5.55, 'm8-1': 5.47}",15.404999999999973,737.86,inf,748.13,748.13,748.13
654,T1,BESTEFFORT,COMPLETED,m7-1,638.802,"{'m1-1': 28.18, 'm2-1': 99.76, 'm3-1': 27.03, 'm4-1': 10.18, 'm5-1': 9.72, 'm6-1': 108.91, 'm7-1': 4.88, 'm8-1': 5.12}",7.32,740.3679999999999,745.2479999999999,inf,748.802,748.802
655,T9,BESTEFFORT,COMPLETED,m8-1,639.393,"{'m1-1': 26.64, 'm2-1': 98.26, 'm3-1': 27.02, 'm4-1': 10.91, 'm5-1': 10.6, 'm6-1': 99.33, 'm7-1': 4.99, 'm8-1': 5.01}",7.515,740.1570000000002,745.1670000000001,inf,749.393,749.393
656,T1,BESTEFFORT,CANCELLED,,640.27,"{'m1-1': 27.84, 'm2-1': 108.96, 'm3-1': 24.14, 'm4-1': 11.62, 'm5-1': 11.25, 'm6-1': 113.66, 'm7-1': 4.98, 'm8-1': 5.43}",0.0,inf,inf,inf,750.27,750.27
657,T5,BESTEFFORT,COMPLETED,m8-1,640.774,"{'m1-1': 26.32, 'm2-1': 103.52, 'm3-1': 25.99, 'm4-1': 10.41, 'm5-1': 9.54, 'm6-1': 115.22, 'm7-1': 5.38, 'm8-1': 5.06}",7.59,745.1670000000001,750.2270000000001,inf,750.774,750.774
658,T7,BESTEFFORT,COMPLETED,m7-1,641.381,"{'m1-1': 27.29, 'm2-1': 106.64, 'm3-1': 27.16, 'm4-1': 11.81, 'm5-1': 10.55, 'm6-1': 96.57, 'm7-1': 4.74, 'm8-1': 5.38}",7.11,745.2479999999999,749.9879999999999,inf,751.381,751.381
659,T7,BESTEFFORT,CANCELLED,,644.265,"{'m1-1': 24.0, 'm2-1': 103.97, 'm3-1': 26.47, 'm4-1': 11.88, 'm5-1': 10.85, 'm6-1': 97.86, 'm7-1': 5.18, 'm8-1': 5.07}",0.0,inf,inf,inf,754.265,754.265
660,T8,BESTEFFORT,CANCELLED,,644.3,"{'m1-1': 28.97, 'm2-1': 101.16, 'm3-1': 26.63, 'm4-1': 10.91, 'm5-1': 10.96, 'm6-1': 116.02, 'm7-1': 5.11, 'm8-1': 5.11}",0.0,inf,inf,inf,754.3,754.3
661,T3,BESTEFFORT,CANCELLED,,644.384,"{'m1-1': 23.06, 'm2-1': 103.81, 'm3-1': 26.86, 'm4-1': 10.79, 'm5-1': 10.52, 'm6-1': 108.87, 'm7-1': 5.69, 'm8-1': 5.16}",0.0,inf,inf,inf,754.384,754.384
662,T4,BESTEFFORT,CANCELLED,,644.45,"{'m1-1': 26.12, 'm2-1': 107.2, 'm3-1': 23.23, 'm4-1': 9.33, 'm5-1': 11.54, 'm6-1': 115.37, 'm7-1': 5.57, 'm8-1': 5.59}",0.0,inf,inf,inf,754.45,754.45
663,T7,BESTEFFORT,CANCELLED,,644.951,"{'m1-1': 25.52, 'm2-1': 94.39, 'm3-1': 26.72, 'm4-1': 10.4, 'm5-1': 10.62, 'm6-1': 103.62, 'm7-1': 4.81, 'm8-1': 5.14}",0.0,inf,inf,inf,754.951,754.951
664,T8,BESTEFFORT,MISSED,m4-1,645.894,"{'m1-1': 27.14, 'm2-1': 112.79, 'm3-1': 25.52, 'm4-1': 11.09, 'm5-1': 11.36, 'm6-1': 111.4, 'm7-1': 5.37, 'm8-1': 5.0}",15.5625,745.519,inf,755.894,755.894,755.894
665,T4,BESTEFFORT,COMPLETED,m7-1,646.059,"{'m1-1': 29.22, 'm2-1': 103.57, 'm3-1': 26.49, 'm4-1': 10.51, 'm5-1': 11.47, 'm6-1': 102.53, 'm7-1': 5.13, 'm8-1': 5.31}",7.695,749.9879999999999,755.1179999999999,inf,756.059,756.059
666,T9,BESTEFFORT,COMPLETED,m8-1,647.008,"{'m1-1': 27.25, 'm2-1': 98.15, 'm3-1': 26.5, 'm4-1': 10.07, 'm5-1': 9.91, 'm6-1': 109.81, 'm7-1': 4.88, 'm8-1': 5.31}",7.965,750.2270000000001,755.537,inf,757.008,757.008
667,T1,BESTEFFORT,COMPLETED,m5-1,648.503,"{'m1-1': 27.78, 'm2-1': 98.3, 'm3-1': 26.43, 'm4-1': 11.34, 'm5-1': 9.67, 'm6-1': 109.45, 'm7-1': 4.64, 'm8-1': 5.51}",14.504999999999999,748.13,757.8,inf,758.503,758.503
668,T9,BESTEFFORT,CANCELLED,,648.813,"{'m1-1': 24.8, 'm2-1': 110.17, 'm3-1': 28.36, 'm4-1': 10.07, 'm5-1': 11.07, 'm6-1': 96.31, 'm7-1': 5.47, 'm8-1': 5.07}",0.0,inf,inf,inf,758.813,758.813
669,T7,BESTEFFORT,MISSED,m2-1,648.983,"{'m1-1': 27.26, 'm2-1': 104.14, 'm3-1': 26.63, 'm4-1': 11.85, 'm5-1': 9.66, 'm6-1': 103.7, 'm7-1': 5.36, 'm8-1': 4.95}",117.339,680.757,inf,758.983,758.983,758.983
670,T7,BESTEFFORT,COMPLETED,m3-1,650.337,"{'m1-1': 27.67, 'm2-1': 96.65, 'm3-1': 24.15, 'm4-1': 10.6, 'm5-1': 10.8, 'm6-1': 108.32, 'm7-1': 5.3, 'm8-1': 5.58}",36.224999999999994,731.827,755.977,inf,760.337,760.337
671,T10,BESTEFFORT,MISSED,m1-1,652.154,"{'m1-1': 27.18, 'm2-1': 103.47, 'm3-1': 27.12, 'm4-1': 10.31, 'm5-1': 9.85, 'm6-1': 108.57, 'm7-1': 5.01, 'm8-1': 4.77}",40.000499999999874,735.4870000000001,inf,762.154,762.154,762.154
672,T4,BESTEFFORT,COMPLETED,m8-1,654.54,"{'m1-1': 25.09, 'm2-1': 105.0, 'm3-1': 24.01, 'm4-1': 10.08, 'm5-1': 10.69, 'm6-1': 99.02, 'm7-1': 4.99, 'm8-1': 5.24}",7.86,755.537,760.777,inf,764.54,764.54
673,T8,BESTEFFORT,COMPLETED,m4-1,656.461,"{'m1-1': 27.58, 'm2-1': 108.63, 'm3-1': 27.05, 'm4-1': 9.99, 'm5-1': 11.06, 'm6-1': 99.43, 'm7-1': 5.06, 'm8-1': 5.2}",14.985,755.894,765.884,inf,766.461,766.461
674,T10,BESTEFFORT,COMPLETED,m7-1,658.883,"{'m1-1': 25.18, 'm2-1': 97.67, 'm3-1': 26.46, 'm4-1': 9.55, 'm5-1': 11.3, 'm6-1': 110.57, 'm7-1': 5.34, 'm8-1': 4.9}",8.01,755.1179999999999,760.458,inf,768.883,768.883
675,T10,BESTEFFORT,COMPLETED,m5-1,659.649,"{'m1-1': 25.71, 'm2-1': 112.39, 'm3-1': 28.01, 'm4-1': 10.81, 'm5-1': 10.65, 'm6-1': 113.33, 'm7-1': 5.25, 'm8-1': 5.57}",15.975000000000001,757.8,768.4499999999999,inf,769.649,769.649
676,T5,BESTEFFORT,COMPLETED,m8-1,663.52,"{'m1-1': 27.86, 'm2-1': 93.83, 'm3-1': 27.47, 'm4-1': 9.93, 'm5-1': 10.47, 'm6-1': 116.55, 'm7-1': 5.16, 'm8-1': 5.59}",8.385,760.777,766.3670000000001,inf,773.52,773.52
677,T6,BESTEFFORT,COMPLETED,m7-1,663.63,"{'m1-1': 23.03, 'm2-1': 104.13, 'm3-1': 24.72, 'm4-1': 10.01, 'm5-1': 9.43, 'm6-1': 99.01, 'm7-1': 5.43, 'm8-1': 5.66}",8.145,760.458,765.8879999999999,inf,773.63,773.63
678,T3,BESTEFFORT,COMPLETED,m7-1,664.873,"{'m1-1': 23.57, 'm2-1': 105.74, 'm3-1': 25.02, 'm4-1': 9.51, 'm5-1': 10.73, 'm6-1': 104.19, 'm7-1': 5.79, 'm8-1': 5.57}",8.685,765.8879999999999,771.6779999999999,inf,774.873,774.873
679,T4,BESTEFFORT,COMPLETED,m8-1,665.176,"{'m1-1': 26.71, 'm2-1': 110.66, 'm3-1': 23.81, 'm4-1': 10.0, 'm5-1': 9.9, 'm6-1': 102.75, 'm7-1': 4.91, 'm8-1': 5.45}",8.175,766.3670000000001,771.8170000000001,inf,775.176,775.176
680,T3,BESTEFFORT,MISSED,m8-1,666.153,"{'m1-1': 26.28, 'm2-1': 97.05, 'm3-1': 28.48, 'm4-1': 11.08, 'm5-1': 10.03, 'm6-1': 111.75, 'm7-1': 5.06, 'm8-1': 5.14}",6.503999999999849,771.8170000000001,inf,776.153,776.153,776.153
681,T1,BESTEFFORT,COMPLETED,m4-1,668.203,"{'m1-1': 29.63, 'm2-1': 100.58, 'm3-1': 26.73, 'm4-1': 10.94, 'm5-1': 10.63, 'm6-1': 97.92, 'm7-1': 4.92, 'm8-1': 5.25}",16.41,765.884,776.8240000000001,inf,778.203,778.203
682,T6,BESTEFFORT,COMPLETED,m7-1,669.163,"{'m1-1': 25.26, 'm2-1': 102.6, 'm3-1': 26.46, 'm4-1': 9.85, 'm5-1': 10.57, 'm6-1': 105.61, 'm7-1': 5.69, 'm8-1': 5.04}",8.535,771.6779999999999,777.3679999999999,inf,779.163,779.163
683,T3,BESTEFFORT,COMPLETED,m5-1,670.332,"{'m1-1': 23.92, 'm2-1': 106.93, 'm3-1': 26.04, 'm4-1': 10.72, 'm5-1': 9.91, 'm6-1': 110.72, 'm7-1': 5.59, 'm8-1': 4.88}",14.865,768.4499999999999,778.3599999999999,inf,780.332,780.332
684,T8,BESTEFFORT,MISSED,m2-1,670.347,"{'m1-1': 25.13, 'm2-1': 97.46, 'm3-1': 25.25, 'm4-1': 9.99, 'm5-1': 10.38, 'm6-1': 111.97, 'm7-1': 5.13, 'm8-1': 5.17}",0.0,812.359,inf,812.359,780.347,780.347
685,T9,BESTEFFORT,MISSED,m8-1,671.3,"{'m1-1': 24.85, 'm2-1': 95.94, 'm3-1': 29.18, 'm4-1': 10.18, 'm5-1': 10.16, 'm6-1': 106.56, 'm7-1': 5.0, 'm8-1': 5.17}",7.720499999999902,776.153,inf,781.3,781.3,781.3
686,T7,BESTEFFORT,COMPLETED,m3-1,671.699,"{'m1-1': 26.59, 'm2-1': 98.79, 'm3-1': 23.36, 'm4-1': 10.37, 'm5-1': 10.47, 'm6-1': 100.08, 'm7-1': 4.79, 'm8-1': 5.57}",35.04,755.977,779.337,inf,781.699,781.699
687,T5,BESTEFFORT,MISSED,m2-1,673.495,"{'m1-1': 26.45, 'm2-1': 102.26, 'm3-1': 26.51, 'm4-1': 10.2, 'm5-1': 9.65, 'm6-1': 116.12, 'm7-1': 5.11, 'm8-1': 5.03}",0.0,812.359,inf,812.359,783.495,783.495
688,T7,BESTEFFORT,COMPLETED,m7-1,673.817,"{'m1-1': 28.42, 'm2-1': 100.47, 'm3-1': 26.18, 'm4-1': 10.39, 'm5-1': 10.77, 'm6-1': 112.13, 'm7-1': 4.8, 'm8-1': 5.19}",7.199999999999999,777.3679999999999,782.1679999999999,inf,783.817,783.817
689,T4,BESTEFFORT,MISSED,m2-1,673.967,"{'m1-1': 28.7, 'm2-1': 103.68, 'm3-1': 26.82, 'm4-1': 10.84, 'm5-1': 10.19, 'm6-1': 110.23, 'm7-1': 5.44, 'm8-1': 4.96}",0.0,812.359,inf,812.359,783.967,783.967
690,T4,BESTEFFORT,CANCELLED,,675.283,"{'m1-1': 25.69, 'm2-1': 109.76, 'm3-1': 27.18, 'm4-1': 10.61, 'm5-1': 10.38, 'm6-1': 106.53, 'm7-1': 4.95, 'm8-1': 5.43}",0.0,inf,inf,inf,785.283,785.283
691,T3,BESTEFFORT,MISSED,m8-1,676.022,"{'m1-1': 27.1, 'm2-1': 95.01, 'm3-1': 26.52, 'm4-1': 10.63, 'm5-1': 10.04, 'm6-1': 108.28, 'm7-1': 4.91, 'm8-1': 5.14}",7.0830000000001405,781.3,inf,786.022,786.022,786.022
692,T8,BESTEFFORT,CANCELLED,,676.253,"{'m1-1': 27.02, 'm2-1': 109.75, 'm3-1': 23.99, 'm4-1': 10.55, 'm5-1': 11.45, 'm6-1': 108.24, 'm7-1': 5.26, 'm8-1': 5.36}",0.0,inf,inf,inf,786.253,786.253
693,T8,BESTEFFORT,CANCELLED,,676.355,"{'m1-1': 24.88, 'm2-1': 97.15, 'm3-1': 24.39, 'm4-1': 11.07, 'm5-1': 11.6, 'm6-1': 103.29, 'm7-1': 5.11, 'm8-1': 5.17}",0.0,inf,inf,inf,786.355,786.355
694,T6,BESTEFFORT,MISSED,m1-1,676.498,"{'m1-1': 26.15, 'm2-1': 105.55, 'm3-1': 24.54, 'm4-1': 10.57, 'm5-1': 10.23, 'm6-1': 113.44, 'm7-1': 5.0, 'm8-1': 5.41}",36.516000000000076,762.154,inf,786.498,786.498,786.498
695,T9,BESTEFFORT,COMPLETED,m4-1,677.87,"{'m1-1': 28.6, 'm2-1': 99.42, 'm3-1': 28.0, 'm4-1': 9.82, 'm5-1': 9.67, 'm6-1': 109.78, 'm7-1': 5.36, 'm8-1': 5.15}",14.73,776.8240000000001,786.6440000000001,inf,787.87,787.87
696,T9,BESTEFFORT,COMPLETED,m5-1,680.103,"{'m1-1': 25.78, 'm2-1': 101.12, 'm3-1': 25.55, 'm4-1': 10.46, 'm5-1': 10.97, 'm6-1': 112.57, 'm7-1': 5.48, 'm8-1': 4.71}",16.455000000000002,778.3599999999999,789.3299999999999,inf,790.103,790.103
697,T7,BESTEFFORT,CANCELLED,,680.368,"{'m1-1': 26.9, 'm2-1': 99.7, 'm3-1': 26.01, 'm4-1': 10.86, 'm5-1': 9.74, 'm6-1': 101.68, 'm7-1': 5.18, 'm8-1': 5.76}",0.0,inf,inf,inf,790.368,790.368
698,T4,BESTEFFORT,MISSED,m6-1,680.578,"{'m1-1': 28.4, 'm2-1': 102.14, 'm3-1': 23.31, 'm4-1': 10.27, 'm5-1': 10.68, 'm6-1': 101.44, 'm7-1': 4.97, 'm8-1': 5.24}",141.0764999999999,696.527,inf,790.578,790.578,790.578
699,T6,BESTEFFORT,COMPLETED,m7-1,680.622,"{'m1-1': 23.48, 'm2-1': 107.3, 'm3-1': 25.44, 'm4-1': 9.87, 'm5-1': 9.44, 'm6-1': 109.1, 'm7-1': 5.71, 'm8-1': 4.97}",8.565,782.1679999999999,787.8779999999999,inf,790.622,790.622
700,T4,BESTEFFORT,COMPLETED,m8-1,681.729,"{'m1-1': 26.21, 'm2-1': 101.19, 'm3-1': 24.45, 'm4-1': 9.71, 'm5-1': 10.53, 'm6-1': 102.85, 'm7-1': 4.99, 'm8-1': 4.93}",7.395,786.022,790.952,inf,791.729,791.729
701,T3,BESTEFFORT,MISSED,m6-1,681.738,"{'m1-1': 24.16, 'm2-1': 100.71, 'm3-1': 28.35, 'm4-1': 10.86, 'm5-1': 11.01, 'm6-1': 99.98, 'm7-1': 5.14, 'm8-1': 5.0}",0.0,819.045,inf,819.045,791.738,791.738
702,T4,BESTEFFORT,MISSED,m6-1,682.385,"{'m1-1': 26.0, 'm2-1': 112.49, 'm3-1': 25.54, 'm4-1': 9.57, 'm5-1': 11.45, 'm6-1': 106.85, 'm7-1': 5.12, 'm8-1': 5.41}",0.0,819.045,inf,819.045,792.385,792.385
703,T6,BESTEFFORT,MISSED,m6-1,683.303,"{'m1-1': 23.62, 'm2-1': 111.45, 'm3-1': 25.22, 'm4-1': 11.15, 'm5-1': 9.46, 'm6-1': 114.98, 'm7-1': 5.44, 'm8-1': 5.7}",0.0,819.045,inf,819.045,793.303,793.303
704,T7,BESTEFFORT,CANCELLED,,686.066,"{'m1-1': 23.91, 'm2-1': 92.98, 'm3-1': 26.35, 'm4-1': 11.88, 'm5-1': 10.31, 'm6-1': 114.2, 'm7-1': 4.83, 'm8-1': 5.24}",0.0,inf,inf,inf,796.066,796.066
705,T2,BESTEFFORT,CANCELLED,,686.599,"{'m1-1': 24.62, 'm2-1': 108.46, 'm3-1': 25.08, 'm4-1': 10.84, 'm5-1': 10.96, 'm6-1': 112.39, 'm7-1': 5.39, 'm8-1': 5.5}",0.0,inf,inf,inf,796.599,796.599
706,T4,BESTEFFORT,COMPLETED,m7-1,686.612,"{'m1-1': 28.24, 'm2-1': 115.71, 'm3-1': 24.93, 'm4-1': 10.93, 'm5-1': 9.91, 'm6-1': 98.55, 'm7-1': 5.05, 'm8-1': 5.21}",7.574999999999999,787.8779999999999,792.9279999999999,inf,796.612,796.612
707,T1,BESTEFFORT,COMPLETED,m8-1,689.501,"{'m1-1': 26.26, 'm2-1': 95.76, 'm3-1': 25.61, 'm4-1': 10.98, 'm5-1': 10.0, 'm6-1': 98.8, 'm7-1': 4.77, 'm8-1': 4.82}",7.23,790.952,795.772,inf,799.501,799.501
708,T2,BESTEFFORT,COMPLETED,m4-1,689.524,"{'m1-1': 26.02, 'm2-1': 107.66, 'm3-1': 28.19, 'm4-1': 10.06, 'm5-1': 9.75, 'm6-1': 108.95, 'm7-1': 4.76, 'm8-1': 5.18}",15.09,786.6440000000001,796.7040000000001,inf,799.524,799.524
709,T7,BESTEFFORT,COMPLETED,m7-1,689.538,"{'m1-1': 27.2, 'm2-1': 105.77, 'm3-1': 26.06, 'm4-1': 11.61, 'm5-1': 10.47, 'm6-1': 114.66, 'm7-1': 4.69, 'm8-1': 5.35}",7.035,792.9279999999999,797.6179999999999,inf,799.538,799.538
710,T8,BESTEFFORT,COMPLETED,m5-1,689.81,"{'m1-1': 26.2, 'm2-1': 107.54, 'm3-1': 24.55, 'm4-1': 10.86, 'm5-1': 10.34, 'm6-1': 101.12, 'm7-1': 4.85, 'm8-1': 5.4}",15.51,789.3299999999999,799.67,inf,799.81,799.81
711,T7,BESTEFFORT,CANCELLED,,689.938,"{'m1-1': 27.44, 'm2-1': 105.35, 'm3-1': 25.98, 'm4-1': 11.53, 'm5-1': 9.31, 'm6-1': 104.73, 'm7-1': 5.21, 'm8-1': 5.24}",0.0,inf,inf,inf,799.938,799.938
712,T7,BESTEFFORT,CANCELLED,,690.971,"{'m1-1': 26.73, 'm2-1': 106.35, 'm3-1': 25.95, 'm4-1': 10.91, 'm5-1': 10.94, 'm6-1': 114.3, 'm7-1': 5.08, 'm8-1': 5.08}",0.0,inf,inf,inf,800.971,800.971
713,T3,BESTEFFORT,CANCELLED,,691.668,"{'m1-1': 25.02, 'm2-1': 104.33, 'm3-1': 26.69, 'm4-1': 10.63, 'm5-1': 10.24, 'm6-1': 106.97, 'm7-1': 5.25, 'm8-1': 5.62}",0.0,inf,inf,inf,801.668,801.668
714,T6,BESTEFFORT,COMPLETED,m8-1,692.37,"{'m1-1': 24.5, 'm2-1': 100.1, 'm3-1': 27.51, 'm4-1': 9.43, 'm5-1': 9.6, 'm6-1': 111.06, 'm7-1': 5.34, 'm8-1': 5.62}",8.43,795.772,801.392,inf,802.37,802.37
715,T7,BESTEFFORT,CANCELLED,,692.915,"{'m1-1': 24.85, 'm2-1': 93.21, 'm3-1': 26.01, 'm4-1': 11.9, 'm5-1': 10.39, 'm6-1': 113.5, 'm7-1': 5.07, 'm8-1': 5.76}",0.0,inf,inf,inf,802.915,802.915
716,T6,BESTEFFORT,COMPLETED,m7-1,694.499,"{'m1-1': 23.03, 'm2-1': 103.59, 'm3-1': 26.19, 'm4-1': 9.85, 'm5-1': 9.28, 'm6-1': 100.54, 'm7-1': 5.12, 'm8-1': 5.62}",7.68,797.6179999999999,802.7379999999999,inf,804.499,804.499
717,T7,BESTEFFORT,CANCELLED,,696.425,"{'m1-1': 24.49, 'm2-1': 107.15, 'm3-1': 26.15, 'm4-1': 10.67, 'm5-1': 10.7, 'm6-1': 98.86, 'm7-1': 4.72, 'm8-1': 5.61}",0.0,inf,inf,inf,806.425,806.425
718,T2,BESTEFFORT,COMPLETED,m3-1,696.822,"{'m1-1': 25.08, 'm2-1': 108.68, 'm3-1': 24.92, 'm4-1': 10.48, 'm5-1': 10.72, 'm6-1': 107.88, 'm7-1': 5.33, 'm8-1': 5.31}",37.38,779.337,804.257,inf,806.822,806.822
719,T7,BESTEFFORT,COMPLETED,m8-1,697.196,"{'m1-1': 27.08, 'm2-1': 96.55, 'm3-1': 25.58, 'm4-1': 11.34, 'm5-1': 9.41, 'm6-1': 99.43, 'm7-1': 5.0, 'm8-1': 5.54}",8.31,801.392,806.932,inf,807.196,807.196
720,T8,BESTEFFORT,CANCELLED,,697.649,"{'m1-1': 26.39, 'm2-1': 107.24, 'm3-1': 24.16, 'm4-1': 9.86, 'm5-1': 10.75, 'm6-1': 103.95, 'm7-1': 5.11, 'm8-1': 5.12}",0.0,inf,inf,inf,807.649,807.649
721,T2,BESTEFFORT,CANCELLED,,697.766,"{'m1-1': 26.77, 'm2-1': 103.92, 'm3-1': 27.98, 'm4-1': 9.95, 'm5-1': 9.65, 'm6-1': 113.44, 'm7-1': 5.48, 'm8-1': 5.29}",0.0,inf,inf,inf,807.766,807.766
722,T5,BESTEFFORT,COMPLETED,m4-1,701.258,"{'m1-1': 26.94, 'm2-1': 104.24, 'm3-1': 25.33, 'm4-1': 11.4, 'm5-1': 9.55, 'm6-1': 102.16, 'm7-1': 5.58, 'm8-1': 4.92}",17.1,796.7040000000001,808.104,inf,811.258,811.258
723,T9,BESTEFFORT,COMPLETED,m5-1,701.485,"{'m1-1': 25.74, 'm2-1': 93.44, 'm3-1': 25.47, 'm4-1': 9.74, 'm5-1': 11.15, 'm6-1': 98.29, 'm7-1': 5.44, 'm8-1': 4.86}",16.725,799.67,810.8199999999999,inf,811.485,811.485
724,T6,BESTEFFORT,MISSED,m2-1,702.359,"{'m1-1': 24.62, 'm2-1': 100.32, 'm3-1': 25.35, 'm4-1': 9.83, 'm5-1': 9.59, 'm6-1': 115.84, 'm7-1': 5.12, 'm8-1': 5.67}",80.06400000000014,758.983,inf,812.359,812.359,812.359
725,T2,BESTEFFORT,COMPLETED,m1-1,702.977,"{'m1-1': 25.17, 'm2-1': 106.13, 'm3-1': 25.9, 'm4-1': 10.84, 'm5-1': 9.68, 'm6-1': 105.42, 'm7-1': 5.44, 'm8-1': 4.96}",37.755,786.498,811.668,inf,812.977,812.977
726,T7,BESTEFFORT,COMPLETED,m7-1,703.637,"{'m1-1': 25.13, 'm2-1': 96.08, 'm3-1': 26.46, 'm4-1': 11.61, 'm5-1': 10.4, 'm6-1': 103.17, 'm7-1': 5.34, 'm8-1': 4.98}",8.01,802.7379999999999,808.078,inf,813.637,813.637
727,T10,BESTEFFORT,COMPLETED,m8-1,705.185,"{'m1-1': 24.72, 'm2-1': 95.28, 'm3-1': 27.16, 'm4-1': 10.58, 'm5-1': 11.01, 'm6-1': 100.84, 'm7-1': 5.5, 'm8-1': 5.25}",7.875,806.932,812.182,inf,815.185,815.185
728,T3,BESTEFFORT,COMPLETED,m7-1,706.507,"{'m1-1': 25.97, 'm2-1': 101.42, 'm3-1': 26.26, 'm4-1': 10.17, 'm5-1': 9.8, 'm6-1': 109.03, 'm7-1': 5.3, 'm8-1': 4.91}",7.949999999999999,808.078,813.3779999999999,inf,816.507,816.507
729,T7,BESTEFFORT,COMPLETED,m8-1,707.835,"{'m1-1': 24.17, 'm2-1': 103.36, 'm3-1': 25.93, 'm4-1': 11.05, 'm5-1': 10.85, 'm6-1': 103.43, 'm7-1': 4.77, 'm8-1': 5.11}",7.665000000000001,812.182,817.292,inf,817.835,817.835
730,T6,BESTEFFORT,MISSED,m2-1,708.496,"{'m1-1': 23.68, 'm2-1': 99.63, 'm3-1': 27.0, 'm4-1': 10.6, 'm5-1': 10.2, 'm6-1': 109.6, 'm7-1': 5.54, 'm8-1': 5.1}",0.0,890.941,inf,890.941,818.496,818.496
731,T2,BESTEFFORT,MISSED,m6-1,709.045,"{'m1-1': 24.61, 'm2-1': 107.76, 'm3-1': 26.37, 'm4-1': 10.59, 'm5-1': 9.96, 'm6-1': 107.08, 'm7-1': 4.75, 'm8-1': 5.11}",42.70049999999998,790.578,inf,819.045,819.045,819.045
732,T10,BESTEFFORT,COMPLETED,m5-1,711.636,"{'m1-1': 26.29, 'm2-1': 103.52, 'm3-1': 25.11, 'm4-1': 10.22, 'm5-1': 9.75, 'm6-1': 113.79, 'm7-1': 5.46, 'm8-1': 5.52}",14.625,810.8199999999999,820.5699999999999,inf,821.636,821.636
733,T6,BESTEFFORT,COMPLETED,m7-1,711.984,"{'m1-1': 24.3, 'm2-1': 105.56, 'm3-1': 28.02, 'm4-1': 11.08, 'm5-1': 9.54, 'm6-1': 112.76, 'm7-1': 5.58, 'm8-1': 5.13}",8.370000000000001,813.3779999999999,818.958,inf,821.984,821.984
734,T3,BESTEFFORT,COMPLETED,m4-1,712.053,"{'m1-1': 26.06, 'm2-1': 98.14, 'm3-1': 28.62, 'm4-1': 9.87, 'm5-1': 11.29, 'm6-1': 103.3, 'm7-1': 5.25, 'm8-1': 5.38}",14.805,808.104,817.974,inf,822.053,822.053
735,T8,BESTEFFORT,COMPLETED,m8-1,714.133,"{'m1-1': 27.13, 'm2-1': 108.7, 'm3-1': 25.49, 'm4-1': 11.26, 'm5-1': 11.42, 'm6-1': 113.57, 'm7-1': 4.96, 'm8-1': 5.52}",8.28,817.292,822.812,inf,824.133,824.133
736,T1,BESTEFFORT,COMPLETED,m7-1,714.961,"{'m1-1': 28.85, 'm2-1': 99.13, 'm3-1': 26.98, 'm4-1': 11.55, 'm5-1': 9.55, 'm6-1': 109.59, 'm7-1': 5.13, 'm8-1': 5.12}",7.695,818.958,824.088,inf,824.961,824.961
737,T10,BESTEFFORT,MISSED,m2-1,715.739,"{'m1-1': 25.15, 'm2-1': 98.87, 'm3-1': 27.02, 'm4-1': 10.36, 'm5-1': 10.18, 'm6-1': 113.72, 'm7-1': 5.67, 'm8-1': 5.08}",0.0,890.941,inf,890.941,825.739,825.739
738,T6,BESTEFFORT,MISSED,m2-1,716.779,"{'m1-1': 23.9, 'm2-1': 100.71, 'm3-1': 28.2, 'm4-1': 10.4, 'm5-1': 9.65, 'm6-1': 115.3, 'm7-1': 5.55, 'm8-1': 5.29}",0.0,890.941,inf,890.941,826.779,826.779
739,T10,BESTEFFORT,MISSED,m6-1,716.808,"{'m1-1': 27.9, 'm2-1': 96.2, 'm3-1': 28.16, 'm4-1': 9.62, 'm5-1': 9.72, 'm6-1': 99.74, 'm7-1': 5.25, 'm8-1': 4.9}",0.0,908.272,inf,908.272,826.808,826.808
740,T6,BESTEFFORT,MISSED,m7-1,718.357,"{'m1-1': 24.27, 'm2-1': 99.2, 'm3-1': 28.1, 'm4-1': 11.19, 'm5-1': 10.04, 'm6-1': 102.28, 'm7-1': 5.63, 'm8-1': 5.51}",6.403500000000008,824.088,inf,828.357,828.357,828.357
741,T2,BESTEFFORT,COMPLETED,m8-1,719.616,"{'m1-1': 24.39, 'm2-1': 99.63, 'm3-1': 27.54, 'm4-1': 11.33, 'm5-1': 11.41, 'm6-1': 103.32, 'm7-1': 5.0, 'm8-1': 5.1}",7.6499999999999995,822.812,827.912,inf,829.616,829.616
742,T2,BESTEFFORT,CANCELLED,,720.42,"{'m1-1': 25.07, 'm2-1': 98.23, 'm3-1': 28.61, 'm4-1': 10.28, 'm5-1': 10.76, 'm6-1': 104.11, 'm7-1': 5.07, 'm8-1': 5.45}",0.0,inf,inf,inf,830.42,830.42
743,T5,BESTEFFORT,COMPLETED,m3-1,720.852,"{'m1-1': 26.86, 'm2-1': 101.61, 'm3-1': 24.1, 'm4-1': 10.68, 'm5-1': 9.82, 'm6-1': 112.55, 'm7-1': 5.26, 'm8-1': 5.5}",36.150000000000006,804.257,828.357,inf,830.852,830.852
744,T8,BESTEFFORT,COMPLETED,m4-1,721.594,"{'m1-1': 26.61, 'm2-1': 99.51, 'm3-1': 23.56, 'm4-1': 10.12, 'm5-1': 11.74, 'm6-1': 103.35, 'm7-1': 4.65, 'm8-1': 5.36}",15.18,817.974,828.094,inf,831.594,831.594
745,T8,BESTEFFORT,COMPLETED,m5-1,725.465,"{'m1-1': 28.78, 'm2-1': 107.38, 'm3-1': 25.26, 'm4-1': 10.15, 'm5-1': 10.16, 'm6-1': 111.24, 'm7-1': 4.67, 'm8-1': 5.2}",15.24,820.5699999999999,830.7299999999999,inf,835.465,835.465
746,T2,BESTEFFORT,COMPLETED,m8-1,726.25,"{'m1-1': 27.1, 'm2-1': 98.12, 'm3-1': 28.61, 'm4-1': 11.23, 'm5-1': 9.71, 'm6-1': 111.77, 'm7-1': 5.36, 'm8-1': 4.83}",7.245,827.912,832.7420000000001,inf,836.25,836.25
747,T10,BESTEFFORT,COMPLETED,m7-1,727.332,"{'m1-1': 27.0, 'm2-1': 97.0, 'm3-1': 27.48, 'm4-1': 10.88, 'm5-1': 10.9, 'm6-1': 115.2, 'm7-1': 5.51, 'm8-1': 4.83}",8.265,828.357,833.867,inf,837.332,837.332
748,T5,BESTEFFORT,MISSED,m6-1,727.833,"{'m1-1': 29.19, 'm2-1': 102.29, 'm3-1': 27.1, 'm4-1': 10.23, 'm5-1': 10.4, 'm6-1': 115.53, 'm7-1': 5.55, 'm8-1': 5.06}",0.0,908.272,inf,908.272,837.833,837.833
749,T5,BESTEFFORT,MISSED,m6-1,728.027,"{'m1-1': 28.25, 'm2-1': 106.68, 'm3-1': 23.57, 'm4-1': 10.64, 'm5-1': 10.49, 'm6-1': 110.52, 'm7-1': 5.02, 'm8-1': 5.29}",0.0,908.272,inf,908.272,838.027,838.027
750,T8,BESTEFFORT,COMPLETED,m4-1,728.823,"{'m1-1': 28.09, 'm2-1': 100.58, 'm3-1': 24.13, 'm4-1': 10.12, 'm5-1': 10.66, 'm6-1': 112.96, 'm7-1': 5.21, 'm8-1': 5.24}",15.18,828.094,838.214,inf,838.823,838.823
751,T10,BESTEFFORT,COMPLETED,m1-1,729.895,"{'m1-1': 25.55, 'm2-1': 95.87, 'm3-1': 29.01, 'm4-1': 9.57, 'm5-1': 10.59, 'm6-1': 105.0, 'm7-1': 5.2, 'm8-1': 5.34}",38.325,811.668,837.218,inf,839.895,839.895
752,T4,BESTEFFORT,COMPLETED,m8-1,730.052,"{'m1-1': 27.43, 'm2-1': 113.89, 'm3-1': 24.38, 'm4-1': 9.6, 'm5-1': 11.19, 'm6-1': 112.08, 'm7-1': 4.85, 'm8-1': 5.4}",8.100000000000001,832.7420000000001,838.142,inf,840.052,840.052
753,T5,BESTEFFORT,COMPLETED,m7-1,730.674,"{'m1-1': 25.59, 'm2-1': 110.16, 'm3-1': 25.23, 'm4-1': 10.39, 'm5-1': 10.12, 'm6-1': 115.42, 'm7-1': 5.0, 'm8-1': 4.86}",7.5,833.867,838.867,inf,840.674,840.674
754,T2,BESTEFFORT,CANCELLED,,731.05,"{'m1-1': 28.18, 'm2-1': 103.2, 'm3-1': 24.9, 'm4-1': 11.24, 'm5-1': 11.26, 'm6-1': 98.03, 'm7-1': 5.38, 'm8-1': 5.16}",0.0,inf,inf,inf,841.05,841.05
755,T2,BESTEFFORT,CANCELLED,,732.772,"{'m1-1': 24.1, 'm2-1': 103.86, 'm3-1': 25.14, 'm4-1': 11.41, 'm5-1': 11.0, 'm6-1': 112.19, 'm7-1': 4.99, 'm8-1': 5.3}",0.0,inf,inf,inf,842.772,842.772
756,T2,BESTEFFORT,COMPLETED,m5-1,733.043,"{'m1-1': 25.04, 'm2-1': 95.1, 'm3-1': 24.4, 'm4-1': 10.24, 'm5-1': 10.05, 'm6-1': 103.9, 'm7-1': 5.18, 'm8-1': 4.86}",15.075000000000001,830.7299999999999,840.7799999999999,inf,843.043,843.043
757,T9,BESTEFFORT,COMPLETED,m8-1,733.6,"{'m1-1': 26.4, 'm2-1': 95.33, 'm3-1': 28.99, 'm4-1': 9.69, 'm5-1': 11.14, 'm6-1': 107.1, 'm7-1': 5.65, 'm8-1': 4.75}",7.125,838.142,842.892,inf,843.6,843.6
758,T7,BESTEFFORT,COMPLETED,m7-1,734.649,"{'m1-1': 26.1, 'm2-1': 99.62, 'm3-1': 23.56, 'm4-1': 10.42, 'm5-1': 9.3, 'm6-1': 106.02, 'm7-1': 5.44, 'm8-1': 5.3}",8.16,838.867,844.307,inf,844.649,844.649
759,T8,BESTEFFORT,CANCELLED,,734.889,"{'m1-1': 27.95, 'm2-1': 106.09, 'm3-1': 25.24, 'm4-1': 11.29, 'm5-1': 11.47, 'm6-1': 112.12, 'm7-1': 5.38, 'm8-1': 5.43}",0.0,inf,inf,inf,844.889,844.889
760,T8,BESTEFFORT,CANCELLED,,734.916,"{'m1-1': 24.53, 'm2-1': 110.77, 'm3-1': 23.62, 'm4-1': 10.06, 'm5-1': 10.38, 'm6-1': 105.03, 'm7-1': 4.66, 'm8-1': 5.0}",0.0,inf,inf,inf,844.916,844.916
761,T4,BESTEFFORT,CANCELLED,,736.664,"{'m1-1': 26.5, 'm2-1': 103.67, 'm3-1': 23.47, 'm4-1': 10.2, 'm5-1': 10.88, 'm6-1': 100.0, 'm7-1': 5.23, 'm8-1': 5.18}",0.0,inf,inf,inf,846.664,846.664
762,T3,BESTEFFORT,COMPLETED,m8-1,738.899,"{'m1-1': 25.88, 'm2-1': 100.69, 'm3-1': 25.57, 'm4-1': 10.59, 'm5-1': 11.28, 'm6-1': 103.2, 'm7-1': 5.13, 'm8-1': 4.97}",7.455,842.892,847.8620000000001,inf,848.899,848.899
763,T2,BESTEFFORT,COMPLETED,m4-1,739.257,"{'m1-1': 28.33, 'm2-1': 100.4, 'm3-1': 27.93, 'm4-1': 10.45, 'm5-1': 10.21, 'm6-1': 101.53, 'm7-1': 4.84, 'm8-1': 5.01}",15.674999999999999,838.214,848.6640000000001,inf,849.257,849.257
764,T5,BESTEFFORT,CANCELLED,,740.035,"{'m1-1': 27.6, 'm2-1': 96.14, 'm3-1': 26.59, 'm4-1': 11.23, 'm5-1': 10.32, 'm6-1': 105.48, 'm7-1': 5.32, 'm8-1': 5.54}",0.0,inf,inf,inf,850.035,850.035
765,T6,BESTEFFORT,COMPLETED,m7-1,741.834,"{'m1-1': 25.48, 'm2-1': 98.56, 'm3-1': 26.23, 'm4-1': 9.99, 'm5-1': 9.8, 'm6-1': 113.66, 'm7-1': 5.72, 'm8-1': 4.98}",8.58,844.307,850.027,inf,851.834,851.834
766,T10,BESTEFFORT,COMPLETED,m5-1,744.846,"{'m1-1': 24.66, 'm2-1': 106.09, 'm3-1': 26.42, 'm4-1': 9.68, 'm5-1': 9.76, 'm6-1': 110.56, 'm7-1': 5.4, 'm8-1': 5.34}",14.64,840.7799999999999,850.5399999999998,inf,854.846,854.846
767,T9,BESTEFFORT,COMPLETED,m8-1,745.334,"{'m1-1': 27.02, 'm2-1': 110.21, 'm3-1': 25.3, 'm4-1': 9.78, 'm5-1': 10.64, 'm6-1': 98.24, 'm7-1': 4.84, 'm8-1': 5.35}",8.024999999999999,847.8620000000001,853.2120000000001,inf,855.334,855.334
768,T7,BESTEFFORT,COMPLETED,m7-1,746.229,"{'m1-1': 26.11, 'm2-1': 93.65, 'm3-1': 25.07, 'm4-1': 10.64, 'm5-1': 10.77, 'm6-1': 112.42, 'm7-1': 5.15, 'm8-1': 5.08}",7.7250000000000005,850.027,855.177,inf,856.229,856.229
769,T10,BESTEFFORT,CANCELLED,,747.317,"{'m1-1': 27.35, 'm2-1': 96.41, 'm3-1': 27.42, 'm4-1': 10.59, 'm5-1': 11.2, 'm6-1': 112.29, 'm7-1': 5.0, 'm8-1': 4.79}",0.0,inf,inf,inf,857.317,857.317
770,T8,BESTEFFORT,COMPLETED,m3-1,749.359,"{'m1-1': 28.08, 'm2-1': 107.89, 'm3-1': 23.0, 'm4-1': 11.29, 'm5-1': 10.68, 'm6-1': 107.35, 'm7-1': 4.77, 'm8-1': 5.08}",34.5,828.357,851.357,inf,859.359,859.359
771,T5,BESTEFFORT,COMPLETED,m4-1,750.769,"{'m1-1': 26.78, 'm2-1': 94.01, 'm3-1': 23.72, 'm4-1': 10.22, 'm5-1': 9.63, 'm6-1': 116.34, 'm7-1': 5.18, 'm8-1': 4.84}",15.330000000000002,848.6640000000001,858.8840000000001,inf,860.769,860.769
772,T9,BESTEFFORT,COMPLETED,m8-1,752.042,"{'m1-1': 27.64, 'm2-1': 101.06, 'm3-1': 25.22, 'm4-1': 9.69, 'm5-1': 10.99, 'm6-1': 107.74, 'm7-1': 4.91, 'm8-1': 5.23}",7.845000000000001,853.2120000000001,858.4420000000001,inf,862.042,862.042
773,T6,BESTEFFORT,COMPLETED,m5-1,758.573,"{'m1-1': 26.27, 'm2-1': 106.17, 'm3-1': 25.75, 'm4-1': 10.44, 'm5-1': 10.51, 'm6-1': 105.36, 'm7-1': 4.99, 'm8-1': 5.5}",15.765,850.5399999999998,861.0499999999998,inf,868.573,868.573
774,T9,BESTEFFORT,COMPLETED,m1-1,758.732,"{'m1-1': 27.15, 'm2-1': 107.12, 'm3-1': 27.04, 'm4-1': 10.02, 'm5-1': 9.45, 'm6-1': 96.44, 'm7-1': 5.43, 'm8-1': 4.82}",40.724999999999994,837.218,864.3679999999999,inf,868.732,868.732
775,T1,BESTEFFORT,COMPLETED,m7-1,760.437,"{'m1-1': 25.34, 'm2-1': 104.75, 'm3-1': 27.57, 'm4-1': 11.26, 'm5-1': 11.2, 'm6-1': 106.5, 'm7-1': 4.86, 'm8-1': 5.53}",7.290000000000001,855.177,860.037,inf,870.437,870.437
776,T5,BESTEFFORT,COMPLETED,m4-1,761.521,"{'m1-1': 28.52, 'm2-1': 100.59, 'm3-1': 25.79, 'm4-1': 10.74, 'm5-1': 9.59, 'm6-1': 107.34, 'm7-1': 5.05, 'm8-1': 5.37}",16.11,858.8840000000001,869.6240000000001,inf,871.521,871.521
777,T3,BESTEFFORT,COMPLETED,m8-1,761.966,"{'m1-1': 24.64, 'm2-1': 106.37, 'm3-1': 28.0, 'm4-1': 10.62, 'm5-1': 10.2, 'm6-1': 96.84, 'm7-1': 5.36, 'm8-1': 5.48}",8.22,858.4420000000001,863.9220000000001,inf,871.966,871.966
778,T2,BESTEFFORT,COMPLETED,m7-1,762.635,"{'m1-1': 24.89, 'm2-1': 96.09, 'm3-1': 28.49, 'm4-1': 11.05, 'm5-1': 10.44, 'm6-1': 111.08, 'm7-1': 5.09, 'm8-1': 4.97}",7.635,860.037,865.1270000000001,inf,872.635,872.635
779,T8,BESTEFFORT,COMPLETED,m8-1,763.431,"{'m1-1': 25.95, 'm2-1': 105.74, 'm3-1': 24.23, 'm4-1': 10.82, 'm5-1': 11.12, 'm6-1': 103.82, 'm7-1': 5.13, 'm8-1': 5.24}",7.86,863.9220000000001,869.1620000000001,inf,873.431,873.431
780,T7,BESTEFFORT,COMPLETED,m7-1,763.84,"{'m1-1': 25.85, 'm2-1': 100.74, 'm3-1': 26.02, 'm4-1': 11.1, 'm5-1': 9.49, 'm6-1': 104.84, 'm7-1': 5.16, 'm8-1': 5.55}",7.74,865.1270000000001,870.287,inf,873.84,873.84
781,T6,BESTEFFORT,COMPLETED,m8-1,764.937,"{'m1-1': 24.91, 'm2-1': 103.59, 'm3-1': 27.92, 'm4-1': 10.82, 'm5-1': 9.81, 'm6-1': 104.61, 'm7-1': 5.51, 'm8-1': 4.94}",7.41,869.1620000000001,874.1020000000002,inf,874.937,874.937
782,T8,BESTEFFORT,COMPLETED,m5-1,765.227,"{'m1-1': 26.0, 'm2-1': 107.74, 'm3-1': 25.4, 'm4-1': 11.28, 'm5-1': 10.74, 'm6-1': 104.97, 'm7-1': 4.98, 'm8-1': 5.21}",16.11,861.0499999999998,871.7899999999998,inf,875.227,875.227
783,T1,BESTEFFORT,COMPLETED,m7-1,766.474,"{'m1-1': 24.95, 'm2-1': 105.24, 'm3-1': 27.12, 'm4-1': 10.36, 'm5-1': 11.1, 'm6-1': 97.68, 'm7-1': 4.62, 'm8-1': 5.45}",6.93,870.287,874.907,inf,876.474,876.474
784,T5,BESTEFFORT,CANCELLED,,766.983,"{'m1-1': 26.8, 'm2-1': 101.78, 'm3-1': 27.74, 'm4-1': 10.91, 'm5-1': 11.26, 'm6-1': 100.99, 'm7-1': 5.59, 'm8-1': 5.55}",0.0,inf,inf,inf,876.983,876.983
785,T10,BESTEFFORT,COMPLETED,m3-1,775.053,"{'m1-1': 24.75, 'm2-1': 97.26, 'm3-1': 27.28, 'm4-1': 10.67, 'm5-1': 9.73, 'm6-1': 115.45, 'm7-1': 5.5, 'm8-1': 5.06}",40.92,851.357,878.637,inf,885.053,885.053
786,T4,BESTEFFORT,COMPLETED,m4-1,777.58,"{'m1-1': 24.96, 'm2-1': 104.94, 'm3-1': 25.7, 'm4-1': 9.66, 'm5-1': 10.1, 'm6-1': 101.59, 'm7-1': 4.81, 'm8-1': 5.77}",14.49,869.6240000000001,879.2840000000001,inf,887.58,887.58
787,T10,BESTEFFORT,MISSED,m2-1,780.941,"{'m1-1': 25.98, 'm2-1': 110.48, 'm3-1': 25.12, 'm4-1': 10.15, 'm5-1': 10.11, 'm6-1': 98.18, 'm7-1': 4.93, 'm8-1': 5.46}",117.87299999999999,812.359,inf,890.941,890.941,890.941
788,T9,BESTEFFORT,COMPLETED,m4-1,782.111,"{'m1-1': 26.49, 'm2-1': 106.78, 'm3-1': 26.26, 'm4-1': 10.43, 'm5-1': 10.42, 'm6-1': 105.16, 'm7-1': 5.47, 'm8-1': 4.83}",15.645,879.2840000000001,889.714,inf,892.111,892.111
789,T1,BESTEFFORT,COMPLETED,m5-1,782.226,"{'m1-1': 25.59, 'm2-1': 108.42, 'm3-1': 25.33, 'm4-1': 10.44, 'm5-1': 10.18, 'm6-1': 111.92, 'm7-1': 4.78, 'm8-1': 4.97}",15.27,871.7899999999998,881.9699999999998,inf,892.226,892.226
790,T3,BESTEFFORT,COMPLETED,m8-1,782.468,"{'m1-1': 26.99, 'm2-1': 109.07, 'm3-1': 25.93, 'm4-1': 10.57, 'm5-1': 11.0, 'm6-1': 109.82, 'm7-1': 5.63, 'm8-1': 4.86}",7.290000000000001,874.1020000000002,878.9620000000002,inf,892.468,892.468
791,T3,BESTEFFORT,COMPLETED,m1-1,785.067,"{'m1-1': 23.1, 'm2-1': 98.83, 'm3-1': 24.88, 'm4-1': 10.4, 'm5-1': 9.6, 'm6-1': 111.1, 'm7-1': 5.19, 'm8-1': 5.06}",34.650000000000006,864.3679999999999,887.468,inf,895.067,895.067
792,T7,BESTEFFORT,COMPLETED,m5-1,786.165,"{'m1-1': 24.55, 'm2-1': 103.91, 'm3-1': 26.68, 'm4-1': 11.62, 'm5-1': 9.9, 'm6-1': 112.77, 'm7-1': 4.65, 'm8-1': 4.92}",14.850000000000001,881.9699999999998,891.8699999999998,inf,896.165,896.165
793,T6,BESTEFFORT,COMPLETED,m7-1,787.697,"{'m1-1': 27.01, 'm2-1': 103.72, 'm3-1': 26.18, 'm4-1': 10.53, 'm5-1': 9.31, 'm6-1': 98.04, 'm7-1': 5.56, 'm8-1': 5.56}",8.34,874.907,880.467,inf,897.697,897.697
794,T6,BESTEFFORT,COMPLETED,m7-1,788.06,"{'m1-1': 24.6, 'm2-1': 98.19, 'm3-1': 28.14, 'm4-1': 11.08, 'm5-1': 10.59, 'm6-1': 102.82, 'm7-1': 5.04, 'm8-1': 5.03}",7.5600000000000005,880.467,885.507,inf,898.06,898.06
795,T2,BESTEFFORT,COMPLETED,m8-1,788.087,"{'m1-1': 25.72, 'm2-1': 99.13, 'm3-1': 26.69, 'm4-1': 11.73, 'm5-1': 11.06, 'm6-1': 106.95, 'm7-1': 5.21, 'm8-1': 5.18}",7.77,878.9620000000002,884.1420000000002,inf,898.087,898.087
796,T3,BESTEFFORT,COMPLETED,m8-1,789.383,"{'m1-1': 25.05, 'm2-1': 107.25, 'm3-1': 25.8, 'm4-1': 10.97, 'm5-1': 10.71, 'm6-1': 102.74, 'm7-1': 5.32, 'm8-1': 5.63}",8.445,884.1420000000002,889.7720000000002,inf,899.383,899.383
797,T4,BESTEFFORT,COMPLETED,m7-1,789.578,"{'m1-1': 27.04, 'm2-1': 110.54, 'm3-1': 25.16, 'm4-1': 9.56, 'm5-1': 10.61, 'm6-1': 107.08, 'm7-1': 5.2, 'm8-1': 5.62}",7.800000000000001,885.507,890.707,inf,899.578,899.578
798,T4,BESTEFFORT,COMPLETED,m8-1,790.074,"{'m1-1': 26.32, 'm2-1': 112.14, 'm3-1': 23.42, 'm4-1': 9.92, 'm5-1': 10.61, 'm6-1': 103.91, 'm7-1': 5.58, 'm8-1': 5.68}",8.52,889.7720000000002,895.4520000000001,inf,900.074,900.074
799,T8,BESTEFFORT,COMPLETED,m7-1,790.33,"{'m1-1': 24.88, 'm2-1': 101.3, 'm3-1': 26.26, 'm4-1': 9.68, 'm5-1': 10.72, 'm6-1': 109.08, 'm7-1': 4.98, 'm8-1': 5.24}",7.470000000000001,890.707,895.687,inf,900.33,900.33
800,T9,BESTEFFORT,COMPLETED,m8-1,790.915,"{'m1-1': 26.18, 'm2-1': 100.3, 'm3-1': 29.18, 'm4-1': 10.67, 'm5-1': 10.78, 'm6-1': 108.6, 'm7-1': 5.15, 'm8-1': 5.02}",7.529999999999999,895.4520000000001,900.4720000000001,inf,900.915,900.915
801,T2,BESTEFFORT,COMPLETED,m7-1,791.879,"{'m1-1': 25.96, 'm2-1': 98.78, 'm3-1': 26.72, 'm4-1': 9.93, 'm5-1': 11.41, 'm6-1': 112.48, 'm7-1': 4.68, 'm8-1': 4.97}",7.02,895.687,900.367,inf,901.879,901.879
802,T8,BESTEFFORT,COMPLETED,m4-1,793.305,"{'m1-1': 25.48, 'm2-1': 107.64, 'm3-1': 24.74, 'm4-1': 9.71, 'm5-1': 11.78, 'm6-1': 113.71, 'm7-1': 5.01, 'm8-1': 5.24}",14.565000000000001,889.714,899.4240000000001,inf,903.305,903.305
803,T1,BESTEFFORT,COMPLETED,m5-1,794.477,"{'m1-1': 27.86, 'm2-1': 112.46, 'm3-1': 27.55, 'm4-1': 11.57, 'm5-1': 10.32, 'm6-1': 105.7, 'm7-1': 5.3, 'm8-1': 4.88}",15.48,891.8699999999998,902.1899999999998,inf,904.477,904.477
804,T9,BESTEFFORT,MISSED,m8-1,795.252,"{'m1-1': 29.14, 'm2-1': 96.45, 'm3-1': 26.42, 'm4-1': 9.95, 'm5-1': 9.52, 'm6-1': 107.58, 'm7-1': 4.85, 'm8-1': 5.33}",7.1699999999997885,900.4720000000001,inf,905.252,905.252,905.252
805,T9,BESTEFFORT,COMPLETED,m7-1,796.725,"{'m1-1': 25.28, 'm2-1': 98.91, 'm3-1': 26.83, 'm4-1': 9.88, 'm5-1': 9.42, 'm6-1': 95.96, 'm7-1': 5.7, 'm8-1': 4.84}",8.55,900.367,906.067,inf,906.725,906.725
806,T8,BESTEFFORT,MISSED,m2-1,796.753,"{'m1-1': 28.95, 'm2-1': 100.36, 'm3-1': 26.15, 'm4-1': 10.76, 'm5-1': 10.08, 'm6-1': 113.44, 'm7-1': 4.73, 'm8-1': 5.66}",0.0,938.375,inf,938.375,906.753,906.753
807,T2,BESTEFFORT,MISSED,m2-1,797.009,"{'m1-1': 26.94, 'm2-1': 105.44, 'm3-1': 27.31, 'm4-1': 10.04, 'm5-1': 9.86, 'm6-1': 110.56, 'm7-1': 4.83, 'm8-1': 4.88}",0.0,938.375,inf,938.375,907.009,907.009
808,T8,BESTEFFORT,MISSED,m6-1,798.272,"{'m1-1': 28.38, 'm2-1': 113.89, 'm3-1': 24.49, 'm4-1': 10.31, 'm5-1': 10.85, 'm6-1': 104.89, 'm7-1': 4.61, 'm8-1': 5.29}",133.84050000000013,819.045,inf,908.272,908.272,908.272
809,T8,BESTEFFORT,CANCELLED,,800.131,"{'m1-1': 27.13, 'm2-1': 104.92, 'm3-1': 23.67, 'm4-1': 10.5, 'm5-1': 11.88, 'm6-1': 104.53, 'm7-1': 4.83, 'm8-1': 5.24}",0.0,inf,inf,inf,910.131,910.131
810,T9,BESTEFFORT,MISSED,m6-1,801.478,"{'m1-1': 26.72, 'm2-1': 97.87, 'm3-1': 28.21, 'm4-1': 11.05, 'm5-1': 10.74, 'm6-1': 99.68, 'm7-1': 5.7, 'm8-1': 5.35}",0.0,957.816,inf,957.816,911.478,911.478
811,T5,BESTEFFORT,COMPLETED,m3-1,801.504,"{'m1-1': 24.93, 'm2-1': 98.48, 'm3-1': 27.34, 'm4-1': 10.26, 'm5-1': 9.76, 'm6-1': 103.98, 'm7-1': 5.8, 'm8-1': 4.89}",41.01,878.637,905.977,inf,911.504,911.504
812,T10,BESTEFFORT,COMPLETED,m4-1,801.943,"{'m1-1': 25.72, 'm2-1': 108.55, 'm3-1': 24.94, 'm4-1': 10.08, 'm5-1': 10.22, 'm6-1': 107.6, 'm7-1': 5.61, 'm8-1': 5.35}",15.120000000000001,899.4240000000001,909.5040000000001,inf,911.943,911.943
813,T7,BESTEFFORT,COMPLETED,m7-1,801.959,"{'m1-1': 24.03, 'm2-1': 97.05, 'm3-1': 25.6, 'm4-1': 10.23, 'm5-1': 9.74, 'm6-1': 112.56, 'm7-1': 5.13, 'm8-1': 5.02}",7.695,906.067,911.197,inf,911.959,911.959
814,T5,BESTEFFORT,CANCELLED,,802.117,"{'m1-1': 26.49, 'm2-1': 94.47, 'm3-1': 26.1, 'm4-1': 11.48, 'm5-1': 9.79, 'm6-1': 102.9, 'm7-1': 5.41, 'm8-1': 5.54}",0.0,inf,inf,inf,912.117,912.117
815,T4,BESTEFFORT,COMPLETED,m8-1,802.413,"{'m1-1': 27.02, 'm2-1': 100.25, 'm3-1': 24.82, 'm4-1': 9.34, 'm5-1': 10.03, 'm6-1': 98.51, 'm7-1': 4.97, 'm8-1': 5.41}",8.115,905.252,910.6619999999999,inf,912.413,912.413
816,T10,BESTEFFORT,MISSED,m6-1,803.034,"{'m1-1': 28.09, 'm2-1': 105.43, 'm3-1': 28.47, 'm4-1': 10.65, 'm5-1': 10.62, 'm6-1': 113.28, 'm7-1': 5.52, 'm8-1': 4.81}",0.0,957.816,inf,957.816,913.034,913.034
817,T10,BESTEFFORT,MISSED,m6-1,803.947,"{'m1-1': 24.73, 'm2-1': 111.78, 'm3-1': 28.38, 'm4-1': 10.03, 'm5-1': 10.53, 'm6-1': 104.49, 'm7-1': 4.91, 'm8-1': 5.5}",0.0,957.816,inf,957.816,913.947,913.947
818,T6,BESTEFFORT,CANCELLED,,805.842,"{'m1-1': 24.43, 'm2-1': 105.66, 'm3-1': 24.82, 'm4-1': 9.9, 'm5-1': 10.86, 'm6-1': 115.69, 'm7-1': 5.34, 'm8-1': 5.72}",0.0,inf,inf,inf,915.842,915.842
819,T4,BESTEFFORT,MISSED,m2-1,806.26,"{'m1-1': 25.44, 'm2-1': 104.44, 'm3-1': 24.62, 'm4-1': 9.98, 'm5-1': 10.78, 'm6-1': 109.62, 'm7-1': 4.71, 'm8-1': 5.4}",0.0,938.375,inf,938.375,916.26,916.26
820,T6,BESTEFFORT,CANCELLED,,806.266,"{'m1-1': 23.72, 'm2-1': 99.79, 'm3-1': 24.69, 'm4-1': 10.91, 'm5-1': 9.88, 'm6-1': 107.5, 'm7-1': 5.21, 'm8-1': 5.26}",0.0,inf,inf,inf,916.266,916.266
821,T4,BESTEFFORT,COMPLETED,m5-1,806.807,"{'m1-1': 24.88, 'm2-1': 98.65, 'm3-1': 27.14, 'm4-1': 9.91, 'm5-1': 10.99, 'm6-1': 110.55, 'm7-1': 4.89, 'm8-1': 5.52}",16.485,902.1899999999998,913.1799999999998,inf,916.807,916.807
822,T9,BESTEFFORT,COMPLETED,m8-1,808.031,"{'m1-1': 26.56, 'm2-1': 110.58, 'm3-1': 25.96, 'm4-1': 10.48, 'm5-1': 10.38, 'm6-1': 98.53, 'm7-1': 5.21, 'm8-1': 4.7}",7.050000000000001,910.6619999999999,915.362,inf,918.031,918.031
823,T10,BESTEFFORT,COMPLETED,m7-1,809.032,"{'m1-1': 26.49, 'm2-1': 101.33, 'm3-1': 25.45, 'm4-1': 10.48, 'm5-1': 11.01, 'm6-1': 99.73, 'm7-1': 5.45, 'm8-1': 5.44}",8.175,911.197,916.647,inf,919.032,919.032
824,T8,BESTEFFORT,COMPLETED,m1-1,809.046,"{'m1-1': 24.69, 'm2-1': 109.87, 'm3-1': 24.57, 'm4-1': 9.68, 'm5-1': 11.85, 'm6-1': 111.13, 'm7-1': 4.89, 'm8-1': 5.13}",37.035000000000004,887.468,912.158,inf,919.046,919.046
825,T2,BESTEFFORT,CANCELLED,,809.878,"{'m1-1': 28.23, 'm2-1': 106.58, 'm3-1': 25.52, 'm4-1': 11.28, 'm5-1': 9.95, 'm6-1': 96.44, 'm7-1': 5.32, 'm8-1': 5.07}",0.0,inf,inf,inf,919.878,919.878
826,T8,BESTEFFORT,COMPLETED,m4-1,813.386,"{'m1-1': 28.66, 'm2-1': 102.94, 'm3-1': 25.26, 'm4-1': 10.82, 'm5-1': 10.85, 'm6-1': 102.9, 'm7-1': 5.03, 'm8-1': 5.7}",16.23,909.5040000000001,920.3240000000002,inf,923.386,923.386
827,T6,BESTEFFORT,COMPLETED,m5-1,814.507,"{'m1-1': 25.27, 'm2-1': 98.62, 'm3-1': 25.36, 'm4-1': 9.99, 'm5-1': 10.36, 'm6-1': 114.07, 'm7-1': 5.07, 'm8-1': 5.14}",15.54,913.1799999999998,923.5399999999998,inf,924.507,924.507
828,T9,BESTEFFORT,COMPLETED,m7-1,814.551,"{'m1-1': 26.16, 'm2-1': 97.5, 'm3-1': 28.58, 'm4-1': 10.57, 'm5-1': 10.22, 'm6-1': 96.24, 'm7-1': 5.63, 'm8-1': 5.07}",8.445,916.647,922.277,inf,924.551,924.551
829,T6,BESTEFFORT,CANCELLED,,816.106,"{'m1-1': 26.0, 'm2-1': 103.65, 'm3-1': 24.23, 'm4-1': 10.6, 'm5-1': 9.9, 'm6-1': 105.61, 'm7-1': 4.98, 'm8-1': 5.68}",0.0,inf,inf,inf,926.106,926.106
830,T4,BESTEFFORT,COMPLETED,m8-1,816.131,"{'m1-1': 26.14, 'm2-1': 107.38, 'm3-1': 26.28, 'm4-1': 10.82, 'm5-1': 11.61, 'm6-1': 109.59, 'm7-1': 5.48, 'm8-1': 5.28}",7.92,915.362,920.6419999999999,inf,926.131,926.131
831,T10,BESTEFFORT,COMPLETED,m8-1,817.01,"{'m1-1': 25.48, 'm2-1': 100.31, 'm3-1': 28.61, 'm4-1': 9.39, 'm5-1': 11.02, 'm6-1': 106.88, 'm7-1': 4.8, 'm8-1': 5.28}",7.92,920.6419999999999,925.9219999999999,inf,927.01,927.01
832,T2,BESTEFFORT,COMPLETED,m7-1,818.06,"{'m1-1': 25.46, 'm2-1': 108.61, 'm3-1': 28.76, 'm4-1': 10.5, 'm5-1': 10.09, 'm6-1': 114.17, 'm7-1': 5.41, 'm8-1': 4.94}",8.115,922.277,927.687,inf,928.06,928.06
833,T8,BESTEFFORT,CANCELLED,,819.137,"{'m1-1': 28.13, 'm2-1': 97.5, 'm3-1': 24.78, 'm4-1': 11.26, 'm5-1': 11.35, 'm6-1': 102.27, 'm7-1': 5.2, 'm8-1': 5.1}",0.0,inf,inf,inf,929.137,929.137
834,T5,BESTEFFORT,COMPLETED,m8-1,822.885,"{'m1-1': 28.7, 'm2-1': 95.1, 'm3-1': 27.46, 'm4-1': 11.02, 'm5-1': 10.44, 'm6-1': 110.66, 'm7-1': 5.77, 'm8-1': 5.46}",8.19,925.9219999999999,931.382,inf,932.885,932.885
835,T4,BESTEFFORT,COMPLETED,m4-1,823.479,"{'m1-1': 28.97, 'm2-1': 115.04, 'm3-1': 23.04, 'm4-1': 9.74, 'm5-1': 11.23, 'm6-1': 103.99, 'm7-1': 5.52, 'm8-1': 4.91}",14.61,920.3240000000002,930.0640000000002,inf,933.479,933.479
836,T1,BESTEFFORT,MISSED,m5-1,823.758,"{'m1-1': 27.28, 'm2-1': 110.79, 'm3-1': 28.52, 'm4-1': 10.54, 'm5-1': 10.3, 'm6-1': 100.67, 'm7-1': 4.63, 'm8-1': 5.2}",15.327000000000282,923.5399999999998,inf,933.758,933.758,933.758
837,T7,BESTEFFORT,COMPLETED,m3-1,826.822,"{'m1-1': 24.57, 'm2-1': 97.84, 'm3-1': 26.46, 'm4-1': 10.81, 'm5-1': 9.43, 'm6-1': 103.79, 'm7-1': 4.75, 'm8-1': 5.77}",39.69,905.977,932.437,inf,936.822,936.822
838,T8,BESTEFFORT,MISSED,m2-1,828.375,"{'m1-1': 25.43, 'm2-1': 109.33, 'm3-1': 23.74, 'm4-1': 9.74, 'm5-1': 11.68, 'm6-1': 105.71, 'm7-1': 5.19, 'm8-1': 5.04}",71.15099999999995,890.941,inf,938.375,938.375,938.375
839,T6,BESTEFFORT,COMPLETED,m7-1,829.636,"{'m1-1': 26.08, 'm2-1': 113.68, 'm3-1': 28.18, 'm4-1': 10.82, 'm5-1': 9.34, 'm6-1': 101.7, 'm7-1': 5.43, 'm8-1': 5.36}",8.145,927.687,933.117,inf,939.636,939.636
840,T4,BESTEFFORT,COMPLETED,m8-1,829.711,"{'m1-1': 24.93, 'm2-1': 113.38, 'm3-1': 24.13, 'm4-1': 10.9, 'm5-1': 10.5, 'm6-1': 103.8, 'm7-1': 4.91, 'm8-1': 5.8}",8.7,931.382,937.1819999999999,inf,939.711,939.711
841,T2,BESTEFFORT,COMPLETED,m7-1,831.338,"{'m1-1': 24.69, 'm2-1': 106.18, 'm3-1': 24.6, 'm4-1': 10.77, 'm5-1': 11.18, 'm6-1': 105.7, 'm7-1': 5.42, 'm8-1': 5.55}",8.129999999999999,933.117,938.5369999999999,inf,941.338,941.338
842,T1,BESTEFFORT,COMPLETED,m1-1,831.847,"{'m1-1': 25.02, 'm2-1': 109.13, 'm3-1': 24.61, 'm4-1': 10.43, 'm5-1': 10.16, 'm6-1': 108.1, 'm7-1': 5.35, 'm8-1': 5.41}",37.53,912.158,937.178,inf,941.847,941.847
843,T2,BESTEFFORT,COMPLETED,m8-1,833.196,"{'m1-1': 24.99, 'm2-1': 101.28, 'm3-1': 28.16, 'm4-1': 10.82, 'm5-1': 10.67, 'm6-1': 108.74, 'm7-1': 5.01, 'm8-1': 5.17}",7.755,937.1819999999999,942.3519999999999,inf,943.196,943.196
844,T5,BESTEFFORT,COMPLETED,m4-1,833.215,"{'m1-1': 29.29, 'm2-1': 110.13, 'm3-1': 23.6, 'm4-1': 11.26, 'm5-1': 11.01, 'm6-1': 110.96, 'm7-1': 4.98, 'm8-1': 5.25}",16.89,930.0640000000002,941.3240000000002,inf,943.215,943.215
845,T4,BESTEFFORT,COMPLETED,m7-1,833.97,"{'m1-1': 27.39, 'm2-1': 109.95, 'm3-1': 23.42, 'm4-1': 9.49, 'm5-1': 10.94, 'm6-1': 106.96, 'm7-1': 5.07, 'm8-1': 5.63}",7.605,938.5369999999999,943.607,inf,943.97,943.97
846,T1,BESTEFFORT,MISSED,m2-1,834.167,"{'m1-1': 27.18, 'm2-1': 99.41, 'm3-1': 24.32, 'm4-1': 11.53, 'm5-1': 9.96, 'm6-1': 114.46, 'm7-1': 4.83, 'm8-1': 5.19}",0.0,1022.558,inf,1022.558,944.167,944.167
847,T6,BESTEFFORT,COMPLETED,m5-1,836.353,"{'m1-1': 26.93, 'm2-1': 107.05, 'm3-1': 25.96, 'm4-1': 10.73, 'm5-1': 9.28, 'm6-1': 103.18, 'm7-1': 5.62, 'm8-1': 4.92}",13.919999999999998,933.758,943.038,inf,946.353,946.353
848,T7,BESTEFFORT,MISSED,m2-1,837.14,"{'m1-1': 26.12, 'm2-1': 96.8, 'm3-1': 24.21, 'm4-1': 11.8, 'm5-1': 10.04, 'm6-1': 98.59, 'm7-1': 5.06, 'm8-1': 4.96}",0.0,1022.558,inf,1022.558,947.14,947.14
849,T1,BESTEFFORT,COMPLETED,m8-1,837.986,"{'m1-1': 29.16, 'm2-1': 106.79, 'm3-1': 24.35, 'm4-1': 10.43, 'm5-1': 10.8, 'm6-1': 97.46, 'm7-1': 4.9, 'm8-1': 5.22}",7.83,942.3519999999999,947.5719999999999,inf,947.986,947.986
850,T10,BESTEFFORT,COMPLETED,m7-1,839.063,"{'m1-1': 26.34, 'm2-1': 105.53, 'm3-1': 27.16, 'm4-1': 9.84, 'm5-1': 10.5, 'm6-1': 111.3, 'm7-1': 5.07, 'm8-1': 4.77}",7.605,943.607,948.677,inf,949.063,949.063
851,T1,BESTEFFORT,COMPLETED,m8-1,843.419,"{'m1-1': 25.95, 'm2-1': 110.44, 'm3-1': 25.36, 'm4-1': 11.44, 'm5-1': 9.88, 'm6-1': 110.99, 'm7-1': 5.43, 'm8-1': 4.89}",7.334999999999999,947.5719999999999,952.4619999999999,inf,953.419,953.419
852,T9,BESTEFFORT,COMPLETED,m7-1,844.288,"{'m1-1': 24.83, 'm2-1': 106.56, 'm3-1': 27.97, 'm4-1': 10.5, 'm5-1': 9.84, 'm6-1': 103.6, 'm7-1': 4.85, 'm8-1': 5.06}",7.2749999999999995,948.677,953.527,inf,954.288,954.288
853,T9,BESTEFFORT,COMPLETED,m4-1,845.005,"{'m1-1': 28.41, 'm2-1': 98.32, 'm3-1': 27.84, 'm4-1': 10.94, 'm5-1': 11.14, 'm6-1': 103.64, 'm7-1': 4.97, 'm8-1': 5.35}",16.41,941.3240000000002,952.2640000000002,inf,955.005,955.005
854,T2,BESTEFFORT,COMPLETED,m5-1,846.086,"{'m1-1': 24.78, 'm2-1': 96.08, 'm3-1': 24.48, 'm4-1': 10.83, 'm5-1': 10.18, 'm6-1': 114.04, 'm7-1': 4.97, 'm8-1': 4.9}",15.27,943.038,953.218,inf,956.086,956.086
855,T5,BESTEFFORT,COMPLETED,m3-1,846.688,"{'m1-1': 29.46, 'm2-1': 101.95, 'm3-1': 23.61, 'm4-1': 10.4, 'm5-1': 9.54, 'm6-1': 108.69, 'm7-1': 5.03, 'm8-1': 5.1}",35.415,932.437,956.047,inf,956.688,956.688
856,T7,BESTEFFORT,MISSED,m2-1,847.19,"{'m1-1': 25.7, 'm2-1': 96.52, 'm3-1': 26.04, 'm4-1': 10.28, 'm5-1': 10.9, 'm6-1': 107.76, 'm7-1': 5.18, 'm8-1': 5.55}",0.0,1022.558,inf,1022.558,957.19,957.19
857,T5,BESTEFFORT,MISSED,m6-1,847.816,"{'m1-1': 25.28, 'm2-1': 104.78, 'm3-1': 24.21, 'm4-1': 10.65, 'm5-1': 10.74, 'm6-1': 112.25, 'm7-1': 5.75, 'm8-1': 5.16}",74.31599999999997,908.272,inf,957.816,957.816,957.816
858,T6,BESTEFFORT,COMPLETED,m8-1,849.531,"{'m1-1': 25.88, 'm2-1': 99.79, 'm3-1': 24.35, 'm4-1': 11.13, 'm5-1': 10.64, 'm6-1': 101.25, 'm7-1': 5.7, 'm8-1': 5.76}",8.64,952.4619999999999,958.2219999999999,inf,959.531,959.531
859,T10,BESTEFFORT,COMPLETED,m7-1,850.107,"{'m1-1': 24.91, 'm2-1': 111.98, 'm3-1': 28.39, 'm4-1': 9.72, 'm5-1': 9.66, 'm6-1': 107.18, 'm7-1': 5.03, 'm8-1': 5.15}",7.545,953.527,958.557,inf,960.107,960.107
860,T8,BESTEFFORT,CANCELLED,,850.887,"{'m1-1': 28.74, 'm2-1': 100.7, 'm3-1': 25.12, 'm4-1': 11.17, 'm5-1': 10.17, 'm6-1': 100.45, 'm7-1': 5.12, 'm8-1': 5.22}",0.0,inf,inf,inf,960.887,960.887
861,T9,BESTEFFORT,MISSED,m6-1,852.569,"{'m1-1': 27.63, 'm2-1': 105.4, 'm3-1': 25.28, 'm4-1': 10.7, 'm5-1': 10.81, 'm6-1': 110.37, 'm7-1': 5.28, 'm8-1': 5.07}",0.0,1027.274,inf,1027.274,962.569,962.569
862,T5,BESTEFFORT,MISSED,m6-1,853.039,"{'m1-1': 27.27, 'm2-1': 105.88, 'm3-1': 27.0, 'm4-1': 10.12, 'm5-1': 10.81, 'm6-1': 107.82, 'm7-1': 5.7, 'm8-1': 5.5}",0.0,1027.274,inf,1027.274,963.039,963.039
863,T1,BESTEFFORT,MISSED,m6-1,853.057,"{'m1-1': 24.97, 'm2-1': 113.59, 'm3-1': 27.03, 'm4-1': 10.5, 'm5-1': 9.8, 'm6-1': 98.09, 'm7-1': 5.19, 'm8-1': 5.53}",0.0,1027.274,inf,1027.274,963.057,963.057
864,T10,BESTEFFORT,COMPLETED,m4-1,853.732,"{'m1-1': 24.87, 'm2-1': 109.27, 'm3-1': 24.64, 'm4-1': 10.81, 'm5-1': 10.13, 'm6-1': 108.25, 'm7-1': 4.93, 'm8-1': 4.87}",16.215,952.2640000000002,963.0740000000002,inf,963.732,963.732
865,T7,BESTEFFORT,COMPLETED,m5-1,854.245,"{'m1-1': 27.07, 'm2-1': 96.67, 'm3-1': 23.78, 'm4-1': 10.66, 'm5-1': 10.63, 'm6-1': 108.9, 'm7-1': 5.36, 'm8-1': 4.93}",15.945,953.218,963.848,inf,964.245,964.245
866,T10,BESTEFFORT,COMPLETED,m8-1,856.152,"{'m1-1': 28.37, 'm2-1': 109.1, 'm3-1': 28.62, 'm4-1': 9.75, 'm5-1': 10.93, 'm6-1': 103.44, 'm7-1': 4.82, 'm8-1': 5.1}",7.6499999999999995,958.2219999999999,963.3219999999999,inf,966.152,966.152
867,T9,BESTEFFORT,COMPLETED,m7-1,858.493,"{'m1-1': 26.72, 'm2-1': 105.37, 'm3-1': 27.76, 'm4-1': 10.69, 'm5-1': 10.6, 'm6-1': 97.89, 'm7-1': 5.16, 'm8-1': 4.95}",7.74,958.557,963.717,inf,968.493,968.493
868,T10,BESTEFFORT,COMPLETED,m1-1,859.487,"{'m1-1': 24.61, 'm2-1': 105.87, 'm3-1': 26.63, 'm4-1': 10.21, 'm5-1': 10.58, 'm6-1': 98.89, 'm7-1': 5.52, 'm8-1': 5.38}",36.915,937.178,961.788,inf,969.487,969.487
869,T2,BESTEFFORT,COMPLETED,m7-1,861.143,"{'m1-1': 26.55, 'm2-1': 108.12, 'm3-1': 24.34, 'm4-1': 11.42, 'm5-1': 10.0, 'm6-1': 107.23, 'm7-1': 5.4, 'm8-1': 5.6}",8.100000000000001,963.717,969.117,inf,971.143,971.143
870,T9,BESTEFFORT,CANCELLED,,861.365,"{'m1-1': 25.88, 'm2-1': 102.76, 'm3-1': 25.76, 'm4-1': 9.88, 'm5-1': 10.85, 'm6-1': 95.17, 'm7-1': 5.62, 'm8-1': 5.05}",0.0,inf,inf,inf,971.365,971.365
871,T9,BESTEFFORT,CANCELLED,,861.565,"{'m1-1': 26.15, 'm2-1': 108.09, 'm3-1': 29.12, 'm4-1': 9.57, 'm5-1': 9.8, 'm6-1': 110.38, 'm7-1': 5.25, 'm8-1': 4.94}",0.0,inf,inf,inf,971.565,971.565
872,T8,BESTEFFORT,COMPLETED,m8-1,861.659,"{'m1-1': 28.3, 'm2-1': 108.15, 'm3-1': 26.42, 'm4-1': 10.76, 'm5-1': 11.07, 'm6-1': 110.9, 'm7-1': 5.11, 'm8-1': 5.19}",7.785,963.3219999999999,968.512,inf,971.659,971.659
873,T1,BESTEFFORT,CANCELLED,,862.973,"{'m1-1': 28.22, 'm2-1': 103.68, 'm3-1': 24.68, 'm4-1': 10.5, 'm5-1': 10.25, 'm6-1': 106.39, 'm7-1': 5.09, 'm8-1': 5.06}",0.0,inf,inf,inf,972.973,972.973
874,T7,BESTEFFORT,CANCELLED,,863.084,"{'m1-1': 25.05, 'm2-1': 102.54, 'm3-1': 26.15, 'm4-1': 10.32, 'm5-1': 9.72, 'm6-1': 110.96, 'm7-1': 5.08, 'm8-1': 4.91}",0.0,inf,inf,inf,973.084,973.084
875,T7,BESTEFFORT,COMPLETED,m4-1,867.672,"{'m1-1': 27.7, 'm2-1': 101.04, 'm3-1': 25.34, 'm4-1': 10.85, 'm5-1': 9.8, 'm6-1': 109.85, 'm7-1': 4.8, 'm8-1': 5.45}",16.275,963.0740000000002,973.9240000000002,inf,977.672,977.672
876,T4,BESTEFFORT,COMPLETED,m5-1,870.868,"{'m1-1': 26.18, 'm2-1': 110.6, 'm3-1': 24.97, 'm4-1': 10.74, 'm5-1': 10.27, 'm6-1': 98.65, 'm7-1': 5.23, 'm8-1': 5.36}",15.405,963.848,974.1179999999999,inf,980.868,980.868
877,T7,BESTEFFORT,COMPLETED,m8-1,873.785,"{'m1-1': 23.92, 'm2-1': 107.39, 'm3-1': 25.51, 'm4-1': 11.47, 'm5-1': 10.1, 'm6-1': 98.93, 'm7-1': 4.85, 'm8-1': 5.79}",8.685,968.512,974.3019999999999,inf,983.785,983.785
878,T10,BESTEFFORT,COMPLETED,m3-1,874.236,"{'m1-1': 25.3, 'm2-1': 109.12, 'm3-1': 26.26, 'm4-1': 10.41, 'm5-1': 11.23, 'm6-1': 104.8, 'm7-1': 4.96, 'm8-1': 5.64}",39.39,956.047,982.307,inf,984.236,984.236
879,T8,BESTEFFORT,COMPLETED,m4-1,875.23,"{'m1-1': 28.67, 'm2-1': 109.1, 'm3-1': 25.67, 'm4-1': 10.07, 'm5-1': 10.57, 'm6-1': 103.0, 'm7-1': 5.42, 'm8-1': 5.17}",15.105,973.9240000000002,983.9940000000003,inf,985.23,985.23
880,T5,BESTEFFORT,COMPLETED,m5-1,875.986,"{'m1-1': 26.49, 'm2-1': 110.5, 'm3-1': 26.01, 'm4-1': 11.24, 'm5-1': 10.54, 'm6-1': 103.98, 'm7-1': 5.26, 'm8-1': 5.49}",15.809999999999999,974.1179999999999,984.6579999999999,inf,985.986,985.986
881,T4,BESTEFFORT,COMPLETED,m7-1,877.62,"{'m1-1': 27.19, 'm2-1': 107.48, 'm3-1': 25.13, 'm4-1': 9.44, 'm5-1': 10.41, 'm6-1': 100.17, 'm7-1': 5.54, 'm8-1': 5.16}",8.31,969.117,974.6569999999999,inf,987.62,987.62
882,T2,BESTEFFORT,COMPLETED,m8-1,878.305,"{'m1-1': 24.3, 'm2-1': 96.98, 'm3-1': 25.0, 'm4-1': 11.59, 'm5-1': 11.2, 'm6-1': 112.61, 'm7-1': 4.84, 'm8-1': 4.96}",7.4399999999999995,974.3019999999999,979.262,inf,988.305,988.305
883,T1,BESTEFFORT,COMPLETED,m7-1,880.354,"{'m1-1': 25.78, 'm2-1': 103.68, 'm3-1': 27.6, 'm4-1': 10.06, 'm5-1': 9.74, 'm6-1': 102.06, 'm7-1': 4.61, 'm8-1': 5.04}",6.915000000000001,974.6569999999999,979.2669999999999,inf,990.354,990.354
884,T5,BESTEFFORT,COMPLETED,m1-1,880.707,"{'m1-1': 27.76, 'm2-1': 100.61, 'm3-1': 26.11, 'm4-1': 10.32, 'm5-1': 9.57, 'm6-1': 100.5, 'm7-1': 5.09, 'm8-1': 4.93}",41.64,961.788,989.548,inf,990.707,990.707
885,T2,BESTEFFORT,COMPLETED,m8-1,880.823,"{'m1-1': 26.61, 'm2-1': 103.1, 'm3-1': 27.28, 'm4-1': 11.33, 'm5-1': 11.01, 'm6-1': 102.74, 'm7-1': 5.28, 'm8-1': 5.35}",8.024999999999999,979.262,984.612,inf,990.823,990.823
886,T5,BESTEFFORT,COMPLETED,m7-1,882.251,"{'m1-1': 28.52, 'm2-1': 105.03, 'm3-1': 25.18, 'm4-1': 9.89, 'm5-1': 11.26, 'm6-1': 115.33, 'm7-1': 5.5, 'm8-1': 4.87}",8.25,979.2669999999999,984.7669999999999,inf,992.251,992.251
887,T10,BESTEFFORT,COMPLETED,m8-1,882.601,"{'m1-1': 26.6, 'm2-1': 109.92, 'm3-1': 28.12, 'm4-1': 10.39, 'm5-1': 11.09, 'm6-1': 99.27, 'm7-1': 5.28, 'm8-1': 5.28}",7.92,984.612,989.8919999999999,inf,992.601,992.601
888,T2,BESTEFFORT,COMPLETED,m7-1,883.413,"{'m1-1': 26.04, 'm2-1': 95.38, 'm3-1': 27.24, 'm4-1': 10.76, 'm5-1': 9.8, 'm6-1': 103.3, 'm7-1': 4.99, 'm8-1': 5.44}",7.485,984.7669999999999,989.757,inf,993.413,993.413
889,T6,BESTEFFORT,CANCELLED,,885.095,"{'m1-1': 23.72, 'm2-1': 101.99, 'm3-1': 24.71, 'm4-1': 10.94, 'm5-1': 10.39, 'm6-1': 105.49, 'm7-1': 5.6, 'm8-1': 5.47}",0.0,inf,inf,inf,995.095,995.095
890,T2,BESTEFFORT,COMPLETED,m7-1,885.24,"{'m1-1': 24.68, 'm2-1': 108.52, 'm3-1': 26.34, 'm4-1': 11.08, 'm5-1': 10.04, 'm6-1': 98.01, 'm7-1': 5.32, 'm8-1': 5.46}",7.98,989.757,995.077,inf,995.24,995.24
891,T4,BESTEFFORT,COMPLETED,m4-1,887.73,"{'m1-1': 28.79, 'm2-1': 104.23, 'm3-1': 23.68, 'm4-1': 10.23, 'm5-1': 11.2, 'm6-1': 114.73, 'm7-1': 4.84, 'm8-1': 4.94}",15.345,983.9940000000003,994.2240000000003,inf,997.73,997.73
892,T5,BESTEFFORT,COMPLETED,m5-1,893.494,"{'m1-1': 27.64, 'm2-1': 105.7, 'm3-1': 25.46, 'm4-1': 10.02, 'm5-1': 10.3, 'm6-1': 100.49, 'm7-1': 5.48, 'm8-1': 4.9}",15.450000000000001,984.6579999999999,994.9579999999999,inf,1003.494,1003.494
893,T1,BESTEFFORT,COMPLETED,m8-1,894.787,"{'m1-1': 27.43, 'm2-1': 104.67, 'm3-1': 26.81, 'm4-1': 11.45, 'm5-1': 11.12, 'm6-1': 105.79, 'm7-1': 5.17, 'm8-1': 5.19}",7.785,989.8919999999999,995.082,inf,1004.787,1004.787
894,T1,BESTEFFORT,COMPLETED,m8-1,895.398,"{'m1-1': 25.6, 'm2-1': 105.93, 'm3-1': 24.36, 'm4-1': 10.21, 'm5-1': 10.57, 'm6-1': 111.73, 'm7-1': 5.12, 'm8-1': 5.35}",8.024999999999999,995.082,1000.432,inf,1005.398,1005.398
895,T5,BESTEFFORT,COMPLETED,m7-1,896.348,"{'m1-1': 25.25, 'm2-1': 103.3, 'm3-1': 27.0, 'm4-1': 10.58, 'm5-1': 9.97, 'm6-1': 105.44, 'm7-1': 5.62, 'm8-1': 5.17}",8.43,995.077,1000.697,inf,1006.348,1006.348
896,T10,BESTEFFORT,COMPLETED,m4-1,896.351,"{'m1-1': 27.87, 'm2-1': 99.38, 'm3-1': 25.55, 'm4-1': 10.49, 'm5-1': 10.81, 'm6-1': 112.83, 'm7-1': 5.26, 'm8-1': 5.28}",15.735,994.2240000000003,1004.7140000000003,inf,1006.351,1006.351
897,T2,BESTEFFORT,COMPLETED,m8-1,896.702,"{'m1-1': 26.81, 'm2-1': 108.3, 'm3-1': 24.4, 'm4-1': 10.72, 'm5-1': 10.62, 'm6-1': 98.64, 'm7-1': 5.54, 'm8-1': 5.04}",7.5600000000000005,1000.432,1005.472,inf,1006.702,1006.702
898,T6,BESTEFFORT,COMPLETED,m5-1,897.932,"{'m1-1': 26.19, 'm2-1': 112.11, 'm3-1': 25.93, 'm4-1': 10.57, 'm5-1': 10.43, 'm6-1': 102.4, 'm7-1': 4.91, 'm8-1': 5.36}",15.645,994.9579999999999,1005.3879999999998,inf,1007.932,1007.932
899,T6,BESTEFFORT,COMPLETED,m7-1,899.473,"{'m1-1': 24.38, 'm2-1': 110.26, 'm3-1': 28.53, 'm4-1': 10.57, 'm5-1': 10.49, 'm6-1': 104.13, 'm7-1': 5.68, 'm8-1': 5.25}",8.52,1000.697,1006.377,inf,1009.473,1009.473
900,T1,BESTEFFORT,CANCELLED,,899.935,"{'m1-1': 27.92, 'm2-1': 109.28, 'm3-1': 28.48, 'm4-1': 11.73, 'm5-1': 10.42, 'm6-1': 108.23, 'm7-1': 4.78, 'm8-1': 5.2}",0.0,inf,inf,inf,1009.935,1009.935
901,T4,BESTEFFORT,MISSED,m8-1,900.653,"{'m1-1': 25.52, 'm2-1': 109.99, 'm3-1': 22.95, 'm4-1': 9.55, 'm5-1': 10.12, 'm6-1': 102.62, 'm7-1': 5.25, 'm8-1': 5.44}",7.77150000000006,1005.472,inf,1010.653,1010.653,1010.653
902,T10,BESTEFFORT,COMPLETED,m3-1,901.511,"{'m1-1': 28.27, 'm2-1': 103.62, 'm3-1': 28.87, 'm4-1': 10.23, 'm5-1': 10.15, 'm6-1': 107.32, 'm7-1': 5.66, 'm8-1': 5.15}",43.305,982.307,1011.177,inf,1011.511,1011.511
903,T4,BESTEFFORT,COMPLETED,m4-1,905.894,"{'m1-1': 28.44, 'm2-1': 108.57, 'm3-1': 24.76, 'm4-1': 10.03, 'm5-1': 11.42, 'm6-1': 108.27, 'm7-1': 5.26, 'm8-1': 5.48}",15.044999999999998,1004.7140000000003,1014.7440000000003,inf,1015.894,1015.894
904,T4,BESTEFFORT,COMPLETED,m1-1,908.725,"{'m1-1': 26.21, 'm2-1': 111.55, 'm3-1': 23.54, 'm4-1': 10.65, 'm5-1': 11.37, 'm6-1': 100.45, 'm7-1': 5.27, 'm8-1': 5.63}",39.315,989.548,1015.758,inf,1018.725,1018.725
905,T2,BESTEFFORT,COMPLETED,m5-1,909.32,"{'m1-1': 25.35, 'm2-1': 100.65, 'm3-1': 25.28, 'm4-1': 10.84, 'm5-1': 10.52, 'm6-1': 104.16, 'm7-1': 5.07, 'm8-1': 5.06}",15.78,1005.3879999999998,1015.9079999999998,inf,1019.32,1019.32
906,T7,BESTEFFORT,COMPLETED,m7-1,909.835,"{'m1-1': 25.6, 'm2-1': 105.41, 'm3-1': 26.6, 'm4-1': 10.64, 'm5-1': 9.38, 'm6-1': 103.39, 'm7-1': 4.73, 'm8-1': 5.51}",7.095000000000001,1006.377,1011.107,inf,1019.835,1019.835
907,T8,BESTEFFORT,COMPLETED,m8-1,911.657,"{'m1-1': 25.62, 'm2-1': 108.96, 'm3-1': 23.79, 'm4-1': 10.42, 'm5-1': 11.17, 'm6-1': 104.22, 'm7-1': 5.08, 'm8-1': 5.5}",8.25,1010.653,1016.153,inf,1021.657,1021.657
908,T6,BESTEFFORT,COMPLETED,m7-1,911.807,"{'m1-1': 24.07, 'm2-1': 112.74, 'm3-1': 25.83, 'm4-1': 10.2, 'm5-1': 9.8, 'm6-1': 111.91, 'm7-1': 5.36, 'm8-1': 5.41}",8.040000000000001,1011.107,1016.467,inf,1021.807,1021.807
909,T7,BESTEFFORT,MISSED,m2-1,912.558,"{'m1-1': 24.79, 'm2-1': 109.73, 'm3-1': 26.71, 'm4-1': 11.46, 'm5-1': 10.97, 'm6-1': 106.02, 'm7-1': 4.85, 'm8-1': 5.06}",126.27449999999999,938.375,inf,1022.558,1022.558,1022.558
910,T8,BESTEFFORT,COMPLETED,m8-1,913.867,"{'m1-1': 25.06, 'm2-1': 97.06, 'm3-1': 22.93, 'm4-1': 10.46, 'm5-1': 11.61, 'm6-1': 105.32, 'm7-1': 5.1, 'm8-1': 5.07}",7.605,1016.153,1021.2230000000001,inf,1023.867,1023.867
911,T10,BESTEFFORT,COMPLETED,m4-1,916.811,"{'m1-1': 26.57, 'm2-1': 108.53, 'm3-1': 24.62, 'm4-1': 9.85, 'm5-1': 10.34, 'm6-1': 102.04, 'm7-1': 5.62, 'm8-1': 5.36}",14.774999999999999,1014.7440000000003,1024.5940000000003,inf,1026.8110000000001,1026.8110000000001
912,T8,BESTEFFORT,MISSED,m6-1,917.274,"{'m1-1': 26.31, 'm2-1': 99.19, 'm3-1': 24.05, 'm4-1': 9.84, 'm5-1': 10.09, 'm6-1': 112.21, 'm7-1': 4.78, 'm8-1': 5.61}",104.18699999999978,957.816,inf,1027.274,1027.274,1027.274
913,T1,BESTEFFORT,COMPLETED,m5-1,919.447,"{'m1-1': 27.6, 'm2-1': 108.93, 'm3-1': 26.15, 'm4-1': 11.03, 'm5-1': 11.19, 'm6-1': 97.54, 'm7-1': 4.66, 'm8-1': 5.21}",16.785,1015.9079999999998,1027.0979999999997,inf,1029.4470000000001,1029.4470000000001
914,T5,BESTEFFORT,COMPLETED,m7-1,921.301,"{'m1-1': 26.36, 'm2-1': 103.68, 'm3-1': 23.64, 'm4-1': 10.85, 'm5-1': 11.24, 'm6-1': 102.9, 'm7-1': 5.61, 'm8-1': 5.12}",8.415000000000001,1016.467,1022.077,inf,1031.301,1031.301
915,T10,BESTEFFORT,COMPLETED,m8-1,921.45,"{'m1-1': 27.95, 'm2-1': 98.71, 'm3-1': 25.88, 'm4-1': 9.62, 'm5-1': 9.98, 'm6-1': 114.06, 'm7-1': 5.56, 'm8-1': 5.01}",7.515,1021.2230000000001,1026.2330000000002,inf,1031.45,1031.45
916,T1,BESTEFFORT,COMPLETED,m7-1,922.898,"{'m1-1': 27.93, 'm2-1': 96.6, 'm3-1': 24.27, 'm4-1': 11.76, 'm5-1': 10.48, 'm6-1': 115.0, 'm7-1': 5.2, 'm8-1': 5.34}",7.800000000000001,1022.077,1027.277,inf,1032.8980000000001,1032.8980000000001
917,T8,BESTEFFORT,COMPLETED,m8-1,924.522,"{'m1-1': 24.96, 'm2-1': 113.19, 'm3-1': 24.79, 'm4-1': 10.06, 'm5-1': 11.14, 'm6-1': 115.7, 'm7-1': 5.38, 'm8-1': 4.97}",7.455,1026.2330000000002,1031.2030000000002,inf,1034.522,1034.522
918,T1,BESTEFFORT,COMPLETED,m7-1,924.534,"{'m1-1': 27.13, 'm2-1': 111.35, 'm3-1': 25.56, 'm4-1': 10.29, 'm5-1': 10.63, 'm6-1': 113.01, 'm7-1': 5.08, 'm8-1': 5.52}",7.62,1027.277,1032.357,inf,1034.534,1034.534
919,T1,BESTEFFORT,MISSED,m2-1,924.951,"{'m1-1': 24.99, 'm2-1': 101.89, 'm3-1': 24.63, 'm4-1': 11.16, 'm5-1': 10.27, 'm6-1': 114.69, 'm7-1': 5.44, 'm8-1': 5.58}",0.0,1071.605,inf,1071.605,1034.951,1034.951
920,T6,BESTEFFORT,COMPLETED,m4-1,925.535,"{'m1-1': 24.32, 'm2-1': 101.55, 'm3-1': 25.97, 'm4-1': 10.74, 'm5-1': 10.08, 'm6-1': 114.56, 'm7-1': 5.39, 'm8-1': 5.64}",16.11,1024.5940000000003,1035.3340000000003,inf,1035.5349999999999,1035.5349999999999
921,T6,BESTEFFORT,MISSED,m5-1,925.623,"{'m1-1': 25.75, 'm2-1': 100.7, 'm3-1': 24.2, 'm4-1': 10.28, 'm5-1': 9.85, 'm6-1': 109.68, 'm7-1': 4.97, 'm8-1': 5.48}",12.787500000000477,1027.0979999999997,inf,1035.623,1035.623,1035.623
922,T10,BESTEFFORT,MISSED,m3-1,926.565,"{'m1-1': 27.27, 'm2-1': 111.88, 'm3-1': 26.17, 'm4-1': 10.6, 'm5-1': 10.31, 'm6-1': 108.06, 'm7-1': 4.89, 'm8-1': 5.32}",38.08200000000005,1011.177,inf,1036.565,1036.565,1036.565
923,T5,BESTEFFORT,MISSED,m1-1,926.724,"{'m1-1': 27.58, 'm2-1': 97.58, 'm3-1': 26.03, 'm4-1': 11.06, 'm5-1': 10.55, 'm6-1': 114.46, 'm7-1': 5.25, 'm8-1': 5.41}",0.0,1097.5080000000003,inf,1097.5080000000003,1036.7240000000002,1036.7240000000002
924,T7,BESTEFFORT,COMPLETED,m8-1,927.286,"{'m1-1': 25.79, 'm2-1': 102.26, 'm3-1': 24.52, 'm4-1': 10.37, 'm5-1': 10.77, 'm6-1': 98.11, 'm7-1': 4.85, 'm8-1': 5.25}",7.875,1031.2030000000002,1036.4530000000002,inf,1037.286,1037.286
925,T8,BESTEFFORT,COMPLETED,m7-1,929.35,"{'m1-1': 25.86, 'm2-1': 102.85, 'm3-1': 25.88, 'm4-1': 11.07, 'm5-1': 11.44, 'm6-1': 105.57, 'm7-1': 5.22, 'm8-1': 5.75}",7.83,1032.357,1037.577,inf,1039.35,1039.35
926,T6,BESTEFFORT,COMPLETED,m8-1,935.46,"{'m1-1': 27.19, 'm2-1': 108.25, 'm3-1': 26.62, 'm4-1': 9.58, 'm5-1': 9.76, 'm6-1': 98.98, 'm7-1': 5.61, 'm8-1': 5.05}",7.574999999999999,1036.4530000000002,1041.5030000000002,inf,1045.46,1045.46
927,T4,BESTEFFORT,COMPLETED,m1-1,936.426,"{'m1-1': 24.97, 'm2-1': 102.38, 'm3-1': 24.78, 'm4-1': 9.28, 'm5-1': 10.36, 'm6-1': 113.32, 'm7-1': 4.84, 'm8-1': 5.04}",37.455,1015.758,1040.728,inf,1046.426,1046.426
928,T10,BESTEFFORT,COMPLETED,m4-1,936.829,"{'m1-1': 28.38, 'm2-1': 95.08, 'm3-1': 28.67, 'm4-1': 9.66, 'm5-1': 10.74, 'm6-1': 112.23, 'm7-1': 5.53, 'm8-1': 5.1}",14.49,1035.3340000000003,1044.9940000000004,inf,1046.829,1046.829
929,T2,BESTEFFORT,COMPLETED,m5-1,940.524,"{'m1-1': 27.55, 'm2-1': 107.1, 'm3-1': 25.63, 'm4-1': 11.02, 'm5-1': 10.22, 'm6-1': 101.48, 'm7-1': 5.5, 'm8-1': 5.64}",15.330000000000002,1035.623,1045.843,inf,1050.524,1050.524
930,T2,BESTEFFORT,COMPLETED,m7-1,942.136,"{'m1-1': 26.68, 'm2-1': 102.3, 'm3-1': 25.67, 'm4-1': 11.75, 'm5-1': 11.31, 'm6-1': 108.72, 'm7-1': 5.22, 'm8-1': 5.34}",7.83,1037.577,1042.797,inf,1052.136,1052.136
931,T8,BESTEFFORT,MISSED,m2-1,945.03,"{'m1-1': 25.81, 'm2-1': 97.84, 'm3-1': 24.28, 'm4-1': 11.09, 'm5-1': 11.87, 'm6-1': 115.3, 'm7-1': 5.29, 'm8-1': 5.38}",0.0,1071.605,inf,1071.605,1055.03,1055.03
932,T8,BESTEFFORT,MISSED,m2-1,945.281,"{'m1-1': 26.41, 'm2-1': 101.38, 'm3-1': 26.78, 'm4-1': 11.18, 'm5-1': 11.09, 'm6-1': 116.53, 'm7-1': 5.46, 'm8-1': 4.93}",0.0,1071.605,inf,1071.605,1055.281,1055.281
933,T1,BESTEFFORT,COMPLETED,m4-1,946.537,"{'m1-1': 28.18, 'm2-1': 110.36, 'm3-1': 26.45, 'm4-1': 10.87, 'm5-1': 9.68, 'm6-1': 97.7, 'm7-1': 4.7, 'm8-1': 5.38}",16.305,1044.9940000000004,1055.8640000000003,inf,1056.537,1056.537
934,T6,BESTEFFORT,COMPLETED,m5-1,946.964,"{'m1-1': 24.36, 'm2-1': 102.13, 'm3-1': 27.82, 'm4-1': 10.74, 'm5-1': 9.24, 'm6-1': 113.61, 'm7-1': 5.22, 'm8-1': 5.48}",13.86,1045.843,1055.083,inf,1056.964,1056.964
935,T4,BESTEFFORT,COMPLETED,m8-1,948.315,"{'m1-1': 24.96, 'm2-1': 105.42, 'm3-1': 23.03, 'm4-1': 10.16, 'm5-1': 11.02, 'm6-1': 109.9, 'm7-1': 4.87, 'm8-1': 5.41}",8.115,1041.5030000000002,1046.9130000000002,inf,1058.315,1058.315
936,T7,BESTEFFORT,MISSED,m6-1,949.965,"{'m1-1': 24.72, 'm2-1': 96.49, 'm3-1': 24.95, 'm4-1': 10.52, 'm5-1': 9.83, 'm6-1': 102.16, 'm7-1': 5.34, 'm8-1': 5.23}",0.0,1079.663,inf,1079.663,1059.9650000000001,1059.9650000000001
937,T1,BESTEFFORT,MISSED,m6-1,950.191,"{'m1-1': 25.75, 'm2-1': 100.92, 'm3-1': 26.74, 'm4-1': 11.81, 'm5-1': 10.43, 'm6-1': 99.24, 'm7-1': 5.39, 'm8-1': 5.18}",0.0,1079.663,inf,1079.663,1060.191,1060.191
938,T4,BESTEFFORT,MISSED,m6-1,951.128,"{'m1-1': 29.27, 'm2-1': 114.72, 'm3-1': 26.22, 'm4-1': 9.94, 'm5-1': 10.22, 'm6-1': 99.15, 'm7-1': 5.44, 'm8-1': 5.28}",0.0,1079.663,inf,1079.663,1061.1280000000002,1061.1280000000002
939,T8,BESTEFFORT,MISSED,m3-1,951.744,"{'m1-1': 26.15, 'm2-1': 96.29, 'm3-1': 25.49, 'm4-1': 10.36, 'm5-1': 11.59, 'm6-1': 100.55, 'm7-1': 5.35, 'm8-1': 5.16}",37.76850000000013,1036.565,inf,1061.7440000000001,1061.7440000000001,1061.7440000000001
940,T6,BESTEFFORT,COMPLETED,m7-1,954.499,"{'m1-1': 23.14, 'm2-1': 114.6, 'm3-1': 26.81, 'm4-1': 11.19, 'm5-1': 9.68, 'm6-1': 107.8, 'm7-1': 5.49, 'm8-1': 5.46}",8.235,1042.797,1048.287,inf,1064.499,1064.499
941,T8,BESTEFFORT,COMPLETED,m8-1,955.637,"{'m1-1': 27.54, 'm2-1': 101.27, 'm3-1': 25.8, 'm4-1': 11.03, 'm5-1': 10.97, 'm6-1': 103.82, 'm7-1': 5.4, 'm8-1': 5.04}",7.5600000000000005,1046.9130000000002,1051.9530000000002,inf,1065.637,1065.637
942,T7,BESTEFFORT,COMPLETED,m4-1,960.208,"{'m1-1': 27.39, 'm2-1': 108.13, 'm3-1': 24.21, 'm4-1': 10.97, 'm5-1': 10.8, 'm6-1': 104.26, 'm7-1': 5.24, 'm8-1': 5.22}",16.455000000000002,1055.8640000000003,1066.8340000000003,inf,1070.208,1070.208
943,T5,BESTEFFORT,COMPLETED,m1-1,960.449,"{'m1-1': 28.14, 'm2-1': 106.83, 'm3-1': 23.9, 'm4-1': 10.92, 'm5-1': 10.3, 'm6-1': 105.62, 'm7-1': 5.4, 'm8-1': 5.01}",42.21,1040.728,1068.8680000000002,inf,1070.449,1070.449
944,T4,BESTEFFORT,MISSED,m2-1,961.605,"{'m1-1': 25.38, 'm2-1': 100.34, 'm3-1': 27.08, 'm4-1': 9.83, 'm5-1': 10.94, 'm6-1': 98.2, 'm7-1': 5.13, 'm8-1': 5.03}",73.57050000000004,1022.558,inf,1071.605,1071.605,1071.605
945,T7,BESTEFFORT,COMPLETED,m5-1,963.688,"{'m1-1': 25.76, 'm2-1': 108.29, 'm3-1': 25.51, 'm4-1': 10.04, 'm5-1': 9.3, 'm6-1': 101.96, 'm7-1': 4.81, 'm8-1': 5.04}",13.950000000000001,1055.083,1064.383,inf,1073.688,1073.688
946,T4,BESTEFFORT,COMPLETED,m8-1,963.858,"{'m1-1': 26.85, 'm2-1': 110.44, 'm3-1': 23.45, 'm4-1': 10.1, 'm5-1': 11.35, 'm6-1': 102.53, 'm7-1': 5.12, 'm8-1': 5.35}",8.024999999999999,1051.9530000000002,1057.303,inf,1073.858,1073.858
947,T5,BESTEFFORT,COMPLETED,m7-1,964.032,"{'m1-1': 25.8, 'm2-1': 103.31, 'm3-1': 27.78, 'm4-1': 11.34, 'm5-1': 9.95, 'm6-1': 103.83, 'm7-1': 5.42, 'm8-1': 5.2}",8.129999999999999,1048.287,1053.707,inf,1074.0320000000002,1074.0320000000002
948,T4,BESTEFFORT,COMPLETED,m4-1,967.278,"{'m1-1': 25.71, 'm2-1': 109.18, 'm3-1': 26.98, 'm4-1': 9.28, 'm5-1': 11.33, 'm6-1': 109.84, 'm7-1': 5.57, 'm8-1': 5.72}",13.919999999999998,1066.8340000000003,1076.1140000000003,inf,1077.278,1077.278
949,T2,BESTEFFORT,MISSED,m6-1,969.663,"{'m1-1': 27.08, 'm2-1': 107.66, 'm3-1': 24.54, 'm4-1': 10.78, 'm5-1': 10.54, 'm6-1': 111.09, 'm7-1': 5.23, 'm8-1': 5.47}",78.58350000000019,1027.274,inf,1079.663,1079.663,1079.663
950,T8,BESTEFFORT,COMPLETED,m7-1,970.393,"{'m1-1': 28.88, 'm2-1': 103.08, 'm3-1': 23.4, 'm4-1': 9.84, 'm5-1': 11.43, 'm6-1': 100.97, 'm7-1': 5.31, 'm8-1': 5.28}",7.965,1053.707,1059.017,inf,1080.393,1080.393
951,T8,BESTEFFORT,COMPLETED,m5-1,970.926,"{'m1-1': 27.72, 'm2-1': 111.31, 'm3-1': 24.58, 'm4-1': 11.07, 'm5-1': 11.77, 'm6-1': 117.26, 'm7-1': 5.44, 'm8-1': 4.97}",17.655,1064.383,1076.153,inf,1080.926,1080.926
952,T5,BESTEFFORT,COMPLETED,m8-1,973.453,"{'m1-1': 28.3, 'm2-1': 107.53, 'm3-1': 27.67, 'm4-1': 10.84, 'm5-1': 9.91, 'm6-1': 106.48, 'm7-1': 5.23, 'm8-1': 4.91}",7.365,1057.303,1062.2130000000002,inf,1083.453,1083.453
953,T4,BESTEFFORT,MISSED,m3-1,974.079,"{'m1-1': 28.38, 'm2-1': 98.61, 'm3-1': 23.16, 'm4-1': 10.36, 'm5-1': 10.47, 'm6-1': 98.06, 'm7-1': 5.13, 'm8-1': 5.49}",33.50249999999971,1061.7440000000001,inf,1084.079,1084.079,1084.079
954,T5,BESTEFFORT,COMPLETED,m7-1,976.028,"{'m1-1': 28.95, 'm2-1': 96.46, 'm3-1': 24.64, 'm4-1': 10.62, 'm5-1': 11.1, 'm6-1': 102.29, 'm7-1': 5.82, 'm8-1': 5.24}",8.73,1059.017,1064.837,inf,1086.028,1086.028
955,T5,BESTEFFORT,COMPLETED,m5-1,977.608,"{'m1-1': 25.13, 'm2-1': 103.84, 'm3-1': 26.0, 'm4-1': 10.2, 'm5-1': 10.87, 'm6-1': 102.2, 'm7-1': 4.96, 'm8-1': 4.88}",16.305,1076.153,1087.023,inf,1087.608,1087.608
956,T4,BESTEFFORT,COMPLETED,m4-1,977.729,"{'m1-1': 27.36, 'm2-1': 104.46, 'm3-1': 26.48, 'm4-1': 10.14, 'm5-1': 11.22, 'm6-1': 102.77, 'm7-1': 5.08, 'm8-1': 5.64}",15.21,1076.1140000000003,1086.2540000000004,inf,1087.729,1087.729
957,T5,BESTEFFORT,COMPLETED,m8-1,979.628,"{'m1-1': 25.94, 'm2-1': 107.13, 'm3-1': 26.53, 'm4-1': 10.83, 'm5-1': 10.26, 'm6-1': 108.38, 'm7-1': 5.76, 'm8-1': 5.39}",8.084999999999999,1062.2130000000002,1067.6030000000003,inf,1089.6280000000002,1089.6280000000002
958,T2,BESTEFFORT,COMPLETED,m7-1,981.951,"{'m1-1': 26.02, 'm2-1': 112.98, 'm3-1': 28.7, 'm4-1': 10.92, 'm5-1': 10.67, 'm6-1': 102.12, 'm7-1': 5.5, 'm8-1': 5.06}",8.25,1064.837,1070.337,inf,1091.951,1091.951
959,T4,BESTEFFORT,COMPLETED,m1-1,989.351,"{'m1-1': 28.64, 'm2-1': 104.07, 'm3-1': 25.99, 'm4-1': 9.84, 'm5-1': 10.23, 'm6-1': 102.2, 'm7-1': 5.02, 'm8-1': 5.28}",42.96,1068.8680000000002,1097.5080000000003,inf,1099.351,1099.351
960,T2,BESTEFFORT,COMPLETED,m8-1,990.061,"{'m1-1': 27.73, 'm2-1': 103.14, 'm3-1': 27.22, 'm4-1': 10.37, 'm5-1': 10.62, 'm6-1': 102.27, 'm7-1': 5.26, 'm8-1': 5.4}",8.100000000000001,1067.6030000000003,1073.0030000000004,inf,1100.0610000000001,1100.0610000000001
961,T6,BESTEFFORT,COMPLETED,m7-1,992.407,"{'m1-1': 24.16, 'm2-1': 106.93, 'm3-1': 28.18, 'm4-1': 10.49, 'm5-1': 9.4, 'm6-1': 106.04, 'm7-1': 5.28, 'm8-1': 4.92}",7.92,1070.337,1075.617,inf,1102.4070000000002,1102.4070000000002
962,T2,BESTEFFORT,COMPLETED,m5-1,992.617,"{'m1-1': 28.24, 'm2-1': 104.57, 'm3-1': 26.99, 'm4-1': 10.74, 'm5-1': 10.34, 'm6-1': 100.12, 'm7-1': 5.51, 'm8-1': 5.51}",15.51,1087.023,1097.3629999999998,inf,1102.617,1102.617
963,T8,BESTEFFORT,COMPLETED,m4-1,994.118,"{'m1-1': 28.22, 'm2-1': 112.57, 'm3-1': 24.87, 'm4-1': 10.21, 'm5-1': 10.73, 'm6-1': 106.45, 'm7-1': 4.93, 'm8-1': 5.32}",15.315000000000001,1086.2540000000004,1096.4640000000004,inf,1104.118,1104.118
964,T8,BESTEFFORT,COMPLETED,m8-1,995.29,"{'m1-1': 25.92, 'm2-1': 99.74, 'm3-1': 26.0, 'm4-1': 10.55, 'm5-1': 11.21, 'm6-1': 115.71, 'm7-1': 4.91, 'm8-1': 5.47}",8.205,1073.0030000000004,1078.4730000000004,inf,1105.29,1105.29
965,T8,BESTEFFORT,COMPLETED,m7-1,996.082,"{'m1-1': 25.31, 'm2-1': 106.05, 'm3-1': 23.73, 'm4-1': 9.81, 'm5-1': 10.04, 'm6-1': 103.15, 'm7-1': 5.44, 'm8-1': 5.61}",8.16,1075.617,1081.057,inf,1106.0819999999999,1106.0819999999999
966,T1,BESTEFFORT,COMPLETED,m8-1,997.764,"{'m1-1': 26.76, 'm2-1': 110.15, 'm3-1': 26.92, 'm4-1': 11.7, 'm5-1': 10.43, 'm6-1': 112.42, 'm7-1': 5.3, 'm8-1': 4.86}",7.290000000000001,1078.4730000000004,1083.3330000000003,inf,1107.7640000000001,1107.7640000000001
967,T4,BESTEFFORT,MISSED,m3-1,998.139,"{'m1-1': 24.85, 'm2-1': 113.26, 'm3-1': 26.79, 'm4-1': 10.78, 'm5-1': 9.81, 'm6-1': 102.75, 'm7-1': 5.4, 'm8-1': 5.5}",36.09000000000026,1084.079,inf,1108.1390000000001,1108.1390000000001,1108.1390000000001
968,T6,BESTEFFORT,COMPLETED,m5-1,999.313,"{'m1-1': 27.0, 'm2-1': 98.8, 'm3-1': 26.87, 'm4-1': 10.65, 'm5-1': 10.36, 'm6-1': 106.2, 'm7-1': 5.46, 'm8-1': 4.89}",15.54,1097.3629999999998,1107.7229999999997,inf,1109.313,1109.313
969,T1,BESTEFFORT,COMPLETED,m7-1,1003.807,"{'m1-1': 27.99, 'm2-1': 100.77, 'm3-1': 24.54, 'm4-1': 10.43, 'm5-1': 11.15, 'm6-1': 103.21, 'm7-1': 5.31, 'm8-1': 5.51}",7.965,1081.057,1086.367,inf,1113.807,1113.807
970,T1,BESTEFFORT,COMPLETED,m4-1,1005.344,"{'m1-1': 24.95, 'm2-1': 110.84, 'm3-1': 26.37, 'm4-1': 10.51, 'm5-1': 10.32, 'm6-1': 104.54, 'm7-1': 4.87, 'm8-1': 4.89}",15.765,1096.4640000000004,1106.9740000000004,inf,1115.344,1115.344
971,T5,BESTEFFORT,COMPLETED,m7-1,1006.359,"{'m1-1': 29.02, 'm2-1': 97.39, 'm3-1': 24.75, 'm4-1': 9.88, 'm5-1': 10.27, 'm6-1': 115.38, 'm7-1': 5.68, 'm8-1': 5.57}",8.52,1086.367,1092.047,inf,1116.359,1116.359
972,T4,BESTEFFORT,COMPLETED,m8-1,1006.421,"{'m1-1': 25.58, 'm2-1': 100.33, 'm3-1': 23.46, 'm4-1': 10.28, 'm5-1': 11.64, 'm6-1': 103.27, 'm7-1': 4.76, 'm8-1': 5.33}",7.995,1083.3330000000003,1088.6630000000002,inf,1116.421,1116.421
973,T6,BESTEFFORT,MISSED,m2-1,1007.922,"{'m1-1': 24.44, 'm2-1': 98.72, 'm3-1': 27.34, 'm4-1': 11.1, 'm5-1': 9.54, 'm6-1': 106.59, 'm7-1': 5.04, 'm8-1': 5.5}",0.0,1155.58,inf,1155.58,1117.922,1117.922
974,T4,BESTEFFORT,MISSED,m2-1,1009.751,"{'m1-1': 25.65, 'm2-1': 103.39, 'm3-1': 25.22, 'm4-1': 9.8, 'm5-1': 10.09, 'm6-1': 102.65, 'm7-1': 5.51, 'm8-1': 5.42}",0.0,1155.58,inf,1155.58,1119.751,1119.751
975,T6,BESTEFFORT,MISSED,m1-1,1011.053,"{'m1-1': 26.85, 'm2-1': 106.17, 'm3-1': 27.22, 'm4-1': 10.74, 'm5-1': 10.28, 'm6-1': 113.05, 'm7-1': 5.68, 'm8-1': 5.26}",35.31749999999943,1097.5080000000003,inf,1121.0529999999999,1121.0529999999999,1121.0529999999999
976,T4,BESTEFFORT,MISSED,m2-1,1013.148,"{'m1-1': 26.07, 'm2-1': 104.1, 'm3-1': 24.21, 'm4-1': 10.02, 'm5-1': 10.7, 'm6-1': 98.02, 'm7-1': 5.2, 'm8-1': 5.53}",0.0,1155.58,inf,1155.58,1123.1480000000001,1123.1480000000001
977,T4,BESTEFFORT,COMPLETED,m8-1,1015.911,"{'m1-1': 25.07, 'm2-1': 115.46, 'm3-1': 24.51, 'm4-1': 9.74, 'm5-1': 10.36, 'm6-1': 100.31, 'm7-1': 4.98, 'm8-1': 5.3}",7.949999999999999,1088.6630000000002,1093.9630000000002,inf,1125.911,1125.911
978,T1,BESTEFFORT,COMPLETED,m7-1,1019.634,"{'m1-1': 25.26, 'm2-1': 110.84, 'm3-1': 27.88, 'm4-1': 11.37, 'm5-1': 10.67, 'm6-1': 107.78, 'm7-1': 5.36, 'm8-1': 5.14}",8.040000000000001,1092.047,1097.407,inf,1129.634,1129.634
979,T4,BESTEFFORT,COMPLETED,m3-1,1025.521,"{'m1-1': 27.06, 'm2-1': 107.9, 'm3-1': 25.16, 'm4-1': 9.76, 'm5-1': 10.57, 'm6-1': 101.89, 'm7-1': 5.16, 'm8-1': 5.44}",37.74,1108.1390000000001,1133.2990000000002,inf,1135.521,1135.521
980,T1,BESTEFFORT,COMPLETED,m4-1,1028.385,"{'m1-1': 29.49, 'm2-1': 106.05, 'm3-1': 28.35, 'm4-1': 10.33, 'm5-1': 10.64, 'm6-1': 110.4, 'm7-1': 5.33, 'm8-1': 5.46}",15.495000000000001,1106.9740000000004,1117.3040000000003,inf,1138.385,1138.385
981,T1,BESTEFFORT,MISSED,m1-1,1037.257,"{'m1-1': 26.76, 'm2-1': 111.9, 'm3-1': 26.53, 'm4-1': 10.87, 'm5-1': 11.17, 'm6-1': 111.64, 'm7-1': 4.73, 'm8-1': 4.82}",39.30600000000027,1121.0529999999999,inf,1147.257,1147.257,1147.257
982,T1,BESTEFFORT,COMPLETED,m5-1,1037.876,"{'m1-1': 25.93, 'm2-1': 111.07, 'm3-1': 28.44, 'm4-1': 11.32, 'm5-1': 11.25, 'm6-1': 103.56, 'm7-1': 4.7, 'm8-1': 4.78}",16.875,1107.7229999999997,1118.9729999999997,inf,1147.876,1147.876
983,T1,BESTEFFORT,COMPLETED,m8-1,1038.839,"{'m1-1': 25.38, 'm2-1': 99.12, 'm3-1': 25.01, 'm4-1': 11.12, 'm5-1': 9.95, 'm6-1': 108.61, 'm7-1': 4.93, 'm8-1': 5.06}",7.59,1093.9630000000002,1099.0230000000001,inf,1148.839,1148.839
984,T4,BESTEFFORT,MISSED,m6-1,1040.086,"{'m1-1': 28.65, 'm2-1': 113.84, 'm3-1': 25.08, 'm4-1': 10.02, 'm5-1': 10.5, 'm6-1': 107.69, 'm7-1': 5.32, 'm8-1': 5.37}",0.0,1170.878,inf,1170.878,1150.086,1150.086
985,T4,BESTEFFORT,MISSED,m2-1,1045.58,"{'m1-1': 27.68, 'm2-1': 108.57, 'm3-1': 25.26, 'm4-1': 9.53, 'm5-1': 11.21, 'm6-1': 107.18, 'm7-1': 5.02, 'm8-1': 5.0}",125.96249999999986,1071.605,inf,1155.58,1155.58,1155.58
986,T4,BESTEFFORT,COMPLETED,m3-1,1060.366,"{'m1-1': 27.7, 'm2-1': 107.19, 'm3-1': 24.89, 'm4-1': 9.88, 'm5-1': 11.37, 'm6-1': 103.13, 'm7-1': 4.85, 'm8-1': 4.92}",37.335,1133.2990000000002,1158.1890000000003,inf,1170.366,1170.366
987,T1,BESTEFFORT,MISSED,m6-1,1060.878,"{'m1-1': 27.63, 'm2-1': 96.54, 'm3-1': 25.48, 'm4-1': 10.85, 'm5-1': 10.09, 'm6-1': 97.56, 'm7-1': 4.99, 'm8-1': 5.36}",136.82249999999988,1079.663,inf,1170.878,1170.878,1170.878
988,T4,BESTEFFORT,MISSED,m6-1,1065.869,"{'m1-1': 27.88, 'm2-1': 116.94, 'm3-1': 22.9, 'm4-1': 10.16, 'm5-1': 10.69, 'm6-1': 100.08, 'm7-1': 5.24, 'm8-1': 5.48}",7.486499999999978,1170.878,inf,1175.869,1175.869,1175.869
989,T1,BESTEFFORT,MISSED,m6-1,1073.799,"{'m1-1': 27.52, 'm2-1': 98.56, 'm3-1': 24.66, 'm4-1': 11.41, 'm5-1': 10.17, 'm6-1': 110.99, 'm7-1': 4.72, 'm8-1': 5.38}",11.895000000000095,1175.869,inf,1183.799,1183.799,1183.799
990,T1,BESTEFFORT,COMPLETED,m7-1,1081.209,"{'m1-1': 28.56, 'm2-1': 103.8, 'm3-1': 24.26, 'm4-1': 10.87, 'm5-1': 11.2, 'm6-1': 101.01, 'm7-1': 4.64, 'm8-1': 4.83}",6.959999999999999,1097.407,1102.047,inf,1191.209,1191.209
991,T1,BESTEFFORT,COMPLETED,m8-1,1108.577,"{'m1-1': 29.24, 'm2-1': 95.96, 'm3-1': 26.49, 'm4-1': 10.11, 'm5-1': 10.03, 'm6-1': 113.95, 'm7-1': 5.37, 'm8-1': 5.57}",8.355,1108.577,1114.147,inf,1218.577,1218.577
992,T1,BESTEFFORT,COMPLETED,m7-1,1112.477,"{'m1-1': 25.32, 'm2-1': 95.73, 'm3-1': 28.13, 'm4-1': 11.32, 'm5-1': 10.71, 'm6-1': 115.2, 'm7-1': 5.4, 'm8-1': 5.19}",8.100000000000001,1112.477,1117.8770000000002,inf,1222.477,1222.477
993,T1,BESTEFFORT,COMPLETED,m8-1,1113.04,"{'m1-1': 27.81, 'm2-1': 103.32, 'm3-1': 24.36, 'm4-1': 10.17, 'm5-1': 9.88, 'm6-1': 105.72, 'm7-1': 4.9, 'm8-1': 4.92}",7.38,1114.147,1119.067,inf,1223.04,1223.04
994,T1,BESTEFFORT,COMPLETED,m7-1,1119.48,"{'m1-1': 27.7, 'm2-1': 107.49, 'm3-1': 24.59, 'm4-1': 11.03, 'm5-1': 10.55, 'm6-1': 114.26, 'm7-1': 4.88, 'm8-1': 4.86}",7.32,1119.48,1124.3600000000001,inf,1229.48,1229.48
995,T1,BESTEFFORT,COMPLETED,m8-1,1135.19,"{'m1-1': 25.67, 'm2-1': 110.52, 'm3-1': 25.97, 'm4-1': 10.02, 'm5-1': 9.57, 'm6-1': 108.46, 'm7-1': 5.05, 'm8-1': 5.18}",7.77,1135.19,1140.3700000000001,inf,1245.19,1245.19
996,T1,BESTEFFORT,COMPLETED,m7-1,1137.48,"{'m1-1': 28.31, 'm2-1': 109.82, 'm3-1': 25.31, 'm4-1': 10.59, 'm5-1': 9.68, 'm6-1': 108.04, 'm7-1': 4.87, 'm8-1': 4.9}",7.305,1137.48,1142.35,inf,1247.48,1247.48
997,T1,BESTEFFORT,COMPLETED,m7-1,1185.076,"{'m1-1': 25.83, 'm2-1': 96.65, 'm3-1': 26.74, 'm4-1': 11.36, 'm5-1': 10.0, 'm6-1': 115.52, 'm7-1': 5.33, 'm8-1': 5.11}",7.995,1185.076,1190.406,inf,1295.076,1295.076
998,T1,BESTEFFORT,COMPLETED,m8-1,1190.983,"{'m1-1': 26.89, 'm2-1': 97.84, 'm3-1': 28.4, 'm4-1': 11.62, 'm5-1': 10.13, 'm6-1': 114.98, 'm7-1': 5.12, 'm8-1': 5.34}",8.01,1190.983,1196.3229999999999,inf,1300.983,1300.983
999,T1,BESTEFFORT,COMPLETED,m7-1,1199.875,"{'m1-1': 27.92, 'm2-1': 101.38, 'm3-1': 27.1, 'm4-1': 10.41, 'm5-1': 10.04, 'm6-1': 101.67, 'm7-1': 5.28, 'm8-1': 5.22}",7.92,1199.875,1205.155,inf,1309.875,1309.875
