id,type,urgency,status,assigned_machine,arrival_time,execution_time,energy_usage,start_time,completion_time,missed_time,deadline,extended_deadline
0,T1,BESTEFFORT,COMPLETED,m3-1,0.611,"{'m1-1': 9.45, 'm2-1': 11.17, 'm3-1': 1.13, 'm4-1': 10.59, 'm5-1': 96.96, 'm6-1': 104.25, 'm7-1': 106.1, 'm8-1': 104.5}",1.6949999999999998,0.611,1.7409999999999999,inf,150.611,150.611
1,T3,BESTEFFORT,COMPLETED,m3-1,0.661,"{'m1-1': 11.64, 'm2-1': 11.17, 'm3-1': 1.04, 'm4-1': 9.43, 'm5-1': 95.4, 'm6-1': 107.57, 'm7-1': 104.0, 'm8-1': 107.35}",1.56,1.7409999999999999,2.7809999999999997,inf,150.661,150.661
2,T4,BESTEFFORT,COMPLETED,m3-1,0.678,"{'m1-1': 10.43, 'm2-1': 9.56, 'm3-1': 1.11, 'm4-1': 9.94, 'm5-1': 95.63, 'm6-1': 100.22, 'm7-1': 111.58, 'm8-1': 110.38}",1.665,2.7809999999999997,3.891,inf,150.678,150.678
3,T3,BESTEFFORT,COMPLETED,m3-1,0.99,"{'m1-1': 11.1, 'm2-1': 10.4, 'm3-1': 1.16, 'm4-1': 9.49, 'm5-1': 95.62, 'm6-1': 102.8, 'm7-1': 110.58, 'm8-1': 103.46}",1.7399999999999998,3.891,5.051,inf,150.99,150.99
4,T4,BESTEFFORT,COMPLETED,m3-1,1.268,"{'m1-1': 10.26, 'm2-1': 9.95, 'm3-1': 1.07, 'm4-1': 10.77, 'm5-1': 99.85, 'm6-1': 99.64, 'm7-1': 110.66, 'm8-1': 101.1}",1.605,5.051,6.121,inf,151.268,151.268
5,T1,BESTEFFORT,COMPLETED,m3-1,1.447,"{'m1-1': 10.0, 'm2-1': 11.12, 'm3-1': 1.01, 'm4-1': 10.73, 'm5-1': 108.94, 'm6-1': 98.72, 'm7-1': 106.1, 'm8-1': 98.26}",1.5150000000000001,6.121,7.131,inf,151.447,151.447
6,T4,BESTEFFORT,COMPLETED,m3-1,1.787,"{'m1-1': 10.82, 'm2-1': 11.04, 'm3-1': 1.07, 'm4-1': 10.39, 'm5-1': 107.82, 'm6-1': 100.8, 'm7-1': 111.0, 'm8-1': 100.48}",1.605,7.131,8.201,inf,151.787,151.787
7,T3,BESTEFFORT,COMPLETED,m3-1,2.06,"{'m1-1': 11.12, 'm2-1': 10.5, 'm3-1': 1.15, 'm4-1': 10.9, 'm5-1': 100.74, 'm6-1': 107.43, 'm7-1': 109.72, 'm8-1': 102.83}",1.7249999999999999,8.201,9.351,inf,152.06,152.06
8,T1,BESTEFFORT,COMPLETED,m3-1,2.141,"{'m1-1': 10.65, 'm2-1': 10.31, 'm3-1': 1.0, 'm4-1': 10.6, 'm5-1': 106.13, 'm6-1': 112.33, 'm7-1': 106.22, 'm8-1': 113.11}",1.5,9.351,10.351,inf,152.141,152.141
9,T3,BESTEFFORT,COMPLETED,m3-1,2.185,"{'m1-1': 11.65, 'm2-1': 11.2, 'm3-1': 1.08, 'm4-1': 10.48, 'm5-1': 107.21, 'm6-1': 115.0, 'm7-1': 103.12, 'm8-1': 96.18}",1.62,10.351,11.431000000000001,inf,152.185,152.185
10,T4,BESTEFFORT,COMPLETED,m3-1,2.212,"{'m1-1': 10.01, 'm2-1': 10.36, 'm3-1': 1.06, 'm4-1': 10.24, 'm5-1': 97.71, 'm6-1': 95.25, 'm7-1': 101.56, 'm8-1': 101.31}",1.59,11.431000000000001,12.491000000000001,inf,152.212,152.212
11,T3,BESTEFFORT,COMPLETED,m3-1,2.91,"{'m1-1': 10.92, 'm2-1': 11.8, 'm3-1': 1.06, 'm4-1': 10.82, 'm5-1': 108.8, 'm6-1': 107.86, 'm7-1': 101.71, 'm8-1': 96.18}",1.59,12.491000000000001,13.551000000000002,inf,152.91,152.91
12,T1,BESTEFFORT,COMPLETED,m3-1,2.982,"{'m1-1': 10.9, 'm2-1': 10.02, 'm3-1': 1.03, 'm4-1': 10.09, 'm5-1': 102.29, 'm6-1': 100.03, 'm7-1': 105.25, 'm8-1': 105.42}",1.545,13.551000000000002,14.581000000000001,inf,152.982,152.982
13,T1,BESTEFFORT,COMPLETED,m3-1,2.995,"{'m1-1': 9.74, 'm2-1': 10.88, 'm3-1': 1.05, 'm4-1': 10.61, 'm5-1': 97.94, 'm6-1': 101.83, 'm7-1': 97.8, 'm8-1': 101.04}",1.5750000000000002,14.581000000000001,15.631000000000002,inf,152.995,152.995
14,T2,BESTEFFORT,COMPLETED,m3-1,3.463,"{'m1-1': 10.22, 'm2-1': 10.11, 'm3-1': 0.98, 'm4-1': 11.19, 'm5-1': 111.3, 'm6-1': 97.31, 'm7-1': 109.62, 'm8-1': 101.88}",1.47,15.631000000000002,16.611,inf,153.463,153.463
15,T4,BESTEFFORT,COMPLETED,m3-1,4.09,"{'m1-1': 10.88, 'm2-1': 10.01, 'm3-1': 1.04, 'm4-1': 11.47, 'm5-1': 102.21, 'm6-1': 95.27, 'm7-1': 103.89, 'm8-1': 95.0}",1.56,16.611,17.651,inf,154.09,154.09
16,T3,BESTEFFORT,COMPLETED,m3-1,4.198,"{'m1-1': 11.18, 'm2-1': 11.23, 'm3-1': 1.06, 'm4-1': 10.88, 'm5-1': 103.42, 'm6-1': 102.68, 'm7-1': 112.38, 'm8-1': 95.12}",1.59,17.651,18.711,inf,154.198,154.198
17,T4,BESTEFFORT,COMPLETED,m3-1,4.299,"{'m1-1': 10.21, 'm2-1': 9.58, 'm3-1': 1.06, 'm4-1': 9.81, 'm5-1': 96.56, 'm6-1': 104.65, 'm7-1': 105.11, 'm8-1': 110.15}",1.59,18.711,19.770999999999997,inf,154.299,154.299
18,T2,BESTEFFORT,COMPLETED,m3-1,4.768,"{'m1-1': 9.68, 'm2-1': 10.18, 'm3-1': 1.05, 'm4-1': 9.81, 'm5-1': 100.26, 'm6-1': 98.86, 'm7-1': 110.53, 'm8-1': 101.8}",1.5750000000000002,19.770999999999997,20.820999999999998,inf,154.768,154.768
19,T3,BESTEFFORT,COMPLETED,m3-1,5.231,"{'m1-1': 11.08, 'm2-1': 11.11, 'm3-1': 1.01, 'm4-1': 10.39, 'm5-1': 102.25, 'm6-1': 116.52, 'm7-1': 101.64, 'm8-1': 106.57}",1.5150000000000001,20.820999999999998,21.831,inf,155.231,155.231
20,T1,BESTEFFORT,COMPLETED,m3-1,5.266,"{'m1-1': 10.41, 'm2-1': 11.04, 'm3-1': 1.07, 'm4-1': 9.5, 'm5-1': 101.13, 'm6-1': 99.91, 'm7-1': 96.84, 'm8-1': 102.64}",1.605,21.831,22.901,inf,155.266,155.266
21,T3,BESTEFFORT,COMPLETED,m3-1,7.396,"{'m1-1': 10.73, 'm2-1': 11.74, 'm3-1': 1.04, 'm4-1': 10.73, 'm5-1': 103.71, 'm6-1': 101.8, 'm7-1': 100.27, 'm8-1': 108.25}",1.56,22.901,23.941,inf,157.396,157.396
22,T1,BESTEFFORT,COMPLETED,m3-1,7.612,"{'m1-1': 10.84, 'm2-1': 10.39, 'm3-1': 1.0, 'm4-1': 9.57, 'm5-1': 108.52, 'm6-1': 111.61, 'm7-1': 105.25, 'm8-1': 110.79}",1.5,23.941,24.941,inf,157.612,157.612
23,T2,BESTEFFORT,COMPLETED,m3-1,7.634,"{'m1-1': 10.26, 'm2-1': 9.26, 'm3-1': 0.95, 'm4-1': 11.54, 'm5-1': 95.49, 'm6-1': 107.98, 'm7-1': 106.5, 'm8-1': 109.3}",1.4249999999999998,24.941,25.891,inf,157.63400000000001,157.63400000000001
24,T4,BESTEFFORT,COMPLETED,m3-1,7.935,"{'m1-1': 10.02, 'm2-1': 11.2, 'm3-1': 1.05, 'm4-1': 10.3, 'm5-1': 102.83, 'm6-1': 111.98, 'm7-1': 101.02, 'm8-1': 105.5}",1.5750000000000002,25.891,26.941,inf,157.935,157.935
25,T1,BESTEFFORT,COMPLETED,m3-1,8.307,"{'m1-1': 10.99, 'm2-1': 11.34, 'm3-1': 1.12, 'm4-1': 10.85, 'm5-1': 101.53, 'm6-1': 99.24, 'm7-1': 106.29, 'm8-1': 107.04}",1.6800000000000002,26.941,28.061,inf,158.307,158.307
26,T1,BESTEFFORT,COMPLETED,m3-1,8.86,"{'m1-1': 10.85, 'm2-1': 10.26, 'm3-1': 1.02, 'm4-1': 11.06, 'm5-1': 108.7, 'm6-1': 99.99, 'm7-1': 100.52, 'm8-1': 98.53}",1.53,28.061,29.081,inf,158.86,158.86
27,T2,BESTEFFORT,COMPLETED,m3-1,9.493,"{'m1-1': 9.96, 'm2-1': 9.98, 'm3-1': 1.0, 'm4-1': 9.76, 'm5-1': 98.22, 'm6-1': 104.54, 'm7-1': 99.39, 'm8-1': 106.74}",1.5,29.081,30.081,inf,159.493,159.493
28,T3,BESTEFFORT,COMPLETED,m3-1,9.514,"{'m1-1': 10.59, 'm2-1': 10.72, 'm3-1': 1.1, 'm4-1': 10.85, 'm5-1': 101.75, 'm6-1': 108.03, 'm7-1': 111.44, 'm8-1': 100.37}",1.6500000000000001,30.081,31.181,inf,159.514,159.514
29,T2,BESTEFFORT,COMPLETED,m3-1,9.637,"{'m1-1': 9.96, 'm2-1': 9.91, 'm3-1': 1.06, 'm4-1': 10.98, 'm5-1': 98.53, 'm6-1': 108.84, 'm7-1': 105.06, 'm8-1': 110.65}",1.59,31.181,32.241,inf,159.637,159.637
30,T4,BESTEFFORT,COMPLETED,m3-1,9.754,"{'m1-1': 10.93, 'm2-1': 11.27, 'm3-1': 1.09, 'm4-1': 10.56, 'm5-1': 100.19, 'm6-1': 108.67, 'm7-1': 102.07, 'm8-1': 96.86}",1.6350000000000002,32.241,33.331,inf,159.754,159.754
31,T1,BESTEFFORT,COMPLETED,m3-1,9.775,"{'m1-1': 9.38, 'm2-1': 10.35, 'm3-1': 1.02, 'm4-1': 10.72, 'm5-1': 96.28, 'm6-1': 112.2, 'm7-1': 93.01, 'm8-1': 112.82}",1.53,33.331,34.351000000000006,inf,159.775,159.775
32,T3,BESTEFFORT,COMPLETED,m3-1,9.884,"{'m1-1': 9.84, 'm2-1': 11.68, 'm3-1': 1.07, 'm4-1': 11.05, 'm5-1': 99.55, 'm6-1': 114.69, 'm7-1': 98.19, 'm8-1': 104.8}",1.605,34.351000000000006,35.42100000000001,inf,159.88400000000001,159.88400000000001
33,T1,BESTEFFORT,COMPLETED,m3-1,10.056,"{'m1-1': 10.31, 'm2-1': 10.59, 'm3-1': 1.14, 'm4-1': 9.99, 'm5-1': 106.25, 'm6-1': 108.18, 'm7-1': 94.88, 'm8-1': 101.72}",1.71,35.42100000000001,36.56100000000001,inf,160.056,160.056
34,T3,BESTEFFORT,COMPLETED,m3-1,10.216,"{'m1-1': 11.19, 'm2-1': 11.32, 'm3-1': 1.06, 'm4-1': 10.76, 'm5-1': 101.4, 'm6-1': 115.37, 'm7-1': 100.46, 'm8-1': 105.27}",1.59,36.56100000000001,37.62100000000001,inf,160.216,160.216
35,T3,BESTEFFORT,COMPLETED,m3-1,10.424,"{'m1-1': 11.05, 'm2-1': 11.11, 'm3-1': 1.12, 'm4-1': 9.81, 'm5-1': 101.93, 'm6-1': 106.04, 'm7-1': 107.16, 'm8-1': 93.05}",1.6800000000000002,37.62100000000001,38.74100000000001,inf,160.424,160.424
36,T3,BESTEFFORT,COMPLETED,m3-1,10.539,"{'m1-1': 11.06, 'm2-1': 10.52, 'm3-1': 1.09, 'm4-1': 9.78, 'm5-1': 107.25, 'm6-1': 105.81, 'm7-1': 104.67, 'm8-1': 98.96}",1.6350000000000002,38.74100000000001,39.83100000000001,inf,160.539,160.539
37,T3,BESTEFFORT,COMPLETED,m3-1,11.096,"{'m1-1': 10.53, 'm2-1': 11.4, 'm3-1': 0.99, 'm4-1': 10.32, 'm5-1': 109.92, 'm6-1': 116.97, 'm7-1': 113.47, 'm8-1': 108.0}",1.4849999999999999,39.83100000000001,40.82100000000001,inf,161.096,161.096
38,T2,BESTEFFORT,COMPLETED,m3-1,11.244,"{'m1-1': 10.88, 'm2-1': 10.82, 'm3-1': 1.09, 'm4-1': 10.48, 'm5-1': 105.12, 'm6-1': 94.33, 'm7-1': 112.82, 'm8-1': 103.7}",1.6350000000000002,40.82100000000001,41.911000000000016,inf,161.244,161.244
39,T1,BESTEFFORT,COMPLETED,m3-1,11.663,"{'m1-1': 9.87, 'm2-1': 11.53, 'm3-1': 1.1, 'm4-1': 11.13, 'm5-1': 100.66, 'm6-1': 111.85, 'm7-1': 98.0, 'm8-1': 115.74}",1.6500000000000001,41.911000000000016,43.01100000000002,inf,161.663,161.663
40,T4,BESTEFFORT,COMPLETED,m3-1,11.788,"{'m1-1': 10.31, 'm2-1': 10.7, 'm3-1': 1.06, 'm4-1': 10.91, 'm5-1': 109.48, 'm6-1': 103.75, 'm7-1': 103.57, 'm8-1': 95.07}",1.59,43.01100000000002,44.07100000000002,inf,161.788,161.788
41,T3,BESTEFFORT,COMPLETED,m3-1,11.857,"{'m1-1': 10.8, 'm2-1': 11.05, 'm3-1': 1.15, 'm4-1': 10.98, 'm5-1': 99.05, 'm6-1': 106.92, 'm7-1': 111.39, 'm8-1': 101.79}",1.7249999999999999,44.07100000000002,45.22100000000002,inf,161.857,161.857
42,T1,BESTEFFORT,COMPLETED,m3-1,11.928,"{'m1-1': 10.91, 'm2-1': 10.96, 'm3-1': 1.1, 'm4-1': 10.76, 'm5-1': 109.61, 'm6-1': 106.0, 'm7-1': 99.95, 'm8-1': 105.49}",1.6500000000000001,45.22100000000002,46.32100000000002,inf,161.928,161.928
43,T2,BESTEFFORT,COMPLETED,m3-1,11.963,"{'m1-1': 10.76, 'm2-1': 10.69, 'm3-1': 1.01, 'm4-1': 10.07, 'm5-1': 104.43, 'm6-1': 98.01, 'm7-1': 106.66, 'm8-1': 106.64}",1.5150000000000001,46.32100000000002,47.33100000000002,inf,161.963,161.963
44,T4,BESTEFFORT,COMPLETED,m3-1,12.136,"{'m1-1': 10.78, 'm2-1': 10.17, 'm3-1': 1.06, 'm4-1': 10.56, 'm5-1': 93.42, 'm6-1': 95.94, 'm7-1': 99.59, 'm8-1': 102.17}",1.59,47.33100000000002,48.39100000000002,inf,162.136,162.136
45,T2,BESTEFFORT,COMPLETED,m3-1,12.262,"{'m1-1': 10.21, 'm2-1': 9.67, 'm3-1': 1.02, 'm4-1': 11.02, 'm5-1': 94.96, 'm6-1': 100.34, 'm7-1': 111.64, 'm8-1': 100.19}",1.53,48.39100000000002,49.41100000000002,inf,162.262,162.262
46,T3,BESTEFFORT,COMPLETED,m3-1,12.823,"{'m1-1': 10.64, 'm2-1': 10.37, 'm3-1': 1.12, 'm4-1': 11.02, 'm5-1': 107.1, 'm6-1': 110.16, 'm7-1': 102.95, 'm8-1': 106.64}",1.6800000000000002,49.41100000000002,50.53100000000002,inf,162.823,162.823
47,T2,BESTEFFORT,COMPLETED,m3-1,12.92,"{'m1-1': 10.62, 'm2-1': 9.41, 'm3-1': 1.03, 'm4-1': 11.16, 'm5-1': 93.99, 'm6-1': 95.01, 'm7-1': 113.89, 'm8-1': 100.36}",1.545,50.53100000000002,51.56100000000002,inf,162.92,162.92
48,T3,BESTEFFORT,COMPLETED,m3-1,13.089,"{'m1-1': 10.85, 'm2-1': 10.92, 'm3-1': 0.99, 'm4-1': 9.58, 'm5-1': 97.1, 'm6-1': 105.52, 'm7-1': 113.48, 'm8-1': 109.09}",1.4849999999999999,51.56100000000002,52.55100000000002,inf,163.089,163.089
49,T3,BESTEFFORT,COMPLETED,m3-1,13.114,"{'m1-1': 9.95, 'm2-1': 10.89, 'm3-1': 1.11, 'm4-1': 11.04, 'm5-1': 101.42, 'm6-1': 107.96, 'm7-1': 101.97, 'm8-1': 107.33}",1.665,52.55100000000002,53.66100000000002,inf,163.114,163.114
50,T2,BESTEFFORT,COMPLETED,m3-1,13.226,"{'m1-1': 11.03, 'm2-1': 9.84, 'm3-1': 0.93, 'm4-1': 11.35, 'm5-1': 99.72, 'm6-1': 108.43, 'm7-1': 104.79, 'm8-1': 111.59}",1.395,53.66100000000002,54.59100000000002,inf,163.226,163.226
51,T1,BESTEFFORT,COMPLETED,m3-1,13.232,"{'m1-1': 10.14, 'm2-1': 11.06, 'm3-1': 1.13, 'm4-1': 9.81, 'm5-1': 95.16, 'm6-1': 100.68, 'm7-1': 99.23, 'm8-1': 113.55}",1.6949999999999998,54.59100000000002,55.721000000000025,inf,163.232,163.232
52,T3,BESTEFFORT,COMPLETED,m3-1,13.395,"{'m1-1': 10.89, 'm2-1': 10.65, 'm3-1': 1.12, 'm4-1': 11.15, 'm5-1': 103.46, 'm6-1': 113.15, 'm7-1': 112.26, 'm8-1': 98.2}",1.6800000000000002,55.721000000000025,56.84100000000002,inf,163.395,163.395
53,T2,BESTEFFORT,COMPLETED,m3-1,13.632,"{'m1-1': 11.06, 'm2-1': 9.87, 'm3-1': 1.06, 'm4-1': 9.86, 'm5-1': 103.26, 'm6-1': 101.14, 'm7-1': 101.72, 'm8-1': 98.5}",1.59,56.84100000000002,57.901000000000025,inf,163.632,163.632
54,T4,BESTEFFORT,COMPLETED,m3-1,13.898,"{'m1-1': 10.65, 'm2-1': 10.1, 'm3-1': 1.08, 'm4-1': 10.92, 'm5-1': 102.27, 'm6-1': 107.99, 'm7-1': 106.48, 'm8-1': 98.11}",1.62,57.901000000000025,58.98100000000002,inf,163.898,163.898
55,T1,BESTEFFORT,COMPLETED,m3-1,13.955,"{'m1-1': 10.0, 'm2-1': 10.63, 'm3-1': 1.17, 'm4-1': 10.65, 'm5-1': 102.53, 'm6-1': 97.83, 'm7-1': 97.36, 'm8-1': 102.42}",1.755,58.98100000000002,60.151000000000025,inf,163.955,163.955
56,T4,BESTEFFORT,COMPLETED,m3-1,14.005,"{'m1-1': 10.28, 'm2-1': 9.51, 'm3-1': 1.0, 'm4-1': 10.2, 'm5-1': 99.67, 'm6-1': 96.97, 'm7-1': 106.04, 'm8-1': 106.26}",1.5,60.151000000000025,61.151000000000025,inf,164.005,164.005
57,T3,BESTEFFORT,COMPLETED,m3-1,14.147,"{'m1-1': 10.08, 'm2-1': 11.21, 'm3-1': 1.06, 'm4-1': 10.51, 'm5-1': 103.81, 'm6-1': 113.05, 'm7-1': 104.02, 'm8-1': 97.66}",1.59,61.151000000000025,62.21100000000003,inf,164.147,164.147
58,T1,BESTEFFORT,COMPLETED,m3-1,14.968,"{'m1-1': 9.77, 'm2-1': 10.58, 'm3-1': 1.16, 'm4-1': 10.19, 'm5-1': 110.72, 'm6-1': 111.35, 'm7-1': 100.06, 'm8-1': 101.53}",1.7399999999999998,62.21100000000003,63.37100000000002,inf,164.968,164.968
59,T4,BESTEFFORT,COMPLETED,m3-1,15.042,"{'m1-1': 10.18, 'm2-1': 9.5, 'm3-1': 1.09, 'm4-1': 10.5, 'm5-1': 96.77, 'm6-1': 106.06, 'm7-1': 111.38, 'm8-1': 104.93}",1.6350000000000002,63.37100000000002,64.46100000000003,inf,165.042,165.042
60,T3,BESTEFFORT,COMPLETED,m3-1,15.305,"{'m1-1': 11.23, 'm2-1': 10.2, 'm3-1': 1.12, 'm4-1': 10.0, 'm5-1': 103.25, 'm6-1': 100.19, 'm7-1': 107.34, 'm8-1': 102.76}",1.6800000000000002,64.46100000000003,65.58100000000003,inf,165.305,165.305
61,T1,BESTEFFORT,COMPLETED,m3-1,15.442,"{'m1-1': 9.95, 'm2-1': 10.77, 'm3-1': 1.04, 'm4-1': 10.76, 'm5-1': 109.2, 'm6-1': 110.35, 'm7-1': 102.54, 'm8-1': 106.66}",1.56,65.58100000000003,66.62100000000004,inf,165.442,165.442
62,T2,BESTEFFORT,COMPLETED,m3-1,15.564,"{'m1-1': 9.44, 'm2-1': 10.27, 'm3-1': 1.04, 'm4-1': 10.79, 'm5-1': 98.12, 'm6-1': 93.58, 'm7-1': 106.76, 'm8-1': 111.56}",1.56,66.62100000000004,67.66100000000004,inf,165.564,165.564
63,T4,BESTEFFORT,COMPLETED,m3-1,15.631,"{'m1-1': 9.37, 'm2-1': 9.56, 'm3-1': 1.1, 'm4-1': 10.14, 'm5-1': 109.55, 'm6-1': 106.68, 'm7-1': 111.81, 'm8-1': 94.41}",1.6500000000000001,67.66100000000004,68.76100000000004,inf,165.631,165.631
64,T4,BESTEFFORT,COMPLETED,m3-1,15.72,"{'m1-1': 9.87, 'm2-1': 10.5, 'm3-1': 1.02, 'm4-1': 11.02, 'm5-1': 103.46, 'm6-1': 95.3, 'm7-1': 105.26, 'm8-1': 100.15}",1.53,68.76100000000004,69.78100000000003,inf,165.72,165.72
65,T2,BESTEFFORT,COMPLETED,m3-1,16.071,"{'m1-1': 9.42, 'm2-1': 10.38, 'm3-1': 1.05, 'm4-1': 11.21, 'm5-1': 101.93, 'm6-1': 107.81, 'm7-1': 115.61, 'm8-1': 111.23}",1.5750000000000002,69.78100000000003,70.83100000000003,inf,166.071,166.071
66,T2,BESTEFFORT,COMPLETED,m3-1,16.137,"{'m1-1': 9.44, 'm2-1': 10.41, 'm3-1': 1.0, 'm4-1': 11.28, 'm5-1': 101.67, 'm6-1': 99.47, 'm7-1': 99.18, 'm8-1': 96.19}",1.5,70.83100000000003,71.83100000000003,inf,166.137,166.137
67,T4,BESTEFFORT,COMPLETED,m3-1,17.054,"{'m1-1': 10.56, 'm2-1': 10.11, 'm3-1': 1.08, 'm4-1': 10.77, 'm5-1': 106.65, 'm6-1': 100.77, 'm7-1': 111.22, 'm8-1': 97.03}",1.62,71.83100000000003,72.91100000000003,inf,167.054,167.054
68,T1,BESTEFFORT,COMPLETED,m3-1,17.104,"{'m1-1': 9.45, 'm2-1': 10.9, 'm3-1': 1.13, 'm4-1': 9.46, 'm5-1': 99.65, 'm6-1': 105.15, 'm7-1': 92.4, 'm8-1': 107.08}",1.6949999999999998,72.91100000000003,74.04100000000003,inf,167.10399999999998,167.10399999999998
69,T3,BESTEFFORT,COMPLETED,m3-1,17.115,"{'m1-1': 10.63, 'm2-1': 10.33, 'm3-1': 1.0, 'm4-1': 9.85, 'm5-1': 108.48, 'm6-1': 100.19, 'm7-1': 104.21, 'm8-1': 109.5}",1.5,74.04100000000003,75.04100000000003,inf,167.115,167.115
70,T2,BESTEFFORT,COMPLETED,m3-1,17.121,"{'m1-1': 11.05, 'm2-1': 10.74, 'm3-1': 1.02, 'm4-1': 10.02, 'm5-1': 95.74, 'm6-1': 108.19, 'm7-1': 110.86, 'm8-1': 101.73}",1.53,75.04100000000003,76.06100000000002,inf,167.121,167.121
71,T2,BESTEFFORT,COMPLETED,m3-1,17.498,"{'m1-1': 10.72, 'm2-1': 9.83, 'm3-1': 1.06, 'm4-1': 11.1, 'm5-1': 100.51, 'm6-1': 93.7, 'm7-1': 112.6, 'm8-1': 97.77}",1.59,76.06100000000002,77.12100000000002,inf,167.498,167.498
72,T3,BESTEFFORT,COMPLETED,m3-1,17.595,"{'m1-1': 10.95, 'm2-1': 10.36, 'm3-1': 1.07, 'm4-1': 9.64, 'm5-1': 102.81, 'm6-1': 115.0, 'm7-1': 109.78, 'm8-1': 103.79}",1.605,77.12100000000002,78.19100000000002,inf,167.595,167.595
73,T1,BESTEFFORT,COMPLETED,m3-1,17.676,"{'m1-1': 11.14, 'm2-1': 11.14, 'm3-1': 1.05, 'm4-1': 10.37, 'm5-1': 98.79, 'm6-1': 112.96, 'm7-1': 104.74, 'm8-1': 109.06}",1.5750000000000002,78.19100000000002,79.24100000000001,inf,167.676,167.676
74,T1,BESTEFFORT,COMPLETED,m3-1,17.833,"{'m1-1': 10.21, 'm2-1': 11.12, 'm3-1': 1.09, 'm4-1': 9.79, 'm5-1': 108.8, 'm6-1': 108.37, 'm7-1': 107.74, 'm8-1': 112.69}",1.6350000000000002,79.24100000000001,80.33100000000002,inf,167.833,167.833
75,T2,BESTEFFORT,COMPLETED,m3-1,17.877,"{'m1-1': 10.47, 'm2-1': 9.78, 'm3-1': 1.06, 'm4-1': 10.55, 'm5-1': 109.72, 'm6-1': 97.79, 'm7-1': 101.21, 'm8-1': 105.66}",1.59,80.33100000000002,81.39100000000002,inf,167.877,167.877
76,T2,BESTEFFORT,COMPLETED,m3-1,17.895,"{'m1-1': 10.77, 'm2-1': 9.54, 'm3-1': 0.95, 'm4-1': 10.88, 'm5-1': 110.04, 'm6-1': 107.05, 'm7-1': 108.5, 'm8-1': 108.44}",1.4249999999999998,81.39100000000002,82.34100000000002,inf,167.895,167.895
77,T1,BESTEFFORT,COMPLETED,m3-1,17.914,"{'m1-1': 10.46, 'm2-1': 10.28, 'm3-1': 1.07, 'm4-1': 9.69, 'm5-1': 107.25, 'm6-1': 114.58, 'm7-1': 93.7, 'm8-1': 107.19}",1.605,82.34100000000002,83.41100000000002,inf,167.914,167.914
78,T1,BESTEFFORT,COMPLETED,m3-1,18.418,"{'m1-1': 10.03, 'm2-1': 10.07, 'm3-1': 1.01, 'm4-1': 9.84, 'm5-1': 95.63, 'm6-1': 100.42, 'm7-1': 93.01, 'm8-1': 100.49}",1.5150000000000001,83.41100000000002,84.42100000000002,inf,168.418,168.418
79,T2,BESTEFFORT,COMPLETED,m3-1,18.579,"{'m1-1': 10.77, 'm2-1': 10.39, 'm3-1': 0.96, 'm4-1': 11.52, 'm5-1': 95.98, 'm6-1': 103.43, 'm7-1': 102.42, 'm8-1': 111.75}",1.44,84.42100000000002,85.38100000000001,inf,168.579,168.579
80,T2,BESTEFFORT,COMPLETED,m3-1,18.589,"{'m1-1': 9.5, 'm2-1': 9.61, 'm3-1': 0.96, 'm4-1': 10.59, 'm5-1': 100.45, 'm6-1': 101.62, 'm7-1': 111.81, 'm8-1': 111.33}",1.44,85.38100000000001,86.34100000000001,inf,168.589,168.589
81,T2,BESTEFFORT,COMPLETED,m3-1,18.636,"{'m1-1': 9.46, 'm2-1': 9.45, 'm3-1': 1.05, 'm4-1': 10.06, 'm5-1': 102.86, 'm6-1': 106.49, 'm7-1': 113.61, 'm8-1': 110.8}",1.5750000000000002,86.34100000000001,87.391,inf,168.636,168.636
82,T1,BESTEFFORT,COMPLETED,m3-1,19.662,"{'m1-1': 10.63, 'm2-1': 10.16, 'm3-1': 1.04, 'm4-1': 11.04, 'm5-1': 104.51, 'm6-1': 112.06, 'm7-1': 95.52, 'm8-1': 103.62}",1.56,87.391,88.43100000000001,inf,169.662,169.662
83,T4,BESTEFFORT,COMPLETED,m3-1,19.799,"{'m1-1': 9.38, 'm2-1': 10.73, 'm3-1': 0.95, 'm4-1': 10.35, 'm5-1': 105.2, 'm6-1': 98.87, 'm7-1': 99.91, 'm8-1': 105.54}",1.4249999999999998,88.43100000000001,89.38100000000001,inf,169.799,169.799
84,T3,BESTEFFORT,COMPLETED,m3-1,19.806,"{'m1-1': 9.82, 'm2-1': 10.75, 'm3-1': 1.16, 'm4-1': 10.37, 'm5-1': 102.37, 'm6-1': 107.63, 'm7-1': 113.01, 'm8-1': 92.21}",1.7399999999999998,89.38100000000001,90.54100000000001,inf,169.806,169.806
85,T2,BESTEFFORT,COMPLETED,m3-1,20.072,"{'m1-1': 10.14, 'm2-1': 10.42, 'm3-1': 1.08, 'm4-1': 10.51, 'm5-1': 110.35, 'm6-1': 95.51, 'm7-1': 107.54, 'm8-1': 98.08}",1.62,90.54100000000001,91.62100000000001,inf,170.072,170.072
86,T4,BESTEFFORT,COMPLETED,m3-1,20.526,"{'m1-1': 10.1, 'm2-1': 11.12, 'm3-1': 1.01, 'm4-1': 10.24, 'm5-1': 96.56, 'm6-1': 98.97, 'm7-1': 97.31, 'm8-1': 107.8}",1.5150000000000001,91.62100000000001,92.63100000000001,inf,170.526,170.526
87,T3,BESTEFFORT,COMPLETED,m3-1,20.959,"{'m1-1': 10.39, 'm2-1': 10.26, 'm3-1': 1.04, 'm4-1': 9.7, 'm5-1': 105.93, 'm6-1': 113.67, 'm7-1': 112.98, 'm8-1': 99.77}",1.56,92.63100000000001,93.67100000000002,inf,170.959,170.959
88,T2,BESTEFFORT,COMPLETED,m3-1,21.527,"{'m1-1': 9.8, 'm2-1': 10.33, 'm3-1': 1.06, 'm4-1': 9.89, 'm5-1': 101.87, 'm6-1': 96.55, 'm7-1': 100.48, 'm8-1': 101.23}",1.59,93.67100000000002,94.73100000000002,inf,171.527,171.527
89,T1,BESTEFFORT,COMPLETED,m3-1,21.797,"{'m1-1': 10.98, 'm2-1': 10.3, 'm3-1': 1.04, 'm4-1': 10.24, 'm5-1': 111.95, 'm6-1': 99.69, 'm7-1': 108.43, 'm8-1': 112.07}",1.56,94.73100000000002,95.77100000000003,inf,171.797,171.797
90,T1,BESTEFFORT,COMPLETED,m3-1,21.805,"{'m1-1': 10.51, 'm2-1': 11.56, 'm3-1': 1.12, 'm4-1': 9.82, 'm5-1': 108.34, 'm6-1': 105.96, 'm7-1': 91.78, 'm8-1': 106.66}",1.6800000000000002,95.77100000000003,96.89100000000003,inf,171.805,171.805
91,T2,BESTEFFORT,COMPLETED,m3-1,21.843,"{'m1-1': 10.8, 'm2-1': 10.96, 'm3-1': 1.04, 'm4-1': 11.28, 'm5-1': 110.68, 'm6-1': 94.7, 'm7-1': 108.68, 'm8-1': 112.06}",1.56,96.89100000000003,97.93100000000004,inf,171.843,171.843
92,T4,BESTEFFORT,COMPLETED,m3-1,22.407,"{'m1-1': 10.44, 'm2-1': 10.89, 'm3-1': 1.09, 'm4-1': 9.75, 'm5-1': 100.76, 'm6-1': 97.03, 'm7-1': 111.26, 'm8-1': 110.38}",1.6350000000000002,97.93100000000004,99.02100000000004,inf,172.407,172.407
93,T2,BESTEFFORT,COMPLETED,m3-1,22.499,"{'m1-1': 9.72, 'm2-1': 9.6, 'm3-1': 1.09, 'm4-1': 9.96, 'm5-1': 102.71, 'm6-1': 98.95, 'm7-1': 99.14, 'm8-1': 101.0}",1.6350000000000002,99.02100000000004,100.11100000000005,inf,172.499,172.499
94,T1,BESTEFFORT,COMPLETED,m3-1,22.557,"{'m1-1': 10.46, 'm2-1': 10.59, 'm3-1': 1.02, 'm4-1': 10.98, 'm5-1': 95.72, 'm6-1': 105.13, 'm7-1': 106.96, 'm8-1': 102.06}",1.53,100.11100000000005,101.13100000000004,inf,172.557,172.557
95,T2,BESTEFFORT,COMPLETED,m3-1,22.653,"{'m1-1': 9.8, 'm2-1': 10.15, 'm3-1': 1.02, 'm4-1': 11.2, 'm5-1': 105.89, 'm6-1': 99.52, 'm7-1': 113.46, 'm8-1': 113.47}",1.53,101.13100000000004,102.15100000000004,inf,172.653,172.653
96,T4,BESTEFFORT,COMPLETED,m3-1,23.755,"{'m1-1': 11.0, 'm2-1': 10.79, 'm3-1': 1.0, 'm4-1': 10.39, 'm5-1': 93.45, 'm6-1': 100.67, 'm7-1': 112.79, 'm8-1': 108.95}",1.5,102.15100000000004,103.15100000000004,inf,173.755,173.755
97,T2,BESTEFFORT,COMPLETED,m3-1,23.842,"{'m1-1': 9.8, 'm2-1': 10.43, 'm3-1': 0.92, 'm4-1': 9.81, 'm5-1': 95.07, 'm6-1': 107.56, 'm7-1': 107.58, 'm8-1': 96.64}",1.3800000000000001,103.15100000000004,104.07100000000004,inf,173.84199999999998,173.84199999999998
98,T2,BESTEFFORT,COMPLETED,m3-1,24.19,"{'m1-1': 10.92, 'm2-1': 10.77, 'm3-1': 1.06, 'm4-1': 11.36, 'm5-1': 103.26, 'm6-1': 94.84, 'm7-1': 116.34, 'm8-1': 99.71}",1.59,104.07100000000004,105.13100000000004,inf,174.19,174.19
99,T3,BESTEFFORT,COMPLETED,m3-1,24.214,"{'m1-1': 11.63, 'm2-1': 10.98, 'm3-1': 1.02, 'm4-1': 10.42, 'm5-1': 94.35, 'm6-1': 110.33, 'm7-1': 110.33, 'm8-1': 104.31}",1.53,105.13100000000004,106.15100000000004,inf,174.214,174.214
100,T2,BESTEFFORT,COMPLETED,m3-1,24.494,"{'m1-1': 9.46, 'm2-1': 9.4, 'm3-1': 0.94, 'm4-1': 10.45, 'm5-1': 98.4, 'm6-1': 101.92, 'm7-1': 102.58, 'm8-1': 99.28}",1.41,106.15100000000004,107.09100000000004,inf,174.494,174.494
101,T4,BESTEFFORT,COMPLETED,m3-1,24.745,"{'m1-1': 10.14, 'm2-1': 11.03, 'm3-1': 1.05, 'm4-1': 10.55, 'm5-1': 97.15, 'm6-1': 104.57, 'm7-1': 105.68, 'm8-1': 107.24}",1.5750000000000002,107.09100000000004,108.14100000000003,inf,174.745,174.745
102,T3,BESTEFFORT,COMPLETED,m3-1,25.188,"{'m1-1': 10.89, 'm2-1': 11.64, 'm3-1': 1.1, 'm4-1': 11.03, 'm5-1': 110.05, 'm6-1': 115.81, 'm7-1': 105.28, 'm8-1': 106.43}",1.6500000000000001,108.14100000000003,109.24100000000003,inf,175.188,175.188
103,T4,BESTEFFORT,COMPLETED,m3-1,25.289,"{'m1-1': 10.28, 'm2-1': 10.51, 'm3-1': 0.96, 'm4-1': 10.12, 'm5-1': 108.53, 'm6-1': 106.6, 'm7-1': 113.57, 'm8-1': 108.39}",1.44,109.24100000000003,110.20100000000002,inf,175.289,175.289
104,T4,BESTEFFORT,COMPLETED,m3-1,25.328,"{'m1-1': 10.23, 'm2-1': 10.16, 'm3-1': 1.06, 'm4-1': 10.29, 'm5-1': 104.22, 'm6-1': 103.83, 'm7-1': 98.2, 'm8-1': 100.0}",1.59,110.20100000000002,111.26100000000002,inf,175.328,175.328
105,T1,BESTEFFORT,COMPLETED,m3-1,25.761,"{'m1-1': 10.3, 'm2-1': 10.23, 'm3-1': 1.01, 'm4-1': 10.62, 'm5-1': 107.03, 'm6-1': 111.34, 'm7-1': 95.78, 'm8-1': 98.3}",1.5150000000000001,111.26100000000002,112.27100000000003,inf,175.761,175.761
106,T1,BESTEFFORT,COMPLETED,m3-1,26.611,"{'m1-1': 9.41, 'm2-1': 10.17, 'm3-1': 1.16, 'm4-1': 10.83, 'm5-1': 98.02, 'm6-1': 107.7, 'm7-1': 107.19, 'm8-1': 114.16}",1.7399999999999998,112.27100000000003,113.43100000000003,inf,176.611,176.611
107,T1,BESTEFFORT,COMPLETED,m3-1,26.65,"{'m1-1': 10.61, 'm2-1': 10.23, 'm3-1': 1.03, 'm4-1': 9.88, 'm5-1': 101.13, 'm6-1': 100.29, 'm7-1': 94.75, 'm8-1': 101.65}",1.545,113.43100000000003,114.46100000000003,inf,176.65,176.65
108,T4,BESTEFFORT,COMPLETED,m3-1,26.651,"{'m1-1': 9.66, 'm2-1': 10.57, 'm3-1': 1.08, 'm4-1': 10.95, 'm5-1': 94.01, 'm6-1': 107.5, 'm7-1': 99.47, 'm8-1': 104.69}",1.62,114.46100000000003,115.54100000000003,inf,176.651,176.651
109,T2,BESTEFFORT,COMPLETED,m3-1,26.677,"{'m1-1': 10.29, 'm2-1': 10.48, 'm3-1': 1.01, 'm4-1': 10.21, 'm5-1': 97.07, 'm6-1': 95.84, 'm7-1': 112.81, 'm8-1': 113.58}",1.5150000000000001,115.54100000000003,116.55100000000003,inf,176.677,176.677
110,T2,BESTEFFORT,COMPLETED,m3-1,27.797,"{'m1-1': 10.78, 'm2-1': 10.04, 'm3-1': 0.95, 'm4-1': 10.64, 'm5-1': 107.88, 'm6-1': 106.79, 'm7-1': 111.62, 'm8-1': 96.02}",1.4249999999999998,116.55100000000003,117.50100000000003,inf,177.797,177.797
111,T4,BESTEFFORT,COMPLETED,m3-1,28.032,"{'m1-1': 10.88, 'm2-1': 10.37, 'm3-1': 1.09, 'm4-1': 11.14, 'm5-1': 104.3, 'm6-1': 100.37, 'm7-1': 107.42, 'm8-1': 110.73}",1.6350000000000002,117.50100000000003,118.59100000000004,inf,178.032,178.032
112,T2,BESTEFFORT,COMPLETED,m3-1,28.09,"{'m1-1': 11.17, 'm2-1': 9.7, 'm3-1': 1.05, 'm4-1': 10.79, 'm5-1': 102.54, 'm6-1': 97.18, 'm7-1': 113.74, 'm8-1': 107.83}",1.5750000000000002,118.59100000000004,119.64100000000003,inf,178.09,178.09
113,T1,BESTEFFORT,COMPLETED,m3-1,28.464,"{'m1-1': 10.74, 'm2-1': 10.24, 'm3-1': 1.13, 'm4-1': 9.5, 'm5-1': 112.53, 'm6-1': 109.28, 'm7-1': 103.24, 'm8-1': 113.77}",1.6949999999999998,119.64100000000003,120.77100000000003,inf,178.464,178.464
114,T2,BESTEFFORT,COMPLETED,m3-1,28.47,"{'m1-1': 10.04, 'm2-1': 10.52, 'm3-1': 1.07, 'm4-1': 11.4, 'm5-1': 109.25, 'm6-1': 105.26, 'm7-1': 114.91, 'm8-1': 101.83}",1.605,120.77100000000003,121.84100000000002,inf,178.47,178.47
115,T2,BESTEFFORT,COMPLETED,m3-1,28.579,"{'m1-1': 10.18, 'm2-1': 10.42, 'm3-1': 0.98, 'm4-1': 11.44, 'm5-1': 100.98, 'm6-1': 97.14, 'm7-1': 99.14, 'm8-1': 108.01}",1.47,121.84100000000002,122.82100000000003,inf,178.579,178.579
116,T2,BESTEFFORT,COMPLETED,m3-1,28.612,"{'m1-1': 10.68, 'm2-1': 9.32, 'm3-1': 1.06, 'm4-1': 10.12, 'm5-1': 101.88, 'm6-1': 97.78, 'm7-1': 102.67, 'm8-1': 106.19}",1.59,122.82100000000003,123.88100000000003,inf,178.612,178.612
117,T4,BESTEFFORT,COMPLETED,m3-1,28.642,"{'m1-1': 10.83, 'm2-1': 9.48, 'm3-1': 1.1, 'm4-1': 10.45, 'm5-1': 101.08, 'm6-1': 96.72, 'm7-1': 112.82, 'm8-1': 109.05}",1.6500000000000001,123.88100000000003,124.98100000000002,inf,178.642,178.642
118,T1,BESTEFFORT,COMPLETED,m3-1,28.71,"{'m1-1': 10.02, 'm2-1': 11.55, 'm3-1': 1.09, 'm4-1': 9.45, 'm5-1': 100.6, 'm6-1': 114.58, 'm7-1': 104.1, 'm8-1': 100.09}",1.6350000000000002,124.98100000000002,126.07100000000003,inf,178.71,178.71
119,T1,BESTEFFORT,COMPLETED,m3-1,29.619,"{'m1-1': 10.76, 'm2-1': 10.49, 'm3-1': 1.09, 'm4-1': 10.53, 'm5-1': 108.76, 'm6-1': 100.52, 'm7-1': 97.89, 'm8-1': 101.32}",1.6350000000000002,126.07100000000003,127.16100000000003,inf,179.619,179.619
120,T1,BESTEFFORT,COMPLETED,m3-1,29.658,"{'m1-1': 9.61, 'm2-1': 11.41, 'm3-1': 1.11, 'm4-1': 10.35, 'm5-1': 104.4, 'm6-1': 100.24, 'm7-1': 95.78, 'm8-1': 102.15}",1.665,127.16100000000003,128.27100000000004,inf,179.65800000000002,179.65800000000002
121,T3,BESTEFFORT,COMPLETED,m3-1,29.873,"{'m1-1': 11.3, 'm2-1': 10.42, 'm3-1': 1.03, 'm4-1': 10.31, 'm5-1': 109.31, 'm6-1': 108.85, 'm7-1': 109.02, 'm8-1': 107.34}",1.545,128.27100000000004,129.30100000000004,inf,179.873,179.873
122,T1,BESTEFFORT,COMPLETED,m3-1,29.889,"{'m1-1': 10.77, 'm2-1': 10.91, 'm3-1': 1.06, 'm4-1': 11.0, 'm5-1': 101.52, 'm6-1': 102.5, 'm7-1': 94.7, 'm8-1': 114.06}",1.59,129.30100000000004,130.36100000000005,inf,179.889,179.889
123,T2,BESTEFFORT,COMPLETED,m3-1,30.041,"{'m1-1': 10.06, 'm2-1': 9.68, 'm3-1': 1.01, 'm4-1': 11.59, 'm5-1': 95.33, 'm6-1': 98.65, 'm7-1': 108.2, 'm8-1': 112.75}",1.5150000000000001,130.36100000000005,131.37100000000004,inf,180.041,180.041
124,T1,BESTEFFORT,COMPLETED,m3-1,30.798,"{'m1-1': 9.47, 'm2-1': 10.57, 'm3-1': 1.01, 'm4-1': 10.08, 'm5-1': 102.63, 'm6-1': 114.19, 'm7-1': 105.61, 'm8-1': 105.67}",1.5150000000000001,131.37100000000004,132.38100000000003,inf,180.798,180.798
125,T2,BESTEFFORT,COMPLETED,m3-1,31.642,"{'m1-1': 10.29, 'm2-1': 10.47, 'm3-1': 0.99, 'm4-1': 10.94, 'm5-1': 93.89, 'm6-1': 108.41, 'm7-1': 100.35, 'm8-1': 101.97}",1.4849999999999999,132.38100000000003,133.37100000000004,inf,181.642,181.642
126,T4,BESTEFFORT,COMPLETED,m3-1,31.668,"{'m1-1': 10.19, 'm2-1': 11.19, 'm3-1': 0.99, 'm4-1': 10.58, 'm5-1': 95.37, 'm6-1': 103.83, 'm7-1': 99.14, 'm8-1': 102.68}",1.4849999999999999,133.37100000000004,134.36100000000005,inf,181.668,181.668
127,T3,BESTEFFORT,COMPLETED,m3-1,31.96,"{'m1-1': 10.14, 'm2-1': 10.56, 'm3-1': 0.99, 'm4-1': 10.4, 'm5-1': 109.92, 'm6-1': 100.68, 'm7-1': 111.6, 'm8-1': 97.28}",1.4849999999999999,134.36100000000005,135.35100000000006,inf,181.96,181.96
128,T3,BESTEFFORT,COMPLETED,m3-1,32.696,"{'m1-1': 10.37, 'm2-1': 10.39, 'm3-1': 0.99, 'm4-1': 10.85, 'm5-1': 107.97, 'm6-1': 106.05, 'm7-1': 107.44, 'm8-1': 107.66}",1.4849999999999999,135.35100000000006,136.34100000000007,inf,182.696,182.696
129,T3,BESTEFFORT,COMPLETED,m3-1,32.872,"{'m1-1': 10.0, 'm2-1': 10.04, 'm3-1': 1.0, 'm4-1': 11.11, 'm5-1': 96.45, 'm6-1': 110.39, 'm7-1': 100.04, 'm8-1': 107.6}",1.5,136.34100000000007,137.34100000000007,inf,182.872,182.872
130,T3,BESTEFFORT,COMPLETED,m3-1,32.907,"{'m1-1': 11.07, 'm2-1': 10.53, 'm3-1': 1.15, 'm4-1': 9.88, 'm5-1': 110.12, 'm6-1': 113.79, 'm7-1': 101.62, 'm8-1': 99.13}",1.7249999999999999,137.34100000000007,138.49100000000007,inf,182.90699999999998,182.90699999999998
131,T3,BESTEFFORT,COMPLETED,m3-1,33.106,"{'m1-1': 10.76, 'm2-1': 10.66, 'm3-1': 1.15, 'm4-1': 10.3, 'm5-1': 97.99, 'm6-1': 98.72, 'm7-1': 110.46, 'm8-1': 106.51}",1.7249999999999999,138.49100000000007,139.64100000000008,inf,183.106,183.106
132,T1,BESTEFFORT,COMPLETED,m3-1,33.821,"{'m1-1': 9.61, 'm2-1': 10.93, 'm3-1': 1.12, 'm4-1': 10.37, 'm5-1': 99.66, 'm6-1': 100.68, 'm7-1': 104.38, 'm8-1': 106.56}",1.6800000000000002,139.64100000000008,140.76100000000008,inf,183.821,183.821
133,T4,BESTEFFORT,COMPLETED,m3-1,34.049,"{'m1-1': 9.3, 'm2-1': 11.27, 'm3-1': 1.05, 'm4-1': 10.44, 'm5-1': 96.87, 'm6-1': 95.88, 'm7-1': 108.46, 'm8-1': 100.97}",1.5750000000000002,140.76100000000008,141.8110000000001,inf,184.049,184.049
134,T2,BESTEFFORT,COMPLETED,m3-1,34.334,"{'m1-1': 10.39, 'm2-1': 9.35, 'm3-1': 1.08, 'm4-1': 11.1, 'm5-1': 93.82, 'm6-1': 94.18, 'm7-1': 108.43, 'm8-1': 110.9}",1.62,141.8110000000001,142.8910000000001,inf,184.334,184.334
135,T2,BESTEFFORT,COMPLETED,m3-1,34.41,"{'m1-1': 11.18, 'm2-1': 10.82, 'm3-1': 1.07, 'm4-1': 10.16, 'm5-1': 95.38, 'm6-1': 93.95, 'm7-1': 116.31, 'm8-1': 105.79}",1.605,142.8910000000001,143.9610000000001,inf,184.41,184.41
136,T3,BESTEFFORT,COMPLETED,m3-1,34.569,"{'m1-1': 11.03, 'm2-1': 10.84, 'm3-1': 1.14, 'm4-1': 9.91, 'm5-1': 105.05, 'm6-1': 110.09, 'm7-1': 104.14, 'm8-1': 106.16}",1.71,143.9610000000001,145.10100000000008,inf,184.56900000000002,184.56900000000002
137,T1,BESTEFFORT,COMPLETED,m3-1,34.72,"{'m1-1': 9.43, 'm2-1': 10.8, 'm3-1': 1.02, 'm4-1': 9.48, 'm5-1': 110.42, 'm6-1': 114.11, 'm7-1': 104.52, 'm8-1': 115.72}",1.53,145.10100000000008,146.1210000000001,inf,184.72,184.72
138,T1,BESTEFFORT,COMPLETED,m3-1,35.009,"{'m1-1': 10.83, 'm2-1': 11.43, 'm3-1': 1.03, 'm4-1': 11.1, 'm5-1': 108.94, 'm6-1': 112.87, 'm7-1': 103.26, 'm8-1': 106.43}",1.545,146.1210000000001,147.1510000000001,inf,185.00900000000001,185.00900000000001
139,T3,BESTEFFORT,COMPLETED,m3-1,35.14,"{'m1-1': 11.64, 'm2-1': 10.61, 'm3-1': 1.02, 'm4-1': 10.97, 'm5-1': 102.97, 'm6-1': 110.85, 'm7-1': 108.96, 'm8-1': 101.0}",1.53,147.1510000000001,148.1710000000001,inf,185.14,185.14
140,T2,BESTEFFORT,COMPLETED,m3-1,35.151,"{'m1-1': 9.55, 'm2-1': 9.56, 'm3-1': 0.99, 'm4-1': 11.46, 'm5-1': 99.45, 'm6-1': 100.64, 'm7-1': 111.83, 'm8-1': 101.06}",1.4849999999999999,148.1710000000001,149.16100000000012,inf,185.151,185.151
141,T4,BESTEFFORT,COMPLETED,m3-1,35.281,"{'m1-1': 10.98, 'm2-1': 9.67, 'm3-1': 1.05, 'm4-1': 10.71, 'm5-1': 95.09, 'm6-1': 110.06, 'm7-1': 114.62, 'm8-1': 108.37}",1.5750000000000002,149.16100000000012,150.21100000000013,inf,185.281,185.281
142,T3,BESTEFFORT,COMPLETED,m3-1,35.388,"{'m1-1': 10.73, 'm2-1': 10.85, 'm3-1': 1.05, 'm4-1': 10.45, 'm5-1': 95.34, 'm6-1': 107.08, 'm7-1': 105.77, 'm8-1': 104.09}",1.5750000000000002,150.21100000000013,151.26100000000014,inf,185.388,185.388
143,T3,BESTEFFORT,COMPLETED,m3-1,35.901,"{'m1-1': 11.06, 'm2-1': 11.32, 'm3-1': 1.08, 'm4-1': 10.1, 'm5-1': 98.61, 'm6-1': 116.06, 'm7-1': 106.73, 'm8-1': 98.47}",1.62,151.26100000000014,152.34100000000015,inf,185.901,185.901
144,T1,BESTEFFORT,COMPLETED,m3-1,36.262,"{'m1-1': 10.35, 'm2-1': 10.97, 'm3-1': 1.11, 'm4-1': 9.9, 'm5-1': 110.82, 'm6-1': 109.86, 'm7-1': 106.46, 'm8-1': 113.34}",1.665,152.34100000000015,153.45100000000016,inf,186.262,186.262
145,T2,BESTEFFORT,COMPLETED,m3-1,36.471,"{'m1-1': 10.51, 'm2-1': 10.13, 'm3-1': 1.07, 'm4-1': 9.82, 'm5-1': 103.0, 'm6-1': 94.25, 'm7-1': 115.3, 'm8-1': 102.21}",1.605,153.45100000000016,154.52100000000016,inf,186.471,186.471
146,T2,BESTEFFORT,COMPLETED,m3-1,36.687,"{'m1-1': 11.04, 'm2-1': 10.39, 'm3-1': 0.94, 'm4-1': 10.51, 'm5-1': 103.12, 'm6-1': 99.01, 'm7-1': 114.03, 'm8-1': 109.44}",1.41,154.52100000000016,155.46100000000015,inf,186.687,186.687
147,T4,BESTEFFORT,COMPLETED,m3-1,37.128,"{'m1-1': 11.04, 'm2-1': 10.25, 'm3-1': 0.95, 'm4-1': 9.83, 'm5-1': 99.15, 'm6-1': 108.69, 'm7-1': 110.05, 'm8-1': 105.38}",1.4249999999999998,155.46100000000015,156.41100000000014,inf,187.128,187.128
148,T4,BESTEFFORT,COMPLETED,m3-1,37.373,"{'m1-1': 10.82, 'm2-1': 10.23, 'm3-1': 1.01, 'm4-1': 10.06, 'm5-1': 102.67, 'm6-1': 103.76, 'm7-1': 103.68, 'm8-1': 96.93}",1.5150000000000001,156.41100000000014,157.42100000000013,inf,187.373,187.373
149,T4,BESTEFFORT,COMPLETED,m3-1,37.574,"{'m1-1': 9.35, 'm2-1': 9.97, 'm3-1': 0.96, 'm4-1': 10.96, 'm5-1': 99.58, 'm6-1': 101.04, 'm7-1': 97.49, 'm8-1': 96.28}",1.44,157.42100000000013,158.38100000000014,inf,187.574,187.574
150,T3,BESTEFFORT,COMPLETED,m3-1,37.734,"{'m1-1': 9.86, 'm2-1': 11.64, 'm3-1': 1.03, 'm4-1': 10.0, 'm5-1': 98.44, 'm6-1': 114.07, 'm7-1': 115.02, 'm8-1': 109.08}",1.545,158.38100000000014,159.41100000000014,inf,187.734,187.734
151,T4,BESTEFFORT,COMPLETED,m3-1,37.811,"{'m1-1': 10.63, 'm2-1': 11.22, 'm3-1': 1.12, 'm4-1': 10.26, 'm5-1': 93.06, 'm6-1': 111.65, 'm7-1': 108.41, 'm8-1': 105.15}",1.6800000000000002,159.41100000000014,160.53100000000015,inf,187.811,187.811
152,T1,BESTEFFORT,COMPLETED,m3-1,38.225,"{'m1-1': 9.51, 'm2-1': 10.01, 'm3-1': 1.02, 'm4-1': 10.5, 'm5-1': 106.63, 'm6-1': 103.69, 'm7-1': 105.51, 'm8-1': 98.9}",1.53,160.53100000000015,161.55100000000016,inf,188.225,188.225
153,T1,BESTEFFORT,COMPLETED,m3-1,38.283,"{'m1-1': 9.41, 'm2-1': 10.54, 'm3-1': 1.1, 'm4-1': 10.62, 'm5-1': 98.77, 'm6-1': 102.17, 'm7-1': 99.13, 'm8-1': 107.8}",1.6500000000000001,161.55100000000016,162.65100000000015,inf,188.28300000000002,188.28300000000002
154,T3,BESTEFFORT,COMPLETED,m3-1,38.834,"{'m1-1': 9.82, 'm2-1': 9.95, 'm3-1': 1.16, 'm4-1': 9.82, 'm5-1': 104.14, 'm6-1': 106.64, 'm7-1': 99.4, 'm8-1': 94.24}",1.7399999999999998,162.65100000000015,163.81100000000015,inf,188.834,188.834
155,T2,BESTEFFORT,COMPLETED,m3-1,39.311,"{'m1-1': 10.48, 'm2-1': 9.85, 'm3-1': 1.02, 'm4-1': 10.15, 'm5-1': 99.72, 'm6-1': 108.29, 'm7-1': 102.61, 'm8-1': 103.09}",1.53,163.81100000000015,164.83100000000016,inf,189.311,189.311
156,T2,BESTEFFORT,COMPLETED,m3-1,39.371,"{'m1-1': 9.95, 'm2-1': 10.96, 'm3-1': 1.09, 'm4-1': 10.35, 'm5-1': 102.63, 'm6-1': 99.69, 'm7-1': 105.2, 'm8-1': 99.56}",1.6350000000000002,164.83100000000016,165.92100000000016,inf,189.371,189.371
157,T1,BESTEFFORT,COMPLETED,m3-1,39.532,"{'m1-1': 10.87, 'm2-1': 10.1, 'm3-1': 1.02, 'm4-1': 10.95, 'm5-1': 101.5, 'm6-1': 113.64, 'm7-1': 103.11, 'm8-1': 112.15}",1.53,165.92100000000016,166.94100000000017,inf,189.53199999999998,189.53199999999998
158,T1,BESTEFFORT,COMPLETED,m3-1,39.601,"{'m1-1': 9.74, 'm2-1': 10.78, 'm3-1': 1.17, 'm4-1': 10.22, 'm5-1': 108.45, 'm6-1': 106.94, 'm7-1': 99.85, 'm8-1': 110.67}",1.755,166.94100000000017,168.11100000000016,inf,189.601,189.601
159,T1,BESTEFFORT,COMPLETED,m3-1,39.972,"{'m1-1': 9.75, 'm2-1': 10.63, 'm3-1': 1.12, 'm4-1': 10.96, 'm5-1': 105.39, 'm6-1': 106.34, 'm7-1': 105.5, 'm8-1': 116.23}",1.6800000000000002,168.11100000000016,169.23100000000017,inf,189.972,189.972
160,T2,BESTEFFORT,COMPLETED,m3-1,40.564,"{'m1-1': 10.8, 'm2-1': 9.37, 'm3-1': 1.0, 'm4-1': 10.73, 'm5-1': 102.38, 'm6-1': 106.88, 'm7-1': 116.86, 'm8-1': 101.17}",1.5,169.23100000000017,170.23100000000017,inf,190.564,190.564
161,T2,BESTEFFORT,COMPLETED,m3-1,40.586,"{'m1-1': 11.01, 'm2-1': 9.92, 'm3-1': 1.03, 'm4-1': 10.88, 'm5-1': 110.32, 'm6-1': 93.92, 'm7-1': 101.99, 'm8-1': 100.45}",1.545,170.23100000000017,171.26100000000017,inf,190.586,190.586
162,T2,BESTEFFORT,COMPLETED,m3-1,40.706,"{'m1-1': 10.27, 'm2-1': 9.62, 'm3-1': 0.92, 'm4-1': 10.14, 'm5-1': 103.6, 'm6-1': 97.16, 'm7-1': 100.53, 'm8-1': 112.51}",1.3800000000000001,171.26100000000017,172.18100000000015,inf,190.70600000000002,190.70600000000002
163,T4,BESTEFFORT,COMPLETED,m3-1,40.838,"{'m1-1': 10.1, 'm2-1': 10.56, 'm3-1': 1.0, 'm4-1': 10.75, 'm5-1': 99.84, 'm6-1': 99.4, 'm7-1': 103.69, 'm8-1': 107.55}",1.5,172.18100000000015,173.18100000000015,inf,190.838,190.838
164,T2,BESTEFFORT,COMPLETED,m3-1,41.196,"{'m1-1': 10.14, 'm2-1': 9.69, 'm3-1': 1.03, 'm4-1': 10.59, 'm5-1': 100.19, 'm6-1': 96.92, 'm7-1': 110.81, 'm8-1': 100.18}",1.545,173.18100000000015,174.21100000000015,inf,191.196,191.196
165,T3,BESTEFFORT,COMPLETED,m3-1,41.393,"{'m1-1': 11.58, 'm2-1': 11.68, 'm3-1': 1.11, 'm4-1': 9.73, 'm5-1': 96.34, 'm6-1': 101.42, 'm7-1': 109.84, 'm8-1': 97.86}",1.665,174.21100000000015,175.32100000000017,inf,191.393,191.393
166,T1,BESTEFFORT,COMPLETED,m3-1,41.739,"{'m1-1': 10.99, 'm2-1': 10.9, 'm3-1': 1.1, 'm4-1': 10.18, 'm5-1': 96.78, 'm6-1': 113.43, 'm7-1': 100.59, 'm8-1': 116.09}",1.6500000000000001,175.32100000000017,176.42100000000016,inf,191.739,191.739
167,T4,BESTEFFORT,COMPLETED,m3-1,41.934,"{'m1-1': 10.44, 'm2-1': 9.59, 'm3-1': 1.04, 'm4-1': 11.19, 'm5-1': 93.68, 'm6-1': 109.75, 'm7-1': 107.75, 'm8-1': 101.05}",1.56,176.42100000000016,177.46100000000015,inf,191.934,191.934
168,T1,BESTEFFORT,COMPLETED,m3-1,42.019,"{'m1-1': 10.99, 'm2-1': 11.08, 'm3-1': 1.05, 'm4-1': 10.88, 'm5-1': 103.12, 'm6-1': 105.16, 'm7-1': 107.82, 'm8-1': 103.24}",1.5750000000000002,177.46100000000015,178.51100000000017,inf,192.019,192.019
169,T3,BESTEFFORT,COMPLETED,m3-1,42.264,"{'m1-1': 11.2, 'm2-1': 11.3, 'm3-1': 1.14, 'm4-1': 9.45, 'm5-1': 108.43, 'm6-1': 108.09, 'm7-1': 97.69, 'm8-1': 103.92}",1.71,178.51100000000017,179.65100000000015,inf,192.264,192.264
170,T2,BESTEFFORT,COMPLETED,m3-1,42.328,"{'m1-1': 11.16, 'm2-1': 9.89, 'm3-1': 0.98, 'm4-1': 10.42, 'm5-1': 98.1, 'm6-1': 93.35, 'm7-1': 107.44, 'm8-1': 103.41}",1.47,179.65100000000015,180.63100000000014,inf,192.328,192.328
171,T4,BESTEFFORT,COMPLETED,m3-1,42.351,"{'m1-1': 9.85, 'm2-1': 9.74, 'm3-1': 1.03, 'm4-1': 11.46, 'm5-1': 97.39, 'm6-1': 99.06, 'm7-1': 100.49, 'm8-1': 107.39}",1.545,180.63100000000014,181.66100000000014,inf,192.351,192.351
172,T3,BESTEFFORT,COMPLETED,m3-1,42.44,"{'m1-1': 10.44, 'm2-1': 10.85, 'm3-1': 1.0, 'm4-1': 9.49, 'm5-1': 106.26, 'm6-1': 113.82, 'm7-1': 109.6, 'm8-1': 104.13}",1.5,181.66100000000014,182.66100000000014,inf,192.44,192.44
173,T1,BESTEFFORT,COMPLETED,m3-1,42.51,"{'m1-1': 9.84, 'm2-1': 10.89, 'm3-1': 1.16, 'm4-1': 11.2, 'm5-1': 101.43, 'm6-1': 107.28, 'm7-1': 94.83, 'm8-1': 100.27}",1.7399999999999998,182.66100000000014,183.82100000000014,inf,192.51,192.51
174,T1,BESTEFFORT,COMPLETED,m3-1,43.153,"{'m1-1': 9.82, 'm2-1': 11.11, 'm3-1': 1.09, 'm4-1': 10.59, 'm5-1': 98.27, 'm6-1': 113.1, 'm7-1': 99.02, 'm8-1': 114.55}",1.6350000000000002,183.82100000000014,184.91100000000014,inf,193.153,193.153
175,T2,BESTEFFORT,COMPLETED,m3-1,43.75,"{'m1-1': 9.43, 'm2-1': 10.55, 'm3-1': 0.98, 'm4-1': 10.19, 'm5-1': 93.9, 'm6-1': 108.17, 'm7-1': 103.47, 'm8-1': 96.64}",1.47,184.91100000000014,185.89100000000013,inf,193.75,193.75
176,T1,BESTEFFORT,COMPLETED,m3-1,43.886,"{'m1-1': 10.72, 'm2-1': 11.16, 'm3-1': 1.01, 'm4-1': 10.44, 'm5-1': 108.17, 'm6-1': 104.54, 'm7-1': 93.07, 'm8-1': 112.55}",1.5150000000000001,185.89100000000013,186.90100000000012,inf,193.886,193.886
177,T1,BESTEFFORT,COMPLETED,m3-1,43.918,"{'m1-1': 10.44, 'm2-1': 9.82, 'm3-1': 1.08, 'm4-1': 9.76, 'm5-1': 108.94, 'm6-1': 99.62, 'm7-1': 95.82, 'm8-1': 99.42}",1.62,186.90100000000012,187.98100000000014,inf,193.918,193.918
178,T2,BESTEFFORT,COMPLETED,m3-1,44.749,"{'m1-1': 10.68, 'm2-1': 9.39, 'm3-1': 0.99, 'm4-1': 10.94, 'm5-1': 97.96, 'm6-1': 95.33, 'm7-1': 102.87, 'm8-1': 96.11}",1.4849999999999999,187.98100000000014,188.97100000000015,inf,194.749,194.749
179,T2,BESTEFFORT,COMPLETED,m3-1,44.789,"{'m1-1': 10.0, 'm2-1': 10.86, 'm3-1': 1.02, 'm4-1': 10.37, 'm5-1': 102.8, 'm6-1': 96.48, 'm7-1': 102.23, 'm8-1': 102.53}",1.53,188.97100000000015,189.99100000000016,inf,194.789,194.789
180,T3,BESTEFFORT,COMPLETED,m3-1,45.214,"{'m1-1': 10.77, 'm2-1': 11.2, 'm3-1': 1.16, 'm4-1': 10.81, 'm5-1': 100.71, 'm6-1': 104.8, 'm7-1': 110.95, 'm8-1': 99.12}",1.7399999999999998,189.99100000000016,191.15100000000015,inf,195.214,195.214
181,T4,BESTEFFORT,COMPLETED,m3-1,45.501,"{'m1-1': 10.42, 'm2-1': 10.04, 'm3-1': 1.01, 'm4-1': 10.5, 'm5-1': 109.98, 'm6-1': 100.62, 'm7-1': 97.87, 'm8-1': 107.24}",1.5150000000000001,191.15100000000015,192.16100000000014,inf,195.501,195.501
182,T4,BESTEFFORT,COMPLETED,m3-1,45.851,"{'m1-1': 9.79, 'm2-1': 10.62, 'm3-1': 1.05, 'm4-1': 10.8, 'm5-1': 102.27, 'm6-1': 110.45, 'm7-1': 101.84, 'm8-1': 96.85}",1.5750000000000002,192.16100000000014,193.21100000000015,inf,195.851,195.851
183,T1,BESTEFFORT,COMPLETED,m3-1,46.585,"{'m1-1': 9.4, 'm2-1': 10.89, 'm3-1': 1.0, 'm4-1': 10.22, 'm5-1': 108.18, 'm6-1': 109.14, 'm7-1': 93.01, 'm8-1': 115.69}",1.5,193.21100000000015,194.21100000000015,inf,196.585,196.585
184,T1,BESTEFFORT,COMPLETED,m3-1,46.698,"{'m1-1': 10.64, 'm2-1': 10.32, 'm3-1': 1.12, 'm4-1': 10.36, 'm5-1': 97.87, 'm6-1': 99.1, 'm7-1': 104.6, 'm8-1': 103.32}",1.6800000000000002,194.21100000000015,195.33100000000016,inf,196.698,196.698
185,T1,BESTEFFORT,COMPLETED,m3-1,47.158,"{'m1-1': 9.52, 'm2-1': 11.41, 'm3-1': 1.0, 'm4-1': 9.57, 'm5-1': 112.12, 'm6-1': 115.66, 'm7-1': 104.4, 'm8-1': 102.83}",1.5,195.33100000000016,196.33100000000016,inf,197.15800000000002,197.15800000000002
186,T4,BESTEFFORT,MISSED,m3-1,47.185,"{'m1-1': 10.66, 'm2-1': 10.1, 'm3-1': 1.08, 'm4-1': 10.45, 'm5-1': 108.0, 'm6-1': 112.28, 'm7-1': 105.34, 'm8-1': 94.9}",1.2809999999997643,196.33100000000016,inf,197.185,197.185,197.185
187,T4,BESTEFFORT,MISSED,m3-1,47.618,"{'m1-1': 9.73, 'm2-1': 10.33, 'm3-1': 1.1, 'm4-1': 10.19, 'm5-1': 109.06, 'm6-1': 97.23, 'm7-1': 99.74, 'm8-1': 104.73}",0.6494999999999891,197.185,inf,197.618,197.618,197.618
188,T2,BESTEFFORT,MISSED,m3-1,48.185,"{'m1-1': 10.8, 'm2-1': 10.56, 'm3-1': 0.94, 'm4-1': 10.21, 'm5-1': 100.02, 'm6-1': 107.81, 'm7-1': 103.78, 'm8-1': 100.2}",0.8505000000000109,197.618,inf,198.185,198.185,198.185
189,T2,BESTEFFORT,MISSED,m3-1,48.239,"{'m1-1': 10.31, 'm2-1': 9.8, 'm3-1': 0.96, 'm4-1': 10.78, 'm5-1': 93.81, 'm6-1': 91.81, 'm7-1': 105.35, 'm8-1': 104.69}",0.08100000000000307,198.185,inf,198.239,198.239,198.239
190,T3,BESTEFFORT,MISSED,m3-1,48.313,"{'m1-1': 10.1, 'm2-1': 10.84, 'm3-1': 1.15, 'm4-1': 10.41, 'm5-1': 107.11, 'm6-1': 101.67, 'm7-1': 110.57, 'm8-1': 101.7}",0.11099999999997578,198.239,inf,198.313,198.313,198.313
191,T1,BESTEFFORT,MISSED,m3-1,48.363,"{'m1-1': 9.64, 'm2-1': 9.75, 'm3-1': 1.15, 'm4-1': 9.73, 'm5-1': 108.61, 'm6-1': 101.79, 'm7-1': 98.91, 'm8-1': 115.26}",0.07500000000001705,198.313,inf,198.363,198.363,198.363
192,T3,BESTEFFORT,MISSED,m3-1,48.471,"{'m1-1': 10.26, 'm2-1': 11.56, 'm3-1': 1.0, 'm4-1': 10.94, 'm5-1': 104.93, 'm6-1': 110.14, 'm7-1': 112.84, 'm8-1': 107.28}",0.16200000000000614,198.363,inf,198.471,198.471,198.471
193,T2,BESTEFFORT,MISSED,m3-1,49.404,"{'m1-1': 10.42, 'm2-1': 10.69, 'm3-1': 1.09, 'm4-1': 10.7, 'm5-1': 100.45, 'm6-1': 96.8, 'm7-1': 110.61, 'm8-1': 97.43}",1.399499999999989,198.471,inf,199.404,199.404,199.404
194,T3,BESTEFFORT,MISSED,m3-1,49.715,"{'m1-1': 11.47, 'm2-1': 11.32, 'm3-1': 1.01, 'm4-1': 10.77, 'm5-1': 94.63, 'm6-1': 107.87, 'm7-1': 112.44, 'm8-1': 92.92}",0.4665000000000106,199.404,inf,199.715,199.715,199.715
195,T3,BESTEFFORT,MISSED,m3-1,49.901,"{'m1-1': 9.84, 'm2-1': 10.84, 'm3-1': 1.04, 'm4-1': 9.65, 'm5-1': 105.15, 'm6-1': 107.93, 'm7-1': 99.33, 'm8-1': 102.23}",0.2790000000000106,199.715,inf,199.901,199.901,199.901
196,T4,BESTEFFORT,MISSED,m3-1,50.506,"{'m1-1': 9.37, 'm2-1': 10.23, 'm3-1': 1.04, 'm4-1': 11.47, 'm5-1': 97.64, 'm6-1': 107.68, 'm7-1': 103.61, 'm8-1': 101.92}",0.9074999999999847,199.901,inf,200.506,200.506,200.506
197,T3,BESTEFFORT,MISSED,m3-1,50.743,"{'m1-1': 10.88, 'm2-1': 11.44, 'm3-1': 1.05, 'm4-1': 9.89, 'm5-1': 99.04, 'm6-1': 115.56, 'm7-1': 102.94, 'm8-1': 98.75}",0.35549999999999216,200.506,inf,200.743,200.743,200.743
198,T4,BESTEFFORT,MISSED,m3-1,50.88,"{'m1-1': 10.32, 'm2-1': 10.16, 'm3-1': 1.11, 'm4-1': 9.89, 'm5-1': 102.56, 'm6-1': 109.66, 'm7-1': 112.68, 'm8-1': 111.64}",0.20550000000000068,200.743,inf,200.88,200.88,200.88
199,T2,BESTEFFORT,MISSED,m3-1,51.078,"{'m1-1': 10.18, 'm2-1': 10.12, 'm3-1': 1.08, 'm4-1': 10.12, 'm5-1': 99.4, 'm6-1': 97.65, 'm7-1': 101.72, 'm8-1': 96.64}",0.29700000000001125,200.88,inf,201.078,201.078,201.078
200,T4,BESTEFFORT,MISSED,m3-1,51.09,"{'m1-1': 10.2, 'm2-1': 11.13, 'm3-1': 1.1, 'm4-1': 10.89, 'm5-1': 93.42, 'm6-1': 103.03, 'm7-1': 111.66, 'm8-1': 101.86}",0.018000000000000682,201.078,inf,201.09,201.09,201.09
201,T2,BESTEFFORT,COMPLETED,m3-1,52.257,"{'m1-1': 9.41, 'm2-1': 10.56, 'm3-1': 0.93, 'm4-1': 10.32, 'm5-1': 99.14, 'm6-1': 100.35, 'm7-1': 110.4, 'm8-1': 101.32}",1.395,201.09,202.02,inf,202.257,202.257
202,T4,BESTEFFORT,MISSED,m3-1,52.459,"{'m1-1': 9.37, 'm2-1': 10.82, 'm3-1': 1.07, 'm4-1': 10.29, 'm5-1': 98.38, 'm6-1': 99.66, 'm7-1': 102.91, 'm8-1': 98.02}",0.6584999999999894,202.02,inf,202.459,202.459,202.459
203,T1,BESTEFFORT,MISSED,m3-1,52.683,"{'m1-1': 9.74, 'm2-1': 11.55, 'm3-1': 1.05, 'm4-1': 9.99, 'm5-1': 104.04, 'm6-1': 102.14, 'm7-1': 105.66, 'm8-1': 106.27}",0.3359999999999843,202.459,inf,202.683,202.683,202.683
204,T1,BESTEFFORT,MISSED,m3-1,52.827,"{'m1-1': 10.46, 'm2-1': 10.0, 'm3-1': 1.17, 'm4-1': 10.19, 'm5-1': 102.28, 'm6-1': 102.35, 'm7-1': 103.95, 'm8-1': 101.32}",0.21600000000000819,202.683,inf,202.827,202.827,202.827
205,T1,BESTEFFORT,MISSED,m3-1,52.84,"{'m1-1': 10.71, 'm2-1': 10.81, 'm3-1': 1.17, 'm4-1': 10.44, 'm5-1': 99.06, 'm6-1': 114.62, 'm7-1': 95.02, 'm8-1': 104.35}",0.019500000000007844,202.827,inf,202.84,202.84,202.84
206,T2,BESTEFFORT,MISSED,m3-1,53.123,"{'m1-1': 10.43, 'm2-1': 9.38, 'm3-1': 1.07, 'm4-1': 10.73, 'm5-1': 110.77, 'm6-1': 99.42, 'm7-1': 104.07, 'm8-1': 103.29}",0.42449999999998056,202.84,inf,203.123,203.123,203.123
207,T2,BESTEFFORT,MISSED,m3-1,53.355,"{'m1-1': 10.6, 'm2-1': 10.02, 'm3-1': 1.01, 'm4-1': 10.73, 'm5-1': 107.79, 'm6-1': 100.16, 'm7-1': 111.26, 'm8-1': 103.04}",0.347999999999999,203.123,inf,203.355,203.355,203.355
208,T3,BESTEFFORT,MISSED,m3-1,53.479,"{'m1-1': 10.28, 'm2-1': 10.22, 'm3-1': 1.11, 'm4-1': 10.29, 'm5-1': 110.36, 'm6-1': 115.88, 'm7-1': 105.88, 'm8-1': 105.32}",0.18599999999999284,203.355,inf,203.47899999999998,203.47899999999998,203.47899999999998
209,T1,BESTEFFORT,MISSED,m3-1,54.053,"{'m1-1': 11.14, 'm2-1': 10.31, 'm3-1': 1.03, 'm4-1': 10.54, 'm5-1': 109.32, 'm6-1': 104.21, 'm7-1': 92.92, 'm8-1': 97.86}",0.8610000000000184,203.47899999999998,inf,204.053,204.053,204.053
210,T3,BESTEFFORT,MISSED,m3-1,54.382,"{'m1-1': 11.54, 'm2-1': 11.47, 'm3-1': 1.05, 'm4-1': 10.18, 'm5-1': 100.92, 'm6-1': 103.09, 'm7-1': 111.69, 'm8-1': 109.1}",0.4935000000000116,204.053,inf,204.382,204.382,204.382
211,T1,BESTEFFORT,MISSED,m3-1,54.622,"{'m1-1': 9.77, 'm2-1': 10.58, 'm3-1': 1.14, 'm4-1': 10.33, 'm5-1': 106.18, 'm6-1': 114.49, 'm7-1': 99.95, 'm8-1': 100.31}",0.36000000000001364,204.382,inf,204.622,204.622,204.622
212,T1,BESTEFFORT,MISSED,m3-1,54.753,"{'m1-1': 9.87, 'm2-1': 10.08, 'm3-1': 1.12, 'm4-1': 10.7, 'm5-1': 104.01, 'm6-1': 107.44, 'm7-1': 96.5, 'm8-1': 108.22}",0.1964999999999577,204.622,inf,204.753,204.753,204.753
213,T2,BESTEFFORT,MISSED,m3-1,54.807,"{'m1-1': 10.9, 'm2-1': 10.41, 'm3-1': 1.01, 'm4-1': 10.91, 'm5-1': 94.81, 'm6-1': 93.27, 'm7-1': 113.26, 'm8-1': 103.93}",0.0810000000000457,204.753,inf,204.80700000000002,204.80700000000002,204.80700000000002
214,T1,BESTEFFORT,MISSED,m3-1,55.136,"{'m1-1': 9.46, 'm2-1': 11.02, 'm3-1': 1.06, 'm4-1': 10.05, 'm5-1': 106.18, 'm6-1': 99.22, 'm7-1': 100.63, 'm8-1': 100.69}",0.49349999999996896,204.80700000000002,inf,205.136,205.136,205.136
215,T3,BESTEFFORT,MISSED,m3-1,55.298,"{'m1-1': 10.02, 'm2-1': 10.66, 'm3-1': 0.99, 'm4-1': 9.7, 'm5-1': 104.15, 'm6-1': 113.67, 'm7-1': 109.67, 'm8-1': 104.21}",0.2430000000000092,205.136,inf,205.298,205.298,205.298
216,T2,BESTEFFORT,MISSED,m3-1,55.543,"{'m1-1': 10.31, 'm2-1': 10.98, 'm3-1': 1.01, 'm4-1': 10.0, 'm5-1': 110.26, 'm6-1': 106.96, 'm7-1': 104.8, 'm8-1': 100.28}",0.3675000000000068,205.298,inf,205.543,205.543,205.543
217,T3,BESTEFFORT,MISSED,m3-1,55.642,"{'m1-1': 10.6, 'm2-1': 11.82, 'm3-1': 1.14, 'm4-1': 9.77, 'm5-1': 106.79, 'm6-1': 107.96, 'm7-1': 115.09, 'm8-1': 92.27}",0.1484999999999843,205.543,inf,205.642,205.642,205.642
218,T1,BESTEFFORT,COMPLETED,m3-1,56.876,"{'m1-1': 10.66, 'm2-1': 10.01, 'm3-1': 1.0, 'm4-1': 10.09, 'm5-1': 102.72, 'm6-1': 108.16, 'm7-1': 98.54, 'm8-1': 101.23}",1.5,205.642,206.642,inf,206.876,206.876
219,T2,BESTEFFORT,MISSED,m3-1,57.08,"{'m1-1': 10.39, 'm2-1': 10.48, 'm3-1': 0.97, 'm4-1': 11.28, 'm5-1': 95.87, 'm6-1': 104.8, 'm7-1': 113.1, 'm8-1': 102.37}",0.6569999999999823,206.642,inf,207.07999999999998,207.07999999999998,207.07999999999998
220,T2,BESTEFFORT,MISSED,m3-1,57.662,"{'m1-1': 9.47, 'm2-1': 10.12, 'm3-1': 1.03, 'm4-1': 11.51, 'm5-1': 105.81, 'm6-1': 98.69, 'm7-1': 112.75, 'm8-1': 102.57}",0.8730000000000331,207.07999999999998,inf,207.662,207.662,207.662
221,T2,BESTEFFORT,MISSED,m3-1,57.806,"{'m1-1': 10.12, 'm2-1': 9.81, 'm3-1': 1.07, 'm4-1': 10.11, 'm5-1': 106.87, 'm6-1': 99.06, 'm7-1': 107.81, 'm8-1': 103.49}",0.21599999999996555,207.662,inf,207.80599999999998,207.80599999999998,207.80599999999998
222,T3,BESTEFFORT,MISSED,m3-1,57.925,"{'m1-1': 11.51, 'm2-1': 9.96, 'm3-1': 1.16, 'm4-1': 9.58, 'm5-1': 95.91, 'm6-1': 100.87, 'm7-1': 107.75, 'm8-1': 107.34}",0.1785000000000423,207.80599999999998,inf,207.925,207.925,207.925
223,T1,BESTEFFORT,MISSED,m3-1,58.093,"{'m1-1': 10.44, 'm2-1': 10.52, 'm3-1': 1.08, 'm4-1': 9.54, 'm5-1': 102.84, 'm6-1': 111.44, 'm7-1': 107.82, 'm8-1': 114.98}",0.25200000000000955,207.925,inf,208.09300000000002,208.09300000000002,208.09300000000002
224,T3,BESTEFFORT,MISSED,m3-1,58.16,"{'m1-1': 10.37, 'm2-1': 11.7, 'm3-1': 1.1, 'm4-1': 10.82, 'm5-1': 96.33, 'm6-1': 111.23, 'm7-1': 101.38, 'm8-1': 107.78}",0.10049999999996828,208.09300000000002,inf,208.16,208.16,208.16
225,T2,BESTEFFORT,MISSED,m3-1,58.53,"{'m1-1': 10.52, 'm2-1': 10.23, 'm3-1': 0.97, 'm4-1': 11.27, 'm5-1': 107.71, 'm6-1': 95.38, 'm7-1': 116.42, 'm8-1': 99.49}",0.5550000000000068,208.16,inf,208.53,208.53,208.53
226,T1,BESTEFFORT,MISSED,m3-1,58.617,"{'m1-1': 11.0, 'm2-1': 10.5, 'm3-1': 1.03, 'm4-1': 9.76, 'm5-1': 97.34, 'm6-1': 114.52, 'm7-1': 106.98, 'm8-1': 106.18}",0.13049999999998363,208.53,inf,208.617,208.617,208.617
227,T1,BESTEFFORT,MISSED,m3-1,58.619,"{'m1-1': 10.94, 'm2-1': 9.97, 'm3-1': 1.15, 'm4-1': 9.45, 'm5-1': 106.36, 'm6-1': 101.81, 'm7-1': 103.89, 'm8-1': 100.68}",0.0030000000000143245,208.617,inf,208.619,208.619,208.619
228,T1,BESTEFFORT,MISSED,m3-1,58.767,"{'m1-1': 10.61, 'm2-1': 9.94, 'm3-1': 1.1, 'm4-1': 10.03, 'm5-1': 103.11, 'm6-1': 97.58, 'm7-1': 103.56, 'm8-1': 101.73}",0.2219999999999942,208.619,inf,208.767,208.767,208.767
229,T3,BESTEFFORT,MISSED,m3-1,59.115,"{'m1-1': 10.4, 'm2-1': 10.04, 'm3-1': 1.13, 'm4-1': 9.67, 'm5-1': 93.98, 'm6-1': 104.33, 'm7-1': 114.8, 'm8-1': 92.77}",0.5220000000000198,208.767,inf,209.115,209.115,209.115
230,T4,BESTEFFORT,MISSED,m3-1,59.136,"{'m1-1': 9.78, 'm2-1': 10.49, 'm3-1': 1.04, 'm4-1': 11.12, 'm5-1': 98.41, 'm6-1': 95.47, 'm7-1': 99.27, 'm8-1': 108.99}",0.03149999999997988,209.115,inf,209.136,209.136,209.136
231,T1,BESTEFFORT,MISSED,m3-1,59.286,"{'m1-1': 10.84, 'm2-1': 10.03, 'm3-1': 1.12, 'm4-1': 10.19, 'm5-1': 110.96, 'm6-1': 104.48, 'm7-1': 102.36, 'm8-1': 98.9}",0.22500000000000853,209.136,inf,209.286,209.286,209.286
232,T2,BESTEFFORT,MISSED,m3-1,59.357,"{'m1-1': 10.73, 'm2-1': 9.61, 'm3-1': 1.07, 'm4-1': 11.04, 'm5-1': 107.46, 'm6-1': 98.27, 'm7-1': 113.06, 'm8-1': 107.24}",0.10649999999999693,209.286,inf,209.357,209.357,209.357
233,T2,BESTEFFORT,MISSED,m3-1,59.386,"{'m1-1': 10.82, 'm2-1': 10.79, 'm3-1': 1.04, 'm4-1': 11.4, 'm5-1': 111.09, 'm6-1': 99.59, 'm7-1': 116.8, 'm8-1': 107.45}",0.04349999999999454,209.357,inf,209.386,209.386,209.386
234,T4,BESTEFFORT,MISSED,m3-1,59.774,"{'m1-1': 10.29, 'm2-1': 10.16, 'm3-1': 1.1, 'm4-1': 10.11, 'm5-1': 104.82, 'm6-1': 102.93, 'm7-1': 107.64, 'm8-1': 97.79}",0.5820000000000078,209.386,inf,209.774,209.774,209.774
235,T2,BESTEFFORT,MISSED,m3-1,59.983,"{'m1-1': 9.71, 'm2-1': 9.8, 'm3-1': 1.1, 'm4-1': 11.54, 'm5-1': 105.81, 'm6-1': 103.13, 'm7-1': 100.12, 'm8-1': 110.18}",0.3135000000000048,209.774,inf,209.983,209.983,209.983
236,T2,BESTEFFORT,MISSED,m3-1,60.233,"{'m1-1': 11.02, 'm2-1': 9.7, 'm3-1': 1.0, 'm4-1': 10.28, 'm5-1': 105.89, 'm6-1': 106.79, 'm7-1': 108.72, 'm8-1': 98.11}",0.375,209.983,inf,210.233,210.233,210.233
237,T3,BESTEFFORT,MISSED,m3-1,60.245,"{'m1-1': 11.32, 'm2-1': 11.19, 'm3-1': 1.11, 'm4-1': 9.68, 'm5-1': 97.74, 'm6-1': 100.41, 'm7-1': 99.33, 'm8-1': 107.62}",0.018000000000000682,210.233,inf,210.245,210.245,210.245
238,T3,BESTEFFORT,MISSED,m3-1,60.495,"{'m1-1': 9.91, 'm2-1': 10.21, 'm3-1': 1.06, 'm4-1': 10.54, 'm5-1': 100.35, 'm6-1': 105.75, 'm7-1': 99.36, 'm8-1': 105.7}",0.375,210.245,inf,210.495,210.495,210.495
239,T2,BESTEFFORT,MISSED,m3-1,60.873,"{'m1-1': 10.47, 'm2-1': 9.48, 'm3-1': 1.09, 'm4-1': 11.07, 'm5-1': 100.72, 'm6-1': 106.21, 'm7-1': 115.53, 'm8-1': 106.8}",0.5669999999999789,210.495,inf,210.873,210.873,210.873
240,T3,BESTEFFORT,MISSED,m3-1,60.948,"{'m1-1': 11.58, 'm2-1': 10.7, 'm3-1': 1.14, 'm4-1': 9.85, 'm5-1': 96.75, 'm6-1': 100.44, 'm7-1': 113.9, 'm8-1': 93.79}",0.11250000000002558,210.873,inf,210.948,210.948,210.948
241,T2,BESTEFFORT,MISSED,m3-1,61.081,"{'m1-1': 10.62, 'm2-1': 9.92, 'm3-1': 1.07, 'm4-1': 11.46, 'm5-1': 99.3, 'm6-1': 94.58, 'm7-1': 115.24, 'm8-1': 105.61}",0.19950000000001467,210.948,inf,211.08100000000002,211.08100000000002,211.08100000000002
242,T2,BESTEFFORT,MISSED,m3-1,61.22,"{'m1-1': 10.06, 'm2-1': 9.61, 'm3-1': 1.07, 'm4-1': 11.32, 'm5-1': 102.36, 'm6-1': 98.65, 'm7-1': 109.62, 'm8-1': 96.97}",0.20849999999997237,211.08100000000002,inf,211.22,211.22,211.22
243,T3,BESTEFFORT,MISSED,m3-1,61.28,"{'m1-1': 10.15, 'm2-1': 11.26, 'm3-1': 1.03, 'm4-1': 9.84, 'm5-1': 106.71, 'm6-1': 98.63, 'm7-1': 103.08, 'm8-1': 100.97}",0.09000000000000341,211.22,inf,211.28,211.28,211.28
244,T3,BESTEFFORT,MISSED,m3-1,61.454,"{'m1-1': 10.45, 'm2-1': 9.99, 'm3-1': 1.11, 'm4-1': 10.77, 'm5-1': 99.74, 'm6-1': 109.46, 'm7-1': 103.43, 'm8-1': 94.44}",0.2610000000000099,211.28,inf,211.454,211.454,211.454
245,T3,BESTEFFORT,MISSED,m3-1,61.494,"{'m1-1': 10.82, 'm2-1': 10.19, 'm3-1': 1.08, 'm4-1': 10.33, 'm5-1': 105.93, 'm6-1': 101.18, 'm7-1': 102.02, 'm8-1': 104.15}",0.05999999999998806,211.454,inf,211.494,211.494,211.494
246,T3,BESTEFFORT,MISSED,m3-1,61.599,"{'m1-1': 10.06, 'm2-1': 11.18, 'm3-1': 1.17, 'm4-1': 9.58, 'm5-1': 105.59, 'm6-1': 109.58, 'm7-1': 108.51, 'm8-1': 92.16}",0.15749999999998465,211.494,inf,211.599,211.599,211.599
247,T4,BESTEFFORT,MISSED,m3-1,61.647,"{'m1-1': 9.64, 'm2-1': 9.5, 'm3-1': 1.06, 'm4-1': 10.96, 'm5-1': 96.07, 'm6-1': 95.76, 'm7-1': 100.41, 'm8-1': 105.47}",0.07200000000000273,211.599,inf,211.647,211.647,211.647
248,T2,BESTEFFORT,MISSED,m3-1,62.174,"{'m1-1': 10.74, 'm2-1': 10.18, 'm3-1': 0.98, 'm4-1': 10.61, 'm5-1': 107.82, 'm6-1': 97.17, 'm7-1': 116.26, 'm8-1': 103.02}",0.7905000000000229,211.647,inf,212.174,212.174,212.174
249,T1,BESTEFFORT,MISSED,m3-1,62.288,"{'m1-1': 10.59, 'm2-1': 10.38, 'm3-1': 1.15, 'm4-1': 9.59, 'm5-1': 107.31, 'm6-1': 105.7, 'm7-1': 98.07, 'm8-1': 106.69}",0.17100000000000648,212.174,inf,212.288,212.288,212.288
250,T3,BESTEFFORT,MISSED,m3-1,62.45,"{'m1-1': 10.03, 'm2-1': 10.8, 'm3-1': 1.1, 'm4-1': 10.17, 'm5-1': 97.74, 'm6-1': 104.76, 'm7-1': 103.59, 'm8-1': 102.96}",0.24299999999996658,212.288,inf,212.45,212.45,212.45
251,T1,BESTEFFORT,MISSED,m3-1,62.585,"{'m1-1': 9.97, 'm2-1': 10.56, 'm3-1': 1.04, 'm4-1': 11.12, 'm5-1': 106.66, 'm6-1': 114.62, 'm7-1': 105.13, 'm8-1': 114.19}",0.202500000000029,212.45,inf,212.585,212.585,212.585
252,T1,BESTEFFORT,MISSED,m3-1,62.659,"{'m1-1': 9.78, 'm2-1': 11.07, 'm3-1': 1.1, 'm4-1': 11.16, 'm5-1': 107.03, 'm6-1': 113.07, 'm7-1': 103.43, 'm8-1': 102.98}",0.11099999999997578,212.585,inf,212.659,212.659,212.659
253,T3,BESTEFFORT,MISSED,m3-1,63.243,"{'m1-1': 10.22, 'm2-1': 10.05, 'm3-1': 1.13, 'm4-1': 9.8, 'm5-1': 103.33, 'm6-1': 107.85, 'm7-1': 108.89, 'm8-1': 104.2}",0.8760000000000048,212.659,inf,213.243,213.243,213.243
254,T3,BESTEFFORT,MISSED,m3-1,63.876,"{'m1-1': 10.29, 'm2-1': 10.58, 'm3-1': 1.06, 'm4-1': 10.84, 'm5-1': 104.24, 'm6-1': 102.67, 'm7-1': 104.14, 'm8-1': 107.32}",0.9495000000000147,213.243,inf,213.876,213.876,213.876
255,T2,BESTEFFORT,MISSED,m3-1,64.004,"{'m1-1': 9.4, 'm2-1': 9.59, 'm3-1': 1.06, 'm4-1': 11.23, 'm5-1': 109.45, 'm6-1': 106.88, 'm7-1': 108.95, 'm8-1': 97.7}",0.1920000000000215,213.876,inf,214.00400000000002,214.00400000000002,214.00400000000002
256,T4,BESTEFFORT,MISSED,m3-1,64.063,"{'m1-1': 10.46, 'm2-1': 10.17, 'm3-1': 1.0, 'm4-1': 10.91, 'm5-1': 102.38, 'm6-1': 102.08, 'm7-1': 103.35, 'm8-1': 108.65}",0.08849999999995362,214.00400000000002,inf,214.063,214.063,214.063
257,T1,BESTEFFORT,MISSED,m3-1,64.128,"{'m1-1': 10.92, 'm2-1': 11.29, 'm3-1': 1.14, 'm4-1': 9.46, 'm5-1': 110.6, 'm6-1': 109.86, 'm7-1': 99.95, 'm8-1': 98.84}",0.09749999999999659,214.063,inf,214.128,214.128,214.128
258,T4,BESTEFFORT,MISSED,m3-1,65.086,"{'m1-1': 10.61, 'm2-1': 10.8, 'm3-1': 1.11, 'm4-1': 10.56, 'm5-1': 106.59, 'm6-1': 95.27, 'm7-1': 111.78, 'm8-1': 108.32}",1.4370000000000402,214.128,inf,215.086,215.086,215.086
259,T3,BESTEFFORT,MISSED,m3-1,65.218,"{'m1-1': 11.02, 'm2-1': 11.53, 'm3-1': 1.02, 'm4-1': 9.47, 'm5-1': 102.79, 'm6-1': 112.84, 'm7-1': 102.95, 'm8-1': 96.19}",0.1980000000000075,215.086,inf,215.21800000000002,215.21800000000002,215.21800000000002
260,T2,BESTEFFORT,MISSED,m3-1,65.236,"{'m1-1': 10.88, 'm2-1': 10.56, 'm3-1': 0.95, 'm4-1': 10.56, 'm5-1': 102.8, 'm6-1': 93.76, 'm7-1': 112.32, 'm8-1': 105.61}",0.02699999999995839,215.21800000000002,inf,215.236,215.236,215.236
261,T3,BESTEFFORT,MISSED,m3-1,65.453,"{'m1-1': 11.28, 'm2-1': 10.88, 'm3-1': 1.08, 'm4-1': 9.95, 'm5-1': 107.09, 'm6-1': 98.38, 'm7-1': 112.95, 'm8-1': 105.14}",0.32550000000001944,215.236,inf,215.453,215.453,215.453
262,T4,BESTEFFORT,MISSED,m3-1,65.586,"{'m1-1': 10.18, 'm2-1': 11.16, 'm3-1': 0.97, 'm4-1': 11.44, 'm5-1': 102.39, 'm6-1': 112.77, 'm7-1': 104.08, 'm8-1': 96.65}",0.19950000000001467,215.453,inf,215.586,215.586,215.586
263,T1,BESTEFFORT,MISSED,m3-1,65.991,"{'m1-1': 9.89, 'm2-1': 11.02, 'm3-1': 1.1, 'm4-1': 9.9, 'm5-1': 108.57, 'm6-1': 99.07, 'm7-1': 102.74, 'm8-1': 114.4}",0.6074999999999591,215.586,inf,215.99099999999999,215.99099999999999,215.99099999999999
264,T3,BESTEFFORT,MISSED,m3-1,66.027,"{'m1-1': 10.11, 'm2-1': 10.02, 'm3-1': 1.02, 'm4-1': 10.92, 'm5-1': 94.98, 'm6-1': 108.76, 'm7-1': 107.13, 'm8-1': 96.02}",0.054000000000002046,215.99099999999999,inf,216.027,216.027,216.027
265,T1,BESTEFFORT,MISSED,m3-1,66.204,"{'m1-1': 10.98, 'm2-1': 10.85, 'm3-1': 1.05, 'm4-1': 9.66, 'm5-1': 98.79, 'm6-1': 104.59, 'm7-1': 102.79, 'm8-1': 101.17}",0.2655000000000314,216.027,inf,216.204,216.204,216.204
266,T1,BESTEFFORT,MISSED,m3-1,66.322,"{'m1-1': 9.97, 'm2-1': 11.05, 'm3-1': 1.07, 'm4-1': 10.19, 'm5-1': 107.25, 'm6-1': 106.48, 'm7-1': 103.08, 'm8-1': 108.09}",0.1769999999999925,216.204,inf,216.322,216.322,216.322
267,T2,BESTEFFORT,MISSED,m3-1,66.35,"{'m1-1': 10.47, 'm2-1': 9.35, 'm3-1': 1.01, 'm4-1': 10.57, 'm5-1': 96.71, 'm6-1': 99.72, 'm7-1': 101.25, 'm8-1': 100.45}",0.04199999999998738,216.322,inf,216.35,216.35,216.35
268,T1,BESTEFFORT,MISSED,m3-1,66.833,"{'m1-1': 10.98, 'm2-1': 11.5, 'm3-1': 1.17, 'm4-1': 10.7, 'm5-1': 96.6, 'm6-1': 113.75, 'm7-1': 95.2, 'm8-1': 105.46}",0.7245000000000061,216.35,inf,216.833,216.833,216.833
269,T2,BESTEFFORT,MISSED,m3-1,66.868,"{'m1-1': 9.97, 'm2-1': 9.8, 'm3-1': 1.04, 'm4-1': 10.11, 'm5-1': 100.67, 'm6-1': 101.56, 'm7-1': 114.07, 'm8-1': 97.68}",0.052499999999994884,216.833,inf,216.868,216.868,216.868
270,T1,BESTEFFORT,MISSED,m3-1,67.877,"{'m1-1': 10.11, 'm2-1': 10.03, 'm3-1': 1.16, 'm4-1': 9.48, 'm5-1': 105.07, 'm6-1': 108.25, 'm7-1': 93.72, 'm8-1': 108.62}",1.5135000000000218,216.868,inf,217.877,217.877,217.877
271,T3,BESTEFFORT,MISSED,m3-1,68.031,"{'m1-1': 11.08, 'm2-1': 11.51, 'm3-1': 1.14, 'm4-1': 9.66, 'm5-1': 103.4, 'm6-1': 116.97, 'm7-1': 112.93, 'm8-1': 96.52}",0.23099999999999454,217.877,inf,218.031,218.031,218.031
272,T1,BESTEFFORT,MISSED,m3-1,68.042,"{'m1-1': 9.82, 'm2-1': 11.23, 'm3-1': 1.15, 'm4-1': 10.5, 'm5-1': 108.18, 'm6-1': 100.81, 'm7-1': 106.67, 'm8-1': 102.51}",0.01649999999999352,218.031,inf,218.042,218.042,218.042
273,T4,BESTEFFORT,MISSED,m3-1,68.279,"{'m1-1': 9.85, 'm2-1': 10.85, 'm3-1': 1.11, 'm4-1': 9.84, 'm5-1': 94.25, 'm6-1': 97.72, 'm7-1': 106.72, 'm8-1': 110.27}",0.35549999999999216,218.042,inf,218.279,218.279,218.279
274,T3,BESTEFFORT,MISSED,m3-1,68.646,"{'m1-1': 11.62, 'm2-1': 11.38, 'm3-1': 1.15, 'm4-1': 9.76, 'm5-1': 107.45, 'm6-1': 116.53, 'm7-1': 101.4, 'm8-1': 95.39}",0.550500000000028,218.279,inf,218.64600000000002,218.64600000000002,218.64600000000002
275,T3,BESTEFFORT,MISSED,m3-1,69.005,"{'m1-1': 11.56, 'm2-1': 11.75, 'm3-1': 1.15, 'm4-1': 9.54, 'm5-1': 106.02, 'm6-1': 113.64, 'm7-1': 114.12, 'm8-1': 103.57}",0.5384999999999707,218.64600000000002,inf,219.005,219.005,219.005
276,T3,BESTEFFORT,MISSED,m3-1,69.193,"{'m1-1': 11.59, 'm2-1': 10.32, 'm3-1': 1.02, 'm4-1': 10.19, 'm5-1': 101.96, 'm6-1': 115.02, 'm7-1': 109.48, 'm8-1': 96.66}",0.28199999999998226,219.005,inf,219.19299999999998,219.19299999999998,219.19299999999998
277,T2,BESTEFFORT,MISSED,m3-1,69.402,"{'m1-1': 10.13, 'm2-1': 10.87, 'm3-1': 0.96, 'm4-1': 10.12, 'm5-1': 110.63, 'm6-1': 94.91, 'm7-1': 100.41, 'm8-1': 101.83}",0.3135000000000048,219.19299999999998,inf,219.402,219.402,219.402
278,T4,BESTEFFORT,MISSED,m3-1,69.691,"{'m1-1': 10.23, 'm2-1': 10.01, 'm3-1': 1.12, 'm4-1': 10.52, 'm5-1': 94.88, 'm6-1': 107.92, 'm7-1': 113.9, 'm8-1': 98.91}",0.43350000000002353,219.402,inf,219.691,219.691,219.691
279,T3,BESTEFFORT,MISSED,m3-1,70.109,"{'m1-1': 11.64, 'm2-1': 11.11, 'm3-1': 1.11, 'm4-1': 10.9, 'm5-1': 108.88, 'm6-1': 111.42, 'm7-1': 98.16, 'm8-1': 105.0}",0.6269999999999669,219.691,inf,220.10899999999998,220.10899999999998,220.10899999999998
280,T4,BESTEFFORT,MISSED,m3-1,70.123,"{'m1-1': 10.83, 'm2-1': 9.84, 'm3-1': 1.12, 'm4-1': 10.14, 'm5-1': 103.46, 'm6-1': 111.65, 'm7-1': 106.38, 'm8-1': 99.24}",0.021000000000015007,220.10899999999998,inf,220.123,220.123,220.123
281,T4,BESTEFFORT,MISSED,m3-1,70.137,"{'m1-1': 10.12, 'm2-1': 10.34, 'm3-1': 1.1, 'm4-1': 9.89, 'm5-1': 98.58, 'm6-1': 107.69, 'm7-1': 110.1, 'm8-1': 111.4}",0.021000000000015007,220.123,inf,220.137,220.137,220.137
282,T1,BESTEFFORT,MISSED,m3-1,70.347,"{'m1-1': 10.2, 'm2-1': 11.32, 'm3-1': 1.16, 'm4-1': 10.92, 'm5-1': 100.82, 'm6-1': 101.81, 'm7-1': 95.0, 'm8-1': 106.69}",0.3149999999999693,220.137,inf,220.34699999999998,220.34699999999998,220.34699999999998
283,T1,BESTEFFORT,MISSED,m3-1,70.828,"{'m1-1': 10.0, 'm2-1': 10.66, 'm3-1': 1.01, 'm4-1': 9.7, 'm5-1': 108.75, 'm6-1': 109.59, 'm7-1': 97.48, 'm8-1': 99.37}",0.7215000000000344,220.34699999999998,inf,220.828,220.828,220.828
284,T4,BESTEFFORT,MISSED,m3-1,71.005,"{'m1-1': 10.63, 'm2-1': 10.95, 'm3-1': 1.03, 'm4-1': 11.16, 'm5-1': 96.01, 'm6-1': 102.54, 'm7-1': 104.13, 'm8-1': 99.33}",0.26549999999998875,220.828,inf,221.005,221.005,221.005
285,T1,BESTEFFORT,MISSED,m3-1,71.109,"{'m1-1': 10.77, 'm2-1': 11.52, 'm3-1': 1.09, 'm4-1': 10.34, 'm5-1': 100.45, 'm6-1': 114.35, 'm7-1': 99.83, 'm8-1': 102.98}",0.1559999999999775,221.005,inf,221.10899999999998,221.10899999999998,221.10899999999998
286,T2,BESTEFFORT,MISSED,m3-1,71.239,"{'m1-1': 10.81, 'm2-1': 10.97, 'm3-1': 0.97, 'm4-1': 10.91, 'm5-1': 95.39, 'm6-1': 107.09, 'm7-1': 101.65, 'm8-1': 106.59}",0.1950000000000358,221.10899999999998,inf,221.239,221.239,221.239
287,T3,BESTEFFORT,MISSED,m3-1,71.558,"{'m1-1': 11.34, 'm2-1': 11.56, 'm3-1': 1.13, 'm4-1': 11.15, 'm5-1': 110.83, 'm6-1': 108.74, 'm7-1': 104.9, 'm8-1': 94.99}",0.4784999999999826,221.239,inf,221.558,221.558,221.558
288,T1,BESTEFFORT,MISSED,m3-1,71.801,"{'m1-1': 10.11, 'm2-1': 10.35, 'm3-1': 1.06, 'm4-1': 9.68, 'm5-1': 103.24, 'm6-1': 115.43, 'm7-1': 103.28, 'm8-1': 102.82}",0.3644999999999925,221.558,inf,221.801,221.801,221.801
289,T4,BESTEFFORT,MISSED,m3-1,72.772,"{'m1-1': 9.4, 'm2-1': 10.26, 'm3-1': 1.07, 'm4-1': 11.02, 'm5-1': 110.02, 'm6-1': 103.22, 'm7-1': 102.36, 'm8-1': 100.16}",1.4565000000000055,221.801,inf,222.772,222.772,222.772
290,T3,BESTEFFORT,MISSED,m3-1,72.854,"{'m1-1': 11.58, 'm2-1': 11.17, 'm3-1': 1.07, 'm4-1': 10.0, 'm5-1': 95.71, 'm6-1': 113.11, 'm7-1': 101.71, 'm8-1': 101.73}",0.12299999999999045,222.772,inf,222.85399999999998,222.85399999999998,222.85399999999998
291,T3,BESTEFFORT,MISSED,m3-1,73.56,"{'m1-1': 10.48, 'm2-1': 10.45, 'm3-1': 1.08, 'm4-1': 10.39, 'm5-1': 97.14, 'm6-1': 106.73, 'm7-1': 108.96, 'm8-1': 95.25}",1.059000000000026,222.85399999999998,inf,223.56,223.56,223.56
292,T3,BESTEFFORT,MISSED,m3-1,73.622,"{'m1-1': 10.51, 'm2-1': 11.33, 'm3-1': 1.05, 'm4-1': 10.85, 'm5-1': 110.4, 'm6-1': 100.68, 'm7-1': 113.21, 'm8-1': 92.3}",0.09300000000001774,223.56,inf,223.622,223.622,223.622
293,T3,BESTEFFORT,MISSED,m3-1,74.246,"{'m1-1': 11.56, 'm2-1': 11.03, 'm3-1': 1.09, 'm4-1': 10.78, 'm5-1': 102.42, 'm6-1': 105.66, 'm7-1': 104.83, 'm8-1': 106.43}",0.9359999999999502,223.622,inf,224.24599999999998,224.24599999999998,224.24599999999998
294,T2,BESTEFFORT,MISSED,m3-1,74.472,"{'m1-1': 10.61, 'm2-1': 9.31, 'm3-1': 0.93, 'm4-1': 9.84, 'm5-1': 109.31, 'm6-1': 93.86, 'm7-1': 116.06, 'm8-1': 112.32}",0.33899999999999864,224.24599999999998,inf,224.47199999999998,224.47199999999998,224.47199999999998
295,T4,BESTEFFORT,MISSED,m3-1,74.665,"{'m1-1': 9.31, 'm2-1': 10.04, 'm3-1': 1.1, 'm4-1': 10.06, 'm5-1': 97.97, 'm6-1': 101.37, 'm7-1': 108.84, 'm8-1': 109.42}",0.2895000000000607,224.47199999999998,inf,224.66500000000002,224.66500000000002,224.66500000000002
296,T1,BESTEFFORT,MISSED,m3-1,74.914,"{'m1-1': 9.56, 'm2-1': 10.77, 'm3-1': 1.05, 'm4-1': 10.89, 'm5-1': 111.71, 'm6-1': 113.15, 'm7-1': 106.72, 'm8-1': 108.51}",0.3734999999999502,224.66500000000002,inf,224.914,224.914,224.914
297,T4,BESTEFFORT,MISSED,m3-1,75.341,"{'m1-1': 10.09, 'm2-1': 10.57, 'm3-1': 1.07, 'm4-1': 10.67, 'm5-1': 93.4, 'm6-1': 96.8, 'm7-1': 111.73, 'm8-1': 110.34}",0.6405000000000314,224.914,inf,225.341,225.341,225.341
298,T3,BESTEFFORT,MISSED,m3-1,75.518,"{'m1-1': 10.48, 'm2-1': 10.43, 'm3-1': 1.02, 'm4-1': 10.99, 'm5-1': 105.51, 'm6-1': 111.61, 'm7-1': 98.53, 'm8-1': 103.46}",0.26549999999998875,225.341,inf,225.518,225.518,225.518
299,T4,BESTEFFORT,MISSED,m3-1,76.18,"{'m1-1': 10.65, 'm2-1': 10.64, 'm3-1': 1.12, 'm4-1': 11.06, 'm5-1': 103.61, 'm6-1': 102.83, 'm7-1': 97.53, 'm8-1': 110.38}",0.9930000000000092,225.518,inf,226.18,226.18,226.18
300,T2,BESTEFFORT,MISSED,m3-1,76.29,"{'m1-1': 10.6, 'm2-1': 10.04, 'm3-1': 0.93, 'm4-1': 11.07, 'm5-1': 109.93, 'm6-1': 103.04, 'm7-1': 115.74, 'm8-1': 103.49}",0.16500000000002046,226.18,inf,226.29000000000002,226.29000000000002,226.29000000000002
301,T4,BESTEFFORT,MISSED,m3-1,76.419,"{'m1-1': 9.54, 'm2-1': 11.2, 'm3-1': 1.11, 'm4-1': 10.65, 'm5-1': 93.74, 'm6-1': 99.68, 'm7-1': 110.74, 'm8-1': 109.19}",0.19349999999994338,226.29000000000002,inf,226.41899999999998,226.41899999999998,226.41899999999998
302,T4,BESTEFFORT,MISSED,m3-1,76.719,"{'m1-1': 9.96, 'm2-1': 9.62, 'm3-1': 1.07, 'm4-1': 11.16, 'm5-1': 97.71, 'm6-1': 110.17, 'm7-1': 98.08, 'm8-1': 110.43}",0.45000000000001705,226.41899999999998,inf,226.719,226.719,226.719
303,T2,BESTEFFORT,MISSED,m3-1,76.731,"{'m1-1': 10.31, 'm2-1': 10.59, 'm3-1': 0.98, 'm4-1': 10.53, 'm5-1': 103.58, 'm6-1': 97.14, 'm7-1': 109.31, 'm8-1': 105.32}",0.018000000000000682,226.719,inf,226.731,226.731,226.731
304,T3,BESTEFFORT,MISSED,m3-1,77.156,"{'m1-1': 10.88, 'm2-1': 11.72, 'm3-1': 1.04, 'm4-1': 10.9, 'm5-1': 97.33, 'm6-1': 102.63, 'm7-1': 107.45, 'm8-1': 92.51}",0.637500000000017,226.731,inf,227.156,227.156,227.156
305,T2,BESTEFFORT,MISSED,m3-1,77.913,"{'m1-1': 10.88, 'm2-1': 9.92, 'm3-1': 1.08, 'm4-1': 10.77, 'm5-1': 99.73, 'm6-1': 103.17, 'm7-1': 110.64, 'm8-1': 107.68}",1.1355000000000075,227.156,inf,227.913,227.913,227.913
306,T3,BESTEFFORT,MISSED,m3-1,78.04,"{'m1-1': 11.3, 'm2-1': 11.75, 'm3-1': 1.11, 'm4-1': 10.33, 'm5-1': 110.11, 'm6-1': 100.3, 'm7-1': 106.98, 'm8-1': 100.93}",0.19050000000001432,227.913,inf,228.04000000000002,228.04000000000002,228.04000000000002
307,T3,BESTEFFORT,COMPLETED,m3-1,79.938,"{'m1-1': 10.74, 'm2-1': 10.43, 'm3-1': 1.06, 'm4-1': 10.07, 'm5-1': 105.2, 'm6-1': 99.63, 'm7-1': 115.08, 'm8-1': 92.82}",1.59,228.04000000000002,229.10000000000002,inf,229.938,229.938
308,T3,BESTEFFORT,MISSED,m3-1,80.164,"{'m1-1': 9.99, 'm2-1': 10.5, 'm3-1': 1.07, 'm4-1': 10.22, 'm5-1': 108.57, 'm6-1': 100.23, 'm7-1': 103.1, 'm8-1': 96.32}",1.5959999999999468,229.10000000000002,inf,230.164,230.164,230.164
309,T2,BESTEFFORT,MISSED,m3-1,80.252,"{'m1-1': 10.78, 'm2-1': 10.12, 'm3-1': 0.93, 'm4-1': 10.66, 'm5-1': 105.61, 'm6-1': 94.32, 'm7-1': 107.26, 'm8-1': 106.74}",0.13200000000003342,230.164,inf,230.252,230.252,230.252
310,T2,BESTEFFORT,MISSED,m3-1,80.545,"{'m1-1': 10.65, 'm2-1': 9.56, 'm3-1': 0.96, 'm4-1': 10.57, 'm5-1': 96.44, 'm6-1': 102.09, 'm7-1': 111.56, 'm8-1': 99.93}",0.43950000000000955,230.252,inf,230.54500000000002,230.54500000000002,230.54500000000002
311,T3,BESTEFFORT,MISSED,m3-1,80.73,"{'m1-1': 10.96, 'm2-1': 10.1, 'm3-1': 1.03, 'm4-1': 11.07, 'm5-1': 100.26, 'm6-1': 101.73, 'm7-1': 115.58, 'm8-1': 109.09}",0.2775000000000034,230.54500000000002,inf,230.73000000000002,230.73000000000002,230.73000000000002
312,T3,BESTEFFORT,MISSED,m3-1,80.913,"{'m1-1': 11.24, 'm2-1': 11.18, 'm3-1': 1.08, 'm4-1': 9.49, 'm5-1': 105.74, 'm6-1': 114.09, 'm7-1': 109.66, 'm8-1': 102.67}",0.2744999999999891,230.73000000000002,inf,230.913,230.913,230.913
313,T1,BESTEFFORT,MISSED,m3-1,81.058,"{'m1-1': 9.4, 'm2-1': 10.1, 'm3-1': 1.1, 'm4-1': 10.25, 'm5-1': 95.71, 'm6-1': 100.67, 'm7-1': 98.96, 'm8-1': 103.96}",0.21749999999997272,230.913,inf,231.058,231.058,231.058
314,T2,BESTEFFORT,MISSED,m3-1,81.433,"{'m1-1': 10.14, 'm2-1': 10.48, 'm3-1': 1.07, 'm4-1': 10.21, 'm5-1': 101.04, 'm6-1': 105.4, 'm7-1': 112.96, 'm8-1': 107.14}",0.5625,231.058,inf,231.433,231.433,231.433
315,T3,BESTEFFORT,MISSED,m3-1,81.789,"{'m1-1': 11.33, 'm2-1': 10.64, 'm3-1': 1.16, 'm4-1': 10.77, 'm5-1': 108.52, 'm6-1': 99.14, 'm7-1': 101.26, 'm8-1': 101.76}",0.5339999999999918,231.433,inf,231.789,231.789,231.789
316,T4,BESTEFFORT,MISSED,m3-1,82.142,"{'m1-1': 9.78, 'm2-1': 10.87, 'm3-1': 0.98, 'm4-1': 10.77, 'm5-1': 98.8, 'm6-1': 106.56, 'm7-1': 110.11, 'm8-1': 97.12}",0.529500000000013,231.789,inf,232.142,232.142,232.142
317,T2,BESTEFFORT,MISSED,m3-1,82.463,"{'m1-1': 10.58, 'm2-1': 9.88, 'm3-1': 1.1, 'm4-1': 9.97, 'm5-1': 101.47, 'm6-1': 101.88, 'm7-1': 104.62, 'm8-1': 96.95}",0.48149999999999693,232.142,inf,232.463,232.463,232.463
318,T2,BESTEFFORT,MISSED,m3-1,82.519,"{'m1-1': 10.7, 'm2-1': 10.18, 'm3-1': 1.08, 'm4-1': 11.5, 'm5-1': 106.79, 'm6-1': 101.79, 'm7-1': 98.94, 'm8-1': 102.37}",0.0840000000000174,232.463,inf,232.519,232.519,232.519
319,T4,BESTEFFORT,MISSED,m3-1,82.659,"{'m1-1': 10.62, 'm2-1': 11.24, 'm3-1': 1.11, 'm4-1': 10.69, 'm5-1': 99.13, 'm6-1': 110.51, 'm7-1': 103.19, 'm8-1': 102.76}",0.20999999999997954,232.519,inf,232.659,232.659,232.659
320,T4,BESTEFFORT,MISSED,m3-1,82.855,"{'m1-1': 10.82, 'm2-1': 10.96, 'm3-1': 1.08, 'm4-1': 9.95, 'm5-1': 97.04, 'm6-1': 98.5, 'm7-1': 108.91, 'm8-1': 104.32}",0.29400000000003956,232.659,inf,232.85500000000002,232.85500000000002,232.85500000000002
321,T1,BESTEFFORT,MISSED,m3-1,82.865,"{'m1-1': 10.63, 'm2-1': 10.07, 'm3-1': 1.1, 'm4-1': 10.54, 'm5-1': 101.43, 'm6-1': 101.72, 'm7-1': 92.46, 'm8-1': 113.36}",0.014999999999986358,232.85500000000002,inf,232.865,232.865,232.865
322,T4,BESTEFFORT,MISSED,m3-1,82.891,"{'m1-1': 10.1, 'm2-1': 10.15, 'm3-1': 1.07, 'm4-1': 10.68, 'm5-1': 105.48, 'm6-1': 96.18, 'm7-1': 112.93, 'm8-1': 98.73}",0.03900000000001569,232.865,inf,232.89100000000002,232.89100000000002,232.89100000000002
323,T1,BESTEFFORT,MISSED,m3-1,82.907,"{'m1-1': 11.0, 'm2-1': 10.89, 'm3-1': 1.05, 'm4-1': 11.15, 'm5-1': 98.43, 'm6-1': 111.02, 'm7-1': 96.44, 'm8-1': 113.68}",0.023999999999944066,232.89100000000002,inf,232.90699999999998,232.90699999999998,232.90699999999998
324,T2,BESTEFFORT,MISSED,m3-1,82.957,"{'m1-1': 9.59, 'm2-1': 10.67, 'm3-1': 1.09, 'm4-1': 10.78, 'm5-1': 97.92, 'm6-1': 105.89, 'm7-1': 100.51, 'm8-1': 103.14}",0.07500000000001705,232.90699999999998,inf,232.957,232.957,232.957
325,T2,BESTEFFORT,MISSED,m3-1,83.047,"{'m1-1': 10.08, 'm2-1': 9.38, 'm3-1': 0.95, 'm4-1': 11.38, 'm5-1': 98.03, 'm6-1': 94.47, 'm7-1': 106.76, 'm8-1': 105.19}",0.13500000000000512,232.957,inf,233.047,233.047,233.047
326,T2,BESTEFFORT,MISSED,m3-1,83.481,"{'m1-1': 10.29, 'm2-1': 10.24, 'm3-1': 1.1, 'm4-1': 10.0, 'm5-1': 108.91, 'm6-1': 105.98, 'm7-1': 108.79, 'm8-1': 102.67}",0.6509999999999962,233.047,inf,233.481,233.481,233.481
327,T2,BESTEFFORT,MISSED,m3-1,84.092,"{'m1-1': 9.42, 'm2-1': 10.72, 'm3-1': 0.96, 'm4-1': 10.64, 'm5-1': 103.19, 'm6-1': 91.76, 'm7-1': 103.2, 'm8-1': 104.68}",0.916499999999985,233.481,inf,234.09199999999998,234.09199999999998,234.09199999999998
328,T2,BESTEFFORT,MISSED,m3-1,84.23,"{'m1-1': 9.68, 'm2-1': 10.83, 'm3-1': 0.97, 'm4-1': 10.17, 'm5-1': 102.44, 'm6-1': 104.45, 'm7-1': 107.6, 'm8-1': 103.51}",0.20700000000005048,234.09199999999998,inf,234.23000000000002,234.23000000000002,234.23000000000002
329,T1,BESTEFFORT,MISSED,m3-1,84.373,"{'m1-1': 10.77, 'm2-1': 10.03, 'm3-1': 1.1, 'm4-1': 10.76, 'm5-1': 108.98, 'm6-1': 99.93, 'm7-1': 94.92, 'm8-1': 116.08}",0.2144999999999584,234.23000000000002,inf,234.373,234.373,234.373
330,T1,BESTEFFORT,MISSED,m3-1,84.426,"{'m1-1': 10.87, 'm2-1': 10.54, 'm3-1': 1.09, 'm4-1': 9.52, 'm5-1': 111.58, 'm6-1': 109.02, 'm7-1': 95.74, 'm8-1': 113.04}",0.07949999999999591,234.373,inf,234.426,234.426,234.426
331,T4,BESTEFFORT,MISSED,m3-1,84.45,"{'m1-1': 10.86, 'm2-1': 11.06, 'm3-1': 1.11, 'm4-1': 9.98, 'm5-1': 108.0, 'm6-1': 95.14, 'm7-1': 107.6, 'm8-1': 109.96}",0.036000000000001364,234.426,inf,234.45,234.45,234.45
332,T2,BESTEFFORT,MISSED,m3-1,84.527,"{'m1-1': 9.83, 'm2-1': 10.69, 'm3-1': 0.99, 'm4-1': 10.99, 'm5-1': 110.22, 'm6-1': 98.97, 'm7-1': 101.33, 'm8-1': 112.96}",0.11549999999999727,234.45,inf,234.527,234.527,234.527
333,T1,BESTEFFORT,MISSED,m3-1,84.618,"{'m1-1': 10.7, 'm2-1': 10.12, 'm3-1': 1.01, 'm4-1': 10.03, 'm5-1': 103.65, 'm6-1': 108.51, 'm7-1': 98.39, 'm8-1': 109.71}",0.13650000000001228,234.527,inf,234.618,234.618,234.618
334,T4,BESTEFFORT,MISSED,m3-1,85.625,"{'m1-1': 9.8, 'm2-1': 10.72, 'm3-1': 1.06, 'm4-1': 11.28, 'm5-1': 93.28, 'm6-1': 108.92, 'm7-1': 99.01, 'm8-1': 103.77}",1.5105000000000075,234.618,inf,235.625,235.625,235.625
335,T1,BESTEFFORT,MISSED,m3-1,85.943,"{'m1-1': 9.57, 'm2-1': 11.43, 'm3-1': 1.12, 'm4-1': 10.21, 'm5-1': 103.72, 'm6-1': 109.51, 'm7-1': 105.36, 'm8-1': 105.89}",0.47699999999997544,235.625,inf,235.94299999999998,235.94299999999998,235.94299999999998
336,T2,BESTEFFORT,MISSED,m3-1,86.19,"{'m1-1': 10.66, 'm2-1': 10.46, 'm3-1': 1.0, 'm4-1': 11.46, 'm5-1': 108.48, 'm6-1': 100.27, 'm7-1': 105.52, 'm8-1': 101.28}",0.37050000000002115,235.94299999999998,inf,236.19,236.19,236.19
337,T2,BESTEFFORT,MISSED,m3-1,86.215,"{'m1-1': 9.6, 'm2-1': 9.89, 'm3-1': 1.01, 'm4-1': 10.64, 'm5-1': 95.91, 'm6-1': 107.5, 'm7-1': 102.87, 'm8-1': 100.46}",0.037500000000008527,236.19,inf,236.215,236.215,236.215
338,T4,BESTEFFORT,MISSED,m3-1,86.607,"{'m1-1': 10.61, 'm2-1': 9.91, 'm3-1': 0.97, 'm4-1': 10.28, 'm5-1': 98.19, 'm6-1': 97.01, 'm7-1': 112.93, 'm8-1': 100.78}",0.5879999999999939,236.215,inf,236.607,236.607,236.607
339,T2,BESTEFFORT,MISSED,m3-1,86.741,"{'m1-1': 10.66, 'm2-1': 9.39, 'm3-1': 1.01, 'm4-1': 9.86, 'm5-1': 105.81, 'm6-1': 92.15, 'm7-1': 111.7, 'm8-1': 97.17}",0.2009999999999792,236.607,inf,236.74099999999999,236.74099999999999,236.74099999999999
340,T3,BESTEFFORT,MISSED,m3-1,86.754,"{'m1-1': 11.28, 'm2-1': 10.27, 'm3-1': 1.0, 'm4-1': 10.71, 'm5-1': 101.06, 'm6-1': 109.68, 'm7-1': 106.21, 'm8-1': 98.15}",0.019500000000050477,236.74099999999999,inf,236.75400000000002,236.75400000000002,236.75400000000002
341,T2,BESTEFFORT,MISSED,m3-1,87.013,"{'m1-1': 10.33, 'm2-1': 10.72, 'm3-1': 1.07, 'm4-1': 10.8, 'm5-1': 109.74, 'm6-1': 103.88, 'm7-1': 102.84, 'm8-1': 97.09}",0.3884999999999792,236.75400000000002,inf,237.013,237.013,237.013
342,T4,BESTEFFORT,MISSED,m3-1,87.818,"{'m1-1': 10.87, 'm2-1': 11.22, 'm3-1': 1.03, 'm4-1': 9.94, 'm5-1': 99.14, 'm6-1': 103.0, 'm7-1': 108.17, 'm8-1': 110.02}",1.2074999999999676,237.013,inf,237.81799999999998,237.81799999999998,237.81799999999998
343,T4,BESTEFFORT,MISSED,m3-1,87.869,"{'m1-1': 9.76, 'm2-1': 9.56, 'm3-1': 1.07, 'm4-1': 11.46, 'm5-1': 93.57, 'm6-1': 101.15, 'm7-1': 104.88, 'm8-1': 106.05}",0.07650000000002422,237.81799999999998,inf,237.869,237.869,237.869
344,T2,BESTEFFORT,MISSED,m3-1,87.89,"{'m1-1': 10.02, 'm2-1': 9.3, 'm3-1': 0.95, 'm4-1': 9.89, 'm5-1': 107.15, 'm6-1': 105.2, 'm7-1': 103.48, 'm8-1': 96.76}",0.03149999999997988,237.869,inf,237.89,237.89,237.89
345,T2,BESTEFFORT,MISSED,m3-1,87.961,"{'m1-1': 10.74, 'm2-1': 9.75, 'm3-1': 1.08, 'm4-1': 10.25, 'm5-1': 109.94, 'm6-1': 95.84, 'm7-1': 112.92, 'm8-1': 102.28}",0.10650000000003956,237.89,inf,237.961,237.961,237.961
346,T3,BESTEFFORT,MISSED,m3-1,88.952,"{'m1-1': 10.94, 'm2-1': 10.63, 'm3-1': 1.06, 'm4-1': 11.12, 'm5-1': 97.26, 'm6-1': 115.08, 'm7-1': 108.46, 'm8-1': 105.36}",1.4864999999999782,237.961,inf,238.952,238.952,238.952
347,T1,BESTEFFORT,MISSED,m3-1,88.994,"{'m1-1': 9.87, 'm2-1': 11.33, 'm3-1': 1.16, 'm4-1': 9.61, 'm5-1': 110.83, 'm6-1': 107.31, 'm7-1': 102.23, 'm8-1': 107.88}",0.06300000000000239,238.952,inf,238.994,238.994,238.994
348,T1,BESTEFFORT,MISSED,m3-1,89.001,"{'m1-1': 10.66, 'm2-1': 10.9, 'm3-1': 1.18, 'm4-1': 10.25, 'm5-1': 103.2, 'm6-1': 115.37, 'm7-1': 92.54, 'm8-1': 112.91}",0.010500000000007503,238.994,inf,239.001,239.001,239.001
349,T1,BESTEFFORT,MISSED,m3-1,89.154,"{'m1-1': 10.44, 'm2-1': 10.98, 'm3-1': 1.16, 'm4-1': 10.68, 'm5-1': 109.68, 'm6-1': 114.44, 'm7-1': 95.34, 'm8-1': 105.9}",0.22949999999998738,239.001,inf,239.154,239.154,239.154
350,T3,BESTEFFORT,MISSED,m3-1,89.279,"{'m1-1': 11.15, 'm2-1': 11.14, 'm3-1': 1.16, 'm4-1': 9.91, 'm5-1': 107.43, 'm6-1': 113.79, 'm7-1': 115.06, 'm8-1': 108.16}",0.1875,239.154,inf,239.279,239.279,239.279
351,T2,BESTEFFORT,MISSED,m3-1,89.35,"{'m1-1': 10.9, 'm2-1': 10.05, 'm3-1': 1.03, 'm4-1': 11.37, 'm5-1': 99.06, 'm6-1': 103.91, 'm7-1': 112.87, 'm8-1': 111.76}",0.10649999999999693,239.279,inf,239.35,239.35,239.35
352,T3,BESTEFFORT,MISSED,m3-1,89.357,"{'m1-1': 11.4, 'm2-1': 10.22, 'm3-1': 1.03, 'm4-1': 9.58, 'm5-1': 109.41, 'm6-1': 109.94, 'm7-1': 108.24, 'm8-1': 108.2}",0.010500000000007503,239.35,inf,239.357,239.357,239.357
353,T1,BESTEFFORT,MISSED,m3-1,89.391,"{'m1-1': 10.44, 'm2-1': 9.78, 'm3-1': 1.11, 'm4-1': 10.58, 'm5-1': 111.74, 'm6-1': 112.06, 'm7-1': 102.78, 'm8-1': 115.73}",0.051000000000030354,239.357,inf,239.39100000000002,239.39100000000002,239.39100000000002
354,T2,BESTEFFORT,MISSED,m3-1,89.58,"{'m1-1': 10.55, 'm2-1': 10.39, 'm3-1': 0.96, 'm4-1': 10.54, 'm5-1': 102.99, 'm6-1': 101.22, 'm7-1': 116.38, 'm8-1': 101.34}",0.2834999999999468,239.39100000000002,inf,239.57999999999998,239.57999999999998,239.57999999999998
355,T1,BESTEFFORT,MISSED,m3-1,89.935,"{'m1-1': 9.64, 'm2-1': 10.71, 'm3-1': 1.1, 'm4-1': 10.74, 'm5-1': 111.36, 'm6-1': 115.54, 'm7-1': 109.08, 'm8-1': 100.68}",0.5325000000000273,239.57999999999998,inf,239.935,239.935,239.935
356,T1,BESTEFFORT,MISSED,m3-1,89.985,"{'m1-1': 9.83, 'm2-1': 10.97, 'm3-1': 1.0, 'm4-1': 9.86, 'm5-1': 102.7, 'm6-1': 111.08, 'm7-1': 105.89, 'm8-1': 109.47}",0.07500000000001705,239.935,inf,239.985,239.985,239.985
357,T1,BESTEFFORT,MISSED,m3-1,90.075,"{'m1-1': 10.36, 'm2-1': 10.11, 'm3-1': 1.08, 'm4-1': 9.95, 'm5-1': 96.16, 'm6-1': 104.61, 'm7-1': 92.18, 'm8-1': 107.71}",0.13499999999996248,239.985,inf,240.075,240.075,240.075
358,T3,BESTEFFORT,MISSED,m3-1,90.095,"{'m1-1': 10.99, 'm2-1': 10.45, 'm3-1': 1.06, 'm4-1': 10.21, 'm5-1': 109.31, 'm6-1': 116.86, 'm7-1': 107.09, 'm8-1': 92.7}",0.030000000000015348,240.075,inf,240.095,240.095,240.095
359,T3,BESTEFFORT,MISSED,m3-1,90.249,"{'m1-1': 11.62, 'm2-1': 10.85, 'm3-1': 0.99, 'm4-1': 9.74, 'm5-1': 107.97, 'm6-1': 107.63, 'm7-1': 106.89, 'm8-1': 105.87}",0.23099999999999454,240.095,inf,240.249,240.249,240.249
360,T3,BESTEFFORT,MISSED,m3-1,90.661,"{'m1-1': 11.51, 'm2-1': 11.41, 'm3-1': 1.12, 'm4-1': 9.68, 'm5-1': 110.05, 'm6-1': 99.46, 'm7-1': 114.22, 'm8-1': 103.46}",0.6180000000000092,240.249,inf,240.661,240.661,240.661
361,T3,BESTEFFORT,MISSED,m3-1,91.073,"{'m1-1': 10.72, 'm2-1': 10.24, 'm3-1': 1.02, 'm4-1': 9.98, 'm5-1': 99.59, 'm6-1': 115.17, 'm7-1': 114.29, 'm8-1': 102.51}",0.6179999999999666,240.661,inf,241.07299999999998,241.07299999999998,241.07299999999998
362,T4,BESTEFFORT,MISSED,m3-1,91.25,"{'m1-1': 9.38, 'm2-1': 10.86, 'm3-1': 1.07, 'm4-1': 11.39, 'm5-1': 99.39, 'm6-1': 100.65, 'm7-1': 97.26, 'm8-1': 100.69}",0.2655000000000314,241.07299999999998,inf,241.25,241.25,241.25
363,T3,BESTEFFORT,MISSED,m3-1,91.729,"{'m1-1': 10.1, 'm2-1': 11.27, 'm3-1': 1.06, 'm4-1': 10.77, 'm5-1': 107.01, 'm6-1': 111.04, 'm7-1': 103.43, 'm8-1': 102.04}",0.7184999999999775,241.25,inf,241.72899999999998,241.72899999999998,241.72899999999998
364,T1,BESTEFFORT,MISSED,m3-1,92.051,"{'m1-1': 10.34, 'm2-1': 10.96, 'm3-1': 1.01, 'm4-1': 10.54, 'm5-1': 112.17, 'm6-1': 102.94, 'm7-1': 98.26, 'm8-1': 108.2}",0.4830000000000041,241.72899999999998,inf,242.051,242.051,242.051
365,T4,BESTEFFORT,MISSED,m3-1,92.189,"{'m1-1': 9.98, 'm2-1': 10.64, 'm3-1': 1.01, 'm4-1': 10.77, 'm5-1': 109.66, 'm6-1': 99.84, 'm7-1': 105.75, 'm8-1': 109.24}",0.20700000000000784,242.051,inf,242.189,242.189,242.189
366,T2,BESTEFFORT,MISSED,m3-1,92.473,"{'m1-1': 11.01, 'm2-1': 9.95, 'm3-1': 0.98, 'm4-1': 11.47, 'm5-1': 99.23, 'm6-1': 102.25, 'm7-1': 117.14, 'm8-1': 98.7}",0.42600000000003035,242.189,inf,242.473,242.473,242.473
367,T4,BESTEFFORT,COMPLETED,m3-1,94.222,"{'m1-1': 9.75, 'm2-1': 9.59, 'm3-1': 0.95, 'm4-1': 10.78, 'm5-1': 95.16, 'm6-1': 100.77, 'm7-1': 99.83, 'm8-1': 108.69}",1.4249999999999998,242.473,243.423,inf,244.22199999999998,244.22199999999998
368,T4,BESTEFFORT,MISSED,m3-1,94.276,"{'m1-1': 11.03, 'm2-1': 9.51, 'm3-1': 1.12, 'm4-1': 10.08, 'm5-1': 108.12, 'm6-1': 100.3, 'm7-1': 102.48, 'm8-1': 100.46}",1.279500000000013,243.423,inf,244.276,244.276,244.276
369,T4,BESTEFFORT,MISSED,m3-1,94.459,"{'m1-1': 11.04, 'm2-1': 9.51, 'm3-1': 0.95, 'm4-1': 9.84, 'm5-1': 101.1, 'm6-1': 96.9, 'm7-1': 103.99, 'm8-1': 102.88}",0.2744999999999891,244.276,inf,244.459,244.459,244.459
370,T1,BESTEFFORT,MISSED,m3-1,94.577,"{'m1-1': 10.66, 'm2-1': 10.2, 'm3-1': 1.07, 'm4-1': 9.46, 'm5-1': 96.04, 'm6-1': 104.44, 'm7-1': 98.74, 'm8-1': 112.28}",0.1769999999999925,244.459,inf,244.577,244.577,244.577
371,T3,BESTEFFORT,MISSED,m3-1,94.925,"{'m1-1': 10.78, 'm2-1': 10.18, 'm3-1': 1.14, 'm4-1': 10.66, 'm5-1': 99.16, 'm6-1': 111.08, 'm7-1': 110.3, 'm8-1': 105.0}",0.5220000000000198,244.577,inf,244.925,244.925,244.925
372,T4,BESTEFFORT,MISSED,m3-1,94.933,"{'m1-1': 10.11, 'm2-1': 10.07, 'm3-1': 1.08, 'm4-1': 10.17, 'm5-1': 105.0, 'm6-1': 106.62, 'm7-1': 106.19, 'm8-1': 94.45}",0.011999999999972033,244.925,inf,244.933,244.933,244.933
373,T4,BESTEFFORT,MISSED,m3-1,95.139,"{'m1-1': 9.85, 'm2-1': 11.19, 'm3-1': 1.09, 'm4-1': 10.6, 'm5-1': 97.56, 'm6-1': 99.99, 'm7-1': 114.47, 'm8-1': 103.31}",0.3090000000000259,244.933,inf,245.139,245.139,245.139
374,T3,BESTEFFORT,MISSED,m3-1,95.5,"{'m1-1': 10.71, 'm2-1': 11.13, 'm3-1': 1.16, 'm4-1': 11.11, 'm5-1': 109.61, 'm6-1': 112.13, 'm7-1': 113.57, 'm8-1': 108.8}",0.541499999999985,245.139,inf,245.5,245.5,245.5
375,T4,BESTEFFORT,MISSED,m3-1,95.787,"{'m1-1': 9.58, 'm2-1': 10.38, 'm3-1': 0.97, 'm4-1': 9.89, 'm5-1': 100.14, 'm6-1': 107.34, 'm7-1': 114.16, 'm8-1': 106.0}",0.4305000000000092,245.5,inf,245.787,245.787,245.787
376,T3,BESTEFFORT,MISSED,m3-1,95.846,"{'m1-1': 11.07, 'm2-1': 10.49, 'm3-1': 1.09, 'm4-1': 9.47, 'm5-1': 97.31, 'm6-1': 101.37, 'm7-1': 107.47, 'm8-1': 97.73}",0.08849999999999625,245.787,inf,245.846,245.846,245.846
377,T3,BESTEFFORT,MISSED,m3-1,96.695,"{'m1-1': 10.74, 'm2-1': 10.71, 'm3-1': 1.15, 'm4-1': 10.73, 'm5-1': 106.8, 'm6-1': 115.28, 'm7-1': 98.71, 'm8-1': 99.51}",1.2734999999999843,245.846,inf,246.695,246.695,246.695
378,T3,BESTEFFORT,MISSED,m3-1,97.202,"{'m1-1': 11.65, 'm2-1': 10.04, 'm3-1': 1.09, 'm4-1': 10.32, 'm5-1': 110.85, 'm6-1': 98.71, 'm7-1': 104.48, 'm8-1': 96.14}",0.7605000000000075,246.695,inf,247.202,247.202,247.202
379,T3,BESTEFFORT,MISSED,m3-1,97.27,"{'m1-1': 10.78, 'm2-1': 11.42, 'm3-1': 1.04, 'm4-1': 9.76, 'm5-1': 101.8, 'm6-1': 107.92, 'm7-1': 103.21, 'm8-1': 106.1}",0.10199999999997544,247.202,inf,247.26999999999998,247.26999999999998,247.26999999999998
380,T4,BESTEFFORT,MISSED,m3-1,97.289,"{'m1-1': 10.18, 'm2-1': 9.53, 'm3-1': 0.97, 'm4-1': 10.76, 'm5-1': 95.15, 'm6-1': 101.82, 'm7-1': 100.04, 'm8-1': 98.89}",0.028500000000008185,247.26999999999998,inf,247.289,247.289,247.289
381,T4,BESTEFFORT,MISSED,m3-1,97.317,"{'m1-1': 10.93, 'm2-1': 11.14, 'm3-1': 1.02, 'm4-1': 10.07, 'm5-1': 97.32, 'm6-1': 111.06, 'm7-1': 112.07, 'm8-1': 94.1}",0.04200000000003001,247.289,inf,247.317,247.317,247.317
382,T4,BESTEFFORT,MISSED,m3-1,97.467,"{'m1-1': 10.41, 'm2-1': 10.65, 'm3-1': 1.04, 'm4-1': 11.19, 'm5-1': 94.25, 'm6-1': 111.57, 'm7-1': 102.66, 'm8-1': 96.32}",0.2249999999999659,247.317,inf,247.46699999999998,247.46699999999998,247.46699999999998
383,T4,BESTEFFORT,MISSED,m3-1,97.665,"{'m1-1': 9.5, 'm2-1': 10.43, 'm3-1': 0.99, 'm4-1': 10.65, 'm5-1': 110.18, 'm6-1': 97.16, 'm7-1': 103.58, 'm8-1': 100.69}",0.2970000000000539,247.46699999999998,inf,247.66500000000002,247.66500000000002,247.66500000000002
384,T4,BESTEFFORT,MISSED,m3-1,98.157,"{'m1-1': 11.0, 'm2-1': 9.95, 'm3-1': 1.1, 'm4-1': 10.29, 'm5-1': 108.34, 'm6-1': 109.66, 'm7-1': 114.47, 'm8-1': 102.32}",0.7379999999999427,247.66500000000002,inf,248.15699999999998,248.15699999999998,248.15699999999998
385,T4,BESTEFFORT,MISSED,m3-1,98.282,"{'m1-1': 9.55, 'm2-1': 10.83, 'm3-1': 1.04, 'm4-1': 9.73, 'm5-1': 105.34, 'm6-1': 108.29, 'm7-1': 109.95, 'm8-1': 100.45}",0.1875,248.15699999999998,inf,248.28199999999998,248.28199999999998,248.28199999999998
386,T2,BESTEFFORT,MISSED,m3-1,98.369,"{'m1-1': 10.29, 'm2-1': 10.81, 'm3-1': 0.94, 'm4-1': 11.1, 'm5-1': 99.35, 'm6-1': 105.29, 'm7-1': 110.94, 'm8-1': 111.3}",0.13050000000002626,248.28199999999998,inf,248.369,248.369,248.369
387,T4,BESTEFFORT,MISSED,m3-1,98.481,"{'m1-1': 9.67, 'm2-1': 10.38, 'm3-1': 1.04, 'm4-1': 10.16, 'm5-1': 93.2, 'm6-1': 96.54, 'm7-1': 109.85, 'm8-1': 103.49}",0.16799999999999216,248.369,inf,248.481,248.481,248.481
388,T2,BESTEFFORT,MISSED,m3-1,98.823,"{'m1-1': 10.92, 'm2-1': 10.02, 'm3-1': 0.98, 'm4-1': 10.71, 'm5-1': 100.38, 'm6-1': 103.88, 'm7-1': 115.43, 'm8-1': 104.86}",0.5129999999999768,248.481,inf,248.82299999999998,248.82299999999998,248.82299999999998
389,T2,BESTEFFORT,MISSED,m3-1,99.202,"{'m1-1': 10.92, 'm2-1': 10.72, 'm3-1': 1.06, 'm4-1': 11.06, 'm5-1': 107.07, 'm6-1': 104.18, 'm7-1': 109.58, 'm8-1': 97.96}",0.5685000000000286,248.82299999999998,inf,249.202,249.202,249.202
390,T3,BESTEFFORT,MISSED,m3-1,99.435,"{'m1-1': 10.72, 'm2-1': 10.29, 'm3-1': 1.11, 'm4-1': 10.22, 'm5-1': 108.17, 'm6-1': 112.67, 'm7-1': 103.75, 'm8-1': 94.22}",0.34950000000000614,249.202,inf,249.435,249.435,249.435
391,T4,BESTEFFORT,MISSED,m3-1,99.521,"{'m1-1': 9.71, 'm2-1': 9.6, 'm3-1': 1.03, 'm4-1': 10.52, 'm5-1': 95.56, 'm6-1': 97.78, 'm7-1': 104.72, 'm8-1': 94.78}",0.1290000000000191,249.435,inf,249.52100000000002,249.52100000000002,249.52100000000002
392,T4,BESTEFFORT,MISSED,m3-1,99.72,"{'m1-1': 9.98, 'm2-1': 9.85, 'm3-1': 1.04, 'm4-1': 11.44, 'm5-1': 109.99, 'm6-1': 99.29, 'm7-1': 98.2, 'm8-1': 105.43}",0.2984999999999758,249.52100000000002,inf,249.72,249.72,249.72
393,T3,BESTEFFORT,MISSED,m3-1,99.83,"{'m1-1': 10.34, 'm2-1': 10.45, 'm3-1': 1.12, 'm4-1': 9.91, 'm5-1': 102.8, 'm6-1': 115.21, 'm7-1': 109.51, 'm8-1': 105.87}",0.16499999999997783,249.72,inf,249.82999999999998,249.82999999999998,249.82999999999998
394,T4,BESTEFFORT,MISSED,m3-1,100.261,"{'m1-1': 10.56, 'm2-1': 10.47, 'm3-1': 0.98, 'm4-1': 11.14, 'm5-1': 106.35, 'm6-1': 112.0, 'm7-1': 114.17, 'm8-1': 103.31}",0.6465000000000174,249.82999999999998,inf,250.261,250.261,250.261
395,T1,BESTEFFORT,MISSED,m3-1,101.222,"{'m1-1': 10.86, 'm2-1': 9.76, 'm3-1': 1.03, 'm4-1': 9.8, 'm5-1': 106.1, 'm6-1': 104.35, 'm7-1': 97.84, 'm8-1': 108.7}",1.4414999999999765,250.261,inf,251.22199999999998,251.22199999999998,251.22199999999998
396,T2,BESTEFFORT,MISSED,m3-1,101.319,"{'m1-1': 10.85, 'm2-1': 9.78, 'm3-1': 1.1, 'm4-1': 9.81, 'm5-1': 99.23, 'm6-1': 103.83, 'm7-1': 108.02, 'm8-1': 105.86}",0.14550000000005525,251.22199999999998,inf,251.31900000000002,251.31900000000002,251.31900000000002
397,T2,BESTEFFORT,MISSED,m3-1,101.463,"{'m1-1': 10.09, 'm2-1': 10.72, 'm3-1': 0.98, 'm4-1': 10.63, 'm5-1': 93.86, 'm6-1': 106.15, 'm7-1': 101.9, 'm8-1': 110.48}",0.21599999999996555,251.31900000000002,inf,251.463,251.463,251.463
398,T3,BESTEFFORT,MISSED,m3-1,101.563,"{'m1-1': 10.79, 'm2-1': 11.76, 'm3-1': 1.08, 'm4-1': 9.57, 'm5-1': 109.7, 'm6-1': 102.64, 'm7-1': 98.57, 'm8-1': 92.2}",0.14999999999999147,251.463,inf,251.563,251.563,251.563
399,T3,BESTEFFORT,MISSED,m3-1,101.75,"{'m1-1': 10.44, 'm2-1': 10.6, 'm3-1': 1.11, 'm4-1': 9.86, 'm5-1': 106.44, 'm6-1': 102.54, 'm7-1': 101.88, 'm8-1': 99.65}",0.28050000000001774,251.563,inf,251.75,251.75,251.75
400,T1,BESTEFFORT,MISSED,m3-1,102.106,"{'m1-1': 9.84, 'm2-1': 9.8, 'm3-1': 1.12, 'm4-1': 10.24, 'm5-1': 96.61, 'm6-1': 104.8, 'm7-1': 106.48, 'm8-1': 105.62}",0.5339999999999918,251.75,inf,252.106,252.106,252.106
401,T3,BESTEFFORT,MISSED,m3-1,102.391,"{'m1-1': 10.76, 'm2-1': 10.12, 'm3-1': 1.15, 'm4-1': 10.91, 'm5-1': 105.67, 'm6-1': 100.64, 'm7-1': 99.36, 'm8-1': 94.34}",0.4275000000000375,252.106,inf,252.39100000000002,252.39100000000002,252.39100000000002
402,T2,BESTEFFORT,MISSED,m3-1,102.935,"{'m1-1': 10.84, 'm2-1': 9.41, 'm3-1': 1.07, 'm4-1': 11.46, 'm5-1': 96.07, 'm6-1': 94.84, 'm7-1': 116.42, 'm8-1': 96.72}",0.8159999999999741,252.39100000000002,inf,252.935,252.935,252.935
403,T4,BESTEFFORT,MISSED,m3-1,103.111,"{'m1-1': 10.41, 'm2-1': 10.23, 'm3-1': 0.98, 'm4-1': 10.45, 'm5-1': 94.57, 'm6-1': 98.33, 'm7-1': 114.0, 'm8-1': 95.79}",0.2639999999999816,252.935,inf,253.111,253.111,253.111
404,T2,BESTEFFORT,MISSED,m3-1,103.717,"{'m1-1': 10.85, 'm2-1': 9.58, 'm3-1': 1.05, 'm4-1': 10.85, 'm5-1': 100.26, 'm6-1': 103.83, 'm7-1': 106.86, 'm8-1': 105.74}",0.9089999999999918,253.111,inf,253.71699999999998,253.71699999999998,253.71699999999998
405,T4,BESTEFFORT,MISSED,m3-1,103.744,"{'m1-1': 10.79, 'm2-1': 11.03, 'm3-1': 0.98, 'm4-1': 9.96, 'm5-1': 97.84, 'm6-1': 103.29, 'm7-1': 112.75, 'm8-1': 105.9}",0.04050000000002285,253.71699999999998,inf,253.744,253.744,253.744
406,T1,BESTEFFORT,MISSED,m3-1,103.847,"{'m1-1': 10.08, 'm2-1': 9.76, 'm3-1': 1.06, 'm4-1': 10.42, 'm5-1': 96.78, 'm6-1': 111.1, 'm7-1': 103.66, 'm8-1': 112.27}",0.15449999999997033,253.744,inf,253.84699999999998,253.84699999999998,253.84699999999998
407,T2,BESTEFFORT,MISSED,m3-1,104.416,"{'m1-1': 10.55, 'm2-1': 10.87, 'm3-1': 1.03, 'm4-1': 11.39, 'm5-1': 110.24, 'm6-1': 95.44, 'm7-1': 117.24, 'm8-1': 108.26}",0.8535000000000252,253.84699999999998,inf,254.416,254.416,254.416
408,T2,BESTEFFORT,MISSED,m3-1,104.482,"{'m1-1': 9.99, 'm2-1': 10.95, 'm3-1': 1.0, 'm4-1': 10.34, 'm5-1': 99.76, 'm6-1': 94.07, 'm7-1': 111.17, 'm8-1': 109.07}",0.09900000000000375,254.416,inf,254.482,254.482,254.482
409,T3,BESTEFFORT,MISSED,m3-1,104.685,"{'m1-1': 10.76, 'm2-1': 11.08, 'm3-1': 1.09, 'm4-1': 10.85, 'm5-1': 109.92, 'm6-1': 111.41, 'm7-1': 115.56, 'm8-1': 103.46}",0.30450000000000443,254.482,inf,254.685,254.685,254.685
410,T4,BESTEFFORT,MISSED,m3-1,104.694,"{'m1-1': 10.76, 'm2-1': 10.67, 'm3-1': 1.07, 'm4-1': 9.96, 'm5-1': 94.55, 'm6-1': 98.16, 'm7-1': 98.19, 'm8-1': 111.3}",0.013500000000021828,254.685,inf,254.69400000000002,254.69400000000002,254.69400000000002
411,T3,BESTEFFORT,MISSED,m3-1,104.793,"{'m1-1': 10.63, 'm2-1': 10.71, 'm3-1': 1.06, 'm4-1': 10.85, 'm5-1': 101.75, 'm6-1': 112.74, 'm7-1': 107.22, 'm8-1': 102.31}",0.1484999999999843,254.69400000000002,inf,254.793,254.793,254.793
412,T2,BESTEFFORT,MISSED,m3-1,105.081,"{'m1-1': 10.4, 'm2-1': 10.74, 'm3-1': 1.09, 'm4-1': 10.35, 'm5-1': 103.78, 'm6-1': 93.38, 'm7-1': 104.29, 'm8-1': 97.43}",0.43200000000001637,254.793,inf,255.08100000000002,255.08100000000002,255.08100000000002
413,T2,BESTEFFORT,MISSED,m3-1,105.254,"{'m1-1': 9.75, 'm2-1': 10.95, 'm3-1': 1.1, 'm4-1': 10.25, 'm5-1': 103.07, 'm6-1': 91.61, 'm7-1': 115.42, 'm8-1': 106.99}",0.25950000000000273,255.08100000000002,inf,255.25400000000002,255.25400000000002,255.25400000000002
414,T4,BESTEFFORT,MISSED,m3-1,105.391,"{'m1-1': 10.81, 'm2-1': 10.91, 'm3-1': 1.08, 'm4-1': 10.68, 'm5-1': 107.13, 'm6-1': 96.92, 'm7-1': 113.2, 'm8-1': 99.55}",0.20550000000000068,255.25400000000002,inf,255.39100000000002,255.39100000000002,255.39100000000002
415,T3,BESTEFFORT,MISSED,m3-1,105.394,"{'m1-1': 10.78, 'm2-1': 11.53, 'm3-1': 1.13, 'm4-1': 10.05, 'm5-1': 107.04, 'm6-1': 110.87, 'm7-1': 101.85, 'm8-1': 102.51}",0.004499999999978854,255.39100000000002,inf,255.394,255.394,255.394
416,T3,BESTEFFORT,MISSED,m3-1,105.431,"{'m1-1': 10.03, 'm2-1': 11.76, 'm3-1': 1.12, 'm4-1': 10.26, 'm5-1': 101.41, 'm6-1': 116.65, 'm7-1': 104.58, 'm8-1': 93.71}",0.055499999999966576,255.394,inf,255.43099999999998,255.43099999999998,255.43099999999998
417,T4,BESTEFFORT,MISSED,m3-1,105.537,"{'m1-1': 9.38, 'm2-1': 9.62, 'm3-1': 0.96, 'm4-1': 10.12, 'm5-1': 95.11, 'm6-1': 112.13, 'm7-1': 107.96, 'm8-1': 100.12}",0.15900000000003445,255.43099999999998,inf,255.537,255.537,255.537
418,T1,BESTEFFORT,MISSED,m3-1,105.98,"{'m1-1': 11.02, 'm2-1': 10.63, 'm3-1': 1.0, 'm4-1': 10.77, 'm5-1': 100.78, 'm6-1': 113.1, 'm7-1': 107.94, 'm8-1': 102.92}",0.6645000000000181,255.537,inf,255.98000000000002,255.98000000000002,255.98000000000002
419,T1,BESTEFFORT,MISSED,m3-1,105.981,"{'m1-1': 10.67, 'm2-1': 11.43, 'm3-1': 1.05, 'm4-1': 10.64, 'm5-1': 104.72, 'm6-1': 102.38, 'm7-1': 94.22, 'm8-1': 114.9}",0.0014999999999645297,255.98000000000002,inf,255.981,255.981,255.981
420,T3,BESTEFFORT,MISSED,m3-1,106.545,"{'m1-1': 10.8, 'm2-1': 10.22, 'm3-1': 1.1, 'm4-1': 9.76, 'm5-1': 104.9, 'm6-1': 98.5, 'm7-1': 100.31, 'm8-1': 107.7}",0.8460000000000321,255.981,inf,256.545,256.545,256.545
421,T4,BESTEFFORT,MISSED,m3-1,106.703,"{'m1-1': 9.29, 'm2-1': 10.48, 'm3-1': 1.11, 'm4-1': 9.81, 'm5-1': 99.58, 'm6-1': 110.67, 'm7-1': 97.31, 'm8-1': 100.24}",0.23699999999993793,256.545,inf,256.703,256.703,256.703
422,T3,BESTEFFORT,MISSED,m3-1,106.814,"{'m1-1': 10.69, 'm2-1': 10.8, 'm3-1': 1.04, 'm4-1': 10.7, 'm5-1': 102.39, 'm6-1': 104.63, 'm7-1': 101.63, 'm8-1': 108.41}",0.166499999999985,256.703,inf,256.81399999999996,256.81399999999996,256.81399999999996
423,T2,BESTEFFORT,MISSED,m3-1,107.035,"{'m1-1': 10.61, 'm2-1': 9.42, 'm3-1': 1.03, 'm4-1': 11.06, 'm5-1': 105.69, 'm6-1': 108.0, 'm7-1': 108.33, 'm8-1': 99.0}",0.33150000000000546,256.81399999999996,inf,257.03499999999997,257.03499999999997,257.03499999999997
424,T1,BESTEFFORT,MISSED,m3-1,107.272,"{'m1-1': 10.9, 'm2-1': 10.76, 'm3-1': 1.16, 'm4-1': 10.25, 'm5-1': 105.79, 'm6-1': 105.82, 'm7-1': 96.49, 'm8-1': 108.91}",0.3555000000000348,257.03499999999997,inf,257.272,257.272,257.272
425,T2,BESTEFFORT,MISSED,m3-1,107.406,"{'m1-1': 10.25, 'm2-1': 9.42, 'm3-1': 0.98, 'm4-1': 11.36, 'm5-1': 105.1, 'm6-1': 96.02, 'm7-1': 112.95, 'm8-1': 96.52}",0.20100000000002183,257.272,inf,257.406,257.406,257.406
426,T1,BESTEFFORT,MISSED,m3-1,107.657,"{'m1-1': 10.69, 'm2-1': 11.1, 'm3-1': 1.16, 'm4-1': 10.47, 'm5-1': 105.54, 'm6-1': 113.97, 'm7-1': 94.74, 'm8-1': 104.58}",0.37649999999996453,257.406,inf,257.657,257.657,257.657
427,T1,BESTEFFORT,MISSED,m3-1,107.825,"{'m1-1': 9.48, 'm2-1': 10.2, 'm3-1': 1.12, 'm4-1': 10.53, 'm5-1': 97.87, 'm6-1': 108.72, 'm7-1': 103.34, 'm8-1': 110.16}",0.25200000000000955,257.657,inf,257.825,257.825,257.825
428,T2,BESTEFFORT,MISSED,m3-1,107.974,"{'m1-1': 9.99, 'm2-1': 10.38, 'm3-1': 0.97, 'm4-1': 10.6, 'm5-1': 101.2, 'm6-1': 105.45, 'm7-1': 113.17, 'm8-1': 98.07}",0.22350000000000136,257.825,inf,257.974,257.974,257.974
429,T2,BESTEFFORT,MISSED,m3-1,108.067,"{'m1-1': 10.88, 'm2-1': 10.19, 'm3-1': 0.99, 'm4-1': 10.42, 'm5-1': 94.72, 'm6-1': 94.46, 'm7-1': 107.58, 'm8-1': 111.76}",0.1395000000000266,257.974,inf,258.067,258.067,258.067
430,T4,BESTEFFORT,MISSED,m3-1,108.147,"{'m1-1': 10.54, 'm2-1': 11.0, 'm3-1': 1.05, 'm4-1': 11.38, 'm5-1': 94.44, 'm6-1': 99.64, 'm7-1': 102.15, 'm8-1': 96.51}",0.11999999999997613,258.067,inf,258.147,258.147,258.147
431,T2,BESTEFFORT,MISSED,m3-1,108.177,"{'m1-1': 11.16, 'm2-1': 9.53, 'm3-1': 1.09, 'm4-1': 10.66, 'm5-1': 103.54, 'm6-1': 99.42, 'm7-1': 106.45, 'm8-1': 104.74}",0.04500000000004434,258.147,inf,258.177,258.177,258.177
432,T3,BESTEFFORT,MISSED,m3-1,108.387,"{'m1-1': 10.94, 'm2-1': 11.58, 'm3-1': 1.05, 'm4-1': 9.99, 'm5-1': 106.94, 'm6-1': 99.13, 'm7-1': 112.6, 'm8-1': 95.68}",0.3149999999999693,258.177,inf,258.387,258.387,258.387
433,T2,BESTEFFORT,MISSED,m3-1,108.403,"{'m1-1': 10.07, 'm2-1': 9.4, 'm3-1': 1.05, 'm4-1': 10.71, 'm5-1': 111.46, 'm6-1': 105.64, 'm7-1': 116.99, 'm8-1': 96.4}",0.02400000000002933,258.387,inf,258.403,258.403,258.403
434,T2,BESTEFFORT,MISSED,m3-1,108.547,"{'m1-1': 10.99, 'm2-1': 9.3, 'm3-1': 1.08, 'm4-1': 9.96, 'm5-1': 103.16, 'm6-1': 94.32, 'm7-1': 99.75, 'm8-1': 97.56}",0.21600000000000819,258.403,inf,258.547,258.547,258.547
435,T2,BESTEFFORT,MISSED,m3-1,108.559,"{'m1-1': 11.01, 'm2-1': 9.57, 'm3-1': 0.97, 'm4-1': 11.48, 'm5-1': 107.15, 'm6-1': 108.53, 'm7-1': 113.69, 'm8-1': 98.16}",0.017999999999915417,258.547,inf,258.55899999999997,258.55899999999997,258.55899999999997
436,T4,BESTEFFORT,MISSED,m3-1,109.496,"{'m1-1': 9.44, 'm2-1': 9.63, 'm3-1': 1.05, 'm4-1': 10.01, 'm5-1': 105.45, 'm6-1': 108.96, 'm7-1': 104.22, 'm8-1': 106.71}",1.4055000000000177,258.55899999999997,inf,259.496,259.496,259.496
437,T1,BESTEFFORT,MISSED,m3-1,109.635,"{'m1-1': 9.71, 'm2-1': 11.34, 'm3-1': 1.15, 'm4-1': 10.22, 'm5-1': 102.81, 'm6-1': 105.61, 'm7-1': 104.09, 'm8-1': 99.28}",0.208500000000015,259.496,inf,259.635,259.635,259.635
438,T1,BESTEFFORT,MISSED,m3-1,109.866,"{'m1-1': 9.63, 'm2-1': 9.82, 'm3-1': 1.18, 'm4-1': 10.57, 'm5-1': 95.43, 'm6-1': 107.54, 'm7-1': 98.24, 'm8-1': 98.3}",0.3464999999999918,259.635,inf,259.866,259.866,259.866
439,T2,BESTEFFORT,MISSED,m3-1,109.996,"{'m1-1': 9.94, 'm2-1': 9.72, 'm3-1': 1.05, 'm4-1': 9.76, 'm5-1': 109.2, 'm6-1': 104.64, 'm7-1': 113.14, 'm8-1': 103.93}",0.19499999999999318,259.866,inf,259.996,259.996,259.996
440,T4,BESTEFFORT,MISSED,m3-1,110.326,"{'m1-1': 10.66, 'm2-1': 11.27, 'm3-1': 1.03, 'm4-1': 10.08, 'm5-1': 102.28, 'm6-1': 94.86, 'm7-1': 111.04, 'm8-1': 104.33}",0.4950000000000614,259.996,inf,260.326,260.326,260.326
441,T2,BESTEFFORT,MISSED,m3-1,110.42,"{'m1-1': 10.69, 'm2-1': 9.76, 'm3-1': 0.96, 'm4-1': 11.57, 'm5-1': 103.39, 'm6-1': 97.73, 'm7-1': 106.27, 'm8-1': 107.86}",0.14099999999999113,260.326,inf,260.42,260.42,260.42
442,T2,BESTEFFORT,MISSED,m3-1,110.646,"{'m1-1': 10.9, 'm2-1': 9.81, 'm3-1': 0.96, 'm4-1': 10.11, 'm5-1': 109.17, 'm6-1': 105.57, 'm7-1': 115.53, 'm8-1': 106.38}",0.33899999999999864,260.42,inf,260.646,260.646,260.646
443,T4,BESTEFFORT,MISSED,m3-1,110.967,"{'m1-1': 9.98, 'm2-1': 9.6, 'm3-1': 1.02, 'm4-1': 11.04, 'm5-1': 107.46, 'm6-1': 103.38, 'm7-1': 103.04, 'm8-1': 97.39}",0.4814999999999543,260.646,inf,260.967,260.967,260.967
444,T4,BESTEFFORT,MISSED,m3-1,111.242,"{'m1-1': 11.0, 'm2-1': 9.61, 'm3-1': 1.02, 'm4-1': 10.9, 'm5-1': 108.0, 'm6-1': 95.14, 'm7-1': 98.64, 'm8-1': 94.02}",0.41250000000005116,260.967,inf,261.242,261.242,261.242
445,T3,BESTEFFORT,MISSED,m3-1,111.268,"{'m1-1': 11.02, 'm2-1': 10.53, 'm3-1': 1.09, 'm4-1': 9.98, 'm5-1': 97.13, 'm6-1': 108.37, 'm7-1': 108.97, 'm8-1': 99.12}",0.03900000000001569,261.242,inf,261.26800000000003,261.26800000000003,261.26800000000003
446,T4,BESTEFFORT,MISSED,m3-1,111.386,"{'m1-1': 10.17, 'm2-1': 10.72, 'm3-1': 0.97, 'm4-1': 10.72, 'm5-1': 95.51, 'm6-1': 99.22, 'm7-1': 114.49, 'm8-1': 108.12}",0.17699999999990723,261.26800000000003,inf,261.38599999999997,261.38599999999997,261.38599999999997
447,T4,BESTEFFORT,COMPLETED,m3-1,112.429,"{'m1-1': 9.34, 'm2-1': 10.14, 'm3-1': 0.99, 'm4-1': 11.2, 'm5-1': 103.61, 'm6-1': 107.99, 'm7-1': 105.1, 'm8-1': 97.29}",1.4849999999999999,261.38599999999997,262.376,inf,262.429,262.429
448,T4,BESTEFFORT,MISSED,m3-1,112.526,"{'m1-1': 9.44, 'm2-1': 10.11, 'm3-1': 1.05, 'm4-1': 9.96, 'm5-1': 94.26, 'm6-1': 111.51, 'm7-1': 114.93, 'm8-1': 98.22}",0.22500000000005116,262.376,inf,262.526,262.526,262.526
449,T1,BESTEFFORT,MISSED,m3-1,112.679,"{'m1-1': 10.0, 'm2-1': 11.28, 'm3-1': 1.06, 'm4-1': 10.02, 'm5-1': 112.77, 'm6-1': 106.3, 'm7-1': 104.98, 'm8-1': 113.82}",0.22949999999994475,262.526,inf,262.679,262.679,262.679
450,T4,BESTEFFORT,MISSED,m3-1,112.818,"{'m1-1': 10.47, 'm2-1': 10.38, 'm3-1': 1.12, 'm4-1': 10.87, 'm5-1': 104.21, 'm6-1': 107.99, 'm7-1': 111.55, 'm8-1': 107.18}",0.208500000000015,262.679,inf,262.818,262.818,262.818
451,T1,BESTEFFORT,MISSED,m3-1,113.306,"{'m1-1': 9.58, 'm2-1': 11.26, 'm3-1': 1.06, 'm4-1': 10.6, 'm5-1': 101.1, 'm6-1': 106.54, 'm7-1': 106.96, 'm8-1': 113.96}",0.7319999999999993,262.818,inf,263.306,263.306,263.306
452,T1,BESTEFFORT,MISSED,m3-1,113.325,"{'m1-1': 10.46, 'm2-1': 10.24, 'm3-1': 1.1, 'm4-1': 10.79, 'm5-1': 98.27, 'm6-1': 100.45, 'm7-1': 100.58, 'm8-1': 102.97}",0.028500000000008185,263.306,inf,263.325,263.325,263.325
453,T1,BESTEFFORT,MISSED,m3-1,113.78,"{'m1-1': 10.87, 'm2-1': 11.31, 'm3-1': 1.13, 'm4-1': 10.1, 'm5-1': 104.65, 'm6-1': 100.52, 'm7-1': 94.79, 'm8-1': 111.24}",0.6824999999999761,263.325,inf,263.78,263.78,263.78
454,T1,BESTEFFORT,MISSED,m3-1,114.024,"{'m1-1': 10.1, 'm2-1': 11.33, 'm3-1': 1.08, 'm4-1': 9.85, 'm5-1': 100.63, 'm6-1': 103.31, 'm7-1': 100.06, 'm8-1': 107.04}",0.3660000000000423,263.78,inf,264.024,264.024,264.024
455,T1,BESTEFFORT,MISSED,m3-1,114.23,"{'m1-1': 9.49, 'm2-1': 9.72, 'm3-1': 1.16, 'm4-1': 10.34, 'm5-1': 102.62, 'm6-1': 110.93, 'm7-1': 94.31, 'm8-1': 99.81}",0.3090000000000259,264.024,inf,264.23,264.23,264.23
456,T1,BESTEFFORT,MISSED,m3-1,114.285,"{'m1-1': 10.04, 'm2-1': 10.86, 'm3-1': 1.0, 'm4-1': 10.95, 'm5-1': 109.43, 'm6-1': 101.07, 'm7-1': 93.38, 'm8-1': 106.19}",0.08249999999992497,264.23,inf,264.28499999999997,264.28499999999997,264.28499999999997
457,T4,BESTEFFORT,MISSED,m3-1,114.577,"{'m1-1': 9.51, 'm2-1': 10.14, 'm3-1': 0.96, 'm4-1': 11.07, 'm5-1': 110.26, 'm6-1': 106.73, 'm7-1': 113.57, 'm8-1': 98.78}",0.438000000000045,264.28499999999997,inf,264.577,264.577,264.577
458,T4,BESTEFFORT,MISSED,m3-1,114.833,"{'m1-1': 10.05, 'm2-1': 10.89, 'm3-1': 1.12, 'm4-1': 9.78, 'm5-1': 104.45, 'm6-1': 107.71, 'm7-1': 103.53, 'm8-1': 99.02}",0.3839999999999577,264.577,inf,264.83299999999997,264.83299999999997,264.83299999999997
459,T3,BESTEFFORT,MISSED,m3-1,114.994,"{'m1-1': 10.42, 'm2-1': 10.82, 'm3-1': 1.02, 'm4-1': 9.44, 'm5-1': 107.42, 'm6-1': 101.79, 'm7-1': 108.41, 'm8-1': 93.32}",0.2415000000000873,264.83299999999997,inf,264.994,264.994,264.994
460,T3,BESTEFFORT,MISSED,m3-1,115.055,"{'m1-1': 10.36, 'm2-1': 11.36, 'm3-1': 1.0, 'm4-1': 9.89, 'm5-1': 107.07, 'm6-1': 104.03, 'm7-1': 103.59, 'm8-1': 94.95}",0.09149999999996794,264.994,inf,265.055,265.055,265.055
461,T3,BESTEFFORT,MISSED,m3-1,115.332,"{'m1-1': 10.21, 'm2-1': 11.32, 'm3-1': 1.1, 'm4-1': 11.01, 'm5-1': 108.73, 'm6-1': 116.86, 'm7-1': 97.91, 'm8-1': 92.39}",0.4154999999999802,265.055,inf,265.332,265.332,265.332
462,T4,BESTEFFORT,MISSED,m3-1,115.392,"{'m1-1': 9.75, 'm2-1': 11.01, 'm3-1': 0.99, 'm4-1': 11.07, 'm5-1': 98.38, 'm6-1': 112.52, 'm7-1': 107.39, 'm8-1': 109.21}",0.09000000000000341,265.332,inf,265.392,265.392,265.392
463,T4,BESTEFFORT,MISSED,m3-1,115.492,"{'m1-1': 9.7, 'm2-1': 10.78, 'm3-1': 1.08, 'm4-1': 9.78, 'm5-1': 98.72, 'm6-1': 105.05, 'm7-1': 100.61, 'm8-1': 110.2}",0.1500000000000341,265.392,inf,265.492,265.492,265.492
464,T1,BESTEFFORT,MISSED,m3-1,115.499,"{'m1-1': 10.51, 'm2-1': 10.35, 'm3-1': 1.07, 'm4-1': 9.97, 'm5-1': 102.82, 'm6-1': 110.29, 'm7-1': 99.22, 'm8-1': 110.53}",0.010500000000007503,265.492,inf,265.499,265.499,265.499
465,T1,BESTEFFORT,MISSED,m3-1,115.813,"{'m1-1': 10.2, 'm2-1': 9.87, 'm3-1': 1.11, 'm4-1': 10.74, 'm5-1': 105.9, 'm6-1': 104.6, 'm7-1': 96.8, 'm8-1': 109.77}",0.4709999999999468,265.499,inf,265.813,265.813,265.813
466,T4,BESTEFFORT,MISSED,m3-1,116.333,"{'m1-1': 10.85, 'm2-1': 10.64, 'm3-1': 1.1, 'm4-1': 10.6, 'm5-1': 103.06, 'm6-1': 110.43, 'm7-1': 113.83, 'm8-1': 104.24}",0.7799999999999727,265.813,inf,266.33299999999997,266.33299999999997,266.33299999999997
467,T1,BESTEFFORT,MISSED,m3-1,116.333,"{'m1-1': 10.79, 'm2-1': 10.06, 'm3-1': 1.09, 'm4-1': 9.89, 'm5-1': 112.05, 'm6-1': 100.94, 'm7-1': 104.79, 'm8-1': 108.83}",0.0,266.33299999999997,inf,266.33299999999997,266.33299999999997,266.33299999999997
468,T1,BESTEFFORT,MISSED,m3-1,116.519,"{'m1-1': 9.59, 'm2-1': 11.2, 'm3-1': 1.1, 'm4-1': 10.61, 'm5-1': 103.72, 'm6-1': 102.0, 'm7-1': 103.08, 'm8-1': 100.98}",0.2790000000000532,266.33299999999997,inf,266.519,266.519,266.519
469,T1,BESTEFFORT,MISSED,m3-1,116.737,"{'m1-1': 9.6, 'm2-1': 10.64, 'm3-1': 1.17, 'm4-1': 9.49, 'm5-1': 96.85, 'm6-1': 112.36, 'm7-1': 98.74, 'm8-1': 99.37}",0.32699999999994134,266.519,inf,266.73699999999997,266.73699999999997,266.73699999999997
470,T4,BESTEFFORT,MISSED,m3-1,116.764,"{'m1-1': 10.9, 'm2-1': 10.79, 'm3-1': 1.03, 'm4-1': 10.35, 'm5-1': 93.46, 'm6-1': 111.81, 'm7-1': 105.0, 'm8-1': 107.24}",0.040500000000065484,266.73699999999997,inf,266.764,266.764,266.764
471,T4,BESTEFFORT,MISSED,m3-1,117.385,"{'m1-1': 9.35, 'm2-1': 10.81, 'm3-1': 1.1, 'm4-1': 10.03, 'm5-1': 96.3, 'm6-1': 106.18, 'm7-1': 101.02, 'm8-1': 103.21}",0.9314999999999714,266.764,inf,267.385,267.385,267.385
472,T3,BESTEFFORT,MISSED,m3-1,117.424,"{'m1-1': 10.08, 'm2-1': 10.46, 'm3-1': 1.01, 'm4-1': 9.55, 'm5-1': 97.74, 'm6-1': 116.9, 'm7-1': 103.74, 'm8-1': 99.76}",0.0584999999999809,267.385,inf,267.424,267.424,267.424
473,T3,BESTEFFORT,COMPLETED,m3-1,118.832,"{'m1-1': 11.39, 'm2-1': 10.62, 'm3-1': 1.13, 'm4-1': 10.57, 'm5-1': 103.83, 'm6-1': 98.71, 'm7-1': 112.16, 'm8-1': 103.54}",1.6949999999999998,267.424,268.554,inf,268.832,268.832
474,T3,BESTEFFORT,MISSED,m3-1,118.884,"{'m1-1': 11.36, 'm2-1': 10.58, 'm3-1': 1.04, 'm4-1': 11.13, 'm5-1': 93.73, 'm6-1': 98.73, 'm7-1': 108.35, 'm8-1': 99.65}",0.4950000000000614,268.554,inf,268.884,268.884,268.884
475,T1,BESTEFFORT,MISSED,m3-1,118.994,"{'m1-1': 10.3, 'm2-1': 11.39, 'm3-1': 1.01, 'm4-1': 10.34, 'm5-1': 102.53, 'm6-1': 100.23, 'm7-1': 98.51, 'm8-1': 108.87}",0.16500000000002046,268.884,inf,268.994,268.994,268.994
476,T3,BESTEFFORT,MISSED,m3-1,119.084,"{'m1-1': 10.04, 'm2-1': 10.6, 'm3-1': 1.06, 'm4-1': 9.65, 'm5-1': 99.55, 'm6-1': 100.4, 'm7-1': 114.39, 'm8-1': 92.46}",0.13499999999996248,268.994,inf,269.084,269.084,269.084
477,T3,BESTEFFORT,MISSED,m3-1,119.769,"{'m1-1': 10.17, 'm2-1': 11.54, 'm3-1': 1.11, 'm4-1': 9.74, 'm5-1': 96.6, 'm6-1': 99.21, 'm7-1': 101.42, 'm8-1': 98.28}",1.0275000000000034,269.084,inf,269.769,269.769,269.769
478,T4,BESTEFFORT,MISSED,m3-1,120.063,"{'m1-1': 9.9, 'm2-1': 10.79, 'm3-1': 0.97, 'm4-1': 10.63, 'm5-1': 110.48, 'm6-1': 106.73, 'm7-1': 105.24, 'm8-1': 99.32}",0.4409999999999741,269.769,inf,270.063,270.063,270.063
479,T4,BESTEFFORT,MISSED,m3-1,120.513,"{'m1-1': 10.38, 'm2-1': 10.75, 'm3-1': 1.0, 'm4-1': 10.81, 'm5-1': 103.51, 'm6-1': 106.73, 'm7-1': 107.78, 'm8-1': 95.69}",0.6750000000000682,270.063,inf,270.51300000000003,270.51300000000003,270.51300000000003
480,T3,BESTEFFORT,MISSED,m3-1,120.66,"{'m1-1': 11.07, 'm2-1': 11.0, 'm3-1': 1.06, 'm4-1': 9.49, 'm5-1': 98.13, 'm6-1': 101.73, 'm7-1': 106.86, 'm8-1': 105.05}",0.22049999999990177,270.51300000000003,inf,270.65999999999997,270.65999999999997,270.65999999999997
481,T1,BESTEFFORT,MISSED,m3-1,120.802,"{'m1-1': 10.74, 'm2-1': 9.87, 'm3-1': 1.05, 'm4-1': 9.97, 'm5-1': 104.27, 'm6-1': 109.79, 'm7-1': 96.57, 'm8-1': 98.84}",0.21300000000007913,270.65999999999997,inf,270.802,270.802,270.802
482,T3,BESTEFFORT,MISSED,m3-1,120.81,"{'m1-1': 10.07, 'm2-1': 10.13, 'm3-1': 1.14, 'm4-1': 10.09, 'm5-1': 108.09, 'm6-1': 99.07, 'm7-1': 98.47, 'm8-1': 108.61}",0.011999999999972033,270.802,inf,270.81,270.81,270.81
483,T4,BESTEFFORT,MISSED,m3-1,121.352,"{'m1-1': 10.63, 'm2-1': 9.59, 'm3-1': 1.1, 'm4-1': 10.75, 'm5-1': 103.17, 'm6-1': 101.49, 'm7-1': 109.92, 'm8-1': 104.05}",0.8129999999999598,270.81,inf,271.352,271.352,271.352
484,T3,BESTEFFORT,MISSED,m3-1,121.794,"{'m1-1': 10.75, 'm2-1': 10.05, 'm3-1': 1.1, 'm4-1': 10.73, 'm5-1': 97.89, 'm6-1': 100.41, 'm7-1': 106.58, 'm8-1': 101.82}",0.6630000000000109,271.352,inf,271.794,271.794,271.794
485,T1,BESTEFFORT,MISSED,m3-1,122.01,"{'m1-1': 10.03, 'm2-1': 10.51, 'm3-1': 1.12, 'm4-1': 11.13, 'm5-1': 111.52, 'm6-1': 106.12, 'm7-1': 93.39, 'm8-1': 99.68}",0.3240000000000123,271.794,inf,272.01,272.01,272.01
486,T4,BESTEFFORT,COMPLETED,m3-1,123.024,"{'m1-1': 9.8, 'm2-1': 9.57, 'm3-1': 0.99, 'm4-1': 10.4, 'm5-1': 108.61, 'm6-1': 98.04, 'm7-1': 102.46, 'm8-1': 96.24}",1.4849999999999999,272.01,273.0,inf,273.024,273.024
487,T4,BESTEFFORT,MISSED,m3-1,123.148,"{'m1-1': 10.46, 'm2-1': 9.97, 'm3-1': 0.98, 'm4-1': 10.43, 'm5-1': 100.46, 'm6-1': 99.52, 'm7-1': 99.57, 'm8-1': 108.76}",0.22200000000003683,273.0,inf,273.148,273.148,273.148
488,T1,BESTEFFORT,MISSED,m3-1,123.74,"{'m1-1': 10.04, 'm2-1': 10.07, 'm3-1': 1.11, 'm4-1': 9.45, 'm5-1': 106.71, 'm6-1': 99.12, 'm7-1': 93.0, 'm8-1': 106.52}",0.8879999999999768,273.148,inf,273.74,273.74,273.74
489,T1,BESTEFFORT,MISSED,m3-1,123.81,"{'m1-1': 10.38, 'm2-1': 10.68, 'm3-1': 1.07, 'm4-1': 10.12, 'm5-1': 111.64, 'm6-1': 100.12, 'm7-1': 102.22, 'm8-1': 99.59}",0.10499999999998977,273.74,inf,273.81,273.81,273.81
490,T4,BESTEFFORT,MISSED,m3-1,124.14,"{'m1-1': 10.29, 'm2-1': 10.23, 'm3-1': 1.05, 'm4-1': 10.8, 'm5-1': 108.82, 'm6-1': 96.27, 'm7-1': 112.83, 'm8-1': 100.0}",0.4949999999999761,273.81,inf,274.14,274.14,274.14
491,T4,BESTEFFORT,COMPLETED,m3-1,125.312,"{'m1-1': 9.63, 'm2-1': 11.15, 'm3-1': 1.03, 'm4-1': 9.79, 'm5-1': 99.88, 'm6-1': 101.36, 'm7-1': 107.7, 'm8-1': 94.39}",1.545,274.14,275.16999999999996,inf,275.312,275.312
492,T4,BESTEFFORT,MISSED,m3-1,125.529,"{'m1-1': 9.84, 'm2-1': 9.65, 'm3-1': 1.03, 'm4-1': 10.7, 'm5-1': 105.13, 'm6-1': 106.64, 'm7-1': 103.67, 'm8-1': 105.16}",0.5385000000000559,275.16999999999996,inf,275.529,275.529,275.529
493,T4,BESTEFFORT,COMPLETED,m3-1,126.872,"{'m1-1': 10.56, 'm2-1': 10.28, 'm3-1': 1.03, 'm4-1': 10.53, 'm5-1': 109.48, 'm6-1': 96.93, 'm7-1': 97.32, 'm8-1': 96.65}",1.545,275.529,276.55899999999997,inf,276.872,276.872
494,T4,BESTEFFORT,COMPLETED,m3-1,127.622,"{'m1-1': 11.04, 'm2-1': 11.23, 'm3-1': 1.02, 'm4-1': 11.0, 'm5-1': 101.27, 'm6-1': 96.03, 'm7-1': 105.88, 'm8-1': 107.63}",1.53,276.55899999999997,277.57899999999995,inf,277.622,277.622
495,T4,BESTEFFORT,COMPLETED,m3-1,128.895,"{'m1-1': 9.55, 'm2-1': 11.12, 'm3-1': 1.08, 'm4-1': 11.16, 'm5-1': 104.45, 'm6-1': 107.72, 'm7-1': 101.8, 'm8-1': 108.97}",1.62,277.57899999999995,278.65899999999993,inf,278.895,278.895
496,T4,BESTEFFORT,MISSED,m3-1,129.282,"{'m1-1': 10.64, 'm2-1': 10.15, 'm3-1': 1.1, 'm4-1': 10.66, 'm5-1': 100.38, 'm6-1': 97.31, 'm7-1': 115.02, 'm8-1': 102.62}",0.9345000000001562,278.65899999999993,inf,279.28200000000004,279.28200000000004,279.28200000000004
497,T4,BESTEFFORT,COMPLETED,m3-1,130.552,"{'m1-1': 11.0, 'm2-1': 9.89, 'm3-1': 0.95, 'm4-1': 11.49, 'm5-1': 106.87, 'm6-1': 102.77, 'm7-1': 113.41, 'm8-1': 105.87}",1.4249999999999998,279.28200000000004,280.232,inf,280.552,280.552
498,T4,BESTEFFORT,COMPLETED,m3-1,131.663,"{'m1-1': 10.81, 'm2-1': 10.95, 'm3-1': 0.96, 'm4-1': 11.17, 'm5-1': 106.28, 'm6-1': 98.84, 'm7-1': 100.02, 'm8-1': 100.22}",1.44,280.232,281.192,inf,281.663,281.663
499,T4,BESTEFFORT,MISSED,m3-1,132.09,"{'m1-1': 10.32, 'm2-1': 9.93, 'm3-1': 0.98, 'm4-1': 9.78, 'm5-1': 101.66, 'm6-1': 110.52, 'm7-1': 113.45, 'm8-1': 102.53}",1.3470000000000368,281.192,inf,282.09000000000003,282.09000000000003,282.09000000000003
