id,type,urgency,status,assigned_machine,arrival_time,execution_time,energy_usage,start_time,completion_time,missed_time,deadline,extended_deadline
0,T3,BESTEFFORT,COMPLETED,m3-1,0.022,"{'m1-1': 1.02, 'm2-1': 10.46, 'm3-1': 1.07, 'm4-1': 109.8, 'm5-1': 103.83, 'm6-1': 1.05, 'm7-1': 11.09, 'm8-1': 10.37}",1.605,0.022,1.092,inf,150.022,150.022
1,T4,BESTEFFORT,COMPLETED,m6-1,0.042,"{'m1-1': 1.07, 'm2-1': 10.18, 'm3-1': 1.02, 'm4-1': 100.92, 'm5-1': 97.66, 'm6-1': 1.09, 'm7-1': 10.07, 'm8-1': 11.39}",1.6350000000000002,0.042,1.1320000000000001,inf,150.042,150.042
2,T1,BESTEFFORT,COMPLETED,m1-1,0.05,"{'m1-1': 0.97, 'm2-1': 11.28, 'm3-1': 1.09, 'm4-1': 118.65, 'm5-1': 107.77, 'm6-1': 1.08, 'm7-1': 10.55, 'm8-1': 11.3}",1.455,0.05,1.02,inf,150.05,150.05
3,T2,BESTEFFORT,COMPLETED,m1-1,0.419,"{'m1-1': 0.98, 'm2-1': 9.56, 'm3-1': 0.97, 'm4-1': 106.65, 'm5-1': 99.22, 'm6-1': 0.98, 'm7-1': 9.44, 'm8-1': 11.29}",1.47,1.02,2.0,inf,150.419,150.419
4,T2,BESTEFFORT,COMPLETED,m3-1,0.425,"{'m1-1': 1.07, 'm2-1': 10.39, 'm3-1': 1.06, 'm4-1': 97.94, 'm5-1': 110.0, 'm6-1': 1.08, 'm7-1': 10.9, 'm8-1': 11.73}",1.59,1.092,2.152,inf,150.425,150.425
5,T4,BESTEFFORT,COMPLETED,m6-1,0.482,"{'m1-1': 1.05, 'm2-1': 10.95, 'm3-1': 1.04, 'm4-1': 108.26, 'm5-1': 97.92, 'm6-1': 1.05, 'm7-1': 10.71, 'm8-1': 11.77}",1.5750000000000002,1.1320000000000001,2.1820000000000004,inf,150.482,150.482
6,T2,BESTEFFORT,COMPLETED,m3-1,0.537,"{'m1-1': 1.1, 'm2-1': 10.51, 'm3-1': 1.06, 'm4-1': 105.49, 'm5-1': 99.69, 'm6-1': 1.1, 'm7-1': 9.27, 'm8-1': 10.11}",1.59,2.152,3.212,inf,150.537,150.537
7,T3,BESTEFFORT,COMPLETED,m1-1,0.56,"{'m1-1': 0.98, 'm2-1': 11.06, 'm3-1': 1.04, 'm4-1': 108.68, 'm5-1': 112.28, 'm6-1': 1.06, 'm7-1': 10.03, 'm8-1': 10.34}",1.47,2.0,2.98,inf,150.56,150.56
8,T1,BESTEFFORT,COMPLETED,m6-1,0.716,"{'m1-1': 0.93, 'm2-1': 10.32, 'm3-1': 1.11, 'm4-1': 112.39, 'm5-1': 98.1, 'm6-1': 1.05, 'm7-1': 9.88, 'm8-1': 11.72}",1.5750000000000002,2.1820000000000004,3.232,inf,150.716,150.716
9,T3,BESTEFFORT,COMPLETED,m3-1,0.9,"{'m1-1': 1.13, 'm2-1': 11.25, 'm3-1': 1.05, 'm4-1': 95.87, 'm5-1': 101.47, 'm6-1': 1.13, 'm7-1': 10.44, 'm8-1': 9.72}",1.5750000000000002,3.212,4.2620000000000005,inf,150.9,150.9
10,T1,BESTEFFORT,COMPLETED,m1-1,1.211,"{'m1-1': 1.0, 'm2-1': 10.43, 'm3-1': 0.98, 'm4-1': 107.5, 'm5-1': 96.14, 'm6-1': 1.14, 'm7-1': 10.15, 'm8-1': 10.08}",1.5,2.98,3.98,inf,151.211,151.211
11,T1,BESTEFFORT,COMPLETED,m6-1,1.609,"{'m1-1': 0.98, 'm2-1': 11.77, 'm3-1': 1.14, 'm4-1': 118.33, 'm5-1': 107.28, 'm6-1': 1.08, 'm7-1': 9.43, 'm8-1': 10.06}",1.62,3.232,4.312,inf,151.609,151.609
12,T4,BESTEFFORT,COMPLETED,m3-1,1.749,"{'m1-1': 1.13, 'm2-1': 10.15, 'm3-1': 0.95, 'm4-1': 103.47, 'm5-1': 96.05, 'm6-1': 1.14, 'm7-1': 9.5, 'm8-1': 11.58}",1.4249999999999998,4.2620000000000005,5.212000000000001,inf,151.749,151.749
13,T2,BESTEFFORT,COMPLETED,m1-1,2.37,"{'m1-1': 1.04, 'm2-1': 10.55, 'm3-1': 1.07, 'm4-1': 99.53, 'm5-1': 99.16, 'm6-1': 0.94, 'm7-1': 10.11, 'm8-1': 10.06}",1.56,3.98,5.02,inf,152.37,152.37
14,T4,BESTEFFORT,COMPLETED,m6-1,2.384,"{'m1-1': 1.13, 'm2-1': 10.66, 'm3-1': 1.12, 'm4-1': 98.17, 'm5-1': 113.56, 'm6-1': 1.15, 'm7-1': 9.92, 'm8-1': 10.03}",1.7249999999999999,4.312,5.462,inf,152.384,152.384
15,T1,BESTEFFORT,COMPLETED,m1-1,2.631,"{'m1-1': 1.02, 'm2-1': 10.44, 'm3-1': 0.98, 'm4-1': 108.77, 'm5-1': 98.22, 'm6-1': 1.0, 'm7-1': 9.56, 'm8-1': 10.6}",1.53,5.02,6.039999999999999,inf,152.631,152.631
16,T1,BESTEFFORT,COMPLETED,m3-1,2.761,"{'m1-1': 1.08, 'm2-1': 10.91, 'm3-1': 1.13, 'm4-1': 103.5, 'm5-1': 102.28, 'm6-1': 1.0, 'm7-1': 10.55, 'm8-1': 10.11}",1.6949999999999998,5.212000000000001,6.3420000000000005,inf,152.761,152.761
17,T4,BESTEFFORT,COMPLETED,m6-1,2.869,"{'m1-1': 1.15, 'm2-1': 10.13, 'm3-1': 0.96, 'm4-1': 100.16, 'm5-1': 107.84, 'm6-1': 1.03, 'm7-1': 11.24, 'm8-1': 10.9}",1.545,5.462,6.492,inf,152.869,152.869
18,T4,BESTEFFORT,COMPLETED,m2-1,2.945,"{'m1-1': 1.04, 'm2-1': 9.81, 'm3-1': 0.98, 'm4-1': 107.49, 'm5-1': 96.46, 'm6-1': 1.08, 'm7-1': 9.87, 'm8-1': 11.3}",14.715,2.945,12.755,inf,152.945,152.945
19,T1,BESTEFFORT,COMPLETED,m1-1,3.03,"{'m1-1': 1.05, 'm2-1': 10.42, 'm3-1': 1.05, 'm4-1': 100.94, 'm5-1': 99.39, 'm6-1': 0.98, 'm7-1': 10.57, 'm8-1': 11.33}",1.5750000000000002,6.039999999999999,7.089999999999999,inf,153.03,153.03
20,T2,BESTEFFORT,COMPLETED,m6-1,3.454,"{'m1-1': 1.11, 'm2-1': 10.41, 'm3-1': 0.94, 'm4-1': 94.26, 'm5-1': 108.59, 'm6-1': 1.06, 'm7-1': 9.67, 'm8-1': 10.14}",1.59,6.492,7.552,inf,153.454,153.454
21,T1,BESTEFFORT,COMPLETED,m3-1,3.461,"{'m1-1': 1.06, 'm2-1': 11.72, 'm3-1': 1.09, 'm4-1': 103.05, 'm5-1': 102.49, 'm6-1': 1.16, 'm7-1': 11.04, 'm8-1': 10.28}",1.6350000000000002,6.3420000000000005,7.432,inf,153.461,153.461
22,T2,BESTEFFORT,COMPLETED,m7-1,3.701,"{'m1-1': 1.04, 'm2-1': 10.32, 'm3-1': 0.97, 'm4-1': 96.69, 'm5-1': 104.79, 'm6-1': 0.98, 'm7-1': 10.16, 'm8-1': 11.6}",15.24,3.701,13.861,inf,153.701,153.701
23,T1,BESTEFFORT,COMPLETED,m8-1,3.738,"{'m1-1': 1.04, 'm2-1': 10.76, 'm3-1': 1.09, 'm4-1': 106.48, 'm5-1': 110.43, 'm6-1': 1.05, 'm7-1': 10.89, 'm8-1': 11.43}",17.145,3.738,15.168,inf,153.738,153.738
24,T2,BESTEFFORT,COMPLETED,m1-1,4.441,"{'m1-1': 1.11, 'm2-1': 10.36, 'm3-1': 1.04, 'm4-1': 109.07, 'm5-1': 95.71, 'm6-1': 1.07, 'm7-1': 10.78, 'm8-1': 10.68}",1.665,7.089999999999999,8.2,inf,154.441,154.441
25,T2,BESTEFFORT,COMPLETED,m6-1,4.686,"{'m1-1': 1.11, 'm2-1': 10.22, 'm3-1': 0.98, 'm4-1': 100.22, 'm5-1': 94.86, 'm6-1': 0.95, 'm7-1': 9.32, 'm8-1': 10.47}",1.4249999999999998,7.552,8.501999999999999,inf,154.686,154.686
26,T3,BESTEFFORT,COMPLETED,m3-1,4.714,"{'m1-1': 0.97, 'm2-1': 10.84, 'm3-1': 1.0, 'm4-1': 102.35, 'm5-1': 100.41, 'm6-1': 1.02, 'm7-1': 11.14, 'm8-1': 10.44}",1.5,7.432,8.432,inf,154.714,154.714
27,T1,BESTEFFORT,COMPLETED,m7-1,4.788,"{'m1-1': 0.97, 'm2-1': 10.04, 'm3-1': 1.14, 'm4-1': 112.16, 'm5-1': 104.41, 'm6-1': 1.08, 'm7-1': 10.42, 'm8-1': 11.2}",15.629999999999999,13.861,24.281,inf,154.788,154.788
28,T4,BESTEFFORT,COMPLETED,m2-1,4.909,"{'m1-1': 1.05, 'm2-1': 10.82, 'm3-1': 1.09, 'm4-1': 99.37, 'm5-1': 107.14, 'm6-1': 1.04, 'm7-1': 10.6, 'm8-1': 11.05}",16.23,12.755,23.575000000000003,inf,154.909,154.909
29,T1,BESTEFFORT,COMPLETED,m1-1,5.304,"{'m1-1': 1.08, 'm2-1': 11.27, 'm3-1': 1.02, 'm4-1': 106.41, 'm5-1': 105.19, 'm6-1': 1.07, 'm7-1': 9.83, 'm8-1': 10.93}",1.62,8.2,9.28,inf,155.304,155.304
30,T4,BESTEFFORT,COMPLETED,m3-1,5.836,"{'m1-1': 1.03, 'm2-1': 10.99, 'm3-1': 1.05, 'm4-1': 109.58, 'm5-1': 112.59, 'm6-1': 1.04, 'm7-1': 11.14, 'm8-1': 11.78}",1.5750000000000002,8.432,9.482000000000001,inf,155.836,155.836
31,T3,BESTEFFORT,COMPLETED,m6-1,5.984,"{'m1-1': 0.98, 'm2-1': 11.37, 'm3-1': 1.04, 'm4-1': 111.59, 'm5-1': 102.49, 'm6-1': 1.02, 'm7-1': 11.22, 'm8-1': 9.71}",1.53,8.501999999999999,9.521999999999998,inf,155.984,155.984
32,T1,BESTEFFORT,COMPLETED,m1-1,6.075,"{'m1-1': 0.96, 'm2-1': 10.04, 'm3-1': 1.02, 'm4-1': 105.77, 'm5-1': 96.08, 'm6-1': 1.08, 'm7-1': 9.46, 'm8-1': 10.59}",1.44,9.28,10.239999999999998,inf,156.075,156.075
33,T1,BESTEFFORT,COMPLETED,m8-1,6.191,"{'m1-1': 1.08, 'm2-1': 10.29, 'm3-1': 1.01, 'm4-1': 104.22, 'm5-1': 107.25, 'm6-1': 1.12, 'm7-1': 10.64, 'm8-1': 10.6}",15.899999999999999,15.168,25.768,inf,156.191,156.191
34,T3,BESTEFFORT,COMPLETED,m3-1,6.498,"{'m1-1': 1.03, 'm2-1': 11.19, 'm3-1': 1.0, 'm4-1': 94.65, 'm5-1': 98.45, 'm6-1': 1.01, 'm7-1': 10.35, 'm8-1': 10.52}",1.5,9.482000000000001,10.482000000000001,inf,156.498,156.498
35,T4,BESTEFFORT,COMPLETED,m6-1,7.519,"{'m1-1': 1.01, 'm2-1': 10.02, 'm3-1': 1.1, 'm4-1': 107.63, 'm5-1': 108.5, 'm6-1': 1.03, 'm7-1': 10.51, 'm8-1': 11.5}",1.545,9.521999999999998,10.551999999999998,inf,157.519,157.519
36,T1,BESTEFFORT,COMPLETED,m1-1,8.695,"{'m1-1': 1.03, 'm2-1': 10.46, 'm3-1': 0.98, 'm4-1': 115.95, 'm5-1': 95.08, 'm6-1': 1.16, 'm7-1': 10.78, 'm8-1': 10.86}",1.545,10.239999999999998,11.269999999999998,inf,158.695,158.695
37,T3,BESTEFFORT,COMPLETED,m3-1,8.731,"{'m1-1': 0.99, 'm2-1': 9.64, 'm3-1': 1.0, 'm4-1': 106.71, 'm5-1': 110.35, 'm6-1': 1.07, 'm7-1': 10.92, 'm8-1': 11.27}",1.5,10.482000000000001,11.482000000000001,inf,158.731,158.731
38,T3,BESTEFFORT,COMPLETED,m6-1,8.917,"{'m1-1': 1.01, 'm2-1': 10.78, 'm3-1': 1.12, 'm4-1': 105.6, 'm5-1': 97.12, 'm6-1': 1.09, 'm7-1': 9.71, 'm8-1': 11.24}",1.6350000000000002,10.551999999999998,11.641999999999998,inf,158.917,158.917
39,T2,BESTEFFORT,COMPLETED,m1-1,8.981,"{'m1-1': 1.02, 'm2-1': 10.15, 'm3-1': 1.0, 'm4-1': 94.96, 'm5-1': 110.67, 'm6-1': 1.02, 'm7-1': 9.75, 'm8-1': 11.4}",1.53,11.269999999999998,12.289999999999997,inf,158.981,158.981
40,T3,BESTEFFORT,COMPLETED,m3-1,9.149,"{'m1-1': 1.0, 'm2-1': 11.28, 'm3-1': 1.04, 'm4-1': 98.18, 'm5-1': 108.59, 'm6-1': 1.08, 'm7-1': 10.72, 'm8-1': 10.09}",1.56,11.482000000000001,12.522000000000002,inf,159.149,159.149
41,T4,BESTEFFORT,COMPLETED,m6-1,9.474,"{'m1-1': 1.01, 'm2-1': 9.58, 'm3-1': 1.12, 'm4-1': 107.94, 'm5-1': 97.25, 'm6-1': 1.14, 'm7-1': 9.72, 'm8-1': 10.0}",1.71,11.641999999999998,12.781999999999998,inf,159.474,159.474
42,T2,BESTEFFORT,COMPLETED,m1-1,9.48,"{'m1-1': 1.01, 'm2-1': 11.13, 'm3-1': 1.0, 'm4-1': 110.39, 'm5-1': 106.11, 'm6-1': 1.04, 'm7-1': 10.48, 'm8-1': 10.89}",1.5150000000000001,12.289999999999997,13.299999999999997,inf,159.48,159.48
43,T1,BESTEFFORT,COMPLETED,m3-1,9.642,"{'m1-1': 0.96, 'm2-1': 10.84, 'm3-1': 0.97, 'm4-1': 109.34, 'm5-1': 102.93, 'm6-1': 1.14, 'm7-1': 10.68, 'm8-1': 11.16}",1.455,12.522000000000002,13.492000000000003,inf,159.642,159.642
44,T2,BESTEFFORT,COMPLETED,m6-1,9.971,"{'m1-1': 1.05, 'm2-1': 10.6, 'm3-1': 1.0, 'm4-1': 99.37, 'm5-1': 108.76, 'm6-1': 1.07, 'm7-1': 10.88, 'm8-1': 11.52}",1.605,12.781999999999998,13.851999999999999,inf,159.971,159.971
45,T1,BESTEFFORT,COMPLETED,m2-1,10.194,"{'m1-1': 1.03, 'm2-1': 11.09, 'm3-1': 1.01, 'm4-1': 116.45, 'm5-1': 105.87, 'm6-1': 0.98, 'm7-1': 9.93, 'm8-1': 10.34}",16.634999999999998,23.575000000000003,34.665000000000006,inf,160.194,160.194
46,T1,BESTEFFORT,COMPLETED,m1-1,10.535,"{'m1-1': 0.96, 'm2-1': 11.02, 'm3-1': 1.02, 'm4-1': 106.89, 'm5-1': 105.12, 'm6-1': 1.03, 'm7-1': 10.92, 'm8-1': 10.87}",1.44,13.299999999999997,14.259999999999998,inf,160.535,160.535
47,T4,BESTEFFORT,COMPLETED,m3-1,10.536,"{'m1-1': 1.09, 'm2-1': 10.98, 'm3-1': 1.1, 'm4-1': 97.43, 'm5-1': 105.91, 'm6-1': 1.08, 'm7-1': 10.89, 'm8-1': 11.26}",1.6500000000000001,13.492000000000003,14.592000000000002,inf,160.536,160.536
48,T3,BESTEFFORT,COMPLETED,m6-1,10.621,"{'m1-1': 0.97, 'm2-1': 9.74, 'm3-1': 0.98, 'm4-1': 106.42, 'm5-1': 106.02, 'm6-1': 1.12, 'm7-1': 9.54, 'm8-1': 10.99}",1.6800000000000002,13.851999999999999,14.971999999999998,inf,160.621,160.621
49,T4,BESTEFFORT,COMPLETED,m7-1,10.672,"{'m1-1': 1.01, 'm2-1': 9.63, 'm3-1': 0.97, 'm4-1': 103.85, 'm5-1': 103.05, 'm6-1': 1.15, 'm7-1': 9.76, 'm8-1': 10.71}",14.64,24.281,34.041,inf,160.672,160.672
50,T3,BESTEFFORT,COMPLETED,m8-1,10.714,"{'m1-1': 1.05, 'm2-1': 9.78, 'm3-1': 1.13, 'm4-1': 111.57, 'm5-1': 105.06, 'm6-1': 1.05, 'm7-1': 11.04, 'm8-1': 9.81}",14.715,25.768,35.578,inf,160.714,160.714
51,T1,BESTEFFORT,COMPLETED,m7-1,10.715,"{'m1-1': 1.1, 'm2-1': 11.58, 'm3-1': 1.03, 'm4-1': 115.53, 'm5-1': 105.12, 'm6-1': 1.13, 'm7-1': 9.43, 'm8-1': 10.12}",14.145,34.041,43.471,inf,160.715,160.715
52,T4,BESTEFFORT,COMPLETED,m1-1,11.393,"{'m1-1': 1.17, 'm2-1': 10.72, 'm3-1': 1.02, 'm4-1': 113.02, 'm5-1': 98.21, 'm6-1': 1.1, 'm7-1': 10.37, 'm8-1': 10.5}",1.755,14.259999999999998,15.429999999999998,inf,161.393,161.393
53,T2,BESTEFFORT,COMPLETED,m3-1,11.537,"{'m1-1': 1.0, 'm2-1': 10.02, 'm3-1': 0.98, 'm4-1': 102.19, 'm5-1': 111.12, 'm6-1': 0.97, 'm7-1': 10.41, 'm8-1': 10.48}",1.47,14.592000000000002,15.572000000000003,inf,161.537,161.537
54,T2,BESTEFFORT,COMPLETED,m2-1,11.568,"{'m1-1': 1.06, 'm2-1': 9.92, 'm3-1': 1.0, 'm4-1': 101.94, 'm5-1': 110.01, 'm6-1': 1.08, 'm7-1': 9.54, 'm8-1': 10.52}",14.879999999999999,34.665000000000006,44.58500000000001,inf,161.568,161.568
55,T3,BESTEFFORT,COMPLETED,m8-1,11.619,"{'m1-1': 1.1, 'm2-1': 10.6, 'm3-1': 1.08, 'm4-1': 100.88, 'm5-1': 111.23, 'm6-1': 1.06, 'm7-1': 9.6, 'm8-1': 10.17}",15.254999999999999,35.578,45.748000000000005,inf,161.619,161.619
56,T4,BESTEFFORT,COMPLETED,m6-1,11.671,"{'m1-1': 1.05, 'm2-1': 9.68, 'm3-1': 1.0, 'm4-1': 98.08, 'm5-1': 106.92, 'm6-1': 1.16, 'm7-1': 10.75, 'm8-1': 11.28}",1.7399999999999998,14.971999999999998,16.131999999999998,inf,161.671,161.671
57,T3,BESTEFFORT,COMPLETED,m1-1,12.357,"{'m1-1': 1.15, 'm2-1': 10.37, 'm3-1': 1.13, 'm4-1': 108.14, 'm5-1': 99.16, 'm6-1': 1.01, 'm7-1': 10.55, 'm8-1': 10.4}",1.7249999999999999,15.429999999999998,16.58,inf,162.357,162.357
58,T3,BESTEFFORT,COMPLETED,m3-1,12.636,"{'m1-1': 1.03, 'm2-1': 11.02, 'm3-1': 1.1, 'm4-1': 96.92, 'm5-1': 105.53, 'm6-1': 1.09, 'm7-1': 10.22, 'm8-1': 10.17}",1.6500000000000001,15.572000000000003,16.672000000000004,inf,162.636,162.636
59,T3,BESTEFFORT,COMPLETED,m2-1,12.771,"{'m1-1': 1.15, 'm2-1': 10.11, 'm3-1': 1.06, 'm4-1': 104.66, 'm5-1': 106.61, 'm6-1': 1.01, 'm7-1': 9.76, 'm8-1': 9.77}",15.165,44.58500000000001,54.69500000000001,inf,162.77100000000002,162.77100000000002
60,T2,BESTEFFORT,COMPLETED,m6-1,12.815,"{'m1-1': 1.03, 'm2-1': 9.79, 'm3-1': 1.1, 'm4-1': 93.67, 'm5-1': 99.99, 'm6-1': 1.03, 'm7-1': 10.42, 'm8-1': 11.14}",1.545,16.131999999999998,17.162,inf,162.815,162.815
61,T4,BESTEFFORT,COMPLETED,m4-1,13.237,"{'m1-1': 1.08, 'm2-1': 10.48, 'm3-1': 0.95, 'm4-1': 113.76, 'm5-1': 103.8, 'm6-1': 1.06, 'm7-1': 9.97, 'm8-1': 10.42}",170.64000000000001,13.237,126.997,inf,163.237,163.237
62,T1,BESTEFFORT,COMPLETED,m1-1,13.307,"{'m1-1': 1.05, 'm2-1': 10.06, 'm3-1': 1.14, 'm4-1': 110.5, 'm5-1': 102.29, 'm6-1': 1.05, 'm7-1': 9.43, 'm8-1': 10.62}",1.5750000000000002,16.58,17.63,inf,163.307,163.307
63,T4,BESTEFFORT,COMPLETED,m5-1,13.373,"{'m1-1': 1.13, 'm2-1': 9.63, 'm3-1': 0.97, 'm4-1': 104.85, 'm5-1': 104.8, 'm6-1': 1.14, 'm7-1': 10.18, 'm8-1': 11.46}",157.2,13.373,118.173,inf,163.373,163.373
64,T1,BESTEFFORT,COMPLETED,m3-1,13.566,"{'m1-1': 0.98, 'm2-1': 11.1, 'm3-1': 1.09, 'm4-1': 118.17, 'm5-1': 96.9, 'm6-1': 1.09, 'm7-1': 9.76, 'm8-1': 11.06}",1.6350000000000002,16.672000000000004,17.762000000000004,inf,163.566,163.566
65,T3,BESTEFFORT,MISSED,m5-1,13.635,"{'m1-1': 1.1, 'm2-1': 10.59, 'm3-1': 0.97, 'm4-1': 99.52, 'm5-1': 102.35, 'm6-1': 1.07, 'm7-1': 10.38, 'm8-1': 10.18}",68.19299999999998,118.173,inf,163.635,163.635,163.635
66,T4,BESTEFFORT,MISSED,m4-1,13.734,"{'m1-1': 1.14, 'm2-1': 9.45, 'm3-1': 0.96, 'm4-1': 99.44, 'm5-1': 101.61, 'm6-1': 1.05, 'm7-1': 10.5, 'm8-1': 10.75}",55.10550000000001,126.997,inf,163.734,163.734,163.734
67,T1,BESTEFFORT,COMPLETED,m6-1,14.049,"{'m1-1': 0.95, 'm2-1': 11.16, 'm3-1': 1.05, 'm4-1': 115.37, 'm5-1': 108.66, 'm6-1': 1.06, 'm7-1': 9.54, 'm8-1': 10.91}",1.59,17.162,18.221999999999998,inf,164.049,164.049
68,T4,BESTEFFORT,COMPLETED,m7-1,14.118,"{'m1-1': 1.05, 'm2-1': 10.45, 'm3-1': 1.07, 'm4-1': 98.08, 'm5-1': 103.02, 'm6-1': 1.13, 'm7-1': 10.4, 'm8-1': 10.24}",15.600000000000001,43.471,53.870999999999995,inf,164.118,164.118
69,T1,BESTEFFORT,MISSED,m5-1,14.166,"{'m1-1': 0.97, 'm2-1': 10.51, 'm3-1': 1.01, 'm4-1': 104.13, 'm5-1': 100.84, 'm6-1': 1.1, 'm7-1': 10.84, 'm8-1': 10.2}",0.7965000000000089,163.635,inf,164.166,164.166,164.166
70,T4,BESTEFFORT,COMPLETED,m1-1,14.439,"{'m1-1': 1.03, 'm2-1': 10.88, 'm3-1': 0.95, 'm4-1': 101.02, 'm5-1': 109.58, 'm6-1': 1.17, 'm7-1': 9.99, 'm8-1': 11.55}",1.545,17.63,18.66,inf,164.439,164.439
71,T3,BESTEFFORT,COMPLETED,m3-1,14.748,"{'m1-1': 0.98, 'm2-1': 9.93, 'm3-1': 1.0, 'm4-1': 97.17, 'm5-1': 101.4, 'm6-1': 1.09, 'm7-1': 9.58, 'm8-1': 9.7}",1.5,17.762000000000004,18.762000000000004,inf,164.748,164.748
72,T1,BESTEFFORT,MISSED,m5-1,14.768,"{'m1-1': 1.08, 'm2-1': 11.71, 'm3-1': 1.02, 'm4-1': 106.04, 'm5-1': 109.43, 'm6-1': 1.04, 'm7-1': 11.03, 'm8-1': 11.45}",0.9030000000000058,164.166,inf,164.768,164.768,164.768
73,T2,BESTEFFORT,MISSED,m4-1,14.815,"{'m1-1': 1.1, 'm2-1': 10.94, 'm3-1': 0.98, 'm4-1': 94.08, 'm5-1': 107.05, 'm6-1': 1.02, 'm7-1': 10.41, 'm8-1': 10.2}",1.6214999999999833,163.734,inf,164.815,164.815,164.815
74,T2,BESTEFFORT,COMPLETED,m6-1,15.187,"{'m1-1': 1.05, 'm2-1': 10.74, 'm3-1': 0.96, 'm4-1': 105.56, 'm5-1': 97.31, 'm6-1': 0.96, 'm7-1': 9.63, 'm8-1': 11.46}",1.44,18.221999999999998,19.182,inf,165.187,165.187
75,T1,BESTEFFORT,COMPLETED,m8-1,15.317,"{'m1-1': 1.0, 'm2-1': 10.76, 'm3-1': 1.0, 'm4-1': 117.67, 'm5-1': 110.43, 'm6-1': 1.08, 'm7-1': 10.39, 'm8-1': 10.38}",15.57,45.748000000000005,56.12800000000001,inf,165.317,165.317
76,T2,BESTEFFORT,COMPLETED,m3-1,15.589,"{'m1-1': 0.99, 'm2-1': 9.87, 'm3-1': 1.09, 'm4-1': 95.4, 'm5-1': 98.9, 'm6-1': 1.05, 'm7-1': 10.61, 'm8-1': 11.28}",1.6350000000000002,18.762000000000004,19.852000000000004,inf,165.589,165.589
77,T1,BESTEFFORT,COMPLETED,m1-1,15.845,"{'m1-1': 1.08, 'm2-1': 11.74, 'm3-1': 1.04, 'm4-1': 116.26, 'm5-1': 95.64, 'm6-1': 1.14, 'm7-1': 10.88, 'm8-1': 10.61}",1.62,18.66,19.740000000000002,inf,165.845,165.845
78,T1,BESTEFFORT,COMPLETED,m6-1,16.135,"{'m1-1': 1.08, 'm2-1': 11.06, 'm3-1': 1.03, 'm4-1': 109.22, 'm5-1': 100.03, 'm6-1': 1.09, 'm7-1': 10.11, 'm8-1': 11.8}",1.6350000000000002,19.182,20.272,inf,166.135,166.135
79,T2,BESTEFFORT,COMPLETED,m1-1,16.635,"{'m1-1': 0.97, 'm2-1': 10.3, 'm3-1': 1.0, 'm4-1': 104.24, 'm5-1': 109.18, 'm6-1': 0.99, 'm7-1': 9.33, 'm8-1': 11.41}",1.455,19.740000000000002,20.71,inf,166.635,166.635
80,T3,BESTEFFORT,COMPLETED,m3-1,16.89,"{'m1-1': 1.07, 'm2-1': 10.35, 'm3-1': 1.04, 'm4-1': 110.45, 'm5-1': 112.7, 'm6-1': 1.12, 'm7-1': 10.62, 'm8-1': 10.08}",1.56,19.852000000000004,20.892000000000003,inf,166.89,166.89
81,T1,BESTEFFORT,MISSED,m4-1,16.991,"{'m1-1': 1.06, 'm2-1': 11.05, 'm3-1': 1.03, 'm4-1': 109.08, 'm5-1': 107.21, 'm6-1': 1.03, 'm7-1': 9.72, 'm8-1': 10.47}",3.2639999999999816,164.815,inf,166.99099999999999,166.99099999999999,166.99099999999999
82,T4,BESTEFFORT,COMPLETED,m6-1,16.998,"{'m1-1': 1.06, 'm2-1': 9.86, 'm3-1': 0.98, 'm4-1': 109.61, 'm5-1': 101.16, 'm6-1': 1.04, 'm7-1': 9.61, 'm8-1': 10.29}",1.56,20.272,21.311999999999998,inf,166.998,166.998
83,T4,BESTEFFORT,COMPLETED,m1-1,17.348,"{'m1-1': 1.13, 'm2-1': 10.44, 'm3-1': 0.96, 'm4-1': 113.83, 'm5-1': 104.86, 'm6-1': 1.11, 'm7-1': 9.65, 'm8-1': 11.62}",1.6949999999999998,20.71,21.84,inf,167.348,167.348
84,T2,BESTEFFORT,COMPLETED,m3-1,17.44,"{'m1-1': 0.97, 'm2-1': 10.49, 'm3-1': 1.02, 'm4-1': 98.84, 'm5-1': 109.45, 'm6-1': 1.02, 'm7-1': 10.09, 'm8-1': 10.18}",1.53,20.892000000000003,21.912000000000003,inf,167.44,167.44
85,T1,BESTEFFORT,COMPLETED,m1-1,18.025,"{'m1-1': 1.0, 'm2-1': 11.33, 'm3-1': 0.96, 'm4-1': 108.67, 'm5-1': 107.51, 'm6-1': 1.01, 'm7-1': 10.77, 'm8-1': 11.06}",1.5,21.84,22.84,inf,168.025,168.025
86,T1,BESTEFFORT,COMPLETED,m6-1,18.093,"{'m1-1': 0.96, 'm2-1': 11.67, 'm3-1': 1.01, 'm4-1': 110.79, 'm5-1': 95.64, 'm6-1': 1.04, 'm7-1': 9.7, 'm8-1': 10.93}",1.56,21.311999999999998,22.351999999999997,inf,168.093,168.093
87,T1,BESTEFFORT,COMPLETED,m3-1,18.111,"{'m1-1': 0.96, 'm2-1': 10.77, 'm3-1': 1.0, 'm4-1': 105.29, 'm5-1': 96.74, 'm6-1': 1.09, 'm7-1': 10.64, 'm8-1': 10.46}",1.5,21.912000000000003,22.912000000000003,inf,168.111,168.111
88,T2,BESTEFFORT,COMPLETED,m6-1,18.232,"{'m1-1': 1.03, 'm2-1': 10.42, 'm3-1': 0.95, 'm4-1': 107.3, 'm5-1': 98.28, 'm6-1': 1.06, 'm7-1': 11.01, 'm8-1': 10.63}",1.59,22.351999999999997,23.411999999999995,inf,168.232,168.232
89,T4,BESTEFFORT,COMPLETED,m1-1,18.628,"{'m1-1': 1.01, 'm2-1': 10.28, 'm3-1': 1.02, 'm4-1': 99.7, 'm5-1': 109.62, 'm6-1': 1.07, 'm7-1': 9.52, 'm8-1': 10.84}",1.5150000000000001,22.84,23.85,inf,168.628,168.628
90,T3,BESTEFFORT,COMPLETED,m3-1,18.885,"{'m1-1': 1.05, 'm2-1': 11.25, 'm3-1': 1.07, 'm4-1': 101.37, 'm5-1': 99.3, 'm6-1': 1.11, 'm7-1': 9.87, 'm8-1': 11.43}",1.605,22.912000000000003,23.982000000000003,inf,168.885,168.885
91,T2,BESTEFFORT,COMPLETED,m1-1,19.07,"{'m1-1': 1.1, 'm2-1': 9.89, 'm3-1': 1.08, 'm4-1': 97.86, 'm5-1': 108.43, 'm6-1': 1.05, 'm7-1': 10.04, 'm8-1': 11.06}",1.6500000000000001,23.85,24.950000000000003,inf,169.07,169.07
92,T3,BESTEFFORT,COMPLETED,m6-1,19.213,"{'m1-1': 1.06, 'm2-1': 10.69, 'm3-1': 1.0, 'm4-1': 110.52, 'm5-1': 101.73, 'm6-1': 1.08, 'm7-1': 10.38, 'm8-1': 9.84}",1.62,23.411999999999995,24.491999999999997,inf,169.213,169.213
93,T2,BESTEFFORT,COMPLETED,m3-1,19.307,"{'m1-1': 1.11, 'm2-1': 9.67, 'm3-1': 0.95, 'm4-1': 101.28, 'm5-1': 97.07, 'm6-1': 1.03, 'm7-1': 9.69, 'm8-1': 11.35}",1.4249999999999998,23.982000000000003,24.932000000000002,inf,169.307,169.307
94,T3,BESTEFFORT,COMPLETED,m6-1,19.413,"{'m1-1': 1.08, 'm2-1': 9.64, 'm3-1': 0.97, 'm4-1': 100.47, 'm5-1': 103.75, 'm6-1': 1.05, 'm7-1': 9.57, 'm8-1': 11.44}",1.5750000000000002,24.491999999999997,25.541999999999998,inf,169.413,169.413
95,T1,BESTEFFORT,COMPLETED,m1-1,19.437,"{'m1-1': 0.93, 'm2-1': 10.42, 'm3-1': 1.13, 'm4-1': 118.28, 'm5-1': 97.96, 'm6-1': 1.07, 'm7-1': 10.65, 'm8-1': 10.97}",1.395,24.950000000000003,25.880000000000003,inf,169.437,169.437
96,T3,BESTEFFORT,COMPLETED,m3-1,19.576,"{'m1-1': 1.07, 'm2-1': 10.81, 'm3-1': 1.0, 'm4-1': 96.03, 'm5-1': 101.55, 'm6-1': 1.15, 'm7-1': 10.77, 'm8-1': 10.13}",1.5,24.932000000000002,25.932000000000002,inf,169.576,169.576
97,T4,BESTEFFORT,COMPLETED,m6-1,19.757,"{'m1-1': 1.18, 'm2-1': 11.08, 'm3-1': 0.97, 'm4-1': 108.54, 'm5-1': 112.38, 'm6-1': 1.12, 'm7-1': 9.96, 'm8-1': 11.39}",1.6800000000000002,25.541999999999998,26.662,inf,169.757,169.757
98,T1,BESTEFFORT,COMPLETED,m1-1,20.057,"{'m1-1': 1.04, 'm2-1': 11.1, 'm3-1': 1.0, 'm4-1': 105.82, 'm5-1': 95.78, 'm6-1': 0.99, 'm7-1': 9.91, 'm8-1': 11.1}",1.56,25.880000000000003,26.92,inf,170.057,170.057
99,T3,BESTEFFORT,COMPLETED,m3-1,20.304,"{'m1-1': 0.97, 'm2-1': 10.37, 'm3-1': 1.06, 'm4-1': 95.09, 'm5-1': 106.62, 'm6-1': 1.0, 'm7-1': 10.41, 'm8-1': 11.28}",1.59,25.932000000000002,26.992,inf,170.304,170.304
100,T4,BESTEFFORT,COMPLETED,m6-1,20.93,"{'m1-1': 1.15, 'm2-1': 9.76, 'm3-1': 1.1, 'm4-1': 98.44, 'm5-1': 106.29, 'm6-1': 1.04, 'm7-1': 9.74, 'm8-1': 11.58}",1.56,26.662,27.701999999999998,inf,170.93,170.93
101,T4,BESTEFFORT,COMPLETED,m2-1,22.072,"{'m1-1': 1.01, 'm2-1': 10.51, 'm3-1': 0.99, 'm4-1': 98.36, 'm5-1': 106.41, 'm6-1': 1.11, 'm7-1': 10.63, 'm8-1': 10.05}",15.765,54.69500000000001,65.20500000000001,inf,172.072,172.072
102,T3,BESTEFFORT,COMPLETED,m1-1,22.497,"{'m1-1': 1.02, 'm2-1': 9.68, 'm3-1': 0.99, 'm4-1': 100.62, 'm5-1': 95.9, 'm6-1': 1.09, 'm7-1': 10.46, 'm8-1': 11.24}",1.53,26.92,27.94,inf,172.497,172.497
103,T1,BESTEFFORT,COMPLETED,m3-1,22.677,"{'m1-1': 0.97, 'm2-1': 11.62, 'm3-1': 1.08, 'm4-1': 104.64, 'm5-1': 96.75, 'm6-1': 1.04, 'm7-1': 10.73, 'm8-1': 10.52}",1.62,26.992,28.072000000000003,inf,172.677,172.677
104,T4,BESTEFFORT,COMPLETED,m7-1,22.967,"{'m1-1': 1.11, 'm2-1': 10.44, 'm3-1': 1.04, 'm4-1': 108.92, 'm5-1': 105.96, 'm6-1': 1.16, 'm7-1': 10.57, 'm8-1': 10.69}",15.855,53.870999999999995,64.441,inf,172.96699999999998,172.96699999999998
105,T4,BESTEFFORT,COMPLETED,m6-1,23.133,"{'m1-1': 1.14, 'm2-1': 9.84, 'm3-1': 0.96, 'm4-1': 100.27, 'm5-1': 96.49, 'm6-1': 1.14, 'm7-1': 10.62, 'm8-1': 11.64}",1.71,27.701999999999998,28.842,inf,173.133,173.133
106,T3,BESTEFFORT,COMPLETED,m3-1,23.284,"{'m1-1': 1.0, 'm2-1': 10.34, 'm3-1': 0.96, 'm4-1': 94.94, 'm5-1': 95.57, 'm6-1': 1.03, 'm7-1': 10.85, 'm8-1': 11.24}",1.44,28.072000000000003,29.032000000000004,inf,173.284,173.284
107,T1,BESTEFFORT,COMPLETED,m1-1,23.423,"{'m1-1': 0.98, 'm2-1': 11.04, 'm3-1': 1.11, 'm4-1': 116.62, 'm5-1': 105.65, 'm6-1': 1.02, 'm7-1': 9.86, 'm8-1': 11.39}",1.47,27.94,28.92,inf,173.423,173.423
108,T4,BESTEFFORT,COMPLETED,m1-1,23.557,"{'m1-1': 1.04, 'm2-1': 9.46, 'm3-1': 0.94, 'm4-1': 107.76, 'm5-1': 100.38, 'm6-1': 1.01, 'm7-1': 9.56, 'm8-1': 11.43}",1.56,28.92,29.96,inf,173.557,173.557
109,T2,BESTEFFORT,COMPLETED,m8-1,23.616,"{'m1-1': 1.02, 'm2-1': 10.97, 'm3-1': 0.97, 'm4-1': 109.22, 'm5-1': 110.76, 'm6-1': 1.05, 'm7-1': 10.43, 'm8-1': 11.1}",16.65,56.12800000000001,67.22800000000001,inf,173.61599999999999,173.61599999999999
110,T1,BESTEFFORT,COMPLETED,m6-1,23.672,"{'m1-1': 0.94, 'm2-1': 10.0, 'm3-1': 1.04, 'm4-1': 102.06, 'm5-1': 100.64, 'm6-1': 1.12, 'm7-1': 10.3, 'm8-1': 10.23}",1.6800000000000002,28.842,29.962,inf,173.672,173.672
111,T1,BESTEFFORT,COMPLETED,m3-1,24.142,"{'m1-1': 0.94, 'm2-1': 11.18, 'm3-1': 1.14, 'm4-1': 104.49, 'm5-1': 96.57, 'm6-1': 1.06, 'm7-1': 9.44, 'm8-1': 11.73}",1.71,29.032000000000004,30.172000000000004,inf,174.142,174.142
112,T2,BESTEFFORT,COMPLETED,m6-1,24.448,"{'m1-1': 0.98, 'm2-1': 10.17, 'm3-1': 1.11, 'm4-1': 95.74, 'm5-1': 95.38, 'm6-1': 0.97, 'm7-1': 11.02, 'm8-1': 10.63}",1.455,29.962,30.932,inf,174.448,174.448
113,T4,BESTEFFORT,COMPLETED,m1-1,24.812,"{'m1-1': 1.06, 'm2-1': 9.71, 'm3-1': 1.0, 'm4-1': 102.6, 'm5-1': 107.26, 'm6-1': 0.99, 'm7-1': 10.27, 'm8-1': 11.67}",1.59,29.96,31.02,inf,174.812,174.812
114,T1,BESTEFFORT,COMPLETED,m3-1,25.5,"{'m1-1': 1.06, 'm2-1': 10.88, 'm3-1': 1.09, 'm4-1': 114.25, 'm5-1': 107.53, 'm6-1': 1.01, 'm7-1': 11.07, 'm8-1': 11.6}",1.6350000000000002,30.172000000000004,31.262000000000004,inf,175.5,175.5
115,T4,BESTEFFORT,COMPLETED,m6-1,25.506,"{'m1-1': 1.18, 'm2-1': 9.94, 'm3-1': 1.07, 'm4-1': 107.48, 'm5-1': 97.17, 'm6-1': 1.09, 'm7-1': 10.64, 'm8-1': 10.5}",1.6350000000000002,30.932,32.022,inf,175.506,175.506
116,T3,BESTEFFORT,COMPLETED,m1-1,25.63,"{'m1-1': 1.03, 'm2-1': 9.62, 'm3-1': 1.01, 'm4-1': 97.09, 'm5-1': 98.81, 'm6-1': 1.11, 'm7-1': 10.13, 'm8-1': 11.03}",1.545,31.02,32.05,inf,175.63,175.63
117,T3,BESTEFFORT,COMPLETED,m3-1,25.727,"{'m1-1': 1.13, 'm2-1': 10.35, 'm3-1': 1.0, 'm4-1': 100.4, 'm5-1': 95.39, 'm6-1': 1.02, 'm7-1': 11.08, 'm8-1': 9.88}",1.5,31.262000000000004,32.262,inf,175.727,175.727
118,T2,BESTEFFORT,COMPLETED,m6-1,26.089,"{'m1-1': 1.04, 'm2-1': 9.79, 'm3-1': 0.96, 'm4-1': 104.45, 'm5-1': 106.1, 'm6-1': 0.96, 'm7-1': 9.45, 'm8-1': 10.65}",1.44,32.022,32.982,inf,176.089,176.089
119,T1,BESTEFFORT,COMPLETED,m1-1,26.121,"{'m1-1': 1.05, 'm2-1': 10.05, 'm3-1': 1.05, 'm4-1': 105.09, 'm5-1': 95.87, 'm6-1': 1.07, 'm7-1': 10.44, 'm8-1': 11.89}",1.5750000000000002,32.05,33.099999999999994,inf,176.121,176.121
120,T1,BESTEFFORT,COMPLETED,m3-1,26.272,"{'m1-1': 1.01, 'm2-1': 10.37, 'm3-1': 1.08, 'm4-1': 105.74, 'm5-1': 99.15, 'm6-1': 1.1, 'm7-1': 10.8, 'm8-1': 11.8}",1.62,32.262,33.342,inf,176.272,176.272
121,T4,BESTEFFORT,COMPLETED,m1-1,27.025,"{'m1-1': 1.07, 'm2-1': 11.1, 'm3-1': 1.0, 'm4-1': 103.63, 'm5-1': 109.77, 'm6-1': 0.99, 'm7-1': 10.03, 'm8-1': 10.03}",1.605,33.099999999999994,34.169999999999995,inf,177.025,177.025
122,T3,BESTEFFORT,COMPLETED,m6-1,27.157,"{'m1-1': 1.06, 'm2-1': 10.79, 'm3-1': 1.1, 'm4-1': 105.9, 'm5-1': 110.45, 'm6-1': 1.09, 'm7-1': 10.47, 'm8-1': 10.81}",1.6350000000000002,32.982,34.072,inf,177.157,177.157
123,T4,BESTEFFORT,COMPLETED,m3-1,27.29,"{'m1-1': 1.04, 'm2-1': 10.25, 'm3-1': 0.99, 'm4-1': 112.65, 'm5-1': 99.34, 'm6-1': 0.99, 'm7-1': 10.79, 'm8-1': 10.61}",1.4849999999999999,33.342,34.332,inf,177.29,177.29
124,T4,BESTEFFORT,COMPLETED,m6-1,27.346,"{'m1-1': 1.13, 'm2-1': 10.86, 'm3-1': 1.0, 'm4-1': 102.85, 'm5-1': 109.22, 'm6-1': 1.14, 'm7-1': 9.62, 'm8-1': 10.1}",1.71,34.072,35.212,inf,177.346,177.346
125,T4,BESTEFFORT,COMPLETED,m1-1,27.477,"{'m1-1': 1.18, 'm2-1': 10.07, 'm3-1': 1.02, 'm4-1': 104.99, 'm5-1': 96.81, 'm6-1': 1.16, 'm7-1': 11.02, 'm8-1': 11.29}",1.77,34.169999999999995,35.349999999999994,inf,177.477,177.477
126,T1,BESTEFFORT,COMPLETED,m3-1,27.604,"{'m1-1': 1.02, 'm2-1': 11.74, 'm3-1': 1.11, 'm4-1': 116.19, 'm5-1': 110.86, 'm6-1': 1.04, 'm7-1': 11.07, 'm8-1': 11.19}",1.665,34.332,35.442,inf,177.60399999999998,177.60399999999998
127,T4,BESTEFFORT,COMPLETED,m6-1,27.647,"{'m1-1': 1.03, 'm2-1': 9.88, 'm3-1': 0.98, 'm4-1': 108.38, 'm5-1': 104.14, 'm6-1': 1.04, 'm7-1': 10.26, 'm8-1': 10.72}",1.56,35.212,36.252,inf,177.647,177.647
128,T1,BESTEFFORT,COMPLETED,m1-1,27.807,"{'m1-1': 1.04, 'm2-1': 11.15, 'm3-1': 0.98, 'm4-1': 117.18, 'm5-1': 98.77, 'm6-1': 1.0, 'm7-1': 9.49, 'm8-1': 10.35}",1.56,35.349999999999994,36.38999999999999,inf,177.807,177.807
129,T3,BESTEFFORT,COMPLETED,m3-1,28.193,"{'m1-1': 1.01, 'm2-1': 9.98, 'm3-1': 1.09, 'm4-1': 104.75, 'm5-1': 105.72, 'm6-1': 1.1, 'm7-1': 9.57, 'm8-1': 11.32}",1.6350000000000002,35.442,36.532000000000004,inf,178.193,178.193
130,T3,BESTEFFORT,COMPLETED,m6-1,28.228,"{'m1-1': 1.03, 'm2-1': 10.26, 'm3-1': 1.1, 'm4-1': 110.74, 'm5-1': 104.89, 'm6-1': 1.02, 'm7-1': 9.49, 'm8-1': 10.03}",1.53,36.252,37.272000000000006,inf,178.228,178.228
131,T1,BESTEFFORT,COMPLETED,m1-1,28.688,"{'m1-1': 1.06, 'm2-1': 11.06, 'm3-1': 1.02, 'm4-1': 109.32, 'm5-1': 97.3, 'm6-1': 1.1, 'm7-1': 10.36, 'm8-1': 11.91}",1.59,36.38999999999999,37.449999999999996,inf,178.688,178.688
132,T3,BESTEFFORT,COMPLETED,m3-1,28.858,"{'m1-1': 1.0, 'm2-1': 9.92, 'm3-1': 1.03, 'm4-1': 101.88, 'm5-1': 100.62, 'm6-1': 1.03, 'm7-1': 11.09, 'm8-1': 11.03}",1.545,36.532000000000004,37.562000000000005,inf,178.858,178.858
133,T1,BESTEFFORT,COMPLETED,m7-1,28.937,"{'m1-1': 1.08, 'm2-1': 11.54, 'm3-1': 0.98, 'm4-1': 114.37, 'm5-1': 94.67, 'm6-1': 1.07, 'm7-1': 9.54, 'm8-1': 11.35}",14.309999999999999,64.441,73.981,inf,178.937,178.937
134,T1,BESTEFFORT,COMPLETED,m6-1,29.374,"{'m1-1': 1.01, 'm2-1': 10.35, 'm3-1': 1.09, 'm4-1': 111.03, 'm5-1': 101.21, 'm6-1': 1.07, 'm7-1': 10.8, 'm8-1': 10.33}",1.605,37.272000000000006,38.342000000000006,inf,179.374,179.374
135,T1,BESTEFFORT,COMPLETED,m3-1,29.842,"{'m1-1': 0.97, 'm2-1': 10.13, 'm3-1': 1.12, 'm4-1': 109.19, 'm5-1': 96.66, 'm6-1': 1.04, 'm7-1': 9.56, 'm8-1': 11.17}",1.6800000000000002,37.562000000000005,38.682,inf,179.84199999999998,179.84199999999998
136,T3,BESTEFFORT,COMPLETED,m2-1,29.884,"{'m1-1': 1.05, 'm2-1': 10.14, 'm3-1': 1.07, 'm4-1': 107.91, 'm5-1': 101.42, 'm6-1': 0.99, 'm7-1': 10.44, 'm8-1': 10.36}",15.21,65.20500000000001,75.34500000000001,inf,179.88400000000001,179.88400000000001
137,T3,BESTEFFORT,COMPLETED,m1-1,29.899,"{'m1-1': 0.99, 'm2-1': 10.28, 'm3-1': 1.01, 'm4-1': 95.41, 'm5-1': 107.88, 'm6-1': 1.02, 'm7-1': 10.24, 'm8-1': 10.66}",1.4849999999999999,37.449999999999996,38.44,inf,179.899,179.899
138,T3,BESTEFFORT,COMPLETED,m6-1,30.021,"{'m1-1': 1.01, 'm2-1': 9.87, 'm3-1': 1.07, 'm4-1': 98.38, 'm5-1': 112.02, 'm6-1': 1.13, 'm7-1': 10.7, 'm8-1': 10.96}",1.6949999999999998,38.342000000000006,39.47200000000001,inf,180.02100000000002,180.02100000000002
139,T3,BESTEFFORT,COMPLETED,m1-1,30.145,"{'m1-1': 1.11, 'm2-1': 10.32, 'm3-1': 1.05, 'm4-1': 99.05, 'm5-1': 105.24, 'm6-1': 1.09, 'm7-1': 9.81, 'm8-1': 9.63}",1.665,38.44,39.55,inf,180.145,180.145
140,T4,BESTEFFORT,COMPLETED,m6-1,30.445,"{'m1-1': 1.02, 'm2-1': 10.82, 'm3-1': 0.98, 'm4-1': 114.47, 'm5-1': 110.47, 'm6-1': 1.03, 'm7-1': 9.64, 'm8-1': 10.55}",1.545,39.47200000000001,40.50200000000001,inf,180.445,180.445
141,T1,BESTEFFORT,COMPLETED,m8-1,30.495,"{'m1-1': 0.94, 'm2-1': 11.32, 'm3-1': 1.05, 'm4-1': 114.49, 'm5-1': 106.0, 'm6-1': 1.15, 'm7-1': 11.04, 'm8-1': 11.63}",17.445,67.22800000000001,78.858,inf,180.495,180.495
142,T1,BESTEFFORT,COMPLETED,m3-1,30.495,"{'m1-1': 0.95, 'm2-1': 10.23, 'm3-1': 0.97, 'm4-1': 109.71, 'm5-1': 101.22, 'm6-1': 1.16, 'm7-1': 9.49, 'm8-1': 10.73}",1.455,38.682,39.652,inf,180.495,180.495
143,T3,BESTEFFORT,COMPLETED,m1-1,31.019,"{'m1-1': 1.05, 'm2-1': 11.12, 'm3-1': 1.12, 'm4-1': 109.62, 'm5-1': 105.13, 'm6-1': 0.98, 'm7-1': 10.43, 'm8-1': 10.81}",1.5750000000000002,39.55,40.599999999999994,inf,181.019,181.019
144,T2,BESTEFFORT,COMPLETED,m3-1,31.247,"{'m1-1': 1.07, 'm2-1': 10.78, 'm3-1': 1.02, 'm4-1': 107.56, 'm5-1': 99.33, 'm6-1': 1.0, 'm7-1': 10.79, 'm8-1': 10.86}",1.53,39.652,40.672000000000004,inf,181.247,181.247
145,T1,BESTEFFORT,COMPLETED,m6-1,32.142,"{'m1-1': 1.02, 'm2-1': 11.17, 'm3-1': 1.06, 'm4-1': 107.2, 'm5-1': 111.88, 'm6-1': 1.14, 'm7-1': 10.77, 'm8-1': 11.08}",1.71,40.50200000000001,41.64200000000001,inf,182.142,182.142
146,T1,BESTEFFORT,COMPLETED,m1-1,32.231,"{'m1-1': 1.05, 'm2-1': 10.71, 'm3-1': 0.96, 'm4-1': 113.52, 'm5-1': 105.52, 'm6-1': 1.07, 'm7-1': 9.6, 'm8-1': 11.86}",1.5750000000000002,40.599999999999994,41.64999999999999,inf,182.231,182.231
147,T1,BESTEFFORT,COMPLETED,m3-1,32.528,"{'m1-1': 1.07, 'm2-1': 10.72, 'm3-1': 1.02, 'm4-1': 113.48, 'm5-1': 111.53, 'm6-1': 1.14, 'm7-1': 9.57, 'm8-1': 11.74}",1.53,40.672000000000004,41.69200000000001,inf,182.528,182.528
148,T1,BESTEFFORT,COMPLETED,m6-1,32.848,"{'m1-1': 0.93, 'm2-1': 10.7, 'm3-1': 0.99, 'm4-1': 109.37, 'm5-1': 111.21, 'm6-1': 1.12, 'm7-1': 10.65, 'm8-1': 11.85}",1.6800000000000002,41.64200000000001,42.76200000000001,inf,182.848,182.848
149,T3,BESTEFFORT,COMPLETED,m1-1,32.934,"{'m1-1': 1.15, 'm2-1': 11.23, 'm3-1': 1.04, 'm4-1': 105.34, 'm5-1': 96.78, 'm6-1': 1.02, 'm7-1': 10.52, 'm8-1': 10.17}",1.7249999999999999,41.64999999999999,42.79999999999999,inf,182.934,182.934
150,T4,BESTEFFORT,COMPLETED,m3-1,33.408,"{'m1-1': 1.16, 'm2-1': 9.94, 'm3-1': 0.95, 'm4-1': 110.67, 'm5-1': 103.77, 'm6-1': 1.09, 'm7-1': 10.82, 'm8-1': 11.5}",1.4249999999999998,41.69200000000001,42.64200000000001,inf,183.40800000000002,183.40800000000002
151,T2,BESTEFFORT,COMPLETED,m6-1,33.464,"{'m1-1': 1.07, 'm2-1': 10.59, 'm3-1': 1.09, 'm4-1': 95.44, 'm5-1': 97.73, 'm6-1': 0.93, 'm7-1': 10.42, 'm8-1': 10.66}",1.395,42.76200000000001,43.69200000000001,inf,183.464,183.464
152,T3,BESTEFFORT,COMPLETED,m1-1,34.028,"{'m1-1': 1.0, 'm2-1': 11.36, 'm3-1': 0.97, 'm4-1': 97.13, 'm5-1': 95.9, 'm6-1': 0.98, 'm7-1': 10.98, 'm8-1': 9.81}",1.5,42.79999999999999,43.79999999999999,inf,184.028,184.028
153,T4,BESTEFFORT,COMPLETED,m3-1,34.493,"{'m1-1': 1.11, 'm2-1': 10.88, 'm3-1': 1.0, 'm4-1': 107.84, 'm5-1': 101.39, 'm6-1': 1.16, 'm7-1': 9.7, 'm8-1': 11.06}",1.5,42.64200000000001,43.64200000000001,inf,184.493,184.493
154,T2,BESTEFFORT,COMPLETED,m1-1,34.648,"{'m1-1': 1.13, 'm2-1': 10.49, 'm3-1': 1.11, 'm4-1': 109.65, 'm5-1': 107.93, 'm6-1': 1.01, 'm7-1': 10.46, 'm8-1': 11.59}",1.6949999999999998,43.79999999999999,44.92999999999999,inf,184.648,184.648
155,T3,BESTEFFORT,COMPLETED,m6-1,34.695,"{'m1-1': 1.07, 'm2-1': 9.8, 'm3-1': 1.06, 'm4-1': 111.63, 'm5-1': 100.05, 'm6-1': 1.02, 'm7-1': 10.59, 'm8-1': 9.9}",1.53,43.69200000000001,44.71200000000001,inf,184.695,184.695
156,T3,BESTEFFORT,COMPLETED,m3-1,35.117,"{'m1-1': 1.06, 'm2-1': 9.81, 'm3-1': 1.03, 'm4-1': 101.65, 'm5-1': 104.59, 'm6-1': 1.0, 'm7-1': 11.12, 'm8-1': 10.77}",1.545,43.64200000000001,44.67200000000001,inf,185.117,185.117
157,T2,BESTEFFORT,COMPLETED,m6-1,35.387,"{'m1-1': 0.98, 'm2-1': 9.93, 'm3-1': 0.96, 'm4-1': 98.21, 'm5-1': 96.45, 'm6-1': 1.1, 'm7-1': 10.21, 'm8-1': 11.02}",1.6500000000000001,44.71200000000001,45.81200000000001,inf,185.387,185.387
158,T1,BESTEFFORT,COMPLETED,m1-1,35.555,"{'m1-1': 1.04, 'm2-1': 10.39, 'm3-1': 1.01, 'm4-1': 114.82, 'm5-1': 111.57, 'm6-1': 1.16, 'm7-1': 9.46, 'm8-1': 11.09}",1.56,44.92999999999999,45.96999999999999,inf,185.555,185.555
159,T4,BESTEFFORT,COMPLETED,m3-1,35.714,"{'m1-1': 1.08, 'm2-1': 9.45, 'm3-1': 1.05, 'm4-1': 100.82, 'm5-1': 98.13, 'm6-1': 1.03, 'm7-1': 10.93, 'm8-1': 10.82}",1.5750000000000002,44.67200000000001,45.72200000000001,inf,185.714,185.714
160,T4,BESTEFFORT,COMPLETED,m3-1,35.938,"{'m1-1': 1.11, 'm2-1': 11.1, 'm3-1': 1.1, 'm4-1': 114.2, 'm5-1': 104.8, 'm6-1': 1.16, 'm7-1': 9.66, 'm8-1': 10.63}",1.6500000000000001,45.72200000000001,46.82200000000001,inf,185.938,185.938
161,T2,BESTEFFORT,COMPLETED,m6-1,36.084,"{'m1-1': 0.97, 'm2-1': 9.69, 'm3-1': 1.09, 'm4-1': 104.26, 'm5-1': 110.5, 'm6-1': 1.01, 'm7-1': 10.55, 'm8-1': 10.39}",1.5150000000000001,45.81200000000001,46.82200000000001,inf,186.084,186.084
162,T1,BESTEFFORT,COMPLETED,m1-1,36.547,"{'m1-1': 0.96, 'm2-1': 11.55, 'm3-1': 1.11, 'm4-1': 106.93, 'm5-1': 107.07, 'm6-1': 1.07, 'm7-1': 9.69, 'm8-1': 11.76}",1.44,45.96999999999999,46.92999999999999,inf,186.547,186.547
163,T2,BESTEFFORT,COMPLETED,m7-1,36.784,"{'m1-1': 1.0, 'm2-1': 10.32, 'm3-1': 1.0, 'm4-1': 103.87, 'm5-1': 94.32, 'm6-1': 1.04, 'm7-1': 9.39, 'm8-1': 11.4}",14.085,73.981,83.371,inf,186.784,186.784
164,T2,BESTEFFORT,COMPLETED,m3-1,37.053,"{'m1-1': 1.02, 'm2-1': 10.17, 'm3-1': 1.11, 'm4-1': 94.77, 'm5-1': 103.99, 'm6-1': 0.97, 'm7-1': 9.72, 'm8-1': 11.54}",1.665,46.82200000000001,47.93200000000001,inf,187.053,187.053
165,T3,BESTEFFORT,COMPLETED,m6-1,37.406,"{'m1-1': 1.15, 'm2-1': 9.93, 'm3-1': 1.01, 'm4-1': 100.2, 'm5-1': 107.16, 'm6-1': 1.05, 'm7-1': 10.66, 'm8-1': 10.66}",1.5750000000000002,46.82200000000001,47.87200000000001,inf,187.406,187.406
166,T4,BESTEFFORT,COMPLETED,m1-1,37.677,"{'m1-1': 1.1, 'm2-1': 10.81, 'm3-1': 1.08, 'm4-1': 103.39, 'm5-1': 110.47, 'm6-1': 0.99, 'm7-1': 10.33, 'm8-1': 11.32}",1.6500000000000001,46.92999999999999,48.029999999999994,inf,187.677,187.677
167,T1,BESTEFFORT,COMPLETED,m3-1,38.251,"{'m1-1': 1.0, 'm2-1': 11.72, 'm3-1': 1.07, 'm4-1': 107.56, 'm5-1': 97.18, 'm6-1': 1.16, 'm7-1': 9.78, 'm8-1': 11.12}",1.605,47.93200000000001,49.00200000000001,inf,188.251,188.251
168,T1,BESTEFFORT,COMPLETED,m2-1,38.614,"{'m1-1': 1.05, 'm2-1': 11.54, 'm3-1': 1.1, 'm4-1': 105.02, 'm5-1': 102.16, 'm6-1': 1.16, 'm7-1': 10.89, 'm8-1': 11.0}",17.31,75.34500000000001,86.88500000000002,inf,188.614,188.614
169,T4,BESTEFFORT,COMPLETED,m6-1,38.72,"{'m1-1': 1.14, 'm2-1': 10.39, 'm3-1': 0.99, 'm4-1': 113.9, 'm5-1': 106.52, 'm6-1': 1.1, 'm7-1': 10.39, 'm8-1': 10.9}",1.6500000000000001,47.87200000000001,48.97200000000001,inf,188.72,188.72
170,T2,BESTEFFORT,COMPLETED,m1-1,40.049,"{'m1-1': 1.02, 'm2-1': 11.21, 'm3-1': 0.97, 'm4-1': 96.61, 'm5-1': 98.86, 'm6-1': 1.07, 'm7-1': 9.64, 'm8-1': 10.65}",1.53,48.029999999999994,49.05,inf,190.049,190.049
171,T1,BESTEFFORT,COMPLETED,m3-1,40.368,"{'m1-1': 1.04, 'm2-1': 11.84, 'm3-1': 1.01, 'm4-1': 105.53, 'm5-1': 99.34, 'm6-1': 1.14, 'm7-1': 10.47, 'm8-1': 10.43}",1.5150000000000001,49.00200000000001,50.01200000000001,inf,190.368,190.368
172,T4,BESTEFFORT,COMPLETED,m6-1,40.879,"{'m1-1': 1.02, 'm2-1': 9.98, 'm3-1': 1.0, 'm4-1': 107.87, 'm5-1': 107.55, 'm6-1': 1.07, 'm7-1': 10.5, 'm8-1': 10.86}",1.605,48.97200000000001,50.04200000000001,inf,190.879,190.879
173,T1,BESTEFFORT,COMPLETED,m1-1,41.458,"{'m1-1': 1.09, 'm2-1': 11.02, 'm3-1': 1.03, 'm4-1': 109.69, 'm5-1': 101.68, 'm6-1': 1.11, 'm7-1': 10.9, 'm8-1': 10.96}",1.6350000000000002,49.05,50.14,inf,191.458,191.458
174,T2,BESTEFFORT,COMPLETED,m3-1,41.514,"{'m1-1': 1.12, 'm2-1': 11.34, 'm3-1': 0.97, 'm4-1': 97.9, 'm5-1': 97.92, 'm6-1': 1.07, 'm7-1': 9.42, 'm8-1': 10.62}",1.455,50.01200000000001,50.982000000000006,inf,191.514,191.514
175,T1,BESTEFFORT,COMPLETED,m8-1,41.529,"{'m1-1': 0.96, 'm2-1': 10.29, 'm3-1': 1.12, 'm4-1': 102.01, 'm5-1': 98.33, 'm6-1': 1.08, 'm7-1': 11.15, 'm8-1': 10.16}",15.24,78.858,89.018,inf,191.529,191.529
176,T3,BESTEFFORT,COMPLETED,m1-1,41.865,"{'m1-1': 1.09, 'm2-1': 10.5, 'm3-1': 1.04, 'm4-1': 107.76, 'm5-1': 111.82, 'm6-1': 1.09, 'm7-1': 10.12, 'm8-1': 10.14}",1.6350000000000002,50.14,51.230000000000004,inf,191.865,191.865
177,T4,BESTEFFORT,COMPLETED,m6-1,41.964,"{'m1-1': 1.11, 'm2-1': 9.85, 'm3-1': 1.09, 'm4-1': 108.37, 'm5-1': 100.68, 'm6-1': 1.04, 'm7-1': 10.13, 'm8-1': 11.55}",1.56,50.04200000000001,51.08200000000001,inf,191.964,191.964
178,T2,BESTEFFORT,COMPLETED,m6-1,42.608,"{'m1-1': 0.99, 'm2-1': 11.34, 'm3-1': 1.09, 'm4-1': 104.74, 'm5-1': 107.08, 'm6-1': 0.99, 'm7-1': 10.65, 'm8-1': 10.54}",1.4849999999999999,51.08200000000001,52.07200000000001,inf,192.608,192.608
179,T2,BESTEFFORT,COMPLETED,m3-1,42.635,"{'m1-1': 1.15, 'm2-1': 10.52, 'm3-1': 1.0, 'm4-1': 105.49, 'm5-1': 112.12, 'm6-1': 0.97, 'm7-1': 10.43, 'm8-1': 10.84}",1.5,50.982000000000006,51.982000000000006,inf,192.635,192.635
180,T1,BESTEFFORT,COMPLETED,m1-1,42.78,"{'m1-1': 1.1, 'm2-1': 10.05, 'm3-1': 1.03, 'm4-1': 112.49, 'm5-1': 101.6, 'm6-1': 1.12, 'm7-1': 9.6, 'm8-1': 10.31}",1.6500000000000001,51.230000000000004,52.330000000000005,inf,192.78,192.78
181,T3,BESTEFFORT,COMPLETED,m6-1,43.139,"{'m1-1': 1.05, 'm2-1': 9.71, 'm3-1': 1.12, 'm4-1': 97.99, 'm5-1': 107.54, 'm6-1': 1.07, 'm7-1': 10.76, 'm8-1': 11.32}",1.605,52.07200000000001,53.14200000000001,inf,193.139,193.139
182,T2,BESTEFFORT,COMPLETED,m3-1,43.274,"{'m1-1': 1.1, 'm2-1': 10.38, 'm3-1': 0.98, 'm4-1': 100.52, 'm5-1': 107.04, 'm6-1': 1.09, 'm7-1': 9.61, 'm8-1': 11.62}",1.47,51.982000000000006,52.962,inf,193.274,193.274
183,T4,BESTEFFORT,COMPLETED,m1-1,43.38,"{'m1-1': 1.1, 'm2-1': 9.45, 'm3-1': 1.02, 'm4-1': 113.25, 'm5-1': 97.66, 'm6-1': 1.0, 'm7-1': 9.62, 'm8-1': 10.54}",1.6500000000000001,52.330000000000005,53.43000000000001,inf,193.38,193.38
184,T3,BESTEFFORT,COMPLETED,m3-1,43.606,"{'m1-1': 1.06, 'm2-1': 9.64, 'm3-1': 1.03, 'm4-1': 100.88, 'm5-1': 110.65, 'm6-1': 1.12, 'm7-1': 10.5, 'm8-1': 11.38}",1.545,52.962,53.992000000000004,inf,193.606,193.606
185,T3,BESTEFFORT,COMPLETED,m1-1,43.729,"{'m1-1': 1.09, 'm2-1': 11.23, 'm3-1': 1.09, 'm4-1': 96.03, 'm5-1': 98.58, 'm6-1': 1.09, 'm7-1': 10.86, 'm8-1': 11.12}",1.6350000000000002,53.43000000000001,54.52000000000001,inf,193.72899999999998,193.72899999999998
186,T1,BESTEFFORT,COMPLETED,m6-1,43.857,"{'m1-1': 1.05, 'm2-1': 11.45, 'm3-1': 1.01, 'm4-1': 102.55, 'm5-1': 104.43, 'm6-1': 1.1, 'm7-1': 11.1, 'm8-1': 10.82}",1.6500000000000001,53.14200000000001,54.24200000000001,inf,193.857,193.857
187,T1,BESTEFFORT,COMPLETED,m3-1,44.036,"{'m1-1': 0.98, 'm2-1': 10.16, 'm3-1': 1.08, 'm4-1': 116.38, 'm5-1': 112.04, 'm6-1': 1.02, 'm7-1': 10.46, 'm8-1': 10.42}",1.62,53.992000000000004,55.072,inf,194.036,194.036
188,T2,BESTEFFORT,COMPLETED,m6-1,44.082,"{'m1-1': 1.02, 'm2-1': 11.16, 'm3-1': 1.08, 'm4-1': 94.23, 'm5-1': 109.67, 'm6-1': 1.03, 'm7-1': 9.46, 'm8-1': 11.19}",1.545,54.24200000000001,55.27200000000001,inf,194.082,194.082
189,T2,BESTEFFORT,COMPLETED,m1-1,44.231,"{'m1-1': 0.98, 'm2-1': 10.19, 'm3-1': 0.95, 'm4-1': 94.33, 'm5-1': 111.12, 'm6-1': 0.96, 'm7-1': 10.54, 'm8-1': 10.4}",1.47,54.52000000000001,55.50000000000001,inf,194.231,194.231
190,T1,BESTEFFORT,COMPLETED,m3-1,44.259,"{'m1-1': 0.98, 'm2-1': 11.08, 'm3-1': 0.99, 'm4-1': 118.28, 'm5-1': 104.12, 'm6-1': 1.06, 'm7-1': 10.16, 'm8-1': 10.25}",1.4849999999999999,55.072,56.062000000000005,inf,194.25900000000001,194.25900000000001
191,T4,BESTEFFORT,COMPLETED,m6-1,44.553,"{'m1-1': 1.02, 'm2-1': 9.52, 'm3-1': 0.94, 'm4-1': 108.6, 'm5-1': 107.26, 'm6-1': 1.15, 'm7-1': 9.97, 'm8-1': 11.17}",1.7249999999999999,55.27200000000001,56.42200000000001,inf,194.553,194.553
192,T4,BESTEFFORT,COMPLETED,m1-1,45.385,"{'m1-1': 1.17, 'm2-1': 9.6, 'm3-1': 1.11, 'm4-1': 100.2, 'm5-1': 103.04, 'm6-1': 0.99, 'm7-1': 9.92, 'm8-1': 10.2}",1.755,55.50000000000001,56.67000000000001,inf,195.385,195.385
193,T1,BESTEFFORT,COMPLETED,m6-1,45.51,"{'m1-1': 1.03, 'm2-1': 10.96, 'm3-1': 1.09, 'm4-1': 113.12, 'm5-1': 110.69, 'm6-1': 1.11, 'm7-1': 10.05, 'm8-1': 10.47}",1.665,56.42200000000001,57.53200000000001,inf,195.51,195.51
194,T3,BESTEFFORT,COMPLETED,m3-1,45.544,"{'m1-1': 1.14, 'm2-1': 9.78, 'm3-1': 1.14, 'm4-1': 97.59, 'm5-1': 104.73, 'm6-1': 1.12, 'm7-1': 10.48, 'm8-1': 10.21}",1.71,56.062000000000005,57.202000000000005,inf,195.54399999999998,195.54399999999998
195,T1,BESTEFFORT,COMPLETED,m1-1,45.649,"{'m1-1': 1.07, 'm2-1': 10.98, 'm3-1': 1.0, 'm4-1': 108.34, 'm5-1': 103.61, 'm6-1': 1.11, 'm7-1': 10.54, 'm8-1': 10.15}",1.605,56.67000000000001,57.74000000000001,inf,195.649,195.649
196,T1,BESTEFFORT,COMPLETED,m7-1,45.831,"{'m1-1': 0.96, 'm2-1': 11.62, 'm3-1': 0.99, 'm4-1': 111.62, 'm5-1': 107.85, 'm6-1': 1.09, 'm7-1': 10.42, 'm8-1': 11.72}",15.629999999999999,83.371,93.791,inf,195.83100000000002,195.83100000000002
197,T2,BESTEFFORT,COMPLETED,m3-1,46.386,"{'m1-1': 1.05, 'm2-1': 11.12, 'm3-1': 1.1, 'm4-1': 101.1, 'm5-1': 95.47, 'm6-1': 0.94, 'm7-1': 9.56, 'm8-1': 10.62}",1.6500000000000001,57.202000000000005,58.30200000000001,inf,196.386,196.386
198,T3,BESTEFFORT,COMPLETED,m6-1,46.729,"{'m1-1': 1.09, 'm2-1': 10.2, 'm3-1': 1.06, 'm4-1': 111.18, 'm5-1': 111.17, 'm6-1': 1.11, 'm7-1': 10.53, 'm8-1': 10.41}",1.665,57.53200000000001,58.64200000000001,inf,196.72899999999998,196.72899999999998
199,T4,BESTEFFORT,COMPLETED,m1-1,46.819,"{'m1-1': 1.08, 'm2-1': 10.99, 'm3-1': 0.98, 'm4-1': 110.25, 'm5-1': 107.12, 'm6-1': 1.02, 'm7-1': 9.56, 'm8-1': 11.62}",1.62,57.74000000000001,58.82000000000001,inf,196.81900000000002,196.81900000000002
200,T1,BESTEFFORT,COMPLETED,m3-1,46.945,"{'m1-1': 1.06, 'm2-1': 10.27, 'm3-1': 1.05, 'm4-1': 105.74, 'm5-1': 98.62, 'm6-1': 0.99, 'm7-1': 9.76, 'm8-1': 11.91}",1.5750000000000002,58.30200000000001,59.352000000000004,inf,196.945,196.945
201,T2,BESTEFFORT,COMPLETED,m2-1,47.186,"{'m1-1': 1.07, 'm2-1': 10.72, 'm3-1': 0.96, 'm4-1': 100.51, 'm5-1': 97.07, 'm6-1': 1.06, 'm7-1': 9.55, 'm8-1': 11.4}",16.080000000000002,86.88500000000002,97.60500000000002,inf,197.186,197.186
202,T4,BESTEFFORT,COMPLETED,m6-1,47.415,"{'m1-1': 1.15, 'm2-1': 10.02, 'm3-1': 1.04, 'm4-1': 103.49, 'm5-1': 106.73, 'm6-1': 1.03, 'm7-1': 9.9, 'm8-1': 10.44}",1.545,58.64200000000001,59.67200000000001,inf,197.415,197.415
203,T4,BESTEFFORT,COMPLETED,m1-1,47.728,"{'m1-1': 1.14, 'm2-1': 9.66, 'm3-1': 1.02, 'm4-1': 110.32, 'm5-1': 110.28, 'm6-1': 1.1, 'm7-1': 9.68, 'm8-1': 11.58}",1.71,58.82000000000001,59.96000000000001,inf,197.728,197.728
204,T3,BESTEFFORT,COMPLETED,m3-1,47.958,"{'m1-1': 1.02, 'm2-1': 10.51, 'm3-1': 1.09, 'm4-1': 110.39, 'm5-1': 104.89, 'm6-1': 1.01, 'm7-1': 10.22, 'm8-1': 9.92}",1.6350000000000002,59.352000000000004,60.44200000000001,inf,197.958,197.958
205,T2,BESTEFFORT,COMPLETED,m8-1,48.131,"{'m1-1': 1.1, 'm2-1': 11.18, 'm3-1': 1.0, 'm4-1': 101.66, 'm5-1': 106.38, 'm6-1': 1.1, 'm7-1': 10.42, 'm8-1': 10.52}",15.78,89.018,99.538,inf,198.131,198.131
206,T3,BESTEFFORT,COMPLETED,m6-1,48.624,"{'m1-1': 0.99, 'm2-1': 11.27, 'm3-1': 1.03, 'm4-1': 105.2, 'm5-1': 95.45, 'm6-1': 1.0, 'm7-1': 10.87, 'm8-1': 11.12}",1.5,59.67200000000001,60.67200000000001,inf,198.624,198.624
207,T4,BESTEFFORT,COMPLETED,m1-1,49.173,"{'m1-1': 1.16, 'm2-1': 9.8, 'm3-1': 0.98, 'm4-1': 108.39, 'm5-1': 107.92, 'm6-1': 1.13, 'm7-1': 10.39, 'm8-1': 10.53}",1.7399999999999998,59.96000000000001,61.120000000000005,inf,199.173,199.173
208,T3,BESTEFFORT,COMPLETED,m3-1,49.194,"{'m1-1': 1.09, 'm2-1': 9.72, 'm3-1': 1.05, 'm4-1': 100.06, 'm5-1': 96.56, 'm6-1': 1.16, 'm7-1': 11.16, 'm8-1': 11.31}",1.5750000000000002,60.44200000000001,61.492000000000004,inf,199.19400000000002,199.19400000000002
209,T3,BESTEFFORT,COMPLETED,m6-1,49.242,"{'m1-1': 1.06, 'm2-1': 10.55, 'm3-1': 1.03, 'm4-1': 100.06, 'm5-1': 107.71, 'm6-1': 1.01, 'm7-1': 10.61, 'm8-1': 10.55}",1.5150000000000001,60.67200000000001,61.68200000000001,inf,199.242,199.242
210,T2,BESTEFFORT,COMPLETED,m1-1,49.438,"{'m1-1': 1.05, 'm2-1': 9.59, 'm3-1': 1.08, 'm4-1': 104.42, 'm5-1': 106.09, 'm6-1': 1.04, 'm7-1': 9.29, 'm8-1': 10.22}",1.5750000000000002,61.120000000000005,62.17,inf,199.438,199.438
211,T1,BESTEFFORT,COMPLETED,m3-1,49.504,"{'m1-1': 1.03, 'm2-1': 10.6, 'm3-1': 1.08, 'm4-1': 116.72, 'm5-1': 111.21, 'm6-1': 1.01, 'm7-1': 10.55, 'm8-1': 11.51}",1.62,61.492000000000004,62.572,inf,199.504,199.504
212,T1,BESTEFFORT,COMPLETED,m6-1,49.659,"{'m1-1': 1.05, 'm2-1': 11.71, 'm3-1': 1.0, 'm4-1': 102.15, 'm5-1': 99.21, 'm6-1': 1.16, 'm7-1': 10.91, 'm8-1': 11.88}",1.7399999999999998,61.68200000000001,62.842000000000006,inf,199.659,199.659
213,T3,BESTEFFORT,COMPLETED,m1-1,49.756,"{'m1-1': 1.1, 'm2-1': 11.28, 'm3-1': 1.02, 'm4-1': 98.27, 'm5-1': 95.15, 'm6-1': 1.05, 'm7-1': 10.09, 'm8-1': 10.74}",1.6500000000000001,62.17,63.27,inf,199.756,199.756
214,T3,BESTEFFORT,COMPLETED,m3-1,50.118,"{'m1-1': 1.09, 'm2-1': 11.04, 'm3-1': 0.99, 'm4-1': 98.07, 'm5-1': 107.71, 'm6-1': 1.04, 'm7-1': 10.7, 'm8-1': 9.9}",1.4849999999999999,62.572,63.562000000000005,inf,200.118,200.118
215,T2,BESTEFFORT,COMPLETED,m6-1,50.578,"{'m1-1': 1.08, 'm2-1': 10.26, 'm3-1': 1.01, 'm4-1': 100.69, 'm5-1': 98.73, 'm6-1': 1.07, 'm7-1': 9.41, 'm8-1': 10.02}",1.605,62.842000000000006,63.912000000000006,inf,200.578,200.578
216,T3,BESTEFFORT,COMPLETED,m1-1,50.898,"{'m1-1': 1.13, 'm2-1': 10.82, 'm3-1': 1.11, 'm4-1': 109.97, 'm5-1': 98.55, 'm6-1': 1.0, 'm7-1': 10.7, 'm8-1': 10.63}",1.6949999999999998,63.27,64.4,inf,200.898,200.898
217,T2,BESTEFFORT,COMPLETED,m3-1,50.905,"{'m1-1': 1.01, 'm2-1': 10.89, 'm3-1': 0.95, 'm4-1': 100.21, 'm5-1': 97.1, 'm6-1': 1.0, 'm7-1': 9.32, 'm8-1': 10.16}",1.4249999999999998,63.562000000000005,64.512,inf,200.905,200.905
218,T1,BESTEFFORT,COMPLETED,m6-1,51.174,"{'m1-1': 1.0, 'm2-1': 11.02, 'm3-1': 0.96, 'm4-1': 115.71, 'm5-1': 108.93, 'm6-1': 1.08, 'm7-1': 10.94, 'm8-1': 11.79}",1.62,63.912000000000006,64.992,inf,201.174,201.174
219,T2,BESTEFFORT,COMPLETED,m1-1,51.729,"{'m1-1': 1.1, 'm2-1': 10.45, 'm3-1': 1.02, 'm4-1': 98.36, 'm5-1': 111.69, 'm6-1': 0.98, 'm7-1': 10.44, 'm8-1': 11.22}",1.6500000000000001,64.4,65.5,inf,201.72899999999998,201.72899999999998
220,T1,BESTEFFORT,COMPLETED,m3-1,51.786,"{'m1-1': 1.0, 'm2-1': 11.59, 'm3-1': 1.05, 'm4-1': 108.0, 'm5-1': 107.72, 'm6-1': 1.14, 'm7-1': 10.92, 'm8-1': 10.55}",1.5750000000000002,64.512,65.562,inf,201.786,201.786
221,T4,BESTEFFORT,COMPLETED,m6-1,52.606,"{'m1-1': 1.05, 'm2-1': 9.64, 'm3-1': 0.97, 'm4-1': 104.6, 'm5-1': 102.59, 'm6-1': 1.09, 'm7-1': 11.25, 'm8-1': 11.8}",1.6350000000000002,64.992,66.08200000000001,inf,202.606,202.606
222,T2,BESTEFFORT,COMPLETED,m1-1,52.761,"{'m1-1': 1.03, 'm2-1': 11.08, 'm3-1': 0.98, 'm4-1': 107.35, 'm5-1': 105.91, 'm6-1': 0.94, 'm7-1': 10.72, 'm8-1': 11.14}",1.545,65.5,66.53,inf,202.761,202.761
223,T3,BESTEFFORT,COMPLETED,m3-1,53.729,"{'m1-1': 0.98, 'm2-1': 11.2, 'm3-1': 0.97, 'm4-1': 98.67, 'm5-1': 109.18, 'm6-1': 1.06, 'm7-1': 10.67, 'm8-1': 10.46}",1.455,65.562,66.532,inf,203.72899999999998,203.72899999999998
224,T4,BESTEFFORT,COMPLETED,m6-1,53.923,"{'m1-1': 1.11, 'm2-1': 11.06, 'm3-1': 1.08, 'm4-1': 108.35, 'm5-1': 98.24, 'm6-1': 1.08, 'm7-1': 11.14, 'm8-1': 11.77}",1.62,66.08200000000001,67.162,inf,203.923,203.923
225,T2,BESTEFFORT,COMPLETED,m1-1,54.108,"{'m1-1': 1.1, 'm2-1': 9.81, 'm3-1': 1.1, 'm4-1': 108.31, 'm5-1': 100.74, 'm6-1': 0.98, 'm7-1': 10.06, 'm8-1': 10.64}",1.6500000000000001,66.53,67.63,inf,204.108,204.108
226,T1,BESTEFFORT,COMPLETED,m3-1,54.413,"{'m1-1': 1.0, 'm2-1': 10.32, 'm3-1': 0.98, 'm4-1': 110.76, 'm5-1': 108.67, 'm6-1': 1.14, 'm7-1': 10.98, 'm8-1': 10.78}",1.47,66.532,67.512,inf,204.413,204.413
227,T4,BESTEFFORT,COMPLETED,m6-1,54.419,"{'m1-1': 1.13, 'm2-1': 10.98, 'm3-1': 0.97, 'm4-1': 107.62, 'm5-1': 112.14, 'm6-1': 1.13, 'm7-1': 11.02, 'm8-1': 10.8}",1.6949999999999998,67.162,68.292,inf,204.41899999999998,204.41899999999998
228,T3,BESTEFFORT,COMPLETED,m1-1,54.813,"{'m1-1': 1.02, 'm2-1': 10.74, 'm3-1': 1.11, 'm4-1': 98.18, 'm5-1': 112.16, 'm6-1': 1.16, 'm7-1': 10.44, 'm8-1': 11.4}",1.53,67.63,68.64999999999999,inf,204.813,204.813
229,T4,BESTEFFORT,COMPLETED,m7-1,54.876,"{'m1-1': 1.02, 'm2-1': 11.15, 'm3-1': 1.09, 'm4-1': 111.53, 'm5-1': 107.0, 'm6-1': 1.06, 'm7-1': 11.06, 'm8-1': 10.96}",16.59,93.791,104.851,inf,204.876,204.876
230,T2,BESTEFFORT,COMPLETED,m3-1,54.959,"{'m1-1': 1.13, 'm2-1': 10.34, 'm3-1': 1.02, 'm4-1': 103.8, 'm5-1': 106.39, 'm6-1': 1.06, 'm7-1': 10.37, 'm8-1': 11.11}",1.53,67.512,68.532,inf,204.959,204.959
231,T2,BESTEFFORT,COMPLETED,m6-1,55.226,"{'m1-1': 1.14, 'm2-1': 9.68, 'm3-1': 1.03, 'm4-1': 101.29, 'm5-1': 96.13, 'm6-1': 0.95, 'm7-1': 9.4, 'm8-1': 10.19}",1.4249999999999998,68.292,69.242,inf,205.226,205.226
232,T2,BESTEFFORT,COMPLETED,m1-1,55.275,"{'m1-1': 1.04, 'm2-1': 9.54, 'm3-1': 0.97, 'm4-1': 96.37, 'm5-1': 102.49, 'm6-1': 0.97, 'm7-1': 10.75, 'm8-1': 11.24}",1.56,68.64999999999999,69.69,inf,205.275,205.275
233,T4,BESTEFFORT,COMPLETED,m3-1,55.426,"{'m1-1': 1.03, 'm2-1': 10.96, 'm3-1': 0.98, 'm4-1': 99.69, 'm5-1': 111.69, 'm6-1': 1.09, 'm7-1': 11.14, 'm8-1': 11.14}",1.47,68.532,69.512,inf,205.426,205.426
234,T4,BESTEFFORT,COMPLETED,m6-1,55.602,"{'m1-1': 1.12, 'm2-1': 11.15, 'm3-1': 1.06, 'm4-1': 104.46, 'm5-1': 112.02, 'm6-1': 1.11, 'm7-1': 9.5, 'm8-1': 10.32}",1.665,69.242,70.352,inf,205.602,205.602
235,T3,BESTEFFORT,COMPLETED,m1-1,55.867,"{'m1-1': 1.07, 'm2-1': 10.04, 'm3-1': 1.12, 'm4-1': 98.58, 'm5-1': 109.31, 'm6-1': 1.05, 'm7-1': 10.09, 'm8-1': 11.13}",1.605,69.69,70.75999999999999,inf,205.867,205.867
236,T2,BESTEFFORT,COMPLETED,m3-1,56.057,"{'m1-1': 1.06, 'm2-1': 9.88, 'm3-1': 1.04, 'm4-1': 102.14, 'm5-1': 97.94, 'm6-1': 1.09, 'm7-1': 10.94, 'm8-1': 11.58}",1.56,69.512,70.552,inf,206.05700000000002,206.05700000000002
237,T2,BESTEFFORT,COMPLETED,m6-1,56.06,"{'m1-1': 1.1, 'm2-1': 11.01, 'm3-1': 0.96, 'm4-1': 97.17, 'm5-1': 109.13, 'm6-1': 0.94, 'm7-1': 9.87, 'm8-1': 11.53}",1.41,70.352,71.292,inf,206.06,206.06
238,T4,BESTEFFORT,COMPLETED,m8-1,56.117,"{'m1-1': 1.1, 'm2-1': 9.8, 'm3-1': 1.01, 'm4-1': 112.39, 'm5-1': 107.37, 'm6-1': 1.14, 'm7-1': 9.5, 'm8-1': 10.45}",15.674999999999999,99.538,109.988,inf,206.117,206.117
239,T1,BESTEFFORT,COMPLETED,m2-1,56.449,"{'m1-1': 0.99, 'm2-1': 11.57, 'm3-1': 1.14, 'm4-1': 107.96, 'm5-1': 111.87, 'm6-1': 0.99, 'm7-1': 11.06, 'm8-1': 11.91}",17.355,97.60500000000002,109.17500000000001,inf,206.449,206.449
240,T1,BESTEFFORT,COMPLETED,m3-1,56.468,"{'m1-1': 0.96, 'm2-1': 11.55, 'm3-1': 1.09, 'm4-1': 116.09, 'm5-1': 103.55, 'm6-1': 1.02, 'm7-1': 10.7, 'm8-1': 10.5}",1.6350000000000002,70.552,71.64200000000001,inf,206.46800000000002,206.46800000000002
241,T4,BESTEFFORT,COMPLETED,m1-1,57.314,"{'m1-1': 1.14, 'm2-1': 10.52, 'm3-1': 0.99, 'm4-1': 104.83, 'm5-1': 99.8, 'm6-1': 1.12, 'm7-1': 10.3, 'm8-1': 10.12}",1.71,70.75999999999999,71.89999999999999,inf,207.314,207.314
242,T1,BESTEFFORT,COMPLETED,m6-1,57.325,"{'m1-1': 1.05, 'm2-1': 10.74, 'm3-1': 1.09, 'm4-1': 110.6, 'm5-1': 106.13, 'm6-1': 1.13, 'm7-1': 10.17, 'm8-1': 10.28}",1.6949999999999998,71.292,72.422,inf,207.325,207.325
243,T2,BESTEFFORT,COMPLETED,m3-1,57.864,"{'m1-1': 1.09, 'm2-1': 10.04, 'm3-1': 1.01, 'm4-1': 101.8, 'm5-1': 97.4, 'm6-1': 1.07, 'm7-1': 10.55, 'm8-1': 10.09}",1.5150000000000001,71.64200000000001,72.65200000000002,inf,207.864,207.864
244,T2,BESTEFFORT,COMPLETED,m6-1,57.903,"{'m1-1': 1.12, 'm2-1': 10.13, 'm3-1': 0.96, 'm4-1': 99.1, 'm5-1': 109.16, 'm6-1': 1.0, 'm7-1': 10.25, 'm8-1': 11.74}",1.5,72.422,73.422,inf,207.903,207.903
245,T2,BESTEFFORT,COMPLETED,m1-1,58.007,"{'m1-1': 1.05, 'm2-1': 11.23, 'm3-1': 1.11, 'm4-1': 103.24, 'm5-1': 108.34, 'm6-1': 1.04, 'm7-1': 9.93, 'm8-1': 10.22}",1.5750000000000002,71.89999999999999,72.94999999999999,inf,208.007,208.007
246,T2,BESTEFFORT,COMPLETED,m3-1,58.148,"{'m1-1': 0.98, 'm2-1': 9.92, 'm3-1': 1.07, 'm4-1': 97.04, 'm5-1': 105.83, 'm6-1': 0.95, 'm7-1': 10.1, 'm8-1': 10.9}",1.605,72.65200000000002,73.72200000000001,inf,208.148,208.148
247,T3,BESTEFFORT,COMPLETED,m1-1,58.512,"{'m1-1': 1.01, 'm2-1': 10.51, 'm3-1': 1.04, 'm4-1': 111.07, 'm5-1': 106.22, 'm6-1': 1.07, 'm7-1': 9.96, 'm8-1': 10.9}",1.5150000000000001,72.94999999999999,73.96,inf,208.512,208.512
248,T2,BESTEFFORT,COMPLETED,m3-1,58.953,"{'m1-1': 0.99, 'm2-1': 9.89, 'm3-1': 1.01, 'm4-1': 111.03, 'm5-1': 111.16, 'm6-1': 1.1, 'm7-1': 9.28, 'm8-1': 10.0}",1.5150000000000001,73.72200000000001,74.73200000000001,inf,208.953,208.953
249,T2,BESTEFFORT,COMPLETED,m6-1,58.956,"{'m1-1': 1.11, 'm2-1': 10.27, 'm3-1': 0.94, 'm4-1': 96.61, 'm5-1': 108.33, 'm6-1': 1.1, 'm7-1': 10.81, 'm8-1': 10.18}",1.6500000000000001,73.422,74.52199999999999,inf,208.95600000000002,208.95600000000002
250,T3,BESTEFFORT,COMPLETED,m1-1,59.089,"{'m1-1': 1.09, 'm2-1': 10.98, 'm3-1': 1.02, 'm4-1': 98.36, 'm5-1': 101.48, 'm6-1': 1.1, 'm7-1': 9.85, 'm8-1': 10.06}",1.6350000000000002,73.96,75.05,inf,209.089,209.089
251,T2,BESTEFFORT,COMPLETED,m6-1,59.263,"{'m1-1': 1.1, 'm2-1': 10.57, 'm3-1': 0.96, 'm4-1': 103.01, 'm5-1': 96.27, 'm6-1': 0.97, 'm7-1': 10.61, 'm8-1': 10.02}",1.455,74.52199999999999,75.49199999999999,inf,209.263,209.263
252,T2,BESTEFFORT,COMPLETED,m3-1,59.419,"{'m1-1': 1.1, 'm2-1': 9.95, 'm3-1': 1.1, 'm4-1': 110.13, 'm5-1': 102.48, 'm6-1': 1.05, 'm7-1': 10.17, 'm8-1': 10.86}",1.6500000000000001,74.73200000000001,75.83200000000001,inf,209.41899999999998,209.41899999999998
253,T1,BESTEFFORT,COMPLETED,m1-1,59.421,"{'m1-1': 1.09, 'm2-1': 10.72, 'm3-1': 1.05, 'm4-1': 108.2, 'm5-1': 101.25, 'm6-1': 1.02, 'm7-1': 10.13, 'm8-1': 11.39}",1.6350000000000002,75.05,76.14,inf,209.421,209.421
254,T3,BESTEFFORT,COMPLETED,m6-1,60.073,"{'m1-1': 0.98, 'm2-1': 10.54, 'm3-1': 1.04, 'm4-1': 109.85, 'm5-1': 95.54, 'm6-1': 1.03, 'm7-1': 10.28, 'm8-1': 10.63}",1.545,75.49199999999999,76.52199999999999,inf,210.073,210.073
255,T1,BESTEFFORT,COMPLETED,m3-1,60.821,"{'m1-1': 1.06, 'm2-1': 11.54, 'm3-1': 1.07, 'm4-1': 102.55, 'm5-1': 111.06, 'm6-1': 1.04, 'm7-1': 9.44, 'm8-1': 10.17}",1.605,75.83200000000001,76.902,inf,210.821,210.821
256,T2,BESTEFFORT,COMPLETED,m1-1,61.185,"{'m1-1': 1.07, 'm2-1': 10.46, 'm3-1': 1.08, 'm4-1': 97.46, 'm5-1': 101.16, 'm6-1': 0.99, 'm7-1': 10.32, 'm8-1': 11.55}",1.605,76.14,77.21,inf,211.185,211.185
257,T4,BESTEFFORT,COMPLETED,m6-1,61.33,"{'m1-1': 1.04, 'm2-1': 10.03, 'm3-1': 0.99, 'm4-1': 107.48, 'm5-1': 96.65, 'm6-1': 1.15, 'm7-1': 10.79, 'm8-1': 11.25}",1.7249999999999999,76.52199999999999,77.672,inf,211.32999999999998,211.32999999999998
258,T2,BESTEFFORT,COMPLETED,m3-1,61.509,"{'m1-1': 1.09, 'm2-1': 10.24, 'm3-1': 0.96, 'm4-1': 109.07, 'm5-1': 97.76, 'm6-1': 1.04, 'm7-1': 10.16, 'm8-1': 10.54}",1.44,76.902,77.862,inf,211.50900000000001,211.50900000000001
259,T3,BESTEFFORT,COMPLETED,m1-1,61.608,"{'m1-1': 1.14, 'm2-1': 11.37, 'm3-1': 1.0, 'm4-1': 108.04, 'm5-1': 100.29, 'm6-1': 1.12, 'm7-1': 10.55, 'm8-1': 11.3}",1.71,77.21,78.35,inf,211.608,211.608
260,T4,BESTEFFORT,COMPLETED,m6-1,61.626,"{'m1-1': 1.12, 'm2-1': 10.33, 'm3-1': 1.0, 'm4-1': 112.24, 'm5-1': 96.63, 'm6-1': 1.01, 'm7-1': 10.2, 'm8-1': 10.88}",1.5150000000000001,77.672,78.682,inf,211.626,211.626
261,T4,BESTEFFORT,COMPLETED,m3-1,61.676,"{'m1-1': 1.0, 'm2-1': 10.29, 'm3-1': 0.97, 'm4-1': 100.34, 'm5-1': 111.86, 'm6-1': 1.05, 'm7-1': 10.04, 'm8-1': 11.51}",1.455,77.862,78.832,inf,211.676,211.676
262,T1,BESTEFFORT,COMPLETED,m7-1,61.708,"{'m1-1': 1.11, 'm2-1': 10.96, 'm3-1': 1.01, 'm4-1': 116.8, 'm5-1': 109.4, 'm6-1': 1.11, 'm7-1': 10.17, 'm8-1': 11.57}",15.254999999999999,104.851,115.021,inf,211.708,211.708
263,T2,BESTEFFORT,COMPLETED,m1-1,61.871,"{'m1-1': 1.1, 'm2-1': 10.34, 'm3-1': 1.1, 'm4-1': 96.84, 'm5-1': 99.76, 'm6-1': 1.0, 'm7-1': 9.36, 'm8-1': 11.33}",1.6500000000000001,78.35,79.44999999999999,inf,211.871,211.871
264,T3,BESTEFFORT,COMPLETED,m2-1,61.89,"{'m1-1': 1.1, 'm2-1': 10.22, 'm3-1': 1.09, 'm4-1': 108.98, 'm5-1': 111.24, 'm6-1': 1.11, 'm7-1': 9.87, 'm8-1': 9.64}",15.330000000000002,109.17500000000001,119.39500000000001,inf,211.89,211.89
265,T2,BESTEFFORT,COMPLETED,m6-1,62.062,"{'m1-1': 1.08, 'm2-1': 9.88, 'm3-1': 0.99, 'm4-1': 103.68, 'm5-1': 112.03, 'm6-1': 0.95, 'm7-1': 10.99, 'm8-1': 10.31}",1.4249999999999998,78.682,79.632,inf,212.062,212.062
266,T3,BESTEFFORT,COMPLETED,m3-1,62.161,"{'m1-1': 1.03, 'm2-1': 9.72, 'm3-1': 1.14, 'm4-1': 103.24, 'm5-1': 109.39, 'm6-1': 1.02, 'm7-1': 10.89, 'm8-1': 10.15}",1.71,78.832,79.972,inf,212.161,212.161
267,T3,BESTEFFORT,COMPLETED,m1-1,62.429,"{'m1-1': 1.01, 'm2-1': 10.41, 'm3-1': 0.97, 'm4-1': 103.25, 'm5-1': 112.58, 'm6-1': 1.02, 'm7-1': 10.44, 'm8-1': 10.61}",1.5150000000000001,79.44999999999999,80.46,inf,212.429,212.429
268,T1,BESTEFFORT,COMPLETED,m6-1,63.054,"{'m1-1': 0.97, 'm2-1': 11.75, 'm3-1': 0.97, 'm4-1': 115.98, 'm5-1': 97.48, 'm6-1': 1.0, 'm7-1': 10.69, 'm8-1': 10.9}",1.5,79.632,80.632,inf,213.054,213.054
269,T4,BESTEFFORT,COMPLETED,m3-1,63.834,"{'m1-1': 1.09, 'm2-1': 10.05, 'm3-1': 1.05, 'm4-1': 111.54, 'm5-1': 106.69, 'm6-1': 0.99, 'm7-1': 10.47, 'm8-1': 10.18}",1.5750000000000002,79.972,81.02199999999999,inf,213.834,213.834
270,T4,BESTEFFORT,COMPLETED,m1-1,64.287,"{'m1-1': 1.02, 'm2-1': 10.66, 'm3-1': 1.07, 'm4-1': 105.06, 'm5-1': 104.74, 'm6-1': 1.12, 'm7-1': 10.22, 'm8-1': 10.97}",1.53,80.46,81.47999999999999,inf,214.287,214.287
271,T2,BESTEFFORT,COMPLETED,m6-1,64.29,"{'m1-1': 1.04, 'm2-1': 10.63, 'm3-1': 1.08, 'm4-1': 107.4, 'm5-1': 111.77, 'm6-1': 1.0, 'm7-1': 9.48, 'm8-1': 11.29}",1.5,80.632,81.632,inf,214.29000000000002,214.29000000000002
272,T4,BESTEFFORT,COMPLETED,m3-1,64.465,"{'m1-1': 1.0, 'm2-1': 10.34, 'm3-1': 1.01, 'm4-1': 110.24, 'm5-1': 106.84, 'm6-1': 1.17, 'm7-1': 9.53, 'm8-1': 11.79}",1.5150000000000001,81.02199999999999,82.032,inf,214.465,214.465
273,T3,BESTEFFORT,COMPLETED,m1-1,65.614,"{'m1-1': 1.06, 'm2-1': 11.32, 'm3-1': 1.12, 'm4-1': 100.18, 'm5-1': 97.76, 'm6-1': 1.09, 'm7-1': 9.84, 'm8-1': 10.66}",1.59,81.47999999999999,82.53999999999999,inf,215.614,215.614
274,T1,BESTEFFORT,COMPLETED,m6-1,65.747,"{'m1-1': 1.02, 'm2-1': 10.68, 'm3-1': 1.03, 'm4-1': 107.36, 'm5-1': 102.49, 'm6-1': 0.98, 'm7-1': 10.52, 'm8-1': 10.56}",1.47,81.632,82.61200000000001,inf,215.747,215.747
275,T1,BESTEFFORT,COMPLETED,m8-1,66.4,"{'m1-1': 0.97, 'm2-1': 10.27, 'm3-1': 0.97, 'm4-1': 114.28, 'm5-1': 98.12, 'm6-1': 1.05, 'm7-1': 9.43, 'm8-1': 10.28}",15.419999999999998,109.988,120.268,inf,216.4,216.4
276,T1,BESTEFFORT,COMPLETED,m3-1,66.46,"{'m1-1': 0.95, 'm2-1': 11.11, 'm3-1': 1.12, 'm4-1': 103.46, 'm5-1': 108.48, 'm6-1': 0.98, 'm7-1': 10.68, 'm8-1': 10.89}",1.6800000000000002,82.032,83.152,inf,216.45999999999998,216.45999999999998
277,T1,BESTEFFORT,COMPLETED,m1-1,66.98,"{'m1-1': 0.94, 'm2-1': 11.55, 'm3-1': 0.96, 'm4-1': 109.51, 'm5-1': 99.23, 'm6-1': 0.98, 'm7-1': 9.86, 'm8-1': 11.35}",1.41,82.53999999999999,83.47999999999999,inf,216.98000000000002,216.98000000000002
278,T3,BESTEFFORT,COMPLETED,m6-1,67.496,"{'m1-1': 1.0, 'm2-1': 10.47, 'm3-1': 1.01, 'm4-1': 101.21, 'm5-1': 102.02, 'm6-1': 1.05, 'm7-1': 10.32, 'm8-1': 11.28}",1.5750000000000002,82.61200000000001,83.662,inf,217.49599999999998,217.49599999999998
279,T1,BESTEFFORT,COMPLETED,m3-1,67.499,"{'m1-1': 1.04, 'm2-1': 10.37, 'm3-1': 1.0, 'm4-1': 103.99, 'm5-1': 95.02, 'm6-1': 1.11, 'm7-1': 10.8, 'm8-1': 11.14}",1.5,83.152,84.152,inf,217.499,217.499
280,T2,BESTEFFORT,COMPLETED,m1-1,67.668,"{'m1-1': 1.01, 'm2-1': 10.86, 'm3-1': 0.97, 'm4-1': 110.47, 'm5-1': 105.18, 'm6-1': 1.04, 'm7-1': 10.78, 'm8-1': 10.72}",1.5150000000000001,83.47999999999999,84.49,inf,217.668,217.668
281,T4,BESTEFFORT,COMPLETED,m3-1,68.258,"{'m1-1': 1.15, 'm2-1': 10.17, 'm3-1': 0.96, 'm4-1': 111.8, 'm5-1': 110.07, 'm6-1': 1.13, 'm7-1': 9.99, 'm8-1': 10.51}",1.44,84.152,85.112,inf,218.25799999999998,218.25799999999998
282,T1,BESTEFFORT,COMPLETED,m6-1,68.282,"{'m1-1': 1.0, 'm2-1': 11.13, 'm3-1': 1.07, 'm4-1': 116.97, 'm5-1': 98.54, 'm6-1': 1.12, 'm7-1': 9.56, 'm8-1': 11.32}",1.6800000000000002,83.662,84.78200000000001,inf,218.28199999999998,218.28199999999998
283,T1,BESTEFFORT,COMPLETED,m1-1,68.516,"{'m1-1': 1.0, 'm2-1': 10.91, 'm3-1': 1.01, 'm4-1': 102.57, 'm5-1': 110.82, 'm6-1': 1.15, 'm7-1': 10.01, 'm8-1': 11.25}",1.5,84.49,85.49,inf,218.51600000000002,218.51600000000002
284,T3,BESTEFFORT,COMPLETED,m6-1,68.714,"{'m1-1': 1.08, 'm2-1': 10.95, 'm3-1': 1.06, 'm4-1': 111.9, 'm5-1': 108.17, 'm6-1': 1.14, 'm7-1': 10.06, 'm8-1': 10.15}",1.71,84.78200000000001,85.92200000000001,inf,218.714,218.714
285,T4,BESTEFFORT,COMPLETED,m3-1,69.246,"{'m1-1': 1.11, 'm2-1': 10.19, 'm3-1': 0.97, 'm4-1': 109.69, 'm5-1': 104.4, 'm6-1': 1.11, 'm7-1': 10.39, 'm8-1': 10.56}",1.455,85.112,86.082,inf,219.24599999999998,219.24599999999998
286,T3,BESTEFFORT,COMPLETED,m1-1,70.269,"{'m1-1': 1.12, 'm2-1': 11.23, 'm3-1': 0.98, 'm4-1': 95.37, 'm5-1': 96.48, 'm6-1': 1.14, 'm7-1': 9.46, 'm8-1': 11.04}",1.6800000000000002,85.49,86.61,inf,220.269,220.269
287,T1,BESTEFFORT,COMPLETED,m6-1,70.385,"{'m1-1': 0.94, 'm2-1': 11.62, 'm3-1': 1.0, 'm4-1': 100.01, 'm5-1': 102.16, 'm6-1': 1.16, 'm7-1': 10.82, 'm8-1': 11.78}",1.7399999999999998,85.92200000000001,87.08200000000001,inf,220.385,220.385
288,T4,BESTEFFORT,COMPLETED,m3-1,70.556,"{'m1-1': 1.09, 'm2-1': 10.13, 'm3-1': 1.1, 'm4-1': 108.8, 'm5-1': 96.56, 'm6-1': 0.99, 'm7-1': 10.32, 'm8-1': 10.05}",1.6500000000000001,86.082,87.18199999999999,inf,220.55599999999998,220.55599999999998
289,T3,BESTEFFORT,COMPLETED,m1-1,70.715,"{'m1-1': 0.97, 'm2-1': 9.89, 'm3-1': 1.02, 'm4-1': 111.56, 'm5-1': 107.06, 'm6-1': 1.07, 'm7-1': 10.41, 'm8-1': 11.01}",1.455,86.61,87.58,inf,220.715,220.715
290,T1,BESTEFFORT,COMPLETED,m3-1,70.737,"{'m1-1': 1.08, 'm2-1': 9.98, 'm3-1': 1.13, 'm4-1': 100.89, 'm5-1': 103.19, 'm6-1': 1.01, 'm7-1': 10.71, 'm8-1': 10.5}",1.6949999999999998,87.18199999999999,88.31199999999998,inf,220.737,220.737
291,T4,BESTEFFORT,COMPLETED,m6-1,70.79,"{'m1-1': 1.05, 'm2-1': 10.81, 'm3-1': 1.1, 'm4-1': 99.06, 'm5-1': 108.63, 'm6-1': 1.09, 'm7-1': 9.55, 'm8-1': 10.72}",1.6350000000000002,87.08200000000001,88.17200000000001,inf,220.79000000000002,220.79000000000002
292,T3,BESTEFFORT,COMPLETED,m1-1,70.824,"{'m1-1': 1.13, 'm2-1': 11.14, 'm3-1': 0.98, 'm4-1': 97.85, 'm5-1': 101.42, 'm6-1': 1.06, 'm7-1': 10.52, 'm8-1': 10.59}",1.6949999999999998,87.58,88.71,inf,220.824,220.824
293,T3,BESTEFFORT,COMPLETED,m6-1,70.862,"{'m1-1': 1.09, 'm2-1': 11.16, 'm3-1': 0.97, 'm4-1': 97.37, 'm5-1': 108.06, 'm6-1': 1.11, 'm7-1': 10.96, 'm8-1': 10.72}",1.665,88.17200000000001,89.28200000000001,inf,220.862,220.862
294,T1,BESTEFFORT,COMPLETED,m7-1,71.234,"{'m1-1': 0.96, 'm2-1': 11.45, 'm3-1': 1.13, 'm4-1': 101.64, 'm5-1': 110.94, 'm6-1': 1.12, 'm7-1': 10.84, 'm8-1': 10.24}",16.259999999999998,115.021,125.861,inf,221.23399999999998,221.23399999999998
295,T3,BESTEFFORT,COMPLETED,m3-1,71.374,"{'m1-1': 1.04, 'm2-1': 9.64, 'm3-1': 1.1, 'm4-1': 108.03, 'm5-1': 99.26, 'm6-1': 1.11, 'm7-1': 9.74, 'm8-1': 9.93}",1.6500000000000001,88.31199999999998,89.41199999999998,inf,221.374,221.374
296,T2,BESTEFFORT,COMPLETED,m6-1,71.656,"{'m1-1': 1.01, 'm2-1': 9.74, 'm3-1': 0.94, 'm4-1': 109.03, 'm5-1': 106.51, 'm6-1': 1.03, 'm7-1': 9.59, 'm8-1': 10.12}",1.545,89.28200000000001,90.31200000000001,inf,221.656,221.656
297,T4,BESTEFFORT,COMPLETED,m1-1,71.765,"{'m1-1': 1.01, 'm2-1': 10.82, 'm3-1': 1.1, 'm4-1': 97.56, 'm5-1': 108.78, 'm6-1': 0.99, 'm7-1': 10.86, 'm8-1': 10.98}",1.5150000000000001,88.71,89.72,inf,221.765,221.765
298,T3,BESTEFFORT,COMPLETED,m3-1,71.99,"{'m1-1': 1.11, 'm2-1': 11.31, 'm3-1': 1.05, 'm4-1': 95.61, 'm5-1': 111.22, 'm6-1': 1.16, 'm7-1': 9.76, 'm8-1': 10.55}",1.5750000000000002,89.41199999999998,90.46199999999997,inf,221.99,221.99
299,T4,BESTEFFORT,COMPLETED,m1-1,72.017,"{'m1-1': 1.01, 'm2-1': 10.62, 'm3-1': 1.1, 'm4-1': 112.37, 'm5-1': 97.84, 'm6-1': 1.09, 'm7-1': 10.22, 'm8-1': 10.13}",1.5150000000000001,89.72,90.73,inf,222.017,222.017
300,T4,BESTEFFORT,COMPLETED,m6-1,72.348,"{'m1-1': 1.18, 'm2-1': 9.41, 'm3-1': 0.95, 'm4-1': 102.23, 'm5-1': 108.38, 'm6-1': 1.17, 'm7-1': 9.59, 'm8-1': 10.55}",1.755,90.31200000000001,91.48200000000001,inf,222.348,222.348
301,T1,BESTEFFORT,COMPLETED,m2-1,72.798,"{'m1-1': 1.02, 'm2-1': 11.27, 'm3-1': 1.0, 'm4-1': 102.86, 'm5-1': 94.77, 'm6-1': 1.11, 'm7-1': 9.95, 'm8-1': 10.92}",16.905,119.39500000000001,130.66500000000002,inf,222.798,222.798
302,T1,BESTEFFORT,COMPLETED,m3-1,72.852,"{'m1-1': 1.08, 'm2-1': 11.62, 'm3-1': 0.97, 'm4-1': 107.82, 'm5-1': 112.3, 'm6-1': 1.1, 'm7-1': 9.47, 'm8-1': 10.3}",1.455,90.46199999999997,91.43199999999997,inf,222.852,222.852
303,T4,BESTEFFORT,COMPLETED,m1-1,73.432,"{'m1-1': 1.17, 'm2-1': 10.06, 'm3-1': 1.06, 'm4-1': 101.08, 'm5-1': 109.38, 'm6-1': 0.99, 'm7-1': 10.17, 'm8-1': 10.22}",1.755,90.73,91.9,inf,223.43200000000002,223.43200000000002
304,T4,BESTEFFORT,COMPLETED,m6-1,73.543,"{'m1-1': 1.08, 'm2-1': 9.99, 'm3-1': 1.05, 'm4-1': 114.57, 'm5-1': 97.96, 'm6-1': 1.16, 'm7-1': 9.81, 'm8-1': 11.36}",1.7399999999999998,91.48200000000001,92.64200000000001,inf,223.543,223.543
305,T2,BESTEFFORT,COMPLETED,m3-1,73.773,"{'m1-1': 0.98, 'm2-1': 10.38, 'm3-1': 1.06, 'm4-1': 109.24, 'm5-1': 104.46, 'm6-1': 1.06, 'm7-1': 10.6, 'm8-1': 10.98}",1.59,91.43199999999997,92.49199999999998,inf,223.773,223.773
306,T3,BESTEFFORT,COMPLETED,m1-1,73.825,"{'m1-1': 0.97, 'm2-1': 11.06, 'm3-1': 1.02, 'm4-1': 104.68, 'm5-1': 105.5, 'm6-1': 0.98, 'm7-1': 10.5, 'm8-1': 10.73}",1.455,91.9,92.87,inf,223.825,223.825
307,T4,BESTEFFORT,COMPLETED,m6-1,74.068,"{'m1-1': 1.04, 'm2-1': 10.78, 'm3-1': 1.02, 'm4-1': 103.16, 'm5-1': 102.44, 'm6-1': 1.15, 'm7-1': 10.7, 'm8-1': 10.53}",1.7249999999999999,92.64200000000001,93.79200000000002,inf,224.06799999999998,224.06799999999998
308,T4,BESTEFFORT,COMPLETED,m3-1,74.438,"{'m1-1': 1.1, 'm2-1': 10.99, 'm3-1': 0.98, 'm4-1': 103.15, 'm5-1': 108.42, 'm6-1': 1.11, 'm7-1': 10.26, 'm8-1': 11.39}",1.47,92.49199999999998,93.47199999999998,inf,224.438,224.438
309,T2,BESTEFFORT,COMPLETED,m1-1,74.907,"{'m1-1': 1.11, 'm2-1': 10.63, 'm3-1': 1.02, 'm4-1': 99.57, 'm5-1': 105.19, 'm6-1': 1.05, 'm7-1': 10.89, 'm8-1': 10.66}",1.665,92.87,93.98,inf,224.90699999999998,224.90699999999998
310,T2,BESTEFFORT,COMPLETED,m3-1,75.253,"{'m1-1': 0.98, 'm2-1': 11.28, 'm3-1': 0.96, 'm4-1': 100.21, 'm5-1': 101.51, 'm6-1': 1.07, 'm7-1': 10.69, 'm8-1': 9.96}",1.44,93.47199999999998,94.43199999999997,inf,225.253,225.253
311,T3,BESTEFFORT,COMPLETED,m6-1,75.368,"{'m1-1': 1.15, 'm2-1': 11.05, 'm3-1': 1.0, 'm4-1': 105.16, 'm5-1': 101.56, 'm6-1': 1.11, 'm7-1': 10.63, 'm8-1': 10.14}",1.665,93.79200000000002,94.90200000000002,inf,225.368,225.368
312,T1,BESTEFFORT,COMPLETED,m8-1,75.543,"{'m1-1': 1.1, 'm2-1': 10.51, 'm3-1': 1.14, 'm4-1': 114.64, 'm5-1': 101.23, 'm6-1': 1.14, 'm7-1': 10.87, 'm8-1': 10.19}",15.285,120.268,130.458,inf,225.543,225.543
313,T2,BESTEFFORT,COMPLETED,m3-1,76.014,"{'m1-1': 1.01, 'm2-1': 10.8, 'm3-1': 1.08, 'm4-1': 99.37, 'm5-1': 108.4, 'm6-1': 1.05, 'm7-1': 10.36, 'm8-1': 11.46}",1.62,94.43199999999997,95.51199999999997,inf,226.014,226.014
314,T4,BESTEFFORT,COMPLETED,m1-1,76.114,"{'m1-1': 1.18, 'm2-1': 10.08, 'm3-1': 1.06, 'm4-1': 104.94, 'm5-1': 103.08, 'm6-1': 1.01, 'm7-1': 10.54, 'm8-1': 10.93}",1.77,93.98,95.16000000000001,inf,226.114,226.114
315,T2,BESTEFFORT,COMPLETED,m6-1,76.193,"{'m1-1': 0.97, 'm2-1': 9.6, 'm3-1': 1.07, 'm4-1': 96.58, 'm5-1': 107.14, 'm6-1': 0.97, 'm7-1': 9.66, 'm8-1': 11.37}",1.455,94.90200000000002,95.87200000000001,inf,226.19299999999998,226.19299999999998
316,T2,BESTEFFORT,COMPLETED,m1-1,76.398,"{'m1-1': 0.98, 'm2-1': 9.94, 'm3-1': 0.96, 'm4-1': 108.87, 'm5-1': 109.19, 'm6-1': 0.97, 'm7-1': 10.93, 'm8-1': 11.17}",1.47,95.16000000000001,96.14000000000001,inf,226.398,226.398
317,T3,BESTEFFORT,COMPLETED,m3-1,76.497,"{'m1-1': 1.0, 'm2-1': 9.69, 'm3-1': 1.13, 'm4-1': 105.79, 'm5-1': 99.52, 'm6-1': 1.07, 'm7-1': 10.44, 'm8-1': 10.04}",1.6949999999999998,95.51199999999997,96.64199999999997,inf,226.497,226.497
318,T4,BESTEFFORT,COMPLETED,m6-1,76.59,"{'m1-1': 1.15, 'm2-1': 10.02, 'm3-1': 1.05, 'm4-1': 100.25, 'm5-1': 95.87, 'm6-1': 1.05, 'm7-1': 10.68, 'm8-1': 10.36}",1.5750000000000002,95.87200000000001,96.92200000000001,inf,226.59,226.59
319,T3,BESTEFFORT,COMPLETED,m1-1,76.689,"{'m1-1': 1.03, 'm2-1': 9.8, 'm3-1': 0.99, 'm4-1': 99.83, 'm5-1': 112.06, 'm6-1': 1.09, 'm7-1': 10.16, 'm8-1': 10.31}",1.545,96.14000000000001,97.17000000000002,inf,226.689,226.689
320,T4,BESTEFFORT,COMPLETED,m6-1,76.857,"{'m1-1': 1.07, 'm2-1': 10.06, 'm3-1': 1.09, 'm4-1': 101.12, 'm5-1': 104.61, 'm6-1': 1.0, 'm7-1': 9.91, 'm8-1': 10.2}",1.5,96.92200000000001,97.92200000000001,inf,226.857,226.857
321,T4,BESTEFFORT,COMPLETED,m3-1,76.866,"{'m1-1': 1.1, 'm2-1': 9.94, 'm3-1': 0.99, 'm4-1': 103.01, 'm5-1': 110.47, 'm6-1': 1.03, 'm7-1': 11.08, 'm8-1': 11.43}",1.4849999999999999,96.64199999999997,97.63199999999996,inf,226.86599999999999,226.86599999999999
322,T3,BESTEFFORT,COMPLETED,m1-1,76.906,"{'m1-1': 1.09, 'm2-1': 10.16, 'm3-1': 1.03, 'm4-1': 107.06, 'm5-1': 111.82, 'm6-1': 1.02, 'm7-1': 10.2, 'm8-1': 9.83}",1.6350000000000002,97.17000000000002,98.26000000000002,inf,226.906,226.906
323,T1,BESTEFFORT,COMPLETED,m3-1,76.975,"{'m1-1': 1.04, 'm2-1': 11.4, 'm3-1': 0.97, 'm4-1': 117.13, 'm5-1': 106.91, 'm6-1': 1.06, 'm7-1': 10.39, 'm8-1': 11.2}",1.455,97.63199999999996,98.60199999999996,inf,226.975,226.975
324,T4,BESTEFFORT,COMPLETED,m6-1,77.513,"{'m1-1': 1.1, 'm2-1': 10.36, 'm3-1': 0.96, 'm4-1': 97.92, 'm5-1': 111.81, 'm6-1': 1.01, 'm7-1': 9.61, 'm8-1': 10.36}",1.5150000000000001,97.92200000000001,98.93200000000002,inf,227.513,227.513
325,T4,BESTEFFORT,COMPLETED,m7-1,77.614,"{'m1-1': 1.1, 'm2-1': 10.04, 'm3-1': 1.04, 'm4-1': 103.04, 'm5-1': 104.35, 'm6-1': 1.01, 'm7-1': 9.63, 'm8-1': 10.49}",14.445,125.861,135.491,inf,227.614,227.614
326,T4,BESTEFFORT,COMPLETED,m1-1,77.814,"{'m1-1': 1.12, 'm2-1': 9.5, 'm3-1': 1.07, 'm4-1': 99.66, 'm5-1': 98.45, 'm6-1': 1.0, 'm7-1': 10.48, 'm8-1': 11.35}",1.6800000000000002,98.26000000000002,99.38000000000002,inf,227.814,227.814
327,T4,BESTEFFORT,COMPLETED,m3-1,78.902,"{'m1-1': 1.08, 'm2-1': 11.13, 'm3-1': 1.1, 'm4-1': 98.48, 'm5-1': 97.98, 'm6-1': 1.12, 'm7-1': 10.62, 'm8-1': 11.44}",1.6500000000000001,98.60199999999996,99.70199999999996,inf,228.902,228.902
328,T4,BESTEFFORT,COMPLETED,m6-1,78.92,"{'m1-1': 1.16, 'm2-1': 10.7, 'm3-1': 0.98, 'm4-1': 98.13, 'm5-1': 105.78, 'm6-1': 1.02, 'm7-1': 9.58, 'm8-1': 10.86}",1.53,98.93200000000002,99.95200000000001,inf,228.92000000000002,228.92000000000002
329,T4,BESTEFFORT,COMPLETED,m1-1,79.002,"{'m1-1': 1.14, 'm2-1': 11.0, 'm3-1': 0.94, 'm4-1': 101.62, 'm5-1': 97.66, 'm6-1': 1.06, 'm7-1': 11.26, 'm8-1': 10.2}",1.71,99.38000000000002,100.52000000000002,inf,229.002,229.002
330,T4,BESTEFFORT,COMPLETED,m6-1,79.204,"{'m1-1': 1.12, 'm2-1': 9.99, 'm3-1': 1.1, 'm4-1': 98.01, 'm5-1': 96.86, 'm6-1': 1.02, 'm7-1': 10.88, 'm8-1': 10.08}",1.53,99.95200000000001,100.97200000000001,inf,229.204,229.204
331,T2,BESTEFFORT,COMPLETED,m3-1,79.234,"{'m1-1': 1.1, 'm2-1': 9.8, 'm3-1': 0.96, 'm4-1': 100.94, 'm5-1': 110.5, 'm6-1': 1.0, 'm7-1': 10.36, 'm8-1': 11.49}",1.44,99.70199999999996,100.66199999999995,inf,229.23399999999998,229.23399999999998
332,T1,BESTEFFORT,COMPLETED,m3-1,79.437,"{'m1-1': 0.97, 'm2-1': 10.39, 'm3-1': 1.13, 'm4-1': 103.36, 'm5-1': 103.9, 'm6-1': 1.02, 'm7-1': 10.63, 'm8-1': 11.21}",1.6949999999999998,100.66199999999995,101.79199999999994,inf,229.437,229.437
333,T2,BESTEFFORT,COMPLETED,m1-1,79.442,"{'m1-1': 1.02, 'm2-1': 10.8, 'm3-1': 0.98, 'm4-1': 103.11, 'm5-1': 111.62, 'm6-1': 1.04, 'm7-1': 10.85, 'm8-1': 10.87}",1.53,100.52000000000002,101.54000000000002,inf,229.442,229.442
334,T3,BESTEFFORT,COMPLETED,m6-1,79.499,"{'m1-1': 1.01, 'm2-1': 11.31, 'm3-1': 0.96, 'm4-1': 110.7, 'm5-1': 98.58, 'm6-1': 0.99, 'm7-1': 10.13, 'm8-1': 9.88}",1.4849999999999999,100.97200000000001,101.962,inf,229.499,229.499
335,T2,BESTEFFORT,COMPLETED,m1-1,79.623,"{'m1-1': 1.1, 'm2-1': 10.79, 'm3-1': 1.0, 'm4-1': 101.22, 'm5-1': 103.58, 'm6-1': 0.94, 'm7-1': 10.6, 'm8-1': 10.89}",1.6500000000000001,101.54000000000002,102.64000000000001,inf,229.623,229.623
336,T1,BESTEFFORT,COMPLETED,m2-1,79.654,"{'m1-1': 0.98, 'm2-1': 10.7, 'm3-1': 1.06, 'm4-1': 107.3, 'm5-1': 98.6, 'm6-1': 1.11, 'm7-1': 9.88, 'm8-1': 10.24}",16.049999999999997,130.66500000000002,141.365,inf,229.654,229.654
337,T2,BESTEFFORT,COMPLETED,m3-1,79.971,"{'m1-1': 1.08, 'm2-1': 9.95, 'm3-1': 0.98, 'm4-1': 108.88, 'm5-1': 95.25, 'm6-1': 1.02, 'm7-1': 10.62, 'm8-1': 11.49}",1.47,101.79199999999994,102.77199999999995,inf,229.971,229.971
338,T2,BESTEFFORT,COMPLETED,m6-1,80.339,"{'m1-1': 1.11, 'm2-1': 11.03, 'm3-1': 0.99, 'm4-1': 99.47, 'm5-1': 109.71, 'm6-1': 1.09, 'm7-1': 9.78, 'm8-1': 11.82}",1.6350000000000002,101.962,103.052,inf,230.339,230.339
339,T2,BESTEFFORT,COMPLETED,m1-1,80.498,"{'m1-1': 1.12, 'm2-1': 10.14, 'm3-1': 0.99, 'm4-1': 110.18, 'm5-1': 110.89, 'm6-1': 1.05, 'm7-1': 9.63, 'm8-1': 11.46}",1.6800000000000002,102.64000000000001,103.76000000000002,inf,230.498,230.498
340,T1,BESTEFFORT,COMPLETED,m8-1,80.661,"{'m1-1': 0.96, 'm2-1': 11.24, 'm3-1': 1.12, 'm4-1': 109.76, 'm5-1': 96.82, 'm6-1': 1.13, 'm7-1': 11.06, 'm8-1': 11.04}",16.56,130.458,141.498,inf,230.661,230.661
341,T3,BESTEFFORT,COMPLETED,m3-1,80.913,"{'m1-1': 1.0, 'm2-1': 10.95, 'm3-1': 1.0, 'm4-1': 110.21, 'm5-1': 109.89, 'm6-1': 0.98, 'm7-1': 10.32, 'm8-1': 10.8}",1.5,102.77199999999995,103.77199999999995,inf,230.913,230.913
342,T1,BESTEFFORT,COMPLETED,m6-1,81.297,"{'m1-1': 0.94, 'm2-1': 10.63, 'm3-1': 1.03, 'm4-1': 114.57, 'm5-1': 107.01, 'm6-1': 1.01, 'm7-1': 10.14, 'm8-1': 10.74}",1.5150000000000001,103.052,104.06200000000001,inf,231.297,231.297
343,T2,BESTEFFORT,COMPLETED,m1-1,81.387,"{'m1-1': 1.09, 'm2-1': 10.82, 'm3-1': 1.0, 'm4-1': 107.4, 'm5-1': 109.55, 'm6-1': 1.01, 'm7-1': 9.31, 'm8-1': 10.01}",1.6350000000000002,103.76000000000002,104.85000000000002,inf,231.387,231.387
344,T2,BESTEFFORT,COMPLETED,m3-1,81.659,"{'m1-1': 1.05, 'm2-1': 9.91, 'm3-1': 1.06, 'm4-1': 100.14, 'm5-1': 107.41, 'm6-1': 1.01, 'm7-1': 10.91, 'm8-1': 11.48}",1.59,103.77199999999995,104.83199999999995,inf,231.659,231.659
345,T4,BESTEFFORT,COMPLETED,m6-1,82.008,"{'m1-1': 1.16, 'm2-1': 9.85, 'm3-1': 1.05, 'm4-1': 103.47, 'm5-1': 106.46, 'm6-1': 1.05, 'm7-1': 10.78, 'm8-1': 11.81}",1.5750000000000002,104.06200000000001,105.11200000000001,inf,232.00799999999998,232.00799999999998
346,T4,BESTEFFORT,COMPLETED,m1-1,82.146,"{'m1-1': 1.02, 'm2-1': 10.78, 'm3-1': 1.08, 'm4-1': 104.19, 'm5-1': 108.06, 'm6-1': 1.02, 'm7-1': 10.93, 'm8-1': 10.94}",1.53,104.85000000000002,105.87000000000002,inf,232.14600000000002,232.14600000000002
347,T1,BESTEFFORT,COMPLETED,m6-1,83.15,"{'m1-1': 0.99, 'm2-1': 11.45, 'm3-1': 1.04, 'm4-1': 113.48, 'm5-1': 97.11, 'm6-1': 1.1, 'm7-1': 10.1, 'm8-1': 11.72}",1.6500000000000001,105.11200000000001,106.212,inf,233.15,233.15
348,T1,BESTEFFORT,COMPLETED,m3-1,83.161,"{'m1-1': 0.96, 'm2-1': 11.57, 'm3-1': 1.01, 'm4-1': 115.78, 'm5-1': 107.74, 'm6-1': 1.02, 'm7-1': 9.72, 'm8-1': 11.84}",1.5150000000000001,104.83199999999995,105.84199999999996,inf,233.161,233.161
349,T4,BESTEFFORT,COMPLETED,m1-1,83.256,"{'m1-1': 1.06, 'm2-1': 9.65, 'm3-1': 1.06, 'm4-1': 113.76, 'm5-1': 107.52, 'm6-1': 1.0, 'm7-1': 10.36, 'm8-1': 11.6}",1.59,105.87000000000002,106.93000000000002,inf,233.256,233.256
350,T4,BESTEFFORT,COMPLETED,m3-1,83.701,"{'m1-1': 1.08, 'm2-1': 10.24, 'm3-1': 1.09, 'm4-1': 100.66, 'm5-1': 112.65, 'm6-1': 0.99, 'm7-1': 10.27, 'm8-1': 11.34}",1.6350000000000002,105.84199999999996,106.93199999999996,inf,233.701,233.701
351,T2,BESTEFFORT,COMPLETED,m1-1,83.994,"{'m1-1': 0.98, 'm2-1': 10.18, 'm3-1': 1.02, 'm4-1': 99.91, 'm5-1': 104.27, 'm6-1': 0.95, 'm7-1': 9.72, 'm8-1': 11.2}",1.47,106.93000000000002,107.91000000000003,inf,233.994,233.994
352,T3,BESTEFFORT,COMPLETED,m6-1,83.998,"{'m1-1': 0.97, 'm2-1': 10.32, 'm3-1': 1.06, 'm4-1': 97.54, 'm5-1': 106.52, 'm6-1': 1.12, 'm7-1': 10.85, 'm8-1': 10.44}",1.6800000000000002,106.212,107.33200000000001,inf,233.998,233.998
353,T1,BESTEFFORT,COMPLETED,m3-1,84.479,"{'m1-1': 0.96, 'm2-1': 11.72, 'm3-1': 1.03, 'm4-1': 107.78, 'm5-1': 94.72, 'm6-1': 1.16, 'm7-1': 10.85, 'm8-1': 10.91}",1.545,106.93199999999996,107.96199999999996,inf,234.47899999999998,234.47899999999998
354,T4,BESTEFFORT,COMPLETED,m6-1,85.17,"{'m1-1': 1.05, 'm2-1': 10.38, 'm3-1': 1.04, 'm4-1': 105.89, 'm5-1': 107.06, 'm6-1': 1.06, 'm7-1': 9.7, 'm8-1': 10.35}",1.59,107.33200000000001,108.39200000000001,inf,235.17000000000002,235.17000000000002
355,T1,BESTEFFORT,COMPLETED,m3-1,85.322,"{'m1-1': 1.02, 'm2-1': 11.47, 'm3-1': 1.07, 'm4-1': 114.8, 'm5-1': 106.23, 'm6-1': 1.14, 'm7-1': 10.8, 'm8-1': 11.01}",1.605,107.96199999999996,109.03199999999995,inf,235.322,235.322
356,T1,BESTEFFORT,COMPLETED,m1-1,85.748,"{'m1-1': 0.99, 'm2-1': 11.54, 'm3-1': 1.01, 'm4-1': 100.22, 'm5-1': 111.5, 'm6-1': 1.08, 'm7-1': 10.97, 'm8-1': 11.88}",1.4849999999999999,107.91000000000003,108.90000000000002,inf,235.748,235.748
357,T3,BESTEFFORT,COMPLETED,m7-1,86.187,"{'m1-1': 1.01, 'm2-1': 10.0, 'm3-1': 0.97, 'm4-1': 106.84, 'm5-1': 101.16, 'm6-1': 1.08, 'm7-1': 10.49, 'm8-1': 9.98}",15.735,135.491,145.98100000000002,inf,236.187,236.187
358,T1,BESTEFFORT,COMPLETED,m6-1,86.303,"{'m1-1': 0.94, 'm2-1': 10.97, 'm3-1': 1.02, 'm4-1': 105.2, 'm5-1': 98.78, 'm6-1': 1.07, 'm7-1': 11.2, 'm8-1': 10.61}",1.605,108.39200000000001,109.462,inf,236.303,236.303
359,T1,BESTEFFORT,COMPLETED,m3-1,86.805,"{'m1-1': 0.98, 'm2-1': 10.56, 'm3-1': 1.09, 'm4-1': 114.29, 'm5-1': 106.22, 'm6-1': 1.08, 'm7-1': 10.17, 'm8-1': 11.66}",1.6350000000000002,109.03199999999995,110.12199999999996,inf,236.805,236.805
360,T1,BESTEFFORT,COMPLETED,m1-1,86.901,"{'m1-1': 0.94, 'm2-1': 10.24, 'm3-1': 1.09, 'm4-1': 105.7, 'm5-1': 97.81, 'm6-1': 1.0, 'm7-1': 10.28, 'm8-1': 10.58}",1.41,108.90000000000002,109.84000000000002,inf,236.901,236.901
361,T4,BESTEFFORT,COMPLETED,m1-1,87.085,"{'m1-1': 1.17, 'm2-1': 10.13, 'm3-1': 1.03, 'm4-1': 113.47, 'm5-1': 108.0, 'm6-1': 1.08, 'm7-1': 10.1, 'm8-1': 10.69}",1.755,109.84000000000002,111.01000000000002,inf,237.08499999999998,237.08499999999998
362,T1,BESTEFFORT,COMPLETED,m6-1,87.169,"{'m1-1': 1.02, 'm2-1': 11.16, 'm3-1': 1.03, 'm4-1': 115.58, 'm5-1': 103.36, 'm6-1': 1.1, 'm7-1': 9.81, 'm8-1': 11.84}",1.6500000000000001,109.462,110.562,inf,237.16899999999998,237.16899999999998
363,T4,BESTEFFORT,COMPLETED,m3-1,87.818,"{'m1-1': 1.09, 'm2-1': 10.18, 'm3-1': 0.97, 'm4-1': 97.42, 'm5-1': 101.32, 'm6-1': 1.14, 'm7-1': 9.63, 'm8-1': 11.6}",1.455,110.12199999999996,111.09199999999996,inf,237.81799999999998,237.81799999999998
364,T3,BESTEFFORT,COMPLETED,m6-1,88.044,"{'m1-1': 1.03, 'm2-1': 9.95, 'm3-1': 1.08, 'm4-1': 109.0, 'm5-1': 107.72, 'm6-1': 1.0, 'm7-1': 9.61, 'm8-1': 10.53}",1.5,110.562,111.562,inf,238.04399999999998,238.04399999999998
365,T2,BESTEFFORT,COMPLETED,m1-1,88.486,"{'m1-1': 1.1, 'm2-1': 10.37, 'm3-1': 1.04, 'm4-1': 103.11, 'm5-1': 105.92, 'm6-1': 0.94, 'm7-1': 10.75, 'm8-1': 11.18}",1.6500000000000001,111.01000000000002,112.11000000000001,inf,238.486,238.486
366,T1,BESTEFFORT,COMPLETED,m6-1,88.525,"{'m1-1': 1.03, 'm2-1': 11.42, 'm3-1': 1.14, 'm4-1': 105.07, 'm5-1': 106.3, 'm6-1': 1.06, 'm7-1': 10.53, 'm8-1': 10.76}",1.59,111.562,112.622,inf,238.525,238.525
367,T1,BESTEFFORT,COMPLETED,m3-1,88.579,"{'m1-1': 1.11, 'm2-1': 10.35, 'm3-1': 0.96, 'm4-1': 101.6, 'm5-1': 104.41, 'm6-1': 1.07, 'm7-1': 10.78, 'm8-1': 11.23}",1.44,111.09199999999996,112.05199999999995,inf,238.579,238.579
368,T3,BESTEFFORT,COMPLETED,m1-1,88.848,"{'m1-1': 1.08, 'm2-1': 10.71, 'm3-1': 1.14, 'm4-1': 99.22, 'm5-1': 106.41, 'm6-1': 1.09, 'm7-1': 10.53, 'm8-1': 11.03}",1.62,112.11000000000001,113.19000000000001,inf,238.848,238.848
369,T1,BESTEFFORT,COMPLETED,m3-1,89.201,"{'m1-1': 0.99, 'm2-1': 11.34, 'm3-1': 1.06, 'm4-1': 112.46, 'm5-1': 104.41, 'm6-1': 1.07, 'm7-1': 10.78, 'm8-1': 11.2}",1.59,112.05199999999995,113.11199999999995,inf,239.201,239.201
370,T4,BESTEFFORT,COMPLETED,m2-1,89.846,"{'m1-1': 1.05, 'm2-1': 10.44, 'm3-1': 0.98, 'm4-1': 100.32, 'm5-1': 100.95, 'm6-1': 1.05, 'm7-1': 10.93, 'm8-1': 10.22}",15.66,141.365,151.805,inf,239.846,239.846
371,T2,BESTEFFORT,COMPLETED,m6-1,90.004,"{'m1-1': 1.15, 'm2-1': 10.79, 'm3-1': 1.07, 'm4-1': 101.13, 'm5-1': 111.77, 'm6-1': 0.97, 'm7-1': 10.46, 'm8-1': 10.32}",1.455,112.622,113.592,inf,240.00400000000002,240.00400000000002
372,T2,BESTEFFORT,COMPLETED,m1-1,90.285,"{'m1-1': 1.1, 'm2-1': 11.23, 'm3-1': 0.96, 'm4-1': 102.45, 'm5-1': 96.6, 'm6-1': 0.94, 'm7-1': 9.43, 'm8-1': 10.65}",1.6500000000000001,113.19000000000001,114.29,inf,240.285,240.285
373,T3,BESTEFFORT,COMPLETED,m3-1,90.998,"{'m1-1': 1.09, 'm2-1': 10.44, 'm3-1': 1.08, 'm4-1': 96.21, 'm5-1': 98.51, 'm6-1': 1.14, 'm7-1': 10.58, 'm8-1': 11.1}",1.62,113.11199999999995,114.19199999999995,inf,240.998,240.998
374,T4,BESTEFFORT,COMPLETED,m6-1,91.205,"{'m1-1': 1.16, 'm2-1': 11.11, 'm3-1': 0.95, 'm4-1': 105.19, 'm5-1': 104.58, 'm6-1': 1.03, 'm7-1': 10.53, 'm8-1': 11.36}",1.545,113.592,114.622,inf,241.20499999999998,241.20499999999998
375,T4,BESTEFFORT,COMPLETED,m8-1,91.232,"{'m1-1': 1.03, 'm2-1': 9.64, 'm3-1': 1.08, 'm4-1': 103.73, 'm5-1': 103.93, 'm6-1': 1.08, 'm7-1': 10.79, 'm8-1': 11.3}",16.950000000000003,141.498,152.798,inf,241.232,241.232
376,T1,BESTEFFORT,COMPLETED,m1-1,91.253,"{'m1-1': 1.04, 'm2-1': 10.1, 'm3-1': 1.02, 'm4-1': 116.5, 'm5-1': 107.73, 'm6-1': 1.15, 'm7-1': 9.99, 'm8-1': 11.54}",1.56,114.29,115.33000000000001,inf,241.253,241.253
377,T4,BESTEFFORT,COMPLETED,m3-1,91.543,"{'m1-1': 1.02, 'm2-1': 10.06, 'm3-1': 1.03, 'm4-1': 106.84, 'm5-1': 98.05, 'm6-1': 1.12, 'm7-1': 10.49, 'm8-1': 11.49}",1.545,114.19199999999995,115.22199999999995,inf,241.543,241.543
378,T3,BESTEFFORT,COMPLETED,m6-1,91.631,"{'m1-1': 1.0, 'm2-1': 10.75, 'm3-1': 1.12, 'm4-1': 109.69, 'm5-1': 107.66, 'm6-1': 1.14, 'm7-1': 9.9, 'm8-1': 9.81}",1.71,114.622,115.762,inf,241.631,241.631
379,T4,BESTEFFORT,COMPLETED,m3-1,93.082,"{'m1-1': 1.02, 'm2-1': 10.2, 'm3-1': 1.0, 'm4-1': 97.84, 'm5-1': 98.19, 'm6-1': 1.06, 'm7-1': 10.06, 'm8-1': 11.56}",1.5,115.22199999999995,116.22199999999995,inf,243.082,243.082
380,T2,BESTEFFORT,COMPLETED,m1-1,93.355,"{'m1-1': 1.02, 'm2-1': 9.93, 'm3-1': 1.02, 'm4-1': 98.82, 'm5-1': 111.78, 'm6-1': 0.97, 'm7-1': 10.22, 'm8-1': 11.39}",1.53,115.33000000000001,116.35000000000001,inf,243.35500000000002,243.35500000000002
381,T4,BESTEFFORT,COMPLETED,m6-1,94.036,"{'m1-1': 1.17, 'm2-1': 10.64, 'm3-1': 0.98, 'm4-1': 97.43, 'm5-1': 97.96, 'm6-1': 1.17, 'm7-1': 9.91, 'm8-1': 11.81}",1.755,115.762,116.932,inf,244.036,244.036
382,T3,BESTEFFORT,COMPLETED,m3-1,94.055,"{'m1-1': 1.04, 'm2-1': 10.26, 'm3-1': 1.1, 'm4-1': 100.56, 'm5-1': 99.44, 'm6-1': 1.08, 'm7-1': 10.13, 'm8-1': 10.41}",1.6500000000000001,116.22199999999995,117.32199999999995,inf,244.055,244.055
383,T2,BESTEFFORT,COMPLETED,m1-1,94.473,"{'m1-1': 0.97, 'm2-1': 9.9, 'm3-1': 1.07, 'm4-1': 109.03, 'm5-1': 108.18, 'm6-1': 1.0, 'm7-1': 10.08, 'm8-1': 10.81}",1.455,116.35000000000001,117.32000000000001,inf,244.473,244.473
384,T1,BESTEFFORT,COMPLETED,m6-1,94.48,"{'m1-1': 1.1, 'm2-1': 10.55, 'm3-1': 1.05, 'm4-1': 100.18, 'm5-1': 97.55, 'm6-1': 1.02, 'm7-1': 9.85, 'm8-1': 10.89}",1.53,116.932,117.952,inf,244.48000000000002,244.48000000000002
385,T3,BESTEFFORT,COMPLETED,m3-1,94.984,"{'m1-1': 1.04, 'm2-1': 10.38, 'm3-1': 1.02, 'm4-1': 111.46, 'm5-1': 106.1, 'm6-1': 1.16, 'm7-1': 10.47, 'm8-1': 10.23}",1.53,117.32199999999995,118.34199999999994,inf,244.98399999999998,244.98399999999998
386,T4,BESTEFFORT,COMPLETED,m1-1,95.614,"{'m1-1': 1.1, 'm2-1': 10.18, 'm3-1': 1.09, 'm4-1': 103.03, 'm5-1': 110.29, 'm6-1': 1.14, 'm7-1': 11.15, 'm8-1': 10.5}",1.6500000000000001,117.32000000000001,118.42,inf,245.614,245.614
387,T2,BESTEFFORT,COMPLETED,m6-1,95.649,"{'m1-1': 1.09, 'm2-1': 9.57, 'm3-1': 1.08, 'm4-1': 104.96, 'm5-1': 108.85, 'm6-1': 0.95, 'm7-1': 9.66, 'm8-1': 10.02}",1.4249999999999998,117.952,118.902,inf,245.649,245.649
388,T2,BESTEFFORT,COMPLETED,m3-1,96.064,"{'m1-1': 1.07, 'm2-1': 10.23, 'm3-1': 1.01, 'm4-1': 96.16, 'm5-1': 95.3, 'm6-1': 0.94, 'm7-1': 10.77, 'm8-1': 11.29}",1.5150000000000001,118.34199999999994,119.35199999999995,inf,246.064,246.064
389,T2,BESTEFFORT,COMPLETED,m6-1,96.768,"{'m1-1': 1.1, 'm2-1': 9.93, 'm3-1': 1.04, 'm4-1': 109.24, 'm5-1': 101.06, 'm6-1': 0.98, 'm7-1': 10.8, 'm8-1': 11.34}",1.47,118.902,119.882,inf,246.768,246.768
390,T3,BESTEFFORT,COMPLETED,m1-1,96.773,"{'m1-1': 0.98, 'm2-1': 10.01, 'm3-1': 1.0, 'm4-1': 101.19, 'm5-1': 103.48, 'm6-1': 1.02, 'm7-1': 10.43, 'm8-1': 10.87}",1.47,118.42,119.4,inf,246.773,246.773
391,T1,BESTEFFORT,COMPLETED,m7-1,97.031,"{'m1-1': 1.05, 'm2-1': 9.99, 'm3-1': 1.12, 'm4-1': 114.44, 'm5-1': 95.79, 'm6-1': 1.07, 'm7-1': 10.02, 'm8-1': 11.52}",15.03,145.98100000000002,156.00100000000003,inf,247.031,247.031
392,T3,BESTEFFORT,COMPLETED,m3-1,97.46,"{'m1-1': 1.08, 'm2-1': 10.32, 'm3-1': 1.09, 'm4-1': 102.78, 'm5-1': 106.02, 'm6-1': 1.15, 'm7-1': 10.09, 'm8-1': 9.94}",1.6350000000000002,119.35199999999995,120.44199999999995,inf,247.45999999999998,247.45999999999998
393,T2,BESTEFFORT,COMPLETED,m1-1,98.089,"{'m1-1': 1.14, 'm2-1': 10.6, 'm3-1': 1.0, 'm4-1': 102.44, 'm5-1': 106.16, 'm6-1': 0.95, 'm7-1': 10.22, 'm8-1': 10.97}",1.71,119.4,120.54,inf,248.089,248.089
394,T1,BESTEFFORT,COMPLETED,m6-1,98.523,"{'m1-1': 1.03, 'm2-1': 11.09, 'm3-1': 1.12, 'm4-1': 104.44, 'm5-1': 110.53, 'm6-1': 1.11, 'm7-1': 11.03, 'm8-1': 10.07}",1.665,119.882,120.992,inf,248.523,248.523
395,T2,BESTEFFORT,COMPLETED,m3-1,98.757,"{'m1-1': 1.04, 'm2-1': 9.86, 'm3-1': 1.05, 'm4-1': 105.72, 'm5-1': 104.65, 'm6-1': 1.07, 'm7-1': 9.68, 'm8-1': 10.68}",1.5750000000000002,120.44199999999995,121.49199999999995,inf,248.757,248.757
396,T2,BESTEFFORT,COMPLETED,m1-1,98.835,"{'m1-1': 1.12, 'm2-1': 10.74, 'm3-1': 0.96, 'm4-1': 97.86, 'm5-1': 101.29, 'm6-1': 1.01, 'm7-1': 10.88, 'm8-1': 10.52}",1.6800000000000002,120.54,121.66000000000001,inf,248.83499999999998,248.83499999999998
397,T1,BESTEFFORT,COMPLETED,m6-1,99.104,"{'m1-1': 1.1, 'm2-1': 10.27, 'm3-1': 0.98, 'm4-1': 107.96, 'm5-1': 98.34, 'm6-1': 1.04, 'm7-1': 9.88, 'm8-1': 10.48}",1.56,120.992,122.03200000000001,inf,249.10399999999998,249.10399999999998
398,T3,BESTEFFORT,COMPLETED,m3-1,99.137,"{'m1-1': 1.09, 'm2-1': 10.48, 'm3-1': 1.08, 'm4-1': 95.36, 'm5-1': 105.06, 'm6-1': 1.16, 'm7-1': 9.55, 'm8-1': 10.68}",1.62,121.49199999999995,122.57199999999995,inf,249.137,249.137
399,T3,BESTEFFORT,COMPLETED,m1-1,99.97,"{'m1-1': 1.11, 'm2-1': 9.62, 'm3-1': 1.0, 'm4-1': 95.98, 'm5-1': 110.54, 'm6-1': 1.07, 'm7-1': 9.8, 'm8-1': 10.73}",1.665,121.66000000000001,122.77000000000001,inf,249.97,249.97
400,T2,BESTEFFORT,COMPLETED,m6-1,100.145,"{'m1-1': 0.99, 'm2-1': 11.05, 'm3-1': 0.99, 'm4-1': 110.66, 'm5-1': 111.2, 'm6-1': 1.08, 'm7-1': 9.55, 'm8-1': 11.41}",1.62,122.03200000000001,123.11200000000001,inf,250.14499999999998,250.14499999999998
401,T2,BESTEFFORT,COMPLETED,m1-1,100.337,"{'m1-1': 1.05, 'm2-1': 10.27, 'm3-1': 0.98, 'm4-1': 98.35, 'm5-1': 100.72, 'm6-1': 1.05, 'm7-1': 9.48, 'm8-1': 10.25}",1.5750000000000002,122.77000000000001,123.82000000000001,inf,250.337,250.337
402,T1,BESTEFFORT,COMPLETED,m2-1,100.404,"{'m1-1': 0.94, 'm2-1': 10.68, 'm3-1': 1.09, 'm4-1': 116.38, 'm5-1': 99.34, 'm6-1': 1.08, 'm7-1': 10.47, 'm8-1': 10.07}",16.02,151.805,162.485,inf,250.404,250.404
403,T1,BESTEFFORT,COMPLETED,m3-1,100.406,"{'m1-1': 0.99, 'm2-1': 11.83, 'm3-1': 1.11, 'm4-1': 109.44, 'm5-1': 94.77, 'm6-1': 1.14, 'm7-1': 10.81, 'm8-1': 10.27}",1.665,122.57199999999995,123.68199999999995,inf,250.406,250.406
404,T3,BESTEFFORT,COMPLETED,m6-1,100.482,"{'m1-1': 1.02, 'm2-1': 10.07, 'm3-1': 1.02, 'm4-1': 108.82, 'm5-1': 100.62, 'm6-1': 0.98, 'm7-1': 10.45, 'm8-1': 9.95}",1.47,123.11200000000001,124.09200000000001,inf,250.482,250.482
405,T1,BESTEFFORT,COMPLETED,m3-1,100.702,"{'m1-1': 0.94, 'm2-1': 11.45, 'm3-1': 1.06, 'm4-1': 103.82, 'm5-1': 103.4, 'm6-1': 1.14, 'm7-1': 9.6, 'm8-1': 10.51}",1.59,123.68199999999995,124.74199999999995,inf,250.702,250.702
406,T1,BESTEFFORT,COMPLETED,m8-1,101.206,"{'m1-1': 1.0, 'm2-1': 10.42, 'm3-1': 1.08, 'm4-1': 108.42, 'm5-1': 102.93, 'm6-1': 1.0, 'm7-1': 10.72, 'm8-1': 10.91}",16.365000000000002,152.798,163.708,inf,251.20600000000002,251.20600000000002
407,T3,BESTEFFORT,COMPLETED,m1-1,101.381,"{'m1-1': 1.13, 'm2-1': 9.76, 'm3-1': 1.08, 'm4-1': 99.86, 'm5-1': 103.65, 'm6-1': 1.12, 'm7-1': 10.14, 'm8-1': 11.14}",1.6949999999999998,123.82000000000001,124.95,inf,251.381,251.381
408,T4,BESTEFFORT,COMPLETED,m6-1,102.048,"{'m1-1': 1.17, 'm2-1': 9.38, 'm3-1': 0.98, 'm4-1': 113.56, 'm5-1': 104.0, 'm6-1': 1.14, 'm7-1': 10.33, 'm8-1': 11.29}",1.71,124.09200000000001,125.23200000000001,inf,252.048,252.048
409,T1,BESTEFFORT,COMPLETED,m3-1,102.225,"{'m1-1': 0.94, 'm2-1': 11.54, 'm3-1': 1.07, 'm4-1': 106.8, 'm5-1': 94.53, 'm6-1': 1.02, 'm7-1': 9.85, 'm8-1': 10.55}",1.605,124.74199999999995,125.81199999999994,inf,252.225,252.225
410,T3,BESTEFFORT,COMPLETED,m1-1,102.455,"{'m1-1': 1.1, 'm2-1': 10.85, 'm3-1': 1.08, 'm4-1': 103.79, 'm5-1': 104.84, 'm6-1': 1.11, 'm7-1': 9.51, 'm8-1': 10.45}",1.6500000000000001,124.95,126.05,inf,252.45499999999998,252.45499999999998
411,T1,BESTEFFORT,COMPLETED,m6-1,102.665,"{'m1-1': 0.95, 'm2-1': 11.44, 'm3-1': 1.11, 'm4-1': 113.28, 'm5-1': 94.56, 'm6-1': 1.01, 'm7-1': 10.65, 'm8-1': 11.63}",1.5150000000000001,125.23200000000001,126.24200000000002,inf,252.66500000000002,252.66500000000002
412,T3,BESTEFFORT,COMPLETED,m3-1,102.767,"{'m1-1': 1.14, 'm2-1': 9.66, 'm3-1': 1.13, 'm4-1': 110.92, 'm5-1': 100.05, 'm6-1': 1.15, 'm7-1': 10.98, 'm8-1': 10.53}",1.6949999999999998,125.81199999999994,126.94199999999994,inf,252.767,252.767
413,T3,BESTEFFORT,COMPLETED,m6-1,103.204,"{'m1-1': 1.02, 'm2-1': 10.84, 'm3-1': 1.02, 'm4-1': 99.24, 'm5-1': 106.68, 'm6-1': 1.02, 'm7-1': 9.56, 'm8-1': 9.89}",1.53,126.24200000000002,127.26200000000001,inf,253.204,253.204
414,T4,BESTEFFORT,COMPLETED,m1-1,103.261,"{'m1-1': 1.1, 'm2-1': 9.52, 'm3-1': 1.03, 'm4-1': 107.29, 'm5-1': 98.34, 'm6-1': 1.09, 'm7-1': 9.71, 'm8-1': 11.24}",1.6500000000000001,126.05,127.14999999999999,inf,253.261,253.261
415,T2,BESTEFFORT,COMPLETED,m3-1,103.354,"{'m1-1': 1.1, 'm2-1': 10.68, 'm3-1': 1.04, 'm4-1': 98.81, 'm5-1': 101.26, 'm6-1': 1.0, 'm7-1': 9.46, 'm8-1': 10.39}",1.56,126.94199999999994,127.98199999999994,inf,253.35399999999998,253.35399999999998
416,T2,BESTEFFORT,COMPLETED,m1-1,103.502,"{'m1-1': 1.01, 'm2-1': 10.63, 'm3-1': 0.96, 'm4-1': 105.66, 'm5-1': 96.51, 'm6-1': 0.96, 'm7-1': 9.73, 'm8-1': 10.04}",1.5150000000000001,127.14999999999999,128.16,inf,253.502,253.502
417,T4,BESTEFFORT,COMPLETED,m6-1,103.739,"{'m1-1': 1.03, 'm2-1': 10.49, 'm3-1': 1.07, 'm4-1': 109.58, 'm5-1': 103.52, 'm6-1': 1.17, 'm7-1': 9.71, 'm8-1': 10.17}",1.755,127.26200000000001,128.43200000000002,inf,253.739,253.739
418,T4,BESTEFFORT,COMPLETED,m3-1,104.198,"{'m1-1': 1.05, 'm2-1': 10.06, 'm3-1': 1.08, 'm4-1': 98.58, 'm5-1': 97.71, 'm6-1': 1.08, 'm7-1': 11.14, 'm8-1': 10.15}",1.62,127.98199999999994,129.06199999999995,inf,254.19799999999998,254.19799999999998
419,T4,BESTEFFORT,COMPLETED,m1-1,104.541,"{'m1-1': 1.1, 'm2-1': 10.95, 'm3-1': 0.94, 'm4-1': 100.41, 'm5-1': 97.96, 'm6-1': 1.14, 'm7-1': 11.14, 'm8-1': 10.04}",1.6500000000000001,128.16,129.26,inf,254.541,254.541
420,T1,BESTEFFORT,COMPLETED,m6-1,104.548,"{'m1-1': 1.09, 'm2-1': 11.54, 'm3-1': 1.05, 'm4-1': 107.29, 'm5-1': 111.36, 'm6-1': 1.0, 'm7-1': 9.48, 'm8-1': 11.77}",1.5,128.43200000000002,129.43200000000002,inf,254.548,254.548
421,T4,BESTEFFORT,COMPLETED,m3-1,104.899,"{'m1-1': 1.02, 'm2-1': 9.91, 'm3-1': 0.97, 'm4-1': 108.58, 'm5-1': 102.44, 'm6-1': 1.01, 'm7-1': 10.49, 'm8-1': 10.18}",1.455,129.06199999999995,130.03199999999995,inf,254.899,254.899
422,T1,BESTEFFORT,COMPLETED,m1-1,105.113,"{'m1-1': 0.99, 'm2-1': 10.17, 'm3-1': 1.01, 'm4-1': 107.42, 'm5-1': 107.25, 'm6-1': 1.09, 'm7-1': 9.94, 'm8-1': 11.8}",1.4849999999999999,129.26,130.25,inf,255.113,255.113
423,T4,BESTEFFORT,COMPLETED,m7-1,105.306,"{'m1-1': 1.12, 'm2-1': 9.75, 'm3-1': 1.08, 'm4-1': 98.28, 'm5-1': 104.22, 'm6-1': 1.15, 'm7-1': 11.21, 'm8-1': 10.27}",16.815,156.00100000000003,167.21100000000004,inf,255.30599999999998,255.30599999999998
424,T3,BESTEFFORT,COMPLETED,m6-1,105.838,"{'m1-1': 0.99, 'm2-1': 11.01, 'm3-1': 1.1, 'm4-1': 97.2, 'm5-1': 103.94, 'm6-1': 1.12, 'm7-1': 9.51, 'm8-1': 9.93}",1.6800000000000002,129.43200000000002,130.55200000000002,inf,255.838,255.838
425,T1,BESTEFFORT,COMPLETED,m3-1,106.095,"{'m1-1': 1.03, 'm2-1': 11.05, 'm3-1': 1.01, 'm4-1': 103.65, 'm5-1': 100.06, 'm6-1': 1.14, 'm7-1': 11.02, 'm8-1': 11.18}",1.5150000000000001,130.03199999999995,131.04199999999994,inf,256.095,256.095
426,T4,BESTEFFORT,COMPLETED,m1-1,106.219,"{'m1-1': 1.1, 'm2-1': 9.59, 'm3-1': 1.03, 'm4-1': 106.8, 'm5-1': 102.29, 'm6-1': 1.09, 'm7-1': 10.14, 'm8-1': 10.05}",1.6500000000000001,130.25,131.35,inf,256.219,256.219
427,T1,BESTEFFORT,COMPLETED,m6-1,106.232,"{'m1-1': 1.07, 'm2-1': 11.73, 'm3-1': 1.02, 'm4-1': 111.85, 'm5-1': 110.62, 'm6-1': 1.06, 'm7-1': 9.56, 'm8-1': 10.13}",1.59,130.55200000000002,131.61200000000002,inf,256.23199999999997,256.23199999999997
428,T3,BESTEFFORT,COMPLETED,m3-1,106.476,"{'m1-1': 1.11, 'm2-1': 11.16, 'm3-1': 1.06, 'm4-1': 108.34, 'm5-1': 98.07, 'm6-1': 1.07, 'm7-1': 10.06, 'm8-1': 10.78}",1.59,131.04199999999994,132.10199999999995,inf,256.476,256.476
429,T4,BESTEFFORT,COMPLETED,m1-1,106.562,"{'m1-1': 1.08, 'm2-1': 10.71, 'm3-1': 0.97, 'm4-1': 101.04, 'm5-1': 109.62, 'm6-1': 1.1, 'm7-1': 10.97, 'm8-1': 10.23}",1.62,131.35,132.43,inf,256.562,256.562
430,T1,BESTEFFORT,COMPLETED,m6-1,106.976,"{'m1-1': 0.94, 'm2-1': 10.99, 'm3-1': 0.96, 'm4-1': 118.64, 'm5-1': 107.15, 'm6-1': 1.04, 'm7-1': 9.53, 'm8-1': 11.26}",1.56,131.61200000000002,132.65200000000002,inf,256.976,256.976
431,T4,BESTEFFORT,COMPLETED,m1-1,107.353,"{'m1-1': 1.03, 'm2-1': 10.04, 'm3-1': 1.06, 'm4-1': 106.37, 'm5-1': 107.15, 'm6-1': 1.01, 'm7-1': 11.01, 'm8-1': 10.81}",1.545,132.43,133.46,inf,257.353,257.353
432,T3,BESTEFFORT,COMPLETED,m3-1,107.395,"{'m1-1': 1.11, 'm2-1': 9.92, 'm3-1': 1.07, 'm4-1': 109.29, 'm5-1': 102.12, 'm6-1': 1.16, 'm7-1': 10.48, 'm8-1': 11.45}",1.605,132.10199999999995,133.17199999999994,inf,257.395,257.395
433,T4,BESTEFFORT,COMPLETED,m6-1,107.546,"{'m1-1': 1.14, 'm2-1': 9.62, 'm3-1': 1.04, 'm4-1': 105.52, 'm5-1': 109.35, 'm6-1': 0.99, 'm7-1': 9.95, 'm8-1': 10.29}",1.4849999999999999,132.65200000000002,133.64200000000002,inf,257.546,257.546
434,T1,BESTEFFORT,COMPLETED,m3-1,107.668,"{'m1-1': 1.1, 'm2-1': 11.56, 'm3-1': 0.99, 'm4-1': 105.75, 'm5-1': 104.34, 'm6-1': 1.01, 'm7-1': 10.44, 'm8-1': 11.8}",1.4849999999999999,133.17199999999994,134.16199999999995,inf,257.668,257.668
435,T3,BESTEFFORT,COMPLETED,m1-1,108.826,"{'m1-1': 1.13, 'm2-1': 10.49, 'm3-1': 1.02, 'm4-1': 111.2, 'm5-1': 102.25, 'm6-1': 1.14, 'm7-1': 10.12, 'm8-1': 11.15}",1.6949999999999998,133.46,134.59,inf,258.826,258.826
436,T2,BESTEFFORT,COMPLETED,m8-1,108.905,"{'m1-1': 1.12, 'm2-1': 9.74, 'm3-1': 1.11, 'm4-1': 110.02, 'm5-1': 99.77, 'm6-1': 0.97, 'm7-1': 9.89, 'm8-1': 10.48}",15.72,163.708,174.188,inf,258.905,258.905
437,T2,BESTEFFORT,COMPLETED,m6-1,109.24,"{'m1-1': 0.97, 'm2-1': 10.46, 'm3-1': 1.06, 'm4-1': 96.83, 'm5-1': 108.46, 'm6-1': 1.04, 'm7-1': 9.27, 'm8-1': 11.08}",1.56,133.64200000000002,134.68200000000002,inf,259.24,259.24
438,T3,BESTEFFORT,COMPLETED,m3-1,109.648,"{'m1-1': 1.05, 'm2-1': 11.23, 'm3-1': 1.0, 'm4-1': 103.35, 'm5-1': 110.66, 'm6-1': 1.11, 'm7-1': 10.07, 'm8-1': 10.44}",1.5,134.16199999999995,135.16199999999995,inf,259.648,259.648
439,T3,BESTEFFORT,COMPLETED,m2-1,109.886,"{'m1-1': 1.02, 'm2-1': 11.23, 'm3-1': 1.14, 'm4-1': 99.88, 'm5-1': 109.66, 'm6-1': 1.12, 'm7-1': 10.62, 'm8-1': 10.04}",16.845,162.485,173.715,inf,259.88599999999997,259.88599999999997
440,T2,BESTEFFORT,COMPLETED,m1-1,109.941,"{'m1-1': 1.08, 'm2-1': 10.4, 'm3-1': 1.08, 'm4-1': 100.45, 'm5-1': 99.19, 'm6-1': 1.06, 'm7-1': 9.69, 'm8-1': 11.11}",1.62,134.59,135.67000000000002,inf,259.94100000000003,259.94100000000003
441,T2,BESTEFFORT,COMPLETED,m6-1,110.0,"{'m1-1': 1.11, 'm2-1': 10.99, 'm3-1': 1.02, 'm4-1': 110.2, 'm5-1': 101.05, 'm6-1': 1.06, 'm7-1': 10.48, 'm8-1': 10.05}",1.59,134.68200000000002,135.74200000000002,inf,260.0,260.0
442,T2,BESTEFFORT,COMPLETED,m3-1,110.535,"{'m1-1': 1.02, 'm2-1': 10.46, 'm3-1': 1.0, 'm4-1': 94.82, 'm5-1': 109.34, 'm6-1': 1.02, 'm7-1': 10.44, 'm8-1': 10.61}",1.5,135.16199999999995,136.16199999999995,inf,260.53499999999997,260.53499999999997
443,T2,BESTEFFORT,COMPLETED,m1-1,111.116,"{'m1-1': 0.99, 'm2-1': 9.63, 'm3-1': 1.11, 'm4-1': 94.65, 'm5-1': 102.8, 'm6-1': 1.05, 'm7-1': 9.88, 'm8-1': 10.6}",1.4849999999999999,135.67000000000002,136.66000000000003,inf,261.116,261.116
444,T4,BESTEFFORT,COMPLETED,m6-1,111.243,"{'m1-1': 1.14, 'm2-1': 11.01, 'm3-1': 1.07, 'm4-1': 113.32, 'm5-1': 102.42, 'm6-1': 1.15, 'm7-1': 9.98, 'm8-1': 10.86}",1.7249999999999999,135.74200000000002,136.89200000000002,inf,261.243,261.243
445,T2,BESTEFFORT,MISSED,m4-1,111.618,"{'m1-1': 1.09, 'm2-1': 10.22, 'm3-1': 1.08, 'm4-1': 99.52, 'm5-1': 108.59, 'm6-1': 1.02, 'm7-1': 9.93, 'm8-1': 10.5}",141.94050000000001,166.99099999999999,inf,261.618,261.618,261.618
446,T3,BESTEFFORT,COMPLETED,m3-1,112.315,"{'m1-1': 1.09, 'm2-1': 10.95, 'm3-1': 1.12, 'm4-1': 104.66, 'm5-1': 95.01, 'm6-1': 0.99, 'm7-1': 10.87, 'm8-1': 10.96}",1.6800000000000002,136.16199999999995,137.28199999999995,inf,262.315,262.315
447,T3,BESTEFFORT,COMPLETED,m1-1,112.348,"{'m1-1': 1.01, 'm2-1': 10.93, 'm3-1': 1.14, 'm4-1': 108.82, 'm5-1': 108.76, 'm6-1': 1.13, 'm7-1': 10.98, 'm8-1': 10.28}",1.5150000000000001,136.66000000000003,137.67000000000002,inf,262.348,262.348
448,T4,BESTEFFORT,COMPLETED,m6-1,112.472,"{'m1-1': 1.08, 'm2-1': 10.8, 'm3-1': 1.01, 'm4-1': 97.76, 'm5-1': 107.53, 'm6-1': 1.0, 'm7-1': 10.92, 'm8-1': 10.52}",1.5,136.89200000000002,137.89200000000002,inf,262.472,262.472
449,T4,BESTEFFORT,COMPLETED,m3-1,112.626,"{'m1-1': 1.17, 'm2-1': 9.84, 'm3-1': 1.06, 'm4-1': 113.18, 'm5-1': 102.18, 'm6-1': 1.05, 'm7-1': 10.54, 'm8-1': 10.13}",1.59,137.28199999999995,138.34199999999996,inf,262.626,262.626
450,T2,BESTEFFORT,COMPLETED,m1-1,113.607,"{'m1-1': 1.08, 'm2-1': 9.89, 'm3-1': 0.94, 'm4-1': 104.12, 'm5-1': 95.53, 'm6-1': 1.08, 'm7-1': 9.28, 'm8-1': 11.06}",1.62,137.67000000000002,138.75000000000003,inf,263.60699999999997,263.60699999999997
451,T4,BESTEFFORT,COMPLETED,m6-1,113.906,"{'m1-1': 1.05, 'm2-1': 10.4, 'm3-1': 1.05, 'm4-1': 99.37, 'm5-1': 105.85, 'm6-1': 1.01, 'm7-1': 10.26, 'm8-1': 11.8}",1.5150000000000001,137.89200000000002,138.90200000000002,inf,263.906,263.906
452,T3,BESTEFFORT,COMPLETED,m3-1,113.921,"{'m1-1': 1.01, 'm2-1': 10.55, 'm3-1': 1.14, 'm4-1': 104.18, 'm5-1': 103.75, 'm6-1': 1.11, 'm7-1': 9.74, 'm8-1': 11.06}",1.71,138.34199999999996,139.48199999999994,inf,263.921,263.921
453,T4,BESTEFFORT,COMPLETED,m1-1,114.127,"{'m1-1': 1.01, 'm2-1': 10.3, 'm3-1': 0.95, 'm4-1': 103.77, 'm5-1': 103.66, 'm6-1': 1.08, 'm7-1': 10.74, 'm8-1': 11.39}",1.5150000000000001,138.75000000000003,139.76000000000002,inf,264.127,264.127
454,T3,BESTEFFORT,COMPLETED,m7-1,114.157,"{'m1-1': 0.98, 'm2-1': 11.03, 'm3-1': 1.02, 'm4-1': 110.21, 'm5-1': 102.44, 'm6-1': 1.09, 'm7-1': 10.48, 'm8-1': 10.24}",15.72,167.21100000000004,177.69100000000003,inf,264.157,264.157
455,T3,BESTEFFORT,COMPLETED,m6-1,114.18,"{'m1-1': 1.0, 'm2-1': 11.05, 'm3-1': 1.01, 'm4-1': 96.81, 'm5-1': 104.12, 'm6-1': 1.07, 'm7-1': 9.7, 'm8-1': 11.15}",1.605,138.90200000000002,139.972,inf,264.18,264.18
456,T2,BESTEFFORT,COMPLETED,m3-1,115.906,"{'m1-1': 1.02, 'm2-1': 10.64, 'm3-1': 1.11, 'm4-1': 98.36, 'm5-1': 98.6, 'm6-1': 1.02, 'm7-1': 9.28, 'm8-1': 9.99}",1.665,139.48199999999994,140.59199999999996,inf,265.906,265.906
457,T3,BESTEFFORT,MISSED,m5-1,115.979,"{'m1-1': 0.98, 'm2-1': 10.72, 'm3-1': 1.04, 'm4-1': 108.64, 'm5-1': 103.36, 'm6-1': 1.02, 'm7-1': 9.93, 'm8-1': 10.4}",151.81649999999996,164.768,inf,265.979,265.979,265.979
458,T3,BESTEFFORT,COMPLETED,m1-1,116.23,"{'m1-1': 1.03, 'm2-1': 10.78, 'm3-1': 1.02, 'm4-1': 94.92, 'm5-1': 110.05, 'm6-1': 1.1, 'm7-1': 9.78, 'm8-1': 11.45}",1.545,139.76000000000002,140.79000000000002,inf,266.23,266.23
459,T4,BESTEFFORT,COMPLETED,m6-1,116.333,"{'m1-1': 1.04, 'm2-1': 10.8, 'm3-1': 1.08, 'm4-1': 98.65, 'm5-1': 104.42, 'm6-1': 0.99, 'm7-1': 9.51, 'm8-1': 11.2}",1.4849999999999999,139.972,140.96200000000002,inf,266.33299999999997,266.33299999999997
460,T2,BESTEFFORT,COMPLETED,m3-1,117.235,"{'m1-1': 1.13, 'm2-1': 10.61, 'm3-1': 0.95, 'm4-1': 103.43, 'm5-1': 105.4, 'm6-1': 0.95, 'm7-1': 9.87, 'm8-1': 10.09}",1.4249999999999998,140.59199999999996,141.54199999999994,inf,267.235,267.235
461,T4,BESTEFFORT,COMPLETED,m1-1,117.722,"{'m1-1': 1.07, 'm2-1': 10.34, 'm3-1': 0.97, 'm4-1': 112.23, 'm5-1': 109.07, 'm6-1': 1.0, 'm7-1': 9.57, 'm8-1': 9.96}",1.605,140.79000000000002,141.86,inf,267.722,267.722
462,T4,BESTEFFORT,COMPLETED,m6-1,118.813,"{'m1-1': 1.1, 'm2-1': 10.09, 'm3-1': 1.05, 'm4-1': 96.83, 'm5-1': 113.08, 'm6-1': 1.13, 'm7-1': 9.59, 'm8-1': 11.0}",1.6949999999999998,140.96200000000002,142.092,inf,268.813,268.813
463,T2,BESTEFFORT,COMPLETED,m3-1,119.613,"{'m1-1': 0.98, 'm2-1': 10.55, 'm3-1': 1.1, 'm4-1': 95.49, 'm5-1': 99.03, 'm6-1': 1.07, 'm7-1': 10.59, 'm8-1': 10.31}",1.6500000000000001,141.54199999999994,142.64199999999994,inf,269.613,269.613
464,T4,BESTEFFORT,COMPLETED,m1-1,119.701,"{'m1-1': 1.04, 'm2-1': 10.23, 'm3-1': 0.95, 'm4-1': 114.4, 'm5-1': 111.45, 'm6-1': 1.01, 'm7-1': 10.15, 'm8-1': 11.58}",1.56,141.86,142.9,inf,269.701,269.701
465,T2,BESTEFFORT,COMPLETED,m6-1,120.439,"{'m1-1': 1.02, 'm2-1': 11.02, 'm3-1': 0.99, 'm4-1': 106.87, 'm5-1': 99.34, 'm6-1': 1.07, 'm7-1': 10.41, 'm8-1': 11.1}",1.605,142.092,143.162,inf,270.43899999999996,270.43899999999996
466,T2,BESTEFFORT,COMPLETED,m3-1,120.998,"{'m1-1': 1.03, 'm2-1': 11.2, 'm3-1': 0.95, 'm4-1': 95.22, 'm5-1': 110.89, 'm6-1': 1.09, 'm7-1': 10.62, 'm8-1': 10.22}",1.4249999999999998,142.64199999999994,143.59199999999993,inf,270.998,270.998
467,T2,BESTEFFORT,COMPLETED,m1-1,121.364,"{'m1-1': 1.1, 'm2-1': 9.69, 'm3-1': 1.1, 'm4-1': 100.21, 'm5-1': 106.58, 'm6-1': 0.97, 'm7-1': 10.54, 'm8-1': 9.94}",1.6500000000000001,142.9,144.0,inf,271.36400000000003,271.36400000000003
468,T2,BESTEFFORT,COMPLETED,m6-1,122.039,"{'m1-1': 1.12, 'm2-1': 11.02, 'm3-1': 0.98, 'm4-1': 110.13, 'm5-1': 104.76, 'm6-1': 1.1, 'm7-1': 10.01, 'm8-1': 10.58}",1.6500000000000001,143.162,144.262,inf,272.039,272.039
469,T3,BESTEFFORT,COMPLETED,m3-1,122.369,"{'m1-1': 1.09, 'm2-1': 10.04, 'm3-1': 1.06, 'm4-1': 101.31, 'm5-1': 97.99, 'm6-1': 0.99, 'm7-1': 9.56, 'm8-1': 10.54}",1.59,143.59199999999993,144.65199999999993,inf,272.369,272.369
470,T2,BESTEFFORT,COMPLETED,m1-1,122.507,"{'m1-1': 1.07, 'm2-1': 11.31, 'm3-1': 1.03, 'm4-1': 107.0, 'm5-1': 101.29, 'm6-1': 1.02, 'm7-1': 9.64, 'm8-1': 10.6}",1.605,144.0,145.07,inf,272.507,272.507
471,T3,BESTEFFORT,COMPLETED,m6-1,123.096,"{'m1-1': 1.07, 'm2-1': 9.97, 'm3-1': 1.11, 'm4-1': 101.31, 'm5-1': 101.88, 'm6-1': 1.02, 'm7-1': 9.78, 'm8-1': 10.74}",1.53,144.262,145.282,inf,273.096,273.096
472,T3,BESTEFFORT,COMPLETED,m3-1,123.5,"{'m1-1': 1.15, 'm2-1': 9.86, 'm3-1': 1.14, 'm4-1': 107.52, 'm5-1': 108.61, 'm6-1': 1.07, 'm7-1': 10.44, 'm8-1': 11.19}",1.71,144.65199999999993,145.79199999999992,inf,273.5,273.5
473,T3,BESTEFFORT,COMPLETED,m8-1,123.532,"{'m1-1': 1.11, 'm2-1': 11.16, 'm3-1': 1.05, 'm4-1': 104.18, 'm5-1': 97.53, 'm6-1': 1.16, 'm7-1': 10.14, 'm8-1': 10.93}",16.395,174.188,185.118,inf,273.532,273.532
474,T2,BESTEFFORT,COMPLETED,m1-1,123.813,"{'m1-1': 1.04, 'm2-1': 10.05, 'm3-1': 1.06, 'm4-1': 110.1, 'm5-1': 106.16, 'm6-1': 0.95, 'm7-1': 9.49, 'm8-1': 11.54}",1.56,145.07,146.10999999999999,inf,273.813,273.813
475,T2,BESTEFFORT,COMPLETED,m2-1,124.019,"{'m1-1': 1.13, 'm2-1': 10.02, 'm3-1': 1.0, 'm4-1': 95.74, 'm5-1': 112.06, 'm6-1': 1.11, 'm7-1': 10.11, 'm8-1': 11.03}",15.03,173.715,183.735,inf,274.019,274.019
476,T3,BESTEFFORT,COMPLETED,m3-1,124.447,"{'m1-1': 1.15, 'm2-1': 10.77, 'm3-1': 1.06, 'm4-1': 100.82, 'm5-1': 108.0, 'm6-1': 1.05, 'm7-1': 9.7, 'm8-1': 10.3}",1.59,145.79199999999992,146.85199999999992,inf,274.447,274.447
477,T4,BESTEFFORT,COMPLETED,m6-1,124.549,"{'m1-1': 1.06, 'm2-1': 9.91, 'm3-1': 1.08, 'm4-1': 108.34, 'm5-1': 97.74, 'm6-1': 1.13, 'm7-1': 9.97, 'm8-1': 10.89}",1.6949999999999998,145.282,146.412,inf,274.549,274.549
478,T4,BESTEFFORT,COMPLETED,m1-1,125.197,"{'m1-1': 1.1, 'm2-1': 9.84, 'm3-1': 1.03, 'm4-1': 105.06, 'm5-1': 104.61, 'm6-1': 1.01, 'm7-1': 10.7, 'm8-1': 11.6}",1.6500000000000001,146.10999999999999,147.20999999999998,inf,275.197,275.197
479,T3,BESTEFFORT,COMPLETED,m6-1,125.749,"{'m1-1': 1.04, 'm2-1': 9.96, 'm3-1': 1.06, 'm4-1': 108.47, 'm5-1': 111.84, 'm6-1': 1.1, 'm7-1': 9.81, 'm8-1': 9.65}",1.6500000000000001,146.412,147.512,inf,275.749,275.749
480,T3,BESTEFFORT,COMPLETED,m3-1,125.915,"{'m1-1': 1.07, 'm2-1': 10.64, 'm3-1': 1.09, 'm4-1': 94.76, 'm5-1': 104.57, 'm6-1': 1.11, 'm7-1': 9.92, 'm8-1': 11.3}",1.6350000000000002,146.85199999999992,147.94199999999992,inf,275.915,275.915
481,T4,BESTEFFORT,COMPLETED,m1-1,126.357,"{'m1-1': 1.11, 'm2-1': 10.58, 'm3-1': 1.08, 'm4-1': 99.76, 'm5-1': 110.91, 'm6-1': 1.08, 'm7-1': 10.62, 'm8-1': 10.35}",1.665,147.20999999999998,148.32,inf,276.35699999999997,276.35699999999997
482,T4,BESTEFFORT,COMPLETED,m6-1,126.466,"{'m1-1': 1.1, 'm2-1': 9.78, 'm3-1': 1.06, 'm4-1': 110.77, 'm5-1': 113.28, 'm6-1': 1.09, 'm7-1': 9.78, 'm8-1': 11.41}",1.6350000000000002,147.512,148.602,inf,276.466,276.466
483,T2,BESTEFFORT,COMPLETED,m3-1,126.578,"{'m1-1': 1.09, 'm2-1': 10.36, 'm3-1': 1.06, 'm4-1': 98.03, 'm5-1': 104.76, 'm6-1': 1.04, 'm7-1': 9.34, 'm8-1': 10.21}",1.59,147.94199999999992,149.00199999999992,inf,276.578,276.578
484,T3,BESTEFFORT,COMPLETED,m1-1,128.367,"{'m1-1': 1.08, 'm2-1': 10.47, 'm3-1': 1.13, 'm4-1': 99.88, 'm5-1': 99.41, 'm6-1': 1.04, 'm7-1': 10.59, 'm8-1': 9.71}",1.62,148.32,149.4,inf,278.36699999999996,278.36699999999996
485,T2,BESTEFFORT,COMPLETED,m6-1,128.813,"{'m1-1': 1.08, 'm2-1': 10.8, 'm3-1': 1.1, 'm4-1': 96.84, 'm5-1': 105.63, 'm6-1': 1.1, 'm7-1': 9.65, 'm8-1': 10.67}",1.6500000000000001,148.602,149.702,inf,278.813,278.813
486,T2,BESTEFFORT,COMPLETED,m3-1,129.307,"{'m1-1': 0.99, 'm2-1': 9.75, 'm3-1': 1.04, 'm4-1': 99.19, 'm5-1': 97.76, 'm6-1': 1.05, 'm7-1': 9.87, 'm8-1': 10.77}",1.56,149.00199999999992,150.04199999999992,inf,279.307,279.307
487,T2,BESTEFFORT,COMPLETED,m7-1,129.394,"{'m1-1': 1.07, 'm2-1': 11.03, 'm3-1': 1.09, 'm4-1': 96.9, 'm5-1': 108.59, 'm6-1': 1.06, 'm7-1': 10.41, 'm8-1': 10.47}",15.615,177.69100000000003,188.10100000000003,inf,279.394,279.394
488,T2,BESTEFFORT,COMPLETED,m1-1,129.875,"{'m1-1': 1.08, 'm2-1': 9.7, 'm3-1': 1.09, 'm4-1': 108.31, 'm5-1': 102.8, 'm6-1': 1.03, 'm7-1': 10.17, 'm8-1': 10.79}",1.62,149.4,150.48000000000002,inf,279.875,279.875
489,T3,BESTEFFORT,COMPLETED,m6-1,130.444,"{'m1-1': 1.03, 'm2-1': 10.0, 'm3-1': 0.97, 'm4-1': 103.23, 'm5-1': 102.49, 'm6-1': 1.1, 'm7-1': 11.22, 'm8-1': 10.79}",1.6500000000000001,149.702,150.802,inf,280.44399999999996,280.44399999999996
490,T2,BESTEFFORT,COMPLETED,m1-1,131.023,"{'m1-1': 0.99, 'm2-1': 11.31, 'm3-1': 1.02, 'm4-1': 110.35, 'm5-1': 108.26, 'm6-1': 0.99, 'm7-1': 9.88, 'm8-1': 11.59}",1.4849999999999999,150.48000000000002,151.47000000000003,inf,281.023,281.023
491,T3,BESTEFFORT,COMPLETED,m3-1,131.086,"{'m1-1': 1.1, 'm2-1': 10.92, 'm3-1': 1.01, 'm4-1': 98.12, 'm5-1': 103.94, 'm6-1': 1.04, 'm7-1': 10.87, 'm8-1': 11.36}",1.5150000000000001,150.04199999999992,151.0519999999999,inf,281.086,281.086
492,T3,BESTEFFORT,COMPLETED,m6-1,133.092,"{'m1-1': 0.98, 'm2-1': 9.75, 'm3-1': 1.12, 'm4-1': 98.78, 'm5-1': 107.91, 'm6-1': 1.0, 'm7-1': 9.7, 'm8-1': 10.36}",1.5,150.802,151.802,inf,283.092,283.092
493,T3,BESTEFFORT,COMPLETED,m3-1,133.163,"{'m1-1': 1.06, 'm2-1': 10.06, 'm3-1': 1.04, 'm4-1': 102.79, 'm5-1': 104.8, 'm6-1': 1.01, 'm7-1': 10.31, 'm8-1': 11.0}",1.56,151.0519999999999,152.0919999999999,inf,283.163,283.163
494,T2,BESTEFFORT,COMPLETED,m1-1,133.53,"{'m1-1': 1.02, 'm2-1': 10.22, 'm3-1': 1.11, 'm4-1': 109.28, 'm5-1': 98.81, 'm6-1': 0.97, 'm7-1': 10.94, 'm8-1': 11.09}",1.53,151.47000000000003,152.49000000000004,inf,283.53,283.53
495,T2,BESTEFFORT,COMPLETED,m6-1,133.727,"{'m1-1': 1.01, 'm2-1': 10.92, 'm3-1': 1.12, 'm4-1': 106.05, 'm5-1': 109.85, 'm6-1': 1.02, 'm7-1': 10.37, 'm8-1': 10.39}",1.53,151.802,152.822,inf,283.727,283.727
496,T2,BESTEFFORT,COMPLETED,m3-1,134.303,"{'m1-1': 1.06, 'm2-1': 10.79, 'm3-1': 1.12, 'm4-1': 108.72, 'm5-1': 110.57, 'm6-1': 1.07, 'm7-1': 9.59, 'm8-1': 10.73}",1.6800000000000002,152.0919999999999,153.2119999999999,inf,284.303,284.303
497,T3,BESTEFFORT,COMPLETED,m1-1,134.635,"{'m1-1': 1.02, 'm2-1': 10.28, 'm3-1': 1.06, 'm4-1': 105.88, 'm5-1': 96.97, 'm6-1': 1.15, 'm7-1': 10.72, 'm8-1': 9.84}",1.53,152.49000000000004,153.51000000000005,inf,284.635,284.635
498,T3,BESTEFFORT,COMPLETED,m6-1,134.698,"{'m1-1': 1.04, 'm2-1': 10.8, 'm3-1': 1.06, 'm4-1': 99.8, 'm5-1': 97.43, 'm6-1': 1.04, 'm7-1': 10.44, 'm8-1': 11.3}",1.56,152.822,153.862,inf,284.698,284.698
499,T3,BESTEFFORT,COMPLETED,m3-1,136.921,"{'m1-1': 1.13, 'm2-1': 10.33, 'm3-1': 1.04, 'm4-1': 102.11, 'm5-1': 104.73, 'm6-1': 1.16, 'm7-1': 9.61, 'm8-1': 10.65}",1.56,153.2119999999999,154.2519999999999,inf,286.921,286.921
