id,type,urgency,status,assigned_machine,arrival_time,execution_time,energy_usage,start_time,completion_time,missed_time,deadline,extended_deadline
0,T1,BESTEFFORT,COMPLETED,m3-1,0.101,"{'m1-1': 110.35, 'm2-1': 10.48, 'm3-1': 1.07, 'm4-1': 107.62, 'm5-1': 96.11, 'm6-1': 11.03, 'm7-1': 1.06, 'm8-1': 100.85}",1.605,0.101,1.171,inf,150.101,150.101
1,T1,BESTEFFORT,COMPLETED,m3-1,0.27,"{'m1-1': 101.11, 'm2-1': 11.02, 'm3-1': 1.02, 'm4-1': 99.26, 'm5-1': 107.78, 'm6-1': 11.1, 'm7-1': 1.03, 'm8-1': 104.95}",1.53,1.171,2.191,inf,150.27,150.27
2,T4,BESTEFFORT,COMPLETED,m7-1,0.407,"{'m1-1': 102.39, 'm2-1': 10.54, 'm3-1': 0.99, 'm4-1': 97.89, 'm5-1': 105.72, 'm6-1': 10.74, 'm7-1': 1.1, 'm8-1': 101.42}",1.6500000000000001,0.407,1.5070000000000001,inf,150.407,150.407
3,T4,BESTEFFORT,COMPLETED,m3-1,0.568,"{'m1-1': 100.76, 'm2-1': 10.34, 'm3-1': 0.95, 'm4-1': 106.83, 'm5-1': 102.77, 'm6-1': 10.66, 'm7-1': 1.12, 'm8-1': 100.03}",1.4249999999999998,2.191,3.141,inf,150.568,150.568
4,T3,BESTEFFORT,COMPLETED,m7-1,0.717,"{'m1-1': 112.78, 'm2-1': 10.13, 'm3-1': 1.15, 'm4-1': 103.42, 'm5-1': 99.03, 'm6-1': 11.81, 'm7-1': 0.97, 'm8-1': 95.71}",1.455,1.5070000000000001,2.4770000000000003,inf,150.717,150.717
5,T2,BESTEFFORT,COMPLETED,m7-1,0.911,"{'m1-1': 98.52, 'm2-1': 10.25, 'm3-1': 1.0, 'm4-1': 111.49, 'm5-1': 98.83, 'm6-1': 11.58, 'm7-1': 0.95, 'm8-1': 101.82}",1.4249999999999998,2.4770000000000003,3.4270000000000005,inf,150.911,150.911
6,T1,BESTEFFORT,COMPLETED,m3-1,1.136,"{'m1-1': 94.78, 'm2-1': 10.2, 'm3-1': 0.99, 'm4-1': 96.88, 'm5-1': 104.7, 'm6-1': 10.94, 'm7-1': 1.04, 'm8-1': 117.57}",1.4849999999999999,3.141,4.131,inf,151.136,151.136
7,T4,BESTEFFORT,COMPLETED,m3-1,1.632,"{'m1-1': 101.33, 'm2-1': 11.07, 'm3-1': 0.99, 'm4-1': 109.47, 'm5-1': 108.38, 'm6-1': 10.33, 'm7-1': 1.04, 'm8-1': 96.88}",1.4849999999999999,4.131,5.121,inf,151.632,151.632
8,T2,BESTEFFORT,COMPLETED,m7-1,1.647,"{'m1-1': 108.77, 'm2-1': 9.23, 'm3-1': 1.1, 'm4-1': 103.49, 'm5-1': 104.83, 'm6-1': 10.55, 'm7-1': 1.08, 'm8-1': 101.59}",1.62,3.4270000000000005,4.507000000000001,inf,151.647,151.647
9,T2,BESTEFFORT,COMPLETED,m3-1,1.93,"{'m1-1': 108.75, 'm2-1': 9.98, 'm3-1': 1.11, 'm4-1': 113.8, 'm5-1': 106.81, 'm6-1': 10.57, 'm7-1': 1.0, 'm8-1': 100.7}",1.665,5.121,6.231000000000001,inf,151.93,151.93
10,T1,BESTEFFORT,COMPLETED,m7-1,1.938,"{'m1-1': 108.39, 'm2-1': 11.45, 'm3-1': 0.92, 'm4-1': 106.44, 'm5-1': 109.81, 'm6-1': 11.06, 'm7-1': 1.08, 'm8-1': 107.25}",1.62,4.507000000000001,5.587000000000001,inf,151.938,151.938
11,T3,BESTEFFORT,COMPLETED,m7-1,2.277,"{'m1-1': 103.81, 'm2-1': 10.55, 'm3-1': 1.01, 'm4-1': 96.09, 'm5-1': 92.89, 'm6-1': 10.35, 'm7-1': 1.02, 'm8-1': 93.06}",1.53,5.587000000000001,6.607000000000001,inf,152.277,152.277
12,T2,BESTEFFORT,COMPLETED,m3-1,2.342,"{'m1-1': 98.73, 'm2-1': 9.31, 'm3-1': 1.08, 'm4-1': 99.93, 'm5-1': 94.13, 'm6-1': 10.97, 'm7-1': 1.09, 'm8-1': 116.76}",1.62,6.231000000000001,7.311000000000001,inf,152.342,152.342
13,T3,BESTEFFORT,COMPLETED,m3-1,3.099,"{'m1-1': 98.44, 'm2-1': 10.58, 'm3-1': 1.05, 'm4-1': 96.43, 'm5-1': 103.56, 'm6-1': 11.09, 'm7-1': 1.0, 'm8-1': 96.11}",1.5750000000000002,7.311000000000001,8.361,inf,153.099,153.099
14,T4,BESTEFFORT,COMPLETED,m3-1,3.229,"{'m1-1': 93.4, 'm2-1': 10.4, 'm3-1': 0.98, 'm4-1': 107.08, 'm5-1': 99.35, 'm6-1': 9.82, 'm7-1': 1.12, 'm8-1': 104.11}",1.47,8.361,9.341000000000001,inf,153.229,153.229
15,T1,BESTEFFORT,COMPLETED,m3-1,3.301,"{'m1-1': 108.2, 'm2-1': 9.84, 'm3-1': 1.08, 'm4-1': 104.53, 'm5-1': 108.61, 'm6-1': 9.53, 'm7-1': 1.11, 'm8-1': 116.17}",1.62,9.341000000000001,10.421000000000001,inf,153.301,153.301
16,T3,BESTEFFORT,COMPLETED,m7-1,3.451,"{'m1-1': 109.15, 'm2-1': 11.61, 'm3-1': 1.1, 'm4-1': 96.97, 'm5-1': 104.95, 'm6-1': 10.95, 'm7-1': 1.09, 'm8-1': 92.7}",1.6350000000000002,6.607000000000001,7.697000000000001,inf,153.451,153.451
17,T2,BESTEFFORT,COMPLETED,m7-1,4.215,"{'m1-1': 110.3, 'm2-1': 10.62, 'm3-1': 1.0, 'm4-1': 99.9, 'm5-1': 99.13, 'm6-1': 11.05, 'm7-1': 1.08, 'm8-1': 117.64}",1.62,7.697000000000001,8.777000000000001,inf,154.215,154.215
18,T1,BESTEFFORT,COMPLETED,m3-1,5.022,"{'m1-1': 97.08, 'm2-1': 10.48, 'm3-1': 0.94, 'm4-1': 104.13, 'm5-1': 107.88, 'm6-1': 10.55, 'm7-1': 1.07, 'm8-1': 118.73}",1.41,10.421000000000001,11.361,inf,155.022,155.022
19,T3,BESTEFFORT,COMPLETED,m3-1,5.106,"{'m1-1': 109.52, 'm2-1': 11.01, 'm3-1': 1.1, 'm4-1': 101.83, 'm5-1': 98.91, 'm6-1': 10.1, 'm7-1': 1.09, 'm8-1': 103.84}",1.6500000000000001,11.361,12.461,inf,155.106,155.106
20,T2,BESTEFFORT,COMPLETED,m7-1,5.269,"{'m1-1': 107.09, 'm2-1': 10.7, 'm3-1': 1.06, 'm4-1': 99.64, 'm5-1': 105.9, 'm6-1': 10.95, 'm7-1': 1.03, 'm8-1': 111.19}",1.545,8.777000000000001,9.807,inf,155.269,155.269
21,T4,BESTEFFORT,COMPLETED,m3-1,5.455,"{'m1-1': 107.99, 'm2-1': 10.82, 'm3-1': 1.03, 'm4-1': 103.57, 'm5-1': 115.72, 'm6-1': 10.28, 'm7-1': 1.07, 'm8-1': 94.12}",1.545,12.461,13.491,inf,155.455,155.455
22,T3,BESTEFFORT,COMPLETED,m3-1,5.494,"{'m1-1': 98.49, 'm2-1': 10.22, 'm3-1': 1.0, 'm4-1': 111.04, 'm5-1': 107.8, 'm6-1': 11.07, 'm7-1': 1.1, 'm8-1': 106.12}",1.5,13.491,14.491,inf,155.494,155.494
23,T4,BESTEFFORT,COMPLETED,m3-1,5.806,"{'m1-1': 97.78, 'm2-1': 9.57, 'm3-1': 0.97, 'm4-1': 103.39, 'm5-1': 110.76, 'm6-1': 10.92, 'm7-1': 1.08, 'm8-1': 96.44}",1.455,14.491,15.461,inf,155.806,155.806
24,T3,BESTEFFORT,COMPLETED,m7-1,5.808,"{'m1-1': 96.54, 'm2-1': 11.74, 'm3-1': 1.1, 'm4-1': 97.74, 'm5-1': 109.02, 'm6-1': 11.8, 'm7-1': 1.1, 'm8-1': 94.68}",1.6500000000000001,9.807,10.907,inf,155.808,155.808
25,T1,BESTEFFORT,COMPLETED,m3-1,6.119,"{'m1-1': 110.98, 'm2-1': 11.24, 'm3-1': 1.05, 'm4-1': 105.97, 'm5-1': 104.54, 'm6-1': 10.57, 'm7-1': 0.94, 'm8-1': 105.03}",1.5750000000000002,15.461,16.511,inf,156.119,156.119
26,T3,BESTEFFORT,COMPLETED,m7-1,6.247,"{'m1-1': 104.99, 'm2-1': 11.62, 'm3-1': 1.09, 'm4-1': 97.15, 'm5-1': 104.16, 'm6-1': 10.92, 'm7-1': 1.01, 'm8-1': 102.65}",1.5150000000000001,10.907,11.917,inf,156.247,156.247
27,T3,BESTEFFORT,COMPLETED,m7-1,6.32,"{'m1-1': 101.44, 'm2-1': 10.86, 'm3-1': 1.11, 'm4-1': 101.98, 'm5-1': 103.55, 'm6-1': 10.91, 'm7-1': 0.95, 'm8-1': 96.29}",1.4249999999999998,11.917,12.866999999999999,inf,156.32,156.32
28,T2,BESTEFFORT,COMPLETED,m7-1,6.591,"{'m1-1': 103.97, 'm2-1': 9.52, 'm3-1': 1.02, 'm4-1': 101.25, 'm5-1': 108.01, 'm6-1': 10.64, 'm7-1': 1.09, 'm8-1': 99.79}",1.6350000000000002,12.866999999999999,13.956999999999999,inf,156.591,156.591
29,T4,BESTEFFORT,COMPLETED,m3-1,6.696,"{'m1-1': 105.95, 'm2-1': 10.81, 'm3-1': 0.97, 'm4-1': 106.93, 'm5-1': 114.18, 'm6-1': 10.05, 'm7-1': 1.09, 'm8-1': 100.27}",1.455,16.511,17.480999999999998,inf,156.696,156.696
30,T4,BESTEFFORT,COMPLETED,m3-1,7.201,"{'m1-1': 97.32, 'm2-1': 11.09, 'm3-1': 1.03, 'm4-1': 106.44, 'm5-1': 110.0, 'm6-1': 10.51, 'm7-1': 1.16, 'm8-1': 106.71}",1.545,17.480999999999998,18.511,inf,157.201,157.201
31,T4,BESTEFFORT,COMPLETED,m7-1,7.243,"{'m1-1': 101.71, 'm2-1': 10.73, 'm3-1': 0.98, 'm4-1': 108.03, 'm5-1': 103.24, 'm6-1': 10.24, 'm7-1': 1.0, 'm8-1': 95.82}",1.5,13.956999999999999,14.956999999999999,inf,157.243,157.243
32,T2,BESTEFFORT,COMPLETED,m3-1,7.308,"{'m1-1': 110.46, 'm2-1': 10.72, 'm3-1': 1.01, 'm4-1': 113.66, 'm5-1': 100.56, 'm6-1': 11.29, 'm7-1': 0.96, 'm8-1': 113.06}",1.5150000000000001,18.511,19.521,inf,157.308,157.308
33,T1,BESTEFFORT,COMPLETED,m7-1,7.378,"{'m1-1': 104.36, 'm2-1': 10.74, 'm3-1': 1.0, 'm4-1': 102.65, 'm5-1': 99.69, 'm6-1': 9.98, 'm7-1': 1.11, 'm8-1': 109.33}",1.665,14.956999999999999,16.067,inf,157.378,157.378
34,T1,BESTEFFORT,COMPLETED,m3-1,7.399,"{'m1-1': 107.78, 'm2-1': 11.51, 'm3-1': 0.92, 'm4-1': 97.07, 'm5-1': 93.89, 'm6-1': 11.11, 'm7-1': 0.98, 'm8-1': 113.69}",1.3800000000000001,19.521,20.441000000000003,inf,157.399,157.399
35,T4,BESTEFFORT,COMPLETED,m7-1,7.464,"{'m1-1': 107.84, 'm2-1': 9.53, 'm3-1': 1.04, 'm4-1': 108.03, 'm5-1': 113.09, 'm6-1': 10.51, 'm7-1': 1.03, 'm8-1': 102.51}",1.545,16.067,17.097,inf,157.464,157.464
36,T1,BESTEFFORT,COMPLETED,m3-1,7.84,"{'m1-1': 94.78, 'm2-1': 11.06, 'm3-1': 0.94, 'm4-1': 108.3, 'm5-1': 99.83, 'm6-1': 10.68, 'm7-1': 1.07, 'm8-1': 116.54}",1.41,20.441000000000003,21.381000000000004,inf,157.84,157.84
37,T1,BESTEFFORT,COMPLETED,m7-1,7.993,"{'m1-1': 105.28, 'm2-1': 9.82, 'm3-1': 0.98, 'm4-1': 100.0, 'm5-1': 108.62, 'm6-1': 10.94, 'm7-1': 0.96, 'm8-1': 110.19}",1.44,17.097,18.057000000000002,inf,157.993,157.993
38,T3,BESTEFFORT,COMPLETED,m3-1,9.197,"{'m1-1': 102.66, 'm2-1': 10.86, 'm3-1': 0.98, 'm4-1': 96.49, 'm5-1': 97.17, 'm6-1': 10.71, 'm7-1': 0.96, 'm8-1': 103.92}",1.47,21.381000000000004,22.361000000000004,inf,159.197,159.197
39,T2,BESTEFFORT,COMPLETED,m3-1,9.655,"{'m1-1': 110.36, 'm2-1': 10.37, 'm3-1': 1.0, 'm4-1': 109.86, 'm5-1': 95.4, 'm6-1': 10.13, 'm7-1': 1.03, 'm8-1': 117.41}",1.5,22.361000000000004,23.361000000000004,inf,159.655,159.655
40,T4,BESTEFFORT,COMPLETED,m3-1,9.88,"{'m1-1': 99.73, 'm2-1': 10.85, 'm3-1': 1.03, 'm4-1': 111.2, 'm5-1': 108.83, 'm6-1': 10.03, 'm7-1': 1.17, 'm8-1': 102.75}",1.545,23.361000000000004,24.391000000000005,inf,159.88,159.88
41,T3,BESTEFFORT,COMPLETED,m7-1,10.597,"{'m1-1': 101.38, 'm2-1': 9.96, 'm3-1': 1.14, 'm4-1': 105.04, 'm5-1': 103.98, 'm6-1': 11.85, 'm7-1': 1.04, 'm8-1': 92.22}",1.56,18.057000000000002,19.097,inf,160.597,160.597
42,T4,BESTEFFORT,COMPLETED,m3-1,11.048,"{'m1-1': 98.16, 'm2-1': 10.26, 'm3-1': 1.09, 'm4-1': 110.35, 'm5-1': 104.11, 'm6-1': 9.62, 'm7-1': 1.14, 'm8-1': 106.31}",1.6350000000000002,24.391000000000005,25.481000000000005,inf,161.048,161.048
43,T1,BESTEFFORT,COMPLETED,m3-1,11.082,"{'m1-1': 111.24, 'm2-1': 10.26, 'm3-1': 0.99, 'm4-1': 106.59, 'm5-1': 95.23, 'm6-1': 10.57, 'm7-1': 1.11, 'm8-1': 105.58}",1.4849999999999999,25.481000000000005,26.471000000000004,inf,161.082,161.082
44,T4,BESTEFFORT,COMPLETED,m3-1,11.802,"{'m1-1': 107.31, 'm2-1': 10.35, 'm3-1': 1.09, 'm4-1': 101.87, 'm5-1': 112.28, 'm6-1': 10.29, 'm7-1': 0.99, 'm8-1': 102.98}",1.6350000000000002,26.471000000000004,27.561000000000003,inf,161.802,161.802
45,T1,BESTEFFORT,COMPLETED,m3-1,12.829,"{'m1-1': 94.78, 'm2-1': 10.67, 'm3-1': 1.07, 'm4-1': 111.13, 'm5-1': 100.18, 'm6-1': 10.82, 'm7-1': 1.1, 'm8-1': 108.54}",1.605,27.561000000000003,28.631000000000004,inf,162.829,162.829
46,T4,BESTEFFORT,COMPLETED,m3-1,12.987,"{'m1-1': 105.15, 'm2-1': 11.12, 'm3-1': 1.05, 'm4-1': 99.91, 'm5-1': 101.82, 'm6-1': 9.34, 'm7-1': 1.09, 'm8-1': 95.73}",1.5750000000000002,28.631000000000004,29.681000000000004,inf,162.987,162.987
47,T1,BESTEFFORT,COMPLETED,m3-1,13.097,"{'m1-1': 105.42, 'm2-1': 10.59, 'm3-1': 0.93, 'm4-1': 106.31, 'm5-1': 104.54, 'm6-1': 9.98, 'm7-1': 1.02, 'm8-1': 100.3}",1.395,29.681000000000004,30.611000000000004,inf,163.097,163.097
48,T4,BESTEFFORT,COMPLETED,m3-1,13.276,"{'m1-1': 105.35, 'm2-1': 9.74, 'm3-1': 1.04, 'm4-1': 109.31, 'm5-1': 115.72, 'm6-1': 9.52, 'm7-1': 1.01, 'm8-1': 94.96}",1.56,30.611000000000004,31.651000000000003,inf,163.276,163.276
49,T1,BESTEFFORT,COMPLETED,m3-1,13.412,"{'m1-1': 94.45, 'm2-1': 10.39, 'm3-1': 0.97, 'm4-1': 112.51, 'm5-1': 103.34, 'm6-1': 11.25, 'm7-1': 1.1, 'm8-1': 102.47}",1.455,31.651000000000003,32.621,inf,163.412,163.412
50,T4,BESTEFFORT,COMPLETED,m7-1,13.464,"{'m1-1': 107.53, 'm2-1': 9.76, 'm3-1': 1.03, 'm4-1': 101.08, 'm5-1': 113.75, 'm6-1': 10.92, 'm7-1': 1.02, 'm8-1': 101.72}",1.53,19.097,20.117,inf,163.464,163.464
51,T3,BESTEFFORT,COMPLETED,m7-1,13.626,"{'m1-1': 108.33, 'm2-1': 10.1, 'm3-1': 1.06, 'm4-1': 110.13, 'm5-1': 103.72, 'm6-1': 10.71, 'm7-1': 1.1, 'm8-1': 96.36}",1.6500000000000001,20.117,21.217000000000002,inf,163.626,163.626
52,T2,BESTEFFORT,COMPLETED,m7-1,13.943,"{'m1-1': 112.18, 'm2-1': 9.27, 'm3-1': 0.98, 'm4-1': 100.27, 'm5-1': 94.38, 'm6-1': 11.02, 'm7-1': 1.04, 'm8-1': 116.31}",1.56,21.217000000000002,22.257,inf,163.943,163.943
53,T4,BESTEFFORT,COMPLETED,m7-1,14.351,"{'m1-1': 101.83, 'm2-1': 10.52, 'm3-1': 1.01, 'm4-1': 111.37, 'm5-1': 108.47, 'm6-1': 9.53, 'm7-1': 1.11, 'm8-1': 104.91}",1.665,22.257,23.367,inf,164.351,164.351
54,T3,BESTEFFORT,COMPLETED,m7-1,14.672,"{'m1-1': 96.99, 'm2-1': 10.77, 'm3-1': 0.97, 'm4-1': 101.81, 'm5-1': 101.29, 'm6-1': 10.61, 'm7-1': 1.02, 'm8-1': 97.32}",1.53,23.367,24.387,inf,164.672,164.672
55,T2,BESTEFFORT,COMPLETED,m7-1,15.456,"{'m1-1': 111.23, 'm2-1': 10.69, 'm3-1': 1.1, 'm4-1': 114.46, 'm5-1': 106.22, 'm6-1': 10.44, 'm7-1': 1.0, 'm8-1': 106.62}",1.5,24.387,25.387,inf,165.456,165.456
56,T4,BESTEFFORT,COMPLETED,m3-1,15.774,"{'m1-1': 99.37, 'm2-1': 10.44, 'm3-1': 0.96, 'm4-1': 100.14, 'm5-1': 111.9, 'm6-1': 10.88, 'm7-1': 1.0, 'm8-1': 96.92}",1.44,32.621,33.581,inf,165.774,165.774
57,T1,BESTEFFORT,COMPLETED,m3-1,15.944,"{'m1-1': 108.82, 'm2-1': 11.15, 'm3-1': 0.92, 'm4-1': 94.84, 'm5-1': 109.35, 'm6-1': 11.27, 'm7-1': 0.97, 'm8-1': 118.74}",1.3800000000000001,33.581,34.501000000000005,inf,165.944,165.944
58,T3,BESTEFFORT,COMPLETED,m7-1,15.947,"{'m1-1': 99.63, 'm2-1': 10.58, 'm3-1': 1.09, 'm4-1': 111.31, 'm5-1': 107.22, 'm6-1': 11.29, 'm7-1': 1.05, 'm8-1': 102.66}",1.5750000000000002,25.387,26.437,inf,165.947,165.947
59,T3,BESTEFFORT,COMPLETED,m3-1,16.281,"{'m1-1': 112.68, 'm2-1': 10.64, 'm3-1': 1.02, 'm4-1': 99.06, 'm5-1': 92.25, 'm6-1': 11.8, 'm7-1': 0.94, 'm8-1': 94.28}",1.53,34.501000000000005,35.52100000000001,inf,166.281,166.281
60,T1,BESTEFFORT,COMPLETED,m3-1,16.29,"{'m1-1': 94.57, 'm2-1': 11.45, 'm3-1': 1.07, 'm4-1': 101.47, 'm5-1': 95.93, 'm6-1': 9.61, 'm7-1': 0.96, 'm8-1': 116.14}",1.605,35.52100000000001,36.59100000000001,inf,166.29,166.29
61,T4,BESTEFFORT,COMPLETED,m3-1,16.583,"{'m1-1': 104.28, 'm2-1': 9.46, 'm3-1': 0.92, 'm4-1': 97.99, 'm5-1': 101.14, 'm6-1': 9.75, 'm7-1': 1.03, 'm8-1': 103.3}",1.3800000000000001,36.59100000000001,37.51100000000001,inf,166.583,166.583
62,T4,BESTEFFORT,COMPLETED,m3-1,17.121,"{'m1-1': 107.64, 'm2-1': 9.95, 'm3-1': 0.92, 'm4-1': 100.1, 'm5-1': 108.21, 'm6-1': 11.0, 'm7-1': 1.1, 'm8-1': 96.88}",1.3800000000000001,37.51100000000001,38.43100000000001,inf,167.121,167.121
63,T2,BESTEFFORT,COMPLETED,m7-1,17.963,"{'m1-1': 104.78, 'm2-1': 9.72, 'm3-1': 0.95, 'm4-1': 99.09, 'm5-1': 92.79, 'm6-1': 10.38, 'm7-1': 0.97, 'm8-1': 105.29}",1.455,26.437,27.407,inf,167.963,167.963
64,T1,BESTEFFORT,COMPLETED,m7-1,18.005,"{'m1-1': 102.29, 'm2-1': 11.61, 'm3-1': 0.92, 'm4-1': 100.52, 'm5-1': 106.59, 'm6-1': 9.9, 'm7-1': 0.98, 'm8-1': 104.59}",1.47,27.407,28.387,inf,168.005,168.005
65,T2,BESTEFFORT,COMPLETED,m3-1,18.477,"{'m1-1': 95.81, 'm2-1': 10.78, 'm3-1': 1.12, 'm4-1': 100.31, 'm5-1': 100.27, 'm6-1': 11.16, 'm7-1': 1.0, 'm8-1': 104.11}",1.6800000000000002,38.43100000000001,39.55100000000001,inf,168.477,168.477
66,T4,BESTEFFORT,COMPLETED,m3-1,18.614,"{'m1-1': 98.11, 'm2-1': 10.71, 'm3-1': 0.99, 'm4-1': 109.78, 'm5-1': 111.33, 'm6-1': 9.76, 'm7-1': 1.11, 'm8-1': 93.42}",1.4849999999999999,39.55100000000001,40.54100000000001,inf,168.614,168.614
67,T3,BESTEFFORT,COMPLETED,m7-1,18.635,"{'m1-1': 103.06, 'm2-1': 11.18, 'm3-1': 1.13, 'm4-1': 103.21, 'm5-1': 104.27, 'm6-1': 11.76, 'm7-1': 1.05, 'm8-1': 101.02}",1.5750000000000002,28.387,29.437,inf,168.635,168.635
68,T4,BESTEFFORT,COMPLETED,m3-1,19.174,"{'m1-1': 108.65, 'm2-1': 10.81, 'm3-1': 1.04, 'm4-1': 112.17, 'm5-1': 114.67, 'm6-1': 10.25, 'm7-1': 1.14, 'm8-1': 108.11}",1.56,40.54100000000001,41.58100000000001,inf,169.174,169.174
69,T3,BESTEFFORT,COMPLETED,m3-1,19.722,"{'m1-1': 106.5, 'm2-1': 11.13, 'm3-1': 1.04, 'm4-1': 107.84, 'm5-1': 94.58, 'm6-1': 11.91, 'm7-1': 1.1, 'm8-1': 107.09}",1.56,41.58100000000001,42.62100000000001,inf,169.722,169.722
70,T2,BESTEFFORT,COMPLETED,m7-1,19.872,"{'m1-1': 108.54, 'm2-1': 9.64, 'm3-1': 0.97, 'm4-1': 110.82, 'm5-1': 108.77, 'm6-1': 10.3, 'm7-1': 1.0, 'm8-1': 100.65}",1.5,29.437,30.437,inf,169.872,169.872
71,T1,BESTEFFORT,COMPLETED,m7-1,19.999,"{'m1-1': 108.57, 'm2-1': 10.82, 'm3-1': 0.95, 'm4-1': 94.81, 'm5-1': 99.46, 'm6-1': 10.7, 'm7-1': 1.07, 'm8-1': 116.07}",1.605,30.437,31.507,inf,169.999,169.999
72,T3,BESTEFFORT,COMPLETED,m7-1,20.195,"{'m1-1': 101.96, 'm2-1': 10.95, 'm3-1': 0.98, 'm4-1': 103.14, 'm5-1': 95.67, 'm6-1': 11.72, 'm7-1': 1.06, 'm8-1': 102.11}",1.59,31.507,32.567,inf,170.195,170.195
73,T1,BESTEFFORT,COMPLETED,m3-1,20.272,"{'m1-1': 104.01, 'm2-1': 10.21, 'm3-1': 1.04, 'm4-1': 102.97, 'm5-1': 108.69, 'm6-1': 9.66, 'm7-1': 1.04, 'm8-1': 100.95}",1.56,42.62100000000001,43.66100000000001,inf,170.272,170.272
74,T1,BESTEFFORT,COMPLETED,m3-1,20.642,"{'m1-1': 102.62, 'm2-1': 10.8, 'm3-1': 1.02, 'm4-1': 102.12, 'm5-1': 99.26, 'm6-1': 10.74, 'm7-1': 1.1, 'm8-1': 104.76}",1.53,43.66100000000001,44.68100000000001,inf,170.642,170.642
75,T2,BESTEFFORT,COMPLETED,m7-1,20.687,"{'m1-1': 105.29, 'm2-1': 9.61, 'm3-1': 0.96, 'm4-1': 102.16, 'm5-1': 94.16, 'm6-1': 11.65, 'm7-1': 0.97, 'm8-1': 112.95}",1.455,32.567,33.537,inf,170.687,170.687
76,T4,BESTEFFORT,COMPLETED,m7-1,20.846,"{'m1-1': 97.69, 'm2-1': 10.46, 'm3-1': 0.93, 'm4-1': 103.0, 'm5-1': 101.99, 'm6-1': 10.1, 'm7-1': 1.13, 'm8-1': 98.23}",1.6949999999999998,33.537,34.667,inf,170.846,170.846
77,T3,BESTEFFORT,COMPLETED,m3-1,20.863,"{'m1-1': 101.58, 'm2-1': 11.21, 'm3-1': 1.05, 'm4-1': 99.52, 'm5-1': 99.54, 'm6-1': 11.82, 'm7-1': 1.06, 'm8-1': 97.96}",1.5750000000000002,44.68100000000001,45.73100000000001,inf,170.863,170.863
78,T3,BESTEFFORT,COMPLETED,m7-1,20.961,"{'m1-1': 97.98, 'm2-1': 11.75, 'm3-1': 1.0, 'm4-1': 107.46, 'm5-1': 94.94, 'm6-1': 11.58, 'm7-1': 1.03, 'm8-1': 103.86}",1.545,34.667,35.697,inf,170.961,170.961
79,T3,BESTEFFORT,COMPLETED,m3-1,21.086,"{'m1-1': 109.58, 'm2-1': 11.41, 'm3-1': 1.05, 'm4-1': 110.13, 'm5-1': 109.47, 'm6-1': 10.66, 'm7-1': 1.04, 'm8-1': 92.09}",1.5750000000000002,45.73100000000001,46.781000000000006,inf,171.086,171.086
80,T3,BESTEFFORT,COMPLETED,m3-1,21.164,"{'m1-1': 100.94, 'm2-1': 10.46, 'm3-1': 1.0, 'm4-1': 109.08, 'm5-1': 105.85, 'm6-1': 10.29, 'm7-1': 0.97, 'm8-1': 98.98}",1.5,46.781000000000006,47.781000000000006,inf,171.164,171.164
81,T2,BESTEFFORT,COMPLETED,m7-1,21.308,"{'m1-1': 99.41, 'm2-1': 9.48, 'm3-1': 0.96, 'm4-1': 100.34, 'm5-1': 104.35, 'm6-1': 10.6, 'm7-1': 1.01, 'm8-1': 114.49}",1.5150000000000001,35.697,36.707,inf,171.308,171.308
82,T3,BESTEFFORT,COMPLETED,m7-1,21.459,"{'m1-1': 101.99, 'm2-1': 10.76, 'm3-1': 1.02, 'm4-1': 105.21, 'm5-1': 104.36, 'm6-1': 10.01, 'm7-1': 0.98, 'm8-1': 97.59}",1.47,36.707,37.687,inf,171.459,171.459
83,T3,BESTEFFORT,COMPLETED,m7-1,21.46,"{'m1-1': 108.34, 'm2-1': 10.5, 'm3-1': 1.07, 'm4-1': 111.2, 'm5-1': 104.9, 'm6-1': 10.71, 'm7-1': 0.99, 'm8-1': 93.46}",1.4849999999999999,37.687,38.677,inf,171.46,171.46
84,T3,BESTEFFORT,COMPLETED,m7-1,21.551,"{'m1-1': 113.04, 'm2-1': 10.06, 'm3-1': 1.03, 'm4-1': 105.91, 'm5-1': 93.61, 'm6-1': 11.89, 'm7-1': 1.03, 'm8-1': 105.37}",1.545,38.677,39.707,inf,171.551,171.551
85,T3,BESTEFFORT,COMPLETED,m3-1,23.519,"{'m1-1': 100.14, 'm2-1': 11.07, 'm3-1': 1.13, 'm4-1': 108.94, 'm5-1': 106.89, 'm6-1': 10.09, 'm7-1': 1.02, 'm8-1': 102.6}",1.6949999999999998,47.781000000000006,48.91100000000001,inf,173.519,173.519
86,T1,BESTEFFORT,COMPLETED,m3-1,23.745,"{'m1-1': 102.61, 'm2-1': 10.23, 'm3-1': 1.02, 'm4-1': 108.73, 'm5-1': 106.02, 'm6-1': 11.2, 'm7-1': 0.97, 'm8-1': 109.56}",1.53,48.91100000000001,49.93100000000001,inf,173.745,173.745
87,T2,BESTEFFORT,COMPLETED,m7-1,24.203,"{'m1-1': 95.17, 'm2-1': 10.0, 'm3-1': 1.09, 'm4-1': 113.82, 'm5-1': 107.91, 'm6-1': 11.3, 'm7-1': 1.0, 'm8-1': 110.06}",1.5,39.707,40.707,inf,174.203,174.203
88,T3,BESTEFFORT,COMPLETED,m3-1,24.924,"{'m1-1': 108.74, 'm2-1': 11.09, 'm3-1': 1.08, 'm4-1': 103.45, 'm5-1': 105.39, 'm6-1': 11.36, 'm7-1': 1.02, 'm8-1': 105.07}",1.62,49.93100000000001,51.01100000000001,inf,174.924,174.924
89,T3,BESTEFFORT,COMPLETED,m3-1,26.789,"{'m1-1': 107.62, 'm2-1': 11.04, 'm3-1': 1.11, 'm4-1': 96.67, 'm5-1': 96.59, 'm6-1': 11.27, 'm7-1': 1.1, 'm8-1': 101.83}",1.665,51.01100000000001,52.12100000000001,inf,176.789,176.789
90,T2,BESTEFFORT,COMPLETED,m7-1,27.072,"{'m1-1': 105.0, 'm2-1': 10.32, 'm3-1': 1.03, 'm4-1': 107.2, 'm5-1': 98.69, 'm6-1': 10.94, 'm7-1': 1.09, 'm8-1': 112.58}",1.6350000000000002,40.707,41.797000000000004,inf,177.072,177.072
91,T4,BESTEFFORT,COMPLETED,m3-1,27.411,"{'m1-1': 107.74, 'm2-1': 10.12, 'm3-1': 1.03, 'm4-1': 108.56, 'm5-1': 102.63, 'm6-1': 9.92, 'm7-1': 1.09, 'm8-1': 101.58}",1.545,52.12100000000001,53.15100000000001,inf,177.411,177.411
92,T3,BESTEFFORT,COMPLETED,m7-1,27.965,"{'m1-1': 113.54, 'm2-1': 10.35, 'm3-1': 1.09, 'm4-1': 97.2, 'm5-1': 100.05, 'm6-1': 11.41, 'm7-1': 1.02, 'm8-1': 91.92}",1.53,41.797000000000004,42.81700000000001,inf,177.965,177.965
93,T3,BESTEFFORT,COMPLETED,m7-1,28.085,"{'m1-1': 101.09, 'm2-1': 10.11, 'm3-1': 1.02, 'm4-1': 98.59, 'm5-1': 95.76, 'm6-1': 10.24, 'm7-1': 1.07, 'm8-1': 100.72}",1.605,42.81700000000001,43.88700000000001,inf,178.085,178.085
94,T2,BESTEFFORT,COMPLETED,m3-1,28.668,"{'m1-1': 110.33, 'm2-1': 10.7, 'm3-1': 1.12, 'm4-1': 111.02, 'm5-1': 105.12, 'm6-1': 11.7, 'm7-1': 0.98, 'm8-1': 101.05}",1.6800000000000002,53.15100000000001,54.27100000000001,inf,178.668,178.668
95,T1,BESTEFFORT,COMPLETED,m3-1,28.952,"{'m1-1': 95.0, 'm2-1': 11.51, 'm3-1': 0.95, 'm4-1': 107.57, 'm5-1': 97.72, 'm6-1': 11.03, 'm7-1': 1.07, 'm8-1': 107.02}",1.4249999999999998,54.27100000000001,55.22100000000001,inf,178.952,178.952
96,T3,BESTEFFORT,COMPLETED,m7-1,28.984,"{'m1-1': 110.96, 'm2-1': 11.12, 'm3-1': 1.03, 'm4-1': 106.42, 'm5-1': 103.82, 'm6-1': 11.2, 'm7-1': 1.01, 'm8-1': 92.58}",1.5150000000000001,43.88700000000001,44.897000000000006,inf,178.984,178.984
97,T4,BESTEFFORT,COMPLETED,m3-1,29.054,"{'m1-1': 93.94, 'm2-1': 10.54, 'm3-1': 0.95, 'm4-1': 104.1, 'm5-1': 115.7, 'm6-1': 10.44, 'm7-1': 1.07, 'm8-1': 106.31}",1.4249999999999998,55.22100000000001,56.171000000000014,inf,179.054,179.054
98,T4,BESTEFFORT,COMPLETED,m3-1,29.188,"{'m1-1': 105.08, 'm2-1': 9.98, 'm3-1': 1.04, 'm4-1': 111.84, 'm5-1': 107.96, 'm6-1': 10.96, 'm7-1': 1.11, 'm8-1': 100.4}",1.56,56.171000000000014,57.21100000000001,inf,179.188,179.188
99,T2,BESTEFFORT,COMPLETED,m7-1,29.25,"{'m1-1': 106.9, 'm2-1': 9.56, 'm3-1': 1.03, 'm4-1': 100.64, 'm5-1': 103.08, 'm6-1': 11.34, 'm7-1': 1.09, 'm8-1': 104.76}",1.6350000000000002,44.897000000000006,45.98700000000001,inf,179.25,179.25
100,T3,BESTEFFORT,COMPLETED,m3-1,29.272,"{'m1-1': 110.87, 'm2-1': 10.85, 'm3-1': 1.02, 'm4-1': 94.54, 'm5-1': 100.76, 'm6-1': 11.39, 'm7-1': 0.99, 'm8-1': 91.94}",1.53,57.21100000000001,58.231000000000016,inf,179.272,179.272
101,T4,BESTEFFORT,COMPLETED,m7-1,29.373,"{'m1-1': 108.79, 'm2-1': 9.83, 'm3-1': 1.06, 'm4-1': 108.21, 'm5-1': 105.26, 'm6-1': 10.59, 'm7-1': 1.13, 'm8-1': 99.99}",1.6949999999999998,45.98700000000001,47.11700000000001,inf,179.373,179.373
102,T2,BESTEFFORT,COMPLETED,m7-1,29.499,"{'m1-1': 108.49, 'm2-1': 9.94, 'm3-1': 0.96, 'm4-1': 108.8, 'm5-1': 104.82, 'm6-1': 10.8, 'm7-1': 1.08, 'm8-1': 101.6}",1.62,47.11700000000001,48.19700000000001,inf,179.499,179.499
103,T3,BESTEFFORT,COMPLETED,m3-1,29.925,"{'m1-1': 109.19, 'm2-1': 9.96, 'm3-1': 0.99, 'm4-1': 98.24, 'm5-1': 96.26, 'm6-1': 11.24, 'm7-1': 1.04, 'm8-1': 104.29}",1.4849999999999999,58.231000000000016,59.22100000000002,inf,179.925,179.925
104,T2,BESTEFFORT,COMPLETED,m7-1,29.948,"{'m1-1': 110.8, 'm2-1': 9.68, 'm3-1': 0.97, 'm4-1': 108.7, 'm5-1': 102.32, 'm6-1': 9.99, 'm7-1': 0.94, 'm8-1': 104.46}",1.41,48.19700000000001,49.13700000000001,inf,179.948,179.948
105,T3,BESTEFFORT,COMPLETED,m7-1,30.031,"{'m1-1': 110.61, 'm2-1': 11.14, 'm3-1': 1.1, 'm4-1': 95.59, 'm5-1': 98.38, 'm6-1': 10.94, 'm7-1': 0.96, 'm8-1': 96.76}",1.44,49.13700000000001,50.09700000000001,inf,180.031,180.031
106,T3,BESTEFFORT,COMPLETED,m3-1,30.137,"{'m1-1': 98.62, 'm2-1': 10.14, 'm3-1': 1.06, 'm4-1': 102.62, 'm5-1': 99.42, 'm6-1': 11.4, 'm7-1': 0.97, 'm8-1': 91.64}",1.59,59.22100000000002,60.28100000000002,inf,180.137,180.137
107,T1,BESTEFFORT,COMPLETED,m3-1,30.227,"{'m1-1': 99.03, 'm2-1': 11.5, 'm3-1': 1.03, 'm4-1': 108.72, 'm5-1': 96.37, 'm6-1': 10.28, 'm7-1': 1.02, 'm8-1': 114.6}",1.545,60.28100000000002,61.31100000000002,inf,180.227,180.227
108,T1,BESTEFFORT,COMPLETED,m3-1,30.353,"{'m1-1': 97.95, 'm2-1': 11.08, 'm3-1': 1.06, 'm4-1': 99.26, 'm5-1': 95.65, 'm6-1': 10.66, 'm7-1': 1.05, 'm8-1': 113.64}",1.59,61.31100000000002,62.37100000000002,inf,180.353,180.353
109,T2,BESTEFFORT,COMPLETED,m7-1,30.556,"{'m1-1': 112.6, 'm2-1': 9.78, 'm3-1': 1.05, 'm4-1': 115.38, 'm5-1': 95.42, 'm6-1': 11.61, 'm7-1': 1.0, 'm8-1': 114.62}",1.5,50.09700000000001,51.09700000000001,inf,180.556,180.556
110,T1,BESTEFFORT,COMPLETED,m7-1,30.718,"{'m1-1': 108.34, 'm2-1': 9.92, 'm3-1': 0.95, 'm4-1': 107.6, 'm5-1': 108.75, 'm6-1': 9.96, 'm7-1': 1.02, 'm8-1': 115.29}",1.53,51.09700000000001,52.11700000000001,inf,180.718,180.718
111,T2,BESTEFFORT,COMPLETED,m3-1,30.739,"{'m1-1': 95.43, 'm2-1': 10.66, 'm3-1': 0.96, 'm4-1': 112.18, 'm5-1': 95.91, 'm6-1': 11.15, 'm7-1': 1.01, 'm8-1': 102.01}",1.44,62.37100000000002,63.331000000000024,inf,180.739,180.739
112,T3,BESTEFFORT,COMPLETED,m7-1,30.933,"{'m1-1': 106.56, 'm2-1': 11.04, 'm3-1': 1.07, 'm4-1': 110.76, 'm5-1': 98.81, 'm6-1': 10.16, 'm7-1': 1.0, 'm8-1': 93.24}",1.5,52.11700000000001,53.11700000000001,inf,180.933,180.933
113,T4,BESTEFFORT,COMPLETED,m3-1,31.006,"{'m1-1': 99.05, 'm2-1': 9.45, 'm3-1': 1.03, 'm4-1': 95.17, 'm5-1': 99.64, 'm6-1': 10.06, 'm7-1': 1.02, 'm8-1': 95.19}",1.545,63.331000000000024,64.36100000000002,inf,181.006,181.006
114,T4,BESTEFFORT,COMPLETED,m3-1,31.369,"{'m1-1': 100.02, 'm2-1': 10.84, 'm3-1': 1.08, 'm4-1': 107.27, 'm5-1': 103.96, 'm6-1': 10.66, 'm7-1': 1.05, 'm8-1': 102.01}",1.62,64.36100000000002,65.44100000000002,inf,181.369,181.369
115,T4,BESTEFFORT,COMPLETED,m3-1,31.591,"{'m1-1': 107.73, 'm2-1': 10.02, 'm3-1': 1.09, 'm4-1': 97.3, 'm5-1': 106.3, 'm6-1': 9.49, 'm7-1': 1.15, 'm8-1': 96.7}",1.6350000000000002,65.44100000000002,66.53100000000002,inf,181.591,181.591
116,T2,BESTEFFORT,COMPLETED,m7-1,33.315,"{'m1-1': 103.58, 'm2-1': 9.66, 'm3-1': 1.11, 'm4-1': 112.74, 'm5-1': 100.06, 'm6-1': 10.45, 'm7-1': 0.97, 'm8-1': 107.3}",1.455,53.11700000000001,54.08700000000001,inf,183.315,183.315
117,T2,BESTEFFORT,COMPLETED,m3-1,33.594,"{'m1-1': 108.33, 'm2-1': 10.3, 'm3-1': 1.0, 'm4-1': 111.88, 'm5-1': 99.92, 'm6-1': 11.66, 'm7-1': 0.93, 'm8-1': 115.65}",1.5,66.53100000000002,67.53100000000002,inf,183.594,183.594
118,T1,BESTEFFORT,COMPLETED,m3-1,33.989,"{'m1-1': 108.22, 'm2-1': 9.92, 'm3-1': 1.07, 'm4-1': 112.04, 'm5-1': 93.69, 'm6-1': 11.18, 'm7-1': 0.99, 'm8-1': 117.78}",1.605,67.53100000000002,68.60100000000001,inf,183.989,183.989
119,T3,BESTEFFORT,COMPLETED,m7-1,34.176,"{'m1-1': 100.82, 'm2-1': 10.08, 'm3-1': 0.98, 'm4-1': 103.22, 'm5-1': 94.44, 'm6-1': 11.56, 'm7-1': 0.98, 'm8-1': 93.75}",1.47,54.08700000000001,55.06700000000001,inf,184.176,184.176
120,T3,BESTEFFORT,COMPLETED,m3-1,34.722,"{'m1-1': 105.81, 'm2-1': 10.11, 'm3-1': 0.98, 'm4-1': 107.26, 'm5-1': 108.7, 'm6-1': 10.59, 'm7-1': 1.06, 'm8-1': 106.33}",1.47,68.60100000000001,69.58100000000002,inf,184.722,184.722
121,T3,BESTEFFORT,COMPLETED,m7-1,34.95,"{'m1-1': 109.52, 'm2-1': 11.18, 'm3-1': 1.07, 'm4-1': 104.09, 'm5-1': 100.0, 'm6-1': 11.38, 'm7-1': 1.11, 'm8-1': 104.27}",1.665,55.06700000000001,56.17700000000001,inf,184.95,184.95
122,T2,BESTEFFORT,COMPLETED,m3-1,35.432,"{'m1-1': 112.06, 'm2-1': 10.5, 'm3-1': 1.1, 'm4-1': 110.59, 'm5-1': 98.62, 'm6-1': 10.85, 'm7-1': 1.04, 'm8-1': 117.86}",1.6500000000000001,69.58100000000002,70.68100000000001,inf,185.43200000000002,185.43200000000002
123,T2,BESTEFFORT,COMPLETED,m7-1,35.616,"{'m1-1': 111.4, 'm2-1': 9.3, 'm3-1': 0.99, 'm4-1': 100.05, 'm5-1': 95.19, 'm6-1': 11.25, 'm7-1': 1.02, 'm8-1': 113.43}",1.53,56.17700000000001,57.19700000000001,inf,185.61599999999999,185.61599999999999
124,T4,BESTEFFORT,COMPLETED,m3-1,35.651,"{'m1-1': 106.13, 'm2-1': 10.85, 'm3-1': 1.05, 'm4-1': 105.7, 'm5-1': 102.4, 'm6-1': 10.57, 'm7-1': 1.08, 'm8-1': 99.22}",1.5750000000000002,70.68100000000001,71.73100000000001,inf,185.651,185.651
125,T4,BESTEFFORT,COMPLETED,m3-1,35.674,"{'m1-1': 109.64, 'm2-1': 10.53, 'm3-1': 1.03, 'm4-1': 108.56, 'm5-1': 116.61, 'm6-1': 10.37, 'm7-1': 1.15, 'm8-1': 95.06}",1.545,71.73100000000001,72.76100000000001,inf,185.674,185.674
126,T4,BESTEFFORT,COMPLETED,m3-1,35.722,"{'m1-1': 101.37, 'm2-1': 10.89, 'm3-1': 1.08, 'm4-1': 101.34, 'm5-1': 102.24, 'm6-1': 10.32, 'm7-1': 1.06, 'm8-1': 102.54}",1.62,72.76100000000001,73.84100000000001,inf,185.722,185.722
127,T1,BESTEFFORT,COMPLETED,m3-1,35.951,"{'m1-1': 104.15, 'm2-1': 10.76, 'm3-1': 1.07, 'm4-1': 100.31, 'm5-1': 99.61, 'm6-1': 9.6, 'm7-1': 1.11, 'm8-1': 110.76}",1.605,73.84100000000001,74.911,inf,185.951,185.951
128,T4,BESTEFFORT,COMPLETED,m3-1,35.989,"{'m1-1': 98.41, 'm2-1': 9.58, 'm3-1': 0.99, 'm4-1': 107.91, 'm5-1': 115.72, 'm6-1': 9.95, 'm7-1': 1.14, 'm8-1': 105.22}",1.4849999999999999,74.911,75.901,inf,185.989,185.989
129,T4,BESTEFFORT,COMPLETED,m3-1,36.179,"{'m1-1': 105.15, 'm2-1': 10.66, 'm3-1': 1.02, 'm4-1': 110.68, 'm5-1': 114.07, 'm6-1': 9.4, 'm7-1': 1.11, 'm8-1': 98.33}",1.53,75.901,76.92099999999999,inf,186.179,186.179
130,T2,BESTEFFORT,COMPLETED,m7-1,36.738,"{'m1-1': 99.44, 'm2-1': 10.85, 'm3-1': 1.02, 'm4-1': 110.22, 'm5-1': 109.53, 'm6-1': 10.15, 'm7-1': 1.0, 'm8-1': 105.8}",1.5,57.19700000000001,58.19700000000001,inf,186.738,186.738
131,T4,BESTEFFORT,COMPLETED,m3-1,36.954,"{'m1-1': 95.63, 'm2-1': 11.1, 'm3-1': 0.95, 'm4-1': 98.52, 'm5-1': 107.62, 'm6-1': 10.8, 'm7-1': 1.13, 'm8-1': 92.56}",1.4249999999999998,76.92099999999999,77.871,inf,186.954,186.954
132,T4,BESTEFFORT,COMPLETED,m3-1,36.973,"{'m1-1': 93.35, 'm2-1': 11.03, 'm3-1': 0.94, 'm4-1': 103.01, 'm5-1': 117.04, 'm6-1': 10.86, 'm7-1': 1.1, 'm8-1': 104.25}",1.41,77.871,78.81099999999999,inf,186.973,186.973
133,T2,BESTEFFORT,COMPLETED,m7-1,37.132,"{'m1-1': 99.76, 'm2-1': 9.54, 'm3-1': 0.99, 'm4-1': 109.51, 'm5-1': 93.45, 'm6-1': 11.56, 'm7-1': 0.97, 'm8-1': 111.3}",1.455,58.19700000000001,59.16700000000001,inf,187.132,187.132
134,T4,BESTEFFORT,COMPLETED,m3-1,37.365,"{'m1-1': 105.0, 'm2-1': 10.78, 'm3-1': 0.98, 'm4-1': 98.17, 'm5-1': 111.65, 'm6-1': 9.75, 'm7-1': 1.0, 'm8-1': 99.25}",1.47,78.81099999999999,79.791,inf,187.365,187.365
135,T4,BESTEFFORT,COMPLETED,m3-1,37.504,"{'m1-1': 94.21, 'm2-1': 10.5, 'm3-1': 0.99, 'm4-1': 106.04, 'm5-1': 108.63, 'm6-1': 9.88, 'm7-1': 1.07, 'm8-1': 92.97}",1.4849999999999999,79.791,80.78099999999999,inf,187.504,187.504
136,T2,BESTEFFORT,COMPLETED,m7-1,37.803,"{'m1-1': 107.61, 'm2-1': 9.62, 'm3-1': 1.02, 'm4-1': 112.55, 'm5-1': 94.4, 'm6-1': 11.19, 'm7-1': 0.96, 'm8-1': 109.31}",1.44,59.16700000000001,60.12700000000001,inf,187.803,187.803
137,T2,BESTEFFORT,COMPLETED,m7-1,38.069,"{'m1-1': 104.41, 'm2-1': 10.22, 'm3-1': 1.07, 'm4-1': 104.48, 'm5-1': 99.99, 'm6-1': 10.02, 'm7-1': 1.08, 'm8-1': 101.51}",1.62,60.12700000000001,61.20700000000001,inf,188.06900000000002,188.06900000000002
138,T3,BESTEFFORT,COMPLETED,m7-1,38.431,"{'m1-1': 111.54, 'm2-1': 10.02, 'm3-1': 1.15, 'm4-1': 101.52, 'm5-1': 103.4, 'm6-1': 11.73, 'm7-1': 1.02, 'm8-1': 104.55}",1.53,61.20700000000001,62.22700000000001,inf,188.43099999999998,188.43099999999998
139,T4,BESTEFFORT,COMPLETED,m3-1,38.679,"{'m1-1': 104.32, 'm2-1': 9.56, 'm3-1': 0.96, 'm4-1': 103.66, 'm5-1': 106.61, 'm6-1': 10.13, 'm7-1': 1.0, 'm8-1': 99.35}",1.44,80.78099999999999,81.74099999999999,inf,188.679,188.679
140,T2,BESTEFFORT,COMPLETED,m7-1,38.764,"{'m1-1': 102.66, 'm2-1': 9.36, 'm3-1': 1.0, 'm4-1': 115.57, 'm5-1': 109.08, 'm6-1': 11.21, 'm7-1': 1.0, 'm8-1': 111.76}",1.5,62.22700000000001,63.22700000000001,inf,188.764,188.764
141,T2,BESTEFFORT,COMPLETED,m7-1,38.783,"{'m1-1': 106.33, 'm2-1': 9.87, 'm3-1': 1.08, 'm4-1': 111.95, 'm5-1': 108.08, 'm6-1': 10.2, 'm7-1': 1.06, 'm8-1': 111.45}",1.59,63.22700000000001,64.287,inf,188.78300000000002,188.78300000000002
142,T1,BESTEFFORT,COMPLETED,m7-1,38.794,"{'m1-1': 102.34, 'm2-1': 9.83, 'm3-1': 0.99, 'm4-1': 98.56, 'm5-1': 109.32, 'm6-1': 10.18, 'm7-1': 1.1, 'm8-1': 109.99}",1.6500000000000001,64.287,65.387,inf,188.79399999999998,188.79399999999998
143,T2,BESTEFFORT,COMPLETED,m3-1,38.823,"{'m1-1': 96.58, 'm2-1': 10.17, 'm3-1': 1.06, 'm4-1': 99.36, 'm5-1': 92.53, 'm6-1': 10.25, 'm7-1': 1.0, 'm8-1': 106.38}",1.59,81.74099999999999,82.80099999999999,inf,188.823,188.823
144,T2,BESTEFFORT,COMPLETED,m7-1,38.972,"{'m1-1': 107.38, 'm2-1': 10.12, 'm3-1': 1.1, 'm4-1': 100.07, 'm5-1': 104.02, 'm6-1': 11.6, 'm7-1': 0.95, 'm8-1': 99.88}",1.4249999999999998,65.387,66.337,inf,188.972,188.972
145,T2,BESTEFFORT,COMPLETED,m7-1,39.591,"{'m1-1': 104.21, 'm2-1': 10.4, 'm3-1': 1.08, 'm4-1': 115.6, 'm5-1': 92.65, 'm6-1': 10.69, 'm7-1': 1.05, 'm8-1': 115.56}",1.5750000000000002,66.337,67.387,inf,189.591,189.591
146,T4,BESTEFFORT,COMPLETED,m3-1,39.674,"{'m1-1': 104.56, 'm2-1': 10.18, 'm3-1': 0.94, 'm4-1': 110.28, 'm5-1': 107.6, 'm6-1': 10.74, 'm7-1': 1.09, 'm8-1': 93.72}",1.41,82.80099999999999,83.74099999999999,inf,189.674,189.674
147,T4,BESTEFFORT,COMPLETED,m3-1,39.753,"{'m1-1': 96.91, 'm2-1': 9.54, 'm3-1': 1.02, 'm4-1': 102.01, 'm5-1': 107.58, 'm6-1': 10.22, 'm7-1': 1.03, 'm8-1': 107.3}",1.53,83.74099999999999,84.76099999999998,inf,189.753,189.753
148,T1,BESTEFFORT,COMPLETED,m3-1,39.815,"{'m1-1': 105.41, 'm2-1': 11.54, 'm3-1': 1.06, 'm4-1': 110.59, 'm5-1': 104.46, 'm6-1': 9.5, 'm7-1': 0.95, 'm8-1': 104.64}",1.59,84.76099999999998,85.82099999999998,inf,189.815,189.815
149,T4,BESTEFFORT,COMPLETED,m7-1,40.05,"{'m1-1': 102.6, 'm2-1': 10.27, 'm3-1': 0.97, 'm4-1': 96.6, 'm5-1': 101.99, 'm6-1': 10.22, 'm7-1': 1.1, 'm8-1': 100.89}",1.6500000000000001,67.387,68.487,inf,190.05,190.05
150,T2,BESTEFFORT,COMPLETED,m7-1,40.071,"{'m1-1': 102.21, 'm2-1': 10.72, 'm3-1': 1.11, 'm4-1': 111.06, 'm5-1': 102.83, 'm6-1': 10.31, 'm7-1': 0.94, 'm8-1': 103.79}",1.41,68.487,69.42699999999999,inf,190.071,190.071
151,T4,BESTEFFORT,COMPLETED,m3-1,40.152,"{'m1-1': 106.65, 'm2-1': 10.03, 'm3-1': 1.06, 'm4-1': 101.98, 'm5-1': 99.02, 'm6-1': 9.82, 'm7-1': 1.02, 'm8-1': 99.97}",1.59,85.82099999999998,86.88099999999999,inf,190.152,190.152
152,T3,BESTEFFORT,COMPLETED,m3-1,40.639,"{'m1-1': 109.56, 'm2-1': 10.09, 'm3-1': 1.11, 'm4-1': 99.73, 'm5-1': 99.1, 'm6-1': 10.24, 'm7-1': 1.06, 'm8-1': 102.59}",1.665,86.88099999999999,87.99099999999999,inf,190.639,190.639
153,T1,BESTEFFORT,COMPLETED,m7-1,40.704,"{'m1-1': 111.06, 'm2-1': 10.18, 'm3-1': 0.97, 'm4-1': 109.7, 'm5-1': 97.39, 'm6-1': 9.54, 'm7-1': 0.94, 'm8-1': 105.56}",1.41,69.42699999999999,70.36699999999999,inf,190.704,190.704
154,T3,BESTEFFORT,COMPLETED,m3-1,40.974,"{'m1-1': 112.2, 'm2-1': 11.66, 'm3-1': 1.09, 'm4-1': 98.46, 'm5-1': 105.19, 'm6-1': 10.8, 'm7-1': 1.09, 'm8-1': 104.92}",1.6350000000000002,87.99099999999999,89.08099999999999,inf,190.974,190.974
155,T4,BESTEFFORT,COMPLETED,m3-1,41.015,"{'m1-1': 104.04, 'm2-1': 10.49, 'm3-1': 1.04, 'm4-1': 100.19, 'm5-1': 99.49, 'm6-1': 10.48, 'm7-1': 1.0, 'm8-1': 96.51}",1.56,89.08099999999999,90.121,inf,191.015,191.015
156,T3,BESTEFFORT,COMPLETED,m3-1,41.071,"{'m1-1': 103.52, 'm2-1': 11.38, 'm3-1': 1.03, 'm4-1': 104.86, 'm5-1': 104.56, 'm6-1': 10.45, 'm7-1': 1.07, 'm8-1': 105.01}",1.545,90.121,91.151,inf,191.071,191.071
157,T2,BESTEFFORT,COMPLETED,m7-1,41.092,"{'m1-1': 108.86, 'm2-1': 9.93, 'm3-1': 0.99, 'm4-1': 100.1, 'm5-1': 92.84, 'm6-1': 11.69, 'm7-1': 0.99, 'm8-1': 114.31}",1.4849999999999999,70.36699999999999,71.35699999999999,inf,191.09199999999998,191.09199999999998
158,T4,BESTEFFORT,COMPLETED,m3-1,41.59,"{'m1-1': 96.1, 'm2-1': 10.02, 'm3-1': 0.94, 'm4-1': 107.0, 'm5-1': 112.11, 'm6-1': 10.28, 'm7-1': 1.02, 'm8-1': 103.29}",1.41,91.151,92.091,inf,191.59,191.59
159,T2,BESTEFFORT,COMPLETED,m7-1,41.626,"{'m1-1': 96.4, 'm2-1': 10.17, 'm3-1': 1.05, 'm4-1': 115.32, 'm5-1': 106.81, 'm6-1': 10.9, 'm7-1': 0.94, 'm8-1': 103.92}",1.41,71.35699999999999,72.29699999999998,inf,191.626,191.626
160,T4,BESTEFFORT,COMPLETED,m7-1,41.941,"{'m1-1': 107.58, 'm2-1': 10.4, 'm3-1': 1.09, 'm4-1': 99.45, 'm5-1': 104.51, 'm6-1': 11.01, 'm7-1': 1.04, 'm8-1': 103.42}",1.56,72.29699999999998,73.33699999999999,inf,191.941,191.941
161,T2,BESTEFFORT,COMPLETED,m7-1,42.082,"{'m1-1': 102.42, 'm2-1': 10.87, 'm3-1': 1.08, 'm4-1': 116.0, 'm5-1': 100.31, 'm6-1': 9.97, 'm7-1': 0.94, 'm8-1': 111.33}",1.41,73.33699999999999,74.27699999999999,inf,192.082,192.082
162,T4,BESTEFFORT,COMPLETED,m7-1,42.344,"{'m1-1': 98.18, 'm2-1': 9.75, 'm3-1': 0.98, 'm4-1': 96.18, 'm5-1': 115.04, 'm6-1': 10.74, 'm7-1': 1.14, 'm8-1': 106.27}",1.71,74.27699999999999,75.41699999999999,inf,192.344,192.344
163,T1,BESTEFFORT,COMPLETED,m7-1,42.415,"{'m1-1': 102.24, 'm2-1': 11.62, 'm3-1': 0.97, 'm4-1': 110.48, 'm5-1': 110.12, 'm6-1': 9.51, 'm7-1': 1.05, 'm8-1': 104.61}",1.5750000000000002,75.41699999999999,76.46699999999998,inf,192.415,192.415
164,T4,BESTEFFORT,COMPLETED,m3-1,42.758,"{'m1-1': 104.72, 'm2-1': 10.49, 'm3-1': 0.94, 'm4-1': 100.33, 'm5-1': 114.8, 'm6-1': 10.3, 'm7-1': 1.09, 'm8-1': 94.49}",1.41,92.091,93.03099999999999,inf,192.758,192.758
165,T3,BESTEFFORT,COMPLETED,m7-1,43.042,"{'m1-1': 107.94, 'm2-1': 10.14, 'm3-1': 1.0, 'm4-1': 94.12, 'm5-1': 100.58, 'm6-1': 11.48, 'm7-1': 1.0, 'm8-1': 97.11}",1.5,76.46699999999998,77.46699999999998,inf,193.042,193.042
166,T2,BESTEFFORT,COMPLETED,m7-1,43.191,"{'m1-1': 96.02, 'm2-1': 9.85, 'm3-1': 1.04, 'm4-1': 108.3, 'm5-1': 99.62, 'm6-1': 10.55, 'm7-1': 1.0, 'm8-1': 102.41}",1.5,77.46699999999998,78.46699999999998,inf,193.191,193.191
167,T3,BESTEFFORT,COMPLETED,m3-1,43.366,"{'m1-1': 113.18, 'm2-1': 11.53, 'm3-1': 1.0, 'm4-1': 111.04, 'm5-1': 107.66, 'm6-1': 10.2, 'm7-1': 0.95, 'm8-1': 101.53}",1.5,93.03099999999999,94.03099999999999,inf,193.36599999999999,193.36599999999999
168,T1,BESTEFFORT,COMPLETED,m3-1,43.439,"{'m1-1': 100.58, 'm2-1': 10.97, 'm3-1': 1.03, 'm4-1': 107.68, 'm5-1': 97.96, 'm6-1': 11.11, 'm7-1': 0.97, 'm8-1': 103.5}",1.545,94.03099999999999,95.06099999999999,inf,193.439,193.439
169,T2,BESTEFFORT,COMPLETED,m7-1,43.5,"{'m1-1': 104.85, 'm2-1': 9.41, 'm3-1': 1.01, 'm4-1': 100.06, 'm5-1': 105.82, 'm6-1': 10.81, 'm7-1': 1.06, 'm8-1': 117.94}",1.59,78.46699999999998,79.52699999999999,inf,193.5,193.5
170,T3,BESTEFFORT,COMPLETED,m7-1,43.565,"{'m1-1': 102.07, 'm2-1': 10.05, 'm3-1': 0.99, 'm4-1': 97.41, 'm5-1': 109.23, 'm6-1': 10.88, 'm7-1': 1.1, 'm8-1': 102.63}",1.6500000000000001,79.52699999999999,80.62699999999998,inf,193.565,193.565
171,T3,BESTEFFORT,COMPLETED,m7-1,43.971,"{'m1-1': 98.39, 'm2-1': 11.19, 'm3-1': 1.12, 'm4-1': 99.64, 'm5-1': 101.21, 'm6-1': 11.27, 'm7-1': 1.07, 'm8-1': 98.43}",1.605,80.62699999999998,81.69699999999997,inf,193.971,193.971
172,T4,BESTEFFORT,COMPLETED,m7-1,44.546,"{'m1-1': 103.18, 'm2-1': 10.8, 'm3-1': 1.05, 'm4-1': 98.38, 'm5-1': 114.6, 'm6-1': 9.7, 'm7-1': 1.07, 'm8-1': 95.39}",1.605,81.69699999999997,82.76699999999997,inf,194.546,194.546
173,T2,BESTEFFORT,COMPLETED,m7-1,45.411,"{'m1-1': 100.99, 'm2-1': 9.56, 'm3-1': 1.08, 'm4-1': 103.85, 'm5-1': 103.34, 'm6-1': 11.67, 'm7-1': 1.04, 'm8-1': 100.14}",1.56,82.76699999999997,83.80699999999997,inf,195.411,195.411
174,T4,BESTEFFORT,COMPLETED,m3-1,45.615,"{'m1-1': 92.72, 'm2-1': 10.28, 'm3-1': 0.97, 'm4-1': 96.28, 'm5-1': 101.13, 'm6-1': 10.73, 'm7-1': 1.05, 'm8-1': 106.53}",1.455,95.06099999999999,96.03099999999999,inf,195.615,195.615
175,T1,BESTEFFORT,COMPLETED,m3-1,45.702,"{'m1-1': 104.17, 'm2-1': 11.41, 'm3-1': 1.0, 'm4-1': 110.38, 'm5-1': 108.67, 'm6-1': 9.73, 'm7-1': 1.04, 'm8-1': 110.81}",1.5,96.03099999999999,97.03099999999999,inf,195.702,195.702
176,T4,BESTEFFORT,COMPLETED,m3-1,45.734,"{'m1-1': 106.14, 'm2-1': 10.5, 'm3-1': 0.98, 'm4-1': 97.9, 'm5-1': 104.56, 'm6-1': 9.91, 'm7-1': 1.01, 'm8-1': 98.96}",1.47,97.03099999999999,98.011,inf,195.734,195.734
177,T1,BESTEFFORT,COMPLETED,m3-1,45.822,"{'m1-1': 100.69, 'm2-1': 10.31, 'm3-1': 1.06, 'm4-1': 110.04, 'm5-1': 98.6, 'm6-1': 11.28, 'm7-1': 1.04, 'm8-1': 115.19}",1.59,98.011,99.071,inf,195.822,195.822
178,T2,BESTEFFORT,COMPLETED,m3-1,45.944,"{'m1-1': 98.52, 'm2-1': 10.68, 'm3-1': 0.95, 'm4-1': 102.97, 'm5-1': 95.24, 'm6-1': 11.01, 'm7-1': 0.94, 'm8-1': 111.4}",1.4249999999999998,99.071,100.021,inf,195.94400000000002,195.94400000000002
179,T4,BESTEFFORT,COMPLETED,m3-1,46.911,"{'m1-1': 102.33, 'm2-1': 10.49, 'm3-1': 1.0, 'm4-1': 98.87, 'm5-1': 110.38, 'm6-1': 9.97, 'm7-1': 1.12, 'm8-1': 104.74}",1.5,100.021,101.021,inf,196.911,196.911
180,T4,BESTEFFORT,COMPLETED,m3-1,47.372,"{'m1-1': 93.11, 'm2-1': 10.24, 'm3-1': 1.02, 'm4-1': 100.82, 'm5-1': 107.28, 'm6-1': 10.48, 'm7-1': 1.05, 'm8-1': 108.16}",1.53,101.021,102.041,inf,197.372,197.372
181,T4,BESTEFFORT,COMPLETED,m3-1,47.446,"{'m1-1': 93.09, 'm2-1': 9.65, 'm3-1': 0.96, 'm4-1': 102.51, 'm5-1': 99.91, 'm6-1': 10.03, 'm7-1': 1.01, 'm8-1': 99.27}",1.44,102.041,103.00099999999999,inf,197.446,197.446
182,T1,BESTEFFORT,COMPLETED,m7-1,47.816,"{'m1-1': 99.77, 'm2-1': 11.44, 'm3-1': 0.92, 'm4-1': 103.11, 'm5-1': 101.7, 'm6-1': 10.71, 'm7-1': 0.98, 'm8-1': 115.94}",1.47,83.80699999999997,84.78699999999998,inf,197.816,197.816
183,T4,BESTEFFORT,COMPLETED,m3-1,47.832,"{'m1-1': 101.36, 'm2-1': 10.7, 'm3-1': 0.92, 'm4-1': 96.99, 'm5-1': 105.83, 'm6-1': 9.48, 'm7-1': 1.13, 'm8-1': 101.99}",1.3800000000000001,103.00099999999999,103.92099999999999,inf,197.832,197.832
184,T1,BESTEFFORT,COMPLETED,m7-1,48.098,"{'m1-1': 101.32, 'm2-1': 10.26, 'm3-1': 0.93, 'm4-1': 96.91, 'm5-1': 102.38, 'm6-1': 9.54, 'm7-1': 0.97, 'm8-1': 106.34}",1.455,84.78699999999998,85.75699999999998,inf,198.098,198.098
185,T3,BESTEFFORT,COMPLETED,m3-1,48.359,"{'m1-1': 109.41, 'm2-1': 11.55, 'm3-1': 1.04, 'm4-1': 98.41, 'm5-1': 95.17, 'm6-1': 11.43, 'm7-1': 1.07, 'm8-1': 101.35}",1.56,103.92099999999999,104.961,inf,198.359,198.359
186,T4,BESTEFFORT,COMPLETED,m7-1,48.388,"{'m1-1': 93.7, 'm2-1': 10.55, 'm3-1': 1.03, 'm4-1': 104.32, 'm5-1': 107.07, 'm6-1': 9.6, 'm7-1': 1.05, 'm8-1': 97.31}",1.5750000000000002,85.75699999999998,86.80699999999997,inf,198.388,198.388
187,T1,BESTEFFORT,COMPLETED,m3-1,48.684,"{'m1-1': 101.06, 'm2-1': 9.9, 'm3-1': 1.08, 'm4-1': 100.05, 'm5-1': 110.24, 'm6-1': 10.38, 'm7-1': 0.95, 'm8-1': 118.17}",1.62,104.961,106.041,inf,198.684,198.684
188,T4,BESTEFFORT,COMPLETED,m3-1,48.693,"{'m1-1': 103.89, 'm2-1': 11.06, 'm3-1': 0.96, 'm4-1': 109.43, 'm5-1': 115.36, 'm6-1': 9.82, 'm7-1': 1.15, 'm8-1': 95.82}",1.44,106.041,107.00099999999999,inf,198.69299999999998,198.69299999999998
189,T2,BESTEFFORT,COMPLETED,m7-1,48.777,"{'m1-1': 100.69, 'm2-1': 10.87, 'm3-1': 1.01, 'm4-1': 106.85, 'm5-1': 95.59, 'm6-1': 10.13, 'm7-1': 0.94, 'm8-1': 100.47}",1.41,86.80699999999997,87.74699999999997,inf,198.777,198.777
190,T2,BESTEFFORT,COMPLETED,m3-1,49.491,"{'m1-1': 103.01, 'm2-1': 9.19, 'm3-1': 0.98, 'm4-1': 106.35, 'm5-1': 97.43, 'm6-1': 10.89, 'm7-1': 1.07, 'm8-1': 108.36}",1.47,107.00099999999999,107.981,inf,199.49099999999999,199.49099999999999
191,T2,BESTEFFORT,COMPLETED,m7-1,49.495,"{'m1-1': 111.18, 'm2-1': 10.66, 'm3-1': 1.1, 'm4-1': 101.62, 'm5-1': 98.07, 'm6-1': 10.89, 'm7-1': 1.08, 'm8-1': 117.01}",1.62,87.74699999999997,88.82699999999997,inf,199.495,199.495
192,T3,BESTEFFORT,COMPLETED,m3-1,49.544,"{'m1-1': 99.59, 'm2-1': 10.44, 'm3-1': 1.13, 'm4-1': 98.98, 'm5-1': 92.73, 'm6-1': 10.68, 'm7-1': 0.98, 'm8-1': 96.82}",1.6949999999999998,107.981,109.11099999999999,inf,199.54399999999998,199.54399999999998
193,T1,BESTEFFORT,COMPLETED,m7-1,49.722,"{'m1-1': 95.3, 'm2-1': 9.88, 'm3-1': 0.93, 'm4-1': 97.37, 'm5-1': 97.02, 'm6-1': 11.04, 'm7-1': 1.07, 'm8-1': 104.81}",1.605,88.82699999999997,89.89699999999996,inf,199.722,199.722
194,T1,BESTEFFORT,COMPLETED,m3-1,50.011,"{'m1-1': 104.8, 'm2-1': 10.0, 'm3-1': 0.99, 'm4-1': 97.64, 'm5-1': 104.85, 'm6-1': 10.87, 'm7-1': 1.08, 'm8-1': 102.7}",1.4849999999999999,109.11099999999999,110.10099999999998,inf,200.011,200.011
195,T3,BESTEFFORT,COMPLETED,m7-1,50.189,"{'m1-1': 96.31, 'm2-1': 11.02, 'm3-1': 1.09, 'm4-1': 103.92, 'm5-1': 101.77, 'm6-1': 10.45, 'm7-1': 0.98, 'm8-1': 99.75}",1.47,89.89699999999996,90.87699999999997,inf,200.189,200.189
196,T2,BESTEFFORT,COMPLETED,m3-1,51.315,"{'m1-1': 111.23, 'm2-1': 10.29, 'm3-1': 0.99, 'm4-1': 99.96, 'm5-1': 107.15, 'm6-1': 11.38, 'm7-1': 0.93, 'm8-1': 102.94}",1.4849999999999999,110.10099999999998,111.09099999999998,inf,201.315,201.315
197,T1,BESTEFFORT,COMPLETED,m3-1,51.329,"{'m1-1': 99.41, 'm2-1': 10.16, 'm3-1': 1.07, 'm4-1': 101.73, 'm5-1': 109.25, 'm6-1': 11.05, 'm7-1': 1.08, 'm8-1': 118.74}",1.605,111.09099999999998,112.16099999999997,inf,201.329,201.329
198,T1,BESTEFFORT,COMPLETED,m3-1,51.792,"{'m1-1': 106.64, 'm2-1': 10.93, 'm3-1': 1.06, 'm4-1': 105.84, 'm5-1': 103.64, 'm6-1': 10.44, 'm7-1': 1.01, 'm8-1': 112.14}",1.59,112.16099999999997,113.22099999999998,inf,201.792,201.792
199,T2,BESTEFFORT,COMPLETED,m7-1,52.215,"{'m1-1': 102.4, 'm2-1': 10.59, 'm3-1': 1.09, 'm4-1': 101.18, 'm5-1': 96.55, 'm6-1': 11.64, 'm7-1': 1.05, 'm8-1': 104.35}",1.5750000000000002,90.87699999999997,91.92699999999996,inf,202.215,202.215
200,T2,BESTEFFORT,COMPLETED,m7-1,52.22,"{'m1-1': 110.45, 'm2-1': 10.52, 'm3-1': 0.98, 'm4-1': 115.07, 'm5-1': 99.25, 'm6-1': 11.41, 'm7-1': 1.08, 'm8-1': 101.6}",1.62,91.92699999999996,93.00699999999996,inf,202.22,202.22
201,T4,BESTEFFORT,COMPLETED,m3-1,52.245,"{'m1-1': 104.05, 'm2-1': 10.89, 'm3-1': 0.97, 'm4-1': 100.99, 'm5-1': 107.92, 'm6-1': 9.98, 'm7-1': 1.01, 'm8-1': 102.61}",1.455,113.22099999999998,114.19099999999997,inf,202.245,202.245
202,T2,BESTEFFORT,COMPLETED,m3-1,52.576,"{'m1-1': 102.84, 'm2-1': 9.58, 'm3-1': 0.96, 'm4-1': 114.77, 'm5-1': 102.15, 'm6-1': 11.73, 'm7-1': 1.03, 'm8-1': 100.69}",1.44,114.19099999999997,115.15099999999997,inf,202.576,202.576
203,T3,BESTEFFORT,COMPLETED,m7-1,52.805,"{'m1-1': 112.67, 'm2-1': 11.53, 'm3-1': 1.02, 'm4-1': 103.66, 'm5-1': 93.14, 'm6-1': 10.54, 'm7-1': 0.99, 'm8-1': 106.6}",1.4849999999999999,93.00699999999996,93.99699999999996,inf,202.805,202.805
204,T4,BESTEFFORT,COMPLETED,m3-1,53.227,"{'m1-1': 101.03, 'm2-1': 9.98, 'm3-1': 0.96, 'm4-1': 111.81, 'm5-1': 110.49, 'm6-1': 9.57, 'm7-1': 1.15, 'm8-1': 95.53}",1.44,115.15099999999997,116.11099999999996,inf,203.227,203.227
205,T3,BESTEFFORT,COMPLETED,m3-1,53.6,"{'m1-1': 101.38, 'm2-1': 10.86, 'm3-1': 1.03, 'm4-1': 104.08, 'm5-1': 104.88, 'm6-1': 11.49, 'm7-1': 1.09, 'm8-1': 102.98}",1.545,116.11099999999996,117.14099999999996,inf,203.6,203.6
206,T2,BESTEFFORT,COMPLETED,m7-1,53.953,"{'m1-1': 98.3, 'm2-1': 9.51, 'm3-1': 1.03, 'm4-1': 101.63, 'm5-1': 96.48, 'm6-1': 10.25, 'm7-1': 0.94, 'm8-1': 111.75}",1.41,93.99699999999996,94.93699999999995,inf,203.953,203.953
207,T1,BESTEFFORT,COMPLETED,m7-1,54.031,"{'m1-1': 110.08, 'm2-1': 10.2, 'm3-1': 1.08, 'm4-1': 102.18, 'm5-1': 100.39, 'm6-1': 9.99, 'm7-1': 1.1, 'm8-1': 118.86}",1.6500000000000001,94.93699999999995,96.03699999999995,inf,204.031,204.031
208,T1,BESTEFFORT,COMPLETED,m3-1,54.177,"{'m1-1': 97.9, 'm2-1': 10.39, 'm3-1': 0.95, 'm4-1': 107.77, 'm5-1': 104.13, 'm6-1': 10.46, 'm7-1': 1.06, 'm8-1': 101.68}",1.4249999999999998,117.14099999999996,118.09099999999997,inf,204.177,204.177
209,T2,BESTEFFORT,COMPLETED,m3-1,54.485,"{'m1-1': 109.42, 'm2-1': 10.15, 'm3-1': 1.07, 'm4-1': 104.4, 'm5-1': 98.68, 'm6-1': 11.55, 'm7-1': 1.1, 'm8-1': 116.33}",1.605,118.09099999999997,119.16099999999996,inf,204.485,204.485
210,T4,BESTEFFORT,COMPLETED,m7-1,54.525,"{'m1-1': 102.92, 'm2-1': 9.45, 'm3-1': 0.95, 'm4-1': 108.21, 'm5-1': 114.87, 'm6-1': 10.07, 'm7-1': 1.04, 'm8-1': 99.35}",1.56,96.03699999999995,97.07699999999996,inf,204.525,204.525
211,T2,BESTEFFORT,COMPLETED,m3-1,54.793,"{'m1-1': 97.98, 'm2-1': 9.99, 'm3-1': 0.98, 'm4-1': 113.68, 'm5-1': 100.08, 'm6-1': 10.57, 'm7-1': 0.98, 'm8-1': 107.56}",1.47,119.16099999999996,120.14099999999996,inf,204.793,204.793
212,T3,BESTEFFORT,COMPLETED,m7-1,54.942,"{'m1-1': 97.35, 'm2-1': 10.97, 'm3-1': 1.13, 'm4-1': 100.98, 'm5-1': 104.77, 'm6-1': 10.83, 'm7-1': 0.98, 'm8-1': 94.52}",1.47,97.07699999999996,98.05699999999996,inf,204.942,204.942
213,T1,BESTEFFORT,COMPLETED,m3-1,55.483,"{'m1-1': 101.51, 'm2-1': 11.29, 'm3-1': 0.95, 'm4-1': 97.16, 'm5-1': 102.91, 'm6-1': 9.88, 'm7-1': 1.11, 'm8-1': 114.92}",1.4249999999999998,120.14099999999996,121.09099999999997,inf,205.483,205.483
214,T2,BESTEFFORT,COMPLETED,m3-1,55.788,"{'m1-1': 101.07, 'm2-1': 9.79, 'm3-1': 1.06, 'm4-1': 107.84, 'm5-1': 97.53, 'm6-1': 10.8, 'm7-1': 1.0, 'm8-1': 115.6}",1.59,121.09099999999997,122.15099999999997,inf,205.788,205.788
215,T4,BESTEFFORT,COMPLETED,m3-1,56.086,"{'m1-1': 99.47, 'm2-1': 10.5, 'm3-1': 0.96, 'm4-1': 95.55, 'm5-1': 111.35, 'm6-1': 10.97, 'm7-1': 1.15, 'm8-1': 97.57}",1.44,122.15099999999997,123.11099999999996,inf,206.086,206.086
216,T4,BESTEFFORT,COMPLETED,m3-1,56.133,"{'m1-1': 109.29, 'm2-1': 10.42, 'm3-1': 0.96, 'm4-1': 97.13, 'm5-1': 110.88, 'm6-1': 9.39, 'm7-1': 1.0, 'm8-1': 97.55}",1.44,123.11099999999996,124.07099999999996,inf,206.133,206.133
217,T2,BESTEFFORT,COMPLETED,m7-1,56.141,"{'m1-1': 99.66, 'm2-1': 9.52, 'm3-1': 1.11, 'm4-1': 107.16, 'm5-1': 105.86, 'm6-1': 11.01, 'm7-1': 1.0, 'm8-1': 110.54}",1.5,98.05699999999996,99.05699999999996,inf,206.141,206.141
218,T4,BESTEFFORT,COMPLETED,m3-1,56.251,"{'m1-1': 95.63, 'm2-1': 9.61, 'm3-1': 0.98, 'm4-1': 103.56, 'm5-1': 102.65, 'm6-1': 9.64, 'm7-1': 1.08, 'm8-1': 104.61}",1.47,124.07099999999996,125.05099999999996,inf,206.251,206.251
219,T1,BESTEFFORT,COMPLETED,m7-1,56.256,"{'m1-1': 94.56, 'm2-1': 9.97, 'm3-1': 0.97, 'm4-1': 96.0, 'm5-1': 99.16, 'm6-1': 10.25, 'm7-1': 1.05, 'm8-1': 102.39}",1.5750000000000002,99.05699999999996,100.10699999999996,inf,206.256,206.256
220,T3,BESTEFFORT,COMPLETED,m7-1,56.325,"{'m1-1': 98.9, 'm2-1': 10.34, 'm3-1': 1.07, 'm4-1': 100.75, 'm5-1': 101.29, 'm6-1': 10.34, 'm7-1': 0.96, 'm8-1': 107.76}",1.44,100.10699999999996,101.06699999999995,inf,206.325,206.325
221,T1,BESTEFFORT,COMPLETED,m3-1,56.731,"{'m1-1': 97.07, 'm2-1': 9.84, 'm3-1': 1.01, 'm4-1': 96.06, 'm5-1': 101.71, 'm6-1': 10.53, 'm7-1': 1.08, 'm8-1': 108.09}",1.5150000000000001,125.05099999999996,126.06099999999996,inf,206.731,206.731
222,T3,BESTEFFORT,COMPLETED,m7-1,57.25,"{'m1-1': 96.27, 'm2-1': 11.5, 'm3-1': 1.04, 'm4-1': 104.14, 'm5-1': 106.95, 'm6-1': 11.24, 'm7-1': 1.0, 'm8-1': 102.18}",1.5,101.06699999999995,102.06699999999995,inf,207.25,207.25
223,T2,BESTEFFORT,COMPLETED,m7-1,57.605,"{'m1-1': 109.01, 'm2-1': 10.66, 'm3-1': 1.02, 'm4-1': 111.62, 'm5-1': 105.16, 'm6-1': 9.95, 'm7-1': 1.05, 'm8-1': 112.64}",1.5750000000000002,102.06699999999995,103.11699999999995,inf,207.605,207.605
224,T2,BESTEFFORT,COMPLETED,m3-1,57.701,"{'m1-1': 100.32, 'm2-1': 10.29, 'm3-1': 0.97, 'm4-1': 101.63, 'm5-1': 102.78, 'm6-1': 11.32, 'm7-1': 1.04, 'm8-1': 115.65}",1.455,126.06099999999996,127.03099999999996,inf,207.701,207.701
225,T1,BESTEFFORT,COMPLETED,m3-1,58.259,"{'m1-1': 104.18, 'm2-1': 10.74, 'm3-1': 0.95, 'm4-1': 102.51, 'm5-1': 100.63, 'm6-1': 11.15, 'm7-1': 0.98, 'm8-1': 111.34}",1.4249999999999998,127.03099999999996,127.98099999999997,inf,208.25900000000001,208.25900000000001
226,T1,BESTEFFORT,COMPLETED,m3-1,58.467,"{'m1-1': 109.36, 'm2-1': 11.34, 'm3-1': 1.0, 'm4-1': 109.62, 'm5-1': 101.14, 'm6-1': 10.52, 'm7-1': 0.95, 'm8-1': 107.34}",1.5,127.98099999999997,128.98099999999997,inf,208.46699999999998,208.46699999999998
227,T1,BESTEFFORT,COMPLETED,m3-1,58.83,"{'m1-1': 108.9, 'm2-1': 10.02, 'm3-1': 1.05, 'm4-1': 96.38, 'm5-1': 101.44, 'm6-1': 10.38, 'm7-1': 1.08, 'm8-1': 111.83}",1.5750000000000002,128.98099999999997,130.03099999999998,inf,208.82999999999998,208.82999999999998
228,T2,BESTEFFORT,COMPLETED,m7-1,59.545,"{'m1-1': 103.06, 'm2-1': 9.98, 'm3-1': 1.04, 'm4-1': 110.54, 'm5-1': 96.71, 'm6-1': 11.48, 'm7-1': 1.02, 'm8-1': 117.53}",1.53,103.11699999999995,104.13699999999994,inf,209.54500000000002,209.54500000000002
229,T1,BESTEFFORT,COMPLETED,m7-1,59.737,"{'m1-1': 106.51, 'm2-1': 11.33, 'm3-1': 1.02, 'm4-1': 111.83, 'm5-1': 107.7, 'm6-1': 9.57, 'm7-1': 0.96, 'm8-1': 106.49}",1.44,104.13699999999994,105.09699999999994,inf,209.737,209.737
230,T3,BESTEFFORT,COMPLETED,m7-1,59.853,"{'m1-1': 96.94, 'm2-1': 11.5, 'm3-1': 1.12, 'm4-1': 106.84, 'm5-1': 107.67, 'm6-1': 11.34, 'm7-1': 1.05, 'm8-1': 107.96}",1.5750000000000002,105.09699999999994,106.14699999999993,inf,209.853,209.853
231,T4,BESTEFFORT,COMPLETED,m3-1,59.922,"{'m1-1': 107.01, 'm2-1': 9.69, 'm3-1': 1.03, 'm4-1': 106.35, 'm5-1': 102.52, 'm6-1': 10.02, 'm7-1': 1.11, 'm8-1': 93.08}",1.545,130.03099999999998,131.06099999999998,inf,209.922,209.922
232,T1,BESTEFFORT,COMPLETED,m3-1,59.965,"{'m1-1': 102.04, 'm2-1': 11.05, 'm3-1': 1.05, 'm4-1': 95.52, 'm5-1': 99.41, 'm6-1': 10.47, 'm7-1': 0.99, 'm8-1': 118.87}",1.5750000000000002,131.06099999999998,132.111,inf,209.965,209.965
233,T2,BESTEFFORT,COMPLETED,m3-1,60.315,"{'m1-1': 110.09, 'm2-1': 10.63, 'm3-1': 0.96, 'm4-1': 104.81, 'm5-1': 101.97, 'm6-1': 10.96, 'm7-1': 0.94, 'm8-1': 110.46}",1.44,132.111,133.071,inf,210.315,210.315
234,T2,BESTEFFORT,COMPLETED,m3-1,60.338,"{'m1-1': 105.76, 'm2-1': 10.88, 'm3-1': 1.06, 'm4-1': 101.58, 'm5-1': 92.94, 'm6-1': 10.54, 'm7-1': 0.92, 'm8-1': 112.71}",1.59,133.071,134.131,inf,210.338,210.338
235,T1,BESTEFFORT,COMPLETED,m3-1,61.015,"{'m1-1': 102.62, 'm2-1': 11.55, 'm3-1': 1.05, 'm4-1': 106.25, 'm5-1': 105.42, 'm6-1': 11.22, 'm7-1': 1.01, 'm8-1': 117.31}",1.5750000000000002,134.131,135.181,inf,211.015,211.015
236,T2,BESTEFFORT,COMPLETED,m7-1,61.181,"{'m1-1': 111.11, 'm2-1': 9.88, 'm3-1': 1.02, 'm4-1': 106.27, 'm5-1': 101.14, 'm6-1': 10.2, 'm7-1': 1.02, 'm8-1': 114.82}",1.53,106.14699999999993,107.16699999999993,inf,211.18099999999998,211.18099999999998
237,T3,BESTEFFORT,COMPLETED,m3-1,61.434,"{'m1-1': 111.97, 'm2-1': 10.35, 'm3-1': 1.06, 'm4-1': 94.68, 'm5-1': 106.52, 'm6-1': 11.01, 'm7-1': 0.99, 'm8-1': 96.18}",1.59,135.181,136.241,inf,211.434,211.434
238,T3,BESTEFFORT,COMPLETED,m7-1,61.456,"{'m1-1': 112.67, 'm2-1': 11.01, 'm3-1': 1.08, 'm4-1': 95.27, 'm5-1': 106.16, 'm6-1': 11.66, 'm7-1': 1.05, 'm8-1': 107.87}",1.5750000000000002,107.16699999999993,108.21699999999993,inf,211.45600000000002,211.45600000000002
239,T1,BESTEFFORT,COMPLETED,m3-1,61.463,"{'m1-1': 106.22, 'm2-1': 11.48, 'm3-1': 1.0, 'm4-1': 100.91, 'm5-1': 108.02, 'm6-1': 10.25, 'm7-1': 0.96, 'm8-1': 105.27}",1.5,136.241,137.241,inf,211.463,211.463
240,T4,BESTEFFORT,COMPLETED,m3-1,61.702,"{'m1-1': 106.86, 'm2-1': 11.0, 'm3-1': 1.06, 'm4-1': 107.27, 'm5-1': 110.76, 'm6-1': 10.58, 'm7-1': 1.06, 'm8-1': 105.26}",1.59,137.241,138.30100000000002,inf,211.702,211.702
241,T3,BESTEFFORT,COMPLETED,m3-1,62.348,"{'m1-1': 113.22, 'm2-1': 10.86, 'm3-1': 1.15, 'm4-1': 104.37, 'm5-1': 107.16, 'm6-1': 11.16, 'm7-1': 0.98, 'm8-1': 98.51}",1.7249999999999999,138.30100000000002,139.45100000000002,inf,212.348,212.348
242,T1,BESTEFFORT,COMPLETED,m3-1,62.951,"{'m1-1': 102.86, 'm2-1': 9.89, 'm3-1': 0.95, 'm4-1': 98.76, 'm5-1': 108.84, 'm6-1': 10.05, 'm7-1': 0.96, 'm8-1': 112.0}",1.4249999999999998,139.45100000000002,140.401,inf,212.951,212.951
243,T2,BESTEFFORT,COMPLETED,m7-1,62.953,"{'m1-1': 111.43, 'm2-1': 10.4, 'm3-1': 1.11, 'm4-1': 101.09, 'm5-1': 108.9, 'm6-1': 11.23, 'm7-1': 0.98, 'm8-1': 107.34}",1.47,108.21699999999993,109.19699999999993,inf,212.953,212.953
244,T1,BESTEFFORT,COMPLETED,m3-1,63.283,"{'m1-1': 100.21, 'm2-1': 10.28, 'm3-1': 0.98, 'm4-1': 99.2, 'm5-1': 99.85, 'm6-1': 9.52, 'm7-1': 1.0, 'm8-1': 115.52}",1.47,140.401,141.381,inf,213.28300000000002,213.28300000000002
245,T4,BESTEFFORT,COMPLETED,m7-1,63.626,"{'m1-1': 106.56, 'm2-1': 10.48, 'm3-1': 1.0, 'm4-1': 107.18, 'm5-1': 102.77, 'm6-1': 9.59, 'm7-1': 1.16, 'm8-1': 104.29}",1.7399999999999998,109.19699999999993,110.35699999999993,inf,213.626,213.626
246,T1,BESTEFFORT,COMPLETED,m3-1,63.808,"{'m1-1': 108.72, 'm2-1': 10.79, 'm3-1': 0.92, 'm4-1': 108.06, 'm5-1': 100.39, 'm6-1': 9.77, 'm7-1': 0.99, 'm8-1': 104.19}",1.3800000000000001,141.381,142.301,inf,213.808,213.808
247,T1,BESTEFFORT,COMPLETED,m7-1,63.973,"{'m1-1': 99.17, 'm2-1': 9.83, 'm3-1': 1.01, 'm4-1': 109.2, 'm5-1': 93.27, 'm6-1': 10.54, 'm7-1': 1.0, 'm8-1': 108.93}",1.5,110.35699999999993,111.35699999999993,inf,213.973,213.973
248,T2,BESTEFFORT,COMPLETED,m7-1,64.263,"{'m1-1': 107.78, 'm2-1': 9.61, 'm3-1': 0.98, 'm4-1': 107.43, 'm5-1': 109.3, 'm6-1': 11.72, 'm7-1': 0.92, 'm8-1': 104.64}",1.3800000000000001,111.35699999999993,112.27699999999993,inf,214.263,214.263
249,T4,BESTEFFORT,COMPLETED,m3-1,64.269,"{'m1-1': 96.53, 'm2-1': 9.43, 'm3-1': 0.96, 'm4-1': 103.3, 'm5-1': 104.7, 'm6-1': 10.34, 'm7-1': 1.0, 'm8-1': 106.0}",1.44,142.301,143.261,inf,214.269,214.269
250,T4,BESTEFFORT,COMPLETED,m3-1,64.365,"{'m1-1': 93.96, 'm2-1': 9.91, 'm3-1': 1.01, 'm4-1': 102.47, 'm5-1': 105.83, 'm6-1': 10.47, 'm7-1': 1.15, 'm8-1': 105.35}",1.5150000000000001,143.261,144.271,inf,214.365,214.365
251,T1,BESTEFFORT,COMPLETED,m7-1,64.612,"{'m1-1': 101.45, 'm2-1': 10.37, 'm3-1': 1.06, 'm4-1': 112.38, 'm5-1': 107.48, 'm6-1': 10.67, 'm7-1': 1.0, 'm8-1': 107.89}",1.5,112.27699999999993,113.27699999999993,inf,214.612,214.612
252,T1,BESTEFFORT,COMPLETED,m7-1,64.893,"{'m1-1': 97.3, 'm2-1': 10.48, 'm3-1': 1.07, 'm4-1': 98.76, 'm5-1': 96.83, 'm6-1': 10.52, 'm7-1': 1.11, 'm8-1': 100.24}",1.665,113.27699999999993,114.38699999999993,inf,214.893,214.893
253,T2,BESTEFFORT,COMPLETED,m7-1,65.033,"{'m1-1': 109.87, 'm2-1': 10.86, 'm3-1': 1.01, 'm4-1': 114.11, 'm5-1': 105.51, 'm6-1': 11.4, 'm7-1': 1.01, 'm8-1': 105.97}",1.5150000000000001,114.38699999999993,115.39699999999993,inf,215.03300000000002,215.03300000000002
254,T2,BESTEFFORT,COMPLETED,m7-1,65.12,"{'m1-1': 107.86, 'm2-1': 10.56, 'm3-1': 1.13, 'm4-1': 110.63, 'm5-1': 107.66, 'm6-1': 10.94, 'm7-1': 0.93, 'm8-1': 108.12}",1.395,115.39699999999993,116.32699999999994,inf,215.12,215.12
255,T1,BESTEFFORT,COMPLETED,m3-1,65.129,"{'m1-1': 103.48, 'm2-1': 11.31, 'm3-1': 1.03, 'm4-1': 99.43, 'm5-1': 106.55, 'm6-1': 11.03, 'm7-1': 1.0, 'm8-1': 116.35}",1.545,144.271,145.301,inf,215.12900000000002,215.12900000000002
256,T2,BESTEFFORT,COMPLETED,m3-1,65.305,"{'m1-1': 106.16, 'm2-1': 10.1, 'm3-1': 1.01, 'm4-1': 103.03, 'm5-1': 108.57, 'm6-1': 11.13, 'm7-1': 1.07, 'm8-1': 104.59}",1.5150000000000001,145.301,146.31099999999998,inf,215.305,215.305
257,T3,BESTEFFORT,COMPLETED,m3-1,65.782,"{'m1-1': 106.73, 'm2-1': 11.02, 'm3-1': 1.15, 'm4-1': 106.84, 'm5-1': 106.95, 'm6-1': 10.12, 'm7-1': 0.96, 'm8-1': 92.09}",1.7249999999999999,146.31099999999998,147.46099999999998,inf,215.78199999999998,215.78199999999998
258,T2,BESTEFFORT,COMPLETED,m7-1,65.825,"{'m1-1': 106.24, 'm2-1': 9.87, 'm3-1': 1.12, 'm4-1': 112.95, 'm5-1': 96.7, 'm6-1': 11.48, 'm7-1': 1.04, 'm8-1': 109.36}",1.56,116.32699999999994,117.36699999999995,inf,215.825,215.825
259,T4,BESTEFFORT,COMPLETED,m3-1,65.859,"{'m1-1': 107.13, 'm2-1': 10.91, 'm3-1': 1.08, 'm4-1': 112.07, 'm5-1': 112.6, 'm6-1': 9.63, 'm7-1': 1.13, 'm8-1': 95.81}",1.62,147.46099999999998,148.541,inf,215.85899999999998,215.85899999999998
260,T2,BESTEFFORT,COMPLETED,m7-1,66.048,"{'m1-1': 101.04, 'm2-1': 10.0, 'm3-1': 1.01, 'm4-1': 109.91, 'm5-1': 104.18, 'm6-1': 11.59, 'm7-1': 1.08, 'm8-1': 107.15}",1.62,117.36699999999995,118.44699999999995,inf,216.048,216.048
261,T1,BESTEFFORT,COMPLETED,m3-1,66.049,"{'m1-1': 105.22, 'm2-1': 10.8, 'm3-1': 1.07, 'm4-1': 102.17, 'm5-1': 94.02, 'm6-1': 9.8, 'm7-1': 1.05, 'm8-1': 113.25}",1.605,148.541,149.611,inf,216.049,216.049
262,T4,BESTEFFORT,COMPLETED,m3-1,66.789,"{'m1-1': 99.42, 'm2-1': 11.13, 'm3-1': 0.97, 'm4-1': 112.04, 'm5-1': 113.44, 'm6-1': 9.49, 'm7-1': 1.06, 'm8-1': 95.09}",1.455,149.611,150.581,inf,216.789,216.789
263,T2,BESTEFFORT,COMPLETED,m7-1,66.954,"{'m1-1': 101.78, 'm2-1': 10.44, 'm3-1': 1.04, 'm4-1': 108.16, 'm5-1': 106.98, 'm6-1': 10.06, 'm7-1': 0.96, 'm8-1': 113.81}",1.44,118.44699999999995,119.40699999999994,inf,216.954,216.954
264,T2,BESTEFFORT,COMPLETED,m7-1,67.096,"{'m1-1': 103.06, 'm2-1': 10.82, 'm3-1': 1.01, 'm4-1': 110.59, 'm5-1': 104.0, 'm6-1': 10.89, 'm7-1': 0.96, 'm8-1': 112.67}",1.44,119.40699999999994,120.36699999999993,inf,217.096,217.096
265,T2,BESTEFFORT,COMPLETED,m7-1,67.158,"{'m1-1': 109.59, 'm2-1': 10.76, 'm3-1': 1.03, 'm4-1': 104.88, 'm5-1': 106.11, 'm6-1': 10.08, 'm7-1': 0.94, 'm8-1': 107.06}",1.41,120.36699999999993,121.30699999999993,inf,217.15800000000002,217.15800000000002
266,T3,BESTEFFORT,COMPLETED,m7-1,67.266,"{'m1-1': 98.21, 'm2-1': 11.24, 'm3-1': 1.02, 'm4-1': 103.08, 'm5-1': 103.65, 'm6-1': 11.19, 'm7-1': 1.0, 'm8-1': 107.47}",1.5,121.30699999999993,122.30699999999993,inf,217.26600000000002,217.26600000000002
267,T2,BESTEFFORT,COMPLETED,m3-1,67.278,"{'m1-1': 109.49, 'm2-1': 10.21, 'm3-1': 1.11, 'm4-1': 106.54, 'm5-1': 98.59, 'm6-1': 10.26, 'm7-1': 0.99, 'm8-1': 118.08}",1.665,150.581,151.691,inf,217.27800000000002,217.27800000000002
268,T3,BESTEFFORT,COMPLETED,m7-1,67.536,"{'m1-1': 113.19, 'm2-1': 11.52, 'm3-1': 1.0, 'm4-1': 108.04, 'm5-1': 98.81, 'm6-1': 10.92, 'm7-1': 1.01, 'm8-1': 101.75}",1.5150000000000001,122.30699999999993,123.31699999999994,inf,217.536,217.536
269,T3,BESTEFFORT,COMPLETED,m7-1,67.583,"{'m1-1': 97.67, 'm2-1': 10.94, 'm3-1': 1.05, 'm4-1': 98.05, 'm5-1': 96.48, 'm6-1': 11.5, 'm7-1': 1.03, 'm8-1': 104.38}",1.545,123.31699999999994,124.34699999999994,inf,217.583,217.583
270,T4,BESTEFFORT,COMPLETED,m3-1,67.948,"{'m1-1': 100.32, 'm2-1': 9.43, 'm3-1': 1.05, 'm4-1': 100.53, 'm5-1': 116.8, 'm6-1': 10.97, 'm7-1': 1.01, 'm8-1': 103.1}",1.5750000000000002,151.691,152.741,inf,217.94799999999998,217.94799999999998
271,T2,BESTEFFORT,COMPLETED,m7-1,68.054,"{'m1-1': 106.55, 'm2-1': 10.57, 'm3-1': 0.97, 'm4-1': 104.64, 'm5-1': 104.23, 'm6-1': 10.53, 'm7-1': 1.04, 'm8-1': 107.11}",1.56,124.34699999999994,125.38699999999994,inf,218.054,218.054
272,T3,BESTEFFORT,COMPLETED,m7-1,68.204,"{'m1-1': 105.77, 'm2-1': 10.43, 'm3-1': 1.05, 'm4-1': 97.57, 'm5-1': 98.01, 'm6-1': 11.91, 'm7-1': 0.95, 'm8-1': 97.02}",1.4249999999999998,125.38699999999994,126.33699999999995,inf,218.204,218.204
273,T3,BESTEFFORT,COMPLETED,m3-1,68.21,"{'m1-1': 113.21, 'm2-1': 11.5, 'm3-1': 0.97, 'm4-1': 95.57, 'm5-1': 103.62, 'm6-1': 11.84, 'm7-1': 1.04, 'm8-1': 101.62}",1.455,152.741,153.711,inf,218.20999999999998,218.20999999999998
274,T4,BESTEFFORT,COMPLETED,m3-1,68.592,"{'m1-1': 105.15, 'm2-1': 9.88, 'm3-1': 1.0, 'm4-1': 95.27, 'm5-1': 115.78, 'm6-1': 10.9, 'm7-1': 1.05, 'm8-1': 92.51}",1.5,153.711,154.711,inf,218.59199999999998,218.59199999999998
275,T1,BESTEFFORT,COMPLETED,m7-1,68.983,"{'m1-1': 95.8, 'm2-1': 11.06, 'm3-1': 1.07, 'm4-1': 95.62, 'm5-1': 100.72, 'm6-1': 10.88, 'm7-1': 0.98, 'm8-1': 118.68}",1.47,126.33699999999995,127.31699999999995,inf,218.983,218.983
276,T1,BESTEFFORT,COMPLETED,m3-1,69.468,"{'m1-1': 101.18, 'm2-1': 10.26, 'm3-1': 1.02, 'm4-1': 100.45, 'm5-1': 105.18, 'm6-1': 11.26, 'm7-1': 1.04, 'm8-1': 114.46}",1.53,154.711,155.73100000000002,inf,219.46800000000002,219.46800000000002
277,T2,BESTEFFORT,COMPLETED,m7-1,69.471,"{'m1-1': 102.0, 'm2-1': 10.82, 'm3-1': 1.08, 'm4-1': 104.67, 'm5-1': 109.08, 'm6-1': 11.47, 'm7-1': 0.94, 'm8-1': 107.19}",1.41,127.31699999999995,128.25699999999995,inf,219.471,219.471
278,T1,BESTEFFORT,COMPLETED,m7-1,70.095,"{'m1-1': 110.35, 'm2-1': 10.68, 'm3-1': 0.96, 'm4-1': 106.37, 'm5-1': 103.08, 'm6-1': 10.3, 'm7-1': 1.09, 'm8-1': 104.34}",1.6350000000000002,128.25699999999995,129.34699999999995,inf,220.095,220.095
279,T4,BESTEFFORT,COMPLETED,m3-1,70.109,"{'m1-1': 95.06, 'm2-1': 11.0, 'm3-1': 0.94, 'm4-1': 110.66, 'm5-1': 106.96, 'm6-1': 9.59, 'm7-1': 1.08, 'm8-1': 91.87}",1.41,155.73100000000002,156.67100000000002,inf,220.10899999999998,220.10899999999998
280,T1,BESTEFFORT,COMPLETED,m7-1,70.929,"{'m1-1': 111.46, 'm2-1': 11.52, 'm3-1': 1.04, 'm4-1': 110.58, 'm5-1': 102.76, 'm6-1': 9.5, 'm7-1': 1.02, 'm8-1': 102.9}",1.53,129.34699999999995,130.36699999999996,inf,220.929,220.929
281,T1,BESTEFFORT,COMPLETED,m3-1,71.079,"{'m1-1': 112.33, 'm2-1': 10.22, 'm3-1': 0.94, 'm4-1': 103.93, 'm5-1': 109.44, 'm6-1': 10.97, 'm7-1': 1.0, 'm8-1': 118.23}",1.41,156.67100000000002,157.61100000000002,inf,221.079,221.079
282,T1,BESTEFFORT,COMPLETED,m3-1,71.29,"{'m1-1': 94.71, 'm2-1': 10.43, 'm3-1': 0.99, 'm4-1': 106.63, 'm5-1': 106.95, 'm6-1': 10.33, 'm7-1': 1.0, 'm8-1': 109.74}",1.4849999999999999,157.61100000000002,158.60100000000003,inf,221.29000000000002,221.29000000000002
283,T3,BESTEFFORT,COMPLETED,m3-1,72.658,"{'m1-1': 103.95, 'm2-1': 10.61, 'm3-1': 0.98, 'm4-1': 103.57, 'm5-1': 104.26, 'm6-1': 11.68, 'm7-1': 1.0, 'm8-1': 102.58}",1.47,158.60100000000003,159.58100000000002,inf,222.65800000000002,222.65800000000002
284,T3,BESTEFFORT,COMPLETED,m7-1,72.895,"{'m1-1': 99.34, 'm2-1': 11.26, 'm3-1': 1.03, 'm4-1': 97.16, 'm5-1': 106.16, 'm6-1': 11.18, 'm7-1': 0.93, 'm8-1': 106.92}",1.395,130.36699999999996,131.29699999999997,inf,222.89499999999998,222.89499999999998
285,T3,BESTEFFORT,COMPLETED,m3-1,73.014,"{'m1-1': 113.29, 'm2-1': 10.13, 'm3-1': 0.98, 'm4-1': 101.21, 'm5-1': 98.91, 'm6-1': 11.81, 'm7-1': 1.05, 'm8-1': 101.83}",1.47,159.58100000000002,160.561,inf,223.014,223.014
286,T2,BESTEFFORT,COMPLETED,m3-1,73.435,"{'m1-1': 100.9, 'm2-1': 10.15, 'm3-1': 0.95, 'm4-1': 103.02, 'm5-1': 108.77, 'm6-1': 10.0, 'm7-1': 1.06, 'm8-1': 109.6}",1.4249999999999998,160.561,161.511,inf,223.435,223.435
287,T2,BESTEFFORT,COMPLETED,m7-1,73.876,"{'m1-1': 102.78, 'm2-1': 9.91, 'm3-1': 1.12, 'm4-1': 106.77, 'm5-1': 94.21, 'm6-1': 10.97, 'm7-1': 0.96, 'm8-1': 116.24}",1.44,131.29699999999997,132.25699999999998,inf,223.876,223.876
288,T4,BESTEFFORT,COMPLETED,m3-1,74.665,"{'m1-1': 92.9, 'm2-1': 10.01, 'm3-1': 0.99, 'm4-1': 107.6, 'm5-1': 106.77, 'm6-1': 9.59, 'm7-1': 1.0, 'm8-1': 91.62}",1.4849999999999999,161.511,162.501,inf,224.66500000000002,224.66500000000002
289,T4,BESTEFFORT,COMPLETED,m3-1,74.68,"{'m1-1': 108.41, 'm2-1': 10.88, 'm3-1': 1.04, 'm4-1': 103.94, 'm5-1': 110.16, 'm6-1': 10.57, 'm7-1': 1.02, 'm8-1': 107.09}",1.56,162.501,163.541,inf,224.68,224.68
290,T4,BESTEFFORT,COMPLETED,m3-1,75.048,"{'m1-1': 108.91, 'm2-1': 9.51, 'm3-1': 0.99, 'm4-1': 105.7, 'm5-1': 99.13, 'm6-1': 10.74, 'm7-1': 1.17, 'm8-1': 95.57}",1.4849999999999999,163.541,164.531,inf,225.048,225.048
291,T2,BESTEFFORT,COMPLETED,m3-1,75.182,"{'m1-1': 102.35, 'm2-1': 9.6, 'm3-1': 1.11, 'm4-1': 111.56, 'm5-1': 99.21, 'm6-1': 10.27, 'm7-1': 1.02, 'm8-1': 102.56}",1.665,164.531,165.64100000000002,inf,225.18200000000002,225.18200000000002
292,T3,BESTEFFORT,COMPLETED,m7-1,75.24,"{'m1-1': 103.32, 'm2-1': 10.85, 'm3-1': 1.05, 'm4-1': 104.55, 'm5-1': 106.56, 'm6-1': 11.4, 'm7-1': 1.08, 'm8-1': 94.2}",1.62,132.25699999999998,133.337,inf,225.24,225.24
293,T4,BESTEFFORT,COMPLETED,m3-1,75.255,"{'m1-1': 105.44, 'm2-1': 9.51, 'm3-1': 0.93, 'm4-1': 111.98, 'm5-1': 108.0, 'm6-1': 9.42, 'm7-1': 1.14, 'm8-1': 92.14}",1.395,165.64100000000002,166.57100000000003,inf,225.255,225.255
294,T3,BESTEFFORT,COMPLETED,m7-1,76.051,"{'m1-1': 103.45, 'm2-1': 10.75, 'm3-1': 1.08, 'm4-1': 102.52, 'm5-1': 101.43, 'm6-1': 11.18, 'm7-1': 1.08, 'm8-1': 94.45}",1.62,133.337,134.417,inf,226.051,226.051
295,T2,BESTEFFORT,COMPLETED,m7-1,76.097,"{'m1-1': 96.65, 'm2-1': 10.15, 'm3-1': 0.97, 'm4-1': 111.27, 'm5-1': 107.23, 'm6-1': 11.09, 'm7-1': 0.97, 'm8-1': 115.96}",1.455,134.417,135.387,inf,226.09699999999998,226.09699999999998
296,T2,BESTEFFORT,COMPLETED,m3-1,76.258,"{'m1-1': 107.49, 'm2-1': 9.18, 'm3-1': 0.96, 'm4-1': 113.79, 'm5-1': 105.19, 'm6-1': 11.21, 'm7-1': 1.1, 'm8-1': 111.91}",1.44,166.57100000000003,167.53100000000003,inf,226.25799999999998,226.25799999999998
297,T3,BESTEFFORT,COMPLETED,m3-1,77.567,"{'m1-1': 95.97, 'm2-1': 10.48, 'm3-1': 1.13, 'm4-1': 96.96, 'm5-1': 108.31, 'm6-1': 11.27, 'm7-1': 1.0, 'm8-1': 101.16}",1.6949999999999998,167.53100000000003,168.66100000000003,inf,227.567,227.567
298,T3,BESTEFFORT,COMPLETED,m3-1,79.136,"{'m1-1': 106.15, 'm2-1': 11.3, 'm3-1': 1.07, 'm4-1': 94.56, 'm5-1': 94.14, 'm6-1': 11.81, 'm7-1': 1.07, 'm8-1': 93.26}",1.605,168.66100000000003,169.73100000000002,inf,229.136,229.136
299,T2,BESTEFFORT,COMPLETED,m7-1,79.262,"{'m1-1': 105.96, 'm2-1': 10.52, 'm3-1': 1.06, 'm4-1': 114.24, 'm5-1': 108.9, 'm6-1': 10.46, 'm7-1': 0.98, 'm8-1': 109.6}",1.47,135.387,136.367,inf,229.262,229.262
300,T2,BESTEFFORT,COMPLETED,m3-1,79.323,"{'m1-1': 109.01, 'm2-1': 10.7, 'm3-1': 0.99, 'm4-1': 100.64, 'm5-1': 101.91, 'm6-1': 11.65, 'm7-1': 0.98, 'm8-1': 118.05}",1.4849999999999999,169.73100000000002,170.72100000000003,inf,229.32299999999998,229.32299999999998
301,T3,BESTEFFORT,COMPLETED,m7-1,79.923,"{'m1-1': 102.04, 'm2-1': 11.06, 'm3-1': 0.99, 'm4-1': 97.74, 'm5-1': 96.02, 'm6-1': 11.64, 'm7-1': 1.01, 'm8-1': 105.62}",1.5150000000000001,136.367,137.37699999999998,inf,229.923,229.923
302,T1,BESTEFFORT,COMPLETED,m7-1,80.218,"{'m1-1': 97.54, 'm2-1': 10.46, 'm3-1': 0.97, 'm4-1': 104.18, 'm5-1': 93.06, 'm6-1': 9.81, 'm7-1': 1.0, 'm8-1': 113.73}",1.5,137.37699999999998,138.37699999999998,inf,230.21800000000002,230.21800000000002
303,T2,BESTEFFORT,COMPLETED,m7-1,80.878,"{'m1-1': 98.24, 'm2-1': 9.72, 'm3-1': 1.09, 'm4-1': 100.34, 'm5-1': 93.26, 'm6-1': 10.85, 'm7-1': 1.06, 'm8-1': 115.32}",1.59,138.37699999999998,139.43699999999998,inf,230.878,230.878
304,T4,BESTEFFORT,COMPLETED,m3-1,80.92,"{'m1-1': 99.45, 'm2-1': 10.17, 'm3-1': 0.97, 'm4-1': 99.22, 'm5-1': 113.68, 'm6-1': 10.29, 'm7-1': 1.12, 'm8-1': 91.9}",1.455,170.72100000000003,171.69100000000003,inf,230.92000000000002,230.92000000000002
305,T2,BESTEFFORT,COMPLETED,m3-1,81.513,"{'m1-1': 110.19, 'm2-1': 10.46, 'm3-1': 1.01, 'm4-1': 113.52, 'm5-1': 101.43, 'm6-1': 11.47, 'm7-1': 1.08, 'm8-1': 110.26}",1.5150000000000001,171.69100000000003,172.70100000000002,inf,231.513,231.513
306,T4,BESTEFFORT,COMPLETED,m3-1,81.814,"{'m1-1': 105.01, 'm2-1': 10.8, 'm3-1': 0.98, 'm4-1': 105.74, 'm5-1': 101.5, 'm6-1': 10.25, 'm7-1': 1.0, 'm8-1': 108.87}",1.47,172.70100000000002,173.681,inf,231.814,231.814
307,T2,BESTEFFORT,COMPLETED,m3-1,81.829,"{'m1-1': 95.32, 'm2-1': 10.29, 'm3-1': 1.09, 'm4-1': 98.6, 'm5-1': 92.96, 'm6-1': 10.17, 'm7-1': 1.04, 'm8-1': 115.4}",1.6350000000000002,173.681,174.77100000000002,inf,231.829,231.829
308,T2,BESTEFFORT,COMPLETED,m3-1,81.844,"{'m1-1': 105.96, 'm2-1': 10.74, 'm3-1': 1.01, 'm4-1': 106.92, 'm5-1': 94.46, 'm6-1': 10.87, 'm7-1': 1.08, 'm8-1': 116.77}",1.5150000000000001,174.77100000000002,175.781,inf,231.844,231.844
309,T3,BESTEFFORT,COMPLETED,m7-1,81.962,"{'m1-1': 102.84, 'm2-1': 10.46, 'm3-1': 0.97, 'm4-1': 104.58, 'm5-1': 104.43, 'm6-1': 11.18, 'm7-1': 1.1, 'm8-1': 104.46}",1.6500000000000001,139.43699999999998,140.53699999999998,inf,231.962,231.962
310,T1,BESTEFFORT,COMPLETED,m7-1,82.024,"{'m1-1': 106.02, 'm2-1': 9.88, 'm3-1': 1.04, 'm4-1': 105.84, 'm5-1': 105.92, 'm6-1': 11.29, 'm7-1': 0.96, 'm8-1': 111.13}",1.44,140.53699999999998,141.49699999999999,inf,232.024,232.024
311,T1,BESTEFFORT,COMPLETED,m7-1,82.05,"{'m1-1': 99.96, 'm2-1': 11.55, 'm3-1': 1.03, 'm4-1': 101.66, 'm5-1': 101.58, 'm6-1': 9.97, 'm7-1': 0.96, 'm8-1': 102.19}",1.44,141.49699999999999,142.457,inf,232.05,232.05
312,T2,BESTEFFORT,COMPLETED,m3-1,82.092,"{'m1-1': 98.78, 'm2-1': 9.82, 'm3-1': 1.03, 'm4-1': 100.84, 'm5-1': 98.94, 'm6-1': 10.37, 'm7-1': 1.06, 'm8-1': 113.7}",1.545,175.781,176.811,inf,232.09199999999998,232.09199999999998
313,T3,BESTEFFORT,COMPLETED,m7-1,82.679,"{'m1-1': 111.37, 'm2-1': 10.29, 'm3-1': 1.04, 'm4-1': 97.5, 'm5-1': 99.48, 'm6-1': 10.23, 'm7-1': 1.07, 'm8-1': 92.6}",1.605,142.457,143.527,inf,232.679,232.679
314,T3,BESTEFFORT,COMPLETED,m7-1,82.69,"{'m1-1': 111.73, 'm2-1': 10.72, 'm3-1': 1.13, 'm4-1': 96.16, 'm5-1': 93.37, 'm6-1': 11.77, 'm7-1': 1.04, 'm8-1': 95.16}",1.56,143.527,144.56699999999998,inf,232.69,232.69
315,T2,BESTEFFORT,COMPLETED,m7-1,82.799,"{'m1-1': 102.92, 'm2-1': 9.47, 'm3-1': 1.01, 'm4-1': 112.13, 'm5-1': 103.96, 'm6-1': 10.91, 'm7-1': 1.02, 'm8-1': 102.41}",1.53,144.56699999999998,145.587,inf,232.799,232.799
316,T4,BESTEFFORT,COMPLETED,m3-1,83.221,"{'m1-1': 92.83, 'm2-1': 11.02, 'm3-1': 0.96, 'm4-1': 111.24, 'm5-1': 100.33, 'm6-1': 10.03, 'm7-1': 1.11, 'm8-1': 96.84}",1.44,176.811,177.77100000000002,inf,233.221,233.221
317,T4,BESTEFFORT,COMPLETED,m7-1,83.468,"{'m1-1': 94.97, 'm2-1': 9.98, 'm3-1': 0.99, 'm4-1': 99.93, 'm5-1': 105.32, 'm6-1': 10.07, 'm7-1': 1.05, 'm8-1': 97.92}",1.5750000000000002,145.587,146.637,inf,233.46800000000002,233.46800000000002
318,T4,BESTEFFORT,COMPLETED,m3-1,83.537,"{'m1-1': 106.99, 'm2-1': 10.73, 'm3-1': 1.04, 'm4-1': 103.76, 'm5-1': 98.96, 'm6-1': 9.57, 'm7-1': 1.02, 'm8-1': 95.19}",1.56,177.77100000000002,178.811,inf,233.537,233.537
319,T1,BESTEFFORT,COMPLETED,m7-1,83.628,"{'m1-1': 102.04, 'm2-1': 11.25, 'm3-1': 1.01, 'm4-1': 106.81, 'm5-1': 102.77, 'm6-1': 10.48, 'm7-1': 1.08, 'm8-1': 113.95}",1.62,146.637,147.717,inf,233.628,233.628
320,T3,BESTEFFORT,COMPLETED,m7-1,83.72,"{'m1-1': 102.25, 'm2-1': 10.63, 'm3-1': 1.05, 'm4-1': 96.03, 'm5-1': 100.78, 'm6-1': 11.8, 'm7-1': 1.1, 'm8-1': 107.28}",1.6500000000000001,147.717,148.817,inf,233.72,233.72
321,T4,BESTEFFORT,COMPLETED,m3-1,83.912,"{'m1-1': 102.39, 'm2-1': 10.82, 'm3-1': 0.98, 'm4-1': 107.32, 'm5-1': 114.19, 'm6-1': 10.93, 'm7-1': 1.05, 'm8-1': 91.92}",1.47,178.811,179.791,inf,233.912,233.912
322,T2,BESTEFFORT,COMPLETED,m7-1,84.079,"{'m1-1': 102.3, 'm2-1': 10.52, 'm3-1': 1.11, 'm4-1': 106.48, 'm5-1': 93.85, 'm6-1': 11.7, 'm7-1': 1.03, 'm8-1': 105.87}",1.545,148.817,149.847,inf,234.079,234.079
323,T4,BESTEFFORT,COMPLETED,m7-1,84.141,"{'m1-1': 97.19, 'm2-1': 10.06, 'm3-1': 1.02, 'm4-1': 106.09, 'm5-1': 101.0, 'm6-1': 9.83, 'm7-1': 1.07, 'm8-1': 97.87}",1.605,149.847,150.917,inf,234.14100000000002,234.14100000000002
324,T4,BESTEFFORT,COMPLETED,m3-1,84.432,"{'m1-1': 97.18, 'm2-1': 9.64, 'm3-1': 0.99, 'm4-1': 101.76, 'm5-1': 101.16, 'm6-1': 9.75, 'm7-1': 1.06, 'm8-1': 97.38}",1.4849999999999999,179.791,180.781,inf,234.43200000000002,234.43200000000002
325,T4,BESTEFFORT,COMPLETED,m3-1,84.544,"{'m1-1': 103.26, 'm2-1': 10.71, 'm3-1': 0.96, 'm4-1': 108.86, 'm5-1': 105.05, 'm6-1': 10.2, 'm7-1': 1.07, 'm8-1': 103.86}",1.44,180.781,181.741,inf,234.54399999999998,234.54399999999998
326,T2,BESTEFFORT,COMPLETED,m3-1,84.685,"{'m1-1': 104.78, 'm2-1': 9.99, 'm3-1': 0.97, 'm4-1': 110.7, 'm5-1': 103.78, 'm6-1': 11.24, 'm7-1': 1.08, 'm8-1': 103.92}",1.455,181.741,182.711,inf,234.685,234.685
327,T3,BESTEFFORT,COMPLETED,m3-1,85.095,"{'m1-1': 98.02, 'm2-1': 10.37, 'm3-1': 1.12, 'm4-1': 104.01, 'm5-1': 94.4, 'm6-1': 11.2, 'm7-1': 1.04, 'm8-1': 94.15}",1.6800000000000002,182.711,183.83100000000002,inf,235.095,235.095
328,T2,BESTEFFORT,COMPLETED,m7-1,85.271,"{'m1-1': 99.12, 'm2-1': 10.8, 'm3-1': 1.0, 'm4-1': 108.13, 'm5-1': 103.27, 'm6-1': 10.33, 'm7-1': 1.09, 'm8-1': 102.96}",1.6350000000000002,150.917,152.007,inf,235.27100000000002,235.27100000000002
329,T3,BESTEFFORT,COMPLETED,m3-1,85.512,"{'m1-1': 108.14, 'm2-1': 10.45, 'm3-1': 1.06, 'm4-1': 105.21, 'm5-1': 104.95, 'm6-1': 10.64, 'm7-1': 1.02, 'm8-1': 108.8}",1.59,183.83100000000002,184.89100000000002,inf,235.512,235.512
330,T4,BESTEFFORT,COMPLETED,m3-1,85.704,"{'m1-1': 94.41, 'm2-1': 9.42, 'm3-1': 0.94, 'm4-1': 99.22, 'm5-1': 115.14, 'm6-1': 10.06, 'm7-1': 1.0, 'm8-1': 101.57}",1.41,184.89100000000002,185.83100000000002,inf,235.704,235.704
331,T1,BESTEFFORT,COMPLETED,m7-1,85.876,"{'m1-1': 103.56, 'm2-1': 10.11, 'm3-1': 1.05, 'm4-1': 108.06, 'm5-1': 103.16, 'm6-1': 9.74, 'm7-1': 1.07, 'm8-1': 103.68}",1.605,152.007,153.077,inf,235.876,235.876
332,T3,BESTEFFORT,COMPLETED,m7-1,85.893,"{'m1-1': 103.86, 'm2-1': 10.2, 'm3-1': 1.14, 'm4-1': 98.13, 'm5-1': 95.54, 'm6-1': 11.66, 'm7-1': 1.08, 'm8-1': 96.65}",1.62,153.077,154.157,inf,235.893,235.893
333,T2,BESTEFFORT,COMPLETED,m3-1,86.475,"{'m1-1': 106.74, 'm2-1': 9.85, 'm3-1': 0.96, 'm4-1': 102.03, 'm5-1': 95.59, 'm6-1': 10.19, 'm7-1': 1.03, 'm8-1': 100.78}",1.44,185.83100000000002,186.79100000000003,inf,236.475,236.475
334,T1,BESTEFFORT,COMPLETED,m7-1,86.562,"{'m1-1': 109.31, 'm2-1': 11.41, 'm3-1': 1.01, 'm4-1': 95.46, 'm5-1': 95.8, 'm6-1': 9.93, 'm7-1': 1.09, 'm8-1': 108.26}",1.6350000000000002,154.157,155.247,inf,236.562,236.562
335,T4,BESTEFFORT,COMPLETED,m3-1,86.609,"{'m1-1': 94.0, 'm2-1': 9.46, 'm3-1': 0.94, 'm4-1': 103.94, 'm5-1': 98.49, 'm6-1': 9.9, 'm7-1': 1.07, 'm8-1': 93.85}",1.41,186.79100000000003,187.73100000000002,inf,236.60899999999998,236.60899999999998
336,T3,BESTEFFORT,COMPLETED,m3-1,87.141,"{'m1-1': 101.76, 'm2-1': 9.99, 'm3-1': 1.13, 'm4-1': 108.24, 'm5-1': 108.19, 'm6-1': 11.7, 'm7-1': 1.08, 'm8-1': 95.26}",1.6949999999999998,187.73100000000002,188.86100000000002,inf,237.14100000000002,237.14100000000002
337,T4,BESTEFFORT,COMPLETED,m7-1,87.168,"{'m1-1': 109.04, 'm2-1': 10.04, 'm3-1': 0.95, 'm4-1': 95.56, 'm5-1': 100.43, 'm6-1': 11.01, 'm7-1': 1.07, 'm8-1': 103.9}",1.605,155.247,156.317,inf,237.168,237.168
338,T1,BESTEFFORT,COMPLETED,m7-1,87.241,"{'m1-1': 100.97, 'm2-1': 10.67, 'm3-1': 0.93, 'm4-1': 95.54, 'm5-1': 93.34, 'm6-1': 9.57, 'm7-1': 1.08, 'm8-1': 107.55}",1.62,156.317,157.39700000000002,inf,237.24099999999999,237.24099999999999
339,T4,BESTEFFORT,COMPLETED,m3-1,87.579,"{'m1-1': 102.7, 'm2-1': 9.79, 'm3-1': 0.94, 'm4-1': 103.49, 'm5-1': 103.54, 'm6-1': 10.35, 'm7-1': 1.11, 'm8-1': 108.31}",1.41,188.86100000000002,189.80100000000002,inf,237.579,237.579
340,T2,BESTEFFORT,COMPLETED,m3-1,87.65,"{'m1-1': 108.19, 'm2-1': 9.2, 'm3-1': 0.95, 'm4-1': 107.9, 'm5-1': 101.14, 'm6-1': 10.22, 'm7-1': 0.98, 'm8-1': 109.83}",1.4249999999999998,189.80100000000002,190.751,inf,237.65,237.65
341,T2,BESTEFFORT,COMPLETED,m3-1,87.842,"{'m1-1': 105.64, 'm2-1': 9.3, 'm3-1': 1.08, 'm4-1': 103.86, 'm5-1': 101.63, 'm6-1': 11.54, 'm7-1': 0.97, 'm8-1': 105.31}",1.62,190.751,191.83100000000002,inf,237.84199999999998,237.84199999999998
342,T1,BESTEFFORT,COMPLETED,m3-1,87.941,"{'m1-1': 104.52, 'm2-1': 11.0, 'm3-1': 1.05, 'm4-1': 94.87, 'm5-1': 108.8, 'm6-1': 10.64, 'm7-1': 1.02, 'm8-1': 111.11}",1.5750000000000002,191.83100000000002,192.88100000000003,inf,237.941,237.941
343,T1,BESTEFFORT,COMPLETED,m7-1,87.978,"{'m1-1': 106.14, 'm2-1': 9.9, 'm3-1': 1.06, 'm4-1': 94.97, 'm5-1': 98.91, 'm6-1': 10.11, 'm7-1': 1.02, 'm8-1': 118.33}",1.53,157.39700000000002,158.41700000000003,inf,237.978,237.978
344,T3,BESTEFFORT,COMPLETED,m7-1,88.103,"{'m1-1': 106.97, 'm2-1': 9.98, 'm3-1': 1.04, 'm4-1': 107.42, 'm5-1': 103.24, 'm6-1': 11.11, 'm7-1': 1.06, 'm8-1': 103.78}",1.59,158.41700000000003,159.47700000000003,inf,238.103,238.103
345,T1,BESTEFFORT,COMPLETED,m7-1,88.125,"{'m1-1': 105.8, 'm2-1': 10.51, 'm3-1': 1.06, 'm4-1': 106.7, 'm5-1': 98.31, 'm6-1': 9.7, 'm7-1': 1.02, 'm8-1': 113.48}",1.53,159.47700000000003,160.49700000000004,inf,238.125,238.125
346,T4,BESTEFFORT,COMPLETED,m3-1,88.21,"{'m1-1': 94.0, 'm2-1': 9.76, 'm3-1': 1.01, 'm4-1': 99.31, 'm5-1': 101.14, 'm6-1': 10.69, 'm7-1': 1.08, 'm8-1': 100.62}",1.5150000000000001,192.88100000000003,193.89100000000002,inf,238.20999999999998,238.20999999999998
347,T2,BESTEFFORT,COMPLETED,m7-1,88.496,"{'m1-1': 100.88, 'm2-1': 9.71, 'm3-1': 1.07, 'm4-1': 104.67, 'm5-1': 97.17, 'm6-1': 11.3, 'm7-1': 0.95, 'm8-1': 116.12}",1.4249999999999998,160.49700000000004,161.44700000000003,inf,238.49599999999998,238.49599999999998
348,T3,BESTEFFORT,COMPLETED,m7-1,89.034,"{'m1-1': 108.47, 'm2-1': 11.21, 'm3-1': 1.09, 'm4-1': 102.32, 'm5-1': 104.98, 'm6-1': 10.92, 'm7-1': 1.09, 'm8-1': 105.01}",1.6350000000000002,161.44700000000003,162.53700000000003,inf,239.034,239.034
349,T2,BESTEFFORT,COMPLETED,m7-1,89.137,"{'m1-1': 108.37, 'm2-1': 10.8, 'm3-1': 1.01, 'm4-1': 115.88, 'm5-1': 103.35, 'm6-1': 10.36, 'm7-1': 1.03, 'm8-1': 117.64}",1.545,162.53700000000003,163.56700000000004,inf,239.137,239.137
350,T4,BESTEFFORT,COMPLETED,m3-1,89.208,"{'m1-1': 95.25, 'm2-1': 10.36, 'm3-1': 1.05, 'm4-1': 96.18, 'm5-1': 100.42, 'm6-1': 10.56, 'm7-1': 0.99, 'm8-1': 97.71}",1.5750000000000002,193.89100000000002,194.94100000000003,inf,239.208,239.208
351,T4,BESTEFFORT,COMPLETED,m7-1,89.463,"{'m1-1': 93.33, 'm2-1': 11.1, 'm3-1': 0.93, 'm4-1': 100.98, 'm5-1': 102.29, 'm6-1': 10.47, 'm7-1': 1.03, 'm8-1': 100.48}",1.545,163.56700000000004,164.59700000000004,inf,239.463,239.463
352,T4,BESTEFFORT,COMPLETED,m3-1,89.574,"{'m1-1': 95.2, 'm2-1': 10.48, 'm3-1': 1.03, 'm4-1': 104.01, 'm5-1': 114.8, 'm6-1': 9.57, 'm7-1': 1.07, 'm8-1': 107.52}",1.545,194.94100000000003,195.97100000000003,inf,239.574,239.574
353,T4,BESTEFFORT,COMPLETED,m3-1,89.875,"{'m1-1': 102.47, 'm2-1': 9.46, 'm3-1': 1.0, 'm4-1': 97.17, 'm5-1': 105.54, 'm6-1': 9.86, 'm7-1': 1.05, 'm8-1': 93.44}",1.5,195.97100000000003,196.97100000000003,inf,239.875,239.875
354,T3,BESTEFFORT,COMPLETED,m3-1,89.964,"{'m1-1': 100.15, 'm2-1': 11.58, 'm3-1': 1.13, 'm4-1': 99.52, 'm5-1': 105.27, 'm6-1': 11.51, 'm7-1': 1.1, 'm8-1': 93.16}",1.6949999999999998,196.97100000000003,198.10100000000003,inf,239.964,239.964
355,T2,BESTEFFORT,COMPLETED,m7-1,90.334,"{'m1-1': 106.33, 'm2-1': 10.27, 'm3-1': 1.03, 'm4-1': 99.08, 'm5-1': 104.19, 'm6-1': 10.3, 'm7-1': 1.04, 'm8-1': 115.45}",1.56,164.59700000000004,165.63700000000003,inf,240.334,240.334
356,T2,BESTEFFORT,COMPLETED,m7-1,90.54,"{'m1-1': 111.18, 'm2-1': 10.49, 'm3-1': 0.98, 'm4-1': 115.34, 'm5-1': 93.63, 'm6-1': 10.16, 'm7-1': 0.96, 'm8-1': 109.92}",1.44,165.63700000000003,166.59700000000004,inf,240.54000000000002,240.54000000000002
357,T4,BESTEFFORT,COMPLETED,m3-1,91.072,"{'m1-1': 106.2, 'm2-1': 9.62, 'm3-1': 1.05, 'm4-1': 103.04, 'm5-1': 106.02, 'm6-1': 10.4, 'm7-1': 1.02, 'm8-1': 100.33}",1.5750000000000002,198.10100000000003,199.15100000000004,inf,241.072,241.072
358,T4,BESTEFFORT,COMPLETED,m3-1,91.22,"{'m1-1': 98.6, 'm2-1': 10.5, 'm3-1': 1.03, 'm4-1': 109.47, 'm5-1': 108.23, 'm6-1': 10.22, 'm7-1': 1.16, 'm8-1': 105.66}",1.545,199.15100000000004,200.18100000000004,inf,241.22,241.22
359,T3,BESTEFFORT,COMPLETED,m7-1,91.492,"{'m1-1': 103.74, 'm2-1': 11.71, 'm3-1': 1.11, 'm4-1': 95.9, 'm5-1': 103.65, 'm6-1': 11.76, 'm7-1': 0.97, 'm8-1': 105.82}",1.455,166.59700000000004,167.56700000000004,inf,241.49200000000002,241.49200000000002
360,T4,BESTEFFORT,COMPLETED,m3-1,91.6,"{'m1-1': 95.01, 'm2-1': 11.06, 'm3-1': 0.97, 'm4-1': 97.34, 'm5-1': 103.34, 'm6-1': 9.44, 'm7-1': 1.0, 'm8-1': 102.14}",1.455,200.18100000000004,201.15100000000004,inf,241.6,241.6
361,T4,BESTEFFORT,COMPLETED,m3-1,91.721,"{'m1-1': 103.7, 'm2-1': 10.98, 'm3-1': 0.94, 'm4-1': 96.21, 'm5-1': 112.66, 'm6-1': 9.96, 'm7-1': 1.17, 'm8-1': 104.21}",1.41,201.15100000000004,202.09100000000004,inf,241.721,241.721
362,T4,BESTEFFORT,COMPLETED,m3-1,91.854,"{'m1-1': 104.71, 'm2-1': 10.17, 'm3-1': 0.92, 'm4-1': 106.72, 'm5-1': 109.26, 'm6-1': 10.1, 'm7-1': 1.07, 'm8-1': 103.42}",1.3800000000000001,202.09100000000004,203.01100000000002,inf,241.85399999999998,241.85399999999998
363,T2,BESTEFFORT,COMPLETED,m7-1,91.866,"{'m1-1': 104.0, 'm2-1': 10.43, 'm3-1': 1.08, 'm4-1': 103.2, 'm5-1': 108.39, 'm6-1': 10.32, 'm7-1': 0.96, 'm8-1': 107.61}",1.44,167.56700000000004,168.52700000000004,inf,241.86599999999999,241.86599999999999
364,T1,BESTEFFORT,COMPLETED,m7-1,91.93,"{'m1-1': 108.25, 'm2-1': 10.39, 'm3-1': 0.93, 'm4-1': 110.28, 'm5-1': 100.75, 'm6-1': 10.57, 'm7-1': 1.08, 'm8-1': 102.95}",1.62,168.52700000000004,169.60700000000006,inf,241.93,241.93
365,T1,BESTEFFORT,COMPLETED,m7-1,91.979,"{'m1-1': 110.56, 'm2-1': 11.3, 'm3-1': 0.98, 'm4-1': 98.14, 'm5-1': 101.5, 'm6-1': 10.76, 'm7-1': 1.12, 'm8-1': 102.56}",1.6800000000000002,169.60700000000006,170.72700000000006,inf,241.97899999999998,241.97899999999998
366,T3,BESTEFFORT,COMPLETED,m7-1,92.034,"{'m1-1': 108.76, 'm2-1': 11.1, 'm3-1': 0.99, 'm4-1': 106.12, 'm5-1': 102.44, 'm6-1': 11.15, 'm7-1': 1.03, 'm8-1': 104.06}",1.545,170.72700000000006,171.75700000000006,inf,242.034,242.034
367,T2,BESTEFFORT,COMPLETED,m7-1,92.138,"{'m1-1': 110.83, 'm2-1': 10.73, 'm3-1': 1.09, 'm4-1': 114.77, 'm5-1': 106.83, 'm6-1': 10.42, 'm7-1': 1.04, 'm8-1': 101.28}",1.56,171.75700000000006,172.79700000000005,inf,242.138,242.138
368,T3,BESTEFFORT,COMPLETED,m3-1,92.634,"{'m1-1': 101.0, 'm2-1': 11.18, 'm3-1': 1.13, 'm4-1': 102.61, 'm5-1': 108.48, 'm6-1': 10.2, 'm7-1': 1.05, 'm8-1': 104.4}",1.6949999999999998,203.01100000000002,204.14100000000002,inf,242.63400000000001,242.63400000000001
369,T3,BESTEFFORT,COMPLETED,m7-1,92.758,"{'m1-1': 106.34, 'm2-1': 9.98, 'm3-1': 1.06, 'm4-1': 95.27, 'm5-1': 103.1, 'm6-1': 10.89, 'm7-1': 0.98, 'm8-1': 104.07}",1.47,172.79700000000005,173.77700000000004,inf,242.75799999999998,242.75799999999998
370,T4,BESTEFFORT,COMPLETED,m3-1,92.91,"{'m1-1': 98.75, 'm2-1': 10.82, 'm3-1': 1.06, 'm4-1': 99.97, 'm5-1': 111.9, 'm6-1': 10.1, 'm7-1': 1.07, 'm8-1': 102.51}",1.59,204.14100000000002,205.20100000000002,inf,242.91,242.91
371,T3,BESTEFFORT,COMPLETED,m7-1,92.939,"{'m1-1': 113.54, 'm2-1': 11.37, 'm3-1': 1.08, 'm4-1': 107.81, 'm5-1': 109.53, 'm6-1': 10.83, 'm7-1': 0.95, 'm8-1': 100.56}",1.4249999999999998,173.77700000000004,174.72700000000003,inf,242.939,242.939
372,T3,BESTEFFORT,COMPLETED,m3-1,93.025,"{'m1-1': 104.02, 'm2-1': 11.18, 'm3-1': 1.14, 'm4-1': 107.73, 'm5-1': 97.53, 'm6-1': 10.21, 'm7-1': 1.02, 'm8-1': 107.43}",1.71,205.20100000000002,206.341,inf,243.025,243.025
373,T2,BESTEFFORT,COMPLETED,m7-1,93.367,"{'m1-1': 97.88, 'm2-1': 10.02, 'm3-1': 1.0, 'm4-1': 102.16, 'm5-1': 102.4, 'm6-1': 10.65, 'm7-1': 0.99, 'm8-1': 107.29}",1.4849999999999999,174.72700000000003,175.71700000000004,inf,243.36700000000002,243.36700000000002
374,T4,BESTEFFORT,COMPLETED,m3-1,93.48,"{'m1-1': 99.32, 'm2-1': 10.37, 'm3-1': 0.98, 'm4-1': 95.47, 'm5-1': 98.96, 'm6-1': 10.91, 'm7-1': 0.99, 'm8-1': 93.25}",1.47,206.341,207.321,inf,243.48000000000002,243.48000000000002
375,T1,BESTEFFORT,COMPLETED,m3-1,93.486,"{'m1-1': 104.93, 'm2-1': 10.54, 'm3-1': 1.03, 'm4-1': 108.31, 'm5-1': 96.28, 'm6-1': 10.75, 'm7-1': 0.99, 'm8-1': 117.34}",1.545,207.321,208.351,inf,243.486,243.486
376,T4,BESTEFFORT,COMPLETED,m3-1,93.706,"{'m1-1': 96.62, 'm2-1': 10.78, 'm3-1': 0.96, 'm4-1': 108.57, 'm5-1': 99.32, 'm6-1': 10.73, 'm7-1': 1.16, 'm8-1': 101.37}",1.44,208.351,209.311,inf,243.70600000000002,243.70600000000002
377,T3,BESTEFFORT,COMPLETED,m7-1,94.284,"{'m1-1': 113.51, 'm2-1': 10.62, 'm3-1': 1.1, 'm4-1': 100.15, 'm5-1': 102.38, 'm6-1': 10.48, 'm7-1': 0.99, 'm8-1': 97.32}",1.4849999999999999,175.71700000000004,176.70700000000005,inf,244.284,244.284
378,T4,BESTEFFORT,COMPLETED,m3-1,94.921,"{'m1-1': 96.48, 'm2-1': 10.58, 'm3-1': 0.95, 'm4-1': 96.64, 'm5-1': 109.61, 'm6-1': 10.71, 'm7-1': 1.01, 'm8-1': 102.27}",1.4249999999999998,209.311,210.261,inf,244.921,244.921
379,T4,BESTEFFORT,COMPLETED,m3-1,95.019,"{'m1-1': 108.78, 'm2-1': 11.07, 'm3-1': 0.93, 'm4-1': 111.34, 'm5-1': 105.75, 'm6-1': 10.17, 'm7-1': 1.05, 'm8-1': 106.31}",1.395,210.261,211.191,inf,245.019,245.019
380,T1,BESTEFFORT,COMPLETED,m3-1,95.027,"{'m1-1': 106.57, 'm2-1': 10.13, 'm3-1': 0.99, 'm4-1': 99.68, 'm5-1': 109.19, 'm6-1': 10.7, 'm7-1': 1.12, 'm8-1': 103.68}",1.4849999999999999,211.191,212.181,inf,245.027,245.027
381,T1,BESTEFFORT,COMPLETED,m3-1,95.19,"{'m1-1': 99.8, 'm2-1': 10.88, 'm3-1': 0.94, 'm4-1': 96.0, 'm5-1': 108.9, 'm6-1': 10.39, 'm7-1': 1.03, 'm8-1': 115.21}",1.41,212.181,213.121,inf,245.19,245.19
382,T1,BESTEFFORT,COMPLETED,m7-1,95.531,"{'m1-1': 101.12, 'm2-1': 11.31, 'm3-1': 0.93, 'm4-1': 102.68, 'm5-1': 99.67, 'm6-1': 11.09, 'm7-1': 1.05, 'm8-1': 106.22}",1.5750000000000002,176.70700000000005,177.75700000000006,inf,245.531,245.531
383,T4,BESTEFFORT,COMPLETED,m3-1,95.738,"{'m1-1': 105.4, 'm2-1': 10.55, 'm3-1': 1.05, 'm4-1': 104.41, 'm5-1': 110.92, 'm6-1': 9.3, 'm7-1': 1.12, 'm8-1': 96.55}",1.5750000000000002,213.121,214.17100000000002,inf,245.738,245.738
384,T3,BESTEFFORT,COMPLETED,m7-1,96.266,"{'m1-1': 98.32, 'm2-1': 9.96, 'm3-1': 1.08, 'm4-1': 100.31, 'm5-1': 103.84, 'm6-1': 10.75, 'm7-1': 1.02, 'm8-1': 106.11}",1.53,177.75700000000006,178.77700000000007,inf,246.26600000000002,246.26600000000002
385,T4,BESTEFFORT,COMPLETED,m3-1,96.354,"{'m1-1': 103.57, 'm2-1': 9.72, 'm3-1': 1.01, 'm4-1': 96.9, 'm5-1': 105.09, 'm6-1': 9.99, 'm7-1': 1.03, 'm8-1': 95.45}",1.5150000000000001,214.17100000000002,215.181,inf,246.35399999999998,246.35399999999998
386,T3,BESTEFFORT,COMPLETED,m7-1,96.401,"{'m1-1': 101.46, 'm2-1': 10.03, 'm3-1': 1.07, 'm4-1': 94.46, 'm5-1': 99.15, 'm6-1': 10.18, 'm7-1': 0.96, 'm8-1': 108.24}",1.44,178.77700000000007,179.73700000000008,inf,246.401,246.401
387,T2,BESTEFFORT,COMPLETED,m7-1,96.503,"{'m1-1': 98.87, 'm2-1': 9.36, 'm3-1': 0.98, 'm4-1': 106.28, 'm5-1': 95.51, 'm6-1': 10.09, 'm7-1': 1.06, 'm8-1': 114.1}",1.59,179.73700000000008,180.79700000000008,inf,246.503,246.503
388,T4,BESTEFFORT,COMPLETED,m3-1,96.514,"{'m1-1': 104.5, 'm2-1': 9.54, 'm3-1': 0.96, 'm4-1': 98.7, 'm5-1': 101.23, 'm6-1': 10.52, 'm7-1': 1.02, 'm8-1': 108.3}",1.44,215.181,216.14100000000002,inf,246.514,246.514
389,T2,BESTEFFORT,COMPLETED,m3-1,96.868,"{'m1-1': 96.72, 'm2-1': 9.7, 'm3-1': 1.11, 'm4-1': 103.64, 'm5-1': 96.54, 'm6-1': 10.57, 'm7-1': 0.95, 'm8-1': 100.57}",1.665,216.14100000000002,217.25100000000003,inf,246.868,246.868
390,T2,BESTEFFORT,COMPLETED,m3-1,97.023,"{'m1-1': 110.16, 'm2-1': 9.85, 'm3-1': 1.03, 'm4-1': 114.28, 'm5-1': 107.34, 'm6-1': 10.14, 'm7-1': 1.06, 'm8-1': 110.06}",1.545,217.25100000000003,218.28100000000003,inf,247.023,247.023
391,T1,BESTEFFORT,COMPLETED,m3-1,97.497,"{'m1-1': 98.24, 'm2-1': 10.57, 'm3-1': 0.93, 'm4-1': 109.62, 'm5-1': 98.6, 'm6-1': 10.02, 'm7-1': 1.06, 'm8-1': 112.54}",1.395,218.28100000000003,219.21100000000004,inf,247.497,247.497
392,T2,BESTEFFORT,COMPLETED,m3-1,97.59,"{'m1-1': 111.97, 'm2-1': 9.42, 'm3-1': 1.12, 'm4-1': 99.45, 'm5-1': 103.3, 'm6-1': 10.44, 'm7-1': 0.95, 'm8-1': 115.91}",1.6800000000000002,219.21100000000004,220.33100000000005,inf,247.59,247.59
393,T3,BESTEFFORT,COMPLETED,m7-1,97.681,"{'m1-1': 95.8, 'm2-1': 10.07, 'm3-1': 1.05, 'm4-1': 95.65, 'm5-1': 103.82, 'm6-1': 10.12, 'm7-1': 0.96, 'm8-1': 103.02}",1.44,180.79700000000008,181.7570000000001,inf,247.68099999999998,247.68099999999998
394,T3,BESTEFFORT,COMPLETED,m3-1,97.895,"{'m1-1': 99.27, 'm2-1': 11.3, 'm3-1': 1.06, 'm4-1': 98.66, 'm5-1': 105.92, 'm6-1': 11.85, 'm7-1': 1.0, 'm8-1': 107.39}",1.59,220.33100000000005,221.39100000000005,inf,247.89499999999998,247.89499999999998
395,T1,BESTEFFORT,COMPLETED,m3-1,98.011,"{'m1-1': 106.24, 'm2-1': 11.01, 'm3-1': 1.02, 'm4-1': 105.97, 'm5-1': 95.29, 'm6-1': 10.31, 'm7-1': 0.98, 'm8-1': 109.12}",1.53,221.39100000000005,222.41100000000006,inf,248.011,248.011
396,T1,BESTEFFORT,COMPLETED,m3-1,98.342,"{'m1-1': 100.28, 'm2-1': 10.51, 'm3-1': 1.0, 'm4-1': 98.84, 'm5-1': 92.96, 'm6-1': 10.77, 'm7-1': 1.06, 'm8-1': 108.06}",1.5,222.41100000000006,223.41100000000006,inf,248.34199999999998,248.34199999999998
397,T2,BESTEFFORT,COMPLETED,m7-1,98.824,"{'m1-1': 103.87, 'm2-1': 9.84, 'm3-1': 0.96, 'm4-1': 101.58, 'm5-1': 98.54, 'm6-1': 11.09, 'm7-1': 1.05, 'm8-1': 108.13}",1.5750000000000002,181.7570000000001,182.8070000000001,inf,248.824,248.824
398,T1,BESTEFFORT,COMPLETED,m7-1,98.922,"{'m1-1': 94.96, 'm2-1': 10.42, 'm3-1': 1.05, 'm4-1': 97.28, 'm5-1': 94.22, 'm6-1': 10.64, 'm7-1': 1.03, 'm8-1': 109.07}",1.545,182.8070000000001,183.8370000000001,inf,248.922,248.922
399,T2,BESTEFFORT,COMPLETED,m3-1,99.532,"{'m1-1': 101.4, 'm2-1': 10.8, 'm3-1': 0.99, 'm4-1': 115.89, 'm5-1': 96.15, 'm6-1': 11.29, 'm7-1': 1.09, 'm8-1': 118.12}",1.4849999999999999,223.41100000000006,224.40100000000007,inf,249.53199999999998,249.53199999999998
400,T2,BESTEFFORT,COMPLETED,m7-1,99.674,"{'m1-1': 110.36, 'm2-1': 10.56, 'm3-1': 0.98, 'm4-1': 110.26, 'm5-1': 99.13, 'm6-1': 11.43, 'm7-1': 1.0, 'm8-1': 106.58}",1.5,183.8370000000001,184.8370000000001,inf,249.674,249.674
401,T4,BESTEFFORT,COMPLETED,m3-1,99.719,"{'m1-1': 107.55, 'm2-1': 10.89, 'm3-1': 1.0, 'm4-1': 103.54, 'm5-1': 102.88, 'm6-1': 9.68, 'm7-1': 1.11, 'm8-1': 103.59}",1.5,224.40100000000007,225.40100000000007,inf,249.719,249.719
402,T4,BESTEFFORT,COMPLETED,m3-1,99.75,"{'m1-1': 105.37, 'm2-1': 9.51, 'm3-1': 1.05, 'm4-1': 97.69, 'm5-1': 99.94, 'm6-1': 10.02, 'm7-1': 1.04, 'm8-1': 107.99}",1.5750000000000002,225.40100000000007,226.45100000000008,inf,249.75,249.75
403,T3,BESTEFFORT,COMPLETED,m3-1,99.812,"{'m1-1': 112.29, 'm2-1': 10.6, 'm3-1': 0.99, 'm4-1': 98.11, 'm5-1': 96.78, 'm6-1': 10.78, 'm7-1': 1.0, 'm8-1': 100.98}",1.4849999999999999,226.45100000000008,227.4410000000001,inf,249.812,249.812
404,T1,BESTEFFORT,COMPLETED,m7-1,99.915,"{'m1-1': 111.04, 'm2-1': 10.64, 'm3-1': 1.01, 'm4-1': 101.59, 'm5-1': 95.89, 'm6-1': 10.06, 'm7-1': 1.05, 'm8-1': 107.96}",1.5750000000000002,184.8370000000001,185.8870000000001,inf,249.91500000000002,249.91500000000002
405,T1,BESTEFFORT,COMPLETED,m3-1,100.838,"{'m1-1': 94.95, 'm2-1': 10.49, 'm3-1': 0.91, 'm4-1': 109.48, 'm5-1': 108.84, 'm6-1': 10.81, 'm7-1': 1.06, 'm8-1': 114.54}",1.365,227.4410000000001,228.35100000000008,inf,250.838,250.838
406,T3,BESTEFFORT,COMPLETED,m7-1,101.023,"{'m1-1': 107.19, 'm2-1': 11.21, 'm3-1': 1.01, 'm4-1': 103.58, 'm5-1': 103.82, 'm6-1': 10.39, 'm7-1': 0.94, 'm8-1': 105.22}",1.41,185.8870000000001,186.8270000000001,inf,251.023,251.023
407,T3,BESTEFFORT,COMPLETED,m7-1,101.338,"{'m1-1': 97.94, 'm2-1': 10.99, 'm3-1': 1.06, 'm4-1': 109.1, 'm5-1': 101.9, 'm6-1': 11.34, 'm7-1': 0.96, 'm8-1': 107.32}",1.44,186.8270000000001,187.78700000000012,inf,251.338,251.338
408,T2,BESTEFFORT,COMPLETED,m7-1,101.633,"{'m1-1': 112.79, 'm2-1': 9.65, 'm3-1': 1.12, 'm4-1': 103.57, 'm5-1': 105.39, 'm6-1': 10.7, 'm7-1': 1.03, 'm8-1': 100.12}",1.545,187.78700000000012,188.81700000000012,inf,251.63299999999998,251.63299999999998
409,T4,BESTEFFORT,COMPLETED,m3-1,101.951,"{'m1-1': 100.78, 'm2-1': 9.51, 'm3-1': 1.0, 'm4-1': 102.75, 'm5-1': 102.06, 'm6-1': 9.76, 'm7-1': 1.07, 'm8-1': 93.87}",1.5,228.35100000000008,229.35100000000008,inf,251.951,251.951
410,T3,BESTEFFORT,COMPLETED,m7-1,103.494,"{'m1-1': 98.76, 'm2-1': 11.29, 'm3-1': 1.07, 'm4-1': 110.63, 'm5-1': 103.79, 'm6-1': 11.51, 'm7-1': 1.09, 'm8-1': 103.65}",1.6350000000000002,188.81700000000012,189.90700000000012,inf,253.494,253.494
411,T4,BESTEFFORT,COMPLETED,m3-1,103.607,"{'m1-1': 109.5, 'm2-1': 10.36, 'm3-1': 1.06, 'm4-1': 105.8, 'm5-1': 107.25, 'm6-1': 11.01, 'm7-1': 1.1, 'm8-1': 99.95}",1.59,229.35100000000008,230.4110000000001,inf,253.607,253.607
412,T2,BESTEFFORT,COMPLETED,m7-1,103.627,"{'m1-1': 111.36, 'm2-1': 9.87, 'm3-1': 1.11, 'm4-1': 115.61, 'm5-1': 107.5, 'm6-1': 11.48, 'm7-1': 0.99, 'm8-1': 105.71}",1.4849999999999999,189.90700000000012,190.89700000000013,inf,253.627,253.627
413,T3,BESTEFFORT,COMPLETED,m7-1,103.765,"{'m1-1': 112.22, 'm2-1': 10.04, 'm3-1': 1.05, 'm4-1': 101.45, 'm5-1': 92.51, 'm6-1': 11.34, 'm7-1': 0.96, 'm8-1': 97.53}",1.44,190.89700000000013,191.85700000000014,inf,253.765,253.765
414,T1,BESTEFFORT,COMPLETED,m7-1,103.947,"{'m1-1': 102.83, 'm2-1': 10.0, 'm3-1': 1.01, 'm4-1': 108.72, 'm5-1': 95.08, 'm6-1': 10.98, 'm7-1': 1.06, 'm8-1': 113.01}",1.59,191.85700000000014,192.91700000000014,inf,253.947,253.947
415,T1,BESTEFFORT,COMPLETED,m3-1,104.6,"{'m1-1': 96.08, 'm2-1': 9.87, 'm3-1': 0.99, 'm4-1': 98.83, 'm5-1': 96.14, 'm6-1': 9.88, 'm7-1': 1.0, 'm8-1': 111.13}",1.4849999999999999,230.4110000000001,231.4010000000001,inf,254.6,254.6
416,T1,BESTEFFORT,COMPLETED,m3-1,105.771,"{'m1-1': 96.41, 'm2-1': 10.45, 'm3-1': 0.96, 'm4-1': 98.56, 'm5-1': 106.82, 'm6-1': 9.97, 'm7-1': 1.0, 'm8-1': 107.19}",1.44,231.4010000000001,232.3610000000001,inf,255.77100000000002,255.77100000000002
417,T1,BESTEFFORT,COMPLETED,m3-1,105.989,"{'m1-1': 102.28, 'm2-1': 9.89, 'm3-1': 0.99, 'm4-1': 104.56, 'm5-1': 102.58, 'm6-1': 10.31, 'm7-1': 0.97, 'm8-1': 114.26}",1.4849999999999999,232.3610000000001,233.3510000000001,inf,255.989,255.989
418,T2,BESTEFFORT,COMPLETED,m7-1,106.372,"{'m1-1': 104.72, 'm2-1': 10.22, 'm3-1': 1.1, 'm4-1': 99.72, 'm5-1': 95.54, 'm6-1': 10.45, 'm7-1': 1.06, 'm8-1': 113.61}",1.59,192.91700000000014,193.97700000000015,inf,256.372,256.372
419,T1,BESTEFFORT,COMPLETED,m3-1,106.42,"{'m1-1': 99.67, 'm2-1': 11.6, 'm3-1': 0.95, 'm4-1': 98.18, 'm5-1': 104.92, 'm6-1': 9.52, 'm7-1': 0.95, 'm8-1': 104.09}",1.4249999999999998,233.3510000000001,234.3010000000001,inf,256.42,256.42
420,T3,BESTEFFORT,COMPLETED,m3-1,106.594,"{'m1-1': 112.51, 'm2-1': 11.2, 'm3-1': 0.97, 'm4-1': 101.07, 'm5-1': 99.34, 'm6-1': 11.09, 'm7-1': 1.05, 'm8-1': 108.57}",1.455,234.3010000000001,235.2710000000001,inf,256.594,256.594
421,T3,BESTEFFORT,COMPLETED,m3-1,106.628,"{'m1-1': 101.3, 'm2-1': 11.68, 'm3-1': 1.14, 'm4-1': 98.12, 'm5-1': 98.76, 'm6-1': 10.72, 'm7-1': 0.98, 'm8-1': 101.02}",1.71,235.2710000000001,236.4110000000001,inf,256.628,256.628
422,T3,BESTEFFORT,COMPLETED,m7-1,106.653,"{'m1-1': 106.87, 'm2-1': 11.69, 'm3-1': 1.07, 'm4-1': 103.8, 'm5-1': 99.5, 'm6-1': 10.09, 'm7-1': 1.0, 'm8-1': 105.72}",1.5,193.97700000000015,194.97700000000015,inf,256.653,256.653
423,T3,BESTEFFORT,COMPLETED,m7-1,107.079,"{'m1-1': 102.05, 'm2-1': 11.01, 'm3-1': 1.09, 'm4-1': 102.54, 'm5-1': 107.98, 'm6-1': 10.44, 'm7-1': 1.08, 'm8-1': 97.12}",1.62,194.97700000000015,196.05700000000016,inf,257.079,257.079
424,T4,BESTEFFORT,COMPLETED,m3-1,107.308,"{'m1-1': 105.35, 'm2-1': 10.47, 'm3-1': 0.98, 'm4-1': 110.52, 'm5-1': 103.73, 'm6-1': 10.12, 'm7-1': 1.01, 'm8-1': 105.18}",1.47,236.4110000000001,237.39100000000008,inf,257.308,257.308
425,T1,BESTEFFORT,COMPLETED,m7-1,107.551,"{'m1-1': 108.45, 'm2-1': 9.81, 'm3-1': 1.0, 'm4-1': 102.02, 'm5-1': 109.73, 'm6-1': 9.88, 'm7-1': 1.05, 'm8-1': 115.94}",1.5750000000000002,196.05700000000016,197.10700000000017,inf,257.551,257.551
426,T1,BESTEFFORT,COMPLETED,m3-1,108.488,"{'m1-1': 97.36, 'm2-1': 10.19, 'm3-1': 1.05, 'm4-1': 102.68, 'm5-1': 105.9, 'm6-1': 10.37, 'm7-1': 1.04, 'm8-1': 113.86}",1.5750000000000002,237.39100000000008,238.4410000000001,inf,258.488,258.488
427,T2,BESTEFFORT,COMPLETED,m7-1,108.67,"{'m1-1': 97.88, 'm2-1': 10.64, 'm3-1': 1.06, 'm4-1': 109.31, 'm5-1': 109.25, 'm6-1': 10.64, 'm7-1': 1.0, 'm8-1': 109.22}",1.5,197.10700000000017,198.10700000000017,inf,258.67,258.67
428,T3,BESTEFFORT,COMPLETED,m7-1,108.672,"{'m1-1': 97.34, 'm2-1': 11.78, 'm3-1': 1.03, 'm4-1': 105.04, 'm5-1': 93.44, 'm6-1': 11.17, 'm7-1': 1.02, 'm8-1': 98.19}",1.53,198.10700000000017,199.12700000000018,inf,258.672,258.672
429,T2,BESTEFFORT,COMPLETED,m3-1,109.267,"{'m1-1': 106.16, 'm2-1': 10.56, 'm3-1': 0.99, 'm4-1': 110.28, 'm5-1': 108.18, 'm6-1': 11.34, 'm7-1': 1.06, 'm8-1': 100.32}",1.4849999999999999,238.4410000000001,239.4310000000001,inf,259.267,259.267
430,T4,BESTEFFORT,COMPLETED,m3-1,109.783,"{'m1-1': 100.12, 'm2-1': 9.4, 'm3-1': 1.04, 'm4-1': 111.53, 'm5-1': 98.59, 'm6-1': 10.7, 'm7-1': 1.04, 'm8-1': 102.61}",1.56,239.4310000000001,240.4710000000001,inf,259.783,259.783
431,T1,BESTEFFORT,COMPLETED,m3-1,110.247,"{'m1-1': 104.73, 'm2-1': 11.37, 'm3-1': 0.94, 'm4-1': 100.81, 'm5-1': 102.87, 'm6-1': 10.39, 'm7-1': 1.08, 'm8-1': 100.3}",1.41,240.4710000000001,241.4110000000001,inf,260.247,260.247
432,T2,BESTEFFORT,COMPLETED,m3-1,110.459,"{'m1-1': 106.18, 'm2-1': 9.92, 'm3-1': 1.0, 'm4-1': 107.84, 'm5-1': 104.98, 'm6-1': 10.4, 'm7-1': 0.95, 'm8-1': 107.79}",1.5,241.4110000000001,242.4110000000001,inf,260.459,260.459
433,T3,BESTEFFORT,COMPLETED,m7-1,110.503,"{'m1-1': 105.87, 'm2-1': 10.9, 'm3-1': 1.04, 'm4-1': 106.73, 'm5-1': 103.36, 'm6-1': 10.25, 'm7-1': 1.1, 'm8-1': 93.96}",1.6500000000000001,199.12700000000018,200.22700000000017,inf,260.503,260.503
434,T2,BESTEFFORT,COMPLETED,m7-1,110.592,"{'m1-1': 100.07, 'm2-1': 10.03, 'm3-1': 0.96, 'm4-1': 98.35, 'm5-1': 101.04, 'm6-1': 10.06, 'm7-1': 1.09, 'm8-1': 107.93}",1.6350000000000002,200.22700000000017,201.31700000000018,inf,260.592,260.592
435,T3,BESTEFFORT,COMPLETED,m7-1,110.799,"{'m1-1': 111.68, 'm2-1': 10.32, 'm3-1': 1.07, 'm4-1': 96.75, 'm5-1': 97.72, 'm6-1': 10.32, 'm7-1': 1.04, 'm8-1': 96.38}",1.56,201.31700000000018,202.35700000000017,inf,260.799,260.799
436,T2,BESTEFFORT,COMPLETED,m7-1,110.85,"{'m1-1': 110.27, 'm2-1': 10.71, 'm3-1': 0.97, 'm4-1': 107.04, 'm5-1': 99.0, 'm6-1': 10.46, 'm7-1': 1.06, 'm8-1': 117.66}",1.59,202.35700000000017,203.41700000000017,inf,260.85,260.85
437,T1,BESTEFFORT,COMPLETED,m3-1,111.769,"{'m1-1': 106.64, 'm2-1': 10.63, 'm3-1': 1.06, 'm4-1': 103.57, 'm5-1': 96.98, 'm6-1': 9.82, 'm7-1': 0.97, 'm8-1': 104.59}",1.59,242.4110000000001,243.4710000000001,inf,261.769,261.769
438,T3,BESTEFFORT,COMPLETED,m7-1,111.816,"{'m1-1': 110.5, 'm2-1': 10.18, 'm3-1': 1.05, 'm4-1': 102.82, 'm5-1': 100.11, 'm6-1': 11.8, 'm7-1': 1.07, 'm8-1': 103.35}",1.605,203.41700000000017,204.48700000000017,inf,261.81600000000003,261.81600000000003
439,T2,BESTEFFORT,COMPLETED,m7-1,112.244,"{'m1-1': 99.5, 'm2-1': 10.65, 'm3-1': 1.07, 'm4-1': 112.85, 'm5-1': 104.22, 'm6-1': 10.91, 'm7-1': 0.99, 'm8-1': 118.5}",1.4849999999999999,204.48700000000017,205.47700000000017,inf,262.244,262.244
440,T3,BESTEFFORT,COMPLETED,m7-1,112.54,"{'m1-1': 95.8, 'm2-1': 11.06, 'm3-1': 1.06, 'm4-1': 106.21, 'm5-1': 93.5, 'm6-1': 10.11, 'm7-1': 1.03, 'm8-1': 107.72}",1.545,205.47700000000017,206.50700000000018,inf,262.54,262.54
441,T4,BESTEFFORT,COMPLETED,m3-1,112.56,"{'m1-1': 104.26, 'm2-1': 10.66, 'm3-1': 0.94, 'm4-1': 111.61, 'm5-1': 104.32, 'm6-1': 10.55, 'm7-1': 1.13, 'm8-1': 104.61}",1.41,243.4710000000001,244.4110000000001,inf,262.56,262.56
442,T3,BESTEFFORT,COMPLETED,m7-1,112.969,"{'m1-1': 112.51, 'm2-1': 11.59, 'm3-1': 1.09, 'm4-1': 95.4, 'm5-1': 98.74, 'm6-1': 10.73, 'm7-1': 1.0, 'm8-1': 108.2}",1.5,206.50700000000018,207.50700000000018,inf,262.969,262.969
443,T1,BESTEFFORT,COMPLETED,m7-1,113.554,"{'m1-1': 102.29, 'm2-1': 10.41, 'm3-1': 1.0, 'm4-1': 103.77, 'm5-1': 95.93, 'm6-1': 10.49, 'm7-1': 1.01, 'm8-1': 102.45}",1.5150000000000001,207.50700000000018,208.51700000000017,inf,263.554,263.554
444,T1,BESTEFFORT,COMPLETED,m3-1,113.691,"{'m1-1': 106.54, 'm2-1': 10.58, 'm3-1': 1.04, 'm4-1': 100.89, 'm5-1': 105.1, 'm6-1': 10.2, 'm7-1': 1.08, 'm8-1': 102.13}",1.56,244.4110000000001,245.45100000000008,inf,263.69100000000003,263.69100000000003
445,T4,BESTEFFORT,COMPLETED,m3-1,113.731,"{'m1-1': 108.59, 'm2-1': 9.59, 'm3-1': 0.99, 'm4-1': 108.23, 'm5-1': 108.5, 'm6-1': 10.12, 'm7-1': 1.01, 'm8-1': 103.34}",1.4849999999999999,245.45100000000008,246.4410000000001,inf,263.731,263.731
446,T1,BESTEFFORT,COMPLETED,m7-1,114.257,"{'m1-1': 106.54, 'm2-1': 10.16, 'm3-1': 1.03, 'm4-1': 95.09, 'm5-1': 101.7, 'm6-1': 10.73, 'm7-1': 1.07, 'm8-1': 117.85}",1.605,208.51700000000017,209.58700000000016,inf,264.257,264.257
447,T4,BESTEFFORT,COMPLETED,m7-1,114.389,"{'m1-1': 102.33, 'm2-1': 9.59, 'm3-1': 1.06, 'm4-1': 108.35, 'm5-1': 98.84, 'm6-1': 9.47, 'm7-1': 1.0, 'm8-1': 95.05}",1.5,209.58700000000016,210.58700000000016,inf,264.389,264.389
448,T1,BESTEFFORT,COMPLETED,m3-1,114.654,"{'m1-1': 98.73, 'm2-1': 10.53, 'm3-1': 0.97, 'm4-1': 100.25, 'm5-1': 101.48, 'm6-1': 10.14, 'm7-1': 1.08, 'm8-1': 111.66}",1.455,246.4410000000001,247.4110000000001,inf,264.654,264.654
449,T2,BESTEFFORT,COMPLETED,m7-1,114.701,"{'m1-1': 107.29, 'm2-1': 9.72, 'm3-1': 1.01, 'm4-1': 106.83, 'm5-1': 105.52, 'm6-1': 11.42, 'm7-1': 0.96, 'm8-1': 113.88}",1.44,210.58700000000016,211.54700000000017,inf,264.701,264.701
450,T1,BESTEFFORT,COMPLETED,m3-1,114.802,"{'m1-1': 110.9, 'm2-1': 10.19, 'm3-1': 1.03, 'm4-1': 106.98, 'm5-1': 104.07, 'm6-1': 11.07, 'm7-1': 1.11, 'm8-1': 117.26}",1.545,247.4110000000001,248.4410000000001,inf,264.802,264.802
451,T2,BESTEFFORT,COMPLETED,m7-1,115.118,"{'m1-1': 111.54, 'm2-1': 10.27, 'm3-1': 1.07, 'm4-1': 112.95, 'm5-1': 108.28, 'm6-1': 9.95, 'm7-1': 1.04, 'm8-1': 118.12}",1.56,211.54700000000017,212.58700000000016,inf,265.118,265.118
452,T3,BESTEFFORT,COMPLETED,m7-1,115.235,"{'m1-1': 106.99, 'm2-1': 11.68, 'm3-1': 1.04, 'm4-1': 97.4, 'm5-1': 100.44, 'm6-1': 10.69, 'm7-1': 1.1, 'm8-1': 98.97}",1.6500000000000001,212.58700000000016,213.68700000000015,inf,265.235,265.235
453,T1,BESTEFFORT,COMPLETED,m3-1,115.491,"{'m1-1': 108.88, 'm2-1': 11.2, 'm3-1': 1.06, 'm4-1': 106.02, 'm5-1': 97.55, 'm6-1': 10.81, 'm7-1': 1.05, 'm8-1': 107.96}",1.59,248.4410000000001,249.5010000000001,inf,265.491,265.491
454,T4,BESTEFFORT,COMPLETED,m3-1,115.574,"{'m1-1': 107.96, 'm2-1': 9.53, 'm3-1': 1.02, 'm4-1': 96.04, 'm5-1': 101.36, 'm6-1': 9.43, 'm7-1': 1.09, 'm8-1': 106.57}",1.53,249.5010000000001,250.5210000000001,inf,265.574,265.574
455,T2,BESTEFFORT,COMPLETED,m3-1,115.879,"{'m1-1': 99.74, 'm2-1': 10.54, 'm3-1': 1.05, 'm4-1': 108.06, 'm5-1': 105.97, 'm6-1': 10.42, 'm7-1': 1.08, 'm8-1': 102.82}",1.5750000000000002,250.5210000000001,251.5710000000001,inf,265.879,265.879
456,T1,BESTEFFORT,COMPLETED,m3-1,115.889,"{'m1-1': 94.54, 'm2-1': 11.38, 'm3-1': 0.94, 'm4-1': 103.38, 'm5-1': 98.69, 'm6-1': 10.2, 'm7-1': 1.04, 'm8-1': 117.89}",1.41,251.5710000000001,252.5110000000001,inf,265.889,265.889
457,T2,BESTEFFORT,COMPLETED,m7-1,115.951,"{'m1-1': 96.65, 'm2-1': 9.74, 'm3-1': 1.09, 'm4-1': 108.79, 'm5-1': 95.91, 'm6-1': 10.52, 'm7-1': 1.01, 'm8-1': 108.42}",1.5150000000000001,213.68700000000015,214.69700000000014,inf,265.951,265.951
458,T3,BESTEFFORT,COMPLETED,m7-1,116.572,"{'m1-1': 106.16, 'm2-1': 10.0, 'm3-1': 1.04, 'm4-1': 107.89, 'm5-1': 92.61, 'm6-1': 10.94, 'm7-1': 0.93, 'm8-1': 102.98}",1.395,214.69700000000014,215.62700000000015,inf,266.572,266.572
459,T1,BESTEFFORT,COMPLETED,m3-1,116.829,"{'m1-1': 104.12, 'm2-1': 11.11, 'm3-1': 0.97, 'm4-1': 111.22, 'm5-1': 103.16, 'm6-1': 11.25, 'm7-1': 0.95, 'm8-1': 109.78}",1.455,252.5110000000001,253.4810000000001,inf,266.829,266.829
460,T3,BESTEFFORT,COMPLETED,m7-1,117.001,"{'m1-1': 99.27, 'm2-1': 11.67, 'm3-1': 1.07, 'm4-1': 110.96, 'm5-1': 101.46, 'm6-1': 11.38, 'm7-1': 1.02, 'm8-1': 98.77}",1.53,215.62700000000015,216.64700000000016,inf,267.001,267.001
461,T4,BESTEFFORT,COMPLETED,m3-1,117.146,"{'m1-1': 95.45, 'm2-1': 10.88, 'm3-1': 1.06, 'm4-1': 98.86, 'm5-1': 107.9, 'm6-1': 10.28, 'm7-1': 1.05, 'm8-1': 94.49}",1.59,253.4810000000001,254.5410000000001,inf,267.146,267.146
462,T4,BESTEFFORT,COMPLETED,m3-1,117.207,"{'m1-1': 96.97, 'm2-1': 10.91, 'm3-1': 1.03, 'm4-1': 98.3, 'm5-1': 114.44, 'm6-1': 10.4, 'm7-1': 1.09, 'm8-1': 106.56}",1.545,254.5410000000001,255.5710000000001,inf,267.207,267.207
463,T1,BESTEFFORT,COMPLETED,m3-1,117.297,"{'m1-1': 103.86, 'm2-1': 11.13, 'm3-1': 0.96, 'm4-1': 112.1, 'm5-1': 106.04, 'm6-1': 10.48, 'm7-1': 1.06, 'm8-1': 112.13}",1.44,255.5710000000001,256.5310000000001,inf,267.297,267.297
464,T1,BESTEFFORT,COMPLETED,m3-1,117.527,"{'m1-1': 100.16, 'm2-1': 11.51, 'm3-1': 1.08, 'm4-1': 105.12, 'm5-1': 101.8, 'm6-1': 10.01, 'm7-1': 1.04, 'm8-1': 108.16}",1.62,256.5310000000001,257.6110000000001,inf,267.527,267.527
465,T4,BESTEFFORT,COMPLETED,m3-1,119.034,"{'m1-1': 100.54, 'm2-1': 9.94, 'm3-1': 1.0, 'm4-1': 110.52, 'm5-1': 102.94, 'm6-1': 9.79, 'm7-1': 1.08, 'm8-1': 104.01}",1.5,257.6110000000001,258.6110000000001,inf,269.034,269.034
466,T3,BESTEFFORT,COMPLETED,m3-1,119.35,"{'m1-1': 97.68, 'm2-1': 11.56, 'm3-1': 1.08, 'm4-1': 105.55, 'm5-1': 95.19, 'm6-1': 11.7, 'm7-1': 0.93, 'm8-1': 107.35}",1.62,258.6110000000001,259.6910000000001,inf,269.35,269.35
467,T2,BESTEFFORT,COMPLETED,m7-1,119.613,"{'m1-1': 100.91, 'm2-1': 9.4, 'm3-1': 0.95, 'm4-1': 103.9, 'm5-1': 99.21, 'm6-1': 11.58, 'm7-1': 1.06, 'm8-1': 101.5}",1.59,216.64700000000016,217.70700000000016,inf,269.613,269.613
468,T4,BESTEFFORT,COMPLETED,m3-1,120.615,"{'m1-1': 107.34, 'm2-1': 10.86, 'm3-1': 1.05, 'm4-1': 94.79, 'm5-1': 110.82, 'm6-1': 10.07, 'm7-1': 1.02, 'm8-1': 108.16}",1.5750000000000002,259.6910000000001,260.7410000000001,inf,270.615,270.615
469,T1,BESTEFFORT,COMPLETED,m7-1,120.936,"{'m1-1': 110.57, 'm2-1': 10.26, 'm3-1': 1.05, 'm4-1': 95.73, 'm5-1': 107.4, 'm6-1': 10.78, 'm7-1': 1.04, 'm8-1': 102.94}",1.56,217.70700000000016,218.74700000000016,inf,270.93600000000004,270.93600000000004
470,T2,BESTEFFORT,COMPLETED,m7-1,121.035,"{'m1-1': 101.04, 'm2-1': 9.29, 'm3-1': 1.09, 'm4-1': 107.97, 'm5-1': 106.22, 'm6-1': 10.19, 'm7-1': 1.09, 'm8-1': 103.54}",1.6350000000000002,218.74700000000016,219.83700000000016,inf,271.03499999999997,271.03499999999997
471,T3,BESTEFFORT,COMPLETED,m3-1,121.679,"{'m1-1': 97.79, 'm2-1': 10.59, 'm3-1': 1.1, 'm4-1': 95.29, 'm5-1': 96.34, 'm6-1': 11.82, 'm7-1': 1.08, 'm8-1': 105.98}",1.6500000000000001,260.7410000000001,261.8410000000001,inf,271.679,271.679
472,T2,BESTEFFORT,COMPLETED,m7-1,121.698,"{'m1-1': 108.77, 'm2-1': 10.15, 'm3-1': 1.07, 'm4-1': 101.19, 'm5-1': 95.17, 'm6-1': 11.18, 'm7-1': 1.0, 'm8-1': 100.41}",1.5,219.83700000000016,220.83700000000016,inf,271.698,271.698
473,T3,BESTEFFORT,COMPLETED,m7-1,122.023,"{'m1-1': 106.19, 'm2-1': 11.24, 'm3-1': 1.04, 'm4-1': 97.57, 'm5-1': 98.01, 'm6-1': 10.32, 'm7-1': 1.04, 'm8-1': 104.35}",1.56,220.83700000000016,221.87700000000015,inf,272.023,272.023
474,T4,BESTEFFORT,COMPLETED,m3-1,122.052,"{'m1-1': 93.51, 'm2-1': 9.87, 'm3-1': 1.04, 'm4-1': 107.87, 'm5-1': 115.86, 'm6-1': 10.71, 'm7-1': 1.17, 'm8-1': 104.62}",1.56,261.8410000000001,262.88100000000014,inf,272.052,272.052
475,T1,BESTEFFORT,COMPLETED,m7-1,122.637,"{'m1-1': 97.27, 'm2-1': 10.39, 'm3-1': 0.92, 'm4-1': 105.29, 'm5-1': 97.96, 'm6-1': 10.44, 'm7-1': 0.94, 'm8-1': 107.77}",1.41,221.87700000000015,222.81700000000015,inf,272.637,272.637
476,T3,BESTEFFORT,COMPLETED,m7-1,124.869,"{'m1-1': 111.74, 'm2-1': 10.24, 'm3-1': 1.15, 'm4-1': 99.92, 'm5-1': 101.35, 'm6-1': 10.49, 'm7-1': 1.03, 'm8-1': 98.32}",1.545,222.81700000000015,223.84700000000015,inf,274.869,274.869
477,T1,BESTEFFORT,COMPLETED,m3-1,124.989,"{'m1-1': 110.42, 'm2-1': 11.43, 'm3-1': 1.07, 'm4-1': 103.77, 'm5-1': 103.85, 'm6-1': 10.76, 'm7-1': 1.05, 'm8-1': 102.58}",1.605,262.88100000000014,263.95100000000014,inf,274.98900000000003,274.98900000000003
478,T4,BESTEFFORT,COMPLETED,m3-1,125.072,"{'m1-1': 102.61, 'm2-1': 10.29, 'm3-1': 0.94, 'm4-1': 96.87, 'm5-1': 114.82, 'm6-1': 10.58, 'm7-1': 1.12, 'm8-1': 91.87}",1.41,263.95100000000014,264.89100000000013,inf,275.072,275.072
479,T3,BESTEFFORT,COMPLETED,m7-1,125.103,"{'m1-1': 111.23, 'm2-1': 11.33, 'm3-1': 1.1, 'm4-1': 96.3, 'm5-1': 108.7, 'm6-1': 11.33, 'm7-1': 0.98, 'm8-1': 101.32}",1.47,223.84700000000015,224.82700000000014,inf,275.103,275.103
480,T3,BESTEFFORT,COMPLETED,m7-1,126.001,"{'m1-1': 110.92, 'm2-1': 11.76, 'm3-1': 1.04, 'm4-1': 109.46, 'm5-1': 97.53, 'm6-1': 11.81, 'm7-1': 0.95, 'm8-1': 104.68}",1.4249999999999998,224.82700000000014,225.77700000000013,inf,276.001,276.001
481,T3,BESTEFFORT,COMPLETED,m7-1,126.54,"{'m1-1': 101.58, 'm2-1': 11.02, 'm3-1': 1.1, 'm4-1': 101.12, 'm5-1': 106.4, 'm6-1': 10.1, 'm7-1': 1.09, 'm8-1': 91.64}",1.6350000000000002,225.77700000000013,226.86700000000013,inf,276.54,276.54
482,T1,BESTEFFORT,COMPLETED,m3-1,126.979,"{'m1-1': 108.88, 'm2-1': 10.9, 'm3-1': 1.04, 'm4-1': 110.14, 'm5-1': 110.12, 'm6-1': 10.28, 'm7-1': 0.98, 'm8-1': 105.13}",1.56,264.89100000000013,265.93100000000015,inf,276.979,276.979
483,T1,BESTEFFORT,COMPLETED,m7-1,127.113,"{'m1-1': 99.68, 'm2-1': 9.88, 'm3-1': 0.96, 'm4-1': 101.08, 'm5-1': 107.18, 'm6-1': 10.5, 'm7-1': 0.97, 'm8-1': 109.3}",1.455,226.86700000000013,227.83700000000013,inf,277.113,277.113
484,T3,BESTEFFORT,COMPLETED,m7-1,128.363,"{'m1-1': 110.05, 'm2-1': 11.55, 'm3-1': 0.98, 'm4-1': 106.59, 'm5-1': 104.92, 'm6-1': 10.67, 'm7-1': 1.06, 'm8-1': 94.13}",1.59,227.83700000000013,228.89700000000013,inf,278.363,278.363
485,T1,BESTEFFORT,COMPLETED,m3-1,129.422,"{'m1-1': 111.21, 'm2-1': 10.28, 'm3-1': 0.96, 'm4-1': 101.08, 'm5-1': 110.09, 'm6-1': 10.96, 'm7-1': 0.98, 'm8-1': 105.25}",1.44,265.93100000000015,266.89100000000013,inf,279.422,279.422
486,T1,BESTEFFORT,COMPLETED,m3-1,130.107,"{'m1-1': 104.99, 'm2-1': 11.62, 'm3-1': 1.03, 'm4-1': 101.8, 'm5-1': 105.37, 'm6-1': 10.18, 'm7-1': 1.0, 'm8-1': 107.78}",1.545,266.89100000000013,267.9210000000001,inf,280.10699999999997,280.10699999999997
487,T1,BESTEFFORT,COMPLETED,m3-1,131.44,"{'m1-1': 112.33, 'm2-1': 11.53, 'm3-1': 0.92, 'm4-1': 95.05, 'm5-1': 99.73, 'm6-1': 10.29, 'm7-1': 1.0, 'm8-1': 118.45}",1.3800000000000001,267.9210000000001,268.8410000000001,inf,281.44,281.44
488,T1,BESTEFFORT,COMPLETED,m3-1,132.299,"{'m1-1': 105.21, 'm2-1': 11.2, 'm3-1': 0.99, 'm4-1': 102.19, 'm5-1': 108.19, 'm6-1': 11.04, 'm7-1': 0.96, 'm8-1': 102.45}",1.4849999999999999,268.8410000000001,269.83100000000013,inf,282.299,282.299
489,T1,BESTEFFORT,COMPLETED,m3-1,132.779,"{'m1-1': 96.3, 'm2-1': 11.23, 'm3-1': 1.06, 'm4-1': 95.0, 'm5-1': 99.84, 'm6-1': 9.9, 'm7-1': 0.97, 'm8-1': 116.96}",1.59,269.83100000000013,270.89100000000013,inf,282.779,282.779
490,T1,BESTEFFORT,COMPLETED,m7-1,133.2,"{'m1-1': 109.76, 'm2-1': 10.78, 'm3-1': 1.08, 'm4-1': 109.14, 'm5-1': 100.78, 'm6-1': 11.26, 'm7-1': 0.95, 'm8-1': 116.7}",1.4249999999999998,228.89700000000013,229.84700000000012,inf,283.2,283.2
491,T3,BESTEFFORT,COMPLETED,m7-1,133.306,"{'m1-1': 106.9, 'm2-1': 11.3, 'm3-1': 1.12, 'm4-1': 104.35, 'm5-1': 104.56, 'm6-1': 11.07, 'm7-1': 1.06, 'm8-1': 107.6}",1.59,229.84700000000012,230.90700000000012,inf,283.30600000000004,283.30600000000004
492,T3,BESTEFFORT,COMPLETED,m3-1,133.562,"{'m1-1': 101.15, 'm2-1': 10.77, 'm3-1': 0.97, 'm4-1': 101.73, 'm5-1': 104.49, 'm6-1': 11.52, 'm7-1': 1.05, 'm8-1': 101.46}",1.455,270.89100000000013,271.86100000000016,inf,283.562,283.562
493,T1,BESTEFFORT,COMPLETED,m3-1,133.77,"{'m1-1': 100.03, 'm2-1': 10.75, 'm3-1': 0.97, 'm4-1': 100.89, 'm5-1': 98.23, 'm6-1': 10.57, 'm7-1': 1.11, 'm8-1': 117.71}",1.455,271.86100000000016,272.8310000000002,inf,283.77,283.77
494,T3,BESTEFFORT,COMPLETED,m7-1,133.848,"{'m1-1': 99.63, 'm2-1': 11.42, 'm3-1': 1.01, 'm4-1': 99.99, 'm5-1': 103.4, 'm6-1': 10.73, 'm7-1': 1.04, 'm8-1': 92.27}",1.56,230.90700000000012,231.94700000000012,inf,283.848,283.848
495,T3,BESTEFFORT,COMPLETED,m7-1,134.819,"{'m1-1': 104.63, 'm2-1': 10.86, 'm3-1': 1.01, 'm4-1': 110.1, 'm5-1': 95.76, 'm6-1': 10.36, 'm7-1': 0.96, 'm8-1': 93.64}",1.44,231.94700000000012,232.90700000000012,inf,284.81899999999996,284.81899999999996
496,T1,BESTEFFORT,COMPLETED,m7-1,134.996,"{'m1-1': 97.54, 'm2-1': 10.01, 'm3-1': 1.0, 'm4-1': 106.64, 'm5-1': 101.48, 'm6-1': 9.6, 'm7-1': 0.96, 'm8-1': 110.55}",1.44,232.90700000000012,233.86700000000013,inf,284.996,284.996
497,T1,BESTEFFORT,COMPLETED,m3-1,137.317,"{'m1-1': 94.78, 'm2-1': 10.57, 'm3-1': 0.98, 'm4-1': 95.01, 'm5-1': 107.36, 'm6-1': 11.16, 'm7-1': 0.98, 'm8-1': 107.11}",1.47,272.8310000000002,273.8110000000002,inf,287.317,287.317
498,T1,BESTEFFORT,COMPLETED,m3-1,141.759,"{'m1-1': 98.41, 'm2-1': 11.1, 'm3-1': 1.0, 'm4-1': 99.42, 'm5-1': 100.46, 'm6-1': 11.22, 'm7-1': 1.0, 'm8-1': 110.33}",1.5,273.8110000000002,274.8110000000002,inf,291.759,291.759
499,T1,BESTEFFORT,COMPLETED,m3-1,142.845,"{'m1-1': 107.25, 'm2-1': 10.18, 'm3-1': 0.94, 'm4-1': 95.46, 'm5-1': 103.45, 'm6-1': 10.28, 'm7-1': 1.05, 'm8-1': 109.33}",1.41,274.8110000000002,275.7510000000002,inf,292.845,292.845
