task_type,arrival_time,est_m1,est_m2,est_m3,est_m4,est_m5,est_m6,est_m7,est_m8,ext_m1-1,ext_m2-1,ext_m3-1,ext_m4-1,ext_m5-1,ext_m6-1,ext_m7-1,ext_m8-1
T4,0.153,11.18,93.87,25.32,9.77,11.5,4.95,101.6,160.82,10.91,95.6,26.93,10.67,11.45,4.93,110.98,156.58
T1,5.099,10.73,110.34,27.62,10.29,10.25,5.41,107.17,165.98,11.13,102.61,27.13,9.92,10.59,4.98,109.68,165.68
T1,5.846,11.56,99.12,24.84,10.76,10.33,5.06,96.13,169.13,11.13,110.89,25.9,9.38,9.39,4.99,112.63,149.97
T10,6.59,10.9,103.57,28.31,10.62,10.6,4.81,106.95,152.59,9.6,101.82,25.5,10.91,9.7,5.31,110.55,166.24
T7,7.167,10.05,114.82,25.52,10.08,10.11,5.07,103.28,172.81,9.81,110.11,24.6,10.73,9.7,4.83,94.4,173.16
T3,7.379,9.7,96.61,25.69,10.06,10.06,4.96,101.97,149.58,10.74,101.91,27.35,10.46,11.26,5.34,107.62,151.32
T8,8.835,10.24,105.42,28.23,9.85,9.4,4.93,107.74,156.67,11.36,100.58,27.26,11.24,10.94,5.09,100.59,143.13
T9,9.519,9.73,108.54,26.0,10.19,9.29,4.85,116.22,170.95,10.01,110.4,24.79,10.02,10.9,5.44,118.38,157.99
T10,9.716,9.84,105.52,26.63,10.76,10.53,4.85,108.2,171.89,10.98,102.38,27.77,10.46,9.64,5.14,98.66,172.22
T2,10.685,10.78,110.8,26.31,10.78,10.17,5.03,107.56,169.89,10.16,101.05,28.14,9.37,10.39,5.01,98.08,150.14
T6,10.856,9.83,99.51,24.7,10.64,10.3,5.08,97.04,150.56,11.24,112.61,26.53,10.74,10.96,5.69,100.15,171.36
T7,12.992,10.83,116.38,24.58,9.61,9.97,5.11,95.44,149.51,9.28,100.13,28.24,10.86,9.45,5.62,104.84,161.22
T7,14.051,9.72,116.1,27.36,10.64,9.5,5.3,100.25,149.03,9.47,116.78,26.93,9.66,10.51,4.93,109.58,154.35
T3,15.367,9.86,99.29,25.87,11.06,10.52,5.21,106.26,155.29,9.92,108.86,27.16,10.9,9.84,5.81,105.54,150.12
T7,16.243,10.13,99.04,27.3,9.53,9.48,5.02,98.06,172.34,9.3,117.16,28.65,9.26,9.51,5.62,95.94,155.57
T6,16.283,10.99,111.02,23.37,9.37,9.57,5.22,103.91,177.09,10.11,99.42,26.29,10.3,9.55,5.04,105.8,160.06
T4,17.35,10.6,103.34,24.93,9.51,11.47,5.37,100.46,167.63,10.12,102.96,26.5,10.2,11.69,4.69,100.89,146.69
T6,17.676,10.87,100.01,25.35,10.2,9.85,5.88,110.28,171.14,10.93,108.08,26.13,10.61,10.8,5.05,110.56,176.71
T7,18.069,10.19,112.9,25.67,9.4,9.52,5.17,110.81,164.5,10.97,110.58,27.16,9.46,9.37,4.9,108.37,159.41
T10,20.425,9.38,103.69,25.7,11.08,9.46,4.66,96.07,150.95,11.03,116.97,24.81,10.42,9.54,5.3,96.25,158.21
T8,20.979,11.11,109.28,27.28,10.83,9.25,5.26,99.09,165.25,11.21,110.08,28.39,10.7,9.35,5.49,101.81,150.36
T8,21.337,11.42,118.04,24.15,10.49,9.95,5.03,99.81,145.2,9.9,111.49,27.88,10.9,9.34,5.36,110.92,155.93
T1,21.925,10.82,102.85,26.2,9.65,10.23,5.0,97.92,155.54,9.81,100.0,27.54,9.92,10.88,5.41,97.43,149.57
T1,23.009,11.5,114.96,26.34,9.46,9.56,5.64,109.41,151.61,10.85,102.99,26.0,9.42,10.7,5.57,102.63,162.26
T5,25.37,10.07,106.99,25.98,10.22,10.58,5.15,97.4,171.1,9.72,99.38,25.95,10.52,10.06,4.91,112.1,148.35
T8,25.753,10.13,117.57,26.9,9.79,9.21,5.39,106.32,142.08,11.46,110.11,27.4,9.92,9.46,4.93,97.96,150.08
T2,26.048,11.04,95.43,28.86,9.32,10.54,5.8,97.04,161.26,10.24,107.25,28.65,10.3,10.8,5.8,104.45,167.26
T3,27.422,9.76,105.34,25.46,10.09,11.01,5.64,107.74,152.49,10.04,98.93,27.34,10.2,10.34,5.08,94.97,157.06
T10,29.466,11.0,109.97,24.6,10.99,9.16,4.67,97.0,162.27,10.82,103.67,25.64,9.7,10.12,5.36,99.4,164.62
T5,31.84,9.6,105.36,28.85,10.32,10.58,4.69,110.0,151.08,10.48,96.24,28.17,9.95,10.7,5.45,104.4,172.96
T4,34.091,10.73,103.54,27.06,9.6,11.39,5.09,111.46,163.49,11.44,104.77,27.07,10.57,10.58,4.68,107.53,159.62
T3,35.002,10.19,98.0,25.9,11.07,10.11,5.41,97.52,160.63,9.58,96.07,27.88,10.09,10.14,5.1,107.76,165.61
T7,35.363,9.25,107.86,25.13,9.44,10.7,5.13,103.54,163.5,10.01,114.67,26.82,10.92,10.43,5.34,97.74,162.79
T4,35.949,10.27,100.36,25.84,10.7,11.38,5.38,114.42,166.69,11.45,103.5,28.92,10.43,11.02,5.37,98.42,163.93
T9,36.075,10.63,99.26,26.71,10.1,10.75,4.9,112.27,150.45,10.75,95.49,23.78,9.2,10.87,5.08,114.35,165.41
T5,36.633,9.65,107.68,25.48,10.36,11.1,5.48,105.28,170.11,11.18,108.05,26.04,10.17,10.76,5.46,102.57,166.59
T2,38.506,9.91,111.17,25.4,10.44,10.76,5.89,105.7,148.6,10.37,96.77,25.34,9.31,10.68,5.27,97.05,152.06
T3,38.746,10.93,104.72,28.4,10.62,11.57,5.52,105.99,145.43,9.67,101.62,26.6,11.08,10.31,5.8,98.22,161.37
T9,39.017,10.58,109.68,26.01,10.6,9.27,4.92,100.13,157.61,9.3,97.69,27.24,9.87,10.73,5.4,113.58,150.6
T3,39.44,10.76,105.41,27.98,10.26,10.53,5.02,105.67,155.3,9.84,103.27,24.88,10.64,11.55,5.59,94.25,142.6
T4,39.603,10.8,99.96,27.24,10.37,11.63,5.06,105.48,146.69,11.56,109.74,27.17,9.79,10.57,4.73,106.57,144.71
T10,40.755,10.61,106.78,27.98,9.51,9.79,5.07,95.11,174.24,9.44,114.13,24.47,10.25,9.34,4.8,98.52,175.1
T5,41.149,9.93,102.5,26.85,10.89,11.0,5.43,105.82,160.0,9.78,97.73,28.02,10.97,11.47,5.38,106.87,173.02
T5,42.952,10.89,98.52,25.6,10.81,11.76,5.16,96.36,167.02,11.13,103.84,25.58,10.17,9.94,4.97,105.04,171.46
T8,43.009,10.59,114.68,27.41,10.47,9.44,4.88,96.74,155.25,10.12,113.88,25.41,11.3,9.99,5.47,101.32,145.02
T10,44.142,9.95,106.47,27.24,10.97,9.35,4.89,99.73,176.57,9.7,117.12,25.06,9.92,10.15,4.87,105.51,155.31
T1,44.28,11.14,107.22,23.94,9.66,10.66,5.27,104.38,170.36,9.98,107.44,27.84,9.41,10.38,5.14,99.02,171.97
T8,45.845,10.97,112.52,28.39,10.65,10.48,5.49,100.56,142.98,10.49,108.9,27.24,11.54,10.45,5.2,105.16,145.33
T8,47.377,10.0,109.48,24.06,10.62,9.92,5.36,99.58,145.62,11.52,111.32,24.85,10.47,10.0,5.4,111.15,144.78
T9,48.6,10.01,106.23,26.38,10.21,10.0,5.3,115.87,159.79,9.3,94.33,26.42,10.84,10.01,5.16,112.0,165.39
T1,50.143,11.27,106.38,25.1,10.72,10.44,5.69,98.86,164.46,9.86,107.3,24.19,9.42,10.74,5.03,103.14,158.58
T10,50.172,10.43,109.14,25.49,10.16,10.6,4.98,110.35,167.87,9.56,105.73,26.74,10.27,10.87,4.7,93.61,167.93
T9,52.877,10.55,108.98,25.29,9.49,9.36,5.55,112.2,155.57,9.96,102.85,25.49,9.37,9.54,4.78,108.91,175.0
T9,53.935,10.21,106.78,25.85,10.6,11.0,4.7,113.62,171.0,10.47,107.98,25.07,10.62,9.35,5.3,100.65,154.37
T2,58.735,9.77,111.35,28.3,10.09,10.83,5.67,109.72,155.57,11.01,109.18,26.55,9.62,9.93,5.09,111.08,153.68
T2,59.297,9.71,111.53,24.96,10.31,9.57,5.37,104.6,167.62,10.16,111.43,26.8,10.3,10.11,5.34,110.3,154.3
T8,59.522,11.72,110.0,26.87,10.56,10.09,5.01,102.35,148.46,10.28,107.11,25.92,11.28,10.51,5.52,106.95,155.86
T7,59.891,10.36,103.84,24.65,9.75,10.28,5.06,99.18,152.18,10.62,99.96,28.08,10.72,9.31,5.5,98.54,170.21
T1,62.413,11.4,110.09,25.68,10.47,9.42,5.12,99.94,158.35,10.62,113.62,24.17,10.43,9.55,5.56,112.72,176.39
T3,63.076,9.85,97.09,28.57,11.24,11.05,5.53,97.72,162.25,10.6,105.37,24.54,9.49,11.29,5.72,102.31,161.91
T2,63.202,10.14,109.74,27.01,9.4,9.96,5.86,105.43,158.05,10.05,96.82,25.1,10.36,10.26,5.29,110.72,166.13
T7,63.526,10.49,101.04,25.34,9.52,10.2,4.88,102.35,164.54,10.78,104.66,24.23,10.31,10.98,5.05,97.16,160.51
T1,64.278,11.47,107.25,27.34,10.1,10.16,4.86,98.65,176.15,10.91,105.36,26.06,10.05,10.88,5.22,113.08,160.29
T10,65.69,10.72,115.72,26.57,10.94,10.5,5.25,106.46,161.11,10.61,115.94,26.83,9.9,9.52,5.11,101.55,167.46
T8,67.428,10.7,117.82,26.4,11.04,9.52,5.3,99.99,166.0,11.16,109.26,24.73,11.44,10.24,4.89,95.02,157.68
T4,67.949,11.59,102.44,28.08,10.07,11.2,5.4,99.3,168.26,10.0,109.16,26.96,10.31,10.88,4.72,110.0,166.85
T5,69.152,9.55,97.97,24.83,9.92,11.33,5.15,109.07,147.47,10.2,97.7,28.36,9.81,11.25,5.36,94.74,172.25
T9,70.575,10.56,94.01,26.48,9.65,10.82,5.52,105.46,171.71,10.8,109.13,26.7,9.88,10.47,4.82,109.25,174.82
T6,72.432,10.92,112.16,25.73,10.07,10.47,5.67,95.93,172.96,10.18,107.92,24.01,10.38,11.24,5.49,111.68,173.72
T5,73.308,9.98,104.43,25.87,10.85,11.65,4.71,99.6,153.09,9.8,99.11,26.08,10.91,9.94,5.22,99.49,171.97
T6,74.513,11.11,109.95,24.46,9.68,10.4,5.62,109.77,176.43,10.95,100.52,25.75,9.46,10.71,5.27,111.33,164.08
T6,75.629,9.8,97.29,23.04,9.87,9.86,5.49,94.25,150.32,10.3,108.46,23.1,9.54,11.23,5.6,104.98,175.58
T6,76.559,10.28,105.38,24.47,9.35,10.8,5.74,105.01,159.32,9.85,100.51,25.99,9.6,9.88,5.85,105.53,169.31
T4,77.676,10.1,93.28,28.28,9.33,11.37,5.12,109.19,151.17,10.32,99.0,28.48,9.22,10.27,4.81,100.49,171.12
T2,80.348,9.46,104.52,25.5,10.45,10.21,5.58,101.19,169.29,10.65,102.33,27.64,9.32,10.95,5.38,102.47,168.81
T6,80.685,9.83,104.27,23.91,9.69,10.79,5.88,102.16,151.73,11.32,109.95,25.22,9.49,10.19,5.17,96.63,165.74
T6,81.679,9.9,112.32,23.45,10.4,10.11,5.07,97.21,149.98,10.05,107.04,26.72,9.58,10.79,5.73,109.28,155.73
T4,82.131,10.1,101.09,25.09,9.23,10.38,5.47,106.0,143.95,10.92,92.95,27.51,9.61,11.69,5.54,103.13,167.57
T6,82.769,10.26,100.07,25.9,10.51,10.83,5.61,94.21,164.31,9.98,97.75,26.06,10.26,9.83,5.04,94.68,155.17
T1,82.94,10.22,115.72,24.48,9.7,9.22,5.59,110.16,170.47,11.33,110.05,25.82,9.33,9.42,5.4,96.64,173.11
T7,83.216,9.85,101.36,26.39,9.93,10.25,4.99,107.58,154.46,10.2,109.76,25.07,10.78,9.83,5.46,99.44,156.49
T1,83.465,9.8,102.72,26.94,10.19,9.65,4.89,113.94,161.79,9.91,100.6,25.18,10.15,10.17,5.58,101.98,165.61
T6,83.899,9.89,103.79,23.21,10.18,11.11,5.76,108.22,153.27,10.44,112.2,23.25,9.23,11.0,4.99,110.44,163.5
T3,83.939,9.96,102.76,27.66,10.9,11.1,5.73,107.91,146.75,9.32,108.66,26.3,10.84,9.98,5.8,103.02,141.37
T10,84.469,9.41,118.03,25.53,10.62,9.86,4.9,93.99,176.42,10.94,105.08,25.84,10.54,9.69,4.91,108.2,151.14
T6,84.485,10.05,100.8,25.09,10.05,10.96,5.32,102.27,170.64,11.15,105.74,24.47,10.19,10.82,5.7,107.37,155.86
T2,85.074,10.12,108.68,28.02,10.77,9.86,5.2,108.03,144.65,10.05,102.74,25.39,10.4,10.2,5.23,108.6,153.68
T5,85.209,10.43,108.05,25.61,10.25,11.73,5.53,95.12,148.79,9.51,96.87,28.26,10.56,10.69,4.93,108.07,153.92
T3,88.294,10.38,98.66,27.33,10.31,11.27,5.16,97.45,166.5,10.69,95.32,27.15,10.6,10.18,5.71,93.28,158.6
T10,91.2,10.6,110.43,26.75,10.36,10.02,4.81,109.04,173.87,10.85,102.51,27.89,9.53,9.64,5.35,93.8,174.14
T6,91.579,10.89,112.24,25.03,9.62,9.7,5.37,96.83,173.15,9.77,111.62,24.51,10.94,10.0,5.47,102.15,166.42
T6,92.075,9.86,98.34,25.47,9.26,10.35,5.52,109.05,166.2,11.32,107.85,23.32,9.49,9.71,4.97,98.53,164.74
T7,92.465,10.47,112.97,26.6,10.6,10.55,5.63,99.43,165.21,10.73,101.2,27.81,10.56,10.11,5.16,104.88,163.66
T3,94.457,10.2,106.7,28.36,9.83,11.03,4.95,108.88,166.65,10.77,98.1,27.33,10.94,11.05,5.35,108.74,162.74
T1,94.687,9.96,115.35,24.91,10.18,9.31,5.04,99.32,158.25,10.14,113.97,27.72,10.27,10.03,5.22,113.72,173.03
T9,96.506,10.08,101.05,27.25,9.69,10.75,5.02,113.49,169.71,10.45,109.5,26.48,9.7,9.26,4.72,116.9,158.12
T7,98.258,9.82,115.02,27.95,9.33,9.68,5.24,97.29,169.75,9.8,115.16,28.57,9.37,10.6,4.82,109.16,159.37
T7,98.735,10.97,116.98,28.24,10.95,10.79,5.32,102.32,174.05,9.82,110.48,24.69,9.86,9.92,5.13,98.23,159.37
T2,99.55,9.66,111.0,28.53,10.92,10.32,5.31,109.45,145.8,10.89,96.62,27.03,10.06,10.62,5.72,99.54,154.66
T8,99.696,9.94,104.37,24.86,10.31,10.42,5.1,105.37,144.13,11.5,115.15,24.85,10.41,10.82,5.51,100.31,151.08
T10,100.519,10.42,112.46,26.16,10.02,10.86,4.97,103.68,170.23,10.1,109.83,27.81,10.83,9.53,5.08,102.36,174.86
T7,101.067,10.9,117.32,25.37,10.44,10.59,5.13,95.95,153.99,9.39,106.24,24.76,10.56,9.5,5.04,108.54,150.13
T7,102.28,9.67,106.16,24.26,10.12,10.61,4.98,109.78,155.12,9.55,110.96,24.3,9.53,10.07,4.92,108.82,171.82
T6,102.945,10.32,107.63,23.76,10.42,9.94,5.6,109.77,167.3,9.76,103.37,23.18,10.64,9.65,5.68,98.82,177.87
T5,103.021,10.65,97.53,25.38,10.93,10.32,5.46,106.52,172.88,9.61,97.83,28.8,10.13,11.62,5.52,95.88,167.36
T7,103.676,10.55,106.82,28.19,9.26,9.3,4.83,107.51,163.66,9.65,99.71,28.42,9.86,9.73,5.13,105.0,159.16
T9,103.737,10.69,106.86,25.96,10.6,9.9,5.35,109.19,165.02,9.93,105.54,25.24,9.63,10.72,5.42,101.1,160.87
T2,104.16,10.24,102.07,26.66,10.91,10.6,5.35,102.52,150.29,10.56,99.55,27.25,10.95,10.83,5.75,106.69,161.56
T3,104.402,10.91,98.85,26.37,10.79,10.09,5.0,102.74,155.2,9.35,107.17,28.85,10.19,11.59,5.17,98.61,160.94
T9,106.073,9.62,101.67,25.98,10.84,10.72,4.7,104.13,158.46,10.41,98.85,25.9,10.11,10.49,5.35,116.63,164.33
T2,107.153,10.45,98.3,26.1,10.11,9.84,5.03,110.3,158.96,11.08,96.16,27.04,9.84,10.65,5.45,111.31,166.2
T8,107.663,11.2,113.55,25.08,10.15,10.69,5.66,102.23,156.93,11.17,108.05,24.15,10.23,10.25,5.25,108.54,157.92
T4,108.171,10.15,97.74,28.66,9.8,11.16,5.12,103.22,168.57,10.43,95.39,28.74,9.19,10.8,5.01,101.29,145.14
T6,110.066,11.49,106.57,26.14,10.35,10.09,5.08,107.13,157.17,10.28,107.12,22.87,9.54,9.59,5.82,95.29,158.05
T4,110.077,10.36,101.24,28.63,10.19,10.62,5.12,106.4,147.78,10.22,105.29,27.04,9.52,10.08,5.3,110.66,156.52
T2,110.447,9.64,108.55,28.85,9.65,11.02,5.8,103.13,163.76,10.44,110.08,28.32,10.79,10.05,5.28,98.9,145.01
T2,111.678,11.01,101.48,26.08,9.47,10.15,5.17,105.85,157.6,10.8,101.99,28.82,9.74,10.83,5.11,112.11,169.9
T1,112.841,11.11,100.02,26.04,9.29,10.28,5.22,99.72,166.6,11.38,112.15,27.81,9.72,10.61,5.4,108.33,176.04
T8,114.411,10.3,110.67,25.91,11.4,9.54,5.39,106.27,150.46,11.13,109.36,24.0,10.59,10.54,5.66,110.45,142.1
T7,115.053,10.89,100.21,27.84,9.88,9.62,5.5,100.02,159.37,9.69,105.48,28.72,10.98,10.46,4.82,96.11,159.22
T2,115.06,11.03,103.78,28.82,9.61,10.8,5.33,106.66,146.85,9.41,95.98,24.76,10.42,10.72,5.0,111.46,162.15
T3,115.169,10.74,110.05,28.46,11.06,10.34,4.93,96.87,158.16,10.66,103.26,25.79,10.13,10.03,5.8,101.71,158.41
T4,117.534,10.69,109.0,28.28,10.87,11.18,4.74,104.38,148.55,11.66,101.99,26.95,9.6,11.35,4.76,107.87,150.65
T3,118.584,10.44,96.94,28.49,10.33,11.57,5.58,97.84,145.6,9.89,105.48,28.59,10.51,11.02,5.75,109.17,165.54
T3,119.262,10.86,96.51,28.43,9.98,10.07,5.48,92.88,155.28,10.04,109.06,26.61,9.85,10.0,4.93,109.24,141.37
T8,119.919,11.17,111.6,27.92,10.75,9.28,5.16,110.11,154.58,9.96,116.73,25.69,10.47,10.29,5.68,99.22,143.1
T1,120.182,10.16,111.44,26.06,10.22,10.64,5.11,112.91,165.43,11.14,103.87,24.0,9.52,9.98,4.83,103.19,169.95
T7,122.191,10.19,105.48,27.46,10.02,9.95,4.96,110.8,157.17,9.72,104.4,28.04,9.51,9.33,5.17,98.08,153.75
T1,122.396,11.41,106.86,25.22,10.92,9.81,5.41,99.81,152.62,9.84,110.08,24.78,9.93,10.57,5.73,109.2,153.83
T6,124.402,9.69,107.05,23.52,9.97,9.71,5.41,96.79,156.09,10.76,102.61,26.13,9.73,10.68,5.09,105.46,155.17
T10,124.419,10.12,103.88,24.69,9.83,10.12,5.41,102.49,164.67,10.39,100.98,26.8,11.02,9.23,4.87,99.25,159.48
T10,125.79,11.0,115.89,24.41,9.74,10.62,4.63,99.68,163.06,10.21,109.06,27.47,9.48,9.9,5.39,107.83,175.11
T7,126.443,9.7,115.6,25.46,9.52,10.74,5.55,102.52,156.74,10.78,115.26,26.62,10.82,10.5,5.22,108.38,173.14
T3,127.624,9.63,102.38,25.96,10.52,10.55,5.12,104.28,146.34,10.52,107.49,25.54,9.89,11.33,5.82,105.26,150.33
T5,129.931,10.32,99.43,26.51,9.51,10.36,5.33,100.12,172.72,11.1,113.35,27.55,10.68,10.21,5.3,96.18,155.07
T3,131.392,11.0,99.59,28.82,10.16,11.64,5.8,101.51,149.04,10.02,95.99,26.44,10.96,11.02,5.62,101.57,163.61
T3,132.022,10.04,95.32,25.26,10.05,9.84,5.61,97.01,157.7,10.42,95.51,28.31,10.82,11.44,5.02,95.75,147.17
T10,132.048,10.29,103.67,24.23,11.04,10.81,5.15,102.62,162.85,10.74,113.68,26.16,10.4,9.25,5.04,101.08,175.99
T2,132.469,10.76,102.46,25.01,10.35,10.87,5.51,100.04,149.52,9.56,110.32,25.57,9.55,9.6,5.7,99.96,158.78
T7,134.054,10.88,102.1,24.86,9.32,10.98,5.46,100.02,153.96,9.32,108.21,27.0,10.61,9.92,4.92,106.45,161.82
T9,135.044,9.83,102.28,23.4,9.72,10.98,5.44,100.93,167.73,9.62,99.17,24.19,10.3,10.34,4.94,108.53,150.05
T5,136.651,10.85,98.41,26.46,10.76,11.18,4.98,106.52,173.36,10.1,113.45,26.68,10.34,11.36,4.69,106.2,147.94
T3,138.207,10.83,103.84,27.91,9.51,10.04,5.74,99.79,151.66,11.0,102.57,28.25,10.72,11.2,5.31,109.28,161.92
T10,138.72,10.72,112.7,25.01,10.99,9.57,5.13,100.48,177.12,9.7,112.14,27.4,10.25,10.46,5.14,102.86,172.48
T4,139.308,10.98,93.79,25.27,9.15,11.8,4.89,96.88,159.76,10.23,95.48,29.02,10.4,10.45,5.34,99.12,150.32
T5,140.065,10.53,105.71,26.43,10.38,10.32,5.3,111.81,154.04,10.96,112.57,24.91,10.23,10.69,5.53,95.98,157.68
T9,140.763,9.43,96.06,24.25,9.85,10.94,5.38,114.99,173.66,9.8,104.42,23.92,9.2,9.46,5.15,115.19,157.42
T6,142.51,11.45,107.99,24.4,9.28,9.7,5.24,101.86,175.08,9.72,96.89,25.97,10.43,9.98,5.26,108.4,176.96
T2,142.923,10.68,96.71,26.1,10.04,10.55,5.12,100.47,165.64,9.75,100.49,25.66,9.96,10.42,5.48,110.49,158.24
T4,144.895,10.72,93.37,28.52,10.54,11.23,4.92,102.82,145.85,11.14,93.44,25.4,10.75,11.48,4.69,98.68,164.77
T1,145.296,10.54,108.34,24.92,10.19,10.28,5.22,104.41,170.22,10.11,108.37,24.75,9.86,10.14,5.56,99.12,174.13
T7,145.889,10.27,114.58,27.66,9.61,9.5,5.1,103.76,155.0,10.46,103.76,28.09,9.72,9.98,5.3,107.41,160.76
T6,147.022,9.74,112.72,23.06,9.91,9.5,5.11,100.83,169.43,10.12,105.44,26.73,10.02,10.35,5.2,95.34,176.63
T4,147.509,10.59,101.76,26.92,10.68,11.78,5.3,111.92,163.18,11.63,93.61,27.27,10.0,10.25,4.76,99.69,170.19
T9,148.39,9.33,106.96,25.29,9.46,9.51,5.54,105.58,175.19,10.77,95.15,27.04,9.66,9.94,4.92,101.85,172.1
T7,153.563,9.96,102.4,26.41,9.5,10.13,5.16,108.38,168.3,10.73,102.48,28.18,9.88,10.76,5.49,94.98,151.17
T3,153.707,10.65,103.95,24.61,9.59,11.36,5.03,109.63,158.41,10.39,100.46,28.02,9.85,10.52,5.23,107.78,160.59
T9,154.314,10.05,95.0,26.86,9.62,10.41,5.45,111.3,154.92,9.32,94.63,24.45,10.78,9.34,5.14,111.11,150.74
T10,155.298,10.57,106.83,27.4,10.36,9.23,5.3,110.69,164.86,9.78,111.78,27.79,11.11,9.48,4.73,102.04,155.35
T9,155.431,9.4,103.49,23.84,10.84,10.89,4.89,106.38,168.38,9.87,93.93,25.98,9.89,9.35,5.18,117.59,157.61
T10,156.588,10.26,107.7,27.06,10.52,9.79,4.66,106.38,165.95,9.42,118.8,26.21,11.13,10.55,4.97,107.22,169.44
T10,156.797,9.41,113.7,27.88,11.06,10.84,5.01,99.98,152.58,10.48,114.67,26.43,9.68,10.76,5.1,98.62,168.4
T10,157.505,10.76,100.4,25.43,9.7,10.09,5.08,108.9,152.24,10.14,112.72,26.36,10.89,10.41,4.87,109.14,168.35
T9,157.919,9.22,100.99,25.83,9.26,10.96,5.41,110.94,175.5,9.75,105.54,24.21,9.4,9.9,5.56,103.5,156.15
T7,158.991,10.09,111.85,28.05,9.89,10.92,4.8,98.44,167.54,10.11,111.33,25.82,9.42,10.71,4.8,110.49,161.2
T10,159.244,10.19,102.48,24.38,10.67,10.69,5.48,100.61,170.37,9.48,101.69,27.06,10.55,9.19,5.27,105.87,167.97
T5,159.965,10.1,96.76,25.62,9.66,10.26,4.67,104.58,154.18,11.13,111.35,28.85,11.03,10.89,5.0,104.08,158.73
T6,160.445,9.7,104.86,23.44,10.68,10.57,5.32,107.08,170.6,9.84,101.63,24.38,10.4,9.69,5.47,98.7,169.99
T2,160.548,10.38,108.61,25.62,9.64,11.14,5.9,98.93,164.47,10.8,105.76,25.72,9.34,10.48,5.39,106.81,157.27
T4,164.59,10.4,109.18,28.8,9.55,11.4,5.42,100.28,162.33,9.98,96.35,27.32,10.38,10.1,5.18,110.28,155.26
T8,165.607,10.97,109.0,25.87,10.24,9.21,5.03,111.38,148.87,11.13,119.27,24.42,10.57,10.14,5.48,98.77,144.57
T8,168.114,10.18,113.22,26.96,11.4,10.34,5.7,103.22,142.03,10.98,110.12,27.21,10.82,10.56,5.61,98.45,164.97
T4,169.11,10.11,101.26,24.92,9.74,10.09,5.28,104.38,164.71,10.37,94.89,25.5,9.16,11.66,5.4,104.63,170.28
T8,169.851,11.04,105.0,24.02,11.58,10.27,5.56,103.16,144.8,11.41,113.44,26.79,10.32,10.38,5.52,107.68,146.23
T4,170.604,10.73,94.81,28.56,9.5,10.3,5.46,101.66,169.72,11.7,102.76,28.07,10.03,10.85,5.04,98.0,164.46
T8,172.081,11.35,109.88,27.99,10.03,9.34,4.81,97.4,155.1,11.72,102.99,26.15,11.01,10.7,5.08,99.11,151.96
T7,172.778,10.84,107.83,27.22,10.8,10.15,4.92,106.47,159.6,9.44,115.56,24.82,10.63,9.86,5.05,95.16,156.96
T10,173.437,10.71,101.3,24.41,9.99,9.55,4.63,96.95,164.03,10.4,102.36,27.17,9.53,10.25,5.01,104.16,174.2
T3,173.461,9.84,98.95,28.6,9.52,10.84,5.57,109.6,149.12,10.65,106.72,25.89,9.76,11.15,5.77,106.32,164.4
T3,173.799,9.54,111.68,28.34,9.52,11.64,5.45,104.16,166.23,9.78,97.93,27.2,10.87,11.48,5.04,106.88,153.63
T8,174.786,10.85,109.08,24.44,9.98,9.86,5.35,108.46,164.07,11.04,109.89,26.12,10.84,9.72,5.42,107.08,149.38
T9,176.084,9.38,101.64,24.98,10.8,10.12,5.31,103.35,171.59,9.48,101.11,25.09,9.62,10.2,5.3,114.81,174.59
T5,179.779,10.75,98.2,27.52,9.81,10.74,5.52,95.81,156.75,10.8,105.22,25.6,10.23,10.95,5.15,107.65,172.72
T7,179.8,10.25,110.34,24.65,10.85,10.57,5.56,104.83,170.63,10.11,115.0,27.88,9.67,9.71,5.12,95.6,173.41
T5,185.418,9.83,96.73,28.67,10.67,10.48,4.85,109.9,164.11,10.87,96.99,26.78,10.69,11.37,5.25,100.45,151.19
T10,187.955,10.57,103.49,27.35,9.47,9.75,5.04,100.52,169.44,9.94,117.81,24.26,9.77,9.29,4.64,98.92,154.01
T2,189.321,10.73,105.32,26.05,9.85,10.17,5.49,99.85,147.93,9.87,98.53,25.14,10.39,9.57,5.48,100.68,169.57
T3,189.504,10.37,98.03,27.91,10.12,10.0,5.79,109.71,166.54,9.64,110.66,27.03,11.17,11.16,4.94,107.68,163.39
T10,190.21,10.78,102.04,26.43,11.11,10.6,5.23,94.75,158.19,10.4,105.52,24.44,10.78,10.22,5.35,100.75,174.26
T9,190.216,9.85,104.86,26.48,9.14,9.44,4.92,113.32,165.94,9.5,100.44,26.18,10.15,10.9,4.71,104.51,157.42
T6,190.371,10.8,107.8,25.01,10.56,10.0,5.32,101.66,176.88,10.17,100.21,26.46,9.99,10.82,5.23,107.0,168.25
T9,190.444,10.75,101.53,25.14,10.07,10.35,5.54,113.76,169.25,10.78,109.45,23.34,9.19,9.28,5.22,117.27,162.32
T6,192.254,10.24,112.25,24.68,10.51,9.65,5.03,109.51,163.58,11.12,95.1,26.16,10.53,11.24,5.14,106.78,171.76
T7,192.513,9.3,100.24,26.0,10.24,11.01,5.37,100.18,169.75,10.6,106.7,27.83,9.62,9.7,5.67,103.19,152.34
T8,194.527,11.1,111.77,27.77,10.22,9.83,5.44,94.69,146.04,10.98,116.31,27.75,11.45,10.17,5.59,96.15,164.29
T8,194.593,10.28,109.71,26.14,11.4,10.3,5.52,98.39,153.11,11.48,109.7,26.3,10.94,10.93,5.09,102.9,150.64
T9,195.297,10.38,105.9,25.94,10.63,10.7,4.96,109.17,157.3,10.85,99.0,25.24,9.72,10.57,5.37,117.67,175.58
T4,198.134,10.13,97.96,29.02,9.96,11.84,5.14,105.56,154.95,11.79,106.96,28.11,10.15,10.77,5.33,111.52,157.47
T9,198.648,10.11,98.89,24.75,9.98,9.57,5.14,109.74,168.03,9.44,105.01,25.74,9.92,9.39,4.88,106.29,156.22
T4,198.877,11.44,109.15,27.82,10.35,10.24,5.2,98.52,156.95,11.62,105.59,27.84,9.4,10.73,4.68,114.46,148.34
T4,200.56,10.85,108.12,28.1,10.28,11.88,5.03,110.49,160.13,10.43,103.44,26.89,10.87,10.63,5.18,101.56,168.08
T1,203.97,10.98,100.15,26.9,10.03,9.43,4.99,99.24,175.67,11.56,100.15,26.97,10.76,9.36,5.09,103.36,149.82
T7,204.248,9.5,114.77,28.59,10.71,10.78,4.84,94.57,153.38,10.71,114.42,27.12,10.49,10.17,5.57,108.04,174.27
T3,205.442,9.65,107.15,26.46,9.75,11.21,5.49,100.76,153.4,10.21,99.8,24.57,10.94,10.16,5.13,92.33,158.16
T4,206.351,10.34,100.13,28.88,10.82,10.21,4.98,111.32,161.07,10.67,97.42,29.02,10.48,11.58,4.75,103.56,155.5
T6,206.911,10.62,108.79,25.77,10.32,10.06,5.01,108.29,160.82,9.98,107.02,24.1,10.45,10.87,5.18,107.83,157.63
T8,207.283,11.33,105.49,25.18,11.32,10.04,5.21,107.28,143.62,10.31,113.13,24.64,11.05,10.17,5.46,102.87,148.22
T7,207.475,9.6,114.86,26.54,9.88,9.37,5.06,93.95,157.12,9.89,103.39,25.92,9.88,10.64,5.0,104.91,167.96
T2,208.883,9.89,99.31,25.49,9.57,9.86,5.76,96.11,169.57,11.11,97.47,24.82,10.82,10.6,5.67,102.06,150.68
T3,209.097,10.21,102.98,25.25,10.39,10.55,5.21,105.88,164.9,10.84,104.28,28.41,10.62,10.8,5.8,107.98,155.74
T4,210.087,11.22,93.3,26.25,9.18,10.56,5.01,111.16,169.06,10.32,99.13,29.54,9.53,10.27,5.51,107.99,162.09
T3,213.192,10.79,104.85,24.94,9.72,9.82,5.83,96.64,164.47,10.96,106.87,26.2,11.13,11.24,5.84,106.24,155.94
T7,213.224,9.82,114.22,27.38,9.54,9.73,5.45,103.6,177.01,10.96,106.77,26.75,9.49,10.44,5.29,107.03,158.66
T3,213.369,9.97,110.7,27.4,10.36,10.89,5.14,107.82,159.92,9.54,110.74,26.48,9.52,11.67,5.17,106.86,152.95
T8,213.771,10.45,107.84,27.57,10.74,9.4,5.66,110.45,158.88,9.87,109.97,27.33,10.88,9.87,5.68,99.1,156.52
T5,214.017,10.35,113.04,24.56,9.79,11.1,4.81,108.16,152.2,11.09,102.12,25.39,10.41,10.77,5.18,110.39,154.29
T6,214.409,9.98,100.29,23.36,10.79,9.88,5.55,100.61,168.86,10.14,100.28,25.85,10.47,10.56,4.99,96.23,152.2
T9,214.939,10.14,104.49,26.72,9.71,10.8,5.07,102.79,173.17,10.48,107.24,27.51,9.52,9.37,4.7,100.31,164.18
T7,215.142,9.32,109.55,26.09,10.78,9.44,4.96,97.97,153.51,9.85,117.68,26.16,10.51,9.29,5.14,98.83,150.7
T7,215.411,10.78,107.86,28.42,9.6,9.45,5.43,97.78,164.25,10.95,110.49,24.79,10.72,10.49,5.62,107.84,163.63
T10,216.231,9.65,100.3,25.27,10.77,9.59,5.29,99.26,166.25,9.99,103.45,27.5,9.92,10.64,5.04,101.2,175.02
T2,216.957,10.12,103.65,26.59,10.08,11.14,5.86,104.6,161.21,10.02,96.82,26.17,10.22,9.82,5.37,98.38,155.92
T7,217.229,10.0,110.07,26.55,9.83,9.64,5.12,107.16,170.39,10.62,108.14,28.76,10.74,10.46,5.16,96.33,175.97
T1,217.636,11.34,109.8,27.57,10.51,9.58,5.05,105.24,175.89,11.5,104.84,25.5,10.36,10.69,5.22,99.4,163.97
T3,218.965,10.31,97.84,24.73,10.43,10.38,5.45,96.37,154.39,9.79,104.72,24.49,10.66,10.57,5.07,92.62,140.57
T9,219.304,9.31,104.16,27.17,10.46,10.45,5.24,118.44,151.78,10.07,95.66,26.39,10.74,9.58,5.07,114.49,161.81
T1,221.949,10.57,114.66,26.95,9.95,10.6,4.9,99.07,156.79,9.89,115.51,27.8,10.59,10.73,4.91,101.46,155.64
T9,223.144,10.29,97.46,24.37,10.53,9.86,4.93,118.1,165.54,10.2,97.59,24.91,9.46,10.98,5.52,116.67,173.68
T9,224.056,9.9,108.89,25.91,9.41,9.28,5.46,100.7,174.24,9.82,101.53,26.89,9.34,10.84,4.92,115.67,155.99
T3,226.432,10.52,111.4,26.12,9.93,10.37,4.95,109.19,156.16,10.78,98.85,28.26,10.24,11.16,5.07,109.22,157.8
T10,226.912,10.92,105.92,27.5,9.94,9.28,4.77,95.54,161.01,11.06,117.38,24.15,11.17,9.65,5.1,110.4,160.71
T10,228.432,10.99,107.32,25.43,10.34,9.75,4.82,107.55,163.09,11.0,100.77,25.26,10.07,9.96,4.76,95.91,159.85
T10,228.973,10.33,100.34,24.37,11.01,9.45,5.16,95.84,170.82,9.92,111.29,24.49,10.07,10.35,5.24,108.7,150.35
T10,229.036,9.5,109.22,25.03,9.83,10.41,4.87,97.11,153.88,10.2,116.75,27.87,9.52,10.54,4.87,101.56,169.75
T2,230.116,10.41,107.92,27.33,10.34,10.86,5.42,101.09,158.05,10.08,105.52,27.03,10.6,10.23,5.59,98.38,159.16
T1,230.291,10.27,107.35,26.56,10.63,10.07,5.25,104.65,169.24,9.89,99.74,27.97,10.24,9.8,5.02,105.55,163.68
T10,230.696,10.24,100.86,27.62,9.91,9.47,4.82,103.91,154.79,10.84,111.76,28.12,11.18,10.05,4.74,104.36,167.35
T8,230.78,10.2,107.61,25.97,11.1,10.58,5.14,107.84,153.54,10.18,107.63,24.61,11.3,10.0,5.19,105.63,167.96
T3,231.029,10.77,98.74,27.04,11.16,11.48,5.16,103.02,142.74,10.74,94.09,26.95,9.65,10.24,5.61,93.18,152.51
T2,231.362,9.4,111.07,26.66,10.47,9.58,5.39,96.5,146.57,10.59,109.9,27.35,9.92,9.76,5.24,101.72,169.24
T1,231.774,11.41,103.87,26.59,9.73,10.67,5.38,112.95,159.22,9.8,106.55,26.42,10.38,10.26,5.13,109.37,160.77
T4,232.085,10.25,98.74,25.36,10.55,10.48,4.85,112.73,153.03,10.88,101.67,28.19,9.2,10.5,4.97,112.73,160.57
T10,235.782,9.99,109.78,27.95,9.92,10.22,5.2,106.43,154.43,10.94,111.06,25.96,10.94,10.3,4.72,109.31,168.23
T7,235.874,10.93,105.5,25.19,10.91,9.46,5.03,105.08,150.16,10.52,117.72,26.79,10.52,10.42,5.24,107.01,170.61
T2,236.279,10.12,96.8,25.69,10.4,10.59,5.09,98.68,166.13,10.27,100.3,27.7,11.0,11.21,5.82,112.73,159.15
T4,237.102,10.86,99.05,28.62,9.69,10.86,5.53,99.73,170.39,10.64,93.34,27.59,9.53,10.13,4.94,109.54,144.85
T3,237.355,10.6,97.36,24.73,10.26,10.48,5.75,92.57,158.43,10.79,94.15,26.06,10.49,10.17,5.16,108.12,165.58
T10,238.747,10.84,116.68,27.66,10.7,9.47,5.05,106.62,169.22,10.2,118.57,25.16,9.75,9.88,4.79,108.78,176.65
T2,239.954,10.06,97.68,28.19,10.82,10.09,5.14,97.24,168.28,9.51,105.33,26.31,9.73,9.77,4.99,96.89,146.57
T1,240.317,11.26,106.29,24.13,9.89,9.72,5.37,107.22,155.1,10.19,103.3,26.46,9.35,9.23,5.41,108.6,149.56
T5,240.434,9.51,112.2,27.26,10.46,10.73,5.12,112.28,170.7,10.93,97.83,26.06,9.92,11.76,5.33,94.55,150.19
T2,240.847,10.42,108.9,27.15,10.85,11.11,5.28,109.61,161.57,10.76,103.33,26.92,9.63,10.67,5.18,105.09,161.23
T10,240.945,10.96,105.96,26.16,11.17,9.55,5.21,110.74,158.61,9.34,102.47,25.16,11.08,10.31,5.18,103.61,164.58
T2,241.758,10.53,102.67,24.82,9.87,9.56,5.47,98.96,149.65,10.42,110.8,28.89,10.44,10.17,5.67,96.61,160.79
T3,242.569,9.83,101.61,28.28,11.17,9.98,5.67,101.33,160.43,9.82,98.72,28.21,9.77,11.36,4.96,105.85,157.1
T1,242.925,11.22,110.21,27.3,10.43,10.48,5.03,101.6,149.29,10.79,104.42,24.56,9.3,10.72,5.03,109.37,172.84
T3,243.103,10.05,101.64,27.82,10.69,10.63,5.19,101.51,141.15,9.82,105.48,27.56,10.28,11.52,5.81,95.94,166.49
T7,243.607,9.56,111.29,24.54,9.94,10.72,5.03,103.53,161.66,10.13,116.91,28.14,10.27,10.99,5.6,104.32,155.57
T5,245.133,11.04,113.35,28.54,10.24,10.78,5.1,100.81,152.86,10.76,100.8,24.59,9.88,11.43,4.92,106.93,153.07
T1,248.712,10.26,102.53,26.88,10.02,9.23,4.93,111.87,169.18,9.99,115.72,27.78,10.64,9.34,5.51,101.91,168.51
T2,250.103,9.87,107.48,26.29,10.63,9.83,5.38,108.35,145.32,9.43,104.92,26.26,9.98,9.66,5.04,99.59,160.05
T1,251.716,10.89,106.34,27.24,9.31,9.7,5.01,96.83,161.33,9.86,114.44,25.76,9.3,10.39,5.2,112.5,154.3
T3,253.698,10.17,108.84,27.24,9.78,10.25,5.8,106.1,164.77,10.61,100.69,25.05,11.24,11.18,5.59,98.26,154.41
T9,254.47,10.8,110.77,23.72,10.81,9.99,4.73,110.24,168.33,10.76,99.58,25.67,10.44,10.69,5.07,106.06,172.55
T6,255.116,10.62,110.88,24.72,9.88,9.71,5.15,95.29,172.39,10.62,99.54,25.44,9.52,10.12,5.83,105.46,164.55
T10,261.733,10.82,111.34,25.2,11.17,9.48,5.35,95.12,174.66,10.84,115.83,27.64,10.53,9.26,5.23,102.44,161.09
T10,263.786,10.46,116.97,25.91,10.76,9.98,5.41,101.88,157.75,10.97,101.39,25.63,10.76,10.71,5.02,93.98,150.95
T2,264.468,10.47,111.2,27.21,10.48,9.66,5.46,97.6,165.55,10.9,105.39,27.21,9.49,9.66,5.61,97.57,152.7
T2,265.52,9.97,98.27,26.07,10.98,10.8,5.43,107.13,168.08,10.46,97.72,24.82,9.78,11.27,5.82,109.36,158.91
T6,265.839,9.98,97.2,26.71,9.78,9.64,5.16,97.49,155.37,10.92,103.38,24.71,10.04,9.88,5.59,110.67,170.48
T4,266.733,11.09,102.38,29.05,9.89,10.79,5.0,109.28,164.46,11.05,102.99,29.52,10.46,11.78,4.88,105.38,148.43
T10,266.82,10.34,118.5,27.98,9.96,9.4,4.65,106.18,175.51,9.8,105.04,26.01,9.65,10.56,4.87,94.49,157.75
T4,268.628,11.16,94.99,28.63,10.46,10.08,4.67,101.49,160.92,10.86,105.81,28.58,10.51,11.28,5.33,112.67,149.32
T9,268.987,10.1,101.37,24.38,10.3,10.12,5.49,114.75,156.84,10.33,109.52,25.98,10.56,10.94,5.45,111.9,166.53
T2,269.379,11.08,111.58,28.6,9.82,10.11,5.33,104.21,166.35,9.81,94.25,28.16,10.06,9.97,5.2,96.13,164.9
T4,270.074,10.84,100.68,26.99,9.54,10.2,5.22,102.87,147.64,11.6,100.62,25.83,9.32,10.07,5.11,110.68,153.94
T7,270.104,10.37,113.64,26.7,10.94,10.76,5.11,105.61,157.02,10.04,117.16,24.29,9.69,10.64,5.47,107.58,175.19
T2,270.468,9.53,100.65,26.38,9.68,10.11,5.0,103.04,163.09,10.46,100.51,27.13,10.73,11.05,5.71,102.26,163.4
T6,271.37,11.4,111.05,23.26,10.41,10.76,5.74,105.01,150.06,10.12,102.96,25.85,10.6,9.86,5.36,97.28,160.26
T1,273.137,10.86,111.93,24.19,9.95,10.62,4.98,111.02,176.3,9.99,108.94,23.73,9.55,9.28,5.03,104.13,173.16
T8,273.423,10.94,116.23,28.23,11.52,10.18,5.54,102.94,142.75,10.7,115.71,24.81,9.96,9.56,5.42,107.43,145.2
T8,274.444,10.54,115.42,26.18,10.65,9.74,5.23,109.16,143.79,10.87,112.67,27.89,10.94,10.93,5.35,101.76,146.2
T2,274.992,9.67,106.27,26.98,9.34,11.02,5.35,97.74,155.66,9.9,104.42,28.88,9.49,11.16,5.2,96.71,154.66
T3,277.331,9.28,100.12,26.18,10.26,11.33,5.56,106.44,151.66,10.34,97.24,27.56,9.56,10.09,5.8,105.44,165.04
T9,277.415,10.02,107.24,27.45,9.83,10.42,5.5,106.17,151.65,9.36,98.16,23.77,9.63,9.94,5.43,104.58,163.32
T5,277.565,10.64,102.14,25.16,9.59,11.78,4.75,97.76,167.02,9.95,111.58,25.24,10.81,10.28,4.74,101.33,159.46
T9,278.481,9.77,107.79,24.67,9.69,10.26,5.38,110.2,168.42,9.7,96.17,26.32,10.35,10.24,5.01,112.82,169.43
T3,279.625,9.97,97.0,24.56,9.93,10.57,5.52,109.54,164.39,9.87,99.12,28.46,10.14,10.68,5.36,108.85,152.23
T7,280.365,9.8,104.67,28.12,10.22,9.79,4.88,93.96,166.54,10.99,112.34,27.7,10.7,9.67,5.25,109.49,169.13
T2,280.579,9.83,99.56,25.98,10.95,11.2,5.5,96.41,146.3,10.34,100.01,24.5,9.56,10.9,5.54,110.2,146.67
T5,281.303,10.66,102.6,26.85,10.41,10.92,4.8,95.14,164.0,10.75,101.41,27.87,10.6,11.64,5.18,102.58,168.45
T2,281.976,9.8,107.82,28.97,10.93,9.81,5.11,101.35,156.72,10.83,108.83,28.99,9.98,11.13,5.23,100.55,152.06
T5,282.758,10.79,105.12,27.5,9.81,10.09,5.3,109.94,171.62,10.56,109.95,27.51,10.17,10.37,5.09,104.9,168.06
T5,284.14,10.49,101.18,25.27,10.39,11.62,5.11,98.77,154.89,10.9,99.44,26.0,10.03,11.04,5.02,103.88,164.28
T7,284.461,10.95,99.87,28.36,10.25,10.74,4.84,107.48,161.88,10.94,105.84,24.44,10.2,9.6,4.9,109.49,172.22
T2,284.527,10.47,111.28,27.37,9.99,9.7,5.01,109.04,160.98,10.1,105.94,25.85,10.59,10.23,5.6,106.12,153.02
T4,285.398,10.5,107.12,27.56,9.4,11.04,5.12,108.46,170.69,11.5,99.97,28.04,10.0,10.62,4.94,111.02,154.72
T2,287.288,10.42,96.67,28.93,10.39,11.26,5.09,108.17,148.3,10.38,98.51,27.68,9.98,10.83,5.58,110.43,158.11
T4,287.635,11.61,94.44,27.52,9.32,10.24,5.4,113.12,167.44,11.73,110.3,24.92,10.72,10.94,5.26,99.92,147.78
T1,287.768,11.5,117.38,25.5,10.88,9.88,5.4,97.43,176.29,10.39,112.53,24.0,10.28,9.8,5.26,108.33,149.32
T3,287.934,10.5,104.13,26.24,9.84,10.07,4.99,97.73,165.23,10.38,106.43,28.22,11.06,9.97,5.65,108.0,155.8
T3,288.626,9.96,107.54,28.67,10.18,11.03,5.78,109.6,161.17,9.94,101.72,26.79,10.3,10.51,5.4,108.4,167.09
T3,290.35,10.05,107.26,25.02,10.37,10.54,5.56,97.18,151.62,10.5,95.97,26.73,10.9,9.93,5.69,97.84,154.3
T7,290.748,10.74,99.04,26.57,10.26,10.63,5.58,96.1,150.42,9.97,115.85,25.54,10.4,9.55,5.14,94.96,165.71
T10,291.982,10.51,110.7,26.13,9.51,10.83,5.39,110.89,163.14,11.05,111.55,24.92,11.22,9.75,5.46,101.1,159.14
T8,293.608,10.12,102.64,27.58,10.19,10.67,4.88,95.68,163.37,10.62,113.24,27.86,10.47,9.64,5.47,111.39,145.68
T7,293.86,10.85,110.11,25.68,10.96,10.41,4.97,93.48,168.3,10.14,117.55,27.96,9.79,9.87,5.12,94.52,156.39
T5,294.567,11.14,97.07,25.74,9.55,11.32,5.48,101.38,159.07,9.82,103.4,27.86,9.43,10.81,4.8,108.43,163.52
T4,295.359,10.15,105.26,25.89,9.37,10.67,5.26,109.92,152.4,10.39,105.81,26.16,10.23,11.36,4.95,111.92,150.98
T7,295.484,9.31,99.98,25.01,10.85,9.54,5.19,100.36,157.52,9.65,117.35,28.22,9.44,10.09,4.93,104.06,167.3
T4,295.909,10.31,100.9,29.02,9.56,10.13,4.83,106.69,166.8,11.23,107.4,25.3,10.23,11.7,5.36,111.92,161.23
T10,296.712,10.36,100.45,27.67,10.62,9.49,4.82,109.38,173.79,9.73,110.37,26.44,9.72,10.65,5.35,103.88,164.52
T1,296.742,9.9,117.1,24.8,10.4,9.7,5.51,106.94,153.33,10.63,114.8,25.67,10.08,9.46,5.18,107.1,167.39
T3,296.977,9.35,111.19,27.12,10.0,9.85,5.11,93.23,141.89,10.98,98.1,26.13,10.59,11.32,5.28,98.76,160.09
T4,298.89,11.24,97.64,26.82,9.84,11.37,4.97,110.35,155.23,10.44,100.58,28.43,10.72,11.7,4.72,115.15,163.18
T3,301.167,10.35,100.96,24.64,10.91,11.28,5.46,99.54,162.74,10.79,108.31,25.92,9.93,11.4,5.56,106.93,164.19
T2,302.137,11.07,100.06,28.16,9.73,10.77,5.56,98.08,145.35,9.43,94.81,25.57,10.62,9.66,5.68,100.69,144.33
T4,303.095,10.72,107.34,27.54,10.48,10.73,4.8,102.15,155.23,11.37,104.53,25.28,9.61,10.68,4.93,113.18,159.06
T3,303.893,9.71,97.35,25.81,11.18,11.29,5.7,95.8,149.25,9.42,101.62,25.7,10.29,10.03,5.77,104.68,150.94
T3,304.074,9.4,108.36,26.71,10.76,11.38,5.57,98.24,157.59,10.74,104.66,28.59,10.39,10.56,5.31,103.56,164.06
T3,304.604,10.99,110.69,28.85,9.86,11.49,5.72,103.63,164.39,10.22,110.52,25.76,10.91,10.41,5.75,94.57,152.05
T4,305.213,10.83,105.73,28.98,9.86,10.91,5.32,107.71,163.86,11.31,99.4,26.45,10.6,11.13,4.88,113.79,143.95
T7,305.314,10.1,102.58,27.62,10.74,10.01,5.23,99.53,164.67,10.22,115.45,24.68,9.34,9.47,4.8,99.85,154.86
T2,306.488,10.71,106.48,24.92,10.47,10.04,5.53,100.04,160.2,11.08,97.68,27.24,10.34,10.51,5.37,98.62,155.62
T8,308.7,11.14,114.47,27.23,10.31,9.51,5.13,101.76,162.1,10.3,107.27,28.21,10.4,9.81,5.42,101.22,151.55
T9,309.037,9.7,105.4,24.44,9.63,9.39,5.46,116.06,162.68,10.06,106.11,24.98,10.73,10.89,5.28,115.84,175.47
T9,309.677,9.36,95.59,23.66,10.47,10.08,5.32,103.31,175.61,10.52,98.0,24.73,9.66,10.96,5.0,102.77,160.26
T10,310.042,10.05,110.66,27.49,9.85,10.03,5.25,104.38,158.72,10.27,109.16,26.73,9.92,9.62,4.75,94.61,162.12
T8,310.964,11.61,115.08,25.05,10.06,10.19,5.48,108.21,155.14,11.73,118.64,26.78,10.57,9.62,5.2,95.28,158.36
T5,311.202,10.77,99.04,25.75,9.76,10.94,5.46,101.72,172.88,10.64,101.09,27.85,10.71,10.83,5.46,106.48,170.21
T1,311.508,10.61,108.25,24.24,9.35,10.8,5.69,104.04,166.22,11.13,108.56,24.78,10.76,9.46,5.72,106.68,158.58
T4,312.264,11.54,102.96,28.78,9.19,11.58,4.77,114.43,167.84,11.56,95.66,28.06,10.57,11.74,5.48,107.97,165.86
T3,315.039,10.79,110.47,24.5,10.52,10.99,5.46,96.17,160.76,11.01,95.63,24.82,10.56,9.85,5.47,103.45,162.77
T9,317.056,10.31,109.19,26.37,10.74,10.49,5.02,105.96,155.21,9.77,95.45,25.22,9.69,10.18,5.28,112.3,154.91
T9,318.654,9.97,104.19,26.43,10.62,9.36,4.97,110.07,163.59,10.58,101.62,26.86,10.65,9.49,5.42,102.5,174.29
T8,319.006,10.78,116.52,25.67,10.83,10.43,5.48,98.79,164.32,10.72,119.27,28.25,10.91,10.53,5.65,110.88,165.1
T2,319.171,11.07,106.02,27.46,9.96,9.52,5.78,98.4,165.01,11.02,107.76,28.4,10.72,9.97,5.0,99.42,154.3
T1,319.893,10.79,105.44,26.1,9.71,9.44,5.42,99.78,176.81,9.84,113.67,23.95,10.58,10.85,5.72,96.92,150.22
T1,320.669,10.48,115.74,27.78,9.68,10.88,4.93,100.76,176.68,9.73,102.61,26.29,10.05,9.83,4.82,109.9,173.41
T1,320.732,10.57,111.95,25.68,10.76,9.3,5.46,97.09,163.79,10.06,109.16,26.84,10.79,9.31,5.21,102.44,164.47
T1,321.618,10.19,105.01,26.73,10.46,9.26,5.26,108.85,163.11,10.26,107.0,26.68,10.49,9.57,5.68,108.28,150.81
T4,322.766,11.27,109.03,29.2,9.51,10.3,4.97,113.16,156.4,10.84,100.98,27.76,10.14,11.53,5.31,104.26,162.07
T4,324.978,10.42,95.71,26.63,10.31,10.41,5.14,99.21,150.5,11.74,109.34,25.87,9.99,10.25,5.17,109.08,156.89
T2,325.368,10.78,108.86,25.74,9.3,10.9,5.05,111.23,148.69,10.84,96.9,27.72,10.45,10.2,5.1,99.54,165.2
T2,325.602,9.93,108.36,26.92,10.31,10.26,5.6,107.29,148.06,10.81,100.49,25.31,9.82,10.25,5.26,107.04,151.51
T3,327.012,10.93,109.5,28.32,11.25,11.36,5.42,98.04,160.15,10.83,105.45,28.82,11.02,10.25,5.38,107.91,147.09
T9,327.862,9.86,96.46,26.74,10.5,10.81,4.87,108.61,169.97,9.47,96.16,25.29,10.01,9.4,5.42,101.34,162.54
T5,328.568,10.1,99.13,25.39,10.89,11.7,4.69,100.92,163.24,10.25,108.1,26.2,10.49,11.1,5.09,96.8,168.97
T4,330.155,10.85,108.34,28.03,9.87,10.3,5.26,106.02,165.39,10.05,106.56,25.2,9.29,10.64,5.31,110.39,167.48
T10,330.498,10.12,105.18,24.2,10.7,9.95,4.94,95.34,162.29,10.68,103.58,27.99,10.9,10.02,4.76,94.2,174.4
T5,331.187,9.9,108.43,26.8,10.04,11.69,4.68,109.82,163.43,11.25,108.39,27.68,10.8,11.66,5.48,101.65,172.72
T5,331.328,11.24,98.67,27.42,10.75,10.03,4.69,111.91,157.32,11.04,102.12,27.25,10.4,10.44,4.78,105.16,166.55
T2,332.616,10.69,101.97,28.99,10.31,10.59,5.03,104.45,152.59,10.87,95.12,25.27,9.47,11.02,5.15,98.41,155.47
T9,333.996,9.4,106.83,25.9,10.54,10.34,5.54,116.67,164.22,10.39,98.39,23.33,9.28,9.61,4.81,112.81,161.02
T3,335.01,9.28,96.6,26.36,9.7,11.41,5.76,108.47,161.77,9.79,102.69,28.53,10.45,11.08,5.19,94.18,150.93
T4,335.674,10.99,106.96,27.07,9.36,10.24,5.5,107.14,155.43,10.48,96.44,25.56,10.72,11.74,4.67,103.33,150.52
T4,337.211,10.23,106.9,27.03,10.87,10.45,4.73,110.83,148.27,11.85,97.49,28.83,9.55,11.21,5.31,107.86,150.66
T8,337.232,11.13,108.81,26.64,10.32,10.09,4.96,111.82,155.5,11.7,110.42,25.31,10.38,10.44,5.42,108.21,161.78
T1,340.931,10.46,104.52,27.0,10.01,10.37,5.56,107.43,149.69,11.46,111.13,27.89,10.09,10.42,5.21,107.16,175.67
T1,343.153,9.84,113.41,26.42,10.53,9.84,5.27,111.19,175.32,11.49,115.36,25.43,10.15,9.51,5.58,111.38,173.24
T3,344.006,10.36,104.96,26.89,10.75,10.26,5.37,95.41,155.88,10.76,95.48,25.74,9.57,10.18,5.51,103.94,150.01
T9,344.803,10.22,108.8,25.82,10.84,10.41,5.33,108.61,173.08,10.17,94.16,27.24,10.62,9.52,5.46,107.18,166.23
T2,344.91,10.77,99.58,28.86,9.36,10.15,5.78,107.84,159.5,10.26,95.2,28.97,9.57,11.13,5.8,104.92,164.56
T5,345.708,10.9,101.47,26.64,10.02,10.64,5.4,107.19,168.68,9.65,100.05,28.68,9.93,11.07,4.71,112.16,165.0
T2,346.608,10.42,103.43,25.25,10.6,11.03,5.57,109.0,158.52,10.98,104.42,27.23,9.38,10.59,5.15,99.7,166.5
T1,346.924,9.82,101.12,26.8,10.21,9.68,4.88,109.28,158.95,10.18,100.15,24.88,9.91,10.75,5.03,109.41,172.74
T10,347.143,10.55,107.69,25.32,9.82,9.94,4.81,106.28,150.95,9.58,112.5,27.24,11.23,10.24,5.16,101.89,167.77
T2,347.287,10.48,99.46,26.16,10.47,11.18,5.39,108.16,163.66,10.85,102.77,24.8,10.71,9.91,5.19,96.84,166.2
T7,347.57,10.07,108.91,25.68,10.35,9.63,5.6,109.83,153.14,10.32,115.21,28.6,9.35,10.96,4.84,100.85,175.13
T8,348.745,9.9,115.22,27.26,10.82,10.16,5.37,108.33,168.42,10.62,117.37,28.43,10.55,10.39,5.3,95.8,159.07
T6,348.978,11.48,109.44,23.56,9.35,10.38,4.97,95.54,149.91,11.45,110.44,23.52,9.23,10.24,5.86,104.78,164.28
T10,349.048,9.78,106.67,26.25,10.94,9.91,5.02,108.64,165.99,10.01,102.13,25.97,11.02,10.54,4.97,102.43,173.99
T2,350.387,10.46,96.05,25.65,9.95,9.86,5.06,108.01,165.82,10.38,111.54,25.48,10.23,10.62,5.69,104.88,170.38
T2,350.408,11.15,109.99,25.57,9.96,10.86,4.99,107.99,169.01,9.51,96.93,26.09,9.9,10.98,5.52,110.92,163.0
T7,350.604,10.36,99.87,25.54,10.52,9.9,5.23,100.18,162.78,9.33,110.11,28.66,10.63,9.54,4.91,96.02,163.19
T4,353.504,10.56,95.62,27.54,9.17,10.8,5.11,102.14,169.09,10.12,96.14,25.48,10.12,10.86,4.93,102.7,155.96
T6,353.756,11.43,99.04,23.45,10.58,10.49,5.28,94.45,162.97,11.45,107.92,23.23,9.88,10.62,5.61,104.99,166.27
T10,353.95,10.83,102.59,24.76,11.1,10.46,5.51,97.21,163.09,10.5,116.32,27.17,10.36,9.61,5.27,107.97,157.57
T4,354.392,10.9,101.29,27.04,10.86,11.24,5.03,104.68,151.17,11.75,103.06,29.06,9.74,10.5,4.92,105.28,145.16
T2,355.106,10.28,97.94,25.36,10.03,11.02,5.43,101.56,145.43,9.97,106.77,27.42,10.28,10.16,5.28,99.68,165.15
T9,355.808,9.91,109.09,26.31,9.92,9.99,5.48,103.34,157.42,10.49,109.69,27.29,9.45,10.4,5.38,102.27,156.67
T2,356.113,9.94,108.98,26.9,9.72,10.66,5.01,106.81,148.25,11.11,109.56,27.33,9.38,10.45,5.61,104.23,148.14
T2,357.857,10.44,96.8,27.05,10.7,11.13,5.17,101.48,170.38,9.92,111.54,24.96,10.77,10.99,5.08,105.36,167.96
T6,359.0,9.91,107.54,26.74,9.86,9.91,5.64,106.57,163.37,9.91,110.56,24.23,9.41,9.72,5.06,94.21,155.34
T4,361.162,11.48,107.19,29.02,9.91,11.04,5.38,109.83,156.18,10.69,93.72,25.9,9.57,11.51,4.71,104.86,170.39
T8,361.656,10.7,106.4,26.9,10.97,9.39,4.89,103.53,161.14,11.24,106.94,27.73,10.75,9.89,5.07,109.21,155.29
T7,361.78,10.74,112.9,27.21,10.89,9.84,5.08,101.9,164.55,10.73,104.79,28.6,9.68,9.9,5.67,108.66,167.61
T8,363.643,10.58,103.02,27.86,9.93,9.72,5.08,104.54,163.48,11.32,104.45,25.33,9.81,10.89,5.02,95.34,143.43
T1,366.215,9.99,108.35,26.21,9.34,9.82,5.46,100.73,155.19,10.78,115.28,27.59,9.61,10.85,5.02,96.4,169.61
T8,367.788,11.67,101.67,24.93,11.39,9.39,5.09,111.44,141.96,11.39,112.2,24.64,9.84,10.22,5.67,97.84,150.69
T1,368.438,10.34,116.81,26.78,10.92,10.39,5.2,108.64,165.6,10.74,104.5,24.84,10.5,10.6,5.65,113.24,149.14
T7,372.649,9.72,117.19,27.2,10.22,9.69,5.19,94.57,157.9,9.74,104.26,26.98,9.73,9.81,5.32,99.73,164.57
T1,372.854,10.79,110.05,25.02,9.33,9.69,5.13,99.75,175.21,10.26,108.66,25.36,9.67,10.7,5.46,104.26,171.41
T7,374.073,10.96,109.59,25.22,10.52,9.67,5.18,103.47,169.85,9.27,115.21,27.96,9.59,10.78,5.58,104.66,156.55
T10,380.921,10.6,106.64,24.89,10.14,9.32,4.93,105.12,169.26,10.51,106.06,25.0,10.0,9.48,5.2,94.02,162.94
T1,381.272,10.13,104.0,26.22,10.53,10.08,5.49,113.47,149.56,10.64,116.8,26.46,9.67,10.89,4.88,112.67,162.26
T8,383.851,11.03,106.02,28.28,11.46,9.28,5.51,95.76,158.18,11.12,113.15,25.94,11.54,9.25,5.6,98.43,146.51
T10,383.975,9.65,115.35,24.86,10.4,10.73,4.81,103.6,154.48,9.45,107.95,27.4,9.72,10.2,5.11,107.13,155.99
T3,384.659,10.66,104.4,26.21,10.59,10.99,5.54,96.1,145.6,9.87,106.42,24.49,10.92,10.4,5.68,92.62,148.85
T2,386.258,10.47,96.34,25.15,9.9,10.88,5.79,110.15,152.99,10.23,101.84,27.39,10.98,9.66,5.33,100.68,149.19
T6,387.794,11.32,105.33,22.88,9.3,10.79,5.23,110.94,177.71,10.42,102.17,24.7,10.44,10.4,5.8,101.38,167.62
T1,388.129,9.76,115.46,24.34,10.49,10.88,5.32,106.27,174.72,10.08,106.17,27.25,10.21,10.87,5.48,96.16,160.29
T6,390.204,10.92,96.39,26.65,10.25,9.96,5.85,100.81,155.17,9.99,108.18,24.42,9.96,11.04,5.62,98.8,154.12
T10,391.604,10.21,105.44,25.15,9.9,9.35,5.08,101.89,155.72,10.57,118.12,24.63,10.67,10.25,4.67,94.53,162.03
T7,391.608,10.28,106.18,25.11,9.66,10.36,4.92,105.02,151.01,10.07,104.09,28.14,9.68,9.44,4.97,94.07,175.52
T10,391.833,10.16,102.64,25.81,10.48,10.78,5.41,95.33,155.49,9.49,101.04,25.14,10.9,9.68,4.97,109.8,153.48
T4,393.706,10.08,106.18,28.32,9.36,11.47,5.33,109.26,164.33,11.02,97.64,26.16,9.72,11.32,5.37,113.64,147.2
T9,396.311,9.97,109.31,24.17,10.38,10.12,4.97,112.36,149.12,9.26,110.75,23.37,10.6,9.78,4.73,116.57,165.24
T5,397.082,10.02,106.31,25.32,9.88,11.65,5.32,94.43,155.51,9.7,100.76,26.51,9.46,11.59,5.19,105.01,170.88
T2,397.613,10.67,110.08,28.33,10.16,9.94,5.32,104.56,168.76,10.48,98.24,27.48,9.56,10.69,5.83,103.44,163.08
T4,398.587,10.18,95.32,26.0,10.79,10.15,5.35,97.1,170.88,11.01,103.1,26.79,9.98,11.5,4.96,109.56,169.38
T1,400.632,10.4,117.36,25.82,10.92,10.8,5.05,113.33,171.25,10.98,114.07,26.42,9.28,10.23,5.69,96.48,160.23
T1,401.37,10.26,103.87,26.78,10.08,9.77,5.52,99.74,149.68,11.05,113.23,26.78,10.39,9.39,5.04,110.5,160.66
T2,402.433,10.02,102.04,28.23,9.29,10.59,5.06,113.2,166.7,10.46,107.4,24.44,9.38,10.48,5.65,102.52,151.57
T7,403.341,10.46,110.58,25.6,9.55,10.96,5.62,93.43,160.76,10.56,99.1,24.26,9.33,10.67,4.83,94.51,157.63
T6,406.064,11.04,103.44,24.95,10.11,11.03,5.53,102.24,150.39,11.52,98.81,26.95,9.3,10.76,5.4,105.11,162.84
T5,406.216,10.03,112.02,26.42,9.59,10.01,5.49,111.84,156.64,10.98,106.7,26.91,10.96,10.42,5.06,99.66,167.56
T4,406.882,11.16,97.73,25.56,9.68,11.56,5.25,110.24,144.62,11.05,107.24,25.19,9.99,11.46,5.2,103.75,156.37
T9,407.086,10.4,99.43,25.32,9.27,9.44,5.48,117.6,175.82,10.75,104.09,26.51,10.38,9.73,5.45,108.78,173.13
T4,407.117,11.48,107.46,26.05,9.5,11.61,4.85,109.74,153.56,10.34,98.74,27.03,9.53,11.35,5.11,111.6,148.35
T1,407.38,10.85,110.08,24.14,10.64,9.42,5.6,101.48,149.57,10.46,106.22,24.82,10.0,10.35,4.93,100.94,158.73
T4,408.07,10.35,93.12,29.43,10.58,11.14,4.81,98.3,165.62,11.38,101.99,28.28,10.0,11.14,5.16,104.05,157.54
T8,409.311,10.76,113.45,25.33,10.88,9.31,5.06,95.18,152.79,11.58,109.38,25.3,11.13,9.63,5.58,108.07,162.12
T2,410.283,10.48,99.58,27.26,9.87,10.75,5.82,98.63,166.78,10.7,99.09,27.68,9.4,9.7,5.38,103.7,161.07
T1,410.444,10.87,112.53,24.73,9.71,9.22,5.43,99.87,171.12,10.38,110.4,28.06,10.91,9.3,5.03,113.26,154.01
T7,410.937,9.28,103.89,24.5,10.8,10.6,5.46,105.21,162.89,9.47,115.28,24.86,9.31,10.49,5.54,95.09,151.54
T5,411.475,9.6,97.4,25.5,10.39,10.77,4.84,105.13,150.33,10.0,108.95,24.7,10.9,10.45,4.88,94.69,151.89
T3,411.705,10.98,108.9,26.07,9.89,10.67,5.14,104.28,154.18,10.1,110.64,27.44,10.09,10.74,5.34,96.83,157.63
T10,412.103,10.84,101.36,25.09,9.92,9.73,4.87,98.65,161.48,9.81,111.66,27.45,9.91,10.25,4.85,99.69,152.71
T1,416.277,11.17,105.01,27.91,9.44,10.8,5.62,113.1,173.88,10.29,106.38,25.27,9.93,10.83,5.29,102.91,170.63
T4,416.635,10.33,105.07,29.59,10.82,11.41,5.25,103.15,160.98,10.94,98.43,27.75,10.58,11.05,5.34,109.56,146.94
T1,417.316,11.42,106.22,25.76,9.81,10.2,5.45,103.87,157.76,11.37,108.96,24.39,9.84,10.89,5.48,104.67,162.61
T7,418.807,10.49,107.19,27.72,10.2,9.51,4.9,99.38,163.61,10.64,117.68,24.92,9.31,9.38,5.66,104.04,165.14
T1,419.354,10.62,100.1,23.76,10.46,10.55,5.32,102.91,167.97,11.33,112.42,24.64,9.6,10.58,5.01,99.91,166.78
T10,419.9,9.78,108.55,26.17,10.53,9.41,4.91,101.91,156.41,9.36,113.14,25.29,9.58,10.29,4.76,102.29,158.65
T6,423.922,10.84,111.56,25.46,10.65,11.18,4.97,100.04,162.8,10.12,108.17,25.58,10.06,9.63,5.12,111.21,169.85
T2,424.684,9.87,102.16,27.21,9.91,10.63,5.31,100.64,152.83,10.93,101.48,25.58,9.57,10.78,5.28,113.05,146.51
T10,426.694,10.29,113.22,28.03,10.22,10.7,5.46,109.36,157.87,10.66,111.34,24.64,9.58,10.6,4.91,110.58,159.44
T5,428.456,10.45,105.01,25.21,10.69,11.55,4.93,111.95,166.53,10.24,106.24,26.07,10.39,11.79,5.33,103.49,152.87
T4,429.35,10.7,108.07,29.5,10.11,11.46,5.12,109.13,152.93,10.88,100.64,28.4,10.58,10.39,5.16,100.45,160.46
T2,429.426,9.6,109.98,27.18,10.73,10.11,5.45,108.94,147.81,11.04,96.84,25.15,10.97,10.32,5.14,97.62,160.78
T7,431.008,10.25,116.13,24.66,10.29,9.87,5.54,100.85,168.51,9.96,113.36,25.1,9.94,10.23,5.32,103.11,155.82
T4,431.794,10.12,95.08,28.35,10.56,11.37,5.47,100.97,161.71,10.84,99.99,25.45,9.53,11.87,5.36,104.18,155.75
T2,432.358,9.47,96.97,27.33,10.21,9.78,5.04,109.35,152.1,10.15,107.64,27.67,9.57,10.71,5.23,104.08,163.97
T2,432.674,10.8,95.43,27.65,10.89,10.32,5.27,104.68,162.43,10.46,101.96,25.22,9.57,9.68,5.14,97.04,167.94
T3,433.344,9.9,110.5,25.59,10.54,11.36,5.72,102.55,151.54,9.49,99.52,26.72,10.2,11.05,5.7,94.78,161.7
T7,433.827,10.97,112.88,24.71,10.69,9.6,4.95,104.04,160.96,10.14,104.96,27.97,10.38,9.75,5.68,93.48,163.33
T2,434.885,9.96,104.82,26.47,10.93,11.15,5.78,96.99,169.8,10.19,100.61,28.11,10.21,11.08,5.31,98.4,145.68
T10,435.614,10.82,102.58,27.63,9.9,9.24,4.82,97.58,173.71,10.52,101.3,28.34,11.22,10.22,5.28,99.73,160.42
T4,435.8,10.6,94.0,28.08,9.39,10.06,5.48,102.67,144.92,11.75,107.32,25.89,10.79,11.54,4.78,99.79,153.59
T10,437.274,10.0,110.08,28.55,10.97,9.63,5.49,110.77,175.36,9.48,114.69,24.35,10.6,10.08,5.48,97.11,152.43
T10,440.321,11.0,115.6,27.6,9.74,10.26,5.38,94.47,157.11,10.34,112.7,26.66,10.29,10.64,4.7,110.83,169.32
T6,445.394,10.94,110.17,23.97,9.64,9.7,5.43,108.08,167.74,9.93,104.12,25.38,9.86,9.83,5.34,104.32,171.94
T8,445.775,10.61,107.42,23.98,9.85,9.81,5.09,95.06,145.34,11.54,117.13,27.0,10.48,9.4,5.7,99.72,160.31
T8,446.862,10.06,111.72,27.33,11.22,10.81,5.69,95.74,157.2,10.52,106.78,27.02,10.31,10.13,5.22,100.58,154.74
T6,448.769,10.15,97.64,26.56,10.2,10.51,5.0,108.56,174.97,10.87,104.37,26.32,9.4,10.31,5.74,93.97,167.48
T8,449.035,11.48,103.29,27.99,10.6,10.06,4.86,111.82,163.23,11.17,102.13,25.96,9.8,9.73,5.09,101.79,162.12
T7,449.905,10.87,99.23,28.18,10.14,9.27,5.48,107.26,171.48,10.99,110.49,28.05,10.32,10.96,5.42,109.94,149.64
T1,450.819,10.24,109.21,26.78,10.67,10.76,5.32,104.41,165.7,10.49,116.54,27.57,10.62,9.48,4.9,108.13,174.19
T1,452.082,10.04,112.03,24.32,10.7,10.01,5.13,103.18,158.9,10.98,107.48,24.88,10.25,10.14,5.34,102.64,159.94
T6,452.562,11.2,95.45,23.9,9.37,9.98,5.53,106.26,166.58,11.11,103.19,26.9,10.15,10.58,5.68,101.76,163.7
T10,452.564,10.04,103.48,26.09,9.58,9.51,4.68,95.23,169.58,9.94,115.05,25.83,10.14,9.93,5.04,110.45,156.82
T5,453.033,9.53,112.52,27.61,10.8,10.62,4.76,99.53,156.75,9.85,98.99,25.12,9.72,10.0,4.9,108.67,146.43
T4,453.145,11.5,98.99,28.29,9.19,10.79,5.48,114.46,154.07,11.09,100.93,25.32,10.74,11.53,5.1,99.24,147.29
T5,453.311,11.21,101.56,27.78,10.46,10.36,4.94,110.15,157.57,11.07,102.75,27.2,10.16,10.7,5.23,106.25,162.33
T7,455.277,10.27,101.28,25.82,10.03,9.31,4.99,104.72,175.74,10.07,109.59,25.79,10.84,10.85,5.36,96.62,157.82
T7,455.614,9.45,117.76,25.85,10.88,10.39,5.31,97.41,158.85,10.6,106.52,25.79,10.12,9.3,4.78,99.51,175.6
T1,457.665,10.34,101.66,28.06,10.54,10.44,5.24,105.93,170.12,11.4,104.67,27.46,9.3,9.88,5.45,98.03,176.81
T9,457.933,9.72,105.12,23.4,9.34,10.79,5.53,106.28,175.38,9.25,100.03,25.62,9.86,9.48,4.69,107.02,171.59
T2,458.243,9.73,108.28,28.34,10.7,11.18,5.51,103.52,152.35,9.64,101.67,27.26,10.23,10.25,5.49,111.14,144.33
T4,460.459,11.17,108.58,26.67,10.85,10.2,4.78,99.69,144.24,11.7,98.64,25.02,9.72,10.42,5.4,114.97,166.79
T1,460.468,9.73,115.89,25.48,10.72,10.67,5.49,101.42,172.94,10.81,110.04,25.05,10.13,10.9,4.85,113.3,152.85
T6,461.22,10.38,111.54,22.9,10.88,10.8,4.99,109.07,159.84,11.3,98.08,25.05,10.34,11.13,5.4,100.73,162.97
T5,462.31,9.86,107.45,26.12,9.61,11.57,5.0,100.4,148.11,10.22,110.26,25.82,10.48,11.79,4.67,110.66,154.29
T1,462.453,10.6,114.41,24.64,10.43,10.88,5.08,97.49,174.33,10.18,105.94,23.69,9.81,10.59,4.87,98.82,171.06
T3,464.025,9.37,104.28,27.25,9.54,11.16,5.15,95.41,161.44,9.36,102.98,24.73,11.07,10.68,5.75,96.74,152.86
T5,464.461,9.66,110.36,28.43,9.81,11.24,4.78,99.57,154.11,10.17,103.28,27.08,9.76,11.66,4.8,103.13,157.96
T9,466.06,10.05,98.06,25.78,10.17,10.51,5.56,101.08,173.74,10.06,97.55,26.57,10.8,10.15,5.13,111.3,175.16
T3,468.257,9.85,105.41,28.62,10.78,10.49,5.23,107.15,150.37,10.82,107.86,28.08,9.92,11.46,5.43,107.26,164.66
T5,471.772,10.92,109.16,24.46,10.13,11.79,5.46,111.74,155.16,9.74,112.65,26.37,10.75,10.42,5.29,107.82,163.55
T3,474.364,10.21,107.07,26.43,10.39,10.8,5.75,99.62,163.86,10.93,106.36,25.69,9.68,10.01,5.6,100.13,151.54
T8,474.479,10.53,106.44,25.31,10.88,9.47,5.02,103.02,151.88,11.1,109.64,28.46,10.72,10.19,4.99,97.76,149.11
T8,475.64,11.51,111.88,27.29,10.57,9.56,5.53,104.87,152.42,11.16,104.62,26.86,10.0,9.88,5.52,95.72,168.64
T4,478.54,10.14,98.7,29.58,9.41,10.97,4.74,101.24,165.08,10.31,104.54,29.0,9.31,10.23,5.35,97.01,167.93
T1,478.857,10.64,111.83,25.67,10.71,10.57,5.14,107.95,162.4,10.8,112.42,26.21,9.83,9.45,4.86,108.06,157.31
T7,479.764,9.59,107.21,28.33,9.82,9.68,5.39,93.9,177.01,10.39,114.21,26.84,10.23,9.53,5.54,108.51,149.54
T1,483.554,11.2,116.42,24.05,10.64,10.83,4.98,106.96,150.19,11.36,107.94,26.81,10.59,10.86,5.43,113.35,152.31
T10,486.474,11.06,103.21,24.35,10.56,9.34,5.17,102.83,164.58,10.31,101.59,28.09,9.87,9.76,5.31,97.64,163.06
T7,486.618,9.85,107.62,25.56,9.75,10.16,5.01,93.74,163.57,10.46,104.03,26.82,9.65,9.99,5.21,109.3,165.89
T9,487.075,10.45,101.11,24.73,9.83,9.98,4.88,115.15,150.23,9.28,103.49,25.86,9.36,9.44,4.92,106.38,166.12
T10,487.099,11.05,116.11,25.89,11.18,10.82,4.94,98.14,163.16,9.76,101.96,25.65,10.02,9.88,4.75,94.36,155.48
T2,489.357,10.38,102.02,28.53,9.4,10.32,5.88,99.02,147.85,10.58,105.54,26.51,9.97,9.94,5.38,106.72,155.57
T4,491.122,11.72,98.6,29.48,10.48,10.9,4.77,100.04,150.3,10.34,106.11,28.82,10.35,10.46,4.68,110.05,162.39
T2,492.718,10.72,98.82,26.7,10.88,11.13,5.37,96.59,145.9,10.04,107.64,26.22,9.96,9.9,5.03,110.87,158.58
T4,495.08,10.72,104.22,27.22,10.84,10.99,4.79,104.49,154.88,11.57,105.5,28.68,10.49,11.61,5.45,114.2,156.52
T9,495.435,10.44,106.11,24.36,10.46,9.9,5.5,113.32,149.93,9.98,107.39,27.43,9.86,10.73,5.34,103.17,153.64
T9,499.964,10.38,100.86,26.31,9.72,10.26,5.17,102.94,155.54,10.84,110.38,23.4,9.63,10.2,5.26,101.16,149.9
T9,501.362,9.4,97.92,24.17,9.18,10.63,5.16,107.22,173.03,10.64,104.35,23.42,9.46,9.44,5.14,103.09,152.66
T3,501.695,9.62,111.62,28.77,10.79,11.5,5.44,106.75,141.0,9.71,99.2,25.89,10.89,10.55,5.02,109.77,159.31
T1,502.098,11.16,108.92,27.83,10.76,10.42,5.63,97.19,153.6,10.58,109.19,24.37,10.3,9.9,5.72,96.88,154.48
T5,502.218,10.6,104.33,24.91,10.52,10.04,4.77,107.4,152.43,10.32,104.46,26.12,9.83,10.88,5.22,111.91,160.58
T7,503.597,10.23,114.49,27.0,10.16,10.21,5.66,104.66,162.85,10.36,108.28,25.38,9.88,9.34,5.41,101.14,151.42
T6,504.105,10.95,99.24,24.53,9.9,10.38,5.72,102.11,152.21,10.25,95.03,24.41,9.82,10.41,5.56,103.17,159.85
T3,504.48,9.26,111.67,25.35,9.89,10.26,5.26,96.87,146.34,9.26,108.41,27.14,9.54,11.05,5.79,94.55,158.43
T2,504.971,10.01,95.44,25.5,9.92,10.38,5.9,111.71,148.6,11.11,110.94,25.39,10.73,10.27,5.74,103.67,154.84
T4,505.171,10.01,99.13,26.7,10.39,10.98,5.12,107.25,154.31,10.98,97.27,28.25,10.09,11.17,4.82,98.66,161.56
T1,505.846,11.55,114.78,26.59,10.8,9.73,5.55,111.27,169.89,11.37,100.47,25.82,10.54,9.98,5.38,112.67,176.23
T3,506.323,10.79,109.32,28.08,11.24,11.26,5.29,107.78,141.49,9.66,102.42,24.78,10.13,10.25,4.92,101.0,142.43
T10,506.873,10.95,115.84,24.78,9.59,9.31,5.02,102.04,166.82,10.24,114.47,27.72,10.14,9.3,5.05,104.3,171.84
T7,508.627,9.96,111.08,26.16,10.18,10.24,5.4,105.13,159.6,10.07,111.35,27.6,10.09,9.46,5.56,99.11,153.68
T5,508.971,10.24,104.55,26.69,11.1,10.9,4.83,102.13,168.75,9.62,101.53,25.55,9.59,11.71,5.16,106.43,147.36
T3,509.547,9.62,102.63,25.57,10.94,11.48,5.41,107.83,160.88,9.5,109.31,26.98,11.03,10.16,4.93,96.37,164.59
T5,510.521,11.24,111.28,28.51,10.13,11.5,4.8,109.43,164.53,10.42,106.72,25.74,10.78,11.22,4.97,105.43,150.37
T1,513.024,10.83,113.42,26.21,10.72,10.15,5.13,102.07,169.51,10.85,102.91,23.87,10.03,10.82,5.09,113.35,165.64
T6,513.431,9.91,111.61,27.0,9.52,10.54,5.63,101.27,154.92,10.98,104.13,26.83,10.42,9.89,5.81,104.2,174.6
T4,514.747,10.36,98.62,26.86,9.94,11.35,5.06,106.94,157.04,11.86,95.65,27.85,9.57,11.41,5.47,106.94,162.92
T10,516.228,10.29,102.62,27.5,9.63,10.06,5.41,102.04,159.2,10.45,108.12,27.7,10.85,9.8,5.45,94.41,175.61
T1,516.229,10.98,106.1,23.9,10.05,10.76,5.29,112.23,153.17,10.33,106.95,24.43,10.14,9.45,5.55,97.21,168.54
T7,517.448,10.31,112.88,24.75,9.71,10.01,5.5,109.18,161.21,9.31,100.27,25.46,10.47,10.94,4.82,101.21,150.38
T7,517.857,10.25,102.1,27.92,9.99,9.94,5.18,96.24,169.14,9.72,102.22,25.22,9.82,9.66,5.22,94.48,155.32
T8,518.593,10.17,115.9,27.22,10.97,10.48,4.96,101.9,144.85,10.97,111.35,26.04,10.99,10.67,5.2,107.02,164.41
T4,519.451,11.15,103.4,27.82,9.8,10.77,4.76,100.67,153.36,10.24,98.22,28.8,9.28,10.96,5.31,110.85,149.67
T5,524.143,9.97,112.21,27.77,10.41,11.14,4.9,104.08,156.69,9.83,100.66,25.39,10.42,10.01,5.06,107.58,162.41
T10,524.738,9.97,116.0,28.02,9.66,10.15,5.19,101.23,169.97,9.77,102.78,26.66,10.35,9.52,5.39,93.98,177.68
T7,525.372,9.6,106.64,25.58,10.96,9.32,5.18,109.76,164.54,9.74,106.54,26.52,9.42,9.87,5.1,108.76,169.98
T6,525.912,11.06,98.89,25.12,10.11,9.49,5.52,98.29,157.82,10.99,98.27,26.88,10.3,11.24,5.76,101.78,154.84
T3,526.683,9.93,99.02,26.97,9.68,10.91,5.12,93.23,162.07,10.14,111.6,27.61,10.66,10.49,5.74,105.47,146.87
T3,527.569,10.7,94.94,28.19,10.02,11.39,5.84,96.11,163.42,10.05,103.84,25.83,9.54,9.92,5.4,100.13,149.12
T1,528.279,10.11,113.23,26.29,10.44,10.24,4.94,113.94,168.33,10.24,104.72,26.22,9.98,10.24,5.04,106.67,167.97
T1,528.774,10.17,107.49,25.02,10.8,9.76,5.35,108.43,163.62,10.13,103.94,24.92,10.82,9.54,5.52,103.03,176.04
T2,533.44,10.61,108.05,26.06,9.74,10.0,5.79,105.08,151.89,10.35,107.92,27.15,9.58,11.14,5.7,96.52,147.93
T4,533.915,11.56,104.41,28.8,9.35,10.76,4.68,105.56,157.91,11.63,97.64,25.62,10.02,10.4,5.29,100.59,161.0
T6,534.092,11.04,100.21,24.11,10.11,10.4,5.14,99.53,177.01,10.99,97.71,26.01,10.41,9.68,5.69,102.47,167.48
T9,535.021,10.52,109.35,26.94,10.53,9.88,5.08,101.7,165.64,9.98,94.65,24.32,10.74,9.39,5.23,99.63,164.66
T1,535.322,10.31,115.89,25.63,10.09,10.17,5.07,113.3,155.58,10.41,113.12,26.18,9.27,9.66,5.13,107.0,158.35
T7,535.811,9.66,105.86,28.65,9.77,9.54,5.28,97.13,171.38,9.62,99.28,26.03,10.41,10.9,4.82,99.75,161.43
T1,538.251,10.84,117.36,26.06,9.94,9.9,5.13,97.86,170.08,11.13,101.02,25.55,10.88,10.34,5.0,113.33,176.3
T10,543.622,10.29,108.71,27.92,10.74,10.61,4.89,107.0,173.16,10.03,107.47,26.33,10.66,10.24,5.16,100.67,155.84
T5,543.645,11.13,108.65,24.66,10.67,11.06,4.75,110.9,168.28,10.61,111.93,24.87,9.67,11.64,5.17,96.57,170.79
T8,543.687,9.9,109.64,24.24,11.04,10.26,5.44,108.01,148.2,11.14,114.32,28.32,10.41,10.94,4.98,110.48,146.46
T5,545.891,10.35,102.52,28.05,10.13,11.22,5.26,107.15,155.09,10.58,105.59,24.63,10.13,11.54,5.02,101.34,147.36
T5,547.553,10.11,98.41,26.14,10.75,10.33,4.72,105.04,156.9,10.66,105.09,28.51,10.79,10.89,4.98,109.76,145.88
T5,548.015,10.9,105.53,25.57,10.49,9.97,4.71,109.47,154.74,11.24,96.33,25.13,10.75,11.55,4.86,106.52,172.72
T10,551.06,10.06,113.36,27.12,10.28,10.8,4.87,102.16,150.92,10.41,100.87,26.7,9.87,10.45,5.4,100.94,155.05
T5,551.503,10.67,106.16,27.7,10.61,10.61,5.46,99.14,155.26,11.16,100.97,24.97,10.42,10.88,5.41,104.59,167.22
T9,554.821,9.97,109.63,25.86,9.86,9.72,5.48,103.79,167.46,9.91,95.62,26.91,9.26,10.12,4.91,107.47,168.45
T6,554.923,10.97,112.39,23.87,9.62,10.08,5.41,99.08,152.49,10.74,99.04,23.65,10.86,9.81,5.67,96.74,163.34
T4,555.48,10.41,96.41,28.9,9.27,11.81,5.46,100.46,163.57,11.25,106.9,28.3,9.5,11.61,5.17,107.21,164.23
T10,555.532,9.81,118.38,26.1,9.54,9.58,5.34,105.96,166.95,10.24,105.03,27.66,11.13,10.47,5.39,97.8,170.46
T8,555.726,10.3,113.24,24.45,10.47,10.79,5.08,103.4,143.99,10.24,102.07,24.93,10.09,10.14,4.89,105.77,143.55
T6,556.694,11.16,109.56,26.14,10.24,10.38,5.2,103.43,165.74,9.9,102.78,24.94,9.34,11.08,5.4,106.87,168.44
T8,556.853,11.38,107.28,25.68,10.23,10.45,5.14,108.98,168.48,10.72,107.33,25.1,11.06,9.23,5.2,105.68,143.1
T10,557.407,10.03,109.95,24.11,10.72,9.3,4.98,95.34,159.91,9.88,118.58,26.21,10.7,10.34,5.49,105.86,153.36
T2,557.516,9.53,98.26,27.92,10.93,10.58,5.69,99.53,158.58,11.05,111.39,29.0,9.9,9.55,5.19,104.45,151.87
T9,558.391,10.85,93.93,24.24,9.69,10.23,5.53,109.27,150.45,9.45,105.86,25.0,9.34,10.34,4.75,117.87,174.21
T1,558.728,10.9,113.38,26.44,10.25,10.59,5.48,109.15,157.37,10.34,112.33,26.24,9.88,10.33,5.07,113.79,175.3
T2,563.855,9.55,96.12,28.33,10.29,9.75,5.7,99.86,159.97,10.4,111.2,26.49,10.84,9.72,5.06,111.1,163.81
T4,564.216,11.62,98.31,25.84,9.56,11.16,4.68,111.92,165.44,11.76,104.31,26.83,10.57,11.25,5.06,108.1,167.53
T6,566.309,11.03,101.46,26.0,9.81,10.94,5.76,95.06,162.29,11.25,107.3,27.08,10.43,9.55,5.26,94.78,175.17
T10,567.172,10.98,101.57,25.09,10.62,9.32,5.38,109.56,171.57,11.05,113.13,24.65,10.74,10.39,5.03,108.64,161.48
T7,567.374,10.14,108.74,25.05,9.75,10.79,5.17,99.55,152.44,10.32,106.26,25.68,10.61,10.02,4.83,108.48,167.46
T5,567.395,10.33,103.62,24.42,10.2,10.9,5.21,102.34,154.89,9.85,97.07,28.22,10.39,10.46,5.16,94.43,161.48
T7,568.401,10.09,100.61,24.26,9.5,10.3,4.85,109.29,160.28,10.78,100.12,24.53,9.36,9.9,5.59,93.8,170.21
T9,569.878,9.82,93.92,25.79,9.17,10.54,4.85,100.28,170.14,9.88,111.39,23.25,10.63,10.58,4.94,115.65,152.38
T6,576.366,11.23,96.0,24.66,10.02,9.58,5.11,98.39,156.26,9.72,110.79,25.79,10.32,10.58,5.05,109.83,158.69
T2,578.273,9.67,100.44,25.95,10.21,9.9,5.77,111.09,162.6,10.26,105.33,28.63,9.96,10.86,5.3,107.16,144.35
T8,578.696,10.04,119.17,27.0,10.2,10.43,5.4,102.44,148.8,10.58,105.0,24.14,10.81,9.77,5.17,107.64,144.65
T6,578.72,11.04,106.59,23.65,9.59,10.92,5.88,107.86,168.38,9.9,96.11,24.69,9.86,9.65,5.07,94.79,164.91
T7,581.645,10.29,101.94,28.13,9.39,10.75,4.96,93.72,161.95,10.32,105.39,24.67,9.44,10.1,5.12,97.87,154.62
T5,581.768,10.59,96.76,28.02,9.52,10.48,5.36,109.97,161.09,9.8,111.63,26.78,10.01,11.44,5.34,110.05,167.35
T3,585.226,10.76,105.62,27.03,11.04,10.82,4.99,93.79,150.8,10.28,101.79,24.78,9.88,10.81,5.47,106.89,152.51
T1,585.81,10.4,111.02,26.54,10.97,10.01,5.14,103.5,166.0,11.04,102.53,25.23,10.01,10.75,5.7,113.52,149.85
T9,588.217,9.44,95.27,27.58,9.64,9.33,5.44,101.7,164.5,10.02,104.53,24.69,9.73,10.32,4.79,114.9,170.79
T10,589.778,10.13,108.4,24.64,9.63,9.81,4.79,96.2,173.2,10.61,102.55,28.11,10.71,10.69,5.36,110.94,163.86
T6,590.114,9.88,106.64,26.96,10.7,10.24,5.12,95.34,168.59,9.93,105.19,25.76,9.84,11.24,5.49,96.08,173.38
T7,591.975,10.46,115.42,27.48,9.88,9.48,5.22,97.74,163.61,9.95,105.08,24.4,9.91,9.89,5.33,104.11,152.85
T7,593.179,10.62,102.22,26.26,10.58,9.53,4.84,105.22,161.5,10.96,114.17,24.25,9.76,10.67,5.4,101.05,158.68
T7,594.096,10.98,101.37,25.86,9.58,10.2,5.21,96.05,155.12,9.33,104.54,27.01,10.24,9.91,5.13,106.94,171.05
T7,595.596,9.72,104.28,25.83,10.38,9.51,5.1,100.44,151.77,10.18,100.16,27.1,9.28,9.54,5.14,103.24,154.5
T3,595.678,9.91,108.12,26.73,9.52,11.53,5.56,101.46,159.61,9.99,99.29,27.11,11.16,10.88,4.99,103.71,150.01
T8,597.219,11.67,103.94,27.52,9.85,10.02,5.38,110.43,153.54,11.14,115.1,26.68,10.53,10.28,4.92,109.66,148.95
T9,598.746,10.87,100.74,23.76,10.65,10.12,5.28,108.87,161.22,10.21,103.99,24.31,10.33,10.52,5.06,112.87,164.59
T3,600.408,9.71,97.36,25.69,11.04,10.79,5.74,94.19,160.08,10.83,110.92,24.69,10.18,10.25,5.43,99.73,163.91
T7,600.835,10.24,104.97,27.46,9.6,10.26,4.93,100.94,155.05,10.01,109.9,27.24,9.39,10.5,4.89,101.42,165.75
T8,602.259,11.47,118.37,27.91,11.31,9.39,5.21,95.51,162.12,10.36,109.67,26.64,10.89,9.43,4.89,94.05,144.13
T6,603.598,10.3,98.89,23.38,10.78,10.62,5.59,96.74,161.13,10.29,99.2,23.06,9.38,9.97,5.41,95.59,153.29
T6,605.736,11.05,99.18,24.52,10.53,9.82,5.06,104.57,176.04,11.11,99.39,25.24,10.41,10.42,5.56,105.66,173.26
T10,606.7,10.6,100.87,27.86,10.62,9.45,4.64,95.26,175.2,10.29,100.92,27.64,9.69,9.55,4.99,95.34,163.86
T3,607.925,9.75,98.15,28.34,10.6,9.84,5.23,98.29,148.97,10.58,102.52,25.38,10.84,11.51,5.1,92.58,154.94
T6,610.066,10.13,104.6,26.13,10.33,9.88,5.22,97.6,170.61,10.63,104.81,26.83,10.58,9.93,5.39,104.31,153.99
T2,610.276,10.52,95.46,28.38,10.99,10.9,5.31,112.11,147.71,10.33,110.82,25.1,9.29,9.62,5.34,104.91,156.27
T3,610.412,10.95,109.35,28.27,10.46,10.42,5.64,103.22,159.18,9.61,110.14,25.8,10.06,10.15,5.69,102.82,153.05
T2,610.983,10.8,97.28,25.06,10.91,9.63,5.38,112.25,153.91,10.55,110.8,28.75,9.47,9.91,5.5,105.76,149.74
T2,611.136,10.44,99.82,26.49,9.54,9.71,5.76,110.05,145.43,10.5,108.27,26.58,10.02,9.81,5.21,104.5,159.54
T10,612.22,10.1,100.54,26.15,9.59,10.28,5.48,96.25,166.8,9.62,112.62,24.74,11.22,9.7,5.28,98.67,172.72
T9,612.238,9.9,107.98,25.33,10.46,10.45,5.54,104.17,175.09,9.61,107.76,25.32,10.74,10.32,5.1,118.27,174.99
T3,614.041,9.34,105.23,26.53,10.02,11.1,5.44,101.0,144.53,9.46,105.43,25.29,10.53,11.1,5.67,109.52,150.95
T6,614.923,11.23,96.53,25.38,10.03,9.65,5.61,100.12,170.51,10.06,101.75,23.95,10.33,9.82,5.58,108.56,155.91
T10,616.508,10.82,102.2,25.72,10.71,9.95,5.05,104.94,173.51,10.02,114.61,28.29,10.35,9.41,5.12,110.28,155.57
T9,616.9,9.71,103.68,24.04,10.24,9.74,4.87,107.63,158.02,10.3,107.72,26.42,9.67,9.46,5.51,99.67,168.7
T10,618.277,11.04,114.3,28.23,9.61,10.04,5.31,100.75,162.31,9.84,114.76,27.07,10.86,9.57,5.48,106.83,156.56
T9,618.413,9.6,96.56,26.48,9.7,10.77,5.16,101.2,164.5,10.14,109.89,27.1,9.92,9.29,4.81,105.33,149.42
T7,619.772,10.06,116.11,28.55,10.81,10.12,5.38,94.29,166.66,10.78,103.94,25.38,9.6,9.68,5.22,109.01,157.45
T4,620.856,11.28,93.85,26.79,10.38,11.06,4.88,97.14,161.92,11.85,94.24,28.8,9.2,10.77,4.85,97.5,167.04
T9,624.109,10.84,99.96,25.56,10.5,10.03,5.37,108.84,165.82,10.76,110.14,26.19,9.38,9.33,5.36,106.58,150.02
T3,624.27,10.8,96.61,26.06,11.07,11.57,5.81,109.05,159.04,10.43,102.17,28.02,10.01,10.99,5.56,97.31,148.66
T2,624.517,10.33,96.25,27.67,9.63,10.57,5.76,100.75,161.58,10.37,103.26,25.01,9.47,10.05,5.76,109.19,147.85
T4,625.042,10.24,95.27,27.69,10.14,10.25,4.7,103.39,165.85,10.81,102.8,28.8,10.57,10.96,4.85,110.18,156.95
T4,625.333,11.79,104.97,28.26,10.72,10.6,4.79,107.06,146.5,10.14,93.39,29.17,9.2,10.61,5.18,101.67,148.1
T4,626.232,11.48,100.43,26.83,9.43,11.16,5.13,97.9,165.83,10.36,93.42,25.08,10.6,10.46,4.92,106.18,160.96
T1,627.046,9.84,111.36,26.62,10.16,9.59,5.59,104.01,167.42,10.64,103.99,26.77,10.53,10.52,4.86,107.08,161.54
T2,627.333,9.46,110.55,28.91,10.51,9.97,5.11,101.25,151.77,10.79,103.6,25.14,10.94,11.13,5.41,100.12,164.2
T3,628.304,9.87,108.72,25.87,11.15,9.84,4.95,101.07,141.89,9.37,111.62,27.38,10.66,10.7,5.28,109.6,159.92
T4,631.334,11.12,103.18,27.54,9.86,10.09,4.96,97.82,144.74,10.52,102.67,27.48,10.42,10.58,5.42,104.33,146.5
T7,631.971,9.81,108.13,25.1,9.36,9.74,4.97,100.58,154.46,9.68,109.72,27.72,10.33,10.32,5.3,110.68,164.44
T3,632.265,10.47,96.48,28.4,11.11,10.77,5.67,98.11,146.47,10.13,102.62,25.67,10.28,11.11,5.57,108.83,143.96
T3,632.561,10.76,103.73,27.08,10.72,10.13,5.31,102.45,140.86,10.32,104.06,24.64,9.81,9.81,5.07,98.12,164.19
T10,632.603,10.8,101.89,25.82,10.26,9.54,5.28,104.08,161.0,10.83,110.62,25.26,10.55,10.42,5.34,105.76,154.45
T1,632.95,10.9,106.93,26.03,9.8,9.48,5.41,102.19,172.87,9.76,101.5,27.14,9.55,9.64,5.7,99.35,149.62
T9,633.216,10.25,104.96,25.46,9.16,9.43,4.8,109.66,149.41,10.87,102.62,24.21,10.14,10.85,4.89,105.5,173.39
T4,635.103,10.02,95.65,28.37,10.73,11.18,5.35,108.38,150.99,10.34,99.22,26.02,9.54,10.46,5.0,105.62,145.13
T2,635.434,9.79,93.99,27.67,10.13,10.0,4.98,107.29,169.03,10.78,94.27,26.01,10.18,11.02,5.36,96.52,151.0
T8,636.301,10.99,117.54,28.09,11.4,9.63,4.83,95.36,151.39,11.67,102.57,26.99,11.4,9.38,4.82,111.49,161.71
T9,636.38,10.94,98.65,26.6,9.45,10.32,4.75,111.55,157.67,9.39,109.62,26.01,10.86,10.14,5.12,112.63,173.13
T9,637.293,10.84,107.24,24.81,10.41,9.37,4.77,101.23,174.46,9.54,97.8,24.92,9.53,9.82,4.81,110.3,156.14
T9,637.986,10.09,96.06,25.02,9.85,9.59,5.16,107.04,149.79,9.35,102.65,27.18,10.17,10.78,5.12,111.9,159.19
T1,643.219,11.08,101.92,24.95,10.68,10.8,5.13,110.37,152.41,10.57,107.35,26.03,9.24,9.45,5.42,110.1,151.92
T8,644.255,11.74,114.37,26.15,11.33,9.87,5.6,108.02,164.24,9.9,101.9,27.3,10.6,10.08,4.98,94.69,161.08
T9,644.815,10.73,99.58,27.0,10.4,9.88,5.47,105.33,164.47,9.99,111.0,25.58,10.29,10.53,5.15,107.47,169.24
T1,644.93,11.36,115.54,27.38,9.98,10.58,5.27,110.91,168.79,11.24,114.39,26.8,10.7,10.83,5.37,98.75,173.84
T7,646.357,10.59,110.07,25.45,9.9,9.65,5.26,109.11,161.06,9.42,114.42,27.44,10.01,10.02,5.32,105.18,149.56
T5,647.057,10.42,109.46,24.6,10.54,10.0,4.79,109.82,164.42,10.24,107.2,26.14,10.5,10.0,5.29,108.79,170.05
T10,648.699,11.02,104.68,26.72,9.52,10.56,4.91,102.73,156.52,10.94,115.57,25.82,10.09,9.17,4.77,103.16,152.71
T10,649.659,10.23,109.01,27.96,10.47,9.9,4.79,97.95,150.1,9.89,101.3,27.18,10.99,10.02,5.04,110.91,155.37
T9,650.191,9.85,102.9,26.42,10.32,10.08,5.15,111.55,172.37,10.9,107.95,23.65,10.43,10.54,5.54,101.39,164.59
T3,650.623,9.52,101.72,25.35,10.96,11.45,5.2,104.83,160.2,9.83,107.17,28.65,11.01,10.17,4.94,105.05,147.37
T3,652.963,10.11,110.6,25.67,9.53,10.68,5.52,109.41,143.12,9.99,107.68,27.82,9.65,11.51,5.69,93.3,152.83
T6,653.146,11.29,101.63,24.38,9.7,11.2,5.6,105.48,168.57,10.83,98.65,27.08,10.38,10.95,5.69,100.38,165.05
T2,654.006,10.98,96.76,27.65,9.99,10.23,5.15,111.78,162.8,11.14,111.32,28.83,10.17,10.7,5.71,99.36,150.16
T1,654.412,10.46,101.7,24.72,9.96,9.32,5.01,109.27,171.65,11.43,104.68,24.66,9.39,10.53,4.95,103.5,156.82
T2,657.564,10.04,109.74,25.38,10.92,9.58,5.5,106.03,167.02,10.2,107.84,28.08,9.89,10.04,5.06,107.32,148.25
T3,658.28,10.43,106.11,28.31,9.8,10.09,5.82,101.97,166.85,9.97,108.78,26.57,10.34,10.94,5.36,96.98,143.81
T10,658.321,10.82,116.68,27.64,10.71,9.51,4.7,97.67,163.81,9.6,107.48,24.46,11.11,10.03,4.67,101.39,162.69
T2,659.478,10.9,100.61,28.4,10.06,10.58,5.42,101.31,145.95,10.77,98.85,28.15,9.35,10.17,5.57,110.78,169.72
T3,659.517,10.78,103.18,26.78,10.7,11.33,5.69,105.53,160.45,9.75,99.71,27.04,10.72,10.4,5.51,109.56,159.04
T3,659.617,9.45,98.07,26.18,11.21,9.91,4.99,100.94,166.47,10.83,103.6,26.78,9.95,10.95,5.14,103.0,147.08
T7,661.569,9.91,107.86,24.58,9.46,10.94,5.52,95.68,157.94,9.48,102.84,27.4,10.02,10.05,5.04,109.89,150.33
T8,669.048,11.23,116.43,26.34,11.16,10.02,5.71,102.23,144.06,11.28,103.46,27.99,11.42,9.59,5.46,94.9,161.38
T2,669.551,10.19,103.99,24.78,9.55,10.59,5.24,107.56,166.13,9.77,111.4,27.73,9.26,10.76,5.83,97.5,157.94
T3,671.283,10.39,99.06,25.96,9.52,11.36,5.51,109.55,157.96,10.32,109.81,25.76,10.77,11.03,5.19,97.84,142.4
T5,671.349,10.42,99.44,26.47,10.18,11.29,4.76,98.26,146.41,10.94,112.54,26.07,10.54,10.63,4.89,106.86,171.71
T7,676.784,10.87,107.36,26.72,10.81,10.94,5.21,98.38,151.42,10.66,117.28,26.8,9.76,10.73,5.67,99.09,159.55
T4,676.875,11.53,102.4,28.01,10.59,10.09,4.69,102.7,157.24,10.6,96.55,27.99,9.38,11.67,5.36,104.09,161.61
T6,678.086,10.18,112.76,24.16,9.52,10.03,5.32,104.82,159.06,10.37,98.09,27.08,9.56,10.01,5.63,105.28,149.91
T4,679.994,11.05,107.04,28.93,9.4,10.19,5.38,113.9,149.6,11.2,103.77,25.48,9.52,10.13,4.77,106.51,155.75
T1,680.722,10.54,112.42,25.66,10.39,10.48,5.45,99.11,175.86,10.46,116.46,23.68,10.4,10.05,5.32,102.23,156.27
T10,680.82,11.01,106.19,27.45,10.43,9.36,4.93,99.7,155.31,10.15,106.94,25.38,10.92,10.7,5.33,111.07,167.88
T2,682.981,9.79,105.61,27.67,9.29,10.43,5.03,107.84,161.71,10.64,105.32,25.27,10.87,9.79,5.08,100.74,170.9
T5,682.99,11.08,104.63,24.57,9.52,9.93,5.2,101.5,153.39,9.78,106.93,28.7,9.37,10.58,5.41,97.78,156.73
T5,683.848,10.37,96.55,24.9,9.79,10.82,5.26,109.07,170.79,9.86,113.53,27.56,9.45,11.28,4.72,97.66,171.56
T6,684.055,9.91,100.99,26.72,9.98,9.52,5.5,104.98,150.48,10.22,112.58,23.18,9.82,9.59,5.65,95.92,162.01
T7,686.65,10.24,109.81,26.9,9.44,10.27,4.9,94.44,162.39,9.98,115.26,28.38,9.84,10.62,4.85,101.08,174.27
T5,687.587,9.91,102.14,25.25,10.29,10.58,4.76,100.68,162.15,11.08,108.48,24.83,10.42,10.74,4.76,98.09,156.03
T5,689.699,10.34,98.2,27.32,11.12,10.72,4.75,104.9,153.22,9.75,104.0,26.92,10.12,10.55,5.41,109.54,152.88
T8,690.121,11.16,107.04,27.85,9.75,9.31,5.23,95.48,154.92,11.13,101.69,26.86,10.55,9.64,5.39,102.86,158.48
T7,690.287,9.37,101.61,25.42,9.44,10.71,5.58,109.0,149.93,10.36,109.59,27.25,10.64,9.44,5.08,105.46,166.84
T4,691.348,11.2,104.41,29.54,10.15,11.75,4.81,109.8,164.01,11.82,100.18,28.65,10.57,10.35,5.29,114.92,162.76
T8,691.355,11.64,115.07,26.11,10.94,10.7,5.51,103.5,163.77,10.83,114.64,27.54,11.48,10.68,5.52,109.35,158.55
T1,692.209,11.05,108.97,24.09,10.01,10.76,5.45,105.86,169.46,9.85,109.19,25.67,10.0,9.99,5.21,112.48,161.12
T10,693.288,9.81,100.4,27.63,9.53,9.98,4.81,99.42,165.97,9.73,111.16,26.67,11.18,9.81,4.78,102.43,173.89
T3,693.783,9.92,111.6,27.03,9.67,11.12,5.46,98.76,149.89,9.66,107.2,28.36,9.63,11.4,5.77,108.37,149.03
T7,694.413,10.58,107.74,27.87,10.43,10.22,5.31,101.66,167.76,9.65,109.34,24.9,9.71,10.6,5.04,106.93,176.25
T10,695.75,11.03,101.97,25.4,10.59,9.35,4.67,108.06,174.13,11.09,102.81,26.65,11.02,9.3,4.99,98.1,155.28
T8,696.017,10.03,105.56,25.56,10.61,9.35,5.62,94.04,142.08,11.56,106.44,24.83,10.41,10.65,5.5,95.34,148.84
T8,697.129,10.18,102.73,27.37,10.01,10.03,5.16,100.49,163.6,10.24,100.62,25.94,11.04,10.58,5.21,97.42,161.08
T1,697.36,11.27,104.5,24.4,9.5,9.67,5.65,113.35,156.02,11.34,104.66,26.94,10.21,10.21,5.0,101.41,155.06
T1,698.227,10.64,112.45,25.73,9.9,9.91,5.06,99.32,168.84,11.51,108.5,25.02,9.89,10.72,5.45,103.31,163.88
T9,700.215,9.73,109.68,26.46,10.37,9.33,5.5,110.94,175.0,10.25,98.85,24.65,9.36,10.42,5.39,111.05,165.48
T10,700.257,10.61,105.42,24.53,10.8,10.84,5.39,94.2,155.15,10.04,105.92,25.69,10.43,10.82,4.69,102.69,177.08
T6,701.068,9.82,102.85,23.19,9.51,9.55,5.78,109.25,177.06,10.09,101.46,23.11,9.69,10.78,5.16,107.04,164.91
T7,701.675,10.76,117.19,27.36,9.33,9.31,4.98,98.08,158.98,10.27,99.98,24.58,9.46,9.94,5.34,108.97,169.04
T9,703.71,9.7,106.68,26.63,10.31,10.14,5.52,106.91,149.94,9.56,104.73,26.3,10.32,10.08,5.3,115.87,148.85
T6,704.183,10.98,95.67,24.27,9.31,11.09,5.0,109.54,175.02,11.23,110.4,22.96,9.5,10.8,4.96,94.74,165.91
T7,704.907,10.77,116.72,24.94,10.93,9.61,5.26,107.48,154.17,9.8,107.21,26.96,9.46,10.43,5.52,100.85,153.99
T8,706.3,11.23,119.47,27.39,11.16,9.8,5.3,102.33,153.24,10.06,113.87,28.33,10.14,10.81,5.0,98.92,157.33
T8,706.45,10.04,110.13,24.51,11.24,10.43,5.57,107.22,144.49,10.57,102.07,25.04,9.82,10.89,5.35,105.96,164.24
T5,706.844,10.5,107.34,26.67,9.46,9.93,5.49,99.23,167.84,10.81,107.42,26.12,9.67,10.08,5.0,100.1,159.24
T6,706.867,11.24,108.86,24.91,10.75,10.36,4.99,111.23,160.79,10.9,102.46,23.68,10.84,10.19,5.75,108.36,152.55
T8,707.196,9.95,108.37,26.6,9.75,9.4,5.61,106.27,147.91,10.95,106.01,25.84,10.76,10.17,5.04,94.57,155.97
T1,707.61,11.13,111.02,25.59,10.87,10.36,5.29,110.53,168.31,11.45,105.69,23.81,10.28,9.63,4.82,101.2,158.58
T7,709.474,10.22,108.96,28.01,9.85,10.69,5.38,94.83,151.26,10.22,105.25,27.62,10.35,10.74,4.8,97.85,169.92
T5,710.641,10.71,96.55,25.04,9.93,10.5,4.77,104.17,156.9,10.45,111.02,24.63,10.44,11.8,4.92,97.4,166.11
T4,711.564,11.62,99.02,25.25,9.86,10.17,4.76,105.88,167.04,11.48,104.53,25.02,10.35,11.44,5.0,105.28,146.37
T1,713.104,9.77,112.2,25.02,10.24,10.31,5.5,97.19,165.42,11.23,107.68,25.04,9.35,10.75,5.38,109.51,173.85
T6,716.576,10.85,100.28,26.8,9.38,10.18,5.35,96.42,169.38,10.25,95.15,23.36,10.83,11.18,5.39,104.98,151.1
T5,717.568,10.03,100.68,27.04,10.47,11.68,5.21,106.87,146.58,10.35,107.56,26.72,10.97,11.55,5.42,98.03,148.7
T3,718.194,9.82,107.65,26.45,10.5,10.42,5.03,109.54,162.49,9.48,108.86,25.43,10.86,10.57,5.46,99.68,154.37
T4,718.293,10.77,105.09,27.62,9.2,11.73,5.14,103.12,160.2,10.05,98.38,28.5,9.48,11.85,5.12,114.27,168.24
T5,718.361,10.03,106.11,27.48,9.93,10.58,5.37,109.94,154.22,9.81,108.05,28.81,10.8,10.53,5.07,99.38,163.38
T3,718.451,9.27,98.16,24.46,11.04,11.33,5.41,99.08,149.27,10.79,94.37,24.57,10.64,11.63,5.39,109.24,157.21
T4,718.54,10.3,98.91,27.4,10.13,11.36,5.26,97.52,162.33,11.52,97.94,28.22,9.74,10.54,5.39,100.84,164.41
T6,718.77,10.08,111.12,26.11,10.77,10.77,5.46,107.04,165.59,11.45,106.64,25.28,10.83,10.62,5.69,110.37,165.18
T4,718.858,10.05,100.27,28.23,10.27,11.78,4.97,107.25,155.54,11.67,94.81,27.52,10.41,10.77,5.4,114.45,148.35
T8,718.865,9.99,108.27,24.83,10.4,10.74,4.96,104.42,163.81,10.45,101.63,24.68,11.46,10.53,5.0,99.1,164.74
T9,719.991,10.46,102.75,23.23,10.56,10.95,5.12,101.3,165.17,10.38,105.69,23.54,9.79,9.4,4.74,110.05,164.47
T7,720.252,9.49,99.81,28.46,10.51,9.97,5.18,106.72,161.78,10.69,104.8,24.92,9.24,9.27,5.67,98.93,172.25
T2,720.556,10.21,106.62,27.28,9.8,10.6,5.84,105.84,151.51,9.52,94.54,26.89,10.58,10.36,5.9,99.9,168.76
T10,720.599,9.55,117.41,24.66,11.21,9.75,5.38,108.56,161.36,10.01,117.38,25.03,10.78,10.68,5.51,94.58,176.18
T10,726.5,9.8,111.14,24.23,10.58,10.09,4.98,97.94,167.84,9.86,104.65,24.62,10.3,9.5,5.37,103.91,156.89
T5,727.103,10.37,101.25,27.49,10.66,11.4,4.82,109.27,162.66,10.57,107.33,28.4,9.92,11.14,4.82,105.9,166.59
T3,727.282,10.22,101.79,27.88,10.01,10.18,5.47,97.33,146.34,9.71,98.32,26.86,10.58,10.33,5.23,96.33,152.24
T10,728.766,10.31,109.43,24.98,9.76,10.73,5.1,99.98,158.48,10.18,104.13,24.8,11.1,9.25,4.9,110.74,152.66
T6,728.892,11.12,101.02,24.3,10.38,9.82,5.74,97.56,171.54,10.82,106.9,25.8,10.06,9.64,5.46,99.33,160.75
T4,729.053,10.98,97.02,28.52,10.72,11.35,4.7,106.5,162.86,11.38,104.38,29.48,9.79,10.9,5.43,108.4,170.8
T4,729.318,11.79,105.34,27.19,9.59,11.4,5.23,111.72,167.27,10.74,101.09,25.1,10.14,10.05,4.97,105.79,148.66
T7,730.838,9.26,116.15,25.52,9.6,10.97,5.33,100.81,173.41,9.3,117.63,25.68,9.62,10.89,4.8,94.71,169.51
T4,732.368,10.31,100.97,26.13,10.17,11.86,5.02,99.24,155.69,11.64,94.08,28.2,9.92,10.04,4.72,111.92,148.08
T4,733.815,10.22,106.96,27.57,9.36,11.2,5.26,100.33,161.92,11.66,99.5,25.19,9.6,11.77,5.2,100.62,166.72
T4,734.329,11.5,99.52,27.81,9.86,11.22,5.14,99.22,145.32,10.8,109.95,25.87,10.04,11.58,5.12,111.38,150.3
T1,734.606,10.61,106.44,24.27,10.56,10.76,5.25,102.48,176.49,10.9,102.85,26.1,9.56,9.56,4.84,101.08,175.85
T7,736.088,10.63,111.66,24.28,10.0,10.31,5.29,99.23,157.75,9.74,104.16,28.55,9.65,10.72,4.8,105.65,161.88
T4,738.542,11.45,106.57,27.82,9.21,11.4,5.47,109.96,169.72,11.22,98.67,29.03,10.81,10.75,5.19,109.1,168.43
T2,739.653,10.14,101.61,24.94,10.63,9.72,5.85,98.31,145.71,9.5,108.19,28.98,9.55,10.91,5.07,103.95,154.98
T4,741.094,10.14,99.37,28.03,10.54,11.46,4.98,108.04,168.68,11.44,104.23,28.49,9.72,11.73,5.35,114.4,152.9
T8,741.773,10.53,102.02,28.06,11.08,10.31,5.23,96.56,151.54,11.21,113.41,27.42,11.27,10.28,4.87,104.44,146.44
T2,741.931,9.84,100.3,24.77,9.37,11.28,5.86,97.36,159.36,10.35,96.77,27.91,9.85,10.45,5.73,104.97,158.58
T8,742.49,11.12,104.27,26.36,10.85,10.73,5.13,104.93,163.35,10.35,112.02,25.96,11.13,9.88,4.93,96.17,150.97
T4,744.005,11.86,108.98,25.62,10.07,10.66,4.88,114.31,164.35,11.17,94.23,25.62,10.37,11.36,5.19,105.08,166.87
T1,745.035,11.23,114.45,26.82,10.82,10.85,5.07,99.74,150.37,11.18,114.6,26.48,9.72,9.58,5.29,105.49,174.1
T8,745.107,10.88,118.22,26.55,10.87,10.85,4.93,103.5,149.38,11.13,114.08,27.26,9.81,10.59,5.67,97.87,153.46
T7,746.037,10.86,117.76,24.94,10.26,9.34,4.92,105.7,174.13,10.84,102.56,25.8,10.95,10.24,5.38,100.32,169.15
T10,747.823,10.51,109.01,27.94,9.9,10.58,5.38,97.95,149.77,9.37,102.0,27.79,10.02,10.24,4.79,94.58,155.33
T7,748.289,10.41,115.18,25.1,10.42,9.94,4.9,101.06,154.37,9.37,115.57,26.14,10.25,10.04,5.3,104.83,171.05
T8,748.813,11.54,117.53,27.02,11.1,10.63,5.49,105.78,155.59,10.98,116.42,25.42,11.49,10.13,5.51,97.51,145.02
T1,749.65,9.9,113.09,25.82,9.42,10.68,5.62,105.92,149.57,9.93,104.84,27.34,9.78,10.08,4.86,103.31,172.57
T9,749.697,9.38,111.32,26.71,9.23,10.42,5.4,112.0,163.31,9.21,105.99,24.27,9.79,9.4,5.31,117.69,166.86
T6,749.828,11.33,98.88,24.33,9.44,10.52,5.72,104.69,162.17,11.45,97.58,23.26,10.6,9.7,5.02,105.22,152.73
T2,752.536,9.82,100.14,25.74,9.29,10.87,5.09,101.14,163.34,10.26,94.45,26.14,10.09,10.68,5.35,99.96,145.68
T9,752.55,9.76,106.1,23.46,9.26,9.37,4.91,112.13,168.22,9.98,106.1,23.85,9.54,10.62,5.45,118.23,154.5
T10,754.148,9.78,118.2,24.93,10.4,10.81,5.13,109.13,150.38,9.82,105.86,25.32,9.7,9.97,5.41,96.94,166.06
T4,754.525,10.0,100.84,29.48,10.49,10.49,4.7,107.19,155.66,11.68,97.52,27.76,10.27,10.32,5.49,100.91,155.66
T3,754.651,9.61,110.86,25.15,9.65,11.14,5.84,95.04,144.5,9.89,94.47,27.67,10.34,11.32,5.67,98.47,151.36
T2,755.212,10.4,109.43,25.28,9.55,9.76,5.49,106.6,147.65,10.29,95.74,26.51,9.58,10.8,5.52,98.08,156.69
T7,756.528,9.26,111.21,26.37,9.64,10.17,5.32,107.46,172.22,10.17,115.79,24.78,9.8,10.72,5.28,107.69,150.13
T9,758.298,10.8,104.47,25.94,9.96,10.48,5.1,115.11,176.92,10.0,94.02,26.91,9.45,9.33,4.89,112.04,153.82
T6,759.289,10.38,103.65,23.53,9.91,9.58,5.17,94.05,152.56,10.63,111.61,23.79,10.84,10.68,5.56,100.0,152.07
T8,759.475,10.82,111.55,27.24,9.79,9.53,5.55,105.57,166.41,11.38,116.01,28.43,11.53,9.7,5.08,98.62,166.58
T2,761.069,10.99,101.02,27.22,9.94,10.85,5.43,103.06,145.29,9.77,94.75,25.86,9.42,11.29,5.8,98.39,164.14
T3,762.181,10.47,98.79,25.22,10.85,11.01,5.02,106.9,158.58,9.92,107.58,24.73,10.89,10.57,5.26,109.62,151.0
T9,763.27,10.07,103.89,27.48,10.28,10.86,5.12,115.65,149.94,9.74,97.69,25.5,10.72,10.78,4.74,104.13,151.38
T7,763.811,9.96,104.1,24.52,10.94,9.95,5.32,96.73,168.98,10.58,99.28,27.71,10.27,9.99,5.5,109.96,160.74
T2,764.008,9.43,106.77,27.7,10.46,11.08,5.12,110.06,169.57,11.08,109.44,29.01,9.58,10.69,5.18,97.09,169.33
T3,764.296,9.42,105.5,26.31,9.74,11.52,5.78,99.85,154.4,9.85,98.72,28.32,9.77,11.54,5.53,109.24,166.47
T1,764.759,10.97,114.64,23.67,10.36,10.58,4.98,98.7,166.48,10.79,103.24,24.19,10.28,9.31,5.34,106.68,164.83
T4,765.602,10.54,101.55,25.0,9.63,10.46,4.97,111.95,161.01,11.11,106.5,26.34,9.78,10.63,4.72,107.48,152.35
T2,765.954,9.71,95.6,24.58,9.42,9.65,5.84,101.96,145.85,10.09,94.49,26.96,9.57,10.81,5.0,97.9,154.98
T6,768.247,10.84,111.54,23.02,9.76,11.02,4.97,107.34,166.72,10.76,112.25,26.2,9.42,10.25,5.18,111.53,162.32
T5,768.358,10.45,105.53,25.57,10.31,10.14,5.34,97.31,160.96,11.03,107.89,25.32,10.41,10.8,4.94,108.97,149.99
T4,768.668,11.78,107.35,25.81,10.19,10.77,5.5,103.23,144.08,11.37,109.44,25.14,10.53,11.73,5.14,112.9,149.99
T6,769.278,10.6,111.54,26.28,10.42,11.01,5.65,99.24,161.32,10.89,96.0,26.2,10.91,11.2,5.53,94.06,153.99
T10,769.441,9.51,114.69,26.4,10.35,9.85,5.18,107.44,153.97,10.27,116.97,24.76,9.54,9.15,5.49,107.53,164.52
T6,770.852,9.82,104.27,24.48,10.59,9.83,5.04,94.2,157.92,11.04,107.63,23.98,10.59,10.49,5.72,105.25,167.02
T4,770.986,11.2,103.02,29.54,10.72,10.74,5.21,102.79,154.21,11.24,104.2,27.59,9.94,11.32,5.5,99.58,157.8
T10,775.124,9.76,103.24,24.98,10.14,10.58,5.05,94.8,161.59,9.88,118.57,25.81,10.73,9.45,4.96,101.08,149.92
T1,777.711,11.3,112.04,25.65,9.3,10.66,4.86,96.48,169.45,10.43,106.26,25.02,9.36,9.3,5.57,103.33,173.16
T7,780.827,10.97,110.38,26.58,10.07,9.92,5.59,93.55,173.41,10.29,115.18,28.32,10.2,10.97,5.01,100.94,172.91
T2,781.652,9.71,103.37,26.19,9.66,9.97,5.8,97.9,166.13,10.05,106.34,26.31,10.48,11.18,5.73,105.91,155.86
T10,782.018,10.72,118.68,26.18,11.06,9.44,5.49,105.98,161.61,10.37,102.28,28.28,10.68,9.72,4.87,100.99,161.59
T5,782.952,10.96,111.82,28.12,10.77,11.31,4.93,112.12,171.59,10.04,105.09,28.34,10.14,11.45,5.21,110.59,154.25
T5,783.356,11.16,106.15,25.75,10.96,10.19,5.39,104.2,168.54,10.25,105.12,28.16,11.04,10.35,4.79,101.27,151.3
T2,783.763,11.08,111.35,28.23,10.31,9.61,5.56,103.9,162.86,10.47,101.29,24.82,10.53,9.8,5.7,111.46,158.51
T6,785.227,10.27,103.69,26.73,10.77,10.77,5.47,104.49,155.41,9.81,102.94,24.69,10.8,10.21,5.26,98.41,150.5
T1,786.49,10.5,102.15,26.28,10.09,10.74,5.45,109.63,174.95,9.86,101.88,24.48,9.88,10.48,5.66,99.42,155.82
T6,788.869,10.27,106.03,24.03,10.08,11.2,5.33,104.77,162.55,10.61,105.28,24.25,9.73,9.69,5.38,102.54,159.55
T5,789.075,9.7,110.91,25.8,10.59,10.69,5.0,105.63,168.28,10.03,108.63,25.96,11.12,10.95,5.24,106.65,145.85
T9,789.505,10.49,100.89,25.74,10.73,10.06,5.46,102.21,174.35,9.96,97.25,27.41,9.73,10.33,4.74,117.53,173.37
T8,793.999,10.86,116.91,26.52,10.89,9.68,5.25,111.1,163.97,10.95,108.63,25.34,10.65,9.61,4.93,111.29,156.9
T6,795.242,10.99,95.67,23.99,9.42,9.84,5.86,97.84,170.41,10.81,104.77,27.09,10.16,10.21,5.74,104.49,153.65
T8,797.394,10.81,107.74,24.42,11.51,10.49,5.66,106.25,148.74,10.76,109.59,26.32,9.8,9.59,5.3,111.36,147.59
T5,799.41,10.89,107.77,26.9,10.68,10.9,5.26,108.67,165.78,10.91,111.93,26.29,10.15,10.35,5.46,104.26,147.13
T7,800.204,9.98,114.42,27.2,10.81,10.3,5.08,103.02,154.0,10.75,99.51,28.1,10.88,10.01,5.08,101.04,151.9
T7,802.828,10.63,113.38,26.56,9.54,10.44,5.15,98.55,153.51,9.31,111.37,28.76,10.24,10.24,5.01,103.37,174.13
T5,805.93,9.67,98.52,26.53,11.12,10.55,4.78,104.85,166.79,10.22,102.53,27.51,10.68,9.92,5.02,104.2,161.7
T5,808.933,10.7,107.93,27.82,10.93,10.69,5.39,109.76,150.26,11.29,109.79,25.74,10.52,10.48,5.52,100.48,151.39
T6,808.966,11.4,108.06,23.9,9.69,9.99,5.23,107.05,168.24,10.6,97.6,26.11,9.31,10.74,4.98,97.3,167.92
T3,809.069,10.58,102.6,26.83,11.21,10.62,5.8,97.03,163.6,10.61,96.27,25.91,10.63,11.2,5.02,109.55,156.16
T8,809.283,11.68,100.6,27.45,10.56,10.83,5.01,107.2,166.5,11.32,115.13,25.06,11.34,9.42,5.52,107.58,155.29
T5,809.498,10.33,96.78,26.42,10.51,10.32,4.91,107.4,173.14,11.1,101.02,27.87,10.05,10.98,4.69,98.43,146.46
T2,812.28,10.85,111.6,27.03,10.01,10.0,5.85,98.83,151.36,10.8,95.48,29.03,9.72,10.05,5.62,106.52,167.87
T3,813.419,9.33,107.5,24.61,10.9,11.52,5.6,98.81,159.7,10.7,96.67,26.06,10.59,11.27,5.28,105.37,152.65
T6,813.729,10.18,97.03,26.95,10.12,10.6,5.52,96.74,175.11,10.57,95.72,26.33,9.47,10.29,5.42,106.01,164.15
T4,814.546,11.09,100.05,28.8,9.27,11.62,4.77,100.63,167.59,10.91,100.3,26.72,9.87,10.31,4.82,101.87,162.89
T7,816.159,9.44,110.3,28.5,10.19,10.94,5.07,102.87,149.41,10.64,107.12,24.25,10.81,10.69,5.14,104.04,160.88
T9,816.302,10.42,94.78,26.72,9.22,9.66,4.77,100.45,168.7,10.9,96.25,26.91,9.92,10.37,4.88,100.88,150.79
T4,817.007,11.67,105.08,26.93,10.14,10.49,5.23,111.38,146.87,10.7,106.27,28.47,10.02,11.72,4.72,98.79,148.55
T1,817.388,11.51,99.31,24.52,9.83,10.49,5.18,112.91,156.18,10.03,101.74,26.59,10.76,9.51,5.5,97.91,176.43
T10,818.348,10.71,109.18,24.37,9.7,10.61,4.89,95.18,159.72,9.59,109.0,24.29,10.73,10.03,5.17,109.73,174.57
T6,819.676,9.83,101.32,24.27,9.54,9.78,5.6,107.23,151.21,10.61,111.77,23.8,10.44,11.24,5.56,106.29,169.42
T6,819.841,9.94,112.0,26.18,10.24,11.1,5.81,105.67,151.79,10.99,102.32,26.13,10.01,10.4,5.72,98.89,163.33
T10,820.372,9.58,102.47,24.26,10.77,10.35,5.44,100.88,150.92,10.2,110.87,26.58,9.51,9.62,5.42,109.42,162.68
T6,820.643,10.09,109.86,26.75,10.77,10.23,5.54,97.06,162.8,9.92,103.81,24.54,9.56,10.33,5.83,110.28,157.92
T3,822.33,9.32,107.89,27.06,9.79,10.63,5.29,106.48,151.91,9.54,102.38,26.39,10.9,10.52,5.16,101.72,155.83
T6,823.986,10.99,102.52,24.59,10.45,10.09,5.37,105.91,162.4,10.22,96.08,26.26,9.65,9.82,5.54,94.32,170.11
T5,825.641,10.63,105.01,24.96,10.81,11.0,5.09,102.58,155.2,10.04,105.57,24.7,10.47,10.59,5.15,106.01,159.24
T2,827.355,9.52,103.33,25.4,9.77,11.28,5.35,101.38,156.27,10.29,105.52,28.4,10.94,10.04,5.77,113.12,164.04
T4,827.462,10.04,99.34,25.81,10.01,10.32,5.35,100.53,161.11,11.65,98.62,26.1,9.34,10.94,4.94,106.09,167.51
T10,829.324,10.92,116.75,28.35,10.04,9.69,5.18,109.37,167.09,9.77,101.36,27.45,10.12,10.24,4.78,99.23,157.75
T3,829.532,10.87,109.76,26.17,9.69,9.84,5.63,108.72,152.82,10.75,94.47,26.28,11.22,10.97,5.21,99.62,143.02
T3,830.871,9.92,101.83,28.36,10.48,11.66,4.94,108.86,143.03,9.64,101.25,27.49,10.78,10.98,5.27,107.7,162.21
T1,831.12,10.24,111.19,24.64,10.78,10.6,5.59,107.42,171.49,11.26,115.98,24.62,10.09,9.74,5.73,107.43,169.35
T8,831.455,9.88,114.36,26.55,11.54,10.6,4.88,104.04,162.18,11.03,108.8,24.82,10.07,10.65,5.39,94.78,142.4
T1,835.438,10.45,110.89,24.49,10.76,10.39,4.86,98.27,166.13,10.31,112.04,26.81,9.5,9.8,5.6,101.22,161.57
T10,835.544,10.18,112.36,28.21,10.35,9.53,5.43,93.8,173.82,10.85,108.29,24.49,10.63,9.88,4.87,102.01,163.6
T5,836.676,10.78,98.1,25.97,10.7,11.17,4.84,108.6,157.98,9.66,108.52,24.83,9.5,11.38,5.19,104.22,157.4
T8,837.714,11.17,107.39,27.26,10.4,10.84,5.05,98.55,163.68,10.9,105.16,28.39,10.76,10.24,5.67,101.36,158.02
T4,843.225,10.19,94.42,26.05,10.38,10.06,4.8,103.59,151.29,10.83,109.24,27.96,10.22,11.29,4.76,111.79,163.39
T9,847.501,9.99,101.94,26.89,9.71,9.51,5.0,104.7,151.64,10.41,106.3,23.37,10.65,10.93,4.87,109.79,166.13
T1,849.828,10.64,105.44,26.77,10.33,10.64,5.39,99.71,175.13,10.24,111.49,24.08,9.35,10.75,5.08,99.21,175.79
T6,849.97,10.45,104.86,25.74,9.3,9.89,5.38,100.83,154.82,10.66,100.78,26.56,10.2,10.71,5.27,106.76,150.32
T2,850.634,10.45,104.48,28.34,10.78,10.66,5.15,97.76,151.17,10.44,96.94,26.05,10.21,10.84,5.77,112.77,146.0
T8,853.684,11.18,108.63,24.74,10.7,9.97,4.89,97.01,154.43,10.92,118.36,28.2,10.18,10.28,4.92,98.19,158.96
T3,854.425,11.0,97.08,27.39,10.84,11.53,4.99,93.32,146.34,9.3,98.1,27.02,9.77,11.12,5.35,107.35,163.8
T1,855.933,9.77,102.68,26.36,10.58,9.68,4.9,110.87,157.96,10.95,113.07,25.39,9.99,10.18,4.97,97.51,171.27
T8,856.912,11.35,111.86,24.91,11.21,9.43,4.89,104.11,154.55,11.62,118.94,26.67,10.53,10.43,4.86,102.93,158.71
T1,857.219,11.51,108.33,25.42,10.97,10.21,5.73,109.62,157.38,10.68,111.82,24.9,9.43,10.69,5.32,112.62,157.45
T4,857.451,11.17,99.0,27.98,10.36,11.02,5.18,108.46,149.02,11.01,94.42,28.65,9.32,11.53,4.85,103.73,148.1
T1,858.138,11.52,109.28,26.19,9.78,10.4,5.46,103.24,170.62,10.3,106.26,25.07,9.65,10.93,4.88,113.1,168.99
T9,860.43,9.47,103.94,25.81,10.36,9.8,4.9,99.83,158.14,10.48,106.48,26.03,10.4,10.85,4.7,111.4,160.26
T10,860.458,11.01,117.22,25.74,9.61,9.9,5.15,106.62,176.42,9.39,102.62,25.19,9.58,9.17,5.07,104.76,161.31
T5,861.572,10.1,102.7,27.64,9.39,10.97,5.01,105.0,169.35,10.92,101.72,26.17,10.39,11.56,5.26,108.25,151.18
T4,862.283,10.73,93.48,28.06,10.78,11.43,5.46,99.05,170.51,10.8,106.42,27.49,9.96,11.46,5.22,97.94,144.85
T7,862.752,10.71,113.64,25.3,10.21,9.37,4.9,110.04,173.16,9.99,99.28,25.84,9.36,10.91,5.24,98.21,155.32
T6,863.444,10.89,102.21,23.07,10.22,9.6,5.57,104.77,161.38,11.24,95.24,24.04,9.91,10.79,5.32,98.47,168.59
T2,863.862,10.13,111.07,24.44,10.92,9.93,5.89,105.43,144.83,9.86,108.45,24.99,10.93,10.76,5.08,105.08,167.7
T9,865.465,10.14,104.39,25.04,9.46,9.5,5.18,115.6,154.45,10.87,107.31,24.77,10.28,10.48,5.17,116.21,160.87
T3,869.583,9.69,99.93,28.89,9.76,10.94,5.51,100.28,144.64,10.52,107.1,28.54,11.09,10.47,5.2,99.81,158.43
T6,870.132,11.22,106.42,26.68,10.56,9.79,5.58,103.82,151.29,9.76,95.1,23.4,9.7,10.98,5.23,95.54,153.76
T9,871.503,9.63,106.76,25.78,10.08,9.34,5.56,103.08,173.17,10.94,108.08,23.9,9.26,10.85,5.44,116.26,165.64
T6,871.692,10.25,101.51,26.24,9.27,10.55,5.73,98.76,159.73,11.32,101.04,24.61,10.25,10.41,5.24,98.12,168.3
T6,871.993,9.94,102.51,22.87,10.67,10.76,5.63,106.78,153.77,10.23,110.02,24.16,10.55,11.0,5.78,98.76,154.84
T6,872.658,10.38,111.05,25.74,10.93,10.44,5.38,101.75,161.75,10.26,105.7,26.85,9.8,9.59,5.61,97.21,172.39
T3,872.691,10.71,94.94,26.9,10.7,11.67,5.36,92.56,154.77,9.54,100.54,26.04,9.92,10.93,5.18,103.71,164.61
T9,874.494,10.54,102.0,26.66,9.76,9.72,4.82,116.9,157.74,10.4,94.01,27.17,10.16,9.67,4.8,110.1,170.94
T4,874.629,10.84,105.65,26.09,9.21,10.77,5.21,105.05,152.69,11.56,104.19,25.46,9.33,11.68,5.0,98.54,164.0
T7,876.652,9.56,105.5,28.27,10.62,9.56,5.09,98.78,154.56,10.49,114.86,25.02,10.9,9.31,5.04,109.83,151.93
T8,876.732,9.88,111.42,25.84,9.76,9.46,4.91,102.83,142.34,11.28,106.61,27.01,9.82,9.58,4.98,105.68,150.62
T9,877.027,10.66,108.35,23.37,9.35,10.32,4.81,99.83,158.03,9.89,94.44,26.29,10.48,10.54,5.0,115.22,160.35
T4,880.165,10.42,98.99,26.4,10.86,11.04,4.76,103.15,147.64,11.18,102.27,28.39,10.4,11.76,5.05,102.8,151.77
T9,880.971,10.27,111.09,26.25,9.34,9.39,5.17,107.88,165.78,10.37,98.35,25.0,9.65,10.66,5.13,100.69,157.98
T9,882.476,10.42,108.02,26.71,10.16,9.4,5.51,117.82,168.57,10.36,107.53,27.47,9.46,10.85,5.14,102.6,173.46
T5,884.366,10.42,95.88,26.25,10.16,11.29,5.06,112.16,170.79,9.53,104.94,28.05,10.6,10.67,5.32,109.08,146.46
T2,884.835,10.12,111.3,28.01,10.48,10.9,5.23,111.95,169.89,10.26,103.06,26.64,10.34,11.0,5.58,111.82,148.36
T9,887.303,10.79,104.17,26.0,9.63,10.12,4.94,109.76,161.18,10.57,95.25,23.9,9.56,9.28,4.7,100.2,172.0
T5,887.672,10.15,112.41,28.52,10.02,11.2,5.39,103.75,150.3,10.33,111.6,26.04,9.75,10.06,5.39,99.38,171.82
T7,887.867,9.69,112.7,25.1,9.77,10.95,5.5,98.45,156.48,10.26,110.2,24.22,9.44,10.65,5.57,101.97,157.97
T2,888.499,10.35,97.18,26.17,10.32,10.92,5.09,101.68,145.35,10.35,106.0,24.75,10.2,10.59,5.42,103.45,147.4
T9,890.031,10.14,106.02,23.37,9.18,10.53,5.56,105.54,149.64,9.52,96.83,26.67,10.03,10.81,5.13,101.3,159.04
T10,892.754,10.96,112.78,27.97,9.59,10.0,5.06,95.25,175.86,10.51,100.16,27.97,10.94,10.17,5.41,105.83,151.93
T4,894.521,10.39,94.24,25.26,10.25,10.98,4.7,108.74,170.78,10.04,109.95,28.88,9.51,10.92,4.98,110.25,146.66
T4,894.61,10.5,102.54,28.62,9.76,10.09,5.18,98.52,144.72,10.3,103.92,25.76,10.34,11.08,4.83,97.6,163.39
T8,895.599,11.13,100.76,26.22,10.21,10.36,4.98,110.9,162.78,10.32,114.87,24.95,9.97,9.71,5.55,95.4,146.33
T9,895.756,10.13,97.46,26.6,10.66,9.96,5.36,105.54,172.61,10.28,108.15,24.45,10.62,10.46,5.25,110.29,155.72
T1,896.315,10.85,109.32,26.35,9.46,9.54,5.71,96.86,165.37,11.12,100.4,25.66,9.81,9.21,5.02,108.83,169.38
T7,897.978,10.94,103.74,24.25,9.94,9.51,5.21,104.37,173.04,9.69,101.35,28.2,10.18,9.27,4.91,105.99,172.22
T4,898.046,10.34,106.34,27.27,10.22,10.41,4.71,107.49,166.36,10.89,93.79,27.46,9.32,11.48,5.21,97.94,144.87
T6,902.008,10.02,103.24,23.99,9.46,9.67,5.76,98.71,176.53,11.17,112.25,24.93,9.95,10.73,5.24,101.44,164.91
T1,902.122,9.86,105.86,23.88,10.58,9.47,5.18,97.75,160.18,10.42,104.72,25.96,10.29,10.01,5.38,101.92,173.21
T4,902.622,11.57,95.74,29.32,9.84,11.28,5.02,108.38,147.26,11.54,94.44,25.13,9.33,11.51,4.88,106.42,161.11
T1,902.928,9.96,112.45,27.86,10.41,9.44,5.25,98.86,151.41,10.12,111.04,27.31,10.78,10.72,5.2,109.39,165.52
T3,905.223,9.28,103.26,28.64,10.57,10.07,4.96,101.44,162.69,10.86,103.09,25.01,9.94,10.63,5.8,96.84,152.07
T3,905.946,10.59,94.32,25.38,11.2,10.59,5.75,105.18,146.13,9.44,108.04,26.86,9.74,10.26,5.5,96.17,162.57
T8,907.107,10.97,102.74,27.42,10.99,9.24,5.07,101.71,144.78,10.9,102.08,24.83,9.85,9.99,5.53,95.92,164.74
T1,907.81,10.29,100.1,24.93,10.72,10.0,5.51,98.83,166.85,11.16,106.84,26.22,9.8,10.07,5.59,102.07,160.39
T2,909.077,10.11,101.29,25.57,9.98,10.99,5.73,113.17,153.1,11.02,108.71,26.56,10.0,11.09,5.17,105.85,165.82
T6,910.965,11.02,110.1,23.36,10.03,10.98,5.82,109.83,151.21,11.16,105.74,25.03,9.29,10.16,5.0,101.39,177.3
T2,911.153,9.81,108.31,25.6,10.02,11.24,5.18,102.29,163.66,9.97,102.24,26.5,10.23,10.59,5.73,113.49,161.99
T5,913.298,11.11,102.8,26.39,9.55,11.76,4.72,108.6,149.5,10.69,108.43,26.38,10.02,10.97,4.68,102.02,151.25
T5,914.124,9.93,106.6,25.74,9.55,10.15,5.2,103.58,160.06,10.13,105.4,25.97,9.85,11.42,5.12,112.26,171.5
T2,914.154,11.01,107.25,25.36,10.54,10.59,5.8,102.89,165.32,10.18,100.19,27.14,10.13,10.25,5.16,105.56,159.05
T2,914.571,10.3,96.19,28.16,9.53,9.85,5.79,96.97,161.35,10.02,108.36,27.82,10.42,10.12,5.9,104.4,151.17
T10,923.693,9.67,114.51,25.71,10.42,9.49,5.26,96.81,162.03,9.76,106.22,28.32,10.69,10.8,5.08,100.84,173.16
T1,928.758,10.25,114.66,27.81,9.44,9.86,4.93,113.58,156.33,10.64,115.7,25.19,9.48,10.64,4.93,103.64,173.44
T3,932.601,10.84,104.16,26.26,10.59,11.21,5.26,100.28,145.69,10.98,104.28,27.24,9.58,10.15,5.52,107.36,148.97
T3,939.471,10.84,104.13,28.54,9.75,10.33,5.07,106.67,153.57,10.87,99.93,25.76,9.54,10.27,5.61,107.23,151.0
T3,940.186,10.55,95.74,25.17,10.06,9.85,5.64,105.24,142.14,10.78,94.76,26.16,9.73,10.19,5.15,107.98,157.94
T10,941.692,10.2,103.87,28.32,10.21,10.42,5.06,104.38,175.9,9.95,110.37,24.83,11.2,9.41,4.83,107.13,165.81
T6,941.928,10.14,100.89,27.06,10.08,9.85,5.15,106.65,170.68,11.2,111.61,23.19,10.89,10.06,5.87,102.22,162.32
T6,943.12,10.59,110.66,23.36,10.63,10.01,5.75,97.9,155.48,10.18,102.51,23.99,10.32,10.18,5.36,95.81,176.84
T10,943.176,10.4,106.15,25.7,10.04,10.35,5.06,99.96,154.53,10.95,104.25,27.5,11.23,10.09,4.79,99.86,164.22
T8,943.623,11.7,106.56,27.55,10.8,9.66,5.06,108.07,155.93,10.7,117.02,28.52,10.09,9.65,5.6,99.4,148.95
T3,944.03,10.84,104.8,28.14,10.81,10.28,5.69,94.13,142.74,11.0,102.63,28.27,10.94,11.02,5.44,109.17,146.87
T8,945.649,10.72,106.36,26.36,9.83,9.63,4.89,100.81,142.1,10.96,105.7,24.93,10.07,10.45,5.49,109.48,155.54
T1,946.254,10.22,109.68,25.24,9.93,10.48,5.64,98.22,177.29,11.38,99.0,26.64,10.5,9.99,5.67,101.46,154.73
T6,947.434,11.04,106.41,25.05,10.08,10.45,5.01,109.88,165.65,9.73,104.4,26.85,9.56,11.15,5.73,103.65,177.2
T10,947.811,9.6,112.33,26.82,9.7,10.07,5.35,105.83,149.7,9.92,100.89,24.64,10.19,10.46,4.88,104.38,150.92
T2,949.186,9.6,95.48,28.54,10.06,10.39,5.21,106.81,156.56,10.57,103.76,25.06,10.38,10.68,5.05,96.25,151.51
T7,950.188,9.4,99.23,24.52,10.63,10.62,5.17,105.48,156.56,10.42,117.63,26.72,10.78,10.22,5.48,107.2,159.9
T2,951.556,10.82,98.73,26.52,10.51,9.97,5.85,112.6,151.19,10.34,99.86,27.11,10.24,10.91,5.13,107.35,166.2
T9,951.762,9.26,94.35,25.07,10.81,10.96,5.44,113.68,170.75,10.29,97.77,23.21,9.8,9.42,4.82,106.66,152.07
T1,951.947,10.62,100.41,24.56,9.29,10.18,4.86,110.02,166.69,10.64,101.17,25.94,10.34,10.52,5.57,97.72,153.87
T10,952.817,9.99,118.82,27.64,10.04,10.46,5.32,98.35,158.74,10.33,114.85,27.87,9.93,10.25,5.0,93.8,177.6
T8,953.077,11.46,101.39,25.08,11.52,9.69,5.09,98.6,163.37,11.73,107.33,28.25,11.31,10.14,5.23,107.42,165.53
T7,953.312,9.74,110.94,24.22,9.38,9.87,4.86,106.11,160.09,9.8,101.85,27.5,10.53,9.82,5.46,99.23,153.1
T10,953.738,9.79,112.97,24.33,9.48,9.88,5.25,99.86,154.43,10.56,108.96,25.88,10.19,10.84,5.05,94.97,162.35
T5,953.987,11.13,110.94,24.54,10.6,9.94,4.78,107.02,163.55,9.65,99.9,26.14,10.59,10.83,4.76,108.42,156.76
T5,954.092,10.23,105.03,24.7,10.9,10.16,4.97,94.52,167.56,10.96,103.5,25.59,10.56,11.7,4.86,98.96,167.17
T5,955.188,9.84,101.93,26.55,10.42,10.37,4.75,103.58,157.37,9.86,98.24,24.88,9.38,11.41,5.27,108.0,170.97
T7,955.563,10.81,100.37,27.74,10.37,10.82,5.27,97.6,162.62,10.49,106.47,27.79,9.78,10.26,4.84,101.58,149.78
T8,956.393,10.54,105.29,28.23,10.59,10.69,5.62,105.07,164.07,9.9,106.83,27.81,11.07,10.43,5.02,97.5,149.38
T8,957.148,9.95,113.45,26.92,11.38,9.86,4.89,101.78,165.15,11.37,104.93,26.46,11.3,10.25,5.55,95.62,143.99
T10,957.548,9.52,105.08,28.34,9.55,9.72,5.13,97.4,149.7,10.91,114.24,25.22,10.95,9.44,4.73,106.83,177.78
T9,957.624,9.82,99.7,26.86,10.46,10.19,4.98,115.02,163.24,9.74,100.21,26.88,10.82,9.37,5.42,109.34,159.13
T1,958.565,9.84,115.77,25.69,10.26,10.08,5.01,101.52,161.08,10.36,113.36,24.68,10.37,10.2,5.6,114.14,160.39
T9,958.642,10.46,96.4,23.57,10.57,10.03,4.72,114.59,153.35,10.14,107.88,25.56,9.28,10.39,5.09,104.49,165.55
T1,962.712,10.72,102.87,26.47,10.19,10.79,5.13,113.81,156.66,10.74,107.95,26.8,10.22,9.77,5.32,100.92,169.44
T6,966.993,10.61,99.23,24.23,9.29,10.52,5.83,111.68,152.64,10.73,102.43,25.43,10.44,9.51,5.17,98.52,154.65
T8,967.868,11.29,108.27,26.19,10.8,9.74,5.21,110.98,165.27,11.42,112.69,28.48,10.61,10.21,4.97,104.87,167.06
T9,968.103,10.72,102.39,27.51,10.83,9.35,4.87,100.88,154.5,9.91,96.21,26.04,10.4,10.89,5.11,110.11,149.62
T7,971.889,10.27,105.73,28.78,10.5,10.33,5.39,99.69,170.86,10.74,117.71,27.51,10.95,10.21,4.84,94.86,176.81
T9,973.164,9.63,104.14,24.17,9.91,10.81,4.69,102.27,165.12,10.73,97.92,25.62,9.42,10.47,4.68,110.9,149.09
T3,973.593,10.62,97.7,24.52,11.07,10.42,4.99,99.12,152.07,9.53,97.84,28.1,9.77,9.97,5.79,107.78,152.7
T9,974.374,10.65,102.65,26.75,10.63,10.12,5.03,99.83,172.11,9.52,95.47,24.69,9.46,9.93,5.21,107.48,171.59
T1,974.407,10.92,104.84,25.36,10.45,10.15,5.04,110.85,156.14,10.53,113.08,27.94,10.68,10.68,5.21,98.25,166.81
T8,975.177,10.4,105.86,27.79,11.33,10.81,5.66,107.24,159.97,11.13,113.87,24.13,10.12,10.48,5.3,105.31,142.08
T6,976.253,10.06,109.86,23.62,10.02,9.96,4.96,98.79,172.09,10.53,107.38,23.25,10.14,10.42,5.15,104.8,151.1
T8,980.431,10.28,109.41,24.61,11.55,10.57,4.89,101.26,166.68,10.85,118.74,25.48,9.77,10.74,5.34,109.48,148.2
T8,980.531,11.51,110.58,27.21,10.41,10.45,5.06,110.4,148.22,9.9,100.62,25.56,10.91,10.56,5.34,95.91,159.14
T8,985.439,10.66,109.89,27.47,11.44,9.22,5.08,104.37,160.44,11.29,114.08,24.82,10.59,10.2,5.04,97.87,153.49
T6,987.674,11.47,105.14,23.65,9.78,9.6,5.06,95.46,162.01,10.63,97.38,24.08,9.61,10.91,5.05,94.22,154.98
T6,989.947,10.59,97.38,24.68,10.69,9.84,5.72,109.24,174.94,11.14,109.96,25.81,9.93,10.18,5.81,107.21,149.87
T6,990.87,9.84,104.7,23.14,9.59,10.82,5.45,95.29,158.26,10.81,101.08,23.65,10.66,10.22,5.81,95.63,171.49
T3,991.228,9.51,108.75,25.02,11.02,9.81,5.82,98.49,153.61,11.01,102.58,27.56,10.53,11.66,5.75,93.98,144.07
T5,993.575,10.22,100.53,25.97,9.4,10.94,4.92,102.93,160.06,10.36,111.73,28.52,10.32,10.88,5.04,110.91,147.98
T10,995.942,9.68,105.08,25.24,9.96,10.17,5.32,104.24,174.25,9.66,117.86,26.19,11.08,9.35,4.74,109.04,172.18
T8,996.296,10.31,103.42,27.17,10.99,9.84,5.49,103.16,149.57,11.62,106.0,25.4,11.1,9.63,5.35,108.09,160.14
T8,996.582,10.1,115.46,27.29,10.34,10.07,5.42,109.53,156.93,11.56,116.91,25.23,10.71,9.24,5.56,108.09,165.29
T3,1000.704,10.62,100.22,27.24,9.6,11.66,5.08,107.76,151.71,10.74,106.01,26.04,10.7,10.15,4.97,101.0,163.25
T1,1002.279,9.78,101.98,26.45,9.36,9.23,5.03,111.57,176.96,10.6,110.36,27.13,10.7,10.04,5.19,102.37,155.3
T10,1002.583,9.98,109.2,24.41,10.39,10.73,4.67,95.94,173.51,9.45,116.02,28.48,9.65,10.1,5.0,95.3,151.33
T10,1010.272,10.04,110.31,27.67,10.99,10.69,5.02,108.84,156.38,9.5,100.91,27.08,9.8,9.7,5.33,101.55,153.98
T8,1012.779,9.99,115.49,28.4,10.2,9.39,5.35,103.73,155.07,10.56,100.69,27.92,10.0,9.23,5.09,106.1,152.67
T5,1013.293,10.21,103.82,27.58,10.04,10.69,5.37,108.24,155.84,10.35,111.79,28.78,10.39,10.78,4.76,98.99,157.75
T6,1016.611,9.92,95.93,24.05,9.68,10.87,5.77,104.56,173.54,10.73,102.96,26.8,10.19,10.48,4.97,105.77,155.03
T8,1017.27,11.66,108.8,27.47,10.98,9.41,5.29,100.53,151.82,10.81,118.46,24.77,10.42,9.64,5.08,111.84,148.93
T8,1017.339,10.75,112.27,25.39,11.15,10.56,5.19,106.6,157.4,11.06,100.97,26.79,9.91,10.68,5.41,99.41,165.85
T1,1017.548,10.75,112.04,25.36,10.64,10.86,4.92,104.1,174.81,9.73,100.68,26.17,9.59,9.85,5.14,106.34,173.03
T3,1018.685,10.0,94.93,28.36,9.78,10.2,5.46,108.88,141.87,9.66,104.01,24.78,10.09,10.7,5.46,96.27,141.0
T8,1020.77,10.3,107.09,26.67,10.96,9.43,5.69,108.04,152.16,10.4,109.62,25.2,10.32,10.56,5.4,104.14,151.54
T5,1022.659,10.04,98.0,25.24,10.98,9.96,5.41,106.75,150.02,10.58,101.46,27.12,9.49,11.65,5.48,107.18,166.08
T6,1025.638,11.04,112.58,25.51,9.26,10.25,5.16,98.49,176.28,10.59,106.8,26.59,10.8,9.53,5.14,109.99,151.21
T9,1026.55,9.51,107.35,24.89,9.76,10.38,5.36,104.97,175.47,9.76,104.57,27.08,9.4,9.89,4.93,103.15,149.29
T9,1031.029,9.5,109.9,27.01,9.22,10.26,5.32,101.82,163.19,9.76,101.84,24.89,9.24,10.0,5.09,105.23,153.98
T9,1033.615,10.68,96.06,24.12,9.29,9.85,5.53,109.66,176.18,10.3,98.72,27.52,9.36,10.83,5.0,111.95,153.98
T9,1035.198,10.83,110.82,27.04,10.08,9.38,4.74,104.95,172.93,9.61,101.43,25.96,9.85,10.37,5.37,109.79,155.68
T9,1037.441,9.32,95.0,26.6,9.23,9.57,5.12,106.2,155.99,10.59,100.31,27.3,10.31,9.83,4.83,106.08,168.4
T6,1041.493,10.36,95.23,25.77,10.76,10.38,5.3,107.13,171.17,10.14,112.72,23.47,9.4,10.55,5.02,99.76,165.2
T8,1044.775,10.15,101.8,27.24,9.75,10.09,5.63,111.84,156.71,11.72,101.48,23.98,10.7,10.42,5.19,97.97,151.8
T9,1052.475,10.47,107.24,24.73,9.27,9.82,5.54,112.82,158.12,9.3,105.97,24.5,10.27,9.92,4.8,107.36,174.9
T6,1055.674,11.42,108.08,24.84,9.7,10.07,5.03,104.41,153.82,9.9,112.47,24.11,10.88,9.79,5.57,109.99,150.7
T9,1056.171,9.26,108.02,26.48,10.62,10.51,4.88,109.63,175.24,10.82,104.51,26.64,10.53,9.57,4.82,112.02,169.05
T8,1059.185,9.88,112.92,27.08,10.67,10.48,4.81,106.84,160.46,10.5,117.54,24.15,11.45,9.3,5.11,102.75,151.21
T9,1059.936,9.97,110.37,26.04,10.4,9.57,5.34,110.18,163.69,9.9,100.04,25.14,9.89,10.15,5.46,112.2,176.43
T8,1063.724,10.48,103.86,27.08,10.53,10.92,4.81,96.35,163.99,10.59,109.49,27.27,11.5,10.13,5.28,105.31,159.85
T5,1066.58,10.79,105.4,24.48,9.66,10.69,4.73,96.39,168.93,9.68,104.86,26.47,9.89,10.61,4.73,95.36,147.47
T9,1076.847,10.25,101.12,26.7,10.3,9.91,4.89,101.59,168.39,9.87,94.17,23.35,10.41,10.0,5.34,116.79,171.64
T8,1077.113,10.89,114.07,26.6,9.76,10.72,5.23,106.21,158.21,10.5,115.71,24.51,10.32,10.6,4.89,111.49,160.57
T8,1077.388,11.66,106.68,28.48,9.96,9.44,5.08,102.51,165.6,11.28,102.42,25.46,11.5,10.31,5.07,100.24,161.82
T8,1080.935,11.56,102.57,26.42,11.0,10.28,5.52,94.74,166.4,11.66,101.31,26.21,9.9,9.79,5.38,111.16,151.54
T6,1081.313,10.64,97.38,24.64,10.58,10.64,5.25,109.07,176.88,11.05,105.15,23.98,10.77,10.48,5.74,102.64,155.22
T8,1081.566,11.23,111.54,26.38,11.56,9.52,5.18,102.87,161.33,11.69,116.73,24.7,9.77,10.46,4.82,102.23,164.81
T5,1083.423,10.56,99.9,28.53,9.93,10.96,5.07,109.47,173.27,10.26,106.93,25.53,10.91,10.92,5.42,96.24,156.04
T6,1084.086,10.13,111.29,25.82,9.36,10.45,5.58,99.53,158.25,9.71,106.85,23.1,10.84,10.23,5.61,106.47,177.86
T5,1091.861,9.85,108.65,28.12,10.94,11.44,5.19,97.28,164.13,10.9,112.47,25.47,9.43,10.62,5.0,109.46,170.31
T5,1096.993,10.66,104.23,28.05,9.84,11.49,4.66,110.05,166.3,10.74,101.65,28.76,9.59,11.03,4.69,103.07,150.72
T9,1099.144,10.57,101.12,26.53,10.83,10.48,5.07,102.03,165.06,10.63,97.71,24.77,10.23,10.88,5.15,108.45,169.02
T9,1102.899,10.27,106.62,23.41,10.69,10.51,5.09,117.3,162.13,9.75,97.97,26.45,10.05,9.87,5.34,103.48,173.43
T5,1103.889,9.53,99.96,27.08,10.98,11.59,4.92,104.26,170.11,10.13,109.13,26.96,10.85,11.21,4.99,106.97,160.4
T8,1105.582,11.27,108.8,27.61,9.76,10.44,5.49,105.14,143.18,10.61,105.88,24.47,11.47,9.47,5.62,105.62,147.52
T9,1106.694,9.51,96.88,27.43,10.32,10.89,5.29,100.17,151.24,9.36,109.7,27.42,10.71,10.04,4.96,111.9,160.95
T5,1109.118,11.03,102.13,28.51,10.48,10.42,5.43,111.62,153.16,9.74,96.87,24.75,10.1,10.52,5.11,106.04,154.64
T5,1109.522,10.7,110.13,26.27,10.87,10.11,5.14,101.71,162.41,9.61,103.28,28.71,10.4,11.12,5.29,111.27,168.75
T8,1114.443,9.9,107.73,28.34,11.18,9.35,5.36,94.9,147.87,10.31,108.73,24.14,11.13,9.98,5.71,111.55,163.98
T5,1116.048,9.78,105.85,25.37,10.02,10.07,5.38,109.46,157.07,10.66,108.43,25.15,10.33,10.08,4.69,99.51,171.46
T5,1120.073,10.3,97.08,26.98,10.66,10.72,5.13,104.86,157.18,10.03,104.4,25.61,10.82,10.02,5.44,97.63,156.07
T5,1121.695,10.8,107.77,27.84,10.89,11.03,5.38,102.97,155.23,10.85,106.86,28.51,10.28,10.61,4.83,104.58,167.18
T8,1122.276,11.31,102.02,25.21,10.76,10.56,4.81,107.37,153.25,9.96,106.17,26.42,10.67,10.3,5.54,94.74,162.8
T6,1129.896,11.13,103.44,23.65,10.94,10.19,5.56,109.63,175.33,10.02,102.17,23.52,9.88,10.78,5.42,99.78,159.06
T6,1134.635,11.25,103.38,24.5,10.8,10.14,5.26,109.1,160.26,9.99,112.89,24.55,9.63,9.66,4.99,95.93,153.52
T9,1136.47,10.76,107.25,25.68,9.74,10.42,4.82,112.55,149.62,10.76,97.1,27.15,10.13,10.68,4.96,105.52,173.21
T6,1143.232,9.81,103.07,23.87,9.96,9.6,5.81,97.67,164.02,11.11,100.55,25.65,9.66,10.78,5.22,94.44,177.87
T5,1145.723,11.01,108.35,24.97,10.14,11.23,4.99,108.97,169.1,11.27,98.43,27.77,10.04,11.28,5.09,99.52,168.28
T5,1153.541,10.31,112.54,26.61,10.65,10.86,4.94,95.91,147.36,9.55,111.73,25.67,10.7,11.05,4.77,101.24,146.29
T5,1164.374,10.38,106.02,25.48,9.75,11.28,4.75,97.74,157.6,10.11,111.33,28.77,9.94,10.5,5.29,99.52,166.9
T5,1190.746,9.62,106.16,24.49,9.89,11.52,5.15,101.91,171.58,10.11,108.92,28.76,9.7,10.61,4.93,107.15,166.11
T5,1194.425,9.94,103.85,28.38,9.81,11.36,5.53,97.18,147.99,10.63,102.04,26.8,10.74,10.07,5.35,101.69,163.73
T5,1202.052,9.8,104.68,25.66,10.34,10.2,4.99,106.54,149.5,10.19,109.79,24.63,9.76,11.34,4.9,102.01,147.61
T5,1206.781,9.83,106.17,26.14,9.7,11.64,4.95,109.47,172.13,10.66,108.43,28.71,9.51,11.02,5.47,104.63,147.16
T5,1208.429,9.79,112.04,25.5,10.67,10.9,5.06,94.92,148.75,9.98,96.8,25.35,10.17,11.4,5.35,105.39,157.98
T5,1219.037,10.89,96.07,26.19,9.98,10.48,5.0,112.04,166.2,10.64,95.63,28.12,10.68,11.48,5.48,106.52,171.51
T5,1227.213,10.79,100.01,25.16,10.39,9.93,5.39,98.28,156.75,11.18,106.16,28.05,9.93,11.78,5.48,101.51,155.79
