id,type,urgency,status,assigned_machine,arrival_time,execution_time,energy_usage,start_time,completion_time,missed_time,deadline,extended_deadline
0,T6,BESTEFFORT,MISSED,m1-1,0.012,"{'m1-1': 110.6, 'm2-1': 1.01, 'm3-1': 10.12, 'm4-1': 25.29, 'm5-1': 10.64, 'm6-1': 26.9, 'm7-1': 10.68, 'm8-1': 10.98}",165.0,0.012,inf,110.012,110.012,110.012
1,T4,BESTEFFORT,COMPLETED,m2-1,0.033,"{'m1-1': 101.93, 'm2-1': 1.14, 'm3-1': 10.49, 'm4-1': 26.18, 'm5-1': 9.75, 'm6-1': 24.56, 'm7-1': 10.28, 'm8-1': 10.95}",1.71,0.033,1.1729999999999998,inf,110.033,110.033
2,T7,BESTEFFORT,COMPLETED,m3-1,0.062,"{'m1-1': 111.9, 'm2-1': 1.0, 'm3-1': 9.86, 'm4-1': 25.14, 'm5-1': 10.3, 'm6-1': 25.51, 'm7-1': 10.34, 'm8-1': 9.68}",14.79,0.062,9.921999999999999,inf,110.062,110.062
3,T6,BESTEFFORT,COMPLETED,m4-1,0.193,"{'m1-1': 111.35, 'm2-1': 1.06, 'm3-1': 10.4, 'm4-1': 27.63, 'm5-1': 10.07, 'm6-1': 24.76, 'm7-1': 10.84, 'm8-1': 9.61}",41.445,0.193,27.823,inf,110.193,110.193
4,T5,BESTEFFORT,COMPLETED,m5-1,0.343,"{'m1-1': 103.18, 'm2-1': 1.11, 'm3-1': 10.02, 'm4-1': 28.73, 'm5-1': 10.39, 'm6-1': 26.46, 'm7-1': 10.04, 'm8-1': 10.22}",15.585,0.343,10.733,inf,110.343,110.343
5,T3,BESTEFFORT,COMPLETED,m6-1,0.368,"{'m1-1': 99.07, 'm2-1': 1.02, 'm3-1': 9.76, 'm4-1': 26.38, 'm5-1': 10.69, 'm6-1': 27.94, 'm7-1': 10.67, 'm8-1': 10.45}",41.910000000000004,0.368,28.308,inf,110.368,110.368
6,T7,BESTEFFORT,COMPLETED,m7-1,0.396,"{'m1-1': 110.56, 'm2-1': 0.98, 'm3-1': 10.2, 'm4-1': 25.9, 'm5-1': 11.25, 'm6-1': 28.54, 'm7-1': 10.39, 'm8-1': 10.73}",15.585,0.396,10.786000000000001,inf,110.396,110.396
7,T5,BESTEFFORT,COMPLETED,m8-1,0.465,"{'m1-1': 102.66, 'm2-1': 0.97, 'm3-1': 10.18, 'm4-1': 24.93, 'm5-1': 9.78, 'm6-1': 24.37, 'm7-1': 10.1, 'm8-1': 11.03}",16.544999999999998,0.465,11.495,inf,110.465,110.465
8,T9,BESTEFFORT,MISSED,m1-1,0.485,"{'m1-1': 108.34, 'm2-1': 0.99, 'm3-1': 9.81, 'm4-1': 27.52, 'm5-1': 9.32, 'm6-1': 25.89, 'm7-1': 9.64, 'm8-1': 10.47}",0.7094999999999985,110.012,inf,110.485,110.485,110.485
9,T4,BESTEFFORT,COMPLETED,m2-1,0.56,"{'m1-1': 97.66, 'm2-1': 1.06, 'm3-1': 10.45, 'm4-1': 27.54, 'm5-1': 9.64, 'm6-1': 25.4, 'm7-1': 9.64, 'm8-1': 10.8}",1.59,1.1729999999999998,2.2329999999999997,inf,110.56,110.56
10,T2,BESTEFFORT,COMPLETED,m3-1,0.707,"{'m1-1': 108.97, 'm2-1': 1.11, 'm3-1': 9.86, 'm4-1': 25.86, 'm5-1': 10.61, 'm6-1': 27.14, 'm7-1': 10.65, 'm8-1': 9.58}",14.79,9.921999999999999,19.781999999999996,inf,110.707,110.707
11,T10,BESTEFFORT,COMPLETED,m4-1,0.712,"{'m1-1': 95.81, 'm2-1': 1.01, 'm3-1': 9.34, 'm4-1': 24.46, 'm5-1': 9.84, 'm6-1': 24.77, 'm7-1': 10.1, 'm8-1': 10.1}",36.69,27.823,52.283,inf,110.712,110.712
12,T9,BESTEFFORT,COMPLETED,m5-1,0.741,"{'m1-1': 111.7, 'm2-1': 1.04, 'm3-1': 9.28, 'm4-1': 28.33, 'm5-1': 10.52, 'm6-1': 24.6, 'm7-1': 10.69, 'm8-1': 10.18}",15.78,10.733,21.253,inf,110.741,110.741
13,T9,BESTEFFORT,COMPLETED,m6-1,0.923,"{'m1-1': 96.06, 'm2-1': 0.98, 'm3-1': 9.42, 'm4-1': 25.36, 'm5-1': 9.93, 'm6-1': 24.48, 'm7-1': 9.81, 'm8-1': 9.67}",36.72,28.308,52.788,inf,110.923,110.923
14,T2,BESTEFFORT,COMPLETED,m7-1,1.098,"{'m1-1': 116.69, 'm2-1': 1.01, 'm3-1': 10.53, 'm4-1': 26.2, 'm5-1': 9.91, 'm6-1': 27.18, 'm7-1': 11.57, 'm8-1': 10.51}",17.355,10.786000000000001,22.356,inf,111.098,111.098
15,T4,BESTEFFORT,COMPLETED,m8-1,1.126,"{'m1-1': 108.42, 'm2-1': 1.1, 'm3-1': 11.35, 'm4-1': 27.18, 'm5-1': 9.91, 'm6-1': 26.54, 'm7-1': 10.93, 'm8-1': 10.58}",15.870000000000001,11.495,22.075,inf,111.126,111.126
16,T8,BESTEFFORT,MISSED,m1-1,1.172,"{'m1-1': 112.35, 'm2-1': 1.09, 'm3-1': 10.46, 'm4-1': 26.5, 'm5-1': 10.41, 'm6-1': 27.37, 'm7-1': 10.01, 'm8-1': 10.51}",1.0304999999999964,110.485,inf,111.172,111.172,111.172
17,T3,BESTEFFORT,COMPLETED,m2-1,1.437,"{'m1-1': 104.94, 'm2-1': 0.99, 'm3-1': 10.39, 'm4-1': 27.95, 'm5-1': 11.59, 'm6-1': 27.67, 'm7-1': 10.71, 'm8-1': 10.91}",1.4849999999999999,2.2329999999999997,3.223,inf,111.437,111.437
18,T1,BESTEFFORT,COMPLETED,m2-1,1.481,"{'m1-1': 100.3, 'm2-1': 0.97, 'm3-1': 10.54, 'm4-1': 27.68, 'm5-1': 10.23, 'm6-1': 26.46, 'm7-1': 9.71, 'm8-1': 10.05}",1.455,3.223,4.193,inf,111.481,111.481
19,T5,BESTEFFORT,COMPLETED,m3-1,1.641,"{'m1-1': 101.39, 'm2-1': 1.07, 'm3-1': 10.85, 'm4-1': 25.98, 'm5-1': 10.03, 'm6-1': 26.9, 'm7-1': 11.09, 'm8-1': 11.03}",16.275,19.781999999999996,30.631999999999998,inf,111.641,111.641
20,T10,BESTEFFORT,COMPLETED,m4-1,1.967,"{'m1-1': 111.09, 'm2-1': 1.03, 'm3-1': 10.08, 'm4-1': 24.69, 'm5-1': 10.34, 'm6-1': 28.55, 'm7-1': 10.86, 'm8-1': 10.8}",37.035000000000004,52.283,76.973,inf,111.967,111.967
21,T5,BESTEFFORT,COMPLETED,m5-1,1.978,"{'m1-1': 104.24, 'm2-1': 1.07, 'm3-1': 10.1, 'm4-1': 27.7, 'm5-1': 10.62, 'm6-1': 25.94, 'm7-1': 11.18, 'm8-1': 9.75}",15.93,21.253,31.872999999999998,inf,111.978,111.978
22,T9,BESTEFFORT,COMPLETED,m6-1,2.223,"{'m1-1': 108.88, 'm2-1': 1.04, 'm3-1': 10.2, 'm4-1': 28.61, 'm5-1': 9.76, 'm6-1': 27.7, 'm7-1': 10.02, 'm8-1': 10.01}",41.55,52.788,80.488,inf,112.223,112.223
23,T3,BESTEFFORT,COMPLETED,m2-1,2.282,"{'m1-1': 99.9, 'm2-1': 1.1, 'm3-1': 9.92, 'm4-1': 26.29, 'm5-1': 10.34, 'm6-1': 25.08, 'm7-1': 10.81, 'm8-1': 10.4}",1.6500000000000001,4.193,5.292999999999999,inf,112.282,112.282
24,T10,BESTEFFORT,COMPLETED,m7-1,2.298,"{'m1-1': 97.28, 'm2-1': 1.07, 'm3-1': 10.3, 'm4-1': 26.52, 'm5-1': 9.39, 'm6-1': 27.83, 'm7-1': 9.39, 'm8-1': 11.04}",14.085,22.356,31.746000000000002,inf,112.298,112.298
25,T9,BESTEFFORT,COMPLETED,m8-1,2.497,"{'m1-1': 110.54, 'm2-1': 1.09, 'm3-1': 10.82, 'm4-1': 25.25, 'm5-1': 10.71, 'm6-1': 27.5, 'm7-1': 9.5, 'm8-1': 10.04}",15.059999999999999,22.075,32.114999999999995,inf,112.497,112.497
26,T10,BESTEFFORT,MISSED,m1-1,2.628,"{'m1-1': 102.72, 'm2-1': 1.05, 'm3-1': 9.59, 'm4-1': 25.7, 'm5-1': 10.13, 'm6-1': 27.15, 'm7-1': 10.04, 'm8-1': 9.55}",2.1840000000000046,111.172,inf,112.628,112.628,112.628
27,T8,BESTEFFORT,COMPLETED,m2-1,2.633,"{'m1-1': 101.08, 'm2-1': 1.03, 'm3-1': 10.46, 'm4-1': 25.97, 'm5-1': 10.97, 'm6-1': 24.81, 'm7-1': 10.73, 'm8-1': 10.4}",1.545,5.292999999999999,6.3229999999999995,inf,112.633,112.633
28,T4,BESTEFFORT,COMPLETED,m3-1,2.895,"{'m1-1': 97.66, 'm2-1': 1.05, 'm3-1': 10.5, 'm4-1': 26.13, 'm5-1': 10.96, 'm6-1': 26.47, 'm7-1': 9.51, 'm8-1': 11.87}",15.75,30.631999999999998,41.132,inf,112.895,112.895
29,T8,BESTEFFORT,COMPLETED,m4-1,2.935,"{'m1-1': 110.07, 'm2-1': 1.07, 'm3-1': 10.14, 'm4-1': 23.49, 'm5-1': 11.37, 'm6-1': 24.34, 'm7-1': 9.92, 'm8-1': 10.56}",35.235,76.973,100.463,inf,112.935,112.935
30,T10,BESTEFFORT,COMPLETED,m5-1,3.135,"{'m1-1': 109.37, 'm2-1': 1.12, 'm3-1': 9.9, 'm4-1': 23.8, 'm5-1': 10.84, 'm6-1': 27.4, 'm7-1': 10.84, 'm8-1': 9.49}",16.259999999999998,31.872999999999998,42.712999999999994,inf,113.135,113.135
31,T3,BESTEFFORT,COMPLETED,m2-1,3.35,"{'m1-1': 108.24, 'm2-1': 1.11, 'm3-1': 10.64, 'm4-1': 27.87, 'm5-1': 10.22, 'm6-1': 25.2, 'm7-1': 11.27, 'm8-1': 11.54}",1.665,6.3229999999999995,7.433,inf,113.35,113.35
32,T7,BESTEFFORT,COMPLETED,m6-1,3.381,"{'m1-1': 109.31, 'm2-1': 1.0, 'm3-1': 9.49, 'm4-1': 26.32, 'm5-1': 11.13, 'm6-1': 27.73, 'm7-1': 10.68, 'm8-1': 9.42}",41.595,80.488,108.218,inf,113.381,113.381
33,T9,BESTEFFORT,COMPLETED,m7-1,3.45,"{'m1-1': 95.81, 'm2-1': 1.09, 'm3-1': 10.47, 'm4-1': 25.99, 'm5-1': 10.52, 'm6-1': 26.36, 'm7-1': 10.22, 'm8-1': 10.58}",15.330000000000002,31.746000000000002,41.966,inf,113.45,113.45
34,T4,BESTEFFORT,COMPLETED,m8-1,3.473,"{'m1-1': 98.18, 'm2-1': 1.12, 'm3-1': 11.87, 'm4-1': 26.8, 'm5-1': 10.2, 'm6-1': 24.77, 'm7-1': 9.32, 'm8-1': 10.36}",15.54,32.114999999999995,42.474999999999994,inf,113.473,113.473
35,T10,BESTEFFORT,MISSED,m1-1,3.563,"{'m1-1': 107.59, 'm2-1': 0.98, 'm3-1': 10.79, 'm4-1': 27.35, 'm5-1': 10.57, 'm6-1': 28.48, 'm7-1': 10.72, 'm8-1': 10.45}",1.4025000000000034,112.628,inf,113.563,113.563,113.563
36,T1,BESTEFFORT,COMPLETED,m2-1,3.598,"{'m1-1': 102.47, 'm2-1': 0.98, 'm3-1': 9.34, 'm4-1': 27.9, 'm5-1': 11.14, 'm6-1': 28.22, 'm7-1': 9.57, 'm8-1': 10.71}",1.47,7.433,8.413,inf,113.598,113.598
37,T4,BESTEFFORT,COMPLETED,m3-1,3.755,"{'m1-1': 109.91, 'm2-1': 1.09, 'm3-1': 11.36, 'm4-1': 24.75, 'm5-1': 10.4, 'm6-1': 23.54, 'm7-1': 10.88, 'm8-1': 10.67}",17.04,41.132,52.492,inf,113.755,113.755
38,T3,BESTEFFORT,MISSED,m4-1,3.956,"{'m1-1': 100.5, 'm2-1': 1.04, 'm3-1': 10.45, 'm4-1': 28.34, 'm5-1': 11.64, 'm6-1': 28.35, 'm7-1': 10.78, 'm8-1': 10.32}",20.239500000000014,100.463,inf,113.956,113.956,113.956
39,T9,BESTEFFORT,COMPLETED,m5-1,3.958,"{'m1-1': 102.34, 'm2-1': 1.06, 'm3-1': 9.38, 'm4-1': 26.93, 'm5-1': 9.92, 'm6-1': 27.55, 'm7-1': 10.55, 'm8-1': 9.9}",14.879999999999999,42.712999999999994,52.632999999999996,inf,113.958,113.958
40,T2,BESTEFFORT,MISSED,m6-1,3.978,"{'m1-1': 102.95, 'm2-1': 1.1, 'm3-1': 9.91, 'm4-1': 26.55, 'm5-1': 10.06, 'm6-1': 24.18, 'm7-1': 11.82, 'm8-1': 10.79}",8.639999999999986,108.218,inf,113.978,113.978,113.978
41,T2,BESTEFFORT,COMPLETED,m2-1,4.237,"{'m1-1': 117.74, 'm2-1': 0.99, 'm3-1': 10.53, 'm4-1': 27.12, 'm5-1': 9.69, 'm6-1': 24.45, 'm7-1': 10.86, 'm8-1': 10.51}",1.4849999999999999,8.413,9.403,inf,114.237,114.237
42,T7,BESTEFFORT,COMPLETED,m7-1,4.358,"{'m1-1': 96.46, 'm2-1': 0.95, 'm3-1': 9.9, 'm4-1': 27.72, 'm5-1': 11.24, 'm6-1': 28.55, 'm7-1': 10.38, 'm8-1': 10.01}",15.57,41.966,52.346000000000004,inf,114.358,114.358
43,T3,BESTEFFORT,COMPLETED,m8-1,4.378,"{'m1-1': 97.64, 'm2-1': 1.06, 'm3-1': 9.76, 'm4-1': 26.7, 'm5-1': 11.77, 'm6-1': 26.36, 'm7-1': 10.25, 'm8-1': 11.23}",16.845,42.474999999999994,53.705,inf,114.378,114.378
44,T8,BESTEFFORT,MISSED,m1-1,4.498,"{'m1-1': 109.21, 'm2-1': 1.06, 'm3-1': 9.6, 'm4-1': 25.83, 'm5-1': 11.12, 'm6-1': 26.76, 'm7-1': 9.99, 'm8-1': 10.31}",1.4025000000000034,113.563,inf,114.498,114.498,114.498
45,T4,BESTEFFORT,COMPLETED,m2-1,4.499,"{'m1-1': 111.5, 'm2-1': 1.14, 'm3-1': 10.41, 'm4-1': 27.17, 'm5-1': 10.91, 'm6-1': 27.19, 'm7-1': 10.17, 'm8-1': 10.89}",1.71,9.403,10.543000000000001,inf,114.499,114.499
46,T10,BESTEFFORT,COMPLETED,m3-1,4.535,"{'m1-1': 96.62, 'm2-1': 1.11, 'm3-1': 9.96, 'm4-1': 27.81, 'm5-1': 10.86, 'm6-1': 26.34, 'm7-1': 10.18, 'm8-1': 9.72}",14.940000000000001,52.492,62.452,inf,114.535,114.535
47,T5,BESTEFFORT,MISSED,m4-1,4.601,"{'m1-1': 109.62, 'm2-1': 1.13, 'm3-1': 9.66, 'm4-1': 27.02, 'm5-1': 10.34, 'm6-1': 26.93, 'm7-1': 10.19, 'm8-1': 10.84}",0.967499999999994,113.956,inf,114.601,114.601,114.601
48,T6,BESTEFFORT,COMPLETED,m5-1,4.771,"{'m1-1': 113.44, 'm2-1': 1.11, 'm3-1': 10.9, 'm4-1': 28.29, 'm5-1': 10.19, 'm6-1': 26.66, 'm7-1': 10.73, 'm8-1': 10.84}",15.285,52.632999999999996,62.82299999999999,inf,114.771,114.771
49,T1,BESTEFFORT,MISSED,m6-1,4.82,"{'m1-1': 108.87, 'm2-1': 1.02, 'm3-1': 9.6, 'm4-1': 28.08, 'm5-1': 9.8, 'm6-1': 29.06, 'm7-1': 10.13, 'm8-1': 10.37}",1.2629999999999981,113.978,inf,114.82,114.82,114.82
50,T3,BESTEFFORT,COMPLETED,m7-1,4.898,"{'m1-1': 110.56, 'm2-1': 1.13, 'm3-1': 10.47, 'm4-1': 29.31, 'm5-1': 10.84, 'm6-1': 26.67, 'm7-1': 10.63, 'm8-1': 11.51}",15.945,52.346000000000004,62.976000000000006,inf,114.898,114.898
51,T3,BESTEFFORT,COMPLETED,m8-1,4.9,"{'m1-1': 108.94, 'm2-1': 1.12, 'm3-1': 9.2, 'm4-1': 25.53, 'm5-1': 10.1, 'm6-1': 26.2, 'm7-1': 10.84, 'm8-1': 11.33}",16.995,53.705,65.035,inf,114.9,114.9
52,T1,BESTEFFORT,MISSED,m1-1,4.902,"{'m1-1': 102.49, 'm2-1': 0.97, 'm3-1': 10.17, 'm4-1': 27.93, 'm5-1': 9.96, 'm6-1': 28.7, 'm7-1': 10.06, 'm8-1': 10.47}",0.6059999999999945,114.498,inf,114.902,114.902,114.902
53,T7,BESTEFFORT,COMPLETED,m2-1,5.053,"{'m1-1': 112.5, 'm2-1': 0.96, 'm3-1': 9.43, 'm4-1': 26.24, 'm5-1': 11.37, 'm6-1': 25.8, 'm7-1': 11.06, 'm8-1': 9.32}",1.44,10.543000000000001,11.503,inf,115.053,115.053
54,T1,BESTEFFORT,COMPLETED,m3-1,5.201,"{'m1-1': 98.57, 'm2-1': 1.0, 'm3-1': 9.42, 'm4-1': 25.92, 'm5-1': 10.55, 'm6-1': 27.25, 'm7-1': 9.82, 'm8-1': 9.93}",14.129999999999999,62.452,71.872,inf,115.201,115.201
55,T1,BESTEFFORT,MISSED,m4-1,5.207,"{'m1-1': 109.98, 'm2-1': 0.97, 'm3-1': 9.59, 'm4-1': 25.29, 'm5-1': 10.34, 'm6-1': 26.8, 'm7-1': 10.9, 'm8-1': 10.38}",0.9089999999999918,114.601,inf,115.207,115.207,115.207
56,T9,BESTEFFORT,COMPLETED,m2-1,5.549,"{'m1-1': 106.66, 'm2-1': 0.96, 'm3-1': 10.77, 'm4-1': 26.15, 'm5-1': 10.43, 'm6-1': 26.7, 'm7-1': 10.8, 'm8-1': 10.82}",1.44,11.503,12.463000000000001,inf,115.549,115.549
57,T2,BESTEFFORT,COMPLETED,m5-1,5.716,"{'m1-1': 104.84, 'm2-1': 1.16, 'm3-1': 10.92, 'm4-1': 26.7, 'm5-1': 9.7, 'm6-1': 24.34, 'm7-1': 10.2, 'm8-1': 10.58}",14.549999999999999,62.82299999999999,72.523,inf,115.716,115.716
58,T9,BESTEFFORT,MISSED,m6-1,5.739,"{'m1-1': 96.06, 'm2-1': 0.98, 'm3-1': 10.74, 'm4-1': 26.83, 'm5-1': 9.48, 'm6-1': 25.66, 'm7-1': 11.22, 'm8-1': 10.46}",1.3785000000000167,114.82,inf,115.739,115.739,115.739
59,T6,BESTEFFORT,COMPLETED,m7-1,5.827,"{'m1-1': 114.17, 'm2-1': 1.03, 'm3-1': 11.39, 'm4-1': 26.6, 'm5-1': 9.63, 'm6-1': 25.33, 'm7-1': 10.22, 'm8-1': 10.11}",15.330000000000002,62.976000000000006,73.19600000000001,inf,115.827,115.827
60,T3,BESTEFFORT,COMPLETED,m8-1,5.845,"{'m1-1': 97.92, 'm2-1': 1.1, 'm3-1': 9.56, 'm4-1': 29.27, 'm5-1': 10.04, 'm6-1': 25.47, 'm7-1': 11.57, 'm8-1': 10.45}",15.674999999999999,65.035,75.485,inf,115.845,115.845
61,T8,BESTEFFORT,MISSED,m1-1,5.986,"{'m1-1': 99.86, 'm2-1': 1.11, 'm3-1': 10.79, 'm4-1': 24.1, 'm5-1': 10.28, 'm6-1': 27.86, 'm7-1': 10.82, 'm8-1': 10.07}",1.6260000000000048,114.902,inf,115.986,115.986,115.986
62,T6,BESTEFFORT,COMPLETED,m2-1,6.196,"{'m1-1': 113.73, 'm2-1': 0.95, 'm3-1': 10.42, 'm4-1': 28.65, 'm5-1': 10.07, 'm6-1': 26.11, 'm7-1': 10.55, 'm8-1': 10.07}",1.4249999999999998,12.463000000000001,13.413,inf,116.196,116.196
63,T4,BESTEFFORT,COMPLETED,m3-1,6.201,"{'m1-1': 109.46, 'm2-1': 1.14, 'm3-1': 11.02, 'm4-1': 24.76, 'm5-1': 10.71, 'm6-1': 26.3, 'm7-1': 9.9, 'm8-1': 11.86}",16.53,71.872,82.892,inf,116.201,116.201
64,T9,BESTEFFORT,COMPLETED,m2-1,6.326,"{'m1-1': 99.55, 'm2-1': 0.95, 'm3-1': 10.23, 'm4-1': 28.35, 'm5-1': 10.08, 'm6-1': 24.74, 'm7-1': 10.13, 'm8-1': 10.08}",1.4249999999999998,13.413,14.363,inf,116.326,116.326
65,T2,BESTEFFORT,MISSED,m4-1,6.34,"{'m1-1': 108.84, 'm2-1': 1.14, 'm3-1': 10.94, 'm4-1': 27.2, 'm5-1': 11.12, 'm6-1': 27.69, 'm7-1': 11.07, 'm8-1': 9.69}",1.6995000000000147,115.207,inf,116.34,116.34,116.34
66,T4,BESTEFFORT,COMPLETED,m5-1,6.368,"{'m1-1': 105.4, 'm2-1': 1.14, 'm3-1': 10.39, 'm4-1': 28.4, 'm5-1': 9.96, 'm6-1': 27.21, 'm7-1': 11.07, 'm8-1': 10.01}",14.940000000000001,72.523,82.483,inf,116.368,116.368
67,T3,BESTEFFORT,MISSED,m6-1,6.695,"{'m1-1': 93.54, 'm2-1': 1.16, 'm3-1': 10.66, 'm4-1': 25.23, 'm5-1': 11.7, 'm6-1': 24.08, 'm7-1': 10.08, 'm8-1': 11.39}",1.4339999999999833,115.739,inf,116.695,116.695,116.695
68,T3,BESTEFFORT,COMPLETED,m7-1,6.954,"{'m1-1': 99.25, 'm2-1': 1.04, 'm3-1': 9.69, 'm4-1': 28.93, 'm5-1': 10.39, 'm6-1': 26.47, 'm7-1': 11.14, 'm8-1': 10.57}",16.71,73.19600000000001,84.33600000000001,inf,116.954,116.954
69,T9,BESTEFFORT,COMPLETED,m8-1,7.022,"{'m1-1': 104.86, 'm2-1': 1.06, 'm3-1': 10.24, 'm4-1': 26.57, 'm5-1': 9.98, 'm6-1': 24.58, 'm7-1': 9.94, 'm8-1': 10.69}",16.035,75.485,86.175,inf,117.022,117.022
70,T5,BESTEFFORT,MISSED,m1-1,7.267,"{'m1-1': 111.68, 'm2-1': 1.09, 'm3-1': 10.98, 'm4-1': 27.98, 'm5-1': 10.89, 'm6-1': 25.2, 'm7-1': 9.5, 'm8-1': 10.8}",1.9214999999999876,115.986,inf,117.267,117.267,117.267
71,T5,BESTEFFORT,COMPLETED,m2-1,7.493,"{'m1-1': 107.48, 'm2-1': 0.96, 'm3-1': 10.01, 'm4-1': 24.54, 'm5-1': 10.69, 'm6-1': 24.4, 'm7-1': 11.0, 'm8-1': 10.25}",1.44,14.363,15.323,inf,117.493,117.493
72,T7,BESTEFFORT,COMPLETED,m2-1,7.765,"{'m1-1': 98.82, 'm2-1': 1.05, 'm3-1': 9.33, 'm4-1': 24.63, 'm5-1': 11.37, 'm6-1': 26.81, 'm7-1': 11.02, 'm8-1': 10.47}",1.5750000000000002,15.323,16.373,inf,117.765,117.765
73,T3,BESTEFFORT,COMPLETED,m3-1,7.806,"{'m1-1': 96.99, 'm2-1': 1.08, 'm3-1': 9.76, 'm4-1': 25.59, 'm5-1': 11.74, 'm6-1': 25.74, 'm7-1': 11.49, 'm8-1': 10.24}",14.64,82.892,92.652,inf,117.806,117.806
74,T9,BESTEFFORT,MISSED,m4-1,7.844,"{'m1-1': 103.6, 'm2-1': 1.07, 'm3-1': 10.31, 'm4-1': 24.95, 'm5-1': 10.64, 'm6-1': 24.16, 'm7-1': 11.13, 'm8-1': 9.38}",2.255999999999986,116.34,inf,117.844,117.844,117.844
75,T5,BESTEFFORT,COMPLETED,m5-1,7.846,"{'m1-1': 105.65, 'm2-1': 1.07, 'm3-1': 10.35, 'm4-1': 26.84, 'm5-1': 10.26, 'm6-1': 26.51, 'm7-1': 10.54, 'm8-1': 9.93}",15.39,82.483,92.74300000000001,inf,117.846,117.846
76,T8,BESTEFFORT,MISSED,m6-1,7.908,"{'m1-1': 108.6, 'm2-1': 1.05, 'm3-1': 9.57, 'm4-1': 26.61, 'm5-1': 10.71, 'm6-1': 24.85, 'm7-1': 9.7, 'm8-1': 10.28}",1.819500000000012,116.695,inf,117.908,117.908,117.908
77,T3,BESTEFFORT,COMPLETED,m7-1,8.045,"{'m1-1': 105.58, 'm2-1': 1.14, 'm3-1': 9.54, 'm4-1': 25.33, 'm5-1': 10.68, 'm6-1': 26.96, 'm7-1': 10.8, 'm8-1': 11.02}",16.200000000000003,84.33600000000001,95.13600000000001,inf,118.045,118.045
78,T1,BESTEFFORT,COMPLETED,m8-1,8.225,"{'m1-1': 115.72, 'm2-1': 0.99, 'm3-1': 9.83, 'm4-1': 27.97, 'm5-1': 11.04, 'm6-1': 27.33, 'm7-1': 9.87, 'm8-1': 10.64}",15.96,86.175,96.815,inf,118.225,118.225
79,T9,BESTEFFORT,MISSED,m1-1,8.246,"{'m1-1': 110.88, 'm2-1': 1.1, 'm3-1': 10.84, 'm4-1': 27.63, 'm5-1': 10.15, 'm6-1': 27.2, 'm7-1': 10.47, 'm8-1': 9.3}",1.4684999999999988,117.267,inf,118.246,118.246,118.246
80,T9,BESTEFFORT,COMPLETED,m2-1,8.249,"{'m1-1': 96.87, 'm2-1': 1.08, 'm3-1': 9.84, 'm4-1': 25.0, 'm5-1': 9.89, 'm6-1': 26.36, 'm7-1': 10.9, 'm8-1': 9.73}",1.62,16.373,17.453000000000003,inf,118.249,118.249
81,T6,BESTEFFORT,COMPLETED,m3-1,8.286,"{'m1-1': 108.97, 'm2-1': 1.05, 'm3-1': 10.76, 'm4-1': 29.3, 'm5-1': 9.99, 'm6-1': 26.18, 'm7-1': 9.62, 'm8-1': 10.14}",16.14,92.652,103.412,inf,118.286,118.286
82,T6,BESTEFFORT,MISSED,m4-1,8.329,"{'m1-1': 108.98, 'm2-1': 1.03, 'm3-1': 10.6, 'm4-1': 28.13, 'm5-1': 10.68, 'm6-1': 27.16, 'm7-1': 10.74, 'm8-1': 10.9}",0.7275000000000205,117.844,inf,118.32900000000001,118.32900000000001,118.32900000000001
83,T2,BESTEFFORT,COMPLETED,m2-1,8.479,"{'m1-1': 116.84, 'm2-1': 1.08, 'm3-1': 10.03, 'm4-1': 26.54, 'm5-1': 10.52, 'm6-1': 25.84, 'm7-1': 11.79, 'm8-1': 10.98}",1.62,17.453000000000003,18.533,inf,118.479,118.479
84,T2,BESTEFFORT,COMPLETED,m5-1,8.914,"{'m1-1': 110.07, 'm2-1': 1.07, 'm3-1': 10.24, 'm4-1': 29.0, 'm5-1': 10.53, 'm6-1': 25.76, 'm7-1': 11.76, 'm8-1': 11.22}",15.794999999999998,92.74300000000001,103.27300000000001,inf,118.914,118.914
85,T3,BESTEFFORT,MISSED,m6-1,8.975,"{'m1-1': 94.19, 'm2-1': 0.98, 'm3-1': 9.55, 'm4-1': 26.97, 'm5-1': 11.22, 'm6-1': 26.62, 'm7-1': 11.59, 'm8-1': 11.67}",1.6004999999999896,117.908,inf,118.975,118.975,118.975
86,T7,BESTEFFORT,COMPLETED,m7-1,9.212,"{'m1-1': 97.1, 'm2-1': 1.03, 'm3-1': 10.02, 'm4-1': 24.83, 'm5-1': 11.64, 'm6-1': 29.07, 'm7-1': 11.28, 'm8-1': 9.48}",16.919999999999998,95.13600000000001,106.41600000000001,inf,119.212,119.212
87,T7,BESTEFFORT,COMPLETED,m8-1,9.287,"{'m1-1': 106.76, 'm2-1': 1.02, 'm3-1': 9.39, 'm4-1': 25.62, 'm5-1': 10.37, 'm6-1': 29.13, 'm7-1': 11.58, 'm8-1': 9.36}",14.04,96.815,106.175,inf,119.287,119.287
88,T3,BESTEFFORT,COMPLETED,m2-1,9.406,"{'m1-1': 108.71, 'm2-1': 1.05, 'm3-1': 10.72, 'm4-1': 26.08, 'm5-1': 11.02, 'm6-1': 26.56, 'm7-1': 11.63, 'm8-1': 10.64}",1.5750000000000002,18.533,19.583000000000002,inf,119.406,119.406
89,T2,BESTEFFORT,MISSED,m1-1,9.449,"{'m1-1': 115.09, 'm2-1': 1.13, 'm3-1': 9.83, 'm4-1': 27.58, 'm5-1': 10.35, 'm6-1': 24.31, 'm7-1': 11.78, 'm8-1': 9.8}",1.8045000000000044,118.246,inf,119.449,119.449,119.449
90,T8,BESTEFFORT,COMPLETED,m2-1,9.469,"{'m1-1': 111.82, 'm2-1': 1.06, 'm3-1': 9.2, 'm4-1': 26.21, 'm5-1': 11.58, 'm6-1': 24.88, 'm7-1': 10.06, 'm8-1': 10.28}",1.59,19.583000000000002,20.643,inf,119.469,119.469
91,T10,BESTEFFORT,COMPLETED,m3-1,9.478,"{'m1-1': 96.16, 'm2-1': 1.1, 'm3-1': 10.83, 'm4-1': 27.63, 'm5-1': 10.52, 'm6-1': 24.87, 'm7-1': 10.46, 'm8-1': 10.8}",16.245,103.412,114.242,inf,119.478,119.478
92,T10,BESTEFFORT,MISSED,m4-1,9.54,"{'m1-1': 111.17, 'm2-1': 1.1, 'm3-1': 9.55, 'm4-1': 25.67, 'm5-1': 9.48, 'm6-1': 25.57, 'm7-1': 9.22, 'm8-1': 9.87}",1.8164999999999765,118.32900000000001,inf,119.53999999999999,119.53999999999999,119.53999999999999
93,T2,BESTEFFORT,COMPLETED,m5-1,9.726,"{'m1-1': 107.32, 'm2-1': 1.1, 'm3-1': 11.17, 'm4-1': 28.32, 'm5-1': 9.91, 'm6-1': 26.9, 'm7-1': 10.3, 'm8-1': 10.45}",14.865,103.27300000000001,113.183,inf,119.726,119.726
94,T9,BESTEFFORT,MISSED,m6-1,9.744,"{'m1-1': 95.28, 'm2-1': 1.08, 'm3-1': 9.84, 'm4-1': 24.92, 'm5-1': 10.27, 'm6-1': 25.55, 'm7-1': 10.31, 'm8-1': 10.63}",1.1535000000000082,118.975,inf,119.744,119.744,119.744
95,T3,BESTEFFORT,COMPLETED,m7-1,9.8,"{'m1-1': 106.68, 'm2-1': 1.0, 'm3-1': 9.7, 'm4-1': 26.86, 'm5-1': 10.36, 'm6-1': 25.32, 'm7-1': 11.73, 'm8-1': 10.06}",17.595,106.41600000000001,118.14600000000002,inf,119.8,119.8
96,T9,BESTEFFORT,COMPLETED,m8-1,9.816,"{'m1-1': 106.79, 'm2-1': 0.96, 'm3-1': 9.87, 'm4-1': 28.75, 'm5-1': 9.46, 'm6-1': 28.18, 'm7-1': 11.25, 'm8-1': 9.97}",14.955000000000002,106.175,116.145,inf,119.816,119.816
97,T3,BESTEFFORT,MISSED,m1-1,9.838,"{'m1-1': 98.1, 'm2-1': 1.03, 'm3-1': 9.56, 'm4-1': 27.9, 'm5-1': 11.11, 'm6-1': 28.46, 'm7-1': 11.76, 'm8-1': 10.12}",0.5834999999999937,119.449,inf,119.838,119.838,119.838
98,T8,BESTEFFORT,COMPLETED,m2-1,9.9,"{'m1-1': 96.16, 'm2-1': 1.03, 'm3-1': 10.64, 'm4-1': 23.56, 'm5-1': 11.88, 'm6-1': 26.64, 'm7-1': 10.91, 'm8-1': 10.83}",1.545,20.643,21.673000000000002,inf,119.9,119.9
99,T3,BESTEFFORT,MISSED,m3-1,10.166,"{'m1-1': 96.01, 'm2-1': 1.13, 'm3-1': 9.25, 'm4-1': 26.66, 'm5-1': 10.46, 'm6-1': 26.67, 'm7-1': 10.11, 'm8-1': 10.45}",8.885999999999989,114.242,inf,120.166,120.166,120.166
100,T5,BESTEFFORT,MISSED,m3-1,10.172,"{'m1-1': 104.44, 'm2-1': 1.01, 'm3-1': 10.25, 'm4-1': 24.73, 'm5-1': 9.32, 'm6-1': 28.22, 'm7-1': 9.88, 'm8-1': 10.53}",0.009000000000000341,120.166,inf,120.172,120.172,120.172
101,T10,BESTEFFORT,MISSED,m4-1,10.414,"{'m1-1': 96.75, 'm2-1': 0.97, 'm3-1': 10.69, 'm4-1': 27.06, 'm5-1': 9.75, 'm6-1': 27.1, 'm7-1': 9.28, 'm8-1': 11.18}",1.3110000000000142,119.53999999999999,inf,120.414,120.414,120.414
102,T10,BESTEFFORT,COMPLETED,m2-1,10.564,"{'m1-1': 100.09, 'm2-1': 1.04, 'm3-1': 9.26, 'm4-1': 25.53, 'm5-1': 10.85, 'm6-1': 24.96, 'm7-1': 10.55, 'm8-1': 10.26}",1.56,21.673000000000002,22.713,inf,120.564,120.564
103,T1,BESTEFFORT,MISSED,m5-1,10.793,"{'m1-1': 106.27, 'm2-1': 1.08, 'm3-1': 10.61, 'm4-1': 28.5, 'm5-1': 10.92, 'm6-1': 28.02, 'm7-1': 9.8, 'm8-1': 11.16}",11.415,113.183,inf,120.793,120.793,120.793
104,T2,BESTEFFORT,MISSED,m7-1,10.881,"{'m1-1': 104.23, 'm2-1': 1.04, 'm3-1': 10.39, 'm4-1': 26.39, 'm5-1': 9.85, 'm6-1': 25.81, 'm7-1': 10.3, 'm8-1': 9.9}",4.102499999999978,118.14600000000002,inf,120.881,120.881,120.881
105,T4,BESTEFFORT,MISSED,m5-1,10.906,"{'m1-1': 101.77, 'm2-1': 1.1, 'm3-1': 11.22, 'm4-1': 24.48, 'm5-1': 11.36, 'm6-1': 26.84, 'm7-1': 10.76, 'm8-1': 11.73}",0.16949999999999932,120.793,inf,120.906,120.906,120.906
106,T8,BESTEFFORT,MISSED,m6-1,11.022,"{'m1-1': 105.87, 'm2-1': 1.11, 'm3-1': 10.34, 'm4-1': 23.28, 'm5-1': 10.11, 'm6-1': 28.64, 'm7-1': 10.13, 'm8-1': 10.1}",1.9170000000000087,119.744,inf,121.022,121.022,121.022
107,T10,BESTEFFORT,MISSED,m8-1,11.577,"{'m1-1': 111.58, 'm2-1': 1.12, 'm3-1': 10.83, 'm4-1': 24.5, 'm5-1': 10.91, 'm6-1': 25.86, 'm7-1': 9.84, 'm8-1': 9.64}",8.148000000000003,116.145,inf,121.577,121.577,121.577
108,T9,BESTEFFORT,COMPLETED,m2-1,11.95,"{'m1-1': 107.68, 'm2-1': 0.97, 'm3-1': 10.81, 'm4-1': 28.07, 'm5-1': 10.36, 'm6-1': 25.49, 'm7-1': 10.16, 'm8-1': 9.78}",1.455,22.713,23.683,inf,121.95,121.95
109,T6,BESTEFFORT,MISSED,m7-1,12.148,"{'m1-1': 104.99, 'm2-1': 1.04, 'm3-1': 11.36, 'm4-1': 25.01, 'm5-1': 9.5, 'm6-1': 24.55, 'm7-1': 9.76, 'm8-1': 11.01}",1.9004999999999939,120.881,inf,122.148,122.148,122.148
110,T6,BESTEFFORT,MISSED,m8-1,12.363,"{'m1-1': 98.58, 'm2-1': 1.06, 'm3-1': 10.82, 'm4-1': 29.29, 'm5-1': 10.64, 'm6-1': 25.82, 'm7-1': 10.97, 'm8-1': 9.5}",1.179000000000002,121.577,inf,122.363,122.363,122.363
111,T8,BESTEFFORT,COMPLETED,m2-1,12.616,"{'m1-1': 111.49, 'm2-1': 1.14, 'm3-1': 10.56, 'm4-1': 23.1, 'm5-1': 10.15, 'm6-1': 28.29, 'm7-1': 10.15, 'm8-1': 9.63}",1.71,23.683,24.823,inf,122.616,122.616
112,T10,BESTEFFORT,MISSED,m1-1,12.629,"{'m1-1': 96.16, 'm2-1': 1.03, 'm3-1': 10.56, 'm4-1': 24.92, 'm5-1': 10.57, 'm6-1': 25.14, 'm7-1': 9.58, 'm8-1': 10.26}",4.1865000000000165,119.838,inf,122.629,122.629,122.629
113,T5,BESTEFFORT,COMPLETED,m2-1,12.734,"{'m1-1': 113.82, 'm2-1': 1.04, 'm3-1': 10.85, 'm4-1': 24.86, 'm5-1': 10.3, 'm6-1': 26.23, 'm7-1': 10.59, 'm8-1': 10.88}",1.56,24.823,25.863,inf,122.734,122.734
114,T9,BESTEFFORT,MISSED,m3-1,12.816,"{'m1-1': 109.44, 'm2-1': 1.09, 'm3-1': 10.91, 'm4-1': 24.63, 'm5-1': 10.28, 'm6-1': 26.99, 'm7-1': 10.22, 'm8-1': 9.78}",3.966000000000008,120.172,inf,122.816,122.816,122.816
115,T2,BESTEFFORT,MISSED,m4-1,12.874,"{'m1-1': 105.7, 'm2-1': 1.03, 'm3-1': 9.81, 'm4-1': 29.2, 'm5-1': 9.52, 'm6-1': 25.41, 'm7-1': 11.73, 'm8-1': 11.02}",3.6899999999999906,120.414,inf,122.874,122.874,122.874
116,T2,BESTEFFORT,MISSED,m5-1,12.932,"{'m1-1': 103.82, 'm2-1': 1.06, 'm3-1': 9.77, 'm4-1': 28.84, 'm5-1': 10.65, 'm6-1': 25.32, 'm7-1': 11.58, 'm8-1': 10.44}",3.0389999999999944,120.906,inf,122.932,122.932,122.932
117,T1,BESTEFFORT,MISSED,m6-1,13.141,"{'m1-1': 97.59, 'm2-1': 1.04, 'm3-1': 9.33, 'm4-1': 28.21, 'm5-1': 10.32, 'm6-1': 25.48, 'm7-1': 11.08, 'm8-1': 10.41}",3.1784999999999997,121.022,inf,123.141,123.141,123.141
118,T10,BESTEFFORT,MISSED,m7-1,13.193,"{'m1-1': 110.99, 'm2-1': 1.01, 'm3-1': 10.75, 'm4-1': 25.04, 'm5-1': 10.88, 'm6-1': 28.3, 'm7-1': 9.76, 'm8-1': 10.67}",1.5675000000000026,122.148,inf,123.193,123.193,123.193
119,T6,BESTEFFORT,MISSED,m8-1,13.248,"{'m1-1': 108.29, 'm2-1': 1.1, 'm3-1': 11.66, 'm4-1': 27.54, 'm5-1': 9.63, 'm6-1': 27.32, 'm7-1': 10.82, 'm8-1': 9.94}",1.3275000000000077,122.363,inf,123.248,123.248,123.248
120,T4,BESTEFFORT,COMPLETED,m2-1,13.456,"{'m1-1': 110.88, 'm2-1': 1.03, 'm3-1': 10.94, 'm4-1': 25.8, 'm5-1': 11.18, 'm6-1': 25.64, 'm7-1': 10.74, 'm8-1': 11.25}",1.545,25.863,26.893,inf,123.456,123.456
121,T4,BESTEFFORT,MISSED,m1-1,13.471,"{'m1-1': 102.98, 'm2-1': 1.03, 'm3-1': 10.14, 'm4-1': 24.98, 'm5-1': 11.22, 'm6-1': 24.41, 'm7-1': 10.37, 'm8-1': 10.6}",1.2629999999999981,122.629,inf,123.471,123.471,123.471
122,T10,BESTEFFORT,COMPLETED,m2-1,13.48,"{'m1-1': 108.95, 'm2-1': 1.11, 'm3-1': 10.22, 'm4-1': 27.52, 'm5-1': 9.41, 'm6-1': 28.36, 'm7-1': 10.22, 'm8-1': 10.16}",1.665,26.893,28.003,inf,123.48,123.48
123,T9,BESTEFFORT,MISSED,m3-1,13.525,"{'m1-1': 108.02, 'm2-1': 1.05, 'm3-1': 10.15, 'm4-1': 25.93, 'm5-1': 10.8, 'm6-1': 26.22, 'm7-1': 11.15, 'm8-1': 9.68}",1.0635000000000048,122.816,inf,123.525,123.525,123.525
124,T1,BESTEFFORT,MISSED,m4-1,13.557,"{'m1-1': 111.74, 'm2-1': 1.01, 'm3-1': 10.44, 'm4-1': 27.78, 'm5-1': 11.15, 'm6-1': 26.84, 'm7-1': 10.66, 'm8-1': 11.13}",1.0245000000000104,122.874,inf,123.557,123.557,123.557
125,T5,BESTEFFORT,MISSED,m5-1,13.573,"{'m1-1': 97.31, 'm2-1': 1.11, 'm3-1': 9.8, 'm4-1': 24.97, 'm5-1': 10.45, 'm6-1': 26.88, 'm7-1': 9.96, 'm8-1': 9.8}",0.961500000000008,122.932,inf,123.57300000000001,123.57300000000001,123.57300000000001
126,T1,BESTEFFORT,MISSED,m6-1,13.879,"{'m1-1': 103.52, 'm2-1': 1.05, 'm3-1': 10.81, 'm4-1': 24.89, 'm5-1': 9.69, 'm6-1': 25.37, 'm7-1': 9.68, 'm8-1': 9.79}",1.1069999999999993,123.141,inf,123.879,123.879,123.879
127,T7,BESTEFFORT,MISSED,m7-1,13.895,"{'m1-1': 95.65, 'm2-1': 1.1, 'm3-1': 10.09, 'm4-1': 24.28, 'm5-1': 11.45, 'm6-1': 26.31, 'm7-1': 10.52, 'm8-1': 10.17}",1.0529999999999973,123.193,inf,123.895,123.895,123.895
128,T7,BESTEFFORT,MISSED,m8-1,14.034,"{'m1-1': 102.52, 'm2-1': 0.97, 'm3-1': 9.96, 'm4-1': 24.39, 'm5-1': 11.46, 'm6-1': 28.24, 'm7-1': 11.31, 'm8-1': 10.63}",1.179000000000002,123.248,inf,124.034,124.034,124.034
129,T5,BESTEFFORT,MISSED,m1-1,14.107,"{'m1-1': 100.84, 'm2-1': 1.07, 'm3-1': 9.84, 'm4-1': 24.36, 'm5-1': 10.45, 'm6-1': 27.14, 'm7-1': 10.15, 'm8-1': 10.01}",0.9539999999999935,123.471,inf,124.107,124.107,124.107
130,T7,BESTEFFORT,COMPLETED,m2-1,14.171,"{'m1-1': 107.77, 'm2-1': 0.95, 'm3-1': 10.75, 'm4-1': 25.71, 'm5-1': 11.11, 'm6-1': 25.02, 'm7-1': 10.09, 'm8-1': 9.94}",1.4249999999999998,28.003,28.953,inf,124.17099999999999,124.17099999999999
131,T7,BESTEFFORT,MISSED,m3-1,14.344,"{'m1-1': 106.95, 'm2-1': 1.02, 'm3-1': 10.62, 'm4-1': 27.32, 'm5-1': 10.98, 'm6-1': 27.46, 'm7-1': 11.64, 'm8-1': 10.8}",1.2284999999999826,123.525,inf,124.344,124.344,124.344
132,T4,BESTEFFORT,COMPLETED,m2-1,14.43,"{'m1-1': 107.24, 'm2-1': 1.13, 'm3-1': 11.83, 'm4-1': 24.55, 'm5-1': 10.47, 'm6-1': 26.4, 'm7-1': 10.35, 'm8-1': 11.53}",1.6949999999999998,28.953,30.083,inf,124.43,124.43
133,T8,BESTEFFORT,MISSED,m4-1,14.675,"{'m1-1': 96.07, 'm2-1': 1.1, 'm3-1': 9.25, 'm4-1': 25.74, 'm5-1': 10.6, 'm6-1': 27.77, 'm7-1': 11.17, 'm8-1': 10.71}",1.6769999999999925,123.557,inf,124.675,124.675,124.675
134,T2,BESTEFFORT,MISSED,m5-1,14.707,"{'m1-1': 102.58, 'm2-1': 1.1, 'm3-1': 9.94, 'm4-1': 27.79, 'm5-1': 10.28, 'm6-1': 27.61, 'm7-1': 11.2, 'm8-1': 10.79}",1.7009999999999792,123.57300000000001,inf,124.707,124.707,124.707
135,T6,BESTEFFORT,MISSED,m6-1,14.741,"{'m1-1': 107.38, 'm2-1': 1.05, 'm3-1': 10.46, 'm4-1': 28.42, 'm5-1': 9.46, 'm6-1': 24.05, 'm7-1': 10.51, 'm8-1': 9.7}",1.2929999999999922,123.879,inf,124.741,124.741,124.741
136,T1,BESTEFFORT,MISSED,m7-1,14.788,"{'m1-1': 103.26, 'm2-1': 1.0, 'm3-1': 10.62, 'm4-1': 25.24, 'm5-1': 10.58, 'm6-1': 26.88, 'm7-1': 10.62, 'm8-1': 10.15}",1.339500000000001,123.895,inf,124.788,124.788,124.788
137,T5,BESTEFFORT,MISSED,m8-1,14.862,"{'m1-1': 107.8, 'm2-1': 1.09, 'm3-1': 10.15, 'm4-1': 27.91, 'm5-1': 9.75, 'm6-1': 24.79, 'm7-1': 10.77, 'm8-1': 10.75}",1.2419999999999831,124.034,inf,124.862,124.862,124.862
138,T2,BESTEFFORT,MISSED,m1-1,14.887,"{'m1-1': 116.3, 'm2-1': 1.08, 'm3-1': 9.83, 'm4-1': 25.57, 'm5-1': 9.64, 'm6-1': 27.89, 'm7-1': 10.81, 'm8-1': 10.39}",1.1700000000000017,124.107,inf,124.887,124.887,124.887
139,T1,BESTEFFORT,COMPLETED,m2-1,15.047,"{'m1-1': 98.08, 'm2-1': 0.97, 'm3-1': 9.92, 'm4-1': 24.78, 'm5-1': 10.54, 'm6-1': 25.9, 'm7-1': 10.09, 'm8-1': 10.06}",1.455,30.083,31.052999999999997,inf,125.047,125.047
140,T6,BESTEFFORT,MISSED,m3-1,15.057,"{'m1-1': 99.1, 'm2-1': 1.03, 'm3-1': 10.19, 'm4-1': 25.82, 'm5-1': 10.46, 'm6-1': 26.45, 'm7-1': 10.98, 'm8-1': 10.24}",1.069500000000012,124.344,inf,125.057,125.057,125.057
141,T7,BESTEFFORT,MISSED,m4-1,15.063,"{'m1-1': 100.5, 'm2-1': 1.01, 'm3-1': 10.96, 'm4-1': 26.91, 'm5-1': 10.13, 'm6-1': 27.34, 'm7-1': 11.43, 'm8-1': 10.94}",0.5820000000000078,124.675,inf,125.063,125.063,125.063
142,T3,BESTEFFORT,MISSED,m5-1,15.289,"{'m1-1': 106.96, 'm2-1': 1.15, 'm3-1': 10.5, 'm4-1': 27.63, 'm5-1': 11.35, 'm6-1': 25.31, 'm7-1': 11.14, 'm8-1': 10.32}",0.8730000000000118,124.707,inf,125.289,125.289,125.289
143,T7,BESTEFFORT,MISSED,m6-1,15.302,"{'m1-1': 109.54, 'm2-1': 1.06, 'm3-1': 10.76, 'm4-1': 26.58, 'm5-1': 10.62, 'm6-1': 27.61, 'm7-1': 10.64, 'm8-1': 9.52}",0.8414999999999893,124.741,inf,125.30199999999999,125.30199999999999,125.30199999999999
144,T2,BESTEFFORT,MISSED,m7-1,15.31,"{'m1-1': 106.12, 'm2-1': 1.13, 'm3-1': 9.73, 'm4-1': 29.59, 'm5-1': 10.26, 'm6-1': 27.2, 'm7-1': 9.95, 'm8-1': 10.61}",0.7830000000000084,124.788,inf,125.31,125.31,125.31
145,T6,BESTEFFORT,COMPLETED,m2-1,15.371,"{'m1-1': 111.06, 'm2-1': 1.01, 'm3-1': 11.33, 'm4-1': 28.75, 'm5-1': 9.5, 'm6-1': 26.94, 'm7-1': 9.67, 'm8-1': 10.25}",1.5150000000000001,31.052999999999997,32.062999999999995,inf,125.371,125.371
146,T4,BESTEFFORT,MISSED,m8-1,15.395,"{'m1-1': 109.52, 'm2-1': 1.14, 'm3-1': 10.95, 'm4-1': 28.1, 'm5-1': 9.58, 'm6-1': 25.54, 'm7-1': 10.66, 'm8-1': 10.84}",0.7995000000000019,124.862,inf,125.395,125.395,125.395
147,T4,BESTEFFORT,MISSED,m1-1,15.485,"{'m1-1': 114.86, 'm2-1': 1.04, 'm3-1': 11.67, 'm4-1': 25.18, 'm5-1': 11.09, 'm6-1': 26.44, 'm7-1': 9.51, 'm8-1': 11.74}",0.8969999999999985,124.887,inf,125.485,125.485,125.485
148,T6,BESTEFFORT,COMPLETED,m2-1,15.495,"{'m1-1': 101.18, 'm2-1': 0.99, 'm3-1': 10.76, 'm4-1': 29.38, 'm5-1': 10.88, 'm6-1': 26.31, 'm7-1': 10.5, 'm8-1': 10.04}",1.4849999999999999,32.062999999999995,33.053,inf,125.495,125.495
149,T6,BESTEFFORT,MISSED,m3-1,15.582,"{'m1-1': 101.89, 'm2-1': 1.13, 'm3-1': 10.78, 'm4-1': 25.65, 'm5-1': 9.79, 'm6-1': 26.11, 'm7-1': 9.74, 'm8-1': 10.63}",0.7874999999999872,125.057,inf,125.582,125.582,125.582
150,T9,BESTEFFORT,MISSED,m4-1,15.651,"{'m1-1': 104.69, 'm2-1': 0.94, 'm3-1': 9.3, 'm4-1': 27.34, 'm5-1': 10.55, 'm6-1': 27.49, 'm7-1': 10.75, 'm8-1': 9.87}",0.8819999999999908,125.063,inf,125.651,125.651,125.651
151,T9,BESTEFFORT,MISSED,m5-1,15.684,"{'m1-1': 103.99, 'm2-1': 0.96, 'm3-1': 9.67, 'm4-1': 25.71, 'm5-1': 10.64, 'm6-1': 26.2, 'm7-1': 9.81, 'm8-1': 9.33}",0.592499999999994,125.289,inf,125.684,125.684,125.684
152,T4,BESTEFFORT,MISSED,m6-1,15.805,"{'m1-1': 102.71, 'm2-1': 1.11, 'm3-1': 11.78, 'm4-1': 26.17, 'm5-1': 10.22, 'm6-1': 26.92, 'm7-1': 9.68, 'm8-1': 10.08}",0.7545000000000215,125.30199999999999,inf,125.805,125.805,125.805
153,T6,BESTEFFORT,MISSED,m7-1,15.857,"{'m1-1': 115.21, 'm2-1': 0.96, 'm3-1': 10.22, 'm4-1': 25.62, 'm5-1': 9.69, 'm6-1': 23.85, 'm7-1': 9.85, 'm8-1': 10.63}",0.8204999999999956,125.31,inf,125.857,125.857,125.857
154,T10,BESTEFFORT,MISSED,m8-1,15.953,"{'m1-1': 96.72, 'm2-1': 1.08, 'm3-1': 10.65, 'm4-1': 27.84, 'm5-1': 10.5, 'm6-1': 27.14, 'm7-1': 10.22, 'm8-1': 10.42}",0.8370000000000104,125.395,inf,125.953,125.953,125.953
155,T7,BESTEFFORT,MISSED,m1-1,16.031,"{'m1-1': 110.04, 'm2-1': 1.08, 'm3-1': 10.02, 'm4-1': 24.8, 'm5-1': 11.68, 'm6-1': 27.82, 'm7-1': 11.58, 'm8-1': 10.08}",0.8190000000000097,125.485,inf,126.031,126.031,126.031
156,T1,BESTEFFORT,COMPLETED,m2-1,16.41,"{'m1-1': 110.82, 'm2-1': 0.93, 'm3-1': 9.94, 'm4-1': 25.62, 'm5-1': 9.95, 'm6-1': 27.94, 'm7-1': 9.43, 'm8-1': 10.63}",1.395,33.053,33.983,inf,126.41,126.41
157,T7,BESTEFFORT,COMPLETED,m2-1,16.624,"{'m1-1': 110.34, 'm2-1': 0.94, 'm3-1': 10.1, 'm4-1': 27.75, 'm5-1': 10.06, 'm6-1': 25.83, 'm7-1': 11.14, 'm8-1': 9.7}",1.41,33.983,34.922999999999995,inf,126.624,126.624
158,T6,BESTEFFORT,MISSED,m3-1,16.682,"{'m1-1': 112.37, 'm2-1': 1.08, 'm3-1': 10.51, 'm4-1': 26.17, 'm5-1': 9.52, 'm6-1': 24.18, 'm7-1': 11.0, 'm8-1': 10.92}",1.6500000000000128,125.582,inf,126.682,126.682,126.682
159,T8,BESTEFFORT,MISSED,m4-1,16.684,"{'m1-1': 108.18, 'm2-1': 0.98, 'm3-1': 10.07, 'm4-1': 24.68, 'm5-1': 10.63, 'm6-1': 24.73, 'm7-1': 10.08, 'm8-1': 11.27}",1.5495000000000019,125.651,inf,126.684,126.684,126.684
160,T9,BESTEFFORT,MISSED,m5-1,16.802,"{'m1-1': 104.9, 'm2-1': 1.02, 'm3-1': 9.27, 'm4-1': 25.47, 'm5-1': 10.57, 'm6-1': 28.07, 'm7-1': 10.47, 'm8-1': 10.79}",1.6769999999999925,125.684,inf,126.80199999999999,126.80199999999999,126.80199999999999
161,T2,BESTEFFORT,MISSED,m6-1,16.93,"{'m1-1': 101.96, 'm2-1': 1.09, 'm3-1': 10.16, 'm4-1': 27.07, 'm5-1': 9.93, 'm6-1': 26.27, 'm7-1': 11.03, 'm8-1': 9.85}",1.6875,125.805,inf,126.93,126.93,126.93
162,T8,BESTEFFORT,MISSED,m7-1,17.105,"{'m1-1': 100.23, 'm2-1': 1.08, 'm3-1': 10.27, 'm4-1': 24.02, 'm5-1': 10.03, 'm6-1': 28.38, 'm7-1': 10.96, 'm8-1': 11.28}",1.872000000000007,125.857,inf,127.105,127.105,127.105
163,T9,BESTEFFORT,MISSED,m8-1,17.116,"{'m1-1': 104.4, 'm2-1': 0.99, 'm3-1': 10.41, 'm4-1': 24.75, 'm5-1': 9.14, 'm6-1': 24.06, 'm7-1': 9.65, 'm8-1': 10.47}",1.744499999999995,125.953,inf,127.116,127.116,127.116
164,T2,BESTEFFORT,MISSED,m1-1,17.177,"{'m1-1': 113.96, 'm2-1': 1.14, 'm3-1': 9.77, 'm4-1': 27.51, 'm5-1': 10.42, 'm6-1': 26.32, 'm7-1': 11.19, 'm8-1': 9.81}",1.7189999999999799,126.031,inf,127.17699999999999,127.17699999999999,127.17699999999999
165,T2,BESTEFFORT,COMPLETED,m2-1,17.193,"{'m1-1': 103.03, 'm2-1': 1.07, 'm3-1': 9.8, 'm4-1': 27.16, 'm5-1': 9.6, 'm6-1': 27.73, 'm7-1': 11.1, 'm8-1': 10.89}",1.605,34.922999999999995,35.992999999999995,inf,127.193,127.193
166,T2,BESTEFFORT,MISSED,m3-1,17.263,"{'m1-1': 113.16, 'm2-1': 1.02, 'm3-1': 10.89, 'm4-1': 28.28, 'm5-1': 9.42, 'm6-1': 24.02, 'm7-1': 10.49, 'm8-1': 11.11}",0.8715000000000046,126.682,inf,127.263,127.263,127.263
167,T10,BESTEFFORT,MISSED,m4-1,17.305,"{'m1-1': 95.03, 'm2-1': 0.97, 'm3-1': 10.06, 'm4-1': 25.04, 'm5-1': 10.05, 'm6-1': 25.22, 'm7-1': 10.37, 'm8-1': 10.59}",0.931500000000014,126.684,inf,127.305,127.305,127.305
168,T7,BESTEFFORT,MISSED,m5-1,17.433,"{'m1-1': 101.41, 'm2-1': 1.05, 'm3-1': 10.68, 'm4-1': 26.13, 'm5-1': 10.21, 'm6-1': 29.62, 'm7-1': 10.73, 'm8-1': 10.64}",0.9465000000000003,126.80199999999999,inf,127.43299999999999,127.43299999999999,127.43299999999999
169,T1,BESTEFFORT,COMPLETED,m2-1,17.46,"{'m1-1': 105.61, 'm2-1': 1.04, 'm3-1': 9.99, 'm4-1': 27.43, 'm5-1': 9.54, 'm6-1': 28.18, 'm7-1': 11.05, 'm8-1': 11.15}",1.56,35.992999999999995,37.032999999999994,inf,127.46000000000001,127.46000000000001
170,T7,BESTEFFORT,MISSED,m6-1,17.47,"{'m1-1': 113.34, 'm2-1': 1.08, 'm3-1': 10.4, 'm4-1': 27.94, 'm5-1': 11.29, 'm6-1': 25.3, 'm7-1': 10.84, 'm8-1': 10.9}",0.8099999999999881,126.93,inf,127.47,127.47,127.47
171,T2,BESTEFFORT,MISSED,m7-1,17.526,"{'m1-1': 111.96, 'm2-1': 1.1, 'm3-1': 11.48, 'm4-1': 27.22, 'm5-1': 10.17, 'm6-1': 26.21, 'm7-1': 10.29, 'm8-1': 11.21}",0.6314999999999884,127.105,inf,127.526,127.526,127.526
172,T7,BESTEFFORT,MISSED,m8-1,17.618,"{'m1-1': 109.52, 'm2-1': 1.0, 'm3-1': 9.64, 'm4-1': 24.86, 'm5-1': 10.98, 'm6-1': 29.02, 'm7-1': 10.79, 'm8-1': 10.62}",0.752999999999993,127.116,inf,127.618,127.618,127.618
173,T10,BESTEFFORT,MISSED,m1-1,17.641,"{'m1-1': 108.63, 'm2-1': 1.0, 'm3-1': 10.2, 'm4-1': 27.3, 'm5-1': 9.64, 'm6-1': 25.19, 'm7-1': 10.26, 'm8-1': 10.42}",0.695999999999998,127.17699999999999,inf,127.64099999999999,127.64099999999999,127.64099999999999
174,T5,BESTEFFORT,COMPLETED,m2-1,17.888,"{'m1-1': 109.72, 'm2-1': 0.95, 'm3-1': 10.2, 'm4-1': 27.16, 'm5-1': 10.31, 'm6-1': 26.59, 'm7-1': 10.18, 'm8-1': 11.09}",1.4249999999999998,37.032999999999994,37.983,inf,127.888,127.888
175,T10,BESTEFFORT,MISSED,m3-1,18.168,"{'m1-1': 106.15, 'm2-1': 1.02, 'm3-1': 9.29, 'm4-1': 24.75, 'm5-1': 10.65, 'm6-1': 27.91, 'm7-1': 9.88, 'm8-1': 9.97}",1.3575000000000017,127.263,inf,128.168,128.168,128.168
176,T9,BESTEFFORT,MISSED,m4-1,18.3,"{'m1-1': 98.84, 'm2-1': 1.03, 'm3-1': 10.91, 'm4-1': 27.06, 'm5-1': 10.41, 'm6-1': 28.45, 'm7-1': 9.94, 'm8-1': 9.77}",1.4925000000000068,127.305,inf,128.3,128.3,128.3
177,T7,BESTEFFORT,MISSED,m5-1,18.353,"{'m1-1': 95.54, 'm2-1': 0.96, 'm3-1': 10.72, 'm4-1': 25.4, 'm5-1': 11.73, 'm6-1': 26.1, 'm7-1': 11.27, 'm8-1': 9.53}",1.3800000000000239,127.43299999999999,inf,128.353,128.353,128.353
178,T2,BESTEFFORT,MISSED,m6-1,18.425,"{'m1-1': 109.74, 'm2-1': 1.15, 'm3-1': 10.44, 'm4-1': 26.76, 'm5-1': 10.95, 'm6-1': 27.9, 'm7-1': 11.64, 'm8-1': 9.67}",1.4325000000000188,127.47,inf,128.425,128.425,128.425
179,T9,BESTEFFORT,MISSED,m7-1,18.531,"{'m1-1': 101.67, 'm2-1': 0.94, 'm3-1': 10.8, 'm4-1': 25.47, 'm5-1': 9.96, 'm6-1': 25.05, 'm7-1': 10.69, 'm8-1': 9.86}",1.5075000000000145,127.526,inf,128.531,128.531,128.531
180,T1,BESTEFFORT,COMPLETED,m2-1,18.601,"{'m1-1': 108.31, 'm2-1': 0.93, 'm3-1': 10.35, 'm4-1': 26.53, 'm5-1': 9.88, 'm6-1': 29.1, 'm7-1': 9.88, 'm8-1': 10.98}",1.395,37.983,38.913,inf,128.601,128.601
181,T3,BESTEFFORT,MISSED,m8-1,18.683,"{'m1-1': 95.45, 'm2-1': 1.07, 'm3-1': 10.13, 'm4-1': 27.46, 'm5-1': 11.44, 'm6-1': 24.68, 'm7-1': 11.82, 'm8-1': 11.6}",1.5974999999999966,127.618,inf,128.683,128.683,128.683
182,T5,BESTEFFORT,MISSED,m1-1,18.873,"{'m1-1': 105.05, 'm2-1': 1.04, 'm3-1': 10.2, 'm4-1': 24.96, 'm5-1': 9.53, 'm6-1': 28.65, 'm7-1': 10.18, 'm8-1': 10.79}",1.847999999999999,127.64099999999999,inf,128.873,128.873,128.873
183,T3,BESTEFFORT,COMPLETED,m2-1,18.906,"{'m1-1': 106.32, 'm2-1': 0.99, 'm3-1': 9.54, 'm4-1': 24.95, 'm5-1': 11.12, 'm6-1': 27.23, 'm7-1': 10.78, 'm8-1': 11.65}",1.4849999999999999,38.913,39.903,inf,128.906,128.906
184,T10,BESTEFFORT,MISSED,m3-1,18.934,"{'m1-1': 106.1, 'm2-1': 1.08, 'm3-1': 9.6, 'm4-1': 26.35, 'm5-1': 9.88, 'm6-1': 28.52, 'm7-1': 9.5, 'm8-1': 10.48}",1.1489999999999867,128.168,inf,128.934,128.934,128.934
185,T5,BESTEFFORT,MISSED,m4-1,18.978,"{'m1-1': 109.49, 'm2-1': 0.97, 'm3-1': 11.23, 'm4-1': 27.36, 'm5-1': 9.8, 'm6-1': 28.66, 'm7-1': 10.56, 'm8-1': 11.28}",1.016999999999996,128.3,inf,128.978,128.978,128.978
186,T8,BESTEFFORT,MISSED,m5-1,19.03,"{'m1-1': 96.68, 'm2-1': 1.04, 'm3-1': 10.09, 'm4-1': 25.47, 'm5-1': 11.12, 'm6-1': 26.83, 'm7-1': 10.87, 'm8-1': 11.02}",1.0154999999999887,128.353,inf,129.03,129.03,129.03
187,T5,BESTEFFORT,MISSED,m6-1,19.059,"{'m1-1': 113.35, 'm2-1': 1.09, 'm3-1': 9.8, 'm4-1': 28.63, 'm5-1': 10.89, 'm6-1': 27.54, 'm7-1': 9.74, 'm8-1': 9.55}",0.9509999999999792,128.425,inf,129.059,129.059,129.059
188,T3,BESTEFFORT,MISSED,m7-1,19.246,"{'m1-1': 95.74, 'm2-1': 1.06, 'm3-1': 10.34, 'm4-1': 25.45, 'm5-1': 10.81, 'm6-1': 24.9, 'm7-1': 11.82, 'm8-1': 9.9}",1.0725000000000051,128.531,inf,129.246,129.246,129.246
189,T2,BESTEFFORT,MISSED,m8-1,19.286,"{'m1-1': 100.86, 'm2-1': 1.01, 'm3-1': 11.22, 'm4-1': 29.2, 'm5-1': 9.71, 'm6-1': 25.13, 'm7-1': 10.77, 'm8-1': 9.66}",0.904500000000013,128.683,inf,129.286,129.286,129.286
190,T6,BESTEFFORT,MISSED,m1-1,19.499,"{'m1-1': 99.5, 'm2-1': 1.03, 'm3-1': 10.41, 'm4-1': 26.66, 'm5-1': 11.04, 'm6-1': 24.9, 'm7-1': 10.68, 'm8-1': 10.72}",0.9390000000000072,128.873,inf,129.499,129.499,129.499
191,T3,BESTEFFORT,COMPLETED,m2-1,19.621,"{'m1-1': 98.62, 'm2-1': 1.04, 'm3-1': 9.28, 'm4-1': 27.43, 'm5-1': 10.57, 'm6-1': 27.12, 'm7-1': 11.59, 'm8-1': 11.63}",1.56,39.903,40.943,inf,129.621,129.621
192,T1,BESTEFFORT,COMPLETED,m2-1,19.625,"{'m1-1': 105.79, 'm2-1': 1.01, 'm3-1': 9.33, 'm4-1': 25.54, 'm5-1': 10.83, 'm6-1': 26.29, 'm7-1': 11.02, 'm8-1': 10.11}",1.5150000000000001,40.943,41.952999999999996,inf,129.625,129.625
193,T9,BESTEFFORT,MISSED,m3-1,19.833,"{'m1-1': 104.28, 'm2-1': 1.08, 'm3-1': 10.44, 'm4-1': 27.86, 'm5-1': 9.96, 'm6-1': 24.19, 'm7-1': 10.53, 'm8-1': 10.7}",1.3485000000000014,128.934,inf,129.833,129.833,129.833
194,T5,BESTEFFORT,MISSED,m3-1,20.05,"{'m1-1': 101.08, 'm2-1': 1.01, 'm3-1': 9.63, 'm4-1': 28.84, 'm5-1': 10.38, 'm6-1': 25.0, 'm7-1': 11.2, 'm8-1': 10.7}",0.32550000000001944,129.833,inf,130.05,130.05,130.05
195,T5,BESTEFFORT,MISSED,m4-1,20.186,"{'m1-1': 109.28, 'm2-1': 1.06, 'm3-1': 9.59, 'm4-1': 28.28, 'm5-1': 9.67, 'm6-1': 28.64, 'm7-1': 9.77, 'm8-1': 10.88}",1.8119999999999976,128.978,inf,130.186,130.186,130.186
196,T2,BESTEFFORT,MISSED,m5-1,20.196,"{'m1-1': 109.85, 'm2-1': 1.02, 'm3-1': 10.66, 'm4-1': 29.41, 'm5-1': 10.98, 'm6-1': 25.38, 'm7-1': 11.55, 'm8-1': 9.67}",1.7489999999999952,129.03,inf,130.196,130.196,130.196
197,T6,BESTEFFORT,MISSED,m6-1,20.341,"{'m1-1': 98.71, 'm2-1': 0.99, 'm3-1': 11.23, 'm4-1': 27.2, 'm5-1': 10.89, 'm6-1': 25.05, 'm7-1': 11.14, 'm8-1': 10.57}",1.923000000000016,129.059,inf,130.341,130.341,130.341
198,T9,BESTEFFORT,MISSED,m7-1,20.527,"{'m1-1': 97.96, 'm2-1': 0.97, 'm3-1': 9.52, 'm4-1': 24.65, 'm5-1': 9.44, 'm6-1': 26.29, 'm7-1': 9.68, 'm8-1': 10.57}",1.9214999999999662,129.246,inf,130.527,130.527,130.527
199,T5,BESTEFFORT,COMPLETED,m2-1,20.685,"{'m1-1': 108.81, 'm2-1': 1.01, 'm3-1': 10.72, 'm4-1': 24.94, 'm5-1': 10.83, 'm6-1': 25.83, 'm7-1': 10.88, 'm8-1': 10.43}",1.5150000000000001,41.952999999999996,42.962999999999994,inf,130.685,130.685
200,T6,BESTEFFORT,MISSED,m8-1,20.753,"{'m1-1': 98.75, 'm2-1': 0.99, 'm3-1': 11.08, 'm4-1': 27.02, 'm5-1': 10.44, 'm6-1': 24.71, 'm7-1': 10.89, 'm8-1': 9.55}",2.200499999999977,129.286,inf,130.753,130.753,130.753
201,T1,BESTEFFORT,MISSED,m1-1,20.967,"{'m1-1': 114.56, 'm2-1': 0.94, 'm3-1': 10.32, 'm4-1': 24.15, 'm5-1': 9.92, 'm6-1': 25.27, 'm7-1': 9.94, 'm8-1': 10.94}",2.201999999999984,129.499,inf,130.96699999999998,130.96699999999998,130.96699999999998
202,T6,BESTEFFORT,COMPLETED,m2-1,21.152,"{'m1-1': 114.84, 'm2-1': 1.08, 'm3-1': 11.0, 'm4-1': 27.83, 'm5-1': 9.52, 'm6-1': 25.86, 'm7-1': 10.05, 'm8-1': 10.54}",1.62,42.962999999999994,44.04299999999999,inf,131.152,131.152
203,T5,BESTEFFORT,MISSED,m3-1,21.158,"{'m1-1': 114.4, 'm2-1': 1.08, 'm3-1': 11.15, 'm4-1': 28.1, 'm5-1': 10.55, 'm6-1': 25.14, 'm7-1': 9.91, 'm8-1': 9.68}",1.6620000000000061,130.05,inf,131.15800000000002,131.15800000000002,131.15800000000002
204,T3,BESTEFFORT,MISSED,m5-1,21.253,"{'m1-1': 108.9, 'm2-1': 1.13, 'm3-1': 10.07, 'm4-1': 25.32, 'm5-1': 11.67, 'm6-1': 28.06, 'm7-1': 11.78, 'm8-1': 10.03}",1.585499999999982,130.196,inf,131.253,131.253,131.253
205,T2,BESTEFFORT,MISSED,m4-1,21.282,"{'m1-1': 102.67, 'm2-1': 1.15, 'm3-1': 10.76, 'm4-1': 27.96, 'm5-1': 9.8, 'm6-1': 26.1, 'm7-1': 11.31, 'm8-1': 10.11}",1.6440000000000055,130.186,inf,131.282,131.282,131.282
206,T2,BESTEFFORT,MISSED,m5-1,21.335,"{'m1-1': 117.38, 'm2-1': 1.01, 'm3-1': 10.42, 'm4-1': 25.22, 'm5-1': 11.08, 'm6-1': 28.19, 'm7-1': 10.27, 'm8-1': 9.86}",0.12300000000003308,131.253,inf,131.335,131.335,131.335
207,T7,BESTEFFORT,MISSED,m6-1,21.388,"{'m1-1': 95.44, 'm2-1': 0.97, 'm3-1': 10.54, 'm4-1': 24.02, 'm5-1': 10.14, 'm6-1': 28.66, 'm7-1': 11.62, 'm8-1': 9.54}",1.5704999999999956,130.341,inf,131.388,131.388,131.388
208,T8,BESTEFFORT,MISSED,m7-1,21.46,"{'m1-1': 112.55, 'm2-1': 1.15, 'm3-1': 10.23, 'm4-1': 23.44, 'm5-1': 10.06, 'm6-1': 24.61, 'm7-1': 9.62, 'm8-1': 10.94}",1.3995000000000317,130.527,inf,131.46,131.46,131.46
209,T4,BESTEFFORT,MISSED,m8-1,21.529,"{'m1-1': 110.88, 'm2-1': 1.08, 'm3-1': 10.3, 'm4-1': 27.16, 'm5-1': 10.08, 'm6-1': 27.68, 'm7-1': 10.48, 'm8-1': 10.49}",1.1640000000000157,130.753,inf,131.529,131.529,131.529
210,T9,BESTEFFORT,MISSED,m1-1,21.561,"{'m1-1': 105.65, 'm2-1': 1.1, 'm3-1': 10.54, 'm4-1': 24.98, 'm5-1': 10.55, 'm6-1': 24.96, 'm7-1': 10.05, 'm8-1': 10.05}",0.8910000000000338,130.96699999999998,inf,131.561,131.561,131.561
211,T8,BESTEFFORT,COMPLETED,m2-1,21.611,"{'m1-1': 96.96, 'm2-1': 1.11, 'm3-1': 9.91, 'm4-1': 25.65, 'm5-1': 10.64, 'm6-1': 28.11, 'm7-1': 10.16, 'm8-1': 10.29}",1.665,44.04299999999999,45.15299999999999,inf,131.611,131.611
212,T8,BESTEFFORT,MISSED,m3-1,21.62,"{'m1-1': 104.52, 'm2-1': 1.06, 'm3-1': 10.78, 'm4-1': 23.91, 'm5-1': 10.76, 'm6-1': 24.33, 'm7-1': 10.27, 'm8-1': 10.08}",0.6929999999999836,131.15800000000002,inf,131.62,131.62,131.62
213,T4,BESTEFFORT,MISSED,m4-1,21.673,"{'m1-1': 98.62, 'm2-1': 1.07, 'm3-1': 10.63, 'm4-1': 24.46, 'm5-1': 10.99, 'm6-1': 26.02, 'm7-1': 9.87, 'm8-1': 10.9}",0.5864999999999867,131.282,inf,131.673,131.673,131.673
214,T1,BESTEFFORT,COMPLETED,m2-1,21.677,"{'m1-1': 102.13, 'm2-1': 0.95, 'm3-1': 9.99, 'm4-1': 25.24, 'm5-1': 10.47, 'm6-1': 26.52, 'm7-1': 10.58, 'm8-1': 10.3}",1.4249999999999998,45.15299999999999,46.102999999999994,inf,131.677,131.677
215,T4,BESTEFFORT,MISSED,m5-1,21.712,"{'m1-1': 110.19, 'm2-1': 1.06, 'm3-1': 10.19, 'm4-1': 28.2, 'm5-1': 11.3, 'm6-1': 23.72, 'm7-1': 10.67, 'm8-1': 10.13}",0.5654999999999717,131.335,inf,131.712,131.712,131.712
216,T1,BESTEFFORT,MISSED,m6-1,21.761,"{'m1-1': 98.58, 'm2-1': 1.06, 'm3-1': 10.55, 'm4-1': 26.18, 'm5-1': 10.07, 'm6-1': 25.75, 'm7-1': 10.61, 'm8-1': 10.07}",0.5594999999999857,131.388,inf,131.761,131.761,131.761
217,T4,BESTEFFORT,MISSED,m7-1,21.965,"{'m1-1': 98.14, 'm2-1': 1.02, 'm3-1': 11.84, 'm4-1': 25.24, 'm5-1': 10.61, 'm6-1': 25.64, 'm7-1': 9.67, 'm8-1': 11.7}",0.7574999999999932,131.46,inf,131.965,131.965,131.965
218,T3,BESTEFFORT,MISSED,m8-1,22.023,"{'m1-1': 94.4, 'm2-1': 1.13, 'm3-1': 10.54, 'm4-1': 27.48, 'm5-1': 11.0, 'm6-1': 25.36, 'm7-1': 10.25, 'm8-1': 11.61}",0.7409999999999997,131.529,inf,132.023,132.023,132.023
219,T9,BESTEFFORT,MISSED,m1-1,22.037,"{'m1-1': 98.24, 'm2-1': 1.08, 'm3-1': 10.48, 'm4-1': 25.35, 'm5-1': 10.16, 'm6-1': 27.75, 'm7-1': 9.76, 'm8-1': 10.42}",0.7139999999999986,131.561,inf,132.037,132.037,132.037
220,T8,BESTEFFORT,MISSED,m8-1,22.174,"{'m1-1': 100.68, 'm2-1': 1.03, 'm3-1': 10.89, 'm4-1': 25.81, 'm5-1': 11.45, 'm6-1': 26.35, 'm7-1': 10.08, 'm8-1': 9.79}",0.2265000000000157,132.023,inf,132.174,132.174,132.174
221,T7,BESTEFFORT,COMPLETED,m2-1,22.239,"{'m1-1': 100.46, 'm2-1': 1.03, 'm3-1': 10.33, 'm4-1': 23.68, 'm5-1': 11.66, 'm6-1': 26.15, 'm7-1': 10.31, 'm8-1': 10.76}",1.545,46.102999999999994,47.132999999999996,inf,132.239,132.239
222,T5,BESTEFFORT,MISSED,m7-1,22.359,"{'m1-1': 97.32, 'm2-1': 1.08, 'm3-1': 9.81, 'm4-1': 27.92, 'm5-1': 10.17, 'm6-1': 26.91, 'm7-1': 11.28, 'm8-1': 10.2}",0.5910000000000082,131.965,inf,132.359,132.359,132.359
223,T1,BESTEFFORT,COMPLETED,m2-1,22.873,"{'m1-1': 102.44, 'm2-1': 0.92, 'm3-1': 10.19, 'm4-1': 26.95, 'm5-1': 9.98, 'm6-1': 25.42, 'm7-1': 10.59, 'm8-1': 10.18}",1.3800000000000001,47.132999999999996,48.053,inf,132.873,132.873
224,T5,BESTEFFORT,MISSED,m3-1,23.408,"{'m1-1': 113.41, 'm2-1': 1.09, 'm3-1': 10.28, 'm4-1': 27.92, 'm5-1': 10.08, 'm6-1': 25.52, 'm7-1': 10.33, 'm8-1': 9.62}",2.6820000000000164,131.62,inf,133.40800000000002,133.40800000000002,133.40800000000002
225,T7,BESTEFFORT,MISSED,m4-1,23.426,"{'m1-1': 102.92, 'm2-1': 1.12, 'm3-1': 9.72, 'm4-1': 23.75, 'm5-1': 10.28, 'm6-1': 27.43, 'm7-1': 11.31, 'm8-1': 10.46}",2.629499999999979,131.673,inf,133.426,133.426,133.426
226,T3,BESTEFFORT,MISSED,m5-1,23.528,"{'m1-1': 99.22, 'm2-1': 1.09, 'm3-1': 9.9, 'm4-1': 25.51, 'm5-1': 10.45, 'm6-1': 24.32, 'm7-1': 11.57, 'm8-1': 11.42}",2.7240000000000038,131.712,inf,133.528,133.528,133.528
227,T10,BESTEFFORT,MISSED,m6-1,23.568,"{'m1-1': 103.18, 'm2-1': 1.06, 'm3-1': 9.27, 'm4-1': 25.58, 'm5-1': 10.08, 'm6-1': 27.4, 'm7-1': 10.26, 'm8-1': 9.87}",2.7105000000000246,131.761,inf,133.568,133.568,133.568
228,T2,BESTEFFORT,MISSED,m7-1,23.59,"{'m1-1': 99.49, 'm2-1': 1.02, 'm3-1': 11.21, 'm4-1': 27.88, 'm5-1': 9.97, 'm6-1': 26.62, 'm7-1': 10.3, 'm8-1': 10.56}",1.8464999999999918,132.359,inf,133.59,133.59,133.59
229,T1,BESTEFFORT,COMPLETED,m2-1,23.755,"{'m1-1': 115.3, 'm2-1': 1.07, 'm3-1': 10.09, 'm4-1': 26.68, 'm5-1': 10.71, 'm6-1': 25.43, 'm7-1': 9.82, 'm8-1': 11.32}",1.605,48.053,49.123,inf,133.755,133.755
230,T9,BESTEFFORT,MISSED,m8-1,23.825,"{'m1-1': 105.77, 'm2-1': 1.02, 'm3-1': 10.65, 'm4-1': 27.97, 'm5-1': 10.79, 'm6-1': 24.7, 'm7-1': 10.96, 'm8-1': 10.32}",2.476499999999973,132.174,inf,133.825,133.825,133.825
231,T6,BESTEFFORT,MISSED,m1-1,23.918,"{'m1-1': 116.63, 'm2-1': 1.13, 'm3-1': 10.13, 'm4-1': 26.97, 'm5-1': 10.49, 'm6-1': 25.0, 'm7-1': 10.35, 'm8-1': 10.4}",2.8215000000000003,132.037,inf,133.918,133.918,133.918
232,T5,BESTEFFORT,COMPLETED,m2-1,24.002,"{'m1-1': 113.06, 'm2-1': 1.12, 'm3-1': 10.79, 'm4-1': 27.76, 'm5-1': 10.71, 'm6-1': 28.28, 'm7-1': 11.09, 'm8-1': 10.57}",1.6800000000000002,49.123,50.242999999999995,inf,134.002,134.002
233,T9,BESTEFFORT,MISSED,m3-1,24.379,"{'m1-1': 100.3, 'm2-1': 1.0, 'm3-1': 10.65, 'm4-1': 26.76, 'm5-1': 9.44, 'm6-1': 24.23, 'm7-1': 11.15, 'm8-1': 9.62}",1.4564999999999628,133.40800000000002,inf,134.379,134.379,134.379
234,T5,BESTEFFORT,MISSED,m4-1,24.4,"{'m1-1': 115.11, 'm2-1': 0.97, 'm3-1': 10.66, 'm4-1': 25.04, 'm5-1': 9.76, 'm6-1': 24.36, 'm7-1': 10.73, 'm8-1': 10.61}",1.461000000000027,133.426,inf,134.4,134.4,134.4
235,T1,BESTEFFORT,MISSED,m5-1,24.457,"{'m1-1': 105.58, 'm2-1': 1.05, 'm3-1': 10.32, 'm4-1': 26.17, 'm5-1': 10.69, 'm6-1': 26.61, 'm7-1': 10.02, 'm8-1': 10.32}",1.393500000000003,133.528,inf,134.457,134.457,134.457
236,T8,BESTEFFORT,MISSED,m6-1,24.482,"{'m1-1': 104.63, 'm2-1': 1.02, 'm3-1': 9.18, 'm4-1': 23.23, 'm5-1': 10.97, 'm6-1': 25.36, 'm7-1': 10.26, 'm8-1': 10.1}",1.370999999999981,133.568,inf,134.482,134.482,134.482
237,T1,BESTEFFORT,MISSED,m7-1,24.51,"{'m1-1': 103.0, 'm2-1': 1.04, 'm3-1': 10.87, 'm4-1': 26.48, 'm5-1': 9.59, 'm6-1': 25.67, 'm7-1': 9.71, 'm8-1': 10.46}",1.3799999999999812,133.59,inf,134.51,134.51,134.51
238,T4,BESTEFFORT,MISSED,m8-1,24.634,"{'m1-1': 111.96, 'm2-1': 1.14, 'm3-1': 11.11, 'm4-1': 27.1, 'm5-1': 11.19, 'm6-1': 26.89, 'm7-1': 10.57, 'm8-1': 10.02}",1.2135000000000389,133.825,inf,134.63400000000001,134.63400000000001,134.63400000000001
239,T3,BESTEFFORT,MISSED,m1-1,24.685,"{'m1-1': 93.75, 'm2-1': 0.98, 'm3-1': 10.66, 'm4-1': 29.34, 'm5-1': 10.75, 'm6-1': 28.12, 'm7-1': 10.77, 'm8-1': 10.66}",1.1504999999999939,133.918,inf,134.685,134.685,134.685
240,T9,BESTEFFORT,COMPLETED,m2-1,24.752,"{'m1-1': 100.69, 'm2-1': 1.08, 'm3-1': 10.4, 'm4-1': 26.81, 'm5-1': 9.24, 'm6-1': 28.02, 'm7-1': 10.33, 'm8-1': 9.5}",1.62,50.242999999999995,51.32299999999999,inf,134.752,134.752
241,T2,BESTEFFORT,MISSED,m3-1,24.759,"{'m1-1': 99.66, 'm2-1': 1.04, 'm3-1': 10.24, 'm4-1': 25.63, 'm5-1': 10.96, 'm6-1': 24.74, 'm7-1': 10.61, 'm8-1': 10.38}",0.5700000000000358,134.379,inf,134.75900000000001,134.75900000000001,134.75900000000001
242,T6,BESTEFFORT,COMPLETED,m2-1,24.923,"{'m1-1': 102.6, 'm2-1': 0.96, 'm3-1': 10.63, 'm4-1': 26.07, 'm5-1': 11.08, 'm6-1': 26.86, 'm7-1': 9.67, 'm8-1': 9.67}",1.44,51.32299999999999,52.282999999999994,inf,134.923,134.923
243,T2,BESTEFFORT,MISSED,m4-1,24.948,"{'m1-1': 109.32, 'm2-1': 1.07, 'm3-1': 11.11, 'm4-1': 26.28, 'm5-1': 10.94, 'm6-1': 25.83, 'm7-1': 10.01, 'm8-1': 10.89}",0.8220000000000027,134.4,inf,134.948,134.948,134.948
244,T4,BESTEFFORT,MISSED,m5-1,24.968,"{'m1-1': 104.5, 'm2-1': 0.99, 'm3-1': 10.74, 'm4-1': 26.29, 'm5-1': 10.4, 'm6-1': 27.21, 'm7-1': 9.5, 'm8-1': 11.58}",0.7664999999999935,134.457,inf,134.968,134.968,134.968
245,T2,BESTEFFORT,MISSED,m6-1,25.0,"{'m1-1': 106.12, 'm2-1': 1.02, 'm3-1': 11.17, 'm4-1': 26.85, 'm5-1': 10.17, 'm6-1': 25.22, 'm7-1': 10.52, 'm8-1': 10.06}",0.777000000000001,134.482,inf,135.0,135.0,135.0
246,T2,BESTEFFORT,MISSED,m7-1,25.026,"{'m1-1': 113.5, 'm2-1': 1.13, 'm3-1': 10.66, 'm4-1': 29.17, 'm5-1': 10.27, 'm6-1': 26.87, 'm7-1': 10.64, 'm8-1': 11.12}",0.7740000000000293,134.51,inf,135.026,135.026,135.026
247,T9,BESTEFFORT,MISSED,m8-1,25.033,"{'m1-1': 99.81, 'm2-1': 1.08, 'm3-1': 10.38, 'm4-1': 25.49, 'm5-1': 10.35, 'm6-1': 25.35, 'm7-1': 10.96, 'm8-1': 9.37}",0.5985000000000014,134.63400000000001,inf,135.03300000000002,135.03300000000002,135.03300000000002
248,T5,BESTEFFORT,MISSED,m1-1,25.203,"{'m1-1': 105.17, 'm2-1': 0.95, 'm3-1': 10.51, 'm4-1': 24.79, 'm5-1': 9.24, 'm6-1': 26.89, 'm7-1': 11.3, 'm8-1': 10.74}",0.777000000000001,134.685,inf,135.203,135.203,135.203
249,T10,BESTEFFORT,COMPLETED,m2-1,25.247,"{'m1-1': 108.25, 'm2-1': 0.98, 'm3-1': 10.73, 'm4-1': 26.51, 'm5-1': 9.85, 'm6-1': 28.88, 'm7-1': 9.71, 'm8-1': 10.34}",1.47,52.282999999999994,53.26299999999999,inf,135.247,135.247
250,T5,BESTEFFORT,MISSED,m3-1,25.501,"{'m1-1': 97.72, 'm2-1': 1.08, 'm3-1': 9.46, 'm4-1': 25.95, 'm5-1': 10.76, 'm6-1': 27.68, 'm7-1': 11.08, 'm8-1': 11.11}",1.1129999999999853,134.75900000000001,inf,135.501,135.501,135.501
251,T9,BESTEFFORT,MISSED,m4-1,25.66,"{'m1-1': 106.27, 'm2-1': 1.12, 'm3-1': 9.29, 'm4-1': 26.83, 'm5-1': 10.0, 'm6-1': 28.49, 'm7-1': 9.55, 'm8-1': 10.15}",1.0679999999999836,134.948,inf,135.66,135.66,135.66
252,T10,BESTEFFORT,MISSED,m5-1,25.715,"{'m1-1': 108.1, 'm2-1': 1.01, 'm3-1': 10.13, 'm4-1': 24.0, 'm5-1': 9.73, 'm6-1': 26.26, 'm7-1': 9.8, 'm8-1': 10.83}",1.1205000000000211,134.968,inf,135.715,135.715,135.715
253,T7,BESTEFFORT,MISSED,m6-1,25.8,"{'m1-1': 99.9, 'm2-1': 1.1, 'm3-1': 10.61, 'm4-1': 24.64, 'm5-1': 10.1, 'm6-1': 28.38, 'm7-1': 11.62, 'm8-1': 9.97}",1.200000000000017,135.0,inf,135.8,135.8,135.8
254,T2,BESTEFFORT,COMPLETED,m2-1,26.065,"{'m1-1': 106.19, 'm2-1': 1.14, 'm3-1': 10.23, 'm4-1': 27.91, 'm5-1': 9.53, 'm6-1': 25.55, 'm7-1': 10.85, 'm8-1': 10.19}",1.71,53.26299999999999,54.40299999999999,inf,136.065,136.065
255,T9,BESTEFFORT,MISSED,m7-1,26.106,"{'m1-1': 94.69, 'm2-1': 0.99, 'm3-1': 10.04, 'm4-1': 25.55, 'm5-1': 9.88, 'm6-1': 27.96, 'm7-1': 9.95, 'm8-1': 9.37}",1.6199999999999761,135.026,inf,136.106,136.106,136.106
256,T1,BESTEFFORT,MISSED,m8-1,26.383,"{'m1-1': 111.11, 'm2-1': 0.92, 'm3-1': 9.65, 'm4-1': 26.34, 'm5-1': 10.18, 'm6-1': 27.51, 'm7-1': 9.72, 'm8-1': 10.24}",2.0249999999999915,135.03300000000002,inf,136.383,136.383,136.383
257,T5,BESTEFFORT,MISSED,m1-1,26.482,"{'m1-1': 112.87, 'm2-1': 1.05, 'm3-1': 9.6, 'm4-1': 26.04, 'm5-1': 10.66, 'm6-1': 26.39, 'm7-1': 10.12, 'm8-1': 9.68}",1.9184999999999945,135.203,inf,136.482,136.482,136.482
258,T9,BESTEFFORT,COMPLETED,m2-1,26.66,"{'m1-1': 105.23, 'm2-1': 1.03, 'm3-1': 9.85, 'm4-1': 25.66, 'm5-1': 10.19, 'm6-1': 27.37, 'm7-1': 10.69, 'm8-1': 9.95}",1.545,54.40299999999999,55.43299999999999,inf,136.66,136.66
259,T8,BESTEFFORT,MISSED,m3-1,26.74,"{'m1-1': 102.86, 'm2-1': 1.01, 'm3-1': 10.5, 'm4-1': 26.87, 'm5-1': 11.21, 'm6-1': 27.69, 'm7-1': 9.58, 'm8-1': 9.83}",1.8585000000000065,135.501,inf,136.74,136.74,136.74
260,T7,BESTEFFORT,MISSED,m4-1,26.75,"{'m1-1': 103.42, 'm2-1': 1.03, 'm3-1': 9.64, 'm4-1': 24.62, 'm5-1': 10.46, 'm6-1': 28.59, 'm7-1': 10.22, 'm8-1': 10.54}",1.6350000000000051,135.66,inf,136.75,136.75,136.75
261,T3,BESTEFFORT,MISSED,m5-1,26.81,"{'m1-1': 101.44, 'm2-1': 1.15, 'm3-1': 10.61, 'm4-1': 25.63, 'm5-1': 10.29, 'm6-1': 25.62, 'm7-1': 11.91, 'm8-1': 11.02}",1.6424999999999983,135.715,inf,136.81,136.81,136.81
262,T3,BESTEFFORT,COMPLETED,m2-1,26.893,"{'m1-1': 98.68, 'm2-1': 1.13, 'm3-1': 10.8, 'm4-1': 28.91, 'm5-1': 11.81, 'm6-1': 24.76, 'm7-1': 11.74, 'm8-1': 11.35}",1.6949999999999998,55.43299999999999,56.562999999999995,inf,136.893,136.893
263,T7,BESTEFFORT,MISSED,m6-1,26.92,"{'m1-1': 107.8, 'm2-1': 1.04, 'm3-1': 10.19, 'm4-1': 27.75, 'm5-1': 10.82, 'm6-1': 27.4, 'm7-1': 10.39, 'm8-1': 10.03}",1.6800000000000068,135.8,inf,136.92000000000002,136.92000000000002,136.92000000000002
264,T7,BESTEFFORT,MISSED,m7-1,26.967,"{'m1-1': 108.83, 'm2-1': 0.96, 'm3-1': 9.62, 'm4-1': 25.6, 'm5-1': 11.46, 'm6-1': 24.98, 'm7-1': 11.45, 'm8-1': 10.47}",1.291499999999985,136.106,inf,136.96699999999998,136.96699999999998,136.96699999999998
265,T9,BESTEFFORT,MISSED,m8-1,27.048,"{'m1-1': 108.15, 'm2-1': 1.04, 'm3-1': 9.88, 'm4-1': 27.26, 'm5-1': 10.39, 'm6-1': 24.2, 'm7-1': 11.11, 'm8-1': 9.27}",0.9974999999999881,136.383,inf,137.048,137.048,137.048
266,T7,BESTEFFORT,MISSED,m1-1,27.125,"{'m1-1': 98.85, 'm2-1': 1.09, 'm3-1': 10.09, 'm4-1': 25.92, 'm5-1': 10.64, 'm6-1': 25.18, 'm7-1': 10.73, 'm8-1': 10.64}",0.964500000000001,136.482,inf,137.125,137.125,137.125
267,T10,BESTEFFORT,COMPLETED,m2-1,27.212,"{'m1-1': 100.29, 'm2-1': 1.08, 'm3-1': 9.92, 'm4-1': 26.11, 'm5-1': 10.88, 'm6-1': 28.31, 'm7-1': 9.19, 'm8-1': 10.15}",1.62,56.562999999999995,57.642999999999994,inf,137.212,137.212
268,T5,BESTEFFORT,MISSED,m3-1,27.222,"{'m1-1': 106.95, 'm2-1': 1.1, 'm3-1': 11.15, 'm4-1': 24.47, 'm5-1': 10.44, 'm6-1': 27.47, 'm7-1': 10.88, 'm8-1': 10.27}",0.722999999999999,136.74,inf,137.222,137.222,137.222
269,T8,BESTEFFORT,MISSED,m4-1,27.453,"{'m1-1': 111.37, 'm2-1': 1.04, 'm3-1': 10.52, 'm4-1': 25.95, 'm5-1': 10.75, 'm6-1': 25.92, 'm7-1': 10.9, 'm8-1': 10.54}",1.0545000000000044,136.75,inf,137.453,137.453,137.453
270,T6,BESTEFFORT,MISSED,m5-1,27.49,"{'m1-1': 114.47, 'm2-1': 1.06, 'm3-1': 11.39, 'm4-1': 26.22, 'm5-1': 10.68, 'm6-1': 24.87, 'm7-1': 11.38, 'm8-1': 10.4}",1.0200000000000102,136.81,inf,137.49,137.49,137.49
271,T4,BESTEFFORT,MISSED,m6-1,27.564,"{'m1-1': 109.78, 'm2-1': 1.05, 'm3-1': 10.37, 'm4-1': 26.34, 'm5-1': 9.7, 'm6-1': 26.4, 'm7-1': 10.42, 'm8-1': 11.25}",0.9659999999999656,136.92000000000002,inf,137.564,137.564,137.564
272,T6,BESTEFFORT,MISSED,m7-1,27.572,"{'m1-1': 101.43, 'm2-1': 1.06, 'm3-1': 10.71, 'm4-1': 26.04, 'm5-1': 10.39, 'm6-1': 26.02, 'm7-1': 10.32, 'm8-1': 10.7}",0.9075000000000273,136.96699999999998,inf,137.572,137.572,137.572
273,T6,BESTEFFORT,MISSED,m8-1,27.625,"{'m1-1': 114.59, 'm2-1': 0.98, 'm3-1': 10.56, 'm4-1': 28.4, 'm5-1': 9.47, 'm6-1': 25.4, 'm7-1': 9.65, 'm8-1': 10.9}",0.8654999999999973,137.048,inf,137.625,137.625,137.625
274,T3,BESTEFFORT,MISSED,m1-1,27.71,"{'m1-1': 99.07, 'm2-1': 1.15, 'm3-1': 10.36, 'm4-1': 28.52, 'm5-1': 11.6, 'm6-1': 25.66, 'm7-1': 11.55, 'm8-1': 11.0}",0.8775000000000119,137.125,inf,137.71,137.71,137.71
275,T2,BESTEFFORT,MISSED,m4-1,27.842,"{'m1-1': 112.3, 'm2-1': 1.05, 'm3-1': 11.32, 'm4-1': 25.42, 'm5-1': 9.79, 'm6-1': 27.5, 'm7-1': 10.81, 'm8-1': 9.81}",0.5834999999999724,137.453,inf,137.84199999999998,137.84199999999998,137.84199999999998
276,T4,BESTEFFORT,COMPLETED,m2-1,27.844,"{'m1-1': 109.1, 'm2-1': 1.02, 'm3-1': 11.85, 'm4-1': 28.72, 'm5-1': 11.24, 'm6-1': 27.73, 'm7-1': 10.0, 'm8-1': 11.79}",1.53,57.642999999999994,58.663,inf,137.844,137.844
277,T1,BESTEFFORT,MISSED,m3-1,27.893,"{'m1-1': 112.26, 'm2-1': 0.97, 'm3-1': 9.44, 'm4-1': 27.68, 'm5-1': 10.72, 'm6-1': 26.48, 'm7-1': 10.36, 'm8-1': 9.77}",1.0064999999999884,137.222,inf,137.893,137.893,137.893
278,T3,BESTEFFORT,COMPLETED,m2-1,28.014,"{'m1-1': 110.0, 'm2-1': 1.07, 'm3-1': 10.45, 'm4-1': 25.78, 'm5-1': 10.68, 'm6-1': 27.54, 'm7-1': 11.7, 'm8-1': 10.75}",1.605,58.663,59.733,inf,138.014,138.014
279,T2,BESTEFFORT,MISSED,m4-1,28.028,"{'m1-1': 116.73, 'm2-1': 1.06, 'm3-1': 9.92, 'm4-1': 26.93, 'm5-1': 9.88, 'm6-1': 24.04, 'm7-1': 10.11, 'm8-1': 11.02}",0.2790000000000106,137.84199999999998,inf,138.028,138.028,138.028
280,T7,BESTEFFORT,MISSED,m5-1,28.033,"{'m1-1': 99.32, 'm2-1': 1.0, 'm3-1': 10.95, 'm4-1': 24.0, 'm5-1': 10.03, 'm6-1': 28.73, 'm7-1': 11.19, 'm8-1': 10.63}",0.8145000000000095,137.49,inf,138.03300000000002,138.03300000000002,138.03300000000002
281,T6,BESTEFFORT,MISSED,m6-1,28.082,"{'m1-1': 107.62, 'm2-1': 1.08, 'm3-1': 10.19, 'm4-1': 27.79, 'm5-1': 9.68, 'm6-1': 24.99, 'm7-1': 9.61, 'm8-1': 9.88}",0.777000000000001,137.564,inf,138.082,138.082,138.082
282,T6,BESTEFFORT,MISSED,m7-1,28.105,"{'m1-1': 109.8, 'm2-1': 1.06, 'm3-1': 10.06, 'm4-1': 28.91, 'm5-1': 9.81, 'm6-1': 26.32, 'm7-1': 10.44, 'm8-1': 9.74}",0.7994999999999806,137.572,inf,138.105,138.105,138.105
283,T5,BESTEFFORT,MISSED,m8-1,28.129,"{'m1-1': 104.31, 'm2-1': 0.98, 'm3-1': 11.1, 'm4-1': 27.36, 'm5-1': 10.8, 'm6-1': 24.7, 'm7-1': 9.59, 'm8-1': 9.68}",0.755999999999986,137.625,inf,138.129,138.129,138.129
284,T3,BESTEFFORT,MISSED,m1-1,28.22,"{'m1-1': 109.98, 'm2-1': 1.01, 'm3-1': 9.98, 'm4-1': 27.05, 'm5-1': 11.53, 'm6-1': 27.64, 'm7-1': 11.55, 'm8-1': 10.62}",0.7649999999999864,137.71,inf,138.22,138.22,138.22
285,T6,BESTEFFORT,MISSED,m6-1,28.332,"{'m1-1': 110.44, 'm2-1': 1.1, 'm3-1': 10.43, 'm4-1': 25.66, 'm5-1': 10.91, 'm6-1': 26.48, 'm7-1': 10.01, 'm8-1': 10.3}",0.375,138.082,inf,138.332,138.332,138.332
286,T1,BESTEFFORT,COMPLETED,m2-1,28.375,"{'m1-1': 114.78, 'm2-1': 0.96, 'm3-1': 9.45, 'm4-1': 25.7, 'm5-1': 11.02, 'm6-1': 25.82, 'm7-1': 10.68, 'm8-1': 11.23}",1.44,59.733,60.693,inf,138.375,138.375
287,T10,BESTEFFORT,MISSED,m3-1,28.385,"{'m1-1': 108.45, 'm2-1': 1.12, 'm3-1': 9.85, 'm4-1': 26.28, 'm5-1': 11.0, 'm6-1': 27.14, 'm7-1': 10.78, 'm8-1': 9.74}",0.7379999999999853,137.893,inf,138.385,138.385,138.385
288,T2,BESTEFFORT,MISSED,m4-1,28.427,"{'m1-1': 100.19, 'm2-1': 1.12, 'm3-1': 10.36, 'm4-1': 27.44, 'm5-1': 9.74, 'm6-1': 25.92, 'm7-1': 10.28, 'm8-1': 10.39}",0.5985000000000014,138.028,inf,138.427,138.427,138.427
289,T9,BESTEFFORT,MISSED,m5-1,28.432,"{'m1-1': 96.95, 'm2-1': 0.98, 'm3-1': 10.41, 'm4-1': 28.64, 'm5-1': 10.4, 'm6-1': 26.09, 'm7-1': 10.25, 'm8-1': 9.71}",0.5984999999999587,138.03300000000002,inf,138.432,138.432,138.432
290,T4,BESTEFFORT,MISSED,m6-1,28.495,"{'m1-1': 106.08, 'm2-1': 1.0, 'm3-1': 11.07, 'm4-1': 28.71, 'm5-1': 9.84, 'm6-1': 24.59, 'm7-1': 11.0, 'm8-1': 11.25}",0.24450000000001637,138.332,inf,138.495,138.495,138.495
291,T1,BESTEFFORT,MISSED,m7-1,28.523,"{'m1-1': 104.94, 'm2-1': 1.01, 'm3-1': 10.95, 'm4-1': 27.93, 'm5-1': 10.29, 'm6-1': 29.2, 'm7-1': 9.56, 'm8-1': 10.97}",0.6270000000000095,138.105,inf,138.523,138.523,138.523
292,T2,BESTEFFORT,MISSED,m8-1,28.524,"{'m1-1': 102.23, 'm2-1': 1.13, 'm3-1': 11.2, 'm4-1': 29.62, 'm5-1': 10.47, 'm6-1': 27.6, 'm7-1': 10.06, 'm8-1': 10.24}",0.5925000000000153,138.129,inf,138.524,138.524,138.524
293,T3,BESTEFFORT,MISSED,m1-1,28.67,"{'m1-1': 93.22, 'm2-1': 1.06, 'm3-1': 9.5, 'm4-1': 27.09, 'm5-1': 10.58, 'm6-1': 25.2, 'm7-1': 10.22, 'm8-1': 11.05}",0.6750000000000256,138.22,inf,138.67000000000002,138.67000000000002,138.67000000000002
294,T6,BESTEFFORT,COMPLETED,m2-1,29.004,"{'m1-1': 104.01, 'm2-1': 1.06, 'm3-1': 11.51, 'm4-1': 29.44, 'm5-1': 9.83, 'm6-1': 24.37, 'm7-1': 10.15, 'm8-1': 9.95}",1.59,60.693,61.753,inf,139.004,139.004
295,T8,BESTEFFORT,COMPLETED,m2-1,29.058,"{'m1-1': 105.04, 'm2-1': 1.12, 'm3-1': 10.82, 'm4-1': 23.96, 'm5-1': 11.8, 'm6-1': 26.67, 'm7-1': 10.94, 'm8-1': 10.93}",1.6800000000000002,61.753,62.873,inf,139.058,139.058
296,T3,BESTEFFORT,MISSED,m3-1,29.105,"{'m1-1': 97.98, 'm2-1': 1.04, 'm3-1': 9.26, 'm4-1': 26.86, 'm5-1': 10.59, 'm6-1': 25.21, 'm7-1': 10.5, 'm8-1': 10.62}",1.0799999999999983,138.385,inf,139.105,139.105,139.105
297,T8,BESTEFFORT,MISSED,m4-1,29.108,"{'m1-1': 104.63, 'm2-1': 1.05, 'm3-1': 9.46, 'm4-1': 23.5, 'm5-1': 10.75, 'm6-1': 25.53, 'm7-1': 10.26, 'm8-1': 10.65}",1.0215000000000174,138.427,inf,139.108,139.108,139.108
298,T3,BESTEFFORT,MISSED,m5-1,29.176,"{'m1-1': 104.29, 'm2-1': 1.01, 'm3-1': 10.13, 'm4-1': 27.87, 'm5-1': 10.84, 'm6-1': 24.42, 'm7-1': 10.18, 'm8-1': 10.37}",1.1159999999999997,138.432,inf,139.176,139.176,139.176
299,T8,BESTEFFORT,MISSED,m6-1,29.231,"{'m1-1': 101.41, 'm2-1': 1.13, 'm3-1': 10.63, 'm4-1': 23.33, 'm5-1': 10.28, 'm6-1': 28.48, 'm7-1': 10.82, 'm8-1': 10.99}",1.103999999999985,138.495,inf,139.231,139.231,139.231
300,T10,BESTEFFORT,MISSED,m7-1,29.503,"{'m1-1': 95.9, 'm2-1': 0.95, 'm3-1': 10.94, 'm4-1': 23.96, 'm5-1': 10.72, 'm6-1': 26.38, 'm7-1': 9.97, 'm8-1': 11.1}",1.4699999999999847,138.523,inf,139.503,139.503,139.503
301,T9,BESTEFFORT,MISSED,m8-1,29.557,"{'m1-1': 101.64, 'm2-1': 1.05, 'm3-1': 9.46, 'm4-1': 27.25, 'm5-1': 10.72, 'm6-1': 25.4, 'm7-1': 10.05, 'm8-1': 10.1}",1.5494999999999806,138.524,inf,139.557,139.557,139.557
302,T9,BESTEFFORT,MISSED,m1-1,29.641,"{'m1-1': 107.13, 'm2-1': 1.0, 'm3-1': 9.97, 'm4-1': 27.72, 'm5-1': 9.49, 'm6-1': 25.05, 'm7-1': 10.57, 'm8-1': 10.85}",1.4564999999999628,138.67000000000002,inf,139.641,139.641,139.641
303,T2,BESTEFFORT,COMPLETED,m2-1,29.663,"{'m1-1': 112.49, 'm2-1': 1.13, 'm3-1': 10.83, 'm4-1': 26.34, 'm5-1': 9.77, 'm6-1': 25.15, 'm7-1': 10.61, 'm8-1': 9.7}",1.6949999999999998,62.873,64.003,inf,139.663,139.663
304,T4,BESTEFFORT,MISSED,m3-1,29.754,"{'m1-1': 108.94, 'm2-1': 1.0, 'm3-1': 11.31, 'm4-1': 24.48, 'm5-1': 10.6, 'm6-1': 24.04, 'm7-1': 9.43, 'm8-1': 11.65}",0.9735000000000014,139.105,inf,139.754,139.754,139.754
305,T9,BESTEFFORT,MISSED,m4-1,29.945,"{'m1-1': 106.64, 'm2-1': 1.06, 'm3-1': 10.77, 'm4-1': 27.81, 'm5-1': 9.62, 'm6-1': 27.16, 'm7-1': 10.13, 'm8-1': 9.22}",1.2554999999999836,139.108,inf,139.945,139.945,139.945
306,T3,BESTEFFORT,MISSED,m5-1,30.035,"{'m1-1': 103.69, 'm2-1': 1.16, 'm3-1': 10.5, 'm4-1': 28.49, 'm5-1': 10.06, 'm6-1': 27.85, 'm7-1': 10.77, 'm8-1': 11.5}",1.2885000000000133,139.176,inf,140.035,140.035,140.035
307,T8,BESTEFFORT,MISSED,m6-1,30.069,"{'m1-1': 110.1, 'm2-1': 1.12, 'm3-1': 9.95, 'm4-1': 23.06, 'm5-1': 11.12, 'm6-1': 24.17, 'm7-1': 9.61, 'm8-1': 11.03}",1.2569999999999908,139.231,inf,140.069,140.069,140.069
308,T6,BESTEFFORT,MISSED,m7-1,30.078,"{'m1-1': 106.26, 'm2-1': 1.08, 'm3-1': 10.36, 'm4-1': 29.34, 'm5-1': 11.09, 'm6-1': 25.26, 'm7-1': 9.8, 'm8-1': 10.93}",0.8625000000000256,139.503,inf,140.078,140.078,140.078
309,T4,BESTEFFORT,COMPLETED,m2-1,30.19,"{'m1-1': 108.59, 'm2-1': 1.03, 'm3-1': 10.65, 'm4-1': 27.67, 'm5-1': 10.22, 'm6-1': 25.13, 'm7-1': 9.53, 'm8-1': 11.74}",1.545,64.003,65.033,inf,140.19,140.19
310,T9,BESTEFFORT,MISSED,m8-1,30.334,"{'m1-1': 107.26, 'm2-1': 1.01, 'm3-1': 9.44, 'm4-1': 26.25, 'm5-1': 9.51, 'm6-1': 26.16, 'm7-1': 10.6, 'm8-1': 9.81}",1.1655000000000229,139.557,inf,140.334,140.334,140.334
311,T7,BESTEFFORT,MISSED,m1-1,30.35,"{'m1-1': 108.65, 'm2-1': 1.08, 'm3-1': 10.55, 'm4-1': 23.93, 'm5-1': 10.22, 'm6-1': 28.99, 'm7-1': 10.27, 'm8-1': 10.72}",1.0635000000000048,139.641,inf,140.35,140.35,140.35
312,T10,BESTEFFORT,COMPLETED,m2-1,30.36,"{'m1-1': 101.74, 'm2-1': 1.12, 'm3-1': 9.61, 'm4-1': 27.84, 'm5-1': 10.67, 'm6-1': 27.08, 'm7-1': 10.12, 'm8-1': 10.26}",1.6800000000000002,65.033,66.153,inf,140.36,140.36
313,T4,BESTEFFORT,MISSED,m3-1,30.464,"{'m1-1': 108.04, 'm2-1': 1.0, 'm3-1': 11.78, 'm4-1': 26.42, 'm5-1': 10.57, 'm6-1': 23.79, 'm7-1': 9.75, 'm8-1': 10.24}",1.065000000000012,139.754,inf,140.464,140.464,140.464
314,T4,BESTEFFORT,MISSED,m4-1,30.564,"{'m1-1': 105.78, 'm2-1': 1.03, 'm3-1': 10.64, 'm4-1': 25.44, 'm5-1': 10.14, 'm6-1': 27.93, 'm7-1': 10.11, 'm8-1': 10.28}",0.9284999999999997,139.945,inf,140.564,140.564,140.564
315,T4,BESTEFFORT,MISSED,m3-1,30.682,"{'m1-1': 115.2, 'm2-1': 0.98, 'm3-1': 10.69, 'm4-1': 26.37, 'm5-1': 10.06, 'm6-1': 25.77, 'm7-1': 10.66, 'm8-1': 10.95}",0.32699999999998397,140.464,inf,140.682,140.682,140.682
316,T9,BESTEFFORT,MISSED,m5-1,30.777,"{'m1-1': 104.82, 'm2-1': 1.05, 'm3-1': 10.59, 'm4-1': 24.92, 'm5-1': 9.46, 'm6-1': 27.47, 'm7-1': 10.61, 'm8-1': 9.98}",1.1129999999999853,140.035,inf,140.777,140.777,140.777
317,T8,BESTEFFORT,MISSED,m6-1,30.78,"{'m1-1': 111.03, 'm2-1': 1.13, 'm3-1': 10.56, 'm4-1': 26.38, 'm5-1': 10.18, 'm6-1': 25.3, 'm7-1': 9.78, 'm8-1': 9.65}",1.066500000000019,140.069,inf,140.78,140.78,140.78
318,T6,BESTEFFORT,MISSED,m7-1,30.879,"{'m1-1': 113.24, 'm2-1': 1.12, 'm3-1': 11.1, 'm4-1': 28.75, 'm5-1': 10.34, 'm6-1': 24.34, 'm7-1': 10.07, 'm8-1': 10.65}",1.2014999999999816,140.078,inf,140.879,140.879,140.879
319,T9,BESTEFFORT,MISSED,m8-1,30.896,"{'m1-1': 99.88, 'm2-1': 0.94, 'm3-1': 9.32, 'm4-1': 25.94, 'm5-1': 9.35, 'm6-1': 28.4, 'm7-1': 10.48, 'm8-1': 10.21}",0.8430000000000177,140.334,inf,140.89600000000002,140.89600000000002,140.89600000000002
320,T1,BESTEFFORT,MISSED,m1-1,30.909,"{'m1-1': 111.27, 'm2-1': 0.97, 'm3-1': 9.52, 'm4-1': 24.15, 'm5-1': 9.72, 'm6-1': 24.85, 'm7-1': 9.96, 'm8-1': 11.15}",0.8384999999999962,140.35,inf,140.909,140.909,140.909
321,T4,BESTEFFORT,COMPLETED,m2-1,30.999,"{'m1-1': 101.08, 'm2-1': 1.1, 'm3-1': 10.24, 'm4-1': 26.55, 'm5-1': 10.23, 'm6-1': 24.92, 'm7-1': 9.7, 'm8-1': 11.24}",1.6500000000000001,66.153,67.253,inf,140.999,140.999
322,T4,BESTEFFORT,COMPLETED,m2-1,31.064,"{'m1-1': 105.51, 'm2-1': 0.98, 'm3-1': 11.12, 'm4-1': 27.54, 'm5-1': 10.16, 'm6-1': 25.84, 'm7-1': 10.89, 'm8-1': 11.31}",1.47,67.253,68.233,inf,141.064,141.064
323,T2,BESTEFFORT,MISSED,m3-1,31.194,"{'m1-1': 112.28, 'm2-1': 1.14, 'm3-1': 9.7, 'm4-1': 28.14, 'm5-1': 10.49, 'm6-1': 25.22, 'm7-1': 11.06, 'm8-1': 10.6}",0.7680000000000007,140.682,inf,141.194,141.194,141.194
324,T8,BESTEFFORT,MISSED,m4-1,31.418,"{'m1-1': 96.07, 'm2-1': 1.05, 'm3-1': 10.29, 'm4-1': 26.79, 'm5-1': 11.87, 'm6-1': 25.34, 'm7-1': 10.94, 'm8-1': 11.2}",1.2810000000000201,140.564,inf,141.418,141.418,141.418
325,T1,BESTEFFORT,MISSED,m5-1,31.435,"{'m1-1': 99.96, 'm2-1': 1.02, 'm3-1': 10.16, 'm4-1': 26.32, 'm5-1': 10.95, 'm6-1': 28.31, 'm7-1': 9.69, 'm8-1': 11.35}",0.9870000000000232,140.777,inf,141.435,141.435,141.435
326,T10,BESTEFFORT,MISSED,m6-1,31.543,"{'m1-1': 103.24, 'm2-1': 1.07, 'm3-1': 9.58, 'm4-1': 23.68, 'm5-1': 10.78, 'm6-1': 25.84, 'm7-1': 10.17, 'm8-1': 10.03}",1.1445000000000078,140.78,inf,141.543,141.543,141.543
327,T4,BESTEFFORT,MISSED,m7-1,31.739,"{'m1-1': 98.1, 'm2-1': 1.09, 'm3-1': 10.34, 'm4-1': 25.24, 'm5-1': 11.31, 'm6-1': 24.26, 'm7-1': 10.0, 'm8-1': 10.26}",1.2900000000000205,140.879,inf,141.739,141.739,141.739
328,T1,BESTEFFORT,MISSED,m5-1,32.011,"{'m1-1': 102.31, 'm2-1': 0.99, 'm3-1': 10.98, 'm4-1': 24.26, 'm5-1': 10.72, 'm6-1': 27.22, 'm7-1': 10.98, 'm8-1': 10.11}",0.8639999999999901,141.435,inf,142.011,142.011,142.011
329,T10,BESTEFFORT,MISSED,m8-1,32.4,"{'m1-1': 99.59, 'm2-1': 0.97, 'm3-1': 9.5, 'm4-1': 24.84, 'm5-1': 9.38, 'm6-1': 27.33, 'm7-1': 10.46, 'm8-1': 11.21}",2.255999999999986,140.89600000000002,inf,142.4,142.4,142.4
330,T10,BESTEFFORT,COMPLETED,m2-1,32.469,"{'m1-1': 109.56, 'm2-1': 1.1, 'm3-1': 10.71, 'm4-1': 24.78, 'm5-1': 9.79, 'm6-1': 24.79, 'm7-1': 10.11, 'm8-1': 10.44}",1.6500000000000001,68.233,69.333,inf,142.469,142.469
331,T7,BESTEFFORT,MISSED,m7-1,32.499,"{'m1-1': 105.94, 'm2-1': 0.98, 'm3-1': 9.34, 'm4-1': 23.82, 'm5-1': 10.24, 'm6-1': 28.45, 'm7-1': 11.73, 'm8-1': 10.16}",1.1399999999999864,141.739,inf,142.499,142.499,142.499
332,T2,BESTEFFORT,MISSED,m8-1,32.508,"{'m1-1': 102.94, 'm2-1': 1.08, 'm3-1': 10.88, 'm4-1': 27.8, 'm5-1': 10.95, 'm6-1': 26.26, 'm7-1': 10.51, 'm8-1': 9.89}",0.16200000000000614,142.4,inf,142.508,142.508,142.508
333,T10,BESTEFFORT,MISSED,m1-1,32.509,"{'m1-1': 111.84, 'm2-1': 1.1, 'm3-1': 9.62, 'm4-1': 25.58, 'm5-1': 10.46, 'm6-1': 27.64, 'm7-1': 10.56, 'm8-1': 10.68}",2.400000000000034,140.909,inf,142.50900000000001,142.50900000000001,142.50900000000001
334,T4,BESTEFFORT,COMPLETED,m2-1,32.574,"{'m1-1': 108.64, 'm2-1': 1.05, 'm3-1': 10.66, 'm4-1': 25.7, 'm5-1': 10.18, 'm6-1': 25.8, 'm7-1': 10.3, 'm8-1': 11.77}",1.5750000000000002,69.333,70.383,inf,142.574,142.574
335,T4,BESTEFFORT,MISSED,m3-1,32.715,"{'m1-1': 104.18, 'm2-1': 1.04, 'm3-1': 11.58, 'm4-1': 25.84, 'm5-1': 10.22, 'm6-1': 25.85, 'm7-1': 11.0, 'm8-1': 10.41}",2.2815000000000225,141.194,inf,142.715,142.715,142.715
336,T6,BESTEFFORT,MISSED,m4-1,33.013,"{'m1-1': 105.19, 'm2-1': 0.95, 'm3-1': 11.02, 'm4-1': 25.37, 'm5-1': 10.97, 'm6-1': 26.13, 'm7-1': 9.81, 'm8-1': 10.9}",2.3924999999999983,141.418,inf,143.013,143.013,143.013
337,T1,BESTEFFORT,COMPLETED,m2-1,33.08,"{'m1-1': 112.34, 'm2-1': 1.0, 'm3-1': 9.38, 'm4-1': 24.86, 'm5-1': 10.81, 'm6-1': 29.04, 'm7-1': 9.94, 'm8-1': 10.0}",1.5,70.383,71.383,inf,143.07999999999998,143.07999999999998
338,T8,BESTEFFORT,MISSED,m5-1,33.095,"{'m1-1': 105.41, 'm2-1': 1.08, 'm3-1': 10.6, 'm4-1': 24.32, 'm5-1': 10.31, 'm6-1': 25.65, 'm7-1': 10.58, 'm8-1': 9.67}",1.6260000000000048,142.011,inf,143.095,143.095,143.095
339,T9,BESTEFFORT,MISSED,m6-1,33.19,"{'m1-1': 110.24, 'm2-1': 1.0, 'm3-1': 9.55, 'm4-1': 25.75, 'm5-1': 10.8, 'm6-1': 27.05, 'm7-1': 9.77, 'm8-1': 10.36}",2.470499999999987,141.543,inf,143.19,143.19,143.19
340,T2,BESTEFFORT,MISSED,m7-1,33.299,"{'m1-1': 116.38, 'm2-1': 1.09, 'm3-1': 11.25, 'm4-1': 29.0, 'm5-1': 9.8, 'm6-1': 24.85, 'm7-1': 10.66, 'm8-1': 9.76}",1.200000000000017,142.499,inf,143.299,143.299,143.299
341,T4,BESTEFFORT,MISSED,m8-1,33.49,"{'m1-1': 101.09, 'm2-1': 1.14, 'm3-1': 10.44, 'm4-1': 28.43, 'm5-1': 10.47, 'm6-1': 25.43, 'm7-1': 10.5, 'm8-1': 11.04}",1.472999999999999,142.508,inf,143.49,143.49,143.49
342,T1,BESTEFFORT,MISSED,m1-1,33.557,"{'m1-1': 102.02, 'm2-1': 1.08, 'm3-1': 10.12, 'm4-1': 26.1, 'm5-1': 10.27, 'm6-1': 26.8, 'm7-1': 10.27, 'm8-1': 10.37}",1.5720000000000027,142.50900000000001,inf,143.55700000000002,143.55700000000002,143.55700000000002
343,T5,BESTEFFORT,COMPLETED,m2-1,33.578,"{'m1-1': 114.9, 'm2-1': 1.06, 'm3-1': 11.14, 'm4-1': 26.54, 'm5-1': 10.37, 'm6-1': 26.71, 'm7-1': 9.92, 'm8-1': 10.4}",1.59,71.383,72.443,inf,143.578,143.578
344,T5,BESTEFFORT,MISSED,m3-1,33.69,"{'m1-1': 112.3, 'm2-1': 1.11, 'm3-1': 10.01, 'm4-1': 26.27, 'm5-1': 9.94, 'm6-1': 24.47, 'm7-1': 10.8, 'm8-1': 9.99}",1.4624999999999915,142.715,inf,143.69,143.69,143.69
345,T3,BESTEFFORT,MISSED,m4-1,33.697,"{'m1-1': 106.45, 'm2-1': 1.01, 'm3-1': 9.38, 'm4-1': 27.92, 'm5-1': 10.24, 'm6-1': 27.41, 'm7-1': 10.4, 'm8-1': 11.35}",1.0259999999999962,143.013,inf,143.697,143.697,143.697
346,T3,BESTEFFORT,MISSED,m5-1,33.729,"{'m1-1': 97.99, 'm2-1': 1.0, 'm3-1': 9.95, 'm4-1': 24.93, 'm5-1': 11.22, 'm6-1': 24.65, 'm7-1': 10.4, 'm8-1': 10.31}",0.9509999999999792,143.095,inf,143.72899999999998,143.72899999999998,143.72899999999998
347,T8,BESTEFFORT,MISSED,m6-1,33.739,"{'m1-1': 98.62, 'm2-1': 1.02, 'm3-1': 9.81, 'm4-1': 26.31, 'm5-1': 11.31, 'm6-1': 28.37, 'm7-1': 9.92, 'm8-1': 10.82}",0.8235000000000099,143.19,inf,143.739,143.739,143.739
348,T3,BESTEFFORT,MISSED,m7-1,33.76,"{'m1-1': 96.43, 'm2-1': 1.08, 'm3-1': 9.65, 'm4-1': 27.55, 'm5-1': 11.56, 'm6-1': 27.22, 'm7-1': 11.4, 'm8-1': 10.98}",0.6914999999999765,143.299,inf,143.76,143.76,143.76
349,T5,BESTEFFORT,MISSED,m8-1,33.851,"{'m1-1': 99.12, 'm2-1': 0.96, 'm3-1': 10.89, 'm4-1': 28.76, 'm5-1': 10.43, 'm6-1': 27.3, 'm7-1': 10.16, 'm8-1': 11.23}",0.541499999999985,143.49,inf,143.851,143.851,143.851
350,T10,BESTEFFORT,MISSED,m1-1,33.886,"{'m1-1': 100.4, 'm2-1': 1.01, 'm3-1': 9.34, 'm4-1': 26.82, 'm5-1': 10.66, 'm6-1': 27.94, 'm7-1': 10.31, 'm8-1': 10.48}",0.49349999999996896,143.55700000000002,inf,143.886,143.886,143.886
351,T5,BESTEFFORT,COMPLETED,m2-1,33.933,"{'m1-1': 101.01, 'm2-1': 1.13, 'm3-1': 10.33, 'm4-1': 28.82, 'm5-1': 10.3, 'm6-1': 27.31, 'm7-1': 9.86, 'm8-1': 9.97}",1.6949999999999998,72.443,73.573,inf,143.933,143.933
352,T8,BESTEFFORT,MISSED,m3-1,33.955,"{'m1-1': 108.94, 'm2-1': 1.05, 'm3-1': 9.32, 'm4-1': 26.79, 'm5-1': 10.17, 'm6-1': 25.83, 'm7-1': 11.24, 'm8-1': 10.72}",0.39749999999997954,143.69,inf,143.95499999999998,143.95499999999998,143.95499999999998
353,T2,BESTEFFORT,MISSED,m4-1,33.976,"{'m1-1': 103.96, 'm2-1': 1.14, 'm3-1': 9.79, 'm4-1': 29.62, 'm5-1': 9.93, 'm6-1': 25.61, 'm7-1': 10.95, 'm8-1': 11.17}",0.41849999999999454,143.697,inf,143.976,143.976,143.976
354,T6,BESTEFFORT,COMPLETED,m2-1,34.086,"{'m1-1': 103.86, 'm2-1': 1.03, 'm3-1': 11.12, 'm4-1': 27.96, 'm5-1': 10.8, 'm6-1': 25.87, 'm7-1': 11.38, 'm8-1': 10.95}",1.545,73.573,74.603,inf,144.086,144.086
355,T5,BESTEFFORT,MISSED,m5-1,34.141,"{'m1-1': 113.93, 'm2-1': 0.99, 'm3-1': 9.7, 'm4-1': 28.04, 'm5-1': 10.05, 'm6-1': 28.8, 'm7-1': 10.62, 'm8-1': 10.36}",0.6180000000000092,143.72899999999998,inf,144.141,144.141,144.141
356,T4,BESTEFFORT,MISSED,m6-1,34.19,"{'m1-1': 111.94, 'm2-1': 1.09, 'm3-1': 11.7, 'm4-1': 25.13, 'm5-1': 9.65, 'm6-1': 24.08, 'm7-1': 10.06, 'm8-1': 11.1}",0.6764999999999901,143.739,inf,144.19,144.19,144.19
357,T6,BESTEFFORT,MISSED,m7-1,34.313,"{'m1-1': 115.91, 'm2-1': 0.98, 'm3-1': 10.74, 'm4-1': 29.3, 'm5-1': 10.26, 'm6-1': 26.39, 'm7-1': 11.3, 'm8-1': 10.54}",0.8294999999999959,143.76,inf,144.313,144.313,144.313
358,T6,BESTEFFORT,MISSED,m8-1,34.438,"{'m1-1': 106.15, 'm2-1': 1.07, 'm3-1': 11.09, 'm4-1': 27.59, 'm5-1': 9.47, 'm6-1': 23.3, 'm7-1': 9.97, 'm8-1': 9.76}",0.8804999999999836,143.851,inf,144.438,144.438,144.438
359,T5,BESTEFFORT,MISSED,m1-1,34.441,"{'m1-1': 112.11, 'm2-1': 1.09, 'm3-1': 9.61, 'm4-1': 26.0, 'm5-1': 10.76, 'm6-1': 24.43, 'm7-1': 9.5, 'm8-1': 9.99}",0.8325000000000102,143.886,inf,144.441,144.441,144.441
360,T10,BESTEFFORT,COMPLETED,m2-1,34.724,"{'m1-1': 108.1, 'm2-1': 1.07, 'm3-1': 9.77, 'm4-1': 26.96, 'm5-1': 10.52, 'm6-1': 28.9, 'm7-1': 9.94, 'm8-1': 10.51}",1.605,74.603,75.67299999999999,inf,144.724,144.724
361,T1,BESTEFFORT,MISSED,m3-1,34.738,"{'m1-1': 104.15, 'm2-1': 0.92, 'm3-1': 10.03, 'm4-1': 26.25, 'm5-1': 10.34, 'm6-1': 27.51, 'm7-1': 10.1, 'm8-1': 9.94}",1.1745000000000232,143.95499999999998,inf,144.738,144.738,144.738
362,T7,BESTEFFORT,MISSED,m4-1,34.808,"{'m1-1': 103.26, 'm2-1': 0.97, 'm3-1': 10.8, 'm4-1': 25.26, 'm5-1': 11.14, 'm6-1': 25.64, 'm7-1': 10.69, 'm8-1': 10.62}",1.2479999999999905,143.976,inf,144.808,144.808,144.808
363,T3,BESTEFFORT,MISSED,m5-1,34.887,"{'m1-1': 102.85, 'm2-1': 1.0, 'm3-1': 9.96, 'm4-1': 25.51, 'm5-1': 11.21, 'm6-1': 28.34, 'm7-1': 11.31, 'm8-1': 10.86}",1.119000000000014,144.141,inf,144.887,144.887,144.887
364,T2,BESTEFFORT,COMPLETED,m2-1,34.925,"{'m1-1': 110.4, 'm2-1': 0.99, 'm3-1': 10.34, 'm4-1': 27.62, 'm5-1': 11.14, 'm6-1': 26.7, 'm7-1': 11.24, 'm8-1': 9.92}",1.4849999999999999,75.67299999999999,76.66299999999998,inf,144.925,144.925
365,T6,BESTEFFORT,MISSED,m6-1,34.948,"{'m1-1': 116.43, 'm2-1': 1.04, 'm3-1': 11.08, 'm4-1': 27.16, 'm5-1': 9.88, 'm6-1': 23.43, 'm7-1': 9.94, 'm8-1': 10.15}",1.1370000000000147,144.19,inf,144.948,144.948,144.948
366,T1,BESTEFFORT,MISSED,m7-1,35.013,"{'m1-1': 98.57, 'm2-1': 1.07, 'm3-1': 10.31, 'm4-1': 24.41, 'm5-1': 9.58, 'm6-1': 26.94, 'm7-1': 10.49, 'm8-1': 9.72}",1.0500000000000256,144.313,inf,145.013,145.013,145.013
367,T3,BESTEFFORT,MISSED,m8-1,35.032,"{'m1-1': 102.84, 'm2-1': 1.02, 'm3-1': 9.56, 'm4-1': 27.84, 'm5-1': 10.07, 'm6-1': 24.48, 'm7-1': 10.06, 'm8-1': 10.69}",0.8909999999999911,144.438,inf,145.03199999999998,145.03199999999998,145.03199999999998
368,T5,BESTEFFORT,MISSED,m1-1,35.053,"{'m1-1': 98.83, 'm2-1': 1.03, 'm3-1': 10.61, 'm4-1': 26.2, 'm5-1': 9.66, 'm6-1': 28.58, 'm7-1': 10.52, 'm8-1': 10.43}",0.9179999999999922,144.441,inf,145.053,145.053,145.053
369,T4,BESTEFFORT,COMPLETED,m2-1,35.153,"{'m1-1': 112.56, 'm2-1': 1.08, 'm3-1': 11.11, 'm4-1': 26.88, 'm5-1': 10.82, 'm6-1': 26.5, 'm7-1': 9.77, 'm8-1': 11.23}",1.62,76.66299999999998,77.74299999999998,inf,145.153,145.153
370,T8,BESTEFFORT,MISSED,m3-1,35.207,"{'m1-1': 111.54, 'm2-1': 1.06, 'm3-1': 10.81, 'm4-1': 24.47, 'm5-1': 10.97, 'm6-1': 25.76, 'm7-1': 9.64, 'm8-1': 10.43}",0.7034999999999911,144.738,inf,145.207,145.207,145.207
371,T2,BESTEFFORT,MISSED,m4-1,35.268,"{'m1-1': 108.41, 'm2-1': 1.08, 'm3-1': 9.73, 'm4-1': 27.5, 'm5-1': 9.69, 'm6-1': 25.0, 'm7-1': 11.1, 'm8-1': 10.56}",0.6900000000000119,144.808,inf,145.268,145.268,145.268
372,T2,BESTEFFORT,MISSED,m5-1,35.289,"{'m1-1': 102.11, 'm2-1': 1.14, 'm3-1': 10.6, 'm4-1': 26.72, 'm5-1': 9.64, 'm6-1': 23.97, 'm7-1': 11.26, 'm8-1': 10.39}",0.6029999999999802,144.887,inf,145.289,145.289,145.289
373,T3,BESTEFFORT,MISSED,m6-1,35.449,"{'m1-1': 110.47, 'm2-1': 1.01, 'm3-1': 10.84, 'm4-1': 29.41, 'm5-1': 10.69, 'm6-1': 26.08, 'm7-1': 11.7, 'm8-1': 10.76}",0.7515000000000072,144.948,inf,145.449,145.449,145.449
374,T9,BESTEFFORT,MISSED,m7-1,35.49,"{'m1-1': 103.09, 'm2-1': 1.1, 'm3-1': 9.49, 'm4-1': 26.61, 'm5-1': 9.91, 'm6-1': 26.53, 'm7-1': 11.18, 'm8-1': 10.57}",0.7155000000000058,145.013,inf,145.49,145.49,145.49
375,T7,BESTEFFORT,MISSED,m8-1,35.913,"{'m1-1': 109.52, 'm2-1': 1.0, 'm3-1': 10.48, 'm4-1': 24.62, 'm5-1': 11.88, 'm6-1': 27.48, 'm7-1': 11.22, 'm8-1': 10.75}",1.321500000000043,145.03199999999998,inf,145.913,145.913,145.913
376,T8,BESTEFFORT,COMPLETED,m2-1,35.997,"{'m1-1': 99.91, 'm2-1': 1.15, 'm3-1': 9.54, 'm4-1': 25.9, 'm5-1': 11.8, 'm6-1': 28.38, 'm7-1': 10.79, 'm8-1': 9.55}",1.7249999999999999,77.74299999999998,78.89299999999999,inf,145.997,145.997
377,T5,BESTEFFORT,MISSED,m1-1,36.006,"{'m1-1': 107.29, 'm2-1': 1.05, 'm3-1': 11.23, 'm4-1': 28.06, 'm5-1': 10.3, 'm6-1': 27.5, 'm7-1': 11.13, 'm8-1': 10.73}",1.4295000000000044,145.053,inf,146.006,146.006,146.006
378,T7,BESTEFFORT,COMPLETED,m2-1,36.156,"{'m1-1': 111.32, 'm2-1': 0.95, 'm3-1': 9.74, 'm4-1': 24.9, 'm5-1': 11.78, 'm6-1': 27.73, 'm7-1': 10.37, 'm8-1': 10.06}",1.4249999999999998,78.89299999999999,79.84299999999999,inf,146.156,146.156
379,T1,BESTEFFORT,MISSED,m3-1,36.197,"{'m1-1': 103.33, 'm2-1': 0.92, 'm3-1': 9.48, 'm4-1': 27.07, 'm5-1': 9.66, 'm6-1': 29.03, 'm7-1': 10.94, 'm8-1': 10.13}",1.4850000000000136,145.207,inf,146.197,146.197,146.197
380,T2,BESTEFFORT,MISSED,m4-1,36.565,"{'m1-1': 110.02, 'm2-1': 1.05, 'm3-1': 10.7, 'm4-1': 27.37, 'm5-1': 10.58, 'm6-1': 27.68, 'm7-1': 10.41, 'm8-1': 9.67}",1.9454999999999956,145.268,inf,146.565,146.565,146.565
381,T4,BESTEFFORT,MISSED,m5-1,36.632,"{'m1-1': 105.51, 'm2-1': 1.03, 'm3-1': 10.07, 'm4-1': 25.97, 'm5-1': 10.56, 'm6-1': 26.34, 'm7-1': 10.38, 'm8-1': 10.14}",2.0145000000000266,145.289,inf,146.632,146.632,146.632
382,T5,BESTEFFORT,MISSED,m6-1,36.834,"{'m1-1': 113.48, 'm2-1': 1.12, 'm3-1': 9.7, 'm4-1': 28.28, 'm5-1': 9.92, 'm6-1': 28.6, 'm7-1': 11.03, 'm8-1': 11.1}",2.0774999999999864,145.449,inf,146.834,146.834,146.834
383,T8,BESTEFFORT,MISSED,m7-1,36.852,"{'m1-1': 96.96, 'm2-1': 1.09, 'm3-1': 9.64, 'm4-1': 25.61, 'm5-1': 10.31, 'm6-1': 28.52, 'm7-1': 10.88, 'm8-1': 10.2}",2.042999999999992,145.49,inf,146.852,146.852,146.852
384,T4,BESTEFFORT,MISSED,m8-1,36.855,"{'m1-1': 99.11, 'm2-1': 1.01, 'm3-1': 11.63, 'm4-1': 25.66, 'm5-1': 10.51, 'm6-1': 26.46, 'm7-1': 9.77, 'm8-1': 10.51}",1.4129999999999683,145.913,inf,146.855,146.855,146.855
385,T4,BESTEFFORT,MISSED,m1-1,36.951,"{'m1-1': 110.23, 'm2-1': 1.1, 'm3-1': 10.56, 'm4-1': 28.76, 'm5-1': 10.21, 'm6-1': 25.77, 'm7-1': 10.56, 'm8-1': 10.37}",1.4174999999999898,146.006,inf,146.951,146.951,146.951
386,T4,BESTEFFORT,COMPLETED,m2-1,36.958,"{'m1-1': 111.11, 'm2-1': 1.13, 'm3-1': 11.59, 'm4-1': 27.11, 'm5-1': 9.71, 'm6-1': 26.44, 'm7-1': 11.0, 'm8-1': 10.91}",1.6949999999999998,79.84299999999999,80.97299999999998,inf,146.958,146.958
387,T2,BESTEFFORT,MISSED,m3-1,36.972,"{'m1-1': 106.84, 'm2-1': 1.15, 'm3-1': 11.2, 'm4-1': 26.05, 'm5-1': 10.67, 'm6-1': 27.68, 'm7-1': 11.03, 'm8-1': 9.72}",1.1625000000000085,146.197,inf,146.972,146.972,146.972
388,T8,BESTEFFORT,COMPLETED,m2-1,37.087,"{'m1-1': 95.33, 'm2-1': 1.08, 'm3-1': 10.77, 'm4-1': 25.39, 'm5-1': 10.69, 'm6-1': 24.84, 'm7-1': 10.86, 'm8-1': 11.33}",1.62,80.97299999999998,82.05299999999998,inf,147.087,147.087
389,T9,BESTEFFORT,MISSED,m4-1,37.501,"{'m1-1': 100.2, 'm2-1': 1.1, 'm3-1': 9.52, 'm4-1': 27.06, 'm5-1': 9.56, 'm6-1': 26.57, 'm7-1': 9.52, 'm8-1': 9.68}",1.4040000000000106,146.565,inf,147.501,147.501,147.501
390,T5,BESTEFFORT,MISSED,m5-1,37.528,"{'m1-1': 109.49, 'm2-1': 1.12, 'm3-1': 10.17, 'm4-1': 25.39, 'm5-1': 10.4, 'm6-1': 28.17, 'm7-1': 11.16, 'm8-1': 10.17}",1.3439999999999799,146.632,inf,147.528,147.528,147.528
391,T7,BESTEFFORT,MISSED,m6-1,37.692,"{'m1-1': 96.51, 'm2-1': 1.08, 'm3-1': 9.42, 'm4-1': 24.34, 'm5-1': 11.09, 'm6-1': 29.36, 'm7-1': 10.24, 'm8-1': 10.72}",1.2870000000000061,146.834,inf,147.692,147.692,147.692
392,T7,BESTEFFORT,MISSED,m7-1,37.801,"{'m1-1': 99.22, 'm2-1': 1.05, 'm3-1': 9.7, 'm4-1': 27.16, 'm5-1': 10.05, 'm6-1': 27.61, 'm7-1': 10.66, 'm8-1': 10.46}",1.4234999999999758,146.852,inf,147.801,147.801,147.801
393,T8,BESTEFFORT,COMPLETED,m2-1,38.126,"{'m1-1': 105.52, 'm2-1': 1.11, 'm3-1': 9.75, 'm4-1': 23.98, 'm5-1': 10.6, 'm6-1': 25.48, 'm7-1': 10.34, 'm8-1': 9.88}",1.665,82.05299999999998,83.16299999999998,inf,148.126,148.126
394,T7,BESTEFFORT,MISSED,m8-1,38.355,"{'m1-1': 107.72, 'm2-1': 1.09, 'm3-1': 9.45, 'm4-1': 27.3, 'm5-1': 11.48, 'm6-1': 26.48, 'm7-1': 10.53, 'm8-1': 10.06}",2.25,146.855,inf,148.355,148.355,148.355
395,T1,BESTEFFORT,MISSED,m1-1,38.413,"{'m1-1': 99.17, 'm2-1': 1.02, 'm3-1': 11.04, 'm4-1': 27.98, 'm5-1': 10.13, 'm6-1': 28.32, 'm7-1': 10.83, 'm8-1': 10.97}",2.1930000000000263,146.951,inf,148.413,148.413,148.413
396,T9,BESTEFFORT,COMPLETED,m2-1,38.623,"{'m1-1': 100.38, 'm2-1': 1.01, 'm3-1': 9.54, 'm4-1': 25.42, 'm5-1': 10.67, 'm6-1': 28.28, 'm7-1': 10.76, 'm8-1': 9.72}",1.5150000000000001,83.16299999999998,84.17299999999999,inf,148.623,148.623
397,T8,BESTEFFORT,MISSED,m3-1,38.649,"{'m1-1': 109.37, 'm2-1': 1.06, 'm3-1': 9.28, 'm4-1': 23.69, 'm5-1': 11.81, 'm6-1': 27.0, 'm7-1': 11.22, 'm8-1': 10.48}",2.5154999999999887,146.972,inf,148.649,148.649,148.649
398,T8,BESTEFFORT,MISSED,m4-1,38.864,"{'m1-1': 111.73, 'm2-1': 1.08, 'm3-1': 10.78, 'm4-1': 24.41, 'm5-1': 10.6, 'm6-1': 26.85, 'm7-1': 11.37, 'm8-1': 11.16}",2.0444999999999993,147.501,inf,148.864,148.864,148.864
399,T8,BESTEFFORT,COMPLETED,m2-1,38.93,"{'m1-1': 111.59, 'm2-1': 1.15, 'm3-1': 9.6, 'm4-1': 24.73, 'm5-1': 11.02, 'm6-1': 25.78, 'm7-1': 10.28, 'm8-1': 10.97}",1.7249999999999999,84.17299999999999,85.323,inf,148.93,148.93
400,T5,BESTEFFORT,MISSED,m5-1,38.945,"{'m1-1': 110.47, 'm2-1': 0.98, 'm3-1': 9.94, 'm4-1': 24.97, 'm5-1': 10.28, 'm6-1': 28.6, 'm7-1': 9.71, 'm8-1': 11.23}",2.1255000000000024,147.528,inf,148.945,148.945,148.945
401,T6,BESTEFFORT,MISSED,m6-1,38.976,"{'m1-1': 113.85, 'm2-1': 0.97, 'm3-1': 11.62, 'm4-1': 25.97, 'm5-1': 10.94, 'm6-1': 27.26, 'm7-1': 10.42, 'm8-1': 10.08}",1.9259999999999877,147.692,inf,148.976,148.976,148.976
402,T1,BESTEFFORT,MISSED,m7-1,39.279,"{'m1-1': 104.62, 'm2-1': 1.07, 'm3-1': 10.07, 'm4-1': 28.5, 'm5-1': 11.11, 'm6-1': 25.79, 'm7-1': 10.23, 'm8-1': 10.89}",2.217000000000013,147.801,inf,149.279,149.279,149.279
403,T7,BESTEFFORT,MISSED,m8-1,39.29,"{'m1-1': 109.06, 'm2-1': 1.07, 'm3-1': 9.25, 'm4-1': 25.21, 'm5-1': 10.84, 'm6-1': 26.31, 'm7-1': 11.04, 'm8-1': 10.32}",1.4025000000000034,148.355,inf,149.29,149.29,149.29
404,T9,BESTEFFORT,MISSED,m1-1,39.376,"{'m1-1': 105.82, 'm2-1': 1.02, 'm3-1': 9.74, 'm4-1': 25.65, 'm5-1': 10.05, 'm6-1': 26.7, 'm7-1': 9.53, 'm8-1': 10.75}",1.4444999999999908,148.413,inf,149.376,149.376,149.376
405,T1,BESTEFFORT,COMPLETED,m2-1,39.496,"{'m1-1': 108.42, 'm2-1': 1.06, 'm3-1': 9.72, 'm4-1': 25.41, 'm5-1': 10.17, 'm6-1': 27.24, 'm7-1': 10.03, 'm8-1': 10.35}",1.59,85.323,86.383,inf,149.496,149.496
406,T5,BESTEFFORT,MISSED,m3-1,39.51,"{'m1-1': 106.77, 'm2-1': 1.08, 'm3-1': 11.1, 'm4-1': 24.96, 'm5-1': 9.42, 'm6-1': 28.08, 'm7-1': 9.95, 'm8-1': 9.54}",1.291499999999985,148.649,inf,149.51,149.51,149.51
407,T8,BESTEFFORT,MISSED,m4-1,39.541,"{'m1-1': 96.33, 'm2-1': 1.07, 'm3-1': 9.44, 'm4-1': 23.26, 'm5-1': 11.86, 'm6-1': 26.76, 'm7-1': 10.54, 'm8-1': 10.52}",1.0154999999999887,148.864,inf,149.541,149.541,149.541
408,T10,BESTEFFORT,MISSED,m5-1,39.603,"{'m1-1': 107.62, 'm2-1': 0.97, 'm3-1': 9.99, 'm4-1': 26.91, 'm5-1': 9.41, 'm6-1': 26.28, 'm7-1': 9.4, 'm8-1': 10.83}",0.9870000000000232,148.945,inf,149.603,149.603,149.603
409,T7,BESTEFFORT,MISSED,m6-1,39.64,"{'m1-1': 107.07, 'm2-1': 1.12, 'm3-1': 10.95, 'm4-1': 23.64, 'm5-1': 11.56, 'm6-1': 29.02, 'm7-1': 11.79, 'm8-1': 10.7}",0.9959999999999809,148.976,inf,149.64,149.64,149.64
410,T10,BESTEFFORT,MISSED,m7-1,39.705,"{'m1-1': 104.89, 'm2-1': 0.95, 'm3-1': 10.39, 'm4-1': 26.5, 'm5-1': 10.44, 'm6-1': 27.87, 'm7-1': 9.33, 'm8-1': 11.05}",0.6389999999999816,149.279,inf,149.70499999999998,149.70499999999998,149.70499999999998
411,T4,BESTEFFORT,MISSED,m8-1,39.709,"{'m1-1': 106.48, 'm2-1': 1.07, 'm3-1': 11.28, 'm4-1': 26.86, 'm5-1': 10.58, 'm6-1': 24.28, 'm7-1': 9.51, 'm8-1': 10.84}",0.6285000000000167,149.29,inf,149.709,149.709,149.709
412,T6,BESTEFFORT,MISSED,m1-1,39.87,"{'m1-1': 102.83, 'm2-1': 1.11, 'm3-1': 9.98, 'm4-1': 28.63, 'm5-1': 10.07, 'm6-1': 23.74, 'm7-1': 11.18, 'm8-1': 9.93}",0.7409999999999997,149.376,inf,149.87,149.87,149.87
413,T7,BESTEFFORT,COMPLETED,m2-1,39.889,"{'m1-1': 110.37, 'm2-1': 1.01, 'm3-1': 10.08, 'm4-1': 25.43, 'm5-1': 11.56, 'm6-1': 27.83, 'm7-1': 11.62, 'm8-1': 10.72}",1.5150000000000001,86.383,87.393,inf,149.889,149.889
414,T5,BESTEFFORT,COMPLETED,m2-1,39.904,"{'m1-1': 103.56, 'm2-1': 0.95, 'm3-1': 11.22, 'm4-1': 24.45, 'm5-1': 10.21, 'm6-1': 26.16, 'm7-1': 9.89, 'm8-1': 9.57}",1.4249999999999998,87.393,88.343,inf,149.904,149.904
415,T3,BESTEFFORT,MISSED,m3-1,39.974,"{'m1-1': 96.5, 'm2-1': 1.11, 'm3-1': 9.53, 'm4-1': 28.55, 'm5-1': 10.65, 'm6-1': 26.54, 'm7-1': 10.13, 'm8-1': 10.45}",0.695999999999998,149.51,inf,149.974,149.974,149.974
416,T6,BESTEFFORT,MISSED,m4-1,40.034,"{'m1-1': 114.52, 'm2-1': 1.1, 'm3-1': 10.47, 'm4-1': 25.87, 'm5-1': 10.34, 'm6-1': 24.61, 'm7-1': 10.38, 'm8-1': 10.74}",0.7394999999999925,149.541,inf,150.034,150.034,150.034
417,T5,BESTEFFORT,MISSED,m5-1,40.07,"{'m1-1': 103.51, 'm2-1': 0.95, 'm3-1': 10.88, 'm4-1': 28.32, 'm5-1': 10.43, 'm6-1': 27.73, 'm7-1': 9.74, 'm8-1': 9.84}",0.7004999999999768,149.603,inf,150.07,150.07,150.07
418,T6,BESTEFFORT,MISSED,m6-1,40.073,"{'m1-1': 112.61, 'm2-1': 1.02, 'm3-1': 9.96, 'm4-1': 28.81, 'm5-1': 10.39, 'm6-1': 25.9, 'm7-1': 9.9, 'm8-1': 9.91}",0.6495000000000317,149.64,inf,150.073,150.073,150.073
419,T4,BESTEFFORT,MISSED,m7-1,40.211,"{'m1-1': 104.08, 'm2-1': 0.99, 'm3-1': 10.9, 'm4-1': 28.18, 'm5-1': 11.15, 'm6-1': 23.74, 'm7-1': 10.96, 'm8-1': 10.96}",0.759000000000043,149.70499999999998,inf,150.211,150.211,150.211
420,T5,BESTEFFORT,MISSED,m8-1,40.518,"{'m1-1': 97.91, 'm2-1': 1.03, 'm3-1': 10.36, 'm4-1': 25.35, 'm5-1': 9.17, 'm6-1': 28.56, 'm7-1': 10.09, 'm8-1': 11.28}",1.2134999999999962,149.709,inf,150.518,150.518,150.518
421,T2,BESTEFFORT,MISSED,m1-1,40.868,"{'m1-1': 109.73, 'm2-1': 1.07, 'm3-1': 11.11, 'm4-1': 28.11, 'm5-1': 10.72, 'm6-1': 24.86, 'm7-1': 10.1, 'm8-1': 9.71}",1.4969999999999857,149.87,inf,150.868,150.868,150.868
422,T10,BESTEFFORT,COMPLETED,m2-1,41.037,"{'m1-1': 95.55, 'm2-1': 1.01, 'm3-1': 9.72, 'm4-1': 24.48, 'm5-1': 9.81, 'm6-1': 25.82, 'm7-1': 10.28, 'm8-1': 9.79}",1.5150000000000001,88.343,89.35300000000001,inf,151.037,151.037
423,T4,BESTEFFORT,MISSED,m3-1,41.465,"{'m1-1': 102.81, 'm2-1': 1.07, 'm3-1': 10.84, 'm4-1': 24.68, 'm5-1': 10.45, 'm6-1': 27.66, 'm7-1': 10.32, 'm8-1': 10.01}",2.236500000000021,149.974,inf,151.465,151.465,151.465
424,T1,BESTEFFORT,COMPLETED,m2-1,41.652,"{'m1-1': 103.99, 'm2-1': 1.01, 'm3-1': 10.61, 'm4-1': 24.6, 'm5-1': 10.22, 'm6-1': 27.88, 'm7-1': 9.52, 'm8-1': 11.1}",1.5150000000000001,89.35300000000001,90.36300000000001,inf,151.652,151.652
425,T10,BESTEFFORT,MISSED,m3-1,41.813,"{'m1-1': 95.9, 'm2-1': 0.98, 'm3-1': 10.16, 'm4-1': 27.55, 'm5-1': 10.84, 'm6-1': 26.34, 'm7-1': 9.44, 'm8-1': 11.16}",0.5219999999999771,151.465,inf,151.813,151.813,151.813
426,T10,BESTEFFORT,MISSED,m7-1,42.068,"{'m1-1': 100.03, 'm2-1': 0.98, 'm3-1': 10.78, 'm4-1': 23.98, 'm5-1': 9.62, 'm6-1': 29.24, 'm7-1': 9.59, 'm8-1': 10.43}",2.7854999999999563,150.211,inf,152.06799999999998,152.06799999999998,152.06799999999998
427,T3,BESTEFFORT,COMPLETED,m2-1,42.228,"{'m1-1': 102.8, 'm2-1': 1.16, 'm3-1': 9.42, 'm4-1': 29.57, 'm5-1': 11.36, 'm6-1': 25.98, 'm7-1': 10.28, 'm8-1': 11.25}",1.7399999999999998,90.36300000000001,91.52300000000001,inf,152.228,152.228
428,T10,BESTEFFORT,MISSED,m4-1,42.242,"{'m1-1': 98.93, 'm2-1': 1.01, 'm3-1': 9.8, 'm4-1': 26.5, 'm5-1': 10.28, 'm6-1': 28.64, 'm7-1': 10.12, 'm8-1': 10.84}",3.3119999999999976,150.034,inf,152.242,152.242,152.242
429,T1,BESTEFFORT,MISSED,m5-1,42.296,"{'m1-1': 110.83, 'm2-1': 1.02, 'm3-1': 10.35, 'm4-1': 27.95, 'm5-1': 10.28, 'm6-1': 25.58, 'm7-1': 10.06, 'm8-1': 10.67}",3.3389999999999986,150.07,inf,152.296,152.296,152.296
430,T7,BESTEFFORT,MISSED,m6-1,42.36,"{'m1-1': 112.21, 'm2-1': 1.0, 'm3-1': 10.34, 'm4-1': 25.6, 'm5-1': 10.08, 'm6-1': 27.64, 'm7-1': 11.21, 'm8-1': 10.08}",3.430500000000009,150.073,inf,152.36,152.36,152.36
431,T9,BESTEFFORT,MISSED,m7-1,42.371,"{'m1-1': 106.26, 'm2-1': 0.96, 'm3-1': 10.25, 'm4-1': 27.83, 'm5-1': 9.85, 'm6-1': 25.83, 'm7-1': 10.66, 'm8-1': 9.48}",0.45450000000003854,152.06799999999998,inf,152.371,152.371,152.371
432,T5,BESTEFFORT,MISSED,m8-1,42.606,"{'m1-1': 103.44, 'm2-1': 1.0, 'm3-1': 10.79, 'm4-1': 24.76, 'm5-1': 9.18, 'm6-1': 24.66, 'm7-1': 10.52, 'm8-1': 11.34}",3.131999999999991,150.518,inf,152.606,152.606,152.606
433,T3,BESTEFFORT,MISSED,m5-1,42.808,"{'m1-1': 99.32, 'm2-1': 0.98, 'm3-1': 10.68, 'm4-1': 25.3, 'm5-1': 10.58, 'm6-1': 25.45, 'm7-1': 11.76, 'm8-1': 10.2}",0.7680000000000007,152.296,inf,152.808,152.808,152.808
434,T3,BESTEFFORT,MISSED,m8-1,42.813,"{'m1-1': 95.88, 'm2-1': 1.13, 'm3-1': 9.85, 'm4-1': 29.05, 'm5-1': 11.31, 'm6-1': 25.72, 'm7-1': 11.84, 'm8-1': 11.05}",0.31049999999999045,152.606,inf,152.813,152.813,152.813
435,T1,BESTEFFORT,MISSED,m1-1,42.952,"{'m1-1': 103.85, 'm2-1': 0.92, 'm3-1': 10.03, 'm4-1': 25.41, 'm5-1': 10.38, 'm6-1': 27.46, 'm7-1': 10.53, 'm8-1': 10.86}",3.1260000000000048,150.868,inf,152.952,152.952,152.952
436,T1,BESTEFFORT,COMPLETED,m2-1,43.417,"{'m1-1': 106.06, 'm2-1': 1.07, 'm3-1': 9.9, 'm4-1': 24.96, 'm5-1': 11.02, 'm6-1': 27.56, 'm7-1': 9.61, 'm8-1': 11.25}",1.605,91.52300000000001,92.593,inf,153.417,153.417
437,T10,BESTEFFORT,COMPLETED,m2-1,43.427,"{'m1-1': 98.34, 'm2-1': 0.99, 'm3-1': 9.56, 'm4-1': 28.02, 'm5-1': 9.52, 'm6-1': 25.47, 'm7-1': 10.86, 'm8-1': 11.0}",1.4849999999999999,92.593,93.583,inf,153.427,153.427
438,T3,BESTEFFORT,MISSED,m3-1,43.513,"{'m1-1': 97.84, 'm2-1': 1.11, 'm3-1': 10.86, 'm4-1': 28.61, 'm5-1': 10.94, 'm6-1': 25.65, 'm7-1': 10.56, 'm8-1': 10.57}",2.5500000000000256,151.813,inf,153.513,153.513,153.513
439,T2,BESTEFFORT,MISSED,m4-1,43.556,"{'m1-1': 111.28, 'm2-1': 1.16, 'm3-1': 9.99, 'm4-1': 26.27, 'm5-1': 10.28, 'm6-1': 25.78, 'm7-1': 10.66, 'm8-1': 10.89}",1.9709999999999894,152.242,inf,153.55599999999998,153.55599999999998,153.55599999999998
440,T1,BESTEFFORT,MISSED,m5-1,43.624,"{'m1-1': 98.42, 'm2-1': 1.04, 'm3-1': 10.16, 'm4-1': 24.15, 'm5-1': 9.64, 'm6-1': 26.64, 'm7-1': 10.39, 'm8-1': 11.14}",1.2240000000000038,152.808,inf,153.624,153.624,153.624
441,T9,BESTEFFORT,MISSED,m6-1,43.63,"{'m1-1': 99.41, 'm2-1': 1.08, 'm3-1': 10.44, 'm4-1': 28.38, 'm5-1': 10.16, 'm6-1': 25.87, 'm7-1': 10.01, 'm8-1': 9.68}",1.9049999999999727,152.36,inf,153.63,153.63,153.63
442,T5,BESTEFFORT,MISSED,m7-1,43.652,"{'m1-1': 101.04, 'm2-1': 1.12, 'm3-1': 9.54, 'm4-1': 24.98, 'm5-1': 10.02, 'm6-1': 25.26, 'm7-1': 10.7, 'm8-1': 9.79}",1.9214999999999662,152.371,inf,153.652,153.652,153.652
443,T5,BESTEFFORT,MISSED,m8-1,43.814,"{'m1-1': 113.69, 'm2-1': 1.1, 'm3-1': 10.9, 'm4-1': 28.11, 'm5-1': 9.4, 'm6-1': 26.15, 'm7-1': 10.33, 'm8-1': 9.57}",1.5015000000000072,152.813,inf,153.814,153.814,153.814
444,T3,BESTEFFORT,MISSED,m1-1,43.909,"{'m1-1': 104.37, 'm2-1': 1.09, 'm3-1': 10.68, 'm4-1': 25.58, 'm5-1': 10.31, 'm6-1': 26.03, 'm7-1': 11.88, 'm8-1': 10.1}",1.4354999999999905,152.952,inf,153.909,153.909,153.909
445,T3,BESTEFFORT,COMPLETED,m2-1,44.128,"{'m1-1': 110.63, 'm2-1': 1.09, 'm3-1': 10.65, 'm4-1': 29.04, 'm5-1': 11.72, 'm6-1': 26.0, 'm7-1': 11.59, 'm8-1': 11.58}",1.6350000000000002,93.583,94.673,inf,154.128,154.128
446,T7,BESTEFFORT,COMPLETED,m2-1,44.187,"{'m1-1': 102.32, 'm2-1': 1.01, 'm3-1': 9.77, 'm4-1': 27.68, 'm5-1': 11.53, 'm6-1': 24.98, 'm7-1': 11.9, 'm8-1': 10.3}",1.5150000000000001,94.673,95.683,inf,154.187,154.187
447,T9,BESTEFFORT,MISSED,m3-1,44.253,"{'m1-1': 108.37, 'm2-1': 1.06, 'm3-1': 10.86, 'm4-1': 26.81, 'm5-1': 10.57, 'm6-1': 23.97, 'm7-1': 11.06, 'm8-1': 10.62}",1.109999999999971,153.513,inf,154.253,154.253,154.253
448,T6,BESTEFFORT,MISSED,m4-1,44.263,"{'m1-1': 98.42, 'm2-1': 1.13, 'm3-1': 10.41, 'm4-1': 26.01, 'm5-1': 9.56, 'm6-1': 27.24, 'm7-1': 10.01, 'm8-1': 10.34}",1.060500000000033,153.55599999999998,inf,154.263,154.263,154.263
449,T5,BESTEFFORT,MISSED,m5-1,44.272,"{'m1-1': 104.22, 'm2-1': 1.07, 'm3-1': 10.6, 'm4-1': 28.4, 'm5-1': 10.57, 'm6-1': 27.1, 'm7-1': 9.98, 'm8-1': 11.21}",0.9719999999999942,153.624,inf,154.272,154.272,154.272
450,T4,BESTEFFORT,MISSED,m6-1,44.52,"{'m1-1': 106.4, 'm2-1': 1.01, 'm3-1': 10.37, 'm4-1': 24.78, 'm5-1': 10.26, 'm6-1': 25.3, 'm7-1': 10.53, 'm8-1': 11.24}",1.3350000000000222,153.63,inf,154.52,154.52,154.52
451,T3,BESTEFFORT,MISSED,m7-1,44.812,"{'m1-1': 102.46, 'm2-1': 1.04, 'm3-1': 10.01, 'm4-1': 28.29, 'm5-1': 10.44, 'm6-1': 25.79, 'm7-1': 11.1, 'm8-1': 10.32}",1.7400000000000375,153.652,inf,154.812,154.812,154.812
452,T2,BESTEFFORT,MISSED,m8-1,44.999,"{'m1-1': 117.38, 'm2-1': 1.09, 'm3-1': 10.66, 'm4-1': 29.37, 'm5-1': 9.6, 'm6-1': 24.96, 'm7-1': 10.49, 'm8-1': 9.86}",1.7775000000000034,153.814,inf,154.999,154.999,154.999
453,T8,BESTEFFORT,MISSED,m1-1,45.012,"{'m1-1': 101.41, 'm2-1': 1.13, 'm3-1': 10.5, 'm4-1': 24.5, 'm5-1': 10.01, 'm6-1': 25.6, 'm7-1': 9.72, 'm8-1': 10.84}",1.654500000000013,153.909,inf,155.012,155.012,155.012
454,T10,BESTEFFORT,COMPLETED,m2-1,45.029,"{'m1-1': 95.38, 'm2-1': 1.12, 'm3-1': 9.47, 'm4-1': 25.62, 'm5-1': 9.9, 'm6-1': 29.24, 'm7-1': 9.25, 'm8-1': 10.11}",1.6800000000000002,95.683,96.80300000000001,inf,155.029,155.029
455,T2,BESTEFFORT,COMPLETED,m2-1,45.269,"{'m1-1': 101.75, 'm2-1': 1.12, 'm3-1': 10.41, 'm4-1': 29.06, 'm5-1': 10.52, 'm6-1': 25.49, 'm7-1': 10.84, 'm8-1': 11.18}",1.6800000000000002,96.80300000000001,97.92300000000002,inf,155.269,155.269
456,T4,BESTEFFORT,MISSED,m3-1,45.276,"{'m1-1': 102.62, 'm2-1': 1.13, 'm3-1': 10.83, 'm4-1': 28.7, 'm5-1': 11.38, 'm6-1': 27.57, 'm7-1': 9.36, 'm8-1': 11.03}",1.5345000000000368,154.253,inf,155.276,155.276,155.276
457,T8,BESTEFFORT,MISSED,m4-1,45.277,"{'m1-1': 98.42, 'm2-1': 1.02, 'm3-1': 9.19, 'm4-1': 23.55, 'm5-1': 10.18, 'm6-1': 28.11, 'm7-1': 10.02, 'm8-1': 11.13}",1.5209999999999724,154.263,inf,155.277,155.277,155.277
458,T5,BESTEFFORT,MISSED,m5-1,45.29,"{'m1-1': 103.27, 'm2-1': 1.06, 'm3-1': 10.23, 'm4-1': 25.99, 'm5-1': 10.49, 'm6-1': 28.65, 'm7-1': 9.88, 'm8-1': 10.21}",1.527000000000001,154.272,inf,155.29,155.29,155.29
459,T5,BESTEFFORT,MISSED,m6-1,45.436,"{'m1-1': 105.44, 'm2-1': 1.03, 'm3-1': 10.67, 'm4-1': 26.6, 'm5-1': 10.3, 'm6-1': 25.54, 'm7-1': 10.68, 'm8-1': 9.76}",1.3739999999999952,154.52,inf,155.436,155.436,155.436
460,T9,BESTEFFORT,MISSED,m7-1,45.513,"{'m1-1': 110.31, 'm2-1': 1.1, 'm3-1': 9.27, 'm4-1': 27.8, 'm5-1': 10.58, 'm6-1': 26.54, 'm7-1': 11.17, 'm8-1': 9.71}",1.05149999999999,154.812,inf,155.513,155.513,155.513
461,T10,BESTEFFORT,MISSED,m8-1,45.59,"{'m1-1': 108.21, 'm2-1': 1.08, 'm3-1': 9.2, 'm4-1': 27.29, 'm5-1': 9.56, 'm6-1': 28.42, 'm7-1': 9.55, 'm8-1': 10.07}",0.8865000000000123,154.999,inf,155.59,155.59,155.59
462,T7,BESTEFFORT,MISSED,m1-1,45.597,"{'m1-1': 103.27, 'm2-1': 1.09, 'm3-1': 10.48, 'm4-1': 24.53, 'm5-1': 11.3, 'm6-1': 25.6, 'm7-1': 10.23, 'm8-1': 10.51}",0.8775000000000119,155.012,inf,155.597,155.597,155.597
463,T10,BESTEFFORT,COMPLETED,m2-1,45.622,"{'m1-1': 103.85, 'm2-1': 0.95, 'm3-1': 9.23, 'm4-1': 23.93, 'm5-1': 10.55, 'm6-1': 26.91, 'm7-1': 9.68, 'm8-1': 9.58}",1.4249999999999998,97.92300000000002,98.87300000000002,inf,155.622,155.622
464,T3,BESTEFFORT,MISSED,m3-1,45.727,"{'m1-1': 94.39, 'm2-1': 1.14, 'm3-1': 9.43, 'm4-1': 25.86, 'm5-1': 11.22, 'm6-1': 27.78, 'm7-1': 11.55, 'm8-1': 11.24}",0.6764999999999901,155.276,inf,155.727,155.727,155.727
465,T6,BESTEFFORT,MISSED,m4-1,45.754,"{'m1-1': 99.35, 'm2-1': 0.98, 'm3-1': 9.9, 'm4-1': 29.49, 'm5-1': 9.63, 'm6-1': 24.03, 'm7-1': 10.81, 'm8-1': 10.69}",0.7155000000000058,155.277,inf,155.754,155.754,155.754
466,T10,BESTEFFORT,MISSED,m5-1,46.031,"{'m1-1': 100.79, 'm2-1': 1.09, 'm3-1': 10.08, 'm4-1': 23.99, 'm5-1': 10.69, 'm6-1': 28.93, 'm7-1': 10.86, 'm8-1': 10.21}",1.1115000000000208,155.29,inf,156.031,156.031,156.031
467,T1,BESTEFFORT,COMPLETED,m2-1,46.111,"{'m1-1': 106.79, 'm2-1': 1.06, 'm3-1': 9.35, 'm4-1': 28.19, 'm5-1': 10.35, 'm6-1': 26.18, 'm7-1': 9.46, 'm8-1': 10.85}",1.59,98.87300000000002,99.93300000000002,inf,156.111,156.111
468,T5,BESTEFFORT,MISSED,m6-1,46.123,"{'m1-1': 98.56, 'm2-1': 1.04, 'm3-1': 9.98, 'm4-1': 24.63, 'm5-1': 10.45, 'm6-1': 28.24, 'm7-1': 10.45, 'm8-1': 9.84}",1.030499999999975,155.436,inf,156.123,156.123,156.123
469,T10,BESTEFFORT,MISSED,m7-1,46.171,"{'m1-1': 111.06, 'm2-1': 1.05, 'm3-1': 9.39, 'm4-1': 27.51, 'm5-1': 10.3, 'm6-1': 25.31, 'm7-1': 10.0, 'm8-1': 10.42}",0.9869999999999806,155.513,inf,156.171,156.171,156.171
470,T5,BESTEFFORT,MISSED,m8-1,46.184,"{'m1-1': 110.76, 'm2-1': 1.0, 'm3-1': 9.87, 'm4-1': 26.8, 'm5-1': 10.0, 'm6-1': 25.21, 'm7-1': 10.11, 'm8-1': 10.0}",0.8909999999999911,155.59,inf,156.184,156.184,156.184
471,T10,BESTEFFORT,MISSED,m1-1,46.275,"{'m1-1': 96.16, 'm2-1': 1.01, 'm3-1': 9.78, 'm4-1': 28.04, 'm5-1': 9.89, 'm6-1': 25.27, 'm7-1': 10.11, 'm8-1': 10.77}",1.016999999999996,155.597,inf,156.275,156.275,156.275
472,T1,BESTEFFORT,COMPLETED,m2-1,46.468,"{'m1-1': 111.54, 'm2-1': 1.04, 'm3-1': 10.43, 'm4-1': 26.4, 'm5-1': 10.32, 'm6-1': 28.84, 'm7-1': 10.02, 'm8-1': 9.99}",1.56,99.93300000000002,100.97300000000003,inf,156.46800000000002,156.46800000000002
473,T8,BESTEFFORT,MISSED,m3-1,46.596,"{'m1-1': 108.12, 'm2-1': 1.14, 'm3-1': 9.8, 'm4-1': 25.06, 'm5-1': 10.24, 'm6-1': 27.82, 'm7-1': 11.12, 'm8-1': 9.96}",1.3034999999999997,155.727,inf,156.596,156.596,156.596
474,T7,BESTEFFORT,MISSED,m4-1,46.632,"{'m1-1': 109.91, 'm2-1': 1.07, 'm3-1': 9.68, 'm4-1': 27.55, 'm5-1': 10.3, 'm6-1': 25.82, 'm7-1': 11.41, 'm8-1': 9.71}",1.3170000000000215,155.754,inf,156.632,156.632,156.632
475,T4,BESTEFFORT,MISSED,m5-1,46.789,"{'m1-1': 102.83, 'm2-1': 1.09, 'm3-1': 11.16, 'm4-1': 24.77, 'm5-1': 11.3, 'm6-1': 25.8, 'm7-1': 10.88, 'm8-1': 10.21}",1.136999999999972,156.031,inf,156.789,156.789,156.789
476,T9,BESTEFFORT,MISSED,m6-1,47.124,"{'m1-1': 111.23, 'm2-1': 1.0, 'm3-1': 10.08, 'm4-1': 27.9, 'm5-1': 9.93, 'm6-1': 24.71, 'm7-1': 10.56, 'm8-1': 10.69}",1.5015000000000072,156.123,inf,157.124,157.124,157.124
477,T8,BESTEFFORT,COMPLETED,m2-1,47.282,"{'m1-1': 106.75, 'm2-1': 1.01, 'm3-1': 10.78, 'm4-1': 23.84, 'm5-1': 11.75, 'm6-1': 28.17, 'm7-1': 11.14, 'm8-1': 10.1}",1.5150000000000001,100.97300000000003,101.98300000000003,inf,157.28199999999998,157.28199999999998
478,T9,BESTEFFORT,MISSED,m7-1,47.578,"{'m1-1': 110.57, 'm2-1': 1.11, 'm3-1': 9.28, 'm4-1': 24.5, 'm5-1': 10.83, 'm6-1': 25.84, 'm7-1': 11.02, 'm8-1': 9.59}",2.110500000000016,156.171,inf,157.578,157.578,157.578
479,T6,BESTEFFORT,MISSED,m8-1,47.606,"{'m1-1': 104.1, 'm2-1': 1.09, 'm3-1': 10.08, 'm4-1': 28.84, 'm5-1': 9.41, 'm6-1': 27.25, 'm7-1': 9.74, 'm8-1': 9.89}",2.1329999999999956,156.184,inf,157.606,157.606,157.606
480,T10,BESTEFFORT,MISSED,m1-1,47.636,"{'m1-1': 108.09, 'm2-1': 1.06, 'm3-1': 9.74, 'm4-1': 27.39, 'm5-1': 9.56, 'm6-1': 26.97, 'm7-1': 10.65, 'm8-1': 10.73}",2.041499999999985,156.275,inf,157.636,157.636,157.636
481,T8,BESTEFFORT,COMPLETED,m2-1,47.639,"{'m1-1': 95.43, 'm2-1': 0.99, 'm3-1': 10.32, 'm4-1': 25.2, 'm5-1': 10.11, 'm6-1': 27.39, 'm7-1': 9.61, 'm8-1': 10.19}",1.4849999999999999,101.98300000000003,102.97300000000003,inf,157.639,157.639
482,T5,BESTEFFORT,MISSED,m3-1,47.905,"{'m1-1': 113.98, 'm2-1': 1.13, 'm3-1': 10.3, 'm4-1': 28.82, 'm5-1': 9.78, 'm6-1': 25.17, 'm7-1': 9.9, 'm8-1': 10.46}",1.9634999999999962,156.596,inf,157.905,157.905,157.905
483,T7,BESTEFFORT,MISSED,m4-1,47.931,"{'m1-1': 108.47, 'm2-1': 1.0, 'm3-1': 9.69, 'm4-1': 25.53, 'm5-1': 10.99, 'm6-1': 28.54, 'm7-1': 10.13, 'm8-1': 10.98}",1.9484999999999673,156.632,inf,157.93099999999998,157.93099999999998,157.93099999999998
484,T4,BESTEFFORT,MISSED,m5-1,47.943,"{'m1-1': 112.16, 'm2-1': 1.01, 'm3-1': 11.78, 'm4-1': 28.59, 'm5-1': 11.37, 'm6-1': 25.19, 'm7-1': 10.94, 'm8-1': 11.55}",1.7309999999999945,156.789,inf,157.94299999999998,157.94299999999998,157.94299999999998
485,T4,BESTEFFORT,MISSED,m6-1,47.953,"{'m1-1': 100.89, 'm2-1': 0.99, 'm3-1': 10.2, 'm4-1': 25.93, 'm5-1': 11.27, 'm6-1': 27.96, 'm7-1': 11.02, 'm8-1': 11.72}",1.2435000000000116,157.124,inf,157.953,157.953,157.953
486,T7,BESTEFFORT,MISSED,m7-1,48.016,"{'m1-1': 102.62, 'm2-1': 1.07, 'm3-1': 9.89, 'm4-1': 24.91, 'm5-1': 10.62, 'm6-1': 27.58, 'm7-1': 11.48, 'm8-1': 9.31}",0.6569999999999823,157.578,inf,158.016,158.016,158.016
487,T2,BESTEFFORT,COMPLETED,m2-1,48.337,"{'m1-1': 101.21, 'm2-1': 1.1, 'm3-1': 9.92, 'm4-1': 26.74, 'm5-1': 9.56, 'm6-1': 24.32, 'm7-1': 10.26, 'm8-1': 10.93}",1.6500000000000001,102.97300000000003,104.07300000000002,inf,158.337,158.337
488,T9,BESTEFFORT,MISSED,m8-1,48.535,"{'m1-1': 96.58, 'm2-1': 0.95, 'm3-1': 10.44, 'm4-1': 24.84, 'm5-1': 10.21, 'm6-1': 27.97, 'm7-1': 10.08, 'm8-1': 10.33}",1.393500000000003,157.606,inf,158.535,158.535,158.535
489,T4,BESTEFFORT,MISSED,m1-1,48.658,"{'m1-1': 98.88, 'm2-1': 1.12, 'm3-1': 10.67, 'm4-1': 25.14, 'm5-1': 10.39, 'm6-1': 24.29, 'm7-1': 10.42, 'm8-1': 10.24}",1.5330000000000297,157.636,inf,158.65800000000002,158.65800000000002,158.65800000000002
490,T6,BESTEFFORT,COMPLETED,m2-1,48.853,"{'m1-1': 106.54, 'm2-1': 1.07, 'm3-1': 10.82, 'm4-1': 29.03, 'm5-1': 10.14, 'm6-1': 23.23, 'm7-1': 10.11, 'm8-1': 9.74}",1.605,104.07300000000002,105.14300000000001,inf,158.853,158.853
491,T5,BESTEFFORT,MISSED,m3-1,48.855,"{'m1-1': 102.4, 'm2-1': 0.96, 'm3-1': 9.94, 'm4-1': 25.0, 'm5-1': 9.92, 'm6-1': 27.69, 'm7-1': 11.06, 'm8-1': 10.35}",1.424999999999983,157.905,inf,158.855,158.855,158.855
492,T4,BESTEFFORT,MISSED,m4-1,48.963,"{'m1-1': 111.23, 'm2-1': 0.97, 'm3-1': 10.28, 'm4-1': 25.53, 'm5-1': 9.86, 'm6-1': 24.89, 'm7-1': 10.6, 'm8-1': 11.83}",1.548000000000016,157.93099999999998,inf,158.963,158.963,158.963
493,T3,BESTEFFORT,MISSED,m5-1,49.086,"{'m1-1': 95.5, 'm2-1': 1.06, 'm3-1': 10.76, 'm4-1': 26.63, 'm5-1': 10.02, 'm6-1': 26.97, 'm7-1': 11.88, 'm8-1': 11.46}",1.7145000000000437,157.94299999999998,inf,159.086,159.086,159.086
494,T2,BESTEFFORT,COMPLETED,m2-1,49.144,"{'m1-1': 108.29, 'm2-1': 1.12, 'm3-1': 10.49, 'm4-1': 28.34, 'm5-1': 10.17, 'm6-1': 27.62, 'm7-1': 10.19, 'm8-1': 10.98}",1.6800000000000002,105.14300000000001,106.26300000000002,inf,159.144,159.144
495,T5,BESTEFFORT,MISSED,m6-1,49.174,"{'m1-1': 102.48, 'm2-1': 0.97, 'm3-1': 10.84, 'm4-1': 26.0, 'm5-1': 9.9, 'm6-1': 26.83, 'm7-1': 10.17, 'm8-1': 9.67}",1.8315000000000055,157.953,inf,159.174,159.174,159.174
496,T8,BESTEFFORT,MISSED,m7-1,49.484,"{'m1-1': 111.99, 'm2-1': 1.13, 'm3-1': 9.63, 'm4-1': 25.67, 'm5-1': 11.22, 'm6-1': 26.22, 'm7-1': 10.11, 'm8-1': 9.87}",2.2020000000000266,158.016,inf,159.484,159.484,159.484
497,T3,BESTEFFORT,MISSED,m8-1,49.531,"{'m1-1': 102.02, 'm2-1': 1.14, 'm3-1': 9.46, 'm4-1': 25.87, 'm5-1': 10.1, 'm6-1': 25.9, 'm7-1': 10.57, 'm8-1': 11.53}",1.494000000000014,158.535,inf,159.531,159.531,159.531
498,T9,BESTEFFORT,MISSED,m1-1,49.782,"{'m1-1': 99.73, 'm2-1': 1.05, 'm3-1': 10.4, 'm4-1': 26.07, 'm5-1': 9.74, 'm6-1': 28.03, 'm7-1': 9.75, 'm8-1': 10.12}",1.6859999999999502,158.65800000000002,inf,159.78199999999998,159.78199999999998,159.78199999999998
499,T8,BESTEFFORT,COMPLETED,m2-1,49.833,"{'m1-1': 103.6, 'm2-1': 1.06, 'm3-1': 10.67, 'm4-1': 23.67, 'm5-1': 10.92, 'm6-1': 24.82, 'm7-1': 10.84, 'm8-1': 10.52}",1.59,106.26300000000002,107.32300000000002,inf,159.833,159.833
500,T7,BESTEFFORT,MISSED,m3-1,49.883,"{'m1-1': 109.67, 'm2-1': 1.03, 'm3-1': 9.26, 'm4-1': 27.15, 'm5-1': 11.09, 'm6-1': 28.53, 'm7-1': 11.84, 'm8-1': 9.26}",1.54200000000003,158.855,inf,159.883,159.883,159.883
501,T7,BESTEFFORT,MISSED,m4-1,50.03,"{'m1-1': 100.08, 'm2-1': 1.03, 'm3-1': 10.28, 'm4-1': 26.19, 'm5-1': 10.15, 'm6-1': 28.24, 'm7-1': 10.34, 'm8-1': 9.38}",1.600500000000011,158.963,inf,160.03,160.03,160.03
502,T6,BESTEFFORT,MISSED,m5-1,50.05,"{'m1-1': 103.06, 'm2-1': 1.1, 'm3-1': 11.05, 'm4-1': 25.32, 'm5-1': 10.96, 'm6-1': 24.86, 'm7-1': 11.35, 'm8-1': 10.63}",1.445999999999998,159.086,inf,160.05,160.05,160.05
503,T9,BESTEFFORT,MISSED,m6-1,50.174,"{'m1-1': 108.18, 'm2-1': 0.98, 'm3-1': 9.78, 'm4-1': 25.64, 'm5-1': 10.04, 'm6-1': 24.04, 'm7-1': 9.81, 'm8-1': 10.8}",1.5,159.174,inf,160.174,160.174,160.174
504,T5,BESTEFFORT,MISSED,m7-1,50.175,"{'m1-1': 106.18, 'm2-1': 1.1, 'm3-1': 10.25, 'm4-1': 27.04, 'm5-1': 10.12, 'm6-1': 26.55, 'm7-1': 10.41, 'm8-1': 11.16}",1.0365000000000038,159.484,inf,160.175,160.175,160.175
505,T9,BESTEFFORT,COMPLETED,m2-1,50.524,"{'m1-1': 107.72, 'm2-1': 0.95, 'm3-1': 11.01, 'm4-1': 25.21, 'm5-1': 9.4, 'm6-1': 27.39, 'm7-1': 10.98, 'm8-1': 9.84}",1.4249999999999998,107.32300000000002,108.27300000000002,inf,160.524,160.524
506,T6,BESTEFFORT,MISSED,m8-1,50.609,"{'m1-1': 104.28, 'm2-1': 1.08, 'm3-1': 11.53, 'm4-1': 25.63, 'm5-1': 10.78, 'm6-1': 27.36, 'm7-1': 10.84, 'm8-1': 10.25}",1.6170000000000044,159.531,inf,160.609,160.609,160.609
507,T2,BESTEFFORT,MISSED,m1-1,50.634,"{'m1-1': 101.9, 'm2-1': 1.01, 'm3-1': 10.9, 'm4-1': 28.18, 'm5-1': 10.45, 'm6-1': 26.1, 'm7-1': 10.2, 'm8-1': 10.88}",1.2780000000000484,159.78199999999998,inf,160.63400000000001,160.63400000000001,160.63400000000001
508,T8,BESTEFFORT,COMPLETED,m2-1,50.662,"{'m1-1': 95.97, 'm2-1': 1.02, 'm3-1': 9.36, 'm4-1': 26.94, 'm5-1': 11.31, 'm6-1': 27.96, 'm7-1': 11.34, 'm8-1': 10.01}",1.53,108.27300000000002,109.29300000000002,inf,160.662,160.662
509,T8,BESTEFFORT,MISSED,m3-1,50.815,"{'m1-1': 112.35, 'm2-1': 1.12, 'm3-1': 9.19, 'm4-1': 26.02, 'm5-1': 11.1, 'm6-1': 24.42, 'm7-1': 10.56, 'm8-1': 10.15}",1.397999999999982,159.883,inf,160.815,160.815,160.815
510,T10,BESTEFFORT,MISSED,m4-1,50.907,"{'m1-1': 109.36, 'm2-1': 1.13, 'm3-1': 9.7, 'm4-1': 25.95, 'm5-1': 10.73, 'm6-1': 25.64, 'm7-1': 10.63, 'm8-1': 11.23}",1.3154999999999717,160.03,inf,160.90699999999998,160.90699999999998,160.90699999999998
511,T1,BESTEFFORT,MISSED,m5-1,50.957,"{'m1-1': 98.16, 'm2-1': 1.08, 'm3-1': 10.85, 'm4-1': 25.91, 'm5-1': 10.42, 'm6-1': 25.48, 'm7-1': 9.59, 'm8-1': 10.75}",1.3604999999999734,160.05,inf,160.957,160.957,160.957
512,T1,BESTEFFORT,MISSED,m6-1,50.971,"{'m1-1': 105.89, 'm2-1': 1.05, 'm3-1': 10.84, 'm4-1': 28.37, 'm5-1': 10.26, 'm6-1': 25.2, 'm7-1': 9.61, 'm8-1': 10.2}",1.1954999999999956,160.174,inf,160.971,160.971,160.971
513,T9,BESTEFFORT,MISSED,m7-1,50.979,"{'m1-1': 99.14, 'm2-1': 0.94, 'm3-1': 10.02, 'm4-1': 28.87, 'm5-1': 10.72, 'm6-1': 24.71, 'm7-1': 9.94, 'm8-1': 9.61}",1.2059999999999604,160.175,inf,160.97899999999998,160.97899999999998,160.97899999999998
514,T7,BESTEFFORT,MISSED,m8-1,51.007,"{'m1-1': 96.53, 'm2-1': 1.11, 'm3-1': 9.73, 'm4-1': 25.91, 'm5-1': 10.85, 'm6-1': 29.41, 'm7-1': 10.36, 'm8-1': 9.4}",0.5969999999999942,160.609,inf,161.007,161.007,161.007
515,T3,BESTEFFORT,MISSED,m1-1,51.024,"{'m1-1': 98.9, 'm2-1': 1.12, 'm3-1': 10.2, 'm4-1': 28.73, 'm5-1': 11.17, 'm6-1': 26.87, 'm7-1': 11.27, 'm8-1': 11.42}",0.5849999999999795,160.63400000000001,inf,161.024,161.024,161.024
516,T1,BESTEFFORT,COMPLETED,m2-1,51.069,"{'m1-1': 108.07, 'm2-1': 1.08, 'm3-1': 9.55, 'm4-1': 25.54, 'm5-1': 9.78, 'm6-1': 27.13, 'm7-1': 9.79, 'm8-1': 10.29}",1.62,109.29300000000002,110.37300000000002,inf,161.06900000000002,161.06900000000002
517,T6,BESTEFFORT,MISSED,m3-1,51.212,"{'m1-1': 105.9, 'm2-1': 1.07, 'm3-1': 10.66, 'm4-1': 27.51, 'm5-1': 9.62, 'm6-1': 27.01, 'm7-1': 10.35, 'm8-1': 9.78}",0.595499999999987,160.815,inf,161.212,161.212,161.212
518,T4,BESTEFFORT,COMPLETED,m2-1,51.371,"{'m1-1': 115.77, 'm2-1': 1.0, 'm3-1': 10.41, 'm4-1': 26.91, 'm5-1': 10.46, 'm6-1': 26.11, 'm7-1': 10.88, 'm8-1': 11.24}",1.5,110.37300000000002,111.37300000000002,inf,161.371,161.371
519,T9,BESTEFFORT,MISSED,m4-1,51.386,"{'m1-1': 110.96, 'm2-1': 1.12, 'm3-1': 10.12, 'm4-1': 25.93, 'm5-1': 10.08, 'm6-1': 24.39, 'm7-1': 9.86, 'm8-1': 10.51}",0.7185000000000201,160.90699999999998,inf,161.386,161.386,161.386
520,T1,BESTEFFORT,MISSED,m5-1,51.409,"{'m1-1': 97.79, 'm2-1': 0.97, 'm3-1': 10.73, 'm4-1': 26.97, 'm5-1': 9.72, 'm6-1': 28.15, 'm7-1': 10.82, 'm8-1': 9.88}",0.6779999999999973,160.957,inf,161.409,161.409,161.409
521,T7,BESTEFFORT,MISSED,m6-1,51.681,"{'m1-1': 100.99, 'm2-1': 1.09, 'm3-1': 10.05, 'm4-1': 27.29, 'm5-1': 10.7, 'm6-1': 29.66, 'm7-1': 10.04, 'm8-1': 9.59}",1.0649999999999693,160.971,inf,161.68099999999998,161.68099999999998,161.68099999999998
522,T5,BESTEFFORT,MISSED,m7-1,51.701,"{'m1-1': 101.08, 'm2-1': 1.01, 'm3-1': 10.36, 'm4-1': 28.3, 'm5-1': 10.54, 'm6-1': 28.8, 'm7-1': 11.12, 'm8-1': 10.08}",1.0830000000000126,160.97899999999998,inf,161.701,161.701,161.701
523,T6,BESTEFFORT,MISSED,m8-1,51.772,"{'m1-1': 114.0, 'm2-1': 1.1, 'm3-1': 10.33, 'm4-1': 27.63, 'm5-1': 10.85, 'm6-1': 27.06, 'm7-1': 10.98, 'm8-1': 10.59}",1.1474999999999795,161.007,inf,161.772,161.772,161.772
524,T3,BESTEFFORT,MISSED,m1-1,51.844,"{'m1-1': 96.07, 'm2-1': 1.06, 'm3-1': 9.62, 'm4-1': 26.2, 'm5-1': 10.12, 'm6-1': 26.99, 'm7-1': 10.09, 'm8-1': 11.44}",1.2299999999999898,161.024,inf,161.844,161.844,161.844
525,T2,BESTEFFORT,COMPLETED,m2-1,51.88,"{'m1-1': 100.03, 'm2-1': 1.06, 'm3-1': 11.43, 'm4-1': 26.4, 'm5-1': 10.09, 'm6-1': 28.1, 'm7-1': 11.59, 'm8-1': 9.55}",1.59,111.37300000000002,112.43300000000002,inf,161.88,161.88
526,T7,BESTEFFORT,MISSED,m3-1,52.063,"{'m1-1': 103.05, 'm2-1': 0.97, 'm3-1': 10.66, 'm4-1': 25.46, 'm5-1': 11.72, 'm6-1': 28.6, 'm7-1': 10.96, 'm8-1': 9.98}",1.2764999999999986,161.212,inf,162.063,162.063,162.063
527,T1,BESTEFFORT,MISSED,m4-1,52.127,"{'m1-1': 102.48, 'm2-1': 1.07, 'm3-1': 9.9, 'm4-1': 26.01, 'm5-1': 10.73, 'm6-1': 25.6, 'm7-1': 10.37, 'm8-1': 11.36}",1.1115000000000208,161.386,inf,162.127,162.127,162.127
528,T8,BESTEFFORT,MISSED,m5-1,52.165,"{'m1-1': 98.24, 'm2-1': 0.98, 'm3-1': 10.86, 'm4-1': 26.77, 'm5-1': 10.2, 'm6-1': 27.37, 'm7-1': 9.9, 'm8-1': 10.17}",1.1340000000000003,161.409,inf,162.165,162.165,162.165
529,T1,BESTEFFORT,MISSED,m6-1,52.207,"{'m1-1': 111.5, 'm2-1': 1.06, 'm3-1': 10.97, 'm4-1': 27.27, 'm5-1': 9.98, 'm6-1': 27.75, 'm7-1': 9.71, 'm8-1': 10.92}",0.7890000000000157,161.68099999999998,inf,162.207,162.207,162.207
530,T3,BESTEFFORT,COMPLETED,m2-1,52.291,"{'m1-1': 106.68, 'm2-1': 1.04, 'm3-1': 10.4, 'm4-1': 25.87, 'm5-1': 11.77, 'm6-1': 28.59, 'm7-1': 10.08, 'm8-1': 10.25}",1.56,112.43300000000002,113.47300000000003,inf,162.291,162.291
531,T1,BESTEFFORT,MISSED,m7-1,52.348,"{'m1-1': 114.56, 'm2-1': 0.92, 'm3-1': 10.15, 'm4-1': 24.57, 'm5-1': 9.58, 'm6-1': 26.33, 'm7-1': 9.9, 'm8-1': 10.05}",0.9705000000000297,161.701,inf,162.348,162.348,162.348
532,T7,BESTEFFORT,MISSED,m3-1,52.552,"{'m1-1': 104.09, 'm2-1': 0.95, 'm3-1': 9.31, 'm4-1': 25.4, 'm5-1': 10.29, 'm6-1': 26.81, 'm7-1': 11.47, 'm8-1': 10.06}",0.7335000000000065,162.063,inf,162.552,162.552,162.552
533,T9,BESTEFFORT,MISSED,m4-1,52.655,"{'m1-1': 103.08, 'm2-1': 1.12, 'm3-1': 10.79, 'm4-1': 24.58, 'm5-1': 10.1, 'm6-1': 26.54, 'm7-1': 10.01, 'm8-1': 10.66}",0.7919999999999874,162.127,inf,162.655,162.655,162.655
534,T10,BESTEFFORT,MISSED,m5-1,52.719,"{'m1-1': 110.31, 'm2-1': 0.99, 'm3-1': 10.79, 'm4-1': 24.81, 'm5-1': 9.32, 'm6-1': 24.97, 'm7-1': 10.23, 'm8-1': 9.49}",0.8310000000000031,162.165,inf,162.719,162.719,162.719
535,T4,BESTEFFORT,MISSED,m6-1,52.844,"{'m1-1': 113.78, 'm2-1': 1.01, 'm3-1': 11.86, 'm4-1': 28.34, 'm5-1': 11.12, 'm6-1': 25.14, 'm7-1': 10.47, 'm8-1': 11.31}",0.9555000000000007,162.207,inf,162.844,162.844,162.844
536,T6,BESTEFFORT,MISSED,m7-1,52.978,"{'m1-1': 106.24, 'm2-1': 1.13, 'm3-1': 11.57, 'm4-1': 27.81, 'm5-1': 10.43, 'm6-1': 26.75, 'm7-1': 9.89, 'm8-1': 10.34}",0.9449999999999932,162.348,inf,162.978,162.978,162.978
537,T10,BESTEFFORT,MISSED,m8-1,53.017,"{'m1-1': 107.44, 'm2-1': 1.05, 'm3-1': 10.19, 'm4-1': 28.04, 'm5-1': 10.6, 'm6-1': 29.32, 'm7-1': 10.76, 'm8-1': 9.87}",1.8675000000000068,161.772,inf,163.017,163.017,163.017
538,T9,BESTEFFORT,MISSED,m1-1,53.04,"{'m1-1': 105.25, 'm2-1': 1.12, 'm3-1': 10.49, 'm4-1': 28.87, 'm5-1': 10.22, 'm6-1': 28.18, 'm7-1': 10.76, 'm8-1': 9.33}",1.793999999999997,161.844,inf,163.04,163.04,163.04
539,T6,BESTEFFORT,COMPLETED,m2-1,53.276,"{'m1-1': 108.82, 'm2-1': 1.09, 'm3-1': 11.24, 'm4-1': 25.36, 'm5-1': 10.33, 'm6-1': 26.54, 'm7-1': 10.02, 'm8-1': 9.39}",1.6350000000000002,113.47300000000003,114.56300000000003,inf,163.276,163.276
540,T10,BESTEFFORT,COMPLETED,m2-1,53.289,"{'m1-1': 95.83, 'm2-1': 0.95, 'm3-1': 10.56, 'm4-1': 24.39, 'm5-1': 10.56, 'm6-1': 26.73, 'm7-1': 10.6, 'm8-1': 11.08}",1.4249999999999998,114.56300000000003,115.51300000000003,inf,163.289,163.289
541,T10,BESTEFFORT,MISSED,m3-1,53.339,"{'m1-1': 107.98, 'm2-1': 0.99, 'm3-1': 10.33, 'm4-1': 24.15, 'm5-1': 10.86, 'm6-1': 27.24, 'm7-1': 10.77, 'm8-1': 9.88}",1.1805000000000092,162.552,inf,163.339,163.339,163.339
542,T7,BESTEFFORT,MISSED,m4-1,53.389,"{'m1-1': 111.04, 'm2-1': 1.01, 'm3-1': 10.08, 'm4-1': 24.62, 'm5-1': 11.04, 'm6-1': 25.02, 'm7-1': 10.56, 'm8-1': 10.43}",1.1010000000000133,162.655,inf,163.389,163.389,163.389
543,T6,BESTEFFORT,MISSED,m5-1,53.669,"{'m1-1': 115.93, 'm2-1': 1.12, 'm3-1': 9.98, 'm4-1': 27.11, 'm5-1': 10.02, 'm6-1': 25.14, 'm7-1': 11.3, 'm8-1': 10.93}",1.424999999999983,162.719,inf,163.66899999999998,163.66899999999998,163.66899999999998
544,T4,BESTEFFORT,MISSED,m6-1,53.67,"{'m1-1': 101.12, 'm2-1': 1.08, 'm3-1': 11.63, 'm4-1': 26.99, 'm5-1': 10.39, 'm6-1': 27.57, 'm7-1': 10.21, 'm8-1': 10.14}",1.2390000000000327,162.844,inf,163.67000000000002,163.67000000000002,163.67000000000002
545,T2,BESTEFFORT,MISSED,m8-1,53.786,"{'m1-1': 113.02, 'm2-1': 0.98, 'm3-1': 10.14, 'm4-1': 29.59, 'm5-1': 9.38, 'm6-1': 27.44, 'm7-1': 10.72, 'm8-1': 11.05}",1.1535000000000082,163.017,inf,163.786,163.786,163.786
546,T7,BESTEFFORT,MISSED,m7-1,53.854,"{'m1-1': 112.28, 'm2-1': 1.03, 'm3-1': 9.59, 'm4-1': 25.67, 'm5-1': 10.25, 'm6-1': 28.86, 'm7-1': 10.79, 'm8-1': 10.52}",1.3139999999999645,162.978,inf,163.85399999999998,163.85399999999998,163.85399999999998
547,T1,BESTEFFORT,MISSED,m8-1,53.869,"{'m1-1': 108.62, 'm2-1': 1.01, 'm3-1': 9.31, 'm4-1': 26.32, 'm5-1': 9.48, 'm6-1': 26.42, 'm7-1': 10.56, 'm8-1': 10.78}",0.12449999999999761,163.786,inf,163.869,163.869,163.869
548,T5,BESTEFFORT,MISSED,m1-1,53.896,"{'m1-1': 110.83, 'm2-1': 0.96, 'm3-1': 9.67, 'm4-1': 27.54, 'm5-1': 10.02, 'm6-1': 28.73, 'm7-1': 10.18, 'm8-1': 9.86}",1.2840000000000344,163.04,inf,163.89600000000002,163.89600000000002,163.89600000000002
549,T7,BESTEFFORT,COMPLETED,m2-1,53.898,"{'m1-1': 109.06, 'm2-1': 0.99, 'm3-1': 10.18, 'm4-1': 23.97, 'm5-1': 10.85, 'm6-1': 28.91, 'm7-1': 11.21, 'm8-1': 10.56}",1.4849999999999999,115.51300000000003,116.50300000000003,inf,163.898,163.898
550,T4,BESTEFFORT,MISSED,m3-1,54.046,"{'m1-1': 112.18, 'm2-1': 1.11, 'm3-1': 10.51, 'm4-1': 25.03, 'm5-1': 10.72, 'm6-1': 27.14, 'm7-1': 10.27, 'm8-1': 11.11}",1.0604999999999905,163.339,inf,164.046,164.046,164.046
551,T3,BESTEFFORT,MISSED,m4-1,54.124,"{'m1-1': 99.22, 'm2-1': 1.11, 'm3-1': 9.34, 'm4-1': 25.22, 'm5-1': 10.35, 'm6-1': 25.22, 'm7-1': 11.59, 'm8-1': 11.44}",1.1024999999999778,163.389,inf,164.124,164.124,164.124
552,T10,BESTEFFORT,COMPLETED,m2-1,54.41,"{'m1-1': 103.19, 'm2-1': 0.97, 'm3-1': 9.43, 'm4-1': 25.42, 'm5-1': 10.75, 'm6-1': 28.86, 'm7-1': 10.57, 'm8-1': 10.58}",1.455,116.50300000000003,117.47300000000003,inf,164.41,164.41
553,T5,BESTEFFORT,MISSED,m5-1,54.412,"{'m1-1': 110.81, 'm2-1': 1.0, 'm3-1': 11.09, 'm4-1': 28.11, 'm5-1': 10.76, 'm6-1': 25.65, 'm7-1': 11.14, 'm8-1': 9.56}",1.1145000000000351,163.66899999999998,inf,164.412,164.412,164.412
554,T7,BESTEFFORT,MISSED,m6-1,54.539,"{'m1-1': 107.94, 'm2-1': 1.05, 'm3-1': 9.25, 'm4-1': 27.08, 'm5-1': 11.58, 'm6-1': 29.67, 'm7-1': 10.3, 'm8-1': 9.25}",1.303499999999957,163.67000000000002,inf,164.539,164.539,164.539
555,T9,BESTEFFORT,MISSED,m7-1,54.684,"{'m1-1': 95.66, 'm2-1': 1.1, 'm3-1': 9.95, 'm4-1': 25.58, 'm5-1': 10.68, 'm6-1': 26.23, 'm7-1': 9.88, 'm8-1': 10.67}",1.2450000000000188,163.85399999999998,inf,164.684,164.684,164.684
556,T9,BESTEFFORT,MISSED,m8-1,54.741,"{'m1-1': 105.37, 'm2-1': 1.11, 'm3-1': 10.63, 'm4-1': 28.98, 'm5-1': 10.52, 'm6-1': 28.01, 'm7-1': 11.23, 'm8-1': 10.55}",1.3079999999999785,163.869,inf,164.74099999999999,164.74099999999999,164.74099999999999
557,T10,BESTEFFORT,MISSED,m1-1,54.802,"{'m1-1': 105.52, 'm2-1': 1.04, 'm3-1': 9.41, 'm4-1': 25.54, 'm5-1': 9.31, 'm6-1': 26.44, 'm7-1': 9.86, 'm8-1': 9.72}",1.3589999999999662,163.89600000000002,inf,164.802,164.802,164.802
558,T9,BESTEFFORT,COMPLETED,m2-1,54.816,"{'m1-1': 95.09, 'm2-1': 1.04, 'm3-1': 10.52, 'm4-1': 26.88, 'm5-1': 9.46, 'm6-1': 24.7, 'm7-1': 10.79, 'm8-1': 10.53}",1.56,117.47300000000003,118.51300000000003,inf,164.816,164.816
559,T8,BESTEFFORT,MISSED,m3-1,54.829,"{'m1-1': 97.97, 'm2-1': 1.02, 'm3-1': 10.42, 'm4-1': 24.47, 'm5-1': 11.0, 'm6-1': 24.61, 'm7-1': 10.41, 'm8-1': 9.68}",1.1745000000000232,164.046,inf,164.829,164.829,164.829
560,T7,BESTEFFORT,MISSED,m4-1,54.868,"{'m1-1': 103.48, 'm2-1': 0.99, 'm3-1': 9.92, 'm4-1': 27.97, 'm5-1': 11.76, 'm6-1': 26.99, 'm7-1': 10.4, 'm8-1': 10.43}",1.1159999999999997,164.124,inf,164.868,164.868,164.868
561,T8,BESTEFFORT,MISSED,m5-1,55.006,"{'m1-1': 98.78, 'm2-1': 1.1, 'm3-1': 10.77, 'm4-1': 23.31, 'm5-1': 11.65, 'm6-1': 27.41, 'm7-1': 11.2, 'm8-1': 11.02}",0.8909999999999911,164.412,inf,165.006,165.006,165.006
562,T10,BESTEFFORT,MISSED,m6-1,55.007,"{'m1-1': 107.54, 'm2-1': 1.02, 'm3-1': 10.59, 'm4-1': 25.13, 'm5-1': 10.47, 'm6-1': 25.65, 'm7-1': 10.78, 'm8-1': 9.64}",0.7020000000000266,164.539,inf,165.007,165.007,165.007
563,T7,BESTEFFORT,MISSED,m7-1,55.205,"{'m1-1': 110.31, 'm2-1': 1.06, 'm3-1': 10.85, 'm4-1': 27.07, 'm5-1': 11.42, 'm6-1': 26.81, 'm7-1': 11.27, 'm8-1': 10.58}",0.7814999999999799,164.684,inf,165.20499999999998,165.20499999999998,165.20499999999998
564,T8,BESTEFFORT,MISSED,m8-1,55.235,"{'m1-1': 109.62, 'm2-1': 1.15, 'm3-1': 10.01, 'm4-1': 24.06, 'm5-1': 11.86, 'm6-1': 24.64, 'm7-1': 11.27, 'm8-1': 10.68}",0.7410000000000423,164.74099999999999,inf,165.235,165.235,165.235
565,T3,BESTEFFORT,COMPLETED,m2-1,55.534,"{'m1-1': 99.86, 'm2-1': 0.99, 'm3-1': 10.7, 'm4-1': 28.56, 'm5-1': 11.43, 'm6-1': 28.39, 'm7-1': 11.86, 'm8-1': 9.93}",1.4849999999999999,118.51300000000003,119.50300000000003,inf,165.534,165.534
566,T1,BESTEFFORT,MISSED,m1-1,55.581,"{'m1-1': 111.12, 'm2-1': 1.0, 'm3-1': 10.39, 'm4-1': 24.54, 'm5-1': 9.71, 'm6-1': 26.8, 'm7-1': 10.32, 'm8-1': 10.88}",1.1685000000000372,164.802,inf,165.58100000000002,165.58100000000002,165.58100000000002
567,T5,BESTEFFORT,COMPLETED,m2-1,55.607,"{'m1-1': 102.74, 'm2-1': 1.07, 'm3-1': 9.93, 'm4-1': 25.6, 'm5-1': 9.64, 'm6-1': 28.16, 'm7-1': 9.64, 'm8-1': 9.83}",1.605,119.50300000000003,120.57300000000002,inf,165.607,165.607
568,T1,BESTEFFORT,MISSED,m3-1,55.614,"{'m1-1': 105.15, 'm2-1': 1.06, 'm3-1': 10.88, 'm4-1': 24.32, 'm5-1': 10.54, 'm6-1': 25.88, 'm7-1': 10.78, 'm8-1': 10.54}",1.1774999999999949,164.829,inf,165.614,165.614,165.614
569,T7,BESTEFFORT,MISSED,m4-1,55.624,"{'m1-1': 106.98, 'm2-1': 1.11, 'm3-1': 10.58, 'm4-1': 27.84, 'm5-1': 11.05, 'm6-1': 28.76, 'm7-1': 10.36, 'm8-1': 10.63}",1.1340000000000003,164.868,inf,165.624,165.624,165.624
570,T6,BESTEFFORT,MISSED,m5-1,55.639,"{'m1-1': 103.16, 'm2-1': 1.04, 'm3-1': 11.18, 'm4-1': 24.95, 'm5-1': 10.61, 'm6-1': 25.64, 'm7-1': 11.16, 'm8-1': 10.13}",0.9495000000000147,165.006,inf,165.639,165.639,165.639
571,T7,BESTEFFORT,MISSED,m6-1,55.651,"{'m1-1': 96.82, 'm2-1': 1.07, 'm3-1': 10.19, 'm4-1': 26.98, 'm5-1': 10.69, 'm6-1': 29.16, 'm7-1': 10.07, 'm8-1': 9.66}",0.9660000000000082,165.007,inf,165.651,165.651,165.651
572,T7,BESTEFFORT,MISSED,m7-1,55.664,"{'m1-1': 110.66, 'm2-1': 1.1, 'm3-1': 10.01, 'm4-1': 24.79, 'm5-1': 10.76, 'm6-1': 26.18, 'm7-1': 10.38, 'm8-1': 9.55}",0.6885000000000048,165.20499999999998,inf,165.664,165.664,165.664
573,T8,BESTEFFORT,MISSED,m8-1,55.721,"{'m1-1': 103.25, 'm2-1': 1.01, 'm3-1': 10.51, 'm4-1': 25.03, 'm5-1': 10.33, 'm6-1': 25.42, 'm7-1': 9.92, 'm8-1': 10.33}",0.728999999999985,165.235,inf,165.721,165.721,165.721
574,T9,BESTEFFORT,MISSED,m1-1,55.975,"{'m1-1': 105.76, 'm2-1': 1.1, 'm3-1': 9.29, 'm4-1': 26.7, 'm5-1': 9.3, 'm6-1': 26.6, 'm7-1': 10.48, 'm8-1': 10.83}",0.5909999999999656,165.58100000000002,inf,165.975,165.975,165.975
575,T8,BESTEFFORT,COMPLETED,m2-1,56.199,"{'m1-1': 102.21, 'm2-1': 1.13, 'm3-1': 10.03, 'm4-1': 26.39, 'm5-1': 11.03, 'm6-1': 25.27, 'm7-1': 11.18, 'm8-1': 10.67}",1.6949999999999998,120.57300000000002,121.70300000000002,inf,166.199,166.199
576,T9,BESTEFFORT,MISSED,m3-1,56.35,"{'m1-1': 103.35, 'm2-1': 1.02, 'm3-1': 10.6, 'm4-1': 26.83, 'm5-1': 9.77, 'm6-1': 24.04, 'm7-1': 10.76, 'm8-1': 9.4}",1.103999999999985,165.614,inf,166.35,166.35,166.35
577,T1,BESTEFFORT,MISSED,m4-1,56.453,"{'m1-1': 109.76, 'm2-1': 1.08, 'm3-1': 9.41, 'm4-1': 24.79, 'm5-1': 10.16, 'm6-1': 28.73, 'm7-1': 10.18, 'm8-1': 10.52}",1.2435000000000116,165.624,inf,166.453,166.453,166.453
578,T10,BESTEFFORT,MISSED,m5-1,56.517,"{'m1-1': 102.96, 'm2-1': 0.99, 'm3-1': 9.92, 'm4-1': 26.55, 'm5-1': 10.76, 'm6-1': 25.13, 'm7-1': 10.46, 'm8-1': 9.79}",1.3169999999999789,165.639,inf,166.517,166.517,166.517
579,T7,BESTEFFORT,COMPLETED,m2-1,56.575,"{'m1-1': 107.23, 'm2-1': 1.07, 'm3-1': 10.74, 'm4-1': 24.94, 'm5-1': 11.83, 'm6-1': 27.67, 'm7-1': 11.6, 'm8-1': 10.89}",1.605,121.70300000000002,122.77300000000001,inf,166.575,166.575
580,T7,BESTEFFORT,MISSED,m6-1,56.701,"{'m1-1': 100.05, 'm2-1': 1.08, 'm3-1': 10.31, 'm4-1': 24.0, 'm5-1': 11.76, 'm6-1': 25.6, 'm7-1': 11.01, 'm8-1': 9.76}",1.5749999999999744,165.651,inf,166.701,166.701,166.701
581,T1,BESTEFFORT,MISSED,m7-1,56.737,"{'m1-1': 113.23, 'm2-1': 1.03, 'm3-1': 9.59, 'm4-1': 28.26, 'm5-1': 10.66, 'm6-1': 29.26, 'm7-1': 10.01, 'm8-1': 10.15}",1.6095000000000113,165.664,inf,166.737,166.737,166.737
582,T10,BESTEFFORT,MISSED,m8-1,56.787,"{'m1-1': 94.72, 'm2-1': 0.99, 'm3-1': 9.82, 'm4-1': 23.58, 'm5-1': 11.04, 'm6-1': 26.56, 'm7-1': 10.39, 'm8-1': 10.49}",1.5990000000000038,165.721,inf,166.787,166.787,166.787
583,T10,BESTEFFORT,MISSED,m1-1,56.854,"{'m1-1': 101.42, 'm2-1': 0.98, 'm3-1': 9.38, 'm4-1': 25.55, 'm5-1': 10.23, 'm6-1': 29.39, 'm7-1': 9.46, 'm8-1': 9.89}",1.318499999999986,165.975,inf,166.85399999999998,166.85399999999998,166.85399999999998
584,T5,BESTEFFORT,COMPLETED,m2-1,56.999,"{'m1-1': 103.7, 'm2-1': 0.98, 'm3-1': 9.49, 'm4-1': 27.97, 'm5-1': 10.2, 'm6-1': 25.3, 'm7-1': 9.94, 'm8-1': 10.52}",1.47,122.77300000000001,123.75300000000001,inf,166.999,166.999
585,T3,BESTEFFORT,MISSED,m3-1,57.206,"{'m1-1': 101.97, 'm2-1': 1.08, 'm3-1': 9.66, 'm4-1': 27.29, 'm5-1': 11.4, 'm6-1': 26.58, 'm7-1': 11.58, 'm8-1': 10.29}",1.2840000000000344,166.35,inf,167.20600000000002,167.20600000000002,167.20600000000002
586,T7,BESTEFFORT,MISSED,m4-1,57.345,"{'m1-1': 109.06, 'm2-1': 1.06, 'm3-1': 10.76, 'm4-1': 26.85, 'm5-1': 10.32, 'm6-1': 26.59, 'm7-1': 11.04, 'm8-1': 9.37}",1.3379999999999939,166.453,inf,167.345,167.345,167.345
587,T4,BESTEFFORT,MISSED,m5-1,57.423,"{'m1-1': 104.81, 'm2-1': 1.15, 'm3-1': 10.74, 'm4-1': 25.31, 'm5-1': 11.18, 'm6-1': 24.1, 'm7-1': 10.77, 'm8-1': 11.84}",1.3590000000000089,166.517,inf,167.423,167.423,167.423
588,T2,BESTEFFORT,MISSED,m6-1,57.585,"{'m1-1': 115.69, 'm2-1': 1.14, 'm3-1': 10.23, 'm4-1': 25.77, 'm5-1': 9.81, 'm6-1': 27.95, 'm7-1': 10.57, 'm8-1': 9.54}",1.3260000000000218,166.701,inf,167.585,167.585,167.585
589,T9,BESTEFFORT,COMPLETED,m2-1,57.714,"{'m1-1': 107.15, 'm2-1': 1.12, 'm3-1': 9.81, 'm4-1': 24.46, 'm5-1': 10.72, 'm6-1': 28.05, 'm7-1': 10.58, 'm8-1': 10.73}",1.6800000000000002,123.75300000000001,124.87300000000002,inf,167.714,167.714
590,T1,BESTEFFORT,MISSED,m7-1,57.803,"{'m1-1': 111.26, 'm2-1': 1.0, 'm3-1': 11.03, 'm4-1': 24.63, 'm5-1': 11.21, 'm6-1': 29.06, 'm7-1': 9.5, 'm8-1': 9.7}",1.5990000000000038,166.737,inf,167.803,167.803,167.803
591,T10,BESTEFFORT,MISSED,m8-1,57.859,"{'m1-1': 94.8, 'm2-1': 1.08, 'm3-1': 9.23, 'm4-1': 27.96, 'm5-1': 10.46, 'm6-1': 26.33, 'm7-1': 10.7, 'm8-1': 11.12}",1.608000000000004,166.787,inf,167.859,167.859,167.859
592,T7,BESTEFFORT,MISSED,m1-1,57.897,"{'m1-1': 105.91, 'm2-1': 0.97, 'm3-1': 9.33, 'm4-1': 27.02, 'm5-1': 10.38, 'm6-1': 26.02, 'm7-1': 10.29, 'm8-1': 10.67}",1.5645000000000095,166.85399999999998,inf,167.897,167.897,167.897
593,T9,BESTEFFORT,COMPLETED,m2-1,57.909,"{'m1-1': 104.56, 'm2-1': 0.94, 'm3-1': 10.62, 'm4-1': 28.38, 'm5-1': 9.82, 'm6-1': 25.59, 'm7-1': 9.64, 'm8-1': 10.57}",1.41,124.87300000000002,125.81300000000002,inf,167.909,167.909
594,T10,BESTEFFORT,MISSED,m3-1,58.138,"{'m1-1': 94.91, 'm2-1': 1.12, 'm3-1': 10.56, 'm4-1': 25.15, 'm5-1': 9.31, 'm6-1': 28.88, 'm7-1': 10.15, 'm8-1': 9.77}",1.397999999999982,167.20600000000002,inf,168.138,168.138,168.138
595,T2,BESTEFFORT,MISSED,m4-1,58.273,"{'m1-1': 102.24, 'm2-1': 1.14, 'm3-1': 9.73, 'm4-1': 26.4, 'm5-1': 10.47, 'm6-1': 27.28, 'm7-1': 10.79, 'm8-1': 10.74}",1.391999999999996,167.345,inf,168.273,168.273,168.273
596,T6,BESTEFFORT,MISSED,m5-1,58.454,"{'m1-1': 112.15, 'm2-1': 1.12, 'm3-1': 10.92, 'm4-1': 28.89, 'm5-1': 10.97, 'm6-1': 27.26, 'm7-1': 9.84, 'm8-1': 9.45}",1.5465000000000089,167.423,inf,168.454,168.454,168.454
597,T8,BESTEFFORT,MISSED,m6-1,58.455,"{'m1-1': 99.31, 'm2-1': 1.07, 'm3-1': 10.25, 'm4-1': 24.16, 'm5-1': 11.26, 'm6-1': 25.64, 'm7-1': 10.26, 'm8-1': 11.02}",1.3049999999999642,167.585,inf,168.45499999999998,168.45499999999998,168.45499999999998
598,T7,BESTEFFORT,MISSED,m7-1,58.467,"{'m1-1': 112.28, 'm2-1': 1.11, 'm3-1': 9.82, 'm4-1': 26.02, 'm5-1': 11.7, 'm6-1': 26.95, 'm7-1': 10.43, 'm8-1': 10.58}",0.9959999999999809,167.803,inf,168.46699999999998,168.46699999999998,168.46699999999998
599,T10,BESTEFFORT,MISSED,m8-1,58.479,"{'m1-1': 98.31, 'm2-1': 1.02, 'm3-1': 10.59, 'm4-1': 23.66, 'm5-1': 10.75, 'm6-1': 26.01, 'm7-1': 9.41, 'm8-1': 10.76}",0.9299999999999642,167.859,inf,168.47899999999998,168.47899999999998,168.47899999999998
600,T3,BESTEFFORT,COMPLETED,m2-1,58.844,"{'m1-1': 94.88, 'm2-1': 1.12, 'm3-1': 9.5, 'm4-1': 27.2, 'm5-1': 11.27, 'm6-1': 25.64, 'm7-1': 11.01, 'm8-1': 10.2}",1.6800000000000002,125.81300000000002,126.93300000000002,inf,168.844,168.844
601,T2,BESTEFFORT,MISSED,m1-1,58.873,"{'m1-1': 105.08, 'm2-1': 1.0, 'm3-1': 11.01, 'm4-1': 29.2, 'm5-1': 10.09, 'm6-1': 27.71, 'm7-1': 11.36, 'm8-1': 11.1}",1.4639999999999986,167.897,inf,168.873,168.873,168.873
602,T6,BESTEFFORT,COMPLETED,m2-1,59.002,"{'m1-1': 104.34, 'm2-1': 1.06, 'm3-1': 11.65, 'm4-1': 28.64, 'm5-1': 10.56, 'm6-1': 24.38, 'm7-1': 10.12, 'm8-1': 9.33}",1.59,126.93300000000002,127.99300000000002,inf,169.002,169.002
603,T9,BESTEFFORT,MISSED,m3-1,59.018,"{'m1-1': 112.02, 'm2-1': 1.01, 'm3-1': 10.3, 'm4-1': 27.85, 'm5-1': 10.15, 'm6-1': 24.0, 'm7-1': 9.63, 'm8-1': 10.82}",1.3199999999999932,168.138,inf,169.018,169.018,169.018
604,T9,BESTEFFORT,MISSED,m4-1,59.049,"{'m1-1': 108.8, 'm2-1': 1.04, 'm3-1': 9.27, 'm4-1': 26.76, 'm5-1': 9.52, 'm6-1': 25.87, 'm7-1': 10.95, 'm8-1': 10.86}",1.1640000000000157,168.273,inf,169.049,169.049,169.049
605,T4,BESTEFFORT,MISSED,m5-1,59.099,"{'m1-1': 112.19, 'm2-1': 1.06, 'm3-1': 11.48, 'm4-1': 28.67, 'm5-1': 10.44, 'm6-1': 24.55, 'm7-1': 9.84, 'm8-1': 10.43}",0.9674999999999727,168.454,inf,169.099,169.099,169.099
606,T1,BESTEFFORT,MISSED,m6-1,59.123,"{'m1-1': 100.28, 'm2-1': 0.93, 'm3-1': 10.53, 'm4-1': 24.41, 'm5-1': 10.07, 'm6-1': 26.98, 'm7-1': 9.69, 'm8-1': 10.81}",1.0020000000000095,168.45499999999998,inf,169.123,169.123,169.123
607,T8,BESTEFFORT,MISSED,m7-1,59.247,"{'m1-1': 107.13, 'm2-1': 1.14, 'm3-1': 10.56, 'm4-1': 27.27, 'm5-1': 10.5, 'm6-1': 24.2, 'm7-1': 10.82, 'm8-1': 9.82}",1.1700000000000443,168.46699999999998,inf,169.247,169.247,169.247
608,T1,BESTEFFORT,MISSED,m8-1,59.249,"{'m1-1': 102.02, 'm2-1': 0.92, 'm3-1': 10.9, 'm4-1': 24.74, 'm5-1': 10.13, 'm6-1': 27.95, 'm7-1': 10.81, 'm8-1': 9.89}",1.1550000000000153,168.47899999999998,inf,169.249,169.249,169.249
609,T6,BESTEFFORT,MISSED,m1-1,59.315,"{'m1-1': 100.15, 'm2-1': 1.09, 'm3-1': 10.19, 'm4-1': 28.32, 'm5-1': 10.2, 'm6-1': 27.54, 'm7-1': 9.57, 'm8-1': 9.58}",0.6630000000000109,168.873,inf,169.315,169.315,169.315
610,T3,BESTEFFORT,COMPLETED,m2-1,59.385,"{'m1-1': 107.8, 'm2-1': 1.0, 'm3-1': 9.92, 'm4-1': 29.1, 'm5-1': 9.99, 'm6-1': 28.4, 'm7-1': 10.21, 'm8-1': 11.5}",1.5,127.99300000000002,128.99300000000002,inf,169.385,169.385
611,T1,BESTEFFORT,MISSED,m3-1,59.443,"{'m1-1': 113.19, 'm2-1': 1.03, 'm3-1': 9.89, 'm4-1': 25.5, 'm5-1': 11.19, 'm6-1': 27.03, 'm7-1': 10.66, 'm8-1': 10.77}",0.6374999999999744,169.018,inf,169.44299999999998,169.44299999999998,169.44299999999998
612,T1,BESTEFFORT,MISSED,m4-1,59.45,"{'m1-1': 109.66, 'm2-1': 1.01, 'm3-1': 10.34, 'm4-1': 24.44, 'm5-1': 11.15, 'm6-1': 25.39, 'm7-1': 10.22, 'm8-1': 11.1}",0.6014999999999731,169.049,inf,169.45,169.45,169.45
613,T8,BESTEFFORT,MISSED,m5-1,59.677,"{'m1-1': 106.72, 'm2-1': 1.15, 'm3-1': 9.4, 'm4-1': 25.99, 'm5-1': 11.57, 'm6-1': 28.13, 'm7-1': 10.3, 'm8-1': 10.6}",0.8670000000000044,169.099,inf,169.677,169.677,169.677
614,T4,BESTEFFORT,COMPLETED,m2-1,59.892,"{'m1-1': 106.66, 'm2-1': 1.06, 'm3-1': 10.01, 'm4-1': 27.86, 'm5-1': 10.58, 'm6-1': 27.71, 'm7-1': 10.3, 'm8-1': 10.3}",1.59,128.99300000000002,130.05300000000003,inf,169.892,169.892
615,T3,BESTEFFORT,MISSED,m6-1,59.981,"{'m1-1': 109.02, 'm2-1': 1.09, 'm3-1': 10.58, 'm4-1': 25.64, 'm5-1': 11.7, 'm6-1': 26.52, 'm7-1': 10.45, 'm8-1': 10.81}",1.2870000000000061,169.123,inf,169.981,169.981,169.981
616,T8,BESTEFFORT,MISSED,m7-1,60.331,"{'m1-1': 103.89, 'm2-1': 1.04, 'm3-1': 10.81, 'm4-1': 25.17, 'm5-1': 10.23, 'm6-1': 28.18, 'm7-1': 11.04, 'm8-1': 11.13}",1.6260000000000048,169.247,inf,170.33100000000002,170.33100000000002,170.33100000000002
617,T10,BESTEFFORT,MISSED,m8-1,60.596,"{'m1-1': 106.3, 'm2-1': 1.05, 'm3-1': 10.5, 'm4-1': 27.39, 'm5-1': 9.72, 'm6-1': 29.15, 'm7-1': 9.2, 'm8-1': 10.44}",2.0205000000000126,169.249,inf,170.596,170.596,170.596
618,T9,BESTEFFORT,MISSED,m1-1,60.679,"{'m1-1': 98.69, 'm2-1': 0.98, 'm3-1': 9.38, 'm4-1': 25.31, 'm5-1': 9.67, 'm6-1': 28.37, 'm7-1': 10.8, 'm8-1': 9.33}",2.0460000000000065,169.315,inf,170.679,170.679,170.679
619,T3,BESTEFFORT,COMPLETED,m2-1,60.858,"{'m1-1': 108.71, 'm2-1': 0.99, 'm3-1': 9.9, 'm4-1': 25.69, 'm5-1': 10.46, 'm6-1': 24.12, 'm7-1': 11.26, 'm8-1': 10.12}",1.4849999999999999,130.05300000000003,131.04300000000003,inf,170.858,170.858
620,T2,BESTEFFORT,COMPLETED,m2-1,61.22,"{'m1-1': 103.34, 'm2-1': 1.02, 'm3-1': 10.81, 'm4-1': 26.12, 'm5-1': 9.72, 'm6-1': 26.2, 'm7-1': 11.52, 'm8-1': 10.41}",1.53,131.04300000000003,132.06300000000005,inf,171.22,171.22
621,T9,BESTEFFORT,MISSED,m3-1,61.257,"{'m1-1': 111.6, 'm2-1': 0.96, 'm3-1': 10.52, 'm4-1': 24.83, 'm5-1': 10.0, 'm6-1': 26.9, 'm7-1': 9.81, 'm8-1': 10.67}",2.721000000000032,169.44299999999998,inf,171.257,171.257,171.257
622,T1,BESTEFFORT,MISSED,m4-1,61.582,"{'m1-1': 100.24, 'm2-1': 1.01, 'm3-1': 9.83, 'm4-1': 27.14, 'm5-1': 10.47, 'm6-1': 27.65, 'm7-1': 10.82, 'm8-1': 9.77}",3.1980000000000075,169.45,inf,171.582,171.582,171.582
623,T3,BESTEFFORT,MISSED,m5-1,61.64,"{'m1-1': 93.5, 'm2-1': 1.12, 'm3-1': 9.53, 'm4-1': 28.18, 'm5-1': 10.53, 'm6-1': 28.52, 'm7-1': 10.6, 'm8-1': 11.07}",2.944499999999991,169.677,inf,171.64,171.64,171.64
624,T7,BESTEFFORT,COMPLETED,m2-1,61.912,"{'m1-1': 105.0, 'm2-1': 1.1, 'm3-1': 9.59, 'm4-1': 24.04, 'm5-1': 11.78, 'm6-1': 27.71, 'm7-1': 11.23, 'm8-1': 9.38}",1.6500000000000001,132.06300000000005,133.16300000000004,inf,171.912,171.912
625,T1,BESTEFFORT,MISSED,m6-1,62.081,"{'m1-1': 107.77, 'm2-1': 0.92, 'm3-1': 10.98, 'm4-1': 26.83, 'm5-1': 10.07, 'm6-1': 27.32, 'm7-1': 10.03, 'm8-1': 10.27}",3.150000000000034,169.981,inf,172.08100000000002,172.08100000000002,172.08100000000002
626,T6,BESTEFFORT,MISSED,m7-1,62.083,"{'m1-1': 98.56, 'm2-1': 1.07, 'm3-1': 10.64, 'm4-1': 29.18, 'm5-1': 10.54, 'm6-1': 26.69, 'm7-1': 11.36, 'm8-1': 9.91}",2.6279999999999717,170.33100000000002,inf,172.083,172.083,172.083
627,T9,BESTEFFORT,MISSED,m8-1,62.17,"{'m1-1': 99.55, 'm2-1': 0.95, 'm3-1': 10.64, 'm4-1': 27.13, 'm5-1': 9.94, 'm6-1': 26.94, 'm7-1': 9.87, 'm8-1': 10.4}",2.3610000000000184,170.596,inf,172.17000000000002,172.17000000000002,172.17000000000002
628,T3,BESTEFFORT,MISSED,m1-1,62.227,"{'m1-1': 95.5, 'm2-1': 1.0, 'm3-1': 9.22, 'm4-1': 26.78, 'm5-1': 11.3, 'm6-1': 27.3, 'm7-1': 10.9, 'm8-1': 11.01}",2.3220000000000027,170.679,inf,172.227,172.227,172.227
629,T10,BESTEFFORT,COMPLETED,m2-1,62.24,"{'m1-1': 108.67, 'm2-1': 0.95, 'm3-1': 10.62, 'm4-1': 27.06, 'm5-1': 9.82, 'm6-1': 27.76, 'm7-1': 10.82, 'm8-1': 9.64}",1.4249999999999998,133.16300000000004,134.11300000000003,inf,172.24,172.24
630,T2,BESTEFFORT,MISSED,m3-1,62.362,"{'m1-1': 104.97, 'm2-1': 1.01, 'm3-1': 10.13, 'm4-1': 26.49, 'm5-1': 10.75, 'm6-1': 25.32, 'm7-1': 10.6, 'm8-1': 9.56}",1.6574999999999847,171.257,inf,172.362,172.362,172.362
631,T7,BESTEFFORT,MISSED,m3-1,62.504,"{'m1-1': 107.27, 'm2-1': 0.99, 'm3-1': 9.44, 'm4-1': 24.2, 'm5-1': 10.03, 'm6-1': 25.17, 'm7-1': 10.58, 'm8-1': 9.73}",0.21299999999999386,172.362,inf,172.504,172.504,172.504
632,T2,BESTEFFORT,MISSED,m4-1,62.629,"{'m1-1': 106.62, 'm2-1': 1.13, 'm3-1': 10.33, 'm4-1': 27.46, 'm5-1': 9.69, 'm6-1': 26.14, 'm7-1': 11.05, 'm8-1': 10.27}",1.5704999999999956,171.582,inf,172.629,172.629,172.629
633,T6,BESTEFFORT,MISSED,m5-1,62.639,"{'m1-1': 111.35, 'm2-1': 0.96, 'm3-1': 10.08, 'm4-1': 25.49, 'm5-1': 10.0, 'm6-1': 26.86, 'm7-1': 10.74, 'm8-1': 9.29}",1.4985000000000355,171.64,inf,172.639,172.639,172.639
634,T8,BESTEFFORT,MISSED,m6-1,62.82,"{'m1-1': 103.25, 'm2-1': 0.99, 'm3-1': 10.21, 'm4-1': 27.1, 'm5-1': 11.21, 'm6-1': 25.52, 'm7-1': 10.62, 'm8-1': 11.31}",1.1084999999999638,172.08100000000002,inf,172.82,172.82,172.82
635,T2,BESTEFFORT,MISSED,m5-1,62.84,"{'m1-1': 112.18, 'm2-1': 0.98, 'm3-1': 9.78, 'm4-1': 27.03, 'm5-1': 10.18, 'm6-1': 25.0, 'm7-1': 11.71, 'm8-1': 10.35}",0.3014999999999901,172.639,inf,172.84,172.84,172.84
636,T4,BESTEFFORT,COMPLETED,m2-1,62.879,"{'m1-1': 99.2, 'm2-1': 1.0, 'm3-1': 10.06, 'm4-1': 27.14, 'm5-1': 10.13, 'm6-1': 25.05, 'm7-1': 10.84, 'm8-1': 10.48}",1.5,134.11300000000003,135.11300000000003,inf,172.879,172.879
637,T5,BESTEFFORT,MISSED,m7-1,63.068,"{'m1-1': 98.25, 'm2-1': 1.09, 'm3-1': 10.87, 'm4-1': 26.98, 'm5-1': 9.45, 'm6-1': 24.63, 'm7-1': 10.27, 'm8-1': 11.22}",1.4774999999999778,172.083,inf,173.06799999999998,173.06799999999998,173.06799999999998
638,T5,BESTEFFORT,MISSED,m7-1,63.101,"{'m1-1': 104.61, 'm2-1': 1.01, 'm3-1': 11.16, 'm4-1': 27.79, 'm5-1': 10.55, 'm6-1': 27.31, 'm7-1': 10.97, 'm8-1': 10.52}",0.04950000000002319,173.06799999999998,inf,173.101,173.101,173.101
639,T6,BESTEFFORT,MISSED,m8-1,63.564,"{'m1-1': 105.99, 'm2-1': 1.03, 'm3-1': 11.43, 'm4-1': 26.01, 'm5-1': 10.01, 'm6-1': 27.53, 'm7-1': 10.8, 'm8-1': 9.81}",2.0909999999999656,172.17000000000002,inf,173.564,173.564,173.564
640,T6,BESTEFFORT,MISSED,m1-1,63.609,"{'m1-1': 111.62, 'm2-1': 1.05, 'm3-1': 11.59, 'm4-1': 29.1, 'm5-1': 10.16, 'm6-1': 25.42, 'm7-1': 10.97, 'm8-1': 10.02}",2.0730000000000075,172.227,inf,173.609,173.609,173.609
641,T2,BESTEFFORT,COMPLETED,m2-1,63.741,"{'m1-1': 105.46, 'm2-1': 1.02, 'm3-1': 11.39, 'm4-1': 25.43, 'm5-1': 10.36, 'm6-1': 25.96, 'm7-1': 11.25, 'm8-1': 10.49}",1.53,135.11300000000003,136.13300000000004,inf,173.74099999999999,173.74099999999999
642,T4,BESTEFFORT,MISSED,m3-1,63.76,"{'m1-1': 107.91, 'm2-1': 1.11, 'm3-1': 11.7, 'm4-1': 26.05, 'm5-1': 11.15, 'm6-1': 26.49, 'm7-1': 10.36, 'm8-1': 11.74}",1.8840000000000003,172.504,inf,173.76,173.76,173.76
643,T8,BESTEFFORT,MISSED,m4-1,63.823,"{'m1-1': 108.6, 'm2-1': 1.14, 'm3-1': 9.46, 'm4-1': 24.57, 'm5-1': 10.03, 'm6-1': 28.27, 'm7-1': 9.61, 'm8-1': 9.55}",1.7910000000000252,172.629,inf,173.823,173.823,173.823
644,T1,BESTEFFORT,MISSED,m5-1,63.957,"{'m1-1': 113.12, 'm2-1': 0.92, 'm3-1': 10.91, 'm4-1': 25.53, 'm5-1': 10.7, 'm6-1': 29.2, 'm7-1': 10.26, 'm8-1': 10.25}",1.6754999999999853,172.84,inf,173.957,173.957,173.957
645,T1,BESTEFFORT,COMPLETED,m2-1,64.194,"{'m1-1': 106.54, 'm2-1': 1.04, 'm3-1': 10.67, 'm4-1': 24.64, 'm5-1': 9.5, 'm6-1': 25.8, 'm7-1': 10.7, 'm8-1': 10.11}",1.56,136.13300000000004,137.17300000000003,inf,174.19400000000002,174.19400000000002
646,T10,BESTEFFORT,MISSED,m6-1,64.261,"{'m1-1': 106.41, 'm2-1': 1.1, 'm3-1': 9.34, 'm4-1': 25.83, 'm5-1': 10.37, 'm6-1': 25.2, 'm7-1': 10.83, 'm8-1': 10.87}",2.1615000000000038,172.82,inf,174.261,174.261,174.261
647,T1,BESTEFFORT,MISSED,m7-1,64.277,"{'m1-1': 105.44, 'm2-1': 0.95, 'm3-1': 9.83, 'm4-1': 26.06, 'm5-1': 10.81, 'm6-1': 25.64, 'm7-1': 11.05, 'm8-1': 11.16}",1.7639999999999816,173.101,inf,174.277,174.277,174.277
648,T6,BESTEFFORT,MISSED,m8-1,64.356,"{'m1-1': 110.07, 'm2-1': 1.1, 'm3-1': 10.78, 'm4-1': 29.46, 'm5-1': 9.88, 'm6-1': 24.86, 'm7-1': 10.54, 'm8-1': 9.47}",1.1880000000000024,173.564,inf,174.356,174.356,174.356
649,T8,BESTEFFORT,MISSED,m1-1,64.415,"{'m1-1': 97.8, 'm2-1': 1.08, 'm3-1': 10.88, 'm4-1': 25.93, 'm5-1': 10.52, 'm6-1': 24.26, 'm7-1': 11.22, 'm8-1': 11.25}",1.2090000000000174,173.609,inf,174.41500000000002,174.41500000000002,174.41500000000002
650,T10,BESTEFFORT,COMPLETED,m2-1,64.458,"{'m1-1': 102.16, 'm2-1': 1.03, 'm3-1': 9.36, 'm4-1': 23.64, 'm5-1': 10.15, 'm6-1': 26.34, 'm7-1': 9.66, 'm8-1': 10.8}",1.545,137.17300000000003,138.20300000000003,inf,174.458,174.458
651,T5,BESTEFFORT,MISSED,m3-1,64.541,"{'m1-1': 111.98, 'm2-1': 1.06, 'm3-1': 10.52, 'm4-1': 27.61, 'm5-1': 10.63, 'm6-1': 24.78, 'm7-1': 10.39, 'm8-1': 10.48}",1.1715000000000089,173.76,inf,174.541,174.541,174.541
652,T1,BESTEFFORT,MISSED,m4-1,64.837,"{'m1-1': 105.62, 'm2-1': 0.95, 'm3-1': 10.27, 'm4-1': 28.23, 'm5-1': 9.75, 'm6-1': 25.89, 'm7-1': 10.82, 'm8-1': 11.29}",1.5209999999999724,173.823,inf,174.837,174.837,174.837
653,T3,BESTEFFORT,MISSED,m8-1,65.045,"{'m1-1': 101.35, 'm2-1': 1.06, 'm3-1': 9.21, 'm4-1': 27.32, 'm5-1': 10.87, 'm6-1': 25.66, 'm7-1': 10.58, 'm8-1': 10.74}",1.033500000000032,174.356,inf,175.04500000000002,175.04500000000002,175.04500000000002
654,T1,BESTEFFORT,COMPLETED,m2-1,65.079,"{'m1-1': 101.22, 'm2-1': 0.94, 'm3-1': 11.02, 'm4-1': 24.76, 'm5-1': 9.9, 'm6-1': 28.4, 'm7-1': 10.29, 'm8-1': 9.86}",1.41,138.20300000000003,139.14300000000003,inf,175.079,175.079
655,T5,BESTEFFORT,MISSED,m5-1,65.29,"{'m1-1': 101.81, 'm2-1': 1.05, 'm3-1': 10.47, 'm4-1': 24.96, 'm5-1': 10.89, 'm6-1': 28.07, 'm7-1': 9.5, 'm8-1': 10.78}",1.9995000000000402,173.957,inf,175.29000000000002,175.29000000000002,175.29000000000002
656,T8,BESTEFFORT,MISSED,m6-1,65.338,"{'m1-1': 111.25, 'm2-1': 1.14, 'm3-1': 9.54, 'm4-1': 26.59, 'm5-1': 10.03, 'm6-1': 28.32, 'm7-1': 9.94, 'm8-1': 10.03}",1.6154999999999973,174.261,inf,175.338,175.338,175.338
657,T6,BESTEFFORT,MISSED,m7-1,65.448,"{'m1-1': 103.63, 'm2-1': 0.99, 'm3-1': 10.09, 'm4-1': 27.83, 'm5-1': 9.66, 'm6-1': 27.38, 'm7-1': 11.22, 'm8-1': 9.58}",1.7564999999999884,174.277,inf,175.44799999999998,175.44799999999998,175.44799999999998
658,T6,BESTEFFORT,MISSED,m8-1,65.526,"{'m1-1': 107.27, 'm2-1': 1.09, 'm3-1': 11.1, 'm4-1': 28.62, 'm5-1': 10.01, 'm6-1': 26.69, 'm7-1': 10.42, 'm8-1': 10.8}",0.7214999999999918,175.04500000000002,inf,175.526,175.526,175.526
659,T8,BESTEFFORT,MISSED,m1-1,65.653,"{'m1-1': 107.53, 'm2-1': 1.1, 'm3-1': 9.52, 'm4-1': 24.52, 'm5-1': 11.51, 'm6-1': 24.43, 'm7-1': 10.56, 'm8-1': 11.23}",1.8569999999999993,174.41500000000002,inf,175.65300000000002,175.65300000000002,175.65300000000002
660,T6,BESTEFFORT,COMPLETED,m2-1,65.728,"{'m1-1': 116.19, 'm2-1': 1.08, 'm3-1': 10.67, 'm4-1': 25.73, 'm5-1': 10.1, 'm6-1': 26.58, 'm7-1': 10.24, 'm8-1': 10.24}",1.62,139.14300000000003,140.22300000000004,inf,175.728,175.728
661,T2,BESTEFFORT,MISSED,m3-1,65.938,"{'m1-1': 102.72, 'm2-1': 1.08, 'm3-1': 11.46, 'm4-1': 28.44, 'm5-1': 10.82, 'm6-1': 27.4, 'm7-1': 11.13, 'm8-1': 9.95}",2.095499999999987,174.541,inf,175.938,175.938,175.938
662,T5,BESTEFFORT,MISSED,m4-1,65.94,"{'m1-1': 105.46, 'm2-1': 0.98, 'm3-1': 9.72, 'm4-1': 26.76, 'm5-1': 9.68, 'm6-1': 27.15, 'm7-1': 11.12, 'm8-1': 9.98}",1.654500000000013,174.837,inf,175.94,175.94,175.94
663,T3,BESTEFFORT,MISSED,m5-1,66.115,"{'m1-1': 96.12, 'm2-1': 1.11, 'm3-1': 9.76, 'm4-1': 28.91, 'm5-1': 11.63, 'm6-1': 27.24, 'm7-1': 11.13, 'm8-1': 11.14}",1.237499999999983,175.29000000000002,inf,176.115,176.115,176.115
664,T2,BESTEFFORT,COMPLETED,m2-1,66.168,"{'m1-1': 100.85, 'm2-1': 1.06, 'm3-1': 10.9, 'm4-1': 26.99, 'm5-1': 11.08, 'm6-1': 28.06, 'm7-1': 11.27, 'm8-1': 10.77}",1.59,140.22300000000004,141.28300000000004,inf,176.168,176.168
665,T8,BESTEFFORT,MISSED,m6-1,66.299,"{'m1-1': 107.58, 'm2-1': 1.15, 'm3-1': 9.59, 'm4-1': 23.36, 'm5-1': 11.55, 'm6-1': 25.02, 'm7-1': 10.9, 'm8-1': 9.99}",1.441500000000019,175.338,inf,176.299,176.299,176.299
666,T8,BESTEFFORT,MISSED,m7-1,66.33,"{'m1-1': 107.69, 'm2-1': 1.08, 'm3-1': 10.65, 'm4-1': 26.37, 'm5-1': 10.6, 'm6-1': 25.15, 'm7-1': 10.03, 'm8-1': 9.86}",1.3230000000000075,175.44799999999998,inf,176.32999999999998,176.32999999999998,176.32999999999998
667,T8,BESTEFFORT,MISSED,m8-1,66.401,"{'m1-1': 104.49, 'm2-1': 1.12, 'm3-1': 10.42, 'm4-1': 23.49, 'm5-1': 11.26, 'm6-1': 24.26, 'm7-1': 10.08, 'm8-1': 11.23}",1.3125,175.526,inf,176.401,176.401,176.401
668,T4,BESTEFFORT,MISSED,m1-1,66.704,"{'m1-1': 107.23, 'm2-1': 1.13, 'm3-1': 10.23, 'm4-1': 27.34, 'm5-1': 9.93, 'm6-1': 25.24, 'm7-1': 10.98, 'm8-1': 11.33}",1.5764999999999816,175.65300000000002,inf,176.704,176.704,176.704
669,T2,BESTEFFORT,COMPLETED,m2-1,66.815,"{'m1-1': 115.6, 'm2-1': 1.02, 'm3-1': 11.25, 'm4-1': 25.92, 'm5-1': 10.45, 'm6-1': 26.23, 'm7-1': 10.94, 'm8-1': 10.51}",1.53,141.28300000000004,142.30300000000005,inf,176.815,176.815
670,T10,BESTEFFORT,MISSED,m3-1,66.832,"{'m1-1': 101.13, 'm2-1': 1.1, 'm3-1': 9.84, 'm4-1': 25.44, 'm5-1': 10.48, 'm6-1': 29.37, 'm7-1': 9.5, 'm8-1': 10.48}",1.3410000000000082,175.938,inf,176.832,176.832,176.832
671,T9,BESTEFFORT,MISSED,m4-1,66.905,"{'m1-1': 96.91, 'm2-1': 0.98, 'm3-1': 9.41, 'm4-1': 24.59, 'm5-1': 9.2, 'm6-1': 24.02, 'm7-1': 11.29, 'm8-1': 9.97}",1.4475000000000051,175.94,inf,176.905,176.905,176.905
672,T9,BESTEFFORT,MISSED,m5-1,66.966,"{'m1-1': 101.46, 'm2-1': 1.1, 'm3-1': 9.59, 'm4-1': 25.99, 'm5-1': 10.58, 'm6-1': 26.9, 'm7-1': 9.87, 'm8-1': 10.33}",1.2764999999999986,176.115,inf,176.966,176.966,176.966
673,T9,BESTEFFORT,MISSED,m6-1,66.971,"{'m1-1': 107.76, 'm2-1': 0.95, 'm3-1': 9.54, 'm4-1': 26.61, 'm5-1': 9.73, 'm6-1': 26.01, 'm7-1': 9.5, 'm8-1': 10.49}",1.0079999999999956,176.299,inf,176.971,176.971,176.971
674,T2,BESTEFFORT,MISSED,m7-1,67.146,"{'m1-1': 110.25, 'm2-1': 1.04, 'm3-1': 10.88, 'm4-1': 29.62, 'm5-1': 10.43, 'm6-1': 24.31, 'm7-1': 11.58, 'm8-1': 10.88}",1.2240000000000464,176.32999999999998,inf,177.14600000000002,177.14600000000002,177.14600000000002
675,T1,BESTEFFORT,MISSED,m8-1,67.153,"{'m1-1': 102.26, 'm2-1': 0.94, 'm3-1': 9.34, 'm4-1': 27.28, 'm5-1': 11.03, 'm6-1': 28.27, 'm7-1': 9.48, 'm8-1': 9.91}",1.1280000000000143,176.401,inf,177.15300000000002,177.15300000000002,177.15300000000002
676,T2,BESTEFFORT,COMPLETED,m2-1,67.261,"{'m1-1': 102.23, 'm2-1': 1.1, 'm3-1': 9.68, 'm4-1': 26.7, 'm5-1': 11.14, 'm6-1': 27.71, 'm7-1': 11.55, 'm8-1': 10.72}",1.6500000000000001,142.30300000000005,143.40300000000005,inf,177.261,177.261
677,T2,BESTEFFORT,MISSED,m1-1,67.876,"{'m1-1': 106.54, 'm2-1': 1.04, 'm3-1': 10.78, 'm4-1': 28.79, 'm5-1': 9.94, 'm6-1': 27.4, 'm7-1': 10.7, 'm8-1': 10.16}",1.7579999999999956,176.704,inf,177.876,177.876,177.876
678,T1,BESTEFFORT,COMPLETED,m2-1,67.979,"{'m1-1': 113.97, 'm2-1': 0.93, 'm3-1': 10.99, 'm4-1': 26.14, 'm5-1': 10.65, 'm6-1': 25.95, 'm7-1': 9.79, 'm8-1': 10.92}",1.395,143.40300000000005,144.33300000000006,inf,177.97899999999998,177.97899999999998
679,T9,BESTEFFORT,MISSED,m3-1,68.039,"{'m1-1': 104.32, 'm2-1': 0.97, 'm3-1': 10.69, 'm4-1': 27.54, 'm5-1': 9.22, 'm6-1': 25.82, 'm7-1': 10.34, 'm8-1': 10.21}",1.8104999999999905,176.832,inf,178.039,178.039,178.039
680,T10,BESTEFFORT,COMPLETED,m2-1,68.516,"{'m1-1': 107.76, 'm2-1': 1.05, 'm3-1': 9.32, 'm4-1': 26.36, 'm5-1': 9.61, 'm6-1': 26.04, 'm7-1': 9.96, 'm8-1': 10.67}",1.5750000000000002,144.33300000000006,145.38300000000007,inf,178.51600000000002,178.51600000000002
681,T7,BESTEFFORT,MISSED,m4-1,68.645,"{'m1-1': 99.96, 'm2-1': 0.96, 'm3-1': 10.27, 'm4-1': 25.67, 'm5-1': 10.4, 'm6-1': 27.26, 'm7-1': 11.3, 'm8-1': 9.99}",2.609999999999971,176.905,inf,178.64499999999998,178.64499999999998,178.64499999999998
682,T1,BESTEFFORT,MISSED,m5-1,68.715,"{'m1-1': 102.73, 'm2-1': 1.05, 'm3-1': 9.94, 'm4-1': 26.01, 'm5-1': 10.46, 'm6-1': 26.69, 'm7-1': 9.93, 'm8-1': 9.99}",2.623499999999993,176.966,inf,178.715,178.715,178.715
683,T2,BESTEFFORT,MISSED,m6-1,68.789,"{'m1-1': 103.42, 'm2-1': 1.08, 'm3-1': 11.09, 'm4-1': 26.51, 'm5-1': 10.83, 'm6-1': 26.18, 'm7-1': 10.05, 'm8-1': 10.14}",2.7269999999999754,176.971,inf,178.789,178.789,178.789
684,T9,BESTEFFORT,MISSED,m7-1,68.797,"{'m1-1': 101.54, 'm2-1': 0.99, 'm3-1': 10.93, 'm4-1': 28.48, 'm5-1': 10.55, 'm6-1': 25.48, 'm7-1': 9.81, 'm8-1': 9.83}",2.476499999999973,177.14600000000002,inf,178.797,178.797,178.797
685,T4,BESTEFFORT,MISSED,m8-1,69.113,"{'m1-1': 99.69, 'm2-1': 1.0, 'm3-1': 10.02, 'm4-1': 24.44, 'm5-1': 10.61, 'm6-1': 26.27, 'm7-1': 9.64, 'm8-1': 10.4}",2.9399999999999693,177.15300000000002,inf,179.113,179.113,179.113
686,T7,BESTEFFORT,MISSED,m1-1,69.129,"{'m1-1': 104.49, 'm2-1': 0.97, 'm3-1': 9.66, 'm4-1': 23.56, 'm5-1': 11.06, 'm6-1': 26.32, 'm7-1': 11.45, 'm8-1': 10.97}",1.8795000000000215,177.876,inf,179.12900000000002,179.12900000000002,179.12900000000002
687,T2,BESTEFFORT,COMPLETED,m2-1,69.192,"{'m1-1': 113.34, 'm2-1': 0.99, 'm3-1': 11.32, 'm4-1': 27.34, 'm5-1': 9.8, 'm6-1': 26.27, 'm7-1': 10.78, 'm8-1': 10.18}",1.4849999999999999,145.38300000000007,146.37300000000008,inf,179.192,179.192
688,T5,BESTEFFORT,MISSED,m3-1,69.308,"{'m1-1': 101.27, 'm2-1': 1.08, 'm3-1': 10.92, 'm4-1': 27.69, 'm5-1': 9.69, 'm6-1': 25.91, 'm7-1': 9.58, 'm8-1': 9.72}",1.9035000000000082,178.039,inf,179.308,179.308,179.308
689,T1,BESTEFFORT,COMPLETED,m2-1,69.347,"{'m1-1': 110.82, 'm2-1': 0.95, 'm3-1': 10.06, 'm4-1': 27.8, 'm5-1': 10.77, 'm6-1': 29.2, 'm7-1': 10.46, 'm8-1': 10.41}",1.4249999999999998,146.37300000000008,147.32300000000006,inf,179.34699999999998,179.34699999999998
690,T9,BESTEFFORT,MISSED,m4-1,69.357,"{'m1-1': 107.09, 'm2-1': 0.99, 'm3-1': 9.99, 'm4-1': 28.93, 'm5-1': 10.11, 'm6-1': 27.52, 'm7-1': 11.01, 'm8-1': 10.87}",1.0680000000000263,178.64499999999998,inf,179.357,179.357,179.357
691,T7,BESTEFFORT,MISSED,m5-1,69.444,"{'m1-1': 113.25, 'm2-1': 1.04, 'm3-1': 9.46, 'm4-1': 25.29, 'm5-1': 11.02, 'm6-1': 27.51, 'm7-1': 11.71, 'm8-1': 10.58}",1.0935000000000201,178.715,inf,179.44400000000002,179.44400000000002,179.44400000000002
692,T7,BESTEFFORT,MISSED,m6-1,69.451,"{'m1-1': 105.35, 'm2-1': 0.95, 'm3-1': 10.49, 'm4-1': 26.92, 'm5-1': 11.63, 'm6-1': 27.25, 'm7-1': 10.66, 'm8-1': 9.94}",0.9930000000000092,178.789,inf,179.451,179.451,179.451
693,T5,BESTEFFORT,MISSED,m7-1,69.538,"{'m1-1': 111.18, 'm2-1': 1.09, 'm3-1': 10.9, 'm4-1': 24.36, 'm5-1': 9.99, 'm6-1': 26.67, 'm7-1': 11.1, 'm8-1': 10.66}",1.1115000000000208,178.797,inf,179.538,179.538,179.538
694,T10,BESTEFFORT,MISSED,m8-1,69.569,"{'m1-1': 96.08, 'm2-1': 1.04, 'm3-1': 9.98, 'm4-1': 23.59, 'm5-1': 9.77, 'm6-1': 28.47, 'm7-1': 9.26, 'm8-1': 10.75}",0.6840000000000259,179.113,inf,179.56900000000002,179.56900000000002,179.56900000000002
695,T5,BESTEFFORT,MISSED,m1-1,69.803,"{'m1-1': 114.87, 'm2-1': 0.96, 'm3-1': 10.24, 'm4-1': 25.81, 'm5-1': 9.37, 'm6-1': 24.8, 'm7-1': 9.52, 'm8-1': 10.46}",1.0109999999999673,179.12900000000002,inf,179.803,179.803,179.803
696,T4,BESTEFFORT,COMPLETED,m2-1,69.899,"{'m1-1': 113.1, 'm2-1': 0.98, 'm3-1': 10.61, 'm4-1': 25.76, 'm5-1': 9.58, 'm6-1': 23.71, 'm7-1': 10.28, 'm8-1': 11.17}",1.47,147.32300000000006,148.30300000000005,inf,179.899,179.899
697,T4,BESTEFFORT,MISSED,m3-1,69.956,"{'m1-1': 109.69, 'm2-1': 0.98, 'm3-1': 11.2, 'm4-1': 25.47, 'm5-1': 10.81, 'm6-1': 24.17, 'm7-1': 9.66, 'm8-1': 10.99}",0.9720000000000368,179.308,inf,179.95600000000002,179.95600000000002,179.95600000000002
698,T5,BESTEFFORT,MISSED,m4-1,70.017,"{'m1-1': 105.09, 'm2-1': 0.98, 'm3-1': 11.24, 'm4-1': 26.9, 'm5-1': 10.05, 'm6-1': 26.73, 'm7-1': 9.61, 'm8-1': 9.75}",0.9899999999999949,179.357,inf,180.017,180.017,180.017
699,T1,BESTEFFORT,COMPLETED,m2-1,70.531,"{'m1-1': 106.55, 'm2-1': 0.96, 'm3-1': 11.02, 'm4-1': 25.89, 'm5-1': 10.76, 'm6-1': 27.03, 'm7-1': 10.32, 'm8-1': 10.2}",1.44,148.30300000000005,149.26300000000006,inf,180.531,180.531
700,T2,BESTEFFORT,MISSED,m5-1,70.552,"{'m1-1': 104.12, 'm2-1': 1.02, 'm3-1': 11.04, 'm4-1': 25.11, 'm5-1': 10.12, 'm6-1': 24.89, 'm7-1': 11.7, 'm8-1': 10.71}",1.6620000000000061,179.44400000000002,inf,180.55200000000002,180.55200000000002,180.55200000000002
701,T4,BESTEFFORT,MISSED,m6-1,70.605,"{'m1-1': 112.71, 'm2-1': 1.02, 'm3-1': 11.31, 'm4-1': 24.39, 'm5-1': 11.19, 'm6-1': 26.0, 'm7-1': 9.43, 'm8-1': 10.08}",1.7310000000000372,179.451,inf,180.60500000000002,180.60500000000002,180.60500000000002
702,T9,BESTEFFORT,MISSED,m7-1,70.703,"{'m1-1': 94.88, 'm2-1': 1.04, 'm3-1': 10.54, 'm4-1': 27.0, 'm5-1': 9.84, 'm6-1': 27.87, 'm7-1': 9.89, 'm8-1': 10.45}",1.747499999999988,179.538,inf,180.703,180.703,180.703
703,T2,BESTEFFORT,MISSED,m8-1,70.71,"{'m1-1': 102.14, 'm2-1': 1.03, 'm3-1': 10.11, 'm4-1': 25.66, 'm5-1': 10.68, 'm6-1': 28.38, 'm7-1': 11.14, 'm8-1': 9.85}",1.711499999999944,179.56900000000002,inf,180.70999999999998,180.70999999999998,180.70999999999998
704,T5,BESTEFFORT,MISSED,m1-1,70.802,"{'m1-1': 101.01, 'm2-1': 1.0, 'm3-1': 10.96, 'm4-1': 25.38, 'm5-1': 10.2, 'm6-1': 25.2, 'm7-1': 11.09, 'm8-1': 10.03}",1.4985000000000355,179.803,inf,180.80200000000002,180.80200000000002,180.80200000000002
705,T3,BESTEFFORT,COMPLETED,m2-1,70.807,"{'m1-1': 99.66, 'm2-1': 1.08, 'm3-1': 10.04, 'm4-1': 27.24, 'm5-1': 10.59, 'm6-1': 25.85, 'm7-1': 11.59, 'm8-1': 11.23}",1.62,149.26300000000006,150.34300000000007,inf,180.80700000000002,180.80700000000002
706,T7,BESTEFFORT,MISSED,m3-1,70.889,"{'m1-1': 104.4, 'm2-1': 1.05, 'm3-1': 9.39, 'm4-1': 27.53, 'm5-1': 11.9, 'm6-1': 25.32, 'm7-1': 10.62, 'm8-1': 10.13}",1.399499999999989,179.95600000000002,inf,180.889,180.889,180.889
707,T5,BESTEFFORT,MISSED,m4-1,70.917,"{'m1-1': 102.36, 'm2-1': 1.11, 'm3-1': 9.68, 'm4-1': 25.62, 'm5-1': 10.3, 'm6-1': 28.65, 'm7-1': 10.54, 'm8-1': 10.77}",1.3500000000000085,180.017,inf,180.917,180.917,180.917
708,T7,BESTEFFORT,MISSED,m5-1,71.014,"{'m1-1': 104.49, 'm2-1': 1.06, 'm3-1': 10.97, 'm4-1': 24.2, 'm5-1': 10.37, 'm6-1': 25.1, 'm7-1': 10.5, 'm8-1': 9.78}",0.6929999999999836,180.55200000000002,inf,181.014,181.014,181.014
709,T10,BESTEFFORT,MISSED,m6-1,71.069,"{'m1-1': 95.65, 'm2-1': 1.13, 'm3-1': 9.25, 'm4-1': 27.83, 'm5-1': 9.99, 'm6-1': 27.28, 'm7-1': 9.59, 'm8-1': 9.82}",0.695999999999998,180.60500000000002,inf,181.06900000000002,181.06900000000002,181.06900000000002
710,T7,BESTEFFORT,MISSED,m7-1,71.172,"{'m1-1': 108.2, 'm2-1': 1.03, 'm3-1': 10.66, 'm4-1': 23.82, 'm5-1': 11.01, 'm6-1': 29.01, 'm7-1': 10.71, 'm8-1': 10.61}",0.7034999999999911,180.703,inf,181.172,181.172,181.172
711,T10,BESTEFFORT,MISSED,m8-1,71.219,"{'m1-1': 94.92, 'm2-1': 1.05, 'm3-1': 10.68, 'm4-1': 26.73, 'm5-1': 9.79, 'm6-1': 24.79, 'm7-1': 9.8, 'm8-1': 10.61}",0.7635000000000218,180.70999999999998,inf,181.219,181.219,181.219
712,T5,BESTEFFORT,COMPLETED,m2-1,71.484,"{'m1-1': 110.16, 'm2-1': 1.09, 'm3-1': 9.8, 'm4-1': 28.83, 'm5-1': 9.87, 'm6-1': 24.67, 'm7-1': 10.21, 'm8-1': 11.16}",1.6350000000000002,150.34300000000007,151.43300000000008,inf,181.48399999999998,181.48399999999998
713,T5,BESTEFFORT,MISSED,m1-1,71.501,"{'m1-1': 111.94, 'm2-1': 1.1, 'm3-1': 10.98, 'm4-1': 25.3, 'm5-1': 10.2, 'm6-1': 24.36, 'm7-1': 11.17, 'm8-1': 10.47}",1.0484999999999758,180.80200000000002,inf,181.501,181.501,181.501
714,T7,BESTEFFORT,COMPLETED,m2-1,71.562,"{'m1-1': 108.54, 'm2-1': 1.04, 'm3-1': 10.23, 'm4-1': 27.9, 'm5-1': 11.69, 'm6-1': 26.81, 'm7-1': 10.87, 'm8-1': 10.46}",1.56,151.43300000000008,152.47300000000007,inf,181.562,181.562
715,T10,BESTEFFORT,MISSED,m3-1,71.594,"{'m1-1': 98.64, 'm2-1': 1.06, 'm3-1': 10.61, 'm4-1': 27.21, 'm5-1': 9.36, 'm6-1': 27.53, 'm7-1': 10.32, 'm8-1': 9.93}",1.0574999999999761,180.889,inf,181.594,181.594,181.594
716,T10,BESTEFFORT,MISSED,m4-1,71.853,"{'m1-1': 104.08, 'm2-1': 1.11, 'm3-1': 9.47, 'm4-1': 24.23, 'm5-1': 10.84, 'm6-1': 25.97, 'm7-1': 9.96, 'm8-1': 10.97}",1.4040000000000106,180.917,inf,181.853,181.853,181.853
717,T2,BESTEFFORT,MISSED,m5-1,71.857,"{'m1-1': 117.46, 'm2-1': 0.99, 'm3-1': 9.74, 'm4-1': 28.51, 'm5-1': 10.72, 'm6-1': 28.21, 'm7-1': 10.52, 'm8-1': 9.71}",1.264499999999984,181.014,inf,181.857,181.857,181.857
718,T10,BESTEFFORT,MISSED,m3-1,71.916,"{'m1-1': 109.9, 'm2-1': 0.96, 'm3-1': 9.72, 'm4-1': 27.51, 'm5-1': 10.86, 'm6-1': 27.21, 'm7-1': 9.96, 'm8-1': 9.83}",0.4830000000000041,181.594,inf,181.916,181.916,181.916
719,T4,BESTEFFORT,MISSED,m6-1,72.074,"{'m1-1': 108.62, 'm2-1': 1.15, 'm3-1': 10.16, 'm4-1': 27.86, 'm5-1': 10.61, 'm6-1': 25.02, 'm7-1': 9.75, 'm8-1': 10.48}",1.5074999999999932,181.06900000000002,inf,182.074,182.074,182.074
720,T10,BESTEFFORT,MISSED,m7-1,72.271,"{'m1-1': 99.02, 'm2-1': 1.09, 'm3-1': 9.58, 'm4-1': 24.93, 'm5-1': 9.57, 'm6-1': 27.85, 'm7-1': 9.25, 'm8-1': 10.81}",1.648500000000027,181.172,inf,182.27100000000002,182.27100000000002,182.27100000000002
721,T9,BESTEFFORT,MISSED,m8-1,72.366,"{'m1-1': 102.09, 'm2-1': 1.04, 'm3-1': 9.84, 'm4-1': 27.66, 'm5-1': 9.96, 'm6-1': 26.11, 'm7-1': 9.64, 'm8-1': 9.27}",1.720499999999987,181.219,inf,182.36599999999999,182.36599999999999,182.36599999999999
722,T6,BESTEFFORT,MISSED,m1-1,72.392,"{'m1-1': 102.51, 'm2-1': 1.08, 'm3-1': 10.54, 'm4-1': 25.13, 'm5-1': 10.03, 'm6-1': 24.71, 'm7-1': 9.82, 'm8-1': 10.06}",1.3364999999999867,181.501,inf,182.392,182.392,182.392
723,T3,BESTEFFORT,COMPLETED,m2-1,72.576,"{'m1-1': 107.7, 'm2-1': 0.99, 'm3-1': 9.61, 'm4-1': 26.36, 'm5-1': 11.74, 'm6-1': 26.11, 'm7-1': 10.24, 'm8-1': 10.2}",1.4849999999999999,152.47300000000007,153.46300000000008,inf,182.576,182.576
724,T9,BESTEFFORT,MISSED,m5-1,72.612,"{'m1-1': 111.9, 'm2-1': 1.0, 'm3-1': 9.95, 'm4-1': 27.7, 'm5-1': 10.84, 'm6-1': 24.9, 'm7-1': 10.75, 'm8-1': 9.55}",1.1324999999999932,181.857,inf,182.612,182.612,182.612
725,T1,BESTEFFORT,COMPLETED,m2-1,72.777,"{'m1-1': 106.32, 'm2-1': 0.92, 'm3-1': 10.95, 'm4-1': 28.22, 'm5-1': 10.4, 'm6-1': 25.22, 'm7-1': 9.37, 'm8-1': 10.98}",1.3800000000000001,153.46300000000008,154.38300000000007,inf,182.777,182.777
726,T7,BESTEFFORT,MISSED,m4-1,72.897,"{'m1-1': 112.6, 'm2-1': 0.97, 'm3-1': 10.49, 'm4-1': 24.55, 'm5-1': 11.35, 'm6-1': 27.31, 'm7-1': 11.78, 'm8-1': 10.45}",1.565999999999974,181.853,inf,182.897,182.897,182.897
727,T6,BESTEFFORT,MISSED,m3-1,72.897,"{'m1-1': 99.92, 'm2-1': 1.11, 'm3-1': 11.53, 'm4-1': 28.08, 'm5-1': 11.04, 'm6-1': 24.61, 'm7-1': 10.61, 'm8-1': 10.89}",1.4714999999999918,181.916,inf,182.897,182.897,182.897
728,T8,BESTEFFORT,MISSED,m5-1,72.902,"{'m1-1': 111.59, 'm2-1': 1.02, 'm3-1': 9.72, 'm4-1': 23.12, 'm5-1': 10.91, 'm6-1': 24.51, 'm7-1': 10.85, 'm8-1': 10.44}",0.43499999999998806,182.612,inf,182.902,182.902,182.902
729,T9,BESTEFFORT,MISSED,m6-1,72.981,"{'m1-1': 110.24, 'm2-1': 1.06, 'm3-1': 9.38, 'm4-1': 24.98, 'm5-1': 9.49, 'm6-1': 27.1, 'm7-1': 10.28, 'm8-1': 10.47}",1.3604999999999734,182.074,inf,182.981,182.981,182.981
730,T1,BESTEFFORT,MISSED,m7-1,73.427,"{'m1-1': 111.1, 'm2-1': 0.92, 'm3-1': 9.98, 'm4-1': 27.66, 'm5-1': 10.79, 'm6-1': 26.98, 'm7-1': 10.36, 'm8-1': 10.89}",1.7340000000000089,182.27100000000002,inf,183.42700000000002,183.42700000000002,183.42700000000002
731,T1,BESTEFFORT,MISSED,m7-1,73.53,"{'m1-1': 115.82, 'm2-1': 1.01, 'm3-1': 10.78, 'm4-1': 26.87, 'm5-1': 10.66, 'm6-1': 24.68, 'm7-1': 11.02, 'm8-1': 10.42}",0.15449999999997033,183.42700000000002,inf,183.53,183.53,183.53
732,T10,BESTEFFORT,COMPLETED,m2-1,73.755,"{'m1-1': 104.53, 'm2-1': 1.08, 'm3-1': 9.23, 'm4-1': 27.35, 'm5-1': 10.22, 'm6-1': 25.33, 'm7-1': 10.61, 'm8-1': 10.69}",1.62,154.38300000000007,155.46300000000008,inf,183.755,183.755
733,T7,BESTEFFORT,MISSED,m8-1,73.95,"{'m1-1': 103.55, 'm2-1': 0.95, 'm3-1': 10.82, 'm4-1': 25.06, 'm5-1': 10.77, 'm6-1': 25.85, 'm7-1': 10.83, 'm8-1': 10.93}",2.3760000000000048,182.36599999999999,inf,183.95,183.95,183.95
734,T3,BESTEFFORT,MISSED,m1-1,73.956,"{'m1-1': 109.0, 'm2-1': 1.04, 'm3-1': 9.21, 'm4-1': 26.16, 'm5-1': 11.13, 'm6-1': 27.32, 'm7-1': 10.91, 'm8-1': 10.66}",2.346000000000032,182.392,inf,183.95600000000002,183.95600000000002,183.95600000000002
735,T1,BESTEFFORT,COMPLETED,m2-1,74.121,"{'m1-1': 108.4, 'm2-1': 1.0, 'm3-1': 9.39, 'm4-1': 28.23, 'm5-1': 9.93, 'm6-1': 25.52, 'm7-1': 10.32, 'm8-1': 11.4}",1.5,155.46300000000008,156.46300000000008,inf,184.12099999999998,184.12099999999998
736,T5,BESTEFFORT,MISSED,m3-1,74.195,"{'m1-1': 111.66, 'm2-1': 1.04, 'm3-1': 10.43, 'm4-1': 27.8, 'm5-1': 9.85, 'm6-1': 27.04, 'm7-1': 9.84, 'm8-1': 10.54}",1.9470000000000027,182.897,inf,184.195,184.195,184.195
737,T8,BESTEFFORT,MISSED,m4-1,74.432,"{'m1-1': 103.43, 'm2-1': 1.12, 'm3-1': 9.59, 'm4-1': 25.94, 'm5-1': 10.5, 'm6-1': 28.37, 'm7-1': 11.24, 'm8-1': 9.98}",2.3025000000000375,182.897,inf,184.43200000000002,184.43200000000002,184.43200000000002
738,T4,BESTEFFORT,COMPLETED,m2-1,74.657,"{'m1-1': 113.76, 'm2-1': 1.12, 'm3-1': 11.13, 'm4-1': 26.37, 'm5-1': 11.19, 'm6-1': 25.01, 'm7-1': 10.39, 'm8-1': 10.53}",1.6800000000000002,156.46300000000008,157.58300000000008,inf,184.65699999999998,184.65699999999998
739,T4,BESTEFFORT,MISSED,m5-1,74.69,"{'m1-1': 104.87, 'm2-1': 1.05, 'm3-1': 10.57, 'm4-1': 25.24, 'm5-1': 10.57, 'm6-1': 26.92, 'm7-1': 11.02, 'm8-1': 11.2}",2.6820000000000164,182.902,inf,184.69,184.69,184.69
740,T3,BESTEFFORT,MISSED,m6-1,74.967,"{'m1-1': 101.8, 'm2-1': 1.14, 'm3-1': 9.22, 'm4-1': 27.94, 'm5-1': 11.26, 'm6-1': 27.07, 'm7-1': 10.64, 'm8-1': 11.67}",2.978999999999985,182.981,inf,184.96699999999998,184.96699999999998,184.96699999999998
741,T5,BESTEFFORT,MISSED,m7-1,75.164,"{'m1-1': 105.66, 'm2-1': 1.1, 'm3-1': 10.75, 'm4-1': 27.03, 'm5-1': 9.72, 'm6-1': 25.92, 'm7-1': 10.1, 'm8-1': 9.57}",2.450999999999979,183.53,inf,185.164,185.164,185.164
742,T1,BESTEFFORT,MISSED,m8-1,75.197,"{'m1-1': 111.37, 'm2-1': 1.0, 'm3-1': 10.35, 'm4-1': 25.55, 'm5-1': 10.04, 'm6-1': 29.18, 'm7-1': 9.38, 'm8-1': 10.54}",1.8705000000000211,183.95,inf,185.197,185.197,185.197
743,T9,BESTEFFORT,MISSED,m1-1,75.218,"{'m1-1': 101.06, 'm2-1': 1.05, 'm3-1': 10.36, 'm4-1': 26.16, 'm5-1': 9.91, 'm6-1': 28.14, 'm7-1': 11.12, 'm8-1': 10.8}",1.8930000000000007,183.95600000000002,inf,185.21800000000002,185.21800000000002,185.21800000000002
744,T4,BESTEFFORT,COMPLETED,m2-1,75.255,"{'m1-1': 104.83, 'm2-1': 1.06, 'm3-1': 10.02, 'm4-1': 24.88, 'm5-1': 11.36, 'm6-1': 27.31, 'm7-1': 9.77, 'm8-1': 11.01}",1.59,157.58300000000008,158.6430000000001,inf,185.255,185.255
745,T3,BESTEFFORT,MISSED,m3-1,75.276,"{'m1-1': 109.36, 'm2-1': 1.15, 'm3-1': 9.94, 'm4-1': 26.65, 'm5-1': 11.19, 'm6-1': 27.35, 'm7-1': 10.28, 'm8-1': 10.41}",1.621500000000026,184.195,inf,185.276,185.276,185.276
746,T7,BESTEFFORT,MISSED,m4-1,75.287,"{'m1-1': 108.42, 'm2-1': 1.05, 'm3-1': 9.87, 'm4-1': 26.38, 'm5-1': 11.04, 'm6-1': 28.42, 'm7-1': 11.82, 'm8-1': 10.99}",1.2824999999999847,184.43200000000002,inf,185.287,185.287,185.287
747,T5,BESTEFFORT,MISSED,m5-1,75.319,"{'m1-1': 106.5, 'm2-1': 0.98, 'm3-1': 10.52, 'm4-1': 25.79, 'm5-1': 10.21, 'm6-1': 27.84, 'm7-1': 10.23, 'm8-1': 11.12}",0.9435000000000286,184.69,inf,185.31900000000002,185.31900000000002,185.31900000000002
748,T9,BESTEFFORT,MISSED,m6-1,75.389,"{'m1-1': 110.9, 'm2-1': 1.12, 'm3-1': 9.72, 'm4-1': 24.95, 'm5-1': 9.35, 'm6-1': 26.93, 'm7-1': 10.78, 'm8-1': 10.56}",0.6330000000000382,184.96699999999998,inf,185.389,185.389,185.389
749,T4,BESTEFFORT,MISSED,m7-1,75.459,"{'m1-1': 110.24, 'm2-1': 1.0, 'm3-1': 11.6, 'm4-1': 28.86, 'm5-1': 11.18, 'm6-1': 25.18, 'm7-1': 10.32, 'm8-1': 11.01}",0.4425000000000239,185.164,inf,185.459,185.459,185.459
750,T10,BESTEFFORT,MISSED,m8-1,75.627,"{'m1-1': 94.98, 'm2-1': 0.97, 'm3-1': 10.03, 'm4-1': 25.71, 'm5-1': 10.58, 'm6-1': 26.2, 'm7-1': 9.56, 'm8-1': 10.13}",0.6450000000000102,185.197,inf,185.627,185.627,185.627
751,T10,BESTEFFORT,COMPLETED,m2-1,75.852,"{'m1-1': 107.52, 'm2-1': 1.1, 'm3-1': 10.46, 'm4-1': 25.63, 'm5-1': 10.32, 'm6-1': 25.63, 'm7-1': 10.55, 'm8-1': 9.68}",1.6500000000000001,158.6430000000001,159.74300000000008,inf,185.852,185.852
752,T9,BESTEFFORT,MISSED,m8-1,76.024,"{'m1-1': 107.97, 'm2-1': 1.12, 'm3-1': 9.58, 'm4-1': 27.77, 'm5-1': 10.22, 'm6-1': 28.03, 'm7-1': 10.88, 'm8-1': 10.43}",0.595499999999987,185.627,inf,186.024,186.024,186.024
753,T1,BESTEFFORT,MISSED,m1-1,76.028,"{'m1-1': 98.98, 'm2-1': 1.0, 'm3-1': 10.98, 'm4-1': 26.74, 'm5-1': 9.67, 'm6-1': 26.92, 'm7-1': 9.95, 'm8-1': 11.32}",1.2150000000000034,185.21800000000002,inf,186.02800000000002,186.02800000000002,186.02800000000002
754,T6,BESTEFFORT,COMPLETED,m2-1,76.175,"{'m1-1': 108.46, 'm2-1': 1.06, 'm3-1': 10.28, 'm4-1': 27.13, 'm5-1': 9.51, 'm6-1': 26.95, 'm7-1': 9.64, 'm8-1': 10.1}",1.59,159.74300000000008,160.80300000000008,inf,186.175,186.175
755,T8,BESTEFFORT,MISSED,m3-1,76.224,"{'m1-1': 111.22, 'm2-1': 1.07, 'm3-1': 9.83, 'm4-1': 25.28, 'm5-1': 11.0, 'm6-1': 24.66, 'm7-1': 10.07, 'm8-1': 10.75}",1.4219999999999686,185.276,inf,186.224,186.224,186.224
756,T1,BESTEFFORT,MISSED,m4-1,76.461,"{'m1-1': 105.97, 'm2-1': 0.93, 'm3-1': 10.03, 'm4-1': 28.45, 'm5-1': 10.9, 'm6-1': 28.69, 'm7-1': 11.0, 'm8-1': 10.98}",1.76100000000001,185.287,inf,186.461,186.461,186.461
757,T1,BESTEFFORT,MISSED,m5-1,76.493,"{'m1-1': 114.18, 'm2-1': 1.08, 'm3-1': 10.67, 'm4-1': 25.54, 'm5-1': 10.36, 'm6-1': 26.04, 'm7-1': 10.02, 'm8-1': 10.11}",1.7609999999999673,185.31900000000002,inf,186.493,186.493,186.493
758,T8,BESTEFFORT,MISSED,m6-1,76.556,"{'m1-1': 95.2, 'm2-1': 1.0, 'm3-1': 10.56, 'm4-1': 24.43, 'm5-1': 10.02, 'm6-1': 24.84, 'm7-1': 11.29, 'm8-1': 11.32}",1.7504999999999598,185.389,inf,186.55599999999998,186.55599999999998,186.55599999999998
759,T3,BESTEFFORT,COMPLETED,m2-1,76.811,"{'m1-1': 94.26, 'm2-1': 1.11, 'm3-1': 10.08, 'm4-1': 27.22, 'm5-1': 11.39, 'm6-1': 27.12, 'm7-1': 11.37, 'm8-1': 10.56}",1.665,160.80300000000008,161.9130000000001,inf,186.811,186.811
760,T4,BESTEFFORT,MISSED,m7-1,76.815,"{'m1-1': 100.02, 'm2-1': 1.12, 'm3-1': 10.76, 'm4-1': 28.67, 'm5-1': 10.25, 'm6-1': 23.81, 'm7-1': 10.23, 'm8-1': 10.43}",2.033999999999992,185.459,inf,186.815,186.815,186.815
761,T3,BESTEFFORT,MISSED,m8-1,76.827,"{'m1-1': 100.95, 'm2-1': 1.08, 'm3-1': 10.89, 'm4-1': 26.32, 'm5-1': 10.78, 'm6-1': 24.26, 'm7-1': 11.68, 'm8-1': 10.58}",1.204499999999996,186.024,inf,186.827,186.827,186.827
762,T8,BESTEFFORT,MISSED,m1-1,76.835,"{'m1-1': 100.22, 'm2-1': 1.08, 'm3-1': 10.55, 'm4-1': 23.16, 'm5-1': 11.22, 'm6-1': 25.29, 'm7-1': 10.08, 'm8-1': 11.32}",1.2104999999999393,186.02800000000002,inf,186.83499999999998,186.83499999999998,186.83499999999998
763,T7,BESTEFFORT,COMPLETED,m2-1,76.921,"{'m1-1': 102.51, 'm2-1': 1.08, 'm3-1': 9.56, 'm4-1': 26.92, 'm5-1': 11.25, 'm6-1': 27.71, 'm7-1': 10.97, 'm8-1': 10.77}",1.62,161.9130000000001,162.9930000000001,inf,186.921,186.921
764,T8,BESTEFFORT,MISSED,m3-1,76.953,"{'m1-1': 100.71, 'm2-1': 1.04, 'm3-1': 10.06, 'm4-1': 27.05, 'm5-1': 11.82, 'm6-1': 24.24, 'm7-1': 10.32, 'm8-1': 9.8}",1.0935000000000201,186.224,inf,186.953,186.953,186.953
765,T10,BESTEFFORT,MISSED,m4-1,77.029,"{'m1-1': 106.3, 'm2-1': 1.12, 'm3-1': 10.19, 'm4-1': 27.05, 'm5-1': 9.44, 'm6-1': 29.17, 'm7-1': 9.58, 'm8-1': 10.65}",0.8519999999999754,186.461,inf,187.029,187.029,187.029
766,T7,BESTEFFORT,MISSED,m4-1,77.082,"{'m1-1': 100.04, 'm2-1': 1.07, 'm3-1': 9.63, 'm4-1': 25.33, 'm5-1': 11.58, 'm6-1': 27.42, 'm7-1': 10.99, 'm8-1': 10.65}",0.07949999999999591,187.029,inf,187.082,187.082,187.082
767,T7,BESTEFFORT,MISSED,m5-1,77.098,"{'m1-1': 108.31, 'm2-1': 1.02, 'm3-1': 9.64, 'm4-1': 25.36, 'm5-1': 11.78, 'm6-1': 29.49, 'm7-1': 11.77, 'm8-1': 10.1}",0.9075000000000273,186.493,inf,187.098,187.098,187.098
768,T4,BESTEFFORT,MISSED,m6-1,77.459,"{'m1-1': 106.4, 'm2-1': 1.05, 'm3-1': 11.03, 'm4-1': 25.95, 'm5-1': 11.15, 'm6-1': 25.64, 'm7-1': 10.56, 'm8-1': 11.15}",1.35450000000003,186.55599999999998,inf,187.459,187.459,187.459
769,T1,BESTEFFORT,MISSED,m7-1,77.534,"{'m1-1': 101.66, 'm2-1': 0.91, 'm3-1': 10.61, 'm4-1': 26.67, 'm5-1': 10.96, 'm6-1': 26.6, 'm7-1': 10.8, 'm8-1': 10.67}",1.0784999999999911,186.815,inf,187.534,187.534,187.534
770,T10,BESTEFFORT,COMPLETED,m2-1,77.917,"{'m1-1': 110.87, 'm2-1': 1.08, 'm3-1': 9.44, 'm4-1': 26.94, 'm5-1': 10.44, 'm6-1': 25.0, 'm7-1': 10.63, 'm8-1': 9.46}",1.62,162.9930000000001,164.07300000000012,inf,187.917,187.917
771,T4,BESTEFFORT,MISSED,m8-1,77.924,"{'m1-1': 104.69, 'm2-1': 1.07, 'm3-1': 11.5, 'm4-1': 27.52, 'm5-1': 10.48, 'm6-1': 26.4, 'm7-1': 9.88, 'm8-1': 11.24}",1.6455000000000126,186.827,inf,187.924,187.924,187.924
772,T3,BESTEFFORT,MISSED,m1-1,77.963,"{'m1-1': 95.31, 'm2-1': 0.98, 'm3-1': 9.71, 'm4-1': 25.3, 'm5-1': 11.03, 'm6-1': 24.44, 'm7-1': 11.61, 'm8-1': 10.81}",1.6920000000000215,186.83499999999998,inf,187.963,187.963,187.963
773,T1,BESTEFFORT,COMPLETED,m2-1,78.107,"{'m1-1': 106.57, 'm2-1': 0.97, 'm3-1': 10.65, 'm4-1': 27.86, 'm5-1': 10.53, 'm6-1': 26.35, 'm7-1': 10.59, 'm8-1': 10.09}",1.455,164.07300000000012,165.04300000000012,inf,188.107,188.107
774,T5,BESTEFFORT,MISSED,m3-1,78.172,"{'m1-1': 113.63, 'm2-1': 1.08, 'm3-1': 10.38, 'm4-1': 25.64, 'm5-1': 9.23, 'm6-1': 24.27, 'm7-1': 11.04, 'm8-1': 10.9}",1.8284999999999911,186.953,inf,188.172,188.172,188.172
775,T7,BESTEFFORT,MISSED,m4-1,78.249,"{'m1-1': 100.81, 'm2-1': 1.07, 'm3-1': 10.62, 'm4-1': 23.76, 'm5-1': 10.69, 'm6-1': 27.3, 'm7-1': 10.74, 'm8-1': 10.32}",1.7505000000000024,187.082,inf,188.249,188.249,188.249
776,T9,BESTEFFORT,MISSED,m5-1,78.494,"{'m1-1': 97.94, 'm2-1': 1.03, 'm3-1': 10.22, 'm4-1': 27.32, 'm5-1': 10.78, 'm6-1': 24.48, 'm7-1': 11.26, 'm8-1': 10.34}",2.09399999999998,187.098,inf,188.494,188.494,188.494
777,T6,BESTEFFORT,MISSED,m6-1,78.55,"{'m1-1': 113.6, 'm2-1': 1.07, 'm3-1': 10.67, 'm4-1': 25.32, 'm5-1': 10.31, 'm6-1': 25.71, 'm7-1': 11.25, 'm8-1': 10.77}",1.6365000000000123,187.459,inf,188.55,188.55,188.55
778,T6,BESTEFFORT,MISSED,m7-1,78.561,"{'m1-1': 104.58, 'm2-1': 1.06, 'm3-1': 11.33, 'm4-1': 28.45, 'm5-1': 11.03, 'm6-1': 25.55, 'm7-1': 10.51, 'm8-1': 10.21}",1.5405000000000229,187.534,inf,188.561,188.561,188.561
779,T8,BESTEFFORT,MISSED,m8-1,78.616,"{'m1-1': 112.68, 'm2-1': 1.14, 'm3-1': 10.06, 'm4-1': 23.34, 'm5-1': 11.73, 'm6-1': 24.42, 'm7-1': 11.05, 'm8-1': 10.81}",1.0379999999999683,187.924,inf,188.61599999999999,188.61599999999999,188.61599999999999
780,T1,BESTEFFORT,MISSED,m1-1,78.643,"{'m1-1': 104.37, 'm2-1': 1.01, 'm3-1': 10.5, 'm4-1': 25.29, 'm5-1': 10.03, 'm6-1': 27.22, 'm7-1': 9.41, 'm8-1': 11.32}",1.0200000000000102,187.963,inf,188.643,188.643,188.643
781,T5,BESTEFFORT,COMPLETED,m2-1,78.75,"{'m1-1': 97.38, 'm2-1': 1.07, 'm3-1': 10.63, 'm4-1': 26.94, 'm5-1': 9.29, 'm6-1': 24.83, 'm7-1': 10.2, 'm8-1': 9.74}",1.605,165.04300000000012,166.1130000000001,inf,188.75,188.75
782,T10,BESTEFFORT,MISSED,m3-1,78.764,"{'m1-1': 104.13, 'm2-1': 1.08, 'm3-1': 10.79, 'm4-1': 27.81, 'm5-1': 9.29, 'm6-1': 27.2, 'm7-1': 9.94, 'm8-1': 10.09}",0.8880000000000194,188.172,inf,188.764,188.764,188.764
783,T6,BESTEFFORT,MISSED,m4-1,78.834,"{'m1-1': 109.3, 'm2-1': 1.03, 'm3-1': 10.4, 'm4-1': 28.04, 'm5-1': 10.26, 'm6-1': 25.82, 'm7-1': 10.78, 'm8-1': 10.57}",0.8775000000000119,188.249,inf,188.834,188.834,188.834
784,T10,BESTEFFORT,MISSED,m5-1,78.857,"{'m1-1': 99.53, 'm2-1': 0.96, 'm3-1': 10.09, 'm4-1': 27.64, 'm5-1': 9.42, 'm6-1': 26.85, 'm7-1': 9.78, 'm8-1': 10.1}",0.5444999999999993,188.494,inf,188.857,188.857,188.857
785,T6,BESTEFFORT,COMPLETED,m2-1,78.917,"{'m1-1': 114.06, 'm2-1': 1.01, 'm3-1': 11.44, 'm4-1': 27.1, 'm5-1': 11.1, 'm6-1': 26.69, 'm7-1': 10.18, 'm8-1': 9.66}",1.5150000000000001,166.1130000000001,167.1230000000001,inf,188.917,188.917
786,T4,BESTEFFORT,MISSED,m6-1,78.973,"{'m1-1': 112.46, 'm2-1': 1.07, 'm3-1': 11.63, 'm4-1': 26.13, 'm5-1': 10.93, 'm6-1': 25.44, 'm7-1': 10.08, 'm8-1': 10.72}",0.6345000000000027,188.55,inf,188.973,188.973,188.973
787,T3,BESTEFFORT,MISSED,m7-1,79.045,"{'m1-1': 109.77, 'm2-1': 1.11, 'm3-1': 9.79, 'm4-1': 24.93, 'm5-1': 11.43, 'm6-1': 28.32, 'm7-1': 11.17, 'm8-1': 10.92}",0.7260000000000133,188.561,inf,189.04500000000002,189.04500000000002,189.04500000000002
788,T10,BESTEFFORT,MISSED,m8-1,79.048,"{'m1-1': 99.6, 'm2-1': 1.01, 'm3-1': 9.79, 'm4-1': 26.86, 'm5-1': 10.23, 'm6-1': 24.79, 'm7-1': 9.45, 'm8-1': 9.61}",0.6480000000000246,188.61599999999999,inf,189.048,189.048,189.048
789,T2,BESTEFFORT,MISSED,m1-1,79.075,"{'m1-1': 102.25, 'm2-1': 1.1, 'm3-1': 10.62, 'm4-1': 27.48, 'm5-1': 10.44, 'm6-1': 25.2, 'm7-1': 11.42, 'm8-1': 9.71}",0.6479999999999819,188.643,inf,189.075,189.075,189.075
790,T3,BESTEFFORT,COMPLETED,m2-1,79.202,"{'m1-1': 100.08, 'm2-1': 0.98, 'm3-1': 10.6, 'm4-1': 26.83, 'm5-1': 11.0, 'm6-1': 27.84, 'm7-1': 10.55, 'm8-1': 10.87}",1.47,167.1230000000001,168.1030000000001,inf,189.202,189.202
791,T9,BESTEFFORT,MISSED,m3-1,79.239,"{'m1-1': 96.75, 'm2-1': 0.99, 'm3-1': 10.66, 'm4-1': 27.39, 'm5-1': 9.67, 'm6-1': 28.47, 'm7-1': 11.2, 'm8-1': 9.17}",0.7124999999999915,188.764,inf,189.239,189.239,189.239
792,T9,BESTEFFORT,MISSED,m4-1,79.364,"{'m1-1': 105.82, 'm2-1': 1.04, 'm3-1': 9.27, 'm4-1': 27.85, 'm5-1': 9.76, 'm6-1': 26.35, 'm7-1': 10.67, 'm8-1': 10.05}",0.7950000000000017,188.834,inf,189.364,189.364,189.364
793,T5,BESTEFFORT,MISSED,m5-1,79.506,"{'m1-1': 114.33, 'm2-1': 1.0, 'm3-1': 9.46, 'm4-1': 26.71, 'm5-1': 9.37, 'm6-1': 25.28, 'm7-1': 10.0, 'm8-1': 9.57}",0.9735000000000014,188.857,inf,189.506,189.506,189.506
794,T9,BESTEFFORT,MISSED,m6-1,79.587,"{'m1-1': 104.46, 'm2-1': 0.98, 'm3-1': 10.84, 'm4-1': 25.94, 'm5-1': 10.3, 'm6-1': 27.15, 'm7-1': 11.18, 'm8-1': 10.64}",0.9209999999999638,188.973,inf,189.587,189.587,189.587
795,T8,BESTEFFORT,MISSED,m7-1,79.759,"{'m1-1': 107.96, 'm2-1': 1.0, 'm3-1': 10.34, 'm4-1': 25.86, 'm5-1': 10.84, 'm6-1': 26.28, 'm7-1': 10.01, 'm8-1': 9.9}",1.070999999999998,189.04500000000002,inf,189.75900000000001,189.75900000000001,189.75900000000001
796,T7,BESTEFFORT,COMPLETED,m2-1,79.98,"{'m1-1': 100.06, 'm2-1': 1.08, 'm3-1': 10.28, 'm4-1': 24.49, 'm5-1': 11.07, 'm6-1': 28.6, 'm7-1': 10.34, 'm8-1': 10.16}",1.62,168.1030000000001,169.1830000000001,inf,189.98000000000002,189.98000000000002
797,T4,BESTEFFORT,MISSED,m8-1,79.994,"{'m1-1': 102.93, 'm2-1': 0.99, 'm3-1': 10.24, 'm4-1': 24.65, 'm5-1': 10.52, 'm6-1': 24.26, 'm7-1': 10.13, 'm8-1': 11.32}",1.418999999999997,189.048,inf,189.994,189.994,189.994
798,T2,BESTEFFORT,MISSED,m1-1,80.088,"{'m1-1': 115.7, 'm2-1': 0.98, 'm3-1': 10.53, 'm4-1': 27.92, 'm5-1': 10.36, 'm6-1': 28.14, 'm7-1': 11.82, 'm8-1': 10.38}",1.5195000000000078,189.075,inf,190.088,190.088,190.088
799,T3,BESTEFFORT,COMPLETED,m2-1,80.123,"{'m1-1': 100.92, 'm2-1': 1.06, 'm3-1': 9.17, 'm4-1': 28.37, 'm5-1': 11.3, 'm6-1': 24.26, 'm7-1': 11.43, 'm8-1': 9.97}",1.59,169.1830000000001,170.2430000000001,inf,190.123,190.123
800,T7,BESTEFFORT,MISSED,m3-1,80.198,"{'m1-1': 110.04, 'm2-1': 1.08, 'm3-1': 10.74, 'm4-1': 25.6, 'm5-1': 10.41, 'm6-1': 28.21, 'm7-1': 11.22, 'm8-1': 9.94}",1.4384999999999621,189.239,inf,190.19799999999998,190.19799999999998,190.19799999999998
801,T4,BESTEFFORT,MISSED,m4-1,80.221,"{'m1-1': 104.7, 'm2-1': 1.1, 'm3-1': 11.4, 'm4-1': 25.35, 'm5-1': 11.07, 'm6-1': 25.14, 'm7-1': 10.36, 'm8-1': 11.08}",1.285499999999999,189.364,inf,190.221,190.221,190.221
802,T8,BESTEFFORT,MISSED,m5-1,80.343,"{'m1-1': 103.6, 'm2-1': 1.05, 'm3-1': 9.5, 'm4-1': 23.02, 'm5-1': 11.57, 'm6-1': 26.38, 'm7-1': 9.75, 'm8-1': 10.91}",1.2555000000000263,189.506,inf,190.34300000000002,190.34300000000002,190.34300000000002
803,T2,BESTEFFORT,MISSED,m6-1,80.364,"{'m1-1': 115.5, 'm2-1': 1.08, 'm3-1': 9.87, 'm4-1': 25.66, 'm5-1': 9.92, 'm6-1': 23.97, 'm7-1': 10.6, 'm8-1': 10.4}",1.1655000000000229,189.587,inf,190.364,190.364,190.364
804,T9,BESTEFFORT,MISSED,m6-1,80.587,"{'m1-1': 99.01, 'm2-1': 0.99, 'm3-1': 10.8, 'm4-1': 24.52, 'm5-1': 9.89, 'm6-1': 24.26, 'm7-1': 9.79, 'm8-1': 9.2}",0.33449999999997715,190.364,inf,190.587,190.587,190.587
805,T6,BESTEFFORT,MISSED,m7-1,80.657,"{'m1-1': 105.81, 'm2-1': 0.98, 'm3-1': 10.86, 'm4-1': 29.06, 'm5-1': 10.68, 'm6-1': 25.47, 'm7-1': 9.89, 'm8-1': 10.34}",1.3469999999999516,189.75900000000001,inf,190.65699999999998,190.65699999999998,190.65699999999998
806,T1,BESTEFFORT,MISSED,m8-1,80.696,"{'m1-1': 109.41, 'm2-1': 0.93, 'm3-1': 10.56, 'm4-1': 26.58, 'm5-1': 9.63, 'm6-1': 27.57, 'm7-1': 10.29, 'm8-1': 10.65}",1.0529999999999973,189.994,inf,190.696,190.696,190.696
807,T3,BESTEFFORT,MISSED,m1-1,80.723,"{'m1-1': 100.65, 'm2-1': 1.02, 'm3-1': 10.41, 'm4-1': 27.35, 'm5-1': 10.58, 'm6-1': 25.32, 'm7-1': 10.08, 'm8-1': 10.44}",0.952500000000029,190.088,inf,190.723,190.723,190.723
808,T5,BESTEFFORT,COMPLETED,m2-1,80.836,"{'m1-1': 113.82, 'm2-1': 1.0, 'm3-1': 11.18, 'm4-1': 25.23, 'm5-1': 10.87, 'm6-1': 28.52, 'm7-1': 11.18, 'm8-1': 9.75}",1.5,170.2430000000001,171.2430000000001,inf,190.836,190.836
809,T5,BESTEFFORT,MISSED,m3-1,80.92,"{'m1-1': 101.18, 'm2-1': 0.98, 'm3-1': 10.23, 'm4-1': 24.84, 'm5-1': 10.81, 'm6-1': 25.77, 'm7-1': 10.75, 'm8-1': 9.95}",1.0830000000000553,190.19799999999998,inf,190.92000000000002,190.92000000000002,190.92000000000002
810,T6,BESTEFFORT,COMPLETED,m2-1,81.22,"{'m1-1': 113.65, 'm2-1': 1.01, 'm3-1': 11.54, 'm4-1': 26.3, 'm5-1': 11.0, 'm6-1': 24.97, 'm7-1': 9.74, 'm8-1': 10.64}",1.5150000000000001,171.2430000000001,172.2530000000001,inf,191.22,191.22
811,T3,BESTEFFORT,MISSED,m4-1,81.258,"{'m1-1': 106.06, 'm2-1': 1.01, 'm3-1': 10.22, 'm4-1': 26.52, 'm5-1': 11.22, 'm6-1': 25.37, 'm7-1': 10.86, 'm8-1': 10.38}",1.5554999999999666,190.221,inf,191.25799999999998,191.25799999999998,191.25799999999998
812,T8,BESTEFFORT,MISSED,m5-1,81.341,"{'m1-1': 95.69, 'm2-1': 1.09, 'm3-1': 9.82, 'm4-1': 25.86, 'm5-1': 11.08, 'm6-1': 25.12, 'm7-1': 10.53, 'm8-1': 10.06}",1.4969999999999857,190.34300000000002,inf,191.341,191.341,191.341
813,T6,BESTEFFORT,MISSED,m6-1,81.419,"{'m1-1': 107.44, 'm2-1': 1.1, 'm3-1': 10.38, 'm4-1': 27.66, 'm5-1': 10.28, 'm6-1': 23.48, 'm7-1': 10.58, 'm8-1': 9.6}",1.2479999999999905,190.587,inf,191.41899999999998,191.41899999999998,191.41899999999998
814,T1,BESTEFFORT,MISSED,m7-1,81.494,"{'m1-1': 113.51, 'm2-1': 1.02, 'm3-1': 9.39, 'm4-1': 26.57, 'm5-1': 10.5, 'm6-1': 25.06, 'm7-1': 10.18, 'm8-1': 10.27}",1.2555000000000263,190.65699999999998,inf,191.494,191.494,191.494
815,T7,BESTEFFORT,MISSED,m8-1,81.566,"{'m1-1': 110.99, 'm2-1': 0.99, 'm3-1': 10.95, 'm4-1': 24.55, 'm5-1': 10.28, 'm6-1': 26.42, 'm7-1': 11.13, 'm8-1': 9.28}",1.3050000000000068,190.696,inf,191.566,191.566,191.566
816,T7,BESTEFFORT,MISSED,m1-1,81.91,"{'m1-1': 104.42, 'm2-1': 0.99, 'm3-1': 9.73, 'm4-1': 24.64, 'm5-1': 10.66, 'm6-1': 26.95, 'm7-1': 11.83, 'm8-1': 10.14}",1.780499999999975,190.723,inf,191.91,191.91,191.91
817,T1,BESTEFFORT,COMPLETED,m2-1,81.924,"{'m1-1': 114.31, 'm2-1': 0.98, 'm3-1': 10.46, 'm4-1': 26.53, 'm5-1': 9.49, 'm6-1': 25.74, 'm7-1': 10.32, 'm8-1': 10.09}",1.47,172.2530000000001,173.2330000000001,inf,191.924,191.924
818,T5,BESTEFFORT,MISSED,m3-1,81.961,"{'m1-1': 102.66, 'm2-1': 0.96, 'm3-1': 10.95, 'm4-1': 26.23, 'm5-1': 10.9, 'm6-1': 24.86, 'm7-1': 10.77, 'm8-1': 10.23}",1.5614999999999952,190.92000000000002,inf,191.961,191.961,191.961
819,T2,BESTEFFORT,COMPLETED,m2-1,82.132,"{'m1-1': 99.5, 'm2-1': 1.07, 'm3-1': 9.69, 'm4-1': 25.57, 'm5-1': 10.67, 'm6-1': 27.54, 'm7-1': 11.35, 'm8-1': 10.22}",1.605,173.2330000000001,174.30300000000008,inf,192.132,192.132
820,T8,BESTEFFORT,MISSED,m4-1,82.178,"{'m1-1': 101.74, 'm2-1': 1.14, 'm3-1': 9.76, 'm4-1': 23.47, 'm5-1': 10.66, 'm6-1': 24.1, 'm7-1': 10.51, 'm8-1': 9.61}",1.3800000000000239,191.25799999999998,inf,192.178,192.178,192.178
821,T3,BESTEFFORT,MISSED,m5-1,82.226,"{'m1-1': 109.92, 'm2-1': 1.16, 'm3-1': 10.73, 'm4-1': 25.91, 'm5-1': 11.79, 'm6-1': 28.53, 'm7-1': 11.17, 'm8-1': 11.0}",1.3274999999999864,191.341,inf,192.226,192.226,192.226
822,T3,BESTEFFORT,MISSED,m6-1,82.253,"{'m1-1': 110.17, 'm2-1': 1.02, 'm3-1': 10.68, 'm4-1': 25.44, 'm5-1': 10.29, 'm6-1': 27.74, 'm7-1': 11.47, 'm8-1': 11.08}",1.2510000000000048,191.41899999999998,inf,192.253,192.253,192.253
823,T2,BESTEFFORT,MISSED,m7-1,82.282,"{'m1-1': 110.95, 'm2-1': 1.1, 'm3-1': 10.4, 'm4-1': 27.62, 'm5-1': 9.87, 'm6-1': 27.82, 'm7-1': 10.29, 'm8-1': 11.09}",1.1819999999999737,191.494,inf,192.28199999999998,192.28199999999998,192.28199999999998
824,T6,BESTEFFORT,MISSED,m8-1,82.358,"{'m1-1': 109.75, 'm2-1': 1.02, 'm3-1': 11.61, 'm4-1': 26.16, 'm5-1': 9.41, 'm6-1': 26.93, 'm7-1': 10.89, 'm8-1': 10.17}",1.1880000000000024,191.566,inf,192.358,192.358,192.358
825,T10,BESTEFFORT,MISSED,m5-1,82.585,"{'m1-1': 101.6, 'm2-1': 1.1, 'm3-1': 9.53, 'm4-1': 23.83, 'm5-1': 9.79, 'm6-1': 24.84, 'm7-1': 9.26, 'm8-1': 10.4}",0.5384999999999707,192.226,inf,192.58499999999998,192.58499999999998,192.58499999999998
826,T3,BESTEFFORT,MISSED,m1-1,82.704,"{'m1-1': 97.11, 'm2-1': 1.1, 'm3-1': 10.36, 'm4-1': 27.52, 'm5-1': 11.59, 'm6-1': 26.86, 'm7-1': 10.04, 'm8-1': 11.62}",1.1910000000000167,191.91,inf,192.704,192.704,192.704
827,T8,BESTEFFORT,COMPLETED,m2-1,82.872,"{'m1-1': 110.94, 'm2-1': 1.14, 'm3-1': 9.97, 'm4-1': 25.59, 'm5-1': 10.37, 'm6-1': 26.7, 'm7-1': 10.67, 'm8-1': 9.88}",1.71,174.30300000000008,175.44300000000007,inf,192.872,192.872
828,T2,BESTEFFORT,MISSED,m3-1,82.967,"{'m1-1': 110.27, 'm2-1': 1.02, 'm3-1': 10.95, 'm4-1': 29.24, 'm5-1': 9.42, 'm6-1': 27.65, 'm7-1': 11.38, 'm8-1': 9.91}",1.5089999999999577,191.961,inf,192.96699999999998,192.96699999999998,192.96699999999998
829,T5,BESTEFFORT,MISSED,m3-1,82.979,"{'m1-1': 106.18, 'm2-1': 1.01, 'm3-1': 10.27, 'm4-1': 26.59, 'm5-1': 10.19, 'm6-1': 24.7, 'm7-1': 10.61, 'm8-1': 10.56}",0.018000000000000682,192.96699999999998,inf,192.97899999999998,192.97899999999998,192.97899999999998
830,T9,BESTEFFORT,COMPLETED,m2-1,83.347,"{'m1-1': 110.47, 'm2-1': 0.95, 'm3-1': 10.62, 'm4-1': 26.7, 'm5-1': 9.69, 'm6-1': 25.24, 'm7-1': 10.69, 'm8-1': 9.46}",1.4249999999999998,175.44300000000007,176.39300000000006,inf,193.34699999999998,193.34699999999998
831,T6,BESTEFFORT,MISSED,m4-1,83.394,"{'m1-1': 101.6, 'm2-1': 0.98, 'm3-1': 10.34, 'm4-1': 29.4, 'm5-1': 9.93, 'm6-1': 26.94, 'm7-1': 10.24, 'm8-1': 10.21}",1.8240000000000123,192.178,inf,193.394,193.394,193.394
832,T7,BESTEFFORT,MISSED,m5-1,83.398,"{'m1-1': 98.67, 'm2-1': 1.08, 'm3-1': 9.72, 'm4-1': 26.83, 'm5-1': 11.72, 'm6-1': 28.74, 'm7-1': 11.81, 'm8-1': 9.4}",1.219500000000025,192.58499999999998,inf,193.398,193.398,193.398
833,T5,BESTEFFORT,MISSED,m6-1,83.434,"{'m1-1': 98.83, 'm2-1': 1.1, 'm3-1': 10.84, 'm4-1': 26.31, 'm5-1': 10.12, 'm6-1': 24.47, 'm7-1': 10.56, 'm8-1': 10.07}",1.7715000000000174,192.253,inf,193.434,193.434,193.434
834,T1,BESTEFFORT,MISSED,m7-1,83.832,"{'m1-1': 115.42, 'm2-1': 1.02, 'm3-1': 10.92, 'm4-1': 24.44, 'm5-1': 10.66, 'm6-1': 28.18, 'm7-1': 10.15, 'm8-1': 10.28}",2.325000000000017,192.28199999999998,inf,193.832,193.832,193.832
835,T5,BESTEFFORT,MISSED,m8-1,83.885,"{'m1-1': 110.08, 'm2-1': 1.06, 'm3-1': 10.01, 'm4-1': 27.58, 'm5-1': 9.28, 'm6-1': 27.05, 'm7-1': 9.98, 'm8-1': 11.19}",2.29049999999998,192.358,inf,193.885,193.885,193.885
836,T10,BESTEFFORT,MISSED,m1-1,84.107,"{'m1-1': 100.52, 'm2-1': 1.1, 'm3-1': 9.97, 'm4-1': 25.94, 'm5-1': 9.52, 'm6-1': 25.89, 'm7-1': 9.64, 'm8-1': 11.06}",2.1044999999999874,192.704,inf,194.107,194.107,194.107
837,T9,BESTEFFORT,COMPLETED,m2-1,84.131,"{'m1-1': 103.55, 'm2-1': 1.1, 'm3-1': 10.83, 'm4-1': 28.91, 'm5-1': 10.19, 'm6-1': 25.3, 'm7-1': 9.52, 'm8-1': 10.86}",1.6500000000000001,176.39300000000006,177.49300000000005,inf,194.131,194.131
838,T3,BESTEFFORT,COMPLETED,m2-1,84.184,"{'m1-1': 102.34, 'm2-1': 1.16, 'm3-1': 10.49, 'm4-1': 28.52, 'm5-1': 11.22, 'm6-1': 25.43, 'm7-1': 11.74, 'm8-1': 9.93}",1.7399999999999998,177.49300000000005,178.65300000000005,inf,194.184,194.184
839,T2,BESTEFFORT,MISSED,m7-1,84.373,"{'m1-1': 113.56, 'm2-1': 1.04, 'm3-1': 10.07, 'm4-1': 26.99, 'm5-1': 9.46, 'm6-1': 24.96, 'm7-1': 10.58, 'm8-1': 10.67}",0.8114999999999952,193.832,inf,194.373,194.373,194.373
840,T8,BESTEFFORT,MISSED,m3-1,84.401,"{'m1-1': 109.74, 'm2-1': 1.1, 'm3-1': 10.72, 'm4-1': 25.48, 'm5-1': 11.59, 'm6-1': 24.31, 'm7-1': 10.32, 'm8-1': 10.67}",2.133000000000038,192.97899999999998,inf,194.401,194.401,194.401
841,T9,BESTEFFORT,MISSED,m4-1,84.412,"{'m1-1': 100.89, 'm2-1': 1.07, 'm3-1': 9.67, 'm4-1': 27.94, 'm5-1': 9.86, 'm6-1': 24.19, 'm7-1': 10.25, 'm8-1': 10.56}",1.527000000000001,193.394,inf,194.412,194.412,194.412
842,T10,BESTEFFORT,MISSED,m5-1,84.455,"{'m1-1': 104.24, 'm2-1': 1.0, 'm3-1': 10.1, 'm4-1': 25.28, 'm5-1': 9.98, 'm6-1': 24.96, 'm7-1': 9.75, 'm8-1': 11.17}",1.585499999999982,193.398,inf,194.45499999999998,194.45499999999998,194.45499999999998
843,T5,BESTEFFORT,MISSED,m6-1,84.542,"{'m1-1': 113.39, 'm2-1': 1.0, 'm3-1': 11.23, 'm4-1': 27.63, 'm5-1': 10.24, 'm6-1': 25.37, 'm7-1': 9.63, 'm8-1': 10.57}",1.6620000000000061,193.434,inf,194.542,194.542,194.542
844,T5,BESTEFFORT,MISSED,m7-1,84.556,"{'m1-1': 115.29, 'm2-1': 1.05, 'm3-1': 9.9, 'm4-1': 26.23, 'm5-1': 10.64, 'm6-1': 28.8, 'm7-1': 9.67, 'm8-1': 10.14}",0.2744999999999891,194.373,inf,194.55599999999998,194.55599999999998,194.55599999999998
845,T10,BESTEFFORT,MISSED,m8-1,84.607,"{'m1-1': 110.55, 'm2-1': 0.96, 'm3-1': 9.45, 'm4-1': 23.85, 'm5-1': 10.63, 'm6-1': 26.72, 'm7-1': 9.21, 'm8-1': 10.94}",1.0830000000000126,193.885,inf,194.607,194.607,194.607
846,T1,BESTEFFORT,MISSED,m1-1,84.673,"{'m1-1': 110.7, 'm2-1': 1.06, 'm3-1': 10.76, 'm4-1': 24.99, 'm5-1': 11.07, 'm6-1': 25.82, 'm7-1': 10.19, 'm8-1': 10.57}",0.8490000000000038,194.107,inf,194.673,194.673,194.673
847,T10,BESTEFFORT,COMPLETED,m2-1,84.742,"{'m1-1': 108.21, 'm2-1': 1.13, 'm3-1': 9.34, 'm4-1': 24.7, 'm5-1': 10.7, 'm6-1': 28.31, 'm7-1': 10.65, 'm8-1': 10.05}",1.6949999999999998,178.65300000000005,179.78300000000004,inf,194.74200000000002,194.74200000000002
848,T6,BESTEFFORT,MISSED,m3-1,84.747,"{'m1-1': 116.7, 'm2-1': 1.13, 'm3-1': 10.76, 'm4-1': 27.3, 'm5-1': 11.12, 'm6-1': 24.76, 'm7-1': 10.22, 'm8-1': 10.06}",0.5190000000000055,194.401,inf,194.747,194.747,194.747
849,T2,BESTEFFORT,MISSED,m4-1,84.984,"{'m1-1': 101.11, 'm2-1': 1.1, 'm3-1': 10.43, 'm4-1': 26.12, 'm5-1': 9.9, 'm6-1': 27.52, 'm7-1': 11.77, 'm8-1': 10.45}",0.8579999999999615,194.412,inf,194.98399999999998,194.98399999999998,194.98399999999998
850,T5,BESTEFFORT,MISSED,m5-1,85.04,"{'m1-1': 110.52, 'm2-1': 0.96, 'm3-1': 10.99, 'm4-1': 26.42, 'm5-1': 9.23, 'm6-1': 27.92, 'm7-1': 10.7, 'm8-1': 10.73}",0.8775000000000546,194.45499999999998,inf,195.04000000000002,195.04000000000002,195.04000000000002
851,T6,BESTEFFORT,MISSED,m6-1,85.076,"{'m1-1': 101.75, 'm2-1': 1.02, 'm3-1': 11.18, 'm4-1': 25.33, 'm5-1': 9.4, 'm6-1': 27.35, 'm7-1': 9.98, 'm8-1': 10.21}",0.8009999999999877,194.542,inf,195.076,195.076,195.076
852,T8,BESTEFFORT,MISSED,m7-1,85.135,"{'m1-1': 112.82, 'm2-1': 1.1, 'm3-1': 10.5, 'm4-1': 24.55, 'm5-1': 10.98, 'm6-1': 27.82, 'm7-1': 10.28, 'm8-1': 10.64}",0.8685000000000116,194.55599999999998,inf,195.135,195.135,195.135
853,T1,BESTEFFORT,MISSED,m8-1,85.186,"{'m1-1': 103.52, 'm2-1': 0.94, 'm3-1': 10.76, 'm4-1': 25.6, 'm5-1': 10.67, 'm6-1': 25.67, 'm7-1': 10.22, 'm8-1': 11.27}",0.8685000000000116,194.607,inf,195.186,195.186,195.186
854,T10,BESTEFFORT,MISSED,m1-1,85.254,"{'m1-1': 102.91, 'm2-1': 1.04, 'm3-1': 9.47, 'm4-1': 26.79, 'm5-1': 10.55, 'm6-1': 27.65, 'm7-1': 10.65, 'm8-1': 10.54}",0.8715000000000259,194.673,inf,195.25400000000002,195.25400000000002,195.25400000000002
855,T7,BESTEFFORT,COMPLETED,m2-1,85.595,"{'m1-1': 106.28, 'm2-1': 1.0, 'm3-1': 10.33, 'm4-1': 26.45, 'm5-1': 10.17, 'm6-1': 25.43, 'm7-1': 11.04, 'm8-1': 9.94}",1.5,179.78300000000004,180.78300000000004,inf,195.595,195.595
856,T8,BESTEFFORT,COMPLETED,m2-1,85.621,"{'m1-1': 105.06, 'm2-1': 1.07, 'm3-1': 10.53, 'm4-1': 25.18, 'm5-1': 10.15, 'm6-1': 27.93, 'm7-1': 11.08, 'm8-1': 10.36}",1.605,180.78300000000004,181.85300000000004,inf,195.62099999999998,195.62099999999998
857,T4,BESTEFFORT,MISSED,m3-1,85.825,"{'m1-1': 103.87, 'm2-1': 1.01, 'm3-1': 11.58, 'm4-1': 26.13, 'm5-1': 10.97, 'm6-1': 26.48, 'm7-1': 9.63, 'm8-1': 10.74}",1.6169999999999618,194.747,inf,195.825,195.825,195.825
858,T1,BESTEFFORT,MISSED,m4-1,85.995,"{'m1-1': 106.98, 'm2-1': 1.03, 'm3-1': 10.0, 'm4-1': 27.53, 'm5-1': 9.64, 'm6-1': 24.79, 'm7-1': 9.66, 'm8-1': 10.26}",1.5165000000000362,194.98399999999998,inf,195.995,195.995,195.995
859,T6,BESTEFFORT,MISSED,m5-1,86.049,"{'m1-1': 113.6, 'm2-1': 1.11, 'm3-1': 10.58, 'm4-1': 26.85, 'm5-1': 10.56, 'm6-1': 26.43, 'm7-1': 11.04, 'm8-1': 9.45}",1.5134999999999792,195.04000000000002,inf,196.049,196.049,196.049
860,T1,BESTEFFORT,MISSED,m8-1,86.181,"{'m1-1': 113.46, 'm2-1': 1.01, 'm3-1': 10.61, 'm4-1': 26.75, 'm5-1': 10.32, 'm6-1': 24.78, 'm7-1': 9.7, 'm8-1': 10.1}",1.4924999999999642,195.186,inf,196.18099999999998,196.18099999999998,196.18099999999998
861,T2,BESTEFFORT,MISSED,m6-1,86.261,"{'m1-1': 104.02, 'm2-1': 1.09, 'm3-1': 11.2, 'm4-1': 27.28, 'm5-1': 10.57, 'm6-1': 24.59, 'm7-1': 10.35, 'm8-1': 10.4}",1.7775000000000034,195.076,inf,196.261,196.261,196.261
862,T10,BESTEFFORT,COMPLETED,m2-1,86.811,"{'m1-1': 98.95, 'm2-1': 0.98, 'm3-1': 10.85, 'm4-1': 27.58, 'm5-1': 10.7, 'm6-1': 25.33, 'm7-1': 9.31, 'm8-1': 10.23}",1.47,181.85300000000004,182.83300000000003,inf,196.811,196.811
863,T1,BESTEFFORT,MISSED,m7-1,86.856,"{'m1-1': 109.98, 'm2-1': 0.95, 'm3-1': 9.65, 'm4-1': 24.36, 'm5-1': 9.76, 'm6-1': 27.82, 'm7-1': 10.31, 'm8-1': 9.99}",2.5815000000000055,195.135,inf,196.856,196.856,196.856
864,T3,BESTEFFORT,MISSED,m8-1,86.885,"{'m1-1': 104.19, 'm2-1': 1.15, 'm3-1': 10.12, 'm4-1': 25.48, 'm5-1': 10.41, 'm6-1': 26.01, 'm7-1': 11.06, 'm8-1': 9.99}",1.0560000000000116,196.18099999999998,inf,196.885,196.885,196.885
865,T8,BESTEFFORT,MISSED,m1-1,86.984,"{'m1-1': 108.21, 'm2-1': 1.11, 'm3-1': 9.94, 'm4-1': 23.68, 'm5-1': 10.15, 'm6-1': 27.61, 'm7-1': 9.81, 'm8-1': 10.22}",2.594999999999942,195.25400000000002,inf,196.98399999999998,196.98399999999998,196.98399999999998
866,T4,BESTEFFORT,COMPLETED,m2-1,87.009,"{'m1-1': 109.45, 'm2-1': 1.0, 'm3-1': 11.6, 'm4-1': 28.86, 'm5-1': 11.34, 'm6-1': 25.52, 'm7-1': 10.19, 'm8-1': 10.59}",1.5,182.83300000000003,183.83300000000003,inf,197.00900000000001,197.00900000000001
867,T10,BESTEFFORT,MISSED,m3-1,87.041,"{'m1-1': 104.38, 'm2-1': 1.08, 'm3-1': 9.86, 'm4-1': 24.54, 'm5-1': 9.51, 'm6-1': 27.03, 'm7-1': 9.44, 'm8-1': 9.83}",1.8240000000000123,195.825,inf,197.041,197.041,197.041
868,T10,BESTEFFORT,MISSED,m4-1,87.242,"{'m1-1': 109.11, 'm2-1': 1.09, 'm3-1': 9.8, 'm4-1': 25.07, 'm5-1': 9.65, 'm6-1': 27.02, 'm7-1': 10.8, 'm8-1': 11.11}",1.8705000000000211,195.995,inf,197.24200000000002,197.24200000000002,197.24200000000002
869,T9,BESTEFFORT,MISSED,m5-1,87.317,"{'m1-1': 111.21, 'm2-1': 0.96, 'm3-1': 10.75, 'm4-1': 28.87, 'm5-1': 9.17, 'm6-1': 24.15, 'm7-1': 11.24, 'm8-1': 9.61}",1.902000000000001,196.049,inf,197.317,197.317,197.317
870,T5,BESTEFFORT,MISSED,m6-1,87.33,"{'m1-1': 104.43, 'm2-1': 1.02, 'm3-1': 10.64, 'm4-1': 28.53, 'm5-1': 10.03, 'm6-1': 28.03, 'm7-1': 10.35, 'm8-1': 10.29}",1.6034999999999826,196.261,inf,197.32999999999998,197.32999999999998,197.32999999999998
871,T8,BESTEFFORT,MISSED,m7-1,87.373,"{'m1-1': 100.95, 'm2-1': 0.99, 'm3-1': 10.42, 'm4-1': 25.78, 'm5-1': 11.63, 'm6-1': 27.82, 'm7-1': 10.61, 'm8-1': 10.42}",0.7754999999999939,196.856,inf,197.373,197.373,197.373
872,T8,BESTEFFORT,MISSED,m8-1,87.381,"{'m1-1': 101.05, 'm2-1': 1.06, 'm3-1': 9.55, 'm4-1': 25.15, 'm5-1': 10.24, 'm6-1': 24.38, 'm7-1': 10.57, 'm8-1': 9.67}",0.744000000000014,196.885,inf,197.381,197.381,197.381
873,T3,BESTEFFORT,COMPLETED,m2-1,87.395,"{'m1-1': 94.75, 'm2-1': 1.07, 'm3-1': 10.76, 'm4-1': 24.89, 'm5-1': 10.13, 'm6-1': 25.15, 'm7-1': 11.17, 'm8-1': 10.58}",1.605,183.83300000000003,184.90300000000002,inf,197.39499999999998,197.39499999999998
874,T4,BESTEFFORT,MISSED,m1-1,87.396,"{'m1-1': 98.75, 'm2-1': 1.0, 'm3-1': 10.79, 'm4-1': 26.76, 'm5-1': 9.65, 'm6-1': 25.8, 'm7-1': 10.76, 'm8-1': 10.28}",0.6180000000000518,196.98399999999998,inf,197.39600000000002,197.39600000000002,197.39600000000002
875,T10,BESTEFFORT,COMPLETED,m2-1,87.836,"{'m1-1': 111.84, 'm2-1': 1.01, 'm3-1': 10.57, 'm4-1': 24.52, 'm5-1': 10.5, 'm6-1': 26.2, 'm7-1': 9.28, 'm8-1': 10.17}",1.5150000000000001,184.90300000000002,185.913,inf,197.836,197.836
876,T3,BESTEFFORT,MISSED,m3-1,88.06,"{'m1-1': 110.1, 'm2-1': 1.03, 'm3-1': 10.2, 'm4-1': 28.29, 'm5-1': 10.99, 'm6-1': 27.3, 'm7-1': 10.12, 'm8-1': 10.53}",1.5285000000000082,197.041,inf,198.06,198.06,198.06
877,T3,BESTEFFORT,MISSED,m4-1,88.065,"{'m1-1': 110.72, 'm2-1': 1.09, 'm3-1': 9.61, 'm4-1': 27.14, 'm5-1': 10.06, 'm6-1': 28.46, 'm7-1': 10.15, 'm8-1': 10.89}",1.2344999999999686,197.24200000000002,inf,198.065,198.065,198.065
878,T2,BESTEFFORT,MISSED,m5-1,88.18,"{'m1-1': 108.16, 'm2-1': 1.15, 'm3-1': 11.28, 'm4-1': 27.11, 'm5-1': 10.63, 'm6-1': 24.18, 'm7-1': 10.9, 'm8-1': 9.78}",1.2944999999999993,197.317,inf,198.18,198.18,198.18
879,T1,BESTEFFORT,MISSED,m6-1,88.208,"{'m1-1': 106.86, 'm2-1': 0.92, 'm3-1': 10.98, 'm4-1': 28.05, 'm5-1': 9.46, 'm6-1': 26.99, 'm7-1': 9.4, 'm8-1': 11.22}",1.3170000000000215,197.32999999999998,inf,198.208,198.208,198.208
880,T10,BESTEFFORT,MISSED,m7-1,88.302,"{'m1-1': 102.85, 'm2-1': 1.05, 'm3-1': 10.09, 'm4-1': 26.22, 'm5-1': 9.82, 'm6-1': 26.87, 'm7-1': 10.18, 'm8-1': 9.53}",1.3935000000000457,197.373,inf,198.30200000000002,198.30200000000002,198.30200000000002
881,T3,BESTEFFORT,COMPLETED,m2-1,88.359,"{'m1-1': 104.73, 'm2-1': 1.01, 'm3-1': 10.66, 'm4-1': 29.44, 'm5-1': 10.78, 'm6-1': 26.53, 'm7-1': 10.44, 'm8-1': 11.05}",1.5150000000000001,185.913,186.923,inf,198.35899999999998,198.35899999999998
882,T2,BESTEFFORT,MISSED,m8-1,88.429,"{'m1-1': 104.85, 'm2-1': 1.08, 'm3-1': 10.0, 'm4-1': 27.5, 'm5-1': 9.41, 'm6-1': 27.99, 'm7-1': 10.69, 'm8-1': 10.19}",1.5720000000000027,197.381,inf,198.429,198.429,198.429
883,T9,BESTEFFORT,MISSED,m1-1,88.468,"{'m1-1': 94.57, 'm2-1': 1.05, 'm3-1': 9.61, 'm4-1': 27.71, 'm5-1': 9.42, 'm6-1': 24.64, 'm7-1': 10.44, 'm8-1': 10.64}",1.608000000000004,197.39600000000002,inf,198.46800000000002,198.46800000000002,198.46800000000002
884,T8,BESTEFFORT,COMPLETED,m2-1,88.486,"{'m1-1': 105.74, 'm2-1': 1.03, 'm3-1': 10.84, 'm4-1': 24.02, 'm5-1': 10.35, 'm6-1': 24.86, 'm7-1': 9.87, 'm8-1': 10.55}",1.545,186.923,187.953,inf,198.486,198.486
885,T9,BESTEFFORT,MISSED,m3-1,88.614,"{'m1-1': 108.39, 'm2-1': 1.1, 'm3-1': 9.72, 'm4-1': 28.64, 'm5-1': 10.36, 'm6-1': 25.11, 'm7-1': 9.86, 'm8-1': 10.91}",0.8310000000000031,198.06,inf,198.614,198.614,198.614
886,T3,BESTEFFORT,MISSED,m4-1,88.767,"{'m1-1': 97.11, 'm2-1': 1.14, 'm3-1': 9.21, 'm4-1': 27.16, 'm5-1': 11.73, 'm6-1': 25.95, 'm7-1': 10.58, 'm8-1': 11.53}",1.0529999999999973,198.065,inf,198.767,198.767,198.767
887,T1,BESTEFFORT,MISSED,m5-1,88.771,"{'m1-1': 102.14, 'm2-1': 1.06, 'm3-1': 10.68, 'm4-1': 27.48, 'm5-1': 10.93, 'm6-1': 28.27, 'm7-1': 9.56, 'm8-1': 10.16}",0.8865000000000123,198.18,inf,198.77100000000002,198.77100000000002,198.77100000000002
888,T6,BESTEFFORT,MISSED,m6-1,89.32,"{'m1-1': 101.6, 'm2-1': 1.06, 'm3-1': 10.33, 'm4-1': 28.98, 'm5-1': 9.42, 'm6-1': 26.77, 'm7-1': 11.25, 'm8-1': 9.65}",1.6679999999999922,198.208,inf,199.32,199.32,199.32
889,T6,BESTEFFORT,COMPLETED,m2-1,89.365,"{'m1-1': 102.58, 'm2-1': 1.03, 'm3-1': 11.24, 'm4-1': 25.51, 'm5-1': 9.6, 'm6-1': 27.49, 'm7-1': 10.89, 'm8-1': 9.87}",1.545,187.953,188.983,inf,199.365,199.365
890,T4,BESTEFFORT,MISSED,m7-1,89.426,"{'m1-1': 109.28, 'm2-1': 1.02, 'm3-1': 10.66, 'm4-1': 25.24, 'm5-1': 10.0, 'm6-1': 24.32, 'm7-1': 10.24, 'm8-1': 11.65}",1.6859999999999502,198.30200000000002,inf,199.426,199.426,199.426
891,T5,BESTEFFORT,MISSED,m8-1,89.58,"{'m1-1': 113.18, 'm2-1': 0.98, 'm3-1': 10.34, 'm4-1': 25.62, 'm5-1': 9.95, 'm6-1': 26.3, 'm7-1': 10.56, 'm8-1': 10.49}",1.726499999999973,198.429,inf,199.57999999999998,199.57999999999998,199.57999999999998
892,T5,BESTEFFORT,MISSED,m1-1,89.764,"{'m1-1': 111.6, 'm2-1': 1.12, 'm3-1': 10.38, 'm4-1': 27.58, 'm5-1': 10.87, 'm6-1': 27.12, 'm7-1': 10.18, 'm8-1': 10.64}",1.9439999999999884,198.46800000000002,inf,199.764,199.764,199.764
893,T4,BESTEFFORT,COMPLETED,m2-1,89.794,"{'m1-1': 113.02, 'm2-1': 1.12, 'm3-1': 11.09, 'm4-1': 26.51, 'm5-1': 9.7, 'm6-1': 23.72, 'm7-1': 10.98, 'm8-1': 10.67}",1.6800000000000002,188.983,190.103,inf,199.79399999999998,199.79399999999998
894,T10,BESTEFFORT,MISSED,m3-1,89.843,"{'m1-1': 104.92, 'm2-1': 0.99, 'm3-1': 10.85, 'm4-1': 25.59, 'm5-1': 9.84, 'm6-1': 28.19, 'm7-1': 9.25, 'm8-1': 10.9}",1.8435000000000201,198.614,inf,199.84300000000002,199.84300000000002,199.84300000000002
895,T8,BESTEFFORT,MISSED,m4-1,90.201,"{'m1-1': 108.05, 'm2-1': 1.11, 'm3-1': 10.27, 'm4-1': 23.28, 'm5-1': 10.04, 'm6-1': 28.24, 'm7-1': 9.7, 'm8-1': 10.11}",2.1509999999999962,198.767,inf,200.201,200.201,200.201
896,T1,BESTEFFORT,COMPLETED,m2-1,90.377,"{'m1-1': 114.39, 'm2-1': 0.98, 'm3-1': 10.37, 'm4-1': 25.98, 'm5-1': 10.19, 'm6-1': 24.79, 'm7-1': 10.22, 'm8-1': 10.48}",1.47,190.103,191.083,inf,200.377,200.377
897,T9,BESTEFFORT,MISSED,m5-1,90.401,"{'m1-1': 97.19, 'm2-1': 1.0, 'm3-1': 10.99, 'm4-1': 26.16, 'm5-1': 10.05, 'm6-1': 25.7, 'm7-1': 10.18, 'm8-1': 9.88}",2.444999999999993,198.77100000000002,inf,200.401,200.401,200.401
898,T6,BESTEFFORT,MISSED,m6-1,90.623,"{'m1-1': 113.3, 'm2-1': 1.1, 'm3-1': 11.56, 'm4-1': 29.01, 'm5-1': 10.39, 'm6-1': 23.6, 'm7-1': 9.89, 'm8-1': 10.3}",1.954499999999996,199.32,inf,200.623,200.623,200.623
899,T7,BESTEFFORT,MISSED,m7-1,90.669,"{'m1-1': 111.3, 'm2-1': 1.03, 'm3-1': 10.4, 'm4-1': 27.21, 'm5-1': 11.34, 'm6-1': 28.18, 'm7-1': 10.66, 'm8-1': 10.5}",1.8644999999999925,199.426,inf,200.66899999999998,200.66899999999998,200.66899999999998
900,T6,BESTEFFORT,MISSED,m8-1,90.945,"{'m1-1': 101.46, 'm2-1': 1.02, 'm3-1': 10.95, 'm4-1': 25.62, 'm5-1': 10.76, 'm6-1': 26.58, 'm7-1': 11.2, 'm8-1': 10.55}",2.0475000000000136,199.57999999999998,inf,200.945,200.945,200.945
901,T6,BESTEFFORT,MISSED,m1-1,91.464,"{'m1-1': 99.5, 'm2-1': 1.08, 'm3-1': 10.96, 'm4-1': 29.5, 'm5-1': 9.95, 'm6-1': 24.2, 'm7-1': 10.05, 'm8-1': 10.77}",2.549999999999983,199.764,inf,201.464,201.464,201.464
902,T3,BESTEFFORT,COMPLETED,m2-1,91.594,"{'m1-1': 106.44, 'm2-1': 0.99, 'm3-1': 9.46, 'm4-1': 26.43, 'm5-1': 10.65, 'm6-1': 24.67, 'm7-1': 11.89, 'm8-1': 10.43}",1.4849999999999999,191.083,192.073,inf,201.594,201.594
903,T7,BESTEFFORT,COMPLETED,m2-1,91.673,"{'m1-1': 108.03, 'm2-1': 1.08, 'm3-1': 9.78, 'm4-1': 23.82, 'm5-1': 11.38, 'm6-1': 25.5, 'm7-1': 10.72, 'm8-1': 10.01}",1.62,192.073,193.15300000000002,inf,201.673,201.673
904,T10,BESTEFFORT,MISSED,m3-1,91.896,"{'m1-1': 96.24, 'm2-1': 1.04, 'm3-1': 9.85, 'm4-1': 26.69, 'm5-1': 9.88, 'm6-1': 26.85, 'm7-1': 10.01, 'm8-1': 10.75}",3.079499999999996,199.84300000000002,inf,201.89600000000002,201.89600000000002,201.89600000000002
905,T8,BESTEFFORT,MISSED,m4-1,92.141,"{'m1-1': 99.37, 'm2-1': 0.99, 'm3-1': 10.66, 'm4-1': 25.76, 'm5-1': 11.09, 'm6-1': 25.01, 'm7-1': 11.38, 'm8-1': 10.17}",2.910000000000039,200.201,inf,202.14100000000002,202.14100000000002,202.14100000000002
906,T4,BESTEFFORT,MISSED,m5-1,92.203,"{'m1-1': 111.16, 'm2-1': 0.99, 'm3-1': 10.96, 'm4-1': 28.44, 'm5-1': 10.94, 'm6-1': 23.64, 'm7-1': 9.82, 'm8-1': 10.6}",2.7029999999999887,200.401,inf,202.203,202.203,202.203
907,T7,BESTEFFORT,MISSED,m6-1,92.336,"{'m1-1': 97.88, 'm2-1': 1.06, 'm3-1': 10.85, 'm4-1': 24.55, 'm5-1': 10.45, 'm6-1': 27.76, 'm7-1': 11.33, 'm8-1': 9.92}",2.5695000000000334,200.623,inf,202.336,202.336,202.336
908,T10,BESTEFFORT,MISSED,m7-1,92.491,"{'m1-1': 110.9, 'm2-1': 1.08, 'm3-1': 9.51, 'm4-1': 24.69, 'm5-1': 10.94, 'm6-1': 28.93, 'm7-1': 10.05, 'm8-1': 9.7}",2.733000000000004,200.66899999999998,inf,202.49099999999999,202.49099999999999,202.49099999999999
909,T2,BESTEFFORT,COMPLETED,m2-1,92.595,"{'m1-1': 114.92, 'm2-1': 1.01, 'm3-1': 9.71, 'm4-1': 26.13, 'm5-1': 9.95, 'm6-1': 25.42, 'm7-1': 11.65, 'm8-1': 11.03}",1.5150000000000001,193.15300000000002,194.163,inf,202.595,202.595
910,T7,BESTEFFORT,MISSED,m8-1,92.621,"{'m1-1': 104.6, 'm2-1': 1.03, 'm3-1': 10.82, 'm4-1': 27.17, 'm5-1': 10.22, 'm6-1': 28.57, 'm7-1': 10.11, 'm8-1': 10.57}",2.5139999999999816,200.945,inf,202.62099999999998,202.62099999999998,202.62099999999998
911,T5,BESTEFFORT,MISSED,m3-1,92.698,"{'m1-1': 111.24, 'm2-1': 1.08, 'm3-1': 10.28, 'm4-1': 24.93, 'm5-1': 9.61, 'm6-1': 27.81, 'm7-1': 10.06, 'm8-1': 10.19}",1.2029999999999461,201.89600000000002,inf,202.69799999999998,202.69799999999998,202.69799999999998
912,T2,BESTEFFORT,MISSED,m5-1,92.795,"{'m1-1': 115.83, 'm2-1': 0.98, 'm3-1': 10.9, 'm4-1': 25.85, 'm5-1': 10.35, 'm6-1': 24.03, 'm7-1': 10.76, 'm8-1': 9.68}",0.8880000000000194,202.203,inf,202.79500000000002,202.79500000000002,202.79500000000002
913,T7,BESTEFFORT,MISSED,m1-1,92.844,"{'m1-1': 107.68, 'm2-1': 1.0, 'm3-1': 10.97, 'm4-1': 26.81, 'm5-1': 10.5, 'm6-1': 27.26, 'm7-1': 10.18, 'm8-1': 10.76}",2.069999999999993,201.464,inf,202.844,202.844,202.844
914,T10,BESTEFFORT,COMPLETED,m2-1,92.903,"{'m1-1': 94.97, 'm2-1': 1.0, 'm3-1': 9.98, 'm4-1': 23.93, 'm5-1': 9.38, 'm6-1': 26.87, 'm7-1': 10.18, 'm8-1': 10.76}",1.5,194.163,195.163,inf,202.90300000000002,202.90300000000002
915,T1,BESTEFFORT,MISSED,m3-1,92.923,"{'m1-1': 112.72, 'm2-1': 0.97, 'm3-1': 9.46, 'm4-1': 24.35, 'm5-1': 10.13, 'm6-1': 26.06, 'm7-1': 10.44, 'm8-1': 10.8}",0.3375000000000341,202.69799999999998,inf,202.923,202.923,202.923
916,T1,BESTEFFORT,MISSED,m4-1,93.036,"{'m1-1': 98.98, 'm2-1': 1.04, 'm3-1': 9.41, 'm4-1': 26.84, 'm5-1': 10.13, 'm6-1': 27.37, 'm7-1': 10.97, 'm8-1': 9.89}",1.3424999999999727,202.14100000000002,inf,203.036,203.036,203.036
917,T4,BESTEFFORT,MISSED,m5-1,93.097,"{'m1-1': 114.72, 'm2-1': 1.06, 'm3-1': 11.81, 'm4-1': 26.08, 'm5-1': 11.05, 'm6-1': 25.84, 'm7-1': 9.41, 'm8-1': 11.09}",0.4529999999999461,202.79500000000002,inf,203.09699999999998,203.09699999999998,203.09699999999998
918,T4,BESTEFFORT,MISSED,m6-1,93.219,"{'m1-1': 99.91, 'm2-1': 1.04, 'm3-1': 10.07, 'm4-1': 25.18, 'm5-1': 10.02, 'm6-1': 25.61, 'm7-1': 10.23, 'm8-1': 10.04}",1.324499999999972,202.336,inf,203.219,203.219,203.219
919,T4,BESTEFFORT,MISSED,m7-1,93.397,"{'m1-1': 102.89, 'm2-1': 1.11, 'm3-1': 11.58, 'm4-1': 26.25, 'm5-1': 9.81, 'm6-1': 27.06, 'm7-1': 9.82, 'm8-1': 10.48}",1.3590000000000089,202.49099999999999,inf,203.397,203.397,203.397
920,T5,BESTEFFORT,COMPLETED,m2-1,93.676,"{'m1-1': 114.37, 'm2-1': 1.01, 'm3-1': 10.77, 'm4-1': 27.41, 'm5-1': 9.4, 'm6-1': 27.37, 'm7-1': 10.65, 'm8-1': 10.24}",1.5150000000000001,195.163,196.173,inf,203.676,203.676
921,T10,BESTEFFORT,MISSED,m8-1,94.19,"{'m1-1': 103.58, 'm2-1': 1.04, 'm3-1': 10.14, 'm4-1': 25.14, 'm5-1': 10.32, 'm6-1': 27.9, 'm7-1': 10.46, 'm8-1': 10.45}",2.3535000000000252,202.62099999999998,inf,204.19,204.19,204.19
922,T8,BESTEFFORT,MISSED,m1-1,94.387,"{'m1-1': 108.69, 'm2-1': 1.0, 'm3-1': 9.31, 'm4-1': 23.05, 'm5-1': 11.79, 'm6-1': 25.88, 'm7-1': 9.83, 'm8-1': 11.18}",2.3145000000000095,202.844,inf,204.387,204.387,204.387
923,T2,BESTEFFORT,COMPLETED,m2-1,94.806,"{'m1-1': 104.97, 'm2-1': 1.13, 'm3-1': 11.04, 'm4-1': 27.82, 'm5-1': 10.2, 'm6-1': 24.15, 'm7-1': 11.14, 'm8-1': 10.32}",1.6949999999999998,196.173,197.303,inf,204.80599999999998,204.80599999999998
924,T2,BESTEFFORT,COMPLETED,m2-1,95.044,"{'m1-1': 103.34, 'm2-1': 1.15, 'm3-1': 10.22, 'm4-1': 25.18, 'm5-1': 10.91, 'm6-1': 26.87, 'm7-1': 10.15, 'm8-1': 9.54}",1.7249999999999999,197.303,198.453,inf,205.04399999999998,205.04399999999998
925,T8,BESTEFFORT,MISSED,m7-1,95.332,"{'m1-1': 104.6, 'm2-1': 1.07, 'm3-1': 9.49, 'm4-1': 24.28, 'm5-1': 11.57, 'm6-1': 28.08, 'm7-1': 9.98, 'm8-1': 10.67}",2.9025000000000034,203.397,inf,205.332,205.332,205.332
926,T4,BESTEFFORT,MISSED,m3-1,95.368,"{'m1-1': 109.58, 'm2-1': 0.99, 'm3-1': 11.84, 'm4-1': 27.88, 'm5-1': 11.3, 'm6-1': 27.82, 'm7-1': 9.52, 'm8-1': 10.43}",3.6674999999999898,202.923,inf,205.368,205.368,205.368
927,T5,BESTEFFORT,MISSED,m4-1,95.413,"{'m1-1': 110.95, 'm2-1': 0.96, 'm3-1': 9.92, 'm4-1': 27.4, 'm5-1': 10.08, 'm6-1': 25.0, 'm7-1': 10.52, 'm8-1': 9.68}",3.5655000000000143,203.036,inf,205.413,205.413,205.413
928,T4,BESTEFFORT,MISSED,m5-1,95.488,"{'m1-1': 109.57, 'm2-1': 1.04, 'm3-1': 10.31, 'm4-1': 27.92, 'm5-1': 11.28, 'm6-1': 25.14, 'm7-1': 9.77, 'm8-1': 11.35}",3.5865000000000293,203.09699999999998,inf,205.488,205.488,205.488
929,T2,BESTEFFORT,COMPLETED,m2-1,95.694,"{'m1-1': 103.86, 'm2-1': 1.06, 'm3-1': 9.83, 'm4-1': 28.25, 'm5-1': 11.15, 'm6-1': 25.14, 'm7-1': 10.21, 'm8-1': 10.55}",1.59,198.453,199.513,inf,205.69400000000002,205.69400000000002
930,T5,BESTEFFORT,MISSED,m6-1,95.741,"{'m1-1': 103.72, 'm2-1': 1.05, 'm3-1': 10.09, 'm4-1': 24.84, 'm5-1': 9.94, 'm6-1': 26.53, 'm7-1': 11.1, 'm8-1': 10.29}",3.782999999999987,203.219,inf,205.74099999999999,205.74099999999999,205.74099999999999
931,T2,BESTEFFORT,MISSED,m7-1,95.792,"{'m1-1': 115.16, 'm2-1': 0.99, 'm3-1': 10.69, 'm4-1': 29.62, 'm5-1': 9.92, 'm6-1': 28.26, 'm7-1': 10.94, 'm8-1': 10.86}",0.6900000000000119,205.332,inf,205.792,205.792,205.792
932,T7,BESTEFFORT,MISSED,m8-1,95.848,"{'m1-1': 110.84, 'm2-1': 1.0, 'm3-1': 10.8, 'm4-1': 26.74, 'm5-1': 11.91, 'm6-1': 25.39, 'm7-1': 11.32, 'm8-1': 10.26}",2.487000000000023,204.19,inf,205.848,205.848,205.848
933,T3,BESTEFFORT,MISSED,m1-1,95.892,"{'m1-1': 107.7, 'm2-1': 1.06, 'm3-1': 9.82, 'm4-1': 27.63, 'm5-1': 11.3, 'm6-1': 26.52, 'm7-1': 11.72, 'm8-1': 11.24}",2.257499999999993,204.387,inf,205.892,205.892,205.892
934,T7,BESTEFFORT,COMPLETED,m2-1,95.934,"{'m1-1': 98.39, 'm2-1': 1.01, 'm3-1': 10.46, 'm4-1': 27.29, 'm5-1': 11.51, 'm6-1': 27.91, 'm7-1': 10.9, 'm8-1': 10.69}",1.5150000000000001,199.513,200.523,inf,205.934,205.934
935,T2,BESTEFFORT,MISSED,m3-1,95.947,"{'m1-1': 102.68, 'm2-1': 1.06, 'm3-1': 9.79, 'm4-1': 26.92, 'm5-1': 11.14, 'm6-1': 24.76, 'm7-1': 10.37, 'm8-1': 9.67}",0.8685000000000116,205.368,inf,205.947,205.947,205.947
936,T8,BESTEFFORT,MISSED,m4-1,96.143,"{'m1-1': 95.04, 'm2-1': 1.14, 'm3-1': 10.36, 'm4-1': 26.77, 'm5-1': 10.06, 'm6-1': 27.08, 'm7-1': 10.67, 'm8-1': 11.04}",1.0949999999999847,205.413,inf,206.143,206.143,206.143
937,T6,BESTEFFORT,MISSED,m5-1,96.193,"{'m1-1': 114.73, 'm2-1': 1.03, 'm3-1': 10.02, 'm4-1': 25.51, 'm5-1': 10.64, 'm6-1': 25.51, 'm7-1': 10.93, 'm8-1': 9.37}",1.0574999999999761,205.488,inf,206.19299999999998,206.19299999999998,206.19299999999998
938,T4,BESTEFFORT,MISSED,m6-1,96.283,"{'m1-1': 102.39, 'm2-1': 1.0, 'm3-1': 10.16, 'm4-1': 26.81, 'm5-1': 11.26, 'm6-1': 27.64, 'm7-1': 9.86, 'm8-1': 10.87}",0.813000000000045,205.74099999999999,inf,206.28300000000002,206.28300000000002,206.28300000000002
939,T6,BESTEFFORT,MISSED,m7-1,96.404,"{'m1-1': 99.61, 'm2-1': 1.05, 'm3-1': 11.67, 'm4-1': 27.52, 'm5-1': 10.28, 'm6-1': 24.31, 'm7-1': 10.93, 'm8-1': 10.28}",0.9179999999999922,205.792,inf,206.404,206.404,206.404
940,T7,BESTEFFORT,MISSED,m8-1,96.44,"{'m1-1': 104.31, 'm2-1': 1.02, 'm3-1': 9.63, 'm4-1': 26.32, 'm5-1': 10.36, 'm6-1': 27.31, 'm7-1': 11.48, 'm8-1': 9.48}",0.8879999999999768,205.848,inf,206.44,206.44,206.44
941,T6,BESTEFFORT,MISSED,m1-1,96.68,"{'m1-1': 101.58, 'm2-1': 0.95, 'm3-1': 10.28, 'm4-1': 25.86, 'm5-1': 9.86, 'm6-1': 24.86, 'm7-1': 9.62, 'm8-1': 10.82}",1.1820000000000164,205.892,inf,206.68,206.68,206.68
942,T3,BESTEFFORT,COMPLETED,m2-1,96.705,"{'m1-1': 95.36, 'm2-1': 1.0, 'm3-1': 9.81, 'm4-1': 27.81, 'm5-1': 10.03, 'm6-1': 24.41, 'm7-1': 10.7, 'm8-1': 11.54}",1.5,200.523,201.523,inf,206.70499999999998,206.70499999999998
943,T5,BESTEFFORT,MISSED,m8-1,96.818,"{'m1-1': 101.01, 'm2-1': 1.0, 'm3-1': 10.36, 'm4-1': 26.46, 'm5-1': 10.02, 'm6-1': 28.33, 'm7-1': 10.03, 'm8-1': 10.29}",0.5669999999999789,206.44,inf,206.81799999999998,206.81799999999998,206.81799999999998
944,T5,BESTEFFORT,COMPLETED,m2-1,96.914,"{'m1-1': 110.07, 'm2-1': 1.05, 'm3-1': 10.66, 'm4-1': 24.27, 'm5-1': 10.77, 'm6-1': 28.16, 'm7-1': 10.8, 'm8-1': 11.11}",1.5750000000000002,201.523,202.573,inf,206.914,206.914
945,T7,BESTEFFORT,MISSED,m3-1,97.003,"{'m1-1': 104.83, 'm2-1': 1.06, 'm3-1': 9.51, 'm4-1': 27.07, 'm5-1': 11.6, 'm6-1': 26.25, 'm7-1': 11.32, 'm8-1': 10.41}",1.5839999999999748,205.947,inf,207.003,207.003,207.003
946,T3,BESTEFFORT,MISSED,m4-1,97.082,"{'m1-1': 106.16, 'm2-1': 1.16, 'm3-1': 10.86, 'm4-1': 25.47, 'm5-1': 11.43, 'm6-1': 24.59, 'm7-1': 11.6, 'm8-1': 10.51}",1.4084999999999894,206.143,inf,207.082,207.082,207.082
947,T8,BESTEFFORT,MISSED,m5-1,97.165,"{'m1-1': 108.64, 'm2-1': 1.1, 'm3-1': 9.58, 'm4-1': 27.1, 'm5-1': 11.38, 'm6-1': 26.44, 'm7-1': 9.67, 'm8-1': 10.68}",1.4580000000000553,206.19299999999998,inf,207.16500000000002,207.16500000000002,207.16500000000002
948,T5,BESTEFFORT,MISSED,m6-1,97.175,"{'m1-1': 105.17, 'm2-1': 1.12, 'm3-1': 11.04, 'm4-1': 24.72, 'm5-1': 10.68, 'm6-1': 26.13, 'm7-1': 10.94, 'm8-1': 10.22}",1.3379999999999939,206.28300000000002,inf,207.175,207.175,207.175
949,T3,BESTEFFORT,MISSED,m7-1,97.207,"{'m1-1': 98.33, 'm2-1': 1.08, 'm3-1': 10.45, 'm4-1': 29.34, 'm5-1': 10.5, 'm6-1': 24.13, 'm7-1': 11.2, 'm8-1': 11.38}",1.204499999999996,206.404,inf,207.207,207.207,207.207
950,T10,BESTEFFORT,MISSED,m8-1,97.232,"{'m1-1': 104.53, 'm2-1': 0.96, 'm3-1': 9.23, 'm4-1': 27.68, 'm5-1': 10.58, 'm6-1': 29.4, 'm7-1': 9.46, 'm8-1': 9.64}",0.6210000000000235,206.81799999999998,inf,207.232,207.232,207.232
951,T7,BESTEFFORT,MISSED,m1-1,97.868,"{'m1-1': 101.46, 'm2-1': 0.99, 'm3-1': 10.38, 'm4-1': 25.94, 'm5-1': 11.64, 'm6-1': 25.81, 'm7-1': 10.94, 'm8-1': 9.28}",1.7819999999999823,206.68,inf,207.868,207.868,207.868
952,T7,BESTEFFORT,COMPLETED,m2-1,97.948,"{'m1-1': 107.94, 'm2-1': 1.04, 'm3-1': 9.54, 'm4-1': 26.91, 'm5-1': 11.31, 'm6-1': 25.8, 'm7-1': 10.24, 'm8-1': 10.41}",1.56,202.573,203.613,inf,207.94799999999998,207.94799999999998
953,T8,BESTEFFORT,COMPLETED,m2-1,98.686,"{'m1-1': 109.3, 'm2-1': 1.06, 'm3-1': 9.51, 'm4-1': 25.83, 'm5-1': 11.39, 'm6-1': 27.8, 'm7-1': 11.09, 'm8-1': 10.24}",1.59,203.613,204.673,inf,208.686,208.686
954,T6,BESTEFFORT,COMPLETED,m2-1,98.879,"{'m1-1': 113.63, 'm2-1': 1.08, 'm3-1': 9.94, 'm4-1': 25.15, 'm5-1': 9.81, 'm6-1': 23.65, 'm7-1': 11.24, 'm8-1': 10.98}",1.62,204.673,205.75300000000001,inf,208.87900000000002,208.87900000000002
955,T8,BESTEFFORT,MISSED,m3-1,99.027,"{'m1-1': 98.03, 'm2-1': 1.06, 'm3-1': 9.51, 'm4-1': 27.2, 'm5-1': 10.85, 'm6-1': 24.83, 'm7-1': 10.73, 'm8-1': 10.97}",3.0360000000000014,207.003,inf,209.027,209.027,209.027
956,T6,BESTEFFORT,MISSED,m4-1,99.028,"{'m1-1': 104.84, 'm2-1': 0.98, 'm3-1': 11.32, 'm4-1': 25.6, 'm5-1': 10.67, 'm6-1': 24.95, 'm7-1': 9.74, 'm8-1': 10.72}",2.9190000000000396,207.082,inf,209.02800000000002,209.02800000000002,209.02800000000002
957,T4,BESTEFFORT,MISSED,m5-1,99.213,"{'m1-1': 107.2, 'm2-1': 1.03, 'm3-1': 10.78, 'm4-1': 27.34, 'm5-1': 10.27, 'm6-1': 25.01, 'm7-1': 10.23, 'm8-1': 10.46}",3.07199999999996,207.16500000000002,inf,209.213,209.213,209.213
958,T8,BESTEFFORT,MISSED,m6-1,99.546,"{'m1-1': 108.56, 'm2-1': 1.09, 'm3-1': 10.8, 'm4-1': 23.41, 'm5-1': 10.69, 'm6-1': 28.16, 'm7-1': 9.97, 'm8-1': 10.24}",3.5564999999999714,207.175,inf,209.546,209.546,209.546
959,T3,BESTEFFORT,MISSED,m7-1,99.577,"{'m1-1': 108.41, 'm2-1': 1.16, 'm3-1': 10.12, 'm4-1': 24.87, 'm5-1': 10.75, 'm6-1': 26.07, 'm7-1': 10.34, 'm8-1': 10.45}",3.555000000000007,207.207,inf,209.577,209.577,209.577
960,T3,BESTEFFORT,MISSED,m8-1,99.594,"{'m1-1': 109.24, 'm2-1': 1.13, 'm3-1': 9.56, 'm4-1': 28.96, 'm5-1': 11.84, 'm6-1': 27.53, 'm7-1': 11.24, 'm8-1': 10.41}",3.542999999999992,207.232,inf,209.594,209.594,209.594
961,T6,BESTEFFORT,MISSED,m1-1,99.636,"{'m1-1': 115.09, 'm2-1': 1.04, 'm3-1': 11.61, 'm4-1': 29.17, 'm5-1': 10.54, 'm6-1': 25.43, 'm7-1': 11.12, 'm8-1': 10.39}",2.652000000000001,207.868,inf,209.636,209.636,209.636
962,T10,BESTEFFORT,COMPLETED,m2-1,100.003,"{'m1-1': 99.01, 'm2-1': 1.13, 'm3-1': 10.87, 'm4-1': 25.37, 'm5-1': 10.22, 'm6-1': 25.13, 'm7-1': 10.78, 'm8-1': 11.07}",1.6949999999999998,205.75300000000001,206.883,inf,210.003,210.003
963,T8,BESTEFFORT,COMPLETED,m2-1,100.292,"{'m1-1': 97.25, 'm2-1': 1.15, 'm3-1': 9.7, 'm4-1': 23.1, 'm5-1': 10.97, 'm6-1': 25.69, 'm7-1': 10.06, 'm8-1': 10.58}",1.7249999999999999,206.883,208.03300000000002,inf,210.292,210.292
964,T8,BESTEFFORT,MISSED,m3-1,100.434,"{'m1-1': 110.1, 'm2-1': 1.12, 'm3-1': 10.46, 'm4-1': 23.02, 'm5-1': 10.02, 'm6-1': 26.28, 'm7-1': 9.98, 'm8-1': 10.84}",2.110500000000016,209.027,inf,210.434,210.434,210.434
965,T2,BESTEFFORT,MISSED,m4-1,100.722,"{'m1-1': 106.32, 'm2-1': 1.0, 'm3-1': 10.51, 'm4-1': 25.15, 'm5-1': 9.62, 'm6-1': 26.88, 'm7-1': 10.59, 'm8-1': 9.83}",2.54099999999994,209.02800000000002,inf,210.72199999999998,210.72199999999998,210.72199999999998
966,T8,BESTEFFORT,COMPLETED,m2-1,101.568,"{'m1-1': 106.16, 'm2-1': 1.03, 'm3-1': 10.69, 'm4-1': 23.69, 'm5-1': 10.28, 'm6-1': 28.42, 'm7-1': 10.85, 'm8-1': 10.89}",1.545,208.03300000000002,209.06300000000002,inf,211.56799999999998,211.56799999999998
967,T8,BESTEFFORT,COMPLETED,m2-1,102.013,"{'m1-1': 106.28, 'm2-1': 1.0, 'm3-1': 10.26, 'm4-1': 24.48, 'm5-1': 10.26, 'm6-1': 26.39, 'm7-1': 10.54, 'm8-1': 10.03}",1.5,209.06300000000002,210.06300000000002,inf,212.013,212.013
968,T4,BESTEFFORT,MISSED,m4-1,102.319,"{'m1-1': 104.27, 'm2-1': 1.14, 'm3-1': 11.29, 'm4-1': 26.72, 'm5-1': 10.92, 'm6-1': 26.46, 'm7-1': 10.57, 'm8-1': 10.56}",2.3955000000000553,210.72199999999998,inf,212.31900000000002,212.31900000000002,212.31900000000002
969,T3,BESTEFFORT,MISSED,m5-1,102.726,"{'m1-1': 97.61, 'm2-1': 1.12, 'm3-1': 10.31, 'm4-1': 28.83, 'm5-1': 11.46, 'm6-1': 24.92, 'm7-1': 11.3, 'm8-1': 10.81}",5.269500000000008,209.213,inf,212.726,212.726,212.726
970,T8,BESTEFFORT,MISSED,m6-1,102.821,"{'m1-1': 108.72, 'm2-1': 1.08, 'm3-1': 10.1, 'm4-1': 25.73, 'm5-1': 11.48, 'm6-1': 26.54, 'm7-1': 10.2, 'm8-1': 9.99}",4.9125000000000085,209.546,inf,212.821,212.821,212.821
971,T3,BESTEFFORT,MISSED,m7-1,102.917,"{'m1-1': 95.31, 'm2-1': 1.08, 'm3-1': 10.03, 'm4-1': 26.24, 'm5-1': 10.91, 'm6-1': 24.68, 'm7-1': 10.84, 'm8-1': 10.05}",5.010000000000005,209.577,inf,212.917,212.917,212.917
972,T2,BESTEFFORT,COMPLETED,m2-1,102.989,"{'m1-1': 101.37, 'm2-1': 1.09, 'm3-1': 11.47, 'm4-1': 25.54, 'm5-1': 9.93, 'm6-1': 27.55, 'm7-1': 11.61, 'm8-1': 10.87}",1.6350000000000002,210.06300000000002,211.15300000000002,inf,212.989,212.989
973,T6,BESTEFFORT,MISSED,m8-1,103.118,"{'m1-1': 105.97, 'm2-1': 1.12, 'm3-1': 10.37, 'm4-1': 26.45, 'm5-1': 10.97, 'm6-1': 27.15, 'm7-1': 11.32, 'm8-1': 10.5}",5.286000000000001,209.594,inf,213.118,213.118,213.118
974,T8,BESTEFFORT,MISSED,m1-1,103.192,"{'m1-1': 110.94, 'm2-1': 1.09, 'm3-1': 9.58, 'm4-1': 25.6, 'm5-1': 11.21, 'm6-1': 25.21, 'm7-1': 10.93, 'm8-1': 10.51}",5.334000000000017,209.636,inf,213.192,213.192,213.192
975,T4,BESTEFFORT,MISSED,m5-1,103.367,"{'m1-1': 101.87, 'm2-1': 1.05, 'm3-1': 11.4, 'm4-1': 28.07, 'm5-1': 9.89, 'm6-1': 26.07, 'm7-1': 10.95, 'm8-1': 10.08}",0.9615000000000293,212.726,inf,213.36700000000002,213.36700000000002,213.36700000000002
976,T3,BESTEFFORT,COMPLETED,m2-1,104.449,"{'m1-1': 110.54, 'm2-1': 1.09, 'm3-1': 10.43, 'm4-1': 25.29, 'm5-1': 11.27, 'm6-1': 26.71, 'm7-1': 10.71, 'm8-1': 10.66}",1.6350000000000002,211.15300000000002,212.24300000000002,inf,214.449,214.449
977,T6,BESTEFFORT,MISSED,m3-1,104.501,"{'m1-1': 106.27, 'm2-1': 0.99, 'm3-1': 10.56, 'm4-1': 29.48, 'm5-1': 10.4, 'm6-1': 24.34, 'm7-1': 10.5, 'm8-1': 10.53}",6.100500000000011,210.434,inf,214.501,214.501,214.501
978,T2,BESTEFFORT,COMPLETED,m2-1,105.612,"{'m1-1': 105.82, 'm2-1': 1.13, 'm3-1': 10.72, 'm4-1': 27.0, 'm5-1': 9.41, 'm6-1': 26.87, 'm7-1': 11.44, 'm8-1': 10.73}",1.6949999999999998,212.24300000000002,213.37300000000002,inf,215.612,215.612
979,T4,BESTEFFORT,COMPLETED,m2-1,105.809,"{'m1-1': 98.36, 'm2-1': 0.97, 'm3-1': 11.68, 'm4-1': 27.09, 'm5-1': 10.45, 'm6-1': 26.0, 'm7-1': 10.95, 'm8-1': 11.64}",1.455,213.37300000000002,214.34300000000002,inf,215.809,215.809
980,T4,BESTEFFORT,MISSED,m3-1,105.834,"{'m1-1': 111.35, 'm2-1': 1.06, 'm3-1': 11.13, 'm4-1': 25.09, 'm5-1': 10.83, 'm6-1': 24.72, 'm7-1': 9.58, 'm8-1': 10.84}",1.9994999999999976,214.501,inf,215.834,215.834,215.834
981,T4,BESTEFFORT,MISSED,m4-1,105.885,"{'m1-1': 101.64, 'm2-1': 1.0, 'm3-1': 11.3, 'm4-1': 25.89, 'm5-1': 11.3, 'm6-1': 26.54, 'm7-1': 10.37, 'm8-1': 10.57}",5.348999999999961,212.31900000000002,inf,215.885,215.885,215.885
982,T6,BESTEFFORT,MISSED,m5-1,105.92,"{'m1-1': 102.05, 'm2-1': 1.06, 'm3-1': 10.59, 'm4-1': 24.97, 'm5-1': 10.17, 'm6-1': 26.22, 'm7-1': 9.76, 'm8-1': 9.82}",3.829499999999996,213.36700000000002,inf,215.92000000000002,215.92000000000002,215.92000000000002
983,T4,BESTEFFORT,MISSED,m6-1,105.946,"{'m1-1': 111.81, 'm2-1': 0.99, 'm3-1': 10.9, 'm4-1': 25.2, 'm5-1': 10.02, 'm6-1': 25.87, 'm7-1': 10.32, 'm8-1': 11.7}",4.6875,212.821,inf,215.946,215.946,215.946
984,T2,BESTEFFORT,MISSED,m7-1,105.969,"{'m1-1': 102.55, 'm2-1': 1.05, 'm3-1': 10.53, 'm4-1': 28.39, 'm5-1': 9.82, 'm6-1': 27.17, 'm7-1': 11.46, 'm8-1': 10.89}",4.577999999999989,212.917,inf,215.969,215.969,215.969
985,T6,BESTEFFORT,MISSED,m8-1,106.336,"{'m1-1': 104.36, 'm2-1': 0.98, 'm3-1': 10.19, 'm4-1': 27.23, 'm5-1': 10.82, 'm6-1': 25.42, 'm7-1': 10.75, 'm8-1': 10.17}",4.827000000000027,213.118,inf,216.336,216.336,216.336
986,T2,BESTEFFORT,COMPLETED,m2-1,106.904,"{'m1-1': 117.23, 'm2-1': 1.09, 'm3-1': 11.17, 'm4-1': 25.86, 'm5-1': 11.09, 'm6-1': 24.06, 'm7-1': 10.69, 'm8-1': 10.07}",1.6350000000000002,214.34300000000002,215.43300000000002,inf,216.904,216.904
987,T4,BESTEFFORT,MISSED,m7-1,107.291,"{'m1-1': 97.85, 'm2-1': 0.98, 'm3-1': 10.66, 'm4-1': 27.36, 'm5-1': 10.66, 'm6-1': 25.34, 'm7-1': 10.2, 'm8-1': 11.79}",1.983000000000004,215.969,inf,217.291,217.291,217.291
988,T6,BESTEFFORT,COMPLETED,m2-1,107.923,"{'m1-1': 108.0, 'm2-1': 1.11, 'm3-1': 10.58, 'm4-1': 25.11, 'm5-1': 10.69, 'm6-1': 27.32, 'm7-1': 10.09, 'm8-1': 10.12}",1.665,215.43300000000002,216.54300000000003,inf,217.923,217.923
989,T2,BESTEFFORT,MISSED,m8-1,107.997,"{'m1-1': 103.87, 'm2-1': 1.1, 'm3-1': 11.17, 'm4-1': 26.74, 'm5-1': 10.9, 'm6-1': 24.87, 'm7-1': 11.3, 'm8-1': 9.69}",2.491500000000002,216.336,inf,217.997,217.997,217.997
990,T6,BESTEFFORT,COMPLETED,m2-1,108.42,"{'m1-1': 103.15, 'm2-1': 0.99, 'm3-1': 10.56, 'm4-1': 26.77, 'm5-1': 9.96, 'm6-1': 26.82, 'm7-1': 10.46, 'm8-1': 10.54}",1.4849999999999999,216.54300000000003,217.53300000000004,inf,218.42000000000002,218.42000000000002
991,T2,BESTEFFORT,MISSED,m6-1,108.444,"{'m1-1': 113.14, 'm2-1': 1.01, 'm3-1': 9.83, 'm4-1': 25.98, 'm5-1': 10.51, 'm6-1': 28.1, 'm7-1': 11.18, 'm8-1': 10.49}",3.7470000000000283,215.946,inf,218.44400000000002,218.44400000000002,218.44400000000002
992,T2,BESTEFFORT,MISSED,m1-1,108.647,"{'m1-1': 108.05, 'm2-1': 1.08, 'm3-1': 10.18, 'm4-1': 27.25, 'm5-1': 10.9, 'm6-1': 24.62, 'm7-1': 11.82, 'm8-1': 10.1}",8.182499999999976,213.192,inf,218.647,218.647,218.647
993,T6,BESTEFFORT,COMPLETED,m2-1,109.124,"{'m1-1': 101.07, 'm2-1': 1.12, 'm3-1': 10.18, 'm4-1': 25.34, 'm5-1': 9.62, 'm6-1': 26.98, 'm7-1': 10.46, 'm8-1': 9.29}",1.6800000000000002,217.53300000000004,218.65300000000005,inf,219.124,219.124
994,T4,BESTEFFORT,MISSED,m2-1,109.719,"{'m1-1': 113.1, 'm2-1': 1.1, 'm3-1': 10.54, 'm4-1': 24.6, 'm5-1': 10.85, 'm6-1': 26.07, 'm7-1': 10.66, 'm8-1': 10.35}",1.5989999999999185,218.65300000000005,inf,219.719,219.719,219.719
995,T4,BESTEFFORT,MISSED,m1-1,110.226,"{'m1-1': 100.02, 'm2-1': 1.14, 'm3-1': 11.74, 'm4-1': 28.43, 'm5-1': 11.3, 'm6-1': 26.72, 'm7-1': 9.92, 'm8-1': 10.88}",2.3685000000000116,218.647,inf,220.226,220.226,220.226
996,T4,BESTEFFORT,MISSED,m3-1,110.263,"{'m1-1': 114.83, 'm2-1': 1.0, 'm3-1': 10.06, 'm4-1': 24.44, 'm5-1': 9.61, 'm6-1': 25.5, 'm7-1': 9.42, 'm8-1': 10.8}",6.643500000000003,215.834,inf,220.263,220.263,220.263
997,T6,BESTEFFORT,MISSED,m1-1,110.689,"{'m1-1': 108.88, 'm2-1': 0.97, 'm3-1': 9.94, 'm4-1': 27.68, 'm5-1': 10.08, 'm6-1': 25.41, 'm7-1': 11.14, 'm8-1': 9.82}",0.6944999999999908,220.226,inf,220.689,220.689,220.689
998,T6,BESTEFFORT,COMPLETED,m2-1,116.798,"{'m1-1': 112.62, 'm2-1': 0.95, 'm3-1': 11.09, 'm4-1': 27.49, 'm5-1': 11.12, 'm6-1': 25.37, 'm7-1': 10.62, 'm8-1': 10.65}",1.4249999999999998,219.719,220.66899999999998,inf,226.798,226.798
999,T6,BESTEFFORT,MISSED,m1-1,118.04,"{'m1-1': 102.67, 'm2-1': 1.09, 'm3-1': 11.55, 'm4-1': 25.12, 'm5-1': 9.94, 'm6-1': 26.49, 'm7-1': 10.58, 'm8-1': 9.9}",11.026500000000041,220.689,inf,228.04000000000002,228.04000000000002,228.04000000000002
