id,type,urgency,status,assigned_machine,arrival_time,execution_time,energy_usage,start_time,completion_time,missed_time,deadline,extended_deadline
0,T2,BESTEFFORT,COMPLETED,m3-1,0.05,"{'m1-1': 103.24, 'm2-1': 103.42, 'm3-1': 1.1, 'm4-1': 25.69, 'm5-1': 164.55, 'm6-1': 26.4, 'm7-1': 95.62, 'm8-1': 24.75}",1.6500000000000001,0.05,1.1500000000000001,inf,110.05,110.05
1,T8,BESTEFFORT,COMPLETED,m3-1,0.103,"{'m1-1': 96.75, 'm2-1': 102.34, 'm3-1': 1.09, 'm4-1': 24.79, 'm5-1': 148.9, 'm6-1': 27.2, 'm7-1': 110.4, 'm8-1': 27.33}",1.6350000000000002,1.1500000000000001,2.24,inf,110.103,110.103
2,T1,BESTEFFORT,COMPLETED,m3-1,0.199,"{'m1-1': 95.07, 'm2-1': 113.1, 'm3-1': 1.12, 'm4-1': 23.74, 'm5-1': 158.66, 'm6-1': 26.91, 'm7-1': 108.76, 'm8-1': 28.88}",1.6800000000000002,2.24,3.3600000000000003,inf,110.199,110.199
3,T4,BESTEFFORT,COMPLETED,m3-1,0.205,"{'m1-1': 115.49, 'm2-1': 92.38, 'm3-1': 1.07, 'm4-1': 26.18, 'm5-1': 170.09, 'm6-1': 29.09, 'm7-1': 96.96, 'm8-1': 26.2}",1.605,3.3600000000000003,4.430000000000001,inf,110.205,110.205
4,T1,BESTEFFORT,COMPLETED,m8-1,0.218,"{'m1-1': 93.94, 'm2-1': 101.93, 'm3-1': 1.16, 'm4-1': 23.79, 'm5-1': 143.87, 'm6-1': 24.19, 'm7-1': 113.7, 'm8-1': 27.33}",40.995,0.218,27.548,inf,110.218,110.218
5,T3,BESTEFFORT,COMPLETED,m6-1,0.289,"{'m1-1': 105.84, 'm2-1': 94.19, 'm3-1': 0.95, 'm4-1': 26.27, 'm5-1': 144.63, 'm6-1': 27.26, 'm7-1': 108.6, 'm8-1': 25.8}",40.89,0.289,27.549000000000003,inf,110.289,110.289
6,T3,BESTEFFORT,COMPLETED,m4-1,0.336,"{'m1-1': 104.97, 'm2-1': 106.17, 'm3-1': 1.05, 'm4-1': 26.77, 'm5-1': 152.35, 'm6-1': 24.48, 'm7-1': 112.5, 'm8-1': 26.61}",40.155,0.336,27.105999999999998,inf,110.336,110.336
7,T2,BESTEFFORT,COMPLETED,m6-1,0.391,"{'m1-1': 108.43, 'm2-1': 112.19, 'm3-1': 0.98, 'm4-1': 24.93, 'm5-1': 149.19, 'm6-1': 25.9, 'm7-1': 95.39, 'm8-1': 24.7}",38.849999999999994,27.549000000000003,53.449,inf,110.391,110.391
8,T10,BESTEFFORT,COMPLETED,m8-1,0.43,"{'m1-1': 107.97, 'm2-1': 95.39, 'm3-1': 1.12, 'm4-1': 26.75, 'm5-1': 165.98, 'm6-1': 24.34, 'm7-1': 99.48, 'm8-1': 29.67}",44.505,27.548,57.218,inf,110.43,110.43
9,T4,BESTEFFORT,COMPLETED,m4-1,0.694,"{'m1-1': 110.4, 'm2-1': 108.36, 'm3-1': 1.08, 'm4-1': 25.72, 'm5-1': 156.82, 'm6-1': 26.88, 'm7-1': 106.34, 'm8-1': 26.64}",38.58,27.105999999999998,52.82599999999999,inf,110.694,110.694
10,T7,BESTEFFORT,COMPLETED,m6-1,0.791,"{'m1-1': 105.41, 'm2-1': 97.35, 'm3-1': 1.04, 'm4-1': 28.86, 'm5-1': 147.65, 'm6-1': 25.54, 'm7-1': 104.9, 'm8-1': 27.01}",38.31,53.449,78.989,inf,110.791,110.791
11,T1,BESTEFFORT,COMPLETED,m8-1,0.841,"{'m1-1': 109.16, 'm2-1': 105.41, 'm3-1': 1.11, 'm4-1': 25.16, 'm5-1': 168.9, 'm6-1': 25.83, 'm7-1': 109.74, 'm8-1': 27.62}",41.43,57.218,84.83800000000001,inf,110.841,110.841
12,T5,BESTEFFORT,COMPLETED,m4-1,0.947,"{'m1-1': 105.43, 'm2-1': 102.44, 'm3-1': 1.19, 'm4-1': 25.92, 'm5-1': 160.81, 'm6-1': 28.75, 'm7-1': 102.77, 'm8-1': 24.34}",38.88,52.82599999999999,78.746,inf,110.947,110.947
13,T9,BESTEFFORT,COMPLETED,m6-1,1.111,"{'m1-1': 97.8, 'm2-1': 103.51, 'm3-1': 1.03, 'm4-1': 24.21, 'm5-1': 168.1, 'm6-1': 24.73, 'm7-1': 98.58, 'm8-1': 27.15}",37.095,78.989,103.71900000000001,inf,111.111,111.111
14,T5,BESTEFFORT,COMPLETED,m7-1,1.132,"{'m1-1': 116.01, 'm2-1': 102.76, 'm3-1': 1.13, 'm4-1': 24.31, 'm5-1': 155.48, 'm6-1': 26.95, 'm7-1': 107.21, 'm8-1': 27.73}",160.815,1.132,108.342,inf,111.132,111.132
15,T8,BESTEFFORT,COMPLETED,m3-1,1.225,"{'m1-1': 105.49, 'm2-1': 95.78, 'm3-1': 1.16, 'm4-1': 24.25, 'm5-1': 169.8, 'm6-1': 25.4, 'm7-1': 106.68, 'm8-1': 24.86}",1.7399999999999998,4.430000000000001,5.590000000000001,inf,111.225,111.225
16,T3,BESTEFFORT,COMPLETED,m8-1,1.466,"{'m1-1': 108.38, 'm2-1': 107.58, 'm3-1': 0.99, 'm4-1': 26.06, 'm5-1': 155.09, 'm6-1': 24.73, 'm7-1': 102.12, 'm8-1': 25.38}",38.07,84.83800000000001,110.218,inf,111.466,111.466
17,T3,BESTEFFORT,COMPLETED,m2-1,1.51,"{'m1-1': 111.1, 'm2-1': 94.6, 'm3-1': 0.98, 'm4-1': 25.2, 'm5-1': 165.43, 'm6-1': 26.99, 'm7-1': 104.22, 'm8-1': 27.41}",141.89999999999998,1.51,96.11,inf,111.51,111.51
18,T3,BESTEFFORT,COMPLETED,m1-1,1.634,"{'m1-1': 102.16, 'm2-1': 106.08, 'm3-1': 1.11, 'm4-1': 27.44, 'm5-1': 151.2, 'm6-1': 25.82, 'm7-1': 104.22, 'm8-1': 27.24}",153.24,1.634,103.794,inf,111.634,111.634
19,T2,BESTEFFORT,COMPLETED,m4-1,1.668,"{'m1-1': 104.93, 'm2-1': 104.93, 'm3-1': 1.05, 'm4-1': 27.07, 'm5-1': 146.95, 'm6-1': 26.93, 'm7-1': 94.04, 'm8-1': 26.09}",40.605000000000004,78.746,105.816,inf,111.668,111.668
20,T2,BESTEFFORT,MISSED,m5-1,1.689,"{'m1-1': 99.72, 'm2-1': 106.92, 'm3-1': 1.01, 'm4-1': 27.13, 'm5-1': 142.68, 'm6-1': 27.65, 'm7-1': 109.48, 'm8-1': 25.94}",165.0,1.689,inf,111.689,111.689,111.689
21,T5,BESTEFFORT,MISSED,m1-1,1.705,"{'m1-1': 98.07, 'm2-1': 104.86, 'm3-1': 1.08, 'm4-1': 26.82, 'm5-1': 151.7, 'm6-1': 27.49, 'm7-1': 107.23, 'm8-1': 25.13}",11.866500000000002,103.794,inf,111.705,111.705,111.705
22,T2,BESTEFFORT,MISSED,m2-1,1.92,"{'m1-1': 112.51, 'm2-1': 108.07, 'm3-1': 1.11, 'm4-1': 25.3, 'm5-1': 160.53, 'm6-1': 24.48, 'm7-1': 100.95, 'm8-1': 23.66}",23.715000000000003,96.11,inf,111.92,111.92,111.92
23,T9,BESTEFFORT,MISSED,m7-1,1.961,"{'m1-1': 109.44, 'm2-1': 105.57, 'm3-1': 1.01, 'm4-1': 24.72, 'm5-1': 162.98, 'm6-1': 23.69, 'm7-1': 103.22, 'm8-1': 27.14}",5.4285,108.342,inf,111.961,111.961,111.961
24,T2,BESTEFFORT,MISSED,m7-1,1.972,"{'m1-1': 115.48, 'm2-1': 109.23, 'm3-1': 1.1, 'm4-1': 27.23, 'm5-1': 153.98, 'm6-1': 23.96, 'm7-1': 102.77, 'm8-1': 27.11}",0.01649999999999352,111.961,inf,111.972,111.972,111.972
25,T1,BESTEFFORT,MISSED,m1-1,2.131,"{'m1-1': 95.98, 'm2-1': 109.96, 'm3-1': 1.04, 'm4-1': 25.04, 'm5-1': 142.37, 'm6-1': 24.25, 'm7-1': 106.75, 'm8-1': 27.54}",0.6390000000000029,111.705,inf,112.131,112.131,112.131
26,T8,BESTEFFORT,COMPLETED,m3-1,2.277,"{'m1-1': 102.32, 'm2-1': 107.19, 'm3-1': 1.08, 'm4-1': 24.7, 'm5-1': 155.89, 'm6-1': 25.73, 'm7-1': 100.49, 'm8-1': 26.09}",1.62,5.590000000000001,6.670000000000001,inf,112.277,112.277
27,T9,BESTEFFORT,MISSED,m2-1,2.309,"{'m1-1': 109.13, 'm2-1': 101.76, 'm3-1': 1.04, 'm4-1': 25.09, 'm5-1': 171.66, 'm6-1': 23.64, 'm7-1': 108.46, 'm8-1': 24.34}",0.5834999999999937,111.92,inf,112.309,112.309,112.309
28,T2,BESTEFFORT,MISSED,m2-1,2.332,"{'m1-1': 99.95, 'm2-1': 109.09, 'm3-1': 1.13, 'm4-1': 23.6, 'm5-1': 163.08, 'm6-1': 24.6, 'm7-1': 103.94, 'm8-1': 27.47}",0.0344999999999942,112.309,inf,112.332,112.332,112.332
29,T4,BESTEFFORT,MISSED,m7-1,2.477,"{'m1-1': 108.46, 'm2-1': 94.55, 'm3-1': 1.01, 'm4-1': 27.39, 'm5-1': 168.33, 'm6-1': 25.62, 'm7-1': 100.51, 'm8-1': 24.1}",0.7575000000000145,111.972,inf,112.477,112.477,112.477
30,T3,BESTEFFORT,MISSED,m1-1,2.56,"{'m1-1': 114.37, 'm2-1': 97.24, 'm3-1': 1.1, 'm4-1': 28.34, 'm5-1': 160.97, 'm6-1': 24.0, 'm7-1': 110.25, 'm8-1': 25.37}",0.6435000000000031,112.131,inf,112.56,112.56,112.56
31,T1,BESTEFFORT,MISSED,m5-1,2.676,"{'m1-1': 104.0, 'm2-1': 106.76, 'm3-1': 1.04, 'm4-1': 23.87, 'm5-1': 168.17, 'm6-1': 25.32, 'm7-1': 103.36, 'm8-1': 24.93}",1.4805000000000135,111.689,inf,112.676,112.676,112.676
32,T4,BESTEFFORT,MISSED,m5-1,2.699,"{'m1-1': 109.04, 'm2-1': 109.46, 'm3-1': 1.01, 'm4-1': 25.93, 'm5-1': 165.87, 'm6-1': 24.87, 'm7-1': 105.7, 'm8-1': 27.11}",0.0344999999999942,112.676,inf,112.699,112.699,112.699
33,T3,BESTEFFORT,MISSED,m5-1,2.772,"{'m1-1': 102.24, 'm2-1': 105.5, 'm3-1': 1.08, 'm4-1': 25.79, 'm5-1': 157.01, 'm6-1': 25.5, 'm7-1': 97.31, 'm8-1': 25.65}",0.10950000000001125,112.699,inf,112.772,112.772,112.772
34,T8,BESTEFFORT,CANCELLED,,2.814,"{'m1-1': 99.64, 'm2-1': 107.83, 'm3-1': 1.12, 'm4-1': 25.44, 'm5-1': 157.56, 'm6-1': 25.74, 'm7-1': 110.16, 'm8-1': 24.34}",0.0,inf,inf,inf,112.814,112.814
35,T6,BESTEFFORT,COMPLETED,m3-1,2.825,"{'m1-1': 94.95, 'm2-1': 110.01, 'm3-1': 1.13, 'm4-1': 27.0, 'm5-1': 173.44, 'm6-1': 26.31, 'm7-1': 108.16, 'm8-1': 28.43}",1.6949999999999998,6.670000000000001,7.800000000000001,inf,112.825,112.825
36,T5,BESTEFFORT,CANCELLED,,3.172,"{'m1-1': 101.0, 'm2-1': 115.2, 'm3-1': 1.03, 'm4-1': 23.38, 'm5-1': 160.04, 'm6-1': 25.9, 'm7-1': 108.07, 'm8-1': 24.8}",0.0,inf,inf,inf,113.172,113.172
37,T6,BESTEFFORT,CANCELLED,,3.257,"{'m1-1': 98.23, 'm2-1': 114.07, 'm3-1': 1.04, 'm4-1': 25.5, 'm5-1': 154.34, 'm6-1': 28.45, 'm7-1': 94.9, 'm8-1': 26.12}",0.0,inf,inf,inf,113.257,113.257
38,T1,BESTEFFORT,CANCELLED,,3.341,"{'m1-1': 96.54, 'm2-1': 118.07, 'm3-1': 1.01, 'm4-1': 24.68, 'm5-1': 146.36, 'm6-1': 25.81, 'm7-1': 97.45, 'm8-1': 28.17}",0.0,inf,inf,inf,113.341,113.341
39,T1,BESTEFFORT,CANCELLED,,3.354,"{'m1-1': 105.87, 'm2-1': 112.52, 'm3-1': 1.09, 'm4-1': 24.47, 'm5-1': 143.96, 'm6-1': 23.71, 'm7-1': 107.16, 'm8-1': 24.77}",0.0,inf,inf,inf,113.354,113.354
40,T2,BESTEFFORT,CANCELLED,,3.422,"{'m1-1': 101.17, 'm2-1': 110.58, 'm3-1': 1.06, 'm4-1': 24.79, 'm5-1': 158.96, 'm6-1': 27.49, 'm7-1': 108.1, 'm8-1': 26.55}",0.0,inf,inf,inf,113.422,113.422
41,T5,BESTEFFORT,CANCELLED,,3.522,"{'m1-1': 110.98, 'm2-1': 104.69, 'm3-1': 1.0, 'm4-1': 24.73, 'm5-1': 153.43, 'm6-1': 28.78, 'm7-1': 104.27, 'm8-1': 24.27}",0.0,inf,inf,inf,113.522,113.522
42,T10,BESTEFFORT,CANCELLED,,3.547,"{'m1-1': 107.23, 'm2-1': 102.33, 'm3-1': 1.08, 'm4-1': 26.3, 'm5-1': 154.36, 'm6-1': 25.01, 'm7-1': 112.72, 'm8-1': 28.46}",0.0,inf,inf,inf,113.547,113.547
43,T10,BESTEFFORT,CANCELLED,,3.656,"{'m1-1': 99.26, 'm2-1': 95.6, 'm3-1': 1.07, 'm4-1': 25.45, 'm5-1': 170.02, 'm6-1': 25.84, 'm7-1': 109.95, 'm8-1': 25.93}",0.0,inf,inf,inf,113.656,113.656
44,T5,BESTEFFORT,CANCELLED,,3.683,"{'m1-1': 98.13, 'm2-1': 112.58, 'm3-1': 1.13, 'm4-1': 26.16, 'm5-1': 146.54, 'm6-1': 26.44, 'm7-1': 99.33, 'm8-1': 25.41}",0.0,inf,inf,inf,113.68299999999999,113.68299999999999
45,T5,BESTEFFORT,COMPLETED,m3-1,3.706,"{'m1-1': 103.88, 'm2-1': 118.98, 'm3-1': 1.14, 'm4-1': 23.88, 'm5-1': 157.44, 'm6-1': 25.7, 'm7-1': 100.42, 'm8-1': 26.6}",1.71,7.800000000000001,8.940000000000001,inf,113.706,113.706
46,T6,BESTEFFORT,CANCELLED,,3.743,"{'m1-1': 108.54, 'm2-1': 105.38, 'm3-1': 0.98, 'm4-1': 25.96, 'm5-1': 153.7, 'm6-1': 26.96, 'm7-1': 101.76, 'm8-1': 24.31}",0.0,inf,inf,inf,113.743,113.743
47,T2,BESTEFFORT,CANCELLED,,3.791,"{'m1-1': 102.38, 'm2-1': 104.58, 'm3-1': 1.12, 'm4-1': 23.49, 'm5-1': 165.46, 'm6-1': 23.8, 'm7-1': 97.39, 'm8-1': 23.93}",0.0,inf,inf,inf,113.791,113.791
48,T6,BESTEFFORT,CANCELLED,,3.843,"{'m1-1': 104.45, 'm2-1': 109.27, 'm3-1': 1.03, 'm4-1': 25.74, 'm5-1': 159.01, 'm6-1': 28.11, 'm7-1': 107.57, 'm8-1': 24.24}",0.0,inf,inf,inf,113.843,113.843
49,T3,BESTEFFORT,MISSED,m2-1,3.876,"{'m1-1': 115.16, 'm2-1': 95.23, 'm3-1': 1.05, 'm4-1': 27.3, 'm5-1': 146.38, 'm6-1': 27.18, 'm7-1': 111.73, 'm8-1': 23.96}",0.0,169.154,inf,169.154,113.876,113.876
50,T9,BESTEFFORT,COMPLETED,m3-1,3.983,"{'m1-1': 104.67, 'm2-1': 102.0, 'm3-1': 1.06, 'm4-1': 27.77, 'm5-1': 158.48, 'm6-1': 25.25, 'm7-1': 96.51, 'm8-1': 24.0}",1.59,9.98,11.040000000000001,inf,113.983,113.983
51,T1,BESTEFFORT,CANCELLED,,4.022,"{'m1-1': 95.34, 'm2-1': 117.17, 'm3-1': 1.04, 'm4-1': 23.45, 'm5-1': 166.19, 'm6-1': 24.46, 'm7-1': 106.08, 'm8-1': 24.82}",0.0,inf,inf,inf,114.022,114.022
52,T6,BESTEFFORT,CANCELLED,,4.1,"{'m1-1': 105.17, 'm2-1': 101.94, 'm3-1': 1.1, 'm4-1': 25.64, 'm5-1': 161.44, 'm6-1': 26.13, 'm7-1': 108.27, 'm8-1': 25.76}",0.0,inf,inf,inf,114.1,114.1
53,T7,BESTEFFORT,CANCELLED,,4.124,"{'m1-1': 102.31, 'm2-1': 104.67, 'm3-1': 1.03, 'm4-1': 25.36, 'm5-1': 145.69, 'm6-1': 24.0, 'm7-1': 93.83, 'm8-1': 28.23}",0.0,inf,inf,inf,114.124,114.124
54,T7,BESTEFFORT,MISSED,m5-1,4.19,"{'m1-1': 112.22, 'm2-1': 104.44, 'm3-1': 1.17, 'm4-1': 27.82, 'm5-1': 160.56, 'm6-1': 24.68, 'm7-1': 96.1, 'm8-1': 24.59}",0.0,181.631,inf,181.631,114.19,114.19
55,T8,BESTEFFORT,CANCELLED,,4.234,"{'m1-1': 106.45, 'm2-1': 98.69, 'm3-1': 1.1, 'm4-1': 27.01, 'm5-1': 167.04, 'm6-1': 27.58, 'm7-1': 98.14, 'm8-1': 26.76}",0.0,inf,inf,inf,114.234,114.234
56,T5,BESTEFFORT,CANCELLED,,4.251,"{'m1-1': 114.77, 'm2-1': 108.34, 'm3-1': 1.16, 'm4-1': 25.46, 'm5-1': 162.67, 'm6-1': 27.09, 'm7-1': 103.56, 'm8-1': 24.53}",0.0,inf,inf,inf,114.251,114.251
57,T9,BESTEFFORT,CANCELLED,,4.42,"{'m1-1': 106.76, 'm2-1': 103.61, 'm3-1': 0.94, 'm4-1': 26.73, 'm5-1': 146.88, 'm6-1': 26.15, 'm7-1': 104.57, 'm8-1': 25.07}",0.0,inf,inf,inf,114.42,114.42
58,T5,BESTEFFORT,CANCELLED,,4.524,"{'m1-1': 101.0, 'm2-1': 101.02, 'm3-1': 1.06, 'm4-1': 25.6, 'm5-1': 157.24, 'm6-1': 25.96, 'm7-1': 96.44, 'm8-1': 23.74}",0.0,inf,inf,inf,114.524,114.524
59,T2,BESTEFFORT,COMPLETED,m3-1,4.667,"{'m1-1': 98.89, 'm2-1': 96.88, 'm3-1': 1.04, 'm4-1': 25.82, 'm5-1': 152.9, 'm6-1': 23.71, 'm7-1': 105.5, 'm8-1': 23.78}",1.56,8.940000000000001,9.98,inf,114.667,114.667
60,T7,BESTEFFORT,CANCELLED,,4.674,"{'m1-1': 103.32, 'm2-1': 113.22, 'm3-1': 1.09, 'm4-1': 26.29, 'm5-1': 146.14, 'm6-1': 24.78, 'm7-1': 105.78, 'm8-1': 28.55}",0.0,inf,inf,inf,114.674,114.674
61,T8,BESTEFFORT,CANCELLED,,4.697,"{'m1-1': 108.05, 'm2-1': 103.76, 'm3-1': 1.09, 'm4-1': 26.69, 'm5-1': 161.54, 'm6-1': 28.1, 'm7-1': 99.99, 'm8-1': 24.75}",0.0,inf,inf,inf,114.697,114.697
62,T2,BESTEFFORT,CANCELLED,,4.739,"{'m1-1': 112.35, 'm2-1': 106.35, 'm3-1': 1.05, 'm4-1': 25.16, 'm5-1': 151.06, 'm6-1': 25.44, 'm7-1': 99.32, 'm8-1': 24.18}",0.0,inf,inf,inf,114.739,114.739
63,T5,BESTEFFORT,CANCELLED,,4.936,"{'m1-1': 107.92, 'm2-1': 106.6, 'm3-1': 1.02, 'm4-1': 22.95, 'm5-1': 151.86, 'm6-1': 25.3, 'm7-1': 104.53, 'm8-1': 27.16}",0.0,inf,inf,inf,114.936,114.936
64,T6,BESTEFFORT,CANCELLED,,5.058,"{'m1-1': 109.99, 'm2-1': 113.08, 'm3-1': 0.99, 'm4-1': 26.37, 'm5-1': 170.78, 'm6-1': 26.75, 'm7-1': 102.63, 'm8-1': 24.81}",0.0,inf,inf,inf,115.05799999999999,115.05799999999999
65,T4,BESTEFFORT,CANCELLED,,5.182,"{'m1-1': 115.6, 'm2-1': 94.82, 'm3-1': 1.02, 'm4-1': 28.1, 'm5-1': 153.41, 'm6-1': 28.49, 'm7-1': 100.53, 'm8-1': 26.84}",0.0,inf,inf,inf,115.182,115.182
66,T8,BESTEFFORT,CANCELLED,,5.744,"{'m1-1': 108.01, 'm2-1': 108.72, 'm3-1': 1.05, 'm4-1': 24.88, 'm5-1': 154.71, 'm6-1': 24.87, 'm7-1': 112.58, 'm8-1': 24.62}",0.0,inf,inf,inf,115.744,115.744
67,T3,BESTEFFORT,CANCELLED,,6.37,"{'m1-1': 107.77, 'm2-1': 99.6, 'm3-1': 1.08, 'm4-1': 25.29, 'm5-1': 149.05, 'm6-1': 25.15, 'm7-1': 111.73, 'm8-1': 25.21}",0.0,inf,inf,inf,116.37,116.37
68,T4,BESTEFFORT,CANCELLED,,6.735,"{'m1-1': 104.08, 'm2-1': 102.53, 'm3-1': 1.04, 'm4-1': 28.16, 'm5-1': 170.64, 'm6-1': 27.27, 'm7-1': 96.21, 'm8-1': 25.97}",0.0,inf,inf,inf,116.735,116.735
69,T2,BESTEFFORT,CANCELLED,,6.759,"{'m1-1': 113.46, 'm2-1': 95.95, 'm3-1': 0.98, 'm4-1': 23.54, 'm5-1': 161.52, 'm6-1': 25.04, 'm7-1': 94.51, 'm8-1': 25.89}",0.0,inf,inf,inf,116.759,116.759
70,T1,BESTEFFORT,CANCELLED,,6.866,"{'m1-1': 100.51, 'm2-1': 105.07, 'm3-1': 1.11, 'm4-1': 25.97, 'm5-1': 152.67, 'm6-1': 25.94, 'm7-1': 102.2, 'm8-1': 26.82}",0.0,inf,inf,inf,116.866,116.866
71,T2,BESTEFFORT,CANCELLED,,6.902,"{'m1-1': 110.82, 'm2-1': 97.1, 'm3-1': 1.08, 'm4-1': 25.56, 'm5-1': 156.16, 'm6-1': 24.61, 'm7-1': 104.18, 'm8-1': 23.18}",0.0,inf,inf,inf,116.902,116.902
72,T3,BESTEFFORT,COMPLETED,m3-1,6.913,"{'m1-1': 99.78, 'm2-1': 104.13, 'm3-1': 0.99, 'm4-1': 27.1, 'm5-1': 163.76, 'm6-1': 24.33, 'm7-1': 105.96, 'm8-1': 24.71}",1.4849999999999999,11.040000000000001,12.030000000000001,inf,116.913,116.913
73,T10,BESTEFFORT,CANCELLED,,7.072,"{'m1-1': 104.74, 'm2-1': 93.5, 'm3-1': 1.04, 'm4-1': 24.02, 'm5-1': 162.17, 'm6-1': 25.4, 'm7-1': 110.12, 'm8-1': 27.17}",0.0,inf,inf,inf,117.072,117.072
74,T2,BESTEFFORT,CANCELLED,,7.099,"{'m1-1': 105.11, 'm2-1': 96.73, 'm3-1': 1.02, 'm4-1': 24.25, 'm5-1': 157.34, 'm6-1': 27.32, 'm7-1': 99.9, 'm8-1': 26.32}",0.0,inf,inf,inf,117.099,117.099
75,T3,BESTEFFORT,CANCELLED,,7.317,"{'m1-1': 110.74, 'm2-1': 97.89, 'm3-1': 1.01, 'm4-1': 25.77, 'm5-1': 151.06, 'm6-1': 24.62, 'm7-1': 109.28, 'm8-1': 23.94}",0.0,inf,inf,inf,117.31700000000001,117.31700000000001
76,T10,BESTEFFORT,CANCELLED,,7.404,"{'m1-1': 110.59, 'm2-1': 102.72, 'm3-1': 1.02, 'm4-1': 25.78, 'm5-1': 151.68, 'm6-1': 27.59, 'm7-1': 112.04, 'm8-1': 28.96}",0.0,inf,inf,inf,117.404,117.404
77,T6,BESTEFFORT,COMPLETED,m3-1,7.633,"{'m1-1': 108.86, 'm2-1': 112.02, 'm3-1': 1.15, 'm4-1': 25.99, 'm5-1': 158.68, 'm6-1': 27.84, 'm7-1': 103.03, 'm8-1': 27.39}",1.7249999999999999,37.94,39.089999999999996,inf,117.633,117.633
78,T3,BESTEFFORT,COMPLETED,m3-1,7.649,"{'m1-1': 113.84, 'm2-1': 108.12, 'm3-1': 0.98, 'm4-1': 26.38, 'm5-1': 165.08, 'm6-1': 23.4, 'm7-1': 110.99, 'm8-1': 23.9}",1.47,12.030000000000001,13.010000000000002,inf,117.649,117.649
79,T2,BESTEFFORT,CANCELLED,,7.784,"{'m1-1': 103.46, 'm2-1': 102.91, 'm3-1': 1.12, 'm4-1': 24.99, 'm5-1': 159.34, 'm6-1': 25.12, 'm7-1': 101.16, 'm8-1': 27.05}",0.0,inf,inf,inf,117.784,117.784
80,T3,BESTEFFORT,COMPLETED,m3-1,7.856,"{'m1-1': 110.24, 'm2-1': 93.63, 'm3-1': 0.99, 'm4-1': 25.85, 'm5-1': 158.5, 'm6-1': 24.73, 'm7-1': 109.13, 'm8-1': 25.9}",1.4849999999999999,16.220000000000002,17.21,inf,117.856,117.856
81,T4,BESTEFFORT,CANCELLED,,8.017,"{'m1-1': 115.43, 'm2-1': 101.13, 'm3-1': 1.17, 'm4-1': 26.62, 'm5-1': 168.17, 'm6-1': 25.18, 'm7-1': 97.45, 'm8-1': 25.71}",0.0,inf,inf,inf,118.017,118.017
82,T10,BESTEFFORT,COMPLETED,m3-1,8.106,"{'m1-1': 116.01, 'm2-1': 103.91, 'm3-1': 1.07, 'm4-1': 24.4, 'm5-1': 167.37, 'm6-1': 24.2, 'm7-1': 107.37, 'm8-1': 27.5}",1.605,13.010000000000002,14.080000000000002,inf,118.106,118.106
83,T7,BESTEFFORT,MISSED,m5-1,8.116,"{'m1-1': 99.17, 'm2-1': 112.1, 'm3-1': 1.15, 'm4-1': 27.92, 'm5-1': 153.1, 'm6-1': 24.15, 'm7-1': 95.18, 'm8-1': 26.06}",0.0,181.631,inf,181.631,118.116,118.116
84,T3,BESTEFFORT,CANCELLED,,8.237,"{'m1-1': 109.67, 'm2-1': 100.09, 'm3-1': 1.1, 'm4-1': 26.1, 'm5-1': 147.23, 'm6-1': 24.57, 'm7-1': 108.56, 'm8-1': 26.58}",0.0,inf,inf,inf,118.237,118.237
85,T7,BESTEFFORT,CANCELLED,,8.245,"{'m1-1': 99.04, 'm2-1': 101.69, 'm3-1': 1.0, 'm4-1': 28.96, 'm5-1': 157.67, 'm6-1': 26.16, 'm7-1': 103.9, 'm8-1': 29.21}",0.0,inf,inf,inf,118.245,118.245
86,T10,BESTEFFORT,CANCELLED,,8.36,"{'m1-1': 102.79, 'm2-1': 104.23, 'm3-1': 0.95, 'm4-1': 25.3, 'm5-1': 170.99, 'm6-1': 27.56, 'm7-1': 98.36, 'm8-1': 29.39}",0.0,inf,inf,inf,118.36,118.36
87,T10,BESTEFFORT,CANCELLED,,8.564,"{'m1-1': 115.65, 'm2-1': 100.13, 'm3-1': 1.02, 'm4-1': 23.97, 'm5-1': 167.55, 'm6-1': 28.1, 'm7-1': 99.76, 'm8-1': 25.45}",0.0,inf,inf,inf,118.564,118.564
88,T10,BESTEFFORT,CANCELLED,,8.649,"{'m1-1': 105.85, 'm2-1': 105.08, 'm3-1': 1.11, 'm4-1': 23.31, 'm5-1': 153.32, 'm6-1': 25.95, 'm7-1': 106.88, 'm8-1': 26.21}",0.0,inf,inf,inf,118.649,118.649
89,T1,BESTEFFORT,CANCELLED,,8.768,"{'m1-1': 104.63, 'm2-1': 106.58, 'm3-1': 1.06, 'm4-1': 26.94, 'm5-1': 162.62, 'm6-1': 26.44, 'm7-1': 100.84, 'm8-1': 24.51}",0.0,inf,inf,inf,118.768,118.768
90,T3,BESTEFFORT,COMPLETED,m3-1,8.893,"{'m1-1': 111.72, 'm2-1': 94.89, 'm3-1': 1.0, 'm4-1': 28.86, 'm5-1': 160.72, 'm6-1': 23.74, 'm7-1': 97.36, 'm8-1': 23.91}",1.5,49.5,50.5,inf,118.893,118.893
91,T3,BESTEFFORT,CANCELLED,,8.965,"{'m1-1': 112.42, 'm2-1': 97.36, 'm3-1': 1.01, 'm4-1': 28.06, 'm5-1': 153.71, 'm6-1': 26.05, 'm7-1': 102.52, 'm8-1': 26.79}",0.0,inf,inf,inf,118.965,118.965
92,T10,BESTEFFORT,COMPLETED,m3-1,8.991,"{'m1-1': 104.92, 'm2-1': 99.1, 'm3-1': 1.06, 'm4-1': 23.25, 'm5-1': 152.69, 'm6-1': 26.34, 'm7-1': 115.77, 'm8-1': 29.17}",1.59,14.080000000000002,15.140000000000002,inf,118.991,118.991
93,T9,BESTEFFORT,COMPLETED,m3-1,9.137,"{'m1-1': 98.56, 'm2-1': 108.23, 'm3-1': 1.08, 'm4-1': 28.37, 'm5-1': 172.63, 'm6-1': 26.53, 'm7-1': 92.94, 'm8-1': 26.73}",1.62,17.21,18.29,inf,119.137,119.137
94,T7,BESTEFFORT,CANCELLED,,9.307,"{'m1-1': 95.48, 'm2-1': 114.74, 'm3-1': 1.14, 'm4-1': 25.61, 'm5-1': 141.98, 'm6-1': 23.23, 'm7-1': 103.94, 'm8-1': 26.3}",0.0,inf,inf,inf,119.307,119.307
95,T5,BESTEFFORT,CANCELLED,,9.615,"{'m1-1': 101.92, 'm2-1': 116.12, 'm3-1': 1.18, 'm4-1': 25.65, 'm5-1': 152.52, 'm6-1': 24.31, 'm7-1': 102.92, 'm8-1': 26.18}",0.0,inf,inf,inf,119.615,119.615
96,T10,BESTEFFORT,CANCELLED,,9.724,"{'m1-1': 99.31, 'm2-1': 99.68, 'm3-1': 1.02, 'm4-1': 23.64, 'm5-1': 165.28, 'm6-1': 24.3, 'm7-1': 107.51, 'm8-1': 25.47}",0.0,inf,inf,inf,119.724,119.724
97,T2,BESTEFFORT,COMPLETED,m3-1,9.777,"{'m1-1': 102.6, 'm2-1': 97.63, 'm3-1': 1.09, 'm4-1': 23.39, 'm5-1': 141.77, 'm6-1': 25.75, 'm7-1': 109.24, 'm8-1': 25.2}",1.6350000000000002,18.29,19.38,inf,119.777,119.777
98,T10,BESTEFFORT,CANCELLED,,9.851,"{'m1-1': 106.78, 'm2-1': 97.78, 'm3-1': 1.05, 'm4-1': 24.09, 'm5-1': 170.67, 'm6-1': 26.89, 'm7-1': 115.32, 'm8-1': 27.57}",0.0,inf,inf,inf,119.851,119.851
99,T5,BESTEFFORT,CANCELLED,,9.886,"{'m1-1': 98.32, 'm2-1': 107.74, 'm3-1': 1.12, 'm4-1': 26.76, 'm5-1': 158.35, 'm6-1': 26.37, 'm7-1': 111.67, 'm8-1': 23.32}",0.0,inf,inf,inf,119.886,119.886
100,T5,BESTEFFORT,CANCELLED,,9.971,"{'m1-1': 108.05, 'm2-1': 101.59, 'm3-1': 1.1, 'm4-1': 24.85, 'm5-1': 158.62, 'm6-1': 26.78, 'm7-1': 111.39, 'm8-1': 24.68}",0.0,inf,inf,inf,119.971,119.971
101,T1,BESTEFFORT,CANCELLED,,10.078,"{'m1-1': 107.94, 'm2-1': 105.67, 'm3-1': 1.0, 'm4-1': 23.77, 'm5-1': 146.92, 'm6-1': 23.9, 'm7-1': 97.9, 'm8-1': 27.1}",0.0,inf,inf,inf,120.078,120.078
102,T3,BESTEFFORT,CANCELLED,,10.186,"{'m1-1': 102.31, 'm2-1': 95.4, 'm3-1': 1.0, 'm4-1': 28.2, 'm5-1': 145.57, 'm6-1': 26.46, 'm7-1': 112.12, 'm8-1': 26.74}",0.0,inf,inf,inf,120.186,120.186
103,T1,BESTEFFORT,CANCELLED,,10.193,"{'m1-1': 104.96, 'm2-1': 117.17, 'm3-1': 1.06, 'm4-1': 26.2, 'm5-1': 153.89, 'm6-1': 25.26, 'm7-1': 113.48, 'm8-1': 25.82}",0.0,inf,inf,inf,120.193,120.193
104,T3,BESTEFFORT,COMPLETED,m3-1,10.564,"{'m1-1': 105.35, 'm2-1': 107.83, 'm3-1': 0.97, 'm4-1': 27.02, 'm5-1': 151.87, 'm6-1': 27.11, 'm7-1': 112.82, 'm8-1': 26.03}",1.455,27.580000000000002,28.55,inf,120.564,120.564
105,T6,BESTEFFORT,CANCELLED,,10.59,"{'m1-1': 107.36, 'm2-1': 105.51, 'm3-1': 1.14, 'm4-1': 27.7, 'm5-1': 173.44, 'm6-1': 24.69, 'm7-1': 97.87, 'm8-1': 28.4}",0.0,inf,inf,inf,120.59,120.59
106,T7,BESTEFFORT,CANCELLED,,10.645,"{'m1-1': 101.3, 'm2-1': 105.59, 'm3-1': 0.99, 'm4-1': 28.52, 'm5-1': 146.95, 'm6-1': 26.02, 'm7-1': 107.67, 'm8-1': 25.81}",0.0,inf,inf,inf,120.645,120.645
107,T5,BESTEFFORT,CANCELLED,,11.078,"{'m1-1': 106.02, 'm2-1': 119.02, 'm3-1': 1.03, 'm4-1': 25.44, 'm5-1': 145.2, 'm6-1': 26.7, 'm7-1': 101.13, 'm8-1': 27.51}",0.0,inf,inf,inf,121.078,121.078
108,T2,BESTEFFORT,CANCELLED,,11.199,"{'m1-1': 106.24, 'm2-1': 98.68, 'm3-1': 0.96, 'm4-1': 23.69, 'm5-1': 149.79, 'm6-1': 24.71, 'm7-1': 110.89, 'm8-1': 25.29}",0.0,inf,inf,inf,121.199,121.199
109,T10,BESTEFFORT,COMPLETED,m3-1,11.205,"{'m1-1': 105.18, 'm2-1': 109.12, 'm3-1': 1.08, 'm4-1': 25.04, 'm5-1': 151.17, 'm6-1': 27.04, 'm7-1': 103.44, 'm8-1': 28.73}",1.62,15.140000000000002,16.220000000000002,inf,121.205,121.205
110,T9,BESTEFFORT,CANCELLED,,11.3,"{'m1-1': 97.36, 'm2-1': 101.57, 'm3-1': 1.11, 'm4-1': 25.14, 'm5-1': 158.99, 'm6-1': 25.11, 'm7-1': 108.66, 'm8-1': 27.16}",0.0,inf,inf,inf,121.3,121.3
111,T8,BESTEFFORT,COMPLETED,m3-1,11.433,"{'m1-1': 100.2, 'm2-1': 107.3, 'm3-1': 1.01, 'm4-1': 26.89, 'm5-1': 157.11, 'm6-1': 25.96, 'm7-1': 110.4, 'm8-1': 24.98}",1.5150000000000001,55.800000000000004,56.81,inf,121.43299999999999,121.43299999999999
112,T7,BESTEFFORT,CANCELLED,,11.57,"{'m1-1': 104.57, 'm2-1': 105.67, 'm3-1': 1.06, 'm4-1': 27.15, 'm5-1': 163.02, 'm6-1': 23.61, 'm7-1': 96.91, 'm8-1': 24.68}",0.0,inf,inf,inf,121.57,121.57
113,T7,BESTEFFORT,MISSED,m6-1,11.662,"{'m1-1': 103.28, 'm2-1': 101.9, 'm3-1': 1.04, 'm4-1': 28.09, 'm5-1': 142.63, 'm6-1': 24.56, 'm7-1': 102.73, 'm8-1': 27.54}",26.914499999999997,103.71900000000001,inf,121.662,121.662,121.662
114,T6,BESTEFFORT,CANCELLED,,11.847,"{'m1-1': 100.55, 'm2-1': 113.72, 'm3-1': 1.12, 'm4-1': 26.56, 'm5-1': 152.96, 'm6-1': 27.29, 'm7-1': 106.78, 'm8-1': 26.87}",0.0,inf,inf,inf,121.847,121.847
115,T9,BESTEFFORT,CANCELLED,,11.927,"{'m1-1': 100.1, 'm2-1': 116.92, 'm3-1': 1.1, 'm4-1': 25.31, 'm5-1': 153.15, 'm6-1': 27.35, 'm7-1': 105.34, 'm8-1': 28.02}",0.0,inf,inf,inf,121.92699999999999,121.92699999999999
116,T3,BESTEFFORT,CANCELLED,,11.931,"{'m1-1': 100.55, 'm2-1': 105.3, 'm3-1': 1.07, 'm4-1': 28.48, 'm5-1': 147.06, 'm6-1': 25.06, 'm7-1': 106.55, 'm8-1': 24.75}",0.0,inf,inf,inf,121.931,121.931
117,T9,BESTEFFORT,CANCELLED,,12.006,"{'m1-1': 99.38, 'm2-1': 114.38, 'm3-1': 0.98, 'm4-1': 24.17, 'm5-1': 150.87, 'm6-1': 25.57, 'm7-1': 106.1, 'm8-1': 27.02}",0.0,inf,inf,inf,122.006,122.006
118,T5,BESTEFFORT,CANCELLED,,12.049,"{'m1-1': 110.82, 'm2-1': 113.79, 'm3-1': 1.15, 'm4-1': 23.77, 'm5-1': 165.21, 'm6-1': 26.6, 'm7-1': 107.22, 'm8-1': 27.41}",0.0,inf,inf,inf,122.049,122.049
119,T6,BESTEFFORT,COMPLETED,m3-1,12.082,"{'m1-1': 106.03, 'm2-1': 106.68, 'm3-1': 1.13, 'm4-1': 25.13, 'm5-1': 165.72, 'm6-1': 27.84, 'm7-1': 98.91, 'm8-1': 26.06}",1.6949999999999998,56.81,57.940000000000005,inf,122.082,122.082
120,T7,BESTEFFORT,CANCELLED,,12.104,"{'m1-1': 106.49, 'm2-1': 103.3, 'm3-1': 1.14, 'm4-1': 24.92, 'm5-1': 155.1, 'm6-1': 26.14, 'm7-1': 108.96, 'm8-1': 25.44}",0.0,inf,inf,inf,122.104,122.104
121,T5,BESTEFFORT,MISSED,m4-1,12.37,"{'m1-1': 106.83, 'm2-1': 111.09, 'm3-1': 1.17, 'm4-1': 26.38, 'm5-1': 154.9, 'm6-1': 27.34, 'm7-1': 104.97, 'm8-1': 24.29}",24.831000000000003,105.816,inf,122.37,122.37,122.37
122,T1,BESTEFFORT,CANCELLED,,12.436,"{'m1-1': 95.2, 'm2-1': 104.88, 'm3-1': 1.09, 'm4-1': 23.63, 'm5-1': 156.7, 'm6-1': 26.73, 'm7-1': 108.4, 'm8-1': 25.66}",0.0,inf,inf,inf,122.436,122.436
123,T3,BESTEFFORT,CANCELLED,,12.439,"{'m1-1': 117.16, 'm2-1': 108.4, 'm3-1': 1.0, 'm4-1': 27.34, 'm5-1': 147.68, 'm6-1': 27.52, 'm7-1': 104.62, 'm8-1': 25.99}",0.0,inf,inf,inf,122.439,122.439
124,T7,BESTEFFORT,CANCELLED,,12.62,"{'m1-1': 98.87, 'm2-1': 107.82, 'm3-1': 1.06, 'm4-1': 28.49, 'm5-1': 153.19, 'm6-1': 24.94, 'm7-1': 103.74, 'm8-1': 26.55}",0.0,inf,inf,inf,122.62,122.62
125,T6,BESTEFFORT,CANCELLED,,12.849,"{'m1-1': 94.84, 'm2-1': 115.25, 'm3-1': 1.05, 'm4-1': 24.6, 'm5-1': 153.0, 'm6-1': 26.8, 'm7-1': 98.83, 'm8-1': 25.91}",0.0,inf,inf,inf,122.849,122.849
126,T5,BESTEFFORT,CANCELLED,,12.998,"{'m1-1': 116.12, 'm2-1': 104.13, 'm3-1': 1.1, 'm4-1': 25.76, 'm5-1': 163.97, 'm6-1': 28.39, 'm7-1': 103.56, 'm8-1': 27.32}",0.0,inf,inf,inf,122.998,122.998
127,T6,BESTEFFORT,CANCELLED,,13.081,"{'m1-1': 99.05, 'm2-1': 101.69, 'm3-1': 1.12, 'm4-1': 24.83, 'm5-1': 150.04, 'm6-1': 24.39, 'm7-1': 99.41, 'm8-1': 25.2}",0.0,inf,inf,inf,123.081,123.081
128,T5,BESTEFFORT,CANCELLED,,13.124,"{'m1-1': 104.52, 'm2-1': 116.07, 'm3-1': 1.06, 'm4-1': 23.65, 'm5-1': 161.34, 'm6-1': 26.36, 'm7-1': 99.58, 'm8-1': 26.77}",0.0,inf,inf,inf,123.124,123.124
129,T5,BESTEFFORT,CANCELLED,,13.2,"{'m1-1': 104.28, 'm2-1': 119.02, 'm3-1': 1.1, 'm4-1': 24.18, 'm5-1': 158.72, 'm6-1': 28.8, 'm7-1': 96.25, 'm8-1': 24.6}",0.0,inf,inf,inf,123.2,123.2
130,T3,BESTEFFORT,CANCELLED,,13.376,"{'m1-1': 102.67, 'm2-1': 94.23, 'm3-1': 1.05, 'm4-1': 25.57, 'm5-1': 165.38, 'm6-1': 26.32, 'm7-1': 115.21, 'm8-1': 27.4}",0.0,inf,inf,inf,123.376,123.376
131,T4,BESTEFFORT,CANCELLED,,13.465,"{'m1-1': 115.2, 'm2-1': 98.61, 'm3-1': 1.11, 'm4-1': 27.72, 'm5-1': 174.2, 'm6-1': 28.54, 'm7-1': 105.91, 'm8-1': 24.01}",0.0,inf,inf,inf,123.465,123.465
132,T7,BESTEFFORT,CANCELLED,,13.527,"{'m1-1': 100.18, 'm2-1': 110.31, 'm3-1': 1.09, 'm4-1': 25.26, 'm5-1': 146.36, 'm6-1': 24.73, 'm7-1': 95.52, 'm8-1': 26.71}",0.0,inf,inf,inf,123.527,123.527
133,T9,BESTEFFORT,COMPLETED,m3-1,13.662,"{'m1-1': 103.46, 'm2-1': 104.66, 'm3-1': 0.98, 'm4-1': 27.09, 'm5-1': 147.52, 'm6-1': 23.56, 'm7-1': 104.37, 'm8-1': 25.91}",1.47,59.040000000000006,60.02,inf,123.662,123.662
134,T7,BESTEFFORT,CANCELLED,,13.704,"{'m1-1': 101.62, 'm2-1': 105.83, 'm3-1': 1.17, 'm4-1': 27.32, 'm5-1': 148.4, 'm6-1': 24.87, 'm7-1': 103.67, 'm8-1': 25.44}",0.0,inf,inf,inf,123.70400000000001,123.70400000000001
135,T10,BESTEFFORT,CANCELLED,,13.742,"{'m1-1': 99.89, 'm2-1': 99.51, 'm3-1': 0.96, 'm4-1': 23.77, 'm5-1': 166.82, 'm6-1': 24.34, 'm7-1': 111.7, 'm8-1': 28.67}",0.0,inf,inf,inf,123.742,123.742
136,T7,BESTEFFORT,CANCELLED,,14.104,"{'m1-1': 107.68, 'm2-1': 111.02, 'm3-1': 1.04, 'm4-1': 29.37, 'm5-1': 140.92, 'm6-1': 23.28, 'm7-1': 109.65, 'm8-1': 27.0}",0.0,inf,inf,inf,124.104,124.104
137,T7,BESTEFFORT,COMPLETED,m3-1,14.216,"{'m1-1': 96.04, 'm2-1': 102.87, 'm3-1': 1.06, 'm4-1': 28.62, 'm5-1': 142.53, 'm6-1': 23.94, 'm7-1': 108.66, 'm8-1': 27.23}",1.59,62.080000000000005,63.14000000000001,inf,124.216,124.216
138,T1,BESTEFFORT,CANCELLED,,14.382,"{'m1-1': 107.84, 'm2-1': 116.61, 'm3-1': 1.13, 'm4-1': 23.65, 'm5-1': 147.43, 'm6-1': 23.85, 'm7-1': 104.62, 'm8-1': 27.21}",0.0,inf,inf,inf,124.382,124.382
139,T6,BESTEFFORT,CANCELLED,,14.382,"{'m1-1': 103.59, 'm2-1': 113.86, 'm3-1': 0.98, 'm4-1': 23.58, 'm5-1': 165.01, 'm6-1': 24.98, 'm7-1': 104.83, 'm8-1': 26.8}",0.0,inf,inf,inf,124.382,124.382
140,T1,BESTEFFORT,CANCELLED,,14.562,"{'m1-1': 93.91, 'm2-1': 119.15, 'm3-1': 1.11, 'm4-1': 24.3, 'm5-1': 157.93, 'm6-1': 24.31, 'm7-1': 109.55, 'm8-1': 27.28}",0.0,inf,inf,inf,124.562,124.562
141,T3,BESTEFFORT,CANCELLED,,14.68,"{'m1-1': 115.16, 'm2-1': 100.45, 'm3-1': 0.95, 'm4-1': 24.89, 'm5-1': 152.9, 'm6-1': 24.06, 'm7-1': 107.02, 'm8-1': 23.65}",0.0,inf,inf,inf,124.68,124.68
142,T2,BESTEFFORT,CANCELLED,,14.722,"{'m1-1': 116.14, 'm2-1': 96.58, 'm3-1': 1.03, 'm4-1': 25.18, 'm5-1': 145.68, 'm6-1': 24.25, 'm7-1': 97.73, 'm8-1': 26.25}",0.0,inf,inf,inf,124.722,124.722
143,T9,BESTEFFORT,CANCELLED,,14.853,"{'m1-1': 109.34, 'm2-1': 106.71, 'm3-1': 1.12, 'm4-1': 25.08, 'm5-1': 152.5, 'm6-1': 24.47, 'm7-1': 95.17, 'm8-1': 24.93}",0.0,inf,inf,inf,124.853,124.853
144,T3,BESTEFFORT,CANCELLED,,15.228,"{'m1-1': 108.38, 'm2-1': 94.58, 'm3-1': 0.96, 'm4-1': 25.51, 'm5-1': 167.58, 'm6-1': 25.84, 'm7-1': 112.19, 'm8-1': 23.65}",0.0,inf,inf,inf,125.228,125.228
145,T8,BESTEFFORT,CANCELLED,,15.307,"{'m1-1': 105.46, 'm2-1': 97.8, 'm3-1': 1.04, 'm4-1': 24.98, 'm5-1': 153.46, 'm6-1': 25.5, 'm7-1': 111.06, 'm8-1': 26.73}",0.0,inf,inf,inf,125.307,125.307
146,T4,BESTEFFORT,MISSED,m2-1,15.332,"{'m1-1': 111.03, 'm2-1': 106.38, 'm3-1': 1.11, 'm4-1': 27.49, 'm5-1': 172.21, 'm6-1': 28.56, 'm7-1': 95.11, 'm8-1': 26.15}",0.0,159.497,inf,159.497,125.332,125.332
147,T10,BESTEFFORT,COMPLETED,m3-1,15.338,"{'m1-1': 105.96, 'm2-1': 103.01, 'm3-1': 1.1, 'm4-1': 25.0, 'm5-1': 166.82, 'm6-1': 27.69, 'm7-1': 112.55, 'm8-1': 25.35}",1.6500000000000001,63.14000000000001,64.24000000000001,inf,125.338,125.338
148,T6,BESTEFFORT,CANCELLED,,15.358,"{'m1-1': 101.01, 'm2-1': 108.55, 'm3-1': 1.1, 'm4-1': 23.77, 'm5-1': 163.72, 'm6-1': 26.96, 'm7-1': 103.09, 'm8-1': 27.41}",0.0,inf,inf,inf,125.358,125.358
149,T9,BESTEFFORT,CANCELLED,,15.448,"{'m1-1': 97.19, 'm2-1': 101.74, 'm3-1': 1.11, 'm4-1': 28.15, 'm5-1': 157.56, 'm6-1': 26.62, 'm7-1': 92.51, 'm8-1': 26.93}",0.0,inf,inf,inf,125.44800000000001,125.44800000000001
150,T5,BESTEFFORT,CANCELLED,,15.511,"{'m1-1': 103.66, 'm2-1': 102.56, 'm3-1': 1.18, 'm4-1': 25.15, 'm5-1': 158.29, 'm6-1': 28.24, 'm7-1': 96.0, 'm8-1': 25.52}",0.0,inf,inf,inf,125.511,125.511
151,T7,BESTEFFORT,CANCELLED,,15.539,"{'m1-1': 108.48, 'm2-1': 111.73, 'm3-1': 1.12, 'm4-1': 27.3, 'm5-1': 143.8, 'm6-1': 22.96, 'm7-1': 105.14, 'm8-1': 28.51}",0.0,inf,inf,inf,125.539,125.539
152,T1,BESTEFFORT,CANCELLED,,15.563,"{'m1-1': 98.13, 'm2-1': 111.5, 'm3-1': 1.1, 'm4-1': 27.57, 'm5-1': 146.56, 'm6-1': 24.55, 'm7-1': 100.7, 'm8-1': 25.97}",0.0,inf,inf,inf,125.563,125.563
153,T1,BESTEFFORT,CANCELLED,,15.584,"{'m1-1': 98.78, 'm2-1': 117.49, 'm3-1': 1.12, 'm4-1': 27.7, 'm5-1': 152.48, 'm6-1': 24.03, 'm7-1': 95.79, 'm8-1': 24.42}",0.0,inf,inf,inf,125.584,125.584
154,T4,BESTEFFORT,CANCELLED,,15.598,"{'m1-1': 103.73, 'm2-1': 100.85, 'm3-1': 1.12, 'm4-1': 24.99, 'm5-1': 167.55, 'm6-1': 27.53, 'm7-1': 93.52, 'm8-1': 25.77}",0.0,inf,inf,inf,125.598,125.598
155,T10,BESTEFFORT,CANCELLED,,15.686,"{'m1-1': 105.98, 'm2-1': 106.76, 'm3-1': 0.99, 'm4-1': 25.89, 'm5-1': 153.89, 'm6-1': 26.24, 'm7-1': 108.64, 'm8-1': 28.92}",0.0,inf,inf,inf,125.686,125.686
156,T1,BESTEFFORT,CANCELLED,,15.708,"{'m1-1': 106.39, 'm2-1': 106.93, 'm3-1': 1.04, 'm4-1': 27.79, 'm5-1': 146.02, 'm6-1': 23.34, 'm7-1': 100.93, 'm8-1': 26.36}",0.0,inf,inf,inf,125.708,125.708
157,T3,BESTEFFORT,CANCELLED,,15.728,"{'m1-1': 115.3, 'm2-1': 103.46, 'm3-1': 1.06, 'm4-1': 26.87, 'm5-1': 170.34, 'm6-1': 24.83, 'm7-1': 103.2, 'm8-1': 27.73}",0.0,inf,inf,inf,125.728,125.728
158,T8,BESTEFFORT,CANCELLED,,15.759,"{'m1-1': 111.04, 'm2-1': 101.12, 'm3-1': 1.07, 'm4-1': 23.37, 'm5-1': 146.31, 'm6-1': 24.75, 'm7-1': 101.74, 'm8-1': 24.72}",0.0,inf,inf,inf,125.759,125.759
159,T8,BESTEFFORT,CANCELLED,,15.918,"{'m1-1': 102.11, 'm2-1': 97.96, 'm3-1': 1.17, 'm4-1': 25.92, 'm5-1': 152.35, 'm6-1': 27.58, 'm7-1': 110.4, 'm8-1': 24.25}",0.0,inf,inf,inf,125.918,125.918
160,T4,BESTEFFORT,CANCELLED,,15.987,"{'m1-1': 104.71, 'm2-1': 98.78, 'm3-1': 1.12, 'm4-1': 27.06, 'm5-1': 165.93, 'm6-1': 25.35, 'm7-1': 106.18, 'm8-1': 24.46}",0.0,inf,inf,inf,125.987,125.987
161,T3,BESTEFFORT,COMPLETED,m3-1,15.993,"{'m1-1': 107.48, 'm2-1': 97.07, 'm3-1': 1.06, 'm4-1': 28.42, 'm5-1': 164.05, 'm6-1': 27.69, 'm7-1': 113.75, 'm8-1': 27.63}",1.59,19.38,20.439999999999998,inf,125.993,125.993
162,T1,BESTEFFORT,CANCELLED,,16.088,"{'m1-1': 96.94, 'm2-1': 118.6, 'm3-1': 1.01, 'm4-1': 24.86, 'm5-1': 163.34, 'm6-1': 25.39, 'm7-1': 112.59, 'm8-1': 28.19}",0.0,inf,inf,inf,126.088,126.088
163,T2,BESTEFFORT,CANCELLED,,16.146,"{'m1-1': 101.18, 'm2-1': 105.74, 'm3-1': 1.12, 'm4-1': 26.05, 'm5-1': 145.64, 'm6-1': 27.67, 'm7-1': 97.03, 'm8-1': 27.1}",0.0,inf,inf,inf,126.146,126.146
164,T9,BESTEFFORT,CANCELLED,,16.221,"{'m1-1': 101.69, 'm2-1': 108.03, 'm3-1': 1.1, 'm4-1': 24.57, 'm5-1': 160.84, 'm6-1': 24.07, 'm7-1': 91.95, 'm8-1': 26.31}",0.0,inf,inf,inf,126.221,126.221
165,T1,BESTEFFORT,CANCELLED,,16.26,"{'m1-1': 96.04, 'm2-1': 107.83, 'm3-1': 1.04, 'm4-1': 26.87, 'm5-1': 151.47, 'm6-1': 26.73, 'm7-1': 112.69, 'm8-1': 28.48}",0.0,inf,inf,inf,126.26,126.26
166,T6,BESTEFFORT,CANCELLED,,16.355,"{'m1-1': 100.38, 'm2-1': 101.92, 'm3-1': 1.14, 'm4-1': 26.48, 'm5-1': 151.59, 'm6-1': 26.04, 'm7-1': 110.92, 'm8-1': 27.35}",0.0,inf,inf,inf,126.355,126.355
167,T10,BESTEFFORT,COMPLETED,m3-1,16.366,"{'m1-1': 107.16, 'm2-1': 103.14, 'm3-1': 1.06, 'm4-1': 26.1, 'm5-1': 157.05, 'm6-1': 25.39, 'm7-1': 113.63, 'm8-1': 25.86}",1.59,64.24000000000001,65.30000000000001,inf,126.366,126.366
168,T3,BESTEFFORT,COMPLETED,m3-1,16.576,"{'m1-1': 117.41, 'm2-1': 109.11, 'm3-1': 1.03, 'm4-1': 25.21, 'm5-1': 168.38, 'm6-1': 27.31, 'm7-1': 102.22, 'm8-1': 26.23}",1.545,20.439999999999998,21.47,inf,126.576,126.576
169,T2,BESTEFFORT,CANCELLED,,16.631,"{'m1-1': 109.05, 'm2-1': 99.98, 'm3-1': 1.12, 'm4-1': 23.22, 'm5-1': 163.95, 'm6-1': 26.05, 'm7-1': 110.74, 'm8-1': 26.33}",0.0,inf,inf,inf,126.631,126.631
170,T10,BESTEFFORT,COMPLETED,m3-1,16.704,"{'m1-1': 102.75, 'm2-1': 99.45, 'm3-1': 1.0, 'm4-1': 27.03, 'm5-1': 148.14, 'm6-1': 27.42, 'm7-1': 105.7, 'm8-1': 25.9}",1.5,65.30000000000001,66.30000000000001,inf,126.70400000000001,126.70400000000001
171,T7,BESTEFFORT,CANCELLED,,16.848,"{'m1-1': 108.46, 'm2-1': 104.51, 'm3-1': 1.04, 'm4-1': 28.94, 'm5-1': 146.84, 'm6-1': 24.42, 'm7-1': 109.68, 'm8-1': 26.84}",0.0,inf,inf,inf,126.848,126.848
172,T7,BESTEFFORT,CANCELLED,,16.909,"{'m1-1': 106.29, 'm2-1': 97.36, 'm3-1': 1.14, 'm4-1': 27.54, 'm5-1': 157.28, 'm6-1': 26.61, 'm7-1': 95.58, 'm8-1': 27.26}",0.0,inf,inf,inf,126.90899999999999,126.90899999999999
173,T8,BESTEFFORT,CANCELLED,,16.915,"{'m1-1': 101.04, 'm2-1': 109.08, 'm3-1': 1.02, 'm4-1': 24.77, 'm5-1': 156.82, 'm6-1': 25.39, 'm7-1': 95.72, 'm8-1': 25.24}",0.0,inf,inf,inf,126.91499999999999,126.91499999999999
174,T7,BESTEFFORT,CANCELLED,,16.936,"{'m1-1': 111.95, 'm2-1': 107.38, 'm3-1': 1.11, 'm4-1': 27.34, 'm5-1': 157.56, 'm6-1': 23.83, 'm7-1': 97.02, 'm8-1': 26.62}",0.0,inf,inf,inf,126.936,126.936
175,T3,BESTEFFORT,COMPLETED,m3-1,17.042,"{'m1-1': 117.73, 'm2-1': 95.16, 'm3-1': 1.07, 'm4-1': 26.3, 'm5-1': 166.54, 'm6-1': 23.72, 'm7-1': 113.45, 'm8-1': 25.85}",1.605,26.51,27.580000000000002,inf,127.042,127.042
176,T5,BESTEFFORT,CANCELLED,,17.09,"{'m1-1': 113.13, 'm2-1': 104.04, 'm3-1': 1.09, 'm4-1': 23.61, 'm5-1': 148.38, 'm6-1': 28.13, 'm7-1': 111.91, 'm8-1': 26.84}",0.0,inf,inf,inf,127.09,127.09
177,T2,BESTEFFORT,CANCELLED,,17.157,"{'m1-1': 107.13, 'm2-1': 94.95, 'm3-1': 1.02, 'm4-1': 25.23, 'm5-1': 145.26, 'm6-1': 26.04, 'm7-1': 107.94, 'm8-1': 24.2}",0.0,inf,inf,inf,127.157,127.157
178,T4,BESTEFFORT,CANCELLED,,17.248,"{'m1-1': 111.82, 'm2-1': 108.52, 'm3-1': 1.03, 'm4-1': 25.19, 'm5-1': 165.88, 'm6-1': 25.26, 'm7-1': 108.27, 'm8-1': 23.93}",0.0,inf,inf,inf,127.248,127.248
179,T8,BESTEFFORT,CANCELLED,,17.345,"{'m1-1': 100.46, 'm2-1': 101.94, 'm3-1': 1.1, 'm4-1': 27.35, 'm5-1': 149.7, 'm6-1': 25.97, 'm7-1': 104.84, 'm8-1': 25.92}",0.0,inf,inf,inf,127.345,127.345
180,T4,BESTEFFORT,CANCELLED,,17.357,"{'m1-1': 109.73, 'm2-1': 96.93, 'm3-1': 1.17, 'm4-1': 27.12, 'm5-1': 152.75, 'm6-1': 26.49, 'm7-1': 100.62, 'm8-1': 26.65}",0.0,inf,inf,inf,127.357,127.357
181,T9,BESTEFFORT,COMPLETED,m3-1,17.543,"{'m1-1': 110.42, 'm2-1': 114.99, 'm3-1': 1.11, 'm4-1': 28.19, 'm5-1': 173.67, 'm6-1': 26.68, 'm7-1': 95.22, 'm8-1': 24.79}",1.665,74.30000000000001,75.41000000000001,inf,127.543,127.543
182,T1,BESTEFFORT,CANCELLED,,17.683,"{'m1-1': 104.33, 'm2-1': 116.56, 'm3-1': 1.1, 'm4-1': 26.28, 'm5-1': 164.36, 'm6-1': 24.51, 'm7-1': 100.16, 'm8-1': 27.32}",0.0,inf,inf,inf,127.68299999999999,127.68299999999999
183,T10,BESTEFFORT,CANCELLED,,17.812,"{'m1-1': 99.71, 'm2-1': 107.27, 'm3-1': 1.06, 'm4-1': 25.1, 'm5-1': 153.06, 'm6-1': 25.96, 'm7-1': 106.57, 'm8-1': 26.09}",0.0,inf,inf,inf,127.812,127.812
184,T7,BESTEFFORT,CANCELLED,,17.825,"{'m1-1': 104.11, 'm2-1': 102.6, 'm3-1': 1.1, 'm4-1': 26.66, 'm5-1': 144.14, 'm6-1': 26.4, 'm7-1': 98.54, 'm8-1': 27.17}",0.0,inf,inf,inf,127.825,127.825
185,T3,BESTEFFORT,COMPLETED,m3-1,17.918,"{'m1-1': 109.31, 'm2-1': 94.0, 'm3-1': 0.97, 'm4-1': 24.5, 'm5-1': 162.79, 'm6-1': 26.99, 'm7-1': 107.55, 'm8-1': 26.47}",1.455,22.43,23.4,inf,127.918,127.918
186,T3,BESTEFFORT,CANCELLED,,18.024,"{'m1-1': 109.91, 'm2-1': 106.58, 'm3-1': 1.06, 'm4-1': 25.0, 'm5-1': 156.79, 'm6-1': 26.56, 'm7-1': 98.43, 'm8-1': 27.24}",0.0,inf,inf,inf,128.024,128.024
187,T7,BESTEFFORT,CANCELLED,,18.193,"{'m1-1': 104.81, 'm2-1': 105.83, 'm3-1': 1.03, 'm4-1': 28.04, 'm5-1': 142.8, 'm6-1': 25.08, 'm7-1': 105.86, 'm8-1': 28.97}",0.0,inf,inf,inf,128.193,128.193
188,T10,BESTEFFORT,COMPLETED,m3-1,18.198,"{'m1-1': 105.27, 'm2-1': 101.29, 'm3-1': 0.96, 'm4-1': 24.81, 'm5-1': 159.22, 'm6-1': 24.99, 'm7-1': 110.04, 'm8-1': 25.32}",1.44,21.47,22.43,inf,128.198,128.198
189,T4,BESTEFFORT,CANCELLED,,18.273,"{'m1-1': 100.14, 'm2-1': 101.55, 'm3-1': 1.12, 'm4-1': 25.45, 'm5-1': 158.42, 'm6-1': 26.0, 'm7-1': 97.36, 'm8-1': 23.65}",0.0,inf,inf,inf,128.273,128.273
190,T6,BESTEFFORT,CANCELLED,,18.308,"{'m1-1': 111.38, 'm2-1': 102.75, 'm3-1': 1.09, 'm4-1': 24.36, 'm5-1': 154.38, 'm6-1': 25.6, 'm7-1': 101.76, 'm8-1': 26.94}",0.0,inf,inf,inf,128.308,128.308
191,T8,BESTEFFORT,CANCELLED,,18.343,"{'m1-1': 110.68, 'm2-1': 108.4, 'm3-1': 1.14, 'm4-1': 25.8, 'm5-1': 154.38, 'm6-1': 26.04, 'm7-1': 110.08, 'm8-1': 27.01}",0.0,inf,inf,inf,128.343,128.343
192,T2,BESTEFFORT,CANCELLED,,18.406,"{'m1-1': 115.4, 'm2-1': 95.84, 'm3-1': 1.05, 'm4-1': 26.94, 'm5-1': 147.0, 'm6-1': 25.86, 'm7-1': 94.04, 'm8-1': 25.68}",0.0,inf,inf,inf,128.406,128.406
193,T4,BESTEFFORT,CANCELLED,,18.42,"{'m1-1': 105.26, 'm2-1': 105.84, 'm3-1': 1.13, 'm4-1': 25.65, 'm5-1': 157.27, 'm6-1': 29.43, 'm7-1': 96.73, 'm8-1': 26.74}",0.0,inf,inf,inf,128.42000000000002,128.42000000000002
194,T10,BESTEFFORT,CANCELLED,,18.659,"{'m1-1': 105.53, 'm2-1': 107.33, 'm3-1': 1.13, 'm4-1': 24.56, 'm5-1': 170.75, 'm6-1': 27.72, 'm7-1': 103.73, 'm8-1': 28.48}",0.0,inf,inf,inf,128.659,128.659
195,T2,BESTEFFORT,CANCELLED,,18.722,"{'m1-1': 112.72, 'm2-1': 105.67, 'm3-1': 1.04, 'm4-1': 25.03, 'm5-1': 144.22, 'm6-1': 24.07, 'm7-1': 93.9, 'm8-1': 24.56}",0.0,inf,inf,inf,128.722,128.722
196,T6,BESTEFFORT,CANCELLED,,18.888,"{'m1-1': 97.31, 'm2-1': 111.31, 'm3-1': 1.1, 'm4-1': 23.61, 'm5-1': 154.98, 'm6-1': 26.21, 'm7-1': 112.5, 'm8-1': 25.8}",0.0,inf,inf,inf,128.888,128.888
197,T5,BESTEFFORT,CANCELLED,,18.927,"{'m1-1': 103.86, 'm2-1': 114.34, 'm3-1': 1.01, 'm4-1': 24.05, 'm5-1': 143.02, 'm6-1': 25.52, 'm7-1': 112.0, 'm8-1': 23.54}",0.0,inf,inf,inf,128.927,128.927
198,T9,BESTEFFORT,CANCELLED,,19.258,"{'m1-1': 99.14, 'm2-1': 109.53, 'm3-1': 1.06, 'm4-1': 24.51, 'm5-1': 150.89, 'm6-1': 24.63, 'm7-1': 96.08, 'm8-1': 27.98}",0.0,inf,inf,inf,129.258,129.258
199,T3,BESTEFFORT,CANCELLED,,19.376,"{'m1-1': 116.72, 'm2-1': 106.04, 'm3-1': 1.04, 'm4-1': 28.0, 'm5-1': 145.38, 'm6-1': 26.02, 'm7-1': 108.34, 'm8-1': 26.03}",0.0,inf,inf,inf,129.376,129.376
200,T1,BESTEFFORT,CANCELLED,,19.388,"{'m1-1': 106.3, 'm2-1': 113.8, 'm3-1': 1.06, 'm4-1': 24.96, 'm5-1': 151.74, 'm6-1': 24.16, 'm7-1': 104.52, 'm8-1': 26.52}",0.0,inf,inf,inf,129.388,129.388
201,T3,BESTEFFORT,CANCELLED,,19.463,"{'m1-1': 105.66, 'm2-1': 93.54, 'm3-1': 1.09, 'm4-1': 28.57, 'm5-1': 160.37, 'm6-1': 24.86, 'm7-1': 106.23, 'm8-1': 23.67}",0.0,inf,inf,inf,129.463,129.463
202,T3,BESTEFFORT,CANCELLED,,19.598,"{'m1-1': 114.83, 'm2-1': 105.31, 'm3-1': 0.95, 'm4-1': 25.67, 'm5-1': 150.35, 'm6-1': 23.55, 'm7-1': 100.07, 'm8-1': 25.11}",0.0,inf,inf,inf,129.598,129.598
203,T10,BESTEFFORT,COMPLETED,m3-1,19.678,"{'m1-1': 105.84, 'm2-1': 99.24, 'm3-1': 1.05, 'm4-1': 24.9, 'm5-1': 165.92, 'm6-1': 26.03, 'm7-1': 98.64, 'm8-1': 29.73}",1.5750000000000002,23.4,24.45,inf,129.678,129.678
204,T1,BESTEFFORT,CANCELLED,,19.811,"{'m1-1': 95.27, 'm2-1': 106.6, 'm3-1': 1.13, 'm4-1': 24.29, 'm5-1': 158.6, 'm6-1': 24.69, 'm7-1': 99.66, 'm8-1': 28.3}",0.0,inf,inf,inf,129.811,129.811
205,T10,BESTEFFORT,COMPLETED,m3-1,19.881,"{'m1-1': 104.25, 'm2-1': 92.97, 'm3-1': 1.12, 'm4-1': 25.15, 'm5-1': 154.14, 'm6-1': 27.17, 'm7-1': 109.18, 'm8-1': 27.19}",1.6800000000000002,33.76,34.879999999999995,inf,129.881,129.881
206,T3,BESTEFFORT,COMPLETED,m3-1,19.988,"{'m1-1': 108.11, 'm2-1': 98.55, 'm3-1': 1.05, 'm4-1': 28.95, 'm5-1': 158.38, 'm6-1': 25.95, 'm7-1': 115.18, 'm8-1': 27.48}",1.5750000000000002,24.45,25.5,inf,129.988,129.988
207,T8,BESTEFFORT,CANCELLED,,20.171,"{'m1-1': 112.61, 'm2-1': 108.05, 'm3-1': 1.07, 'm4-1': 23.19, 'm5-1': 147.72, 'm6-1': 23.97, 'm7-1': 112.97, 'm8-1': 26.22}",0.0,inf,inf,inf,130.171,130.171
208,T1,BESTEFFORT,CANCELLED,,20.195,"{'m1-1': 99.36, 'm2-1': 103.41, 'm3-1': 1.17, 'm4-1': 23.7, 'm5-1': 152.65, 'm6-1': 23.64, 'm7-1': 99.38, 'm8-1': 25.94}",0.0,inf,inf,inf,130.195,130.195
209,T1,BESTEFFORT,CANCELLED,,20.313,"{'m1-1': 106.79, 'm2-1': 112.12, 'm3-1': 1.03, 'm4-1': 23.69, 'm5-1': 156.97, 'm6-1': 25.46, 'm7-1': 96.06, 'm8-1': 25.8}",0.0,inf,inf,inf,130.313,130.313
210,T8,BESTEFFORT,CANCELLED,,20.367,"{'m1-1': 107.24, 'm2-1': 100.23, 'm3-1': 1.05, 'm4-1': 25.31, 'm5-1': 151.24, 'm6-1': 27.84, 'm7-1': 106.68, 'm8-1': 24.5}",0.0,inf,inf,inf,130.367,130.367
211,T6,BESTEFFORT,CANCELLED,,20.39,"{'m1-1': 95.25, 'm2-1': 98.39, 'm3-1': 1.09, 'm4-1': 25.77, 'm5-1': 173.29, 'm6-1': 27.84, 'm7-1': 100.12, 'm8-1': 27.47}",0.0,inf,inf,inf,130.39,130.39
212,T1,BESTEFFORT,CANCELLED,,20.401,"{'m1-1': 105.99, 'm2-1': 104.61, 'm3-1': 1.1, 'm4-1': 25.02, 'm5-1': 157.75, 'm6-1': 23.69, 'm7-1': 97.97, 'm8-1': 27.36}",0.0,inf,inf,inf,130.401,130.401
213,T10,BESTEFFORT,CANCELLED,,20.482,"{'m1-1': 99.44, 'm2-1': 103.39, 'm3-1': 1.02, 'm4-1': 23.69, 'm5-1': 145.54, 'm6-1': 28.38, 'm7-1': 112.63, 'm8-1': 27.87}",0.0,inf,inf,inf,130.482,130.482
214,T5,BESTEFFORT,CANCELLED,,20.615,"{'m1-1': 106.44, 'm2-1': 116.44, 'm3-1': 1.14, 'm4-1': 26.27, 'm5-1': 152.34, 'm6-1': 27.01, 'm7-1': 108.14, 'm8-1': 23.35}",0.0,inf,inf,inf,130.615,130.615
215,T2,BESTEFFORT,CANCELLED,,20.647,"{'m1-1': 114.51, 'm2-1': 102.92, 'm3-1': 1.11, 'm4-1': 25.66, 'm5-1': 160.93, 'm6-1': 24.07, 'm7-1': 95.74, 'm8-1': 27.37}",0.0,inf,inf,inf,130.647,130.647
216,T4,BESTEFFORT,CANCELLED,,20.715,"{'m1-1': 117.63, 'm2-1': 107.88, 'm3-1': 1.11, 'm4-1': 24.48, 'm5-1': 154.36, 'm6-1': 24.94, 'm7-1': 93.91, 'm8-1': 27.28}",0.0,inf,inf,inf,130.715,130.715
217,T7,BESTEFFORT,CANCELLED,,20.99,"{'m1-1': 101.92, 'm2-1': 112.25, 'm3-1': 1.12, 'm4-1': 25.83, 'm5-1': 157.86, 'm6-1': 25.2, 'm7-1': 102.96, 'm8-1': 24.62}",0.0,inf,inf,inf,130.99,130.99
218,T4,BESTEFFORT,CANCELLED,,20.997,"{'m1-1': 114.07, 'm2-1': 106.21, 'm3-1': 1.09, 'm4-1': 27.28, 'm5-1': 159.06, 'm6-1': 26.91, 'm7-1': 104.1, 'm8-1': 24.46}",0.0,inf,inf,inf,130.997,130.997
219,T3,BESTEFFORT,CANCELLED,,21.018,"{'m1-1': 114.61, 'm2-1': 103.96, 'm3-1': 1.07, 'm4-1': 25.8, 'm5-1': 168.32, 'm6-1': 27.06, 'm7-1': 100.07, 'm8-1': 24.63}",0.0,inf,inf,inf,131.018,131.018
220,T8,BESTEFFORT,CANCELLED,,21.031,"{'m1-1': 96.88, 'm2-1': 109.04, 'm3-1': 1.06, 'm4-1': 27.04, 'm5-1': 149.92, 'm6-1': 26.64, 'm7-1': 111.68, 'm8-1': 25.85}",0.0,inf,inf,inf,131.031,131.031
221,T7,BESTEFFORT,CANCELLED,,21.168,"{'m1-1': 112.29, 'm2-1': 100.93, 'm3-1': 1.12, 'm4-1': 26.62, 'm5-1': 163.67, 'm6-1': 26.43, 'm7-1': 104.54, 'm8-1': 28.6}",0.0,inf,inf,inf,131.168,131.168
222,T6,BESTEFFORT,CANCELLED,,21.178,"{'m1-1': 100.38, 'm2-1': 114.31, 'm3-1': 1.01, 'm4-1': 27.15, 'm5-1': 154.97, 'm6-1': 27.84, 'm7-1': 108.54, 'm8-1': 28.57}",0.0,inf,inf,inf,131.178,131.178
223,T7,BESTEFFORT,CANCELLED,,21.189,"{'m1-1': 105.31, 'm2-1': 101.02, 'm3-1': 1.06, 'm4-1': 28.71, 'm5-1': 158.17, 'm6-1': 24.38, 'm7-1': 107.62, 'm8-1': 26.01}",0.0,inf,inf,inf,131.189,131.189
224,T6,BESTEFFORT,CANCELLED,,21.399,"{'m1-1': 101.93, 'm2-1': 107.74, 'm3-1': 1.16, 'm4-1': 26.84, 'm5-1': 148.33, 'm6-1': 26.19, 'm7-1': 110.84, 'm8-1': 27.74}",0.0,inf,inf,inf,131.399,131.399
225,T9,BESTEFFORT,COMPLETED,m3-1,21.427,"{'m1-1': 104.47, 'm2-1': 116.4, 'm3-1': 1.01, 'm4-1': 26.38, 'm5-1': 155.97, 'm6-1': 26.62, 'm7-1': 100.96, 'm8-1': 27.84}",1.5150000000000001,25.5,26.51,inf,131.427,131.427
226,T8,BESTEFFORT,MISSED,m8-1,21.447,"{'m1-1': 100.68, 'm2-1': 105.91, 'm3-1': 1.06, 'm4-1': 24.13, 'm5-1': 149.59, 'm6-1': 24.74, 'm7-1': 113.08, 'm8-1': 26.09}",31.8435,110.218,inf,131.447,131.447,131.447
227,T1,BESTEFFORT,CANCELLED,,21.648,"{'m1-1': 100.01, 'm2-1': 113.2, 'm3-1': 1.15, 'm4-1': 27.72, 'm5-1': 144.78, 'm6-1': 25.4, 'm7-1': 103.46, 'm8-1': 25.02}",0.0,inf,inf,inf,131.648,131.648
228,T7,BESTEFFORT,MISSED,m6-1,22.176,"{'m1-1': 95.34, 'm2-1': 99.73, 'm3-1': 1.01, 'm4-1': 27.82, 'm5-1': 144.34, 'm6-1': 25.78, 'm7-1': 105.05, 'm8-1': 24.91}",15.770999999999972,121.662,inf,132.176,132.176,132.176
229,T6,BESTEFFORT,CANCELLED,,22.244,"{'m1-1': 95.24, 'm2-1': 105.94, 'm3-1': 1.07, 'm4-1': 26.95, 'm5-1': 163.93, 'm6-1': 24.24, 'm7-1': 99.55, 'm8-1': 26.78}",0.0,inf,inf,inf,132.244,132.244
230,T6,BESTEFFORT,CANCELLED,,22.412,"{'m1-1': 103.13, 'm2-1': 113.52, 'm3-1': 1.13, 'm4-1': 25.16, 'm5-1': 150.09, 'm6-1': 27.44, 'm7-1': 99.57, 'm8-1': 26.7}",0.0,inf,inf,inf,132.412,132.412
231,T8,BESTEFFORT,CANCELLED,,22.508,"{'m1-1': 111.04, 'm2-1': 95.61, 'm3-1': 1.09, 'm4-1': 25.49, 'm5-1': 162.52, 'm6-1': 25.56, 'm7-1': 102.22, 'm8-1': 25.33}",0.0,inf,inf,inf,132.508,132.508
232,T1,BESTEFFORT,CANCELLED,,22.563,"{'m1-1': 107.47, 'm2-1': 113.8, 'm3-1': 1.12, 'm4-1': 24.42, 'm5-1': 165.04, 'm6-1': 26.03, 'm7-1': 110.42, 'm8-1': 27.96}",0.0,inf,inf,inf,132.563,132.563
233,T1,BESTEFFORT,CANCELLED,,22.621,"{'m1-1': 101.9, 'm2-1': 104.86, 'm3-1': 1.09, 'm4-1': 24.4, 'm5-1': 150.06, 'm6-1': 23.62, 'm7-1': 100.66, 'm8-1': 25.04}",0.0,inf,inf,inf,132.621,132.621
234,T8,BESTEFFORT,CANCELLED,,22.809,"{'m1-1': 96.72, 'm2-1': 105.35, 'm3-1': 1.06, 'm4-1': 24.53, 'm5-1': 147.4, 'm6-1': 24.34, 'm7-1': 103.56, 'm8-1': 25.35}",0.0,inf,inf,inf,132.809,132.809
235,T6,BESTEFFORT,CANCELLED,,22.909,"{'m1-1': 108.78, 'm2-1': 101.34, 'm3-1': 1.07, 'm4-1': 25.9, 'm5-1': 155.76, 'm6-1': 25.37, 'm7-1': 107.83, 'm8-1': 24.23}",0.0,inf,inf,inf,132.909,132.909
236,T10,BESTEFFORT,CANCELLED,,22.955,"{'m1-1': 114.02, 'm2-1': 108.3, 'm3-1': 0.99, 'm4-1': 26.86, 'm5-1': 151.39, 'm6-1': 26.46, 'm7-1': 98.64, 'm8-1': 26.49}",0.0,inf,inf,inf,132.95499999999998,132.95499999999998
237,T2,BESTEFFORT,CANCELLED,,23.09,"{'m1-1': 108.11, 'm2-1': 103.44, 'm3-1': 1.02, 'm4-1': 24.76, 'm5-1': 149.01, 'm6-1': 25.09, 'm7-1': 95.66, 'm8-1': 26.05}",0.0,inf,inf,inf,133.09,133.09
238,T1,BESTEFFORT,CANCELLED,,23.274,"{'m1-1': 104.22, 'm2-1': 104.5, 'm3-1': 1.11, 'm4-1': 25.44, 'm5-1': 144.13, 'm6-1': 26.61, 'm7-1': 113.48, 'm8-1': 27.97}",0.0,inf,inf,inf,133.274,133.274
239,T10,BESTEFFORT,CANCELLED,,23.721,"{'m1-1': 110.5, 'm2-1': 93.15, 'm3-1': 1.02, 'm4-1': 25.92, 'm5-1': 168.13, 'm6-1': 24.91, 'm7-1': 104.02, 'm8-1': 26.3}",0.0,inf,inf,inf,133.721,133.721
240,T1,BESTEFFORT,CANCELLED,,23.788,"{'m1-1': 97.17, 'm2-1': 103.03, 'm3-1': 1.05, 'm4-1': 27.09, 'm5-1': 165.02, 'm6-1': 25.09, 'm7-1': 112.75, 'm8-1': 27.47}",0.0,inf,inf,inf,133.788,133.788
241,T9,BESTEFFORT,CANCELLED,,23.923,"{'m1-1': 99.87, 'm2-1': 112.67, 'm3-1': 1.08, 'm4-1': 25.12, 'm5-1': 151.18, 'm6-1': 24.23, 'm7-1': 98.57, 'm8-1': 25.58}",0.0,inf,inf,inf,133.923,133.923
242,T6,BESTEFFORT,CANCELLED,,24.063,"{'m1-1': 96.94, 'm2-1': 108.3, 'm3-1': 1.06, 'm4-1': 26.9, 'm5-1': 161.04, 'm6-1': 25.11, 'm7-1': 94.74, 'm8-1': 25.11}",0.0,inf,inf,inf,134.063,134.063
243,T4,BESTEFFORT,CANCELLED,,24.068,"{'m1-1': 113.1, 'm2-1': 104.44, 'm3-1': 1.0, 'm4-1': 24.89, 'm5-1': 168.17, 'm6-1': 28.18, 'm7-1': 96.28, 'm8-1': 25.14}",0.0,inf,inf,inf,134.068,134.068
244,T7,BESTEFFORT,CANCELLED,,24.355,"{'m1-1': 107.14, 'm2-1': 109.7, 'm3-1': 1.1, 'm4-1': 27.75, 'm5-1': 155.01, 'm6-1': 24.93, 'm7-1': 99.0, 'm8-1': 27.63}",0.0,inf,inf,inf,134.355,134.355
245,T8,BESTEFFORT,CANCELLED,,24.439,"{'m1-1': 111.29, 'm2-1': 100.09, 'm3-1': 1.04, 'm4-1': 25.23, 'm5-1': 168.46, 'm6-1': 25.98, 'm7-1': 106.04, 'm8-1': 25.44}",0.0,inf,inf,inf,134.439,134.439
246,T2,BESTEFFORT,CANCELLED,,24.521,"{'m1-1': 101.91, 'm2-1': 98.61, 'm3-1': 1.04, 'm4-1': 26.88, 'm5-1': 150.49, 'm6-1': 27.18, 'm7-1': 101.61, 'm8-1': 24.49}",0.0,inf,inf,inf,134.52100000000002,134.52100000000002
247,T9,BESTEFFORT,COMPLETED,m3-1,24.937,"{'m1-1': 97.4, 'm2-1': 107.17, 'm3-1': 0.96, 'm4-1': 26.54, 'm5-1': 149.73, 'm6-1': 25.23, 'm7-1': 107.15, 'm8-1': 27.82}",1.44,28.55,29.51,inf,134.937,134.937
248,T9,BESTEFFORT,CANCELLED,,25.163,"{'m1-1': 113.68, 'm2-1': 110.72, 'm3-1': 1.06, 'm4-1': 27.57, 'm5-1': 148.79, 'm6-1': 25.9, 'm7-1': 100.1, 'm8-1': 23.71}",0.0,inf,inf,inf,135.163,135.163
249,T8,BESTEFFORT,CANCELLED,,25.168,"{'m1-1': 103.1, 'm2-1': 95.52, 'm3-1': 1.06, 'm4-1': 25.75, 'm5-1': 148.47, 'm6-1': 26.96, 'm7-1': 96.41, 'm8-1': 26.11}",0.0,inf,inf,inf,135.168,135.168
250,T2,BESTEFFORT,CANCELLED,,25.248,"{'m1-1': 99.27, 'm2-1': 106.71, 'm3-1': 1.08, 'm4-1': 25.45, 'm5-1': 143.71, 'm6-1': 27.35, 'm7-1': 104.18, 'm8-1': 23.84}",0.0,inf,inf,inf,135.248,135.248
251,T5,BESTEFFORT,CANCELLED,,25.321,"{'m1-1': 115.07, 'm2-1': 107.24, 'm3-1': 1.11, 'm4-1': 27.03, 'm5-1': 151.65, 'm6-1': 27.66, 'm7-1': 109.32, 'm8-1': 23.84}",0.0,inf,inf,inf,135.321,135.321
252,T10,BESTEFFORT,COMPLETED,m3-1,25.384,"{'m1-1': 113.1, 'm2-1': 95.35, 'm3-1': 0.99, 'm4-1': 26.42, 'm5-1': 169.17, 'm6-1': 27.42, 'm7-1': 99.09, 'm8-1': 25.36}",1.4849999999999999,34.879999999999995,35.87,inf,135.38400000000001,135.38400000000001
253,T2,BESTEFFORT,COMPLETED,m3-1,25.432,"{'m1-1': 103.34, 'm2-1': 101.89, 'm3-1': 1.14, 'm4-1': 24.46, 'm5-1': 147.29, 'm6-1': 24.48, 'm7-1': 98.62, 'm8-1': 23.93}",1.71,29.51,30.650000000000002,inf,135.432,135.432
254,T4,BESTEFFORT,CANCELLED,,25.62,"{'m1-1': 109.69, 'm2-1': 97.98, 'm3-1': 1.05, 'm4-1': 26.56, 'm5-1': 162.3, 'm6-1': 25.12, 'm7-1': 100.59, 'm8-1': 26.49}",0.0,inf,inf,inf,135.62,135.62
255,T1,BESTEFFORT,CANCELLED,,25.671,"{'m1-1': 107.9, 'm2-1': 110.72, 'm3-1': 1.1, 'm4-1': 24.96, 'm5-1': 147.83, 'm6-1': 23.29, 'm7-1': 101.76, 'm8-1': 27.48}",0.0,inf,inf,inf,135.671,135.671
256,T2,BESTEFFORT,CANCELLED,,25.786,"{'m1-1': 111.98, 'm2-1': 101.2, 'm3-1': 1.07, 'm4-1': 27.41, 'm5-1': 142.38, 'm6-1': 23.79, 'm7-1': 103.0, 'm8-1': 24.89}",0.0,inf,inf,inf,135.786,135.786
257,T10,BESTEFFORT,CANCELLED,,25.985,"{'m1-1': 100.87, 'm2-1': 106.35, 'm3-1': 1.08, 'm4-1': 24.96, 'm5-1': 153.93, 'm6-1': 25.16, 'm7-1': 116.35, 'm8-1': 26.72}",0.0,inf,inf,inf,135.985,135.985
258,T10,BESTEFFORT,COMPLETED,m3-1,26.054,"{'m1-1': 104.97, 'm2-1': 97.5, 'm3-1': 1.02, 'm4-1': 24.11, 'm5-1': 156.93, 'm6-1': 27.02, 'm7-1': 105.27, 'm8-1': 28.5}",1.53,30.650000000000002,31.67,inf,136.054,136.054
259,T9,BESTEFFORT,CANCELLED,,26.059,"{'m1-1': 110.42, 'm2-1': 111.62, 'm3-1': 1.1, 'm4-1': 27.82, 'm5-1': 151.26, 'm6-1': 25.25, 'm7-1': 93.67, 'm8-1': 24.48}",0.0,inf,inf,inf,136.059,136.059
260,T9,BESTEFFORT,CANCELLED,,26.115,"{'m1-1': 98.2, 'm2-1': 111.33, 'm3-1': 1.02, 'm4-1': 25.86, 'm5-1': 161.11, 'm6-1': 24.31, 'm7-1': 104.89, 'm8-1': 27.85}",0.0,inf,inf,inf,136.115,136.115
261,T2,BESTEFFORT,CANCELLED,,26.12,"{'m1-1': 111.15, 'm2-1': 98.82, 'm3-1': 1.08, 'm4-1': 24.7, 'm5-1': 151.02, 'm6-1': 24.64, 'm7-1': 97.23, 'm8-1': 25.42}",0.0,inf,inf,inf,136.12,136.12
262,T5,BESTEFFORT,CANCELLED,,26.182,"{'m1-1': 112.7, 'm2-1': 117.74, 'm3-1': 1.09, 'm4-1': 24.54, 'm5-1': 148.32, 'm6-1': 28.84, 'm7-1': 100.01, 'm8-1': 24.99}",0.0,inf,inf,inf,136.182,136.182
263,T4,BESTEFFORT,CANCELLED,,26.19,"{'m1-1': 104.37, 'm2-1': 109.04, 'm3-1': 1.06, 'm4-1': 26.19, 'm5-1': 153.4, 'm6-1': 29.21, 'm7-1': 95.86, 'm8-1': 27.37}",0.0,inf,inf,inf,136.19,136.19
264,T9,BESTEFFORT,CANCELLED,,26.411,"{'m1-1': 111.23, 'm2-1': 114.0, 'm3-1': 0.96, 'm4-1': 27.45, 'm5-1': 154.09, 'm6-1': 27.37, 'm7-1': 95.9, 'm8-1': 26.5}",0.0,inf,inf,inf,136.411,136.411
265,T6,BESTEFFORT,CANCELLED,,26.436,"{'m1-1': 104.49, 'm2-1': 102.09, 'm3-1': 0.99, 'm4-1': 26.83, 'm5-1': 159.67, 'm6-1': 26.29, 'm7-1': 105.9, 'm8-1': 27.08}",0.0,inf,inf,inf,136.436,136.436
266,T8,BESTEFFORT,CANCELLED,,26.472,"{'m1-1': 106.1, 'm2-1': 112.52, 'm3-1': 1.06, 'm4-1': 27.37, 'm5-1': 163.7, 'm6-1': 27.69, 'm7-1': 96.41, 'm8-1': 23.33}",0.0,inf,inf,inf,136.472,136.472
267,T4,BESTEFFORT,CANCELLED,,26.484,"{'m1-1': 112.46, 'm2-1': 101.23, 'm3-1': 1.08, 'm4-1': 28.36, 'm5-1': 151.0, 'm6-1': 26.08, 'm7-1': 106.82, 'm8-1': 27.22}",0.0,inf,inf,inf,136.484,136.484
268,T8,BESTEFFORT,CANCELLED,,26.508,"{'m1-1': 96.76, 'm2-1': 106.87, 'm3-1': 1.01, 'm4-1': 23.29, 'm5-1': 154.71, 'm6-1': 24.68, 'm7-1': 107.16, 'm8-1': 24.19}",0.0,inf,inf,inf,136.508,136.508
269,T2,BESTEFFORT,CANCELLED,,26.517,"{'m1-1': 101.18, 'm2-1': 109.89, 'm3-1': 0.96, 'm4-1': 27.37, 'm5-1': 165.46, 'm6-1': 25.19, 'm7-1': 105.95, 'm8-1': 24.11}",0.0,inf,inf,inf,136.517,136.517
270,T6,BESTEFFORT,COMPLETED,m3-1,26.746,"{'m1-1': 96.82, 'm2-1': 105.14, 'm3-1': 1.08, 'm4-1': 27.04, 'm5-1': 171.44, 'm6-1': 24.63, 'm7-1': 95.86, 'm8-1': 25.0}",1.62,75.41000000000001,76.49000000000001,inf,136.746,136.746
271,T1,BESTEFFORT,CANCELLED,,26.937,"{'m1-1': 92.73, 'm2-1': 108.76, 'm3-1': 1.1, 'm4-1': 26.51, 'm5-1': 160.52, 'm6-1': 25.5, 'm7-1': 96.98, 'm8-1': 26.74}",0.0,inf,inf,inf,136.937,136.937
272,T4,BESTEFFORT,CANCELLED,,26.948,"{'m1-1': 106.91, 'm2-1': 99.84, 'm3-1': 1.13, 'm4-1': 26.32, 'm5-1': 173.54, 'm6-1': 28.34, 'm7-1': 95.35, 'm8-1': 24.66}",0.0,inf,inf,inf,136.948,136.948
273,T2,BESTEFFORT,CANCELLED,,27.133,"{'m1-1': 111.88, 'm2-1': 105.21, 'm3-1': 0.99, 'm4-1': 25.12, 'm5-1': 147.55, 'm6-1': 26.03, 'm7-1': 110.15, 'm8-1': 27.32}",0.0,inf,inf,inf,137.133,137.133
274,T7,BESTEFFORT,CANCELLED,,27.144,"{'m1-1': 105.81, 'm2-1': 110.64, 'm3-1': 1.04, 'm4-1': 26.01, 'm5-1': 157.23, 'm6-1': 26.62, 'm7-1': 105.71, 'm8-1': 29.16}",0.0,inf,inf,inf,137.144,137.144
275,T6,BESTEFFORT,CANCELLED,,27.32,"{'m1-1': 103.8, 'm2-1': 98.0, 'm3-1': 1.13, 'm4-1': 26.34, 'm5-1': 161.19, 'm6-1': 24.94, 'm7-1': 100.88, 'm8-1': 24.76}",0.0,inf,inf,inf,137.32,137.32
276,T10,BESTEFFORT,CANCELLED,,27.469,"{'m1-1': 114.64, 'm2-1': 101.44, 'm3-1': 1.07, 'm4-1': 23.84, 'm5-1': 168.67, 'm6-1': 26.58, 'm7-1': 115.27, 'm8-1': 29.19}",0.0,inf,inf,inf,137.469,137.469
277,T9,BESTEFFORT,COMPLETED,m3-1,27.671,"{'m1-1': 96.17, 'm2-1': 113.69, 'm3-1': 1.05, 'm4-1': 26.42, 'm5-1': 167.77, 'm6-1': 26.92, 'm7-1': 107.49, 'm8-1': 23.9}",1.5750000000000002,31.67,32.72,inf,137.671,137.671
278,T4,BESTEFFORT,CANCELLED,,27.791,"{'m1-1': 115.03, 'm2-1': 107.81, 'm3-1': 1.14, 'm4-1': 28.17, 'm5-1': 170.07, 'm6-1': 28.33, 'm7-1': 97.48, 'm8-1': 23.75}",0.0,inf,inf,inf,137.791,137.791
279,T9,BESTEFFORT,COMPLETED,m3-1,27.814,"{'m1-1': 111.14, 'm2-1': 111.4, 'm3-1': 1.0, 'm4-1': 24.25, 'm5-1': 169.5, 'm6-1': 23.61, 'm7-1': 100.03, 'm8-1': 24.39}",1.5,84.05,85.05,inf,137.814,137.814
280,T1,BESTEFFORT,CANCELLED,,27.858,"{'m1-1': 102.28, 'm2-1': 116.54, 'm3-1': 1.1, 'm4-1': 25.46, 'm5-1': 168.19, 'm6-1': 26.98, 'm7-1': 105.97, 'm8-1': 27.42}",0.0,inf,inf,inf,137.858,137.858
281,T5,BESTEFFORT,CANCELLED,,27.862,"{'m1-1': 108.1, 'm2-1': 104.44, 'm3-1': 1.18, 'm4-1': 25.5, 'm5-1': 167.91, 'm6-1': 24.37, 'm7-1': 100.28, 'm8-1': 24.2}",0.0,inf,inf,inf,137.862,137.862
282,T2,BESTEFFORT,CANCELLED,,27.919,"{'m1-1': 106.81, 'm2-1': 108.32, 'm3-1': 1.07, 'm4-1': 26.98, 'm5-1': 158.0, 'm6-1': 26.7, 'm7-1': 102.67, 'm8-1': 23.16}",0.0,inf,inf,inf,137.919,137.919
283,T10,BESTEFFORT,CANCELLED,,27.975,"{'m1-1': 103.2, 'm2-1': 96.52, 'm3-1': 1.06, 'm4-1': 23.92, 'm5-1': 171.91, 'm6-1': 26.65, 'm7-1': 105.27, 'm8-1': 25.24}",0.0,inf,inf,inf,137.975,137.975
284,T8,BESTEFFORT,CANCELLED,,28.105,"{'m1-1': 101.81, 'm2-1': 100.92, 'm3-1': 1.08, 'm4-1': 25.52, 'm5-1': 158.74, 'm6-1': 25.91, 'm7-1': 100.97, 'm8-1': 26.78}",0.0,inf,inf,inf,138.105,138.105
285,T4,BESTEFFORT,CANCELLED,,28.13,"{'m1-1': 116.44, 'm2-1': 105.87, 'm3-1': 1.06, 'm4-1': 26.3, 'm5-1': 172.18, 'm6-1': 26.89, 'm7-1': 104.92, 'm8-1': 24.75}",0.0,inf,inf,inf,138.13,138.13
286,T7,BESTEFFORT,MISSED,m3-1,28.141,"{'m1-1': 95.17, 'm2-1': 100.94, 'm3-1': 1.09, 'm4-1': 25.67, 'm5-1': 145.92, 'm6-1': 25.32, 'm7-1': 101.71, 'm8-1': 26.86}",0.0,139.5,inf,139.5,138.141,138.141
287,T2,BESTEFFORT,CANCELLED,,28.164,"{'m1-1': 103.03, 'm2-1': 110.52, 'm3-1': 1.1, 'm4-1': 27.34, 'm5-1': 146.19, 'm6-1': 24.35, 'm7-1': 107.15, 'm8-1': 23.66}",0.0,inf,inf,inf,138.164,138.164
288,T5,BESTEFFORT,CANCELLED,,28.409,"{'m1-1': 99.89, 'm2-1': 107.58, 'm3-1': 1.14, 'm4-1': 23.07, 'm5-1': 156.93, 'm6-1': 24.96, 'm7-1': 104.35, 'm8-1': 26.96}",0.0,inf,inf,inf,138.409,138.409
289,T5,BESTEFFORT,CANCELLED,,28.437,"{'m1-1': 106.43, 'm2-1': 107.65, 'm3-1': 1.1, 'm4-1': 24.67, 'm5-1': 162.67, 'm6-1': 27.32, 'm7-1': 100.82, 'm8-1': 26.67}",0.0,inf,inf,inf,138.437,138.437
290,T3,BESTEFFORT,COMPLETED,m3-1,28.564,"{'m1-1': 116.94, 'm2-1': 102.86, 'm3-1': 1.04, 'm4-1': 27.45, 'm5-1': 167.97, 'm6-1': 24.33, 'm7-1': 109.13, 'm8-1': 23.74}",1.56,32.72,33.76,inf,138.564,138.564
291,T8,BESTEFFORT,CANCELLED,,28.58,"{'m1-1': 103.99, 'm2-1': 112.74, 'm3-1': 1.07, 'm4-1': 24.6, 'm5-1': 153.07, 'm6-1': 24.89, 'm7-1': 97.23, 'm8-1': 24.83}",0.0,inf,inf,inf,138.57999999999998,138.57999999999998
292,T1,BESTEFFORT,CANCELLED,,28.662,"{'m1-1': 102.96, 'm2-1': 119.17, 'm3-1': 1.08, 'm4-1': 23.41, 'm5-1': 146.05, 'm6-1': 24.79, 'm7-1': 105.06, 'm8-1': 24.48}",0.0,inf,inf,inf,138.662,138.662
293,T6,BESTEFFORT,CANCELLED,,28.68,"{'m1-1': 96.0, 'm2-1': 104.29, 'm3-1': 1.01, 'm4-1': 27.38, 'm5-1': 155.56, 'm6-1': 26.88, 'm7-1': 95.27, 'm8-1': 27.88}",0.0,inf,inf,inf,138.68,138.68
294,T9,BESTEFFORT,CANCELLED,,28.697,"{'m1-1': 99.86, 'm2-1': 103.77, 'm3-1': 1.04, 'm4-1': 24.1, 'm5-1': 146.78, 'm6-1': 25.06, 'm7-1': 97.07, 'm8-1': 26.55}",0.0,inf,inf,inf,138.697,138.697
295,T8,BESTEFFORT,CANCELLED,,28.851,"{'m1-1': 99.32, 'm2-1': 105.47, 'm3-1': 1.13, 'm4-1': 23.46, 'm5-1': 166.69, 'm6-1': 24.66, 'm7-1': 102.82, 'm8-1': 23.43}",0.0,inf,inf,inf,138.851,138.851
296,T3,BESTEFFORT,CANCELLED,,28.893,"{'m1-1': 108.66, 'm2-1': 100.65, 'm3-1': 0.99, 'm4-1': 24.99, 'm5-1': 162.72, 'm6-1': 26.52, 'm7-1': 115.38, 'm8-1': 26.4}",0.0,inf,inf,inf,138.893,138.893
297,T5,BESTEFFORT,CANCELLED,,29.043,"{'m1-1': 106.03, 'm2-1': 107.72, 'm3-1': 1.19, 'm4-1': 27.04, 'm5-1': 152.92, 'm6-1': 24.86, 'm7-1': 109.88, 'm8-1': 24.18}",0.0,inf,inf,inf,139.043,139.043
298,T5,BESTEFFORT,CANCELLED,,29.154,"{'m1-1': 115.02, 'm2-1': 105.38, 'm3-1': 1.05, 'm4-1': 25.17, 'm5-1': 162.82, 'm6-1': 27.56, 'm7-1': 99.16, 'm8-1': 23.83}",0.0,inf,inf,inf,139.154,139.154
299,T10,BESTEFFORT,CANCELLED,,29.215,"{'m1-1': 98.38, 'm2-1': 99.3, 'm3-1': 0.96, 'm4-1': 24.93, 'm5-1': 158.1, 'm6-1': 28.43, 'm7-1': 99.8, 'm8-1': 25.24}",0.0,inf,inf,inf,139.215,139.215
300,T10,BESTEFFORT,CANCELLED,,29.342,"{'m1-1': 109.81, 'm2-1': 103.36, 'm3-1': 0.95, 'm4-1': 26.21, 'm5-1': 163.86, 'm6-1': 26.98, 'm7-1': 114.33, 'm8-1': 25.84}",0.0,inf,inf,inf,139.34199999999998,139.34199999999998
301,T9,BESTEFFORT,CANCELLED,,29.515,"{'m1-1': 99.12, 'm2-1': 109.21, 'm3-1': 0.96, 'm4-1': 24.23, 'm5-1': 149.13, 'm6-1': 24.71, 'm7-1': 103.89, 'm8-1': 24.75}",0.0,inf,inf,inf,139.515,139.515
302,T3,BESTEFFORT,COMPLETED,m3-1,29.766,"{'m1-1': 114.46, 'm2-1': 100.91, 'm3-1': 1.07, 'm4-1': 27.09, 'm5-1': 150.04, 'm6-1': 24.14, 'm7-1': 105.99, 'm8-1': 25.13}",1.605,35.87,36.94,inf,139.766,139.766
303,T2,BESTEFFORT,CANCELLED,,29.773,"{'m1-1': 103.27, 'm2-1': 106.23, 'm3-1': 1.1, 'm4-1': 26.77, 'm5-1': 159.35, 'm6-1': 24.16, 'm7-1': 97.88, 'm8-1': 27.18}",0.0,inf,inf,inf,139.773,139.773
304,T10,BESTEFFORT,CANCELLED,,29.853,"{'m1-1': 103.36, 'm2-1': 99.3, 'm3-1': 0.98, 'm4-1': 24.21, 'm5-1': 157.22, 'm6-1': 24.18, 'm7-1': 101.2, 'm8-1': 29.31}",0.0,inf,inf,inf,139.853,139.853
305,T9,BESTEFFORT,CANCELLED,,29.926,"{'m1-1': 103.59, 'm2-1': 118.87, 'm3-1': 0.98, 'm4-1': 24.68, 'm5-1': 171.82, 'm6-1': 25.23, 'm7-1': 103.76, 'm8-1': 27.71}",0.0,inf,inf,inf,139.926,139.926
306,T6,BESTEFFORT,CANCELLED,,30.067,"{'m1-1': 99.88, 'm2-1': 106.19, 'm3-1': 1.1, 'm4-1': 25.66, 'm5-1': 155.02, 'm6-1': 25.74, 'm7-1': 97.56, 'm8-1': 27.41}",0.0,inf,inf,inf,140.067,140.067
307,T4,BESTEFFORT,COMPLETED,m3-1,30.092,"{'m1-1': 102.09, 'm2-1': 96.74, 'm3-1': 1.01, 'm4-1': 28.36, 'm5-1': 150.89, 'm6-1': 26.36, 'm7-1': 95.48, 'm8-1': 27.23}",1.5150000000000001,88.33,89.34,inf,140.09199999999998,140.09199999999998
308,T8,BESTEFFORT,CANCELLED,,30.152,"{'m1-1': 112.49, 'm2-1': 108.72, 'm3-1': 1.04, 'm4-1': 25.52, 'm5-1': 165.88, 'm6-1': 28.07, 'm7-1': 99.04, 'm8-1': 25.28}",0.0,inf,inf,inf,140.152,140.152
309,T7,BESTEFFORT,CANCELLED,,30.242,"{'m1-1': 94.99, 'm2-1': 107.03, 'm3-1': 1.1, 'm4-1': 25.83, 'm5-1': 144.34, 'm6-1': 25.18, 'm7-1': 99.86, 'm8-1': 28.75}",0.0,inf,inf,inf,140.242,140.242
310,T6,BESTEFFORT,CANCELLED,,30.401,"{'m1-1': 104.79, 'm2-1': 109.13, 'm3-1': 1.13, 'm4-1': 25.12, 'm5-1': 164.48, 'm6-1': 26.6, 'm7-1': 104.83, 'm8-1': 25.69}",0.0,inf,inf,inf,140.401,140.401
311,T9,BESTEFFORT,CANCELLED,,30.476,"{'m1-1': 100.11, 'm2-1': 117.8, 'm3-1': 1.12, 'm4-1': 28.1, 'm5-1': 152.55, 'm6-1': 23.76, 'm7-1': 99.49, 'm8-1': 27.02}",0.0,inf,inf,inf,140.476,140.476
312,T7,BESTEFFORT,CANCELLED,,30.49,"{'m1-1': 99.17, 'm2-1': 112.47, 'm3-1': 1.17, 'm4-1': 27.03, 'm5-1': 141.37, 'm6-1': 23.53, 'm7-1': 101.87, 'm8-1': 28.31}",0.0,inf,inf,inf,140.49,140.49
313,T9,BESTEFFORT,CANCELLED,,30.614,"{'m1-1': 110.37, 'm2-1': 109.88, 'm3-1': 1.1, 'm4-1': 25.64, 'm5-1': 157.9, 'm6-1': 25.36, 'm7-1': 99.09, 'm8-1': 23.66}",0.0,inf,inf,inf,140.614,140.614
314,T9,BESTEFFORT,COMPLETED,m3-1,30.828,"{'m1-1': 109.36, 'm2-1': 115.37, 'm3-1': 1.0, 'm4-1': 27.18, 'm5-1': 168.1, 'm6-1': 25.34, 'm7-1': 106.93, 'm8-1': 23.86}",1.5,36.94,37.94,inf,140.828,140.828
315,T5,BESTEFFORT,CANCELLED,,30.853,"{'m1-1': 104.51, 'm2-1': 108.81, 'm3-1': 1.08, 'm4-1': 23.08, 'm5-1': 162.0, 'm6-1': 28.78, 'm7-1': 108.39, 'm8-1': 24.85}",0.0,inf,inf,inf,140.853,140.853
316,T8,BESTEFFORT,CANCELLED,,30.88,"{'m1-1': 101.04, 'm2-1': 106.83, 'm3-1': 1.01, 'm4-1': 26.35, 'm5-1': 154.69, 'm6-1': 24.91, 'm7-1': 108.54, 'm8-1': 25.68}",0.0,inf,inf,inf,140.88,140.88
317,T2,BESTEFFORT,CANCELLED,,31.07,"{'m1-1': 102.93, 'm2-1': 107.78, 'm3-1': 0.99, 'm4-1': 27.09, 'm5-1': 140.3, 'm6-1': 25.94, 'm7-1': 98.86, 'm8-1': 23.88}",0.0,inf,inf,inf,141.07,141.07
318,T7,BESTEFFORT,MISSED,m5-1,31.413,"{'m1-1': 108.7, 'm2-1': 100.8, 'm3-1': 1.14, 'm4-1': 25.43, 'm5-1': 152.53, 'm6-1': 25.84, 'm7-1': 108.02, 'm8-1': 28.91}",0.0,181.631,inf,181.631,141.413,141.413
319,T1,BESTEFFORT,CANCELLED,,31.64,"{'m1-1': 105.51, 'm2-1': 108.31, 'm3-1': 1.0, 'm4-1': 26.09, 'm5-1': 156.96, 'm6-1': 26.5, 'm7-1': 104.62, 'm8-1': 27.55}",0.0,inf,inf,inf,141.64,141.64
320,T6,BESTEFFORT,CANCELLED,,31.818,"{'m1-1': 111.56, 'm2-1': 103.11, 'm3-1': 1.09, 'm4-1': 25.82, 'm5-1': 158.42, 'm6-1': 27.84, 'm7-1': 100.42, 'm8-1': 27.89}",0.0,inf,inf,inf,141.818,141.818
321,T3,BESTEFFORT,CANCELLED,,31.827,"{'m1-1': 106.94, 'm2-1': 95.36, 'm3-1': 1.03, 'm4-1': 27.37, 'm5-1': 146.9, 'm6-1': 23.73, 'm7-1': 111.39, 'm8-1': 25.17}",0.0,inf,inf,inf,141.827,141.827
322,T10,BESTEFFORT,CANCELLED,,31.959,"{'m1-1': 98.61, 'm2-1': 95.93, 'm3-1': 1.1, 'm4-1': 23.36, 'm5-1': 159.85, 'm6-1': 28.16, 'm7-1': 102.4, 'm8-1': 25.76}",0.0,inf,inf,inf,141.959,141.959
323,T8,BESTEFFORT,CANCELLED,,32.015,"{'m1-1': 100.81, 'm2-1': 96.18, 'm3-1': 1.15, 'm4-1': 23.53, 'm5-1': 160.62, 'm6-1': 26.17, 'm7-1': 100.58, 'm8-1': 27.02}",0.0,inf,inf,inf,142.015,142.015
324,T5,BESTEFFORT,CANCELLED,,32.05,"{'m1-1': 102.16, 'm2-1': 111.05, 'm3-1': 1.11, 'm4-1': 25.69, 'm5-1': 157.97, 'm6-1': 26.81, 'm7-1': 104.81, 'm8-1': 25.59}",0.0,inf,inf,inf,142.05,142.05
325,T4,BESTEFFORT,CANCELLED,,32.704,"{'m1-1': 112.74, 'm2-1': 104.04, 'm3-1': 1.12, 'm4-1': 26.08, 'm5-1': 165.14, 'm6-1': 27.33, 'm7-1': 107.11, 'm8-1': 24.68}",0.0,inf,inf,inf,142.704,142.704
326,T4,BESTEFFORT,CANCELLED,,32.742,"{'m1-1': 104.03, 'm2-1': 107.68, 'm3-1': 1.0, 'm4-1': 27.41, 'm5-1': 155.73, 'm6-1': 25.48, 'm7-1': 109.88, 'm8-1': 26.61}",0.0,inf,inf,inf,142.742,142.742
327,T6,BESTEFFORT,COMPLETED,m3-1,32.867,"{'m1-1': 100.03, 'm2-1': 102.33, 'm3-1': 1.0, 'm4-1': 25.16, 'm5-1': 146.02, 'm6-1': 24.74, 'm7-1': 101.05, 'm8-1': 28.37}",1.5,91.43,92.43,inf,142.867,142.867
328,T5,BESTEFFORT,CANCELLED,,32.883,"{'m1-1': 111.56, 'm2-1': 101.85, 'm3-1': 1.15, 'm4-1': 24.12, 'm5-1': 161.3, 'm6-1': 27.22, 'm7-1': 113.14, 'm8-1': 23.66}",0.0,inf,inf,inf,142.883,142.883
329,T10,BESTEFFORT,CANCELLED,,32.939,"{'m1-1': 107.39, 'm2-1': 92.74, 'm3-1': 1.05, 'm4-1': 23.72, 'm5-1': 167.1, 'm6-1': 26.68, 'm7-1': 106.25, 'm8-1': 28.34}",0.0,inf,inf,inf,142.939,142.939
330,T2,BESTEFFORT,CANCELLED,,32.963,"{'m1-1': 109.09, 'm2-1': 95.57, 'm3-1': 1.11, 'm4-1': 25.58, 'm5-1': 149.56, 'm6-1': 23.57, 'm7-1': 107.62, 'm8-1': 23.77}",0.0,inf,inf,inf,142.963,142.963
331,T4,BESTEFFORT,CANCELLED,,33.134,"{'m1-1': 103.8, 'm2-1': 106.97, 'm3-1': 1.15, 'm4-1': 26.32, 'm5-1': 163.41, 'm6-1': 28.01, 'm7-1': 104.96, 'm8-1': 26.53}",0.0,inf,inf,inf,143.13400000000001,143.13400000000001
332,T5,BESTEFFORT,CANCELLED,,33.203,"{'m1-1': 113.51, 'm2-1': 102.92, 'm3-1': 1.16, 'm4-1': 23.01, 'm5-1': 162.64, 'm6-1': 27.92, 'm7-1': 102.46, 'm8-1': 23.8}",0.0,inf,inf,inf,143.203,143.203
333,T2,BESTEFFORT,CANCELLED,,33.274,"{'m1-1': 109.48, 'm2-1': 100.02, 'm3-1': 1.04, 'm4-1': 27.13, 'm5-1': 157.12, 'm6-1': 24.16, 'm7-1': 101.12, 'm8-1': 25.13}",0.0,inf,inf,inf,143.274,143.274
334,T3,BESTEFFORT,CANCELLED,,33.384,"{'m1-1': 114.91, 'm2-1': 103.87, 'm3-1': 0.96, 'm4-1': 25.76, 'm5-1': 145.16, 'm6-1': 24.51, 'm7-1': 109.18, 'm8-1': 25.47}",0.0,inf,inf,inf,143.38400000000001,143.38400000000001
335,T4,BESTEFFORT,CANCELLED,,33.546,"{'m1-1': 115.82, 'm2-1': 107.2, 'm3-1': 1.06, 'm4-1': 25.82, 'm5-1': 161.65, 'm6-1': 25.48, 'm7-1': 109.23, 'm8-1': 25.51}",0.0,inf,inf,inf,143.546,143.546
336,T3,BESTEFFORT,CANCELLED,,33.63,"{'m1-1': 101.04, 'm2-1': 96.2, 'm3-1': 1.08, 'm4-1': 25.1, 'm5-1': 163.71, 'm6-1': 27.39, 'm7-1': 110.11, 'm8-1': 27.27}",0.0,inf,inf,inf,143.63,143.63
337,T8,BESTEFFORT,CANCELLED,,33.727,"{'m1-1': 105.43, 'm2-1': 108.58, 'm3-1': 1.11, 'm4-1': 26.14, 'm5-1': 162.06, 'm6-1': 23.86, 'm7-1': 97.11, 'm8-1': 24.68}",0.0,inf,inf,inf,143.727,143.727
338,T6,BESTEFFORT,CANCELLED,,33.796,"{'m1-1': 102.0, 'm2-1': 107.12, 'm3-1': 1.11, 'm4-1': 24.94, 'm5-1': 163.64, 'm6-1': 27.73, 'm7-1': 109.52, 'm8-1': 26.34}",0.0,inf,inf,inf,143.796,143.796
339,T3,BESTEFFORT,CANCELLED,,34.056,"{'m1-1': 103.4, 'm2-1': 94.02, 'm3-1': 1.11, 'm4-1': 28.18, 'm5-1': 158.59, 'm6-1': 25.57, 'm7-1': 107.55, 'm8-1': 26.49}",0.0,inf,inf,inf,144.05599999999998,144.05599999999998
340,T9,BESTEFFORT,MISSED,m7-1,34.09,"{'m1-1': 98.12, 'm2-1': 115.37, 'm3-1': 1.08, 'm4-1': 27.32, 'm5-1': 148.07, 'm6-1': 26.44, 'm7-1': 94.39, 'm8-1': 25.1}",0.0,189.96800000000002,inf,189.96800000000002,144.09,144.09
341,T8,BESTEFFORT,CANCELLED,,34.189,"{'m1-1': 111.57, 'm2-1': 104.02, 'm3-1': 1.12, 'm4-1': 24.06, 'm5-1': 160.54, 'm6-1': 25.82, 'm7-1': 104.38, 'm8-1': 26.82}",0.0,inf,inf,inf,144.189,144.189
342,T2,BESTEFFORT,CANCELLED,,34.228,"{'m1-1': 106.77, 'm2-1': 107.12, 'm3-1': 1.0, 'm4-1': 24.23, 'm5-1': 151.86, 'm6-1': 26.22, 'm7-1': 106.63, 'm8-1': 26.97}",0.0,inf,inf,inf,144.228,144.228
343,T4,BESTEFFORT,CANCELLED,,34.533,"{'m1-1': 101.87, 'm2-1': 104.9, 'm3-1': 1.16, 'm4-1': 24.02, 'm5-1': 176.45, 'm6-1': 28.5, 'm7-1': 98.22, 'm8-1': 26.04}",0.0,inf,inf,inf,144.53300000000002,144.53300000000002
344,T6,BESTEFFORT,COMPLETED,m3-1,34.548,"{'m1-1': 98.03, 'm2-1': 109.98, 'm3-1': 1.05, 'm4-1': 25.73, 'm5-1': 168.96, 'm6-1': 25.14, 'm7-1': 101.5, 'm8-1': 27.8}",1.5750000000000002,92.43,93.48,inf,144.548,144.548
345,T4,BESTEFFORT,CANCELLED,,34.611,"{'m1-1': 102.91, 'm2-1': 108.24, 'm3-1': 0.99, 'm4-1': 26.16, 'm5-1': 164.76, 'm6-1': 28.2, 'm7-1': 96.87, 'm8-1': 27.52}",0.0,inf,inf,inf,144.611,144.611
346,T10,BESTEFFORT,CANCELLED,,34.754,"{'m1-1': 107.88, 'm2-1': 94.23, 'm3-1': 0.98, 'm4-1': 27.09, 'm5-1': 155.74, 'm6-1': 26.5, 'm7-1': 115.41, 'm8-1': 29.09}",0.0,inf,inf,inf,144.754,144.754
347,T8,BESTEFFORT,CANCELLED,,34.801,"{'m1-1': 106.4, 'm2-1': 99.12, 'm3-1': 1.09, 'm4-1': 23.94, 'm5-1': 163.97, 'm6-1': 24.73, 'm7-1': 106.59, 'm8-1': 26.69}",0.0,inf,inf,inf,144.801,144.801
348,T4,BESTEFFORT,CANCELLED,,34.868,"{'m1-1': 116.58, 'm2-1': 109.04, 'm3-1': 1.04, 'm4-1': 24.66, 'm5-1': 160.31, 'm6-1': 28.08, 'm7-1': 107.99, 'm8-1': 24.65}",0.0,inf,inf,inf,144.868,144.868
349,T2,BESTEFFORT,CANCELLED,,35.286,"{'m1-1': 111.34, 'm2-1': 103.09, 'm3-1': 1.12, 'm4-1': 26.82, 'm5-1': 157.19, 'm6-1': 27.01, 'm7-1': 98.8, 'm8-1': 26.03}",0.0,inf,inf,inf,145.286,145.286
350,T3,BESTEFFORT,COMPLETED,m3-1,35.334,"{'m1-1': 114.67, 'm2-1': 109.26, 'm3-1': 1.06, 'm4-1': 26.69, 'm5-1': 166.14, 'm6-1': 27.18, 'm7-1': 107.78, 'm8-1': 24.02}",1.59,39.089999999999996,40.15,inf,145.334,145.334
351,T6,BESTEFFORT,CANCELLED,,35.343,"{'m1-1': 110.24, 'm2-1': 104.67, 'm3-1': 1.0, 'm4-1': 25.42, 'm5-1': 168.77, 'm6-1': 26.76, 'm7-1': 110.63, 'm8-1': 26.18}",0.0,inf,inf,inf,145.34300000000002,145.34300000000002
352,T6,BESTEFFORT,CANCELLED,,35.447,"{'m1-1': 104.45, 'm2-1': 103.56, 'm3-1': 1.1, 'm4-1': 23.56, 'm5-1': 153.72, 'm6-1': 24.78, 'm7-1': 107.65, 'm8-1': 27.49}",0.0,inf,inf,inf,145.447,145.447
353,T6,BESTEFFORT,CANCELLED,,35.754,"{'m1-1': 96.06, 'm2-1': 111.68, 'm3-1': 1.12, 'm4-1': 27.4, 'm5-1': 148.38, 'm6-1': 27.04, 'm7-1': 109.82, 'm8-1': 27.45}",0.0,inf,inf,inf,145.754,145.754
354,T3,BESTEFFORT,CANCELLED,,35.771,"{'m1-1': 104.7, 'm2-1': 94.97, 'm3-1': 1.08, 'm4-1': 26.1, 'm5-1': 160.29, 'm6-1': 24.57, 'm7-1': 99.53, 'm8-1': 26.04}",0.0,inf,inf,inf,145.77100000000002,145.77100000000002
355,T2,BESTEFFORT,CANCELLED,,35.775,"{'m1-1': 112.37, 'm2-1': 107.9, 'm3-1': 1.08, 'm4-1': 24.06, 'm5-1': 158.26, 'm6-1': 25.28, 'm7-1': 111.12, 'm8-1': 27.11}",0.0,inf,inf,inf,145.775,145.775
356,T8,BESTEFFORT,COMPLETED,m3-1,35.78,"{'m1-1': 95.84, 'm2-1': 102.88, 'm3-1': 1.09, 'm4-1': 25.67, 'm5-1': 167.9, 'm6-1': 25.02, 'm7-1': 107.3, 'm8-1': 24.56}",1.6350000000000002,139.5,140.59,inf,145.78,145.78
357,T10,BESTEFFORT,CANCELLED,,35.888,"{'m1-1': 98.61, 'm2-1': 105.06, 'm3-1': 1.12, 'm4-1': 24.97, 'm5-1': 147.94, 'm6-1': 24.2, 'm7-1': 110.05, 'm8-1': 28.22}",0.0,inf,inf,inf,145.888,145.888
358,T1,BESTEFFORT,CANCELLED,,35.958,"{'m1-1': 105.51, 'm2-1': 112.69, 'm3-1': 1.01, 'm4-1': 27.36, 'm5-1': 148.38, 'm6-1': 27.32, 'm7-1': 111.4, 'm8-1': 25.3}",0.0,inf,inf,inf,145.958,145.958
359,T8,BESTEFFORT,CANCELLED,,35.998,"{'m1-1': 99.41, 'm2-1': 103.01, 'm3-1': 1.04, 'm4-1': 25.36, 'm5-1': 164.05, 'm6-1': 26.9, 'm7-1': 98.46, 'm8-1': 26.73}",0.0,inf,inf,inf,145.998,145.998
360,T10,BESTEFFORT,COMPLETED,m3-1,36.235,"{'m1-1': 110.38, 'm2-1': 102.9, 'm3-1': 0.96, 'm4-1': 24.2, 'm5-1': 154.03, 'm6-1': 25.0, 'm7-1': 109.76, 'm8-1': 29.13}",1.44,140.59,141.55,inf,146.235,146.235
361,T2,BESTEFFORT,CANCELLED,,36.303,"{'m1-1': 109.07, 'm2-1': 94.88, 'm3-1': 1.03, 'm4-1': 25.0, 'm5-1': 158.03, 'm6-1': 26.36, 'm7-1': 110.86, 'm8-1': 25.44}",0.0,inf,inf,inf,146.303,146.303
362,T9,BESTEFFORT,COMPLETED,m3-1,36.345,"{'m1-1': 95.93, 'm2-1': 118.6, 'm3-1': 1.0, 'm4-1': 25.69, 'm5-1': 152.45, 'm6-1': 25.14, 'm7-1': 92.62, 'm8-1': 26.13}",1.5,40.15,41.15,inf,146.345,146.345
363,T1,BESTEFFORT,CANCELLED,,36.371,"{'m1-1': 102.64, 'm2-1': 117.59, 'm3-1': 1.0, 'm4-1': 24.51, 'm5-1': 144.13, 'm6-1': 24.63, 'm7-1': 102.17, 'm8-1': 25.83}",0.0,inf,inf,inf,146.371,146.371
364,T3,BESTEFFORT,CANCELLED,,36.388,"{'m1-1': 102.65, 'm2-1': 103.39, 'm3-1': 1.05, 'm4-1': 27.8, 'm5-1': 160.18, 'm6-1': 26.69, 'm7-1': 103.34, 'm8-1': 24.57}",0.0,inf,inf,inf,146.388,146.388
365,T9,BESTEFFORT,CANCELLED,,36.564,"{'m1-1': 110.2, 'm2-1': 109.23, 'm3-1': 1.08, 'm4-1': 24.77, 'm5-1': 151.85, 'm6-1': 24.63, 'm7-1': 105.33, 'm8-1': 24.62}",0.0,inf,inf,inf,146.564,146.564
366,T1,BESTEFFORT,CANCELLED,,36.645,"{'m1-1': 100.09, 'm2-1': 111.41, 'm3-1': 1.08, 'm4-1': 26.97, 'm5-1': 154.61, 'm6-1': 24.25, 'm7-1': 111.59, 'm8-1': 26.84}",0.0,inf,inf,inf,146.645,146.645
367,T3,BESTEFFORT,COMPLETED,m3-1,36.669,"{'m1-1': 111.47, 'm2-1': 92.97, 'm3-1': 1.06, 'm4-1': 28.48, 'm5-1': 155.17, 'm6-1': 24.04, 'm7-1': 110.12, 'm8-1': 23.98}",1.59,41.15,42.21,inf,146.66899999999998,146.66899999999998
368,T8,BESTEFFORT,CANCELLED,,36.699,"{'m1-1': 96.62, 'm2-1': 106.3, 'm3-1': 1.0, 'm4-1': 23.23, 'm5-1': 166.27, 'm6-1': 24.77, 'm7-1': 101.93, 'm8-1': 27.17}",0.0,inf,inf,inf,146.699,146.699
369,T6,BESTEFFORT,CANCELLED,,36.812,"{'m1-1': 108.15, 'm2-1': 97.91, 'm3-1': 1.07, 'm4-1': 25.98, 'm5-1': 169.42, 'm6-1': 25.72, 'm7-1': 102.17, 'm8-1': 28.14}",0.0,inf,inf,inf,146.812,146.812
370,T10,BESTEFFORT,CANCELLED,,36.984,"{'m1-1': 98.57, 'm2-1': 106.55, 'm3-1': 1.0, 'm4-1': 24.46, 'm5-1': 150.71, 'm6-1': 24.71, 'm7-1': 101.16, 'm8-1': 28.85}",0.0,inf,inf,inf,146.984,146.984
371,T3,BESTEFFORT,CANCELLED,,37.001,"{'m1-1': 100.33, 'm2-1': 104.68, 'm3-1': 0.99, 'm4-1': 25.68, 'm5-1': 168.14, 'm6-1': 27.32, 'm7-1': 112.53, 'm8-1': 27.95}",0.0,inf,inf,inf,147.001,147.001
372,T10,BESTEFFORT,CANCELLED,,37.023,"{'m1-1': 115.23, 'm2-1': 99.23, 'm3-1': 1.07, 'm4-1': 25.7, 'm5-1': 166.53, 'm6-1': 27.71, 'm7-1': 102.32, 'm8-1': 27.95}",0.0,inf,inf,inf,147.023,147.023
373,T9,BESTEFFORT,COMPLETED,m3-1,37.268,"{'m1-1': 113.05, 'm2-1': 100.36, 'm3-1': 1.1, 'm4-1': 24.31, 'm5-1': 155.81, 'm6-1': 26.45, 'm7-1': 101.14, 'm8-1': 25.35}",1.6500000000000001,42.21,43.31,inf,147.268,147.268
374,T10,BESTEFFORT,CANCELLED,,37.31,"{'m1-1': 100.87, 'm2-1': 100.72, 'm3-1': 0.97, 'm4-1': 23.62, 'm5-1': 166.12, 'm6-1': 25.68, 'm7-1': 113.39, 'm8-1': 27.43}",0.0,inf,inf,inf,147.31,147.31
375,T9,BESTEFFORT,COMPLETED,m3-1,37.313,"{'m1-1': 96.1, 'm2-1': 113.2, 'm3-1': 1.04, 'm4-1': 26.61, 'm5-1': 147.99, 'm6-1': 24.36, 'm7-1': 101.59, 'm8-1': 27.12}",1.56,141.55,142.59,inf,147.313,147.313
376,T4,BESTEFFORT,CANCELLED,,37.403,"{'m1-1': 111.81, 'm2-1': 95.37, 'm3-1': 1.15, 'm4-1': 25.1, 'm5-1': 175.08, 'm6-1': 29.19, 'm7-1': 99.64, 'm8-1': 27.22}",0.0,inf,inf,inf,147.403,147.403
377,T10,BESTEFFORT,COMPLETED,m3-1,37.68,"{'m1-1': 98.2, 'm2-1': 95.39, 'm3-1': 1.04, 'm4-1': 26.42, 'm5-1': 167.29, 'm6-1': 27.29, 'm7-1': 110.51, 'm8-1': 29.17}",1.56,46.45,47.49,inf,147.68,147.68
378,T4,BESTEFFORT,CANCELLED,,37.695,"{'m1-1': 106.25, 'm2-1': 103.3, 'm3-1': 0.99, 'm4-1': 26.26, 'm5-1': 177.69, 'm6-1': 29.15, 'm7-1': 97.86, 'm8-1': 26.36}",0.0,inf,inf,inf,147.695,147.695
379,T6,BESTEFFORT,CANCELLED,,37.699,"{'m1-1': 112.42, 'm2-1': 98.63, 'm3-1': 1.1, 'm4-1': 24.47, 'm5-1': 148.04, 'm6-1': 27.03, 'm7-1': 95.07, 'm8-1': 27.93}",0.0,inf,inf,inf,147.699,147.699
380,T8,BESTEFFORT,COMPLETED,m3-1,37.904,"{'m1-1': 100.95, 'm2-1': 97.9, 'm3-1': 1.02, 'm4-1': 24.63, 'm5-1': 160.41, 'm6-1': 25.5, 'm7-1': 96.3, 'm8-1': 23.35}",1.53,93.48,94.5,inf,147.904,147.904
381,T8,BESTEFFORT,COMPLETED,m3-1,37.923,"{'m1-1': 107.43, 'm2-1': 104.1, 'm3-1': 1.0, 'm4-1': 25.92, 'm5-1': 150.23, 'm6-1': 24.78, 'm7-1': 98.02, 'm8-1': 26.44}",1.5,103.66999999999999,104.66999999999999,inf,147.923,147.923
382,T6,BESTEFFORT,CANCELLED,,37.95,"{'m1-1': 112.42, 'm2-1': 113.07, 'm3-1': 1.01, 'm4-1': 27.43, 'm5-1': 168.64, 'm6-1': 26.35, 'm7-1': 101.19, 'm8-1': 25.82}",0.0,inf,inf,inf,147.95,147.95
383,T2,BESTEFFORT,CANCELLED,,37.965,"{'m1-1': 99.28, 'm2-1': 100.43, 'm3-1': 1.13, 'm4-1': 27.26, 'm5-1': 140.18, 'm6-1': 26.27, 'm7-1': 94.58, 'm8-1': 26.31}",0.0,inf,inf,inf,147.965,147.965
384,T9,BESTEFFORT,MISSED,m7-1,38.166,"{'m1-1': 98.26, 'm2-1': 104.28, 'm3-1': 0.98, 'm4-1': 24.08, 'm5-1': 173.14, 'm6-1': 24.16, 'm7-1': 107.97, 'm8-1': 25.28}",0.0,189.96800000000002,inf,189.96800000000002,148.166,148.166
385,T1,BESTEFFORT,CANCELLED,,38.237,"{'m1-1': 94.98, 'm2-1': 113.96, 'm3-1': 1.06, 'm4-1': 25.98, 'm5-1': 165.98, 'm6-1': 24.4, 'm7-1': 110.71, 'm8-1': 26.75}",0.0,inf,inf,inf,148.237,148.237
386,T1,BESTEFFORT,CANCELLED,,38.302,"{'m1-1': 109.35, 'm2-1': 115.35, 'm3-1': 1.07, 'm4-1': 27.45, 'm5-1': 155.26, 'm6-1': 24.63, 'm7-1': 107.84, 'm8-1': 27.24}",0.0,inf,inf,inf,148.302,148.302
387,T8,BESTEFFORT,CANCELLED,,38.395,"{'m1-1': 98.01, 'm2-1': 109.76, 'm3-1': 1.07, 'm4-1': 24.05, 'm5-1': 158.33, 'm6-1': 27.34, 'm7-1': 111.47, 'm8-1': 24.91}",0.0,inf,inf,inf,148.395,148.395
388,T7,BESTEFFORT,CANCELLED,,38.495,"{'m1-1': 105.53, 'm2-1': 100.36, 'm3-1': 1.08, 'm4-1': 27.36, 'm5-1': 154.62, 'm6-1': 23.67, 'm7-1': 99.05, 'm8-1': 27.96}",0.0,inf,inf,inf,148.495,148.495
389,T8,BESTEFFORT,CANCELLED,,38.515,"{'m1-1': 110.0, 'm2-1': 109.27, 'm3-1': 1.08, 'm4-1': 27.23, 'm5-1': 166.9, 'm6-1': 25.91, 'm7-1': 110.85, 'm8-1': 26.33}",0.0,inf,inf,inf,148.515,148.515
390,T9,BESTEFFORT,CANCELLED,,38.595,"{'m1-1': 95.76, 'm2-1': 116.1, 'm3-1': 1.07, 'm4-1': 26.25, 'm5-1': 160.15, 'm6-1': 26.23, 'm7-1': 106.09, 'm8-1': 24.69}",0.0,inf,inf,inf,148.595,148.595
391,T3,BESTEFFORT,COMPLETED,m3-1,38.751,"{'m1-1': 105.62, 'm2-1': 95.63, 'm3-1': 0.99, 'm4-1': 28.46, 'm5-1': 157.62, 'm6-1': 23.74, 'm7-1': 108.37, 'm8-1': 26.32}",1.4849999999999999,142.59,143.58,inf,148.751,148.751
392,T1,BESTEFFORT,CANCELLED,,38.756,"{'m1-1': 99.93, 'm2-1': 103.13, 'm3-1': 1.17, 'm4-1': 23.77, 'm5-1': 155.76, 'm6-1': 23.73, 'm7-1': 107.12, 'm8-1': 28.5}",0.0,inf,inf,inf,148.756,148.756
393,T1,BESTEFFORT,CANCELLED,,38.828,"{'m1-1': 105.35, 'm2-1': 118.36, 'm3-1': 1.02, 'm4-1': 26.03, 'm5-1': 148.85, 'm6-1': 25.87, 'm7-1': 110.53, 'm8-1': 25.69}",0.0,inf,inf,inf,148.828,148.828
394,T2,BESTEFFORT,CANCELLED,,38.882,"{'m1-1': 109.09, 'm2-1': 99.11, 'm3-1': 1.08, 'm4-1': 25.76, 'm5-1': 141.97, 'm6-1': 24.61, 'm7-1': 95.34, 'm8-1': 24.89}",0.0,inf,inf,inf,148.882,148.882
395,T1,BESTEFFORT,CANCELLED,,39.213,"{'m1-1': 108.26, 'm2-1': 112.28, 'm3-1': 1.13, 'm4-1': 26.44, 'm5-1': 156.44, 'm6-1': 23.92, 'm7-1': 102.47, 'm8-1': 26.45}",0.0,inf,inf,inf,149.213,149.213
396,T1,BESTEFFORT,COMPLETED,m3-1,39.286,"{'m1-1': 102.44, 'm2-1': 117.79, 'm3-1': 1.12, 'm4-1': 27.48, 'm5-1': 162.2, 'm6-1': 23.24, 'm7-1': 102.2, 'm8-1': 28.13}",1.6800000000000002,143.58,144.70000000000002,inf,149.286,149.286
397,T10,BESTEFFORT,CANCELLED,,39.629,"{'m1-1': 98.3, 'm2-1': 94.16, 'm3-1': 1.0, 'm4-1': 24.62, 'm5-1': 160.15, 'm6-1': 26.68, 'm7-1': 99.75, 'm8-1': 27.18}",0.0,inf,inf,inf,149.629,149.629
398,T1,BESTEFFORT,CANCELLED,,39.629,"{'m1-1': 96.09, 'm2-1': 106.67, 'm3-1': 1.03, 'm4-1': 26.79, 'm5-1': 166.34, 'm6-1': 23.92, 'm7-1': 110.22, 'm8-1': 25.11}",0.0,inf,inf,inf,149.629,149.629
399,T5,BESTEFFORT,COMPLETED,m4-1,39.688,"{'m1-1': 105.26, 'm2-1': 116.69, 'm3-1': 1.08, 'm4-1': 23.05, 'm5-1': 166.09, 'm6-1': 28.75, 'm7-1': 97.3, 'm8-1': 25.9}",34.575,122.37,145.42000000000002,inf,149.688,149.688
400,T4,BESTEFFORT,CANCELLED,,39.79,"{'m1-1': 113.38, 'm2-1': 92.55, 'm3-1': 1.02, 'm4-1': 27.16, 'm5-1': 154.05, 'm6-1': 26.57, 'm7-1': 96.01, 'm8-1': 27.52}",0.0,inf,inf,inf,149.79,149.79
401,T5,BESTEFFORT,CANCELLED,,39.837,"{'m1-1': 108.08, 'm2-1': 104.86, 'm3-1': 1.06, 'm4-1': 23.85, 'm5-1': 157.78, 'm6-1': 26.59, 'm7-1': 98.71, 'm8-1': 24.29}",0.0,inf,inf,inf,149.837,149.837
402,T8,BESTEFFORT,CANCELLED,,39.893,"{'m1-1': 103.84, 'm2-1': 111.58, 'm3-1': 1.09, 'm4-1': 25.78, 'm5-1': 155.66, 'm6-1': 23.82, 'm7-1': 110.46, 'm8-1': 24.91}",0.0,inf,inf,inf,149.893,149.893
403,T7,BESTEFFORT,COMPLETED,m3-1,39.913,"{'m1-1': 108.3, 'm2-1': 108.24, 'm3-1': 1.14, 'm4-1': 28.78, 'm5-1': 145.58, 'm6-1': 24.68, 'm7-1': 103.3, 'm8-1': 26.44}",1.71,104.66999999999999,105.80999999999999,inf,149.913,149.913
404,T10,BESTEFFORT,COMPLETED,m3-1,39.926,"{'m1-1': 105.95, 'm2-1': 102.7, 'm3-1': 1.08, 'm4-1': 26.32, 'm5-1': 161.5, 'm6-1': 27.28, 'm7-1': 115.74, 'm8-1': 27.34}",1.62,44.400000000000006,45.480000000000004,inf,149.926,149.926
405,T7,BESTEFFORT,CANCELLED,,39.93,"{'m1-1': 108.6, 'm2-1': 107.71, 'm3-1': 1.06, 'm4-1': 27.39, 'm5-1': 157.65, 'm6-1': 24.02, 'm7-1': 106.68, 'm8-1': 28.73}",0.0,inf,inf,inf,149.93,149.93
406,T9,BESTEFFORT,COMPLETED,m3-1,39.998,"{'m1-1': 109.63, 'm2-1': 100.88, 'm3-1': 1.0, 'm4-1': 25.61, 'm5-1': 149.29, 'm6-1': 23.95, 'm7-1': 96.41, 'm8-1': 24.88}",1.5,48.5,49.5,inf,149.998,149.998
407,T9,BESTEFFORT,COMPLETED,m3-1,40.13,"{'m1-1': 105.23, 'm2-1': 110.72, 'm3-1': 1.09, 'm4-1': 28.04, 'm5-1': 166.9, 'm6-1': 23.75, 'm7-1': 94.3, 'm8-1': 27.56}",1.6350000000000002,43.31,44.400000000000006,inf,150.13,150.13
408,T4,BESTEFFORT,CANCELLED,,40.134,"{'m1-1': 99.87, 'm2-1': 98.76, 'm3-1': 1.09, 'm4-1': 28.09, 'm5-1': 169.23, 'm6-1': 28.19, 'm7-1': 98.94, 'm8-1': 23.82}",0.0,inf,inf,inf,150.13400000000001,150.13400000000001
409,T8,BESTEFFORT,CANCELLED,,40.31,"{'m1-1': 106.7, 'm2-1': 99.65, 'm3-1': 1.16, 'm4-1': 25.69, 'm5-1': 146.07, 'm6-1': 26.89, 'm7-1': 109.3, 'm8-1': 26.11}",0.0,inf,inf,inf,150.31,150.31
410,T10,BESTEFFORT,CANCELLED,,40.392,"{'m1-1': 111.65, 'm2-1': 105.27, 'm3-1': 1.03, 'm4-1': 26.67, 'm5-1': 162.24, 'm6-1': 24.71, 'm7-1': 104.71, 'm8-1': 25.32}",0.0,inf,inf,inf,150.392,150.392
411,T4,BESTEFFORT,COMPLETED,m3-1,40.403,"{'m1-1': 110.5, 'm2-1': 97.26, 'm3-1': 1.16, 'm4-1': 25.6, 'm5-1': 165.51, 'm6-1': 28.74, 'm7-1': 93.51, 'm8-1': 25.38}",1.7399999999999998,105.80999999999999,106.96999999999998,inf,150.403,150.403
412,T7,BESTEFFORT,CANCELLED,,40.427,"{'m1-1': 105.97, 'm2-1': 110.74, 'm3-1': 1.1, 'm4-1': 24.94, 'm5-1': 153.04, 'm6-1': 23.38, 'm7-1': 95.58, 'm8-1': 29.23}",0.0,inf,inf,inf,150.427,150.427
413,T4,BESTEFFORT,COMPLETED,m3-1,40.608,"{'m1-1': 109.54, 'm2-1': 103.26, 'm3-1': 1.02, 'm4-1': 25.94, 'm5-1': 153.41, 'm6-1': 24.86, 'm7-1': 93.64, 'm8-1': 24.86}",1.53,106.96999999999998,107.98999999999998,inf,150.608,150.608
414,T8,BESTEFFORT,CANCELLED,,40.722,"{'m1-1': 109.19, 'm2-1': 110.49, 'm3-1': 1.09, 'm4-1': 26.8, 'm5-1': 169.7, 'm6-1': 26.5, 'm7-1': 103.08, 'm8-1': 23.16}",0.0,inf,inf,inf,150.722,150.722
415,T4,BESTEFFORT,CANCELLED,,40.755,"{'m1-1': 102.93, 'm2-1': 100.86, 'm3-1': 1.1, 'm4-1': 26.12, 'm5-1': 174.76, 'm6-1': 25.06, 'm7-1': 102.2, 'm8-1': 27.08}",0.0,inf,inf,inf,150.755,150.755
416,T5,BESTEFFORT,CANCELLED,,40.793,"{'m1-1': 100.45, 'm2-1': 110.0, 'm3-1': 1.18, 'm4-1': 25.3, 'm5-1': 147.74, 'm6-1': 26.97, 'm7-1': 106.4, 'm8-1': 25.36}",0.0,inf,inf,inf,150.793,150.793
417,T3,BESTEFFORT,COMPLETED,m3-1,40.826,"{'m1-1': 116.52, 'm2-1': 100.91, 'm3-1': 0.97, 'm4-1': 27.44, 'm5-1': 163.49, 'm6-1': 26.53, 'm7-1': 103.96, 'm8-1': 25.86}",1.455,45.480000000000004,46.45,inf,150.826,150.826
418,T9,BESTEFFORT,CANCELLED,,40.924,"{'m1-1': 105.49, 'm2-1': 105.78, 'm3-1': 1.06, 'm4-1': 25.66, 'm5-1': 156.56, 'm6-1': 25.83, 'm7-1': 101.14, 'm8-1': 28.01}",0.0,inf,inf,inf,150.924,150.924
419,T8,BESTEFFORT,CANCELLED,,40.935,"{'m1-1': 105.25, 'm2-1': 110.88, 'm3-1': 1.1, 'm4-1': 23.56, 'm5-1': 167.85, 'm6-1': 25.22, 'm7-1': 112.9, 'm8-1': 26.11}",0.0,inf,inf,inf,150.935,150.935
420,T3,BESTEFFORT,CANCELLED,,40.98,"{'m1-1': 117.17, 'm2-1': 110.05, 'm3-1': 0.96, 'm4-1': 28.33, 'm5-1': 148.03, 'm6-1': 25.12, 'm7-1': 112.21, 'm8-1': 24.24}",0.0,inf,inf,inf,150.98,150.98
421,T10,BESTEFFORT,CANCELLED,,40.99,"{'m1-1': 106.79, 'm2-1': 97.75, 'm3-1': 1.01, 'm4-1': 25.77, 'm5-1': 171.63, 'm6-1': 24.71, 'm7-1': 103.19, 'm8-1': 28.99}",0.0,inf,inf,inf,150.99,150.99
422,T6,BESTEFFORT,CANCELLED,,41.144,"{'m1-1': 97.31, 'm2-1': 108.8, 'm3-1': 0.98, 'm4-1': 24.48, 'm5-1': 147.19, 'm6-1': 27.17, 'm7-1': 98.36, 'm8-1': 25.44}",0.0,inf,inf,inf,151.144,151.144
423,T2,BESTEFFORT,COMPLETED,m3-1,41.168,"{'m1-1': 102.5, 'm2-1': 104.93, 'm3-1': 1.12, 'm4-1': 26.81, 'm5-1': 144.9, 'm6-1': 25.36, 'm7-1': 109.38, 'm8-1': 24.99}",1.6800000000000002,107.98999999999998,109.10999999999999,inf,151.168,151.168
424,T1,BESTEFFORT,CANCELLED,,41.19,"{'m1-1': 97.78, 'm2-1': 108.33, 'm3-1': 1.15, 'm4-1': 25.28, 'm5-1': 151.55, 'm6-1': 23.82, 'm7-1': 106.99, 'm8-1': 25.01}",0.0,inf,inf,inf,151.19,151.19
425,T3,BESTEFFORT,CANCELLED,,41.308,"{'m1-1': 100.56, 'm2-1': 97.08, 'm3-1': 0.98, 'm4-1': 25.0, 'm5-1': 146.47, 'm6-1': 23.9, 'm7-1': 108.76, 'm8-1': 26.58}",0.0,inf,inf,inf,151.308,151.308
426,T8,BESTEFFORT,MISSED,m8-1,41.349,"{'m1-1': 102.21, 'm2-1': 109.56, 'm3-1': 1.09, 'm4-1': 25.52, 'm5-1': 163.26, 'm6-1': 26.29, 'm7-1': 97.83, 'm8-1': 25.68}",0.0,206.18,inf,206.18,151.349,151.349
427,T4,BESTEFFORT,CANCELLED,,41.415,"{'m1-1': 100.73, 'm2-1': 108.52, 'm3-1': 1.05, 'm4-1': 24.47, 'm5-1': 168.17, 'm6-1': 27.72, 'm7-1': 103.03, 'm8-1': 23.37}",0.0,inf,inf,inf,151.415,151.415
428,T9,BESTEFFORT,CANCELLED,,41.42,"{'m1-1': 103.59, 'm2-1': 103.51, 'm3-1': 0.98, 'm4-1': 26.11, 'm5-1': 147.86, 'm6-1': 26.49, 'm7-1': 95.75, 'm8-1': 24.29}",0.0,inf,inf,inf,151.42000000000002,151.42000000000002
429,T5,BESTEFFORT,CANCELLED,,41.456,"{'m1-1': 104.45, 'm2-1': 113.88, 'm3-1': 1.02, 'm4-1': 27.15, 'm5-1': 151.22, 'm6-1': 25.4, 'm7-1': 100.8, 'm8-1': 24.99}",0.0,inf,inf,inf,151.45600000000002,151.45600000000002
430,T8,BESTEFFORT,CANCELLED,,41.655,"{'m1-1': 97.81, 'm2-1': 105.36, 'm3-1': 1.16, 'm4-1': 26.86, 'm5-1': 145.24, 'm6-1': 27.84, 'm7-1': 99.67, 'm8-1': 24.53}",0.0,inf,inf,inf,151.655,151.655
431,T2,BESTEFFORT,CANCELLED,,41.841,"{'m1-1': 115.62, 'm2-1': 97.85, 'm3-1': 1.01, 'm4-1': 25.2, 'm5-1': 151.33, 'm6-1': 27.46, 'm7-1': 97.42, 'm8-1': 26.15}",0.0,inf,inf,inf,151.841,151.841
432,T5,BESTEFFORT,MISSED,m4-1,41.975,"{'m1-1': 115.16, 'm2-1': 101.25, 'm3-1': 1.19, 'm4-1': 25.1, 'm5-1': 146.41, 'm6-1': 26.63, 'm7-1': 105.4, 'm8-1': 26.96}",9.832499999999968,145.42000000000002,inf,151.975,151.975,151.975
433,T3,BESTEFFORT,CANCELLED,,42.053,"{'m1-1': 108.8, 'm2-1': 103.92, 'm3-1': 1.11, 'm4-1': 25.11, 'm5-1': 147.56, 'm6-1': 23.44, 'm7-1': 99.24, 'm8-1': 23.71}",0.0,inf,inf,inf,152.053,152.053
434,T6,BESTEFFORT,CANCELLED,,42.1,"{'m1-1': 102.91, 'm2-1': 113.47, 'm3-1': 1.09, 'm4-1': 25.88, 'm5-1': 164.57, 'm6-1': 25.02, 'm7-1': 95.85, 'm8-1': 24.59}",0.0,inf,inf,inf,152.1,152.1
435,T7,BESTEFFORT,CANCELLED,,42.352,"{'m1-1': 102.37, 'm2-1': 106.43, 'm3-1': 1.11, 'm4-1': 26.97, 'm5-1': 157.94, 'm6-1': 24.34, 'm7-1': 99.82, 'm8-1': 24.62}",0.0,inf,inf,inf,152.352,152.352
436,T8,BESTEFFORT,CANCELLED,,42.536,"{'m1-1': 99.85, 'm2-1': 107.11, 'm3-1': 1.03, 'm4-1': 25.96, 'm5-1': 147.64, 'm6-1': 24.57, 'm7-1': 101.8, 'm8-1': 24.36}",0.0,inf,inf,inf,152.536,152.536
437,T4,BESTEFFORT,CANCELLED,,42.727,"{'m1-1': 99.68, 'm2-1': 107.4, 'm3-1': 1.04, 'm4-1': 28.27, 'm5-1': 163.93, 'm6-1': 28.26, 'm7-1': 106.13, 'm8-1': 26.11}",0.0,inf,inf,inf,152.727,152.727
438,T8,BESTEFFORT,MISSED,m8-1,43.2,"{'m1-1': 95.0, 'm2-1': 111.11, 'm3-1': 0.99, 'm4-1': 26.32, 'm5-1': 155.64, 'm6-1': 25.3, 'm7-1': 112.54, 'm8-1': 23.16}",32.62949999999998,131.447,inf,153.2,153.2,153.2
439,T5,BESTEFFORT,CANCELLED,,43.277,"{'m1-1': 113.02, 'm2-1': 117.1, 'm3-1': 1.12, 'm4-1': 24.86, 'm5-1': 143.16, 'm6-1': 27.61, 'm7-1': 108.68, 'm8-1': 26.51}",0.0,inf,inf,inf,153.277,153.277
440,T1,BESTEFFORT,CANCELLED,,43.548,"{'m1-1': 99.56, 'm2-1': 108.33, 'm3-1': 1.12, 'm4-1': 23.6, 'm5-1': 152.72, 'm6-1': 23.66, 'm7-1': 111.39, 'm8-1': 28.26}",0.0,inf,inf,inf,153.548,153.548
441,T7,BESTEFFORT,CANCELLED,,43.582,"{'m1-1': 100.26, 'm2-1': 113.81, 'm3-1': 1.06, 'm4-1': 24.9, 'm5-1': 146.38, 'm6-1': 25.98, 'm7-1': 106.19, 'm8-1': 24.7}",0.0,inf,inf,inf,153.582,153.582
442,T2,BESTEFFORT,CANCELLED,,43.603,"{'m1-1': 100.04, 'm2-1': 101.58, 'm3-1': 0.97, 'm4-1': 25.3, 'm5-1': 163.32, 'm6-1': 23.58, 'm7-1': 105.25, 'm8-1': 23.16}",0.0,inf,inf,inf,153.603,153.603
443,T9,BESTEFFORT,MISSED,m7-1,43.622,"{'m1-1': 108.08, 'm2-1': 100.75, 'm3-1': 0.99, 'm4-1': 26.03, 'm5-1': 146.93, 'm6-1': 25.23, 'm7-1': 94.97, 'm8-1': 26.42}",0.0,189.96800000000002,inf,189.96800000000002,153.622,153.622
444,T9,BESTEFFORT,CANCELLED,,43.645,"{'m1-1': 104.37, 'm2-1': 105.02, 'm3-1': 1.01, 'm4-1': 27.09, 'm5-1': 173.71, 'm6-1': 25.78, 'm7-1': 93.17, 'm8-1': 27.17}",0.0,inf,inf,inf,153.645,153.645
445,T5,BESTEFFORT,CANCELLED,,43.667,"{'m1-1': 108.41, 'm2-1': 111.42, 'm3-1': 1.14, 'm4-1': 23.38, 'm5-1': 168.01, 'm6-1': 24.75, 'm7-1': 100.49, 'm8-1': 25.47}",0.0,inf,inf,inf,153.667,153.667
446,T6,BESTEFFORT,CANCELLED,,43.68,"{'m1-1': 99.42, 'm2-1': 105.01, 'm3-1': 1.04, 'm4-1': 27.07, 'm5-1': 147.01, 'm6-1': 24.41, 'm7-1': 102.94, 'm8-1': 26.5}",0.0,inf,inf,inf,153.68,153.68
447,T10,BESTEFFORT,MISSED,m4-1,43.69,"{'m1-1': 98.93, 'm2-1': 92.65, 'm3-1': 1.06, 'm4-1': 23.93, 'm5-1': 165.62, 'm6-1': 25.65, 'm7-1': 106.62, 'm8-1': 28.93}",2.572500000000005,151.975,inf,153.69,153.69,153.69
448,T9,BESTEFFORT,COMPLETED,m3-1,43.9,"{'m1-1': 104.9, 'm2-1': 102.0, 'm3-1': 1.01, 'm4-1': 26.96, 'm5-1': 148.65, 'm6-1': 23.6, 'm7-1': 106.21, 'm8-1': 23.98}",1.5150000000000001,47.49,48.5,inf,153.9,153.9
449,T6,BESTEFFORT,CANCELLED,,43.987,"{'m1-1': 110.79, 'm2-1': 103.78, 'm3-1': 1.13, 'm4-1': 26.72, 'm5-1': 150.73, 'm6-1': 26.28, 'm7-1': 107.78, 'm8-1': 28.08}",0.0,inf,inf,inf,153.987,153.987
450,T5,BESTEFFORT,CANCELLED,,44.178,"{'m1-1': 111.4, 'm2-1': 105.69, 'm3-1': 1.03, 'm4-1': 26.76, 'm5-1': 160.02, 'm6-1': 27.0, 'm7-1': 103.65, 'm8-1': 27.26}",0.0,inf,inf,inf,154.178,154.178
451,T4,BESTEFFORT,CANCELLED,,44.189,"{'m1-1': 103.62, 'm2-1': 95.73, 'm3-1': 1.17, 'm4-1': 25.08, 'm5-1': 166.92, 'm6-1': 28.68, 'm7-1': 98.67, 'm8-1': 24.77}",0.0,inf,inf,inf,154.189,154.189
452,T3,BESTEFFORT,CANCELLED,,44.364,"{'m1-1': 114.61, 'm2-1': 96.67, 'm3-1': 1.05, 'm4-1': 26.42, 'm5-1': 149.79, 'm6-1': 25.86, 'm7-1': 105.16, 'm8-1': 25.45}",0.0,inf,inf,inf,154.364,154.364
453,T4,BESTEFFORT,CANCELLED,,44.56,"{'m1-1': 117.57, 'm2-1': 100.13, 'm3-1': 1.01, 'm4-1': 27.84, 'm5-1': 155.36, 'm6-1': 28.6, 'm7-1': 102.58, 'm8-1': 24.27}",0.0,inf,inf,inf,154.56,154.56
454,T5,BESTEFFORT,CANCELLED,,44.563,"{'m1-1': 110.62, 'm2-1': 102.35, 'm3-1': 1.07, 'm4-1': 24.66, 'm5-1': 152.28, 'm6-1': 25.56, 'm7-1': 104.54, 'm8-1': 25.24}",0.0,inf,inf,inf,154.563,154.563
455,T10,BESTEFFORT,CANCELLED,,44.574,"{'m1-1': 108.8, 'm2-1': 105.27, 'm3-1': 1.11, 'm4-1': 25.02, 'm5-1': 153.56, 'm6-1': 25.82, 'm7-1': 109.6, 'm8-1': 26.71}",0.0,inf,inf,inf,154.574,154.574
456,T1,BESTEFFORT,CANCELLED,,45.122,"{'m1-1': 100.9, 'm2-1': 102.51, 'm3-1': 1.14, 'm4-1': 23.5, 'm5-1': 160.98, 'm6-1': 24.34, 'm7-1': 103.83, 'm8-1': 27.0}",0.0,inf,inf,inf,155.122,155.122
457,T7,BESTEFFORT,CANCELLED,,45.126,"{'m1-1': 99.94, 'm2-1': 108.96, 'm3-1': 1.06, 'm4-1': 26.99, 'm5-1': 153.34, 'm6-1': 26.59, 'm7-1': 95.74, 'm8-1': 26.62}",0.0,inf,inf,inf,155.126,155.126
458,T10,BESTEFFORT,CANCELLED,,45.251,"{'m1-1': 112.29, 'm2-1': 94.03, 'm3-1': 1.09, 'm4-1': 24.27, 'm5-1': 170.52, 'm6-1': 25.3, 'm7-1': 108.83, 'm8-1': 26.77}",0.0,inf,inf,inf,155.251,155.251
459,T3,BESTEFFORT,CANCELLED,,45.287,"{'m1-1': 114.13, 'm2-1': 104.14, 'm3-1': 0.96, 'm4-1': 28.05, 'm5-1': 159.63, 'm6-1': 24.1, 'm7-1': 107.52, 'm8-1': 27.24}",0.0,inf,inf,inf,155.287,155.287
460,T7,BESTEFFORT,CANCELLED,,45.324,"{'m1-1': 108.37, 'm2-1': 102.96, 'm3-1': 1.16, 'm4-1': 26.58, 'm5-1': 147.89, 'm6-1': 25.46, 'm7-1': 106.88, 'm8-1': 27.16}",0.0,inf,inf,inf,155.324,155.324
461,T7,BESTEFFORT,CANCELLED,,45.381,"{'m1-1': 103.96, 'm2-1': 105.1, 'm3-1': 1.04, 'm4-1': 25.51, 'm5-1': 146.36, 'm6-1': 25.07, 'm7-1': 108.72, 'm8-1': 28.62}",0.0,inf,inf,inf,155.381,155.381
462,T2,BESTEFFORT,CANCELLED,,45.562,"{'m1-1': 115.62, 'm2-1': 109.83, 'm3-1': 0.97, 'm4-1': 25.0, 'm5-1': 152.83, 'm6-1': 24.4, 'm7-1': 104.26, 'm8-1': 25.23}",0.0,inf,inf,inf,155.562,155.562
463,T4,BESTEFFORT,CANCELLED,,45.748,"{'m1-1': 115.95, 'm2-1': 99.08, 'm3-1': 1.12, 'm4-1': 26.64, 'm5-1': 163.66, 'm6-1': 25.91, 'm7-1': 101.25, 'm8-1': 25.2}",0.0,inf,inf,inf,155.748,155.748
464,T7,BESTEFFORT,COMPLETED,m3-1,45.75,"{'m1-1': 108.59, 'm2-1': 102.4, 'm3-1': 1.08, 'm4-1': 28.48, 'm5-1': 151.54, 'm6-1': 26.43, 'm7-1': 100.32, 'm8-1': 29.16}",1.62,109.10999999999999,110.18999999999998,inf,155.75,155.75
465,T9,BESTEFFORT,CANCELLED,,45.765,"{'m1-1': 102.26, 'm2-1': 107.9, 'm3-1': 0.98, 'm4-1': 26.07, 'm5-1': 172.23, 'm6-1': 27.4, 'm7-1': 103.2, 'm8-1': 26.17}",0.0,inf,inf,inf,155.765,155.765
466,T1,BESTEFFORT,CANCELLED,,45.947,"{'m1-1': 108.42, 'm2-1': 103.98, 'm3-1': 1.18, 'm4-1': 26.03, 'm5-1': 161.55, 'm6-1': 27.4, 'm7-1': 111.9, 'm8-1': 27.14}",0.0,inf,inf,inf,155.947,155.947
467,T9,BESTEFFORT,CANCELLED,,46.16,"{'m1-1': 106.05, 'm2-1': 118.19, 'm3-1': 1.04, 'm4-1': 25.32, 'm5-1': 153.15, 'm6-1': 25.85, 'm7-1': 96.08, 'm8-1': 26.49}",0.0,inf,inf,inf,156.16,156.16
468,T3,BESTEFFORT,CANCELLED,,46.464,"{'m1-1': 117.22, 'm2-1': 104.08, 'm3-1': 1.09, 'm4-1': 28.79, 'm5-1': 147.68, 'm6-1': 23.56, 'm7-1': 112.12, 'm8-1': 24.75}",0.0,inf,inf,inf,156.464,156.464
469,T7,BESTEFFORT,CANCELLED,,46.552,"{'m1-1': 102.04, 'm2-1': 97.15, 'm3-1': 1.0, 'm4-1': 25.05, 'm5-1': 162.29, 'm6-1': 25.84, 'm7-1': 92.71, 'm8-1': 24.74}",0.0,inf,inf,inf,156.552,156.552
470,T9,BESTEFFORT,COMPLETED,m3-1,46.644,"{'m1-1': 106.83, 'm2-1': 114.69, 'm3-1': 1.1, 'm4-1': 26.21, 'm5-1': 159.53, 'm6-1': 23.85, 'm7-1': 95.45, 'm8-1': 24.21}",1.6500000000000001,50.5,51.6,inf,156.644,156.644
471,T3,BESTEFFORT,COMPLETED,m3-1,46.796,"{'m1-1': 108.71, 'm2-1': 97.58, 'm3-1': 1.0, 'm4-1': 26.42, 'm5-1': 151.87, 'm6-1': 27.32, 'm7-1': 106.47, 'm8-1': 23.68}",1.5,144.70000000000002,145.70000000000002,inf,156.796,156.796
472,T7,BESTEFFORT,CANCELLED,,46.872,"{'m1-1': 102.25, 'm2-1': 101.61, 'm3-1': 1.11, 'm4-1': 28.76, 'm5-1': 154.27, 'm6-1': 24.63, 'm7-1': 97.09, 'm8-1': 27.66}",0.0,inf,inf,inf,156.872,156.872
473,T9,BESTEFFORT,COMPLETED,m3-1,46.888,"{'m1-1': 109.57, 'm2-1': 114.38, 'm3-1': 0.98, 'm4-1': 24.28, 'm5-1': 170.12, 'm6-1': 27.6, 'm7-1': 102.56, 'm8-1': 24.62}",1.47,51.6,52.58,inf,156.888,156.888
474,T1,BESTEFFORT,MISSED,m6-1,46.904,"{'m1-1': 102.28, 'm2-1': 101.92, 'm3-1': 1.15, 'm4-1': 25.25, 'm5-1': 146.19, 'm6-1': 26.75, 'm7-1': 105.63, 'm8-1': 26.52}",0.0,156.93599999999998,inf,156.93599999999998,156.904,156.904
475,T2,BESTEFFORT,CANCELLED,,47.115,"{'m1-1': 102.84, 'm2-1': 107.92, 'm3-1': 0.98, 'm4-1': 26.74, 'm5-1': 162.18, 'm6-1': 25.76, 'm7-1': 103.67, 'm8-1': 25.97}",0.0,inf,inf,inf,157.115,157.115
476,T3,BESTEFFORT,COMPLETED,m3-1,47.12,"{'m1-1': 101.34, 'm2-1': 107.02, 'm3-1': 1.02, 'm4-1': 25.17, 'm5-1': 169.16, 'm6-1': 26.8, 'm7-1': 108.1, 'm8-1': 28.01}",1.53,145.70000000000002,146.72000000000003,inf,157.12,157.12
477,T6,BESTEFFORT,CANCELLED,,47.155,"{'m1-1': 109.52, 'm2-1': 109.0, 'm3-1': 1.08, 'm4-1': 23.69, 'm5-1': 151.18, 'm6-1': 27.23, 'm7-1': 94.83, 'm8-1': 24.59}",0.0,inf,inf,inf,157.155,157.155
478,T10,BESTEFFORT,CANCELLED,,47.23,"{'m1-1': 103.2, 'm2-1': 103.68, 'm3-1': 1.02, 'm4-1': 25.12, 'm5-1': 146.3, 'm6-1': 25.36, 'm7-1': 98.26, 'm8-1': 27.75}",0.0,inf,inf,inf,157.23,157.23
479,T10,BESTEFFORT,CANCELLED,,47.276,"{'m1-1': 102.46, 'm2-1': 95.92, 'm3-1': 1.01, 'm4-1': 26.38, 'm5-1': 146.87, 'm6-1': 24.49, 'm7-1': 98.91, 'm8-1': 29.56}",0.0,inf,inf,inf,157.276,157.276
480,T3,BESTEFFORT,COMPLETED,m3-1,47.289,"{'m1-1': 101.34, 'm2-1': 109.72, 'm3-1': 1.09, 'm4-1': 26.49, 'm5-1': 156.87, 'm6-1': 24.61, 'm7-1': 99.41, 'm8-1': 27.05}",1.6350000000000002,53.65,54.74,inf,157.289,157.289
481,T1,BESTEFFORT,CANCELLED,,47.352,"{'m1-1': 105.35, 'm2-1': 107.64, 'm3-1': 1.07, 'm4-1': 26.76, 'm5-1': 151.32, 'm6-1': 24.87, 'm7-1': 109.96, 'm8-1': 26.77}",0.0,inf,inf,inf,157.352,157.352
482,T5,BESTEFFORT,CANCELLED,,47.504,"{'m1-1': 101.25, 'm2-1': 117.69, 'm3-1': 1.15, 'm4-1': 24.04, 'm5-1': 144.19, 'm6-1': 26.24, 'm7-1': 104.02, 'm8-1': 23.76}",0.0,inf,inf,inf,157.504,157.504
483,T1,BESTEFFORT,CANCELLED,,47.537,"{'m1-1': 104.82, 'm2-1': 111.88, 'm3-1': 1.04, 'm4-1': 26.23, 'm5-1': 165.5, 'm6-1': 25.33, 'm7-1': 99.02, 'm8-1': 25.79}",0.0,inf,inf,inf,157.537,157.537
484,T7,BESTEFFORT,CANCELLED,,47.587,"{'m1-1': 96.92, 'm2-1': 108.44, 'm3-1': 1.08, 'm4-1': 26.76, 'm5-1': 151.71, 'm6-1': 24.36, 'm7-1': 93.95, 'm8-1': 26.12}",0.0,inf,inf,inf,157.587,157.587
485,T6,BESTEFFORT,CANCELLED,,47.633,"{'m1-1': 110.18, 'm2-1': 115.7, 'm3-1': 1.01, 'm4-1': 26.45, 'm5-1': 153.6, 'm6-1': 25.32, 'm7-1': 104.3, 'm8-1': 26.35}",0.0,inf,inf,inf,157.633,157.633
486,T9,BESTEFFORT,COMPLETED,m3-1,47.82,"{'m1-1': 97.2, 'm2-1': 104.61, 'm3-1': 1.07, 'm4-1': 24.92, 'm5-1': 158.17, 'm6-1': 24.59, 'm7-1': 92.9, 'm8-1': 26.57}",1.605,52.58,53.65,inf,157.82,157.82
487,T10,BESTEFFORT,CANCELLED,,48.06,"{'m1-1': 98.33, 'm2-1': 99.1, 'm3-1': 1.0, 'm4-1': 25.46, 'm5-1': 163.85, 'm6-1': 28.46, 'm7-1': 98.22, 'm8-1': 26.57}",0.0,inf,inf,inf,158.06,158.06
488,T1,BESTEFFORT,CANCELLED,,48.11,"{'m1-1': 108.56, 'm2-1': 103.46, 'm3-1': 1.01, 'm4-1': 24.63, 'm5-1': 155.71, 'm6-1': 24.87, 'm7-1': 101.14, 'm8-1': 27.96}",0.0,inf,inf,inf,158.11,158.11
489,T3,BESTEFFORT,CANCELLED,,48.38,"{'m1-1': 111.14, 'm2-1': 95.54, 'm3-1': 1.08, 'm4-1': 27.58, 'm5-1': 159.82, 'm6-1': 24.22, 'm7-1': 105.92, 'm8-1': 25.91}",0.0,inf,inf,inf,158.38,158.38
490,T4,BESTEFFORT,COMPLETED,m3-1,48.742,"{'m1-1': 107.82, 'm2-1': 99.6, 'm3-1': 1.05, 'm4-1': 27.09, 'm5-1': 164.0, 'm6-1': 29.5, 'm7-1': 97.54, 'm8-1': 23.48}",1.5750000000000002,146.72000000000003,147.77000000000004,inf,158.742,158.742
491,T8,BESTEFFORT,CANCELLED,,48.835,"{'m1-1': 103.84, 'm2-1': 105.27, 'm3-1': 1.13, 'm4-1': 26.77, 'm5-1': 146.94, 'm6-1': 25.54, 'm7-1': 97.56, 'm8-1': 26.46}",0.0,inf,inf,inf,158.835,158.835
492,T8,BESTEFFORT,CANCELLED,,49.031,"{'m1-1': 95.37, 'm2-1': 106.61, 'm3-1': 1.09, 'm4-1': 24.88, 'm5-1': 166.2, 'm6-1': 27.14, 'm7-1': 101.06, 'm8-1': 27.11}",0.0,inf,inf,inf,159.031,159.031
493,T2,BESTEFFORT,CANCELLED,,49.301,"{'m1-1': 99.33, 'm2-1': 95.2, 'm3-1': 1.03, 'm4-1': 25.58, 'm5-1': 161.86, 'm6-1': 27.5, 'm7-1': 100.55, 'm8-1': 26.1}",0.0,inf,inf,inf,159.301,159.301
494,T1,BESTEFFORT,CANCELLED,,49.43,"{'m1-1': 93.13, 'm2-1': 107.98, 'm3-1': 1.13, 'm4-1': 26.21, 'm5-1': 142.46, 'm6-1': 25.69, 'm7-1': 107.03, 'm8-1': 26.39}",0.0,inf,inf,inf,159.43,159.43
495,T1,BESTEFFORT,CANCELLED,,49.495,"{'m1-1': 93.26, 'm2-1': 100.44, 'm3-1': 1.05, 'm4-1': 24.76, 'm5-1': 155.16, 'm6-1': 26.76, 'm7-1': 103.36, 'm8-1': 27.34}",0.0,inf,inf,inf,159.495,159.495
496,T4,BESTEFFORT,MISSED,m2-1,49.497,"{'m1-1': 105.7, 'm2-1': 93.4, 'm3-1': 1.1, 'm4-1': 25.92, 'm5-1': 159.06, 'm6-1': 25.68, 'm7-1': 104.44, 'm8-1': 24.66}",70.74750000000003,112.332,inf,159.497,159.497,159.497
497,T1,BESTEFFORT,CANCELLED,,49.516,"{'m1-1': 106.09, 'm2-1': 102.88, 'm3-1': 1.01, 'm4-1': 25.85, 'm5-1': 149.59, 'm6-1': 23.74, 'm7-1': 110.93, 'm8-1': 25.78}",0.0,inf,inf,inf,159.516,159.516
498,T5,BESTEFFORT,CANCELLED,,50.014,"{'m1-1': 103.88, 'm2-1': 111.73, 'm3-1': 1.12, 'm4-1': 25.91, 'm5-1': 155.23, 'm6-1': 24.53, 'm7-1': 100.04, 'm8-1': 24.86}",0.0,inf,inf,inf,160.014,160.014
499,T4,BESTEFFORT,COMPLETED,m3-1,50.04,"{'m1-1': 102.43, 'm2-1': 100.28, 'm3-1': 1.11, 'm4-1': 24.85, 'm5-1': 155.77, 'm6-1': 24.93, 'm7-1': 103.03, 'm8-1': 24.78}",1.665,110.18999999999998,111.29999999999998,inf,160.04,160.04
500,T8,BESTEFFORT,CANCELLED,,50.468,"{'m1-1': 105.38, 'm2-1': 112.68, 'm3-1': 1.16, 'm4-1': 27.21, 'm5-1': 167.63, 'm6-1': 25.24, 'm7-1': 96.27, 'm8-1': 26.52}",0.0,inf,inf,inf,160.46800000000002,160.46800000000002
501,T2,BESTEFFORT,CANCELLED,,50.501,"{'m1-1': 116.33, 'm2-1': 94.65, 'm3-1': 1.07, 'm4-1': 24.54, 'm5-1': 151.6, 'm6-1': 25.64, 'm7-1': 105.43, 'm8-1': 23.51}",0.0,inf,inf,inf,160.501,160.501
502,T4,BESTEFFORT,CANCELLED,,50.872,"{'m1-1': 107.61, 'm2-1': 100.53, 'm3-1': 1.09, 'm4-1': 25.34, 'm5-1': 172.1, 'm6-1': 29.21, 'm7-1': 101.79, 'm8-1': 26.66}",0.0,inf,inf,inf,160.872,160.872
503,T6,BESTEFFORT,CANCELLED,,50.904,"{'m1-1': 103.43, 'm2-1': 113.52, 'm3-1': 1.11, 'm4-1': 26.69, 'm5-1': 169.59, 'm6-1': 26.63, 'm7-1': 97.34, 'm8-1': 28.19}",0.0,inf,inf,inf,160.904,160.904
504,T9,BESTEFFORT,CANCELLED,,50.987,"{'m1-1': 105.54, 'm2-1': 107.36, 'm3-1': 0.97, 'm4-1': 26.34, 'm5-1': 169.02, 'm6-1': 24.38, 'm7-1': 92.76, 'm8-1': 25.98}",0.0,inf,inf,inf,160.987,160.987
505,T1,BESTEFFORT,CANCELLED,,50.988,"{'m1-1': 95.95, 'm2-1': 111.16, 'm3-1': 1.02, 'm4-1': 26.27, 'm5-1': 151.32, 'm6-1': 24.42, 'm7-1': 111.71, 'm8-1': 24.4}",0.0,inf,inf,inf,160.988,160.988
506,T7,BESTEFFORT,COMPLETED,m3-1,51.065,"{'m1-1': 97.49, 'm2-1': 111.73, 'm3-1': 1.06, 'm4-1': 24.9, 'm5-1': 142.95, 'm6-1': 25.82, 'm7-1': 106.21, 'm8-1': 28.81}",1.59,147.77000000000004,148.83000000000004,inf,161.065,161.065
507,T2,BESTEFFORT,CANCELLED,,51.107,"{'m1-1': 115.81, 'm2-1': 102.31, 'm3-1': 0.97, 'm4-1': 24.99, 'm5-1': 158.24, 'm6-1': 27.07, 'm7-1': 108.57, 'm8-1': 23.22}",0.0,inf,inf,inf,161.107,161.107
508,T6,BESTEFFORT,CANCELLED,,51.169,"{'m1-1': 96.16, 'm2-1': 103.12, 'm3-1': 1.1, 'm4-1': 26.62, 'm5-1': 161.88, 'm6-1': 28.27, 'm7-1': 101.51, 'm8-1': 27.41}",0.0,inf,inf,inf,161.16899999999998,161.16899999999998
509,T3,BESTEFFORT,CANCELLED,,51.241,"{'m1-1': 111.4, 'm2-1': 107.47, 'm3-1': 1.11, 'm4-1': 27.19, 'm5-1': 145.96, 'm6-1': 27.45, 'm7-1': 107.39, 'm8-1': 25.75}",0.0,inf,inf,inf,161.24099999999999,161.24099999999999
510,T1,BESTEFFORT,CANCELLED,,51.345,"{'m1-1': 97.68, 'm2-1': 109.36, 'm3-1': 1.14, 'm4-1': 25.53, 'm5-1': 147.36, 'm6-1': 24.45, 'm7-1': 98.47, 'm8-1': 28.87}",0.0,inf,inf,inf,161.345,161.345
511,T2,BESTEFFORT,COMPLETED,m3-1,51.472,"{'m1-1': 99.0, 'm2-1': 104.79, 'm3-1': 1.06, 'm4-1': 26.8, 'm5-1': 139.8, 'm6-1': 26.61, 'm7-1': 101.56, 'm8-1': 23.26}",1.59,54.74,55.800000000000004,inf,161.472,161.472
512,T5,BESTEFFORT,CANCELLED,,51.695,"{'m1-1': 100.68, 'm2-1': 117.64, 'm3-1': 1.05, 'm4-1': 25.67, 'm5-1': 159.56, 'm6-1': 25.2, 'm7-1': 101.42, 'm8-1': 25.14}",0.0,inf,inf,inf,161.695,161.695
513,T5,BESTEFFORT,CANCELLED,,51.73,"{'m1-1': 108.59, 'm2-1': 114.75, 'm3-1': 1.15, 'm4-1': 24.25, 'm5-1': 157.53, 'm6-1': 25.09, 'm7-1': 107.8, 'm8-1': 23.38}",0.0,inf,inf,inf,161.73,161.73
514,T9,BESTEFFORT,CANCELLED,,51.854,"{'m1-1': 98.75, 'm2-1': 114.84, 'm3-1': 0.96, 'm4-1': 28.48, 'm5-1': 153.78, 'm6-1': 27.56, 'm7-1': 107.35, 'm8-1': 24.34}",0.0,inf,inf,inf,161.85399999999998,161.85399999999998
515,T10,BESTEFFORT,CANCELLED,,52.026,"{'m1-1': 110.42, 'm2-1': 108.69, 'm3-1': 1.03, 'm4-1': 23.32, 'm5-1': 171.34, 'm6-1': 24.99, 'm7-1': 110.58, 'm8-1': 25.77}",0.0,inf,inf,inf,162.026,162.026
516,T8,BESTEFFORT,CANCELLED,,52.279,"{'m1-1': 103.81, 'm2-1': 101.75, 'm3-1': 1.05, 'm4-1': 26.54, 'm5-1': 146.16, 'm6-1': 24.26, 'm7-1': 110.4, 'm8-1': 27.34}",0.0,inf,inf,inf,162.279,162.279
517,T4,BESTEFFORT,CANCELLED,,52.35,"{'m1-1': 106.71, 'm2-1': 92.77, 'm3-1': 1.16, 'm4-1': 25.43, 'm5-1': 177.75, 'm6-1': 28.83, 'm7-1': 107.12, 'm8-1': 24.31}",0.0,inf,inf,inf,162.35,162.35
518,T3,BESTEFFORT,CANCELLED,,52.384,"{'m1-1': 100.17, 'm2-1': 97.08, 'm3-1': 1.07, 'm4-1': 26.86, 'm5-1': 166.67, 'm6-1': 24.4, 'm7-1': 99.89, 'm8-1': 27.8}",0.0,inf,inf,inf,162.38400000000001,162.38400000000001
519,T1,BESTEFFORT,MISSED,m6-1,52.553,"{'m1-1': 104.25, 'm2-1': 118.68, 'm3-1': 1.05, 'm4-1': 25.71, 'm5-1': 146.41, 'm6-1': 25.55, 'm7-1': 111.37, 'm8-1': 25.1}",0.0,199.603,inf,199.603,162.553,162.553
520,T7,BESTEFFORT,CANCELLED,,52.635,"{'m1-1': 102.44, 'm2-1': 111.42, 'm3-1': 1.12, 'm4-1': 28.82, 'm5-1': 151.04, 'm6-1': 24.44, 'm7-1': 94.05, 'm8-1': 28.19}",0.0,inf,inf,inf,162.635,162.635
521,T10,BESTEFFORT,CANCELLED,,52.789,"{'m1-1': 105.65, 'm2-1': 97.41, 'm3-1': 0.99, 'm4-1': 23.74, 'm5-1': 145.54, 'm6-1': 24.77, 'm7-1': 106.04, 'm8-1': 25.42}",0.0,inf,inf,inf,162.789,162.789
522,T7,BESTEFFORT,CANCELLED,,52.882,"{'m1-1': 104.48, 'm2-1': 101.27, 'm3-1': 1.16, 'm4-1': 29.53, 'm5-1': 164.14, 'm6-1': 24.23, 'm7-1': 101.56, 'm8-1': 28.71}",0.0,inf,inf,inf,162.882,162.882
523,T4,BESTEFFORT,COMPLETED,m3-1,52.921,"{'m1-1': 112.98, 'm2-1': 108.5, 'm3-1': 1.04, 'm4-1': 26.2, 'm5-1': 159.6, 'm6-1': 28.83, 'm7-1': 100.67, 'm8-1': 25.77}",1.56,111.29999999999998,112.33999999999999,inf,162.921,162.921
524,T7,BESTEFFORT,CANCELLED,,52.945,"{'m1-1': 102.85, 'm2-1': 99.01, 'm3-1': 1.1, 'm4-1': 26.07, 'm5-1': 161.64, 'm6-1': 26.83, 'm7-1': 100.36, 'm8-1': 25.49}",0.0,inf,inf,inf,162.945,162.945
525,T6,BESTEFFORT,CANCELLED,,53.042,"{'m1-1': 97.84, 'm2-1': 108.5, 'm3-1': 1.05, 'm4-1': 24.66, 'm5-1': 152.29, 'm6-1': 25.14, 'm7-1': 96.08, 'm8-1': 27.72}",0.0,inf,inf,inf,163.042,163.042
526,T2,BESTEFFORT,CANCELLED,,53.188,"{'m1-1': 107.42, 'm2-1': 106.5, 'm3-1': 1.14, 'm4-1': 26.17, 'm5-1': 165.94, 'm6-1': 24.6, 'm7-1': 110.63, 'm8-1': 24.74}",0.0,inf,inf,inf,163.188,163.188
527,T2,BESTEFFORT,COMPLETED,m3-1,53.338,"{'m1-1': 116.1, 'm2-1': 106.26, 'm3-1': 1.03, 'm4-1': 24.59, 'm5-1': 153.64, 'm6-1': 25.38, 'm7-1': 104.69, 'm8-1': 25.88}",1.545,148.83000000000004,149.86000000000004,inf,163.338,163.338
528,T6,BESTEFFORT,CANCELLED,,53.429,"{'m1-1': 99.28, 'm2-1': 100.71, 'm3-1': 1.03, 'm4-1': 27.18, 'm5-1': 148.4, 'm6-1': 27.4, 'm7-1': 110.15, 'm8-1': 25.98}",0.0,inf,inf,inf,163.429,163.429
529,T10,BESTEFFORT,CANCELLED,,53.705,"{'m1-1': 109.03, 'm2-1': 102.34, 'm3-1': 0.97, 'm4-1': 25.39, 'm5-1': 153.25, 'm6-1': 25.3, 'm7-1': 113.97, 'm8-1': 26.49}",0.0,inf,inf,inf,163.70499999999998,163.70499999999998
530,T2,BESTEFFORT,CANCELLED,,53.851,"{'m1-1': 100.18, 'm2-1': 102.35, 'm3-1': 1.08, 'm4-1': 26.57, 'm5-1': 143.19, 'm6-1': 27.04, 'm7-1': 98.2, 'm8-1': 24.78}",0.0,inf,inf,inf,163.851,163.851
531,T1,BESTEFFORT,CANCELLED,,53.879,"{'m1-1': 103.18, 'm2-1': 105.76, 'm3-1': 1.17, 'm4-1': 24.14, 'm5-1': 152.49, 'm6-1': 25.08, 'm7-1': 111.12, 'm8-1': 28.64}",0.0,inf,inf,inf,163.879,163.879
532,T10,BESTEFFORT,CANCELLED,,53.963,"{'m1-1': 104.04, 'm2-1': 101.29, 'm3-1': 0.97, 'm4-1': 23.37, 'm5-1': 167.0, 'm6-1': 24.14, 'm7-1': 110.12, 'm8-1': 26.15}",0.0,inf,inf,inf,163.963,163.963
533,T2,BESTEFFORT,CANCELLED,,54.114,"{'m1-1': 114.29, 'm2-1': 100.42, 'm3-1': 0.97, 'm4-1': 25.03, 'm5-1': 156.34, 'm6-1': 24.7, 'm7-1': 105.49, 'm8-1': 27.12}",0.0,inf,inf,inf,164.114,164.114
534,T7,BESTEFFORT,COMPLETED,m3-1,54.122,"{'m1-1': 107.2, 'm2-1': 99.64, 'm3-1': 1.04, 'm4-1': 28.43, 'm5-1': 160.92, 'm6-1': 23.17, 'm7-1': 101.93, 'm8-1': 25.17}",1.56,149.86000000000004,150.90000000000003,inf,164.122,164.122
535,T6,BESTEFFORT,CANCELLED,,54.146,"{'m1-1': 99.22, 'm2-1': 98.85, 'm3-1': 0.99, 'm4-1': 27.98, 'm5-1': 150.04, 'm6-1': 25.43, 'm7-1': 96.43, 'm8-1': 28.67}",0.0,inf,inf,inf,164.14600000000002,164.14600000000002
536,T4,BESTEFFORT,CANCELLED,,54.164,"{'m1-1': 115.46, 'm2-1': 96.6, 'm3-1': 1.01, 'm4-1': 25.71, 'm5-1': 174.78, 'm6-1': 28.41, 'm7-1': 94.28, 'm8-1': 24.0}",0.0,inf,inf,inf,164.164,164.164
537,T3,BESTEFFORT,CANCELLED,,54.372,"{'m1-1': 106.73, 'm2-1': 106.2, 'm3-1': 0.96, 'm4-1': 27.39, 'm5-1': 148.63, 'm6-1': 26.66, 'm7-1': 112.53, 'm8-1': 24.82}",0.0,inf,inf,inf,164.372,164.372
538,T10,BESTEFFORT,COMPLETED,m3-1,54.433,"{'m1-1': 97.79, 'm2-1': 106.46, 'm3-1': 1.1, 'm4-1': 24.2, 'm5-1': 169.51, 'm6-1': 24.32, 'm7-1': 111.42, 'm8-1': 28.56}",1.6500000000000001,57.940000000000005,59.040000000000006,inf,164.433,164.433
539,T5,BESTEFFORT,CANCELLED,,54.601,"{'m1-1': 110.74, 'm2-1': 113.07, 'm3-1': 1.18, 'm4-1': 26.59, 'm5-1': 154.44, 'm6-1': 25.21, 'm7-1': 97.51, 'm8-1': 24.81}",0.0,inf,inf,inf,164.601,164.601
540,T6,BESTEFFORT,CANCELLED,,54.772,"{'m1-1': 104.62, 'm2-1': 115.74, 'm3-1': 1.14, 'm4-1': 24.76, 'm5-1': 163.48, 'm6-1': 25.51, 'm7-1': 110.21, 'm8-1': 27.36}",0.0,inf,inf,inf,164.772,164.772
541,T10,BESTEFFORT,CANCELLED,,54.822,"{'m1-1': 104.48, 'm2-1': 109.13, 'm3-1': 1.13, 'm4-1': 25.44, 'm5-1': 151.4, 'm6-1': 24.57, 'm7-1': 111.13, 'm8-1': 25.85}",0.0,inf,inf,inf,164.822,164.822
542,T6,BESTEFFORT,COMPLETED,m3-1,54.847,"{'m1-1': 102.53, 'm2-1': 107.79, 'm3-1': 1.01, 'm4-1': 27.32, 'm5-1': 151.59, 'm6-1': 25.75, 'm7-1': 100.72, 'm8-1': 24.6}",1.5150000000000001,150.90000000000003,151.91000000000003,inf,164.847,164.847
543,T10,BESTEFFORT,CANCELLED,,54.883,"{'m1-1': 99.95, 'm2-1': 106.73, 'm3-1': 1.04, 'm4-1': 23.9, 'm5-1': 156.01, 'm6-1': 26.34, 'm7-1': 110.56, 'm8-1': 28.56}",0.0,inf,inf,inf,164.883,164.883
544,T2,BESTEFFORT,CANCELLED,,55.007,"{'m1-1': 114.29, 'm2-1': 109.39, 'm3-1': 0.98, 'm4-1': 24.22, 'm5-1': 150.86, 'm6-1': 27.38, 'm7-1': 100.64, 'm8-1': 26.88}",0.0,inf,inf,inf,165.007,165.007
545,T8,BESTEFFORT,CANCELLED,,55.119,"{'m1-1': 103.11, 'm2-1': 105.3, 'm3-1': 1.09, 'm4-1': 24.78, 'm5-1': 148.98, 'm6-1': 28.13, 'm7-1': 110.46, 'm8-1': 24.5}",0.0,inf,inf,inf,165.119,165.119
546,T4,BESTEFFORT,MISSED,m2-1,55.365,"{'m1-1': 110.5, 'm2-1': 97.94, 'm3-1': 1.02, 'm4-1': 24.62, 'm5-1': 173.15, 'm6-1': 24.94, 'm7-1': 103.05, 'm8-1': 24.37}",0.0,170.257,inf,170.257,165.365,165.365
547,T10,BESTEFFORT,CANCELLED,,55.465,"{'m1-1': 102.19, 'm2-1': 105.92, 'm3-1': 1.05, 'm4-1': 27.04, 'm5-1': 152.19, 'm6-1': 28.22, 'm7-1': 101.86, 'm8-1': 28.62}",0.0,inf,inf,inf,165.465,165.465
548,T4,BESTEFFORT,CANCELLED,,55.538,"{'m1-1': 104.37, 'm2-1': 102.77, 'm3-1': 1.04, 'm4-1': 24.63, 'm5-1': 172.62, 'm6-1': 29.02, 'm7-1': 94.7, 'm8-1': 23.79}",0.0,inf,inf,inf,165.538,165.538
549,T4,BESTEFFORT,CANCELLED,,55.552,"{'m1-1': 101.62, 'm2-1': 98.61, 'm3-1': 1.15, 'm4-1': 25.99, 'm5-1': 159.21, 'm6-1': 24.96, 'm7-1': 100.91, 'm8-1': 26.29}",0.0,inf,inf,inf,165.552,165.552
550,T10,BESTEFFORT,COMPLETED,m3-1,55.593,"{'m1-1': 115.23, 'm2-1': 94.52, 'm3-1': 1.11, 'm4-1': 25.19, 'm5-1': 160.6, 'm6-1': 24.5, 'm7-1': 98.49, 'm8-1': 29.72}",1.665,151.91000000000003,153.02000000000004,inf,165.59300000000002,165.59300000000002
551,T6,BESTEFFORT,CANCELLED,,55.736,"{'m1-1': 102.91, 'm2-1': 115.15, 'm3-1': 1.0, 'm4-1': 25.31, 'm5-1': 148.6, 'm6-1': 26.49, 'm7-1': 112.4, 'm8-1': 25.43}",0.0,inf,inf,inf,165.736,165.736
552,T10,BESTEFFORT,COMPLETED,m3-1,55.848,"{'m1-1': 101.67, 'm2-1': 105.53, 'm3-1': 1.05, 'm4-1': 26.49, 'm5-1': 148.73, 'm6-1': 24.12, 'm7-1': 114.59, 'm8-1': 29.69}",1.5750000000000002,112.33999999999999,113.38999999999999,inf,165.848,165.848
553,T6,BESTEFFORT,CANCELLED,,55.937,"{'m1-1': 98.68, 'm2-1': 100.98, 'm3-1': 1.02, 'm4-1': 23.67, 'm5-1': 172.67, 'm6-1': 25.17, 'm7-1': 96.79, 'm8-1': 25.54}",0.0,inf,inf,inf,165.937,165.937
554,T7,BESTEFFORT,CANCELLED,,56.073,"{'m1-1': 102.58, 'm2-1': 111.76, 'm3-1': 1.06, 'm4-1': 28.49, 'm5-1': 154.71, 'm6-1': 26.14, 'm7-1': 103.8, 'm8-1': 25.78}",0.0,inf,inf,inf,166.073,166.073
555,T8,BESTEFFORT,CANCELLED,,56.105,"{'m1-1': 99.02, 'm2-1': 101.56, 'm3-1': 1.14, 'm4-1': 27.21, 'm5-1': 169.42, 'm6-1': 25.21, 'm7-1': 104.78, 'm8-1': 23.36}",0.0,inf,inf,inf,166.105,166.105
556,T8,BESTEFFORT,COMPLETED,m3-1,56.263,"{'m1-1': 98.8, 'm2-1': 99.36, 'm3-1': 1.12, 'm4-1': 27.29, 'm5-1': 144.29, 'm6-1': 26.18, 'm7-1': 112.05, 'm8-1': 24.77}",1.6800000000000002,153.02000000000004,154.14000000000004,inf,166.263,166.263
557,T8,BESTEFFORT,CANCELLED,,56.453,"{'m1-1': 96.62, 'm2-1': 103.95, 'm3-1': 1.08, 'm4-1': 26.13, 'm5-1': 166.2, 'm6-1': 25.58, 'm7-1': 110.34, 'm8-1': 25.04}",0.0,inf,inf,inf,166.453,166.453
558,T1,BESTEFFORT,MISSED,m1-1,56.581,"{'m1-1': 105.79, 'm2-1': 116.27, 'm3-1': 1.07, 'm4-1': 26.88, 'm5-1': 151.19, 'm6-1': 23.2, 'm7-1': 109.58, 'm8-1': 28.63}",0.0,202.001,inf,202.001,166.58100000000002,166.58100000000002
559,T9,BESTEFFORT,CANCELLED,,56.748,"{'m1-1': 103.55, 'm2-1': 118.2, 'm3-1': 1.05, 'm4-1': 27.91, 'm5-1': 160.64, 'm6-1': 24.37, 'm7-1': 93.56, 'm8-1': 26.77}",0.0,inf,inf,inf,166.748,166.748
560,T3,BESTEFFORT,COMPLETED,m3-1,56.797,"{'m1-1': 103.31, 'm2-1': 92.58, 'm3-1': 1.09, 'm4-1': 25.65, 'm5-1': 153.87, 'm6-1': 23.88, 'm7-1': 110.17, 'm8-1': 24.5}",1.6350000000000002,60.02,61.11000000000001,inf,166.797,166.797
561,T7,BESTEFFORT,CANCELLED,,56.819,"{'m1-1': 107.14, 'm2-1': 112.59, 'm3-1': 1.02, 'm4-1': 25.48, 'm5-1': 154.27, 'm6-1': 27.12, 'm7-1': 94.54, 'm8-1': 29.07}",0.0,inf,inf,inf,166.81900000000002,166.81900000000002
562,T7,BESTEFFORT,CANCELLED,,57.017,"{'m1-1': 107.14, 'm2-1': 110.08, 'm3-1': 1.11, 'm4-1': 26.07, 'm5-1': 157.54, 'm6-1': 25.19, 'm7-1': 105.68, 'm8-1': 26.84}",0.0,inf,inf,inf,167.017,167.017
563,T9,BESTEFFORT,COMPLETED,m3-1,57.076,"{'m1-1': 111.9, 'm2-1': 117.59, 'm3-1': 0.97, 'm4-1': 25.18, 'm5-1': 148.57, 'm6-1': 27.1, 'm7-1': 96.98, 'm8-1': 27.13}",1.455,61.11000000000001,62.080000000000005,inf,167.076,167.076
564,T1,BESTEFFORT,CANCELLED,,57.092,"{'m1-1': 108.72, 'm2-1': 116.67, 'm3-1': 1.17, 'm4-1': 25.96, 'm5-1': 145.55, 'm6-1': 27.33, 'm7-1': 112.92, 'm8-1': 26.3}",0.0,inf,inf,inf,167.09199999999998,167.09199999999998
565,T2,BESTEFFORT,COMPLETED,m3-1,57.181,"{'m1-1': 106.07, 'm2-1': 98.52, 'm3-1': 0.96, 'm4-1': 24.6, 'm5-1': 157.85, 'm6-1': 23.88, 'm7-1': 104.17, 'm8-1': 26.88}",1.44,154.14000000000004,155.10000000000005,inf,167.18099999999998,167.18099999999998
566,T9,BESTEFFORT,CANCELLED,,57.448,"{'m1-1': 96.66, 'm2-1': 116.76, 'm3-1': 1.12, 'm4-1': 27.77, 'm5-1': 158.23, 'm6-1': 27.4, 'm7-1': 92.62, 'm8-1': 25.3}",0.0,inf,inf,inf,167.448,167.448
567,T4,BESTEFFORT,CANCELLED,,57.499,"{'m1-1': 109.96, 'm2-1': 106.32, 'm3-1': 1.11, 'm4-1': 26.09, 'm5-1': 176.71, 'm6-1': 25.3, 'm7-1': 107.38, 'm8-1': 24.9}",0.0,inf,inf,inf,167.499,167.499
568,T9,BESTEFFORT,CANCELLED,,57.499,"{'m1-1': 99.77, 'm2-1': 115.35, 'm3-1': 1.11, 'm4-1': 25.95, 'm5-1': 157.05, 'm6-1': 26.19, 'm7-1': 100.39, 'm8-1': 27.16}",0.0,inf,inf,inf,167.499,167.499
569,T1,BESTEFFORT,CANCELLED,,57.536,"{'m1-1': 100.41, 'm2-1': 115.05, 'm3-1': 1.07, 'm4-1': 25.71, 'm5-1': 168.57, 'm6-1': 24.19, 'm7-1': 106.66, 'm8-1': 26.45}",0.0,inf,inf,inf,167.536,167.536
570,T2,BESTEFFORT,CANCELLED,,57.578,"{'m1-1': 110.86, 'm2-1': 99.98, 'm3-1': 1.01, 'm4-1': 23.44, 'm5-1': 157.16, 'm6-1': 24.85, 'm7-1': 110.86, 'm8-1': 26.32}",0.0,inf,inf,inf,167.578,167.578
571,T10,BESTEFFORT,CANCELLED,,57.581,"{'m1-1': 114.06, 'm2-1': 109.33, 'm3-1': 1.02, 'm4-1': 25.4, 'm5-1': 163.98, 'm6-1': 28.34, 'm7-1': 116.1, 'm8-1': 26.57}",0.0,inf,inf,inf,167.58100000000002,167.58100000000002
572,T5,BESTEFFORT,CANCELLED,,57.606,"{'m1-1': 101.84, 'm2-1': 114.17, 'm3-1': 1.05, 'm4-1': 26.3, 'm5-1': 142.58, 'm6-1': 28.69, 'm7-1': 99.33, 'm8-1': 24.93}",0.0,inf,inf,inf,167.606,167.606
573,T7,BESTEFFORT,CANCELLED,,57.63,"{'m1-1': 102.31, 'm2-1': 113.36, 'm3-1': 1.04, 'm4-1': 28.79, 'm5-1': 148.64, 'm6-1': 24.54, 'm7-1': 97.08, 'm8-1': 26.57}",0.0,inf,inf,inf,167.63,167.63
574,T7,BESTEFFORT,MISSED,m6-1,57.87,"{'m1-1': 96.59, 'm2-1': 100.55, 'm3-1': 1.03, 'm4-1': 25.82, 'm5-1': 141.63, 'm6-1': 24.16, 'm7-1': 101.04, 'm8-1': 27.72}",0.0,199.603,inf,199.603,167.87,167.87
575,T10,BESTEFFORT,CANCELLED,,57.892,"{'m1-1': 102.63, 'm2-1': 100.46, 'm3-1': 0.99, 'm4-1': 27.21, 'm5-1': 156.44, 'm6-1': 27.85, 'm7-1': 104.74, 'm8-1': 25.59}",0.0,inf,inf,inf,167.892,167.892
576,T6,BESTEFFORT,CANCELLED,,57.949,"{'m1-1': 112.22, 'm2-1': 109.44, 'm3-1': 1.02, 'm4-1': 24.57, 'm5-1': 148.16, 'm6-1': 26.59, 'm7-1': 100.02, 'm8-1': 25.4}",0.0,inf,inf,inf,167.949,167.949
577,T4,BESTEFFORT,MISSED,m3-1,58.298,"{'m1-1': 116.15, 'm2-1': 102.72, 'm3-1': 1.13, 'm4-1': 26.26, 'm5-1': 150.27, 'm6-1': 28.73, 'm7-1': 104.92, 'm8-1': 27.28}",0.0,172.43000000000006,inf,172.43000000000006,168.298,168.298
578,T6,BESTEFFORT,CANCELLED,,58.334,"{'m1-1': 103.12, 'm2-1': 105.88, 'm3-1': 1.07, 'm4-1': 27.12, 'm5-1': 160.04, 'm6-1': 24.12, 'm7-1': 111.77, 'm8-1': 25.59}",0.0,inf,inf,inf,168.334,168.334
579,T4,BESTEFFORT,CANCELLED,,58.381,"{'m1-1': 112.3, 'm2-1': 104.43, 'm3-1': 1.17, 'm4-1': 27.28, 'm5-1': 168.27, 'm6-1': 25.05, 'm7-1': 103.39, 'm8-1': 23.94}",0.0,inf,inf,inf,168.381,168.381
580,T3,BESTEFFORT,CANCELLED,,58.486,"{'m1-1': 105.66, 'm2-1': 94.32, 'm3-1': 1.0, 'm4-1': 28.55, 'm5-1': 164.8, 'm6-1': 24.68, 'm7-1': 97.31, 'm8-1': 25.37}",0.0,inf,inf,inf,168.486,168.486
581,T4,BESTEFFORT,MISSED,m2-1,59.154,"{'m1-1': 105.4, 'm2-1': 95.28, 'm3-1': 1.16, 'm4-1': 27.42, 'm5-1': 168.69, 'm6-1': 29.36, 'm7-1': 107.03, 'm8-1': 24.89}",14.485499999999973,159.497,inf,169.154,169.154,169.154
582,T1,BESTEFFORT,CANCELLED,,59.179,"{'m1-1': 101.77, 'm2-1': 115.56, 'm3-1': 1.11, 'm4-1': 24.95, 'm5-1': 165.04, 'm6-1': 23.7, 'm7-1': 100.22, 'm8-1': 26.82}",0.0,inf,inf,inf,169.179,169.179
583,T2,BESTEFFORT,CANCELLED,,59.21,"{'m1-1': 115.98, 'm2-1': 109.86, 'm3-1': 0.96, 'm4-1': 25.86, 'm5-1': 151.2, 'm6-1': 24.35, 'm7-1': 100.46, 'm8-1': 23.66}",0.0,inf,inf,inf,169.21,169.21
584,T5,BESTEFFORT,CANCELLED,,59.249,"{'m1-1': 107.92, 'm2-1': 118.96, 'm3-1': 1.13, 'm4-1': 24.2, 'm5-1': 152.97, 'm6-1': 25.62, 'm7-1': 106.87, 'm8-1': 24.33}",0.0,inf,inf,inf,169.249,169.249
585,T4,BESTEFFORT,CANCELLED,,59.446,"{'m1-1': 110.23, 'm2-1': 95.11, 'm3-1': 1.01, 'm4-1': 27.24, 'm5-1': 169.82, 'm6-1': 26.98, 'm7-1': 95.42, 'm8-1': 25.2}",0.0,inf,inf,inf,169.446,169.446
586,T8,BESTEFFORT,CANCELLED,,59.651,"{'m1-1': 100.62, 'm2-1': 101.0, 'm3-1': 1.08, 'm4-1': 23.72, 'm5-1': 154.76, 'm6-1': 23.97, 'm7-1': 107.37, 'm8-1': 24.87}",0.0,inf,inf,inf,169.651,169.651
587,T5,BESTEFFORT,CANCELLED,,59.905,"{'m1-1': 107.15, 'm2-1': 102.56, 'm3-1': 1.17, 'm4-1': 26.07, 'm5-1': 168.34, 'm6-1': 27.6, 'm7-1': 98.16, 'm8-1': 26.47}",0.0,inf,inf,inf,169.905,169.905
588,T10,BESTEFFORT,CANCELLED,,59.931,"{'m1-1': 100.6, 'm2-1': 94.32, 'm3-1': 1.09, 'm4-1': 23.3, 'm5-1': 160.66, 'm6-1': 26.26, 'm7-1': 108.97, 'm8-1': 27.87}",0.0,inf,inf,inf,169.93099999999998,169.93099999999998
589,T7,BESTEFFORT,CANCELLED,,60.061,"{'m1-1': 110.06, 'm2-1': 106.72, 'm3-1': 1.06, 'm4-1': 26.12, 'm5-1': 147.59, 'm6-1': 23.96, 'm7-1': 101.23, 'm8-1': 24.81}",0.0,inf,inf,inf,170.061,170.061
590,T8,BESTEFFORT,MISSED,m3-1,60.214,"{'m1-1': 104.53, 'm2-1': 99.08, 'm3-1': 1.02, 'm4-1': 25.88, 'm5-1': 160.48, 'm6-1': 27.31, 'm7-1': 97.75, 'm8-1': 23.27}",0.0,172.43000000000006,inf,172.43000000000006,170.214,170.214
591,T3,BESTEFFORT,MISSED,m2-1,60.257,"{'m1-1': 109.17, 'm2-1': 93.03, 'm3-1': 0.99, 'm4-1': 24.73, 'm5-1': 147.11, 'm6-1': 25.68, 'm7-1': 106.61, 'm8-1': 25.24}",1.654500000000013,169.154,inf,170.257,170.257,170.257
592,T3,BESTEFFORT,COMPLETED,m3-1,60.284,"{'m1-1': 114.67, 'm2-1': 104.1, 'm3-1': 1.06, 'm4-1': 25.5, 'm5-1': 165.43, 'm6-1': 25.63, 'm7-1': 101.7, 'm8-1': 24.56}",1.59,155.10000000000005,156.16000000000005,inf,170.284,170.284
593,T10,BESTEFFORT,CANCELLED,,60.448,"{'m1-1': 111.45, 'm2-1': 92.74, 'm3-1': 1.1, 'm4-1': 24.76, 'm5-1': 156.95, 'm6-1': 24.67, 'm7-1': 100.12, 'm8-1': 29.11}",0.0,inf,inf,inf,170.448,170.448
594,T3,BESTEFFORT,CANCELLED,,60.56,"{'m1-1': 99.14, 'm2-1': 102.14, 'm3-1': 1.08, 'm4-1': 26.68, 'm5-1': 154.79, 'm6-1': 27.04, 'm7-1': 97.35, 'm8-1': 25.85}",0.0,inf,inf,inf,170.56,170.56
595,T9,BESTEFFORT,CANCELLED,,60.579,"{'m1-1': 102.58, 'm2-1': 104.43, 'm3-1': 0.97, 'm4-1': 26.05, 'm5-1': 158.99, 'm6-1': 23.61, 'm7-1': 107.61, 'm8-1': 24.27}",0.0,inf,inf,inf,170.579,170.579
596,T1,BESTEFFORT,CANCELLED,,60.625,"{'m1-1': 98.68, 'm2-1': 109.68, 'm3-1': 1.0, 'm4-1': 25.88, 'm5-1': 166.32, 'm6-1': 23.66, 'm7-1': 101.85, 'm8-1': 24.8}",0.0,inf,inf,inf,170.625,170.625
597,T10,BESTEFFORT,COMPLETED,m3-1,60.784,"{'m1-1': 111.49, 'm2-1': 105.6, 'm3-1': 1.01, 'm4-1': 25.81, 'm5-1': 147.48, 'm6-1': 27.12, 'm7-1': 115.23, 'm8-1': 25.43}",1.5150000000000001,156.16000000000005,157.17000000000004,inf,170.784,170.784
598,T2,BESTEFFORT,MISSED,m3-1,60.807,"{'m1-1': 110.47, 'm2-1': 112.09, 'm3-1': 1.05, 'm4-1': 23.34, 'm5-1': 148.98, 'm6-1': 24.71, 'm7-1': 107.76, 'm8-1': 25.05}",0.0,172.43000000000006,inf,172.43000000000006,170.80700000000002,170.80700000000002
599,T3,BESTEFFORT,CANCELLED,,60.869,"{'m1-1': 108.11, 'm2-1': 94.83, 'm3-1': 1.08, 'm4-1': 26.48, 'm5-1': 156.91, 'm6-1': 26.39, 'm7-1': 101.67, 'm8-1': 24.28}",0.0,inf,inf,inf,170.869,170.869
600,T9,BESTEFFORT,COMPLETED,m3-1,60.941,"{'m1-1': 102.96, 'm2-1': 106.9, 'm3-1': 1.12, 'm4-1': 25.32, 'm5-1': 155.82, 'm6-1': 25.86, 'm7-1': 105.03, 'm8-1': 27.71}",1.6800000000000002,113.38999999999999,114.50999999999999,inf,170.941,170.941
601,T10,BESTEFFORT,CANCELLED,,61.151,"{'m1-1': 100.69, 'm2-1': 109.03, 'm3-1': 1.04, 'm4-1': 26.56, 'm5-1': 155.85, 'm6-1': 27.25, 'm7-1': 105.32, 'm8-1': 26.88}",0.0,inf,inf,inf,171.151,171.151
602,T3,BESTEFFORT,CANCELLED,,61.348,"{'m1-1': 107.64, 'm2-1': 95.73, 'm3-1': 1.1, 'm4-1': 28.64, 'm5-1': 145.64, 'm6-1': 27.54, 'm7-1': 110.63, 'm8-1': 26.48}",0.0,inf,inf,inf,171.348,171.348
603,T6,BESTEFFORT,COMPLETED,m3-1,61.387,"{'m1-1': 110.01, 'm2-1': 111.65, 'm3-1': 1.1, 'm4-1': 24.04, 'm5-1': 146.12, 'm6-1': 24.78, 'm7-1': 105.79, 'm8-1': 28.2}",1.6500000000000001,157.17000000000004,158.27000000000004,inf,171.387,171.387
604,T1,BESTEFFORT,CANCELLED,,61.682,"{'m1-1': 100.9, 'm2-1': 113.59, 'm3-1': 1.0, 'm4-1': 24.99, 'm5-1': 162.83, 'm6-1': 24.33, 'm7-1': 113.21, 'm8-1': 27.56}",0.0,inf,inf,inf,171.68200000000002,171.68200000000002
605,T2,BESTEFFORT,CANCELLED,,61.903,"{'m1-1': 113.9, 'm2-1': 109.18, 'm3-1': 1.13, 'm4-1': 25.88, 'm5-1': 165.71, 'm6-1': 24.6, 'm7-1': 101.22, 'm8-1': 26.2}",0.0,inf,inf,inf,171.903,171.903
606,T7,BESTEFFORT,COMPLETED,m3-1,61.954,"{'m1-1': 109.32, 'm2-1': 107.43, 'm3-1': 1.03, 'm4-1': 27.85, 'm5-1': 142.65, 'm6-1': 24.34, 'm7-1': 108.5, 'm8-1': 24.84}",1.545,115.52,116.55,inf,171.954,171.954
607,T6,BESTEFFORT,CANCELLED,,61.99,"{'m1-1': 99.98, 'm2-1': 97.4, 'm3-1': 1.03, 'm4-1': 24.42, 'm5-1': 157.65, 'm6-1': 24.64, 'm7-1': 94.86, 'm8-1': 27.81}",0.0,inf,inf,inf,171.99,171.99
608,T3,BESTEFFORT,COMPLETED,m3-1,62.0,"{'m1-1': 106.96, 'm2-1': 102.6, 'm3-1': 0.95, 'm4-1': 24.74, 'm5-1': 154.97, 'm6-1': 25.98, 'm7-1': 115.6, 'm8-1': 23.78}",1.4249999999999998,116.55,117.5,inf,172.0,172.0
609,T7,BESTEFFORT,CANCELLED,,62.107,"{'m1-1': 108.62, 'm2-1': 107.03, 'm3-1': 1.12, 'm4-1': 25.84, 'm5-1': 161.25, 'm6-1': 23.27, 'm7-1': 93.13, 'm8-1': 28.7}",0.0,inf,inf,inf,172.107,172.107
610,T2,BESTEFFORT,CANCELLED,,62.183,"{'m1-1': 98.89, 'm2-1': 109.4, 'm3-1': 1.05, 'm4-1': 23.6, 'm5-1': 147.11, 'm6-1': 24.24, 'm7-1': 106.81, 'm8-1': 26.87}",0.0,inf,inf,inf,172.183,172.183
611,T8,BESTEFFORT,CANCELLED,,62.265,"{'m1-1': 102.84, 'm2-1': 106.47, 'm3-1': 1.12, 'm4-1': 23.15, 'm5-1': 144.12, 'm6-1': 26.68, 'm7-1': 99.12, 'm8-1': 25.25}",0.0,inf,inf,inf,172.265,172.265
612,T3,BESTEFFORT,COMPLETED,m3-1,62.388,"{'m1-1': 102.94, 'm2-1': 109.69, 'm3-1': 1.07, 'm4-1': 24.73, 'm5-1': 153.27, 'm6-1': 26.57, 'm7-1': 98.61, 'm8-1': 26.54}",1.605,66.30000000000001,67.37,inf,172.388,172.388
613,T7,BESTEFFORT,CANCELLED,,62.669,"{'m1-1': 99.29, 'm2-1': 109.36, 'm3-1': 1.04, 'm4-1': 25.33, 'm5-1': 146.33, 'm6-1': 25.28, 'm7-1': 102.75, 'm8-1': 27.65}",0.0,inf,inf,inf,172.66899999999998,172.66899999999998
614,T3,BESTEFFORT,CANCELLED,,62.963,"{'m1-1': 105.85, 'm2-1': 105.76, 'm3-1': 0.96, 'm4-1': 28.89, 'm5-1': 145.0, 'm6-1': 26.65, 'm7-1': 108.31, 'm8-1': 27.88}",0.0,inf,inf,inf,172.963,172.963
615,T6,BESTEFFORT,CANCELLED,,63.017,"{'m1-1': 105.8, 'm2-1': 112.53, 'm3-1': 1.05, 'm4-1': 27.34, 'm5-1': 157.35, 'm6-1': 26.28, 'm7-1': 104.23, 'm8-1': 25.05}",0.0,inf,inf,inf,173.017,173.017
616,T7,BESTEFFORT,CANCELLED,,63.041,"{'m1-1': 106.72, 'm2-1': 102.25, 'm3-1': 1.0, 'm4-1': 25.42, 'm5-1': 149.87, 'm6-1': 22.96, 'm7-1': 109.14, 'm8-1': 26.18}",0.0,inf,inf,inf,173.041,173.041
617,T4,BESTEFFORT,CANCELLED,,63.159,"{'m1-1': 105.29, 'm2-1': 108.77, 'm3-1': 1.13, 'm4-1': 26.81, 'm5-1': 169.3, 'm6-1': 24.9, 'm7-1': 102.8, 'm8-1': 26.3}",0.0,inf,inf,inf,173.159,173.159
618,T5,BESTEFFORT,CANCELLED,,63.309,"{'m1-1': 103.31, 'm2-1': 107.34, 'm3-1': 1.14, 'm4-1': 25.94, 'm5-1': 164.09, 'm6-1': 26.29, 'm7-1': 108.06, 'm8-1': 23.97}",0.0,inf,inf,inf,173.309,173.309
619,T1,BESTEFFORT,CANCELLED,,63.348,"{'m1-1': 106.57, 'm2-1': 115.56, 'm3-1': 1.12, 'm4-1': 24.41, 'm5-1': 167.75, 'm6-1': 26.67, 'm7-1': 96.34, 'm8-1': 27.17}",0.0,inf,inf,inf,173.348,173.348
620,T8,BESTEFFORT,CANCELLED,,63.371,"{'m1-1': 108.34, 'm2-1': 111.08, 'm3-1': 1.04, 'm4-1': 23.57, 'm5-1': 145.4, 'm6-1': 27.84, 'm7-1': 108.37, 'm8-1': 23.14}",0.0,inf,inf,inf,173.371,173.371
621,T4,BESTEFFORT,CANCELLED,,63.469,"{'m1-1': 99.19, 'm2-1': 106.81, 'm3-1': 1.02, 'm4-1': 26.86, 'm5-1': 162.6, 'm6-1': 25.44, 'm7-1': 107.05, 'm8-1': 26.45}",0.0,inf,inf,inf,173.469,173.469
622,T8,BESTEFFORT,CANCELLED,,63.47,"{'m1-1': 96.47, 'm2-1': 113.32, 'm3-1': 1.1, 'm4-1': 27.08, 'm5-1': 144.4, 'm6-1': 24.37, 'm7-1': 98.64, 'm8-1': 24.05}",0.0,inf,inf,inf,173.47,173.47
623,T10,BESTEFFORT,COMPLETED,m3-1,63.48,"{'m1-1': 102.76, 'm2-1': 107.13, 'm3-1': 0.97, 'm4-1': 27.15, 'm5-1': 168.73, 'm6-1': 28.45, 'm7-1': 107.5, 'm8-1': 27.38}",1.455,72.35000000000001,73.32000000000001,inf,173.48,173.48
624,T6,BESTEFFORT,COMPLETED,m3-1,63.498,"{'m1-1': 104.11, 'm2-1': 98.05, 'm3-1': 1.05, 'm4-1': 24.75, 'm5-1': 153.97, 'm6-1': 24.94, 'm7-1': 100.25, 'm8-1': 26.41}",1.5750000000000002,117.5,118.55,inf,173.498,173.498
625,T9,BESTEFFORT,COMPLETED,m3-1,63.593,"{'m1-1': 104.07, 'm2-1': 102.21, 'm3-1': 0.96, 'm4-1': 25.62, 'm5-1': 155.11, 'm6-1': 25.32, 'm7-1': 92.38, 'm8-1': 24.31}",1.44,67.37,68.33,inf,173.59300000000002,173.59300000000002
626,T9,BESTEFFORT,CANCELLED,,63.655,"{'m1-1': 103.39, 'm2-1': 103.77, 'm3-1': 0.94, 'm4-1': 26.85, 'm5-1': 147.69, 'm6-1': 23.9, 'm7-1': 98.86, 'm8-1': 26.36}",0.0,inf,inf,inf,173.655,173.655
627,T3,BESTEFFORT,CANCELLED,,63.78,"{'m1-1': 108.07, 'm2-1': 108.87, 'm3-1': 1.03, 'm4-1': 26.22, 'm5-1': 147.99, 'm6-1': 27.65, 'm7-1': 99.09, 'm8-1': 24.77}",0.0,inf,inf,inf,173.78,173.78
628,T5,BESTEFFORT,CANCELLED,,63.848,"{'m1-1': 105.37, 'm2-1': 100.86, 'm3-1': 1.15, 'm4-1': 26.83, 'm5-1': 144.77, 'm6-1': 25.14, 'm7-1': 100.04, 'm8-1': 25.51}",0.0,inf,inf,inf,173.848,173.848
629,T2,BESTEFFORT,CANCELLED,,63.894,"{'m1-1': 104.3, 'm2-1': 100.3, 'm3-1': 1.06, 'm4-1': 25.23, 'm5-1': 150.49, 'm6-1': 23.85, 'm7-1': 110.12, 'm8-1': 24.04}",0.0,inf,inf,inf,173.894,173.894
630,T10,BESTEFFORT,CANCELLED,,64.038,"{'m1-1': 101.04, 'm2-1': 98.82, 'm3-1': 1.04, 'm4-1': 26.41, 'm5-1': 147.94, 'm6-1': 28.23, 'm7-1': 106.3, 'm8-1': 29.56}",0.0,inf,inf,inf,174.038,174.038
631,T5,BESTEFFORT,CANCELLED,,64.232,"{'m1-1': 108.36, 'm2-1': 118.14, 'm3-1': 1.03, 'm4-1': 25.13, 'm5-1': 165.84, 'm6-1': 28.64, 'm7-1': 97.34, 'm8-1': 27.62}",0.0,inf,inf,inf,174.232,174.232
632,T5,BESTEFFORT,CANCELLED,,64.249,"{'m1-1': 103.49, 'm2-1': 109.05, 'm3-1': 1.19, 'm4-1': 23.04, 'm5-1': 165.33, 'm6-1': 25.78, 'm7-1': 108.71, 'm8-1': 23.37}",0.0,inf,inf,inf,174.249,174.249
633,T3,BESTEFFORT,CANCELLED,,64.28,"{'m1-1': 104.14, 'm2-1': 95.71, 'm3-1': 1.05, 'm4-1': 28.48, 'm5-1': 162.62, 'm6-1': 25.83, 'm7-1': 102.5, 'm8-1': 25.67}",0.0,inf,inf,inf,174.28,174.28
634,T10,BESTEFFORT,COMPLETED,m3-1,64.287,"{'m1-1': 115.03, 'm2-1': 102.12, 'm3-1': 0.98, 'm4-1': 25.31, 'm5-1': 154.94, 'm6-1': 26.47, 'm7-1': 110.7, 'm8-1': 29.53}",1.47,68.33,69.31,inf,174.287,174.287
635,T5,BESTEFFORT,CANCELLED,,64.288,"{'m1-1': 111.81, 'm2-1': 114.49, 'm3-1': 1.08, 'm4-1': 24.19, 'm5-1': 167.92, 'm6-1': 24.6, 'm7-1': 96.14, 'm8-1': 23.73}",0.0,inf,inf,inf,174.288,174.288
636,T5,BESTEFFORT,CANCELLED,,64.342,"{'m1-1': 110.66, 'm2-1': 117.59, 'm3-1': 1.11, 'm4-1': 25.17, 'm5-1': 162.68, 'm6-1': 25.72, 'm7-1': 101.24, 'm8-1': 26.14}",0.0,inf,inf,inf,174.34199999999998,174.34199999999998
637,T1,BESTEFFORT,CANCELLED,,64.376,"{'m1-1': 104.84, 'm2-1': 109.22, 'm3-1': 1.04, 'm4-1': 24.81, 'm5-1': 149.43, 'm6-1': 27.1, 'm7-1': 97.49, 'm8-1': 24.92}",0.0,inf,inf,inf,174.376,174.376
638,T9,BESTEFFORT,CANCELLED,,64.389,"{'m1-1': 109.6, 'm2-1': 115.73, 'm3-1': 0.98, 'm4-1': 24.09, 'm5-1': 166.55, 'm6-1': 25.2, 'm7-1': 106.32, 'm8-1': 23.63}",0.0,inf,inf,inf,174.389,174.389
639,T4,BESTEFFORT,CANCELLED,,64.42,"{'m1-1': 112.88, 'm2-1': 100.64, 'm3-1': 1.15, 'm4-1': 26.59, 'm5-1': 157.14, 'm6-1': 28.76, 'm7-1': 110.5, 'm8-1': 25.17}",0.0,inf,inf,inf,174.42000000000002,174.42000000000002
640,T5,BESTEFFORT,COMPLETED,m3-1,64.479,"{'m1-1': 113.84, 'm2-1': 114.54, 'm3-1': 1.12, 'm4-1': 24.67, 'm5-1': 151.26, 'm6-1': 26.81, 'm7-1': 96.14, 'm8-1': 25.04}",1.6800000000000002,172.43000000000006,173.55000000000007,inf,174.47899999999998,174.47899999999998
641,T7,BESTEFFORT,COMPLETED,m3-1,64.513,"{'m1-1': 109.71, 'm2-1': 105.56, 'm3-1': 1.14, 'm4-1': 27.48, 'm5-1': 153.48, 'm6-1': 24.86, 'm7-1': 104.64, 'm8-1': 28.62}",1.71,158.27000000000004,159.41000000000003,inf,174.513,174.513
642,T5,BESTEFFORT,CANCELLED,,64.513,"{'m1-1': 98.92, 'm2-1': 107.18, 'm3-1': 1.01, 'm4-1': 23.54, 'm5-1': 161.63, 'm6-1': 25.22, 'm7-1': 101.02, 'm8-1': 23.51}",0.0,inf,inf,inf,174.513,174.513
643,T2,BESTEFFORT,CANCELLED,,64.524,"{'m1-1': 98.63, 'm2-1': 100.14, 'm3-1': 1.14, 'm4-1': 23.14, 'm5-1': 163.46, 'm6-1': 27.42, 'm7-1': 102.3, 'm8-1': 24.45}",0.0,inf,inf,inf,174.524,174.524
644,T7,BESTEFFORT,CANCELLED,,64.574,"{'m1-1': 102.81, 'm2-1': 106.99, 'm3-1': 1.0, 'm4-1': 25.77, 'm5-1': 150.94, 'm6-1': 25.11, 'm7-1': 102.24, 'm8-1': 24.67}",0.0,inf,inf,inf,174.574,174.574
645,T4,BESTEFFORT,CANCELLED,,64.672,"{'m1-1': 102.93, 'm2-1': 107.29, 'm3-1': 1.16, 'm4-1': 26.33, 'm5-1': 159.78, 'm6-1': 26.13, 'm7-1': 101.6, 'm8-1': 26.22}",0.0,inf,inf,inf,174.672,174.672
646,T5,BESTEFFORT,CANCELLED,,64.77,"{'m1-1': 114.4, 'm2-1': 102.35, 'm3-1': 1.06, 'm4-1': 24.26, 'm5-1': 149.61, 'm6-1': 27.51, 'm7-1': 104.83, 'm8-1': 24.94}",0.0,inf,inf,inf,174.76999999999998,174.76999999999998
647,T4,BESTEFFORT,CANCELLED,,64.831,"{'m1-1': 106.75, 'm2-1': 109.32, 'm3-1': 1.1, 'm4-1': 26.96, 'm5-1': 158.79, 'm6-1': 28.09, 'm7-1': 96.74, 'm8-1': 27.5}",0.0,inf,inf,inf,174.83100000000002,174.83100000000002
648,T6,BESTEFFORT,CANCELLED,,65.006,"{'m1-1': 111.26, 'm2-1': 110.24, 'm3-1': 1.0, 'm4-1': 26.01, 'm5-1': 151.52, 'm6-1': 26.17, 'm7-1': 99.12, 'm8-1': 24.76}",0.0,inf,inf,inf,175.006,175.006
649,T3,BESTEFFORT,COMPLETED,m3-1,65.143,"{'m1-1': 99.56, 'm2-1': 107.72, 'm3-1': 1.0, 'm4-1': 28.83, 'm5-1': 147.99, 'm6-1': 26.91, 'm7-1': 109.62, 'm8-1': 25.07}",1.5,70.31,71.31,inf,175.143,175.143
650,T10,BESTEFFORT,CANCELLED,,65.405,"{'m1-1': 105.24, 'm2-1': 94.73, 'm3-1': 0.98, 'm4-1': 23.38, 'm5-1': 169.34, 'm6-1': 26.98, 'm7-1': 114.89, 'm8-1': 26.77}",0.0,inf,inf,inf,175.405,175.405
651,T4,BESTEFFORT,CANCELLED,,65.428,"{'m1-1': 115.78, 'm2-1': 103.23, 'm3-1': 1.13, 'm4-1': 24.89, 'm5-1': 157.27, 'm6-1': 28.33, 'm7-1': 107.91, 'm8-1': 25.31}",0.0,inf,inf,inf,175.428,175.428
652,T5,BESTEFFORT,CANCELLED,,65.555,"{'m1-1': 105.26, 'm2-1': 118.62, 'm3-1': 1.12, 'm4-1': 26.3, 'm5-1': 148.09, 'm6-1': 27.85, 'm7-1': 113.79, 'm8-1': 25.29}",0.0,inf,inf,inf,175.555,175.555
653,T3,BESTEFFORT,COMPLETED,m3-1,65.618,"{'m1-1': 111.94, 'm2-1': 103.01, 'm3-1': 1.04, 'm4-1': 26.29, 'm5-1': 156.66, 'm6-1': 27.0, 'm7-1': 99.58, 'm8-1': 25.27}",1.56,71.31,72.35000000000001,inf,175.618,175.618
654,T6,BESTEFFORT,CANCELLED,,65.62,"{'m1-1': 100.3, 'm2-1': 107.73, 'm3-1': 1.16, 'm4-1': 27.57, 'm5-1': 168.24, 'm6-1': 24.55, 'm7-1': 94.9, 'm8-1': 24.97}",0.0,inf,inf,inf,175.62,175.62
655,T5,BESTEFFORT,CANCELLED,,65.752,"{'m1-1': 106.58, 'm2-1': 113.04, 'm3-1': 1.17, 'm4-1': 23.93, 'm5-1': 142.48, 'm6-1': 27.92, 'm7-1': 107.69, 'm8-1': 27.68}",0.0,inf,inf,inf,175.752,175.752
656,T3,BESTEFFORT,CANCELLED,,65.846,"{'m1-1': 99.64, 'm2-1': 98.43, 'm3-1': 1.05, 'm4-1': 26.1, 'm5-1': 168.84, 'm6-1': 24.73, 'm7-1': 97.83, 'm8-1': 25.84}",0.0,inf,inf,inf,175.846,175.846
657,T2,BESTEFFORT,COMPLETED,m3-1,65.868,"{'m1-1': 106.38, 'm2-1': 108.77, 'm3-1': 1.06, 'm4-1': 23.61, 'm5-1': 155.78, 'm6-1': 23.69, 'm7-1': 105.13, 'm8-1': 25.22}",1.59,119.66,120.72,inf,175.868,175.868
658,T5,BESTEFFORT,CANCELLED,,65.95,"{'m1-1': 107.56, 'm2-1': 108.31, 'm3-1': 1.08, 'm4-1': 25.16, 'm5-1': 153.63, 'm6-1': 28.41, 'm7-1': 109.78, 'm8-1': 23.69}",0.0,inf,inf,inf,175.95,175.95
659,T9,BESTEFFORT,CANCELLED,,65.953,"{'m1-1': 107.8, 'm2-1': 108.25, 'm3-1': 1.05, 'm4-1': 25.35, 'm5-1': 154.13, 'm6-1': 24.24, 'm7-1': 92.27, 'm8-1': 27.16}",0.0,inf,inf,inf,175.953,175.953
660,T10,BESTEFFORT,COMPLETED,m3-1,66.105,"{'m1-1': 110.84, 'm2-1': 109.02, 'm3-1': 1.02, 'm4-1': 24.7, 'm5-1': 161.46, 'm6-1': 28.13, 'm7-1': 104.49, 'm8-1': 28.16}",1.53,121.78999999999999,122.80999999999999,inf,176.10500000000002,176.10500000000002
661,T5,BESTEFFORT,CANCELLED,,66.112,"{'m1-1': 104.91, 'm2-1': 109.25, 'm3-1': 1.08, 'm4-1': 23.75, 'm5-1': 143.34, 'm6-1': 26.33, 'm7-1': 96.66, 'm8-1': 24.32}",0.0,inf,inf,inf,176.112,176.112
662,T8,BESTEFFORT,CANCELLED,,66.129,"{'m1-1': 108.77, 'm2-1': 105.45, 'm3-1': 1.16, 'm4-1': 23.89, 'm5-1': 159.73, 'm6-1': 26.92, 'm7-1': 99.56, 'm8-1': 27.41}",0.0,inf,inf,inf,176.12900000000002,176.12900000000002
663,T3,BESTEFFORT,COMPLETED,m3-1,66.299,"{'m1-1': 108.6, 'm2-1': 109.54, 'm3-1': 1.0, 'm4-1': 27.75, 'm5-1': 155.56, 'm6-1': 25.33, 'm7-1': 97.65, 'm8-1': 25.37}",1.5,69.31,70.31,inf,176.299,176.299
664,T2,BESTEFFORT,CANCELLED,,66.485,"{'m1-1': 103.4, 'm2-1': 105.96, 'm3-1': 1.12, 'm4-1': 24.64, 'm5-1': 155.71, 'm6-1': 23.82, 'm7-1': 106.29, 'm8-1': 26.82}",0.0,inf,inf,inf,176.485,176.485
665,T7,BESTEFFORT,CANCELLED,,66.592,"{'m1-1': 95.86, 'm2-1': 108.71, 'm3-1': 1.08, 'm4-1': 29.53, 'm5-1': 147.58, 'm6-1': 24.98, 'm7-1': 97.98, 'm8-1': 24.62}",0.0,inf,inf,inf,176.59199999999998,176.59199999999998
666,T9,BESTEFFORT,COMPLETED,m3-1,66.74,"{'m1-1': 108.8, 'm2-1': 112.5, 'm3-1': 0.99, 'm4-1': 26.13, 'm5-1': 155.22, 'm6-1': 23.8, 'm7-1': 108.44, 'm8-1': 26.79}",1.4849999999999999,122.80999999999999,123.79999999999998,inf,176.74,176.74
667,T8,BESTEFFORT,CANCELLED,,66.826,"{'m1-1': 102.84, 'm2-1': 111.87, 'm3-1': 1.11, 'm4-1': 23.57, 'm5-1': 153.47, 'm6-1': 27.65, 'm7-1': 110.16, 'm8-1': 26.47}",0.0,inf,inf,inf,176.826,176.826
668,T9,BESTEFFORT,CANCELLED,,67.03,"{'m1-1': 98.83, 'm2-1': 105.07, 'm3-1': 1.12, 'm4-1': 24.83, 'm5-1': 163.68, 'm6-1': 27.57, 'm7-1': 93.05, 'm8-1': 25.26}",0.0,inf,inf,inf,177.03,177.03
669,T6,BESTEFFORT,CANCELLED,,67.037,"{'m1-1': 106.77, 'm2-1': 114.99, 'm3-1': 1.13, 'm4-1': 25.9, 'm5-1': 159.12, 'm6-1': 26.24, 'm7-1': 106.07, 'm8-1': 26.03}",0.0,inf,inf,inf,177.037,177.037
670,T7,BESTEFFORT,CANCELLED,,67.117,"{'m1-1': 112.12, 'm2-1': 113.2, 'm3-1': 1.04, 'm4-1': 28.11, 'm5-1': 148.54, 'm6-1': 25.85, 'm7-1': 97.09, 'm8-1': 28.14}",0.0,inf,inf,inf,177.11700000000002,177.11700000000002
671,T5,BESTEFFORT,CANCELLED,,67.26,"{'m1-1': 107.78, 'm2-1': 103.04, 'm3-1': 1.1, 'm4-1': 24.26, 'm5-1': 165.54, 'm6-1': 25.64, 'm7-1': 100.47, 'm8-1': 25.24}",0.0,inf,inf,inf,177.26,177.26
672,T10,BESTEFFORT,CANCELLED,,67.348,"{'m1-1': 107.68, 'm2-1': 97.9, 'm3-1': 1.01, 'm4-1': 23.8, 'm5-1': 151.02, 'm6-1': 27.54, 'm7-1': 109.64, 'm8-1': 26.67}",0.0,inf,inf,inf,177.348,177.348
673,T3,BESTEFFORT,CANCELLED,,67.513,"{'m1-1': 101.37, 'm2-1': 99.64, 'm3-1': 1.08, 'm4-1': 25.02, 'm5-1': 148.48, 'm6-1': 26.26, 'm7-1': 101.37, 'm8-1': 24.95}",0.0,inf,inf,inf,177.513,177.513
674,T1,BESTEFFORT,CANCELLED,,67.533,"{'m1-1': 97.54, 'm2-1': 107.35, 'm3-1': 1.1, 'm4-1': 25.25, 'm5-1': 144.28, 'm6-1': 23.27, 'm7-1': 97.97, 'm8-1': 25.91}",0.0,inf,inf,inf,177.53300000000002,177.53300000000002
675,T10,BESTEFFORT,CANCELLED,,67.858,"{'m1-1': 98.09, 'm2-1': 108.4, 'm3-1': 1.0, 'm4-1': 26.36, 'm5-1': 151.78, 'm6-1': 25.03, 'm7-1': 110.56, 'm8-1': 28.41}",0.0,inf,inf,inf,177.858,177.858
676,T5,BESTEFFORT,CANCELLED,,67.893,"{'m1-1': 108.68, 'm2-1': 110.36, 'm3-1': 1.14, 'm4-1': 24.75, 'm5-1': 168.64, 'm6-1': 26.16, 'm7-1': 108.72, 'm8-1': 24.96}",0.0,inf,inf,inf,177.893,177.893
677,T1,BESTEFFORT,CANCELLED,,67.939,"{'m1-1': 96.83, 'm2-1': 118.03, 'm3-1': 1.08, 'm4-1': 24.4, 'm5-1': 151.35, 'm6-1': 24.89, 'm7-1': 105.21, 'm8-1': 27.47}",0.0,inf,inf,inf,177.939,177.939
678,T7,BESTEFFORT,CANCELLED,,68.118,"{'m1-1': 96.47, 'm2-1': 114.74, 'm3-1': 1.02, 'm4-1': 27.6, 'm5-1': 152.63, 'm6-1': 26.38, 'm7-1': 106.77, 'm8-1': 28.85}",0.0,inf,inf,inf,178.118,178.118
679,T2,BESTEFFORT,CANCELLED,,68.481,"{'m1-1': 105.96, 'm2-1': 103.68, 'm3-1': 0.98, 'm4-1': 26.1, 'm5-1': 152.23, 'm6-1': 25.95, 'm7-1': 100.66, 'm8-1': 24.92}",0.0,inf,inf,inf,178.481,178.481
680,T8,BESTEFFORT,COMPLETED,m3-1,68.622,"{'m1-1': 104.91, 'm2-1': 97.9, 'm3-1': 1.16, 'm4-1': 24.77, 'm5-1': 158.63, 'm6-1': 25.66, 'm7-1': 101.93, 'm8-1': 26.07}",1.7399999999999998,123.79999999999998,124.95999999999998,inf,178.622,178.622
681,T9,BESTEFFORT,CANCELLED,,68.627,"{'m1-1': 98.04, 'm2-1': 106.72, 'm3-1': 1.05, 'm4-1': 26.48, 'm5-1': 155.6, 'm6-1': 25.23, 'm7-1': 108.06, 'm8-1': 25.53}",0.0,inf,inf,inf,178.627,178.627
682,T6,BESTEFFORT,CANCELLED,,68.749,"{'m1-1': 106.45, 'm2-1': 112.97, 'm3-1': 1.12, 'm4-1': 25.51, 'm5-1': 149.34, 'm6-1': 25.14, 'm7-1': 101.76, 'm8-1': 27.22}",0.0,inf,inf,inf,178.749,178.749
683,T3,BESTEFFORT,CANCELLED,,68.85,"{'m1-1': 106.87, 'm2-1': 102.3, 'm3-1': 0.97, 'm4-1': 25.63, 'm5-1': 157.29, 'm6-1': 24.01, 'm7-1': 103.52, 'm8-1': 25.42}",0.0,inf,inf,inf,178.85,178.85
684,T4,BESTEFFORT,CANCELLED,,68.992,"{'m1-1': 106.32, 'm2-1': 94.55, 'm3-1': 1.07, 'm4-1': 27.24, 'm5-1': 158.83, 'm6-1': 28.48, 'm7-1': 103.07, 'm8-1': 25.37}",0.0,inf,inf,inf,178.99200000000002,178.99200000000002
685,T7,BESTEFFORT,COMPLETED,m3-1,69.205,"{'m1-1': 101.37, 'm2-1': 100.82, 'm3-1': 1.01, 'm4-1': 26.99, 'm5-1': 156.5, 'm6-1': 23.9, 'm7-1': 106.92, 'm8-1': 28.22}",1.5150000000000001,124.95999999999998,125.96999999999998,inf,179.20499999999998,179.20499999999998
686,T1,BESTEFFORT,CANCELLED,,69.28,"{'m1-1': 99.79, 'm2-1': 110.22, 'm3-1': 1.03, 'm4-1': 25.93, 'm5-1': 153.28, 'm6-1': 23.21, 'm7-1': 107.07, 'm8-1': 25.93}",0.0,inf,inf,inf,179.28,179.28
687,T5,BESTEFFORT,CANCELLED,,69.356,"{'m1-1': 106.02, 'm2-1': 115.07, 'm3-1': 1.09, 'm4-1': 24.67, 'm5-1': 162.04, 'm6-1': 27.06, 'm7-1': 100.65, 'm8-1': 27.13}",0.0,inf,inf,inf,179.356,179.356
688,T9,BESTEFFORT,CANCELLED,,69.546,"{'m1-1': 103.39, 'm2-1': 113.52, 'm3-1': 0.99, 'm4-1': 27.03, 'm5-1': 169.97, 'm6-1': 27.03, 'm7-1': 98.65, 'm8-1': 26.56}",0.0,inf,inf,inf,179.546,179.546
689,T2,BESTEFFORT,COMPLETED,m3-1,69.692,"{'m1-1': 101.4, 'm2-1': 106.19, 'm3-1': 1.03, 'm4-1': 25.66, 'm5-1': 149.36, 'm6-1': 25.48, 'm7-1': 102.53, 'm8-1': 25.55}",1.545,125.96999999999998,126.99999999999999,inf,179.692,179.692
690,T8,BESTEFFORT,CANCELLED,,69.765,"{'m1-1': 97.83, 'm2-1': 112.56, 'm3-1': 1.11, 'm4-1': 23.05, 'm5-1': 168.17, 'm6-1': 27.03, 'm7-1': 97.8, 'm8-1': 25.78}",0.0,inf,inf,inf,179.765,179.765
691,T2,BESTEFFORT,CANCELLED,,69.876,"{'m1-1': 102.04, 'm2-1': 111.51, 'm3-1': 1.11, 'm4-1': 26.44, 'm5-1': 143.54, 'm6-1': 24.47, 'm7-1': 98.6, 'm8-1': 25.92}",0.0,inf,inf,inf,179.876,179.876
692,T3,BESTEFFORT,CANCELLED,,69.997,"{'m1-1': 106.31, 'm2-1': 102.46, 'm3-1': 1.06, 'm4-1': 24.5, 'm5-1': 166.57, 'm6-1': 26.56, 'm7-1': 108.78, 'm8-1': 26.82}",0.0,inf,inf,inf,179.997,179.997
693,T2,BESTEFFORT,COMPLETED,m3-1,70.074,"{'m1-1': 109.32, 'm2-1': 106.35, 'm3-1': 0.98, 'm4-1': 23.4, 'm5-1': 145.56, 'm6-1': 25.03, 'm7-1': 104.09, 'm8-1': 24.87}",1.47,73.32000000000001,74.30000000000001,inf,180.074,180.074
694,T3,BESTEFFORT,COMPLETED,m3-1,70.103,"{'m1-1': 113.36, 'm2-1': 104.99, 'm3-1': 1.05, 'm4-1': 25.63, 'm5-1': 152.24, 'm6-1': 27.16, 'm7-1': 115.47, 'm8-1': 24.86}",1.5750000000000002,126.99999999999999,128.04999999999998,inf,180.103,180.103
695,T8,BESTEFFORT,MISSED,m4-1,70.208,"{'m1-1': 104.1, 'm2-1': 97.86, 'm3-1': 1.03, 'm4-1': 23.7, 'm5-1': 162.49, 'm6-1': 26.9, 'm7-1': 96.54, 'm8-1': 27.08}",0.0,208.627,inf,208.627,180.208,180.208
696,T3,BESTEFFORT,CANCELLED,,70.312,"{'m1-1': 100.24, 'm2-1': 99.18, 'm3-1': 1.09, 'm4-1': 25.67, 'm5-1': 161.15, 'm6-1': 23.66, 'm7-1': 108.36, 'm8-1': 24.66}",0.0,inf,inf,inf,180.312,180.312
697,T7,BESTEFFORT,COMPLETED,m6-1,70.415,"{'m1-1': 111.72, 'm2-1': 104.84, 'm3-1': 1.06, 'm4-1': 26.28, 'm5-1': 144.94, 'm6-1': 24.76, 'm7-1': 100.07, 'm8-1': 24.62}",37.14,132.176,156.93599999999998,inf,180.41500000000002,180.41500000000002
698,T5,BESTEFFORT,CANCELLED,,70.461,"{'m1-1': 99.64, 'm2-1': 105.83, 'm3-1': 1.08, 'm4-1': 24.03, 'm5-1': 165.63, 'm6-1': 25.59, 'm7-1': 108.46, 'm8-1': 23.81}",0.0,inf,inf,inf,180.461,180.461
699,T3,BESTEFFORT,CANCELLED,,71.035,"{'m1-1': 107.62, 'm2-1': 94.32, 'm3-1': 1.05, 'm4-1': 27.92, 'm5-1': 152.55, 'm6-1': 27.66, 'm7-1': 107.38, 'm8-1': 25.98}",0.0,inf,inf,inf,181.035,181.035
700,T5,BESTEFFORT,COMPLETED,m4-1,71.043,"{'m1-1': 102.2, 'm2-1': 117.83, 'm3-1': 1.05, 'm4-1': 23.4, 'm5-1': 152.92, 'm6-1': 25.66, 'm7-1': 109.22, 'm8-1': 27.16}",35.099999999999994,153.69,177.09,inf,181.043,181.043
701,T10,BESTEFFORT,MISSED,m2-1,71.169,"{'m1-1': 113.18, 'm2-1': 97.5, 'm3-1': 0.98, 'm4-1': 26.18, 'm5-1': 172.42, 'm6-1': 24.81, 'm7-1': 104.56, 'm8-1': 25.12}",0.0,187.724,inf,187.724,181.16899999999998,181.16899999999998
702,T7,BESTEFFORT,MISSED,m5-1,71.631,"{'m1-1': 109.71, 'm2-1': 104.79, 'm3-1': 1.02, 'm4-1': 27.62, 'm5-1': 157.68, 'm6-1': 24.34, 'm7-1': 94.32, 'm8-1': 26.74}",103.2885,112.772,inf,181.631,181.631,181.631
703,T5,BESTEFFORT,CANCELLED,,71.947,"{'m1-1': 113.28, 'm2-1': 117.22, 'm3-1': 1.06, 'm4-1': 23.54, 'm5-1': 147.99, 'm6-1': 25.15, 'm7-1': 98.03, 'm8-1': 25.62}",0.0,inf,inf,inf,181.947,181.947
704,T2,BESTEFFORT,CANCELLED,,71.97,"{'m1-1': 104.89, 'm2-1': 100.24, 'm3-1': 1.1, 'm4-1': 26.32, 'm5-1': 147.05, 'm6-1': 27.57, 'm7-1': 101.57, 'm8-1': 24.69}",0.0,inf,inf,inf,181.97,181.97
705,T10,BESTEFFORT,CANCELLED,,72.042,"{'m1-1': 104.84, 'm2-1': 93.66, 'm3-1': 1.01, 'm4-1': 24.15, 'm5-1': 147.49, 'm6-1': 24.44, 'm7-1': 111.18, 'm8-1': 29.38}",0.0,inf,inf,inf,182.042,182.042
706,T10,BESTEFFORT,MISSED,m2-1,72.05,"{'m1-1': 108.58, 'm2-1': 98.95, 'm3-1': 1.08, 'm4-1': 26.22, 'm5-1': 162.98, 'm6-1': 26.54, 'm7-1': 109.84, 'm8-1': 27.44}",0.0,187.724,inf,187.724,182.05,182.05
707,T9,BESTEFFORT,CANCELLED,,72.119,"{'m1-1': 96.81, 'm2-1': 102.43, 'm3-1': 1.12, 'm4-1': 27.18, 'm5-1': 155.24, 'm6-1': 27.69, 'm7-1': 97.07, 'm8-1': 25.11}",0.0,inf,inf,inf,182.119,182.119
708,T9,BESTEFFORT,CANCELLED,,72.201,"{'m1-1': 101.71, 'm2-1': 111.3, 'm3-1': 1.03, 'm4-1': 25.42, 'm5-1': 172.18, 'm6-1': 23.7, 'm7-1': 97.14, 'm8-1': 24.75}",0.0,inf,inf,inf,182.201,182.201
709,T1,BESTEFFORT,CANCELLED,,72.272,"{'m1-1': 109.04, 'm2-1': 103.55, 'm3-1': 1.03, 'm4-1': 26.87, 'm5-1': 148.64, 'm6-1': 24.08, 'm7-1': 97.42, 'm8-1': 24.86}",0.0,inf,inf,inf,182.272,182.272
710,T10,BESTEFFORT,CANCELLED,,72.272,"{'m1-1': 101.81, 'm2-1': 105.72, 'm3-1': 1.01, 'm4-1': 27.14, 'm5-1': 151.32, 'm6-1': 27.81, 'm7-1': 109.32, 'm8-1': 28.74}",0.0,inf,inf,inf,182.272,182.272
711,T4,BESTEFFORT,CANCELLED,,72.333,"{'m1-1': 104.03, 'm2-1': 106.91, 'm3-1': 1.17, 'm4-1': 26.12, 'm5-1': 168.14, 'm6-1': 29.07, 'm7-1': 101.48, 'm8-1': 27.51}",0.0,inf,inf,inf,182.333,182.333
712,T7,BESTEFFORT,CANCELLED,,72.382,"{'m1-1': 97.18, 'm2-1': 114.49, 'm3-1': 1.11, 'm4-1': 29.27, 'm5-1': 142.94, 'm6-1': 25.76, 'm7-1': 109.83, 'm8-1': 27.76}",0.0,inf,inf,inf,182.382,182.382
713,T2,BESTEFFORT,COMPLETED,m3-1,72.425,"{'m1-1': 109.69, 'm2-1': 96.42, 'm3-1': 0.98, 'm4-1': 24.65, 'm5-1': 147.29, 'm6-1': 25.41, 'm7-1': 105.62, 'm8-1': 23.31}",1.47,128.04999999999998,129.02999999999997,inf,182.425,182.425
714,T4,BESTEFFORT,CANCELLED,,72.464,"{'m1-1': 115.6, 'm2-1': 99.88, 'm3-1': 1.04, 'm4-1': 27.81, 'm5-1': 155.73, 'm6-1': 27.99, 'm7-1': 94.59, 'm8-1': 26.94}",0.0,inf,inf,inf,182.464,182.464
715,T10,BESTEFFORT,CANCELLED,,72.563,"{'m1-1': 98.2, 'm2-1': 108.52, 'm3-1': 1.1, 'm4-1': 24.94, 'm5-1': 172.38, 'm6-1': 24.2, 'm7-1': 109.87, 'm8-1': 26.42}",0.0,inf,inf,inf,182.563,182.563
716,T5,BESTEFFORT,CANCELLED,,72.566,"{'m1-1': 97.86, 'm2-1': 107.03, 'm3-1': 1.12, 'm4-1': 25.39, 'm5-1': 158.06, 'm6-1': 24.36, 'm7-1': 101.29, 'm8-1': 24.32}",0.0,inf,inf,inf,182.566,182.566
717,T1,BESTEFFORT,COMPLETED,m3-1,72.679,"{'m1-1': 98.0, 'm2-1': 104.77, 'm3-1': 1.12, 'm4-1': 27.54, 'm5-1': 160.97, 'm6-1': 27.46, 'm7-1': 98.64, 'm8-1': 26.87}",1.6800000000000002,173.55000000000007,174.67000000000007,inf,182.679,182.679
718,T2,BESTEFFORT,CANCELLED,,72.904,"{'m1-1': 99.06, 'm2-1': 110.0, 'm3-1': 1.14, 'm4-1': 27.11, 'm5-1': 146.19, 'm6-1': 24.55, 'm7-1': 98.01, 'm8-1': 27.11}",0.0,inf,inf,inf,182.904,182.904
719,T4,BESTEFFORT,CANCELLED,,72.918,"{'m1-1': 108.82, 'm2-1': 98.86, 'm3-1': 1.04, 'm4-1': 25.94, 'm5-1': 164.8, 'm6-1': 27.75, 'm7-1': 99.97, 'm8-1': 24.01}",0.0,inf,inf,inf,182.918,182.918
720,T9,BESTEFFORT,CANCELLED,,72.937,"{'m1-1': 106.3, 'm2-1': 117.73, 'm3-1': 1.02, 'm4-1': 26.74, 'm5-1': 153.57, 'm6-1': 26.68, 'm7-1': 94.82, 'm8-1': 26.56}",0.0,inf,inf,inf,182.937,182.937
721,T2,BESTEFFORT,CANCELLED,,72.946,"{'m1-1': 99.29, 'm2-1': 106.49, 'm3-1': 1.02, 'm4-1': 24.5, 'm5-1': 159.49, 'm6-1': 25.06, 'm7-1': 108.69, 'm8-1': 24.04}",0.0,inf,inf,inf,182.946,182.946
722,T3,BESTEFFORT,COMPLETED,m3-1,72.969,"{'m1-1': 103.15, 'm2-1': 109.92, 'm3-1': 1.08, 'm4-1': 28.48, 'm5-1': 159.14, 'm6-1': 26.95, 'm7-1': 112.34, 'm8-1': 24.77}",1.62,76.49000000000001,77.57000000000001,inf,182.969,182.969
723,T3,BESTEFFORT,COMPLETED,m3-1,73.002,"{'m1-1': 109.69, 'm2-1': 106.32, 'm3-1': 1.09, 'm4-1': 24.59, 'm5-1': 144.94, 'm6-1': 25.01, 'm7-1': 107.86, 'm8-1': 26.18}",1.6350000000000002,77.57000000000001,78.66000000000001,inf,183.002,183.002
724,T7,BESTEFFORT,CANCELLED,,73.032,"{'m1-1': 110.76, 'm2-1': 98.29, 'm3-1': 1.17, 'm4-1': 27.56, 'm5-1': 149.09, 'm6-1': 26.48, 'm7-1': 93.66, 'm8-1': 27.94}",0.0,inf,inf,inf,183.03199999999998,183.03199999999998
725,T4,BESTEFFORT,COMPLETED,m3-1,73.04,"{'m1-1': 114.63, 'm2-1': 101.55, 'm3-1': 1.17, 'm4-1': 25.12, 'm5-1': 176.53, 'm6-1': 25.03, 'm7-1': 102.2, 'm8-1': 25.43}",1.755,159.41000000000003,160.58,inf,183.04000000000002,183.04000000000002
726,T6,BESTEFFORT,COMPLETED,m3-1,73.079,"{'m1-1': 108.25, 'm2-1': 113.12, 'm3-1': 1.08, 'm4-1': 25.6, 'm5-1': 156.96, 'm6-1': 23.97, 'm7-1': 97.06, 'm8-1': 24.22}",1.62,160.58,161.66000000000003,inf,183.079,183.079
727,T6,BESTEFFORT,COMPLETED,m3-1,73.186,"{'m1-1': 95.01, 'm2-1': 101.0, 'm3-1': 0.99, 'm4-1': 27.1, 'm5-1': 161.04, 'm6-1': 26.41, 'm7-1': 104.66, 'm8-1': 27.92}",1.4849999999999999,174.67000000000007,175.66000000000008,inf,183.186,183.186
728,T3,BESTEFFORT,CANCELLED,,73.216,"{'m1-1': 117.12, 'm2-1': 96.11, 'm3-1': 1.02, 'm4-1': 26.67, 'm5-1': 166.31, 'm6-1': 25.4, 'm7-1': 113.81, 'm8-1': 23.94}",0.0,inf,inf,inf,183.216,183.216
729,T9,BESTEFFORT,CANCELLED,,73.422,"{'m1-1': 111.98, 'm2-1': 109.21, 'm3-1': 1.01, 'm4-1': 24.09, 'm5-1': 168.8, 'm6-1': 23.75, 'm7-1': 106.86, 'm8-1': 24.79}",0.0,inf,inf,inf,183.422,183.422
730,T1,BESTEFFORT,CANCELLED,,73.625,"{'m1-1': 105.51, 'm2-1': 102.51, 'm3-1': 1.04, 'm4-1': 25.02, 'm5-1': 146.36, 'm6-1': 25.11, 'm7-1': 108.44, 'm8-1': 25.14}",0.0,inf,inf,inf,183.625,183.625
731,T7,BESTEFFORT,CANCELLED,,73.847,"{'m1-1': 102.11, 'm2-1': 113.2, 'm3-1': 1.01, 'm4-1': 26.63, 'm5-1': 151.28, 'm6-1': 26.73, 'm7-1': 102.48, 'm8-1': 26.19}",0.0,inf,inf,inf,183.84699999999998,183.84699999999998
732,T6,BESTEFFORT,MISSED,m3-1,73.919,"{'m1-1': 96.82, 'm2-1': 115.53, 'm3-1': 0.99, 'm4-1': 26.01, 'm5-1': 153.1, 'm6-1': 23.95, 'm7-1': 104.53, 'm8-1': 28.73}",0.0,188.86000000000016,inf,188.86000000000016,183.91899999999998,183.91899999999998
733,T2,BESTEFFORT,CANCELLED,,73.952,"{'m1-1': 102.78, 'm2-1': 104.7, 'm3-1': 1.11, 'm4-1': 26.76, 'm5-1': 162.09, 'm6-1': 25.16, 'm7-1': 98.86, 'm8-1': 26.92}",0.0,inf,inf,inf,183.952,183.952
734,T1,BESTEFFORT,CANCELLED,,74.08,"{'m1-1': 100.45, 'm2-1': 103.84, 'm3-1': 1.02, 'm4-1': 24.49, 'm5-1': 150.54, 'm6-1': 23.97, 'm7-1': 103.14, 'm8-1': 26.34}",0.0,inf,inf,inf,184.07999999999998,184.07999999999998
735,T10,BESTEFFORT,COMPLETED,m3-1,74.144,"{'m1-1': 107.61, 'm2-1': 102.61, 'm3-1': 1.09, 'm4-1': 23.91, 'm5-1': 165.38, 'm6-1': 28.01, 'm7-1': 111.82, 'm8-1': 29.42}",1.6350000000000002,175.66000000000008,176.75000000000009,inf,184.144,184.144
736,T7,BESTEFFORT,CANCELLED,,74.241,"{'m1-1': 99.16, 'm2-1': 111.75, 'm3-1': 1.12, 'm4-1': 26.39, 'm5-1': 155.77, 'm6-1': 24.74, 'm7-1': 109.6, 'm8-1': 24.63}",0.0,inf,inf,inf,184.24099999999999,184.24099999999999
737,T6,BESTEFFORT,CANCELLED,,74.35,"{'m1-1': 99.08, 'm2-1': 102.46, 'm3-1': 0.99, 'm4-1': 24.6, 'm5-1': 171.33, 'm6-1': 27.43, 'm7-1': 109.54, 'm8-1': 24.41}",0.0,inf,inf,inf,184.35,184.35
738,T7,BESTEFFORT,CANCELLED,,74.376,"{'m1-1': 105.85, 'm2-1': 115.26, 'm3-1': 1.11, 'm4-1': 24.88, 'm5-1': 165.13, 'm6-1': 25.28, 'm7-1': 109.69, 'm8-1': 24.69}",0.0,inf,inf,inf,184.376,184.376
739,T6,BESTEFFORT,CANCELLED,,74.404,"{'m1-1': 101.97, 'm2-1': 112.16, 'm3-1': 1.12, 'm4-1': 25.61, 'm5-1': 172.34, 'm6-1': 24.92, 'm7-1': 94.74, 'm8-1': 26.21}",0.0,inf,inf,inf,184.404,184.404
740,T6,BESTEFFORT,CANCELLED,,74.617,"{'m1-1': 112.41, 'm2-1': 103.77, 'm3-1': 1.06, 'm4-1': 25.61, 'm5-1': 159.42, 'm6-1': 25.18, 'm7-1': 111.03, 'm8-1': 27.97}",0.0,inf,inf,inf,184.61700000000002,184.61700000000002
741,T1,BESTEFFORT,CANCELLED,,74.699,"{'m1-1': 98.28, 'm2-1': 103.03, 'm3-1': 1.1, 'm4-1': 25.31, 'm5-1': 162.97, 'm6-1': 24.73, 'm7-1': 99.33, 'm8-1': 26.3}",0.0,inf,inf,inf,184.699,184.699
742,T10,BESTEFFORT,CANCELLED,,74.757,"{'m1-1': 105.33, 'm2-1': 99.3, 'm3-1': 0.97, 'm4-1': 26.12, 'm5-1': 160.18, 'm6-1': 26.98, 'm7-1': 100.43, 'm8-1': 25.59}",0.0,inf,inf,inf,184.757,184.757
743,T1,BESTEFFORT,COMPLETED,m3-1,74.777,"{'m1-1': 103.68, 'm2-1': 108.66, 'm3-1': 1.13, 'm4-1': 25.2, 'm5-1': 161.12, 'm6-1': 25.29, 'm7-1': 107.87, 'm8-1': 27.05}",1.6949999999999998,161.66000000000003,162.79000000000002,inf,184.777,184.777
744,T1,BESTEFFORT,MISSED,m5-1,74.797,"{'m1-1': 103.46, 'm2-1': 113.15, 'm3-1': 1.15, 'm4-1': 24.44, 'm5-1': 147.79, 'm6-1': 26.03, 'm7-1': 105.63, 'm8-1': 25.4}",0.0,195.357,inf,195.357,184.797,184.797
745,T10,BESTEFFORT,CANCELLED,,74.858,"{'m1-1': 99.96, 'm2-1': 95.42, 'm3-1': 1.03, 'm4-1': 23.72, 'm5-1': 160.65, 'm6-1': 27.71, 'm7-1': 115.15, 'm8-1': 26.06}",0.0,inf,inf,inf,184.858,184.858
746,T10,BESTEFFORT,CANCELLED,,74.881,"{'m1-1': 111.19, 'm2-1': 96.28, 'm3-1': 0.95, 'm4-1': 26.45, 'm5-1': 158.1, 'm6-1': 28.58, 'm7-1': 104.92, 'm8-1': 25.62}",0.0,inf,inf,inf,184.881,184.881
747,T6,BESTEFFORT,COMPLETED,m3-1,74.967,"{'m1-1': 105.32, 'm2-1': 114.54, 'm3-1': 1.15, 'm4-1': 27.82, 'm5-1': 159.14, 'm6-1': 26.95, 'm7-1': 103.02, 'm8-1': 25.5}",1.7249999999999999,129.02999999999997,130.17999999999998,inf,184.96699999999998,184.96699999999998
748,T3,BESTEFFORT,COMPLETED,m3-1,74.985,"{'m1-1': 100.15, 'm2-1': 109.26, 'm3-1': 1.11, 'm4-1': 27.43, 'm5-1': 158.4, 'm6-1': 24.8, 'm7-1': 114.0, 'm8-1': 26.02}",1.665,78.66000000000001,79.77000000000001,inf,184.985,184.985
749,T9,BESTEFFORT,CANCELLED,,75.136,"{'m1-1': 106.5, 'm2-1': 102.82, 'm3-1': 0.96, 'm4-1': 26.97, 'm5-1': 163.16, 'm6-1': 24.2, 'm7-1': 100.15, 'm8-1': 26.31}",0.0,inf,inf,inf,185.136,185.136
750,T4,BESTEFFORT,CANCELLED,,75.268,"{'m1-1': 102.73, 'm2-1': 96.7, 'm3-1': 1.03, 'm4-1': 27.64, 'm5-1': 159.55, 'm6-1': 25.79, 'm7-1': 105.7, 'm8-1': 25.34}",0.0,inf,inf,inf,185.268,185.268
751,T10,BESTEFFORT,COMPLETED,m3-1,75.471,"{'m1-1': 113.29, 'm2-1': 98.67, 'm3-1': 1.03, 'm4-1': 24.88, 'm5-1': 172.02, 'm6-1': 24.89, 'm7-1': 113.94, 'm8-1': 29.01}",1.545,79.77000000000001,80.80000000000001,inf,185.471,185.471
752,T9,BESTEFFORT,CANCELLED,,75.526,"{'m1-1': 102.74, 'm2-1': 109.64, 'm3-1': 1.09, 'm4-1': 28.24, 'm5-1': 174.16, 'm6-1': 26.19, 'm7-1': 92.92, 'm8-1': 24.58}",0.0,inf,inf,inf,185.526,185.526
753,T2,BESTEFFORT,CANCELLED,,75.582,"{'m1-1': 100.12, 'm2-1': 100.72, 'm3-1': 1.07, 'm4-1': 25.15, 'm5-1': 139.71, 'm6-1': 26.95, 'm7-1': 104.33, 'm8-1': 27.36}",0.0,inf,inf,inf,185.582,185.582
754,T6,BESTEFFORT,CANCELLED,,75.707,"{'m1-1': 102.31, 'm2-1': 110.31, 'm3-1': 1.07, 'm4-1': 27.49, 'm5-1': 161.69, 'm6-1': 26.31, 'm7-1': 102.09, 'm8-1': 28.74}",0.0,inf,inf,inf,185.707,185.707
755,T5,BESTEFFORT,CANCELLED,,75.87,"{'m1-1': 99.3, 'm2-1': 115.21, 'm3-1': 1.12, 'm4-1': 23.88, 'm5-1': 161.27, 'm6-1': 27.61, 'm7-1': 98.7, 'm8-1': 23.36}",0.0,inf,inf,inf,185.87,185.87
756,T6,BESTEFFORT,COMPLETED,m3-1,75.908,"{'m1-1': 108.19, 'm2-1': 113.86, 'm3-1': 1.13, 'm4-1': 26.56, 'm5-1': 157.17, 'm6-1': 26.24, 'm7-1': 99.57, 'm8-1': 28.14}",1.6949999999999998,176.75000000000009,177.88000000000008,inf,185.90800000000002,185.90800000000002
757,T5,BESTEFFORT,COMPLETED,m3-1,76.03,"{'m1-1': 109.63, 'm2-1': 108.73, 'm3-1': 1.09, 'm4-1': 27.16, 'm5-1': 147.74, 'm6-1': 25.55, 'm7-1': 101.6, 'm8-1': 27.25}",1.6350000000000002,177.88000000000008,178.97000000000008,inf,186.03,186.03
758,T4,BESTEFFORT,MISSED,m8-1,76.107,"{'m1-1': 103.62, 'm2-1': 98.65, 'm3-1': 1.02, 'm4-1': 24.39, 'm5-1': 163.22, 'm6-1': 25.64, 'm7-1': 93.28, 'm8-1': 24.35}",0.0,206.18,inf,206.18,186.107,186.107
759,T1,BESTEFFORT,COMPLETED,m3-1,76.222,"{'m1-1': 102.45, 'm2-1': 106.6, 'm3-1': 1.11, 'm4-1': 23.78, 'm5-1': 168.83, 'm6-1': 24.94, 'm7-1': 109.27, 'm8-1': 25.62}",1.665,178.97000000000008,180.0800000000001,inf,186.22199999999998,186.22199999999998
760,T8,BESTEFFORT,CANCELLED,,76.232,"{'m1-1': 111.7, 'm2-1': 113.25, 'm3-1': 1.01, 'm4-1': 23.1, 'm5-1': 161.35, 'm6-1': 25.8, 'm7-1': 102.16, 'm8-1': 26.59}",0.0,inf,inf,inf,186.232,186.232
761,T9,BESTEFFORT,CANCELLED,,76.429,"{'m1-1': 110.41, 'm2-1': 107.89, 'm3-1': 1.1, 'm4-1': 28.38, 'm5-1': 153.01, 'm6-1': 24.67, 'm7-1': 94.3, 'm8-1': 23.82}",0.0,inf,inf,inf,186.429,186.429
762,T3,BESTEFFORT,CANCELLED,,76.441,"{'m1-1': 111.03, 'm2-1': 96.33, 'm3-1': 0.96, 'm4-1': 25.38, 'm5-1': 157.96, 'm6-1': 24.01, 'm7-1': 108.75, 'm8-1': 25.0}",0.0,inf,inf,inf,186.441,186.441
763,T7,BESTEFFORT,CANCELLED,,76.577,"{'m1-1': 108.52, 'm2-1': 106.12, 'm3-1': 1.08, 'm4-1': 25.25, 'm5-1': 147.0, 'm6-1': 26.31, 'm7-1': 107.75, 'm8-1': 27.22}",0.0,inf,inf,inf,186.577,186.577
764,T7,BESTEFFORT,CANCELLED,,76.781,"{'m1-1': 99.69, 'm2-1': 103.2, 'm3-1': 1.12, 'm4-1': 28.07, 'm5-1': 144.99, 'm6-1': 26.46, 'm7-1': 108.72, 'm8-1': 25.02}",0.0,inf,inf,inf,186.781,186.781
765,T1,BESTEFFORT,COMPLETED,m3-1,76.825,"{'m1-1': 105.93, 'm2-1': 109.96, 'm3-1': 1.1, 'm4-1': 27.41, 'm5-1': 162.12, 'm6-1': 23.92, 'm7-1': 95.96, 'm8-1': 27.84}",1.6500000000000001,162.79000000000002,163.89000000000001,inf,186.825,186.825
766,T3,BESTEFFORT,CANCELLED,,77.188,"{'m1-1': 117.72, 'm2-1': 101.96, 'm3-1': 1.09, 'm4-1': 26.98, 'm5-1': 147.99, 'm6-1': 24.7, 'm7-1': 101.5, 'm8-1': 24.6}",0.0,inf,inf,inf,187.188,187.188
767,T10,BESTEFFORT,COMPLETED,m3-1,77.463,"{'m1-1': 112.39, 'm2-1': 104.46, 'm3-1': 1.07, 'm4-1': 23.72, 'm5-1': 148.82, 'm6-1': 25.95, 'm7-1': 101.94, 'm8-1': 27.35}",1.605,80.80000000000001,81.87,inf,187.463,187.463
768,T10,BESTEFFORT,CANCELLED,,77.636,"{'m1-1': 104.91, 'm2-1': 94.99, 'm3-1': 0.98, 'm4-1': 23.61, 'm5-1': 165.01, 'm6-1': 27.65, 'm7-1': 113.97, 'm8-1': 26.53}",0.0,inf,inf,inf,187.636,187.636
769,T10,BESTEFFORT,MISSED,m2-1,77.724,"{'m1-1': 110.02, 'm2-1': 95.88, 'm3-1': 0.96, 'm4-1': 25.7, 'm5-1': 157.04, 'm6-1': 24.39, 'm7-1': 105.05, 'm8-1': 28.74}",26.200499999999977,170.257,inf,187.724,187.724,187.724
770,T6,BESTEFFORT,CANCELLED,,77.757,"{'m1-1': 103.05, 'm2-1': 104.11, 'm3-1': 1.11, 'm4-1': 25.31, 'm5-1': 165.65, 'm6-1': 25.23, 'm7-1': 99.88, 'm8-1': 24.75}",0.0,inf,inf,inf,187.757,187.757
771,T1,BESTEFFORT,CANCELLED,,77.8,"{'m1-1': 101.13, 'm2-1': 108.26, 'm3-1': 1.01, 'm4-1': 23.87, 'm5-1': 151.75, 'm6-1': 23.68, 'm7-1': 104.82, 'm8-1': 25.21}",0.0,inf,inf,inf,187.8,187.8
772,T9,BESTEFFORT,CANCELLED,,77.822,"{'m1-1': 107.22, 'm2-1': 100.71, 'm3-1': 1.07, 'm4-1': 25.11, 'm5-1': 154.84, 'm6-1': 26.58, 'm7-1': 100.6, 'm8-1': 26.11}",0.0,inf,inf,inf,187.822,187.822
773,T9,BESTEFFORT,CANCELLED,,77.842,"{'m1-1': 110.42, 'm2-1': 109.3, 'm3-1': 0.94, 'm4-1': 26.35, 'm5-1': 156.35, 'm6-1': 26.09, 'm7-1': 101.54, 'm8-1': 24.32}",0.0,inf,inf,inf,187.84199999999998,187.84199999999998
774,T2,BESTEFFORT,MISSED,m3-1,77.859,"{'m1-1': 111.84, 'm2-1': 108.32, 'm3-1': 1.08, 'm4-1': 24.16, 'm5-1': 151.55, 'm6-1': 23.31, 'm7-1': 106.55, 'm8-1': 25.69}",0.0,188.86000000000016,inf,188.86000000000016,187.85899999999998,187.85899999999998
775,T9,BESTEFFORT,CANCELLED,,77.868,"{'m1-1': 104.84, 'm2-1': 118.57, 'm3-1': 0.98, 'm4-1': 27.84, 'm5-1': 151.79, 'm6-1': 25.67, 'm7-1': 92.06, 'm8-1': 25.37}",0.0,inf,inf,inf,187.868,187.868
776,T8,BESTEFFORT,CANCELLED,,78.064,"{'m1-1': 111.36, 'm2-1': 102.84, 'm3-1': 1.06, 'm4-1': 25.52, 'm5-1': 167.9, 'm6-1': 28.17, 'm7-1': 99.92, 'm8-1': 25.94}",0.0,inf,inf,inf,188.064,188.064
777,T2,BESTEFFORT,CANCELLED,,78.075,"{'m1-1': 110.79, 'm2-1': 104.64, 'm3-1': 1.12, 'm4-1': 25.28, 'm5-1': 150.96, 'm6-1': 25.43, 'm7-1': 95.1, 'm8-1': 25.13}",0.0,inf,inf,inf,188.075,188.075
778,T6,BESTEFFORT,COMPLETED,m3-1,78.128,"{'m1-1': 101.12, 'm2-1': 103.69, 'm3-1': 1.08, 'm4-1': 25.1, 'm5-1': 156.57, 'm6-1': 27.18, 'm7-1': 99.68, 'm8-1': 27.64}",1.62,180.0800000000001,181.1600000000001,inf,188.128,188.128
779,T6,BESTEFFORT,CANCELLED,,78.206,"{'m1-1': 111.5, 'm2-1': 111.68, 'm3-1': 1.1, 'm4-1': 24.17, 'm5-1': 146.87, 'm6-1': 27.33, 'm7-1': 105.75, 'm8-1': 26.92}",0.0,inf,inf,inf,188.20600000000002,188.20600000000002
780,T8,BESTEFFORT,MISSED,m5-1,78.226,"{'m1-1': 111.33, 'm2-1': 109.23, 'm3-1': 1.15, 'm4-1': 26.78, 'm5-1': 143.49, 'm6-1': 26.82, 'm7-1': 111.66, 'm8-1': 23.26}",0.0,195.357,inf,195.357,188.226,188.226
781,T6,BESTEFFORT,COMPLETED,m3-1,78.378,"{'m1-1': 105.3, 'm2-1': 113.44, 'm3-1': 1.13, 'm4-1': 24.13, 'm5-1': 168.51, 'm6-1': 24.2, 'm7-1': 97.29, 'm8-1': 27.81}",1.6949999999999998,81.87,83.0,inf,188.378,188.378
782,T5,BESTEFFORT,CANCELLED,,78.404,"{'m1-1': 115.22, 'm2-1': 114.94, 'm3-1': 1.01, 'm4-1': 25.97, 'm5-1': 152.52, 'm6-1': 26.48, 'm7-1': 109.36, 'm8-1': 24.78}",0.0,inf,inf,inf,188.404,188.404
783,T9,BESTEFFORT,COMPLETED,m3-1,78.673,"{'m1-1': 104.14, 'm2-1': 100.71, 'm3-1': 1.05, 'm4-1': 27.52, 'm5-1': 151.79, 'm6-1': 24.88, 'm7-1': 98.26, 'm8-1': 24.51}",1.5750000000000002,83.0,84.05,inf,188.673,188.673
784,T8,BESTEFFORT,CANCELLED,,78.791,"{'m1-1': 109.44, 'm2-1': 104.43, 'm3-1': 1.05, 'm4-1': 25.45, 'm5-1': 152.41, 'm6-1': 24.66, 'm7-1': 98.38, 'm8-1': 26.46}",0.0,inf,inf,inf,188.791,188.791
785,T7,BESTEFFORT,CANCELLED,,78.886,"{'m1-1': 100.55, 'm2-1': 101.44, 'm3-1': 1.16, 'm4-1': 28.34, 'm5-1': 154.78, 'm6-1': 25.96, 'm7-1': 97.96, 'm8-1': 27.4}",0.0,inf,inf,inf,188.886,188.886
786,T4,BESTEFFORT,CANCELLED,,78.93,"{'m1-1': 109.59, 'm2-1': 97.1, 'm3-1': 1.06, 'm4-1': 26.12, 'm5-1': 162.6, 'm6-1': 24.93, 'm7-1': 100.15, 'm8-1': 24.59}",0.0,inf,inf,inf,188.93,188.93
787,T9,BESTEFFORT,COMPLETED,m3-1,78.98,"{'m1-1': 107.26, 'm2-1': 112.13, 'm3-1': 1.08, 'm4-1': 24.84, 'm5-1': 150.62, 'm6-1': 25.03, 'm7-1': 99.68, 'm8-1': 24.72}",1.62,181.1600000000001,182.24000000000012,inf,188.98000000000002,188.98000000000002
788,T5,BESTEFFORT,CANCELLED,,79.093,"{'m1-1': 115.19, 'm2-1': 112.75, 'm3-1': 1.1, 'm4-1': 24.54, 'm5-1': 145.27, 'm6-1': 24.73, 'm7-1': 110.62, 'm8-1': 25.16}",0.0,inf,inf,inf,189.09300000000002,189.09300000000002
789,T1,BESTEFFORT,CANCELLED,,79.147,"{'m1-1': 101.54, 'm2-1': 108.31, 'm3-1': 1.18, 'm4-1': 24.76, 'm5-1': 168.13, 'm6-1': 26.74, 'm7-1': 112.99, 'm8-1': 27.42}",0.0,inf,inf,inf,189.147,189.147
790,T6,BESTEFFORT,CANCELLED,,79.189,"{'m1-1': 97.12, 'm2-1': 113.39, 'm3-1': 1.09, 'm4-1': 26.1, 'm5-1': 147.57, 'm6-1': 24.85, 'm7-1': 102.8, 'm8-1': 28.72}",0.0,inf,inf,inf,189.189,189.189
791,T4,BESTEFFORT,CANCELLED,,79.2,"{'m1-1': 109.59, 'm2-1': 109.21, 'm3-1': 1.04, 'm4-1': 28.16, 'm5-1': 155.9, 'm6-1': 28.87, 'm7-1': 108.68, 'm8-1': 25.43}",0.0,inf,inf,inf,189.2,189.2
792,T10,BESTEFFORT,COMPLETED,m3-1,79.276,"{'m1-1': 103.9, 'm2-1': 97.6, 'm3-1': 1.01, 'm4-1': 24.5, 'm5-1': 158.84, 'm6-1': 25.79, 'm7-1': 104.48, 'm8-1': 28.95}",1.5150000000000001,130.17999999999998,131.18999999999997,inf,189.276,189.276
793,T6,BESTEFFORT,COMPLETED,m3-1,79.521,"{'m1-1': 105.66, 'm2-1': 108.42, 'm3-1': 1.05, 'm4-1': 26.89, 'm5-1': 164.06, 'm6-1': 25.91, 'm7-1': 105.57, 'm8-1': 26.67}",1.5750000000000002,163.89000000000001,164.94000000000003,inf,189.52100000000002,189.52100000000002
794,T8,BESTEFFORT,CANCELLED,,79.531,"{'m1-1': 110.04, 'm2-1': 95.76, 'm3-1': 1.07, 'm4-1': 24.28, 'm5-1': 162.35, 'm6-1': 27.04, 'm7-1': 112.27, 'm8-1': 23.2}",0.0,inf,inf,inf,189.531,189.531
795,T3,BESTEFFORT,CANCELLED,,79.59,"{'m1-1': 113.77, 'm2-1': 102.99, 'm3-1': 1.11, 'm4-1': 27.28, 'm5-1': 159.72, 'm6-1': 26.25, 'm7-1': 113.86, 'm8-1': 27.71}",0.0,inf,inf,inf,189.59,189.59
796,T1,BESTEFFORT,MISSED,m1-1,79.69,"{'m1-1': 100.76, 'm2-1': 114.6, 'm3-1': 1.02, 'm4-1': 24.76, 'm5-1': 160.48, 'm6-1': 27.43, 'm7-1': 111.97, 'm8-1': 25.99}",0.0,202.001,inf,202.001,189.69,189.69
797,T10,BESTEFFORT,CANCELLED,,79.785,"{'m1-1': 101.32, 'm2-1': 95.96, 'm3-1': 1.05, 'm4-1': 23.36, 'm5-1': 156.78, 'm6-1': 25.74, 'm7-1': 108.55, 'm8-1': 25.14}",0.0,inf,inf,inf,189.785,189.785
798,T8,BESTEFFORT,CANCELLED,,79.852,"{'m1-1': 108.7, 'm2-1': 109.69, 'm3-1': 1.02, 'm4-1': 25.19, 'm5-1': 145.76, 'm6-1': 27.63, 'm7-1': 110.16, 'm8-1': 24.56}",0.0,inf,inf,inf,189.852,189.852
799,T9,BESTEFFORT,MISSED,m7-1,79.968,"{'m1-1': 100.47, 'm2-1': 117.69, 'm3-1': 0.99, 'm4-1': 25.1, 'm5-1': 155.91, 'm6-1': 26.36, 'm7-1': 108.84, 'm8-1': 26.94}",116.23650000000002,112.477,inf,189.96800000000002,189.96800000000002,189.96800000000002
800,T5,BESTEFFORT,CANCELLED,,79.99,"{'m1-1': 107.18, 'm2-1': 119.02, 'm3-1': 1.08, 'm4-1': 24.79, 'm5-1': 147.74, 'm6-1': 25.68, 'm7-1': 106.62, 'm8-1': 26.9}",0.0,inf,inf,inf,189.99,189.99
801,T2,BESTEFFORT,COMPLETED,m8-1,80.022,"{'m1-1': 101.05, 'm2-1': 97.34, 'm3-1': 1.08, 'm4-1': 25.56, 'm5-1': 140.27, 'm6-1': 27.55, 'm7-1': 97.23, 'm8-1': 27.09}",40.635,153.2,180.29,inf,190.022,190.022
802,T6,BESTEFFORT,CANCELLED,,80.032,"{'m1-1': 100.13, 'm2-1': 99.84, 'm3-1': 1.15, 'm4-1': 23.74, 'm5-1': 146.47, 'm6-1': 25.92, 'm7-1': 110.78, 'm8-1': 25.53}",0.0,inf,inf,inf,190.03199999999998,190.03199999999998
803,T1,BESTEFFORT,CANCELLED,,80.148,"{'m1-1': 101.67, 'm2-1': 104.46, 'm3-1': 1.11, 'm4-1': 27.5, 'm5-1': 143.72, 'm6-1': 26.48, 'm7-1': 103.48, 'm8-1': 27.19}",0.0,inf,inf,inf,190.148,190.148
804,T3,BESTEFFORT,MISSED,m2-1,80.16,"{'m1-1': 100.97, 'm2-1': 98.41, 'm3-1': 1.11, 'm4-1': 28.45, 'm5-1': 157.58, 'm6-1': 24.5, 'm7-1': 107.02, 'm8-1': 26.6}",3.6540000000000106,187.724,inf,190.16,190.16,190.16
805,T2,BESTEFFORT,COMPLETED,m3-1,80.217,"{'m1-1': 115.56, 'm2-1': 107.63, 'm3-1': 1.03, 'm4-1': 24.04, 'm5-1': 144.16, 'm6-1': 23.83, 'm7-1': 101.93, 'm8-1': 25.73}",1.545,131.18999999999997,132.21999999999997,inf,190.21699999999998,190.21699999999998
806,T1,BESTEFFORT,CANCELLED,,80.333,"{'m1-1': 108.99, 'm2-1': 108.87, 'm3-1': 1.04, 'm4-1': 23.65, 'm5-1': 151.62, 'm6-1': 23.53, 'm7-1': 107.6, 'm8-1': 26.91}",0.0,inf,inf,inf,190.333,190.333
807,T7,BESTEFFORT,CANCELLED,,80.421,"{'m1-1': 109.71, 'm2-1': 111.76, 'm3-1': 1.06, 'm4-1': 25.69, 'm5-1': 147.14, 'm6-1': 24.94, 'm7-1': 96.51, 'm8-1': 29.24}",0.0,inf,inf,inf,190.421,190.421
808,T2,BESTEFFORT,CANCELLED,,80.685,"{'m1-1': 103.01, 'm2-1': 98.32, 'm3-1': 0.98, 'm4-1': 24.5, 'm5-1': 148.4, 'm6-1': 26.58, 'm7-1': 95.07, 'm8-1': 23.55}",0.0,inf,inf,inf,190.685,190.685
809,T6,BESTEFFORT,CANCELLED,,80.733,"{'m1-1': 111.61, 'm2-1': 98.88, 'm3-1': 1.14, 'm4-1': 26.86, 'm5-1': 147.57, 'm6-1': 26.96, 'm7-1': 107.61, 'm8-1': 25.67}",0.0,inf,inf,inf,190.733,190.733
810,T3,BESTEFFORT,COMPLETED,m3-1,80.838,"{'m1-1': 117.76, 'm2-1': 107.97, 'm3-1': 1.11, 'm4-1': 28.06, 'm5-1': 160.73, 'm6-1': 27.69, 'm7-1': 109.87, 'm8-1': 24.49}",1.665,85.05,86.16,inf,190.838,190.838
811,T5,BESTEFFORT,CANCELLED,,81.144,"{'m1-1': 105.2, 'm2-1': 114.04, 'm3-1': 1.15, 'm4-1': 24.16, 'm5-1': 158.39, 'm6-1': 27.41, 'm7-1': 101.18, 'm8-1': 25.2}",0.0,inf,inf,inf,191.144,191.144
812,T4,BESTEFFORT,CANCELLED,,81.164,"{'m1-1': 104.38, 'm2-1': 93.85, 'm3-1': 1.02, 'm4-1': 25.71, 'm5-1': 163.61, 'm6-1': 28.29, 'm7-1': 96.28, 'm8-1': 25.17}",0.0,inf,inf,inf,191.164,191.164
813,T2,BESTEFFORT,COMPLETED,m3-1,81.166,"{'m1-1': 99.42, 'm2-1': 99.98, 'm3-1': 1.08, 'm4-1': 25.95, 'm5-1': 141.91, 'm6-1': 24.8, 'm7-1': 98.09, 'm8-1': 25.11}",1.62,188.86000000000016,189.94000000000017,inf,191.166,191.166
814,T5,BESTEFFORT,CANCELLED,,81.34,"{'m1-1': 105.48, 'm2-1': 118.79, 'm3-1': 1.04, 'm4-1': 23.02, 'm5-1': 147.24, 'm6-1': 24.73, 'm7-1': 104.68, 'm8-1': 26.53}",0.0,inf,inf,inf,191.34,191.34
815,T10,BESTEFFORT,COMPLETED,m3-1,81.348,"{'m1-1': 102.88, 'm2-1': 103.75, 'm3-1': 1.13, 'm4-1': 25.54, 'm5-1': 148.77, 'm6-1': 24.67, 'm7-1': 99.79, 'm8-1': 27.75}",1.6949999999999998,87.2,88.33,inf,191.348,191.348
816,T10,BESTEFFORT,MISSED,m4-1,81.367,"{'m1-1': 98.66, 'm2-1': 109.16, 'm3-1': 0.98, 'm4-1': 26.17, 'm5-1': 146.85, 'm6-1': 25.02, 'm7-1': 110.76, 'm8-1': 25.67}",21.415500000000023,177.09,inf,191.36700000000002,191.36700000000002,191.36700000000002
817,T3,BESTEFFORT,CANCELLED,,81.499,"{'m1-1': 113.99, 'm2-1': 105.6, 'm3-1': 1.0, 'm4-1': 27.63, 'm5-1': 161.75, 'm6-1': 23.76, 'm7-1': 111.99, 'm8-1': 25.1}",0.0,inf,inf,inf,191.499,191.499
818,T10,BESTEFFORT,COMPLETED,m3-1,81.576,"{'m1-1': 107.37, 'm2-1': 95.48, 'm3-1': 1.04, 'm4-1': 26.25, 'm5-1': 157.12, 'm6-1': 24.31, 'm7-1': 113.61, 'm8-1': 25.38}",1.56,86.16,87.2,inf,191.576,191.576
819,T3,BESTEFFORT,COMPLETED,m3-1,81.66,"{'m1-1': 114.98, 'm2-1': 109.69, 'm3-1': 1.06, 'm4-1': 26.47, 'm5-1': 148.84, 'm6-1': 23.78, 'm7-1': 101.37, 'm8-1': 23.7}",1.59,132.21999999999997,133.27999999999997,inf,191.66,191.66
820,T1,BESTEFFORT,CANCELLED,,81.912,"{'m1-1': 103.04, 'm2-1': 105.3, 'm3-1': 1.16, 'm4-1': 25.74, 'm5-1': 144.55, 'm6-1': 25.44, 'm7-1': 110.92, 'm8-1': 28.48}",0.0,inf,inf,inf,191.912,191.912
821,T10,BESTEFFORT,CANCELLED,,81.957,"{'m1-1': 99.83, 'm2-1': 105.71, 'm3-1': 0.99, 'm4-1': 25.22, 'm5-1': 146.44, 'm6-1': 27.1, 'm7-1': 109.61, 'm8-1': 25.82}",0.0,inf,inf,inf,191.957,191.957
822,T2,BESTEFFORT,CANCELLED,,82.012,"{'m1-1': 104.74, 'm2-1': 110.53, 'm3-1': 0.99, 'm4-1': 26.08, 'm5-1': 142.29, 'm6-1': 25.09, 'm7-1': 93.94, 'm8-1': 25.14}",0.0,inf,inf,inf,192.012,192.012
823,T9,BESTEFFORT,CANCELLED,,82.088,"{'m1-1': 106.12, 'm2-1': 102.88, 'm3-1': 1.05, 'm4-1': 26.42, 'm5-1': 170.68, 'm6-1': 25.06, 'm7-1': 98.78, 'm8-1': 27.62}",0.0,inf,inf,inf,192.088,192.088
824,T7,BESTEFFORT,CANCELLED,,82.132,"{'m1-1': 103.91, 'm2-1': 104.1, 'm3-1': 1.03, 'm4-1': 26.14, 'm5-1': 159.5, 'm6-1': 24.31, 'm7-1': 108.81, 'm8-1': 28.61}",0.0,inf,inf,inf,192.132,192.132
825,T4,BESTEFFORT,CANCELLED,,82.235,"{'m1-1': 109.17, 'm2-1': 100.31, 'm3-1': 1.02, 'm4-1': 25.6, 'm5-1': 161.02, 'm6-1': 25.74, 'm7-1': 94.24, 'm8-1': 23.29}",0.0,inf,inf,inf,192.235,192.235
826,T6,BESTEFFORT,COMPLETED,m3-1,82.26,"{'m1-1': 95.59, 'm2-1': 106.88, 'm3-1': 1.11, 'm4-1': 24.48, 'm5-1': 171.47, 'm6-1': 24.11, 'm7-1': 102.94, 'm8-1': 24.31}",1.665,164.94000000000003,166.05000000000004,inf,192.26,192.26
827,T3,BESTEFFORT,MISSED,m3-1,82.487,"{'m1-1': 104.2, 'm2-1': 107.35, 'm3-1': 1.0, 'm4-1': 26.42, 'm5-1': 146.5, 'm6-1': 26.72, 'm7-1': 105.27, 'm8-1': 26.89}",0.0,197.52000000000018,inf,197.52000000000018,192.487,192.487
828,T4,BESTEFFORT,CANCELLED,,82.677,"{'m1-1': 114.71, 'm2-1': 103.39, 'm3-1': 1.1, 'm4-1': 26.45, 'm5-1': 165.79, 'm6-1': 27.53, 'm7-1': 99.77, 'm8-1': 24.99}",0.0,inf,inf,inf,192.67700000000002,192.67700000000002
829,T7,BESTEFFORT,COMPLETED,m6-1,82.706,"{'m1-1': 98.49, 'm2-1': 97.24, 'm3-1': 1.01, 'm4-1': 26.12, 'm5-1': 141.32, 'm6-1': 26.06, 'm7-1': 107.42, 'm8-1': 24.75}",39.089999999999996,156.93599999999998,182.99599999999998,inf,192.70600000000002,192.70600000000002
830,T2,BESTEFFORT,CANCELLED,,82.727,"{'m1-1': 106.59, 'm2-1': 98.57, 'm3-1': 1.01, 'm4-1': 23.68, 'm5-1': 151.01, 'm6-1': 26.5, 'm7-1': 101.16, 'm8-1': 23.88}",0.0,inf,inf,inf,192.727,192.727
831,T4,BESTEFFORT,COMPLETED,m3-1,82.89,"{'m1-1': 115.56, 'm2-1': 101.04, 'm3-1': 1.06, 'm4-1': 25.16, 'm5-1': 155.75, 'm6-1': 25.84, 'm7-1': 109.37, 'm8-1': 25.56}",1.59,182.24000000000012,183.30000000000013,inf,192.89,192.89
832,T6,BESTEFFORT,CANCELLED,,82.968,"{'m1-1': 110.56, 'm2-1': 99.84, 'm3-1': 1.08, 'm4-1': 26.62, 'm5-1': 166.4, 'm6-1': 27.64, 'm7-1': 97.2, 'm8-1': 26.85}",0.0,inf,inf,inf,192.96800000000002,192.96800000000002
833,T8,BESTEFFORT,COMPLETED,m3-1,83.204,"{'m1-1': 103.81, 'm2-1': 112.93, 'm3-1': 0.99, 'm4-1': 26.51, 'm5-1': 143.77, 'm6-1': 25.85, 'm7-1': 98.07, 'm8-1': 25.71}",1.4849999999999999,133.27999999999997,134.26999999999998,inf,193.204,193.204
834,T4,BESTEFFORT,CANCELLED,,83.21,"{'m1-1': 103.22, 'm2-1': 103.84, 'm3-1': 1.1, 'm4-1': 24.74, 'm5-1': 158.9, 'm6-1': 28.83, 'm7-1': 93.27, 'm8-1': 24.17}",0.0,inf,inf,inf,193.20999999999998,193.20999999999998
835,T3,BESTEFFORT,COMPLETED,m3-1,83.245,"{'m1-1': 109.67, 'm2-1': 103.49, 'm3-1': 0.95, 'm4-1': 26.46, 'm5-1': 161.76, 'm6-1': 26.7, 'm7-1': 115.72, 'm8-1': 26.58}",1.4249999999999998,166.05000000000004,167.00000000000003,inf,193.245,193.245
836,T5,BESTEFFORT,CANCELLED,,83.34,"{'m1-1': 102.04, 'm2-1': 111.72, 'm3-1': 1.03, 'm4-1': 27.0, 'm5-1': 154.53, 'm6-1': 26.92, 'm7-1': 112.84, 'm8-1': 26.38}",0.0,inf,inf,inf,193.34,193.34
837,T10,BESTEFFORT,CANCELLED,,83.447,"{'m1-1': 104.46, 'm2-1': 96.76, 'm3-1': 1.04, 'm4-1': 23.27, 'm5-1': 150.58, 'm6-1': 25.96, 'm7-1': 108.97, 'm8-1': 26.88}",0.0,inf,inf,inf,193.447,193.447
838,T2,BESTEFFORT,CANCELLED,,83.481,"{'m1-1': 100.99, 'm2-1': 103.45, 'm3-1': 1.0, 'm4-1': 23.13, 'm5-1': 163.14, 'm6-1': 25.01, 'm7-1': 96.95, 'm8-1': 26.59}",0.0,inf,inf,inf,193.481,193.481
839,T10,BESTEFFORT,CANCELLED,,83.515,"{'m1-1': 113.07, 'm2-1': 109.13, 'm3-1': 1.03, 'm4-1': 23.38, 'm5-1': 161.1, 'm6-1': 26.32, 'm7-1': 101.27, 'm8-1': 29.74}",0.0,inf,inf,inf,193.515,193.515
840,T6,BESTEFFORT,COMPLETED,m3-1,83.546,"{'m1-1': 111.19, 'm2-1': 110.6, 'm3-1': 1.15, 'm4-1': 23.64, 'm5-1': 154.95, 'm6-1': 28.18, 'm7-1': 111.98, 'm8-1': 26.34}",1.7249999999999999,183.30000000000013,184.45000000000013,inf,193.546,193.546
841,T1,BESTEFFORT,CANCELLED,,83.702,"{'m1-1': 100.48, 'm2-1': 110.89, 'm3-1': 1.16, 'm4-1': 26.62, 'm5-1': 151.32, 'm6-1': 24.2, 'm7-1': 105.0, 'm8-1': 27.9}",0.0,inf,inf,inf,193.702,193.702
842,T7,BESTEFFORT,COMPLETED,m3-1,83.918,"{'m1-1': 97.06, 'm2-1': 106.78, 'm3-1': 1.07, 'm4-1': 29.17, 'm5-1': 146.26, 'm6-1': 27.17, 'm7-1': 100.69, 'm8-1': 25.88}",1.605,167.00000000000003,168.07000000000002,inf,193.918,193.918
843,T5,BESTEFFORT,CANCELLED,,83.998,"{'m1-1': 109.76, 'm2-1': 113.6, 'm3-1': 1.02, 'm4-1': 23.27, 'm5-1': 161.43, 'm6-1': 26.87, 'm7-1': 112.2, 'm8-1': 23.43}",0.0,inf,inf,inf,193.998,193.998
844,T8,BESTEFFORT,COMPLETED,m3-1,84.068,"{'m1-1': 105.11, 'm2-1': 100.2, 'm3-1': 1.0, 'm4-1': 24.27, 'm5-1': 148.93, 'm6-1': 24.96, 'm7-1': 104.51, 'm8-1': 26.69}",1.5,189.94000000000017,190.94000000000017,inf,194.06799999999998,194.06799999999998
845,T5,BESTEFFORT,CANCELLED,,84.07,"{'m1-1': 99.26, 'm2-1': 116.62, 'm3-1': 1.06, 'm4-1': 25.92, 'm5-1': 160.02, 'm6-1': 25.87, 'm7-1': 111.98, 'm8-1': 24.49}",0.0,inf,inf,inf,194.07,194.07
846,T10,BESTEFFORT,MISSED,m2-1,84.08,"{'m1-1': 104.93, 'm2-1': 105.59, 'm3-1': 0.99, 'm4-1': 24.8, 'm5-1': 152.62, 'm6-1': 25.4, 'm7-1': 112.44, 'm8-1': 29.35}",0.0,210.523,inf,210.523,194.07999999999998,194.07999999999998
847,T8,BESTEFFORT,CANCELLED,,84.219,"{'m1-1': 109.17, 'm2-1': 103.57, 'm3-1': 1.03, 'm4-1': 24.75, 'm5-1': 160.54, 'm6-1': 27.77, 'm7-1': 106.29, 'm8-1': 27.02}",0.0,inf,inf,inf,194.219,194.219
848,T2,BESTEFFORT,CANCELLED,,84.221,"{'m1-1': 115.22, 'm2-1': 100.56, 'm3-1': 1.12, 'm4-1': 26.22, 'm5-1': 165.15, 'm6-1': 24.52, 'm7-1': 104.72, 'm8-1': 25.55}",0.0,inf,inf,inf,194.221,194.221
849,T8,BESTEFFORT,CANCELLED,,84.25,"{'m1-1': 102.99, 'm2-1': 102.84, 'm3-1': 1.09, 'm4-1': 26.23, 'm5-1': 168.6, 'm6-1': 26.4, 'm7-1': 100.7, 'm8-1': 26.38}",0.0,inf,inf,inf,194.25,194.25
850,T10,BESTEFFORT,CANCELLED,,84.39,"{'m1-1': 103.32, 'm2-1': 94.25, 'm3-1': 1.11, 'm4-1': 24.11, 'm5-1': 169.27, 'm6-1': 27.33, 'm7-1': 109.97, 'm8-1': 25.73}",0.0,inf,inf,inf,194.39,194.39
851,T5,BESTEFFORT,CANCELLED,,84.523,"{'m1-1': 107.4, 'm2-1': 110.33, 'm3-1': 1.08, 'm4-1': 26.92, 'm5-1': 164.15, 'm6-1': 27.79, 'm7-1': 105.72, 'm8-1': 26.48}",0.0,inf,inf,inf,194.523,194.523
852,T7,BESTEFFORT,MISSED,m5-1,84.599,"{'m1-1': 95.74, 'm2-1': 100.33, 'm3-1': 1.05, 'm4-1': 29.12, 'm5-1': 158.46, 'm6-1': 26.52, 'm7-1': 94.45, 'm8-1': 28.56}",0.0,195.357,inf,195.357,194.599,194.599
853,T10,BESTEFFORT,MISSED,m4-1,84.672,"{'m1-1': 101.84, 'm2-1': 103.88, 'm3-1': 1.05, 'm4-1': 26.52, 'm5-1': 152.41, 'm6-1': 26.24, 'm7-1': 108.94, 'm8-1': 28.78}",0.0,209.804,inf,209.804,194.672,194.672
854,T6,BESTEFFORT,CANCELLED,,84.689,"{'m1-1': 109.52, 'm2-1': 101.52, 'm3-1': 1.1, 'm4-1': 27.36, 'm5-1': 164.61, 'm6-1': 26.82, 'm7-1': 109.52, 'm8-1': 25.41}",0.0,inf,inf,inf,194.689,194.689
855,T7,BESTEFFORT,CANCELLED,,84.96,"{'m1-1': 102.36, 'm2-1': 106.06, 'm3-1': 1.03, 'm4-1': 26.28, 'm5-1': 140.88, 'm6-1': 27.17, 'm7-1': 108.76, 'm8-1': 29.0}",0.0,inf,inf,inf,194.95999999999998,194.95999999999998
856,T5,BESTEFFORT,CANCELLED,,84.972,"{'m1-1': 102.77, 'm2-1': 113.58, 'm3-1': 1.05, 'm4-1': 25.52, 'm5-1': 146.49, 'm6-1': 24.29, 'm7-1': 100.97, 'm8-1': 23.71}",0.0,inf,inf,inf,194.97199999999998,194.97199999999998
857,T4,BESTEFFORT,COMPLETED,m3-1,85.013,"{'m1-1': 113.29, 'm2-1': 107.64, 'm3-1': 0.99, 'm4-1': 28.11, 'm5-1': 177.69, 'm6-1': 26.86, 'm7-1': 107.57, 'm8-1': 23.49}",1.4849999999999999,134.26999999999998,135.26,inf,195.013,195.013
858,T1,BESTEFFORT,CANCELLED,,85.027,"{'m1-1': 108.84, 'm2-1': 109.1, 'm3-1': 1.04, 'm4-1': 25.98, 'm5-1': 153.39, 'm6-1': 25.16, 'm7-1': 96.78, 'm8-1': 26.74}",0.0,inf,inf,inf,195.027,195.027
859,T8,BESTEFFORT,CANCELLED,,85.293,"{'m1-1': 107.06, 'm2-1': 101.1, 'm3-1': 1.14, 'm4-1': 27.28, 'm5-1': 162.94, 'm6-1': 26.29, 'm7-1': 96.16, 'm8-1': 24.49}",0.0,inf,inf,inf,195.293,195.293
860,T7,BESTEFFORT,MISSED,m5-1,85.357,"{'m1-1': 107.73, 'm2-1': 101.55, 'm3-1': 1.15, 'm4-1': 29.38, 'm5-1': 164.62, 'm6-1': 23.68, 'm7-1': 107.42, 'm8-1': 27.9}",20.589,181.631,inf,195.357,195.357,195.357
861,T3,BESTEFFORT,COMPLETED,m3-1,85.409,"{'m1-1': 104.52, 'm2-1': 105.78, 'm3-1': 1.01, 'm4-1': 27.48, 'm5-1': 147.61, 'm6-1': 25.96, 'm7-1': 115.47, 'm8-1': 25.42}",1.5150000000000001,89.34,90.35000000000001,inf,195.409,195.409
862,T3,BESTEFFORT,CANCELLED,,85.541,"{'m1-1': 117.16, 'm2-1': 94.59, 'm3-1': 1.0, 'm4-1': 26.38, 'm5-1': 157.9, 'm6-1': 25.4, 'm7-1': 115.35, 'm8-1': 27.36}",0.0,inf,inf,inf,195.541,195.541
863,T3,BESTEFFORT,COMPLETED,m3-1,85.602,"{'m1-1': 115.35, 'm2-1': 105.94, 'm3-1': 1.08, 'm4-1': 26.83, 'm5-1': 159.0, 'm6-1': 27.3, 'm7-1': 114.77, 'm8-1': 23.94}",1.62,90.35000000000001,91.43,inf,195.602,195.602
864,T5,BESTEFFORT,CANCELLED,,85.611,"{'m1-1': 102.74, 'm2-1': 117.59, 'm3-1': 1.12, 'm4-1': 23.8, 'm5-1': 161.91, 'm6-1': 28.08, 'm7-1': 108.32, 'm8-1': 26.82}",0.0,inf,inf,inf,195.611,195.611
865,T5,BESTEFFORT,CANCELLED,,85.809,"{'m1-1': 112.71, 'm2-1': 118.89, 'm3-1': 1.16, 'm4-1': 25.69, 'm5-1': 164.06, 'm6-1': 28.75, 'm7-1': 96.32, 'm8-1': 23.8}",0.0,inf,inf,inf,195.809,195.809
866,T9,BESTEFFORT,CANCELLED,,85.835,"{'m1-1': 112.26, 'm2-1': 116.76, 'm3-1': 1.04, 'm4-1': 25.67, 'm5-1': 160.75, 'm6-1': 26.29, 'm7-1': 106.32, 'm8-1': 26.19}",0.0,inf,inf,inf,195.83499999999998,195.83499999999998
867,T5,BESTEFFORT,CANCELLED,,86.001,"{'m1-1': 108.15, 'm2-1': 118.72, 'm3-1': 1.15, 'm4-1': 24.75, 'm5-1': 167.95, 'm6-1': 28.28, 'm7-1': 101.42, 'm8-1': 27.26}",0.0,inf,inf,inf,196.001,196.001
868,T3,BESTEFFORT,CANCELLED,,86.01,"{'m1-1': 103.27, 'm2-1': 95.56, 'm3-1': 0.98, 'm4-1': 27.19, 'm5-1': 146.98, 'm6-1': 25.17, 'm7-1': 115.47, 'm8-1': 26.04}",0.0,inf,inf,inf,196.01,196.01
869,T9,BESTEFFORT,CANCELLED,,86.279,"{'m1-1': 106.12, 'm2-1': 115.79, 'm3-1': 1.01, 'm4-1': 24.48, 'm5-1': 159.46, 'm6-1': 25.19, 'm7-1': 107.24, 'm8-1': 26.17}",0.0,inf,inf,inf,196.279,196.279
870,T8,BESTEFFORT,CANCELLED,,86.355,"{'m1-1': 99.74, 'm2-1': 106.89, 'm3-1': 1.02, 'm4-1': 23.42, 'm5-1': 162.72, 'm6-1': 26.2, 'm7-1': 104.31, 'm8-1': 24.92}",0.0,inf,inf,inf,196.35500000000002,196.35500000000002
871,T9,BESTEFFORT,CANCELLED,,86.872,"{'m1-1': 110.54, 'm2-1': 114.55, 'm3-1': 1.05, 'm4-1': 27.28, 'm5-1': 164.64, 'm6-1': 25.14, 'm7-1': 99.8, 'm8-1': 27.4}",0.0,inf,inf,inf,196.872,196.872
872,T6,BESTEFFORT,MISSED,m3-1,86.907,"{'m1-1': 98.71, 'm2-1': 105.43, 'm3-1': 0.98, 'm4-1': 24.62, 'm5-1': 163.17, 'm6-1': 27.92, 'm7-1': 98.35, 'm8-1': 24.98}",0.0,199.6700000000002,inf,199.6700000000002,196.90699999999998,196.90699999999998
873,T2,BESTEFFORT,COMPLETED,m3-1,86.908,"{'m1-1': 101.41, 'm2-1': 94.71, 'm3-1': 1.01, 'm4-1': 26.41, 'm5-1': 146.5, 'm6-1': 26.05, 'm7-1': 94.52, 'm8-1': 23.21}",1.5150000000000001,190.94000000000017,191.95000000000016,inf,196.90800000000002,196.90800000000002
874,T8,BESTEFFORT,CANCELLED,,86.958,"{'m1-1': 109.69, 'm2-1': 105.37, 'm3-1': 1.06, 'm4-1': 24.11, 'm5-1': 143.04, 'm6-1': 27.96, 'm7-1': 100.12, 'm8-1': 25.58}",0.0,inf,inf,inf,196.958,196.958
875,T9,BESTEFFORT,CANCELLED,,87.067,"{'m1-1': 113.71, 'm2-1': 105.76, 'm3-1': 1.0, 'm4-1': 24.41, 'm5-1': 167.74, 'm6-1': 23.75, 'm7-1': 92.14, 'm8-1': 25.21}",0.0,inf,inf,inf,197.067,197.067
876,T1,BESTEFFORT,CANCELLED,,87.109,"{'m1-1': 93.85, 'm2-1': 118.4, 'm3-1': 1.17, 'm4-1': 25.63, 'm5-1': 168.13, 'm6-1': 25.46, 'm7-1': 111.37, 'm8-1': 26.22}",0.0,inf,inf,inf,197.10899999999998,197.10899999999998
877,T2,BESTEFFORT,COMPLETED,m3-1,87.191,"{'m1-1': 103.05, 'm2-1': 96.5, 'm3-1': 1.02, 'm4-1': 23.54, 'm5-1': 165.9, 'm6-1': 26.03, 'm7-1': 106.77, 'm8-1': 23.48}",1.53,168.07000000000002,169.09000000000003,inf,197.191,197.191
878,T8,BESTEFFORT,MISSED,m8-1,87.333,"{'m1-1': 102.48, 'm2-1': 111.73, 'm3-1': 1.11, 'm4-1': 24.98, 'm5-1': 157.03, 'm6-1': 26.42, 'm7-1': 98.15, 'm8-1': 23.78}",0.0,206.18,inf,206.18,197.333,197.333
879,T2,BESTEFFORT,MISSED,m3-1,87.424,"{'m1-1': 112.39, 'm2-1': 98.03, 'm3-1': 1.07, 'm4-1': 24.0, 'm5-1': 140.33, 'm6-1': 24.93, 'm7-1': 110.59, 'm8-1': 25.38}",0.0,199.6700000000002,inf,199.6700000000002,197.424,197.424
880,T8,BESTEFFORT,CANCELLED,,87.689,"{'m1-1': 109.1, 'm2-1': 108.51, 'm3-1': 1.11, 'm4-1': 24.83, 'm5-1': 163.3, 'm6-1': 23.77, 'm7-1': 107.75, 'm8-1': 25.02}",0.0,inf,inf,inf,197.689,197.689
881,T8,BESTEFFORT,CANCELLED,,87.951,"{'m1-1': 95.14, 'm2-1': 98.51, 'm3-1': 1.08, 'm4-1': 23.39, 'm5-1': 155.69, 'm6-1': 27.43, 'm7-1': 99.83, 'm8-1': 23.76}",0.0,inf,inf,inf,197.951,197.951
882,T9,BESTEFFORT,MISSED,m6-1,87.953,"{'m1-1': 97.15, 'm2-1': 117.98, 'm3-1': 1.1, 'm4-1': 24.44, 'm5-1': 172.92, 'm6-1': 23.95, 'm7-1': 108.76, 'm8-1': 24.99}",0.0,202.385,inf,202.385,197.953,197.953
883,T7,BESTEFFORT,CANCELLED,,87.974,"{'m1-1': 102.8, 'm2-1': 97.1, 'm3-1': 1.09, 'm4-1': 24.87, 'm5-1': 152.52, 'm6-1': 25.6, 'm7-1': 107.16, 'm8-1': 25.94}",0.0,inf,inf,inf,197.974,197.974
884,T1,BESTEFFORT,CANCELLED,,88.153,"{'m1-1': 95.72, 'm2-1': 107.76, 'm3-1': 1.01, 'm4-1': 24.36, 'm5-1': 155.89, 'm6-1': 25.25, 'm7-1': 102.61, 'm8-1': 24.58}",0.0,inf,inf,inf,198.15300000000002,198.15300000000002
885,T8,BESTEFFORT,CANCELLED,,88.972,"{'m1-1': 108.48, 'm2-1': 111.67, 'm3-1': 1.0, 'm4-1': 25.62, 'm5-1': 160.99, 'm6-1': 25.46, 'm7-1': 105.38, 'm8-1': 25.2}",0.0,inf,inf,inf,198.97199999999998,198.97199999999998
886,T5,BESTEFFORT,CANCELLED,,88.98,"{'m1-1': 114.64, 'm2-1': 110.48, 'm3-1': 1.12, 'm4-1': 23.78, 'm5-1': 155.51, 'm6-1': 26.16, 'm7-1': 106.4, 'm8-1': 26.46}",0.0,inf,inf,inf,198.98000000000002,198.98000000000002
887,T4,BESTEFFORT,CANCELLED,,89.047,"{'m1-1': 106.39, 'm2-1': 104.64, 'm3-1': 1.15, 'm4-1': 26.54, 'm5-1': 159.21, 'm6-1': 28.22, 'm7-1': 103.74, 'm8-1': 23.46}",0.0,inf,inf,inf,199.047,199.047
888,T6,BESTEFFORT,CANCELLED,,89.06,"{'m1-1': 110.16, 'm2-1': 113.55, 'm3-1': 1.03, 'm4-1': 25.9, 'm5-1': 163.02, 'm6-1': 27.33, 'm7-1': 112.5, 'm8-1': 28.28}",0.0,inf,inf,inf,199.06,199.06
889,T2,BESTEFFORT,CANCELLED,,89.117,"{'m1-1': 112.72, 'm2-1': 106.75, 'm3-1': 1.1, 'm4-1': 24.22, 'm5-1': 153.78, 'm6-1': 25.4, 'm7-1': 108.76, 'm8-1': 23.4}",0.0,inf,inf,inf,199.11700000000002,199.11700000000002
890,T1,BESTEFFORT,MISSED,m1-1,89.344,"{'m1-1': 98.61, 'm2-1': 107.14, 'm3-1': 1.09, 'm4-1': 24.26, 'm5-1': 150.81, 'm6-1': 24.72, 'm7-1': 106.89, 'm8-1': 24.59}",0.0,202.001,inf,202.001,199.344,199.344
891,T7,BESTEFFORT,CANCELLED,,89.359,"{'m1-1': 106.11, 'm2-1': 97.35, 'm3-1': 1.14, 'm4-1': 27.76, 'm5-1': 150.59, 'm6-1': 24.35, 'm7-1': 105.77, 'm8-1': 26.67}",0.0,inf,inf,inf,199.35899999999998,199.35899999999998
892,T2,BESTEFFORT,CANCELLED,,89.48,"{'m1-1': 113.69, 'm2-1': 97.99, 'm3-1': 1.11, 'm4-1': 24.22, 'm5-1': 153.77, 'm6-1': 26.2, 'm7-1': 103.67, 'm8-1': 26.03}",0.0,inf,inf,inf,199.48000000000002,199.48000000000002
893,T1,BESTEFFORT,CANCELLED,,89.559,"{'m1-1': 95.07, 'm2-1': 110.93, 'm3-1': 1.13, 'm4-1': 26.15, 'm5-1': 151.61, 'm6-1': 23.88, 'm7-1': 98.11, 'm8-1': 24.68}",0.0,inf,inf,inf,199.559,199.559
894,T7,BESTEFFORT,MISSED,m6-1,89.603,"{'m1-1': 95.34, 'm2-1': 109.59, 'm3-1': 1.12, 'm4-1': 26.96, 'm5-1': 157.08, 'm6-1': 24.31, 'm7-1': 98.57, 'm8-1': 25.59}",24.91050000000004,182.99599999999998,inf,199.603,199.603,199.603
895,T7,BESTEFFORT,CANCELLED,,89.866,"{'m1-1': 98.82, 'm2-1': 101.38, 'm3-1': 1.09, 'm4-1': 25.05, 'm5-1': 140.98, 'm6-1': 25.39, 'm7-1': 107.68, 'm8-1': 25.91}",0.0,inf,inf,inf,199.86599999999999,199.86599999999999
896,T4,BESTEFFORT,CANCELLED,,90.002,"{'m1-1': 102.83, 'm2-1': 105.12, 'm3-1': 1.06, 'm4-1': 25.5, 'm5-1': 154.59, 'm6-1': 27.07, 'm7-1': 106.53, 'm8-1': 24.86}",0.0,inf,inf,inf,200.002,200.002
897,T5,BESTEFFORT,MISSED,m3-1,90.046,"{'m1-1': 103.76, 'm2-1': 113.88, 'm3-1': 1.18, 'm4-1': 26.22, 'm5-1': 160.19, 'm6-1': 26.02, 'm7-1': 105.22, 'm8-1': 27.48}",0.0,202.655,inf,202.655,200.046,200.046
898,T5,BESTEFFORT,CANCELLED,,90.191,"{'m1-1': 98.08, 'm2-1': 111.21, 'm3-1': 1.12, 'm4-1': 26.38, 'm5-1': 144.85, 'm6-1': 27.25, 'm7-1': 110.54, 'm8-1': 26.58}",0.0,inf,inf,inf,200.191,200.191
899,T7,BESTEFFORT,MISSED,m6-1,90.258,"{'m1-1': 97.02, 'm2-1': 100.35, 'm3-1': 1.07, 'm4-1': 25.17, 'm5-1': 143.72, 'm6-1': 25.12, 'm7-1': 107.14, 'm8-1': 25.82}",0.0,211.203,inf,211.203,200.25799999999998,200.25799999999998
900,T7,BESTEFFORT,CANCELLED,,90.261,"{'m1-1': 108.06, 'm2-1': 101.82, 'm3-1': 1.02, 'm4-1': 29.19, 'm5-1': 154.05, 'm6-1': 22.98, 'm7-1': 92.8, 'm8-1': 25.15}",0.0,inf,inf,inf,200.261,200.261
901,T9,BESTEFFORT,MISSED,m3-1,90.365,"{'m1-1': 111.86, 'm2-1': 113.21, 'm3-1': 0.99, 'm4-1': 24.2, 'm5-1': 173.18, 'm6-1': 25.68, 'm7-1': 94.24, 'm8-1': 25.93}",1.042499999999734,199.6700000000002,inf,200.365,200.365,200.365
902,T6,BESTEFFORT,COMPLETED,m3-1,90.404,"{'m1-1': 102.57, 'm2-1': 108.09, 'm3-1': 1.12, 'm4-1': 26.62, 'm5-1': 172.98, 'm6-1': 27.34, 'm7-1': 101.84, 'm8-1': 27.04}",1.6800000000000002,169.09000000000003,170.21000000000004,inf,200.404,200.404
903,T6,BESTEFFORT,COMPLETED,m3-1,90.504,"{'m1-1': 106.32, 'm2-1': 99.15, 'm3-1': 1.04, 'm4-1': 24.41, 'm5-1': 154.17, 'm6-1': 25.04, 'm7-1': 108.88, 'm8-1': 28.57}",1.56,197.52000000000018,198.56000000000017,inf,200.50400000000002,200.50400000000002
904,T6,BESTEFFORT,CANCELLED,,90.552,"{'m1-1': 108.87, 'm2-1': 101.79, 'm3-1': 1.04, 'm4-1': 26.17, 'm5-1': 146.48, 'm6-1': 24.13, 'm7-1': 112.14, 'm8-1': 24.26}",0.0,inf,inf,inf,200.55200000000002,200.55200000000002
905,T2,BESTEFFORT,CANCELLED,,90.605,"{'m1-1': 99.04, 'm2-1': 104.8, 'm3-1': 1.02, 'm4-1': 26.15, 'm5-1': 147.76, 'm6-1': 23.95, 'm7-1': 105.49, 'm8-1': 25.37}",0.0,inf,inf,inf,200.60500000000002,200.60500000000002
906,T6,BESTEFFORT,COMPLETED,m3-1,90.716,"{'m1-1': 112.66, 'm2-1': 110.46, 'm3-1': 1.15, 'm4-1': 23.58, 'm5-1': 170.96, 'm6-1': 24.54, 'm7-1': 102.64, 'm8-1': 27.1}",1.7249999999999999,191.95000000000016,193.10000000000016,inf,200.716,200.716
907,T9,BESTEFFORT,CANCELLED,,90.959,"{'m1-1': 101.13, 'm2-1': 105.53, 'm3-1': 0.95, 'm4-1': 28.21, 'm5-1': 154.48, 'm6-1': 26.97, 'm7-1': 92.95, 'm8-1': 25.51}",0.0,inf,inf,inf,200.959,200.959
908,T6,BESTEFFORT,CANCELLED,,90.977,"{'m1-1': 95.64, 'm2-1': 112.12, 'm3-1': 1.11, 'm4-1': 26.01, 'm5-1': 147.19, 'm6-1': 26.26, 'm7-1': 108.91, 'm8-1': 26.51}",0.0,inf,inf,inf,200.977,200.977
909,T1,BESTEFFORT,CANCELLED,,91.018,"{'m1-1': 104.44, 'm2-1': 108.96, 'm3-1': 1.13, 'm4-1': 24.23, 'm5-1': 160.63, 'm6-1': 27.51, 'm7-1': 95.73, 'm8-1': 25.44}",0.0,inf,inf,inf,201.018,201.018
910,T9,BESTEFFORT,COMPLETED,m3-1,91.154,"{'m1-1': 98.15, 'm2-1': 108.41, 'm3-1': 1.1, 'm4-1': 24.05, 'm5-1': 166.55, 'm6-1': 25.43, 'm7-1': 108.06, 'm8-1': 24.24}",1.6500000000000001,95.48,96.58,inf,201.154,201.154
911,T9,BESTEFFORT,COMPLETED,m3-1,91.303,"{'m1-1': 99.96, 'm2-1': 106.73, 'm3-1': 0.98, 'm4-1': 25.3, 'm5-1': 164.49, 'm6-1': 26.62, 'm7-1': 101.31, 'm8-1': 27.76}",1.47,94.5,95.48,inf,201.303,201.303
912,T4,BESTEFFORT,MISSED,m2-1,91.361,"{'m1-1': 111.23, 'm2-1': 100.82, 'm3-1': 1.13, 'm4-1': 26.09, 'm5-1': 174.76, 'm6-1': 26.09, 'm7-1': 106.58, 'm8-1': 27.22}",16.80149999999999,190.16,inf,201.361,201.361,201.361
913,T1,BESTEFFORT,CANCELLED,,91.425,"{'m1-1': 99.93, 'm2-1': 103.58, 'm3-1': 1.05, 'm4-1': 27.74, 'm5-1': 144.56, 'm6-1': 25.43, 'm7-1': 97.05, 'm8-1': 26.21}",0.0,inf,inf,inf,201.425,201.425
914,T6,BESTEFFORT,COMPLETED,m3-1,91.696,"{'m1-1': 109.5, 'm2-1': 99.77, 'm3-1': 1.11, 'm4-1': 24.02, 'm5-1': 160.07, 'm6-1': 27.1, 'm7-1': 106.81, 'm8-1': 27.6}",1.665,170.21000000000004,171.32000000000005,inf,201.696,201.696
915,T4,BESTEFFORT,MISSED,m7-1,91.718,"{'m1-1': 106.59, 'm2-1': 96.29, 'm3-1': 1.11, 'm4-1': 27.08, 'm5-1': 175.54, 'm6-1': 27.44, 'm7-1': 103.63, 'm8-1': 24.35}",0.0,225.076,inf,225.076,201.71800000000002,201.71800000000002
916,T6,BESTEFFORT,CANCELLED,,91.771,"{'m1-1': 97.68, 'm2-1': 102.85, 'm3-1': 1.04, 'm4-1': 25.44, 'm5-1': 164.38, 'm6-1': 27.7, 'm7-1': 109.43, 'm8-1': 24.93}",0.0,inf,inf,inf,201.77100000000002,201.77100000000002
917,T1,BESTEFFORT,MISSED,m1-1,92.001,"{'m1-1': 107.47, 'm2-1': 104.23, 'm3-1': 1.06, 'm4-1': 27.82, 'm5-1': 154.88, 'm6-1': 23.52, 'm7-1': 104.46, 'm8-1': 25.63}",134.1615,112.56,inf,202.001,202.001,202.001
918,T6,BESTEFFORT,COMPLETED,m3-1,92.144,"{'m1-1': 101.21, 'm2-1': 110.44, 'm3-1': 1.15, 'm4-1': 26.48, 'm5-1': 152.18, 'm6-1': 27.41, 'm7-1': 110.32, 'm8-1': 26.39}",1.7249999999999999,184.45000000000013,185.60000000000014,inf,202.144,202.144
919,T1,BESTEFFORT,MISSED,m6-1,92.385,"{'m1-1': 104.84, 'm2-1': 104.7, 'm3-1': 1.06, 'm4-1': 24.02, 'm5-1': 165.43, 'm6-1': 24.16, 'm7-1': 102.17, 'm8-1': 26.37}",4.172999999999973,199.603,inf,202.385,202.385,202.385
920,T6,BESTEFFORT,CANCELLED,,92.557,"{'m1-1': 98.06, 'm2-1': 99.14, 'm3-1': 1.11, 'm4-1': 25.14, 'm5-1': 162.26, 'm6-1': 24.43, 'm7-1': 110.61, 'm8-1': 27.05}",0.0,inf,inf,inf,202.55700000000002,202.55700000000002
921,T5,BESTEFFORT,CANCELLED,,92.819,"{'m1-1': 113.92, 'm2-1': 118.86, 'm3-1': 1.11, 'm4-1': 26.03, 'm5-1': 153.19, 'm6-1': 27.31, 'm7-1': 100.14, 'm8-1': 24.86}",0.0,inf,inf,inf,202.81900000000002,202.81900000000002
922,T9,BESTEFFORT,COMPLETED,m3-1,92.957,"{'m1-1': 103.03, 'm2-1': 113.18, 'm3-1': 1.03, 'm4-1': 27.14, 'm5-1': 168.83, 'm6-1': 24.92, 'm7-1': 96.89, 'm8-1': 25.98}",1.545,97.55,98.58,inf,202.957,202.957
923,T9,BESTEFFORT,COMPLETED,m3-1,93.086,"{'m1-1': 107.22, 'm2-1': 118.1, 'm3-1': 0.97, 'm4-1': 27.5, 'm5-1': 148.5, 'm6-1': 24.58, 'm7-1': 108.39, 'm8-1': 27.96}",1.455,96.58,97.55,inf,203.086,203.086
924,T2,BESTEFFORT,COMPLETED,m3-1,93.177,"{'m1-1': 102.94, 'm2-1': 108.72, 'm3-1': 1.02, 'm4-1': 26.94, 'm5-1': 157.26, 'm6-1': 24.33, 'm7-1': 101.45, 'm8-1': 25.44}",1.53,99.57,100.58999999999999,inf,203.17700000000002,203.17700000000002
925,T1,BESTEFFORT,CANCELLED,,93.225,"{'m1-1': 96.28, 'm2-1': 109.62, 'm3-1': 1.1, 'm4-1': 24.17, 'm5-1': 146.36, 'm6-1': 26.94, 'm7-1': 100.53, 'm8-1': 27.7}",0.0,inf,inf,inf,203.225,203.225
926,T2,BESTEFFORT,COMPLETED,m3-1,93.25,"{'m1-1': 98.99, 'm2-1': 100.3, 'm3-1': 1.02, 'm4-1': 24.09, 'm5-1': 163.28, 'm6-1': 23.73, 'm7-1': 106.44, 'm8-1': 26.21}",1.53,100.58999999999999,101.60999999999999,inf,203.25,203.25
927,T8,BESTEFFORT,MISSED,m2-1,93.468,"{'m1-1': 100.2, 'm2-1': 95.7, 'm3-1': 1.1, 'm4-1': 26.35, 'm5-1': 150.22, 'm6-1': 25.78, 'm7-1': 105.45, 'm8-1': 25.29}",0.0,210.523,inf,210.523,203.46800000000002,203.46800000000002
928,T4,BESTEFFORT,CANCELLED,,93.497,"{'m1-1': 117.32, 'm2-1': 98.36, 'm3-1': 1.08, 'm4-1': 25.54, 'm5-1': 164.03, 'm6-1': 24.95, 'm7-1': 106.25, 'm8-1': 24.99}",0.0,inf,inf,inf,203.497,203.497
929,T8,BESTEFFORT,CANCELLED,,93.852,"{'m1-1': 111.23, 'm2-1': 104.02, 'm3-1': 1.05, 'm4-1': 27.2, 'm5-1': 146.8, 'm6-1': 27.47, 'm7-1': 97.91, 'm8-1': 24.05}",0.0,inf,inf,inf,203.852,203.852
930,T4,BESTEFFORT,CANCELLED,,94.055,"{'m1-1': 110.34, 'm2-1': 93.78, 'm3-1': 1.14, 'm4-1': 27.49, 'm5-1': 154.12, 'm6-1': 27.64, 'm7-1': 99.57, 'm8-1': 25.49}",0.0,inf,inf,inf,204.055,204.055
931,T4,BESTEFFORT,CANCELLED,,94.206,"{'m1-1': 104.05, 'm2-1': 104.46, 'm3-1': 1.11, 'm4-1': 24.59, 'm5-1': 159.0, 'm6-1': 25.88, 'm7-1': 95.02, 'm8-1': 25.74}",0.0,inf,inf,inf,204.20600000000002,204.20600000000002
932,T1,BESTEFFORT,MISSED,m3-1,94.3,"{'m1-1': 96.35, 'm2-1': 118.87, 'm3-1': 1.0, 'm4-1': 27.36, 'm5-1': 156.09, 'm6-1': 26.15, 'm7-1': 99.59, 'm8-1': 26.37}",0.0,205.785,inf,205.785,204.3,204.3
933,T7,BESTEFFORT,CANCELLED,,94.386,"{'m1-1': 103.12, 'm2-1': 108.92, 'm3-1': 1.17, 'm4-1': 29.27, 'm5-1': 160.68, 'm6-1': 25.8, 'm7-1': 109.65, 'm8-1': 25.99}",0.0,inf,inf,inf,204.386,204.386
934,T8,BESTEFFORT,MISSED,m1-1,94.518,"{'m1-1': 100.8, 'm2-1': 101.07, 'm3-1': 1.16, 'm4-1': 25.22, 'm5-1': 162.84, 'm6-1': 25.14, 'm7-1': 107.95, 'm8-1': 24.78}",0.0,216.261,inf,216.261,204.518,204.518
935,T5,BESTEFFORT,CANCELLED,,94.663,"{'m1-1': 104.17, 'm2-1': 119.15, 'm3-1': 1.13, 'm4-1': 23.28, 'm5-1': 152.92, 'm6-1': 27.92, 'm7-1': 99.15, 'm8-1': 27.72}",0.0,inf,inf,inf,204.663,204.663
936,T8,BESTEFFORT,CANCELLED,,94.698,"{'m1-1': 100.74, 'm2-1': 96.48, 'm3-1': 1.12, 'm4-1': 23.17, 'm5-1': 144.41, 'm6-1': 24.62, 'm7-1': 112.3, 'm8-1': 27.28}",0.0,inf,inf,inf,204.69799999999998,204.69799999999998
937,T5,BESTEFFORT,CANCELLED,,94.717,"{'m1-1': 104.7, 'm2-1': 100.42, 'm3-1': 1.06, 'm4-1': 26.92, 'm5-1': 155.11, 'm6-1': 24.39, 'm7-1': 101.02, 'm8-1': 26.48}",0.0,inf,inf,inf,204.71699999999998,204.71699999999998
938,T2,BESTEFFORT,COMPLETED,m3-1,94.772,"{'m1-1': 107.21, 'm2-1': 95.62, 'm3-1': 1.03, 'm4-1': 26.0, 'm5-1': 159.39, 'm6-1': 26.06, 'm7-1': 110.39, 'm8-1': 23.87}",1.545,101.60999999999999,102.63999999999999,inf,204.772,204.772
939,T2,BESTEFFORT,COMPLETED,m3-1,94.808,"{'m1-1': 101.1, 'm2-1': 104.79, 'm3-1': 1.03, 'm4-1': 23.54, 'm5-1': 151.2, 'm6-1': 23.44, 'm7-1': 104.25, 'm8-1': 24.7}",1.545,102.63999999999999,103.66999999999999,inf,204.808,204.808
940,T5,BESTEFFORT,MISSED,m5-1,94.945,"{'m1-1': 114.46, 'm2-1': 104.14, 'm3-1': 1.07, 'm4-1': 24.52, 'm5-1': 157.61, 'm6-1': 26.11, 'm7-1': 108.81, 'm8-1': 26.32}",14.38199999999999,195.357,inf,204.945,204.945,204.945
941,T1,BESTEFFORT,CANCELLED,,95.157,"{'m1-1': 104.06, 'm2-1': 109.0, 'm3-1': 1.05, 'm4-1': 25.34, 'm5-1': 151.62, 'm6-1': 25.77, 'm7-1': 104.93, 'm8-1': 25.47}",0.0,inf,inf,inf,205.15699999999998,205.15699999999998
942,T9,BESTEFFORT,COMPLETED,m3-1,95.232,"{'m1-1': 107.32, 'm2-1': 106.92, 'm3-1': 0.99, 'm4-1': 24.69, 'm5-1': 169.86, 'm6-1': 26.49, 'm7-1': 107.31, 'm8-1': 26.91}",1.4849999999999999,98.58,99.57,inf,205.232,205.232
943,T4,BESTEFFORT,COMPLETED,m3-1,95.504,"{'m1-1': 104.05, 'm2-1': 103.73, 'm3-1': 0.99, 'm4-1': 27.03, 'm5-1': 161.78, 'm6-1': 24.98, 'm7-1': 104.96, 'm8-1': 23.31}",1.4849999999999999,185.60000000000014,186.59000000000015,inf,205.50400000000002,205.50400000000002
944,T2,BESTEFFORT,CANCELLED,,95.519,"{'m1-1': 100.04, 'm2-1': 110.5, 'm3-1': 1.07, 'm4-1': 27.37, 'm5-1': 154.97, 'm6-1': 27.07, 'm7-1': 109.83, 'm8-1': 25.13}",0.0,inf,inf,inf,205.519,205.519
945,T9,BESTEFFORT,MISSED,m3-1,95.56,"{'m1-1': 106.52, 'm2-1': 116.21, 'm3-1': 1.08, 'm4-1': 24.75, 'm5-1': 156.31, 'm6-1': 23.54, 'm7-1': 102.72, 'm8-1': 27.24}",0.0,205.785,inf,205.785,205.56,205.56
946,T6,BESTEFFORT,CANCELLED,,95.818,"{'m1-1': 108.66, 'm2-1': 101.54, 'm3-1': 1.08, 'm4-1': 27.28, 'm5-1': 167.58, 'm6-1': 25.08, 'm7-1': 101.02, 'm8-1': 25.4}",0.0,inf,inf,inf,205.81799999999998,205.81799999999998
947,T2,BESTEFFORT,MISSED,m5-1,96.097,"{'m1-1': 115.31, 'm2-1': 103.25, 'm3-1': 1.0, 'm4-1': 23.93, 'm5-1': 156.31, 'm6-1': 27.18, 'm7-1': 99.73, 'm8-1': 26.47}",0.0,215.05700000000002,inf,215.05700000000002,206.09699999999998,206.09699999999998
948,T8,BESTEFFORT,COMPLETED,m3-1,96.236,"{'m1-1': 99.78, 'm2-1': 108.04, 'm3-1': 1.11, 'm4-1': 25.22, 'm5-1': 146.19, 'm6-1': 24.47, 'm7-1': 99.49, 'm8-1': 27.36}",1.665,171.32000000000005,172.43000000000006,inf,206.236,206.236
949,T8,BESTEFFORT,COMPLETED,m8-1,96.308,"{'m1-1': 106.3, 'm2-1': 110.92, 'm3-1': 0.99, 'm4-1': 23.06, 'm5-1': 167.9, 'm6-1': 27.79, 'm7-1': 101.06, 'm8-1': 25.89}",38.835,180.29,206.18,inf,206.308,206.308
950,T7,BESTEFFORT,MISSED,m5-1,96.369,"{'m1-1': 112.11, 'm2-1': 102.07, 'm3-1': 1.05, 'm4-1': 26.04, 'm5-1': 144.62, 'm6-1': 24.02, 'm7-1': 97.98, 'm8-1': 24.7}",2.13600000000001,204.945,inf,206.369,206.369,206.369
951,T6,BESTEFFORT,COMPLETED,m3-1,96.556,"{'m1-1': 96.01, 'm2-1': 102.71, 'm3-1': 1.15, 'm4-1': 24.49, 'm5-1': 168.77, 'm6-1': 27.84, 'm7-1': 98.43, 'm8-1': 26.59}",1.7249999999999999,193.10000000000016,194.25000000000017,inf,206.55599999999998,206.55599999999998
952,T5,BESTEFFORT,CANCELLED,,97.005,"{'m1-1': 97.87, 'm2-1': 108.22, 'm3-1': 1.05, 'm4-1': 26.47, 'm5-1': 146.68, 'm6-1': 25.9, 'm7-1': 105.53, 'm8-1': 24.32}",0.0,inf,inf,inf,207.005,207.005
953,T4,BESTEFFORT,MISSED,m8-1,97.086,"{'m1-1': 110.5, 'm2-1': 106.97, 'm3-1': 0.99, 'm4-1': 26.0, 'm5-1': 174.42, 'm6-1': 25.97, 'm7-1': 106.31, 'm8-1': 27.46}",0.0,220.834,inf,220.834,207.086,207.086
954,T6,BESTEFFORT,MISSED,m3-1,97.296,"{'m1-1': 94.95, 'm2-1': 98.24, 'm3-1': 1.09, 'm4-1': 25.18, 'm5-1': 165.87, 'm6-1': 23.94, 'm7-1': 99.47, 'm8-1': 27.77}",0.0,208.075,inf,208.075,207.296,207.296
955,T7,BESTEFFORT,MISSED,m6-1,97.424,"{'m1-1': 95.04, 'm2-1': 101.15, 'm3-1': 1.16, 'm4-1': 25.67, 'm5-1': 161.72, 'm6-1': 23.32, 'm7-1': 101.66, 'm8-1': 27.08}",0.0,211.203,inf,211.203,207.424,207.424
956,T7,BESTEFFORT,MISSED,m1-1,97.892,"{'m1-1': 97.77, 'm2-1': 114.88, 'm3-1': 1.16, 'm4-1': 27.82, 'm5-1': 151.94, 'm6-1': 23.76, 'm7-1': 103.29, 'm8-1': 27.11}",8.836499999999987,202.001,inf,207.892,207.892,207.892
957,T8,BESTEFFORT,COMPLETED,m3-1,97.961,"{'m1-1': 112.65, 'm2-1': 108.58, 'm3-1': 1.13, 'm4-1': 23.66, 'm5-1': 166.36, 'm6-1': 24.74, 'm7-1': 102.22, 'm8-1': 26.58}",1.6949999999999998,194.25000000000017,195.38000000000017,inf,207.961,207.961
958,T5,BESTEFFORT,CANCELLED,,98.125,"{'m1-1': 101.96, 'm2-1': 101.0, 'm3-1': 1.08, 'm4-1': 26.9, 'm5-1': 152.98, 'm6-1': 26.58, 'm7-1': 109.72, 'm8-1': 24.64}",0.0,inf,inf,inf,208.125,208.125
959,T5,BESTEFFORT,COMPLETED,m3-1,98.478,"{'m1-1': 103.77, 'm2-1': 101.23, 'm3-1': 1.01, 'm4-1': 23.4, 'm5-1': 164.65, 'm6-1': 25.64, 'm7-1': 102.6, 'm8-1': 25.98}",1.5150000000000001,202.655,203.665,inf,208.478,208.478
960,T8,BESTEFFORT,MISSED,m4-1,98.627,"{'m1-1': 105.28, 'm2-1': 104.1, 'm3-1': 1.09, 'm4-1': 24.88, 'm5-1': 161.46, 'm6-1': 26.83, 'm7-1': 109.25, 'm8-1': 24.01}",25.889999999999986,191.36700000000002,inf,208.627,208.627,208.627
961,T4,BESTEFFORT,COMPLETED,m3-1,98.726,"{'m1-1': 110.5, 'm2-1': 94.02, 'm3-1': 1.15, 'm4-1': 27.43, 'm5-1': 153.27, 'm6-1': 27.66, 'm7-1': 108.09, 'm8-1': 26.52}",1.7249999999999999,204.635,205.785,inf,208.726,208.726
962,T7,BESTEFFORT,COMPLETED,m3-1,99.16,"{'m1-1': 100.15, 'm2-1': 108.88, 'm3-1': 1.0, 'm4-1': 26.17, 'm5-1': 144.06, 'm6-1': 26.37, 'm7-1': 100.37, 'm8-1': 26.56}",1.5,135.26,136.26,inf,209.16,209.16
963,T5,BESTEFFORT,MISSED,m4-1,99.804,"{'m1-1': 102.24, 'm2-1': 111.81, 'm3-1': 1.16, 'm4-1': 26.51, 'm5-1': 148.6, 'm6-1': 24.26, 'm7-1': 97.65, 'm8-1': 26.23}",1.7654999999999887,208.627,inf,209.804,209.804,209.804
964,T8,BESTEFFORT,MISSED,m8-1,99.834,"{'m1-1': 101.3, 'm2-1': 102.67, 'm3-1': 0.99, 'm4-1': 25.18, 'm5-1': 164.45, 'm6-1': 25.72, 'm7-1': 105.06, 'm8-1': 23.43}",0.0,220.834,inf,220.834,209.834,209.834
965,T9,BESTEFFORT,MISSED,m3-1,100.166,"{'m1-1': 102.67, 'm2-1': 107.14, 'm3-1': 1.11, 'm4-1': 24.72, 'm5-1': 165.58, 'm6-1': 26.72, 'm7-1': 98.44, 'm8-1': 26.31}",1.4714999999999918,209.185,inf,210.166,210.166,210.166
966,T8,BESTEFFORT,MISSED,m1-1,100.261,"{'m1-1': 112.01, 'm2-1': 96.15, 'm3-1': 1.04, 'm4-1': 26.32, 'm5-1': 164.42, 'm6-1': 27.66, 'm7-1': 97.13, 'm8-1': 23.22}",0.0,216.261,inf,216.261,210.261,210.261
967,T4,BESTEFFORT,COMPLETED,m3-1,100.352,"{'m1-1': 104.31, 'm2-1': 98.94, 'm3-1': 1.02, 'm4-1': 24.14, 'm5-1': 157.7, 'm6-1': 25.57, 'm7-1': 94.06, 'm8-1': 26.81}",1.53,195.38000000000017,196.40000000000018,inf,210.352,210.352
968,T4,BESTEFFORT,MISSED,m2-1,100.523,"{'m1-1': 102.17, 'm2-1': 94.41, 'm3-1': 1.0, 'm4-1': 26.45, 'm5-1': 157.27, 'm6-1': 26.2, 'm7-1': 105.2, 'm8-1': 23.66}",13.74300000000001,201.361,inf,210.523,210.523,210.523
969,T5,BESTEFFORT,COMPLETED,m3-1,100.767,"{'m1-1': 102.55, 'm2-1': 103.01, 'm3-1': 1.12, 'm4-1': 26.77, 'm5-1': 160.74, 'm6-1': 25.7, 'm7-1': 109.9, 'm8-1': 25.52}",1.6800000000000002,186.59000000000015,187.71000000000015,inf,210.767,210.767
970,T5,BESTEFFORT,MISSED,m8-1,101.003,"{'m1-1': 104.69, 'm2-1': 116.3, 'm3-1': 1.02, 'm4-1': 23.79, 'm5-1': 154.12, 'm6-1': 25.21, 'm7-1': 99.0, 'm8-1': 25.38}",0.0,220.834,inf,220.834,211.003,211.003
971,T7,BESTEFFORT,MISSED,m6-1,101.203,"{'m1-1': 106.13, 'm2-1': 108.88, 'm3-1': 1.16, 'm4-1': 28.08, 'm5-1': 142.07, 'm6-1': 23.58, 'm7-1': 96.11, 'm8-1': 24.62}",13.227000000000018,202.385,inf,211.203,211.203,211.203
972,T7,BESTEFFORT,COMPLETED,m3-1,101.549,"{'m1-1': 111.03, 'm2-1': 112.34, 'm3-1': 1.15, 'm4-1': 26.78, 'm5-1': 139.12, 'm6-1': 22.89, 'm7-1': 107.17, 'm8-1': 25.49}",1.7249999999999999,205.785,206.935,inf,211.549,211.549
973,T4,BESTEFFORT,COMPLETED,m3-1,102.553,"{'m1-1': 107.03, 'm2-1': 93.88, 'm3-1': 1.17, 'm4-1': 24.44, 'm5-1': 162.71, 'm6-1': 28.57, 'm7-1': 95.39, 'm8-1': 23.42}",1.755,211.326,212.49599999999998,inf,212.553,212.553
974,T5,BESTEFFORT,MISSED,m5-1,102.623,"{'m1-1': 99.44, 'm2-1': 105.62, 'm3-1': 1.18, 'm4-1': 26.12, 'm5-1': 162.2, 'm6-1': 25.74, 'm7-1': 102.23, 'm8-1': 27.41}",0.0,216.245,inf,216.245,212.623,212.623
975,T9,BESTEFFORT,COMPLETED,m3-1,102.805,"{'m1-1': 96.86, 'm2-1': 110.99, 'm3-1': 0.97, 'm4-1': 24.31, 'm5-1': 170.19, 'm6-1': 24.87, 'm7-1': 104.34, 'm8-1': 25.59}",1.455,203.665,204.635,inf,212.805,212.805
976,T7,BESTEFFORT,COMPLETED,m3-1,103.046,"{'m1-1': 104.81, 'm2-1': 102.89, 'm3-1': 1.16, 'm4-1': 26.29, 'm5-1': 141.56, 'm6-1': 24.46, 'm7-1': 101.62, 'm8-1': 25.08}",1.7399999999999998,210.166,211.326,inf,213.046,213.046
977,T8,BESTEFFORT,COMPLETED,m3-1,103.514,"{'m1-1': 110.04, 'm2-1': 96.3, 'm3-1': 1.14, 'm4-1': 26.18, 'm5-1': 157.09, 'm6-1': 26.16, 'm7-1': 100.74, 'm8-1': 27.38}",1.71,206.935,208.075,inf,213.514,213.514
978,T8,BESTEFFORT,COMPLETED,m3-1,103.811,"{'m1-1': 101.04, 'm2-1': 103.06, 'm3-1': 1.11, 'm4-1': 23.22, 'm5-1': 147.64, 'm6-1': 26.83, 'm7-1': 110.12, 'm8-1': 26.1}",1.665,198.56000000000017,199.6700000000002,inf,213.811,213.811
979,T4,BESTEFFORT,COMPLETED,m3-1,104.14,"{'m1-1': 102.04, 'm2-1': 103.07, 'm3-1': 1.15, 'm4-1': 25.43, 'm5-1': 154.36, 'm6-1': 24.98, 'm7-1': 107.45, 'm8-1': 27.35}",1.7249999999999999,187.71000000000015,188.86000000000016,inf,214.14,214.14
980,T8,BESTEFFORT,MISSED,m1-1,104.215,"{'m1-1': 95.1, 'm2-1': 110.1, 'm3-1': 1.1, 'm4-1': 24.53, 'm5-1': 160.26, 'm6-1': 24.7, 'm7-1': 108.28, 'm8-1': 23.34}",0.0,216.261,inf,216.261,214.215,214.215
981,T8,BESTEFFORT,MISSED,m5-1,105.057,"{'m1-1': 96.72, 'm2-1': 103.83, 'm3-1': 1.04, 'm4-1': 26.81, 'm5-1': 146.14, 'm6-1': 23.82, 'm7-1': 111.43, 'm8-1': 26.49}",13.032000000000025,206.369,inf,215.05700000000002,215.05700000000002,215.05700000000002
982,T7,BESTEFFORT,COMPLETED,m3-1,105.332,"{'m1-1': 98.48, 'm2-1': 106.48, 'm3-1': 1.06, 'm4-1': 27.21, 'm5-1': 150.51, 'm6-1': 23.21, 'm7-1': 103.9, 'm8-1': 25.2}",1.59,136.26,137.32,inf,215.332,215.332
983,T8,BESTEFFORT,COMPLETED,m3-1,105.382,"{'m1-1': 95.11, 'm2-1': 100.05, 'm3-1': 1.13, 'm4-1': 23.33, 'm5-1': 156.81, 'm6-1': 24.45, 'm7-1': 111.34, 'm8-1': 24.14}",1.6949999999999998,200.365,201.495,inf,215.382,215.382
984,T4,BESTEFFORT,COMPLETED,m3-1,105.595,"{'m1-1': 104.23, 'm2-1': 109.49, 'm3-1': 1.12, 'm4-1': 24.59, 'm5-1': 176.7, 'm6-1': 26.86, 'm7-1': 98.35, 'm8-1': 23.82}",1.6800000000000002,196.40000000000018,197.52000000000018,inf,215.595,215.595
985,T7,BESTEFFORT,COMPLETED,m3-1,105.656,"{'m1-1': 100.7, 'm2-1': 103.09, 'm3-1': 1.16, 'm4-1': 26.31, 'm5-1': 163.9, 'm6-1': 22.98, 'm7-1': 95.72, 'm8-1': 27.87}",1.7399999999999998,201.495,202.655,inf,215.656,215.656
986,T8,BESTEFFORT,MISSED,m5-1,106.245,"{'m1-1': 110.0, 'm2-1': 96.41, 'm3-1': 1.1, 'm4-1': 26.48, 'm5-1': 168.82, 'm6-1': 25.25, 'm7-1': 104.4, 'm8-1': 24.2}",1.7819999999999823,215.05700000000002,inf,216.245,216.245,216.245
987,T8,BESTEFFORT,MISSED,m1-1,106.261,"{'m1-1': 95.21, 'm2-1': 104.62, 'm3-1': 1.16, 'm4-1': 27.25, 'm5-1': 153.47, 'm6-1': 27.09, 'm7-1': 96.09, 'm8-1': 23.34}",12.5535,207.892,inf,216.261,216.261,216.261
988,T4,BESTEFFORT,COMPLETED,m3-1,106.372,"{'m1-1': 108.82, 'm2-1': 101.82, 'm3-1': 1.12, 'm4-1': 27.65, 'm5-1': 168.27, 'm6-1': 28.4, 'm7-1': 108.89, 'm8-1': 26.7}",1.6800000000000002,137.32,138.44,inf,216.372,216.372
989,T9,BESTEFFORT,MISSED,m6-1,106.483,"{'m1-1': 106.24, 'm2-1': 117.89, 'm3-1': 0.99, 'm4-1': 25.4, 'm5-1': 150.9, 'm6-1': 25.58, 'm7-1': 100.98, 'm8-1': 24.52}",7.920000000000002,211.203,inf,216.483,216.483,216.483
990,T4,BESTEFFORT,MISSED,m2-1,107.544,"{'m1-1': 106.42, 'm2-1': 93.34, 'm3-1': 1.15, 'm4-1': 24.43, 'm5-1': 165.21, 'm6-1': 24.88, 'm7-1': 98.84, 'm8-1': 24.35}",10.53149999999998,210.523,inf,217.54399999999998,217.54399999999998,217.54399999999998
991,T7,BESTEFFORT,MISSED,m7-1,107.702,"{'m1-1': 99.29, 'm2-1': 106.9, 'm3-1': 1.12, 'm4-1': 26.47, 'm5-1': 156.38, 'm6-1': 27.14, 'm7-1': 107.77, 'm8-1': 27.41}",0.0,225.076,inf,225.076,217.702,217.702
992,T4,BESTEFFORT,COMPLETED,m3-1,108.944,"{'m1-1': 116.8, 'm2-1': 97.65, 'm3-1': 1.11, 'm4-1': 26.18, 'm5-1': 168.9, 'm6-1': 29.09, 'm7-1': 110.43, 'm8-1': 24.58}",1.665,208.075,209.185,inf,218.94400000000002,218.94400000000002
993,T4,BESTEFFORT,MISSED,m8-1,110.834,"{'m1-1': 105.37, 'm2-1': 106.47, 'm3-1': 1.13, 'm4-1': 25.56, 'm5-1': 174.43, 'm6-1': 25.3, 'm7-1': 98.9, 'm8-1': 27.29}",21.980999999999995,206.18,inf,220.834,220.834,220.834
994,T4,BESTEFFORT,MISSED,m7-1,110.914,"{'m1-1': 111.82, 'm2-1': 104.61, 'm3-1': 1.08, 'm4-1': 27.14, 'm5-1': 149.93, 'm6-1': 25.46, 'm7-1': 98.67, 'm8-1': 27.32}",0.0,225.076,inf,225.076,220.914,220.914
995,T9,BESTEFFORT,COMPLETED,m3-1,111.246,"{'m1-1': 99.41, 'm2-1': 107.52, 'm3-1': 1.01, 'm4-1': 25.52, 'm5-1': 162.18, 'm6-1': 26.95, 'm7-1': 100.6, 'm8-1': 28.02}",1.5150000000000001,114.50999999999999,115.52,inf,221.24599999999998,221.24599999999998
996,T9,BESTEFFORT,COMPLETED,m3-1,111.368,"{'m1-1': 105.87, 'm2-1': 118.29, 'm3-1': 1.06, 'm4-1': 26.43, 'm5-1': 149.01, 'm6-1': 27.4, 'm7-1': 99.63, 'm8-1': 25.44}",1.59,138.44,139.5,inf,221.368,221.368
997,T9,BESTEFFORT,COMPLETED,m3-1,114.728,"{'m1-1': 102.83, 'm2-1': 103.64, 'm3-1': 1.11, 'm4-1': 27.3, 'm5-1': 157.49, 'm6-1': 24.9, 'm7-1': 99.45, 'm8-1': 25.21}",1.665,118.55,119.66,inf,224.728,224.728
998,T9,BESTEFFORT,MISSED,m7-1,115.076,"{'m1-1': 107.22, 'm2-1': 116.03, 'm3-1': 1.02, 'm4-1': 26.41, 'm5-1': 165.53, 'm6-1': 24.37, 'm7-1': 97.09, 'm8-1': 25.11}",52.66199999999996,189.96800000000002,inf,225.076,225.076,225.076
999,T9,BESTEFFORT,COMPLETED,m3-1,116.716,"{'m1-1': 98.06, 'm2-1': 113.89, 'm3-1': 1.07, 'm4-1': 26.21, 'm5-1': 165.74, 'm6-1': 27.7, 'm7-1': 94.7, 'm8-1': 26.48}",1.605,120.72,121.78999999999999,inf,226.716,226.716
