id,type,urgency,status,assigned_machine,arrival_time,execution_time,energy_usage,start_time,completion_time,missed_time,deadline,extended_deadline
0,TT1,BESTEFFORT,COMPLETED,m4-1,0.16,"{'m1-1': 2.177, 'm2-1': 1.988, 'm3-1': 4.088, 'm4-1': 0.683}",1.0245000000000002,0.16,0.8430000000000001,inf,5.16,5.16
1,TT1,BESTEFFORT,COMPLETED,m4-1,0.228,"{'m1-1': 2.258, 'm2-1': 1.86, 'm3-1': 4.134, 'm4-1': 0.738}",1.107,0.8430000000000001,1.581,inf,5.228,5.228
2,TT3,BESTEFFORT,COMPLETED,m2-1,0.434,"{'m1-1': 1.829, 'm2-1': 1.53, 'm3-1': 5.81, 'm4-1': 0.898}",4.59,0.434,1.964,inf,5.634,5.634
3,TT4,BESTEFFORT,COMPLETED,m4-1,0.511,"{'m1-1': 2.156, 'm2-1': 1.753, 'm3-1': 4.735, 'm4-1': 0.966}",1.4489999999999998,1.581,2.5469999999999997,inf,5.511,5.511
4,TT3,BESTEFFORT,COMPLETED,m1-1,0.516,"{'m1-1': 2.031, 'm2-1': 1.275, 'm3-1': 5.411, 'm4-1': 0.937}",3.2496000000000005,0.516,2.547,inf,5.716,5.716
5,TT3,BESTEFFORT,COMPLETED,m4-1,0.526,"{'m1-1': 2.23, 'm2-1': 1.462, 'm3-1': 5.926, 'm4-1': 1.014}",1.521,2.5469999999999997,3.561,inf,5.726,5.726
6,TT4,BESTEFFORT,COMPLETED,m2-1,0.701,"{'m1-1': 1.774, 'm2-1': 1.897, 'm3-1': 4.362, 'm4-1': 0.856}",5.691,1.964,3.8609999999999998,inf,5.701,5.701
7,TT3,BESTEFFORT,COMPLETED,m1-1,0.743,"{'m1-1': 2.281, 'm2-1': 1.665, 'm3-1': 5.545, 'm4-1': 0.848}",3.6496000000000004,2.547,4.828,inf,5.9430000000000005,5.9430000000000005
8,TT2,BESTEFFORT,COMPLETED,m3-1,0.747,"{'m1-1': 2.209, 'm2-1': 2.095, 'm3-1': 3.788, 'm4-1': 0.734}",6.8184,0.747,4.535,inf,5.8469999999999995,5.8469999999999995
9,TT2,BESTEFFORT,COMPLETED,m4-1,0.888,"{'m1-1': 1.87, 'm2-1': 1.789, 'm3-1': 3.751, 'm4-1': 0.936}",1.4040000000000001,3.561,4.497,inf,5.9879999999999995,5.9879999999999995
10,TT2,BESTEFFORT,COMPLETED,m2-1,0.939,"{'m1-1': 2.102, 'm2-1': 1.787, 'm3-1': 3.834, 'm4-1': 0.893}",5.361,3.8609999999999998,5.648,inf,6.039,6.039
11,TT1,BESTEFFORT,MISSED,m1-1,1.033,"{'m1-1': 2.451, 'm2-1': 1.475, 'm3-1': 4.542, 'm4-1': 0.671}",1.9279999999999988,4.828,inf,6.0329999999999995,6.0329999999999995,6.0329999999999995
12,TT2,BESTEFFORT,MISSED,m2-1,1.103,"{'m1-1': 2.016, 'm2-1': 1.513, 'm3-1': 4.031, 'm4-1': 0.863}",1.6649999999999991,5.648,inf,6.202999999999999,6.202999999999999,6.202999999999999
13,TT2,BESTEFFORT,MISSED,m1-1,1.466,"{'m1-1': 2.276, 'm2-1': 1.971, 'm3-1': 4.887, 'm4-1': 0.81}",0.8528000000000007,6.0329999999999995,inf,6.566,6.566,6.566
14,TT1,BESTEFFORT,MISSED,m3-1,1.581,"{'m1-1': 2.11, 'm2-1': 1.524, 'm3-1': 3.864, 'm4-1': 0.691}",3.682799999999999,4.535,inf,6.5809999999999995,6.5809999999999995,6.5809999999999995
15,TT4,BESTEFFORT,COMPLETED,m4-1,1.695,"{'m1-1': 1.803, 'm2-1': 1.708, 'm3-1': 3.906, 'm4-1': 0.815}",1.2225,4.497,5.311999999999999,inf,6.695,6.695
16,TT3,BESTEFFORT,MISSED,m3-1,1.871,"{'m1-1': 2.019, 'm2-1': 1.303, 'm3-1': 5.266, 'm4-1': 0.851}",0.8820000000000005,6.5809999999999995,inf,7.071,7.071,7.071
17,TT3,BESTEFFORT,MISSED,m3-1,1.889,"{'m1-1': 1.941, 'm2-1': 1.28, 'm3-1': 5.147, 'm4-1': 0.782}",0.032400000000001226,7.071,inf,7.089,7.089,7.089
18,TT1,BESTEFFORT,MISSED,m2-1,1.979,"{'m1-1': 1.988, 'm2-1': 1.577, 'm3-1': 4.16, 'm4-1': 0.68}",2.328000000000002,6.202999999999999,inf,6.979,6.979,6.979
19,TT3,BESTEFFORT,MISSED,m1-1,2.121,"{'m1-1': 2.053, 'm2-1': 1.306, 'm3-1': 5.551, 'm4-1': 0.893}",1.208,6.566,inf,7.321,7.321,7.321
20,TT3,BESTEFFORT,MISSED,m2-1,2.189,"{'m1-1': 1.816, 'm2-1': 1.722, 'm3-1': 4.575, 'm4-1': 0.877}",1.2300000000000004,6.979,inf,7.389,7.389,7.389
21,TT4,BESTEFFORT,COMPLETED,m4-1,2.19,"{'m1-1': 2.107, 'm2-1': 1.648, 'm3-1': 3.869, 'm4-1': 0.788}",1.182,5.311999999999999,6.1,inf,7.1899999999999995,7.1899999999999995
22,TT2,BESTEFFORT,COMPLETED,m4-1,2.233,"{'m1-1': 2.248, 'm2-1': 1.923, 'm3-1': 4.674, 'm4-1': 0.771}",1.1565,6.1,6.8709999999999996,inf,7.333,7.333
23,TT3,BESTEFFORT,MISSED,m3-1,2.49,"{'m1-1': 2.271, 'm2-1': 1.447, 'm3-1': 4.609, 'm4-1': 0.791}",1.0818,7.089,inf,7.69,7.69,7.69
24,TT2,BESTEFFORT,MISSED,m1-1,2.602,"{'m1-1': 2.492, 'm2-1': 1.694, 'm3-1': 4.434, 'm4-1': 0.98}",0.6096000000000004,7.321,inf,7.702,7.702,7.702
25,TT4,BESTEFFORT,MISSED,m4-1,2.665,"{'m1-1': 2.17, 'm2-1': 1.452, 'm3-1': 4.44, 'm4-1': 0.935}",1.1910000000000007,6.8709999999999996,inf,7.665,7.665,7.665
26,TT2,BESTEFFORT,MISSED,m2-1,2.71,"{'m1-1': 2.526, 'm2-1': 2.087, 'm3-1': 4.798, 'm4-1': 0.799}",1.2629999999999981,7.389,inf,7.81,7.81,7.81
27,TT4,BESTEFFORT,MISSED,m4-1,2.738,"{'m1-1': 2.142, 'm2-1': 1.363, 'm3-1': 4.116, 'm4-1': 0.884}",0.10949999999999926,7.665,inf,7.7379999999999995,7.7379999999999995,7.7379999999999995
28,TT4,BESTEFFORT,MISSED,m1-1,2.964,"{'m1-1': 2.077, 'm2-1': 1.664, 'm3-1': 4.426, 'm4-1': 1.047}",0.41920000000000074,7.702,inf,7.964,7.964,7.964
29,TT1,BESTEFFORT,MISSED,m4-1,2.983,"{'m1-1': 1.879, 'm2-1': 1.422, 'm3-1': 4.342, 'm4-1': 0.732}",0.3675000000000015,7.7379999999999995,inf,7.9830000000000005,7.9830000000000005,7.9830000000000005
30,TT4,BESTEFFORT,MISSED,m2-1,2.997,"{'m1-1': 2.212, 'm2-1': 1.766, 'm3-1': 4.274, 'm4-1': 1.001}",0.5610000000000008,7.81,inf,7.997,7.997,7.997
31,TT4,BESTEFFORT,MISSED,m1-1,3.089,"{'m1-1': 2.151, 'm2-1': 1.566, 'm3-1': 3.759, 'm4-1': 0.86}",0.2,7.964,inf,8.089,8.089,8.089
32,TT3,BESTEFFORT,MISSED,m3-1,3.232,"{'m1-1': 1.872, 'm2-1': 1.638, 'm3-1': 5.506, 'm4-1': 0.997}",1.3356000000000001,7.69,inf,8.432,8.432,8.432
33,TT2,BESTEFFORT,MISSED,m4-1,3.343,"{'m1-1': 2.129, 'm2-1': 1.73, 'm3-1': 4.866, 'm4-1': 0.791}",0.6899999999999986,7.9830000000000005,inf,8.443,8.443,8.443
34,TT2,BESTEFFORT,MISSED,m2-1,3.351,"{'m1-1': 2.549, 'm2-1': 1.669, 'm3-1': 4.641, 'm4-1': 0.995}",1.3620000000000019,7.997,inf,8.451,8.451,8.451
35,TT2,BESTEFFORT,MISSED,m3-1,3.395,"{'m1-1': 1.979, 'm2-1': 1.883, 'm3-1': 5.06, 'm4-1': 0.749}",0.1133999999999979,8.432,inf,8.495,8.495,8.495
36,TT4,BESTEFFORT,MISSED,m3-1,3.545,"{'m1-1': 2.028, 'm2-1': 1.836, 'm3-1': 3.872, 'm4-1': 1.012}",0.09000000000000129,8.495,inf,8.545,8.545,8.545
37,TT2,BESTEFFORT,MISSED,m1-1,3.586,"{'m1-1': 2.26, 'm2-1': 1.775, 'm3-1': 4.884, 'm4-1': 0.773}",0.9551999999999993,8.089,inf,8.686,8.686,8.686
38,TT1,BESTEFFORT,MISSED,m2-1,3.72,"{'m1-1': 2.576, 'm2-1': 1.807, 'm3-1': 4.301, 'm4-1': 0.737}",0.8070000000000004,8.451,inf,8.72,8.72,8.72
39,TT4,BESTEFFORT,MISSED,m4-1,3.866,"{'m1-1': 1.877, 'm2-1': 1.644, 'm3-1': 4.258, 'm4-1': 0.855}",0.6345000000000001,8.443,inf,8.866,8.866,8.866
40,TT2,BESTEFFORT,MISSED,m1-1,3.966,"{'m1-1': 1.948, 'm2-1': 1.695, 'm3-1': 4.838, 'm4-1': 0.945}",0.6079999999999984,8.686,inf,9.065999999999999,9.065999999999999,9.065999999999999
41,TT1,BESTEFFORT,MISSED,m3-1,4.025,"{'m1-1': 2.216, 'm2-1': 1.512, 'm3-1': 5.003, 'm4-1': 0.751}",0.8640000000000008,8.545,inf,9.025,9.025,9.025
42,TT2,BESTEFFORT,MISSED,m2-1,4.054,"{'m1-1': 2.352, 'm2-1': 1.953, 'm3-1': 4.274, 'm4-1': 0.959}",1.3019999999999978,8.72,inf,9.154,9.154,9.154
43,TT1,BESTEFFORT,MISSED,m4-1,4.098,"{'m1-1': 2.233, 'm2-1': 1.663, 'm3-1': 4.267, 'm4-1': 0.751}",0.347999999999999,8.866,inf,9.097999999999999,9.097999999999999,9.097999999999999
44,TT4,BESTEFFORT,MISSED,m1-1,4.367,"{'m1-1': 1.916, 'm2-1': 1.485, 'm3-1': 3.705, 'm4-1': 0.856}",0.48160000000000314,9.065999999999999,inf,9.367,9.367,9.367
45,TT3,BESTEFFORT,MISSED,m2-1,4.45,"{'m1-1': 2.094, 'm2-1': 1.78, 'm3-1': 5.171, 'm4-1': 0.808}",1.4880000000000013,9.154,inf,9.65,9.65,9.65
46,TT1,BESTEFFORT,MISSED,m4-1,4.627,"{'m1-1': 1.923, 'm2-1': 1.425, 'm3-1': 4.76, 'm4-1': 0.707}",0.7934999999999999,9.097999999999999,inf,9.626999999999999,9.626999999999999,9.626999999999999
47,TT3,BESTEFFORT,MISSED,m1-1,4.716,"{'m1-1': 2.046, 'm2-1': 1.472, 'm3-1': 4.728, 'm4-1': 0.88}",0.8783999999999992,9.367,inf,9.916,9.916,9.916
48,TT2,BESTEFFORT,MISSED,m4-1,5.058,"{'m1-1': 2.263, 'm2-1': 1.667, 'm3-1': 3.77, 'm4-1': 0.955}",0.7965000000000009,9.626999999999999,inf,10.158,10.158,10.158
49,TT1,BESTEFFORT,MISSED,m3-1,5.061,"{'m1-1': 2.118, 'm2-1': 1.898, 'm3-1': 4.899, 'm4-1': 0.658}",1.8647999999999993,9.025,inf,10.061,10.061,10.061
50,TT2,BESTEFFORT,MISSED,m3-1,5.209,"{'m1-1': 2.371, 'm2-1': 1.737, 'm3-1': 4.715, 'm4-1': 0.814}",0.08999999999999808,10.259,inf,10.309,10.309,10.309
51,TT4,BESTEFFORT,MISSED,m2-1,5.235,"{'m1-1': 2.029, 'm2-1': 1.526, 'm3-1': 4.467, 'm4-1': 0.789}",1.7549999999999972,9.65,inf,10.235,10.235,10.235
52,TT2,BESTEFFORT,MISSED,m4-1,5.25,"{'m1-1': 2.39, 'm2-1': 1.998, 'm3-1': 4.001, 'm4-1': 0.863}",0.28800000000000026,10.158,inf,10.35,10.35,10.35
53,TT4,BESTEFFORT,MISSED,m3-1,5.259,"{'m1-1': 2.245, 'm2-1': 1.756, 'm3-1': 4.066, 'm4-1': 1.011}",0.3564000000000007,10.061,inf,10.259,10.259,10.259
54,TT4,BESTEFFORT,MISSED,m1-1,5.32,"{'m1-1': 2.335, 'm2-1': 1.825, 'm3-1': 4.5, 'm4-1': 0.803}",0.6463999999999999,9.916,inf,10.32,10.32,10.32
55,TT1,BESTEFFORT,MISSED,m2-1,5.326,"{'m1-1': 1.946, 'm2-1': 1.584, 'm3-1': 4.072, 'm4-1': 0.787}",0.27300000000000324,10.235,inf,10.326,10.326,10.326
56,TT2,BESTEFFORT,MISSED,m1-1,5.329,"{'m1-1': 2.281, 'm2-1': 1.699, 'm3-1': 4.128, 'm4-1': 0.834}",0.17439999999999714,10.32,inf,10.428999999999998,10.428999999999998,10.428999999999998
57,TT4,BESTEFFORT,MISSED,m3-1,5.41,"{'m1-1': 2.071, 'm2-1': 1.381, 'm3-1': 4.154, 'm4-1': 0.946}",0.18180000000000157,10.309,inf,10.41,10.41,10.41
58,TT4,BESTEFFORT,MISSED,m4-1,5.599,"{'m1-1': 1.901, 'm2-1': 1.413, 'm3-1': 4.961, 'm4-1': 0.995}",0.37350000000000083,10.35,inf,10.599,10.599,10.599
59,TT4,BESTEFFORT,MISSED,m2-1,5.653,"{'m1-1': 1.824, 'm2-1': 1.692, 'm3-1': 3.867, 'm4-1': 0.83}",0.9809999999999945,10.326,inf,10.652999999999999,10.652999999999999,10.652999999999999
60,TT4,BESTEFFORT,MISSED,m1-1,5.717,"{'m1-1': 1.809, 'm2-1': 1.561, 'm3-1': 3.694, 'm4-1': 0.859}",0.46080000000000043,10.428999999999998,inf,10.716999999999999,10.716999999999999,10.716999999999999
61,TT2,BESTEFFORT,MISSED,m4-1,6.006,"{'m1-1': 1.979, 'm2-1': 1.586, 'm3-1': 3.647, 'm4-1': 0.798}",0.7604999999999995,10.599,inf,11.106,11.106,11.106
62,TT4,BESTEFFORT,MISSED,m2-1,6.11,"{'m1-1': 2.0, 'm2-1': 1.519, 'm3-1': 4.976, 'm4-1': 0.926}",1.3710000000000022,10.652999999999999,inf,11.11,11.11,11.11
63,TT4,BESTEFFORT,MISSED,m1-1,6.156,"{'m1-1': 2.19, 'm2-1': 1.709, 'm3-1': 4.805, 'm4-1': 0.853}",0.7024000000000001,10.716999999999999,inf,11.155999999999999,11.155999999999999,11.155999999999999
64,TT2,BESTEFFORT,MISSED,m3-1,6.177,"{'m1-1': 2.155, 'm2-1': 1.823, 'm3-1': 3.913, 'm4-1': 0.813}",1.5605999999999984,10.41,inf,11.277,11.277,11.277
65,TT2,BESTEFFORT,MISSED,m4-1,6.321,"{'m1-1': 2.22, 'm2-1': 2.034, 'm3-1': 4.248, 'm4-1': 0.863}",0.47249999999999925,11.106,inf,11.421,11.421,11.421
66,TT2,BESTEFFORT,MISSED,m2-1,6.587,"{'m1-1': 2.45, 'm2-1': 2.007, 'm3-1': 4.344, 'm4-1': 0.923}",1.7309999999999999,11.11,inf,11.687,11.687,11.687
67,TT2,BESTEFFORT,MISSED,m3-1,6.656,"{'m1-1': 2.323, 'm2-1': 1.793, 'm3-1': 4.661, 'm4-1': 0.726}",0.8622000000000017,11.277,inf,11.756,11.756,11.756
68,TT1,BESTEFFORT,MISSED,m3-1,6.76,"{'m1-1': 2.309, 'm2-1': 1.634, 'm3-1': 5.096, 'm4-1': 0.616}",0.007199999999999207,11.756,inf,11.76,11.76,11.76
69,TT1,BESTEFFORT,MISSED,m1-1,6.798,"{'m1-1': 2.095, 'm2-1': 1.442, 'm3-1': 4.455, 'm4-1': 0.778}",1.0272000000000021,11.155999999999999,inf,11.798,11.798,11.798
70,TT4,BESTEFFORT,MISSED,m2-1,6.973,"{'m1-1': 1.963, 'm2-1': 1.531, 'm3-1': 4.19, 'm4-1': 0.898}",0.8579999999999988,11.687,inf,11.972999999999999,11.972999999999999,11.972999999999999
71,TT4,BESTEFFORT,MISSED,m4-1,6.979,"{'m1-1': 2.005, 'm2-1': 1.437, 'm3-1': 4.606, 'm4-1': 0.992}",0.8369999999999997,11.421,inf,11.979,11.979,11.979
72,TT1,BESTEFFORT,MISSED,m3-1,7.01,"{'m1-1': 1.945, 'm2-1': 1.613, 'm3-1': 4.504, 'm4-1': 0.638}",0.45,11.76,inf,12.01,12.01,12.01
73,TT1,BESTEFFORT,MISSED,m1-1,7.133,"{'m1-1': 2.562, 'm2-1': 1.974, 'm3-1': 4.43, 'm4-1': 0.841}",0.5359999999999986,11.798,inf,12.133,12.133,12.133
74,TT4,BESTEFFORT,MISSED,m4-1,7.327,"{'m1-1': 1.866, 'm2-1': 1.842, 'm3-1': 4.81, 'm4-1': 0.775}",0.5220000000000011,11.979,inf,12.327,12.327,12.327
75,TT3,BESTEFFORT,MISSED,m1-1,7.482,"{'m1-1': 2.208, 'm2-1': 1.481, 'm3-1': 5.046, 'm4-1': 0.757}",0.8784000000000021,12.133,inf,12.682,12.682,12.682
76,TT2,BESTEFFORT,MISSED,m2-1,7.504,"{'m1-1': 1.95, 'm2-1': 1.725, 'm3-1': 4.715, 'm4-1': 0.929}",1.8930000000000007,11.972999999999999,inf,12.604,12.604,12.604
77,TT4,BESTEFFORT,MISSED,m4-1,7.775,"{'m1-1': 2.112, 'm2-1': 1.629, 'm3-1': 4.709, 'm4-1': 0.768}",0.6720000000000006,12.327,inf,12.775,12.775,12.775
78,TT3,BESTEFFORT,MISSED,m1-1,7.807,"{'m1-1': 2.095, 'm2-1': 1.386, 'm3-1': 5.216, 'm4-1': 0.996}",0.5200000000000017,12.682,inf,13.007000000000001,13.007000000000001,13.007000000000001
79,TT3,BESTEFFORT,MISSED,m3-1,7.817,"{'m1-1': 2.092, 'm2-1': 1.273, 'm3-1': 4.951, 'm4-1': 0.72}",1.8125999999999995,12.01,inf,13.017,13.017,13.017
80,TT4,BESTEFFORT,MISSED,m2-1,7.98,"{'m1-1': 2.099, 'm2-1': 1.818, 'm3-1': 3.883, 'm4-1': 0.919}",1.1280000000000037,12.604,inf,12.98,12.98,12.98
81,TT2,BESTEFFORT,MISSED,m2-1,8.023,"{'m1-1': 2.011, 'm2-1': 1.764, 'm3-1': 4.767, 'm4-1': 0.738}",0.4289999999999967,12.98,inf,13.123,13.123,13.123
82,TT4,BESTEFFORT,MISSED,m4-1,8.101,"{'m1-1': 2.172, 'm2-1': 1.81, 'm3-1': 3.948, 'm4-1': 0.837}",0.48900000000000077,12.775,inf,13.101,13.101,13.101
83,TT2,BESTEFFORT,MISSED,m3-1,8.184,"{'m1-1': 1.877, 'm2-1': 2.026, 'm3-1': 3.999, 'm4-1': 1.008}",0.48059999999999903,13.017,inf,13.283999999999999,13.283999999999999,13.283999999999999
84,TT3,BESTEFFORT,MISSED,m3-1,8.265,"{'m1-1': 2.322, 'm2-1': 1.395, 'm3-1': 4.568, 'm4-1': 0.768}",0.3258000000000017,13.283999999999999,inf,13.465,13.465,13.465
85,TT3,BESTEFFORT,MISSED,m2-1,8.49,"{'m1-1': 2.23, 'm2-1': 1.656, 'm3-1': 5.16, 'm4-1': 0.94}",1.7010000000000058,13.123,inf,13.690000000000001,13.690000000000001,13.690000000000001
86,TT4,BESTEFFORT,MISSED,m1-1,8.496,"{'m1-1': 2.275, 'm2-1': 1.556, 'm3-1': 4.277, 'm4-1': 0.86}",0.7823999999999984,13.007000000000001,inf,13.496,13.496,13.496
87,TT3,BESTEFFORT,MISSED,m3-1,8.585,"{'m1-1': 1.744, 'm2-1': 1.301, 'm3-1': 5.818, 'm4-1': 0.896}",0.5760000000000005,13.465,inf,13.785,13.785,13.785
88,TT1,BESTEFFORT,MISSED,m4-1,8.75,"{'m1-1': 2.177, 'm2-1': 1.453, 'm3-1': 4.98, 'm4-1': 0.696}",0.9734999999999987,13.101,inf,13.75,13.75,13.75
89,TT2,BESTEFFORT,MISSED,m1-1,8.853,"{'m1-1': 1.866, 'm2-1': 1.801, 'm3-1': 4.269, 'm4-1': 0.834}",0.7311999999999984,13.496,inf,13.953,13.953,13.953
90,TT1,BESTEFFORT,MISSED,m4-1,8.975,"{'m1-1': 2.569, 'm2-1': 1.773, 'm3-1': 4.028, 'm4-1': 0.822}",0.33749999999999947,13.75,inf,13.975,13.975,13.975
91,TT4,BESTEFFORT,MISSED,m2-1,9.045,"{'m1-1': 2.064, 'm2-1': 1.757, 'm3-1': 5.089, 'm4-1': 0.969}",1.064999999999996,13.690000000000001,inf,14.045,14.045,14.045
92,TT2,BESTEFFORT,MISSED,m4-1,9.265,"{'m1-1': 1.956, 'm2-1': 1.739, 'm3-1': 3.783, 'm4-1': 0.848}",0.5850000000000009,13.975,inf,14.365,14.365,14.365
93,TT2,BESTEFFORT,MISSED,m2-1,9.276,"{'m1-1': 2.421, 'm2-1': 1.845, 'm3-1': 4.999, 'm4-1': 0.98}",0.9929999999999986,14.045,inf,14.376,14.376,14.376
94,TT1,BESTEFFORT,MISSED,m1-1,9.347,"{'m1-1': 2.479, 'm2-1': 1.603, 'm3-1': 3.993, 'm4-1': 0.612}",0.6304000000000003,13.953,inf,14.347,14.347,14.347
95,TT1,BESTEFFORT,MISSED,m1-1,9.39,"{'m1-1': 2.433, 'm2-1': 1.968, 'm3-1': 3.941, 'm4-1': 0.667}",0.06880000000000167,14.347,inf,14.39,14.39,14.39
96,TT4,BESTEFFORT,MISSED,m3-1,9.47,"{'m1-1': 2.294, 'm2-1': 1.525, 'm3-1': 3.694, 'm4-1': 1.068}",1.233000000000001,13.785,inf,14.47,14.47,14.47
97,TT4,BESTEFFORT,MISSED,m4-1,9.534,"{'m1-1': 1.845, 'm2-1': 1.692, 'm3-1': 4.562, 'm4-1': 0.849}",0.2535000000000007,14.365,inf,14.534,14.534,14.534
98,TT2,BESTEFFORT,MISSED,m2-1,9.549,"{'m1-1': 1.956, 'm2-1': 2.101, 'm3-1': 5.028, 'm4-1': 0.969}",0.8189999999999991,14.376,inf,14.649,14.649,14.649
99,TT3,BESTEFFORT,MISSED,m3-1,9.559,"{'m1-1': 1.824, 'm2-1': 1.344, 'm3-1': 5.627, 'm4-1': 0.967}",0.5201999999999994,14.47,inf,14.759,14.759,14.759
100,TT3,BESTEFFORT,MISSED,m3-1,9.65,"{'m1-1': 1.834, 'm2-1': 1.502, 'm3-1': 4.992, 'm4-1': 0.813}",0.16380000000000194,14.759,inf,14.850000000000001,14.850000000000001,14.850000000000001
101,TT3,BESTEFFORT,MISSED,m2-1,9.684,"{'m1-1': 2.191, 'm2-1': 1.322, 'm3-1': 4.834, 'm4-1': 0.849}",0.7050000000000036,14.649,inf,14.884,14.884,14.884
102,TT1,BESTEFFORT,MISSED,m1-1,9.863,"{'m1-1': 2.074, 'm2-1': 1.942, 'm3-1': 5.077, 'm4-1': 0.843}",0.7567999999999984,14.39,inf,14.863,14.863,14.863
103,TT1,BESTEFFORT,MISSED,m4-1,9.92,"{'m1-1': 2.55, 'm2-1': 1.647, 'm3-1': 4.992, 'm4-1': 0.779}",0.5789999999999988,14.534,inf,14.92,14.92,14.92
104,TT2,BESTEFFORT,MISSED,m1-1,10.151,"{'m1-1': 2.003, 'm2-1': 1.949, 'm3-1': 3.939, 'm4-1': 1.015}",0.6207999999999999,14.863,inf,15.251,15.251,15.251
105,TT1,BESTEFFORT,MISSED,m3-1,10.16,"{'m1-1': 1.965, 'm2-1': 1.496, 'm3-1': 4.176, 'm4-1': 0.682}",0.5579999999999977,14.850000000000001,inf,15.16,15.16,15.16
106,TT3,BESTEFFORT,MISSED,m1-1,10.182,"{'m1-1': 2.103, 'm2-1': 1.567, 'm3-1': 4.468, 'm4-1': 0.953}",0.20960000000000323,15.251,inf,15.382000000000001,15.382000000000001,15.382000000000001
107,TT3,BESTEFFORT,MISSED,m4-1,10.248,"{'m1-1': 1.79, 'm2-1': 1.528, 'm3-1': 4.225, 'm4-1': 0.757}",0.16650000000000098,15.337,inf,15.448,15.448,15.448
108,TT3,BESTEFFORT,MISSED,m2-1,10.256,"{'m1-1': 1.717, 'm2-1': 1.358, 'm3-1': 4.776, 'm4-1': 0.772}",0.25499999999999723,15.371,inf,15.456,15.456,15.456
109,TT2,BESTEFFORT,MISSED,m2-1,10.271,"{'m1-1': 1.932, 'm2-1': 1.815, 'm3-1': 4.511, 'm4-1': 0.821}",1.4610000000000003,14.884,inf,15.371,15.371,15.371
110,TT4,BESTEFFORT,MISSED,m4-1,10.337,"{'m1-1': 2.056, 'm2-1': 1.649, 'm3-1': 4.52, 'm4-1': 0.967}",0.6254999999999997,14.92,inf,15.337,15.337,15.337
111,TT3,BESTEFFORT,MISSED,m4-1,10.582,"{'m1-1': 1.81, 'm2-1': 1.604, 'm3-1': 4.522, 'm4-1': 0.963}",0.5009999999999994,15.448,inf,15.782,15.782,15.782
112,TT1,BESTEFFORT,MISSED,m1-1,10.649,"{'m1-1': 2.348, 'm2-1': 1.858, 'm3-1': 4.593, 'm4-1': 0.735}",0.4271999999999963,15.382000000000001,inf,15.649,15.649,15.649
113,TT1,BESTEFFORT,MISSED,m3-1,10.728,"{'m1-1': 2.351, 'm2-1': 1.559, 'm3-1': 4.791, 'm4-1': 0.839}",1.0223999999999993,15.16,inf,15.728,15.728,15.728
114,TT1,BESTEFFORT,MISSED,m2-1,11.058,"{'m1-1': 2.04, 'm2-1': 1.544, 'm3-1': 4.249, 'm4-1': 0.757}",1.806000000000001,15.456,inf,16.058,16.058,16.058
115,TT4,BESTEFFORT,MISSED,m3-1,11.088,"{'m1-1': 1.745, 'm2-1': 1.689, 'm3-1': 4.554, 'm4-1': 0.9}",0.6480000000000022,15.728,inf,16.088,16.088,16.088
116,TT2,BESTEFFORT,MISSED,m3-1,11.124,"{'m1-1': 2.276, 'm2-1': 2.035, 'm3-1': 3.722, 'm4-1': 0.89}",0.24479999999999863,16.088,inf,16.224,16.224,16.224
117,TT2,BESTEFFORT,MISSED,m1-1,11.136,"{'m1-1': 2.16, 'm2-1': 1.591, 'm3-1': 4.098, 'm4-1': 0.783}",0.9391999999999968,15.649,inf,16.235999999999997,16.235999999999997,16.235999999999997
118,TT3,BESTEFFORT,MISSED,m4-1,11.154,"{'m1-1': 2.331, 'm2-1': 1.713, 'm3-1': 5.139, 'm4-1': 0.75}",0.8579999999999988,15.782,inf,16.354,16.354,16.354
119,TT1,BESTEFFORT,MISSED,m2-1,11.318,"{'m1-1': 2.235, 'm2-1': 1.706, 'm3-1': 4.313, 'm4-1': 0.723}",0.779999999999994,16.058,inf,16.317999999999998,16.317999999999998,16.317999999999998
120,TT4,BESTEFFORT,MISSED,m3-1,11.474,"{'m1-1': 1.797, 'm2-1': 1.412, 'm3-1': 4.123, 'm4-1': 0.866}",0.45,16.224,inf,16.474,16.474,16.474
121,TT4,BESTEFFORT,MISSED,m1-1,11.584,"{'m1-1': 2.136, 'm2-1': 1.513, 'm3-1': 3.721, 'm4-1': 0.986}",0.5568000000000041,16.235999999999997,inf,16.584,16.584,16.584
122,TT4,BESTEFFORT,MISSED,m4-1,11.65,"{'m1-1': 2.427, 'm2-1': 1.756, 'm3-1': 5.138, 'm4-1': 0.924}",0.44399999999999906,16.354,inf,16.65,16.65,16.65
123,TT4,BESTEFFORT,MISSED,m2-1,11.661,"{'m1-1': 2.166, 'm2-1': 1.798, 'm3-1': 4.164, 'm4-1': 0.977}",1.0290000000000106,16.317999999999998,inf,16.661,16.661,16.661
124,TT1,BESTEFFORT,MISSED,m1-1,11.772,"{'m1-1': 1.867, 'm2-1': 1.929, 'm3-1': 3.607, 'm4-1': 0.734}",0.3007999999999982,16.584,inf,16.772,16.772,16.772
125,TT3,BESTEFFORT,MISSED,m2-1,11.809,"{'m1-1': 2.049, 'm2-1': 1.751, 'm3-1': 5.306, 'm4-1': 0.787}",1.043999999999997,16.661,inf,17.009,17.009,17.009
126,TT3,BESTEFFORT,MISSED,m1-1,11.875,"{'m1-1': 1.995, 'm2-1': 1.395, 'm3-1': 4.362, 'm4-1': 0.73}",0.48480000000000134,16.772,inf,17.075,17.075,17.075
127,TT1,BESTEFFORT,MISSED,m4-1,11.996,"{'m1-1': 2.319, 'm2-1': 1.513, 'm3-1': 4.059, 'm4-1': 0.649}",0.5190000000000055,16.65,inf,16.996000000000002,16.996000000000002,16.996000000000002
128,TT4,BESTEFFORT,MISSED,m3-1,12.122,"{'m1-1': 1.846, 'm2-1': 1.754, 'm3-1': 4.11, 'm4-1': 0.793}",1.1663999999999994,16.474,inf,17.122,17.122,17.122
129,TT2,BESTEFFORT,MISSED,m2-1,12.157,"{'m1-1': 2.265, 'm2-1': 1.721, 'm3-1': 4.492, 'm4-1': 0.895}",0.7439999999999927,17.009,inf,17.256999999999998,17.256999999999998,17.256999999999998
130,TT4,BESTEFFORT,MISSED,m4-1,12.234,"{'m1-1': 2.019, 'm2-1': 1.806, 'm3-1': 4.887, 'm4-1': 0.829}",0.3569999999999993,16.996000000000002,inf,17.234,17.234,17.234
131,TT3,BESTEFFORT,MISSED,m3-1,12.277,"{'m1-1': 2.191, 'm2-1': 1.507, 'm3-1': 4.734, 'm4-1': 0.746}",0.6390000000000008,17.122,inf,17.477,17.477,17.477
132,TT4,BESTEFFORT,MISSED,m3-1,12.506,"{'m1-1': 1.893, 'm2-1': 1.623, 'm3-1': 4.061, 'm4-1': 1.068}",0.05219999999999985,17.477,inf,17.506,17.506,17.506
133,TT1,BESTEFFORT,MISSED,m1-1,12.53,"{'m1-1': 1.884, 'm2-1': 1.752, 'm3-1': 4.816, 'm4-1': 0.834}",0.728000000000003,17.075,inf,17.53,17.53,17.53
134,TT1,BESTEFFORT,MISSED,m2-1,12.563,"{'m1-1': 2.426, 'm2-1': 1.959, 'm3-1': 4.966, 'm4-1': 0.861}",0.9180000000000135,17.256999999999998,inf,17.563000000000002,17.563000000000002,17.563000000000002
135,TT3,BESTEFFORT,MISSED,m3-1,12.672,"{'m1-1': 2.006, 'm2-1': 1.592, 'm3-1': 4.582, 'm4-1': 0.72}",0.6587999999999994,17.506,inf,17.872,17.872,17.872
136,TT4,BESTEFFORT,MISSED,m4-1,12.753,"{'m1-1': 1.989, 'm2-1': 1.719, 'm3-1': 4.485, 'm4-1': 0.818}",0.7784999999999975,17.234,inf,17.753,17.753,17.753
137,TT3,BESTEFFORT,MISSED,m4-1,12.936,"{'m1-1': 2.352, 'm2-1': 1.568, 'm3-1': 5.312, 'm4-1': 0.889}",0.5744999999999987,17.753,inf,18.136,18.136,18.136
138,TT2,BESTEFFORT,MISSED,m2-1,13.059,"{'m1-1': 2.056, 'm2-1': 1.582, 'm3-1': 5.116, 'm4-1': 0.964}",1.7879999999999896,17.563000000000002,inf,18.159,18.159,18.159
139,TT1,BESTEFFORT,MISSED,m1-1,13.077,"{'m1-1': 2.23, 'm2-1': 1.716, 'm3-1': 3.901, 'm4-1': 0.635}",0.8751999999999953,17.53,inf,18.076999999999998,18.076999999999998,18.076999999999998
140,TT4,BESTEFFORT,MISSED,m1-1,13.263,"{'m1-1': 2.176, 'm2-1': 1.699, 'm3-1': 4.917, 'm4-1': 0.874}",0.2975999999999999,18.076999999999998,inf,18.262999999999998,18.262999999999998,18.262999999999998
141,TT3,BESTEFFORT,MISSED,m2-1,13.311,"{'m1-1': 2.068, 'm2-1': 1.385, 'm3-1': 4.957, 'm4-1': 0.817}",1.056000000000001,18.159,inf,18.511,18.511,18.511
142,TT4,BESTEFFORT,MISSED,m4-1,13.317,"{'m1-1': 1.932, 'm2-1': 1.802, 'm3-1': 4.271, 'm4-1': 0.903}",0.2715000000000014,18.136,inf,18.317,18.317,18.317
143,TT4,BESTEFFORT,MISSED,m1-1,13.529,"{'m1-1': 2.217, 'm2-1': 1.867, 'm3-1': 4.896, 'm4-1': 0.936}",0.42560000000000286,18.262999999999998,inf,18.529,18.529,18.529
144,TT2,BESTEFFORT,MISSED,m3-1,13.601,"{'m1-1': 2.549, 'm2-1': 1.659, 'm3-1': 5.001, 'm4-1': 0.885}",1.492200000000001,17.872,inf,18.701,18.701,18.701
145,TT4,BESTEFFORT,MISSED,m4-1,14.092,"{'m1-1': 1.954, 'm2-1': 1.889, 'm3-1': 3.901, 'm4-1': 0.898}",1.1624999999999979,18.317,inf,19.092,19.092,19.092
146,TT4,BESTEFFORT,MISSED,m2-1,14.135,"{'m1-1': 2.397, 'm2-1': 1.373, 'm3-1': 4.387, 'm4-1': 0.931}",1.8719999999999963,18.511,inf,19.134999999999998,19.134999999999998,19.134999999999998
147,TT3,BESTEFFORT,MISSED,m3-1,14.206,"{'m1-1': 2.352, 'm2-1': 1.371, 'm3-1': 5.223, 'm4-1': 0.854}",1.268999999999997,18.701,inf,19.406,19.406,19.406
148,TT4,BESTEFFORT,MISSED,m3-1,14.433,"{'m1-1': 2.3, 'm2-1': 1.478, 'm3-1': 4.343, 'm4-1': 1.037}",0.04860000000000184,19.406,inf,19.433,19.433,19.433
149,TT1,BESTEFFORT,MISSED,m1-1,14.486,"{'m1-1': 2.095, 'm2-1': 1.773, 'm3-1': 4.946, 'm4-1': 0.804}",1.5312000000000012,18.529,inf,19.486,19.486,19.486
150,TT4,BESTEFFORT,MISSED,m2-1,14.682,"{'m1-1': 2.0, 'm2-1': 1.449, 'm3-1': 4.932, 'm4-1': 0.977}",1.6410000000000124,19.134999999999998,inf,19.682000000000002,19.682000000000002,19.682000000000002
151,TT2,BESTEFFORT,MISSED,m4-1,14.885,"{'m1-1': 2.161, 'm2-1': 2.143, 'm3-1': 3.632, 'm4-1': 0.976}",1.339500000000001,19.092,inf,19.985,19.985,19.985
152,TT1,BESTEFFORT,MISSED,m3-1,14.986,"{'m1-1': 2.03, 'm2-1': 1.691, 'm3-1': 4.052, 'm4-1': 0.626}",0.9954000000000015,19.433,inf,19.986,19.986,19.986
153,TT2,BESTEFFORT,MISSED,m4-1,14.999,"{'m1-1': 2.052, 'm2-1': 1.622, 'm3-1': 4.156, 'm4-1': 0.823}",0.17100000000000115,19.985,inf,20.099,20.099,20.099
154,TT4,BESTEFFORT,MISSED,m1-1,15.094,"{'m1-1': 1.74, 'm2-1': 1.843, 'm3-1': 4.557, 'm4-1': 0.941}",0.9728000000000009,19.486,inf,20.094,20.094,20.094
155,TT3,BESTEFFORT,MISSED,m1-1,15.105,"{'m1-1': 2.041, 'm2-1': 1.694, 'm3-1': 4.886, 'm4-1': 0.73}",0.3375999999999977,20.094,inf,20.305,20.305,20.305
156,TT3,BESTEFFORT,MISSED,m4-1,15.121,"{'m1-1': 2.13, 'm2-1': 1.495, 'm3-1': 4.989, 'm4-1': 0.77}",0.33300000000000196,20.099,inf,20.321,20.321,20.321
157,TT1,BESTEFFORT,MISSED,m2-1,15.233,"{'m1-1': 2.384, 'm2-1': 1.647, 'm3-1': 4.457, 'm4-1': 0.637}",1.6529999999999951,19.682000000000002,inf,20.233,20.233,20.233
158,TT3,BESTEFFORT,MISSED,m3-1,15.314,"{'m1-1': 1.96, 'm2-1': 1.311, 'm3-1': 5.799, 'm4-1': 0.897}",0.9503999999999977,19.986,inf,20.514,20.514,20.514
159,TT3,BESTEFFORT,MISSED,m4-1,15.353,"{'m1-1': 2.27, 'm2-1': 1.416, 'm3-1': 4.872, 'm4-1': 0.718}",0.347999999999999,20.321,inf,20.553,20.553,20.553
160,TT4,BESTEFFORT,MISSED,m2-1,15.378,"{'m1-1': 2.121, 'm2-1': 1.772, 'm3-1': 4.751, 'm4-1': 0.837}",0.4349999999999987,20.233,inf,20.378,20.378,20.378
161,TT3,BESTEFFORT,MISSED,m2-1,15.385,"{'m1-1': 2.164, 'm2-1': 1.776, 'm3-1': 5.702, 'm4-1': 1.014}",0.6210000000000022,20.378,inf,20.585,20.585,20.585
162,TT1,BESTEFFORT,MISSED,m1-1,15.416,"{'m1-1': 1.983, 'm2-1': 1.898, 'm3-1': 4.571, 'm4-1': 0.707}",0.17760000000000106,20.305,inf,20.416,20.416,20.416
163,TT4,BESTEFFORT,MISSED,m3-1,15.642,"{'m1-1': 1.96, 'm2-1': 1.434, 'm3-1': 4.044, 'm4-1': 0.852}",0.23040000000000022,20.514,inf,20.642,20.642,20.642
164,TT2,BESTEFFORT,MISSED,m3-1,15.67,"{'m1-1': 2.117, 'm2-1': 1.917, 'm3-1': 4.641, 'm4-1': 0.873}",0.23040000000000022,20.642,inf,20.77,20.77,20.77
165,TT3,BESTEFFORT,MISSED,m1-1,15.723,"{'m1-1': 2.111, 'm2-1': 1.384, 'm3-1': 5.926, 'm4-1': 0.747}",0.8112000000000024,20.416,inf,20.923000000000002,20.923000000000002,20.923000000000002
166,TT3,BESTEFFORT,MISSED,m2-1,15.831,"{'m1-1': 2.211, 'm2-1': 1.329, 'm3-1': 4.428, 'm4-1': 0.856}",1.3379999999999939,20.585,inf,21.031,21.031,21.031
167,TT2,BESTEFFORT,MISSED,m4-1,15.971,"{'m1-1': 2.14, 'm2-1': 1.581, 'm3-1': 3.936, 'm4-1': 0.854}",0.7769999999999957,20.553,inf,21.070999999999998,21.070999999999998,21.070999999999998
168,TT2,BESTEFFORT,MISSED,m3-1,16.13,"{'m1-1': 2.319, 'm2-1': 1.75, 'm3-1': 4.805, 'm4-1': 0.856}",0.8279999999999952,20.77,inf,21.229999999999997,21.229999999999997,21.229999999999997
169,TT1,BESTEFFORT,MISSED,m1-1,16.7,"{'m1-1': 2.544, 'm2-1': 1.443, 'm3-1': 4.465, 'm4-1': 0.618}",1.243199999999996,20.923000000000002,inf,21.7,21.7,21.7
170,TT4,BESTEFFORT,MISSED,m4-1,16.739,"{'m1-1': 1.779, 'm2-1': 1.693, 'm3-1': 4.957, 'm4-1': 0.927}",1.0020000000000042,21.070999999999998,inf,21.739,21.739,21.739
171,TT2,BESTEFFORT,MISSED,m1-1,16.903,"{'m1-1': 1.918, 'm2-1': 1.917, 'm3-1': 4.383, 'm4-1': 0.795}",0.48480000000000134,21.7,inf,22.003,22.003,22.003
172,TT3,BESTEFFORT,MISSED,m4-1,16.924,"{'m1-1': 2.251, 'm2-1': 1.671, 'm3-1': 5.844, 'm4-1': 0.991}",0.577499999999997,21.739,inf,22.124,22.124,22.124
173,TT1,BESTEFFORT,MISSED,m2-1,16.99,"{'m1-1': 1.937, 'm2-1': 1.571, 'm3-1': 4.624, 'm4-1': 0.633}",2.876999999999999,21.031,inf,21.99,21.99,21.99
174,TT3,BESTEFFORT,MISSED,m2-1,17.03,"{'m1-1': 2.275, 'm2-1': 1.516, 'm3-1': 4.684, 'm4-1': 0.994}",0.720000000000006,21.99,inf,22.23,22.23,22.23
175,TT2,BESTEFFORT,MISSED,m1-1,17.323,"{'m1-1': 2.324, 'm2-1': 1.91, 'm3-1': 5.085, 'm4-1': 0.769}",0.6720000000000028,22.003,inf,22.423000000000002,22.423000000000002,22.423000000000002
176,TT3,BESTEFFORT,MISSED,m4-1,17.337,"{'m1-1': 2.329, 'm2-1': 1.444, 'm3-1': 4.463, 'm4-1': 0.881}",0.6195000000000004,22.124,inf,22.537,22.537,22.537
177,TT3,BESTEFFORT,MISSED,m2-1,17.425,"{'m1-1': 2.424, 'm2-1': 1.326, 'm3-1': 5.926, 'm4-1': 0.716}",1.1849999999999987,22.23,inf,22.625,22.625,22.625
178,TT4,BESTEFFORT,MISSED,m3-1,17.535,"{'m1-1': 2.426, 'm2-1': 1.443, 'm3-1': 4.207, 'm4-1': 0.997}",2.349000000000006,21.229999999999997,inf,22.535,22.535,22.535
179,TT3,BESTEFFORT,MISSED,m2-1,17.651,"{'m1-1': 1.773, 'm2-1': 1.521, 'm3-1': 4.263, 'm4-1': 0.906}",0.6779999999999973,22.625,inf,22.851,22.851,22.851
180,TT4,BESTEFFORT,MISSED,m3-1,17.749,"{'m1-1': 2.051, 'm2-1': 1.386, 'm3-1': 4.615, 'm4-1': 1.062}",0.38519999999999754,22.535,inf,22.749,22.749,22.749
181,TT2,BESTEFFORT,MISSED,m3-1,17.762,"{'m1-1': 2.599, 'm2-1': 1.794, 'm3-1': 4.768, 'm4-1': 0.766}",0.04860000000000184,22.835,inf,22.862000000000002,22.862000000000002,22.862000000000002
182,TT3,BESTEFFORT,MISSED,m4-1,17.781,"{'m1-1': 1.722, 'm2-1': 1.288, 'm3-1': 4.297, 'm4-1': 0.997}",0.19199999999999484,22.853,inf,22.980999999999998,22.980999999999998,22.980999999999998
183,TT1,BESTEFFORT,MISSED,m3-1,17.835,"{'m1-1': 2.044, 'm2-1': 1.403, 'm3-1': 4.772, 'm4-1': 0.861}",0.15480000000000374,22.749,inf,22.835,22.835,22.835
184,TT1,BESTEFFORT,MISSED,m1-1,17.836,"{'m1-1': 2.209, 'm2-1': 1.42, 'm3-1': 5.06, 'm4-1': 0.823}",0.6607999999999947,22.423000000000002,inf,22.836,22.836,22.836
185,TT1,BESTEFFORT,MISSED,m4-1,17.853,"{'m1-1': 1.922, 'm2-1': 1.942, 'm3-1': 4.115, 'm4-1': 0.626}",0.47400000000000375,22.537,inf,22.853,22.853,22.853
186,TT3,BESTEFFORT,MISSED,m2-1,17.857,"{'m1-1': 1.952, 'm2-1': 1.713, 'm3-1': 5.853, 'm4-1': 1.011}",0.6179999999999986,22.851,inf,23.057,23.057,23.057
187,TT4,BESTEFFORT,MISSED,m1-1,17.875,"{'m1-1': 2.366, 'm2-1': 1.589, 'm3-1': 3.847, 'm4-1': 0.771}",0.06240000000000237,22.836,inf,22.875,22.875,22.875
188,TT1,BESTEFFORT,MISSED,m1-1,18.114,"{'m1-1': 1.938, 'm2-1': 1.867, 'm3-1': 4.791, 'm4-1': 0.616}",0.38240000000000124,22.875,inf,23.114,23.114,23.114
189,TT3,BESTEFFORT,MISSED,m4-1,18.199,"{'m1-1': 1.978, 'm2-1': 1.507, 'm3-1': 4.237, 'm4-1': 0.796}",0.6270000000000042,22.980999999999998,inf,23.399,23.399,23.399
190,TT3,BESTEFFORT,MISSED,m3-1,18.288,"{'m1-1': 2.17, 'm2-1': 1.421, 'm3-1': 5.732, 'm4-1': 0.724}",1.1267999999999958,22.862000000000002,inf,23.488,23.488,23.488
191,TT2,BESTEFFORT,MISSED,m2-1,18.346,"{'m1-1': 2.013, 'm2-1': 1.596, 'm3-1': 4.581, 'm4-1': 0.857}",1.166999999999998,23.057,inf,23.445999999999998,23.445999999999998,23.445999999999998
192,TT2,BESTEFFORT,MISSED,m1-1,18.361,"{'m1-1': 2.169, 'm2-1': 1.964, 'm3-1': 4.768, 'm4-1': 0.734}",0.5551999999999965,23.114,inf,23.461,23.461,23.461
193,TT2,BESTEFFORT,MISSED,m4-1,18.407,"{'m1-1': 2.516, 'm2-1': 2.042, 'm3-1': 3.978, 'm4-1': 0.907}",0.16199999999999548,23.399,inf,23.506999999999998,23.506999999999998,23.506999999999998
194,TT2,BESTEFFORT,MISSED,m2-1,18.511,"{'m1-1': 2.158, 'm2-1': 1.906, 'm3-1': 4.956, 'm4-1': 0.77}",0.49499999999999744,23.445999999999998,inf,23.610999999999997,23.610999999999997,23.610999999999997
195,TT3,BESTEFFORT,MISSED,m1-1,18.568,"{'m1-1': 2.253, 'm2-1': 1.74, 'm3-1': 4.561, 'm4-1': 0.872}",0.49120000000000347,23.461,inf,23.768,23.768,23.768
196,TT1,BESTEFFORT,MISSED,m3-1,18.672,"{'m1-1': 2.446, 'm2-1': 1.798, 'm3-1': 4.343, 'm4-1': 0.816}",0.3312000000000019,23.488,inf,23.672,23.672,23.672
197,TT3,BESTEFFORT,MISSED,m4-1,18.709,"{'m1-1': 2.182, 'm2-1': 1.628, 'm3-1': 5.469, 'm4-1': 0.789}",0.6030000000000015,23.506999999999998,inf,23.909,23.909,23.909
198,TT4,BESTEFFORT,MISSED,m3-1,18.739,"{'m1-1': 1.954, 'm2-1': 1.532, 'm3-1': 4.554, 'm4-1': 0.988}",0.1206000000000003,23.672,inf,23.739,23.739,23.739
199,TT3,BESTEFFORT,MISSED,m3-1,18.805,"{'m1-1': 2.289, 'm2-1': 1.559, 'm3-1': 5.666, 'm4-1': 0.796}",0.47879999999999684,23.739,inf,24.005,24.005,24.005
200,TT1,BESTEFFORT,MISSED,m2-1,18.859,"{'m1-1': 1.882, 'm2-1': 1.552, 'm3-1': 4.437, 'm4-1': 0.736}",0.744000000000014,23.610999999999997,inf,23.859,23.859,23.859
201,TT4,BESTEFFORT,MISSED,m1-1,19.165,"{'m1-1': 2.095, 'm2-1': 1.572, 'm3-1': 4.377, 'm4-1': 0.773}",0.6351999999999975,23.768,inf,24.165,24.165,24.165
202,TT1,BESTEFFORT,MISSED,m4-1,19.197,"{'m1-1': 2.223, 'm2-1': 1.654, 'm3-1': 4.322, 'm4-1': 0.623}",0.4320000000000004,23.909,inf,24.197,24.197,24.197
203,TT4,BESTEFFORT,MISSED,m2-1,19.214,"{'m1-1': 2.347, 'm2-1': 1.498, 'm3-1': 3.656, 'm4-1': 1.016}",1.0649999999999906,23.859,inf,24.214,24.214,24.214
204,TT1,BESTEFFORT,MISSED,m1-1,19.35,"{'m1-1': 1.937, 'm2-1': 1.858, 'm3-1': 3.765, 'm4-1': 0.656}",0.29600000000000365,24.165,inf,24.35,24.35,24.35
205,TT2,BESTEFFORT,MISSED,m4-1,19.461,"{'m1-1': 2.329, 'm2-1': 1.546, 'm3-1': 3.782, 'm4-1': 0.805}",0.5460000000000012,24.197,inf,24.561,24.561,24.561
206,TT4,BESTEFFORT,MISSED,m2-1,19.627,"{'m1-1': 2.445, 'm2-1': 1.7, 'm3-1': 5.019, 'm4-1': 0.897}",1.2390000000000008,24.214,inf,24.627,24.627,24.627
207,TT3,BESTEFFORT,MISSED,m4-1,19.69,"{'m1-1': 1.841, 'm2-1': 1.664, 'm3-1': 4.463, 'm4-1': 0.716}",0.49350000000000094,24.561,inf,24.89,24.89,24.89
208,TT1,BESTEFFORT,MISSED,m1-1,19.775,"{'m1-1': 2.45, 'm2-1': 1.769, 'm3-1': 4.901, 'm4-1': 0.803}",0.6799999999999955,24.35,inf,24.775,24.775,24.775
209,TT3,BESTEFFORT,MISSED,m3-1,19.848,"{'m1-1': 1.781, 'm2-1': 1.398, 'm3-1': 5.56, 'm4-1': 0.994}",0.05579999999999785,25.017,inf,25.048,25.048,25.048
210,TT4,BESTEFFORT,MISSED,m3-1,19.849,"{'m1-1': 1.817, 'm2-1': 1.864, 'm3-1': 4.437, 'm4-1': 1.05}",1.519200000000002,24.005,inf,24.849,24.849,24.849
211,TT4,BESTEFFORT,MISSED,m2-1,19.96,"{'m1-1': 2.016, 'm2-1': 1.414, 'm3-1': 4.805, 'm4-1': 0.975}",0.9990000000000059,24.627,inf,24.96,24.96,24.96
212,TT1,BESTEFFORT,MISSED,m3-1,20.017,"{'m1-1': 2.588, 'm2-1': 1.655, 'm3-1': 4.441, 'm4-1': 0.765}",0.30239999999999867,24.849,inf,25.017,25.017,25.017
213,TT1,BESTEFFORT,MISSED,m1-1,20.16,"{'m1-1': 1.889, 'm2-1': 1.743, 'm3-1': 3.68, 'm4-1': 0.76}",0.6160000000000025,24.775,inf,25.16,25.16,25.16
214,TT4,BESTEFFORT,MISSED,m2-1,20.18,"{'m1-1': 2.4, 'm2-1': 1.646, 'm3-1': 4.066, 'm4-1': 0.874}",0.6599999999999966,24.96,inf,25.18,25.18,25.18
215,TT2,BESTEFFORT,MISSED,m4-1,20.258,"{'m1-1': 1.928, 'm2-1': 2.122, 'm3-1': 4.18, 'm4-1': 1.007}",0.7019999999999946,24.89,inf,25.357999999999997,25.357999999999997,25.357999999999997
216,TT4,BESTEFFORT,MISSED,m3-1,20.411,"{'m1-1': 1.803, 'm2-1': 1.67, 'm3-1': 3.707, 'm4-1': 0.908}",0.6534000000000056,25.048,inf,25.411,25.411,25.411
217,TT3,BESTEFFORT,MISSED,m4-1,20.485,"{'m1-1': 2.386, 'm2-1': 1.398, 'm3-1': 4.938, 'm4-1': 0.767}",0.20550000000000068,25.548,inf,25.685,25.685,25.685
218,TT2,BESTEFFORT,MISSED,m2-1,20.51,"{'m1-1': 2.182, 'm2-1': 1.56, 'm3-1': 4.956, 'm4-1': 0.914}",1.2899999999999991,25.18,inf,25.61,25.61,25.61
219,TT1,BESTEFFORT,MISSED,m1-1,20.538,"{'m1-1': 2.273, 'm2-1': 1.714, 'm3-1': 5.067, 'm4-1': 0.808}",0.6048000000000002,25.16,inf,25.538,25.538,25.538
220,TT4,BESTEFFORT,MISSED,m4-1,20.548,"{'m1-1': 2.254, 'm2-1': 1.85, 'm3-1': 4.418, 'm4-1': 0.958}",0.2850000000000019,25.357999999999997,inf,25.548,25.548,25.548
221,TT2,BESTEFFORT,MISSED,m1-1,20.56,"{'m1-1': 2.625, 'm2-1': 1.953, 'm3-1': 4.813, 'm4-1': 0.979}",0.19519999999999416,25.538,inf,25.659999999999997,25.659999999999997,25.659999999999997
222,TT1,BESTEFFORT,MISSED,m2-1,20.735,"{'m1-1': 2.006, 'm2-1': 1.615, 'm3-1': 4.169, 'm4-1': 0.752}",0.375,25.61,inf,25.735,25.735,25.735
223,TT3,BESTEFFORT,MISSED,m3-1,20.787,"{'m1-1': 2.198, 'm2-1': 1.552, 'm3-1': 5.477, 'm4-1': 0.977}",1.0367999999999946,25.411,inf,25.987,25.987,25.987
224,TT1,BESTEFFORT,MISSED,m1-1,20.886,"{'m1-1': 2.286, 'm2-1': 1.829, 'm3-1': 4.347, 'm4-1': 0.695}",0.36160000000000425,25.659999999999997,inf,25.886,25.886,25.886
225,TT2,BESTEFFORT,MISSED,m4-1,20.916,"{'m1-1': 1.897, 'm2-1': 1.928, 'm3-1': 3.975, 'm4-1': 0.876}",0.4964999999999993,25.685,inf,26.016,26.016,26.016
226,TT2,BESTEFFORT,MISSED,m2-1,20.998,"{'m1-1': 2.622, 'm2-1': 1.897, 'm3-1': 4.795, 'm4-1': 0.809}",1.0889999999999986,25.735,inf,26.098,26.098,26.098
227,TT1,BESTEFFORT,MISSED,m3-1,21.156,"{'m1-1': 2.482, 'm2-1': 1.405, 'm3-1': 3.763, 'm4-1': 0.773}",0.30420000000000086,25.987,inf,26.156,26.156,26.156
228,TT4,BESTEFFORT,MISSED,m3-1,21.192,"{'m1-1': 1.844, 'm2-1': 1.631, 'm3-1': 4.571, 'm4-1': 0.845}",0.06480000000000245,26.156,inf,26.192,26.192,26.192
229,TT3,BESTEFFORT,MISSED,m1-1,21.199,"{'m1-1': 2.273, 'm2-1': 1.505, 'm3-1': 5.082, 'm4-1': 0.887}",0.8208000000000027,25.886,inf,26.399,26.399,26.399
230,TT3,BESTEFFORT,MISSED,m3-1,21.28,"{'m1-1': 2.417, 'm2-1': 1.746, 'm3-1': 5.312, 'm4-1': 0.772}",0.5184000000000005,26.192,inf,26.48,26.48,26.48
231,TT2,BESTEFFORT,MISSED,m2-1,21.299,"{'m1-1': 2.158, 'm2-1': 1.737, 'm3-1': 4.324, 'm4-1': 0.809}",0.9030000000000058,26.098,inf,26.399,26.399,26.399
232,TT1,BESTEFFORT,MISSED,m4-1,21.46,"{'m1-1': 2.429, 'm2-1': 1.8, 'm3-1': 4.206, 'm4-1': 0.845}",0.6660000000000039,26.016,inf,26.46,26.46,26.46
233,TT3,BESTEFFORT,MISSED,m1-1,21.489,"{'m1-1': 2.149, 'm2-1': 1.52, 'm3-1': 5.127, 'm4-1': 0.744}",0.46399999999999864,26.399,inf,26.689,26.689,26.689
234,TT3,BESTEFFORT,MISSED,m2-1,21.686,"{'m1-1': 1.953, 'm2-1': 1.748, 'm3-1': 5.422, 'm4-1': 0.785}",1.460999999999995,26.399,inf,26.886,26.886,26.886
235,TT1,BESTEFFORT,MISSED,m4-1,21.786,"{'m1-1': 2.421, 'm2-1': 1.735, 'm3-1': 4.369, 'm4-1': 0.689}",0.48900000000000077,26.46,inf,26.786,26.786,26.786
236,TT2,BESTEFFORT,MISSED,m4-1,21.886,"{'m1-1': 2.628, 'm2-1': 1.991, 'm3-1': 4.24, 'm4-1': 0.89}",0.2999999999999936,26.786,inf,26.985999999999997,26.985999999999997,26.985999999999997
237,TT4,BESTEFFORT,MISSED,m1-1,21.892,"{'m1-1': 1.881, 'm2-1': 1.357, 'm3-1': 4.321, 'm4-1': 0.936}",0.3247999999999991,26.689,inf,26.892,26.892,26.892
238,TT3,BESTEFFORT,MISSED,m3-1,21.943,"{'m1-1': 2.233, 'm2-1': 1.681, 'm3-1': 4.346, 'm4-1': 0.716}",1.1934000000000005,26.48,inf,27.143,27.143,27.143
239,TT3,BESTEFFORT,MISSED,m4-1,21.977,"{'m1-1': 2.035, 'm2-1': 1.551, 'm3-1': 5.202, 'm4-1': 0.973}",0.28650000000000375,26.985999999999997,inf,27.177,27.177,27.177
240,TT1,BESTEFFORT,MISSED,m2-1,21.993,"{'m1-1': 1.922, 'm2-1': 1.527, 'm3-1': 4.203, 'm4-1': 0.639}",0.32099999999999795,26.886,inf,26.993,26.993,26.993
241,TT1,BESTEFFORT,MISSED,m1-1,22.028,"{'m1-1': 1.868, 'm2-1': 1.688, 'm3-1': 3.797, 'm4-1': 0.703}",0.2175999999999988,26.892,inf,27.028,27.028,27.028
242,TT3,BESTEFFORT,MISSED,m2-1,22.073,"{'m1-1': 2.375, 'm2-1': 1.291, 'm3-1': 4.625, 'm4-1': 0.851}",0.8400000000000034,26.993,inf,27.273,27.273,27.273
243,TT3,BESTEFFORT,MISSED,m3-1,22.131,"{'m1-1': 2.061, 'm2-1': 1.499, 'm3-1': 4.38, 'm4-1': 0.998}",0.3383999999999979,27.143,inf,27.331,27.331,27.331
244,TT3,BESTEFFORT,MISSED,m3-1,22.16,"{'m1-1': 1.96, 'm2-1': 1.7, 'm3-1': 5.257, 'm4-1': 0.964}",0.05219999999999985,27.331,inf,27.36,27.36,27.36
245,TT2,BESTEFFORT,MISSED,m2-1,22.317,"{'m1-1': 1.922, 'm2-1': 2.123, 'm3-1': 3.908, 'm4-1': 0.926}",0.4320000000000057,27.273,inf,27.417,27.417,27.417
246,TT3,BESTEFFORT,MISSED,m4-1,22.322,"{'m1-1': 1.873, 'm2-1': 1.713, 'm3-1': 5.844, 'm4-1': 0.764}",0.5174999999999983,27.177,inf,27.522,27.522,27.522
247,TT1,BESTEFFORT,MISSED,m1-1,22.416,"{'m1-1': 2.549, 'm2-1': 1.42, 'm3-1': 4.523, 'm4-1': 0.674}",0.6208000000000027,27.028,inf,27.416,27.416,27.416
248,TT2,BESTEFFORT,MISSED,m1-1,22.507,"{'m1-1': 1.979, 'm2-1': 1.801, 'm3-1': 3.639, 'm4-1': 0.719}",0.3055999999999983,27.416,inf,27.607,27.607,27.607
249,TT4,BESTEFFORT,MISSED,m3-1,22.542,"{'m1-1': 1.939, 'm2-1': 1.849, 'm3-1': 4.903, 'm4-1': 1.032}",0.3276000000000039,27.36,inf,27.542,27.542,27.542
250,TT3,BESTEFFORT,MISSED,m4-1,22.588,"{'m1-1': 1.878, 'm2-1': 1.343, 'm3-1': 4.862, 'm4-1': 0.964}",0.3990000000000027,27.522,inf,27.788,27.788,27.788
251,TT3,BESTEFFORT,MISSED,m2-1,22.974,"{'m1-1': 2.381, 'm2-1': 1.723, 'm3-1': 5.729, 'm4-1': 0.746}",2.2709999999999937,27.417,inf,28.174,28.174,28.174
252,TT2,BESTEFFORT,MISSED,m2-1,23.232,"{'m1-1': 2.268, 'm2-1': 2.105, 'm3-1': 4.194, 'm4-1': 0.758}",0.47400000000000375,28.174,inf,28.332,28.332,28.332
253,TT1,BESTEFFORT,MISSED,m1-1,23.283,"{'m1-1': 2.24, 'm2-1': 1.874, 'm3-1': 3.747, 'm4-1': 0.633}",1.0816000000000032,27.607,inf,28.283,28.283,28.283
254,TT4,BESTEFFORT,MISSED,m4-1,23.296,"{'m1-1': 1.898, 'm2-1': 1.829, 'm3-1': 4.126, 'm4-1': 1.016}",0.7619999999999987,27.788,inf,28.296,28.296,28.296
255,TT1,BESTEFFORT,MISSED,m1-1,23.426,"{'m1-1': 2.436, 'm2-1': 1.811, 'm3-1': 3.881, 'm4-1': 0.685}",0.22879999999999542,28.283,inf,28.426,28.426,28.426
256,TT2,BESTEFFORT,MISSED,m3-1,23.531,"{'m1-1': 1.954, 'm2-1': 1.886, 'm3-1': 5.06, 'm4-1': 1.008}",1.9601999999999975,27.542,inf,28.631,28.631,28.631
257,TT2,BESTEFFORT,MISSED,m4-1,23.608,"{'m1-1': 2.306, 'm2-1': 1.847, 'm3-1': 3.731, 'm4-1': 0.964}",0.6179999999999986,28.296,inf,28.708,28.708,28.708
258,TT1,BESTEFFORT,MISSED,m2-1,23.776,"{'m1-1': 2.621, 'm2-1': 1.803, 'm3-1': 4.781, 'm4-1': 0.782}",1.3319999999999972,28.332,inf,28.776,28.776,28.776
259,TT4,BESTEFFORT,MISSED,m3-1,23.991,"{'m1-1': 2.268, 'm2-1': 1.637, 'm3-1': 3.884, 'm4-1': 1.013}",0.647999999999999,28.631,inf,28.991,28.991,28.991
260,TT1,BESTEFFORT,MISSED,m3-1,24.002,"{'m1-1': 2.192, 'm2-1': 1.958, 'm3-1': 3.659, 'm4-1': 0.837}",0.01979999999999862,28.991,inf,29.002,29.002,29.002
261,TT1,BESTEFFORT,MISSED,m1-1,24.067,"{'m1-1': 2.074, 'm2-1': 1.582, 'm3-1': 4.61, 'm4-1': 0.623}",1.025600000000003,28.426,inf,29.067,29.067,29.067
262,TT3,BESTEFFORT,MISSED,m4-1,24.123,"{'m1-1': 2.108, 'm2-1': 1.564, 'm3-1': 5.783, 'm4-1': 1.015}",0.922500000000003,28.708,inf,29.323,29.323,29.323
263,TT2,BESTEFFORT,MISSED,m2-1,24.135,"{'m1-1': 2.473, 'm2-1': 1.869, 'm3-1': 4.275, 'm4-1': 0.756}",1.376999999999999,28.776,inf,29.235,29.235,29.235
264,TT3,BESTEFFORT,MISSED,m3-1,24.227,"{'m1-1': 1.801, 'm2-1': 1.567, 'm3-1': 4.522, 'm4-1': 0.985}",0.7650000000000013,29.002,inf,29.427,29.427,29.427
265,TT4,BESTEFFORT,MISSED,m1-1,24.642,"{'m1-1': 1.928, 'm2-1': 1.894, 'm3-1': 4.908, 'm4-1': 0.789}",0.9199999999999989,29.067,inf,29.642,29.642,29.642
266,TT3,BESTEFFORT,MISSED,m4-1,24.813,"{'m1-1': 2.083, 'm2-1': 1.372, 'm3-1': 5.215, 'm4-1': 0.958}",1.0349999999999966,29.323,inf,30.012999999999998,30.012999999999998,30.012999999999998
267,TT3,BESTEFFORT,MISSED,m2-1,24.838,"{'m1-1': 1.843, 'm2-1': 1.526, 'm3-1': 5.174, 'm4-1': 0.898}",2.4090000000000025,29.235,inf,30.038,30.038,30.038
268,TT3,BESTEFFORT,MISSED,m1-1,24.856,"{'m1-1': 1.843, 'm2-1': 1.436, 'm3-1': 5.107, 'm4-1': 0.82}",0.6624000000000024,29.642,inf,30.056,30.056,30.056
269,TT3,BESTEFFORT,MISSED,m1-1,24.931,"{'m1-1': 2.422, 'm2-1': 1.406, 'm3-1': 5.7, 'm4-1': 0.751}",0.11999999999999887,30.056,inf,30.131,30.131,30.131
270,TT4,BESTEFFORT,MISSED,m4-1,25.084,"{'m1-1': 2.368, 'm2-1': 1.578, 'm3-1': 4.896, 'm4-1': 0.847}",0.10650000000000226,30.012999999999998,inf,30.084,30.084,30.084
271,TT4,BESTEFFORT,MISSED,m2-1,25.09,"{'m1-1': 2.142, 'm2-1': 1.449, 'm3-1': 3.693, 'm4-1': 0.817}",0.1559999999999988,30.038,inf,30.09,30.09,30.09
272,TT3,BESTEFFORT,MISSED,m4-1,25.629,"{'m1-1': 1.81, 'm2-1': 1.351, 'm3-1': 4.811, 'm4-1': 0.988}",1.1175000000000015,30.084,inf,30.829,30.829,30.829
273,TT1,BESTEFFORT,MISSED,m3-1,25.713,"{'m1-1': 2.278, 'm2-1': 1.844, 'm3-1': 3.659, 'm4-1': 0.826}",2.3148000000000026,29.427,inf,30.713,30.713,30.713
274,TT4,BESTEFFORT,MISSED,m2-1,25.974,"{'m1-1': 2.093, 'm2-1': 1.644, 'm3-1': 3.721, 'm4-1': 0.978}",2.652000000000001,30.09,inf,30.974,30.974,30.974
275,TT3,BESTEFFORT,MISSED,m3-1,25.986,"{'m1-1': 2.029, 'm2-1': 1.642, 'm3-1': 4.327, 'm4-1': 0.855}",0.8513999999999982,30.713,inf,31.186,31.186,31.186
276,TT2,BESTEFFORT,MISSED,m1-1,26.245,"{'m1-1': 1.992, 'm2-1': 1.739, 'm3-1': 4.793, 'm4-1': 0.999}",1.942399999999998,30.131,inf,31.345,31.345,31.345
277,TT1,BESTEFFORT,MISSED,m3-1,26.282,"{'m1-1': 2.092, 'm2-1': 1.565, 'm3-1': 4.406, 'm4-1': 0.677}",0.17280000000000015,31.186,inf,31.282,31.282,31.282
278,TT2,BESTEFFORT,MISSED,m2-1,26.355,"{'m1-1': 2.298, 'm2-1': 1.886, 'm3-1': 4.24, 'm4-1': 0.902}",1.4429999999999943,30.974,inf,31.455,31.455,31.455
279,TT3,BESTEFFORT,MISSED,m3-1,26.374,"{'m1-1': 2.192, 'm2-1': 1.693, 'm3-1': 5.095, 'm4-1': 0.898}",0.5255999999999965,31.282,inf,31.573999999999998,31.573999999999998,31.573999999999998
280,TT2,BESTEFFORT,MISSED,m4-1,26.424,"{'m1-1': 2.266, 'm2-1': 2.025, 'm3-1': 4.041, 'm4-1': 0.954}",1.0425000000000004,30.829,inf,31.524,31.524,31.524
281,TT3,BESTEFFORT,MISSED,m1-1,26.453,"{'m1-1': 2.329, 'm2-1': 1.479, 'm3-1': 5.396, 'm4-1': 0.734}",0.49279999999999974,31.345,inf,31.653,31.653,31.653
282,TT3,BESTEFFORT,MISSED,m4-1,26.503,"{'m1-1': 2.418, 'm2-1': 1.502, 'm3-1': 5.873, 'm4-1': 0.772}",0.26849999999999774,31.524,inf,31.703,31.703,31.703
283,TT1,BESTEFFORT,MISSED,m2-1,26.782,"{'m1-1': 1.858, 'm2-1': 1.821, 'm3-1': 4.562, 'm4-1': 0.837}",0.9810000000000052,31.455,inf,31.782,31.782,31.782
284,TT4,BESTEFFORT,MISSED,m1-1,26.804,"{'m1-1': 2.074, 'm2-1': 1.821, 'm3-1': 4.764, 'm4-1': 1.043}",0.2415999999999997,31.653,inf,31.804,31.804,31.804
285,TT1,BESTEFFORT,MISSED,m4-1,26.896,"{'m1-1': 2.198, 'm2-1': 1.92, 'm3-1': 3.961, 'm4-1': 0.681}",0.2895000000000021,31.703,inf,31.896,31.896,31.896
286,TT3,BESTEFFORT,MISSED,m2-1,27.066,"{'m1-1': 2.069, 'm2-1': 1.75, 'm3-1': 5.968, 'm4-1': 0.844}",1.4519999999999946,31.782,inf,32.266,32.266,32.266
287,TT3,BESTEFFORT,MISSED,m2-1,27.275,"{'m1-1': 1.778, 'm2-1': 1.665, 'm3-1': 5.415, 'm4-1': 1.009}",0.6270000000000095,32.266,inf,32.475,32.475,32.475
288,TT4,BESTEFFORT,MISSED,m1-1,27.294,"{'m1-1': 1.785, 'm2-1': 1.859, 'm3-1': 4.771, 'm4-1': 0.853}",0.7839999999999976,31.804,inf,32.294,32.294,32.294
289,TT1,BESTEFFORT,MISSED,m3-1,27.414,"{'m1-1': 1.878, 'm2-1': 1.877, 'm3-1': 4.108, 'm4-1': 0.742}",1.5120000000000062,31.573999999999998,inf,32.414,32.414,32.414
290,TT1,BESTEFFORT,MISSED,m4-1,27.431,"{'m1-1': 2.467, 'm2-1': 1.608, 'm3-1': 4.373, 'm4-1': 0.821}",0.8024999999999949,31.896,inf,32.431,32.431,32.431
291,TT3,BESTEFFORT,MISSED,m3-1,27.461,"{'m1-1': 1.745, 'm2-1': 1.727, 'm3-1': 5.929, 'm4-1': 0.923}",0.18179999999999838,32.56,inf,32.661,32.661,32.661
292,TT1,BESTEFFORT,MISSED,m3-1,27.56,"{'m1-1': 2.462, 'm2-1': 1.931, 'm3-1': 3.846, 'm4-1': 0.64}",0.2628000000000014,32.414,inf,32.56,32.56,32.56
293,TT4,BESTEFFORT,MISSED,m1-1,27.747,"{'m1-1': 2.402, 'm2-1': 1.726, 'm3-1': 3.976, 'm4-1': 0.894}",0.7248000000000048,32.294,inf,32.747,32.747,32.747
294,TT2,BESTEFFORT,MISSED,m2-1,27.934,"{'m1-1': 1.885, 'm2-1': 1.528, 'm3-1': 3.658, 'm4-1': 0.987}",1.6769999999999925,32.475,inf,33.034,33.034,33.034
295,TT1,BESTEFFORT,MISSED,m4-1,28.034,"{'m1-1': 2.539, 'm2-1': 1.758, 'm3-1': 3.667, 'm4-1': 0.707}",0.9045000000000023,32.431,inf,33.034,33.034,33.034
296,TT4,BESTEFFORT,MISSED,m3-1,28.089,"{'m1-1': 2.042, 'm2-1': 1.355, 'm3-1': 4.822, 'm4-1': 1.038}",0.7703999999999951,32.661,inf,33.089,33.089,33.089
297,TT2,BESTEFFORT,MISSED,m1-1,28.174,"{'m1-1': 2.631, 'm2-1': 1.863, 'm3-1': 4.149, 'm4-1': 0.782}",0.8432000000000017,32.747,inf,33.274,33.274,33.274
298,TT3,BESTEFFORT,MISSED,m4-1,28.263,"{'m1-1': 2.369, 'm2-1': 1.701, 'm3-1': 4.309, 'm4-1': 0.971}",0.6435000000000031,33.034,inf,33.463,33.463,33.463
299,TT3,BESTEFFORT,MISSED,m4-1,28.343,"{'m1-1': 2.43, 'm2-1': 1.727, 'm3-1': 5.838, 'm4-1': 0.869}",0.11999999999999744,33.463,inf,33.543,33.543,33.543
300,TT2,BESTEFFORT,MISSED,m2-1,28.379,"{'m1-1': 2.23, 'm2-1': 1.733, 'm3-1': 4.152, 'm4-1': 0.806}",1.3350000000000009,33.034,inf,33.479,33.479,33.479
301,TT3,BESTEFFORT,MISSED,m2-1,28.413,"{'m1-1': 1.731, 'm2-1': 1.767, 'm3-1': 4.817, 'm4-1': 0.738}",0.402000000000001,33.479,inf,33.613,33.613,33.613
302,TT1,BESTEFFORT,MISSED,m1-1,28.516,"{'m1-1': 2.31, 'm2-1': 1.984, 'm3-1': 3.675, 'm4-1': 0.611}",0.38719999999999577,33.274,inf,33.516,33.516,33.516
303,TT1,BESTEFFORT,MISSED,m1-1,28.613,"{'m1-1': 2.327, 'm2-1': 1.432, 'm3-1': 3.854, 'm4-1': 0.751}",0.15520000000000211,33.516,inf,33.613,33.613,33.613
304,TT3,BESTEFFORT,MISSED,m4-1,28.849,"{'m1-1': 2.249, 'm2-1': 1.685, 'm3-1': 5.616, 'm4-1': 0.788}",0.7590000000000003,33.543,inf,34.049,34.049,34.049
305,TT2,BESTEFFORT,MISSED,m3-1,28.907,"{'m1-1': 2.013, 'm2-1': 1.987, 'm3-1': 3.921, 'm4-1': 0.796}",1.6523999999999988,33.089,inf,34.007,34.007,34.007
306,TT1,BESTEFFORT,MISSED,m2-1,29.422,"{'m1-1': 2.45, 'm2-1': 1.668, 'm3-1': 4.457, 'm4-1': 0.768}",2.4269999999999925,33.613,inf,34.422,34.422,34.422
307,TT1,BESTEFFORT,MISSED,m3-1,29.707,"{'m1-1': 1.958, 'm2-1': 1.489, 'm3-1': 4.322, 'm4-1': 0.739}",1.2600000000000051,34.007,inf,34.707,34.707,34.707
308,TT1,BESTEFFORT,MISSED,m3-1,29.711,"{'m1-1': 1.95, 'm2-1': 1.585, 'm3-1': 3.854, 'm4-1': 0.761}",0.00719999999999601,34.707,inf,34.711,34.711,34.711
309,TT4,BESTEFFORT,MISSED,m1-1,29.732,"{'m1-1': 2.116, 'm2-1': 1.861, 'm3-1': 4.916, 'm4-1': 0.967}",1.7903999999999998,33.613,inf,34.732,34.732,34.732
310,TT3,BESTEFFORT,MISSED,m2-1,29.891,"{'m1-1': 2.211, 'm2-1': 1.469, 'm3-1': 5.081, 'm4-1': 0.85}",2.007000000000012,34.422,inf,35.091,35.091,35.091
311,TT2,BESTEFFORT,COMPLETED,m4-1,29.905,"{'m1-1': 1.903, 'm2-1': 1.691, 'm3-1': 4.245, 'm4-1': 0.944}",1.416,34.049,34.993,inf,35.005,35.005
312,TT3,BESTEFFORT,MISSED,m1-1,29.988,"{'m1-1': 1.989, 'm2-1': 1.377, 'm3-1': 4.974, 'm4-1': 0.967}",0.7296000000000049,34.732,inf,35.188,35.188,35.188
313,TT3,BESTEFFORT,MISSED,m4-1,30.029,"{'m1-1': 2.26, 'm2-1': 1.658, 'm3-1': 4.714, 'm4-1': 0.765}",0.35399999999999565,34.993,inf,35.229,35.229,35.229
314,TT2,BESTEFFORT,MISSED,m3-1,30.056,"{'m1-1': 2.364, 'm2-1': 2.02, 'm3-1': 3.835, 'm4-1': 0.984}",0.8010000000000005,34.711,inf,35.156,35.156,35.156
315,TT2,BESTEFFORT,MISSED,m2-1,30.139,"{'m1-1': 2.172, 'm2-1': 1.694, 'm3-1': 4.229, 'm4-1': 0.725}",0.4439999999999884,35.091,inf,35.239,35.239,35.239
316,TT2,BESTEFFORT,MISSED,m4-1,30.32,"{'m1-1': 2.263, 'm2-1': 1.561, 'm3-1': 4.597, 'm4-1': 0.948}",0.28650000000000375,35.229,inf,35.42,35.42,35.42
317,TT3,BESTEFFORT,MISSED,m2-1,30.382,"{'m1-1': 2.03, 'm2-1': 1.55, 'm3-1': 4.646, 'm4-1': 0.879}",1.0290000000000106,35.239,inf,35.582,35.582,35.582
318,TT1,BESTEFFORT,MISSED,m1-1,30.396,"{'m1-1': 2.075, 'm2-1': 1.896, 'm3-1': 3.756, 'm4-1': 0.861}",0.3327999999999975,35.188,inf,35.396,35.396,35.396
319,TT1,BESTEFFORT,MISSED,m1-1,30.61,"{'m1-1': 1.983, 'm2-1': 1.855, 'm3-1': 4.74, 'm4-1': 0.617}",0.3423999999999978,35.396,inf,35.61,35.61,35.61
320,TT3,BESTEFFORT,MISSED,m4-1,30.64,"{'m1-1': 1.96, 'm2-1': 1.603, 'm3-1': 5.793, 'm4-1': 0.86}",0.6300000000000026,35.42,inf,35.84,35.84,35.84
321,TT4,BESTEFFORT,MISSED,m3-1,30.657,"{'m1-1': 2.006, 'm2-1': 1.643, 'm3-1': 4.773, 'm4-1': 0.927}",0.9017999999999958,35.156,inf,35.657,35.657,35.657
322,TT1,BESTEFFORT,MISSED,m2-1,30.932,"{'m1-1': 2.088, 'm2-1': 1.8, 'm3-1': 4.267, 'm4-1': 0.659}",1.0500000000000043,35.582,inf,35.932,35.932,35.932
323,TT4,BESTEFFORT,MISSED,m3-1,30.986,"{'m1-1': 1.852, 'm2-1': 1.555, 'm3-1': 4.512, 'm4-1': 0.977}",0.5922000000000139,35.657,inf,35.986000000000004,35.986000000000004,35.986000000000004
324,TT1,BESTEFFORT,MISSED,m3-1,31.204,"{'m1-1': 2.593, 'm2-1': 1.836, 'm3-1': 4.214, 'm4-1': 0.817}",0.3923999999999936,35.986000000000004,inf,36.204,36.204,36.204
325,TT1,BESTEFFORT,MISSED,m1-1,31.321,"{'m1-1': 2.482, 'm2-1': 1.44, 'm3-1': 4.596, 'm4-1': 0.719}",1.1375999999999977,35.61,inf,36.321,36.321,36.321
326,TT4,BESTEFFORT,MISSED,m4-1,31.473,"{'m1-1': 1.925, 'm2-1': 1.515, 'm3-1': 4.993, 'm4-1': 0.916}",0.9494999999999933,35.84,inf,36.473,36.473,36.473
327,TT1,BESTEFFORT,MISSED,m2-1,31.476,"{'m1-1': 1.965, 'm2-1': 1.844, 'm3-1': 3.878, 'm4-1': 0.85}",1.6319999999999908,35.932,inf,36.476,36.476,36.476
328,TT3,BESTEFFORT,MISSED,m3-1,31.534,"{'m1-1': 2.271, 'm2-1': 1.575, 'm3-1': 4.709, 'm4-1': 0.905}",0.9540000000000021,36.204,inf,36.734,36.734,36.734
329,TT2,BESTEFFORT,MISSED,m1-1,31.753,"{'m1-1': 2.007, 'm2-1': 1.887, 'm3-1': 4.406, 'm4-1': 0.803}",0.8512000000000057,36.321,inf,36.853,36.853,36.853
330,TT3,BESTEFFORT,MISSED,m2-1,31.822,"{'m1-1': 1.928, 'm2-1': 1.725, 'm3-1': 4.252, 'm4-1': 0.719}",1.6379999999999981,36.476,inf,37.022,37.022,37.022
331,TT4,BESTEFFORT,MISSED,m4-1,31.896,"{'m1-1': 2.276, 'm2-1': 1.368, 'm3-1': 4.932, 'm4-1': 0.871}",0.6345000000000027,36.473,inf,36.896,36.896,36.896
332,TT3,BESTEFFORT,MISSED,m1-1,32.11,"{'m1-1': 2.157, 'm2-1': 1.71, 'm3-1': 4.452, 'm4-1': 0.878}",0.7312000000000012,36.853,inf,37.31,37.31,37.31
333,TT2,BESTEFFORT,MISSED,m2-1,32.461,"{'m1-1': 2.381, 'm2-1': 1.943, 'm3-1': 5.087, 'm4-1': 1.015}",1.6170000000000044,37.022,inf,37.561,37.561,37.561
334,TT1,BESTEFFORT,MISSED,m4-1,32.51,"{'m1-1': 2.5, 'm2-1': 1.623, 'm3-1': 4.001, 'm4-1': 0.741}",0.9209999999999958,36.896,inf,37.51,37.51,37.51
335,TT2,BESTEFFORT,MISSED,m3-1,32.645,"{'m1-1': 2.548, 'm2-1': 1.875, 'm3-1': 4.44, 'm4-1': 0.946}",1.819800000000005,36.734,inf,37.745000000000005,37.745000000000005,37.745000000000005
336,TT3,BESTEFFORT,MISSED,m3-1,32.677,"{'m1-1': 2.43, 'm2-1': 1.568, 'm3-1': 4.748, 'm4-1': 0.929}",0.23759999999999623,37.745000000000005,inf,37.877,37.877,37.877
337,TT1,BESTEFFORT,MISSED,m1-1,32.688,"{'m1-1': 2.094, 'm2-1': 1.603, 'm3-1': 3.803, 'm4-1': 0.648}",0.6048000000000002,37.31,inf,37.688,37.688,37.688
338,TT4,BESTEFFORT,MISSED,m4-1,32.781,"{'m1-1': 1.955, 'm2-1': 1.357, 'm3-1': 4.095, 'm4-1': 0.76}",0.4065000000000012,37.51,inf,37.781,37.781,37.781
339,TT4,BESTEFFORT,MISSED,m2-1,32.815,"{'m1-1': 2.322, 'm2-1': 1.599, 'm3-1': 4.68, 'm4-1': 0.855}",0.7619999999999933,37.561,inf,37.815,37.815,37.815
340,TT3,BESTEFFORT,MISSED,m1-1,32.906,"{'m1-1': 2.307, 'm2-1': 1.58, 'm3-1': 5.345, 'm4-1': 0.977}",0.6687999999999988,37.688,inf,38.106,38.106,38.106
341,TT2,BESTEFFORT,MISSED,m3-1,32.934,"{'m1-1': 2.443, 'm2-1': 1.932, 'm3-1': 4.582, 'm4-1': 0.938}",0.2825999999999937,37.877,inf,38.034,38.034,38.034
342,TT4,BESTEFFORT,MISSED,m4-1,33.237,"{'m1-1': 2.179, 'm2-1': 1.478, 'm3-1': 3.877, 'm4-1': 0.975}",0.6840000000000046,37.781,inf,38.237,38.237,38.237
343,TT3,BESTEFFORT,MISSED,m2-1,33.388,"{'m1-1': 2.293, 'm2-1': 1.6, 'm3-1': 5.488, 'm4-1': 0.857}",2.3190000000000097,37.815,inf,38.588,38.588,38.588
344,TT4,BESTEFFORT,MISSED,m3-1,33.768,"{'m1-1': 1.915, 'm2-1': 1.409, 'm3-1': 4.293, 'm4-1': 0.757}",1.3212000000000033,38.034,inf,38.768,38.768,38.768
345,TT2,BESTEFFORT,MISSED,m2-1,33.777,"{'m1-1': 2.566, 'm2-1': 1.599, 'm3-1': 4.962, 'm4-1': 0.754}",0.8670000000000044,38.588,inf,38.877,38.877,38.877
346,TT1,BESTEFFORT,MISSED,m1-1,33.823,"{'m1-1': 2.321, 'm2-1': 1.549, 'm3-1': 4.611, 'm4-1': 0.612}",1.147199999999998,38.106,inf,38.823,38.823,38.823
347,TT1,BESTEFFORT,MISSED,m4-1,33.876,"{'m1-1': 2.223, 'm2-1': 1.562, 'm3-1': 4.647, 'm4-1': 0.716}",0.9584999999999937,38.237,inf,38.876,38.876,38.876
348,TT1,BESTEFFORT,MISSED,m1-1,34.167,"{'m1-1': 2.162, 'm2-1': 1.848, 'm3-1': 3.997, 'm4-1': 0.759}",0.5504000000000019,38.823,inf,39.167,39.167,39.167
349,TT3,BESTEFFORT,MISSED,m4-1,34.246,"{'m1-1': 1.862, 'm2-1': 1.786, 'm3-1': 4.655, 'm4-1': 0.897}",0.8550000000000111,38.876,inf,39.446000000000005,39.446000000000005,39.446000000000005
350,TT1,BESTEFFORT,MISSED,m2-1,34.526,"{'m1-1': 2.228, 'm2-1': 1.479, 'm3-1': 4.177, 'm4-1': 0.789}",1.9470000000000027,38.877,inf,39.526,39.526,39.526
351,TT4,BESTEFFORT,MISSED,m1-1,34.637,"{'m1-1': 1.95, 'm2-1': 1.342, 'm3-1': 3.657, 'm4-1': 0.87}",0.7519999999999982,39.167,inf,39.637,39.637,39.637
352,TT1,BESTEFFORT,MISSED,m3-1,34.747,"{'m1-1': 2.197, 'm2-1': 1.735, 'm3-1': 4.35, 'm4-1': 0.633}",1.7621999999999987,38.768,inf,39.747,39.747,39.747
353,TT3,BESTEFFORT,MISSED,m2-1,34.769,"{'m1-1': 2.057, 'm2-1': 1.504, 'm3-1': 4.409, 'm4-1': 0.868}",1.3289999999999935,39.526,inf,39.969,39.969,39.969
354,TT1,BESTEFFORT,MISSED,m4-1,34.962,"{'m1-1': 2.35, 'm2-1': 1.927, 'm3-1': 4.687, 'm4-1': 0.612}",0.7739999999999974,39.446000000000005,inf,39.962,39.962,39.962
355,TT1,BESTEFFORT,MISSED,m3-1,35.015,"{'m1-1': 2.213, 'm2-1': 1.715, 'm3-1': 4.411, 'm4-1': 0.766}",0.4824000000000012,39.747,inf,40.015,40.015,40.015
356,TT3,BESTEFFORT,MISSED,m4-1,35.232,"{'m1-1': 1.726, 'm2-1': 1.488, 'm3-1': 5.844, 'm4-1': 0.963}",0.7049999999999983,39.962,inf,40.432,40.432,40.432
357,TT2,BESTEFFORT,MISSED,m1-1,35.281,"{'m1-1': 2.371, 'm2-1': 1.944, 'm3-1': 4.631, 'm4-1': 0.817}",1.1903999999999997,39.637,inf,40.381,40.381,40.381
358,TT3,BESTEFFORT,MISSED,m2-1,35.282,"{'m1-1': 1.763, 'm2-1': 1.417, 'm3-1': 5.333, 'm4-1': 0.817}",1.5389999999999944,39.969,inf,40.482,40.482,40.482
359,TT4,BESTEFFORT,MISSED,m3-1,35.356,"{'m1-1': 2.14, 'm2-1': 1.468, 'm3-1': 3.781, 'm4-1': 1.036}",0.613800000000002,40.015,inf,40.356,40.356,40.356
360,TT4,BESTEFFORT,MISSED,m3-1,35.494,"{'m1-1': 1.857, 'm2-1': 1.489, 'm3-1': 4.929, 'm4-1': 0.954}",0.24839999999999662,40.356,inf,40.494,40.494,40.494
361,TT1,BESTEFFORT,MISSED,m1-1,35.526,"{'m1-1': 2.315, 'm2-1': 1.553, 'm3-1': 3.773, 'm4-1': 0.675}",0.232000000000005,40.381,inf,40.526,40.526,40.526
362,TT3,BESTEFFORT,MISSED,m4-1,35.854,"{'m1-1': 2.331, 'm2-1': 1.286, 'm3-1': 5.197, 'm4-1': 0.947}",0.11100000000000776,40.98,inf,41.054,41.054,41.054
363,TT1,BESTEFFORT,MISSED,m4-1,35.98,"{'m1-1': 2.022, 'm2-1': 1.703, 'm3-1': 4.71, 'm4-1': 0.801}",0.8219999999999921,40.432,inf,40.98,40.98,40.98
364,TT4,BESTEFFORT,MISSED,m2-1,36.012,"{'m1-1': 1.989, 'm2-1': 1.411, 'm3-1': 4.554, 'm4-1': 1.043}",1.5900000000000034,40.482,inf,41.012,41.012,41.012
365,TT4,BESTEFFORT,MISSED,m1-1,36.023,"{'m1-1': 2.156, 'm2-1': 1.731, 'm3-1': 4.9, 'm4-1': 0.997}",0.7951999999999999,40.526,inf,41.023,41.023,41.023
366,TT1,BESTEFFORT,MISSED,m2-1,36.086,"{'m1-1': 1.94, 'm2-1': 1.676, 'm3-1': 4.352, 'm4-1': 0.847}",0.2219999999999942,41.012,inf,41.086,41.086,41.086
367,TT1,BESTEFFORT,MISSED,m1-1,36.211,"{'m1-1': 2.179, 'm2-1': 1.439, 'm3-1': 3.726, 'm4-1': 0.649}",0.30079999999999246,41.023,inf,41.211,41.211,41.211
368,TT4,BESTEFFORT,MISSED,m3-1,36.274,"{'m1-1': 2.121, 'm2-1': 1.437, 'm3-1': 4.901, 'm4-1': 0.81}",1.4040000000000021,40.494,inf,41.274,41.274,41.274
369,TT4,BESTEFFORT,MISSED,m4-1,36.581,"{'m1-1': 1.771, 'm2-1': 1.386, 'm3-1': 3.838, 'm4-1': 0.788}",0.7905000000000015,41.054,inf,41.581,41.581,41.581
370,TT1,BESTEFFORT,MISSED,m2-1,36.585,"{'m1-1': 2.574, 'm2-1': 1.893, 'm3-1': 4.235, 'm4-1': 0.751}",1.497000000000007,41.086,inf,41.585,41.585,41.585
371,TT4,BESTEFFORT,MISSED,m3-1,36.684,"{'m1-1': 1.949, 'm2-1': 1.799, 'm3-1': 3.75, 'm4-1': 0.792}",0.7379999999999939,41.274,inf,41.684,41.684,41.684
372,TT4,BESTEFFORT,MISSED,m3-1,36.861,"{'m1-1': 1.853, 'm2-1': 1.864, 'm3-1': 5.034, 'm4-1': 1.057}",0.3185999999999993,41.684,inf,41.861,41.861,41.861
373,TT1,BESTEFFORT,MISSED,m1-1,36.869,"{'m1-1': 2.244, 'm2-1': 1.869, 'm3-1': 4.529, 'm4-1': 0.659}",1.052800000000002,41.211,inf,41.869,41.869,41.869
374,TT1,BESTEFFORT,MISSED,m4-1,36.874,"{'m1-1': 1.97, 'm2-1': 1.615, 'm3-1': 4.873, 'm4-1': 0.68}",0.4394999999999989,41.581,inf,41.874,41.874,41.874
375,TT1,BESTEFFORT,MISSED,m2-1,36.904,"{'m1-1': 2.497, 'm2-1': 1.769, 'm3-1': 4.076, 'm4-1': 0.667}",0.9570000000000078,41.585,inf,41.904,41.904,41.904
376,TT2,BESTEFFORT,MISSED,m1-1,36.948,"{'m1-1': 2.558, 'm2-1': 2.068, 'm3-1': 3.707, 'm4-1': 0.967}",0.28640000000000326,41.869,inf,42.048,42.048,42.048
377,TT3,BESTEFFORT,MISSED,m4-1,36.987,"{'m1-1': 2.038, 'm2-1': 1.386, 'm3-1': 5.514, 'm4-1': 0.724}",0.4695000000000036,41.874,inf,42.187000000000005,42.187000000000005,42.187000000000005
378,TT4,BESTEFFORT,MISSED,m3-1,37.04,"{'m1-1': 2.176, 'm2-1': 1.668, 'm3-1': 4.842, 'm4-1': 0.833}",0.3222000000000037,41.861,inf,42.04,42.04,42.04
379,TT2,BESTEFFORT,MISSED,m2-1,37.1,"{'m1-1': 1.891, 'm2-1': 1.722, 'm3-1': 4.651, 'm4-1': 0.822}",0.8879999999999981,41.904,inf,42.2,42.2,42.2
380,TT1,BESTEFFORT,MISSED,m1-1,37.219,"{'m1-1': 2.23, 'm2-1': 1.737, 'm3-1': 4.999, 'm4-1': 0.786}",0.273599999999999,42.048,inf,42.219,42.219,42.219
381,TT2,BESTEFFORT,MISSED,m4-1,37.316,"{'m1-1': 2.27, 'm2-1': 1.991, 'm3-1': 5.101, 'm4-1': 0.803}",0.3434999999999988,42.187000000000005,inf,42.416000000000004,42.416000000000004,42.416000000000004
382,TT1,BESTEFFORT,MISSED,m2-1,37.439,"{'m1-1': 2.531, 'm2-1': 1.815, 'm3-1': 4.516, 'm4-1': 0.816}",0.7169999999999916,42.2,inf,42.439,42.439,42.439
383,TT3,BESTEFFORT,MISSED,m3-1,37.711,"{'m1-1': 2.031, 'm2-1': 1.718, 'm3-1': 4.452, 'm4-1': 0.774}",1.567800000000004,42.04,inf,42.911,42.911,42.911
384,TT1,BESTEFFORT,MISSED,m1-1,37.717,"{'m1-1': 1.879, 'm2-1': 1.687, 'm3-1': 4.204, 'm4-1': 0.742}",0.7967999999999962,42.219,inf,42.717,42.717,42.717
385,TT3,BESTEFFORT,MISSED,m4-1,37.72,"{'m1-1': 2.333, 'm2-1': 1.581, 'm3-1': 5.294, 'm4-1': 0.878}",0.7559999999999967,42.416000000000004,inf,42.92,42.92,42.92
386,TT3,BESTEFFORT,MISSED,m3-1,37.935,"{'m1-1': 2.389, 'm2-1': 1.557, 'm3-1': 4.663, 'm4-1': 0.977}",0.4032000000000068,42.911,inf,43.135000000000005,43.135000000000005,43.135000000000005
387,TT4,BESTEFFORT,MISSED,m2-1,37.984,"{'m1-1': 2.28, 'm2-1': 1.684, 'm3-1': 4.066, 'm4-1': 0.847}",1.6350000000000051,42.439,inf,42.984,42.984,42.984
388,TT3,BESTEFFORT,MISSED,m3-1,38.039,"{'m1-1': 1.81, 'm2-1': 1.307, 'm3-1': 5.337, 'm4-1': 0.868}",0.18719999999999856,43.135000000000005,inf,43.239000000000004,43.239000000000004,43.239000000000004
389,TT3,BESTEFFORT,MISSED,m3-1,38.323,"{'m1-1': 1.887, 'm2-1': 1.548, 'm3-1': 5.622, 'm4-1': 0.944}",0.5111999999999981,43.239000000000004,inf,43.523,43.523,43.523
390,TT4,BESTEFFORT,MISSED,m1-1,38.346,"{'m1-1': 2.063, 'm2-1': 1.666, 'm3-1': 4.018, 'm4-1': 0.765}",1.0063999999999964,42.717,inf,43.346,43.346,43.346
391,TT4,BESTEFFORT,MISSED,m4-1,38.397,"{'m1-1': 1.744, 'm2-1': 1.502, 'm3-1': 4.662, 'm4-1': 1.031}",0.7154999999999951,42.92,inf,43.397,43.397,43.397
392,TT2,BESTEFFORT,MISSED,m2-1,38.422,"{'m1-1': 2.048, 'm2-1': 2.071, 'm3-1': 4.253, 'm4-1': 0.936}",1.61399999999999,42.984,inf,43.522,43.522,43.522
393,TT4,BESTEFFORT,MISSED,m1-1,38.546,"{'m1-1': 2.45, 'm2-1': 1.652, 'm3-1': 4.898, 'm4-1': 1.041}",0.32000000000000456,43.346,inf,43.546,43.546,43.546
394,TT2,BESTEFFORT,MISSED,m4-1,38.572,"{'m1-1': 2.054, 'm2-1': 2.007, 'm3-1': 4.062, 'm4-1': 0.745}",0.4125000000000085,43.397,inf,43.672000000000004,43.672000000000004,43.672000000000004
395,TT2,BESTEFFORT,MISSED,m2-1,38.789,"{'m1-1': 2.232, 'm2-1': 2.009, 'm3-1': 4.638, 'm4-1': 0.843}",1.1010000000000133,43.522,inf,43.889,43.889,43.889
396,TT2,BESTEFFORT,MISSED,m1-1,38.862,"{'m1-1': 2.466, 'm2-1': 1.662, 'm3-1': 4.641, 'm4-1': 0.852}",0.6656000000000063,43.546,inf,43.962,43.962,43.962
397,TT1,BESTEFFORT,MISSED,m4-1,39.0,"{'m1-1': 1.868, 'm2-1': 1.845, 'm3-1': 4.515, 'm4-1': 0.618}",0.4919999999999938,43.672000000000004,inf,44.0,44.0,44.0
398,TT3,BESTEFFORT,MISSED,m3-1,39.048,"{'m1-1': 1.923, 'm2-1': 1.504, 'm3-1': 5.115, 'm4-1': 0.909}",0.0108000000000132,44.242,inf,44.248000000000005,44.248000000000005,44.248000000000005
399,TT4,BESTEFFORT,MISSED,m2-1,39.052,"{'m1-1': 2.314, 'm2-1': 1.503, 'm3-1': 4.171, 'm4-1': 0.86}",0.4889999999999901,43.889,inf,44.052,44.052,44.052
400,TT3,BESTEFFORT,MISSED,m1-1,39.057,"{'m1-1': 1.773, 'm2-1': 1.607, 'm3-1': 4.805, 'm4-1': 0.981}",0.26720000000000255,44.09,inf,44.257000000000005,44.257000000000005,44.257000000000005
401,TT4,BESTEFFORT,MISSED,m1-1,39.09,"{'m1-1': 1.779, 'm2-1': 1.877, 'm3-1': 4.917, 'm4-1': 1.041}",0.2048000000000002,43.962,inf,44.09,44.09,44.09
402,TT4,BESTEFFORT,MISSED,m3-1,39.151,"{'m1-1': 1.784, 'm2-1': 1.584, 'm3-1': 3.682, 'm4-1': 0.792}",1.1304000000000003,43.523,inf,44.151,44.151,44.151
403,TT4,BESTEFFORT,MISSED,m4-1,39.206,"{'m1-1': 1.803, 'm2-1': 1.811, 'm3-1': 3.765, 'm4-1': 1.061}",0.3090000000000046,44.0,inf,44.206,44.206,44.206
404,TT4,BESTEFFORT,MISSED,m2-1,39.215,"{'m1-1': 1.828, 'm2-1': 1.513, 'm3-1': 3.657, 'm4-1': 1.07}",0.4890000000000114,44.052,inf,44.215,44.215,44.215
405,TT2,BESTEFFORT,MISSED,m4-1,39.224,"{'m1-1': 2.271, 'm2-1': 1.847, 'm3-1': 4.612, 'm4-1': 0.87}",0.1769999999999925,44.206,inf,44.324,44.324,44.324
406,TT4,BESTEFFORT,MISSED,m3-1,39.242,"{'m1-1': 2.408, 'm2-1': 1.81, 'm3-1': 4.907, 'm4-1': 1.006}",0.16379999999998915,44.151,inf,44.242,44.242,44.242
407,TT2,BESTEFFORT,MISSED,m2-1,39.36,"{'m1-1': 2.375, 'm2-1': 1.587, 'm3-1': 5.025, 'm4-1': 0.914}",0.7349999999999923,44.215,inf,44.46,44.46,44.46
408,TT3,BESTEFFORT,MISSED,m4-1,39.383,"{'m1-1': 2.124, 'm2-1': 1.531, 'm3-1': 4.863, 'm4-1': 0.96}",0.38850000000001117,44.324,inf,44.583000000000006,44.583000000000006,44.583000000000006
409,TT3,BESTEFFORT,MISSED,m2-1,39.472,"{'m1-1': 2.013, 'm2-1': 1.617, 'm3-1': 4.81, 'm4-1': 0.867}",0.6360000000000099,44.46,inf,44.672000000000004,44.672000000000004,44.672000000000004
410,TT1,BESTEFFORT,MISSED,m3-1,39.533,"{'m1-1': 1.891, 'm2-1': 1.825, 'm3-1': 4.199, 'm4-1': 0.659}",0.5129999999999939,44.248000000000005,inf,44.533,44.533,44.533
411,TT1,BESTEFFORT,MISSED,m1-1,39.573,"{'m1-1': 2.429, 'm2-1': 1.513, 'm3-1': 4.553, 'm4-1': 0.681}",0.5055999999999926,44.257000000000005,inf,44.573,44.573,44.573
412,TT2,BESTEFFORT,MISSED,m4-1,39.919,"{'m1-1': 2.285, 'm2-1': 1.934, 'm3-1': 3.82, 'm4-1': 0.839}",0.6539999999999893,44.583000000000006,inf,45.019,45.019,45.019
413,TT4,BESTEFFORT,MISSED,m1-1,39.952,"{'m1-1': 1.803, 'm2-1': 1.453, 'm3-1': 4.518, 'm4-1': 0.955}",0.6063999999999965,44.573,inf,44.952,44.952,44.952
414,TT3,BESTEFFORT,MISSED,m1-1,39.985,"{'m1-1': 1.823, 'm2-1': 1.71, 'm3-1': 4.222, 'm4-1': 0.912}",0.37280000000000657,44.952,inf,45.185,45.185,45.185
415,TT4,BESTEFFORT,MISSED,m2-1,40.048,"{'m1-1': 2.384, 'm2-1': 1.411, 'm3-1': 4.936, 'm4-1': 0.818}",1.127999999999993,44.672000000000004,inf,45.048,45.048,45.048
416,TT2,BESTEFFORT,MISSED,m3-1,40.091,"{'m1-1': 2.211, 'm2-1': 1.604, 'm3-1': 3.948, 'm4-1': 0.825}",1.1844000000000023,44.533,inf,45.191,45.191,45.191
417,TT3,BESTEFFORT,MISSED,m3-1,40.146,"{'m1-1': 1.832, 'm2-1': 1.787, 'm3-1': 5.016, 'm4-1': 0.917}",0.1134000000000043,45.283,inf,45.346000000000004,45.346000000000004,45.346000000000004
418,TT1,BESTEFFORT,MISSED,m4-1,40.225,"{'m1-1': 2.25, 'm2-1': 1.893, 'm3-1': 4.442, 'm4-1': 0.742}",0.3090000000000046,45.019,inf,45.225,45.225,45.225
419,TT1,BESTEFFORT,MISSED,m2-1,40.274,"{'m1-1': 2.354, 'm2-1': 1.797, 'm3-1': 5.098, 'm4-1': 0.703}",0.6779999999999973,45.048,inf,45.274,45.274,45.274
420,TT1,BESTEFFORT,MISSED,m3-1,40.283,"{'m1-1': 2.44, 'm2-1': 1.974, 'm3-1': 4.456, 'm4-1': 0.648}",0.16559999999999775,45.191,inf,45.283,45.283,45.283
421,TT4,BESTEFFORT,MISSED,m1-1,40.499,"{'m1-1': 1.854, 'm2-1': 1.678, 'm3-1': 4.213, 'm4-1': 1.068}",0.5024000000000001,45.185,inf,45.499,45.499,45.499
422,TT1,BESTEFFORT,MISSED,m4-1,40.796,"{'m1-1': 2.333, 'm2-1': 1.687, 'm3-1': 4.184, 'm4-1': 0.812}",0.8564999999999969,45.225,inf,45.796,45.796,45.796
423,TT1,BESTEFFORT,MISSED,m2-1,40.813,"{'m1-1': 2.233, 'm2-1': 1.73, 'm3-1': 4.582, 'm4-1': 0.672}",1.6170000000000044,45.274,inf,45.813,45.813,45.813
424,TT3,BESTEFFORT,MISSED,m1-1,40.833,"{'m1-1': 1.986, 'm2-1': 1.682, 'm3-1': 4.758, 'm4-1': 0.945}",0.8543999999999983,45.499,inf,46.033,46.033,46.033
425,TT4,BESTEFFORT,MISSED,m3-1,40.844,"{'m1-1': 2.358, 'm2-1': 1.519, 'm3-1': 4.282, 'm4-1': 0.87}",0.8963999999999956,45.346000000000004,inf,45.844,45.844,45.844
426,TT2,BESTEFFORT,MISSED,m4-1,40.968,"{'m1-1': 2.596, 'm2-1': 2.115, 'm3-1': 3.64, 'm4-1': 0.995}",0.40800000000000836,45.796,inf,46.068000000000005,46.068000000000005,46.068000000000005
427,TT2,BESTEFFORT,MISSED,m2-1,41.046,"{'m1-1': 2.629, 'm2-1': 1.698, 'm3-1': 4.265, 'm4-1': 0.983}",0.9989999999999952,45.813,inf,46.146,46.146,46.146
428,TT2,BESTEFFORT,MISSED,m1-1,41.172,"{'m1-1': 2.279, 'm2-1': 1.52, 'm3-1': 4.885, 'm4-1': 0.928}",0.3823999999999956,46.033,inf,46.272,46.272,46.272
429,TT2,BESTEFFORT,MISSED,m2-1,41.256,"{'m1-1': 2.462, 'm2-1': 1.836, 'm3-1': 3.744, 'm4-1': 0.808}",0.6300000000000026,46.146,inf,46.356,46.356,46.356
430,TT2,BESTEFFORT,MISSED,m1-1,41.297,"{'m1-1': 1.95, 'm2-1': 2.089, 'm3-1': 4.238, 'm4-1': 0.817}",0.2,46.272,inf,46.397,46.397,46.397
431,TT4,BESTEFFORT,MISSED,m4-1,41.316,"{'m1-1': 2.201, 'm2-1': 1.508, 'm3-1': 4.268, 'm4-1': 0.792}",0.37199999999999633,46.068000000000005,inf,46.316,46.316,46.316
432,TT4,BESTEFFORT,MISSED,m3-1,41.413,"{'m1-1': 1.732, 'm2-1': 1.887, 'm3-1': 4.183, 'm4-1': 0.922}",1.024199999999992,45.844,inf,46.413,46.413,46.413
433,TT4,BESTEFFORT,MISSED,m4-1,41.616,"{'m1-1': 1.97, 'm2-1': 1.764, 'm3-1': 3.769, 'm4-1': 1.032}",0.44999999999999574,46.316,inf,46.616,46.616,46.616
434,TT3,BESTEFFORT,MISSED,m3-1,41.702,"{'m1-1': 1.799, 'm2-1': 1.481, 'm3-1': 5.732, 'm4-1': 0.78}",0.8802000000000078,46.413,inf,46.902,46.902,46.902
435,TT4,BESTEFFORT,MISSED,m2-1,41.84,"{'m1-1': 2.449, 'm2-1': 1.813, 'm3-1': 3.981, 'm4-1': 0.974}",1.4520000000000053,46.356,inf,46.84,46.84,46.84
436,TT4,BESTEFFORT,MISSED,m3-1,41.935,"{'m1-1': 2.3, 'm2-1': 1.513, 'm3-1': 3.709, 'm4-1': 0.99}",0.05940000000000225,46.902,inf,46.935,46.935,46.935
437,TT2,BESTEFFORT,MISSED,m4-1,41.998,"{'m1-1': 2.564, 'm2-1': 1.809, 'm3-1': 4.374, 'm4-1': 0.969}",0.722999999999999,46.616,inf,47.098,47.098,47.098
438,TT2,BESTEFFORT,MISSED,m2-1,42.014,"{'m1-1': 2.119, 'm2-1': 1.845, 'm3-1': 4.014, 'm4-1': 0.958}",0.8220000000000027,46.84,inf,47.114000000000004,47.114000000000004,47.114000000000004
439,TT1,BESTEFFORT,MISSED,m1-1,42.04,"{'m1-1': 2.305, 'm2-1': 1.943, 'm3-1': 4.614, 'm4-1': 0.765}",1.028800000000001,46.397,inf,47.04,47.04,47.04
440,TT4,BESTEFFORT,MISSED,m3-1,42.237,"{'m1-1': 2.359, 'm2-1': 1.485, 'm3-1': 4.277, 'm4-1': 0.897}",0.5435999999999993,46.935,inf,47.237,47.237,47.237
441,TT2,BESTEFFORT,MISSED,m1-1,42.389,"{'m1-1': 2.573, 'm2-1': 1.769, 'm3-1': 4.102, 'm4-1': 0.779}",0.7184000000000084,47.04,inf,47.489000000000004,47.489000000000004,47.489000000000004
442,TT4,BESTEFFORT,MISSED,m4-1,42.544,"{'m1-1': 1.986, 'm2-1': 1.386, 'm3-1': 4.664, 'm4-1': 1.009}",0.6689999999999969,47.098,inf,47.544,47.544,47.544
443,TT2,BESTEFFORT,MISSED,m1-1,42.769,"{'m1-1': 2.426, 'm2-1': 2.034, 'm3-1': 5.123, 'm4-1': 0.822}",0.6079999999999928,47.489000000000004,inf,47.869,47.869,47.869
444,TT2,BESTEFFORT,MISSED,m4-1,42.788,"{'m1-1': 2.038, 'm2-1': 2.034, 'm3-1': 4.37, 'm4-1': 0.925}",0.5160000000000018,47.544,inf,47.888,47.888,47.888
445,TT1,BESTEFFORT,MISSED,m2-1,42.793,"{'m1-1': 2.428, 'm2-1': 1.846, 'm3-1': 3.937, 'm4-1': 0.742}",2.036999999999985,47.114000000000004,inf,47.793,47.793,47.793
446,TT4,BESTEFFORT,MISSED,m2-1,43.009,"{'m1-1': 1.976, 'm2-1': 1.351, 'm3-1': 3.79, 'm4-1': 0.993}",0.6480000000000032,47.793,inf,48.009,48.009,48.009
447,TT1,BESTEFFORT,MISSED,m1-1,43.026,"{'m1-1': 2.14, 'm2-1': 1.423, 'm3-1': 4.698, 'm4-1': 0.81}",0.25120000000000575,47.869,inf,48.026,48.026,48.026
448,TT1,BESTEFFORT,MISSED,m3-1,43.246,"{'m1-1': 1.922, 'm2-1': 1.934, 'm3-1': 3.839, 'm4-1': 0.861}",1.8162000000000007,47.237,inf,48.246,48.246,48.246
449,TT1,BESTEFFORT,MISSED,m4-1,43.363,"{'m1-1': 1.964, 'm2-1': 1.544, 'm3-1': 3.763, 'm4-1': 0.838}",0.7125000000000021,47.888,inf,48.363,48.363,48.363
450,TT3,BESTEFFORT,MISSED,m3-1,43.426,"{'m1-1': 1.842, 'm2-1': 1.556, 'm3-1': 4.263, 'm4-1': 0.996}",0.07380000000000707,48.585,inf,48.626000000000005,48.626000000000005,48.626000000000005
451,TT3,BESTEFFORT,MISSED,m2-1,43.49,"{'m1-1': 2.208, 'm2-1': 1.351, 'm3-1': 4.693, 'm4-1': 0.751}",0.3300000000000196,48.58,inf,48.690000000000005,48.690000000000005,48.690000000000005
452,TT3,BESTEFFORT,MISSED,m3-1,43.521,"{'m1-1': 1.941, 'm2-1': 1.502, 'm3-1': 4.982, 'm4-1': 0.941}",0.17099999999999796,48.626000000000005,inf,48.721000000000004,48.721000000000004,48.721000000000004
453,TT1,BESTEFFORT,MISSED,m2-1,43.58,"{'m1-1': 2.382, 'm2-1': 1.439, 'm3-1': 3.858, 'm4-1': 0.719}",1.7129999999999939,48.009,inf,48.58,48.58,48.58
454,TT4,BESTEFFORT,MISSED,m3-1,43.585,"{'m1-1': 2.347, 'm2-1': 1.754, 'm3-1': 3.919, 'm4-1': 0.936}",0.6101999999999975,48.246,inf,48.585,48.585,48.585
455,TT4,BESTEFFORT,MISSED,m1-1,43.645,"{'m1-1': 1.881, 'm2-1': 1.359, 'm3-1': 4.55, 'm4-1': 0.927}",0.9903999999999997,48.026,inf,48.645,48.645,48.645
456,TT1,BESTEFFORT,MISSED,m4-1,43.684,"{'m1-1': 1.94, 'm2-1': 1.974, 'm3-1': 4.368, 'm4-1': 0.628}",0.48149999999999693,48.363,inf,48.684,48.684,48.684
457,TT2,BESTEFFORT,MISSED,m4-1,43.777,"{'m1-1': 2.262, 'm2-1': 1.588, 'm3-1': 4.996, 'm4-1': 0.738}",0.2895000000000074,48.684,inf,48.877,48.877,48.877
458,TT1,BESTEFFORT,MISSED,m1-1,43.835,"{'m1-1': 2.017, 'm2-1': 1.986, 'm3-1': 4.161, 'm4-1': 0.845}",0.3039999999999964,48.645,inf,48.835,48.835,48.835
459,TT3,BESTEFFORT,MISSED,m1-1,43.872,"{'m1-1': 1.933, 'm2-1': 1.516, 'm3-1': 5.684, 'm4-1': 0.734}",0.37920000000000303,48.835,inf,49.072,49.072,49.072
460,TT4,BESTEFFORT,MISSED,m2-1,44.057,"{'m1-1': 2.387, 'm2-1': 1.841, 'm3-1': 3.791, 'm4-1': 0.879}",1.100999999999992,48.690000000000005,inf,49.057,49.057,49.057
461,TT1,BESTEFFORT,MISSED,m4-1,44.132,"{'m1-1': 1.963, 'm2-1': 1.524, 'm3-1': 4.452, 'm4-1': 0.737}",0.3824999999999932,48.877,inf,49.132,49.132,49.132
462,TT4,BESTEFFORT,MISSED,m2-1,44.182,"{'m1-1': 2.233, 'm2-1': 1.784, 'm3-1': 4.604, 'm4-1': 0.814}",0.375,49.057,inf,49.182,49.182,49.182
463,TT3,BESTEFFORT,MISSED,m1-1,44.274,"{'m1-1': 2.155, 'm2-1': 1.597, 'm3-1': 4.554, 'm4-1': 0.879}",0.6432000000000017,49.072,inf,49.474000000000004,49.474000000000004,49.474000000000004
464,TT3,BESTEFFORT,MISSED,m4-1,44.329,"{'m1-1': 2.4, 'm2-1': 1.78, 'm3-1': 5.086, 'm4-1': 0.89}",0.5955000000000084,49.132,inf,49.529,49.529,49.529
465,TT3,BESTEFFORT,MISSED,m2-1,44.347,"{'m1-1': 2.141, 'm2-1': 1.523, 'm3-1': 4.508, 'm4-1': 0.837}",1.095000000000006,49.182,inf,49.547000000000004,49.547000000000004,49.547000000000004
466,TT3,BESTEFFORT,MISSED,m1-1,44.459,"{'m1-1': 1.99, 'm2-1': 1.381, 'm3-1': 4.692, 'm4-1': 0.834}",0.29600000000000365,49.474000000000004,inf,49.659000000000006,49.659000000000006,49.659000000000006
467,TT3,BESTEFFORT,MISSED,m4-1,44.467,"{'m1-1': 2.092, 'm2-1': 1.415, 'm3-1': 4.811, 'm4-1': 0.951}",0.2069999999999972,49.529,inf,49.667,49.667,49.667
468,TT4,BESTEFFORT,MISSED,m3-1,44.483,"{'m1-1': 2.208, 'm2-1': 1.867, 'm3-1': 3.918, 'm4-1': 0.879}",1.3715999999999882,48.721000000000004,inf,49.483,49.483,49.483
469,TT4,BESTEFFORT,MISSED,m3-1,44.606,"{'m1-1': 1.769, 'm2-1': 1.421, 'm3-1': 4.133, 'm4-1': 0.988}",0.2214000000000084,49.483,inf,49.606,49.606,49.606
470,TT3,BESTEFFORT,MISSED,m2-1,44.649,"{'m1-1': 1.882, 'm2-1': 1.55, 'm3-1': 4.214, 'm4-1': 0.893}",0.9059999999999988,49.547000000000004,inf,49.849000000000004,49.849000000000004,49.849000000000004
471,TT1,BESTEFFORT,MISSED,m3-1,44.649,"{'m1-1': 2.11, 'm2-1': 1.647, 'm3-1': 4.322, 'm4-1': 0.838}",0.07739999999999868,49.606,inf,49.649,49.649,49.649
472,TT2,BESTEFFORT,MISSED,m3-1,44.84,"{'m1-1': 2.066, 'm2-1': 1.665, 'm3-1': 3.649, 'm4-1': 0.796}",0.523800000000007,49.649,inf,49.940000000000005,49.940000000000005,49.940000000000005
473,TT4,BESTEFFORT,MISSED,m1-1,44.967,"{'m1-1': 1.818, 'm2-1': 1.832, 'm3-1': 4.334, 'm4-1': 0.906}",0.49279999999998836,49.659000000000006,inf,49.967,49.967,49.967
474,TT4,BESTEFFORT,MISSED,m4-1,45.059,"{'m1-1': 2.28, 'm2-1': 1.7, 'm3-1': 4.109, 'm4-1': 0.874}",0.5879999999999939,49.667,inf,50.059,50.059,50.059
475,TT3,BESTEFFORT,MISSED,m1-1,45.159,"{'m1-1': 1.891, 'm2-1': 1.682, 'm3-1': 4.738, 'm4-1': 0.764}",0.6272000000000049,49.967,inf,50.359,50.359,50.359
476,TT2,BESTEFFORT,MISSED,m2-1,45.2,"{'m1-1': 2.298, 'm2-1': 2.12, 'm3-1': 3.652, 'm4-1': 1.007}",1.3530000000000015,49.849000000000004,inf,50.300000000000004,50.300000000000004,50.300000000000004
477,TT3,BESTEFFORT,MISSED,m2-1,45.338,"{'m1-1': 2.168, 'm2-1': 1.759, 'm3-1': 5.384, 'm4-1': 0.771}",0.7139999999999986,50.300000000000004,inf,50.538000000000004,50.538000000000004,50.538000000000004
478,TT1,BESTEFFORT,MISSED,m4-1,45.516,"{'m1-1': 2.1, 'm2-1': 1.83, 'm3-1': 3.693, 'm4-1': 0.711}",0.6855000000000011,50.059,inf,50.516,50.516,50.516
479,TT1,BESTEFFORT,MISSED,m1-1,45.57,"{'m1-1': 2.24, 'm2-1': 1.609, 'm3-1': 4.994, 'm4-1': 0.755}",0.3375999999999977,50.359,inf,50.57,50.57,50.57
480,TT4,BESTEFFORT,MISSED,m3-1,45.621,"{'m1-1': 2.061, 'm2-1': 1.726, 'm3-1': 4.727, 'm4-1': 0.937}",1.2257999999999953,49.940000000000005,inf,50.621,50.621,50.621
481,TT3,BESTEFFORT,MISSED,m2-1,45.722,"{'m1-1': 2.183, 'm2-1': 1.513, 'm3-1': 4.744, 'm4-1': 0.94}",1.152000000000001,50.538000000000004,inf,50.922000000000004,50.922000000000004,50.922000000000004
482,TT1,BESTEFFORT,MISSED,m4-1,45.807,"{'m1-1': 2.21, 'm2-1': 1.541, 'm3-1': 4.326, 'm4-1': 0.765}",0.4365000000000059,50.516,inf,50.807,50.807,50.807
483,TT1,BESTEFFORT,MISSED,m3-1,45.935,"{'m1-1': 2.369, 'm2-1': 1.735, 'm3-1': 4.824, 'm4-1': 0.861}",0.5652000000000001,50.621,inf,50.935,50.935,50.935
484,TT3,BESTEFFORT,MISSED,m4-1,46.254,"{'m1-1': 1.884, 'm2-1': 1.306, 'm3-1': 5.959, 'm4-1': 0.945}",0.9704999999999977,50.807,inf,51.454,51.454,51.454
485,TT1,BESTEFFORT,MISSED,m3-1,46.255,"{'m1-1': 2.198, 'm2-1': 1.512, 'm3-1': 4.831, 'm4-1': 0.668}",0.5760000000000005,50.935,inf,51.255,51.255,51.255
486,TT1,BESTEFFORT,MISSED,m1-1,46.335,"{'m1-1': 2.192, 'm2-1': 1.702, 'm3-1': 4.611, 'm4-1': 0.767}",1.224000000000001,50.57,inf,51.335,51.335,51.335
487,TT2,BESTEFFORT,MISSED,m2-1,46.41,"{'m1-1': 2.285, 'm2-1': 2.104, 'm3-1': 4.225, 'm4-1': 0.768}",1.7639999999999816,50.922000000000004,inf,51.51,51.51,51.51
488,TT2,BESTEFFORT,MISSED,m3-1,46.456,"{'m1-1': 2.094, 'm2-1': 1.69, 'm3-1': 5.037, 'm4-1': 0.998}",0.5418000000000035,51.255,inf,51.556000000000004,51.556000000000004,51.556000000000004
489,TT1,BESTEFFORT,MISSED,m1-1,46.591,"{'m1-1': 1.864, 'm2-1': 1.448, 'm3-1': 4.707, 'm4-1': 0.836}",0.4096000000000004,51.335,inf,51.591,51.591,51.591
490,TT1,BESTEFFORT,MISSED,m4-1,46.658,"{'m1-1': 2.383, 'm2-1': 1.874, 'm3-1': 4.548, 'm4-1': 0.698}",0.30600000000000094,51.454,inf,51.658,51.658,51.658
491,TT1,BESTEFFORT,MISSED,m2-1,46.667,"{'m1-1': 2.424, 'm2-1': 1.682, 'm3-1': 4.705, 'm4-1': 0.837}",0.47100000000001074,51.51,inf,51.667,51.667,51.667
492,TT3,BESTEFFORT,MISSED,m1-1,47.106,"{'m1-1': 2.423, 'm2-1': 1.63, 'm3-1': 4.3, 'm4-1': 1.015}",1.1440000000000055,51.591,inf,52.306000000000004,52.306000000000004,52.306000000000004
493,TT3,BESTEFFORT,MISSED,m2-1,47.127,"{'m1-1': 2.315, 'm2-1': 1.53, 'm3-1': 5.15, 'm4-1': 0.905}",1.980000000000011,51.667,inf,52.327000000000005,52.327000000000005,52.327000000000005
494,TT4,BESTEFFORT,MISSED,m4-1,47.327,"{'m1-1': 2.401, 'm2-1': 1.858, 'm3-1': 4.932, 'm4-1': 1.04}",1.0034999999999954,51.658,inf,52.327,52.327,52.327
495,TT4,BESTEFFORT,MISSED,m1-1,47.373,"{'m1-1': 1.753, 'm2-1': 1.556, 'm3-1': 5.054, 'm4-1': 1.029}",0.10719999999998892,52.306000000000004,inf,52.373,52.373,52.373
496,TT3,BESTEFFORT,MISSED,m4-1,47.808,"{'m1-1': 2.13, 'm2-1': 1.427, 'm3-1': 5.56, 'm4-1': 0.987}",1.0215000000000067,52.327,inf,53.008,53.008,53.008
497,TT4,BESTEFFORT,MISSED,m3-1,47.819,"{'m1-1': 2.39, 'm2-1': 1.631, 'm3-1': 4.28, 'm4-1': 0.815}",2.2733999999999965,51.556000000000004,inf,52.819,52.819,52.819
498,TT2,BESTEFFORT,MISSED,m2-1,48.038,"{'m1-1': 2.329, 'm2-1': 2.042, 'm3-1': 4.128, 'm4-1': 0.861}",2.4329999999999785,52.327000000000005,inf,53.138,53.138,53.138
499,TT3,BESTEFFORT,MISSED,m3-1,48.052,"{'m1-1': 1.992, 'm2-1': 1.317, 'm3-1': 4.817, 'm4-1': 0.823}",0.0036000000000043996,53.25,inf,53.252,53.252,53.252
500,TT2,BESTEFFORT,MISSED,m3-1,48.15,"{'m1-1': 2.073, 'm2-1': 2.108, 'm3-1': 4.446, 'm4-1': 0.744}",0.7757999999999953,52.819,inf,53.25,53.25,53.25
501,TT3,BESTEFFORT,MISSED,m1-1,48.201,"{'m1-1': 1.808, 'm2-1': 1.514, 'm3-1': 5.044, 'm4-1': 0.783}",1.6448000000000094,52.373,inf,53.401,53.401,53.401
502,TT2,BESTEFFORT,MISSED,m4-1,48.333,"{'m1-1': 2.329, 'm2-1': 1.539, 'm3-1': 3.647, 'm4-1': 0.817}",0.6374999999999957,53.008,inf,53.433,53.433,53.433
503,TT1,BESTEFFORT,MISSED,m2-1,48.45,"{'m1-1': 2.092, 'm2-1': 1.594, 'm3-1': 3.853, 'm4-1': 0.713}",0.9360000000000142,53.138,inf,53.45,53.45,53.45
504,TT4,BESTEFFORT,MISSED,m3-1,48.901,"{'m1-1': 2.258, 'm2-1': 1.79, 'm3-1': 4.856, 'm4-1': 0.922}",1.1682000000000017,53.252,inf,53.901,53.901,53.901
505,TT1,BESTEFFORT,MISSED,m1-1,48.939,"{'m1-1': 2.269, 'm2-1': 1.815, 'm3-1': 3.888, 'm4-1': 0.815}",0.8607999999999948,53.401,inf,53.939,53.939,53.939
506,TT4,BESTEFFORT,COMPLETED,m4-1,49.388,"{'m1-1': 2.386, 'm2-1': 1.867, 'm3-1': 4.364, 'm4-1': 0.952}",1.428,53.433,54.385,inf,54.388,54.388
507,TT4,BESTEFFORT,MISSED,m2-1,49.424,"{'m1-1': 2.187, 'm2-1': 1.806, 'm3-1': 4.377, 'm4-1': 0.808}",2.92199999999999,53.45,inf,54.424,54.424,54.424
508,TT1,BESTEFFORT,MISSED,m1-1,49.796,"{'m1-1': 2.525, 'm2-1': 1.413, 'm3-1': 4.495, 'm4-1': 0.646}",1.371199999999999,53.939,inf,54.796,54.796,54.796
509,TT2,BESTEFFORT,MISSED,m4-1,49.894,"{'m1-1': 1.922, 'm2-1': 2.137, 'm3-1': 3.983, 'm4-1': 0.839}",0.9135000000000026,54.385,inf,54.994,54.994,54.994
510,TT1,BESTEFFORT,MISSED,m2-1,50.284,"{'m1-1': 1.999, 'm2-1': 1.714, 'm3-1': 3.987, 'm4-1': 0.76}",2.5799999999999983,54.424,inf,55.284,55.284,55.284
511,TT4,BESTEFFORT,MISSED,m1-1,50.33,"{'m1-1': 2.379, 'm2-1': 1.812, 'm3-1': 4.901, 'm4-1': 0.884}",0.8543999999999983,54.796,inf,55.33,55.33,55.33
512,TT2,BESTEFFORT,MISSED,m4-1,50.357,"{'m1-1': 2.143, 'm2-1': 1.898, 'm3-1': 3.659, 'm4-1': 0.769}",0.6945000000000014,54.994,inf,55.457,55.457,55.457
513,TT1,BESTEFFORT,MISSED,m3-1,50.41,"{'m1-1': 2.379, 'm2-1': 1.842, 'm3-1': 4.408, 'm4-1': 0.695}",2.7161999999999877,53.901,inf,55.41,55.41,55.41
514,TT1,BESTEFFORT,MISSED,m2-1,50.667,"{'m1-1': 2.516, 'm2-1': 1.811, 'm3-1': 5.049, 'm4-1': 0.753}",1.149000000000008,55.284,inf,55.667,55.667,55.667
515,TT1,BESTEFFORT,MISSED,m3-1,50.675,"{'m1-1': 1.935, 'm2-1': 1.728, 'm3-1': 3.897, 'm4-1': 0.687}",0.47700000000000103,55.41,inf,55.675,55.675,55.675
516,TT3,BESTEFFORT,MISSED,m2-1,50.722,"{'m1-1': 2.18, 'm2-1': 1.477, 'm3-1': 5.528, 'm4-1': 0.857}",0.7650000000000077,55.667,inf,55.922000000000004,55.922000000000004,55.922000000000004
517,TT2,BESTEFFORT,MISSED,m1-1,50.723,"{'m1-1': 2.222, 'm2-1': 1.669, 'm3-1': 4.777, 'm4-1': 0.8}",0.7888000000000034,55.33,inf,55.823,55.823,55.823
518,TT4,BESTEFFORT,MISSED,m3-1,50.727,"{'m1-1': 2.279, 'm2-1': 1.555, 'm3-1': 4.012, 'm4-1': 1.017}",0.09359999999999928,55.675,inf,55.727,55.727,55.727
519,TT2,BESTEFFORT,MISSED,m3-1,50.847,"{'m1-1': 1.904, 'm2-1': 1.999, 'm3-1': 4.195, 'm4-1': 0.894}",0.39600000000001073,55.727,inf,55.947,55.947,55.947
520,TT1,BESTEFFORT,MISSED,m4-1,50.889,"{'m1-1': 1.929, 'm2-1': 1.474, 'm3-1': 3.958, 'm4-1': 0.633}",0.6480000000000032,55.457,inf,55.889,55.889,55.889
521,TT3,BESTEFFORT,MISSED,m1-1,50.928,"{'m1-1': 2.038, 'm2-1': 1.609, 'm3-1': 5.815, 'm4-1': 0.986}",0.48799999999999955,55.823,inf,56.128,56.128,56.128
522,TT3,BESTEFFORT,MISSED,m2-1,51.004,"{'m1-1': 2.04, 'm2-1': 1.292, 'm3-1': 5.141, 'm4-1': 0.822}",0.8459999999999894,55.922000000000004,inf,56.204,56.204,56.204
523,TT2,BESTEFFORT,MISSED,m4-1,51.042,"{'m1-1': 2.438, 'm2-1': 1.948, 'm3-1': 4.226, 'm4-1': 0.89}",0.37950000000000017,55.889,inf,56.142,56.142,56.142
524,TT3,BESTEFFORT,MISSED,m4-1,51.042,"{'m1-1': 2.309, 'm2-1': 1.551, 'm3-1': 4.727, 'm4-1': 0.988}",0.15000000000000213,56.142,inf,56.242000000000004,56.242000000000004,56.242000000000004
525,TT4,BESTEFFORT,MISSED,m1-1,51.24,"{'m1-1': 2.135, 'm2-1': 1.666, 'm3-1': 5.057, 'm4-1': 0.892}",0.17920000000000302,56.128,inf,56.24,56.24,56.24
526,TT4,BESTEFFORT,MISSED,m2-1,51.245,"{'m1-1': 2.391, 'm2-1': 1.894, 'm3-1': 4.356, 'm4-1': 0.864}",0.12299999999999045,56.204,inf,56.245,56.245,56.245
527,TT2,BESTEFFORT,MISSED,m1-1,51.247,"{'m1-1': 2.242, 'm2-1': 1.823, 'm3-1': 4.469, 'm4-1': 0.791}",0.1711999999999989,56.24,inf,56.347,56.347,56.347
528,TT4,BESTEFFORT,MISSED,m3-1,51.377,"{'m1-1': 2.335, 'm2-1': 1.432, 'm3-1': 3.696, 'm4-1': 0.815}",0.7739999999999995,55.947,inf,56.377,56.377,56.377
529,TT2,BESTEFFORT,MISSED,m2-1,51.437,"{'m1-1': 2.505, 'm2-1': 1.794, 'm3-1': 4.848, 'm4-1': 0.792}",0.8760000000000048,56.245,inf,56.537,56.537,56.537
530,TT4,BESTEFFORT,MISSED,m4-1,51.444,"{'m1-1': 1.955, 'm2-1': 1.857, 'm3-1': 4.782, 'm4-1': 0.957}",0.30299999999999727,56.242000000000004,inf,56.444,56.444,56.444
531,TT3,BESTEFFORT,MISSED,m3-1,51.53,"{'m1-1': 2.218, 'm2-1': 1.364, 'm3-1': 5.353, 'm4-1': 0.931}",0.08819999999999908,56.681000000000004,inf,56.730000000000004,56.730000000000004,56.730000000000004
532,TT2,BESTEFFORT,MISSED,m3-1,51.581,"{'m1-1': 2.188, 'm2-1': 1.586, 'm3-1': 4.187, 'm4-1': 1.01}",0.5472000000000037,56.377,inf,56.681000000000004,56.681000000000004,56.681000000000004
533,TT2,BESTEFFORT,MISSED,m4-1,51.719,"{'m1-1': 2.145, 'm2-1': 1.749, 'm3-1': 4.24, 'm4-1': 0.949}",0.5625,56.444,inf,56.819,56.819,56.819
534,TT1,BESTEFFORT,MISSED,m1-1,51.785,"{'m1-1': 2.205, 'm2-1': 1.848, 'm3-1': 4.209, 'm4-1': 0.837}",0.7007999999999925,56.347,inf,56.785,56.785,56.785
535,TT3,BESTEFFORT,MISSED,m4-1,51.804,"{'m1-1': 1.918, 'm2-1': 1.44, 'm3-1': 5.586, 'm4-1': 0.856}",0.2775000000000034,56.819,inf,57.004000000000005,57.004000000000005,57.004000000000005
536,TT3,BESTEFFORT,MISSED,m1-1,51.884,"{'m1-1': 2.111, 'm2-1': 1.531, 'm3-1': 5.522, 'm4-1': 0.837}",0.20160000000000766,56.958,inf,57.084,57.084,57.084
537,TT1,BESTEFFORT,MISSED,m2-1,51.904,"{'m1-1': 2.486, 'm2-1': 1.405, 'm3-1': 4.933, 'm4-1': 0.736}",1.1010000000000133,56.537,inf,56.904,56.904,56.904
538,TT3,BESTEFFORT,MISSED,m2-1,51.914,"{'m1-1': 2.183, 'm2-1': 1.505, 'm3-1': 5.657, 'm4-1': 0.876}",0.13800000000001944,57.068,inf,57.114000000000004,57.114000000000004,57.114000000000004
539,TT1,BESTEFFORT,MISSED,m3-1,51.947,"{'m1-1': 2.34, 'm2-1': 1.76, 'm3-1': 4.206, 'm4-1': 0.707}",0.3905999999999978,56.730000000000004,inf,56.947,56.947,56.947
540,TT1,BESTEFFORT,MISSED,m1-1,51.958,"{'m1-1': 2.581, 'm2-1': 1.831, 'm3-1': 4.705, 'm4-1': 0.716}",0.27680000000000293,56.785,inf,56.958,56.958,56.958
541,TT1,BESTEFFORT,MISSED,m2-1,52.068,"{'m1-1': 2.273, 'm2-1': 1.514, 'm3-1': 3.991, 'm4-1': 0.701}",0.4919999999999831,56.904,inf,57.068,57.068,57.068
542,TT4,BESTEFFORT,MISSED,m4-1,52.1,"{'m1-1': 2.075, 'm2-1': 1.476, 'm3-1': 4.842, 'm4-1': 1.053}",0.1439999999999948,57.004000000000005,inf,57.1,57.1,57.1
543,TT3,BESTEFFORT,MISSED,m4-1,52.306,"{'m1-1': 1.842, 'm2-1': 1.351, 'm3-1': 5.748, 'm4-1': 0.744}",0.6089999999999982,57.1,inf,57.506,57.506,57.506
544,TT1,BESTEFFORT,MISSED,m1-1,52.355,"{'m1-1': 2.45, 'm2-1': 1.621, 'm3-1': 4.836, 'm4-1': 0.626}",0.43359999999998994,57.084,inf,57.355,57.355,57.355
545,TT3,BESTEFFORT,MISSED,m2-1,52.372,"{'m1-1': 2.322, 'm2-1': 1.416, 'm3-1': 5.082, 'm4-1': 0.799}",1.3739999999999952,57.114000000000004,inf,57.572,57.572,57.572
546,TT4,BESTEFFORT,MISSED,m3-1,52.453,"{'m1-1': 2.058, 'm2-1': 1.648, 'm3-1': 4.288, 'm4-1': 0.8}",0.9108000000000004,56.947,inf,57.453,57.453,57.453
547,TT3,BESTEFFORT,MISSED,m4-1,52.563,"{'m1-1': 2.129, 'm2-1': 1.426, 'm3-1': 5.507, 'm4-1': 0.856}",0.3855000000000075,57.506,inf,57.763000000000005,57.763000000000005,57.763000000000005
548,TT4,BESTEFFORT,MISSED,m3-1,52.607,"{'m1-1': 2.228, 'm2-1': 1.597, 'm3-1': 4.364, 'm4-1': 1.031}",0.27719999999999345,57.453,inf,57.607,57.607,57.607
549,TT2,BESTEFFORT,MISSED,m1-1,52.644,"{'m1-1': 2.503, 'm2-1': 2.033, 'm3-1': 4.872, 'm4-1': 0.868}",0.6224000000000047,57.355,inf,57.744,57.744,57.744
550,TT1,BESTEFFORT,MISSED,m3-1,52.718,"{'m1-1': 2.511, 'm2-1': 1.639, 'm3-1': 4.686, 'm4-1': 0.841}",0.19980000000000758,57.607,inf,57.718,57.718,57.718
551,TT3,BESTEFFORT,MISSED,m2-1,52.748,"{'m1-1': 1.842, 'm2-1': 1.425, 'm3-1': 5.083, 'm4-1': 1.002}",1.127999999999993,57.572,inf,57.948,57.948,57.948
552,TT3,BESTEFFORT,MISSED,m1-1,53.009,"{'m1-1': 2.031, 'm2-1': 1.666, 'm3-1': 4.901, 'm4-1': 0.729}",0.7440000000000055,57.744,inf,58.209,58.209,58.209
553,TT2,BESTEFFORT,MISSED,m3-1,53.068,"{'m1-1': 1.951, 'm2-1': 1.765, 'm3-1': 5.005, 'm4-1': 0.808}",0.8099999999999924,57.718,inf,58.168,58.168,58.168
554,TT3,BESTEFFORT,MISSED,m2-1,53.142,"{'m1-1': 2.252, 'm2-1': 1.682, 'm3-1': 4.411, 'm4-1': 0.731}",1.1820000000000164,57.948,inf,58.342000000000006,58.342000000000006,58.342000000000006
555,TT2,BESTEFFORT,MISSED,m1-1,53.244,"{'m1-1': 2.577, 'm2-1': 1.999, 'm3-1': 4.04, 'm4-1': 0.833}",0.21599999999999683,58.209,inf,58.344,58.344,58.344
556,TT3,BESTEFFORT,MISSED,m4-1,53.26,"{'m1-1': 1.909, 'm2-1': 1.505, 'm3-1': 4.527, 'm4-1': 0.924}",0.21149999999999736,58.319,inf,58.46,58.46,58.46
557,TT4,BESTEFFORT,MISSED,m4-1,53.319,"{'m1-1': 2.027, 'm2-1': 1.433, 'm3-1': 5.018, 'm4-1': 0.79}",0.8339999999999961,57.763000000000005,inf,58.319,58.319,58.319
558,TT3,BESTEFFORT,MISSED,m2-1,53.334,"{'m1-1': 1.835, 'm2-1': 1.301, 'm3-1': 4.752, 'm4-1': 0.826}",0.5760000000000005,58.342000000000006,inf,58.534000000000006,58.534000000000006,58.534000000000006
559,TT3,BESTEFFORT,MISSED,m1-1,53.387,"{'m1-1': 2.092, 'm2-1': 1.632, 'm3-1': 4.791, 'm4-1': 0.957}",0.38880000000000337,58.344,inf,58.587,58.587,58.587
560,TT3,BESTEFFORT,MISSED,m4-1,53.593,"{'m1-1': 1.781, 'm2-1': 1.773, 'm3-1': 4.595, 'm4-1': 0.774}",0.49950000000000827,58.46,inf,58.793000000000006,58.793000000000006,58.793000000000006
561,TT1,BESTEFFORT,MISSED,m3-1,53.688,"{'m1-1': 2.279, 'm2-1': 1.654, 'm3-1': 4.661, 'm4-1': 0.802}",0.9360000000000056,58.168,inf,58.688,58.688,58.688
562,TT3,BESTEFFORT,MISSED,m3-1,53.97,"{'m1-1': 2.251, 'm2-1': 1.777, 'm3-1': 4.407, 'm4-1': 0.741}",0.17820000000000677,59.071,inf,59.17,59.17,59.17
563,TT1,BESTEFFORT,MISSED,m2-1,53.974,"{'m1-1': 2.124, 'm2-1': 1.715, 'm3-1': 4.74, 'm4-1': 0.622}",1.3199999999999719,58.534000000000006,inf,58.974,58.974,58.974
564,TT1,BESTEFFORT,MISSED,m3-1,54.071,"{'m1-1': 2.493, 'm2-1': 1.441, 'm3-1': 3.633, 'm4-1': 0.863}",0.689399999999992,58.688,inf,59.071,59.071,59.071
565,TT3,BESTEFFORT,MISSED,m4-1,54.146,"{'m1-1': 2.392, 'm2-1': 1.719, 'm3-1': 4.782, 'm4-1': 0.938}",0.8294999999999959,58.793000000000006,inf,59.346000000000004,59.346000000000004,59.346000000000004
566,TT4,BESTEFFORT,MISSED,m1-1,54.18,"{'m1-1': 1.947, 'm2-1': 1.489, 'm3-1': 4.777, 'm4-1': 0.845}",0.9487999999999943,58.587,inf,59.18,59.18,59.18
567,TT1,BESTEFFORT,MISSED,m2-1,54.54,"{'m1-1': 2.395, 'm2-1': 1.809, 'm3-1': 4.02, 'm4-1': 0.64}",1.6980000000000075,58.974,inf,59.54,59.54,59.54
568,TT3,BESTEFFORT,MISSED,m1-1,54.562,"{'m1-1': 2.293, 'm2-1': 1.632, 'm3-1': 5.528, 'm4-1': 0.859}",0.9312000000000012,59.18,inf,59.762,59.762,59.762
569,TT1,BESTEFFORT,MISSED,m3-1,54.659,"{'m1-1': 2.486, 'm2-1': 1.946, 'm3-1': 3.908, 'm4-1': 0.753}",0.880199999999995,59.17,inf,59.659,59.659,59.659
570,TT2,BESTEFFORT,MISSED,m4-1,54.699,"{'m1-1': 2.547, 'm2-1': 1.98, 'm3-1': 4.836, 'm4-1': 0.793}",0.6794999999999938,59.346000000000004,inf,59.799,59.799,59.799
571,TT4,BESTEFFORT,MISSED,m2-1,54.849,"{'m1-1': 2.201, 'm2-1': 1.897, 'm3-1': 4.817, 'm4-1': 1.014}",0.9269999999999925,59.54,inf,59.849,59.849,59.849
572,TT3,BESTEFFORT,MISSED,m1-1,54.92,"{'m1-1': 1.878, 'm2-1': 1.73, 'm3-1': 4.822, 'm4-1': 0.773}",0.5728000000000065,59.762,inf,60.120000000000005,60.120000000000005,60.120000000000005
573,TT4,BESTEFFORT,MISSED,m4-1,55.127,"{'m1-1': 2.395, 'm2-1': 1.797, 'm3-1': 3.901, 'm4-1': 0.891}",0.49200000000000443,59.799,inf,60.127,60.127,60.127
574,TT4,BESTEFFORT,MISSED,m2-1,55.154,"{'m1-1': 2.102, 'm2-1': 1.458, 'm3-1': 4.334, 'm4-1': 0.932}",0.9150000000000205,59.849,inf,60.154,60.154,60.154
575,TT3,BESTEFFORT,MISSED,m4-1,55.198,"{'m1-1': 2.151, 'm2-1': 1.416, 'm3-1': 5.624, 'm4-1': 0.923}",0.4065000000000012,60.127,inf,60.398,60.398,60.398
576,TT3,BESTEFFORT,MISSED,m2-1,55.201,"{'m1-1': 1.778, 'm2-1': 1.27, 'm3-1': 4.309, 'm4-1': 0.817}",0.7409999999999997,60.154,inf,60.401,60.401,60.401
577,TT1,BESTEFFORT,MISSED,m1-1,55.343,"{'m1-1': 2.062, 'm2-1': 1.907, 'm3-1': 4.98, 'm4-1': 0.761}",0.3567999999999984,60.120000000000005,inf,60.343,60.343,60.343
578,TT4,BESTEFFORT,MISSED,m3-1,55.351,"{'m1-1': 2.256, 'm2-1': 1.758, 'm3-1': 4.769, 'm4-1': 1.015}",1.2456000000000003,59.659,inf,60.351,60.351,60.351
579,TT3,BESTEFFORT,MISSED,m3-1,55.377,"{'m1-1': 2.381, 'm2-1': 1.58, 'm3-1': 4.81, 'm4-1': 0.79}",0.15840000000000173,60.489000000000004,inf,60.577000000000005,60.577000000000005,60.577000000000005
580,TT2,BESTEFFORT,MISSED,m3-1,55.389,"{'m1-1': 1.91, 'm2-1': 1.609, 'm3-1': 5.025, 'm4-1': 1.003}",0.24840000000000942,60.351,inf,60.489000000000004,60.489000000000004,60.489000000000004
581,TT2,BESTEFFORT,MISSED,m4-1,55.533,"{'m1-1': 2.182, 'm2-1': 2.046, 'm3-1': 4.861, 'm4-1': 0.885}",0.35249999999999915,60.398,inf,60.633,60.633,60.633
582,TT4,BESTEFFORT,MISSED,m1-1,55.585,"{'m1-1': 1.819, 'm2-1': 1.88, 'm3-1': 4.321, 'm4-1': 0.825}",0.38719999999999577,60.343,inf,60.585,60.585,60.585
583,TT1,BESTEFFORT,MISSED,m2-1,55.645,"{'m1-1': 1.925, 'm2-1': 1.516, 'm3-1': 4.219, 'm4-1': 0.835}",0.7319999999999993,60.401,inf,60.645,60.645,60.645
584,TT3,BESTEFFORT,MISSED,m1-1,55.67,"{'m1-1': 2.069, 'm2-1': 1.712, 'm3-1': 4.872, 'm4-1': 0.986}",0.45600000000000596,60.585,inf,60.870000000000005,60.870000000000005,60.870000000000005
585,TT3,BESTEFFORT,MISSED,m1-1,55.741,"{'m1-1': 2.235, 'm2-1': 1.406, 'm3-1': 4.482, 'm4-1': 0.795}",0.11359999999999673,60.870000000000005,inf,60.941,60.941,60.941
586,TT2,BESTEFFORT,MISSED,m4-1,55.793,"{'m1-1': 2.547, 'm2-1': 2.034, 'm3-1': 3.807, 'm4-1': 0.876}",0.389999999999997,60.633,inf,60.893,60.893,60.893
587,TT2,BESTEFFORT,MISSED,m2-1,55.829,"{'m1-1': 1.883, 'm2-1': 2.045, 'm3-1': 4.996, 'm4-1': 0.946}",0.8519999999999968,60.645,inf,60.929,60.929,60.929
588,TT1,BESTEFFORT,MISSED,m3-1,55.83,"{'m1-1': 2.078, 'm2-1': 1.866, 'm3-1': 4.07, 'm4-1': 0.618}",0.4553999999999874,60.577000000000005,inf,60.83,60.83,60.83
589,TT2,BESTEFFORT,MISSED,m4-1,55.901,"{'m1-1': 2.408, 'm2-1': 1.544, 'm3-1': 4.625, 'm4-1': 0.975}",0.16200000000000614,60.893,inf,61.001000000000005,61.001000000000005,61.001000000000005
590,TT3,BESTEFFORT,MISSED,m3-1,55.987,"{'m1-1': 2.179, 'm2-1': 1.368, 'm3-1': 5.384, 'm4-1': 0.813}",0.6426000000000116,60.83,inf,61.187000000000005,61.187000000000005,61.187000000000005
591,TT3,BESTEFFORT,MISSED,m4-1,56.002,"{'m1-1': 1.851, 'm2-1': 1.513, 'm3-1': 4.639, 'm4-1': 0.743}",0.30150000000000077,61.001000000000005,inf,61.202000000000005,61.202000000000005,61.202000000000005
592,TT3,BESTEFFORT,MISSED,m2-1,56.051,"{'m1-1': 2.164, 'm2-1': 1.499, 'm3-1': 4.28, 'm4-1': 0.76}",0.43200000000001637,61.107,inf,61.251000000000005,61.251000000000005,61.251000000000005
593,TT3,BESTEFFORT,MISSED,m3-1,56.056,"{'m1-1': 1.851, 'm2-1': 1.297, 'm3-1': 4.575, 'm4-1': 0.982}",0.12419999999999191,61.187000000000005,inf,61.256,61.256,61.256
594,TT4,BESTEFFORT,MISSED,m2-1,56.107,"{'m1-1': 1.89, 'm2-1': 1.684, 'm3-1': 5.016, 'm4-1': 0.9}",0.5339999999999918,60.929,inf,61.107,61.107,61.107
595,TT4,BESTEFFORT,MISSED,m1-1,56.138,"{'m1-1': 1.95, 'm2-1': 1.571, 'm3-1': 3.915, 'm4-1': 1.031}",0.31519999999999304,60.941,inf,61.138,61.138,61.138
596,TT3,BESTEFFORT,MISSED,m3-1,56.236,"{'m1-1': 2.425, 'm2-1': 1.335, 'm3-1': 4.833, 'm4-1': 0.913}",0.09539999999999509,61.383,inf,61.436,61.436,61.436
597,TT2,BESTEFFORT,MISSED,m4-1,56.315,"{'m1-1': 1.898, 'm2-1': 1.548, 'm3-1': 3.812, 'm4-1': 0.964}",0.3194999999999908,61.202000000000005,inf,61.415,61.415,61.415
598,TT2,BESTEFFORT,MISSED,m2-1,56.325,"{'m1-1': 2.258, 'm2-1': 1.786, 'm3-1': 4.759, 'm4-1': 0.945}",0.5219999999999985,61.251000000000005,inf,61.425000000000004,61.425000000000004,61.425000000000004
599,TT2,BESTEFFORT,MISSED,m1-1,56.342,"{'m1-1': 2.063, 'm2-1': 1.651, 'm3-1': 4.227, 'm4-1': 0.817}",0.06879999999999882,61.399,inf,61.442,61.442,61.442
600,TT1,BESTEFFORT,MISSED,m3-1,56.383,"{'m1-1': 2.388, 'm2-1': 1.48, 'm3-1': 4.851, 'm4-1': 0.727}",0.2286000000000044,61.256,inf,61.383,61.383,61.383
601,TT1,BESTEFFORT,MISSED,m1-1,56.399,"{'m1-1': 2.426, 'm2-1': 1.587, 'm3-1': 4.055, 'm4-1': 0.619}",0.41760000000000447,61.138,inf,61.399,61.399,61.399
602,TT2,BESTEFFORT,MISSED,m4-1,56.408,"{'m1-1': 2.57, 'm2-1': 1.711, 'm3-1': 3.768, 'm4-1': 1.013}",0.1395000000000053,61.415,inf,61.508,61.508,61.508
603,TT3,BESTEFFORT,MISSED,m1-1,56.489,"{'m1-1': 2.4, 'm2-1': 1.516, 'm3-1': 4.929, 'm4-1': 0.905}",0.39519999999999983,61.442,inf,61.689,61.689,61.689
604,TT1,BESTEFFORT,MISSED,m2-1,56.563,"{'m1-1': 2.142, 'm2-1': 1.501, 'm3-1': 3.68, 'm4-1': 0.786}",0.4139999999999944,61.425000000000004,inf,61.563,61.563,61.563
605,TT3,BESTEFFORT,MISSED,m2-1,56.576,"{'m1-1': 2.141, 'm2-1': 1.697, 'm3-1': 5.798, 'm4-1': 0.719}",0.6390000000000029,61.563,inf,61.776,61.776,61.776
606,TT2,BESTEFFORT,MISSED,m4-1,56.633,"{'m1-1': 1.88, 'm2-1': 1.516, 'm3-1': 4.821, 'm4-1': 0.901}",0.33750000000000213,61.508,inf,61.733000000000004,61.733000000000004,61.733000000000004
607,TT2,BESTEFFORT,MISSED,m1-1,56.927,"{'m1-1': 2.043, 'm2-1': 1.664, 'm3-1': 4.961, 'm4-1': 0.814}",0.5408000000000016,61.689,inf,62.027,62.027,62.027
608,TT2,BESTEFFORT,MISSED,m3-1,57.236,"{'m1-1': 2.57, 'm2-1': 1.935, 'm3-1': 4.868, 'm4-1': 0.881}",1.6199999999999974,61.436,inf,62.336,62.336,62.336
609,TT3,BESTEFFORT,MISSED,m4-1,57.312,"{'m1-1': 1.884, 'm2-1': 1.478, 'm3-1': 5.569, 'm4-1': 0.823}",1.1684999999999945,61.733000000000004,inf,62.512,62.512,62.512
610,TT3,BESTEFFORT,MISSED,m2-1,57.461,"{'m1-1': 2.106, 'm2-1': 1.488, 'm3-1': 4.81, 'm4-1': 0.856}",2.654999999999994,61.776,inf,62.661,62.661,62.661
611,TT3,BESTEFFORT,MISSED,m1-1,57.661,"{'m1-1': 1.895, 'm2-1': 1.378, 'm3-1': 5.209, 'm4-1': 0.937}",1.3344000000000051,62.027,inf,62.861000000000004,62.861000000000004,62.861000000000004
612,TT1,BESTEFFORT,MISSED,m3-1,57.709,"{'m1-1': 2.474, 'm2-1': 1.598, 'm3-1': 4.31, 'm4-1': 0.76}",0.6714000000000084,62.336,inf,62.709,62.709,62.709
613,TT2,BESTEFFORT,MISSED,m3-1,57.756,"{'m1-1': 2.048, 'm2-1': 1.656, 'm3-1': 4.174, 'm4-1': 0.758}",0.2645999999999972,62.709,inf,62.856,62.856,62.856
614,TT2,BESTEFFORT,MISSED,m4-1,57.778,"{'m1-1': 1.89, 'm2-1': 1.665, 'm3-1': 4.631, 'm4-1': 0.91}",0.5489999999999995,62.512,inf,62.878,62.878,62.878
615,TT2,BESTEFFORT,MISSED,m2-1,57.843,"{'m1-1': 1.943, 'm2-1': 1.936, 'm3-1': 4.647, 'm4-1': 0.816}",0.8460000000000107,62.661,inf,62.943000000000005,62.943000000000005,62.943000000000005
616,TT3,BESTEFFORT,MISSED,m1-1,57.917,"{'m1-1': 2.185, 'm2-1': 1.66, 'm3-1': 5.661, 'm4-1': 0.815}",0.4096000000000004,62.861000000000004,inf,63.117000000000004,63.117000000000004,63.117000000000004
617,TT2,BESTEFFORT,MISSED,m3-1,57.958,"{'m1-1': 2.421, 'm2-1': 1.98, 'm3-1': 3.628, 'm4-1': 0.883}",0.36359999999999676,62.856,inf,63.058,63.058,63.058
618,TT3,BESTEFFORT,MISSED,m4-1,58.135,"{'m1-1': 2.089, 'm2-1': 1.749, 'm3-1': 5.641, 'm4-1': 0.93}",0.6855000000000011,62.878,inf,63.335,63.335,63.335
619,TT1,BESTEFFORT,MISSED,m2-1,58.429,"{'m1-1': 2.302, 'm2-1': 1.567, 'm3-1': 4.386, 'm4-1': 0.81}",1.4579999999999913,62.943000000000005,inf,63.429,63.429,63.429
620,TT1,BESTEFFORT,MISSED,m1-1,58.482,"{'m1-1': 2.602, 'm2-1': 1.876, 'm3-1': 4.322, 'm4-1': 0.841}",0.5839999999999919,63.117000000000004,inf,63.482,63.482,63.482
621,TT4,BESTEFFORT,MISSED,m4-1,58.862,"{'m1-1': 2.018, 'm2-1': 1.783, 'm3-1': 4.481, 'm4-1': 0.802}",0.7905000000000015,63.335,inf,63.862,63.862,63.862
622,TT3,BESTEFFORT,MISSED,m2-1,58.965,"{'m1-1': 2.253, 'm2-1': 1.413, 'm3-1': 5.215, 'm4-1': 0.925}",2.2080000000000126,63.429,inf,64.165,64.165,64.165
623,TT2,BESTEFFORT,MISSED,m3-1,59.221,"{'m1-1': 2.642, 'm2-1': 1.721, 'm3-1': 3.667, 'm4-1': 0.757}",2.2733999999999965,63.058,inf,64.321,64.321,64.321
624,TT2,BESTEFFORT,MISSED,m4-1,59.226,"{'m1-1': 2.592, 'm2-1': 1.578, 'm3-1': 4.238, 'm4-1': 0.728}",0.6959999999999873,63.862,inf,64.326,64.326,64.326
625,TT3,BESTEFFORT,MISSED,m3-1,59.259,"{'m1-1': 2.011, 'm2-1': 1.619, 'm3-1': 5.08, 'm4-1': 0.782}",0.24840000000000942,64.321,inf,64.459,64.459,64.459
626,TT1,BESTEFFORT,MISSED,m1-1,59.282,"{'m1-1': 2.435, 'm2-1': 1.583, 'm3-1': 4.969, 'm4-1': 0.724}",1.2799999999999956,63.482,inf,64.282,64.282,64.282
627,TT4,BESTEFFORT,MISSED,m2-1,59.441,"{'m1-1': 2.397, 'm2-1': 1.404, 'm3-1': 3.671, 'm4-1': 1.057}",0.8279999999999887,64.165,inf,64.441,64.441,64.441
628,TT3,BESTEFFORT,MISSED,m1-1,59.706,"{'m1-1': 2.068, 'm2-1': 1.67, 'm3-1': 5.8, 'm4-1': 0.911}",0.9984000000000152,64.282,inf,64.906,64.906,64.906
629,TT3,BESTEFFORT,MISSED,m2-1,59.795,"{'m1-1': 1.771, 'm2-1': 1.511, 'm3-1': 5.729, 'm4-1': 0.978}",1.6620000000000061,64.441,inf,64.995,64.995,64.995
630,TT2,BESTEFFORT,MISSED,m4-1,59.869,"{'m1-1': 1.984, 'm2-1': 1.779, 'm3-1': 4.651, 'm4-1': 0.999}",0.964500000000001,64.326,inf,64.969,64.969,64.969
631,TT1,BESTEFFORT,MISSED,m3-1,59.873,"{'m1-1': 2.472, 'm2-1': 1.828, 'm3-1': 4.98, 'm4-1': 0.806}",0.7451999999999771,64.459,inf,64.87299999999999,64.87299999999999,64.87299999999999
632,TT2,BESTEFFORT,MISSED,m1-1,59.936,"{'m1-1': 2.392, 'm2-1': 1.532, 'm3-1': 4.295, 'm4-1': 0.926}",0.20799999999999275,64.906,inf,65.036,65.036,65.036
633,TT2,BESTEFFORT,MISSED,m2-1,59.96,"{'m1-1': 1.961, 'm2-1': 1.621, 'm3-1': 4.368, 'm4-1': 0.72}",0.19499999999999318,64.995,inf,65.06,65.06,65.06
634,TT4,BESTEFFORT,MISSED,m3-1,60.035,"{'m1-1': 1.829, 'm2-1': 1.759, 'm3-1': 4.269, 'm4-1': 0.856}",0.2916000000000111,64.87299999999999,inf,65.035,65.035,65.035
635,TT4,BESTEFFORT,MISSED,m4-1,60.051,"{'m1-1': 2.345, 'm2-1': 1.781, 'm3-1': 4.944, 'm4-1': 0.925}",0.12300000000001177,64.969,inf,65.051,65.051,65.051
636,TT4,BESTEFFORT,MISSED,m1-1,60.098,"{'m1-1': 2.147, 'm2-1': 1.433, 'm3-1': 4.122, 'm4-1': 1.03}",0.09919999999999618,65.036,inf,65.098,65.098,65.098
637,TT3,BESTEFFORT,MISSED,m1-1,60.38,"{'m1-1': 2.333, 'm2-1': 1.544, 'm3-1': 5.889, 'm4-1': 0.761}",0.771199999999999,65.098,inf,65.58,65.58,65.58
638,TT4,BESTEFFORT,MISSED,m4-1,60.505,"{'m1-1': 1.774, 'm2-1': 1.872, 'm3-1': 3.963, 'm4-1': 0.951}",0.6809999999999903,65.051,inf,65.505,65.505,65.505
639,TT4,BESTEFFORT,MISSED,m2-1,60.548,"{'m1-1': 2.296, 'm2-1': 1.525, 'm3-1': 4.817, 'm4-1': 0.889}",1.4639999999999986,65.06,inf,65.548,65.548,65.548
640,TT4,BESTEFFORT,MISSED,m3-1,60.644,"{'m1-1': 1.754, 'm2-1': 1.705, 'm3-1': 3.916, 'm4-1': 0.904}",1.096200000000016,65.035,inf,65.644,65.644,65.644
641,TT4,BESTEFFORT,MISSED,m4-1,60.687,"{'m1-1': 2.176, 'm2-1': 1.794, 'm3-1': 4.957, 'm4-1': 0.989}",0.27300000000000324,65.505,inf,65.687,65.687,65.687
642,TT2,BESTEFFORT,MISSED,m2-1,60.691,"{'m1-1': 2.258, 'm2-1': 1.803, 'm3-1': 4.313, 'm4-1': 0.937}",0.728999999999985,65.548,inf,65.791,65.791,65.791
643,TT1,BESTEFFORT,MISSED,m3-1,60.866,"{'m1-1': 2.177, 'm2-1': 1.801, 'm3-1': 4.128, 'm4-1': 0.651}",0.3995999999999896,65.644,inf,65.866,65.866,65.866
644,TT3,BESTEFFORT,MISSED,m3-1,60.88,"{'m1-1': 2.405, 'm2-1': 1.733, 'm3-1': 5.34, 'm4-1': 0.86}",0.38519999999999754,65.866,inf,66.08,66.08,66.08
645,TT1,BESTEFFORT,MISSED,m1-1,61.272,"{'m1-1': 2.301, 'm2-1': 1.869, 'm3-1': 4.62, 'm4-1': 0.667}",1.1071999999999889,65.58,inf,66.27199999999999,66.27199999999999,66.27199999999999
646,TT4,BESTEFFORT,MISSED,m4-1,61.332,"{'m1-1': 1.788, 'm2-1': 1.625, 'm3-1': 3.919, 'm4-1': 0.997}",0.967499999999994,65.687,inf,66.332,66.332,66.332
647,TT4,BESTEFFORT,MISSED,m2-1,61.775,"{'m1-1': 2.315, 'm2-1': 1.389, 'm3-1': 5.023, 'm4-1': 0.833}",2.9520000000000266,65.791,inf,66.775,66.775,66.775
648,TT1,BESTEFFORT,MISSED,m3-1,61.809,"{'m1-1': 2.441, 'm2-1': 1.423, 'm3-1': 3.664, 'm4-1': 0.716}",1.3121999999999987,66.08,inf,66.809,66.809,66.809
649,TT2,BESTEFFORT,MISSED,m1-1,61.827,"{'m1-1': 1.904, 'm2-1': 1.836, 'm3-1': 4.944, 'm4-1': 1.016}",1.0480000000000018,66.27199999999999,inf,66.92699999999999,66.92699999999999,66.92699999999999
650,TT3,BESTEFFORT,MISSED,m2-1,61.935,"{'m1-1': 1.873, 'm2-1': 1.684, 'm3-1': 4.45, 'm4-1': 0.736}",1.0799999999999983,66.775,inf,67.135,67.135,67.135
651,TT3,BESTEFFORT,MISSED,m4-1,62.009,"{'m1-1': 1.78, 'm2-1': 1.343, 'm3-1': 5.044, 'm4-1': 0.86}",0.2640000000000242,67.03299999999999,inf,67.209,67.209,67.209
652,TT1,BESTEFFORT,COMPLETED,m4-1,62.131,"{'m1-1': 2.345, 'm2-1': 1.877, 'm3-1': 4.028, 'm4-1': 0.701}",1.0514999999999999,66.332,67.03299999999999,inf,67.131,67.131
653,TT4,BESTEFFORT,MISSED,m1-1,62.177,"{'m1-1': 1.916, 'm2-1': 1.684, 'm3-1': 3.834, 'm4-1': 0.898}",0.4,66.92699999999999,inf,67.17699999999999,67.17699999999999,67.17699999999999
654,TT3,BESTEFFORT,MISSED,m2-1,62.182,"{'m1-1': 2.423, 'm2-1': 1.627, 'm3-1': 5.362, 'm4-1': 0.785}",0.7409999999999997,67.135,inf,67.382,67.382,67.382
655,TT3,BESTEFFORT,MISSED,m1-1,62.213,"{'m1-1': 1.875, 'm2-1': 1.31, 'm3-1': 5.522, 'm4-1': 0.91}",0.37760000000000676,67.17699999999999,inf,67.413,67.413,67.413
656,TT1,BESTEFFORT,MISSED,m3-1,62.548,"{'m1-1': 2.424, 'm2-1': 1.959, 'm3-1': 4.76, 'm4-1': 0.611}",1.3302000000000078,66.809,inf,67.548,67.548,67.548
657,TT3,BESTEFFORT,MISSED,m2-1,62.696,"{'m1-1': 2.169, 'm2-1': 1.424, 'm3-1': 5.353, 'm4-1': 0.937}",1.5419999999999874,67.382,inf,67.896,67.896,67.896
658,TT3,BESTEFFORT,MISSED,m3-1,62.746,"{'m1-1': 1.982, 'm2-1': 1.462, 'm3-1': 5.768, 'm4-1': 0.857}",0.716399999999993,67.548,inf,67.946,67.946,67.946
659,TT4,BESTEFFORT,MISSED,m4-1,62.755,"{'m1-1': 2.063, 'm2-1': 1.558, 'm3-1': 3.978, 'm4-1': 0.905}",0.8189999999999884,67.209,inf,67.755,67.755,67.755
660,TT2,BESTEFFORT,MISSED,m1-1,62.96,"{'m1-1': 1.97, 'm2-1': 1.722, 'm3-1': 4.01, 'm4-1': 0.931}",1.035200000000009,67.413,inf,68.06,68.06,68.06
661,TT4,BESTEFFORT,MISSED,m3-1,63.058,"{'m1-1': 2.367, 'm2-1': 1.597, 'm3-1': 4.347, 'm4-1': 0.908}",0.2015999999999906,67.946,inf,68.05799999999999,68.05799999999999,68.05799999999999
662,TT4,BESTEFFORT,MISSED,m4-1,63.07,"{'m1-1': 2.258, 'm2-1': 1.562, 'm3-1': 5.062, 'm4-1': 0.889}",0.4724999999999966,67.755,inf,68.07,68.07,68.07
663,TT4,BESTEFFORT,MISSED,m2-1,63.091,"{'m1-1': 1.925, 'm2-1': 1.446, 'm3-1': 4.859, 'm4-1': 0.817}",0.5850000000000222,67.896,inf,68.09100000000001,68.09100000000001,68.09100000000001
664,TT1,BESTEFFORT,MISSED,m3-1,63.149,"{'m1-1': 2.566, 'm2-1': 1.901, 'm3-1': 4.354, 'm4-1': 0.702}",0.16380000000001474,68.05799999999999,inf,68.149,68.149,68.149
665,TT2,BESTEFFORT,MISSED,m1-1,63.446,"{'m1-1': 2.063, 'm2-1': 1.918, 'm3-1': 3.975, 'm4-1': 0.852}",0.7775999999999841,68.06,inf,68.54599999999999,68.54599999999999,68.54599999999999
666,TT3,BESTEFFORT,MISSED,m1-1,63.575,"{'m1-1': 1.843, 'm2-1': 1.328, 'm3-1': 4.396, 'm4-1': 0.766}",0.3664000000000215,68.54599999999999,inf,68.775,68.775,68.775
667,TT1,BESTEFFORT,MISSED,m4-1,63.58,"{'m1-1': 2.096, 'm2-1': 1.986, 'm3-1': 3.822, 'm4-1': 0.659}",0.7650000000000077,68.07,inf,68.58,68.58,68.58
668,TT2,BESTEFFORT,MISSED,m2-1,63.647,"{'m1-1': 2.164, 'm2-1': 1.775, 'm3-1': 4.25, 'm4-1': 0.863}",1.967999999999975,68.09100000000001,inf,68.747,68.747,68.747
669,TT2,BESTEFFORT,MISSED,m1-1,63.887,"{'m1-1': 2.544, 'm2-1': 1.747, 'm3-1': 4.024, 'm4-1': 0.738}",0.33919999999998257,68.775,inf,68.987,68.987,68.987
670,TT1,BESTEFFORT,MISSED,m4-1,63.894,"{'m1-1': 2.525, 'm2-1': 1.923, 'm3-1': 3.937, 'm4-1': 0.841}",0.47100000000001074,68.58,inf,68.894,68.894,68.894
671,TT1,BESTEFFORT,MISSED,m2-1,63.971,"{'m1-1': 2.59, 'm2-1': 1.758, 'm3-1': 4.053, 'm4-1': 0.755}",0.6720000000000113,68.747,inf,68.971,68.971,68.971
672,TT2,BESTEFFORT,MISSED,m3-1,64.239,"{'m1-1': 2.283, 'm2-1': 1.76, 'm3-1': 3.725, 'm4-1': 0.734}",2.141999999999996,68.149,inf,69.339,69.339,69.339
673,TT4,BESTEFFORT,MISSED,m4-1,64.396,"{'m1-1': 1.909, 'm2-1': 1.584, 'm3-1': 3.705, 'm4-1': 0.903}",0.752999999999993,68.894,inf,69.396,69.396,69.396
674,TT3,BESTEFFORT,MISSED,m2-1,64.63,"{'m1-1': 1.882, 'm2-1': 1.58, 'm3-1': 5.9, 'm4-1': 0.877}",2.576999999999984,68.971,inf,69.83,69.83,69.83
675,TT2,BESTEFFORT,MISSED,m3-1,64.846,"{'m1-1': 2.542, 'm2-1': 2.105, 'm3-1': 4.361, 'm4-1': 0.724}",0.10979999999998712,69.885,inf,69.946,69.946,69.946
676,TT2,BESTEFFORT,MISSED,m1-1,64.878,"{'m1-1': 2.312, 'm2-1': 1.748, 'm3-1': 4.383, 'm4-1': 0.759}",1.5855999999999995,68.987,inf,69.978,69.978,69.978
677,TT1,BESTEFFORT,MISSED,m3-1,64.885,"{'m1-1': 2.146, 'm2-1': 1.671, 'm3-1': 4.35, 'm4-1': 0.852}",0.9828000000000117,69.339,inf,69.885,69.885,69.885
678,TT2,BESTEFFORT,MISSED,m4-1,65.004,"{'m1-1': 1.954, 'm2-1': 1.612, 'm3-1': 4.872, 'm4-1': 0.999}",1.0619999999999976,69.396,inf,70.104,70.104,70.104
679,TT1,BESTEFFORT,MISSED,m2-1,65.217,"{'m1-1': 1.918, 'm2-1': 1.782, 'm3-1': 3.783, 'm4-1': 0.734}",1.1610000000000014,69.83,inf,70.217,70.217,70.217
680,TT3,BESTEFFORT,MISSED,m1-1,65.234,"{'m1-1': 2.034, 'm2-1': 1.53, 'm3-1': 5.493, 'm4-1': 0.927}",0.7296000000000049,69.978,inf,70.434,70.434,70.434
681,TT4,BESTEFFORT,MISSED,m3-1,65.395,"{'m1-1': 2.118, 'm2-1': 1.785, 'm3-1': 4.163, 'm4-1': 1.02}",0.8081999999999966,69.946,inf,70.395,70.395,70.395
682,TT1,BESTEFFORT,MISSED,m4-1,65.479,"{'m1-1': 2.427, 'm2-1': 1.671, 'm3-1': 4.878, 'm4-1': 0.853}",0.5625,70.104,inf,70.479,70.479,70.479
683,TT4,BESTEFFORT,MISSED,m2-1,65.668,"{'m1-1': 1.893, 'm2-1': 1.721, 'm3-1': 4.517, 'm4-1': 0.989}",1.3530000000000229,70.217,inf,70.668,70.668,70.668
684,TT4,BESTEFFORT,MISSED,m1-1,65.756,"{'m1-1': 2.191, 'm2-1': 1.642, 'm3-1': 4.215, 'm4-1': 0.889}",0.5152000000000044,70.434,inf,70.756,70.756,70.756
685,TT1,BESTEFFORT,MISSED,m4-1,65.757,"{'m1-1': 2.335, 'm2-1': 1.79, 'm3-1': 4.079, 'm4-1': 0.788}",0.4170000000000087,70.479,inf,70.757,70.757,70.757
686,TT3,BESTEFFORT,MISSED,m3-1,65.8,"{'m1-1': 1.941, 'm2-1': 1.515, 'm3-1': 4.488, 'm4-1': 0.942}",1.0890000000000073,70.395,inf,71.0,71.0,71.0
687,TT1,BESTEFFORT,MISSED,m2-1,65.88,"{'m1-1': 2.138, 'm2-1': 1.498, 'm3-1': 3.667, 'm4-1': 0.786}",0.6359999999999673,70.668,inf,70.88,70.88,70.88
688,TT2,BESTEFFORT,MISSED,m4-1,65.904,"{'m1-1': 2.51, 'm2-1': 1.588, 'm3-1': 4.886, 'm4-1': 1.006}",0.3704999999999785,70.757,inf,71.00399999999999,71.00399999999999,71.00399999999999
689,TT1,BESTEFFORT,MISSED,m1-1,65.961,"{'m1-1': 2.369, 'm2-1': 1.474, 'm3-1': 4.491, 'm4-1': 0.824}",0.3279999999999973,70.756,inf,70.961,70.961,70.961
690,TT1,BESTEFFORT,MISSED,m2-1,66.052,"{'m1-1': 2.453, 'm2-1': 1.574, 'm3-1': 4.694, 'm4-1': 0.863}",0.5160000000000338,70.88,inf,71.052,71.052,71.052
691,TT3,BESTEFFORT,MISSED,m3-1,66.082,"{'m1-1': 1.786, 'm2-1': 1.71, 'm3-1': 4.504, 'm4-1': 0.856}",0.03419999999998424,71.263,inf,71.282,71.282,71.282
692,TT3,BESTEFFORT,MISSED,m4-1,66.189,"{'m1-1': 1.741, 'm2-1': 1.307, 'm3-1': 4.712, 'm4-1': 0.923}",0.5775000000000077,71.00399999999999,inf,71.389,71.389,71.389
693,TT4,BESTEFFORT,MISSED,m3-1,66.263,"{'m1-1': 2.167, 'm2-1': 1.606, 'm3-1': 3.783, 'm4-1': 0.876}",0.4734000000000094,71.0,inf,71.263,71.263,71.263
694,TT1,BESTEFFORT,MISSED,m1-1,66.378,"{'m1-1': 2.573, 'm2-1': 1.962, 'm3-1': 4.851, 'm4-1': 0.749}",0.6672000000000026,70.961,inf,71.378,71.378,71.378
695,TT2,BESTEFFORT,MISSED,m2-1,66.395,"{'m1-1': 2.364, 'm2-1': 1.833, 'm3-1': 4.665, 'm4-1': 0.733}",1.3289999999999509,71.052,inf,71.49499999999999,71.49499999999999,71.49499999999999
696,TT3,BESTEFFORT,MISSED,m1-1,66.532,"{'m1-1': 2.306, 'm2-1': 1.347, 'm3-1': 4.458, 'm4-1': 0.997}",0.5663999999999988,71.378,inf,71.732,71.732,71.732
697,TT4,BESTEFFORT,MISSED,m3-1,66.587,"{'m1-1': 2.4, 'm2-1': 1.411, 'm3-1': 3.723, 'm4-1': 0.972}",0.5490000000000123,71.282,inf,71.587,71.587,71.587
698,TT2,BESTEFFORT,MISSED,m4-1,66.664,"{'m1-1': 2.062, 'm2-1': 1.886, 'm3-1': 4.1, 'm4-1': 0.985}",0.5625,71.389,inf,71.764,71.764,71.764
699,TT2,BESTEFFORT,MISSED,m2-1,66.673,"{'m1-1': 2.592, 'm2-1': 1.684, 'm3-1': 4.838, 'm4-1': 0.719}",0.8340000000000174,71.49499999999999,inf,71.773,71.773,71.773
700,TT2,BESTEFFORT,MISSED,m1-1,66.68,"{'m1-1': 2.312, 'm2-1': 2.125, 'm3-1': 5.073, 'm4-1': 0.794}",0.07680000000000292,71.732,inf,71.78,71.78,71.78
701,TT3,BESTEFFORT,MISSED,m4-1,66.681,"{'m1-1': 1.915, 'm2-1': 1.622, 'm3-1': 4.225, 'm4-1': 0.965}",0.17550000000000665,71.764,inf,71.881,71.881,71.881
702,TT1,BESTEFFORT,MISSED,m2-1,66.961,"{'m1-1': 2.118, 'm2-1': 1.931, 'm3-1': 4.72, 'm4-1': 0.666}",0.5640000000000072,71.773,inf,71.961,71.961,71.961
703,TT4,BESTEFFORT,MISSED,m1-1,67.197,"{'m1-1': 1.771, 'm2-1': 1.748, 'm3-1': 3.642, 'm4-1': 0.833}",0.6672000000000026,71.78,inf,72.197,72.197,72.197
704,TT2,BESTEFFORT,MISSED,m4-1,67.239,"{'m1-1': 2.381, 'm2-1': 2.122, 'm3-1': 4.661, 'm4-1': 0.851}",0.6869999999999976,71.881,inf,72.339,72.339,72.339
705,TT4,BESTEFFORT,MISSED,m3-1,67.25,"{'m1-1': 2.385, 'm2-1': 1.369, 'm3-1': 4.521, 'm4-1': 1.013}",1.193399999999994,71.587,inf,72.25,72.25,72.25
706,TT3,BESTEFFORT,MISSED,m3-1,67.308,"{'m1-1': 2.043, 'm2-1': 1.492, 'm3-1': 5.0, 'm4-1': 0.802}",0.46440000000001763,72.25,inf,72.50800000000001,72.50800000000001,72.50800000000001
707,TT1,BESTEFFORT,MISSED,m2-1,67.43,"{'m1-1': 2.578, 'm2-1': 1.631, 'm3-1': 5.047, 'm4-1': 0.736}",1.407000000000025,71.961,inf,72.43,72.43,72.43
708,TT3,BESTEFFORT,MISSED,m1-1,67.593,"{'m1-1': 2.182, 'm2-1': 1.487, 'm3-1': 4.714, 'm4-1': 0.905}",0.9536000000000059,72.197,inf,72.793,72.793,72.793
709,TT2,BESTEFFORT,MISSED,m3-1,67.688,"{'m1-1': 2.182, 'm2-1': 1.53, 'm3-1': 4.596, 'm4-1': 0.987}",0.5039999999999765,72.50800000000001,inf,72.788,72.788,72.788
710,TT3,BESTEFFORT,MISSED,m3-1,68.035,"{'m1-1': 1.811, 'm2-1': 1.52, 'm3-1': 4.865, 'm4-1': 0.859}",0.804600000000005,72.788,inf,73.235,73.235,73.235
711,TT1,BESTEFFORT,COMPLETED,m4-1,68.168,"{'m1-1': 1.86, 'm2-1': 1.963, 'm3-1': 3.978, 'm4-1': 0.807}",1.2105000000000001,72.339,73.146,inf,73.168,73.168
712,TT1,BESTEFFORT,MISSED,m2-1,68.206,"{'m1-1': 2.228, 'm2-1': 1.434, 'm3-1': 4.592, 'm4-1': 0.74}",2.3279999999999887,72.43,inf,73.206,73.206,73.206
713,TT1,BESTEFFORT,MISSED,m1-1,68.332,"{'m1-1': 1.881, 'm2-1': 1.872, 'm3-1': 3.932, 'm4-1': 0.762}",0.8623999999999796,72.793,inf,73.332,73.332,73.332
714,TT2,BESTEFFORT,MISSED,m4-1,68.333,"{'m1-1': 2.368, 'm2-1': 1.901, 'm3-1': 4.584, 'm4-1': 0.885}",0.4304999999999879,73.146,inf,73.43299999999999,73.43299999999999,73.43299999999999
715,TT3,BESTEFFORT,MISSED,m4-1,68.486,"{'m1-1': 2.386, 'm2-1': 1.585, 'm3-1': 5.173, 'm4-1': 0.988}",0.3795000000000215,73.43299999999999,inf,73.686,73.686,73.686
716,TT1,BESTEFFORT,MISSED,m2-1,68.531,"{'m1-1': 1.97, 'm2-1': 1.656, 'm3-1': 4.88, 'm4-1': 0.761}",0.9750000000000085,73.206,inf,73.531,73.531,73.531
717,TT1,BESTEFFORT,MISSED,m1-1,68.561,"{'m1-1': 2.069, 'm2-1': 1.521, 'm3-1': 3.726, 'm4-1': 0.826}",0.3664000000000215,73.332,inf,73.561,73.561,73.561
718,TT3,BESTEFFORT,MISSED,m2-1,68.594,"{'m1-1': 2.411, 'm2-1': 1.481, 'm3-1': 5.464, 'm4-1': 0.793}",0.7889999999999731,73.531,inf,73.794,73.794,73.794
719,TT3,BESTEFFORT,MISSED,m1-1,68.623,"{'m1-1': 2.293, 'm2-1': 1.334, 'm3-1': 5.095, 'm4-1': 0.95}",0.41920000000000074,73.561,inf,73.82300000000001,73.82300000000001,73.82300000000001
720,TT1,BESTEFFORT,MISSED,m3-1,69.273,"{'m1-1': 2.069, 'm2-1': 1.961, 'm3-1': 4.389, 'm4-1': 0.61}",1.868399999999994,73.235,inf,74.273,74.273,74.273
721,TT4,BESTEFFORT,MISSED,m4-1,69.292,"{'m1-1': 2.302, 'm2-1': 1.537, 'm3-1': 4.896, 'm4-1': 0.828}",0.9089999999999918,73.686,inf,74.292,74.292,74.292
722,TT4,BESTEFFORT,MISSED,m2-1,69.349,"{'m1-1': 1.817, 'm2-1': 1.36, 'm3-1': 4.095, 'm4-1': 0.851}",1.6650000000000205,73.794,inf,74.349,74.349,74.349
723,TT4,BESTEFFORT,MISSED,m3-1,69.368,"{'m1-1': 1.806, 'm2-1': 1.616, 'm3-1': 4.972, 'm4-1': 0.998}",0.17099999999999796,74.273,inf,74.368,74.368,74.368
724,TT3,BESTEFFORT,MISSED,m2-1,69.397,"{'m1-1': 1.874, 'm2-1': 1.776, 'm3-1': 5.26, 'm4-1': 0.909}",0.744000000000014,74.349,inf,74.59700000000001,74.59700000000001,74.59700000000001
725,TT3,BESTEFFORT,MISSED,m3-1,69.401,"{'m1-1': 2.079, 'm2-1': 1.411, 'm3-1': 4.419, 'm4-1': 0.922}",0.25380000000000963,74.46,inf,74.601,74.601,74.601
726,TT4,BESTEFFORT,MISSED,m3-1,69.46,"{'m1-1': 2.255, 'm2-1': 1.665, 'm3-1': 4.219, 'm4-1': 1.038}",0.16559999999999775,74.368,inf,74.46,74.46,74.46
727,TT4,BESTEFFORT,MISSED,m1-1,69.486,"{'m1-1': 2.269, 'm2-1': 1.729, 'm3-1': 4.736, 'm4-1': 1.022}",1.0607999999999949,73.82300000000001,inf,74.486,74.486,74.486
728,TT1,BESTEFFORT,MISSED,m4-1,69.491,"{'m1-1': 1.95, 'm2-1': 1.584, 'm3-1': 4.389, 'm4-1': 0.649}",0.2984999999999971,74.292,inf,74.491,74.491,74.491
729,TT2,BESTEFFORT,MISSED,m1-1,69.624,"{'m1-1': 2.136, 'm2-1': 1.875, 'm3-1': 4.638, 'm4-1': 0.88}",0.38079999999997655,74.486,inf,74.72399999999999,74.72399999999999,74.72399999999999
730,TT3,BESTEFFORT,MISSED,m4-1,69.849,"{'m1-1': 2.003, 'm2-1': 1.598, 'm3-1': 5.484, 'm4-1': 0.953}",0.09900000000000375,74.983,inf,75.049,75.049,75.049
731,TT3,BESTEFFORT,MISSED,m2-1,69.881,"{'m1-1': 2.351, 'm2-1': 1.402, 'm3-1': 4.591, 'm4-1': 0.805}",0.20399999999999352,75.013,inf,75.081,75.081,75.081
732,TT2,BESTEFFORT,MISSED,m1-1,69.933,"{'m1-1': 2.207, 'm2-1': 1.869, 'm3-1': 3.926, 'm4-1': 0.942}",0.49440000000001877,74.72399999999999,inf,75.033,75.033,75.033
733,TT4,BESTEFFORT,MISSED,m4-1,69.983,"{'m1-1': 1.885, 'm2-1': 1.643, 'm3-1': 4.236, 'm4-1': 0.998}",0.7380000000000067,74.491,inf,74.983,74.983,74.983
734,TT4,BESTEFFORT,MISSED,m2-1,70.013,"{'m1-1': 2.422, 'm2-1': 1.353, 'm3-1': 4.817, 'm4-1': 0.802}",1.2479999999999905,74.59700000000001,inf,75.013,75.013,75.013
735,TT4,BESTEFFORT,MISSED,m1-1,70.196,"{'m1-1': 2.007, 'm2-1': 1.768, 'm3-1': 3.774, 'm4-1': 0.79}",0.26079999999999476,75.033,inf,75.196,75.196,75.196
736,TT4,BESTEFFORT,MISSED,m3-1,70.197,"{'m1-1': 1.74, 'm2-1': 1.593, 'm3-1': 3.937, 'm4-1': 1.015}",1.0728000000000066,74.601,inf,75.197,75.197,75.197
737,TT3,BESTEFFORT,MISSED,m4-1,70.497,"{'m1-1': 1.811, 'm2-1': 1.27, 'm3-1': 5.813, 'm4-1': 0.967}",0.9719999999999942,75.049,inf,75.697,75.697,75.697
738,TT4,BESTEFFORT,MISSED,m2-1,70.757,"{'m1-1': 2.113, 'm2-1': 1.424, 'm3-1': 4.437, 'm4-1': 0.828}",2.028000000000006,75.081,inf,75.757,75.757,75.757
739,TT2,BESTEFFORT,MISSED,m3-1,70.967,"{'m1-1': 2.093, 'm2-1': 1.95, 'm3-1': 4.997, 'm4-1': 0.89}",1.5659999999999827,75.197,inf,76.067,76.067,76.067
740,TT2,BESTEFFORT,MISSED,m1-1,71.325,"{'m1-1': 1.881, 'm2-1': 1.592, 'm3-1': 4.692, 'm4-1': 0.999}",1.9663999999999988,75.196,inf,76.425,76.425,76.425
741,TT4,BESTEFFORT,MISSED,m3-1,71.396,"{'m1-1': 2.315, 'm2-1': 1.363, 'm3-1': 4.551, 'm4-1': 0.879}",0.5922000000000139,76.067,inf,76.396,76.396,76.396
742,TT4,BESTEFFORT,MISSED,m4-1,71.512,"{'m1-1': 2.093, 'm2-1': 1.476, 'm3-1': 3.752, 'm4-1': 0.884}",1.2224999999999966,75.697,inf,76.512,76.512,76.512
743,TT4,BESTEFFORT,MISSED,m2-1,71.572,"{'m1-1': 2.415, 'm2-1': 1.476, 'm3-1': 3.707, 'm4-1': 1.013}",2.444999999999993,75.757,inf,76.572,76.572,76.572
744,TT4,BESTEFFORT,MISSED,m3-1,71.697,"{'m1-1': 1.759, 'm2-1': 1.514, 'm3-1': 4.816, 'm4-1': 0.944}",0.5418000000000035,76.396,inf,76.697,76.697,76.697
745,TT2,BESTEFFORT,MISSED,m4-1,71.742,"{'m1-1': 2.215, 'm2-1': 2.138, 'm3-1': 4.905, 'm4-1': 0.884}",0.49499999999999744,76.512,inf,76.842,76.842,76.842
746,TT4,BESTEFFORT,MISSED,m1-1,71.745,"{'m1-1': 2.067, 'm2-1': 1.51, 'm3-1': 4.641, 'm4-1': 0.764}",0.5120000000000119,76.425,inf,76.745,76.745,76.745
747,TT3,BESTEFFORT,MISSED,m2-1,71.82,"{'m1-1': 2.269, 'm2-1': 1.641, 'm3-1': 5.523, 'm4-1': 0.916}",0.3299999999999983,76.91,inf,77.02,77.02,77.02
748,TT4,BESTEFFORT,MISSED,m2-1,71.91,"{'m1-1': 2.302, 'm2-1': 1.889, 'm3-1': 4.706, 'm4-1': 0.9}",1.0139999999999816,76.572,inf,76.91,76.91,76.91
749,TT4,BESTEFFORT,MISSED,m1-1,71.943,"{'m1-1': 2.077, 'm2-1': 1.898, 'm3-1': 5.049, 'm4-1': 0.936}",0.3167999999999893,76.745,inf,76.943,76.943,76.943
750,TT4,BESTEFFORT,MISSED,m4-1,71.961,"{'m1-1': 1.734, 'm2-1': 1.882, 'm3-1': 4.849, 'm4-1': 0.777}",0.17849999999999966,76.842,inf,76.961,76.961,76.961
751,TT3,BESTEFFORT,MISSED,m3-1,72.166,"{'m1-1': 1.758, 'm2-1': 1.42, 'm3-1': 5.107, 'm4-1': 0.799}",1.2041999999999946,76.697,inf,77.366,77.366,77.366
752,TT1,BESTEFFORT,MISSED,m1-1,72.204,"{'m1-1': 2.334, 'm2-1': 1.72, 'm3-1': 4.92, 'm4-1': 0.775}",0.4175999999999931,76.943,inf,77.204,77.204,77.204
753,TT2,BESTEFFORT,MISSED,m4-1,72.323,"{'m1-1': 2.022, 'm2-1': 1.949, 'm3-1': 4.189, 'm4-1': 0.98}",0.6929999999999836,76.961,inf,77.42299999999999,77.42299999999999,77.42299999999999
754,TT3,BESTEFFORT,MISSED,m2-1,72.337,"{'m1-1': 1.83, 'm2-1': 1.602, 'm3-1': 4.214, 'm4-1': 0.808}",1.5510000000000304,77.02,inf,77.537,77.537,77.537
755,TT2,BESTEFFORT,MISSED,m3-1,72.612,"{'m1-1': 2.371, 'm2-1': 1.849, 'm3-1': 5.088, 'm4-1': 0.907}",0.08999999999996931,77.662,inf,77.71199999999999,77.71199999999999,77.71199999999999
756,TT1,BESTEFFORT,MISSED,m3-1,72.662,"{'m1-1': 2.312, 'm2-1': 1.653, 'm3-1': 3.878, 'm4-1': 0.675}",0.5328000000000117,77.366,inf,77.662,77.662,77.662
757,TT1,BESTEFFORT,MISSED,m1-1,72.75,"{'m1-1': 2.309, 'm2-1': 1.615, 'm3-1': 3.98, 'm4-1': 0.848}",0.8736000000000104,77.204,inf,77.75,77.75,77.75
758,TT2,BESTEFFORT,MISSED,m4-1,72.947,"{'m1-1': 2.405, 'm2-1': 1.621, 'm3-1': 4.213, 'm4-1': 0.844}",0.9360000000000142,77.42299999999999,inf,78.047,78.047,78.047
759,TT2,BESTEFFORT,MISSED,m2-1,72.972,"{'m1-1': 2.514, 'm2-1': 1.616, 'm3-1': 3.886, 'm4-1': 0.886}",1.6049999999999471,77.537,inf,78.07199999999999,78.07199999999999,78.07199999999999
760,TT1,BESTEFFORT,MISSED,m3-1,73.092,"{'m1-1': 2.348, 'm2-1': 1.857, 'm3-1': 4.367, 'm4-1': 0.668}",0.6840000000000174,77.71199999999999,inf,78.092,78.092,78.092
761,TT4,BESTEFFORT,MISSED,m1-1,73.144,"{'m1-1': 1.898, 'm2-1': 1.623, 'm3-1': 4.925, 'm4-1': 0.88}",0.6304000000000087,77.75,inf,78.144,78.144,78.144
762,TT4,BESTEFFORT,MISSED,m4-1,73.289,"{'m1-1': 2.075, 'm2-1': 1.489, 'm3-1': 4.887, 'm4-1': 1.03}",0.36300000000000665,78.047,inf,78.289,78.289,78.289
763,TT2,BESTEFFORT,MISSED,m1-1,73.442,"{'m1-1': 2.555, 'm2-1': 2.059, 'm3-1': 4.915, 'm4-1': 0.753}",0.6367999999999712,78.144,inf,78.54199999999999,78.54199999999999,78.54199999999999
764,TT3,BESTEFFORT,MISSED,m4-1,73.49,"{'m1-1': 1.875, 'm2-1': 1.272, 'm3-1': 4.851, 'm4-1': 0.899}",0.6014999999999944,78.289,inf,78.69,78.69,78.69
765,TT1,BESTEFFORT,MISSED,m2-1,73.49,"{'m1-1': 2.552, 'm2-1': 1.801, 'm3-1': 3.865, 'm4-1': 0.738}",1.254000000000019,78.07199999999999,inf,78.49,78.49,78.49
766,TT4,BESTEFFORT,MISSED,m2-1,73.705,"{'m1-1': 2.118, 'm2-1': 1.644, 'm3-1': 4.035, 'm4-1': 0.935}",0.6450000000000102,78.49,inf,78.705,78.705,78.705
767,TT2,BESTEFFORT,MISSED,m1-1,73.775,"{'m1-1': 2.297, 'm2-1': 1.96, 'm3-1': 4.401, 'm4-1': 0.79}",0.5328000000000203,78.54199999999999,inf,78.875,78.875,78.875
768,TT4,BESTEFFORT,MISSED,m3-1,73.901,"{'m1-1': 2.197, 'm2-1': 1.691, 'm3-1': 4.421, 'm4-1': 0.93}",1.4561999999999955,78.092,inf,78.901,78.901,78.901
769,TT4,BESTEFFORT,MISSED,m4-1,73.933,"{'m1-1': 1.898, 'm2-1': 1.726, 'm3-1': 3.871, 'm4-1': 0.934}",0.3645000000000138,78.69,inf,78.933,78.933,78.933
770,TT2,BESTEFFORT,MISSED,m2-1,73.979,"{'m1-1': 2.043, 'm2-1': 1.652, 'm3-1': 4.96, 'm4-1': 0.988}",1.1219999999999857,78.705,inf,79.079,79.079,79.079
771,TT2,BESTEFFORT,MISSED,m3-1,74.238,"{'m1-1': 2.007, 'm2-1': 1.702, 'm3-1': 4.572, 'm4-1': 1.01}",0.7865999999999957,78.901,inf,79.338,79.338,79.338
772,TT2,BESTEFFORT,MISSED,m1-1,74.508,"{'m1-1': 2.625, 'm2-1': 1.608, 'm3-1': 3.679, 'm4-1': 0.817}",1.1727999999999839,78.875,inf,79.60799999999999,79.60799999999999,79.60799999999999
773,TT4,BESTEFFORT,MISSED,m3-1,74.575,"{'m1-1': 2.136, 'm2-1': 1.456, 'm3-1': 4.195, 'm4-1': 1.053}",0.4266000000000162,79.338,inf,79.575,79.575,79.575
774,TT1,BESTEFFORT,MISSED,m4-1,74.703,"{'m1-1': 2.032, 'm2-1': 1.99, 'm3-1': 4.081, 'm4-1': 0.852}",1.154999999999994,78.933,inf,79.703,79.703,79.703
775,TT3,BESTEFFORT,MISSED,m3-1,74.758,"{'m1-1': 2.369, 'm2-1': 1.577, 'm3-1': 4.622, 'm4-1': 0.757}",0.689399999999992,79.575,inf,79.958,79.958,79.958
776,TT4,BESTEFFORT,MISSED,m2-1,74.863,"{'m1-1': 2.189, 'm2-1': 1.785, 'm3-1': 3.807, 'm4-1': 0.985}",2.352000000000018,79.079,inf,79.863,79.863,79.863
777,TT2,BESTEFFORT,MISSED,m1-1,74.914,"{'m1-1': 1.99, 'm2-1': 1.591, 'm3-1': 4.771, 'm4-1': 0.937}",0.6496000000000095,79.60799999999999,inf,80.014,80.014,80.014
778,TT2,BESTEFFORT,MISSED,m4-1,75.021,"{'m1-1': 2.408, 'm2-1': 1.966, 'm3-1': 4.383, 'm4-1': 0.744}",0.6269999999999882,79.703,inf,80.121,80.121,80.121
779,TT2,BESTEFFORT,MISSED,m4-1,75.243,"{'m1-1': 2.207, 'm2-1': 1.759, 'm3-1': 4.545, 'm4-1': 0.952}",0.3329999999999913,80.121,inf,80.34299999999999,80.34299999999999,80.34299999999999
780,TT1,BESTEFFORT,MISSED,m2-1,75.249,"{'m1-1': 2.21, 'm2-1': 1.534, 'm3-1': 3.866, 'm4-1': 0.636}",1.157999999999987,79.863,inf,80.249,80.249,80.249
781,TT1,BESTEFFORT,MISSED,m1-1,75.322,"{'m1-1': 2.387, 'm2-1': 1.989, 'm3-1': 4.386, 'm4-1': 0.793}",0.4928000000000111,80.014,inf,80.322,80.322,80.322
782,TT3,BESTEFFORT,MISSED,m4-1,75.384,"{'m1-1': 2.129, 'm2-1': 1.415, 'm3-1': 5.551, 'm4-1': 0.971}",0.3615000000000208,80.34299999999999,inf,80.584,80.584,80.584
783,TT1,BESTEFFORT,MISSED,m2-1,75.438,"{'m1-1': 2.069, 'm2-1': 1.508, 'm3-1': 4.88, 'm4-1': 0.622}",0.5670000000000215,80.249,inf,80.438,80.438,80.438
784,TT1,BESTEFFORT,MISSED,m1-1,75.451,"{'m1-1': 2.412, 'm2-1': 1.403, 'm3-1': 4.774, 'm4-1': 0.818}",0.2063999999999851,80.322,inf,80.451,80.451,80.451
785,TT1,BESTEFFORT,MISSED,m3-1,75.579,"{'m1-1': 1.879, 'm2-1': 1.774, 'm3-1': 3.948, 'm4-1': 0.854}",1.1177999999999912,79.958,inf,80.579,80.579,80.579
786,TT1,BESTEFFORT,MISSED,m2-1,75.606,"{'m1-1': 2.605, 'm2-1': 1.879, 'm3-1': 4.88, 'm4-1': 0.709}",0.5039999999999765,80.438,inf,80.606,80.606,80.606
787,TT4,BESTEFFORT,MISSED,m3-1,75.659,"{'m1-1': 2.07, 'm2-1': 1.604, 'm3-1': 4.188, 'm4-1': 0.824}",0.14400000000002253,80.579,inf,80.659,80.659,80.659
788,TT2,BESTEFFORT,MISSED,m3-1,75.706,"{'m1-1': 2.05, 'm2-1': 1.762, 'm3-1': 4.235, 'm4-1': 0.863}",0.26459999999998446,80.659,inf,80.806,80.806,80.806
789,TT4,BESTEFFORT,MISSED,m1-1,75.813,"{'m1-1': 2.055, 'm2-1': 1.412, 'm3-1': 4.518, 'm4-1': 0.905}",0.5792000000000144,80.451,inf,80.813,80.813,80.813
790,TT1,BESTEFFORT,MISSED,m4-1,75.94,"{'m1-1': 1.925, 'm2-1': 1.673, 'm3-1': 4.088, 'm4-1': 0.667}",0.5339999999999918,80.584,inf,80.94,80.94,80.94
791,TT1,BESTEFFORT,MISSED,m2-1,75.972,"{'m1-1': 2.257, 'm2-1': 1.846, 'm3-1': 3.607, 'm4-1': 0.642}",1.097999999999999,80.606,inf,80.972,80.972,80.972
792,TT1,BESTEFFORT,MISSED,m3-1,76.193,"{'m1-1': 2.345, 'm2-1': 1.836, 'm3-1': 4.838, 'm4-1': 0.853}",0.6966000000000009,80.806,inf,81.193,81.193,81.193
793,TT3,BESTEFFORT,MISSED,m2-1,76.207,"{'m1-1': 2.27, 'm2-1': 1.671, 'm3-1': 5.62, 'm4-1': 0.961}",1.3050000000000068,80.972,inf,81.407,81.407,81.407
794,TT1,BESTEFFORT,MISSED,m1-1,76.256,"{'m1-1': 2.576, 'm2-1': 1.923, 'm3-1': 3.86, 'm4-1': 0.757}",0.7087999999999965,80.813,inf,81.256,81.256,81.256
795,TT1,BESTEFFORT,MISSED,m4-1,76.29,"{'m1-1': 2.173, 'm2-1': 1.783, 'm3-1': 3.68, 'm4-1': 0.673}",0.5250000000000128,80.94,inf,81.29,81.29,81.29
796,TT2,BESTEFFORT,MISSED,m1-1,76.354,"{'m1-1': 2.629, 'm2-1': 1.664, 'm3-1': 3.768, 'm4-1': 0.731}",0.3167999999999893,81.256,inf,81.454,81.454,81.454
797,TT1,BESTEFFORT,MISSED,m4-1,76.593,"{'m1-1': 2.337, 'm2-1': 1.743, 'm3-1': 4.363, 'm4-1': 0.703}",0.4544999999999959,81.29,inf,81.593,81.593,81.593
798,TT4,BESTEFFORT,MISSED,m2-1,76.819,"{'m1-1': 2.08, 'm2-1': 1.858, 'm3-1': 4.959, 'm4-1': 0.898}",1.2360000000000184,81.407,inf,81.819,81.819,81.819
799,TT2,BESTEFFORT,MISSED,m1-1,76.944,"{'m1-1': 2.011, 'm2-1': 1.898, 'm3-1': 3.783, 'm4-1': 0.938}",0.9440000000000055,81.454,inf,82.044,82.044,82.044
800,TT1,BESTEFFORT,MISSED,m3-1,77.137,"{'m1-1': 2.479, 'm2-1': 1.65, 'm3-1': 4.992, 'm4-1': 0.636}",1.6992000000000047,81.193,inf,82.137,82.137,82.137
801,TT2,BESTEFFORT,MISSED,m4-1,77.225,"{'m1-1': 2.401, 'm2-1': 2.089, 'm3-1': 4.14, 'm4-1': 0.837}",1.0979999999999777,81.593,inf,82.32499999999999,82.32499999999999,82.32499999999999
802,TT3,BESTEFFORT,MISSED,m2-1,77.27,"{'m1-1': 2.041, 'm2-1': 1.479, 'm3-1': 5.045, 'm4-1': 0.96}",1.9529999999999887,81.819,inf,82.47,82.47,82.47
803,TT2,BESTEFFORT,MISSED,m3-1,77.409,"{'m1-1': 2.556, 'm2-1': 1.596, 'm3-1': 3.875, 'm4-1': 0.953}",0.6695999999999999,82.137,inf,82.509,82.509,82.509
804,TT4,BESTEFFORT,MISSED,m3-1,77.56,"{'m1-1': 2.124, 'm2-1': 1.886, 'm3-1': 4.605, 'm4-1': 0.908}",0.09180000000000348,82.509,inf,82.56,82.56,82.56
805,TT2,BESTEFFORT,MISSED,m1-1,77.597,"{'m1-1': 1.923, 'm2-1': 1.801, 'm3-1': 4.44, 'm4-1': 0.844}",1.0447999999999866,82.044,inf,82.69699999999999,82.69699999999999,82.69699999999999
806,TT2,BESTEFFORT,MISSED,m2-1,77.862,"{'m1-1': 2.26, 'm2-1': 1.978, 'm3-1': 4.419, 'm4-1': 0.923}",1.4759999999999707,82.47,inf,82.96199999999999,82.96199999999999,82.96199999999999
807,TT3,BESTEFFORT,MISSED,m1-1,77.874,"{'m1-1': 2.27, 'm2-1': 1.728, 'm3-1': 5.086, 'm4-1': 0.782}",0.6032000000000153,82.69699999999999,inf,83.074,83.074,83.074
808,TT4,BESTEFFORT,MISSED,m4-1,77.932,"{'m1-1': 2.08, 'm2-1': 1.369, 'm3-1': 4.498, 'm4-1': 0.89}",0.9105000000000203,82.32499999999999,inf,82.932,82.932,82.932
809,TT3,BESTEFFORT,MISSED,m2-1,77.944,"{'m1-1': 2.337, 'm2-1': 1.358, 'm3-1': 4.929, 'm4-1': 0.911}",0.5460000000000491,82.96199999999999,inf,83.144,83.144,83.144
810,TT2,BESTEFFORT,MISSED,m4-1,77.99,"{'m1-1': 2.295, 'm2-1': 1.67, 'm3-1': 4.335, 'm4-1': 0.828}",0.23699999999998056,82.932,inf,83.08999999999999,83.08999999999999,83.08999999999999
811,TT4,BESTEFFORT,MISSED,m3-1,78.072,"{'m1-1': 2.402, 'm2-1': 1.591, 'm3-1': 4.269, 'm4-1': 0.859}",0.9216000000000009,82.56,inf,83.072,83.072,83.072
812,TT2,BESTEFFORT,MISSED,m1-1,78.074,"{'m1-1': 2.332, 'm2-1': 2.081, 'm3-1': 4.809, 'm4-1': 0.861}",0.15999999999999093,83.074,inf,83.17399999999999,83.17399999999999,83.17399999999999
813,TT4,BESTEFFORT,MISSED,m4-1,78.203,"{'m1-1': 2.273, 'm2-1': 1.644, 'm3-1': 3.901, 'm4-1': 0.847}",0.16950000000002063,83.08999999999999,inf,83.203,83.203,83.203
814,TT1,BESTEFFORT,MISSED,m2-1,78.329,"{'m1-1': 1.935, 'm2-1': 1.845, 'm3-1': 3.765, 'm4-1': 0.632}",0.5549999999999642,83.144,inf,83.329,83.329,83.329
815,TT2,BESTEFFORT,MISSED,m1-1,78.365,"{'m1-1': 2.062, 'm2-1': 1.736, 'm3-1': 3.972, 'm4-1': 0.946}",0.4655999999999949,83.17399999999999,inf,83.46499999999999,83.46499999999999,83.46499999999999
816,TT2,BESTEFFORT,MISSED,m2-1,78.649,"{'m1-1': 2.14, 'm2-1': 1.831, 'm3-1': 4.826, 'm4-1': 0.906}",1.2600000000000051,83.329,inf,83.749,83.749,83.749
817,TT4,BESTEFFORT,MISSED,m3-1,78.659,"{'m1-1': 2.101, 'm2-1': 1.397, 'm3-1': 4.896, 'm4-1': 0.904}",1.056600000000006,83.072,inf,83.659,83.659,83.659
818,TT1,BESTEFFORT,MISSED,m4-1,78.727,"{'m1-1': 2.111, 'm2-1': 1.555, 'm3-1': 3.845, 'm4-1': 0.668}",0.7860000000000014,83.203,inf,83.727,83.727,83.727
819,TT4,BESTEFFORT,MISSED,m3-1,78.87,"{'m1-1': 2.326, 'm2-1': 1.651, 'm3-1': 4.68, 'm4-1': 0.775}",0.37979999999999736,83.659,inf,83.87,83.87,83.87
820,TT4,BESTEFFORT,MISSED,m3-1,78.941,"{'m1-1': 1.988, 'm2-1': 1.611, 'm3-1': 4.057, 'm4-1': 0.897}",0.12779999999999633,83.87,inf,83.941,83.941,83.941
821,TT2,BESTEFFORT,MISSED,m2-1,79.018,"{'m1-1': 2.041, 'm2-1': 1.76, 'm3-1': 5.021, 'm4-1': 0.785}",1.1069999999999993,83.749,inf,84.118,84.118,84.118
822,TT4,BESTEFFORT,MISSED,m1-1,79.032,"{'m1-1': 2.275, 'm2-1': 1.371, 'm3-1': 4.479, 'm4-1': 0.954}",0.9072000000000117,83.46499999999999,inf,84.032,84.032,84.032
823,TT4,BESTEFFORT,MISSED,m4-1,79.06,"{'m1-1': 1.747, 'm2-1': 1.505, 'm3-1': 4.268, 'm4-1': 0.757}",0.4994999999999976,83.727,inf,84.06,84.06,84.06
824,TT4,BESTEFFORT,MISSED,m3-1,79.326,"{'m1-1': 1.923, 'm2-1': 1.685, 'm3-1': 3.963, 'm4-1': 0.769}",0.6929999999999836,83.941,inf,84.326,84.326,84.326
825,TT1,BESTEFFORT,MISSED,m1-1,79.705,"{'m1-1': 2.578, 'm2-1': 1.728, 'm3-1': 3.961, 'm4-1': 0.738}",1.0768000000000029,84.032,inf,84.705,84.705,84.705
826,TT1,BESTEFFORT,COMPLETED,m4-1,80.105,"{'m1-1': 1.946, 'm2-1': 1.442, 'm3-1': 4.456, 'm4-1': 0.711}",1.0665,84.06,84.771,inf,85.105,85.105
827,TT1,BESTEFFORT,MISSED,m2-1,80.305,"{'m1-1': 2.552, 'm2-1': 1.626, 'm3-1': 4.325, 'm4-1': 0.844}",3.5610000000000355,84.118,inf,85.305,85.305,85.305
828,TT1,BESTEFFORT,MISSED,m1-1,80.376,"{'m1-1': 1.935, 'm2-1': 1.41, 'm3-1': 3.619, 'm4-1': 0.642}",1.0736000000000103,84.705,inf,85.376,85.376,85.376
829,TT4,BESTEFFORT,MISSED,m4-1,80.576,"{'m1-1': 1.731, 'm2-1': 1.644, 'm3-1': 4.387, 'm4-1': 0.857}",1.207499999999989,84.771,inf,85.576,85.576,85.576
830,TT2,BESTEFFORT,MISSED,m1-1,80.642,"{'m1-1': 2.314, 'm2-1': 1.545, 'm3-1': 3.783, 'm4-1': 0.96}",0.5855999999999767,85.376,inf,85.74199999999999,85.74199999999999,85.74199999999999
831,TT1,BESTEFFORT,MISSED,m2-1,80.708,"{'m1-1': 2.07, 'm2-1': 1.412, 'm3-1': 4.412, 'm4-1': 0.751}",1.2089999999999748,85.305,inf,85.708,85.708,85.708
832,TT1,BESTEFFORT,MISSED,m3-1,80.879,"{'m1-1': 2.317, 'm2-1': 1.837, 'm3-1': 4.918, 'm4-1': 0.813}",2.7954000000000208,84.326,inf,85.879,85.879,85.879
833,TT3,BESTEFFORT,MISSED,m3-1,80.89,"{'m1-1': 2.136, 'm2-1': 1.772, 'm3-1': 5.946, 'm4-1': 0.76}",0.37979999999999736,85.879,inf,86.09,86.09,86.09
834,TT2,BESTEFFORT,MISSED,m4-1,80.927,"{'m1-1': 1.938, 'm2-1': 1.537, 'm3-1': 4.222, 'm4-1': 0.771}",0.6765000000000114,85.576,inf,86.027,86.027,86.027
835,TT1,BESTEFFORT,MISSED,m2-1,81.078,"{'m1-1': 2.0, 'm2-1': 1.773, 'm3-1': 4.364, 'm4-1': 0.659}",1.1100000000000136,85.708,inf,86.078,86.078,86.078
836,TT2,BESTEFFORT,MISSED,m3-1,81.188,"{'m1-1': 2.2, 'm2-1': 1.545, 'm3-1': 4.96, 'm4-1': 0.921}",0.35639999999998795,86.09,inf,86.288,86.288,86.288
837,TT3,BESTEFFORT,MISSED,m4-1,81.244,"{'m1-1': 1.936, 'm2-1': 1.655, 'm3-1': 4.753, 'm4-1': 1.004}",0.6255000000000024,86.027,inf,86.444,86.444,86.444
838,TT1,BESTEFFORT,MISSED,m1-1,81.361,"{'m1-1': 1.993, 'm2-1': 1.554, 'm3-1': 3.832, 'm4-1': 0.694}",0.9904000000000224,85.74199999999999,inf,86.361,86.361,86.361
839,TT4,BESTEFFORT,MISSED,m2-1,81.455,"{'m1-1': 2.06, 'm2-1': 1.766, 'm3-1': 4.555, 'm4-1': 1.023}",1.130999999999986,86.078,inf,86.455,86.455,86.455
840,TT1,BESTEFFORT,MISSED,m3-1,81.487,"{'m1-1': 1.856, 'm2-1': 1.603, 'm3-1': 5.088, 'm4-1': 0.707}",0.3581999999999965,86.288,inf,86.487,86.487,86.487
841,TT2,BESTEFFORT,MISSED,m1-1,81.507,"{'m1-1': 2.537, 'm2-1': 1.843, 'm3-1': 4.345, 'm4-1': 0.835}",0.3935999999999922,86.361,inf,86.607,86.607,86.607
842,TT2,BESTEFFORT,MISSED,m4-1,81.547,"{'m1-1': 1.971, 'm2-1': 1.746, 'm3-1': 4.588, 'm4-1': 0.886}",0.3044999999999831,86.444,inf,86.64699999999999,86.64699999999999,86.64699999999999
843,TT3,BESTEFFORT,MISSED,m4-1,81.622,"{'m1-1': 1.795, 'm2-1': 1.493, 'm3-1': 5.897, 'm4-1': 0.816}",0.26250000000001705,86.64699999999999,inf,86.822,86.822,86.822
844,TT1,BESTEFFORT,MISSED,m2-1,81.65,"{'m1-1': 2.095, 'm2-1': 1.977, 'm3-1': 4.713, 'm4-1': 0.695}",0.5850000000000222,86.455,inf,86.65,86.65,86.65
845,TT3,BESTEFFORT,MISSED,m1-1,81.749,"{'m1-1': 2.369, 'm2-1': 1.759, 'm3-1': 4.839, 'm4-1': 0.912}",0.22400000000000092,86.809,inf,86.949,86.949,86.949
846,TT4,BESTEFFORT,MISSED,m1-1,81.809,"{'m1-1': 1.937, 'm2-1': 1.608, 'm3-1': 4.976, 'm4-1': 0.756}",0.3231999999999971,86.607,inf,86.809,86.809,86.809
847,TT4,BESTEFFORT,MISSED,m2-1,81.874,"{'m1-1': 2.228, 'm2-1': 1.386, 'm3-1': 3.957, 'm4-1': 0.845}",0.6719999999999686,86.65,inf,86.874,86.874,86.874
848,TT3,BESTEFFORT,MISSED,m4-1,81.991,"{'m1-1': 2.287, 'm2-1': 1.633, 'm3-1': 5.732, 'm4-1': 0.983}",0.5534999999999997,86.822,inf,87.191,87.191,87.191
849,TT3,BESTEFFORT,MISSED,m3-1,82.151,"{'m1-1': 1.809, 'm2-1': 1.438, 'm3-1': 5.889, 'm4-1': 0.827}",0.12599999999998773,87.281,inf,87.351,87.351,87.351
850,TT1,BESTEFFORT,MISSED,m3-1,82.158,"{'m1-1': 2.34, 'm2-1': 1.628, 'm3-1': 4.924, 'm4-1': 0.822}",1.2078000000000118,86.487,inf,87.158,87.158,87.158
851,TT1,BESTEFFORT,MISSED,m2-1,82.256,"{'m1-1': 2.588, 'm2-1': 1.453, 'm3-1': 4.069, 'm4-1': 0.791}",1.146000000000015,86.874,inf,87.256,87.256,87.256
852,TT4,BESTEFFORT,MISSED,m3-1,82.281,"{'m1-1': 2.063, 'm2-1': 1.855, 'm3-1': 4.171, 'm4-1': 0.898}",0.2214000000000084,87.158,inf,87.281,87.281,87.281
853,TT1,BESTEFFORT,MISSED,m1-1,82.363,"{'m1-1': 2.576, 'm2-1': 1.984, 'm3-1': 4.782, 'm4-1': 0.809}",0.6624000000000024,86.949,inf,87.363,87.363,87.363
854,TT1,BESTEFFORT,MISSED,m4-1,82.533,"{'m1-1': 2.467, 'm2-1': 1.961, 'm3-1': 4.348, 'm4-1': 0.764}",0.5129999999999981,87.191,inf,87.533,87.533,87.533
855,TT1,BESTEFFORT,MISSED,m2-1,82.558,"{'m1-1': 2.246, 'm2-1': 1.505, 'm3-1': 4.8, 'm4-1': 0.688}",0.9060000000000201,87.256,inf,87.558,87.558,87.558
856,TT2,BESTEFFORT,MISSED,m1-1,82.921,"{'m1-1': 2.063, 'm2-1': 1.944, 'm3-1': 4.086, 'm4-1': 0.771}",1.052800000000002,87.363,inf,88.021,88.021,88.021
857,TT2,BESTEFFORT,MISSED,m2-1,82.963,"{'m1-1': 2.29, 'm2-1': 1.567, 'm3-1': 4.133, 'm4-1': 0.943}",1.5149999999999437,87.558,inf,88.06299999999999,88.06299999999999,88.06299999999999
858,TT1,BESTEFFORT,MISSED,m3-1,82.98,"{'m1-1': 2.602, 'm2-1': 1.685, 'm3-1': 4.825, 'm4-1': 0.847}",1.1322000000000088,87.351,inf,87.98,87.98,87.98
859,TT1,BESTEFFORT,MISSED,m4-1,83.03,"{'m1-1': 2.194, 'm2-1': 1.432, 'm3-1': 4.731, 'm4-1': 0.706}",0.7454999999999998,87.533,inf,88.03,88.03,88.03
860,TT3,BESTEFFORT,MISSED,m2-1,83.115,"{'m1-1': 2.352, 'm2-1': 1.34, 'm3-1': 4.52, 'm4-1': 0.756}",0.7560000000000286,88.06299999999999,inf,88.315,88.315,88.315
861,TT1,BESTEFFORT,MISSED,m1-1,83.207,"{'m1-1': 2.471, 'm2-1': 1.696, 'm3-1': 3.604, 'm4-1': 0.798}",0.29759999999998854,88.021,inf,88.207,88.207,88.207
862,TT2,BESTEFFORT,MISSED,m3-1,83.283,"{'m1-1': 2.098, 'm2-1': 1.966, 'm3-1': 3.8, 'm4-1': 0.804}",0.7253999999999848,87.98,inf,88.383,88.383,88.383
863,TT4,BESTEFFORT,MISSED,m4-1,83.291,"{'m1-1': 2.386, 'm2-1': 1.89, 'm3-1': 3.757, 'm4-1': 0.793}",0.3914999999999935,88.03,inf,88.291,88.291,88.291
864,TT2,BESTEFFORT,MISSED,m4-1,83.295,"{'m1-1': 2.182, 'm2-1': 1.953, 'm3-1': 4.759, 'm4-1': 0.807}",0.1559999999999988,88.291,inf,88.395,88.395,88.395
865,TT4,BESTEFFORT,MISSED,m1-1,83.376,"{'m1-1': 1.918, 'm2-1': 1.809, 'm3-1': 3.758, 'm4-1': 0.983}",0.27040000000001785,88.207,inf,88.376,88.376,88.376
866,TT3,BESTEFFORT,MISSED,m3-1,83.482,"{'m1-1': 1.883, 'm2-1': 1.496, 'm3-1': 5.649, 'm4-1': 0.861}",0.5382000000000119,88.383,inf,88.682,88.682,88.682
867,TT1,BESTEFFORT,MISSED,m2-1,83.493,"{'m1-1': 1.996, 'm2-1': 1.541, 'm3-1': 3.886, 'm4-1': 0.727}",0.5339999999999918,88.315,inf,88.493,88.493,88.493
868,TT3,BESTEFFORT,MISSED,m4-1,83.687,"{'m1-1': 1.724, 'm2-1': 1.358, 'm3-1': 5.862, 'm4-1': 0.986}",0.7380000000000067,88.395,inf,88.887,88.887,88.887
869,TT1,BESTEFFORT,MISSED,m3-1,83.725,"{'m1-1': 2.553, 'm2-1': 1.423, 'm3-1': 4.609, 'm4-1': 0.855}",0.07739999999998588,88.682,inf,88.725,88.725,88.725
870,TT2,BESTEFFORT,MISSED,m1-1,83.728,"{'m1-1': 2.22, 'm2-1': 2.101, 'm3-1': 5.116, 'm4-1': 0.87}",0.7231999999999744,88.376,inf,88.82799999999999,88.82799999999999,88.82799999999999
871,TT3,BESTEFFORT,MISSED,m4-1,83.862,"{'m1-1': 2.26, 'm2-1': 1.352, 'm3-1': 4.872, 'm4-1': 0.845}",0.26249999999999574,88.887,inf,89.062,89.062,89.062
872,TT4,BESTEFFORT,MISSED,m2-1,83.923,"{'m1-1': 1.803, 'm2-1': 1.888, 'm3-1': 4.012, 'm4-1': 0.986}",1.2900000000000205,88.493,inf,88.923,88.923,88.923
873,TT4,BESTEFFORT,MISSED,m3-1,83.997,"{'m1-1': 2.257, 'm2-1': 1.555, 'm3-1': 4.046, 'm4-1': 0.885}",0.48960000000001,88.725,inf,88.997,88.997,88.997
874,TT4,BESTEFFORT,MISSED,m1-1,84.031,"{'m1-1': 2.095, 'm2-1': 1.648, 'm3-1': 4.29, 'm4-1': 0.846}",0.3248000000000275,88.82799999999999,inf,89.031,89.031,89.031
875,TT3,BESTEFFORT,MISSED,m1-1,84.156,"{'m1-1': 1.822, 'm2-1': 1.727, 'm3-1': 5.107, 'm4-1': 0.79}",0.5200000000000046,89.031,inf,89.35600000000001,89.35600000000001,89.35600000000001
876,TT1,BESTEFFORT,MISSED,m2-1,84.277,"{'m1-1': 2.01, 'm2-1': 1.453, 'm3-1': 3.875, 'm4-1': 0.828}",1.0619999999999976,88.923,inf,89.277,89.277,89.277
877,TT1,BESTEFFORT,MISSED,m4-1,84.367,"{'m1-1': 2.179, 'm2-1': 1.765, 'm3-1': 4.115, 'm4-1': 0.63}",0.45750000000001023,89.062,inf,89.367,89.367,89.367
878,TT4,BESTEFFORT,MISSED,m2-1,84.575,"{'m1-1': 2.099, 'm2-1': 1.832, 'm3-1': 5.094, 'm4-1': 0.963}",0.8940000000000055,89.277,inf,89.575,89.575,89.575
879,TT4,BESTEFFORT,MISSED,m1-1,84.607,"{'m1-1': 2.086, 'm2-1': 1.897, 'm3-1': 4.989, 'm4-1': 0.957}",0.4015999999999849,89.35600000000001,inf,89.607,89.607,89.607
880,TT3,BESTEFFORT,MISSED,m4-1,84.773,"{'m1-1': 2.307, 'm2-1': 1.694, 'm3-1': 5.419, 'm4-1': 0.768}",0.9089999999999918,89.367,inf,89.973,89.973,89.973
881,TT3,BESTEFFORT,MISSED,m2-1,84.774,"{'m1-1': 2.191, 'm2-1': 1.671, 'm3-1': 4.48, 'm4-1': 0.965}",1.1970000000000027,89.575,inf,89.974,89.974,89.974
882,TT3,BESTEFFORT,MISSED,m3-1,84.775,"{'m1-1': 1.887, 'm2-1': 1.428, 'm3-1': 4.609, 'm4-1': 0.786}",0.28080000000001065,89.819,inf,89.97500000000001,89.97500000000001,89.97500000000001
883,TT4,BESTEFFORT,MISSED,m3-1,84.819,"{'m1-1': 1.856, 'm2-1': 1.738, 'm3-1': 4.673, 'm4-1': 0.862}",1.479600000000005,88.997,inf,89.819,89.819,89.819
884,TT1,BESTEFFORT,MISSED,m3-1,85.042,"{'m1-1': 2.146, 'm2-1': 1.514, 'm3-1': 3.941, 'm4-1': 0.639}",0.12059999999998752,89.97500000000001,inf,90.042,90.042,90.042
885,TT3,BESTEFFORT,MISSED,m2-1,85.115,"{'m1-1': 2.286, 'm2-1': 1.689, 'm3-1': 5.693, 'm4-1': 0.937}",1.022999999999982,89.974,inf,90.315,90.315,90.315
886,TT3,BESTEFFORT,MISSED,m3-1,85.123,"{'m1-1': 1.805, 'm2-1': 1.416, 'm3-1': 4.623, 'm4-1': 0.788}",0.5058000000000107,90.042,inf,90.32300000000001,90.32300000000001,90.32300000000001
887,TT4,BESTEFFORT,MISSED,m1-1,85.152,"{'m1-1': 2.265, 'm2-1': 1.776, 'm3-1': 4.757, 'm4-1': 0.796}",0.8720000000000028,89.607,inf,90.152,90.152,90.152
888,TT2,BESTEFFORT,MISSED,m4-1,85.195,"{'m1-1': 2.114, 'm2-1': 1.535, 'm3-1': 4.76, 'm4-1': 0.851}",0.4829999999999828,89.973,inf,90.29499999999999,90.29499999999999,90.29499999999999
889,TT3,BESTEFFORT,MISSED,m1-1,85.279,"{'m1-1': 1.794, 'm2-1': 1.322, 'm3-1': 4.228, 'm4-1': 0.791}",0.5231999999999971,90.152,inf,90.479,90.479,90.479
890,TT2,BESTEFFORT,MISSED,m2-1,85.502,"{'m1-1': 2.03, 'm2-1': 1.784, 'm3-1': 3.628, 'm4-1': 1.013}",0.8609999999999758,90.315,inf,90.60199999999999,90.60199999999999,90.60199999999999
891,TT4,BESTEFFORT,MISSED,m4-1,85.521,"{'m1-1': 2.366, 'm2-1': 1.412, 'm3-1': 4.797, 'm4-1': 0.869}",0.33900000000001995,90.29499999999999,inf,90.521,90.521,90.521
892,TT2,BESTEFFORT,MISSED,m1-1,85.58,"{'m1-1': 2.128, 'm2-1': 2.005, 'm3-1': 4.602, 'm4-1': 0.911}",0.32159999999998945,90.479,inf,90.67999999999999,90.67999999999999,90.67999999999999
893,TT1,BESTEFFORT,MISSED,m4-1,85.769,"{'m1-1': 2.566, 'm2-1': 1.911, 'm3-1': 4.782, 'm4-1': 0.781}",0.372000000000007,90.521,inf,90.769,90.769,90.769
894,TT3,BESTEFFORT,MISSED,m1-1,85.817,"{'m1-1': 1.878, 'm2-1': 1.763, 'm3-1': 5.81, 'm4-1': 0.927}",0.5392000000000053,90.67999999999999,inf,91.017,91.017,91.017
895,TT1,BESTEFFORT,MISSED,m2-1,85.871,"{'m1-1': 2.238, 'm2-1': 1.583, 'm3-1': 4.053, 'm4-1': 0.676}",0.8070000000000164,90.60199999999999,inf,90.871,90.871,90.871
896,TT3,BESTEFFORT,MISSED,m3-1,85.929,"{'m1-1': 2.304, 'm2-1': 1.479, 'm3-1': 4.893, 'm4-1': 0.888}",1.4507999999999954,90.32300000000001,inf,91.129,91.129,91.129
897,TT2,BESTEFFORT,MISSED,m4-1,86.144,"{'m1-1': 2.011, 'm2-1': 1.889, 'm3-1': 3.681, 'm4-1': 1.002}",0.7124999999999915,90.769,inf,91.244,91.244,91.244
898,TT2,BESTEFFORT,MISSED,m3-1,86.371,"{'m1-1': 2.442, 'm2-1': 1.592, 'm3-1': 4.085, 'm4-1': 0.956}",0.6155999999999722,91.129,inf,91.47099999999999,91.47099999999999,91.47099999999999
899,TT1,BESTEFFORT,MISSED,m2-1,86.409,"{'m1-1': 1.894, 'm2-1': 1.908, 'm3-1': 4.138, 'm4-1': 0.81}",1.6140000000000327,90.871,inf,91.409,91.409,91.409
900,TT3,BESTEFFORT,MISSED,m3-1,86.538,"{'m1-1': 2.293, 'm2-1': 1.642, 'm3-1': 5.464, 'm4-1': 0.957}",0.48060000000001823,91.47099999999999,inf,91.738,91.738,91.738
901,TT3,BESTEFFORT,MISSED,m4-1,86.568,"{'m1-1': 1.893, 'm2-1': 1.6, 'm3-1': 5.252, 'm4-1': 0.893}",0.7860000000000014,91.244,inf,91.768,91.768,91.768
902,TT2,BESTEFFORT,MISSED,m1-1,86.649,"{'m1-1': 2.121, 'm2-1': 1.791, 'm3-1': 4.961, 'm4-1': 0.997}",1.171199999999999,91.017,inf,91.749,91.749,91.749
903,TT2,BESTEFFORT,MISSED,m2-1,86.815,"{'m1-1': 2.137, 'm2-1': 1.587, 'm3-1': 4.768, 'm4-1': 0.867}",1.517999999999958,91.409,inf,91.91499999999999,91.91499999999999,91.91499999999999
904,TT2,BESTEFFORT,MISSED,m3-1,86.858,"{'m1-1': 2.535, 'm2-1': 1.582, 'm3-1': 3.848, 'm4-1': 0.964}",0.39599999999999796,91.738,inf,91.958,91.958,91.958
905,TT2,BESTEFFORT,MISSED,m4-1,87.033,"{'m1-1': 2.13, 'm2-1': 1.543, 'm3-1': 4.167, 'm4-1': 0.993}",0.5474999999999923,91.768,inf,92.133,92.133,92.133
906,TT4,BESTEFFORT,MISSED,m1-1,87.079,"{'m1-1': 2.078, 'm2-1': 1.598, 'm3-1': 4.394, 'm4-1': 1.044}",0.5279999999999972,91.749,inf,92.079,92.079,92.079
907,TT2,BESTEFFORT,MISSED,m2-1,87.509,"{'m1-1': 2.37, 'm2-1': 1.604, 'm3-1': 5.011, 'm4-1': 0.884}",2.082000000000008,91.91499999999999,inf,92.609,92.609,92.609
908,TT2,BESTEFFORT,MISSED,m1-1,87.532,"{'m1-1': 2.045, 'm2-1': 1.999, 'm3-1': 4.933, 'm4-1': 0.956}",0.8847999999999957,92.079,inf,92.63199999999999,92.63199999999999,92.63199999999999
909,TT2,BESTEFFORT,MISSED,m4-1,87.537,"{'m1-1': 1.89, 'm2-1': 1.889, 'm3-1': 4.225, 'm4-1': 0.913}",0.7560000000000073,92.133,inf,92.637,92.637,92.637
910,TT4,BESTEFFORT,MISSED,m2-1,87.713,"{'m1-1': 1.785, 'm2-1': 1.451, 'm3-1': 4.321, 'm4-1': 1.003}",0.3119999999999976,92.609,inf,92.713,92.713,92.713
911,TT4,BESTEFFORT,MISSED,m1-1,88.103,"{'m1-1': 2.281, 'm2-1': 1.768, 'm3-1': 4.673, 'm4-1': 0.984}",0.7536000000000058,92.63199999999999,inf,93.103,93.103,93.103
912,TT1,BESTEFFORT,MISSED,m3-1,88.138,"{'m1-1': 2.493, 'm2-1': 1.433, 'm3-1': 4.82, 'm4-1': 0.777}",2.1240000000000125,91.958,inf,93.138,93.138,93.138
913,TT2,BESTEFFORT,MISSED,m2-1,88.18,"{'m1-1': 2.226, 'm2-1': 1.99, 'm3-1': 3.984, 'm4-1': 0.908}",1.7010000000000218,92.713,inf,93.28,93.28,93.28
914,TT3,BESTEFFORT,MISSED,m3-1,88.202,"{'m1-1': 2.013, 'm2-1': 1.388, 'm3-1': 4.428, 'm4-1': 0.892}",0.47519999999999246,93.138,inf,93.402,93.402,93.402
915,TT3,BESTEFFORT,MISSED,m3-1,88.234,"{'m1-1': 1.878, 'm2-1': 1.331, 'm3-1': 4.32, 'm4-1': 0.926}",0.057599999999993656,93.402,inf,93.434,93.434,93.434
916,TT1,BESTEFFORT,MISSED,m4-1,88.278,"{'m1-1': 1.94, 'm2-1': 1.872, 'm3-1': 3.877, 'm4-1': 0.826}",0.961500000000008,92.637,inf,93.278,93.278,93.278
917,TT2,BESTEFFORT,MISSED,m4-1,88.426,"{'m1-1': 2.404, 'm2-1': 2.067, 'm3-1': 3.927, 'm4-1': 0.841}",0.3719999999999857,93.278,inf,93.526,93.526,93.526
918,TT4,BESTEFFORT,MISSED,m1-1,88.488,"{'m1-1': 2.242, 'm2-1': 1.473, 'm3-1': 4.463, 'm4-1': 0.77}",0.6160000000000082,93.103,inf,93.488,93.488,93.488
919,TT1,BESTEFFORT,MISSED,m2-1,88.545,"{'m1-1': 2.572, 'm2-1': 1.868, 'm3-1': 4.266, 'm4-1': 0.759}",0.7950000000000017,93.28,inf,93.545,93.545,93.545
920,TT1,BESTEFFORT,MISSED,m3-1,88.595,"{'m1-1': 1.938, 'm2-1': 1.974, 'm3-1': 4.032, 'm4-1': 0.832}",0.28980000000000244,93.434,inf,93.595,93.595,93.595
921,TT1,BESTEFFORT,MISSED,m1-1,88.787,"{'m1-1': 2.595, 'm2-1': 1.846, 'm3-1': 4.71, 'm4-1': 0.745}",0.4784000000000106,93.488,inf,93.787,93.787,93.787
922,TT4,BESTEFFORT,MISSED,m4-1,88.943,"{'m1-1': 1.915, 'm2-1': 1.624, 'm3-1': 4.605, 'm4-1': 0.802}",0.6255000000000024,93.526,inf,93.943,93.943,93.943
923,TT2,BESTEFFORT,MISSED,m2-1,89.028,"{'m1-1': 2.343, 'm2-1': 1.748, 'm3-1': 3.772, 'm4-1': 0.998}",1.7489999999999952,93.545,inf,94.128,94.128,94.128
924,TT3,BESTEFFORT,MISSED,m2-1,89.161,"{'m1-1': 2.153, 'm2-1': 1.275, 'm3-1': 4.93, 'm4-1': 0.814}",0.6990000000000123,94.128,inf,94.361,94.361,94.361
925,TT2,BESTEFFORT,MISSED,m4-1,89.174,"{'m1-1': 2.098, 'm2-1': 1.581, 'm3-1': 3.913, 'm4-1': 0.777}",0.4965000000000046,93.943,inf,94.274,94.274,94.274
926,TT4,BESTEFFORT,MISSED,m1-1,89.258,"{'m1-1': 1.91, 'm2-1': 1.658, 'm3-1': 4.352, 'm4-1': 0.889}",0.7535999999999832,93.787,inf,94.258,94.258,94.258
927,TT1,BESTEFFORT,MISSED,m1-1,89.701,"{'m1-1': 2.153, 'm2-1': 1.591, 'm3-1': 3.685, 'm4-1': 0.684}",0.7087999999999965,94.258,inf,94.701,94.701,94.701
928,TT3,BESTEFFORT,MISSED,m3-1,89.794,"{'m1-1': 1.884, 'm2-1': 1.377, 'm3-1': 5.044, 'm4-1': 0.752}",0.36000000000000515,94.794,inf,94.994,94.994,94.994
929,TT4,BESTEFFORT,MISSED,m3-1,89.794,"{'m1-1': 2.322, 'm2-1': 1.358, 'm3-1': 4.639, 'm4-1': 0.876}",2.158199999999997,93.595,inf,94.794,94.794,94.794
930,TT2,BESTEFFORT,MISSED,m2-1,89.812,"{'m1-1': 2.426, 'm2-1': 1.832, 'm3-1': 4.508, 'm4-1': 0.74}",1.6529999999999632,94.361,inf,94.91199999999999,94.91199999999999,94.91199999999999
931,TT3,BESTEFFORT,MISSED,m3-1,89.822,"{'m1-1': 1.984, 'm2-1': 1.358, 'm3-1': 5.399, 'm4-1': 0.924}",0.050400000000010436,94.994,inf,95.022,95.022,95.022
932,TT4,BESTEFFORT,MISSED,m4-1,89.876,"{'m1-1': 2.44, 'm2-1': 1.884, 'm3-1': 4.808, 'm4-1': 1.024}",0.9030000000000058,94.274,inf,94.876,94.876,94.876
933,TT4,BESTEFFORT,MISSED,m1-1,90.242,"{'m1-1': 1.989, 'm2-1': 1.864, 'm3-1': 4.739, 'm4-1': 0.932}",0.8656000000000177,94.701,inf,95.242,95.242,95.242
934,TT3,BESTEFFORT,MISSED,m3-1,90.464,"{'m1-1': 2.361, 'm2-1': 1.473, 'm3-1': 5.741, 'm4-1': 0.785}",1.1555999999999926,95.022,inf,95.664,95.664,95.664
935,TT3,BESTEFFORT,MISSED,m4-1,90.547,"{'m1-1': 2.398, 'm2-1': 1.378, 'm3-1': 4.874, 'm4-1': 0.84}",0.29399999999999693,95.551,inf,95.747,95.747,95.747
936,TT4,BESTEFFORT,MISSED,m4-1,90.551,"{'m1-1': 2.265, 'm2-1': 1.489, 'm3-1': 4.352, 'm4-1': 0.901}",1.0124999999999957,94.876,inf,95.551,95.551,95.551
937,TT3,BESTEFFORT,MISSED,m1-1,90.628,"{'m1-1': 1.9, 'm2-1': 1.622, 'm3-1': 5.661, 'm4-1': 0.81}",0.14400000000000546,95.738,inf,95.828,95.828,95.828
938,TT1,BESTEFFORT,MISSED,m2-1,90.644,"{'m1-1': 2.321, 'm2-1': 1.55, 'm3-1': 4.468, 'm4-1': 0.689}",2.1960000000000406,94.91199999999999,inf,95.644,95.644,95.644
939,TT4,BESTEFFORT,MISSED,m1-1,90.738,"{'m1-1': 2.249, 'm2-1': 1.837, 'm3-1': 3.846, 'm4-1': 1.028}",0.7935999999999922,95.242,inf,95.738,95.738,95.738
940,TT4,BESTEFFORT,MISSED,m2-1,90.789,"{'m1-1': 2.042, 'm2-1': 1.6, 'm3-1': 4.417, 'm4-1': 0.761}",0.43499999999998806,95.644,inf,95.789,95.789,95.789
941,TT1,BESTEFFORT,MISSED,m4-1,91.099,"{'m1-1': 2.23, 'm2-1': 1.827, 'm3-1': 4.749, 'm4-1': 0.676}",0.5280000000000058,95.747,inf,96.099,96.099,96.099
942,TT1,BESTEFFORT,MISSED,m2-1,91.144,"{'m1-1': 1.886, 'm2-1': 1.458, 'm3-1': 4.76, 'm4-1': 0.832}",1.065000000000012,95.789,inf,96.144,96.144,96.144
943,TT4,BESTEFFORT,MISSED,m1-1,91.252,"{'m1-1': 2.201, 'm2-1': 1.513, 'm3-1': 4.095, 'm4-1': 0.911}",0.6783999999999879,95.828,inf,96.252,96.252,96.252
944,TT1,BESTEFFORT,MISSED,m3-1,91.315,"{'m1-1': 2.214, 'm2-1': 1.763, 'm3-1': 4.765, 'm4-1': 0.69}",1.1717999999999933,95.664,inf,96.315,96.315,96.315
945,TT4,BESTEFFORT,MISSED,m2-1,91.597,"{'m1-1': 2.414, 'm2-1': 1.61, 'm3-1': 4.606, 'm4-1': 0.831}",1.3589999999999662,96.144,inf,96.597,96.597,96.597
946,TT1,BESTEFFORT,MISSED,m4-1,91.597,"{'m1-1': 2.117, 'm2-1': 1.618, 'm3-1': 4.583, 'm4-1': 0.853}",0.7469999999999857,96.099,inf,96.597,96.597,96.597
947,TT1,BESTEFFORT,MISSED,m3-1,91.606,"{'m1-1': 2.625, 'm2-1': 1.73, 'm3-1': 3.948, 'm4-1': 0.847}",0.5237999999999943,96.315,inf,96.606,96.606,96.606
948,TT1,BESTEFFORT,MISSED,m3-1,91.696,"{'m1-1': 2.24, 'm2-1': 1.662, 'm3-1': 4.549, 'm4-1': 0.863}",0.16200000000000614,96.606,inf,96.696,96.696,96.696
949,TT3,BESTEFFORT,MISSED,m2-1,91.703,"{'m1-1': 1.926, 'm2-1': 1.389, 'm3-1': 4.712, 'm4-1': 0.831}",0.9180000000000348,96.597,inf,96.903,96.903,96.903
950,TT2,BESTEFFORT,MISSED,m3-1,91.812,"{'m1-1': 2.016, 'm2-1': 1.909, 'm3-1': 4.368, 'm4-1': 1.014}",0.38879999999998915,96.696,inf,96.91199999999999,96.91199999999999,96.91199999999999
951,TT1,BESTEFFORT,MISSED,m1-1,91.826,"{'m1-1': 1.954, 'm2-1': 1.631, 'm3-1': 3.624, 'm4-1': 0.716}",0.918399999999997,96.252,inf,96.826,96.826,96.826
952,TT4,BESTEFFORT,MISSED,m4-1,91.899,"{'m1-1': 2.423, 'm2-1': 1.582, 'm3-1': 4.334, 'm4-1': 0.79}",0.45300000000001006,96.597,inf,96.899,96.899,96.899
953,TT1,BESTEFFORT,MISSED,m1-1,92.049,"{'m1-1': 2.193, 'm2-1': 1.473, 'm3-1': 4.564, 'm4-1': 0.715}",0.3568000000000211,96.826,inf,97.049,97.049,97.049
954,TT3,BESTEFFORT,MISSED,m2-1,92.101,"{'m1-1': 1.985, 'm2-1': 1.737, 'm3-1': 5.163, 'm4-1': 0.917}",1.1939999999999884,96.903,inf,97.301,97.301,97.301
955,TT3,BESTEFFORT,MISSED,m4-1,92.18,"{'m1-1': 2.246, 'm2-1': 1.391, 'm3-1': 5.201, 'm4-1': 0.84}",0.12750000000001194,97.295,inf,97.38000000000001,97.38000000000001,97.38000000000001
956,TT2,BESTEFFORT,MISSED,m2-1,92.281,"{'m1-1': 2.502, 'm2-1': 2.057, 'm3-1': 4.293, 'm4-1': 0.985}",0.23999999999999488,97.301,inf,97.381,97.381,97.381
957,TT4,BESTEFFORT,MISSED,m4-1,92.295,"{'m1-1': 2.006, 'm2-1': 1.429, 'm3-1': 3.647, 'm4-1': 1.007}",0.5940000000000012,96.899,inf,97.295,97.295,97.295
958,TT1,BESTEFFORT,MISSED,m1-1,92.359,"{'m1-1': 2.343, 'm2-1': 1.445, 'm3-1': 4.967, 'm4-1': 0.674}",0.4959999999999809,97.049,inf,97.359,97.359,97.359
959,TT4,BESTEFFORT,MISSED,m1-1,92.513,"{'m1-1': 2.021, 'm2-1': 1.579, 'm3-1': 4.049, 'm4-1': 1.041}",0.24640000000001694,97.359,inf,97.513,97.513,97.513
960,TT2,BESTEFFORT,MISSED,m4-1,92.609,"{'m1-1': 2.169, 'm2-1': 1.982, 'm3-1': 3.652, 'm4-1': 0.944}",0.49349999999996896,97.38000000000001,inf,97.70899999999999,97.70899999999999,97.70899999999999
961,TT4,BESTEFFORT,MISSED,m3-1,92.704,"{'m1-1': 1.939, 'm2-1': 1.724, 'm3-1': 4.859, 'm4-1': 0.93}",1.4256000000000029,96.91199999999999,inf,97.704,97.704,97.704
962,TT3,BESTEFFORT,MISSED,m2-1,92.749,"{'m1-1': 2.018, 'm2-1': 1.412, 'm3-1': 5.591, 'm4-1': 0.95}",1.7039999999999935,97.381,inf,97.949,97.949,97.949
963,TT2,BESTEFFORT,MISSED,m1-1,93.065,"{'m1-1': 2.276, 'm2-1': 1.528, 'm3-1': 4.582, 'm4-1': 0.726}",1.043199999999979,97.513,inf,98.16499999999999,98.16499999999999,98.16499999999999
964,TT4,BESTEFFORT,MISSED,m3-1,93.141,"{'m1-1': 2.114, 'm2-1': 1.6, 'm3-1': 4.003, 'm4-1': 0.933}",0.7866000000000213,97.704,inf,98.141,98.141,98.141
965,TT4,BESTEFFORT,MISSED,m3-1,93.142,"{'m1-1': 1.89, 'm2-1': 1.573, 'm3-1': 4.618, 'm4-1': 0.884}",0.0017999999999830153,98.141,inf,98.142,98.142,98.142
966,TT3,BESTEFFORT,MISSED,m2-1,93.215,"{'m1-1': 2.318, 'm2-1': 1.444, 'm3-1': 4.684, 'm4-1': 0.888}",1.3980000000000246,97.949,inf,98.415,98.415,98.415
967,TT2,BESTEFFORT,MISSED,m4-1,93.285,"{'m1-1': 2.32, 'm2-1': 1.894, 'm3-1': 4.275, 'm4-1': 0.933}",1.014000000000003,97.70899999999999,inf,98.38499999999999,98.38499999999999,98.38499999999999
968,TT3,BESTEFFORT,MISSED,m1-1,93.32,"{'m1-1': 2.384, 'm2-1': 1.561, 'm3-1': 5.695, 'm4-1': 0.958}",0.5680000000000064,98.16499999999999,inf,98.52,98.52,98.52
969,TT1,BESTEFFORT,MISSED,m3-1,93.465,"{'m1-1': 2.494, 'm2-1': 1.784, 'm3-1': 3.676, 'm4-1': 0.784}",0.5814000000000136,98.142,inf,98.465,98.465,98.465
970,TT1,BESTEFFORT,MISSED,m4-1,93.83,"{'m1-1': 2.006, 'm2-1': 1.446, 'm3-1': 4.363, 'm4-1': 0.732}",0.6675000000000111,98.38499999999999,inf,98.83,98.83,98.83
971,TT4,BESTEFFORT,MISSED,m2-1,94.558,"{'m1-1': 2.274, 'm2-1': 1.558, 'm3-1': 3.884, 'm4-1': 1.032}",3.429000000000002,98.415,inf,99.558,99.558,99.558
972,TT4,BESTEFFORT,MISSED,m1-1,94.629,"{'m1-1': 2.208, 'm2-1': 1.836, 'm3-1': 4.269, 'm4-1': 0.831}",1.7744000000000142,98.52,inf,99.629,99.629,99.629
973,TT4,BESTEFFORT,MISSED,m4-1,94.633,"{'m1-1': 1.87, 'm2-1': 1.479, 'm3-1': 4.032, 'm4-1': 1.013}",1.204499999999996,98.83,inf,99.633,99.633,99.633
974,TT1,BESTEFFORT,MISSED,m2-1,94.686,"{'m1-1': 2.27, 'm2-1': 1.89, 'm3-1': 4.479, 'm4-1': 0.825}",0.38400000000000034,99.558,inf,99.686,99.686,99.686
975,TT3,BESTEFFORT,MISSED,m4-1,94.926,"{'m1-1': 1.89, 'm2-1': 1.657, 'm3-1': 4.92, 'm4-1': 0.914}",0.7395000000000138,99.633,inf,100.126,100.126,100.126
976,TT3,BESTEFFORT,MISSED,m2-1,94.966,"{'m1-1': 2.281, 'm2-1': 1.584, 'm3-1': 5.798, 'm4-1': 0.832}",1.4399999999999693,99.686,inf,100.166,100.166,100.166
977,TT1,BESTEFFORT,MISSED,m1-1,95.054,"{'m1-1': 1.999, 'm2-1': 1.973, 'm3-1': 4.083, 'm4-1': 0.699}",0.6799999999999955,99.629,inf,100.054,100.054,100.054
978,TT4,BESTEFFORT,MISSED,m3-1,95.089,"{'m1-1': 2.201, 'm2-1': 1.776, 'm3-1': 4.592, 'm4-1': 0.859}",2.9231999999999916,98.465,inf,100.089,100.089,100.089
979,TT4,BESTEFFORT,MISSED,m3-1,95.173,"{'m1-1': 1.979, 'm2-1': 1.529, 'm3-1': 4.467, 'm4-1': 0.806}",0.15120000000000575,100.089,inf,100.173,100.173,100.173
980,TT3,BESTEFFORT,MISSED,m3-1,95.191,"{'m1-1': 1.827, 'm2-1': 1.715, 'm3-1': 5.266, 'm4-1': 0.815}",0.3456000000000131,100.199,inf,100.391,100.391,100.391
981,TT2,BESTEFFORT,MISSED,m1-1,95.194,"{'m1-1': 2.589, 'm2-1': 1.73, 'm3-1': 4.49, 'm4-1': 0.732}",0.38399999999999185,100.054,inf,100.294,100.294,100.294
982,TT4,BESTEFFORT,MISSED,m3-1,95.199,"{'m1-1': 2.271, 'm2-1': 1.804, 'm3-1': 4.686, 'm4-1': 0.909}",0.04679999999999325,100.173,inf,100.199,100.199,100.199
983,TT2,BESTEFFORT,MISSED,m4-1,95.202,"{'m1-1': 2.207, 'm2-1': 1.619, 'm3-1': 3.64, 'm4-1': 0.947}",0.2639999999999816,100.126,inf,100.30199999999999,100.30199999999999,100.30199999999999
984,TT4,BESTEFFORT,MISSED,m2-1,95.329,"{'m1-1': 1.911, 'm2-1': 1.481, 'm3-1': 4.364, 'm4-1': 0.755}",0.4889999999999901,100.166,inf,100.329,100.329,100.329
985,TT4,BESTEFFORT,MISSED,m1-1,95.576,"{'m1-1': 2.213, 'm2-1': 1.427, 'm3-1': 4.092, 'm4-1': 0.798}",0.4511999999999944,100.294,inf,100.576,100.576,100.576
986,TT2,BESTEFFORT,MISSED,m2-1,95.581,"{'m1-1': 2.545, 'm2-1': 1.787, 'm3-1': 3.911, 'm4-1': 0.872}",1.0560000000000116,100.329,inf,100.681,100.681,100.681
987,TT4,BESTEFFORT,MISSED,m4-1,95.65,"{'m1-1': 2.092, 'm2-1': 1.452, 'm3-1': 3.666, 'm4-1': 0.928}",0.5220000000000198,100.30199999999999,inf,100.65,100.65,100.65
988,TT4,BESTEFFORT,MISSED,m1-1,95.715,"{'m1-1': 2.123, 'm2-1': 1.721, 'm3-1': 4.207, 'm4-1': 0.99}",0.22240000000001603,100.576,inf,100.715,100.715,100.715
989,TT1,BESTEFFORT,MISSED,m4-1,95.72,"{'m1-1': 2.12, 'm2-1': 1.582, 'm3-1': 3.987, 'm4-1': 0.768}",0.10499999999998977,100.65,inf,100.72,100.72,100.72
990,TT1,BESTEFFORT,MISSED,m2-1,95.746,"{'m1-1': 2.166, 'm2-1': 1.691, 'm3-1': 4.075, 'm4-1': 0.736}",0.19499999999999318,100.681,inf,100.746,100.746,100.746
991,TT2,BESTEFFORT,MISSED,m3-1,95.989,"{'m1-1': 2.065, 'm2-1': 1.522, 'm3-1': 4.269, 'm4-1': 0.966}",1.256399999999988,100.391,inf,101.089,101.089,101.089
992,TT4,BESTEFFORT,MISSED,m1-1,96.006,"{'m1-1': 2.3, 'm2-1': 1.797, 'm3-1': 4.571, 'm4-1': 0.789}",0.4655999999999949,100.715,inf,101.006,101.006,101.006
993,TT4,BESTEFFORT,MISSED,m4-1,96.131,"{'m1-1': 2.109, 'm2-1': 1.512, 'm3-1': 4.571, 'm4-1': 0.775}",0.616500000000002,100.72,inf,101.131,101.131,101.131
994,TT4,BESTEFFORT,MISSED,m2-1,96.15,"{'m1-1': 2.346, 'm2-1': 1.69, 'm3-1': 5.062, 'm4-1': 0.954}",1.2120000000000317,100.746,inf,101.15,101.15,101.15
995,TT3,BESTEFFORT,MISSED,m3-1,96.241,"{'m1-1': 1.884, 'm2-1': 1.702, 'm3-1': 4.423, 'm4-1': 0.769}",0.6336000000000069,101.089,inf,101.441,101.441,101.441
996,TT3,BESTEFFORT,MISSED,m3-1,96.428,"{'m1-1': 1.724, 'm2-1': 1.491, 'm3-1': 5.535, 'm4-1': 0.868}",0.33659999999999574,101.441,inf,101.628,101.628,101.628
997,TT2,BESTEFFORT,MISSED,m1-1,96.741,"{'m1-1': 1.944, 'm2-1': 1.821, 'm3-1': 4.501, 'm4-1': 0.857}",1.33599999999999,101.006,inf,101.841,101.841,101.841
998,TT4,BESTEFFORT,MISSED,m4-1,96.925,"{'m1-1': 2.426, 'm2-1': 1.743, 'm3-1': 4.828, 'm4-1': 0.972}",1.1909999999999954,101.131,inf,101.925,101.925,101.925
999,TT4,BESTEFFORT,MISSED,m2-1,97.143,"{'m1-1': 1.911, 'm2-1': 1.689, 'm3-1': 4.094, 'm4-1': 0.964}",2.978999999999985,101.15,inf,102.143,102.143,102.143
1000,TT2,BESTEFFORT,MISSED,m3-1,97.317,"{'m1-1': 1.914, 'm2-1': 1.582, 'm3-1': 4.885, 'm4-1': 0.751}",1.420199999999977,101.628,inf,102.41699999999999,102.41699999999999,102.41699999999999
1001,TT3,BESTEFFORT,MISSED,m2-1,97.328,"{'m1-1': 2.269, 'm2-1': 1.762, 'm3-1': 4.266, 'm4-1': 0.726}",1.1550000000000153,102.143,inf,102.528,102.528,102.528
1002,TT3,BESTEFFORT,MISSED,m1-1,97.368,"{'m1-1': 2.275, 'm2-1': 1.551, 'm3-1': 5.951, 'm4-1': 0.85}",0.22239999999999327,102.429,inf,102.568,102.568,102.568
1003,TT3,BESTEFFORT,MISSED,m4-1,97.376,"{'m1-1': 1.724, 'm2-1': 1.682, 'm3-1': 4.72, 'm4-1': 0.787}",0.08550000000000324,102.519,inf,102.57600000000001,102.57600000000001,102.57600000000001
1004,TT4,BESTEFFORT,MISSED,m1-1,97.429,"{'m1-1': 2.168, 'm2-1': 1.852, 'm3-1': 3.838, 'm4-1': 0.79}",0.940800000000013,101.841,inf,102.429,102.429,102.429
1005,TT4,BESTEFFORT,MISSED,m4-1,97.519,"{'m1-1': 2.405, 'm2-1': 1.751, 'm3-1': 4.353, 'm4-1': 0.939}",0.8910000000000124,101.925,inf,102.519,102.519,102.519
1006,TT2,BESTEFFORT,MISSED,m2-1,97.563,"{'m1-1': 2.643, 'm2-1': 1.662, 'm3-1': 4.582, 'm4-1': 0.813}",0.4049999999999727,102.528,inf,102.663,102.663,102.663
1007,TT4,BESTEFFORT,MISSED,m1-1,97.666,"{'m1-1': 2.013, 'm2-1': 1.578, 'm3-1': 3.858, 'm4-1': 0.888}",0.15679999999999839,102.568,inf,102.666,102.666,102.666
1008,TT1,BESTEFFORT,MISSED,m3-1,97.816,"{'m1-1': 2.346, 'm2-1': 1.565, 'm3-1': 4.331, 'm4-1': 0.668}",0.7182000000000273,102.41699999999999,inf,102.816,102.816,102.816
1009,TT3,BESTEFFORT,MISSED,m3-1,97.96,"{'m1-1': 2.255, 'm2-1': 1.466, 'm3-1': 4.637, 'm4-1': 0.795}",0.6191999999999894,102.816,inf,103.16,103.16,103.16
1010,TT2,BESTEFFORT,MISSED,m2-1,98.004,"{'m1-1': 2.015, 'm2-1': 1.749, 'm3-1': 4.062, 'm4-1': 0.731}",1.3230000000000075,102.663,inf,103.104,103.104,103.104
1011,TT1,BESTEFFORT,MISSED,m4-1,98.039,"{'m1-1': 2.249, 'm2-1': 1.782, 'm3-1': 4.11, 'm4-1': 0.809}",0.6944999999999908,102.57600000000001,inf,103.039,103.039,103.039
1012,TT2,BESTEFFORT,MISSED,m3-1,98.096,"{'m1-1': 2.439, 'm2-1': 1.821, 'm3-1': 4.26, 'm4-1': 0.955}",0.06480000000000245,103.16,inf,103.196,103.196,103.196
1013,TT2,BESTEFFORT,MISSED,m1-1,98.099,"{'m1-1': 2.104, 'm2-1': 1.757, 'm3-1': 3.875, 'm4-1': 0.822}",0.852800000000002,102.666,inf,103.199,103.199,103.199
1014,TT3,BESTEFFORT,MISSED,m2-1,98.16,"{'m1-1': 1.955, 'm2-1': 1.501, 'm3-1': 4.415, 'm4-1': 0.869}",0.7680000000000007,103.104,inf,103.36,103.36,103.36
1015,TT3,BESTEFFORT,MISSED,m1-1,98.216,"{'m1-1': 2.423, 'm2-1': 1.326, 'm3-1': 5.384, 'm4-1': 0.99}",0.347199999999998,103.199,inf,103.416,103.416,103.416
1016,TT1,BESTEFFORT,MISSED,m4-1,98.296,"{'m1-1': 1.863, 'm2-1': 1.981, 'm3-1': 3.981, 'm4-1': 0.722}",0.3855000000000075,103.039,inf,103.296,103.296,103.296
1017,TT1,BESTEFFORT,MISSED,m3-1,98.364,"{'m1-1': 2.38, 'm2-1': 1.738, 'm3-1': 4.967, 'm4-1': 0.678}",0.3024000000000115,103.196,inf,103.364,103.364,103.364
1018,TT1,BESTEFFORT,MISSED,m4-1,98.472,"{'m1-1': 2.1, 'm2-1': 1.97, 'm3-1': 3.803, 'm4-1': 0.863}",0.2639999999999816,103.296,inf,103.472,103.472,103.472
1019,TT3,BESTEFFORT,MISSED,m2-1,98.647,"{'m1-1': 1.811, 'm2-1': 1.66, 'm3-1': 4.851, 'm4-1': 0.766}",1.461000000000027,103.36,inf,103.84700000000001,103.84700000000001,103.84700000000001
1020,TT3,BESTEFFORT,MISSED,m1-1,99.188,"{'m1-1': 2.057, 'm2-1': 1.509, 'm3-1': 4.247, 'm4-1': 0.991}",0.24640000000001694,104.234,inf,104.388,104.388,104.388
1021,TT4,BESTEFFORT,MISSED,m1-1,99.234,"{'m1-1': 2.423, 'm2-1': 1.667, 'm3-1': 3.71, 'm4-1': 1.04}",1.3087999999999966,103.416,inf,104.234,104.234,104.234
1022,TT2,BESTEFFORT,MISSED,m2-1,99.273,"{'m1-1': 2.253, 'm2-1': 1.695, 'm3-1': 4.238, 'm4-1': 0.956}",1.5779999999999461,103.84700000000001,inf,104.37299999999999,104.37299999999999,104.37299999999999
1023,TT1,BESTEFFORT,COMPLETED,m4-1,99.277,"{'m1-1': 1.905, 'm2-1': 1.603, 'm3-1': 3.773, 'm4-1': 0.664}",0.996,103.472,104.136,inf,104.277,104.277
1024,TT3,BESTEFFORT,MISSED,m3-1,99.347,"{'m1-1': 1.786, 'm2-1': 1.676, 'm3-1': 4.361, 'm4-1': 0.777}",2.129399999999987,103.364,inf,104.547,104.547,104.547
1025,TT2,BESTEFFORT,MISSED,m4-1,99.648,"{'m1-1': 2.229, 'm2-1': 1.626, 'm3-1': 4.56, 'm4-1': 0.83}",0.9179999999999922,104.136,inf,104.74799999999999,104.74799999999999,104.74799999999999
1026,TT1,BESTEFFORT,MISSED,m2-1,99.753,"{'m1-1': 2.156, 'm2-1': 1.983, 'm3-1': 4.386, 'm4-1': 0.816}",1.140000000000029,104.37299999999999,inf,104.753,104.753,104.753
1027,TT3,BESTEFFORT,MISSED,m3-1,99.814,"{'m1-1': 1.747, 'm2-1': 1.395, 'm3-1': 5.943, 'm4-1': 0.784}",0.3041999999999945,104.845,inf,105.014,105.014,105.014
1028,TT4,BESTEFFORT,MISSED,m3-1,99.845,"{'m1-1': 2.125, 'm2-1': 1.822, 'm3-1': 5.068, 'm4-1': 0.815}",0.5364000000000033,104.547,inf,104.845,104.845,104.845
1029,TT2,BESTEFFORT,MISSED,m2-1,99.924,"{'m1-1': 2.011, 'm2-1': 1.844, 'm3-1': 4.125, 'm4-1': 0.923}",0.8130000000000024,104.753,inf,105.024,105.024,105.024
1030,TT4,BESTEFFORT,MISSED,m1-1,100.016,"{'m1-1': 2.37, 'm2-1': 1.665, 'm3-1': 4.899, 'm4-1': 0.81}",1.0048000000000001,104.388,inf,105.016,105.016,105.016
1031,TT1,BESTEFFORT,MISSED,m4-1,100.018,"{'m1-1': 2.238, 'm2-1': 1.586, 'm3-1': 4.052, 'm4-1': 0.61}",0.40500000000001535,104.74799999999999,inf,105.018,105.018,105.018
1032,TT2,BESTEFFORT,MISSED,m3-1,100.096,"{'m1-1': 2.422, 'm2-1': 1.838, 'm3-1': 3.936, 'm4-1': 0.782}",0.3276000000000039,105.014,inf,105.196,105.196,105.196
1033,TT1,BESTEFFORT,MISSED,m1-1,100.306,"{'m1-1': 2.173, 'm2-1': 1.413, 'm3-1': 3.748, 'm4-1': 0.854}",0.4639999999999873,105.016,inf,105.306,105.306,105.306
1034,TT4,BESTEFFORT,MISSED,m4-1,100.342,"{'m1-1': 2.156, 'm2-1': 1.836, 'm3-1': 4.38, 'm4-1': 0.877}",0.4859999999999971,105.018,inf,105.342,105.342,105.342
1035,TT1,BESTEFFORT,MISSED,m2-1,100.51,"{'m1-1': 2.147, 'm2-1': 1.677, 'm3-1': 4.389, 'm4-1': 0.627}",1.4580000000000126,105.024,inf,105.51,105.51,105.51
1036,TT4,BESTEFFORT,MISSED,m4-1,100.523,"{'m1-1': 2.228, 'm2-1': 1.751, 'm3-1': 4.653, 'm4-1': 0.911}",0.2714999999999961,105.342,inf,105.523,105.523,105.523
1037,TT2,BESTEFFORT,MISSED,m2-1,100.978,"{'m1-1': 1.95, 'm2-1': 1.702, 'm3-1': 4.213, 'm4-1': 0.94}",1.7039999999999509,105.51,inf,106.07799999999999,106.07799999999999,106.07799999999999
1038,TT1,BESTEFFORT,MISSED,m1-1,101.006,"{'m1-1': 2.258, 'm2-1': 1.433, 'm3-1': 3.984, 'm4-1': 0.619}",1.1200000000000045,105.306,inf,106.006,106.006,106.006
1039,TT1,BESTEFFORT,MISSED,m1-1,101.111,"{'m1-1': 1.86, 'm2-1': 1.69, 'm3-1': 4.674, 'm4-1': 0.656}",0.16800000000000637,106.006,inf,106.111,106.111,106.111
1040,TT1,BESTEFFORT,MISSED,m3-1,101.159,"{'m1-1': 2.291, 'm2-1': 1.87, 'm3-1': 4.645, 'm4-1': 0.859}",1.7334000000000145,105.196,inf,106.159,106.159,106.159
1041,TT4,BESTEFFORT,MISSED,m4-1,101.356,"{'m1-1': 1.964, 'm2-1': 1.872, 'm3-1': 3.942, 'm4-1': 0.894}",1.2494999999999976,105.523,inf,106.356,106.356,106.356
1042,TT3,BESTEFFORT,MISSED,m3-1,101.418,"{'m1-1': 1.81, 'm2-1': 1.763, 'm3-1': 5.91, 'm4-1': 1.011}",0.8262000000000057,106.159,inf,106.61800000000001,106.61800000000001,106.61800000000001
1043,TT1,BESTEFFORT,MISSED,m2-1,101.586,"{'m1-1': 1.88, 'm2-1': 1.73, 'm3-1': 4.924, 'm4-1': 0.627}",1.5240000000000293,106.07799999999999,inf,106.586,106.586,106.586
1044,TT4,BESTEFFORT,MISSED,m3-1,101.759,"{'m1-1': 2.078, 'm2-1': 1.363, 'm3-1': 3.991, 'm4-1': 0.896}",0.25379999999998404,106.61800000000001,inf,106.759,106.759,106.759
1045,TT1,BESTEFFORT,MISSED,m1-1,101.762,"{'m1-1': 2.209, 'm2-1': 1.643, 'm3-1': 3.663, 'm4-1': 0.651}",1.041599999999994,106.111,inf,106.762,106.762,106.762
1046,TT3,BESTEFFORT,MISSED,m1-1,101.811,"{'m1-1': 2.107, 'm2-1': 1.515, 'm3-1': 4.475, 'm4-1': 1.015}",0.39840000000001513,106.762,inf,107.01100000000001,107.01100000000001,107.01100000000001
1047,TT1,BESTEFFORT,MISSED,m4-1,101.825,"{'m1-1': 1.889, 'm2-1': 1.821, 'm3-1': 4.961, 'm4-1': 0.616}",0.7035000000000124,106.356,inf,106.825,106.825,106.825
1048,TT2,BESTEFFORT,MISSED,m2-1,101.886,"{'m1-1': 1.904, 'm2-1': 1.651, 'm3-1': 4.311, 'm4-1': 0.771}",1.1999999999999744,106.586,inf,106.98599999999999,106.98599999999999,106.98599999999999
1049,TT3,BESTEFFORT,MISSED,m2-1,101.949,"{'m1-1': 2.17, 'm2-1': 1.782, 'm3-1': 4.883, 'm4-1': 0.882}",0.48900000000003274,106.98599999999999,inf,107.149,107.149,107.149
1050,TT4,BESTEFFORT,MISSED,m3-1,102.002,"{'m1-1': 2.065, 'm2-1': 1.759, 'm3-1': 5.089, 'm4-1': 1.032}",0.437399999999991,106.759,inf,107.002,107.002,107.002
1051,TT1,BESTEFFORT,MISSED,m4-1,102.028,"{'m1-1': 2.491, 'm2-1': 1.93, 'm3-1': 3.672, 'm4-1': 0.688}",0.30450000000000443,106.825,inf,107.028,107.028,107.028
1052,TT2,BESTEFFORT,MISSED,m4-1,102.095,"{'m1-1': 2.313, 'm2-1': 2.107, 'm3-1': 4.427, 'm4-1': 0.778}",0.25049999999998107,107.028,inf,107.195,107.195,107.195
1053,TT2,BESTEFFORT,MISSED,m1-1,102.177,"{'m1-1': 2.187, 'm2-1': 1.956, 'm3-1': 4.861, 'm4-1': 0.967}",0.4255999999999858,107.01100000000001,inf,107.277,107.277,107.277
1054,TT3,BESTEFFORT,MISSED,m2-1,102.27,"{'m1-1': 2.278, 'm2-1': 1.499, 'm3-1': 5.926, 'm4-1': 0.967}",0.9629999999999939,107.149,inf,107.47,107.47,107.47
1055,TT2,BESTEFFORT,MISSED,m1-1,102.451,"{'m1-1': 2.061, 'm2-1': 1.654, 'm3-1': 4.863, 'm4-1': 0.911}",0.43839999999997875,107.277,inf,107.55099999999999,107.55099999999999,107.55099999999999
1056,TT2,BESTEFFORT,MISSED,m3-1,102.539,"{'m1-1': 2.442, 'm2-1': 1.588, 'm3-1': 4.82, 'm4-1': 1.004}",1.146600000000001,107.002,inf,107.639,107.639,107.639
1057,TT1,BESTEFFORT,MISSED,m4-1,102.705,"{'m1-1': 1.945, 'm2-1': 1.69, 'm3-1': 4.277, 'm4-1': 0.662}",0.7650000000000077,107.195,inf,107.705,107.705,107.705
1058,TT4,BESTEFFORT,MISSED,m2-1,102.767,"{'m1-1': 1.743, 'm2-1': 1.519, 'm3-1': 4.018, 'm4-1': 0.996}",0.8909999999999911,107.47,inf,107.767,107.767,107.767
1059,TT4,BESTEFFORT,MISSED,m3-1,102.836,"{'m1-1': 2.199, 'm2-1': 1.863, 'm3-1': 4.615, 'm4-1': 1.016}",0.3546000000000049,107.639,inf,107.836,107.836,107.836
1060,TT3,BESTEFFORT,MISSED,m4-1,103.071,"{'m1-1': 2.091, 'm2-1': 1.688, 'm3-1': 5.488, 'm4-1': 0.79}",0.8490000000000038,107.705,inf,108.271,108.271,108.271
1061,TT3,BESTEFFORT,MISSED,m3-1,103.106,"{'m1-1': 1.984, 'm2-1': 1.556, 'm3-1': 5.949, 'm4-1': 0.937}",0.19980000000000758,108.195,inf,108.306,108.306,108.306
1062,TT4,BESTEFFORT,MISSED,m3-1,103.195,"{'m1-1': 1.945, 'm2-1': 1.648, 'm3-1': 4.913, 'm4-1': 0.874}",0.6461999999999904,107.836,inf,108.195,108.195,108.195
1063,TT4,BESTEFFORT,MISSED,m1-1,103.242,"{'m1-1': 2.397, 'm2-1': 1.364, 'm3-1': 4.066, 'm4-1': 0.941}",1.1056000000000268,107.55099999999999,inf,108.242,108.242,108.242
1064,TT1,BESTEFFORT,MISSED,m2-1,103.297,"{'m1-1': 2.257, 'm2-1': 1.691, 'm3-1': 4.068, 'm4-1': 0.686}",1.5900000000000034,107.767,inf,108.297,108.297,108.297
1065,TT3,BESTEFFORT,MISSED,m4-1,103.41,"{'m1-1': 2.397, 'm2-1': 1.75, 'm3-1': 5.493, 'm4-1': 0.887}",0.508499999999998,108.271,inf,108.61,108.61,108.61
1066,TT4,BESTEFFORT,MISSED,m1-1,103.534,"{'m1-1': 1.807, 'm2-1': 1.736, 'm3-1': 4.116, 'm4-1': 0.896}",0.46720000000000256,108.242,inf,108.534,108.534,108.534
1067,TT4,BESTEFFORT,MISSED,m2-1,103.685,"{'m1-1': 2.121, 'm2-1': 1.585, 'm3-1': 4.285, 'm4-1': 1.042}",1.1640000000000157,108.297,inf,108.685,108.685,108.685
1068,TT3,BESTEFFORT,MISSED,m4-1,103.849,"{'m1-1': 1.842, 'm2-1': 1.734, 'm3-1': 5.146, 'm4-1': 0.765}",0.6585000000000107,108.61,inf,109.049,109.049,109.049
1069,TT2,BESTEFFORT,MISSED,m2-1,104.19,"{'m1-1': 2.296, 'm2-1': 2.097, 'm3-1': 4.052, 'm4-1': 0.811}",1.8149999999999693,108.685,inf,109.28999999999999,109.28999999999999,109.28999999999999
1070,TT1,BESTEFFORT,MISSED,m1-1,104.229,"{'m1-1': 2.4, 'm2-1': 1.408, 'm3-1': 4.642, 'm4-1': 0.822}",1.1119999999999892,108.534,inf,109.229,109.229,109.229
1071,TT2,BESTEFFORT,MISSED,m1-1,104.41,"{'m1-1': 2.586, 'm2-1': 1.933, 'm3-1': 4.673, 'm4-1': 0.738}",0.44959999999998673,109.229,inf,109.50999999999999,109.50999999999999,109.50999999999999
1072,TT2,BESTEFFORT,MISSED,m3-1,104.528,"{'m1-1': 1.923, 'm2-1': 1.598, 'm3-1': 4.765, 'm4-1': 0.82}",2.379600000000005,108.306,inf,109.628,109.628,109.628
1073,TT2,BESTEFFORT,MISSED,m4-1,104.534,"{'m1-1': 2.183, 'm2-1': 1.992, 'm3-1': 3.898, 'm4-1': 0.876}",0.8774999999999906,109.049,inf,109.634,109.634,109.634
1074,TT3,BESTEFFORT,MISSED,m1-1,104.732,"{'m1-1': 2.049, 'm2-1': 1.345, 'm3-1': 4.577, 'm4-1': 0.729}",0.675200000000018,109.50999999999999,inf,109.932,109.932,109.932
1075,TT1,BESTEFFORT,MISSED,m2-1,104.751,"{'m1-1': 2.52, 'm2-1': 1.457, 'm3-1': 3.623, 'm4-1': 0.64}",1.3830000000000382,109.28999999999999,inf,109.751,109.751,109.751
1076,TT4,BESTEFFORT,MISSED,m3-1,104.765,"{'m1-1': 2.257, 'm2-1': 1.81, 'm3-1': 4.324, 'm4-1': 1.038}",0.24660000000000082,109.628,inf,109.765,109.765,109.765
1077,TT2,BESTEFFORT,MISSED,m3-1,104.792,"{'m1-1': 1.898, 'm2-1': 1.581, 'm3-1': 4.152, 'm4-1': 0.833}",0.22859999999999162,109.765,inf,109.892,109.892,109.892
1078,TT3,BESTEFFORT,MISSED,m2-1,104.896,"{'m1-1': 1.893, 'm2-1': 1.405, 'm3-1': 4.423, 'm4-1': 0.744}",1.0349999999999966,109.751,inf,110.096,110.096,110.096
1079,TT4,BESTEFFORT,MISSED,m4-1,104.942,"{'m1-1': 1.744, 'm2-1': 1.759, 'm3-1': 3.726, 'm4-1': 1.0}",0.4619999999999891,109.634,inf,109.942,109.942,109.942
1080,TT2,BESTEFFORT,MISSED,m3-1,105.067,"{'m1-1': 2.333, 'm2-1': 1.554, 'm3-1': 4.1, 'm4-1': 0.822}",0.4949999999999847,109.892,inf,110.16699999999999,110.16699999999999,110.16699999999999
1081,TT4,BESTEFFORT,MISSED,m1-1,105.242,"{'m1-1': 2.336, 'm2-1': 1.366, 'm3-1': 4.87, 'm4-1': 0.847}",0.49600000000000366,109.932,inf,110.242,110.242,110.242
1082,TT4,BESTEFFORT,MISSED,m4-1,105.616,"{'m1-1': 1.751, 'm2-1': 1.81, 'm3-1': 4.88, 'm4-1': 1.019}",1.01100000000001,109.942,inf,110.616,110.616,110.616
1083,TT3,BESTEFFORT,MISSED,m1-1,105.976,"{'m1-1': 1.978, 'm2-1': 1.748, 'm3-1': 4.704, 'm4-1': 0.796}",1.4943999999999962,110.242,inf,111.176,111.176,111.176
1084,TT1,BESTEFFORT,MISSED,m2-1,106.024,"{'m1-1': 2.1, 'm2-1': 1.828, 'm3-1': 4.746, 'm4-1': 0.64}",2.783999999999992,110.096,inf,111.024,111.024,111.024
1085,TT1,BESTEFFORT,MISSED,m4-1,106.117,"{'m1-1': 2.175, 'm2-1': 1.41, 'm3-1': 4.468, 'm4-1': 0.707}",0.7515000000000072,110.616,inf,111.117,111.117,111.117
1086,TT4,BESTEFFORT,MISSED,m2-1,106.25,"{'m1-1': 1.859, 'm2-1': 1.785, 'm3-1': 3.774, 'm4-1': 0.756}",0.6779999999999973,111.024,inf,111.25,111.25,111.25
1087,TT2,BESTEFFORT,MISSED,m1-1,106.312,"{'m1-1': 2.043, 'm2-1': 1.52, 'm3-1': 4.868, 'm4-1': 0.913}",0.377599999999984,111.176,inf,111.41199999999999,111.41199999999999,111.41199999999999
1088,TT2,BESTEFFORT,MISSED,m3-1,106.345,"{'m1-1': 1.9, 'm2-1': 2.045, 'm3-1': 4.596, 'm4-1': 0.801}",2.3004000000000104,110.16699999999999,inf,111.445,111.445,111.445
1089,TT2,BESTEFFORT,MISSED,m4-1,106.358,"{'m1-1': 2.58, 'm2-1': 1.575, 'm3-1': 4.063, 'm4-1': 0.763}",0.511499999999991,111.117,inf,111.458,111.458,111.458
1090,TT3,BESTEFFORT,MISSED,m3-1,106.437,"{'m1-1': 2.413, 'm2-1': 1.515, 'm3-1': 5.008, 'm4-1': 0.78}",0.3456000000000131,111.445,inf,111.637,111.637,111.637
1091,TT1,BESTEFFORT,MISSED,m2-1,106.493,"{'m1-1': 1.874, 'm2-1': 1.872, 'm3-1': 5.032, 'm4-1': 0.724}",0.728999999999985,111.25,inf,111.493,111.493,111.493
1092,TT3,BESTEFFORT,MISSED,m3-1,106.627,"{'m1-1': 2.397, 'm2-1': 1.398, 'm3-1': 4.897, 'm4-1': 0.875}",0.3419999999999959,111.637,inf,111.827,111.827,111.827
1093,TT3,BESTEFFORT,MISSED,m1-1,106.675,"{'m1-1': 2.157, 'm2-1': 1.433, 'm3-1': 5.961, 'm4-1': 1.002}",0.740800000000013,111.41199999999999,inf,111.875,111.875,111.875
1094,TT3,BESTEFFORT,MISSED,m4-1,106.697,"{'m1-1': 2.354, 'm2-1': 1.765, 'm3-1': 5.695, 'm4-1': 0.868}",0.6585000000000107,111.458,inf,111.897,111.897,111.897
1095,TT2,BESTEFFORT,MISSED,m4-1,106.903,"{'m1-1': 2.592, 'm2-1': 2.088, 'm3-1': 3.885, 'm4-1': 0.856}",0.15899999999999181,111.897,inf,112.003,112.003,112.003
1096,TT3,BESTEFFORT,MISSED,m4-1,106.907,"{'m1-1': 2.156, 'm2-1': 1.385, 'm3-1': 5.518, 'm4-1': 0.735}",0.1559999999999988,112.003,inf,112.107,112.107,112.107
1097,TT4,BESTEFFORT,MISSED,m2-1,106.915,"{'m1-1': 2.345, 'm2-1': 1.731, 'm3-1': 4.602, 'm4-1': 0.964}",1.2660000000000338,111.493,inf,111.915,111.915,111.915
1098,TT1,BESTEFFORT,MISSED,m3-1,106.916,"{'m1-1': 2.466, 'm2-1': 1.835, 'm3-1': 4.038, 'm4-1': 0.802}",0.16019999999999754,111.827,inf,111.916,111.916,111.916
1099,TT4,BESTEFFORT,MISSED,m1-1,106.926,"{'m1-1': 1.91, 'm2-1': 1.849, 'm3-1': 3.881, 'm4-1': 0.922}",0.0816000000000031,111.875,inf,111.926,111.926,111.926
1100,TT3,BESTEFFORT,MISSED,m2-1,107.0,"{'m1-1': 2.164, 'm2-1': 1.433, 'm3-1': 4.407, 'm4-1': 0.815}",0.5310000000000201,112.023,inf,112.2,112.2,112.2
1101,TT4,BESTEFFORT,MISSED,m2-1,107.023,"{'m1-1': 2.093, 'm2-1': 1.358, 'm3-1': 3.909, 'm4-1': 0.809}",0.32399999999996965,111.915,inf,112.023,112.023,112.023
1102,TT3,BESTEFFORT,MISSED,m1-1,107.057,"{'m1-1': 1.977, 'm2-1': 1.321, 'm3-1': 5.795, 'm4-1': 0.975}",0.17920000000001438,112.145,inf,112.257,112.257,112.257
1103,TT1,BESTEFFORT,MISSED,m1-1,107.145,"{'m1-1': 2.062, 'm2-1': 1.422, 'm3-1': 4.099, 'm4-1': 0.863}",0.35039999999999055,111.926,inf,112.145,112.145,112.145
1104,TT3,BESTEFFORT,MISSED,m4-1,107.202,"{'m1-1': 2.013, 'm2-1': 1.751, 'm3-1': 4.908, 'm4-1': 0.766}",0.44250000000000256,112.107,inf,112.402,112.402,112.402
1105,TT1,BESTEFFORT,MISSED,m3-1,107.292,"{'m1-1': 2.414, 'm2-1': 1.61, 'm3-1': 3.706, 'm4-1': 0.763}",0.6768000000000086,111.916,inf,112.292,112.292,112.292
1106,TT3,BESTEFFORT,MISSED,m2-1,107.521,"{'m1-1': 2.031, 'm2-1': 1.478, 'm3-1': 4.407, 'm4-1': 0.814}",1.5630000000000024,112.2,inf,112.721,112.721,112.721
1107,TT3,BESTEFFORT,MISSED,m3-1,107.531,"{'m1-1': 2.199, 'm2-1': 1.607, 'm3-1': 5.664, 'm4-1': 0.729}",0.7902000000000129,112.292,inf,112.73100000000001,112.73100000000001,112.73100000000001
1108,TT3,BESTEFFORT,MISSED,m3-1,107.563,"{'m1-1': 2.376, 'm2-1': 1.338, 'm3-1': 5.262, 'm4-1': 0.819}",0.057599999999993656,112.73100000000001,inf,112.763,112.763,112.763
1109,TT3,BESTEFFORT,MISSED,m2-1,107.86,"{'m1-1': 1.994, 'm2-1': 1.571, 'm3-1': 5.689, 'm4-1': 0.966}",1.016999999999996,112.721,inf,113.06,113.06,113.06
1110,TT2,BESTEFFORT,MISSED,m4-1,107.93,"{'m1-1': 2.132, 'm2-1': 1.665, 'm3-1': 3.922, 'm4-1': 0.938}",0.9420000000000002,112.402,inf,113.03,113.03,113.03
1111,TT4,BESTEFFORT,MISSED,m1-1,107.931,"{'m1-1': 2.264, 'm2-1': 1.358, 'm3-1': 3.955, 'm4-1': 0.996}",1.0783999999999878,112.257,inf,112.931,112.931,112.931
1112,TT3,BESTEFFORT,MISSED,m1-1,107.951,"{'m1-1': 2.044, 'm2-1': 1.438, 'm3-1': 5.473, 'm4-1': 0.91}",0.3519999999999982,112.931,inf,113.151,113.151,113.151
1113,TT2,BESTEFFORT,MISSED,m3-1,108.008,"{'m1-1': 2.401, 'm2-1': 2.078, 'm3-1': 4.344, 'm4-1': 0.727}",0.6209999999999724,112.763,inf,113.10799999999999,113.10799999999999,113.10799999999999
1114,TT1,BESTEFFORT,MISSED,m4-1,108.169,"{'m1-1': 2.34, 'm2-1': 1.849, 'm3-1': 4.253, 'm4-1': 0.612}",0.2084999999999937,113.03,inf,113.169,113.169,113.169
1115,TT4,BESTEFFORT,MISSED,m2-1,108.17,"{'m1-1': 1.835, 'm2-1': 1.832, 'm3-1': 3.645, 'm4-1': 1.06}",0.3299999999999983,113.06,inf,113.17,113.17,113.17
1116,TT1,BESTEFFORT,MISSED,m4-1,108.184,"{'m1-1': 2.177, 'm2-1': 1.551, 'm3-1': 3.979, 'm4-1': 0.765}",0.022500000000000853,113.169,inf,113.184,113.184,113.184
1117,TT4,BESTEFFORT,MISSED,m1-1,108.209,"{'m1-1': 2.263, 'm2-1': 1.526, 'm3-1': 5.028, 'm4-1': 0.904}",0.0928000000000111,113.151,inf,113.209,113.209,113.209
1118,TT2,BESTEFFORT,MISSED,m2-1,108.242,"{'m1-1': 1.886, 'm2-1': 1.688, 'm3-1': 4.821, 'm4-1': 0.753}",0.5159999999999911,113.17,inf,113.342,113.342,113.342
1119,TT1,BESTEFFORT,MISSED,m1-1,108.421,"{'m1-1': 1.873, 'm2-1': 1.445, 'm3-1': 4.72, 'm4-1': 0.755}",0.3392000000000053,113.209,inf,113.421,113.421,113.421
1120,TT3,BESTEFFORT,MISSED,m3-1,108.437,"{'m1-1': 1.808, 'm2-1': 1.284, 'm3-1': 5.676, 'm4-1': 0.757}",0.952200000000019,113.10799999999999,inf,113.637,113.637,113.637
1121,TT4,BESTEFFORT,MISSED,m4-1,108.83,"{'m1-1': 1.94, 'm2-1': 1.65, 'm3-1': 5.098, 'm4-1': 0.939}",0.9690000000000012,113.184,inf,113.83,113.83,113.83
1122,TT3,BESTEFFORT,MISSED,m2-1,108.852,"{'m1-1': 1.955, 'm2-1': 1.742, 'm3-1': 4.791, 'm4-1': 0.887}",0.49200000000000443,113.888,inf,114.052,114.052,114.052
1123,TT2,BESTEFFORT,MISSED,m1-1,108.857,"{'m1-1': 2.502, 'm2-1': 1.76, 'm3-1': 4.934, 'm4-1': 0.961}",0.8575999999999795,113.421,inf,113.957,113.957,113.957
1124,TT4,BESTEFFORT,MISSED,m2-1,108.888,"{'m1-1': 1.765, 'm2-1': 1.659, 'm3-1': 3.876, 'm4-1': 0.898}",1.6380000000000194,113.342,inf,113.888,113.888,113.888
1125,TT1,BESTEFFORT,MISSED,m3-1,108.895,"{'m1-1': 2.058, 'm2-1': 1.585, 'm3-1': 4.045, 'm4-1': 0.823}",0.46439999999999204,113.637,inf,113.895,113.895,113.895
1126,TT4,BESTEFFORT,MISSED,m3-1,108.922,"{'m1-1': 2.287, 'm2-1': 1.631, 'm3-1': 5.071, 'm4-1': 1.036}",0.04860000000000184,113.895,inf,113.922,113.922,113.922
1127,TT4,BESTEFFORT,MISSED,m4-1,109.046,"{'m1-1': 2.328, 'm2-1': 1.344, 'm3-1': 3.967, 'm4-1': 1.064}",0.3240000000000123,113.83,inf,114.046,114.046,114.046
1128,TT4,BESTEFFORT,MISSED,m3-1,109.144,"{'m1-1': 2.196, 'm2-1': 1.822, 'm3-1': 3.842, 'm4-1': 0.861}",0.39960000000001517,113.922,inf,114.144,114.144,114.144
1129,TT3,BESTEFFORT,MISSED,m4-1,109.676,"{'m1-1': 2.329, 'm2-1': 1.473, 'm3-1': 5.946, 'm4-1': 0.984}",1.2449999999999974,114.046,inf,114.876,114.876,114.876
1130,TT4,BESTEFFORT,MISSED,m1-1,109.745,"{'m1-1': 1.933, 'm2-1': 1.522, 'm3-1': 4.383, 'm4-1': 0.792}",1.2608000000000175,113.957,inf,114.745,114.745,114.745
1131,TT3,BESTEFFORT,MISSED,m2-1,109.751,"{'m1-1': 2.049, 'm2-1': 1.723, 'm3-1': 4.803, 'm4-1': 0.869}",2.6970000000000027,114.052,inf,114.95100000000001,114.95100000000001,114.95100000000001
1132,TT3,BESTEFFORT,MISSED,m4-1,109.764,"{'m1-1': 1.936, 'm2-1': 1.751, 'm3-1': 5.849, 'm4-1': 0.907}",0.1319999999999908,114.876,inf,114.964,114.964,114.964
1133,TT4,BESTEFFORT,MISSED,m1-1,109.988,"{'m1-1': 2.197, 'm2-1': 1.897, 'm3-1': 4.849, 'm4-1': 0.884}",0.38879999999999204,114.745,inf,114.988,114.988,114.988
1134,TT4,BESTEFFORT,MISSED,m2-1,110.002,"{'m1-1': 2.04, 'm2-1': 1.736, 'm3-1': 3.76, 'm4-1': 0.95}",0.15299999999996317,114.95100000000001,inf,115.002,115.002,115.002
1135,TT2,BESTEFFORT,MISSED,m3-1,110.12,"{'m1-1': 2.27, 'm2-1': 2.046, 'm3-1': 4.119, 'm4-1': 0.822}",1.936799999999988,114.144,inf,115.22,115.22,115.22
1136,TT1,BESTEFFORT,MISSED,m1-1,110.135,"{'m1-1': 2.486, 'm2-1': 1.659, 'm3-1': 4.472, 'm4-1': 0.642}",0.23520000000000893,114.988,inf,115.135,115.135,115.135
1137,TT4,BESTEFFORT,MISSED,m4-1,110.659,"{'m1-1': 1.914, 'm2-1': 1.692, 'm3-1': 4.65, 'm4-1': 1.061}",1.042500000000011,114.964,inf,115.659,115.659,115.659
1138,TT3,BESTEFFORT,MISSED,m3-1,110.668,"{'m1-1': 2.22, 'm2-1': 1.658, 'm3-1': 5.221, 'm4-1': 0.769}",0.028800000000035197,115.85199999999999,inf,115.86800000000001,115.86800000000001,115.86800000000001
1139,TT4,BESTEFFORT,MISSED,m2-1,110.69,"{'m1-1': 1.937, 'm2-1': 1.713, 'm3-1': 4.575, 'm4-1': 0.844}",2.064000000000007,115.002,inf,115.69,115.69,115.69
1140,TT2,BESTEFFORT,MISSED,m3-1,110.752,"{'m1-1': 2.279, 'm2-1': 1.777, 'm3-1': 4.813, 'm4-1': 0.747}",1.1375999999999835,115.22,inf,115.85199999999999,115.85199999999999,115.85199999999999
1141,TT3,BESTEFFORT,MISSED,m1-1,110.979,"{'m1-1': 2.252, 'm2-1': 1.741, 'm3-1': 5.825, 'm4-1': 0.945}",1.6703999999999952,115.135,inf,116.179,116.179,116.179
1142,TT2,BESTEFFORT,MISSED,m3-1,111.315,"{'m1-1': 2.544, 'm2-1': 2.008, 'm3-1': 4.004, 'm4-1': 0.987}",0.9845999999999692,115.86800000000001,inf,116.41499999999999,116.41499999999999,116.41499999999999
1143,TT1,BESTEFFORT,COMPLETED,m4-1,111.336,"{'m1-1': 1.948, 'm2-1': 1.911, 'm3-1': 4.411, 'm4-1': 0.667}",1.0005000000000002,115.659,116.32600000000001,inf,116.336,116.336
1144,TT1,BESTEFFORT,MISSED,m2-1,111.37,"{'m1-1': 1.919, 'm2-1': 1.549, 'm3-1': 4.412, 'm4-1': 0.644}",2.0400000000000205,115.69,inf,116.37,116.37,116.37
1145,TT1,BESTEFFORT,MISSED,m1-1,111.421,"{'m1-1': 2.616, 'm2-1': 1.911, 'm3-1': 4.557, 'm4-1': 0.744}",0.3872000000000071,116.179,inf,116.421,116.421,116.421
1146,TT2,BESTEFFORT,MISSED,m1-1,111.444,"{'m1-1': 2.25, 'm2-1': 1.617, 'm3-1': 4.61, 'm4-1': 0.938}",0.19679999999998474,116.421,inf,116.544,116.544,116.544
1147,TT4,BESTEFFORT,MISSED,m4-1,111.451,"{'m1-1': 2.101, 'm2-1': 1.649, 'm3-1': 3.687, 'm4-1': 0.983}",0.18749999999997868,116.32600000000001,inf,116.451,116.451,116.451
1148,TT3,BESTEFFORT,MISSED,m1-1,111.487,"{'m1-1': 1.767, 'm2-1': 1.476, 'm3-1': 4.225, 'm4-1': 0.772}",0.2288000000000011,116.544,inf,116.687,116.687,116.687
1149,TT1,BESTEFFORT,MISSED,m2-1,111.509,"{'m1-1': 1.985, 'm2-1': 1.689, 'm3-1': 3.765, 'm4-1': 0.656}",0.4169999999999874,116.37,inf,116.509,116.509,116.509
1150,TT1,BESTEFFORT,MISSED,m4-1,111.522,"{'m1-1': 1.99, 'm2-1': 1.907, 'm3-1': 3.64, 'm4-1': 0.769}",0.10650000000001825,116.451,inf,116.522,116.522,116.522
1151,TT1,BESTEFFORT,MISSED,m2-1,111.65,"{'m1-1': 1.89, 'm2-1': 1.868, 'm3-1': 4.609, 'm4-1': 0.757}",0.42300000000001603,116.509,inf,116.65,116.65,116.65
1152,TT3,BESTEFFORT,MISSED,m3-1,111.723,"{'m1-1': 1.941, 'm2-1': 1.511, 'm3-1': 5.251, 'm4-1': 1.004}",0.28080000000001065,116.767,inf,116.923,116.923,116.923
1153,TT1,BESTEFFORT,MISSED,m3-1,111.767,"{'m1-1': 2.302, 'm2-1': 1.565, 'm3-1': 4.907, 'm4-1': 0.715}",0.6336000000000069,116.41499999999999,inf,116.767,116.767,116.767
1154,TT1,BESTEFFORT,MISSED,m4-1,111.769,"{'m1-1': 2.327, 'm2-1': 1.406, 'm3-1': 4.038, 'm4-1': 0.667}",0.37049999999999983,116.522,inf,116.769,116.769,116.769
1155,TT1,BESTEFFORT,MISSED,m2-1,111.848,"{'m1-1': 2.011, 'm2-1': 1.9, 'm3-1': 4.566, 'm4-1': 0.766}",0.5939999999999799,116.65,inf,116.848,116.848,116.848
1156,TT4,BESTEFFORT,MISSED,m3-1,111.932,"{'m1-1': 1.744, 'm2-1': 1.505, 'm3-1': 4.442, 'm4-1': 0.905}",0.016200000000000613,116.923,inf,116.932,116.932,116.932
1157,TT4,BESTEFFORT,MISSED,m1-1,111.942,"{'m1-1': 2.077, 'm2-1': 1.873, 'm3-1': 4.064, 'm4-1': 0.977}",0.40799999999999276,116.687,inf,116.942,116.942,116.942
1158,TT1,BESTEFFORT,MISSED,m4-1,111.954,"{'m1-1': 2.532, 'm2-1': 1.497, 'm3-1': 5.008, 'm4-1': 0.737}",0.2774999999999821,116.769,inf,116.954,116.954,116.954
1159,TT3,BESTEFFORT,MISSED,m3-1,112.115,"{'m1-1': 1.811, 'm2-1': 1.461, 'm3-1': 5.968, 'm4-1': 0.719}",0.689399999999992,116.932,inf,117.315,117.315,117.315
1160,TT4,BESTEFFORT,MISSED,m2-1,112.124,"{'m1-1': 2.19, 'm2-1': 1.742, 'm3-1': 4.078, 'm4-1': 1.061}",0.8279999999999887,116.848,inf,117.124,117.124,117.124
1161,TT3,BESTEFFORT,MISSED,m4-1,112.343,"{'m1-1': 1.961, 'm2-1': 1.774, 'm3-1': 5.523, 'm4-1': 1.011}",0.8835000000000193,116.954,inf,117.543,117.543,117.543
1162,TT3,BESTEFFORT,MISSED,m2-1,112.348,"{'m1-1': 2.027, 'm2-1': 1.429, 'm3-1': 4.235, 'm4-1': 0.911}",1.2720000000000198,117.124,inf,117.548,117.548,117.548
1163,TT1,BESTEFFORT,MISSED,m1-1,112.482,"{'m1-1': 2.227, 'm2-1': 1.948, 'm3-1': 4.564, 'm4-1': 0.675}",0.8640000000000101,116.942,inf,117.482,117.482,117.482
1164,TT4,BESTEFFORT,MISSED,m4-1,112.787,"{'m1-1': 2.379, 'm2-1': 1.731, 'm3-1': 4.547, 'm4-1': 0.912}",0.36599999999999966,117.543,inf,117.787,117.787,117.787
1165,TT3,BESTEFFORT,MISSED,m1-1,112.848,"{'m1-1': 2.031, 'm2-1': 1.725, 'm3-1': 4.307, 'm4-1': 0.909}",0.9056000000000041,117.482,inf,118.048,118.048,118.048
1166,TT3,BESTEFFORT,MISSED,m2-1,112.859,"{'m1-1': 2.371, 'm2-1': 1.66, 'm3-1': 5.007, 'm4-1': 0.827}",1.532999999999987,117.548,inf,118.059,118.059,118.059
1167,TT4,BESTEFFORT,MISSED,m1-1,113.625,"{'m1-1': 1.918, 'm2-1': 1.47, 'm3-1': 3.818, 'm4-1': 0.965}",0.9231999999999971,118.048,inf,118.625,118.625,118.625
1168,TT3,BESTEFFORT,MISSED,m3-1,114.03,"{'m1-1': 2.38, 'm2-1': 1.454, 'm3-1': 5.891, 'm4-1': 0.79}",3.447000000000011,117.315,inf,119.23,119.23,119.23
1169,TT2,BESTEFFORT,COMPLETED,m4-1,114.27,"{'m1-1': 1.968, 'm2-1': 1.637, 'm3-1': 4.359, 'm4-1': 0.988}",1.482,117.787,118.775,inf,119.36999999999999,119.36999999999999
1170,TT1,BESTEFFORT,MISSED,m2-1,114.458,"{'m1-1': 2.244, 'm2-1': 1.735, 'm3-1': 4.92, 'm4-1': 0.65}",4.197000000000003,118.059,inf,119.458,119.458,119.458
1171,TT4,BESTEFFORT,MISSED,m3-1,114.508,"{'m1-1': 2.268, 'm2-1': 1.726, 'm3-1': 3.741, 'm4-1': 0.973}",0.5003999999999849,119.23,inf,119.508,119.508,119.508
1172,TT3,BESTEFFORT,MISSED,m1-1,114.912,"{'m1-1': 2.407, 'm2-1': 1.388, 'm3-1': 5.801, 'm4-1': 0.726}",2.3792000000000146,118.625,inf,120.11200000000001,120.11200000000001,120.11200000000001
1173,TT4,BESTEFFORT,MISSED,m3-1,115.045,"{'m1-1': 2.276, 'm2-1': 1.759, 'm3-1': 3.999, 'm4-1': 0.888}",0.9666000000000111,119.508,inf,120.045,120.045,120.045
1174,TT3,BESTEFFORT,MISSED,m3-1,115.059,"{'m1-1': 2.03, 'm2-1': 1.551, 'm3-1': 4.686, 'm4-1': 0.836}",0.38519999999999754,120.045,inf,120.259,120.259,120.259
1175,TT2,BESTEFFORT,MISSED,m2-1,115.125,"{'m1-1': 2.194, 'm2-1': 1.678, 'm3-1': 4.06, 'm4-1': 1.016}",2.3009999999999877,119.458,inf,120.225,120.225,120.225
1176,TT3,BESTEFFORT,MISSED,m1-1,115.132,"{'m1-1': 2.05, 'm2-1': 1.396, 'm3-1': 5.376, 'm4-1': 0.958}",0.3519999999999982,120.11200000000001,inf,120.33200000000001,120.33200000000001,120.33200000000001
1177,TT4,BESTEFFORT,COMPLETED,m4-1,115.209,"{'m1-1': 1.806, 'm2-1': 1.535, 'm3-1': 3.996, 'm4-1': 1.022}",1.533,118.775,119.79700000000001,inf,120.209,120.209
1178,TT3,BESTEFFORT,MISSED,m2-1,115.232,"{'m1-1': 2.122, 'm2-1': 1.566, 'm3-1': 5.812, 'm4-1': 0.967}",0.6210000000000235,120.225,inf,120.432,120.432,120.432
1179,TT2,BESTEFFORT,MISSED,m4-1,115.344,"{'m1-1': 2.364, 'm2-1': 1.906, 'm3-1': 5.06, 'm4-1': 0.773}",0.12899999999997647,120.358,inf,120.44399999999999,120.44399999999999,120.44399999999999
1180,TT1,BESTEFFORT,MISSED,m4-1,115.358,"{'m1-1': 2.082, 'm2-1': 1.874, 'm3-1': 4.02, 'm4-1': 0.806}",0.8414999999999893,119.79700000000001,inf,120.358,120.358,120.358
1181,TT1,BESTEFFORT,MISSED,m1-1,115.452,"{'m1-1': 2.441, 'm2-1': 1.566, 'm3-1': 4.749, 'm4-1': 0.691}",0.19199999999998454,120.33200000000001,inf,120.452,120.452,120.452
1182,TT3,BESTEFFORT,MISSED,m1-1,115.508,"{'m1-1': 1.986, 'm2-1': 1.607, 'm3-1': 4.893, 'm4-1': 0.891}",0.4096000000000004,120.452,inf,120.708,120.708,120.708
1183,TT1,BESTEFFORT,MISSED,m2-1,115.589,"{'m1-1': 2.576, 'm2-1': 1.79, 'm3-1': 3.978, 'm4-1': 0.74}",0.4709999999999894,120.432,inf,120.589,120.589,120.589
1184,TT2,BESTEFFORT,MISSED,m2-1,116.035,"{'m1-1': 2.497, 'm2-1': 1.632, 'm3-1': 3.763, 'm4-1': 0.798}",1.6379999999999768,120.589,inf,121.13499999999999,121.13499999999999,121.13499999999999
1185,TT4,BESTEFFORT,MISSED,m4-1,116.069,"{'m1-1': 2.113, 'm2-1': 1.875, 'm3-1': 4.522, 'm4-1': 0.932}",0.9375000000000213,120.44399999999999,inf,121.069,121.069,121.069
1186,TT4,BESTEFFORT,MISSED,m3-1,116.116,"{'m1-1': 1.925, 'm2-1': 1.411, 'm3-1': 3.931, 'm4-1': 0.903}",1.5425999999999989,120.259,inf,121.116,121.116,121.116
1187,TT1,BESTEFFORT,MISSED,m3-1,116.197,"{'m1-1': 2.143, 'm2-1': 1.474, 'm3-1': 3.775, 'm4-1': 0.832}",0.14580000000000554,121.116,inf,121.197,121.197,121.197
1188,TT1,BESTEFFORT,MISSED,m4-1,116.322,"{'m1-1': 2.509, 'm2-1': 1.653, 'm3-1': 4.78, 'm4-1': 0.837}",0.37950000000000017,121.069,inf,121.322,121.322,121.322
1189,TT2,BESTEFFORT,MISSED,m1-1,116.371,"{'m1-1': 2.016, 'm2-1': 1.535, 'm3-1': 4.972, 'm4-1': 0.913}",1.2207999999999857,120.708,inf,121.47099999999999,121.47099999999999,121.47099999999999
1190,TT1,BESTEFFORT,MISSED,m3-1,116.388,"{'m1-1': 2.498, 'm2-1': 1.873, 'm3-1': 4.217, 'm4-1': 0.797}",0.3438000000000045,121.197,inf,121.388,121.388,121.388
1191,TT2,BESTEFFORT,MISSED,m2-1,116.401,"{'m1-1': 2.549, 'm2-1': 1.657, 'm3-1': 4.492, 'm4-1': 0.753}",1.097999999999999,121.13499999999999,inf,121.50099999999999,121.50099999999999,121.50099999999999
1192,TT3,BESTEFFORT,MISSED,m1-1,116.457,"{'m1-1': 2.169, 'm2-1': 1.604, 'm3-1': 4.748, 'm4-1': 0.909}",0.2976000000000113,121.47099999999999,inf,121.657,121.657,121.657
1193,TT4,BESTEFFORT,MISSED,m3-1,116.564,"{'m1-1': 2.367, 'm2-1': 1.859, 'm3-1': 4.816, 'm4-1': 0.812}",0.31679999999997793,121.388,inf,121.564,121.564,121.564
1194,TT3,BESTEFFORT,MISSED,m4-1,116.723,"{'m1-1': 2.067, 'm2-1': 1.607, 'm3-1': 4.415, 'm4-1': 0.956}",0.9014999999999986,121.322,inf,121.923,121.923,121.923
1195,TT3,BESTEFFORT,MISSED,m2-1,116.735,"{'m1-1': 1.767, 'm2-1': 1.407, 'm3-1': 5.014, 'm4-1': 0.949}",1.3020000000000351,121.50099999999999,inf,121.935,121.935,121.935
1196,TT4,BESTEFFORT,MISSED,m4-1,116.954,"{'m1-1': 2.077, 'm2-1': 1.666, 'm3-1': 4.846, 'm4-1': 1.015}",0.04649999999998755,121.923,inf,121.954,121.954,121.954
1197,TT2,BESTEFFORT,MISSED,m1-1,116.969,"{'m1-1': 2.126, 'm2-1': 1.995, 'm3-1': 4.588, 'm4-1': 0.815}",0.6591999999999871,121.657,inf,122.06899999999999,122.06899999999999,122.06899999999999
1198,TT3,BESTEFFORT,MISSED,m3-1,117.103,"{'m1-1': 1.94, 'm2-1': 1.343, 'm3-1': 5.75, 'm4-1': 0.988}",1.3302000000000078,121.564,inf,122.303,122.303,122.303
1199,TT1,BESTEFFORT,MISSED,m2-1,117.104,"{'m1-1': 2.034, 'm2-1': 1.956, 'm3-1': 4.986, 'm4-1': 0.861}",0.5069999999999908,121.935,inf,122.104,122.104,122.104
1200,TT4,BESTEFFORT,MISSED,m1-1,117.159,"{'m1-1': 1.768, 'm2-1': 1.391, 'm3-1': 4.782, 'm4-1': 0.97}",0.1440000000000282,122.06899999999999,inf,122.159,122.159,122.159
1201,TT2,BESTEFFORT,MISSED,m2-1,117.228,"{'m1-1': 2.379, 'm2-1': 1.621, 'm3-1': 4.014, 'm4-1': 0.92}",0.6719999999999686,122.104,inf,122.32799999999999,122.32799999999999,122.32799999999999
1202,TT4,BESTEFFORT,MISSED,m4-1,117.266,"{'m1-1': 2.076, 'm2-1': 1.644, 'm3-1': 4.61, 'm4-1': 0.949}",0.46800000000001774,121.954,inf,122.266,122.266,122.266
1203,TT2,BESTEFFORT,MISSED,m4-1,117.279,"{'m1-1': 2.435, 'm2-1': 1.587, 'm3-1': 3.707, 'm4-1': 1.016}",0.169499999999978,122.266,inf,122.37899999999999,122.37899999999999,122.37899999999999
1204,TT3,BESTEFFORT,MISSED,m3-1,117.307,"{'m1-1': 1.736, 'm2-1': 1.594, 'm3-1': 5.601, 'm4-1': 1.014}",0.24840000000000942,122.369,inf,122.507,122.507,122.507
1205,TT4,BESTEFFORT,MISSED,m3-1,117.369,"{'m1-1': 1.803, 'm2-1': 1.449, 'm3-1': 4.209, 'm4-1': 0.945}",0.1188000000000045,122.303,inf,122.369,122.369,122.369
1206,TT3,BESTEFFORT,MISSED,m1-1,117.373,"{'m1-1': 1.889, 'm2-1': 1.327, 'm3-1': 5.266, 'm4-1': 0.753}",0.10080000000002656,122.50999999999999,inf,122.57300000000001,122.57300000000001,122.57300000000001
1207,TT2,BESTEFFORT,MISSED,m1-1,117.41,"{'m1-1': 2.45, 'm2-1': 1.862, 'm3-1': 4.399, 'm4-1': 0.75}",0.5615999999999758,122.159,inf,122.50999999999999,122.50999999999999,122.50999999999999
1208,TT3,BESTEFFORT,MISSED,m4-1,117.461,"{'m1-1': 1.979, 'm2-1': 1.473, 'm3-1': 4.471, 'm4-1': 0.964}",0.42300000000001603,122.37899999999999,inf,122.661,122.661,122.661
1209,TT3,BESTEFFORT,MISSED,m2-1,117.507,"{'m1-1': 2.412, 'm2-1': 1.304, 'm3-1': 5.481, 'm4-1': 1.002}",0.5850000000000222,122.512,inf,122.70700000000001,122.70700000000001,122.70700000000001
1210,TT4,BESTEFFORT,MISSED,m2-1,117.512,"{'m1-1': 1.91, 'm2-1': 1.69, 'm3-1': 4.647, 'm4-1': 0.902}",0.5520000000000351,122.32799999999999,inf,122.512,122.512,122.512
1211,TT4,BESTEFFORT,MISSED,m3-1,117.531,"{'m1-1': 1.844, 'm2-1': 1.467, 'm3-1': 4.72, 'm4-1': 0.828}",0.04320000000000164,122.507,inf,122.531,122.531,122.531
1212,TT2,BESTEFFORT,MISSED,m4-1,117.693,"{'m1-1': 2.401, 'm2-1': 2.049, 'm3-1': 4.515, 'm4-1': 0.938}",0.1979999999999862,122.661,inf,122.79299999999999,122.79299999999999,122.79299999999999
1213,TT3,BESTEFFORT,MISSED,m1-1,117.837,"{'m1-1': 2.016, 'm2-1': 1.615, 'm3-1': 4.679, 'm4-1': 0.853}",0.19360000000001493,122.916,inf,123.037,123.037,123.037
1214,TT4,BESTEFFORT,MISSED,m1-1,117.916,"{'m1-1': 2.385, 'm2-1': 1.368, 'm3-1': 4.175, 'm4-1': 1.006}",0.548799999999983,122.57300000000001,inf,122.916,122.916,122.916
1215,TT4,BESTEFFORT,MISSED,m2-1,117.921,"{'m1-1': 2.055, 'm2-1': 1.842, 'm3-1': 4.008, 'm4-1': 0.968}",0.6419999999999959,122.70700000000001,inf,122.921,122.921,122.921
1216,TT4,BESTEFFORT,MISSED,m4-1,118.299,"{'m1-1': 2.448, 'm2-1': 1.58, 'm3-1': 5.059, 'm4-1': 0.799}",0.7590000000000217,122.79299999999999,inf,123.299,123.299,123.299
1217,TT2,BESTEFFORT,MISSED,m2-1,118.364,"{'m1-1': 2.151, 'm2-1': 1.665, 'm3-1': 4.258, 'm4-1': 0.815}",1.6289999999999765,122.921,inf,123.464,123.464,123.464
1218,TT4,BESTEFFORT,MISSED,m3-1,118.405,"{'m1-1': 1.971, 'm2-1': 1.816, 'm3-1': 4.669, 'm4-1': 0.882}",1.5731999999999915,122.531,inf,123.405,123.405,123.405
1219,TT1,BESTEFFORT,MISSED,m3-1,118.498,"{'m1-1': 1.982, 'm2-1': 1.518, 'm3-1': 3.897, 'm4-1': 0.845}",0.16740000000000635,123.405,inf,123.498,123.498,123.498
1220,TT1,BESTEFFORT,MISSED,m4-1,118.534,"{'m1-1': 2.428, 'm2-1': 1.955, 'm3-1': 3.933, 'm4-1': 0.674}",0.35249999999999915,123.299,inf,123.534,123.534,123.534
1221,TT4,BESTEFFORT,MISSED,m3-1,118.536,"{'m1-1': 1.797, 'm2-1': 1.576, 'm3-1': 3.881, 'm4-1': 0.948}",0.06839999999999406,123.498,inf,123.536,123.536,123.536
1222,TT1,BESTEFFORT,MISSED,m1-1,118.538,"{'m1-1': 1.938, 'm2-1': 1.552, 'm3-1': 4.79, 'm4-1': 0.791}",0.801599999999985,123.037,inf,123.538,123.538,123.538
1223,TT4,BESTEFFORT,MISSED,m2-1,118.706,"{'m1-1': 2.364, 'm2-1': 1.799, 'm3-1': 4.61, 'm4-1': 0.794}",0.7260000000000133,123.464,inf,123.706,123.706,123.706
1224,TT3,BESTEFFORT,MISSED,m3-1,118.77,"{'m1-1': 2.32, 'm2-1': 1.605, 'm3-1': 5.468, 'm4-1': 0.782}",0.7811999999999956,123.536,inf,123.97,123.97,123.97
1225,TT2,BESTEFFORT,MISSED,m1-1,119.0,"{'m1-1': 1.912, 'm2-1': 1.749, 'm3-1': 4.935, 'm4-1': 0.882}",0.8991999999999962,123.538,inf,124.1,124.1,124.1
1226,TT2,BESTEFFORT,MISSED,m4-1,119.007,"{'m1-1': 2.413, 'm2-1': 1.585, 'm3-1': 4.374, 'm4-1': 0.954}",0.8594999999999899,123.534,inf,124.107,124.107,124.107
1227,TT1,BESTEFFORT,MISSED,m2-1,119.131,"{'m1-1': 1.899, 'm2-1': 1.708, 'm3-1': 4.593, 'm4-1': 0.711}",1.2749999999999915,123.706,inf,124.131,124.131,124.131
1228,TT1,BESTEFFORT,MISSED,m4-1,119.399,"{'m1-1': 2.338, 'm2-1': 1.494, 'm3-1': 3.984, 'm4-1': 0.837}",0.4380000000000024,124.107,inf,124.399,124.399,124.399
1229,TT4,BESTEFFORT,MISSED,m1-1,119.45,"{'m1-1': 1.79, 'm2-1': 1.426, 'm3-1': 4.003, 'm4-1': 0.765}",0.5600000000000137,124.1,inf,124.45,124.45,124.45
1230,TT3,BESTEFFORT,MISSED,m1-1,119.536,"{'m1-1': 2.061, 'm2-1': 1.585, 'm3-1': 4.273, 'm4-1': 0.906}",0.4576000000000022,124.45,inf,124.736,124.736,124.736
1231,TT1,BESTEFFORT,MISSED,m2-1,119.543,"{'m1-1': 2.192, 'm2-1': 1.803, 'm3-1': 3.901, 'm4-1': 0.791}",1.2360000000000184,124.131,inf,124.543,124.543,124.543
1232,TT2,BESTEFFORT,MISSED,m4-1,119.697,"{'m1-1': 2.264, 'm2-1': 1.676, 'm3-1': 4.125, 'm4-1': 0.916}",0.5969999999999942,124.399,inf,124.797,124.797,124.797
1233,TT1,BESTEFFORT,MISSED,m3-1,120.074,"{'m1-1': 1.976, 'm2-1': 1.817, 'm3-1': 4.478, 'm4-1': 0.661}",1.9871999999999985,123.97,inf,125.074,125.074,125.074
1234,TT3,BESTEFFORT,MISSED,m3-1,120.095,"{'m1-1': 2.18, 'm2-1': 1.6, 'm3-1': 5.56, 'm4-1': 0.728}",0.39780000000000654,125.074,inf,125.295,125.295,125.295
1235,TT4,BESTEFFORT,MISSED,m2-1,120.268,"{'m1-1': 2.015, 'm2-1': 1.413, 'm3-1': 4.384, 'm4-1': 0.843}",2.174999999999983,124.543,inf,125.268,125.268,125.268
1236,TT1,BESTEFFORT,MISSED,m4-1,120.3,"{'m1-1': 2.374, 'm2-1': 1.806, 'm3-1': 3.61, 'm4-1': 0.668}",0.7545000000000002,124.797,inf,125.3,125.3,125.3
1237,TT2,BESTEFFORT,MISSED,m1-1,120.443,"{'m1-1': 2.624, 'm2-1': 1.739, 'm3-1': 4.051, 'm4-1': 0.934}",1.2911999999999808,124.736,inf,125.54299999999999,125.54299999999999,125.54299999999999
1238,TT1,BESTEFFORT,MISSED,m3-1,120.454,"{'m1-1': 2.443, 'm2-1': 1.469, 'm3-1': 4.915, 'm4-1': 0.623}",0.2861999999999853,125.295,inf,125.454,125.454,125.454
1239,TT3,BESTEFFORT,MISSED,m4-1,120.651,"{'m1-1': 1.723, 'm2-1': 1.278, 'm3-1': 4.463, 'm4-1': 0.752}",0.8265000000000029,125.3,inf,125.851,125.851,125.851
1240,TT2,BESTEFFORT,MISSED,m3-1,120.708,"{'m1-1': 2.315, 'm2-1': 1.96, 'm3-1': 3.782, 'm4-1': 0.828}",0.6371999999999985,125.454,inf,125.80799999999999,125.80799999999999,125.80799999999999
1241,TT4,BESTEFFORT,MISSED,m2-1,120.803,"{'m1-1': 2.005, 'm2-1': 1.685, 'm3-1': 4.14, 'm4-1': 0.766}",1.6049999999999898,125.268,inf,125.803,125.803,125.803
1242,TT4,BESTEFFORT,MISSED,m1-1,120.824,"{'m1-1': 2.059, 'm2-1': 1.372, 'm3-1': 3.982, 'm4-1': 0.907}",0.4496000000000095,125.54299999999999,inf,125.824,125.824,125.824
1243,TT3,BESTEFFORT,MISSED,m2-1,120.901,"{'m1-1': 2.389, 'm2-1': 1.41, 'm3-1': 4.595, 'm4-1': 0.942}",0.8940000000000055,125.803,inf,126.101,126.101,126.101
1244,TT2,BESTEFFORT,MISSED,m4-1,121.057,"{'m1-1': 2.185, 'm2-1': 1.55, 'm3-1': 4.243, 'm4-1': 0.999}",0.4589999999999961,125.851,inf,126.157,126.157,126.157
1245,TT3,BESTEFFORT,MISSED,m1-1,121.073,"{'m1-1': 1.835, 'm2-1': 1.681, 'm3-1': 5.514, 'm4-1': 0.953}",0.7183999999999969,125.824,inf,126.273,126.273,126.273
1246,TT3,BESTEFFORT,MISSED,m1-1,121.304,"{'m1-1': 2.169, 'm2-1': 1.37, 'm3-1': 5.815, 'm4-1': 0.897}",0.36960000000001403,126.273,inf,126.504,126.504,126.504
1247,TT3,BESTEFFORT,MISSED,m4-1,121.376,"{'m1-1': 2.091, 'm2-1': 1.655, 'm3-1': 4.893, 'm4-1': 0.953}",0.6285000000000167,126.157,inf,126.57600000000001,126.57600000000001,126.57600000000001
1248,TT4,BESTEFFORT,MISSED,m2-1,121.503,"{'m1-1': 2.373, 'm2-1': 1.476, 'm3-1': 4.126, 'm4-1': 0.864}",1.206000000000003,126.101,inf,126.503,126.503,126.503
1249,TT1,BESTEFFORT,MISSED,m3-1,121.64,"{'m1-1': 2.44, 'm2-1': 1.654, 'm3-1': 3.684, 'm4-1': 0.786}",1.4976000000000143,125.80799999999999,inf,126.64,126.64,126.64
1250,TT1,BESTEFFORT,MISSED,m2-1,121.795,"{'m1-1': 2.622, 'm2-1': 1.896, 'm3-1': 4.915, 'm4-1': 0.707}",0.8760000000000048,126.503,inf,126.795,126.795,126.795
1251,TT3,BESTEFFORT,MISSED,m4-1,121.807,"{'m1-1': 2.344, 'm2-1': 1.279, 'm3-1': 4.7, 'm4-1': 0.78}",0.6464999999999961,126.57600000000001,inf,127.007,127.007,127.007
1252,TT2,BESTEFFORT,MISSED,m3-1,121.836,"{'m1-1': 1.928, 'm2-1': 1.776, 'm3-1': 4.943, 'm4-1': 0.969}",0.5327999999999861,126.64,inf,126.93599999999999,126.93599999999999,126.93599999999999
1253,TT3,BESTEFFORT,MISSED,m3-1,121.977,"{'m1-1': 1.882, 'm2-1': 1.306, 'm3-1': 5.65, 'm4-1': 0.909}",0.433800000000025,126.93599999999999,inf,127.177,127.177,127.177
1254,TT3,BESTEFFORT,MISSED,m1-1,122.261,"{'m1-1': 2.057, 'm2-1': 1.73, 'm3-1': 4.921, 'm4-1': 0.726}",0.24959999999998672,127.305,inf,127.461,127.461,127.461
1255,TT4,BESTEFFORT,MISSED,m1-1,122.305,"{'m1-1': 2.062, 'm2-1': 1.546, 'm3-1': 3.667, 'm4-1': 0.879}",1.2816000000000032,126.504,inf,127.305,127.305,127.305
1256,TT1,BESTEFFORT,MISSED,m2-1,122.31,"{'m1-1': 1.931, 'm2-1': 1.628, 'm3-1': 3.937, 'm4-1': 0.772}",1.5450000000000017,126.795,inf,127.31,127.31,127.31
1257,TT1,BESTEFFORT,MISSED,m3-1,122.335,"{'m1-1': 2.52, 'm2-1': 1.911, 'm3-1': 4.39, 'm4-1': 0.693}",0.28439999999997667,127.177,inf,127.335,127.335,127.335
1258,TT1,BESTEFFORT,MISSED,m4-1,122.504,"{'m1-1': 2.095, 'm2-1': 1.656, 'm3-1': 4.303, 'm4-1': 0.845}",0.7454999999999998,127.007,inf,127.504,127.504,127.504
1259,TT3,BESTEFFORT,MISSED,m1-1,122.513,"{'m1-1': 1.893, 'm2-1': 1.506, 'm3-1': 5.528, 'm4-1': 0.809}",0.4032000000000153,127.461,inf,127.71300000000001,127.71300000000001,127.71300000000001
1260,TT1,BESTEFFORT,MISSED,m2-1,122.641,"{'m1-1': 2.59, 'm2-1': 1.591, 'm3-1': 3.664, 'm4-1': 0.694}",0.9930000000000092,127.31,inf,127.641,127.641,127.641
1261,TT1,BESTEFFORT,MISSED,m4-1,122.669,"{'m1-1': 2.309, 'm2-1': 1.492, 'm3-1': 3.729, 'm4-1': 0.61}",0.24749999999998806,127.504,inf,127.669,127.669,127.669
1262,TT4,BESTEFFORT,MISSED,m2-1,122.78,"{'m1-1': 1.947, 'm2-1': 1.473, 'm3-1': 3.867, 'm4-1': 0.765}",0.4169999999999874,127.641,inf,127.78,127.78,127.78
1263,TT3,BESTEFFORT,MISSED,m1-1,123.202,"{'m1-1': 1.904, 'm2-1': 1.588, 'm3-1': 5.765, 'm4-1': 0.899}",1.102399999999966,127.71300000000001,inf,128.402,128.402,128.402
1264,TT3,BESTEFFORT,MISSED,m3-1,123.328,"{'m1-1': 2.41, 'm2-1': 1.602, 'm3-1': 4.577, 'm4-1': 1.011}",2.147399999999996,127.335,inf,128.528,128.528,128.528
1265,TT1,BESTEFFORT,COMPLETED,m4-1,123.507,"{'m1-1': 2.57, 'm2-1': 1.799, 'm3-1': 4.784, 'm4-1': 0.781}",1.1715,127.669,128.45,inf,128.507,128.507
1266,TT2,BESTEFFORT,MISSED,m2-1,123.51,"{'m1-1': 2.023, 'm2-1': 1.533, 'm3-1': 4.383, 'm4-1': 0.956}",2.4900000000000375,127.78,inf,128.61,128.61,128.61
1267,TT3,BESTEFFORT,MISSED,m3-1,123.85,"{'m1-1': 1.872, 'm2-1': 1.661, 'm3-1': 4.362, 'm4-1': 0.891}",0.1025999999999783,128.993,inf,129.04999999999998,129.04999999999998,129.04999999999998
1268,TT4,BESTEFFORT,MISSED,m3-1,123.993,"{'m1-1': 2.426, 'm2-1': 1.522, 'm3-1': 4.706, 'm4-1': 0.983}",0.8370000000000062,128.528,inf,128.993,128.993,128.993
1269,TT1,BESTEFFORT,MISSED,m4-1,124.028,"{'m1-1': 2.525, 'm2-1': 1.651, 'm3-1': 4.624, 'm4-1': 0.799}",0.8670000000000471,128.45,inf,129.02800000000002,129.02800000000002,129.02800000000002
1270,TT4,BESTEFFORT,MISSED,m1-1,124.055,"{'m1-1': 2.065, 'm2-1': 1.684, 'm3-1': 3.838, 'm4-1': 0.922}",1.0448000000000321,128.402,inf,129.055,129.055,129.055
1271,TT1,BESTEFFORT,MISSED,m2-1,124.061,"{'m1-1': 2.435, 'm2-1': 1.445, 'm3-1': 4.967, 'm4-1': 0.837}",1.3529999999999802,128.61,inf,129.061,129.061,129.061
1272,TT4,BESTEFFORT,MISSED,m3-1,124.252,"{'m1-1': 2.367, 'm2-1': 1.693, 'm3-1': 4.046, 'm4-1': 0.961}",0.3636000000000479,129.04999999999998,inf,129.252,129.252,129.252
1273,TT4,BESTEFFORT,MISSED,m1-1,124.253,"{'m1-1': 1.846, 'm2-1': 1.768, 'm3-1': 3.754, 'm4-1': 0.756}",0.31679999999996655,129.055,inf,129.253,129.253,129.253
1274,TT2,BESTEFFORT,MISSED,m4-1,124.378,"{'m1-1': 2.003, 'm2-1': 1.684, 'm3-1': 4.315, 'm4-1': 0.881}",0.674999999999983,129.02800000000002,inf,129.478,129.478,129.478
1275,TT2,BESTEFFORT,MISSED,m2-1,124.414,"{'m1-1': 2.641, 'm2-1': 2.015, 'm3-1': 3.966, 'm4-1': 0.796}",1.3590000000000089,129.061,inf,129.514,129.514,129.514
1276,TT3,BESTEFFORT,MISSED,m1-1,124.534,"{'m1-1': 2.397, 'm2-1': 1.668, 'm3-1': 5.338, 'm4-1': 1.002}",0.0400000000000091,129.709,inf,129.734,129.734,129.734
1277,TT4,BESTEFFORT,MISSED,m4-1,124.557,"{'m1-1': 1.862, 'm2-1': 1.354, 'm3-1': 4.211, 'm4-1': 1.044}",0.1185000000000116,129.478,inf,129.55700000000002,129.55700000000002,129.55700000000002
1278,TT2,BESTEFFORT,MISSED,m1-1,124.609,"{'m1-1': 2.075, 'm2-1': 1.726, 'm3-1': 4.785, 'm4-1': 0.904}",0.7296000000000277,129.253,inf,129.709,129.709,129.709
1279,TT4,BESTEFFORT,MISSED,m2-1,124.712,"{'m1-1': 1.938, 'm2-1': 1.417, 'm3-1': 4.72, 'm4-1': 0.975}",0.5939999999999372,129.514,inf,129.712,129.712,129.712
1280,TT3,BESTEFFORT,MISSED,m3-1,124.718,"{'m1-1': 2.367, 'm2-1': 1.558, 'm3-1': 5.85, 'm4-1': 0.81}",1.1987999999999943,129.252,inf,129.918,129.918,129.918
1281,TT1,BESTEFFORT,MISSED,m4-1,124.84,"{'m1-1': 2.34, 'm2-1': 1.952, 'm3-1': 3.669, 'm4-1': 0.797}",0.42449999999998056,129.55700000000002,inf,129.84,129.84,129.84
1282,TT3,BESTEFFORT,MISSED,m4-1,124.985,"{'m1-1': 2.128, 'm2-1': 1.508, 'm3-1': 5.888, 'm4-1': 1.002}",0.5174999999999983,129.84,inf,130.185,130.185,130.185
1283,TT3,BESTEFFORT,MISSED,m3-1,125.028,"{'m1-1': 2.392, 'm2-1': 1.791, 'm3-1': 4.911, 'm4-1': 0.885}",0.07920000000002006,130.184,inf,130.228,130.228,130.228
1284,TT4,BESTEFFORT,MISSED,m2-1,125.064,"{'m1-1': 2.175, 'm2-1': 1.786, 'm3-1': 4.954, 'm4-1': 0.761}",1.0560000000000116,129.712,inf,130.064,130.064,130.064
1285,TT2,BESTEFFORT,MISSED,m3-1,125.084,"{'m1-1': 2.277, 'm2-1': 2.127, 'm3-1': 3.751, 'm4-1': 0.912}",0.47879999999998407,129.918,inf,130.184,130.184,130.184
1286,TT3,BESTEFFORT,MISSED,m2-1,125.198,"{'m1-1': 2.051, 'm2-1': 1.69, 'm3-1': 5.496, 'm4-1': 0.893}",1.0020000000000095,130.064,inf,130.398,130.398,130.398
1287,TT1,BESTEFFORT,MISSED,m1-1,125.372,"{'m1-1': 2.179, 'm2-1': 1.689, 'm3-1': 4.878, 'm4-1': 0.666}",1.0208000000000084,129.734,inf,130.372,130.372,130.372
1288,TT4,BESTEFFORT,MISSED,m3-1,125.509,"{'m1-1': 2.074, 'm2-1': 1.641, 'm3-1': 4.89, 'm4-1': 0.9}",0.5058000000000107,130.228,inf,130.50900000000001,130.50900000000001,130.50900000000001
1289,TT2,BESTEFFORT,MISSED,m2-1,125.532,"{'m1-1': 2.514, 'm2-1': 2.073, 'm3-1': 4.64, 'm4-1': 0.952}",0.7020000000000266,130.398,inf,130.632,130.632,130.632
1290,TT1,BESTEFFORT,MISSED,m1-1,125.602,"{'m1-1': 1.945, 'm2-1': 1.423, 'm3-1': 3.632, 'm4-1': 0.751}",0.3679999999999837,130.372,inf,130.602,130.602,130.602
1291,TT1,BESTEFFORT,MISSED,m4-1,125.624,"{'m1-1': 1.988, 'm2-1': 1.647, 'm3-1': 4.707, 'm4-1': 0.704}",0.6584999999999894,130.185,inf,130.624,130.624,130.624
1292,TT3,BESTEFFORT,MISSED,m1-1,125.645,"{'m1-1': 2.294, 'm2-1': 1.78, 'm3-1': 5.65, 'm4-1': 0.795}",0.10560000000000401,130.779,inf,130.845,130.845,130.845
1293,TT4,BESTEFFORT,MISSED,m4-1,125.704,"{'m1-1': 2.223, 'm2-1': 1.604, 'm3-1': 4.707, 'm4-1': 1.063}",0.12000000000001876,130.624,inf,130.704,130.704,130.704
1294,TT2,BESTEFFORT,MISSED,m2-1,125.728,"{'m1-1': 1.898, 'm2-1': 1.935, 'm3-1': 3.692, 'm4-1': 0.982}",0.5879999999999939,130.632,inf,130.828,130.828,130.828
1295,TT4,BESTEFFORT,MISSED,m1-1,125.779,"{'m1-1': 2.41, 'm2-1': 1.631, 'm3-1': 4.809, 'm4-1': 1.04}",0.283199999999988,130.602,inf,130.779,130.779,130.779
1296,TT1,BESTEFFORT,MISSED,m4-1,126.3,"{'m1-1': 2.419, 'm2-1': 1.898, 'm3-1': 3.86, 'm4-1': 0.812}",0.8940000000000055,130.704,inf,131.3,131.3,131.3
1297,TT3,BESTEFFORT,MISSED,m2-1,126.372,"{'m1-1': 2.071, 'm2-1': 1.734, 'm3-1': 5.379, 'm4-1': 0.936}",2.2319999999999993,130.828,inf,131.572,131.572,131.572
1298,TT2,BESTEFFORT,MISSED,m3-1,126.376,"{'m1-1': 2.079, 'm2-1': 1.96, 'm3-1': 3.744, 'm4-1': 0.893}",1.7405999999999722,130.50900000000001,inf,131.476,131.476,131.476
1299,TT3,BESTEFFORT,MISSED,m3-1,126.566,"{'m1-1': 1.741, 'm2-1': 1.436, 'm3-1': 5.564, 'm4-1': 0.886}",0.5219999999999857,131.476,inf,131.766,131.766,131.766
1300,TT2,BESTEFFORT,MISSED,m4-1,126.696,"{'m1-1': 2.442, 'm2-1': 1.54, 'm3-1': 3.95, 'm4-1': 1.008}",0.7439999999999714,131.3,inf,131.796,131.796,131.796
1301,TT2,BESTEFFORT,MISSED,m3-1,126.762,"{'m1-1': 1.938, 'm2-1': 1.561, 'm3-1': 3.693, 'm4-1': 0.867}",0.17280000000000656,131.766,inf,131.862,131.862,131.862
1302,TT3,BESTEFFORT,MISSED,m3-1,126.888,"{'m1-1': 2.253, 'm2-1': 1.436, 'm3-1': 5.002, 'm4-1': 0.78}",0.4067999999999984,131.862,inf,132.088,132.088,132.088
1303,TT1,BESTEFFORT,MISSED,m1-1,126.898,"{'m1-1': 1.95, 'm2-1': 1.868, 'm3-1': 4.492, 'm4-1': 0.804}",1.6847999999999956,130.845,inf,131.898,131.898,131.898
1304,TT1,BESTEFFORT,MISSED,m2-1,127.048,"{'m1-1': 2.338, 'm2-1': 1.662, 'm3-1': 4.005, 'm4-1': 0.622}",1.4279999999999973,131.572,inf,132.048,132.048,132.048
1305,TT1,BESTEFFORT,MISSED,m1-1,127.096,"{'m1-1': 2.56, 'm2-1': 1.485, 'm3-1': 4.642, 'm4-1': 0.622}",0.316800000000012,131.898,inf,132.096,132.096,132.096
1306,TT3,BESTEFFORT,MISSED,m2-1,127.224,"{'m1-1': 1.784, 'm2-1': 1.48, 'm3-1': 5.194, 'm4-1': 0.874}",1.1280000000000143,132.048,inf,132.424,132.424,132.424
1307,TT1,BESTEFFORT,MISSED,m4-1,127.282,"{'m1-1': 2.337, 'm2-1': 1.934, 'm3-1': 4.363, 'm4-1': 0.826}",0.728999999999985,131.796,inf,132.28199999999998,132.28199999999998,132.28199999999998
1308,TT2,BESTEFFORT,MISSED,m4-1,127.39,"{'m1-1': 2.137, 'm2-1': 1.584, 'm3-1': 3.705, 'm4-1': 0.906}",0.31200000000004025,132.28199999999998,inf,132.49,132.49,132.49
1309,TT2,BESTEFFORT,MISSED,m2-1,127.898,"{'m1-1': 2.19, 'm2-1': 1.862, 'm3-1': 4.665, 'm4-1': 0.977}",1.7219999999999516,132.424,inf,132.998,132.998,132.998
1310,TT1,BESTEFFORT,MISSED,m1-1,127.935,"{'m1-1': 1.949, 'm2-1': 1.442, 'm3-1': 4.275, 'm4-1': 0.736}",1.3423999999999978,132.096,inf,132.935,132.935,132.935
1311,TT3,BESTEFFORT,MISSED,m1-1,127.979,"{'m1-1': 2.068, 'm2-1': 1.719, 'm3-1': 5.319, 'm4-1': 0.772}",0.39039999999999964,132.935,inf,133.179,133.179,133.179
1312,TT3,BESTEFFORT,COMPLETED,m4-1,128.117,"{'m1-1': 2.22, 'm2-1': 1.478, 'm3-1': 4.728, 'm4-1': 0.72}",1.08,132.49,133.21,inf,133.31699999999998,133.31699999999998
1313,TT3,BESTEFFORT,MISSED,m2-1,128.309,"{'m1-1': 1.876, 'm2-1': 1.7, 'm3-1': 5.595, 'm4-1': 0.733}",1.532999999999987,132.998,inf,133.509,133.509,133.509
1314,TT4,BESTEFFORT,MISSED,m3-1,128.382,"{'m1-1': 1.909, 'm2-1': 1.536, 'm3-1': 4.211, 'm4-1': 0.806}",2.32920000000002,132.088,inf,133.382,133.382,133.382
1315,TT4,BESTEFFORT,MISSED,m3-1,128.752,"{'m1-1': 2.052, 'm2-1': 1.693, 'm3-1': 4.686, 'm4-1': 0.809}",0.6660000000000083,133.382,inf,133.752,133.752,133.752
1316,TT1,BESTEFFORT,MISSED,m4-1,128.809,"{'m1-1': 2.61, 'm2-1': 1.976, 'm3-1': 4.77, 'm4-1': 0.809}",0.8984999999999843,133.21,inf,133.809,133.809,133.809
1317,TT4,BESTEFFORT,MISSED,m3-1,128.968,"{'m1-1': 2.309, 'm2-1': 1.568, 'm3-1': 4.797, 'm4-1': 0.812}",0.38879999999996356,133.752,inf,133.968,133.968,133.968
1318,TT3,BESTEFFORT,MISSED,m2-1,128.979,"{'m1-1': 2.234, 'm2-1': 1.706, 'm3-1': 5.457, 'm4-1': 0.797}",2.0100000000000477,133.509,inf,134.179,134.179,134.179
1319,TT3,BESTEFFORT,MISSED,m3-1,129.0,"{'m1-1': 2.248, 'm2-1': 1.693, 'm3-1': 5.657, 'm4-1': 0.85}",0.4175999999999988,133.968,inf,134.2,134.2,134.2
1320,TT4,BESTEFFORT,MISSED,m1-1,129.059,"{'m1-1': 1.95, 'm2-1': 1.729, 'm3-1': 4.88, 'm4-1': 0.86}",1.4079999999999928,133.179,inf,134.059,134.059,134.059
1321,TT2,BESTEFFORT,MISSED,m1-1,129.183,"{'m1-1': 2.601, 'm2-1': 2.12, 'm3-1': 5.035, 'm4-1': 0.969}",0.3583999999999833,134.059,inf,134.283,134.283,134.283
1322,TT3,BESTEFFORT,MISSED,m4-1,129.484,"{'m1-1': 2.432, 'm2-1': 1.271, 'm3-1': 4.492, 'm4-1': 0.77}",0.1635000000000133,134.575,inf,134.684,134.684,134.684
1323,TT2,BESTEFFORT,MISSED,m2-1,129.524,"{'m1-1': 2.075, 'm2-1': 2.095, 'm3-1': 3.75, 'm4-1': 0.955}",1.3349999999999795,134.179,inf,134.624,134.624,134.624
1324,TT1,BESTEFFORT,MISSED,m4-1,129.575,"{'m1-1': 2.142, 'm2-1': 1.716, 'm3-1': 4.836, 'm4-1': 0.848}",1.1489999999999867,133.809,inf,134.575,134.575,134.575
1325,TT3,BESTEFFORT,MISSED,m1-1,129.625,"{'m1-1': 2.035, 'm2-1': 1.513, 'm3-1': 5.086, 'm4-1': 0.913}",0.8672000000000026,134.283,inf,134.825,134.825,134.825
1326,TT3,BESTEFFORT,MISSED,m4-1,129.76,"{'m1-1': 2.122, 'm2-1': 1.32, 'm3-1': 4.73, 'm4-1': 0.738}",0.41399999999997306,134.684,inf,134.95999999999998,134.95999999999998,134.95999999999998
1327,TT2,BESTEFFORT,MISSED,m1-1,129.793,"{'m1-1': 2.606, 'm2-1': 1.965, 'm3-1': 4.522, 'm4-1': 0.874}",0.10880000000001928,134.825,inf,134.893,134.893,134.893
1328,TT1,BESTEFFORT,MISSED,m2-1,129.866,"{'m1-1': 1.907, 'm2-1': 1.798, 'm3-1': 4.325, 'm4-1': 0.781}",0.7260000000000559,134.624,inf,134.866,134.866,134.866
1329,TT2,BESTEFFORT,MISSED,m3-1,129.91,"{'m1-1': 2.582, 'm2-1': 2.115, 'm3-1': 5.127, 'm4-1': 0.735}",1.4580000000000042,134.2,inf,135.01,135.01,135.01
1330,TT2,BESTEFFORT,MISSED,m2-1,130.073,"{'m1-1': 2.34, 'm2-1': 1.614, 'm3-1': 3.654, 'm4-1': 1.009}",0.9209999999999638,134.866,inf,135.173,135.173,135.173
1331,TT1,BESTEFFORT,MISSED,m3-1,130.175,"{'m1-1': 1.865, 'm2-1': 1.779, 'm3-1': 4.347, 'm4-1': 0.839}",0.29700000000003685,135.01,inf,135.175,135.175,135.175
1332,TT2,BESTEFFORT,MISSED,m4-1,130.301,"{'m1-1': 2.39, 'm2-1': 1.824, 'm3-1': 4.622, 'm4-1': 0.831}",0.6615000000000038,134.95999999999998,inf,135.40099999999998,135.40099999999998,135.40099999999998
1333,TT3,BESTEFFORT,MISSED,m2-1,130.34,"{'m1-1': 2.194, 'm2-1': 1.405, 'm3-1': 5.7, 'm4-1': 0.836}",1.1009999999999707,135.173,inf,135.54,135.54,135.54
1334,TT1,BESTEFFORT,MISSED,m3-1,130.424,"{'m1-1': 2.34, 'm2-1': 1.758, 'm3-1': 4.176, 'm4-1': 0.744}",0.44819999999999144,135.175,inf,135.424,135.424,135.424
1335,TT4,BESTEFFORT,MISSED,m1-1,130.51,"{'m1-1': 1.957, 'm2-1': 1.35, 'm3-1': 4.739, 'm4-1': 1.04}",0.9871999999999844,134.893,inf,135.51,135.51,135.51
1336,TT2,BESTEFFORT,MISSED,m3-1,130.512,"{'m1-1': 1.99, 'm2-1': 1.626, 'm3-1': 5.05, 'm4-1': 0.807}",0.3383999999999787,135.424,inf,135.612,135.612,135.612
1337,TT2,BESTEFFORT,MISSED,m1-1,130.743,"{'m1-1': 2.466, 'm2-1': 1.8, 'm3-1': 4.361, 'm4-1': 0.977}",0.5327999999999975,135.51,inf,135.843,135.843,135.843
1338,TT2,BESTEFFORT,MISSED,m4-1,130.831,"{'m1-1': 2.102, 'm2-1': 2.051, 'm3-1': 4.313, 'm4-1': 0.841}",0.7950000000000017,135.40099999999998,inf,135.93099999999998,135.93099999999998,135.93099999999998
1339,TT4,BESTEFFORT,MISSED,m2-1,130.937,"{'m1-1': 2.095, 'm2-1': 1.812, 'm3-1': 3.906, 'm4-1': 0.967}",1.1910000000000593,135.54,inf,135.937,135.937,135.937
1340,TT4,BESTEFFORT,MISSED,m4-1,130.94,"{'m1-1': 1.793, 'm2-1': 1.556, 'm3-1': 4.24, 'm4-1': 0.871}",0.013500000000021828,135.93099999999998,inf,135.94,135.94,135.94
1341,TT2,BESTEFFORT,MISSED,m2-1,131.101,"{'m1-1': 1.873, 'm2-1': 2.007, 'm3-1': 4.999, 'm4-1': 0.999}",0.7919999999999447,135.937,inf,136.201,136.201,136.201
1342,TT2,BESTEFFORT,MISSED,m1-1,131.105,"{'m1-1': 1.95, 'm2-1': 1.736, 'm3-1': 4.149, 'm4-1': 0.775}",0.07679999999995744,136.157,inf,136.20499999999998,136.20499999999998,136.20499999999998
1343,TT1,BESTEFFORT,MISSED,m1-1,131.157,"{'m1-1': 2.185, 'm2-1': 1.501, 'm3-1': 3.786, 'm4-1': 0.764}",0.5024000000000343,135.843,inf,136.157,136.157,136.157
1344,TT1,BESTEFFORT,MISSED,m4-1,131.483,"{'m1-1': 2.572, 'm2-1': 1.653, 'm3-1': 4.87, 'm4-1': 0.655}",0.8145000000000095,135.94,inf,136.483,136.483,136.483
1345,TT4,BESTEFFORT,MISSED,m3-1,131.507,"{'m1-1': 2.289, 'm2-1': 1.488, 'm3-1': 3.783, 'm4-1': 0.963}",1.6110000000000184,135.612,inf,136.507,136.507,136.507
1346,TT3,BESTEFFORT,MISSED,m4-1,131.554,"{'m1-1': 2.287, 'm2-1': 1.337, 'm3-1': 5.275, 'm4-1': 0.931}",0.4064999999999799,136.483,inf,136.754,136.754,136.754
1347,TT4,BESTEFFORT,MISSED,m2-1,131.585,"{'m1-1': 1.745, 'm2-1': 1.636, 'm3-1': 4.472, 'm4-1': 0.785}",1.1520000000000437,136.201,inf,136.585,136.585,136.585
1348,TT4,BESTEFFORT,MISSED,m3-1,131.69,"{'m1-1': 1.779, 'm2-1': 1.359, 'm3-1': 4.712, 'm4-1': 0.96}",0.3293999999999869,136.507,inf,136.69,136.69,136.69
1349,TT1,BESTEFFORT,MISSED,m3-1,131.802,"{'m1-1': 2.362, 'm2-1': 1.851, 'm3-1': 3.912, 'm4-1': 0.667}",0.2015999999999906,136.69,inf,136.802,136.802,136.802
1350,TT1,BESTEFFORT,MISSED,m1-1,131.889,"{'m1-1': 2.218, 'm2-1': 1.648, 'm3-1': 4.825, 'm4-1': 0.612}",1.0944000000000416,136.20499999999998,inf,136.889,136.889,136.889
1351,TT3,BESTEFFORT,MISSED,m2-1,132.018,"{'m1-1': 2.253, 'm2-1': 1.531, 'm3-1': 5.43, 'm4-1': 0.926}",1.898999999999944,136.585,inf,137.218,137.218,137.218
1352,TT1,BESTEFFORT,MISSED,m3-1,132.24,"{'m1-1': 2.53, 'm2-1': 1.835, 'm3-1': 4.019, 'm4-1': 0.802}",0.7884000000000299,136.802,inf,137.24,137.24,137.24
1353,TT1,BESTEFFORT,MISSED,m1-1,132.448,"{'m1-1': 1.88, 'm2-1': 1.444, 'm3-1': 3.776, 'm4-1': 0.678}",0.8943999999999961,136.889,inf,137.448,137.448,137.448
1354,TT3,BESTEFFORT,COMPLETED,m4-1,132.673,"{'m1-1': 1.951, 'm2-1': 1.639, 'm3-1': 5.264, 'm4-1': 0.946}",1.419,136.754,137.7,inf,137.873,137.873
1355,TT2,BESTEFFORT,MISSED,m4-1,132.852,"{'m1-1': 2.243, 'm2-1': 1.786, 'm3-1': 4.492, 'm4-1': 0.808}",0.3780000000000143,137.7,inf,137.952,137.952,137.952
1356,TT1,BESTEFFORT,MISSED,m2-1,132.907,"{'m1-1': 2.07, 'm2-1': 1.943, 'm3-1': 4.568, 'm4-1': 0.859}",2.067000000000064,137.218,inf,137.907,137.907,137.907
1357,TT3,BESTEFFORT,MISSED,m2-1,133.109,"{'m1-1': 1.9, 'm2-1': 1.551, 'm3-1': 5.058, 'm4-1': 0.808}",1.2059999999999604,137.907,inf,138.309,138.309,138.309
1358,TT2,BESTEFFORT,MISSED,m1-1,133.198,"{'m1-1': 2.163, 'm2-1': 1.649, 'm3-1': 4.934, 'm4-1': 0.911}",1.359999999999991,137.448,inf,138.298,138.298,138.298
1359,TT1,BESTEFFORT,MISSED,m1-1,133.739,"{'m1-1': 1.886, 'm2-1': 1.844, 'm3-1': 4.5, 'm4-1': 0.668}",0.705600000000004,138.298,inf,138.739,138.739,138.739
1360,TT3,BESTEFFORT,MISSED,m3-1,133.756,"{'m1-1': 2.376, 'm2-1': 1.676, 'm3-1': 5.422, 'm4-1': 0.813}",3.0887999999999636,137.24,inf,138.956,138.956,138.956
1361,TT4,BESTEFFORT,COMPLETED,m4-1,133.948,"{'m1-1': 2.435, 'm2-1': 1.515, 'm3-1': 4.317, 'm4-1': 0.954}",1.431,137.952,138.906,inf,138.948,138.948
1362,TT3,BESTEFFORT,MISSED,m4-1,134.008,"{'m1-1': 2.069, 'm2-1': 1.266, 'm3-1': 4.327, 'm4-1': 0.822}",0.45299999999998875,138.906,inf,139.208,139.208,139.208
1363,TT1,BESTEFFORT,MISSED,m2-1,134.023,"{'m1-1': 2.324, 'm2-1': 1.825, 'm3-1': 3.8, 'm4-1': 0.811}",2.141999999999996,138.309,inf,139.023,139.023,139.023
1364,TT2,BESTEFFORT,MISSED,m3-1,134.049,"{'m1-1': 2.005, 'm2-1': 1.516, 'm3-1': 4.631, 'm4-1': 0.888}",0.3474000000000217,138.956,inf,139.149,139.149,139.149
1365,TT2,BESTEFFORT,MISSED,m3-1,134.156,"{'m1-1': 2.075, 'm2-1': 1.978, 'm3-1': 4.703, 'm4-1': 0.793}",0.19259999999999877,139.149,inf,139.256,139.256,139.256
1366,TT2,BESTEFFORT,MISSED,m2-1,134.268,"{'m1-1': 1.866, 'm2-1': 1.829, 'm3-1': 3.834, 'm4-1': 0.97}",1.0349999999999966,139.023,inf,139.368,139.368,139.368
1367,TT4,BESTEFFORT,MISSED,m1-1,134.355,"{'m1-1': 1.955, 'm2-1': 1.897, 'm3-1': 4.743, 'm4-1': 0.786}",0.9855999999999767,138.739,inf,139.355,139.355,139.355
1368,TT2,BESTEFFORT,MISSED,m1-1,134.363,"{'m1-1': 2.163, 'm2-1': 1.823, 'm3-1': 4.58, 'm4-1': 0.858}",0.17280000000000656,139.355,inf,139.463,139.463,139.463
1369,TT4,BESTEFFORT,MISSED,m3-1,134.449,"{'m1-1': 1.827, 'm2-1': 1.742, 'm3-1': 3.781, 'm4-1': 0.8}",0.3474000000000217,139.256,inf,139.449,139.449,139.449
1370,TT3,BESTEFFORT,MISSED,m2-1,134.606,"{'m1-1': 2.225, 'm2-1': 1.511, 'm3-1': 5.697, 'm4-1': 0.986}",1.3139999999999645,139.368,inf,139.80599999999998,139.80599999999998,139.80599999999998
1371,TT2,BESTEFFORT,MISSED,m4-1,134.659,"{'m1-1': 1.984, 'm2-1': 1.858, 'm3-1': 4.679, 'm4-1': 0.733}",0.8264999999999816,139.208,inf,139.759,139.759,139.759
1372,TT1,BESTEFFORT,MISSED,m4-1,135.064,"{'m1-1': 1.931, 'm2-1': 1.439, 'm3-1': 3.824, 'm4-1': 0.694}",0.45750000000001023,139.759,inf,140.064,140.064,140.064
1373,TT3,BESTEFFORT,MISSED,m1-1,135.167,"{'m1-1': 1.912, 'm2-1': 1.686, 'm3-1': 5.33, 'm4-1': 0.817}",1.4463999999999944,139.463,inf,140.367,140.367,140.367
1374,TT4,BESTEFFORT,MISSED,m2-1,135.444,"{'m1-1': 2.07, 'm2-1': 1.511, 'm3-1': 3.682, 'm4-1': 0.823}",1.9140000000000157,139.80599999999998,inf,140.444,140.444,140.444
1375,TT4,BESTEFFORT,MISSED,m1-1,135.486,"{'m1-1': 1.97, 'm2-1': 1.491, 'm3-1': 4.433, 'm4-1': 0.983}",0.19039999999999965,140.367,inf,140.486,140.486,140.486
1376,TT1,BESTEFFORT,MISSED,m4-1,135.507,"{'m1-1': 2.053, 'm2-1': 1.728, 'm3-1': 4.596, 'm4-1': 0.627}",0.6645000000000181,140.064,inf,140.507,140.507,140.507
1377,TT4,BESTEFFORT,MISSED,m3-1,135.543,"{'m1-1': 2.169, 'm2-1': 1.713, 'm3-1': 4.512, 'm4-1': 0.986}",1.9691999999999894,139.449,inf,140.543,140.543,140.543
1378,TT1,BESTEFFORT,MISSED,m2-1,135.672,"{'m1-1': 2.359, 'm2-1': 1.866, 'm3-1': 4.809, 'm4-1': 0.785}",0.6840000000000259,140.444,inf,140.672,140.672,140.672
1379,TT2,BESTEFFORT,MISSED,m3-1,135.698,"{'m1-1': 2.206, 'm2-1': 1.792, 'm3-1': 4.005, 'm4-1': 0.911}",0.4589999999999918,140.543,inf,140.798,140.798,140.798
1380,TT2,BESTEFFORT,MISSED,m4-1,135.777,"{'m1-1': 1.979, 'm2-1': 1.801, 'm3-1': 3.631, 'm4-1': 0.999}",0.5549999999999642,140.507,inf,140.87699999999998,140.87699999999998,140.87699999999998
1381,TT3,BESTEFFORT,MISSED,m2-1,135.937,"{'m1-1': 2.136, 'm2-1': 1.543, 'm3-1': 4.783, 'm4-1': 0.927}",1.3950000000000102,140.672,inf,141.137,141.137,141.137
1382,TT1,BESTEFFORT,MISSED,m3-1,135.995,"{'m1-1': 2.444, 'm2-1': 1.515, 'm3-1': 3.98, 'm4-1': 0.704}",0.3546000000000049,140.798,inf,140.995,140.995,140.995
1383,TT2,BESTEFFORT,MISSED,m1-1,136.014,"{'m1-1': 2.021, 'm2-1': 1.886, 'm3-1': 4.247, 'm4-1': 0.766}",1.004800000000023,140.486,inf,141.114,141.114,141.114
1384,TT2,BESTEFFORT,MISSED,m3-1,136.152,"{'m1-1': 2.296, 'm2-1': 2.112, 'm3-1': 4.793, 'm4-1': 0.926}",0.4625999999999579,140.995,inf,141.25199999999998,141.25199999999998,141.25199999999998
1385,TT4,BESTEFFORT,MISSED,m1-1,136.291,"{'m1-1': 1.989, 'm2-1': 1.833, 'm3-1': 4.749, 'm4-1': 0.883}",0.283199999999988,141.114,inf,141.291,141.291,141.291
1386,TT4,BESTEFFORT,MISSED,m4-1,136.323,"{'m1-1': 2.038, 'm2-1': 1.835, 'm3-1': 3.814, 'm4-1': 0.883}",0.6690000000000396,140.87699999999998,inf,141.323,141.323,141.323
1387,TT3,BESTEFFORT,MISSED,m2-1,136.61,"{'m1-1': 1.9, 'm2-1': 1.329, 'm3-1': 5.247, 'm4-1': 0.857}",2.0190000000000055,141.137,inf,141.81,141.81,141.81
1388,TT3,BESTEFFORT,MISSED,m1-1,136.67,"{'m1-1': 2.039, 'm2-1': 1.732, 'm3-1': 5.174, 'm4-1': 0.807}",0.9263999999999669,141.291,inf,141.86999999999998,141.86999999999998,141.86999999999998
1389,TT1,BESTEFFORT,MISSED,m4-1,136.814,"{'m1-1': 2.023, 'm2-1': 1.949, 'm3-1': 3.657, 'm4-1': 0.703}",0.7364999999999782,141.323,inf,141.814,141.814,141.814
1390,TT2,BESTEFFORT,MISSED,m1-1,136.907,"{'m1-1': 2.172, 'm2-1': 2.046, 'm3-1': 4.237, 'm4-1': 0.731}",0.21920000000004622,141.86999999999998,inf,142.007,142.007,142.007
1391,TT1,BESTEFFORT,MISSED,m2-1,136.922,"{'m1-1': 2.031, 'm2-1': 1.522, 'm3-1': 4.084, 'm4-1': 0.704}",0.3359999999999843,141.81,inf,141.922,141.922,141.922
1392,TT3,BESTEFFORT,MISSED,m3-1,136.951,"{'m1-1': 2.286, 'm2-1': 1.781, 'm3-1': 4.972, 'm4-1': 0.999}",1.6182000000000016,141.25199999999998,inf,142.15099999999998,142.15099999999998,142.15099999999998
1393,TT3,BESTEFFORT,MISSED,m2-1,137.033,"{'m1-1': 1.96, 'm2-1': 1.554, 'm3-1': 5.89, 'm4-1': 0.834}",0.9329999999999359,141.922,inf,142.23299999999998,142.23299999999998,142.23299999999998
1394,TT1,BESTEFFORT,MISSED,m4-1,137.062,"{'m1-1': 2.622, 'm2-1': 1.501, 'm3-1': 3.854, 'm4-1': 0.813}",0.3720000000000283,141.814,inf,142.062,142.062,142.062
1395,TT3,BESTEFFORT,MISSED,m3-1,137.241,"{'m1-1': 2.155, 'm2-1': 1.321, 'm3-1': 4.235, 'm4-1': 0.845}",0.3419999999999959,142.251,inf,142.441,142.441,142.441
1396,TT1,BESTEFFORT,MISSED,m3-1,137.251,"{'m1-1': 2.194, 'm2-1': 1.512, 'm3-1': 4.402, 'm4-1': 0.639}",0.18000000000004093,142.15099999999998,inf,142.251,142.251,142.251
1397,TT3,BESTEFFORT,MISSED,m1-1,137.297,"{'m1-1': 2.303, 'm2-1': 1.374, 'm3-1': 5.793, 'm4-1': 0.935}",0.7839999999999692,142.007,inf,142.49699999999999,142.49699999999999,142.49699999999999
1398,TT4,BESTEFFORT,MISSED,m4-1,137.322,"{'m1-1': 2.298, 'm2-1': 1.435, 'm3-1': 4.933, 'm4-1': 0.874}",0.38999999999998636,142.062,inf,142.322,142.322,142.322
1399,TT2,BESTEFFORT,MISSED,m3-1,137.503,"{'m1-1': 2.435, 'm2-1': 1.836, 'm3-1': 4.556, 'm4-1': 0.968}",0.2915999999999599,142.441,inf,142.60299999999998,142.60299999999998,142.60299999999998
1400,TT4,BESTEFFORT,MISSED,m2-1,137.561,"{'m1-1': 2.318, 'm2-1': 1.373, 'm3-1': 3.889, 'm4-1': 1.068}",0.9840000000000941,142.23299999999998,inf,142.561,142.561,142.561
1401,TT1,BESTEFFORT,MISSED,m1-1,137.618,"{'m1-1': 2.397, 'm2-1': 1.534, 'm3-1': 4.817, 'm4-1': 0.823}",0.19360000000001493,142.49699999999999,inf,142.618,142.618,142.618
1402,TT1,BESTEFFORT,MISSED,m4-1,137.782,"{'m1-1': 2.539, 'm2-1': 1.804, 'm3-1': 4.347, 'm4-1': 0.664}",0.6900000000000119,142.322,inf,142.782,142.782,142.782
1403,TT3,BESTEFFORT,MISSED,m2-1,137.811,"{'m1-1': 2.209, 'm2-1': 1.451, 'm3-1': 4.834, 'm4-1': 0.938}",0.45000000000001705,142.861,inf,143.011,143.011,143.011
1404,TT3,BESTEFFORT,MISSED,m1-1,137.839,"{'m1-1': 1.82, 'm2-1': 1.715, 'm3-1': 4.263, 'm4-1': 0.766}",0.052799999999979266,143.006,inf,143.039,143.039,143.039
1405,TT1,BESTEFFORT,MISSED,m2-1,137.861,"{'m1-1': 2.351, 'm2-1': 1.679, 'm3-1': 4.759, 'm4-1': 0.637}",0.8999999999999488,142.561,inf,142.861,142.861,142.861
1406,TT3,BESTEFFORT,MISSED,m3-1,137.935,"{'m1-1': 2.081, 'm2-1': 1.345, 'm3-1': 4.346, 'm4-1': 0.839}",0.02879999999998404,143.119,inf,143.135,143.135,143.135
1407,TT4,BESTEFFORT,MISSED,m4-1,137.955,"{'m1-1': 2.065, 'm2-1': 1.666, 'm3-1': 4.65, 'm4-1': 0.88}",0.25950000000000273,142.782,inf,142.955,142.955,142.955
1408,TT2,BESTEFFORT,MISSED,m4-1,137.959,"{'m1-1': 2.215, 'm2-1': 1.514, 'm3-1': 4.833, 'm4-1': 0.92}",0.1559999999999775,142.955,inf,143.059,143.059,143.059
1409,TT1,BESTEFFORT,MISSED,m1-1,138.006,"{'m1-1': 1.867, 'm2-1': 1.46, 'm3-1': 4.452, 'm4-1': 0.631}",0.6208000000000085,142.618,inf,143.006,143.006,143.006
1410,TT1,BESTEFFORT,MISSED,m3-1,138.119,"{'m1-1': 2.183, 'm2-1': 1.776, 'm3-1': 3.904, 'm4-1': 0.833}",0.9288000000000353,142.60299999999998,inf,143.119,143.119,143.119
1411,TT1,BESTEFFORT,MISSED,m2-1,138.121,"{'m1-1': 2.34, 'm2-1': 1.921, 'm3-1': 3.684, 'm4-1': 0.664}",0.3300000000000409,143.011,inf,143.121,143.121,143.121
1412,TT1,BESTEFFORT,MISSED,m4-1,138.263,"{'m1-1': 1.946, 'm2-1': 1.403, 'm3-1': 4.923, 'm4-1': 0.613}",0.3060000000000116,143.059,inf,143.263,143.263,143.263
1413,TT3,BESTEFFORT,MISSED,m3-1,138.336,"{'m1-1': 1.809, 'm2-1': 1.467, 'm3-1': 5.564, 'm4-1': 0.728}",0.7218000000000189,143.135,inf,143.536,143.536,143.536
1414,TT3,BESTEFFORT,MISSED,m1-1,138.36,"{'m1-1': 1.734, 'm2-1': 1.401, 'm3-1': 4.84, 'm4-1': 0.729}",0.8336000000000241,143.039,inf,143.56,143.56,143.56
1415,TT4,BESTEFFORT,MISSED,m2-1,138.619,"{'m1-1': 1.852, 'm2-1': 1.489, 'm3-1': 5.104, 'm4-1': 0.821}",1.4939999999999714,143.121,inf,143.619,143.619,143.619
1416,TT3,BESTEFFORT,MISSED,m2-1,138.728,"{'m1-1': 2.054, 'm2-1': 1.472, 'm3-1': 5.214, 'm4-1': 0.731}",0.9269999999999925,143.619,inf,143.928,143.928,143.928
1417,TT4,BESTEFFORT,MISSED,m3-1,138.832,"{'m1-1': 2.37, 'm2-1': 1.348, 'm3-1': 4.195, 'm4-1': 0.833}",0.5327999999999861,143.536,inf,143.832,143.832,143.832
1418,TT2,BESTEFFORT,MISSED,m4-1,138.847,"{'m1-1': 2.055, 'm2-1': 1.916, 'm3-1': 4.1, 'm4-1': 0.911}",0.07799999999998875,143.895,inf,143.947,143.947,143.947
1419,TT3,BESTEFFORT,MISSED,m1-1,138.864,"{'m1-1': 1.804, 'm2-1': 1.408, 'm3-1': 4.565, 'm4-1': 0.952}",0.31520000000000437,143.867,inf,144.064,144.064,144.064
1420,TT4,BESTEFFORT,MISSED,m1-1,138.867,"{'m1-1': 2.172, 'm2-1': 1.473, 'm3-1': 3.935, 'm4-1': 0.945}",0.49119999999998076,143.56,inf,143.867,143.867,143.867
1421,TT3,BESTEFFORT,MISSED,m2-1,138.874,"{'m1-1': 1.928, 'm2-1': 1.664, 'm3-1': 5.749, 'm4-1': 0.996}",0.43799999999995975,143.928,inf,144.07399999999998,144.07399999999998,144.07399999999998
1422,TT1,BESTEFFORT,MISSED,m4-1,138.895,"{'m1-1': 2.213, 'm2-1': 1.769, 'm3-1': 5.033, 'm4-1': 0.736}",0.9480000000000075,143.263,inf,143.895,143.895,143.895
1423,TT3,BESTEFFORT,MISSED,m3-1,139.138,"{'m1-1': 1.975, 'm2-1': 1.342, 'm3-1': 4.777, 'm4-1': 0.871}",0.9108000000000004,143.832,inf,144.338,144.338,144.338
1424,TT4,BESTEFFORT,MISSED,m1-1,139.191,"{'m1-1': 2.295, 'm2-1': 1.807, 'm3-1': 4.063, 'm4-1': 0.891}",0.20320000000001529,144.064,inf,144.191,144.191,144.191
1425,TT1,BESTEFFORT,MISSED,m4-1,139.194,"{'m1-1': 2.086, 'm2-1': 1.604, 'm3-1': 4.836, 'm4-1': 0.847}",0.3704999999999785,143.947,inf,144.194,144.194,144.194
1426,TT3,BESTEFFORT,MISSED,m2-1,139.227,"{'m1-1': 2.016, 'm2-1': 1.46, 'm3-1': 4.298, 'm4-1': 0.749}",1.059000000000026,144.07399999999998,inf,144.427,144.427,144.427
1427,TT3,BESTEFFORT,MISSED,m3-1,139.327,"{'m1-1': 2.423, 'm2-1': 1.501, 'm3-1': 5.275, 'm4-1': 0.977}",0.34019999999998735,144.338,inf,144.527,144.527,144.527
1428,TT1,BESTEFFORT,MISSED,m4-1,139.662,"{'m1-1': 2.221, 'm2-1': 1.846, 'm3-1': 4.36, 'm4-1': 0.836}",0.7020000000000266,144.194,inf,144.662,144.662,144.662
1429,TT3,BESTEFFORT,MISSED,m1-1,139.671,"{'m1-1': 2.201, 'm2-1': 1.499, 'm3-1': 4.744, 'm4-1': 0.846}",1.0879999999999654,144.191,inf,144.87099999999998,144.87099999999998,144.87099999999998
1430,TT4,BESTEFFORT,MISSED,m3-1,139.721,"{'m1-1': 2.329, 'm2-1': 1.373, 'm3-1': 4.415, 'm4-1': 0.853}",0.3492000000000303,144.527,inf,144.721,144.721,144.721
1431,TT2,BESTEFFORT,MISSED,m2-1,139.865,"{'m1-1': 1.914, 'm2-1': 1.776, 'm3-1': 4.504, 'm4-1': 1.005}",1.6140000000000327,144.427,inf,144.965,144.965,144.965
1432,TT1,BESTEFFORT,MISSED,m3-1,140.091,"{'m1-1': 2.082, 'm2-1': 1.567, 'm3-1': 3.946, 'm4-1': 0.818}",0.6660000000000083,144.721,inf,145.091,145.091,145.091
1433,TT1,BESTEFFORT,MISSED,m1-1,140.573,"{'m1-1': 2.319, 'm2-1': 1.515, 'm3-1': 4.608, 'm4-1': 0.66}",1.1232000000000426,144.87099999999998,inf,145.573,145.573,145.573
1434,TT1,BESTEFFORT,COMPLETED,m4-1,140.685,"{'m1-1': 2.605, 'm2-1': 1.609, 'm3-1': 4.283, 'm4-1': 0.843}",1.2645,144.662,145.505,inf,145.685,145.685
1435,TT1,BESTEFFORT,MISSED,m2-1,140.715,"{'m1-1': 2.597, 'm2-1': 1.521, 'm3-1': 4.714, 'm4-1': 0.63}",2.25,144.965,inf,145.715,145.715,145.715
1436,TT3,BESTEFFORT,MISSED,m2-1,140.729,"{'m1-1': 2.212, 'm2-1': 1.781, 'm3-1': 4.665, 'm4-1': 0.749}",0.6419999999999959,145.715,inf,145.929,145.929,145.929
1437,TT1,BESTEFFORT,MISSED,m4-1,140.743,"{'m1-1': 2.258, 'm2-1': 1.65, 'm3-1': 4.355, 'm4-1': 0.842}",0.3569999999999993,145.505,inf,145.743,145.743,145.743
1438,TT4,BESTEFFORT,MISSED,m1-1,140.812,"{'m1-1': 1.807, 'm2-1': 1.703, 'm3-1': 3.987, 'm4-1': 0.957}",0.38240000000000696,145.573,inf,145.812,145.812,145.812
1439,TT1,BESTEFFORT,MISSED,m1-1,141.029,"{'m1-1': 2.153, 'm2-1': 1.697, 'm3-1': 4.085, 'm4-1': 0.64}",0.3471999999999753,145.812,inf,146.029,146.029,146.029
1440,TT4,BESTEFFORT,MISSED,m4-1,141.101,"{'m1-1': 1.909, 'm2-1': 1.716, 'm3-1': 4.639, 'm4-1': 1.009}",0.5370000000000061,145.743,inf,146.101,146.101,146.101
1441,TT2,BESTEFFORT,MISSED,m3-1,141.344,"{'m1-1': 2.268, 'm2-1': 1.8, 'm3-1': 4.338, 'm4-1': 0.728}",2.4353999999999645,145.091,inf,146.444,146.444,146.444
1442,TT4,BESTEFFORT,MISSED,m2-1,141.513,"{'m1-1': 1.853, 'm2-1': 1.685, 'm3-1': 5.1, 'm4-1': 1.068}",1.7520000000000095,145.929,inf,146.513,146.513,146.513
1443,TT4,BESTEFFORT,MISSED,m3-1,141.784,"{'m1-1': 2.45, 'm2-1': 1.356, 'm3-1': 4.699, 'm4-1': 0.799}",0.6120000000000062,146.444,inf,146.784,146.784,146.784
1444,TT4,BESTEFFORT,COMPLETED,m4-1,142.207,"{'m1-1': 1.758, 'm2-1': 1.807, 'm3-1': 4.448, 'm4-1': 0.843}",1.2645,146.101,146.944,inf,147.207,147.207
1445,TT1,BESTEFFORT,MISSED,m3-1,142.344,"{'m1-1': 2.219, 'm2-1': 1.825, 'm3-1': 5.073, 'm4-1': 0.718}",1.0080000000000042,146.784,inf,147.344,147.344,147.344
1446,TT2,BESTEFFORT,MISSED,m2-1,142.458,"{'m1-1': 2.255, 'm2-1': 2.128, 'm3-1': 4.58, 'm4-1': 0.966}",3.1349999999999625,146.513,inf,147.558,147.558,147.558
1447,TT4,BESTEFFORT,MISSED,m1-1,142.478,"{'m1-1': 2.426, 'm2-1': 1.361, 'm3-1': 3.925, 'm4-1': 0.905}",2.3184000000000196,146.029,inf,147.478,147.478,147.478
1448,TT2,BESTEFFORT,MISSED,m3-1,142.66,"{'m1-1': 2.438, 'm2-1': 1.609, 'm3-1': 4.182, 'm4-1': 0.904}",0.7487999999999942,147.344,inf,147.76,147.76,147.76
1449,TT3,BESTEFFORT,COMPLETED,m4-1,142.702,"{'m1-1': 2.192, 'm2-1': 1.34, 'm3-1': 4.992, 'm4-1': 0.857}",1.2854999999999999,146.944,147.801,inf,147.902,147.902
1450,TT4,BESTEFFORT,MISSED,m1-1,142.914,"{'m1-1': 2.024, 'm2-1': 1.505, 'm3-1': 4.903, 'm4-1': 1.017}",0.6975999999999658,147.478,inf,147.914,147.914,147.914
1451,TT4,BESTEFFORT,MISSED,m2-1,142.951,"{'m1-1': 2.157, 'm2-1': 1.753, 'm3-1': 5.144, 'm4-1': 0.809}",1.179000000000002,147.558,inf,147.951,147.951,147.951
1452,TT2,BESTEFFORT,MISSED,m4-1,142.989,"{'m1-1': 1.87, 'm2-1': 1.987, 'm3-1': 4.331, 'm4-1': 0.957}",0.43200000000001637,147.801,inf,148.089,148.089,148.089
1453,TT3,BESTEFFORT,MISSED,m1-1,143.032,"{'m1-1': 2.226, 'm2-1': 1.583, 'm3-1': 5.554, 'm4-1': 0.791}",0.5088000000000193,147.914,inf,148.232,148.232,148.232
1454,TT3,BESTEFFORT,MISSED,m2-1,143.186,"{'m1-1': 2.352, 'm2-1': 1.603, 'm3-1': 5.913, 'm4-1': 0.889}",1.3050000000000068,147.951,inf,148.386,148.386,148.386
1455,TT3,BESTEFFORT,MISSED,m4-1,143.283,"{'m1-1': 2.08, 'm2-1': 1.328, 'm3-1': 4.83, 'm4-1': 0.862}",0.5909999999999656,148.089,inf,148.48299999999998,148.48299999999998,148.48299999999998
1456,TT1,BESTEFFORT,MISSED,m1-1,143.399,"{'m1-1': 2.429, 'm2-1': 1.769, 'm3-1': 4.136, 'm4-1': 0.752}",0.26720000000000255,148.232,inf,148.399,148.399,148.399
1457,TT4,BESTEFFORT,MISSED,m3-1,143.783,"{'m1-1': 2.134, 'm2-1': 1.58, 'm3-1': 3.845, 'm4-1': 1.038}",1.841399999999993,147.76,inf,148.783,148.783,148.783
1458,TT2,BESTEFFORT,MISSED,m2-1,143.849,"{'m1-1': 2.479, 'm2-1': 1.889, 'm3-1': 4.877, 'm4-1': 0.738}",1.6889999999999645,148.386,inf,148.94899999999998,148.94899999999998,148.94899999999998
1459,TT2,BESTEFFORT,MISSED,m4-1,144.01,"{'m1-1': 2.364, 'm2-1': 1.991, 'm3-1': 4.772, 'm4-1': 0.736}",0.9405000000000143,148.48299999999998,inf,149.10999999999999,149.10999999999999,149.10999999999999
1460,TT3,BESTEFFORT,MISSED,m2-1,144.015,"{'m1-1': 1.838, 'm2-1': 1.317, 'm3-1': 5.815, 'm4-1': 0.767}",0.7979999999999734,148.94899999999998,inf,149.21499999999997,149.21499999999997,149.21499999999997
1461,TT4,BESTEFFORT,MISSED,m3-1,144.042,"{'m1-1': 2.208, 'm2-1': 1.404, 'm3-1': 4.879, 'm4-1': 0.88}",0.4662000000000262,148.783,inf,149.042,149.042,149.042
1462,TT4,BESTEFFORT,MISSED,m3-1,144.11,"{'m1-1': 2.312, 'm2-1': 1.898, 'm3-1': 4.291, 'm4-1': 0.891}",0.1224000000000217,149.042,inf,149.11,149.11,149.11
1463,TT1,BESTEFFORT,MISSED,m1-1,144.17,"{'m1-1': 2.576, 'm2-1': 1.653, 'm3-1': 4.326, 'm4-1': 0.616}",1.2335999999999787,148.399,inf,149.17,149.17,149.17
1464,TT4,BESTEFFORT,MISSED,m3-1,144.297,"{'m1-1': 2.302, 'm2-1': 1.445, 'm3-1': 3.876, 'm4-1': 0.962}",0.33659999999997015,149.11,inf,149.297,149.297,149.297
1465,TT2,BESTEFFORT,MISSED,m1-1,144.297,"{'m1-1': 2.624, 'm2-1': 2.069, 'm3-1': 3.793, 'm4-1': 1.001}",0.3632000000000062,149.17,inf,149.397,149.397,149.397
1466,TT1,BESTEFFORT,MISSED,m4-1,144.371,"{'m1-1': 2.34, 'm2-1': 1.668, 'm3-1': 4.993, 'm4-1': 0.839}",0.39150000000003615,149.10999999999999,inf,149.371,149.371,149.371
1467,TT1,BESTEFFORT,MISSED,m2-1,144.534,"{'m1-1': 2.429, 'm2-1': 1.813, 'm3-1': 5.008, 'm4-1': 0.816}",0.9570000000000505,149.21499999999997,inf,149.534,149.534,149.534
1468,TT1,BESTEFFORT,MISSED,m4-1,144.628,"{'m1-1': 2.082, 'm2-1': 1.918, 'm3-1': 4.149, 'm4-1': 0.838}",0.38549999999996487,149.371,inf,149.628,149.628,149.628
1469,TT4,BESTEFFORT,MISSED,m1-1,144.65,"{'m1-1': 2.03, 'm2-1': 1.467, 'm3-1': 4.871, 'm4-1': 0.91}",0.4048000000000229,149.397,inf,149.65,149.65,149.65
1470,TT3,BESTEFFORT,MISSED,m1-1,144.689,"{'m1-1': 1.949, 'm2-1': 1.271, 'm3-1': 5.661, 'm4-1': 0.963}",0.38239999999996144,149.65,inf,149.88899999999998,149.88899999999998,149.88899999999998
1471,TT1,BESTEFFORT,MISSED,m2-1,144.876,"{'m1-1': 1.9, 'm2-1': 1.616, 'm3-1': 4.915, 'm4-1': 0.791}",1.0260000000000389,149.534,inf,149.876,149.876,149.876
1472,TT2,BESTEFFORT,MISSED,m3-1,144.908,"{'m1-1': 2.329, 'm2-1': 1.532, 'm3-1': 3.783, 'm4-1': 0.832}",1.2797999999999718,149.297,inf,150.00799999999998,150.00799999999998,150.00799999999998
1473,TT1,BESTEFFORT,MISSED,m4-1,144.971,"{'m1-1': 1.899, 'm2-1': 1.423, 'm3-1': 3.605, 'm4-1': 0.816}",0.5145000000000266,149.628,inf,149.971,149.971,149.971
1474,TT2,BESTEFFORT,MISSED,m2-1,145.118,"{'m1-1': 2.144, 'm2-1': 1.651, 'm3-1': 4.313, 'm4-1': 0.96}",1.0259999999999536,149.876,inf,150.218,150.218,150.218
1475,TT3,BESTEFFORT,MISSED,m4-1,145.135,"{'m1-1': 2.36, 'm2-1': 1.343, 'm3-1': 5.622, 'm4-1': 0.893}",0.5459999999999638,149.971,inf,150.33499999999998,150.33499999999998,150.33499999999998
1476,TT3,BESTEFFORT,MISSED,m3-1,145.198,"{'m1-1': 2.215, 'm2-1': 1.597, 'm3-1': 5.888, 'm4-1': 0.97}",0.1979999999999734,150.288,inf,150.398,150.398,150.398
1477,TT1,BESTEFFORT,MISSED,m3-1,145.288,"{'m1-1': 2.163, 'm2-1': 1.458, 'm3-1': 3.941, 'm4-1': 0.729}",0.5040000000000532,150.00799999999998,inf,150.288,150.288,150.288
1478,TT2,BESTEFFORT,MISSED,m2-1,145.605,"{'m1-1': 1.904, 'm2-1': 2.125, 'm3-1': 4.345, 'm4-1': 0.745}",1.4609999999999843,150.218,inf,150.70499999999998,150.70499999999998,150.70499999999998
1479,TT4,BESTEFFORT,MISSED,m1-1,145.607,"{'m1-1': 2.071, 'm2-1': 1.619, 'm3-1': 3.981, 'm4-1': 0.759}",1.1488000000000285,149.88899999999998,inf,150.607,150.607,150.607
1480,TT2,BESTEFFORT,MISSED,m3-1,145.665,"{'m1-1': 1.88, 'm2-1': 1.626, 'm3-1': 4.674, 'm4-1': 0.933}",0.6605999999999824,150.398,inf,150.765,150.765,150.765
1481,TT2,BESTEFFORT,MISSED,m4-1,145.748,"{'m1-1': 2.006, 'm2-1': 1.52, 'm3-1': 4.529, 'm4-1': 0.814}",0.7695000000000078,150.33499999999998,inf,150.84799999999998,150.84799999999998,150.84799999999998
1482,TT2,BESTEFFORT,MISSED,m4-1,145.897,"{'m1-1': 2.059, 'm2-1': 1.684, 'm3-1': 4.225, 'm4-1': 0.914}",0.22350000000000136,150.84799999999998,inf,150.99699999999999,150.99699999999999,150.99699999999999
1483,TT4,BESTEFFORT,MISSED,m1-1,145.948,"{'m1-1': 2.079, 'm2-1': 1.859, 'm3-1': 4.702, 'm4-1': 0.845}",0.5456000000000131,150.607,inf,150.948,150.948,150.948
1484,TT4,BESTEFFORT,MISSED,m2-1,145.98,"{'m1-1': 1.812, 'm2-1': 1.788, 'm3-1': 4.481, 'm4-1': 1.038}",0.825000000000017,150.70499999999998,inf,150.98,150.98,150.98
1485,TT3,BESTEFFORT,MISSED,m2-1,145.992,"{'m1-1': 1.885, 'm2-1': 1.675, 'm3-1': 4.61, 'm4-1': 0.991}",0.6359999999999673,150.98,inf,151.19199999999998,151.19199999999998,151.19199999999998
1486,TT1,BESTEFFORT,MISSED,m1-1,146.059,"{'m1-1': 2.235, 'm2-1': 1.554, 'm3-1': 4.388, 'm4-1': 0.633}",0.177599999999984,150.948,inf,151.059,151.059,151.059
1487,TT3,BESTEFFORT,MISSED,m3-1,146.092,"{'m1-1': 1.926, 'm2-1': 1.279, 'm3-1': 4.834, 'm4-1': 0.852}",0.9486000000000274,150.765,inf,151.292,151.292,151.292
1488,TT2,BESTEFFORT,MISSED,m1-1,146.113,"{'m1-1': 2.261, 'm2-1': 1.732, 'm3-1': 4.419, 'm4-1': 1.001}",0.24639999999999418,151.059,inf,151.213,151.213,151.213
1489,TT2,BESTEFFORT,MISSED,m4-1,146.122,"{'m1-1': 2.295, 'm2-1': 1.956, 'm3-1': 3.972, 'm4-1': 0.9}",0.3375000000000341,150.99699999999999,inf,151.222,151.222,151.222
1490,TT3,BESTEFFORT,MISSED,m3-1,146.187,"{'m1-1': 2.43, 'm2-1': 1.531, 'm3-1': 5.229, 'm4-1': 0.934}",0.17099999999999796,151.292,inf,151.387,151.387,151.387
1491,TT2,BESTEFFORT,MISSED,m2-1,146.217,"{'m1-1': 2.136, 'm2-1': 1.636, 'm3-1': 3.797, 'm4-1': 0.861}",0.37500000000008527,151.19199999999998,inf,151.317,151.317,151.317
1492,TT3,BESTEFFORT,MISSED,m4-1,146.435,"{'m1-1': 2.208, 'm2-1': 1.344, 'm3-1': 4.309, 'm4-1': 0.836}",0.6194999999999737,151.222,inf,151.635,151.635,151.635
1493,TT1,BESTEFFORT,MISSED,m3-1,146.673,"{'m1-1': 2.568, 'm2-1': 1.655, 'm3-1': 4.108, 'm4-1': 0.752}",0.5148000000000025,151.387,inf,151.673,151.673,151.673
1494,TT1,BESTEFFORT,MISSED,m1-1,146.719,"{'m1-1': 2.319, 'm2-1': 1.895, 'm3-1': 4.967, 'm4-1': 0.724}",0.8096000000000004,151.213,inf,151.719,151.719,151.719
1495,TT2,BESTEFFORT,MISSED,m2-1,146.757,"{'m1-1': 2.114, 'm2-1': 1.627, 'm3-1': 4.886, 'm4-1': 0.882}",1.6199999999999761,151.317,inf,151.857,151.857,151.857
1496,TT3,BESTEFFORT,MISSED,m1-1,146.878,"{'m1-1': 2.164, 'm2-1': 1.421, 'm3-1': 5.583, 'm4-1': 0.987}",0.5743999999999687,151.719,inf,152.07799999999997,152.07799999999997,152.07799999999997
1497,TT2,BESTEFFORT,MISSED,m4-1,146.898,"{'m1-1': 2.508, 'm2-1': 1.732, 'm3-1': 3.733, 'm4-1': 0.814}",0.5444999999999993,151.635,inf,151.998,151.998,151.998
1498,TT1,BESTEFFORT,MISSED,m3-1,146.939,"{'m1-1': 2.27, 'm2-1': 1.426, 'm3-1': 4.081, 'm4-1': 0.809}",0.47879999999998407,151.673,inf,151.939,151.939,151.939
1499,TT1,BESTEFFORT,MISSED,m2-1,147.104,"{'m1-1': 2.214, 'm2-1': 1.773, 'm3-1': 4.455, 'm4-1': 0.839}",0.7410000000000423,151.857,inf,152.104,152.104,152.104
1500,TT2,BESTEFFORT,MISSED,m1-1,147.18,"{'m1-1': 2.361, 'm2-1': 1.52, 'm3-1': 5.084, 'm4-1': 0.774}",0.32320000000004256,152.07799999999997,inf,152.28,152.28,152.28
1501,TT4,BESTEFFORT,MISSED,m4-1,147.183,"{'m1-1': 2.063, 'm2-1': 1.768, 'm3-1': 3.87, 'm4-1': 0.998}",0.2775000000000034,151.998,inf,152.183,152.183,152.183
1502,TT3,BESTEFFORT,MISSED,m1-1,147.501,"{'m1-1': 2.207, 'm2-1': 1.52, 'm3-1': 5.164, 'm4-1': 0.995}",0.6735999999999877,152.28,inf,152.701,152.701,152.701
1503,TT2,BESTEFFORT,MISSED,m2-1,147.52,"{'m1-1': 2.426, 'm2-1': 1.935, 'm3-1': 5.076, 'm4-1': 0.808}",1.5479999999999734,152.104,inf,152.62,152.62,152.62
1504,TT3,BESTEFFORT,MISSED,m3-1,147.552,"{'m1-1': 2.323, 'm2-1': 1.775, 'm3-1': 4.359, 'm4-1': 0.82}",1.4633999999999787,151.939,inf,152.75199999999998,152.75199999999998,152.75199999999998
1505,TT1,BESTEFFORT,MISSED,m4-1,147.743,"{'m1-1': 1.976, 'm2-1': 1.482, 'm3-1': 4.756, 'm4-1': 0.719}",0.8400000000000034,152.183,inf,152.743,152.743,152.743
1506,TT4,BESTEFFORT,MISSED,m2-1,147.757,"{'m1-1': 2.063, 'm2-1': 1.765, 'm3-1': 3.903, 'm4-1': 0.975}",0.41100000000000136,152.62,inf,152.757,152.757,152.757
1507,TT2,BESTEFFORT,MISSED,m3-1,147.761,"{'m1-1': 2.181, 'm2-1': 1.863, 'm3-1': 4.119, 'm4-1': 0.844}",0.19620000000001597,152.75199999999998,inf,152.861,152.861,152.861
1508,TT3,BESTEFFORT,MISSED,m3-1,147.935,"{'m1-1': 2.205, 'm2-1': 1.548, 'm3-1': 5.046, 'm4-1': 0.854}",0.49320000000000164,152.861,inf,153.135,153.135,153.135
1509,TT4,BESTEFFORT,MISSED,m4-1,148.121,"{'m1-1': 1.988, 'm2-1': 1.486, 'm3-1': 4.542, 'm4-1': 0.863}",0.5670000000000215,152.743,inf,153.121,153.121,153.121
1510,TT1,BESTEFFORT,MISSED,m1-1,148.205,"{'m1-1': 2.476, 'm2-1': 1.851, 'm3-1': 4.457, 'm4-1': 0.702}",0.8064000000000306,152.701,inf,153.205,153.205,153.205
1511,TT1,BESTEFFORT,MISSED,m2-1,148.229,"{'m1-1': 2.095, 'm2-1': 1.947, 'm3-1': 4.86, 'm4-1': 0.66}",1.4160000000000252,152.757,inf,153.229,153.229,153.229
1512,TT4,BESTEFFORT,MISSED,m3-1,148.372,"{'m1-1': 1.797, 'm2-1': 1.526, 'm3-1': 3.824, 'm4-1': 0.998}",0.4266000000000418,153.135,inf,153.372,153.372,153.372
1513,TT1,BESTEFFORT,MISSED,m4-1,148.48,"{'m1-1': 2.123, 'm2-1': 1.497, 'm3-1': 4.981, 'm4-1': 0.74}",0.5384999999999707,153.121,inf,153.48,153.48,153.48
1514,TT3,BESTEFFORT,MISSED,m2-1,148.81,"{'m1-1': 2.111, 'm2-1': 1.728, 'm3-1': 4.396, 'm4-1': 0.718}",2.3429999999999325,153.229,inf,154.01,154.01,154.01
1515,TT3,BESTEFFORT,MISSED,m4-1,148.812,"{'m1-1': 1.723, 'm2-1': 1.347, 'm3-1': 5.726, 'm4-1': 0.756}",0.798000000000016,153.48,inf,154.012,154.012,154.012
1516,TT2,BESTEFFORT,MISSED,m1-1,148.874,"{'m1-1': 2.213, 'm2-1': 2.076, 'm3-1': 4.338, 'm4-1': 1.002}",1.2303999999999633,153.205,inf,153.974,153.974,153.974
1517,TT3,BESTEFFORT,MISSED,m1-1,148.878,"{'m1-1': 2.383, 'm2-1': 1.58, 'm3-1': 4.782, 'm4-1': 0.967}",0.166399999999976,153.974,inf,154.07799999999997,154.07799999999997,154.07799999999997
1518,TT3,BESTEFFORT,MISSED,m4-1,149.146,"{'m1-1': 1.829, 'm2-1': 1.478, 'm3-1': 5.741, 'm4-1': 0.834}",0.5009999999999621,154.012,inf,154.34599999999998,154.34599999999998,154.34599999999998
1519,TT2,BESTEFFORT,MISSED,m2-1,149.149,"{'m1-1': 1.873, 'm2-1': 2.07, 'm3-1': 4.816, 'm4-1': 0.89}",0.717000000000013,154.01,inf,154.249,154.249,154.249
1520,TT3,BESTEFFORT,MISSED,m3-1,149.172,"{'m1-1': 1.905, 'm2-1': 1.703, 'm3-1': 4.893, 'm4-1': 0.835}",1.799999999999949,153.372,inf,154.37199999999999,154.37199999999999,154.37199999999999
1521,TT3,BESTEFFORT,MISSED,m2-1,149.217,"{'m1-1': 1.886, 'm2-1': 1.344, 'm3-1': 5.488, 'm4-1': 0.776}",0.5040000000000191,154.249,inf,154.417,154.417,154.417
1522,TT2,BESTEFFORT,MISSED,m1-1,149.242,"{'m1-1': 2.37, 'm2-1': 1.883, 'm3-1': 3.863, 'm4-1': 0.774}",0.42240000000001604,154.07799999999997,inf,154.34199999999998,154.34199999999998,154.34199999999998
1523,TT4,BESTEFFORT,MISSED,m3-1,149.723,"{'m1-1': 2.305, 'm2-1': 1.646, 'm3-1': 4.102, 'm4-1': 0.838}",0.6318000000000495,154.37199999999999,inf,154.723,154.723,154.723
1524,TT4,BESTEFFORT,MISSED,m4-1,149.843,"{'m1-1': 2.405, 'm2-1': 1.343, 'm3-1': 4.739, 'm4-1': 0.916}",0.7455000000000211,154.34599999999998,inf,154.843,154.843,154.843
1525,TT3,BESTEFFORT,MISSED,m1-1,149.851,"{'m1-1': 2.246, 'm2-1': 1.592, 'm3-1': 5.557, 'm4-1': 1.011}",1.1344000000000052,154.34199999999998,inf,155.051,155.051,155.051
1526,TT4,BESTEFFORT,MISSED,m3-1,149.956,"{'m1-1': 2.45, 'm2-1': 1.698, 'm3-1': 4.903, 'm4-1': 1.03}",0.4193999999999562,154.723,inf,154.956,154.956,154.956
1527,TT2,BESTEFFORT,MISSED,m4-1,150.42,"{'m1-1': 2.435, 'm2-1': 1.75, 'm3-1': 4.963, 'm4-1': 1.006}",1.0154999999999887,154.843,inf,155.51999999999998,155.51999999999998,155.51999999999998
1528,TT1,BESTEFFORT,MISSED,m2-1,150.466,"{'m1-1': 1.983, 'm2-1': 1.647, 'm3-1': 4.068, 'm4-1': 0.838}",3.14700000000002,154.417,inf,155.466,155.466,155.466
1529,TT1,BESTEFFORT,MISSED,m3-1,150.486,"{'m1-1': 2.123, 'm2-1': 1.883, 'm3-1': 4.707, 'm4-1': 0.758}",0.9540000000000021,154.956,inf,155.486,155.486,155.486
1530,TT2,BESTEFFORT,MISSED,m1-1,150.568,"{'m1-1': 2.643, 'm2-1': 2.073, 'm3-1': 4.62, 'm4-1': 0.837}",0.9872000000000298,155.051,inf,155.668,155.668,155.668
1531,TT2,BESTEFFORT,MISSED,m2-1,150.777,"{'m1-1': 2.027, 'm2-1': 1.801, 'm3-1': 4.743, 'm4-1': 0.923}",1.2329999999999188,155.466,inf,155.87699999999998,155.87699999999998,155.87699999999998
1532,TT3,BESTEFFORT,MISSED,m1-1,150.87,"{'m1-1': 1.97, 'm2-1': 1.768, 'm3-1': 4.862, 'm4-1': 0.791}",0.6431999999999789,155.668,inf,156.07,156.07,156.07
1533,TT4,BESTEFFORT,MISSED,m4-1,151.019,"{'m1-1': 2.353, 'm2-1': 1.753, 'm3-1': 3.873, 'm4-1': 1.038}",0.7485000000000355,155.51999999999998,inf,156.019,156.019,156.019
1534,TT1,BESTEFFORT,MISSED,m2-1,151.106,"{'m1-1': 2.012, 'm2-1': 1.972, 'm3-1': 5.1, 'm4-1': 0.631}",0.6870000000000402,155.87699999999998,inf,156.106,156.106,156.106
1535,TT3,BESTEFFORT,MISSED,m4-1,151.158,"{'m1-1': 2.255, 'm2-1': 1.772, 'm3-1': 5.978, 'm4-1': 0.762}",0.5084999999999553,156.019,inf,156.35799999999998,156.35799999999998,156.35799999999998
1536,TT2,BESTEFFORT,MISSED,m1-1,151.232,"{'m1-1': 2.324, 'm2-1': 1.688, 'm3-1': 4.803, 'm4-1': 0.827}",0.41920000000000074,156.07,inf,156.332,156.332,156.332
1537,TT1,BESTEFFORT,MISSED,m3-1,151.416,"{'m1-1': 1.963, 'm2-1': 1.515, 'm3-1': 4.029, 'm4-1': 0.851}",1.6740000000000124,155.486,inf,156.416,156.416,156.416
1538,TT2,BESTEFFORT,MISSED,m2-1,151.981,"{'m1-1': 2.325, 'm2-1': 2.054, 'm3-1': 4.629, 'm4-1': 0.904}",2.924999999999983,156.106,inf,157.081,157.081,157.081
1539,TT3,BESTEFFORT,MISSED,m3-1,152.101,"{'m1-1': 2.375, 'm2-1': 1.61, 'm3-1': 4.655, 'm4-1': 0.848}",1.5929999999999838,156.416,inf,157.301,157.301,157.301
1540,TT3,BESTEFFORT,COMPLETED,m4-1,152.194,"{'m1-1': 2.355, 'm2-1': 1.725, 'm3-1': 5.658, 'm4-1': 0.951}",1.4264999999999999,156.35799999999998,157.30899999999997,inf,157.39399999999998,157.39399999999998
1541,TT3,BESTEFFORT,MISSED,m3-1,152.214,"{'m1-1': 1.833, 'm2-1': 1.645, 'm3-1': 5.173, 'm4-1': 0.831}",0.2033999999999992,157.301,inf,157.414,157.414,157.414
1542,TT3,BESTEFFORT,MISSED,m1-1,152.355,"{'m1-1': 1.952, 'm2-1': 1.736, 'm3-1': 5.229, 'm4-1': 0.945}",1.9567999999999757,156.332,inf,157.55499999999998,157.55499999999998,157.55499999999998
1543,TT4,BESTEFFORT,MISSED,m2-1,152.571,"{'m1-1': 2.336, 'm2-1': 1.828, 'm3-1': 4.763, 'm4-1': 0.897}",1.4700000000000273,157.081,inf,157.571,157.571,157.571
1544,TT1,BESTEFFORT,MISSED,m3-1,152.785,"{'m1-1': 2.023, 'm2-1': 1.585, 'm3-1': 4.74, 'm4-1': 0.843}",0.6678000000000168,157.414,inf,157.785,157.785,157.785
1545,TT4,BESTEFFORT,MISSED,m4-1,152.845,"{'m1-1': 1.896, 'm2-1': 1.665, 'm3-1': 4.547, 'm4-1': 0.855}",0.8040000000000447,157.30899999999997,inf,157.845,157.845,157.845
1546,TT3,BESTEFFORT,MISSED,m2-1,152.878,"{'m1-1': 2.375, 'm2-1': 1.305, 'm3-1': 4.815, 'm4-1': 0.887}",1.5209999999999297,157.571,inf,158.07799999999997,158.07799999999997,158.07799999999997
1547,TT3,BESTEFFORT,MISSED,m4-1,152.886,"{'m1-1': 2.256, 'm2-1': 1.639, 'm3-1': 4.75, 'm4-1': 0.99}",0.36149999999997817,157.845,inf,158.08599999999998,158.08599999999998,158.08599999999998
1548,TT2,BESTEFFORT,MISSED,m1-1,152.913,"{'m1-1': 2.316, 'm2-1': 1.914, 'm3-1': 4.125, 'm4-1': 0.84}",0.732800000000043,157.55499999999998,inf,158.013,158.013,158.013
1549,TT2,BESTEFFORT,MISSED,m1-1,153.048,"{'m1-1': 1.972, 'm2-1': 1.694, 'm3-1': 4.803, 'm4-1': 0.736}",0.21599999999998545,158.013,inf,158.148,158.148,158.148
1550,TT2,BESTEFFORT,MISSED,m1-1,153.104,"{'m1-1': 2.293, 'm2-1': 1.979, 'm3-1': 3.885, 'm4-1': 0.907}",0.08960000000001855,158.148,inf,158.204,158.204,158.204
1551,TT3,BESTEFFORT,MISSED,m3-1,153.146,"{'m1-1': 2.227, 'm2-1': 1.639, 'm3-1': 5.824, 'm4-1': 0.86}",0.1979999999999734,158.236,inf,158.34599999999998,158.34599999999998,158.34599999999998
1552,TT1,BESTEFFORT,MISSED,m2-1,153.161,"{'m1-1': 1.97, 'm2-1': 1.985, 'm3-1': 4.653, 'm4-1': 0.807}",0.2490000000000805,158.07799999999997,inf,158.161,158.161,158.161
1553,TT4,BESTEFFORT,MISSED,m4-1,153.224,"{'m1-1': 2.359, 'm2-1': 1.804, 'm3-1': 5.057, 'm4-1': 1.001}",0.20700000000000784,158.08599999999998,inf,158.224,158.224,158.224
1554,TT4,BESTEFFORT,MISSED,m3-1,153.236,"{'m1-1': 2.374, 'm2-1': 1.6, 'm3-1': 4.357, 'm4-1': 0.794}",0.8117999999999882,157.785,inf,158.236,158.236,158.236
1555,TT1,BESTEFFORT,MISSED,m2-1,153.249,"{'m1-1': 2.185, 'm2-1': 1.61, 'm3-1': 4.564, 'm4-1': 0.612}",0.2639999999999816,158.161,inf,158.249,158.249,158.249
1556,TT3,BESTEFFORT,MISSED,m1-1,153.33,"{'m1-1': 1.816, 'm2-1': 1.656, 'm3-1': 5.589, 'm4-1': 1.008}",0.5215999999999895,158.204,inf,158.53,158.53,158.53
1557,TT3,BESTEFFORT,MISSED,m2-1,153.355,"{'m1-1': 1.823, 'm2-1': 1.584, 'm3-1': 5.91, 'm4-1': 0.84}",0.9179999999999495,158.249,inf,158.55499999999998,158.55499999999998,158.55499999999998
1558,TT4,BESTEFFORT,MISSED,m4-1,153.407,"{'m1-1': 1.803, 'm2-1': 1.749, 'm3-1': 4.029, 'm4-1': 0.986}",0.2745000000000317,158.224,inf,158.407,158.407,158.407
1559,TT1,BESTEFFORT,MISSED,m3-1,153.462,"{'m1-1': 2.511, 'm2-1': 1.961, 'm3-1': 4.411, 'm4-1': 0.766}",0.20880000000002497,158.34599999999998,inf,158.462,158.462,158.462
1560,TT1,BESTEFFORT,MISSED,m3-1,153.558,"{'m1-1': 2.532, 'm2-1': 1.842, 'm3-1': 4.645, 'm4-1': 0.734}",0.17280000000000656,158.462,inf,158.558,158.558,158.558
1561,TT1,BESTEFFORT,MISSED,m4-1,153.61,"{'m1-1': 1.872, 'm2-1': 1.905, 'm3-1': 3.61, 'm4-1': 0.772}",0.30450000000000443,158.407,inf,158.61,158.61,158.61
1562,TT4,BESTEFFORT,MISSED,m1-1,153.65,"{'m1-1': 1.866, 'm2-1': 1.576, 'm3-1': 5.104, 'm4-1': 0.785}",0.19200000000000728,158.53,inf,158.65,158.65,158.65
1563,TT2,BESTEFFORT,MISSED,m2-1,153.717,"{'m1-1': 2.433, 'm2-1': 1.68, 'm3-1': 4.119, 'm4-1': 0.813}",0.7860000000000866,158.55499999999998,inf,158.817,158.817,158.817
1564,TT1,BESTEFFORT,MISSED,m4-1,153.828,"{'m1-1': 1.983, 'm2-1': 1.571, 'm3-1': 4.596, 'm4-1': 0.675}",0.32699999999998397,158.61,inf,158.828,158.828,158.828
1565,TT1,BESTEFFORT,MISSED,m1-1,153.839,"{'m1-1': 2.373, 'm2-1': 1.856, 'm3-1': 4.046, 'm4-1': 0.694}",0.30239999999998873,158.65,inf,158.839,158.839,158.839
1566,TT1,BESTEFFORT,MISSED,m2-1,153.999,"{'m1-1': 2.342, 'm2-1': 1.868, 'm3-1': 4.088, 'm4-1': 0.807}",0.5459999999999638,158.817,inf,158.999,158.999,158.999
1567,TT4,BESTEFFORT,MISSED,m1-1,154.039,"{'m1-1': 2.435, 'm2-1': 1.773, 'm3-1': 4.438, 'm4-1': 0.854}",0.31999999999998185,158.839,inf,159.039,159.039,159.039
1568,TT2,BESTEFFORT,MISSED,m4-1,154.07,"{'m1-1': 2.066, 'm2-1': 1.514, 'm3-1': 4.785, 'm4-1': 0.999}",0.5129999999999768,158.828,inf,159.17,159.17,159.17
1569,TT2,BESTEFFORT,MISSED,m3-1,154.126,"{'m1-1': 1.914, 'm2-1': 1.609, 'm3-1': 4.011, 'm4-1': 1.007}",1.2024000000000115,158.558,inf,159.226,159.226,159.226
1570,TT3,BESTEFFORT,MISSED,m3-1,154.231,"{'m1-1': 2.385, 'm2-1': 1.345, 'm3-1': 5.778, 'm4-1': 0.833}",0.36899999999997135,159.226,inf,159.43099999999998,159.43099999999998,159.43099999999998
1571,TT4,BESTEFFORT,MISSED,m2-1,154.323,"{'m1-1': 2.08, 'm2-1': 1.632, 'm3-1': 4.185, 'm4-1': 0.764}",0.9720000000000368,158.999,inf,159.323,159.323,159.323
1572,TT1,BESTEFFORT,MISSED,m4-1,154.513,"{'m1-1': 1.856, 'm2-1': 1.567, 'm3-1': 3.912, 'm4-1': 0.672}",0.5145000000000266,159.17,inf,159.513,159.513,159.513
1573,TT3,BESTEFFORT,MISSED,m1-1,154.529,"{'m1-1': 2.361, 'm2-1': 1.444, 'm3-1': 4.463, 'm4-1': 0.832}",1.1039999999999963,159.039,inf,159.72899999999998,159.72899999999998,159.72899999999998
1574,TT4,BESTEFFORT,MISSED,m3-1,154.569,"{'m1-1': 1.935, 'm2-1': 1.558, 'm3-1': 4.089, 'm4-1': 0.937}",0.24840000000000942,159.43099999999998,inf,159.569,159.569,159.569
1575,TT2,BESTEFFORT,MISSED,m2-1,154.635,"{'m1-1': 2.577, 'm2-1': 1.58, 'm3-1': 3.734, 'm4-1': 0.971}",1.2359999999999332,159.323,inf,159.73499999999999,159.73499999999999,159.73499999999999
1576,TT1,BESTEFFORT,MISSED,m3-1,155.118,"{'m1-1': 2.2, 'm2-1': 1.773, 'm3-1': 4.654, 'm4-1': 0.614}",0.9882000000000118,159.569,inf,160.118,160.118,160.118
1577,TT1,BESTEFFORT,COMPLETED,m4-1,155.298,"{'m1-1': 2.625, 'm2-1': 1.918, 'm3-1': 4.326, 'm4-1': 0.784}",1.1760000000000002,159.513,160.297,inf,160.298,160.298
1578,TT2,BESTEFFORT,MISSED,m1-1,155.4,"{'m1-1': 1.907, 'm2-1': 2.047, 'm3-1': 4.58, 'm4-1': 0.843}",1.233600000000024,159.72899999999998,inf,160.5,160.5,160.5
1579,TT2,BESTEFFORT,MISSED,m4-1,155.426,"{'m1-1': 2.319, 'm2-1': 1.868, 'm3-1': 4.66, 'm4-1': 0.766}",0.3434999999999775,160.297,inf,160.52599999999998,160.52599999999998,160.52599999999998
1580,TT2,BESTEFFORT,MISSED,m2-1,155.506,"{'m1-1': 2.038, 'm2-1': 1.651, 'm3-1': 4.759, 'm4-1': 0.988}",0.26099999999996726,160.519,inf,160.606,160.606,160.606
1581,TT1,BESTEFFORT,MISSED,m2-1,155.519,"{'m1-1': 2.209, 'm2-1': 1.605, 'm3-1': 4.938, 'm4-1': 0.756}",2.3520000000000607,159.73499999999999,inf,160.519,160.519,160.519
1582,TT4,BESTEFFORT,MISSED,m1-1,155.537,"{'m1-1': 2.063, 'm2-1': 1.401, 'm3-1': 3.696, 'm4-1': 0.853}",0.05920000000000983,160.5,inf,160.537,160.537,160.537
1583,TT2,BESTEFFORT,MISSED,m4-1,155.633,"{'m1-1': 2.428, 'm2-1': 2.053, 'm3-1': 3.92, 'm4-1': 0.833}",0.3105000000000331,160.52599999999998,inf,160.733,160.733,160.733
1584,TT1,BESTEFFORT,MISSED,m1-1,155.658,"{'m1-1': 2.037, 'm2-1': 1.865, 'm3-1': 3.993, 'm4-1': 0.774}",0.19359999999996946,160.537,inf,160.658,160.658,160.658
1585,TT3,BESTEFFORT,MISSED,m1-1,155.707,"{'m1-1': 1.811, 'm2-1': 1.411, 'm3-1': 5.581, 'm4-1': 0.941}",0.39839999999999237,160.658,inf,160.90699999999998,160.90699999999998,160.90699999999998
1586,TT2,BESTEFFORT,MISSED,m3-1,155.729,"{'m1-1': 2.361, 'm2-1': 1.794, 'm3-1': 3.863, 'm4-1': 0.803}",0.10260000000002947,160.772,inf,160.829,160.829,160.829
1587,TT3,BESTEFFORT,MISSED,m3-1,155.747,"{'m1-1': 2.248, 'm2-1': 1.558, 'm3-1': 5.0, 'm4-1': 0.751}",0.11160000000002128,160.885,inf,160.947,160.947,160.947
1588,TT1,BESTEFFORT,MISSED,m3-1,155.772,"{'m1-1': 2.241, 'm2-1': 1.844, 'm3-1': 4.076, 'm4-1': 0.703}",1.1771999999999936,160.118,inf,160.772,160.772,160.772
1589,TT1,BESTEFFORT,MISSED,m2-1,155.819,"{'m1-1': 1.991, 'm2-1': 1.821, 'm3-1': 4.999, 'm4-1': 0.684}",0.6389999999999816,160.606,inf,160.819,160.819,160.819
1590,TT4,BESTEFFORT,MISSED,m4-1,155.875,"{'m1-1': 1.82, 'm2-1': 1.737, 'm3-1': 4.973, 'm4-1': 1.019}",0.21299999999999386,160.733,inf,160.875,160.875,160.875
1591,TT1,BESTEFFORT,MISSED,m3-1,155.885,"{'m1-1': 2.045, 'm2-1': 1.445, 'm3-1': 5.097, 'm4-1': 0.642}",0.10079999999996972,160.829,inf,160.885,160.885,160.885
1592,TT4,BESTEFFORT,MISSED,m2-1,155.925,"{'m1-1': 1.766, 'm2-1': 1.374, 'm3-1': 3.774, 'm4-1': 1.044}",0.3180000000000689,160.819,inf,160.925,160.925,160.925
1593,TT3,BESTEFFORT,MISSED,m1-1,155.946,"{'m1-1': 2.061, 'm2-1': 1.474, 'm3-1': 4.367, 'm4-1': 0.846}",0.38240000000000696,160.90699999999998,inf,161.146,161.146,161.146
1594,TT3,BESTEFFORT,MISSED,m2-1,155.949,"{'m1-1': 1.937, 'm2-1': 1.565, 'm3-1': 5.89, 'm4-1': 0.964}",0.6719999999999686,160.925,inf,161.149,161.149,161.149
1595,TT4,BESTEFFORT,MISSED,m4-1,156.058,"{'m1-1': 2.135, 'm2-1': 1.543, 'm3-1': 4.581, 'm4-1': 0.961}",0.2744999999999891,160.875,inf,161.058,161.058,161.058
1596,TT4,BESTEFFORT,MISSED,m4-1,156.331,"{'m1-1': 2.032, 'm2-1': 1.851, 'm3-1': 3.722, 'm4-1': 0.977}",0.4094999999999942,161.058,inf,161.331,161.331,161.331
1597,TT1,BESTEFFORT,MISSED,m1-1,156.405,"{'m1-1': 2.07, 'm2-1': 1.524, 'm3-1': 3.881, 'm4-1': 0.74}",0.4144000000000233,161.146,inf,161.405,161.405,161.405
1598,TT1,BESTEFFORT,MISSED,m2-1,156.478,"{'m1-1': 1.878, 'm2-1': 1.809, 'm3-1': 4.917, 'm4-1': 0.716}",0.9870000000000232,161.149,inf,161.478,161.478,161.478
1599,TT3,BESTEFFORT,MISSED,m1-1,156.564,"{'m1-1': 2.304, 'm2-1': 1.467, 'm3-1': 5.62, 'm4-1': 0.987}",0.5743999999999687,161.405,inf,161.76399999999998,161.76399999999998,161.76399999999998
1600,TT1,BESTEFFORT,MISSED,m4-1,156.779,"{'m1-1': 2.246, 'm2-1': 1.875, 'm3-1': 3.693, 'm4-1': 0.611}",0.6720000000000113,161.331,inf,161.779,161.779,161.779
1601,TT2,BESTEFFORT,MISSED,m3-1,156.834,"{'m1-1': 2.625, 'm2-1': 1.88, 'm3-1': 4.905, 'm4-1': 1.015}",1.7765999999999906,160.947,inf,161.934,161.934,161.934
1602,TT4,BESTEFFORT,MISSED,m2-1,157.271,"{'m1-1': 2.279, 'm2-1': 1.358, 'm3-1': 3.944, 'm4-1': 0.996}",2.378999999999934,161.478,inf,162.271,162.271,162.271
1603,TT1,BESTEFFORT,MISSED,m3-1,157.411,"{'m1-1': 2.022, 'm2-1': 1.797, 'm3-1': 4.508, 'm4-1': 0.79}",0.858600000000007,161.934,inf,162.411,162.411,162.411
1604,TT3,BESTEFFORT,MISSED,m3-1,157.449,"{'m1-1': 2.182, 'm2-1': 1.397, 'm3-1': 4.428, 'm4-1': 0.888}",0.42839999999999917,162.411,inf,162.649,162.649,162.649
1605,TT2,BESTEFFORT,MISSED,m4-1,157.473,"{'m1-1': 2.527, 'm2-1': 1.821, 'm3-1': 4.656, 'm4-1': 0.907}",1.1910000000000167,161.779,inf,162.573,162.573,162.573
1606,TT3,BESTEFFORT,MISSED,m1-1,157.652,"{'m1-1': 2.361, 'm2-1': 1.729, 'm3-1': 5.581, 'm4-1': 0.883}",0.23999999999996363,162.702,inf,162.85199999999998,162.85199999999998,162.85199999999998
1607,TT2,BESTEFFORT,MISSED,m2-1,157.677,"{'m1-1': 2.352, 'm2-1': 1.811, 'm3-1': 4.515, 'm4-1': 0.785}",1.5180000000000007,162.271,inf,162.777,162.777,162.777
1608,TT1,BESTEFFORT,MISSED,m1-1,157.702,"{'m1-1': 2.123, 'm2-1': 1.512, 'm3-1': 4.005, 'm4-1': 0.76}",1.5008000000000266,161.76399999999998,inf,162.702,162.702,162.702
1609,TT1,BESTEFFORT,MISSED,m3-1,157.796,"{'m1-1': 2.065, 'm2-1': 1.598, 'm3-1': 3.691, 'm4-1': 0.837}",0.26459999999998446,162.649,inf,162.796,162.796,162.796
1610,TT3,BESTEFFORT,MISSED,m4-1,157.804,"{'m1-1': 2.068, 'm2-1': 1.641, 'm3-1': 4.851, 'm4-1': 0.863}",0.29249999999998977,162.809,inf,163.004,163.004,163.004
1611,TT1,BESTEFFORT,MISSED,m4-1,157.809,"{'m1-1': 2.277, 'm2-1': 1.829, 'm3-1': 4.33, 'm4-1': 0.664}",0.353999999999985,162.573,inf,162.809,162.809,162.809
1612,TT1,BESTEFFORT,MISSED,m2-1,157.981,"{'m1-1': 2.169, 'm2-1': 1.86, 'm3-1': 4.291, 'm4-1': 0.781}",0.6120000000000232,162.777,inf,162.981,162.981,162.981
1613,TT1,BESTEFFORT,MISSED,m1-1,158.023,"{'m1-1': 2.314, 'm2-1': 1.853, 'm3-1': 4.272, 'm4-1': 0.622}",0.2736000000000331,162.85199999999998,inf,163.023,163.023,163.023
1614,TT3,BESTEFFORT,MISSED,m4-1,158.135,"{'m1-1': 2.313, 'm2-1': 1.437, 'm3-1': 5.843, 'm4-1': 0.958}",0.4964999999999833,163.004,inf,163.33499999999998,163.33499999999998,163.33499999999998
1615,TT2,BESTEFFORT,MISSED,m2-1,158.168,"{'m1-1': 2.563, 'm2-1': 1.52, 'm3-1': 4.51, 'm4-1': 1.002}",0.8610000000000184,162.981,inf,163.268,163.268,163.268
1616,TT2,BESTEFFORT,MISSED,m3-1,158.271,"{'m1-1': 2.632, 'm2-1': 2.115, 'm3-1': 3.828, 'm4-1': 0.961}",1.0349999999999795,162.796,inf,163.37099999999998,163.37099999999998,163.37099999999998
1617,TT4,BESTEFFORT,MISSED,m1-1,158.272,"{'m1-1': 1.988, 'm2-1': 1.531, 'm3-1': 4.247, 'm4-1': 0.918}",0.39839999999999237,163.023,inf,163.272,163.272,163.272
1618,TT2,BESTEFFORT,MISSED,m2-1,158.3,"{'m1-1': 1.87, 'm2-1': 1.824, 'm3-1': 3.725, 'm4-1': 0.964}",0.396000000000015,163.268,inf,163.4,163.4,163.4
1619,TT2,BESTEFFORT,MISSED,m3-1,158.314,"{'m1-1': 2.581, 'm2-1': 1.657, 'm3-1': 3.96, 'm4-1': 0.854}",0.07740000000001146,163.37099999999998,inf,163.414,163.414,163.414
1620,TT3,BESTEFFORT,MISSED,m1-1,158.419,"{'m1-1': 1.757, 'm2-1': 1.351, 'm3-1': 5.419, 'm4-1': 0.834}",0.5552000000000135,163.272,inf,163.619,163.619,163.619
1621,TT4,BESTEFFORT,MISSED,m4-1,158.458,"{'m1-1': 1.78, 'm2-1': 1.62, 'm3-1': 4.008, 'm4-1': 1.037}",0.1845000000000283,163.33499999999998,inf,163.458,163.458,163.458
1622,TT1,BESTEFFORT,MISSED,m3-1,158.551,"{'m1-1': 2.24, 'm2-1': 1.501, 'm3-1': 3.733, 'm4-1': 0.715}",0.24660000000000082,163.414,inf,163.551,163.551,163.551
1623,TT1,BESTEFFORT,MISSED,m2-1,158.648,"{'m1-1': 2.452, 'm2-1': 1.44, 'm3-1': 3.657, 'm4-1': 0.738}",0.7439999999999714,163.4,inf,163.648,163.648,163.648
1624,TT1,BESTEFFORT,MISSED,m3-1,158.818,"{'m1-1': 2.321, 'm2-1': 1.825, 'm3-1': 4.782, 'm4-1': 0.843}",0.4806000000000438,163.551,inf,163.818,163.818,163.818
1625,TT3,BESTEFFORT,MISSED,m1-1,158.939,"{'m1-1': 2.384, 'm2-1': 1.621, 'm3-1': 4.637, 'm4-1': 0.804}",0.831999999999971,163.619,inf,164.13899999999998,164.13899999999998,164.13899999999998
1626,TT1,BESTEFFORT,MISSED,m4-1,159.097,"{'m1-1': 2.095, 'm2-1': 1.851, 'm3-1': 3.638, 'm4-1': 0.79}",0.958500000000015,163.458,inf,164.097,164.097,164.097
1627,TT4,BESTEFFORT,MISSED,m2-1,159.22,"{'m1-1': 2.244, 'm2-1': 1.558, 'm3-1': 4.105, 'm4-1': 0.762}",1.7160000000000082,163.648,inf,164.22,164.22,164.22
1628,TT1,BESTEFFORT,MISSED,m4-1,159.272,"{'m1-1': 2.458, 'm2-1': 1.419, 'm3-1': 4.724, 'm4-1': 0.61}",0.2624999999999744,164.097,inf,164.272,164.272,164.272
1629,TT1,BESTEFFORT,MISSED,m1-1,159.297,"{'m1-1': 2.596, 'm2-1': 1.916, 'm3-1': 4.503, 'm4-1': 0.631}",0.2528000000000247,164.13899999999998,inf,164.297,164.297,164.297
1630,TT4,BESTEFFORT,MISSED,m2-1,159.33,"{'m1-1': 2.28, 'm2-1': 1.476, 'm3-1': 4.327, 'm4-1': 0.871}",0.3300000000000409,164.22,inf,164.33,164.33,164.33
1631,TT4,BESTEFFORT,MISSED,m1-1,159.429,"{'m1-1': 2.071, 'm2-1': 1.711, 'm3-1': 3.743, 'm4-1': 0.877}",0.21120000000000802,164.297,inf,164.429,164.429,164.429
1632,TT2,BESTEFFORT,MISSED,m3-1,159.478,"{'m1-1': 2.045, 'm2-1': 1.612, 'm3-1': 4.739, 'm4-1': 0.9}",1.3679999999999837,163.818,inf,164.578,164.578,164.578
1633,TT4,BESTEFFORT,MISSED,m4-1,159.521,"{'m1-1': 2.245, 'm2-1': 1.342, 'm3-1': 4.59, 'm4-1': 0.954}",0.37349999999999284,164.272,inf,164.521,164.521,164.521
1634,TT3,BESTEFFORT,MISSED,m2-1,159.526,"{'m1-1': 2.044, 'm2-1': 1.625, 'm3-1': 5.778, 'm4-1': 0.767}",1.1879999999999598,164.33,inf,164.726,164.726,164.726
1635,TT3,BESTEFFORT,MISSED,m4-1,159.715,"{'m1-1': 2.414, 'm2-1': 1.566, 'm3-1': 4.744, 'm4-1': 0.928}",0.5910000000000082,164.521,inf,164.915,164.915,164.915
1636,TT4,BESTEFFORT,MISSED,m3-1,159.798,"{'m1-1': 2.189, 'm2-1': 1.386, 'm3-1': 3.707, 'm4-1': 0.973}",0.39599999999999796,164.578,inf,164.798,164.798,164.798
1637,TT1,BESTEFFORT,MISSED,m3-1,159.935,"{'m1-1': 2.624, 'm2-1': 1.478, 'm3-1': 4.663, 'm4-1': 0.63}",0.24660000000000082,164.798,inf,164.935,164.935,164.935
1638,TT1,BESTEFFORT,MISSED,m1-1,160.341,"{'m1-1': 2.446, 'm2-1': 1.627, 'm3-1': 4.784, 'm4-1': 0.782}",1.4592000000000098,164.429,inf,165.341,165.341,165.341
1639,TT4,BESTEFFORT,MISSED,m2-1,160.352,"{'m1-1': 1.809, 'm2-1': 1.6, 'm3-1': 4.013, 'm4-1': 0.943}",1.8780000000000143,164.726,inf,165.352,165.352,165.352
1640,TT4,BESTEFFORT,MISSED,m3-1,160.361,"{'m1-1': 2.258, 'm2-1': 1.636, 'm3-1': 3.741, 'm4-1': 0.901}",0.7667999999999779,164.935,inf,165.361,165.361,165.361
1641,TT3,BESTEFFORT,MISSED,m2-1,160.379,"{'m1-1': 1.788, 'm2-1': 1.403, 'm3-1': 4.387, 'm4-1': 0.765}",0.6809999999999263,165.352,inf,165.57899999999998,165.57899999999998,165.57899999999998
1642,TT4,BESTEFFORT,MISSED,m4-1,160.446,"{'m1-1': 2.371, 'm2-1': 1.392, 'm3-1': 4.236, 'm4-1': 0.896}",0.7965000000000089,164.915,inf,165.446,165.446,165.446
1643,TT4,BESTEFFORT,MISSED,m1-1,160.521,"{'m1-1': 2.186, 'm2-1': 1.608, 'm3-1': 4.86, 'm4-1': 1.029}",0.28799999999996545,165.341,inf,165.521,165.521,165.521
1644,TT3,BESTEFFORT,MISSED,m4-1,160.566,"{'m1-1': 2.406, 'm2-1': 1.374, 'm3-1': 5.175, 'm4-1': 0.899}",0.47999999999998977,165.446,inf,165.766,165.766,165.766
1645,TT1,BESTEFFORT,MISSED,m1-1,160.997,"{'m1-1': 2.095, 'm2-1': 1.8, 'm3-1': 3.806, 'm4-1': 0.611}",0.761600000000044,165.521,inf,165.997,165.997,165.997
1646,TT1,BESTEFFORT,MISSED,m2-1,161.082,"{'m1-1': 2.011, 'm2-1': 1.901, 'm3-1': 3.605, 'm4-1': 0.667}",1.509000000000043,165.57899999999998,inf,166.082,166.082,166.082
1647,TT2,BESTEFFORT,MISSED,m4-1,161.243,"{'m1-1': 2.135, 'm2-1': 1.585, 'm3-1': 3.707, 'm4-1': 0.778}",0.8654999999999973,165.766,inf,166.343,166.343,166.343
1648,TT4,BESTEFFORT,MISSED,m1-1,161.253,"{'m1-1': 2.125, 'm2-1': 1.641, 'm3-1': 4.045, 'm4-1': 1.038}",0.4095999999999549,165.997,inf,166.253,166.253,166.253
1649,TT2,BESTEFFORT,MISSED,m2-1,161.548,"{'m1-1': 2.206, 'm2-1': 1.65, 'm3-1': 4.189, 'm4-1': 0.986}",1.6980000000000075,166.082,inf,166.648,166.648,166.648
1650,TT1,BESTEFFORT,MISSED,m3-1,161.6,"{'m1-1': 2.34, 'm2-1': 1.616, 'm3-1': 4.456, 'm4-1': 0.729}",2.230200000000008,165.361,inf,166.6,166.6,166.6
1651,TT3,BESTEFFORT,MISSED,m1-1,161.617,"{'m1-1': 2.397, 'm2-1': 1.398, 'm3-1': 5.173, 'm4-1': 0.782}",0.9023999999999888,166.253,inf,166.81699999999998,166.81699999999998,166.81699999999998
1652,TT2,BESTEFFORT,MISSED,m3-1,161.629,"{'m1-1': 1.97, 'm2-1': 2.113, 'm3-1': 4.713, 'm4-1': 0.944}",0.23219999999998323,166.6,inf,166.72899999999998,166.72899999999998,166.72899999999998
1653,TT2,BESTEFFORT,MISSED,m4-1,161.651,"{'m1-1': 2.29, 'm2-1': 1.801, 'm3-1': 3.692, 'm4-1': 0.753}",0.6120000000000232,166.343,inf,166.751,166.751,166.751
1654,TT4,BESTEFFORT,MISSED,m3-1,161.807,"{'m1-1': 1.955, 'm2-1': 1.74, 'm3-1': 5.023, 'm4-1': 1.022}",0.14040000000000533,166.72899999999998,inf,166.807,166.807,166.807
1655,TT2,BESTEFFORT,MISSED,m2-1,161.823,"{'m1-1': 2.339, 'm2-1': 1.627, 'm3-1': 4.315, 'm4-1': 0.892}",0.825000000000017,166.648,inf,166.923,166.923,166.923
1656,TT2,BESTEFFORT,MISSED,m3-1,161.831,"{'m1-1': 2.568, 'm2-1': 1.959, 'm3-1': 4.885, 'm4-1': 0.964}",0.2231999999999914,166.807,inf,166.93099999999998,166.93099999999998,166.93099999999998
1657,TT4,BESTEFFORT,MISSED,m4-1,162.001,"{'m1-1': 2.44, 'm2-1': 1.584, 'm3-1': 4.212, 'm4-1': 0.869}",0.375,166.751,inf,167.001,167.001,167.001
1658,TT1,BESTEFFORT,MISSED,m1-1,162.191,"{'m1-1': 1.996, 'm2-1': 1.462, 'm3-1': 4.134, 'm4-1': 0.749}",0.5984000000000379,166.81699999999998,inf,167.191,167.191,167.191
1659,TT4,BESTEFFORT,MISSED,m2-1,162.21,"{'m1-1': 2.224, 'm2-1': 1.673, 'm3-1': 4.289, 'm4-1': 0.911}",0.8610000000000184,166.923,inf,167.21,167.21,167.21
1660,TT2,BESTEFFORT,MISSED,m4-1,162.304,"{'m1-1': 2.14, 'm2-1': 1.633, 'm3-1': 3.873, 'm4-1': 0.9}",0.6044999999999874,167.001,inf,167.404,167.404,167.404
1661,TT2,BESTEFFORT,MISSED,m1-1,162.439,"{'m1-1': 2.213, 'm2-1': 2.012, 'm3-1': 4.661, 'm4-1': 0.898}",0.5567999999999756,167.191,inf,167.539,167.539,167.539
1662,TT3,BESTEFFORT,MISSED,m2-1,162.471,"{'m1-1': 2.375, 'm2-1': 1.46, 'm3-1': 4.261, 'm4-1': 0.887}",1.382999999999953,167.21,inf,167.671,167.671,167.671
1663,TT2,BESTEFFORT,MISSED,m1-1,162.793,"{'m1-1': 1.883, 'm2-1': 1.722, 'm3-1': 3.692, 'm4-1': 0.752}",0.5664000000000214,167.539,inf,167.893,167.893,167.893
1664,TT2,BESTEFFORT,MISSED,m2-1,162.825,"{'m1-1': 1.904, 'm2-1': 2.022, 'm3-1': 4.674, 'm4-1': 0.985}",0.761999999999972,167.671,inf,167.92499999999998,167.92499999999998,167.92499999999998
1665,TT1,BESTEFFORT,MISSED,m4-1,162.907,"{'m1-1': 2.317, 'm2-1': 1.582, 'm3-1': 4.31, 'm4-1': 0.711}",0.7545000000000215,167.404,inf,167.907,167.907,167.907
1666,TT4,BESTEFFORT,MISSED,m3-1,162.923,"{'m1-1': 1.734, 'm2-1': 1.659, 'm3-1': 4.5, 'm4-1': 1.063}",1.7856000000000336,166.93099999999998,inf,167.923,167.923,167.923
1667,TT4,BESTEFFORT,MISSED,m3-1,163.02,"{'m1-1': 1.882, 'm2-1': 1.419, 'm3-1': 4.709, 'm4-1': 0.855}",0.17460000000001516,167.923,inf,168.02,168.02,168.02
1668,TT4,BESTEFFORT,MISSED,m4-1,163.492,"{'m1-1': 2.045, 'm2-1': 1.654, 'm3-1': 4.102, 'm4-1': 1.034}",0.8774999999999693,167.907,inf,168.492,168.492,168.492
1669,TT4,BESTEFFORT,MISSED,m3-1,163.63,"{'m1-1': 2.264, 'm2-1': 1.564, 'm3-1': 4.782, 'm4-1': 0.967}",1.0979999999999734,168.02,inf,168.63,168.63,168.63
1670,TT2,BESTEFFORT,MISSED,m1-1,163.676,"{'m1-1': 2.228, 'm2-1': 1.801, 'm3-1': 4.821, 'm4-1': 0.741}",1.4127999999999703,167.893,inf,168.77599999999998,168.77599999999998,168.77599999999998
1671,TT3,BESTEFFORT,MISSED,m2-1,163.715,"{'m1-1': 1.955, 'm2-1': 1.7, 'm3-1': 5.721, 'm4-1': 1.009}",2.9700000000000273,167.92499999999998,inf,168.915,168.915,168.915
1672,TT3,BESTEFFORT,MISSED,m3-1,163.755,"{'m1-1': 1.985, 'm2-1': 1.305, 'm3-1': 4.243, 'm4-1': 0.969}",0.5849999999999795,168.63,inf,168.95499999999998,168.95499999999998,168.95499999999998
1673,TT3,BESTEFFORT,MISSED,m2-1,164.373,"{'m1-1': 1.893, 'm2-1': 1.652, 'm3-1': 5.197, 'm4-1': 0.881}",1.9739999999999611,168.915,inf,169.57299999999998,169.57299999999998,169.57299999999998
1674,TT4,BESTEFFORT,MISSED,m4-1,164.417,"{'m1-1': 2.135, 'm2-1': 1.601, 'm3-1': 3.996, 'm4-1': 1.036}",1.387500000000017,168.492,inf,169.417,169.417,169.417
1675,TT2,BESTEFFORT,MISSED,m1-1,164.509,"{'m1-1': 2.243, 'm2-1': 1.753, 'm3-1': 3.789, 'm4-1': 0.981}",0.07679999999995744,169.561,inf,169.60899999999998,169.60899999999998,169.60899999999998
1676,TT1,BESTEFFORT,MISSED,m1-1,164.561,"{'m1-1': 1.976, 'm2-1': 1.551, 'm3-1': 4.061, 'm4-1': 0.614}",1.2560000000000402,168.77599999999998,inf,169.561,169.561,169.561
1677,TT1,BESTEFFORT,MISSED,m4-1,164.602,"{'m1-1': 2.226, 'm2-1': 1.451, 'm3-1': 4.019, 'm4-1': 0.754}",0.2775000000000034,169.417,inf,169.602,169.602,169.602
1678,TT2,BESTEFFORT,MISSED,m1-1,164.704,"{'m1-1': 2.364, 'm2-1': 1.903, 'm3-1': 4.848, 'm4-1': 0.929}",0.3120000000000346,169.60899999999998,inf,169.804,169.804,169.804
1679,TT4,BESTEFFORT,MISSED,m2-1,164.794,"{'m1-1': 1.933, 'm2-1': 1.366, 'm3-1': 4.175, 'm4-1': 0.812}",0.6630000000000962,169.57299999999998,inf,169.794,169.794,169.794
1680,TT3,BESTEFFORT,MISSED,m4-1,165.263,"{'m1-1': 2.354, 'm2-1': 1.622, 'm3-1': 5.118, 'm4-1': 0.909}",1.291499999999985,169.602,inf,170.463,170.463,170.463
1681,TT4,BESTEFFORT,MISSED,m3-1,165.499,"{'m1-1': 2.28, 'm2-1': 1.807, 'm3-1': 4.797, 'm4-1': 0.858}",2.7792000000000203,168.95499999999998,inf,170.499,170.499,170.499
1682,TT4,BESTEFFORT,MISSED,m2-1,165.526,"{'m1-1': 2.228, 'm2-1': 1.435, 'm3-1': 4.627, 'm4-1': 1.036}",2.195999999999998,169.794,inf,170.526,170.526,170.526
1683,TT1,BESTEFFORT,MISSED,m3-1,165.532,"{'m1-1': 1.954, 'm2-1': 1.505, 'm3-1': 4.567, 'm4-1': 0.704}",0.05940000000002783,170.499,inf,170.532,170.532,170.532
1684,TT2,BESTEFFORT,MISSED,m4-1,165.728,"{'m1-1': 1.904, 'm2-1': 1.654, 'm3-1': 4.56, 'm4-1': 0.746}",0.5475000000000136,170.463,inf,170.828,170.828,170.828
1685,TT1,BESTEFFORT,MISSED,m3-1,165.865,"{'m1-1': 2.456, 'm2-1': 1.968, 'm3-1': 4.444, 'm4-1': 0.76}",0.5993999999999972,170.532,inf,170.865,170.865,170.865
1686,TT1,BESTEFFORT,MISSED,m1-1,165.904,"{'m1-1': 2.083, 'm2-1': 1.986, 'm3-1': 4.98, 'm4-1': 0.726}",1.759999999999991,169.804,inf,170.904,170.904,170.904
1687,TT4,BESTEFFORT,MISSED,m2-1,165.941,"{'m1-1': 1.738, 'm2-1': 1.555, 'm3-1': 4.612, 'm4-1': 1.036}",1.2449999999999761,170.526,inf,170.941,170.941,170.941
1688,TT4,BESTEFFORT,MISSED,m3-1,166.01,"{'m1-1': 2.322, 'm2-1': 1.692, 'm3-1': 4.341, 'm4-1': 1.053}",0.26099999999996726,170.865,inf,171.01,171.01,171.01
1689,TT2,BESTEFFORT,MISSED,m4-1,166.018,"{'m1-1': 2.368, 'm2-1': 1.949, 'm3-1': 4.051, 'm4-1': 1.007}",0.43499999999998806,170.828,inf,171.118,171.118,171.118
1690,TT3,BESTEFFORT,MISSED,m2-1,166.115,"{'m1-1': 2.275, 'm2-1': 1.749, 'm3-1': 4.396, 'm4-1': 0.984}",1.1219999999999857,170.941,inf,171.315,171.315,171.315
1691,TT1,BESTEFFORT,MISSED,m1-1,166.234,"{'m1-1': 2.351, 'm2-1': 1.712, 'm3-1': 4.548, 'm4-1': 0.742}",0.52800000000002,170.904,inf,171.234,171.234,171.234
1692,TT3,BESTEFFORT,MISSED,m1-1,166.33,"{'m1-1': 2.277, 'm2-1': 1.378, 'm3-1': 4.784, 'm4-1': 0.889}",0.47359999999998764,171.234,inf,171.53,171.53,171.53
1693,TT4,BESTEFFORT,MISSED,m4-1,166.338,"{'m1-1': 2.208, 'm2-1': 1.772, 'm3-1': 4.576, 'm4-1': 0.942}",0.3299999999999983,171.118,inf,171.338,171.338,171.338
1694,TT3,BESTEFFORT,MISSED,m4-1,166.492,"{'m1-1': 2.135, 'm2-1': 1.476, 'm3-1': 4.237, 'm4-1': 0.988}",0.5309999999999775,171.338,inf,171.69199999999998,171.69199999999998,171.69199999999998
1695,TT1,BESTEFFORT,MISSED,m2-1,166.549,"{'m1-1': 2.572, 'm2-1': 1.703, 'm3-1': 3.672, 'm4-1': 0.821}",0.7020000000000266,171.315,inf,171.549,171.549,171.549
1696,TT1,BESTEFFORT,MISSED,m1-1,166.68,"{'m1-1': 1.965, 'm2-1': 1.831, 'm3-1': 4.233, 'm4-1': 0.781}",0.2400000000000091,171.53,inf,171.68,171.68,171.68
1697,TT3,BESTEFFORT,MISSED,m3-1,166.699,"{'m1-1': 2.254, 'm2-1': 1.488, 'm3-1': 5.407, 'm4-1': 0.818}",1.600200000000018,171.01,inf,171.899,171.899,171.899
1698,TT3,BESTEFFORT,MISSED,m4-1,166.915,"{'m1-1': 1.753, 'm2-1': 1.792, 'm3-1': 5.526, 'm4-1': 0.808}",0.6345000000000027,171.69199999999998,inf,172.11499999999998,172.11499999999998,172.11499999999998
1699,TT2,BESTEFFORT,MISSED,m2-1,166.993,"{'m1-1': 2.039, 'm2-1': 1.91, 'm3-1': 3.97, 'm4-1': 0.997}",1.6319999999999482,171.549,inf,172.093,172.093,172.093
1700,TT2,BESTEFFORT,MISSED,m3-1,167.009,"{'m1-1': 2.11, 'm2-1': 1.645, 'm3-1': 4.128, 'm4-1': 0.977}",0.3779999999999632,171.899,inf,172.10899999999998,172.10899999999998,172.10899999999998
1701,TT3,BESTEFFORT,MISSED,m2-1,167.348,"{'m1-1': 2.143, 'm2-1': 1.716, 'm3-1': 4.407, 'm4-1': 0.908}",1.3650000000000375,172.093,inf,172.548,172.548,172.548
1702,TT2,BESTEFFORT,MISSED,m1-1,167.391,"{'m1-1': 2.146, 'm2-1': 1.659, 'm3-1': 5.1, 'm4-1': 0.952}",1.297599999999966,171.68,inf,172.49099999999999,172.49099999999999,172.49099999999999
1703,TT1,BESTEFFORT,MISSED,m3-1,167.447,"{'m1-1': 2.616, 'm2-1': 1.423, 'm3-1': 4.441, 'm4-1': 0.66}",0.6084000000000401,172.10899999999998,inf,172.447,172.447,172.447
1704,TT1,BESTEFFORT,MISSED,m3-1,167.651,"{'m1-1': 2.616, 'm2-1': 1.604, 'm3-1': 4.411, 'm4-1': 0.839}",0.3672000000000139,172.447,inf,172.651,172.651,172.651
1705,TT4,BESTEFFORT,MISSED,m4-1,167.733,"{'m1-1': 2.335, 'm2-1': 1.745, 'm3-1': 3.881, 'm4-1': 0.916}",0.9270000000000351,172.11499999999998,inf,172.733,172.733,172.733
1706,TT3,BESTEFFORT,MISSED,m2-1,167.734,"{'m1-1': 1.785, 'm2-1': 1.382, 'm3-1': 4.776, 'm4-1': 0.888}",1.157999999999987,172.548,inf,172.934,172.934,172.934
1707,TT1,BESTEFFORT,MISSED,m1-1,167.792,"{'m1-1': 2.525, 'm2-1': 1.682, 'm3-1': 3.937, 'm4-1': 0.628}",0.48160000000002584,172.49099999999999,inf,172.792,172.792,172.792
1708,TT3,BESTEFFORT,MISSED,m1-1,167.866,"{'m1-1': 2.26, 'm2-1': 1.556, 'm3-1': 4.805, 'm4-1': 0.931}",0.43840000000000146,172.792,inf,173.066,173.066,173.066
1709,TT2,BESTEFFORT,MISSED,m4-1,167.889,"{'m1-1': 2.409, 'm2-1': 1.949, 'm3-1': 5.028, 'm4-1': 0.959}",0.38400000000000034,172.733,inf,172.989,172.989,172.989
1710,TT3,BESTEFFORT,MISSED,m4-1,168.21,"{'m1-1': 2.202, 'm2-1': 1.661, 'm3-1': 5.127, 'm4-1': 0.793}",0.6314999999999884,172.989,inf,173.41,173.41,173.41
1711,TT4,BESTEFFORT,MISSED,m2-1,168.281,"{'m1-1': 2.441, 'm2-1': 1.471, 'm3-1': 4.522, 'm4-1': 0.926}",1.0410000000000252,172.934,inf,173.281,173.281,173.281
1712,TT4,BESTEFFORT,MISSED,m1-1,168.381,"{'m1-1': 1.939, 'm2-1': 1.4, 'm3-1': 4.323, 'm4-1': 1.04}",0.5039999999999963,173.066,inf,173.381,173.381,173.381
1713,TT2,BESTEFFORT,MISSED,m3-1,168.454,"{'m1-1': 1.912, 'm2-1': 1.873, 'm3-1': 3.773, 'm4-1': 0.969}",1.6253999999999849,172.651,inf,173.554,173.554,173.554
1714,TT1,BESTEFFORT,MISSED,m2-1,168.851,"{'m1-1': 2.116, 'm2-1': 1.838, 'm3-1': 3.615, 'm4-1': 0.774}",1.7099999999999795,173.281,inf,173.851,173.851,173.851
1715,TT3,BESTEFFORT,MISSED,m1-1,168.861,"{'m1-1': 2.158, 'm2-1': 1.331, 'm3-1': 5.661, 'm4-1': 1.006}",1.0879999999999654,173.381,inf,174.06099999999998,174.06099999999998,174.06099999999998
1716,TT4,BESTEFFORT,MISSED,m3-1,168.887,"{'m1-1': 2.204, 'm2-1': 1.753, 'm3-1': 4.245, 'm4-1': 0.877}",0.5993999999999972,173.554,inf,173.887,173.887,173.887
1717,TT2,BESTEFFORT,MISSED,m4-1,168.937,"{'m1-1': 2.589, 'm2-1': 1.581, 'm3-1': 4.252, 'm4-1': 0.775}",0.9405000000000143,173.41,inf,174.037,174.037,174.037
1718,TT1,BESTEFFORT,MISSED,m3-1,169.047,"{'m1-1': 1.867, 'm2-1': 1.972, 'm3-1': 4.201, 'm4-1': 0.69}",0.28799999999999387,173.887,inf,174.047,174.047,174.047
1719,TT3,BESTEFFORT,MISSED,m2-1,169.387,"{'m1-1': 2.4, 'm2-1': 1.282, 'm3-1': 4.752, 'm4-1': 0.95}",2.20799999999997,173.851,inf,174.587,174.587,174.587
1720,TT2,BESTEFFORT,MISSED,m3-1,169.615,"{'m1-1': 2.364, 'm2-1': 2.028, 'm3-1': 3.847, 'm4-1': 0.734}",1.2024000000000115,174.047,inf,174.715,174.715,174.715
1721,TT3,BESTEFFORT,MISSED,m4-1,169.775,"{'m1-1': 1.763, 'm2-1': 1.495, 'm3-1': 5.514, 'm4-1': 0.973}",1.4069999999999823,174.037,inf,174.975,174.975,174.975
1722,TT3,BESTEFFORT,MISSED,m4-1,169.808,"{'m1-1': 2.285, 'm2-1': 1.473, 'm3-1': 5.488, 'm4-1': 0.786}",0.04949999999998056,174.975,inf,175.00799999999998,175.00799999999998,175.00799999999998
1723,TT3,BESTEFFORT,MISSED,m2-1,169.956,"{'m1-1': 1.841, 'm2-1': 1.625, 'm3-1': 5.115, 'm4-1': 1.009}",0.4499999999999318,175.006,inf,175.15599999999998,175.15599999999998,175.15599999999998
1724,TT1,BESTEFFORT,MISSED,m1-1,169.994,"{'m1-1': 2.54, 'm2-1': 1.736, 'm3-1': 4.753, 'm4-1': 0.765}",1.4928000000000339,174.06099999999998,inf,174.994,174.994,174.994
1725,TT1,BESTEFFORT,MISSED,m2-1,170.006,"{'m1-1': 2.15, 'm2-1': 1.741, 'm3-1': 3.729, 'm4-1': 0.659}",1.2570000000000334,174.587,inf,175.006,175.006,175.006
1726,TT1,BESTEFFORT,MISSED,m1-1,170.13,"{'m1-1': 2.028, 'm2-1': 1.884, 'm3-1': 4.986, 'm4-1': 0.675}",0.2175999999999931,174.994,inf,175.13,175.13,175.13
1727,TT4,BESTEFFORT,MISSED,m1-1,170.221,"{'m1-1': 1.954, 'm2-1': 1.356, 'm3-1': 3.881, 'm4-1': 1.02}",0.1456000000000131,175.13,inf,175.221,175.221,175.221
1728,TT4,BESTEFFORT,MISSED,m4-1,170.488,"{'m1-1': 2.207, 'm2-1': 1.836, 'm3-1': 4.013, 'm4-1': 1.046}",0.7200000000000273,175.00799999999998,inf,175.488,175.488,175.488
1729,TT3,BESTEFFORT,MISSED,m3-1,170.627,"{'m1-1': 1.824, 'm2-1': 1.694, 'm3-1': 5.477, 'm4-1': 0.897}",2.0015999999999905,174.715,inf,175.827,175.827,175.827
1730,TT1,BESTEFFORT,MISSED,m2-1,170.871,"{'m1-1': 2.156, 'm2-1': 1.554, 'm3-1': 4.938, 'm4-1': 0.696}",2.1450000000000955,175.15599999999998,inf,175.871,175.871,175.871
1731,TT1,BESTEFFORT,MISSED,m3-1,170.931,"{'m1-1': 2.462, 'm2-1': 1.898, 'm3-1': 4.312, 'm4-1': 0.797}",0.18720000000002415,175.827,inf,175.931,175.931,175.931
1732,TT3,BESTEFFORT,COMPLETED,m4-1,171.033,"{'m1-1': 2.292, 'm2-1': 1.295, 'm3-1': 5.826, 'm4-1': 0.722}",1.083,175.488,176.21,inf,176.23299999999998,176.23299999999998
1733,TT4,BESTEFFORT,MISSED,m3-1,171.492,"{'m1-1': 2.371, 'm2-1': 1.759, 'm3-1': 4.441, 'm4-1': 0.878}",1.0097999999999616,175.931,inf,176.492,176.492,176.492
1734,TT3,BESTEFFORT,MISSED,m1-1,171.53,"{'m1-1': 2.269, 'm2-1': 1.307, 'm3-1': 4.468, 'm4-1': 0.945}",2.414399999999978,175.221,inf,176.73,176.73,176.73
1735,TT4,BESTEFFORT,MISSED,m2-1,171.741,"{'m1-1': 2.393, 'm2-1': 1.792, 'm3-1': 3.755, 'm4-1': 0.887}",2.6100000000000136,175.871,inf,176.741,176.741,176.741
1736,TT4,BESTEFFORT,MISSED,m3-1,171.802,"{'m1-1': 2.189, 'm2-1': 1.442, 'm3-1': 4.146, 'm4-1': 0.905}",0.5580000000000042,176.492,inf,176.802,176.802,176.802
1737,TT4,BESTEFFORT,MISSED,m4-1,171.804,"{'m1-1': 2.019, 'm2-1': 1.615, 'm3-1': 4.394, 'm4-1': 0.983}",0.8909999999999911,176.21,inf,176.804,176.804,176.804
1738,TT3,BESTEFFORT,MISSED,m4-1,172.005,"{'m1-1': 2.147, 'm2-1': 1.624, 'm3-1': 5.56, 'm4-1': 0.883}",0.6014999999999731,176.804,inf,177.20499999999998,177.20499999999998,177.20499999999998
1739,TT1,BESTEFFORT,MISSED,m1-1,172.018,"{'m1-1': 2.322, 'm2-1': 1.423, 'm3-1': 3.613, 'm4-1': 0.703}",0.4608000000000175,176.73,inf,177.018,177.018,177.018
1740,TT1,BESTEFFORT,MISSED,m2-1,172.088,"{'m1-1': 2.497, 'm2-1': 1.615, 'm3-1': 3.848, 'm4-1': 0.691}",1.04099999999994,176.741,inf,177.088,177.088,177.088
1741,TT2,BESTEFFORT,MISSED,m1-1,172.11,"{'m1-1': 2.173, 'm2-1': 1.819, 'm3-1': 4.313, 'm4-1': 0.92}",0.3072000000000117,177.018,inf,177.21,177.21,177.21
1742,TT3,BESTEFFORT,MISSED,m1-1,172.18,"{'m1-1': 1.991, 'm2-1': 1.55, 'm3-1': 4.784, 'm4-1': 0.869}",0.27199999999998,177.21,inf,177.38,177.38,177.38
1743,TT1,BESTEFFORT,MISSED,m2-1,172.329,"{'m1-1': 2.238, 'm2-1': 1.627, 'm3-1': 3.82, 'm4-1': 0.748}",0.7230000000000416,177.088,inf,177.329,177.329,177.329
1744,TT4,BESTEFFORT,MISSED,m4-1,172.432,"{'m1-1': 1.891, 'm2-1': 1.788, 'm3-1': 4.748, 'm4-1': 0.902}",0.3405000000000058,177.20499999999998,inf,177.432,177.432,177.432
1745,TT3,BESTEFFORT,MISSED,m3-1,172.435,"{'m1-1': 2.32, 'm2-1': 1.614, 'm3-1': 4.327, 'm4-1': 0.991}",1.4993999999999972,176.802,inf,177.635,177.635,177.635
1746,TT2,BESTEFFORT,MISSED,m2-1,172.586,"{'m1-1': 2.518, 'm2-1': 1.869, 'm3-1': 4.299, 'm4-1': 0.938}",1.070999999999998,177.329,inf,177.686,177.686,177.686
1747,TT1,BESTEFFORT,MISSED,m3-1,172.846,"{'m1-1': 1.983, 'm2-1': 1.974, 'm3-1': 4.132, 'm4-1': 0.734}",0.37980000000002295,177.635,inf,177.846,177.846,177.846
1748,TT1,BESTEFFORT,MISSED,m4-1,172.987,"{'m1-1': 2.279, 'm2-1': 1.601, 'm3-1': 3.646, 'm4-1': 0.784}",0.8325000000000102,177.432,inf,177.987,177.987,177.987
1749,TT1,BESTEFFORT,MISSED,m3-1,173.155,"{'m1-1': 2.331, 'm2-1': 1.519, 'm3-1': 4.167, 'm4-1': 0.738}",0.5561999999999955,177.846,inf,178.155,178.155,178.155
1750,TT1,BESTEFFORT,MISSED,m1-1,173.468,"{'m1-1': 2.108, 'm2-1': 1.423, 'm3-1': 3.745, 'm4-1': 0.858}",1.7407999999999904,177.38,inf,178.468,178.468,178.468
1751,TT1,BESTEFFORT,MISSED,m2-1,173.473,"{'m1-1': 2.524, 'm2-1': 1.62, 'm3-1': 3.769, 'm4-1': 0.711}",2.3610000000000184,177.686,inf,178.473,178.473,178.473
1752,TT3,BESTEFFORT,MISSED,m3-1,173.76,"{'m1-1': 2.107, 'm2-1': 1.773, 'm3-1': 4.702, 'm4-1': 0.826}",1.4489999999999612,178.155,inf,178.95999999999998,178.95999999999998,178.95999999999998
1753,TT3,BESTEFFORT,COMPLETED,m4-1,173.798,"{'m1-1': 1.808, 'm2-1': 1.719, 'm3-1': 5.642, 'm4-1': 1.011}",1.5164999999999997,177.987,178.998,inf,178.998,178.998
1754,TT2,BESTEFFORT,MISSED,m1-1,174.005,"{'m1-1': 2.494, 'm2-1': 2.123, 'm3-1': 4.813, 'm4-1': 0.839}",1.0192000000000008,178.468,inf,179.105,179.105,179.105
1755,TT4,BESTEFFORT,MISSED,m2-1,174.181,"{'m1-1': 2.007, 'm2-1': 1.798, 'm3-1': 5.066, 'm4-1': 0.977}",2.1239999999999952,178.473,inf,179.181,179.181,179.181
1756,TT2,BESTEFFORT,MISSED,m4-1,174.212,"{'m1-1': 2.368, 'm2-1': 1.828, 'm3-1': 3.778, 'm4-1': 0.93}",0.4709999999999894,178.998,inf,179.31199999999998,179.31199999999998,179.31199999999998
1757,TT4,BESTEFFORT,MISSED,m1-1,174.321,"{'m1-1': 2.289, 'm2-1': 1.72, 'm3-1': 5.144, 'm4-1': 0.889}",0.3456000000000131,179.105,inf,179.321,179.321,179.321
1758,TT2,BESTEFFORT,MISSED,m2-1,174.359,"{'m1-1': 2.516, 'm2-1': 1.547, 'm3-1': 3.703, 'm4-1': 0.982}",0.8339999999999748,179.181,inf,179.459,179.459,179.459
1759,TT3,BESTEFFORT,MISSED,m1-1,174.411,"{'m1-1': 2.234, 'm2-1': 1.52, 'm3-1': 5.247, 'm4-1': 0.885}",0.4639999999999873,179.321,inf,179.611,179.611,179.611
1760,TT4,BESTEFFORT,MISSED,m4-1,174.723,"{'m1-1': 1.912, 'm2-1': 1.6, 'm3-1': 4.952, 'm4-1': 0.934}",0.6165000000000447,179.31199999999998,inf,179.723,179.723,179.723
1761,TT2,BESTEFFORT,MISSED,m3-1,174.779,"{'m1-1': 2.157, 'm2-1': 1.914, 'm3-1': 4.25, 'm4-1': 0.742}",1.65420000000002,178.95999999999998,inf,179.879,179.879,179.879
1762,TT2,BESTEFFORT,MISSED,m2-1,174.86,"{'m1-1': 1.926, 'm2-1': 1.699, 'm3-1': 4.177, 'm4-1': 0.815}",1.5030000000000143,179.459,inf,179.96,179.96,179.96
1763,TT2,BESTEFFORT,MISSED,m3-1,175.031,"{'m1-1': 2.242, 'm2-1': 1.795, 'm3-1': 3.675, 'm4-1': 0.722}",0.4536000000000172,179.879,inf,180.131,180.131,180.131
1764,TT3,BESTEFFORT,MISSED,m1-1,175.148,"{'m1-1': 2.357, 'm2-1': 1.432, 'm3-1': 4.3, 'm4-1': 0.923}",1.1791999999999916,179.611,inf,180.34799999999998,180.34799999999998,180.34799999999998
1765,TT4,BESTEFFORT,MISSED,m4-1,175.156,"{'m1-1': 1.966, 'm2-1': 1.687, 'm3-1': 4.989, 'm4-1': 0.847}",0.6494999999999891,179.723,inf,180.156,180.156,180.156
1766,TT1,BESTEFFORT,MISSED,m3-1,175.159,"{'m1-1': 2.195, 'm2-1': 1.653, 'm3-1': 3.78, 'm4-1': 0.689}",0.05039999999998486,180.131,inf,180.159,180.159,180.159
1767,TT3,BESTEFFORT,MISSED,m2-1,175.375,"{'m1-1': 2.175, 'm2-1': 1.428, 'm3-1': 5.622, 'm4-1': 0.961}",1.844999999999942,179.96,inf,180.575,180.575,180.575
1768,TT2,BESTEFFORT,MISSED,m3-1,175.481,"{'m1-1': 2.169, 'm2-1': 1.943, 'm3-1': 4.361, 'm4-1': 0.816}",0.7595999999999947,180.159,inf,180.581,180.581,180.581
1769,TT3,BESTEFFORT,MISSED,m4-1,175.538,"{'m1-1': 1.833, 'm2-1': 1.609, 'm3-1': 5.411, 'm4-1': 0.984}",0.8729999999999905,180.156,inf,180.738,180.738,180.738
1770,TT3,BESTEFFORT,MISSED,m2-1,175.564,"{'m1-1': 1.819, 'm2-1': 1.372, 'm3-1': 5.821, 'm4-1': 0.727}",0.5669999999999789,180.575,inf,180.76399999999998,180.76399999999998,180.76399999999998
1771,TT2,BESTEFFORT,MISSED,m4-1,175.733,"{'m1-1': 2.614, 'm2-1': 1.591, 'm3-1': 4.826, 'm4-1': 0.941}",0.1424999999999983,180.738,inf,180.833,180.833,180.833
1772,TT4,BESTEFFORT,MISSED,m1-1,175.763,"{'m1-1': 1.744, 'm2-1': 1.431, 'm3-1': 3.942, 'm4-1': 0.858}",0.6640000000000328,180.34799999999998,inf,180.763,180.763,180.763
1773,TT3,BESTEFFORT,MISSED,m1-1,175.807,"{'m1-1': 1.957, 'm2-1': 1.541, 'm3-1': 4.721, 'm4-1': 0.742}",0.3903999999999542,180.763,inf,181.00699999999998,181.00699999999998,181.00699999999998
1774,TT3,BESTEFFORT,MISSED,m2-1,175.856,"{'m1-1': 2.432, 'm2-1': 1.581, 'm3-1': 4.727, 'm4-1': 0.78}",0.8760000000000048,180.76399999999998,inf,181.05599999999998,181.05599999999998,181.05599999999998
1775,TT4,BESTEFFORT,MISSED,m1-1,176.103,"{'m1-1': 2.089, 'm2-1': 1.375, 'm3-1': 4.15, 'm4-1': 0.791}",0.1536000000000513,181.00699999999998,inf,181.103,181.103,181.103
1776,TT2,BESTEFFORT,MISSED,m4-1,176.134,"{'m1-1': 2.504, 'm2-1': 1.615, 'm3-1': 4.372, 'm4-1': 0.793}",0.6014999999999731,180.833,inf,181.23399999999998,181.23399999999998,181.23399999999998
1777,TT3,BESTEFFORT,MISSED,m3-1,176.166,"{'m1-1': 2.354, 'm2-1': 1.714, 'm3-1': 5.168, 'm4-1': 0.991}",0.12599999999998773,181.296,inf,181.36599999999999,181.36599999999999,181.36599999999999
1778,TT3,BESTEFFORT,MISSED,m3-1,176.175,"{'m1-1': 1.936, 'm2-1': 1.511, 'm3-1': 5.205, 'm4-1': 0.857}",0.016200000000026193,181.36599999999999,inf,181.375,181.375,181.375
1779,TT2,BESTEFFORT,MISSED,m2-1,176.239,"{'m1-1': 1.912, 'm2-1': 1.88, 'm3-1': 4.041, 'm4-1': 0.98}",0.8490000000000464,181.05599999999998,inf,181.339,181.339,181.339
1780,TT1,BESTEFFORT,MISSED,m3-1,176.296,"{'m1-1': 2.202, 'm2-1': 1.73, 'm3-1': 4.888, 'm4-1': 0.663}",1.2870000000000061,180.581,inf,181.296,181.296,181.296
1781,TT1,BESTEFFORT,MISSED,m4-1,176.367,"{'m1-1': 1.86, 'm2-1': 1.974, 'm3-1': 4.38, 'm4-1': 0.689}",0.19950000000001467,181.23399999999998,inf,181.367,181.367,181.367
1782,TT3,BESTEFFORT,MISSED,m2-1,176.534,"{'m1-1': 1.889, 'm2-1': 1.759, 'm3-1': 5.937, 'm4-1': 0.953}",1.1849999999999454,181.339,inf,181.73399999999998,181.73399999999998,181.73399999999998
1783,TT2,BESTEFFORT,MISSED,m1-1,176.616,"{'m1-1': 2.016, 'm2-1': 2.025, 'm3-1': 5.063, 'm4-1': 0.886}",0.9807999999999993,181.103,inf,181.716,181.716,181.716
1784,TT3,BESTEFFORT,MISSED,m4-1,176.693,"{'m1-1': 2.331, 'm2-1': 1.658, 'm3-1': 4.256, 'm4-1': 0.767}",0.7890000000000157,181.367,inf,181.893,181.893,181.893
1785,TT1,BESTEFFORT,MISSED,m3-1,176.834,"{'m1-1': 2.338, 'm2-1': 1.688, 'm3-1': 4.34, 'm4-1': 0.81}",0.8262000000000057,181.375,inf,181.834,181.834,181.834
1786,TT3,BESTEFFORT,MISSED,m2-1,177.13,"{'m1-1': 2.017, 'm2-1': 1.61, 'm3-1': 5.275, 'm4-1': 0.761}",1.788000000000011,181.73399999999998,inf,182.32999999999998,182.32999999999998,182.32999999999998
1787,TT2,BESTEFFORT,MISSED,m1-1,177.152,"{'m1-1': 2.438, 'm2-1': 1.595, 'm3-1': 5.076, 'm4-1': 0.815}",0.8575999999999567,181.716,inf,182.25199999999998,182.25199999999998,182.25199999999998
1788,TT3,BESTEFFORT,MISSED,m2-1,177.219,"{'m1-1': 2.305, 'm2-1': 1.62, 'm3-1': 5.34, 'm4-1': 0.731}",0.2669999999999959,182.32999999999998,inf,182.41899999999998,182.41899999999998,182.41899999999998
1789,TT2,BESTEFFORT,MISSED,m1-1,177.261,"{'m1-1': 1.943, 'm2-1': 1.754, 'm3-1': 4.522, 'm4-1': 0.735}",0.1744000000000142,182.25199999999998,inf,182.361,182.361,182.361
1790,TT1,BESTEFFORT,MISSED,m4-1,177.338,"{'m1-1': 1.852, 'm2-1': 1.499, 'm3-1': 4.045, 'm4-1': 0.759}",0.6674999999999898,181.893,inf,182.338,182.338,182.338
1791,TT2,BESTEFFORT,MISSED,m3-1,177.498,"{'m1-1': 1.933, 'm2-1': 1.516, 'm3-1': 4.182, 'm4-1': 0.926}",1.375199999999967,181.834,inf,182.59799999999998,182.59799999999998,182.59799999999998
1792,TT4,BESTEFFORT,MISSED,m1-1,177.502,"{'m1-1': 1.878, 'm2-1': 1.673, 'm3-1': 4.973, 'm4-1': 0.9}",0.2256000000000313,182.361,inf,182.502,182.502,182.502
1793,TT2,BESTEFFORT,MISSED,m2-1,177.552,"{'m1-1': 2.506, 'm2-1': 1.875, 'm3-1': 4.06, 'm4-1': 0.769}",0.6990000000000123,182.41899999999998,inf,182.652,182.652,182.652
1794,TT1,BESTEFFORT,MISSED,m4-1,177.558,"{'m1-1': 2.08, 'm2-1': 1.651, 'm3-1': 4.279, 'm4-1': 0.634}",0.3299999999999983,182.338,inf,182.558,182.558,182.558
1795,TT3,BESTEFFORT,MISSED,m3-1,177.595,"{'m1-1': 1.927, 'm2-1': 1.508, 'm3-1': 4.692, 'm4-1': 0.888}",0.3546000000000049,182.59799999999998,inf,182.795,182.795,182.795
1796,TT2,BESTEFFORT,MISSED,m4-1,177.843,"{'m1-1': 1.904, 'm2-1': 1.643, 'm3-1': 4.793, 'm4-1': 0.894}",0.5774999999999864,182.558,inf,182.94299999999998,182.94299999999998,182.94299999999998
1797,TT1,BESTEFFORT,MISSED,m1-1,178.049,"{'m1-1': 1.986, 'm2-1': 1.897, 'm3-1': 4.64, 'm4-1': 0.855}",0.8751999999999953,182.502,inf,183.049,183.049,183.049
1798,TT4,BESTEFFORT,MISSED,m3-1,178.049,"{'m1-1': 2.446, 'm2-1': 1.446, 'm3-1': 5.066, 'm4-1': 0.767}",0.4572000000000344,182.795,inf,183.049,183.049,183.049
1799,TT4,BESTEFFORT,MISSED,m2-1,178.062,"{'m1-1': 1.925, 'm2-1': 1.347, 'm3-1': 4.183, 'm4-1': 0.756}",1.230000000000075,182.652,inf,183.062,183.062,183.062
1800,TT1,BESTEFFORT,MISSED,m3-1,178.148,"{'m1-1': 2.123, 'm2-1': 1.735, 'm3-1': 5.112, 'm4-1': 0.801}",0.17819999999998118,183.049,inf,183.148,183.148,183.148
1801,TT1,BESTEFFORT,MISSED,m4-1,178.191,"{'m1-1': 2.348, 'm2-1': 1.951, 'm3-1': 3.644, 'm4-1': 0.702}",0.3720000000000283,182.94299999999998,inf,183.191,183.191,183.191
1802,TT3,BESTEFFORT,MISSED,m1-1,178.226,"{'m1-1': 1.973, 'm2-1': 1.417, 'm3-1': 4.352, 'm4-1': 0.898}",0.260799999999972,183.263,inf,183.426,183.426,183.426
1803,TT1,BESTEFFORT,MISSED,m1-1,178.263,"{'m1-1': 2.059, 'm2-1': 1.426, 'm3-1': 4.311, 'm4-1': 0.748}",0.3423999999999978,183.049,inf,183.263,183.263,183.263
1804,TT4,BESTEFFORT,MISSED,m2-1,178.375,"{'m1-1': 2.013, 'm2-1': 1.526, 'm3-1': 3.687, 'm4-1': 0.86}",0.9389999999999645,183.062,inf,183.375,183.375,183.375
1805,TT3,BESTEFFORT,MISSED,m4-1,178.382,"{'m1-1': 2.067, 'm2-1': 1.516, 'm3-1': 4.66, 'm4-1': 0.841}",0.2849999999999966,183.392,inf,183.582,183.582,183.582
1806,TT1,BESTEFFORT,MISSED,m4-1,178.392,"{'m1-1': 1.885, 'm2-1': 1.776, 'm3-1': 4.389, 'm4-1': 0.763}",0.3014999999999901,183.191,inf,183.392,183.392,183.392
1807,TT1,BESTEFFORT,MISSED,m2-1,178.432,"{'m1-1': 2.087, 'm2-1': 1.838, 'm3-1': 4.196, 'm4-1': 0.734}",0.17099999999996385,183.375,inf,183.432,183.432,183.432
1808,TT1,BESTEFFORT,MISSED,m1-1,178.5,"{'m1-1': 2.568, 'm2-1': 1.559, 'm3-1': 4.974, 'm4-1': 0.612}",0.11840000000001966,183.426,inf,183.5,183.5,183.5
1809,TT2,BESTEFFORT,MISSED,m3-1,178.766,"{'m1-1': 2.256, 'm2-1': 1.735, 'm3-1': 4.279, 'm4-1': 0.844}",1.292399999999981,183.148,inf,183.86599999999999,183.86599999999999,183.86599999999999
1810,TT3,BESTEFFORT,MISSED,m3-1,178.856,"{'m1-1': 2.161, 'm2-1': 1.556, 'm3-1': 5.673, 'm4-1': 0.719}",0.3419999999999959,183.86599999999999,inf,184.05599999999998,184.05599999999998,184.05599999999998
1811,TT4,BESTEFFORT,MISSED,m2-1,179.025,"{'m1-1': 2.302, 'm2-1': 1.434, 'm3-1': 3.965, 'm4-1': 0.953}",1.7790000000000532,183.432,inf,184.025,184.025,184.025
1812,TT1,BESTEFFORT,MISSED,m4-1,179.065,"{'m1-1': 1.998, 'm2-1': 1.966, 'm3-1': 3.972, 'm4-1': 0.618}",0.7245000000000061,183.582,inf,184.065,184.065,184.065
1813,TT2,BESTEFFORT,MISSED,m1-1,179.428,"{'m1-1': 2.632, 'm2-1': 1.688, 'm3-1': 3.636, 'm4-1': 0.981}",1.6447999999999867,183.5,inf,184.528,184.528,184.528
1814,TT2,BESTEFFORT,MISSED,m3-1,179.47,"{'m1-1': 2.108, 'm2-1': 2.03, 'm3-1': 4.7, 'm4-1': 0.837}",0.925200000000018,184.05599999999998,inf,184.57,184.57,184.57
1815,TT1,BESTEFFORT,MISSED,m2-1,179.576,"{'m1-1': 2.574, 'm2-1': 1.651, 'm3-1': 4.505, 'm4-1': 0.72}",1.6529999999999632,184.025,inf,184.576,184.576,184.576
1816,TT2,BESTEFFORT,MISSED,m3-1,179.58,"{'m1-1': 2.552, 'm2-1': 1.593, 'm3-1': 4.568, 'm4-1': 0.793}",0.19800000000002457,184.57,inf,184.68,184.68,184.68
1817,TT1,BESTEFFORT,MISSED,m4-1,179.747,"{'m1-1': 2.126, 'm2-1': 1.538, 'm3-1': 3.696, 'm4-1': 0.855}",1.0230000000000246,184.065,inf,184.747,184.747,184.747
1818,TT2,BESTEFFORT,MISSED,m1-1,179.845,"{'m1-1': 2.636, 'm2-1': 1.571, 'm3-1': 4.275, 'm4-1': 0.995}",0.6672000000000026,184.528,inf,184.945,184.945,184.945
1819,TT4,BESTEFFORT,MISSED,m2-1,180.016,"{'m1-1': 1.885, 'm2-1': 1.89, 'm3-1': 4.551, 'm4-1': 1.027}",1.3199999999999932,184.576,inf,185.016,185.016,185.016
1820,TT1,BESTEFFORT,MISSED,m4-1,180.089,"{'m1-1': 1.863, 'm2-1': 1.93, 'm3-1': 4.912, 'm4-1': 0.664}",0.5129999999999768,184.747,inf,185.089,185.089,185.089
1821,TT2,BESTEFFORT,MISSED,m2-1,180.214,"{'m1-1': 1.866, 'm2-1': 1.836, 'm3-1': 4.885, 'm4-1': 0.796}",0.8940000000000055,185.016,inf,185.314,185.314,185.314
1822,TT1,BESTEFFORT,MISSED,m1-1,180.256,"{'m1-1': 2.147, 'm2-1': 1.857, 'm3-1': 3.807, 'm4-1': 0.839}",0.4976000000000113,184.945,inf,185.256,185.256,185.256
1823,TT3,BESTEFFORT,MISSED,m1-1,180.275,"{'m1-1': 1.897, 'm2-1': 1.298, 'm3-1': 5.958, 'm4-1': 0.838}",0.35039999999999055,185.256,inf,185.475,185.475,185.475
1824,TT2,BESTEFFORT,MISSED,m4-1,180.45,"{'m1-1': 2.109, 'm2-1': 1.78, 'm3-1': 4.965, 'm4-1': 0.928}",0.6914999999999765,185.089,inf,185.54999999999998,185.54999999999998,185.54999999999998
1825,TT3,BESTEFFORT,MISSED,m3-1,180.495,"{'m1-1': 1.832, 'm2-1': 1.655, 'm3-1': 5.164, 'm4-1': 0.869}",1.8269999999999755,184.68,inf,185.695,185.695,185.695
1826,TT2,BESTEFFORT,MISSED,m3-1,180.635,"{'m1-1': 2.007, 'm2-1': 1.766, 'm3-1': 5.098, 'm4-1': 0.795}",0.07199999999998567,185.695,inf,185.73499999999999,185.73499999999999,185.73499999999999
1827,TT4,BESTEFFORT,MISSED,m2-1,180.722,"{'m1-1': 2.237, 'm2-1': 1.505, 'm3-1': 4.012, 'm4-1': 0.808}",1.2240000000000464,185.314,inf,185.722,185.722,185.722
1828,TT2,BESTEFFORT,MISSED,m1-1,181.076,"{'m1-1': 1.912, 'm2-1': 1.829, 'm3-1': 3.831, 'm4-1': 0.721}",1.1215999999999895,185.475,inf,186.176,186.176,186.176
1829,TT1,BESTEFFORT,MISSED,m4-1,181.102,"{'m1-1': 1.937, 'm2-1': 1.851, 'm3-1': 3.632, 'm4-1': 0.825}",0.8280000000000314,185.54999999999998,inf,186.102,186.102,186.102
1830,TT2,BESTEFFORT,MISSED,m3-1,181.204,"{'m1-1': 2.075, 'm2-1': 1.659, 'm3-1': 3.926, 'm4-1': 0.999}",1.0242000000000304,185.73499999999999,inf,186.304,186.304,186.304
1831,TT4,BESTEFFORT,MISSED,m2-1,181.353,"{'m1-1': 2.378, 'm2-1': 1.617, 'm3-1': 4.388, 'm4-1': 0.794}",1.8930000000000007,185.722,inf,186.353,186.353,186.353
1832,TT4,BESTEFFORT,MISSED,m3-1,181.406,"{'m1-1': 2.317, 'm2-1': 1.753, 'm3-1': 4.347, 'm4-1': 0.793}",0.18360000000000695,186.304,inf,186.406,186.406,186.406
1833,TT4,BESTEFFORT,MISSED,m4-1,181.539,"{'m1-1': 2.099, 'm2-1': 1.374, 'm3-1': 4.671, 'm4-1': 0.833}",0.6554999999999751,186.102,inf,186.539,186.539,186.539
1834,TT4,BESTEFFORT,MISSED,m1-1,181.838,"{'m1-1': 1.744, 'm2-1': 1.861, 'm3-1': 5.016, 'm4-1': 0.767}",1.05920000000001,186.176,inf,186.838,186.838,186.838
1835,TT3,BESTEFFORT,MISSED,m4-1,182.019,"{'m1-1': 1.959, 'm2-1': 1.421, 'm3-1': 5.319, 'm4-1': 0.877}",1.0200000000000102,186.539,inf,187.219,187.219,187.219
1836,TT4,BESTEFFORT,MISSED,m2-1,182.123,"{'m1-1': 2.078, 'm2-1': 1.529, 'm3-1': 3.868, 'm4-1': 1.038}",2.3099999999999454,186.353,inf,187.123,187.123,187.123
1837,TT2,BESTEFFORT,MISSED,m1-1,182.189,"{'m1-1': 2.57, 'm2-1': 1.935, 'm3-1': 4.692, 'm4-1': 0.758}",0.7215999999999895,186.838,inf,187.289,187.289,187.289
1838,TT2,BESTEFFORT,MISSED,m2-1,182.215,"{'m1-1': 2.236, 'm2-1': 1.528, 'm3-1': 3.878, 'm4-1': 0.813}",0.5760000000000218,187.123,inf,187.315,187.315,187.315
1839,TT3,BESTEFFORT,MISSED,m1-1,182.402,"{'m1-1': 1.97, 'm2-1': 1.32, 'm3-1': 5.889, 'm4-1': 0.782}",0.5007999999999811,187.289,inf,187.60199999999998,187.60199999999998,187.60199999999998
1840,TT4,BESTEFFORT,MISSED,m4-1,182.82,"{'m1-1': 1.789, 'm2-1': 1.775, 'm3-1': 4.428, 'm4-1': 0.864}",0.9014999999999986,187.219,inf,187.82,187.82,187.82
1841,TT1,BESTEFFORT,MISSED,m3-1,182.898,"{'m1-1': 2.173, 'm2-1': 1.876, 'm3-1': 4.013, 'm4-1': 0.649}",2.6855999999999827,186.406,inf,187.898,187.898,187.898
1842,TT1,BESTEFFORT,MISSED,m2-1,182.935,"{'m1-1': 1.999, 'm2-1': 1.419, 'm3-1': 3.693, 'm4-1': 0.774}",1.8600000000000136,187.315,inf,187.935,187.935,187.935
1843,TT3,BESTEFFORT,MISSED,m4-1,182.969,"{'m1-1': 2.27, 'm2-1': 1.348, 'm3-1': 4.996, 'm4-1': 0.812}",0.5234999999999843,187.82,inf,188.16899999999998,188.16899999999998,188.16899999999998
1844,TT4,BESTEFFORT,MISSED,m3-1,183.054,"{'m1-1': 1.79, 'm2-1': 1.349, 'm3-1': 4.899, 'm4-1': 0.92}",0.28080000000001065,187.898,inf,188.054,188.054,188.054
1845,TT3,BESTEFFORT,MISSED,m2-1,183.207,"{'m1-1': 1.735, 'm2-1': 1.602, 'm3-1': 5.654, 'm4-1': 0.763}",1.41599999999994,187.935,inf,188.40699999999998,188.40699999999998,188.40699999999998
1846,TT3,BESTEFFORT,MISSED,m3-1,183.214,"{'m1-1': 2.108, 'm2-1': 1.474, 'm3-1': 5.016, 'm4-1': 0.762}",0.14579999999997995,188.333,inf,188.414,188.414,188.414
1847,TT2,BESTEFFORT,MISSED,m3-1,183.233,"{'m1-1': 1.873, 'm2-1': 2.057, 'm3-1': 4.3, 'm4-1': 0.975}",0.5021999999999934,188.054,inf,188.333,188.333,188.333
1848,TT3,BESTEFFORT,MISSED,m4-1,183.272,"{'m1-1': 2.095, 'm2-1': 1.795, 'm3-1': 4.957, 'm4-1': 0.75}",0.4544999999999959,188.16899999999998,inf,188.47199999999998,188.47199999999998,188.47199999999998
1849,TT4,BESTEFFORT,MISSED,m1-1,183.29,"{'m1-1': 1.846, 'm2-1': 1.842, 'm3-1': 5.036, 'm4-1': 1.038}",1.1008000000000266,187.60199999999998,inf,188.29,188.29,188.29
1850,TT3,BESTEFFORT,MISSED,m1-1,183.458,"{'m1-1': 2.067, 'm2-1': 1.6, 'm3-1': 4.485, 'm4-1': 0.96}",0.588799999999992,188.29,inf,188.658,188.658,188.658
1851,TT2,BESTEFFORT,MISSED,m2-1,183.616,"{'m1-1': 2.542, 'm2-1': 1.903, 'm3-1': 3.708, 'm4-1': 0.733}",0.9270000000000778,188.40699999999998,inf,188.716,188.716,188.716
1852,TT2,BESTEFFORT,MISSED,m4-1,183.664,"{'m1-1': 2.151, 'm2-1': 1.914, 'm3-1': 3.636, 'm4-1': 0.863}",0.4380000000000024,188.47199999999998,inf,188.76399999999998,188.76399999999998,188.76399999999998
1853,TT3,BESTEFFORT,MISSED,m1-1,183.751,"{'m1-1': 2.04, 'm2-1': 1.764, 'm3-1': 4.228, 'm4-1': 1.002}",0.4688000000000102,188.658,inf,188.951,188.951,188.951
1854,TT3,BESTEFFORT,MISSED,m1-1,183.839,"{'m1-1': 2.013, 'm2-1': 1.422, 'm3-1': 5.092, 'm4-1': 0.766}",0.14079999999999018,188.951,inf,189.039,189.039,189.039
1855,TT2,BESTEFFORT,MISSED,m2-1,183.904,"{'m1-1': 2.439, 'm2-1': 2.14, 'm3-1': 4.29, 'm4-1': 0.975}",0.8639999999999475,188.716,inf,189.004,189.004,189.004
1856,TT2,BESTEFFORT,MISSED,m4-1,183.991,"{'m1-1': 2.635, 'm2-1': 1.754, 'm3-1': 5.121, 'm4-1': 0.949}",0.4905000000000399,188.76399999999998,inf,189.091,189.091,189.091
1857,TT2,BESTEFFORT,MISSED,m3-1,184.004,"{'m1-1': 2.403, 'm2-1': 1.612, 'm3-1': 4.588, 'm4-1': 0.955}",1.241999999999996,188.414,inf,189.10399999999998,189.10399999999998,189.10399999999998
1858,TT2,BESTEFFORT,MISSED,m2-1,184.046,"{'m1-1': 1.88, 'm2-1': 1.528, 'm3-1': 4.383, 'm4-1': 0.746}",0.4259999999999877,189.004,inf,189.146,189.146,189.146
1859,TT3,BESTEFFORT,MISSED,m1-1,184.137,"{'m1-1': 1.819, 'm2-1': 1.31, 'm3-1': 5.201, 'm4-1': 0.841}",0.47680000000000294,189.039,inf,189.337,189.337,189.337
1860,TT3,BESTEFFORT,MISSED,m3-1,184.169,"{'m1-1': 2.363, 'm2-1': 1.767, 'm3-1': 5.784, 'm4-1': 0.888}",0.23039999999997463,189.241,inf,189.369,189.369,189.369
1861,TT2,BESTEFFORT,MISSED,m4-1,184.173,"{'m1-1': 2.139, 'm2-1': 1.768, 'm3-1': 3.8, 'm4-1': 0.868}",0.2729999999999819,189.091,inf,189.273,189.273,189.273
1862,TT1,BESTEFFORT,MISSED,m3-1,184.241,"{'m1-1': 2.446, 'm2-1': 1.41, 'm3-1': 3.893, 'm4-1': 0.722}",0.24660000000005197,189.10399999999998,inf,189.241,189.241,189.241
1863,TT3,BESTEFFORT,MISSED,m1-1,184.371,"{'m1-1': 1.765, 'm2-1': 1.415, 'm3-1': 4.265, 'm4-1': 0.999}",0.3744000000000142,189.337,inf,189.571,189.571,189.571
1864,TT4,BESTEFFORT,MISSED,m2-1,184.375,"{'m1-1': 2.273, 'm2-1': 1.87, 'm3-1': 4.193, 'm4-1': 0.836}",0.6870000000000402,189.146,inf,189.375,189.375,189.375
1865,TT3,BESTEFFORT,MISSED,m2-1,184.493,"{'m1-1': 2.068, 'm2-1': 1.512, 'm3-1': 5.762, 'm4-1': 0.834}",0.9539999999999509,189.375,inf,189.69299999999998,189.69299999999998,189.69299999999998
1866,TT4,BESTEFFORT,MISSED,m3-1,184.501,"{'m1-1': 2.184, 'm2-1': 1.62, 'm3-1': 5.106, 'm4-1': 1.062}",0.237600000000009,189.369,inf,189.501,189.501,189.501
1867,TT1,BESTEFFORT,MISSED,m4-1,184.549,"{'m1-1': 1.899, 'm2-1': 1.652, 'm3-1': 4.138, 'm4-1': 0.656}",0.4140000000000157,189.273,inf,189.549,189.549,189.549
1868,TT3,BESTEFFORT,MISSED,m1-1,184.669,"{'m1-1': 2.325, 'm2-1': 1.646, 'm3-1': 4.502, 'm4-1': 0.879}",0.020800000000008367,189.856,inf,189.869,189.869,189.869
1869,TT1,BESTEFFORT,MISSED,m4-1,184.704,"{'m1-1': 2.192, 'm2-1': 1.977, 'm3-1': 4.364, 'm4-1': 0.675}",0.2325000000000017,189.549,inf,189.704,189.704,189.704
1870,TT2,BESTEFFORT,MISSED,m4-1,184.77,"{'m1-1': 2.498, 'm2-1': 1.583, 'm3-1': 3.93, 'm4-1': 0.951}",0.24899999999999523,189.704,inf,189.87,189.87,189.87
1871,TT4,BESTEFFORT,MISSED,m1-1,184.856,"{'m1-1': 2.204, 'm2-1': 1.62, 'm3-1': 5.124, 'm4-1': 0.821}",0.4559999999999946,189.571,inf,189.856,189.856,189.856
1872,TT4,BESTEFFORT,MISSED,m2-1,184.864,"{'m1-1': 2.328, 'm2-1': 1.864, 'm3-1': 4.77, 'm4-1': 0.926}",0.5130000000000621,189.69299999999998,inf,189.864,189.864,189.864
1873,TT3,BESTEFFORT,MISSED,m3-1,184.908,"{'m1-1': 1.984, 'm2-1': 1.664, 'm3-1': 4.959, 'm4-1': 0.832}",0.08999999999996931,190.058,inf,190.10799999999998,190.10799999999998,190.10799999999998
1874,TT2,BESTEFFORT,MISSED,m3-1,184.958,"{'m1-1': 2.114, 'm2-1': 1.716, 'm3-1': 5.134, 'm4-1': 0.996}",1.0025999999999784,189.501,inf,190.058,190.058,190.058
1875,TT4,BESTEFFORT,MISSED,m2-1,185.069,"{'m1-1': 2.04, 'm2-1': 1.808, 'm3-1': 5.023, 'm4-1': 1.026}",0.6149999999999523,189.864,inf,190.069,190.069,190.069
1876,TT4,BESTEFFORT,MISSED,m4-1,185.25,"{'m1-1': 2.182, 'm2-1': 1.558, 'm3-1': 3.912, 'm4-1': 0.903}",0.5699999999999932,189.87,inf,190.25,190.25,190.25
1877,TT1,BESTEFFORT,MISSED,m1-1,185.896,"{'m1-1': 2.44, 'm2-1': 1.684, 'm3-1': 3.98, 'm4-1': 0.618}",1.643199999999979,189.869,inf,190.896,190.896,190.896
1878,TT1,BESTEFFORT,MISSED,m3-1,185.923,"{'m1-1': 2.402, 'm2-1': 1.873, 'm3-1': 4.61, 'm4-1': 0.724}",1.4670000000000472,190.10799999999998,inf,190.923,190.923,190.923
1879,TT3,BESTEFFORT,MISSED,m3-1,185.966,"{'m1-1': 2.395, 'm2-1': 1.643, 'm3-1': 5.493, 'm4-1': 0.761}",0.437399999999991,190.923,inf,191.166,191.166,191.166
1880,TT4,BESTEFFORT,MISSED,m2-1,185.969,"{'m1-1': 2.187, 'm2-1': 1.851, 'm3-1': 4.706, 'm4-1': 1.005}",2.700000000000017,190.069,inf,190.969,190.969,190.969
1881,TT3,BESTEFFORT,COMPLETED,m4-1,185.978,"{'m1-1': 2.423, 'm2-1': 1.73, 'm3-1': 5.526, 'm4-1': 0.909}",1.3635000000000002,190.25,191.159,inf,191.178,191.178
1882,TT2,BESTEFFORT,MISSED,m1-1,186.295,"{'m1-1': 2.308, 'm2-1': 2.081, 'm3-1': 4.743, 'm4-1': 0.882}",0.7983999999999924,190.896,inf,191.39499999999998,191.39499999999998,191.39499999999998
1883,TT3,BESTEFFORT,MISSED,m2-1,186.385,"{'m1-1': 2.199, 'm2-1': 1.554, 'm3-1': 5.201, 'm4-1': 0.733}",1.8479999999999563,190.969,inf,191.58499999999998,191.58499999999998,191.58499999999998
1884,TT2,BESTEFFORT,MISSED,m4-1,186.542,"{'m1-1': 2.115, 'm2-1': 1.839, 'm3-1': 5.06, 'm4-1': 0.989}",0.7245000000000061,191.159,inf,191.642,191.642,191.642
1885,TT4,BESTEFFORT,MISSED,m1-1,186.795,"{'m1-1': 2.328, 'm2-1': 1.629, 'm3-1': 3.912, 'm4-1': 0.812}",0.6400000000000091,191.39499999999998,inf,191.795,191.795,191.795
1886,TT4,BESTEFFORT,MISSED,m2-1,186.919,"{'m1-1': 2.269, 'm2-1': 1.521, 'm3-1': 4.897, 'm4-1': 0.874}",1.0020000000000948,191.58499999999998,inf,191.919,191.919,191.919
1887,TT3,BESTEFFORT,MISSED,m4-1,186.987,"{'m1-1': 1.868, 'm2-1': 1.734, 'm3-1': 4.366, 'm4-1': 0.729}",0.8174999999999812,191.642,inf,192.18699999999998,192.18699999999998,192.18699999999998
1888,TT1,BESTEFFORT,MISSED,m1-1,187.032,"{'m1-1': 2.07, 'm2-1': 1.762, 'm3-1': 4.912, 'm4-1': 0.786}",0.3792000000000371,191.795,inf,192.032,192.032,192.032
1889,TT2,BESTEFFORT,MISSED,m3-1,187.104,"{'m1-1': 2.429, 'm2-1': 1.612, 'm3-1': 4.331, 'm4-1': 0.899}",1.8684000000000196,191.166,inf,192.204,192.204,192.204
1890,TT3,BESTEFFORT,MISSED,m2-1,187.258,"{'m1-1': 2.178, 'm2-1': 1.759, 'm3-1': 5.15, 'm4-1': 0.793}",1.6169999999999618,191.919,inf,192.458,192.458,192.458
1891,TT2,BESTEFFORT,MISSED,m3-1,187.417,"{'m1-1': 2.191, 'm2-1': 2.007, 'm3-1': 4.198, 'm4-1': 0.919}",0.5633999999999787,192.204,inf,192.517,192.517,192.517
1892,TT3,BESTEFFORT,MISSED,m3-1,187.431,"{'m1-1': 2.12, 'm2-1': 1.74, 'm3-1': 5.882, 'm4-1': 0.733}",0.2052000000000078,192.517,inf,192.631,192.631,192.631
1893,TT2,BESTEFFORT,MISSED,m1-1,187.5,"{'m1-1': 2.164, 'm2-1': 1.535, 'm3-1': 4.731, 'm4-1': 0.719}",0.9087999999999739,192.032,inf,192.6,192.6,192.6
1894,TT4,BESTEFFORT,MISSED,m4-1,187.541,"{'m1-1': 2.335, 'm2-1': 1.348, 'm3-1': 3.726, 'm4-1': 0.757}",0.5310000000000201,192.18699999999998,inf,192.541,192.541,192.541
1895,TT2,BESTEFFORT,MISSED,m4-1,187.604,"{'m1-1': 2.114, 'm2-1': 1.845, 'm3-1': 3.626, 'm4-1': 0.911}",0.24450000000001637,192.541,inf,192.704,192.704,192.704
1896,TT1,BESTEFFORT,MISSED,m2-1,187.65,"{'m1-1': 2.467, 'm2-1': 1.844, 'm3-1': 4.165, 'm4-1': 0.843}",0.5760000000000218,192.458,inf,192.65,192.65,192.65
1897,TT1,BESTEFFORT,MISSED,m3-1,187.72,"{'m1-1': 1.913, 'm2-1': 1.931, 'm3-1': 4.993, 'm4-1': 0.856}",0.16019999999999754,192.631,inf,192.72,192.72,192.72
1898,TT4,BESTEFFORT,MISSED,m1-1,187.845,"{'m1-1': 1.812, 'm2-1': 1.554, 'm3-1': 3.87, 'm4-1': 0.77}",0.3920000000000073,192.6,inf,192.845,192.845,192.845
1899,TT4,BESTEFFORT,MISSED,m2-1,187.978,"{'m1-1': 2.176, 'm2-1': 1.526, 'm3-1': 3.722, 'm4-1': 0.903}",0.9840000000000089,192.65,inf,192.978,192.978,192.978
1900,TT4,BESTEFFORT,MISSED,m4-1,188.507,"{'m1-1': 2.074, 'm2-1': 1.748, 'm3-1': 4.739, 'm4-1': 0.828}",1.204499999999996,192.704,inf,193.507,193.507,193.507
1901,TT1,BESTEFFORT,MISSED,m1-1,188.715,"{'m1-1': 2.274, 'm2-1': 1.58, 'm3-1': 4.225, 'm4-1': 0.612}",1.3920000000000075,192.845,inf,193.715,193.715,193.715
1902,TT1,BESTEFFORT,MISSED,m2-1,188.839,"{'m1-1': 2.433, 'm2-1': 1.541, 'm3-1': 5.111, 'm4-1': 0.82}",2.58299999999997,192.978,inf,193.839,193.839,193.839
1903,TT2,BESTEFFORT,MISSED,m4-1,189.055,"{'m1-1': 2.469, 'm2-1': 1.544, 'm3-1': 3.75, 'm4-1': 1.017}",0.9719999999999942,193.507,inf,194.155,194.155,194.155
1904,TT4,BESTEFFORT,MISSED,m1-1,189.141,"{'m1-1': 2.245, 'm2-1': 1.843, 'm3-1': 4.255, 'm4-1': 0.932}",0.6815999999999804,193.715,inf,194.141,194.141,194.141
1905,TT3,BESTEFFORT,MISSED,m2-1,189.211,"{'m1-1': 2.311, 'm2-1': 1.316, 'm3-1': 5.107, 'm4-1': 0.72}",1.7160000000000082,193.839,inf,194.411,194.411,194.411
1906,TT4,BESTEFFORT,MISSED,m3-1,189.337,"{'m1-1': 2.258, 'm2-1': 1.756, 'm3-1': 4.384, 'm4-1': 0.882}",2.9105999999999823,192.72,inf,194.337,194.337,194.337
1907,TT4,BESTEFFORT,MISSED,m3-1,189.414,"{'m1-1': 1.957, 'm2-1': 1.429, 'm3-1': 3.663, 'm4-1': 0.79}",0.13859999999999673,194.337,inf,194.414,194.414,194.414
1908,TT1,BESTEFFORT,MISSED,m4-1,189.671,"{'m1-1': 2.521, 'm2-1': 1.774, 'm3-1': 4.081, 'm4-1': 0.635}",0.7739999999999867,194.155,inf,194.671,194.671,194.671
1909,TT4,BESTEFFORT,MISSED,m1-1,189.991,"{'m1-1': 1.986, 'm2-1': 1.766, 'm3-1': 4.913, 'm4-1': 0.957}",1.3600000000000365,194.141,inf,194.991,194.991,194.991
1910,TT2,BESTEFFORT,MISSED,m3-1,190.045,"{'m1-1': 2.625, 'm2-1': 2.12, 'm3-1': 3.954, 'm4-1': 0.844}",1.3157999999999903,194.414,inf,195.14499999999998,195.14499999999998,195.14499999999998
1911,TT4,BESTEFFORT,MISSED,m2-1,190.176,"{'m1-1': 1.774, 'm2-1': 1.703, 'm3-1': 5.025, 'm4-1': 1.01}",2.294999999999959,194.411,inf,195.176,195.176,195.176
1912,TT1,BESTEFFORT,MISSED,m4-1,190.186,"{'m1-1': 2.24, 'm2-1': 1.825, 'm3-1': 3.719, 'm4-1': 0.755}",0.7725000000000222,194.671,inf,195.186,195.186,195.186
1913,TT2,BESTEFFORT,MISSED,m2-1,190.249,"{'m1-1': 1.889, 'm2-1': 1.959, 'm3-1': 4.533, 'm4-1': 0.833}",0.5190000000000055,195.176,inf,195.349,195.349,195.349
1914,TT2,BESTEFFORT,MISSED,m4-1,190.253,"{'m1-1': 2.112, 'm2-1': 1.949, 'm3-1': 4.695, 'm4-1': 0.837}",0.25049999999995975,195.186,inf,195.35299999999998,195.35299999999998,195.35299999999998
1915,TT1,BESTEFFORT,MISSED,m3-1,190.306,"{'m1-1': 2.177, 'm2-1': 1.545, 'm3-1': 3.822, 'm4-1': 0.791}",0.2898000000000536,195.14499999999998,inf,195.306,195.306,195.306
1916,TT1,BESTEFFORT,MISSED,m1-1,190.318,"{'m1-1': 1.928, 'm2-1': 1.9, 'm3-1': 4.529, 'm4-1': 0.646}",0.5231999999999971,194.991,inf,195.318,195.318,195.318
1917,TT4,BESTEFFORT,MISSED,m1-1,190.397,"{'m1-1': 1.909, 'm2-1': 1.856, 'm3-1': 4.168, 'm4-1': 0.92}",0.1263999999999669,195.318,inf,195.397,195.397,195.397
1918,TT2,BESTEFFORT,MISSED,m2-1,190.418,"{'m1-1': 1.912, 'm2-1': 1.697, 'm3-1': 4.936, 'm4-1': 0.928}",0.5070000000000334,195.349,inf,195.518,195.518,195.518
1919,TT4,BESTEFFORT,MISSED,m1-1,190.634,"{'m1-1': 2.354, 'm2-1': 1.642, 'm3-1': 4.268, 'm4-1': 0.771}",0.37919999999999165,195.397,inf,195.634,195.634,195.634
1920,TT2,BESTEFFORT,MISSED,m3-1,190.709,"{'m1-1': 2.361, 'm2-1': 1.686, 'm3-1': 3.777, 'm4-1': 0.732}",0.9053999999999747,195.306,inf,195.809,195.809,195.809
1921,TT4,BESTEFFORT,MISSED,m4-1,190.806,"{'m1-1': 2.36, 'm2-1': 1.609, 'm3-1': 4.606, 'm4-1': 1.039}",0.6795000000000471,195.35299999999998,inf,195.806,195.806,195.806
1922,TT2,BESTEFFORT,MISSED,m2-1,190.827,"{'m1-1': 2.616, 'm2-1': 1.807, 'm3-1': 4.663, 'm4-1': 0.866}",1.2269999999999754,195.518,inf,195.927,195.927,195.927
1923,TT4,BESTEFFORT,MISSED,m3-1,191.112,"{'m1-1': 1.807, 'm2-1': 1.347, 'm3-1': 4.782, 'm4-1': 0.761}",0.5453999999999951,195.809,inf,196.112,196.112,196.112
1924,TT1,BESTEFFORT,MISSED,m4-1,191.208,"{'m1-1': 2.491, 'm2-1': 1.962, 'm3-1': 4.72, 'm4-1': 0.779}",0.6029999999999802,195.806,inf,196.208,196.208,196.208
1925,TT4,BESTEFFORT,MISSED,m1-1,191.3,"{'m1-1': 2.224, 'm2-1': 1.573, 'm3-1': 4.417, 'm4-1': 0.914}",1.0656000000000405,195.634,inf,196.3,196.3,196.3
1926,TT1,BESTEFFORT,MISSED,m3-1,191.306,"{'m1-1': 2.42, 'm2-1': 1.528, 'm3-1': 4.917, 'm4-1': 0.801}",0.3492000000000303,196.112,inf,196.306,196.306,196.306
1927,TT4,BESTEFFORT,MISSED,m2-1,191.349,"{'m1-1': 2.293, 'm2-1': 1.81, 'm3-1': 4.046, 'm4-1': 0.959}",1.2659999999999911,195.927,inf,196.349,196.349,196.349
1928,TT2,BESTEFFORT,MISSED,m3-1,191.41,"{'m1-1': 1.895, 'm2-1': 1.671, 'm3-1': 4.826, 'm4-1': 1.014}",0.3671999999999628,196.306,inf,196.51,196.51,196.51
1929,TT1,BESTEFFORT,MISSED,m4-1,191.411,"{'m1-1': 2.467, 'm2-1': 1.555, 'm3-1': 4.252, 'm4-1': 0.788}",0.30450000000000443,196.208,inf,196.411,196.411,196.411
1930,TT4,BESTEFFORT,MISSED,m1-1,191.515,"{'m1-1': 1.88, 'm2-1': 1.788, 'm3-1': 4.551, 'm4-1': 0.87}",0.34399999999996,196.3,inf,196.515,196.515,196.515
1931,TT1,BESTEFFORT,MISSED,m2-1,191.587,"{'m1-1': 2.192, 'm2-1': 1.761, 'm3-1': 4.746, 'm4-1': 0.677}",0.7139999999999986,196.349,inf,196.587,196.587,196.587
1932,TT1,BESTEFFORT,MISSED,m4-1,191.598,"{'m1-1': 2.45, 'm2-1': 1.948, 'm3-1': 4.172, 'm4-1': 0.66}",0.28050000000001774,196.411,inf,196.598,196.598,196.598
1933,TT4,BESTEFFORT,MISSED,m1-1,191.626,"{'m1-1': 2.235, 'm2-1': 1.404, 'm3-1': 3.656, 'm4-1': 0.879}",0.17760000000002948,196.515,inf,196.626,196.626,196.626
1934,TT2,BESTEFFORT,MISSED,m2-1,191.627,"{'m1-1': 2.361, 'm2-1': 1.554, 'm3-1': 5.119, 'm4-1': 0.881}",0.42000000000004434,196.587,inf,196.727,196.727,196.727
1935,TT2,BESTEFFORT,MISSED,m1-1,191.844,"{'m1-1': 2.427, 'm2-1': 1.983, 'm3-1': 4.142, 'm4-1': 0.998}",0.5087999999999738,196.626,inf,196.944,196.944,196.944
1936,TT2,BESTEFFORT,MISSED,m4-1,191.852,"{'m1-1': 2.55, 'm2-1': 2.138, 'm3-1': 3.756, 'm4-1': 0.795}",0.5309999999999775,196.598,inf,196.952,196.952,196.952
1937,TT2,BESTEFFORT,MISSED,m3-1,191.902,"{'m1-1': 2.241, 'm2-1': 1.588, 'm3-1': 4.285, 'm4-1': 0.733}",0.8855999999999824,196.51,inf,197.00199999999998,197.00199999999998,197.00199999999998
1938,TT4,BESTEFFORT,MISSED,m2-1,192.004,"{'m1-1': 1.754, 'm2-1': 1.742, 'm3-1': 4.29, 'm4-1': 0.89}",0.8309999999999604,196.727,inf,197.004,197.004,197.004
1939,TT4,BESTEFFORT,MISSED,m3-1,192.099,"{'m1-1': 1.937, 'm2-1': 1.413, 'm3-1': 4.773, 'm4-1': 0.81}",0.17460000000001516,197.00199999999998,inf,197.099,197.099,197.099
1940,TT4,BESTEFFORT,MISSED,m4-1,192.164,"{'m1-1': 2.107, 'm2-1': 1.578, 'm3-1': 4.222, 'm4-1': 0.863}",0.31799999999998363,196.952,inf,197.164,197.164,197.164
1941,TT4,BESTEFFORT,MISSED,m1-1,192.243,"{'m1-1': 2.105, 'm2-1': 1.852, 'm3-1': 4.195, 'm4-1': 1.06}",0.4784000000000106,196.944,inf,197.243,197.243,197.243
1942,TT4,BESTEFFORT,MISSED,m3-1,192.263,"{'m1-1': 2.399, 'm2-1': 1.703, 'm3-1': 4.14, 'm4-1': 1.051}",0.2952000000000283,197.099,inf,197.263,197.263,197.263
1943,TT2,BESTEFFORT,MISSED,m2-1,192.439,"{'m1-1': 2.601, 'm2-1': 1.692, 'm3-1': 4.268, 'm4-1': 1.016}",1.6049999999999898,197.004,inf,197.539,197.539,197.539
1944,TT2,BESTEFFORT,MISSED,m3-1,192.8,"{'m1-1': 2.589, 'm2-1': 1.545, 'm3-1': 4.408, 'm4-1': 0.896}",1.146600000000001,197.263,inf,197.9,197.9,197.9
1945,TT4,BESTEFFORT,MISSED,m4-1,192.826,"{'m1-1': 2.296, 'm2-1': 1.836, 'm3-1': 5.002, 'm4-1': 1.054}",0.9930000000000092,197.164,inf,197.826,197.826,197.826
1946,TT2,BESTEFFORT,MISSED,m1-1,193.244,"{'m1-1': 2.343, 'm2-1': 2.067, 'm3-1': 4.384, 'm4-1': 0.904}",1.7615999999999987,197.243,inf,198.344,198.344,198.344
1947,TT2,BESTEFFORT,MISSED,m2-1,193.553,"{'m1-1': 2.565, 'm2-1': 1.516, 'm3-1': 3.914, 'm4-1': 0.814}",3.342000000000013,197.539,inf,198.653,198.653,198.653
1948,TT4,BESTEFFORT,COMPLETED,m4-1,193.887,"{'m1-1': 2.367, 'm2-1': 1.652, 'm3-1': 4.813, 'm4-1': 0.928}",1.3920000000000001,197.826,198.754,inf,198.887,198.887
1949,TT4,BESTEFFORT,MISSED,m1-1,194.095,"{'m1-1': 1.742, 'm2-1': 1.648, 'm3-1': 4.565, 'm4-1': 0.946}",1.2016000000000078,198.344,inf,199.095,199.095,199.095
1950,TT2,BESTEFFORT,MISSED,m2-1,194.101,"{'m1-1': 1.964, 'm2-1': 1.776, 'm3-1': 4.999, 'm4-1': 0.917}",1.6440000000000055,198.653,inf,199.201,199.201,199.201
1951,TT4,BESTEFFORT,MISSED,m1-1,194.231,"{'m1-1': 2.076, 'm2-1': 1.38, 'm3-1': 4.896, 'm4-1': 0.983}",0.2175999999999931,199.095,inf,199.231,199.231,199.231
1952,TT2,BESTEFFORT,COMPLETED,m4-1,194.424,"{'m1-1': 2.577, 'm2-1': 1.839, 'm3-1': 3.847, 'm4-1': 0.734}",1.101,198.754,199.488,inf,199.524,199.524
1953,TT2,BESTEFFORT,MISSED,m3-1,194.575,"{'m1-1': 2.188, 'm2-1': 1.776, 'm3-1': 4.143, 'm4-1': 0.987}",3.194999999999959,197.9,inf,199.67499999999998,199.67499999999998,199.67499999999998
1954,TT2,BESTEFFORT,MISSED,m2-1,194.885,"{'m1-1': 2.093, 'm2-1': 1.776, 'm3-1': 3.869, 'm4-1': 0.954}",2.3519999999999754,199.201,inf,199.98499999999999,199.98499999999999,199.98499999999999
1955,TT2,BESTEFFORT,MISSED,m3-1,195.14,"{'m1-1': 2.636, 'm2-1': 1.673, 'm3-1': 4.392, 'm4-1': 0.859}",1.016999999999996,199.67499999999998,inf,200.23999999999998,200.23999999999998,200.23999999999998
1956,TT2,BESTEFFORT,COMPLETED,m4-1,195.564,"{'m1-1': 2.213, 'm2-1': 1.519, 'm3-1': 5.025, 'm4-1': 0.773}",1.1595,199.488,200.261,inf,200.664,200.664
1957,TT2,BESTEFFORT,MISSED,m1-1,196.16,"{'m1-1': 2.319, 'm2-1': 1.644, 'm3-1': 4.111, 'm4-1': 0.813}",3.246399999999994,199.231,inf,201.26,201.26,201.26
1958,TT2,BESTEFFORT,MISSED,m3-1,196.409,"{'m1-1': 2.277, 'm2-1': 1.654, 'm3-1': 3.812, 'm4-1': 0.775}",2.28420000000001,200.23999999999998,inf,201.509,201.509,201.509
1959,TT2,BESTEFFORT,COMPLETED,m2-1,196.75,"{'m1-1': 2.104, 'm2-1': 1.83, 'm3-1': 4.891, 'm4-1': 0.923}",5.49,199.98499999999999,201.815,inf,201.85,201.85
1960,TT2,BESTEFFORT,COMPLETED,m4-1,196.763,"{'m1-1': 2.32, 'm2-1': 2.122, 'm3-1': 4.49, 'm4-1': 0.96}",1.44,200.261,201.221,inf,201.863,201.863
1961,TT2,BESTEFFORT,MISSED,m3-1,196.895,"{'m1-1': 1.912, 'm2-1': 1.732, 'm3-1': 4.446, 'm4-1': 1.003}",0.8748000000000332,201.509,inf,201.995,201.995,201.995
1962,TT2,BESTEFFORT,MISSED,m1-1,197.042,"{'m1-1': 1.935, 'm2-1': 1.539, 'm3-1': 4.541, 'm4-1': 0.719}",1.411200000000008,201.26,inf,202.142,202.142,202.142
1963,TT2,BESTEFFORT,MISSED,m2-1,197.264,"{'m1-1': 2.312, 'm2-1': 1.532, 'm3-1': 4.817, 'm4-1': 0.983}",1.6470000000000198,201.815,inf,202.364,202.364,202.364
1964,TT2,BESTEFFORT,COMPLETED,m4-1,197.756,"{'m1-1': 2.39, 'm2-1': 1.626, 'm3-1': 3.835, 'm4-1': 0.933}",1.3995000000000002,201.221,202.154,inf,202.856,202.856
1965,TT2,BESTEFFORT,MISSED,m1-1,198.499,"{'m1-1': 2.059, 'm2-1': 1.621, 'm3-1': 4.821, 'm4-1': 1.017}",2.3311999999999897,202.142,inf,203.599,203.599,203.599
1966,TT2,BESTEFFORT,MISSED,m2-1,198.566,"{'m1-1': 2.238, 'm2-1': 1.726, 'm3-1': 3.789, 'm4-1': 0.774}",3.9059999999999775,202.364,inf,203.666,203.666,203.666
1967,TT2,BESTEFFORT,MISSED,m1-1,198.752,"{'m1-1': 2.386, 'm2-1': 1.916, 'm3-1': 3.652, 'm4-1': 0.794}",0.4048000000000229,203.599,inf,203.852,203.852,203.852
1968,TT2,BESTEFFORT,COMPLETED,m4-1,199.017,"{'m1-1': 2.467, 'm2-1': 1.974, 'm3-1': 3.983, 'm4-1': 0.797}",1.1955,202.154,202.951,inf,204.117,204.117
1969,TT2,BESTEFFORT,MISSED,m3-1,199.089,"{'m1-1': 2.23, 'm2-1': 2.033, 'm3-1': 4.06, 'm4-1': 0.981}",3.9491999999999794,201.995,inf,204.189,204.189,204.189
1970,TT2,BESTEFFORT,MISSED,m2-1,199.096,"{'m1-1': 2.481, 'm2-1': 2.057, 'm3-1': 4.359, 'm4-1': 0.83}",1.5900000000000034,203.666,inf,204.196,204.196,204.196
1971,TT2,BESTEFFORT,MISSED,m3-1,199.168,"{'m1-1': 2.104, 'm2-1': 1.858, 'm3-1': 4.286, 'm4-1': 0.989}",0.14220000000001393,204.189,inf,204.268,204.268,204.268
1972,TT2,BESTEFFORT,COMPLETED,m4-1,199.558,"{'m1-1': 2.443, 'm2-1': 1.655, 'm3-1': 3.893, 'm4-1': 0.952}",1.428,202.951,203.903,inf,204.658,204.658
1973,TT2,BESTEFFORT,COMPLETED,m4-1,199.832,"{'m1-1': 2.008, 'm2-1': 1.597, 'm3-1': 4.181, 'm4-1': 0.839}",1.2585,203.903,204.742,inf,204.932,204.932
1974,TT2,BESTEFFORT,MISSED,m1-1,200.219,"{'m1-1': 2.138, 'm2-1': 1.822, 'm3-1': 4.557, 'm4-1': 0.722}",2.3471999999999755,203.852,inf,205.319,205.319,205.319
1975,TT2,BESTEFFORT,MISSED,m3-1,200.33,"{'m1-1': 2.556, 'm2-1': 1.967, 'm3-1': 3.682, 'm4-1': 1.007}",2.0916000000000112,204.268,inf,205.43,205.43,205.43
1976,TT2,BESTEFFORT,MISSED,m2-1,200.449,"{'m1-1': 2.179, 'm2-1': 1.606, 'm3-1': 3.692, 'm4-1': 0.926}",4.059000000000026,204.196,inf,205.549,205.549,205.549
1977,TT2,BESTEFFORT,MISSED,m3-1,201.551,"{'m1-1': 2.295, 'm2-1': 1.686, 'm3-1': 5.097, 'm4-1': 0.797}",2.1977999999999556,205.43,inf,206.65099999999998,206.65099999999998,206.65099999999998
1978,TT2,BESTEFFORT,MISSED,m1-1,201.602,"{'m1-1': 2.547, 'm2-1': 1.543, 'm3-1': 5.05, 'm4-1': 0.862}",2.2128000000000156,205.319,inf,206.702,206.702,206.702
1979,TT2,BESTEFFORT,COMPLETED,m4-1,201.923,"{'m1-1': 2.646, 'm2-1': 1.824, 'm3-1': 4.325, 'm4-1': 0.956}",1.434,204.742,205.69799999999998,inf,207.023,207.023
1980,TT2,BESTEFFORT,COMPLETED,m2-1,202.554,"{'m1-1': 2.529, 'm2-1': 1.673, 'm3-1': 4.623, 'm4-1': 0.748}",5.019,205.549,207.222,inf,207.654,207.654
1981,TT2,BESTEFFORT,COMPLETED,m4-1,202.586,"{'m1-1': 2.222, 'm2-1': 1.576, 'm3-1': 4.782, 'm4-1': 0.94}",1.41,205.69799999999998,206.63799999999998,inf,207.686,207.686
1982,TT2,BESTEFFORT,MISSED,m1-1,203.471,"{'m1-1': 1.943, 'm2-1': 1.656, 'm3-1': 3.96, 'm4-1': 0.847}",2.9903999999999997,206.702,inf,208.571,208.571,208.571
1983,TT2,BESTEFFORT,COMPLETED,m4-1,205.056,"{'m1-1': 2.335, 'm2-1': 1.918, 'm3-1': 3.97, 'm4-1': 0.866}",1.299,206.63799999999998,207.504,inf,210.156,210.156
1984,TT2,BESTEFFORT,COMPLETED,m4-1,205.204,"{'m1-1': 1.982, 'm2-1': 1.861, 'm3-1': 4.144, 'm4-1': 0.74}",1.1099999999999999,207.504,208.244,inf,210.304,210.304
1985,TT2,BESTEFFORT,COMPLETED,m2-1,205.326,"{'m1-1': 2.378, 'm2-1': 2.046, 'm3-1': 4.586, 'm4-1': 1.005}",6.138,207.222,209.268,inf,210.426,210.426
1986,TT2,BESTEFFORT,COMPLETED,m4-1,205.722,"{'m1-1': 2.246, 'm2-1': 2.113, 'm3-1': 4.832, 'm4-1': 0.775}",1.1625,208.244,209.019,inf,210.822,210.822
1987,TT2,BESTEFFORT,MISSED,m3-1,206.62,"{'m1-1': 1.938, 'm2-1': 1.935, 'm3-1': 5.097, 'm4-1': 0.815}",9.12420000000003,206.65099999999998,inf,211.72,211.72,211.72
1988,TT2,BESTEFFORT,COMPLETED,m4-1,206.788,"{'m1-1': 2.348, 'm2-1': 1.63, 'm3-1': 4.2, 'm4-1': 0.904}",1.356,209.019,209.923,inf,211.888,211.888
1989,TT2,BESTEFFORT,COMPLETED,m2-1,206.881,"{'m1-1': 2.513, 'm2-1': 2.088, 'm3-1': 5.052, 'm4-1': 0.888}",6.264,209.268,211.356,inf,211.981,211.981
1990,TT2,BESTEFFORT,COMPLETED,m1-1,207.869,"{'m1-1': 2.207, 'm2-1': 1.527, 'm3-1': 4.727, 'm4-1': 0.797}",3.5312,208.571,210.778,inf,212.969,212.969
1991,TT2,BESTEFFORT,COMPLETED,m4-1,208.08,"{'m1-1': 2.016, 'm2-1': 1.829, 'm3-1': 4.178, 'm4-1': 0.808}",1.2120000000000002,209.923,210.731,inf,213.18,213.18
1992,TT2,BESTEFFORT,COMPLETED,m2-1,208.126,"{'m1-1': 2.264, 'm2-1': 1.585, 'm3-1': 5.098, 'm4-1': 0.873}",4.755,211.356,212.941,inf,213.226,213.226
1993,TT2,BESTEFFORT,COMPLETED,m4-1,208.474,"{'m1-1': 2.074, 'm2-1': 1.813, 'm3-1': 3.936, 'm4-1': 0.97}",1.455,210.731,211.701,inf,213.57399999999998,213.57399999999998
1994,TT2,BESTEFFORT,COMPLETED,m4-1,209.102,"{'m1-1': 2.408, 'm2-1': 1.625, 'm3-1': 3.894, 'm4-1': 1.008}",1.512,211.701,212.709,inf,214.202,214.202
1995,TT2,BESTEFFORT,COMPLETED,m1-1,209.292,"{'m1-1': 2.483, 'm2-1': 1.765, 'm3-1': 4.572, 'm4-1': 0.728}",3.9728000000000003,210.778,213.261,inf,214.392,214.392
1996,TT2,BESTEFFORT,MISSED,m2-1,209.447,"{'m1-1': 2.277, 'm2-1': 1.892, 'm3-1': 3.893, 'm4-1': 0.722}",4.817999999999984,212.941,inf,214.547,214.547,214.547
1997,TT2,BESTEFFORT,MISSED,m3-1,209.507,"{'m1-1': 2.341, 'm2-1': 1.966, 'm3-1': 3.954, 'm4-1': 0.961}",5.196600000000001,211.72,inf,214.607,214.607,214.607
1998,TT2,BESTEFFORT,MISSED,m1-1,209.642,"{'m1-1': 2.606, 'm2-1': 1.597, 'm3-1': 4.245, 'm4-1': 1.01}",2.3695999999999913,213.261,inf,214.742,214.742,214.742
1999,TT2,BESTEFFORT,MISSED,m2-1,209.696,"{'m1-1': 1.881, 'm2-1': 1.545, 'm3-1': 3.675, 'm4-1': 0.72}",0.7469999999999857,214.547,inf,214.796,214.796,214.796
