id,type,urgency,status,assigned_machine,arrival_time,execution_time,energy_usage,start_time,completion_time,missed_time,deadline,extended_deadline
0,T5,BESTEFFORT,COMPLETED,m2-1,1.286,"{'m1-1': 5.25, 'm2-1': 5.13, 'm3-1': 27.47, 'm4-1': 113.01, 'm5-1': 26.82, 'm6-1': 95.86, 'm7-1': 25.55, 'm8-1': 99.43}",7.695,1.286,6.416,inf,111.286,111.286
1,T4,BESTEFFORT,COMPLETED,m1-1,2.496,"{'m1-1': 4.83, 'm2-1': 4.79, 'm3-1': 28.76, 'm4-1': 111.53, 'm5-1': 23.8, 'm6-1': 110.19, 'm7-1': 27.63, 'm8-1': 107.79}",7.245,2.496,7.3260000000000005,inf,112.496,112.496
2,T6,BESTEFFORT,COMPLETED,m2-1,5.094,"{'m1-1': 4.8, 'm2-1': 5.23, 'm3-1': 27.5, 'm4-1': 103.98, 'm5-1': 27.97, 'm6-1': 97.3, 'm7-1': 27.0, 'm8-1': 105.93}",7.845000000000001,6.416,11.646,inf,115.094,115.094
3,T4,BESTEFFORT,COMPLETED,m1-1,5.259,"{'m1-1': 5.27, 'm2-1': 5.29, 'm3-1': 27.42, 'm4-1': 103.39, 'm5-1': 23.76, 'm6-1': 109.46, 'm7-1': 26.68, 'm8-1': 115.58}",7.904999999999999,7.3260000000000005,12.596,inf,115.259,115.259
4,T3,BESTEFFORT,COMPLETED,m2-1,6.215,"{'m1-1': 4.76, 'm2-1': 5.04, 'm3-1': 26.59, 'm4-1': 102.99, 'm5-1': 24.4, 'm6-1': 93.48, 'm7-1': 25.47, 'm8-1': 112.15}",7.5600000000000005,11.646,16.686,inf,116.215,116.215
5,T10,BESTEFFORT,COMPLETED,m1-1,7.124,"{'m1-1': 5.07, 'm2-1': 5.47, 'm3-1': 27.65, 'm4-1': 104.06, 'm5-1': 25.27, 'm6-1': 98.0, 'm7-1': 26.94, 'm8-1': 109.55}",7.605,12.596,17.666,inf,117.124,117.124
6,T5,BESTEFFORT,COMPLETED,m2-1,7.929,"{'m1-1': 5.0, 'm2-1': 4.99, 'm3-1': 24.96, 'm4-1': 103.18, 'm5-1': 27.0, 'm6-1': 107.43, 'm7-1': 27.05, 'm8-1': 108.64}",7.485,16.686,21.676000000000002,inf,117.929,117.929
7,T3,BESTEFFORT,COMPLETED,m1-1,8.6,"{'m1-1': 5.48, 'm2-1': 5.05, 'm3-1': 28.55, 'm4-1': 105.81, 'm5-1': 26.28, 'm6-1': 101.85, 'm7-1': 26.42, 'm8-1': 106.82}",8.22,17.666,23.146,inf,118.6,118.6
8,T6,BESTEFFORT,COMPLETED,m2-1,9.265,"{'m1-1': 4.84, 'm2-1': 5.31, 'm3-1': 26.51, 'm4-1': 104.31, 'm5-1': 25.64, 'm6-1': 102.97, 'm7-1': 26.85, 'm8-1': 97.82}",7.965,21.676000000000002,26.986,inf,119.265,119.265
9,T8,BESTEFFORT,COMPLETED,m1-1,11.812,"{'m1-1': 5.49, 'm2-1': 5.14, 'm3-1': 25.95, 'm4-1': 107.88, 'm5-1': 26.86, 'm6-1': 111.09, 'm7-1': 27.49, 'm8-1': 100.05}",8.235,23.146,28.636000000000003,inf,121.812,121.812
10,T9,BESTEFFORT,COMPLETED,m2-1,11.911,"{'m1-1': 5.53, 'm2-1': 5.23, 'm3-1': 29.09, 'm4-1': 112.0, 'm5-1': 27.28, 'm6-1': 112.81, 'm7-1': 28.85, 'm8-1': 92.69}",7.845000000000001,26.986,32.216,inf,121.911,121.911
11,T3,BESTEFFORT,COMPLETED,m5-1,12.282,"{'m1-1': 4.72, 'm2-1': 5.13, 'm3-1': 28.06, 'm4-1': 102.38, 'm5-1': 26.44, 'm6-1': 102.49, 'm7-1': 25.2, 'm8-1': 104.91}",39.660000000000004,12.282,38.722,inf,122.282,122.282
12,T4,BESTEFFORT,COMPLETED,m1-1,13.271,"{'m1-1': 4.72, 'm2-1': 5.04, 'm3-1': 26.37, 'm4-1': 103.88, 'm5-1': 23.87, 'm6-1': 94.56, 'm7-1': 26.54, 'm8-1': 111.92}",7.08,28.636000000000003,33.356,inf,123.271,123.271
13,T2,BESTEFFORT,COMPLETED,m3-1,14.929,"{'m1-1': 5.18, 'm2-1': 5.68, 'm3-1': 26.1, 'm4-1': 97.57, 'm5-1': 26.85, 'm6-1': 95.08, 'm7-1': 25.12, 'm8-1': 113.12}",39.150000000000006,14.929,41.029,inf,124.929,124.929
14,T10,BESTEFFORT,COMPLETED,m2-1,18.364,"{'m1-1': 5.39, 'm2-1': 5.82, 'm3-1': 25.87, 'm4-1': 104.31, 'm5-1': 25.26, 'm6-1': 106.5, 'm7-1': 26.65, 'm8-1': 102.06}",8.73,32.216,38.036,inf,128.364,128.364
15,T7,BESTEFFORT,COMPLETED,m1-1,18.38,"{'m1-1': 5.71, 'm2-1': 5.82, 'm3-1': 25.25, 'm4-1': 96.23, 'm5-1': 27.22, 'm6-1': 105.12, 'm7-1': 28.43, 'm8-1': 96.24}",8.565,33.356,39.066,inf,128.38,128.38
16,T10,BESTEFFORT,COMPLETED,m7-1,18.779,"{'m1-1': 5.36, 'm2-1': 5.73, 'm3-1': 27.56, 'm4-1': 107.23, 'm5-1': 27.82, 'm6-1': 104.73, 'm7-1': 26.31, 'm8-1': 111.04}",39.464999999999996,18.779,45.089,inf,128.779,128.779
17,T8,BESTEFFORT,COMPLETED,m5-1,20.415,"{'m1-1': 5.07, 'm2-1': 5.24, 'm3-1': 27.4, 'm4-1': 93.62, 'm5-1': 23.17, 'm6-1': 107.8, 'm7-1': 27.05, 'm8-1': 111.59}",34.755,38.722,61.892,inf,130.415,130.415
18,T5,BESTEFFORT,COMPLETED,m3-1,20.889,"{'m1-1': 4.72, 'm2-1': 5.36, 'm3-1': 28.38, 'm4-1': 107.24, 'm5-1': 23.48, 'm6-1': 105.8, 'm7-1': 26.37, 'm8-1': 98.77}",42.57,41.029,69.409,inf,130.889,130.889
19,T8,BESTEFFORT,COMPLETED,m7-1,21.243,"{'m1-1': 4.96, 'm2-1': 5.14, 'm3-1': 25.49, 'm4-1': 100.02, 'm5-1': 23.41, 'm6-1': 106.33, 'm7-1': 25.15, 'm8-1': 103.27}",37.724999999999994,45.089,70.239,inf,131.243,131.243
20,T3,BESTEFFORT,COMPLETED,m2-1,22.2,"{'m1-1': 4.92, 'm2-1': 5.55, 'm3-1': 27.3, 'm4-1': 100.56, 'm5-1': 24.22, 'm6-1': 96.47, 'm7-1': 25.2, 'm8-1': 99.92}",8.325,38.036,43.586,inf,132.2,132.2
21,T4,BESTEFFORT,COMPLETED,m5-1,22.524,"{'m1-1': 5.2, 'm2-1': 5.2, 'm3-1': 25.28, 'm4-1': 106.14, 'm5-1': 26.9, 'm6-1': 97.09, 'm7-1': 24.56, 'm8-1': 102.23}",40.349999999999994,61.892,88.792,inf,132.524,132.524
22,T10,BESTEFFORT,COMPLETED,m3-1,22.703,"{'m1-1': 5.42, 'm2-1': 5.89, 'm3-1': 29.04, 'm4-1': 99.13, 'm5-1': 28.66, 'm6-1': 98.04, 'm7-1': 26.75, 'm8-1': 105.46}",43.56,69.409,98.44900000000001,inf,132.703,132.703
23,T3,BESTEFFORT,COMPLETED,m7-1,22.924,"{'m1-1': 4.89, 'm2-1': 5.46, 'm3-1': 24.94, 'm4-1': 96.58, 'm5-1': 28.14, 'm6-1': 108.17, 'm7-1': 23.78, 'm8-1': 106.48}",35.67,70.239,94.019,inf,132.924,132.924
24,T10,BESTEFFORT,COMPLETED,m3-1,23.043,"{'m1-1': 5.06, 'm2-1': 5.44, 'm3-1': 28.77, 'm4-1': 98.24, 'm5-1': 26.76, 'm6-1': 105.8, 'm7-1': 24.53, 'm8-1': 106.06}",43.155,98.44900000000001,127.21900000000001,inf,133.043,133.043
25,T6,BESTEFFORT,COMPLETED,m1-1,24.687,"{'m1-1': 4.8, 'm2-1': 5.87, 'm3-1': 25.33, 'm4-1': 100.56, 'm5-1': 24.6, 'm6-1': 106.33, 'm7-1': 26.72, 'm8-1': 101.21}",7.199999999999999,39.066,43.866,inf,134.687,134.687
26,T2,BESTEFFORT,COMPLETED,m5-1,25.631,"{'m1-1': 5.36, 'm2-1': 5.34, 'm3-1': 25.66, 'm4-1': 106.55, 'm5-1': 25.7, 'm6-1': 105.61, 'm7-1': 27.9, 'm8-1': 106.48}",38.55,88.792,114.492,inf,135.631,135.631
27,T7,BESTEFFORT,COMPLETED,m7-1,25.971,"{'m1-1': 5.7, 'm2-1': 5.39, 'm3-1': 26.32, 'm4-1': 98.21, 'm5-1': 28.48, 'm6-1': 117.76, 'm7-1': 25.97, 'm8-1': 106.36}",38.955,94.019,119.989,inf,135.971,135.971
28,T3,BESTEFFORT,COMPLETED,m4-1,26.616,"{'m1-1': 5.08, 'm2-1': 5.49, 'm3-1': 25.89, 'm4-1': 105.2, 'm5-1': 26.76, 'm6-1': 103.4, 'm7-1': 26.57, 'm8-1': 102.5}",157.8,26.616,131.816,inf,136.61599999999999,136.61599999999999
29,T10,BESTEFFORT,COMPLETED,m2-1,27.496,"{'m1-1': 5.4, 'm2-1': 5.24, 'm3-1': 27.9, 'm4-1': 109.2, 'm5-1': 27.18, 'm6-1': 96.75, 'm7-1': 28.13, 'm8-1': 104.73}",7.86,43.586,48.826,inf,137.496,137.496
30,T5,BESTEFFORT,COMPLETED,m1-1,29.075,"{'m1-1': 5.43, 'm2-1': 4.91, 'm3-1': 27.6, 'm4-1': 117.44, 'm5-1': 25.48, 'm6-1': 98.02, 'm7-1': 26.4, 'm8-1': 104.07}",8.145,43.866,49.296,inf,139.075,139.075
31,T3,BESTEFFORT,COMPLETED,m6-1,30.149,"{'m1-1': 4.96, 'm2-1': 5.39, 'm3-1': 28.37, 'm4-1': 106.49, 'm5-1': 27.35, 'm6-1': 105.4, 'm7-1': 27.13, 'm8-1': 99.74}",158.10000000000002,30.149,135.549,inf,140.149,140.149
32,T10,BESTEFFORT,COMPLETED,m8-1,32.118,"{'m1-1': 5.23, 'm2-1': 5.58, 'm3-1': 27.29, 'm4-1': 106.18, 'm5-1': 27.82, 'm6-1': 98.02, 'm7-1': 28.06, 'm8-1': 108.05}",162.075,32.118,140.168,inf,142.118,142.118
33,T2,BESTEFFORT,MISSED,m4-1,32.184,"{'m1-1': 4.95, 'm2-1': 5.62, 'm3-1': 26.54, 'm4-1': 111.14, 'm5-1': 25.82, 'm6-1': 97.29, 'm7-1': 27.46, 'm8-1': 103.6}",15.551999999999992,131.816,inf,142.184,142.184,142.184
34,T2,BESTEFFORT,COMPLETED,m2-1,32.826,"{'m1-1': 4.96, 'm2-1': 5.56, 'm3-1': 25.53, 'm4-1': 107.98, 'm5-1': 24.82, 'm6-1': 101.33, 'm7-1': 28.58, 'm8-1': 111.92}",8.34,48.826,54.386,inf,142.826,142.826
35,T4,BESTEFFORT,COMPLETED,m1-1,33.702,"{'m1-1': 5.37, 'm2-1': 4.74, 'm3-1': 29.31, 'm4-1': 111.12, 'm5-1': 27.36, 'm6-1': 93.34, 'm7-1': 27.29, 'm8-1': 103.56}",8.055,49.296,54.666,inf,143.702,143.702
36,T2,BESTEFFORT,MISSED,m6-1,33.846,"{'m1-1': 5.2, 'm2-1': 5.85, 'm3-1': 27.38, 'm4-1': 102.58, 'm5-1': 27.36, 'm6-1': 98.64, 'm7-1': 28.76, 'm8-1': 97.45}",12.445499999999996,135.549,inf,143.846,143.846,143.846
37,T6,BESTEFFORT,MISSED,m6-1,34.388,"{'m1-1': 5.43, 'm2-1': 5.19, 'm3-1': 25.3, 'm4-1': 104.94, 'm5-1': 26.42, 'm6-1': 95.62, 'm7-1': 27.74, 'm8-1': 100.46}",0.8130000000000024,143.846,inf,144.388,144.388,144.388
38,T10,BESTEFFORT,MISSED,m6-1,34.516,"{'m1-1': 5.47, 'm2-1': 5.68, 'm3-1': 26.73, 'm4-1': 103.97, 'm5-1': 26.1, 'm6-1': 109.8, 'm7-1': 24.58, 'm8-1': 100.38}",0.19199999999997885,144.388,inf,144.516,144.516,144.516
39,T10,BESTEFFORT,MISSED,m4-1,37.741,"{'m1-1': 5.06, 'm2-1': 5.34, 'm3-1': 26.3, 'm4-1': 105.65, 'm5-1': 29.18, 'm6-1': 98.32, 'm7-1': 25.22, 'm8-1': 112.12}",8.335499999999982,142.184,inf,147.74099999999999,147.74099999999999,147.74099999999999
40,T2,BESTEFFORT,COMPLETED,m2-1,39.048,"{'m1-1': 5.12, 'm2-1': 5.38, 'm3-1': 25.79, 'm4-1': 114.29, 'm5-1': 25.56, 'm6-1': 109.66, 'm7-1': 24.53, 'm8-1': 95.51}",8.07,54.386,59.766000000000005,inf,149.048,149.048
41,T6,BESTEFFORT,COMPLETED,m1-1,39.689,"{'m1-1': 5.11, 'm2-1': 5.85, 'm3-1': 25.62, 'm4-1': 117.04, 'm5-1': 27.07, 'm6-1': 103.19, 'm7-1': 27.22, 'm8-1': 95.03}",7.665000000000001,54.666,59.775999999999996,inf,149.689,149.689
42,T1,BESTEFFORT,COMPLETED,m5-1,40.168,"{'m1-1': 5.5, 'm2-1': 5.17, 'm3-1': 24.94, 'm4-1': 109.29, 'm5-1': 24.6, 'm6-1': 99.31, 'm7-1': 25.5, 'm8-1': 106.7}",36.900000000000006,114.492,139.092,inf,150.168,150.168
43,T1,BESTEFFORT,MISSED,m3-1,42.593,"{'m1-1': 5.0, 'm2-1': 5.04, 'm3-1': 25.9, 'm4-1': 116.58, 'm5-1': 26.68, 'm6-1': 104.68, 'm7-1': 26.83, 'm8-1': 106.39}",38.061000000000014,127.21900000000001,inf,152.59300000000002,152.59300000000002,152.59300000000002
44,T6,BESTEFFORT,COMPLETED,m1-1,43.884,"{'m1-1': 5.18, 'm2-1': 5.75, 'm3-1': 27.41, 'm4-1': 113.59, 'm5-1': 24.94, 'm6-1': 93.96, 'm7-1': 24.54, 'm8-1': 100.07}",7.77,59.775999999999996,64.95599999999999,inf,153.88400000000001,153.88400000000001
45,T4,BESTEFFORT,COMPLETED,m2-1,44.478,"{'m1-1': 4.81, 'm2-1': 5.44, 'm3-1': 27.28, 'm4-1': 111.38, 'm5-1': 23.94, 'm6-1': 93.74, 'm7-1': 27.53, 'm8-1': 117.91}",8.16,59.766000000000005,65.206,inf,154.478,154.478
46,T4,BESTEFFORT,COMPLETED,m7-1,47.019,"{'m1-1': 4.88, 'm2-1': 5.54, 'm3-1': 25.4, 'm4-1': 109.0, 'm5-1': 26.98, 'm6-1': 106.76, 'm7-1': 27.75, 'm8-1': 108.68}",41.625,119.989,147.739,inf,157.019,157.019
47,T6,BESTEFFORT,MISSED,m8-1,47.747,"{'m1-1': 4.99, 'm2-1': 5.78, 'm3-1': 27.41, 'm4-1': 115.02, 'm5-1': 28.51, 'm6-1': 108.92, 'm7-1': 25.87, 'm8-1': 109.57}",26.36850000000001,140.168,inf,157.747,157.747,157.747
48,T2,BESTEFFORT,MISSED,m4-1,47.929,"{'m1-1': 5.2, 'm2-1': 5.32, 'm3-1': 25.11, 'm4-1': 112.84, 'm5-1': 24.28, 'm6-1': 97.4, 'm7-1': 28.91, 'm8-1': 96.43}",15.282000000000025,147.74099999999999,inf,157.929,157.929,157.929
49,T7,BESTEFFORT,MISSED,m8-1,48.039,"{'m1-1': 4.86, 'm2-1': 5.59, 'm3-1': 29.13, 'm4-1': 106.49, 'm5-1': 25.17, 'm6-1': 114.13, 'm7-1': 27.72, 'm8-1': 94.96}",0.43799999999995975,157.747,inf,158.039,158.039,158.039
50,T7,BESTEFFORT,MISSED,m8-1,48.793,"{'m1-1': 5.08, 'm2-1': 5.32, 'm3-1': 28.74, 'm4-1': 96.02, 'm5-1': 27.04, 'm6-1': 100.71, 'm7-1': 28.62, 'm8-1': 95.46}",1.1310000000000286,158.039,inf,158.793,158.793,158.793
51,T4,BESTEFFORT,COMPLETED,m1-1,50.426,"{'m1-1': 4.77, 'm2-1': 5.02, 'm3-1': 24.97, 'm4-1': 105.71, 'm5-1': 23.99, 'm6-1': 110.28, 'm7-1': 27.64, 'm8-1': 105.27}",7.154999999999999,64.95599999999999,69.72599999999998,inf,160.426,160.426
52,T9,BESTEFFORT,COMPLETED,m2-1,50.715,"{'m1-1': 5.68, 'm2-1': 5.4, 'm3-1': 28.6, 'm4-1': 104.18, 'm5-1': 26.28, 'm6-1': 101.48, 'm7-1': 26.68, 'm8-1': 95.31}",8.100000000000001,65.206,70.60600000000001,inf,160.715,160.715
53,T5,BESTEFFORT,COMPLETED,m2-1,51.245,"{'m1-1': 5.45, 'm2-1': 4.86, 'm3-1': 26.79, 'm4-1': 107.93, 'm5-1': 25.01, 'm6-1': 93.55, 'm7-1': 25.82, 'm8-1': 101.09}",7.290000000000001,70.60600000000001,75.46600000000001,inf,161.245,161.245
54,T8,BESTEFFORT,COMPLETED,m1-1,52.839,"{'m1-1': 5.2, 'm2-1': 5.02, 'm3-1': 28.14, 'm4-1': 102.42, 'm5-1': 24.3, 'm6-1': 110.91, 'm7-1': 25.42, 'm8-1': 114.71}",7.800000000000001,69.72599999999998,74.92599999999999,inf,162.839,162.839
55,T7,BESTEFFORT,COMPLETED,m2-1,55.855,"{'m1-1': 4.96, 'm2-1': 5.39, 'm3-1': 24.99, 'm4-1': 93.83, 'm5-1': 28.64, 'm6-1': 100.12, 'm7-1': 29.74, 'm8-1': 93.86}",8.084999999999999,75.46600000000001,80.85600000000001,inf,165.855,165.855
56,T8,BESTEFFORT,COMPLETED,m5-1,57.483,"{'m1-1': 5.86, 'm2-1': 5.56, 'm3-1': 27.44, 'm4-1': 101.33, 'm5-1': 25.06, 'm6-1': 102.42, 'm7-1': 26.82, 'm8-1': 111.38}",37.589999999999996,139.092,164.15200000000002,inf,167.483,167.483
57,T8,BESTEFFORT,COMPLETED,m1-1,57.571,"{'m1-1': 5.11, 'm2-1': 5.16, 'm3-1': 28.41, 'm4-1': 107.76, 'm5-1': 24.9, 'm6-1': 103.49, 'm7-1': 27.37, 'm8-1': 114.06}",7.665000000000001,74.92599999999999,80.03599999999999,inf,167.571,167.571
58,T5,BESTEFFORT,COMPLETED,m2-1,59.079,"{'m1-1': 5.15, 'm2-1': 5.45, 'm3-1': 27.3, 'm4-1': 114.79, 'm5-1': 26.24, 'm6-1': 101.78, 'm7-1': 24.23, 'm8-1': 95.68}",8.175,80.85600000000001,86.30600000000001,inf,169.079,169.079
59,T8,BESTEFFORT,COMPLETED,m1-1,59.553,"{'m1-1': 5.45, 'm2-1': 5.87, 'm3-1': 27.82, 'm4-1': 99.65, 'm5-1': 27.0, 'm6-1': 100.76, 'm7-1': 27.7, 'm8-1': 101.22}",8.175,80.03599999999999,85.48599999999999,inf,169.553,169.553
60,T5,BESTEFFORT,COMPLETED,m1-1,60.521,"{'m1-1': 4.79, 'm2-1': 5.1, 'm3-1': 26.18, 'm4-1': 102.7, 'm5-1': 26.46, 'm6-1': 107.52, 'm7-1': 25.87, 'm8-1': 96.23}",7.1850000000000005,85.48599999999999,90.276,inf,170.52100000000002,170.52100000000002
61,T9,BESTEFFORT,COMPLETED,m2-1,62.385,"{'m1-1': 5.69, 'm2-1': 5.14, 'm3-1': 24.93, 'm4-1': 110.85, 'm5-1': 28.39, 'm6-1': 113.82, 'm7-1': 29.3, 'm8-1': 96.85}",7.709999999999999,86.30600000000001,91.44600000000001,inf,172.385,172.385
62,T5,BESTEFFORT,COMPLETED,m1-1,63.171,"{'m1-1': 4.99, 'm2-1': 5.18, 'm3-1': 27.32, 'm4-1': 116.38, 'm5-1': 26.71, 'm6-1': 106.73, 'm7-1': 28.58, 'm8-1': 107.08}",7.485,90.276,95.26599999999999,inf,173.171,173.171
63,T6,BESTEFFORT,MISSED,m3-1,63.267,"{'m1-1': 5.31, 'm2-1': 5.03, 'm3-1': 27.45, 'm4-1': 110.86, 'm5-1': 24.44, 'm6-1': 99.7, 'm7-1': 28.26, 'm8-1': 99.54}",31.010999999999967,152.59300000000002,inf,173.267,173.267,173.267
64,T6,BESTEFFORT,COMPLETED,m2-1,63.793,"{'m1-1': 5.47, 'm2-1': 5.44, 'm3-1': 24.57, 'm4-1': 102.35, 'm5-1': 24.18, 'm6-1': 100.1, 'm7-1': 26.38, 'm8-1': 101.86}",8.16,91.44600000000001,96.88600000000001,inf,173.793,173.793
65,T3,BESTEFFORT,COMPLETED,m1-1,64.004,"{'m1-1': 5.54, 'm2-1': 5.53, 'm3-1': 26.82, 'm4-1': 105.37, 'm5-1': 27.14, 'm6-1': 98.52, 'm7-1': 27.06, 'm8-1': 105.43}",8.31,95.26599999999999,100.806,inf,174.00400000000002,174.00400000000002
66,T6,BESTEFFORT,MISSED,m7-1,64.878,"{'m1-1': 5.04, 'm2-1': 5.37, 'm3-1': 24.59, 'm4-1': 112.48, 'm5-1': 24.31, 'm6-1': 106.48, 'm7-1': 28.53, 'm8-1': 97.49}",40.70849999999997,147.739,inf,174.878,174.878,174.878
67,T6,BESTEFFORT,COMPLETED,m2-1,65.809,"{'m1-1': 4.77, 'm2-1': 5.16, 'm3-1': 24.71, 'm4-1': 114.82, 'm5-1': 26.06, 'm6-1': 100.47, 'm7-1': 27.22, 'm8-1': 110.5}",7.74,96.88600000000001,102.046,inf,175.809,175.809
68,T2,BESTEFFORT,COMPLETED,m1-1,66.856,"{'m1-1': 5.41, 'm2-1': 5.11, 'm3-1': 24.07, 'm4-1': 104.19, 'm5-1': 26.98, 'm6-1': 101.81, 'm7-1': 27.67, 'm8-1': 105.32}",8.115,100.806,106.216,inf,176.856,176.856
69,T1,BESTEFFORT,COMPLETED,m1-1,67.517,"{'m1-1': 4.91, 'm2-1': 5.24, 'm3-1': 25.87, 'm4-1': 110.32, 'm5-1': 26.6, 'm6-1': 102.46, 'm7-1': 27.87, 'm8-1': 107.48}",7.365,106.216,111.12599999999999,inf,177.517,177.517
70,T10,BESTEFFORT,COMPLETED,m2-1,67.699,"{'m1-1': 4.81, 'm2-1': 5.72, 'm3-1': 27.58, 'm4-1': 108.91, 'm5-1': 29.2, 'm6-1': 105.53, 'm7-1': 24.01, 'm8-1': 101.17}",8.58,102.046,107.766,inf,177.699,177.699
71,T1,BESTEFFORT,COMPLETED,m2-1,68.021,"{'m1-1': 5.04, 'm2-1': 5.59, 'm3-1': 24.18, 'm4-1': 116.27, 'm5-1': 27.61, 'm6-1': 111.22, 'm7-1': 27.13, 'm8-1': 104.77}",8.385,107.766,113.35600000000001,inf,178.02100000000002,178.02100000000002
72,T7,BESTEFFORT,COMPLETED,m1-1,68.321,"{'m1-1': 5.71, 'm2-1': 5.55, 'm3-1': 26.05, 'm4-1': 96.35, 'm5-1': 26.91, 'm6-1': 111.23, 'm7-1': 27.53, 'm8-1': 97.86}",8.565,111.12599999999999,116.83599999999998,inf,178.321,178.321
73,T8,BESTEFFORT,COMPLETED,m2-1,70.212,"{'m1-1': 5.21, 'm2-1': 5.43, 'm3-1': 26.22, 'm4-1': 108.5, 'm5-1': 24.05, 'm6-1': 109.61, 'm7-1': 27.53, 'm8-1': 109.5}",8.145,113.35600000000001,118.786,inf,180.212,180.212
74,T9,BESTEFFORT,COMPLETED,m1-1,70.236,"{'m1-1': 4.91, 'm2-1': 4.73, 'm3-1': 28.92, 'm4-1': 100.66, 'm5-1': 26.04, 'm6-1': 115.77, 'm7-1': 26.81, 'm8-1': 92.97}",7.365,116.83599999999998,121.74599999999998,inf,180.236,180.236
75,T6,BESTEFFORT,COMPLETED,m2-1,70.597,"{'m1-1': 5.23, 'm2-1': 5.95, 'm3-1': 29.0, 'm4-1': 107.47, 'm5-1': 28.51, 'm6-1': 92.93, 'm7-1': 26.98, 'm8-1': 93.66}",8.925,118.786,124.736,inf,180.59699999999998,180.59699999999998
76,T4,BESTEFFORT,COMPLETED,m1-1,70.78,"{'m1-1': 5.44, 'm2-1': 4.92, 'm3-1': 26.88, 'm4-1': 101.96, 'm5-1': 25.66, 'm6-1': 103.38, 'm7-1': 23.78, 'm8-1': 109.66}",8.16,121.74599999999998,127.18599999999998,inf,180.78,180.78
77,T2,BESTEFFORT,COMPLETED,m2-1,70.988,"{'m1-1': 5.25, 'm2-1': 5.38, 'm3-1': 27.18, 'm4-1': 110.39, 'm5-1': 26.84, 'm6-1': 95.07, 'm7-1': 24.74, 'm8-1': 111.89}",8.07,124.736,130.116,inf,180.988,180.988
78,T3,BESTEFFORT,COMPLETED,m1-1,74.223,"{'m1-1': 5.47, 'm2-1': 5.18, 'm3-1': 27.89, 'm4-1': 97.79, 'm5-1': 27.92, 'm6-1': 92.21, 'm7-1': 25.62, 'm8-1': 104.91}",8.205,127.18599999999998,132.65599999999998,inf,184.223,184.223
79,T6,BESTEFFORT,COMPLETED,m2-1,77.994,"{'m1-1': 5.5, 'm2-1': 5.17, 'm3-1': 25.58, 'm4-1': 103.78, 'm5-1': 26.43, 'm6-1': 94.69, 'm7-1': 24.66, 'm8-1': 110.16}",7.755,130.116,135.286,inf,187.994,187.994
80,T2,BESTEFFORT,COMPLETED,m1-1,80.294,"{'m1-1': 5.44, 'm2-1': 5.79, 'm3-1': 25.35, 'm4-1': 112.25, 'm5-1': 26.12, 'm6-1': 99.3, 'm7-1': 25.68, 'm8-1': 108.05}",8.16,132.65599999999998,138.09599999999998,inf,190.29399999999998,190.29399999999998
81,T8,BESTEFFORT,COMPLETED,m2-1,80.539,"{'m1-1': 5.27, 'm2-1': 5.64, 'm3-1': 24.62, 'm4-1': 104.76, 'm5-1': 24.42, 'm6-1': 102.51, 'm7-1': 27.62, 'm8-1': 106.81}",8.459999999999999,135.286,140.926,inf,190.539,190.539
82,T1,BESTEFFORT,COMPLETED,m5-1,82.809,"{'m1-1': 5.17, 'm2-1': 5.82, 'm3-1': 27.14, 'm4-1': 106.8, 'm5-1': 25.1, 'm6-1': 103.52, 'm7-1': 26.93, 'm8-1': 103.74}",37.650000000000006,164.15200000000002,189.252,inf,192.809,192.809
83,T7,BESTEFFORT,COMPLETED,m1-1,83.719,"{'m1-1': 5.2, 'm2-1': 5.39, 'm3-1': 26.16, 'm4-1': 110.4, 'm5-1': 25.68, 'm6-1': 101.56, 'm7-1': 25.97, 'm8-1': 105.28}",7.800000000000001,138.09599999999998,143.29599999999996,inf,193.719,193.719
84,T10,BESTEFFORT,COMPLETED,m2-1,84.279,"{'m1-1': 5.26, 'm2-1': 5.31, 'm3-1': 25.34, 'm4-1': 107.76, 'm5-1': 26.31, 'm6-1': 112.35, 'm7-1': 27.51, 'm8-1': 108.98}",7.965,140.926,146.236,inf,194.279,194.279
85,T6,BESTEFFORT,COMPLETED,m1-1,86.049,"{'m1-1': 5.07, 'm2-1': 5.09, 'm3-1': 26.88, 'm4-1': 103.33, 'm5-1': 25.07, 'm6-1': 96.84, 'm7-1': 28.39, 'm8-1': 94.06}",7.605,143.29599999999996,148.36599999999996,inf,196.049,196.049
86,T6,BESTEFFORT,COMPLETED,m2-1,87.291,"{'m1-1': 5.08, 'm2-1': 5.4, 'm3-1': 27.3, 'm4-1': 110.38, 'm5-1': 24.19, 'm6-1': 109.04, 'm7-1': 26.55, 'm8-1': 94.25}",8.100000000000001,146.236,151.636,inf,197.291,197.291
87,T2,BESTEFFORT,COMPLETED,m1-1,87.735,"{'m1-1': 5.43, 'm2-1': 5.05, 'm3-1': 24.82, 'm4-1': 112.29, 'm5-1': 26.92, 'm6-1': 102.73, 'm7-1': 25.97, 'm8-1': 95.53}",8.145,148.36599999999996,153.79599999999996,inf,197.735,197.735
88,T4,BESTEFFORT,COMPLETED,m2-1,88.433,"{'m1-1': 5.33, 'm2-1': 5.13, 'm3-1': 28.26, 'm4-1': 103.8, 'm5-1': 23.76, 'm6-1': 106.14, 'm7-1': 27.5, 'm8-1': 115.26}",7.695,151.636,156.766,inf,198.433,198.433
89,T6,BESTEFFORT,MISSED,m4-1,89.872,"{'m1-1': 5.35, 'm2-1': 5.32, 'm3-1': 24.96, 'm4-1': 106.79, 'm5-1': 26.18, 'm6-1': 104.92, 'm7-1': 26.08, 'm8-1': 93.41}",62.91450000000002,157.929,inf,199.872,199.872,199.872
90,T5,BESTEFFORT,MISSED,m7-1,91.413,"{'m1-1': 5.5, 'm2-1': 4.77, 'm3-1': 26.98, 'm4-1': 116.45, 'm5-1': 23.44, 'm6-1': 96.36, 'm7-1': 27.49, 'm8-1': 98.27}",39.80250000000004,174.878,inf,201.413,201.413,201.413
91,T2,BESTEFFORT,COMPLETED,m1-1,93.061,"{'m1-1': 4.66, 'm2-1': 5.06, 'm3-1': 25.71, 'm4-1': 105.51, 'm5-1': 23.73, 'm6-1': 105.84, 'm7-1': 27.77, 'm8-1': 101.81}",6.99,153.79599999999996,158.45599999999996,inf,203.061,203.061
92,T5,BESTEFFORT,COMPLETED,m3-1,93.218,"{'m1-1': 5.34, 'm2-1': 5.47, 'm3-1': 25.7, 'm4-1': 111.02, 'm5-1': 24.64, 'm6-1': 104.65, 'm7-1': 26.7, 'm8-1': 96.87}",38.55,173.267,198.96699999999998,inf,203.21800000000002,203.21800000000002
93,T1,BESTEFFORT,COMPLETED,m2-1,94.134,"{'m1-1': 5.2, 'm2-1': 5.8, 'm3-1': 25.34, 'm4-1': 106.69, 'm5-1': 23.94, 'm6-1': 110.47, 'm7-1': 27.84, 'm8-1': 96.58}",8.7,156.766,162.566,inf,204.13400000000001,204.13400000000001
94,T2,BESTEFFORT,MISSED,m4-1,95.75,"{'m1-1': 5.37, 'm2-1': 5.37, 'm3-1': 25.53, 'm4-1': 107.35, 'm5-1': 23.9, 'm6-1': 108.31, 'm7-1': 25.68, 'm8-1': 101.22}",8.816999999999979,199.872,inf,205.75,205.75,205.75
95,T5,BESTEFFORT,MISSED,m8-1,95.809,"{'m1-1': 5.3, 'm2-1': 4.85, 'm3-1': 26.85, 'm4-1': 115.48, 'm5-1': 26.44, 'm6-1': 93.97, 'm7-1': 27.25, 'm8-1': 104.57}",70.52399999999999,158.793,inf,205.809,205.809,205.809
96,T8,BESTEFFORT,COMPLETED,m1-1,96.443,"{'m1-1': 5.55, 'm2-1': 5.02, 'm3-1': 28.12, 'm4-1': 108.72, 'm5-1': 24.94, 'm6-1': 112.59, 'm7-1': 28.43, 'm8-1': 102.18}",8.325,158.45599999999996,164.00599999999997,inf,206.44299999999998,206.44299999999998
97,T8,BESTEFFORT,COMPLETED,m2-1,97.785,"{'m1-1': 5.39, 'm2-1': 5.76, 'm3-1': 24.94, 'm4-1': 97.37, 'm5-1': 23.71, 'm6-1': 108.35, 'm7-1': 26.37, 'm8-1': 100.19}",8.64,162.566,168.326,inf,207.785,207.785
98,T2,BESTEFFORT,MISSED,m6-1,100.035,"{'m1-1': 5.4, 'm2-1': 5.24, 'm3-1': 23.31, 'm4-1': 102.89, 'm5-1': 25.41, 'm6-1': 101.14, 'm7-1': 27.12, 'm8-1': 106.48}",0.0,241.156,inf,241.156,210.035,210.035
99,T4,BESTEFFORT,COMPLETED,m1-1,101.891,"{'m1-1': 5.02, 'm2-1': 4.73, 'm3-1': 27.12, 'm4-1': 100.22, 'm5-1': 27.18, 'm6-1': 95.56, 'm7-1': 25.59, 'm8-1': 107.9}",7.529999999999999,164.00599999999997,169.02599999999998,inf,211.89100000000002,211.89100000000002
100,T2,BESTEFFORT,COMPLETED,m2-1,102.423,"{'m1-1': 5.1, 'm2-1': 5.26, 'm3-1': 25.51, 'm4-1': 101.59, 'm5-1': 27.49, 'm6-1': 103.09, 'm7-1': 28.72, 'm8-1': 99.35}",7.89,168.326,173.58599999999998,inf,212.423,212.423
101,T8,BESTEFFORT,MISSED,m6-1,103.782,"{'m1-1': 5.51, 'm2-1': 5.56, 'm3-1': 24.97, 'm4-1': 105.86, 'm5-1': 26.37, 'm6-1': 115.27, 'm7-1': 27.6, 'm8-1': 108.22}",0.0,241.156,inf,241.156,213.78199999999998,213.78199999999998
102,T8,BESTEFFORT,MISSED,m6-1,104.079,"{'m1-1': 4.98, 'm2-1': 5.38, 'm3-1': 24.98, 'm4-1': 110.75, 'm5-1': 26.2, 'm6-1': 100.14, 'm7-1': 26.24, 'm8-1': 105.34}",0.0,241.156,inf,241.156,214.079,214.079
103,T7,BESTEFFORT,COMPLETED,m1-1,104.157,"{'m1-1': 5.66, 'm2-1': 5.92, 'm3-1': 28.58, 'm4-1': 97.28, 'm5-1': 24.93, 'm6-1': 109.85, 'm7-1': 26.85, 'm8-1': 105.49}",8.49,169.02599999999998,174.68599999999998,inf,214.15699999999998,214.15699999999998
104,T8,BESTEFFORT,COMPLETED,m2-1,104.174,"{'m1-1': 5.17, 'm2-1': 5.89, 'm3-1': 28.56, 'm4-1': 109.99, 'm5-1': 26.07, 'm6-1': 97.6, 'm7-1': 25.11, 'm8-1': 101.91}",8.834999999999999,173.58599999999998,179.47599999999997,inf,214.174,214.174
105,T4,BESTEFFORT,MISSED,m8-1,104.616,"{'m1-1': 4.86, 'm2-1': 4.91, 'm3-1': 25.5, 'm4-1': 102.0, 'm5-1': 24.89, 'm6-1': 98.98, 'm7-1': 26.82, 'm8-1': 102.93}",0.0,214.71699999999998,inf,214.71699999999998,214.61599999999999,214.61599999999999
106,T4,BESTEFFORT,MISSED,m8-1,104.717,"{'m1-1': 5.31, 'm2-1': 5.54, 'm3-1': 25.0, 'm4-1': 99.83, 'm5-1': 25.11, 'm6-1': 93.14, 'm7-1': 25.81, 'm8-1': 106.69}",13.36199999999998,205.809,inf,214.71699999999998,214.71699999999998,214.71699999999998
107,T6,BESTEFFORT,MISSED,m4-1,106.268,"{'m1-1': 4.69, 'm2-1': 5.89, 'm3-1': 29.08, 'm4-1': 105.56, 'm5-1': 24.35, 'm6-1': 94.95, 'm7-1': 27.94, 'm8-1': 103.82}",15.777000000000001,205.75,inf,216.268,216.268,216.268
108,T2,BESTEFFORT,MISSED,m4-1,106.7,"{'m1-1': 5.44, 'm2-1': 5.46, 'm3-1': 26.98, 'm4-1': 102.53, 'm5-1': 27.39, 'm6-1': 99.19, 'm7-1': 25.84, 'm8-1': 99.0}",0.6479999999999819,216.268,inf,216.7,216.7,216.7
109,T3,BESTEFFORT,COMPLETED,m5-1,107.984,"{'m1-1': 5.24, 'm2-1': 5.88, 'm3-1': 26.98, 'm4-1': 93.89, 'm5-1': 27.3, 'm6-1': 98.85, 'm7-1': 23.1, 'm8-1': 108.0}",40.95,189.252,216.55200000000002,inf,217.98399999999998,217.98399999999998
110,T9,BESTEFFORT,COMPLETED,m2-1,110.543,"{'m1-1': 4.89, 'm2-1': 5.1, 'm3-1': 26.59, 'm4-1': 110.81, 'm5-1': 24.95, 'm6-1': 98.45, 'm7-1': 28.52, 'm8-1': 99.72}",7.6499999999999995,179.47599999999997,184.57599999999996,inf,220.543,220.543
111,T7,BESTEFFORT,COMPLETED,m1-1,110.725,"{'m1-1': 5.5, 'm2-1': 5.37, 'm3-1': 28.78, 'm4-1': 96.42, 'm5-1': 27.82, 'm6-1': 116.39, 'm7-1': 25.36, 'm8-1': 106.08}",8.25,174.68599999999998,180.18599999999998,inf,220.725,220.725
112,T9,BESTEFFORT,MISSED,m8-1,112.326,"{'m1-1': 5.14, 'm2-1': 5.54, 'm3-1': 25.14, 'm4-1': 96.99, 'm5-1': 27.56, 'm6-1': 106.09, 'm7-1': 25.01, 'm8-1': 96.72}",11.413500000000013,214.71699999999998,inf,222.326,222.326,222.326
113,T1,BESTEFFORT,COMPLETED,m1-1,114.501,"{'m1-1': 5.53, 'm2-1': 5.31, 'm3-1': 23.73, 'm4-1': 113.69, 'm5-1': 26.63, 'm6-1': 107.11, 'm7-1': 28.44, 'm8-1': 107.35}",8.295,180.18599999999998,185.71599999999998,inf,224.501,224.501
114,T3,BESTEFFORT,MISSED,m7-1,115.374,"{'m1-1': 5.34, 'm2-1': 5.14, 'm3-1': 24.35, 'm4-1': 106.52, 'm5-1': 26.91, 'm6-1': 97.13, 'm7-1': 24.63, 'm8-1': 101.59}",35.94149999999998,201.413,inf,225.374,225.374,225.374
115,T5,BESTEFFORT,COMPLETED,m2-1,117.545,"{'m1-1': 5.39, 'm2-1': 5.31, 'm3-1': 29.38, 'm4-1': 117.33, 'm5-1': 24.01, 'm6-1': 100.54, 'm7-1': 24.64, 'm8-1': 102.53}",7.965,184.57599999999996,189.88599999999997,inf,227.54500000000002,227.54500000000002
116,T2,BESTEFFORT,COMPLETED,m3-1,118.41,"{'m1-1': 5.32, 'm2-1': 5.61, 'm3-1': 26.7, 'm4-1': 113.32, 'm5-1': 27.5, 'm6-1': 98.01, 'm7-1': 26.93, 'm8-1': 97.34}",40.05,198.96699999999998,225.66699999999997,inf,228.41,228.41
117,T6,BESTEFFORT,COMPLETED,m2-1,119.864,"{'m1-1': 4.66, 'm2-1': 5.55, 'm3-1': 26.38, 'm4-1': 114.54, 'm5-1': 25.14, 'm6-1': 107.63, 'm7-1': 25.5, 'm8-1': 100.22}",8.325,189.88599999999997,195.43599999999998,inf,229.864,229.864
118,T6,BESTEFFORT,COMPLETED,m1-1,120.307,"{'m1-1': 4.91, 'm2-1': 5.04, 'm3-1': 27.53, 'm4-1': 105.23, 'm5-1': 28.28, 'm6-1': 109.44, 'm7-1': 28.88, 'm8-1': 96.57}",7.365,185.71599999999998,190.62599999999998,inf,230.30700000000002,230.30700000000002
119,T3,BESTEFFORT,COMPLETED,m1-1,120.963,"{'m1-1': 4.84, 'm2-1': 5.44, 'm3-1': 24.94, 'm4-1': 109.19, 'm5-1': 25.47, 'm6-1': 93.76, 'm7-1': 23.35, 'm8-1': 115.82}",7.26,190.62599999999998,195.46599999999998,inf,230.963,230.963
120,T6,BESTEFFORT,COMPLETED,m2-1,122.231,"{'m1-1': 5.17, 'm2-1': 5.76, 'm3-1': 27.76, 'm4-1': 113.04, 'm5-1': 26.42, 'm6-1': 100.22, 'm7-1': 24.82, 'm8-1': 95.06}",8.64,195.43599999999998,201.19599999999997,inf,232.231,232.231
121,T9,BESTEFFORT,COMPLETED,m1-1,122.338,"{'m1-1': 4.84, 'm2-1': 5.38, 'm3-1': 27.52, 'm4-1': 109.9, 'm5-1': 26.0, 'm6-1': 110.72, 'm7-1': 25.35, 'm8-1': 96.56}",7.26,195.46599999999998,200.30599999999998,inf,232.338,232.338
122,T1,BESTEFFORT,COMPLETED,m2-1,123.435,"{'m1-1': 5.57, 'm2-1': 5.37, 'm3-1': 23.93, 'm4-1': 109.78, 'm5-1': 25.6, 'm6-1': 112.12, 'm7-1': 25.78, 'm8-1': 103.91}",8.055,201.19599999999997,206.56599999999997,inf,233.435,233.435
123,T4,BESTEFFORT,COMPLETED,m1-1,124.812,"{'m1-1': 5.16, 'm2-1': 5.55, 'm3-1': 29.0, 'm4-1': 99.14, 'm5-1': 24.39, 'm6-1': 95.15, 'm7-1': 26.41, 'm8-1': 104.91}",7.74,200.30599999999998,205.46599999999998,inf,234.812,234.812
124,T10,BESTEFFORT,COMPLETED,m2-1,124.94,"{'m1-1': 4.77, 'm2-1': 5.89, 'm3-1': 28.36, 'm4-1': 101.41, 'm5-1': 27.2, 'm6-1': 108.29, 'm7-1': 27.96, 'm8-1': 109.81}",8.834999999999999,206.56599999999997,212.45599999999996,inf,234.94,234.94
125,T7,BESTEFFORT,COMPLETED,m1-1,126.716,"{'m1-1': 5.69, 'm2-1': 5.43, 'm3-1': 26.68, 'm4-1': 97.22, 'm5-1': 28.08, 'm6-1': 118.03, 'm7-1': 28.71, 'm8-1': 106.13}",8.535,205.46599999999998,211.15599999999998,inf,236.716,236.716
126,T1,BESTEFFORT,COMPLETED,m1-1,127.542,"{'m1-1': 5.54, 'm2-1': 5.43, 'm3-1': 25.2, 'm4-1': 108.29, 'm5-1': 26.11, 'm6-1': 112.24, 'm7-1': 25.2, 'm8-1': 105.98}",8.31,211.15599999999998,216.69599999999997,inf,237.542,237.542
127,T7,BESTEFFORT,COMPLETED,m2-1,127.747,"{'m1-1': 5.44, 'm2-1': 5.44, 'm3-1': 27.95, 'm4-1': 109.83, 'm5-1': 27.0, 'm6-1': 110.04, 'm7-1': 29.27, 'm8-1': 92.3}",8.16,212.45599999999996,217.89599999999996,inf,237.747,237.747
128,T2,BESTEFFORT,MISSED,m4-1,128.304,"{'m1-1': 5.43, 'm2-1': 5.74, 'm3-1': 25.3, 'm4-1': 108.69, 'm5-1': 23.73, 'm6-1': 100.93, 'm7-1': 26.89, 'm8-1': 101.82}",32.40600000000002,216.7,inf,238.304,238.304,238.304
129,T8,BESTEFFORT,COMPLETED,m1-1,128.451,"{'m1-1': 5.59, 'm2-1': 5.03, 'm3-1': 28.4, 'm4-1': 93.41, 'm5-1': 26.49, 'm6-1': 115.33, 'm7-1': 28.93, 'm8-1': 112.61}",8.385,216.69599999999997,222.28599999999997,inf,238.451,238.451
130,T8,BESTEFFORT,MISSED,m5-1,129.644,"{'m1-1': 5.08, 'm2-1': 5.09, 'm3-1': 28.69, 'm4-1': 100.26, 'm5-1': 25.64, 'm6-1': 99.39, 'm7-1': 25.54, 'm8-1': 113.36}",34.63799999999998,216.55200000000002,inf,239.644,239.644,239.644
131,T9,BESTEFFORT,COMPLETED,m2-1,130.227,"{'m1-1': 5.35, 'm2-1': 5.44, 'm3-1': 26.32, 'm4-1': 100.78, 'm5-1': 25.14, 'm6-1': 106.65, 'm7-1': 25.65, 'm8-1': 94.39}",8.16,217.89599999999996,223.33599999999996,inf,240.227,240.227
132,T7,BESTEFFORT,COMPLETED,m1-1,131.045,"{'m1-1': 5.29, 'm2-1': 5.12, 'm3-1': 29.16, 'm4-1': 109.25, 'm5-1': 27.01, 'm6-1': 110.45, 'm7-1': 28.83, 'm8-1': 105.2}",7.9350000000000005,222.28599999999997,227.57599999999996,inf,241.045,241.045
133,T3,BESTEFFORT,MISSED,m8-1,131.77,"{'m1-1': 5.42, 'm2-1': 5.59, 'm3-1': 24.36, 'm4-1': 104.97, 'm5-1': 27.71, 'm6-1': 104.03, 'm7-1': 26.11, 'm8-1': 112.17}",29.166000000000025,222.326,inf,241.77,241.77,241.77
134,T2,BESTEFFORT,COMPLETED,m2-1,131.807,"{'m1-1': 5.27, 'm2-1': 5.7, 'm3-1': 26.76, 'm4-1': 111.18, 'm5-1': 25.14, 'm6-1': 101.33, 'm7-1': 28.63, 'm8-1': 109.3}",8.55,223.33599999999996,229.03599999999994,inf,241.807,241.807
135,T7,BESTEFFORT,COMPLETED,m1-1,133.316,"{'m1-1': 5.65, 'm2-1': 5.62, 'm3-1': 27.45, 'm4-1': 105.3, 'm5-1': 25.85, 'm6-1': 101.97, 'm7-1': 27.15, 'm8-1': 105.6}",8.475000000000001,227.57599999999996,233.22599999999997,inf,243.316,243.316
136,T6,BESTEFFORT,MISSED,m4-1,133.878,"{'m1-1': 4.95, 'm2-1': 5.94, 'm3-1': 28.55, 'm4-1': 116.07, 'm5-1': 26.21, 'm6-1': 92.97, 'm7-1': 28.84, 'm8-1': 97.25}",8.360999999999976,238.304,inf,243.878,243.878,243.878
137,T6,BESTEFFORT,COMPLETED,m6-1,134.469,"{'m1-1': 5.44, 'm2-1': 5.36, 'm3-1': 25.17, 'm4-1': 109.86, 'm5-1': 27.0, 'm6-1': 96.64, 'm7-1': 25.46, 'm8-1': 94.92}",144.96,144.516,241.156,inf,244.469,244.469
138,T5,BESTEFFORT,COMPLETED,m1-1,135.728,"{'m1-1': 5.46, 'm2-1': 5.19, 'm3-1': 28.96, 'm4-1': 111.3, 'm5-1': 25.86, 'm6-1': 104.01, 'm7-1': 27.03, 'm8-1': 109.1}",8.19,233.22599999999997,238.68599999999998,inf,245.728,245.728
139,T8,BESTEFFORT,COMPLETED,m2-1,135.735,"{'m1-1': 5.62, 'm2-1': 5.11, 'm3-1': 26.11, 'm4-1': 107.52, 'm5-1': 23.42, 'm6-1': 111.8, 'm7-1': 27.65, 'm8-1': 111.32}",7.665000000000001,229.03599999999994,234.14599999999996,inf,245.735,245.735
140,T9,BESTEFFORT,COMPLETED,m2-1,136.945,"{'m1-1': 5.27, 'm2-1': 5.47, 'm3-1': 26.71, 'm4-1': 97.86, 'm5-1': 26.7, 'm6-1': 97.87, 'm7-1': 29.35, 'm8-1': 109.19}",8.205,234.14599999999996,239.61599999999996,inf,246.945,246.945
141,T8,BESTEFFORT,MISSED,m8-1,138.163,"{'m1-1': 5.12, 'm2-1': 5.82, 'm3-1': 25.5, 'm4-1': 103.74, 'm5-1': 23.77, 'm6-1': 103.43, 'm7-1': 25.34, 'm8-1': 111.81}",9.589500000000001,241.77,inf,248.163,248.163,248.163
142,T1,BESTEFFORT,MISSED,m4-1,139.612,"{'m1-1': 4.81, 'm2-1': 5.7, 'm3-1': 26.02, 'm4-1': 113.86, 'm5-1': 27.44, 'm6-1': 103.52, 'm7-1': 25.67, 'm8-1': 97.24}",8.601000000000013,243.878,inf,249.612,249.612,249.612
143,T10,BESTEFFORT,COMPLETED,m7-1,140.906,"{'m1-1': 5.43, 'm2-1': 5.34, 'm3-1': 25.52, 'm4-1': 99.76, 'm5-1': 26.18, 'm6-1': 113.03, 'm7-1': 25.44, 'm8-1': 105.37}",38.160000000000004,225.374,250.814,inf,250.906,250.906
144,T2,BESTEFFORT,MISSED,m8-1,142.074,"{'m1-1': 4.81, 'm2-1': 5.26, 'm3-1': 27.05, 'm4-1': 106.86, 'm5-1': 24.3, 'm6-1': 99.96, 'm7-1': 27.7, 'm8-1': 106.15}",5.866500000000002,248.163,inf,252.074,252.074,252.074
145,T6,BESTEFFORT,COMPLETED,m1-1,142.239,"{'m1-1': 5.34, 'm2-1': 5.66, 'm3-1': 25.95, 'm4-1': 111.34, 'm5-1': 26.1, 'm6-1': 107.72, 'm7-1': 26.81, 'm8-1': 107.56}",8.01,238.68599999999998,244.02599999999998,inf,252.239,252.239
146,T4,BESTEFFORT,MISSED,m4-1,142.831,"{'m1-1': 4.75, 'm2-1': 5.4, 'm3-1': 27.96, 'm4-1': 97.66, 'm5-1': 24.6, 'm6-1': 105.71, 'm7-1': 26.89, 'm8-1': 104.91}",4.828499999999991,249.612,inf,252.831,252.831,252.831
147,T9,BESTEFFORT,MISSED,m8-1,142.987,"{'m1-1': 5.7, 'm2-1': 5.21, 'm3-1': 26.09, 'm4-1': 106.07, 'm5-1': 28.66, 'm6-1': 101.26, 'm7-1': 28.62, 'm8-1': 106.03}",1.3694999999999737,252.074,inf,252.987,252.987,252.987
148,T10,BESTEFFORT,COMPLETED,m3-1,143.245,"{'m1-1': 5.55, 'm2-1': 5.81, 'm3-1': 25.66, 'm4-1': 104.44, 'm5-1': 27.32, 'm6-1': 97.84, 'm7-1': 25.18, 'm8-1': 102.74}",38.49,225.66699999999997,251.32699999999997,inf,253.245,253.245
149,T7,BESTEFFORT,COMPLETED,m2-1,144.795,"{'m1-1': 5.3, 'm2-1': 5.39, 'm3-1': 28.88, 'm4-1': 95.01, 'm5-1': 28.87, 'm6-1': 118.39, 'm7-1': 25.86, 'm8-1': 102.34}",8.084999999999999,239.61599999999996,245.00599999999994,inf,254.795,254.795
150,T5,BESTEFFORT,MISSED,m7-1,144.829,"{'m1-1': 5.28, 'm2-1': 4.81, 'm3-1': 27.65, 'm4-1': 103.62, 'm5-1': 25.91, 'm6-1': 95.09, 'm7-1': 26.27, 'm8-1': 107.48}",0.0,302.73400000000004,inf,302.73400000000004,254.829,254.829
151,T4,BESTEFFORT,COMPLETED,m1-1,145.406,"{'m1-1': 4.88, 'm2-1': 5.08, 'm3-1': 26.97, 'm4-1': 103.05, 'm5-1': 25.74, 'm6-1': 95.85, 'm7-1': 24.89, 'm8-1': 115.24}",7.32,244.02599999999998,248.90599999999998,inf,255.406,255.406
152,T7,BESTEFFORT,COMPLETED,m2-1,148.453,"{'m1-1': 5.27, 'm2-1': 5.24, 'm3-1': 26.82, 'm4-1': 110.0, 'm5-1': 25.29, 'm6-1': 117.44, 'm7-1': 25.02, 'm8-1': 96.7}",7.86,245.00599999999994,250.24599999999995,inf,258.453,258.453
153,T5,BESTEFFORT,COMPLETED,m1-1,149.741,"{'m1-1': 4.73, 'm2-1': 5.23, 'm3-1': 28.26, 'm4-1': 101.52, 'm5-1': 24.15, 'm6-1': 93.24, 'm7-1': 26.49, 'm8-1': 107.16}",7.095000000000001,248.90599999999998,253.63599999999997,inf,259.741,259.741
154,T4,BESTEFFORT,COMPLETED,m2-1,155.459,"{'m1-1': 5.02, 'm2-1': 4.82, 'm3-1': 27.07, 'm4-1': 107.79, 'm5-1': 26.46, 'm6-1': 100.71, 'm7-1': 26.72, 'm8-1': 102.56}",7.23,250.24599999999995,255.06599999999995,inf,265.459,265.459
155,T4,BESTEFFORT,COMPLETED,m5-1,156.523,"{'m1-1': 5.01, 'm2-1': 5.35, 'm3-1': 26.11, 'm4-1': 113.5, 'm5-1': 23.89, 'm6-1': 94.86, 'm7-1': 25.42, 'm8-1': 115.25}",35.835,239.644,263.534,inf,266.523,266.523
156,T3,BESTEFFORT,COMPLETED,m1-1,157.153,"{'m1-1': 5.35, 'm2-1': 5.36, 'm3-1': 25.4, 'm4-1': 105.43, 'm5-1': 24.59, 'm6-1': 95.04, 'm7-1': 24.08, 'm8-1': 102.72}",8.024999999999999,253.63599999999997,258.986,inf,267.153,267.153
157,T7,BESTEFFORT,COMPLETED,m2-1,159.418,"{'m1-1': 5.14, 'm2-1': 5.77, 'm3-1': 24.93, 'm4-1': 109.45, 'm5-1': 28.56, 'm6-1': 107.6, 'm7-1': 25.7, 'm8-1': 107.14}",8.655,255.06599999999995,260.83599999999996,inf,269.418,269.418
158,T7,BESTEFFORT,MISSED,m4-1,160.94,"{'m1-1': 4.87, 'm2-1': 5.07, 'm3-1': 28.31, 'm4-1': 110.46, 'm5-1': 25.27, 'm6-1': 116.87, 'm7-1': 26.1, 'm8-1': 99.29}",0.0,276.372,inf,276.372,270.94,270.94
159,T7,BESTEFFORT,COMPLETED,m1-1,161.386,"{'m1-1': 5.42, 'm2-1': 5.5, 'm3-1': 28.09, 'm4-1': 110.84, 'm5-1': 25.13, 'm6-1': 118.14, 'm7-1': 29.62, 'm8-1': 102.93}",8.129999999999999,258.986,264.406,inf,271.38599999999997,271.38599999999997
160,T4,BESTEFFORT,COMPLETED,m2-1,162.577,"{'m1-1': 5.5, 'm2-1': 4.78, 'm3-1': 28.85, 'm4-1': 110.46, 'm5-1': 25.38, 'm6-1': 108.92, 'm7-1': 24.95, 'm8-1': 115.22}",7.17,260.83599999999996,265.61599999999993,inf,272.577,272.577
161,T4,BESTEFFORT,COMPLETED,m1-1,163.228,"{'m1-1': 5.33, 'm2-1': 5.44, 'm3-1': 28.11, 'm4-1': 99.18, 'm5-1': 27.18, 'm6-1': 98.7, 'm7-1': 26.11, 'm8-1': 118.22}",7.995,264.406,269.736,inf,273.228,273.228
162,T5,BESTEFFORT,COMPLETED,m2-1,163.258,"{'m1-1': 5.46, 'm2-1': 4.68, 'm3-1': 25.71, 'm4-1': 114.19, 'm5-1': 23.41, 'm6-1': 107.85, 'm7-1': 26.87, 'm8-1': 98.56}",7.02,265.61599999999993,270.29599999999994,inf,273.25800000000004,273.25800000000004
163,T3,BESTEFFORT,MISSED,m8-1,163.79,"{'m1-1': 5.4, 'm2-1': 5.68, 'm3-1': 27.85, 'm4-1': 98.03, 'm5-1': 26.36, 'm6-1': 105.83, 'm7-1': 25.26, 'm8-1': 115.39}",0.0,350.026,inf,350.026,273.78999999999996,273.78999999999996
164,T8,BESTEFFORT,MISSED,m6-1,164.09,"{'m1-1': 5.02, 'm2-1': 5.07, 'm3-1': 28.87, 'm4-1': 110.55, 'm5-1': 26.02, 'm6-1': 115.07, 'm7-1': 25.53, 'm8-1': 107.98}",0.0,325.769,inf,325.769,274.09000000000003,274.09000000000003
165,T5,BESTEFFORT,CANCELLED,,164.24,"{'m1-1': 5.25, 'm2-1': 5.08, 'm3-1': 27.04, 'm4-1': 102.69, 'm5-1': 23.47, 'm6-1': 105.5, 'm7-1': 24.89, 'm8-1': 101.41}",0.0,inf,inf,inf,274.24,274.24
166,T10,BESTEFFORT,MISSED,m4-1,164.677,"{'m1-1': 5.34, 'm2-1': 5.38, 'm3-1': 26.35, 'm4-1': 102.58, 'm5-1': 25.52, 'm6-1': 114.25, 'm7-1': 27.91, 'm8-1': 106.69}",0.0,276.372,inf,276.372,274.677,274.677
167,T1,BESTEFFORT,MISSED,m6-1,164.8,"{'m1-1': 5.18, 'm2-1': 5.19, 'm3-1': 27.03, 'm4-1': 104.89, 'm5-1': 25.04, 'm6-1': 104.19, 'm7-1': 25.14, 'm8-1': 97.09}",0.0,325.769,inf,325.769,274.8,274.8
168,T8,BESTEFFORT,COMPLETED,m1-1,165.449,"{'m1-1': 5.5, 'm2-1': 5.82, 'm3-1': 28.04, 'm4-1': 95.15, 'm5-1': 26.22, 'm6-1': 105.22, 'm7-1': 28.66, 'm8-1': 107.73}",8.25,269.736,275.236,inf,275.449,275.449
169,T3,BESTEFFORT,COMPLETED,m2-1,166.231,"{'m1-1': 4.85, 'm2-1': 5.35, 'm3-1': 24.94, 'm4-1': 106.49, 'm5-1': 23.99, 'm6-1': 102.32, 'm7-1': 23.03, 'm8-1': 99.4}",8.024999999999999,270.29599999999994,275.64599999999996,inf,276.231,276.231
170,T1,BESTEFFORT,MISSED,m4-1,166.372,"{'m1-1': 5.17, 'm2-1': 5.29, 'm3-1': 23.83, 'm4-1': 117.98, 'm5-1': 24.82, 'm6-1': 105.66, 'm7-1': 26.4, 'm8-1': 109.27}",35.31150000000004,252.831,inf,276.372,276.372,276.372
171,T7,BESTEFFORT,MISSED,m6-1,167.729,"{'m1-1': 5.67, 'm2-1': 5.77, 'm3-1': 28.8, 'm4-1': 108.36, 'm5-1': 29.09, 'm6-1': 109.26, 'm7-1': 26.46, 'm8-1': 105.15}",0.0,325.769,inf,325.769,277.72900000000004,277.72900000000004
172,T5,BESTEFFORT,COMPLETED,m7-1,169.409,"{'m1-1': 4.68, 'm2-1': 4.88, 'm3-1': 28.28, 'm4-1': 112.06, 'm5-1': 24.27, 'm6-1': 99.38, 'm7-1': 25.14, 'm8-1': 109.83}",37.71,250.814,275.954,inf,279.409,279.409
173,T2,BESTEFFORT,COMPLETED,m1-1,170.257,"{'m1-1': 4.71, 'm2-1': 5.03, 'm3-1': 26.01, 'm4-1': 111.14, 'm5-1': 26.6, 'm6-1': 107.57, 'm7-1': 24.58, 'm8-1': 112.39}",7.0649999999999995,275.236,279.94599999999997,inf,280.257,280.257
174,T10,BESTEFFORT,MISSED,m8-1,170.664,"{'m1-1': 5.54, 'm2-1': 5.44, 'm3-1': 26.57, 'm4-1': 94.66, 'm5-1': 28.65, 'm6-1': 105.47, 'm7-1': 26.1, 'm8-1': 106.39}",0.0,350.026,inf,350.026,280.664,280.664
175,T4,BESTEFFORT,MISSED,m8-1,170.686,"{'m1-1': 5.45, 'm2-1': 4.89, 'm3-1': 26.51, 'm4-1': 104.03, 'm5-1': 26.99, 'm6-1': 108.59, 'm7-1': 25.83, 'm8-1': 110.65}",0.0,350.026,inf,350.026,280.68600000000004,280.68600000000004
176,T9,BESTEFFORT,COMPLETED,m3-1,170.724,"{'m1-1': 5.74, 'm2-1': 4.9, 'm3-1': 24.64, 'm4-1': 110.21, 'm5-1': 26.5, 'm6-1': 98.23, 'm7-1': 27.3, 'm8-1': 109.54}",36.96,251.32699999999997,275.967,inf,280.724,280.724
177,T7,BESTEFFORT,MISSED,m4-1,171.025,"{'m1-1': 5.45, 'm2-1': 5.51, 'm3-1': 27.42, 'm4-1': 107.93, 'm5-1': 29.15, 'm6-1': 104.76, 'm7-1': 28.02, 'm8-1': 99.16}",0.0,383.013,inf,383.013,281.025,281.025
178,T5,BESTEFFORT,COMPLETED,m2-1,171.163,"{'m1-1': 5.2, 'm2-1': 4.98, 'm3-1': 27.52, 'm4-1': 108.35, 'm5-1': 23.23, 'm6-1': 108.21, 'm7-1': 24.95, 'm8-1': 98.76}",7.470000000000001,275.64599999999996,280.626,inf,281.163,281.163
179,T4,BESTEFFORT,CANCELLED,,172.062,"{'m1-1': 4.97, 'm2-1': 4.79, 'm3-1': 27.24, 'm4-1': 107.79, 'm5-1': 26.85, 'm6-1': 108.62, 'm7-1': 24.72, 'm8-1': 107.3}",0.0,inf,inf,inf,282.062,282.062
180,T3,BESTEFFORT,CANCELLED,,172.342,"{'m1-1': 5.06, 'm2-1': 5.24, 'm3-1': 24.16, 'm4-1': 99.09, 'm5-1': 25.54, 'm6-1': 95.53, 'm7-1': 23.21, 'm8-1': 100.68}",0.0,inf,inf,inf,282.342,282.342
181,T4,BESTEFFORT,CANCELLED,,172.675,"{'m1-1': 5.16, 'm2-1': 5.55, 'm3-1': 25.81, 'm4-1': 109.53, 'm5-1': 27.99, 'm6-1': 97.46, 'm7-1': 26.9, 'm8-1': 107.78}",0.0,inf,inf,inf,282.675,282.675
182,T2,BESTEFFORT,CANCELLED,,172.685,"{'m1-1': 5.07, 'm2-1': 4.99, 'm3-1': 26.2, 'm4-1': 114.59, 'm5-1': 25.16, 'm6-1': 99.96, 'm7-1': 26.46, 'm8-1': 108.39}",0.0,inf,inf,inf,282.685,282.685
183,T1,BESTEFFORT,MISSED,m4-1,173.316,"{'m1-1': 5.66, 'm2-1': 4.99, 'm3-1': 27.14, 'm4-1': 111.76, 'm5-1': 25.82, 'm6-1': 99.69, 'm7-1': 29.59, 'm8-1': 102.65}",10.416000000000025,276.372,inf,283.31600000000003,283.31600000000003,283.31600000000003
184,T8,BESTEFFORT,MISSED,m4-1,173.362,"{'m1-1': 5.54, 'm2-1': 5.52, 'm3-1': 28.63, 'm4-1': 97.11, 'm5-1': 26.34, 'm6-1': 106.41, 'm7-1': 24.66, 'm8-1': 107.84}",0.0,383.013,inf,383.013,283.36199999999997,283.36199999999997
185,T4,BESTEFFORT,CANCELLED,,173.842,"{'m1-1': 4.7, 'm2-1': 5.0, 'm3-1': 28.98, 'm4-1': 107.82, 'm5-1': 23.77, 'm6-1': 101.87, 'm7-1': 26.65, 'm8-1': 112.71}",0.0,inf,inf,inf,283.842,283.842
186,T6,BESTEFFORT,CANCELLED,,173.938,"{'m1-1': 5.38, 'm2-1': 5.14, 'm3-1': 26.76, 'm4-1': 102.36, 'm5-1': 24.44, 'm6-1': 93.05, 'm7-1': 24.97, 'm8-1': 104.24}",0.0,inf,inf,inf,283.938,283.938
187,T4,BESTEFFORT,MISSED,m4-1,174.002,"{'m1-1': 5.47, 'm2-1': 5.46, 'm3-1': 28.49, 'm4-1': 112.98, 'm5-1': 27.26, 'm6-1': 103.36, 'm7-1': 24.76, 'm8-1': 103.8}",0.0,383.013,inf,383.013,284.002,284.002
188,T8,BESTEFFORT,CANCELLED,,174.046,"{'m1-1': 5.22, 'm2-1': 5.72, 'm3-1': 27.56, 'm4-1': 96.73, 'm5-1': 26.1, 'm6-1': 109.47, 'm7-1': 26.9, 'm8-1': 98.8}",0.0,inf,inf,inf,284.046,284.046
189,T4,BESTEFFORT,COMPLETED,m1-1,175.743,"{'m1-1': 5.21, 'm2-1': 5.41, 'm3-1': 26.72, 'm4-1': 103.76, 'm5-1': 26.58, 'm6-1': 96.29, 'm7-1': 23.66, 'm8-1': 100.69}",7.8149999999999995,279.94599999999997,285.15599999999995,inf,285.743,285.743
190,T1,BESTEFFORT,COMPLETED,m2-1,176.828,"{'m1-1': 5.39, 'm2-1': 5.8, 'm3-1': 26.2, 'm4-1': 103.36, 'm5-1': 26.32, 'm6-1': 99.93, 'm7-1': 26.84, 'm8-1': 101.66}",8.7,280.626,286.426,inf,286.828,286.828
191,T10,BESTEFFORT,CANCELLED,,178.23,"{'m1-1': 5.23, 'm2-1': 5.89, 'm3-1': 28.95, 'm4-1': 109.49, 'm5-1': 25.75, 'm6-1': 111.74, 'm7-1': 26.28, 'm8-1': 115.28}",0.0,inf,inf,inf,288.23,288.23
192,T3,BESTEFFORT,CANCELLED,,179.877,"{'m1-1': 4.78, 'm2-1': 5.49, 'm3-1': 24.18, 'm4-1': 93.7, 'm5-1': 24.96, 'm6-1': 95.52, 'm7-1': 26.12, 'm8-1': 107.68}",0.0,inf,inf,inf,289.877,289.877
193,T6,BESTEFFORT,COMPLETED,m1-1,180.364,"{'m1-1': 4.89, 'm2-1': 5.02, 'm3-1': 28.46, 'm4-1': 100.65, 'm5-1': 25.09, 'm6-1': 102.53, 'm7-1': 28.94, 'm8-1': 105.54}",7.334999999999999,285.15599999999995,290.04599999999994,inf,290.36400000000003,290.36400000000003
194,T2,BESTEFFORT,CANCELLED,,180.506,"{'m1-1': 5.0, 'm2-1': 5.38, 'm3-1': 26.88, 'm4-1': 111.53, 'm5-1': 24.79, 'm6-1': 101.65, 'm7-1': 25.78, 'm8-1': 104.55}",0.0,inf,inf,inf,290.506,290.506
195,T6,BESTEFFORT,MISSED,m2-1,181.228,"{'m1-1': 5.18, 'm2-1': 5.13, 'm3-1': 24.69, 'm4-1': 110.8, 'm5-1': 26.96, 'm6-1': 94.8, 'm7-1': 27.4, 'm8-1': 94.33}",7.203000000000031,286.426,inf,291.228,291.228,291.228
196,T2,BESTEFFORT,CANCELLED,,181.619,"{'m1-1': 5.35, 'm2-1': 5.08, 'm3-1': 26.06, 'm4-1': 103.25, 'm5-1': 25.81, 'm6-1': 105.37, 'm7-1': 27.6, 'm8-1': 107.47}",0.0,inf,inf,inf,291.619,291.619
197,T9,BESTEFFORT,CANCELLED,,181.845,"{'m1-1': 4.94, 'm2-1': 4.91, 'm3-1': 25.86, 'm4-1': 104.8, 'm5-1': 26.29, 'm6-1': 102.8, 'm7-1': 28.98, 'm8-1': 109.2}",0.0,inf,inf,inf,291.845,291.845
198,T6,BESTEFFORT,CANCELLED,,181.94,"{'m1-1': 5.0, 'm2-1': 5.34, 'm3-1': 26.78, 'm4-1': 105.61, 'm5-1': 25.57, 'm6-1': 93.88, 'm7-1': 26.65, 'm8-1': 100.25}",0.0,inf,inf,inf,291.94,291.94
199,T9,BESTEFFORT,CANCELLED,,182.402,"{'m1-1': 5.46, 'm2-1': 4.98, 'm3-1': 26.62, 'm4-1': 110.07, 'm5-1': 24.84, 'm6-1': 103.06, 'm7-1': 26.09, 'm8-1': 92.24}",0.0,inf,inf,inf,292.402,292.402
200,T3,BESTEFFORT,CANCELLED,,182.901,"{'m1-1': 5.47, 'm2-1': 5.18, 'm3-1': 27.92, 'm4-1': 96.52, 'm5-1': 26.26, 'm6-1': 101.93, 'm7-1': 23.86, 'm8-1': 98.9}",0.0,inf,inf,inf,292.901,292.901
201,T4,BESTEFFORT,CANCELLED,,183.311,"{'m1-1': 5.27, 'm2-1': 5.47, 'm3-1': 29.25, 'm4-1': 109.52, 'm5-1': 23.92, 'm6-1': 101.97, 'm7-1': 26.47, 'm8-1': 111.0}",0.0,inf,inf,inf,293.31100000000004,293.31100000000004
202,T10,BESTEFFORT,COMPLETED,m5-1,183.971,"{'m1-1': 4.76, 'm2-1': 5.09, 'm3-1': 25.68, 'm4-1': 99.49, 'm5-1': 25.83, 'm6-1': 107.46, 'm7-1': 25.83, 'm8-1': 109.44}",38.745,263.534,289.364,inf,293.971,293.971
203,T7,BESTEFFORT,COMPLETED,m1-1,186.777,"{'m1-1': 5.06, 'm2-1': 5.56, 'm3-1': 24.99, 'm4-1': 94.81, 'm5-1': 25.42, 'm6-1': 117.34, 'm7-1': 25.19, 'm8-1': 99.5}",7.59,290.04599999999994,295.10599999999994,inf,296.777,296.777
204,T6,BESTEFFORT,COMPLETED,m2-1,187.564,"{'m1-1': 4.92, 'm2-1': 5.2, 'm3-1': 25.05, 'm4-1': 102.29, 'm5-1': 27.23, 'm6-1': 94.02, 'm7-1': 28.67, 'm8-1': 103.47}",7.800000000000001,291.228,296.428,inf,297.56399999999996,297.56399999999996
205,T4,BESTEFFORT,CANCELLED,,188.388,"{'m1-1': 5.46, 'm2-1': 5.19, 'm3-1': 25.06, 'm4-1': 101.19, 'm5-1': 24.65, 'm6-1': 100.96, 'm7-1': 25.98, 'm8-1': 103.72}",0.0,inf,inf,inf,298.38800000000003,298.38800000000003
206,T7,BESTEFFORT,CANCELLED,,188.871,"{'m1-1': 5.55, 'm2-1': 5.51, 'm3-1': 27.59, 'm4-1': 109.02, 'm5-1': 28.56, 'm6-1': 114.12, 'm7-1': 29.31, 'm8-1': 95.26}",0.0,inf,inf,inf,298.871,298.871
207,T1,BESTEFFORT,CANCELLED,,189.394,"{'m1-1': 5.4, 'm2-1': 5.45, 'm3-1': 24.69, 'm4-1': 108.6, 'm5-1': 28.06, 'm6-1': 111.51, 'm7-1': 28.42, 'm8-1': 96.16}",0.0,inf,inf,inf,299.394,299.394
208,T4,BESTEFFORT,COMPLETED,m1-1,191.333,"{'m1-1': 4.92, 'm2-1': 5.25, 'm3-1': 26.2, 'm4-1': 111.66, 'm5-1': 25.43, 'm6-1': 107.82, 'm7-1': 25.39, 'm8-1': 107.73}",7.38,295.10599999999994,300.02599999999995,inf,301.33299999999997,301.33299999999997
209,T7,BESTEFFORT,CANCELLED,,191.635,"{'m1-1': 5.42, 'm2-1': 5.31, 'm3-1': 28.72, 'm4-1': 101.49, 'm5-1': 29.03, 'm6-1': 105.42, 'm7-1': 27.17, 'm8-1': 95.24}",0.0,inf,inf,inf,301.635,301.635
210,T6,BESTEFFORT,COMPLETED,m2-1,192.477,"{'m1-1': 4.98, 'm2-1': 5.07, 'm3-1': 25.8, 'm4-1': 111.16, 'm5-1': 27.42, 'm6-1': 103.46, 'm7-1': 28.74, 'm8-1': 94.89}",7.605,296.428,301.498,inf,302.477,302.477
211,T10,BESTEFFORT,CANCELLED,,193.542,"{'m1-1': 5.39, 'm2-1': 5.62, 'm3-1': 27.63, 'm4-1': 99.22, 'm5-1': 26.14, 'm6-1': 107.54, 'm7-1': 25.98, 'm8-1': 109.23}",0.0,inf,inf,inf,303.54200000000003,303.54200000000003
212,T10,BESTEFFORT,MISSED,m1-1,195.127,"{'m1-1': 5.48, 'm2-1': 5.8, 'm3-1': 25.0, 'm4-1': 109.3, 'm5-1': 25.63, 'm6-1': 103.88, 'm7-1': 26.04, 'm8-1': 99.68}",7.651500000000084,300.02599999999995,inf,305.127,305.127,305.127
213,T4,BESTEFFORT,COMPLETED,m3-1,196.116,"{'m1-1': 4.68, 'm2-1': 5.03, 'm3-1': 27.1, 'm4-1': 113.77, 'm5-1': 26.71, 'm6-1': 100.32, 'm7-1': 27.11, 'm8-1': 99.83}",40.650000000000006,275.967,303.067,inf,306.116,306.116
214,T5,BESTEFFORT,CANCELLED,,196.348,"{'m1-1': 4.82, 'm2-1': 5.01, 'm3-1': 26.3, 'm4-1': 102.94, 'm5-1': 26.46, 'm6-1': 100.35, 'm7-1': 24.82, 'm8-1': 101.65}",0.0,inf,inf,inf,306.348,306.348
215,T7,BESTEFFORT,CANCELLED,,197.364,"{'m1-1': 4.92, 'm2-1': 5.27, 'm3-1': 25.26, 'm4-1': 108.36, 'm5-1': 28.0, 'm6-1': 118.46, 'm7-1': 27.93, 'm8-1': 103.62}",0.0,inf,inf,inf,307.36400000000003,307.36400000000003
216,T7,BESTEFFORT,CANCELLED,,197.748,"{'m1-1': 5.16, 'm2-1': 5.34, 'm3-1': 28.99, 'm4-1': 108.56, 'm5-1': 26.68, 'm6-1': 102.28, 'm7-1': 26.55, 'm8-1': 97.43}",0.0,inf,inf,inf,307.748,307.748
217,T2,BESTEFFORT,COMPLETED,m2-1,198.315,"{'m1-1': 5.46, 'm2-1': 5.31, 'm3-1': 25.42, 'm4-1': 114.34, 'm5-1': 24.19, 'm6-1': 101.1, 'm7-1': 27.59, 'm8-1': 113.02}",7.965,301.498,306.808,inf,308.315,308.315
218,T4,BESTEFFORT,CANCELLED,,198.894,"{'m1-1': 4.8, 'm2-1': 5.33, 'm3-1': 26.63, 'm4-1': 108.55, 'm5-1': 25.09, 'm6-1': 106.7, 'm7-1': 23.76, 'm8-1': 115.17}",0.0,inf,inf,inf,308.894,308.894
219,T5,BESTEFFORT,CANCELLED,,199.416,"{'m1-1': 4.72, 'm2-1': 4.82, 'm3-1': 24.94, 'm4-1': 103.15, 'm5-1': 23.88, 'm6-1': 103.34, 'm7-1': 24.74, 'm8-1': 98.33}",0.0,inf,inf,inf,309.416,309.416
220,T1,BESTEFFORT,COMPLETED,m7-1,199.897,"{'m1-1': 4.86, 'm2-1': 5.02, 'm3-1': 24.28, 'm4-1': 101.56, 'm5-1': 26.16, 'm6-1': 108.31, 'm7-1': 26.78, 'm8-1': 108.34}",40.17,275.954,302.73400000000004,inf,309.897,309.897
221,T1,BESTEFFORT,COMPLETED,m1-1,200.879,"{'m1-1': 5.52, 'm2-1': 5.85, 'm3-1': 27.54, 'm4-1': 107.27, 'm5-1': 27.5, 'm6-1': 101.78, 'm7-1': 27.68, 'm8-1': 94.54}",8.28,305.127,310.647,inf,310.879,310.879
222,T8,BESTEFFORT,CANCELLED,,201.402,"{'m1-1': 5.1, 'm2-1': 5.46, 'm3-1': 27.17, 'm4-1': 98.77, 'm5-1': 25.42, 'm6-1': 111.91, 'm7-1': 28.55, 'm8-1': 113.35}",0.0,inf,inf,inf,311.402,311.402
223,T5,BESTEFFORT,CANCELLED,,202.464,"{'m1-1': 4.7, 'm2-1': 5.16, 'm3-1': 25.83, 'm4-1': 102.88, 'm5-1': 23.89, 'm6-1': 103.93, 'm7-1': 25.09, 'm8-1': 104.21}",0.0,inf,inf,inf,312.464,312.464
224,T4,BESTEFFORT,COMPLETED,m2-1,206.88,"{'m1-1': 5.45, 'm2-1': 5.04, 'm3-1': 26.66, 'm4-1': 112.62, 'm5-1': 24.14, 'm6-1': 99.27, 'm7-1': 24.65, 'm8-1': 99.74}",7.5600000000000005,306.808,311.848,inf,316.88,316.88
225,T4,BESTEFFORT,COMPLETED,m1-1,207.526,"{'m1-1': 4.77, 'm2-1': 5.19, 'm3-1': 29.46, 'm4-1': 106.61, 'm5-1': 24.33, 'm6-1': 106.12, 'm7-1': 24.9, 'm8-1': 102.89}",7.154999999999999,310.647,315.417,inf,317.526,317.526
226,T4,BESTEFFORT,COMPLETED,m2-1,208.489,"{'m1-1': 4.7, 'm2-1': 4.71, 'm3-1': 29.0, 'm4-1': 99.99, 'm5-1': 25.48, 'm6-1': 109.13, 'm7-1': 27.47, 'm8-1': 109.93}",7.0649999999999995,311.848,316.558,inf,318.48900000000003,318.48900000000003
227,T2,BESTEFFORT,COMPLETED,m5-1,210.135,"{'m1-1': 5.3, 'm2-1': 5.0, 'm3-1': 24.0, 'm4-1': 104.94, 'm5-1': 25.52, 'm6-1': 93.9, 'm7-1': 26.54, 'm8-1': 112.84}",38.28,289.364,314.88399999999996,inf,320.135,320.135
228,T7,BESTEFFORT,COMPLETED,m1-1,211.313,"{'m1-1': 4.94, 'm2-1': 5.77, 'm3-1': 27.68, 'm4-1': 106.99, 'm5-1': 28.86, 'm6-1': 103.96, 'm7-1': 29.06, 'm8-1': 104.84}",7.41,315.417,320.35699999999997,inf,321.313,321.313
229,T8,BESTEFFORT,CANCELLED,,211.773,"{'m1-1': 5.78, 'm2-1': 5.54, 'm3-1': 25.45, 'm4-1': 101.34, 'm5-1': 24.52, 'm6-1': 114.02, 'm7-1': 27.59, 'm8-1': 106.74}",0.0,inf,inf,inf,321.773,321.773
230,T6,BESTEFFORT,COMPLETED,m2-1,212.304,"{'m1-1': 4.95, 'm2-1': 5.7, 'm3-1': 27.4, 'm4-1': 108.11, 'm5-1': 25.28, 'm6-1': 94.98, 'm7-1': 26.5, 'm8-1': 101.18}",8.55,316.558,322.258,inf,322.304,322.304
231,T6,BESTEFFORT,CANCELLED,,213.57,"{'m1-1': 4.86, 'm2-1': 5.31, 'm3-1': 25.01, 'm4-1': 115.64, 'm5-1': 24.94, 'm6-1': 93.86, 'm7-1': 26.0, 'm8-1': 95.81}",0.0,inf,inf,inf,323.57,323.57
232,T8,BESTEFFORT,MISSED,m6-1,215.769,"{'m1-1': 5.74, 'm2-1': 5.58, 'm3-1': 27.27, 'm4-1': 94.83, 'm5-1': 24.12, 'm6-1': 107.04, 'm7-1': 25.11, 'm8-1': 100.67}",126.9195,241.156,inf,325.769,325.769,325.769
233,T4,BESTEFFORT,COMPLETED,m1-1,216.488,"{'m1-1': 5.21, 'm2-1': 4.98, 'm3-1': 29.0, 'm4-1': 108.52, 'm5-1': 27.43, 'm6-1': 96.31, 'm7-1': 24.82, 'm8-1': 117.7}",7.8149999999999995,320.35699999999997,325.56699999999995,inf,326.488,326.488
234,T2,BESTEFFORT,MISSED,m2-1,217.753,"{'m1-1': 4.74, 'm2-1': 5.69, 'm3-1': 24.45, 'm4-1': 101.38, 'm5-1': 27.45, 'm6-1': 105.99, 'm7-1': 24.6, 'm8-1': 105.49}",8.242500000000007,322.258,inf,327.753,327.753,327.753
235,T10,BESTEFFORT,MISSED,m6-1,219.406,"{'m1-1': 5.14, 'm2-1': 5.15, 'm3-1': 28.26, 'm4-1': 107.58, 'm5-1': 27.99, 'm6-1': 113.74, 'm7-1': 25.13, 'm8-1': 99.96}",0.0,376.826,inf,376.826,329.406,329.406
236,T2,BESTEFFORT,CANCELLED,,219.704,"{'m1-1': 4.95, 'm2-1': 5.09, 'm3-1': 26.89, 'm4-1': 100.52, 'm5-1': 23.86, 'm6-1': 97.2, 'm7-1': 25.55, 'm8-1': 104.55}",0.0,inf,inf,inf,329.704,329.704
237,T2,BESTEFFORT,COMPLETED,m3-1,221.503,"{'m1-1': 5.47, 'm2-1': 5.03, 'm3-1': 27.3, 'm4-1': 105.46, 'm5-1': 27.62, 'm6-1': 97.69, 'm7-1': 26.53, 'm8-1': 107.72}",40.95,303.067,330.367,inf,331.503,331.503
238,T9,BESTEFFORT,COMPLETED,m1-1,223.406,"{'m1-1': 4.87, 'm2-1': 5.29, 'm3-1': 26.63, 'm4-1': 109.69, 'm5-1': 25.72, 'm6-1': 103.87, 'm7-1': 25.18, 'm8-1': 108.24}",7.305,325.56699999999995,330.43699999999995,inf,333.406,333.406
239,T9,BESTEFFORT,COMPLETED,m2-1,223.671,"{'m1-1': 5.46, 'm2-1': 5.47, 'm3-1': 28.25, 'm4-1': 101.74, 'm5-1': 27.08, 'm6-1': 114.63, 'm7-1': 28.54, 'm8-1': 100.61}",8.205,327.753,333.223,inf,333.671,333.671
240,T8,BESTEFFORT,MISSED,m6-1,224.2,"{'m1-1': 5.52, 'm2-1': 5.64, 'm3-1': 28.9, 'm4-1': 98.6, 'm5-1': 25.57, 'm6-1': 102.74, 'm7-1': 24.58, 'm8-1': 106.4}",0.0,376.826,inf,376.826,334.2,334.2
241,T7,BESTEFFORT,MISSED,m6-1,225.617,"{'m1-1': 5.14, 'm2-1': 5.71, 'm3-1': 27.21, 'm4-1': 106.31, 'm5-1': 24.96, 'm6-1': 115.48, 'm7-1': 25.58, 'm8-1': 107.01}",0.0,376.826,inf,376.826,335.61699999999996,335.61699999999996
242,T9,BESTEFFORT,CANCELLED,,226.232,"{'m1-1': 5.11, 'm2-1': 5.38, 'm3-1': 24.63, 'm4-1': 98.08, 'm5-1': 27.11, 'm6-1': 104.35, 'm7-1': 27.94, 'm8-1': 108.61}",0.0,inf,inf,inf,336.23199999999997,336.23199999999997
243,T2,BESTEFFORT,COMPLETED,m7-1,226.411,"{'m1-1': 4.7, 'm2-1': 5.85, 'm3-1': 24.11, 'm4-1': 97.87, 'm5-1': 27.4, 'm6-1': 101.79, 'm7-1': 27.43, 'm8-1': 100.31}",41.144999999999996,302.73400000000004,330.16400000000004,inf,336.411,336.411
244,T2,BESTEFFORT,COMPLETED,m1-1,227.052,"{'m1-1': 4.69, 'm2-1': 4.98, 'm3-1': 23.5, 'm4-1': 110.66, 'm5-1': 24.18, 'm6-1': 95.83, 'm7-1': 24.64, 'm8-1': 109.91}",7.035,330.43699999999995,335.12699999999995,inf,337.052,337.052
245,T9,BESTEFFORT,CANCELLED,,229.105,"{'m1-1': 5.21, 'm2-1': 4.96, 'm3-1': 27.67, 'm4-1': 101.46, 'm5-1': 24.24, 'm6-1': 97.89, 'm7-1': 26.43, 'm8-1': 98.7}",0.0,inf,inf,inf,339.105,339.105
246,T10,BESTEFFORT,CANCELLED,,229.329,"{'m1-1': 4.8, 'm2-1': 5.55, 'm3-1': 27.2, 'm4-1': 94.12, 'm5-1': 26.19, 'm6-1': 106.9, 'm7-1': 25.26, 'm8-1': 108.46}",0.0,inf,inf,inf,339.329,339.329
247,T2,BESTEFFORT,CANCELLED,,229.529,"{'m1-1': 5.42, 'm2-1': 4.98, 'm3-1': 23.37, 'm4-1': 111.08, 'm5-1': 27.6, 'm6-1': 102.79, 'm7-1': 24.83, 'm8-1': 101.31}",0.0,inf,inf,inf,339.529,339.529
248,T10,BESTEFFORT,COMPLETED,m2-1,229.87,"{'m1-1': 5.2, 'm2-1': 5.53, 'm3-1': 25.44, 'm4-1': 99.45, 'm5-1': 28.65, 'm6-1': 98.16, 'm7-1': 25.73, 'm8-1': 109.0}",8.295,333.223,338.753,inf,339.87,339.87
249,T3,BESTEFFORT,CANCELLED,,229.906,"{'m1-1': 4.81, 'm2-1': 5.41, 'm3-1': 25.74, 'm4-1': 101.46, 'm5-1': 25.33, 'm6-1': 94.34, 'm7-1': 23.07, 'm8-1': 106.34}",0.0,inf,inf,inf,339.906,339.906
250,T10,BESTEFFORT,CANCELLED,,230.09,"{'m1-1': 5.6, 'm2-1': 5.01, 'm3-1': 26.07, 'm4-1': 104.61, 'm5-1': 27.47, 'm6-1': 114.15, 'm7-1': 24.9, 'm8-1': 111.28}",0.0,inf,inf,inf,340.09000000000003,340.09000000000003
251,T1,BESTEFFORT,MISSED,m7-1,230.428,"{'m1-1': 5.18, 'm2-1': 5.3, 'm3-1': 25.17, 'm4-1': 106.24, 'm5-1': 26.22, 'm6-1': 116.4, 'm7-1': 28.16, 'm8-1': 107.02}",0.0,358.33400000000006,inf,358.33400000000006,340.428,340.428
252,T10,BESTEFFORT,CANCELLED,,230.45,"{'m1-1': 5.58, 'm2-1': 5.24, 'm3-1': 25.04, 'm4-1': 106.6, 'm5-1': 28.7, 'm6-1': 101.54, 'm7-1': 25.41, 'm8-1': 113.96}",0.0,inf,inf,inf,340.45,340.45
253,T5,BESTEFFORT,COMPLETED,m1-1,231.941,"{'m1-1': 5.49, 'm2-1': 5.43, 'm3-1': 26.92, 'm4-1': 106.65, 'm5-1': 26.5, 'm6-1': 108.35, 'm7-1': 26.18, 'm8-1': 104.32}",8.235,335.12699999999995,340.61699999999996,inf,341.94100000000003,341.94100000000003
254,T8,BESTEFFORT,CANCELLED,,232.189,"{'m1-1': 4.99, 'm2-1': 5.06, 'm3-1': 28.58, 'm4-1': 99.65, 'm5-1': 23.43, 'm6-1': 114.79, 'm7-1': 24.84, 'm8-1': 109.45}",0.0,inf,inf,inf,342.18899999999996,342.18899999999996
255,T9,BESTEFFORT,CANCELLED,,232.567,"{'m1-1': 5.47, 'm2-1': 5.29, 'm3-1': 24.93, 'm4-1': 113.49, 'm5-1': 26.18, 'm6-1': 100.57, 'm7-1': 25.33, 'm8-1': 107.63}",0.0,inf,inf,inf,342.567,342.567
256,T7,BESTEFFORT,COMPLETED,m2-1,234.52,"{'m1-1': 5.61, 'm2-1': 5.14, 'm3-1': 25.22, 'm4-1': 98.41, 'm5-1': 25.52, 'm6-1': 118.31, 'm7-1': 29.58, 'm8-1': 92.11}",7.709999999999999,338.753,343.893,inf,344.52,344.52
257,T4,BESTEFFORT,CANCELLED,,234.908,"{'m1-1': 4.66, 'm2-1': 5.4, 'm3-1': 29.06, 'm4-1': 103.5, 'm5-1': 23.7, 'm6-1': 99.47, 'm7-1': 24.43, 'm8-1': 105.67}",0.0,inf,inf,inf,344.908,344.908
258,T7,BESTEFFORT,CANCELLED,,235.178,"{'m1-1': 5.22, 'm2-1': 5.48, 'm3-1': 27.87, 'm4-1': 96.13, 'm5-1': 25.81, 'm6-1': 117.18, 'm7-1': 27.05, 'm8-1': 103.85}",0.0,inf,inf,inf,345.178,345.178
259,T7,BESTEFFORT,COMPLETED,m5-1,235.798,"{'m1-1': 5.6, 'm2-1': 5.61, 'm3-1': 28.41, 'm4-1': 94.57, 'm5-1': 26.1, 'm6-1': 103.47, 'm7-1': 28.7, 'm8-1': 92.79}",39.150000000000006,314.88399999999996,340.984,inf,345.798,345.798
260,T8,BESTEFFORT,CANCELLED,,236.009,"{'m1-1': 5.36, 'm2-1': 5.51, 'm3-1': 26.76, 'm4-1': 95.28, 'm5-1': 26.24, 'm6-1': 108.1, 'm7-1': 24.97, 'm8-1': 102.4}",0.0,inf,inf,inf,346.009,346.009
261,T5,BESTEFFORT,COMPLETED,m1-1,237.819,"{'m1-1': 4.74, 'm2-1': 5.17, 'm3-1': 27.69, 'm4-1': 106.68, 'm5-1': 23.58, 'm6-1': 104.43, 'm7-1': 27.61, 'm8-1': 99.62}",7.11,340.61699999999996,345.35699999999997,inf,347.81899999999996,347.81899999999996
262,T3,BESTEFFORT,CANCELLED,,239.645,"{'m1-1': 5.46, 'm2-1': 5.28, 'm3-1': 24.84, 'm4-1': 96.41, 'm5-1': 27.86, 'm6-1': 97.19, 'm7-1': 26.03, 'm8-1': 105.52}",0.0,inf,inf,inf,349.645,349.645
263,T5,BESTEFFORT,MISSED,m8-1,240.026,"{'m1-1': 4.9, 'm2-1': 4.82, 'm3-1': 29.45, 'm4-1': 104.98, 'm5-1': 25.08, 'm6-1': 104.04, 'm7-1': 26.74, 'm8-1': 105.56}",145.55850000000004,252.987,inf,350.026,350.026,350.026
264,T8,BESTEFFORT,COMPLETED,m2-1,240.226,"{'m1-1': 5.05, 'm2-1': 4.97, 'm3-1': 26.31, 'm4-1': 100.98, 'm5-1': 24.47, 'm6-1': 98.26, 'm7-1': 24.93, 'm8-1': 110.01}",7.455,343.893,348.863,inf,350.226,350.226
265,T4,BESTEFFORT,COMPLETED,m1-1,241.06,"{'m1-1': 4.63, 'm2-1': 4.78, 'm3-1': 26.34, 'm4-1': 107.23, 'm5-1': 26.74, 'm6-1': 98.34, 'm7-1': 26.44, 'm8-1': 99.57}",6.945,345.35699999999997,349.98699999999997,inf,351.06,351.06
266,T10,BESTEFFORT,MISSED,m8-1,241.51,"{'m1-1': 5.33, 'm2-1': 5.26, 'm3-1': 25.97, 'm4-1': 99.01, 'm5-1': 27.24, 'm6-1': 106.64, 'm7-1': 25.12, 'm8-1': 116.3}",0.0,391.186,inf,391.186,351.51,351.51
267,T4,BESTEFFORT,MISSED,m8-1,241.535,"{'m1-1': 5.24, 'm2-1': 5.22, 'm3-1': 27.78, 'm4-1': 104.85, 'm5-1': 26.34, 'm6-1': 98.98, 'm7-1': 26.09, 'm8-1': 115.17}",0.0,391.186,inf,391.186,351.53499999999997,351.53499999999997
268,T3,BESTEFFORT,MISSED,m3-1,245.157,"{'m1-1': 5.0, 'm2-1': 5.82, 'm3-1': 25.98, 'm4-1': 95.63, 'm5-1': 27.73, 'm6-1': 107.69, 'm7-1': 26.79, 'm8-1': 105.58}",37.18500000000003,330.367,inf,355.15700000000004,355.15700000000004,355.15700000000004
269,T5,BESTEFFORT,COMPLETED,m2-1,246.139,"{'m1-1': 5.3, 'm2-1': 4.92, 'm3-1': 25.72, 'm4-1': 100.22, 'm5-1': 25.31, 'm6-1': 94.14, 'm7-1': 27.97, 'm8-1': 93.88}",7.38,348.863,353.783,inf,356.139,356.139
270,T1,BESTEFFORT,COMPLETED,m1-1,246.956,"{'m1-1': 5.2, 'm2-1': 5.11, 'm3-1': 23.81, 'm4-1': 104.31, 'm5-1': 27.04, 'm6-1': 107.62, 'm7-1': 28.22, 'm8-1': 109.83}",7.800000000000001,349.98699999999997,355.18699999999995,inf,356.956,356.956
271,T2,BESTEFFORT,CANCELLED,,248.243,"{'m1-1': 4.82, 'm2-1': 5.62, 'm3-1': 27.17, 'm4-1': 100.46, 'm5-1': 27.08, 'm6-1': 103.49, 'm7-1': 25.94, 'm8-1': 96.96}",0.0,inf,inf,inf,358.243,358.243
272,T9,BESTEFFORT,COMPLETED,m7-1,248.969,"{'m1-1': 5.2, 'm2-1': 5.41, 'm3-1': 26.3, 'm4-1': 101.39, 'm5-1': 25.04, 'm6-1': 101.26, 'm7-1': 28.17, 'm8-1': 105.23}",42.255,330.16400000000004,358.33400000000006,inf,358.969,358.969
273,T9,BESTEFFORT,COMPLETED,m2-1,250.727,"{'m1-1': 5.39, 'm2-1': 5.24, 'm3-1': 27.8, 'm4-1': 107.14, 'm5-1': 27.15, 'm6-1': 108.22, 'm7-1': 25.97, 'm8-1': 107.77}",7.86,353.783,359.023,inf,360.727,360.727
274,T8,BESTEFFORT,COMPLETED,m1-1,255.406,"{'m1-1': 5.86, 'm2-1': 5.11, 'm3-1': 26.91, 'm4-1': 93.4, 'm5-1': 23.85, 'm6-1': 107.72, 'm7-1': 26.93, 'm8-1': 110.18}",8.790000000000001,355.18699999999995,361.04699999999997,inf,365.406,365.406
275,T8,BESTEFFORT,COMPLETED,m2-1,256.015,"{'m1-1': 4.95, 'm2-1': 4.99, 'm3-1': 27.1, 'm4-1': 109.97, 'm5-1': 23.39, 'm6-1': 98.23, 'm7-1': 25.9, 'm8-1': 110.36}",7.485,359.023,364.01300000000003,inf,366.015,366.015
276,T9,BESTEFFORT,COMPLETED,m1-1,256.725,"{'m1-1': 5.61, 'm2-1': 4.9, 'm3-1': 27.47, 'm4-1': 110.8, 'm5-1': 26.4, 'm6-1': 110.53, 'm7-1': 26.43, 'm8-1': 97.94}",8.415000000000001,361.04699999999997,366.657,inf,366.725,366.725
277,T9,BESTEFFORT,CANCELLED,,257.144,"{'m1-1': 5.74, 'm2-1': 5.46, 'm3-1': 26.56, 'm4-1': 111.84, 'm5-1': 28.6, 'm6-1': 107.83, 'm7-1': 26.32, 'm8-1': 103.79}",0.0,inf,inf,inf,367.144,367.144
278,T5,BESTEFFORT,CANCELLED,,257.615,"{'m1-1': 5.31, 'm2-1': 5.05, 'm3-1': 28.28, 'm4-1': 109.71, 'm5-1': 26.14, 'm6-1': 99.16, 'm7-1': 26.74, 'm8-1': 104.74}",0.0,inf,inf,inf,367.615,367.615
279,T2,BESTEFFORT,COMPLETED,m5-1,258.518,"{'m1-1': 5.08, 'm2-1': 5.58, 'm3-1': 26.06, 'm4-1': 109.5, 'm5-1': 25.37, 'm6-1': 103.49, 'm7-1': 24.77, 'm8-1': 103.66}",38.055,340.984,366.354,inf,368.518,368.518
280,T1,BESTEFFORT,CANCELLED,,259.39,"{'m1-1': 5.23, 'm2-1': 5.66, 'm3-1': 27.01, 'm4-1': 109.21, 'm5-1': 26.63, 'm6-1': 115.15, 'm7-1': 28.15, 'm8-1': 100.41}",0.0,inf,inf,inf,369.39,369.39
281,T8,BESTEFFORT,CANCELLED,,259.557,"{'m1-1': 5.74, 'm2-1': 5.4, 'm3-1': 27.3, 'm4-1': 103.81, 'm5-1': 25.14, 'm6-1': 113.21, 'm7-1': 25.33, 'm8-1': 99.17}",0.0,inf,inf,inf,369.557,369.557
282,T6,BESTEFFORT,COMPLETED,m2-1,260.361,"{'m1-1': 5.42, 'm2-1': 5.27, 'm3-1': 26.74, 'm4-1': 103.33, 'm5-1': 28.47, 'm6-1': 99.0, 'm7-1': 26.45, 'm8-1': 99.86}",7.904999999999999,364.01300000000003,369.283,inf,370.361,370.361
283,T1,BESTEFFORT,CANCELLED,,261.111,"{'m1-1': 5.4, 'm2-1': 5.26, 'm3-1': 26.89, 'm4-1': 109.88, 'm5-1': 24.37, 'm6-1': 100.08, 'm7-1': 27.86, 'm8-1': 99.51}",0.0,inf,inf,inf,371.111,371.111
284,T1,BESTEFFORT,MISSED,m1-1,261.119,"{'m1-1': 5.15, 'm2-1': 5.53, 'm3-1': 25.02, 'm4-1': 104.3, 'm5-1': 28.0, 'm6-1': 113.28, 'm7-1': 28.08, 'm8-1': 99.08}",6.693000000000069,366.657,inf,371.119,371.119,371.119
285,T4,BESTEFFORT,MISSED,m8-1,261.962,"{'m1-1': 5.29, 'm2-1': 4.83, 'm3-1': 27.8, 'm4-1': 111.51, 'm5-1': 24.04, 'm6-1': 105.8, 'm7-1': 25.55, 'm8-1': 105.79}",0.0,391.186,inf,391.186,371.962,371.962
286,T4,BESTEFFORT,COMPLETED,m2-1,265.324,"{'m1-1': 4.88, 'm2-1': 4.88, 'm3-1': 28.98, 'm4-1': 100.19, 'm5-1': 27.88, 'm6-1': 99.75, 'm7-1': 24.9, 'm8-1': 111.95}",7.32,369.283,374.163,inf,375.324,375.324
287,T2,BESTEFFORT,MISSED,m1-1,265.743,"{'m1-1': 4.72, 'm2-1': 5.02, 'm3-1': 23.1, 'm4-1': 107.88, 'm5-1': 28.05, 'm6-1': 109.06, 'm7-1': 26.88, 'm8-1': 103.61}",6.93599999999995,371.119,inf,375.743,375.743,375.743
288,T2,BESTEFFORT,MISSED,m6-1,266.826,"{'m1-1': 5.13, 'm2-1': 4.97, 'm3-1': 23.17, 'm4-1': 103.96, 'm5-1': 25.77, 'm6-1': 106.18, 'm7-1': 24.86, 'm8-1': 95.58}",76.58550000000002,325.769,inf,376.826,376.826,376.826
289,T4,BESTEFFORT,MISSED,m6-1,266.984,"{'m1-1': 5.2, 'm2-1': 4.83, 'm3-1': 28.45, 'm4-1': 114.01, 'm5-1': 23.84, 'm6-1': 96.27, 'm7-1': 24.84, 'm8-1': 115.4}",0.0,440.812,inf,440.812,376.984,376.984
290,T6,BESTEFFORT,MISSED,m3-1,267.713,"{'m1-1': 5.44, 'm2-1': 5.83, 'm3-1': 27.85, 'm4-1': 101.59, 'm5-1': 25.81, 'm6-1': 104.19, 'm7-1': 25.91, 'm8-1': 109.83}",33.833999999999975,355.15700000000004,inf,377.713,377.713,377.713
291,T9,BESTEFFORT,COMPLETED,m2-1,270.12,"{'m1-1': 4.92, 'm2-1': 5.28, 'm3-1': 25.98, 'm4-1': 98.52, 'm5-1': 26.1, 'm6-1': 103.06, 'm7-1': 25.27, 'm8-1': 99.38}",7.92,374.163,379.443,inf,380.12,380.12
292,T5,BESTEFFORT,COMPLETED,m1-1,271.092,"{'m1-1': 5.29, 'm2-1': 4.67, 'm3-1': 25.98, 'm4-1': 106.19, 'm5-1': 27.26, 'm6-1': 95.0, 'm7-1': 25.67, 'm8-1': 97.96}",7.9350000000000005,375.743,381.033,inf,381.092,381.092
293,T7,BESTEFFORT,MISSED,m6-1,271.32,"{'m1-1': 5.63, 'm2-1': 5.76, 'm3-1': 26.76, 'm4-1': 110.3, 'm5-1': 25.72, 'm6-1': 113.23, 'm7-1': 25.44, 'm8-1': 92.39}",0.0,440.812,inf,440.812,381.32,381.32
294,T6,BESTEFFORT,MISSED,m4-1,273.013,"{'m1-1': 4.82, 'm2-1': 5.16, 'm3-1': 25.37, 'm4-1': 114.54, 'm5-1': 25.7, 'm6-1': 96.44, 'm7-1': 26.46, 'm8-1': 98.79}",149.54549999999992,283.31600000000003,inf,383.013,383.013,383.013
295,T10,BESTEFFORT,CANCELLED,,273.182,"{'m1-1': 4.96, 'm2-1': 5.88, 'm3-1': 25.71, 'm4-1': 108.04, 'm5-1': 28.15, 'm6-1': 113.17, 'm7-1': 25.61, 'm8-1': 100.24}",0.0,inf,inf,inf,383.182,383.182
296,T5,BESTEFFORT,MISSED,m4-1,274.003,"{'m1-1': 5.38, 'm2-1': 4.85, 'm3-1': 25.96, 'm4-1': 117.28, 'm5-1': 26.38, 'm6-1': 108.72, 'm7-1': 27.2, 'm8-1': 107.44}",0.0,488.111,inf,488.111,384.003,384.003
297,T4,BESTEFFORT,MISSED,m6-1,274.331,"{'m1-1': 5.44, 'm2-1': 5.23, 'm3-1': 29.15, 'm4-1': 110.03, 'm5-1': 23.84, 'm6-1': 103.33, 'm7-1': 25.28, 'm8-1': 106.97}",0.0,440.812,inf,440.812,384.331,384.331
298,T7,BESTEFFORT,COMPLETED,m2-1,274.9,"{'m1-1': 5.51, 'm2-1': 5.43, 'm3-1': 28.93, 'm4-1': 110.35, 'm5-1': 26.69, 'm6-1': 111.1, 'm7-1': 26.34, 'm8-1': 106.05}",8.145,379.443,384.873,inf,384.9,384.9
299,T3,BESTEFFORT,COMPLETED,m7-1,275.453,"{'m1-1': 5.43, 'm2-1': 5.15, 'm3-1': 27.68, 'm4-1': 107.7, 'm5-1': 24.47, 'm6-1': 95.13, 'm7-1': 26.22, 'm8-1': 114.17}",39.33,358.33400000000006,384.5540000000001,inf,385.453,385.453
300,T9,BESTEFFORT,COMPLETED,m1-1,277.426,"{'m1-1': 5.6, 'm2-1': 5.35, 'm3-1': 25.78, 'm4-1': 101.65, 'm5-1': 24.22, 'm6-1': 101.31, 'm7-1': 25.07, 'm8-1': 103.61}",8.399999999999999,381.033,386.63300000000004,inf,387.426,387.426
301,T2,BESTEFFORT,MISSED,m4-1,278.132,"{'m1-1': 5.2, 'm2-1': 5.56, 'm3-1': 26.83, 'm4-1': 100.26, 'm5-1': 25.85, 'm6-1': 99.11, 'm7-1': 27.74, 'm8-1': 103.72}",0.0,488.111,inf,488.111,388.132,388.132
302,T9,BESTEFFORT,CANCELLED,,278.204,"{'m1-1': 4.96, 'm2-1': 5.41, 'm3-1': 28.02, 'm4-1': 109.64, 'm5-1': 24.56, 'm6-1': 107.64, 'm7-1': 29.3, 'm8-1': 93.24}",0.0,inf,inf,inf,388.204,388.204
303,T6,BESTEFFORT,CANCELLED,,279.408,"{'m1-1': 5.14, 'm2-1': 5.03, 'm3-1': 26.66, 'm4-1': 116.78, 'm5-1': 25.32, 'm6-1': 105.12, 'm7-1': 27.96, 'm8-1': 109.46}",0.0,inf,inf,inf,389.408,389.408
304,T10,BESTEFFORT,MISSED,m2-1,280.166,"{'m1-1': 4.81, 'm2-1': 5.84, 'm3-1': 28.87, 'm4-1': 99.74, 'm5-1': 27.77, 'm6-1': 111.84, 'm7-1': 24.4, 'm8-1': 108.69}",7.9395000000000095,384.873,inf,390.166,390.166,390.166
305,T10,BESTEFFORT,MISSED,m1-1,281.038,"{'m1-1': 5.43, 'm2-1': 5.89, 'm3-1': 27.34, 'm4-1': 99.74, 'm5-1': 27.02, 'm6-1': 102.34, 'm7-1': 25.25, 'm8-1': 111.28}",6.607499999999959,386.63300000000004,inf,391.038,391.038,391.038
306,T4,BESTEFFORT,MISSED,m8-1,281.186,"{'m1-1': 5.5, 'm2-1': 5.42, 'm3-1': 27.31, 'm4-1': 97.35, 'm5-1': 25.6, 'm6-1': 94.29, 'm7-1': 26.11, 'm8-1': 108.16}",61.73999999999995,350.026,inf,391.186,391.186,391.186
307,T3,BESTEFFORT,MISSED,m8-1,281.451,"{'m1-1': 4.87, 'm2-1': 5.09, 'm3-1': 24.54, 'm4-1': 103.62, 'm5-1': 27.72, 'm6-1': 98.12, 'm7-1': 26.32, 'm8-1': 115.39}",0.0,473.016,inf,473.016,391.451,391.451
308,T8,BESTEFFORT,MISSED,m8-1,281.545,"{'m1-1': 5.05, 'm2-1': 5.08, 'm3-1': 27.45, 'm4-1': 108.98, 'm5-1': 24.86, 'm6-1': 99.48, 'm7-1': 28.14, 'm8-1': 102.03}",0.0,473.016,inf,473.016,391.545,391.545
309,T5,BESTEFFORT,CANCELLED,,282.138,"{'m1-1': 5.44, 'm2-1': 5.27, 'm3-1': 26.92, 'm4-1': 109.9, 'm5-1': 24.72, 'm6-1': 107.06, 'm7-1': 25.86, 'm8-1': 93.41}",0.0,inf,inf,inf,392.138,392.138
310,T10,BESTEFFORT,MISSED,m4-1,282.491,"{'m1-1': 5.31, 'm2-1': 5.88, 'm3-1': 29.39, 'm4-1': 97.36, 'm5-1': 28.62, 'm6-1': 98.53, 'm7-1': 25.93, 'm8-1': 100.6}",14.217000000000013,383.013,inf,392.491,392.491,392.491
311,T2,BESTEFFORT,MISSED,m8-1,283.917,"{'m1-1': 4.64, 'm2-1': 5.24, 'm3-1': 26.89, 'm4-1': 102.91, 'm5-1': 25.68, 'm6-1': 99.74, 'm7-1': 24.48, 'm8-1': 96.76}",0.0,473.016,inf,473.016,393.917,393.917
312,T3,BESTEFFORT,COMPLETED,m5-1,286.398,"{'m1-1': 5.14, 'm2-1': 5.35, 'm3-1': 27.66, 'm4-1': 100.8, 'm5-1': 26.68, 'm6-1': 104.23, 'm7-1': 24.55, 'm8-1': 110.55}",40.019999999999996,366.354,393.034,inf,396.398,396.398
313,T3,BESTEFFORT,COMPLETED,m2-1,286.858,"{'m1-1': 5.25, 'm2-1': 5.42, 'm3-1': 27.1, 'm4-1': 98.98, 'm5-1': 27.31, 'm6-1': 104.23, 'm7-1': 26.0, 'm8-1': 113.07}",8.129999999999999,390.166,395.586,inf,396.858,396.858
314,T7,BESTEFFORT,COMPLETED,m1-1,287.322,"{'m1-1': 5.75, 'm2-1': 5.54, 'm3-1': 28.47, 'm4-1': 109.52, 'm5-1': 26.61, 'm6-1': 116.72, 'm7-1': 29.72, 'm8-1': 100.46}",8.625,391.038,396.788,inf,397.322,397.322
315,T7,BESTEFFORT,CANCELLED,,287.921,"{'m1-1': 4.89, 'm2-1': 5.27, 'm3-1': 28.84, 'm4-1': 94.86, 'm5-1': 24.92, 'm6-1': 109.75, 'm7-1': 28.6, 'm8-1': 102.83}",0.0,inf,inf,inf,397.921,397.921
316,T7,BESTEFFORT,MISSED,m2-1,290.896,"{'m1-1': 5.04, 'm2-1': 5.51, 'm3-1': 26.76, 'm4-1': 102.72, 'm5-1': 26.74, 'm6-1': 104.81, 'm7-1': 26.2, 'm8-1': 92.54}",7.965000000000003,395.586,inf,400.896,400.896,400.896
317,T8,BESTEFFORT,CANCELLED,,291.156,"{'m1-1': 4.96, 'm2-1': 5.88, 'm3-1': 29.06, 'm4-1': 98.51, 'm5-1': 26.07, 'm6-1': 108.24, 'm7-1': 27.3, 'm8-1': 113.28}",0.0,inf,inf,inf,401.156,401.156
318,T7,BESTEFFORT,COMPLETED,m1-1,292.957,"{'m1-1': 5.27, 'm2-1': 5.87, 'm3-1': 29.2, 'm4-1': 105.42, 'm5-1': 25.47, 'm6-1': 108.34, 'm7-1': 27.11, 'm8-1': 95.89}",7.904999999999999,396.788,402.058,inf,402.957,402.957
319,T5,BESTEFFORT,MISSED,m4-1,293.306,"{'m1-1': 5.3, 'm2-1': 5.1, 'm3-1': 26.44, 'm4-1': 99.22, 'm5-1': 25.6, 'm6-1': 94.26, 'm7-1': 27.19, 'm8-1': 100.61}",0.0,488.111,inf,488.111,403.306,403.306
320,T2,BESTEFFORT,CANCELLED,,294.077,"{'m1-1': 4.97, 'm2-1': 5.24, 'm3-1': 25.07, 'm4-1': 104.2, 'm5-1': 24.0, 'm6-1': 93.74, 'm7-1': 25.8, 'm8-1': 98.06}",0.0,inf,inf,inf,404.077,404.077
321,T6,BESTEFFORT,CANCELLED,,295.308,"{'m1-1': 5.0, 'm2-1': 5.37, 'm3-1': 28.26, 'm4-1': 108.65, 'm5-1': 25.27, 'm6-1': 101.64, 'm7-1': 26.4, 'm8-1': 103.67}",0.0,inf,inf,inf,405.308,405.308
322,T6,BESTEFFORT,CANCELLED,,295.552,"{'m1-1': 5.31, 'm2-1': 5.21, 'm3-1': 25.81, 'm4-1': 107.66, 'm5-1': 26.34, 'm6-1': 101.59, 'm7-1': 24.82, 'm8-1': 108.45}",0.0,inf,inf,inf,405.552,405.552
323,T8,BESTEFFORT,MISSED,m3-1,295.969,"{'m1-1': 5.63, 'm2-1': 5.32, 'm3-1': 28.93, 'm4-1': 109.48, 'm5-1': 25.04, 'm6-1': 105.32, 'm7-1': 28.88, 'm8-1': 97.57}",42.38399999999996,377.713,inf,405.969,405.969,405.969
324,T2,BESTEFFORT,COMPLETED,m2-1,296.857,"{'m1-1': 5.05, 'm2-1': 5.64, 'm3-1': 27.12, 'm4-1': 97.81, 'm5-1': 26.36, 'm6-1': 94.93, 'm7-1': 26.2, 'm8-1': 105.64}",8.459999999999999,400.896,406.536,inf,406.857,406.857
325,T7,BESTEFFORT,COMPLETED,m1-1,297.341,"{'m1-1': 5.25, 'm2-1': 5.56, 'm3-1': 26.91, 'm4-1': 107.56, 'm5-1': 28.45, 'm6-1': 118.31, 'm7-1': 28.43, 'm8-1': 104.46}",7.875,402.058,407.308,inf,407.341,407.341
326,T2,BESTEFFORT,CANCELLED,,298.845,"{'m1-1': 5.03, 'm2-1': 5.83, 'm3-1': 26.71, 'm4-1': 110.49, 'm5-1': 26.63, 'm6-1': 108.12, 'm7-1': 28.9, 'm8-1': 107.62}",0.0,inf,inf,inf,408.845,408.845
327,T8,BESTEFFORT,CANCELLED,,299.361,"{'m1-1': 5.56, 'm2-1': 5.56, 'm3-1': 26.91, 'm4-1': 100.19, 'm5-1': 23.62, 'm6-1': 109.85, 'm7-1': 28.07, 'm8-1': 99.65}",0.0,inf,inf,inf,409.361,409.361
328,T8,BESTEFFORT,CANCELLED,,300.535,"{'m1-1': 5.43, 'm2-1': 5.19, 'm3-1': 26.64, 'm4-1': 95.76, 'm5-1': 26.97, 'm6-1': 97.58, 'm7-1': 27.2, 'm8-1': 99.0}",0.0,inf,inf,inf,410.535,410.535
329,T8,BESTEFFORT,CANCELLED,,300.649,"{'m1-1': 5.52, 'm2-1': 5.14, 'm3-1': 28.14, 'm4-1': 105.4, 'm5-1': 24.6, 'm6-1': 115.17, 'm7-1': 28.26, 'm8-1': 101.02}",0.0,inf,inf,inf,410.649,410.649
330,T6,BESTEFFORT,MISSED,m2-1,301.971,"{'m1-1': 4.65, 'm2-1': 5.52, 'm3-1': 27.28, 'm4-1': 107.49, 'm5-1': 26.99, 'm6-1': 102.05, 'm7-1': 28.57, 'm8-1': 100.83}",8.152500000000003,406.536,inf,411.971,411.971,411.971
331,T2,BESTEFFORT,COMPLETED,m1-1,302.823,"{'m1-1': 4.76, 'm2-1': 5.61, 'm3-1': 26.64, 'm4-1': 110.46, 'm5-1': 25.68, 'm6-1': 92.8, 'm7-1': 28.92, 'm8-1': 98.27}",7.14,407.308,412.068,inf,412.823,412.823
332,T1,BESTEFFORT,COMPLETED,m7-1,303.327,"{'m1-1': 4.84, 'm2-1': 4.98, 'm3-1': 25.63, 'm4-1': 107.73, 'm5-1': 27.32, 'm6-1': 105.21, 'm7-1': 26.76, 'm8-1': 95.89}",40.14,384.5540000000001,411.3140000000001,inf,413.327,413.327
333,T3,BESTEFFORT,CANCELLED,,305.12,"{'m1-1': 5.08, 'm2-1': 5.07, 'm3-1': 26.41, 'm4-1': 97.49, 'm5-1': 26.5, 'm6-1': 102.89, 'm7-1': 26.56, 'm8-1': 98.72}",0.0,inf,inf,inf,415.12,415.12
334,T6,BESTEFFORT,CANCELLED,,305.252,"{'m1-1': 4.89, 'm2-1': 5.08, 'm3-1': 28.42, 'm4-1': 117.59, 'm5-1': 28.01, 'm6-1': 109.58, 'm7-1': 25.3, 'm8-1': 105.85}",0.0,inf,inf,inf,415.252,415.252
335,T10,BESTEFFORT,CANCELLED,,305.897,"{'m1-1': 4.75, 'm2-1': 5.3, 'm3-1': 28.75, 'm4-1': 107.95, 'm5-1': 26.7, 'm6-1': 106.18, 'm7-1': 25.0, 'm8-1': 106.34}",0.0,inf,inf,inf,415.897,415.897
336,T8,BESTEFFORT,COMPLETED,m2-1,307.407,"{'m1-1': 5.01, 'm2-1': 5.4, 'm3-1': 24.62, 'm4-1': 98.31, 'm5-1': 24.48, 'm6-1': 104.77, 'm7-1': 24.58, 'm8-1': 106.81}",8.100000000000001,411.971,417.371,inf,417.407,417.407
337,T1,BESTEFFORT,COMPLETED,m1-1,308.267,"{'m1-1': 5.47, 'm2-1': 5.64, 'm3-1': 24.29, 'm4-1': 116.96, 'm5-1': 28.08, 'm6-1': 114.7, 'm7-1': 26.3, 'm8-1': 95.16}",8.205,412.068,417.538,inf,418.267,418.267
338,T3,BESTEFFORT,CANCELLED,,308.829,"{'m1-1': 5.04, 'm2-1': 5.51, 'm3-1': 24.78, 'm4-1': 109.05, 'm5-1': 24.42, 'm6-1': 103.96, 'm7-1': 27.16, 'm8-1': 105.53}",0.0,inf,inf,inf,418.829,418.829
339,T7,BESTEFFORT,CANCELLED,,308.839,"{'m1-1': 5.27, 'm2-1': 5.07, 'm3-1': 28.88, 'm4-1': 95.99, 'm5-1': 27.3, 'm6-1': 116.01, 'm7-1': 27.25, 'm8-1': 95.5}",0.0,inf,inf,inf,418.839,418.839
340,T7,BESTEFFORT,CANCELLED,,309.303,"{'m1-1': 5.49, 'm2-1': 5.62, 'm3-1': 26.06, 'm4-1': 95.22, 'm5-1': 29.18, 'm6-1': 115.26, 'm7-1': 26.36, 'm8-1': 91.64}",0.0,inf,inf,inf,419.303,419.303
341,T9,BESTEFFORT,CANCELLED,,310.095,"{'m1-1': 5.62, 'm2-1': 4.82, 'm3-1': 28.21, 'm4-1': 104.24, 'm5-1': 27.71, 'm6-1': 108.2, 'm7-1': 27.91, 'm8-1': 93.08}",0.0,inf,inf,inf,420.095,420.095
342,T1,BESTEFFORT,CANCELLED,,310.577,"{'m1-1': 5.0, 'm2-1': 5.56, 'm3-1': 23.77, 'm4-1': 110.63, 'm5-1': 27.4, 'm6-1': 113.84, 'm7-1': 26.56, 'm8-1': 99.28}",0.0,inf,inf,inf,420.577,420.577
343,T2,BESTEFFORT,COMPLETED,m2-1,312.728,"{'m1-1': 5.47, 'm2-1': 5.0, 'm3-1': 26.49, 'm4-1': 98.04, 'm5-1': 26.27, 'm6-1': 98.31, 'm7-1': 27.52, 'm8-1': 96.24}",7.5,417.371,422.371,inf,422.728,422.728
344,T2,BESTEFFORT,COMPLETED,m5-1,314.206,"{'m1-1': 4.7, 'm2-1': 5.84, 'm3-1': 25.87, 'm4-1': 103.3, 'm5-1': 27.22, 'm6-1': 93.06, 'm7-1': 25.73, 'm8-1': 95.99}",40.83,393.034,420.254,inf,424.206,424.206
345,T7,BESTEFFORT,COMPLETED,m1-1,314.245,"{'m1-1': 5.16, 'm2-1': 5.61, 'm3-1': 27.03, 'm4-1': 105.34, 'm5-1': 27.81, 'm6-1': 114.8, 'm7-1': 28.82, 'm8-1': 92.81}",7.74,417.538,422.69800000000004,inf,424.245,424.245
346,T9,BESTEFFORT,MISSED,m7-1,314.799,"{'m1-1': 4.88, 'm2-1': 4.97, 'm3-1': 27.68, 'm4-1': 102.24, 'm5-1': 25.97, 'm6-1': 98.52, 'm7-1': 25.45, 'm8-1': 94.95}",20.22749999999985,411.3140000000001,inf,424.799,424.799,424.799
347,T2,BESTEFFORT,MISSED,m1-1,317.042,"{'m1-1': 4.89, 'm2-1': 5.89, 'm3-1': 23.47, 'm4-1': 112.64, 'm5-1': 27.69, 'm6-1': 108.25, 'm7-1': 28.81, 'm8-1': 99.54}",6.515999999999906,422.69800000000004,inf,427.042,427.042,427.042
348,T3,BESTEFFORT,CANCELLED,,317.815,"{'m1-1': 5.56, 'm2-1': 5.7, 'm3-1': 27.72, 'm4-1': 108.01, 'm5-1': 25.84, 'm6-1': 92.61, 'm7-1': 25.32, 'm8-1': 101.29}",0.0,inf,inf,inf,427.815,427.815
349,T8,BESTEFFORT,COMPLETED,m2-1,321.682,"{'m1-1': 5.49, 'm2-1': 5.58, 'm3-1': 26.44, 'm4-1': 99.86, 'm5-1': 25.59, 'm6-1': 106.5, 'm7-1': 26.87, 'm8-1': 107.24}",8.370000000000001,422.371,427.95099999999996,inf,431.682,431.682
350,T7,BESTEFFORT,MISSED,m3-1,322.532,"{'m1-1': 5.5, 'm2-1': 5.74, 'm3-1': 26.93, 'm4-1': 96.51, 'm5-1': 26.11, 'm6-1': 115.6, 'm7-1': 27.42, 'm8-1': 97.0}",39.84449999999998,405.969,inf,432.532,432.532,432.532
351,T5,BESTEFFORT,COMPLETED,m1-1,323.121,"{'m1-1': 5.4, 'm2-1': 4.76, 'm3-1': 27.32, 'm4-1': 117.16, 'm5-1': 26.05, 'm6-1': 98.9, 'm7-1': 24.29, 'm8-1': 101.6}",8.100000000000001,427.042,432.44199999999995,inf,433.121,433.121
352,T1,BESTEFFORT,CANCELLED,,324.625,"{'m1-1': 5.35, 'm2-1': 5.61, 'm3-1': 25.16, 'm4-1': 119.31, 'm5-1': 24.0, 'm6-1': 102.18, 'm7-1': 29.59, 'm8-1': 101.4}",0.0,inf,inf,inf,434.625,434.625
353,T2,BESTEFFORT,COMPLETED,m2-1,324.691,"{'m1-1': 5.0, 'm2-1': 5.31, 'm3-1': 27.3, 'm4-1': 115.01, 'm5-1': 24.12, 'm6-1': 92.69, 'm7-1': 27.59, 'm8-1': 103.75}",7.965,427.95099999999996,433.26099999999997,inf,434.691,434.691
354,T2,BESTEFFORT,CANCELLED,,325.753,"{'m1-1': 4.66, 'm2-1': 5.2, 'm3-1': 24.8, 'm4-1': 99.64, 'm5-1': 24.62, 'm6-1': 103.14, 'm7-1': 25.11, 'm8-1': 99.42}",0.0,inf,inf,inf,435.753,435.753
355,T10,BESTEFFORT,MISSED,m1-1,327.071,"{'m1-1': 5.58, 'm2-1': 5.04, 'm3-1': 29.12, 'm4-1': 109.68, 'm5-1': 27.8, 'm6-1': 106.64, 'm7-1': 28.36, 'm8-1': 102.77}",6.943500000000114,432.44199999999995,inf,437.071,437.071,437.071
356,T2,BESTEFFORT,CANCELLED,,328.444,"{'m1-1': 4.94, 'm2-1': 5.89, 'm3-1': 26.69, 'm4-1': 111.07, 'm5-1': 27.61, 'm6-1': 93.67, 'm7-1': 26.13, 'm8-1': 101.52}",0.0,inf,inf,inf,438.444,438.444
357,T8,BESTEFFORT,CANCELLED,,328.508,"{'m1-1': 4.98, 'm2-1': 5.84, 'm3-1': 26.12, 'm4-1': 107.87, 'm5-1': 25.2, 'm6-1': 99.97, 'm7-1': 28.21, 'm8-1': 107.54}",0.0,inf,inf,inf,438.508,438.508
358,T5,BESTEFFORT,CANCELLED,,328.802,"{'m1-1': 5.52, 'm2-1': 4.9, 'm3-1': 26.52, 'm4-1': 103.33, 'm5-1': 23.9, 'm6-1': 94.42, 'm7-1': 28.35, 'm8-1': 94.46}",0.0,inf,inf,inf,438.802,438.802
359,T5,BESTEFFORT,COMPLETED,m2-1,329.316,"{'m1-1': 5.1, 'm2-1': 5.1, 'm3-1': 29.1, 'm4-1': 117.31, 'm5-1': 25.57, 'm6-1': 102.38, 'm7-1': 28.49, 'm8-1': 108.77}",7.6499999999999995,433.26099999999997,438.361,inf,439.316,439.316
360,T10,BESTEFFORT,MISSED,m6-1,330.812,"{'m1-1': 5.03, 'm2-1': 5.61, 'm3-1': 25.43, 'm4-1': 93.93, 'm5-1': 26.7, 'm6-1': 98.86, 'm7-1': 24.29, 'm8-1': 116.23}",95.97899999999998,376.826,inf,440.812,440.812,440.812
361,T8,BESTEFFORT,MISSED,m6-1,332.211,"{'m1-1': 5.6, 'm2-1': 5.21, 'm3-1': 24.58, 'm4-1': 107.52, 'm5-1': 23.55, 'm6-1': 106.25, 'm7-1': 25.94, 'm8-1': 100.0}",0.0,483.299,inf,483.299,442.211,442.211
362,T1,BESTEFFORT,COMPLETED,m2-1,335.378,"{'m1-1': 5.53, 'm2-1': 5.83, 'm3-1': 25.0, 'm4-1': 119.22, 'm5-1': 25.65, 'm6-1': 111.21, 'm7-1': 26.78, 'm8-1': 100.89}",8.745000000000001,438.361,444.191,inf,445.378,445.378
363,T1,BESTEFFORT,COMPLETED,m1-1,339.347,"{'m1-1': 5.39, 'm2-1': 5.83, 'm3-1': 26.95, 'm4-1': 101.19, 'm5-1': 27.67, 'm6-1': 105.32, 'm7-1': 25.31, 'm8-1': 98.39}",8.084999999999999,437.071,442.461,inf,449.347,449.347
364,T9,BESTEFFORT,COMPLETED,m5-1,339.424,"{'m1-1': 5.03, 'm2-1': 5.46, 'm3-1': 26.6, 'm4-1': 97.79, 'm5-1': 25.43, 'm6-1': 113.8, 'm7-1': 28.58, 'm8-1': 92.39}",38.144999999999996,420.254,445.684,inf,449.424,449.424
365,T2,BESTEFFORT,COMPLETED,m1-1,341.096,"{'m1-1': 4.88, 'm2-1': 5.13, 'm3-1': 23.57, 'm4-1': 111.19, 'm5-1': 24.19, 'm6-1': 96.91, 'm7-1': 28.38, 'm8-1': 109.85}",7.32,442.461,447.341,inf,451.096,451.096
366,T2,BESTEFFORT,MISSED,m7-1,341.749,"{'m1-1': 5.33, 'm2-1': 5.0, 'm3-1': 25.46, 'm4-1': 108.42, 'm5-1': 24.69, 'm6-1': 101.31, 'm7-1': 27.4, 'm8-1': 103.67}",40.42500000000007,424.799,inf,451.749,451.749,451.749
367,T1,BESTEFFORT,COMPLETED,m2-1,341.78,"{'m1-1': 5.43, 'm2-1': 5.52, 'm3-1': 25.08, 'm4-1': 107.13, 'm5-1': 25.59, 'm6-1': 104.53, 'm7-1': 25.67, 'm8-1': 96.12}",8.28,444.191,449.71099999999996,inf,451.78,451.78
368,T8,BESTEFFORT,MISSED,m6-1,342.392,"{'m1-1': 5.53, 'm2-1': 5.74, 'm3-1': 25.27, 'm4-1': 97.06, 'm5-1': 27.42, 'm6-1': 106.41, 'm7-1': 25.8, 'm8-1': 113.14}",0.0,483.299,inf,483.299,452.392,452.392
369,T3,BESTEFFORT,MISSED,m1-1,342.599,"{'m1-1': 5.45, 'm2-1': 5.47, 'm3-1': 25.14, 'm4-1': 108.74, 'm5-1': 27.6, 'm6-1': 97.71, 'm7-1': 23.35, 'm8-1': 103.39}",7.886999999999972,447.341,inf,452.599,452.599,452.599
370,T10,BESTEFFORT,CANCELLED,,343.106,"{'m1-1': 5.38, 'm2-1': 5.68, 'm3-1': 27.2, 'm4-1': 103.08, 'm5-1': 25.07, 'm6-1': 106.11, 'm7-1': 28.0, 'm8-1': 100.68}",0.0,inf,inf,inf,453.106,453.106
371,T9,BESTEFFORT,COMPLETED,m2-1,344.734,"{'m1-1': 5.52, 'm2-1': 4.89, 'm3-1': 25.56, 'm4-1': 103.15, 'm5-1': 27.74, 'm6-1': 100.62, 'm7-1': 27.28, 'm8-1': 106.6}",7.334999999999999,449.71099999999996,454.60099999999994,inf,454.734,454.734
372,T1,BESTEFFORT,MISSED,m6-1,345.085,"{'m1-1': 5.64, 'm2-1': 5.59, 'm3-1': 26.36, 'm4-1': 100.9, 'm5-1': 27.07, 'm6-1': 111.12, 'm7-1': 25.14, 'm8-1': 107.24}",0.0,483.299,inf,483.299,455.085,455.085
373,T5,BESTEFFORT,CANCELLED,,345.357,"{'m1-1': 5.44, 'm2-1': 4.87, 'm3-1': 29.16, 'm4-1': 103.41, 'm5-1': 27.0, 'm6-1': 100.86, 'm7-1': 27.68, 'm8-1': 103.89}",0.0,inf,inf,inf,455.357,455.357
374,T5,BESTEFFORT,CANCELLED,,345.594,"{'m1-1': 5.11, 'm2-1': 4.94, 'm3-1': 26.78, 'm4-1': 101.68, 'm5-1': 23.3, 'm6-1': 100.78, 'm7-1': 27.38, 'm8-1': 105.47}",0.0,inf,inf,inf,455.594,455.594
375,T1,BESTEFFORT,MISSED,m3-1,346.612,"{'m1-1': 4.99, 'm2-1': 5.31, 'm3-1': 24.64, 'm4-1': 114.23, 'm5-1': 27.28, 'm6-1': 115.98, 'm7-1': 25.74, 'm8-1': 94.38}",36.12000000000006,432.532,inf,456.612,456.612,456.612
376,T2,BESTEFFORT,COMPLETED,m1-1,349.24,"{'m1-1': 5.1, 'm2-1': 5.24, 'm3-1': 23.15, 'm4-1': 100.9, 'm5-1': 28.04, 'm6-1': 97.86, 'm7-1': 27.82, 'm8-1': 100.36}",7.6499999999999995,452.599,457.699,inf,459.24,459.24
377,T3,BESTEFFORT,COMPLETED,m2-1,351.794,"{'m1-1': 4.85, 'm2-1': 5.6, 'm3-1': 25.46, 'm4-1': 97.54, 'm5-1': 27.38, 'm6-1': 93.78, 'm7-1': 24.08, 'm8-1': 108.67}",8.399999999999999,454.60099999999994,460.20099999999996,inf,461.794,461.794
378,T8,BESTEFFORT,CANCELLED,,352.128,"{'m1-1': 5.48, 'm2-1': 5.63, 'm3-1': 25.64, 'm4-1': 104.24, 'm5-1': 24.82, 'm6-1': 107.95, 'm7-1': 29.15, 'm8-1': 101.14}",0.0,inf,inf,inf,462.128,462.128
379,T4,BESTEFFORT,COMPLETED,m1-1,354.258,"{'m1-1': 4.92, 'm2-1': 5.34, 'm3-1': 27.81, 'm4-1': 105.45, 'm5-1': 27.17, 'm6-1': 104.51, 'm7-1': 24.9, 'm8-1': 109.25}",7.38,457.699,462.619,inf,464.258,464.258
380,T8,BESTEFFORT,CANCELLED,,354.365,"{'m1-1': 5.5, 'm2-1': 5.81, 'm3-1': 25.51, 'm4-1': 110.1, 'm5-1': 24.88, 'm6-1': 101.27, 'm7-1': 26.12, 'm8-1': 106.54}",0.0,inf,inf,inf,464.365,464.365
381,T2,BESTEFFORT,CANCELLED,,354.367,"{'m1-1': 5.02, 'm2-1': 5.03, 'm3-1': 26.32, 'm4-1': 103.17, 'm5-1': 24.12, 'm6-1': 108.57, 'm7-1': 25.46, 'm8-1': 108.05}",0.0,inf,inf,inf,464.367,464.367
382,T1,BESTEFFORT,CANCELLED,,355.724,"{'m1-1': 5.07, 'm2-1': 5.44, 'm3-1': 24.28, 'm4-1': 115.38, 'm5-1': 27.88, 'm6-1': 102.32, 'm7-1': 27.58, 'm8-1': 104.76}",0.0,inf,inf,inf,465.724,465.724
383,T1,BESTEFFORT,COMPLETED,m2-1,355.911,"{'m1-1': 5.23, 'm2-1': 5.41, 'm3-1': 26.2, 'm4-1': 108.6, 'm5-1': 25.5, 'm6-1': 110.48, 'm7-1': 26.33, 'm8-1': 97.63}",8.115,460.20099999999996,465.611,inf,465.911,465.911
384,T8,BESTEFFORT,CANCELLED,,357.837,"{'m1-1': 5.55, 'm2-1': 5.36, 'm3-1': 27.98, 'm4-1': 95.45, 'm5-1': 25.57, 'm6-1': 99.84, 'm7-1': 27.04, 'm8-1': 113.48}",0.0,inf,inf,inf,467.837,467.837
385,T4,BESTEFFORT,COMPLETED,m2-1,360.821,"{'m1-1': 5.16, 'm2-1': 4.69, 'm3-1': 28.45, 'm4-1': 108.02, 'm5-1': 24.0, 'm6-1': 108.96, 'm7-1': 25.28, 'm8-1': 104.83}",7.035,465.611,470.301,inf,470.821,470.821
386,T8,BESTEFFORT,COMPLETED,m1-1,360.854,"{'m1-1': 5.19, 'm2-1': 5.64, 'm3-1': 25.8, 'm4-1': 103.79, 'm5-1': 23.74, 'm6-1': 115.86, 'm7-1': 26.76, 'm8-1': 101.15}",7.785,462.619,467.809,inf,470.854,470.854
387,T4,BESTEFFORT,CANCELLED,,362.075,"{'m1-1': 5.39, 'm2-1': 4.75, 'm3-1': 26.98, 'm4-1': 109.38, 'm5-1': 24.23, 'm6-1': 105.06, 'm7-1': 26.74, 'm8-1': 113.56}",0.0,inf,inf,inf,472.075,472.075
388,T2,BESTEFFORT,CANCELLED,,362.722,"{'m1-1': 5.23, 'm2-1': 5.63, 'm3-1': 27.37, 'm4-1': 98.44, 'm5-1': 27.16, 'm6-1': 103.45, 'm7-1': 27.67, 'm8-1': 102.37}",0.0,inf,inf,inf,472.722,472.722
389,T10,BESTEFFORT,MISSED,m8-1,363.016,"{'m1-1': 5.58, 'm2-1': 5.16, 'm3-1': 27.17, 'm4-1': 97.96, 'm5-1': 28.18, 'm6-1': 98.11, 'm7-1': 28.3, 'm8-1': 104.11}",122.74500000000006,391.186,inf,473.016,473.016,473.016
390,T10,BESTEFFORT,COMPLETED,m5-1,363.826,"{'m1-1': 4.99, 'm2-1': 5.13, 'm3-1': 27.72, 'm4-1': 104.57, 'm5-1': 24.76, 'm6-1': 98.0, 'm7-1': 24.63, 'm8-1': 100.09}",37.14,445.684,470.444,inf,473.826,473.826
391,T5,BESTEFFORT,COMPLETED,m1-1,364.263,"{'m1-1': 5.52, 'm2-1': 5.48, 'm3-1': 27.99, 'm4-1': 114.79, 'm5-1': 24.0, 'm6-1': 99.83, 'm7-1': 24.66, 'm8-1': 109.04}",8.28,467.809,473.329,inf,474.263,474.263
392,T6,BESTEFFORT,MISSED,m8-1,365.182,"{'m1-1': 5.02, 'm2-1': 5.68, 'm3-1': 27.04, 'm4-1': 117.8, 'm5-1': 26.08, 'm6-1': 104.93, 'm7-1': 28.53, 'm8-1': 95.08}",0.0,506.116,inf,506.116,475.182,475.182
393,T8,BESTEFFORT,COMPLETED,m2-1,368.117,"{'m1-1': 5.89, 'm2-1': 5.9, 'm3-1': 25.21, 'm4-1': 110.91, 'm5-1': 24.3, 'm6-1': 100.29, 'm7-1': 28.63, 'm8-1': 99.71}",8.850000000000001,470.301,476.20099999999996,inf,478.117,478.117
394,T9,BESTEFFORT,MISSED,m7-1,368.129,"{'m1-1': 5.69, 'm2-1': 5.09, 'm3-1': 27.34, 'm4-1': 105.87, 'm5-1': 24.62, 'm6-1': 114.75, 'm7-1': 28.03, 'm8-1': 101.61}",39.56999999999999,451.749,inf,478.129,478.129,478.129
395,T5,BESTEFFORT,COMPLETED,m1-1,369.423,"{'m1-1': 4.85, 'm2-1': 5.23, 'm3-1': 26.92, 'm4-1': 99.53, 'm5-1': 25.2, 'm6-1': 100.09, 'm7-1': 26.41, 'm8-1': 93.26}",7.2749999999999995,473.329,478.17900000000003,inf,479.423,479.423
396,T10,BESTEFFORT,MISSED,m8-1,370.317,"{'m1-1': 4.88, 'm2-1': 5.86, 'm3-1': 29.18, 'm4-1': 104.54, 'm5-1': 25.6, 'm6-1': 111.45, 'm7-1': 26.13, 'm8-1': 116.2}",0.0,506.116,inf,506.116,480.317,480.317
397,T10,BESTEFFORT,MISSED,m8-1,370.44,"{'m1-1': 5.46, 'm2-1': 5.55, 'm3-1': 25.86, 'm4-1': 108.77, 'm5-1': 29.21, 'm6-1': 107.55, 'm7-1': 27.28, 'm8-1': 117.07}",0.0,506.116,inf,506.116,480.44,480.44
398,T9,BESTEFFORT,MISSED,m3-1,373.221,"{'m1-1': 4.91, 'm2-1': 4.72, 'm3-1': 27.44, 'm4-1': 102.62, 'm5-1': 26.68, 'm6-1': 107.18, 'm7-1': 26.58, 'm8-1': 107.57}",39.91349999999997,456.612,inf,483.221,483.221,483.221
399,T2,BESTEFFORT,MISSED,m6-1,373.299,"{'m1-1': 5.2, 'm2-1': 5.85, 'm3-1': 25.66, 'm4-1': 112.25, 'm5-1': 24.53, 'm6-1': 95.52, 'm7-1': 27.4, 'm8-1': 113.16}",63.73049999999995,440.812,inf,483.299,483.299,483.299
400,T4,BESTEFFORT,COMPLETED,m2-1,374.033,"{'m1-1': 4.74, 'm2-1': 5.08, 'm3-1': 26.3, 'm4-1': 110.37, 'm5-1': 23.93, 'm6-1': 98.61, 'm7-1': 23.59, 'm8-1': 108.6}",7.62,476.20099999999996,481.28099999999995,inf,484.033,484.033
401,T8,BESTEFFORT,COMPLETED,m1-1,376.63,"{'m1-1': 5.32, 'm2-1': 5.49, 'm3-1': 27.84, 'm4-1': 97.88, 'm5-1': 26.55, 'm6-1': 110.8, 'm7-1': 28.43, 'm8-1': 112.71}",7.98,478.17900000000003,483.499,inf,486.63,486.63
402,T1,BESTEFFORT,COMPLETED,m2-1,378.355,"{'m1-1': 5.1, 'm2-1': 5.87, 'm3-1': 25.42, 'm4-1': 114.98, 'm5-1': 26.36, 'm6-1': 100.08, 'm7-1': 28.42, 'm8-1': 98.29}",8.805,481.28099999999995,487.15099999999995,inf,488.355,488.355
403,T7,BESTEFFORT,COMPLETED,m1-1,380.932,"{'m1-1': 5.1, 'm2-1': 5.67, 'm3-1': 28.15, 'm4-1': 95.38, 'm5-1': 29.44, 'm6-1': 113.91, 'm7-1': 28.76, 'm8-1': 108.19}",7.6499999999999995,483.499,488.59900000000005,inf,490.932,490.932
404,T3,BESTEFFORT,CANCELLED,,381.521,"{'m1-1': 4.73, 'm2-1': 5.08, 'm3-1': 25.9, 'm4-1': 98.55, 'm5-1': 27.65, 'm6-1': 91.97, 'm7-1': 24.96, 'm8-1': 102.2}",0.0,inf,inf,inf,491.521,491.521
405,T9,BESTEFFORT,MISSED,m2-1,381.717,"{'m1-1': 5.01, 'm2-1': 5.02, 'm3-1': 28.48, 'm4-1': 102.56, 'm5-1': 28.62, 'm6-1': 103.6, 'm7-1': 26.5, 'm8-1': 107.44}",6.849000000000046,487.15099999999995,inf,491.717,491.717,491.717
406,T8,BESTEFFORT,COMPLETED,m4-1,381.765,"{'m1-1': 5.77, 'm2-1': 5.12, 'm3-1': 25.92, 'm4-1': 95.62, 'm5-1': 24.85, 'm6-1': 104.95, 'm7-1': 26.32, 'm8-1': 114.86}",143.43,392.491,488.111,inf,491.765,491.765
407,T5,BESTEFFORT,MISSED,m6-1,382.887,"{'m1-1': 5.16, 'm2-1': 5.02, 'm3-1': 26.65, 'm4-1': 111.77, 'm5-1': 24.74, 'm6-1': 109.58, 'm7-1': 27.88, 'm8-1': 106.83}",0.0,570.354,inf,570.354,492.887,492.887
408,T2,BESTEFFORT,MISSED,m4-1,383.298,"{'m1-1': 5.21, 'm2-1': 5.47, 'm3-1': 23.98, 'm4-1': 100.62, 'm5-1': 27.4, 'm6-1': 92.4, 'm7-1': 26.22, 'm8-1': 113.45}",0.0,509.634,inf,509.634,493.298,493.298
409,T1,BESTEFFORT,MISSED,m4-1,384.333,"{'m1-1': 5.09, 'm2-1': 5.4, 'm3-1': 24.73, 'm4-1': 118.74, 'm5-1': 27.94, 'm6-1': 103.03, 'm7-1': 26.67, 'm8-1': 94.8}",0.0,509.634,inf,509.634,494.333,494.333
410,T10,BESTEFFORT,COMPLETED,m1-1,384.452,"{'m1-1': 5.48, 'm2-1': 5.22, 'm3-1': 25.96, 'm4-1': 105.29, 'm5-1': 24.8, 'm6-1': 103.94, 'm7-1': 27.59, 'm8-1': 102.32}",8.22,488.59900000000005,494.07900000000006,inf,494.452,494.452
411,T7,BESTEFFORT,MISSED,m6-1,386.44,"{'m1-1': 5.45, 'm2-1': 5.79, 'm3-1': 26.61, 'm4-1': 107.46, 'm5-1': 26.06, 'm6-1': 104.91, 'm7-1': 27.62, 'm8-1': 95.14}",0.0,570.354,inf,570.354,496.44,496.44
412,T9,BESTEFFORT,CANCELLED,,386.993,"{'m1-1': 5.47, 'm2-1': 5.41, 'm3-1': 28.42, 'm4-1': 108.46, 'm5-1': 27.09, 'm6-1': 112.4, 'm7-1': 27.67, 'm8-1': 94.01}",0.0,inf,inf,inf,496.993,496.993
413,T3,BESTEFFORT,COMPLETED,m2-1,387.925,"{'m1-1': 5.39, 'm2-1': 5.7, 'm3-1': 27.76, 'm4-1': 94.16, 'm5-1': 26.86, 'm6-1': 96.42, 'm7-1': 23.05, 'm8-1': 112.21}",8.55,491.717,497.417,inf,497.925,497.925
414,T10,BESTEFFORT,MISSED,m1-1,388.843,"{'m1-1': 5.53, 'm2-1': 5.9, 'm3-1': 27.28, 'm4-1': 109.7, 'm5-1': 26.59, 'm6-1': 106.96, 'm7-1': 24.55, 'm8-1': 103.49}",7.14599999999993,494.07900000000006,inf,498.843,498.843,498.843
415,T2,BESTEFFORT,COMPLETED,m5-1,389.43,"{'m1-1': 5.23, 'm2-1': 4.99, 'm3-1': 24.38, 'm4-1': 102.47, 'm5-1': 25.38, 'm6-1': 105.12, 'm7-1': 24.64, 'm8-1': 101.08}",38.07,470.444,495.824,inf,499.43,499.43
416,T2,BESTEFFORT,CANCELLED,,390.17,"{'m1-1': 4.95, 'm2-1': 5.79, 'm3-1': 24.28, 'm4-1': 111.09, 'm5-1': 24.4, 'm6-1': 103.81, 'm7-1': 28.29, 'm8-1': 100.65}",0.0,inf,inf,inf,500.17,500.17
417,T5,BESTEFFORT,MISSED,m4-1,390.332,"{'m1-1': 4.7, 'm2-1': 5.19, 'm3-1': 27.51, 'm4-1': 100.37, 'm5-1': 23.89, 'm6-1': 99.38, 'm7-1': 25.88, 'm8-1': 96.61}",0.0,509.634,inf,509.634,500.332,500.332
418,T5,BESTEFFORT,MISSED,m6-1,391.667,"{'m1-1': 4.72, 'm2-1': 5.22, 'm3-1': 29.47, 'm4-1': 103.93, 'm5-1': 24.16, 'm6-1': 104.85, 'm7-1': 24.87, 'm8-1': 99.09}",0.0,570.354,inf,570.354,501.667,501.667
419,T2,BESTEFFORT,COMPLETED,m2-1,394.828,"{'m1-1': 5.0, 'm2-1': 5.34, 'm3-1': 24.67, 'm4-1': 109.57, 'm5-1': 23.73, 'm6-1': 102.12, 'm7-1': 25.87, 'm8-1': 102.37}",8.01,497.417,502.75699999999995,inf,504.828,504.828
420,T6,BESTEFFORT,CANCELLED,,395.496,"{'m1-1': 5.43, 'm2-1': 5.01, 'm3-1': 26.43, 'm4-1': 112.81, 'm5-1': 24.3, 'm6-1': 99.8, 'm7-1': 28.24, 'm8-1': 99.04}",0.0,inf,inf,inf,505.496,505.496
421,T9,BESTEFFORT,COMPLETED,m1-1,395.583,"{'m1-1': 5.43, 'm2-1': 4.85, 'm3-1': 26.54, 'm4-1': 113.3, 'm5-1': 25.69, 'm6-1': 108.31, 'm7-1': 28.55, 'm8-1': 102.48}",8.145,498.843,504.273,inf,505.583,505.583
422,T2,BESTEFFORT,MISSED,m8-1,396.116,"{'m1-1': 4.74, 'm2-1': 5.55, 'm3-1': 23.43, 'm4-1': 104.5, 'm5-1': 24.85, 'm6-1': 108.15, 'm7-1': 28.82, 'm8-1': 99.3}",49.64999999999995,473.016,inf,506.116,506.116,506.116
423,T9,BESTEFFORT,COMPLETED,m7-1,396.116,"{'m1-1': 5.6, 'm2-1': 5.31, 'm3-1': 25.52, 'm4-1': 98.95, 'm5-1': 25.94, 'm6-1': 115.02, 'm7-1': 27.03, 'm8-1': 97.78}",40.545,478.129,505.159,inf,506.116,506.116
424,T4,BESTEFFORT,MISSED,m2-1,398.128,"{'m1-1': 4.88, 'm2-1': 5.46, 'm3-1': 26.82, 'm4-1': 107.11, 'm5-1': 24.73, 'm6-1': 106.69, 'm7-1': 23.65, 'm8-1': 113.6}",8.056500000000057,502.75699999999995,inf,508.128,508.128,508.128
425,T8,BESTEFFORT,MISSED,m4-1,399.634,"{'m1-1': 5.84, 'm2-1': 5.59, 'm3-1': 26.12, 'm4-1': 106.15, 'm5-1': 25.08, 'm6-1': 115.84, 'm7-1': 26.31, 'm8-1': 113.3}",32.28450000000004,488.111,inf,509.634,509.634,509.634
426,T1,BESTEFFORT,COMPLETED,m1-1,399.77,"{'m1-1': 5.26, 'm2-1': 5.22, 'm3-1': 24.63, 'm4-1': 108.62, 'm5-1': 26.4, 'm6-1': 99.08, 'm7-1': 25.49, 'm8-1': 94.15}",7.89,504.273,509.533,inf,509.77,509.77
427,T3,BESTEFFORT,COMPLETED,m3-1,401.801,"{'m1-1': 5.08, 'm2-1': 5.92, 'm3-1': 28.03, 'm4-1': 106.55, 'm5-1': 27.38, 'm6-1': 95.47, 'm7-1': 24.42, 'm8-1': 111.53}",42.045,483.221,511.251,inf,511.801,511.801
428,T8,BESTEFFORT,MISSED,m2-1,403.607,"{'m1-1': 5.11, 'm2-1': 5.78, 'm3-1': 24.8, 'm4-1': 108.34, 'm5-1': 26.4, 'm6-1': 111.84, 'm7-1': 27.52, 'm8-1': 106.12}",8.218499999999977,508.128,inf,513.607,513.607,513.607
429,T4,BESTEFFORT,COMPLETED,m1-1,405.37,"{'m1-1': 5.03, 'm2-1': 5.51, 'm3-1': 26.26, 'm4-1': 100.32, 'm5-1': 27.55, 'm6-1': 100.93, 'm7-1': 26.04, 'm8-1': 99.99}",7.545,509.533,514.563,inf,515.37,515.37
430,T7,BESTEFFORT,MISSED,m8-1,405.491,"{'m1-1': 5.14, 'm2-1': 5.63, 'm3-1': 25.23, 'm4-1': 102.12, 'm5-1': 28.53, 'm6-1': 118.11, 'm7-1': 29.69, 'm8-1': 100.96}",0.0,584.21,inf,584.21,515.491,515.491
431,T8,BESTEFFORT,MISSED,m4-1,406.513,"{'m1-1': 5.23, 'm2-1': 5.84, 'm3-1': 28.29, 'm4-1': 107.18, 'm5-1': 23.46, 'm6-1': 102.18, 'm7-1': 26.41, 'm8-1': 101.72}",0.0,598.61,inf,598.61,516.5129999999999,516.5129999999999
432,T4,BESTEFFORT,MISSED,m8-1,406.794,"{'m1-1': 5.43, 'm2-1': 4.72, 'm3-1': 25.28, 'm4-1': 105.66, 'm5-1': 25.19, 'm6-1': 99.56, 'm7-1': 24.27, 'm8-1': 106.88}",0.0,584.21,inf,584.21,516.794,516.794
433,T1,BESTEFFORT,COMPLETED,m2-1,409.599,"{'m1-1': 5.15, 'm2-1': 5.48, 'm3-1': 24.25, 'm4-1': 100.57, 'm5-1': 26.58, 'm6-1': 100.34, 'm7-1': 27.55, 'm8-1': 98.38}",8.22,513.607,519.087,inf,519.5989999999999,519.5989999999999
434,T7,BESTEFFORT,MISSED,m1-1,409.918,"{'m1-1': 5.47, 'm2-1': 5.51, 'm3-1': 25.8, 'm4-1': 102.54, 'm5-1': 25.91, 'm6-1': 102.77, 'm7-1': 26.99, 'm8-1': 91.84}",8.032500000000027,514.563,inf,519.918,519.918,519.918
435,T10,BESTEFFORT,CANCELLED,,410.98,"{'m1-1': 5.22, 'm2-1': 5.44, 'm3-1': 27.65, 'm4-1': 95.31, 'm5-1': 26.86, 'm6-1': 98.52, 'm7-1': 28.33, 'm8-1': 105.8}",0.0,inf,inf,inf,520.98,520.98
436,T8,BESTEFFORT,MISSED,m4-1,411.441,"{'m1-1': 5.3, 'm2-1': 5.83, 'm3-1': 27.72, 'm4-1': 107.92, 'm5-1': 25.78, 'm6-1': 113.7, 'm7-1': 25.27, 'm8-1': 114.15}",0.0,598.61,inf,598.61,521.441,521.441
437,T5,BESTEFFORT,MISSED,m8-1,411.459,"{'m1-1': 5.37, 'm2-1': 4.85, 'm3-1': 28.51, 'm4-1': 100.09, 'm5-1': 27.19, 'm6-1': 101.07, 'm7-1': 27.35, 'm8-1': 106.55}",0.0,584.21,inf,584.21,521.4590000000001,521.4590000000001
438,T10,BESTEFFORT,MISSED,m2-1,413.878,"{'m1-1': 5.42, 'm2-1': 5.46, 'm3-1': 25.28, 'm4-1': 96.9, 'm5-1': 24.83, 'm6-1': 97.69, 'm7-1': 26.84, 'm8-1': 116.05}",7.18649999999991,519.087,inf,523.8779999999999,523.8779999999999,523.8779999999999
439,T8,BESTEFFORT,CANCELLED,,414.495,"{'m1-1': 5.76, 'm2-1': 5.86, 'm3-1': 28.86, 'm4-1': 105.2, 'm5-1': 24.51, 'm6-1': 101.4, 'm7-1': 28.87, 'm8-1': 98.69}",0.0,inf,inf,inf,524.495,524.495
440,T4,BESTEFFORT,MISSED,m4-1,414.842,"{'m1-1': 4.81, 'm2-1': 5.0, 'm3-1': 25.44, 'm4-1': 102.89, 'm5-1': 24.02, 'm6-1': 94.49, 'm7-1': 25.72, 'm8-1': 113.55}",0.0,598.61,inf,598.61,524.842,524.842
441,T3,BESTEFFORT,COMPLETED,m1-1,414.863,"{'m1-1': 4.84, 'm2-1': 5.2, 'm3-1': 24.4, 'm4-1': 104.56, 'm5-1': 26.79, 'm6-1': 95.45, 'm7-1': 25.52, 'm8-1': 103.69}",7.26,519.918,524.758,inf,524.863,524.863
442,T6,BESTEFFORT,CANCELLED,,416.092,"{'m1-1': 4.85, 'm2-1': 5.08, 'm3-1': 28.3, 'm4-1': 111.12, 'm5-1': 25.84, 'm6-1': 109.01, 'm7-1': 25.7, 'm8-1': 105.12}",0.0,inf,inf,inf,526.092,526.092
443,T10,BESTEFFORT,COMPLETED,m5-1,416.943,"{'m1-1': 5.6, 'm2-1': 5.7, 'm3-1': 28.75, 'm4-1': 108.87, 'm5-1': 26.12, 'm6-1': 111.96, 'm7-1': 26.61, 'm8-1': 105.3}",39.18,495.824,521.944,inf,526.943,526.943
444,T7,BESTEFFORT,CANCELLED,,417.535,"{'m1-1': 5.0, 'm2-1': 5.73, 'm3-1': 28.67, 'm4-1': 102.17, 'm5-1': 25.02, 'm6-1': 117.84, 'm7-1': 29.26, 'm8-1': 105.06}",0.0,inf,inf,inf,527.5350000000001,527.5350000000001
445,T4,BESTEFFORT,CANCELLED,,418.238,"{'m1-1': 4.69, 'm2-1': 4.77, 'm3-1': 26.74, 'm4-1': 111.68, 'm5-1': 25.41, 'm6-1': 99.98, 'm7-1': 23.35, 'm8-1': 108.58}",0.0,inf,inf,inf,528.238,528.238
446,T2,BESTEFFORT,CANCELLED,,418.343,"{'m1-1': 4.7, 'm2-1': 5.11, 'm3-1': 23.54, 'm4-1': 102.4, 'm5-1': 27.38, 'm6-1': 107.74, 'm7-1': 28.31, 'm8-1': 104.22}",0.0,inf,inf,inf,528.3430000000001,528.3430000000001
447,T7,BESTEFFORT,CANCELLED,,418.735,"{'m1-1': 5.42, 'm2-1': 5.12, 'm3-1': 24.78, 'm4-1': 106.4, 'm5-1': 29.21, 'm6-1': 117.46, 'm7-1': 26.54, 'm8-1': 107.96}",0.0,inf,inf,inf,528.735,528.735
448,T4,BESTEFFORT,COMPLETED,m2-1,419.692,"{'m1-1': 5.18, 'm2-1': 5.55, 'm3-1': 26.34, 'm4-1': 99.12, 'm5-1': 27.55, 'm6-1': 93.76, 'm7-1': 26.07, 'm8-1': 102.43}",8.325,523.8779999999999,529.4279999999999,inf,529.692,529.692
449,T2,BESTEFFORT,COMPLETED,m7-1,421.865,"{'m1-1': 5.24, 'm2-1': 5.72, 'm3-1': 23.56, 'm4-1': 111.45, 'm5-1': 26.88, 'm6-1': 95.12, 'm7-1': 24.7, 'm8-1': 105.32}",37.05,505.159,529.859,inf,531.865,531.865
450,T10,BESTEFFORT,COMPLETED,m1-1,422.1,"{'m1-1': 4.98, 'm2-1': 5.28, 'm3-1': 29.14, 'm4-1': 96.56, 'm5-1': 29.34, 'm6-1': 97.8, 'm7-1': 24.78, 'm8-1': 103.52}",7.470000000000001,524.758,529.738,inf,532.1,532.1
451,T5,BESTEFFORT,CANCELLED,,422.253,"{'m1-1': 5.4, 'm2-1': 5.11, 'm3-1': 27.44, 'm4-1': 105.96, 'm5-1': 23.19, 'm6-1': 100.86, 'm7-1': 26.78, 'm8-1': 99.76}",0.0,inf,inf,inf,532.2529999999999,532.2529999999999
452,T1,BESTEFFORT,COMPLETED,m2-1,424.949,"{'m1-1': 4.79, 'm2-1': 5.16, 'm3-1': 23.71, 'm4-1': 117.03, 'm5-1': 25.53, 'm6-1': 101.2, 'm7-1': 28.36, 'm8-1': 94.47}",7.74,529.4279999999999,534.5879999999999,inf,534.9490000000001,534.9490000000001
453,T9,BESTEFFORT,CANCELLED,,425.228,"{'m1-1': 4.87, 'm2-1': 5.4, 'm3-1': 26.48, 'm4-1': 114.79, 'm5-1': 24.95, 'm6-1': 112.9, 'm7-1': 26.02, 'm8-1': 96.68}",0.0,inf,inf,inf,535.2280000000001,535.2280000000001
454,T4,BESTEFFORT,COMPLETED,m1-1,425.275,"{'m1-1': 5.1, 'm2-1': 4.73, 'm3-1': 25.83, 'm4-1': 106.51, 'm5-1': 26.36, 'm6-1': 93.33, 'm7-1': 24.48, 'm8-1': 105.14}",7.6499999999999995,529.738,534.8380000000001,inf,535.275,535.275
455,T6,BESTEFFORT,CANCELLED,,425.99,"{'m1-1': 5.37, 'm2-1': 5.5, 'm3-1': 28.75, 'm4-1': 105.17, 'm5-1': 28.06, 'm6-1': 108.34, 'm7-1': 26.52, 'm8-1': 95.84}",0.0,inf,inf,inf,535.99,535.99
456,T3,BESTEFFORT,CANCELLED,,426.649,"{'m1-1': 5.26, 'm2-1': 5.95, 'm3-1': 24.6, 'm4-1': 104.67, 'm5-1': 25.29, 'm6-1': 95.42, 'm7-1': 23.45, 'm8-1': 107.37}",0.0,inf,inf,inf,536.649,536.649
457,T3,BESTEFFORT,MISSED,m3-1,427.323,"{'m1-1': 5.01, 'm2-1': 5.85, 'm3-1': 28.3, 'm4-1': 106.83, 'm5-1': 26.3, 'm6-1': 95.13, 'm7-1': 26.26, 'm8-1': 97.83}",39.108000000000004,511.251,inf,537.323,537.323,537.323
458,T3,BESTEFFORT,CANCELLED,,428.165,"{'m1-1': 4.74, 'm2-1': 5.75, 'm3-1': 28.06, 'm4-1': 103.89, 'm5-1': 26.42, 'm6-1': 104.56, 'm7-1': 25.87, 'm8-1': 97.83}",0.0,inf,inf,inf,538.165,538.165
459,T10,BESTEFFORT,CANCELLED,,429.137,"{'m1-1': 4.74, 'm2-1': 5.38, 'm3-1': 28.74, 'm4-1': 104.57, 'm5-1': 26.01, 'm6-1': 101.17, 'm7-1': 27.62, 'm8-1': 113.92}",0.0,inf,inf,inf,539.137,539.137
460,T6,BESTEFFORT,COMPLETED,m2-1,430.406,"{'m1-1': 5.2, 'm2-1': 5.36, 'm3-1': 26.94, 'm4-1': 99.39, 'm5-1': 26.1, 'm6-1': 108.33, 'm7-1': 28.09, 'm8-1': 100.44}",8.040000000000001,534.5879999999999,539.9479999999999,inf,540.406,540.406
461,T4,BESTEFFORT,COMPLETED,m1-1,430.934,"{'m1-1': 4.8, 'm2-1': 5.26, 'm3-1': 25.98, 'm4-1': 102.74, 'm5-1': 25.09, 'm6-1': 101.1, 'm7-1': 25.6, 'm8-1': 107.98}",7.199999999999999,534.8380000000001,539.638,inf,540.934,540.934
462,T5,BESTEFFORT,CANCELLED,,430.968,"{'m1-1': 5.24, 'm2-1': 5.1, 'm3-1': 27.93, 'm4-1': 110.22, 'm5-1': 23.91, 'm6-1': 98.94, 'm7-1': 26.64, 'm8-1': 108.95}",0.0,inf,inf,inf,540.9680000000001,540.9680000000001
463,T4,BESTEFFORT,CANCELLED,,431.801,"{'m1-1': 4.68, 'm2-1': 4.73, 'm3-1': 27.8, 'm4-1': 108.62, 'm5-1': 24.76, 'm6-1': 94.85, 'm7-1': 23.51, 'm8-1': 110.11}",0.0,inf,inf,inf,541.8009999999999,541.8009999999999
464,T10,BESTEFFORT,CANCELLED,,433.113,"{'m1-1': 5.62, 'm2-1': 5.26, 'm3-1': 28.23, 'm4-1': 106.64, 'm5-1': 25.27, 'm6-1': 102.59, 'm7-1': 27.6, 'm8-1': 99.2}",0.0,inf,inf,inf,543.113,543.113
465,T9,BESTEFFORT,CANCELLED,,433.257,"{'m1-1': 5.13, 'm2-1': 4.86, 'm3-1': 25.37, 'm4-1': 113.19, 'm5-1': 24.51, 'm6-1': 106.24, 'm7-1': 25.11, 'm8-1': 109.23}",0.0,inf,inf,inf,543.2570000000001,543.2570000000001
466,T7,BESTEFFORT,CANCELLED,,433.764,"{'m1-1': 5.3, 'm2-1': 5.59, 'm3-1': 24.72, 'm4-1': 105.6, 'm5-1': 28.82, 'm6-1': 110.38, 'm7-1': 27.7, 'm8-1': 93.23}",0.0,inf,inf,inf,543.764,543.764
467,T10,BESTEFFORT,CANCELLED,,434.725,"{'m1-1': 4.85, 'm2-1': 5.46, 'm3-1': 29.22, 'm4-1': 100.86, 'm5-1': 27.79, 'm6-1': 107.16, 'm7-1': 28.09, 'm8-1': 116.14}",0.0,inf,inf,inf,544.725,544.725
468,T10,BESTEFFORT,MISSED,m2-1,435.378,"{'m1-1': 5.59, 'm2-1': 5.89, 'm3-1': 26.14, 'm4-1': 102.96, 'm5-1': 27.58, 'm6-1': 103.78, 'm7-1': 25.33, 'm8-1': 100.82}",8.145000000000095,539.9479999999999,inf,545.3779999999999,545.3779999999999,545.3779999999999
469,T1,BESTEFFORT,COMPLETED,m1-1,435.609,"{'m1-1': 5.48, 'm2-1': 5.37, 'm3-1': 25.84, 'm4-1': 100.36, 'm5-1': 27.38, 'm6-1': 103.52, 'm7-1': 27.15, 'm8-1': 94.66}",8.22,539.638,545.118,inf,545.6089999999999,545.6089999999999
470,T10,BESTEFFORT,CANCELLED,,439.53,"{'m1-1': 5.27, 'm2-1': 5.5, 'm3-1': 28.87, 'm4-1': 94.06, 'm5-1': 25.18, 'm6-1': 97.75, 'm7-1': 27.25, 'm8-1': 109.46}",0.0,inf,inf,inf,549.53,549.53
471,T6,BESTEFFORT,COMPLETED,m5-1,443.029,"{'m1-1': 4.87, 'm2-1': 5.89, 'm3-1': 27.22, 'm4-1': 105.25, 'm5-1': 27.6, 'm6-1': 110.3, 'm7-1': 26.45, 'm8-1': 98.15}",41.400000000000006,521.944,549.544,inf,553.029,553.029
472,T6,BESTEFFORT,COMPLETED,m2-1,443.959,"{'m1-1': 5.06, 'm2-1': 5.05, 'm3-1': 28.31, 'm4-1': 104.53, 'm5-1': 24.62, 'm6-1': 109.24, 'm7-1': 24.82, 'm8-1': 101.95}",7.574999999999999,545.3779999999999,550.4279999999999,inf,553.9590000000001,553.9590000000001
473,T4,BESTEFFORT,COMPLETED,m1-1,444.485,"{'m1-1': 5.34, 'm2-1': 5.28, 'm3-1': 29.26, 'm4-1': 109.1, 'm5-1': 26.12, 'm6-1': 104.05, 'm7-1': 25.7, 'm8-1': 110.03}",8.01,545.118,550.4580000000001,inf,554.485,554.485
474,T7,BESTEFFORT,COMPLETED,m2-1,446.039,"{'m1-1': 5.25, 'm2-1': 5.56, 'm3-1': 29.0, 'm4-1': 102.3, 'm5-1': 25.33, 'm6-1': 110.13, 'm7-1': 28.5, 'm8-1': 94.46}",8.34,550.4279999999999,555.9879999999998,inf,556.039,556.039
475,T9,BESTEFFORT,COMPLETED,m1-1,446.831,"{'m1-1': 5.09, 'm2-1': 5.2, 'm3-1': 25.7, 'm4-1': 106.22, 'm5-1': 28.25, 'm6-1': 102.02, 'm7-1': 25.45, 'm8-1': 97.46}",7.635,550.4580000000001,555.5480000000001,inf,556.831,556.831
476,T5,BESTEFFORT,CANCELLED,,447.479,"{'m1-1': 5.04, 'm2-1': 5.1, 'm3-1': 27.28, 'm4-1': 105.21, 'm5-1': 25.1, 'm6-1': 102.2, 'm7-1': 27.38, 'm8-1': 108.51}",0.0,inf,inf,inf,557.479,557.479
477,T3,BESTEFFORT,CANCELLED,,449.048,"{'m1-1': 5.22, 'm2-1': 5.87, 'm3-1': 26.46, 'm4-1': 105.84, 'm5-1': 27.35, 'm6-1': 100.56, 'm7-1': 26.54, 'm8-1': 99.43}",0.0,inf,inf,inf,559.048,559.048
478,T5,BESTEFFORT,COMPLETED,m7-1,450.179,"{'m1-1': 5.07, 'm2-1': 5.02, 'm3-1': 26.84, 'm4-1': 101.95, 'm5-1': 26.45, 'm6-1': 102.54, 'm7-1': 28.21, 'm8-1': 107.84}",42.315,529.859,558.0690000000001,inf,560.179,560.179
479,T1,BESTEFFORT,COMPLETED,m1-1,451.81,"{'m1-1': 5.12, 'm2-1': 5.53, 'm3-1': 24.75, 'm4-1': 111.18, 'm5-1': 24.63, 'm6-1': 111.41, 'm7-1': 29.37, 'm8-1': 107.75}",7.68,555.5480000000001,560.6680000000001,inf,561.81,561.81
480,T9,BESTEFFORT,MISSED,m3-1,453.006,"{'m1-1': 5.47, 'm2-1': 4.73, 'm3-1': 27.39, 'm4-1': 106.05, 'm5-1': 26.21, 'm6-1': 113.03, 'm7-1': 27.18, 'm8-1': 92.42}",38.52449999999999,537.323,inf,563.006,563.006,563.006
481,T2,BESTEFFORT,COMPLETED,m2-1,453.018,"{'m1-1': 5.02, 'm2-1': 5.56, 'm3-1': 27.26, 'm4-1': 110.14, 'm5-1': 25.39, 'm6-1': 94.64, 'm7-1': 24.93, 'm8-1': 103.38}",8.34,555.9879999999998,561.5479999999998,inf,563.018,563.018
482,T6,BESTEFFORT,CANCELLED,,453.64,"{'m1-1': 5.14, 'm2-1': 5.84, 'm3-1': 25.28, 'm4-1': 113.49, 'm5-1': 27.6, 'm6-1': 106.84, 'm7-1': 27.49, 'm8-1': 94.12}",0.0,inf,inf,inf,563.64,563.64
483,T4,BESTEFFORT,MISSED,m1-1,455.789,"{'m1-1': 5.2, 'm2-1': 4.86, 'm3-1': 28.58, 'm4-1': 104.91, 'm5-1': 27.26, 'm6-1': 100.71, 'm7-1': 25.99, 'm8-1': 108.51}",7.681499999999801,560.6680000000001,inf,565.789,565.789,565.789
484,T7,BESTEFFORT,MISSED,m2-1,456.396,"{'m1-1': 5.12, 'm2-1': 5.71, 'm3-1': 26.91, 'm4-1': 106.67, 'm5-1': 25.89, 'm6-1': 106.02, 'm7-1': 27.77, 'm8-1': 98.06}",7.272000000000276,561.5479999999998,inf,566.396,566.396,566.396
485,T8,BESTEFFORT,CANCELLED,,458.055,"{'m1-1': 5.03, 'm2-1': 5.49, 'm3-1': 25.47, 'm4-1': 98.72, 'm5-1': 24.36, 'm6-1': 102.5, 'm7-1': 26.04, 'm8-1': 110.26}",0.0,inf,inf,inf,568.0550000000001,568.0550000000001
486,T8,BESTEFFORT,CANCELLED,,458.726,"{'m1-1': 5.81, 'm2-1': 5.49, 'm3-1': 26.45, 'm4-1': 104.26, 'm5-1': 26.74, 'm6-1': 106.92, 'm7-1': 25.77, 'm8-1': 108.89}",0.0,inf,inf,inf,568.726,568.726
487,T1,BESTEFFORT,CANCELLED,,458.76,"{'m1-1': 5.28, 'm2-1': 5.01, 'm3-1': 25.18, 'm4-1': 115.71, 'm5-1': 26.66, 'm6-1': 112.51, 'm7-1': 26.64, 'm8-1': 101.33}",0.0,inf,inf,inf,568.76,568.76
488,T2,BESTEFFORT,CANCELLED,,459.931,"{'m1-1': 4.75, 'm2-1': 5.85, 'm3-1': 25.98, 'm4-1': 103.88, 'm5-1': 28.05, 'm6-1': 99.63, 'm7-1': 28.08, 'm8-1': 112.23}",0.0,inf,inf,inf,569.931,569.931
489,T9,BESTEFFORT,CANCELLED,,460.177,"{'m1-1': 4.84, 'm2-1': 5.26, 'm3-1': 28.27, 'm4-1': 98.61, 'm5-1': 28.18, 'm6-1': 105.16, 'm7-1': 26.44, 'm8-1': 97.51}",0.0,inf,inf,inf,570.177,570.177
490,T9,BESTEFFORT,MISSED,m6-1,460.354,"{'m1-1': 5.02, 'm2-1': 4.88, 'm3-1': 26.04, 'm4-1': 97.86, 'm5-1': 24.35, 'm6-1': 102.8, 'm7-1': 27.38, 'm8-1': 94.0}",130.5825000000001,483.299,inf,570.354,570.354,570.354
491,T8,BESTEFFORT,MISSED,m6-1,460.767,"{'m1-1': 4.97, 'm2-1': 5.89, 'm3-1': 26.41, 'm4-1': 106.54, 'm5-1': 24.02, 'm6-1': 100.13, 'm7-1': 26.18, 'm8-1': 97.17}",0.0,609.079,inf,609.079,570.767,570.767
492,T2,BESTEFFORT,MISSED,m6-1,460.79,"{'m1-1': 5.44, 'm2-1': 5.57, 'm3-1': 26.74, 'm4-1': 114.25, 'm5-1': 24.23, 'm6-1': 107.08, 'm7-1': 27.35, 'm8-1': 107.14}",0.0,609.079,inf,609.079,570.79,570.79
493,T10,BESTEFFORT,COMPLETED,m1-1,462.987,"{'m1-1': 5.13, 'm2-1': 5.53, 'm3-1': 27.24, 'm4-1': 99.49, 'm5-1': 29.17, 'm6-1': 106.5, 'm7-1': 24.95, 'm8-1': 107.46}",7.695,565.789,570.919,inf,572.9870000000001,572.9870000000001
494,T3,BESTEFFORT,COMPLETED,m2-1,463.305,"{'m1-1': 4.73, 'm2-1': 5.23, 'm3-1': 26.1, 'm4-1': 96.06, 'm5-1': 27.97, 'm6-1': 96.52, 'm7-1': 25.69, 'm8-1': 114.12}",7.845000000000001,566.396,571.626,inf,573.3050000000001,573.3050000000001
495,T5,BESTEFFORT,CANCELLED,,464.742,"{'m1-1': 5.23, 'm2-1': 4.93, 'm3-1': 28.28, 'm4-1': 116.95, 'm5-1': 24.05, 'm6-1': 106.79, 'm7-1': 28.09, 'm8-1': 100.46}",0.0,inf,inf,inf,574.742,574.742
496,T3,BESTEFFORT,MISSED,m6-1,464.762,"{'m1-1': 5.19, 'm2-1': 5.87, 'm3-1': 24.43, 'm4-1': 103.31, 'm5-1': 25.22, 'm6-1': 96.31, 'm7-1': 24.39, 'm8-1': 114.9}",0.0,609.079,inf,609.079,574.762,574.762
497,T7,BESTEFFORT,CANCELLED,,465.885,"{'m1-1': 5.12, 'm2-1': 5.87, 'm3-1': 28.79, 'm4-1': 107.84, 'm5-1': 26.69, 'm6-1': 109.38, 'm7-1': 27.55, 'm8-1': 106.5}",0.0,inf,inf,inf,575.885,575.885
498,T5,BESTEFFORT,COMPLETED,m1-1,467.31,"{'m1-1': 5.45, 'm2-1': 5.36, 'm3-1': 25.43, 'm4-1': 100.42, 'm5-1': 26.75, 'm6-1': 110.65, 'm7-1': 27.19, 'm8-1': 105.8}",8.175,570.919,576.369,inf,577.31,577.31
499,T9,BESTEFFORT,COMPLETED,m2-1,468.287,"{'m1-1': 4.97, 'm2-1': 4.73, 'm3-1': 25.2, 'm4-1': 99.24, 'm5-1': 26.27, 'm6-1': 99.53, 'm7-1': 26.27, 'm8-1': 103.91}",7.095000000000001,571.626,576.356,inf,578.287,578.287
500,T5,BESTEFFORT,COMPLETED,m5-1,468.49,"{'m1-1': 5.28, 'm2-1': 4.67, 'm3-1': 26.28, 'm4-1': 117.16, 'm5-1': 26.22, 'm6-1': 94.2, 'm7-1': 24.63, 'm8-1': 97.41}",39.33,549.544,575.764,inf,578.49,578.49
501,T2,BESTEFFORT,CANCELLED,,469.754,"{'m1-1': 5.33, 'm2-1': 5.29, 'm3-1': 25.88, 'm4-1': 110.77, 'm5-1': 23.85, 'm6-1': 105.75, 'm7-1': 26.81, 'm8-1': 111.47}",0.0,inf,inf,inf,579.754,579.754
502,T7,BESTEFFORT,MISSED,m1-1,471.078,"{'m1-1': 5.73, 'm2-1': 5.03, 'm3-1': 28.93, 'm4-1': 97.06, 'm5-1': 26.02, 'm6-1': 101.47, 'm7-1': 25.56, 'm8-1': 92.54}",7.0634999999999195,576.369,inf,581.078,581.078,581.078
503,T1,BESTEFFORT,CANCELLED,,471.287,"{'m1-1': 5.33, 'm2-1': 5.06, 'm3-1': 25.71, 'm4-1': 103.28, 'm5-1': 24.86, 'm6-1': 98.5, 'm7-1': 28.36, 'm8-1': 104.88}",0.0,inf,inf,inf,581.287,581.287
504,T7,BESTEFFORT,CANCELLED,,472.049,"{'m1-1': 4.89, 'm2-1': 4.99, 'm3-1': 27.63, 'm4-1': 107.52, 'm5-1': 26.87, 'm6-1': 115.14, 'm7-1': 25.28, 'm8-1': 101.11}",0.0,inf,inf,inf,582.049,582.049
505,T7,BESTEFFORT,CANCELLED,,472.164,"{'m1-1': 5.22, 'm2-1': 5.42, 'm3-1': 25.59, 'm4-1': 109.04, 'm5-1': 27.46, 'm6-1': 112.68, 'm7-1': 28.05, 'm8-1': 100.24}",0.0,inf,inf,inf,582.164,582.164
506,T5,BESTEFFORT,COMPLETED,m2-1,473.59,"{'m1-1': 5.51, 'm2-1': 5.48, 'm3-1': 27.6, 'm4-1': 116.39, 'm5-1': 25.75, 'm6-1': 100.48, 'm7-1': 26.95, 'm8-1': 103.62}",8.22,576.356,581.836,inf,583.5899999999999,583.5899999999999
507,T9,BESTEFFORT,MISSED,m8-1,474.21,"{'m1-1': 5.38, 'm2-1': 5.31, 'm3-1': 25.63, 'm4-1': 103.05, 'm5-1': 27.08, 'm6-1': 107.0, 'm7-1': 28.35, 'm8-1': 101.11}",117.14100000000008,506.116,inf,584.21,584.21,584.21
508,T10,BESTEFFORT,COMPLETED,m7-1,477.484,"{'m1-1': 5.13, 'm2-1': 5.17, 'm3-1': 26.59, 'm4-1': 101.47, 'm5-1': 27.61, 'm6-1': 103.64, 'm7-1': 24.84, 'm8-1': 110.99}",37.26,558.0690000000001,582.9090000000001,inf,587.4839999999999,587.4839999999999
509,T5,BESTEFFORT,COMPLETED,m2-1,477.555,"{'m1-1': 5.17, 'm2-1': 5.41, 'm3-1': 28.81, 'm4-1': 106.3, 'm5-1': 24.02, 'm6-1': 108.93, 'm7-1': 24.24, 'm8-1': 104.72}",8.115,581.836,587.246,inf,587.5550000000001,587.5550000000001
510,T9,BESTEFFORT,COMPLETED,m1-1,478.01,"{'m1-1': 5.56, 'm2-1': 4.88, 'm3-1': 26.99, 'm4-1': 108.71, 'm5-1': 26.65, 'm6-1': 100.16, 'm7-1': 28.99, 'm8-1': 100.65}",8.34,581.078,586.6379999999999,inf,588.01,588.01
511,T4,BESTEFFORT,MISSED,m8-1,479.458,"{'m1-1': 5.3, 'm2-1': 5.27, 'm3-1': 25.89, 'm4-1': 111.53, 'm5-1': 25.5, 'm6-1': 95.92, 'm7-1': 24.54, 'm8-1': 107.78}",0.0,626.766,inf,626.766,589.4580000000001,589.4580000000001
512,T9,BESTEFFORT,CANCELLED,,479.79,"{'m1-1': 4.9, 'm2-1': 5.14, 'm3-1': 27.8, 'm4-1': 99.55, 'm5-1': 26.12, 'm6-1': 105.81, 'm7-1': 28.9, 'm8-1': 106.08}",0.0,inf,inf,inf,589.79,589.79
513,T8,BESTEFFORT,MISSED,m8-1,481.367,"{'m1-1': 5.66, 'm2-1': 4.98, 'm3-1': 28.45, 'm4-1': 95.45, 'm5-1': 24.71, 'm6-1': 105.03, 'm7-1': 28.21, 'm8-1': 109.75}",0.0,626.766,inf,626.766,591.367,591.367
514,T7,BESTEFFORT,COMPLETED,m3-1,481.798,"{'m1-1': 5.34, 'm2-1': 5.8, 'm3-1': 26.16, 'm4-1': 109.13, 'm5-1': 27.48, 'm6-1': 114.46, 'm7-1': 28.36, 'm8-1': 95.33}",39.24,563.006,589.1659999999999,inf,591.798,591.798
515,T9,BESTEFFORT,COMPLETED,m1-1,482.337,"{'m1-1': 5.17, 'm2-1': 5.58, 'm3-1': 26.14, 'm4-1': 101.08, 'm5-1': 26.51, 'm6-1': 113.97, 'm7-1': 28.3, 'm8-1': 94.22}",7.755,586.6379999999999,591.8079999999999,inf,592.337,592.337
516,T8,BESTEFFORT,COMPLETED,m2-1,482.685,"{'m1-1': 5.2, 'm2-1': 5.39, 'm3-1': 28.54, 'm4-1': 110.86, 'm5-1': 25.84, 'm6-1': 101.66, 'm7-1': 28.52, 'm8-1': 102.29}",8.084999999999999,587.246,592.636,inf,592.685,592.685
517,T3,BESTEFFORT,CANCELLED,,483.111,"{'m1-1': 5.21, 'm2-1': 5.71, 'm3-1': 27.6, 'm4-1': 109.77, 'm5-1': 27.91, 'm6-1': 95.68, 'm7-1': 24.13, 'm8-1': 102.03}",0.0,inf,inf,inf,593.111,593.111
518,T2,BESTEFFORT,CANCELLED,,484.264,"{'m1-1': 5.32, 'm2-1': 4.97, 'm3-1': 24.73, 'm4-1': 97.63, 'm5-1': 26.7, 'm6-1': 97.13, 'm7-1': 26.52, 'm8-1': 112.85}",0.0,inf,inf,inf,594.264,594.264
519,T3,BESTEFFORT,CANCELLED,,484.312,"{'m1-1': 5.46, 'm2-1': 5.01, 'm3-1': 26.55, 'm4-1': 103.31, 'm5-1': 25.3, 'm6-1': 108.74, 'm7-1': 24.19, 'm8-1': 99.59}",0.0,inf,inf,inf,594.312,594.312
520,T7,BESTEFFORT,CANCELLED,,484.672,"{'m1-1': 5.6, 'm2-1': 5.67, 'm3-1': 25.54, 'm4-1': 96.48, 'm5-1': 26.76, 'm6-1': 104.98, 'm7-1': 25.12, 'm8-1': 99.21}",0.0,inf,inf,inf,594.672,594.672
521,T10,BESTEFFORT,MISSED,m8-1,484.89,"{'m1-1': 5.48, 'm2-1': 5.62, 'm3-1': 29.16, 'm4-1': 105.64, 'm5-1': 28.81, 'm6-1': 111.35, 'm7-1': 28.31, 'm8-1': 103.46}",0.0,626.766,inf,626.766,594.89,594.89
522,T2,BESTEFFORT,CANCELLED,,485.911,"{'m1-1': 5.41, 'm2-1': 5.52, 'm3-1': 24.15, 'm4-1': 108.46, 'm5-1': 27.06, 'm6-1': 103.72, 'm7-1': 26.45, 'm8-1': 107.42}",0.0,inf,inf,inf,595.9110000000001,595.9110000000001
523,T2,BESTEFFORT,MISSED,m2-1,487.481,"{'m1-1': 5.3, 'm2-1': 5.7, 'm3-1': 26.91, 'm4-1': 103.68, 'm5-1': 27.11, 'm6-1': 93.72, 'm7-1': 24.74, 'm8-1': 113.08}",7.267500000000041,592.636,inf,597.481,597.481,597.481
524,T10,BESTEFFORT,COMPLETED,m1-1,488.533,"{'m1-1': 5.53, 'm2-1': 5.36, 'm3-1': 29.14, 'm4-1': 96.92, 'm5-1': 25.07, 'm6-1': 108.67, 'm7-1': 26.08, 'm8-1': 104.73}",8.295,591.8079999999999,597.3379999999999,inf,598.533,598.533
525,T3,BESTEFFORT,MISSED,m4-1,488.61,"{'m1-1': 5.1, 'm2-1': 5.46, 'm3-1': 24.8, 'm4-1': 101.2, 'm5-1': 25.83, 'm6-1': 108.15, 'm7-1': 25.95, 'm8-1': 113.35}",133.464,509.634,inf,598.61,598.61,598.61
526,T5,BESTEFFORT,CANCELLED,,488.958,"{'m1-1': 5.24, 'm2-1': 4.96, 'm3-1': 28.93, 'm4-1': 109.68, 'm5-1': 25.74, 'm6-1': 105.86, 'm7-1': 24.22, 'm8-1': 95.04}",0.0,inf,inf,inf,598.9580000000001,598.9580000000001
527,T3,BESTEFFORT,MISSED,m4-1,490.33,"{'m1-1': 4.74, 'm2-1': 5.3, 'm3-1': 27.48, 'm4-1': 107.29, 'm5-1': 23.8, 'm6-1': 95.1, 'm7-1': 27.37, 'm8-1': 104.73}",0.0,640.356,inf,640.356,600.3299999999999,600.3299999999999
528,T7,BESTEFFORT,CANCELLED,,490.591,"{'m1-1': 4.93, 'm2-1': 5.59, 'm3-1': 29.2, 'm4-1': 105.0, 'm5-1': 25.7, 'm6-1': 117.36, 'm7-1': 27.46, 'm8-1': 108.12}",0.0,inf,inf,inf,600.591,600.591
529,T2,BESTEFFORT,MISSED,m4-1,490.886,"{'m1-1': 5.49, 'm2-1': 5.54, 'm3-1': 25.28, 'm4-1': 100.97, 'm5-1': 24.11, 'm6-1': 93.77, 'm7-1': 27.03, 'm8-1': 111.63}",0.0,640.356,inf,640.356,600.886,600.886
530,T7,BESTEFFORT,MISSED,m4-1,491.208,"{'m1-1': 4.99, 'm2-1': 5.71, 'm3-1': 27.05, 'm4-1': 101.82, 'm5-1': 24.94, 'm6-1': 103.22, 'm7-1': 25.11, 'm8-1': 105.42}",0.0,640.356,inf,640.356,601.2080000000001,601.2080000000001
531,T4,BESTEFFORT,CANCELLED,,491.63,"{'m1-1': 4.93, 'm2-1': 4.88, 'm3-1': 26.44, 'm4-1': 107.94, 'm5-1': 25.72, 'm6-1': 93.02, 'm7-1': 23.35, 'm8-1': 101.97}",0.0,inf,inf,inf,601.63,601.63
532,T1,BESTEFFORT,MISSED,m1-1,492.212,"{'m1-1': 5.54, 'm2-1': 5.58, 'm3-1': 24.33, 'm4-1': 109.98, 'm5-1': 26.76, 'm6-1': 108.68, 'm7-1': 26.74, 'm8-1': 101.27}",7.311000000000206,597.3379999999999,inf,602.212,602.212,602.212
533,T3,BESTEFFORT,CANCELLED,,492.979,"{'m1-1': 5.46, 'm2-1': 5.31, 'm3-1': 28.35, 'm4-1': 97.42, 'm5-1': 27.2, 'm6-1': 92.97, 'm7-1': 27.19, 'm8-1': 111.52}",0.0,inf,inf,inf,602.979,602.979
534,T10,BESTEFFORT,COMPLETED,m5-1,494.163,"{'m1-1': 4.85, 'm2-1': 5.47, 'm3-1': 28.99, 'm4-1': 103.51, 'm5-1': 28.04, 'm6-1': 112.36, 'm7-1': 25.34, 'm8-1': 104.72}",42.06,575.764,603.804,inf,604.163,604.163
535,T8,BESTEFFORT,COMPLETED,m2-1,494.938,"{'m1-1': 5.74, 'm2-1': 5.78, 'm3-1': 26.45, 'm4-1': 102.87, 'm5-1': 24.41, 'm6-1': 100.37, 'm7-1': 28.47, 'm8-1': 98.53}",8.67,597.481,603.261,inf,604.938,604.938
536,T5,BESTEFFORT,CANCELLED,,495.344,"{'m1-1': 4.73, 'm2-1': 5.4, 'm3-1': 25.32, 'm4-1': 106.86, 'm5-1': 26.04, 'm6-1': 104.43, 'm7-1': 27.03, 'm8-1': 95.8}",0.0,inf,inf,inf,605.344,605.344
537,T5,BESTEFFORT,CANCELLED,,495.979,"{'m1-1': 4.92, 'm2-1': 4.84, 'm3-1': 28.99, 'm4-1': 116.27, 'm5-1': 23.57, 'm6-1': 108.65, 'm7-1': 25.09, 'm8-1': 108.32}",0.0,inf,inf,inf,605.979,605.979
538,T4,BESTEFFORT,CANCELLED,,496.472,"{'m1-1': 4.76, 'm2-1': 5.5, 'm3-1': 28.62, 'm4-1': 102.45, 'm5-1': 24.33, 'm6-1': 97.88, 'm7-1': 25.22, 'm8-1': 109.6}",0.0,inf,inf,inf,606.472,606.472
539,T7,BESTEFFORT,COMPLETED,m1-1,498.823,"{'m1-1': 5.68, 'm2-1': 4.99, 'm3-1': 28.48, 'm4-1': 100.67, 'm5-1': 24.98, 'm6-1': 107.4, 'm7-1': 27.86, 'm8-1': 94.01}",8.52,602.212,607.8919999999999,inf,608.823,608.823
540,T10,BESTEFFORT,MISSED,m6-1,499.079,"{'m1-1': 5.48, 'm2-1': 5.11, 'm3-1': 27.49, 'm4-1': 106.05, 'm5-1': 26.76, 'm6-1': 108.16, 'm7-1': 27.36, 'm8-1': 113.62}",58.087499999999864,570.354,inf,609.079,609.079,609.079
541,T7,BESTEFFORT,COMPLETED,m2-1,500.849,"{'m1-1': 5.59, 'm2-1': 5.2, 'm3-1': 26.82, 'm4-1': 106.26, 'm5-1': 28.32, 'm6-1': 111.69, 'm7-1': 28.56, 'm8-1': 108.67}",7.800000000000001,603.261,608.461,inf,610.8489999999999,610.8489999999999
542,T1,BESTEFFORT,COMPLETED,m7-1,503.541,"{'m1-1': 5.62, 'm2-1': 5.13, 'm3-1': 25.96, 'm4-1': 117.9, 'm5-1': 27.11, 'm6-1': 109.31, 'm7-1': 25.08, 'm8-1': 100.23}",37.62,582.9090000000001,607.9890000000001,inf,613.5409999999999,613.5409999999999
543,T1,BESTEFFORT,COMPLETED,m1-1,504.545,"{'m1-1': 4.89, 'm2-1': 5.73, 'm3-1': 26.77, 'm4-1': 115.81, 'm5-1': 26.11, 'm6-1': 113.14, 'm7-1': 26.6, 'm8-1': 101.24}",7.334999999999999,607.8919999999999,612.7819999999999,inf,614.5450000000001,614.5450000000001
544,T6,BESTEFFORT,COMPLETED,m2-1,504.75,"{'m1-1': 5.08, 'm2-1': 5.05, 'm3-1': 26.1, 'm4-1': 116.78, 'm5-1': 27.27, 'm6-1': 107.99, 'm7-1': 24.52, 'm8-1': 107.21}",7.574999999999999,608.461,613.511,inf,614.75,614.75
545,T4,BESTEFFORT,CANCELLED,,505.315,"{'m1-1': 4.75, 'm2-1': 4.69, 'm3-1': 26.29, 'm4-1': 109.94, 'm5-1': 25.67, 'm6-1': 99.35, 'm7-1': 26.88, 'm8-1': 108.18}",0.0,inf,inf,inf,615.315,615.315
546,T7,BESTEFFORT,MISSED,m1-1,507.328,"{'m1-1': 5.11, 'm2-1': 5.04, 'm3-1': 26.68, 'm4-1': 110.29, 'm5-1': 28.04, 'm6-1': 103.47, 'm7-1': 28.41, 'm8-1': 101.62}",6.819000000000074,612.7819999999999,inf,617.328,617.328,617.328
547,T6,BESTEFFORT,CANCELLED,,507.777,"{'m1-1': 4.96, 'm2-1': 5.21, 'm3-1': 25.01, 'm4-1': 116.53, 'm5-1': 24.04, 'm6-1': 109.9, 'm7-1': 27.77, 'm8-1': 105.76}",0.0,inf,inf,inf,617.777,617.777
548,T1,BESTEFFORT,MISSED,m6-1,508.055,"{'m1-1': 5.47, 'm2-1': 5.23, 'm3-1': 26.12, 'm4-1': 108.11, 'm5-1': 26.6, 'm6-1': 103.21, 'm7-1': 26.54, 'm8-1': 106.78}",0.0,682.313,inf,682.313,618.0550000000001,618.0550000000001
549,T4,BESTEFFORT,COMPLETED,m3-1,508.307,"{'m1-1': 4.71, 'm2-1': 5.16, 'm3-1': 28.58, 'm4-1': 109.2, 'm5-1': 25.2, 'm6-1': 94.84, 'm7-1': 23.37, 'm8-1': 107.66}",42.87,589.1659999999999,617.746,inf,618.307,618.307
550,T3,BESTEFFORT,COMPLETED,m2-1,509.769,"{'m1-1': 4.73, 'm2-1': 5.75, 'm3-1': 27.38, 'm4-1': 103.26, 'm5-1': 25.88, 'm6-1': 103.66, 'm7-1': 23.77, 'm8-1': 101.28}",8.625,613.511,619.261,inf,619.769,619.769
551,T5,BESTEFFORT,MISSED,m6-1,509.778,"{'m1-1': 4.76, 'm2-1': 5.0, 'm3-1': 27.59, 'm4-1': 100.52, 'm5-1': 23.43, 'm6-1': 105.14, 'm7-1': 26.06, 'm8-1': 102.08}",0.0,682.313,inf,682.313,619.778,619.778
552,T2,BESTEFFORT,CANCELLED,,511.439,"{'m1-1': 5.51, 'm2-1': 5.14, 'm3-1': 26.56, 'm4-1': 113.33, 'm5-1': 27.18, 'm6-1': 95.18, 'm7-1': 27.41, 'm8-1': 108.81}",0.0,inf,inf,inf,621.4390000000001,621.4390000000001
553,T9,BESTEFFORT,CANCELLED,,511.77,"{'m1-1': 5.23, 'm2-1': 5.56, 'm3-1': 27.94, 'm4-1': 115.04, 'm5-1': 25.66, 'm6-1': 102.22, 'm7-1': 25.72, 'm8-1': 109.52}",0.0,inf,inf,inf,621.77,621.77
554,T3,BESTEFFORT,CANCELLED,,513.074,"{'m1-1': 5.3, 'm2-1': 5.84, 'm3-1': 25.75, 'm4-1': 109.46, 'm5-1': 27.22, 'm6-1': 99.95, 'm7-1': 26.25, 'm8-1': 101.91}",0.0,inf,inf,inf,623.074,623.074
555,T8,BESTEFFORT,COMPLETED,m1-1,513.301,"{'m1-1': 5.77, 'm2-1': 5.79, 'm3-1': 26.41, 'm4-1': 105.83, 'm5-1': 26.42, 'm6-1': 108.1, 'm7-1': 27.41, 'm8-1': 104.07}",8.655,617.328,623.098,inf,623.301,623.301
556,T2,BESTEFFORT,CANCELLED,,513.894,"{'m1-1': 4.83, 'm2-1': 5.11, 'm3-1': 24.24, 'm4-1': 107.62, 'm5-1': 25.63, 'm6-1': 107.71, 'm7-1': 27.06, 'm8-1': 111.17}",0.0,inf,inf,inf,623.894,623.894
557,T3,BESTEFFORT,CANCELLED,,514.069,"{'m1-1': 4.96, 'm2-1': 5.44, 'm3-1': 27.64, 'm4-1': 108.35, 'm5-1': 24.71, 'm6-1': 104.89, 'm7-1': 23.36, 'm8-1': 100.19}",0.0,inf,inf,inf,624.069,624.069
558,T10,BESTEFFORT,COMPLETED,m2-1,515.753,"{'m1-1': 5.32, 'm2-1': 4.99, 'm3-1': 29.31, 'm4-1': 102.54, 'm5-1': 26.92, 'm6-1': 111.54, 'm7-1': 24.98, 'm8-1': 103.4}",7.485,619.261,624.251,inf,625.753,625.753
559,T10,BESTEFFORT,MISSED,m6-1,516.319,"{'m1-1': 5.47, 'm2-1': 5.31, 'm3-1': 27.55, 'm4-1': 106.12, 'm5-1': 25.68, 'm6-1': 103.73, 'm7-1': 24.38, 'm8-1': 100.11}",0.0,682.313,inf,682.313,626.319,626.319
560,T1,BESTEFFORT,CANCELLED,,516.475,"{'m1-1': 4.94, 'm2-1': 4.95, 'm3-1': 24.48, 'm4-1': 116.68, 'm5-1': 26.46, 'm6-1': 104.71, 'm7-1': 26.12, 'm8-1': 94.68}",0.0,inf,inf,inf,626.475,626.475
561,T10,BESTEFFORT,MISSED,m8-1,516.766,"{'m1-1': 4.82, 'm2-1': 5.7, 'm3-1': 29.13, 'm4-1': 105.35, 'm5-1': 29.29, 'm6-1': 97.63, 'm7-1': 26.2, 'm8-1': 106.48}",63.83399999999989,584.21,inf,626.766,626.766,626.766
562,T9,BESTEFFORT,MISSED,m8-1,517.422,"{'m1-1': 5.51, 'm2-1': 4.97, 'm3-1': 27.73, 'm4-1': 100.88, 'm5-1': 25.12, 'm6-1': 111.29, 'm7-1': 29.16, 'm8-1': 92.16}",0.0,700.652,inf,700.652,627.422,627.422
563,T6,BESTEFFORT,MISSED,m8-1,517.438,"{'m1-1': 5.08, 'm2-1': 5.58, 'm3-1': 27.27, 'm4-1': 105.78, 'm5-1': 26.1, 'm6-1': 96.31, 'm7-1': 28.32, 'm8-1': 105.85}",0.0,700.652,inf,700.652,627.438,627.438
564,T2,BESTEFFORT,COMPLETED,m1-1,518.407,"{'m1-1': 4.93, 'm2-1': 5.58, 'm3-1': 27.24, 'm4-1': 99.57, 'm5-1': 27.39, 'm6-1': 93.19, 'm7-1': 27.82, 'm8-1': 97.68}",7.395,623.098,628.0279999999999,inf,628.407,628.407
565,T4,BESTEFFORT,COMPLETED,m2-1,520.255,"{'m1-1': 5.49, 'm2-1': 4.99, 'm3-1': 26.3, 'm4-1': 100.56, 'm5-1': 23.95, 'm6-1': 107.56, 'm7-1': 23.91, 'm8-1': 104.34}",7.485,624.251,629.241,inf,630.255,630.255
566,T8,BESTEFFORT,COMPLETED,m5-1,520.605,"{'m1-1': 5.88, 'm2-1': 5.61, 'm3-1': 25.59, 'm4-1': 99.25, 'm5-1': 24.87, 'm6-1': 101.08, 'm7-1': 25.17, 'm8-1': 110.96}",37.305,603.804,628.674,inf,630.605,630.605
567,T3,BESTEFFORT,CANCELLED,,520.621,"{'m1-1': 4.82, 'm2-1': 5.19, 'm3-1': 25.13, 'm4-1': 97.75, 'm5-1': 27.63, 'm6-1': 105.43, 'm7-1': 25.07, 'm8-1': 97.51}",0.0,inf,inf,inf,630.621,630.621
568,T5,BESTEFFORT,CANCELLED,,521.624,"{'m1-1': 4.93, 'm2-1': 5.39, 'm3-1': 27.51, 'm4-1': 109.48, 'm5-1': 23.35, 'm6-1': 93.8, 'm7-1': 27.01, 'm8-1': 110.55}",0.0,inf,inf,inf,631.624,631.624
569,T10,BESTEFFORT,MISSED,m8-1,521.711,"{'m1-1': 5.46, 'm2-1': 5.88, 'm3-1': 27.74, 'm4-1': 106.06, 'm5-1': 25.0, 'm6-1': 111.26, 'm7-1': 26.43, 'm8-1': 113.55}",0.0,700.652,inf,700.652,631.711,631.711
570,T1,BESTEFFORT,COMPLETED,m1-1,524.915,"{'m1-1': 5.68, 'm2-1': 5.85, 'm3-1': 27.56, 'm4-1': 102.14, 'm5-1': 26.78, 'm6-1': 103.26, 'm7-1': 28.62, 'm8-1': 106.29}",8.52,628.0279999999999,633.7079999999999,inf,634.915,634.915
571,T4,BESTEFFORT,COMPLETED,m2-1,527.242,"{'m1-1': 5.05, 'm2-1': 5.38, 'm3-1': 25.29, 'm4-1': 115.07, 'm5-1': 26.92, 'm6-1': 101.97, 'm7-1': 23.75, 'm8-1': 118.05}",8.07,629.241,634.621,inf,637.242,637.242
572,T7,BESTEFFORT,COMPLETED,m7-1,529.033,"{'m1-1': 5.66, 'm2-1': 5.58, 'm3-1': 28.47, 'm4-1': 106.59, 'm5-1': 29.11, 'm6-1': 116.68, 'm7-1': 29.49, 'm8-1': 102.06}",44.235,607.9890000000001,637.4790000000002,inf,639.033,639.033
573,T2,BESTEFFORT,COMPLETED,m1-1,529.416,"{'m1-1': 4.84, 'm2-1': 5.56, 'm3-1': 26.9, 'm4-1': 103.88, 'm5-1': 27.82, 'm6-1': 101.86, 'm7-1': 26.88, 'm8-1': 96.62}",7.26,633.7079999999999,638.5479999999999,inf,639.416,639.416
574,T10,BESTEFFORT,MISSED,m2-1,529.921,"{'m1-1': 5.4, 'm2-1': 5.81, 'm3-1': 27.76, 'm4-1': 105.91, 'm5-1': 25.31, 'm6-1': 101.17, 'm7-1': 27.12, 'm8-1': 108.19}",7.950000000000102,634.621,inf,639.921,639.921,639.921
575,T4,BESTEFFORT,MISSED,m4-1,530.356,"{'m1-1': 5.06, 'm2-1': 5.29, 'm3-1': 28.84, 'm4-1': 105.38, 'm5-1': 26.43, 'm6-1': 104.52, 'm7-1': 26.54, 'm8-1': 115.57}",62.61899999999997,598.61,inf,640.356,640.356,640.356
576,T2,BESTEFFORT,CANCELLED,,531.405,"{'m1-1': 5.06, 'm2-1': 5.05, 'm3-1': 24.95, 'm4-1': 113.66, 'm5-1': 26.49, 'm6-1': 108.84, 'm7-1': 24.83, 'm8-1': 104.76}",0.0,inf,inf,inf,641.405,641.405
577,T8,BESTEFFORT,CANCELLED,,532.05,"{'m1-1': 5.88, 'm2-1': 5.54, 'm3-1': 26.11, 'm4-1': 94.02, 'm5-1': 27.29, 'm6-1': 111.88, 'm7-1': 24.89, 'm8-1': 100.02}",0.0,inf,inf,inf,642.05,642.05
578,T4,BESTEFFORT,CANCELLED,,532.789,"{'m1-1': 4.82, 'm2-1': 5.26, 'm3-1': 27.73, 'm4-1': 110.46, 'm5-1': 26.1, 'm6-1': 108.85, 'm7-1': 24.91, 'm8-1': 109.29}",0.0,inf,inf,inf,642.789,642.789
579,T9,BESTEFFORT,CANCELLED,,532.985,"{'m1-1': 5.58, 'm2-1': 5.52, 'm3-1': 28.35, 'm4-1': 112.42, 'm5-1': 27.68, 'm6-1': 107.18, 'm7-1': 27.4, 'm8-1': 101.49}",0.0,inf,inf,inf,642.985,642.985
580,T7,BESTEFFORT,CANCELLED,,533.375,"{'m1-1': 5.44, 'm2-1': 5.61, 'm3-1': 29.21, 'm4-1': 100.95, 'm5-1': 27.95, 'm6-1': 103.79, 'm7-1': 28.04, 'm8-1': 98.25}",0.0,inf,inf,inf,643.375,643.375
581,T5,BESTEFFORT,MISSED,m4-1,533.505,"{'m1-1': 4.97, 'm2-1': 4.73, 'm3-1': 28.39, 'm4-1': 115.38, 'm5-1': 24.86, 'm6-1': 98.87, 'm7-1': 24.71, 'm8-1': 101.82}",0.0,714.463,inf,714.463,643.505,643.505
582,T3,BESTEFFORT,COMPLETED,m1-1,534.063,"{'m1-1': 5.32, 'm2-1': 5.74, 'm3-1': 24.29, 'm4-1': 104.56, 'm5-1': 25.18, 'm6-1': 98.8, 'm7-1': 26.88, 'm8-1': 103.74}",7.98,638.5479999999999,643.8679999999999,inf,644.063,644.063
583,T9,BESTEFFORT,CANCELLED,,534.309,"{'m1-1': 5.69, 'm2-1': 4.76, 'm3-1': 25.45, 'm4-1': 102.44, 'm5-1': 25.18, 'm6-1': 101.28, 'm7-1': 28.28, 'm8-1': 98.43}",0.0,inf,inf,inf,644.309,644.309
584,T4,BESTEFFORT,MISSED,m4-1,534.317,"{'m1-1': 5.25, 'm2-1': 4.78, 'm3-1': 26.76, 'm4-1': 102.89, 'm5-1': 26.04, 'm6-1': 95.56, 'm7-1': 24.9, 'm8-1': 105.4}",0.0,714.463,inf,714.463,644.317,644.317
585,T2,BESTEFFORT,MISSED,m2-1,535.19,"{'m1-1': 5.41, 'm2-1': 5.47, 'm3-1': 23.2, 'm4-1': 97.24, 'm5-1': 27.54, 'm6-1': 107.24, 'm7-1': 27.23, 'm8-1': 98.52}",7.903500000000008,639.921,inf,645.19,645.19,645.19
586,T4,BESTEFFORT,CANCELLED,,536.084,"{'m1-1': 5.24, 'm2-1': 4.95, 'm3-1': 28.82, 'm4-1': 107.96, 'm5-1': 25.28, 'm6-1': 109.15, 'm7-1': 26.74, 'm8-1': 107.37}",0.0,inf,inf,inf,646.084,646.084
587,T10,BESTEFFORT,COMPLETED,m3-1,536.475,"{'m1-1': 5.32, 'm2-1': 5.04, 'm3-1': 27.5, 'm4-1': 98.34, 'm5-1': 29.2, 'm6-1': 105.65, 'm7-1': 27.59, 'm8-1': 106.59}",41.25,617.746,645.246,inf,646.475,646.475
588,T1,BESTEFFORT,MISSED,m4-1,536.481,"{'m1-1': 4.79, 'm2-1': 5.33, 'm3-1': 27.32, 'm4-1': 109.9, 'm5-1': 25.32, 'm6-1': 116.03, 'm7-1': 26.93, 'm8-1': 108.19}",0.0,714.463,inf,714.463,646.481,646.481
589,T6,BESTEFFORT,CANCELLED,,537.467,"{'m1-1': 4.65, 'm2-1': 5.86, 'm3-1': 28.72, 'm4-1': 107.2, 'm5-1': 27.27, 'm6-1': 97.2, 'm7-1': 24.51, 'm8-1': 102.27}",0.0,inf,inf,inf,647.467,647.467
590,T2,BESTEFFORT,CANCELLED,,537.525,"{'m1-1': 5.22, 'm2-1': 4.96, 'm3-1': 27.01, 'm4-1': 108.66, 'm5-1': 24.67, 'm6-1': 96.12, 'm7-1': 26.04, 'm8-1': 98.77}",0.0,inf,inf,inf,647.525,647.525
591,T1,BESTEFFORT,CANCELLED,,537.922,"{'m1-1': 5.26, 'm2-1': 4.99, 'm3-1': 25.27, 'm4-1': 106.8, 'm5-1': 27.94, 'm6-1': 103.65, 'm7-1': 25.79, 'm8-1': 94.67}",0.0,inf,inf,inf,647.922,647.922
592,T8,BESTEFFORT,CANCELLED,,538.374,"{'m1-1': 5.31, 'm2-1': 5.37, 'm3-1': 29.04, 'm4-1': 105.27, 'm5-1': 25.85, 'm6-1': 97.64, 'm7-1': 25.28, 'm8-1': 97.14}",0.0,inf,inf,inf,648.374,648.374
593,T8,BESTEFFORT,COMPLETED,m1-1,540.467,"{'m1-1': 5.39, 'm2-1': 5.38, 'm3-1': 26.72, 'm4-1': 96.35, 'm5-1': 25.89, 'm6-1': 101.49, 'm7-1': 25.42, 'm8-1': 103.74}",8.084999999999999,643.8679999999999,649.2579999999999,inf,650.467,650.467
594,T2,BESTEFFORT,COMPLETED,m2-1,543.354,"{'m1-1': 4.7, 'm2-1': 5.53, 'm3-1': 24.11, 'm4-1': 99.26, 'm5-1': 27.95, 'm6-1': 101.05, 'm7-1': 28.78, 'm8-1': 103.89}",8.295,645.19,650.72,inf,653.354,653.354
595,T10,BESTEFFORT,CANCELLED,,543.363,"{'m1-1': 4.83, 'm2-1': 5.9, 'm3-1': 28.77, 'm4-1': 96.86, 'm5-1': 29.3, 'm6-1': 110.37, 'm7-1': 26.09, 'm8-1': 110.37}",0.0,inf,inf,inf,653.363,653.363
596,T3,BESTEFFORT,COMPLETED,m1-1,545.972,"{'m1-1': 4.77, 'm2-1': 5.07, 'm3-1': 27.91, 'm4-1': 97.16, 'm5-1': 25.88, 'm6-1': 104.23, 'm7-1': 27.09, 'm8-1': 100.07}",7.154999999999999,649.2579999999999,654.0279999999999,inf,655.972,655.972
597,T8,BESTEFFORT,COMPLETED,m5-1,546.7,"{'m1-1': 5.36, 'm2-1': 5.84, 'm3-1': 24.89, 'm4-1': 103.76, 'm5-1': 23.36, 'm6-1': 113.24, 'm7-1': 27.91, 'm8-1': 113.17}",35.04,628.674,652.034,inf,656.7,656.7
598,T10,BESTEFFORT,COMPLETED,m2-1,548.87,"{'m1-1': 5.56, 'm2-1': 5.31, 'm3-1': 25.06, 'm4-1': 101.63, 'm5-1': 25.6, 'm6-1': 108.07, 'm7-1': 26.15, 'm8-1': 113.48}",7.965,650.72,656.03,inf,658.87,658.87
599,T4,BESTEFFORT,COMPLETED,m1-1,550.952,"{'m1-1': 4.88, 'm2-1': 5.42, 'm3-1': 29.05, 'm4-1': 102.61, 'm5-1': 25.34, 'm6-1': 95.63, 'm7-1': 25.65, 'm8-1': 101.73}",7.32,654.0279999999999,658.9079999999999,inf,660.952,660.952
600,T5,BESTEFFORT,COMPLETED,m2-1,551.515,"{'m1-1': 5.21, 'm2-1': 4.73, 'm3-1': 27.09, 'm4-1': 103.46, 'm5-1': 25.83, 'm6-1': 107.16, 'm7-1': 26.62, 'm8-1': 99.02}",7.095000000000001,656.03,660.76,inf,661.515,661.515
601,T7,BESTEFFORT,CANCELLED,,552.284,"{'m1-1': 5.57, 'm2-1': 5.17, 'm3-1': 28.27, 'm4-1': 94.85, 'm5-1': 28.29, 'm6-1': 109.56, 'm7-1': 26.2, 'm8-1': 105.82}",0.0,inf,inf,inf,662.284,662.284
602,T10,BESTEFFORT,CANCELLED,,552.593,"{'m1-1': 5.05, 'm2-1': 5.48, 'm3-1': 29.61, 'm4-1': 94.31, 'm5-1': 25.69, 'm6-1': 110.81, 'm7-1': 28.46, 'm8-1': 99.23}",0.0,inf,inf,inf,662.593,662.593
603,T4,BESTEFFORT,CANCELLED,,552.831,"{'m1-1': 4.88, 'm2-1': 4.68, 'm3-1': 25.3, 'm4-1': 100.86, 'm5-1': 25.83, 'm6-1': 94.71, 'm7-1': 24.63, 'm8-1': 109.89}",0.0,inf,inf,inf,662.831,662.831
604,T3,BESTEFFORT,CANCELLED,,553.754,"{'m1-1': 5.03, 'm2-1': 5.02, 'm3-1': 26.0, 'm4-1': 107.29, 'm5-1': 26.38, 'm6-1': 102.75, 'm7-1': 24.41, 'm8-1': 114.12}",0.0,inf,inf,inf,663.754,663.754
605,T2,BESTEFFORT,CANCELLED,,554.308,"{'m1-1': 4.82, 'm2-1': 5.34, 'm3-1': 23.21, 'm4-1': 107.31, 'm5-1': 28.04, 'm6-1': 95.96, 'm7-1': 28.0, 'm8-1': 100.28}",0.0,inf,inf,inf,664.308,664.308
606,T7,BESTEFFORT,COMPLETED,m7-1,554.945,"{'m1-1': 5.31, 'm2-1': 5.6, 'm3-1': 25.77, 'm4-1': 106.71, 'm5-1': 26.75, 'm6-1': 102.27, 'm7-1': 25.46, 'm8-1': 104.21}",38.19,637.4790000000002,662.9390000000002,inf,664.945,664.945
607,T7,BESTEFFORT,COMPLETED,m1-1,555.783,"{'m1-1': 5.6, 'm2-1': 5.5, 'm3-1': 25.56, 'm4-1': 95.01, 'm5-1': 29.13, 'm6-1': 111.64, 'm7-1': 27.48, 'm8-1': 98.91}",8.399999999999999,658.9079999999999,664.5079999999999,inf,665.783,665.783
608,T8,BESTEFFORT,CANCELLED,,557.307,"{'m1-1': 5.3, 'm2-1': 5.2, 'm3-1': 24.82, 'm4-1': 108.17, 'm5-1': 25.99, 'm6-1': 114.81, 'm7-1': 26.61, 'm8-1': 108.06}",0.0,inf,inf,inf,667.307,667.307
609,T6,BESTEFFORT,COMPLETED,m2-1,557.797,"{'m1-1': 4.67, 'm2-1': 5.01, 'm3-1': 28.19, 'm4-1': 116.47, 'm5-1': 25.07, 'm6-1': 95.57, 'm7-1': 25.22, 'm8-1': 105.87}",7.515,660.76,665.77,inf,667.797,667.797
610,T9,BESTEFFORT,CANCELLED,,558.177,"{'m1-1': 5.18, 'm2-1': 4.8, 'm3-1': 25.67, 'm4-1': 114.41, 'm5-1': 26.72, 'm6-1': 108.73, 'm7-1': 25.72, 'm8-1': 95.09}",0.0,inf,inf,inf,668.177,668.177
611,T7,BESTEFFORT,CANCELLED,,558.824,"{'m1-1': 5.13, 'm2-1': 5.26, 'm3-1': 26.29, 'm4-1': 100.14, 'm5-1': 27.3, 'm6-1': 118.03, 'm7-1': 25.24, 'm8-1': 104.49}",0.0,inf,inf,inf,668.824,668.824
612,T10,BESTEFFORT,COMPLETED,m1-1,560.286,"{'m1-1': 5.19, 'm2-1': 5.02, 'm3-1': 26.04, 'm4-1': 104.27, 'm5-1': 26.28, 'm6-1': 97.54, 'm7-1': 28.52, 'm8-1': 103.25}",7.785,664.5079999999999,669.698,inf,670.286,670.286
613,T1,BESTEFFORT,MISSED,m3-1,560.531,"{'m1-1': 5.38, 'm2-1': 5.81, 'm3-1': 27.49, 'm4-1': 111.81, 'm5-1': 26.66, 'm6-1': 104.12, 'm7-1': 28.36, 'm8-1': 102.94}",37.92749999999995,645.246,inf,670.531,670.531,670.531
614,T10,BESTEFFORT,CANCELLED,,560.539,"{'m1-1': 5.38, 'm2-1': 5.72, 'm3-1': 28.21, 'm4-1': 100.0, 'm5-1': 25.11, 'm6-1': 103.75, 'm7-1': 25.48, 'm8-1': 109.94}",0.0,inf,inf,inf,670.539,670.539
615,T6,BESTEFFORT,CANCELLED,,560.643,"{'m1-1': 4.73, 'm2-1': 5.91, 'm3-1': 26.17, 'm4-1': 110.99, 'm5-1': 24.43, 'm6-1': 101.75, 'm7-1': 26.12, 'm8-1': 93.89}",0.0,inf,inf,inf,670.643,670.643
616,T8,BESTEFFORT,CANCELLED,,560.751,"{'m1-1': 5.44, 'm2-1': 5.12, 'm3-1': 25.05, 'm4-1': 107.94, 'm5-1': 27.36, 'm6-1': 111.68, 'm7-1': 27.82, 'm8-1': 110.62}",0.0,inf,inf,inf,670.751,670.751
617,T8,BESTEFFORT,COMPLETED,m2-1,562.771,"{'m1-1': 5.57, 'm2-1': 5.6, 'm3-1': 27.44, 'm4-1': 109.64, 'm5-1': 23.46, 'm6-1': 102.91, 'm7-1': 26.36, 'm8-1': 112.77}",8.399999999999999,665.77,671.37,inf,672.771,672.771
618,T5,BESTEFFORT,COMPLETED,m1-1,565.059,"{'m1-1': 4.74, 'm2-1': 4.8, 'm3-1': 27.9, 'm4-1': 99.03, 'm5-1': 25.64, 'm6-1': 100.9, 'm7-1': 26.44, 'm8-1': 97.6}",7.11,669.698,674.438,inf,675.059,675.059
619,T7,BESTEFFORT,CANCELLED,,565.355,"{'m1-1': 5.0, 'm2-1': 5.88, 'm3-1': 27.87, 'm4-1': 104.2, 'm5-1': 27.67, 'm6-1': 113.34, 'm7-1': 25.54, 'm8-1': 98.47}",0.0,inf,inf,inf,675.355,675.355
620,T8,BESTEFFORT,CANCELLED,,566.042,"{'m1-1': 5.51, 'm2-1': 5.09, 'm3-1': 28.38, 'm4-1': 101.92, 'm5-1': 26.2, 'm6-1': 109.82, 'm7-1': 27.57, 'm8-1': 99.99}",0.0,inf,inf,inf,676.042,676.042
621,T4,BESTEFFORT,CANCELLED,,566.597,"{'m1-1': 5.44, 'm2-1': 5.37, 'm3-1': 28.03, 'm4-1': 115.22, 'm5-1': 26.38, 'm6-1': 104.09, 'm7-1': 27.75, 'm8-1': 102.42}",0.0,inf,inf,inf,676.597,676.597
622,T2,BESTEFFORT,COMPLETED,m2-1,568.713,"{'m1-1': 5.07, 'm2-1': 5.8, 'm3-1': 24.44, 'm4-1': 107.91, 'm5-1': 24.31, 'm6-1': 102.94, 'm7-1': 26.79, 'm8-1': 102.48}",8.7,671.37,677.17,inf,678.713,678.713
623,T4,BESTEFFORT,COMPLETED,m1-1,570.869,"{'m1-1': 5.3, 'm2-1': 4.87, 'm3-1': 29.05, 'm4-1': 113.36, 'm5-1': 26.36, 'm6-1': 108.15, 'm7-1': 27.01, 'm8-1': 106.73}",7.949999999999999,674.438,679.7379999999999,inf,680.869,680.869
624,T10,BESTEFFORT,MISSED,m6-1,572.313,"{'m1-1': 5.35, 'm2-1': 5.64, 'm3-1': 29.61, 'm4-1': 97.96, 'm5-1': 24.8, 'm6-1': 98.73, 'm7-1': 25.21, 'm8-1': 102.85}",109.85100000000006,609.079,inf,682.313,682.313,682.313
625,T2,BESTEFFORT,COMPLETED,m2-1,573.379,"{'m1-1': 5.31, 'm2-1': 5.17, 'm3-1': 23.34, 'm4-1': 98.27, 'm5-1': 24.06, 'm6-1': 92.4, 'm7-1': 25.91, 'm8-1': 107.69}",7.755,677.17,682.3399999999999,inf,683.379,683.379
626,T9,BESTEFFORT,COMPLETED,m5-1,573.562,"{'m1-1': 5.03, 'm2-1': 5.42, 'm3-1': 24.7, 'm4-1': 112.04, 'm5-1': 24.78, 'm6-1': 99.8, 'm7-1': 29.35, 'm8-1': 102.89}",37.17,652.034,676.814,inf,683.562,683.562
627,T2,BESTEFFORT,CANCELLED,,574.759,"{'m1-1': 5.41, 'm2-1': 5.0, 'm3-1': 26.09, 'm4-1': 111.97, 'm5-1': 26.25, 'm6-1': 106.62, 'm7-1': 24.95, 'm8-1': 104.46}",0.0,inf,inf,inf,684.759,684.759
628,T6,BESTEFFORT,COMPLETED,m1-1,575.424,"{'m1-1': 4.72, 'm2-1': 5.25, 'm3-1': 28.18, 'm4-1': 102.11, 'm5-1': 27.74, 'm6-1': 109.55, 'm7-1': 24.91, 'm8-1': 96.96}",7.08,679.7379999999999,684.458,inf,685.424,685.424
629,T1,BESTEFFORT,MISSED,m6-1,575.638,"{'m1-1': 5.43, 'm2-1': 5.66, 'm3-1': 27.71, 'm4-1': 118.62, 'm5-1': 27.66, 'm6-1': 99.08, 'm7-1': 29.09, 'm8-1': 107.77}",0.0,726.828,inf,726.828,685.638,685.638
630,T5,BESTEFFORT,MISSED,m6-1,576.313,"{'m1-1': 4.94, 'm2-1': 5.21, 'm3-1': 25.91, 'm4-1': 116.03, 'm5-1': 24.74, 'm6-1': 108.35, 'm7-1': 24.24, 'm8-1': 108.42}",0.0,726.828,inf,726.828,686.313,686.313
631,T7,BESTEFFORT,CANCELLED,,576.361,"{'m1-1': 5.28, 'm2-1': 5.62, 'm3-1': 28.22, 'm4-1': 109.76, 'm5-1': 25.26, 'm6-1': 105.43, 'm7-1': 28.27, 'm8-1': 96.5}",0.0,inf,inf,inf,686.361,686.361
632,T6,BESTEFFORT,CANCELLED,,577.026,"{'m1-1': 5.16, 'm2-1': 5.85, 'm3-1': 25.6, 'm4-1': 112.13, 'm5-1': 25.98, 'm6-1': 105.93, 'm7-1': 27.2, 'm8-1': 103.22}",0.0,inf,inf,inf,687.026,687.026
633,T4,BESTEFFORT,COMPLETED,m2-1,578.458,"{'m1-1': 5.38, 'm2-1': 5.49, 'm3-1': 25.83, 'm4-1': 105.68, 'm5-1': 25.09, 'm6-1': 104.05, 'm7-1': 25.05, 'm8-1': 108.11}",8.235,682.3399999999999,687.8299999999999,inf,688.458,688.458
634,T2,BESTEFFORT,CANCELLED,,581.071,"{'m1-1': 5.32, 'm2-1': 5.38, 'm3-1': 25.33, 'm4-1': 109.34, 'm5-1': 26.75, 'm6-1': 93.06, 'm7-1': 25.21, 'm8-1': 96.03}",0.0,inf,inf,inf,691.071,691.071
635,T1,BESTEFFORT,COMPLETED,m1-1,581.22,"{'m1-1': 5.55, 'm2-1': 5.28, 'm3-1': 26.46, 'm4-1': 110.39, 'm5-1': 28.24, 'm6-1': 116.77, 'm7-1': 28.92, 'm8-1': 107.98}",8.325,684.458,690.0079999999999,inf,691.22,691.22
636,T6,BESTEFFORT,COMPLETED,m7-1,582.1,"{'m1-1': 4.81, 'm2-1': 5.53, 'm3-1': 25.79, 'm4-1': 113.4, 'm5-1': 26.57, 'm6-1': 109.47, 'm7-1': 25.63, 'm8-1': 109.24}",38.445,662.9390000000002,688.5690000000002,inf,692.1,692.1
637,T9,BESTEFFORT,MISSED,m6-1,582.411,"{'m1-1': 5.15, 'm2-1': 5.58, 'm3-1': 27.39, 'm4-1': 101.02, 'm5-1': 27.17, 'm6-1': 114.84, 'm7-1': 28.2, 'm8-1': 94.1}",0.0,726.828,inf,726.828,692.411,692.411
638,T8,BESTEFFORT,COMPLETED,m2-1,583.529,"{'m1-1': 5.81, 'm2-1': 5.46, 'm3-1': 26.65, 'm4-1': 95.6, 'm5-1': 26.6, 'm6-1': 97.97, 'm7-1': 28.84, 'm8-1': 113.28}",8.19,687.8299999999999,693.29,inf,693.529,693.529
639,T1,BESTEFFORT,COMPLETED,m3-1,587.335,"{'m1-1': 5.63, 'm2-1': 5.42, 'm3-1': 24.67, 'm4-1': 111.41, 'm5-1': 27.68, 'm6-1': 104.03, 'm7-1': 25.29, 'm8-1': 96.16}",37.005,670.531,695.2009999999999,inf,697.335,697.335
640,T10,BESTEFFORT,COMPLETED,m1-1,587.665,"{'m1-1': 5.24, 'm2-1': 5.72, 'm3-1': 29.6, 'm4-1': 95.69, 'm5-1': 27.73, 'm6-1': 104.87, 'm7-1': 25.09, 'm8-1': 103.93}",7.86,690.0079999999999,695.2479999999999,inf,697.665,697.665
641,T9,BESTEFFORT,MISSED,m8-1,590.652,"{'m1-1': 5.04, 'm2-1': 4.8, 'm3-1': 28.17, 'm4-1': 98.9, 'm5-1': 27.76, 'm6-1': 99.79, 'm7-1': 28.94, 'm8-1': 92.86}",110.82900000000012,626.766,inf,700.652,700.652,700.652
642,T2,BESTEFFORT,COMPLETED,m2-1,590.683,"{'m1-1': 5.09, 'm2-1': 5.66, 'm3-1': 25.65, 'm4-1': 109.8, 'm5-1': 26.95, 'm6-1': 100.62, 'm7-1': 24.48, 'm8-1': 110.23}",8.49,693.29,698.9499999999999,inf,700.683,700.683
643,T6,BESTEFFORT,COMPLETED,m1-1,591.876,"{'m1-1': 5.16, 'm2-1': 5.01, 'm3-1': 26.0, 'm4-1': 106.62, 'm5-1': 25.77, 'm6-1': 107.84, 'm7-1': 29.05, 'm8-1': 106.82}",7.74,695.2479999999999,700.4079999999999,inf,701.876,701.876
644,T9,BESTEFFORT,MISSED,m2-1,593.66,"{'m1-1': 5.55, 'm2-1': 5.22, 'm3-1': 26.99, 'm4-1': 107.14, 'm5-1': 27.77, 'm6-1': 110.95, 'm7-1': 26.55, 'm8-1': 106.9}",7.065000000000055,698.9499999999999,inf,703.66,703.66,703.66
645,T1,BESTEFFORT,CANCELLED,,594.294,"{'m1-1': 5.43, 'm2-1': 5.75, 'm3-1': 27.72, 'm4-1': 104.95, 'm5-1': 27.69, 'm6-1': 110.51, 'm7-1': 27.87, 'm8-1': 100.5}",0.0,inf,inf,inf,704.294,704.294
646,T9,BESTEFFORT,COMPLETED,m1-1,596.561,"{'m1-1': 5.5, 'm2-1': 4.97, 'm3-1': 24.55, 'm4-1': 100.0, 'm5-1': 24.44, 'm6-1': 115.72, 'm7-1': 28.02, 'm8-1': 99.73}",8.25,700.4079999999999,705.9079999999999,inf,706.561,706.561
647,T6,BESTEFFORT,MISSED,m8-1,599.167,"{'m1-1': 5.44, 'm2-1': 5.05, 'm3-1': 24.53, 'm4-1': 99.92, 'm5-1': 26.66, 'm6-1': 99.8, 'm7-1': 28.02, 'm8-1': 101.53}",0.0,731.649,inf,731.649,709.167,709.167
648,T8,BESTEFFORT,COMPLETED,m5-1,599.312,"{'m1-1': 5.06, 'm2-1': 5.09, 'm3-1': 28.34, 'm4-1': 108.25, 'm5-1': 27.38, 'm6-1': 106.5, 'm7-1': 28.41, 'm8-1': 97.6}",41.07,676.814,704.194,inf,709.312,709.312
649,T9,BESTEFFORT,MISSED,m8-1,599.8,"{'m1-1': 5.1, 'm2-1': 5.48, 'm3-1': 25.01, 'm4-1': 112.95, 'm5-1': 24.86, 'm6-1': 107.1, 'm7-1': 26.4, 'm8-1': 94.89}",0.0,731.649,inf,731.649,709.8,709.8
650,T9,BESTEFFORT,CANCELLED,,600.291,"{'m1-1': 4.89, 'm2-1': 5.5, 'm3-1': 26.58, 'm4-1': 106.25, 'm5-1': 24.69, 'm6-1': 115.25, 'm7-1': 27.29, 'm8-1': 97.08}",0.0,inf,inf,inf,710.291,710.291
651,T9,BESTEFFORT,COMPLETED,m2-1,600.514,"{'m1-1': 5.13, 'm2-1': 5.31, 'm3-1': 27.58, 'm4-1': 103.26, 'm5-1': 25.91, 'm6-1': 100.86, 'm7-1': 26.83, 'm8-1': 103.84}",7.965,703.66,708.9699999999999,inf,710.514,710.514
652,T4,BESTEFFORT,COMPLETED,m1-1,602.303,"{'m1-1': 5.29, 'm2-1': 5.43, 'm3-1': 29.17, 'm4-1': 109.81, 'm5-1': 28.18, 'm6-1': 102.37, 'm7-1': 27.46, 'm8-1': 105.1}",7.9350000000000005,705.9079999999999,711.1979999999999,inf,712.303,712.303
653,T9,BESTEFFORT,CANCELLED,,603.003,"{'m1-1': 5.22, 'm2-1': 4.75, 'm3-1': 27.07, 'm4-1': 107.72, 'm5-1': 26.13, 'm6-1': 102.48, 'm7-1': 26.61, 'm8-1': 99.95}",0.0,inf,inf,inf,713.003,713.003
654,T9,BESTEFFORT,MISSED,m4-1,604.463,"{'m1-1': 4.92, 'm2-1': 5.46, 'm3-1': 25.93, 'm4-1': 103.65, 'm5-1': 25.12, 'm6-1': 105.9, 'm7-1': 26.09, 'm8-1': 104.27}",111.16049999999996,640.356,inf,714.463,714.463,714.463
655,T6,BESTEFFORT,COMPLETED,m7-1,605.783,"{'m1-1': 5.29, 'm2-1': 5.67, 'm3-1': 27.31, 'm4-1': 113.74, 'm5-1': 28.19, 'm6-1': 106.47, 'm7-1': 26.59, 'm8-1': 98.44}",39.885,688.5690000000002,715.1590000000002,inf,715.783,715.783
656,T9,BESTEFFORT,COMPLETED,m2-1,606.3,"{'m1-1': 4.97, 'm2-1': 4.76, 'm3-1': 26.55, 'm4-1': 112.77, 'm5-1': 27.43, 'm6-1': 104.83, 'm7-1': 25.49, 'm8-1': 103.91}",7.14,708.9699999999999,713.7299999999999,inf,716.3,716.3
657,T8,BESTEFFORT,COMPLETED,m1-1,608.865,"{'m1-1': 5.0, 'm2-1': 5.28, 'm3-1': 28.96, 'm4-1': 96.53, 'm5-1': 24.82, 'm6-1': 109.22, 'm7-1': 25.11, 'm8-1': 110.44}",7.5,711.1979999999999,716.1979999999999,inf,718.865,718.865
658,T10,BESTEFFORT,MISSED,m4-1,609.676,"{'m1-1': 4.84, 'm2-1': 5.64, 'm3-1': 28.89, 'm4-1': 99.33, 'm5-1': 26.34, 'm6-1': 102.59, 'm7-1': 26.38, 'm8-1': 108.17}",0.0,751.072,inf,751.072,719.676,719.676
659,T1,BESTEFFORT,COMPLETED,m2-1,610.94,"{'m1-1': 5.43, 'm2-1': 4.98, 'm3-1': 25.87, 'm4-1': 101.62, 'm5-1': 25.62, 'm6-1': 99.25, 'm7-1': 28.5, 'm8-1': 96.85}",7.470000000000001,713.7299999999999,718.7099999999999,inf,720.94,720.94
660,T3,BESTEFFORT,COMPLETED,m1-1,611.765,"{'m1-1': 5.1, 'm2-1': 5.18, 'm3-1': 25.77, 'm4-1': 93.7, 'm5-1': 25.1, 'm6-1': 95.1, 'm7-1': 25.87, 'm8-1': 102.72}",7.6499999999999995,716.1979999999999,721.2979999999999,inf,721.765,721.765
661,T5,BESTEFFORT,MISSED,m4-1,613.201,"{'m1-1': 5.32, 'm2-1': 5.16, 'm3-1': 25.76, 'm4-1': 113.4, 'm5-1': 23.93, 'm6-1': 100.46, 'm7-1': 26.91, 'm8-1': 98.27}",0.0,751.072,inf,751.072,723.201,723.201
662,T9,BESTEFFORT,MISSED,m4-1,614.766,"{'m1-1': 5.45, 'm2-1': 4.89, 'm3-1': 25.05, 'm4-1': 109.92, 'm5-1': 27.77, 'm6-1': 113.17, 'm7-1': 25.59, 'm8-1': 99.74}",0.0,751.072,inf,751.072,724.766,724.766
663,T9,BESTEFFORT,COMPLETED,m3-1,615.467,"{'m1-1': 5.49, 'm2-1': 5.43, 'm3-1': 27.49, 'm4-1': 107.42, 'm5-1': 25.26, 'm6-1': 110.19, 'm7-1': 26.54, 'm8-1': 101.05}",41.235,695.2009999999999,722.6909999999999,inf,725.467,725.467
664,T9,BESTEFFORT,COMPLETED,m2-1,615.833,"{'m1-1': 5.43, 'm2-1': 4.85, 'm3-1': 27.91, 'm4-1': 106.35, 'm5-1': 25.33, 'm6-1': 101.8, 'm7-1': 27.98, 'm8-1': 94.61}",7.2749999999999995,718.7099999999999,723.56,inf,725.833,725.833
665,T6,BESTEFFORT,MISSED,m6-1,616.828,"{'m1-1': 4.71, 'm2-1': 5.24, 'm3-1': 27.76, 'm4-1': 102.82, 'm5-1': 25.14, 'm6-1': 102.35, 'm7-1': 27.05, 'm8-1': 100.79}",66.77249999999998,682.313,inf,726.828,726.828,726.828
666,T9,BESTEFFORT,COMPLETED,m1-1,617.058,"{'m1-1': 5.39, 'm2-1': 5.12, 'm3-1': 27.86, 'm4-1': 99.28, 'm5-1': 26.61, 'm6-1': 113.17, 'm7-1': 27.01, 'm8-1': 107.37}",8.084999999999999,721.2979999999999,726.6879999999999,inf,727.058,727.058
667,T4,BESTEFFORT,MISSED,m8-1,617.323,"{'m1-1': 4.74, 'm2-1': 5.37, 'm3-1': 25.7, 'm4-1': 99.48, 'm5-1': 24.23, 'm6-1': 106.24, 'm7-1': 25.1, 'm8-1': 115.4}",0.0,731.649,inf,731.649,727.323,727.323
668,T5,BESTEFFORT,CANCELLED,,620.031,"{'m1-1': 4.73, 'm2-1': 5.28, 'm3-1': 26.12, 'm4-1': 103.86, 'm5-1': 24.41, 'm6-1': 101.3, 'm7-1': 25.82, 'm8-1': 102.78}",0.0,inf,inf,inf,730.031,730.031
669,T3,BESTEFFORT,COMPLETED,m2-1,620.22,"{'m1-1': 4.73, 'm2-1': 5.73, 'm3-1': 27.44, 'm4-1': 100.17, 'm5-1': 24.64, 'm6-1': 96.04, 'm7-1': 25.44, 'm8-1': 102.72}",8.595,723.56,729.29,inf,730.22,730.22
670,T3,BESTEFFORT,MISSED,m6-1,621.247,"{'m1-1': 5.46, 'm2-1': 5.65, 'm3-1': 24.43, 'm4-1': 96.45, 'm5-1': 23.9, 'm6-1': 98.57, 'm7-1': 23.19, 'm8-1': 104.02}",0.0,788.788,inf,788.788,731.247,731.247
671,T2,BESTEFFORT,MISSED,m8-1,621.649,"{'m1-1': 5.29, 'm2-1': 5.08, 'm3-1': 25.82, 'm4-1': 105.55, 'm5-1': 23.85, 'm6-1': 95.52, 'm7-1': 28.8, 'm8-1': 98.14}",46.495499999999936,700.652,inf,731.649,731.649,731.649
672,T10,BESTEFFORT,COMPLETED,m1-1,621.888,"{'m1-1': 4.79, 'm2-1': 5.73, 'm3-1': 26.54, 'm4-1': 99.79, 'm5-1': 27.3, 'm6-1': 99.98, 'm7-1': 24.37, 'm8-1': 100.31}",7.1850000000000005,726.6879999999999,731.4779999999998,inf,731.888,731.888
673,T7,BESTEFFORT,MISSED,m6-1,621.961,"{'m1-1': 5.43, 'm2-1': 5.26, 'm3-1': 25.24, 'm4-1': 108.64, 'm5-1': 25.01, 'm6-1': 116.25, 'm7-1': 27.53, 'm8-1': 103.76}",0.0,788.788,inf,788.788,731.961,731.961
674,T8,BESTEFFORT,MISSED,m8-1,622.396,"{'m1-1': 5.73, 'm2-1': 5.55, 'm3-1': 28.97, 'm4-1': 110.66, 'm5-1': 25.89, 'm6-1': 115.52, 'm7-1': 27.3, 'm8-1': 103.21}",0.0,832.733,inf,832.733,732.396,732.396
675,T2,BESTEFFORT,MISSED,m8-1,622.559,"{'m1-1': 4.94, 'm2-1': 5.66, 'm3-1': 24.3, 'm4-1': 105.96, 'm5-1': 24.11, 'm6-1': 99.92, 'm7-1': 25.59, 'm8-1': 102.59}",0.0,832.733,inf,832.733,732.559,732.559
676,T8,BESTEFFORT,COMPLETED,m5-1,625.528,"{'m1-1': 5.55, 'm2-1': 5.03, 'm3-1': 28.4, 'm4-1': 98.0, 'm5-1': 24.07, 'm6-1': 103.9, 'm7-1': 28.99, 'm8-1': 109.61}",36.105000000000004,704.194,728.264,inf,735.528,735.528
677,T5,BESTEFFORT,COMPLETED,m2-1,626.008,"{'m1-1': 5.44, 'm2-1': 4.75, 'm3-1': 26.91, 'm4-1': 109.84, 'm5-1': 23.97, 'm6-1': 107.04, 'm7-1': 25.55, 'm8-1': 102.64}",7.125,729.29,734.04,inf,736.008,736.008
678,T3,BESTEFFORT,COMPLETED,m1-1,627.141,"{'m1-1': 5.34, 'm2-1': 5.44, 'm3-1': 25.82, 'm4-1': 108.79, 'm5-1': 25.06, 'm6-1': 97.5, 'm7-1': 23.51, 'm8-1': 100.93}",8.01,731.4779999999998,736.8179999999999,inf,737.141,737.141
679,T8,BESTEFFORT,MISSED,m6-1,627.641,"{'m1-1': 5.86, 'm2-1': 5.21, 'm3-1': 24.84, 'm4-1': 107.11, 'm5-1': 24.77, 'm6-1': 109.37, 'm7-1': 28.52, 'm8-1': 111.88}",0.0,788.788,inf,788.788,737.641,737.641
680,T7,BESTEFFORT,CANCELLED,,628.367,"{'m1-1': 4.98, 'm2-1': 5.24, 'm3-1': 29.07, 'm4-1': 106.57, 'm5-1': 28.07, 'm6-1': 116.0, 'm7-1': 27.04, 'm8-1': 101.88}",0.0,inf,inf,inf,738.367,738.367
681,T6,BESTEFFORT,MISSED,m2-1,629.483,"{'m1-1': 5.38, 'm2-1': 5.82, 'm3-1': 27.2, 'm4-1': 103.2, 'm5-1': 26.03, 'm6-1': 98.68, 'm7-1': 28.97, 'm8-1': 99.75}",8.164499999999975,734.04,inf,739.483,739.483,739.483
682,T8,BESTEFFORT,MISSED,m8-1,629.875,"{'m1-1': 5.77, 'm2-1': 5.63, 'm3-1': 27.52, 'm4-1': 99.8, 'm5-1': 24.73, 'm6-1': 101.41, 'm7-1': 27.74, 'm8-1': 105.78}",0.0,832.733,inf,832.733,739.875,739.875
683,T5,BESTEFFORT,COMPLETED,m7-1,632.485,"{'m1-1': 5.1, 'm2-1': 5.4, 'm3-1': 28.87, 'm4-1': 111.08, 'm5-1': 25.4, 'm6-1': 100.08, 'm7-1': 26.17, 'm8-1': 100.55}",39.255,715.1590000000002,741.3290000000002,inf,742.485,742.485
684,T1,BESTEFFORT,COMPLETED,m1-1,632.986,"{'m1-1': 5.15, 'm2-1': 5.46, 'm3-1': 24.77, 'm4-1': 101.26, 'm5-1': 24.18, 'm6-1': 111.23, 'm7-1': 26.7, 'm8-1': 97.65}",7.7250000000000005,736.8179999999999,741.9679999999998,inf,742.986,742.986
685,T3,BESTEFFORT,COMPLETED,m2-1,634.996,"{'m1-1': 5.15, 'm2-1': 5.35, 'm3-1': 24.62, 'm4-1': 99.37, 'm5-1': 25.24, 'm6-1': 96.52, 'm7-1': 25.23, 'm8-1': 114.91}",8.024999999999999,739.483,744.833,inf,744.996,744.996
686,T4,BESTEFFORT,MISSED,m1-1,636.308,"{'m1-1': 4.64, 'm2-1': 5.1, 'm3-1': 27.8, 'm4-1': 115.01, 'm5-1': 25.8, 'm6-1': 97.5, 'm7-1': 26.24, 'm8-1': 99.95}",6.510000000000218,741.9679999999998,inf,746.308,746.308,746.308
687,T5,BESTEFFORT,CANCELLED,,636.603,"{'m1-1': 5.48, 'm2-1': 5.0, 'm3-1': 27.67, 'm4-1': 105.41, 'm5-1': 26.38, 'm6-1': 107.04, 'm7-1': 25.72, 'm8-1': 98.06}",0.0,inf,inf,inf,746.603,746.603
688,T6,BESTEFFORT,CANCELLED,,637.45,"{'m1-1': 5.09, 'm2-1': 5.7, 'm3-1': 28.17, 'm4-1': 114.9, 'm5-1': 25.96, 'm6-1': 96.22, 'm7-1': 27.22, 'm8-1': 101.9}",0.0,inf,inf,inf,747.45,747.45
689,T8,BESTEFFORT,CANCELLED,,637.608,"{'m1-1': 5.52, 'm2-1': 5.87, 'm3-1': 26.44, 'm4-1': 101.86, 'm5-1': 25.38, 'm6-1': 115.46, 'm7-1': 27.84, 'm8-1': 113.34}",0.0,inf,inf,inf,747.608,747.608
690,T4,BESTEFFORT,CANCELLED,,638.051,"{'m1-1': 5.46, 'm2-1': 4.82, 'm3-1': 29.4, 'm4-1': 110.82, 'm5-1': 24.29, 'm6-1': 96.17, 'm7-1': 26.88, 'm8-1': 103.0}",0.0,inf,inf,inf,748.051,748.051
691,T3,BESTEFFORT,CANCELLED,,640.607,"{'m1-1': 5.0, 'm2-1': 5.32, 'm3-1': 24.97, 'm4-1': 95.89, 'm5-1': 26.47, 'm6-1': 102.39, 'm7-1': 25.05, 'm8-1': 105.28}",0.0,inf,inf,inf,750.607,750.607
692,T5,BESTEFFORT,MISSED,m3-1,640.894,"{'m1-1': 4.91, 'm2-1': 5.16, 'm3-1': 28.53, 'm4-1': 113.55, 'm5-1': 23.23, 'm6-1': 101.02, 'm7-1': 26.03, 'm8-1': 109.51}",42.30450000000013,722.6909999999999,inf,750.894,750.894,750.894
693,T3,BESTEFFORT,MISSED,m4-1,641.072,"{'m1-1': 5.17, 'm2-1': 5.26, 'm3-1': 27.9, 'm4-1': 96.45, 'm5-1': 28.12, 'm6-1': 94.02, 'm7-1': 26.42, 'm8-1': 98.55}",54.913500000000056,714.463,inf,751.072,751.072,751.072
694,T1,BESTEFFORT,COMPLETED,m2-1,641.285,"{'m1-1': 5.54, 'm2-1': 5.48, 'm3-1': 23.95, 'm4-1': 111.08, 'm5-1': 25.39, 'm6-1': 103.81, 'm7-1': 29.07, 'm8-1': 102.0}",8.22,744.833,750.313,inf,751.285,751.285
695,T6,BESTEFFORT,COMPLETED,m1-1,642.144,"{'m1-1': 5.37, 'm2-1': 5.48, 'm3-1': 25.62, 'm4-1': 107.18, 'm5-1': 25.92, 'm6-1': 102.51, 'm7-1': 28.35, 'm8-1': 106.6}",8.055,746.308,751.678,inf,752.144,752.144
696,T6,BESTEFFORT,MISSED,m4-1,642.272,"{'m1-1': 5.14, 'm2-1': 5.28, 'm3-1': 25.25, 'm4-1': 109.08, 'm5-1': 25.91, 'm6-1': 108.84, 'm7-1': 24.84, 'm8-1': 108.45}",0.0,831.302,inf,831.302,752.272,752.272
697,T10,BESTEFFORT,CANCELLED,,643.127,"{'m1-1': 5.3, 'm2-1': 5.49, 'm3-1': 26.4, 'm4-1': 95.81, 'm5-1': 27.77, 'm6-1': 107.04, 'm7-1': 27.03, 'm8-1': 104.57}",0.0,inf,inf,inf,753.127,753.127
698,T3,BESTEFFORT,CANCELLED,,643.559,"{'m1-1': 4.89, 'm2-1': 5.33, 'm3-1': 26.7, 'm4-1': 104.5, 'm5-1': 24.79, 'm6-1': 92.17, 'm7-1': 26.8, 'm8-1': 101.05}",0.0,inf,inf,inf,753.559,753.559
699,T6,BESTEFFORT,MISSED,m4-1,644.683,"{'m1-1': 5.17, 'm2-1': 5.67, 'm3-1': 28.02, 'm4-1': 103.08, 'm5-1': 24.81, 'm6-1': 106.32, 'm7-1': 27.93, 'm8-1': 110.52}",0.0,831.302,inf,831.302,754.683,754.683
700,T1,BESTEFFORT,MISSED,m4-1,645.834,"{'m1-1': 5.56, 'm2-1': 5.85, 'm3-1': 26.94, 'm4-1': 108.9, 'm5-1': 25.46, 'm6-1': 106.26, 'm7-1': 26.45, 'm8-1': 99.26}",0.0,831.302,inf,831.302,755.834,755.834
701,T3,BESTEFFORT,COMPLETED,m2-1,647.038,"{'m1-1': 5.07, 'm2-1': 5.81, 'm3-1': 25.04, 'm4-1': 96.01, 'm5-1': 24.81, 'm6-1': 91.7, 'm7-1': 26.87, 'm8-1': 104.24}",8.715,750.313,756.1229999999999,inf,757.038,757.038
702,T10,BESTEFFORT,COMPLETED,m5-1,650.628,"{'m1-1': 5.3, 'm2-1': 5.21, 'm3-1': 26.57, 'm4-1': 107.52, 'm5-1': 26.16, 'm6-1': 100.04, 'm7-1': 24.88, 'm8-1': 114.93}",39.24,728.264,754.424,inf,760.628,760.628
703,T5,BESTEFFORT,COMPLETED,m1-1,651.193,"{'m1-1': 4.71, 'm2-1': 5.22, 'm3-1': 27.33, 'm4-1': 103.87, 'm5-1': 25.03, 'm6-1': 100.08, 'm7-1': 28.59, 'm8-1': 96.4}",7.0649999999999995,751.678,756.388,inf,761.193,761.193
704,T4,BESTEFFORT,COMPLETED,m2-1,653.603,"{'m1-1': 5.38, 'm2-1': 4.7, 'm3-1': 25.77, 'm4-1': 106.22, 'm5-1': 24.43, 'm6-1': 102.03, 'm7-1': 26.14, 'm8-1': 102.56}",7.050000000000001,756.1229999999999,760.823,inf,763.603,763.603
705,T5,BESTEFFORT,COMPLETED,m1-1,654.319,"{'m1-1': 4.84, 'm2-1': 4.95, 'm3-1': 26.37, 'm4-1': 111.27, 'm5-1': 26.99, 'm6-1': 109.22, 'm7-1': 27.26, 'm8-1': 95.21}",7.26,756.388,761.2280000000001,inf,764.319,764.319
706,T8,BESTEFFORT,CANCELLED,,654.816,"{'m1-1': 5.78, 'm2-1': 5.36, 'm3-1': 24.96, 'm4-1': 103.82, 'm5-1': 23.72, 'm6-1': 100.23, 'm7-1': 25.97, 'm8-1': 110.18}",0.0,inf,inf,inf,764.816,764.816
707,T5,BESTEFFORT,COMPLETED,m2-1,657.156,"{'m1-1': 4.72, 'm2-1': 4.77, 'm3-1': 29.38, 'm4-1': 116.48, 'm5-1': 27.19, 'm6-1': 107.6, 'm7-1': 26.09, 'm8-1': 97.6}",7.154999999999999,760.823,765.593,inf,767.156,767.156
708,T7,BESTEFFORT,COMPLETED,m7-1,659.207,"{'m1-1': 4.93, 'm2-1': 5.39, 'm3-1': 25.95, 'm4-1': 106.19, 'm5-1': 26.4, 'm6-1': 101.17, 'm7-1': 26.71, 'm8-1': 98.73}",40.065,741.3290000000002,768.0390000000002,inf,769.207,769.207
709,T5,BESTEFFORT,COMPLETED,m1-1,659.433,"{'m1-1': 5.38, 'm2-1': 4.63, 'm3-1': 28.59, 'm4-1': 117.44, 'm5-1': 24.72, 'm6-1': 106.95, 'm7-1': 25.22, 'm8-1': 94.42}",8.07,761.2280000000001,766.6080000000001,inf,769.433,769.433
710,T4,BESTEFFORT,CANCELLED,,659.949,"{'m1-1': 5.02, 'm2-1': 4.84, 'm3-1': 27.39, 'm4-1': 98.58, 'm5-1': 25.26, 'm6-1': 102.72, 'm7-1': 25.37, 'm8-1': 110.08}",0.0,inf,inf,inf,769.949,769.949
711,T8,BESTEFFORT,COMPLETED,m2-1,663.117,"{'m1-1': 5.05, 'm2-1': 5.04, 'm3-1': 25.79, 'm4-1': 101.36, 'm5-1': 27.09, 'm6-1': 104.77, 'm7-1': 28.02, 'm8-1': 111.76}",7.5600000000000005,765.593,770.6329999999999,inf,773.117,773.117
712,T6,BESTEFFORT,COMPLETED,m1-1,663.464,"{'m1-1': 5.19, 'm2-1': 5.3, 'm3-1': 26.94, 'm4-1': 100.56, 'm5-1': 24.99, 'm6-1': 98.33, 'm7-1': 24.7, 'm8-1': 102.27}",7.785,766.6080000000001,771.7980000000001,inf,773.464,773.464
713,T1,BESTEFFORT,CANCELLED,,664.478,"{'m1-1': 5.52, 'm2-1': 5.01, 'm3-1': 24.09, 'm4-1': 108.99, 'm5-1': 26.84, 'm6-1': 107.78, 'm7-1': 27.47, 'm8-1': 105.98}",0.0,inf,inf,inf,774.478,774.478
714,T9,BESTEFFORT,CANCELLED,,665.085,"{'m1-1': 5.05, 'm2-1': 5.01, 'm3-1': 27.74, 'm4-1': 101.11, 'm5-1': 28.03, 'm6-1': 98.67, 'm7-1': 25.32, 'm8-1': 94.17}",0.0,inf,inf,inf,775.085,775.085
715,T3,BESTEFFORT,MISSED,m3-1,665.372,"{'m1-1': 4.78, 'm2-1': 5.63, 'm3-1': 28.34, 'm4-1': 101.47, 'm5-1': 24.31, 'm6-1': 97.48, 'm7-1': 26.15, 'm8-1': 101.78}",36.71699999999993,750.894,inf,775.372,775.372,775.372
716,T6,BESTEFFORT,COMPLETED,m1-1,667.069,"{'m1-1': 4.81, 'm2-1': 5.42, 'm3-1': 25.03, 'm4-1': 113.3, 'm5-1': 28.1, 'm6-1': 101.88, 'm7-1': 26.99, 'm8-1': 105.22}",7.215,771.7980000000001,776.6080000000001,inf,777.069,777.069
717,T8,BESTEFFORT,COMPLETED,m2-1,668.49,"{'m1-1': 5.46, 'm2-1': 5.45, 'm3-1': 27.51, 'm4-1': 107.2, 'm5-1': 27.03, 'm6-1': 115.69, 'm7-1': 27.28, 'm8-1': 100.66}",8.175,770.6329999999999,776.083,inf,778.49,778.49
718,T7,BESTEFFORT,CANCELLED,,669.501,"{'m1-1': 5.66, 'm2-1': 4.99, 'm3-1': 28.28, 'm4-1': 96.44, 'm5-1': 26.16, 'm6-1': 104.95, 'm7-1': 25.8, 'm8-1': 93.2}",0.0,inf,inf,inf,779.501,779.501
719,T10,BESTEFFORT,CANCELLED,,669.653,"{'m1-1': 4.93, 'm2-1': 5.79, 'm3-1': 25.71, 'm4-1': 92.55, 'm5-1': 28.53, 'm6-1': 114.01, 'm7-1': 26.33, 'm8-1': 102.91}",0.0,inf,inf,inf,779.653,779.653
720,T2,BESTEFFORT,CANCELLED,,670.969,"{'m1-1': 4.96, 'm2-1': 5.44, 'm3-1': 26.91, 'm4-1': 113.93, 'm5-1': 24.08, 'm6-1': 100.8, 'm7-1': 25.92, 'm8-1': 110.48}",0.0,inf,inf,inf,780.969,780.969
721,T3,BESTEFFORT,CANCELLED,,671.112,"{'m1-1': 5.29, 'm2-1': 5.51, 'm3-1': 25.13, 'm4-1': 105.38, 'm5-1': 24.18, 'm6-1': 92.38, 'm7-1': 25.62, 'm8-1': 102.72}",0.0,inf,inf,inf,781.112,781.112
722,T8,BESTEFFORT,MISSED,m1-1,671.642,"{'m1-1': 5.51, 'm2-1': 5.51, 'm3-1': 25.98, 'm4-1': 98.37, 'm5-1': 26.83, 'm6-1': 106.88, 'm7-1': 25.1, 'm8-1': 109.3}",7.550999999999988,776.6080000000001,inf,781.642,781.642,781.642
723,T10,BESTEFFORT,COMPLETED,m5-1,671.722,"{'m1-1': 5.46, 'm2-1': 5.03, 'm3-1': 29.23, 'm4-1': 108.67, 'm5-1': 25.64, 'm6-1': 106.64, 'm7-1': 26.06, 'm8-1': 112.25}",38.46,754.424,780.064,inf,781.722,781.722
724,T2,BESTEFFORT,CANCELLED,,672.313,"{'m1-1': 4.94, 'm2-1': 5.18, 'm3-1': 25.3, 'm4-1': 100.84, 'm5-1': 23.64, 'm6-1': 109.18, 'm7-1': 26.34, 'm8-1': 100.78}",0.0,inf,inf,inf,782.313,782.313
725,T6,BESTEFFORT,COMPLETED,m2-1,672.75,"{'m1-1': 4.93, 'm2-1': 5.18, 'm3-1': 27.17, 'm4-1': 104.11, 'm5-1': 28.3, 'm6-1': 92.92, 'm7-1': 24.6, 'm8-1': 110.38}",7.77,776.083,781.2629999999999,inf,782.75,782.75
726,T9,BESTEFFORT,CANCELLED,,673.178,"{'m1-1': 5.38, 'm2-1': 5.15, 'm3-1': 24.61, 'm4-1': 98.31, 'm5-1': 26.83, 'm6-1': 114.53, 'm7-1': 25.09, 'm8-1': 99.3}",0.0,inf,inf,inf,783.178,783.178
727,T3,BESTEFFORT,CANCELLED,,676.199,"{'m1-1': 5.38, 'm2-1': 5.29, 'm3-1': 25.75, 'm4-1': 98.63, 'm5-1': 28.16, 'm6-1': 103.95, 'm7-1': 25.57, 'm8-1': 114.37}",0.0,inf,inf,inf,786.199,786.199
728,T1,BESTEFFORT,COMPLETED,m2-1,678.461,"{'m1-1': 5.51, 'm2-1': 5.85, 'm3-1': 25.93, 'm4-1': 110.27, 'm5-1': 27.69, 'm6-1': 98.73, 'm7-1': 27.77, 'm8-1': 107.74}",8.774999999999999,781.2629999999999,787.1129999999999,inf,788.461,788.461
729,T2,BESTEFFORT,MISSED,m6-1,678.788,"{'m1-1': 4.83, 'm2-1': 5.12, 'm3-1': 25.3, 'm4-1': 108.14, 'm5-1': 26.03, 'm6-1': 109.62, 'm7-1': 24.79, 'm8-1': 95.52}",92.94000000000005,726.828,inf,788.788,788.788,788.788
730,T2,BESTEFFORT,COMPLETED,m1-1,679.028,"{'m1-1': 4.69, 'm2-1': 5.06, 'm3-1': 25.32, 'm4-1': 108.4, 'm5-1': 25.73, 'm6-1': 100.72, 'm7-1': 25.46, 'm8-1': 102.35}",7.035,781.642,786.3320000000001,inf,789.028,789.028
731,T5,BESTEFFORT,MISSED,m6-1,679.677,"{'m1-1': 4.98, 'm2-1': 4.68, 'm3-1': 27.9, 'm4-1': 114.19, 'm5-1': 25.26, 'm6-1': 108.28, 'm7-1': 24.19, 'm8-1': 102.78}",0.0,831.49,inf,831.49,789.677,789.677
732,T4,BESTEFFORT,CANCELLED,,680.63,"{'m1-1': 4.86, 'm2-1': 4.85, 'm3-1': 28.55, 'm4-1': 108.69, 'm5-1': 24.84, 'm6-1': 95.57, 'm7-1': 27.47, 'm8-1': 112.12}",0.0,inf,inf,inf,790.63,790.63
733,T9,BESTEFFORT,MISSED,m6-1,680.64,"{'m1-1': 5.47, 'm2-1': 5.43, 'm3-1': 25.53, 'm4-1': 108.22, 'm5-1': 27.88, 'm6-1': 108.77, 'm7-1': 26.38, 'm8-1': 100.88}",0.0,831.49,inf,831.49,790.64,790.64
734,T3,BESTEFFORT,COMPLETED,m2-1,682.831,"{'m1-1': 5.61, 'm2-1': 5.14, 'm3-1': 27.27, 'm4-1': 100.5, 'm5-1': 27.68, 'm6-1': 107.01, 'm7-1': 25.73, 'm8-1': 97.7}",7.709999999999999,787.1129999999999,792.2529999999999,inf,792.831,792.831
735,T2,BESTEFFORT,COMPLETED,m1-1,683.389,"{'m1-1': 5.03, 'm2-1': 5.77, 'm3-1': 24.75, 'm4-1': 107.09, 'm5-1': 24.94, 'm6-1': 95.8, 'm7-1': 25.59, 'm8-1': 103.0}",7.545,786.3320000000001,791.3620000000001,inf,793.389,793.389
736,T5,BESTEFFORT,CANCELLED,,683.694,"{'m1-1': 5.3, 'm2-1': 4.76, 'm3-1': 26.06, 'm4-1': 111.58, 'm5-1': 23.2, 'm6-1': 99.11, 'm7-1': 28.53, 'm8-1': 109.3}",0.0,inf,inf,inf,793.694,793.694
737,T9,BESTEFFORT,CANCELLED,,684.501,"{'m1-1': 5.56, 'm2-1': 5.2, 'm3-1': 25.2, 'm4-1': 98.83, 'm5-1': 25.64, 'm6-1': 106.13, 'm7-1': 27.06, 'm8-1': 99.37}",0.0,inf,inf,inf,794.501,794.501
738,T4,BESTEFFORT,CANCELLED,,685.074,"{'m1-1': 5.41, 'm2-1': 4.81, 'm3-1': 25.44, 'm4-1': 106.09, 'm5-1': 25.76, 'm6-1': 100.04, 'm7-1': 25.99, 'm8-1': 104.32}",0.0,inf,inf,inf,795.074,795.074
739,T8,BESTEFFORT,COMPLETED,m7-1,685.223,"{'m1-1': 5.18, 'm2-1': 5.0, 'm3-1': 27.05, 'm4-1': 110.95, 'm5-1': 26.74, 'm6-1': 100.74, 'm7-1': 25.22, 'm8-1': 114.23}",37.83,768.0390000000002,793.2590000000002,inf,795.223,795.223
740,T6,BESTEFFORT,CANCELLED,,686.242,"{'m1-1': 4.93, 'm2-1': 5.2, 'm3-1': 27.06, 'm4-1': 114.29, 'm5-1': 24.5, 'm6-1': 98.88, 'm7-1': 28.81, 'm8-1': 94.66}",0.0,inf,inf,inf,796.242,796.242
741,T8,BESTEFFORT,COMPLETED,m2-1,688.481,"{'m1-1': 4.99, 'm2-1': 5.39, 'm3-1': 28.74, 'm4-1': 108.87, 'm5-1': 24.47, 'm6-1': 112.4, 'm7-1': 27.84, 'm8-1': 112.04}",8.084999999999999,792.2529999999999,797.6429999999999,inf,798.481,798.481
742,T2,BESTEFFORT,COMPLETED,m1-1,689.211,"{'m1-1': 4.8, 'm2-1': 5.09, 'm3-1': 25.97, 'm4-1': 107.76, 'm5-1': 27.4, 'm6-1': 95.52, 'm7-1': 25.49, 'm8-1': 100.74}",7.199999999999999,791.3620000000001,796.162,inf,799.211,799.211
743,T5,BESTEFFORT,CANCELLED,,689.604,"{'m1-1': 5.09, 'm2-1': 4.82, 'm3-1': 26.49, 'm4-1': 117.29, 'm5-1': 25.98, 'm6-1': 102.95, 'm7-1': 28.19, 'm8-1': 101.41}",0.0,inf,inf,inf,799.604,799.604
744,T8,BESTEFFORT,CANCELLED,,690.688,"{'m1-1': 5.3, 'm2-1': 5.72, 'm3-1': 26.72, 'm4-1': 95.84, 'm5-1': 23.95, 'm6-1': 107.35, 'm7-1': 25.67, 'm8-1': 100.25}",0.0,inf,inf,inf,800.688,800.688
745,T1,BESTEFFORT,COMPLETED,m1-1,692.378,"{'m1-1': 5.29, 'm2-1': 5.62, 'm3-1': 27.5, 'm4-1': 113.43, 'm5-1': 27.83, 'm6-1': 114.39, 'm7-1': 25.29, 'm8-1': 97.5}",7.9350000000000005,796.162,801.452,inf,802.378,802.378
746,T7,BESTEFFORT,COMPLETED,m3-1,693.713,"{'m1-1': 5.22, 'm2-1': 5.88, 'm3-1': 25.6, 'm4-1': 95.59, 'm5-1': 25.66, 'm6-1': 101.97, 'm7-1': 27.05, 'm8-1': 94.71}",38.400000000000006,775.372,800.972,inf,803.713,803.713
747,T1,BESTEFFORT,COMPLETED,m2-1,693.779,"{'m1-1': 5.17, 'm2-1': 5.56, 'm3-1': 25.99, 'm4-1': 107.93, 'm5-1': 27.3, 'm6-1': 114.98, 'm7-1': 25.74, 'm8-1': 98.28}",8.34,797.6429999999999,803.2029999999999,inf,803.779,803.779
748,T1,BESTEFFORT,MISSED,m6-1,694.076,"{'m1-1': 5.14, 'm2-1': 5.54, 'm3-1': 27.66, 'm4-1': 114.97, 'm5-1': 26.62, 'm6-1': 115.66, 'm7-1': 25.48, 'm8-1': 96.53}",0.0,831.49,inf,831.49,804.076,804.076
749,T6,BESTEFFORT,CANCELLED,,694.288,"{'m1-1': 4.65, 'm2-1': 5.47, 'm3-1': 28.01, 'm4-1': 105.23, 'm5-1': 24.06, 'm6-1': 98.94, 'm7-1': 27.47, 'm8-1': 109.09}",0.0,inf,inf,inf,804.288,804.288
750,T9,BESTEFFORT,CANCELLED,,695.108,"{'m1-1': 5.69, 'm2-1': 4.88, 'm3-1': 25.78, 'm4-1': 103.29, 'm5-1': 26.22, 'm6-1': 99.31, 'm7-1': 26.72, 'm8-1': 96.76}",0.0,inf,inf,inf,805.108,805.108
751,T7,BESTEFFORT,CANCELLED,,695.195,"{'m1-1': 5.31, 'm2-1': 5.3, 'm3-1': 29.09, 'm4-1': 95.84, 'm5-1': 26.02, 'm6-1': 110.26, 'm7-1': 27.14, 'm8-1': 93.41}",0.0,inf,inf,inf,805.195,805.195
752,T7,BESTEFFORT,CANCELLED,,695.66,"{'m1-1': 5.26, 'm2-1': 5.68, 'm3-1': 24.88, 'm4-1': 95.64, 'm5-1': 26.09, 'm6-1': 112.13, 'm7-1': 26.13, 'm8-1': 99.65}",0.0,inf,inf,inf,805.66,805.66
753,T5,BESTEFFORT,COMPLETED,m1-1,697.231,"{'m1-1': 5.09, 'm2-1': 5.05, 'm3-1': 29.23, 'm4-1': 110.14, 'm5-1': 24.86, 'm6-1': 105.88, 'm7-1': 27.0, 'm8-1': 105.8}",7.635,801.452,806.542,inf,807.231,807.231
754,T9,BESTEFFORT,CANCELLED,,698.127,"{'m1-1': 5.34, 'm2-1': 5.46, 'm3-1': 25.43, 'm4-1': 98.93, 'm5-1': 28.7, 'm6-1': 104.2, 'm7-1': 25.8, 'm8-1': 104.26}",0.0,inf,inf,inf,808.127,808.127
755,T9,BESTEFFORT,COMPLETED,m5-1,701.43,"{'m1-1': 5.1, 'm2-1': 4.77, 'm3-1': 24.62, 'm4-1': 109.72, 'm5-1': 28.33, 'm6-1': 104.31, 'm7-1': 27.76, 'm8-1': 92.1}",42.495,780.064,808.394,inf,811.43,811.43
756,T3,BESTEFFORT,MISSED,m1-1,701.799,"{'m1-1': 5.46, 'm2-1': 5.26, 'm3-1': 24.33, 'm4-1': 93.64, 'm5-1': 25.43, 'm6-1': 101.51, 'm7-1': 26.05, 'm8-1': 108.33}",7.885499999999922,806.542,inf,811.799,811.799,811.799
757,T10,BESTEFFORT,COMPLETED,m2-1,701.801,"{'m1-1': 5.52, 'm2-1': 5.29, 'm3-1': 27.27, 'm4-1': 103.22, 'm5-1': 25.01, 'm6-1': 105.89, 'm7-1': 28.06, 'm8-1': 105.16}",7.9350000000000005,803.2029999999999,808.4929999999998,inf,811.801,811.801
758,T9,BESTEFFORT,CANCELLED,,703.622,"{'m1-1': 5.01, 'm2-1': 5.05, 'm3-1': 24.78, 'm4-1': 105.83, 'm5-1': 24.18, 'm6-1': 112.4, 'm7-1': 28.9, 'm8-1': 94.56}",0.0,inf,inf,inf,813.622,813.622
759,T4,BESTEFFORT,COMPLETED,m2-1,705.857,"{'m1-1': 5.43, 'm2-1': 5.15, 'm3-1': 27.91, 'm4-1': 111.86, 'm5-1': 24.96, 'm6-1': 104.09, 'm7-1': 26.82, 'm8-1': 99.95}",7.7250000000000005,808.4929999999998,813.6429999999998,inf,815.857,815.857
760,T2,BESTEFFORT,CANCELLED,,707.603,"{'m1-1': 4.95, 'm2-1': 5.38, 'm3-1': 25.86, 'm4-1': 113.87, 'm5-1': 26.4, 'm6-1': 103.85, 'm7-1': 27.19, 'm8-1': 108.11}",0.0,inf,inf,inf,817.603,817.603
761,T10,BESTEFFORT,COMPLETED,m1-1,707.616,"{'m1-1': 5.39, 'm2-1': 5.3, 'm3-1': 29.44, 'm4-1': 107.1, 'm5-1': 25.41, 'm6-1': 112.67, 'm7-1': 27.52, 'm8-1': 105.54}",8.084999999999999,811.799,817.189,inf,817.616,817.616
762,T9,BESTEFFORT,CANCELLED,,707.731,"{'m1-1': 4.92, 'm2-1': 4.88, 'm3-1': 24.57, 'm4-1': 113.34, 'm5-1': 27.34, 'm6-1': 103.52, 'm7-1': 28.32, 'm8-1': 92.57}",0.0,inf,inf,inf,817.731,817.731
763,T8,BESTEFFORT,CANCELLED,,708.155,"{'m1-1': 5.3, 'm2-1': 5.19, 'm3-1': 27.94, 'm4-1': 109.72, 'm5-1': 26.3, 'm6-1': 113.86, 'm7-1': 27.3, 'm8-1': 102.31}",0.0,inf,inf,inf,818.155,818.155
764,T2,BESTEFFORT,CANCELLED,,708.628,"{'m1-1': 5.11, 'm2-1': 5.54, 'm3-1': 25.74, 'm4-1': 107.16, 'm5-1': 25.81, 'm6-1': 103.41, 'm7-1': 25.71, 'm8-1': 110.91}",0.0,inf,inf,inf,818.628,818.628
765,T2,BESTEFFORT,MISSED,m7-1,709.245,"{'m1-1': 5.28, 'm2-1': 5.06, 'm3-1': 26.98, 'm4-1': 97.86, 'm5-1': 25.23, 'm6-1': 96.16, 'm7-1': 27.32, 'm8-1': 111.82}",38.978999999999644,793.2590000000002,inf,819.245,819.245,819.245
766,T7,BESTEFFORT,CANCELLED,,709.301,"{'m1-1': 5.61, 'm2-1': 5.63, 'm3-1': 25.84, 'm4-1': 108.97, 'm5-1': 28.46, 'm6-1': 113.55, 'm7-1': 26.72, 'm8-1': 97.05}",0.0,inf,inf,inf,819.301,819.301
767,T8,BESTEFFORT,COMPLETED,m2-1,711.05,"{'m1-1': 5.62, 'm2-1': 5.09, 'm3-1': 25.75, 'm4-1': 95.57, 'm5-1': 27.26, 'm6-1': 113.84, 'm7-1': 27.13, 'm8-1': 109.21}",7.635,813.6429999999998,818.7329999999998,inf,821.05,821.05
768,T5,BESTEFFORT,CANCELLED,,711.55,"{'m1-1': 5.16, 'm2-1': 5.47, 'm3-1': 27.48, 'm4-1': 117.6, 'm5-1': 26.22, 'm6-1': 108.79, 'm7-1': 25.47, 'm8-1': 106.78}",0.0,inf,inf,inf,821.55,821.55
769,T8,BESTEFFORT,COMPLETED,m1-1,713.209,"{'m1-1': 5.55, 'm2-1': 5.73, 'm3-1': 25.75, 'm4-1': 108.0, 'm5-1': 24.6, 'm6-1': 112.59, 'm7-1': 25.38, 'm8-1': 102.21}",8.325,817.189,822.7389999999999,inf,823.209,823.209
770,T6,BESTEFFORT,CANCELLED,,713.637,"{'m1-1': 5.45, 'm2-1': 5.5, 'm3-1': 27.3, 'm4-1': 111.29, 'm5-1': 25.62, 'm6-1': 107.41, 'm7-1': 25.15, 'm8-1': 108.02}",0.0,inf,inf,inf,823.637,823.637
771,T10,BESTEFFORT,CANCELLED,,714.155,"{'m1-1': 5.46, 'm2-1': 5.44, 'm3-1': 28.36, 'm4-1': 100.23, 'm5-1': 26.47, 'm6-1': 109.51, 'm7-1': 27.48, 'm8-1': 104.83}",0.0,inf,inf,inf,824.155,824.155
772,T1,BESTEFFORT,CANCELLED,,714.463,"{'m1-1': 4.79, 'm2-1': 5.51, 'm3-1': 25.85, 'm4-1': 102.28, 'm5-1': 28.1, 'm6-1': 111.14, 'm7-1': 25.75, 'm8-1': 102.28}",0.0,inf,inf,inf,824.463,824.463
773,T9,BESTEFFORT,COMPLETED,m2-1,715.937,"{'m1-1': 5.08, 'm2-1': 5.58, 'm3-1': 27.21, 'm4-1': 107.96, 'm5-1': 26.01, 'm6-1': 99.69, 'm7-1': 27.8, 'm8-1': 95.56}",8.370000000000001,818.7329999999998,824.3129999999999,inf,825.937,825.937
774,T4,BESTEFFORT,CANCELLED,,716.994,"{'m1-1': 4.93, 'm2-1': 4.98, 'm3-1': 26.96, 'm4-1': 101.11, 'm5-1': 24.82, 'm6-1': 99.63, 'm7-1': 27.74, 'm8-1': 100.32}",0.0,inf,inf,inf,826.994,826.994
775,T3,BESTEFFORT,COMPLETED,m3-1,718.289,"{'m1-1': 5.08, 'm2-1': 5.2, 'm3-1': 25.22, 'm4-1': 107.36, 'm5-1': 25.06, 'm6-1': 106.14, 'm7-1': 24.69, 'm8-1': 104.6}",37.83,800.972,826.192,inf,828.289,828.289
776,T4,BESTEFFORT,MISSED,m4-1,721.302,"{'m1-1': 5.05, 'm2-1': 4.76, 'm3-1': 25.12, 'm4-1': 101.55, 'm5-1': 25.56, 'm6-1': 99.53, 'm7-1': 25.14, 'm8-1': 112.06}",120.34500000000003,751.072,inf,831.302,831.302,831.302
777,T6,BESTEFFORT,MISSED,m6-1,721.49,"{'m1-1': 5.18, 'm2-1': 5.35, 'm3-1': 26.02, 'm4-1': 101.26, 'm5-1': 26.67, 'm6-1': 98.82, 'm7-1': 25.41, 'm8-1': 94.25}",64.053,788.788,inf,831.49,831.49,831.49
778,T8,BESTEFFORT,MISSED,m8-1,722.733,"{'m1-1': 5.38, 'm2-1': 5.26, 'm3-1': 25.07, 'm4-1': 101.99, 'm5-1': 24.47, 'm6-1': 115.5, 'm7-1': 27.19, 'm8-1': 114.65}",151.62599999999992,731.649,inf,832.733,832.733,832.733
779,T9,BESTEFFORT,COMPLETED,m2-1,723.842,"{'m1-1': 4.92, 'm2-1': 5.57, 'm3-1': 27.8, 'm4-1': 100.74, 'm5-1': 28.21, 'm6-1': 108.84, 'm7-1': 29.71, 'm8-1': 106.45}",8.355,824.3129999999999,829.8829999999999,inf,833.842,833.842
780,T7,BESTEFFORT,COMPLETED,m1-1,724.354,"{'m1-1': 5.07, 'm2-1': 5.06, 'm3-1': 25.9, 'm4-1': 100.3, 'm5-1': 25.97, 'm6-1': 112.68, 'm7-1': 29.68, 'm8-1': 91.48}",7.605,822.7389999999999,827.809,inf,834.354,834.354
781,T8,BESTEFFORT,COMPLETED,m5-1,726.946,"{'m1-1': 5.81, 'm2-1': 5.36, 'm3-1': 25.49, 'm4-1': 105.94, 'm5-1': 25.81, 'm6-1': 99.81, 'm7-1': 26.21, 'm8-1': 103.27}",38.714999999999996,808.394,834.204,inf,836.946,836.946
782,T6,BESTEFFORT,COMPLETED,m1-1,727.792,"{'m1-1': 4.97, 'm2-1': 5.84, 'm3-1': 26.74, 'm4-1': 107.08, 'm5-1': 27.44, 'm6-1': 107.47, 'm7-1': 28.91, 'm8-1': 93.77}",7.455,827.809,832.779,inf,837.792,837.792
783,T10,BESTEFFORT,COMPLETED,m2-1,728.494,"{'m1-1': 4.87, 'm2-1': 5.57, 'm3-1': 28.32, 'm4-1': 96.66, 'm5-1': 25.73, 'm6-1': 104.02, 'm7-1': 25.6, 'm8-1': 114.31}",8.355,829.8829999999999,835.453,inf,838.494,838.494
784,T3,BESTEFFORT,MISSED,m4-1,728.913,"{'m1-1': 5.21, 'm2-1': 5.49, 'm3-1': 25.28, 'm4-1': 99.64, 'm5-1': 24.08, 'm6-1': 99.75, 'm7-1': 24.5, 'm8-1': 108.88}",0.0,854.05,inf,854.05,838.913,838.913
785,T6,BESTEFFORT,COMPLETED,m1-1,729.394,"{'m1-1': 5.48, 'm2-1': 5.04, 'm3-1': 28.04, 'm4-1': 106.5, 'm5-1': 26.89, 'm6-1': 97.7, 'm7-1': 26.15, 'm8-1': 96.02}",8.22,832.779,838.259,inf,839.394,839.394
786,T7,BESTEFFORT,COMPLETED,m2-1,731.383,"{'m1-1': 5.35, 'm2-1': 5.75, 'm3-1': 25.12, 'm4-1': 100.62, 'm5-1': 25.23, 'm6-1': 102.78, 'm7-1': 26.95, 'm8-1': 93.72}",8.625,835.453,841.203,inf,841.383,841.383
787,T9,BESTEFFORT,MISSED,m6-1,732.116,"{'m1-1': 5.54, 'm2-1': 4.73, 'm3-1': 24.59, 'm4-1': 97.08, 'm5-1': 27.83, 'm6-1': 104.35, 'm7-1': 29.3, 'm8-1': 107.63}",0.0,921.422,inf,921.422,842.116,842.116
788,T5,BESTEFFORT,MISSED,m4-1,733.544,"{'m1-1': 4.68, 'm2-1': 4.63, 'm3-1': 25.37, 'm4-1': 111.54, 'm5-1': 23.2, 'm6-1': 99.92, 'm7-1': 28.7, 'm8-1': 106.96}",0.0,854.05,inf,854.05,843.544,843.544
789,T3,BESTEFFORT,MISSED,m6-1,733.952,"{'m1-1': 4.93, 'm2-1': 5.48, 'm3-1': 26.08, 'm4-1': 103.6, 'm5-1': 25.29, 'm6-1': 98.24, 'm7-1': 23.64, 'm8-1': 103.69}",0.0,921.422,inf,921.422,843.952,843.952
790,T4,BESTEFFORT,COMPLETED,m1-1,734.501,"{'m1-1': 4.72, 'm2-1': 5.37, 'm3-1': 25.7, 'm4-1': 115.12, 'm5-1': 23.91, 'm6-1': 107.55, 'm7-1': 24.75, 'm8-1': 116.31}",7.08,838.259,842.979,inf,844.501,844.501
791,T6,BESTEFFORT,MISSED,m4-1,735.321,"{'m1-1': 4.97, 'm2-1': 5.66, 'm3-1': 26.64, 'm4-1': 113.16, 'm5-1': 27.23, 'm6-1': 99.54, 'm7-1': 26.61, 'm8-1': 93.71}",0.0,854.05,inf,854.05,845.321,845.321
792,T1,BESTEFFORT,COMPLETED,m2-1,736.907,"{'m1-1': 5.53, 'm2-1': 5.22, 'm3-1': 25.1, 'm4-1': 108.29, 'm5-1': 24.56, 'm6-1': 109.88, 'm7-1': 26.43, 'm8-1': 102.09}",7.83,841.203,846.423,inf,846.907,846.907
793,T5,BESTEFFORT,MISSED,m8-1,737.623,"{'m1-1': 5.54, 'm2-1': 4.73, 'm3-1': 29.58, 'm4-1': 115.17, 'm5-1': 24.71, 'm6-1': 98.15, 'm7-1': 27.99, 'm8-1': 106.13}",22.33500000000015,832.733,inf,847.623,847.623,847.623
794,T8,BESTEFFORT,MISSED,m1-1,738.582,"{'m1-1': 5.66, 'm2-1': 5.79, 'm3-1': 26.64, 'm4-1': 96.19, 'm5-1': 24.12, 'm6-1': 98.16, 'm7-1': 29.17, 'm8-1': 99.46}",8.404499999999928,842.979,inf,848.582,848.582,848.582
795,T4,BESTEFFORT,MISSED,m8-1,739.309,"{'m1-1': 5.12, 'm2-1': 5.24, 'm3-1': 28.17, 'm4-1': 108.76, 'm5-1': 27.57, 'm6-1': 101.66, 'm7-1': 27.21, 'm8-1': 106.6}",2.5289999999998827,847.623,inf,849.309,849.309,849.309
796,T8,BESTEFFORT,COMPLETED,m7-1,739.766,"{'m1-1': 5.47, 'm2-1': 5.04, 'm3-1': 24.71, 'm4-1': 104.44, 'm5-1': 24.52, 'm6-1': 111.42, 'm7-1': 26.53, 'm8-1': 108.47}",39.795,819.245,845.775,inf,849.766,849.766
797,T2,BESTEFFORT,COMPLETED,m3-1,743.553,"{'m1-1': 5.08, 'm2-1': 5.56, 'm3-1': 26.58, 'm4-1': 106.44, 'm5-1': 28.05, 'm6-1': 102.18, 'm7-1': 26.54, 'm8-1': 98.36}",39.87,826.192,852.772,inf,853.553,853.553
798,T2,BESTEFFORT,COMPLETED,m2-1,744.03,"{'m1-1': 5.42, 'm2-1': 5.87, 'm3-1': 27.24, 'm4-1': 108.46, 'm5-1': 25.08, 'm6-1': 106.62, 'm7-1': 24.58, 'm8-1': 95.67}",8.805,846.423,852.293,inf,854.03,854.03
799,T3,BESTEFFORT,MISSED,m4-1,744.05,"{'m1-1': 4.83, 'm2-1': 5.44, 'm3-1': 27.34, 'm4-1': 107.47, 'm5-1': 26.85, 'm6-1': 94.32, 'm7-1': 23.39, 'm8-1': 112.31}",34.1219999999999,831.302,inf,854.05,854.05,854.05
800,T1,BESTEFFORT,COMPLETED,m1-1,744.613,"{'m1-1': 5.16, 'm2-1': 5.31, 'm3-1': 27.9, 'm4-1': 117.46, 'm5-1': 27.32, 'm6-1': 114.36, 'm7-1': 29.52, 'm8-1': 103.68}",7.74,848.582,853.742,inf,854.613,854.613
801,T10,BESTEFFORT,MISSED,m6-1,747.049,"{'m1-1': 5.5, 'm2-1': 5.69, 'm3-1': 27.44, 'm4-1': 96.43, 'm5-1': 26.0, 'm6-1': 112.42, 'm7-1': 25.7, 'm8-1': 113.42}",0.0,921.422,inf,921.422,857.049,857.049
802,T5,BESTEFFORT,MISSED,m5-1,747.506,"{'m1-1': 5.26, 'm2-1': 5.37, 'm3-1': 27.79, 'm4-1': 105.41, 'm5-1': 25.36, 'm6-1': 105.86, 'm7-1': 26.52, 'm8-1': 108.79}",34.95300000000003,834.204,inf,857.506,857.506,857.506
803,T9,BESTEFFORT,COMPLETED,m2-1,747.823,"{'m1-1': 5.09, 'm2-1': 4.91, 'm3-1': 26.12, 'm4-1': 101.85, 'm5-1': 24.91, 'm6-1': 99.69, 'm7-1': 27.57, 'm8-1': 100.65}",7.365,852.293,857.203,inf,857.823,857.823
804,T9,BESTEFFORT,CANCELLED,,748.696,"{'m1-1': 4.94, 'm2-1': 5.13, 'm3-1': 27.66, 'm4-1': 113.49, 'm5-1': 25.26, 'm6-1': 113.67, 'm7-1': 27.02, 'm8-1': 109.01}",0.0,inf,inf,inf,858.696,858.696
805,T6,BESTEFFORT,COMPLETED,m1-1,748.931,"{'m1-1': 5.1, 'm2-1': 5.46, 'm3-1': 25.39, 'm4-1': 113.78, 'm5-1': 24.6, 'm6-1': 101.97, 'm7-1': 25.18, 'm8-1': 93.6}",7.6499999999999995,853.742,858.842,inf,858.931,858.931
806,T3,BESTEFFORT,MISSED,m8-1,749.282,"{'m1-1': 5.43, 'm2-1': 5.07, 'm3-1': 24.72, 'm4-1': 103.31, 'm5-1': 25.34, 'm6-1': 96.68, 'm7-1': 25.68, 'm8-1': 108.88}",0.0,867.635,inf,867.635,859.282,859.282
807,T5,BESTEFFORT,MISSED,m4-1,751.518,"{'m1-1': 5.08, 'm2-1': 5.3, 'm3-1': 28.81, 'm4-1': 103.37, 'm5-1': 23.75, 'm6-1': 107.43, 'm7-1': 28.18, 'm8-1': 104.72}",0.0,951.116,inf,951.116,861.518,861.518
808,T10,BESTEFFORT,MISSED,m8-1,752.668,"{'m1-1': 5.41, 'm2-1': 5.04, 'm3-1': 27.32, 'm4-1': 102.21, 'm5-1': 26.27, 'm6-1': 102.77, 'm7-1': 27.38, 'm8-1': 99.5}",20.038500000000056,849.309,inf,862.668,862.668,862.668
809,T7,BESTEFFORT,CANCELLED,,752.742,"{'m1-1': 5.75, 'm2-1': 5.25, 'm3-1': 27.17, 'm4-1': 110.42, 'm5-1': 27.29, 'm6-1': 105.39, 'm7-1': 26.04, 'm8-1': 92.56}",0.0,inf,inf,inf,862.742,862.742
810,T7,BESTEFFORT,COMPLETED,m2-1,754.138,"{'m1-1': 4.98, 'm2-1': 5.11, 'm3-1': 24.83, 'm4-1': 106.64, 'm5-1': 26.64, 'm6-1': 117.89, 'm7-1': 29.15, 'm8-1': 94.16}",7.665000000000001,857.203,862.313,inf,864.138,864.138
811,T9,BESTEFFORT,COMPLETED,m1-1,754.47,"{'m1-1': 4.84, 'm2-1': 4.96, 'm3-1': 25.12, 'm4-1': 108.2, 'm5-1': 27.66, 'm6-1': 106.0, 'm7-1': 26.0, 'm8-1': 92.48}",7.26,858.842,863.682,inf,864.47,864.47
812,T3,BESTEFFORT,MISSED,m8-1,754.908,"{'m1-1': 4.88, 'm2-1': 5.95, 'm3-1': 27.46, 'm4-1': 96.57, 'm5-1': 27.68, 'm6-1': 93.69, 'm7-1': 23.79, 'm8-1': 101.78}",3.3600000000000136,862.668,inf,864.908,864.908,864.908
813,T10,BESTEFFORT,MISSED,m8-1,754.956,"{'m1-1': 4.77, 'm2-1': 5.24, 'm3-1': 26.69, 'm4-1': 104.53, 'm5-1': 27.65, 'm6-1': 102.77, 'm7-1': 27.27, 'm8-1': 102.73}",0.0,867.635,inf,867.635,864.956,864.956
814,T9,BESTEFFORT,CANCELLED,,755.718,"{'m1-1': 5.17, 'm2-1': 4.74, 'm3-1': 26.31, 'm4-1': 114.56, 'm5-1': 25.42, 'm6-1': 108.62, 'm7-1': 26.18, 'm8-1': 102.27}",0.0,inf,inf,inf,865.718,865.718
815,T5,BESTEFFORT,MISSED,m8-1,757.621,"{'m1-1': 5.37, 'm2-1': 4.86, 'm3-1': 27.14, 'm4-1': 114.19, 'm5-1': 23.25, 'm6-1': 102.95, 'm7-1': 26.17, 'm8-1': 100.81}",0.0,867.635,inf,867.635,867.621,867.621
816,T4,BESTEFFORT,MISSED,m8-1,757.635,"{'m1-1': 4.94, 'm2-1': 5.08, 'm3-1': 29.06, 'm4-1': 100.7, 'm5-1': 24.6, 'm6-1': 99.5, 'm7-1': 26.25, 'm8-1': 114.43}",4.090499999999963,864.908,inf,867.635,867.635,867.635
817,T6,BESTEFFORT,COMPLETED,m2-1,758.294,"{'m1-1': 5.2, 'm2-1': 5.84, 'm3-1': 25.55, 'm4-1': 102.31, 'm5-1': 24.52, 'm6-1': 97.63, 'm7-1': 25.45, 'm8-1': 99.28}",8.76,862.313,868.153,inf,868.294,868.294
818,T8,BESTEFFORT,MISSED,m4-1,758.679,"{'m1-1': 5.03, 'm2-1': 5.87, 'm3-1': 26.12, 'm4-1': 104.94, 'm5-1': 26.15, 'm6-1': 105.88, 'm7-1': 28.88, 'm8-1': 112.49}",0.0,951.116,inf,951.116,868.679,868.679
819,T2,BESTEFFORT,MISSED,m8-1,759.288,"{'m1-1': 5.16, 'm2-1': 5.71, 'm3-1': 26.1, 'm4-1': 110.04, 'm5-1': 26.19, 'm6-1': 101.77, 'm7-1': 27.92, 'm8-1': 101.91}",0.0,963.015,inf,963.015,869.288,869.288
820,T4,BESTEFFORT,COMPLETED,m1-1,761.054,"{'m1-1': 5.01, 'm2-1': 5.01, 'm3-1': 28.07, 'm4-1': 108.32, 'm5-1': 24.23, 'm6-1': 98.64, 'm7-1': 24.71, 'm8-1': 112.03}",7.515,863.682,868.692,inf,871.054,871.054
821,T1,BESTEFFORT,CANCELLED,,763.224,"{'m1-1': 5.2, 'm2-1': 5.2, 'm3-1': 24.86, 'm4-1': 105.9, 'm5-1': 24.74, 'm6-1': 108.5, 'm7-1': 27.9, 'm8-1': 100.02}",0.0,inf,inf,inf,873.224,873.224
822,T1,BESTEFFORT,COMPLETED,m1-1,764.056,"{'m1-1': 5.25, 'm2-1': 5.73, 'm3-1': 26.98, 'm4-1': 102.79, 'm5-1': 23.93, 'm6-1': 115.49, 'm7-1': 28.18, 'm8-1': 100.41}",7.875,868.692,873.942,inf,874.056,874.056
823,T3,BESTEFFORT,COMPLETED,m2-1,764.23,"{'m1-1': 5.5, 'm2-1': 5.83, 'm3-1': 24.36, 'm4-1': 100.47, 'm5-1': 24.19, 'm6-1': 94.48, 'm7-1': 23.57, 'm8-1': 108.1}",8.745000000000001,868.153,873.9830000000001,inf,874.23,874.23
824,T2,BESTEFFORT,COMPLETED,m7-1,764.285,"{'m1-1': 4.77, 'm2-1': 5.47, 'm3-1': 25.18, 'm4-1': 111.8, 'm5-1': 28.04, 'm6-1': 94.03, 'm7-1': 26.96, 'm8-1': 108.85}",40.44,845.775,872.735,inf,874.285,874.285
825,T2,BESTEFFORT,MISSED,m8-1,765.723,"{'m1-1': 4.97, 'm2-1': 5.82, 'm3-1': 23.9, 'm4-1': 113.61, 'm5-1': 26.04, 'm6-1': 95.63, 'm7-1': 24.72, 'm8-1': 107.76}",0.0,963.015,inf,963.015,875.723,875.723
826,T5,BESTEFFORT,MISSED,m4-1,766.082,"{'m1-1': 5.26, 'm2-1': 5.28, 'm3-1': 28.34, 'm4-1': 106.29, 'm5-1': 26.09, 'm6-1': 107.72, 'm7-1': 27.68, 'm8-1': 99.76}",0.0,951.116,inf,951.116,876.082,876.082
827,T3,BESTEFFORT,CANCELLED,,768.457,"{'m1-1': 4.72, 'm2-1': 5.07, 'm3-1': 26.19, 'm4-1': 99.8, 'm5-1': 27.23, 'm6-1': 108.04, 'm7-1': 25.06, 'm8-1': 103.12}",0.0,inf,inf,inf,878.457,878.457
828,T3,BESTEFFORT,MISSED,m8-1,768.646,"{'m1-1': 5.33, 'm2-1': 5.51, 'm3-1': 25.35, 'm4-1': 94.38, 'm5-1': 27.35, 'm6-1': 95.32, 'm7-1': 23.68, 'm8-1': 109.93}",0.0,963.015,inf,963.015,878.646,878.646
829,T5,BESTEFFORT,COMPLETED,m3-1,769.753,"{'m1-1': 5.02, 'm2-1': 4.91, 'm3-1': 26.45, 'm4-1': 107.21, 'm5-1': 26.05, 'm6-1': 108.75, 'm7-1': 28.35, 'm8-1': 105.06}",39.675,852.772,879.2220000000001,inf,879.753,879.753
830,T5,BESTEFFORT,COMPLETED,m2-1,771.792,"{'m1-1': 4.94, 'm2-1': 5.34, 'm3-1': 27.7, 'm4-1': 114.42, 'm5-1': 23.76, 'm6-1': 102.38, 'm7-1': 27.85, 'm8-1': 107.42}",8.01,873.9830000000001,879.3230000000001,inf,881.792,881.792
831,T4,BESTEFFORT,COMPLETED,m1-1,771.921,"{'m1-1': 5.37, 'm2-1': 4.83, 'm3-1': 28.37, 'm4-1': 112.86, 'm5-1': 23.94, 'm6-1': 103.6, 'm7-1': 25.32, 'm8-1': 116.1}",8.055,873.942,879.312,inf,881.921,881.921
832,T2,BESTEFFORT,MISSED,m5-1,772.932,"{'m1-1': 5.45, 'm2-1': 5.56, 'm3-1': 23.4, 'm4-1': 99.11, 'm5-1': 27.14, 'm6-1': 102.01, 'm7-1': 28.13, 'm8-1': 106.55}",38.13900000000007,857.506,inf,882.932,882.932,882.932
833,T6,BESTEFFORT,CANCELLED,,773.54,"{'m1-1': 5.14, 'm2-1': 5.04, 'm3-1': 28.59, 'm4-1': 106.01, 'm5-1': 28.42, 'm6-1': 101.45, 'm7-1': 25.24, 'm8-1': 97.06}",0.0,inf,inf,inf,883.54,883.54
834,T10,BESTEFFORT,COMPLETED,m2-1,779.38,"{'m1-1': 4.8, 'm2-1': 5.88, 'm3-1': 27.42, 'm4-1': 106.18, 'm5-1': 26.6, 'm6-1': 97.55, 'm7-1': 24.2, 'm8-1': 102.4}",8.82,879.3230000000001,885.2030000000001,inf,889.38,889.38
835,T7,BESTEFFORT,COMPLETED,m1-1,780.038,"{'m1-1': 5.72, 'm2-1': 5.4, 'm3-1': 25.9, 'm4-1': 109.66, 'm5-1': 29.23, 'm6-1': 117.28, 'm7-1': 25.86, 'm8-1': 94.18}",8.58,879.312,885.032,inf,890.038,890.038
836,T9,BESTEFFORT,COMPLETED,m2-1,781.922,"{'m1-1': 5.23, 'm2-1': 5.53, 'm3-1': 28.44, 'm4-1': 103.56, 'm5-1': 26.54, 'm6-1': 106.03, 'm7-1': 26.96, 'm8-1': 92.35}",8.295,885.2030000000001,890.7330000000001,inf,891.922,891.922
837,T3,BESTEFFORT,CANCELLED,,783.25,"{'m1-1': 4.83, 'm2-1': 5.9, 'm3-1': 27.33, 'm4-1': 99.66, 'm5-1': 26.96, 'm6-1': 101.64, 'm7-1': 23.2, 'm8-1': 101.59}",0.0,inf,inf,inf,893.25,893.25
838,T4,BESTEFFORT,COMPLETED,m1-1,783.404,"{'m1-1': 5.07, 'm2-1': 5.22, 'm3-1': 25.0, 'm4-1': 105.2, 'm5-1': 24.11, 'm6-1': 104.52, 'm7-1': 25.98, 'm8-1': 105.11}",7.605,885.032,890.1020000000001,inf,893.404,893.404
839,T1,BESTEFFORT,MISSED,m2-1,785.071,"{'m1-1': 5.39, 'm2-1': 5.13, 'm3-1': 27.42, 'm4-1': 112.4, 'm5-1': 26.28, 'm6-1': 103.09, 'm7-1': 27.82, 'm8-1': 107.93}",6.506999999999948,890.7330000000001,inf,895.071,895.071,895.071
840,T3,BESTEFFORT,COMPLETED,m1-1,785.763,"{'m1-1': 5.09, 'm2-1': 5.86, 'm3-1': 28.07, 'm4-1': 98.52, 'm5-1': 24.97, 'm6-1': 107.91, 'm7-1': 25.52, 'm8-1': 114.6}",7.635,890.1020000000001,895.1920000000001,inf,895.763,895.763
841,T3,BESTEFFORT,CANCELLED,,786.323,"{'m1-1': 5.1, 'm2-1': 5.28, 'm3-1': 27.05, 'm4-1': 93.94, 'm5-1': 28.06, 'm6-1': 98.58, 'm7-1': 24.18, 'm8-1': 98.23}",0.0,inf,inf,inf,896.323,896.323
842,T1,BESTEFFORT,CANCELLED,,786.568,"{'m1-1': 5.46, 'm2-1': 5.45, 'm3-1': 27.4, 'm4-1': 106.8, 'm5-1': 26.63, 'm6-1': 112.6, 'm7-1': 28.23, 'm8-1': 97.5}",0.0,inf,inf,inf,896.568,896.568
843,T4,BESTEFFORT,CANCELLED,,787.965,"{'m1-1': 5.46, 'm2-1': 5.34, 'm3-1': 28.56, 'm4-1': 98.1, 'm5-1': 24.26, 'm6-1': 103.86, 'm7-1': 25.58, 'm8-1': 102.53}",0.0,inf,inf,inf,897.965,897.965
844,T8,BESTEFFORT,CANCELLED,,789.121,"{'m1-1': 5.42, 'm2-1': 5.11, 'm3-1': 28.13, 'm4-1': 110.04, 'm5-1': 26.34, 'm6-1': 107.66, 'm7-1': 24.54, 'm8-1': 110.2}",0.0,inf,inf,inf,899.121,899.121
845,T6,BESTEFFORT,CANCELLED,,789.74,"{'m1-1': 4.8, 'm2-1': 5.2, 'm3-1': 27.3, 'm4-1': 113.73, 'm5-1': 26.41, 'm6-1': 107.13, 'm7-1': 26.6, 'm8-1': 108.64}",0.0,inf,inf,inf,899.74,899.74
846,T7,BESTEFFORT,COMPLETED,m1-1,791.721,"{'m1-1': 5.29, 'm2-1': 5.4, 'm3-1': 27.68, 'm4-1': 102.89, 'm5-1': 28.29, 'm6-1': 101.36, 'm7-1': 28.18, 'm8-1': 94.86}",7.9350000000000005,895.1920000000001,900.4820000000001,inf,901.721,901.721
847,T3,BESTEFFORT,COMPLETED,m7-1,792.416,"{'m1-1': 4.91, 'm2-1': 5.73, 'm3-1': 25.52, 'm4-1': 108.53, 'm5-1': 27.63, 'm6-1': 106.12, 'm7-1': 26.23, 'm8-1': 105.08}",39.345,872.735,898.965,inf,902.416,902.416
848,T4,BESTEFFORT,MISSED,m3-1,794.114,"{'m1-1': 4.67, 'm2-1': 4.86, 'm3-1': 27.06, 'm4-1': 108.71, 'm5-1': 27.18, 'm6-1': 93.34, 'm7-1': 27.76, 'm8-1': 111.25}",37.33799999999991,879.2220000000001,inf,904.114,904.114,904.114
849,T1,BESTEFFORT,CANCELLED,,795.321,"{'m1-1': 5.5, 'm2-1': 5.38, 'm3-1': 27.07, 'm4-1': 104.65, 'm5-1': 27.81, 'm6-1': 107.22, 'm7-1': 29.16, 'm8-1': 97.7}",0.0,inf,inf,inf,905.321,905.321
850,T10,BESTEFFORT,COMPLETED,m2-1,795.432,"{'m1-1': 5.46, 'm2-1': 5.76, 'm3-1': 25.06, 'm4-1': 93.15, 'm5-1': 26.86, 'm6-1': 97.69, 'm7-1': 25.48, 'm8-1': 113.82}",8.64,895.071,900.831,inf,905.432,905.432
851,T4,BESTEFFORT,COMPLETED,m1-1,795.683,"{'m1-1': 5.19, 'm2-1': 5.26, 'm3-1': 29.0, 'm4-1': 106.86, 'm5-1': 25.64, 'm6-1': 109.48, 'm7-1': 25.1, 'm8-1': 116.66}",7.785,900.4820000000001,905.6720000000001,inf,905.683,905.683
852,T9,BESTEFFORT,COMPLETED,m2-1,796.67,"{'m1-1': 5.61, 'm2-1': 5.38, 'm3-1': 25.0, 'm4-1': 113.75, 'm5-1': 25.7, 'm6-1': 99.01, 'm7-1': 29.04, 'm8-1': 94.05}",8.07,900.831,906.211,inf,906.67,906.67
853,T3,BESTEFFORT,CANCELLED,,798.79,"{'m1-1': 5.4, 'm2-1': 5.47, 'm3-1': 25.22, 'm4-1': 95.19, 'm5-1': 27.0, 'm6-1': 95.46, 'm7-1': 25.12, 'm8-1': 105.0}",0.0,inf,inf,inf,908.79,908.79
854,T8,BESTEFFORT,COMPLETED,m5-1,799.863,"{'m1-1': 5.09, 'm2-1': 5.64, 'm3-1': 25.66, 'm4-1': 100.45, 'm5-1': 25.8, 'm6-1': 112.4, 'm7-1': 27.97, 'm8-1': 101.73}",38.7,882.932,908.732,inf,909.863,909.863
855,T6,BESTEFFORT,COMPLETED,m1-1,801.731,"{'m1-1': 4.85, 'm2-1': 5.67, 'm3-1': 27.54, 'm4-1': 100.51, 'm5-1': 28.17, 'm6-1': 96.44, 'm7-1': 25.1, 'm8-1': 104.62}",7.2749999999999995,905.6720000000001,910.5220000000002,inf,911.731,911.731
856,T5,BESTEFFORT,COMPLETED,m2-1,804.094,"{'m1-1': 5.5, 'm2-1': 5.11, 'm3-1': 26.94, 'm4-1': 101.68, 'm5-1': 26.38, 'm6-1': 105.97, 'm7-1': 25.41, 'm8-1': 99.9}",7.665000000000001,906.211,911.321,inf,914.094,914.094
857,T3,BESTEFFORT,CANCELLED,,805.266,"{'m1-1': 4.76, 'm2-1': 5.34, 'm3-1': 26.57, 'm4-1': 101.46, 'm5-1': 27.86, 'm6-1': 96.33, 'm7-1': 27.08, 'm8-1': 113.11}",0.0,inf,inf,inf,915.266,915.266
858,T8,BESTEFFORT,MISSED,m2-1,805.69,"{'m1-1': 5.13, 'm2-1': 5.44, 'm3-1': 24.77, 'm4-1': 94.92, 'm5-1': 24.12, 'm6-1': 101.25, 'm7-1': 27.94, 'm8-1': 101.19}",6.553500000000042,911.321,inf,915.69,915.69,915.69
859,T3,BESTEFFORT,COMPLETED,m1-1,807.833,"{'m1-1': 5.48, 'm2-1': 5.77, 'm3-1': 26.44, 'm4-1': 95.16, 'm5-1': 28.04, 'm6-1': 108.77, 'm7-1': 23.94, 'm8-1': 113.53}",8.22,910.5220000000002,916.0020000000002,inf,917.833,917.833
860,T8,BESTEFFORT,CANCELLED,,810.585,"{'m1-1': 5.77, 'm2-1': 4.97, 'm3-1': 26.1, 'm4-1': 99.65, 'm5-1': 26.29, 'm6-1': 107.47, 'm7-1': 26.56, 'm8-1': 104.35}",0.0,inf,inf,inf,920.585,920.585
861,T1,BESTEFFORT,COMPLETED,m2-1,811.209,"{'m1-1': 5.37, 'm2-1': 5.04, 'm3-1': 25.67, 'm4-1': 111.7, 'm5-1': 25.48, 'm6-1': 104.47, 'm7-1': 28.9, 'm8-1': 105.4}",7.5600000000000005,915.69,920.73,inf,921.209,921.209
862,T1,BESTEFFORT,MISSED,m6-1,811.422,"{'m1-1': 5.4, 'm2-1': 5.29, 'm3-1': 27.18, 'm4-1': 111.81, 'm5-1': 26.32, 'm6-1': 113.01, 'm7-1': 25.23, 'm8-1': 99.93}",134.89800000000002,831.49,inf,921.422,921.422,921.422
863,T8,BESTEFFORT,COMPLETED,m1-1,811.526,"{'m1-1': 5.15, 'm2-1': 5.03, 'm3-1': 28.68, 'm4-1': 109.52, 'm5-1': 23.99, 'm6-1': 105.46, 'm7-1': 26.9, 'm8-1': 97.31}",7.7250000000000005,916.0020000000002,921.1520000000002,inf,921.526,921.526
864,T9,BESTEFFORT,MISSED,m6-1,811.779,"{'m1-1': 5.13, 'm2-1': 4.91, 'm3-1': 25.18, 'm4-1': 104.83, 'm5-1': 26.32, 'm6-1': 103.55, 'm7-1': 29.0, 'm8-1': 93.5}",0.0,953.448,inf,953.448,921.779,921.779
865,T10,BESTEFFORT,MISSED,m6-1,811.944,"{'m1-1': 5.5, 'm2-1': 5.81, 'm3-1': 28.08, 'm4-1': 103.37, 'm5-1': 25.84, 'm6-1': 100.64, 'm7-1': 26.25, 'm8-1': 112.27}",0.0,953.448,inf,953.448,921.944,921.944
866,T4,BESTEFFORT,CANCELLED,,812.154,"{'m1-1': 4.87, 'm2-1': 5.46, 'm3-1': 28.31, 'm4-1': 104.94, 'm5-1': 26.11, 'm6-1': 99.74, 'm7-1': 23.74, 'm8-1': 100.5}",0.0,inf,inf,inf,922.154,922.154
867,T7,BESTEFFORT,MISSED,m6-1,814.996,"{'m1-1': 5.65, 'm2-1': 5.2, 'm3-1': 27.7, 'm4-1': 100.75, 'm5-1': 29.36, 'm6-1': 105.29, 'm7-1': 26.67, 'm8-1': 102.34}",0.0,953.448,inf,953.448,924.996,924.996
868,T3,BESTEFFORT,COMPLETED,m7-1,815.951,"{'m1-1': 5.11, 'm2-1': 5.47, 'm3-1': 24.72, 'm4-1': 97.16, 'm5-1': 26.86, 'm6-1': 91.84, 'm7-1': 24.54, 'm8-1': 105.69}",36.81,898.965,923.505,inf,925.951,925.951
869,T1,BESTEFFORT,COMPLETED,m2-1,816.735,"{'m1-1': 4.94, 'm2-1': 5.71, 'm3-1': 25.12, 'm4-1': 111.47, 'm5-1': 24.86, 'm6-1': 107.25, 'm7-1': 28.19, 'm8-1': 99.94}",8.565,920.73,926.44,inf,926.735,926.735
870,T10,BESTEFFORT,COMPLETED,m1-1,817.37,"{'m1-1': 5.01, 'm2-1': 5.52, 'm3-1': 26.8, 'm4-1': 108.95, 'm5-1': 28.09, 'm6-1': 107.89, 'm7-1': 26.97, 'm8-1': 113.62}",7.515,921.1520000000002,926.1620000000001,inf,927.37,927.37
871,T10,BESTEFFORT,CANCELLED,,818.917,"{'m1-1': 5.03, 'm2-1': 5.62, 'm3-1': 26.18, 'm4-1': 106.12, 'm5-1': 27.48, 'm6-1': 107.94, 'm7-1': 27.6, 'm8-1': 106.59}",0.0,inf,inf,inf,928.917,928.917
872,T10,BESTEFFORT,COMPLETED,m1-1,822.266,"{'m1-1': 5.37, 'm2-1': 5.83, 'm3-1': 26.47, 'm4-1': 108.01, 'm5-1': 25.57, 'm6-1': 101.78, 'm7-1': 25.61, 'm8-1': 111.43}",8.055,926.1620000000001,931.5320000000002,inf,932.266,932.266
873,T9,BESTEFFORT,COMPLETED,m2-1,822.599,"{'m1-1': 5.58, 'm2-1': 5.17, 'm3-1': 26.88, 'm4-1': 97.35, 'm5-1': 27.66, 'm6-1': 101.27, 'm7-1': 27.46, 'm8-1': 92.57}",7.755,926.44,931.61,inf,932.599,932.599
874,T4,BESTEFFORT,COMPLETED,m3-1,822.846,"{'m1-1': 5.48, 'm2-1': 4.76, 'm3-1': 26.37, 'm4-1': 108.71, 'm5-1': 25.86, 'm6-1': 99.5, 'm7-1': 27.61, 'm8-1': 110.54}",39.555,904.114,930.484,inf,932.846,932.846
875,T5,BESTEFFORT,COMPLETED,m5-1,823.016,"{'m1-1': 5.02, 'm2-1': 5.18, 'm3-1': 27.5, 'm4-1': 112.95, 'm5-1': 24.12, 'm6-1': 101.46, 'm7-1': 25.22, 'm8-1': 100.22}",36.18,908.732,932.852,inf,933.016,933.016
876,T6,BESTEFFORT,MISSED,m3-1,824.315,"{'m1-1': 4.99, 'm2-1': 5.49, 'm3-1': 27.25, 'm4-1': 103.94, 'm5-1': 24.7, 'm6-1': 95.42, 'm7-1': 28.3, 'm8-1': 106.17}",0.0,1009.765,inf,1009.765,934.315,934.315
877,T9,BESTEFFORT,MISSED,m5-1,825.678,"{'m1-1': 5.09, 'm2-1': 4.97, 'm3-1': 24.98, 'm4-1': 114.14, 'm5-1': 28.6, 'm6-1': 114.55, 'm7-1': 27.47, 'm8-1': 94.04}",0.0,1012.182,inf,1012.182,935.678,935.678
878,T3,BESTEFFORT,COMPLETED,m1-1,826.868,"{'m1-1': 5.29, 'm2-1': 5.64, 'm3-1': 26.32, 'm4-1': 104.45, 'm5-1': 24.74, 'm6-1': 103.68, 'm7-1': 23.25, 'm8-1': 101.87}",7.9350000000000005,931.5320000000002,936.8220000000001,inf,936.868,936.868
879,T7,BESTEFFORT,COMPLETED,m2-1,830.51,"{'m1-1': 4.86, 'm2-1': 5.44, 'm3-1': 26.83, 'm4-1': 95.89, 'm5-1': 27.58, 'm6-1': 102.15, 'm7-1': 28.43, 'm8-1': 95.4}",8.16,931.61,937.0500000000001,inf,940.51,940.51
880,T6,BESTEFFORT,COMPLETED,m1-1,836.603,"{'m1-1': 4.88, 'm2-1': 5.28, 'm3-1': 24.7, 'm4-1': 110.13, 'm5-1': 26.4, 'm6-1': 103.06, 'm7-1': 25.14, 'm8-1': 104.67}",7.32,936.8220000000001,941.7020000000001,inf,946.603,946.603
881,T1,BESTEFFORT,COMPLETED,m2-1,836.962,"{'m1-1': 4.9, 'm2-1': 5.07, 'm3-1': 27.9, 'm4-1': 108.72, 'm5-1': 26.62, 'm6-1': 114.46, 'm7-1': 29.65, 'm8-1': 98.03}",7.605,937.0500000000001,942.1200000000001,inf,946.962,946.962
882,T8,BESTEFFORT,COMPLETED,m1-1,839.725,"{'m1-1': 5.89, 'm2-1': 5.12, 'm3-1': 26.4, 'm4-1': 100.75, 'm5-1': 26.37, 'm6-1': 102.36, 'm7-1': 28.07, 'm8-1': 102.45}",8.834999999999999,941.7020000000001,947.5920000000001,inf,949.725,949.725
883,T6,BESTEFFORT,COMPLETED,m7-1,840.43,"{'m1-1': 4.71, 'm2-1': 5.57, 'm3-1': 27.76, 'm4-1': 110.9, 'm5-1': 26.11, 'm6-1': 93.59, 'm7-1': 24.88, 'm8-1': 94.9}",37.32,923.505,948.385,inf,950.43,950.43
884,T9,BESTEFFORT,COMPLETED,m2-1,840.982,"{'m1-1': 5.07, 'm2-1': 5.57, 'm3-1': 28.87, 'm4-1': 114.76, 'm5-1': 28.4, 'm6-1': 105.29, 'm7-1': 28.61, 'm8-1': 109.02}",8.355,942.1200000000001,947.6900000000002,inf,950.982,950.982
885,T3,BESTEFFORT,MISSED,m4-1,841.116,"{'m1-1': 5.22, 'm2-1': 5.34, 'm3-1': 24.1, 'm4-1': 100.09, 'm5-1': 27.35, 'm6-1': 106.89, 'm7-1': 26.51, 'm8-1': 106.94}",145.59900000000005,854.05,inf,951.116,951.116,951.116
886,T1,BESTEFFORT,MISSED,m1-1,842.077,"{'m1-1': 4.9, 'm2-1': 5.74, 'm3-1': 24.02, 'm4-1': 100.36, 'm5-1': 26.67, 'm6-1': 110.47, 'm7-1': 26.71, 'm8-1': 94.14}",6.72749999999985,947.5920000000001,inf,952.077,952.077,952.077
887,T10,BESTEFFORT,COMPLETED,m2-1,843.447,"{'m1-1': 5.1, 'm2-1': 5.03, 'm3-1': 26.27, 'm4-1': 100.26, 'm5-1': 28.24, 'm6-1': 109.11, 'm7-1': 26.46, 'm8-1': 107.06}",7.545,947.6900000000002,952.7200000000001,inf,953.447,953.447
888,T4,BESTEFFORT,MISSED,m6-1,843.448,"{'m1-1': 5.05, 'm2-1': 5.42, 'm3-1': 28.79, 'm4-1': 97.6, 'm5-1': 26.22, 'm6-1': 107.62, 'm7-1': 27.19, 'm8-1': 112.12}",48.03899999999993,921.422,inf,953.448,953.448,953.448
889,T9,BESTEFFORT,COMPLETED,m3-1,852.617,"{'m1-1': 5.7, 'm2-1': 5.05, 'm3-1': 27.22, 'm4-1': 101.69, 'm5-1': 27.48, 'm6-1': 97.81, 'm7-1': 25.56, 'm8-1': 108.23}",40.83,930.484,957.7040000000001,inf,962.617,962.617
890,T6,BESTEFFORT,COMPLETED,m5-1,854.314,"{'m1-1': 5.38, 'm2-1': 5.79, 'm3-1': 28.65, 'm4-1': 117.03, 'm5-1': 26.65, 'm6-1': 106.84, 'm7-1': 26.81, 'm8-1': 101.03}",39.974999999999994,932.852,959.502,inf,964.314,964.314
891,T7,BESTEFFORT,COMPLETED,m1-1,856.828,"{'m1-1': 5.03, 'm2-1': 5.51, 'm3-1': 28.22, 'm4-1': 108.51, 'm5-1': 27.57, 'm6-1': 101.41, 'm7-1': 25.12, 'm8-1': 105.07}",7.545,952.077,957.107,inf,966.828,966.828
892,T1,BESTEFFORT,COMPLETED,m2-1,858.236,"{'m1-1': 4.78, 'm2-1': 5.32, 'm3-1': 27.7, 'm4-1': 109.12, 'm5-1': 24.32, 'm6-1': 114.85, 'm7-1': 28.38, 'm8-1': 97.91}",7.98,952.7200000000001,958.0400000000002,inf,968.236,968.236
893,T10,BESTEFFORT,COMPLETED,m1-1,858.494,"{'m1-1': 5.0, 'm2-1': 5.83, 'm3-1': 27.04, 'm4-1': 104.82, 'm5-1': 27.55, 'm6-1': 112.59, 'm7-1': 26.18, 'm8-1': 111.02}",7.5,957.107,962.107,inf,968.494,968.494
894,T4,BESTEFFORT,COMPLETED,m2-1,859.468,"{'m1-1': 4.64, 'm2-1': 5.04, 'm3-1': 25.63, 'm4-1': 103.05, 'm5-1': 25.73, 'm6-1': 99.82, 'm7-1': 26.56, 'm8-1': 101.18}",7.5600000000000005,958.0400000000002,963.0800000000002,inf,969.468,969.468
895,T3,BESTEFFORT,COMPLETED,m1-1,862.573,"{'m1-1': 5.48, 'm2-1': 5.8, 'm3-1': 27.29, 'm4-1': 94.2, 'm5-1': 28.13, 'm6-1': 108.54, 'm7-1': 24.23, 'm8-1': 112.74}",8.22,962.107,967.587,inf,972.573,972.573
896,T9,BESTEFFORT,COMPLETED,m8-1,865.473,"{'m1-1': 5.46, 'm2-1': 5.27, 'm3-1': 27.67, 'm4-1': 98.22, 'm5-1': 26.04, 'm6-1': 114.92, 'm7-1': 26.69, 'm8-1': 95.38}",143.07,867.635,963.015,inf,975.473,975.473
897,T9,BESTEFFORT,COMPLETED,m7-1,867.833,"{'m1-1': 4.88, 'm2-1': 4.89, 'm3-1': 26.52, 'm4-1': 109.9, 'm5-1': 25.15, 'm6-1': 109.95, 'm7-1': 29.3, 'm8-1': 99.98}",43.95,948.385,977.685,inf,977.833,977.833
898,T4,BESTEFFORT,COMPLETED,m2-1,869.528,"{'m1-1': 5.43, 'm2-1': 5.5, 'm3-1': 27.8, 'm4-1': 104.74, 'm5-1': 27.37, 'm6-1': 108.06, 'm7-1': 24.18, 'm8-1': 116.22}",8.25,963.0800000000002,968.5800000000002,inf,979.528,979.528
899,T4,BESTEFFORT,MISSED,m4-1,871.742,"{'m1-1': 5.26, 'm2-1': 5.44, 'm3-1': 27.85, 'm4-1': 108.03, 'm5-1': 27.0, 'm6-1': 93.91, 'm7-1': 24.75, 'm8-1': 107.48}",0.0,990.038,inf,990.038,981.742,981.742
900,T6,BESTEFFORT,COMPLETED,m1-1,873.092,"{'m1-1': 4.86, 'm2-1': 5.49, 'm3-1': 26.76, 'm4-1': 115.78, 'm5-1': 27.4, 'm6-1': 93.08, 'm7-1': 24.66, 'm8-1': 105.58}",7.290000000000001,967.587,972.447,inf,983.092,983.092
901,T9,BESTEFFORT,MISSED,m3-1,874.145,"{'m1-1': 5.64, 'm2-1': 5.22, 'm3-1': 28.24, 'm4-1': 100.6, 'm5-1': 24.28, 'm6-1': 107.86, 'm7-1': 25.62, 'm8-1': 93.41}",39.661499999999876,957.7040000000001,inf,984.145,984.145,984.145
902,T1,BESTEFFORT,MISSED,m4-1,874.184,"{'m1-1': 4.94, 'm2-1': 5.66, 'm3-1': 27.63, 'm4-1': 111.14, 'm5-1': 24.26, 'm6-1': 99.85, 'm7-1': 27.69, 'm8-1': 104.39}",0.0,990.038,inf,990.038,984.184,984.184
903,T6,BESTEFFORT,MISSED,m4-1,874.781,"{'m1-1': 5.04, 'm2-1': 5.23, 'm3-1': 26.04, 'm4-1': 100.24, 'm5-1': 25.74, 'm6-1': 108.6, 'm7-1': 26.59, 'm8-1': 101.88}",0.0,990.038,inf,990.038,984.781,984.781
904,T6,BESTEFFORT,COMPLETED,m5-1,878.036,"{'m1-1': 4.78, 'm2-1': 5.11, 'm3-1': 28.24, 'm4-1': 102.13, 'm5-1': 26.59, 'm6-1': 103.03, 'm7-1': 26.5, 'm8-1': 93.98}",39.885,959.502,986.092,inf,988.036,988.036
905,T5,BESTEFFORT,COMPLETED,m2-1,878.344,"{'m1-1': 5.17, 'm2-1': 4.68, 'm3-1': 27.04, 'm4-1': 109.68, 'm5-1': 24.82, 'm6-1': 105.29, 'm7-1': 27.32, 'm8-1': 108.81}",7.02,968.5800000000002,973.2600000000001,inf,988.344,988.344
906,T3,BESTEFFORT,COMPLETED,m1-1,879.34,"{'m1-1': 4.74, 'm2-1': 5.75, 'm3-1': 27.75, 'm4-1': 107.6, 'm5-1': 24.53, 'm6-1': 108.33, 'm7-1': 27.18, 'm8-1': 99.13}",7.11,972.447,977.187,inf,989.34,989.34
907,T3,BESTEFFORT,MISSED,m4-1,880.038,"{'m1-1': 5.35, 'm2-1': 5.53, 'm3-1': 28.46, 'm4-1': 94.52, 'm5-1': 24.69, 'm6-1': 101.64, 'm7-1': 25.62, 'm8-1': 111.9}",58.38300000000004,951.116,inf,990.038,990.038,990.038
908,T5,BESTEFFORT,COMPLETED,m2-1,880.435,"{'m1-1': 4.98, 'm2-1': 5.13, 'm3-1': 26.5, 'm4-1': 111.61, 'm5-1': 26.89, 'm6-1': 95.96, 'm7-1': 27.38, 'm8-1': 93.11}",7.695,973.2600000000001,978.3900000000001,inf,990.435,990.435
909,T7,BESTEFFORT,MISSED,m6-1,882.019,"{'m1-1': 5.01, 'm2-1': 5.35, 'm3-1': 28.4, 'm4-1': 110.75, 'm5-1': 26.28, 'm6-1': 103.77, 'm7-1': 25.05, 'm8-1': 92.05}",0.0,1033.149,inf,1033.149,992.019,992.019
910,T10,BESTEFFORT,MISSED,m6-1,883.702,"{'m1-1': 5.29, 'm2-1': 5.84, 'm3-1': 29.08, 'm4-1': 93.37, 'm5-1': 29.2, 'm6-1': 97.55, 'm7-1': 25.14, 'm8-1': 113.88}",0.0,1033.149,inf,1033.149,993.702,993.702
911,T7,BESTEFFORT,COMPLETED,m1-1,885.774,"{'m1-1': 5.45, 'm2-1': 5.02, 'm3-1': 25.74, 'm4-1': 101.52, 'm5-1': 26.61, 'm6-1': 104.89, 'm7-1': 26.57, 'm8-1': 100.69}",8.175,977.187,982.6370000000001,inf,995.774,995.774
912,T9,BESTEFFORT,MISSED,m6-1,886.183,"{'m1-1': 5.58, 'm2-1': 4.86, 'm3-1': 25.98, 'm4-1': 107.05, 'm5-1': 27.92, 'm6-1': 113.52, 'm7-1': 26.38, 'm8-1': 94.41}",0.0,1033.149,inf,1033.149,996.183,996.183
913,T6,BESTEFFORT,MISSED,m8-1,890.743,"{'m1-1': 4.76, 'm2-1': 5.13, 'm3-1': 26.89, 'm4-1': 108.11, 'm5-1': 27.0, 'm6-1': 106.34, 'm7-1': 28.93, 'm8-1': 110.11}",0.0,1007.707,inf,1007.707,1000.743,1000.743
914,T1,BESTEFFORT,MISSED,m8-1,890.818,"{'m1-1': 5.12, 'm2-1': 5.53, 'm3-1': 23.71, 'm4-1': 106.88, 'm5-1': 24.52, 'm6-1': 109.16, 'm7-1': 25.8, 'm8-1': 95.3}",0.0,1007.707,inf,1007.707,1000.818,1000.818
915,T5,BESTEFFORT,MISSED,m8-1,891.909,"{'m1-1': 5.35, 'm2-1': 4.99, 'm3-1': 26.38, 'm4-1': 112.58, 'm5-1': 26.8, 'm6-1': 100.3, 'm7-1': 27.31, 'm8-1': 103.09}",58.34100000000001,963.015,inf,1001.909,1001.909,1001.909
916,T3,BESTEFFORT,COMPLETED,m2-1,896.595,"{'m1-1': 4.81, 'm2-1': 5.95, 'm3-1': 28.34, 'm4-1': 95.9, 'm5-1': 24.13, 'm6-1': 105.45, 'm7-1': 23.38, 'm8-1': 100.15}",8.925,978.3900000000001,984.3400000000001,inf,1006.595,1006.595
917,T3,BESTEFFORT,MISSED,m8-1,897.707,"{'m1-1': 5.13, 'm2-1': 5.47, 'm3-1': 26.46, 'm4-1': 105.83, 'm5-1': 25.6, 'm6-1': 100.75, 'm7-1': 25.83, 'm8-1': 102.32}",8.697000000000003,1001.909,inf,1007.707,1007.707,1007.707
918,T1,BESTEFFORT,COMPLETED,m7-1,898.678,"{'m1-1': 5.51, 'm2-1': 5.84, 'm3-1': 24.74, 'm4-1': 110.44, 'm5-1': 26.1, 'm6-1': 114.04, 'm7-1': 26.44, 'm8-1': 100.3}",39.660000000000004,977.685,1004.125,inf,1008.678,1008.678
919,T9,BESTEFFORT,COMPLETED,m1-1,900.24,"{'m1-1': 5.62, 'm2-1': 5.4, 'm3-1': 25.56, 'm4-1': 111.2, 'm5-1': 25.87, 'm6-1': 106.84, 'm7-1': 28.79, 'm8-1': 101.62}",8.43,982.6370000000001,988.2570000000001,inf,1010.24,1010.24
920,T3,BESTEFFORT,COMPLETED,m3-1,901.785,"{'m1-1': 4.74, 'm2-1': 5.89, 'm3-1': 25.62, 'm4-1': 100.09, 'm5-1': 24.55, 'm6-1': 97.76, 'm7-1': 23.36, 'm8-1': 107.29}",38.43,984.145,1009.765,inf,1011.785,1011.785
921,T9,BESTEFFORT,COMPLETED,m2-1,902.193,"{'m1-1': 5.22, 'm2-1': 5.04, 'm3-1': 27.38, 'm4-1': 97.3, 'm5-1': 27.77, 'm6-1': 108.69, 'm7-1': 27.03, 'm8-1': 94.92}",7.5600000000000005,984.3400000000001,989.3800000000001,inf,1012.193,1012.193
922,T3,BESTEFFORT,COMPLETED,m5-1,902.403,"{'m1-1': 5.56, 'm2-1': 5.38, 'm3-1': 25.68, 'm4-1': 97.56, 'm5-1': 26.09, 'm6-1': 91.98, 'm7-1': 27.11, 'm8-1': 101.76}",39.135,986.092,1012.182,inf,1012.403,1012.403
923,T7,BESTEFFORT,COMPLETED,m1-1,903.722,"{'m1-1': 5.73, 'm2-1': 5.28, 'm3-1': 27.82, 'm4-1': 95.62, 'm5-1': 25.61, 'm6-1': 109.0, 'm7-1': 28.12, 'm8-1': 96.08}",8.595,988.2570000000001,993.9870000000001,inf,1013.722,1013.722
924,T7,BESTEFFORT,COMPLETED,m2-1,907.4,"{'m1-1': 5.6, 'm2-1': 5.72, 'm3-1': 24.77, 'm4-1': 106.35, 'm5-1': 27.67, 'm6-1': 108.38, 'm7-1': 26.5, 'm8-1': 106.13}",8.58,989.3800000000001,995.1000000000001,inf,1017.4,1017.4
925,T10,BESTEFFORT,COMPLETED,m2-1,909.176,"{'m1-1': 5.24, 'm2-1': 5.6, 'm3-1': 25.76, 'm4-1': 108.73, 'm5-1': 26.69, 'm6-1': 110.86, 'm7-1': 28.19, 'm8-1': 100.47}",8.399999999999999,995.1000000000001,1000.7000000000002,inf,1019.176,1019.176
926,T5,BESTEFFORT,COMPLETED,m1-1,909.234,"{'m1-1': 4.86, 'm2-1': 4.99, 'm3-1': 29.51, 'm4-1': 111.42, 'm5-1': 23.05, 'm6-1': 94.82, 'm7-1': 27.91, 'm8-1': 94.59}",7.290000000000001,993.9870000000001,998.8470000000001,inf,1019.234,1019.234
927,T9,BESTEFFORT,COMPLETED,m1-1,909.887,"{'m1-1': 5.31, 'm2-1': 4.86, 'm3-1': 26.43, 'm4-1': 104.95, 'm5-1': 25.64, 'm6-1': 110.95, 'm7-1': 26.55, 'm8-1': 98.96}",7.965,998.8470000000001,1004.157,inf,1019.887,1019.887
928,T7,BESTEFFORT,COMPLETED,m2-1,910.432,"{'m1-1': 5.25, 'm2-1': 5.24, 'm3-1': 26.7, 'm4-1': 107.92, 'm5-1': 24.93, 'm6-1': 109.56, 'm7-1': 25.86, 'm8-1': 99.5}",7.86,1000.7000000000002,1005.9400000000002,inf,1020.432,1020.432
929,T7,BESTEFFORT,COMPLETED,m1-1,910.573,"{'m1-1': 4.87, 'm2-1': 5.51, 'm3-1': 27.86, 'm4-1': 109.19, 'm5-1': 26.71, 'm6-1': 105.43, 'm7-1': 27.58, 'm8-1': 92.91}",7.305,1004.157,1009.027,inf,1020.573,1020.573
930,T7,BESTEFFORT,COMPLETED,m2-1,911.63,"{'m1-1': 5.19, 'm2-1': 5.69, 'm3-1': 28.55, 'm4-1': 101.63, 'm5-1': 29.22, 'm6-1': 103.79, 'm7-1': 28.13, 'm8-1': 105.06}",8.535,1005.9400000000002,1011.6300000000002,inf,1021.63,1021.63
931,T3,BESTEFFORT,MISSED,m4-1,912.968,"{'m1-1': 5.22, 'm2-1': 5.18, 'm3-1': 25.48, 'm4-1': 104.54, 'm5-1': 27.93, 'm6-1': 108.17, 'm7-1': 25.34, 'm8-1': 114.46}",0.0,1093.688,inf,1093.688,1022.968,1022.968
932,T7,BESTEFFORT,COMPLETED,m1-1,913.388,"{'m1-1': 4.96, 'm2-1': 5.38, 'm3-1': 25.65, 'm4-1': 98.74, 'm5-1': 25.99, 'm6-1': 108.4, 'm7-1': 27.41, 'm8-1': 100.34}",7.4399999999999995,1009.027,1013.9870000000001,inf,1023.388,1023.388
933,T7,BESTEFFORT,COMPLETED,m2-1,915.502,"{'m1-1': 5.52, 'm2-1': 5.69, 'm3-1': 27.64, 'm4-1': 102.06, 'm5-1': 27.17, 'm6-1': 104.95, 'm7-1': 28.62, 'm8-1': 101.62}",8.535,1011.6300000000002,1017.3200000000003,inf,1025.502,1025.502
934,T10,BESTEFFORT,MISSED,m4-1,916.904,"{'m1-1': 5.39, 'm2-1': 5.84, 'm3-1': 26.62, 'm4-1': 92.86, 'm5-1': 25.56, 'm6-1': 100.64, 'm7-1': 26.32, 'm8-1': 112.21}",0.0,1093.688,inf,1093.688,1026.904,1026.904
935,T6,BESTEFFORT,MISSED,m4-1,917.037,"{'m1-1': 4.82, 'm2-1': 5.72, 'm3-1': 28.33, 'm4-1': 114.44, 'm5-1': 24.69, 'm6-1': 93.13, 'm7-1': 25.72, 'm8-1': 104.72}",0.0,1093.688,inf,1093.688,1027.037,1027.037
936,T1,BESTEFFORT,COMPLETED,m1-1,918.261,"{'m1-1': 4.83, 'm2-1': 5.28, 'm3-1': 23.92, 'm4-1': 102.92, 'm5-1': 26.76, 'm6-1': 113.52, 'm7-1': 29.15, 'm8-1': 94.99}",7.245,1013.9870000000001,1018.8170000000001,inf,1028.261,1028.261
937,T9,BESTEFFORT,COMPLETED,m2-1,922.871,"{'m1-1': 5.51, 'm2-1': 5.36, 'm3-1': 25.01, 'm4-1': 105.93, 'm5-1': 27.04, 'm6-1': 99.18, 'm7-1': 27.83, 'm8-1': 95.52}",8.040000000000001,1017.3200000000003,1022.6800000000003,inf,1032.871,1032.871
938,T10,BESTEFFORT,COMPLETED,m7-1,922.99,"{'m1-1': 5.51, 'm2-1': 5.07, 'm3-1': 27.08, 'm4-1': 108.96, 'm5-1': 26.36, 'm6-1': 104.3, 'm7-1': 25.46, 'm8-1': 113.14}",38.19,1004.125,1029.585,inf,1032.99,1032.99
939,T7,BESTEFFORT,MISSED,m6-1,923.149,"{'m1-1': 5.58, 'm2-1': 5.46, 'm3-1': 28.74, 'm4-1': 101.52, 'm5-1': 26.15, 'm6-1': 115.24, 'm7-1': 28.53, 'm8-1': 103.83}",119.55149999999986,953.448,inf,1033.149,1033.149,1033.149
940,T10,BESTEFFORT,COMPLETED,m1-1,923.562,"{'m1-1': 5.19, 'm2-1': 5.53, 'm3-1': 28.46, 'm4-1': 99.41, 'm5-1': 25.65, 'm6-1': 104.71, 'm7-1': 24.66, 'm8-1': 108.98}",7.785,1018.8170000000001,1024.007,inf,1033.562,1033.562
941,T6,BESTEFFORT,COMPLETED,m2-1,925.661,"{'m1-1': 5.44, 'm2-1': 5.66, 'm3-1': 24.82, 'm4-1': 100.81, 'm5-1': 26.75, 'm6-1': 107.81, 'm7-1': 25.41, 'm8-1': 97.94}",8.49,1022.6800000000003,1028.3400000000004,inf,1035.661,1035.661
942,T10,BESTEFFORT,COMPLETED,m3-1,937.083,"{'m1-1': 4.84, 'm2-1': 5.02, 'm3-1': 29.25, 'm4-1': 96.1, 'm5-1': 29.44, 'm6-1': 97.62, 'm7-1': 24.85, 'm8-1': 108.27}",43.875,1009.765,1039.0149999999999,inf,1047.083,1047.083
943,T1,BESTEFFORT,COMPLETED,m5-1,939.298,"{'m1-1': 4.98, 'm2-1': 5.1, 'm3-1': 26.93, 'm4-1': 105.9, 'm5-1': 24.94, 'm6-1': 100.52, 'm7-1': 27.55, 'm8-1': 98.6}",37.410000000000004,1012.182,1037.122,inf,1049.298,1049.298
944,T6,BESTEFFORT,COMPLETED,m1-1,940.855,"{'m1-1': 5.25, 'm2-1': 5.33, 'm3-1': 25.38, 'm4-1': 102.17, 'm5-1': 27.1, 'm6-1': 98.46, 'm7-1': 28.37, 'm8-1': 108.12}",7.875,1024.007,1029.257,inf,1050.855,1050.855
945,T10,BESTEFFORT,MISSED,m8-1,943.04,"{'m1-1': 5.06, 'm2-1': 5.5, 'm3-1': 26.32, 'm4-1': 99.53, 'm5-1': 28.07, 'm6-1': 99.48, 'm7-1': 28.36, 'm8-1': 114.3}",0.0,1106.527,inf,1106.527,1053.04,1053.04
946,T10,BESTEFFORT,MISSED,m8-1,943.468,"{'m1-1': 5.09, 'm2-1': 5.29, 'm3-1': 25.13, 'm4-1': 105.34, 'm5-1': 27.21, 'm6-1': 103.92, 'm7-1': 24.48, 'm8-1': 104.78}",0.0,1106.527,inf,1106.527,1053.4679999999998,1053.4679999999998
947,T10,BESTEFFORT,COMPLETED,m7-1,945.429,"{'m1-1': 5.28, 'm2-1': 5.29, 'm3-1': 28.59, 'm4-1': 99.12, 'm5-1': 26.76, 'm6-1': 111.53, 'm7-1': 24.42, 'm8-1': 112.6}",36.63,1029.585,1054.005,inf,1055.429,1055.429
948,T1,BESTEFFORT,MISSED,m8-1,945.96,"{'m1-1': 4.83, 'm2-1': 5.8, 'm3-1': 24.25, 'm4-1': 101.69, 'm5-1': 26.36, 'm6-1': 108.13, 'm7-1': 29.3, 'm8-1': 93.68}",0.0,1106.527,inf,1106.527,1055.96,1055.96
949,T6,BESTEFFORT,COMPLETED,m2-1,948.53,"{'m1-1': 4.8, 'm2-1': 5.55, 'm3-1': 28.3, 'm4-1': 110.07, 'm5-1': 26.63, 'm6-1': 97.49, 'm7-1': 26.93, 'm8-1': 105.6}",8.325,1028.3400000000004,1033.8900000000003,inf,1058.53,1058.53
950,T10,BESTEFFORT,MISSED,m3-1,948.575,"{'m1-1': 5.53, 'm2-1': 5.5, 'm3-1': 28.99, 'm4-1': 106.34, 'm5-1': 28.93, 'm6-1': 100.61, 'm7-1': 24.17, 'm8-1': 110.69}",0.0,1064.0349999999999,inf,1064.0349999999999,1058.575,1058.575
951,T5,BESTEFFORT,COMPLETED,m1-1,953.74,"{'m1-1': 5.42, 'm2-1': 5.2, 'm3-1': 26.85, 'm4-1': 99.14, 'm5-1': 25.78, 'm6-1': 104.6, 'm7-1': 26.54, 'm8-1': 94.82}",8.129999999999999,1029.257,1034.6770000000001,inf,1063.74,1063.74
952,T6,BESTEFFORT,MISSED,m5-1,954.808,"{'m1-1': 4.9, 'm2-1': 5.94, 'm3-1': 26.17, 'm4-1': 113.92, 'm5-1': 27.11, 'm6-1': 95.8, 'm7-1': 27.0, 'm8-1': 110.42}",0.0,1065.8220000000001,inf,1065.8220000000001,1064.808,1064.808
953,T7,BESTEFFORT,COMPLETED,m5-1,955.897,"{'m1-1': 4.95, 'm2-1': 5.31, 'm3-1': 25.42, 'm4-1': 94.31, 'm5-1': 28.7, 'm6-1': 117.11, 'm7-1': 28.3, 'm8-1': 96.13}",43.05,1037.122,1065.8220000000001,inf,1065.897,1065.897
954,T1,BESTEFFORT,COMPLETED,m2-1,958.688,"{'m1-1': 4.95, 'm2-1': 5.13, 'm3-1': 23.76, 'm4-1': 116.98, 'm5-1': 27.31, 'm6-1': 115.31, 'm7-1': 26.2, 'm8-1': 96.08}",7.695,1033.8900000000003,1039.0200000000004,inf,1068.688,1068.688
955,T1,BESTEFFORT,COMPLETED,m3-1,960.48,"{'m1-1': 4.92, 'm2-1': 5.23, 'm3-1': 25.02, 'm4-1': 110.07, 'm5-1': 27.13, 'm6-1': 116.66, 'm7-1': 26.81, 'm8-1': 108.27}",37.53,1039.0149999999999,1064.0349999999999,inf,1070.48,1070.48
956,T9,BESTEFFORT,COMPLETED,m1-1,963.284,"{'m1-1': 5.1, 'm2-1': 5.35, 'm3-1': 26.55, 'm4-1': 100.6, 'm5-1': 25.98, 'm6-1': 106.8, 'm7-1': 26.74, 'm8-1': 99.72}",7.6499999999999995,1034.6770000000001,1039.777,inf,1073.284,1073.284
957,T3,BESTEFFORT,COMPLETED,m2-1,963.575,"{'m1-1': 4.93, 'm2-1': 5.85, 'm3-1': 25.14, 'm4-1': 96.64, 'm5-1': 24.71, 'm6-1': 99.93, 'm7-1': 24.23, 'm8-1': 107.23}",8.774999999999999,1039.0200000000004,1044.8700000000003,inf,1073.575,1073.575
958,T3,BESTEFFORT,COMPLETED,m2-1,964.263,"{'m1-1': 4.95, 'm2-1': 5.92, 'm3-1': 27.94, 'm4-1': 105.6, 'm5-1': 26.1, 'm6-1': 95.01, 'm7-1': 23.22, 'm8-1': 103.41}",8.879999999999999,1044.8700000000003,1050.7900000000004,inf,1074.263,1074.263
959,T9,BESTEFFORT,COMPLETED,m1-1,964.659,"{'m1-1': 5.66, 'm2-1': 5.42, 'm3-1': 25.22, 'm4-1': 107.06, 'm5-1': 26.65, 'm6-1': 100.65, 'm7-1': 26.73, 'm8-1': 92.86}",8.49,1039.777,1045.4370000000001,inf,1074.659,1074.659
960,T6,BESTEFFORT,COMPLETED,m1-1,964.777,"{'m1-1': 5.04, 'm2-1': 5.61, 'm3-1': 28.8, 'm4-1': 106.86, 'm5-1': 25.96, 'm6-1': 102.81, 'm7-1': 26.7, 'm8-1': 93.35}",7.5600000000000005,1045.4370000000001,1050.477,inf,1074.777,1074.777
961,T6,BESTEFFORT,COMPLETED,m2-1,965.297,"{'m1-1': 5.36, 'm2-1': 5.36, 'm3-1': 27.49, 'm4-1': 100.13, 'm5-1': 25.17, 'm6-1': 93.98, 'm7-1': 26.93, 'm8-1': 95.84}",8.040000000000001,1050.7900000000004,1056.1500000000003,inf,1075.297,1075.297
962,T5,BESTEFFORT,COMPLETED,m1-1,965.388,"{'m1-1': 5.21, 'm2-1': 5.26, 'm3-1': 26.51, 'm4-1': 109.0, 'm5-1': 25.6, 'm6-1': 104.04, 'm7-1': 27.24, 'm8-1': 99.6}",7.8149999999999995,1050.477,1055.6870000000001,inf,1075.388,1075.388
963,T9,BESTEFFORT,MISSED,m6-1,965.398,"{'m1-1': 5.67, 'm2-1': 5.1, 'm3-1': 26.58, 'm4-1': 101.96, 'm5-1': 25.11, 'm6-1': 110.39, 'm7-1': 25.89, 'm8-1': 101.51}",0.0,1100.606,inf,1100.606,1075.3980000000001,1075.3980000000001
964,T10,BESTEFFORT,MISSED,m6-1,966.49,"{'m1-1': 5.29, 'm2-1': 5.74, 'm3-1': 28.9, 'm4-1': 102.96, 'm5-1': 28.29, 'm6-1': 113.15, 'm7-1': 25.4, 'm8-1': 103.48}",0.0,1100.606,inf,1100.606,1076.49,1076.49
965,T3,BESTEFFORT,COMPLETED,m2-1,967.552,"{'m1-1': 5.39, 'm2-1': 5.62, 'm3-1': 25.17, 'm4-1': 108.74, 'm5-1': 26.97, 'm6-1': 98.44, 'm7-1': 24.67, 'm8-1': 99.47}",8.43,1056.1500000000003,1061.7700000000002,inf,1077.5520000000001,1077.5520000000001
966,T3,BESTEFFORT,COMPLETED,m1-1,968.4,"{'m1-1': 5.0, 'm2-1': 5.67, 'm3-1': 24.38, 'm4-1': 96.12, 'm5-1': 24.08, 'm6-1': 98.86, 'm7-1': 23.59, 'm8-1': 98.66}",7.5,1055.6870000000001,1060.6870000000001,inf,1078.4,1078.4
967,T5,BESTEFFORT,COMPLETED,m2-1,969.508,"{'m1-1': 4.72, 'm2-1': 4.7, 'm3-1': 25.69, 'm4-1': 102.02, 'm5-1': 24.53, 'm6-1': 96.01, 'm7-1': 28.08, 'm8-1': 98.24}",7.050000000000001,1061.7700000000002,1066.4700000000003,inf,1079.508,1079.508
968,T3,BESTEFFORT,COMPLETED,m7-1,971.645,"{'m1-1': 5.25, 'm2-1': 5.94, 'm3-1': 28.32, 'm4-1': 96.32, 'm5-1': 24.53, 'm6-1': 107.74, 'm7-1': 27.21, 'm8-1': 97.83}",40.815,1054.005,1081.2150000000001,inf,1081.645,1081.645
969,T1,BESTEFFORT,MISSED,m6-1,972.529,"{'m1-1': 5.23, 'm2-1': 5.88, 'm3-1': 23.74, 'm4-1': 111.12, 'm5-1': 25.34, 'm6-1': 116.09, 'm7-1': 27.87, 'm8-1': 98.34}",0.0,1100.606,inf,1100.606,1082.529,1082.529
970,T5,BESTEFFORT,COMPLETED,m1-1,977.951,"{'m1-1': 4.72, 'm2-1': 5.39, 'm3-1': 27.56, 'm4-1': 100.2, 'm5-1': 23.02, 'm6-1': 104.8, 'm7-1': 28.66, 'm8-1': 95.43}",7.08,1060.6870000000001,1065.4070000000002,inf,1087.951,1087.951
971,T1,BESTEFFORT,COMPLETED,m1-1,979.894,"{'m1-1': 4.96, 'm2-1': 5.74, 'm3-1': 26.43, 'm4-1': 101.19, 'm5-1': 28.18, 'm6-1': 112.96, 'm7-1': 26.3, 'm8-1': 106.66}",7.4399999999999995,1065.4070000000002,1070.3670000000002,inf,1089.894,1089.894
972,T5,BESTEFFORT,MISSED,m5-1,982.477,"{'m1-1': 5.04, 'm2-1': 5.1, 'm3-1': 28.59, 'm4-1': 109.89, 'm5-1': 27.23, 'm6-1': 107.94, 'm7-1': 28.31, 'm8-1': 102.74}",39.98249999999962,1065.8220000000001,inf,1092.4769999999999,1092.4769999999999,1092.4769999999999
973,T7,BESTEFFORT,COMPLETED,m2-1,982.811,"{'m1-1': 5.04, 'm2-1': 5.83, 'm3-1': 25.77, 'm4-1': 106.17, 'm5-1': 27.02, 'm6-1': 104.69, 'm7-1': 27.5, 'm8-1': 98.47}",8.745000000000001,1066.4700000000003,1072.3000000000002,inf,1092.8110000000001,1092.8110000000001
974,T5,BESTEFFORT,COMPLETED,m4-1,985.796,"{'m1-1': 5.1, 'm2-1': 5.4, 'm3-1': 28.68, 'm4-1': 103.65, 'm5-1': 27.18, 'm6-1': 103.18, 'm7-1': 26.7, 'm8-1': 105.45}",155.47500000000002,990.038,1093.688,inf,1095.796,1095.796
975,T5,BESTEFFORT,COMPLETED,m3-1,987.361,"{'m1-1': 4.95, 'm2-1': 5.35, 'm3-1': 25.68, 'm4-1': 103.37, 'm5-1': 24.72, 'm6-1': 109.07, 'm7-1': 28.63, 'm8-1': 97.93}",38.519999999999996,1064.0349999999999,1089.715,inf,1097.3609999999999,1097.3609999999999
976,T5,BESTEFFORT,MISSED,m6-1,990.606,"{'m1-1': 5.5, 'm2-1': 5.01, 'm3-1': 28.46, 'm4-1': 102.55, 'm5-1': 23.45, 'm6-1': 98.34, 'm7-1': 28.15, 'm8-1': 102.78}",101.18550000000016,1033.149,inf,1100.606,1100.606,1100.606
977,T5,BESTEFFORT,MISSED,m7-1,992.641,"{'m1-1': 4.69, 'm2-1': 5.14, 'm3-1': 27.82, 'm4-1': 109.04, 'm5-1': 24.16, 'm6-1': 94.27, 'm7-1': 28.72, 'm8-1': 100.46}",0.0,1135.097,inf,1135.097,1102.641,1102.641
978,T1,BESTEFFORT,MISSED,m7-1,998.105,"{'m1-1': 5.43, 'm2-1': 5.31, 'm3-1': 24.98, 'm4-1': 114.19, 'm5-1': 27.5, 'm6-1': 103.81, 'm7-1': 27.56, 'm8-1': 106.27}",40.33499999999981,1081.2150000000001,inf,1108.105,1108.105,1108.105
979,T3,BESTEFFORT,COMPLETED,m1-1,998.353,"{'m1-1': 5.25, 'm2-1': 5.02, 'm3-1': 25.37, 'm4-1': 96.63, 'm5-1': 27.53, 'm6-1': 95.81, 'm7-1': 26.37, 'm8-1': 102.38}",7.875,1070.3670000000002,1075.6170000000002,inf,1108.353,1108.353
980,T5,BESTEFFORT,COMPLETED,m8-1,999.521,"{'m1-1': 4.79, 'm2-1': 5.09, 'm3-1': 26.26, 'm4-1': 105.39, 'm5-1': 23.73, 'm6-1': 110.4, 'm7-1': 25.06, 'm8-1': 98.82}",148.23,1007.707,1106.527,inf,1109.521,1109.521
981,T7,BESTEFFORT,COMPLETED,m2-1,1001.048,"{'m1-1': 5.49, 'm2-1': 5.27, 'm3-1': 26.43, 'm4-1': 102.25, 'm5-1': 25.68, 'm6-1': 107.95, 'm7-1': 25.4, 'm8-1': 94.39}",7.904999999999999,1072.3000000000002,1077.5700000000002,inf,1111.048,1111.048
982,T7,BESTEFFORT,COMPLETED,m1-1,1002.124,"{'m1-1': 4.9, 'm2-1': 5.18, 'm3-1': 29.13, 'm4-1': 103.77, 'm5-1': 28.16, 'm6-1': 101.17, 'm7-1': 26.27, 'm8-1': 92.17}",7.3500000000000005,1075.6170000000002,1080.5170000000003,inf,1112.124,1112.124
983,T5,BESTEFFORT,MISSED,m5-1,1005.41,"{'m1-1': 4.99, 'm2-1': 4.78, 'm3-1': 25.68, 'm4-1': 105.41, 'm5-1': 22.97, 'm6-1': 107.6, 'm7-1': 26.81, 'm8-1': 107.07}",34.39949999999999,1092.4769999999999,inf,1115.4099999999999,1115.4099999999999,1115.4099999999999
984,T6,BESTEFFORT,COMPLETED,m2-1,1011.751,"{'m1-1': 5.08, 'm2-1': 5.38, 'm3-1': 28.59, 'm4-1': 107.38, 'm5-1': 25.99, 'm6-1': 100.06, 'm7-1': 25.72, 'm8-1': 103.65}",8.07,1077.5700000000002,1082.9500000000003,inf,1121.751,1121.751
985,T6,BESTEFFORT,MISSED,m7-1,1025.097,"{'m1-1': 4.9, 'm2-1': 5.29, 'm3-1': 25.86, 'm4-1': 107.71, 'm5-1': 25.3, 'm6-1': 104.27, 'm7-1': 28.93, 'm8-1': 109.31}",40.48799999999994,1108.105,inf,1135.097,1135.097,1135.097
986,T1,BESTEFFORT,COMPLETED,m3-1,1031.914,"{'m1-1': 5.08, 'm2-1': 5.57, 'm3-1': 27.28, 'm4-1': 107.47, 'm5-1': 25.18, 'm6-1': 98.86, 'm7-1': 28.42, 'm8-1': 108.11}",40.92,1089.715,1116.995,inf,1141.914,1141.914
987,T6,BESTEFFORT,MISSED,m3-1,1032.959,"{'m1-1': 5.32, 'm2-1': 5.87, 'm3-1': 28.48, 'm4-1': 115.56, 'm5-1': 24.32, 'm6-1': 105.96, 'm7-1': 24.51, 'm8-1': 108.02}",38.946000000000254,1116.995,inf,1142.959,1142.959,1142.959
988,T6,BESTEFFORT,MISSED,m3-1,1039.435,"{'m1-1': 5.51, 'm2-1': 5.11, 'm3-1': 28.98, 'm4-1': 114.91, 'm5-1': 24.26, 'm6-1': 93.46, 'm7-1': 28.45, 'm8-1': 108.3}",9.713999999999828,1142.959,inf,1149.435,1149.435,1149.435
989,T1,BESTEFFORT,COMPLETED,m1-1,1040.982,"{'m1-1': 4.89, 'm2-1': 5.8, 'm3-1': 23.81, 'm4-1': 107.13, 'm5-1': 27.75, 'm6-1': 107.12, 'm7-1': 27.74, 'm8-1': 94.13}",7.334999999999999,1080.5170000000003,1085.4070000000004,inf,1150.982,1150.982
990,T6,BESTEFFORT,COMPLETED,m5-1,1041.477,"{'m1-1': 5.22, 'm2-1': 5.38, 'm3-1': 25.74, 'm4-1': 109.04, 'm5-1': 27.48, 'm6-1': 108.55, 'm7-1': 25.13, 'm8-1': 98.21}",41.22,1115.4099999999999,1142.8899999999999,inf,1151.477,1151.477
991,T1,BESTEFFORT,MISSED,m5-1,1045.607,"{'m1-1': 5.33, 'm2-1': 5.21, 'm3-1': 26.0, 'm4-1': 100.36, 'm5-1': 26.73, 'm6-1': 105.03, 'm7-1': 25.52, 'm8-1': 101.82}",19.075500000000147,1142.8899999999999,inf,1155.607,1155.607,1155.607
992,T1,BESTEFFORT,COMPLETED,m2-1,1068.118,"{'m1-1': 4.99, 'm2-1': 5.5, 'm3-1': 25.71, 'm4-1': 104.01, 'm5-1': 24.8, 'm6-1': 114.2, 'm7-1': 25.63, 'm8-1': 108.98}",8.25,1082.9500000000003,1088.4500000000003,inf,1178.118,1178.118
993,T1,BESTEFFORT,COMPLETED,m1-1,1099.256,"{'m1-1': 4.85, 'm2-1': 5.51, 'm3-1': 27.77, 'm4-1': 107.64, 'm5-1': 24.76, 'm6-1': 108.28, 'm7-1': 28.72, 'm8-1': 98.35}",7.2749999999999995,1099.256,1104.106,inf,1209.256,1209.256
994,T1,BESTEFFORT,COMPLETED,m1-1,1104.189,"{'m1-1': 4.79, 'm2-1': 5.62, 'm3-1': 27.96, 'm4-1': 111.7, 'm5-1': 27.3, 'm6-1': 105.32, 'm7-1': 25.09, 'm8-1': 107.18}",7.1850000000000005,1104.189,1108.979,inf,1214.189,1214.189
995,T1,BESTEFFORT,COMPLETED,m2-1,1110.778,"{'m1-1': 4.82, 'm2-1': 5.13, 'm3-1': 25.21, 'm4-1': 106.96, 'm5-1': 24.1, 'm6-1': 112.65, 'm7-1': 27.99, 'm8-1': 100.91}",7.695,1110.778,1115.9080000000001,inf,1220.778,1220.778
996,T1,BESTEFFORT,COMPLETED,m1-1,1115.086,"{'m1-1': 5.63, 'm2-1': 5.81, 'm3-1': 27.14, 'm4-1': 101.17, 'm5-1': 27.85, 'm6-1': 104.58, 'm7-1': 26.84, 'm8-1': 106.16}",8.445,1115.086,1120.7160000000001,inf,1225.086,1225.086
997,T1,BESTEFFORT,COMPLETED,m2-1,1119.327,"{'m1-1': 5.53, 'm2-1': 5.66, 'm3-1': 26.8, 'm4-1': 119.34, 'm5-1': 27.62, 'm6-1': 109.15, 'm7-1': 25.83, 'm8-1': 101.04}",8.49,1119.327,1124.987,inf,1229.327,1229.327
998,T1,BESTEFFORT,COMPLETED,m2-1,1135.963,"{'m1-1': 5.43, 'm2-1': 5.18, 'm3-1': 23.72, 'm4-1': 102.77, 'm5-1': 24.25, 'm6-1': 104.06, 'm7-1': 28.21, 'm8-1': 97.01}",7.77,1135.963,1141.143,inf,1245.963,1245.963
999,T1,BESTEFFORT,COMPLETED,m1-1,1137.099,"{'m1-1': 4.87, 'm2-1': 5.07, 'm3-1': 26.27, 'm4-1': 105.61, 'm5-1': 27.94, 'm6-1': 105.94, 'm7-1': 27.43, 'm8-1': 95.61}",7.305,1137.099,1141.9689999999998,inf,1247.099,1247.099
