id,type,size,urgency,status,assigned_machine,arrival_time,execution_time,start_time,completion_time,deadline,extended_deadline
1,TT1,157.0,BESTEFFORT,COMPLETED,cpu,0.0,"{'cpu': 2.222, 'gpu': 0.218, 'CLOUD': 0.102}",0.0,2.222,4.0,6.0
2,TT2,134.0,BESTEFFORT,COMPLETED,gpu,0.342,"{'cpu': 10.116, 'gpu': 1.228, 'CLOUD': 1.091}",0.575,1.803,3.842,5.5920000000000005
3,TT2,266.0,BESTEFFORT,MISSED,cpu,0.575,"{'cpu': 15.035, 'gpu': 1.104, 'CLOUD': 1.163}",2.222,inf,4.075,5.825
4,TT2,225.0,BESTEFFORT,COMPLETED,gpu,1.178,"{'cpu': 14.896, 'gpu': 1.254, 'CLOUD': 1.085}",1.803,3.057,4.678,6.428
5,TT2,169.0,BESTEFFORT,COMPLETED,gpu,1.205,"{'cpu': 13.967, 'gpu': 1.276, 'CLOUD': 1.138}",3.057,4.333,4.705,6.455
6,TT2,204.0,BESTEFFORT,MISSED,cpu,1.418,"{'cpu': 11.09, 'gpu': 1.248, 'CLOUD': 1.104}",5.825,inf,4.918,6.668
7,TT2,172.0,BESTEFFORT,XCOMPLETED,gpu,1.8,"{'cpu': 12.772, 'gpu': 1.29, 'CLOUD': 1.124}",4.472,5.7620000000000005,5.3,7.05
8,TT1,13.0,BESTEFFORT,COMPLETED,gpu,2.823,"{'cpu': 2.059, 'gpu': 0.139, 'CLOUD': 0.19}",4.333,4.472,6.823,8.823
9,TT2,169.0,BESTEFFORT,COMPLETED,gpu,3.336,"{'cpu': 10.672, 'gpu': 1.027, 'CLOUD': 1.094}",5.7620000000000005,6.789000000000001,6.836,8.586
10,TT2,194.0,BESTEFFORT,MISSED,cpu,3.692,"{'cpu': 14.371, 'gpu': 1.204, 'CLOUD': 1.146}",6.668,inf,7.192,8.942
11,TT2,111.0,BESTEFFORT,XCOMPLETED,gpu,3.852,"{'cpu': 11.305, 'gpu': 1.432, 'CLOUD': 1.03}",6.789000000000001,8.221,7.352,9.102
12,TT2,75.0,BESTEFFORT,MISSED,cpu,3.9,"{'cpu': 14.78, 'gpu': 1.353, 'CLOUD': 1.002}",10.41,inf,7.4,9.15
13,TT1,387.0,BESTEFFORT,MISSED,cpu,4.41,"{'cpu': 1.694, 'gpu': 0.208, 'CLOUD': 0.139}",8.942,inf,8.41,10.41
14,TT1,7.0,BESTEFFORT,COMPLETED,gpu,5.498,"{'cpu': 2.434, 'gpu': 0.238, 'CLOUD': 0.15}",8.221,8.459,9.498000000000001,11.498000000000001
15,TT1,512.0,BESTEFFORT,COMPLETED,gpu,5.606,"{'cpu': 1.284, 'gpu': 0.187, 'CLOUD': 0.134}",8.459,8.645999999999999,9.606,11.606
16,TT2,129.0,BESTEFFORT,XCOMPLETED,gpu,5.849,"{'cpu': 13.903, 'gpu': 1.329, 'CLOUD': 1.062}",8.645999999999999,9.975,9.349,11.099
17,TT2,171.0,BESTEFFORT,XCOMPLETED,gpu,6.84,"{'cpu': 12.489, 'gpu': 1.382, 'CLOUD': 1.168}",9.975,11.357,10.34,12.09
18,TT2,192.0,BESTEFFORT,MISSED,cpu,6.897,"{'cpu': 12.398, 'gpu': 1.43, 'CLOUD': 1.115}",10.41,inf,10.397,12.147
19,TT2,99.0,BESTEFFORT,MISSED,gpu,6.991,"{'cpu': 12.839, 'gpu': 1.105, 'CLOUD': 1.0}",11.357,inf,10.491,12.241
20,TT2,93.0,BESTEFFORT,MISSED,cpu,7.187,"{'cpu': 14.223, 'gpu': 1.076, 'CLOUD': 1.05}",12.147,inf,10.687000000000001,12.437000000000001
21,TT2,188.0,BESTEFFORT,MISSED,cpu,7.602,"{'cpu': 10.143, 'gpu': 1.085, 'CLOUD': 1.022}",12.437000000000001,inf,11.102,12.852
22,TT1,7.0,BESTEFFORT,XCOMPLETED,gpu,8.252,"{'cpu': 2.059, 'gpu': 0.134, 'CLOUD': 0.18}",12.241,12.375,12.252,14.252
23,TT1,90.0,BESTEFFORT,XCOMPLETED,gpu,8.621,"{'cpu': 2.642, 'gpu': 0.131, 'CLOUD': 0.154}",12.734,12.865,12.621,14.621
24,TT1,559.0,BESTEFFORT,COMPLETED,gpu,9.299,"{'cpu': 2.416, 'gpu': 0.222, 'CLOUD': 0.135}",12.375,12.597,13.299,15.299
25,TT1,169.0,BESTEFFORT,COMPLETED,gpu,9.32,"{'cpu': 1.672, 'gpu': 0.137, 'CLOUD': 0.153}",12.597,12.734,13.32,15.32
26,TT2,116.0,BESTEFFORT,MISSED,cpu,9.399,"{'cpu': 10.482, 'gpu': 1.16, 'CLOUD': 1.127}",12.852,inf,12.899,14.649
27,TT2,93.0,BESTEFFORT,MISSED,cpu,9.569,"{'cpu': 13.548, 'gpu': 1.022, 'CLOUD': 1.17}",14.649,inf,13.069,14.819
28,TT1,157.0,BESTEFFORT,COMPLETED,gpu,9.828,"{'cpu': 2.004, 'gpu': 0.129, 'CLOUD': 0.169}",12.865,12.994,13.828,15.828
29,TT2,164.0,BESTEFFORT,MISSED,cpu,11.035,"{'cpu': 12.56, 'gpu': 1.159, 'CLOUD': 1.06}",16.98,inf,14.535,16.285
30,TT1,157.0,BESTEFFORT,COMPLETED,gpu,11.057,"{'cpu': 2.706, 'gpu': 0.224, 'CLOUD': 0.193}",12.994,13.218,15.057,17.057000000000002
31,TT1,7.0,BESTEFFORT,COMPLETED,gpu,11.211,"{'cpu': 1.582, 'gpu': 0.186, 'CLOUD': 0.159}",13.218,13.404,15.211,17.211
32,TT1,157.0,BESTEFFORT,COMPLETED,gpu,11.659,"{'cpu': 2.518, 'gpu': 0.185, 'CLOUD': 0.148}",13.404,13.589,15.659,17.659
33,TT2,160.0,BESTEFFORT,COMPLETED,gpu,12.052,"{'cpu': 11.37, 'gpu': 1.25, 'CLOUD': 1.122}",13.589,14.839,15.552,17.302
34,TT2,134.0,BESTEFFORT,XCOMPLETED,gpu,12.103,"{'cpu': 10.915, 'gpu': 1.467, 'CLOUD': 1.092}",14.839,16.306,15.603,17.353
35,TT1,7.0,BESTEFFORT,COMPLETED,cpu,13.042,"{'cpu': 2.161, 'gpu': 0.108, 'CLOUD': 0.126}",14.819,16.98,17.042,19.042
36,TT2,80.0,BESTEFFORT,XCOMPLETED,gpu,14.375,"{'cpu': 14.906, 'gpu': 1.323, 'CLOUD': 1.02}",16.709,18.032,17.875,19.625
37,TT1,169.0,BESTEFFORT,COMPLETED,gpu,14.472,"{'cpu': 1.324, 'gpu': 0.218, 'CLOUD': 0.137}",16.306,16.524,18.472,20.472
38,TT1,30.0,BESTEFFORT,COMPLETED,gpu,14.594,"{'cpu': 1.252, 'gpu': 0.185, 'CLOUD': 0.125}",16.524,16.709,18.594,20.594
39,TT2,55.0,BESTEFFORT,MISSED,cpu,14.606,"{'cpu': 14.976, 'gpu': 1.158, 'CLOUD': 1.081}",16.98,inf,18.106,19.856
40,TT1,90.0,BESTEFFORT,COMPLETED,gpu,14.838,"{'cpu': 1.099, 'gpu': 0.2, 'CLOUD': 0.164}",18.032,18.232,18.838,20.838
41,TT2,80.0,BESTEFFORT,MISSED,cpu,15.437,"{'cpu': 11.104, 'gpu': 1.217, 'CLOUD': 1.167}",19.856,inf,18.936999999999998,20.686999999999998
42,TT2,90.0,BESTEFFORT,MISSED,cpu,15.439,"{'cpu': 11.094, 'gpu': 1.078, 'CLOUD': 1.138}",20.686999999999998,inf,18.939,20.689
43,TT1,6.0,BESTEFFORT,COMPLETED,gpu,15.563,"{'cpu': 1.075, 'gpu': 0.189, 'CLOUD': 0.17}",18.232,18.421,19.563000000000002,21.563000000000002
44,TT1,13.0,BESTEFFORT,COMPLETED,gpu,15.823,"{'cpu': 2.699, 'gpu': 0.153, 'CLOUD': 0.14}",18.421,18.573999999999998,19.823,21.823
45,TT1,7.0,BESTEFFORT,COMPLETED,gpu,16.036,"{'cpu': 2.535, 'gpu': 0.241, 'CLOUD': 0.155}",18.573999999999998,18.814999999999998,20.036,22.036
46,TT2,242.0,BESTEFFORT,XCOMPLETED,gpu,16.105,"{'cpu': 10.279, 'gpu': 1.235, 'CLOUD': 1.11}",18.814999999999998,20.049999999999997,19.605,21.355
47,TT2,199.0,BESTEFFORT,XCOMPLETED,gpu,16.387,"{'cpu': 11.828, 'gpu': 1.285, 'CLOUD': 1.127}",20.049999999999997,21.334999999999997,19.887,21.637
48,TT2,73.0,BESTEFFORT,MISSED,cpu,16.436,"{'cpu': 10.236, 'gpu': 1.183, 'CLOUD': 1.147}",22.062,inf,19.936,21.686
49,TT1,387.0,BESTEFFORT,XCOMPLETED,gpu,16.744,"{'cpu': 2.439, 'gpu': 0.143, 'CLOUD': 0.133}",21.334999999999997,21.477999999999998,20.744,22.744
50,TT2,109.0,BESTEFFORT,MISSED,cpu,16.812,"{'cpu': 10.683, 'gpu': 1.419, 'CLOUD': 1.121}",20.689,inf,20.312,22.062
51,TT1,512.0,BESTEFFORT,XCOMPLETED,gpu,17.124,"{'cpu': 1.063, 'gpu': 0.228, 'CLOUD': 0.133}",21.477999999999998,21.706,21.124,23.124
52,TT2,141.0,BESTEFFORT,MISSED,cpu,17.198,"{'cpu': 10.495, 'gpu': 1.281, 'CLOUD': 1.027}",22.062,inf,20.698,22.448
53,TT1,7.0,BESTEFFORT,XCOMPLETED,gpu,17.292,"{'cpu': 2.679, 'gpu': 0.105, 'CLOUD': 0.189}",21.706,21.811,21.292,23.292
54,TT2,112.0,BESTEFFORT,MISSED,gpu,17.545,"{'cpu': 12.398, 'gpu': 1.286, 'CLOUD': 1.143}",21.811,inf,21.045,22.795
55,TT1,6.0,BESTEFFORT,XCOMPLETED,gpu,17.803,"{'cpu': 1.363, 'gpu': 0.176, 'CLOUD': 0.162}",22.795,22.971,21.803,23.803
56,TT2,229.0,BESTEFFORT,MISSED,cpu,18.487,"{'cpu': 13.044, 'gpu': 1.318, 'CLOUD': 1.181}",22.448,inf,21.987,23.737
57,TT1,387.0,BESTEFFORT,XCOMPLETED,gpu,18.606,"{'cpu': 2.66, 'gpu': 0.155, 'CLOUD': 0.13}",22.971,23.126,22.606,24.606
58,TT1,7.0,BESTEFFORT,MISSED,cpu,19.142,"{'cpu': 2.495, 'gpu': 0.132, 'CLOUD': 0.112}",23.737,inf,23.142,25.142
59,TT2,246.0,BESTEFFORT,MISSED,cpu,19.216,"{'cpu': 10.179, 'gpu': 1.109, 'CLOUD': 1.164}",25.142,inf,22.716,24.466
60,TT1,559.0,BESTEFFORT,COMPLETED,gpu,19.39,"{'cpu': 2.535, 'gpu': 0.246, 'CLOUD': 0.125}",23.126,23.372,23.39,25.39
61,TT1,379.0,BESTEFFORT,XCOMPLETED,gpu,19.408,"{'cpu': 2.535, 'gpu': 0.117, 'CLOUD': 0.145}",23.372,23.489,23.408,25.408
62,TT1,7.0,BESTEFFORT,XCOMPLETED,gpu,19.466,"{'cpu': 2.275, 'gpu': 0.17, 'CLOUD': 0.124}",23.489,23.659000000000002,23.466,25.466
63,TT2,122.0,BESTEFFORT,MISSED,gpu,19.487,"{'cpu': 12.587, 'gpu': 1.496, 'CLOUD': 1.128}",23.659000000000002,inf,22.987,24.737
64,TT2,120.0,BESTEFFORT,MISSED,gpu,19.844,"{'cpu': 13.139, 'gpu': 1.097, 'CLOUD': 1.164}",24.737,inf,23.344,25.094
65,TT2,258.0,BESTEFFORT,MISSED,gpu,20.106,"{'cpu': 12.546, 'gpu': 1.24, 'CLOUD': 1.061}",25.094,inf,23.606,25.356
66,TT2,134.0,BESTEFFORT,MISSED,cpu,20.139,"{'cpu': 12.227, 'gpu': 1.111, 'CLOUD': 1.034}",25.142,inf,23.639,25.389
67,TT1,90.0,BESTEFFORT,XCOMPLETED,gpu,20.187,"{'cpu': 2.106, 'gpu': 0.109, 'CLOUD': 0.133}",25.356,25.465000000000003,24.187,26.187
68,TT1,169.0,BESTEFFORT,MISSED,cpu,20.365,"{'cpu': 2.275, 'gpu': 0.165, 'CLOUD': 0.184}",26.583,inf,24.365,26.365
69,TT1,44.0,BESTEFFORT,MISSED,cpu,20.583,"{'cpu': 2.16, 'gpu': 0.121, 'CLOUD': 0.18}",25.389,inf,24.583,26.583
70,TT1,90.0,BESTEFFORT,XCOMPLETED,gpu,20.643,"{'cpu': 1.544, 'gpu': 0.264, 'CLOUD': 0.111}",25.465000000000003,25.729000000000003,24.643,26.643
71,TT1,13.0,BESTEFFORT,XCOMPLETED,gpu,20.657,"{'cpu': 2.65, 'gpu': 0.127, 'CLOUD': 0.143}",25.729000000000003,25.856,24.657,26.657
72,TT1,7.0,BESTEFFORT,XCOMPLETED,gpu,20.802,"{'cpu': 1.399, 'gpu': 0.11, 'CLOUD': 0.125}",25.856,25.966,24.802,26.802
73,TT1,447.0,BESTEFFORT,XCOMPLETED,gpu,21.173,"{'cpu': 1.576, 'gpu': 0.228, 'CLOUD': 0.122}",25.966,26.194000000000003,25.173,27.173
74,TT2,165.0,BESTEFFORT,MISSED,cpu,21.272,"{'cpu': 10.366, 'gpu': 1.394, 'CLOUD': 1.066}",26.583,inf,24.772,26.522
75,TT1,7.0,BESTEFFORT,XCOMPLETED,gpu,21.274,"{'cpu': 1.3, 'gpu': 0.222, 'CLOUD': 0.142}",26.194000000000003,26.416000000000004,25.274,27.274
76,TT1,30.0,BESTEFFORT,XCOMPLETED,gpu,21.406,"{'cpu': 2.659, 'gpu': 0.201, 'CLOUD': 0.152}",26.416000000000004,26.617000000000004,25.406,27.406
77,TT1,7.0,BESTEFFORT,XCOMPLETED,gpu,21.741,"{'cpu': 1.045, 'gpu': 0.112, 'CLOUD': 0.128}",26.617000000000004,26.729000000000003,25.741,27.741
78,TT1,95.0,BESTEFFORT,MISSED,cpu,22.105,"{'cpu': 2.492, 'gpu': 0.104, 'CLOUD': 0.125}",26.583,inf,26.105,28.105
79,TT1,169.0,BESTEFFORT,MISSED,cpu,22.488,"{'cpu': 2.665, 'gpu': 0.215, 'CLOUD': 0.12}",28.105,inf,26.488,28.488
80,TT1,512.0,BESTEFFORT,COMPLETED,gpu,22.961,"{'cpu': 2.463, 'gpu': 0.178, 'CLOUD': 0.164}",26.729000000000003,26.907000000000004,26.961,28.961
81,TT1,559.0,BESTEFFORT,XCOMPLETED,gpu,23.014,"{'cpu': 1.794, 'gpu': 0.233, 'CLOUD': 0.1}",26.907000000000004,27.140000000000004,27.014,29.014
82,TT1,59.0,BESTEFFORT,XCOMPLETED,gpu,23.208,"{'cpu': 2.461, 'gpu': 0.152, 'CLOUD': 0.174}",27.140000000000004,27.292000000000005,27.208,29.208
83,TT1,447.0,BESTEFFORT,COMPLETED,gpu,23.516,"{'cpu': 1.405, 'gpu': 0.146, 'CLOUD': 0.199}",27.292000000000005,27.438000000000006,27.516,29.516
84,TT1,498.0,BESTEFFORT,XCOMPLETED,gpu,23.542,"{'cpu': 2.542, 'gpu': 0.24, 'CLOUD': 0.105}",28.116000000000007,28.356000000000005,27.542,29.542
85,TT1,44.0,BESTEFFORT,XCOMPLETED,gpu,23.603,"{'cpu': 1.95, 'gpu': 0.248, 'CLOUD': 0.113}",27.438000000000006,27.686000000000007,27.603,29.603
86,TT1,44.0,BESTEFFORT,XCOMPLETED,gpu,23.743,"{'cpu': 2.233, 'gpu': 0.198, 'CLOUD': 0.135}",27.686000000000007,27.884000000000007,27.743,29.743
87,TT1,7.0,BESTEFFORT,XCOMPLETED,gpu,24.051,"{'cpu': 1.153, 'gpu': 0.232, 'CLOUD': 0.109}",27.884000000000007,28.116000000000007,28.051,30.051
88,TT2,100.0,BESTEFFORT,MISSED,cpu,24.506,"{'cpu': 14.159, 'gpu': 1.408, 'CLOUD': 1.074}",28.488,inf,28.006,29.756
89,TT1,16.0,BESTEFFORT,COMPLETED,gpu,24.594,"{'cpu': 2.723, 'gpu': 0.168, 'CLOUD': 0.105}",28.356000000000005,28.524000000000004,28.594,30.594
90,TT1,126.0,BESTEFFORT,XCOMPLETED,gpu,24.648,"{'cpu': 2.492, 'gpu': 0.196, 'CLOUD': 0.176}",28.524000000000004,28.720000000000006,28.648,30.648
91,TT2,131.0,BESTEFFORT,MISSED,cpu,25.014,"{'cpu': 10.143, 'gpu': 1.021, 'CLOUD': 1.186}",29.756,inf,28.514,30.264
92,TT1,447.0,BESTEFFORT,XCOMPLETED,gpu,25.069,"{'cpu': 1.861, 'gpu': 0.173, 'CLOUD': 0.145}",28.949000000000005,29.122000000000003,29.069,31.069
93,TT1,6.0,BESTEFFORT,COMPLETED,gpu,25.107,"{'cpu': 1.183, 'gpu': 0.229, 'CLOUD': 0.129}",28.720000000000006,28.949000000000005,29.107,31.107
94,TT2,138.0,BESTEFFORT,MISSED,gpu,25.217,"{'cpu': 15.173, 'gpu': 1.468, 'CLOUD': 1.148}",29.122000000000003,inf,28.717,30.467
95,TT2,125.0,BESTEFFORT,MISSED,cpu,25.278,"{'cpu': 13.787, 'gpu': 1.148, 'CLOUD': 1.07}",30.264,inf,28.778,30.528
96,TT1,447.0,BESTEFFORT,XCOMPLETED,gpu,25.316,"{'cpu': 1.147, 'gpu': 0.167, 'CLOUD': 0.158}",30.467,30.634,29.316,31.316
97,TT2,168.0,BESTEFFORT,MISSED,cpu,25.33,"{'cpu': 14.163, 'gpu': 1.231, 'CLOUD': 1.142}",31.434,inf,28.83,30.58
98,TT1,10.0,BESTEFFORT,MISSED,cpu,25.434,"{'cpu': 1.758, 'gpu': 0.176, 'CLOUD': 0.178}",30.528,inf,29.434,31.434
99,TT2,76.0,BESTEFFORT,MISSED,gpu,25.732,"{'cpu': 11.803, 'gpu': 1.158, 'CLOUD': 1.098}",30.634,inf,29.232,30.982
100,TT1,214.0,BESTEFFORT,XCOMPLETED,gpu,25.898,"{'cpu': 2.626, 'gpu': 0.202, 'CLOUD': 0.171}",31.377,31.579,29.898,31.898
101,TT1,169.0,BESTEFFORT,XCOMPLETED,gpu,25.945,"{'cpu': 2.259, 'gpu': 0.183, 'CLOUD': 0.179}",30.982,31.165,29.945,31.945
102,TT1,7.0,BESTEFFORT,XCOMPLETED,gpu,26.123,"{'cpu': 1.844, 'gpu': 0.212, 'CLOUD': 0.144}",31.165,31.377,30.123,32.123000000000005
103,TT2,79.0,BESTEFFORT,MISSED,cpu,26.184,"{'cpu': 12.163, 'gpu': 1.278, 'CLOUD': 1.053}",32.338,inf,29.684,31.434
104,TT2,248.0,BESTEFFORT,MISSED,gpu,26.194,"{'cpu': 13.863, 'gpu': 1.491, 'CLOUD': 1.172}",31.579,inf,29.694,31.444
105,TT1,169.0,BESTEFFORT,MISSED,cpu,26.338,"{'cpu': 1.1, 'gpu': 0.175, 'CLOUD': 0.1}",31.434,inf,30.338,32.338
106,TT2,261.0,BESTEFFORT,MISSED,gpu,26.393,"{'cpu': 14.997, 'gpu': 1.452, 'CLOUD': 1.186}",31.681,inf,29.893,31.643
107,TT1,169.0,BESTEFFORT,XCOMPLETED,gpu,26.403,"{'cpu': 1.423, 'gpu': 0.102, 'CLOUD': 0.13}",31.579,31.681,30.403,32.403
108,TT1,49.0,BESTEFFORT,XCOMPLETED,gpu,26.442,"{'cpu': 1.382, 'gpu': 0.253, 'CLOUD': 0.16}",31.872,32.125,30.442,32.442
109,TT1,10.0,BESTEFFORT,XCOMPLETED,gpu,26.457,"{'cpu': 2.33, 'gpu': 0.191, 'CLOUD': 0.159}",31.681,31.872,30.457,32.457
110,TT2,117.0,BESTEFFORT,MISSED,cpu,26.604,"{'cpu': 11.591, 'gpu': 1.258, 'CLOUD': 1.115}",32.338,inf,30.104,31.854
111,TT1,103.0,BESTEFFORT,XCOMPLETED,gpu,26.623,"{'cpu': 2.469, 'gpu': 0.206, 'CLOUD': 0.106}",32.125,32.331,30.623,32.623000000000005
112,TT1,59.0,BESTEFFORT,XCOMPLETED,gpu,26.913,"{'cpu': 2.225, 'gpu': 0.108, 'CLOUD': 0.117}",32.331,32.439,30.913,32.913
113,TT1,90.0,BESTEFFORT,XCOMPLETED,gpu,27.024,"{'cpu': 2.415, 'gpu': 0.2, 'CLOUD': 0.184}",32.439,32.639,31.024,33.024
114,TT1,146.0,BESTEFFORT,MISSED,cpu,27.068,"{'cpu': 1.171, 'gpu': 0.146, 'CLOUD': 0.148}",32.419,inf,31.068,33.068
115,TT2,380.0,BESTEFFORT,MISSED,cpu,27.169,"{'cpu': 12.758, 'gpu': 1.277, 'CLOUD': 1.151}",32.338,inf,30.669,32.419
116,TT1,7.0,BESTEFFORT,MISSED,cpu,27.294,"{'cpu': 2.059, 'gpu': 0.143, 'CLOUD': 0.191}",33.068,inf,31.294,33.294
117,TT1,447.0,BESTEFFORT,XCOMPLETED,gpu,27.491,"{'cpu': 1.321, 'gpu': 0.182, 'CLOUD': 0.163}",32.639,32.821000000000005,31.491,33.491
118,TT1,512.0,BESTEFFORT,XCOMPLETED,gpu,27.559,"{'cpu': 2.113, 'gpu': 0.137, 'CLOUD': 0.114}",32.821000000000005,32.958000000000006,31.559,33.559
119,TT2,191.0,BESTEFFORT,MISSED,gpu,27.59,"{'cpu': 11.544, 'gpu': 1.091, 'CLOUD': 1.098}",33.205000000000005,inf,31.09,32.84
120,TT1,10.0,BESTEFFORT,XCOMPLETED,gpu,27.736,"{'cpu': 2.469, 'gpu': 0.247, 'CLOUD': 0.141}",32.958000000000006,33.205000000000005,31.736,33.736000000000004
121,TT2,139.0,BESTEFFORT,MISSED,cpu,27.825,"{'cpu': 12.227, 'gpu': 1.243, 'CLOUD': 1.123}",33.294,inf,31.325,33.075
122,TT1,6.0,BESTEFFORT,XCOMPLETED,gpu,27.922,"{'cpu': 1.164, 'gpu': 0.221, 'CLOUD': 0.122}",33.313,33.534,31.922,33.922
123,TT1,103.0,BESTEFFORT,XCOMPLETED,gpu,27.926,"{'cpu': 1.171, 'gpu': 0.108, 'CLOUD': 0.181}",33.205000000000005,33.313,31.926,33.926
124,TT2,125.0,BESTEFFORT,MISSED,cpu,28.036,"{'cpu': 14.893, 'gpu': 1.429, 'CLOUD': 1.096}",34.043,inf,31.536,33.286
125,TT1,387.0,BESTEFFORT,MISSED,cpu,28.043,"{'cpu': 1.69, 'gpu': 0.109, 'CLOUD': 0.127}",33.294,inf,32.043,34.043
126,TT1,6.0,BESTEFFORT,XCOMPLETED,gpu,28.054,"{'cpu': 2.57, 'gpu': 0.112, 'CLOUD': 0.2}",33.534,33.646,32.054,34.054
127,TT1,7.0,BESTEFFORT,XCOMPLETED,gpu,28.265,"{'cpu': 2.129, 'gpu': 0.22, 'CLOUD': 0.148}",33.646,33.866,32.265,34.265
128,TT1,28.0,BESTEFFORT,XCOMPLETED,gpu,28.582,"{'cpu': 1.722, 'gpu': 0.141, 'CLOUD': 0.162}",33.866,34.007,32.582,34.582
129,TT1,214.0,BESTEFFORT,XCOMPLETED,gpu,28.713,"{'cpu': 2.266, 'gpu': 0.14, 'CLOUD': 0.114}",34.178,34.318,32.713,34.713
130,TT1,44.0,BESTEFFORT,XCOMPLETED,gpu,28.724,"{'cpu': 2.146, 'gpu': 0.171, 'CLOUD': 0.122}",34.007,34.178,32.724000000000004,34.724000000000004
131,TT2,131.0,BESTEFFORT,MISSED,cpu,28.763,"{'cpu': 12.266, 'gpu': 1.3, 'CLOUD': 1.081}",34.043,inf,32.263000000000005,34.013000000000005
132,TT1,44.0,BESTEFFORT,MISSED,cpu,28.916,"{'cpu': 1.758, 'gpu': 0.253, 'CLOUD': 0.17}",34.292,inf,32.916,34.916
133,TT2,170.0,BESTEFFORT,MISSED,cpu,29.042,"{'cpu': 11.321, 'gpu': 1.443, 'CLOUD': 1.17}",34.043,inf,32.542,34.292
134,TT1,103.0,BESTEFFORT,MISSED,cpu,29.183,"{'cpu': 1.961, 'gpu': 0.118, 'CLOUD': 0.192}",34.916,inf,33.183,35.183
135,TT1,10.0,BESTEFFORT,XCOMPLETED,gpu,29.402,"{'cpu': 2.494, 'gpu': 0.15, 'CLOUD': 0.177}",34.318,34.467999999999996,33.402,35.402
136,TT1,28.0,BESTEFFORT,XCOMPLETED,gpu,29.428,"{'cpu': 2.07, 'gpu': 0.225, 'CLOUD': 0.138}",34.467999999999996,34.693,33.428,35.428
137,TT1,214.0,BESTEFFORT,XCOMPLETED,gpu,29.466,"{'cpu': 1.407, 'gpu': 0.19, 'CLOUD': 0.187}",34.693,34.882999999999996,33.466,35.466
138,TT1,30.0,BESTEFFORT,XCOMPLETED,gpu,29.66,"{'cpu': 2.225, 'gpu': 0.258, 'CLOUD': 0.185}",34.882999999999996,35.141,33.66,35.66
139,TT2,333.0,BESTEFFORT,MISSED,gpu,29.873,"{'cpu': 13.595, 'gpu': 1.416, 'CLOUD': 1.092}",35.324999999999996,inf,33.373000000000005,35.123000000000005
140,TT1,44.0,BESTEFFORT,XCOMPLETED,gpu,29.878,"{'cpu': 1.221, 'gpu': 0.184, 'CLOUD': 0.102}",35.141,35.324999999999996,33.878,35.878
141,TT1,387.0,BESTEFFORT,MISSED,cpu,30.029,"{'cpu': 1.9, 'gpu': 0.198, 'CLOUD': 0.176}",35.183,inf,34.028999999999996,36.028999999999996
142,TT2,281.0,BESTEFFORT,MISSED,cpu,30.204,"{'cpu': 11.986, 'gpu': 1.04, 'CLOUD': 1.059}",36.028999999999996,inf,33.704,35.454
143,TT1,30.0,BESTEFFORT,XCOMPLETED,gpu,30.251,"{'cpu': 2.292, 'gpu': 0.157, 'CLOUD': 0.164}",35.56999999999999,35.72699999999999,34.251000000000005,36.251000000000005
144,TT1,7.0,BESTEFFORT,XCOMPLETED,gpu,30.396,"{'cpu': 1.399, 'gpu': 0.245, 'CLOUD': 0.124}",35.324999999999996,35.56999999999999,34.396,36.396
145,TT2,246.0,BESTEFFORT,MISSED,gpu,30.673,"{'cpu': 13.094, 'gpu': 1.421, 'CLOUD': 1.108}",35.72699999999999,inf,34.173,35.923
146,TT1,6.0,BESTEFFORT,MISSED,cpu,30.689,"{'cpu': 2.093, 'gpu': 0.232, 'CLOUD': 0.196}",36.028999999999996,inf,34.689,36.689
147,TT1,126.0,BESTEFFORT,XCOMPLETED,gpu,30.75,"{'cpu': 1.13, 'gpu': 0.135, 'CLOUD': 0.135}",35.923,36.058,34.75,36.75
148,TT1,7.0,BESTEFFORT,XCOMPLETED,gpu,30.771,"{'cpu': 1.054, 'gpu': 0.134, 'CLOUD': 0.11}",36.058,36.192,34.771,36.771
149,TT2,151.0,BESTEFFORT,MISSED,cpu,30.859,"{'cpu': 13.97, 'gpu': 1.037, 'CLOUD': 1.025}",36.689,inf,34.359,36.109
150,TT1,512.0,BESTEFFORT,XCOMPLETED,gpu,30.917,"{'cpu': 1.15, 'gpu': 0.181, 'CLOUD': 0.192}",36.192,36.373,34.917,36.917
151,TT1,126.0,BESTEFFORT,XCOMPLETED,gpu,30.968,"{'cpu': 1.68, 'gpu': 0.133, 'CLOUD': 0.14}",36.373,36.506,34.968,36.968
152,TT1,44.0,BESTEFFORT,MISSED,cpu,31.22,"{'cpu': 1.656, 'gpu': 0.157, 'CLOUD': 0.2}",36.907,inf,35.22,37.22
153,TT1,169.0,BESTEFFORT,XCOMPLETED,gpu,31.254,"{'cpu': 2.609, 'gpu': 0.112, 'CLOUD': 0.117}",36.506,36.618,35.254000000000005,37.254000000000005
154,TT1,59.0,BESTEFFORT,XCOMPLETED,gpu,31.256,"{'cpu': 1.027, 'gpu': 0.223, 'CLOUD': 0.105}",36.618,36.841,35.256,37.256
155,TT1,7.0,BESTEFFORT,XCOMPLETED,gpu,31.311,"{'cpu': 1.909, 'gpu': 0.114, 'CLOUD': 0.137}",36.841,36.955,35.311,37.311
156,TT2,188.0,BESTEFFORT,MISSED,cpu,31.396,"{'cpu': 11.523, 'gpu': 1.13, 'CLOUD': 1.196}",36.689,inf,34.896,36.646
157,TT2,288.0,BESTEFFORT,MISSED,cpu,31.657,"{'cpu': 13.29, 'gpu': 1.072, 'CLOUD': 1.158}",36.689,inf,35.157,36.907
158,TT1,157.0,BESTEFFORT,MISSED,cpu,31.686,"{'cpu': 1.453, 'gpu': 0.142, 'CLOUD': 0.167}",37.22,inf,35.686,37.686
159,TT1,28.0,BESTEFFORT,XCOMPLETED,gpu,31.726,"{'cpu': 2.289, 'gpu': 0.262, 'CLOUD': 0.14}",36.955,37.217,35.726,37.726
160,TT1,387.0,BESTEFFORT,XCOMPLETED,gpu,31.759,"{'cpu': 2.281, 'gpu': 0.152, 'CLOUD': 0.175}",37.217,37.369,35.759,37.759
161,TT1,7.0,BESTEFFORT,XCOMPLETED,gpu,31.781,"{'cpu': 2.665, 'gpu': 0.265, 'CLOUD': 0.157}",37.369,37.634,35.781,37.781
162,TT1,447.0,BESTEFFORT,MISSED,cpu,31.79,"{'cpu': 2.45, 'gpu': 0.256, 'CLOUD': 0.148}",37.686,inf,35.79,37.79
163,TT1,7.0,BESTEFFORT,XCOMPLETED,gpu,31.843,"{'cpu': 1.844, 'gpu': 0.102, 'CLOUD': 0.163}",37.634,37.736,35.843,37.843
164,TT1,103.0,BESTEFFORT,MISSED,cpu,31.866,"{'cpu': 1.14, 'gpu': 0.157, 'CLOUD': 0.156}",37.79,inf,35.866,37.866
165,TT1,103.0,BESTEFFORT,XCOMPLETED,gpu,31.947,"{'cpu': 1.941, 'gpu': 0.207, 'CLOUD': 0.103}",37.736,37.943,35.947,37.947
166,TT1,13.0,BESTEFFORT,MISSED,gpu,31.995,"{'cpu': 1.143, 'gpu': 0.137, 'CLOUD': 0.128}",37.943,inf,35.995000000000005,37.995000000000005
167,TT2,113.0,BESTEFFORT,MISSED,cpu,32.036,"{'cpu': 12.163, 'gpu': 1.265, 'CLOUD': 1.027}",37.866,inf,35.536,37.286
168,TT2,84.0,BESTEFFORT,MISSED,cpu,32.197,"{'cpu': 13.787, 'gpu': 1.158, 'CLOUD': 1.049}",37.866,inf,35.697,37.447
169,TT1,214.0,BESTEFFORT,MISSED,cpu,32.249,"{'cpu': 1.441, 'gpu': 0.168, 'CLOUD': 0.108}",37.866,inf,36.249,38.249
170,TT1,103.0,BESTEFFORT,MISSED,cpu,32.347,"{'cpu': 1.1, 'gpu': 0.108, 'CLOUD': 0.143}",38.249,inf,36.347,38.347
171,TT1,95.0,BESTEFFORT,XCOMPLETED,gpu,32.375,"{'cpu': 2.267, 'gpu': 0.197, 'CLOUD': 0.167}",37.995000000000005,38.19200000000001,36.375,38.375
172,TT1,49.0,BESTEFFORT,XCOMPLETED,gpu,32.487,"{'cpu': 1.084, 'gpu': 0.218, 'CLOUD': 0.121}",38.19200000000001,38.41000000000001,36.487,38.487
173,TT1,214.0,BESTEFFORT,MISSED,gpu,32.492,"{'cpu': 2.339, 'gpu': 0.235, 'CLOUD': 0.18}",38.41000000000001,inf,36.492,38.492
174,TT1,103.0,BESTEFFORT,MISSED,cpu,32.528,"{'cpu': 2.459, 'gpu': 0.167, 'CLOUD': 0.107}",38.347,inf,36.528,38.528
175,TT1,59.0,BESTEFFORT,MISSED,cpu,32.532,"{'cpu': 2.66, 'gpu': 0.17, 'CLOUD': 0.179}",38.528,inf,36.532,38.532
176,TT1,387.0,BESTEFFORT,MISSED,gpu,32.556,"{'cpu': 1.796, 'gpu': 0.154, 'CLOUD': 0.176}",38.492,inf,36.556,38.556
177,TT1,157.0,BESTEFFORT,XCOMPLETED,gpu,32.745,"{'cpu': 2.161, 'gpu': 0.171, 'CLOUD': 0.166}",38.556,38.727,36.745,38.745
178,TT1,146.0,BESTEFFORT,MISSED,cpu,32.813,"{'cpu': 1.512, 'gpu': 0.213, 'CLOUD': 0.109}",38.532,inf,36.813,38.813
179,TT1,13.0,BESTEFFORT,MISSED,cpu,32.863,"{'cpu': 1.465, 'gpu': 0.107, 'CLOUD': 0.142}",38.813,inf,36.863,38.863
180,TT1,7.0,BESTEFFORT,XCOMPLETED,gpu,32.963,"{'cpu': 1.258, 'gpu': 0.2, 'CLOUD': 0.184}",38.727,38.927,36.963,38.963
181,TT2,196.0,BESTEFFORT,MISSED,cpu,33.073,"{'cpu': 15.165, 'gpu': 1.231, 'CLOUD': 1.03}",39.101,inf,36.573,38.323
182,TT1,16.0,BESTEFFORT,MISSED,gpu,33.099,"{'cpu': 1.115, 'gpu': 0.205, 'CLOUD': 0.183}",38.927,inf,37.099,39.099
183,TT1,387.0,BESTEFFORT,MISSED,cpu,33.101,"{'cpu': 2.66, 'gpu': 0.218, 'CLOUD': 0.163}",38.863,inf,37.101,39.101
184,TT1,59.0,BESTEFFORT,MISSED,gpu,33.218,"{'cpu': 2.363, 'gpu': 0.221, 'CLOUD': 0.196}",39.099,inf,37.218,39.218
185,TT1,59.0,BESTEFFORT,MISSED,gpu,33.237,"{'cpu': 1.226, 'gpu': 0.137, 'CLOUD': 0.129}",39.218,inf,37.237,39.237
186,TT1,157.0,BESTEFFORT,MISSED,cpu,33.254,"{'cpu': 1.423, 'gpu': 0.19, 'CLOUD': 0.173}",39.101,inf,37.254,39.254
187,TT1,30.0,BESTEFFORT,MISSED,cpu,33.53,"{'cpu': 1.707, 'gpu': 0.11, 'CLOUD': 0.102}",39.254,inf,37.53,39.53
188,TT1,28.0,BESTEFFORT,XCOMPLETED,gpu,33.632,"{'cpu': 1.697, 'gpu': 0.184, 'CLOUD': 0.105}",39.237,39.421,37.632,39.632
189,TT1,90.0,BESTEFFORT,MISSED,gpu,33.64,"{'cpu': 2.695, 'gpu': 0.27, 'CLOUD': 0.17}",39.421,inf,37.64,39.64
190,TT1,7.0,BESTEFFORT,MISSED,cpu,33.943,"{'cpu': 1.554, 'gpu': 0.102, 'CLOUD': 0.106}",39.53,inf,37.943,39.943
191,TT2,108.0,BESTEFFORT,MISSED,gpu,33.989,"{'cpu': 11.645, 'gpu': 1.426, 'CLOUD': 1.141}",40.013999999999996,inf,37.489,39.239
192,TT1,7.0,BESTEFFORT,XCOMPLETED,gpu,34.127,"{'cpu': 2.469, 'gpu': 0.224, 'CLOUD': 0.156}",39.64,39.864,38.127,40.127
193,TT1,157.0,BESTEFFORT,MISSED,cpu,34.137,"{'cpu': 2.267, 'gpu': 0.111, 'CLOUD': 0.152}",39.943,inf,38.137,40.137
194,TT1,512.0,BESTEFFORT,XCOMPLETED,gpu,34.139,"{'cpu': 2.631, 'gpu': 0.15, 'CLOUD': 0.139}",39.864,40.013999999999996,38.139,40.139
195,TT2,330.0,BESTEFFORT,MISSED,cpu,34.229,"{'cpu': 14.5, 'gpu': 1.35, 'CLOUD': 1.182}",40.137,inf,37.729,39.479
196,TT1,44.0,BESTEFFORT,MISSED,gpu,34.316,"{'cpu': 1.411, 'gpu': 0.183, 'CLOUD': 0.137}",40.148999999999994,inf,38.316,40.316
197,TT1,44.0,BESTEFFORT,XCOMPLETED,gpu,34.384,"{'cpu': 2.659, 'gpu': 0.135, 'CLOUD': 0.117}",40.013999999999996,40.148999999999994,38.384,40.384
198,TT1,169.0,BESTEFFORT,MISSED,cpu,34.458,"{'cpu': 1.452, 'gpu': 0.153, 'CLOUD': 0.125}",40.137,inf,38.458,40.458
199,TT2,56.0,BESTEFFORT,MISSED,cpu,34.518,"{'cpu': 12.56, 'gpu': 1.406, 'CLOUD': 1.163}",40.458,inf,38.018,39.768
200,TT1,59.0,BESTEFFORT,XCOMPLETED,gpu,34.52,"{'cpu': 1.881, 'gpu': 0.171, 'CLOUD': 0.119}",40.316,40.487,38.52,40.52
201,TT1,49.0,BESTEFFORT,MISSED,cpu,34.612,"{'cpu': 2.289, 'gpu': 0.185, 'CLOUD': 0.148}",40.458,inf,38.612,40.612
202,TT1,7.0,BESTEFFORT,XCOMPLETED,gpu,34.705,"{'cpu': 1.532, 'gpu': 0.113, 'CLOUD': 0.183}",40.487,40.6,38.705,40.705
203,TT1,387.0,BESTEFFORT,MISSED,cpu,34.772,"{'cpu': 2.32, 'gpu': 0.226, 'CLOUD': 0.127}",40.612,inf,38.772,40.772
204,TT1,379.0,BESTEFFORT,XCOMPLETED,gpu,34.983,"{'cpu': 1.616, 'gpu': 0.141, 'CLOUD': 0.164}",40.6,40.741,38.983,40.983
205,TT1,120.0,BESTEFFORT,XCOMPLETED,gpu,35.033,"{'cpu': 1.542, 'gpu': 0.192, 'CLOUD': 0.13}",40.741,40.933,39.033,41.033
206,TT1,498.0,BESTEFFORT,MISSED,cpu,35.051,"{'cpu': 2.289, 'gpu': 0.183, 'CLOUD': 0.11}",40.772,inf,39.051,41.051
207,TT1,120.0,BESTEFFORT,MISSED,gpu,35.106,"{'cpu': 1.918, 'gpu': 0.19, 'CLOUD': 0.162}",40.933,inf,39.106,41.106
208,TT1,95.0,BESTEFFORT,MISSED,cpu,35.107,"{'cpu': 1.3, 'gpu': 0.131, 'CLOUD': 0.19}",41.051,inf,39.107,41.107
209,TT1,146.0,BESTEFFORT,MISSED,gpu,35.239,"{'cpu': 2.327, 'gpu': 0.254, 'CLOUD': 0.103}",41.106,inf,39.239,41.239
210,TT1,7.0,BESTEFFORT,MISSED,cpu,35.272,"{'cpu': 2.58, 'gpu': 0.196, 'CLOUD': 0.188}",41.107,inf,39.272,41.272
211,TT1,28.0,BESTEFFORT,MISSED,gpu,35.283,"{'cpu': 1.099, 'gpu': 0.226, 'CLOUD': 0.159}",41.239,inf,39.283,41.283
212,TT1,447.0,BESTEFFORT,MISSED,cpu,35.297,"{'cpu': 1.744, 'gpu': 0.16, 'CLOUD': 0.167}",41.272,inf,39.297,41.297
213,TT2,208.0,BESTEFFORT,MISSED,cpu,35.311,"{'cpu': 13.756, 'gpu': 1.288, 'CLOUD': 1.042}",41.297,inf,38.811,40.561
214,TT1,95.0,BESTEFFORT,MISSED,gpu,35.342,"{'cpu': 1.821, 'gpu': 0.264, 'CLOUD': 0.2}",41.283,inf,39.342,41.342
215,TT2,122.0,BESTEFFORT,MISSED,gpu,35.435,"{'cpu': 13.43, 'gpu': 1.489, 'CLOUD': 1.137}",41.342,inf,38.935,40.685
216,TT1,387.0,BESTEFFORT,MISSED,cpu,35.477,"{'cpu': 1.762, 'gpu': 0.242, 'CLOUD': 0.177}",41.478,inf,39.477,41.477
217,TT1,126.0,BESTEFFORT,MISSED,cpu,35.478,"{'cpu': 1.098, 'gpu': 0.204, 'CLOUD': 0.191}",41.297,inf,39.478,41.478
218,TT1,6.0,BESTEFFORT,MISSED,gpu,35.559,"{'cpu': 1.6, 'gpu': 0.203, 'CLOUD': 0.104}",41.58,inf,39.559,41.559
219,TT1,7.0,BESTEFFORT,XCOMPLETED,gpu,35.659,"{'cpu': 2.271, 'gpu': 0.238, 'CLOUD': 0.105}",41.342,41.58,39.659,41.659
220,TT1,146.0,BESTEFFORT,MISSED,cpu,35.684,"{'cpu': 2.487, 'gpu': 0.16, 'CLOUD': 0.183}",41.478,inf,39.684,41.684
221,TT1,44.0,BESTEFFORT,MISSED,cpu,35.728,"{'cpu': 2.379, 'gpu': 0.103, 'CLOUD': 0.141}",41.684,inf,39.728,41.728
222,TT1,7.0,BESTEFFORT,XCOMPLETED,gpu,35.814,"{'cpu': 1.347, 'gpu': 0.218, 'CLOUD': 0.164}",41.58,41.798,39.814,41.814
223,TT1,30.0,BESTEFFORT,XCOMPLETED,gpu,36.201,"{'cpu': 1.759, 'gpu': 0.114, 'CLOUD': 0.17}",41.798,41.912,40.201,42.201
224,TT1,447.0,BESTEFFORT,MISSED,cpu,36.241,"{'cpu': 1.733, 'gpu': 0.104, 'CLOUD': 0.168}",41.728,inf,40.241,42.241
225,TT1,103.0,BESTEFFORT,MISSED,cpu,36.244,"{'cpu': 2.16, 'gpu': 0.228, 'CLOUD': 0.144}",42.241,inf,40.244,42.244
226,TT1,7.0,BESTEFFORT,XCOMPLETED,gpu,36.279,"{'cpu': 2.356, 'gpu': 0.132, 'CLOUD': 0.117}",41.912,42.044,40.279,42.279
227,TT1,95.0,BESTEFFORT,XCOMPLETED,gpu,36.303,"{'cpu': 1.15, 'gpu': 0.216, 'CLOUD': 0.115}",42.044,42.26,40.303,42.303
228,TT1,157.0,BESTEFFORT,MISSED,gpu,36.38,"{'cpu': 1.759, 'gpu': 0.155, 'CLOUD': 0.178}",42.26,inf,40.38,42.38
229,TT1,13.0,BESTEFFORT,MISSED,cpu,36.526,"{'cpu': 2.035, 'gpu': 0.111, 'CLOUD': 0.101}",42.244,inf,40.526,42.526
230,TT1,59.0,BESTEFFORT,MISSED,cpu,36.573,"{'cpu': 1.613, 'gpu': 0.234, 'CLOUD': 0.183}",42.526,inf,40.573,42.573
231,TT2,163.0,BESTEFFORT,MISSED,cpu,36.642,"{'cpu': 13.604, 'gpu': 1.061, 'CLOUD': 1.046}",42.573,inf,40.142,41.892
232,TT1,59.0,BESTEFFORT,XCOMPLETED,gpu,36.775,"{'cpu': 1.722, 'gpu': 0.225, 'CLOUD': 0.179}",42.38,42.605000000000004,40.775,42.775
233,TT1,126.0,BESTEFFORT,XCOMPLETED,gpu,36.792,"{'cpu': 2.115, 'gpu': 0.175, 'CLOUD': 0.148}",42.605000000000004,42.78,40.792,42.792
234,TT2,123.0,BESTEFFORT,MISSED,cpu,36.81,"{'cpu': 11.379, 'gpu': 1.169, 'CLOUD': 1.141}",42.573,inf,40.31,42.06
235,TT1,512.0,BESTEFFORT,MISSED,cpu,36.891,"{'cpu': 2.061, 'gpu': 0.113, 'CLOUD': 0.187}",42.573,inf,40.891,42.891
236,TT1,512.0,BESTEFFORT,MISSED,cpu,36.913,"{'cpu': 1.501, 'gpu': 0.125, 'CLOUD': 0.106}",42.891,inf,40.913,42.913
237,TT1,59.0,BESTEFFORT,XCOMPLETED,gpu,37.065,"{'cpu': 1.786, 'gpu': 0.231, 'CLOUD': 0.155}",42.78,43.011,41.065,43.065
238,TT1,7.0,BESTEFFORT,MISSED,gpu,37.215,"{'cpu': 2.37, 'gpu': 0.241, 'CLOUD': 0.192}",43.011,inf,41.215,43.215
239,TT1,126.0,BESTEFFORT,MISSED,cpu,37.281,"{'cpu': 2.222, 'gpu': 0.266, 'CLOUD': 0.162}",42.913,inf,41.281,43.281
240,TT1,90.0,BESTEFFORT,MISSED,cpu,37.378,"{'cpu': 2.67, 'gpu': 0.191, 'CLOUD': 0.174}",43.281,inf,41.378,43.378
241,TT1,7.0,BESTEFFORT,XCOMPLETED,gpu,37.496,"{'cpu': 2.628, 'gpu': 0.172, 'CLOUD': 0.104}",43.215,43.387,41.496,43.496
242,TT1,387.0,BESTEFFORT,XCOMPLETED,gpu,37.581,"{'cpu': 2.144, 'gpu': 0.122, 'CLOUD': 0.182}",43.387,43.509,41.581,43.581
243,TT1,6.0,BESTEFFORT,MISSED,cpu,37.622,"{'cpu': 1.506, 'gpu': 0.24, 'CLOUD': 0.131}",43.378,inf,41.622,43.622
244,TT1,157.0,BESTEFFORT,MISSED,cpu,37.658,"{'cpu': 2.198, 'gpu': 0.132, 'CLOUD': 0.154}",43.622,inf,41.658,43.658
245,TT1,146.0,BESTEFFORT,XCOMPLETED,gpu,37.741,"{'cpu': 2.469, 'gpu': 0.167, 'CLOUD': 0.126}",43.509,43.676,41.741,43.741
246,TT1,169.0,BESTEFFORT,MISSED,gpu,37.763,"{'cpu': 2.463, 'gpu': 0.228, 'CLOUD': 0.135}",43.676,inf,41.763,43.763
247,TT1,157.0,BESTEFFORT,MISSED,cpu,37.766,"{'cpu': 1.488, 'gpu': 0.189, 'CLOUD': 0.107}",43.658,inf,41.766,43.766
248,TT1,44.0,BESTEFFORT,MISSED,cpu,37.769,"{'cpu': 1.917, 'gpu': 0.263, 'CLOUD': 0.163}",43.766,inf,41.769,43.769
249,TT1,7.0,BESTEFFORT,MISSED,gpu,37.841,"{'cpu': 1.171, 'gpu': 0.225, 'CLOUD': 0.177}",43.763,inf,41.841,43.841
250,TT1,103.0,BESTEFFORT,MISSED,gpu,37.849,"{'cpu': 2.146, 'gpu': 0.223, 'CLOUD': 0.144}",43.841,inf,41.849,43.849
251,TT1,126.0,BESTEFFORT,MISSED,cpu,37.99,"{'cpu': 2.064, 'gpu': 0.115, 'CLOUD': 0.122}",43.769,inf,41.99,43.99
252,TT1,498.0,BESTEFFORT,MISSED,cpu,38.035,"{'cpu': 1.9, 'gpu': 0.214, 'CLOUD': 0.183}",43.99,inf,42.035,44.035
253,TT2,133.0,BESTEFFORT,MISSED,gpu,38.04,"{'cpu': 12.026, 'gpu': 1.478, 'CLOUD': 1.113}",43.849,inf,41.54,43.29
254,TT2,242.0,BESTEFFORT,MISSED,gpu,38.055,"{'cpu': 14.078, 'gpu': 1.418, 'CLOUD': 1.162}",43.849,inf,41.555,43.305
255,TT2,120.0,BESTEFFORT,MISSED,cpu,38.061,"{'cpu': 11.939, 'gpu': 1.126, 'CLOUD': 1.154}",44.035,inf,41.561,43.311
256,TT1,7.0,BESTEFFORT,XCOMPLETED,gpu,38.176,"{'cpu': 2.505, 'gpu': 0.216, 'CLOUD': 0.179}",43.849,44.065,42.176,44.176
257,TT1,498.0,BESTEFFORT,MISSED,gpu,38.187,"{'cpu': 1.461, 'gpu': 0.144, 'CLOUD': 0.16}",44.065,inf,42.187,44.187
258,TT1,49.0,BESTEFFORT,MISSED,cpu,38.24,"{'cpu': 1.029, 'gpu': 0.216, 'CLOUD': 0.14}",44.035,inf,42.24,44.24
259,TT1,169.0,BESTEFFORT,MISSED,cpu,38.279,"{'cpu': 2.185, 'gpu': 0.239, 'CLOUD': 0.134}",44.24,inf,42.279,44.279
260,TT1,44.0,BESTEFFORT,MISSED,gpu,38.31,"{'cpu': 1.685, 'gpu': 0.187, 'CLOUD': 0.125}",44.187,inf,42.31,44.31
261,TT2,184.0,BESTEFFORT,MISSED,cpu,38.323,"{'cpu': 11.993, 'gpu': 1.093, 'CLOUD': 1.003}",44.489,inf,41.823,43.573
262,TT1,95.0,BESTEFFORT,MISSED,gpu,38.353,"{'cpu': 2.223, 'gpu': 0.111, 'CLOUD': 0.135}",44.31,inf,42.353,44.353
263,TT1,44.0,BESTEFFORT,MISSED,cpu,38.463,"{'cpu': 1.738, 'gpu': 0.122, 'CLOUD': 0.127}",44.279,inf,42.463,44.463
264,TT1,7.0,BESTEFFORT,MISSED,cpu,38.489,"{'cpu': 2.502, 'gpu': 0.154, 'CLOUD': 0.167}",44.463,inf,42.489,44.489
265,TT1,512.0,BESTEFFORT,MISSED,gpu,38.497,"{'cpu': 2.699, 'gpu': 0.172, 'CLOUD': 0.164}",44.353,inf,42.497,44.497
266,TT1,169.0,BESTEFFORT,MISSED,gpu,38.559,"{'cpu': 2.073, 'gpu': 0.177, 'CLOUD': 0.187}",44.497,inf,42.559,44.559
267,TT2,185.0,BESTEFFORT,MISSED,cpu,38.608,"{'cpu': 12.772, 'gpu': 1.121, 'CLOUD': 1.016}",44.489,inf,42.108,43.858
268,TT1,214.0,BESTEFFORT,MISSED,cpu,38.636,"{'cpu': 1.267, 'gpu': 0.216, 'CLOUD': 0.198}",44.489,inf,42.636,44.636
269,TT1,214.0,BESTEFFORT,MISSED,cpu,38.689,"{'cpu': 1.769, 'gpu': 0.116, 'CLOUD': 0.175}",44.636,inf,42.689,44.689
270,TT1,30.0,BESTEFFORT,MISSED,gpu,38.693,"{'cpu': 2.355, 'gpu': 0.255, 'CLOUD': 0.157}",44.559,inf,42.693,44.693
271,TT1,498.0,BESTEFFORT,MISSED,gpu,38.797,"{'cpu': 1.951, 'gpu': 0.232, 'CLOUD': 0.151}",44.693,inf,42.797,44.797
272,TT1,7.0,BESTEFFORT,MISSED,cpu,38.798,"{'cpu': 2.341, 'gpu': 0.262, 'CLOUD': 0.146}",44.689,inf,42.798,44.798
273,TT1,157.0,BESTEFFORT,MISSED,cpu,38.831,"{'cpu': 1.693, 'gpu': 0.225, 'CLOUD': 0.17}",44.798,inf,42.831,44.831
274,TT1,90.0,BESTEFFORT,MISSED,gpu,38.896,"{'cpu': 1.192, 'gpu': 0.127, 'CLOUD': 0.119}",44.797,inf,42.896,44.896
275,TT1,44.0,BESTEFFORT,MISSED,gpu,38.934,"{'cpu': 1.594, 'gpu': 0.253, 'CLOUD': 0.111}",44.896,inf,42.934,44.934
276,TT1,16.0,BESTEFFORT,MISSED,cpu,38.969,"{'cpu': 2.347, 'gpu': 0.19, 'CLOUD': 0.193}",44.831,inf,42.969,44.969
277,TT1,28.0,BESTEFFORT,MISSED,cpu,39.121,"{'cpu': 2.156, 'gpu': 0.159, 'CLOUD': 0.195}",44.969,inf,43.121,45.121
278,TT1,6.0,BESTEFFORT,MISSED,gpu,39.129,"{'cpu': 1.268, 'gpu': 0.23, 'CLOUD': 0.137}",44.934,inf,43.129,45.129
279,TT1,498.0,BESTEFFORT,MISSED,gpu,39.178,"{'cpu': 2.573, 'gpu': 0.15, 'CLOUD': 0.137}",45.129,inf,43.178,45.178
280,TT1,7.0,BESTEFFORT,MISSED,cpu,39.202,"{'cpu': 2.469, 'gpu': 0.186, 'CLOUD': 0.16}",45.121,inf,43.202,45.202
281,TT1,7.0,BESTEFFORT,MISSED,cpu,39.264,"{'cpu': 1.405, 'gpu': 0.24, 'CLOUD': 0.119}",45.202,inf,43.264,45.264
282,TT1,44.0,BESTEFFORT,XCOMPLETED,gpu,39.311,"{'cpu': 1.129, 'gpu': 0.133, 'CLOUD': 0.105}",45.178,45.311,43.311,45.311
283,TT1,13.0,BESTEFFORT,MISSED,gpu,39.312,"{'cpu': 1.239, 'gpu': 0.223, 'CLOUD': 0.13}",45.311,inf,43.312,45.312
284,TT1,379.0,BESTEFFORT,MISSED,cpu,39.333,"{'cpu': 1.957, 'gpu': 0.155, 'CLOUD': 0.185}",45.264,inf,43.333,45.333
285,TT2,119.0,BESTEFFORT,MISSED,cpu,39.394,"{'cpu': 10.165, 'gpu': 1.464, 'CLOUD': 1.138}",45.333,inf,42.894,44.644
286,TT1,7.0,BESTEFFORT,MISSED,gpu,39.41,"{'cpu': 1.525, 'gpu': 0.123, 'CLOUD': 0.141}",45.556,inf,43.41,45.41
287,TT2,115.0,BESTEFFORT,MISSED,gpu,39.42,"{'cpu': 10.671, 'gpu': 1.123, 'CLOUD': 1.086}",45.312,inf,42.92,44.67
288,TT1,120.0,BESTEFFORT,XCOMPLETED,gpu,39.563,"{'cpu': 1.601, 'gpu': 0.244, 'CLOUD': 0.117}",45.312,45.556,43.563,45.563
289,TT1,387.0,BESTEFFORT,MISSED,cpu,39.596,"{'cpu': 1.619, 'gpu': 0.266, 'CLOUD': 0.108}",45.333,inf,43.596,45.596
290,TT1,95.0,BESTEFFORT,MISSED,cpu,39.679,"{'cpu': 2.264, 'gpu': 0.229, 'CLOUD': 0.185}",45.596,inf,43.679,45.679
291,TT1,379.0,BESTEFFORT,MISSED,gpu,39.746,"{'cpu': 2.247, 'gpu': 0.2, 'CLOUD': 0.107}",45.556,inf,43.746,45.746
292,TT1,169.0,BESTEFFORT,MISSED,gpu,39.934,"{'cpu': 2.254, 'gpu': 0.193, 'CLOUD': 0.137}",45.746,inf,43.934,45.934
293,TT1,7.0,BESTEFFORT,MISSED,cpu,39.963,"{'cpu': 2.388, 'gpu': 0.117, 'CLOUD': 0.187}",45.679,inf,43.963,45.963
294,TT1,387.0,BESTEFFORT,MISSED,cpu,40.008,"{'cpu': 2.025, 'gpu': 0.14, 'CLOUD': 0.19}",45.963,inf,44.008,46.008
295,TT1,13.0,BESTEFFORT,XCOMPLETED,gpu,40.064,"{'cpu': 2.367, 'gpu': 0.12, 'CLOUD': 0.171}",45.934,46.053999999999995,44.064,46.064
296,TT1,95.0,BESTEFFORT,MISSED,gpu,40.1,"{'cpu': 2.335, 'gpu': 0.22, 'CLOUD': 0.16}",46.053999999999995,inf,44.1,46.1
297,TT1,28.0,BESTEFFORT,MISSED,cpu,40.165,"{'cpu': 1.501, 'gpu': 0.175, 'CLOUD': 0.147}",46.008,inf,44.165,46.165
298,TT1,559.0,BESTEFFORT,MISSED,cpu,40.26,"{'cpu': 2.675, 'gpu': 0.215, 'CLOUD': 0.108}",46.165,inf,44.26,46.26
299,TT1,7.0,BESTEFFORT,XCOMPLETED,gpu,40.274,"{'cpu': 2.631, 'gpu': 0.135, 'CLOUD': 0.115}",46.1,46.235,44.274,46.274
300,TT1,49.0,BESTEFFORT,XCOMPLETED,gpu,40.351,"{'cpu': 2.675, 'gpu': 0.103, 'CLOUD': 0.162}",46.235,46.338,44.351,46.351
301,TT2,136.0,BESTEFFORT,MISSED,cpu,40.353,"{'cpu': 10.348, 'gpu': 1.036, 'CLOUD': 1.098}",46.611,inf,43.853,45.603
302,TT1,59.0,BESTEFFORT,MISSED,cpu,40.502,"{'cpu': 1.399, 'gpu': 0.163, 'CLOUD': 0.194}",46.26,inf,44.502,46.502
303,TT1,95.0,BESTEFFORT,XCOMPLETED,gpu,40.593,"{'cpu': 2.425, 'gpu': 0.255, 'CLOUD': 0.106}",46.338,46.593,44.593,46.593
304,TT1,90.0,BESTEFFORT,MISSED,cpu,40.611,"{'cpu': 2.356, 'gpu': 0.252, 'CLOUD': 0.192}",46.502,inf,44.611,46.611
305,TT1,44.0,BESTEFFORT,MISSED,gpu,40.623,"{'cpu': 1.538, 'gpu': 0.158, 'CLOUD': 0.124}",46.593,inf,44.623,46.623
306,TT1,103.0,BESTEFFORT,MISSED,gpu,40.65,"{'cpu': 1.209, 'gpu': 0.122, 'CLOUD': 0.172}",46.623,inf,44.65,46.65
307,TT1,44.0,BESTEFFORT,MISSED,cpu,40.674,"{'cpu': 1.351, 'gpu': 0.123, 'CLOUD': 0.137}",46.695,inf,44.674,46.674
308,TT1,49.0,BESTEFFORT,MISSED,cpu,40.695,"{'cpu': 1.609, 'gpu': 0.266, 'CLOUD': 0.148}",46.611,inf,44.695,46.695
309,TT1,447.0,BESTEFFORT,XCOMPLETED,gpu,40.852,"{'cpu': 1.613, 'gpu': 0.192, 'CLOUD': 0.105}",46.65,46.842,44.852,46.852
310,TT1,10.0,BESTEFFORT,MISSED,gpu,40.892,"{'cpu': 2.196, 'gpu': 0.262, 'CLOUD': 0.151}",46.842,inf,44.892,46.892
311,TT1,512.0,BESTEFFORT,MISSED,cpu,40.902,"{'cpu': 1.1, 'gpu': 0.19, 'CLOUD': 0.127}",46.695,inf,44.902,46.902
312,TT1,169.0,BESTEFFORT,MISSED,cpu,40.912,"{'cpu': 2.561, 'gpu': 0.162, 'CLOUD': 0.128}",46.902,inf,44.912,46.912
313,TT1,214.0,BESTEFFORT,MISSED,gpu,40.979,"{'cpu': 1.706, 'gpu': 0.201, 'CLOUD': 0.177}",46.892,inf,44.979,46.979
314,TT1,59.0,BESTEFFORT,MISSED,gpu,41.015,"{'cpu': 2.183, 'gpu': 0.191, 'CLOUD': 0.183}",46.979,inf,45.015,47.015
315,TT1,90.0,BESTEFFORT,MISSED,cpu,41.119,"{'cpu': 1.211, 'gpu': 0.202, 'CLOUD': 0.131}",46.912,inf,45.119,47.119
316,TT2,296.0,BESTEFFORT,MISSED,cpu,41.171,"{'cpu': 11.244, 'gpu': 1.471, 'CLOUD': 1.186}",47.295,inf,44.671,46.421
317,TT1,126.0,BESTEFFORT,MISSED,cpu,41.18,"{'cpu': 1.296, 'gpu': 0.207, 'CLOUD': 0.19}",47.119,inf,45.18,47.18
318,TT1,28.0,BESTEFFORT,XCOMPLETED,gpu,41.231,"{'cpu': 2.407, 'gpu': 0.215, 'CLOUD': 0.156}",47.015,47.230000000000004,45.231,47.231
319,TT1,126.0,BESTEFFORT,MISSED,gpu,41.245,"{'cpu': 2.196, 'gpu': 0.228, 'CLOUD': 0.121}",47.230000000000004,inf,45.245,47.245
320,TT1,7.0,BESTEFFORT,MISSED,cpu,41.295,"{'cpu': 1.576, 'gpu': 0.242, 'CLOUD': 0.114}",47.18,inf,45.295,47.295
321,TT1,103.0,BESTEFFORT,XCOMPLETED,gpu,41.446,"{'cpu': 2.069, 'gpu': 0.191, 'CLOUD': 0.1}",47.245,47.436,45.446,47.446
322,TT1,103.0,BESTEFFORT,MISSED,gpu,41.459,"{'cpu': 2.225, 'gpu': 0.121, 'CLOUD': 0.154}",47.436,inf,45.459,47.459
323,TT1,447.0,BESTEFFORT,MISSED,cpu,41.484,"{'cpu': 1.408, 'gpu': 0.134, 'CLOUD': 0.164}",47.626,inf,45.484,47.484
324,TT1,498.0,BESTEFFORT,MISSED,cpu,41.626,"{'cpu': 1.894, 'gpu': 0.18, 'CLOUD': 0.196}",47.295,inf,45.626,47.626
325,TT1,157.0,BESTEFFORT,MISSED,gpu,41.635,"{'cpu': 1.379, 'gpu': 0.229, 'CLOUD': 0.1}",47.459,inf,45.635,47.635
326,TT1,447.0,BESTEFFORT,MISSED,gpu,41.662,"{'cpu': 2.422, 'gpu': 0.161, 'CLOUD': 0.17}",47.635,inf,45.662,47.662
327,TT1,44.0,BESTEFFORT,MISSED,cpu,41.709,"{'cpu': 1.835, 'gpu': 0.247, 'CLOUD': 0.166}",47.626,inf,45.709,47.709
328,TT1,16.0,BESTEFFORT,MISSED,cpu,41.79,"{'cpu': 1.347, 'gpu': 0.168, 'CLOUD': 0.165}",47.709,inf,45.79,47.79
329,TT1,6.0,BESTEFFORT,MISSED,gpu,41.795,"{'cpu': 1.382, 'gpu': 0.178, 'CLOUD': 0.139}",47.662,inf,45.795,47.795
330,TT1,90.0,BESTEFFORT,MISSED,gpu,41.856,"{'cpu': 2.029, 'gpu': 0.203, 'CLOUD': 0.111}",47.795,inf,45.856,47.856
331,TT1,120.0,BESTEFFORT,MISSED,cpu,41.932,"{'cpu': 2.5, 'gpu': 0.196, 'CLOUD': 0.13}",47.79,inf,45.932,47.932
332,TT1,95.0,BESTEFFORT,MISSED,gpu,41.934,"{'cpu': 1.315, 'gpu': 0.165, 'CLOUD': 0.18}",47.856,inf,45.934,47.934
333,TT2,302.0,BESTEFFORT,MISSED,cpu,41.981,"{'cpu': 14.679, 'gpu': 1.497, 'CLOUD': 1.189}",47.932,inf,45.481,47.231
334,TT1,512.0,BESTEFFORT,MISSED,cpu,42.009,"{'cpu': 1.188, 'gpu': 0.188, 'CLOUD': 0.13}",47.932,inf,46.009,48.009
335,TT1,120.0,BESTEFFORT,XCOMPLETED,gpu,42.262,"{'cpu': 2.302, 'gpu': 0.254, 'CLOUD': 0.155}",47.934,48.187999999999995,46.262,48.262
336,TT1,103.0,BESTEFFORT,MISSED,cpu,42.29,"{'cpu': 1.941, 'gpu': 0.253, 'CLOUD': 0.111}",48.009,inf,46.29,48.29
337,TT1,7.0,BESTEFFORT,MISSED,gpu,42.307,"{'cpu': 2.396, 'gpu': 0.263, 'CLOUD': 0.113}",48.187999999999995,inf,46.307,48.307
338,TT1,95.0,BESTEFFORT,MISSED,cpu,42.313,"{'cpu': 2.669, 'gpu': 0.177, 'CLOUD': 0.191}",48.29,inf,46.313,48.313
339,TT1,7.0,BESTEFFORT,MISSED,gpu,42.344,"{'cpu': 2.545, 'gpu': 0.133, 'CLOUD': 0.107}",48.307,inf,46.344,48.344
340,TT1,95.0,BESTEFFORT,MISSED,cpu,42.482,"{'cpu': 2.456, 'gpu': 0.168, 'CLOUD': 0.154}",48.313,inf,46.482,48.482
341,TT1,95.0,BESTEFFORT,XCOMPLETED,gpu,42.549,"{'cpu': 2.415, 'gpu': 0.176, 'CLOUD': 0.192}",48.344,48.52,46.549,48.549
342,TT1,7.0,BESTEFFORT,MISSED,cpu,42.624,"{'cpu': 2.725, 'gpu': 0.136, 'CLOUD': 0.176}",48.482,inf,46.624,48.624
343,TT1,28.0,BESTEFFORT,MISSED,gpu,42.661,"{'cpu': 2.318, 'gpu': 0.211, 'CLOUD': 0.163}",48.52,inf,46.661,48.661
344,TT1,169.0,BESTEFFORT,MISSED,cpu,42.67,"{'cpu': 1.483, 'gpu': 0.213, 'CLOUD': 0.135}",48.624,inf,46.67,48.67
345,TT1,13.0,BESTEFFORT,MISSED,gpu,42.708,"{'cpu': 1.098, 'gpu': 0.129, 'CLOUD': 0.13}",48.661,inf,46.708,48.708
346,TT2,127.0,BESTEFFORT,MISSED,cpu,42.717,"{'cpu': 13.101, 'gpu': 1.283, 'CLOUD': 1.087}",48.67,inf,46.217,47.967
347,TT2,139.0,BESTEFFORT,MISSED,gpu,42.721,"{'cpu': 12.8, 'gpu': 1.345, 'CLOUD': 1.064}",48.708,inf,46.221,47.971
348,TT1,126.0,BESTEFFORT,MISSED,cpu,42.746,"{'cpu': 1.876, 'gpu': 0.224, 'CLOUD': 0.17}",48.761,inf,46.746,48.746
349,TT1,7.0,BESTEFFORT,MISSED,cpu,42.761,"{'cpu': 1.382, 'gpu': 0.234, 'CLOUD': 0.135}",48.67,inf,46.761,48.761
350,TT1,169.0,BESTEFFORT,MISSED,gpu,42.799,"{'cpu': 2.174, 'gpu': 0.254, 'CLOUD': 0.194}",48.871,inf,46.799,48.799
351,TT1,13.0,BESTEFFORT,MISSED,gpu,42.871,"{'cpu': 2.68, 'gpu': 0.199, 'CLOUD': 0.2}",48.708,inf,46.871,48.871
352,TT1,120.0,BESTEFFORT,MISSED,cpu,42.911,"{'cpu': 1.613, 'gpu': 0.196, 'CLOUD': 0.104}",48.911,inf,46.911,48.911
353,TT1,447.0,BESTEFFORT,MISSED,cpu,42.911,"{'cpu': 2.554, 'gpu': 0.234, 'CLOUD': 0.137}",48.761,inf,46.911,48.911
354,TT2,101.0,BESTEFFORT,MISSED,cpu,42.93,"{'cpu': 11.153, 'gpu': 1.258, 'CLOUD': 1.044}",49.247,inf,46.43,48.18
355,TT1,7.0,BESTEFFORT,MISSED,gpu,42.987,"{'cpu': 1.733, 'gpu': 0.139, 'CLOUD': 0.104}",48.871,inf,46.987,48.987
356,TT1,7.0,BESTEFFORT,MISSED,gpu,43.001,"{'cpu': 1.568, 'gpu': 0.132, 'CLOUD': 0.195}",48.987,inf,47.001,49.001
357,TT1,120.0,BESTEFFORT,MISSED,cpu,43.01,"{'cpu': 1.218, 'gpu': 0.137, 'CLOUD': 0.107}",48.911,inf,47.01,49.01
358,TT1,6.0,BESTEFFORT,MISSED,cpu,43.02,"{'cpu': 2.379, 'gpu': 0.226, 'CLOUD': 0.141}",49.01,inf,47.02,49.02
359,TT1,16.0,BESTEFFORT,MISSED,gpu,43.121,"{'cpu': 1.953, 'gpu': 0.19, 'CLOUD': 0.183}",49.001,inf,47.121,49.121
360,TT1,214.0,BESTEFFORT,MISSED,gpu,43.244,"{'cpu': 1.047, 'gpu': 0.125, 'CLOUD': 0.199}",49.121,inf,47.244,49.244
361,TT1,157.0,BESTEFFORT,MISSED,cpu,43.247,"{'cpu': 2.049, 'gpu': 0.204, 'CLOUD': 0.185}",49.02,inf,47.247,49.247
362,TT2,161.0,BESTEFFORT,MISSED,gpu,43.449,"{'cpu': 11.731, 'gpu': 1.33, 'CLOUD': 1.021}",49.351,inf,46.949,48.699
363,TT1,49.0,BESTEFFORT,XCOMPLETED,gpu,43.592,"{'cpu': 2.353, 'gpu': 0.107, 'CLOUD': 0.125}",49.244,49.351,47.592,49.592
364,TT1,6.0,BESTEFFORT,MISSED,cpu,43.607,"{'cpu': 2.056, 'gpu': 0.133, 'CLOUD': 0.112}",49.668,inf,47.607,49.607
365,TT1,30.0,BESTEFFORT,MISSED,cpu,43.668,"{'cpu': 2.353, 'gpu': 0.236, 'CLOUD': 0.101}",49.247,inf,47.668,49.668
366,TT1,90.0,BESTEFFORT,XCOMPLETED,gpu,43.759,"{'cpu': 2.607, 'gpu': 0.177, 'CLOUD': 0.148}",49.571999999999996,49.748999999999995,47.759,49.759
367,TT1,169.0,BESTEFFORT,XCOMPLETED,gpu,43.874,"{'cpu': 2.118, 'gpu': 0.221, 'CLOUD': 0.146}",49.351,49.571999999999996,47.874,49.874
368,TT1,387.0,BESTEFFORT,XCOMPLETED,gpu,43.889,"{'cpu': 2.341, 'gpu': 0.103, 'CLOUD': 0.172}",49.748999999999995,49.852,47.889,49.889
369,TT1,59.0,BESTEFFORT,MISSED,cpu,43.899,"{'cpu': 1.679, 'gpu': 0.127, 'CLOUD': 0.148}",49.668,inf,47.899,49.899
370,TT1,498.0,BESTEFFORT,MISSED,gpu,43.986,"{'cpu': 1.969, 'gpu': 0.232, 'CLOUD': 0.181}",49.852,inf,47.986,49.986
371,TT2,208.0,BESTEFFORT,MISSED,cpu,44.004,"{'cpu': 12.032, 'gpu': 1.029, 'CLOUD': 1.168}",49.899,inf,47.504,49.254
372,TT1,6.0,BESTEFFORT,MISSED,cpu,44.123,"{'cpu': 1.744, 'gpu': 0.105, 'CLOUD': 0.176}",49.899,inf,48.123,50.123
373,TT1,6.0,BESTEFFORT,XCOMPLETED,gpu,44.192,"{'cpu': 1.832, 'gpu': 0.116, 'CLOUD': 0.105}",49.986,50.102,48.192,50.192
374,TT1,6.0,BESTEFFORT,MISSED,cpu,44.203,"{'cpu': 2.118, 'gpu': 0.133, 'CLOUD': 0.196}",50.123,inf,48.203,50.203
375,TT1,13.0,BESTEFFORT,MISSED,gpu,44.225,"{'cpu': 1.226, 'gpu': 0.178, 'CLOUD': 0.128}",50.102,inf,48.225,50.225
376,TT1,120.0,BESTEFFORT,MISSED,gpu,44.274,"{'cpu': 1.847, 'gpu': 0.164, 'CLOUD': 0.17}",50.225,inf,48.274,50.274
377,TT1,90.0,BESTEFFORT,MISSED,cpu,44.433,"{'cpu': 1.385, 'gpu': 0.127, 'CLOUD': 0.118}",50.203,inf,48.433,50.433
378,TT1,146.0,BESTEFFORT,MISSED,cpu,44.444,"{'cpu': 1.811, 'gpu': 0.179, 'CLOUD': 0.188}",50.433,inf,48.444,50.444
379,TT1,10.0,BESTEFFORT,XCOMPLETED,gpu,44.468,"{'cpu': 2.29, 'gpu': 0.101, 'CLOUD': 0.121}",50.274,50.375,48.468,50.468
380,TT1,498.0,BESTEFFORT,MISSED,gpu,44.517,"{'cpu': 1.429, 'gpu': 0.172, 'CLOUD': 0.145}",50.375,inf,48.517,50.517
381,TT1,16.0,BESTEFFORT,MISSED,gpu,44.556,"{'cpu': 1.337, 'gpu': 0.189, 'CLOUD': 0.127}",50.517,inf,48.556,50.556
382,TT1,13.0,BESTEFFORT,MISSED,cpu,44.601,"{'cpu': 2.262, 'gpu': 0.157, 'CLOUD': 0.119}",50.444,inf,48.601,50.601
383,TT1,559.0,BESTEFFORT,MISSED,cpu,44.658,"{'cpu': 1.488, 'gpu': 0.152, 'CLOUD': 0.199}",50.601,inf,48.658,50.658
384,TT1,120.0,BESTEFFORT,MISSED,gpu,44.751,"{'cpu': 2.568, 'gpu': 0.233, 'CLOUD': 0.125}",50.556,inf,48.751,50.751
385,TT1,49.0,BESTEFFORT,MISSED,gpu,44.793,"{'cpu': 1.405, 'gpu': 0.153, 'CLOUD': 0.157}",50.751,inf,48.793,50.793
386,TT1,6.0,BESTEFFORT,MISSED,cpu,44.806,"{'cpu': 2.173, 'gpu': 0.226, 'CLOUD': 0.167}",50.658,inf,48.806,50.806
387,TT1,512.0,BESTEFFORT,MISSED,cpu,44.845,"{'cpu': 1.756, 'gpu': 0.155, 'CLOUD': 0.168}",50.806,inf,48.845,50.845
388,TT1,28.0,BESTEFFORT,MISSED,gpu,44.884,"{'cpu': 1.391, 'gpu': 0.145, 'CLOUD': 0.119}",50.793,inf,48.884,50.884
389,TT1,498.0,BESTEFFORT,MISSED,gpu,44.887,"{'cpu': 2.671, 'gpu': 0.178, 'CLOUD': 0.151}",50.884,inf,48.887,50.887
390,TT1,157.0,BESTEFFORT,MISSED,cpu,44.914,"{'cpu': 2.661, 'gpu': 0.211, 'CLOUD': 0.147}",50.845,inf,48.914,50.914
391,TT1,7.0,BESTEFFORT,MISSED,cpu,44.926,"{'cpu': 2.269, 'gpu': 0.141, 'CLOUD': 0.107}",50.914,inf,48.926,50.926
392,TT2,100.0,BESTEFFORT,MISSED,cpu,45.037,"{'cpu': 13.604, 'gpu': 1.305, 'CLOUD': 1.053}",50.926,inf,48.537,50.287
393,TT1,44.0,BESTEFFORT,MISSED,gpu,45.095,"{'cpu': 1.576, 'gpu': 0.266, 'CLOUD': 0.136}",50.887,inf,49.095,51.095
394,TT1,146.0,BESTEFFORT,MISSED,gpu,45.1,"{'cpu': 2.2, 'gpu': 0.163, 'CLOUD': 0.122}",51.095,inf,49.1,51.1
395,TT2,37.0,BESTEFFORT,MISSED,cpu,45.157,"{'cpu': 10.707, 'gpu': 1.31, 'CLOUD': 1.03}",50.926,inf,48.657,50.407
396,TT2,210.0,BESTEFFORT,MISSED,cpu,45.278,"{'cpu': 13.548, 'gpu': 1.425, 'CLOUD': 1.184}",50.926,inf,48.778,50.528
397,TT1,10.0,BESTEFFORT,MISSED,cpu,45.337,"{'cpu': 2.367, 'gpu': 0.191, 'CLOUD': 0.106}",50.926,inf,49.337,51.337
398,TT1,447.0,BESTEFFORT,MISSED,cpu,45.343,"{'cpu': 1.13, 'gpu': 0.198, 'CLOUD': 0.153}",51.337,inf,49.343,51.343
399,TT1,49.0,BESTEFFORT,XCOMPLETED,gpu,45.426,"{'cpu': 2.275, 'gpu': 0.108, 'CLOUD': 0.199}",51.1,51.208,49.426,51.426
400,TT1,7.0,BESTEFFORT,MISSED,gpu,45.429,"{'cpu': 1.405, 'gpu': 0.255, 'CLOUD': 0.118}",51.208,inf,49.429,51.429
401,TT1,30.0,BESTEFFORT,MISSED,gpu,45.493,"{'cpu': 1.733, 'gpu': 0.199, 'CLOUD': 0.11}",51.429,inf,49.493,51.493
402,TT1,10.0,BESTEFFORT,MISSED,cpu,45.504,"{'cpu': 1.311, 'gpu': 0.241, 'CLOUD': 0.164}",51.343,inf,49.504,51.504
403,TT1,6.0,BESTEFFORT,MISSED,gpu,45.514,"{'cpu': 2.016, 'gpu': 0.137, 'CLOUD': 0.197}",51.493,inf,49.514,51.514
404,TT2,109.0,BESTEFFORT,MISSED,cpu,45.517,"{'cpu': 14.71, 'gpu': 1.417, 'CLOUD': 1.091}",51.504,inf,49.017,50.767
405,TT1,559.0,BESTEFFORT,MISSED,cpu,45.573,"{'cpu': 1.401, 'gpu': 0.225, 'CLOUD': 0.168}",51.504,inf,49.573,51.573
406,TT1,49.0,BESTEFFORT,MISSED,gpu,45.582,"{'cpu': 2.477, 'gpu': 0.188, 'CLOUD': 0.151}",51.514,inf,49.582,51.582
407,TT1,214.0,BESTEFFORT,MISSED,cpu,45.628,"{'cpu': 2.505, 'gpu': 0.226, 'CLOUD': 0.109}",51.573,inf,49.628,51.628
408,TT1,28.0,BESTEFFORT,MISSED,gpu,45.647,"{'cpu': 1.861, 'gpu': 0.215, 'CLOUD': 0.151}",51.582,inf,49.647,51.647
409,TT1,59.0,BESTEFFORT,MISSED,cpu,45.682,"{'cpu': 1.915, 'gpu': 0.209, 'CLOUD': 0.194}",51.628,inf,49.682,51.682
410,TT1,498.0,BESTEFFORT,MISSED,gpu,45.706,"{'cpu': 2.58, 'gpu': 0.138, 'CLOUD': 0.175}",51.647,inf,49.706,51.706
411,TT1,126.0,BESTEFFORT,MISSED,cpu,45.813,"{'cpu': 2.289, 'gpu': 0.176, 'CLOUD': 0.117}",51.682,inf,49.813,51.813
412,TT2,118.0,BESTEFFORT,MISSED,cpu,45.814,"{'cpu': 12.398, 'gpu': 1.019, 'CLOUD': 1.067}",51.849,inf,49.314,51.064
413,TT1,498.0,BESTEFFORT,MISSED,gpu,45.826,"{'cpu': 1.922, 'gpu': 0.2, 'CLOUD': 0.169}",51.706,inf,49.826,51.826
414,TT1,157.0,BESTEFFORT,MISSED,cpu,45.849,"{'cpu': 2.505, 'gpu': 0.13, 'CLOUD': 0.108}",51.813,inf,49.849,51.849
415,TT1,6.0,BESTEFFORT,MISSED,gpu,45.892,"{'cpu': 1.302, 'gpu': 0.191, 'CLOUD': 0.137}",51.826,inf,49.892,51.892
416,TT1,103.0,BESTEFFORT,MISSED,gpu,45.909,"{'cpu': 1.337, 'gpu': 0.196, 'CLOUD': 0.162}",51.892,inf,49.909,51.909
417,TT1,7.0,BESTEFFORT,MISSED,cpu,45.926,"{'cpu': 2.372, 'gpu': 0.132, 'CLOUD': 0.191}",51.849,inf,49.926,51.926
418,TT1,59.0,BESTEFFORT,MISSED,cpu,45.933,"{'cpu': 2.683, 'gpu': 0.102, 'CLOUD': 0.185}",51.926,inf,49.933,51.933
419,TT1,512.0,BESTEFFORT,XCOMPLETED,gpu,46.062,"{'cpu': 2.706, 'gpu': 0.11, 'CLOUD': 0.146}",51.909,52.019,50.062,52.062
420,TT1,28.0,BESTEFFORT,MISSED,gpu,46.082,"{'cpu': 1.063, 'gpu': 0.156, 'CLOUD': 0.139}",52.019,inf,50.082,52.082
421,TT2,237.0,BESTEFFORT,MISSED,cpu,46.09,"{'cpu': 13.035, 'gpu': 1.393, 'CLOUD': 1.106}",52.289,inf,49.59,51.34
422,TT1,30.0,BESTEFFORT,MISSED,cpu,46.092,"{'cpu': 2.035, 'gpu': 0.175, 'CLOUD': 0.141}",51.933,inf,50.092,52.092
423,TT1,120.0,BESTEFFORT,MISSED,cpu,46.142,"{'cpu': 1.216, 'gpu': 0.215, 'CLOUD': 0.17}",52.092,inf,50.142,52.142
424,TT1,16.0,BESTEFFORT,XCOMPLETED,gpu,46.207,"{'cpu': 1.582, 'gpu': 0.114, 'CLOUD': 0.155}",52.082,52.196,50.207,52.207
425,TT1,120.0,BESTEFFORT,MISSED,gpu,46.279,"{'cpu': 1.211, 'gpu': 0.183, 'CLOUD': 0.131}",52.196,inf,50.279,52.279
426,TT1,7.0,BESTEFFORT,MISSED,cpu,46.289,"{'cpu': 1.578, 'gpu': 0.115, 'CLOUD': 0.159}",52.142,inf,50.289,52.289
427,TT1,126.0,BESTEFFORT,MISSED,gpu,46.298,"{'cpu': 1.698, 'gpu': 0.194, 'CLOUD': 0.108}",52.279,inf,50.298,52.298
428,TT1,512.0,BESTEFFORT,MISSED,gpu,46.39,"{'cpu': 1.505, 'gpu': 0.139, 'CLOUD': 0.134}",52.298,inf,50.39,52.39
429,TT2,208.0,BESTEFFORT,MISSED,cpu,46.403,"{'cpu': 14.694, 'gpu': 1.465, 'CLOUD': 1.1}",52.289,inf,49.903,51.653
430,TT1,44.0,BESTEFFORT,MISSED,cpu,46.443,"{'cpu': 2.346, 'gpu': 0.266, 'CLOUD': 0.183}",52.289,inf,50.443,52.443
431,TT1,44.0,BESTEFFORT,MISSED,cpu,46.459,"{'cpu': 1.876, 'gpu': 0.112, 'CLOUD': 0.13}",52.443,inf,50.459,52.459
432,TT1,7.0,BESTEFFORT,MISSED,gpu,46.485,"{'cpu': 2.247, 'gpu': 0.177, 'CLOUD': 0.105}",52.39,inf,50.485,52.485
433,TT1,90.0,BESTEFFORT,MISSED,gpu,46.507,"{'cpu': 1.062, 'gpu': 0.132, 'CLOUD': 0.139}",52.485,inf,50.507,52.507
434,TT1,512.0,BESTEFFORT,MISSED,cpu,46.609,"{'cpu': 2.29, 'gpu': 0.246, 'CLOUD': 0.116}",52.459,inf,50.609,52.609
435,TT1,44.0,BESTEFFORT,MISSED,cpu,46.632,"{'cpu': 1.284, 'gpu': 0.184, 'CLOUD': 0.106}",52.609,inf,50.632,52.632
436,TT1,157.0,BESTEFFORT,XCOMPLETED,gpu,46.823,"{'cpu': 2.588, 'gpu': 0.213, 'CLOUD': 0.108}",52.507,52.72,50.823,52.823
437,TT1,379.0,BESTEFFORT,MISSED,gpu,46.869,"{'cpu': 2.06, 'gpu': 0.171, 'CLOUD': 0.155}",52.72,inf,50.869,52.869
438,TT1,146.0,BESTEFFORT,MISSED,cpu,46.881,"{'cpu': 2.163, 'gpu': 0.121, 'CLOUD': 0.169}",52.632,inf,50.881,52.881
439,TT1,103.0,BESTEFFORT,MISSED,cpu,46.91,"{'cpu': 2.32, 'gpu': 0.175, 'CLOUD': 0.175}",52.881,inf,50.91,52.91
440,TT1,59.0,BESTEFFORT,MISSED,gpu,46.917,"{'cpu': 2.063, 'gpu': 0.162, 'CLOUD': 0.118}",52.869,inf,50.917,52.917
441,TT1,95.0,BESTEFFORT,MISSED,gpu,46.92,"{'cpu': 2.407, 'gpu': 0.225, 'CLOUD': 0.14}",52.917,inf,50.92,52.92
442,TT1,6.0,BESTEFFORT,MISSED,cpu,47.04,"{'cpu': 1.356, 'gpu': 0.148, 'CLOUD': 0.189}",52.91,inf,51.04,53.04
443,TT1,6.0,BESTEFFORT,MISSED,cpu,47.047,"{'cpu': 1.941, 'gpu': 0.144, 'CLOUD': 0.128}",53.04,inf,51.047,53.047
444,TT1,146.0,BESTEFFORT,MISSED,gpu,47.063,"{'cpu': 1.811, 'gpu': 0.225, 'CLOUD': 0.109}",52.92,inf,51.063,53.063
445,TT1,95.0,BESTEFFORT,MISSED,gpu,47.251,"{'cpu': 1.15, 'gpu': 0.219, 'CLOUD': 0.12}",53.063,inf,51.251,53.251
446,TT1,6.0,BESTEFFORT,MISSED,cpu,47.302,"{'cpu': 2.493, 'gpu': 0.188, 'CLOUD': 0.18}",53.047,inf,51.302,53.302
447,TT1,512.0,BESTEFFORT,MISSED,cpu,47.435,"{'cpu': 2.487, 'gpu': 0.116, 'CLOUD': 0.186}",53.302,inf,51.435,53.435
448,TT1,7.0,BESTEFFORT,MISSED,gpu,47.47,"{'cpu': 2.285, 'gpu': 0.269, 'CLOUD': 0.162}",53.251,inf,51.47,53.47
449,TT1,7.0,BESTEFFORT,MISSED,gpu,47.565,"{'cpu': 2.32, 'gpu': 0.182, 'CLOUD': 0.17}",53.47,inf,51.565,53.565
450,TT1,16.0,BESTEFFORT,MISSED,cpu,47.593,"{'cpu': 1.289, 'gpu': 0.172, 'CLOUD': 0.193}",53.435,inf,51.593,53.593
451,TT1,214.0,BESTEFFORT,MISSED,cpu,47.598,"{'cpu': 2.604, 'gpu': 0.179, 'CLOUD': 0.112}",53.593,inf,51.598,53.598
452,TT1,7.0,BESTEFFORT,MISSED,gpu,47.707,"{'cpu': 1.087, 'gpu': 0.254, 'CLOUD': 0.167}",53.565,inf,51.707,53.707
453,TT1,126.0,BESTEFFORT,MISSED,gpu,47.799,"{'cpu': 1.171, 'gpu': 0.125, 'CLOUD': 0.123}",53.707,inf,51.799,53.799
454,TT1,559.0,BESTEFFORT,MISSED,cpu,47.916,"{'cpu': 1.617, 'gpu': 0.165, 'CLOUD': 0.173}",53.598,inf,51.916,53.916
455,TT1,146.0,BESTEFFORT,MISSED,cpu,47.92,"{'cpu': 2.705, 'gpu': 0.216, 'CLOUD': 0.164}",53.916,inf,51.92,53.92
456,TT1,214.0,BESTEFFORT,MISSED,gpu,47.923,"{'cpu': 2.681, 'gpu': 0.143, 'CLOUD': 0.145}",53.799,inf,51.923,53.923
457,TT2,81.0,BESTEFFORT,MISSED,gpu,47.936,"{'cpu': 13.967, 'gpu': 1.188, 'CLOUD': 1.021}",53.923,inf,51.436,53.186
458,TT2,248.0,BESTEFFORT,MISSED,gpu,47.958,"{'cpu': 10.369, 'gpu': 1.286, 'CLOUD': 1.116}",54.064,inf,51.458,53.208
459,TT1,44.0,BESTEFFORT,MISSED,cpu,48.002,"{'cpu': 1.848, 'gpu': 0.221, 'CLOUD': 0.15}",53.92,inf,52.002,54.002
460,TT1,44.0,BESTEFFORT,MISSED,cpu,48.015,"{'cpu': 2.355, 'gpu': 0.152, 'CLOUD': 0.155}",54.002,inf,52.015,54.015
461,TT1,44.0,BESTEFFORT,MISSED,gpu,48.047,"{'cpu': 1.137, 'gpu': 0.21, 'CLOUD': 0.122}",53.923,inf,52.047,54.047
462,TT1,30.0,BESTEFFORT,MISSED,gpu,48.064,"{'cpu': 2.494, 'gpu': 0.175, 'CLOUD': 0.147}",54.047,inf,52.064,54.064
463,TT1,44.0,BESTEFFORT,MISSED,cpu,48.111,"{'cpu': 2.487, 'gpu': 0.24, 'CLOUD': 0.192}",54.015,inf,52.111,54.111
464,TT1,7.0,BESTEFFORT,MISSED,cpu,48.132,"{'cpu': 2.206, 'gpu': 0.124, 'CLOUD': 0.142}",54.111,inf,52.132,54.132
465,TT2,144.0,BESTEFFORT,MISSED,cpu,48.215,"{'cpu': 13.563, 'gpu': 1.035, 'CLOUD': 1.187}",54.829,inf,51.715,53.465
466,TT1,379.0,BESTEFFORT,MISSED,gpu,48.27,"{'cpu': 2.004, 'gpu': 0.231, 'CLOUD': 0.117}",54.064,inf,52.27,54.27
467,TT1,120.0,BESTEFFORT,MISSED,gpu,48.308,"{'cpu': 2.013, 'gpu': 0.103, 'CLOUD': 0.186}",54.27,inf,52.308,54.308
468,TT1,44.0,BESTEFFORT,MISSED,cpu,48.335,"{'cpu': 1.1, 'gpu': 0.104, 'CLOUD': 0.125}",54.132,inf,52.335,54.335
469,TT1,30.0,BESTEFFORT,MISSED,cpu,48.338,"{'cpu': 1.465, 'gpu': 0.196, 'CLOUD': 0.15}",54.335,inf,52.338,54.338
470,TT1,6.0,BESTEFFORT,MISSED,gpu,48.369,"{'cpu': 1.779, 'gpu': 0.208, 'CLOUD': 0.145}",54.308,inf,52.369,54.369
471,TT1,59.0,BESTEFFORT,MISSED,gpu,48.385,"{'cpu': 2.304, 'gpu': 0.249, 'CLOUD': 0.19}",54.369,inf,52.385,54.385
472,TT1,6.0,BESTEFFORT,MISSED,cpu,48.401,"{'cpu': 1.447, 'gpu': 0.195, 'CLOUD': 0.178}",54.338,inf,52.401,54.401
473,TT1,30.0,BESTEFFORT,MISSED,cpu,48.443,"{'cpu': 2.144, 'gpu': 0.151, 'CLOUD': 0.171}",54.401,inf,52.443,54.443
474,TT1,7.0,BESTEFFORT,MISSED,gpu,48.501,"{'cpu': 1.582, 'gpu': 0.206, 'CLOUD': 0.2}",54.385,inf,52.501,54.501
475,TT1,59.0,BESTEFFORT,MISSED,gpu,48.537,"{'cpu': 2.704, 'gpu': 0.228, 'CLOUD': 0.101}",54.501,inf,52.537,54.537
476,TT1,7.0,BESTEFFORT,MISSED,cpu,48.556,"{'cpu': 2.05, 'gpu': 0.127, 'CLOUD': 0.115}",54.443,inf,52.556,54.556
477,TT1,559.0,BESTEFFORT,MISSED,cpu,48.583,"{'cpu': 1.918, 'gpu': 0.143, 'CLOUD': 0.171}",54.556,inf,52.583,54.583
478,TT1,379.0,BESTEFFORT,MISSED,gpu,48.597,"{'cpu': 2.548, 'gpu': 0.201, 'CLOUD': 0.135}",54.537,inf,52.597,54.597
479,TT1,44.0,BESTEFFORT,MISSED,gpu,48.631,"{'cpu': 1.756, 'gpu': 0.208, 'CLOUD': 0.143}",54.597,inf,52.631,54.631
480,TT1,498.0,BESTEFFORT,MISSED,cpu,48.689,"{'cpu': 1.8, 'gpu': 0.196, 'CLOUD': 0.144}",54.583,inf,52.689,54.689
481,TT1,447.0,BESTEFFORT,MISSED,cpu,48.708,"{'cpu': 1.676, 'gpu': 0.119, 'CLOUD': 0.195}",54.689,inf,52.708,54.708
482,TT1,512.0,BESTEFFORT,MISSED,gpu,48.742,"{'cpu': 1.559, 'gpu': 0.136, 'CLOUD': 0.189}",54.631,inf,52.742,54.742
483,TT1,379.0,BESTEFFORT,MISSED,gpu,48.82,"{'cpu': 2.194, 'gpu': 0.206, 'CLOUD': 0.194}",54.742,inf,52.82,54.82
484,TT1,387.0,BESTEFFORT,MISSED,cpu,48.829,"{'cpu': 2.185, 'gpu': 0.215, 'CLOUD': 0.129}",54.708,inf,52.829,54.829
485,TT1,6.0,BESTEFFORT,MISSED,gpu,48.843,"{'cpu': 1.29, 'gpu': 0.169, 'CLOUD': 0.184}",54.82,inf,52.843,54.843
486,TT1,90.0,BESTEFFORT,MISSED,gpu,48.882,"{'cpu': 2.075, 'gpu': 0.212, 'CLOUD': 0.177}",54.843,inf,52.882,54.882
487,TT1,90.0,BESTEFFORT,MISSED,cpu,48.906,"{'cpu': 2.569, 'gpu': 0.205, 'CLOUD': 0.193}",54.829,inf,52.906,54.906
488,TT1,379.0,BESTEFFORT,MISSED,cpu,48.93,"{'cpu': 1.707, 'gpu': 0.134, 'CLOUD': 0.139}",54.906,inf,52.93,54.93
489,TT1,49.0,BESTEFFORT,MISSED,gpu,49.035,"{'cpu': 1.221, 'gpu': 0.24, 'CLOUD': 0.103}",54.882,inf,53.035,55.035
490,TT1,512.0,BESTEFFORT,MISSED,gpu,49.082,"{'cpu': 1.435, 'gpu': 0.126, 'CLOUD': 0.122}",55.035,inf,53.082,55.082
491,TT1,146.0,BESTEFFORT,MISSED,cpu,49.083,"{'cpu': 2.346, 'gpu': 0.116, 'CLOUD': 0.154}",54.93,inf,53.083,55.083
492,TT2,103.0,BESTEFFORT,MISSED,gpu,49.093,"{'cpu': 10.947, 'gpu': 1.372, 'CLOUD': 1.029}",55.195,inf,52.593,54.343
493,TT1,512.0,BESTEFFORT,MISSED,cpu,49.116,"{'cpu': 1.161, 'gpu': 0.167, 'CLOUD': 0.123}",55.083,inf,53.116,55.116
494,TT1,6.0,BESTEFFORT,MISSED,gpu,49.141,"{'cpu': 1.754, 'gpu': 0.124, 'CLOUD': 0.194}",55.082,inf,53.141,55.141
495,TT1,10.0,BESTEFFORT,MISSED,gpu,49.195,"{'cpu': 1.003, 'gpu': 0.241, 'CLOUD': 0.198}",55.141,inf,53.195,55.195
496,TT1,126.0,BESTEFFORT,MISSED,cpu,49.237,"{'cpu': 1.144, 'gpu': 0.198, 'CLOUD': 0.159}",55.116,inf,53.237,55.237
497,TT1,498.0,BESTEFFORT,MISSED,cpu,49.353,"{'cpu': 2.129, 'gpu': 0.255, 'CLOUD': 0.152}",55.237,inf,53.353,55.353
498,TT2,204.0,BESTEFFORT,MISSED,cpu,49.357,"{'cpu': 10.482, 'gpu': 1.296, 'CLOUD': 1.006}",55.534,inf,52.857,54.607
499,TT1,90.0,BESTEFFORT,XCOMPLETED,gpu,49.431,"{'cpu': 1.348, 'gpu': 0.168, 'CLOUD': 0.142}",55.195,55.363,53.431,55.431
500,TT1,214.0,BESTEFFORT,MISSED,gpu,49.443,"{'cpu': 1.391, 'gpu': 0.13, 'CLOUD': 0.134}",55.363,inf,53.443,55.443
501,TT1,7.0,BESTEFFORT,MISSED,cpu,49.534,"{'cpu': 2.225, 'gpu': 0.231, 'CLOUD': 0.145}",55.353,inf,53.534,55.534
502,TT2,122.0,BESTEFFORT,MISSED,gpu,49.545,"{'cpu': 14.473, 'gpu': 1.326, 'CLOUD': 1.0}",55.443,inf,53.045,54.795
503,TT2,207.0,BESTEFFORT,MISSED,gpu,49.59,"{'cpu': 10.695, 'gpu': 1.304, 'CLOUD': 1.0}",55.613,inf,53.09,54.84
504,TT1,7.0,BESTEFFORT,MISSED,gpu,49.613,"{'cpu': 2.355, 'gpu': 0.199, 'CLOUD': 0.162}",55.443,inf,53.613,55.613
505,TT1,7.0,BESTEFFORT,MISSED,cpu,49.643,"{'cpu': 2.035, 'gpu': 0.266, 'CLOUD': 0.128}",55.534,inf,53.643,55.643
506,TT1,6.0,BESTEFFORT,MISSED,cpu,49.655,"{'cpu': 2.568, 'gpu': 0.102, 'CLOUD': 0.113}",55.643,inf,53.655,55.655
507,TT1,44.0,BESTEFFORT,MISSED,gpu,49.679,"{'cpu': 2.246, 'gpu': 0.155, 'CLOUD': 0.131}",55.613,inf,53.679,55.679
508,TT2,127.0,BESTEFFORT,MISSED,cpu,49.766,"{'cpu': 13.563, 'gpu': 1.031, 'CLOUD': 1.02}",56.647,inf,53.266,55.016
509,TT1,512.0,BESTEFFORT,MISSED,gpu,49.791,"{'cpu': 1.404, 'gpu': 0.168, 'CLOUD': 0.108}",55.679,inf,53.791,55.791
510,TT1,44.0,BESTEFFORT,MISSED,cpu,49.819,"{'cpu': 2.61, 'gpu': 0.134, 'CLOUD': 0.156}",55.655,inf,53.819,55.819
511,TT1,10.0,BESTEFFORT,MISSED,cpu,49.827,"{'cpu': 2.469, 'gpu': 0.12, 'CLOUD': 0.16}",55.819,inf,53.827,55.827
512,TT1,49.0,BESTEFFORT,MISSED,gpu,49.858,"{'cpu': 1.698, 'gpu': 0.158, 'CLOUD': 0.111}",55.791,inf,53.858,55.858
513,TT1,157.0,BESTEFFORT,MISSED,gpu,49.889,"{'cpu': 1.588, 'gpu': 0.209, 'CLOUD': 0.194}",55.858,inf,53.889,55.889
514,TT1,387.0,BESTEFFORT,MISSED,cpu,49.926,"{'cpu': 1.273, 'gpu': 0.11, 'CLOUD': 0.122}",55.827,inf,53.926,55.926
515,TT1,16.0,BESTEFFORT,MISSED,cpu,49.935,"{'cpu': 1.143, 'gpu': 0.19, 'CLOUD': 0.113}",55.926,inf,53.935,55.935
516,TT1,6.0,BESTEFFORT,MISSED,gpu,49.953,"{'cpu': 1.511, 'gpu': 0.225, 'CLOUD': 0.112}",55.889,inf,53.953,55.953
517,TT1,157.0,BESTEFFORT,MISSED,gpu,49.961,"{'cpu': 1.318, 'gpu': 0.208, 'CLOUD': 0.1}",55.953,inf,53.961,55.961
518,TT1,10.0,BESTEFFORT,MISSED,cpu,49.973,"{'cpu': 1.792, 'gpu': 0.243, 'CLOUD': 0.108}",55.935,inf,53.973,55.973
519,TT1,49.0,BESTEFFORT,MISSED,cpu,49.988,"{'cpu': 2.272, 'gpu': 0.21, 'CLOUD': 0.105}",55.973,inf,53.988,55.988
520,TT1,120.0,BESTEFFORT,MISSED,gpu,50.029,"{'cpu': 1.166, 'gpu': 0.208, 'CLOUD': 0.12}",55.961,inf,54.029,56.029
521,TT1,7.0,BESTEFFORT,MISSED,gpu,50.062,"{'cpu': 1.506, 'gpu': 0.253, 'CLOUD': 0.163}",56.029,inf,54.062,56.062
522,TT1,447.0,BESTEFFORT,MISSED,cpu,50.104,"{'cpu': 1.514, 'gpu': 0.191, 'CLOUD': 0.142}",55.988,inf,54.104,56.104
523,TT1,7.0,BESTEFFORT,MISSED,cpu,50.31,"{'cpu': 1.156, 'gpu': 0.118, 'CLOUD': 0.158}",56.104,inf,54.31,56.31
524,TT1,7.0,BESTEFFORT,XCOMPLETED,gpu,50.425,"{'cpu': 1.248, 'gpu': 0.248, 'CLOUD': 0.199}",56.062,56.309999999999995,54.425,56.425
525,TT1,512.0,BESTEFFORT,XCOMPLETED,gpu,50.539,"{'cpu': 1.759, 'gpu': 0.11, 'CLOUD': 0.151}",56.309999999999995,56.419999999999995,54.539,56.539
526,TT1,6.0,BESTEFFORT,MISSED,cpu,50.55,"{'cpu': 1.145, 'gpu': 0.262, 'CLOUD': 0.134}",56.31,inf,54.55,56.55
527,TT1,512.0,BESTEFFORT,MISSED,gpu,50.575,"{'cpu': 2.204, 'gpu': 0.172, 'CLOUD': 0.134}",56.419999999999995,inf,54.575,56.575
528,TT1,126.0,BESTEFFORT,MISSED,cpu,50.647,"{'cpu': 2.118, 'gpu': 0.231, 'CLOUD': 0.177}",56.55,inf,54.647,56.647
529,TT1,559.0,BESTEFFORT,MISSED,gpu,50.698,"{'cpu': 2.233, 'gpu': 0.194, 'CLOUD': 0.126}",56.575,inf,54.698,56.698
530,TT1,90.0,BESTEFFORT,MISSED,gpu,50.705,"{'cpu': 1.344, 'gpu': 0.13, 'CLOUD': 0.166}",56.698,inf,54.705,56.705
531,TT1,6.0,BESTEFFORT,MISSED,cpu,50.779,"{'cpu': 2.493, 'gpu': 0.149, 'CLOUD': 0.192}",56.647,inf,54.779,56.779
532,TT1,447.0,BESTEFFORT,MISSED,cpu,50.85,"{'cpu': 2.526, 'gpu': 0.229, 'CLOUD': 0.192}",56.779,inf,54.85,56.85
533,TT1,559.0,BESTEFFORT,MISSED,gpu,50.882,"{'cpu': 1.707, 'gpu': 0.243, 'CLOUD': 0.171}",56.705,inf,54.882,56.882
534,TT1,126.0,BESTEFFORT,MISSED,gpu,50.895,"{'cpu': 2.04, 'gpu': 0.261, 'CLOUD': 0.162}",56.882,inf,54.895,56.895
535,TT1,30.0,BESTEFFORT,MISSED,cpu,51.004,"{'cpu': 2.129, 'gpu': 0.195, 'CLOUD': 0.198}",56.85,inf,55.004,57.004
536,TT1,498.0,BESTEFFORT,MISSED,cpu,51.04,"{'cpu': 1.91, 'gpu': 0.231, 'CLOUD': 0.192}",57.004,inf,55.04,57.04
537,TT1,6.0,BESTEFFORT,MISSED,gpu,51.052,"{'cpu': 2.511, 'gpu': 0.217, 'CLOUD': 0.165}",56.895,inf,55.052,57.052
538,TT1,447.0,BESTEFFORT,MISSED,gpu,51.074,"{'cpu': 1.698, 'gpu': 0.126, 'CLOUD': 0.148}",57.052,inf,55.074,57.074
539,TT1,447.0,BESTEFFORT,MISSED,cpu,51.095,"{'cpu': 1.646, 'gpu': 0.256, 'CLOUD': 0.193}",57.04,inf,55.095,57.095
540,TT2,100.0,BESTEFFORT,MISSED,cpu,51.107,"{'cpu': 11.128, 'gpu': 1.386, 'CLOUD': 1.187}",57.04,inf,54.607,56.357
541,TT1,498.0,BESTEFFORT,MISSED,cpu,51.131,"{'cpu': 1.113, 'gpu': 0.163, 'CLOUD': 0.104}",57.095,inf,55.131,57.131
542,TT1,13.0,BESTEFFORT,MISSED,gpu,51.2,"{'cpu': 1.598, 'gpu': 0.156, 'CLOUD': 0.153}",57.074,inf,55.2,57.2
543,TT1,379.0,BESTEFFORT,MISSED,gpu,51.211,"{'cpu': 1.416, 'gpu': 0.264, 'CLOUD': 0.123}",57.2,inf,55.211,57.211
544,TT1,13.0,BESTEFFORT,MISSED,cpu,51.318,"{'cpu': 2.688, 'gpu': 0.114, 'CLOUD': 0.171}",57.131,inf,55.318,57.318
545,TT1,44.0,BESTEFFORT,MISSED,cpu,51.322,"{'cpu': 2.441, 'gpu': 0.141, 'CLOUD': 0.172}",57.318,inf,55.322,57.322
546,TT2,200.0,BESTEFFORT,MISSED,cpu,51.349,"{'cpu': 11.731, 'gpu': 1.289, 'CLOUD': 1.033}",57.713,inf,54.849,56.599
547,TT1,169.0,BESTEFFORT,MISSED,gpu,51.385,"{'cpu': 1.218, 'gpu': 0.229, 'CLOUD': 0.197}",57.211,inf,55.385,57.385
548,TT1,214.0,BESTEFFORT,MISSED,gpu,51.471,"{'cpu': 2.679, 'gpu': 0.155, 'CLOUD': 0.115}",57.385,inf,55.471,57.471
549,TT1,44.0,BESTEFFORT,MISSED,cpu,51.482,"{'cpu': 1.646, 'gpu': 0.175, 'CLOUD': 0.153}",57.322,inf,55.482,57.482
550,TT1,169.0,BESTEFFORT,MISSED,cpu,51.632,"{'cpu': 1.026, 'gpu': 0.137, 'CLOUD': 0.164}",57.482,inf,55.632,57.632
551,TT1,498.0,BESTEFFORT,XCOMPLETED,gpu,51.694,"{'cpu': 1.29, 'gpu': 0.213, 'CLOUD': 0.198}",57.471,57.684,55.694,57.694
552,TT1,512.0,BESTEFFORT,MISSED,gpu,51.703,"{'cpu': 1.554, 'gpu': 0.105, 'CLOUD': 0.162}",57.684,inf,55.703,57.703
553,TT1,16.0,BESTEFFORT,MISSED,cpu,51.713,"{'cpu': 2.206, 'gpu': 0.209, 'CLOUD': 0.175}",57.632,inf,55.713,57.713
554,TT1,6.0,BESTEFFORT,MISSED,gpu,51.735,"{'cpu': 2.003, 'gpu': 0.168, 'CLOUD': 0.107}",57.703,inf,55.735,57.735
555,TT1,498.0,BESTEFFORT,MISSED,gpu,51.949,"{'cpu': 1.018, 'gpu': 0.264, 'CLOUD': 0.163}",57.735,inf,55.949,57.949
556,TT1,7.0,BESTEFFORT,MISSED,cpu,51.963,"{'cpu': 2.4, 'gpu': 0.263, 'CLOUD': 0.179}",57.713,inf,55.963,57.963
557,TT1,379.0,BESTEFFORT,MISSED,cpu,52.053,"{'cpu': 2.335, 'gpu': 0.216, 'CLOUD': 0.159}",57.963,inf,56.053,58.053
558,TT1,7.0,BESTEFFORT,MISSED,gpu,52.081,"{'cpu': 2.33, 'gpu': 0.247, 'CLOUD': 0.129}",57.949,inf,56.081,58.081
559,TT1,387.0,BESTEFFORT,MISSED,gpu,52.173,"{'cpu': 1.063, 'gpu': 0.213, 'CLOUD': 0.171}",58.081,inf,56.173,58.173
560,TT1,6.0,BESTEFFORT,MISSED,cpu,52.293,"{'cpu': 1.788, 'gpu': 0.224, 'CLOUD': 0.163}",58.053,inf,56.293,58.293
561,TT1,13.0,BESTEFFORT,MISSED,cpu,52.335,"{'cpu': 2.206, 'gpu': 0.183, 'CLOUD': 0.129}",58.293,inf,56.335,58.335
562,TT2,278.0,BESTEFFORT,MISSED,cpu,52.508,"{'cpu': 13.368, 'gpu': 1.373, 'CLOUD': 1.07}",58.66,inf,56.008,57.758
563,TT1,7.0,BESTEFFORT,XCOMPLETED,gpu,52.542,"{'cpu': 1.173, 'gpu': 0.258, 'CLOUD': 0.107}",58.173,58.431000000000004,56.542,58.542
564,TT1,30.0,BESTEFFORT,MISSED,gpu,52.611,"{'cpu': 1.982, 'gpu': 0.221, 'CLOUD': 0.194}",58.431000000000004,inf,56.611,58.611
565,TT1,126.0,BESTEFFORT,MISSED,cpu,52.66,"{'cpu': 1.296, 'gpu': 0.154, 'CLOUD': 0.165}",58.335,inf,56.66,58.66
566,TT1,95.0,BESTEFFORT,MISSED,gpu,52.72,"{'cpu': 1.561, 'gpu': 0.228, 'CLOUD': 0.108}",58.611,inf,56.72,58.72
567,TT1,13.0,BESTEFFORT,MISSED,cpu,52.731,"{'cpu': 1.762, 'gpu': 0.201, 'CLOUD': 0.17}",58.734,inf,56.731,58.731
568,TT1,44.0,BESTEFFORT,MISSED,gpu,52.732,"{'cpu': 2.04, 'gpu': 0.252, 'CLOUD': 0.197}",58.72,inf,56.732,58.732
569,TT1,512.0,BESTEFFORT,MISSED,cpu,52.734,"{'cpu': 1.818, 'gpu': 0.102, 'CLOUD': 0.197}",58.66,inf,56.734,58.734
570,TT1,7.0,BESTEFFORT,MISSED,gpu,52.799,"{'cpu': 1.705, 'gpu': 0.157, 'CLOUD': 0.134}",58.732,inf,56.799,58.799
571,TT1,512.0,BESTEFFORT,MISSED,gpu,52.873,"{'cpu': 2.327, 'gpu': 0.118, 'CLOUD': 0.141}",58.799,inf,56.873,58.873
572,TT1,16.0,BESTEFFORT,MISSED,cpu,52.875,"{'cpu': 2.5, 'gpu': 0.225, 'CLOUD': 0.102}",58.734,inf,56.875,58.875
573,TT2,263.0,BESTEFFORT,MISSED,gpu,52.913,"{'cpu': 12.952, 'gpu': 1.476, 'CLOUD': 1.002}",59.029,inf,56.413,58.163
574,TT1,90.0,BESTEFFORT,MISSED,cpu,52.916,"{'cpu': 2.159, 'gpu': 0.199, 'CLOUD': 0.165}",58.875,inf,56.916,58.916
575,TT1,146.0,BESTEFFORT,MISSED,gpu,52.931,"{'cpu': 1.231, 'gpu': 0.208, 'CLOUD': 0.184}",58.873,inf,56.931,58.931
576,TT1,95.0,BESTEFFORT,MISSED,gpu,53.029,"{'cpu': 1.416, 'gpu': 0.129, 'CLOUD': 0.15}",58.931,inf,57.029,59.029
577,TT1,512.0,BESTEFFORT,MISSED,cpu,53.035,"{'cpu': 1.235, 'gpu': 0.216, 'CLOUD': 0.134}",58.916,inf,57.035,59.035
578,TT1,103.0,BESTEFFORT,MISSED,cpu,53.135,"{'cpu': 2.555, 'gpu': 0.126, 'CLOUD': 0.165}",59.035,inf,57.135,59.135
579,TT2,90.0,BESTEFFORT,MISSED,cpu,53.136,"{'cpu': 14.861, 'gpu': 1.231, 'CLOUD': 1.142}",59.547,inf,56.636,58.386
580,TT1,95.0,BESTEFFORT,MISSED,gpu,53.179,"{'cpu': 1.731, 'gpu': 0.218, 'CLOUD': 0.194}",59.029,inf,57.179,59.179
581,TT1,7.0,BESTEFFORT,MISSED,gpu,53.238,"{'cpu': 2.58, 'gpu': 0.218, 'CLOUD': 0.103}",59.179,inf,57.238,59.238
582,TT1,214.0,BESTEFFORT,MISSED,cpu,53.246,"{'cpu': 1.286, 'gpu': 0.109, 'CLOUD': 0.181}",59.135,inf,57.246,59.246
583,TT1,7.0,BESTEFFORT,MISSED,cpu,53.256,"{'cpu': 2.26, 'gpu': 0.238, 'CLOUD': 0.107}",59.246,inf,57.256,59.256
584,TT1,7.0,BESTEFFORT,MISSED,gpu,53.298,"{'cpu': 1.129, 'gpu': 0.156, 'CLOUD': 0.12}",59.238,inf,57.298,59.298
585,TT1,169.0,BESTEFFORT,MISSED,gpu,53.345,"{'cpu': 2.671, 'gpu': 0.241, 'CLOUD': 0.18}",59.298,inf,57.345,59.345
586,TT1,49.0,BESTEFFORT,MISSED,cpu,53.353,"{'cpu': 2.441, 'gpu': 0.149, 'CLOUD': 0.158}",59.256,inf,57.353,59.353
587,TT1,126.0,BESTEFFORT,MISSED,cpu,53.386,"{'cpu': 1.086, 'gpu': 0.163, 'CLOUD': 0.119}",59.353,inf,57.386,59.386
588,TT1,126.0,BESTEFFORT,MISSED,gpu,53.414,"{'cpu': 1.148, 'gpu': 0.203, 'CLOUD': 0.129}",59.345,inf,57.414,59.414
589,TT1,7.0,BESTEFFORT,MISSED,gpu,53.417,"{'cpu': 1.71, 'gpu': 0.122, 'CLOUD': 0.142}",59.414,inf,57.417,59.417
590,TT1,103.0,BESTEFFORT,MISSED,cpu,53.497,"{'cpu': 1.276, 'gpu': 0.211, 'CLOUD': 0.194}",59.386,inf,57.497,59.497
591,TT1,157.0,BESTEFFORT,MISSED,cpu,53.547,"{'cpu': 2.322, 'gpu': 0.254, 'CLOUD': 0.194}",59.497,inf,57.547,59.547
592,TT1,44.0,BESTEFFORT,XCOMPLETED,gpu,53.572,"{'cpu': 2.695, 'gpu': 0.142, 'CLOUD': 0.161}",59.417,59.559000000000005,57.572,59.572
593,TT1,13.0,BESTEFFORT,MISSED,gpu,53.578,"{'cpu': 2.631, 'gpu': 0.244, 'CLOUD': 0.133}",59.559000000000005,inf,57.578,59.578
594,TT1,379.0,BESTEFFORT,MISSED,cpu,53.595,"{'cpu': 1.411, 'gpu': 0.16, 'CLOUD': 0.139}",59.547,inf,57.595,59.595
595,TT1,16.0,BESTEFFORT,MISSED,cpu,53.655,"{'cpu': 2.198, 'gpu': 0.255, 'CLOUD': 0.11}",59.595,inf,57.655,59.655
596,TT1,169.0,BESTEFFORT,MISSED,gpu,53.668,"{'cpu': 1.792, 'gpu': 0.136, 'CLOUD': 0.145}",59.578,inf,57.668,59.668
597,TT1,146.0,BESTEFFORT,MISSED,gpu,53.687,"{'cpu': 1.269, 'gpu': 0.244, 'CLOUD': 0.177}",59.668,inf,57.687,59.687
598,TT1,447.0,BESTEFFORT,MISSED,cpu,53.821,"{'cpu': 1.526, 'gpu': 0.124, 'CLOUD': 0.194}",59.655,inf,57.821,59.821
599,TT1,30.0,BESTEFFORT,MISSED,cpu,53.892,"{'cpu': 1.535, 'gpu': 0.129, 'CLOUD': 0.141}",59.821,inf,57.892,59.892
600,TT1,379.0,BESTEFFORT,XCOMPLETED,gpu,54.057,"{'cpu': 2.5, 'gpu': 0.267, 'CLOUD': 0.117}",59.687,59.954,58.057,60.057
601,TT1,28.0,BESTEFFORT,XCOMPLETED,gpu,54.071,"{'cpu': 1.416, 'gpu': 0.102, 'CLOUD': 0.143}",59.954,60.056,58.071,60.071
602,TT1,6.0,BESTEFFORT,MISSED,cpu,54.081,"{'cpu': 2.123, 'gpu': 0.223, 'CLOUD': 0.108}",59.892,inf,58.081,60.081
603,TT2,171.0,BESTEFFORT,MISSED,cpu,54.09,"{'cpu': 14.861, 'gpu': 1.31, 'CLOUD': 1.182}",59.892,inf,57.59,59.34
604,TT1,28.0,BESTEFFORT,MISSED,cpu,54.127,"{'cpu': 2.251, 'gpu': 0.223, 'CLOUD': 0.124}",60.081,inf,58.127,60.127
605,TT1,10.0,BESTEFFORT,MISSED,gpu,54.15,"{'cpu': 2.68, 'gpu': 0.156, 'CLOUD': 0.164}",60.056,inf,58.15,60.15
606,TT1,90.0,BESTEFFORT,MISSED,gpu,54.167,"{'cpu': 1.347, 'gpu': 0.215, 'CLOUD': 0.151}",60.15,inf,58.167,60.167
607,TT1,59.0,BESTEFFORT,MISSED,cpu,54.202,"{'cpu': 1.29, 'gpu': 0.114, 'CLOUD': 0.141}",60.127,inf,58.202,60.202
608,TT1,7.0,BESTEFFORT,MISSED,cpu,54.239,"{'cpu': 2.463, 'gpu': 0.205, 'CLOUD': 0.177}",60.202,inf,58.239,60.239
609,TT1,49.0,BESTEFFORT,MISSED,gpu,54.264,"{'cpu': 2.713, 'gpu': 0.176, 'CLOUD': 0.132}",60.167,inf,58.264,60.264
610,TT1,146.0,BESTEFFORT,MISSED,gpu,54.294,"{'cpu': 1.643, 'gpu': 0.213, 'CLOUD': 0.19}",60.264,inf,58.294,60.294
611,TT1,512.0,BESTEFFORT,MISSED,cpu,54.333,"{'cpu': 1.164, 'gpu': 0.198, 'CLOUD': 0.185}",60.239,inf,58.333,60.333
612,TT1,90.0,BESTEFFORT,MISSED,cpu,54.396,"{'cpu': 2.459, 'gpu': 0.187, 'CLOUD': 0.137}",60.333,inf,58.396,60.396
613,TT1,498.0,BESTEFFORT,XCOMPLETED,gpu,54.401,"{'cpu': 2.422, 'gpu': 0.106, 'CLOUD': 0.181}",60.294,60.4,58.401,60.401
614,TT1,49.0,BESTEFFORT,MISSED,gpu,54.525,"{'cpu': 1.971, 'gpu': 0.195, 'CLOUD': 0.159}",60.4,inf,58.525,60.525
615,TT1,90.0,BESTEFFORT,MISSED,cpu,54.601,"{'cpu': 1.268, 'gpu': 0.238, 'CLOUD': 0.143}",60.396,inf,58.601,60.601
616,TT1,447.0,BESTEFFORT,MISSED,cpu,54.646,"{'cpu': 2.569, 'gpu': 0.111, 'CLOUD': 0.136}",60.601,inf,58.646,60.646
617,TT1,7.0,BESTEFFORT,XCOMPLETED,gpu,54.795,"{'cpu': 1.22, 'gpu': 0.156, 'CLOUD': 0.148}",60.525,60.681,58.795,60.795
618,TT1,6.0,BESTEFFORT,XCOMPLETED,gpu,54.915,"{'cpu': 1.641, 'gpu': 0.155, 'CLOUD': 0.187}",60.681,60.836,58.915,60.915
619,TT1,30.0,BESTEFFORT,MISSED,cpu,54.924,"{'cpu': 1.537, 'gpu': 0.14, 'CLOUD': 0.102}",60.646,inf,58.924,60.924
620,TT2,151.0,BESTEFFORT,MISSED,cpu,54.928,"{'cpu': 11.387, 'gpu': 1.443, 'CLOUD': 1.167}",60.924,inf,58.428,60.178
621,TT1,120.0,BESTEFFORT,MISSED,gpu,54.981,"{'cpu': 1.072, 'gpu': 0.229, 'CLOUD': 0.111}",60.836,inf,58.981,60.981
622,TT1,379.0,BESTEFFORT,MISSED,gpu,54.989,"{'cpu': 1.47, 'gpu': 0.205, 'CLOUD': 0.118}",60.981,inf,58.989,60.989
623,TT1,6.0,BESTEFFORT,MISSED,cpu,54.999,"{'cpu': 2.204, 'gpu': 0.261, 'CLOUD': 0.112}",60.924,inf,58.999,60.999
624,TT2,103.0,BESTEFFORT,MISSED,cpu,55.039,"{'cpu': 12.163, 'gpu': 1.329, 'CLOUD': 1.153}",60.924,inf,58.539,60.289
625,TT1,7.0,BESTEFFORT,MISSED,cpu,55.08,"{'cpu': 1.408, 'gpu': 0.198, 'CLOUD': 0.162}",60.999,inf,59.08,61.08
626,TT1,16.0,BESTEFFORT,XCOMPLETED,gpu,55.244,"{'cpu': 2.614, 'gpu': 0.158, 'CLOUD': 0.113}",60.989,61.147,59.244,61.244
627,TT1,6.0,BESTEFFORT,MISSED,gpu,55.295,"{'cpu': 1.964, 'gpu': 0.237, 'CLOUD': 0.172}",61.147,inf,59.295,61.295
628,TT1,512.0,BESTEFFORT,MISSED,cpu,55.35,"{'cpu': 1.974, 'gpu': 0.136, 'CLOUD': 0.132}",61.08,inf,59.35,61.35
629,TT1,169.0,BESTEFFORT,MISSED,cpu,55.406,"{'cpu': 2.492, 'gpu': 0.198, 'CLOUD': 0.177}",61.35,inf,59.406,61.406
630,TT1,49.0,BESTEFFORT,XCOMPLETED,gpu,55.435,"{'cpu': 1.211, 'gpu': 0.124, 'CLOUD': 0.185}",61.295,61.419000000000004,59.435,61.435
631,TT1,13.0,BESTEFFORT,MISSED,gpu,55.532,"{'cpu': 1.854, 'gpu': 0.124, 'CLOUD': 0.176}",61.419000000000004,inf,59.532,61.532
632,TT1,7.0,BESTEFFORT,MISSED,cpu,55.652,"{'cpu': 1.324, 'gpu': 0.138, 'CLOUD': 0.189}",61.406,inf,59.652,61.652
633,TT1,59.0,BESTEFFORT,MISSED,cpu,55.653,"{'cpu': 1.792, 'gpu': 0.17, 'CLOUD': 0.186}",61.652,inf,59.653,61.653
634,TT1,7.0,BESTEFFORT,XCOMPLETED,gpu,55.688,"{'cpu': 1.554, 'gpu': 0.12, 'CLOUD': 0.127}",61.532,61.651999999999994,59.688,61.688
635,TT1,7.0,BESTEFFORT,MISSED,gpu,55.704,"{'cpu': 1.459, 'gpu': 0.258, 'CLOUD': 0.103}",61.651999999999994,inf,59.704,61.704
636,TT1,28.0,BESTEFFORT,MISSED,gpu,55.768,"{'cpu': 1.14, 'gpu': 0.121, 'CLOUD': 0.172}",61.704,inf,59.768,61.768
637,TT1,16.0,BESTEFFORT,MISSED,cpu,55.807,"{'cpu': 1.733, 'gpu': 0.145, 'CLOUD': 0.192}",61.653,inf,59.807,61.807
638,TT1,6.0,BESTEFFORT,MISSED,cpu,55.955,"{'cpu': 1.625, 'gpu': 0.201, 'CLOUD': 0.157}",61.807,inf,59.955,61.955
639,TT1,90.0,BESTEFFORT,XCOMPLETED,gpu,56.039,"{'cpu': 1.832, 'gpu': 0.188, 'CLOUD': 0.122}",61.768,61.956,60.039,62.039
640,TT1,44.0,BESTEFFORT,MISSED,gpu,56.042,"{'cpu': 1.238, 'gpu': 0.241, 'CLOUD': 0.154}",61.956,inf,60.042,62.042
641,TT2,141.0,BESTEFFORT,MISSED,cpu,56.102,"{'cpu': 13.878, 'gpu': 1.431, 'CLOUD': 1.073}",62.165,inf,59.602,61.352
642,TT1,90.0,BESTEFFORT,MISSED,cpu,56.165,"{'cpu': 1.391, 'gpu': 0.134, 'CLOUD': 0.18}",61.955,inf,60.165,62.165
643,TT1,6.0,BESTEFFORT,XCOMPLETED,gpu,56.217,"{'cpu': 1.958, 'gpu': 0.137, 'CLOUD': 0.197}",62.042,62.179,60.217,62.217
644,TT1,30.0,BESTEFFORT,MISSED,gpu,56.231,"{'cpu': 2.518, 'gpu': 0.176, 'CLOUD': 0.198}",62.179,inf,60.231,62.231
645,TT2,134.0,BESTEFFORT,MISSED,cpu,56.235,"{'cpu': 12.584, 'gpu': 1.473, 'CLOUD': 1.106}",62.165,inf,59.735,61.485
646,TT1,44.0,BESTEFFORT,MISSED,cpu,56.274,"{'cpu': 1.323, 'gpu': 0.233, 'CLOUD': 0.154}",62.165,inf,60.274,62.274
647,TT1,13.0,BESTEFFORT,MISSED,cpu,56.292,"{'cpu': 1.026, 'gpu': 0.197, 'CLOUD': 0.178}",62.274,inf,60.292,62.292
648,TT1,447.0,BESTEFFORT,MISSED,gpu,56.306,"{'cpu': 1.284, 'gpu': 0.149, 'CLOUD': 0.134}",62.231,inf,60.306,62.306
649,TT1,6.0,BESTEFFORT,MISSED,gpu,56.318,"{'cpu': 1.459, 'gpu': 0.126, 'CLOUD': 0.194}",62.306,inf,60.318,62.318
650,TT1,146.0,BESTEFFORT,MISSED,cpu,56.333,"{'cpu': 2.159, 'gpu': 0.133, 'CLOUD': 0.164}",62.292,inf,60.333,62.333
651,TT1,6.0,BESTEFFORT,MISSED,cpu,56.343,"{'cpu': 1.786, 'gpu': 0.152, 'CLOUD': 0.131}",62.333,inf,60.343,62.343
652,TT1,157.0,BESTEFFORT,MISSED,gpu,56.356,"{'cpu': 1.91, 'gpu': 0.116, 'CLOUD': 0.131}",62.318,inf,60.356,62.356
653,TT1,44.0,BESTEFFORT,MISSED,gpu,56.357,"{'cpu': 1.89, 'gpu': 0.131, 'CLOUD': 0.17}",62.356,inf,60.357,62.357
654,TT1,10.0,BESTEFFORT,MISSED,cpu,56.466,"{'cpu': 1.284, 'gpu': 0.235, 'CLOUD': 0.171}",62.343,inf,60.466,62.466
655,TT1,90.0,BESTEFFORT,MISSED,cpu,56.481,"{'cpu': 2.363, 'gpu': 0.142, 'CLOUD': 0.173}",62.466,inf,60.481,62.481
656,TT1,559.0,BESTEFFORT,MISSED,gpu,56.527,"{'cpu': 1.171, 'gpu': 0.199, 'CLOUD': 0.16}",62.357,inf,60.527,62.527
657,TT1,49.0,BESTEFFORT,MISSED,gpu,56.649,"{'cpu': 2.428, 'gpu': 0.215, 'CLOUD': 0.19}",62.527,inf,60.649,62.649
658,TT1,512.0,BESTEFFORT,MISSED,cpu,56.665,"{'cpu': 1.647, 'gpu': 0.2, 'CLOUD': 0.107}",62.481,inf,60.665,62.665
659,TT1,559.0,BESTEFFORT,MISSED,cpu,56.676,"{'cpu': 1.367, 'gpu': 0.152, 'CLOUD': 0.105}",62.665,inf,60.676,62.676
660,TT1,95.0,BESTEFFORT,MISSED,gpu,56.704,"{'cpu': 1.003, 'gpu': 0.214, 'CLOUD': 0.197}",62.649,inf,60.704,62.704
661,TT1,90.0,BESTEFFORT,MISSED,gpu,56.881,"{'cpu': 2.381, 'gpu': 0.246, 'CLOUD': 0.164}",62.704,inf,60.881,62.881
662,TT1,7.0,BESTEFFORT,MISSED,cpu,56.923,"{'cpu': 1.705, 'gpu': 0.269, 'CLOUD': 0.192}",62.676,inf,60.923,62.923
663,TT2,24.0,BESTEFFORT,MISSED,cpu,57.002,"{'cpu': 12.975, 'gpu': 1.205, 'CLOUD': 1.12}",63.272,inf,60.502,62.252
664,TT1,387.0,BESTEFFORT,MISSED,cpu,57.219,"{'cpu': 1.8, 'gpu': 0.256, 'CLOUD': 0.144}",62.923,inf,61.219,63.219
665,TT1,90.0,BESTEFFORT,XCOMPLETED,gpu,57.244,"{'cpu': 2.58, 'gpu': 0.193, 'CLOUD': 0.121}",62.881,63.074,61.244,63.244
666,TT1,49.0,BESTEFFORT,MISSED,gpu,57.254,"{'cpu': 2.267, 'gpu': 0.252, 'CLOUD': 0.105}",63.074,inf,61.254,63.254
667,TT1,7.0,BESTEFFORT,MISSED,cpu,57.272,"{'cpu': 2.327, 'gpu': 0.137, 'CLOUD': 0.137}",63.219,inf,61.272,63.272
668,TT1,498.0,BESTEFFORT,MISSED,gpu,57.395,"{'cpu': 2.422, 'gpu': 0.193, 'CLOUD': 0.142}",63.254,inf,61.395,63.395
669,TT1,6.0,BESTEFFORT,MISSED,gpu,57.399,"{'cpu': 2.543, 'gpu': 0.198, 'CLOUD': 0.126}",63.395,inf,61.399,63.399
670,TT1,7.0,BESTEFFORT,MISSED,cpu,57.409,"{'cpu': 2.025, 'gpu': 0.185, 'CLOUD': 0.142}",63.272,inf,61.409,63.409
671,TT1,7.0,BESTEFFORT,MISSED,cpu,57.432,"{'cpu': 2.07, 'gpu': 0.249, 'CLOUD': 0.157}",63.409,inf,61.432,63.432
672,TT1,169.0,BESTEFFORT,MISSED,gpu,57.474,"{'cpu': 1.517, 'gpu': 0.254, 'CLOUD': 0.134}",63.399,inf,61.474,63.474
673,TT1,7.0,BESTEFFORT,XCOMPLETED,gpu,57.599,"{'cpu': 2.327, 'gpu': 0.103, 'CLOUD': 0.183}",63.474,63.577,61.599,63.599
674,TT1,13.0,BESTEFFORT,MISSED,cpu,57.673,"{'cpu': 1.746, 'gpu': 0.241, 'CLOUD': 0.187}",63.432,inf,61.673,63.673
675,TT1,214.0,BESTEFFORT,MISSED,cpu,57.733,"{'cpu': 2.059, 'gpu': 0.247, 'CLOUD': 0.18}",63.673,inf,61.733,63.733
676,TT2,67.0,BESTEFFORT,MISSED,cpu,57.757,"{'cpu': 12.401, 'gpu': 1.092, 'CLOUD': 1.139}",63.733,inf,61.257,63.007
677,TT1,512.0,BESTEFFORT,XCOMPLETED,gpu,57.762,"{'cpu': 2.421, 'gpu': 0.116, 'CLOUD': 0.194}",63.577,63.693,61.762,63.762
678,TT1,7.0,BESTEFFORT,MISSED,gpu,57.822,"{'cpu': 1.507, 'gpu': 0.261, 'CLOUD': 0.135}",63.693,inf,61.822,63.822
679,TT1,44.0,BESTEFFORT,MISSED,gpu,57.854,"{'cpu': 2.532, 'gpu': 0.253, 'CLOUD': 0.173}",63.822,inf,61.854,63.854
680,TT1,120.0,BESTEFFORT,MISSED,cpu,57.983,"{'cpu': 1.333, 'gpu': 0.166, 'CLOUD': 0.2}",63.733,inf,61.983,63.983
681,TT1,126.0,BESTEFFORT,MISSED,cpu,58.071,"{'cpu': 2.506, 'gpu': 0.149, 'CLOUD': 0.135}",63.983,inf,62.071,64.071
682,TT1,44.0,BESTEFFORT,XCOMPLETED,gpu,58.13,"{'cpu': 2.153, 'gpu': 0.148, 'CLOUD': 0.101}",63.854,64.002,62.13,64.13
683,TT1,7.0,BESTEFFORT,MISSED,gpu,58.147,"{'cpu': 2.355, 'gpu': 0.15, 'CLOUD': 0.151}",64.002,inf,62.147,64.14699999999999
684,TT1,6.0,BESTEFFORT,MISSED,cpu,58.163,"{'cpu': 1.844, 'gpu': 0.226, 'CLOUD': 0.175}",64.071,inf,62.163,64.163
685,TT2,249.0,BESTEFFORT,MISSED,cpu,58.207,"{'cpu': 10.99, 'gpu': 1.291, 'CLOUD': 1.04}",64.53,inf,61.707,63.457
686,TT1,30.0,BESTEFFORT,MISSED,gpu,58.231,"{'cpu': 1.705, 'gpu': 0.14, 'CLOUD': 0.152}",64.14699999999999,inf,62.231,64.231
687,TT1,6.0,BESTEFFORT,MISSED,cpu,58.386,"{'cpu': 1.392, 'gpu': 0.128, 'CLOUD': 0.124}",64.163,inf,62.386,64.386
688,TT1,10.0,BESTEFFORT,XCOMPLETED,gpu,58.477,"{'cpu': 1.375, 'gpu': 0.184, 'CLOUD': 0.16}",64.231,64.41499999999999,62.477,64.477
689,TT1,13.0,BESTEFFORT,MISSED,cpu,58.53,"{'cpu': 1.062, 'gpu': 0.224, 'CLOUD': 0.183}",64.386,inf,62.53,64.53
690,TT1,379.0,BESTEFFORT,MISSED,gpu,58.533,"{'cpu': 2.268, 'gpu': 0.181, 'CLOUD': 0.188}",64.41499999999999,inf,62.533,64.533
691,TT1,157.0,BESTEFFORT,MISSED,gpu,58.541,"{'cpu': 1.156, 'gpu': 0.264, 'CLOUD': 0.19}",64.533,inf,62.541,64.541
692,TT1,387.0,BESTEFFORT,MISSED,cpu,58.655,"{'cpu': 1.463, 'gpu': 0.158, 'CLOUD': 0.171}",64.53,inf,62.655,64.655
693,TT1,7.0,BESTEFFORT,MISSED,cpu,58.708,"{'cpu': 1.818, 'gpu': 0.23, 'CLOUD': 0.146}",64.655,inf,62.708,64.708
694,TT1,6.0,BESTEFFORT,XCOMPLETED,gpu,58.717,"{'cpu': 2.669, 'gpu': 0.144, 'CLOUD': 0.117}",64.541,64.685,62.717,64.717
695,TT1,498.0,BESTEFFORT,XCOMPLETED,gpu,58.838,"{'cpu': 1.093, 'gpu': 0.148, 'CLOUD': 0.109}",64.685,64.833,62.838,64.838
696,TT1,13.0,BESTEFFORT,MISSED,cpu,58.862,"{'cpu': 1.744, 'gpu': 0.22, 'CLOUD': 0.161}",64.708,inf,62.862,64.862
697,TT2,160.0,BESTEFFORT,MISSED,cpu,58.895,"{'cpu': 14.672, 'gpu': 1.034, 'CLOUD': 1.012}",65.14699999999999,inf,62.395,64.14500000000001
698,TT1,120.0,BESTEFFORT,MISSED,gpu,58.983,"{'cpu': 1.407, 'gpu': 0.238, 'CLOUD': 0.116}",64.833,inf,62.983,64.983
699,TT1,90.0,BESTEFFORT,MISSED,cpu,59.147,"{'cpu': 2.411, 'gpu': 0.253, 'CLOUD': 0.107}",64.862,inf,63.147,65.14699999999999
700,TT1,169.0,BESTEFFORT,MISSED,gpu,59.166,"{'cpu': 1.625, 'gpu': 0.256, 'CLOUD': 0.147}",64.983,inf,63.166,65.166
701,TT2,174.0,BESTEFFORT,MISSED,cpu,59.3,"{'cpu': 11.947, 'gpu': 1.179, 'CLOUD': 1.105}",65.14699999999999,inf,62.8,64.55
702,TT1,30.0,BESTEFFORT,MISSED,gpu,59.367,"{'cpu': 2.334, 'gpu': 0.216, 'CLOUD': 0.163}",65.166,inf,63.367,65.36699999999999
703,TT1,447.0,BESTEFFORT,MISSED,cpu,59.372,"{'cpu': 1.1, 'gpu': 0.254, 'CLOUD': 0.102}",65.14699999999999,inf,63.372,65.372
704,TT1,16.0,BESTEFFORT,MISSED,cpu,59.565,"{'cpu': 1.401, 'gpu': 0.184, 'CLOUD': 0.158}",65.372,inf,63.565,65.565
705,TT1,157.0,BESTEFFORT,XCOMPLETED,gpu,59.589,"{'cpu': 2.613, 'gpu': 0.138, 'CLOUD': 0.187}",65.36699999999999,65.505,63.589,65.589
706,TT1,120.0,BESTEFFORT,MISSED,gpu,59.593,"{'cpu': 1.147, 'gpu': 0.237, 'CLOUD': 0.189}",65.505,inf,63.593,65.593
707,TT1,44.0,BESTEFFORT,MISSED,cpu,59.698,"{'cpu': 2.422, 'gpu': 0.213, 'CLOUD': 0.137}",65.565,inf,63.698,65.69800000000001
708,TT1,214.0,BESTEFFORT,XCOMPLETED,gpu,59.886,"{'cpu': 1.952, 'gpu': 0.166, 'CLOUD': 0.125}",65.593,65.759,63.886,65.886
709,TT1,28.0,BESTEFFORT,MISSED,cpu,59.954,"{'cpu': 1.506, 'gpu': 0.198, 'CLOUD': 0.194}",65.69800000000001,inf,63.954,65.95400000000001
710,TT1,7.0,BESTEFFORT,XCOMPLETED,gpu,59.975,"{'cpu': 2.381, 'gpu': 0.143, 'CLOUD': 0.14}",65.759,65.902,63.975,65.975
711,TT2,228.0,BESTEFFORT,MISSED,cpu,59.976,"{'cpu': 12.925, 'gpu': 1.258, 'CLOUD': 1.056}",65.95400000000001,inf,63.476,65.226
712,TT1,447.0,BESTEFFORT,MISSED,gpu,60.012,"{'cpu': 1.407, 'gpu': 0.254, 'CLOUD': 0.166}",65.902,inf,64.012,66.012
713,TT1,28.0,BESTEFFORT,MISSED,gpu,60.019,"{'cpu': 2.254, 'gpu': 0.175, 'CLOUD': 0.132}",66.012,inf,64.019,66.019
714,TT1,90.0,BESTEFFORT,MISSED,cpu,60.056,"{'cpu': 1.939, 'gpu': 0.158, 'CLOUD': 0.2}",65.95400000000001,inf,64.056,66.056
715,TT1,44.0,BESTEFFORT,MISSED,cpu,60.058,"{'cpu': 2.096, 'gpu': 0.196, 'CLOUD': 0.17}",66.056,inf,64.05799999999999,66.05799999999999
716,TT2,125.0,BESTEFFORT,MISSED,gpu,60.163,"{'cpu': 10.5, 'gpu': 1.048, 'CLOUD': 1.133}",66.217,inf,63.663,65.413
717,TT1,157.0,BESTEFFORT,MISSED,gpu,60.217,"{'cpu': 2.044, 'gpu': 0.254, 'CLOUD': 0.182}",66.019,inf,64.217,66.217
718,TT2,118.0,BESTEFFORT,MISSED,cpu,60.242,"{'cpu': 13.031, 'gpu': 1.28, 'CLOUD': 1.051}",66.05799999999999,inf,63.742,65.49199999999999
719,TT1,157.0,BESTEFFORT,MISSED,cpu,60.353,"{'cpu': 1.572, 'gpu': 0.218, 'CLOUD': 0.145}",66.555,inf,64.35300000000001,66.35300000000001
720,TT2,124.0,BESTEFFORT,MISSED,cpu,60.467,"{'cpu': 11.142, 'gpu': 1.436, 'CLOUD': 1.062}",66.05799999999999,inf,63.967,65.717
721,TT1,7.0,BESTEFFORT,MISSED,cpu,60.555,"{'cpu': 2.65, 'gpu': 0.26, 'CLOUD': 0.199}",66.05799999999999,inf,64.555,66.555
722,TT1,7.0,BESTEFFORT,XCOMPLETED,gpu,60.654,"{'cpu': 2.223, 'gpu': 0.167, 'CLOUD': 0.102}",66.354,66.521,64.654,66.654
723,TT1,6.0,BESTEFFORT,XCOMPLETED,gpu,60.738,"{'cpu': 1.382, 'gpu': 0.137, 'CLOUD': 0.196}",66.217,66.354,64.738,66.738
724,TT1,169.0,BESTEFFORT,XCOMPLETED,gpu,60.899,"{'cpu': 2.32, 'gpu': 0.201, 'CLOUD': 0.199}",66.521,66.722,64.899,66.899
725,TT1,7.0,BESTEFFORT,XCOMPLETED,gpu,60.996,"{'cpu': 1.786, 'gpu': 0.268, 'CLOUD': 0.111}",66.722,66.99,64.99600000000001,66.99600000000001
726,TT1,90.0,BESTEFFORT,MISSED,cpu,61.01,"{'cpu': 1.376, 'gpu': 0.229, 'CLOUD': 0.114}",66.555,inf,65.00999999999999,67.00999999999999
727,TT1,44.0,BESTEFFORT,MISSED,cpu,61.099,"{'cpu': 1.694, 'gpu': 0.207, 'CLOUD': 0.128}",67.00999999999999,inf,65.09899999999999,67.09899999999999
728,TT1,559.0,BESTEFFORT,XCOMPLETED,gpu,61.225,"{'cpu': 1.909, 'gpu': 0.191, 'CLOUD': 0.178}",66.99,67.181,65.225,67.225
729,TT1,95.0,BESTEFFORT,MISSED,cpu,61.357,"{'cpu': 1.961, 'gpu': 0.156, 'CLOUD': 0.107}",67.09899999999999,inf,65.357,67.357
730,TT1,44.0,BESTEFFORT,XCOMPLETED,gpu,61.37,"{'cpu': 2.4, 'gpu': 0.131, 'CLOUD': 0.139}",67.181,67.312,65.37,67.37
731,TT1,559.0,BESTEFFORT,MISSED,cpu,61.436,"{'cpu': 1.941, 'gpu': 0.18, 'CLOUD': 0.166}",67.357,inf,65.436,67.436
732,TT1,103.0,BESTEFFORT,MISSED,gpu,61.456,"{'cpu': 2.453, 'gpu': 0.214, 'CLOUD': 0.116}",67.312,inf,65.456,67.456
733,TT2,203.0,BESTEFFORT,MISSED,cpu,61.495,"{'cpu': 14.159, 'gpu': 1.436, 'CLOUD': 1.087}",67.769,inf,64.995,66.745
734,TT1,30.0,BESTEFFORT,MISSED,gpu,61.536,"{'cpu': 1.734, 'gpu': 0.24, 'CLOUD': 0.142}",67.456,inf,65.536,67.536
735,TT1,6.0,BESTEFFORT,MISSED,cpu,61.769,"{'cpu': 2.416, 'gpu': 0.225, 'CLOUD': 0.159}",67.436,inf,65.769,67.769
736,TT1,146.0,BESTEFFORT,XCOMPLETED,gpu,61.842,"{'cpu': 2.325, 'gpu': 0.185, 'CLOUD': 0.147}",67.536,67.721,65.842,67.842
737,TT1,214.0,BESTEFFORT,MISSED,gpu,61.875,"{'cpu': 1.289, 'gpu': 0.163, 'CLOUD': 0.154}",67.899,inf,65.875,67.875
738,TT1,214.0,BESTEFFORT,XCOMPLETED,gpu,61.95,"{'cpu': 2.021, 'gpu': 0.178, 'CLOUD': 0.126}",67.721,67.899,65.95,67.95
739,TT1,10.0,BESTEFFORT,MISSED,cpu,62.045,"{'cpu': 1.546, 'gpu': 0.13, 'CLOUD': 0.188}",67.769,inf,66.045,68.045
740,TT1,169.0,BESTEFFORT,MISSED,cpu,62.053,"{'cpu': 1.153, 'gpu': 0.138, 'CLOUD': 0.125}",68.045,inf,66.053,68.053
741,TT1,387.0,BESTEFFORT,MISSED,gpu,62.108,"{'cpu': 2.482, 'gpu': 0.219, 'CLOUD': 0.195}",67.899,inf,66.108,68.108
742,TT1,146.0,BESTEFFORT,MISSED,gpu,62.145,"{'cpu': 1.081, 'gpu': 0.11, 'CLOUD': 0.125}",68.108,inf,66.14500000000001,68.14500000000001
743,TT1,13.0,BESTEFFORT,MISSED,cpu,62.156,"{'cpu': 1.048, 'gpu': 0.11, 'CLOUD': 0.143}",68.053,inf,66.156,68.156
744,TT1,7.0,BESTEFFORT,MISSED,cpu,62.246,"{'cpu': 1.643, 'gpu': 0.217, 'CLOUD': 0.177}",68.156,inf,66.24600000000001,68.24600000000001
745,TT1,95.0,BESTEFFORT,XCOMPLETED,gpu,62.258,"{'cpu': 2.024, 'gpu': 0.102, 'CLOUD': 0.131}",68.14500000000001,68.24700000000001,66.25800000000001,68.25800000000001
746,TT2,184.0,BESTEFFORT,MISSED,gpu,62.273,"{'cpu': 13.685, 'gpu': 1.209, 'CLOUD': 1.166}",68.24700000000001,inf,65.773,67.523
747,TT2,141.0,BESTEFFORT,MISSED,cpu,62.301,"{'cpu': 15.04, 'gpu': 1.326, 'CLOUD': 1.033}",68.24600000000001,inf,65.801,67.551
748,TT1,146.0,BESTEFFORT,MISSED,cpu,62.311,"{'cpu': 1.763, 'gpu': 0.192, 'CLOUD': 0.133}",68.24600000000001,inf,66.311,68.311
749,TT1,214.0,BESTEFFORT,MISSED,gpu,62.358,"{'cpu': 1.269, 'gpu': 0.179, 'CLOUD': 0.135}",68.46700000000001,inf,66.358,68.358
750,TT1,126.0,BESTEFFORT,MISSED,cpu,62.564,"{'cpu': 1.311, 'gpu': 0.207, 'CLOUD': 0.167}",68.311,inf,66.564,68.564
751,TT1,44.0,BESTEFFORT,XCOMPLETED,gpu,62.569,"{'cpu': 2.502, 'gpu': 0.22, 'CLOUD': 0.177}",68.24700000000001,68.46700000000001,66.569,68.569
752,TT2,197.0,BESTEFFORT,MISSED,cpu,62.573,"{'cpu': 13.051, 'gpu': 1.202, 'CLOUD': 1.053}",68.75,inf,66.07300000000001,67.82300000000001
753,TT1,498.0,BESTEFFORT,MISSED,cpu,62.663,"{'cpu': 1.744, 'gpu': 0.203, 'CLOUD': 0.178}",68.564,inf,66.663,68.663
754,TT1,214.0,BESTEFFORT,XCOMPLETED,gpu,62.687,"{'cpu': 1.161, 'gpu': 0.198, 'CLOUD': 0.129}",68.46700000000001,68.665,66.687,68.687
755,TT1,49.0,BESTEFFORT,MISSED,gpu,62.694,"{'cpu': 2.069, 'gpu': 0.143, 'CLOUD': 0.143}",68.665,inf,66.694,68.694
756,TT1,512.0,BESTEFFORT,MISSED,cpu,62.75,"{'cpu': 1.601, 'gpu': 0.141, 'CLOUD': 0.144}",68.663,inf,66.75,68.75
757,TT1,146.0,BESTEFFORT,MISSED,gpu,62.881,"{'cpu': 1.997, 'gpu': 0.238, 'CLOUD': 0.102}",68.694,inf,66.881,68.881
758,TT1,28.0,BESTEFFORT,MISSED,cpu,63.061,"{'cpu': 2.38, 'gpu': 0.255, 'CLOUD': 0.109}",68.75,inf,67.061,69.061
759,TT1,13.0,BESTEFFORT,XCOMPLETED,gpu,63.148,"{'cpu': 1.13, 'gpu': 0.101, 'CLOUD': 0.116}",68.881,68.982,67.148,69.148
760,TT1,7.0,BESTEFFORT,MISSED,cpu,63.166,"{'cpu': 1.647, 'gpu': 0.215, 'CLOUD': 0.145}",69.061,inf,67.166,69.166
761,TT1,10.0,BESTEFFORT,MISSED,gpu,63.214,"{'cpu': 2.115, 'gpu': 0.255, 'CLOUD': 0.155}",68.982,inf,67.214,69.214
762,TT1,7.0,BESTEFFORT,MISSED,gpu,63.234,"{'cpu': 1.289, 'gpu': 0.214, 'CLOUD': 0.159}",69.214,inf,67.23400000000001,69.23400000000001
763,TT2,122.0,BESTEFFORT,MISSED,cpu,63.334,"{'cpu': 10.495, 'gpu': 1.172, 'CLOUD': 1.0}",69.33500000000001,inf,66.834,68.584
764,TT1,103.0,BESTEFFORT,MISSED,cpu,63.335,"{'cpu': 1.452, 'gpu': 0.114, 'CLOUD': 0.169}",69.166,inf,67.33500000000001,69.33500000000001
765,TT2,143.0,BESTEFFORT,MISSED,gpu,63.356,"{'cpu': 11.803, 'gpu': 1.286, 'CLOUD': 1.016}",69.23400000000001,inf,66.856,68.606
766,TT1,559.0,BESTEFFORT,MISSED,gpu,63.375,"{'cpu': 2.306, 'gpu': 0.132, 'CLOUD': 0.108}",69.373,inf,67.375,69.375
767,TT1,169.0,BESTEFFORT,XCOMPLETED,gpu,63.383,"{'cpu': 1.625, 'gpu': 0.139, 'CLOUD': 0.104}",69.23400000000001,69.373,67.38300000000001,69.38300000000001
768,TT1,6.0,BESTEFFORT,MISSED,cpu,63.396,"{'cpu': 2.632, 'gpu': 0.184, 'CLOUD': 0.103}",69.33500000000001,inf,67.396,69.396
769,TT2,117.0,BESTEFFORT,MISSED,cpu,63.402,"{'cpu': 13.825, 'gpu': 1.201, 'CLOUD': 1.05}",69.396,inf,66.902,68.652
770,TT2,173.0,BESTEFFORT,MISSED,gpu,63.492,"{'cpu': 11.819, 'gpu': 1.388, 'CLOUD': 1.035}",69.375,inf,66.99199999999999,68.74199999999999
771,TT1,512.0,BESTEFFORT,MISSED,gpu,63.562,"{'cpu': 1.679, 'gpu': 0.205, 'CLOUD': 0.147}",69.517,inf,67.562,69.562
772,TT1,6.0,BESTEFFORT,XCOMPLETED,gpu,63.566,"{'cpu': 1.269, 'gpu': 0.142, 'CLOUD': 0.147}",69.375,69.517,67.566,69.566
773,TT2,130.0,BESTEFFORT,MISSED,cpu,63.58,"{'cpu': 13.217, 'gpu': 1.289, 'CLOUD': 1.182}",69.396,inf,67.08,68.83
774,TT1,30.0,BESTEFFORT,MISSED,cpu,63.677,"{'cpu': 1.045, 'gpu': 0.153, 'CLOUD': 0.104}",69.396,inf,67.67699999999999,69.67699999999999
775,TT1,447.0,BESTEFFORT,MISSED,cpu,63.758,"{'cpu': 1.59, 'gpu': 0.163, 'CLOUD': 0.139}",69.67699999999999,inf,67.75800000000001,69.75800000000001
776,TT1,120.0,BESTEFFORT,XCOMPLETED,gpu,63.781,"{'cpu': 1.521, 'gpu': 0.205, 'CLOUD': 0.119}",69.562,69.767,67.781,69.781
777,TT1,387.0,BESTEFFORT,MISSED,gpu,63.858,"{'cpu': 1.008, 'gpu': 0.101, 'CLOUD': 0.17}",69.767,inf,67.858,69.858
778,TT1,6.0,BESTEFFORT,MISSED,cpu,63.943,"{'cpu': 1.469, 'gpu': 0.216, 'CLOUD': 0.164}",69.75800000000001,inf,67.943,69.943
779,TT1,44.0,BESTEFFORT,MISSED,cpu,63.999,"{'cpu': 1.045, 'gpu': 0.126, 'CLOUD': 0.166}",69.943,inf,67.999,69.999
780,TT1,447.0,BESTEFFORT,MISSED,gpu,64.067,"{'cpu': 2.01, 'gpu': 0.24, 'CLOUD': 0.104}",69.858,inf,68.067,70.067
781,TT1,6.0,BESTEFFORT,MISSED,gpu,64.096,"{'cpu': 1.973, 'gpu': 0.255, 'CLOUD': 0.15}",70.067,inf,68.096,70.096
782,TT1,28.0,BESTEFFORT,MISSED,cpu,64.129,"{'cpu': 2.718, 'gpu': 0.166, 'CLOUD': 0.135}",69.999,inf,68.129,70.129
783,TT2,266.0,BESTEFFORT,MISSED,cpu,64.176,"{'cpu': 14.135, 'gpu': 1.337, 'CLOUD': 1.007}",70.129,inf,67.676,69.426
784,TT1,387.0,BESTEFFORT,MISSED,gpu,64.265,"{'cpu': 1.464, 'gpu': 0.261, 'CLOUD': 0.2}",70.096,inf,68.265,70.265
785,TT1,30.0,BESTEFFORT,MISSED,gpu,64.353,"{'cpu': 1.898, 'gpu': 0.191, 'CLOUD': 0.143}",70.265,inf,68.353,70.353
786,TT2,293.0,BESTEFFORT,MISSED,cpu,64.431,"{'cpu': 14.965, 'gpu': 1.263, 'CLOUD': 1.139}",70.129,inf,67.931,69.681
787,TT1,169.0,BESTEFFORT,MISSED,cpu,64.448,"{'cpu': 1.223, 'gpu': 0.103, 'CLOUD': 0.122}",70.129,inf,68.448,70.448
788,TT1,498.0,BESTEFFORT,MISSED,cpu,64.463,"{'cpu': 2.265, 'gpu': 0.254, 'CLOUD': 0.153}",70.448,inf,68.463,70.463
789,TT1,7.0,BESTEFFORT,MISSED,gpu,64.518,"{'cpu': 2.01, 'gpu': 0.253, 'CLOUD': 0.129}",70.353,inf,68.518,70.518
790,TT2,80.0,BESTEFFORT,MISSED,cpu,64.545,"{'cpu': 12.828, 'gpu': 1.046, 'CLOUD': 1.004}",70.734,inf,68.045,69.795
791,TT1,59.0,BESTEFFORT,MISSED,gpu,64.576,"{'cpu': 2.372, 'gpu': 0.147, 'CLOUD': 0.155}",70.518,inf,68.576,70.576
792,TT1,6.0,BESTEFFORT,MISSED,cpu,64.714,"{'cpu': 2.631, 'gpu': 0.264, 'CLOUD': 0.191}",70.463,inf,68.714,70.714
793,TT1,7.0,BESTEFFORT,MISSED,cpu,64.734,"{'cpu': 2.453, 'gpu': 0.117, 'CLOUD': 0.167}",70.714,inf,68.734,70.734
794,TT1,512.0,BESTEFFORT,XCOMPLETED,gpu,64.895,"{'cpu': 1.084, 'gpu': 0.248, 'CLOUD': 0.174}",70.576,70.824,68.895,70.895
795,TT1,498.0,BESTEFFORT,MISSED,gpu,64.896,"{'cpu': 1.324, 'gpu': 0.2, 'CLOUD': 0.17}",70.824,inf,68.896,70.896
796,TT1,44.0,BESTEFFORT,MISSED,cpu,64.975,"{'cpu': 1.086, 'gpu': 0.25, 'CLOUD': 0.145}",70.734,inf,68.975,70.975
797,TT1,28.0,BESTEFFORT,MISSED,cpu,65.045,"{'cpu': 1.932, 'gpu': 0.193, 'CLOUD': 0.1}",70.975,inf,69.045,71.045
798,TT1,59.0,BESTEFFORT,MISSED,gpu,65.13,"{'cpu': 1.463, 'gpu': 0.255, 'CLOUD': 0.192}",70.896,inf,69.13,71.13
799,TT1,7.0,BESTEFFORT,MISSED,gpu,65.159,"{'cpu': 1.218, 'gpu': 0.181, 'CLOUD': 0.125}",71.13,inf,69.159,71.159
800,TT1,13.0,BESTEFFORT,MISSED,cpu,65.422,"{'cpu': 2.513, 'gpu': 0.231, 'CLOUD': 0.136}",71.045,inf,69.422,71.422
801,TT1,6.0,BESTEFFORT,XCOMPLETED,gpu,65.466,"{'cpu': 1.763, 'gpu': 0.115, 'CLOUD': 0.2}",71.159,71.274,69.466,71.466
802,TT2,172.0,BESTEFFORT,MISSED,cpu,65.638,"{'cpu': 13.222, 'gpu': 1.491, 'CLOUD': 1.186}",71.422,inf,69.138,70.888
803,TT1,126.0,BESTEFFORT,XCOMPLETED,gpu,65.674,"{'cpu': 1.045, 'gpu': 0.259, 'CLOUD': 0.102}",71.274,71.533,69.674,71.674
804,TT1,169.0,BESTEFFORT,MISSED,gpu,65.712,"{'cpu': 2.384, 'gpu': 0.208, 'CLOUD': 0.125}",71.533,inf,69.712,71.712
805,TT1,126.0,BESTEFFORT,MISSED,cpu,65.835,"{'cpu': 1.818, 'gpu': 0.221, 'CLOUD': 0.1}",71.422,inf,69.835,71.835
806,TT2,131.0,BESTEFFORT,MISSED,gpu,65.967,"{'cpu': 10.126, 'gpu': 1.341, 'CLOUD': 1.03}",71.712,inf,69.467,71.217
807,TT2,119.0,BESTEFFORT,MISSED,cpu,65.967,"{'cpu': 14.887, 'gpu': 1.209, 'CLOUD': 1.157}",71.835,inf,69.467,71.217
808,TT1,16.0,BESTEFFORT,XCOMPLETED,gpu,66.154,"{'cpu': 2.222, 'gpu': 0.165, 'CLOUD': 0.128}",71.906,72.07100000000001,70.154,72.154
809,TT1,120.0,BESTEFFORT,XCOMPLETED,gpu,66.202,"{'cpu': 2.222, 'gpu': 0.194, 'CLOUD': 0.114}",71.712,71.906,70.202,72.202
810,TT1,44.0,BESTEFFORT,MISSED,cpu,66.422,"{'cpu': 2.681, 'gpu': 0.206, 'CLOUD': 0.182}",71.835,inf,70.422,72.422
811,TT1,169.0,BESTEFFORT,MISSED,cpu,66.438,"{'cpu': 1.746, 'gpu': 0.211, 'CLOUD': 0.159}",72.422,inf,70.438,72.438
812,TT1,7.0,BESTEFFORT,XCOMPLETED,gpu,66.448,"{'cpu': 1.215, 'gpu': 0.176, 'CLOUD': 0.178}",72.07100000000001,72.24700000000001,70.448,72.448
813,TT1,7.0,BESTEFFORT,XCOMPLETED,gpu,66.614,"{'cpu': 2.403, 'gpu': 0.172, 'CLOUD': 0.173}",72.24700000000001,72.41900000000001,70.614,72.614
814,TT1,157.0,BESTEFFORT,MISSED,gpu,66.66,"{'cpu': 1.844, 'gpu': 0.254, 'CLOUD': 0.1}",72.41900000000001,inf,70.66,72.66
815,TT1,103.0,BESTEFFORT,MISSED,gpu,66.801,"{'cpu': 2.58, 'gpu': 0.157, 'CLOUD': 0.102}",72.66,inf,70.801,72.801
816,TT1,30.0,BESTEFFORT,MISSED,cpu,66.832,"{'cpu': 2.268, 'gpu': 0.166, 'CLOUD': 0.175}",72.438,inf,70.832,72.832
817,TT1,120.0,BESTEFFORT,MISSED,cpu,66.918,"{'cpu': 2.677, 'gpu': 0.103, 'CLOUD': 0.13}",72.832,inf,70.918,72.918
818,TT1,120.0,BESTEFFORT,MISSED,gpu,66.968,"{'cpu': 1.993, 'gpu': 0.224, 'CLOUD': 0.132}",72.801,inf,70.968,72.968
819,TT1,126.0,BESTEFFORT,MISSED,gpu,67.059,"{'cpu': 1.796, 'gpu': 0.23, 'CLOUD': 0.172}",72.968,inf,71.059,73.059
820,TT1,498.0,BESTEFFORT,MISSED,cpu,67.094,"{'cpu': 2.135, 'gpu': 0.199, 'CLOUD': 0.136}",72.918,inf,71.094,73.094
821,TT2,149.0,BESTEFFORT,MISSED,cpu,67.114,"{'cpu': 11.603, 'gpu': 1.329, 'CLOUD': 1.035}",73.094,inf,70.614,72.364
822,TT1,28.0,BESTEFFORT,MISSED,gpu,67.211,"{'cpu': 2.45, 'gpu': 0.248, 'CLOUD': 0.165}",73.059,inf,71.211,73.211
823,TT1,44.0,BESTEFFORT,MISSED,gpu,67.252,"{'cpu': 2.653, 'gpu': 0.226, 'CLOUD': 0.105}",73.211,inf,71.252,73.252
824,TT1,7.0,BESTEFFORT,MISSED,cpu,67.281,"{'cpu': 2.278, 'gpu': 0.173, 'CLOUD': 0.197}",73.094,inf,71.281,73.281
825,TT1,387.0,BESTEFFORT,MISSED,cpu,67.471,"{'cpu': 1.22, 'gpu': 0.267, 'CLOUD': 0.188}",73.281,inf,71.471,73.471
826,TT2,187.0,BESTEFFORT,MISSED,cpu,67.518,"{'cpu': 14.145, 'gpu': 1.274, 'CLOUD': 1.151}",73.471,inf,71.018,72.768
827,TT1,44.0,BESTEFFORT,XCOMPLETED,gpu,67.698,"{'cpu': 2.542, 'gpu': 0.169, 'CLOUD': 0.164}",73.252,73.42099999999999,71.698,73.698
828,TT1,157.0,BESTEFFORT,XCOMPLETED,gpu,67.728,"{'cpu': 2.003, 'gpu': 0.253, 'CLOUD': 0.162}",73.42099999999999,73.67399999999999,71.728,73.728
829,TT2,190.0,BESTEFFORT,MISSED,gpu,67.758,"{'cpu': 11.445, 'gpu': 1.029, 'CLOUD': 1.195}",73.67399999999999,inf,71.258,73.008
830,TT1,103.0,BESTEFFORT,MISSED,cpu,67.884,"{'cpu': 2.552, 'gpu': 0.156, 'CLOUD': 0.139}",73.916,inf,71.884,73.884
831,TT1,157.0,BESTEFFORT,MISSED,cpu,67.916,"{'cpu': 2.129, 'gpu': 0.224, 'CLOUD': 0.199}",73.471,inf,71.916,73.916
832,TT2,250.0,BESTEFFORT,MISSED,cpu,67.931,"{'cpu': 12.401, 'gpu': 1.262, 'CLOUD': 1.139}",73.916,inf,71.431,73.181
833,TT1,59.0,BESTEFFORT,XCOMPLETED,gpu,67.943,"{'cpu': 1.204, 'gpu': 0.107, 'CLOUD': 0.174}",73.67399999999999,73.78099999999999,71.943,73.943
834,TT1,157.0,BESTEFFORT,XCOMPLETED,gpu,67.999,"{'cpu': 1.143, 'gpu': 0.154, 'CLOUD': 0.165}",73.78099999999999,73.93499999999999,71.999,73.999
835,TT1,44.0,BESTEFFORT,XCOMPLETED,gpu,68.096,"{'cpu': 1.882, 'gpu': 0.116, 'CLOUD': 0.161}",73.93499999999999,74.05099999999999,72.096,74.096
836,TT1,16.0,BESTEFFORT,MISSED,cpu,68.241,"{'cpu': 1.505, 'gpu': 0.207, 'CLOUD': 0.133}",73.916,inf,72.241,74.241
837,TT2,180.0,BESTEFFORT,MISSED,cpu,68.247,"{'cpu': 10.828, 'gpu': 1.335, 'CLOUD': 1.053}",74.241,inf,71.747,73.497
838,TT1,157.0,BESTEFFORT,XCOMPLETED,gpu,68.318,"{'cpu': 1.617, 'gpu': 0.213, 'CLOUD': 0.119}",74.05099999999999,74.26399999999998,72.318,74.318
839,TT1,6.0,BESTEFFORT,MISSED,gpu,68.372,"{'cpu': 2.099, 'gpu': 0.203, 'CLOUD': 0.176}",74.26399999999998,inf,72.372,74.372
840,TT1,157.0,BESTEFFORT,MISSED,cpu,68.451,"{'cpu': 2.108, 'gpu': 0.193, 'CLOUD': 0.118}",74.241,inf,72.451,74.451
841,TT1,59.0,BESTEFFORT,MISSED,cpu,68.487,"{'cpu': 2.495, 'gpu': 0.209, 'CLOUD': 0.118}",74.451,inf,72.487,74.487
842,TT1,559.0,BESTEFFORT,MISSED,gpu,68.5,"{'cpu': 2.264, 'gpu': 0.144, 'CLOUD': 0.139}",74.372,inf,72.5,74.5
843,TT2,226.0,BESTEFFORT,MISSED,cpu,68.58,"{'cpu': 14.295, 'gpu': 1.069, 'CLOUD': 1.023}",74.487,inf,72.08,73.83
844,TT1,49.0,BESTEFFORT,MISSED,gpu,68.676,"{'cpu': 2.278, 'gpu': 0.24, 'CLOUD': 0.191}",74.5,inf,72.676,74.676
845,TT2,133.0,BESTEFFORT,MISSED,cpu,68.95,"{'cpu': 10.361, 'gpu': 1.166, 'CLOUD': 1.122}",74.487,inf,72.45,74.2
846,TT1,7.0,BESTEFFORT,MISSED,cpu,68.987,"{'cpu': 2.338, 'gpu': 0.196, 'CLOUD': 0.137}",74.487,inf,72.987,74.987
847,TT1,169.0,BESTEFFORT,MISSED,cpu,69.07,"{'cpu': 2.04, 'gpu': 0.123, 'CLOUD': 0.191}",74.987,inf,73.07,75.07
848,TT1,103.0,BESTEFFORT,XCOMPLETED,gpu,69.076,"{'cpu': 2.032, 'gpu': 0.11, 'CLOUD': 0.123}",74.676,74.786,73.076,75.076
849,TT1,379.0,BESTEFFORT,XCOMPLETED,gpu,69.145,"{'cpu': 2.511, 'gpu': 0.206, 'CLOUD': 0.105}",74.786,74.992,73.145,75.145
850,TT2,168.0,BESTEFFORT,MISSED,cpu,69.33,"{'cpu': 10.139, 'gpu': 1.475, 'CLOUD': 1.053}",75.07,inf,72.83,74.58
851,TT1,49.0,BESTEFFORT,XCOMPLETED,gpu,69.592,"{'cpu': 2.004, 'gpu': 0.129, 'CLOUD': 0.17}",74.992,75.12100000000001,73.592,75.592
852,TT1,559.0,BESTEFFORT,XCOMPLETED,gpu,69.641,"{'cpu': 1.973, 'gpu': 0.104, 'CLOUD': 0.129}",75.12100000000001,75.22500000000001,73.641,75.641
853,TT1,6.0,BESTEFFORT,MISSED,cpu,69.698,"{'cpu': 1.656, 'gpu': 0.241, 'CLOUD': 0.128}",75.699,inf,73.698,75.698
854,TT1,44.0,BESTEFFORT,MISSED,cpu,69.699,"{'cpu': 2.244, 'gpu': 0.179, 'CLOUD': 0.114}",75.07,inf,73.699,75.699
855,TT1,90.0,BESTEFFORT,XCOMPLETED,gpu,69.769,"{'cpu': 1.356, 'gpu': 0.189, 'CLOUD': 0.194}",75.22500000000001,75.414,73.769,75.769
856,TT2,263.0,BESTEFFORT,MISSED,cpu,70.076,"{'cpu': 10.672, 'gpu': 1.464, 'CLOUD': 1.039}",75.699,inf,73.576,75.326
857,TT1,559.0,BESTEFFORT,XCOMPLETED,gpu,70.4,"{'cpu': 2.025, 'gpu': 0.148, 'CLOUD': 0.13}",75.414,75.562,74.4,76.4
858,TT1,28.0,BESTEFFORT,XCOMPLETED,gpu,70.972,"{'cpu': 2.542, 'gpu': 0.14, 'CLOUD': 0.141}",75.562,75.702,74.972,76.972
859,TT1,7.0,BESTEFFORT,XCOMPLETED,gpu,70.98,"{'cpu': 1.733, 'gpu': 0.136, 'CLOUD': 0.124}",75.702,75.838,74.98,76.98
860,TT2,171.0,BESTEFFORT,MISSED,cpu,71.116,"{'cpu': 10.701, 'gpu': 1.465, 'CLOUD': 1.033}",75.699,inf,74.616,76.366
861,TT1,512.0,BESTEFFORT,MISSED,cpu,71.261,"{'cpu': 2.497, 'gpu': 0.228, 'CLOUD': 0.13}",76.366,inf,75.261,77.261
862,TT2,226.0,BESTEFFORT,MISSED,gpu,71.301,"{'cpu': 15.035, 'gpu': 1.008, 'CLOUD': 1.097}",77.364,inf,74.801,76.551
863,TT1,90.0,BESTEFFORT,XCOMPLETED,gpu,71.444,"{'cpu': 1.252, 'gpu': 0.25, 'CLOUD': 0.157}",75.838,76.088,75.444,77.444
864,TT2,109.0,BESTEFFORT,MISSED,gpu,71.471,"{'cpu': 12.634, 'gpu': 1.271, 'CLOUD': 1.149}",76.088,inf,74.971,76.721
865,TT1,30.0,BESTEFFORT,XCOMPLETED,gpu,71.515,"{'cpu': 2.541, 'gpu': 0.188, 'CLOUD': 0.108}",76.721,76.909,75.515,77.515
866,TT1,6.0,BESTEFFORT,MISSED,cpu,71.64,"{'cpu': 2.692, 'gpu': 0.134, 'CLOUD': 0.101}",77.261,inf,75.64,77.64
867,TT1,512.0,BESTEFFORT,XCOMPLETED,gpu,71.681,"{'cpu': 1.027, 'gpu': 0.156, 'CLOUD': 0.152}",76.909,77.06500000000001,75.681,77.681
868,TT1,16.0,BESTEFFORT,XCOMPLETED,gpu,71.877,"{'cpu': 1.02, 'gpu': 0.103, 'CLOUD': 0.129}",77.06500000000001,77.168,75.877,77.877
869,TT1,6.0,BESTEFFORT,XCOMPLETED,gpu,71.923,"{'cpu': 1.252, 'gpu': 0.196, 'CLOUD': 0.122}",77.168,77.364,75.923,77.923
870,TT2,40.0,BESTEFFORT,MISSED,cpu,71.997,"{'cpu': 12.812, 'gpu': 1.328, 'CLOUD': 1.017}",77.64,inf,75.497,77.247
871,TT1,44.0,BESTEFFORT,XCOMPLETED,gpu,72.065,"{'cpu': 2.416, 'gpu': 0.104, 'CLOUD': 0.155}",77.519,77.623,76.065,78.065
872,TT1,498.0,BESTEFFORT,XCOMPLETED,gpu,72.122,"{'cpu': 1.78, 'gpu': 0.155, 'CLOUD': 0.142}",77.364,77.519,76.122,78.122
873,TT1,157.0,BESTEFFORT,MISSED,cpu,72.206,"{'cpu': 2.087, 'gpu': 0.179, 'CLOUD': 0.151}",77.915,inf,76.206,78.206
874,TT1,13.0,BESTEFFORT,XCOMPLETED,gpu,72.254,"{'cpu': 2.497, 'gpu': 0.111, 'CLOUD': 0.104}",77.623,77.73400000000001,76.254,78.254
875,TT1,169.0,BESTEFFORT,XCOMPLETED,gpu,72.358,"{'cpu': 2.118, 'gpu': 0.228, 'CLOUD': 0.145}",77.73400000000001,77.962,76.358,78.358
876,TT2,241.0,BESTEFFORT,MISSED,cpu,72.506,"{'cpu': 11.206, 'gpu': 1.211, 'CLOUD': 1.006}",77.64,inf,76.006,77.756
877,TT2,232.0,BESTEFFORT,MISSED,cpu,72.529,"{'cpu': 10.497, 'gpu': 1.258, 'CLOUD': 1.18}",77.756,inf,76.029,77.779
878,TT1,126.0,BESTEFFORT,XCOMPLETED,gpu,72.618,"{'cpu': 1.807, 'gpu': 0.183, 'CLOUD': 0.194}",77.962,78.14500000000001,76.618,78.618
879,TT2,134.0,BESTEFFORT,MISSED,cpu,72.665,"{'cpu': 15.035, 'gpu': 1.345, 'CLOUD': 1.116}",77.779,inf,76.165,77.915
880,TT1,512.0,BESTEFFORT,MISSED,cpu,72.991,"{'cpu': 2.254, 'gpu': 0.215, 'CLOUD': 0.177}",78.206,inf,76.991,78.991
881,TT1,157.0,BESTEFFORT,XCOMPLETED,gpu,72.999,"{'cpu': 2.502, 'gpu': 0.209, 'CLOUD': 0.154}",78.14500000000001,78.35400000000001,76.999,78.999
882,TT1,157.0,BESTEFFORT,XCOMPLETED,gpu,73.142,"{'cpu': 1.385, 'gpu': 0.146, 'CLOUD': 0.122}",78.35400000000001,78.50000000000001,77.142,79.142
883,TT1,7.0,BESTEFFORT,MISSED,cpu,73.258,"{'cpu': 1.898, 'gpu': 0.163, 'CLOUD': 0.18}",78.991,inf,77.258,79.258
884,TT1,7.0,BESTEFFORT,XCOMPLETED,gpu,73.476,"{'cpu': 1.82, 'gpu': 0.228, 'CLOUD': 0.121}",78.50000000000001,78.72800000000001,77.476,79.476
885,TT1,7.0,BESTEFFORT,XCOMPLETED,gpu,73.541,"{'cpu': 1.78, 'gpu': 0.116, 'CLOUD': 0.124}",78.72800000000001,78.84400000000001,77.541,79.541
886,TT2,172.0,BESTEFFORT,MISSED,cpu,73.552,"{'cpu': 12.732, 'gpu': 1.027, 'CLOUD': 1.049}",79.258,inf,77.052,78.802
887,TT1,28.0,BESTEFFORT,XCOMPLETED,gpu,73.56,"{'cpu': 2.676, 'gpu': 0.154, 'CLOUD': 0.159}",78.84400000000001,78.998,77.56,79.56
888,TT1,7.0,BESTEFFORT,XCOMPLETED,gpu,73.763,"{'cpu': 2.183, 'gpu': 0.126, 'CLOUD': 0.186}",78.998,79.12400000000001,77.763,79.763
889,TT1,7.0,BESTEFFORT,XCOMPLETED,gpu,73.999,"{'cpu': 2.164, 'gpu': 0.264, 'CLOUD': 0.101}",79.12400000000001,79.388,77.999,79.999
890,TT1,387.0,BESTEFFORT,XCOMPLETED,gpu,74.011,"{'cpu': 1.619, 'gpu': 0.118, 'CLOUD': 0.196}",79.388,79.506,78.011,80.011
891,TT1,7.0,BESTEFFORT,MISSED,cpu,74.203,"{'cpu': 1.353, 'gpu': 0.216, 'CLOUD': 0.183}",79.258,inf,78.203,80.203
892,TT1,498.0,BESTEFFORT,MISSED,cpu,74.232,"{'cpu': 1.407, 'gpu': 0.143, 'CLOUD': 0.108}",80.203,inf,78.232,80.232
893,TT1,90.0,BESTEFFORT,XCOMPLETED,gpu,74.423,"{'cpu': 1.754, 'gpu': 0.191, 'CLOUD': 0.19}",79.506,79.697,78.423,80.423
894,TT2,101.0,BESTEFFORT,MISSED,gpu,74.687,"{'cpu': 12.668, 'gpu': 1.288, 'CLOUD': 1.088}",79.697,inf,78.187,79.937
895,TT2,192.0,BESTEFFORT,MISSED,gpu,74.769,"{'cpu': 11.409, 'gpu': 1.13, 'CLOUD': 1.122}",81.79899999999999,inf,78.269,80.019
896,TT1,95.0,BESTEFFORT,XCOMPLETED,gpu,74.781,"{'cpu': 1.164, 'gpu': 0.174, 'CLOUD': 0.139}",79.937,80.111,78.781,80.781
897,TT1,214.0,BESTEFFORT,XCOMPLETED,gpu,74.983,"{'cpu': 1.351, 'gpu': 0.251, 'CLOUD': 0.123}",80.111,80.36200000000001,78.983,80.983
898,TT1,447.0,BESTEFFORT,XCOMPLETED,gpu,75.005,"{'cpu': 2.57, 'gpu': 0.123, 'CLOUD': 0.147}",80.36200000000001,80.48500000000001,79.005,81.005
899,TT1,13.0,BESTEFFORT,MISSED,cpu,75.055,"{'cpu': 1.023, 'gpu': 0.117, 'CLOUD': 0.196}",80.232,inf,79.055,81.055
900,TT1,512.0,BESTEFFORT,MISSED,cpu,75.088,"{'cpu': 1.746, 'gpu': 0.188, 'CLOUD': 0.159}",81.055,inf,79.088,81.088
901,TT1,30.0,BESTEFFORT,XCOMPLETED,gpu,75.297,"{'cpu': 1.116, 'gpu': 0.254, 'CLOUD': 0.114}",80.48500000000001,80.73900000000002,79.297,81.297
902,TT1,7.0,BESTEFFORT,XCOMPLETED,gpu,75.374,"{'cpu': 2.607, 'gpu': 0.178, 'CLOUD': 0.18}",80.73900000000002,80.91700000000002,79.374,81.374
903,TT1,559.0,BESTEFFORT,XCOMPLETED,gpu,75.586,"{'cpu': 1.822, 'gpu': 0.109, 'CLOUD': 0.128}",80.91700000000002,81.02600000000001,79.586,81.586
904,TT1,447.0,BESTEFFORT,XCOMPLETED,gpu,75.671,"{'cpu': 1.264, 'gpu': 0.238, 'CLOUD': 0.184}",81.02600000000001,81.26400000000001,79.671,81.671
905,TT1,7.0,BESTEFFORT,XCOMPLETED,gpu,75.866,"{'cpu': 2.069, 'gpu': 0.198, 'CLOUD': 0.111}",81.26400000000001,81.462,79.866,81.866
906,TT1,169.0,BESTEFFORT,MISSED,cpu,75.947,"{'cpu': 1.625, 'gpu': 0.24, 'CLOUD': 0.135}",81.088,inf,79.947,81.947
907,TT1,16.0,BESTEFFORT,MISSED,cpu,75.974,"{'cpu': 1.691, 'gpu': 0.225, 'CLOUD': 0.19}",81.947,inf,79.974,81.974
908,TT1,387.0,BESTEFFORT,XCOMPLETED,gpu,76.149,"{'cpu': 2.426, 'gpu': 0.124, 'CLOUD': 0.166}",81.462,81.586,80.149,82.149
909,TT1,169.0,BESTEFFORT,XCOMPLETED,gpu,76.212,"{'cpu': 2.58, 'gpu': 0.213, 'CLOUD': 0.162}",81.586,81.79899999999999,80.212,82.212
910,TT2,252.0,BESTEFFORT,MISSED,gpu,76.482,"{'cpu': 12.828, 'gpu': 1.092, 'CLOUD': 1.154}",81.79899999999999,inf,79.982,81.732
911,TT2,203.0,BESTEFFORT,MISSED,gpu,76.5,"{'cpu': 14.941, 'gpu': 1.148, 'CLOUD': 1.045}",81.79899999999999,inf,80.0,81.75
912,TT2,197.0,BESTEFFORT,MISSED,cpu,76.722,"{'cpu': 11.7, 'gpu': 1.464, 'CLOUD': 1.043}",81.974,inf,80.222,81.972
913,TT1,146.0,BESTEFFORT,XCOMPLETED,gpu,76.793,"{'cpu': 2.302, 'gpu': 0.211, 'CLOUD': 0.114}",81.79899999999999,82.00999999999999,80.793,82.793
914,TT1,559.0,BESTEFFORT,XCOMPLETED,gpu,76.81,"{'cpu': 1.375, 'gpu': 0.15, 'CLOUD': 0.113}",82.00999999999999,82.16,80.81,82.81
915,TT1,7.0,BESTEFFORT,MISSED,cpu,76.901,"{'cpu': 1.025, 'gpu': 0.225, 'CLOUD': 0.164}",81.974,inf,80.901,82.901
916,TT1,44.0,BESTEFFORT,MISSED,cpu,77.057,"{'cpu': 1.918, 'gpu': 0.262, 'CLOUD': 0.171}",82.901,inf,81.057,83.057
917,TT2,172.0,BESTEFFORT,MISSED,gpu,77.125,"{'cpu': 12.281, 'gpu': 1.408, 'CLOUD': 1.018}",83.12299999999999,inf,80.625,82.375
918,TT1,44.0,BESTEFFORT,XCOMPLETED,gpu,77.177,"{'cpu': 1.112, 'gpu': 0.198, 'CLOUD': 0.176}",82.16,82.35799999999999,81.177,83.177
919,TT1,6.0,BESTEFFORT,XCOMPLETED,gpu,77.184,"{'cpu': 1.672, 'gpu': 0.193, 'CLOUD': 0.19}",82.35799999999999,82.55099999999999,81.184,83.184
920,TT1,49.0,BESTEFFORT,XCOMPLETED,gpu,77.185,"{'cpu': 1.416, 'gpu': 0.206, 'CLOUD': 0.129}",82.55099999999999,82.75699999999999,81.185,83.185
921,TT1,214.0,BESTEFFORT,XCOMPLETED,gpu,77.382,"{'cpu': 2.268, 'gpu': 0.139, 'CLOUD': 0.118}",82.75699999999999,82.89599999999999,81.382,83.382
922,TT1,146.0,BESTEFFORT,XCOMPLETED,gpu,77.403,"{'cpu': 1.167, 'gpu': 0.227, 'CLOUD': 0.102}",82.89599999999999,83.12299999999999,81.403,83.403
923,TT2,130.0,BESTEFFORT,MISSED,cpu,77.449,"{'cpu': 11.094, 'gpu': 1.417, 'CLOUD': 1.102}",83.057,inf,80.949,82.699
924,TT1,10.0,BESTEFFORT,MISSED,cpu,77.527,"{'cpu': 2.492, 'gpu': 0.236, 'CLOUD': 0.154}",83.057,inf,81.527,83.527
925,TT1,512.0,BESTEFFORT,MISSED,cpu,77.661,"{'cpu': 2.265, 'gpu': 0.136, 'CLOUD': 0.13}",83.527,inf,81.661,83.661
926,TT1,103.0,BESTEFFORT,XCOMPLETED,gpu,77.735,"{'cpu': 1.581, 'gpu': 0.2, 'CLOUD': 0.168}",83.12299999999999,83.323,81.735,83.735
927,TT2,270.0,BESTEFFORT,MISSED,gpu,77.831,"{'cpu': 13.413, 'gpu': 1.307, 'CLOUD': 1.097}",83.532,inf,81.331,83.081
928,TT1,512.0,BESTEFFORT,XCOMPLETED,gpu,78.008,"{'cpu': 1.731, 'gpu': 0.209, 'CLOUD': 0.114}",83.323,83.532,82.008,84.008
929,TT2,75.0,BESTEFFORT,MISSED,cpu,78.217,"{'cpu': 13.368, 'gpu': 1.127, 'CLOUD': 1.003}",84.304,inf,81.717,83.467
930,TT1,44.0,BESTEFFORT,MISSED,cpu,78.304,"{'cpu': 2.035, 'gpu': 0.253, 'CLOUD': 0.145}",83.661,inf,82.304,84.304
931,TT1,120.0,BESTEFFORT,XCOMPLETED,gpu,78.558,"{'cpu': 1.694, 'gpu': 0.207, 'CLOUD': 0.115}",83.532,83.73899999999999,82.558,84.558
932,TT1,7.0,BESTEFFORT,XCOMPLETED,gpu,78.596,"{'cpu': 2.726, 'gpu': 0.146, 'CLOUD': 0.112}",83.73899999999999,83.88499999999999,82.596,84.596
933,TT1,59.0,BESTEFFORT,XCOMPLETED,gpu,78.673,"{'cpu': 1.571, 'gpu': 0.148, 'CLOUD': 0.13}",83.88499999999999,84.03299999999999,82.673,84.673
934,TT2,130.0,BESTEFFORT,MISSED,gpu,78.899,"{'cpu': 14.078, 'gpu': 1.108, 'CLOUD': 1.168}",84.03299999999999,inf,82.399,84.149
935,TT1,157.0,BESTEFFORT,XCOMPLETED,gpu,79.086,"{'cpu': 2.341, 'gpu': 0.109, 'CLOUD': 0.142}",84.253,84.362,83.086,85.086
936,TT1,30.0,BESTEFFORT,XCOMPLETED,gpu,79.109,"{'cpu': 2.173, 'gpu': 0.104, 'CLOUD': 0.19}",84.149,84.253,83.109,85.109
937,TT1,49.0,BESTEFFORT,XCOMPLETED,gpu,79.205,"{'cpu': 1.239, 'gpu': 0.177, 'CLOUD': 0.173}",84.362,84.539,83.205,85.205
938,TT2,198.0,BESTEFFORT,MISSED,cpu,79.209,"{'cpu': 13.166, 'gpu': 1.202, 'CLOUD': 1.118}",84.304,inf,82.709,84.459
939,TT1,7.0,BESTEFFORT,MISSED,cpu,79.402,"{'cpu': 2.545, 'gpu': 0.137, 'CLOUD': 0.1}",84.459,inf,83.402,85.402
940,TT1,90.0,BESTEFFORT,MISSED,cpu,79.416,"{'cpu': 2.159, 'gpu': 0.194, 'CLOUD': 0.174}",85.402,inf,83.416,85.416
941,TT1,559.0,BESTEFFORT,XCOMPLETED,gpu,79.791,"{'cpu': 1.399, 'gpu': 0.241, 'CLOUD': 0.121}",84.539,84.78,83.791,85.791
942,TT1,214.0,BESTEFFORT,XCOMPLETED,gpu,80.424,"{'cpu': 1.991, 'gpu': 0.262, 'CLOUD': 0.136}",84.78,85.042,84.424,86.424
943,TT2,79.0,BESTEFFORT,MISSED,gpu,80.546,"{'cpu': 14.978, 'gpu': 1.066, 'CLOUD': 1.153}",85.042,inf,84.046,85.796
944,TT2,145.0,BESTEFFORT,MISSED,cpu,80.585,"{'cpu': 14.407, 'gpu': 1.409, 'CLOUD': 1.135}",85.416,inf,84.085,85.835
945,TT1,28.0,BESTEFFORT,XCOMPLETED,gpu,80.757,"{'cpu': 2.246, 'gpu': 0.196, 'CLOUD': 0.185}",85.796,85.992,84.757,86.757
946,TT1,7.0,BESTEFFORT,XCOMPLETED,gpu,80.84,"{'cpu': 1.139, 'gpu': 0.213, 'CLOUD': 0.122}",86.185,86.398,84.84,86.84
947,TT2,189.0,BESTEFFORT,MISSED,cpu,80.843,"{'cpu': 10.236, 'gpu': 1.056, 'CLOUD': 1.0}",85.835,inf,84.343,86.093
948,TT1,7.0,BESTEFFORT,XCOMPLETED,gpu,80.86,"{'cpu': 1.691, 'gpu': 0.193, 'CLOUD': 0.151}",85.992,86.185,84.86,86.86
949,TT2,121.0,BESTEFFORT,MISSED,cpu,80.948,"{'cpu': 12.92, 'gpu': 1.144, 'CLOUD': 1.045}",86.093,inf,84.448,86.198
950,TT2,113.0,BESTEFFORT,MISSED,cpu,81.062,"{'cpu': 10.395, 'gpu': 1.112, 'CLOUD': 1.119}",86.198,inf,84.562,86.312
951,TT2,129.0,BESTEFFORT,MISSED,cpu,81.151,"{'cpu': 11.527, 'gpu': 1.118, 'CLOUD': 1.17}",86.312,inf,84.651,86.401
952,TT1,387.0,BESTEFFORT,XCOMPLETED,gpu,81.215,"{'cpu': 1.1, 'gpu': 0.198, 'CLOUD': 0.164}",86.398,86.59599999999999,85.215,87.215
953,TT1,146.0,BESTEFFORT,MISSED,cpu,81.867,"{'cpu': 1.497, 'gpu': 0.101, 'CLOUD': 0.189}",86.401,inf,85.867,87.867
954,TT2,131.0,BESTEFFORT,MISSED,cpu,82.099,"{'cpu': 14.355, 'gpu': 1.287, 'CLOUD': 1.069}",87.867,inf,85.599,87.349
955,TT2,66.0,BESTEFFORT,MISSED,gpu,82.115,"{'cpu': 13.112, 'gpu': 1.05, 'CLOUD': 1.163}",86.59599999999999,inf,85.615,87.365
956,TT1,90.0,BESTEFFORT,XCOMPLETED,gpu,82.158,"{'cpu': 1.267, 'gpu': 0.167, 'CLOUD': 0.121}",87.475,87.642,86.158,88.158
957,TT1,7.0,BESTEFFORT,XCOMPLETED,gpu,82.388,"{'cpu': 1.018, 'gpu': 0.11, 'CLOUD': 0.154}",87.365,87.475,86.388,88.388
958,TT1,103.0,BESTEFFORT,XCOMPLETED,gpu,82.755,"{'cpu': 2.706, 'gpu': 0.14, 'CLOUD': 0.127}",87.642,87.782,86.755,88.755
959,TT2,52.0,BESTEFFORT,MISSED,gpu,83.048,"{'cpu': 13.171, 'gpu': 1.358, 'CLOUD': 1.023}",87.782,inf,86.548,88.298
960,TT2,120.0,BESTEFFORT,MISSED,cpu,83.327,"{'cpu': 12.905, 'gpu': 1.152, 'CLOUD': 1.012}",87.867,inf,86.827,88.577
961,TT1,126.0,BESTEFFORT,XCOMPLETED,gpu,83.392,"{'cpu': 2.343, 'gpu': 0.263, 'CLOUD': 0.1}",88.298,88.561,87.392,89.392
962,TT2,148.0,BESTEFFORT,MISSED,cpu,83.487,"{'cpu': 13.748, 'gpu': 1.314, 'CLOUD': 1.179}",88.577,inf,86.987,88.737
963,TT2,203.0,BESTEFFORT,MISSED,cpu,83.526,"{'cpu': 10.137, 'gpu': 1.243, 'CLOUD': 1.12}",88.737,inf,87.026,88.776
964,TT1,126.0,BESTEFFORT,XCOMPLETED,gpu,84.099,"{'cpu': 1.676, 'gpu': 0.14, 'CLOUD': 0.122}",88.561,88.70100000000001,88.099,90.099
965,TT1,498.0,BESTEFFORT,XCOMPLETED,gpu,84.158,"{'cpu': 2.144, 'gpu': 0.24, 'CLOUD': 0.176}",88.70100000000001,88.941,88.158,90.158
966,TT1,28.0,BESTEFFORT,XCOMPLETED,cpu,84.524,"{'cpu': 1.087, 'gpu': 0.125, 'CLOUD': 0.178}",88.776,89.863,88.524,90.524
967,TT1,6.0,BESTEFFORT,XCOMPLETED,gpu,84.867,"{'cpu': 1.969, 'gpu': 0.216, 'CLOUD': 0.195}",88.941,89.157,88.867,90.867
968,TT1,6.0,BESTEFFORT,XCOMPLETED,cpu,85.059,"{'cpu': 1.14, 'gpu': 0.191, 'CLOUD': 0.148}",89.863,91.003,89.059,91.059
969,TT2,142.0,BESTEFFORT,XCOMPLETED,gpu,85.738,"{'cpu': 10.285, 'gpu': 1.487, 'CLOUD': 1.08}",89.335,90.82199999999999,89.238,90.988
970,TT1,146.0,BESTEFFORT,COMPLETED,gpu,85.745,"{'cpu': 1.532, 'gpu': 0.178, 'CLOUD': 0.143}",89.157,89.335,89.745,91.745
971,TT2,168.0,BESTEFFORT,MISSED,gpu,86.337,"{'cpu': 13.426, 'gpu': 1.478, 'CLOUD': 1.065}",90.82199999999999,inf,89.837,91.587
972,TT2,161.0,BESTEFFORT,MISSED,gpu,86.438,"{'cpu': 10.779, 'gpu': 1.462, 'CLOUD': 1.161}",91.587,inf,89.938,91.688
973,TT1,7.0,BESTEFFORT,XCOMPLETED,cpu,87.21,"{'cpu': 1.869, 'gpu': 0.266, 'CLOUD': 0.194}",91.003,92.872,91.21,93.21
974,TT2,168.0,BESTEFFORT,MISSED,cpu,87.248,"{'cpu': 12.775, 'gpu': 1.34, 'CLOUD': 1.002}",92.872,inf,90.748,92.498
975,TT2,185.0,BESTEFFORT,MISSED,gpu,87.375,"{'cpu': 13.253, 'gpu': 1.392, 'CLOUD': 1.099}",91.688,inf,90.875,92.625
976,TT2,175.0,BESTEFFORT,XCOMPLETED,gpu,88.79,"{'cpu': 12.525, 'gpu': 1.155, 'CLOUD': 1.082}",92.625,93.78,92.29,94.04
977,TT2,201.0,BESTEFFORT,MISSED,cpu,88.99,"{'cpu': 10.696, 'gpu': 1.357, 'CLOUD': 1.04}",92.872,inf,92.49,94.24
978,TT1,559.0,BESTEFFORT,XCOMPLETED,gpu,89.48,"{'cpu': 1.264, 'gpu': 0.27, 'CLOUD': 0.187}",93.78,94.05,93.48,95.48
979,TT2,153.0,BESTEFFORT,MISSED,cpu,89.745,"{'cpu': 11.022, 'gpu': 1.419, 'CLOUD': 1.064}",94.24,inf,93.245,94.995
980,TT1,28.0,BESTEFFORT,COMPLETED,gpu,91.343,"{'cpu': 1.8, 'gpu': 0.126, 'CLOUD': 0.191}",94.05,94.176,95.343,97.343
981,TT2,183.0,BESTEFFORT,MISSED,cpu,92.651,"{'cpu': 14.473, 'gpu': 1.376, 'CLOUD': 1.14}",94.995,inf,96.151,97.901
982,TT2,152.0,BESTEFFORT,COMPLETED,gpu,92.659,"{'cpu': 15.081, 'gpu': 1.193, 'CLOUD': 1.085}",94.176,95.369,96.159,97.909
983,TT2,104.0,BESTEFFORT,XCOMPLETED,gpu,92.771,"{'cpu': 12.782, 'gpu': 1.295, 'CLOUD': 1.193}",95.369,96.664,96.271,98.021
984,TT2,184.0,BESTEFFORT,MISSED,cpu,92.78,"{'cpu': 13.368, 'gpu': 1.028, 'CLOUD': 1.088}",97.901,inf,96.28,98.03
985,TT2,41.0,BESTEFFORT,MISSED,cpu,92.97,"{'cpu': 12.668, 'gpu': 1.287, 'CLOUD': 1.147}",98.03,inf,96.47,98.22
986,TT2,127.0,BESTEFFORT,XCOMPLETED,gpu,93.213,"{'cpu': 14.694, 'gpu': 1.373, 'CLOUD': 1.181}",96.664,98.037,96.713,98.463
987,TT2,247.0,BESTEFFORT,MISSED,gpu,93.627,"{'cpu': 10.316, 'gpu': 1.248, 'CLOUD': 1.09}",98.037,inf,97.127,98.877
988,TT2,174.0,BESTEFFORT,MISSED,cpu,93.936,"{'cpu': 11.273, 'gpu': 1.031, 'CLOUD': 1.115}",98.22,inf,97.436,99.186
989,TT2,189.0,BESTEFFORT,MISSED,cpu,94.055,"{'cpu': 14.769, 'gpu': 1.364, 'CLOUD': 1.141}",99.186,inf,97.555,99.305
990,TT2,131.0,BESTEFFORT,XCOMPLETED,gpu,94.906,"{'cpu': 14.947, 'gpu': 1.065, 'CLOUD': 1.029}",98.877,99.942,98.406,100.156
991,TT2,146.0,BESTEFFORT,MISSED,cpu,96.891,"{'cpu': 10.443, 'gpu': 1.451, 'CLOUD': 1.051}",99.305,inf,100.391,102.141
992,TT2,93.0,BESTEFFORT,XCOMPLETED,gpu,97.179,"{'cpu': 12.265, 'gpu': 1.425, 'CLOUD': 1.09}",99.942,101.36699999999999,100.679,102.429
993,TT2,297.0,BESTEFFORT,MISSED,cpu,97.269,"{'cpu': 14.751, 'gpu': 1.315, 'CLOUD': 1.037}",102.141,inf,100.769,102.519
994,TT2,192.0,BESTEFFORT,MISSED,cpu,97.36,"{'cpu': 15.103, 'gpu': 1.5, 'CLOUD': 1.173}",102.519,inf,100.86,102.61
995,TT2,97.0,BESTEFFORT,XCOMPLETED,gpu,97.683,"{'cpu': 14.159, 'gpu': 1.098, 'CLOUD': 1.126}",101.36699999999999,102.46499999999999,101.183,102.933
996,TT2,103.0,BESTEFFORT,MISSED,gpu,97.926,"{'cpu': 15.117, 'gpu': 1.427, 'CLOUD': 1.065}",102.46499999999999,inf,101.426,103.176
997,TT2,131.0,BESTEFFORT,ARRIVING,,99.079,"{'cpu': 12.514, 'gpu': 1.365, 'CLOUD': 1.156}",inf,inf,102.579,104.329
998,TT2,83.0,BESTEFFORT,XCOMPLETED,gpu,99.464,"{'cpu': 13.813, 'gpu': 1.184, 'CLOUD': 1.163}",103.176,104.36,102.964,104.714
999,TT1,559.0,BESTEFFORT,MISSED,cpu,100.0,"{'cpu': 2.681, 'gpu': 0.256, 'CLOUD': 0.165}",104.30499999999999,inf,104.0,106.0
1000,TT1,30.0,BESTEFFORT,XCOMPLETED,cpu,100.0,"{'cpu': 1.695, 'gpu': 0.173, 'CLOUD': 0.139}",102.61,104.30499999999999,104.0,106.0
