id,type,urgency,status,assigned_machine,arrival_time,execution_time,energy_usage,start_time,completion_time,missed_time,deadline,extended_deadline
0,T4,BESTEFFORT,COMPLETED,m8-1,0.286,"{'m1-1': 10.24, 'm2-1': 99.39, 'm3-1': 1.03, 'm4-1': 105.06, 'm5-1': 111.84, 'm6-1': 10.82, 'm7-1': 109.61, 'm8-1': 1.11}",1.665,0.286,1.3960000000000001,inf,150.286,150.286
1,T1,BESTEFFORT,COMPLETED,m3-1,0.368,"{'m1-1': 10.97, 'm2-1': 107.74, 'm3-1': 1.0, 'm4-1': 93.94, 'm5-1': 104.87, 'm6-1': 10.93, 'm7-1': 97.25, 'm8-1': 1.09}",1.5,0.368,1.3679999999999999,inf,150.368,150.368
2,T4,BESTEFFORT,COMPLETED,m8-1,0.464,"{'m1-1': 10.94, 'm2-1': 100.2, 'm3-1': 1.0, 'm4-1': 105.12, 'm5-1': 102.96, 'm6-1': 11.24, 'm7-1': 98.28, 'm8-1': 1.19}",1.785,1.3960000000000001,2.5860000000000003,inf,150.464,150.464
3,T1,BESTEFFORT,COMPLETED,m3-1,0.853,"{'m1-1': 10.28, 'm2-1': 97.87, 'm3-1': 1.1, 'm4-1': 96.74, 'm5-1': 99.95, 'm6-1': 10.61, 'm7-1': 101.97, 'm8-1': 1.09}",1.6500000000000001,1.3679999999999999,2.468,inf,150.853,150.853
4,T4,BESTEFFORT,COMPLETED,m8-1,1.995,"{'m1-1': 10.2, 'm2-1': 97.82, 'm3-1': 1.1, 'm4-1': 100.38, 'm5-1': 99.99, 'm6-1': 11.18, 'm7-1': 98.04, 'm8-1': 1.04}",1.56,2.5860000000000003,3.6260000000000003,inf,151.995,151.995
5,T3,BESTEFFORT,COMPLETED,m3-1,2.054,"{'m1-1': 11.2, 'm2-1': 105.16, 'm3-1': 1.04, 'm4-1': 100.96, 'm5-1': 98.62, 'm6-1': 9.38, 'm7-1': 96.98, 'm8-1': 1.1}",1.56,2.468,3.508,inf,152.054,152.054
6,T2,BESTEFFORT,COMPLETED,m8-1,2.504,"{'m1-1': 10.39, 'm2-1': 105.19, 'm3-1': 1.02, 'm4-1': 94.58, 'm5-1': 100.51, 'm6-1': 9.61, 'm7-1': 94.45, 'm8-1': 1.05}",1.5750000000000002,3.6260000000000003,4.676,inf,152.504,152.504
7,T1,BESTEFFORT,COMPLETED,m3-1,2.581,"{'m1-1': 11.76, 'm2-1': 102.77, 'm3-1': 1.12, 'm4-1': 100.79, 'm5-1': 99.74, 'm6-1': 9.92, 'm7-1': 91.79, 'm8-1': 0.97}",1.6800000000000002,3.508,4.628,inf,152.581,152.581
8,T3,BESTEFFORT,COMPLETED,m8-1,2.587,"{'m1-1': 10.62, 'm2-1': 97.1, 'm3-1': 1.03, 'm4-1': 98.17, 'm5-1': 102.75, 'm6-1': 9.9, 'm7-1': 103.26, 'm8-1': 0.96}",1.44,4.676,5.636,inf,152.587,152.587
9,T1,BESTEFFORT,COMPLETED,m3-1,2.924,"{'m1-1': 11.06, 'm2-1': 105.62, 'm3-1': 1.05, 'm4-1': 101.72, 'm5-1': 115.31, 'm6-1': 10.68, 'm7-1': 96.05, 'm8-1': 1.1}",1.5750000000000002,4.628,5.678,inf,152.924,152.924
10,T1,BESTEFFORT,COMPLETED,m8-1,2.939,"{'m1-1': 10.9, 'm2-1': 103.32, 'm3-1': 1.13, 'm4-1': 100.61, 'm5-1': 98.61, 'm6-1': 9.98, 'm7-1': 104.9, 'm8-1': 1.05}",1.5750000000000002,5.636,6.686,inf,152.939,152.939
11,T2,BESTEFFORT,COMPLETED,m3-1,3.286,"{'m1-1': 10.1, 'm2-1': 103.95, 'm3-1': 1.0, 'm4-1': 106.16, 'm5-1': 105.67, 'm6-1': 9.79, 'm7-1': 108.7, 'm8-1': 0.97}",1.5,5.678,6.678,inf,153.286,153.286
12,T3,BESTEFFORT,COMPLETED,m8-1,3.405,"{'m1-1': 10.2, 'm2-1': 102.41, 'm3-1': 1.01, 'm4-1': 112.07, 'm5-1': 112.36, 'm6-1': 10.66, 'm7-1': 100.1, 'm8-1': 0.96}",1.44,6.686,7.646,inf,153.405,153.405
13,T4,BESTEFFORT,COMPLETED,m3-1,3.648,"{'m1-1': 11.28, 'm2-1': 95.41, 'm3-1': 0.99, 'm4-1': 101.64, 'm5-1': 107.0, 'm6-1': 10.5, 'm7-1': 101.07, 'm8-1': 1.02}",1.4849999999999999,6.678,7.668,inf,153.648,153.648
14,T1,BESTEFFORT,COMPLETED,m8-1,3.765,"{'m1-1': 10.12, 'm2-1': 113.65, 'm3-1': 1.08, 'm4-1': 104.56, 'm5-1': 109.41, 'm6-1': 9.8, 'm7-1': 91.88, 'm8-1': 0.95}",1.4249999999999998,7.646,8.596,inf,153.765,153.765
15,T2,BESTEFFORT,COMPLETED,m3-1,3.784,"{'m1-1': 10.76, 'm2-1': 103.98, 'm3-1': 1.1, 'm4-1': 98.3, 'm5-1': 102.39, 'm6-1': 9.61, 'm7-1': 103.13, 'm8-1': 0.95}",1.6500000000000001,7.668,8.768,inf,153.784,153.784
16,T3,BESTEFFORT,COMPLETED,m8-1,3.97,"{'m1-1': 10.04, 'm2-1': 102.91, 'm3-1': 1.14, 'm4-1': 97.82, 'm5-1': 113.37, 'm6-1': 10.05, 'm7-1': 107.02, 'm8-1': 1.02}",1.53,8.596,9.616,inf,153.97,153.97
17,T4,BESTEFFORT,COMPLETED,m3-1,4.63,"{'m1-1': 11.28, 'm2-1': 112.26, 'm3-1': 1.04, 'm4-1': 106.33, 'm5-1': 100.22, 'm6-1': 11.33, 'm7-1': 113.22, 'm8-1': 1.09}",1.56,8.768,9.808,inf,154.63,154.63
18,T3,BESTEFFORT,COMPLETED,m8-1,5.1,"{'m1-1': 9.88, 'm2-1': 98.67, 'm3-1': 1.16, 'm4-1': 111.96, 'm5-1': 99.94, 'm6-1': 10.02, 'm7-1': 111.43, 'm8-1': 1.01}",1.5150000000000001,9.616,10.626,inf,155.1,155.1
19,T1,BESTEFFORT,COMPLETED,m3-1,5.103,"{'m1-1': 10.63, 'm2-1': 113.73, 'm3-1': 1.1, 'm4-1': 94.71, 'm5-1': 109.94, 'm6-1': 10.34, 'm7-1': 94.38, 'm8-1': 0.93}",1.6500000000000001,9.808,10.908,inf,155.103,155.103
20,T2,BESTEFFORT,COMPLETED,m8-1,5.455,"{'m1-1': 9.64, 'm2-1': 103.49, 'm3-1': 1.14, 'm4-1': 94.3, 'm5-1': 115.01, 'm6-1': 10.01, 'm7-1': 108.08, 'm8-1': 1.08}",1.62,10.626,11.706,inf,155.455,155.455
21,T4,BESTEFFORT,COMPLETED,m3-1,5.557,"{'m1-1': 11.7, 'm2-1': 104.67, 'm3-1': 1.01, 'm4-1': 96.83, 'm5-1': 108.81, 'm6-1': 11.25, 'm7-1': 114.42, 'm8-1': 1.11}",1.5150000000000001,10.908,11.918,inf,155.557,155.557
22,T2,BESTEFFORT,COMPLETED,m8-1,5.637,"{'m1-1': 10.34, 'm2-1': 109.14, 'm3-1': 1.11, 'm4-1': 106.68, 'm5-1': 106.45, 'm6-1': 10.45, 'm7-1': 101.48, 'm8-1': 0.96}",1.44,11.706,12.666,inf,155.637,155.637
23,T3,BESTEFFORT,COMPLETED,m3-1,6.274,"{'m1-1': 10.4, 'm2-1': 112.24, 'm3-1': 1.0, 'm4-1': 96.63, 'm5-1': 102.97, 'm6-1': 10.34, 'm7-1': 105.87, 'm8-1': 0.97}",1.5,11.918,12.918,inf,156.274,156.274
24,T1,BESTEFFORT,COMPLETED,m8-1,6.298,"{'m1-1': 10.47, 'm2-1': 98.6, 'm3-1': 1.04, 'm4-1': 95.36, 'm5-1': 99.0, 'm6-1': 10.32, 'm7-1': 99.01, 'm8-1': 1.03}",1.545,12.666,13.696,inf,156.298,156.298
25,T1,BESTEFFORT,COMPLETED,m3-1,6.409,"{'m1-1': 9.99, 'm2-1': 111.73, 'm3-1': 1.03, 'm4-1': 105.08, 'm5-1': 115.08, 'm6-1': 9.81, 'm7-1': 99.95, 'm8-1': 0.99}",1.545,12.918,13.947999999999999,inf,156.409,156.409
26,T1,BESTEFFORT,COMPLETED,m8-1,6.597,"{'m1-1': 10.87, 'm2-1': 100.28, 'm3-1': 1.17, 'm4-1': 96.49, 'm5-1': 98.96, 'm6-1': 10.68, 'm7-1': 98.52, 'm8-1': 1.03}",1.545,13.696,14.725999999999999,inf,156.597,156.597
27,T3,BESTEFFORT,COMPLETED,m3-1,6.611,"{'m1-1': 10.11, 'm2-1': 99.41, 'm3-1': 1.15, 'm4-1': 98.87, 'm5-1': 100.19, 'm6-1': 9.91, 'm7-1': 107.56, 'm8-1': 1.0}",1.7249999999999999,13.947999999999999,15.097999999999999,inf,156.611,156.611
28,T1,BESTEFFORT,COMPLETED,m8-1,6.794,"{'m1-1': 10.02, 'm2-1': 111.88, 'm3-1': 1.06, 'm4-1': 106.52, 'm5-1': 108.36, 'm6-1': 10.3, 'm7-1': 101.88, 'm8-1': 1.1}",1.6500000000000001,14.725999999999999,15.825999999999999,inf,156.794,156.794
29,T3,BESTEFFORT,COMPLETED,m3-1,6.869,"{'m1-1': 11.12, 'm2-1': 97.74, 'm3-1': 1.0, 'm4-1': 109.9, 'm5-1': 100.02, 'm6-1': 9.89, 'm7-1': 107.23, 'm8-1': 0.96}",1.5,15.097999999999999,16.098,inf,156.869,156.869
30,T2,BESTEFFORT,COMPLETED,m8-1,7.359,"{'m1-1': 10.09, 'm2-1': 95.23, 'm3-1': 1.04, 'm4-1': 94.5, 'm5-1': 99.76, 'm6-1': 10.99, 'm7-1': 106.06, 'm8-1': 1.1}",1.6500000000000001,15.825999999999999,16.926,inf,157.359,157.359
31,T1,BESTEFFORT,COMPLETED,m6-1,7.497,"{'m1-1': 10.06, 'm2-1': 110.41, 'm3-1': 1.06, 'm4-1': 97.42, 'm5-1': 115.35, 'm6-1': 11.4, 'm7-1': 92.88, 'm8-1': 0.96}",17.1,7.497,18.897,inf,157.497,157.497
32,T4,BESTEFFORT,COMPLETED,m3-1,7.726,"{'m1-1': 9.96, 'm2-1': 99.98, 'm3-1': 1.08, 'm4-1': 105.05, 'm5-1': 104.76, 'm6-1': 11.08, 'm7-1': 103.1, 'm8-1': 1.14}",1.62,16.098,17.177999999999997,inf,157.726,157.726
33,T2,BESTEFFORT,COMPLETED,m1-1,8.413,"{'m1-1': 10.65, 'm2-1': 106.47, 'm3-1': 1.16, 'm4-1': 102.24, 'm5-1': 100.0, 'm6-1': 9.94, 'm7-1': 109.18, 'm8-1': 1.03}",15.975000000000001,8.413,19.063000000000002,inf,158.413,158.413
34,T1,BESTEFFORT,COMPLETED,m8-1,8.446,"{'m1-1': 10.75, 'm2-1': 104.74, 'm3-1': 1.13, 'm4-1': 104.82, 'm5-1': 112.04, 'm6-1': 9.74, 'm7-1': 102.35, 'm8-1': 0.96}",1.44,16.926,17.886,inf,158.446,158.446
35,T1,BESTEFFORT,COMPLETED,m3-1,8.659,"{'m1-1': 10.14, 'm2-1': 110.87, 'm3-1': 1.01, 'm4-1': 101.35, 'm5-1': 110.67, 'm6-1': 10.2, 'm7-1': 100.76, 'm8-1': 1.08}",1.5150000000000001,17.177999999999997,18.188,inf,158.659,158.659
36,T3,BESTEFFORT,COMPLETED,m8-1,8.666,"{'m1-1': 11.14, 'm2-1': 102.79, 'm3-1': 1.14, 'm4-1': 102.81, 'm5-1': 108.68, 'm6-1': 10.31, 'm7-1': 99.35, 'm8-1': 1.06}",1.59,17.886,18.945999999999998,inf,158.666,158.666
37,T3,BESTEFFORT,COMPLETED,m3-1,8.836,"{'m1-1': 9.86, 'm2-1': 111.47, 'm3-1': 1.08, 'm4-1': 101.37, 'm5-1': 106.19, 'm6-1': 10.82, 'm7-1': 105.78, 'm8-1': 1.03}",1.62,18.188,19.268,inf,158.836,158.836
38,T4,BESTEFFORT,COMPLETED,m8-1,9.149,"{'m1-1': 10.41, 'm2-1': 109.98, 'm3-1': 1.1, 'm4-1': 104.79, 'm5-1': 97.5, 'm6-1': 10.07, 'm7-1': 101.36, 'm8-1': 1.15}",1.7249999999999999,18.945999999999998,20.095999999999997,inf,159.149,159.149
39,T2,BESTEFFORT,COMPLETED,m3-1,9.214,"{'m1-1': 10.12, 'm2-1': 98.09, 'm3-1': 1.16, 'm4-1': 99.83, 'm5-1': 102.04, 'm6-1': 9.54, 'm7-1': 103.73, 'm8-1': 0.99}",1.7399999999999998,19.268,20.428,inf,159.214,159.214
40,T4,BESTEFFORT,COMPLETED,m8-1,9.349,"{'m1-1': 10.05, 'm2-1': 97.22, 'm3-1': 1.08, 'm4-1': 95.59, 'm5-1': 95.68, 'm6-1': 11.3, 'm7-1': 112.69, 'm8-1': 1.02}",1.53,20.095999999999997,21.115999999999996,inf,159.349,159.349
41,T4,BESTEFFORT,COMPLETED,m3-1,9.512,"{'m1-1': 10.22, 'm2-1': 108.53, 'm3-1': 0.97, 'm4-1': 100.94, 'm5-1': 95.01, 'm6-1': 10.59, 'm7-1': 111.53, 'm8-1': 1.14}",1.455,20.428,21.398,inf,159.512,159.512
42,T4,BESTEFFORT,COMPLETED,m8-1,10.084,"{'m1-1': 10.06, 'm2-1': 100.72, 'm3-1': 1.08, 'm4-1': 112.46, 'm5-1': 100.08, 'm6-1': 10.69, 'm7-1': 100.93, 'm8-1': 1.04}",1.56,21.115999999999996,22.155999999999995,inf,160.084,160.084
43,T4,BESTEFFORT,COMPLETED,m3-1,10.571,"{'m1-1': 11.46, 'm2-1': 102.06, 'm3-1': 1.02, 'm4-1': 99.05, 'm5-1': 108.37, 'm6-1': 11.19, 'm7-1': 107.56, 'm8-1': 1.08}",1.53,21.398,22.418,inf,160.571,160.571
44,T2,BESTEFFORT,COMPLETED,m8-1,11.115,"{'m1-1': 9.45, 'm2-1': 103.4, 'm3-1': 1.15, 'm4-1': 108.26, 'm5-1': 97.87, 'm6-1': 11.11, 'm7-1': 101.34, 'm8-1': 1.07}",1.605,22.155999999999995,23.225999999999996,inf,161.115,161.115
45,T4,BESTEFFORT,COMPLETED,m3-1,11.428,"{'m1-1': 11.04, 'm2-1': 112.28, 'm3-1': 1.04, 'm4-1': 96.22, 'm5-1': 101.57, 'm6-1': 11.16, 'm7-1': 112.39, 'm8-1': 1.13}",1.56,22.418,23.458,inf,161.428,161.428
46,T3,BESTEFFORT,COMPLETED,m8-1,11.462,"{'m1-1': 11.42, 'm2-1': 107.43, 'm3-1': 1.07, 'm4-1': 103.01, 'm5-1': 103.46, 'm6-1': 9.99, 'm7-1': 104.97, 'm8-1': 1.07}",1.605,23.225999999999996,24.295999999999996,inf,161.462,161.462
47,T4,BESTEFFORT,COMPLETED,m3-1,11.586,"{'m1-1': 10.33, 'm2-1': 100.57, 'm3-1': 0.99, 'm4-1': 111.1, 'm5-1': 96.17, 'm6-1': 11.06, 'm7-1': 98.26, 'm8-1': 1.08}",1.4849999999999999,23.458,24.447999999999997,inf,161.586,161.586
48,T1,BESTEFFORT,COMPLETED,m8-1,11.639,"{'m1-1': 10.74, 'm2-1': 104.51, 'm3-1': 1.12, 'm4-1': 108.16, 'm5-1': 113.03, 'm6-1': 10.66, 'm7-1': 94.06, 'm8-1': 0.98}",1.47,24.295999999999996,25.275999999999996,inf,161.639,161.639
49,T2,BESTEFFORT,COMPLETED,m3-1,11.977,"{'m1-1': 9.58, 'm2-1': 106.21, 'm3-1': 1.04, 'm4-1': 100.12, 'm5-1': 107.42, 'm6-1': 9.71, 'm7-1': 99.95, 'm8-1': 1.06}",1.56,24.447999999999997,25.487999999999996,inf,161.977,161.977
50,T3,BESTEFFORT,COMPLETED,m8-1,12.024,"{'m1-1': 10.76, 'm2-1': 101.32, 'm3-1': 1.03, 'm4-1': 102.88, 'm5-1': 109.23, 'm6-1': 9.69, 'm7-1': 102.06, 'm8-1': 1.03}",1.545,25.275999999999996,26.305999999999997,inf,162.024,162.024
51,T3,BESTEFFORT,COMPLETED,m6-1,12.738,"{'m1-1': 10.72, 'm2-1': 106.78, 'm3-1': 1.12, 'm4-1': 112.23, 'm5-1': 108.73, 'm6-1': 9.36, 'm7-1': 107.82, 'm8-1': 1.01}",14.04,18.897,28.256999999999998,inf,162.738,162.738
52,T4,BESTEFFORT,COMPLETED,m3-1,12.746,"{'m1-1': 11.41, 'm2-1': 111.22, 'm3-1': 1.06, 'm4-1': 102.87, 'm5-1': 111.15, 'm6-1': 9.98, 'm7-1': 101.91, 'm8-1': 1.18}",1.59,25.487999999999996,26.547999999999995,inf,162.746,162.746
53,T3,BESTEFFORT,COMPLETED,m8-1,13.006,"{'m1-1': 11.53, 'm2-1': 104.23, 'm3-1': 1.17, 'm4-1': 98.73, 'm5-1': 108.75, 'm6-1': 10.06, 'm7-1': 105.01, 'm8-1': 0.96}",1.44,26.305999999999997,27.266,inf,163.006,163.006
54,T2,BESTEFFORT,COMPLETED,m3-1,13.16,"{'m1-1': 10.6, 'm2-1': 97.88, 'm3-1': 1.11, 'm4-1': 103.02, 'm5-1': 108.44, 'm6-1': 9.73, 'm7-1': 92.9, 'm8-1': 1.1}",1.665,26.547999999999995,27.657999999999994,inf,163.16,163.16
55,T4,BESTEFFORT,COMPLETED,m1-1,13.379,"{'m1-1': 10.81, 'm2-1': 94.9, 'm3-1': 1.08, 'm4-1': 101.88, 'm5-1': 103.7, 'm6-1': 10.7, 'm7-1': 103.39, 'm8-1': 1.07}",16.215,19.063000000000002,29.873000000000005,inf,163.379,163.379
56,T3,BESTEFFORT,COMPLETED,m8-1,13.435,"{'m1-1': 11.42, 'm2-1': 105.66, 'm3-1': 1.11, 'm4-1': 108.27, 'm5-1': 108.65, 'm6-1': 10.06, 'm7-1': 111.62, 'm8-1': 1.06}",1.59,27.266,28.325999999999997,inf,163.435,163.435
57,T1,BESTEFFORT,COMPLETED,m3-1,13.503,"{'m1-1': 11.77, 'm2-1': 97.65, 'm3-1': 1.04, 'm4-1': 99.36, 'm5-1': 100.73, 'm6-1': 10.16, 'm7-1': 105.72, 'm8-1': 1.1}",1.56,27.657999999999994,28.697999999999993,inf,163.503,163.503
58,T3,BESTEFFORT,COMPLETED,m8-1,13.612,"{'m1-1': 11.45, 'm2-1': 111.25, 'm3-1': 1.09, 'm4-1': 113.44, 'm5-1': 104.5, 'm6-1': 10.13, 'm7-1': 105.01, 'm8-1': 1.02}",1.53,28.325999999999997,29.345999999999997,inf,163.612,163.612
59,T3,BESTEFFORT,COMPLETED,m3-1,13.882,"{'m1-1': 10.96, 'm2-1': 109.48, 'm3-1': 1.12, 'm4-1': 103.94, 'm5-1': 102.32, 'm6-1': 9.67, 'm7-1': 97.12, 'm8-1': 1.01}",1.6800000000000002,28.697999999999993,29.817999999999994,inf,163.882,163.882
60,T4,BESTEFFORT,COMPLETED,m8-1,14.223,"{'m1-1': 10.37, 'm2-1': 99.52, 'm3-1': 1.11, 'm4-1': 98.43, 'm5-1': 96.16, 'm6-1': 9.96, 'm7-1': 103.39, 'm8-1': 1.05}",1.5750000000000002,29.345999999999997,30.395999999999997,inf,164.223,164.223
61,T1,BESTEFFORT,COMPLETED,m3-1,14.677,"{'m1-1': 11.13, 'm2-1': 105.81, 'm3-1': 1.12, 'm4-1': 102.77, 'm5-1': 111.05, 'm6-1': 10.45, 'm7-1': 91.44, 'm8-1': 1.08}",1.6800000000000002,29.817999999999994,30.937999999999995,inf,164.677,164.677
62,T1,BESTEFFORT,COMPLETED,m8-1,15.153,"{'m1-1': 10.15, 'm2-1': 111.05, 'm3-1': 1.16, 'm4-1': 99.19, 'm5-1': 109.41, 'm6-1': 9.93, 'm7-1': 99.49, 'm8-1': 1.04}",1.56,30.395999999999997,31.435999999999996,inf,165.153,165.153
63,T1,BESTEFFORT,COMPLETED,m3-1,15.171,"{'m1-1': 11.24, 'm2-1': 102.21, 'm3-1': 1.09, 'm4-1': 97.17, 'm5-1': 116.24, 'm6-1': 9.76, 'm7-1': 103.43, 'm8-1': 1.06}",1.6350000000000002,30.937999999999995,32.028,inf,165.171,165.171
64,T4,BESTEFFORT,COMPLETED,m8-1,15.26,"{'m1-1': 11.73, 'm2-1': 102.33, 'm3-1': 1.0, 'm4-1': 110.78, 'm5-1': 109.8, 'm6-1': 10.21, 'm7-1': 103.34, 'm8-1': 1.03}",1.545,31.435999999999996,32.465999999999994,inf,165.26,165.26
65,T1,BESTEFFORT,COMPLETED,m3-1,15.3,"{'m1-1': 10.8, 'm2-1': 109.32, 'm3-1': 1.16, 'm4-1': 105.33, 'm5-1': 109.7, 'm6-1': 11.42, 'm7-1': 101.79, 'm8-1': 1.06}",1.7399999999999998,32.028,33.187999999999995,inf,165.3,165.3
66,T2,BESTEFFORT,COMPLETED,m8-1,15.669,"{'m1-1': 10.14, 'm2-1': 107.73, 'm3-1': 1.05, 'm4-1': 103.93, 'm5-1': 103.53, 'm6-1': 9.59, 'm7-1': 108.77, 'm8-1': 1.06}",1.59,32.465999999999994,33.525999999999996,inf,165.669,165.669
67,T3,BESTEFFORT,COMPLETED,m3-1,16.185,"{'m1-1': 9.92, 'm2-1': 100.4, 'm3-1': 1.05, 'm4-1': 100.9, 'm5-1': 98.61, 'm6-1': 9.7, 'm7-1': 99.45, 'm8-1': 1.0}",1.5750000000000002,33.187999999999995,34.23799999999999,inf,166.185,166.185
68,T4,BESTEFFORT,COMPLETED,m8-1,16.545,"{'m1-1': 10.85, 'm2-1': 96.42, 'm3-1': 0.98, 'm4-1': 96.22, 'm5-1': 97.14, 'm6-1': 10.33, 'm7-1': 112.69, 'm8-1': 1.06}",1.59,33.525999999999996,34.586,inf,166.54500000000002,166.54500000000002
69,T1,BESTEFFORT,COMPLETED,m8-1,16.568,"{'m1-1': 11.14, 'm2-1': 100.19, 'm3-1': 1.14, 'm4-1': 108.52, 'm5-1': 114.48, 'm6-1': 9.72, 'm7-1': 103.46, 'm8-1': 1.05}",1.5750000000000002,34.586,35.635999999999996,inf,166.568,166.568
70,T1,BESTEFFORT,COMPLETED,m3-1,16.947,"{'m1-1': 10.44, 'm2-1': 99.72, 'm3-1': 1.07, 'm4-1': 107.98, 'm5-1': 114.49, 'm6-1': 10.87, 'm7-1': 92.77, 'm8-1': 1.1}",1.605,34.23799999999999,35.30799999999999,inf,166.947,166.947
71,T3,BESTEFFORT,COMPLETED,m6-1,17.602,"{'m1-1': 10.39, 'm2-1': 99.88, 'm3-1': 1.02, 'm4-1': 99.49, 'm5-1': 102.48, 'm6-1': 9.5, 'm7-1': 113.85, 'm8-1': 1.12}",14.25,28.256999999999998,37.757,inf,167.602,167.602
72,T4,BESTEFFORT,COMPLETED,m3-1,17.687,"{'m1-1': 10.45, 'm2-1': 108.7, 'm3-1': 1.06, 'm4-1': 104.63, 'm5-1': 106.58, 'm6-1': 10.35, 'm7-1': 98.71, 'm8-1': 1.1}",1.59,35.30799999999999,36.367999999999995,inf,167.687,167.687
73,T4,BESTEFFORT,COMPLETED,m8-1,17.886,"{'m1-1': 11.12, 'm2-1': 108.8, 'm3-1': 1.13, 'm4-1': 106.34, 'm5-1': 102.09, 'm6-1': 10.29, 'm7-1': 114.26, 'm8-1': 1.07}",1.605,35.635999999999996,36.705999999999996,inf,167.886,167.886
74,T4,BESTEFFORT,COMPLETED,m8-1,18.012,"{'m1-1': 10.72, 'm2-1': 103.02, 'm3-1': 0.98, 'm4-1': 105.67, 'm5-1': 104.98, 'm6-1': 10.51, 'm7-1': 113.51, 'm8-1': 1.13}",1.6949999999999998,36.705999999999996,37.836,inf,168.012,168.012
75,T2,BESTEFFORT,COMPLETED,m1-1,18.111,"{'m1-1': 10.68, 'm2-1': 101.49, 'm3-1': 1.01, 'm4-1': 99.36, 'm5-1': 115.39, 'm6-1': 9.65, 'm7-1': 93.6, 'm8-1': 1.05}",16.02,29.873000000000005,40.553000000000004,inf,168.111,168.111
76,T4,BESTEFFORT,COMPLETED,m3-1,18.29,"{'m1-1': 10.94, 'm2-1': 101.06, 'm3-1': 1.13, 'm4-1': 106.5, 'm5-1': 99.17, 'm6-1': 10.27, 'm7-1': 100.0, 'm8-1': 1.12}",1.6949999999999998,36.367999999999995,37.498,inf,168.29,168.29
77,T4,BESTEFFORT,COMPLETED,m3-1,18.298,"{'m1-1': 11.46, 'm2-1': 98.24, 'm3-1': 1.02, 'm4-1': 102.69, 'm5-1': 101.57, 'm6-1': 10.88, 'm7-1': 108.76, 'm8-1': 1.18}",1.53,37.498,38.518,inf,168.298,168.298
78,T2,BESTEFFORT,COMPLETED,m8-1,18.702,"{'m1-1': 10.22, 'm2-1': 94.38, 'm3-1': 1.0, 'm4-1': 94.95, 'm5-1': 110.15, 'm6-1': 9.54, 'm7-1': 94.9, 'm8-1': 0.94}",1.41,37.836,38.775999999999996,inf,168.702,168.702
79,T1,BESTEFFORT,COMPLETED,m8-1,18.712,"{'m1-1': 10.47, 'm2-1': 107.0, 'm3-1': 1.15, 'm4-1': 111.34, 'm5-1': 116.44, 'm6-1': 10.64, 'm7-1': 97.48, 'm8-1': 1.05}",1.5750000000000002,38.775999999999996,39.82599999999999,inf,168.712,168.712
80,T4,BESTEFFORT,COMPLETED,m3-1,18.745,"{'m1-1': 11.7, 'm2-1': 96.44, 'm3-1': 0.99, 'm4-1': 102.73, 'm5-1': 109.43, 'm6-1': 11.33, 'm7-1': 98.65, 'm8-1': 1.1}",1.4849999999999999,38.518,39.508,inf,168.745,168.745
81,T1,BESTEFFORT,COMPLETED,m3-1,18.776,"{'m1-1': 10.78, 'm2-1': 110.38, 'm3-1': 1.07, 'm4-1': 105.1, 'm5-1': 107.24, 'm6-1': 11.11, 'm7-1': 96.15, 'm8-1': 1.03}",1.605,39.508,40.578,inf,168.776,168.776
82,T3,BESTEFFORT,COMPLETED,m8-1,18.813,"{'m1-1': 11.56, 'm2-1': 105.54, 'm3-1': 1.17, 'm4-1': 101.5, 'm5-1': 112.12, 'm6-1': 10.77, 'm7-1': 110.93, 'm8-1': 1.02}",1.53,39.82599999999999,40.846,inf,168.813,168.813
83,T4,BESTEFFORT,COMPLETED,m8-1,18.903,"{'m1-1': 11.6, 'm2-1': 106.74, 'm3-1': 0.97, 'm4-1': 110.78, 'm5-1': 99.53, 'm6-1': 11.41, 'm7-1': 106.24, 'm8-1': 1.19}",1.785,40.846,42.035999999999994,inf,168.903,168.903
84,T3,BESTEFFORT,COMPLETED,m3-1,19.133,"{'m1-1': 10.68, 'm2-1': 104.12, 'm3-1': 1.18, 'm4-1': 110.22, 'm5-1': 113.7, 'm6-1': 9.79, 'm7-1': 104.97, 'm8-1': 0.95}",1.77,40.578,41.758,inf,169.133,169.133
85,T4,BESTEFFORT,COMPLETED,m3-1,19.685,"{'m1-1': 11.54, 'm2-1': 99.82, 'm3-1': 1.06, 'm4-1': 102.21, 'm5-1': 98.85, 'm6-1': 10.24, 'm7-1': 110.52, 'm8-1': 1.01}",1.59,41.758,42.818000000000005,inf,169.685,169.685
86,T1,BESTEFFORT,COMPLETED,m8-1,19.896,"{'m1-1': 11.66, 'm2-1': 98.6, 'm3-1': 1.08, 'm4-1': 94.9, 'm5-1': 116.66, 'm6-1': 10.58, 'm7-1': 107.25, 'm8-1': 1.02}",1.53,42.035999999999994,43.056,inf,169.89600000000002,169.89600000000002
87,T3,BESTEFFORT,COMPLETED,m3-1,20.242,"{'m1-1': 10.97, 'm2-1': 110.28, 'm3-1': 1.03, 'm4-1': 101.3, 'm5-1': 112.66, 'm6-1': 10.43, 'm7-1': 111.08, 'm8-1': 1.02}",1.545,42.818000000000005,43.848000000000006,inf,170.242,170.242
88,T2,BESTEFFORT,COMPLETED,m8-1,20.417,"{'m1-1': 10.88, 'm2-1': 105.28, 'm3-1': 1.03, 'm4-1': 99.75, 'm5-1': 107.58, 'm6-1': 9.45, 'm7-1': 102.0, 'm8-1': 0.95}",1.4249999999999998,43.056,44.006,inf,170.417,170.417
89,T3,BESTEFFORT,COMPLETED,m3-1,20.565,"{'m1-1': 9.91, 'm2-1': 102.34, 'm3-1': 1.01, 'm4-1': 97.58, 'm5-1': 113.56, 'm6-1': 10.13, 'm7-1': 111.73, 'm8-1': 1.09}",1.5150000000000001,43.848000000000006,44.858000000000004,inf,170.565,170.565
90,T3,BESTEFFORT,COMPLETED,m8-1,20.774,"{'m1-1': 10.85, 'm2-1': 109.46, 'm3-1': 1.04, 'm4-1': 103.61, 'm5-1': 105.48, 'm6-1': 10.39, 'm7-1': 111.03, 'm8-1': 0.97}",1.455,44.006,44.976,inf,170.774,170.774
91,T2,BESTEFFORT,COMPLETED,m3-1,21.252,"{'m1-1': 9.91, 'm2-1': 100.28, 'm3-1': 1.14, 'm4-1': 100.88, 'm5-1': 102.3, 'm6-1': 9.41, 'm7-1': 97.64, 'm8-1': 0.94}",1.71,44.858000000000004,45.998000000000005,inf,171.252,171.252
92,T3,BESTEFFORT,COMPLETED,m8-1,21.39,"{'m1-1': 11.05, 'm2-1': 95.9, 'm3-1': 1.14, 'm4-1': 97.58, 'm5-1': 105.16, 'm6-1': 9.75, 'm7-1': 102.8, 'm8-1': 1.0}",1.5,44.976,45.976,inf,171.39,171.39
93,T4,BESTEFFORT,COMPLETED,m3-1,21.631,"{'m1-1': 11.7, 'm2-1': 107.09, 'm3-1': 1.02, 'm4-1': 104.51, 'm5-1': 101.57, 'm6-1': 11.04, 'm7-1': 111.34, 'm8-1': 1.1}",1.53,45.998000000000005,47.01800000000001,inf,171.631,171.631
94,T4,BESTEFFORT,COMPLETED,m8-1,21.854,"{'m1-1': 11.72, 'm2-1': 106.46, 'm3-1': 0.97, 'm4-1': 104.89, 'm5-1': 108.36, 'm6-1': 10.92, 'm7-1': 114.86, 'm8-1': 1.17}",1.755,45.976,47.146,inf,171.85399999999998,171.85399999999998
95,T1,BESTEFFORT,COMPLETED,m3-1,21.912,"{'m1-1': 11.43, 'm2-1': 106.54, 'm3-1': 1.06, 'm4-1': 97.46, 'm5-1': 103.91, 'm6-1': 9.71, 'm7-1': 98.98, 'm8-1': 1.05}",1.59,47.01800000000001,48.07800000000001,inf,171.912,171.912
96,T4,BESTEFFORT,COMPLETED,m8-1,21.999,"{'m1-1': 10.1, 'm2-1': 97.83, 'm3-1': 0.96, 'm4-1': 100.91, 'm5-1': 103.89, 'm6-1': 10.2, 'm7-1': 107.15, 'm8-1': 1.09}",1.6350000000000002,47.146,48.236000000000004,inf,171.999,171.999
97,T3,BESTEFFORT,COMPLETED,m6-1,22.05,"{'m1-1': 10.01, 'm2-1': 111.06, 'm3-1': 1.12, 'm4-1': 104.69, 'm5-1': 101.75, 'm6-1': 9.74, 'm7-1': 98.53, 'm8-1': 1.08}",14.61,37.757,47.497,inf,172.05,172.05
98,T2,BESTEFFORT,COMPLETED,m1-1,22.067,"{'m1-1': 10.28, 'm2-1': 108.18, 'm3-1': 1.01, 'm4-1': 109.44, 'm5-1': 111.6, 'm6-1': 11.18, 'm7-1': 99.88, 'm8-1': 1.04}",15.419999999999998,40.553000000000004,50.833000000000006,inf,172.067,172.067
99,T1,BESTEFFORT,COMPLETED,m3-1,22.18,"{'m1-1': 10.74, 'm2-1': 102.8, 'm3-1': 1.11, 'm4-1': 104.72, 'm5-1': 106.61, 'm6-1': 10.49, 'm7-1': 96.99, 'm8-1': 1.08}",1.665,48.07800000000001,49.18800000000001,inf,172.18,172.18
100,T4,BESTEFFORT,COMPLETED,m8-1,22.239,"{'m1-1': 11.27, 'm2-1': 96.29, 'm3-1': 1.1, 'm4-1': 102.79, 'm5-1': 96.88, 'm6-1': 11.47, 'm7-1': 98.14, 'm8-1': 1.06}",1.59,48.236000000000004,49.29600000000001,inf,172.239,172.239
101,T1,BESTEFFORT,COMPLETED,m3-1,22.748,"{'m1-1': 10.23, 'm2-1': 105.23, 'm3-1': 1.13, 'm4-1': 99.06, 'm5-1': 113.04, 'm6-1': 11.02, 'm7-1': 100.19, 'm8-1': 1.05}",1.6949999999999998,49.18800000000001,50.31800000000001,inf,172.748,172.748
102,T3,BESTEFFORT,COMPLETED,m8-1,23.084,"{'m1-1': 10.03, 'm2-1': 96.72, 'm3-1': 1.08, 'm4-1': 97.24, 'm5-1': 99.9, 'm6-1': 10.51, 'm7-1': 100.67, 'm8-1': 1.11}",1.665,49.29600000000001,50.406000000000006,inf,173.084,173.084
103,T2,BESTEFFORT,COMPLETED,m3-1,24.286,"{'m1-1': 10.66, 'm2-1': 98.53, 'm3-1': 1.13, 'm4-1': 107.0, 'm5-1': 109.63, 'm6-1': 10.29, 'm7-1': 93.64, 'm8-1': 0.94}",1.6949999999999998,50.31800000000001,51.448000000000015,inf,174.286,174.286
104,T2,BESTEFFORT,COMPLETED,m8-1,24.413,"{'m1-1': 9.53, 'm2-1': 97.78, 'm3-1': 0.99, 'm4-1': 98.55, 'm5-1': 111.33, 'm6-1': 10.15, 'm7-1': 96.77, 'm8-1': 1.01}",1.5150000000000001,50.406000000000006,51.416000000000004,inf,174.413,174.413
105,T3,BESTEFFORT,COMPLETED,m3-1,25.461,"{'m1-1': 10.11, 'm2-1': 110.76, 'm3-1': 1.12, 'm4-1': 101.61, 'm5-1': 110.22, 'm6-1': 10.45, 'm7-1': 98.5, 'm8-1': 1.06}",1.6800000000000002,51.448000000000015,52.56800000000001,inf,175.461,175.461
106,T2,BESTEFFORT,COMPLETED,m8-1,25.509,"{'m1-1': 10.25, 'm2-1': 101.91, 'm3-1': 1.08, 'm4-1': 93.21, 'm5-1': 101.43, 'm6-1': 9.52, 'm7-1': 96.75, 'm8-1': 0.99}",1.4849999999999999,51.416000000000004,52.406000000000006,inf,175.50900000000001,175.50900000000001
107,T4,BESTEFFORT,COMPLETED,m3-1,25.857,"{'m1-1': 11.68, 'm2-1': 100.23, 'm3-1': 0.98, 'm4-1': 103.97, 'm5-1': 98.64, 'm6-1': 11.38, 'm7-1': 102.47, 'm8-1': 1.13}",1.47,52.56800000000001,53.54800000000001,inf,175.857,175.857
108,T3,BESTEFFORT,COMPLETED,m8-1,26.038,"{'m1-1': 9.87, 'm2-1': 101.32, 'm3-1': 1.05, 'm4-1': 100.96, 'm5-1': 105.41, 'm6-1': 10.04, 'm7-1': 108.7, 'm8-1': 1.02}",1.53,52.406000000000006,53.42600000000001,inf,176.038,176.038
109,T3,BESTEFFORT,COMPLETED,m8-1,26.617,"{'m1-1': 9.83, 'm2-1': 101.4, 'm3-1': 1.09, 'm4-1': 107.58, 'm5-1': 107.45, 'm6-1': 10.01, 'm7-1': 101.36, 'm8-1': 0.96}",1.44,53.42600000000001,54.38600000000001,inf,176.617,176.617
110,T2,BESTEFFORT,COMPLETED,m3-1,26.635,"{'m1-1': 9.85, 'm2-1': 96.34, 'm3-1': 1.13, 'm4-1': 109.08, 'm5-1': 112.47, 'm6-1': 9.54, 'm7-1': 102.22, 'm8-1': 0.98}",1.6949999999999998,53.54800000000001,54.67800000000001,inf,176.635,176.635
111,T3,BESTEFFORT,COMPLETED,m8-1,26.666,"{'m1-1': 11.39, 'm2-1': 96.22, 'm3-1': 1.11, 'm4-1': 102.64, 'm5-1': 99.66, 'm6-1': 10.76, 'm7-1': 109.47, 'm8-1': 1.06}",1.59,54.38600000000001,55.44600000000001,inf,176.666,176.666
112,T2,BESTEFFORT,COMPLETED,m3-1,27.008,"{'m1-1': 10.09, 'm2-1': 107.33, 'm3-1': 0.99, 'm4-1': 92.48, 'm5-1': 108.86, 'm6-1': 10.14, 'm7-1': 101.0, 'm8-1': 1.08}",1.4849999999999999,54.67800000000001,55.66800000000001,inf,177.008,177.008
113,T3,BESTEFFORT,COMPLETED,m8-1,27.364,"{'m1-1': 10.24, 'm2-1': 104.07, 'm3-1': 1.02, 'm4-1': 98.89, 'm5-1': 108.22, 'm6-1': 9.25, 'm7-1': 107.35, 'm8-1': 1.05}",1.5750000000000002,55.44600000000001,56.49600000000001,inf,177.364,177.364
114,T2,BESTEFFORT,COMPLETED,m3-1,27.474,"{'m1-1': 9.41, 'm2-1': 107.19, 'm3-1': 1.1, 'm4-1': 95.31, 'm5-1': 103.49, 'm6-1': 9.97, 'm7-1': 102.14, 'm8-1': 0.99}",1.6500000000000001,55.66800000000001,56.768000000000015,inf,177.474,177.474
115,T4,BESTEFFORT,COMPLETED,m8-1,27.811,"{'m1-1': 10.63, 'm2-1': 103.76, 'm3-1': 1.14, 'm4-1': 107.59, 'm5-1': 98.38, 'm6-1': 11.21, 'm7-1': 100.17, 'm8-1': 1.03}",1.545,56.49600000000001,57.52600000000001,inf,177.811,177.811
116,T1,BESTEFFORT,COMPLETED,m3-1,27.939,"{'m1-1': 10.43, 'm2-1': 97.44, 'm3-1': 1.06, 'm4-1': 97.09, 'm5-1': 115.31, 'm6-1': 10.83, 'm7-1': 104.9, 'm8-1': 1.0}",1.59,56.768000000000015,57.82800000000002,inf,177.939,177.939
117,T4,BESTEFFORT,COMPLETED,m8-1,28.574,"{'m1-1': 11.74, 'm2-1': 102.51, 'm3-1': 1.03, 'm4-1': 107.46, 'm5-1': 104.23, 'm6-1': 10.57, 'm7-1': 103.3, 'm8-1': 1.17}",1.755,57.52600000000001,58.69600000000001,inf,178.574,178.574
118,T2,BESTEFFORT,COMPLETED,m6-1,28.809,"{'m1-1': 10.69, 'm2-1': 95.26, 'm3-1': 1.01, 'm4-1': 107.89, 'm5-1': 108.24, 'm6-1': 10.06, 'm7-1': 107.77, 'm8-1': 1.03}",15.09,47.497,57.557,inf,178.809,178.809
119,T4,BESTEFFORT,COMPLETED,m3-1,29.144,"{'m1-1': 10.81, 'm2-1': 100.2, 'm3-1': 1.05, 'm4-1': 95.6, 'm5-1': 100.34, 'm6-1': 11.34, 'm7-1': 107.59, 'm8-1': 1.15}",1.5750000000000002,57.82800000000002,58.878000000000014,inf,179.144,179.144
120,T2,BESTEFFORT,COMPLETED,m1-1,29.268,"{'m1-1': 10.95, 'm2-1': 95.44, 'm3-1': 1.1, 'm4-1': 105.92, 'm5-1': 111.15, 'm6-1': 10.69, 'm7-1': 100.21, 'm8-1': 0.96}",16.424999999999997,50.833000000000006,61.783,inf,179.268,179.268
121,T2,BESTEFFORT,COMPLETED,m8-1,29.296,"{'m1-1': 10.38, 'm2-1': 99.38, 'm3-1': 1.11, 'm4-1': 96.98, 'm5-1': 105.22, 'm6-1': 10.68, 'm7-1': 107.54, 'm8-1': 1.1}",1.6500000000000001,58.69600000000001,59.796000000000014,inf,179.296,179.296
122,T4,BESTEFFORT,COMPLETED,m3-1,29.351,"{'m1-1': 11.41, 'm2-1': 99.46, 'm3-1': 1.02, 'm4-1': 106.45, 'm5-1': 97.36, 'm6-1': 11.25, 'm7-1': 113.78, 'm8-1': 1.13}",1.53,58.878000000000014,59.89800000000002,inf,179.351,179.351
123,T2,BESTEFFORT,COMPLETED,m8-1,29.433,"{'m1-1': 10.98, 'm2-1': 106.1, 'm3-1': 1.17, 'm4-1': 107.68, 'm5-1': 99.71, 'm6-1': 10.03, 'm7-1': 93.78, 'm8-1': 1.1}",1.6500000000000001,59.796000000000014,60.896000000000015,inf,179.433,179.433
124,T4,BESTEFFORT,COMPLETED,m3-1,29.691,"{'m1-1': 11.5, 'm2-1': 111.11, 'm3-1': 1.12, 'm4-1': 109.38, 'm5-1': 102.96, 'm6-1': 11.25, 'm7-1': 103.38, 'm8-1': 1.15}",1.6800000000000002,59.89800000000002,61.018000000000015,inf,179.691,179.691
125,T2,BESTEFFORT,COMPLETED,m8-1,29.938,"{'m1-1': 9.36, 'm2-1': 93.96, 'm3-1': 1.03, 'm4-1': 102.34, 'm5-1': 105.33, 'm6-1': 10.94, 'm7-1': 97.31, 'm8-1': 1.07}",1.605,60.896000000000015,61.966000000000015,inf,179.938,179.938
126,T3,BESTEFFORT,COMPLETED,m3-1,29.95,"{'m1-1': 9.91, 'm2-1': 109.27, 'm3-1': 1.03, 'm4-1': 97.6, 'm5-1': 103.19, 'm6-1': 10.04, 'm7-1': 102.78, 'm8-1': 1.08}",1.545,61.018000000000015,62.048000000000016,inf,179.95,179.95
127,T1,BESTEFFORT,COMPLETED,m8-1,30.147,"{'m1-1': 11.34, 'm2-1': 114.83, 'm3-1': 1.14, 'm4-1': 109.26, 'm5-1': 108.49, 'm6-1': 11.28, 'm7-1': 93.17, 'm8-1': 1.01}",1.5150000000000001,61.966000000000015,62.97600000000001,inf,180.147,180.147
128,T3,BESTEFFORT,COMPLETED,m3-1,30.22,"{'m1-1': 10.32, 'm2-1': 101.69, 'm3-1': 1.11, 'm4-1': 112.09, 'm5-1': 100.03, 'm6-1': 10.08, 'm7-1': 100.86, 'm8-1': 1.03}",1.665,62.048000000000016,63.158000000000015,inf,180.22,180.22
129,T3,BESTEFFORT,COMPLETED,m8-1,30.225,"{'m1-1': 11.2, 'm2-1': 107.75, 'm3-1': 1.18, 'm4-1': 105.68, 'm5-1': 112.44, 'm6-1': 9.96, 'm7-1': 99.43, 'm8-1': 1.0}",1.5,62.97600000000001,63.97600000000001,inf,180.225,180.225
130,T4,BESTEFFORT,COMPLETED,m3-1,30.678,"{'m1-1': 11.47, 'm2-1': 106.49, 'm3-1': 1.02, 'm4-1': 104.16, 'm5-1': 110.8, 'm6-1': 11.58, 'm7-1': 107.91, 'm8-1': 1.18}",1.53,63.158000000000015,64.17800000000001,inf,180.678,180.678
131,T4,BESTEFFORT,COMPLETED,m8-1,31.118,"{'m1-1': 9.98, 'm2-1': 105.08, 'm3-1': 1.13, 'm4-1': 110.74, 'm5-1': 111.51, 'm6-1': 10.51, 'm7-1': 101.49, 'm8-1': 1.07}",1.605,63.97600000000001,65.046,inf,181.118,181.118
132,T1,BESTEFFORT,COMPLETED,m3-1,31.128,"{'m1-1': 10.41, 'm2-1': 101.96, 'm3-1': 1.0, 'm4-1': 110.69, 'm5-1': 112.45, 'm6-1': 11.19, 'm7-1': 98.84, 'm8-1': 1.05}",1.5,64.17800000000001,65.17800000000001,inf,181.128,181.128
133,T1,BESTEFFORT,COMPLETED,m8-1,31.248,"{'m1-1': 11.07, 'm2-1': 112.86, 'm3-1': 1.0, 'm4-1': 96.28, 'm5-1': 103.48, 'm6-1': 10.52, 'm7-1': 100.33, 'm8-1': 1.04}",1.56,65.046,66.08600000000001,inf,181.248,181.248
134,T2,BESTEFFORT,COMPLETED,m3-1,31.296,"{'m1-1': 10.84, 'm2-1': 104.52, 'm3-1': 1.14, 'm4-1': 92.81, 'm5-1': 106.92, 'm6-1': 9.89, 'm7-1': 102.45, 'm8-1': 1.09}",1.71,65.17800000000001,66.31800000000001,inf,181.296,181.296
135,T2,BESTEFFORT,COMPLETED,m8-1,31.424,"{'m1-1': 10.23, 'm2-1': 95.95, 'm3-1': 1.07, 'm4-1': 103.19, 'm5-1': 110.19, 'm6-1': 9.7, 'm7-1': 102.88, 'm8-1': 1.04}",1.56,66.08600000000001,67.12600000000002,inf,181.424,181.424
136,T1,BESTEFFORT,COMPLETED,m3-1,31.866,"{'m1-1': 11.74, 'm2-1': 102.32, 'm3-1': 1.1, 'm4-1': 105.78, 'm5-1': 104.87, 'm6-1': 11.1, 'm7-1': 96.98, 'm8-1': 1.07}",1.6500000000000001,66.31800000000001,67.418,inf,181.86599999999999,181.86599999999999
137,T4,BESTEFFORT,COMPLETED,m8-1,32.425,"{'m1-1': 10.95, 'm2-1': 104.68, 'm3-1': 0.99, 'm4-1': 107.95, 'm5-1': 102.02, 'm6-1': 10.64, 'm7-1': 105.88, 'm8-1': 1.06}",1.59,67.12600000000002,68.18600000000002,inf,182.425,182.425
138,T1,BESTEFFORT,COMPLETED,m6-1,32.799,"{'m1-1': 10.01, 'm2-1': 103.34, 'm3-1': 1.1, 'm4-1': 109.26, 'm5-1': 115.28, 'm6-1': 9.97, 'm7-1': 103.31, 'm8-1': 1.02}",14.955000000000002,57.557,67.527,inf,182.799,182.799
139,T1,BESTEFFORT,COMPLETED,m3-1,33.091,"{'m1-1': 10.93, 'm2-1': 97.4, 'm3-1': 1.14, 'm4-1': 109.11, 'm5-1': 101.79, 'm6-1': 10.09, 'm7-1': 91.59, 'm8-1': 0.96}",1.71,67.418,68.558,inf,183.091,183.091
140,T4,BESTEFFORT,COMPLETED,m8-1,33.239,"{'m1-1': 10.8, 'm2-1': 96.07, 'm3-1': 1.12, 'm4-1': 110.83, 'm5-1': 97.18, 'm6-1': 10.73, 'm7-1': 110.48, 'm8-1': 1.17}",1.755,68.18600000000002,69.35600000000002,inf,183.239,183.239
141,T2,BESTEFFORT,COMPLETED,m3-1,33.371,"{'m1-1': 10.74, 'm2-1': 100.69, 'm3-1': 1.15, 'm4-1': 107.78, 'm5-1': 98.01, 'm6-1': 9.55, 'm7-1': 93.96, 'm8-1': 1.09}",1.7249999999999999,68.558,69.70800000000001,inf,183.371,183.371
142,T2,BESTEFFORT,COMPLETED,m1-1,33.595,"{'m1-1': 10.4, 'm2-1': 104.13, 'm3-1': 1.02, 'm4-1': 102.13, 'm5-1': 98.79, 'm6-1': 10.06, 'm7-1': 100.58, 'm8-1': 1.02}",15.600000000000001,61.783,72.183,inf,183.595,183.595
143,T1,BESTEFFORT,COMPLETED,m8-1,34.072,"{'m1-1': 11.39, 'm2-1': 99.08, 'm3-1': 1.14, 'm4-1': 106.25, 'm5-1': 116.04, 'm6-1': 11.26, 'm7-1': 105.59, 'm8-1': 1.03}",1.545,69.35600000000002,70.38600000000002,inf,184.072,184.072
144,T2,BESTEFFORT,COMPLETED,m3-1,34.151,"{'m1-1': 10.78, 'm2-1': 97.96, 'm3-1': 1.1, 'm4-1': 102.55, 'm5-1': 100.9, 'm6-1': 10.99, 'm7-1': 101.46, 'm8-1': 0.94}",1.6500000000000001,69.70800000000001,70.808,inf,184.151,184.151
145,T2,BESTEFFORT,COMPLETED,m8-1,34.26,"{'m1-1': 9.69, 'm2-1': 103.76, 'm3-1': 1.14, 'm4-1': 104.66, 'm5-1': 101.68, 'm6-1': 11.06, 'm7-1': 96.77, 'm8-1': 1.08}",1.62,70.38600000000002,71.46600000000002,inf,184.26,184.26
146,T1,BESTEFFORT,COMPLETED,m3-1,34.293,"{'m1-1': 10.68, 'm2-1': 98.95, 'm3-1': 1.0, 'm4-1': 94.17, 'm5-1': 100.48, 'm6-1': 10.98, 'm7-1': 103.02, 'm8-1': 1.01}",1.5,70.808,71.808,inf,184.293,184.293
147,T1,BESTEFFORT,COMPLETED,m8-1,34.313,"{'m1-1': 10.96, 'm2-1': 114.25, 'm3-1': 1.02, 'm4-1': 106.9, 'm5-1': 105.95, 'm6-1': 9.85, 'm7-1': 98.62, 'm8-1': 1.02}",1.53,71.46600000000002,72.48600000000002,inf,184.313,184.313
148,T1,BESTEFFORT,COMPLETED,m3-1,34.832,"{'m1-1': 10.88, 'm2-1': 102.74, 'm3-1': 1.05, 'm4-1': 96.74, 'm5-1': 113.2, 'm6-1': 10.62, 'm7-1': 92.35, 'm8-1': 0.98}",1.5750000000000002,71.808,72.858,inf,184.832,184.832
149,T3,BESTEFFORT,COMPLETED,m8-1,34.97,"{'m1-1': 10.85, 'm2-1': 109.52, 'm3-1': 1.17, 'm4-1': 108.82, 'm5-1': 104.08, 'm6-1': 10.26, 'm7-1': 106.32, 'm8-1': 1.03}",1.545,72.48600000000002,73.51600000000002,inf,184.97,184.97
150,T1,BESTEFFORT,COMPLETED,m3-1,35.427,"{'m1-1': 10.48, 'm2-1': 104.51, 'm3-1': 1.13, 'm4-1': 110.39, 'm5-1': 100.79, 'm6-1': 11.15, 'm7-1': 97.08, 'm8-1': 0.99}",1.6949999999999998,72.858,73.988,inf,185.427,185.427
151,T3,BESTEFFORT,COMPLETED,m8-1,35.609,"{'m1-1': 9.89, 'm2-1': 105.09, 'm3-1': 1.01, 'm4-1': 101.02, 'm5-1': 101.79, 'm6-1': 10.32, 'm7-1': 99.58, 'm8-1': 0.98}",1.47,73.51600000000002,74.49600000000002,inf,185.609,185.609
152,T3,BESTEFFORT,COMPLETED,m3-1,35.679,"{'m1-1': 10.5, 'm2-1': 105.44, 'm3-1': 1.08, 'm4-1': 107.41, 'm5-1': 110.39, 'm6-1': 10.47, 'm7-1': 107.61, 'm8-1': 1.1}",1.62,73.988,75.068,inf,185.679,185.679
153,T4,BESTEFFORT,COMPLETED,m8-1,36.093,"{'m1-1': 10.7, 'm2-1': 100.36, 'm3-1': 1.03, 'm4-1': 110.69, 'm5-1': 97.32, 'm6-1': 10.72, 'm7-1': 107.23, 'm8-1': 1.04}",1.56,74.49600000000002,75.53600000000003,inf,186.09300000000002,186.09300000000002
154,T4,BESTEFFORT,COMPLETED,m3-1,36.26,"{'m1-1': 11.38, 'm2-1': 96.56, 'm3-1': 1.0, 'm4-1': 108.24, 'm5-1': 102.96, 'm6-1': 10.49, 'm7-1': 106.12, 'm8-1': 1.05}",1.5,75.068,76.068,inf,186.26,186.26
155,T1,BESTEFFORT,COMPLETED,m8-1,36.294,"{'m1-1': 10.79, 'm2-1': 100.28, 'm3-1': 1.09, 'm4-1': 95.49, 'm5-1': 102.6, 'm6-1': 10.08, 'm7-1': 97.17, 'm8-1': 1.02}",1.53,75.53600000000003,76.55600000000003,inf,186.29399999999998,186.29399999999998
156,T3,BESTEFFORT,COMPLETED,m3-1,36.312,"{'m1-1': 9.82, 'm2-1': 104.76, 'm3-1': 1.09, 'm4-1': 98.88, 'm5-1': 100.3, 'm6-1': 10.06, 'm7-1': 108.16, 'm8-1': 1.07}",1.6350000000000002,76.068,77.158,inf,186.312,186.312
157,T3,BESTEFFORT,COMPLETED,m8-1,36.471,"{'m1-1': 10.35, 'm2-1': 107.26, 'm3-1': 1.04, 'm4-1': 101.38, 'm5-1': 98.22, 'm6-1': 10.74, 'm7-1': 107.64, 'm8-1': 0.97}",1.455,76.55600000000003,77.52600000000002,inf,186.471,186.471
158,T2,BESTEFFORT,COMPLETED,m3-1,37.509,"{'m1-1': 10.34, 'm2-1': 103.55, 'm3-1': 1.08, 'm4-1': 109.75, 'm5-1': 107.29, 'm6-1': 10.74, 'm7-1': 101.7, 'm8-1': 1.05}",1.62,77.158,78.238,inf,187.50900000000001,187.50900000000001
159,T4,BESTEFFORT,COMPLETED,m8-1,38.525,"{'m1-1': 10.78, 'm2-1': 95.71, 'm3-1': 0.98, 'm4-1': 109.61, 'm5-1': 110.21, 'm6-1': 10.76, 'm7-1': 97.35, 'm8-1': 1.1}",1.6500000000000001,77.52600000000002,78.62600000000002,inf,188.525,188.525
160,T4,BESTEFFORT,COMPLETED,m6-1,38.721,"{'m1-1': 10.07, 'm2-1': 97.95, 'm3-1': 1.14, 'm4-1': 102.87, 'm5-1': 111.35, 'm6-1': 11.71, 'm7-1': 109.84, 'm8-1': 1.1}",17.565,67.527,79.237,inf,188.721,188.721
161,T2,BESTEFFORT,COMPLETED,m3-1,38.875,"{'m1-1': 10.5, 'm2-1': 109.46, 'm3-1': 1.15, 'm4-1': 101.63, 'm5-1': 106.91, 'm6-1': 9.77, 'm7-1': 92.55, 'm8-1': 1.02}",1.7249999999999999,78.238,79.388,inf,188.875,188.875
162,T3,BESTEFFORT,COMPLETED,m8-1,39.369,"{'m1-1': 10.53, 'm2-1': 111.8, 'm3-1': 1.0, 'm4-1': 110.67, 'm5-1': 111.43, 'm6-1': 10.28, 'm7-1': 98.76, 'm8-1': 1.04}",1.56,78.62600000000002,79.66600000000003,inf,189.369,189.369
163,T4,BESTEFFORT,COMPLETED,m3-1,39.624,"{'m1-1': 10.82, 'm2-1': 104.94, 'm3-1': 1.08, 'm4-1': 107.07, 'm5-1': 105.95, 'm6-1': 10.73, 'm7-1': 108.16, 'm8-1': 1.11}",1.62,79.388,80.468,inf,189.624,189.624
164,T1,BESTEFFORT,COMPLETED,m8-1,39.625,"{'m1-1': 11.41, 'm2-1': 97.4, 'm3-1': 1.09, 'm4-1': 94.9, 'm5-1': 102.11, 'm6-1': 10.43, 'm7-1': 99.26, 'm8-1': 1.09}",1.6350000000000002,79.66600000000003,80.75600000000003,inf,189.625,189.625
165,T4,BESTEFFORT,COMPLETED,m1-1,39.667,"{'m1-1': 10.04, 'm2-1': 105.53, 'm3-1': 1.01, 'm4-1': 99.9, 'm5-1': 102.13, 'm6-1': 11.71, 'm7-1': 112.16, 'm8-1': 1.15}",15.059999999999999,72.183,82.22300000000001,inf,189.667,189.667
166,T2,BESTEFFORT,COMPLETED,m3-1,40.551,"{'m1-1': 9.35, 'm2-1': 110.62, 'm3-1': 1.02, 'm4-1': 105.92, 'm5-1': 115.66, 'm6-1': 10.72, 'm7-1': 97.96, 'm8-1': 1.06}",1.53,80.468,81.488,inf,190.551,190.551
167,T4,BESTEFFORT,COMPLETED,m8-1,40.727,"{'m1-1': 10.5, 'm2-1': 102.06, 'm3-1': 0.96, 'm4-1': 97.67, 'm5-1': 105.33, 'm6-1': 10.97, 'm7-1': 106.12, 'm8-1': 1.07}",1.605,80.75600000000003,81.82600000000002,inf,190.727,190.727
168,T3,BESTEFFORT,COMPLETED,m3-1,40.819,"{'m1-1': 10.92, 'm2-1': 111.07, 'm3-1': 1.09, 'm4-1': 101.27, 'm5-1': 106.9, 'm6-1': 10.1, 'm7-1': 110.41, 'm8-1': 1.03}",1.6350000000000002,81.488,82.578,inf,190.81900000000002,190.81900000000002
169,T4,BESTEFFORT,COMPLETED,m8-1,41.183,"{'m1-1': 11.67, 'm2-1': 103.57, 'm3-1': 1.12, 'm4-1': 105.16, 'm5-1': 103.37, 'm6-1': 10.8, 'm7-1': 112.12, 'm8-1': 1.06}",1.59,81.82600000000002,82.88600000000002,inf,191.183,191.183
170,T1,BESTEFFORT,COMPLETED,m3-1,41.591,"{'m1-1': 11.28, 'm2-1': 104.28, 'm3-1': 1.15, 'm4-1': 107.3, 'm5-1': 100.96, 'm6-1': 11.32, 'm7-1': 104.55, 'm8-1': 1.02}",1.7249999999999999,82.578,83.72800000000001,inf,191.591,191.591
171,T3,BESTEFFORT,COMPLETED,m8-1,42.265,"{'m1-1': 11.51, 'm2-1': 96.23, 'm3-1': 1.16, 'm4-1': 101.58, 'm5-1': 108.55, 'm6-1': 9.24, 'm7-1': 107.65, 'm8-1': 0.98}",1.47,82.88600000000002,83.86600000000003,inf,192.265,192.265
172,T2,BESTEFFORT,COMPLETED,m3-1,42.754,"{'m1-1': 9.97, 'm2-1': 107.53, 'm3-1': 1.04, 'm4-1': 109.35, 'm5-1': 113.72, 'm6-1': 10.79, 'm7-1': 105.72, 'm8-1': 1.06}",1.56,83.72800000000001,84.76800000000001,inf,192.754,192.754
173,T1,BESTEFFORT,COMPLETED,m8-1,42.761,"{'m1-1': 10.02, 'm2-1': 106.5, 'm3-1': 1.12, 'm4-1': 94.37, 'm5-1': 111.9, 'm6-1': 10.95, 'm7-1': 103.2, 'm8-1': 0.97}",1.455,83.86600000000003,84.83600000000003,inf,192.761,192.761
174,T4,BESTEFFORT,COMPLETED,m3-1,42.771,"{'m1-1': 11.49, 'm2-1': 111.81, 'm3-1': 1.11, 'm4-1': 113.01, 'm5-1': 112.24, 'm6-1': 10.9, 'm7-1': 105.28, 'm8-1': 1.13}",1.665,84.76800000000001,85.87800000000001,inf,192.77100000000002,192.77100000000002
175,T4,BESTEFFORT,COMPLETED,m8-1,42.782,"{'m1-1': 10.95, 'm2-1': 102.29, 'm3-1': 1.06, 'm4-1': 112.14, 'm5-1': 96.07, 'm6-1': 11.71, 'm7-1': 107.1, 'm8-1': 1.13}",1.6949999999999998,84.83600000000003,85.96600000000002,inf,192.78199999999998,192.78199999999998
176,T4,BESTEFFORT,COMPLETED,m3-1,43.436,"{'m1-1': 11.53, 'm2-1': 102.76, 'm3-1': 0.97, 'm4-1': 100.23, 'm5-1': 97.01, 'm6-1': 11.5, 'm7-1': 100.69, 'm8-1': 1.07}",1.455,85.87800000000001,86.84800000000001,inf,193.436,193.436
177,T4,BESTEFFORT,COMPLETED,m8-1,43.538,"{'m1-1': 10.65, 'm2-1': 95.1, 'm3-1': 1.08, 'm4-1': 98.39, 'm5-1': 112.55, 'm6-1': 11.06, 'm7-1': 114.45, 'm8-1': 1.19}",1.785,85.96600000000002,87.15600000000002,inf,193.538,193.538
178,T4,BESTEFFORT,COMPLETED,m3-1,43.675,"{'m1-1': 10.92, 'm2-1': 109.24, 'm3-1': 1.07, 'm4-1': 109.01, 'm5-1': 97.0, 'm6-1': 11.45, 'm7-1': 106.33, 'm8-1': 1.13}",1.605,86.84800000000001,87.918,inf,193.675,193.675
179,T2,BESTEFFORT,COMPLETED,m8-1,44.633,"{'m1-1': 10.4, 'm2-1': 105.39, 'm3-1': 1.02, 'm4-1': 107.31, 'm5-1': 102.36, 'm6-1': 10.11, 'm7-1': 99.27, 'm8-1': 1.03}",1.545,87.15600000000002,88.18600000000002,inf,194.633,194.633
180,T1,BESTEFFORT,COMPLETED,m6-1,44.762,"{'m1-1': 11.14, 'm2-1': 109.77, 'm3-1': 1.06, 'm4-1': 98.4, 'm5-1': 113.03, 'm6-1': 10.06, 'm7-1': 105.43, 'm8-1': 1.06}",15.09,79.237,89.297,inf,194.762,194.762
181,T1,BESTEFFORT,COMPLETED,m8-1,45.19,"{'m1-1': 11.41, 'm2-1': 108.57, 'm3-1': 1.12, 'm4-1': 101.8, 'm5-1': 116.71, 'm6-1': 9.71, 'm7-1': 99.8, 'm8-1': 1.06}",1.59,88.18600000000002,89.24600000000002,inf,195.19,195.19
182,T4,BESTEFFORT,COMPLETED,m3-1,45.386,"{'m1-1': 11.22, 'm2-1': 102.29, 'm3-1': 1.07, 'm4-1': 102.08, 'm5-1': 107.31, 'm6-1': 10.29, 'm7-1': 102.91, 'm8-1': 1.11}",1.605,87.918,88.988,inf,195.386,195.386
183,T1,BESTEFFORT,COMPLETED,m8-1,45.402,"{'m1-1': 10.98, 'm2-1': 113.08, 'm3-1': 1.1, 'm4-1': 98.4, 'm5-1': 114.14, 'm6-1': 11.14, 'm7-1': 100.38, 'm8-1': 0.99}",1.4849999999999999,89.24600000000002,90.23600000000002,inf,195.402,195.402
184,T1,BESTEFFORT,COMPLETED,m3-1,45.439,"{'m1-1': 11.56, 'm2-1': 102.4, 'm3-1': 1.06, 'm4-1': 109.51, 'm5-1': 110.68, 'm6-1': 10.06, 'm7-1': 97.96, 'm8-1': 1.06}",1.59,88.988,90.048,inf,195.439,195.439
185,T2,BESTEFFORT,COMPLETED,m1-1,45.592,"{'m1-1': 9.75, 'm2-1': 98.11, 'm3-1': 1.02, 'm4-1': 93.82, 'm5-1': 105.53, 'm6-1': 10.93, 'm7-1': 104.11, 'm8-1': 1.01}",14.625,82.22300000000001,91.97300000000001,inf,195.59199999999998,195.59199999999998
186,T3,BESTEFFORT,COMPLETED,m8-1,45.64,"{'m1-1': 10.61, 'm2-1': 111.18, 'm3-1': 1.11, 'm4-1': 101.28, 'm5-1': 103.67, 'm6-1': 10.79, 'm7-1': 102.58, 'm8-1': 0.97}",1.455,90.23600000000002,91.20600000000002,inf,195.64,195.64
187,T2,BESTEFFORT,COMPLETED,m3-1,46.067,"{'m1-1': 10.57, 'm2-1': 103.99, 'm3-1': 1.04, 'm4-1': 97.12, 'm5-1': 110.37, 'm6-1': 9.69, 'm7-1': 109.42, 'm8-1': 0.97}",1.56,90.048,91.08800000000001,inf,196.067,196.067
188,T4,BESTEFFORT,COMPLETED,m8-1,46.311,"{'m1-1': 11.28, 'm2-1': 109.87, 'm3-1': 1.05, 'm4-1': 103.76, 'm5-1': 112.04, 'm6-1': 10.1, 'm7-1': 98.54, 'm8-1': 1.08}",1.62,91.20600000000002,92.28600000000002,inf,196.311,196.311
189,T1,BESTEFFORT,COMPLETED,m3-1,46.703,"{'m1-1': 10.63, 'm2-1': 104.95, 'm3-1': 1.05, 'm4-1': 108.64, 'm5-1': 104.89, 'm6-1': 10.3, 'm7-1': 105.63, 'm8-1': 1.08}",1.5750000000000002,91.08800000000001,92.138,inf,196.703,196.703
190,T1,BESTEFFORT,COMPLETED,m8-1,46.852,"{'m1-1': 10.86, 'm2-1': 114.88, 'm3-1': 1.03, 'm4-1': 94.3, 'm5-1': 115.41, 'm6-1': 9.79, 'm7-1': 96.4, 'm8-1': 0.94}",1.41,92.28600000000002,93.22600000000001,inf,196.852,196.852
191,T2,BESTEFFORT,COMPLETED,m3-1,46.91,"{'m1-1': 10.77, 'm2-1': 97.96, 'm3-1': 1.12, 'm4-1': 99.12, 'm5-1': 107.42, 'm6-1': 10.44, 'm7-1': 107.84, 'm8-1': 0.98}",1.6800000000000002,92.138,93.25800000000001,inf,196.91,196.91
192,T1,BESTEFFORT,COMPLETED,m8-1,48.211,"{'m1-1': 11.37, 'm2-1': 114.89, 'm3-1': 1.01, 'm4-1': 101.35, 'm5-1': 105.41, 'm6-1': 10.3, 'm7-1': 98.9, 'm8-1': 0.97}",1.455,93.22600000000001,94.19600000000001,inf,198.211,198.211
193,T2,BESTEFFORT,COMPLETED,m3-1,48.662,"{'m1-1': 9.74, 'm2-1': 98.19, 'm3-1': 1.04, 'm4-1': 96.84, 'm5-1': 107.24, 'm6-1': 9.5, 'm7-1': 97.28, 'm8-1': 1.02}",1.56,93.25800000000001,94.29800000000002,inf,198.662,198.662
194,T3,BESTEFFORT,COMPLETED,m8-1,48.762,"{'m1-1': 10.6, 'm2-1': 111.18, 'm3-1': 1.16, 'm4-1': 100.34, 'm5-1': 110.46, 'm6-1': 9.56, 'm7-1': 103.14, 'm8-1': 1.06}",1.59,94.19600000000001,95.25600000000001,inf,198.762,198.762
195,T1,BESTEFFORT,COMPLETED,m3-1,49.074,"{'m1-1': 10.78, 'm2-1': 96.76, 'm3-1': 1.14, 'm4-1': 94.73, 'm5-1': 113.8, 'm6-1': 10.42, 'm7-1': 99.01, 'm8-1': 1.07}",1.71,94.29800000000002,95.43800000000002,inf,199.074,199.074
196,T4,BESTEFFORT,COMPLETED,m8-1,49.688,"{'m1-1': 11.69, 'm2-1': 98.76, 'm3-1': 1.02, 'm4-1': 109.61, 'm5-1': 104.38, 'm6-1': 10.82, 'm7-1': 101.38, 'm8-1': 1.14}",1.71,95.25600000000001,96.39600000000002,inf,199.688,199.688
197,T1,BESTEFFORT,COMPLETED,m3-1,49.876,"{'m1-1': 11.84, 'm2-1': 98.74, 'm3-1': 1.12, 'm4-1': 107.0, 'm5-1': 115.9, 'm6-1': 10.17, 'm7-1': 102.58, 'm8-1': 1.0}",1.6800000000000002,95.43800000000002,96.55800000000002,inf,199.876,199.876
198,T4,BESTEFFORT,COMPLETED,m8-1,50.87,"{'m1-1': 10.77, 'm2-1': 96.05, 'm3-1': 0.98, 'm4-1': 108.65, 'm5-1': 100.92, 'm6-1': 11.57, 'm7-1': 97.24, 'm8-1': 1.08}",1.62,96.39600000000002,97.47600000000001,inf,200.87,200.87
199,T3,BESTEFFORT,COMPLETED,m3-1,51.676,"{'m1-1': 10.13, 'm2-1': 109.28, 'm3-1': 1.12, 'm4-1': 98.91, 'm5-1': 106.38, 'm6-1': 9.86, 'm7-1': 105.89, 'm8-1': 1.11}",1.6800000000000002,96.55800000000002,97.67800000000003,inf,201.676,201.676
200,T1,BESTEFFORT,COMPLETED,m6-1,52.273,"{'m1-1': 11.27, 'm2-1': 105.68, 'm3-1': 1.11, 'm4-1': 109.39, 'm5-1': 107.18, 'm6-1': 9.96, 'm7-1': 96.58, 'm8-1': 1.05}",14.940000000000001,89.297,99.257,inf,202.273,202.273
201,T3,BESTEFFORT,COMPLETED,m8-1,52.951,"{'m1-1': 10.82, 'm2-1': 96.02, 'm3-1': 1.07, 'm4-1': 107.2, 'm5-1': 104.09, 'm6-1': 9.61, 'm7-1': 104.93, 'm8-1': 1.03}",1.545,97.47600000000001,98.50600000000001,inf,202.951,202.951
202,T2,BESTEFFORT,COMPLETED,m3-1,53.504,"{'m1-1': 9.65, 'm2-1': 111.42, 'm3-1': 1.06, 'm4-1': 105.73, 'm5-1': 111.87, 'm6-1': 10.58, 'm7-1': 93.07, 'm8-1': 0.96}",1.59,97.67800000000003,98.73800000000003,inf,203.504,203.504
203,T1,BESTEFFORT,COMPLETED,m8-1,54.009,"{'m1-1': 10.23, 'm2-1': 104.39, 'm3-1': 1.02, 'm4-1': 107.88, 'm5-1': 107.48, 'm6-1': 10.03, 'm7-1': 105.57, 'm8-1': 1.09}",1.6350000000000002,98.50600000000001,99.59600000000002,inf,204.00900000000001,204.00900000000001
204,T2,BESTEFFORT,COMPLETED,m3-1,54.081,"{'m1-1': 9.34, 'm2-1': 104.02, 'm3-1': 1.0, 'm4-1': 96.47, 'm5-1': 110.28, 'm6-1': 10.18, 'm7-1': 99.4, 'm8-1': 1.06}",1.5,98.73800000000003,99.73800000000003,inf,204.08100000000002,204.08100000000002
205,T2,BESTEFFORT,COMPLETED,m1-1,54.229,"{'m1-1': 9.79, 'm2-1': 108.69, 'm3-1': 1.08, 'm4-1': 102.28, 'm5-1': 112.53, 'm6-1': 10.6, 'm7-1': 100.87, 'm8-1': 0.95}",14.684999999999999,91.97300000000001,101.763,inf,204.22899999999998,204.22899999999998
206,T4,BESTEFFORT,COMPLETED,m8-1,54.577,"{'m1-1': 11.42, 'm2-1': 108.81, 'm3-1': 0.99, 'm4-1': 109.36, 'm5-1': 103.25, 'm6-1': 10.39, 'm7-1': 110.36, 'm8-1': 1.08}",1.62,99.59600000000002,100.67600000000002,inf,204.577,204.577
207,T2,BESTEFFORT,COMPLETED,m3-1,54.794,"{'m1-1': 9.92, 'm2-1': 101.33, 'm3-1': 1.15, 'm4-1': 108.08, 'm5-1': 111.75, 'm6-1': 9.92, 'm7-1': 109.56, 'm8-1': 1.06}",1.7249999999999999,99.73800000000003,100.88800000000003,inf,204.79399999999998,204.79399999999998
208,T2,BESTEFFORT,COMPLETED,m8-1,55.099,"{'m1-1': 10.39, 'm2-1': 97.16, 'm3-1': 1.06, 'm4-1': 95.45, 'm5-1': 106.9, 'm6-1': 9.51, 'm7-1': 99.65, 'm8-1': 1.03}",1.545,100.67600000000002,101.70600000000002,inf,205.099,205.099
209,T3,BESTEFFORT,COMPLETED,m3-1,55.217,"{'m1-1': 11.29, 'm2-1': 110.64, 'm3-1': 1.01, 'm4-1': 107.45, 'm5-1': 110.14, 'm6-1': 10.02, 'm7-1': 99.15, 'm8-1': 1.0}",1.5150000000000001,100.88800000000003,101.89800000000004,inf,205.21699999999998,205.21699999999998
210,T4,BESTEFFORT,COMPLETED,m8-1,55.306,"{'m1-1': 10.6, 'm2-1': 99.21, 'm3-1': 0.99, 'm4-1': 106.5, 'm5-1': 100.99, 'm6-1': 11.46, 'm7-1': 112.69, 'm8-1': 1.09}",1.6350000000000002,101.70600000000002,102.79600000000002,inf,205.30599999999998,205.30599999999998
211,T2,BESTEFFORT,COMPLETED,m3-1,55.479,"{'m1-1': 9.71, 'm2-1': 108.6, 'm3-1': 1.03, 'm4-1': 100.52, 'm5-1': 109.85, 'm6-1': 10.14, 'm7-1': 100.36, 'm8-1': 1.1}",1.545,101.89800000000004,102.92800000000004,inf,205.47899999999998,205.47899999999998
212,T4,BESTEFFORT,COMPLETED,m8-1,56.05,"{'m1-1': 10.6, 'm2-1': 108.3, 'm3-1': 1.09, 'm4-1': 111.2, 'm5-1': 110.35, 'm6-1': 11.3, 'm7-1': 100.44, 'm8-1': 1.16}",1.7399999999999998,102.79600000000002,103.95600000000002,inf,206.05,206.05
213,T4,BESTEFFORT,COMPLETED,m3-1,56.175,"{'m1-1': 11.58, 'm2-1': 101.66, 'm3-1': 1.12, 'm4-1': 97.24, 'm5-1': 97.0, 'm6-1': 10.68, 'm7-1': 109.45, 'm8-1': 1.17}",1.6800000000000002,102.92800000000004,104.04800000000004,inf,206.175,206.175
214,T4,BESTEFFORT,COMPLETED,m8-1,56.578,"{'m1-1': 11.2, 'm2-1': 100.92, 'm3-1': 1.02, 'm4-1': 112.39, 'm5-1': 109.92, 'm6-1': 11.05, 'm7-1': 112.24, 'm8-1': 1.1}",1.6500000000000001,103.95600000000002,105.05600000000001,inf,206.578,206.578
215,T4,BESTEFFORT,COMPLETED,m3-1,56.897,"{'m1-1': 11.11, 'm2-1': 98.56, 'm3-1': 0.98, 'm4-1': 109.85, 'm5-1': 112.93, 'm6-1': 10.16, 'm7-1': 102.55, 'm8-1': 1.14}",1.47,104.04800000000004,105.02800000000005,inf,206.897,206.897
216,T2,BESTEFFORT,COMPLETED,m8-1,56.961,"{'m1-1': 9.99, 'm2-1': 106.19, 'm3-1': 1.17, 'm4-1': 109.36, 'm5-1': 104.49, 'm6-1': 9.55, 'm7-1': 99.36, 'm8-1': 1.04}",1.56,105.05600000000001,106.09600000000002,inf,206.961,206.961
217,T1,BESTEFFORT,COMPLETED,m3-1,57.884,"{'m1-1': 11.08, 'm2-1': 112.05, 'm3-1': 1.0, 'm4-1': 110.64, 'm5-1': 113.57, 'm6-1': 10.66, 'm7-1': 99.45, 'm8-1': 0.94}",1.5,105.02800000000005,106.02800000000005,inf,207.88400000000001,207.88400000000001
218,T3,BESTEFFORT,COMPLETED,m8-1,58.18,"{'m1-1': 10.7, 'm2-1': 95.06, 'm3-1': 1.07, 'm4-1': 106.47, 'm5-1': 102.97, 'm6-1': 9.47, 'm7-1': 101.15, 'm8-1': 0.96}",1.44,106.09600000000002,107.05600000000001,inf,208.18,208.18
219,T2,BESTEFFORT,COMPLETED,m3-1,58.491,"{'m1-1': 10.84, 'm2-1': 108.12, 'm3-1': 1.07, 'm4-1': 100.12, 'm5-1': 105.22, 'm6-1': 10.14, 'm7-1': 95.73, 'm8-1': 1.03}",1.605,106.02800000000005,107.09800000000004,inf,208.49099999999999,208.49099999999999
220,T4,BESTEFFORT,COMPLETED,m8-1,58.936,"{'m1-1': 11.38, 'm2-1': 106.89, 'm3-1': 1.02, 'm4-1': 108.17, 'm5-1': 102.46, 'm6-1': 10.14, 'm7-1': 100.24, 'm8-1': 1.12}",1.6800000000000002,107.05600000000001,108.17600000000002,inf,208.936,208.936
221,T4,BESTEFFORT,COMPLETED,m3-1,59.027,"{'m1-1': 11.46, 'm2-1': 108.73, 'm3-1': 1.04, 'm4-1': 103.77, 'm5-1': 112.26, 'm6-1': 11.42, 'm7-1': 106.23, 'm8-1': 1.06}",1.56,107.09800000000004,108.13800000000005,inf,209.027,209.027
222,T3,BESTEFFORT,COMPLETED,m6-1,59.213,"{'m1-1': 10.77, 'm2-1': 100.67, 'm3-1': 1.08, 'm4-1': 112.43, 'm5-1': 102.11, 'm6-1': 9.96, 'm7-1': 99.58, 'm8-1': 1.05}",14.940000000000001,99.257,109.21700000000001,inf,209.213,209.213
223,T2,BESTEFFORT,COMPLETED,m8-1,59.299,"{'m1-1': 9.96, 'm2-1': 96.16, 'm3-1': 1.09, 'm4-1': 104.16, 'm5-1': 107.43, 'm6-1': 10.18, 'm7-1': 105.51, 'm8-1': 0.93}",1.395,108.17600000000002,109.10600000000002,inf,209.299,209.299
224,T4,BESTEFFORT,COMPLETED,m3-1,59.678,"{'m1-1': 11.57, 'm2-1': 104.82, 'm3-1': 0.99, 'm4-1': 97.27, 'm5-1': 110.07, 'm6-1': 10.95, 'm7-1': 104.5, 'm8-1': 1.2}",1.4849999999999999,108.13800000000005,109.12800000000004,inf,209.678,209.678
225,T1,BESTEFFORT,COMPLETED,m8-1,60.156,"{'m1-1': 10.92, 'm2-1': 102.1, 'm3-1': 1.05, 'm4-1': 96.29, 'm5-1': 107.24, 'm6-1': 10.88, 'm7-1': 105.36, 'm8-1': 0.98}",1.47,109.10600000000002,110.08600000000003,inf,210.156,210.156
226,T3,BESTEFFORT,COMPLETED,m3-1,60.63,"{'m1-1': 11.01, 'm2-1': 102.96, 'm3-1': 1.04, 'm4-1': 107.89, 'm5-1': 98.85, 'm6-1': 9.93, 'm7-1': 114.38, 'm8-1': 1.07}",1.56,109.12800000000004,110.16800000000005,inf,210.63,210.63
227,T2,BESTEFFORT,COMPLETED,m1-1,60.772,"{'m1-1': 9.96, 'm2-1': 101.38, 'm3-1': 1.01, 'm4-1': 100.88, 'm5-1': 113.25, 'm6-1': 10.26, 'm7-1': 105.33, 'm8-1': 1.06}",14.940000000000001,101.763,111.72300000000001,inf,210.772,210.772
228,T1,BESTEFFORT,COMPLETED,m8-1,60.851,"{'m1-1': 10.24, 'm2-1': 109.36, 'm3-1': 1.16, 'm4-1': 98.44, 'm5-1': 101.93, 'm6-1': 10.75, 'm7-1': 107.45, 'm8-1': 0.98}",1.47,110.08600000000003,111.06600000000003,inf,210.851,210.851
229,T4,BESTEFFORT,COMPLETED,m3-1,61.497,"{'m1-1': 11.74, 'm2-1': 100.51, 'm3-1': 1.0, 'm4-1': 96.76, 'm5-1': 101.75, 'm6-1': 10.01, 'm7-1': 104.21, 'm8-1': 1.07}",1.5,110.16800000000005,111.16800000000005,inf,211.497,211.497
230,T1,BESTEFFORT,COMPLETED,m8-1,61.742,"{'m1-1': 10.33, 'm2-1': 109.96, 'm3-1': 0.99, 'm4-1': 107.02, 'm5-1': 108.04, 'm6-1': 10.85, 'm7-1': 93.33, 'm8-1': 1.03}",1.545,111.06600000000003,112.09600000000003,inf,211.742,211.742
231,T4,BESTEFFORT,COMPLETED,m3-1,62.209,"{'m1-1': 11.29, 'm2-1': 98.42, 'm3-1': 1.06, 'm4-1': 108.72, 'm5-1': 101.22, 'm6-1': 10.53, 'm7-1': 114.18, 'm8-1': 1.12}",1.59,111.16800000000005,112.22800000000005,inf,212.209,212.209
232,T2,BESTEFFORT,COMPLETED,m8-1,62.251,"{'m1-1': 10.02, 'm2-1': 101.39, 'm3-1': 1.03, 'm4-1': 101.52, 'm5-1': 108.53, 'm6-1': 10.36, 'm7-1': 94.61, 'm8-1': 1.08}",1.62,112.09600000000003,113.17600000000003,inf,212.251,212.251
233,T4,BESTEFFORT,COMPLETED,m3-1,62.259,"{'m1-1': 11.23, 'm2-1': 102.39, 'm3-1': 0.99, 'm4-1': 110.23, 'm5-1': 107.18, 'm6-1': 10.04, 'm7-1': 109.45, 'm8-1': 1.06}",1.4849999999999999,112.22800000000005,113.21800000000005,inf,212.25900000000001,212.25900000000001
234,T1,BESTEFFORT,COMPLETED,m8-1,62.523,"{'m1-1': 10.78, 'm2-1': 110.52, 'm3-1': 1.08, 'm4-1': 101.18, 'm5-1': 99.95, 'm6-1': 9.62, 'm7-1': 103.2, 'm8-1': 0.99}",1.4849999999999999,113.17600000000003,114.16600000000003,inf,212.523,212.523
235,T3,BESTEFFORT,COMPLETED,m3-1,63.042,"{'m1-1': 10.3, 'm2-1': 104.57, 'm3-1': 1.03, 'm4-1': 99.91, 'm5-1': 110.14, 'm6-1': 10.01, 'm7-1': 109.7, 'm8-1': 1.01}",1.545,113.21800000000005,114.24800000000005,inf,213.042,213.042
236,T4,BESTEFFORT,COMPLETED,m8-1,63.209,"{'m1-1': 11.29, 'm2-1': 111.5, 'm3-1': 1.11, 'm4-1': 97.33, 'm5-1': 101.57, 'm6-1': 10.32, 'm7-1': 98.08, 'm8-1': 1.07}",1.605,114.16600000000003,115.23600000000002,inf,213.209,213.209
237,T4,BESTEFFORT,COMPLETED,m3-1,63.734,"{'m1-1': 10.37, 'm2-1': 106.94, 'm3-1': 1.01, 'm4-1': 106.63, 'm5-1': 96.07, 'm6-1': 10.09, 'm7-1': 102.55, 'm8-1': 1.01}",1.5150000000000001,114.24800000000005,115.25800000000005,inf,213.734,213.734
238,T3,BESTEFFORT,COMPLETED,m8-1,64.485,"{'m1-1': 10.95, 'm2-1': 102.36, 'm3-1': 1.12, 'm4-1': 105.2, 'm5-1': 102.98, 'm6-1': 10.17, 'm7-1': 103.7, 'm8-1': 1.09}",1.6350000000000002,115.23600000000002,116.32600000000002,inf,214.485,214.485
239,T3,BESTEFFORT,COMPLETED,m3-1,64.672,"{'m1-1': 10.81, 'm2-1': 95.93, 'm3-1': 1.08, 'm4-1': 108.6, 'm5-1': 111.45, 'm6-1': 10.01, 'm7-1': 108.96, 'm8-1': 1.07}",1.62,115.25800000000005,116.33800000000005,inf,214.672,214.672
240,T2,BESTEFFORT,COMPLETED,m8-1,64.716,"{'m1-1': 10.75, 'm2-1': 99.06, 'm3-1': 1.1, 'm4-1': 101.63, 'm5-1': 104.76, 'm6-1': 10.6, 'm7-1': 93.34, 'm8-1': 0.99}",1.4849999999999999,116.32600000000002,117.31600000000002,inf,214.716,214.716
241,T3,BESTEFFORT,COMPLETED,m3-1,64.948,"{'m1-1': 11.36, 'm2-1': 109.38, 'm3-1': 1.02, 'm4-1': 107.08, 'm5-1': 111.53, 'm6-1': 9.59, 'm7-1': 99.98, 'm8-1': 1.04}",1.53,116.33800000000005,117.35800000000005,inf,214.94799999999998,214.94799999999998
242,T4,BESTEFFORT,COMPLETED,m8-1,64.981,"{'m1-1': 11.63, 'm2-1': 110.11, 'm3-1': 0.97, 'm4-1': 107.79, 'm5-1': 106.38, 'm6-1': 11.45, 'm7-1': 108.71, 'm8-1': 1.19}",1.785,117.31600000000002,118.50600000000001,inf,214.981,214.981
243,T4,BESTEFFORT,COMPLETED,m8-1,65.074,"{'m1-1': 10.02, 'm2-1': 111.04, 'm3-1': 0.98, 'm4-1': 98.78, 'm5-1': 100.08, 'm6-1': 10.27, 'm7-1': 112.69, 'm8-1': 1.14}",1.71,118.50600000000001,119.64600000000002,inf,215.074,215.074
244,T1,BESTEFFORT,COMPLETED,m3-1,65.185,"{'m1-1': 10.66, 'm2-1': 102.44, 'm3-1': 1.0, 'm4-1': 106.72, 'm5-1': 108.23, 'm6-1': 11.23, 'm7-1': 100.28, 'm8-1': 1.04}",1.5,117.35800000000005,118.35800000000005,inf,215.185,215.185
245,T1,BESTEFFORT,COMPLETED,m6-1,65.383,"{'m1-1': 10.83, 'm2-1': 104.69, 'm3-1': 1.1, 'm4-1': 94.5, 'm5-1': 106.97, 'm6-1': 10.4, 'm7-1': 101.85, 'm8-1': 0.97}",15.600000000000001,109.21700000000001,119.61700000000002,inf,215.38299999999998,215.38299999999998
246,T2,BESTEFFORT,COMPLETED,m8-1,65.397,"{'m1-1': 10.76, 'm2-1': 95.42, 'm3-1': 1.1, 'm4-1': 98.24, 'm5-1': 105.93, 'm6-1': 10.26, 'm7-1': 99.02, 'm8-1': 0.98}",1.47,119.64600000000002,120.62600000000002,inf,215.397,215.397
247,T4,BESTEFFORT,COMPLETED,m3-1,65.555,"{'m1-1': 11.31, 'm2-1': 102.32, 'm3-1': 1.07, 'm4-1': 112.89, 'm5-1': 100.05, 'm6-1': 11.28, 'm7-1': 100.1, 'm8-1': 1.02}",1.605,118.35800000000005,119.42800000000004,inf,215.555,215.555
248,T4,BESTEFFORT,COMPLETED,m8-1,65.579,"{'m1-1': 9.99, 'm2-1': 97.72, 'm3-1': 1.11, 'm4-1': 113.66, 'm5-1': 108.83, 'm6-1': 11.41, 'm7-1': 108.77, 'm8-1': 1.14}",1.71,120.62600000000002,121.76600000000002,inf,215.579,215.579
249,T2,BESTEFFORT,COMPLETED,m3-1,66.022,"{'m1-1': 10.7, 'm2-1': 100.57, 'm3-1': 1.01, 'm4-1': 100.28, 'm5-1': 106.31, 'm6-1': 10.13, 'm7-1': 101.44, 'm8-1': 1.04}",1.5150000000000001,119.42800000000004,120.43800000000005,inf,216.022,216.022
250,T4,BESTEFFORT,COMPLETED,m1-1,66.065,"{'m1-1': 10.69, 'm2-1': 106.52, 'm3-1': 1.03, 'm4-1': 112.04, 'm5-1': 106.14, 'm6-1': 10.43, 'm7-1': 96.9, 'm8-1': 1.06}",16.035,111.72300000000001,122.41300000000001,inf,216.065,216.065
251,T4,BESTEFFORT,COMPLETED,m3-1,66.219,"{'m1-1': 10.3, 'm2-1': 110.91, 'm3-1': 0.98, 'm4-1': 97.46, 'm5-1': 99.67, 'm6-1': 11.4, 'm7-1': 109.77, 'm8-1': 1.13}",1.47,120.43800000000005,121.41800000000005,inf,216.219,216.219
252,T4,BESTEFFORT,COMPLETED,m8-1,66.47,"{'m1-1': 10.06, 'm2-1': 107.56, 'm3-1': 1.06, 'm4-1': 108.85, 'm5-1': 100.22, 'm6-1': 11.73, 'm7-1': 99.94, 'm8-1': 1.12}",1.6800000000000002,121.76600000000002,122.88600000000002,inf,216.47,216.47
253,T2,BESTEFFORT,COMPLETED,m3-1,66.536,"{'m1-1': 9.51, 'm2-1': 110.05, 'm3-1': 1.0, 'm4-1': 107.21, 'm5-1': 101.07, 'm6-1': 10.7, 'm7-1': 101.44, 'm8-1': 0.98}",1.5,121.41800000000005,122.41800000000005,inf,216.536,216.536
254,T3,BESTEFFORT,COMPLETED,m8-1,67.005,"{'m1-1': 11.08, 'm2-1': 104.09, 'm3-1': 1.0, 'm4-1': 112.95, 'm5-1': 104.5, 'm6-1': 9.38, 'm7-1': 114.24, 'm8-1': 0.98}",1.47,122.88600000000002,123.86600000000003,inf,217.005,217.005
255,T1,BESTEFFORT,COMPLETED,m3-1,67.331,"{'m1-1': 11.02, 'm2-1': 99.1, 'm3-1': 1.05, 'm4-1': 109.74, 'm5-1': 98.62, 'm6-1': 10.03, 'm7-1': 94.6, 'm8-1': 0.96}",1.5750000000000002,122.41800000000005,123.46800000000005,inf,217.33100000000002,217.33100000000002
256,T3,BESTEFFORT,COMPLETED,m8-1,67.664,"{'m1-1': 11.03, 'm2-1': 104.39, 'm3-1': 1.17, 'm4-1': 98.9, 'm5-1': 111.86, 'm6-1': 10.23, 'm7-1': 99.9, 'm8-1': 1.06}",1.59,123.86600000000003,124.92600000000003,inf,217.664,217.664
257,T1,BESTEFFORT,COMPLETED,m8-1,67.882,"{'m1-1': 10.87, 'm2-1': 102.42, 'm3-1': 1.02, 'm4-1': 106.25, 'm5-1': 115.95, 'm6-1': 10.13, 'm7-1': 95.5, 'm8-1': 1.01}",1.5150000000000001,124.92600000000003,125.93600000000004,inf,217.882,217.882
258,T4,BESTEFFORT,COMPLETED,m3-1,68.049,"{'m1-1': 11.29, 'm2-1': 104.55, 'm3-1': 1.07, 'm4-1': 102.79, 'm5-1': 102.4, 'm6-1': 10.47, 'm7-1': 113.35, 'm8-1': 1.17}",1.605,123.46800000000005,124.53800000000004,inf,218.049,218.049
259,T3,BESTEFFORT,COMPLETED,m8-1,68.241,"{'m1-1': 11.09, 'm2-1': 96.42, 'm3-1': 1.18, 'm4-1': 107.53, 'm5-1': 109.0, 'm6-1': 10.49, 'm7-1': 110.87, 'm8-1': 1.0}",1.5,125.93600000000004,126.93600000000004,inf,218.24099999999999,218.24099999999999
260,T3,BESTEFFORT,COMPLETED,m3-1,68.476,"{'m1-1': 10.73, 'm2-1': 99.42, 'm3-1': 1.12, 'm4-1': 108.43, 'm5-1': 105.04, 'm6-1': 10.79, 'm7-1': 113.1, 'm8-1': 1.11}",1.6800000000000002,124.53800000000004,125.65800000000004,inf,218.476,218.476
261,T2,BESTEFFORT,COMPLETED,m3-1,69.248,"{'m1-1': 9.44, 'm2-1': 108.32, 'm3-1': 1.0, 'm4-1': 92.89, 'm5-1': 111.17, 'm6-1': 9.62, 'm7-1': 107.15, 'm8-1': 1.03}",1.5,125.65800000000004,126.65800000000004,inf,219.248,219.248
262,T4,BESTEFFORT,COMPLETED,m8-1,69.315,"{'m1-1': 11.59, 'm2-1': 110.83, 'm3-1': 1.11, 'm4-1': 105.26, 'm5-1': 104.33, 'm6-1': 10.68, 'm7-1': 100.74, 'm8-1': 1.02}",1.53,126.93600000000004,127.95600000000003,inf,219.315,219.315
263,T3,BESTEFFORT,COMPLETED,m3-1,69.488,"{'m1-1': 10.23, 'm2-1': 103.28, 'm3-1': 1.09, 'm4-1': 97.43, 'm5-1': 114.36, 'm6-1': 9.94, 'm7-1': 113.77, 'm8-1': 1.08}",1.6350000000000002,126.65800000000004,127.74800000000005,inf,219.488,219.488
264,T4,BESTEFFORT,COMPLETED,m8-1,69.977,"{'m1-1': 10.65, 'm2-1': 98.83, 'm3-1': 1.03, 'm4-1': 99.33, 'm5-1': 103.38, 'm6-1': 11.1, 'm7-1': 108.77, 'm8-1': 1.12}",1.6800000000000002,127.95600000000003,129.07600000000002,inf,219.977,219.977
265,T3,BESTEFFORT,COMPLETED,m6-1,69.979,"{'m1-1': 10.25, 'm2-1': 109.71, 'm3-1': 1.02, 'm4-1': 114.3, 'm5-1': 100.03, 'm6-1': 9.61, 'm7-1': 106.33, 'm8-1': 1.07}",14.415,119.61700000000002,129.22700000000003,inf,219.97899999999998,219.97899999999998
266,T1,BESTEFFORT,COMPLETED,m8-1,70.119,"{'m1-1': 10.98, 'm2-1': 100.95, 'm3-1': 1.1, 'm4-1': 99.48, 'm5-1': 111.65, 'm6-1': 10.28, 'm7-1': 96.54, 'm8-1': 1.05}",1.5750000000000002,129.07600000000002,130.12600000000003,inf,220.119,220.119
267,T2,BESTEFFORT,COMPLETED,m3-1,70.371,"{'m1-1': 10.43, 'm2-1': 109.66, 'm3-1': 1.03, 'm4-1': 107.26, 'm5-1': 101.91, 'm6-1': 10.95, 'm7-1': 95.22, 'm8-1': 1.05}",1.545,127.74800000000005,128.77800000000005,inf,220.37099999999998,220.37099999999998
268,T1,BESTEFFORT,COMPLETED,m8-1,70.635,"{'m1-1': 11.59, 'm2-1': 99.73, 'm3-1': 1.05, 'm4-1': 109.47, 'm5-1': 102.68, 'm6-1': 10.65, 'm7-1': 91.66, 'm8-1': 1.08}",1.62,130.12600000000003,131.20600000000005,inf,220.635,220.635
269,T3,BESTEFFORT,COMPLETED,m3-1,70.827,"{'m1-1': 11.42, 'm2-1': 101.29, 'm3-1': 1.14, 'm4-1': 100.49, 'm5-1': 113.17, 'm6-1': 10.7, 'm7-1': 99.11, 'm8-1': 0.97}",1.71,128.77800000000005,129.91800000000003,inf,220.827,220.827
270,T3,BESTEFFORT,COMPLETED,m8-1,71.244,"{'m1-1': 10.14, 'm2-1': 101.36, 'm3-1': 1.14, 'm4-1': 114.4, 'm5-1': 106.64, 'm6-1': 10.5, 'm7-1': 100.48, 'm8-1': 0.99}",1.4849999999999999,131.20600000000005,132.19600000000005,inf,221.244,221.244
271,T3,BESTEFFORT,COMPLETED,m3-1,71.533,"{'m1-1': 10.55, 'm2-1': 106.02, 'm3-1': 1.16, 'm4-1': 99.81, 'm5-1': 98.11, 'm6-1': 9.14, 'm7-1': 103.99, 'm8-1': 1.12}",1.7399999999999998,129.91800000000003,131.07800000000003,inf,221.53300000000002,221.53300000000002
272,T2,BESTEFFORT,COMPLETED,m1-1,71.924,"{'m1-1': 10.44, 'm2-1': 100.28, 'm3-1': 1.13, 'm4-1': 106.23, 'm5-1': 108.35, 'm6-1': 10.72, 'm7-1': 96.63, 'm8-1': 0.99}",15.66,122.41300000000001,132.853,inf,221.924,221.924
273,T2,BESTEFFORT,COMPLETED,m3-1,72.02,"{'m1-1': 10.58, 'm2-1': 100.41, 'm3-1': 1.1, 'm4-1': 98.99, 'm5-1': 109.01, 'm6-1': 9.6, 'm7-1': 103.91, 'm8-1': 0.95}",1.6500000000000001,131.07800000000003,132.17800000000003,inf,222.01999999999998,222.01999999999998
274,T2,BESTEFFORT,COMPLETED,m8-1,72.138,"{'m1-1': 9.84, 'm2-1': 111.32, 'm3-1': 1.07, 'm4-1': 107.03, 'm5-1': 105.89, 'm6-1': 10.86, 'm7-1': 108.79, 'm8-1': 0.97}",1.455,132.19600000000005,133.16600000000005,inf,222.138,222.138
275,T2,BESTEFFORT,COMPLETED,m3-1,72.149,"{'m1-1': 10.89, 'm2-1': 97.78, 'm3-1': 1.06, 'm4-1': 96.15, 'm5-1': 99.79, 'm6-1': 11.11, 'm7-1': 97.22, 'm8-1': 0.94}",1.59,132.17800000000003,133.23800000000003,inf,222.149,222.149
276,T2,BESTEFFORT,COMPLETED,m8-1,72.238,"{'m1-1': 10.08, 'm2-1': 94.03, 'm3-1': 1.13, 'm4-1': 99.36, 'm5-1': 108.44, 'm6-1': 10.61, 'm7-1': 106.2, 'm8-1': 1.06}",1.59,133.16600000000005,134.22600000000006,inf,222.238,222.238
277,T2,BESTEFFORT,COMPLETED,m8-1,72.666,"{'m1-1': 10.52, 'm2-1': 95.93, 'm3-1': 1.13, 'm4-1': 103.14, 'm5-1': 100.95, 'm6-1': 10.02, 'm7-1': 97.31, 'm8-1': 0.98}",1.47,134.22600000000006,135.20600000000005,inf,222.666,222.666
278,T1,BESTEFFORT,COMPLETED,m3-1,72.699,"{'m1-1': 10.86, 'm2-1': 113.83, 'm3-1': 1.06, 'm4-1': 104.02, 'm5-1': 109.45, 'm6-1': 9.96, 'm7-1': 101.84, 'm8-1': 1.01}",1.59,133.23800000000003,134.29800000000003,inf,222.699,222.699
279,T1,BESTEFFORT,COMPLETED,m8-1,72.844,"{'m1-1': 11.19, 'm2-1': 107.62, 'm3-1': 1.04, 'm4-1': 95.5, 'm5-1': 100.93, 'm6-1': 10.81, 'm7-1': 95.12, 'm8-1': 1.08}",1.62,135.20600000000005,136.28600000000006,inf,222.844,222.844
280,T1,BESTEFFORT,COMPLETED,m3-1,72.853,"{'m1-1': 11.12, 'm2-1': 105.91, 'm3-1': 1.14, 'm4-1': 97.53, 'm5-1': 107.1, 'm6-1': 9.64, 'm7-1': 107.4, 'm8-1': 1.07}",1.71,134.29800000000003,135.43800000000002,inf,222.853,222.853
281,T1,BESTEFFORT,COMPLETED,m8-1,72.925,"{'m1-1': 11.18, 'm2-1': 114.0, 'm3-1': 1.03, 'm4-1': 107.98, 'm5-1': 113.04, 'm6-1': 10.03, 'm7-1': 101.4, 'm8-1': 0.96}",1.44,136.28600000000006,137.24600000000007,inf,222.925,222.925
282,T3,BESTEFFORT,COMPLETED,m3-1,73.054,"{'m1-1': 10.37, 'm2-1': 108.64, 'm3-1': 1.05, 'm4-1': 102.91, 'm5-1': 101.43, 'm6-1': 10.24, 'm7-1': 100.45, 'm8-1': 1.08}",1.5750000000000002,135.43800000000002,136.48800000000003,inf,223.054,223.054
283,T2,BESTEFFORT,COMPLETED,m8-1,73.213,"{'m1-1': 10.06, 'm2-1': 105.86, 'm3-1': 0.99, 'm4-1': 108.8, 'm5-1': 103.15, 'm6-1': 9.57, 'm7-1': 104.59, 'm8-1': 1.04}",1.56,137.24600000000007,138.28600000000006,inf,223.213,223.213
284,T3,BESTEFFORT,COMPLETED,m3-1,73.268,"{'m1-1': 10.88, 'm2-1': 97.46, 'm3-1': 1.15, 'm4-1': 101.47, 'm5-1': 109.35, 'm6-1': 9.75, 'm7-1': 102.67, 'm8-1': 0.99}",1.7249999999999999,136.48800000000003,137.63800000000003,inf,223.268,223.268
285,T2,BESTEFFORT,COMPLETED,m8-1,73.437,"{'m1-1': 10.13, 'm2-1': 95.87, 'm3-1': 1.02, 'm4-1': 94.96, 'm5-1': 100.35, 'm6-1': 10.87, 'm7-1': 100.76, 'm8-1': 1.07}",1.605,138.28600000000006,139.35600000000005,inf,223.437,223.437
286,T1,BESTEFFORT,COMPLETED,m3-1,73.503,"{'m1-1': 10.06, 'm2-1': 105.8, 'm3-1': 1.13, 'm4-1': 97.28, 'm5-1': 104.19, 'm6-1': 9.71, 'm7-1': 108.07, 'm8-1': 1.02}",1.6949999999999998,137.63800000000003,138.76800000000003,inf,223.503,223.503
287,T4,BESTEFFORT,COMPLETED,m6-1,73.9,"{'m1-1': 11.46, 'm2-1': 101.06, 'm3-1': 1.02, 'm4-1': 107.1, 'm5-1': 107.3, 'm6-1': 11.4, 'm7-1': 113.06, 'm8-1': 1.14}",17.1,129.22700000000003,140.62700000000004,inf,223.9,223.9
288,T2,BESTEFFORT,COMPLETED,m8-1,74.041,"{'m1-1': 9.71, 'm2-1': 96.12, 'm3-1': 1.17, 'm4-1': 103.08, 'm5-1': 114.97, 'm6-1': 9.83, 'm7-1': 93.57, 'm8-1': 1.04}",1.56,139.35600000000005,140.39600000000004,inf,224.041,224.041
289,T3,BESTEFFORT,COMPLETED,m3-1,74.444,"{'m1-1': 10.08, 'm2-1': 100.49, 'm3-1': 1.03, 'm4-1': 97.11, 'm5-1': 104.43, 'm6-1': 10.34, 'm7-1': 99.63, 'm8-1': 0.95}",1.545,138.76800000000003,139.79800000000003,inf,224.44400000000002,224.44400000000002
290,T1,BESTEFFORT,COMPLETED,m8-1,74.666,"{'m1-1': 11.42, 'm2-1': 111.83, 'm3-1': 1.17, 'm4-1': 99.72, 'm5-1': 99.84, 'm6-1': 10.62, 'm7-1': 94.28, 'm8-1': 1.0}",1.5,140.39600000000004,141.39600000000004,inf,224.666,224.666
291,T2,BESTEFFORT,COMPLETED,m3-1,75.016,"{'m1-1': 10.95, 'm2-1': 100.84, 'm3-1': 1.0, 'm4-1': 106.67, 'm5-1': 111.39, 'm6-1': 10.05, 'm7-1': 101.57, 'm8-1': 1.0}",1.5,139.79800000000003,140.79800000000003,inf,225.01600000000002,225.01600000000002
292,T3,BESTEFFORT,COMPLETED,m8-1,75.31,"{'m1-1': 9.78, 'm2-1': 101.55, 'm3-1': 1.0, 'm4-1': 104.4, 'm5-1': 109.98, 'm6-1': 9.93, 'm7-1': 112.8, 'm8-1': 1.01}",1.5150000000000001,141.39600000000004,142.40600000000003,inf,225.31,225.31
293,T4,BESTEFFORT,COMPLETED,m3-1,75.333,"{'m1-1': 11.71, 'm2-1': 101.66, 'm3-1': 1.02, 'm4-1': 102.54, 'm5-1': 102.82, 'm6-1': 10.69, 'm7-1': 114.22, 'm8-1': 1.18}",1.53,140.79800000000003,141.81800000000004,inf,225.333,225.333
294,T4,BESTEFFORT,COMPLETED,m8-1,75.428,"{'m1-1': 11.67, 'm2-1': 95.48, 'm3-1': 1.08, 'm4-1': 108.89, 'm5-1': 101.35, 'm6-1': 10.86, 'm7-1': 111.54, 'm8-1': 1.1}",1.6500000000000001,142.40600000000003,143.50600000000003,inf,225.428,225.428
295,T2,BESTEFFORT,COMPLETED,m3-1,75.586,"{'m1-1': 10.93, 'm2-1': 97.88, 'm3-1': 1.01, 'm4-1': 97.33, 'm5-1': 102.37, 'm6-1': 10.18, 'm7-1': 95.79, 'm8-1': 1.0}",1.5150000000000001,141.81800000000004,142.82800000000003,inf,225.586,225.586
296,T2,BESTEFFORT,COMPLETED,m1-1,75.809,"{'m1-1': 10.21, 'm2-1': 111.17, 'm3-1': 1.04, 'm4-1': 96.95, 'm5-1': 103.79, 'm6-1': 10.75, 'm7-1': 99.49, 'm8-1': 1.04}",15.315000000000001,132.853,143.06300000000002,inf,225.809,225.809
297,T2,BESTEFFORT,COMPLETED,m8-1,76.03,"{'m1-1': 9.9, 'm2-1': 107.41, 'm3-1': 1.08, 'm4-1': 101.52, 'm5-1': 100.86, 'm6-1': 10.46, 'm7-1': 103.93, 'm8-1': 0.93}",1.395,143.50600000000003,144.43600000000004,inf,226.03,226.03
298,T1,BESTEFFORT,COMPLETED,m3-1,76.161,"{'m1-1': 11.33, 'm2-1': 114.0, 'm3-1': 1.1, 'm4-1': 106.73, 'm5-1': 103.7, 'm6-1': 11.07, 'm7-1': 103.74, 'm8-1': 1.07}",1.6500000000000001,142.82800000000003,143.92800000000003,inf,226.161,226.161
299,T4,BESTEFFORT,COMPLETED,m8-1,76.199,"{'m1-1': 10.9, 'm2-1': 96.99, 'm3-1': 0.99, 'm4-1': 112.96, 'm5-1': 109.69, 'm6-1': 10.48, 'm7-1': 103.88, 'm8-1': 1.04}",1.56,144.43600000000004,145.47600000000003,inf,226.199,226.199
300,T2,BESTEFFORT,COMPLETED,m3-1,76.746,"{'m1-1': 10.14, 'm2-1': 104.66, 'm3-1': 1.15, 'm4-1': 109.44, 'm5-1': 107.0, 'm6-1': 10.32, 'm7-1': 101.56, 'm8-1': 1.04}",1.7249999999999999,143.92800000000003,145.07800000000003,inf,226.74599999999998,226.74599999999998
301,T3,BESTEFFORT,COMPLETED,m8-1,77.06,"{'m1-1': 11.14, 'm2-1': 97.74, 'm3-1': 1.03, 'm4-1': 105.74, 'm5-1': 102.88, 'm6-1': 9.63, 'm7-1': 104.11, 'm8-1': 1.01}",1.5150000000000001,145.47600000000003,146.48600000000002,inf,227.06,227.06
302,T4,BESTEFFORT,COMPLETED,m3-1,77.332,"{'m1-1': 10.49, 'm2-1': 98.23, 'm3-1': 0.99, 'm4-1': 99.41, 'm5-1': 95.6, 'm6-1': 10.58, 'm7-1': 113.09, 'm8-1': 1.16}",1.4849999999999999,145.07800000000003,146.06800000000004,inf,227.332,227.332
303,T2,BESTEFFORT,COMPLETED,m8-1,77.461,"{'m1-1': 10.72, 'm2-1': 108.12, 'm3-1': 1.04, 'm4-1': 103.87, 'm5-1': 100.2, 'm6-1': 10.83, 'm7-1': 107.41, 'm8-1': 1.01}",1.5150000000000001,146.48600000000002,147.496,inf,227.461,227.461
304,T1,BESTEFFORT,COMPLETED,m3-1,77.769,"{'m1-1': 11.56, 'm2-1': 110.01, 'm3-1': 1.17, 'm4-1': 96.45, 'm5-1': 104.27, 'm6-1': 10.72, 'm7-1': 100.45, 'm8-1': 0.96}",1.755,146.06800000000004,147.23800000000003,inf,227.769,227.769
305,T2,BESTEFFORT,COMPLETED,m8-1,78.257,"{'m1-1': 10.67, 'm2-1': 103.98, 'm3-1': 1.15, 'm4-1': 105.84, 'm5-1': 114.63, 'm6-1': 10.26, 'm7-1': 103.34, 'm8-1': 0.94}",1.41,147.496,148.436,inf,228.257,228.257
306,T4,BESTEFFORT,COMPLETED,m3-1,78.679,"{'m1-1': 10.48, 'm2-1': 106.02, 'm3-1': 1.09, 'm4-1': 101.26, 'm5-1': 97.99, 'm6-1': 11.75, 'm7-1': 105.04, 'm8-1': 1.04}",1.6350000000000002,147.23800000000003,148.32800000000003,inf,228.679,228.679
307,T1,BESTEFFORT,COMPLETED,m8-1,78.69,"{'m1-1': 11.32, 'm2-1': 107.69, 'm3-1': 1.1, 'm4-1': 103.68, 'm5-1': 109.91, 'm6-1': 10.43, 'm7-1': 92.28, 'm8-1': 0.97}",1.455,148.436,149.406,inf,228.69,228.69
308,T3,BESTEFFORT,COMPLETED,m3-1,78.985,"{'m1-1': 10.81, 'm2-1': 110.09, 'm3-1': 1.17, 'm4-1': 99.67, 'm5-1': 114.83, 'm6-1': 10.66, 'm7-1': 111.28, 'm8-1': 1.0}",1.755,148.32800000000003,149.49800000000002,inf,228.985,228.985
309,T4,BESTEFFORT,COMPLETED,m8-1,79.667,"{'m1-1': 10.63, 'm2-1': 101.21, 'm3-1': 1.14, 'm4-1': 105.07, 'm5-1': 108.74, 'm6-1': 10.6, 'm7-1': 106.23, 'm8-1': 1.1}",1.6500000000000001,149.406,150.506,inf,229.667,229.667
310,T2,BESTEFFORT,COMPLETED,m3-1,80.244,"{'m1-1': 10.76, 'm2-1': 103.19, 'm3-1': 1.1, 'm4-1': 102.53, 'm5-1': 109.71, 'm6-1': 10.64, 'm7-1': 96.35, 'm8-1': 1.0}",1.6500000000000001,149.49800000000002,150.598,inf,230.244,230.244
311,T3,BESTEFFORT,COMPLETED,m6-1,80.276,"{'m1-1': 9.78, 'm2-1': 99.5, 'm3-1': 1.13, 'm4-1': 102.16, 'm5-1': 102.06, 'm6-1': 9.48, 'm7-1': 107.32, 'm8-1': 1.0}",14.22,140.62700000000004,150.10700000000003,inf,230.276,230.276
312,T1,BESTEFFORT,COMPLETED,m8-1,80.315,"{'m1-1': 10.06, 'm2-1': 108.49, 'm3-1': 1.03, 'm4-1': 109.94, 'm5-1': 99.18, 'm6-1': 9.7, 'm7-1': 92.12, 'm8-1': 0.99}",1.4849999999999999,150.506,151.496,inf,230.315,230.315
313,T2,BESTEFFORT,COMPLETED,m3-1,80.744,"{'m1-1': 9.6, 'm2-1': 95.55, 'm3-1': 1.14, 'm4-1': 93.29, 'm5-1': 101.91, 'm6-1': 10.94, 'm7-1': 102.15, 'm8-1': 1.06}",1.71,150.598,151.738,inf,230.744,230.744
314,T2,BESTEFFORT,COMPLETED,m8-1,80.892,"{'m1-1': 9.53, 'm2-1': 102.0, 'm3-1': 1.0, 'm4-1': 107.28, 'm5-1': 115.58, 'm6-1': 9.85, 'm7-1': 109.76, 'm8-1': 1.06}",1.59,151.496,152.556,inf,230.892,230.892
315,T2,BESTEFFORT,COMPLETED,m1-1,81.107,"{'m1-1': 10.33, 'm2-1': 109.41, 'm3-1': 1.01, 'm4-1': 103.37, 'm5-1': 104.58, 'm6-1': 11.06, 'm7-1': 102.44, 'm8-1': 0.97}",15.495000000000001,143.06300000000002,153.39300000000003,inf,231.107,231.107
316,T4,BESTEFFORT,COMPLETED,m3-1,81.815,"{'m1-1': 10.68, 'm2-1': 95.08, 'm3-1': 1.03, 'm4-1': 108.87, 'm5-1': 102.67, 'm6-1': 10.13, 'm7-1': 97.73, 'm8-1': 1.18}",1.545,151.738,152.768,inf,231.815,231.815
317,T1,BESTEFFORT,COMPLETED,m8-1,82.147,"{'m1-1': 11.26, 'm2-1': 98.71, 'm3-1': 1.05, 'm4-1': 100.0, 'm5-1': 113.1, 'm6-1': 10.47, 'm7-1': 102.13, 'm8-1': 1.01}",1.5150000000000001,152.556,153.566,inf,232.147,232.147
318,T4,BESTEFFORT,COMPLETED,m3-1,83.424,"{'m1-1': 10.79, 'm2-1': 97.86, 'm3-1': 0.99, 'm4-1': 99.92, 'm5-1': 102.53, 'm6-1': 10.17, 'm7-1': 114.96, 'm8-1': 1.19}",1.4849999999999999,152.768,153.758,inf,233.424,233.424
319,T1,BESTEFFORT,COMPLETED,m8-1,83.425,"{'m1-1': 11.64, 'm2-1': 101.04, 'm3-1': 1.11, 'm4-1': 100.75, 'm5-1': 104.87, 'm6-1': 10.6, 'm7-1': 104.61, 'm8-1': 1.07}",1.605,153.566,154.636,inf,233.425,233.425
320,T1,BESTEFFORT,COMPLETED,m3-1,83.69,"{'m1-1': 10.53, 'm2-1': 102.08, 'm3-1': 1.01, 'm4-1': 99.7, 'm5-1': 102.42, 'm6-1': 10.49, 'm7-1': 102.51, 'm8-1': 1.05}",1.5150000000000001,153.758,154.768,inf,233.69,233.69
321,T2,BESTEFFORT,COMPLETED,m8-1,83.718,"{'m1-1': 9.87, 'm2-1': 107.35, 'm3-1': 1.02, 'm4-1': 104.14, 'm5-1': 98.79, 'm6-1': 9.42, 'm7-1': 94.52, 'm8-1': 1.08}",1.62,154.636,155.716,inf,233.71800000000002,233.71800000000002
322,T2,BESTEFFORT,COMPLETED,m3-1,84.102,"{'m1-1': 10.56, 'm2-1': 103.39, 'm3-1': 1.11, 'm4-1': 97.82, 'm5-1': 110.16, 'm6-1': 11.09, 'm7-1': 104.44, 'm8-1': 1.05}",1.665,154.768,155.87800000000001,inf,234.102,234.102
323,T4,BESTEFFORT,COMPLETED,m8-1,84.231,"{'m1-1': 11.42, 'm2-1': 96.47, 'm3-1': 0.96, 'm4-1': 98.76, 'm5-1': 106.31, 'm6-1': 11.46, 'm7-1': 101.98, 'm8-1': 1.09}",1.6350000000000002,155.716,156.806,inf,234.231,234.231
324,T3,BESTEFFORT,COMPLETED,m3-1,84.636,"{'m1-1': 10.69, 'm2-1': 103.41, 'm3-1': 1.0, 'm4-1': 103.61, 'm5-1': 116.54, 'm6-1': 9.82, 'm7-1': 110.14, 'm8-1': 1.03}",1.5,155.87800000000001,156.87800000000001,inf,234.636,234.636
325,T1,BESTEFFORT,COMPLETED,m8-1,84.777,"{'m1-1': 11.22, 'm2-1': 113.26, 'm3-1': 1.17, 'm4-1': 94.68, 'm5-1': 101.26, 'm6-1': 10.85, 'm7-1': 108.42, 'm8-1': 1.08}",1.62,156.806,157.88600000000002,inf,234.777,234.777
326,T3,BESTEFFORT,COMPLETED,m3-1,85.688,"{'m1-1': 10.14, 'm2-1': 103.29, 'm3-1': 1.12, 'm4-1': 108.68, 'm5-1': 108.39, 'm6-1': 10.55, 'm7-1': 110.2, 'm8-1': 0.98}",1.6800000000000002,156.87800000000001,157.99800000000002,inf,235.688,235.688
327,T2,BESTEFFORT,COMPLETED,m8-1,86.167,"{'m1-1': 10.27, 'm2-1': 95.44, 'm3-1': 1.06, 'm4-1': 103.2, 'm5-1': 105.88, 'm6-1': 9.96, 'm7-1': 94.75, 'm8-1': 1.06}",1.59,157.88600000000002,158.94600000000003,inf,236.167,236.167
328,T4,BESTEFFORT,COMPLETED,m3-1,86.275,"{'m1-1': 11.3, 'm2-1': 106.31, 'm3-1': 1.08, 'm4-1': 113.68, 'm5-1': 106.71, 'm6-1': 10.43, 'm7-1': 110.64, 'm8-1': 1.14}",1.62,157.99800000000002,159.07800000000003,inf,236.275,236.275
329,T4,BESTEFFORT,COMPLETED,m8-1,86.802,"{'m1-1': 10.74, 'm2-1': 111.9, 'm3-1': 1.08, 'm4-1': 100.38, 'm5-1': 100.97, 'm6-1': 10.32, 'm7-1': 112.46, 'm8-1': 1.15}",1.7249999999999999,158.94600000000003,160.09600000000003,inf,236.80200000000002,236.80200000000002
330,T4,BESTEFFORT,COMPLETED,m3-1,86.871,"{'m1-1': 10.25, 'm2-1': 105.52, 'm3-1': 0.99, 'm4-1': 104.95, 'm5-1': 107.06, 'm6-1': 11.73, 'm7-1': 98.15, 'm8-1': 1.19}",1.4849999999999999,159.07800000000003,160.06800000000004,inf,236.87099999999998,236.87099999999998
331,T4,BESTEFFORT,COMPLETED,m8-1,87.023,"{'m1-1': 11.49, 'm2-1': 105.65, 'm3-1': 1.11, 'm4-1': 107.54, 'm5-1': 102.31, 'm6-1': 10.57, 'm7-1': 113.5, 'm8-1': 1.14}",1.71,160.09600000000003,161.23600000000002,inf,237.023,237.023
332,T3,BESTEFFORT,COMPLETED,m6-1,87.201,"{'m1-1': 11.14, 'm2-1': 97.56, 'm3-1': 1.16, 'm4-1': 102.78, 'm5-1': 100.2, 'm6-1': 10.24, 'm7-1': 99.14, 'm8-1': 1.1}",15.36,150.10700000000003,160.34700000000004,inf,237.201,237.201
333,T1,BESTEFFORT,COMPLETED,m3-1,87.448,"{'m1-1': 11.26, 'm2-1': 98.66, 'm3-1': 1.05, 'm4-1': 106.24, 'm5-1': 98.44, 'm6-1': 10.3, 'm7-1': 105.51, 'm8-1': 1.04}",1.5750000000000002,160.06800000000004,161.11800000000005,inf,237.44799999999998,237.44799999999998
334,T2,BESTEFFORT,COMPLETED,m1-1,87.64,"{'m1-1': 9.85, 'm2-1': 101.4, 'm3-1': 1.16, 'm4-1': 109.36, 'm5-1': 107.43, 'm6-1': 9.51, 'm7-1': 92.42, 'm8-1': 1.0}",14.774999999999999,153.39300000000003,163.24300000000002,inf,237.64,237.64
335,T2,BESTEFFORT,COMPLETED,m8-1,87.755,"{'m1-1': 9.91, 'm2-1': 105.46, 'm3-1': 1.17, 'm4-1': 103.01, 'm5-1': 105.37, 'm6-1': 10.49, 'm7-1': 98.66, 'm8-1': 1.03}",1.545,161.23600000000002,162.26600000000002,inf,237.755,237.755
336,T3,BESTEFFORT,COMPLETED,m3-1,88.268,"{'m1-1': 10.46, 'm2-1': 94.93, 'm3-1': 1.12, 'm4-1': 112.15, 'm5-1': 98.22, 'm6-1': 10.69, 'm7-1': 112.05, 'm8-1': 1.02}",1.6800000000000002,161.11800000000005,162.23800000000006,inf,238.268,238.268
337,T2,BESTEFFORT,COMPLETED,m8-1,88.291,"{'m1-1': 9.92, 'm2-1': 102.84, 'm3-1': 1.11, 'm4-1': 101.26, 'm5-1': 112.13, 'm6-1': 11.1, 'm7-1': 103.02, 'm8-1': 0.98}",1.47,162.26600000000002,163.246,inf,238.291,238.291
338,T2,BESTEFFORT,COMPLETED,m3-1,88.324,"{'m1-1': 10.96, 'm2-1': 104.62, 'm3-1': 1.11, 'm4-1': 106.67, 'm5-1': 110.04, 'm6-1': 9.4, 'm7-1': 100.22, 'm8-1': 0.96}",1.665,162.23800000000006,163.34800000000007,inf,238.324,238.324
339,T1,BESTEFFORT,COMPLETED,m8-1,89.183,"{'m1-1': 11.35, 'm2-1': 114.0, 'm3-1': 1.05, 'm4-1': 110.03, 'm5-1': 114.29, 'm6-1': 10.92, 'm7-1': 98.19, 'm8-1': 1.07}",1.605,163.246,164.316,inf,239.183,239.183
340,T2,BESTEFFORT,COMPLETED,m3-1,89.236,"{'m1-1': 10.47, 'm2-1': 95.75, 'm3-1': 1.03, 'm4-1': 105.69, 'm5-1': 97.74, 'm6-1': 10.16, 'm7-1': 104.71, 'm8-1': 1.05}",1.545,163.34800000000007,164.37800000000007,inf,239.236,239.236
341,T2,BESTEFFORT,COMPLETED,m8-1,89.301,"{'m1-1': 10.49, 'm2-1': 110.89, 'm3-1': 1.12, 'm4-1': 102.24, 'm5-1': 105.84, 'm6-1': 10.63, 'm7-1': 96.68, 'm8-1': 0.98}",1.47,164.316,165.296,inf,239.301,239.301
342,T3,BESTEFFORT,COMPLETED,m3-1,89.584,"{'m1-1': 10.36, 'm2-1': 99.58, 'm3-1': 1.1, 'm4-1': 104.72, 'm5-1': 103.4, 'm6-1': 10.24, 'm7-1': 103.0, 'm8-1': 0.96}",1.6500000000000001,164.37800000000007,165.47800000000007,inf,239.584,239.584
343,T3,BESTEFFORT,COMPLETED,m8-1,90.008,"{'m1-1': 11.32, 'm2-1': 101.63, 'm3-1': 1.08, 'm4-1': 100.6, 'm5-1': 108.86, 'm6-1': 10.74, 'm7-1': 114.08, 'm8-1': 1.05}",1.5750000000000002,165.296,166.346,inf,240.00799999999998,240.00799999999998
344,T1,BESTEFFORT,COMPLETED,m3-1,90.22,"{'m1-1': 11.65, 'm2-1': 98.78, 'm3-1': 1.15, 'm4-1': 108.15, 'm5-1': 114.76, 'm6-1': 10.76, 'm7-1': 96.1, 'm8-1': 1.08}",1.7249999999999999,165.47800000000007,166.62800000000007,inf,240.22,240.22
345,T3,BESTEFFORT,COMPLETED,m8-1,90.27,"{'m1-1': 10.38, 'm2-1': 101.55, 'm3-1': 1.06, 'm4-1': 102.08, 'm5-1': 115.26, 'm6-1': 10.62, 'm7-1': 106.36, 'm8-1': 0.95}",1.4249999999999998,166.346,167.296,inf,240.26999999999998,240.26999999999998
346,T1,BESTEFFORT,COMPLETED,m3-1,90.713,"{'m1-1': 11.14, 'm2-1': 105.44, 'm3-1': 1.04, 'm4-1': 98.96, 'm5-1': 111.98, 'm6-1': 10.98, 'm7-1': 92.63, 'm8-1': 0.97}",1.56,166.62800000000007,167.66800000000006,inf,240.713,240.713
347,T3,BESTEFFORT,COMPLETED,m8-1,90.798,"{'m1-1': 9.75, 'm2-1': 103.6, 'm3-1': 1.01, 'm4-1': 99.71, 'm5-1': 105.36, 'm6-1': 9.51, 'm7-1': 111.99, 'm8-1': 1.06}",1.59,167.296,168.356,inf,240.798,240.798
348,T1,BESTEFFORT,COMPLETED,m3-1,90.924,"{'m1-1': 11.64, 'm2-1': 100.95, 'm3-1': 1.13, 'm4-1': 104.59, 'm5-1': 113.04, 'm6-1': 9.96, 'm7-1': 98.19, 'm8-1': 1.1}",1.6949999999999998,167.66800000000006,168.79800000000006,inf,240.924,240.924
349,T2,BESTEFFORT,COMPLETED,m8-1,90.996,"{'m1-1': 9.62, 'm2-1': 99.73, 'm3-1': 1.09, 'm4-1': 96.38, 'm5-1': 114.94, 'm6-1': 9.74, 'm7-1': 99.85, 'm8-1': 1.0}",1.5,168.356,169.356,inf,240.99599999999998,240.99599999999998
350,T3,BESTEFFORT,COMPLETED,m3-1,91.429,"{'m1-1': 10.06, 'm2-1': 111.92, 'm3-1': 1.16, 'm4-1': 107.16, 'm5-1': 105.68, 'm6-1': 10.15, 'm7-1': 96.82, 'm8-1': 0.98}",1.7399999999999998,168.79800000000006,169.95800000000006,inf,241.429,241.429
351,T2,BESTEFFORT,COMPLETED,m8-1,91.844,"{'m1-1': 10.94, 'm2-1': 96.84, 'm3-1': 1.06, 'm4-1': 103.96, 'm5-1': 111.96, 'm6-1': 10.9, 'm7-1': 102.56, 'm8-1': 1.1}",1.6500000000000001,169.356,170.456,inf,241.844,241.844
352,T3,BESTEFFORT,COMPLETED,m6-1,91.901,"{'m1-1': 10.66, 'm2-1': 95.26, 'm3-1': 1.03, 'm4-1': 106.74, 'm5-1': 100.05, 'm6-1': 10.38, 'm7-1': 108.02, 'm8-1': 1.0}",15.57,160.34700000000004,170.72700000000003,inf,241.901,241.901
353,T3,BESTEFFORT,COMPLETED,m3-1,92.522,"{'m1-1': 11.23, 'm2-1': 103.34, 'm3-1': 1.07, 'm4-1': 106.11, 'm5-1': 103.66, 'm6-1': 9.96, 'm7-1': 104.42, 'm8-1': 0.98}",1.605,169.95800000000006,171.02800000000005,inf,242.522,242.522
354,T2,BESTEFFORT,COMPLETED,m8-1,92.704,"{'m1-1': 10.86, 'm2-1': 103.98, 'm3-1': 1.11, 'm4-1': 97.92, 'm5-1': 100.8, 'm6-1': 9.53, 'm7-1': 105.61, 'm8-1': 0.97}",1.455,170.456,171.426,inf,242.704,242.704
355,T1,BESTEFFORT,COMPLETED,m8-1,92.924,"{'m1-1': 11.43, 'm2-1': 109.32, 'm3-1': 1.13, 'm4-1': 111.35, 'm5-1': 109.76, 'm6-1': 9.68, 'm7-1': 105.98, 'm8-1': 1.03}",1.545,171.426,172.456,inf,242.924,242.924
356,T4,BESTEFFORT,COMPLETED,m3-1,93.009,"{'m1-1': 11.43, 'm2-1': 105.17, 'm3-1': 1.12, 'm4-1': 101.3, 'm5-1': 102.44, 'm6-1': 11.41, 'm7-1': 104.96, 'm8-1': 1.1}",1.6800000000000002,171.02800000000005,172.14800000000005,inf,243.00900000000001,243.00900000000001
357,T4,BESTEFFORT,COMPLETED,m8-1,93.229,"{'m1-1': 10.97, 'm2-1': 103.45, 'm3-1': 1.01, 'm4-1': 109.3, 'm5-1': 111.65, 'm6-1': 10.4, 'm7-1': 100.36, 'm8-1': 1.01}",1.5150000000000001,172.456,173.46599999999998,inf,243.22899999999998,243.22899999999998
358,T1,BESTEFFORT,COMPLETED,m1-1,93.358,"{'m1-1': 10.47, 'm2-1': 104.43, 'm3-1': 1.13, 'm4-1': 107.95, 'm5-1': 109.28, 'm6-1': 11.36, 'm7-1': 100.2, 'm8-1': 1.04}",15.705000000000002,163.24300000000002,173.71300000000002,inf,243.358,243.358
359,T1,BESTEFFORT,COMPLETED,m3-1,94.129,"{'m1-1': 11.44, 'm2-1': 104.72, 'm3-1': 1.11, 'm4-1': 108.96, 'm5-1': 102.65, 'm6-1': 9.96, 'm7-1': 105.42, 'm8-1': 0.96}",1.665,172.14800000000005,173.25800000000007,inf,244.12900000000002,244.12900000000002
360,T1,BESTEFFORT,COMPLETED,m8-1,94.223,"{'m1-1': 11.41, 'm2-1': 108.27, 'm3-1': 1.13, 'm4-1': 98.78, 'm5-1': 110.5, 'm6-1': 11.13, 'm7-1': 92.39, 'm8-1': 1.08}",1.62,173.46599999999998,174.546,inf,244.223,244.223
361,T2,BESTEFFORT,COMPLETED,m3-1,94.245,"{'m1-1': 9.48, 'm2-1': 96.03, 'm3-1': 1.08, 'm4-1': 107.44, 'm5-1': 105.65, 'm6-1': 10.57, 'm7-1': 99.04, 'm8-1': 1.06}",1.62,173.25800000000007,174.33800000000008,inf,244.245,244.245
362,T2,BESTEFFORT,COMPLETED,m8-1,94.38,"{'m1-1': 10.38, 'm2-1': 105.34, 'm3-1': 1.11, 'm4-1': 92.72, 'm5-1': 102.85, 'm6-1': 10.24, 'm7-1': 104.16, 'm8-1': 1.06}",1.59,174.546,175.606,inf,244.38,244.38
363,T2,BESTEFFORT,COMPLETED,m3-1,94.402,"{'m1-1': 9.91, 'm2-1': 96.52, 'm3-1': 1.06, 'm4-1': 105.08, 'm5-1': 107.58, 'm6-1': 10.92, 'm7-1': 103.97, 'm8-1': 0.98}",1.59,174.33800000000008,175.39800000000008,inf,244.402,244.402
364,T1,BESTEFFORT,COMPLETED,m8-1,94.591,"{'m1-1': 11.47, 'm2-1': 111.79, 'm3-1': 1.07, 'm4-1': 103.3, 'm5-1': 101.61, 'm6-1': 11.04, 'm7-1': 107.97, 'm8-1': 1.01}",1.5150000000000001,175.606,176.61599999999999,inf,244.591,244.591
365,T2,BESTEFFORT,COMPLETED,m3-1,94.61,"{'m1-1': 10.18, 'm2-1': 103.88, 'm3-1': 1.03, 'm4-1': 99.14, 'm5-1': 112.69, 'm6-1': 9.6, 'm7-1': 109.65, 'm8-1': 0.98}",1.545,175.39800000000008,176.42800000000008,inf,244.61,244.61
366,T3,BESTEFFORT,COMPLETED,m8-1,95.0,"{'m1-1': 10.75, 'm2-1': 108.53, 'm3-1': 1.08, 'm4-1': 96.54, 'm5-1': 105.52, 'm6-1': 9.62, 'm7-1': 113.0, 'm8-1': 1.02}",1.53,176.61599999999999,177.636,inf,245.0,245.0
367,T3,BESTEFFORT,COMPLETED,m3-1,95.174,"{'m1-1': 10.39, 'm2-1': 96.24, 'm3-1': 1.02, 'm4-1': 99.32, 'm5-1': 101.81, 'm6-1': 10.75, 'm7-1': 98.24, 'm8-1': 0.96}",1.53,176.42800000000008,177.4480000000001,inf,245.174,245.174
368,T2,BESTEFFORT,COMPLETED,m8-1,95.235,"{'m1-1': 9.53, 'm2-1': 95.6, 'm3-1': 1.06, 'm4-1': 92.29, 'm5-1': 111.19, 'm6-1': 9.42, 'm7-1': 93.28, 'm8-1': 0.94}",1.41,177.636,178.576,inf,245.235,245.235
369,T4,BESTEFFORT,COMPLETED,m3-1,95.417,"{'m1-1': 10.74, 'm2-1': 106.74, 'm3-1': 1.05, 'm4-1': 101.64, 'm5-1': 97.23, 'm6-1': 11.03, 'm7-1': 111.57, 'm8-1': 1.05}",1.5750000000000002,177.4480000000001,178.4980000000001,inf,245.417,245.417
370,T1,BESTEFFORT,COMPLETED,m8-1,95.93,"{'m1-1': 10.74, 'm2-1': 111.82, 'm3-1': 1.13, 'm4-1': 106.75, 'm5-1': 114.09, 'm6-1': 11.18, 'm7-1': 97.12, 'm8-1': 1.08}",1.62,178.576,179.656,inf,245.93,245.93
371,T1,BESTEFFORT,COMPLETED,m3-1,96.209,"{'m1-1': 10.37, 'm2-1': 99.89, 'm3-1': 1.08, 'm4-1': 104.73, 'm5-1': 100.51, 'm6-1': 10.14, 'm7-1': 96.59, 'm8-1': 1.06}",1.62,178.4980000000001,179.57800000000012,inf,246.209,246.209
372,T4,BESTEFFORT,COMPLETED,m8-1,96.461,"{'m1-1': 10.15, 'm2-1': 95.94, 'm3-1': 1.02, 'm4-1': 99.01, 'm5-1': 105.44, 'm6-1': 11.47, 'm7-1': 109.09, 'm8-1': 1.06}",1.59,179.656,180.716,inf,246.461,246.461
373,T4,BESTEFFORT,COMPLETED,m3-1,96.489,"{'m1-1': 11.41, 'm2-1': 104.68, 'm3-1': 1.01, 'm4-1': 110.05, 'm5-1': 105.29, 'm6-1': 10.45, 'm7-1': 111.48, 'm8-1': 1.07}",1.5150000000000001,179.57800000000012,180.5880000000001,inf,246.489,246.489
374,T4,BESTEFFORT,COMPLETED,m8-1,97.502,"{'m1-1': 11.52, 'm2-1': 105.66, 'm3-1': 1.0, 'm4-1': 109.38, 'm5-1': 99.57, 'm6-1': 11.14, 'm7-1': 107.99, 'm8-1': 1.09}",1.6350000000000002,180.716,181.806,inf,247.502,247.502
375,T2,BESTEFFORT,COMPLETED,m6-1,97.599,"{'m1-1': 9.47, 'm2-1': 102.99, 'm3-1': 1.01, 'm4-1': 100.44, 'm5-1': 106.1, 'm6-1': 10.34, 'm7-1': 105.51, 'm8-1': 1.1}",15.51,170.72700000000003,181.06700000000004,inf,247.599,247.599
376,T1,BESTEFFORT,COMPLETED,m3-1,97.723,"{'m1-1': 10.93, 'm2-1': 106.65, 'm3-1': 1.06, 'm4-1': 107.52, 'm5-1': 105.32, 'm6-1': 10.03, 'm7-1': 105.91, 'm8-1': 1.08}",1.59,180.5880000000001,181.6480000000001,inf,247.723,247.723
377,T1,BESTEFFORT,COMPLETED,m8-1,97.806,"{'m1-1': 10.14, 'm2-1': 106.65, 'm3-1': 1.0, 'm4-1': 108.61, 'm5-1': 111.84, 'm6-1': 10.03, 'm7-1': 92.23, 'm8-1': 1.02}",1.53,181.806,182.82600000000002,inf,247.80599999999998,247.80599999999998
378,T3,BESTEFFORT,COMPLETED,m3-1,97.811,"{'m1-1': 10.4, 'm2-1': 108.29, 'm3-1': 1.12, 'm4-1': 111.04, 'm5-1': 108.41, 'm6-1': 9.99, 'm7-1': 97.02, 'm8-1': 1.05}",1.6800000000000002,181.6480000000001,182.76800000000011,inf,247.811,247.811
379,T3,BESTEFFORT,COMPLETED,m1-1,98.107,"{'m1-1': 11.1, 'm2-1': 100.39, 'm3-1': 1.07, 'm4-1': 112.95, 'm5-1': 102.06, 'm6-1': 9.61, 'm7-1': 99.58, 'm8-1': 1.05}",16.65,173.71300000000002,184.81300000000002,inf,248.107,248.107
380,T2,BESTEFFORT,COMPLETED,m8-1,98.775,"{'m1-1': 9.62, 'm2-1': 94.66, 'm3-1': 1.09, 'm4-1': 97.41, 'm5-1': 103.5, 'm6-1': 10.88, 'm7-1': 98.66, 'm8-1': 1.01}",1.5150000000000001,182.82600000000002,183.836,inf,248.775,248.775
381,T1,BESTEFFORT,COMPLETED,m3-1,98.787,"{'m1-1': 10.04, 'm2-1': 99.03, 'm3-1': 1.06, 'm4-1': 106.84, 'm5-1': 105.97, 'm6-1': 11.41, 'm7-1': 108.26, 'm8-1': 0.96}",1.59,182.76800000000011,183.82800000000012,inf,248.787,248.787
382,T4,BESTEFFORT,COMPLETED,m8-1,99.597,"{'m1-1': 11.07, 'm2-1': 99.41, 'm3-1': 1.04, 'm4-1': 112.84, 'm5-1': 106.92, 'm6-1': 11.5, 'm7-1': 103.56, 'm8-1': 1.05}",1.5750000000000002,183.836,184.88600000000002,inf,249.59699999999998,249.59699999999998
383,T4,BESTEFFORT,COMPLETED,m3-1,99.778,"{'m1-1': 10.14, 'm2-1': 96.03, 'm3-1': 1.07, 'm4-1': 110.88, 'm5-1': 97.18, 'm6-1': 10.43, 'm7-1': 98.74, 'm8-1': 1.19}",1.605,183.82800000000012,184.8980000000001,inf,249.77800000000002,249.77800000000002
384,T1,BESTEFFORT,COMPLETED,m8-1,99.889,"{'m1-1': 11.29, 'm2-1': 107.74, 'm3-1': 1.02, 'm4-1': 109.05, 'm5-1': 101.87, 'm6-1': 11.11, 'm7-1': 99.56, 'm8-1': 1.09}",1.6350000000000002,184.88600000000002,185.97600000000003,inf,249.889,249.889
385,T4,BESTEFFORT,COMPLETED,m3-1,100.045,"{'m1-1': 10.81, 'm2-1': 109.08, 'm3-1': 0.99, 'm4-1': 107.22, 'm5-1': 111.16, 'm6-1': 10.28, 'm7-1': 100.16, 'm8-1': 1.12}",1.4849999999999999,184.8980000000001,185.88800000000012,inf,250.04500000000002,250.04500000000002
386,T1,BESTEFFORT,COMPLETED,m8-1,100.191,"{'m1-1': 11.36, 'm2-1': 114.47, 'm3-1': 1.08, 'm4-1': 103.88, 'm5-1': 104.8, 'm6-1': 11.33, 'm7-1': 108.26, 'm8-1': 0.93}",1.395,185.97600000000003,186.90600000000003,inf,250.191,250.191
387,T4,BESTEFFORT,COMPLETED,m3-1,100.347,"{'m1-1': 10.69, 'm2-1': 104.06, 'm3-1': 1.07, 'm4-1': 102.87, 'm5-1': 101.66, 'm6-1': 10.23, 'm7-1': 100.13, 'm8-1': 1.18}",1.605,185.88800000000012,186.9580000000001,inf,250.34699999999998,250.34699999999998
388,T4,BESTEFFORT,COMPLETED,m8-1,100.737,"{'m1-1': 10.44, 'm2-1': 96.56, 'm3-1': 1.02, 'm4-1': 107.34, 'm5-1': 102.22, 'm6-1': 10.98, 'm7-1': 105.04, 'm8-1': 1.06}",1.59,186.90600000000003,187.96600000000004,inf,250.737,250.737
389,T2,BESTEFFORT,COMPLETED,m3-1,100.742,"{'m1-1': 10.94, 'm2-1': 103.27, 'm3-1': 1.09, 'm4-1': 105.5, 'm5-1': 102.32, 'm6-1': 9.67, 'm7-1': 99.36, 'm8-1': 1.06}",1.6350000000000002,186.9580000000001,188.04800000000012,inf,250.74200000000002,250.74200000000002
390,T2,BESTEFFORT,COMPLETED,m8-1,100.837,"{'m1-1': 9.59, 'm2-1': 107.68, 'm3-1': 1.07, 'm4-1': 95.15, 'm5-1': 106.94, 'm6-1': 10.2, 'm7-1': 109.67, 'm8-1': 0.99}",1.4849999999999999,187.96600000000004,188.95600000000005,inf,250.837,250.837
391,T2,BESTEFFORT,COMPLETED,m3-1,101.291,"{'m1-1': 10.87, 'm2-1': 100.18, 'm3-1': 1.07, 'm4-1': 105.18, 'm5-1': 102.45, 'm6-1': 10.29, 'm7-1': 103.62, 'm8-1': 1.01}",1.605,188.04800000000012,189.1180000000001,inf,251.291,251.291
392,T3,BESTEFFORT,COMPLETED,m8-1,101.399,"{'m1-1': 10.09, 'm2-1': 98.82, 'm3-1': 1.14, 'm4-1': 111.91, 'm5-1': 113.4, 'm6-1': 10.8, 'm7-1': 99.9, 'm8-1': 1.05}",1.5750000000000002,188.95600000000005,190.00600000000006,inf,251.399,251.399
393,T2,BESTEFFORT,COMPLETED,m3-1,101.53,"{'m1-1': 10.14, 'm2-1': 108.72, 'm3-1': 1.17, 'm4-1': 107.79, 'm5-1': 115.22, 'm6-1': 10.63, 'm7-1': 97.42, 'm8-1': 1.07}",1.755,189.1180000000001,190.2880000000001,inf,251.53,251.53
394,T2,BESTEFFORT,COMPLETED,m6-1,101.863,"{'m1-1': 11.01, 'm2-1': 97.05, 'm3-1': 1.11, 'm4-1': 94.25, 'm5-1': 98.18, 'm6-1': 9.61, 'm7-1': 94.09, 'm8-1': 1.06}",14.415,181.06700000000004,190.67700000000002,inf,251.863,251.863
395,T2,BESTEFFORT,COMPLETED,m8-1,102.03,"{'m1-1': 10.44, 'm2-1': 96.55, 'm3-1': 1.04, 'm4-1': 107.72, 'm5-1': 113.63, 'm6-1': 10.37, 'm7-1': 109.36, 'm8-1': 1.04}",1.56,190.00600000000006,191.04600000000005,inf,252.03,252.03
396,T1,BESTEFFORT,COMPLETED,m3-1,102.062,"{'m1-1': 11.68, 'm2-1': 107.98, 'm3-1': 1.16, 'm4-1': 105.72, 'm5-1': 99.53, 'm6-1': 11.2, 'm7-1': 105.42, 'm8-1': 1.09}",1.7399999999999998,190.2880000000001,191.4480000000001,inf,252.062,252.062
397,T4,BESTEFFORT,COMPLETED,m8-1,102.142,"{'m1-1': 11.5, 'm2-1': 102.39, 'm3-1': 1.08, 'm4-1': 105.2, 'm5-1': 98.86, 'm6-1': 10.0, 'm7-1': 114.15, 'm8-1': 1.03}",1.545,191.04600000000005,192.07600000000005,inf,252.142,252.142
398,T1,BESTEFFORT,COMPLETED,m3-1,102.168,"{'m1-1': 10.3, 'm2-1': 112.88, 'm3-1': 1.02, 'm4-1': 95.04, 'm5-1': 105.6, 'm6-1': 10.14, 'm7-1': 92.34, 'm8-1': 1.04}",1.53,191.4480000000001,192.4680000000001,inf,252.168,252.168
399,T4,BESTEFFORT,COMPLETED,m1-1,102.23,"{'m1-1': 11.29, 'm2-1': 100.24, 'm3-1': 1.07, 'm4-1': 105.66, 'm5-1': 100.97, 'm6-1': 10.81, 'm7-1': 113.35, 'm8-1': 1.06}",16.935,184.81300000000002,196.103,inf,252.23000000000002,252.23000000000002
400,T1,BESTEFFORT,COMPLETED,m8-1,102.829,"{'m1-1': 10.79, 'm2-1': 101.96, 'm3-1': 1.0, 'm4-1': 107.88, 'm5-1': 110.18, 'm6-1': 10.7, 'm7-1': 97.86, 'm8-1': 0.97}",1.455,192.07600000000005,193.04600000000005,inf,252.829,252.829
401,T2,BESTEFFORT,COMPLETED,m3-1,103.01,"{'m1-1': 10.2, 'm2-1': 99.4, 'm3-1': 1.08, 'm4-1': 97.52, 'm5-1': 108.44, 'm6-1': 10.3, 'm7-1': 103.16, 'm8-1': 1.06}",1.62,192.4680000000001,193.54800000000012,inf,253.01,253.01
402,T1,BESTEFFORT,COMPLETED,m8-1,103.483,"{'m1-1': 11.66, 'm2-1': 112.06, 'm3-1': 1.16, 'm4-1': 99.92, 'm5-1': 114.1, 'm6-1': 11.1, 'm7-1': 107.57, 'm8-1': 1.02}",1.53,193.04600000000005,194.06600000000006,inf,253.483,253.483
403,T2,BESTEFFORT,COMPLETED,m3-1,103.56,"{'m1-1': 10.28, 'm2-1': 108.52, 'm3-1': 1.16, 'm4-1': 101.33, 'm5-1': 108.64, 'm6-1': 10.95, 'm7-1': 107.86, 'm8-1': 0.99}",1.7399999999999998,193.54800000000012,194.7080000000001,inf,253.56,253.56
404,T2,BESTEFFORT,COMPLETED,m8-1,103.602,"{'m1-1': 9.92, 'm2-1': 107.05, 'm3-1': 1.02, 'm4-1': 109.35, 'm5-1': 106.3, 'm6-1': 10.38, 'm7-1': 94.69, 'm8-1': 1.03}",1.545,194.06600000000006,195.09600000000006,inf,253.602,253.602
405,T3,BESTEFFORT,COMPLETED,m3-1,104.158,"{'m1-1': 10.84, 'm2-1': 106.27, 'm3-1': 1.12, 'm4-1': 105.95, 'm5-1': 102.57, 'm6-1': 10.24, 'm7-1': 100.86, 'm8-1': 1.03}",1.6800000000000002,194.7080000000001,195.82800000000012,inf,254.15800000000002,254.15800000000002
406,T2,BESTEFFORT,COMPLETED,m8-1,104.922,"{'m1-1': 9.78, 'm2-1': 101.12, 'm3-1': 1.17, 'm4-1': 105.98, 'm5-1': 105.48, 'm6-1': 11.1, 'm7-1': 95.94, 'm8-1': 1.02}",1.53,195.09600000000006,196.11600000000007,inf,254.922,254.922
407,T1,BESTEFFORT,COMPLETED,m3-1,105.099,"{'m1-1': 10.09, 'm2-1': 97.71, 'm3-1': 1.03, 'm4-1': 100.24, 'm5-1': 102.65, 'm6-1': 10.85, 'm7-1': 98.84, 'm8-1': 0.98}",1.545,195.82800000000012,196.85800000000012,inf,255.099,255.099
408,T2,BESTEFFORT,COMPLETED,m8-1,105.635,"{'m1-1': 10.06, 'm2-1': 103.43, 'm3-1': 1.01, 'm4-1': 106.32, 'm5-1': 111.15, 'm6-1': 9.63, 'm7-1': 97.62, 'm8-1': 1.01}",1.5150000000000001,196.11600000000007,197.12600000000006,inf,255.635,255.635
409,T1,BESTEFFORT,COMPLETED,m3-1,105.848,"{'m1-1': 10.13, 'm2-1': 106.31, 'm3-1': 1.0, 'm4-1': 104.56, 'm5-1': 108.86, 'm6-1': 10.07, 'm7-1': 98.99, 'm8-1': 1.0}",1.5,196.85800000000012,197.85800000000012,inf,255.848,255.848
410,T2,BESTEFFORT,COMPLETED,m8-1,106.393,"{'m1-1': 10.47, 'm2-1': 101.88, 'm3-1': 1.06, 'm4-1': 93.35, 'm5-1': 115.39, 'm6-1': 10.86, 'm7-1': 98.5, 'm8-1': 1.07}",1.605,197.12600000000006,198.19600000000005,inf,256.39300000000003,256.39300000000003
411,T3,BESTEFFORT,COMPLETED,m3-1,106.4,"{'m1-1': 10.63, 'm2-1': 101.96, 'm3-1': 1.03, 'm4-1': 110.88, 'm5-1': 102.26, 'm6-1': 9.86, 'm7-1': 101.86, 'm8-1': 0.97}",1.545,197.85800000000012,198.88800000000012,inf,256.4,256.4
412,T3,BESTEFFORT,COMPLETED,m8-1,106.611,"{'m1-1': 11.2, 'm2-1': 100.12, 'm3-1': 1.03, 'm4-1': 112.14, 'm5-1': 101.81, 'm6-1': 9.69, 'm7-1': 102.23, 'm8-1': 1.02}",1.53,198.19600000000005,199.21600000000007,inf,256.611,256.611
413,T4,BESTEFFORT,COMPLETED,m3-1,106.92,"{'m1-1': 10.0, 'm2-1': 100.32, 'm3-1': 1.04, 'm4-1': 102.44, 'm5-1': 112.86, 'm6-1': 10.88, 'm7-1': 99.12, 'm8-1': 1.13}",1.56,198.88800000000012,199.9280000000001,inf,256.92,256.92
414,T1,BESTEFFORT,COMPLETED,m8-1,106.938,"{'m1-1': 10.97, 'm2-1': 103.13, 'm3-1': 1.03, 'm4-1': 97.7, 'm5-1': 114.08, 'm6-1': 10.32, 'm7-1': 105.73, 'm8-1': 0.96}",1.44,199.21600000000007,200.17600000000007,inf,256.938,256.938
415,T3,BESTEFFORT,COMPLETED,m6-1,107.034,"{'m1-1': 10.11, 'm2-1': 101.26, 'm3-1': 1.13, 'm4-1': 113.41, 'm5-1': 114.94, 'm6-1': 10.53, 'm7-1': 100.69, 'm8-1': 0.97}",15.794999999999998,190.67700000000002,201.20700000000002,inf,257.034,257.034
416,T3,BESTEFFORT,COMPLETED,m3-1,107.05,"{'m1-1': 10.17, 'm2-1': 112.19, 'm3-1': 1.08, 'm4-1': 113.12, 'm5-1': 103.85, 'm6-1': 9.36, 'm7-1': 103.33, 'm8-1': 1.01}",1.62,199.9280000000001,201.00800000000012,inf,257.05,257.05
417,T4,BESTEFFORT,COMPLETED,m8-1,107.081,"{'m1-1': 10.09, 'm2-1': 96.73, 'm3-1': 1.05, 'm4-1': 113.65, 'm5-1': 108.22, 'm6-1': 11.25, 'm7-1': 110.54, 'm8-1': 1.05}",1.5750000000000002,200.17600000000007,201.22600000000008,inf,257.081,257.081
418,T2,BESTEFFORT,COMPLETED,m3-1,107.239,"{'m1-1': 10.69, 'm2-1': 107.4, 'm3-1': 1.07, 'm4-1': 95.7, 'm5-1': 108.24, 'm6-1': 10.26, 'm7-1': 98.01, 'm8-1': 1.08}",1.605,201.00800000000012,202.07800000000012,inf,257.23900000000003,257.23900000000003
419,T2,BESTEFFORT,COMPLETED,m8-1,107.39,"{'m1-1': 9.86, 'm2-1': 100.93, 'm3-1': 1.07, 'm4-1': 108.24, 'm5-1': 114.34, 'm6-1': 9.58, 'm7-1': 93.37, 'm8-1': 1.01}",1.5150000000000001,201.22600000000008,202.23600000000008,inf,257.39,257.39
420,T1,BESTEFFORT,COMPLETED,m3-1,107.486,"{'m1-1': 11.32, 'm2-1': 110.4, 'm3-1': 1.05, 'm4-1': 107.11, 'm5-1': 111.7, 'm6-1': 10.24, 'm7-1': 104.68, 'm8-1': 1.07}",1.5750000000000002,202.07800000000012,203.12800000000013,inf,257.486,257.486
421,T3,BESTEFFORT,COMPLETED,m8-1,107.589,"{'m1-1': 11.56, 'm2-1': 100.4, 'm3-1': 1.18, 'm4-1': 98.17, 'm5-1': 103.16, 'm6-1': 10.57, 'm7-1': 106.93, 'm8-1': 0.98}",1.47,202.23600000000008,203.21600000000007,inf,257.589,257.589
422,T3,BESTEFFORT,COMPLETED,m1-1,107.826,"{'m1-1': 11.24, 'm2-1': 104.17, 'm3-1': 1.09, 'm4-1': 109.2, 'm5-1': 105.8, 'm6-1': 10.05, 'm7-1': 102.73, 'm8-1': 1.12}",16.86,196.103,207.34300000000002,inf,257.826,257.826
423,T3,BESTEFFORT,COMPLETED,m2-1,108.143,"{'m1-1': 10.49, 'm2-1': 104.23, 'm3-1': 1.18, 'm4-1': 108.61, 'm5-1': 112.84, 'm6-1': 9.41, 'm7-1': 100.77, 'm8-1': 1.08}",156.345,108.143,212.373,inf,258.14300000000003,258.14300000000003
424,T2,BESTEFFORT,COMPLETED,m3-1,108.451,"{'m1-1': 10.19, 'm2-1': 107.16, 'm3-1': 1.08, 'm4-1': 102.61, 'm5-1': 105.4, 'm6-1': 9.91, 'm7-1': 105.84, 'm8-1': 0.99}",1.62,203.12800000000013,204.20800000000014,inf,258.451,258.451
425,T1,BESTEFFORT,COMPLETED,m8-1,108.485,"{'m1-1': 10.9, 'm2-1': 100.66, 'm3-1': 0.99, 'm4-1': 103.56, 'm5-1': 114.31, 'm6-1': 11.4, 'm7-1': 98.52, 'm8-1': 1.03}",1.545,203.21600000000007,204.24600000000007,inf,258.485,258.485
426,T1,BESTEFFORT,COMPLETED,m3-1,109.149,"{'m1-1': 11.66, 'm2-1': 101.35, 'm3-1': 1.01, 'm4-1': 96.97, 'm5-1': 106.98, 'm6-1': 9.89, 'm7-1': 105.42, 'm8-1': 1.09}",1.5150000000000001,204.20800000000014,205.21800000000013,inf,259.149,259.149
427,T4,BESTEFFORT,COMPLETED,m5-1,109.163,"{'m1-1': 11.47, 'm2-1': 110.62, 'm3-1': 1.1, 'm4-1': 96.94, 'm5-1': 111.14, 'm6-1': 11.62, 'm7-1': 114.46, 'm8-1': 1.07}",166.71,109.163,220.303,inf,259.163,259.163
428,T4,BESTEFFORT,COMPLETED,m8-1,109.203,"{'m1-1': 11.73, 'm2-1': 111.61, 'm3-1': 1.02, 'm4-1': 97.3, 'm5-1': 111.99, 'm6-1': 10.06, 'm7-1': 102.58, 'm8-1': 1.09}",1.6350000000000002,204.24600000000007,205.33600000000007,inf,259.203,259.203
429,T4,BESTEFFORT,COMPLETED,m3-1,109.323,"{'m1-1': 10.94, 'm2-1': 98.23, 'm3-1': 1.06, 'm4-1': 102.87, 'm5-1': 104.23, 'm6-1': 11.34, 'm7-1': 114.87, 'm8-1': 1.04}",1.59,205.21800000000013,206.27800000000013,inf,259.323,259.323
430,T3,BESTEFFORT,COMPLETED,m8-1,109.52,"{'m1-1': 10.73, 'm2-1': 100.78, 'm3-1': 1.03, 'm4-1': 97.86, 'm5-1': 114.23, 'm6-1': 9.65, 'm7-1': 114.1, 'm8-1': 0.99}",1.4849999999999999,205.33600000000007,206.32600000000008,inf,259.52,259.52
431,T4,BESTEFFORT,COMPLETED,m3-1,109.666,"{'m1-1': 11.47, 'm2-1': 112.34, 'm3-1': 1.02, 'm4-1': 100.91, 'm5-1': 97.01, 'm6-1': 10.24, 'm7-1': 114.6, 'm8-1': 1.06}",1.53,206.27800000000013,207.29800000000014,inf,259.666,259.666
432,T2,BESTEFFORT,COMPLETED,m8-1,110.001,"{'m1-1': 10.68, 'm2-1': 100.21, 'm3-1': 1.16, 'm4-1': 109.11, 'm5-1': 110.77, 'm6-1': 10.1, 'm7-1': 104.3, 'm8-1': 1.0}",1.5,206.32600000000008,207.32600000000008,inf,260.001,260.001
433,T1,BESTEFFORT,COMPLETED,m7-1,110.388,"{'m1-1': 10.83, 'm2-1': 106.29, 'm3-1': 1.08, 'm4-1': 100.04, 'm5-1': 101.35, 'm6-1': 11.37, 'm7-1': 104.67, 'm8-1': 1.08}",157.005,110.388,215.058,inf,260.38800000000003,260.38800000000003
434,T3,BESTEFFORT,COMPLETED,m3-1,110.475,"{'m1-1': 10.09, 'm2-1': 95.15, 'm3-1': 1.15, 'm4-1': 105.36, 'm5-1': 103.08, 'm6-1': 9.3, 'm7-1': 103.67, 'm8-1': 1.0}",1.7249999999999999,207.29800000000014,208.44800000000015,inf,260.475,260.475
435,T3,BESTEFFORT,COMPLETED,m8-1,111.24,"{'m1-1': 9.86, 'm2-1': 96.87, 'm3-1': 1.02, 'm4-1': 107.45, 'm5-1': 98.11, 'm6-1': 10.24, 'm7-1': 102.44, 'm8-1': 0.95}",1.4249999999999998,207.32600000000008,208.27600000000007,inf,261.24,261.24
436,T3,BESTEFFORT,COMPLETED,m3-1,111.48,"{'m1-1': 11.24, 'm2-1': 105.67, 'm3-1': 1.18, 'm4-1': 103.09, 'm5-1': 98.62, 'm6-1': 10.76, 'm7-1': 101.23, 'm8-1': 1.12}",1.77,208.44800000000015,209.62800000000016,inf,261.48,261.48
437,T3,BESTEFFORT,COMPLETED,m8-1,111.507,"{'m1-1': 10.47, 'm2-1': 102.91, 'm3-1': 1.16, 'm4-1': 98.9, 'm5-1': 116.22, 'm6-1': 10.72, 'm7-1': 109.54, 'm8-1': 0.97}",1.455,208.27600000000007,209.24600000000007,inf,261.507,261.507
438,T3,BESTEFFORT,COMPLETED,m3-1,111.601,"{'m1-1': 11.27, 'm2-1': 101.55, 'm3-1': 1.09, 'm4-1': 96.63, 'm5-1': 112.73, 'm6-1': 9.7, 'm7-1': 109.54, 'm8-1': 0.96}",1.6350000000000002,209.62800000000016,210.71800000000016,inf,261.601,261.601
439,T4,BESTEFFORT,COMPLETED,m6-1,111.999,"{'m1-1': 9.96, 'm2-1': 110.99, 'm3-1': 1.12, 'm4-1': 106.47, 'm5-1': 97.49, 'm6-1': 11.7, 'm7-1': 106.2, 'm8-1': 1.1}",17.549999999999997,201.20700000000002,212.907,inf,261.999,261.999
440,T3,BESTEFFORT,COMPLETED,m8-1,112.438,"{'m1-1': 11.08, 'm2-1': 100.73, 'm3-1': 1.11, 'm4-1': 113.81, 'm5-1': 102.43, 'm6-1': 10.47, 'm7-1': 98.99, 'm8-1': 0.94}",1.41,209.24600000000007,210.18600000000006,inf,262.438,262.438
441,T1,BESTEFFORT,COMPLETED,m3-1,112.631,"{'m1-1': 10.04, 'm2-1': 97.08, 'm3-1': 1.01, 'm4-1': 101.16, 'm5-1': 107.21, 'm6-1': 11.29, 'm7-1': 100.69, 'm8-1': 1.05}",1.5150000000000001,210.71800000000016,211.72800000000015,inf,262.631,262.631
442,T1,BESTEFFORT,COMPLETED,m4-1,113.531,"{'m1-1': 11.31, 'm2-1': 112.05, 'm3-1': 1.06, 'm4-1': 111.63, 'm5-1': 107.95, 'm6-1': 11.22, 'm7-1': 98.3, 'm8-1': 1.08}",167.445,113.531,225.161,inf,263.531,263.531
443,T1,BESTEFFORT,COMPLETED,m8-1,113.998,"{'m1-1': 11.48, 'm2-1': 105.03, 'm3-1': 1.05, 'm4-1': 96.99, 'm5-1': 116.67, 'm6-1': 10.98, 'm7-1': 99.42, 'm8-1': 1.11}",1.665,210.18600000000006,211.29600000000008,inf,263.998,263.998
444,T2,BESTEFFORT,COMPLETED,m3-1,114.262,"{'m1-1': 9.4, 'm2-1': 101.19, 'm3-1': 1.11, 'm4-1': 95.56, 'm5-1': 110.41, 'm6-1': 9.62, 'm7-1': 104.98, 'm8-1': 0.94}",1.665,211.72800000000015,212.83800000000016,inf,264.262,264.262
445,T4,BESTEFFORT,COMPLETED,m8-1,114.529,"{'m1-1': 11.26, 'm2-1': 95.53, 'm3-1': 1.12, 'm4-1': 104.12, 'm5-1': 103.37, 'm6-1': 11.46, 'm7-1': 112.69, 'm8-1': 1.15}",1.7249999999999999,211.29600000000008,212.44600000000008,inf,264.529,264.529
446,T4,BESTEFFORT,COMPLETED,m1-1,114.549,"{'m1-1': 10.7, 'm2-1': 94.92, 'm3-1': 0.98, 'm4-1': 96.88, 'm5-1': 106.35, 'm6-1': 11.05, 'm7-1': 98.11, 'm8-1': 1.05}",16.049999999999997,207.34300000000002,218.043,inf,264.549,264.549
447,T3,BESTEFFORT,COMPLETED,m3-1,115.757,"{'m1-1': 9.81, 'm2-1': 94.82, 'm3-1': 1.18, 'm4-1': 107.68, 'm5-1': 114.18, 'm6-1': 9.41, 'm7-1': 109.62, 'm8-1': 0.95}",1.77,212.83800000000016,214.01800000000017,inf,265.757,265.757
448,T2,BESTEFFORT,COMPLETED,m8-1,115.789,"{'m1-1': 9.28, 'm2-1': 101.44, 'm3-1': 1.13, 'm4-1': 100.5, 'm5-1': 103.3, 'm6-1': 9.48, 'm7-1': 95.29, 'm8-1': 1.04}",1.56,212.44600000000008,213.48600000000008,inf,265.789,265.789
449,T4,BESTEFFORT,COMPLETED,m3-1,115.985,"{'m1-1': 10.14, 'm2-1': 101.96, 'm3-1': 1.02, 'm4-1': 103.64, 'm5-1': 101.35, 'm6-1': 9.89, 'm7-1': 98.78, 'm8-1': 1.01}",1.53,214.01800000000017,215.03800000000018,inf,265.985,265.985
450,T1,BESTEFFORT,COMPLETED,m8-1,115.996,"{'m1-1': 11.66, 'm2-1': 112.55, 'm3-1': 1.11, 'm4-1': 99.24, 'm5-1': 112.92, 'm6-1': 10.53, 'm7-1': 107.85, 'm8-1': 0.98}",1.47,213.48600000000008,214.46600000000007,inf,265.996,265.996
451,T4,BESTEFFORT,COMPLETED,m3-1,116.365,"{'m1-1': 11.24, 'm2-1': 111.28, 'm3-1': 1.11, 'm4-1': 99.06, 'm5-1': 100.79, 'm6-1': 10.58, 'm7-1': 99.28, 'm8-1': 1.18}",1.665,215.03800000000018,216.1480000000002,inf,266.365,266.365
452,T3,BESTEFFORT,COMPLETED,m8-1,116.88,"{'m1-1': 9.76, 'm2-1': 105.3, 'm3-1': 1.16, 'm4-1': 96.47, 'm5-1': 115.74, 'm6-1': 10.51, 'm7-1': 109.72, 'm8-1': 1.08}",1.62,214.46600000000007,215.54600000000008,inf,266.88,266.88
453,T4,BESTEFFORT,COMPLETED,m3-1,116.908,"{'m1-1': 11.41, 'm2-1': 99.98, 'm3-1': 1.03, 'm4-1': 99.22, 'm5-1': 96.74, 'm6-1': 11.26, 'm7-1': 107.47, 'm8-1': 1.01}",1.545,216.1480000000002,217.1780000000002,inf,266.908,266.908
454,T2,BESTEFFORT,COMPLETED,m8-1,117.181,"{'m1-1': 9.44, 'm2-1': 108.75, 'm3-1': 1.06, 'm4-1': 99.14, 'm5-1': 114.62, 'm6-1': 10.51, 'm7-1': 106.61, 'm8-1': 1.06}",1.59,215.54600000000008,216.60600000000008,inf,267.181,267.181
455,T3,BESTEFFORT,COMPLETED,m3-1,117.513,"{'m1-1': 10.81, 'm2-1': 112.15, 'm3-1': 1.0, 'm4-1': 97.31, 'm5-1': 111.22, 'm6-1': 9.78, 'm7-1': 109.95, 'm8-1': 1.05}",1.5,217.1780000000002,218.1780000000002,inf,267.51300000000003,267.51300000000003
456,T2,BESTEFFORT,COMPLETED,m8-1,117.737,"{'m1-1': 10.92, 'm2-1': 99.77, 'm3-1': 1.01, 'm4-1': 100.14, 'm5-1': 98.07, 'm6-1': 10.83, 'm7-1': 101.89, 'm8-1': 1.0}",1.5,216.60600000000008,217.60600000000008,inf,267.73699999999997,267.73699999999997
457,T4,BESTEFFORT,COMPLETED,m3-1,117.747,"{'m1-1': 10.62, 'm2-1': 111.85, 'm3-1': 1.05, 'm4-1': 108.41, 'm5-1': 98.36, 'm6-1': 11.34, 'm7-1': 114.84, 'm8-1': 1.16}",1.5750000000000002,218.1780000000002,219.2280000000002,inf,267.747,267.747
458,T4,BESTEFFORT,COMPLETED,m3-1,118.947,"{'m1-1': 10.12, 'm2-1': 100.7, 'm3-1': 1.04, 'm4-1': 98.5, 'm5-1': 96.95, 'm6-1': 10.08, 'm7-1': 114.74, 'm8-1': 1.14}",1.56,219.2280000000002,220.2680000000002,inf,268.947,268.947
459,T4,BESTEFFORT,COMPLETED,m8-1,118.979,"{'m1-1': 11.34, 'm2-1': 108.9, 'm3-1': 1.08, 'm4-1': 100.6, 'm5-1': 97.71, 'm6-1': 10.57, 'm7-1': 109.73, 'm8-1': 1.12}",1.6800000000000002,217.60600000000008,218.72600000000008,inf,268.979,268.979
460,T3,BESTEFFORT,COMPLETED,m6-1,118.985,"{'m1-1': 10.72, 'm2-1': 105.44, 'm3-1': 1.01, 'm4-1': 107.83, 'm5-1': 106.63, 'm6-1': 9.31, 'm7-1': 104.15, 'm8-1': 1.01}",13.965,212.907,222.217,inf,268.985,268.985
461,T4,BESTEFFORT,COMPLETED,m3-1,118.986,"{'m1-1': 11.72, 'm2-1': 101.63, 'm3-1': 1.11, 'm4-1': 109.88, 'm5-1': 111.23, 'm6-1': 10.6, 'm7-1': 97.13, 'm8-1': 1.1}",1.665,220.2680000000002,221.3780000000002,inf,268.986,268.986
462,T2,BESTEFFORT,COMPLETED,m8-1,119.114,"{'m1-1': 10.22, 'm2-1': 104.17, 'm3-1': 1.04, 'm4-1': 95.92, 'm5-1': 113.31, 'm6-1': 10.85, 'm7-1': 97.96, 'm8-1': 1.03}",1.545,218.72600000000008,219.75600000000009,inf,269.11400000000003,269.11400000000003
463,T1,BESTEFFORT,COMPLETED,m3-1,119.414,"{'m1-1': 11.48, 'm2-1': 101.48, 'm3-1': 1.11, 'm4-1': 111.12, 'm5-1': 109.71, 'm6-1': 10.07, 'm7-1': 107.77, 'm8-1': 1.08}",1.665,221.3780000000002,222.48800000000023,inf,269.414,269.414
464,T3,BESTEFFORT,COMPLETED,m8-1,119.421,"{'m1-1': 11.08, 'm2-1': 102.91, 'm3-1': 1.09, 'm4-1': 96.49, 'm5-1': 107.92, 'm6-1': 10.19, 'm7-1': 110.2, 'm8-1': 1.01}",1.5150000000000001,219.75600000000009,220.76600000000008,inf,269.421,269.421
465,T2,BESTEFFORT,COMPLETED,m3-1,120.702,"{'m1-1': 10.57, 'm2-1': 97.97, 'm3-1': 1.08, 'm4-1': 93.85, 'm5-1': 108.15, 'm6-1': 10.22, 'm7-1': 95.07, 'm8-1': 1.08}",1.62,222.48800000000023,223.56800000000024,inf,270.702,270.702
466,T2,BESTEFFORT,COMPLETED,m8-1,121.015,"{'m1-1': 9.68, 'm2-1': 97.91, 'm3-1': 1.12, 'm4-1': 97.43, 'm5-1': 105.89, 'm6-1': 10.94, 'm7-1': 98.85, 'm8-1': 0.94}",1.41,220.76600000000008,221.70600000000007,inf,271.015,271.015
467,T3,BESTEFFORT,COMPLETED,m1-1,121.2,"{'m1-1': 9.86, 'm2-1': 99.72, 'm3-1': 1.17, 'm4-1': 110.14, 'm5-1': 107.94, 'm6-1': 10.84, 'm7-1': 106.68, 'm8-1': 1.02}",14.79,218.043,227.90300000000002,inf,271.2,271.2
468,T1,BESTEFFORT,COMPLETED,m3-1,121.252,"{'m1-1': 10.01, 'm2-1': 110.48, 'm3-1': 1.03, 'm4-1': 97.22, 'm5-1': 111.86, 'm6-1': 10.33, 'm7-1': 92.34, 'm8-1': 1.01}",1.545,223.56800000000024,224.59800000000024,inf,271.252,271.252
469,T1,BESTEFFORT,COMPLETED,m8-1,121.631,"{'m1-1': 10.9, 'm2-1': 102.44, 'm3-1': 1.07, 'm4-1': 109.92, 'm5-1': 107.48, 'm6-1': 10.94, 'm7-1': 102.68, 'm8-1': 0.98}",1.47,221.70600000000007,222.68600000000006,inf,271.631,271.631
470,T2,BESTEFFORT,COMPLETED,m3-1,121.64,"{'m1-1': 9.75, 'm2-1': 100.93, 'm3-1': 1.16, 'm4-1': 92.45, 'm5-1': 107.0, 'm6-1': 10.99, 'm7-1': 97.97, 'm8-1': 0.99}",1.7399999999999998,224.59800000000024,225.75800000000024,inf,271.64,271.64
471,T2,BESTEFFORT,COMPLETED,m8-1,122.262,"{'m1-1': 10.62, 'm2-1': 95.68, 'm3-1': 1.14, 'm4-1': 104.66, 'm5-1': 109.38, 'm6-1': 10.11, 'm7-1': 103.82, 'm8-1': 1.08}",1.62,222.68600000000006,223.76600000000008,inf,272.262,272.262
472,T3,BESTEFFORT,COMPLETED,m3-1,122.617,"{'m1-1': 9.96, 'm2-1': 97.55, 'm3-1': 1.12, 'm4-1': 110.85, 'm5-1': 109.96, 'm6-1': 9.96, 'm7-1': 114.53, 'm8-1': 1.02}",1.6800000000000002,225.75800000000024,226.87800000000024,inf,272.617,272.617
473,T1,BESTEFFORT,COMPLETED,m8-1,122.65,"{'m1-1': 10.64, 'm2-1': 112.41, 'm3-1': 1.16, 'm4-1': 101.88, 'm5-1': 101.87, 'm6-1': 11.04, 'm7-1': 105.08, 'm8-1': 1.08}",1.62,223.76600000000008,224.8460000000001,inf,272.65,272.65
474,T3,BESTEFFORT,COMPLETED,m3-1,123.389,"{'m1-1': 11.02, 'm2-1': 98.52, 'm3-1': 1.07, 'm4-1': 98.08, 'm5-1': 99.93, 'm6-1': 9.68, 'm7-1': 100.14, 'm8-1': 1.0}",1.605,226.87800000000024,227.94800000000023,inf,273.389,273.389
475,T1,BESTEFFORT,COMPLETED,m8-1,123.523,"{'m1-1': 11.1, 'm2-1': 97.08, 'm3-1': 1.15, 'm4-1': 104.88, 'm5-1': 115.91, 'm6-1': 11.15, 'm7-1': 93.24, 'm8-1': 0.96}",1.44,224.8460000000001,225.8060000000001,inf,273.523,273.523
476,T3,BESTEFFORT,COMPLETED,m3-1,123.666,"{'m1-1': 10.39, 'm2-1': 110.88, 'm3-1': 1.13, 'm4-1': 110.85, 'm5-1': 108.08, 'm6-1': 9.2, 'm7-1': 108.57, 'm8-1': 1.03}",1.6949999999999998,227.94800000000023,229.07800000000023,inf,273.666,273.666
477,T2,BESTEFFORT,COMPLETED,m8-1,123.717,"{'m1-1': 10.52, 'm2-1': 96.35, 'm3-1': 1.1, 'm4-1': 98.91, 'm5-1': 104.27, 'm6-1': 10.41, 'm7-1': 99.47, 'm8-1': 1.04}",1.56,225.8060000000001,226.8460000000001,inf,273.717,273.717
478,T1,BESTEFFORT,COMPLETED,m8-1,123.802,"{'m1-1': 10.69, 'm2-1': 100.82, 'm3-1': 1.11, 'm4-1': 98.69, 'm5-1': 116.77, 'm6-1': 10.19, 'm7-1': 104.44, 'm8-1': 0.98}",1.47,226.8460000000001,227.82600000000008,inf,273.802,273.802
479,T3,BESTEFFORT,COMPLETED,m3-1,124.726,"{'m1-1': 10.81, 'm2-1': 103.23, 'm3-1': 1.16, 'm4-1': 112.62, 'm5-1': 114.2, 'm6-1': 9.93, 'm7-1': 103.46, 'm8-1': 0.96}",1.7399999999999998,229.07800000000023,230.23800000000023,inf,274.726,274.726
480,T1,BESTEFFORT,COMPLETED,m6-1,124.777,"{'m1-1': 11.53, 'm2-1': 111.31, 'm3-1': 1.15, 'm4-1': 103.9, 'm5-1': 103.06, 'm6-1': 11.41, 'm7-1': 92.0, 'm8-1': 1.01}",17.115000000000002,222.217,233.627,inf,274.777,274.777
481,T3,BESTEFFORT,COMPLETED,m3-1,125.631,"{'m1-1': 11.42, 'm2-1': 101.16, 'm3-1': 1.03, 'm4-1': 100.98, 'm5-1': 107.19, 'm6-1': 9.34, 'm7-1': 109.8, 'm8-1': 1.03}",1.545,230.23800000000023,231.26800000000023,inf,275.631,275.631
482,T1,BESTEFFORT,COMPLETED,m8-1,125.805,"{'m1-1': 11.15, 'm2-1': 112.77, 'm3-1': 1.03, 'm4-1': 103.68, 'm5-1': 108.68, 'm6-1': 11.23, 'm7-1': 93.08, 'm8-1': 0.98}",1.47,227.82600000000008,228.80600000000007,inf,275.805,275.805
483,T1,BESTEFFORT,COMPLETED,m8-1,126.14,"{'m1-1': 11.35, 'm2-1': 101.97, 'm3-1': 1.11, 'm4-1': 102.02, 'm5-1': 111.5, 'm6-1': 10.16, 'm7-1': 93.34, 'm8-1': 0.98}",1.47,228.80600000000007,229.78600000000006,inf,276.14,276.14
484,T1,BESTEFFORT,COMPLETED,m3-1,126.161,"{'m1-1': 11.72, 'm2-1': 105.58, 'm3-1': 1.08, 'm4-1': 105.56, 'm5-1': 98.28, 'm6-1': 10.9, 'm7-1': 93.94, 'm8-1': 1.0}",1.62,231.26800000000023,232.34800000000024,inf,276.161,276.161
485,T1,BESTEFFORT,COMPLETED,m8-1,126.401,"{'m1-1': 11.33, 'm2-1': 105.21, 'm3-1': 1.07, 'm4-1': 108.15, 'm5-1': 109.3, 'm6-1': 10.55, 'm7-1': 96.1, 'm8-1': 0.93}",1.395,229.78600000000006,230.71600000000007,inf,276.401,276.401
486,T1,BESTEFFORT,COMPLETED,m3-1,127.243,"{'m1-1': 10.26, 'm2-1': 103.31, 'm3-1': 1.11, 'm4-1': 102.13, 'm5-1': 103.06, 'm6-1': 10.68, 'm7-1': 103.74, 'm8-1': 1.07}",1.665,232.34800000000024,233.45800000000025,inf,277.243,277.243
487,T1,BESTEFFORT,COMPLETED,m8-1,127.685,"{'m1-1': 10.99, 'm2-1': 106.11, 'm3-1': 1.02, 'm4-1': 101.24, 'm5-1': 114.29, 'm6-1': 11.3, 'm7-1': 96.43, 'm8-1': 1.08}",1.62,230.71600000000007,231.79600000000008,inf,277.685,277.685
488,T3,BESTEFFORT,COMPLETED,m3-1,129.186,"{'m1-1': 10.73, 'm2-1': 99.77, 'm3-1': 1.09, 'm4-1': 113.44, 'm5-1': 98.21, 'm6-1': 9.73, 'm7-1': 111.73, 'm8-1': 1.02}",1.6350000000000002,233.45800000000025,234.54800000000026,inf,279.18600000000004,279.18600000000004
489,T3,BESTEFFORT,COMPLETED,m8-1,129.518,"{'m1-1': 10.66, 'm2-1': 99.95, 'm3-1': 1.17, 'm4-1': 100.07, 'm5-1': 106.34, 'm6-1': 9.72, 'm7-1': 113.64, 'm8-1': 0.99}",1.4849999999999999,231.79600000000008,232.7860000000001,inf,279.51800000000003,279.51800000000003
490,T3,BESTEFFORT,COMPLETED,m1-1,129.729,"{'m1-1': 10.56, 'm2-1': 97.46, 'm3-1': 1.13, 'm4-1': 107.68, 'm5-1': 108.7, 'm6-1': 10.41, 'm7-1': 100.19, 'm8-1': 1.03}",15.84,227.90300000000002,238.46300000000002,inf,279.72900000000004,279.72900000000004
491,T3,BESTEFFORT,COMPLETED,m3-1,131.811,"{'m1-1': 11.25, 'm2-1': 101.17, 'm3-1': 1.04, 'm4-1': 108.42, 'm5-1': 111.3, 'm6-1': 10.74, 'm7-1': 110.41, 'm8-1': 0.96}",1.56,234.54800000000026,235.58800000000025,inf,281.81100000000004,281.81100000000004
492,T3,BESTEFFORT,COMPLETED,m8-1,132.435,"{'m1-1': 11.28, 'm2-1': 111.18, 'm3-1': 1.02, 'm4-1': 102.37, 'm5-1': 116.09, 'm6-1': 10.22, 'm7-1': 101.22, 'm8-1': 1.09}",1.6350000000000002,232.7860000000001,233.8760000000001,inf,282.435,282.435
493,T3,BESTEFFORT,COMPLETED,m3-1,133.631,"{'m1-1': 10.04, 'm2-1': 95.15, 'm3-1': 1.18, 'm4-1': 109.15, 'm5-1': 109.88, 'm6-1': 10.65, 'm7-1': 96.98, 'm8-1': 0.98}",1.77,235.58800000000025,236.76800000000026,inf,283.631,283.631
494,T3,BESTEFFORT,COMPLETED,m8-1,134.098,"{'m1-1': 10.81, 'm2-1': 97.29, 'm3-1': 1.01, 'm4-1': 98.04, 'm5-1': 98.98, 'm6-1': 9.67, 'm7-1': 103.37, 'm8-1': 1.1}",1.6500000000000001,233.8760000000001,234.97600000000008,inf,284.098,284.098
495,T3,BESTEFFORT,COMPLETED,m3-1,134.439,"{'m1-1': 10.81, 'm2-1': 108.14, 'm3-1': 1.09, 'm4-1': 102.11, 'm5-1': 100.87, 'm6-1': 10.79, 'm7-1': 97.36, 'm8-1': 1.1}",1.6350000000000002,236.76800000000026,237.85800000000026,inf,284.43899999999996,284.43899999999996
496,T3,BESTEFFORT,COMPLETED,m8-1,134.533,"{'m1-1': 9.84, 'm2-1': 108.36, 'm3-1': 1.03, 'm4-1': 107.72, 'm5-1': 116.59, 'm6-1': 10.19, 'm7-1': 105.45, 'm8-1': 1.07}",1.605,234.97600000000008,236.04600000000008,inf,284.533,284.533
497,T3,BESTEFFORT,COMPLETED,m3-1,135.199,"{'m1-1': 9.84, 'm2-1': 107.75, 'm3-1': 1.02, 'm4-1': 106.59, 'm5-1': 103.16, 'm6-1': 9.48, 'm7-1': 114.04, 'm8-1': 0.96}",1.53,237.85800000000026,238.87800000000027,inf,285.199,285.199
498,T3,BESTEFFORT,COMPLETED,m8-1,137.171,"{'m1-1': 10.13, 'm2-1': 101.38, 'm3-1': 1.05, 'm4-1': 107.35, 'm5-1': 115.06, 'm6-1': 10.83, 'm7-1': 113.95, 'm8-1': 1.1}",1.6500000000000001,236.04600000000008,237.14600000000007,inf,287.171,287.171
499,T3,BESTEFFORT,COMPLETED,m3-1,137.732,"{'m1-1': 10.11, 'm2-1': 102.27, 'm3-1': 1.15, 'm4-1': 106.4, 'm5-1': 106.38, 'm6-1': 10.44, 'm7-1': 107.56, 'm8-1': 1.0}",1.7249999999999999,238.87800000000027,240.02800000000028,inf,287.73199999999997,287.73199999999997
