id,type,urgency,status,assigned_machine,arrival_time,execution_time,energy_usage,start_time,completion_time,missed_time,deadline,extended_deadline
0,T2,BESTEFFORT,COMPLETED,m4-1,0.109,"{'m1-1': 10.05, 'm2-1': 99.44, 'm3-1': 104.44, 'm4-1': 1.15, 'm5-1': 11.84, 'm6-1': 108.1, 'm7-1': 11.57, 'm8-1': 108.76}",1.7249999999999999,0.109,1.259,inf,150.109,150.109
1,T4,BESTEFFORT,COMPLETED,m4-1,0.194,"{'m1-1': 10.3, 'm2-1': 103.19, 'm3-1': 98.68, 'm4-1': 1.02, 'm5-1': 10.99, 'm6-1': 104.68, 'm7-1': 9.75, 'm8-1': 98.74}",1.53,1.259,2.279,inf,150.194,150.194
2,T1,BESTEFFORT,COMPLETED,m4-1,0.699,"{'m1-1': 10.62, 'm2-1': 110.18, 'm3-1': 102.32, 'm4-1': 1.01, 'm5-1': 10.38, 'm6-1': 100.61, 'm7-1': 9.66, 'm8-1': 101.29}",1.5150000000000001,2.279,3.2889999999999997,inf,150.699,150.699
3,T4,BESTEFFORT,COMPLETED,m4-1,1.146,"{'m1-1': 11.32, 'm2-1': 109.61, 'm3-1': 100.9, 'm4-1': 0.98, 'm5-1': 10.16, 'm6-1': 100.72, 'm7-1': 9.65, 'm8-1': 102.36}",1.47,3.2889999999999997,4.269,inf,151.146,151.146
4,T1,BESTEFFORT,COMPLETED,m7-1,1.155,"{'m1-1': 10.25, 'm2-1': 103.13, 'm3-1': 99.43, 'm4-1': 1.08, 'm5-1': 10.07, 'm6-1': 110.02, 'm7-1': 9.83, 'm8-1': 101.57}",14.745000000000001,1.155,10.985,inf,151.155,151.155
5,T2,BESTEFFORT,COMPLETED,m4-1,1.686,"{'m1-1': 10.15, 'm2-1': 101.64, 'm3-1': 101.15, 'm4-1': 1.08, 'm5-1': 10.91, 'm6-1': 107.86, 'm7-1': 10.77, 'm8-1': 108.37}",1.62,4.269,5.349,inf,151.686,151.686
6,T1,BESTEFFORT,COMPLETED,m1-1,1.748,"{'m1-1': 11.27, 'm2-1': 101.73, 'm3-1': 113.58, 'm4-1': 0.98, 'm5-1': 10.77, 'm6-1': 95.43, 'm7-1': 9.35, 'm8-1': 111.72}",16.905,1.748,13.017999999999999,inf,151.748,151.748
7,T2,BESTEFFORT,COMPLETED,m5-1,2.003,"{'m1-1': 11.25, 'm2-1': 104.45, 'm3-1': 106.51, 'm4-1': 1.01, 'm5-1': 10.64, 'm6-1': 106.66, 'm7-1': 10.12, 'm8-1': 111.77}",15.96,2.003,12.643,inf,152.003,152.003
8,T4,BESTEFFORT,COMPLETED,m7-1,2.193,"{'m1-1': 10.63, 'm2-1': 98.3, 'm3-1': 98.73, 'm4-1': 0.97, 'm5-1': 11.31, 'm6-1': 99.85, 'm7-1': 10.24, 'm8-1': 107.18}",15.36,10.985,21.225,inf,152.193,152.193
9,T1,BESTEFFORT,COMPLETED,m5-1,2.197,"{'m1-1': 9.99, 'm2-1': 100.76, 'm3-1': 100.11, 'm4-1': 0.99, 'm5-1': 10.02, 'm6-1': 107.19, 'm7-1': 10.53, 'm8-1': 113.56}",15.03,12.643,22.663,inf,152.197,152.197
10,T2,BESTEFFORT,COMPLETED,m4-1,2.939,"{'m1-1': 9.94, 'm2-1': 106.71, 'm3-1': 97.75, 'm4-1': 1.0, 'm5-1': 10.49, 'm6-1': 106.03, 'm7-1': 10.96, 'm8-1': 102.87}",1.5,5.349,6.349,inf,152.939,152.939
11,T1,BESTEFFORT,COMPLETED,m1-1,3.207,"{'m1-1': 10.42, 'm2-1': 99.43, 'm3-1': 103.99, 'm4-1': 1.06, 'm5-1': 10.79, 'm6-1': 101.36, 'm7-1': 9.54, 'm8-1': 98.32}",15.629999999999999,13.017999999999999,23.438,inf,153.207,153.207
12,T2,BESTEFFORT,COMPLETED,m4-1,3.703,"{'m1-1': 11.16, 'm2-1': 104.46, 'm3-1': 111.67, 'm4-1': 0.99, 'm5-1': 10.64, 'm6-1': 99.82, 'm7-1': 10.72, 'm8-1': 110.86}",1.4849999999999999,6.349,7.339,inf,153.703,153.703
13,T1,BESTEFFORT,COMPLETED,m7-1,3.983,"{'m1-1': 10.57, 'm2-1': 111.1, 'm3-1': 100.13, 'm4-1': 1.02, 'm5-1': 10.49, 'm6-1': 97.27, 'm7-1': 10.11, 'm8-1': 102.64}",15.165,21.225,31.335,inf,153.983,153.983
14,T3,BESTEFFORT,COMPLETED,m4-1,4.407,"{'m1-1': 10.94, 'm2-1': 103.37, 'm3-1': 112.75, 'm4-1': 1.1, 'm5-1': 9.49, 'm6-1': 114.24, 'm7-1': 10.38, 'm8-1': 101.33}",1.6500000000000001,7.339,8.439,inf,154.407,154.407
15,T1,BESTEFFORT,COMPLETED,m5-1,4.411,"{'m1-1': 11.23, 'm2-1': 105.6, 'm3-1': 97.91, 'm4-1': 1.03, 'm5-1': 9.75, 'm6-1': 110.75, 'm7-1': 10.12, 'm8-1': 96.23}",14.625,22.663,32.413,inf,154.411,154.411
16,T1,BESTEFFORT,COMPLETED,m1-1,4.428,"{'m1-1': 10.88, 'm2-1': 96.42, 'm3-1': 111.4, 'm4-1': 1.13, 'm5-1': 9.95, 'm6-1': 100.78, 'm7-1': 10.28, 'm8-1': 104.93}",16.32,23.438,34.318,inf,154.428,154.428
17,T3,BESTEFFORT,COMPLETED,m7-1,4.68,"{'m1-1': 10.54, 'm2-1': 110.18, 'm3-1': 98.0, 'm4-1': 1.14, 'm5-1': 9.46, 'm6-1': 111.45, 'm7-1': 10.17, 'm8-1': 95.78}",15.254999999999999,31.335,41.505,inf,154.68,154.68
18,T3,BESTEFFORT,COMPLETED,m5-1,4.694,"{'m1-1': 10.63, 'm2-1': 105.11, 'm3-1': 99.3, 'm4-1': 1.05, 'm5-1': 11.06, 'm6-1': 99.82, 'm7-1': 10.44, 'm8-1': 106.39}",16.59,32.413,43.473,inf,154.694,154.694
19,T2,BESTEFFORT,COMPLETED,m1-1,4.73,"{'m1-1': 11.05, 'm2-1': 116.51, 'm3-1': 102.27, 'm4-1': 1.02, 'm5-1': 11.66, 'm6-1': 98.52, 'm7-1': 11.56, 'm8-1': 112.0}",16.575000000000003,34.318,45.367999999999995,inf,154.73,154.73
20,T4,BESTEFFORT,COMPLETED,m2-1,4.86,"{'m1-1': 10.78, 'm2-1': 97.05, 'm3-1': 99.46, 'm4-1': 1.08, 'm5-1': 10.62, 'm6-1': 96.95, 'm7-1': 10.74, 'm8-1': 103.94}",145.575,4.86,101.91,inf,154.86,154.86
21,T1,BESTEFFORT,COMPLETED,m3-1,5.208,"{'m1-1': 10.67, 'm2-1': 101.38, 'm3-1': 100.33, 'm4-1': 1.02, 'm5-1': 9.84, 'm6-1': 96.44, 'm7-1': 10.15, 'm8-1': 108.36}",150.495,5.208,105.538,inf,155.208,155.208
22,T1,BESTEFFORT,COMPLETED,m6-1,5.234,"{'m1-1': 10.96, 'm2-1': 100.26, 'm3-1': 104.54, 'm4-1': 1.07, 'm5-1': 9.51, 'm6-1': 109.96, 'm7-1': 9.89, 'm8-1': 98.92}",164.94,5.234,115.19399999999999,inf,155.234,155.234
23,T1,BESTEFFORT,COMPLETED,m8-1,5.338,"{'m1-1': 10.54, 'm2-1': 109.16, 'm3-1': 99.01, 'm4-1': 1.05, 'm5-1': 9.7, 'm6-1': 107.24, 'm7-1': 9.17, 'm8-1': 103.81}",155.715,5.338,109.148,inf,155.338,155.338
24,T2,BESTEFFORT,COMPLETED,m4-1,5.375,"{'m1-1': 10.05, 'm2-1': 99.91, 'm3-1': 103.35, 'm4-1': 1.14, 'm5-1': 10.2, 'm6-1': 99.95, 'm7-1': 11.44, 'm8-1': 100.05}",1.71,8.439,9.579,inf,155.375,155.375
25,T2,BESTEFFORT,MISSED,m2-1,6.302,"{'m1-1': 11.19, 'm2-1': 104.42, 'm3-1': 110.99, 'm4-1': 1.16, 'm5-1': 11.58, 'm6-1': 103.96, 'm7-1': 10.67, 'm8-1': 101.16}",81.588,101.91,inf,156.302,156.302,156.302
26,T3,BESTEFFORT,COMPLETED,m4-1,6.402,"{'m1-1': 9.76, 'm2-1': 101.21, 'm3-1': 102.1, 'm4-1': 0.98, 'm5-1': 9.88, 'm6-1': 116.99, 'm7-1': 10.77, 'm8-1': 94.16}",1.47,9.579,10.559000000000001,inf,156.402,156.402
27,T3,BESTEFFORT,MISSED,m3-1,6.577,"{'m1-1': 9.62, 'm2-1': 95.86, 'm3-1': 109.33, 'm4-1': 1.0, 'm5-1': 9.41, 'm6-1': 102.49, 'm7-1': 10.09, 'm8-1': 106.2}",76.55850000000001,105.538,inf,156.577,156.577,156.577
28,T2,BESTEFFORT,MISSED,m8-1,6.644,"{'m1-1': 10.23, 'm2-1': 115.06, 'm3-1': 112.89, 'm4-1': 1.1, 'm5-1': 10.46, 'm6-1': 109.59, 'm7-1': 11.04, 'm8-1': 112.54}",71.24400000000001,109.148,inf,156.644,156.644,156.644
29,T2,BESTEFFORT,MISSED,m6-1,7.119,"{'m1-1': 11.61, 'm2-1': 105.57, 'm3-1': 100.84, 'm4-1': 1.05, 'm5-1': 11.82, 'm6-1': 108.85, 'm7-1': 11.4, 'm8-1': 98.83}",62.88750000000002,115.19399999999999,inf,157.119,157.119,157.119
30,T1,BESTEFFORT,MISSED,m3-1,7.214,"{'m1-1': 11.24, 'm2-1': 96.12, 'm3-1': 98.94, 'm4-1': 1.08, 'm5-1': 9.64, 'm6-1': 102.59, 'm7-1': 9.17, 'm8-1': 107.26}",0.9555000000000007,156.577,inf,157.214,157.214,157.214
31,T2,BESTEFFORT,COMPLETED,m4-1,7.778,"{'m1-1': 10.98, 'm2-1': 110.81, 'm3-1': 102.05, 'm4-1': 1.07, 'm5-1': 11.81, 'm6-1': 96.56, 'm7-1': 10.54, 'm8-1': 109.85}",1.605,10.559000000000001,11.629000000000001,inf,157.778,157.778
32,T2,BESTEFFORT,COMPLETED,m4-1,8.873,"{'m1-1': 10.76, 'm2-1': 112.67, 'm3-1': 105.7, 'm4-1': 1.08, 'm5-1': 10.21, 'm6-1': 106.53, 'm7-1': 11.26, 'm8-1': 105.09}",1.62,11.629000000000001,12.709000000000001,inf,158.873,158.873
33,T1,BESTEFFORT,MISSED,m8-1,8.987,"{'m1-1': 9.72, 'm2-1': 94.38, 'm3-1': 107.59, 'm4-1': 0.99, 'm5-1': 11.17, 'm6-1': 107.01, 'm7-1': 10.03, 'm8-1': 104.9}",3.514499999999984,156.644,inf,158.987,158.987,158.987
34,T4,BESTEFFORT,MISSED,m8-1,9.035,"{'m1-1': 11.22, 'm2-1': 101.41, 'm3-1': 102.59, 'm4-1': 1.05, 'm5-1': 10.8, 'm6-1': 95.31, 'm7-1': 11.04, 'm8-1': 111.73}",0.07200000000000273,158.987,inf,159.035,159.035,159.035
35,T2,BESTEFFORT,COMPLETED,m4-1,10.29,"{'m1-1': 10.94, 'm2-1': 113.07, 'm3-1': 105.42, 'm4-1': 1.13, 'm5-1': 11.17, 'm6-1': 108.21, 'm7-1': 10.17, 'm8-1': 98.83}",1.6949999999999998,12.709000000000001,13.839000000000002,inf,160.29,160.29
36,T3,BESTEFFORT,MISSED,m2-1,10.47,"{'m1-1': 10.06, 'm2-1': 99.59, 'm3-1': 97.2, 'm4-1': 1.08, 'm5-1': 10.07, 'm6-1': 100.63, 'm7-1': 10.19, 'm8-1': 106.64}",6.2520000000000095,156.302,inf,160.47,160.47,160.47
37,T4,BESTEFFORT,COMPLETED,m4-1,10.729,"{'m1-1': 11.09, 'm2-1': 106.93, 'm3-1': 111.92, 'm4-1': 1.01, 'm5-1': 10.16, 'm6-1': 103.12, 'm7-1': 10.66, 'm8-1': 100.74}",1.5150000000000001,13.839000000000002,14.849000000000002,inf,160.72899999999998,160.72899999999998
38,T1,BESTEFFORT,COMPLETED,m7-1,11.139,"{'m1-1': 10.83, 'm2-1': 111.22, 'm3-1': 99.39, 'm4-1': 1.1, 'm5-1': 10.52, 'm6-1': 107.51, 'm7-1': 10.78, 'm8-1': 108.94}",16.169999999999998,41.505,52.285000000000004,inf,161.139,161.139
39,T4,BESTEFFORT,MISSED,m6-1,11.166,"{'m1-1': 11.1, 'm2-1': 110.52, 'm3-1': 98.41, 'm4-1': 1.06, 'm5-1': 11.06, 'm6-1': 97.23, 'm7-1': 9.94, 'm8-1': 106.22}",6.070499999999996,157.119,inf,161.166,161.166,161.166
40,T2,BESTEFFORT,MISSED,m6-1,11.274,"{'m1-1': 10.47, 'm2-1': 104.74, 'm3-1': 103.1, 'm4-1': 1.11, 'm5-1': 11.5, 'm6-1': 111.55, 'm7-1': 10.64, 'm8-1': 107.6}",0.16200000000000614,161.166,inf,161.274,161.274,161.274
41,T3,BESTEFFORT,MISSED,m2-1,11.343,"{'m1-1': 10.01, 'm2-1': 97.14, 'm3-1': 96.11, 'm4-1': 1.08, 'm5-1': 11.07, 'm6-1': 101.45, 'm7-1': 9.51, 'm8-1': 103.91}",1.3094999999999857,160.47,inf,161.343,161.343,161.343
42,T2,BESTEFFORT,COMPLETED,m4-1,11.805,"{'m1-1': 10.28, 'm2-1': 108.78, 'm3-1': 106.94, 'm4-1': 1.08, 'm5-1': 10.5, 'm6-1': 109.86, 'm7-1': 11.76, 'm8-1': 103.54}",1.62,14.849000000000002,15.929000000000002,inf,161.805,161.805
43,T1,BESTEFFORT,MISSED,m3-1,12.029,"{'m1-1': 11.27, 'm2-1': 100.54, 'm3-1': 101.85, 'm4-1': 1.08, 'm5-1': 10.62, 'm6-1': 95.52, 'm7-1': 9.32, 'm8-1': 99.31}",7.222499999999997,157.214,inf,162.029,162.029,162.029
44,T1,BESTEFFORT,COMPLETED,m5-1,12.061,"{'m1-1': 10.02, 'm2-1': 98.35, 'm3-1': 105.13, 'm4-1': 1.02, 'm5-1': 9.42, 'm6-1': 106.81, 'm7-1': 10.02, 'm8-1': 99.28}",14.129999999999999,43.473,52.893,inf,162.061,162.061
45,T3,BESTEFFORT,COMPLETED,m4-1,12.092,"{'m1-1': 10.03, 'm2-1': 110.46, 'm3-1': 110.51, 'm4-1': 1.11, 'm5-1': 9.9, 'm6-1': 100.5, 'm7-1': 10.52, 'm8-1': 101.32}",1.665,15.929000000000002,17.039,inf,162.092,162.092
46,T3,BESTEFFORT,COMPLETED,m1-1,12.644,"{'m1-1': 9.7, 'm2-1': 105.59, 'm3-1': 107.88, 'm4-1': 1.0, 'm5-1': 10.52, 'm6-1': 103.68, 'm7-1': 10.3, 'm8-1': 108.4}",14.549999999999999,45.367999999999995,55.068,inf,162.644,162.644
47,T1,BESTEFFORT,COMPLETED,m4-1,12.955,"{'m1-1': 10.14, 'm2-1': 99.3, 'm3-1': 113.37, 'm4-1': 1.02, 'm5-1': 9.7, 'm6-1': 108.47, 'm7-1': 9.49, 'm8-1': 104.31}",1.53,17.039,18.059,inf,162.955,162.955
48,T1,BESTEFFORT,COMPLETED,m4-1,13.156,"{'m1-1': 9.66, 'm2-1': 103.14, 'm3-1': 98.12, 'm4-1': 1.13, 'm5-1': 9.89, 'm6-1': 103.72, 'm7-1': 9.85, 'm8-1': 98.9}",1.6949999999999998,18.059,19.189,inf,163.156,163.156
49,T2,BESTEFFORT,COMPLETED,m4-1,13.392,"{'m1-1': 10.1, 'm2-1': 108.18, 'm3-1': 103.37, 'm4-1': 1.03, 'm5-1': 10.67, 'm6-1': 97.15, 'm7-1': 11.18, 'm8-1': 95.41}",1.545,19.189,20.219,inf,163.392,163.392
50,T4,BESTEFFORT,COMPLETED,m4-1,13.489,"{'m1-1': 10.48, 'm2-1': 100.07, 'm3-1': 104.12, 'm4-1': 0.96, 'm5-1': 11.4, 'm6-1': 105.77, 'm7-1': 10.25, 'm8-1': 95.38}",1.44,20.219,21.179000000000002,inf,163.489,163.489
51,T3,BESTEFFORT,COMPLETED,m4-1,13.608,"{'m1-1': 10.49, 'm2-1': 96.6, 'm3-1': 98.21, 'm4-1': 0.97, 'm5-1': 9.99, 'm6-1': 100.05, 'm7-1': 10.38, 'm8-1': 94.28}",1.455,21.179000000000002,22.149,inf,163.608,163.608
52,T2,BESTEFFORT,COMPLETED,m4-1,13.695,"{'m1-1': 10.07, 'm2-1': 102.45, 'm3-1': 105.88, 'm4-1': 0.99, 'm5-1': 11.05, 'm6-1': 97.86, 'm7-1': 11.04, 'm8-1': 99.66}",1.4849999999999999,22.149,23.139,inf,163.695,163.695
53,T3,BESTEFFORT,COMPLETED,m4-1,13.811,"{'m1-1': 10.16, 'm2-1': 111.92, 'm3-1': 113.76, 'm4-1': 0.98, 'm5-1': 9.7, 'm6-1': 109.96, 'm7-1': 11.07, 'm8-1': 109.31}",1.47,23.139,24.119,inf,163.811,163.811
54,T2,BESTEFFORT,COMPLETED,m4-1,13.82,"{'m1-1': 11.1, 'm2-1': 108.12, 'm3-1': 99.98, 'm4-1': 1.06, 'm5-1': 11.28, 'm6-1': 106.52, 'm7-1': 11.04, 'm8-1': 100.71}",1.59,24.119,25.179,inf,163.82,163.82
55,T3,BESTEFFORT,COMPLETED,m7-1,14.142,"{'m1-1': 9.76, 'm2-1': 101.7, 'm3-1': 99.64, 'm4-1': 1.03, 'm5-1': 10.04, 'm6-1': 100.05, 'm7-1': 9.5, 'm8-1': 108.04}",14.25,52.285000000000004,61.785000000000004,inf,164.142,164.142
56,T1,BESTEFFORT,COMPLETED,m4-1,14.143,"{'m1-1': 10.25, 'm2-1': 97.05, 'm3-1': 105.67, 'm4-1': 1.03, 'm5-1': 9.92, 'm6-1': 101.63, 'm7-1': 9.35, 'm8-1': 109.85}",1.545,25.179,26.209,inf,164.143,164.143
57,T4,BESTEFFORT,COMPLETED,m5-1,14.289,"{'m1-1': 10.75, 'm2-1': 97.98, 'm3-1': 100.71, 'm4-1': 1.03, 'm5-1': 10.03, 'm6-1': 107.55, 'm7-1': 10.5, 'm8-1': 102.03}",15.044999999999998,52.893,62.923,inf,164.289,164.289
58,T1,BESTEFFORT,COMPLETED,m4-1,14.363,"{'m1-1': 9.79, 'm2-1': 98.85, 'm3-1': 109.79, 'm4-1': 0.98, 'm5-1': 10.69, 'm6-1': 112.01, 'm7-1': 9.64, 'm8-1': 104.46}",1.47,26.209,27.189,inf,164.363,164.363
59,T1,BESTEFFORT,COMPLETED,m1-1,14.661,"{'m1-1': 10.51, 'm2-1': 94.73, 'm3-1': 112.6, 'm4-1': 1.08, 'm5-1': 10.45, 'm6-1': 103.89, 'm7-1': 10.28, 'm8-1': 106.98}",15.765,55.068,65.578,inf,164.661,164.661
60,T2,BESTEFFORT,COMPLETED,m4-1,15.077,"{'m1-1': 11.49, 'm2-1': 99.8, 'm3-1': 97.79, 'm4-1': 1.01, 'm5-1': 11.19, 'm6-1': 97.34, 'm7-1': 10.35, 'm8-1': 112.67}",1.5150000000000001,27.189,28.199,inf,165.077,165.077
61,T2,BESTEFFORT,COMPLETED,m4-1,15.34,"{'m1-1': 10.85, 'm2-1': 113.87, 'm3-1': 106.84, 'm4-1': 1.12, 'm5-1': 11.52, 'm6-1': 109.42, 'm7-1': 10.04, 'm8-1': 96.57}",1.6800000000000002,28.199,29.319000000000003,inf,165.34,165.34
62,T2,BESTEFFORT,COMPLETED,m4-1,15.346,"{'m1-1': 11.27, 'm2-1': 99.84, 'm3-1': 111.49, 'm4-1': 1.0, 'm5-1': 11.9, 'm6-1': 97.67, 'm7-1': 10.99, 'm8-1': 112.4}",1.5,29.319000000000003,30.319000000000003,inf,165.346,165.346
63,T3,BESTEFFORT,COMPLETED,m4-1,15.684,"{'m1-1': 10.97, 'm2-1': 97.92, 'm3-1': 111.83, 'm4-1': 1.05, 'm5-1': 11.06, 'm6-1': 107.6, 'm7-1': 10.34, 'm8-1': 108.9}",1.5750000000000002,30.319000000000003,31.369000000000003,inf,165.684,165.684
64,T4,BESTEFFORT,COMPLETED,m4-1,16.381,"{'m1-1': 10.99, 'm2-1': 110.48, 'm3-1': 109.79, 'm4-1': 1.05, 'm5-1': 10.82, 'm6-1': 99.81, 'm7-1': 10.43, 'm8-1': 107.37}",1.5750000000000002,31.369000000000003,32.419000000000004,inf,166.381,166.381
65,T3,BESTEFFORT,COMPLETED,m4-1,16.558,"{'m1-1': 11.03, 'm2-1': 107.82, 'm3-1': 107.45, 'm4-1': 1.08, 'm5-1': 9.58, 'm6-1': 113.36, 'm7-1': 9.56, 'm8-1': 96.99}",1.62,32.419000000000004,33.499,inf,166.558,166.558
66,T4,BESTEFFORT,COMPLETED,m4-1,16.658,"{'m1-1': 10.64, 'm2-1': 101.53, 'm3-1': 114.73, 'm4-1': 1.0, 'm5-1': 10.29, 'm6-1': 95.11, 'm7-1': 10.52, 'm8-1': 100.95}",1.5,33.499,34.499,inf,166.65800000000002,166.65800000000002
67,T3,BESTEFFORT,COMPLETED,m7-1,16.734,"{'m1-1': 10.41, 'm2-1': 108.42, 'm3-1': 103.61, 'm4-1': 1.13, 'm5-1': 9.78, 'm6-1': 116.15, 'm7-1': 9.86, 'm8-1': 107.76}",14.79,61.785000000000004,71.64500000000001,inf,166.734,166.734
68,T2,BESTEFFORT,COMPLETED,m4-1,16.825,"{'m1-1': 10.48, 'm2-1': 107.75, 'm3-1': 113.07, 'm4-1': 1.04, 'm5-1': 11.4, 'm6-1': 107.52, 'm7-1': 11.35, 'm8-1': 104.13}",1.56,34.499,35.539,inf,166.825,166.825
69,T4,BESTEFFORT,COMPLETED,m5-1,16.979,"{'m1-1': 10.46, 'm2-1': 111.47, 'm3-1': 107.01, 'm4-1': 0.96, 'm5-1': 10.44, 'm6-1': 106.64, 'm7-1': 10.6, 'm8-1': 95.16}",15.66,62.923,73.363,inf,166.97899999999998,166.97899999999998
70,T3,BESTEFFORT,COMPLETED,m4-1,16.982,"{'m1-1': 10.06, 'm2-1': 95.2, 'm3-1': 98.19, 'm4-1': 1.08, 'm5-1': 10.79, 'm6-1': 100.63, 'm7-1': 9.79, 'm8-1': 102.32}",1.62,35.539,36.619,inf,166.982,166.982
71,T4,BESTEFFORT,COMPLETED,m4-1,17.836,"{'m1-1': 10.4, 'm2-1': 104.17, 'm3-1': 106.19, 'm4-1': 1.07, 'm5-1': 10.46, 'm6-1': 105.55, 'm7-1': 10.42, 'm8-1': 106.02}",1.605,36.619,37.689,inf,167.836,167.836
72,T2,BESTEFFORT,COMPLETED,m1-1,18.148,"{'m1-1': 10.07, 'm2-1': 116.8, 'm3-1': 99.7, 'm4-1': 1.05, 'm5-1': 11.0, 'm6-1': 100.53, 'm7-1': 10.3, 'm8-1': 99.58}",15.105,65.578,75.648,inf,168.148,168.148
73,T2,BESTEFFORT,COMPLETED,m4-1,18.29,"{'m1-1': 10.25, 'm2-1': 111.32, 'm3-1': 106.36, 'm4-1': 1.03, 'm5-1': 11.76, 'm6-1': 112.23, 'm7-1': 10.64, 'm8-1': 107.75}",1.545,37.689,38.719,inf,168.29,168.29
74,T1,BESTEFFORT,COMPLETED,m4-1,18.689,"{'m1-1': 10.54, 'm2-1': 101.79, 'm3-1': 106.99, 'm4-1': 1.01, 'm5-1': 10.0, 'm6-1': 104.23, 'm7-1': 10.43, 'm8-1': 98.8}",1.5150000000000001,38.719,39.729,inf,168.689,168.689
75,T2,BESTEFFORT,COMPLETED,m4-1,19.035,"{'m1-1': 11.1, 'm2-1': 111.55, 'm3-1': 97.07, 'm4-1': 1.07, 'm5-1': 11.69, 'm6-1': 105.54, 'm7-1': 11.3, 'm8-1': 112.47}",1.605,39.729,40.799,inf,169.035,169.035
76,T3,BESTEFFORT,COMPLETED,m4-1,19.168,"{'m1-1': 10.44, 'm2-1': 109.39, 'm3-1': 99.95, 'm4-1': 1.09, 'm5-1': 9.4, 'm6-1': 111.08, 'm7-1': 11.06, 'm8-1': 106.64}",1.6350000000000002,40.799,41.889,inf,169.168,169.168
77,T1,BESTEFFORT,COMPLETED,m4-1,19.195,"{'m1-1': 11.02, 'm2-1': 94.47, 'm3-1': 111.41, 'm4-1': 1.06, 'm5-1': 10.89, 'm6-1': 108.07, 'm7-1': 10.28, 'm8-1': 104.9}",1.59,41.889,42.949000000000005,inf,169.195,169.195
78,T4,BESTEFFORT,COMPLETED,m4-1,19.45,"{'m1-1': 11.2, 'm2-1': 111.05, 'm3-1': 100.66, 'm4-1': 1.08, 'm5-1': 10.67, 'm6-1': 95.0, 'm7-1': 9.54, 'm8-1': 95.28}",1.62,42.949000000000005,44.029,inf,169.45,169.45
79,T3,BESTEFFORT,COMPLETED,m4-1,19.703,"{'m1-1': 10.77, 'm2-1': 104.79, 'm3-1': 110.2, 'm4-1': 1.12, 'm5-1': 10.86, 'm6-1': 99.75, 'm7-1': 9.56, 'm8-1': 108.95}",1.6800000000000002,44.029,45.149,inf,169.703,169.703
80,T2,BESTEFFORT,COMPLETED,m7-1,19.848,"{'m1-1': 11.36, 'm2-1': 113.13, 'm3-1': 111.74, 'm4-1': 1.1, 'm5-1': 11.91, 'm6-1': 99.08, 'm7-1': 10.22, 'm8-1': 102.81}",15.330000000000002,71.64500000000001,81.86500000000001,inf,169.848,169.848
81,T1,BESTEFFORT,COMPLETED,m4-1,19.983,"{'m1-1': 10.93, 'm2-1': 110.98, 'm3-1': 110.22, 'm4-1': 0.99, 'm5-1': 10.87, 'm6-1': 110.31, 'm7-1': 9.46, 'm8-1': 97.75}",1.4849999999999999,45.149,46.139,inf,169.983,169.983
82,T1,BESTEFFORT,COMPLETED,m4-1,20.143,"{'m1-1': 10.42, 'm2-1': 102.69, 'm3-1': 109.97, 'm4-1': 1.02, 'm5-1': 9.76, 'm6-1': 109.6, 'm7-1': 10.71, 'm8-1': 111.09}",1.53,46.139,47.159000000000006,inf,170.143,170.143
83,T4,BESTEFFORT,COMPLETED,m5-1,20.992,"{'m1-1': 10.96, 'm2-1': 103.42, 'm3-1': 114.54, 'm4-1': 0.99, 'm5-1': 11.75, 'm6-1': 103.87, 'm7-1': 10.36, 'm8-1': 98.57}",17.625,73.363,85.113,inf,170.992,170.992
84,T1,BESTEFFORT,COMPLETED,m4-1,21.23,"{'m1-1': 10.95, 'm2-1': 108.0, 'm3-1': 107.2, 'm4-1': 1.0, 'm5-1': 11.18, 'm6-1': 102.49, 'm7-1': 10.62, 'm8-1': 109.86}",1.5,47.159000000000006,48.159000000000006,inf,171.23,171.23
85,T4,BESTEFFORT,COMPLETED,m4-1,21.511,"{'m1-1': 11.27, 'm2-1': 100.34, 'm3-1': 114.18, 'm4-1': 0.94, 'm5-1': 10.87, 'm6-1': 107.56, 'm7-1': 10.22, 'm8-1': 109.74}",1.41,48.159000000000006,49.099000000000004,inf,171.511,171.511
86,T2,BESTEFFORT,COMPLETED,m1-1,21.521,"{'m1-1': 10.18, 'm2-1': 106.21, 'm3-1': 107.39, 'm4-1': 1.03, 'm5-1': 10.45, 'm6-1': 97.76, 'm7-1': 11.5, 'm8-1': 101.62}",15.27,75.648,85.828,inf,171.52100000000002,171.52100000000002
87,T4,BESTEFFORT,COMPLETED,m4-1,21.537,"{'m1-1': 10.65, 'm2-1': 101.11, 'm3-1': 99.19, 'm4-1': 1.03, 'm5-1': 10.17, 'm6-1': 97.56, 'm7-1': 10.82, 'm8-1': 103.09}",1.545,49.099000000000004,50.129000000000005,inf,171.537,171.537
88,T3,BESTEFFORT,COMPLETED,m4-1,22.003,"{'m1-1': 9.92, 'm2-1': 102.88, 'm3-1': 113.9, 'm4-1': 1.02, 'm5-1': 9.78, 'm6-1': 102.23, 'm7-1': 11.14, 'm8-1': 97.29}",1.53,50.129000000000005,51.14900000000001,inf,172.003,172.003
89,T3,BESTEFFORT,COMPLETED,m4-1,22.625,"{'m1-1': 10.78, 'm2-1': 94.92, 'm3-1': 104.73, 'm4-1': 1.06, 'm5-1': 11.06, 'm6-1': 99.68, 'm7-1': 9.45, 'm8-1': 110.96}",1.59,51.14900000000001,52.20900000000001,inf,172.625,172.625
90,T3,BESTEFFORT,COMPLETED,m4-1,22.766,"{'m1-1': 10.38, 'm2-1': 108.73, 'm3-1': 112.82, 'm4-1': 1.09, 'm5-1': 10.14, 'm6-1': 108.03, 'm7-1': 10.26, 'm8-1': 110.63}",1.6350000000000002,52.20900000000001,53.299000000000014,inf,172.766,172.766
91,T4,BESTEFFORT,COMPLETED,m4-1,23.372,"{'m1-1': 10.86, 'm2-1': 114.47, 'm3-1': 108.36, 'm4-1': 0.99, 'm5-1': 11.43, 'm6-1': 110.61, 'm7-1': 10.29, 'm8-1': 99.32}",1.4849999999999999,53.299000000000014,54.289000000000016,inf,173.372,173.372
92,T3,BESTEFFORT,COMPLETED,m4-1,23.71,"{'m1-1': 9.65, 'm2-1': 99.14, 'm3-1': 112.78, 'm4-1': 0.99, 'm5-1': 9.46, 'm6-1': 112.44, 'm7-1': 9.49, 'm8-1': 97.92}",1.4849999999999999,54.289000000000016,55.27900000000002,inf,173.71,173.71
93,T2,BESTEFFORT,COMPLETED,m4-1,23.723,"{'m1-1': 10.7, 'm2-1': 108.66, 'm3-1': 97.31, 'm4-1': 1.04, 'm5-1': 10.55, 'm6-1': 111.88, 'm7-1': 10.87, 'm8-1': 98.83}",1.56,55.27900000000002,56.31900000000002,inf,173.723,173.723
94,T3,BESTEFFORT,COMPLETED,m7-1,24.105,"{'m1-1': 9.71, 'm2-1': 107.78, 'm3-1': 107.97, 'm4-1': 1.13, 'm5-1': 10.5, 'm6-1': 105.86, 'm7-1': 9.48, 'm8-1': 98.96}",14.22,81.86500000000001,91.34500000000001,inf,174.105,174.105
95,T1,BESTEFFORT,COMPLETED,m5-1,24.165,"{'m1-1': 10.53, 'm2-1': 102.71, 'm3-1': 106.49, 'm4-1': 1.13, 'm5-1': 9.65, 'm6-1': 103.29, 'm7-1': 10.84, 'm8-1': 106.42}",14.475000000000001,85.113,94.763,inf,174.165,174.165
96,T4,BESTEFFORT,COMPLETED,m4-1,24.216,"{'m1-1': 9.56, 'm2-1': 110.3, 'm3-1': 112.67, 'm4-1': 1.06, 'm5-1': 11.3, 'm6-1': 109.21, 'm7-1': 10.28, 'm8-1': 99.95}",1.59,56.31900000000002,57.37900000000002,inf,174.216,174.216
97,T3,BESTEFFORT,COMPLETED,m4-1,24.407,"{'m1-1': 9.65, 'm2-1': 101.75, 'm3-1': 100.1, 'm4-1': 1.07, 'm5-1': 10.86, 'm6-1': 105.6, 'm7-1': 10.03, 'm8-1': 105.88}",1.605,57.37900000000002,58.44900000000002,inf,174.407,174.407
98,T1,BESTEFFORT,COMPLETED,m1-1,25.103,"{'m1-1': 9.56, 'm2-1': 103.31, 'm3-1': 109.62, 'm4-1': 1.11, 'm5-1': 10.94, 'm6-1': 109.79, 'm7-1': 10.1, 'm8-1': 109.06}",14.34,85.828,95.388,inf,175.103,175.103
99,T4,BESTEFFORT,COMPLETED,m4-1,25.217,"{'m1-1': 10.21, 'm2-1': 110.02, 'm3-1': 102.62, 'm4-1': 1.04, 'm5-1': 10.51, 'm6-1': 96.35, 'm7-1': 10.3, 'm8-1': 106.23}",1.56,58.44900000000002,59.48900000000002,inf,175.21699999999998,175.21699999999998
100,T3,BESTEFFORT,COMPLETED,m4-1,25.382,"{'m1-1': 9.68, 'm2-1': 95.11, 'm3-1': 100.58, 'm4-1': 1.12, 'm5-1': 10.61, 'm6-1': 103.96, 'm7-1': 11.04, 'm8-1': 96.09}",1.6800000000000002,59.48900000000002,60.609000000000016,inf,175.382,175.382
101,T3,BESTEFFORT,COMPLETED,m4-1,25.561,"{'m1-1': 10.15, 'm2-1': 101.44, 'm3-1': 103.56, 'm4-1': 1.12, 'm5-1': 10.98, 'm6-1': 113.8, 'm7-1': 9.85, 'm8-1': 98.83}",1.6800000000000002,60.609000000000016,61.72900000000001,inf,175.561,175.561
102,T2,BESTEFFORT,COMPLETED,m4-1,25.848,"{'m1-1': 9.97, 'm2-1': 103.94, 'm3-1': 102.63, 'm4-1': 1.06, 'm5-1': 10.78, 'm6-1': 112.05, 'm7-1': 10.42, 'm8-1': 94.92}",1.59,61.72900000000001,62.789000000000016,inf,175.848,175.848
103,T2,BESTEFFORT,COMPLETED,m4-1,26.004,"{'m1-1': 9.93, 'm2-1': 112.24, 'm3-1': 111.0, 'm4-1': 1.05, 'm5-1': 11.79, 'm6-1': 114.28, 'm7-1': 10.32, 'm8-1': 100.08}",1.5750000000000002,62.789000000000016,63.83900000000001,inf,176.004,176.004
104,T4,BESTEFFORT,COMPLETED,m4-1,26.294,"{'m1-1': 10.78, 'm2-1': 100.1, 'm3-1': 106.1, 'm4-1': 0.94, 'm5-1': 10.71, 'm6-1': 97.98, 'm7-1': 10.15, 'm8-1': 96.75}",1.41,63.83900000000001,64.77900000000001,inf,176.294,176.294
105,T3,BESTEFFORT,COMPLETED,m4-1,26.76,"{'m1-1': 11.18, 'm2-1': 107.5, 'm3-1': 113.41, 'm4-1': 1.12, 'm5-1': 10.35, 'm6-1': 108.42, 'm7-1': 9.89, 'm8-1': 105.68}",1.6800000000000002,64.77900000000001,65.89900000000002,inf,176.76,176.76
106,T4,BESTEFFORT,COMPLETED,m7-1,26.819,"{'m1-1': 10.22, 'm2-1': 110.23, 'm3-1': 112.5, 'm4-1': 0.98, 'm5-1': 10.4, 'm6-1': 102.22, 'm7-1': 10.73, 'm8-1': 106.09}",16.095,91.34500000000001,102.07500000000002,inf,176.819,176.819
107,T1,BESTEFFORT,COMPLETED,m4-1,27.536,"{'m1-1': 11.26, 'm2-1': 99.99, 'm3-1': 99.98, 'm4-1': 1.02, 'm5-1': 10.34, 'm6-1': 110.98, 'm7-1': 9.49, 'm8-1': 104.78}",1.53,65.89900000000002,66.91900000000001,inf,177.536,177.536
108,T1,BESTEFFORT,COMPLETED,m5-1,27.59,"{'m1-1': 11.07, 'm2-1': 98.02, 'm3-1': 112.26, 'm4-1': 1.04, 'm5-1': 10.84, 'm6-1': 106.88, 'm7-1': 10.07, 'm8-1': 99.1}",16.259999999999998,94.763,105.60300000000001,inf,177.59,177.59
109,T4,BESTEFFORT,COMPLETED,m4-1,28.341,"{'m1-1': 10.96, 'm2-1': 113.4, 'm3-1': 108.74, 'm4-1': 0.96, 'm5-1': 10.67, 'm6-1': 97.68, 'm7-1': 10.36, 'm8-1': 111.87}",1.44,66.91900000000001,67.879,inf,178.341,178.341
110,T2,BESTEFFORT,COMPLETED,m4-1,28.612,"{'m1-1': 10.02, 'm2-1': 109.94, 'm3-1': 110.72, 'm4-1': 1.06, 'm5-1': 11.02, 'm6-1': 104.65, 'm7-1': 10.04, 'm8-1': 110.74}",1.59,67.879,68.93900000000001,inf,178.612,178.612
111,T3,BESTEFFORT,COMPLETED,m1-1,28.636,"{'m1-1': 10.16, 'm2-1': 103.29, 'm3-1': 107.24, 'm4-1': 0.99, 'm5-1': 10.83, 'm6-1': 98.59, 'm7-1': 10.57, 'm8-1': 105.71}",15.24,95.388,105.548,inf,178.636,178.636
112,T4,BESTEFFORT,COMPLETED,m4-1,28.663,"{'m1-1': 11.31, 'm2-1': 113.57, 'm3-1': 103.28, 'm4-1': 1.09, 'm5-1': 11.41, 'm6-1': 108.71, 'm7-1': 10.9, 'm8-1': 106.96}",1.6350000000000002,68.93900000000001,70.02900000000001,inf,178.663,178.663
113,T2,BESTEFFORT,COMPLETED,m4-1,28.929,"{'m1-1': 10.3, 'm2-1': 101.73, 'm3-1': 109.5, 'm4-1': 1.15, 'm5-1': 11.14, 'm6-1': 102.04, 'm7-1': 10.56, 'm8-1': 108.64}",1.7249999999999999,70.02900000000001,71.17900000000002,inf,178.929,178.929
114,T3,BESTEFFORT,COMPLETED,m4-1,29.075,"{'m1-1': 9.95, 'm2-1': 100.46, 'm3-1': 102.41, 'm4-1': 1.01, 'm5-1': 9.66, 'm6-1': 104.56, 'm7-1': 11.13, 'm8-1': 96.27}",1.5150000000000001,71.17900000000002,72.18900000000002,inf,179.075,179.075
115,T2,BESTEFFORT,COMPLETED,m4-1,29.394,"{'m1-1': 11.21, 'm2-1': 103.15, 'm3-1': 104.22, 'm4-1': 1.09, 'm5-1': 11.91, 'm6-1': 113.3, 'm7-1': 10.4, 'm8-1': 104.51}",1.6350000000000002,72.18900000000002,73.27900000000002,inf,179.394,179.394
116,T3,BESTEFFORT,COMPLETED,m4-1,29.471,"{'m1-1': 9.76, 'm2-1': 103.42, 'm3-1': 100.71, 'm4-1': 0.98, 'm5-1': 10.4, 'm6-1': 109.25, 'm7-1': 10.24, 'm8-1': 103.91}",1.47,73.27900000000002,74.25900000000003,inf,179.471,179.471
117,T3,BESTEFFORT,COMPLETED,m4-1,29.657,"{'m1-1': 11.35, 'm2-1': 103.06, 'm3-1': 108.5, 'm4-1': 1.05, 'm5-1': 9.82, 'm6-1': 110.25, 'm7-1': 10.13, 'm8-1': 110.56}",1.5750000000000002,74.25900000000003,75.30900000000003,inf,179.657,179.657
118,T4,BESTEFFORT,COMPLETED,m7-1,30.286,"{'m1-1': 9.7, 'm2-1': 113.6, 'm3-1': 108.94, 'm4-1': 0.96, 'm5-1': 10.02, 'm6-1': 94.1, 'm7-1': 9.75, 'm8-1': 100.26}",14.625,102.07500000000002,111.82500000000002,inf,180.286,180.286
119,T1,BESTEFFORT,COMPLETED,m4-1,30.434,"{'m1-1': 9.56, 'm2-1': 109.99, 'm3-1': 97.33, 'm4-1': 1.0, 'm5-1': 10.4, 'm6-1': 95.5, 'm7-1': 10.52, 'm8-1': 106.6}",1.5,75.30900000000003,76.30900000000003,inf,180.434,180.434
120,T1,BESTEFFORT,COMPLETED,m4-1,30.528,"{'m1-1': 10.8, 'm2-1': 108.84, 'm3-1': 110.45, 'm4-1': 1.02, 'm5-1': 10.22, 'm6-1': 98.54, 'm7-1': 9.46, 'm8-1': 113.99}",1.53,76.30900000000003,77.32900000000002,inf,180.528,180.528
121,T2,BESTEFFORT,COMPLETED,m5-1,30.736,"{'m1-1': 11.28, 'm2-1': 109.43, 'm3-1': 113.86, 'm4-1': 0.99, 'm5-1': 11.85, 'm6-1': 105.19, 'm7-1': 10.08, 'm8-1': 103.83}",17.775,105.60300000000001,117.453,inf,180.736,180.736
122,T3,BESTEFFORT,COMPLETED,m4-1,31.438,"{'m1-1': 9.87, 'm2-1': 106.19, 'm3-1': 105.44, 'm4-1': 1.04, 'm5-1': 9.57, 'm6-1': 105.16, 'm7-1': 9.67, 'm8-1': 104.27}",1.56,77.32900000000002,78.36900000000003,inf,181.438,181.438
123,T2,BESTEFFORT,COMPLETED,m4-1,31.875,"{'m1-1': 10.86, 'm2-1': 113.2, 'm3-1': 111.88, 'm4-1': 0.99, 'm5-1': 11.34, 'm6-1': 106.91, 'm7-1': 11.85, 'm8-1': 111.32}",1.4849999999999999,78.36900000000003,79.35900000000002,inf,181.875,181.875
124,T3,BESTEFFORT,COMPLETED,m1-1,32.359,"{'m1-1': 10.04, 'm2-1': 111.75, 'm3-1': 102.17, 'm4-1': 1.02, 'm5-1': 9.64, 'm6-1': 99.36, 'm7-1': 11.14, 'm8-1': 99.79}",15.059999999999999,105.548,115.588,inf,182.359,182.359
125,T1,BESTEFFORT,COMPLETED,m4-1,32.751,"{'m1-1': 10.27, 'm2-1': 98.8, 'm3-1': 107.91, 'm4-1': 1.13, 'm5-1': 9.74, 'm6-1': 102.67, 'm7-1': 10.56, 'm8-1': 100.9}",1.6949999999999998,79.35900000000002,80.48900000000002,inf,182.751,182.751
126,T3,BESTEFFORT,COMPLETED,m4-1,33.231,"{'m1-1': 9.9, 'm2-1': 96.49, 'm3-1': 96.82, 'm4-1': 1.08, 'm5-1': 10.8, 'm6-1': 107.4, 'm7-1': 10.7, 'm8-1': 100.35}",1.62,80.48900000000002,81.56900000000002,inf,183.231,183.231
127,T4,BESTEFFORT,COMPLETED,m4-1,33.701,"{'m1-1': 10.08, 'm2-1': 100.76, 'm3-1': 104.76, 'm4-1': 1.06, 'm5-1': 9.99, 'm6-1': 97.14, 'm7-1': 10.95, 'm8-1': 101.88}",1.59,81.56900000000002,82.62900000000002,inf,183.701,183.701
128,T3,BESTEFFORT,COMPLETED,m4-1,33.919,"{'m1-1': 10.25, 'm2-1': 100.58, 'm3-1': 98.32, 'm4-1': 1.07, 'm5-1': 9.91, 'm6-1': 106.41, 'm7-1': 10.96, 'm8-1': 94.42}",1.605,82.62900000000002,83.69900000000001,inf,183.91899999999998,183.91899999999998
129,T4,BESTEFFORT,COMPLETED,m4-1,34.156,"{'m1-1': 10.22, 'm2-1': 112.24, 'm3-1': 105.72, 'm4-1': 1.01, 'm5-1': 10.24, 'm6-1': 110.07, 'm7-1': 11.04, 'm8-1': 103.54}",1.5150000000000001,83.69900000000001,84.70900000000002,inf,184.156,184.156
130,T4,BESTEFFORT,COMPLETED,m4-1,34.204,"{'m1-1': 10.78, 'm2-1': 101.91, 'm3-1': 105.44, 'm4-1': 1.04, 'm5-1': 11.68, 'm6-1': 108.94, 'm7-1': 9.47, 'm8-1': 104.7}",1.56,84.70900000000002,85.74900000000002,inf,184.204,184.204
131,T1,BESTEFFORT,COMPLETED,m7-1,34.265,"{'m1-1': 9.82, 'm2-1': 106.89, 'm3-1': 114.12, 'm4-1': 1.03, 'm5-1': 9.54, 'm6-1': 97.12, 'm7-1': 9.31, 'm8-1': 108.18}",13.965,111.82500000000002,121.13500000000002,inf,184.265,184.265
132,T1,BESTEFFORT,COMPLETED,m4-1,34.573,"{'m1-1': 10.56, 'm2-1': 107.19, 'm3-1': 101.14, 'm4-1': 1.13, 'm5-1': 10.88, 'm6-1': 106.05, 'm7-1': 9.51, 'm8-1': 100.6}",1.6949999999999998,85.74900000000002,86.87900000000002,inf,184.573,184.573
133,T1,BESTEFFORT,COMPLETED,m4-1,34.998,"{'m1-1': 10.05, 'm2-1': 98.26, 'm3-1': 102.43, 'm4-1': 1.02, 'm5-1': 9.51, 'm6-1': 105.54, 'm7-1': 9.59, 'm8-1': 107.35}",1.53,86.87900000000002,87.89900000000002,inf,184.998,184.998
134,T4,BESTEFFORT,COMPLETED,m4-1,35.34,"{'m1-1': 9.72, 'm2-1': 99.35, 'm3-1': 115.34, 'm4-1': 1.02, 'm5-1': 11.25, 'm6-1': 97.65, 'm7-1': 9.41, 'm8-1': 102.32}",1.53,87.89900000000002,88.91900000000001,inf,185.34,185.34
135,T2,BESTEFFORT,COMPLETED,m5-1,35.425,"{'m1-1': 10.74, 'm2-1': 101.34, 'm3-1': 98.52, 'm4-1': 1.06, 'm5-1': 10.38, 'm6-1': 102.22, 'm7-1': 11.15, 'm8-1': 107.19}",15.57,117.453,127.833,inf,185.425,185.425
136,T1,BESTEFFORT,COMPLETED,m4-1,35.648,"{'m1-1': 10.19, 'm2-1': 95.07, 'm3-1': 111.51, 'm4-1': 1.13, 'm5-1': 10.73, 'm6-1': 106.9, 'm7-1': 10.13, 'm8-1': 96.86}",1.6949999999999998,88.91900000000001,90.049,inf,185.648,185.648
137,T1,BESTEFFORT,COMPLETED,m1-1,35.848,"{'m1-1': 9.55, 'm2-1': 98.09, 'm3-1': 112.76, 'm4-1': 1.01, 'm5-1': 10.77, 'm6-1': 96.22, 'm7-1': 10.26, 'm8-1': 103.63}",14.325000000000001,115.588,125.13799999999999,inf,185.848,185.848
138,T1,BESTEFFORT,COMPLETED,m4-1,35.936,"{'m1-1': 10.62, 'm2-1': 94.24, 'm3-1': 108.43, 'm4-1': 1.11, 'm5-1': 11.08, 'm6-1': 112.19, 'm7-1': 9.56, 'm8-1': 106.92}",1.665,90.049,91.159,inf,185.936,185.936
139,T4,BESTEFFORT,COMPLETED,m4-1,36.36,"{'m1-1': 10.43, 'm2-1': 111.31, 'm3-1': 107.27, 'm4-1': 1.04, 'm5-1': 10.84, 'm6-1': 106.25, 'm7-1': 10.45, 'm8-1': 104.68}",1.56,91.159,92.19900000000001,inf,186.36,186.36
140,T1,BESTEFFORT,COMPLETED,m4-1,36.834,"{'m1-1': 10.75, 'm2-1': 95.84, 'm3-1': 112.17, 'm4-1': 1.12, 'm5-1': 10.67, 'm6-1': 110.63, 'm7-1': 10.32, 'm8-1': 106.22}",1.6800000000000002,92.19900000000001,93.31900000000002,inf,186.834,186.834
141,T2,BESTEFFORT,COMPLETED,m4-1,36.87,"{'m1-1': 9.87, 'm2-1': 100.75, 'm3-1': 109.37, 'm4-1': 0.98, 'm5-1': 11.25, 'm6-1': 106.1, 'm7-1': 11.06, 'm8-1': 104.51}",1.47,93.31900000000002,94.29900000000002,inf,186.87,186.87
142,T3,BESTEFFORT,COMPLETED,m4-1,37.146,"{'m1-1': 11.31, 'm2-1': 110.92, 'm3-1': 102.75, 'm4-1': 1.04, 'm5-1': 10.04, 'm6-1': 110.9, 'm7-1': 10.79, 'm8-1': 95.52}",1.56,94.29900000000002,95.33900000000003,inf,187.14600000000002,187.14600000000002
143,T3,BESTEFFORT,COMPLETED,m7-1,37.39,"{'m1-1': 10.8, 'm2-1': 101.74, 'm3-1': 98.38, 'm4-1': 1.1, 'm5-1': 10.74, 'm6-1': 105.16, 'm7-1': 10.1, 'm8-1': 98.85}",15.149999999999999,121.13500000000002,131.235,inf,187.39,187.39
144,T3,BESTEFFORT,COMPLETED,m4-1,37.623,"{'m1-1': 11.0, 'm2-1': 96.23, 'm3-1': 103.25, 'm4-1': 1.13, 'm5-1': 9.99, 'm6-1': 117.06, 'm7-1': 10.75, 'm8-1': 107.66}",1.6949999999999998,95.33900000000003,96.46900000000002,inf,187.623,187.623
145,T2,BESTEFFORT,COMPLETED,m4-1,37.713,"{'m1-1': 10.76, 'm2-1': 102.76, 'm3-1': 106.86, 'm4-1': 1.11, 'm5-1': 11.56, 'm6-1': 105.56, 'm7-1': 11.63, 'm8-1': 99.72}",1.665,96.46900000000002,97.57900000000002,inf,187.713,187.713
146,T3,BESTEFFORT,COMPLETED,m4-1,38.099,"{'m1-1': 9.95, 'm2-1': 102.68, 'm3-1': 109.16, 'm4-1': 1.04, 'm5-1': 10.71, 'm6-1': 107.12, 'm7-1': 9.82, 'm8-1': 110.58}",1.56,97.57900000000002,98.61900000000003,inf,188.099,188.099
147,T3,BESTEFFORT,COMPLETED,m5-1,38.187,"{'m1-1': 10.82, 'm2-1': 108.89, 'm3-1': 96.38, 'm4-1': 1.02, 'm5-1': 11.09, 'm6-1': 115.95, 'm7-1': 11.04, 'm8-1': 98.93}",16.634999999999998,127.833,138.923,inf,188.187,188.187
148,T2,BESTEFFORT,COMPLETED,m4-1,38.198,"{'m1-1': 10.57, 'm2-1': 103.32, 'm3-1': 101.6, 'm4-1': 1.0, 'm5-1': 11.26, 'm6-1': 100.45, 'm7-1': 10.44, 'm8-1': 108.67}",1.5,98.61900000000003,99.61900000000003,inf,188.198,188.198
149,T1,BESTEFFORT,COMPLETED,m1-1,38.394,"{'m1-1': 10.68, 'm2-1': 97.58, 'm3-1': 111.66, 'm4-1': 0.99, 'm5-1': 9.87, 'm6-1': 107.64, 'm7-1': 9.15, 'm8-1': 107.8}",16.02,125.13799999999999,135.81799999999998,inf,188.394,188.394
150,T2,BESTEFFORT,COMPLETED,m4-1,38.402,"{'m1-1': 10.65, 'm2-1': 100.94, 'm3-1': 97.69, 'm4-1': 1.1, 'm5-1': 10.2, 'm6-1': 96.35, 'm7-1': 10.09, 'm8-1': 96.0}",1.6500000000000001,99.61900000000003,100.71900000000002,inf,188.402,188.402
151,T3,BESTEFFORT,COMPLETED,m4-1,38.571,"{'m1-1': 11.32, 'm2-1': 99.78, 'm3-1': 98.85, 'm4-1': 1.11, 'm5-1': 10.9, 'm6-1': 108.28, 'm7-1': 10.6, 'm8-1': 109.0}",1.665,100.71900000000002,101.82900000000002,inf,188.571,188.571
152,T1,BESTEFFORT,COMPLETED,m4-1,38.787,"{'m1-1': 9.73, 'm2-1': 110.48, 'm3-1': 112.17, 'm4-1': 0.98, 'm5-1': 9.93, 'm6-1': 110.36, 'm7-1': 9.47, 'm8-1': 109.5}",1.47,101.82900000000002,102.80900000000003,inf,188.787,188.787
153,T2,BESTEFFORT,COMPLETED,m4-1,39.528,"{'m1-1': 11.02, 'm2-1': 108.42, 'm3-1': 97.08, 'm4-1': 1.12, 'm5-1': 10.62, 'm6-1': 98.06, 'm7-1': 10.62, 'm8-1': 111.05}",1.6800000000000002,102.80900000000003,103.92900000000003,inf,189.528,189.528
154,T3,BESTEFFORT,COMPLETED,m4-1,39.65,"{'m1-1': 10.9, 'm2-1': 98.44, 'm3-1': 105.94, 'm4-1': 1.1, 'm5-1': 10.64, 'm6-1': 117.06, 'm7-1': 10.07, 'm8-1': 110.52}",1.6500000000000001,103.92900000000003,105.02900000000002,inf,189.65,189.65
155,T1,BESTEFFORT,COMPLETED,m4-1,39.771,"{'m1-1': 10.83, 'm2-1': 103.23, 'm3-1': 109.8, 'm4-1': 0.99, 'm5-1': 11.16, 'm6-1': 107.69, 'm7-1': 9.6, 'm8-1': 96.89}",1.4849999999999999,105.02900000000002,106.01900000000002,inf,189.77100000000002,189.77100000000002
156,T1,BESTEFFORT,MISSED,m2-1,39.782,"{'m1-1': 10.45, 'm2-1': 103.8, 'm3-1': 99.98, 'm4-1': 1.12, 'm5-1': 11.1, 'm6-1': 97.34, 'm7-1': 9.55, 'm8-1': 107.7}",42.65849999999999,161.343,inf,189.78199999999998,189.78199999999998,189.78199999999998
157,T3,BESTEFFORT,COMPLETED,m7-1,40.066,"{'m1-1': 9.72, 'm2-1': 99.68, 'm3-1': 98.91, 'm4-1': 1.08, 'm5-1': 10.11, 'm6-1': 105.52, 'm7-1': 10.84, 'm8-1': 105.56}",16.259999999999998,131.235,142.07500000000002,inf,190.066,190.066
158,T4,BESTEFFORT,COMPLETED,m4-1,40.317,"{'m1-1': 10.9, 'm2-1': 98.88, 'm3-1': 104.94, 'm4-1': 1.03, 'm5-1': 11.4, 'm6-1': 98.22, 'm7-1': 9.41, 'm8-1': 96.59}",1.545,106.01900000000002,107.04900000000002,inf,190.317,190.317
159,T2,BESTEFFORT,COMPLETED,m4-1,41.178,"{'m1-1': 10.35, 'm2-1': 100.04, 'm3-1': 111.49, 'm4-1': 1.01, 'm5-1': 11.81, 'm6-1': 100.22, 'm7-1': 10.13, 'm8-1': 111.71}",1.5150000000000001,107.04900000000002,108.05900000000003,inf,191.178,191.178
160,T3,BESTEFFORT,COMPLETED,m4-1,41.359,"{'m1-1': 10.55, 'm2-1': 107.63, 'm3-1': 108.71, 'm4-1': 1.11, 'm5-1': 9.6, 'm6-1': 104.32, 'm7-1': 10.66, 'm8-1': 98.11}",1.665,108.05900000000003,109.16900000000003,inf,191.359,191.359
161,T1,BESTEFFORT,MISSED,m3-1,41.522,"{'m1-1': 9.54, 'm2-1': 93.72, 'm3-1': 102.06, 'm4-1': 0.99, 'm5-1': 10.06, 'm6-1': 108.92, 'm7-1': 9.8, 'm8-1': 111.08}",44.23949999999999,162.029,inf,191.522,191.522,191.522
162,T2,BESTEFFORT,COMPLETED,m1-1,41.755,"{'m1-1': 10.25, 'm2-1': 109.34, 'm3-1': 98.68, 'm4-1': 1.12, 'm5-1': 11.63, 'm6-1': 114.23, 'm7-1': 11.23, 'm8-1': 102.67}",15.375,135.81799999999998,146.06799999999998,inf,191.755,191.755
163,T3,BESTEFFORT,COMPLETED,m5-1,42.036,"{'m1-1': 10.89, 'm2-1': 94.94, 'm3-1': 97.26, 'm4-1': 1.01, 'm5-1': 9.66, 'm6-1': 113.15, 'm7-1': 9.88, 'm8-1': 101.03}",14.49,138.923,148.583,inf,192.036,192.036
164,T3,BESTEFFORT,COMPLETED,m4-1,42.204,"{'m1-1': 10.76, 'm2-1': 101.02, 'm3-1': 98.46, 'm4-1': 1.1, 'm5-1': 10.91, 'm6-1': 108.99, 'm7-1': 10.58, 'm8-1': 101.61}",1.6500000000000001,109.16900000000003,110.26900000000002,inf,192.204,192.204
165,T3,BESTEFFORT,COMPLETED,m4-1,42.36,"{'m1-1': 11.15, 'm2-1': 111.4, 'm3-1': 100.1, 'm4-1': 1.08, 'm5-1': 11.0, 'm6-1': 109.2, 'm7-1': 10.08, 'm8-1': 101.53}",1.62,110.26900000000002,111.34900000000002,inf,192.36,192.36
166,T1,BESTEFFORT,COMPLETED,m4-1,42.791,"{'m1-1': 10.23, 'm2-1': 97.05, 'm3-1': 112.76, 'm4-1': 1.13, 'm5-1': 11.15, 'm6-1': 109.34, 'm7-1': 9.85, 'm8-1': 111.63}",1.6949999999999998,111.34900000000002,112.47900000000001,inf,192.791,192.791
167,T1,BESTEFFORT,MISSED,m8-1,42.987,"{'m1-1': 10.6, 'm2-1': 102.99, 'm3-1': 107.48, 'm4-1': 0.99, 'm5-1': 10.48, 'm6-1': 106.13, 'm7-1': 9.26, 'm8-1': 113.4}",50.928,159.035,inf,192.987,192.987,192.987
168,T1,BESTEFFORT,COMPLETED,m4-1,43.734,"{'m1-1': 9.87, 'm2-1': 107.95, 'm3-1': 110.7, 'm4-1': 1.03, 'm5-1': 10.26, 'm6-1': 98.14, 'm7-1': 9.24, 'm8-1': 107.67}",1.545,112.47900000000001,113.50900000000001,inf,193.734,193.734
169,T3,BESTEFFORT,COMPLETED,m4-1,43.795,"{'m1-1': 11.34, 'm2-1': 109.22, 'm3-1': 99.52, 'm4-1': 1.06, 'm5-1': 9.99, 'm6-1': 115.55, 'm7-1': 9.62, 'm8-1': 100.48}",1.59,113.50900000000001,114.56900000000002,inf,193.79500000000002,193.79500000000002
170,T2,BESTEFFORT,COMPLETED,m4-1,44.796,"{'m1-1': 11.25, 'm2-1': 103.16, 'm3-1': 111.79, 'm4-1': 1.04, 'm5-1': 11.33, 'm6-1': 108.58, 'm7-1': 10.96, 'm8-1': 102.3}",1.56,114.56900000000002,115.60900000000002,inf,194.796,194.796
171,T4,BESTEFFORT,COMPLETED,m7-1,44.966,"{'m1-1': 10.16, 'm2-1': 106.23, 'm3-1': 109.16, 'm4-1': 0.99, 'm5-1': 10.4, 'm6-1': 110.92, 'm7-1': 9.97, 'm8-1': 98.37}",14.955000000000002,142.07500000000002,152.04500000000002,inf,194.966,194.966
172,T4,BESTEFFORT,COMPLETED,m4-1,45.175,"{'m1-1': 10.84, 'm2-1': 99.82, 'm3-1': 100.38, 'm4-1': 1.03, 'm5-1': 11.75, 'm6-1': 104.97, 'm7-1': 9.35, 'm8-1': 104.27}",1.545,115.60900000000002,116.63900000000002,inf,195.175,195.175
173,T3,BESTEFFORT,COMPLETED,m4-1,45.507,"{'m1-1': 9.75, 'm2-1': 97.72, 'm3-1': 99.73, 'm4-1': 1.13, 'm5-1': 10.69, 'm6-1': 110.56, 'm7-1': 9.81, 'm8-1': 104.14}",1.6949999999999998,116.63900000000002,117.76900000000002,inf,195.507,195.507
174,T3,BESTEFFORT,COMPLETED,m4-1,45.746,"{'m1-1': 11.13, 'm2-1': 105.19, 'm3-1': 110.35, 'm4-1': 1.08, 'm5-1': 10.07, 'm6-1': 104.37, 'm7-1': 10.77, 'm8-1': 104.48}",1.62,117.76900000000002,118.84900000000002,inf,195.746,195.746
175,T2,BESTEFFORT,MISSED,m6-1,46.016,"{'m1-1': 10.91, 'm2-1': 115.36, 'm3-1': 101.65, 'm4-1': 1.04, 'm5-1': 11.08, 'm6-1': 100.41, 'm7-1': 10.89, 'm8-1': 112.4}",52.112999999999985,161.274,inf,196.016,196.016,196.016
176,T2,BESTEFFORT,COMPLETED,m1-1,46.321,"{'m1-1': 10.62, 'm2-1': 107.78, 'm3-1': 108.54, 'm4-1': 0.99, 'm5-1': 11.23, 'm6-1': 110.16, 'm7-1': 11.55, 'm8-1': 102.81}",15.93,146.06799999999998,156.688,inf,196.321,196.321
177,T2,BESTEFFORT,COMPLETED,m4-1,46.44,"{'m1-1': 11.5, 'm2-1': 102.63, 'm3-1': 113.2, 'm4-1': 1.09, 'm5-1': 10.57, 'm6-1': 99.44, 'm7-1': 10.21, 'm8-1': 100.58}",1.6350000000000002,118.84900000000002,119.93900000000002,inf,196.44,196.44
178,T1,BESTEFFORT,COMPLETED,m4-1,46.93,"{'m1-1': 9.54, 'm2-1': 108.81, 'm3-1': 105.29, 'm4-1': 1.15, 'm5-1': 10.06, 'm6-1': 105.43, 'm7-1': 9.38, 'm8-1': 103.81}",1.7249999999999999,119.93900000000002,121.08900000000003,inf,196.93,196.93
179,T4,BESTEFFORT,COMPLETED,m5-1,46.961,"{'m1-1': 9.55, 'm2-1': 103.81, 'm3-1': 106.0, 'm4-1': 1.05, 'm5-1': 11.68, 'm6-1': 96.82, 'm7-1': 10.32, 'm8-1': 99.96}",17.52,148.583,160.263,inf,196.961,196.961
180,T2,BESTEFFORT,COMPLETED,m4-1,47.092,"{'m1-1': 11.33, 'm2-1': 110.43, 'm3-1': 113.03, 'm4-1': 1.01, 'm5-1': 11.7, 'm6-1': 106.54, 'm7-1': 10.71, 'm8-1': 106.01}",1.5150000000000001,121.08900000000003,122.09900000000003,inf,197.09199999999998,197.09199999999998
181,T1,BESTEFFORT,COMPLETED,m4-1,47.273,"{'m1-1': 10.78, 'm2-1': 104.46, 'm3-1': 110.52, 'm4-1': 1.11, 'm5-1': 10.71, 'm6-1': 104.12, 'm7-1': 9.69, 'm8-1': 101.53}",1.665,122.09900000000003,123.20900000000003,inf,197.273,197.273
182,T4,BESTEFFORT,COMPLETED,m4-1,47.42,"{'m1-1': 10.48, 'm2-1': 113.63, 'm3-1': 107.01, 'm4-1': 0.98, 'm5-1': 11.09, 'm6-1': 108.04, 'm7-1': 10.74, 'm8-1': 108.52}",1.47,123.20900000000003,124.18900000000004,inf,197.42000000000002,197.42000000000002
183,T4,BESTEFFORT,COMPLETED,m4-1,48.002,"{'m1-1': 11.04, 'm2-1': 106.57, 'm3-1': 113.32, 'm4-1': 0.98, 'm5-1': 11.08, 'm6-1': 106.39, 'm7-1': 9.98, 'm8-1': 95.16}",1.47,124.18900000000004,125.16900000000004,inf,198.002,198.002
184,T3,BESTEFFORT,COMPLETED,m7-1,48.095,"{'m1-1': 10.35, 'm2-1': 106.1, 'm3-1': 105.82, 'm4-1': 1.07, 'm5-1': 9.91, 'm6-1': 116.68, 'm7-1': 9.83, 'm8-1': 110.4}",14.745000000000001,152.04500000000002,161.87500000000003,inf,198.095,198.095
185,T4,BESTEFFORT,COMPLETED,m4-1,48.342,"{'m1-1': 11.3, 'm2-1': 102.98, 'm3-1': 106.34, 'm4-1': 1.06, 'm5-1': 10.62, 'm6-1': 102.42, 'm7-1': 9.46, 'm8-1': 106.71}",1.59,125.16900000000004,126.22900000000004,inf,198.34199999999998,198.34199999999998
186,T3,BESTEFFORT,COMPLETED,m4-1,48.905,"{'m1-1': 9.8, 'm2-1': 97.49, 'm3-1': 108.72, 'm4-1': 1.07, 'm5-1': 10.03, 'm6-1': 113.75, 'm7-1': 11.08, 'm8-1': 107.83}",1.605,126.22900000000004,127.29900000000004,inf,198.905,198.905
187,T2,BESTEFFORT,COMPLETED,m4-1,49.083,"{'m1-1': 9.85, 'm2-1': 116.13, 'm3-1': 106.85, 'm4-1': 0.99, 'm5-1': 10.03, 'm6-1': 110.39, 'm7-1': 10.25, 'm8-1': 107.8}",1.4849999999999999,127.29900000000004,128.28900000000004,inf,199.083,199.083
188,T2,BESTEFFORT,COMPLETED,m1-1,49.424,"{'m1-1': 9.95, 'm2-1': 107.01, 'm3-1': 107.64, 'm4-1': 1.13, 'm5-1': 10.8, 'm6-1': 100.63, 'm7-1': 11.71, 'm8-1': 103.51}",14.924999999999999,156.688,166.63799999999998,inf,199.424,199.424
189,T2,BESTEFFORT,COMPLETED,m4-1,49.472,"{'m1-1': 10.98, 'm2-1': 107.91, 'm3-1': 109.18, 'm4-1': 1.09, 'm5-1': 10.18, 'm6-1': 103.14, 'm7-1': 11.83, 'm8-1': 106.96}",1.6350000000000002,128.28900000000004,129.37900000000005,inf,199.472,199.472
190,T4,BESTEFFORT,COMPLETED,m4-1,49.52,"{'m1-1': 10.63, 'm2-1': 109.15, 'm3-1': 100.89, 'm4-1': 0.98, 'm5-1': 11.7, 'm6-1': 109.6, 'm7-1': 10.42, 'm8-1': 107.28}",1.47,129.37900000000005,130.35900000000004,inf,199.52,199.52
191,T3,BESTEFFORT,COMPLETED,m4-1,49.708,"{'m1-1': 9.7, 'm2-1': 100.36, 'm3-1': 98.09, 'm4-1': 0.98, 'm5-1': 10.58, 'm6-1': 101.25, 'm7-1': 10.52, 'm8-1': 110.08}",1.47,130.35900000000004,131.33900000000003,inf,199.708,199.708
192,T1,BESTEFFORT,COMPLETED,m5-1,49.793,"{'m1-1': 10.85, 'm2-1': 106.13, 'm3-1': 110.85, 'm4-1': 1.12, 'm5-1': 10.73, 'm6-1': 111.89, 'm7-1': 10.37, 'm8-1': 99.39}",16.095,160.263,170.993,inf,199.793,199.793
193,T2,BESTEFFORT,COMPLETED,m4-1,49.918,"{'m1-1': 10.9, 'm2-1': 113.28, 'm3-1': 111.19, 'm4-1': 1.13, 'm5-1': 11.33, 'm6-1': 101.5, 'm7-1': 11.59, 'm8-1': 97.55}",1.6949999999999998,131.33900000000003,132.46900000000002,inf,199.918,199.918
194,T2,BESTEFFORT,COMPLETED,m4-1,49.933,"{'m1-1': 11.64, 'm2-1': 103.58, 'm3-1': 112.78, 'm4-1': 1.0, 'm5-1': 10.87, 'm6-1': 99.95, 'm7-1': 10.89, 'm8-1': 104.2}",1.5,132.46900000000002,133.46900000000002,inf,199.933,199.933
195,T1,BESTEFFORT,COMPLETED,m4-1,50.149,"{'m1-1': 10.93, 'm2-1': 98.66, 'm3-1': 109.65, 'm4-1': 1.0, 'm5-1': 9.42, 'm6-1': 110.72, 'm7-1': 10.67, 'm8-1': 104.45}",1.5,133.46900000000002,134.46900000000002,inf,200.149,200.149
196,T1,BESTEFFORT,COMPLETED,m7-1,50.18,"{'m1-1': 10.38, 'm2-1': 101.51, 'm3-1': 104.31, 'm4-1': 1.05, 'm5-1': 10.72, 'm6-1': 99.09, 'm7-1': 10.62, 'm8-1': 110.29}",15.93,161.87500000000003,172.49500000000003,inf,200.18,200.18
197,T2,BESTEFFORT,COMPLETED,m4-1,50.506,"{'m1-1': 10.88, 'm2-1': 109.74, 'm3-1': 98.99, 'm4-1': 1.16, 'm5-1': 10.27, 'm6-1': 110.09, 'm7-1': 11.16, 'm8-1': 112.38}",1.7399999999999998,134.46900000000002,135.62900000000002,inf,200.506,200.506
198,T1,BESTEFFORT,COMPLETED,m4-1,50.702,"{'m1-1': 11.18, 'm2-1': 103.23, 'm3-1': 114.94, 'm4-1': 1.09, 'm5-1': 9.63, 'm6-1': 100.9, 'm7-1': 9.85, 'm8-1': 104.74}",1.6350000000000002,135.62900000000002,136.71900000000002,inf,200.702,200.702
199,T4,BESTEFFORT,COMPLETED,m4-1,51.212,"{'m1-1': 10.34, 'm2-1': 113.35, 'm3-1': 105.95, 'm4-1': 0.93, 'm5-1': 11.44, 'm6-1': 106.29, 'm7-1': 10.01, 'm8-1': 108.45}",1.395,136.71900000000002,137.64900000000003,inf,201.212,201.212
200,T4,BESTEFFORT,COMPLETED,m4-1,51.329,"{'m1-1': 10.95, 'm2-1': 100.68, 'm3-1': 99.26, 'm4-1': 0.98, 'm5-1': 11.71, 'm6-1': 104.34, 'm7-1': 11.01, 'm8-1': 103.34}",1.47,137.64900000000003,138.62900000000002,inf,201.329,201.329
201,T4,BESTEFFORT,COMPLETED,m4-1,51.466,"{'m1-1': 11.18, 'm2-1': 109.09, 'm3-1': 115.78, 'm4-1': 0.97, 'm5-1': 11.13, 'm6-1': 98.73, 'm7-1': 9.73, 'm8-1': 101.95}",1.455,138.62900000000002,139.59900000000002,inf,201.466,201.466
202,T1,BESTEFFORT,COMPLETED,m1-1,51.488,"{'m1-1': 10.39, 'm2-1': 102.66, 'm3-1': 106.92, 'm4-1': 1.14, 'm5-1': 10.11, 'm6-1': 103.58, 'm7-1': 9.99, 'm8-1': 113.96}",15.585,166.63799999999998,177.02799999999996,inf,201.488,201.488
203,T2,BESTEFFORT,COMPLETED,m4-1,51.994,"{'m1-1': 10.88, 'm2-1': 111.41, 'm3-1': 110.67, 'm4-1': 1.02, 'm5-1': 10.28, 'm6-1': 96.15, 'm7-1': 10.66, 'm8-1': 101.06}",1.53,139.59900000000002,140.61900000000003,inf,201.994,201.994
204,T4,BESTEFFORT,COMPLETED,m4-1,51.996,"{'m1-1': 10.25, 'm2-1': 109.92, 'm3-1': 99.19, 'm4-1': 1.08, 'm5-1': 10.47, 'm6-1': 110.4, 'm7-1': 10.25, 'm8-1': 107.08}",1.62,140.61900000000003,141.69900000000004,inf,201.996,201.996
205,T4,BESTEFFORT,COMPLETED,m4-1,52.161,"{'m1-1': 10.57, 'm2-1': 104.18, 'm3-1': 99.05, 'm4-1': 1.05, 'm5-1': 10.46, 'm6-1': 102.35, 'm7-1': 10.83, 'm8-1': 105.48}",1.5750000000000002,141.69900000000004,142.74900000000005,inf,202.161,202.161
206,T1,BESTEFFORT,COMPLETED,m5-1,53.204,"{'m1-1': 9.59, 'm2-1': 96.0, 'm3-1': 108.84, 'm4-1': 1.1, 'm5-1': 10.34, 'm6-1': 99.57, 'm7-1': 9.25, 'm8-1': 104.9}",15.51,170.993,181.333,inf,203.204,203.204
207,T2,BESTEFFORT,COMPLETED,m4-1,53.338,"{'m1-1': 10.08, 'm2-1': 113.75, 'm3-1': 111.98, 'm4-1': 1.08, 'm5-1': 10.77, 'm6-1': 101.97, 'm7-1': 10.09, 'm8-1': 105.34}",1.62,142.74900000000005,143.82900000000006,inf,203.338,203.338
208,T2,BESTEFFORT,COMPLETED,m4-1,53.966,"{'m1-1': 10.54, 'm2-1': 114.74, 'm3-1': 96.34, 'm4-1': 1.13, 'm5-1': 11.15, 'm6-1': 110.16, 'm7-1': 10.25, 'm8-1': 107.51}",1.6949999999999998,143.82900000000006,144.95900000000006,inf,203.966,203.966
209,T1,BESTEFFORT,COMPLETED,m4-1,54.015,"{'m1-1': 10.79, 'm2-1': 98.62, 'm3-1': 97.37, 'm4-1': 1.04, 'm5-1': 10.51, 'm6-1': 103.17, 'm7-1': 10.6, 'm8-1': 108.22}",1.56,144.95900000000006,145.99900000000005,inf,204.015,204.015
210,T1,BESTEFFORT,COMPLETED,m7-1,54.075,"{'m1-1': 10.87, 'm2-1': 104.18, 'm3-1': 97.93, 'm4-1': 1.09, 'm5-1': 9.87, 'm6-1': 99.51, 'm7-1': 9.21, 'm8-1': 102.19}",13.815000000000001,172.49500000000003,181.70500000000004,inf,204.075,204.075
211,T3,BESTEFFORT,COMPLETED,m4-1,54.264,"{'m1-1': 9.87, 'm2-1': 98.0, 'm3-1': 111.91, 'm4-1': 1.08, 'm5-1': 10.0, 'm6-1': 101.7, 'm7-1': 9.6, 'm8-1': 108.3}",1.62,145.99900000000005,147.07900000000006,inf,204.264,204.264
212,T1,BESTEFFORT,COMPLETED,m4-1,54.374,"{'m1-1': 11.25, 'm2-1': 95.92, 'm3-1': 96.97, 'm4-1': 1.11, 'm5-1': 9.91, 'm6-1': 96.55, 'm7-1': 9.7, 'm8-1': 100.82}",1.665,147.07900000000006,148.18900000000008,inf,204.374,204.374
213,T2,BESTEFFORT,COMPLETED,m4-1,54.525,"{'m1-1': 9.92, 'm2-1': 104.13, 'm3-1': 112.15, 'm4-1': 1.16, 'm5-1': 10.51, 'm6-1': 111.95, 'm7-1': 11.74, 'm8-1': 111.39}",1.7399999999999998,148.18900000000008,149.34900000000007,inf,204.525,204.525
214,T2,BESTEFFORT,COMPLETED,m4-1,54.634,"{'m1-1': 11.35, 'm2-1': 107.99, 'm3-1': 113.51, 'm4-1': 1.0, 'm5-1': 11.61, 'm6-1': 108.88, 'm7-1': 10.76, 'm8-1': 97.87}",1.5,149.34900000000007,150.34900000000007,inf,204.63400000000001,204.63400000000001
215,T4,BESTEFFORT,COMPLETED,m1-1,55.082,"{'m1-1': 10.8, 'm2-1': 112.1, 'm3-1': 99.49, 'm4-1': 0.96, 'm5-1': 10.79, 'm6-1': 110.74, 'm7-1': 9.62, 'm8-1': 99.47}",16.200000000000003,177.02799999999996,187.82799999999997,inf,205.082,205.082
216,T1,BESTEFFORT,COMPLETED,m4-1,55.101,"{'m1-1': 10.4, 'm2-1': 95.33, 'm3-1': 102.74, 'm4-1': 1.14, 'm5-1': 10.11, 'm6-1': 105.38, 'm7-1': 9.62, 'm8-1': 97.27}",1.71,150.34900000000007,151.48900000000006,inf,205.101,205.101
217,T3,BESTEFFORT,COMPLETED,m4-1,55.161,"{'m1-1': 10.49, 'm2-1': 103.26, 'm3-1': 112.82, 'm4-1': 1.06, 'm5-1': 10.06, 'm6-1': 101.58, 'm7-1': 10.27, 'm8-1': 100.22}",1.59,151.48900000000006,152.54900000000006,inf,205.161,205.161
218,T3,BESTEFFORT,COMPLETED,m5-1,55.377,"{'m1-1': 10.93, 'm2-1': 100.57, 'm3-1': 103.04, 'm4-1': 1.04, 'm5-1': 9.43, 'm6-1': 102.39, 'm7-1': 9.48, 'm8-1': 94.11}",14.145,181.333,190.763,inf,205.377,205.377
219,T1,BESTEFFORT,COMPLETED,m4-1,55.445,"{'m1-1': 10.92, 'm2-1': 107.19, 'm3-1': 107.1, 'm4-1': 1.12, 'm5-1': 10.16, 'm6-1': 105.38, 'm7-1': 10.12, 'm8-1': 100.26}",1.6800000000000002,152.54900000000006,153.66900000000007,inf,205.445,205.445
220,T3,BESTEFFORT,COMPLETED,m4-1,55.764,"{'m1-1': 10.17, 'm2-1': 107.74, 'm3-1': 98.63, 'm4-1': 1.03, 'm5-1': 11.02, 'm6-1': 112.14, 'm7-1': 9.72, 'm8-1': 100.64}",1.545,153.66900000000007,154.69900000000007,inf,205.764,205.764
221,T3,BESTEFFORT,COMPLETED,m4-1,56.149,"{'m1-1': 11.29, 'm2-1': 97.59, 'm3-1': 108.64, 'm4-1': 1.0, 'm5-1': 10.66, 'm6-1': 108.74, 'm7-1': 9.72, 'm8-1': 106.03}",1.5,154.69900000000007,155.69900000000007,inf,206.149,206.149
222,T1,BESTEFFORT,COMPLETED,m7-1,56.273,"{'m1-1': 10.78, 'm2-1': 110.72, 'm3-1': 115.04, 'm4-1': 1.01, 'm5-1': 9.89, 'm6-1': 104.1, 'm7-1': 9.49, 'm8-1': 111.68}",14.235,181.70500000000004,191.19500000000005,inf,206.273,206.273
223,T3,BESTEFFORT,COMPLETED,m4-1,56.96,"{'m1-1': 10.36, 'm2-1': 108.45, 'm3-1': 101.42, 'm4-1': 1.04, 'm5-1': 10.58, 'm6-1': 101.77, 'm7-1': 10.73, 'm8-1': 99.56}",1.56,155.69900000000007,156.73900000000006,inf,206.96,206.96
224,T1,BESTEFFORT,COMPLETED,m4-1,57.042,"{'m1-1': 10.95, 'm2-1': 101.09, 'm3-1': 104.12, 'm4-1': 1.13, 'm5-1': 10.49, 'm6-1': 100.61, 'm7-1': 9.94, 'm8-1': 109.71}",1.6949999999999998,156.73900000000006,157.86900000000006,inf,207.042,207.042
225,T2,BESTEFFORT,COMPLETED,m4-1,57.536,"{'m1-1': 10.58, 'm2-1': 100.48, 'm3-1': 106.51, 'm4-1': 1.01, 'm5-1': 10.18, 'm6-1': 112.21, 'm7-1': 11.21, 'm8-1': 102.87}",1.5150000000000001,157.86900000000006,158.87900000000005,inf,207.536,207.536
226,T3,BESTEFFORT,COMPLETED,m4-1,57.666,"{'m1-1': 9.88, 'm2-1': 98.29, 'm3-1': 112.36, 'm4-1': 1.03, 'm5-1': 9.63, 'm6-1': 109.9, 'm7-1': 10.28, 'm8-1': 93.81}",1.545,158.87900000000005,159.90900000000005,inf,207.666,207.666
227,T4,BESTEFFORT,MISSED,m2-1,57.671,"{'m1-1': 10.24, 'm2-1': 108.13, 'm3-1': 107.01, 'm4-1': 0.96, 'm5-1': 10.45, 'm6-1': 96.26, 'm7-1': 10.48, 'm8-1': 102.37}",26.833500000000015,189.78199999999998,inf,207.671,207.671,207.671
228,T3,BESTEFFORT,MISSED,m3-1,59.155,"{'m1-1': 10.24, 'm2-1': 102.71, 'm3-1': 98.48, 'm4-1': 0.98, 'm5-1': 11.09, 'm6-1': 103.01, 'm7-1': 9.66, 'm8-1': 101.16}",26.449500000000015,191.522,inf,209.155,209.155,209.155
229,T2,BESTEFFORT,MISSED,m8-1,59.502,"{'m1-1': 10.48, 'm2-1': 109.42, 'm3-1': 113.29, 'm4-1': 1.14, 'm5-1': 11.6, 'm6-1': 105.18, 'm7-1': 10.02, 'm8-1': 96.6}",24.772500000000022,192.987,inf,209.502,209.502,209.502
230,T3,BESTEFFORT,COMPLETED,m1-1,59.516,"{'m1-1': 11.15, 'm2-1': 100.95, 'm3-1': 108.32, 'm4-1': 1.07, 'm5-1': 10.89, 'm6-1': 103.6, 'm7-1': 11.01, 'm8-1': 102.03}",16.725,187.82799999999997,198.97799999999998,inf,209.516,209.516
231,T4,BESTEFFORT,COMPLETED,m4-1,59.788,"{'m1-1': 10.65, 'm2-1': 100.48, 'm3-1': 110.44, 'm4-1': 1.08, 'm5-1': 11.24, 'm6-1': 109.58, 'm7-1': 10.06, 'm8-1': 105.04}",1.62,159.90900000000005,160.98900000000006,inf,209.788,209.788
232,T1,BESTEFFORT,MISSED,m6-1,60.049,"{'m1-1': 10.21, 'm2-1': 108.41, 'm3-1': 100.7, 'm4-1': 1.0, 'm5-1': 10.44, 'm6-1': 105.51, 'm7-1': 9.24, 'm8-1': 105.75}",21.049500000000023,196.016,inf,210.049,210.049,210.049
233,T2,BESTEFFORT,MISSED,m3-1,60.17,"{'m1-1': 10.84, 'm2-1': 112.99, 'm3-1': 111.07, 'm4-1': 1.03, 'm5-1': 10.34, 'm6-1': 100.58, 'm7-1': 10.9, 'm8-1': 106.61}",1.5225000000000222,209.155,inf,210.17000000000002,210.17000000000002,210.17000000000002
234,T4,BESTEFFORT,COMPLETED,m4-1,60.71,"{'m1-1': 11.28, 'm2-1': 98.0, 'm3-1': 99.97, 'm4-1': 1.02, 'm5-1': 11.42, 'm6-1': 106.29, 'm7-1': 10.84, 'm8-1': 99.48}",1.53,160.98900000000006,162.00900000000007,inf,210.71,210.71
235,T1,BESTEFFORT,COMPLETED,m4-1,60.759,"{'m1-1': 9.85, 'm2-1': 99.98, 'm3-1': 113.96, 'm4-1': 1.05, 'm5-1': 10.42, 'm6-1': 96.26, 'm7-1': 9.54, 'm8-1': 107.13}",1.5750000000000002,162.00900000000007,163.05900000000008,inf,210.75900000000001,210.75900000000001
236,T4,BESTEFFORT,MISSED,m8-1,60.876,"{'m1-1': 9.67, 'm2-1': 114.64, 'm3-1': 106.0, 'm4-1': 1.03, 'm5-1': 10.53, 'm6-1': 106.86, 'm7-1': 10.09, 'm8-1': 97.78}",2.060999999999993,209.502,inf,210.876,210.876,210.876
237,T1,BESTEFFORT,MISSED,m8-1,61.476,"{'m1-1': 9.93, 'm2-1': 99.21, 'm3-1': 100.42, 'm4-1': 1.02, 'm5-1': 9.94, 'm6-1': 97.34, 'm7-1': 9.5, 'm8-1': 109.6}",0.8999999999999915,210.876,inf,211.476,211.476,211.476
238,T2,BESTEFFORT,COMPLETED,m4-1,61.906,"{'m1-1': 9.99, 'm2-1': 107.35, 'm3-1': 108.69, 'm4-1': 1.09, 'm5-1': 10.31, 'm6-1': 105.11, 'm7-1': 11.86, 'm8-1': 97.1}",1.6350000000000002,163.05900000000008,164.1490000000001,inf,211.906,211.906
239,T3,BESTEFFORT,COMPLETED,m5-1,61.916,"{'m1-1': 11.35, 'm2-1': 110.59, 'm3-1': 100.52, 'm4-1': 1.12, 'm5-1': 11.03, 'm6-1': 109.96, 'm7-1': 10.06, 'm8-1': 108.08}",16.544999999999998,190.763,201.793,inf,211.916,211.916
240,T1,BESTEFFORT,MISSED,m2-1,62.12,"{'m1-1': 9.51, 'm2-1': 98.14, 'm3-1': 111.37, 'm4-1': 0.99, 'm5-1': 11.09, 'm6-1': 112.48, 'm7-1': 9.33, 'm8-1': 113.59}",6.673500000000018,207.671,inf,212.12,212.12,212.12
241,T2,BESTEFFORT,COMPLETED,m4-1,62.398,"{'m1-1': 11.55, 'm2-1': 114.42, 'm3-1': 96.88, 'm4-1': 1.02, 'm5-1': 11.84, 'm6-1': 104.02, 'm7-1': 10.84, 'm8-1': 96.73}",1.53,164.1490000000001,165.1690000000001,inf,212.398,212.398
242,T1,BESTEFFORT,MISSED,m6-1,63.202,"{'m1-1': 11.1, 'm2-1': 108.64, 'm3-1': 110.55, 'm4-1': 1.02, 'm5-1': 9.6, 'm6-1': 101.56, 'm7-1': 9.18, 'm8-1': 109.54}",4.729499999999987,210.049,inf,213.202,213.202,213.202
243,T2,BESTEFFORT,MISSED,m6-1,64.334,"{'m1-1': 10.43, 'm2-1': 109.16, 'm3-1': 104.36, 'm4-1': 1.15, 'm5-1': 10.42, 'm6-1': 106.4, 'm7-1': 11.4, 'm8-1': 99.84}",1.6980000000000075,213.202,inf,214.334,214.334,214.334
244,T1,BESTEFFORT,MISSED,m2-1,64.418,"{'m1-1': 10.93, 'm2-1': 101.35, 'm3-1': 112.51, 'm4-1': 1.11, 'm5-1': 9.91, 'm6-1': 107.72, 'm7-1': 10.3, 'm8-1': 113.99}",3.4470000000000027,212.12,inf,214.418,214.418,214.418
245,T4,BESTEFFORT,COMPLETED,m7-1,64.435,"{'m1-1': 10.6, 'm2-1': 110.02, 'm3-1': 108.82, 'm4-1': 1.04, 'm5-1': 11.75, 'm6-1': 109.82, 'm7-1': 11.01, 'm8-1': 108.62}",16.515,191.19500000000005,202.20500000000004,inf,214.435,214.435
246,T1,BESTEFFORT,COMPLETED,m4-1,64.784,"{'m1-1': 10.62, 'm2-1': 97.56, 'm3-1': 107.06, 'm4-1': 1.15, 'm5-1': 10.03, 'm6-1': 95.76, 'm7-1': 9.82, 'm8-1': 102.69}",1.7249999999999999,165.1690000000001,166.3190000000001,inf,214.784,214.784
247,T4,BESTEFFORT,MISSED,m3-1,64.793,"{'m1-1': 10.76, 'm2-1': 112.16, 'm3-1': 114.59, 'm4-1': 0.98, 'm5-1': 11.48, 'm6-1': 106.12, 'm7-1': 10.42, 'm8-1': 102.28}",6.934499999999986,210.17000000000002,inf,214.793,214.793,214.793
248,T1,BESTEFFORT,COMPLETED,m4-1,65.651,"{'m1-1': 10.49, 'm2-1': 96.04, 'm3-1': 97.16, 'm4-1': 0.98, 'm5-1': 10.69, 'm6-1': 95.83, 'm7-1': 9.87, 'm8-1': 105.4}",1.47,166.3190000000001,167.2990000000001,inf,215.651,215.651
249,T2,BESTEFFORT,COMPLETED,m4-1,65.657,"{'m1-1': 10.95, 'm2-1': 110.68, 'm3-1': 99.18, 'm4-1': 1.02, 'm5-1': 11.44, 'm6-1': 104.12, 'm7-1': 10.25, 'm8-1': 101.16}",1.53,167.2990000000001,168.3190000000001,inf,215.65699999999998,215.65699999999998
250,T4,BESTEFFORT,COMPLETED,m4-1,65.671,"{'m1-1': 11.2, 'm2-1': 108.72, 'm3-1': 105.17, 'm4-1': 0.96, 'm5-1': 10.31, 'm6-1': 97.72, 'm7-1': 10.86, 'm8-1': 112.03}",1.44,168.3190000000001,169.2790000000001,inf,215.671,215.671
251,T2,BESTEFFORT,COMPLETED,m4-1,65.847,"{'m1-1': 11.03, 'm2-1': 117.15, 'm3-1': 107.91, 'm4-1': 1.12, 'm5-1': 11.45, 'm6-1': 103.47, 'm7-1': 11.07, 'm8-1': 94.77}",1.6800000000000002,169.2790000000001,170.39900000000011,inf,215.84699999999998,215.84699999999998
252,T2,BESTEFFORT,COMPLETED,m1-1,66.058,"{'m1-1': 10.72, 'm2-1': 107.95, 'm3-1': 97.13, 'm4-1': 1.01, 'm5-1': 11.81, 'm6-1': 103.0, 'm7-1': 10.19, 'm8-1': 103.95}",16.080000000000002,198.97799999999998,209.69799999999998,inf,216.058,216.058
253,T4,BESTEFFORT,COMPLETED,m4-1,66.698,"{'m1-1': 9.73, 'm2-1': 112.18, 'm3-1': 100.71, 'm4-1': 1.04, 'm5-1': 11.42, 'm6-1': 107.42, 'm7-1': 10.09, 'm8-1': 103.46}",1.56,170.39900000000011,171.4390000000001,inf,216.69799999999998,216.69799999999998
254,T3,BESTEFFORT,COMPLETED,m4-1,67.594,"{'m1-1': 10.82, 'm2-1': 106.37, 'm3-1': 104.13, 'm4-1': 1.03, 'm5-1': 10.26, 'm6-1': 109.99, 'm7-1': 9.75, 'm8-1': 106.92}",1.545,171.4390000000001,172.4690000000001,inf,217.594,217.594
255,T2,BESTEFFORT,COMPLETED,m4-1,68.075,"{'m1-1': 11.08, 'm2-1': 108.9, 'm3-1': 105.91, 'm4-1': 1.02, 'm5-1': 10.12, 'm6-1': 112.83, 'm7-1': 10.27, 'm8-1': 96.63}",1.53,172.4690000000001,173.48900000000012,inf,218.075,218.075
256,T4,BESTEFFORT,COMPLETED,m4-1,68.105,"{'m1-1': 10.61, 'm2-1': 105.06, 'm3-1': 105.14, 'm4-1': 1.0, 'm5-1': 10.87, 'm6-1': 107.61, 'm7-1': 10.44, 'm8-1': 102.97}",1.5,173.48900000000012,174.48900000000012,inf,218.10500000000002,218.10500000000002
257,T3,BESTEFFORT,COMPLETED,m5-1,68.197,"{'m1-1': 11.04, 'm2-1': 102.36, 'm3-1': 107.02, 'm4-1': 1.12, 'm5-1': 9.72, 'm6-1': 111.6, 'm7-1': 9.46, 'm8-1': 99.41}",14.580000000000002,201.793,211.513,inf,218.197,218.197
258,T3,BESTEFFORT,COMPLETED,m4-1,68.269,"{'m1-1': 11.27, 'm2-1': 107.63, 'm3-1': 111.92, 'm4-1': 1.08, 'm5-1': 10.94, 'm6-1': 104.88, 'm7-1': 10.44, 'm8-1': 96.79}",1.62,174.48900000000012,175.56900000000013,inf,218.269,218.269
259,T4,BESTEFFORT,COMPLETED,m4-1,68.284,"{'m1-1': 11.13, 'm2-1': 112.11, 'm3-1': 112.58, 'm4-1': 1.03, 'm5-1': 10.6, 'm6-1': 106.49, 'm7-1': 9.57, 'm8-1': 104.74}",1.545,175.56900000000013,176.59900000000013,inf,218.284,218.284
260,T3,BESTEFFORT,COMPLETED,m7-1,68.375,"{'m1-1': 9.7, 'm2-1': 97.89, 'm3-1': 105.93, 'm4-1': 0.99, 'm5-1': 10.16, 'm6-1': 107.89, 'm7-1': 10.6, 'm8-1': 106.93}",15.899999999999999,202.20500000000004,212.80500000000004,inf,218.375,218.375
261,T3,BESTEFFORT,COMPLETED,m4-1,68.493,"{'m1-1': 10.32, 'm2-1': 101.4, 'm3-1': 96.82, 'm4-1': 1.0, 'm5-1': 9.63, 'm6-1': 104.12, 'm7-1': 11.06, 'm8-1': 107.35}",1.5,176.59900000000013,177.59900000000013,inf,218.493,218.493
262,T1,BESTEFFORT,COMPLETED,m4-1,68.691,"{'m1-1': 10.18, 'm2-1': 105.64, 'm3-1': 100.17, 'm4-1': 1.15, 'm5-1': 10.21, 'm6-1': 106.91, 'm7-1': 9.5, 'm8-1': 99.41}",1.7249999999999999,177.59900000000013,178.74900000000014,inf,218.691,218.691
263,T1,BESTEFFORT,COMPLETED,m4-1,68.714,"{'m1-1': 10.9, 'm2-1': 108.81, 'm3-1': 108.23, 'm4-1': 1.0, 'm5-1': 10.07, 'm6-1': 105.42, 'm7-1': 9.55, 'm8-1': 109.87}",1.5,178.74900000000014,179.74900000000014,inf,218.714,218.714
264,T1,BESTEFFORT,COMPLETED,m4-1,69.228,"{'m1-1': 10.56, 'm2-1': 102.38, 'm3-1': 99.54, 'm4-1': 1.02, 'm5-1': 9.75, 'm6-1': 99.2, 'm7-1': 9.63, 'm8-1': 97.05}",1.53,179.74900000000014,180.76900000000015,inf,219.228,219.228
265,T2,BESTEFFORT,MISSED,m1-1,69.264,"{'m1-1': 11.35, 'm2-1': 110.52, 'm3-1': 110.67, 'm4-1': 1.14, 'm5-1': 11.07, 'm6-1': 96.15, 'm7-1': 10.89, 'm8-1': 103.28}",14.349000000000046,209.69799999999998,inf,219.264,219.264,219.264
266,T3,BESTEFFORT,COMPLETED,m4-1,69.391,"{'m1-1': 10.37, 'm2-1': 106.7, 'm3-1': 98.21, 'm4-1': 1.01, 'm5-1': 9.8, 'm6-1': 115.49, 'm7-1': 10.88, 'm8-1': 96.93}",1.5150000000000001,180.76900000000015,181.77900000000014,inf,219.39100000000002,219.39100000000002
267,T3,BESTEFFORT,COMPLETED,m4-1,69.832,"{'m1-1': 11.35, 'm2-1': 101.86, 'm3-1': 108.99, 'm4-1': 1.0, 'm5-1': 10.72, 'm6-1': 106.39, 'm7-1': 10.53, 'm8-1': 93.9}",1.5,181.77900000000014,182.77900000000014,inf,219.832,219.832
268,T2,BESTEFFORT,COMPLETED,m4-1,70.206,"{'m1-1': 10.98, 'm2-1': 105.32, 'm3-1': 100.12, 'm4-1': 0.98, 'm5-1': 11.36, 'm6-1': 102.94, 'm7-1': 10.46, 'm8-1': 104.2}",1.47,182.77900000000014,183.75900000000013,inf,220.20600000000002,220.20600000000002
269,T2,BESTEFFORT,COMPLETED,m4-1,70.46,"{'m1-1': 10.38, 'm2-1': 99.12, 'm3-1': 97.49, 'm4-1': 1.01, 'm5-1': 11.06, 'm6-1': 102.24, 'm7-1': 10.7, 'm8-1': 96.84}",1.5150000000000001,183.75900000000013,184.76900000000012,inf,220.45999999999998,220.45999999999998
270,T3,BESTEFFORT,MISSED,m5-1,70.643,"{'m1-1': 10.87, 'm2-1': 108.46, 'm3-1': 105.54, 'm4-1': 1.05, 'm5-1': 9.58, 'm6-1': 101.65, 'm7-1': 11.11, 'm8-1': 94.4}",13.694999999999993,211.513,inf,220.643,220.643,220.643
271,T3,BESTEFFORT,MISSED,m7-1,70.953,"{'m1-1': 10.85, 'm2-1': 97.34, 'm3-1': 104.85, 'm4-1': 1.02, 'm5-1': 10.02, 'm6-1': 114.89, 'm7-1': 10.02, 'm8-1': 103.75}",12.221999999999952,212.80500000000004,inf,220.953,220.953,220.953
272,T3,BESTEFFORT,COMPLETED,m4-1,71.124,"{'m1-1': 10.47, 'm2-1': 95.89, 'm3-1': 98.8, 'm4-1': 1.12, 'm5-1': 9.51, 'm6-1': 107.34, 'm7-1': 10.67, 'm8-1': 97.7}",1.6800000000000002,184.76900000000012,185.88900000000012,inf,221.124,221.124
273,T1,BESTEFFORT,COMPLETED,m4-1,71.384,"{'m1-1': 10.85, 'm2-1': 109.77, 'm3-1': 109.82, 'm4-1': 1.13, 'm5-1': 9.6, 'm6-1': 103.92, 'm7-1': 10.78, 'm8-1': 96.43}",1.6949999999999998,185.88900000000012,187.01900000000012,inf,221.38400000000001,221.38400000000001
274,T2,BESTEFFORT,COMPLETED,m4-1,71.416,"{'m1-1': 10.08, 'm2-1': 112.88, 'm3-1': 103.32, 'm4-1': 1.13, 'm5-1': 11.93, 'm6-1': 110.1, 'm7-1': 11.08, 'm8-1': 102.78}",1.6949999999999998,187.01900000000012,188.14900000000011,inf,221.416,221.416
275,T2,BESTEFFORT,COMPLETED,m4-1,71.618,"{'m1-1': 11.42, 'm2-1': 99.96, 'm3-1': 113.52, 'm4-1': 1.05, 'm5-1': 10.42, 'm6-1': 101.69, 'm7-1': 11.89, 'm8-1': 98.62}",1.5750000000000002,188.14900000000011,189.19900000000013,inf,221.618,221.618
276,T3,BESTEFFORT,COMPLETED,m4-1,71.721,"{'m1-1': 10.34, 'm2-1': 97.46, 'm3-1': 106.7, 'm4-1': 1.03, 'm5-1': 9.64, 'm6-1': 107.56, 'm7-1': 10.5, 'm8-1': 107.06}",1.545,189.19900000000013,190.22900000000013,inf,221.721,221.721
277,T3,BESTEFFORT,COMPLETED,m4-1,71.837,"{'m1-1': 10.38, 'm2-1': 103.99, 'm3-1': 100.71, 'm4-1': 1.08, 'm5-1': 10.7, 'm6-1': 106.66, 'm7-1': 9.63, 'm8-1': 96.28}",1.62,190.22900000000013,191.30900000000014,inf,221.837,221.837
278,T2,BESTEFFORT,MISSED,m1-1,71.864,"{'m1-1': 11.17, 'm2-1': 100.65, 'm3-1': 98.59, 'm4-1': 1.16, 'm5-1': 10.17, 'm6-1': 107.66, 'm7-1': 10.75, 'm8-1': 103.94}",3.8999999999999915,219.264,inf,221.864,221.864,221.864
279,T3,BESTEFFORT,COMPLETED,m4-1,71.89,"{'m1-1': 10.4, 'm2-1': 105.6, 'm3-1': 109.14, 'm4-1': 1.12, 'm5-1': 10.43, 'm6-1': 113.36, 'm7-1': 10.47, 'm8-1': 110.55}",1.6800000000000002,191.30900000000014,192.42900000000014,inf,221.89,221.89
280,T4,BESTEFFORT,COMPLETED,m4-1,72.123,"{'m1-1': 9.6, 'm2-1': 102.36, 'm3-1': 114.64, 'm4-1': 0.96, 'm5-1': 11.03, 'm6-1': 96.62, 'm7-1': 10.55, 'm8-1': 109.04}",1.44,192.42900000000014,193.38900000000015,inf,222.123,222.123
281,T4,BESTEFFORT,MISSED,m2-1,72.38,"{'m1-1': 10.92, 'm2-1': 97.22, 'm3-1': 115.69, 'm4-1': 0.94, 'm5-1': 10.35, 'm6-1': 110.77, 'm7-1': 9.34, 'm8-1': 96.2}",11.942999999999984,214.418,inf,222.38,222.38,222.38
282,T3,BESTEFFORT,COMPLETED,m4-1,72.415,"{'m1-1': 9.83, 'm2-1': 107.7, 'm3-1': 99.1, 'm4-1': 0.97, 'm5-1': 10.29, 'm6-1': 113.6, 'm7-1': 10.15, 'm8-1': 97.68}",1.455,193.38900000000015,194.35900000000015,inf,222.41500000000002,222.41500000000002
283,T4,BESTEFFORT,MISSED,m5-1,73.076,"{'m1-1': 9.7, 'm2-1': 98.95, 'm3-1': 106.58, 'm4-1': 1.07, 'm5-1': 11.44, 'm6-1': 110.79, 'm7-1': 10.04, 'm8-1': 95.4}",3.649499999999989,220.643,inf,223.076,223.076,223.076
284,T2,BESTEFFORT,MISSED,m7-1,73.121,"{'m1-1': 9.91, 'm2-1': 115.89, 'm3-1': 112.54, 'm4-1': 1.16, 'm5-1': 11.2, 'm6-1': 98.66, 'm7-1': 11.44, 'm8-1': 98.82}",3.251999999999967,220.953,inf,223.12099999999998,223.12099999999998,223.12099999999998
285,T4,BESTEFFORT,COMPLETED,m4-1,73.127,"{'m1-1': 10.65, 'm2-1': 103.74, 'm3-1': 100.66, 'm4-1': 1.04, 'm5-1': 10.72, 'm6-1': 96.63, 'm7-1': 10.3, 'm8-1': 105.54}",1.56,194.35900000000015,195.39900000000014,inf,223.127,223.127
286,T3,BESTEFFORT,MISSED,m3-1,73.33,"{'m1-1': 10.79, 'm2-1': 99.64, 'm3-1': 106.24, 'm4-1': 1.13, 'm5-1': 10.83, 'm6-1': 101.28, 'm7-1': 10.41, 'm8-1': 100.9}",12.805499999999967,214.793,inf,223.32999999999998,223.32999999999998,223.32999999999998
287,T3,BESTEFFORT,COMPLETED,m4-1,73.471,"{'m1-1': 10.22, 'm2-1': 100.35, 'm3-1': 109.81, 'm4-1': 0.97, 'm5-1': 9.66, 'm6-1': 115.46, 'm7-1': 10.66, 'm8-1': 96.18}",1.455,195.39900000000014,196.36900000000014,inf,223.471,223.471
288,T4,BESTEFFORT,MISSED,m8-1,73.549,"{'m1-1': 10.41, 'm2-1': 97.15, 'm3-1': 99.19, 'm4-1': 1.02, 'm5-1': 11.35, 'm6-1': 98.06, 'm7-1': 9.82, 'm8-1': 103.74}",18.10950000000001,211.476,inf,223.549,223.549,223.549
289,T2,BESTEFFORT,COMPLETED,m4-1,73.686,"{'m1-1': 11.51, 'm2-1': 116.48, 'm3-1': 98.24, 'm4-1': 1.14, 'm5-1': 10.42, 'm6-1': 113.5, 'm7-1': 10.79, 'm8-1': 103.52}",1.71,196.36900000000014,197.50900000000013,inf,223.686,223.686
290,T2,BESTEFFORT,COMPLETED,m4-1,73.741,"{'m1-1': 10.75, 'm2-1': 111.51, 'm3-1': 108.1, 'm4-1': 1.09, 'm5-1': 11.24, 'm6-1': 113.63, 'm7-1': 11.76, 'm8-1': 112.2}",1.6350000000000002,197.50900000000013,198.59900000000013,inf,223.74099999999999,223.74099999999999
291,T3,BESTEFFORT,COMPLETED,m4-1,74.383,"{'m1-1': 10.34, 'm2-1': 99.39, 'm3-1': 100.52, 'm4-1': 1.05, 'm5-1': 9.51, 'm6-1': 112.02, 'm7-1': 11.14, 'm8-1': 102.75}",1.5750000000000002,198.59900000000013,199.64900000000014,inf,224.38299999999998,224.38299999999998
292,T3,BESTEFFORT,MISSED,m6-1,74.963,"{'m1-1': 10.32, 'm2-1': 94.2, 'm3-1': 100.45, 'm4-1': 1.09, 'm5-1': 9.58, 'm6-1': 103.2, 'm7-1': 11.06, 'm8-1': 94.43}",15.943499999999986,214.334,inf,224.963,224.963,224.963
293,T3,BESTEFFORT,COMPLETED,m4-1,75.024,"{'m1-1': 11.31, 'm2-1': 111.06, 'm3-1': 100.45, 'm4-1': 1.06, 'm5-1': 10.0, 'm6-1': 107.49, 'm7-1': 11.15, 'm8-1': 103.94}",1.59,199.64900000000014,200.70900000000015,inf,225.024,225.024
294,T2,BESTEFFORT,COMPLETED,m4-1,75.281,"{'m1-1': 11.19, 'm2-1': 98.91, 'm3-1': 112.62, 'm4-1': 0.99, 'm5-1': 10.71, 'm6-1': 108.85, 'm7-1': 11.81, 'm8-1': 101.39}",1.4849999999999999,200.70900000000015,201.69900000000015,inf,225.281,225.281
295,T3,BESTEFFORT,COMPLETED,m4-1,75.704,"{'m1-1': 11.12, 'm2-1': 95.59, 'm3-1': 100.1, 'm4-1': 1.03, 'm5-1': 9.58, 'm6-1': 99.76, 'm7-1': 10.11, 'm8-1': 98.93}",1.545,201.69900000000015,202.72900000000016,inf,225.704,225.704
296,T1,BESTEFFORT,MISSED,m1-1,76.094,"{'m1-1': 10.86, 'm2-1': 109.83, 'm3-1': 112.11, 'm4-1': 1.01, 'm5-1': 10.78, 'm6-1': 101.26, 'm7-1': 9.54, 'm8-1': 109.27}",6.344999999999985,221.864,inf,226.094,226.094,226.094
297,T2,BESTEFFORT,COMPLETED,m4-1,76.227,"{'m1-1': 11.58, 'm2-1': 107.04, 'm3-1': 106.05, 'm4-1': 1.03, 'm5-1': 11.47, 'm6-1': 110.39, 'm7-1': 11.27, 'm8-1': 106.2}",1.545,202.72900000000016,203.75900000000016,inf,226.227,226.227
298,T1,BESTEFFORT,COMPLETED,m4-1,77.077,"{'m1-1': 10.18, 'm2-1': 100.35, 'm3-1': 103.76, 'm4-1': 1.01, 'm5-1': 9.43, 'm6-1': 106.9, 'm7-1': 9.99, 'm8-1': 106.92}",1.5150000000000001,203.75900000000016,204.76900000000015,inf,227.077,227.077
299,T2,BESTEFFORT,COMPLETED,m4-1,77.204,"{'m1-1': 10.82, 'm2-1': 100.32, 'm3-1': 106.05, 'm4-1': 1.14, 'm5-1': 11.24, 'm6-1': 111.32, 'm7-1': 10.89, 'm8-1': 108.59}",1.71,204.76900000000015,205.90900000000013,inf,227.204,227.204
300,T2,BESTEFFORT,MISSED,m5-1,77.574,"{'m1-1': 11.19, 'm2-1': 114.47, 'm3-1': 103.58, 'm4-1': 1.15, 'm5-1': 11.47, 'm6-1': 112.08, 'm7-1': 11.14, 'm8-1': 94.77}",6.747000000000028,223.076,inf,227.574,227.574,227.574
301,T1,BESTEFFORT,MISSED,m7-1,78.66,"{'m1-1': 9.84, 'm2-1': 103.39, 'm3-1': 111.96, 'm4-1': 0.98, 'm5-1': 10.37, 'm6-1': 109.69, 'm7-1': 9.74, 'm8-1': 114.0}",8.308500000000024,223.12099999999998,inf,228.66,228.66,228.66
302,T4,BESTEFFORT,COMPLETED,m4-1,78.847,"{'m1-1': 10.03, 'm2-1': 109.15, 'm3-1': 116.04, 'm4-1': 0.97, 'm5-1': 10.83, 'm6-1': 105.31, 'm7-1': 9.7, 'm8-1': 95.47}",1.455,205.90900000000013,206.87900000000013,inf,228.84699999999998,228.84699999999998
303,T1,BESTEFFORT,COMPLETED,m4-1,78.859,"{'m1-1': 9.92, 'm2-1': 100.08, 'm3-1': 100.1, 'm4-1': 1.12, 'm5-1': 10.78, 'm6-1': 101.34, 'm7-1': 9.41, 'm8-1': 100.6}",1.6800000000000002,206.87900000000013,207.99900000000014,inf,228.85899999999998,228.85899999999998
304,T2,BESTEFFORT,COMPLETED,m4-1,78.962,"{'m1-1': 10.19, 'm2-1': 108.54, 'm3-1': 102.11, 'm4-1': 1.04, 'm5-1': 10.07, 'm6-1': 113.43, 'm7-1': 10.89, 'm8-1': 106.71}",1.56,207.99900000000014,209.03900000000013,inf,228.962,228.962
305,T2,BESTEFFORT,COMPLETED,m4-1,79.093,"{'m1-1': 11.16, 'm2-1': 113.13, 'm3-1': 100.55, 'm4-1': 1.05, 'm5-1': 10.44, 'm6-1': 102.82, 'm7-1': 10.23, 'm8-1': 107.55}",1.5750000000000002,209.03900000000013,210.08900000000014,inf,229.09300000000002,229.09300000000002
306,T4,BESTEFFORT,COMPLETED,m4-1,79.227,"{'m1-1': 10.27, 'm2-1': 112.46, 'm3-1': 112.9, 'm4-1': 0.95, 'm5-1': 10.68, 'm6-1': 110.12, 'm7-1': 10.32, 'm8-1': 99.56}",1.4249999999999998,210.08900000000014,211.03900000000013,inf,229.227,229.227
307,T2,BESTEFFORT,MISSED,m2-1,79.619,"{'m1-1': 9.87, 'm2-1': 104.13, 'm3-1': 111.87, 'm4-1': 1.09, 'm5-1': 11.08, 'm6-1': 107.2, 'm7-1': 10.31, 'm8-1': 108.45}",10.858500000000006,222.38,inf,229.619,229.619,229.619
308,T3,BESTEFFORT,COMPLETED,m4-1,79.692,"{'m1-1': 10.12, 'm2-1': 109.72, 'm3-1': 103.48, 'm4-1': 0.97, 'm5-1': 10.84, 'm6-1': 106.66, 'm7-1': 10.51, 'm8-1': 101.59}",1.455,211.03900000000013,212.00900000000013,inf,229.692,229.692
309,T4,BESTEFFORT,COMPLETED,m4-1,79.875,"{'m1-1': 9.78, 'm2-1': 105.7, 'm3-1': 99.94, 'm4-1': 1.02, 'm5-1': 10.99, 'm6-1': 105.68, 'm7-1': 9.4, 'm8-1': 112.38}",1.53,212.00900000000013,213.02900000000014,inf,229.875,229.875
310,T2,BESTEFFORT,MISSED,m3-1,79.898,"{'m1-1': 10.18, 'm2-1': 108.96, 'm3-1': 112.96, 'm4-1': 1.14, 'm5-1': 11.38, 'm6-1': 106.76, 'm7-1': 10.65, 'm8-1': 100.95}",9.852000000000018,223.32999999999998,inf,229.898,229.898,229.898
311,T1,BESTEFFORT,MISSED,m8-1,79.919,"{'m1-1': 10.67, 'm2-1': 105.72, 'm3-1': 100.15, 'm4-1': 1.05, 'm5-1': 10.52, 'm6-1': 108.16, 'm7-1': 10.54, 'm8-1': 101.19}",9.554999999999964,223.549,inf,229.91899999999998,229.91899999999998,229.91899999999998
312,T3,BESTEFFORT,MISSED,m1-1,79.972,"{'m1-1': 10.86, 'm2-1': 103.59, 'm3-1': 104.45, 'm4-1': 1.04, 'm5-1': 9.59, 'm6-1': 111.34, 'm7-1': 9.67, 'm8-1': 103.29}",5.816999999999979,226.094,inf,229.97199999999998,229.97199999999998,229.97199999999998
313,T1,BESTEFFORT,MISSED,m6-1,79.978,"{'m1-1': 10.83, 'm2-1': 102.38, 'm3-1': 111.58, 'm4-1': 1.14, 'm5-1': 9.5, 'm6-1': 95.94, 'm7-1': 9.24, 'm8-1': 111.72}",7.522500000000022,224.963,inf,229.978,229.978,229.978
314,T3,BESTEFFORT,COMPLETED,m4-1,79.985,"{'m1-1': 9.87, 'm2-1': 98.36, 'm3-1': 108.26, 'm4-1': 1.04, 'm5-1': 10.86, 'm6-1': 109.57, 'm7-1': 11.23, 'm8-1': 95.71}",1.56,213.02900000000014,214.06900000000013,inf,229.985,229.985
315,T1,BESTEFFORT,MISSED,m3-1,79.998,"{'m1-1': 11.12, 'm2-1': 96.38, 'm3-1': 106.73, 'm4-1': 1.0, 'm5-1': 9.78, 'm6-1': 99.84, 'm7-1': 10.68, 'm8-1': 101.32}",0.14999999999999147,229.898,inf,229.998,229.998,229.998
316,T3,BESTEFFORT,MISSED,m8-1,80.11,"{'m1-1': 10.58, 'm2-1': 94.46, 'm3-1': 108.84, 'm4-1': 1.1, 'm5-1': 10.44, 'm6-1': 109.96, 'm7-1': 10.6, 'm8-1': 96.95}",0.2865000000000464,229.91899999999998,inf,230.11,230.11,230.11
317,T2,BESTEFFORT,COMPLETED,m4-1,80.157,"{'m1-1': 11.44, 'm2-1': 102.05, 'm3-1': 111.92, 'm4-1': 0.99, 'm5-1': 10.27, 'm6-1': 113.65, 'm7-1': 11.27, 'm8-1': 103.83}",1.4849999999999999,214.06900000000013,215.05900000000014,inf,230.15699999999998,230.15699999999998
318,T1,BESTEFFORT,MISSED,m8-1,80.311,"{'m1-1': 10.4, 'm2-1': 104.39, 'm3-1': 104.18, 'm4-1': 1.05, 'm5-1': 10.71, 'm6-1': 98.21, 'm7-1': 10.56, 'm8-1': 99.1}",0.3014999999999901,230.11,inf,230.311,230.311,230.311
319,T1,BESTEFFORT,MISSED,m5-1,80.314,"{'m1-1': 9.8, 'm2-1': 107.79, 'm3-1': 104.98, 'm4-1': 1.11, 'm5-1': 9.66, 'm6-1': 103.58, 'm7-1': 9.22, 'm8-1': 108.58}",4.109999999999971,227.574,inf,230.314,230.314,230.314
320,T4,BESTEFFORT,COMPLETED,m4-1,80.855,"{'m1-1': 10.48, 'm2-1': 107.5, 'm3-1': 105.35, 'm4-1': 1.01, 'm5-1': 10.76, 'm6-1': 105.75, 'm7-1': 10.33, 'm8-1': 104.9}",1.5150000000000001,215.05900000000014,216.06900000000013,inf,230.85500000000002,230.85500000000002
321,T2,BESTEFFORT,MISSED,m2-1,81.24,"{'m1-1': 10.56, 'm2-1': 108.26, 'm3-1': 112.99, 'm4-1': 1.14, 'm5-1': 11.48, 'm6-1': 100.91, 'm7-1': 10.29, 'm8-1': 105.9}",2.431500000000014,229.619,inf,231.24,231.24,231.24
322,T2,BESTEFFORT,MISSED,m7-1,81.836,"{'m1-1': 10.0, 'm2-1': 110.51, 'm3-1': 104.84, 'm4-1': 1.16, 'm5-1': 10.27, 'm6-1': 107.82, 'm7-1': 11.78, 'm8-1': 108.62}",4.764000000000024,228.66,inf,231.836,231.836,231.836
323,T3,BESTEFFORT,COMPLETED,m4-1,82.223,"{'m1-1': 11.2, 'm2-1': 96.12, 'm3-1': 113.13, 'm4-1': 1.13, 'm5-1': 10.86, 'm6-1': 100.38, 'm7-1': 10.44, 'm8-1': 110.88}",1.6949999999999998,216.06900000000013,217.19900000000013,inf,232.223,232.223
324,T3,BESTEFFORT,MISSED,m6-1,82.305,"{'m1-1': 11.11, 'm2-1': 105.51, 'm3-1': 107.51, 'm4-1': 1.03, 'm5-1': 10.54, 'm6-1': 107.96, 'm7-1': 10.54, 'm8-1': 108.38}",3.4904999999999973,229.978,inf,232.305,232.305,232.305
325,T4,BESTEFFORT,COMPLETED,m4-1,82.55,"{'m1-1': 10.13, 'm2-1': 111.28, 'm3-1': 103.42, 'm4-1': 0.96, 'm5-1': 10.89, 'm6-1': 98.03, 'm7-1': 10.9, 'm8-1': 104.33}",1.44,217.19900000000013,218.15900000000013,inf,232.55,232.55
326,T2,BESTEFFORT,MISSED,m6-1,82.919,"{'m1-1': 11.34, 'm2-1': 115.77, 'm3-1': 106.83, 'm4-1': 1.01, 'm5-1': 11.74, 'm6-1': 103.98, 'm7-1': 10.13, 'm8-1': 102.2}",0.9209999999999638,232.305,inf,232.91899999999998,232.91899999999998,232.91899999999998
327,T3,BESTEFFORT,MISSED,m2-1,83.173,"{'m1-1': 10.39, 'm2-1': 104.64, 'm3-1': 105.6, 'm4-1': 1.1, 'm5-1': 9.85, 'm6-1': 116.69, 'm7-1': 10.93, 'm8-1': 110.0}",2.899499999999989,231.24,inf,233.173,233.173,233.173
328,T4,BESTEFFORT,MISSED,m3-1,83.194,"{'m1-1': 10.16, 'm2-1': 110.6, 'm3-1': 111.92, 'm4-1': 0.96, 'm5-1': 10.68, 'm6-1': 95.4, 'm7-1': 10.01, 'm8-1': 99.6}",4.79400000000004,229.998,inf,233.19400000000002,233.19400000000002,233.19400000000002
329,T1,BESTEFFORT,COMPLETED,m4-1,83.799,"{'m1-1': 9.53, 'm2-1': 96.92, 'm3-1': 112.98, 'm4-1': 1.03, 'm5-1': 10.06, 'm6-1': 96.72, 'm7-1': 10.63, 'm8-1': 104.24}",1.545,218.15900000000013,219.18900000000014,inf,233.799,233.799
330,T1,BESTEFFORT,COMPLETED,m4-1,84.174,"{'m1-1': 10.19, 'm2-1': 98.49, 'm3-1': 101.13, 'm4-1': 1.14, 'm5-1': 10.46, 'm6-1': 112.53, 'm7-1': 9.26, 'm8-1': 100.82}",1.71,219.18900000000014,220.32900000000012,inf,234.174,234.174
331,T3,BESTEFFORT,COMPLETED,m4-1,84.469,"{'m1-1': 10.76, 'm2-1': 97.9, 'm3-1': 105.22, 'm4-1': 1.07, 'm5-1': 11.02, 'm6-1': 113.17, 'm7-1': 9.56, 'm8-1': 100.54}",1.605,220.32900000000012,221.39900000000011,inf,234.469,234.469
332,T4,BESTEFFORT,COMPLETED,m4-1,84.841,"{'m1-1': 10.3, 'm2-1': 108.43, 'm3-1': 111.7, 'm4-1': 1.03, 'm5-1': 11.87, 'm6-1': 94.85, 'm7-1': 10.44, 'm8-1': 109.14}",1.545,221.39900000000011,222.42900000000012,inf,234.841,234.841
333,T3,BESTEFFORT,COMPLETED,m4-1,85.123,"{'m1-1': 10.49, 'm2-1': 100.31, 'm3-1': 103.17, 'm4-1': 1.04, 'm5-1': 10.91, 'm6-1': 104.81, 'm7-1': 10.11, 'm8-1': 101.59}",1.56,222.42900000000012,223.4690000000001,inf,235.123,235.123
334,T4,BESTEFFORT,MISSED,m1-1,85.342,"{'m1-1': 10.69, 'm2-1': 101.46, 'm3-1': 97.61, 'm4-1': 1.08, 'm5-1': 10.83, 'm6-1': 97.95, 'm7-1': 11.06, 'm8-1': 97.5}",8.055000000000007,229.97199999999998,inf,235.34199999999998,235.34199999999998,235.34199999999998
335,T1,BESTEFFORT,COMPLETED,m4-1,85.408,"{'m1-1': 9.89, 'm2-1': 104.92, 'm3-1': 103.04, 'm4-1': 1.0, 'm5-1': 9.98, 'm6-1': 103.62, 'm7-1': 10.44, 'm8-1': 100.59}",1.5,223.4690000000001,224.4690000000001,inf,235.40800000000002,235.40800000000002
336,T2,BESTEFFORT,MISSED,m5-1,85.475,"{'m1-1': 10.9, 'm2-1': 103.42, 'm3-1': 105.77, 'm4-1': 1.0, 'm5-1': 11.76, 'm6-1': 106.51, 'm7-1': 11.49, 'm8-1': 104.46}",7.741500000000002,230.314,inf,235.475,235.475,235.475
337,T2,BESTEFFORT,MISSED,m7-1,85.953,"{'m1-1': 10.97, 'm2-1': 111.84, 'm3-1': 112.55, 'm4-1': 1.09, 'm5-1': 10.43, 'm6-1': 112.23, 'm7-1': 10.16, 'm8-1': 99.47}",6.175499999999985,231.836,inf,235.953,235.953,235.953
338,T4,BESTEFFORT,COMPLETED,m4-1,86.025,"{'m1-1': 10.09, 'm2-1': 110.28, 'm3-1': 108.19, 'm4-1': 1.02, 'm5-1': 10.53, 'm6-1': 106.34, 'm7-1': 10.25, 'm8-1': 104.28}",1.53,224.4690000000001,225.48900000000012,inf,236.025,236.025
339,T4,BESTEFFORT,MISSED,m1-1,86.052,"{'m1-1': 10.16, 'm2-1': 98.34, 'm3-1': 101.32, 'm4-1': 1.04, 'm5-1': 10.38, 'm6-1': 99.72, 'm7-1': 11.07, 'm8-1': 109.83}",1.0650000000000546,235.34199999999998,inf,236.05200000000002,236.05200000000002,236.05200000000002
340,T4,BESTEFFORT,MISSED,m2-1,86.534,"{'m1-1': 10.84, 'm2-1': 107.5, 'm3-1': 108.59, 'm4-1': 1.04, 'm5-1': 10.72, 'm6-1': 102.22, 'm7-1': 10.09, 'm8-1': 109.27}",5.041499999999985,233.173,inf,236.534,236.534,236.534
341,T3,BESTEFFORT,COMPLETED,m4-1,86.653,"{'m1-1': 10.04, 'm2-1': 94.25, 'm3-1': 109.05, 'm4-1': 1.09, 'm5-1': 10.15, 'm6-1': 114.28, 'm7-1': 10.59, 'm8-1': 105.91}",1.6350000000000002,225.48900000000012,226.57900000000012,inf,236.65300000000002,236.65300000000002
342,T2,BESTEFFORT,MISSED,m5-1,86.813,"{'m1-1': 10.58, 'm2-1': 98.59, 'm3-1': 102.23, 'm4-1': 1.13, 'm5-1': 11.64, 'm6-1': 113.6, 'm7-1': 11.14, 'm8-1': 112.24}",2.006999999999991,235.475,inf,236.813,236.813,236.813
343,T4,BESTEFFORT,MISSED,m7-1,86.901,"{'m1-1': 10.48, 'm2-1': 110.31, 'm3-1': 108.66, 'm4-1': 0.98, 'm5-1': 10.64, 'm6-1': 98.22, 'm7-1': 9.52, 'm8-1': 95.12}",1.4220000000000113,235.953,inf,236.901,236.901,236.901
344,T2,BESTEFFORT,MISSED,m3-1,86.953,"{'m1-1': 10.29, 'm2-1': 116.96, 'm3-1': 98.93, 'm4-1': 1.14, 'm5-1': 10.18, 'm6-1': 111.96, 'm7-1': 11.0, 'm8-1': 110.14}",5.638499999999979,233.19400000000002,inf,236.953,236.953,236.953
345,T3,BESTEFFORT,COMPLETED,m4-1,87.237,"{'m1-1': 10.24, 'm2-1': 109.96, 'm3-1': 104.69, 'm4-1': 1.14, 'm5-1': 9.83, 'm6-1': 99.62, 'm7-1': 9.68, 'm8-1': 101.42}",1.71,226.57900000000012,227.7190000000001,inf,237.237,237.237
346,T4,BESTEFFORT,MISSED,m8-1,87.307,"{'m1-1': 11.13, 'm2-1': 101.67, 'm3-1': 99.97, 'm4-1': 1.03, 'm5-1': 10.12, 'm6-1': 103.38, 'm7-1': 10.53, 'm8-1': 109.25}",10.494000000000014,230.311,inf,237.30700000000002,237.30700000000002,237.30700000000002
347,T1,BESTEFFORT,COMPLETED,m4-1,87.453,"{'m1-1': 10.45, 'm2-1': 99.64, 'm3-1': 108.21, 'm4-1': 1.02, 'm5-1': 10.06, 'm6-1': 103.29, 'm7-1': 10.07, 'm8-1': 107.54}",1.53,227.7190000000001,228.73900000000012,inf,237.453,237.453
348,T3,BESTEFFORT,MISSED,m6-1,87.735,"{'m1-1': 10.62, 'm2-1': 108.03, 'm3-1': 111.18, 'm4-1': 1.09, 'm5-1': 9.89, 'm6-1': 112.82, 'm7-1': 10.92, 'm8-1': 100.99}",7.224000000000046,232.91899999999998,inf,237.735,237.735,237.735
349,T3,BESTEFFORT,COMPLETED,m4-1,88.062,"{'m1-1': 11.01, 'm2-1': 103.99, 'm3-1': 101.76, 'm4-1': 1.09, 'm5-1': 10.8, 'm6-1': 102.7, 'm7-1': 10.97, 'm8-1': 98.83}",1.6350000000000002,228.73900000000012,229.82900000000012,inf,238.062,238.062
350,T2,BESTEFFORT,MISSED,m1-1,88.141,"{'m1-1': 11.04, 'm2-1': 108.14, 'm3-1': 96.47, 'm4-1': 0.99, 'm5-1': 10.9, 'm6-1': 102.74, 'm7-1': 11.88, 'm8-1': 112.45}",3.133499999999998,236.05200000000002,inf,238.14100000000002,238.14100000000002,238.14100000000002
351,T3,BESTEFFORT,COMPLETED,m4-1,88.653,"{'m1-1': 9.69, 'm2-1': 106.34, 'm3-1': 96.29, 'm4-1': 1.12, 'm5-1': 9.94, 'm6-1': 109.37, 'm7-1': 9.86, 'm8-1': 104.94}",1.6800000000000002,229.82900000000012,230.94900000000013,inf,238.65300000000002,238.65300000000002
352,T1,BESTEFFORT,MISSED,m5-1,88.771,"{'m1-1': 10.96, 'm2-1': 98.16, 'm3-1': 102.66, 'm4-1': 1.02, 'm5-1': 9.64, 'm6-1': 103.41, 'm7-1': 10.3, 'm8-1': 111.0}",2.9370000000000402,236.813,inf,238.77100000000002,238.77100000000002,238.77100000000002
353,T3,BESTEFFORT,COMPLETED,m4-1,88.923,"{'m1-1': 10.1, 'm2-1': 100.5, 'm3-1': 113.58, 'm4-1': 1.13, 'm5-1': 9.46, 'm6-1': 103.12, 'm7-1': 11.06, 'm8-1': 104.25}",1.6949999999999998,230.94900000000013,232.07900000000012,inf,238.923,238.923
354,T3,BESTEFFORT,MISSED,m7-1,89.095,"{'m1-1': 10.77, 'm2-1': 105.33, 'm3-1': 111.85, 'm4-1': 1.14, 'm5-1': 10.8, 'm6-1': 104.7, 'm7-1': 10.98, 'm8-1': 97.51}",3.2909999999999826,236.901,inf,239.095,239.095,239.095
355,T2,BESTEFFORT,COMPLETED,m4-1,89.66,"{'m1-1': 10.38, 'm2-1': 111.19, 'm3-1': 97.62, 'm4-1': 1.15, 'm5-1': 10.34, 'm6-1': 103.5, 'm7-1': 10.3, 'm8-1': 104.79}",1.7249999999999999,232.07900000000012,233.22900000000013,inf,239.66,239.66
356,T3,BESTEFFORT,MISSED,m2-1,89.973,"{'m1-1': 10.78, 'm2-1': 108.69, 'm3-1': 105.2, 'm4-1': 1.06, 'm5-1': 9.61, 'm6-1': 102.67, 'm7-1': 10.57, 'm8-1': 97.1}",5.158500000000032,236.534,inf,239.973,239.973,239.973
357,T2,BESTEFFORT,COMPLETED,m4-1,90.061,"{'m1-1': 10.67, 'm2-1': 108.81, 'm3-1': 107.34, 'm4-1': 1.05, 'm5-1': 11.78, 'm6-1': 107.12, 'm7-1': 10.29, 'm8-1': 103.05}",1.5750000000000002,233.22900000000013,234.27900000000014,inf,240.061,240.061
358,T4,BESTEFFORT,MISSED,m3-1,90.466,"{'m1-1': 10.0, 'm2-1': 113.6, 'm3-1': 97.66, 'm4-1': 1.09, 'm5-1': 10.82, 'm6-1': 106.28, 'm7-1': 9.34, 'm8-1': 107.26}",5.269500000000008,236.953,inf,240.466,240.466,240.466
359,T2,BESTEFFORT,MISSED,m8-1,90.526,"{'m1-1': 11.27, 'm2-1': 98.59, 'm3-1': 108.03, 'm4-1': 1.15, 'm5-1': 11.36, 'm6-1': 103.26, 'm7-1': 10.67, 'm8-1': 110.86}",4.828499999999991,237.30700000000002,inf,240.526,240.526,240.526
360,T3,BESTEFFORT,MISSED,m1-1,90.639,"{'m1-1': 10.43, 'm2-1': 94.98, 'm3-1': 101.94, 'm4-1': 0.99, 'm5-1': 9.52, 'm6-1': 103.78, 'm7-1': 10.96, 'm8-1': 95.12}",3.7469999999999857,238.14100000000002,inf,240.639,240.639,240.639
361,T4,BESTEFFORT,MISSED,m6-1,90.695,"{'m1-1': 10.06, 'm2-1': 112.22, 'm3-1': 104.88, 'm4-1': 1.08, 'm5-1': 10.24, 'm6-1': 101.7, 'm7-1': 9.77, 'm8-1': 96.1}",4.439999999999969,237.735,inf,240.695,240.695,240.695
362,T4,BESTEFFORT,MISSED,m3-1,90.914,"{'m1-1': 9.73, 'm2-1': 101.09, 'm3-1': 98.9, 'm4-1': 1.07, 'm5-1': 11.68, 'm6-1': 95.16, 'm7-1': 10.72, 'm8-1': 102.76}",0.6719999999999686,240.466,inf,240.914,240.914,240.914
363,T3,BESTEFFORT,MISSED,m8-1,91.134,"{'m1-1': 10.31, 'm2-1': 96.16, 'm3-1': 107.41, 'm4-1': 0.98, 'm5-1': 9.76, 'm6-1': 101.32, 'm7-1': 10.96, 'm8-1': 97.85}",0.9120000000000061,240.526,inf,241.13400000000001,241.13400000000001,241.13400000000001
364,T1,BESTEFFORT,MISSED,m8-1,91.156,"{'m1-1': 10.88, 'm2-1': 110.79, 'm3-1': 110.17, 'm4-1': 1.04, 'm5-1': 9.43, 'm6-1': 98.9, 'm7-1': 10.08, 'm8-1': 106.55}",0.03299999999998704,241.13400000000001,inf,241.156,241.156,241.156
365,T1,BESTEFFORT,MISSED,m5-1,91.242,"{'m1-1': 11.18, 'm2-1': 94.47, 'm3-1': 109.58, 'm4-1': 0.97, 'm5-1': 9.56, 'm6-1': 95.8, 'm7-1': 10.03, 'm8-1': 103.58}",3.7065000000000055,238.77100000000002,inf,241.24200000000002,241.24200000000002,241.24200000000002
366,T3,BESTEFFORT,COMPLETED,m4-1,91.42,"{'m1-1': 11.03, 'm2-1': 105.36, 'm3-1': 103.42, 'm4-1': 1.12, 'm5-1': 10.16, 'm6-1': 115.79, 'm7-1': 9.81, 'm8-1': 104.88}",1.6800000000000002,234.27900000000014,235.39900000000014,inf,241.42000000000002,241.42000000000002
367,T3,BESTEFFORT,MISSED,m2-1,92.925,"{'m1-1': 10.29, 'm2-1': 107.86, 'm3-1': 107.97, 'm4-1': 1.14, 'm5-1': 10.83, 'm6-1': 109.94, 'm7-1': 10.48, 'm8-1': 103.01}",4.427999999999997,239.973,inf,242.925,242.925,242.925
368,T3,BESTEFFORT,MISSED,m7-1,93.137,"{'m1-1': 10.52, 'm2-1': 102.38, 'm3-1': 110.87, 'm4-1': 0.98, 'm5-1': 10.95, 'm6-1': 114.54, 'm7-1': 10.11, 'm8-1': 96.46}",6.063000000000002,239.095,inf,243.137,243.137,243.137
369,T3,BESTEFFORT,COMPLETED,m4-1,93.777,"{'m1-1': 10.75, 'm2-1': 111.9, 'm3-1': 109.99, 'm4-1': 1.0, 'm5-1': 9.98, 'm6-1': 108.94, 'm7-1': 9.9, 'm8-1': 110.03}",1.5,235.39900000000014,236.39900000000014,inf,243.777,243.777
370,T3,BESTEFFORT,MISSED,m6-1,94.124,"{'m1-1': 10.98, 'm2-1': 109.25, 'm3-1': 100.99, 'm4-1': 1.09, 'm5-1': 10.81, 'm6-1': 110.38, 'm7-1': 9.57, 'm8-1': 103.94}",5.143500000000003,240.695,inf,244.124,244.124,244.124
371,T2,BESTEFFORT,MISSED,m6-1,94.186,"{'m1-1': 11.04, 'm2-1': 98.85, 'm3-1': 102.69, 'm4-1': 0.99, 'm5-1': 10.65, 'm6-1': 110.57, 'm7-1': 11.16, 'm8-1': 95.56}",0.09300000000001774,244.124,inf,244.186,244.186,244.186
372,T1,BESTEFFORT,MISSED,m2-1,94.203,"{'m1-1': 9.89, 'm2-1': 107.02, 'm3-1': 112.6, 'm4-1': 0.98, 'm5-1': 11.06, 'm6-1': 104.74, 'm7-1': 10.28, 'm8-1': 113.06}",1.9169999999999874,242.925,inf,244.203,244.203,244.203
373,T4,BESTEFFORT,MISSED,m3-1,94.558,"{'m1-1': 10.71, 'm2-1': 103.85, 'm3-1': 105.75, 'm4-1': 1.06, 'm5-1': 11.4, 'm6-1': 99.85, 'm7-1': 9.61, 'm8-1': 106.92}",5.466000000000008,240.914,inf,244.558,244.558,244.558
374,T4,BESTEFFORT,COMPLETED,m4-1,95.531,"{'m1-1': 10.33, 'm2-1': 114.28, 'm3-1': 108.94, 'm4-1': 1.04, 'm5-1': 10.0, 'm6-1': 98.02, 'm7-1': 10.82, 'm8-1': 108.33}",1.56,236.39900000000014,237.43900000000014,inf,245.531,245.531
375,T2,BESTEFFORT,COMPLETED,m4-1,95.718,"{'m1-1': 10.15, 'm2-1': 106.67, 'm3-1': 96.74, 'm4-1': 1.01, 'm5-1': 11.71, 'm6-1': 109.82, 'm7-1': 11.63, 'm8-1': 111.26}",1.5150000000000001,237.43900000000014,238.44900000000013,inf,245.71800000000002,245.71800000000002
376,T4,BESTEFFORT,MISSED,m1-1,95.815,"{'m1-1': 10.35, 'm2-1': 103.53, 'm3-1': 103.89, 'm4-1': 1.02, 'm5-1': 11.62, 'm6-1': 95.22, 'm7-1': 10.86, 'm8-1': 105.57}",7.763999999999982,240.639,inf,245.815,245.815,245.815
377,T3,BESTEFFORT,COMPLETED,m4-1,95.83,"{'m1-1': 10.88, 'm2-1': 98.71, 'm3-1': 103.18, 'm4-1': 1.04, 'm5-1': 9.76, 'm6-1': 110.46, 'm7-1': 10.9, 'm8-1': 100.48}",1.56,238.44900000000013,239.48900000000012,inf,245.82999999999998,245.82999999999998
378,T2,BESTEFFORT,MISSED,m5-1,96.078,"{'m1-1': 10.46, 'm2-1': 112.87, 'm3-1': 105.42, 'm4-1': 1.13, 'm5-1': 11.63, 'm6-1': 107.32, 'm7-1': 11.42, 'm8-1': 108.98}",7.2539999999999765,241.24200000000002,inf,246.078,246.078,246.078
379,T4,BESTEFFORT,MISSED,m7-1,96.157,"{'m1-1': 10.38, 'm2-1': 100.92, 'm3-1': 110.96, 'm4-1': 1.08, 'm5-1': 11.12, 'm6-1': 95.88, 'm7-1': 10.85, 'm8-1': 97.37}",4.529999999999973,243.137,inf,246.15699999999998,246.15699999999998,246.15699999999998
380,T4,BESTEFFORT,MISSED,m1-1,96.522,"{'m1-1': 10.63, 'm2-1': 101.92, 'm3-1': 105.16, 'm4-1': 1.08, 'm5-1': 10.87, 'm6-1': 99.45, 'm7-1': 9.55, 'm8-1': 95.08}",1.0604999999999905,245.815,inf,246.522,246.522,246.522
381,T2,BESTEFFORT,COMPLETED,m4-1,96.59,"{'m1-1': 10.76, 'm2-1': 99.5, 'm3-1': 97.65, 'm4-1': 1.14, 'm5-1': 11.46, 'm6-1': 99.01, 'm7-1': 10.04, 'm8-1': 100.99}",1.71,239.48900000000012,240.6290000000001,inf,246.59,246.59
382,T4,BESTEFFORT,MISSED,m2-1,96.599,"{'m1-1': 11.04, 'm2-1': 108.32, 'm3-1': 113.07, 'm4-1': 1.07, 'm5-1': 10.53, 'm6-1': 107.63, 'm7-1': 10.93, 'm8-1': 102.63}",3.59399999999998,244.203,inf,246.599,246.599,246.599
383,T1,BESTEFFORT,MISSED,m5-1,97.203,"{'m1-1': 11.09, 'm2-1': 95.65, 'm3-1': 104.31, 'm4-1': 1.02, 'm5-1': 10.09, 'm6-1': 105.54, 'm7-1': 9.31, 'm8-1': 107.88}",1.6875,246.078,inf,247.203,247.203,247.203
384,T4,BESTEFFORT,MISSED,m7-1,97.215,"{'m1-1': 11.22, 'm2-1': 105.28, 'm3-1': 107.58, 'm4-1': 0.94, 'm5-1': 10.18, 'm6-1': 107.45, 'm7-1': 9.64, 'm8-1': 104.68}",1.5870000000000317,246.15699999999998,inf,247.215,247.215,247.215
385,T1,BESTEFFORT,MISSED,m3-1,97.481,"{'m1-1': 10.15, 'm2-1': 111.0, 'm3-1': 114.32, 'm4-1': 1.05, 'm5-1': 10.34, 'm6-1': 100.95, 'm7-1': 9.71, 'm8-1': 105.41}",4.384500000000003,244.558,inf,247.481,247.481,247.481
386,T4,BESTEFFORT,MISSED,m8-1,97.502,"{'m1-1': 10.86, 'm2-1': 102.5, 'm3-1': 112.12, 'm4-1': 1.08, 'm5-1': 10.44, 'm6-1': 97.88, 'm7-1': 9.43, 'm8-1': 100.59}",9.519000000000005,241.156,inf,247.502,247.502,247.502
387,T4,BESTEFFORT,COMPLETED,m4-1,97.973,"{'m1-1': 10.83, 'm2-1': 103.17, 'm3-1': 115.88, 'm4-1': 1.01, 'm5-1': 10.88, 'm6-1': 102.32, 'm7-1': 9.55, 'm8-1': 106.82}",1.5150000000000001,240.6290000000001,241.6390000000001,inf,247.973,247.973
388,T2,BESTEFFORT,MISSED,m6-1,97.976,"{'m1-1': 11.19, 'm2-1': 108.15, 'm3-1': 102.18, 'm4-1': 1.06, 'm5-1': 10.78, 'm6-1': 106.87, 'm7-1': 10.21, 'm8-1': 98.59}",5.684999999999988,244.186,inf,247.976,247.976,247.976
389,T4,BESTEFFORT,MISSED,m1-1,98.189,"{'m1-1': 10.63, 'm2-1': 112.29, 'm3-1': 99.62, 'm4-1': 0.97, 'm5-1': 9.99, 'm6-1': 109.38, 'm7-1': 10.43, 'm8-1': 96.62}",2.5005000000000024,246.522,inf,248.189,248.189,248.189
390,T4,BESTEFFORT,COMPLETED,m4-1,98.301,"{'m1-1': 9.99, 'm2-1': 110.61, 'm3-1': 99.13, 'm4-1': 1.06, 'm5-1': 11.86, 'm6-1': 95.64, 'm7-1': 9.65, 'm8-1': 95.29}",1.59,241.6390000000001,242.6990000000001,inf,248.301,248.301
391,T3,BESTEFFORT,MISSED,m5-1,98.356,"{'m1-1': 10.88, 'm2-1': 101.72, 'm3-1': 98.21, 'm4-1': 1.07, 'm5-1': 9.85, 'm6-1': 99.56, 'm7-1': 10.42, 'm8-1': 95.71}",1.7294999999999874,247.203,inf,248.356,248.356,248.356
392,T3,BESTEFFORT,MISSED,m7-1,99.425,"{'m1-1': 9.98, 'm2-1': 104.92, 'm3-1': 110.74, 'm4-1': 1.13, 'm5-1': 9.85, 'm6-1': 99.35, 'm7-1': 11.13, 'm8-1': 110.15}",3.315000000000012,247.215,inf,249.425,249.425,249.425
393,T1,BESTEFFORT,COMPLETED,m4-1,99.476,"{'m1-1': 10.97, 'm2-1': 108.19, 'm3-1': 104.12, 'm4-1': 1.03, 'm5-1': 10.26, 'm6-1': 102.64, 'm7-1': 9.98, 'm8-1': 97.91}",1.545,242.6990000000001,243.7290000000001,inf,249.476,249.476
394,T3,BESTEFFORT,MISSED,m2-1,99.798,"{'m1-1': 9.9, 'm2-1': 107.68, 'm3-1': 96.48, 'm4-1': 1.02, 'm5-1': 9.66, 'm6-1': 99.99, 'm7-1': 9.51, 'm8-1': 94.29}",4.798500000000018,246.599,inf,249.798,249.798,249.798
395,T3,BESTEFFORT,MISSED,m3-1,100.435,"{'m1-1': 11.24, 'm2-1': 98.31, 'm3-1': 100.1, 'm4-1': 1.02, 'm5-1': 9.69, 'm6-1': 113.05, 'm7-1': 10.63, 'm8-1': 96.82}",4.431000000000012,247.481,inf,250.435,250.435,250.435
396,T3,BESTEFFORT,MISSED,m8-1,101.367,"{'m1-1': 10.79, 'm2-1': 96.12, 'm3-1': 99.66, 'm4-1': 1.13, 'm5-1': 9.9, 'm6-1': 105.72, 'm7-1': 9.99, 'm8-1': 110.96}",5.797500000000014,247.502,inf,251.36700000000002,251.36700000000002,251.36700000000002
397,T3,BESTEFFORT,COMPLETED,m4-1,101.519,"{'m1-1': 9.77, 'm2-1': 95.72, 'm3-1': 107.96, 'm4-1': 1.04, 'm5-1': 10.14, 'm6-1': 100.84, 'm7-1': 9.53, 'm8-1': 110.4}",1.56,243.7290000000001,244.7690000000001,inf,251.519,251.519
398,T2,BESTEFFORT,MISSED,m1-1,101.808,"{'m1-1': 10.57, 'm2-1': 115.15, 'm3-1': 110.74, 'm4-1': 1.07, 'm5-1': 11.29, 'm6-1': 97.68, 'm7-1': 11.48, 'm8-1': 107.88}",5.4285,248.189,inf,251.808,251.808,251.808
399,T2,BESTEFFORT,MISSED,m6-1,102.094,"{'m1-1': 10.11, 'm2-1': 101.14, 'm3-1': 102.84, 'm4-1': 1.1, 'm5-1': 10.59, 'm6-1': 99.58, 'm7-1': 10.02, 'm8-1': 96.26}",6.1769999999999925,247.976,inf,252.094,252.094,252.094
400,T2,BESTEFFORT,MISSED,m3-1,102.096,"{'m1-1': 9.82, 'm2-1': 105.05, 'm3-1': 113.07, 'm4-1': 1.05, 'm5-1': 11.68, 'm6-1': 113.83, 'm7-1': 11.42, 'm8-1': 100.17}",2.491500000000002,250.435,inf,252.096,252.096,252.096
401,T4,BESTEFFORT,MISSED,m8-1,102.143,"{'m1-1': 9.98, 'm2-1': 97.69, 'm3-1': 104.64, 'm4-1': 0.96, 'm5-1': 10.87, 'm6-1': 108.12, 'm7-1': 10.58, 'm8-1': 102.89}",1.163999999999973,251.36700000000002,inf,252.143,252.143,252.143
402,T2,BESTEFFORT,MISSED,m8-1,102.432,"{'m1-1': 11.0, 'm2-1': 99.97, 'm3-1': 103.0, 'm4-1': 1.07, 'm5-1': 11.4, 'm6-1': 96.15, 'm7-1': 11.66, 'm8-1': 106.11}",0.43350000000002353,252.143,inf,252.43200000000002,252.43200000000002,252.43200000000002
403,T1,BESTEFFORT,MISSED,m5-1,102.93,"{'m1-1': 9.9, 'm2-1': 104.44, 'm3-1': 112.17, 'm4-1': 1.05, 'm5-1': 10.81, 'm6-1': 108.38, 'm7-1': 10.74, 'm8-1': 111.48}",6.861000000000018,248.356,inf,252.93,252.93,252.93
404,T2,BESTEFFORT,COMPLETED,m4-1,103.08,"{'m1-1': 10.41, 'm2-1': 107.16, 'm3-1': 103.19, 'm4-1': 1.09, 'm5-1': 11.43, 'm6-1': 111.61, 'm7-1': 11.0, 'm8-1': 99.19}",1.6350000000000002,244.7690000000001,245.8590000000001,inf,253.07999999999998,253.07999999999998
405,T4,BESTEFFORT,COMPLETED,m4-1,103.571,"{'m1-1': 10.43, 'm2-1': 102.94, 'm3-1': 105.84, 'm4-1': 1.1, 'm5-1': 10.68, 'm6-1': 109.65, 'm7-1': 10.24, 'm8-1': 98.9}",1.6500000000000001,245.8590000000001,246.9590000000001,inf,253.571,253.571
406,T1,BESTEFFORT,MISSED,m2-1,104.242,"{'m1-1': 11.22, 'm2-1': 102.16, 'm3-1': 104.9, 'm4-1': 1.12, 'm5-1': 9.55, 'm6-1': 101.26, 'm7-1': 10.01, 'm8-1': 104.36}",6.666000000000025,249.798,inf,254.24200000000002,254.24200000000002,254.24200000000002
407,T3,BESTEFFORT,MISSED,m7-1,104.288,"{'m1-1': 10.67, 'm2-1': 110.92, 'm3-1': 108.85, 'm4-1': 1.14, 'm5-1': 9.83, 'm6-1': 102.84, 'm7-1': 9.98, 'm8-1': 97.47}",7.294499999999999,249.425,inf,254.288,254.288,254.288
408,T2,BESTEFFORT,COMPLETED,m4-1,104.363,"{'m1-1': 11.02, 'm2-1': 101.34, 'm3-1': 108.39, 'm4-1': 1.03, 'm5-1': 10.18, 'm6-1': 96.35, 'm7-1': 11.56, 'm8-1': 99.58}",1.545,246.9590000000001,247.9890000000001,inf,254.363,254.363
409,T1,BESTEFFORT,MISSED,m6-1,104.517,"{'m1-1': 11.05, 'm2-1': 96.41, 'm3-1': 111.7, 'm4-1': 1.11, 'm5-1': 10.95, 'm6-1': 112.62, 'm7-1': 9.93, 'm8-1': 102.13}",3.6345000000000027,252.094,inf,254.517,254.517,254.517
410,T1,BESTEFFORT,MISSED,m6-1,104.998,"{'m1-1': 10.53, 'm2-1': 106.56, 'm3-1': 112.14, 'm4-1': 0.98, 'm5-1': 9.42, 'm6-1': 98.06, 'm7-1': 9.68, 'm8-1': 110.23}",0.7214999999999918,254.517,inf,254.998,254.998,254.998
411,T2,BESTEFFORT,MISSED,m2-1,105.123,"{'m1-1': 10.17, 'm2-1': 100.21, 'm3-1': 109.43, 'm4-1': 1.06, 'm5-1': 10.32, 'm6-1': 97.68, 'm7-1': 10.68, 'm8-1': 97.69}",1.3214999999999577,254.24200000000002,inf,255.123,255.123,255.123
412,T4,BESTEFFORT,MISSED,m3-1,105.66,"{'m1-1': 11.15, 'm2-1': 114.28, 'm3-1': 113.68, 'm4-1': 0.95, 'm5-1': 10.56, 'm6-1': 104.89, 'm7-1': 9.9, 'm8-1': 95.22}",5.345999999999989,252.096,inf,255.66,255.66,255.66
413,T2,BESTEFFORT,COMPLETED,m4-1,105.693,"{'m1-1': 10.78, 'm2-1': 108.71, 'm3-1': 102.03, 'm4-1': 1.0, 'm5-1': 11.76, 'm6-1': 103.5, 'm7-1': 10.36, 'm8-1': 102.12}",1.5,247.9890000000001,248.9890000000001,inf,255.69299999999998,255.69299999999998
414,T1,BESTEFFORT,MISSED,m1-1,105.776,"{'m1-1': 10.0, 'm2-1': 98.68, 'm3-1': 112.8, 'm4-1': 1.14, 'm5-1': 10.44, 'm6-1': 95.59, 'm7-1': 9.62, 'm8-1': 104.42}",5.952000000000027,251.808,inf,255.776,255.776,255.776
415,T2,BESTEFFORT,COMPLETED,m4-1,106.459,"{'m1-1': 10.94, 'm2-1': 100.97, 'm3-1': 96.87, 'm4-1': 1.08, 'm5-1': 11.92, 'm6-1': 102.39, 'm7-1': 10.5, 'm8-1': 111.95}",1.62,248.9890000000001,250.0690000000001,inf,256.459,256.459
416,T4,BESTEFFORT,MISSED,m5-1,107.042,"{'m1-1': 10.41, 'm2-1': 98.53, 'm3-1': 110.87, 'm4-1': 1.04, 'm5-1': 10.65, 'm6-1': 101.43, 'm7-1': 10.5, 'm8-1': 95.08}",6.168000000000035,252.93,inf,257.04200000000003,257.04200000000003,257.04200000000003
417,T4,BESTEFFORT,MISSED,m7-1,107.048,"{'m1-1': 10.0, 'm2-1': 102.12, 'm3-1': 110.84, 'm4-1': 0.96, 'm5-1': 11.12, 'm6-1': 108.08, 'm7-1': 9.86, 'm8-1': 97.12}",4.139999999999986,254.288,inf,257.048,257.048,257.048
418,T3,BESTEFFORT,MISSED,m1-1,107.426,"{'m1-1': 10.47, 'm2-1': 106.22, 'm3-1': 111.57, 'm4-1': 1.14, 'm5-1': 10.69, 'm6-1': 104.32, 'm7-1': 9.66, 'm8-1': 96.19}",2.474999999999966,255.776,inf,257.426,257.426,257.426
419,T4,BESTEFFORT,MISSED,m2-1,107.877,"{'m1-1': 9.87, 'm2-1': 113.67, 'm3-1': 115.78, 'm4-1': 0.96, 'm5-1': 11.31, 'm6-1': 96.64, 'm7-1': 10.12, 'm8-1': 110.14}",4.131000000000029,255.123,inf,257.877,257.877,257.877
420,T2,BESTEFFORT,COMPLETED,m4-1,107.988,"{'m1-1': 11.08, 'm2-1': 114.23, 'm3-1': 106.19, 'm4-1': 1.12, 'm5-1': 10.53, 'm6-1': 113.4, 'm7-1': 11.48, 'm8-1': 99.71}",1.6800000000000002,250.0690000000001,251.1890000000001,inf,257.988,257.988
421,T1,BESTEFFORT,MISSED,m5-1,108.06,"{'m1-1': 10.7, 'm2-1': 97.95, 'm3-1': 105.26, 'm4-1': 1.01, 'm5-1': 9.53, 'm6-1': 103.25, 'm7-1': 10.67, 'm8-1': 96.56}",1.5269999999999584,257.04200000000003,inf,258.06,258.06,258.06
422,T4,BESTEFFORT,MISSED,m7-1,108.131,"{'m1-1': 10.53, 'm2-1': 98.55, 'm3-1': 97.76, 'm4-1': 0.99, 'm5-1': 10.45, 'm6-1': 110.61, 'm7-1': 10.61, 'm8-1': 112.12}",1.624499999999955,257.048,inf,258.131,258.131,258.131
423,T1,BESTEFFORT,MISSED,m3-1,109.348,"{'m1-1': 11.27, 'm2-1': 98.33, 'm3-1': 113.55, 'm4-1': 1.06, 'm5-1': 9.49, 'm6-1': 98.09, 'm7-1': 9.66, 'm8-1': 111.7}",5.532000000000025,255.66,inf,259.348,259.348,259.348
424,T2,BESTEFFORT,MISSED,m8-1,109.443,"{'m1-1': 9.79, 'm2-1': 111.73, 'm3-1': 112.7, 'm4-1': 1.06, 'm5-1': 10.34, 'm6-1': 101.37, 'm7-1': 11.48, 'm8-1': 104.39}",10.51649999999995,252.43200000000002,inf,259.443,259.443,259.443
425,T1,BESTEFFORT,MISSED,m6-1,109.723,"{'m1-1': 10.95, 'm2-1': 107.09, 'm3-1': 103.19, 'm4-1': 1.12, 'm5-1': 9.64, 'm6-1': 109.96, 'm7-1': 9.85, 'm8-1': 109.69}",7.087500000000034,254.998,inf,259.723,259.723,259.723
426,T3,BESTEFFORT,COMPLETED,m4-1,110.064,"{'m1-1': 9.73, 'm2-1': 96.16, 'm3-1': 104.32, 'm4-1': 1.01, 'm5-1': 11.03, 'm6-1': 101.18, 'm7-1': 10.48, 'm8-1': 111.23}",1.5150000000000001,251.1890000000001,252.1990000000001,inf,260.06399999999996,260.06399999999996
427,T1,BESTEFFORT,MISSED,m1-1,110.123,"{'m1-1': 10.39, 'm2-1': 101.73, 'm3-1': 105.26, 'm4-1': 1.03, 'm5-1': 9.51, 'm6-1': 106.96, 'm7-1': 10.82, 'm8-1': 113.22}",4.045500000000004,257.426,inf,260.123,260.123,260.123
428,T4,BESTEFFORT,MISSED,m5-1,110.878,"{'m1-1': 9.96, 'm2-1': 110.99, 'm3-1': 105.89, 'm4-1': 1.1, 'm5-1': 10.82, 'm6-1': 99.72, 'm7-1': 10.36, 'm8-1': 106.55}",4.226999999999975,258.06,inf,260.878,260.878,260.878
429,T4,BESTEFFORT,COMPLETED,m4-1,110.97,"{'m1-1': 10.65, 'm2-1': 114.0, 'm3-1': 100.05, 'm4-1': 1.05, 'm5-1': 10.6, 'm6-1': 95.22, 'm7-1': 9.43, 'm8-1': 98.57}",1.5750000000000002,252.1990000000001,253.2490000000001,inf,260.97,260.97
430,T3,BESTEFFORT,MISSED,m7-1,111.06,"{'m1-1': 10.72, 'm2-1': 105.11, 'm3-1': 102.85, 'm4-1': 1.12, 'm5-1': 10.83, 'm6-1': 98.9, 'm7-1': 9.84, 'm8-1': 108.01}",4.393500000000046,258.131,inf,261.06,261.06,261.06
431,T4,BESTEFFORT,MISSED,m2-1,111.239,"{'m1-1': 11.19, 'm2-1': 104.34, 'm3-1': 103.31, 'm4-1': 1.04, 'm5-1': 10.4, 'm6-1': 106.69, 'm7-1': 9.34, 'm8-1': 105.4}",5.043000000000035,257.877,inf,261.23900000000003,261.23900000000003,261.23900000000003
432,T2,BESTEFFORT,COMPLETED,m4-1,111.499,"{'m1-1': 10.67, 'm2-1': 102.94, 'm3-1': 103.94, 'm4-1': 1.01, 'm5-1': 10.41, 'm6-1': 111.52, 'm7-1': 11.64, 'm8-1': 98.07}",1.5150000000000001,253.2490000000001,254.2590000000001,inf,261.499,261.499
433,T2,BESTEFFORT,MISSED,m3-1,111.587,"{'m1-1': 11.02, 'm2-1': 116.02, 'm3-1': 103.12, 'm4-1': 1.02, 'm5-1': 11.17, 'm6-1': 100.2, 'm7-1': 10.77, 'm8-1': 109.6}",3.358499999999964,259.348,inf,261.587,261.587,261.587
434,T2,BESTEFFORT,COMPLETED,m4-1,111.765,"{'m1-1': 9.93, 'm2-1': 109.7, 'm3-1': 103.96, 'm4-1': 1.0, 'm5-1': 11.26, 'm6-1': 103.72, 'm7-1': 10.26, 'm8-1': 102.1}",1.5,254.2590000000001,255.2590000000001,inf,261.765,261.765
435,T4,BESTEFFORT,MISSED,m8-1,112.089,"{'m1-1': 10.86, 'm2-1': 103.7, 'm3-1': 100.91, 'm4-1': 1.01, 'm5-1': 11.34, 'm6-1': 96.11, 'm7-1': 9.34, 'm8-1': 101.7}",3.9690000000000225,259.443,inf,262.089,262.089,262.089
436,T2,BESTEFFORT,MISSED,m1-1,113.47,"{'m1-1': 10.66, 'm2-1': 102.44, 'm3-1': 113.26, 'm4-1': 1.08, 'm5-1': 11.91, 'm6-1': 98.17, 'm7-1': 10.16, 'm8-1': 109.75}",5.020500000000055,260.123,inf,263.47,263.47,263.47
437,T2,BESTEFFORT,MISSED,m6-1,113.765,"{'m1-1': 10.24, 'm2-1': 111.32, 'm3-1': 110.03, 'm4-1': 1.0, 'm5-1': 11.61, 'm6-1': 110.43, 'm7-1': 11.65, 'm8-1': 112.54}",6.06299999999996,259.723,inf,263.765,263.765,263.765
438,T4,BESTEFFORT,MISSED,m3-1,113.872,"{'m1-1': 11.05, 'm2-1': 98.6, 'm3-1': 98.21, 'm4-1': 0.97, 'm5-1': 11.79, 'm6-1': 109.66, 'm7-1': 10.24, 'm8-1': 104.56}",3.4275000000000375,261.587,inf,263.872,263.872,263.872
439,T2,BESTEFFORT,MISSED,m8-1,114.315,"{'m1-1': 10.07, 'm2-1': 104.87, 'm3-1': 108.0, 'm4-1': 1.05, 'm5-1': 10.22, 'm6-1': 105.73, 'm7-1': 11.63, 'm8-1': 110.63}",3.3389999999999986,262.089,inf,264.315,264.315,264.315
440,T3,BESTEFFORT,COMPLETED,m4-1,114.369,"{'m1-1': 11.17, 'm2-1': 95.92, 'm3-1': 100.1, 'm4-1': 1.1, 'm5-1': 10.84, 'm6-1': 109.9, 'm7-1': 11.18, 'm8-1': 106.03}",1.6500000000000001,255.2590000000001,256.3590000000001,inf,264.369,264.369
441,T2,BESTEFFORT,MISSED,m8-1,115.026,"{'m1-1': 9.89, 'm2-1': 115.81, 'm3-1': 104.33, 'm4-1': 1.14, 'm5-1': 11.01, 'm6-1': 103.12, 'm7-1': 11.85, 'm8-1': 104.91}",1.066500000000019,264.315,inf,265.026,265.026,265.026
442,T3,BESTEFFORT,MISSED,m5-1,115.075,"{'m1-1': 10.14, 'm2-1': 109.16, 'm3-1': 105.69, 'm4-1': 1.15, 'm5-1': 10.92, 'm6-1': 116.36, 'm7-1': 9.59, 'm8-1': 97.46}",6.295500000000004,260.878,inf,265.075,265.075,265.075
443,T1,BESTEFFORT,COMPLETED,m4-1,115.772,"{'m1-1': 9.95, 'm2-1': 104.22, 'm3-1': 111.96, 'm4-1': 1.03, 'm5-1': 10.92, 'm6-1': 100.36, 'm7-1': 9.45, 'm8-1': 100.03}",1.545,256.3590000000001,257.38900000000007,inf,265.772,265.772
444,T4,BESTEFFORT,MISSED,m2-1,115.9,"{'m1-1': 10.61, 'm2-1': 98.34, 'm3-1': 111.35, 'm4-1': 1.0, 'm5-1': 11.09, 'm6-1': 102.95, 'm7-1': 10.39, 'm8-1': 100.09}",6.991499999999917,261.23900000000003,inf,265.9,265.9,265.9
445,T1,BESTEFFORT,COMPLETED,m4-1,116.002,"{'m1-1': 10.41, 'm2-1': 105.12, 'm3-1': 105.62, 'm4-1': 1.0, 'm5-1': 11.13, 'm6-1': 100.14, 'm7-1': 9.47, 'm8-1': 96.51}",1.5,257.38900000000007,258.38900000000007,inf,266.002,266.002
446,T4,BESTEFFORT,MISSED,m7-1,116.055,"{'m1-1': 10.42, 'm2-1': 97.14, 'm3-1': 115.52, 'm4-1': 1.09, 'm5-1': 11.46, 'm6-1': 98.36, 'm7-1': 9.38, 'm8-1': 110.2}",7.492500000000007,261.06,inf,266.055,266.055,266.055
447,T2,BESTEFFORT,MISSED,m6-1,116.336,"{'m1-1': 11.58, 'm2-1': 100.65, 'm3-1': 104.46, 'm4-1': 1.11, 'm5-1': 11.52, 'm6-1': 101.36, 'm7-1': 10.75, 'm8-1': 104.51}",3.8565000000000396,263.765,inf,266.336,266.336,266.336
448,T1,BESTEFFORT,MISSED,m6-1,116.495,"{'m1-1': 10.92, 'm2-1': 99.8, 'm3-1': 99.44, 'm4-1': 1.14, 'm5-1': 10.52, 'm6-1': 95.12, 'm7-1': 10.51, 'm8-1': 103.99}",0.23849999999998772,266.336,inf,266.495,266.495,266.495
449,T2,BESTEFFORT,MISSED,m2-1,116.534,"{'m1-1': 10.96, 'm2-1': 109.63, 'm3-1': 102.84, 'm4-1': 1.15, 'm5-1': 10.2, 'm6-1': 96.27, 'm7-1': 11.76, 'm8-1': 104.91}",0.9510000000000218,265.9,inf,266.534,266.534,266.534
450,T1,BESTEFFORT,COMPLETED,m4-1,116.668,"{'m1-1': 10.87, 'm2-1': 110.25, 'm3-1': 114.71, 'm4-1': 1.1, 'm5-1': 9.43, 'm6-1': 102.86, 'm7-1': 10.81, 'm8-1': 112.01}",1.6500000000000001,258.38900000000007,259.4890000000001,inf,266.668,266.668
451,T4,BESTEFFORT,MISSED,m3-1,116.684,"{'m1-1': 11.17, 'm2-1': 108.28, 'm3-1': 98.14, 'm4-1': 0.98, 'm5-1': 11.29, 'm6-1': 102.02, 'm7-1': 9.55, 'm8-1': 108.89}",4.2179999999999325,263.872,inf,266.68399999999997,266.68399999999997,266.68399999999997
452,T2,BESTEFFORT,MISSED,m1-1,117.111,"{'m1-1': 11.26, 'm2-1': 104.17, 'm3-1': 96.64, 'm4-1': 1.1, 'm5-1': 11.4, 'm6-1': 102.17, 'm7-1': 11.56, 'm8-1': 104.13}",5.461499999999944,263.47,inf,267.111,267.111,267.111
453,T3,BESTEFFORT,COMPLETED,m4-1,117.324,"{'m1-1': 10.79, 'm2-1': 102.98, 'm3-1': 109.3, 'm4-1': 0.97, 'm5-1': 9.99, 'm6-1': 105.62, 'm7-1': 9.72, 'm8-1': 101.9}",1.455,259.4890000000001,260.4590000000001,inf,267.324,267.324
454,T3,BESTEFFORT,MISSED,m5-1,117.401,"{'m1-1': 10.57, 'm2-1': 94.97, 'm3-1': 96.2, 'm4-1': 1.03, 'm5-1': 9.63, 'm6-1': 104.66, 'm7-1': 10.26, 'm8-1': 111.22}",3.4890000000000327,265.075,inf,267.401,267.401,267.401
455,T1,BESTEFFORT,MISSED,m7-1,117.669,"{'m1-1': 10.8, 'm2-1': 101.35, 'm3-1': 106.54, 'm4-1': 1.07, 'm5-1': 9.94, 'm6-1': 101.81, 'm7-1': 10.65, 'm8-1': 102.31}",2.420999999999964,266.055,inf,267.669,267.669,267.669
456,T2,BESTEFFORT,COMPLETED,m4-1,118.405,"{'m1-1': 11.39, 'm2-1': 110.23, 'm3-1': 101.81, 'm4-1': 1.09, 'm5-1': 11.28, 'm6-1': 96.98, 'm7-1': 11.25, 'm8-1': 104.39}",1.6350000000000002,260.4590000000001,261.5490000000001,inf,268.405,268.405
457,T1,BESTEFFORT,MISSED,m1-1,118.72,"{'m1-1': 10.43, 'm2-1': 98.01, 'm3-1': 98.38, 'm4-1': 1.14, 'm5-1': 10.67, 'm6-1': 102.78, 'm7-1': 9.3, 'm8-1': 100.55}",2.413500000000056,267.111,inf,268.72,268.72,268.72
458,T4,BESTEFFORT,MISSED,m2-1,119.017,"{'m1-1': 9.78, 'm2-1': 98.85, 'm3-1': 98.14, 'm4-1': 0.95, 'm5-1': 11.57, 'm6-1': 96.28, 'm7-1': 9.55, 'm8-1': 109.59}",3.724500000000006,266.534,inf,269.017,269.017,269.017
459,T3,BESTEFFORT,MISSED,m5-1,119.122,"{'m1-1': 11.22, 'm2-1': 110.5, 'm3-1': 111.19, 'm4-1': 1.02, 'm5-1': 10.07, 'm6-1': 110.84, 'm7-1': 9.6, 'm8-1': 94.24}",2.5815000000000055,267.401,inf,269.122,269.122,269.122
460,T1,BESTEFFORT,MISSED,m7-1,120.819,"{'m1-1': 9.55, 'm2-1': 99.45, 'm3-1': 107.1, 'm4-1': 1.12, 'm5-1': 10.66, 'm6-1': 98.65, 'm7-1': 10.03, 'm8-1': 106.03}",4.725000000000051,267.669,inf,270.819,270.819,270.819
461,T4,BESTEFFORT,COMPLETED,m4-1,121.076,"{'m1-1': 10.76, 'm2-1': 115.13, 'm3-1': 113.02, 'm4-1': 1.08, 'm5-1': 11.2, 'm6-1': 102.35, 'm7-1': 10.52, 'm8-1': 102.36}",1.62,261.5490000000001,262.6290000000001,inf,271.076,271.076
462,T1,BESTEFFORT,MISSED,m3-1,121.107,"{'m1-1': 9.64, 'm2-1': 96.69, 'm3-1': 104.46, 'm4-1': 1.06, 'm5-1': 10.57, 'm6-1': 110.73, 'm7-1': 10.3, 'm8-1': 112.74}",6.634500000000003,266.68399999999997,inf,271.10699999999997,271.10699999999997,271.10699999999997
463,T4,BESTEFFORT,MISSED,m8-1,121.255,"{'m1-1': 10.94, 'm2-1': 100.45, 'm3-1': 99.7, 'm4-1': 1.01, 'm5-1': 10.29, 'm6-1': 97.61, 'm7-1': 10.67, 'm8-1': 102.03}",9.343499999999977,265.026,inf,271.255,271.255,271.255
464,T4,BESTEFFORT,COMPLETED,m4-1,121.997,"{'m1-1': 9.91, 'm2-1': 112.38, 'm3-1': 102.71, 'm4-1': 1.02, 'm5-1': 10.48, 'm6-1': 106.74, 'm7-1': 9.49, 'm8-1': 96.35}",1.53,262.6290000000001,263.64900000000006,inf,271.997,271.997
465,T3,BESTEFFORT,MISSED,m6-1,122.002,"{'m1-1': 10.87, 'm2-1': 111.38, 'm3-1': 110.35, 'm4-1': 0.98, 'm5-1': 10.7, 'm6-1': 107.69, 'm7-1': 11.0, 'm8-1': 95.52}",8.260500000000008,266.495,inf,272.002,272.002,272.002
466,T3,BESTEFFORT,MISSED,m1-1,122.27,"{'m1-1': 10.6, 'm2-1': 96.61, 'm3-1': 105.81, 'm4-1': 1.12, 'm5-1': 10.43, 'm6-1': 99.64, 'm7-1': 11.19, 'm8-1': 94.79}",5.324999999999932,268.72,inf,272.27,272.27,272.27
467,T1,BESTEFFORT,COMPLETED,m4-1,123.558,"{'m1-1': 9.95, 'm2-1': 103.94, 'm3-1': 111.53, 'm4-1': 1.05, 'm5-1': 9.91, 'm6-1': 105.45, 'm7-1': 10.58, 'm8-1': 108.03}",1.5750000000000002,263.64900000000006,264.69900000000007,inf,273.558,273.558
468,T4,BESTEFFORT,MISSED,m5-1,123.76,"{'m1-1': 11.33, 'm2-1': 114.22, 'm3-1': 99.86, 'm4-1': 1.08, 'm5-1': 10.53, 'm6-1': 96.16, 'm7-1': 10.64, 'm8-1': 105.85}",6.956999999999965,269.122,inf,273.76,273.76,273.76
469,T4,BESTEFFORT,MISSED,m7-1,124.428,"{'m1-1': 10.05, 'm2-1': 106.48, 'm3-1': 103.0, 'm4-1': 0.96, 'm5-1': 11.68, 'm6-1': 93.88, 'm7-1': 9.62, 'm8-1': 111.26}",5.413499999999971,270.819,inf,274.428,274.428,274.428
470,T4,BESTEFFORT,MISSED,m2-1,124.661,"{'m1-1': 10.94, 'm2-1': 98.58, 'm3-1': 101.0, 'm4-1': 1.0, 'm5-1': 10.73, 'm6-1': 96.11, 'm7-1': 10.97, 'm8-1': 103.49}",8.466000000000008,269.017,inf,274.661,274.661,274.661
471,T4,BESTEFFORT,COMPLETED,m4-1,125.658,"{'m1-1': 10.0, 'm2-1': 112.49, 'm3-1': 115.92, 'm4-1': 1.03, 'm5-1': 11.54, 'm6-1': 98.83, 'm7-1': 9.94, 'm8-1': 96.72}",1.545,264.69900000000007,265.72900000000004,inf,275.658,275.658
472,T4,BESTEFFORT,MISSED,m3-1,126.083,"{'m1-1': 10.58, 'm2-1': 107.37, 'm3-1': 114.59, 'm4-1': 0.94, 'm5-1': 10.62, 'm6-1': 104.14, 'm7-1': 9.54, 'm8-1': 109.1}",7.463999999999999,271.10699999999997,inf,276.08299999999997,276.08299999999997,276.08299999999997
473,T1,BESTEFFORT,MISSED,m8-1,126.736,"{'m1-1': 10.48, 'm2-1': 106.45, 'm3-1': 102.56, 'm4-1': 1.07, 'm5-1': 10.69, 'm6-1': 100.85, 'm7-1': 10.61, 'm8-1': 105.47}",8.221499999999992,271.255,inf,276.736,276.736,276.736
474,T1,BESTEFFORT,COMPLETED,m4-1,127.543,"{'m1-1': 10.53, 'm2-1': 104.52, 'm3-1': 112.71, 'm4-1': 1.02, 'm5-1': 10.42, 'm6-1': 109.69, 'm7-1': 9.67, 'm8-1': 111.91}",1.53,265.72900000000004,266.749,inf,277.543,277.543
475,T4,BESTEFFORT,MISSED,m1-1,127.573,"{'m1-1': 10.51, 'm2-1': 97.15, 'm3-1': 107.32, 'm4-1': 0.95, 'm5-1': 11.82, 'm6-1': 102.35, 'm7-1': 9.9, 'm8-1': 105.72}",7.954499999999996,272.27,inf,277.573,277.573,277.573
476,T4,BESTEFFORT,COMPLETED,m4-1,128.329,"{'m1-1': 10.61, 'm2-1': 98.19, 'm3-1': 100.81, 'm4-1': 0.96, 'm5-1': 11.68, 'm6-1': 101.67, 'm7-1': 10.68, 'm8-1': 110.94}",1.44,266.749,267.709,inf,278.329,278.329
477,T4,BESTEFFORT,MISSED,m6-1,128.829,"{'m1-1': 10.3, 'm2-1': 108.25, 'm3-1': 114.68, 'm4-1': 0.95, 'm5-1': 10.66, 'm6-1': 101.24, 'm7-1': 9.47, 'm8-1': 106.51}",10.240499999999997,272.002,inf,278.829,278.829,278.829
478,T1,BESTEFFORT,MISSED,m3-1,128.896,"{'m1-1': 9.73, 'm2-1': 93.7, 'm3-1': 104.67, 'm4-1': 1.03, 'm5-1': 10.46, 'm6-1': 112.62, 'm7-1': 9.93, 'm8-1': 102.3}",4.219499999999982,276.08299999999997,inf,278.89599999999996,278.89599999999996,278.89599999999996
479,T4,BESTEFFORT,MISSED,m8-1,129.376,"{'m1-1': 10.42, 'm2-1': 99.97, 'm3-1': 102.05, 'm4-1': 1.05, 'm5-1': 10.31, 'm6-1': 96.55, 'm7-1': 10.37, 'm8-1': 112.14}",3.9599999999999795,276.736,inf,279.376,279.376,279.376
480,T4,BESTEFFORT,COMPLETED,m4-1,129.69,"{'m1-1': 11.25, 'm2-1': 101.12, 'm3-1': 115.01, 'm4-1': 1.09, 'm5-1': 10.21, 'm6-1': 97.98, 'm7-1': 10.43, 'm8-1': 97.68}",1.6350000000000002,267.709,268.799,inf,279.69,279.69
481,T4,BESTEFFORT,MISSED,m8-1,130.066,"{'m1-1': 10.08, 'm2-1': 111.28, 'm3-1': 106.01, 'm4-1': 1.03, 'm5-1': 10.47, 'm6-1': 108.9, 'm7-1': 9.91, 'm8-1': 95.57}",1.0350000000000819,279.376,inf,280.06600000000003,280.06600000000003,280.06600000000003
482,T4,BESTEFFORT,MISSED,m5-1,131.206,"{'m1-1': 9.98, 'm2-1': 114.16, 'm3-1': 110.5, 'm4-1': 1.02, 'm5-1': 10.02, 'm6-1': 105.38, 'm7-1': 9.78, 'm8-1': 108.51}",11.16900000000004,273.76,inf,281.206,281.206,281.206
483,T4,BESTEFFORT,COMPLETED,m4-1,131.94,"{'m1-1': 9.68, 'm2-1': 98.95, 'm3-1': 106.83, 'm4-1': 0.96, 'm5-1': 11.46, 'm6-1': 110.84, 'm7-1': 10.11, 'm8-1': 111.59}",1.44,268.799,269.75899999999996,inf,281.94,281.94
484,T4,BESTEFFORT,MISSED,m2-1,131.944,"{'m1-1': 9.72, 'm2-1': 101.18, 'm3-1': 110.03, 'm4-1': 1.05, 'm5-1': 11.29, 'm6-1': 97.77, 'm7-1': 10.3, 'm8-1': 97.64}",10.924499999999938,274.661,inf,281.94399999999996,281.94399999999996,281.94399999999996
485,T1,BESTEFFORT,MISSED,m7-1,133.253,"{'m1-1': 10.63, 'm2-1': 108.84, 'm3-1': 111.57, 'm4-1': 1.01, 'm5-1': 10.32, 'm6-1': 100.17, 'm7-1': 9.23, 'm8-1': 108.4}",13.237499999999983,274.428,inf,283.253,283.253,283.253
486,T1,BESTEFFORT,MISSED,m6-1,133.624,"{'m1-1': 10.7, 'm2-1': 99.39, 'm3-1': 103.11, 'm4-1': 0.97, 'm5-1': 10.06, 'm6-1': 107.69, 'm7-1': 10.11, 'm8-1': 99.74}",7.192500000000024,278.829,inf,283.624,283.624,283.624
487,T4,BESTEFFORT,MISSED,m6-1,134.316,"{'m1-1': 11.35, 'm2-1': 110.44, 'm3-1': 102.37, 'm4-1': 0.95, 'm5-1': 11.49, 'm6-1': 107.49, 'm7-1': 9.55, 'm8-1': 99.32}",1.038000000000011,283.624,inf,284.31600000000003,284.31600000000003,284.31600000000003
488,T1,BESTEFFORT,MISSED,m2-1,134.695,"{'m1-1': 10.98, 'm2-1': 96.34, 'm3-1': 97.47, 'm4-1': 1.0, 'm5-1': 9.51, 'm6-1': 102.68, 'm7-1': 9.51, 'm8-1': 113.06}",4.12650000000005,281.94399999999996,inf,284.695,284.695,284.695
489,T4,BESTEFFORT,MISSED,m3-1,135.279,"{'m1-1': 10.6, 'm2-1': 97.61, 'm3-1': 108.86, 'm4-1': 1.1, 'm5-1': 10.07, 'm6-1': 101.76, 'm7-1': 9.34, 'm8-1': 99.11}",9.574500000000057,278.89599999999996,inf,285.279,285.279,285.279
490,T1,BESTEFFORT,COMPLETED,m4-1,136.328,"{'m1-1': 9.86, 'm2-1': 101.2, 'm3-1': 103.23, 'm4-1': 1.1, 'm5-1': 11.03, 'm6-1': 104.8, 'm7-1': 9.5, 'm8-1': 96.91}",1.6500000000000001,269.75899999999996,270.859,inf,286.328,286.328
491,T4,BESTEFFORT,MISSED,m1-1,136.343,"{'m1-1': 9.68, 'm2-1': 112.29, 'm3-1': 107.72, 'm4-1': 0.99, 'm5-1': 10.26, 'm6-1': 95.42, 'm7-1': 9.99, 'm8-1': 103.09}",13.154999999999973,277.573,inf,286.34299999999996,286.34299999999996,286.34299999999996
492,T1,BESTEFFORT,MISSED,m5-1,136.47,"{'m1-1': 9.63, 'm2-1': 95.94, 'm3-1': 98.01, 'm4-1': 1.09, 'm5-1': 10.03, 'm6-1': 102.59, 'm7-1': 9.82, 'm8-1': 104.14}",7.896000000000015,281.206,inf,286.47,286.47,286.47
493,T1,BESTEFFORT,MISSED,m7-1,136.778,"{'m1-1': 10.26, 'm2-1': 103.24, 'm3-1': 109.76, 'm4-1': 1.1, 'm5-1': 10.88, 'm6-1': 103.52, 'm7-1': 9.81, 'm8-1': 104.76}",5.287500000000051,283.253,inf,286.778,286.778,286.778
494,T4,BESTEFFORT,COMPLETED,m4-1,137.117,"{'m1-1': 11.25, 'm2-1': 111.03, 'm3-1': 108.01, 'm4-1': 1.02, 'm5-1': 11.74, 'm6-1': 104.34, 'm7-1': 9.65, 'm8-1': 96.68}",1.53,270.859,271.87899999999996,inf,287.11699999999996,287.11699999999996
495,T1,BESTEFFORT,MISSED,m1-1,137.184,"{'m1-1': 9.95, 'm2-1': 95.65, 'm3-1': 101.95, 'm4-1': 1.13, 'm5-1': 11.09, 'm6-1': 107.51, 'm7-1': 10.53, 'm8-1': 110.34}",1.2615000000000123,286.34299999999996,inf,287.18399999999997,287.18399999999997,287.18399999999997
496,T1,BESTEFFORT,COMPLETED,m4-1,137.514,"{'m1-1': 10.74, 'm2-1': 110.74, 'm3-1': 102.62, 'm4-1': 1.02, 'm5-1': 9.64, 'm6-1': 98.74, 'm7-1': 9.93, 'm8-1': 97.96}",1.53,271.87899999999996,272.89899999999994,inf,287.514,287.514
497,T1,BESTEFFORT,MISSED,m2-1,138.133,"{'m1-1': 11.12, 'm2-1': 109.49, 'm3-1': 107.1, 'm4-1': 0.97, 'm5-1': 9.8, 'm6-1': 109.09, 'm7-1': 9.58, 'm8-1': 102.06}",5.1570000000000675,284.695,inf,288.13300000000004,288.13300000000004,288.13300000000004
498,T4,BESTEFFORT,MISSED,m5-1,138.524,"{'m1-1': 10.25, 'm2-1': 111.75, 'm3-1': 110.9, 'm4-1': 1.06, 'm5-1': 10.7, 'm6-1': 103.16, 'm7-1': 10.09, 'm8-1': 101.0}",3.0809999999999604,286.47,inf,288.524,288.524,288.524
499,T4,BESTEFFORT,COMPLETED,m4-1,138.885,"{'m1-1': 11.04, 'm2-1': 104.53, 'm3-1': 106.39, 'm4-1': 0.98, 'm5-1': 11.17, 'm6-1': 102.35, 'm7-1': 9.45, 'm8-1': 97.03}",1.47,272.89899999999994,273.87899999999996,inf,288.885,288.885
