id,type,urgency,status,assigned_machine,arrival_time,execution_time,energy_usage,start_time,completion_time,missed_time,deadline,extended_deadline
0,T3,BESTEFFORT,COMPLETED,m2-1,0.021,"{'m1-1': 25.32, 'm2-1': 1.06, 'm3-1': 102.9, 'm4-1': 10.79, 'm5-1': 4.92, 'm6-1': 23.75, 'm7-1': 10.85, 'm8-1': 104.47}",1.59,0.021,1.081,inf,110.021,110.021
1,T1,BESTEFFORT,COMPLETED,m2-1,0.048,"{'m1-1': 27.57, 'm2-1': 1.01, 'm3-1': 112.68, 'm4-1': 9.61, 'm5-1': 5.05, 'm6-1': 26.56, 'm7-1': 11.24, 'm8-1': 106.32}",1.5150000000000001,1.081,2.091,inf,110.048,110.048
2,T7,BESTEFFORT,COMPLETED,m2-1,0.271,"{'m1-1': 24.31, 'm2-1': 1.08, 'm3-1': 105.58, 'm4-1': 11.07, 'm5-1': 5.6, 'm6-1': 24.03, 'm7-1': 10.6, 'm8-1': 109.01}",1.62,2.091,3.1710000000000003,inf,110.271,110.271
3,T8,BESTEFFORT,COMPLETED,m2-1,0.345,"{'m1-1': 23.1, 'm2-1': 1.08, 'm3-1': 113.21, 'm4-1': 9.8, 'm5-1': 5.45, 'm6-1': 29.61, 'm7-1': 10.25, 'm8-1': 107.05}",1.62,3.1710000000000003,4.251,inf,110.345,110.345
4,T5,BESTEFFORT,COMPLETED,m2-1,0.634,"{'m1-1': 23.61, 'm2-1': 1.03, 'm3-1': 115.82, 'm4-1': 10.16, 'm5-1': 5.18, 'm6-1': 24.73, 'm7-1': 11.17, 'm8-1': 116.03}",1.545,4.251,5.281000000000001,inf,110.634,110.634
5,T3,BESTEFFORT,COMPLETED,m2-1,0.644,"{'m1-1': 28.01, 'm2-1': 1.11, 'm3-1': 104.64, 'm4-1': 11.21, 'm5-1': 5.38, 'm6-1': 23.07, 'm7-1': 11.08, 'm8-1': 100.14}",1.665,5.281000000000001,6.391000000000001,inf,110.644,110.644
6,T7,BESTEFFORT,COMPLETED,m2-1,0.716,"{'m1-1': 25.59, 'm2-1': 1.1, 'm3-1': 99.18, 'm4-1': 11.66, 'm5-1': 4.82, 'm6-1': 24.32, 'm7-1': 11.08, 'm8-1': 97.45}",1.6500000000000001,6.391000000000001,7.491000000000001,inf,110.716,110.716
7,T7,BESTEFFORT,COMPLETED,m2-1,0.743,"{'m1-1': 26.44, 'm2-1': 1.11, 'm3-1': 113.95, 'm4-1': 11.43, 'm5-1': 4.79, 'm6-1': 23.61, 'm7-1': 11.25, 'm8-1': 112.68}",1.665,7.491000000000001,8.601,inf,110.743,110.743
8,T8,BESTEFFORT,COMPLETED,m2-1,0.788,"{'m1-1': 23.4, 'm2-1': 1.17, 'm3-1': 114.17, 'm4-1': 10.61, 'm5-1': 5.23, 'm6-1': 27.84, 'm7-1': 9.96, 'm8-1': 110.86}",1.755,8.601,9.771,inf,110.788,110.788
9,T1,BESTEFFORT,COMPLETED,m2-1,0.868,"{'m1-1': 28.24, 'm2-1': 0.93, 'm3-1': 110.9, 'm4-1': 10.7, 'm5-1': 5.37, 'm6-1': 26.76, 'm7-1': 11.55, 'm8-1': 109.16}",1.395,9.771,10.701,inf,110.868,110.868
10,T10,BESTEFFORT,COMPLETED,m2-1,1.04,"{'m1-1': 25.46, 'm2-1': 1.12, 'm3-1': 99.07, 'm4-1': 10.14, 'm5-1': 4.81, 'm6-1': 26.6, 'm7-1': 10.4, 'm8-1': 107.25}",1.6800000000000002,10.701,11.821000000000002,inf,111.04,111.04
11,T2,BESTEFFORT,COMPLETED,m2-1,1.061,"{'m1-1': 29.34, 'm2-1': 1.13, 'm3-1': 101.67, 'm4-1': 10.13, 'm5-1': 4.91, 'm6-1': 25.94, 'm7-1': 10.87, 'm8-1': 102.35}",1.6949999999999998,11.821000000000002,12.951,inf,111.061,111.061
12,T6,BESTEFFORT,COMPLETED,m2-1,1.216,"{'m1-1': 25.09, 'm2-1': 1.0, 'm3-1': 104.85, 'm4-1': 11.79, 'm5-1': 4.96, 'm6-1': 28.9, 'm7-1': 11.32, 'm8-1': 105.44}",1.5,12.951,13.951,inf,111.216,111.216
13,T10,BESTEFFORT,COMPLETED,m2-1,1.483,"{'m1-1': 25.08, 'm2-1': 1.11, 'm3-1': 100.1, 'm4-1': 10.34, 'm5-1': 5.09, 'm6-1': 26.51, 'm7-1': 10.92, 'm8-1': 102.59}",1.665,13.951,15.061,inf,111.483,111.483
14,T3,BESTEFFORT,COMPLETED,m2-1,1.569,"{'m1-1': 26.49, 'm2-1': 0.99, 'm3-1': 106.48, 'm4-1': 9.86, 'm5-1': 5.4, 'm6-1': 26.96, 'm7-1': 10.1, 'm8-1': 110.89}",1.4849999999999999,15.061,16.051,inf,111.569,111.569
15,T10,BESTEFFORT,COMPLETED,m2-1,1.615,"{'m1-1': 24.82, 'm2-1': 1.08, 'm3-1': 98.95, 'm4-1': 10.21, 'm5-1': 4.96, 'm6-1': 25.82, 'm7-1': 11.2, 'm8-1': 99.32}",1.62,16.051,17.131,inf,111.615,111.615
16,T9,BESTEFFORT,COMPLETED,m2-1,1.651,"{'m1-1': 25.43, 'm2-1': 1.06, 'm3-1': 108.71, 'm4-1': 9.88, 'm5-1': 5.57, 'm6-1': 26.69, 'm7-1': 9.94, 'm8-1': 115.71}",1.59,17.131,18.191,inf,111.651,111.651
17,T1,BESTEFFORT,COMPLETED,m2-1,1.689,"{'m1-1': 27.35, 'm2-1': 0.96, 'm3-1': 102.34, 'm4-1': 11.08, 'm5-1': 5.17, 'm6-1': 27.96, 'm7-1': 11.4, 'm8-1': 102.92}",1.44,18.191,19.151,inf,111.689,111.689
18,T7,BESTEFFORT,COMPLETED,m2-1,1.721,"{'m1-1': 26.94, 'm2-1': 0.96, 'm3-1': 96.94, 'm4-1': 11.3, 'm5-1': 5.49, 'm6-1': 26.97, 'm7-1': 10.27, 'm8-1': 108.97}",1.44,19.151,20.111,inf,111.721,111.721
19,T10,BESTEFFORT,COMPLETED,m2-1,1.741,"{'m1-1': 25.02, 'm2-1': 1.12, 'm3-1': 104.59, 'm4-1': 10.28, 'm5-1': 4.9, 'm6-1': 27.23, 'm7-1': 11.6, 'm8-1': 109.42}",1.6800000000000002,20.111,21.231,inf,111.741,111.741
20,T1,BESTEFFORT,COMPLETED,m2-1,2.155,"{'m1-1': 26.52, 'm2-1': 0.96, 'm3-1': 116.94, 'm4-1': 10.03, 'm5-1': 5.34, 'm6-1': 27.64, 'm7-1': 10.3, 'm8-1': 99.42}",1.44,21.231,22.191000000000003,inf,112.155,112.155
21,T4,BESTEFFORT,COMPLETED,m2-1,2.176,"{'m1-1': 23.69, 'm2-1': 1.16, 'm3-1': 98.07, 'm4-1': 11.29, 'm5-1': 5.66, 'm6-1': 25.38, 'm7-1': 10.56, 'm8-1': 109.22}",1.7399999999999998,22.191000000000003,23.351000000000003,inf,112.176,112.176
22,T8,BESTEFFORT,COMPLETED,m2-1,2.234,"{'m1-1': 25.09, 'm2-1': 1.13, 'm3-1': 101.09, 'm4-1': 10.37, 'm5-1': 5.42, 'm6-1': 25.74, 'm7-1': 11.11, 'm8-1': 99.04}",1.6949999999999998,23.351000000000003,24.481,inf,112.234,112.234
23,T8,BESTEFFORT,COMPLETED,m2-1,2.292,"{'m1-1': 27.1, 'm2-1': 1.06, 'm3-1': 107.63, 'm4-1': 9.99, 'm5-1': 5.1, 'm6-1': 28.72, 'm7-1': 11.31, 'm8-1': 110.53}",1.59,24.481,25.541,inf,112.292,112.292
24,T1,BESTEFFORT,COMPLETED,m2-1,2.337,"{'m1-1': 28.08, 'm2-1': 0.93, 'm3-1': 100.95, 'm4-1': 11.37, 'm5-1': 4.9, 'm6-1': 28.79, 'm7-1': 11.83, 'm8-1': 112.08}",1.395,25.541,26.471,inf,112.337,112.337
25,T5,BESTEFFORT,COMPLETED,m2-1,2.393,"{'m1-1': 24.69, 'm2-1': 1.14, 'm3-1': 116.82, 'm4-1': 10.31, 'm5-1': 5.57, 'm6-1': 27.14, 'm7-1': 11.22, 'm8-1': 107.37}",1.71,26.471,27.611,inf,112.393,112.393
26,T2,BESTEFFORT,COMPLETED,m2-1,2.593,"{'m1-1': 27.81, 'm2-1': 0.99, 'm3-1': 109.02, 'm4-1': 10.11, 'm5-1': 5.43, 'm6-1': 25.55, 'm7-1': 10.1, 'm8-1': 115.04}",1.4849999999999999,27.611,28.601,inf,112.593,112.593
27,T6,BESTEFFORT,COMPLETED,m2-1,2.83,"{'m1-1': 24.91, 'm2-1': 0.93, 'm3-1': 112.22, 'm4-1': 11.69, 'm5-1': 5.58, 'm6-1': 27.17, 'm7-1': 10.64, 'm8-1': 95.85}",1.395,28.601,29.531,inf,112.83,112.83
28,T5,BESTEFFORT,COMPLETED,m2-1,2.885,"{'m1-1': 24.56, 'm2-1': 1.04, 'm3-1': 111.23, 'm4-1': 9.24, 'm5-1': 5.36, 'm6-1': 23.55, 'm7-1': 11.56, 'm8-1': 113.28}",1.56,29.531,30.570999999999998,inf,112.885,112.885
29,T5,BESTEFFORT,COMPLETED,m2-1,2.918,"{'m1-1': 27.53, 'm2-1': 1.09, 'm3-1': 103.06, 'm4-1': 9.58, 'm5-1': 4.92, 'm6-1': 27.72, 'm7-1': 10.0, 'm8-1': 101.28}",1.6350000000000002,30.570999999999998,31.660999999999998,inf,112.918,112.918
30,T6,BESTEFFORT,COMPLETED,m2-1,3.031,"{'m1-1': 28.38, 'm2-1': 0.99, 'm3-1': 109.58, 'm4-1': 10.97, 'm5-1': 5.55, 'm6-1': 28.27, 'm7-1': 11.01, 'm8-1': 100.3}",1.4849999999999999,31.660999999999998,32.650999999999996,inf,113.031,113.031
31,T10,BESTEFFORT,COMPLETED,m2-1,3.047,"{'m1-1': 27.03, 'm2-1': 1.0, 'm3-1': 108.23, 'm4-1': 9.45, 'm5-1': 5.62, 'm6-1': 25.83, 'm7-1': 10.54, 'm8-1': 102.63}",1.5,32.650999999999996,33.650999999999996,inf,113.047,113.047
32,T4,BESTEFFORT,COMPLETED,m2-1,3.118,"{'m1-1': 23.14, 'm2-1': 1.1, 'm3-1': 104.62, 'm4-1': 9.82, 'm5-1': 5.78, 'm6-1': 24.47, 'm7-1': 9.26, 'm8-1': 105.22}",1.6500000000000001,33.650999999999996,34.751,inf,113.118,113.118
33,T3,BESTEFFORT,COMPLETED,m2-1,3.125,"{'m1-1': 26.37, 'm2-1': 1.1, 'm3-1': 107.45, 'm4-1': 11.36, 'm5-1': 5.74, 'm6-1': 24.14, 'm7-1': 10.46, 'm8-1': 112.36}",1.6500000000000001,34.751,35.851,inf,113.125,113.125
34,T10,BESTEFFORT,COMPLETED,m2-1,3.139,"{'m1-1': 26.64, 'm2-1': 1.14, 'm3-1': 99.19, 'm4-1': 10.4, 'm5-1': 5.12, 'm6-1': 24.19, 'm7-1': 10.76, 'm8-1': 100.33}",1.71,35.851,36.991,inf,113.139,113.139
35,T8,BESTEFFORT,COMPLETED,m2-1,3.387,"{'m1-1': 24.74, 'm2-1': 1.12, 'm3-1': 107.23, 'm4-1': 10.77, 'm5-1': 5.26, 'm6-1': 26.39, 'm7-1': 11.03, 'm8-1': 115.92}",1.6800000000000002,36.991,38.111,inf,113.387,113.387
36,T10,BESTEFFORT,COMPLETED,m2-1,3.421,"{'m1-1': 26.25, 'm2-1': 1.05, 'm3-1': 98.89, 'm4-1': 10.74, 'm5-1': 5.42, 'm6-1': 25.33, 'm7-1': 11.27, 'm8-1': 102.72}",1.5750000000000002,38.111,39.160999999999994,inf,113.421,113.421
37,T8,BESTEFFORT,COMPLETED,m2-1,3.525,"{'m1-1': 24.72, 'm2-1': 1.1, 'm3-1': 96.43, 'm4-1': 10.56, 'm5-1': 5.53, 'm6-1': 26.32, 'm7-1': 10.26, 'm8-1': 111.08}",1.6500000000000001,39.160999999999994,40.260999999999996,inf,113.525,113.525
38,T9,BESTEFFORT,COMPLETED,m2-1,3.538,"{'m1-1': 25.66, 'm2-1': 0.95, 'm3-1': 111.76, 'm4-1': 10.45, 'm5-1': 5.05, 'm6-1': 28.09, 'm7-1': 9.55, 'm8-1': 106.75}",1.4249999999999998,40.260999999999996,41.211,inf,113.538,113.538
39,T4,BESTEFFORT,COMPLETED,m2-1,3.689,"{'m1-1': 25.53, 'm2-1': 1.05, 'm3-1': 99.0, 'm4-1': 10.56, 'm5-1': 5.9, 'm6-1': 26.78, 'm7-1': 10.84, 'm8-1': 112.5}",1.5750000000000002,41.211,42.260999999999996,inf,113.689,113.689
40,T8,BESTEFFORT,COMPLETED,m2-1,3.701,"{'m1-1': 23.13, 'm2-1': 1.09, 'm3-1': 107.4, 'm4-1': 10.15, 'm5-1': 5.05, 'm6-1': 27.96, 'm7-1': 10.12, 'm8-1': 99.25}",1.6350000000000002,42.260999999999996,43.351,inf,113.701,113.701
41,T1,BESTEFFORT,COMPLETED,m2-1,4.063,"{'m1-1': 28.39, 'm2-1': 1.04, 'm3-1': 101.58, 'm4-1': 9.62, 'm5-1': 5.04, 'm6-1': 24.24, 'm7-1': 11.83, 'm8-1': 108.42}",1.56,43.351,44.391,inf,114.063,114.063
42,T3,BESTEFFORT,COMPLETED,m2-1,4.199,"{'m1-1': 25.3, 'm2-1': 0.96, 'm3-1': 101.16, 'm4-1': 11.27, 'm5-1': 4.89, 'm6-1': 25.72, 'm7-1': 9.62, 'm8-1': 107.55}",1.44,44.391,45.351,inf,114.199,114.199
43,T5,BESTEFFORT,COMPLETED,m2-1,4.241,"{'m1-1': 27.84, 'm2-1': 1.01, 'm3-1': 104.11, 'm4-1': 10.62, 'm5-1': 5.13, 'm6-1': 27.0, 'm7-1': 10.09, 'm8-1': 100.94}",1.5150000000000001,45.351,46.361,inf,114.241,114.241
44,T5,BESTEFFORT,COMPLETED,m2-1,4.291,"{'m1-1': 27.47, 'm2-1': 1.08, 'm3-1': 107.51, 'm4-1': 9.59, 'm5-1': 5.7, 'm6-1': 27.18, 'm7-1': 11.21, 'm8-1': 113.72}",1.62,46.361,47.440999999999995,inf,114.291,114.291
45,T8,BESTEFFORT,COMPLETED,m2-1,4.292,"{'m1-1': 23.24, 'm2-1': 1.0, 'm3-1': 102.87, 'm4-1': 10.24, 'm5-1': 5.66, 'm6-1': 25.12, 'm7-1': 11.36, 'm8-1': 116.46}",1.5,47.440999999999995,48.440999999999995,inf,114.292,114.292
46,T1,BESTEFFORT,COMPLETED,m2-1,4.725,"{'m1-1': 26.56, 'm2-1': 1.06, 'm3-1': 106.48, 'm4-1': 9.9, 'm5-1': 5.14, 'm6-1': 27.7, 'm7-1': 11.28, 'm8-1': 100.54}",1.59,48.440999999999995,49.501,inf,114.725,114.725
47,T1,BESTEFFORT,COMPLETED,m2-1,4.732,"{'m1-1': 25.38, 'm2-1': 1.09, 'm3-1': 112.73, 'm4-1': 10.71, 'm5-1': 5.02, 'm6-1': 25.11, 'm7-1': 11.16, 'm8-1': 114.62}",1.6350000000000002,49.501,50.591,inf,114.732,114.732
48,T9,BESTEFFORT,COMPLETED,m2-1,5.131,"{'m1-1': 26.45, 'm2-1': 1.09, 'm3-1': 107.3, 'm4-1': 9.37, 'm5-1': 5.16, 'm6-1': 26.58, 'm7-1': 9.25, 'm8-1': 99.58}",1.6350000000000002,50.591,51.681000000000004,inf,115.131,115.131
49,T5,BESTEFFORT,COMPLETED,m2-1,5.14,"{'m1-1': 25.33, 'm2-1': 1.03, 'm3-1': 102.03, 'm4-1': 9.27, 'm5-1': 5.74, 'm6-1': 26.03, 'm7-1': 10.45, 'm8-1': 109.4}",1.545,51.681000000000004,52.711000000000006,inf,115.14,115.14
50,T5,BESTEFFORT,COMPLETED,m2-1,5.274,"{'m1-1': 26.74, 'm2-1': 1.09, 'm3-1': 116.42, 'm4-1': 10.34, 'm5-1': 4.93, 'm6-1': 25.69, 'm7-1': 10.17, 'm8-1': 117.57}",1.6350000000000002,52.711000000000006,53.80100000000001,inf,115.274,115.274
51,T10,BESTEFFORT,COMPLETED,m2-1,5.347,"{'m1-1': 24.98, 'm2-1': 1.06, 'm3-1': 99.33, 'm4-1': 10.91, 'm5-1': 5.08, 'm6-1': 24.18, 'm7-1': 11.36, 'm8-1': 105.66}",1.59,53.80100000000001,54.86100000000001,inf,115.347,115.347
52,T9,BESTEFFORT,COMPLETED,m2-1,5.36,"{'m1-1': 25.64, 'm2-1': 0.99, 'm3-1': 103.6, 'm4-1': 9.58, 'm5-1': 5.28, 'm6-1': 24.96, 'm7-1': 9.89, 'm8-1': 102.56}",1.4849999999999999,54.86100000000001,55.85100000000001,inf,115.36,115.36
53,T4,BESTEFFORT,COMPLETED,m2-1,5.467,"{'m1-1': 26.5, 'm2-1': 1.05, 'm3-1': 98.53, 'm4-1': 11.01, 'm5-1': 5.0, 'm6-1': 26.17, 'm7-1': 10.65, 'm8-1': 107.93}",1.5750000000000002,55.85100000000001,56.90100000000001,inf,115.467,115.467
54,T3,BESTEFFORT,COMPLETED,m2-1,5.473,"{'m1-1': 23.91, 'm2-1': 1.06, 'm3-1': 108.49, 'm4-1': 9.82, 'm5-1': 5.63, 'm6-1': 27.38, 'm7-1': 9.99, 'm8-1': 107.62}",1.59,56.90100000000001,57.96100000000001,inf,115.473,115.473
55,T7,BESTEFFORT,COMPLETED,m2-1,5.509,"{'m1-1': 27.71, 'm2-1': 1.02, 'm3-1': 107.6, 'm4-1': 10.75, 'm5-1': 5.59, 'm6-1': 25.84, 'm7-1': 10.26, 'm8-1': 103.98}",1.53,57.96100000000001,58.981000000000016,inf,115.509,115.509
56,T7,BESTEFFORT,COMPLETED,m2-1,5.594,"{'m1-1': 23.93, 'm2-1': 1.09, 'm3-1': 107.79, 'm4-1': 10.38, 'm5-1': 5.03, 'm6-1': 26.76, 'm7-1': 11.1, 'm8-1': 106.93}",1.6350000000000002,58.981000000000016,60.07100000000002,inf,115.594,115.594
57,T9,BESTEFFORT,COMPLETED,m2-1,5.671,"{'m1-1': 25.6, 'm2-1': 1.1, 'm3-1': 100.84, 'm4-1': 10.63, 'm5-1': 5.07, 'm6-1': 25.24, 'm7-1': 9.48, 'm8-1': 105.06}",1.6500000000000001,60.07100000000002,61.17100000000002,inf,115.671,115.671
58,T7,BESTEFFORT,COMPLETED,m2-1,5.719,"{'m1-1': 26.53, 'm2-1': 0.96, 'm3-1': 106.48, 'm4-1': 9.91, 'm5-1': 5.26, 'm6-1': 24.02, 'm7-1': 11.08, 'm8-1': 113.19}",1.44,61.17100000000002,62.13100000000002,inf,115.719,115.719
59,T3,BESTEFFORT,COMPLETED,m2-1,5.795,"{'m1-1': 27.18, 'm2-1': 1.09, 'm3-1': 104.97, 'm4-1': 9.93, 'm5-1': 5.2, 'm6-1': 24.83, 'm7-1': 11.08, 'm8-1': 99.96}",1.6350000000000002,62.13100000000002,63.221000000000025,inf,115.795,115.795
60,T3,BESTEFFORT,COMPLETED,m2-1,5.821,"{'m1-1': 25.39, 'm2-1': 1.02, 'm3-1': 96.43, 'm4-1': 10.0, 'm5-1': 5.57, 'm6-1': 23.21, 'm7-1': 10.94, 'm8-1': 101.75}",1.53,63.221000000000025,64.24100000000003,inf,115.821,115.821
61,T5,BESTEFFORT,COMPLETED,m2-1,5.873,"{'m1-1': 27.76, 'm2-1': 1.15, 'm3-1': 99.42, 'm4-1': 10.68, 'm5-1': 5.59, 'm6-1': 26.9, 'm7-1': 11.45, 'm8-1': 103.37}",1.7249999999999999,64.24100000000003,65.39100000000003,inf,115.873,115.873
62,T4,BESTEFFORT,COMPLETED,m2-1,5.883,"{'m1-1': 27.1, 'm2-1': 1.04, 'm3-1': 108.27, 'm4-1': 10.84, 'm5-1': 5.3, 'm6-1': 26.94, 'm7-1': 10.12, 'm8-1': 111.68}",1.56,65.39100000000003,66.43100000000004,inf,115.883,115.883
63,T8,BESTEFFORT,COMPLETED,m2-1,5.923,"{'m1-1': 23.62, 'm2-1': 1.11, 'm3-1': 105.81, 'm4-1': 9.68, 'm5-1': 5.35, 'm6-1': 25.59, 'm7-1': 10.18, 'm8-1': 113.06}",1.665,66.43100000000004,67.54100000000004,inf,115.923,115.923
64,T2,BESTEFFORT,COMPLETED,m2-1,5.972,"{'m1-1': 28.67, 'm2-1': 1.11, 'm3-1': 100.09, 'm4-1': 10.27, 'm5-1': 5.22, 'm6-1': 24.52, 'm7-1': 11.04, 'm8-1': 111.61}",1.665,67.54100000000004,68.65100000000004,inf,115.972,115.972
65,T9,BESTEFFORT,COMPLETED,m2-1,5.992,"{'m1-1': 24.44, 'm2-1': 1.07, 'm3-1': 113.45, 'm4-1': 10.37, 'm5-1': 5.1, 'm6-1': 25.32, 'm7-1': 10.41, 'm8-1': 113.5}",1.605,68.65100000000004,69.72100000000003,inf,115.992,115.992
66,T8,BESTEFFORT,COMPLETED,m2-1,6.017,"{'m1-1': 24.78, 'm2-1': 1.04, 'm3-1': 98.13, 'm4-1': 10.2, 'm5-1': 5.12, 'm6-1': 27.31, 'm7-1': 11.42, 'm8-1': 98.23}",1.56,69.72100000000003,70.76100000000004,inf,116.017,116.017
67,T9,BESTEFFORT,COMPLETED,m2-1,6.033,"{'m1-1': 25.87, 'm2-1': 1.11, 'm3-1': 116.26, 'm4-1': 9.74, 'm5-1': 5.15, 'm6-1': 25.74, 'm7-1': 10.49, 'm8-1': 111.98}",1.665,70.76100000000004,71.87100000000004,inf,116.033,116.033
68,T8,BESTEFFORT,COMPLETED,m2-1,6.23,"{'m1-1': 24.37, 'm2-1': 1.07, 'm3-1': 112.62, 'm4-1': 10.53, 'm5-1': 5.52, 'm6-1': 26.96, 'm7-1': 11.22, 'm8-1': 111.18}",1.605,71.87100000000004,72.94100000000003,inf,116.23,116.23
69,T9,BESTEFFORT,COMPLETED,m2-1,6.444,"{'m1-1': 24.37, 'm2-1': 1.06, 'm3-1': 115.33, 'm4-1': 9.77, 'm5-1': 5.58, 'm6-1': 27.6, 'm7-1': 10.31, 'm8-1': 100.36}",1.59,72.94100000000003,74.00100000000003,inf,116.444,116.444
70,T4,BESTEFFORT,COMPLETED,m2-1,6.474,"{'m1-1': 25.56, 'm2-1': 1.13, 'm3-1': 111.74, 'm4-1': 10.58, 'm5-1': 5.44, 'm6-1': 26.67, 'm7-1': 10.46, 'm8-1': 112.62}",1.6949999999999998,74.00100000000003,75.13100000000003,inf,116.474,116.474
71,T3,BESTEFFORT,COMPLETED,m2-1,6.616,"{'m1-1': 25.82, 'm2-1': 1.06, 'm3-1': 102.45, 'm4-1': 10.31, 'm5-1': 5.62, 'm6-1': 24.38, 'm7-1': 10.66, 'm8-1': 100.21}",1.59,75.13100000000003,76.19100000000003,inf,116.616,116.616
72,T10,BESTEFFORT,COMPLETED,m2-1,6.652,"{'m1-1': 27.17, 'm2-1': 1.15, 'm3-1': 103.57, 'm4-1': 9.86, 'm5-1': 4.97, 'm6-1': 23.43, 'm7-1': 10.73, 'm8-1': 107.25}",1.7249999999999999,76.19100000000003,77.34100000000004,inf,116.652,116.652
73,T4,BESTEFFORT,COMPLETED,m2-1,6.659,"{'m1-1': 26.59, 'm2-1': 1.06, 'm3-1': 109.61, 'm4-1': 11.42, 'm5-1': 5.12, 'm6-1': 23.9, 'm7-1': 10.3, 'm8-1': 109.59}",1.59,77.34100000000004,78.40100000000004,inf,116.659,116.659
74,T9,BESTEFFORT,COMPLETED,m2-1,6.699,"{'m1-1': 27.24, 'm2-1': 1.09, 'm3-1': 102.44, 'm4-1': 9.41, 'm5-1': 5.25, 'm6-1': 27.25, 'm7-1': 9.77, 'm8-1': 116.55}",1.6350000000000002,78.40100000000004,79.49100000000004,inf,116.699,116.699
75,T10,BESTEFFORT,COMPLETED,m2-1,6.763,"{'m1-1': 24.64, 'm2-1': 1.07, 'm3-1': 98.42, 'm4-1': 10.17, 'm5-1': 5.43, 'm6-1': 26.1, 'm7-1': 10.64, 'm8-1': 104.87}",1.605,79.49100000000004,80.56100000000004,inf,116.763,116.763
76,T4,BESTEFFORT,COMPLETED,m2-1,6.865,"{'m1-1': 23.91, 'm2-1': 1.17, 'm3-1': 107.12, 'm4-1': 10.72, 'm5-1': 5.33, 'm6-1': 26.43, 'm7-1': 10.06, 'm8-1': 112.69}",1.755,80.56100000000004,81.73100000000004,inf,116.865,116.865
77,T8,BESTEFFORT,COMPLETED,m2-1,7.0,"{'m1-1': 25.74, 'm2-1': 1.03, 'm3-1': 110.26, 'm4-1': 9.56, 'm5-1': 5.0, 'm6-1': 28.14, 'm7-1': 10.71, 'm8-1': 99.17}",1.545,81.73100000000004,82.76100000000004,inf,117.0,117.0
78,T2,BESTEFFORT,COMPLETED,m2-1,7.054,"{'m1-1': 25.05, 'm2-1': 1.01, 'm3-1': 105.52, 'm4-1': 9.99, 'm5-1': 5.28, 'm6-1': 26.47, 'm7-1': 10.64, 'm8-1': 104.22}",1.5150000000000001,82.76100000000004,83.77100000000004,inf,117.054,117.054
79,T10,BESTEFFORT,COMPLETED,m2-1,7.074,"{'m1-1': 27.31, 'm2-1': 1.16, 'm3-1': 107.0, 'm4-1': 9.9, 'm5-1': 4.93, 'm6-1': 27.22, 'm7-1': 10.36, 'm8-1': 92.63}",1.7399999999999998,83.77100000000004,84.93100000000004,inf,117.074,117.074
80,T7,BESTEFFORT,COMPLETED,m2-1,7.105,"{'m1-1': 25.24, 'm2-1': 1.05, 'm3-1': 106.09, 'm4-1': 11.05, 'm5-1': 4.89, 'm6-1': 23.81, 'm7-1': 10.7, 'm8-1': 98.61}",1.5750000000000002,84.93100000000004,85.98100000000004,inf,117.105,117.105
81,T8,BESTEFFORT,COMPLETED,m2-1,7.244,"{'m1-1': 25.35, 'm2-1': 1.1, 'm3-1': 108.5, 'm4-1': 9.93, 'm5-1': 4.91, 'm6-1': 29.14, 'm7-1': 11.32, 'm8-1': 106.3}",1.6500000000000001,85.98100000000004,87.08100000000003,inf,117.244,117.244
82,T8,BESTEFFORT,COMPLETED,m2-1,7.26,"{'m1-1': 23.33, 'm2-1': 1.06, 'm3-1': 105.34, 'm4-1': 10.27, 'm5-1': 5.76, 'm6-1': 26.61, 'm7-1': 10.5, 'm8-1': 116.47}",1.59,87.08100000000003,88.14100000000003,inf,117.26,117.26
83,T2,BESTEFFORT,COMPLETED,m2-1,7.302,"{'m1-1': 29.35, 'm2-1': 1.12, 'm3-1': 111.48, 'm4-1': 10.84, 'm5-1': 4.9, 'm6-1': 28.25, 'm7-1': 9.45, 'm8-1': 111.21}",1.6800000000000002,88.14100000000003,89.26100000000004,inf,117.30199999999999,117.30199999999999
84,T1,BESTEFFORT,COMPLETED,m2-1,7.512,"{'m1-1': 28.11, 'm2-1': 0.96, 'm3-1': 105.14, 'm4-1': 10.89, 'm5-1': 4.93, 'm6-1': 25.59, 'm7-1': 11.35, 'm8-1': 101.82}",1.44,89.26100000000004,90.22100000000003,inf,117.512,117.512
85,T2,BESTEFFORT,COMPLETED,m2-1,7.569,"{'m1-1': 24.9, 'm2-1': 1.08, 'm3-1': 111.68, 'm4-1': 10.22, 'm5-1': 5.05, 'm6-1': 25.6, 'm7-1': 10.6, 'm8-1': 110.2}",1.62,90.22100000000003,91.30100000000003,inf,117.569,117.569
86,T7,BESTEFFORT,COMPLETED,m2-1,7.589,"{'m1-1': 26.37, 'm2-1': 0.97, 'm3-1': 106.03, 'm4-1': 11.61, 'm5-1': 5.03, 'm6-1': 26.01, 'm7-1': 9.65, 'm8-1': 110.24}",1.455,91.30100000000003,92.27100000000003,inf,117.589,117.589
87,T1,BESTEFFORT,COMPLETED,m2-1,7.745,"{'m1-1': 26.14, 'm2-1': 0.94, 'm3-1': 100.47, 'm4-1': 9.97, 'm5-1': 5.5, 'm6-1': 28.1, 'm7-1': 11.77, 'm8-1': 114.76}",1.41,92.27100000000003,93.21100000000003,inf,117.745,117.745
88,T10,BESTEFFORT,COMPLETED,m2-1,7.753,"{'m1-1': 25.94, 'm2-1': 1.08, 'm3-1': 108.41, 'm4-1': 9.63, 'm5-1': 5.28, 'm6-1': 25.82, 'm7-1': 10.38, 'm8-1': 104.0}",1.62,93.21100000000003,94.29100000000003,inf,117.753,117.753
89,T5,BESTEFFORT,COMPLETED,m2-1,7.758,"{'m1-1': 26.81, 'm2-1': 1.11, 'm3-1': 116.2, 'm4-1': 9.25, 'm5-1': 5.52, 'm6-1': 27.36, 'm7-1': 10.57, 'm8-1': 105.03}",1.665,94.29100000000003,95.40100000000002,inf,117.758,117.758
90,T4,BESTEFFORT,COMPLETED,m2-1,7.776,"{'m1-1': 23.1, 'm2-1': 1.13, 'm3-1': 110.82, 'm4-1': 11.35, 'm5-1': 5.68, 'm6-1': 25.57, 'm7-1': 9.98, 'm8-1': 109.85}",1.6949999999999998,95.40100000000002,96.53100000000002,inf,117.776,117.776
91,T7,BESTEFFORT,COMPLETED,m2-1,7.822,"{'m1-1': 24.74, 'm2-1': 0.99, 'm3-1': 103.76, 'm4-1': 10.3, 'm5-1': 5.44, 'm6-1': 26.9, 'm7-1': 10.49, 'm8-1': 107.43}",1.4849999999999999,96.53100000000002,97.52100000000002,inf,117.822,117.822
92,T5,BESTEFFORT,COMPLETED,m2-1,7.833,"{'m1-1': 26.74, 'm2-1': 1.14, 'm3-1': 112.07, 'm4-1': 9.3, 'm5-1': 4.99, 'm6-1': 25.15, 'm7-1': 9.87, 'm8-1': 99.95}",1.71,97.52100000000002,98.66100000000002,inf,117.833,117.833
93,T3,BESTEFFORT,COMPLETED,m2-1,7.919,"{'m1-1': 24.86, 'm2-1': 1.1, 'm3-1': 109.14, 'm4-1': 11.43, 'm5-1': 4.97, 'm6-1': 24.01, 'm7-1': 10.97, 'm8-1': 112.17}",1.6500000000000001,98.66100000000002,99.76100000000001,inf,117.919,117.919
94,T7,BESTEFFORT,COMPLETED,m2-1,7.955,"{'m1-1': 24.27, 'm2-1': 1.11, 'm3-1': 97.89, 'm4-1': 11.56, 'm5-1': 5.02, 'm6-1': 26.99, 'm7-1': 9.89, 'm8-1': 111.33}",1.665,99.76100000000001,100.87100000000001,inf,117.955,117.955
95,T6,BESTEFFORT,COMPLETED,m2-1,8.086,"{'m1-1': 27.62, 'm2-1': 0.96, 'm3-1': 102.14, 'm4-1': 11.76, 'm5-1': 4.85, 'm6-1': 26.23, 'm7-1': 10.98, 'm8-1': 106.49}",1.44,100.87100000000001,101.831,inf,118.086,118.086
96,T2,BESTEFFORT,COMPLETED,m2-1,8.192,"{'m1-1': 25.82, 'm2-1': 1.05, 'm3-1': 109.69, 'm4-1': 11.09, 'm5-1': 5.65, 'm6-1': 25.63, 'm7-1': 10.89, 'm8-1': 112.12}",1.5750000000000002,101.831,102.881,inf,118.19200000000001,118.19200000000001
97,T2,BESTEFFORT,COMPLETED,m2-1,8.207,"{'m1-1': 27.95, 'm2-1': 1.12, 'm3-1': 113.75, 'm4-1': 10.25, 'm5-1': 5.74, 'm6-1': 28.23, 'm7-1': 10.27, 'm8-1': 101.86}",1.6800000000000002,102.881,104.001,inf,118.207,118.207
98,T2,BESTEFFORT,COMPLETED,m2-1,8.35,"{'m1-1': 25.85, 'm2-1': 1.01, 'm3-1': 102.62, 'm4-1': 10.26, 'm5-1': 5.54, 'm6-1': 24.51, 'm7-1': 10.55, 'm8-1': 98.62}",1.5150000000000001,104.001,105.01100000000001,inf,118.35,118.35
99,T7,BESTEFFORT,COMPLETED,m2-1,8.591,"{'m1-1': 26.03, 'm2-1': 1.1, 'm3-1': 112.06, 'm4-1': 9.9, 'm5-1': 4.93, 'm6-1': 25.85, 'm7-1': 10.7, 'm8-1': 111.06}",1.6500000000000001,105.01100000000001,106.111,inf,118.591,118.591
100,T8,BESTEFFORT,COMPLETED,m2-1,8.636,"{'m1-1': 25.94, 'm2-1': 1.05, 'm3-1': 103.98, 'm4-1': 10.78, 'm5-1': 5.56, 'm6-1': 27.63, 'm7-1': 10.27, 'm8-1': 101.27}",1.5750000000000002,106.111,107.161,inf,118.636,118.636
101,T7,BESTEFFORT,COMPLETED,m2-1,8.637,"{'m1-1': 25.24, 'm2-1': 1.07, 'm3-1': 102.86, 'm4-1': 11.27, 'm5-1': 5.11, 'm6-1': 26.67, 'm7-1': 9.96, 'm8-1': 102.47}",1.605,107.161,108.231,inf,118.637,118.637
102,T1,BESTEFFORT,COMPLETED,m2-1,8.675,"{'m1-1': 24.74, 'm2-1': 1.03, 'm3-1': 110.9, 'm4-1': 9.87, 'm5-1': 5.08, 'm6-1': 27.65, 'm7-1': 11.08, 'm8-1': 101.33}",1.545,108.231,109.261,inf,118.675,118.675
103,T1,BESTEFFORT,COMPLETED,m2-1,8.86,"{'m1-1': 24.95, 'm2-1': 1.03, 'm3-1': 102.0, 'm4-1': 10.38, 'm5-1': 5.23, 'm6-1': 24.64, 'm7-1': 10.0, 'm8-1': 111.61}",1.545,109.261,110.291,inf,118.86,118.86
104,T1,BESTEFFORT,COMPLETED,m2-1,8.919,"{'m1-1': 25.51, 'm2-1': 1.01, 'm3-1': 102.06, 'm4-1': 10.45, 'm5-1': 5.3, 'm6-1': 27.1, 'm7-1': 10.95, 'm8-1': 108.7}",1.5150000000000001,110.291,111.301,inf,118.919,118.919
105,T1,BESTEFFORT,COMPLETED,m2-1,8.991,"{'m1-1': 27.62, 'm2-1': 1.01, 'm3-1': 108.84, 'm4-1': 11.0, 'm5-1': 5.22, 'm6-1': 24.6, 'm7-1': 10.51, 'm8-1': 108.42}",1.5150000000000001,111.301,112.311,inf,118.991,118.991
106,T6,BESTEFFORT,COMPLETED,m2-1,9.216,"{'m1-1': 26.12, 'm2-1': 0.94, 'm3-1': 104.29, 'm4-1': 10.68, 'm5-1': 5.57, 'm6-1': 25.95, 'm7-1': 9.86, 'm8-1': 95.58}",1.41,112.311,113.251,inf,119.216,119.216
107,T1,BESTEFFORT,COMPLETED,m2-1,9.235,"{'m1-1': 28.24, 'm2-1': 1.06, 'm3-1': 113.39, 'm4-1': 9.88, 'm5-1': 5.19, 'm6-1': 27.6, 'm7-1': 11.7, 'm8-1': 99.32}",1.59,113.251,114.311,inf,119.235,119.235
108,T3,BESTEFFORT,COMPLETED,m2-1,9.318,"{'m1-1': 23.83, 'm2-1': 0.98, 'm3-1': 109.86, 'm4-1': 11.14, 'm5-1': 5.33, 'm6-1': 24.52, 'm7-1': 11.01, 'm8-1': 112.21}",1.47,114.311,115.29100000000001,inf,119.318,119.318
109,T2,BESTEFFORT,COMPLETED,m2-1,9.728,"{'m1-1': 26.11, 'm2-1': 1.08, 'm3-1': 102.99, 'm4-1': 10.79, 'm5-1': 5.18, 'm6-1': 25.82, 'm7-1': 10.64, 'm8-1': 105.01}",1.62,115.29100000000001,116.37100000000001,inf,119.728,119.728
110,T3,BESTEFFORT,COMPLETED,m2-1,9.832,"{'m1-1': 26.9, 'm2-1': 1.09, 'm3-1': 96.2, 'm4-1': 10.69, 'm5-1': 5.71, 'm6-1': 25.95, 'm7-1': 9.88, 'm8-1': 112.5}",1.6350000000000002,116.37100000000001,117.46100000000001,inf,119.832,119.832
111,T4,BESTEFFORT,COMPLETED,m2-1,10.194,"{'m1-1': 26.9, 'm2-1': 1.03, 'm3-1': 96.6, 'm4-1': 10.69, 'm5-1': 5.68, 'm6-1': 24.55, 'm7-1': 10.47, 'm8-1': 105.17}",1.545,117.46100000000001,118.49100000000001,inf,120.194,120.194
112,T5,BESTEFFORT,COMPLETED,m2-1,10.302,"{'m1-1': 27.53, 'm2-1': 1.12, 'm3-1': 114.59, 'm4-1': 9.78, 'm5-1': 4.96, 'm6-1': 26.55, 'm7-1': 10.87, 'm8-1': 110.66}",1.6800000000000002,118.49100000000001,119.61100000000002,inf,120.30199999999999,120.30199999999999
113,T10,BESTEFFORT,MISSED,m2-1,10.323,"{'m1-1': 26.74, 'm2-1': 1.09, 'm3-1': 97.44, 'm4-1': 10.39, 'm5-1': 5.43, 'm6-1': 25.9, 'm7-1': 10.66, 'm8-1': 102.37}",1.0679999999999836,119.61100000000002,inf,120.32300000000001,120.32300000000001,120.32300000000001
114,T6,BESTEFFORT,MISSED,m2-1,10.633,"{'m1-1': 25.6, 'm2-1': 1.07, 'm3-1': 117.63, 'm4-1': 10.1, 'm5-1': 5.55, 'm6-1': 28.6, 'm7-1': 9.8, 'm8-1': 100.3}",0.4649999999999821,120.32300000000001,inf,120.633,120.633,120.633
115,T2,BESTEFFORT,MISSED,m2-1,10.869,"{'m1-1': 27.44, 'm2-1': 1.13, 'm3-1': 111.92, 'm4-1': 10.23, 'm5-1': 5.48, 'm6-1': 25.42, 'm7-1': 10.57, 'm8-1': 104.9}",0.3540000000000063,120.633,inf,120.869,120.869,120.869
116,T5,BESTEFFORT,MISSED,m2-1,11.072,"{'m1-1': 25.28, 'm2-1': 1.18, 'm3-1': 109.26, 'm4-1': 9.78, 'm5-1': 4.85, 'm6-1': 25.31, 'm7-1': 10.22, 'm8-1': 114.88}",0.30450000000000443,120.869,inf,121.072,121.072,121.072
117,T4,BESTEFFORT,MISSED,m2-1,11.135,"{'m1-1': 23.04, 'm2-1': 1.11, 'm3-1': 104.15, 'm4-1': 11.41, 'm5-1': 5.7, 'm6-1': 27.05, 'm7-1': 10.6, 'm8-1': 116.89}",0.09450000000000358,121.072,inf,121.135,121.135,121.135
118,T7,BESTEFFORT,MISSED,m2-1,11.522,"{'m1-1': 26.76, 'm2-1': 0.99, 'm3-1': 102.63, 'm4-1': 10.39, 'm5-1': 5.6, 'm6-1': 27.75, 'm7-1': 10.55, 'm8-1': 110.2}",0.5805000000000007,121.135,inf,121.522,121.522,121.522
119,T2,BESTEFFORT,MISSED,m2-1,11.532,"{'m1-1': 28.52, 'm2-1': 1.03, 'm3-1': 98.94, 'm4-1': 11.21, 'm5-1': 5.54, 'm6-1': 28.4, 'm7-1': 9.96, 'm8-1': 105.05}",0.014999999999986358,121.522,inf,121.532,121.532,121.532
120,T1,BESTEFFORT,MISSED,m2-1,11.581,"{'m1-1': 27.17, 'm2-1': 1.03, 'm3-1': 111.74, 'm4-1': 11.05, 'm5-1': 5.4, 'm6-1': 24.78, 'm7-1': 11.29, 'm8-1': 115.13}",0.07350000000000989,121.532,inf,121.581,121.581,121.581
121,T10,BESTEFFORT,MISSED,m2-1,12.205,"{'m1-1': 28.16, 'm2-1': 1.12, 'm3-1': 98.89, 'm4-1': 9.9, 'm5-1': 5.5, 'm6-1': 26.76, 'm7-1': 11.26, 'm8-1': 98.01}",0.9359999999999928,121.581,inf,122.205,122.205,122.205
122,T2,BESTEFFORT,MISSED,m2-1,12.317,"{'m1-1': 28.04, 'm2-1': 1.05, 'm3-1': 111.49, 'm4-1': 11.01, 'm5-1': 5.44, 'm6-1': 24.37, 'm7-1': 10.34, 'm8-1': 109.7}",0.16800000000001347,122.205,inf,122.31700000000001,122.31700000000001,122.31700000000001
123,T7,BESTEFFORT,MISSED,m2-1,12.379,"{'m1-1': 26.63, 'm2-1': 1.0, 'm3-1': 114.15, 'm4-1': 11.32, 'm5-1': 4.91, 'm6-1': 24.4, 'm7-1': 9.76, 'm8-1': 103.84}",0.09299999999999642,122.31700000000001,inf,122.379,122.379,122.379
124,T2,BESTEFFORT,MISSED,m2-1,12.399,"{'m1-1': 27.22, 'm2-1': 1.13, 'm3-1': 97.5, 'm4-1': 10.59, 'm5-1': 4.87, 'm6-1': 28.33, 'm7-1': 9.7, 'm8-1': 116.25}",0.02999999999999403,122.379,inf,122.399,122.399,122.399
125,T9,BESTEFFORT,MISSED,m2-1,12.469,"{'m1-1': 26.6, 'm2-1': 1.03, 'm3-1': 115.74, 'm4-1': 10.62, 'm5-1': 5.46, 'm6-1': 29.4, 'm7-1': 9.69, 'm8-1': 114.53}",0.10499999999998977,122.399,inf,122.469,122.469,122.469
126,T5,BESTEFFORT,MISSED,m2-1,12.508,"{'m1-1': 24.89, 'm2-1': 1.14, 'm3-1': 101.52, 'm4-1': 9.42, 'm5-1': 5.1, 'm6-1': 27.48, 'm7-1': 11.34, 'm8-1': 112.23}",0.05850000000000222,122.469,inf,122.508,122.508,122.508
127,T7,BESTEFFORT,MISSED,m2-1,12.553,"{'m1-1': 23.79, 'm2-1': 1.1, 'm3-1': 112.52, 'm4-1': 11.12, 'm5-1': 4.89, 'm6-1': 27.25, 'm7-1': 10.34, 'm8-1': 100.32}",0.06750000000000256,122.508,inf,122.553,122.553,122.553
128,T6,BESTEFFORT,MISSED,m2-1,12.639,"{'m1-1': 27.2, 'm2-1': 1.0, 'm3-1': 106.47, 'm4-1': 11.39, 'm5-1': 5.1, 'm6-1': 28.4, 'm7-1': 10.08, 'm8-1': 106.16}",0.12899999999999778,122.553,inf,122.639,122.639,122.639
129,T6,BESTEFFORT,MISSED,m2-1,12.726,"{'m1-1': 25.38, 'm2-1': 0.98, 'm3-1': 99.49, 'm4-1': 11.53, 'm5-1': 5.01, 'm6-1': 26.6, 'm7-1': 11.34, 'm8-1': 94.66}",0.13050000000000495,122.639,inf,122.726,122.726,122.726
130,T6,BESTEFFORT,MISSED,m2-1,12.776,"{'m1-1': 25.22, 'm2-1': 0.95, 'm3-1': 105.76, 'm4-1': 11.57, 'm5-1': 4.8, 'm6-1': 29.3, 'm7-1': 10.17, 'm8-1': 105.98}",0.07499999999999574,122.726,inf,122.776,122.776,122.776
131,T10,BESTEFFORT,MISSED,m2-1,12.921,"{'m1-1': 23.85, 'm2-1': 1.09, 'm3-1': 110.3, 'm4-1': 9.63, 'm5-1': 5.58, 'm6-1': 25.56, 'm7-1': 10.52, 'm8-1': 107.62}",0.21749999999999403,122.776,inf,122.92099999999999,122.92099999999999,122.92099999999999
132,T4,BESTEFFORT,MISSED,m2-1,12.989,"{'m1-1': 24.02, 'm2-1': 1.12, 'm3-1': 107.06, 'm4-1': 11.23, 'm5-1': 5.4, 'm6-1': 24.81, 'm7-1': 10.44, 'm8-1': 106.95}",0.10200000000001808,122.92099999999999,inf,122.989,122.989,122.989
133,T5,BESTEFFORT,MISSED,m2-1,13.144,"{'m1-1': 27.71, 'm2-1': 1.16, 'm3-1': 114.63, 'm4-1': 10.02, 'm5-1': 4.99, 'm6-1': 23.7, 'm7-1': 10.29, 'm8-1': 100.1}",0.2325000000000017,122.989,inf,123.144,123.144,123.144
134,T3,BESTEFFORT,MISSED,m2-1,13.201,"{'m1-1': 24.24, 'm2-1': 0.96, 'm3-1': 94.44, 'm4-1': 10.02, 'm5-1': 5.64, 'm6-1': 25.49, 'm7-1': 9.57, 'm8-1': 105.0}",0.08549999999998192,123.144,inf,123.201,123.201,123.201
135,T2,BESTEFFORT,MISSED,m2-1,13.312,"{'m1-1': 28.25, 'm2-1': 1.05, 'm3-1': 107.71, 'm4-1': 10.93, 'm5-1': 5.19, 'm6-1': 27.54, 'm7-1': 11.14, 'm8-1': 112.27}",0.1665000000000063,123.201,inf,123.312,123.312,123.312
136,T2,BESTEFFORT,MISSED,m2-1,13.321,"{'m1-1': 28.81, 'm2-1': 1.05, 'm3-1': 102.99, 'm4-1': 9.65, 'm5-1': 5.19, 'm6-1': 26.96, 'm7-1': 10.58, 'm8-1': 99.03}",0.013500000000000512,123.312,inf,123.321,123.321,123.321
137,T10,BESTEFFORT,MISSED,m2-1,13.35,"{'m1-1': 24.19, 'm2-1': 1.04, 'm3-1': 104.05, 'm4-1': 9.73, 'm5-1': 4.92, 'm6-1': 26.74, 'm7-1': 10.24, 'm8-1': 104.43}",0.04349999999999454,123.321,inf,123.35,123.35,123.35
138,T2,BESTEFFORT,MISSED,m2-1,13.38,"{'m1-1': 26.56, 'm2-1': 1.13, 'm3-1': 100.21, 'm4-1': 10.89, 'm5-1': 5.74, 'm6-1': 25.16, 'm7-1': 10.84, 'm8-1': 100.61}",0.045000000000001705,123.35,inf,123.38,123.38,123.38
139,T9,BESTEFFORT,MISSED,m2-1,13.407,"{'m1-1': 24.72, 'm2-1': 1.04, 'm3-1': 113.74, 'm4-1': 10.62, 'm5-1': 5.59, 'm6-1': 26.04, 'm7-1': 9.67, 'm8-1': 114.33}",0.040500000000001535,123.38,inf,123.407,123.407,123.407
140,T4,BESTEFFORT,MISSED,m2-1,13.432,"{'m1-1': 26.38, 'm2-1': 1.08, 'm3-1': 99.89, 'm4-1': 11.28, 'm5-1': 5.16, 'm6-1': 25.04, 'm7-1': 9.94, 'm8-1': 110.08}",0.037500000000008527,123.407,inf,123.432,123.432,123.432
141,T1,BESTEFFORT,MISSED,m2-1,13.44,"{'m1-1': 25.14, 'm2-1': 1.06, 'm3-1': 101.89, 'm4-1': 9.73, 'm5-1': 5.78, 'm6-1': 24.55, 'm7-1': 10.09, 'm8-1': 114.47}",0.01199999999999335,123.432,inf,123.44,123.44,123.44
142,T10,BESTEFFORT,MISSED,m2-1,13.691,"{'m1-1': 27.19, 'm2-1': 1.01, 'm3-1': 101.03, 'm4-1': 10.63, 'm5-1': 5.03, 'm6-1': 23.62, 'm7-1': 10.04, 'm8-1': 100.77}",0.37650000000000716,123.44,inf,123.691,123.691,123.691
143,T1,BESTEFFORT,MISSED,m2-1,13.729,"{'m1-1': 26.32, 'm2-1': 0.93, 'm3-1': 100.95, 'm4-1': 11.07, 'm5-1': 4.97, 'm6-1': 27.87, 'm7-1': 10.9, 'm8-1': 103.65}",0.056999999999995055,123.691,inf,123.729,123.729,123.729
144,T1,BESTEFFORT,MISSED,m2-1,13.742,"{'m1-1': 27.29, 'm2-1': 0.99, 'm3-1': 109.52, 'm4-1': 11.38, 'm5-1': 5.56, 'm6-1': 24.38, 'm7-1': 11.0, 'm8-1': 105.21}",0.019500000000007844,123.729,inf,123.742,123.742,123.742
145,T1,BESTEFFORT,MISSED,m2-1,13.854,"{'m1-1': 26.22, 'm2-1': 1.01, 'm3-1': 102.34, 'm4-1': 10.37, 'm5-1': 5.72, 'm6-1': 28.77, 'm7-1': 10.11, 'm8-1': 98.23}",0.16799999999999216,123.742,inf,123.854,123.854,123.854
146,T2,BESTEFFORT,MISSED,m2-1,14.02,"{'m1-1': 26.76, 'm2-1': 0.97, 'm3-1': 104.49, 'm4-1': 10.81, 'm5-1': 5.05, 'm6-1': 24.24, 'm7-1': 10.12, 'm8-1': 100.86}",0.24899999999999523,123.854,inf,124.02,124.02,124.02
147,T4,BESTEFFORT,MISSED,m2-1,14.097,"{'m1-1': 25.16, 'm2-1': 1.04, 'm3-1': 97.33, 'm4-1': 10.39, 'm5-1': 5.75, 'm6-1': 24.32, 'm7-1': 10.03, 'm8-1': 106.56}",0.11549999999999727,124.02,inf,124.097,124.097,124.097
148,T2,BESTEFFORT,MISSED,m2-1,14.291,"{'m1-1': 25.3, 'm2-1': 1.02, 'm3-1': 103.96, 'm4-1': 10.09, 'm5-1': 5.03, 'm6-1': 25.77, 'm7-1': 9.49, 'm8-1': 116.3}",0.2910000000000039,124.097,inf,124.291,124.291,124.291
149,T7,BESTEFFORT,MISSED,m2-1,14.303,"{'m1-1': 24.6, 'm2-1': 0.99, 'm3-1': 97.77, 'm4-1': 11.41, 'm5-1': 5.38, 'm6-1': 25.71, 'm7-1': 10.62, 'm8-1': 103.13}",0.018000000000000682,124.291,inf,124.303,124.303,124.303
150,T9,BESTEFFORT,MISSED,m2-1,14.507,"{'m1-1': 25.28, 'm2-1': 1.09, 'm3-1': 112.9, 'm4-1': 10.91, 'm5-1': 5.27, 'm6-1': 28.49, 'm7-1': 10.68, 'm8-1': 109.42}",0.3060000000000116,124.303,inf,124.507,124.507,124.507
151,T2,BESTEFFORT,MISSED,m2-1,14.574,"{'m1-1': 26.95, 'm2-1': 1.12, 'm3-1': 112.21, 'm4-1': 10.6, 'm5-1': 4.86, 'm6-1': 27.34, 'm7-1': 11.06, 'm8-1': 113.98}",0.1004999999999896,124.507,inf,124.574,124.574,124.574
152,T9,BESTEFFORT,MISSED,m2-1,14.766,"{'m1-1': 24.75, 'm2-1': 1.05, 'm3-1': 108.1, 'm4-1': 9.68, 'm5-1': 5.63, 'm6-1': 27.98, 'm7-1': 9.24, 'm8-1': 108.06}",0.2880000000000109,124.574,inf,124.766,124.766,124.766
153,T2,BESTEFFORT,MISSED,m2-1,14.894,"{'m1-1': 26.46, 'm2-1': 1.04, 'm3-1': 106.74, 'm4-1': 10.82, 'm5-1': 5.19, 'm6-1': 26.97, 'm7-1': 10.72, 'm8-1': 107.87}",0.19200000000000017,124.766,inf,124.894,124.894,124.894
154,T6,BESTEFFORT,MISSED,m2-1,15.213,"{'m1-1': 26.3, 'm2-1': 1.09, 'm3-1': 100.98, 'm4-1': 11.82, 'm5-1': 5.5, 'm6-1': 26.2, 'm7-1': 10.53, 'm8-1': 108.93}",0.4784999999999826,124.894,inf,125.213,125.213,125.213
155,T3,BESTEFFORT,MISSED,m2-1,15.286,"{'m1-1': 27.26, 'm2-1': 1.07, 'm3-1': 100.54, 'm4-1': 11.32, 'm5-1': 5.16, 'm6-1': 24.3, 'm7-1': 10.75, 'm8-1': 113.42}",0.10950000000001125,125.213,inf,125.286,125.286,125.286
156,T4,BESTEFFORT,MISSED,m2-1,15.358,"{'m1-1': 27.14, 'm2-1': 1.01, 'm3-1': 111.78, 'm4-1': 11.02, 'm5-1': 5.78, 'm6-1': 24.85, 'm7-1': 10.76, 'm8-1': 103.53}",0.10800000000000409,125.286,inf,125.358,125.358,125.358
157,T8,BESTEFFORT,MISSED,m2-1,15.473,"{'m1-1': 26.65, 'm2-1': 1.06, 'm3-1': 101.21, 'm4-1': 9.42, 'm5-1': 4.9, 'm6-1': 27.25, 'm7-1': 10.14, 'm8-1': 99.1}",0.17249999999999233,125.358,inf,125.473,125.473,125.473
158,T3,BESTEFFORT,MISSED,m2-1,15.476,"{'m1-1': 27.55, 'm2-1': 1.06, 'm3-1': 108.8, 'm4-1': 10.78, 'm5-1': 5.0, 'm6-1': 25.52, 'm7-1': 10.66, 'm8-1': 105.62}",0.0045000000000001705,125.473,inf,125.476,125.476,125.476
159,T5,BESTEFFORT,MISSED,m2-1,15.479,"{'m1-1': 24.84, 'm2-1': 1.06, 'm3-1': 105.78, 'm4-1': 9.56, 'm5-1': 5.4, 'm6-1': 24.81, 'm7-1': 9.86, 'm8-1': 115.16}",0.0045000000000001705,125.476,inf,125.479,125.479,125.479
160,T10,BESTEFFORT,MISSED,m2-1,15.648,"{'m1-1': 27.2, 'm2-1': 1.15, 'm3-1': 98.57, 'm4-1': 9.29, 'm5-1': 4.93, 'm6-1': 23.9, 'm7-1': 11.04, 'm8-1': 104.23}",0.2534999999999954,125.479,inf,125.648,125.648,125.648
161,T1,BESTEFFORT,MISSED,m2-1,15.691,"{'m1-1': 25.8, 'm2-1': 1.03, 'm3-1': 101.36, 'm4-1': 10.39, 'm5-1': 4.96, 'm6-1': 25.22, 'm7-1': 11.01, 'm8-1': 103.06}",0.06450000000000955,125.648,inf,125.691,125.691,125.691
162,T10,BESTEFFORT,MISSED,m2-1,15.746,"{'m1-1': 26.25, 'm2-1': 1.15, 'm3-1': 109.74, 'm4-1': 9.33, 'm5-1': 5.13, 'm6-1': 23.48, 'm7-1': 10.71, 'm8-1': 94.78}",0.08249999999998892,125.691,inf,125.746,125.746,125.746
163,T5,BESTEFFORT,MISSED,m2-1,15.927,"{'m1-1': 24.66, 'm2-1': 1.09, 'm3-1': 108.38, 'm4-1': 9.64, 'm5-1': 5.35, 'm6-1': 25.7, 'm7-1': 9.82, 'm8-1': 101.28}",0.2714999999999961,125.746,inf,125.92699999999999,125.92699999999999,125.92699999999999
164,T9,BESTEFFORT,MISSED,m2-1,15.948,"{'m1-1': 24.32, 'm2-1': 1.05, 'm3-1': 114.75, 'm4-1': 9.6, 'm5-1': 5.5, 'm6-1': 27.86, 'm7-1': 9.3, 'm8-1': 114.47}",0.03150000000002251,125.92699999999999,inf,125.94800000000001,125.94800000000001,125.94800000000001
165,T2,BESTEFFORT,MISSED,m2-1,16.056,"{'m1-1': 27.77, 'm2-1': 1.06, 'm3-1': 97.17, 'm4-1': 9.71, 'm5-1': 5.53, 'm6-1': 24.48, 'm7-1': 9.47, 'm8-1': 115.46}",0.16199999999998482,125.94800000000001,inf,126.056,126.056,126.056
166,T9,BESTEFFORT,MISSED,m2-1,16.098,"{'m1-1': 23.37, 'm2-1': 1.06, 'm3-1': 102.58, 'm4-1': 10.99, 'm5-1': 5.4, 'm6-1': 26.4, 'm7-1': 9.25, 'm8-1': 106.85}",0.06300000000000239,126.056,inf,126.098,126.098,126.098
167,T9,BESTEFFORT,MISSED,m2-1,16.108,"{'m1-1': 24.57, 'm2-1': 1.09, 'm3-1': 108.66, 'm4-1': 10.0, 'm5-1': 5.33, 'm6-1': 24.97, 'm7-1': 9.4, 'm8-1': 102.56}",0.015000000000007674,126.098,inf,126.108,126.108,126.108
168,T7,BESTEFFORT,MISSED,m2-1,16.146,"{'m1-1': 27.36, 'm2-1': 1.08, 'm3-1': 111.18, 'm4-1': 10.7, 'm5-1': 5.18, 'm6-1': 23.86, 'm7-1': 10.27, 'm8-1': 99.43}",0.056999999999995055,126.108,inf,126.146,126.146,126.146
169,T5,BESTEFFORT,MISSED,m2-1,16.167,"{'m1-1': 27.55, 'm2-1': 1.13, 'm3-1': 108.31, 'm4-1': 9.55, 'm5-1': 5.31, 'm6-1': 23.53, 'm7-1': 10.21, 'm8-1': 117.41}",0.031500000000001194,126.146,inf,126.167,126.167,126.167
170,T6,BESTEFFORT,MISSED,m2-1,16.188,"{'m1-1': 25.6, 'm2-1': 0.94, 'm3-1': 110.52, 'm4-1': 10.48, 'm5-1': 5.62, 'm6-1': 29.2, 'm7-1': 10.76, 'm8-1': 105.58}",0.031500000000001194,126.167,inf,126.188,126.188,126.188
171,T1,BESTEFFORT,MISSED,m2-1,16.415,"{'m1-1': 24.47, 'm2-1': 1.03, 'm3-1': 117.76, 'm4-1': 9.79, 'm5-1': 5.1, 'm6-1': 26.28, 'm7-1': 10.06, 'm8-1': 105.43}",0.3404999999999845,126.188,inf,126.41499999999999,126.41499999999999,126.41499999999999
172,T4,BESTEFFORT,MISSED,m2-1,16.5,"{'m1-1': 25.4, 'm2-1': 1.05, 'm3-1': 103.49, 'm4-1': 10.22, 'm5-1': 5.91, 'm6-1': 26.91, 'm7-1': 10.12, 'm8-1': 104.36}",0.12750000000001194,126.41499999999999,inf,126.5,126.5,126.5
173,T2,BESTEFFORT,MISSED,m2-1,16.504,"{'m1-1': 28.84, 'm2-1': 1.0, 'm3-1': 98.82, 'm4-1': 9.51, 'm5-1': 5.04, 'm6-1': 24.92, 'm7-1': 10.27, 'm8-1': 110.42}",0.006000000000007333,126.5,inf,126.504,126.504,126.504
174,T6,BESTEFFORT,MISSED,m2-1,16.536,"{'m1-1': 27.47, 'm2-1': 0.99, 'm3-1': 113.38, 'm4-1': 11.16, 'm5-1': 5.24, 'm6-1': 26.94, 'm7-1': 10.46, 'm8-1': 108.84}",0.047999999999994714,126.504,inf,126.536,126.536,126.536
175,T9,BESTEFFORT,MISSED,m2-1,16.743,"{'m1-1': 24.75, 'm2-1': 1.03, 'm3-1': 110.46, 'm4-1': 9.65, 'm5-1': 5.32, 'm6-1': 27.3, 'm7-1': 10.7, 'm8-1': 113.47}",0.31049999999999045,126.536,inf,126.743,126.743,126.743
176,T4,BESTEFFORT,MISSED,m2-1,16.951,"{'m1-1': 25.59, 'm2-1': 1.13, 'm3-1': 100.48, 'm4-1': 10.77, 'm5-1': 5.52, 'm6-1': 24.71, 'm7-1': 9.45, 'm8-1': 115.49}",0.3119999999999976,126.743,inf,126.951,126.951,126.951
177,T4,BESTEFFORT,MISSED,m2-1,17.031,"{'m1-1': 24.2, 'm2-1': 1.08, 'm3-1': 106.72, 'm4-1': 11.5, 'm5-1': 5.42, 'm6-1': 27.25, 'm7-1': 10.28, 'm8-1': 110.82}",0.12000000000001876,126.951,inf,127.031,127.031,127.031
178,T4,BESTEFFORT,MISSED,m2-1,17.081,"{'m1-1': 24.05, 'm2-1': 1.05, 'm3-1': 110.84, 'm4-1': 9.87, 'm5-1': 5.26, 'm6-1': 25.24, 'm7-1': 9.42, 'm8-1': 103.59}",0.07499999999999574,127.031,inf,127.081,127.081,127.081
179,T3,BESTEFFORT,MISSED,m2-1,17.084,"{'m1-1': 25.15, 'm2-1': 1.05, 'm3-1': 96.46, 'm4-1': 10.71, 'm5-1': 5.48, 'm6-1': 25.12, 'm7-1': 10.54, 'm8-1': 99.02}",0.0045000000000001705,127.081,inf,127.084,127.084,127.084
180,T9,BESTEFFORT,MISSED,m2-1,17.14,"{'m1-1': 24.55, 'm2-1': 0.95, 'm3-1': 100.86, 'm4-1': 9.52, 'm5-1': 5.15, 'm6-1': 25.84, 'm7-1': 9.8, 'm8-1': 105.61}",0.08399999999999608,127.084,inf,127.14,127.14,127.14
181,T8,BESTEFFORT,MISSED,m2-1,17.152,"{'m1-1': 26.54, 'm2-1': 1.06, 'm3-1': 105.29, 'm4-1': 9.34, 'm5-1': 5.0, 'm6-1': 28.55, 'm7-1': 10.72, 'm8-1': 100.09}",0.018000000000000682,127.14,inf,127.152,127.152,127.152
182,T3,BESTEFFORT,MISSED,m2-1,17.283,"{'m1-1': 25.97, 'm2-1': 0.96, 'm3-1': 101.45, 'm4-1': 10.14, 'm5-1': 5.5, 'm6-1': 27.2, 'm7-1': 10.28, 'm8-1': 101.41}",0.19650000000000034,127.152,inf,127.283,127.283,127.283
183,T2,BESTEFFORT,MISSED,m2-1,17.289,"{'m1-1': 24.85, 'm2-1': 1.13, 'm3-1': 104.61, 'm4-1': 10.48, 'm5-1': 5.43, 'm6-1': 25.59, 'm7-1': 10.89, 'm8-1': 113.99}",0.009000000000000341,127.283,inf,127.289,127.289,127.289
184,T3,BESTEFFORT,MISSED,m2-1,17.312,"{'m1-1': 24.88, 'm2-1': 1.0, 'm3-1': 107.4, 'm4-1': 10.66, 'm5-1': 5.16, 'm6-1': 24.55, 'm7-1': 11.25, 'm8-1': 102.92}",0.0344999999999942,127.289,inf,127.312,127.312,127.312
185,T2,BESTEFFORT,MISSED,m2-1,17.402,"{'m1-1': 25.8, 'm2-1': 1.08, 'm3-1': 105.42, 'm4-1': 11.22, 'm5-1': 5.39, 'm6-1': 24.61, 'm7-1': 10.04, 'm8-1': 105.52}",0.13500000000000512,127.312,inf,127.402,127.402,127.402
186,T1,BESTEFFORT,MISSED,m2-1,17.551,"{'m1-1': 26.15, 'm2-1': 1.06, 'm3-1': 102.02, 'm4-1': 10.28, 'm5-1': 4.93, 'm6-1': 27.8, 'm7-1': 10.69, 'm8-1': 97.56}",0.22350000000000136,127.402,inf,127.551,127.551,127.551
187,T8,BESTEFFORT,MISSED,m2-1,17.693,"{'m1-1': 22.9, 'm2-1': 1.01, 'm3-1': 105.59, 'm4-1': 9.38, 'm5-1': 5.53, 'm6-1': 28.7, 'm7-1': 11.18, 'm8-1': 102.8}",0.21299999999999386,127.551,inf,127.693,127.693,127.693
188,T5,BESTEFFORT,MISSED,m2-1,17.832,"{'m1-1': 26.44, 'm2-1': 1.0, 'm3-1': 109.72, 'm4-1': 9.68, 'm5-1': 5.66, 'm6-1': 27.49, 'm7-1': 10.75, 'm8-1': 112.28}",0.2084999999999937,127.693,inf,127.832,127.832,127.832
189,T10,BESTEFFORT,MISSED,m2-1,17.961,"{'m1-1': 25.2, 'm2-1': 1.12, 'm3-1': 103.57, 'm4-1': 9.49, 'm5-1': 4.76, 'm6-1': 26.41, 'm7-1': 11.63, 'm8-1': 94.69}",0.19350000000000733,127.832,inf,127.961,127.961,127.961
190,T5,BESTEFFORT,MISSED,m2-1,17.986,"{'m1-1': 24.94, 'm2-1': 1.15, 'm3-1': 109.0, 'm4-1': 9.59, 'm5-1': 5.01, 'm6-1': 26.03, 'm7-1': 10.4, 'm8-1': 100.39}",0.037500000000008527,127.961,inf,127.986,127.986,127.986
191,T4,BESTEFFORT,MISSED,m2-1,18.05,"{'m1-1': 25.27, 'm2-1': 1.02, 'm3-1': 102.48, 'm4-1': 11.17, 'm5-1': 5.72, 'm6-1': 27.9, 'm7-1': 10.41, 'm8-1': 100.67}",0.09600000000001074,127.986,inf,128.05,128.05,128.05
192,T8,BESTEFFORT,MISSED,m2-1,18.169,"{'m1-1': 24.48, 'm2-1': 1.04, 'm3-1': 110.81, 'm4-1': 9.74, 'm5-1': 5.38, 'm6-1': 27.1, 'm7-1': 9.96, 'm8-1': 99.87}",0.17849999999999966,128.05,inf,128.169,128.169,128.169
193,T6,BESTEFFORT,MISSED,m2-1,18.232,"{'m1-1': 24.9, 'm2-1': 1.0, 'm3-1': 107.52, 'm4-1': 10.99, 'm5-1': 5.07, 'm6-1': 26.06, 'm7-1': 9.86, 'm8-1': 108.52}",0.09449999999998226,128.169,inf,128.232,128.232,128.232
194,T8,BESTEFFORT,MISSED,m2-1,18.264,"{'m1-1': 25.04, 'm2-1': 1.11, 'm3-1': 109.1, 'm4-1': 9.75, 'm5-1': 5.19, 'm6-1': 27.06, 'm7-1': 11.34, 'm8-1': 98.79}",0.04800000000001603,128.232,inf,128.264,128.264,128.264
195,T4,BESTEFFORT,MISSED,m2-1,18.559,"{'m1-1': 24.43, 'm2-1': 1.0, 'm3-1': 103.1, 'm4-1': 11.56, 'm5-1': 5.09, 'm6-1': 27.33, 'm7-1': 10.1, 'm8-1': 101.45}",0.44249999999998124,128.264,inf,128.559,128.559,128.559
196,T10,BESTEFFORT,MISSED,m2-1,18.582,"{'m1-1': 24.2, 'm2-1': 1.06, 'm3-1': 98.49, 'm4-1': 9.61, 'm5-1': 4.87, 'm6-1': 26.79, 'm7-1': 10.11, 'm8-1': 106.3}",0.0344999999999942,128.559,inf,128.582,128.582,128.582
197,T1,BESTEFFORT,MISSED,m2-1,18.621,"{'m1-1': 28.34, 'm2-1': 1.0, 'm3-1': 107.69, 'm4-1': 10.9, 'm5-1': 5.65, 'm6-1': 26.67, 'm7-1': 10.35, 'm8-1': 103.58}",0.05850000000002353,128.582,inf,128.621,128.621,128.621
198,T8,BESTEFFORT,MISSED,m2-1,18.904,"{'m1-1': 26.9, 'm2-1': 1.02, 'm3-1': 108.55, 'm4-1': 9.48, 'm5-1': 5.37, 'm6-1': 26.05, 'm7-1': 11.37, 'm8-1': 109.16}",0.42449999999998056,128.621,inf,128.904,128.904,128.904
199,T6,BESTEFFORT,MISSED,m2-1,19.04,"{'m1-1': 27.91, 'm2-1': 0.99, 'm3-1': 106.99, 'm4-1': 10.07, 'm5-1': 5.39, 'm6-1': 26.03, 'm7-1': 9.59, 'm8-1': 99.29}",0.20399999999999352,128.904,inf,129.04,129.04,129.04
200,T8,BESTEFFORT,MISSED,m2-1,19.046,"{'m1-1': 26.82, 'm2-1': 1.07, 'm3-1': 104.57, 'm4-1': 9.44, 'm5-1': 5.52, 'm6-1': 28.87, 'm7-1': 11.34, 'm8-1': 115.68}",0.009000000000000341,129.04,inf,129.046,129.046,129.046
201,T8,BESTEFFORT,MISSED,m2-1,19.121,"{'m1-1': 26.61, 'm2-1': 1.11, 'm3-1': 107.58, 'm4-1': 9.37, 'm5-1': 5.32, 'm6-1': 26.04, 'm7-1': 11.6, 'm8-1': 114.57}",0.11250000000002558,129.046,inf,129.121,129.121,129.121
202,T8,BESTEFFORT,MISSED,m2-1,19.202,"{'m1-1': 25.31, 'm2-1': 1.14, 'm3-1': 99.6, 'm4-1': 10.15, 'm5-1': 4.99, 'm6-1': 29.81, 'm7-1': 10.5, 'm8-1': 99.91}",0.12149999999998329,129.121,inf,129.202,129.202,129.202
203,T2,BESTEFFORT,MISSED,m2-1,19.401,"{'m1-1': 25.86, 'm2-1': 1.01, 'm3-1': 102.43, 'm4-1': 10.6, 'm5-1': 5.71, 'm6-1': 24.64, 'm7-1': 10.61, 'm8-1': 110.2}",0.2985000000000184,129.202,inf,129.401,129.401,129.401
204,T5,BESTEFFORT,MISSED,m2-1,19.44,"{'m1-1': 26.26, 'm2-1': 1.12, 'm3-1': 105.32, 'm4-1': 10.29, 'm5-1': 4.96, 'm6-1': 24.74, 'm7-1': 10.33, 'm8-1': 107.48}",0.0584999999999809,129.401,inf,129.44,129.44,129.44
205,T10,BESTEFFORT,MISSED,m2-1,19.535,"{'m1-1': 27.09, 'm2-1': 1.0, 'm3-1': 100.2, 'm4-1': 10.04, 'm5-1': 5.62, 'm6-1': 27.43, 'm7-1': 9.96, 'm8-1': 100.52}",0.1424999999999983,129.44,inf,129.535,129.535,129.535
206,T6,BESTEFFORT,MISSED,m2-1,19.801,"{'m1-1': 27.28, 'm2-1': 0.98, 'm3-1': 117.62, 'm4-1': 10.09, 'm5-1': 4.85, 'm6-1': 25.06, 'm7-1': 10.45, 'm8-1': 102.5}",0.3989999999999867,129.535,inf,129.801,129.801,129.801
207,T1,BESTEFFORT,MISSED,m2-1,19.894,"{'m1-1': 26.15, 'm2-1': 1.01, 'm3-1': 104.36, 'm4-1': 10.1, 'm5-1': 5.4, 'm6-1': 26.6, 'm7-1': 10.98, 'm8-1': 110.34}",0.1395000000000266,129.801,inf,129.894,129.894,129.894
208,T8,BESTEFFORT,MISSED,m2-1,20.072,"{'m1-1': 26.38, 'm2-1': 1.18, 'm3-1': 110.49, 'm4-1': 10.78, 'm5-1': 5.55, 'm6-1': 25.16, 'm7-1': 9.93, 'm8-1': 99.1}",0.2669999999999959,129.894,inf,130.072,130.072,130.072
209,T9,BESTEFFORT,MISSED,m2-1,20.293,"{'m1-1': 27.57, 'm2-1': 1.1, 'm3-1': 102.16, 'm4-1': 10.47, 'm5-1': 5.34, 'm6-1': 26.88, 'm7-1': 9.29, 'm8-1': 107.66}",0.33150000000000546,130.072,inf,130.293,130.293,130.293
210,T5,BESTEFFORT,MISSED,m2-1,20.498,"{'m1-1': 27.09, 'm2-1': 1.08, 'm3-1': 99.56, 'm4-1': 10.28, 'm5-1': 4.85, 'm6-1': 27.45, 'm7-1': 10.3, 'm8-1': 111.56}",0.3074999999999761,130.293,inf,130.498,130.498,130.498
211,T7,BESTEFFORT,MISSED,m2-1,20.734,"{'m1-1': 26.84, 'm2-1': 0.94, 'm3-1': 108.35, 'm4-1': 11.33, 'm5-1': 5.45, 'm6-1': 24.88, 'm7-1': 10.44, 'm8-1': 111.18}",0.3540000000000276,130.498,inf,130.734,130.734,130.734
212,T6,BESTEFFORT,MISSED,m2-1,20.881,"{'m1-1': 25.94, 'm2-1': 0.94, 'm3-1': 113.42, 'm4-1': 10.64, 'm5-1': 4.79, 'm6-1': 26.87, 'm7-1': 9.68, 'm8-1': 111.07}",0.22049999999998704,130.734,inf,130.881,130.881,130.881
213,T4,BESTEFFORT,MISSED,m2-1,21.01,"{'m1-1': 23.75, 'm2-1': 1.06, 'm3-1': 110.37, 'm4-1': 10.48, 'm5-1': 5.6, 'm6-1': 27.25, 'm7-1': 10.21, 'm8-1': 99.3}",0.19349999999998602,130.881,inf,131.01,131.01,131.01
214,T4,BESTEFFORT,MISSED,m2-1,21.215,"{'m1-1': 24.68, 'm2-1': 1.02, 'm3-1': 98.52, 'm4-1': 10.76, 'm5-1': 5.71, 'm6-1': 28.06, 'm7-1': 10.13, 'm8-1': 112.12}",0.30750000000001876,131.01,inf,131.215,131.215,131.215
215,T7,BESTEFFORT,MISSED,m2-1,21.506,"{'m1-1': 26.27, 'm2-1': 1.06, 'm3-1': 105.46, 'm4-1': 10.53, 'm5-1': 4.89, 'm6-1': 26.55, 'm7-1': 10.1, 'm8-1': 108.61}",0.4364999999999952,131.215,inf,131.506,131.506,131.506
216,T6,BESTEFFORT,MISSED,m2-1,21.721,"{'m1-1': 26.92, 'm2-1': 0.99, 'm3-1': 106.1, 'm4-1': 10.43, 'm5-1': 5.04, 'm6-1': 29.31, 'm7-1': 10.74, 'm8-1': 94.89}",0.3225000000000051,131.506,inf,131.721,131.721,131.721
217,T3,BESTEFFORT,MISSED,m2-1,21.762,"{'m1-1': 24.67, 'm2-1': 1.0, 'm3-1': 109.66, 'm4-1': 10.46, 'm5-1': 5.43, 'm6-1': 23.63, 'm7-1': 10.03, 'm8-1': 100.43}",0.061499999999995225,131.721,inf,131.762,131.762,131.762
218,T2,BESTEFFORT,MISSED,m2-1,22.485,"{'m1-1': 26.38, 'm2-1': 1.06, 'm3-1': 104.43, 'm4-1': 10.74, 'm5-1': 5.39, 'm6-1': 28.73, 'm7-1': 10.43, 'm8-1': 113.63}",1.0845000000000198,131.762,inf,132.485,132.485,132.485
219,T10,BESTEFFORT,MISSED,m2-1,22.604,"{'m1-1': 24.81, 'm2-1': 1.02, 'm3-1': 108.76, 'm4-1': 9.57, 'm5-1': 5.22, 'm6-1': 25.7, 'm7-1': 11.07, 'm8-1': 94.56}",0.17849999999995703,132.485,inf,132.60399999999998,132.60399999999998,132.60399999999998
220,T8,BESTEFFORT,MISSED,m2-1,22.731,"{'m1-1': 25.24, 'm2-1': 1.14, 'm3-1': 98.57, 'm4-1': 9.48, 'm5-1': 5.67, 'm6-1': 27.27, 'm7-1': 10.63, 'm8-1': 105.86}",0.19050000000001432,132.60399999999998,inf,132.731,132.731,132.731
221,T5,BESTEFFORT,MISSED,m2-1,22.782,"{'m1-1': 27.34, 'm2-1': 1.08, 'm3-1': 114.16, 'm4-1': 9.24, 'm5-1': 5.42, 'm6-1': 27.73, 'm7-1': 9.82, 'm8-1': 112.37}",0.07650000000002422,132.731,inf,132.782,132.782,132.782
222,T7,BESTEFFORT,MISSED,m2-1,22.837,"{'m1-1': 24.48, 'm2-1': 0.97, 'm3-1': 111.0, 'm4-1': 10.72, 'm5-1': 5.51, 'm6-1': 26.72, 'm7-1': 9.67, 'm8-1': 104.35}",0.0824999999999676,132.782,inf,132.837,132.837,132.837
223,T3,BESTEFFORT,MISSED,m2-1,22.851,"{'m1-1': 23.82, 'm2-1': 0.99, 'm3-1': 111.62, 'm4-1': 11.19, 'm5-1': 5.07, 'm6-1': 26.86, 'm7-1': 9.92, 'm8-1': 112.53}",0.021000000000015007,132.837,inf,132.851,132.851,132.851
224,T1,BESTEFFORT,MISSED,m2-1,23.12,"{'m1-1': 27.97, 'm2-1': 1.03, 'm3-1': 111.19, 'm4-1': 10.92, 'm5-1': 5.68, 'm6-1': 24.94, 'm7-1': 11.31, 'm8-1': 104.98}",0.4035000000000082,132.851,inf,133.12,133.12,133.12
225,T10,BESTEFFORT,MISSED,m2-1,23.255,"{'m1-1': 27.88, 'm2-1': 1.14, 'm3-1': 104.09, 'm4-1': 9.29, 'm5-1': 5.27, 'm6-1': 26.72, 'm7-1': 10.65, 'm8-1': 96.08}",0.20249999999998636,133.12,inf,133.255,133.255,133.255
226,T9,BESTEFFORT,MISSED,m2-1,23.302,"{'m1-1': 23.6, 'm2-1': 1.08, 'm3-1': 113.19, 'm4-1': 9.76, 'm5-1': 5.15, 'm6-1': 25.01, 'm7-1': 10.71, 'm8-1': 112.52}",0.07049999999999557,133.255,inf,133.302,133.302,133.302
227,T9,BESTEFFORT,MISSED,m2-1,23.604,"{'m1-1': 25.63, 'm2-1': 1.02, 'm3-1': 113.86, 'm4-1': 9.87, 'm5-1': 5.66, 'm6-1': 28.09, 'm7-1': 10.08, 'm8-1': 107.99}",0.45299999999998875,133.302,inf,133.60399999999998,133.60399999999998,133.60399999999998
228,T8,BESTEFFORT,MISSED,m2-1,23.673,"{'m1-1': 23.48, 'm2-1': 1.0, 'm3-1': 110.82, 'm4-1': 9.99, 'm5-1': 5.43, 'm6-1': 26.61, 'm7-1': 10.93, 'm8-1': 98.3}",0.10350000000002524,133.60399999999998,inf,133.673,133.673,133.673
229,T7,BESTEFFORT,MISSED,m2-1,23.806,"{'m1-1': 23.97, 'm2-1': 1.1, 'm3-1': 107.64, 'm4-1': 11.16, 'm5-1': 5.46, 'm6-1': 25.46, 'm7-1': 9.63, 'm8-1': 106.59}",0.19950000000001467,133.673,inf,133.806,133.806,133.806
230,T6,BESTEFFORT,MISSED,m2-1,24.18,"{'m1-1': 27.92, 'm2-1': 0.94, 'm3-1': 110.48, 'm4-1': 10.19, 'm5-1': 5.28, 'm6-1': 26.89, 'm7-1': 9.77, 'm8-1': 94.49}",0.5609999999999928,133.806,inf,134.18,134.18,134.18
231,T5,BESTEFFORT,MISSED,m2-1,24.344,"{'m1-1': 25.12, 'm2-1': 1.08, 'm3-1': 107.22, 'm4-1': 10.5, 'm5-1': 5.65, 'm6-1': 23.56, 'm7-1': 10.96, 'm8-1': 115.86}",0.2459999999999809,134.18,inf,134.344,134.344,134.344
232,T2,BESTEFFORT,MISSED,m2-1,24.41,"{'m1-1': 27.16, 'm2-1': 1.09, 'm3-1': 108.92, 'm4-1': 10.64, 'm5-1': 5.72, 'm6-1': 27.04, 'm7-1': 9.57, 'm8-1': 115.92}",0.09900000000000375,134.344,inf,134.41,134.41,134.41
233,T9,BESTEFFORT,MISSED,m2-1,24.655,"{'m1-1': 23.86, 'm2-1': 0.99, 'm3-1': 105.09, 'm4-1': 9.85, 'm5-1': 5.62, 'm6-1': 28.52, 'm7-1': 9.41, 'm8-1': 100.25}",0.3675000000000068,134.41,inf,134.655,134.655,134.655
234,T7,BESTEFFORT,MISSED,m2-1,24.662,"{'m1-1': 24.04, 'm2-1': 0.97, 'm3-1': 96.57, 'm4-1': 10.64, 'm5-1': 5.64, 'm6-1': 27.99, 'm7-1': 10.28, 'm8-1': 113.44}",0.010500000000007503,134.655,inf,134.662,134.662,134.662
235,T3,BESTEFFORT,MISSED,m2-1,24.864,"{'m1-1': 25.94, 'm2-1': 1.08, 'm3-1': 107.26, 'm4-1': 10.13, 'm5-1': 5.58, 'm6-1': 25.24, 'm7-1': 10.21, 'm8-1': 104.74}",0.30299999999999727,134.662,inf,134.864,134.864,134.864
236,T5,BESTEFFORT,MISSED,m2-1,24.878,"{'m1-1': 25.22, 'm2-1': 1.09, 'm3-1': 104.0, 'm4-1': 10.84, 'm5-1': 5.19, 'm6-1': 27.62, 'm7-1': 10.27, 'm8-1': 108.77}",0.020999999999972374,134.864,inf,134.878,134.878,134.878
237,T2,BESTEFFORT,MISSED,m2-1,24.943,"{'m1-1': 27.26, 'm2-1': 0.98, 'm3-1': 101.26, 'm4-1': 10.46, 'm5-1': 5.69, 'm6-1': 27.84, 'm7-1': 9.66, 'm8-1': 100.74}",0.09750000000003922,134.878,inf,134.943,134.943,134.943
238,T2,BESTEFFORT,MISSED,m2-1,25.021,"{'m1-1': 26.59, 'm2-1': 1.01, 'm3-1': 103.41, 'm4-1': 11.21, 'm5-1': 5.29, 'm6-1': 26.8, 'm7-1': 9.84, 'm8-1': 110.99}",0.11700000000000443,134.943,inf,135.02100000000002,135.02100000000002,135.02100000000002
239,T4,BESTEFFORT,MISSED,m2-1,25.043,"{'m1-1': 25.89, 'm2-1': 1.15, 'm3-1': 104.7, 'm4-1': 9.9, 'm5-1': 5.69, 'm6-1': 23.77, 'm7-1': 10.12, 'm8-1': 113.12}",0.03299999999998704,135.02100000000002,inf,135.043,135.043,135.043
240,T8,BESTEFFORT,MISSED,m2-1,25.154,"{'m1-1': 22.9, 'm2-1': 1.03, 'm3-1': 113.52, 'm4-1': 9.4, 'm5-1': 5.59, 'm6-1': 26.51, 'm7-1': 10.49, 'm8-1': 102.55}",0.166499999999985,135.043,inf,135.154,135.154,135.154
241,T3,BESTEFFORT,MISSED,m2-1,25.162,"{'m1-1': 27.94, 'm2-1': 1.05, 'm3-1': 100.02, 'm4-1': 10.5, 'm5-1': 4.94, 'm6-1': 24.84, 'm7-1': 9.63, 'm8-1': 113.37}",0.012000000000014666,135.154,inf,135.162,135.162,135.162
242,T10,BESTEFFORT,MISSED,m2-1,25.177,"{'m1-1': 26.44, 'm2-1': 1.15, 'm3-1': 110.56, 'm4-1': 9.29, 'm5-1': 5.49, 'm6-1': 25.13, 'm7-1': 11.0, 'm8-1': 102.84}",0.022499999999979536,135.162,inf,135.177,135.177,135.177
243,T7,BESTEFFORT,MISSED,m2-1,25.258,"{'m1-1': 24.86, 'm2-1': 1.07, 'm3-1': 104.28, 'm4-1': 11.08, 'm5-1': 4.98, 'm6-1': 27.8, 'm7-1': 10.04, 'm8-1': 110.2}",0.12150000000002592,135.177,inf,135.258,135.258,135.258
244,T1,BESTEFFORT,MISSED,m2-1,25.467,"{'m1-1': 27.46, 'm2-1': 1.01, 'm3-1': 101.82, 'm4-1': 11.14, 'm5-1': 4.87, 'm6-1': 27.97, 'm7-1': 10.89, 'm8-1': 106.19}",0.31349999999996214,135.258,inf,135.46699999999998,135.46699999999998,135.46699999999998
245,T2,BESTEFFORT,MISSED,m2-1,25.596,"{'m1-1': 24.98, 'm2-1': 1.06, 'm3-1': 105.47, 'm4-1': 10.88, 'm5-1': 5.1, 'm6-1': 27.3, 'm7-1': 10.81, 'm8-1': 113.85}",0.19350000000002865,135.46699999999998,inf,135.596,135.596,135.596
246,T8,BESTEFFORT,MISSED,m2-1,25.667,"{'m1-1': 26.28, 'm2-1': 1.08, 'm3-1': 99.94, 'm4-1': 10.41, 'm5-1': 5.28, 'm6-1': 26.38, 'm7-1': 10.78, 'm8-1': 112.85}",0.10649999999999693,135.596,inf,135.667,135.667,135.667
247,T10,BESTEFFORT,MISSED,m2-1,25.883,"{'m1-1': 23.87, 'm2-1': 1.16, 'm3-1': 110.44, 'm4-1': 9.74, 'm5-1': 4.97, 'm6-1': 26.94, 'm7-1': 10.11, 'm8-1': 101.3}",0.3240000000000123,135.667,inf,135.883,135.883,135.883
248,T3,BESTEFFORT,MISSED,m2-1,25.915,"{'m1-1': 25.91, 'm2-1': 1.06, 'm3-1': 106.73, 'm4-1': 10.26, 'm5-1': 5.23, 'm6-1': 23.92, 'm7-1': 10.13, 'm8-1': 111.7}",0.0479999999999734,135.883,inf,135.915,135.915,135.915
249,T10,BESTEFFORT,MISSED,m2-1,26.027,"{'m1-1': 27.44, 'm2-1': 1.02, 'm3-1': 109.68, 'm4-1': 10.29, 'm5-1': 5.62, 'm6-1': 26.51, 'm7-1': 11.34, 'm8-1': 108.93}",0.16799999999999216,135.915,inf,136.027,136.027,136.027
250,T8,BESTEFFORT,MISSED,m2-1,26.032,"{'m1-1': 23.66, 'm2-1': 1.1, 'm3-1': 106.27, 'm4-1': 10.62, 'm5-1': 5.62, 'm6-1': 25.68, 'm7-1': 10.54, 'm8-1': 115.85}",0.007500000000035811,136.027,inf,136.032,136.032,136.032
251,T1,BESTEFFORT,MISSED,m2-1,26.108,"{'m1-1': 28.35, 'm2-1': 0.93, 'm3-1': 100.71, 'm4-1': 9.65, 'm5-1': 5.71, 'm6-1': 24.89, 'm7-1': 11.16, 'm8-1': 110.63}",0.11399999999999011,136.032,inf,136.108,136.108,136.108
252,T5,BESTEFFORT,MISSED,m2-1,26.159,"{'m1-1': 27.37, 'm2-1': 1.17, 'm3-1': 105.12, 'm4-1': 9.19, 'm5-1': 4.98, 'm6-1': 25.35, 'm7-1': 11.51, 'm8-1': 101.95}",0.07649999999998158,136.108,inf,136.159,136.159,136.159
253,T2,BESTEFFORT,MISSED,m2-1,26.238,"{'m1-1': 25.84, 'm2-1': 1.03, 'm3-1': 109.26, 'm4-1': 10.28, 'm5-1': 5.65, 'm6-1': 24.34, 'm7-1': 10.3, 'm8-1': 113.46}",0.1185000000000116,136.159,inf,136.238,136.238,136.238
254,T3,BESTEFFORT,MISSED,m2-1,26.392,"{'m1-1': 25.69, 'm2-1': 1.09, 'm3-1': 109.33, 'm4-1': 11.39, 'm5-1': 5.1, 'm6-1': 25.38, 'm7-1': 10.82, 'm8-1': 105.39}",0.23099999999999454,136.238,inf,136.392,136.392,136.392
255,T4,BESTEFFORT,MISSED,m2-1,26.738,"{'m1-1': 26.61, 'm2-1': 1.01, 'm3-1': 95.82, 'm4-1': 10.62, 'm5-1': 5.73, 'm6-1': 23.85, 'm7-1': 10.76, 'm8-1': 109.16}",0.5190000000000055,136.392,inf,136.738,136.738,136.738
256,T4,BESTEFFORT,MISSED,m2-1,26.764,"{'m1-1': 26.65, 'm2-1': 1.11, 'm3-1': 112.01, 'm4-1': 11.17, 'm5-1': 5.83, 'm6-1': 25.49, 'm7-1': 9.31, 'm8-1': 106.75}",0.03900000000001569,136.738,inf,136.764,136.764,136.764
257,T7,BESTEFFORT,MISSED,m2-1,26.86,"{'m1-1': 23.74, 'm2-1': 0.94, 'm3-1': 103.76, 'm4-1': 10.11, 'm5-1': 5.42, 'm6-1': 24.36, 'm7-1': 9.98, 'm8-1': 97.45}",0.14400000000000546,136.764,inf,136.86,136.86,136.86
258,T8,BESTEFFORT,MISSED,m2-1,26.868,"{'m1-1': 26.23, 'm2-1': 1.11, 'm3-1': 102.58, 'm4-1': 10.7, 'm5-1': 5.58, 'm6-1': 27.7, 'm7-1': 11.18, 'm8-1': 113.45}",0.011999999999972033,136.86,inf,136.868,136.868,136.868
259,T3,BESTEFFORT,MISSED,m2-1,27.088,"{'m1-1': 26.67, 'm2-1': 1.08, 'm3-1': 95.67, 'm4-1': 11.23, 'm5-1': 5.24, 'm6-1': 25.0, 'm7-1': 10.1, 'm8-1': 108.11}",0.3299999999999983,136.868,inf,137.088,137.088,137.088
260,T4,BESTEFFORT,MISSED,m2-1,27.169,"{'m1-1': 25.17, 'm2-1': 1.03, 'm3-1': 96.98, 'm4-1': 11.26, 'm5-1': 5.84, 'm6-1': 24.65, 'm7-1': 9.72, 'm8-1': 114.69}",0.12150000000002592,137.088,inf,137.169,137.169,137.169
261,T8,BESTEFFORT,MISSED,m2-1,27.196,"{'m1-1': 26.09, 'm2-1': 1.03, 'm3-1': 106.6, 'm4-1': 9.59, 'm5-1': 5.15, 'm6-1': 25.28, 'm7-1': 11.61, 'm8-1': 113.88}",0.04049999999998022,137.169,inf,137.196,137.196,137.196
262,T8,BESTEFFORT,MISSED,m2-1,27.371,"{'m1-1': 25.31, 'm2-1': 1.02, 'm3-1': 100.36, 'm4-1': 9.7, 'm5-1': 5.08, 'm6-1': 25.29, 'm7-1': 11.43, 'm8-1': 113.89}",0.26250000000001705,137.196,inf,137.371,137.371,137.371
263,T5,BESTEFFORT,MISSED,m2-1,27.433,"{'m1-1': 25.99, 'm2-1': 1.06, 'm3-1': 112.32, 'm4-1': 9.62, 'm5-1': 4.83, 'm6-1': 26.42, 'm7-1': 11.44, 'm8-1': 106.42}",0.0929999999999751,137.371,inf,137.433,137.433,137.433
264,T5,BESTEFFORT,MISSED,m2-1,27.453,"{'m1-1': 26.74, 'm2-1': 1.05, 'm3-1': 105.01, 'm4-1': 10.71, 'm5-1': 5.35, 'm6-1': 27.58, 'm7-1': 9.96, 'm8-1': 110.3}",0.030000000000015348,137.433,inf,137.453,137.453,137.453
265,T2,BESTEFFORT,MISSED,m2-1,27.47,"{'m1-1': 26.29, 'm2-1': 0.96, 'm3-1': 109.69, 'm4-1': 10.93, 'm5-1': 5.73, 'm6-1': 26.74, 'm7-1': 11.02, 'm8-1': 114.74}",0.02549999999999386,137.453,inf,137.47,137.47,137.47
266,T7,BESTEFFORT,MISSED,m2-1,27.474,"{'m1-1': 26.12, 'm2-1': 0.97, 'm3-1': 101.46, 'm4-1': 10.75, 'm5-1': 5.47, 'm6-1': 27.27, 'm7-1': 10.42, 'm8-1': 110.34}",0.0059999999999860165,137.47,inf,137.474,137.474,137.474
267,T1,BESTEFFORT,MISSED,m2-1,27.648,"{'m1-1': 24.89, 'm2-1': 1.08, 'm3-1': 110.7, 'm4-1': 10.17, 'm5-1': 5.21, 'm6-1': 26.8, 'm7-1': 10.21, 'm8-1': 97.95}",0.2610000000000099,137.474,inf,137.648,137.648,137.648
268,T9,BESTEFFORT,MISSED,m2-1,27.659,"{'m1-1': 26.4, 'm2-1': 1.09, 'm3-1': 102.53, 'm4-1': 10.62, 'm5-1': 4.94, 'm6-1': 27.08, 'm7-1': 10.5, 'm8-1': 111.03}",0.01649999999999352,137.648,inf,137.659,137.659,137.659
269,T6,BESTEFFORT,MISSED,m2-1,27.711,"{'m1-1': 27.54, 'm2-1': 0.93, 'm3-1': 102.96, 'm4-1': 11.19, 'm5-1': 5.49, 'm6-1': 29.06, 'm7-1': 10.83, 'm8-1': 101.45}",0.07800000000003138,137.659,inf,137.711,137.711,137.711
270,T7,BESTEFFORT,MISSED,m2-1,27.718,"{'m1-1': 27.99, 'm2-1': 1.07, 'm3-1': 105.78, 'm4-1': 10.26, 'm5-1': 5.6, 'm6-1': 24.51, 'm7-1': 11.12, 'm8-1': 98.5}",0.01049999999996487,137.711,inf,137.718,137.718,137.718
271,T7,BESTEFFORT,MISSED,m2-1,27.72,"{'m1-1': 24.53, 'm2-1': 0.97, 'm3-1': 96.62, 'm4-1': 11.3, 'm5-1': 4.79, 'm6-1': 26.33, 'm7-1': 10.04, 'm8-1': 109.94}",0.0030000000000143245,137.718,inf,137.72,137.72,137.72
272,T7,BESTEFFORT,MISSED,m2-1,27.736,"{'m1-1': 26.8, 'm2-1': 1.05, 'm3-1': 103.34, 'm4-1': 9.94, 'm5-1': 5.24, 'm6-1': 23.86, 'm7-1': 11.06, 'm8-1': 111.78}",0.0239999999999867,137.72,inf,137.736,137.736,137.736
273,T8,BESTEFFORT,MISSED,m2-1,27.79,"{'m1-1': 24.99, 'm2-1': 1.04, 'm3-1': 100.66, 'm4-1': 9.42, 'm5-1': 4.92, 'm6-1': 28.34, 'm7-1': 10.96, 'm8-1': 101.92}",0.08100000000000307,137.736,inf,137.79,137.79,137.79
274,T5,BESTEFFORT,MISSED,m2-1,27.792,"{'m1-1': 26.56, 'm2-1': 1.14, 'm3-1': 109.93, 'm4-1': 10.17, 'm5-1': 4.89, 'm6-1': 25.31, 'm7-1': 10.08, 'm8-1': 106.67}",0.0030000000000143245,137.79,inf,137.792,137.792,137.792
275,T8,BESTEFFORT,MISSED,m2-1,27.964,"{'m1-1': 26.42, 'm2-1': 1.01, 'm3-1': 101.75, 'm4-1': 10.63, 'm5-1': 5.37, 'm6-1': 27.52, 'm7-1': 11.16, 'm8-1': 109.86}",0.25799999999999557,137.792,inf,137.964,137.964,137.964
276,T9,BESTEFFORT,MISSED,m2-1,28.283,"{'m1-1': 26.02, 'm2-1': 1.09, 'm3-1': 107.36, 'm4-1': 11.09, 'm5-1': 4.89, 'm6-1': 26.48, 'm7-1': 10.28, 'm8-1': 105.14}",0.47850000000002524,137.964,inf,138.28300000000002,138.28300000000002,138.28300000000002
277,T7,BESTEFFORT,MISSED,m2-1,28.463,"{'m1-1': 24.18, 'm2-1': 1.1, 'm3-1': 108.34, 'm4-1': 11.31, 'm5-1': 4.99, 'm6-1': 24.72, 'm7-1': 11.24, 'm8-1': 103.67}",0.2699999999999676,138.28300000000002,inf,138.463,138.463,138.463
278,T2,BESTEFFORT,MISSED,m2-1,28.476,"{'m1-1': 26.94, 'm2-1': 1.06, 'm3-1': 114.77, 'm4-1': 10.87, 'm5-1': 5.5, 'm6-1': 25.34, 'm7-1': 10.33, 'm8-1': 113.91}",0.019500000000007844,138.463,inf,138.476,138.476,138.476
279,T9,BESTEFFORT,MISSED,m2-1,28.498,"{'m1-1': 24.06, 'm2-1': 1.07, 'm3-1': 109.55, 'm4-1': 9.99, 'm5-1': 5.48, 'm6-1': 25.68, 'm7-1': 10.41, 'm8-1': 99.53}",0.03299999999998704,138.476,inf,138.498,138.498,138.498
280,T4,BESTEFFORT,MISSED,m2-1,28.584,"{'m1-1': 25.92, 'm2-1': 1.15, 'm3-1': 99.89, 'm4-1': 10.6, 'm5-1': 5.61, 'm6-1': 26.26, 'm7-1': 10.18, 'm8-1': 107.86}",0.1290000000000191,138.498,inf,138.584,138.584,138.584
281,T2,BESTEFFORT,MISSED,m2-1,28.592,"{'m1-1': 25.86, 'm2-1': 1.1, 'm3-1': 106.07, 'm4-1': 10.57, 'm5-1': 5.21, 'm6-1': 26.13, 'm7-1': 10.0, 'm8-1': 107.26}",0.011999999999972033,138.584,inf,138.59199999999998,138.59199999999998,138.59199999999998
282,T9,BESTEFFORT,MISSED,m2-1,28.681,"{'m1-1': 23.4, 'm2-1': 1.04, 'm3-1': 100.99, 'm4-1': 10.12, 'm5-1': 5.64, 'm6-1': 24.88, 'm7-1': 10.38, 'm8-1': 107.3}",0.1335000000000406,138.59199999999998,inf,138.681,138.681,138.681
283,T8,BESTEFFORT,MISSED,m2-1,28.732,"{'m1-1': 23.54, 'm2-1': 1.05, 'm3-1': 113.21, 'm4-1': 10.3, 'm5-1': 5.34, 'm6-1': 26.0, 'm7-1': 11.2, 'm8-1': 115.01}",0.07649999999998158,138.681,inf,138.732,138.732,138.732
284,T9,BESTEFFORT,MISSED,m2-1,28.82,"{'m1-1': 24.84, 'm2-1': 1.05, 'm3-1': 114.77, 'm4-1': 10.12, 'm5-1': 5.26, 'm6-1': 27.15, 'm7-1': 10.68, 'm8-1': 116.29}",0.1319999999999908,138.732,inf,138.82,138.82,138.82
285,T4,BESTEFFORT,MISSED,m2-1,28.995,"{'m1-1': 23.68, 'm2-1': 1.15, 'm3-1': 102.77, 'm4-1': 10.29, 'm5-1': 5.46, 'm6-1': 25.0, 'm7-1': 10.32, 'm8-1': 111.6}",0.26250000000001705,138.82,inf,138.995,138.995,138.995
286,T8,BESTEFFORT,MISSED,m2-1,29.266,"{'m1-1': 26.3, 'm2-1': 1.15, 'm3-1': 102.78, 'm4-1': 10.04, 'm5-1': 5.74, 'm6-1': 27.78, 'm7-1': 9.91, 'm8-1': 102.24}",0.4064999999999799,138.995,inf,139.266,139.266,139.266
287,T9,BESTEFFORT,MISSED,m2-1,29.468,"{'m1-1': 25.28, 'm2-1': 1.09, 'm3-1': 102.55, 'm4-1': 9.87, 'm5-1': 5.09, 'm6-1': 27.64, 'm7-1': 10.1, 'm8-1': 100.35}",0.30299999999999727,139.266,inf,139.468,139.468,139.468
288,T2,BESTEFFORT,MISSED,m2-1,29.483,"{'m1-1': 27.64, 'm2-1': 1.12, 'm3-1': 97.59, 'm4-1': 10.98, 'm5-1': 5.38, 'm6-1': 25.12, 'm7-1': 11.23, 'm8-1': 104.8}",0.02250000000002217,139.468,inf,139.483,139.483,139.483
289,T2,BESTEFFORT,MISSED,m2-1,29.657,"{'m1-1': 27.51, 'm2-1': 1.1, 'm3-1': 100.83, 'm4-1': 11.21, 'm5-1': 5.35, 'm6-1': 25.4, 'm7-1': 10.09, 'm8-1': 108.28}",0.2610000000000099,139.483,inf,139.657,139.657,139.657
290,T8,BESTEFFORT,MISSED,m2-1,29.908,"{'m1-1': 23.93, 'm2-1': 1.0, 'm3-1': 98.21, 'm4-1': 9.49, 'm5-1': 5.45, 'm6-1': 28.72, 'm7-1': 10.64, 'm8-1': 109.21}",0.37650000000000716,139.657,inf,139.90800000000002,139.90800000000002,139.90800000000002
291,T4,BESTEFFORT,MISSED,m2-1,30.018,"{'m1-1': 23.88, 'm2-1': 1.07, 'm3-1': 111.04, 'm4-1': 9.93, 'm5-1': 5.22, 'm6-1': 26.1, 'm7-1': 10.28, 'm8-1': 101.86}",0.16499999999997783,139.90800000000002,inf,140.018,140.018,140.018
292,T5,BESTEFFORT,MISSED,m2-1,30.043,"{'m1-1': 25.84, 'm2-1': 1.08, 'm3-1': 112.68, 'm4-1': 10.34, 'm5-1': 5.44, 'm6-1': 25.48, 'm7-1': 10.33, 'm8-1': 118.03}",0.037500000000008527,140.018,inf,140.043,140.043,140.043
293,T9,BESTEFFORT,MISSED,m2-1,30.177,"{'m1-1': 26.56, 'm2-1': 0.99, 'm3-1': 108.14, 'm4-1': 9.74, 'm5-1': 4.87, 'm6-1': 24.86, 'm7-1': 10.35, 'm8-1': 116.36}",0.2009999999999792,140.043,inf,140.177,140.177,140.177
294,T4,BESTEFFORT,MISSED,m2-1,30.211,"{'m1-1': 25.89, 'm2-1': 1.08, 'm3-1': 111.75, 'm4-1': 10.66, 'm5-1': 5.0, 'm6-1': 24.04, 'm7-1': 10.34, 'm8-1': 107.58}",0.051000000000030354,140.177,inf,140.211,140.211,140.211
295,T1,BESTEFFORT,MISSED,m2-1,30.22,"{'m1-1': 26.34, 'm2-1': 0.96, 'm3-1': 101.24, 'm4-1': 10.1, 'm5-1': 4.95, 'm6-1': 24.74, 'm7-1': 11.79, 'm8-1': 99.65}",0.013499999999979195,140.211,inf,140.22,140.22,140.22
296,T3,BESTEFFORT,MISSED,m2-1,30.36,"{'m1-1': 27.92, 'm2-1': 1.04, 'm3-1': 111.2, 'm4-1': 10.33, 'm5-1': 5.62, 'm6-1': 23.59, 'm7-1': 10.81, 'm8-1': 98.49}",0.21000000000002217,140.22,inf,140.36,140.36,140.36
297,T7,BESTEFFORT,MISSED,m2-1,30.464,"{'m1-1': 24.06, 'm2-1': 0.99, 'm3-1': 102.1, 'm4-1': 10.38, 'm5-1': 4.85, 'm6-1': 24.2, 'm7-1': 11.1, 'm8-1': 107.15}",0.1559999999999775,140.36,inf,140.464,140.464,140.464
298,T5,BESTEFFORT,MISSED,m2-1,30.567,"{'m1-1': 27.89, 'm2-1': 1.06, 'm3-1': 103.07, 'm4-1': 10.56, 'm5-1': 4.93, 'm6-1': 25.36, 'm7-1': 10.79, 'm8-1': 114.26}",0.15450000000001296,140.464,inf,140.567,140.567,140.567
299,T2,BESTEFFORT,MISSED,m2-1,30.571,"{'m1-1': 28.46, 'm2-1': 0.97, 'm3-1': 108.7, 'm4-1': 11.18, 'm5-1': 5.35, 'm6-1': 28.42, 'm7-1': 9.74, 'm8-1': 108.48}",0.0059999999999860165,140.567,inf,140.571,140.571,140.571
300,T3,BESTEFFORT,MISSED,m2-1,30.712,"{'m1-1': 24.8, 'm2-1': 1.08, 'm3-1': 95.97, 'm4-1': 10.92, 'm5-1': 5.56, 'm6-1': 26.62, 'm7-1': 9.76, 'm8-1': 102.8}",0.2114999999999867,140.571,inf,140.712,140.712,140.712
301,T7,BESTEFFORT,MISSED,m2-1,30.739,"{'m1-1': 26.05, 'm2-1': 1.07, 'm3-1': 107.33, 'm4-1': 10.84, 'm5-1': 5.64, 'm6-1': 27.48, 'm7-1': 10.04, 'm8-1': 109.97}",0.04050000000002285,140.712,inf,140.739,140.739,140.739
302,T7,BESTEFFORT,MISSED,m2-1,30.763,"{'m1-1': 23.67, 'm2-1': 1.09, 'm3-1': 105.58, 'm4-1': 10.29, 'm5-1': 5.64, 'm6-1': 26.83, 'm7-1': 10.27, 'm8-1': 106.38}",0.036000000000001364,140.739,inf,140.763,140.763,140.763
303,T1,BESTEFFORT,MISSED,m2-1,31.294,"{'m1-1': 28.39, 'm2-1': 0.97, 'm3-1': 110.25, 'm4-1': 10.88, 'm5-1': 5.22, 'm6-1': 26.98, 'm7-1': 11.81, 'm8-1': 109.89}",0.7965000000000089,140.763,inf,141.294,141.294,141.294
304,T9,BESTEFFORT,MISSED,m2-1,31.328,"{'m1-1': 26.68, 'm2-1': 0.94, 'm3-1': 106.17, 'm4-1': 10.4, 'm5-1': 4.86, 'm6-1': 27.25, 'm7-1': 9.94, 'm8-1': 100.01}",0.05099999999998772,141.294,inf,141.328,141.328,141.328
305,T10,BESTEFFORT,MISSED,m2-1,31.395,"{'m1-1': 25.6, 'm2-1': 1.01, 'm3-1': 108.67, 'm4-1': 9.36, 'm5-1': 5.45, 'm6-1': 24.31, 'm7-1': 11.49, 'm8-1': 102.72}",0.10050000000001091,141.328,inf,141.395,141.395,141.395
306,T4,BESTEFFORT,MISSED,m2-1,31.544,"{'m1-1': 24.03, 'm2-1': 1.12, 'm3-1': 99.67, 'm4-1': 10.52, 'm5-1': 5.92, 'm6-1': 24.93, 'm7-1': 9.48, 'm8-1': 112.1}",0.22350000000000136,141.395,inf,141.544,141.544,141.544
307,T10,BESTEFFORT,MISSED,m2-1,31.549,"{'m1-1': 28.09, 'm2-1': 1.17, 'm3-1': 95.79, 'm4-1': 10.2, 'm5-1': 5.26, 'm6-1': 25.68, 'm7-1': 11.41, 'm8-1': 92.54}",0.007499999999993179,141.544,inf,141.549,141.549,141.549
308,T6,BESTEFFORT,MISSED,m2-1,31.553,"{'m1-1': 26.89, 'm2-1': 1.04, 'm3-1': 113.85, 'm4-1': 11.42, 'm5-1': 5.49, 'm6-1': 28.67, 'm7-1': 9.69, 'm8-1': 102.69}",0.0059999999999860165,141.549,inf,141.553,141.553,141.553
309,T10,BESTEFFORT,MISSED,m2-1,31.573,"{'m1-1': 23.88, 'm2-1': 1.15, 'm3-1': 112.38, 'm4-1': 10.14, 'm5-1': 4.99, 'm6-1': 23.83, 'm7-1': 10.42, 'm8-1': 106.71}",0.030000000000015348,141.553,inf,141.573,141.573,141.573
310,T8,BESTEFFORT,MISSED,m2-1,31.649,"{'m1-1': 26.71, 'm2-1': 1.16, 'm3-1': 102.15, 'm4-1': 10.66, 'm5-1': 5.69, 'm6-1': 26.2, 'm7-1': 10.25, 'm8-1': 104.68}",0.11399999999999011,141.573,inf,141.649,141.649,141.649
311,T10,BESTEFFORT,MISSED,m2-1,31.67,"{'m1-1': 26.99, 'm2-1': 1.1, 'm3-1': 97.69, 'm4-1': 9.51, 'm5-1': 5.04, 'm6-1': 23.65, 'm7-1': 10.05, 'm8-1': 105.66}",0.03150000000002251,141.649,inf,141.67000000000002,141.67000000000002,141.67000000000002
312,T10,BESTEFFORT,MISSED,m2-1,31.787,"{'m1-1': 27.29, 'm2-1': 1.09, 'm3-1': 106.6, 'm4-1': 10.12, 'm5-1': 5.0, 'm6-1': 27.41, 'm7-1': 10.74, 'm8-1': 106.6}",0.17549999999998533,141.67000000000002,inf,141.787,141.787,141.787
313,T1,BESTEFFORT,MISSED,m2-1,31.836,"{'m1-1': 25.61, 'm2-1': 1.03, 'm3-1': 111.97, 'm4-1': 11.22, 'm5-1': 5.39, 'm6-1': 25.42, 'm7-1': 10.64, 'm8-1': 106.01}",0.07350000000000989,141.787,inf,141.836,141.836,141.836
314,T9,BESTEFFORT,MISSED,m2-1,31.969,"{'m1-1': 26.73, 'm2-1': 1.0, 'm3-1': 102.09, 'm4-1': 9.86, 'm5-1': 5.59, 'm6-1': 27.29, 'm7-1': 9.8, 'm8-1': 106.11}",0.19949999999997203,141.836,inf,141.969,141.969,141.969
315,T2,BESTEFFORT,MISSED,m2-1,32.016,"{'m1-1': 29.17, 'm2-1': 1.0, 'm3-1': 103.96, 'm4-1': 9.56, 'm5-1': 5.73, 'm6-1': 25.82, 'm7-1': 9.65, 'm8-1': 102.1}",0.07049999999999557,141.969,inf,142.016,142.016,142.016
316,T5,BESTEFFORT,MISSED,m2-1,32.091,"{'m1-1': 25.92, 'm2-1': 1.04, 'm3-1': 100.86, 'm4-1': 9.51, 'm5-1': 5.58, 'm6-1': 25.21, 'm7-1': 11.37, 'm8-1': 104.74}",0.11250000000002558,142.016,inf,142.091,142.091,142.091
317,T9,BESTEFFORT,MISSED,m2-1,32.112,"{'m1-1': 24.67, 'm2-1': 1.08, 'm3-1': 103.99, 'm4-1': 9.59, 'm5-1': 5.06, 'm6-1': 26.91, 'm7-1': 10.88, 'm8-1': 112.46}",0.03149999999997988,142.091,inf,142.112,142.112,142.112
318,T4,BESTEFFORT,MISSED,m2-1,32.194,"{'m1-1': 25.2, 'm2-1': 1.03, 'm3-1': 105.82, 'm4-1': 10.32, 'm5-1': 5.14, 'm6-1': 24.94, 'm7-1': 10.78, 'm8-1': 106.65}",0.12300000000003308,142.112,inf,142.19400000000002,142.19400000000002,142.19400000000002
319,T8,BESTEFFORT,MISSED,m2-1,32.35,"{'m1-1': 26.21, 'm2-1': 1.14, 'm3-1': 105.72, 'm4-1': 9.54, 'm5-1': 4.92, 'm6-1': 26.27, 'm7-1': 11.61, 'm8-1': 105.99}",0.23399999999996624,142.19400000000002,inf,142.35,142.35,142.35
320,T4,BESTEFFORT,MISSED,m2-1,32.462,"{'m1-1': 23.36, 'm2-1': 1.09, 'm3-1': 110.5, 'm4-1': 9.88, 'm5-1': 5.49, 'm6-1': 25.12, 'm7-1': 9.56, 'm8-1': 105.26}",0.16799999999999216,142.35,inf,142.462,142.462,142.462
321,T3,BESTEFFORT,MISSED,m2-1,32.491,"{'m1-1': 26.24, 'm2-1': 1.01, 'm3-1': 97.28, 'm4-1': 10.99, 'm5-1': 5.36, 'm6-1': 25.33, 'm7-1': 10.07, 'm8-1': 109.02}",0.04349999999999454,142.462,inf,142.49099999999999,142.49099999999999,142.49099999999999
322,T3,BESTEFFORT,MISSED,m2-1,32.6,"{'m1-1': 24.16, 'm2-1': 0.98, 'm3-1': 101.03, 'm4-1': 11.36, 'm5-1': 4.95, 'm6-1': 26.15, 'm7-1': 10.71, 'm8-1': 111.92}",0.1635000000000133,142.49099999999999,inf,142.6,142.6,142.6
323,T2,BESTEFFORT,MISSED,m2-1,32.624,"{'m1-1': 27.3, 'm2-1': 1.04, 'm3-1': 110.08, 'm4-1': 10.78, 'm5-1': 5.67, 'm6-1': 26.42, 'm7-1': 10.41, 'm8-1': 101.86}",0.036000000000001364,142.6,inf,142.624,142.624,142.624
324,T7,BESTEFFORT,MISSED,m2-1,32.766,"{'m1-1': 24.54, 'm2-1': 1.07, 'm3-1': 103.26, 'm4-1': 11.06, 'm5-1': 5.65, 'm6-1': 26.49, 'm7-1': 11.22, 'm8-1': 98.99}",0.21299999999999386,142.624,inf,142.766,142.766,142.766
325,T2,BESTEFFORT,MISSED,m2-1,32.895,"{'m1-1': 27.67, 'm2-1': 1.0, 'm3-1': 112.82, 'm4-1': 9.6, 'm5-1': 5.06, 'm6-1': 24.92, 'm7-1': 9.82, 'm8-1': 105.56}",0.19350000000002865,142.766,inf,142.895,142.895,142.895
326,T9,BESTEFFORT,MISSED,m2-1,33.15,"{'m1-1': 24.94, 'm2-1': 1.08, 'm3-1': 113.65, 'm4-1': 11.07, 'm5-1': 5.06, 'm6-1': 27.58, 'm7-1': 10.46, 'm8-1': 106.98}",0.3824999999999932,142.895,inf,143.15,143.15,143.15
327,T4,BESTEFFORT,MISSED,m2-1,33.154,"{'m1-1': 24.25, 'm2-1': 1.13, 'm3-1': 99.63, 'm4-1': 11.31, 'm5-1': 5.05, 'm6-1': 28.04, 'm7-1': 10.7, 'm8-1': 111.63}",0.0059999999999860165,143.15,inf,143.154,143.154,143.154
328,T1,BESTEFFORT,MISSED,m2-1,33.19,"{'m1-1': 26.07, 'm2-1': 0.98, 'm3-1': 111.44, 'm4-1': 10.52, 'm5-1': 5.52, 'm6-1': 27.15, 'm7-1': 10.21, 'm8-1': 98.69}",0.054000000000002046,143.154,inf,143.19,143.19,143.19
329,T2,BESTEFFORT,MISSED,m2-1,33.357,"{'m1-1': 27.81, 'm2-1': 1.01, 'm3-1': 109.06, 'm4-1': 9.96, 'm5-1': 5.64, 'm6-1': 24.82, 'm7-1': 9.47, 'm8-1': 100.86}",0.2505000000000024,143.19,inf,143.357,143.357,143.357
330,T6,BESTEFFORT,MISSED,m2-1,33.482,"{'m1-1': 24.97, 'm2-1': 0.92, 'm3-1': 110.67, 'm4-1': 11.18, 'm5-1': 4.82, 'm6-1': 28.28, 'm7-1': 10.72, 'm8-1': 101.09}",0.1875,143.357,inf,143.482,143.482,143.482
331,T9,BESTEFFORT,MISSED,m2-1,33.583,"{'m1-1': 25.25, 'm2-1': 0.96, 'm3-1': 113.4, 'm4-1': 9.37, 'm5-1': 5.18, 'm6-1': 26.06, 'm7-1': 9.65, 'm8-1': 110.54}",0.15149999999999864,143.482,inf,143.583,143.583,143.583
332,T9,BESTEFFORT,MISSED,m2-1,33.594,"{'m1-1': 27.18, 'm2-1': 0.95, 'm3-1': 105.34, 'm4-1': 10.55, 'm5-1': 5.21, 'm6-1': 25.39, 'm7-1': 10.75, 'm8-1': 100.65}",0.01649999999999352,143.583,inf,143.594,143.594,143.594
333,T10,BESTEFFORT,MISSED,m2-1,33.678,"{'m1-1': 24.94, 'm2-1': 1.05, 'm3-1': 104.05, 'm4-1': 9.81, 'm5-1': 5.56, 'm6-1': 23.34, 'm7-1': 11.27, 'm8-1': 107.19}",0.12600000000000477,143.594,inf,143.678,143.678,143.678
334,T6,BESTEFFORT,MISSED,m2-1,33.819,"{'m1-1': 25.82, 'm2-1': 1.0, 'm3-1': 104.29, 'm4-1': 11.42, 'm5-1': 5.26, 'm6-1': 29.08, 'm7-1': 9.84, 'm8-1': 96.03}",0.21150000000002933,143.678,inf,143.81900000000002,143.81900000000002,143.81900000000002
335,T4,BESTEFFORT,MISSED,m2-1,33.859,"{'m1-1': 27.14, 'm2-1': 1.08, 'm3-1': 103.76, 'm4-1': 10.79, 'm5-1': 5.85, 'm6-1': 26.73, 'm7-1': 9.6, 'm8-1': 112.23}",0.05999999999998806,143.81900000000002,inf,143.859,143.859,143.859
336,T1,BESTEFFORT,MISSED,m2-1,33.923,"{'m1-1': 24.5, 'm2-1': 1.08, 'm3-1': 108.78, 'm4-1': 10.44, 'm5-1': 5.77, 'm6-1': 28.12, 'm7-1': 10.04, 'm8-1': 104.59}",0.09599999999998943,143.859,inf,143.923,143.923,143.923
337,T2,BESTEFFORT,MISSED,m2-1,34.0,"{'m1-1': 25.75, 'm2-1': 1.03, 'm3-1': 99.41, 'm4-1': 10.49, 'm5-1': 5.06, 'm6-1': 25.13, 'm7-1': 9.45, 'm8-1': 105.54}",0.11549999999999727,143.923,inf,144.0,144.0,144.0
338,T5,BESTEFFORT,MISSED,m2-1,34.065,"{'m1-1': 27.18, 'm2-1': 1.07, 'm3-1': 109.22, 'm4-1': 10.46, 'm5-1': 5.46, 'm6-1': 26.19, 'm7-1': 10.71, 'm8-1': 117.22}",0.09749999999999659,144.0,inf,144.065,144.065,144.065
339,T1,BESTEFFORT,MISSED,m2-1,34.159,"{'m1-1': 27.1, 'm2-1': 1.02, 'm3-1': 100.34, 'm4-1': 9.99, 'm5-1': 5.0, 'm6-1': 27.41, 'm7-1': 10.02, 'm8-1': 109.45}",0.14099999999999113,144.065,inf,144.159,144.159,144.159
340,T2,BESTEFFORT,MISSED,m2-1,34.211,"{'m1-1': 24.85, 'm2-1': 1.06, 'm3-1': 109.65, 'm4-1': 9.8, 'm5-1': 5.36, 'm6-1': 26.14, 'm7-1': 11.2, 'm8-1': 101.86}",0.07800000000003138,144.159,inf,144.211,144.211,144.211
341,T2,BESTEFFORT,MISSED,m2-1,34.23,"{'m1-1': 25.35, 'm2-1': 1.09, 'm3-1': 102.6, 'm4-1': 9.74, 'm5-1': 5.58, 'm6-1': 26.74, 'm7-1': 10.2, 'm8-1': 99.11}",0.028499999999965553,144.211,inf,144.23,144.23,144.23
342,T7,BESTEFFORT,MISSED,m2-1,34.359,"{'m1-1': 26.74, 'm2-1': 0.97, 'm3-1': 114.6, 'm4-1': 11.01, 'm5-1': 5.46, 'm6-1': 23.99, 'm7-1': 9.68, 'm8-1': 105.74}",0.19350000000002865,144.23,inf,144.359,144.359,144.359
343,T2,BESTEFFORT,MISSED,m2-1,34.403,"{'m1-1': 26.82, 'm2-1': 1.06, 'm3-1': 103.64, 'm4-1': 10.92, 'm5-1': 5.63, 'm6-1': 24.7, 'm7-1': 10.41, 'm8-1': 103.92}",0.06599999999997408,144.359,inf,144.403,144.403,144.403
344,T5,BESTEFFORT,MISSED,m2-1,34.597,"{'m1-1': 25.03, 'm2-1': 1.14, 'm3-1': 104.51, 'm4-1': 10.05, 'm5-1': 5.4, 'm6-1': 27.49, 'm7-1': 11.32, 'm8-1': 114.26}",0.29100000000002524,144.403,inf,144.597,144.597,144.597
345,T9,BESTEFFORT,MISSED,m2-1,34.657,"{'m1-1': 23.98, 'm2-1': 1.04, 'm3-1': 101.46, 'm4-1': 10.3, 'm5-1': 5.61, 'm6-1': 27.93, 'm7-1': 10.33, 'm8-1': 104.38}",0.08999999999996078,144.597,inf,144.65699999999998,144.65699999999998,144.65699999999998
346,T2,BESTEFFORT,MISSED,m2-1,34.791,"{'m1-1': 27.52, 'm2-1': 1.01, 'm3-1': 108.98, 'm4-1': 10.78, 'm5-1': 5.0, 'm6-1': 24.35, 'm7-1': 9.66, 'm8-1': 107.02}",0.20100000000002183,144.65699999999998,inf,144.791,144.791,144.791
347,T2,BESTEFFORT,MISSED,m2-1,34.934,"{'m1-1': 27.26, 'm2-1': 1.04, 'm3-1': 109.25, 'm4-1': 10.21, 'm5-1': 5.08, 'm6-1': 24.94, 'm7-1': 9.89, 'm8-1': 114.07}",0.21450000000000102,144.791,inf,144.934,144.934,144.934
348,T7,BESTEFFORT,MISSED,m2-1,34.955,"{'m1-1': 24.13, 'm2-1': 0.97, 'm3-1': 112.56, 'm4-1': 10.73, 'm5-1': 5.56, 'm6-1': 26.05, 'm7-1': 10.65, 'm8-1': 99.5}",0.03149999999997988,144.934,inf,144.95499999999998,144.95499999999998,144.95499999999998
349,T8,BESTEFFORT,MISSED,m2-1,35.139,"{'m1-1': 27.03, 'm2-1': 1.12, 'm3-1': 97.79, 'm4-1': 11.02, 'm5-1': 5.64, 'm6-1': 26.72, 'm7-1': 10.38, 'm8-1': 103.37}",0.2760000000000389,144.95499999999998,inf,145.139,145.139,145.139
350,T8,BESTEFFORT,MISSED,m2-1,35.336,"{'m1-1': 26.38, 'm2-1': 1.01, 'm3-1': 103.51, 'm4-1': 9.44, 'm5-1': 5.72, 'm6-1': 28.24, 'm7-1': 11.14, 'm8-1': 102.81}",0.2955000000000041,145.139,inf,145.336,145.336,145.336
351,T10,BESTEFFORT,MISSED,m2-1,35.36,"{'m1-1': 28.25, 'm2-1': 1.06, 'm3-1': 99.41, 'm4-1': 10.08, 'm5-1': 5.04, 'm6-1': 24.96, 'm7-1': 11.38, 'm8-1': 101.88}",0.036000000000001364,145.336,inf,145.36,145.36,145.36
352,T2,BESTEFFORT,MISSED,m2-1,35.383,"{'m1-1': 28.04, 'm2-1': 0.99, 'm3-1': 108.02, 'm4-1': 10.11, 'm5-1': 5.5, 'm6-1': 24.28, 'm7-1': 9.96, 'm8-1': 115.86}",0.0344999999999942,145.36,inf,145.383,145.383,145.383
353,T10,BESTEFFORT,MISSED,m2-1,35.389,"{'m1-1': 25.77, 'm2-1': 1.01, 'm3-1': 108.18, 'm4-1': 10.39, 'm5-1': 5.29, 'm6-1': 23.52, 'm7-1': 11.44, 'm8-1': 107.24}",0.009000000000000341,145.383,inf,145.389,145.389,145.389
354,T4,BESTEFFORT,MISSED,m2-1,35.594,"{'m1-1': 26.17, 'm2-1': 1.05, 'm3-1': 104.61, 'm4-1': 10.12, 'm5-1': 5.41, 'm6-1': 24.47, 'm7-1': 10.71, 'm8-1': 106.46}",0.3074999999999761,145.389,inf,145.594,145.594,145.594
355,T10,BESTEFFORT,MISSED,m2-1,35.609,"{'m1-1': 23.88, 'm2-1': 1.11, 'm3-1': 98.64, 'm4-1': 10.09, 'm5-1': 4.84, 'm6-1': 26.79, 'm7-1': 11.53, 'm8-1': 106.58}",0.02250000000002217,145.594,inf,145.609,145.609,145.609
356,T7,BESTEFFORT,MISSED,m2-1,35.674,"{'m1-1': 24.26, 'm2-1': 1.09, 'm3-1': 109.85, 'm4-1': 9.99, 'm5-1': 4.77, 'm6-1': 24.56, 'm7-1': 10.22, 'm8-1': 102.2}",0.09749999999999659,145.609,inf,145.674,145.674,145.674
357,T9,BESTEFFORT,MISSED,m2-1,35.785,"{'m1-1': 24.86, 'm2-1': 0.96, 'm3-1': 105.5, 'm4-1': 9.56, 'm5-1': 5.12, 'm6-1': 27.06, 'm7-1': 9.26, 'm8-1': 99.48}",0.166499999999985,145.674,inf,145.785,145.785,145.785
358,T1,BESTEFFORT,MISSED,m2-1,35.847,"{'m1-1': 24.91, 'm2-1': 1.1, 'm3-1': 118.69, 'm4-1': 10.3, 'm5-1': 5.23, 'm6-1': 25.34, 'm7-1': 10.96, 'm8-1': 107.16}",0.09300000000001774,145.785,inf,145.847,145.847,145.847
359,T8,BESTEFFORT,MISSED,m2-1,36.024,"{'m1-1': 25.41, 'm2-1': 1.14, 'm3-1': 104.23, 'm4-1': 10.03, 'm5-1': 5.5, 'm6-1': 26.92, 'm7-1': 10.4, 'm8-1': 110.25}",0.26549999999998875,145.847,inf,146.024,146.024,146.024
360,T4,BESTEFFORT,MISSED,m2-1,36.168,"{'m1-1': 25.6, 'm2-1': 1.03, 'm3-1': 105.03, 'm4-1': 11.26, 'm5-1': 5.12, 'm6-1': 24.37, 'm7-1': 9.73, 'm8-1': 102.48}",0.0,146.168,inf,146.168,146.168,146.168
361,T7,BESTEFFORT,MISSED,m2-1,36.168,"{'m1-1': 27.38, 'm2-1': 0.95, 'm3-1': 102.24, 'm4-1': 10.91, 'm5-1': 4.82, 'm6-1': 27.28, 'm7-1': 9.82, 'm8-1': 111.12}",0.21600000000000819,146.024,inf,146.168,146.168,146.168
362,T4,BESTEFFORT,MISSED,m2-1,36.466,"{'m1-1': 23.68, 'm2-1': 1.12, 'm3-1': 110.37, 'm4-1': 10.6, 'm5-1': 5.56, 'm6-1': 26.85, 'm7-1': 9.87, 'm8-1': 115.15}",0.44700000000000273,146.168,inf,146.466,146.466,146.466
363,T6,BESTEFFORT,MISSED,m2-1,36.609,"{'m1-1': 24.99, 'm2-1': 1.02, 'm3-1': 107.46, 'm4-1': 10.33, 'm5-1': 5.03, 'm6-1': 25.81, 'm7-1': 10.35, 'm8-1': 101.95}",0.21450000000000102,146.466,inf,146.609,146.609,146.609
364,T9,BESTEFFORT,MISSED,m2-1,36.653,"{'m1-1': 26.27, 'm2-1': 1.12, 'm3-1': 104.67, 'm4-1': 10.9, 'm5-1': 5.12, 'm6-1': 27.14, 'm7-1': 9.78, 'm8-1': 114.11}",0.06599999999997408,146.609,inf,146.653,146.653,146.653
365,T8,BESTEFFORT,MISSED,m2-1,36.727,"{'m1-1': 24.3, 'm2-1': 1.07, 'm3-1': 110.46, 'm4-1': 10.36, 'm5-1': 5.48, 'm6-1': 27.18, 'm7-1': 11.23, 'm8-1': 99.09}",0.11100000000001842,146.653,inf,146.727,146.727,146.727
366,T1,BESTEFFORT,MISSED,m2-1,36.744,"{'m1-1': 28.88, 'm2-1': 0.95, 'm3-1': 114.13, 'm4-1': 11.18, 'm5-1': 5.06, 'm6-1': 28.77, 'm7-1': 10.3, 'm8-1': 100.43}",0.02549999999999386,146.727,inf,146.744,146.744,146.744
367,T6,BESTEFFORT,MISSED,m2-1,36.833,"{'m1-1': 28.51, 'm2-1': 0.98, 'm3-1': 99.49, 'm4-1': 11.6, 'm5-1': 5.1, 'm6-1': 25.77, 'm7-1': 11.22, 'm8-1': 104.52}",0.13349999999999795,146.744,inf,146.833,146.833,146.833
368,T9,BESTEFFORT,MISSED,m2-1,36.909,"{'m1-1': 23.58, 'm2-1': 1.03, 'm3-1': 100.39, 'm4-1': 10.96, 'm5-1': 5.41, 'm6-1': 27.94, 'm7-1': 9.4, 'm8-1': 110.74}",0.11399999999999011,146.833,inf,146.909,146.909,146.909
369,T9,BESTEFFORT,MISSED,m2-1,37.052,"{'m1-1': 24.96, 'm2-1': 1.06, 'm3-1': 112.63, 'm4-1': 10.16, 'm5-1': 5.4, 'm6-1': 28.03, 'm7-1': 10.82, 'm8-1': 114.96}",0.21450000000000102,146.909,inf,147.052,147.052,147.052
370,T4,BESTEFFORT,MISSED,m2-1,37.064,"{'m1-1': 25.03, 'm2-1': 1.08, 'm3-1': 112.96, 'm4-1': 10.12, 'm5-1': 5.77, 'm6-1': 27.97, 'm7-1': 10.36, 'm8-1': 113.97}",0.018000000000000682,147.052,inf,147.064,147.064,147.064
371,T2,BESTEFFORT,MISSED,m2-1,37.067,"{'m1-1': 26.14, 'm2-1': 0.98, 'm3-1': 98.35, 'm4-1': 11.2, 'm5-1': 4.87, 'm6-1': 26.78, 'm7-1': 10.38, 'm8-1': 111.52}",0.004500000000021487,147.064,inf,147.067,147.067,147.067
372,T10,BESTEFFORT,MISSED,m2-1,37.102,"{'m1-1': 24.62, 'm2-1': 1.05, 'm3-1': 101.55, 'm4-1': 9.87, 'm5-1': 4.76, 'm6-1': 27.48, 'm7-1': 10.65, 'm8-1': 101.26}",0.052499999999994884,147.067,inf,147.102,147.102,147.102
373,T10,BESTEFFORT,MISSED,m2-1,37.182,"{'m1-1': 24.11, 'm2-1': 1.01, 'm3-1': 102.76, 'm4-1': 9.55, 'm5-1': 5.0, 'm6-1': 23.37, 'm7-1': 10.64, 'm8-1': 97.97}",0.12000000000001876,147.102,inf,147.18200000000002,147.18200000000002,147.18200000000002
374,T2,BESTEFFORT,MISSED,m2-1,37.432,"{'m1-1': 24.82, 'm2-1': 0.98, 'm3-1': 113.33, 'm4-1': 9.51, 'm5-1': 5.52, 'm6-1': 26.35, 'm7-1': 10.49, 'm8-1': 112.59}",0.375,147.18200000000002,inf,147.43200000000002,147.43200000000002,147.43200000000002
375,T8,BESTEFFORT,MISSED,m2-1,37.452,"{'m1-1': 24.32, 'm2-1': 1.17, 'm3-1': 99.25, 'm4-1': 10.71, 'm5-1': 5.55, 'm6-1': 26.32, 'm7-1': 9.99, 'm8-1': 114.73}",0.029999999999972715,147.43200000000002,inf,147.452,147.452,147.452
376,T10,BESTEFFORT,MISSED,m2-1,37.466,"{'m1-1': 27.6, 'm2-1': 1.07, 'm3-1': 96.15, 'm4-1': 9.36, 'm5-1': 5.34, 'm6-1': 23.27, 'm7-1': 11.19, 'm8-1': 94.64}",0.021000000000015007,147.452,inf,147.466,147.466,147.466
377,T6,BESTEFFORT,MISSED,m2-1,37.522,"{'m1-1': 26.51, 'm2-1': 1.02, 'm3-1': 116.04, 'm4-1': 10.31, 'm5-1': 5.34, 'm6-1': 26.62, 'm7-1': 9.59, 'm8-1': 96.46}",0.08399999999997476,147.466,inf,147.522,147.522,147.522
378,T6,BESTEFFORT,MISSED,m2-1,37.575,"{'m1-1': 27.86, 'm2-1': 1.02, 'm3-1': 105.43, 'm4-1': 11.15, 'm5-1': 5.11, 'm6-1': 28.51, 'm7-1': 11.01, 'm8-1': 99.89}",0.07949999999999591,147.522,inf,147.575,147.575,147.575
379,T8,BESTEFFORT,MISSED,m2-1,37.58,"{'m1-1': 23.81, 'm2-1': 1.04, 'm3-1': 102.5, 'm4-1': 9.62, 'm5-1': 5.36, 'm6-1': 29.7, 'm7-1': 9.98, 'm8-1': 105.7}",0.007499999999993179,147.575,inf,147.57999999999998,147.57999999999998,147.57999999999998
380,T4,BESTEFFORT,MISSED,m2-1,37.699,"{'m1-1': 24.47, 'm2-1': 1.08, 'm3-1': 104.45, 'm4-1': 10.98, 'm5-1': 5.05, 'm6-1': 27.44, 'm7-1': 9.57, 'm8-1': 103.92}",0.1785000000000423,147.57999999999998,inf,147.699,147.699,147.699
381,T7,BESTEFFORT,MISSED,m2-1,37.847,"{'m1-1': 26.0, 'm2-1': 0.99, 'm3-1': 99.83, 'm4-1': 10.74, 'm5-1': 5.5, 'm6-1': 27.64, 'm7-1': 10.29, 'm8-1': 107.04}",0.2219999999999942,147.699,inf,147.847,147.847,147.847
382,T7,BESTEFFORT,MISSED,m2-1,37.876,"{'m1-1': 26.24, 'm2-1': 0.95, 'm3-1': 105.4, 'm4-1': 10.53, 'm5-1': 5.56, 'm6-1': 23.92, 'm7-1': 9.76, 'm8-1': 109.31}",0.04349999999999454,147.847,inf,147.876,147.876,147.876
383,T9,BESTEFFORT,MISSED,m2-1,37.901,"{'m1-1': 24.12, 'm2-1': 1.06, 'm3-1': 111.54, 'm4-1': 10.87, 'm5-1': 4.85, 'm6-1': 25.01, 'm7-1': 9.48, 'm8-1': 100.22}",0.037500000000008527,147.876,inf,147.901,147.901,147.901
384,T1,BESTEFFORT,MISSED,m2-1,37.907,"{'m1-1': 26.44, 'm2-1': 1.01, 'm3-1': 113.85, 'm4-1': 10.16, 'm5-1': 5.66, 'm6-1': 24.83, 'm7-1': 10.13, 'm8-1': 104.34}",0.008999999999957708,147.901,inf,147.90699999999998,147.90699999999998,147.90699999999998
385,T4,BESTEFFORT,MISSED,m2-1,38.098,"{'m1-1': 23.73, 'm2-1': 1.06, 'm3-1': 106.87, 'm4-1': 11.56, 'm5-1': 5.81, 'm6-1': 23.94, 'm7-1': 9.37, 'm8-1': 110.68}",0.2865000000000464,147.90699999999998,inf,148.098,148.098,148.098
386,T8,BESTEFFORT,MISSED,m2-1,38.11,"{'m1-1': 26.9, 'm2-1': 1.13, 'm3-1': 106.54, 'm4-1': 10.57, 'm5-1': 5.05, 'm6-1': 28.71, 'm7-1': 10.34, 'm8-1': 108.95}",0.018000000000000682,148.098,inf,148.11,148.11,148.11
387,T5,BESTEFFORT,MISSED,m2-1,38.318,"{'m1-1': 27.96, 'm2-1': 1.13, 'm3-1': 107.8, 'm4-1': 10.38, 'm5-1': 5.24, 'm6-1': 24.2, 'm7-1': 10.38, 'm8-1': 106.48}",0.311999999999955,148.11,inf,148.31799999999998,148.31799999999998,148.31799999999998
388,T8,BESTEFFORT,MISSED,m2-1,38.352,"{'m1-1': 26.28, 'm2-1': 1.02, 'm3-1': 113.39, 'm4-1': 10.66, 'm5-1': 5.62, 'm6-1': 29.48, 'm7-1': 9.96, 'm8-1': 106.29}",0.051000000000030354,148.31799999999998,inf,148.352,148.352,148.352
389,T4,BESTEFFORT,MISSED,m2-1,38.396,"{'m1-1': 26.04, 'm2-1': 0.99, 'm3-1': 101.82, 'm4-1': 10.5, 'm5-1': 5.23, 'm6-1': 25.5, 'm7-1': 9.43, 'm8-1': 115.39}",0.06600000000001671,148.352,inf,148.39600000000002,148.39600000000002,148.39600000000002
390,T1,BESTEFFORT,MISSED,m2-1,38.481,"{'m1-1': 25.05, 'm2-1': 1.05, 'm3-1': 109.31, 'm4-1': 10.92, 'm5-1': 4.94, 'm6-1': 27.64, 'm7-1': 10.55, 'm8-1': 113.92}",0.1274999999999693,148.39600000000002,inf,148.481,148.481,148.481
391,T1,BESTEFFORT,MISSED,m2-1,38.526,"{'m1-1': 27.34, 'm2-1': 0.95, 'm3-1': 116.29, 'm4-1': 10.9, 'm5-1': 5.25, 'm6-1': 24.51, 'm7-1': 10.6, 'm8-1': 108.94}",0.06750000000002387,148.481,inf,148.526,148.526,148.526
392,T8,BESTEFFORT,MISSED,m2-1,38.552,"{'m1-1': 27.12, 'm2-1': 1.14, 'm3-1': 114.02, 'm4-1': 9.82, 'm5-1': 5.8, 'm6-1': 29.56, 'm7-1': 11.42, 'm8-1': 99.3}",0.038999999999973056,148.526,inf,148.552,148.552,148.552
393,T10,BESTEFFORT,MISSED,m2-1,38.698,"{'m1-1': 25.38, 'm2-1': 1.0, 'm3-1': 97.02, 'm4-1': 9.91, 'm5-1': 5.42, 'm6-1': 24.32, 'm7-1': 10.62, 'm8-1': 104.16}",0.2190000000000225,148.552,inf,148.698,148.698,148.698
394,T5,BESTEFFORT,MISSED,m2-1,38.707,"{'m1-1': 23.88, 'm2-1': 1.18, 'm3-1': 116.38, 'm4-1': 10.67, 'm5-1': 5.54, 'm6-1': 27.33, 'm7-1': 11.03, 'm8-1': 101.09}",0.013499999999979195,148.698,inf,148.707,148.707,148.707
395,T3,BESTEFFORT,MISSED,m2-1,38.947,"{'m1-1': 25.47, 'm2-1': 0.95, 'm3-1': 106.98, 'm4-1': 11.01, 'm5-1': 5.66, 'm6-1': 26.62, 'm7-1': 9.97, 'm8-1': 112.65}",0.36000000000001364,148.707,inf,148.947,148.947,148.947
396,T7,BESTEFFORT,MISSED,m2-1,39.057,"{'m1-1': 23.87, 'm2-1': 1.1, 'm3-1': 96.63, 'm4-1': 10.42, 'm5-1': 5.5, 'm6-1': 26.57, 'm7-1': 11.35, 'm8-1': 110.01}",0.16500000000002046,148.947,inf,149.05700000000002,149.05700000000002,149.05700000000002
397,T5,BESTEFFORT,MISSED,m2-1,39.195,"{'m1-1': 26.51, 'm2-1': 1.09, 'm3-1': 99.01, 'm4-1': 9.63, 'm5-1': 5.5, 'm6-1': 27.75, 'm7-1': 10.56, 'm8-1': 100.96}",0.2069999999999652,149.05700000000002,inf,149.195,149.195,149.195
398,T8,BESTEFFORT,MISSED,m2-1,39.202,"{'m1-1': 25.75, 'm2-1': 1.01, 'm3-1': 101.06, 'm4-1': 9.52, 'm5-1': 5.2, 'm6-1': 29.26, 'm7-1': 11.41, 'm8-1': 113.49}",0.010500000000007503,149.195,inf,149.202,149.202,149.202
399,T2,BESTEFFORT,MISSED,m2-1,39.203,"{'m1-1': 25.31, 'm2-1': 1.06, 'm3-1': 97.17, 'm4-1': 10.24, 'm5-1': 5.73, 'm6-1': 27.32, 'm7-1': 9.68, 'm8-1': 100.46}",0.0015000000000071623,149.202,inf,149.203,149.203,149.203
400,T8,BESTEFFORT,MISSED,m2-1,39.226,"{'m1-1': 23.52, 'm2-1': 1.01, 'm3-1': 108.64, 'm4-1': 9.84, 'm5-1': 5.5, 'm6-1': 28.3, 'm7-1': 10.39, 'm8-1': 103.87}",0.0344999999999942,149.203,inf,149.226,149.226,149.226
401,T8,BESTEFFORT,MISSED,m2-1,39.362,"{'m1-1': 25.51, 'm2-1': 1.04, 'm3-1': 106.21, 'm4-1': 10.34, 'm5-1': 5.35, 'm6-1': 25.98, 'm7-1': 10.97, 'm8-1': 98.28}",0.20399999999999352,149.226,inf,149.362,149.362,149.362
402,T9,BESTEFFORT,MISSED,m2-1,39.393,"{'m1-1': 26.2, 'm2-1': 0.96, 'm3-1': 116.16, 'm4-1': 11.08, 'm5-1': 5.31, 'm6-1': 27.91, 'm7-1': 9.8, 'm8-1': 114.3}",0.04650000000000887,149.362,inf,149.393,149.393,149.393
403,T3,BESTEFFORT,MISSED,m2-1,39.403,"{'m1-1': 24.1, 'm2-1': 0.98, 'm3-1': 105.89, 'm4-1': 10.63, 'm5-1': 5.44, 'm6-1': 24.11, 'm7-1': 11.09, 'm8-1': 111.62}",0.014999999999986358,149.393,inf,149.403,149.403,149.403
404,T7,BESTEFFORT,MISSED,m2-1,39.457,"{'m1-1': 25.19, 'm2-1': 1.02, 'm3-1': 109.32, 'm4-1': 10.39, 'm5-1': 5.32, 'm6-1': 27.25, 'm7-1': 10.6, 'm8-1': 108.67}",0.08100000000000307,149.403,inf,149.457,149.457,149.457
405,T5,BESTEFFORT,MISSED,m2-1,39.49,"{'m1-1': 25.42, 'm2-1': 1.01, 'm3-1': 102.58, 'm4-1': 9.65, 'm5-1': 5.35, 'm6-1': 24.37, 'm7-1': 10.89, 'm8-1': 105.34}",0.04950000000002319,149.457,inf,149.49,149.49,149.49
406,T5,BESTEFFORT,MISSED,m2-1,39.56,"{'m1-1': 24.46, 'm2-1': 1.15, 'm3-1': 112.42, 'm4-1': 9.49, 'm5-1': 5.62, 'm6-1': 25.44, 'm7-1': 11.46, 'm8-1': 106.97}",0.10499999999998977,149.49,inf,149.56,149.56,149.56
407,T5,BESTEFFORT,MISSED,m2-1,39.644,"{'m1-1': 27.03, 'm2-1': 1.1, 'm3-1': 110.85, 'm4-1': 10.67, 'm5-1': 5.35, 'm6-1': 26.24, 'm7-1': 11.02, 'm8-1': 104.09}",0.12600000000000477,149.56,inf,149.644,149.644,149.644
408,T8,BESTEFFORT,MISSED,m2-1,39.745,"{'m1-1': 26.41, 'm2-1': 1.04, 'm3-1': 110.67, 'm4-1': 10.27, 'm5-1': 4.98, 'm6-1': 27.04, 'm7-1': 11.3, 'm8-1': 103.57}",0.15149999999999864,149.644,inf,149.745,149.745,149.745
409,T5,BESTEFFORT,MISSED,m2-1,39.79,"{'m1-1': 27.71, 'm2-1': 1.14, 'm3-1': 114.7, 'm4-1': 9.94, 'm5-1': 5.22, 'm6-1': 25.72, 'm7-1': 9.81, 'm8-1': 100.74}",0.06749999999998124,149.745,inf,149.79,149.79,149.79
410,T7,BESTEFFORT,MISSED,m2-1,40.023,"{'m1-1': 26.09, 'm2-1': 1.09, 'm3-1': 101.38, 'm4-1': 10.71, 'm5-1': 5.07, 'm6-1': 27.53, 'm7-1': 11.06, 'm8-1': 98.99}",0.34950000000000614,149.79,inf,150.023,150.023,150.023
411,T10,BESTEFFORT,MISSED,m2-1,40.328,"{'m1-1': 28.23, 'm2-1': 1.04, 'm3-1': 94.86, 'm4-1': 9.49, 'm5-1': 4.76, 'm6-1': 26.22, 'm7-1': 11.27, 'm8-1': 107.9}",0.45750000000001023,150.023,inf,150.328,150.328,150.328
412,T10,BESTEFFORT,MISSED,m2-1,40.351,"{'m1-1': 24.81, 'm2-1': 1.13, 'm3-1': 95.0, 'm4-1': 10.35, 'm5-1': 5.53, 'm6-1': 26.51, 'm7-1': 10.53, 'm8-1': 102.84}",0.0344999999999942,150.328,inf,150.351,150.351,150.351
413,T3,BESTEFFORT,MISSED,m2-1,40.456,"{'m1-1': 26.2, 'm2-1': 1.1, 'm3-1': 110.91, 'm4-1': 11.07, 'm5-1': 4.98, 'm6-1': 23.17, 'm7-1': 10.49, 'm8-1': 112.03}",0.15750000000002728,150.351,inf,150.45600000000002,150.45600000000002,150.45600000000002
414,T4,BESTEFFORT,MISSED,m2-1,40.487,"{'m1-1': 23.25, 'm2-1': 1.01, 'm3-1': 98.52, 'm4-1': 10.06, 'm5-1': 5.87, 'm6-1': 24.65, 'm7-1': 10.65, 'm8-1': 107.94}",0.046499999999966235,150.45600000000002,inf,150.487,150.487,150.487
415,T3,BESTEFFORT,MISSED,m2-1,40.614,"{'m1-1': 28.09, 'm2-1': 1.01, 'm3-1': 100.08, 'm4-1': 9.85, 'm5-1': 5.26, 'm6-1': 23.41, 'm7-1': 11.15, 'm8-1': 98.88}",0.19050000000001432,150.487,inf,150.614,150.614,150.614
416,T6,BESTEFFORT,MISSED,m2-1,40.641,"{'m1-1': 25.47, 'm2-1': 0.97, 'm3-1': 112.42, 'm4-1': 11.73, 'm5-1': 5.07, 'm6-1': 27.13, 'm7-1': 11.02, 'm8-1': 108.1}",0.04049999999998022,150.614,inf,150.641,150.641,150.641
417,T2,BESTEFFORT,MISSED,m2-1,40.696,"{'m1-1': 25.43, 'm2-1': 1.1, 'm3-1': 97.37, 'm4-1': 10.74, 'm5-1': 5.57, 'm6-1': 27.5, 'm7-1': 10.63, 'm8-1': 99.11}",0.08250000000001023,150.641,inf,150.696,150.696,150.696
418,T5,BESTEFFORT,MISSED,m2-1,40.775,"{'m1-1': 27.62, 'm2-1': 1.14, 'm3-1': 108.03, 'm4-1': 10.08, 'm5-1': 5.7, 'm6-1': 24.26, 'm7-1': 11.23, 'm8-1': 99.68}",0.1185000000000116,150.696,inf,150.775,150.775,150.775
419,T7,BESTEFFORT,MISSED,m2-1,40.797,"{'m1-1': 26.27, 'm2-1': 1.01, 'm3-1': 107.49, 'm4-1': 11.17, 'm5-1': 5.2, 'm6-1': 26.91, 'm7-1': 10.72, 'm8-1': 104.19}",0.03299999999998704,150.775,inf,150.797,150.797,150.797
420,T2,BESTEFFORT,MISSED,m2-1,40.964,"{'m1-1': 26.25, 'm2-1': 1.13, 'm3-1': 110.75, 'm4-1': 10.9, 'm5-1': 5.11, 'm6-1': 27.48, 'm7-1': 10.2, 'm8-1': 107.79}",0.2505000000000024,150.797,inf,150.964,150.964,150.964
421,T7,BESTEFFORT,MISSED,m2-1,41.03,"{'m1-1': 27.41, 'm2-1': 0.97, 'm3-1': 109.04, 'm4-1': 11.02, 'm5-1': 4.84, 'm6-1': 24.61, 'm7-1': 9.8, 'm8-1': 112.83}",0.09900000000000375,150.964,inf,151.03,151.03,151.03
422,T2,BESTEFFORT,MISSED,m2-1,41.052,"{'m1-1': 26.38, 'm2-1': 1.11, 'm3-1': 106.82, 'm4-1': 11.2, 'm5-1': 5.3, 'm6-1': 25.68, 'm7-1': 9.64, 'm8-1': 110.75}",0.03299999999998704,151.03,inf,151.052,151.052,151.052
423,T1,BESTEFFORT,MISSED,m2-1,41.112,"{'m1-1': 28.27, 'm2-1': 0.95, 'm3-1': 103.43, 'm4-1': 11.38, 'm5-1': 5.53, 'm6-1': 27.86, 'm7-1': 10.46, 'm8-1': 99.65}",0.09000000000000341,151.052,inf,151.112,151.112,151.112
424,T9,BESTEFFORT,MISSED,m2-1,41.337,"{'m1-1': 27.22, 'm2-1': 0.95, 'm3-1': 98.45, 'm4-1': 10.0, 'm5-1': 5.09, 'm6-1': 28.58, 'm7-1': 9.62, 'm8-1': 102.94}",0.3374999999999915,151.112,inf,151.337,151.337,151.337
425,T8,BESTEFFORT,MISSED,m2-1,41.511,"{'m1-1': 26.09, 'm2-1': 1.06, 'm3-1': 106.98, 'm4-1': 10.41, 'm5-1': 5.57, 'm6-1': 27.32, 'm7-1': 11.68, 'm8-1': 111.78}",0.2610000000000099,151.337,inf,151.511,151.511,151.511
426,T7,BESTEFFORT,MISSED,m2-1,41.535,"{'m1-1': 26.59, 'm2-1': 0.98, 'm3-1': 108.05, 'm4-1': 11.33, 'm5-1': 5.5, 'm6-1': 26.11, 'm7-1': 11.1, 'm8-1': 97.54}",0.036000000000001364,151.511,inf,151.535,151.535,151.535
427,T5,BESTEFFORT,MISSED,m2-1,41.541,"{'m1-1': 27.67, 'm2-1': 1.06, 'm3-1': 116.48, 'm4-1': 10.1, 'm5-1': 5.57, 'm6-1': 26.83, 'm7-1': 9.93, 'm8-1': 105.89}",0.009000000000000341,151.535,inf,151.541,151.541,151.541
428,T8,BESTEFFORT,MISSED,m2-1,41.567,"{'m1-1': 26.88, 'm2-1': 1.06, 'm3-1': 108.13, 'm4-1': 10.53, 'm5-1': 5.11, 'm6-1': 25.47, 'm7-1': 10.08, 'm8-1': 102.17}",0.03900000000001569,151.541,inf,151.567,151.567,151.567
429,T5,BESTEFFORT,MISSED,m2-1,41.644,"{'m1-1': 24.52, 'm2-1': 1.05, 'm3-1': 106.75, 'm4-1': 9.32, 'm5-1': 5.43, 'm6-1': 23.71, 'm7-1': 11.47, 'm8-1': 117.22}",0.11549999999999727,151.567,inf,151.644,151.644,151.644
430,T2,BESTEFFORT,MISSED,m2-1,41.658,"{'m1-1': 28.29, 'm2-1': 1.11, 'm3-1': 113.36, 'm4-1': 10.06, 'm5-1': 4.94, 'm6-1': 26.5, 'm7-1': 10.01, 'm8-1': 111.83}",0.021000000000015007,151.644,inf,151.65800000000002,151.65800000000002,151.65800000000002
431,T6,BESTEFFORT,MISSED,m2-1,41.827,"{'m1-1': 27.92, 'm2-1': 0.99, 'm3-1': 99.75, 'm4-1': 10.97, 'm5-1': 4.87, 'm6-1': 26.2, 'm7-1': 11.3, 'm8-1': 108.16}",0.0,151.827,inf,151.827,151.827,151.827
432,T10,BESTEFFORT,MISSED,m2-1,41.827,"{'m1-1': 25.01, 'm2-1': 1.08, 'm3-1': 110.17, 'm4-1': 10.04, 'm5-1': 5.0, 'm6-1': 26.5, 'm7-1': 11.07, 'm8-1': 100.94}",0.2534999999999741,151.65800000000002,inf,151.827,151.827,151.827
433,T3,BESTEFFORT,MISSED,m2-1,42.033,"{'m1-1': 27.54, 'm2-1': 1.04, 'm3-1': 99.51, 'm4-1': 10.88, 'm5-1': 5.11, 'm6-1': 25.53, 'm7-1': 10.96, 'm8-1': 112.55}",0.3090000000000259,151.827,inf,152.03300000000002,152.03300000000002,152.03300000000002
434,T1,BESTEFFORT,MISSED,m2-1,42.156,"{'m1-1': 28.06, 'm2-1': 1.08, 'm3-1': 105.36, 'm4-1': 10.47, 'm5-1': 5.2, 'm6-1': 28.11, 'm7-1': 11.18, 'm8-1': 105.82}",0.18449999999998568,152.03300000000002,inf,152.156,152.156,152.156
435,T5,BESTEFFORT,MISSED,m2-1,42.265,"{'m1-1': 25.43, 'm2-1': 1.12, 'm3-1': 112.92, 'm4-1': 9.6, 'm5-1': 5.22, 'm6-1': 26.86, 'm7-1': 11.25, 'm8-1': 108.42}",0.16349999999997067,152.156,inf,152.265,152.265,152.265
436,T7,BESTEFFORT,MISSED,m2-1,42.436,"{'m1-1': 24.74, 'm2-1': 0.99, 'm3-1': 98.25, 'm4-1': 10.07, 'm5-1': 5.2, 'm6-1': 26.97, 'm7-1': 10.01, 'm8-1': 97.66}",0.25650000000003104,152.265,inf,152.436,152.436,152.436
437,T8,BESTEFFORT,MISSED,m2-1,42.601,"{'m1-1': 25.51, 'm2-1': 1.13, 'm3-1': 108.64, 'm4-1': 10.05, 'm5-1': 5.46, 'm6-1': 29.36, 'm7-1': 10.14, 'm8-1': 106.54}",0.24749999999998806,152.436,inf,152.601,152.601,152.601
438,T9,BESTEFFORT,MISSED,m2-1,42.653,"{'m1-1': 26.87, 'm2-1': 1.01, 'm3-1': 98.62, 'm4-1': 10.76, 'm5-1': 4.87, 'm6-1': 24.94, 'm7-1': 10.26, 'm8-1': 99.81}",0.07799999999998875,152.601,inf,152.653,152.653,152.653
439,T6,BESTEFFORT,MISSED,m2-1,42.715,"{'m1-1': 27.24, 'm2-1': 0.96, 'm3-1': 105.3, 'm4-1': 11.5, 'm5-1': 5.39, 'm6-1': 27.7, 'm7-1': 10.32, 'm8-1': 100.52}",0.09300000000001774,152.653,inf,152.715,152.715,152.715
440,T1,BESTEFFORT,MISSED,m2-1,42.75,"{'m1-1': 28.69, 'm2-1': 0.98, 'm3-1': 115.95, 'm4-1': 10.78, 'm5-1': 5.18, 'm6-1': 26.82, 'm7-1': 10.11, 'm8-1': 109.35}",0.052499999999994884,152.715,inf,152.75,152.75,152.75
441,T9,BESTEFFORT,MISSED,m2-1,42.76,"{'m1-1': 26.46, 'm2-1': 0.95, 'm3-1': 116.31, 'm4-1': 10.35, 'm5-1': 5.47, 'm6-1': 26.19, 'm7-1': 10.03, 'm8-1': 99.48}",0.014999999999986358,152.75,inf,152.76,152.76,152.76
442,T7,BESTEFFORT,MISSED,m2-1,42.778,"{'m1-1': 26.4, 'm2-1': 0.96, 'm3-1': 101.96, 'm4-1': 11.3, 'm5-1': 4.96, 'm6-1': 26.94, 'm7-1': 10.5, 'm8-1': 99.7}",0.027000000000001023,152.76,inf,152.778,152.778,152.778
443,T1,BESTEFFORT,MISSED,m2-1,42.806,"{'m1-1': 28.65, 'm2-1': 0.93, 'm3-1': 104.1, 'm4-1': 10.05, 'm5-1': 5.41, 'm6-1': 24.28, 'm7-1': 10.13, 'm8-1': 109.21}",0.04199999999998738,152.778,inf,152.80599999999998,152.80599999999998,152.80599999999998
444,T1,BESTEFFORT,MISSED,m2-1,42.898,"{'m1-1': 28.31, 'm2-1': 1.07, 'm3-1': 112.77, 'm4-1': 11.19, 'm5-1': 5.41, 'm6-1': 25.25, 'm7-1': 10.04, 'm8-1': 107.6}",0.13800000000001944,152.80599999999998,inf,152.898,152.898,152.898
445,T6,BESTEFFORT,MISSED,m2-1,42.903,"{'m1-1': 29.4, 'm2-1': 0.99, 'm3-1': 99.1, 'm4-1': 10.8, 'm5-1': 5.53, 'm6-1': 25.18, 'm7-1': 9.89, 'm8-1': 111.42}",0.007499999999993179,152.898,inf,152.903,152.903,152.903
446,T5,BESTEFFORT,MISSED,m2-1,43.503,"{'m1-1': 27.43, 'm2-1': 1.18, 'm3-1': 99.85, 'm4-1': 9.46, 'm5-1': 5.6, 'm6-1': 24.32, 'm7-1': 10.97, 'm8-1': 100.79}",0.8999999999999915,152.903,inf,153.503,153.503,153.503
447,T4,BESTEFFORT,MISSED,m2-1,43.523,"{'m1-1': 25.56, 'm2-1': 1.03, 'm3-1': 100.28, 'm4-1': 11.28, 'm5-1': 5.71, 'm6-1': 26.2, 'm7-1': 9.44, 'm8-1': 103.99}",0.030000000000015348,153.503,inf,153.523,153.523,153.523
448,T6,BESTEFFORT,MISSED,m2-1,43.548,"{'m1-1': 26.62, 'm2-1': 1.07, 'm3-1': 110.69, 'm4-1': 11.01, 'm5-1': 5.11, 'm6-1': 25.75, 'm7-1': 9.81, 'm8-1': 102.79}",0.037500000000008527,153.523,inf,153.548,153.548,153.548
449,T2,BESTEFFORT,MISSED,m2-1,43.631,"{'m1-1': 27.66, 'm2-1': 1.04, 'm3-1': 98.72, 'm4-1': 9.98, 'm5-1': 4.88, 'm6-1': 28.45, 'm7-1': 9.56, 'm8-1': 110.22}",0.12449999999999761,153.548,inf,153.631,153.631,153.631
450,T9,BESTEFFORT,MISSED,m2-1,43.664,"{'m1-1': 27.54, 'm2-1': 1.09, 'm3-1': 106.38, 'm4-1': 10.5, 'm5-1': 5.51, 'm6-1': 28.26, 'm7-1': 9.62, 'm8-1': 102.25}",0.04949999999998056,153.631,inf,153.664,153.664,153.664
451,T2,BESTEFFORT,MISSED,m2-1,43.699,"{'m1-1': 26.01, 'm2-1': 1.07, 'm3-1': 114.53, 'm4-1': 9.91, 'm5-1': 5.04, 'm6-1': 26.97, 'm7-1': 10.95, 'm8-1': 117.01}",0.05250000000003752,153.664,inf,153.699,153.699,153.699
452,T4,BESTEFFORT,MISSED,m2-1,43.745,"{'m1-1': 22.96, 'm2-1': 1.14, 'm3-1': 104.19, 'm4-1': 11.41, 'm5-1': 5.01, 'm6-1': 23.77, 'm7-1': 9.34, 'm8-1': 106.03}",0.0689999999999884,153.699,inf,153.745,153.745,153.745
453,T3,BESTEFFORT,MISSED,m2-1,43.754,"{'m1-1': 26.94, 'm2-1': 0.97, 'm3-1': 96.24, 'm4-1': 10.88, 'm5-1': 5.6, 'm6-1': 26.97, 'm7-1': 11.21, 'm8-1': 101.61}",0.013499999999979195,153.745,inf,153.754,153.754,153.754
454,T1,BESTEFFORT,MISSED,m2-1,43.796,"{'m1-1': 26.89, 'm2-1': 0.95, 'm3-1': 111.56, 'm4-1': 10.01, 'm5-1': 5.54, 'm6-1': 24.69, 'm7-1': 10.29, 'm8-1': 107.77}",0.06300000000000239,153.754,inf,153.796,153.796,153.796
455,T1,BESTEFFORT,MISSED,m2-1,43.846,"{'m1-1': 28.81, 'm2-1': 0.94, 'm3-1': 103.24, 'm4-1': 9.93, 'm5-1': 5.42, 'm6-1': 26.39, 'm7-1': 11.27, 'm8-1': 105.07}",0.07500000000001705,153.796,inf,153.846,153.846,153.846
456,T9,BESTEFFORT,MISSED,m2-1,43.982,"{'m1-1': 25.55, 'm2-1': 0.96, 'm3-1': 114.57, 'm4-1': 9.52, 'm5-1': 5.34, 'm6-1': 29.42, 'm7-1': 9.56, 'm8-1': 108.65}",0.20399999999999352,153.846,inf,153.982,153.982,153.982
457,T2,BESTEFFORT,MISSED,m2-1,44.072,"{'m1-1': 27.08, 'm2-1': 0.99, 'm3-1': 105.64, 'm4-1': 9.84, 'm5-1': 4.86, 'm6-1': 26.98, 'm7-1': 10.3, 'm8-1': 106.04}",0.13500000000000512,153.982,inf,154.072,154.072,154.072
458,T6,BESTEFFORT,MISSED,m2-1,44.109,"{'m1-1': 25.72, 'm2-1': 0.93, 'm3-1': 106.98, 'm4-1': 10.86, 'm5-1': 5.05, 'm6-1': 25.28, 'm7-1': 11.17, 'm8-1': 107.91}",0.05550000000000921,154.072,inf,154.109,154.109,154.109
459,T6,BESTEFFORT,MISSED,m2-1,44.186,"{'m1-1': 26.68, 'm2-1': 1.0, 'm3-1': 102.24, 'm4-1': 11.35, 'm5-1': 5.12, 'm6-1': 28.48, 'm7-1': 11.06, 'm8-1': 97.08}",0.11549999999999727,154.109,inf,154.186,154.186,154.186
460,T1,BESTEFFORT,MISSED,m2-1,44.19,"{'m1-1': 26.44, 'm2-1': 0.95, 'm3-1': 111.24, 'm4-1': 9.99, 'm5-1': 5.3, 'm6-1': 27.35, 'm7-1': 11.08, 'm8-1': 115.12}",0.0059999999999860165,154.186,inf,154.19,154.19,154.19
461,T6,BESTEFFORT,MISSED,m2-1,44.22,"{'m1-1': 26.3, 'm2-1': 0.96, 'm3-1': 112.24, 'm4-1': 10.18, 'm5-1': 4.98, 'm6-1': 28.7, 'm7-1': 10.6, 'm8-1': 94.44}",0.045000000000001705,154.19,inf,154.22,154.22,154.22
462,T4,BESTEFFORT,MISSED,m2-1,44.321,"{'m1-1': 24.01, 'm2-1': 1.05, 'm3-1': 109.08, 'm4-1': 10.68, 'm5-1': 5.36, 'm6-1': 27.25, 'm7-1': 9.9, 'm8-1': 107.03}",0.15149999999999864,154.22,inf,154.321,154.321,154.321
463,T4,BESTEFFORT,MISSED,m2-1,44.418,"{'m1-1': 24.42, 'm2-1': 0.99, 'm3-1': 100.63, 'm4-1': 10.42, 'm5-1': 5.93, 'm6-1': 28.0, 'm7-1': 9.45, 'm8-1': 103.53}",0.14550000000001262,154.321,inf,154.418,154.418,154.418
464,T5,BESTEFFORT,MISSED,m2-1,44.425,"{'m1-1': 25.77, 'm2-1': 1.16, 'm3-1': 105.07, 'm4-1': 10.07, 'm5-1': 5.1, 'm6-1': 27.71, 'm7-1': 11.05, 'm8-1': 103.84}",0.010500000000007503,154.418,inf,154.425,154.425,154.425
465,T4,BESTEFFORT,MISSED,m2-1,44.427,"{'m1-1': 26.04, 'm2-1': 1.02, 'm3-1': 111.34, 'm4-1': 11.59, 'm5-1': 5.85, 'm6-1': 26.48, 'm7-1': 10.27, 'm8-1': 108.67}",0.002999999999971692,154.425,inf,154.427,154.427,154.427
466,T4,BESTEFFORT,MISSED,m2-1,44.739,"{'m1-1': 24.9, 'm2-1': 1.16, 'm3-1': 109.47, 'm4-1': 10.05, 'm5-1': 5.01, 'm6-1': 26.34, 'm7-1': 9.14, 'm8-1': 99.3}",0.46800000000001774,154.427,inf,154.739,154.739,154.739
467,T9,BESTEFFORT,MISSED,m2-1,44.797,"{'m1-1': 24.22, 'm2-1': 1.02, 'm3-1': 111.93, 'm4-1': 11.12, 'm5-1': 4.93, 'm6-1': 25.21, 'm7-1': 9.69, 'm8-1': 108.07}",0.08699999999998909,154.739,inf,154.797,154.797,154.797
468,T1,BESTEFFORT,MISSED,m2-1,44.949,"{'m1-1': 25.62, 'm2-1': 0.97, 'm3-1': 116.0, 'm4-1': 10.15, 'm5-1': 5.67, 'm6-1': 28.56, 'm7-1': 10.22, 'm8-1': 107.82}",0.22800000000002285,154.797,inf,154.949,154.949,154.949
469,T1,BESTEFFORT,MISSED,m2-1,45.013,"{'m1-1': 25.63, 'm2-1': 1.08, 'm3-1': 109.5, 'm4-1': 10.79, 'm5-1': 5.32, 'm6-1': 27.46, 'm7-1': 10.93, 'm8-1': 112.31}",0.09599999999998943,154.949,inf,155.013,155.013,155.013
470,T8,BESTEFFORT,MISSED,m2-1,45.031,"{'m1-1': 24.24, 'm2-1': 1.0, 'm3-1': 106.88, 'm4-1': 10.5, 'm5-1': 5.46, 'm6-1': 25.9, 'm7-1': 11.11, 'm8-1': 107.67}",0.027000000000001023,155.013,inf,155.031,155.031,155.031
471,T7,BESTEFFORT,MISSED,m2-1,45.059,"{'m1-1': 25.94, 'm2-1': 1.05, 'm3-1': 110.86, 'm4-1': 9.9, 'm5-1': 5.0, 'm6-1': 26.12, 'm7-1': 10.65, 'm8-1': 108.06}",0.04199999999998738,155.031,inf,155.059,155.059,155.059
472,T5,BESTEFFORT,MISSED,m2-1,45.117,"{'m1-1': 25.02, 'm2-1': 1.16, 'm3-1': 103.17, 'm4-1': 10.38, 'm5-1': 5.67, 'm6-1': 25.81, 'm7-1': 11.38, 'm8-1': 109.08}",0.08699999999998909,155.059,inf,155.117,155.117,155.117
473,T10,BESTEFFORT,MISSED,m2-1,45.264,"{'m1-1': 24.3, 'm2-1': 1.03, 'm3-1': 95.59, 'm4-1': 10.36, 'm5-1': 4.75, 'm6-1': 25.08, 'm7-1': 10.18, 'm8-1': 100.85}",0.22050000000002967,155.117,inf,155.264,155.264,155.264
474,T1,BESTEFFORT,MISSED,m2-1,45.593,"{'m1-1': 25.48, 'm2-1': 0.99, 'm3-1': 112.96, 'm4-1': 11.13, 'm5-1': 5.21, 'm6-1': 26.26, 'm7-1': 10.61, 'm8-1': 104.29}",0.4935000000000116,155.264,inf,155.59300000000002,155.59300000000002,155.59300000000002
475,T10,BESTEFFORT,MISSED,m2-1,45.841,"{'m1-1': 25.47, 'm2-1': 1.16, 'm3-1': 96.59, 'm4-1': 9.67, 'm5-1': 5.31, 'm6-1': 25.03, 'm7-1': 10.13, 'm8-1': 99.45}",0.3719999999999857,155.59300000000002,inf,155.841,155.841,155.841
476,T6,BESTEFFORT,MISSED,m2-1,45.889,"{'m1-1': 25.79, 'm2-1': 1.09, 'm3-1': 106.71, 'm4-1': 11.42, 'm5-1': 5.06, 'm6-1': 27.5, 'm7-1': 11.04, 'm8-1': 101.84}",0.07200000000000273,155.841,inf,155.889,155.889,155.889
477,T4,BESTEFFORT,MISSED,m2-1,46.007,"{'m1-1': 25.78, 'm2-1': 1.15, 'm3-1': 100.87, 'm4-1': 10.42, 'm5-1': 5.06, 'm6-1': 25.96, 'm7-1': 10.61, 'm8-1': 101.86}",0.1769999999999925,155.889,inf,156.007,156.007,156.007
478,T3,BESTEFFORT,MISSED,m2-1,46.137,"{'m1-1': 25.17, 'm2-1': 0.98, 'm3-1': 98.56, 'm4-1': 11.38, 'm5-1': 5.55, 'm6-1': 23.12, 'm7-1': 9.57, 'm8-1': 104.84}",0.19499999999999318,156.007,inf,156.137,156.137,156.137
479,T1,BESTEFFORT,MISSED,m2-1,46.209,"{'m1-1': 28.13, 'm2-1': 1.04, 'm3-1': 102.6, 'm4-1': 10.85, 'm5-1': 4.95, 'm6-1': 26.29, 'm7-1': 10.07, 'm8-1': 112.68}",0.10800000000000409,156.137,inf,156.209,156.209,156.209
480,T4,BESTEFFORT,MISSED,m2-1,46.308,"{'m1-1': 26.54, 'm2-1': 1.13, 'm3-1': 99.09, 'm4-1': 10.61, 'm5-1': 5.16, 'm6-1': 24.71, 'm7-1': 10.78, 'm8-1': 115.04}",0.1484999999999843,156.209,inf,156.308,156.308,156.308
481,T4,BESTEFFORT,MISSED,m2-1,46.346,"{'m1-1': 24.26, 'm2-1': 1.16, 'm3-1': 98.66, 'm4-1': 10.18, 'm5-1': 5.52, 'm6-1': 24.75, 'm7-1': 9.42, 'm8-1': 99.18}",0.05700000000001637,156.308,inf,156.346,156.346,156.346
482,T2,BESTEFFORT,MISSED,m2-1,46.582,"{'m1-1': 26.43, 'm2-1': 1.09, 'm3-1': 111.8, 'm4-1': 9.83, 'm5-1': 4.91, 'm6-1': 25.48, 'm7-1': 10.8, 'm8-1': 113.98}",0.353999999999985,156.346,inf,156.582,156.582,156.582
483,T6,BESTEFFORT,MISSED,m2-1,46.585,"{'m1-1': 28.41, 'm2-1': 1.0, 'm3-1': 103.87, 'm4-1': 11.75, 'm5-1': 5.62, 'm6-1': 28.49, 'm7-1': 10.9, 'm8-1': 95.02}",0.004500000000021487,156.582,inf,156.585,156.585,156.585
484,T2,BESTEFFORT,MISSED,m2-1,46.611,"{'m1-1': 29.36, 'm2-1': 1.08, 'm3-1': 104.86, 'm4-1': 9.65, 'm5-1': 5.5, 'm6-1': 27.88, 'm7-1': 9.78, 'm8-1': 113.77}",0.038999999999973056,156.585,inf,156.611,156.611,156.611
485,T2,BESTEFFORT,MISSED,m2-1,46.623,"{'m1-1': 27.83, 'm2-1': 0.99, 'm3-1': 98.89, 'm4-1': 9.99, 'm5-1': 5.38, 'm6-1': 24.37, 'm7-1': 10.6, 'm8-1': 112.46}",0.018000000000000682,156.611,inf,156.623,156.623,156.623
486,T9,BESTEFFORT,MISSED,m2-1,46.792,"{'m1-1': 25.71, 'm2-1': 1.07, 'm3-1': 100.92, 'm4-1': 10.69, 'm5-1': 5.22, 'm6-1': 27.78, 'm7-1': 9.19, 'm8-1': 117.31}",0.2535000000000167,156.623,inf,156.792,156.792,156.792
487,T3,BESTEFFORT,MISSED,m2-1,46.913,"{'m1-1': 26.25, 'm2-1': 1.03, 'm3-1': 109.44, 'm4-1': 11.45, 'm5-1': 5.26, 'm6-1': 26.95, 'm7-1': 10.08, 'm8-1': 100.76}",0.18150000000001398,156.792,inf,156.913,156.913,156.913
488,T10,BESTEFFORT,MISSED,m2-1,46.923,"{'m1-1': 26.93, 'm2-1': 1.12, 'm3-1': 95.75, 'm4-1': 10.05, 'm5-1': 5.58, 'm6-1': 26.22, 'm7-1': 10.48, 'm8-1': 98.44}",0.014999999999986358,156.913,inf,156.923,156.923,156.923
489,T5,BESTEFFORT,MISSED,m2-1,47.086,"{'m1-1': 26.08, 'm2-1': 1.1, 'm3-1': 115.89, 'm4-1': 10.68, 'm5-1': 5.27, 'm6-1': 26.39, 'm7-1': 10.66, 'm8-1': 107.74}",0.24450000000001637,156.923,inf,157.086,157.086,157.086
490,T4,BESTEFFORT,MISSED,m2-1,47.111,"{'m1-1': 25.75, 'm2-1': 1.02, 'm3-1': 102.77, 'm4-1': 10.58, 'm5-1': 5.32, 'm6-1': 24.65, 'm7-1': 10.28, 'm8-1': 106.23}",0.037499999999965894,157.086,inf,157.111,157.111,157.111
491,T5,BESTEFFORT,MISSED,m2-1,47.134,"{'m1-1': 25.81, 'm2-1': 1.09, 'm3-1': 116.06, 'm4-1': 10.13, 'm5-1': 5.69, 'm6-1': 26.28, 'm7-1': 10.09, 'm8-1': 101.06}",0.034500000000036835,157.111,inf,157.13400000000001,157.13400000000001,157.13400000000001
492,T8,BESTEFFORT,MISSED,m2-1,47.403,"{'m1-1': 26.29, 'm2-1': 1.02, 'm3-1': 112.62, 'm4-1': 9.88, 'm5-1': 5.55, 'm6-1': 26.2, 'm7-1': 11.59, 'm8-1': 113.49}",0.40349999999996555,157.13400000000001,inf,157.403,157.403,157.403
493,T9,BESTEFFORT,MISSED,m2-1,47.627,"{'m1-1': 27.2, 'm2-1': 0.99, 'm3-1': 108.15, 'm4-1': 10.8, 'm5-1': 5.62, 'm6-1': 28.76, 'm7-1': 9.37, 'm8-1': 109.83}",0.33600000000002694,157.403,inf,157.627,157.627,157.627
494,T2,BESTEFFORT,MISSED,m2-1,47.688,"{'m1-1': 27.65, 'm2-1': 0.97, 'm3-1': 113.65, 'm4-1': 9.97, 'm5-1': 5.73, 'm6-1': 27.91, 'm7-1': 9.68, 'm8-1': 105.48}",0.09149999999996794,157.627,inf,157.688,157.688,157.688
495,T3,BESTEFFORT,MISSED,m2-1,47.76,"{'m1-1': 26.76, 'm2-1': 1.01, 'm3-1': 111.89, 'm4-1': 11.49, 'm5-1': 5.08, 'm6-1': 27.26, 'm7-1': 9.69, 'm8-1': 97.51}",0.10800000000000409,157.688,inf,157.76,157.76,157.76
496,T9,BESTEFFORT,MISSED,m2-1,48.272,"{'m1-1': 25.25, 'm2-1': 1.04, 'm3-1': 115.77, 'm4-1': 10.93, 'm5-1': 4.91, 'm6-1': 29.43, 'm7-1': 9.79, 'm8-1': 111.63}",0.7680000000000007,157.76,inf,158.272,158.272,158.272
497,T10,BESTEFFORT,MISSED,m2-1,48.339,"{'m1-1': 27.51, 'm2-1': 1.16, 'm3-1': 102.9, 'm4-1': 10.54, 'm5-1': 5.16, 'm6-1': 24.19, 'm7-1': 10.03, 'm8-1': 98.6}",0.10050000000001091,158.272,inf,158.339,158.339,158.339
498,T3,BESTEFFORT,MISSED,m2-1,48.384,"{'m1-1': 24.07, 'm2-1': 1.07, 'm3-1': 98.94, 'm4-1': 10.47, 'm5-1': 5.47, 'm6-1': 26.27, 'm7-1': 10.32, 'm8-1': 102.44}",0.06750000000002387,158.339,inf,158.38400000000001,158.38400000000001,158.38400000000001
499,T9,BESTEFFORT,MISSED,m2-1,48.572,"{'m1-1': 25.92, 'm2-1': 0.99, 'm3-1': 110.5, 'm4-1': 10.98, 'm5-1': 5.51, 'm6-1': 25.24, 'm7-1': 10.17, 'm8-1': 104.15}",0.28199999999998226,158.38400000000001,inf,158.572,158.572,158.572
500,T1,BESTEFFORT,MISSED,m2-1,48.799,"{'m1-1': 26.09, 'm2-1': 1.06, 'm3-1': 111.08, 'm4-1': 10.8, 'm5-1': 5.61, 'm6-1': 25.14, 'm7-1': 11.19, 'm8-1': 105.98}",0.3405000000000058,158.572,inf,158.799,158.799,158.799
501,T10,BESTEFFORT,MISSED,m2-1,48.98,"{'m1-1': 25.9, 'm2-1': 1.14, 'm3-1': 97.0, 'm4-1': 9.64, 'm5-1': 5.44, 'm6-1': 24.26, 'm7-1': 11.27, 'm8-1': 104.11}",0.27149999999997476,158.799,inf,158.98,158.98,158.98
502,T9,BESTEFFORT,MISSED,m2-1,49.031,"{'m1-1': 26.68, 'm2-1': 0.96, 'm3-1': 101.46, 'm4-1': 9.46, 'm5-1': 5.44, 'm6-1': 24.87, 'm7-1': 10.47, 'm8-1': 103.48}",0.07650000000002422,158.98,inf,159.031,159.031,159.031
503,T1,BESTEFFORT,MISSED,m2-1,49.068,"{'m1-1': 26.56, 'm2-1': 0.95, 'm3-1': 101.81, 'm4-1': 10.92, 'm5-1': 4.9, 'm6-1': 27.38, 'm7-1': 10.9, 'm8-1': 110.16}",0.055499999999966576,159.031,inf,159.06799999999998,159.06799999999998,159.06799999999998
504,T6,BESTEFFORT,MISSED,m2-1,49.206,"{'m1-1': 27.69, 'm2-1': 1.08, 'm3-1': 106.1, 'm4-1': 9.98, 'm5-1': 5.27, 'm6-1': 27.07, 'm7-1': 10.41, 'm8-1': 109.4}",0.20700000000005048,159.06799999999998,inf,159.20600000000002,159.20600000000002,159.20600000000002
505,T5,BESTEFFORT,MISSED,m2-1,49.224,"{'m1-1': 26.01, 'm2-1': 1.02, 'm3-1': 108.96, 'm4-1': 9.2, 'm5-1': 5.52, 'm6-1': 26.0, 'm7-1': 11.02, 'm8-1': 103.07}",0.02699999999995839,159.20600000000002,inf,159.224,159.224,159.224
506,T8,BESTEFFORT,MISSED,m2-1,49.365,"{'m1-1': 23.2, 'm2-1': 1.05, 'm3-1': 104.76, 'm4-1': 10.13, 'm5-1': 4.94, 'm6-1': 27.35, 'm7-1': 11.13, 'm8-1': 114.99}",0.21150000000002933,159.224,inf,159.365,159.365,159.365
507,T10,BESTEFFORT,MISSED,m2-1,49.499,"{'m1-1': 24.34, 'm2-1': 1.07, 'm3-1': 107.01, 'm4-1': 10.13, 'm5-1': 4.86, 'm6-1': 24.98, 'm7-1': 11.46, 'm8-1': 104.93}",0.2009999999999792,159.365,inf,159.499,159.499,159.499
508,T6,BESTEFFORT,MISSED,m2-1,49.703,"{'m1-1': 27.07, 'm2-1': 1.02, 'm3-1': 108.38, 'm4-1': 10.99, 'm5-1': 5.6, 'm6-1': 26.49, 'm7-1': 10.85, 'm8-1': 109.37}",0.3060000000000116,159.499,inf,159.703,159.703,159.703
509,T4,BESTEFFORT,MISSED,m2-1,49.713,"{'m1-1': 24.9, 'm2-1': 1.07, 'm3-1': 103.08, 'm4-1': 9.86, 'm5-1': 5.89, 'm6-1': 23.81, 'm7-1': 9.24, 'm8-1': 116.12}",0.014999999999986358,159.703,inf,159.713,159.713,159.713
510,T6,BESTEFFORT,MISSED,m2-1,49.871,"{'m1-1': 25.6, 'm2-1': 1.04, 'm3-1': 107.96, 'm4-1': 10.0, 'm5-1': 5.26, 'm6-1': 24.93, 'm7-1': 10.88, 'm8-1': 110.19}",0.2370000000000232,159.713,inf,159.871,159.871,159.871
511,T5,BESTEFFORT,MISSED,m2-1,49.883,"{'m1-1': 26.73, 'm2-1': 1.11, 'm3-1': 104.51, 'm4-1': 10.57, 'm5-1': 5.03, 'm6-1': 25.74, 'm7-1': 11.47, 'm8-1': 101.97}",0.018000000000000682,159.871,inf,159.883,159.883,159.883
512,T4,BESTEFFORT,MISSED,m2-1,49.921,"{'m1-1': 26.56, 'm2-1': 1.12, 'm3-1': 102.35, 'm4-1': 10.07, 'm5-1': 5.03, 'm6-1': 25.72, 'm7-1': 10.55, 'm8-1': 103.02}",0.05699999999997374,159.883,inf,159.921,159.921,159.921
513,T4,BESTEFFORT,MISSED,m2-1,49.946,"{'m1-1': 25.9, 'm2-1': 1.06, 'm3-1': 112.64, 'm4-1': 10.7, 'm5-1': 5.92, 'm6-1': 24.22, 'm7-1': 10.08, 'm8-1': 111.45}",0.037500000000008527,159.921,inf,159.946,159.946,159.946
514,T10,BESTEFFORT,MISSED,m2-1,50.066,"{'m1-1': 24.57, 'm2-1': 1.12, 'm3-1': 97.74, 'm4-1': 10.87, 'm5-1': 5.03, 'm6-1': 26.91, 'm7-1': 10.79, 'm8-1': 92.75}",0.18000000000000682,159.946,inf,160.066,160.066,160.066
515,T8,BESTEFFORT,MISSED,m2-1,50.08,"{'m1-1': 26.74, 'm2-1': 1.11, 'm3-1': 101.95, 'm4-1': 10.29, 'm5-1': 5.19, 'm6-1': 28.39, 'm7-1': 10.17, 'm8-1': 111.78}",0.020999999999972374,160.066,inf,160.07999999999998,160.07999999999998,160.07999999999998
516,T2,BESTEFFORT,MISSED,m2-1,50.218,"{'m1-1': 26.76, 'm2-1': 1.0, 'm3-1': 107.73, 'm4-1': 9.49, 'm5-1': 5.58, 'm6-1': 25.02, 'm7-1': 10.67, 'm8-1': 110.7}",0.20700000000005048,160.07999999999998,inf,160.21800000000002,160.21800000000002,160.21800000000002
517,T5,BESTEFFORT,MISSED,m2-1,50.252,"{'m1-1': 27.45, 'm2-1': 1.04, 'm3-1': 105.78, 'm4-1': 10.26, 'm5-1': 5.35, 'm6-1': 23.46, 'm7-1': 11.57, 'm8-1': 100.82}",0.05099999999998772,160.21800000000002,inf,160.252,160.252,160.252
518,T6,BESTEFFORT,MISSED,m2-1,50.307,"{'m1-1': 27.43, 'm2-1': 1.02, 'm3-1': 102.98, 'm4-1': 10.31, 'm5-1': 5.13, 'm6-1': 29.42, 'm7-1': 10.17, 'm8-1': 106.09}",0.08250000000001023,160.252,inf,160.30700000000002,160.30700000000002,160.30700000000002
519,T5,BESTEFFORT,MISSED,m2-1,50.37,"{'m1-1': 27.9, 'm2-1': 1.1, 'm3-1': 112.96, 'm4-1': 9.91, 'm5-1': 5.57, 'm6-1': 26.15, 'm7-1': 11.48, 'm8-1': 112.38}",0.09449999999998226,160.30700000000002,inf,160.37,160.37,160.37
520,T3,BESTEFFORT,MISSED,m2-1,50.394,"{'m1-1': 26.8, 'm2-1': 1.1, 'm3-1': 98.45, 'm4-1': 11.33, 'm5-1': 5.04, 'm6-1': 27.36, 'm7-1': 10.04, 'm8-1': 112.11}",0.036000000000001364,160.37,inf,160.394,160.394,160.394
521,T6,BESTEFFORT,MISSED,m2-1,50.481,"{'m1-1': 25.42, 'm2-1': 1.07, 'm3-1': 108.81, 'm4-1': 10.18, 'm5-1': 5.42, 'm6-1': 26.87, 'm7-1': 9.73, 'm8-1': 100.03}",0.13049999999998363,160.394,inf,160.481,160.481,160.481
522,T1,BESTEFFORT,MISSED,m2-1,50.485,"{'m1-1': 25.44, 'm2-1': 1.0, 'm3-1': 109.25, 'm4-1': 11.03, 'm5-1': 5.02, 'm6-1': 27.4, 'm7-1': 10.36, 'm8-1': 112.54}",0.006000000000028649,160.481,inf,160.485,160.485,160.485
523,T2,BESTEFFORT,MISSED,m2-1,50.654,"{'m1-1': 27.99, 'm2-1': 0.99, 'm3-1': 97.54, 'm4-1': 9.6, 'm5-1': 5.56, 'm6-1': 28.26, 'm7-1': 9.93, 'm8-1': 101.11}",0.2534999999999741,160.485,inf,160.654,160.654,160.654
524,T8,BESTEFFORT,MISSED,m2-1,50.91,"{'m1-1': 22.91, 'm2-1': 1.15, 'm3-1': 98.13, 'm4-1': 10.11, 'm5-1': 5.42, 'm6-1': 26.22, 'm7-1': 10.91, 'm8-1': 109.19}",0.0,160.91,inf,160.91,160.91,160.91
525,T8,BESTEFFORT,MISSED,m2-1,50.91,"{'m1-1': 26.37, 'm2-1': 1.09, 'm3-1': 101.65, 'm4-1': 10.54, 'm5-1': 5.23, 'm6-1': 27.44, 'm7-1': 10.21, 'm8-1': 99.71}",0.38400000000000034,160.654,inf,160.91,160.91,160.91
526,T4,BESTEFFORT,MISSED,m2-1,50.937,"{'m1-1': 23.04, 'm2-1': 1.13, 'm3-1': 104.9, 'm4-1': 10.51, 'm5-1': 5.8, 'm6-1': 24.98, 'm7-1': 9.98, 'm8-1': 115.61}",0.04050000000002285,160.91,inf,160.937,160.937,160.937
527,T9,BESTEFFORT,MISSED,m2-1,51.056,"{'m1-1': 23.93, 'm2-1': 0.96, 'm3-1': 111.7, 'm4-1': 10.15, 'm5-1': 4.89, 'm6-1': 28.76, 'm7-1': 10.65, 'm8-1': 113.34}",0.17849999999995703,160.937,inf,161.05599999999998,161.05599999999998,161.05599999999998
528,T2,BESTEFFORT,MISSED,m2-1,51.079,"{'m1-1': 25.03, 'm2-1': 0.97, 'm3-1': 104.71, 'm4-1': 11.21, 'm5-1': 5.61, 'm6-1': 25.7, 'm7-1': 9.7, 'm8-1': 102.37}",0.034500000000036835,161.05599999999998,inf,161.079,161.079,161.079
529,T10,BESTEFFORT,MISSED,m2-1,51.368,"{'m1-1': 24.81, 'm2-1': 1.05, 'm3-1': 112.06, 'm4-1': 10.93, 'm5-1': 5.43, 'm6-1': 24.78, 'm7-1': 10.3, 'm8-1': 96.27}",0.4334999999999809,161.079,inf,161.368,161.368,161.368
530,T1,BESTEFFORT,MISSED,m2-1,51.407,"{'m1-1': 25.54, 'm2-1': 1.08, 'm3-1': 103.59, 'm4-1': 9.89, 'm5-1': 5.19, 'm6-1': 27.46, 'm7-1': 11.51, 'm8-1': 106.53}",0.0584999999999809,161.368,inf,161.40699999999998,161.40699999999998,161.40699999999998
531,T5,BESTEFFORT,MISSED,m2-1,51.458,"{'m1-1': 25.9, 'm2-1': 1.09, 'm3-1': 111.31, 'm4-1': 10.33, 'm5-1': 5.58, 'm6-1': 23.58, 'm7-1': 10.83, 'm8-1': 100.4}",0.07650000000002422,161.40699999999998,inf,161.458,161.458,161.458
532,T1,BESTEFFORT,MISSED,m2-1,51.511,"{'m1-1': 25.22, 'm2-1': 1.04, 'm3-1': 113.01, 'm4-1': 10.38, 'm5-1': 5.17, 'm6-1': 27.74, 'm7-1': 11.37, 'm8-1': 99.28}",0.07949999999999591,161.458,inf,161.511,161.511,161.511
533,T2,BESTEFFORT,MISSED,m2-1,51.54,"{'m1-1': 28.27, 'm2-1': 1.14, 'm3-1': 105.34, 'm4-1': 11.03, 'm5-1': 5.73, 'm6-1': 26.72, 'm7-1': 11.07, 'm8-1': 109.6}",0.04349999999999454,161.511,inf,161.54,161.54,161.54
534,T8,BESTEFFORT,MISSED,m2-1,51.732,"{'m1-1': 22.96, 'm2-1': 1.16, 'm3-1': 101.59, 'm4-1': 10.71, 'm5-1': 5.2, 'm6-1': 28.01, 'm7-1': 11.21, 'm8-1': 108.37}",0.2880000000000109,161.54,inf,161.732,161.732,161.732
535,T10,BESTEFFORT,MISSED,m2-1,51.86,"{'m1-1': 26.28, 'm2-1': 1.08, 'm3-1': 98.28, 'm4-1': 9.66, 'm5-1': 5.43, 'm6-1': 23.37, 'm7-1': 11.33, 'm8-1': 101.54}",0.1920000000000215,161.732,inf,161.86,161.86,161.86
536,T4,BESTEFFORT,MISSED,m2-1,52.009,"{'m1-1': 27.17, 'm2-1': 1.04, 'm3-1': 104.9, 'm4-1': 11.07, 'm5-1': 5.55, 'm6-1': 25.73, 'm7-1': 10.05, 'm8-1': 112.48}",0.22350000000000136,161.86,inf,162.00900000000001,162.00900000000001,162.00900000000001
537,T4,BESTEFFORT,MISSED,m2-1,52.219,"{'m1-1': 23.48, 'm2-1': 1.02, 'm3-1': 109.04, 'm4-1': 9.86, 'm5-1': 5.48, 'm6-1': 27.09, 'm7-1': 10.62, 'm8-1': 108.1}",0.3149999999999693,162.00900000000001,inf,162.219,162.219,162.219
538,T6,BESTEFFORT,MISSED,m2-1,52.278,"{'m1-1': 27.37, 'm2-1': 0.94, 'm3-1': 100.81, 'm4-1': 10.42, 'm5-1': 5.04, 'm6-1': 26.99, 'm7-1': 10.47, 'm8-1': 110.23}",0.08849999999999625,162.219,inf,162.278,162.278,162.278
539,T10,BESTEFFORT,MISSED,m2-1,52.441,"{'m1-1': 25.94, 'm2-1': 1.15, 'm3-1': 105.93, 'm4-1': 10.65, 'm5-1': 4.9, 'm6-1': 24.04, 'm7-1': 10.85, 'm8-1': 93.1}",0.24450000000001637,162.278,inf,162.441,162.441,162.441
540,T10,BESTEFFORT,MISSED,m2-1,52.59,"{'m1-1': 23.87, 'm2-1': 1.1, 'm3-1': 103.6, 'm4-1': 10.48, 'm5-1': 4.96, 'm6-1': 24.97, 'm7-1': 10.94, 'm8-1': 98.57}",0.22350000000000136,162.441,inf,162.59,162.59,162.59
541,T10,BESTEFFORT,MISSED,m2-1,52.6,"{'m1-1': 26.69, 'm2-1': 1.1, 'm3-1': 106.48, 'm4-1': 9.65, 'm5-1': 5.49, 'm6-1': 23.23, 'm7-1': 11.19, 'm8-1': 98.97}",0.014999999999986358,162.59,inf,162.6,162.6,162.6
542,T8,BESTEFFORT,MISSED,m2-1,52.627,"{'m1-1': 24.02, 'm2-1': 1.06, 'm3-1': 105.57, 'm4-1': 10.15, 'm5-1': 5.28, 'm6-1': 27.46, 'm7-1': 10.68, 'm8-1': 98.46}",0.04050000000002285,162.6,inf,162.627,162.627,162.627
543,T2,BESTEFFORT,MISSED,m2-1,52.914,"{'m1-1': 29.16, 'm2-1': 0.99, 'm3-1': 99.88, 'm4-1': 10.63, 'm5-1': 5.53, 'm6-1': 28.68, 'm7-1': 9.54, 'm8-1': 103.92}",0.4304999999999666,162.627,inf,162.914,162.914,162.914
544,T1,BESTEFFORT,MISSED,m2-1,53.068,"{'m1-1': 25.43, 'm2-1': 1.0, 'm3-1': 105.41, 'm4-1': 10.46, 'm5-1': 5.08, 'm6-1': 27.46, 'm7-1': 11.08, 'm8-1': 111.19}",0.23099999999999454,162.914,inf,163.06799999999998,163.06799999999998,163.06799999999998
545,T6,BESTEFFORT,MISSED,m2-1,53.334,"{'m1-1': 27.46, 'm2-1': 1.01, 'm3-1': 103.64, 'm4-1': 11.31, 'm5-1': 5.29, 'm6-1': 26.62, 'm7-1': 10.84, 'm8-1': 98.18}",0.39900000000002933,163.06799999999998,inf,163.334,163.334,163.334
546,T6,BESTEFFORT,MISSED,m2-1,53.636,"{'m1-1': 28.79, 'm2-1': 1.09, 'm3-1': 103.44, 'm4-1': 10.04, 'm5-1': 4.89, 'm6-1': 28.96, 'm7-1': 9.77, 'm8-1': 94.31}",0.45299999999998875,163.334,inf,163.636,163.636,163.636
547,T7,BESTEFFORT,MISSED,m2-1,53.637,"{'m1-1': 24.93, 'm2-1': 0.97, 'm3-1': 111.12, 'm4-1': 10.91, 'm5-1': 5.58, 'm6-1': 27.87, 'm7-1': 10.12, 'm8-1': 100.23}",0.0015000000000071623,163.636,inf,163.637,163.637,163.637
548,T6,BESTEFFORT,MISSED,m2-1,53.696,"{'m1-1': 29.2, 'm2-1': 0.93, 'm3-1': 102.84, 'm4-1': 11.35, 'm5-1': 4.84, 'm6-1': 26.77, 'm7-1': 10.21, 'm8-1': 111.95}",0.08849999999999625,163.637,inf,163.696,163.696,163.696
549,T1,BESTEFFORT,MISSED,m2-1,53.869,"{'m1-1': 26.65, 'm2-1': 1.09, 'm3-1': 101.17, 'm4-1': 10.47, 'm5-1': 5.08, 'm6-1': 24.55, 'm7-1': 11.82, 'm8-1': 114.12}",0.25950000000000273,163.696,inf,163.869,163.869,163.869
550,T6,BESTEFFORT,MISSED,m2-1,53.871,"{'m1-1': 26.91, 'm2-1': 1.03, 'm3-1': 116.2, 'm4-1': 11.68, 'm5-1': 5.25, 'm6-1': 26.55, 'm7-1': 10.62, 'm8-1': 106.78}",0.0030000000000143245,163.869,inf,163.871,163.871,163.871
551,T6,BESTEFFORT,MISSED,m2-1,53.987,"{'m1-1': 27.24, 'm2-1': 0.96, 'm3-1': 100.98, 'm4-1': 10.82, 'm5-1': 4.99, 'm6-1': 26.84, 'm7-1': 11.33, 'm8-1': 96.1}",0.17399999999997817,163.871,inf,163.987,163.987,163.987
552,T7,BESTEFFORT,MISSED,m2-1,54.001,"{'m1-1': 25.57, 'm2-1': 1.11, 'm3-1': 100.63, 'm4-1': 10.33, 'm5-1': 5.66, 'm6-1': 25.27, 'm7-1': 9.68, 'm8-1': 104.13}",0.021000000000015007,163.987,inf,164.001,164.001,164.001
553,T9,BESTEFFORT,MISSED,m2-1,54.342,"{'m1-1': 26.8, 'm2-1': 0.96, 'm3-1': 107.77, 'm4-1': 9.39, 'm5-1': 5.13, 'm6-1': 28.22, 'm7-1': 9.2, 'm8-1': 111.47}",0.5114999999999696,164.001,inf,164.34199999999998,164.34199999999998,164.34199999999998
554,T5,BESTEFFORT,MISSED,m2-1,54.39,"{'m1-1': 26.96, 'm2-1': 1.14, 'm3-1': 99.01, 'm4-1': 10.88, 'm5-1': 5.14, 'm6-1': 25.31, 'm7-1': 10.79, 'm8-1': 110.71}",0.07200000000000273,164.34199999999998,inf,164.39,164.39,164.39
555,T4,BESTEFFORT,MISSED,m2-1,54.47,"{'m1-1': 26.59, 'm2-1': 1.11, 'm3-1': 102.41, 'm4-1': 11.53, 'm5-1': 5.01, 'm6-1': 24.78, 'm7-1': 9.2, 'm8-1': 102.11}",0.12000000000001876,164.39,inf,164.47,164.47,164.47
556,T8,BESTEFFORT,MISSED,m2-1,54.533,"{'m1-1': 22.91, 'm2-1': 1.07, 'm3-1': 98.24, 'm4-1': 10.19, 'm5-1': 5.62, 'm6-1': 25.32, 'm7-1': 11.6, 'm8-1': 100.92}",0.0945000000000249,164.47,inf,164.53300000000002,164.53300000000002,164.53300000000002
557,T5,BESTEFFORT,MISSED,m2-1,54.541,"{'m1-1': 24.66, 'm2-1': 1.12, 'm3-1': 102.2, 'm4-1': 10.57, 'm5-1': 5.37, 'm6-1': 24.24, 'm7-1': 10.5, 'm8-1': 108.02}",0.011999999999972033,164.53300000000002,inf,164.541,164.541,164.541
558,T10,BESTEFFORT,MISSED,m2-1,54.821,"{'m1-1': 24.04, 'm2-1': 1.09, 'm3-1': 95.81, 'm4-1': 10.23, 'm5-1': 5.01, 'm6-1': 23.48, 'm7-1': 11.23, 'm8-1': 101.62}",0.4200000000000017,164.541,inf,164.821,164.821,164.821
559,T2,BESTEFFORT,MISSED,m2-1,54.859,"{'m1-1': 28.09, 'm2-1': 1.11, 'm3-1': 96.93, 'm4-1': 11.18, 'm5-1': 5.7, 'm6-1': 24.49, 'm7-1': 9.84, 'm8-1': 112.93}",0.05700000000001637,164.821,inf,164.859,164.859,164.859
560,T7,BESTEFFORT,MISSED,m2-1,54.904,"{'m1-1': 25.1, 'm2-1': 0.99, 'm3-1': 109.57, 'm4-1': 11.42, 'm5-1': 5.5, 'm6-1': 26.36, 'm7-1': 9.89, 'm8-1': 108.69}",0.06749999999998124,164.859,inf,164.904,164.904,164.904
561,T3,BESTEFFORT,MISSED,m2-1,54.993,"{'m1-1': 26.91, 'm2-1': 1.1, 'm3-1': 110.45, 'm4-1': 10.56, 'm5-1': 5.6, 'm6-1': 26.48, 'm7-1': 9.6, 'm8-1': 110.67}",0.13349999999999795,164.904,inf,164.993,164.993,164.993
562,T9,BESTEFFORT,MISSED,m2-1,55.06,"{'m1-1': 25.79, 'm2-1': 1.1, 'm3-1': 97.92, 'm4-1': 10.43, 'm5-1': 5.0, 'm6-1': 25.16, 'm7-1': 9.25, 'm8-1': 105.19}",0.10050000000001091,164.993,inf,165.06,165.06,165.06
563,T5,BESTEFFORT,MISSED,m2-1,55.206,"{'m1-1': 25.21, 'm2-1': 1.12, 'm3-1': 107.94, 'm4-1': 10.86, 'm5-1': 5.35, 'm6-1': 23.83, 'm7-1': 10.22, 'm8-1': 105.25}",0.2190000000000225,165.06,inf,165.20600000000002,165.20600000000002,165.20600000000002
564,T8,BESTEFFORT,MISSED,m2-1,55.249,"{'m1-1': 23.79, 'm2-1': 1.06, 'm3-1': 102.62, 'm4-1': 10.04, 'm5-1': 5.66, 'm6-1': 25.75, 'm7-1': 10.32, 'm8-1': 103.54}",0.06449999999996692,165.20600000000002,inf,165.249,165.249,165.249
565,T9,BESTEFFORT,MISSED,m2-1,55.256,"{'m1-1': 26.88, 'm2-1': 1.1, 'm3-1': 101.94, 'm4-1': 10.34, 'm5-1': 5.58, 'm6-1': 29.29, 'm7-1': 10.86, 'm8-1': 113.32}",0.010500000000007503,165.249,inf,165.256,165.256,165.256
566,T6,BESTEFFORT,MISSED,m2-1,55.331,"{'m1-1': 26.94, 'm2-1': 1.01, 'm3-1': 101.92, 'm4-1': 11.61, 'm5-1': 5.01, 'm6-1': 26.24, 'm7-1': 11.18, 'm8-1': 95.29}",0.11250000000002558,165.256,inf,165.33100000000002,165.33100000000002,165.33100000000002
567,T2,BESTEFFORT,MISSED,m2-1,55.36,"{'m1-1': 25.24, 'm2-1': 1.03, 'm3-1': 111.36, 'm4-1': 9.82, 'm5-1': 5.53, 'm6-1': 28.7, 'm7-1': 9.91, 'm8-1': 109.41}",0.04349999999999454,165.33100000000002,inf,165.36,165.36,165.36
568,T5,BESTEFFORT,MISSED,m2-1,55.362,"{'m1-1': 24.66, 'm2-1': 1.1, 'm3-1': 116.23, 'm4-1': 9.77, 'm5-1': 5.4, 'm6-1': 27.71, 'm7-1': 10.03, 'm8-1': 107.59}",0.002999999999971692,165.36,inf,165.362,165.362,165.362
569,T2,BESTEFFORT,MISSED,m2-1,55.517,"{'m1-1': 26.83, 'm2-1': 1.02, 'm3-1': 98.16, 'm4-1': 10.79, 'm5-1': 5.08, 'm6-1': 28.6, 'm7-1': 10.87, 'm8-1': 116.7}",0.2325000000000017,165.362,inf,165.517,165.517,165.517
570,T4,BESTEFFORT,MISSED,m2-1,55.594,"{'m1-1': 23.63, 'm2-1': 1.06, 'm3-1': 110.33, 'm4-1': 10.72, 'm5-1': 5.55, 'm6-1': 25.76, 'm7-1': 10.7, 'm8-1': 101.57}",0.11549999999999727,165.517,inf,165.594,165.594,165.594
571,T9,BESTEFFORT,MISSED,m2-1,55.708,"{'m1-1': 23.31, 'm2-1': 1.01, 'm3-1': 101.05, 'm4-1': 9.4, 'm5-1': 5.38, 'm6-1': 26.29, 'm7-1': 10.72, 'm8-1': 112.49}",0.17100000000000648,165.594,inf,165.708,165.708,165.708
572,T8,BESTEFFORT,MISSED,m2-1,55.911,"{'m1-1': 24.11, 'm2-1': 1.08, 'm3-1': 106.98, 'm4-1': 10.55, 'm5-1': 5.16, 'm6-1': 27.22, 'm7-1': 9.93, 'm8-1': 112.93}",0.30450000000000443,165.708,inf,165.911,165.911,165.911
573,T4,BESTEFFORT,MISSED,m2-1,55.925,"{'m1-1': 23.52, 'm2-1': 1.0, 'm3-1': 99.03, 'm4-1': 10.9, 'm5-1': 5.86, 'm6-1': 25.61, 'm7-1': 10.43, 'm8-1': 115.55}",0.021000000000015007,165.911,inf,165.925,165.925,165.925
574,T3,BESTEFFORT,MISSED,m2-1,56.142,"{'m1-1': 27.04, 'm2-1': 0.97, 'm3-1': 111.73, 'm4-1': 10.11, 'm5-1': 5.48, 'm6-1': 26.45, 'm7-1': 10.62, 'm8-1': 101.7}",0.3254999999999768,165.925,inf,166.142,166.142,166.142
575,T6,BESTEFFORT,MISSED,m2-1,56.207,"{'m1-1': 29.22, 'm2-1': 0.93, 'm3-1': 107.03, 'm4-1': 11.8, 'm5-1': 5.17, 'm6-1': 28.33, 'm7-1': 9.74, 'm8-1': 108.84}",0.09749999999999659,166.142,inf,166.207,166.207,166.207
576,T9,BESTEFFORT,MISSED,m2-1,56.251,"{'m1-1': 24.81, 'm2-1': 0.98, 'm3-1': 99.81, 'm4-1': 9.49, 'm5-1': 5.23, 'm6-1': 27.79, 'm7-1': 10.27, 'm8-1': 105.66}",0.06600000000001671,166.207,inf,166.251,166.251,166.251
577,T8,BESTEFFORT,MISSED,m2-1,56.317,"{'m1-1': 23.64, 'm2-1': 1.11, 'm3-1': 105.88, 'm4-1': 10.64, 'm5-1': 5.0, 'm6-1': 25.9, 'm7-1': 10.46, 'm8-1': 111.0}",0.09900000000000375,166.251,inf,166.317,166.317,166.317
578,T9,BESTEFFORT,MISSED,m2-1,56.331,"{'m1-1': 25.94, 'm2-1': 1.1, 'm3-1': 109.06, 'm4-1': 9.89, 'm5-1': 5.05, 'm6-1': 24.93, 'm7-1': 10.85, 'm8-1': 106.98}",0.021000000000015007,166.317,inf,166.33100000000002,166.33100000000002,166.33100000000002
579,T7,BESTEFFORT,MISSED,m2-1,56.426,"{'m1-1': 24.32, 'm2-1': 0.95, 'm3-1': 101.33, 'm4-1': 10.56, 'm5-1': 5.34, 'm6-1': 27.48, 'm7-1': 10.27, 'm8-1': 96.73}",0.14249999999995566,166.33100000000002,inf,166.426,166.426,166.426
580,T4,BESTEFFORT,MISSED,m2-1,56.611,"{'m1-1': 24.1, 'm2-1': 1.11, 'm3-1': 100.98, 'm4-1': 9.84, 'm5-1': 5.71, 'm6-1': 25.73, 'm7-1': 10.4, 'm8-1': 116.16}",0.2775000000000034,166.426,inf,166.611,166.611,166.611
581,T1,BESTEFFORT,MISSED,m2-1,56.648,"{'m1-1': 26.64, 'm2-1': 0.98, 'm3-1': 112.86, 'm4-1': 9.85, 'm5-1': 5.74, 'm6-1': 26.55, 'm7-1': 10.79, 'm8-1': 99.6}",0.05550000000000921,166.611,inf,166.648,166.648,166.648
582,T7,BESTEFFORT,MISSED,m2-1,56.719,"{'m1-1': 24.95, 'm2-1': 1.06, 'm3-1': 105.52, 'm4-1': 10.31, 'm5-1': 5.05, 'm6-1': 25.44, 'm7-1': 9.8, 'm8-1': 100.3}",0.10649999999999693,166.648,inf,166.719,166.719,166.719
583,T2,BESTEFFORT,MISSED,m2-1,56.786,"{'m1-1': 24.7, 'm2-1': 1.02, 'm3-1': 112.41, 'm4-1': 10.45, 'm5-1': 4.89, 'm6-1': 27.58, 'm7-1': 10.02, 'm8-1': 115.92}",0.10050000000001091,166.719,inf,166.786,166.786,166.786
584,T1,BESTEFFORT,MISSED,m2-1,56.792,"{'m1-1': 26.02, 'm2-1': 0.97, 'm3-1': 115.87, 'm4-1': 10.58, 'm5-1': 5.49, 'm6-1': 24.31, 'm7-1': 11.72, 'm8-1': 113.94}",0.009000000000000341,166.786,inf,166.792,166.792,166.792
585,T7,BESTEFFORT,MISSED,m2-1,56.801,"{'m1-1': 23.93, 'm2-1': 1.08, 'm3-1': 114.65, 'm4-1': 11.46, 'm5-1': 5.04, 'm6-1': 27.43, 'm7-1': 10.97, 'm8-1': 97.33}",0.013499999999979195,166.792,inf,166.801,166.801,166.801
586,T7,BESTEFFORT,MISSED,m2-1,57.076,"{'m1-1': 24.1, 'm2-1': 1.07, 'm3-1': 108.08, 'm4-1': 10.58, 'm5-1': 4.83, 'm6-1': 25.73, 'm7-1': 10.48, 'm8-1': 99.96}",0.4125000000000085,166.801,inf,167.076,167.076,167.076
587,T4,BESTEFFORT,MISSED,m2-1,57.158,"{'m1-1': 23.48, 'm2-1': 0.99, 'm3-1': 96.51, 'm4-1': 10.08, 'm5-1': 5.1, 'm6-1': 25.26, 'm7-1': 10.56, 'm8-1': 109.03}",0.12300000000003308,167.076,inf,167.15800000000002,167.15800000000002,167.15800000000002
588,T3,BESTEFFORT,MISSED,m2-1,57.168,"{'m1-1': 28.11, 'm2-1': 1.07, 'm3-1': 103.83, 'm4-1': 10.49, 'm5-1': 5.58, 'm6-1': 25.0, 'm7-1': 11.15, 'm8-1': 105.38}",0.014999999999986358,167.15800000000002,inf,167.168,167.168,167.168
589,T3,BESTEFFORT,MISSED,m2-1,57.184,"{'m1-1': 24.8, 'm2-1': 0.99, 'm3-1': 102.35, 'm4-1': 9.76, 'm5-1': 5.14, 'm6-1': 25.47, 'm7-1': 10.77, 'm8-1': 103.98}",0.0239999999999867,167.168,inf,167.184,167.184,167.184
590,T8,BESTEFFORT,MISSED,m2-1,57.219,"{'m1-1': 25.16, 'm2-1': 1.11, 'm3-1': 110.85, 'm4-1': 10.11, 'm5-1': 5.45, 'm6-1': 27.15, 'm7-1': 10.16, 'm8-1': 108.06}",0.052499999999994884,167.184,inf,167.219,167.219,167.219
591,T3,BESTEFFORT,MISSED,m2-1,57.317,"{'m1-1': 27.08, 'm2-1': 0.97, 'm3-1': 97.74, 'm4-1': 11.11, 'm5-1': 5.55, 'm6-1': 23.54, 'm7-1': 10.74, 'm8-1': 97.95}",0.14700000000001978,167.219,inf,167.317,167.317,167.317
592,T10,BESTEFFORT,MISSED,m2-1,57.403,"{'m1-1': 25.63, 'm2-1': 1.17, 'm3-1': 102.34, 'm4-1': 10.68, 'm5-1': 5.05, 'm6-1': 23.66, 'm7-1': 10.71, 'm8-1': 96.33}",0.12899999999997647,167.317,inf,167.403,167.403,167.403
593,T9,BESTEFFORT,MISSED,m2-1,57.598,"{'m1-1': 24.38, 'm2-1': 1.06, 'm3-1': 100.7, 'm4-1': 9.81, 'm5-1': 4.86, 'm6-1': 25.59, 'm7-1': 10.02, 'm8-1': 99.88}",0.2925000000000324,167.403,inf,167.598,167.598,167.598
594,T3,BESTEFFORT,MISSED,m2-1,57.691,"{'m1-1': 24.09, 'm2-1': 1.1, 'm3-1': 100.43, 'm4-1': 11.43, 'm5-1': 5.72, 'm6-1': 27.13, 'm7-1': 9.78, 'm8-1': 112.75}",0.13949999999998397,167.598,inf,167.691,167.691,167.691
595,T1,BESTEFFORT,MISSED,m2-1,57.823,"{'m1-1': 24.73, 'm2-1': 1.04, 'm3-1': 111.34, 'm4-1': 10.99, 'm5-1': 4.96, 'm6-1': 24.92, 'm7-1': 11.55, 'm8-1': 97.92}",0.1980000000000075,167.691,inf,167.823,167.823,167.823
596,T6,BESTEFFORT,MISSED,m2-1,57.981,"{'m1-1': 29.18, 'm2-1': 1.03, 'm3-1': 104.67, 'm4-1': 10.0, 'm5-1': 5.38, 'm6-1': 25.08, 'm7-1': 11.04, 'm8-1': 110.43}",0.23699999999998056,167.823,inf,167.981,167.981,167.981
597,T6,BESTEFFORT,MISSED,m2-1,57.996,"{'m1-1': 25.89, 'm2-1': 1.07, 'm3-1': 108.85, 'm4-1': 10.59, 'm5-1': 4.87, 'm6-1': 26.6, 'm7-1': 11.34, 'm8-1': 111.36}",0.02250000000002217,167.981,inf,167.996,167.996,167.996
598,T9,BESTEFFORT,MISSED,m2-1,58.344,"{'m1-1': 23.28, 'm2-1': 1.08, 'm3-1': 112.11, 'm4-1': 9.6, 'm5-1': 5.09, 'm6-1': 28.44, 'm7-1': 10.66, 'm8-1': 116.67}",0.5219999999999771,167.996,inf,168.344,168.344,168.344
599,T2,BESTEFFORT,MISSED,m2-1,58.37,"{'m1-1': 28.14, 'm2-1': 0.99, 'm3-1': 108.36, 'm4-1': 11.04, 'm5-1': 5.65, 'm6-1': 24.45, 'm7-1': 10.09, 'm8-1': 108.44}",0.03900000000001569,168.344,inf,168.37,168.37,168.37
600,T9,BESTEFFORT,MISSED,m2-1,58.588,"{'m1-1': 26.7, 'm2-1': 1.09, 'm3-1': 114.54, 'm4-1': 10.46, 'm5-1': 5.41, 'm6-1': 29.22, 'm7-1': 10.51, 'm8-1': 110.13}",0.32699999999998397,168.37,inf,168.588,168.588,168.588
601,T7,BESTEFFORT,MISSED,m2-1,58.782,"{'m1-1': 27.99, 'm2-1': 1.05, 'm3-1': 101.41, 'm4-1': 10.86, 'm5-1': 5.07, 'm6-1': 26.24, 'm7-1': 9.91, 'm8-1': 113.19}",0.2909999999999826,168.588,inf,168.78199999999998,168.78199999999998,168.78199999999998
602,T9,BESTEFFORT,MISSED,m2-1,58.978,"{'m1-1': 26.04, 'm2-1': 1.11, 'm3-1': 100.51, 'm4-1': 10.46, 'm5-1': 4.84, 'm6-1': 29.08, 'm7-1': 10.41, 'm8-1': 112.68}",0.29400000000003956,168.78199999999998,inf,168.978,168.978,168.978
603,T10,BESTEFFORT,MISSED,m2-1,59.095,"{'m1-1': 27.57, 'm2-1': 1.08, 'm3-1': 95.24, 'm4-1': 10.62, 'm5-1': 5.48, 'm6-1': 27.14, 'm7-1': 10.25, 'm8-1': 99.32}",0.17549999999998533,168.978,inf,169.095,169.095,169.095
604,T8,BESTEFFORT,MISSED,m2-1,59.14,"{'m1-1': 24.97, 'm2-1': 1.03, 'm3-1': 99.26, 'm4-1': 9.33, 'm5-1': 5.54, 'm6-1': 26.56, 'm7-1': 10.87, 'm8-1': 102.42}",0.06749999999998124,169.095,inf,169.14,169.14,169.14
605,T6,BESTEFFORT,MISSED,m2-1,59.191,"{'m1-1': 29.36, 'm2-1': 1.02, 'm3-1': 103.75, 'm4-1': 10.62, 'm5-1': 5.05, 'm6-1': 27.16, 'm7-1': 10.6, 'm8-1': 109.25}",0.07650000000002422,169.14,inf,169.191,169.191,169.191
606,T2,BESTEFFORT,MISSED,m2-1,59.34,"{'m1-1': 26.95, 'm2-1': 1.11, 'm3-1': 103.65, 'm4-1': 9.98, 'm5-1': 4.84, 'm6-1': 27.72, 'm7-1': 10.35, 'm8-1': 99.07}",0.22350000000000136,169.191,inf,169.34,169.34,169.34
607,T5,BESTEFFORT,MISSED,m2-1,59.423,"{'m1-1': 23.6, 'm2-1': 1.03, 'm3-1': 117.31, 'm4-1': 9.66, 'm5-1': 4.87, 'm6-1': 27.64, 'm7-1': 11.16, 'm8-1': 114.51}",0.12449999999999761,169.34,inf,169.423,169.423,169.423
608,T1,BESTEFFORT,MISSED,m2-1,59.583,"{'m1-1': 27.06, 'm2-1': 0.99, 'm3-1': 110.46, 'm4-1': 11.28, 'm5-1': 5.61, 'm6-1': 25.52, 'm7-1': 11.22, 'm8-1': 109.96}",0.23999999999999488,169.423,inf,169.583,169.583,169.583
609,T8,BESTEFFORT,MISSED,m2-1,59.619,"{'m1-1': 25.31, 'm2-1': 1.1, 'm3-1': 107.83, 'm4-1': 10.38, 'm5-1': 4.96, 'm6-1': 28.07, 'm7-1': 11.02, 'm8-1': 112.83}",0.054000000000002046,169.583,inf,169.619,169.619,169.619
610,T5,BESTEFFORT,MISSED,m2-1,59.622,"{'m1-1': 25.56, 'm2-1': 1.01, 'm3-1': 107.56, 'm4-1': 9.89, 'm5-1': 4.89, 'm6-1': 27.45, 'm7-1': 11.39, 'm8-1': 116.44}",0.004500000000021487,169.619,inf,169.622,169.622,169.622
611,T1,BESTEFFORT,MISSED,m2-1,59.8,"{'m1-1': 25.07, 'm2-1': 0.96, 'm3-1': 100.33, 'm4-1': 9.74, 'm5-1': 5.42, 'm6-1': 24.23, 'm7-1': 11.17, 'm8-1': 106.93}",0.2669999999999959,169.622,inf,169.8,169.8,169.8
612,T9,BESTEFFORT,MISSED,m2-1,59.863,"{'m1-1': 27.59, 'm2-1': 1.09, 'm3-1': 108.53, 'm4-1': 10.57, 'm5-1': 5.51, 'm6-1': 27.86, 'm7-1': 9.51, 'm8-1': 106.72}",0.09449999999998226,169.8,inf,169.863,169.863,169.863
613,T8,BESTEFFORT,MISSED,m2-1,59.867,"{'m1-1': 25.98, 'm2-1': 1.07, 'm3-1': 110.82, 'm4-1': 9.79, 'm5-1': 5.61, 'm6-1': 28.85, 'm7-1': 11.13, 'm8-1': 98.76}",0.0059999999999860165,169.863,inf,169.867,169.867,169.867
614,T2,BESTEFFORT,MISSED,m2-1,59.934,"{'m1-1': 27.81, 'm2-1': 1.0, 'm3-1': 104.43, 'm4-1': 10.75, 'm5-1': 5.48, 'm6-1': 24.28, 'm7-1': 10.32, 'm8-1': 111.43}",0.10050000000001091,169.867,inf,169.934,169.934,169.934
615,T8,BESTEFFORT,MISSED,m2-1,59.96,"{'m1-1': 26.72, 'm2-1': 1.12, 'm3-1': 98.16, 'm4-1': 10.2, 'm5-1': 5.5, 'm6-1': 25.99, 'm7-1': 10.38, 'm8-1': 99.2}",0.03900000000001569,169.934,inf,169.96,169.96,169.96
616,T3,BESTEFFORT,MISSED,m2-1,60.122,"{'m1-1': 27.24, 'm2-1': 1.06, 'm3-1': 108.63, 'm4-1': 10.62, 'm5-1': 4.96, 'm6-1': 25.87, 'm7-1': 10.54, 'm8-1': 111.92}",0.2430000000000092,169.96,inf,170.122,170.122,170.122
617,T6,BESTEFFORT,MISSED,m2-1,60.275,"{'m1-1': 25.0, 'm2-1': 1.0, 'm3-1': 117.04, 'm4-1': 11.86, 'm5-1': 5.55, 'm6-1': 27.24, 'm7-1': 11.01, 'm8-1': 102.62}",0.22949999999998738,170.122,inf,170.275,170.275,170.275
618,T9,BESTEFFORT,MISSED,m2-1,60.333,"{'m1-1': 25.68, 'm2-1': 1.1, 'm3-1': 101.5, 'm4-1': 9.43, 'm5-1': 5.62, 'm6-1': 25.04, 'm7-1': 9.25, 'm8-1': 115.41}",0.08699999999998909,170.275,inf,170.333,170.333,170.333
619,T2,BESTEFFORT,MISSED,m2-1,60.385,"{'m1-1': 25.22, 'm2-1': 0.98, 'm3-1': 99.5, 'm4-1': 9.52, 'm5-1': 5.69, 'm6-1': 28.08, 'm7-1': 9.91, 'm8-1': 107.2}",0.07799999999998875,170.333,inf,170.385,170.385,170.385
620,T9,BESTEFFORT,MISSED,m2-1,60.462,"{'m1-1': 23.48, 'm2-1': 0.99, 'm3-1': 101.5, 'm4-1': 10.78, 'm5-1': 5.09, 'm6-1': 26.91, 'm7-1': 10.72, 'm8-1': 109.29}",0.11549999999999727,170.385,inf,170.462,170.462,170.462
621,T2,BESTEFFORT,MISSED,m2-1,60.489,"{'m1-1': 27.56, 'm2-1': 0.97, 'm3-1': 111.36, 'm4-1': 9.97, 'm5-1': 4.84, 'm6-1': 26.8, 'm7-1': 9.77, 'm8-1': 110.59}",0.04050000000002285,170.462,inf,170.489,170.489,170.489
622,T10,BESTEFFORT,MISSED,m2-1,60.513,"{'m1-1': 26.89, 'm2-1': 1.08, 'm3-1': 95.74, 'm4-1': 9.6, 'm5-1': 5.21, 'm6-1': 24.86, 'm7-1': 10.25, 'm8-1': 99.51}",0.036000000000001364,170.489,inf,170.513,170.513,170.513
623,T8,BESTEFFORT,MISSED,m2-1,60.523,"{'m1-1': 23.5, 'm2-1': 1.1, 'm3-1': 97.69, 'm4-1': 9.8, 'm5-1': 5.53, 'm6-1': 29.58, 'm7-1': 10.87, 'm8-1': 110.71}",0.014999999999986358,170.513,inf,170.523,170.523,170.523
624,T4,BESTEFFORT,MISSED,m2-1,60.567,"{'m1-1': 23.64, 'm2-1': 1.15, 'm3-1': 99.98, 'm4-1': 10.1, 'm5-1': 5.09, 'm6-1': 26.24, 'm7-1': 9.78, 'm8-1': 116.97}",0.06600000000001671,170.523,inf,170.567,170.567,170.567
625,T2,BESTEFFORT,MISSED,m2-1,60.692,"{'m1-1': 25.14, 'm2-1': 0.96, 'm3-1': 109.64, 'm4-1': 9.49, 'm5-1': 5.01, 'm6-1': 25.76, 'm7-1': 9.54, 'm8-1': 114.77}",0.1875,170.567,inf,170.692,170.692,170.692
626,T3,BESTEFFORT,MISSED,m2-1,60.776,"{'m1-1': 26.9, 'm2-1': 1.02, 'm3-1': 96.68, 'm4-1': 9.93, 'm5-1': 5.6, 'm6-1': 26.32, 'm7-1': 10.44, 'm8-1': 112.21}",0.12600000000000477,170.692,inf,170.776,170.776,170.776
627,T7,BESTEFFORT,MISSED,m2-1,61.172,"{'m1-1': 25.1, 'm2-1': 1.06, 'm3-1': 103.38, 'm4-1': 10.24, 'm5-1': 5.28, 'm6-1': 26.27, 'm7-1': 10.72, 'm8-1': 104.19}",0.5939999999999799,170.776,inf,171.172,171.172,171.172
628,T7,BESTEFFORT,MISSED,m2-1,61.29,"{'m1-1': 25.45, 'm2-1': 1.07, 'm3-1': 100.62, 'm4-1': 11.48, 'm5-1': 4.96, 'm6-1': 27.97, 'm7-1': 11.25, 'm8-1': 99.92}",0.1769999999999925,171.172,inf,171.29,171.29,171.29
629,T8,BESTEFFORT,MISSED,m2-1,61.325,"{'m1-1': 25.89, 'm2-1': 1.08, 'm3-1': 101.83, 'm4-1': 10.67, 'm5-1': 4.99, 'm6-1': 25.97, 'm7-1': 10.17, 'm8-1': 98.95}",0.052499999999994884,171.29,inf,171.325,171.325,171.325
630,T2,BESTEFFORT,MISSED,m2-1,61.327,"{'m1-1': 25.79, 'm2-1': 1.01, 'm3-1': 110.08, 'm4-1': 10.47, 'm5-1': 5.23, 'm6-1': 28.54, 'm7-1': 11.14, 'm8-1': 106.86}",0.0030000000000143245,171.325,inf,171.327,171.327,171.327
631,T9,BESTEFFORT,MISSED,m2-1,61.428,"{'m1-1': 25.75, 'm2-1': 1.0, 'm3-1': 114.88, 'm4-1': 11.08, 'm5-1': 5.58, 'm6-1': 29.34, 'm7-1': 9.6, 'm8-1': 103.26}",0.15149999999999864,171.327,inf,171.428,171.428,171.428
632,T4,BESTEFFORT,MISSED,m2-1,61.508,"{'m1-1': 23.53, 'm2-1': 1.16, 'm3-1': 97.2, 'm4-1': 11.4, 'm5-1': 5.1, 'm6-1': 27.79, 'm7-1': 10.01, 'm8-1': 104.06}",0.12000000000001876,171.428,inf,171.508,171.508,171.508
633,T8,BESTEFFORT,MISSED,m2-1,61.519,"{'m1-1': 24.72, 'm2-1': 1.09, 'm3-1': 111.14, 'm4-1': 9.64, 'm5-1': 5.16, 'm6-1': 25.34, 'm7-1': 10.64, 'm8-1': 108.36}",0.01649999999999352,171.508,inf,171.519,171.519,171.519
634,T3,BESTEFFORT,MISSED,m2-1,61.901,"{'m1-1': 25.79, 'm2-1': 1.05, 'm3-1': 102.6, 'm4-1': 11.57, 'm5-1': 5.58, 'm6-1': 27.38, 'm7-1': 9.54, 'm8-1': 105.22}",0.5730000000000075,171.519,inf,171.901,171.901,171.901
635,T1,BESTEFFORT,MISSED,m2-1,61.928,"{'m1-1': 24.78, 'm2-1': 0.98, 'm3-1': 112.51, 'm4-1': 9.92, 'm5-1': 5.49, 'm6-1': 27.39, 'm7-1': 11.26, 'm8-1': 108.3}",0.04049999999998022,171.901,inf,171.928,171.928,171.928
636,T7,BESTEFFORT,MISSED,m2-1,61.984,"{'m1-1': 27.3, 'm2-1': 0.96, 'm3-1': 99.2, 'm4-1': 11.05, 'm5-1': 5.15, 'm6-1': 27.31, 'm7-1': 10.93, 'm8-1': 108.92}",0.0840000000000174,171.928,inf,171.984,171.984,171.984
637,T8,BESTEFFORT,MISSED,m2-1,62.012,"{'m1-1': 27.11, 'm2-1': 1.06, 'm3-1': 104.73, 'm4-1': 10.94, 'm5-1': 5.66, 'm6-1': 28.96, 'm7-1': 10.4, 'm8-1': 99.93}",0.04199999999998738,171.984,inf,172.012,172.012,172.012
638,T8,BESTEFFORT,MISSED,m2-1,62.204,"{'m1-1': 24.71, 'm2-1': 1.05, 'm3-1': 101.42, 'm4-1': 10.17, 'm5-1': 5.15, 'm6-1': 27.68, 'm7-1': 10.47, 'm8-1': 110.53}",0.2880000000000109,172.012,inf,172.204,172.204,172.204
639,T1,BESTEFFORT,MISSED,m2-1,62.204,"{'m1-1': 28.18, 'm2-1': 0.94, 'm3-1': 113.42, 'm4-1': 9.98, 'm5-1': 5.45, 'm6-1': 24.64, 'm7-1': 10.11, 'm8-1': 115.78}",0.0,172.204,inf,172.204,172.204,172.204
640,T3,BESTEFFORT,MISSED,m2-1,62.341,"{'m1-1': 25.14, 'm2-1': 1.0, 'm3-1': 107.57, 'm4-1': 10.5, 'm5-1': 5.74, 'm6-1': 24.42, 'm7-1': 9.87, 'm8-1': 112.15}",0.20550000000000068,172.204,inf,172.341,172.341,172.341
641,T6,BESTEFFORT,MISSED,m2-1,62.362,"{'m1-1': 27.59, 'm2-1': 1.05, 'm3-1': 107.11, 'm4-1': 11.62, 'm5-1': 5.16, 'm6-1': 28.2, 'm7-1': 9.78, 'm8-1': 98.97}",0.03149999999997988,172.341,inf,172.362,172.362,172.362
642,T10,BESTEFFORT,MISSED,m2-1,62.785,"{'m1-1': 26.25, 'm2-1': 1.12, 'm3-1': 104.35, 'm4-1': 10.75, 'm5-1': 4.92, 'm6-1': 26.3, 'm7-1': 11.57, 'm8-1': 98.99}",0.6345000000000027,172.362,inf,172.785,172.785,172.785
643,T6,BESTEFFORT,MISSED,m2-1,62.814,"{'m1-1': 27.34, 'm2-1': 0.96, 'm3-1': 111.91, 'm4-1': 11.65, 'm5-1': 4.92, 'm6-1': 26.35, 'm7-1': 11.11, 'm8-1': 110.69}",0.04349999999999454,172.785,inf,172.814,172.814,172.814
644,T4,BESTEFFORT,MISSED,m2-1,62.927,"{'m1-1': 26.83, 'm2-1': 1.1, 'm3-1': 95.64, 'm4-1': 11.14, 'm5-1': 5.76, 'm6-1': 26.21, 'm7-1': 10.2, 'm8-1': 115.15}",0.16949999999999932,172.814,inf,172.927,172.927,172.927
645,T6,BESTEFFORT,MISSED,m2-1,63.097,"{'m1-1': 26.33, 'm2-1': 0.99, 'm3-1': 107.22, 'm4-1': 10.07, 'm5-1': 5.04, 'm6-1': 28.63, 'm7-1': 9.95, 'm8-1': 101.09}",0.2550000000000239,172.927,inf,173.097,173.097,173.097
646,T8,BESTEFFORT,MISSED,m2-1,63.296,"{'m1-1': 26.96, 'm2-1': 1.09, 'm3-1': 99.0, 'm4-1': 10.32, 'm5-1': 5.54, 'm6-1': 25.32, 'm7-1': 10.68, 'm8-1': 109.36}",0.2984999999999758,173.097,inf,173.296,173.296,173.296
647,T3,BESTEFFORT,MISSED,m2-1,63.562,"{'m1-1': 26.37, 'm2-1': 1.01, 'm3-1': 99.02, 'm4-1': 10.39, 'm5-1': 5.52, 'm6-1': 26.4, 'm7-1': 9.56, 'm8-1': 101.6}",0.39900000000002933,173.296,inf,173.562,173.562,173.562
648,T2,BESTEFFORT,MISSED,m2-1,63.729,"{'m1-1': 26.51, 'm2-1': 1.02, 'm3-1': 113.14, 'm4-1': 10.08, 'm5-1': 5.05, 'm6-1': 24.51, 'm7-1': 9.91, 'm8-1': 103.0}",0.25049999999995975,173.562,inf,173.72899999999998,173.72899999999998,173.72899999999998
649,T8,BESTEFFORT,MISSED,m2-1,63.858,"{'m1-1': 25.74, 'm2-1': 1.0, 'm3-1': 97.42, 'm4-1': 10.1, 'm5-1': 5.34, 'm6-1': 29.53, 'm7-1': 11.45, 'm8-1': 98.7}",0.19350000000002865,173.72899999999998,inf,173.858,173.858,173.858
650,T7,BESTEFFORT,MISSED,m2-1,63.95,"{'m1-1': 27.04, 'm2-1': 1.02, 'm3-1': 100.57, 'm4-1': 11.04, 'm5-1': 4.91, 'm6-1': 24.37, 'm7-1': 10.04, 'm8-1': 108.36}",0.1379999999999768,173.858,inf,173.95,173.95,173.95
651,T10,BESTEFFORT,MISSED,m2-1,63.966,"{'m1-1': 25.96, 'm2-1': 1.13, 'm3-1': 99.78, 'm4-1': 9.22, 'm5-1': 5.43, 'm6-1': 26.99, 'm7-1': 11.44, 'm8-1': 108.4}",0.02400000000002933,173.95,inf,173.966,173.966,173.966
652,T8,BESTEFFORT,MISSED,m2-1,63.978,"{'m1-1': 25.39, 'm2-1': 1.15, 'm3-1': 101.04, 'm4-1': 10.43, 'm5-1': 5.38, 'm6-1': 25.62, 'm7-1': 11.02, 'm8-1': 107.71}",0.018000000000000682,173.966,inf,173.978,173.978,173.978
653,T2,BESTEFFORT,MISSED,m2-1,64.183,"{'m1-1': 25.62, 'm2-1': 1.04, 'm3-1': 112.07, 'm4-1': 11.24, 'm5-1': 5.22, 'm6-1': 26.75, 'm7-1': 10.45, 'm8-1': 99.96}",0.3074999999999761,173.978,inf,174.183,174.183,174.183
654,T4,BESTEFFORT,MISSED,m2-1,64.268,"{'m1-1': 25.69, 'm2-1': 1.15, 'm3-1': 101.08, 'm4-1': 10.12, 'm5-1': 5.52, 'm6-1': 25.25, 'm7-1': 10.18, 'm8-1': 110.68}",0.12750000000001194,174.183,inf,174.268,174.268,174.268
655,T10,BESTEFFORT,MISSED,m2-1,64.533,"{'m1-1': 24.76, 'm2-1': 1.14, 'm3-1': 96.03, 'm4-1': 9.37, 'm5-1': 5.0, 'm6-1': 24.3, 'm7-1': 11.19, 'm8-1': 105.2}",0.39750000000002217,174.268,inf,174.53300000000002,174.53300000000002,174.53300000000002
656,T2,BESTEFFORT,MISSED,m2-1,64.614,"{'m1-1': 25.15, 'm2-1': 1.04, 'm3-1': 103.56, 'm4-1': 10.11, 'm5-1': 5.37, 'm6-1': 26.02, 'm7-1': 10.57, 'm8-1': 111.57}",0.12149999999998329,174.53300000000002,inf,174.614,174.614,174.614
657,T7,BESTEFFORT,MISSED,m2-1,64.643,"{'m1-1': 25.94, 'm2-1': 0.94, 'm3-1': 98.43, 'm4-1': 10.55, 'm5-1': 5.57, 'm6-1': 24.36, 'm7-1': 9.78, 'm8-1': 98.73}",0.04349999999999454,174.614,inf,174.643,174.643,174.643
658,T1,BESTEFFORT,MISSED,m2-1,64.676,"{'m1-1': 25.64, 'm2-1': 1.01, 'm3-1': 118.29, 'm4-1': 9.77, 'm5-1': 5.44, 'm6-1': 28.64, 'm7-1': 11.68, 'm8-1': 110.34}",0.04949999999998056,174.643,inf,174.676,174.676,174.676
659,T7,BESTEFFORT,MISSED,m2-1,64.77,"{'m1-1': 26.17, 'm2-1': 0.99, 'm3-1': 104.24, 'm4-1': 11.44, 'm5-1': 5.48, 'm6-1': 26.67, 'm7-1': 11.06, 'm8-1': 103.07}",0.14099999999999113,174.676,inf,174.76999999999998,174.76999999999998,174.76999999999998
660,T8,BESTEFFORT,MISSED,m2-1,64.919,"{'m1-1': 23.65, 'm2-1': 1.12, 'm3-1': 104.86, 'm4-1': 9.94, 'm5-1': 5.48, 'm6-1': 26.76, 'm7-1': 9.91, 'm8-1': 102.67}",0.22350000000000136,174.76999999999998,inf,174.91899999999998,174.91899999999998,174.91899999999998
661,T3,BESTEFFORT,MISSED,m2-1,64.922,"{'m1-1': 26.49, 'm2-1': 0.96, 'm3-1': 103.96, 'm4-1': 10.69, 'm5-1': 5.11, 'm6-1': 25.2, 'm7-1': 11.09, 'm8-1': 102.43}",0.004500000000021487,174.91899999999998,inf,174.922,174.922,174.922
662,T6,BESTEFFORT,MISSED,m2-1,64.984,"{'m1-1': 28.5, 'm2-1': 1.07, 'm3-1': 104.69, 'm4-1': 11.52, 'm5-1': 5.33, 'm6-1': 26.7, 'm7-1': 11.34, 'm8-1': 108.93}",0.0929999999999751,174.922,inf,174.98399999999998,174.98399999999998,174.98399999999998
663,T6,BESTEFFORT,MISSED,m2-1,65.08,"{'m1-1': 24.87, 'm2-1': 0.96, 'm3-1': 105.88, 'm4-1': 10.66, 'm5-1': 4.76, 'm6-1': 28.88, 'm7-1': 9.69, 'm8-1': 100.52}",0.14400000000000546,174.98399999999998,inf,175.07999999999998,175.07999999999998,175.07999999999998
664,T5,BESTEFFORT,MISSED,m2-1,65.181,"{'m1-1': 23.97, 'm2-1': 1.14, 'm3-1': 104.05, 'm4-1': 10.25, 'm5-1': 5.12, 'm6-1': 25.66, 'm7-1': 11.59, 'm8-1': 112.3}",0.15149999999999864,175.07999999999998,inf,175.18099999999998,175.18099999999998,175.18099999999998
665,T6,BESTEFFORT,MISSED,m2-1,65.195,"{'m1-1': 27.92, 'm2-1': 1.05, 'm3-1': 107.16, 'm4-1': 11.11, 'm5-1': 4.79, 'm6-1': 24.85, 'm7-1': 10.96, 'm8-1': 94.79}",0.021000000000015007,175.18099999999998,inf,175.195,175.195,175.195
666,T5,BESTEFFORT,MISSED,m2-1,65.233,"{'m1-1': 26.82, 'm2-1': 1.01, 'm3-1': 110.54, 'm4-1': 10.11, 'm5-1': 4.94, 'm6-1': 25.02, 'm7-1': 10.24, 'm8-1': 111.71}",0.05700000000001637,175.195,inf,175.233,175.233,175.233
667,T2,BESTEFFORT,MISSED,m2-1,65.28,"{'m1-1': 25.28, 'm2-1': 1.06, 'm3-1': 113.65, 'm4-1': 9.85, 'm5-1': 5.6, 'm6-1': 25.39, 'm7-1': 9.64, 'm8-1': 111.07}",0.07049999999999557,175.233,inf,175.28,175.28,175.28
668,T4,BESTEFFORT,MISSED,m2-1,65.304,"{'m1-1': 25.02, 'm2-1': 1.03, 'm3-1': 101.51, 'm4-1': 10.83, 'm5-1': 5.35, 'm6-1': 25.96, 'm7-1': 9.15, 'm8-1': 111.3}",0.036000000000001364,175.28,inf,175.304,175.304,175.304
669,T2,BESTEFFORT,MISSED,m2-1,65.326,"{'m1-1': 25.85, 'm2-1': 0.98, 'm3-1': 111.5, 'm4-1': 10.17, 'm5-1': 5.3, 'm6-1': 27.54, 'm7-1': 10.44, 'm8-1': 112.75}",0.03299999999998704,175.304,inf,175.326,175.326,175.326
670,T6,BESTEFFORT,MISSED,m2-1,65.472,"{'m1-1': 25.72, 'm2-1': 1.03, 'm3-1': 107.46, 'm4-1': 11.47, 'm5-1': 5.38, 'm6-1': 25.54, 'm7-1': 10.13, 'm8-1': 100.69}",0.21899999999997988,175.326,inf,175.47199999999998,175.47199999999998,175.47199999999998
671,T3,BESTEFFORT,MISSED,m2-1,65.551,"{'m1-1': 25.82, 'm2-1': 1.03, 'm3-1': 111.9, 'm4-1': 10.43, 'm5-1': 5.63, 'm6-1': 25.59, 'm7-1': 10.68, 'm8-1': 113.62}",0.1185000000000116,175.47199999999998,inf,175.551,175.551,175.551
672,T1,BESTEFFORT,MISSED,m2-1,65.637,"{'m1-1': 25.38, 'm2-1': 0.93, 'm3-1': 115.4, 'm4-1': 10.97, 'm5-1': 5.16, 'm6-1': 28.71, 'm7-1': 10.25, 'm8-1': 115.67}",0.1290000000000191,175.551,inf,175.637,175.637,175.637
673,T1,BESTEFFORT,MISSED,m2-1,65.698,"{'m1-1': 27.78, 'm2-1': 0.94, 'm3-1': 104.53, 'm4-1': 10.33, 'm5-1': 5.71, 'm6-1': 28.18, 'm7-1': 11.81, 'm8-1': 109.21}",0.09149999999996794,175.637,inf,175.69799999999998,175.69799999999998,175.69799999999998
674,T6,BESTEFFORT,MISSED,m2-1,65.979,"{'m1-1': 25.06, 'm2-1': 0.99, 'm3-1': 113.63, 'm4-1': 10.14, 'm5-1': 5.56, 'm6-1': 27.3, 'm7-1': 10.5, 'm8-1': 95.44}",0.42150000000000887,175.69799999999998,inf,175.97899999999998,175.97899999999998,175.97899999999998
675,T7,BESTEFFORT,MISSED,m2-1,66.063,"{'m1-1': 27.59, 'm2-1': 0.96, 'm3-1': 108.34, 'm4-1': 10.95, 'm5-1': 5.24, 'm6-1': 24.49, 'm7-1': 10.06, 'm8-1': 113.62}",0.12600000000000477,175.97899999999998,inf,176.063,176.063,176.063
676,T7,BESTEFFORT,MISSED,m2-1,66.742,"{'m1-1': 24.14, 'm2-1': 0.97, 'm3-1': 97.45, 'm4-1': 10.62, 'm5-1': 5.16, 'm6-1': 24.22, 'm7-1': 11.33, 'm8-1': 104.97}",1.0185000000000457,176.063,inf,176.74200000000002,176.74200000000002,176.74200000000002
677,T10,BESTEFFORT,MISSED,m2-1,67.132,"{'m1-1': 24.86, 'm2-1': 1.02, 'm3-1': 102.12, 'm4-1': 9.52, 'm5-1': 5.02, 'm6-1': 24.1, 'm7-1': 10.18, 'm8-1': 106.91}",0.5849999999999795,176.74200000000002,inf,177.132,177.132,177.132
678,T9,BESTEFFORT,MISSED,m2-1,67.282,"{'m1-1': 25.87, 'm2-1': 1.1, 'm3-1': 112.58, 'm4-1': 9.61, 'm5-1': 5.25, 'm6-1': 25.76, 'm7-1': 9.85, 'm8-1': 110.91}",0.2249999999999659,177.132,inf,177.28199999999998,177.28199999999998,177.28199999999998
679,T9,BESTEFFORT,MISSED,m2-1,67.356,"{'m1-1': 26.54, 'm2-1': 1.09, 'm3-1': 112.18, 'm4-1': 9.55, 'm5-1': 5.57, 'm6-1': 27.95, 'm7-1': 9.84, 'm8-1': 109.24}",0.11100000000001842,177.28199999999998,inf,177.356,177.356,177.356
680,T9,BESTEFFORT,MISSED,m2-1,67.399,"{'m1-1': 23.86, 'm2-1': 1.01, 'm3-1': 114.08, 'm4-1': 10.6, 'm5-1': 5.56, 'm6-1': 26.5, 'm7-1': 10.33, 'm8-1': 104.15}",0.06450000000000955,177.356,inf,177.399,177.399,177.399
681,T8,BESTEFFORT,MISSED,m2-1,67.429,"{'m1-1': 24.85, 'm2-1': 1.02, 'm3-1': 110.43, 'm4-1': 9.76, 'm5-1': 5.74, 'm6-1': 27.7, 'm7-1': 11.2, 'm8-1': 100.02}",0.045000000000001705,177.399,inf,177.429,177.429,177.429
682,T7,BESTEFFORT,MISSED,m2-1,67.514,"{'m1-1': 24.27, 'm2-1': 1.06, 'm3-1': 104.42, 'm4-1': 11.59, 'm5-1': 5.62, 'm6-1': 26.49, 'm7-1': 10.7, 'm8-1': 108.06}",0.12750000000001194,177.429,inf,177.514,177.514,177.514
683,T3,BESTEFFORT,MISSED,m2-1,67.551,"{'m1-1': 26.41, 'm2-1': 0.96, 'm3-1': 110.24, 'm4-1': 10.64, 'm5-1': 5.51, 'm6-1': 25.48, 'm7-1': 10.54, 'm8-1': 99.55}",0.055499999999966576,177.514,inf,177.551,177.551,177.551
684,T3,BESTEFFORT,MISSED,m2-1,67.552,"{'m1-1': 26.68, 'm2-1': 1.09, 'm3-1': 101.56, 'm4-1': 9.75, 'm5-1': 5.44, 'm6-1': 26.23, 'm7-1': 11.0, 'm8-1': 109.24}",0.0015000000000497948,177.551,inf,177.55200000000002,177.55200000000002,177.55200000000002
685,T9,BESTEFFORT,MISSED,m2-1,67.615,"{'m1-1': 26.52, 'm2-1': 0.94, 'm3-1': 101.59, 'm4-1': 10.56, 'm5-1': 5.51, 'm6-1': 27.95, 'm7-1': 10.86, 'm8-1': 102.25}",0.09449999999998226,177.55200000000002,inf,177.615,177.615,177.615
686,T7,BESTEFFORT,MISSED,m2-1,67.797,"{'m1-1': 25.95, 'm2-1': 1.04, 'm3-1': 98.35, 'm4-1': 10.92, 'm5-1': 5.29, 'm6-1': 24.6, 'm7-1': 10.53, 'm8-1': 96.37}",0.2729999999999819,177.615,inf,177.797,177.797,177.797
687,T2,BESTEFFORT,MISSED,m2-1,67.905,"{'m1-1': 26.03, 'm2-1': 1.13, 'm3-1': 110.94, 'm4-1': 9.98, 'm5-1': 5.24, 'm6-1': 27.32, 'm7-1': 10.1, 'm8-1': 102.66}",0.16200000000000614,177.797,inf,177.905,177.905,177.905
688,T9,BESTEFFORT,MISSED,m2-1,67.957,"{'m1-1': 24.24, 'm2-1': 0.98, 'm3-1': 98.44, 'm4-1': 9.76, 'm5-1': 5.06, 'm6-1': 25.99, 'm7-1': 9.36, 'm8-1': 113.23}",0.07799999999998875,177.905,inf,177.957,177.957,177.957
689,T10,BESTEFFORT,MISSED,m2-1,67.964,"{'m1-1': 24.41, 'm2-1': 1.07, 'm3-1': 101.26, 'm4-1': 9.65, 'm5-1': 5.27, 'm6-1': 24.77, 'm7-1': 11.0, 'm8-1': 108.77}",0.010500000000007503,177.957,inf,177.964,177.964,177.964
690,T8,BESTEFFORT,MISSED,m2-1,68.022,"{'m1-1': 25.29, 'm2-1': 1.07, 'm3-1': 103.87, 'm4-1': 10.04, 'm5-1': 5.65, 'm6-1': 27.94, 'm7-1': 9.93, 'm8-1': 98.85}",0.08699999999998909,177.964,inf,178.022,178.022,178.022
691,T3,BESTEFFORT,MISSED,m2-1,68.15,"{'m1-1': 27.52, 'm2-1': 0.98, 'm3-1': 110.78, 'm4-1': 11.14, 'm5-1': 5.04, 'm6-1': 26.0, 'm7-1': 10.11, 'm8-1': 101.4}",0.1920000000000215,178.022,inf,178.15,178.15,178.15
692,T7,BESTEFFORT,MISSED,m2-1,68.178,"{'m1-1': 25.14, 'm2-1': 1.0, 'm3-1': 111.48, 'm4-1': 11.42, 'm5-1': 5.24, 'm6-1': 27.87, 'm7-1': 9.77, 'm8-1': 109.87}",0.04199999999998738,178.15,inf,178.178,178.178,178.178
693,T10,BESTEFFORT,MISSED,m2-1,68.238,"{'m1-1': 24.84, 'm2-1': 1.16, 'm3-1': 105.19, 'm4-1': 10.04, 'm5-1': 5.43, 'm6-1': 26.13, 'm7-1': 10.26, 'm8-1': 109.3}",0.09000000000000341,178.178,inf,178.238,178.238,178.238
694,T8,BESTEFFORT,MISSED,m2-1,68.469,"{'m1-1': 26.39, 'm2-1': 1.16, 'm3-1': 110.24, 'm4-1': 10.92, 'm5-1': 5.68, 'm6-1': 27.54, 'm7-1': 11.61, 'm8-1': 104.71}",0.3464999999999918,178.238,inf,178.469,178.469,178.469
695,T10,BESTEFFORT,MISSED,m2-1,68.724,"{'m1-1': 24.16, 'm2-1': 1.13, 'm3-1': 96.61, 'm4-1': 9.32, 'm5-1': 5.31, 'm6-1': 24.38, 'm7-1': 11.36, 'm8-1': 95.72}",0.3824999999999932,178.469,inf,178.724,178.724,178.724
696,T8,BESTEFFORT,MISSED,m2-1,69.066,"{'m1-1': 25.23, 'm2-1': 1.02, 'm3-1': 108.83, 'm4-1': 10.3, 'm5-1': 5.11, 'm6-1': 26.09, 'm7-1': 11.35, 'm8-1': 112.01}",0.5130000000000194,178.724,inf,179.066,179.066,179.066
697,T9,BESTEFFORT,MISSED,m2-1,69.251,"{'m1-1': 25.45, 'm2-1': 1.09, 'm3-1': 107.73, 'm4-1': 10.09, 'm5-1': 5.26, 'm6-1': 24.94, 'm7-1': 10.76, 'm8-1': 113.83}",0.2775000000000034,179.066,inf,179.251,179.251,179.251
698,T7,BESTEFFORT,MISSED,m2-1,69.472,"{'m1-1': 24.39, 'm2-1': 0.98, 'm3-1': 108.72, 'm4-1': 10.93, 'm5-1': 5.6, 'm6-1': 23.92, 'm7-1': 9.72, 'm8-1': 100.27}",0.3314999999999628,179.251,inf,179.47199999999998,179.47199999999998,179.47199999999998
699,T1,BESTEFFORT,MISSED,m2-1,69.501,"{'m1-1': 26.93, 'm2-1': 1.06, 'm3-1': 101.27, 'm4-1': 10.45, 'm5-1': 5.18, 'm6-1': 25.71, 'm7-1': 11.04, 'm8-1': 100.87}",0.043500000000037176,179.47199999999998,inf,179.501,179.501,179.501
700,T4,BESTEFFORT,MISSED,m2-1,69.838,"{'m1-1': 23.67, 'm2-1': 1.08, 'm3-1': 99.65, 'm4-1': 10.2, 'm5-1': 5.94, 'm6-1': 27.52, 'm7-1': 9.69, 'm8-1': 113.34}",0.5054999999999836,179.501,inf,179.838,179.838,179.838
701,T4,BESTEFFORT,MISSED,m2-1,69.841,"{'m1-1': 26.8, 'm2-1': 1.15, 'm3-1': 112.9, 'm4-1': 9.92, 'm5-1': 5.76, 'm6-1': 25.53, 'm7-1': 9.36, 'm8-1': 114.66}",0.004500000000021487,179.838,inf,179.841,179.841,179.841
702,T7,BESTEFFORT,MISSED,m2-1,69.854,"{'m1-1': 27.05, 'm2-1': 0.96, 'm3-1': 108.75, 'm4-1': 11.44, 'm5-1': 5.32, 'm6-1': 24.02, 'm7-1': 11.4, 'm8-1': 100.25}",0.019499999999965212,179.841,inf,179.85399999999998,179.85399999999998,179.85399999999998
703,T6,BESTEFFORT,MISSED,m2-1,70.037,"{'m1-1': 25.25, 'm2-1': 1.05, 'm3-1': 113.61, 'm4-1': 11.83, 'm5-1': 5.01, 'm6-1': 26.6, 'm7-1': 10.07, 'm8-1': 104.94}",0.2745000000000317,179.85399999999998,inf,180.037,180.037,180.037
704,T4,BESTEFFORT,MISSED,m2-1,70.14,"{'m1-1': 25.38, 'm2-1': 1.08, 'm3-1': 102.07, 'm4-1': 11.59, 'm5-1': 5.56, 'm6-1': 24.28, 'm7-1': 10.13, 'm8-1': 104.44}",0.15449999999997033,180.037,inf,180.14,180.14,180.14
705,T10,BESTEFFORT,MISSED,m2-1,70.256,"{'m1-1': 27.94, 'm2-1': 1.11, 'm3-1': 104.0, 'm4-1': 9.29, 'm5-1': 5.26, 'm6-1': 23.65, 'm7-1': 9.98, 'm8-1': 93.71}",0.1740000000000208,180.14,inf,180.256,180.256,180.256
706,T4,BESTEFFORT,MISSED,m2-1,70.297,"{'m1-1': 26.4, 'm2-1': 0.99, 'm3-1': 110.37, 'm4-1': 11.44, 'm5-1': 5.23, 'm6-1': 24.68, 'm7-1': 10.64, 'm8-1': 101.92}",0.061499999999995225,180.256,inf,180.297,180.297,180.297
707,T4,BESTEFFORT,MISSED,m2-1,70.31,"{'m1-1': 25.1, 'm2-1': 1.12, 'm3-1': 96.88, 'm4-1': 11.36, 'm5-1': 5.88, 'm6-1': 26.54, 'm7-1': 10.53, 'm8-1': 100.46}",0.019500000000007844,180.297,inf,180.31,180.31,180.31
708,T2,BESTEFFORT,MISSED,m2-1,70.327,"{'m1-1': 27.82, 'm2-1': 1.05, 'm3-1': 108.26, 'm4-1': 10.14, 'm5-1': 5.4, 'm6-1': 25.11, 'm7-1': 10.04, 'm8-1': 98.48}",0.02549999999999386,180.31,inf,180.327,180.327,180.327
709,T7,BESTEFFORT,MISSED,m2-1,70.349,"{'m1-1': 24.27, 'm2-1': 0.99, 'm3-1': 114.63, 'm4-1': 10.74, 'm5-1': 4.84, 'm6-1': 26.7, 'm7-1': 10.91, 'm8-1': 102.79}",0.03299999999998704,180.327,inf,180.349,180.349,180.349
710,T1,BESTEFFORT,MISSED,m2-1,70.4,"{'m1-1': 27.22, 'm2-1': 0.97, 'm3-1': 107.49, 'm4-1': 10.58, 'm5-1': 5.23, 'm6-1': 26.54, 'm7-1': 10.77, 'm8-1': 107.2}",0.07650000000002422,180.349,inf,180.4,180.4,180.4
711,T2,BESTEFFORT,MISSED,m2-1,70.555,"{'m1-1': 26.16, 'm2-1': 1.06, 'm3-1': 114.3, 'm4-1': 9.71, 'm5-1': 5.31, 'm6-1': 26.85, 'm7-1': 10.74, 'm8-1': 108.17}",0.2325000000000017,180.4,inf,180.555,180.555,180.555
712,T8,BESTEFFORT,MISSED,m2-1,70.601,"{'m1-1': 24.85, 'm2-1': 1.01, 'm3-1': 111.4, 'm4-1': 9.36, 'm5-1': 5.68, 'm6-1': 26.03, 'm7-1': 11.34, 'm8-1': 100.27}",0.0689999999999884,180.555,inf,180.601,180.601,180.601
713,T2,BESTEFFORT,MISSED,m2-1,70.631,"{'m1-1': 25.16, 'm2-1': 0.97, 'm3-1': 108.76, 'm4-1': 11.22, 'm5-1': 5.07, 'm6-1': 25.79, 'm7-1': 10.6, 'm8-1': 106.62}",0.045000000000001705,180.601,inf,180.631,180.631,180.631
714,T10,BESTEFFORT,MISSED,m2-1,70.657,"{'m1-1': 27.47, 'm2-1': 1.03, 'm3-1': 112.26, 'm4-1': 9.42, 'm5-1': 5.13, 'm6-1': 23.75, 'm7-1': 10.32, 'm8-1': 103.03}",0.038999999999973056,180.631,inf,180.65699999999998,180.65699999999998,180.65699999999998
715,T7,BESTEFFORT,MISSED,m2-1,70.672,"{'m1-1': 24.79, 'm2-1': 1.03, 'm3-1': 110.85, 'm4-1': 10.31, 'm5-1': 5.16, 'm6-1': 25.61, 'm7-1': 10.25, 'm8-1': 110.3}",0.02250000000002217,180.65699999999998,inf,180.672,180.672,180.672
716,T5,BESTEFFORT,MISSED,m2-1,70.971,"{'m1-1': 26.53, 'm2-1': 1.01, 'm3-1': 103.32, 'm4-1': 10.76, 'm5-1': 5.62, 'm6-1': 24.8, 'm7-1': 11.21, 'm8-1': 105.87}",0.4485000000000099,180.672,inf,180.971,180.971,180.971
717,T4,BESTEFFORT,MISSED,m2-1,71.026,"{'m1-1': 23.88, 'm2-1': 0.99, 'm3-1': 109.3, 'm4-1': 10.74, 'm5-1': 5.52, 'm6-1': 24.98, 'm7-1': 10.02, 'm8-1': 99.89}",0.08250000000001023,180.971,inf,181.026,181.026,181.026
718,T10,BESTEFFORT,MISSED,m2-1,71.027,"{'m1-1': 27.46, 'm2-1': 1.15, 'm3-1': 97.74, 'm4-1': 9.54, 'm5-1': 5.52, 'm6-1': 26.75, 'm7-1': 11.66, 'm8-1': 98.86}",0.0014999999999645297,181.026,inf,181.027,181.027,181.027
719,T5,BESTEFFORT,MISSED,m2-1,71.19,"{'m1-1': 24.62, 'm2-1': 1.07, 'm3-1': 99.57, 'm4-1': 9.39, 'm5-1': 5.01, 'm6-1': 27.71, 'm7-1': 11.05, 'm8-1': 112.37}",0.24450000000001637,181.027,inf,181.19,181.19,181.19
720,T4,BESTEFFORT,MISSED,m2-1,71.2,"{'m1-1': 25.26, 'm2-1': 1.12, 'm3-1': 110.62, 'm4-1': 9.9, 'm5-1': 5.36, 'm6-1': 28.04, 'm7-1': 10.35, 'm8-1': 112.94}",0.014999999999986358,181.19,inf,181.2,181.2,181.2
721,T5,BESTEFFORT,MISSED,m2-1,71.414,"{'m1-1': 25.25, 'm2-1': 1.06, 'm3-1': 114.5, 'm4-1': 10.3, 'm5-1': 5.23, 'm6-1': 27.37, 'm7-1': 11.59, 'm8-1': 110.8}",0.32099999999999795,181.2,inf,181.414,181.414,181.414
722,T2,BESTEFFORT,MISSED,m2-1,71.502,"{'m1-1': 26.83, 'm2-1': 0.96, 'm3-1': 111.93, 'm4-1': 10.54, 'm5-1': 5.54, 'm6-1': 26.7, 'm7-1': 9.73, 'm8-1': 113.6}",0.13200000000003342,181.414,inf,181.502,181.502,181.502
723,T7,BESTEFFORT,MISSED,m2-1,71.708,"{'m1-1': 26.64, 'm2-1': 1.06, 'm3-1': 108.42, 'm4-1': 10.6, 'm5-1': 4.81, 'm6-1': 24.29, 'm7-1': 11.1, 'm8-1': 108.4}",0.3089999999999833,181.502,inf,181.708,181.708,181.708
724,T1,BESTEFFORT,MISSED,m2-1,71.808,"{'m1-1': 26.92, 'm2-1': 0.96, 'm3-1': 117.82, 'm4-1': 9.73, 'm5-1': 5.5, 'm6-1': 25.93, 'm7-1': 11.61, 'm8-1': 98.52}",0.14999999999999147,181.708,inf,181.808,181.808,181.808
725,T6,BESTEFFORT,MISSED,m2-1,71.809,"{'m1-1': 27.15, 'm2-1': 0.96, 'm3-1': 117.32, 'm4-1': 11.39, 'm5-1': 5.03, 'm6-1': 28.15, 'm7-1': 9.93, 'm8-1': 106.89}",0.0015000000000071623,181.808,inf,181.809,181.809,181.809
726,T10,BESTEFFORT,MISSED,m2-1,72.018,"{'m1-1': 28.26, 'm2-1': 1.05, 'm3-1': 102.79, 'm4-1': 9.65, 'm5-1': 5.05, 'm6-1': 27.04, 'm7-1': 11.45, 'm8-1': 103.03}",0.3135000000000048,181.809,inf,182.018,182.018,182.018
727,T10,BESTEFFORT,MISSED,m2-1,72.114,"{'m1-1': 26.18, 'm2-1': 1.11, 'm3-1': 98.49, 'm4-1': 9.35, 'm5-1': 5.6, 'm6-1': 26.98, 'm7-1': 11.71, 'm8-1': 101.64}",0.14400000000000546,182.018,inf,182.114,182.114,182.114
728,T5,BESTEFFORT,MISSED,m2-1,72.212,"{'m1-1': 25.01, 'm2-1': 1.17, 'm3-1': 105.44, 'm4-1': 9.54, 'm5-1': 5.22, 'm6-1': 24.37, 'm7-1': 10.92, 'm8-1': 109.79}",0.14699999999997715,182.114,inf,182.212,182.212,182.212
729,T4,BESTEFFORT,MISSED,m2-1,72.274,"{'m1-1': 25.34, 'm2-1': 1.17, 'm3-1': 107.07, 'm4-1': 10.36, 'm5-1': 5.14, 'm6-1': 23.76, 'm7-1': 9.62, 'm8-1': 112.1}",0.09300000000001774,182.212,inf,182.274,182.274,182.274
730,T5,BESTEFFORT,MISSED,m2-1,72.299,"{'m1-1': 26.28, 'm2-1': 1.17, 'm3-1': 99.34, 'm4-1': 10.79, 'm5-1': 5.65, 'm6-1': 24.36, 'm7-1': 10.55, 'm8-1': 102.71}",0.037500000000008527,182.274,inf,182.299,182.299,182.299
731,T3,BESTEFFORT,MISSED,m2-1,72.506,"{'m1-1': 25.37, 'm2-1': 1.07, 'm3-1': 98.85, 'm4-1': 10.4, 'm5-1': 5.15, 'm6-1': 25.31, 'm7-1': 11.31, 'm8-1': 108.92}",0.31049999999999045,182.299,inf,182.506,182.506,182.506
732,T8,BESTEFFORT,MISSED,m2-1,72.539,"{'m1-1': 22.96, 'm2-1': 1.13, 'm3-1': 96.24, 'm4-1': 9.55, 'm5-1': 5.0, 'm6-1': 28.22, 'm7-1': 9.93, 'm8-1': 111.41}",0.04949999999998056,182.506,inf,182.539,182.539,182.539
733,T5,BESTEFFORT,MISSED,m2-1,72.559,"{'m1-1': 24.63, 'm2-1': 1.11, 'm3-1': 109.22, 'm4-1': 10.82, 'm5-1': 5.11, 'm6-1': 24.92, 'm7-1': 10.55, 'm8-1': 116.14}",0.030000000000015348,182.539,inf,182.559,182.559,182.559
734,T5,BESTEFFORT,MISSED,m2-1,72.582,"{'m1-1': 26.67, 'm2-1': 1.07, 'm3-1': 106.8, 'm4-1': 9.43, 'm5-1': 5.34, 'm6-1': 27.75, 'm7-1': 9.94, 'm8-1': 103.37}",0.0344999999999942,182.559,inf,182.582,182.582,182.582
735,T2,BESTEFFORT,MISSED,m2-1,72.593,"{'m1-1': 28.44, 'm2-1': 1.03, 'm3-1': 103.18, 'm4-1': 10.97, 'm5-1': 5.28, 'm6-1': 28.08, 'm7-1': 11.1, 'm8-1': 102.14}",0.016500000000036152,182.582,inf,182.59300000000002,182.59300000000002,182.59300000000002
736,T6,BESTEFFORT,MISSED,m2-1,72.676,"{'m1-1': 25.45, 'm2-1': 1.06, 'm3-1': 106.98, 'm4-1': 10.3, 'm5-1': 4.98, 'm6-1': 27.84, 'm7-1': 10.2, 'm8-1': 105.46}",0.12449999999995498,182.59300000000002,inf,182.676,182.676,182.676
737,T4,BESTEFFORT,MISSED,m2-1,72.681,"{'m1-1': 24.18, 'm2-1': 1.15, 'm3-1': 103.91, 'm4-1': 10.72, 'm5-1': 5.89, 'm6-1': 23.96, 'm7-1': 10.87, 'm8-1': 100.07}",0.007499999999993179,182.676,inf,182.68099999999998,182.68099999999998,182.68099999999998
738,T7,BESTEFFORT,MISSED,m2-1,72.713,"{'m1-1': 27.76, 'm2-1': 1.05, 'm3-1': 103.37, 'm4-1': 10.3, 'm5-1': 5.56, 'm6-1': 24.51, 'm7-1': 11.17, 'm8-1': 109.21}",0.04800000000001603,182.68099999999998,inf,182.713,182.713,182.713
739,T9,BESTEFFORT,MISSED,m2-1,72.876,"{'m1-1': 25.98, 'm2-1': 1.08, 'm3-1': 107.58, 'm4-1': 9.86, 'm5-1': 5.42, 'm6-1': 28.48, 'm7-1': 9.66, 'm8-1': 111.1}",0.24450000000001637,182.713,inf,182.876,182.876,182.876
740,T10,BESTEFFORT,MISSED,m2-1,72.967,"{'m1-1': 24.0, 'm2-1': 1.16, 'm3-1': 96.85, 'm4-1': 9.61, 'm5-1': 5.57, 'm6-1': 27.2, 'm7-1': 10.84, 'm8-1': 103.87}",0.13649999999996965,182.876,inf,182.96699999999998,182.96699999999998,182.96699999999998
741,T9,BESTEFFORT,MISSED,m2-1,73.098,"{'m1-1': 26.79, 'm2-1': 1.05, 'm3-1': 104.59, 'm4-1': 10.51, 'm5-1': 5.62, 'm6-1': 25.14, 'm7-1': 10.93, 'm8-1': 112.9}",0.19650000000004297,182.96699999999998,inf,183.098,183.098,183.098
742,T5,BESTEFFORT,MISSED,m2-1,73.107,"{'m1-1': 26.66, 'm2-1': 1.0, 'm3-1': 106.63, 'm4-1': 10.28, 'm5-1': 5.6, 'm6-1': 23.47, 'm7-1': 11.3, 'm8-1': 100.78}",0.013499999999979195,183.098,inf,183.107,183.107,183.107
743,T9,BESTEFFORT,MISSED,m2-1,73.118,"{'m1-1': 26.48, 'm2-1': 1.0, 'm3-1': 98.61, 'm4-1': 10.7, 'm5-1': 5.61, 'm6-1': 28.78, 'm7-1': 10.82, 'm8-1': 100.09}",0.01649999999999352,183.107,inf,183.118,183.118,183.118
744,T9,BESTEFFORT,MISSED,m2-1,73.161,"{'m1-1': 26.65, 'm2-1': 1.09, 'm3-1': 109.15, 'm4-1': 10.81, 'm5-1': 5.02, 'm6-1': 27.79, 'm7-1': 9.89, 'm8-1': 117.32}",0.06450000000000955,183.118,inf,183.161,183.161,183.161
745,T2,BESTEFFORT,MISSED,m2-1,73.29,"{'m1-1': 24.85, 'm2-1': 1.09, 'm3-1': 112.49, 'm4-1': 10.14, 'm5-1': 5.52, 'm6-1': 24.73, 'm7-1': 9.56, 'm8-1': 101.38}",0.19350000000002865,183.161,inf,183.29000000000002,183.29000000000002,183.29000000000002
746,T4,BESTEFFORT,MISSED,m2-1,73.3,"{'m1-1': 26.14, 'm2-1': 1.09, 'm3-1': 97.7, 'm4-1': 10.58, 'm5-1': 5.51, 'm6-1': 26.84, 'm7-1': 9.84, 'm8-1': 112.48}",0.014999999999986358,183.29000000000002,inf,183.3,183.3,183.3
747,T4,BESTEFFORT,MISSED,m2-1,73.366,"{'m1-1': 24.43, 'm2-1': 1.17, 'm3-1': 112.56, 'm4-1': 10.65, 'm5-1': 5.38, 'm6-1': 26.5, 'm7-1': 10.84, 'm8-1': 111.29}",0.09899999999996112,183.3,inf,183.36599999999999,183.36599999999999,183.36599999999999
748,T2,BESTEFFORT,MISSED,m2-1,73.516,"{'m1-1': 26.68, 'm2-1': 1.09, 'm3-1': 114.72, 'm4-1': 10.81, 'm5-1': 5.71, 'm6-1': 24.34, 'm7-1': 9.46, 'm8-1': 116.25}",0.22500000000005116,183.36599999999999,inf,183.51600000000002,183.51600000000002,183.51600000000002
749,T9,BESTEFFORT,MISSED,m2-1,73.588,"{'m1-1': 25.05, 'm2-1': 1.1, 'm3-1': 108.34, 'm4-1': 10.2, 'm5-1': 5.4, 'm6-1': 29.1, 'm7-1': 10.27, 'm8-1': 114.12}",0.10799999999996146,183.51600000000002,inf,183.588,183.588,183.588
750,T9,BESTEFFORT,MISSED,m2-1,73.75,"{'m1-1': 23.91, 'm2-1': 0.97, 'm3-1': 111.71, 'm4-1': 10.35, 'm5-1': 5.02, 'm6-1': 26.5, 'm7-1': 10.5, 'm8-1': 116.67}",0.2430000000000092,183.588,inf,183.75,183.75,183.75
751,T7,BESTEFFORT,MISSED,m2-1,73.819,"{'m1-1': 27.41, 'm2-1': 1.0, 'm3-1': 103.67, 'm4-1': 9.88, 'm5-1': 4.91, 'm6-1': 25.01, 'm7-1': 10.84, 'm8-1': 97.06}",0.10350000000002524,183.75,inf,183.81900000000002,183.81900000000002,183.81900000000002
752,T3,BESTEFFORT,MISSED,m2-1,74.008,"{'m1-1': 25.92, 'm2-1': 1.11, 'm3-1': 105.01, 'm4-1': 10.46, 'm5-1': 5.44, 'm6-1': 23.66, 'm7-1': 10.66, 'm8-1': 109.5}",0.2834999999999468,183.81900000000002,inf,184.00799999999998,184.00799999999998,184.00799999999998
753,T2,BESTEFFORT,MISSED,m2-1,74.113,"{'m1-1': 27.48, 'm2-1': 1.08, 'm3-1': 98.04, 'm4-1': 10.75, 'm5-1': 5.7, 'm6-1': 28.41, 'm7-1': 10.36, 'm8-1': 115.79}",0.15750000000002728,184.00799999999998,inf,184.113,184.113,184.113
754,T3,BESTEFFORT,MISSED,m2-1,74.249,"{'m1-1': 28.0, 'm2-1': 1.07, 'm3-1': 96.55, 'm4-1': 11.22, 'm5-1': 5.44, 'm6-1': 25.99, 'm7-1': 10.43, 'm8-1': 98.51}",0.20399999999999352,184.113,inf,184.249,184.249,184.249
755,T5,BESTEFFORT,MISSED,m2-1,74.543,"{'m1-1': 25.64, 'm2-1': 1.16, 'm3-1': 108.17, 'm4-1': 9.62, 'm5-1': 5.21, 'm6-1': 23.96, 'm7-1': 11.34, 'm8-1': 113.43}",0.4410000000000167,184.249,inf,184.543,184.543,184.543
756,T6,BESTEFFORT,MISSED,m2-1,74.712,"{'m1-1': 28.48, 'm2-1': 1.08, 'm3-1': 115.44, 'm4-1': 11.46, 'm5-1': 5.38, 'm6-1': 25.2, 'm7-1': 11.28, 'm8-1': 105.85}",0.2534999999999741,184.543,inf,184.712,184.712,184.712
757,T1,BESTEFFORT,MISSED,m2-1,74.87,"{'m1-1': 24.56, 'm2-1': 0.98, 'm3-1': 105.03, 'm4-1': 10.28, 'm5-1': 5.38, 'm6-1': 26.45, 'm7-1': 9.95, 'm8-1': 103.61}",0.2370000000000232,184.712,inf,184.87,184.87,184.87
758,T7,BESTEFFORT,MISSED,m2-1,75.075,"{'m1-1': 24.88, 'm2-1': 0.96, 'm3-1': 113.6, 'm4-1': 10.09, 'm5-1': 4.87, 'm6-1': 27.77, 'm7-1': 10.74, 'm8-1': 97.9}",0.3074999999999761,184.87,inf,185.075,185.075,185.075
759,T7,BESTEFFORT,MISSED,m2-1,75.101,"{'m1-1': 23.78, 'm2-1': 1.04, 'm3-1': 109.24, 'm4-1': 11.42, 'm5-1': 5.62, 'm6-1': 24.56, 'm7-1': 9.65, 'm8-1': 107.2}",0.03900000000001569,185.075,inf,185.101,185.101,185.101
760,T10,BESTEFFORT,MISSED,m2-1,75.19,"{'m1-1': 26.52, 'm2-1': 0.99, 'm3-1': 107.56, 'm4-1': 10.38, 'm5-1': 5.6, 'm6-1': 25.37, 'm7-1': 11.4, 'm8-1': 93.18}",0.13349999999999795,185.101,inf,185.19,185.19,185.19
761,T10,BESTEFFORT,MISSED,m2-1,75.252,"{'m1-1': 24.2, 'm2-1': 1.03, 'm3-1': 101.17, 'm4-1': 10.71, 'm5-1': 5.41, 'm6-1': 25.72, 'm7-1': 10.57, 'm8-1': 99.8}",0.09300000000001774,185.19,inf,185.252,185.252,185.252
762,T2,BESTEFFORT,MISSED,m2-1,75.338,"{'m1-1': 27.32, 'm2-1': 0.97, 'm3-1': 107.91, 'm4-1': 10.09, 'm5-1': 5.71, 'm6-1': 27.32, 'm7-1': 10.3, 'm8-1': 104.35}",0.12899999999997647,185.252,inf,185.338,185.338,185.338
763,T3,BESTEFFORT,MISSED,m2-1,75.388,"{'m1-1': 24.38, 'm2-1': 1.09, 'm3-1': 111.29, 'm4-1': 10.63, 'm5-1': 5.74, 'm6-1': 27.24, 'm7-1': 10.61, 'm8-1': 109.5}",0.07500000000001705,185.338,inf,185.388,185.388,185.388
764,T7,BESTEFFORT,MISSED,m2-1,75.416,"{'m1-1': 23.75, 'm2-1': 1.08, 'm3-1': 105.02, 'm4-1': 9.99, 'm5-1': 4.99, 'm6-1': 24.4, 'm7-1': 10.4, 'm8-1': 95.71}",0.04199999999998738,185.388,inf,185.416,185.416,185.416
765,T8,BESTEFFORT,MISSED,m2-1,75.466,"{'m1-1': 24.61, 'm2-1': 1.09, 'm3-1': 110.46, 'm4-1': 9.97, 'm5-1': 5.4, 'm6-1': 27.87, 'm7-1': 9.9, 'm8-1': 104.17}",0.07500000000001705,185.416,inf,185.466,185.466,185.466
766,T2,BESTEFFORT,MISSED,m2-1,75.649,"{'m1-1': 26.14, 'm2-1': 0.96, 'm3-1': 97.67, 'm4-1': 10.64, 'm5-1': 5.36, 'm6-1': 25.1, 'm7-1': 10.39, 'm8-1': 107.36}",0.2744999999999891,185.466,inf,185.649,185.649,185.649
767,T5,BESTEFFORT,MISSED,m2-1,75.853,"{'m1-1': 24.08, 'm2-1': 1.17, 'm3-1': 115.12, 'm4-1': 9.31, 'm5-1': 5.18, 'm6-1': 26.2, 'm7-1': 11.48, 'm8-1': 107.33}",0.3060000000000116,185.649,inf,185.853,185.853,185.853
768,T10,BESTEFFORT,MISSED,m2-1,75.95,"{'m1-1': 26.44, 'm2-1': 1.16, 'm3-1': 101.72, 'm4-1': 10.38, 'm5-1': 5.22, 'm6-1': 23.34, 'm7-1': 11.37, 'm8-1': 104.56}",0.14549999999997,185.853,inf,185.95,185.95,185.95
769,T6,BESTEFFORT,MISSED,m2-1,76.044,"{'m1-1': 28.66, 'm2-1': 1.01, 'm3-1': 110.55, 'm4-1': 10.22, 'm5-1': 5.25, 'm6-1': 26.73, 'm7-1': 9.99, 'm8-1': 97.49}",0.14099999999999113,185.95,inf,186.04399999999998,186.04399999999998,186.04399999999998
770,T2,BESTEFFORT,MISSED,m2-1,76.221,"{'m1-1': 29.02, 'm2-1': 1.14, 'm3-1': 107.56, 'm4-1': 10.42, 'm5-1': 4.99, 'm6-1': 28.22, 'm7-1': 10.0, 'm8-1': 100.62}",0.2655000000000314,186.04399999999998,inf,186.221,186.221,186.221
771,T7,BESTEFFORT,MISSED,m2-1,76.267,"{'m1-1': 26.13, 'm2-1': 1.07, 'm3-1': 106.95, 'm4-1': 11.07, 'm5-1': 5.13, 'm6-1': 27.81, 'm7-1': 9.62, 'm8-1': 103.5}",0.0689999999999884,186.221,inf,186.267,186.267,186.267
772,T5,BESTEFFORT,MISSED,m2-1,76.274,"{'m1-1': 27.86, 'm2-1': 1.09, 'm3-1': 101.35, 'm4-1': 10.88, 'm5-1': 5.4, 'm6-1': 27.75, 'm7-1': 10.8, 'm8-1': 113.51}",0.010500000000007503,186.267,inf,186.274,186.274,186.274
773,T8,BESTEFFORT,MISSED,m2-1,76.455,"{'m1-1': 25.01, 'm2-1': 1.05, 'm3-1': 107.19, 'm4-1': 10.76, 'm5-1': 5.74, 'm6-1': 26.94, 'm7-1': 10.03, 'm8-1': 109.96}",0.27149999999997476,186.274,inf,186.45499999999998,186.45499999999998,186.45499999999998
774,T4,BESTEFFORT,MISSED,m2-1,76.497,"{'m1-1': 24.69, 'm2-1': 1.05, 'm3-1': 105.88, 'm4-1': 10.81, 'm5-1': 5.09, 'm6-1': 23.83, 'm7-1': 10.26, 'm8-1': 114.86}",0.06300000000004502,186.45499999999998,inf,186.497,186.497,186.497
775,T10,BESTEFFORT,MISSED,m2-1,76.601,"{'m1-1': 25.3, 'm2-1': 1.05, 'm3-1': 99.73, 'm4-1': 9.52, 'm5-1': 5.48, 'm6-1': 25.02, 'm7-1': 10.3, 'm8-1': 106.75}",0.1559999999999775,186.497,inf,186.601,186.601,186.601
776,T2,BESTEFFORT,MISSED,m2-1,76.606,"{'m1-1': 26.14, 'm2-1': 1.12, 'm3-1': 112.02, 'm4-1': 9.96, 'm5-1': 5.21, 'm6-1': 24.67, 'm7-1': 10.56, 'm8-1': 106.56}",0.007499999999993179,186.601,inf,186.606,186.606,186.606
777,T8,BESTEFFORT,MISSED,m2-1,76.83,"{'m1-1': 25.38, 'm2-1': 1.06, 'm3-1': 101.35, 'm4-1': 9.73, 'm5-1': 5.66, 'm6-1': 28.21, 'm7-1': 9.91, 'm8-1': 115.11}",0.3359999999999843,186.606,inf,186.82999999999998,186.82999999999998,186.82999999999998
778,T5,BESTEFFORT,MISSED,m2-1,76.87,"{'m1-1': 27.49, 'm2-1': 1.05, 'm3-1': 113.44, 'm4-1': 9.66, 'm5-1': 5.51, 'm6-1': 27.51, 'm7-1': 9.87, 'm8-1': 106.21}",0.060000000000030695,186.82999999999998,inf,186.87,186.87,186.87
779,T8,BESTEFFORT,MISSED,m2-1,76.958,"{'m1-1': 23.54, 'm2-1': 1.15, 'm3-1': 103.29, 'm4-1': 9.41, 'm5-1': 5.61, 'm6-1': 25.43, 'm7-1': 10.46, 'm8-1': 109.86}",0.1319999999999908,186.87,inf,186.958,186.958,186.958
780,T7,BESTEFFORT,MISSED,m2-1,77.162,"{'m1-1': 24.48, 'm2-1': 1.05, 'm3-1': 105.64, 'm4-1': 11.02, 'm5-1': 4.96, 'm6-1': 26.48, 'm7-1': 9.71, 'm8-1': 108.69}",0.3060000000000116,186.958,inf,187.162,187.162,187.162
781,T8,BESTEFFORT,MISSED,m2-1,77.278,"{'m1-1': 23.9, 'm2-1': 1.12, 'm3-1': 112.57, 'm4-1': 10.73, 'm5-1': 5.34, 'm6-1': 27.99, 'm7-1': 11.35, 'm8-1': 111.33}",0.1740000000000208,187.162,inf,187.27800000000002,187.27800000000002,187.27800000000002
782,T10,BESTEFFORT,MISSED,m2-1,77.378,"{'m1-1': 26.05, 'm2-1': 1.15, 'm3-1': 108.04, 'm4-1': 9.96, 'm5-1': 5.53, 'm6-1': 26.1, 'm7-1': 10.66, 'm8-1': 96.27}",0.14999999999994884,187.27800000000002,inf,187.378,187.378,187.378
783,T5,BESTEFFORT,MISSED,m2-1,77.526,"{'m1-1': 23.98, 'm2-1': 1.05, 'm3-1': 102.26, 'm4-1': 9.49, 'm5-1': 4.89, 'm6-1': 25.75, 'm7-1': 10.39, 'm8-1': 103.84}",0.22200000000003683,187.378,inf,187.526,187.526,187.526
784,T8,BESTEFFORT,MISSED,m2-1,77.934,"{'m1-1': 22.91, 'm2-1': 1.18, 'm3-1': 102.97, 'm4-1': 10.84, 'm5-1': 5.71, 'm6-1': 25.29, 'm7-1': 10.41, 'm8-1': 113.49}",0.6119999999999806,187.526,inf,187.934,187.934,187.934
785,T9,BESTEFFORT,MISSED,m2-1,78.216,"{'m1-1': 27.32, 'm2-1': 0.96, 'm3-1': 115.04, 'm4-1': 9.63, 'm5-1': 5.24, 'm6-1': 28.45, 'm7-1': 10.6, 'm8-1': 100.01}",0.42300000000001603,187.934,inf,188.216,188.216,188.216
786,T1,BESTEFFORT,MISSED,m2-1,78.247,"{'m1-1': 26.16, 'm2-1': 1.03, 'm3-1': 106.13, 'm4-1': 10.13, 'm5-1': 5.22, 'm6-1': 26.16, 'm7-1': 11.76, 'm8-1': 106.66}",0.04650000000000887,188.216,inf,188.247,188.247,188.247
787,T7,BESTEFFORT,MISSED,m2-1,78.28,"{'m1-1': 27.34, 'm2-1': 1.11, 'm3-1': 101.46, 'm4-1': 10.86, 'm5-1': 5.16, 'm6-1': 23.98, 'm7-1': 11.05, 'm8-1': 98.8}",0.04949999999998056,188.247,inf,188.28,188.28,188.28
788,T6,BESTEFFORT,MISSED,m2-1,78.521,"{'m1-1': 25.42, 'm2-1': 1.06, 'm3-1': 110.27, 'm4-1': 10.68, 'm5-1': 5.33, 'm6-1': 25.17, 'm7-1': 10.71, 'm8-1': 102.5}",0.3615000000000208,188.28,inf,188.52100000000002,188.52100000000002,188.52100000000002
789,T1,BESTEFFORT,MISSED,m2-1,78.627,"{'m1-1': 25.66, 'm2-1': 1.0, 'm3-1': 114.07, 'm4-1': 10.87, 'm5-1': 5.74, 'm6-1': 25.87, 'm7-1': 10.08, 'm8-1': 102.97}",0.15899999999999181,188.52100000000002,inf,188.627,188.627,188.627
790,T1,BESTEFFORT,MISSED,m2-1,78.634,"{'m1-1': 27.19, 'm2-1': 1.0, 'm3-1': 110.04, 'm4-1': 11.05, 'm5-1': 5.53, 'm6-1': 28.2, 'm7-1': 10.43, 'm8-1': 109.27}",0.010500000000007503,188.627,inf,188.63400000000001,188.63400000000001,188.63400000000001
791,T5,BESTEFFORT,MISSED,m2-1,78.747,"{'m1-1': 24.62, 'm2-1': 1.1, 'm3-1': 115.51, 'm4-1': 10.69, 'm5-1': 5.55, 'm6-1': 26.56, 'm7-1': 11.61, 'm8-1': 115.48}",0.16949999999999932,188.63400000000001,inf,188.747,188.747,188.747
792,T7,BESTEFFORT,MISSED,m2-1,78.874,"{'m1-1': 25.95, 'm2-1': 1.1, 'm3-1': 112.65, 'm4-1': 10.09, 'm5-1': 5.15, 'm6-1': 24.36, 'm7-1': 9.93, 'm8-1': 112.06}",0.1904999999999717,188.747,inf,188.874,188.874,188.874
793,T5,BESTEFFORT,MISSED,m2-1,79.065,"{'m1-1': 23.7, 'm2-1': 1.04, 'm3-1': 116.93, 'm4-1': 9.81, 'm5-1': 5.56, 'm6-1': 25.69, 'm7-1': 10.64, 'm8-1': 116.82}",0.28650000000000375,188.874,inf,189.065,189.065,189.065
794,T1,BESTEFFORT,MISSED,m2-1,79.221,"{'m1-1': 24.92, 'm2-1': 0.99, 'm3-1': 101.42, 'm4-1': 10.67, 'm5-1': 5.71, 'm6-1': 26.07, 'm7-1': 10.91, 'm8-1': 103.58}",0.23400000000000887,189.065,inf,189.221,189.221,189.221
795,T2,BESTEFFORT,MISSED,m2-1,79.223,"{'m1-1': 24.81, 'm2-1': 1.11, 'm3-1': 114.87, 'm4-1': 11.12, 'm5-1': 4.87, 'm6-1': 24.37, 'm7-1': 10.89, 'm8-1': 101.62}",0.0030000000000143245,189.221,inf,189.223,189.223,189.223
796,T4,BESTEFFORT,MISSED,m2-1,79.274,"{'m1-1': 25.32, 'm2-1': 1.04, 'm3-1': 98.69, 'm4-1': 9.92, 'm5-1': 5.01, 'm6-1': 24.95, 'm7-1': 9.18, 'm8-1': 109.85}",0.07649999999998158,189.223,inf,189.274,189.274,189.274
797,T10,BESTEFFORT,MISSED,m2-1,79.313,"{'m1-1': 26.68, 'm2-1': 1.17, 'm3-1': 97.35, 'm4-1': 10.69, 'm5-1': 4.78, 'm6-1': 26.55, 'm7-1': 11.7, 'm8-1': 102.72}",0.0584999999999809,189.274,inf,189.313,189.313,189.313
798,T2,BESTEFFORT,MISSED,m2-1,79.448,"{'m1-1': 25.18, 'm2-1': 1.02, 'm3-1': 104.34, 'm4-1': 9.76, 'm5-1': 5.75, 'm6-1': 27.04, 'm7-1': 10.37, 'm8-1': 112.42}",0.20249999999998636,189.313,inf,189.44799999999998,189.44799999999998,189.44799999999998
799,T10,BESTEFFORT,MISSED,m2-1,79.567,"{'m1-1': 24.7, 'm2-1': 1.08, 'm3-1': 110.63, 'm4-1': 9.45, 'm5-1': 5.61, 'm6-1': 25.22, 'm7-1': 10.5, 'm8-1': 99.52}",0.1785000000000423,189.44799999999998,inf,189.567,189.567,189.567
800,T3,BESTEFFORT,MISSED,m2-1,79.609,"{'m1-1': 26.8, 'm2-1': 1.05, 'm3-1': 104.71, 'm4-1': 9.92, 'm5-1': 5.54, 'm6-1': 25.0, 'm7-1': 10.29, 'm8-1': 98.71}",0.06299999999995975,189.567,inf,189.60899999999998,189.60899999999998,189.60899999999998
801,T7,BESTEFFORT,MISSED,m2-1,79.758,"{'m1-1': 25.14, 'm2-1': 1.01, 'm3-1': 108.8, 'm4-1': 11.31, 'm5-1': 5.32, 'm6-1': 26.15, 'm7-1': 9.9, 'm8-1': 109.55}",0.22350000000000136,189.60899999999998,inf,189.75799999999998,189.75799999999998,189.75799999999998
802,T6,BESTEFFORT,MISSED,m2-1,79.798,"{'m1-1': 25.86, 'm2-1': 0.95, 'm3-1': 104.42, 'm4-1': 11.17, 'm5-1': 5.03, 'm6-1': 25.23, 'm7-1': 10.8, 'm8-1': 106.18}",0.060000000000030695,189.75799999999998,inf,189.798,189.798,189.798
803,T3,BESTEFFORT,MISSED,m2-1,79.996,"{'m1-1': 27.43, 'm2-1': 0.95, 'm3-1': 102.42, 'm4-1': 10.44, 'm5-1': 4.92, 'm6-1': 26.25, 'm7-1': 10.63, 'm8-1': 100.72}",0.2969999999999686,189.798,inf,189.99599999999998,189.99599999999998,189.99599999999998
804,T9,BESTEFFORT,MISSED,m2-1,80.203,"{'m1-1': 25.46, 'm2-1': 1.0, 'm3-1': 107.15, 'm4-1': 10.14, 'm5-1': 4.92, 'm6-1': 28.87, 'm7-1': 9.74, 'm8-1': 115.8}",0.3105000000000331,189.99599999999998,inf,190.203,190.203,190.203
805,T1,BESTEFFORT,MISSED,m2-1,80.218,"{'m1-1': 26.88, 'm2-1': 1.0, 'm3-1': 101.9, 'm4-1': 10.59, 'm5-1': 5.44, 'm6-1': 27.65, 'm7-1': 10.3, 'm8-1': 114.12}",0.02250000000002217,190.203,inf,190.21800000000002,190.21800000000002,190.21800000000002
806,T4,BESTEFFORT,MISSED,m2-1,80.309,"{'m1-1': 23.66, 'm2-1': 1.11, 'm3-1': 101.29, 'm4-1': 10.7, 'm5-1': 5.75, 'm6-1': 26.9, 'm7-1': 10.05, 'm8-1': 104.74}",0.13649999999996965,190.21800000000002,inf,190.309,190.309,190.309
807,T6,BESTEFFORT,MISSED,m2-1,80.387,"{'m1-1': 26.29, 'm2-1': 1.04, 'm3-1': 114.24, 'm4-1': 10.02, 'm5-1': 4.97, 'm6-1': 28.4, 'm7-1': 10.01, 'm8-1': 106.12}",0.11700000000000443,190.309,inf,190.387,190.387,190.387
808,T3,BESTEFFORT,MISSED,m2-1,80.478,"{'m1-1': 25.01, 'm2-1': 1.08, 'm3-1': 98.3, 'm4-1': 10.11, 'm5-1': 5.48, 'm6-1': 25.24, 'm7-1': 9.98, 'm8-1': 103.44}",0.13650000000001228,190.387,inf,190.478,190.478,190.478
809,T2,BESTEFFORT,MISSED,m2-1,80.634,"{'m1-1': 27.64, 'm2-1': 1.05, 'm3-1': 111.25, 'm4-1': 9.89, 'm5-1': 5.58, 'm6-1': 28.14, 'm7-1': 10.88, 'm8-1': 115.68}",0.23400000000000887,190.478,inf,190.63400000000001,190.63400000000001,190.63400000000001
810,T6,BESTEFFORT,MISSED,m2-1,80.785,"{'m1-1': 27.42, 'm2-1': 1.02, 'm3-1': 103.76, 'm4-1': 11.37, 'm5-1': 5.1, 'm6-1': 24.8, 'm7-1': 11.18, 'm8-1': 100.78}",0.22649999999997306,190.63400000000001,inf,190.785,190.785,190.785
811,T8,BESTEFFORT,MISSED,m2-1,80.914,"{'m1-1': 24.58, 'm2-1': 1.1, 'm3-1': 108.65, 'm4-1': 9.51, 'm5-1': 5.67, 'm6-1': 27.18, 'm7-1': 11.33, 'm8-1': 116.67}",0.19349999999998602,190.785,inf,190.914,190.914,190.914
812,T10,BESTEFFORT,MISSED,m2-1,80.984,"{'m1-1': 27.12, 'm2-1': 0.99, 'm3-1': 103.8, 'm4-1': 10.83, 'm5-1': 4.8, 'm6-1': 25.59, 'm7-1': 10.25, 'm8-1': 93.69}",0.10499999999998977,190.914,inf,190.98399999999998,190.98399999999998,190.98399999999998
813,T6,BESTEFFORT,MISSED,m2-1,81.009,"{'m1-1': 26.32, 'm2-1': 1.0, 'm3-1': 107.91, 'm4-1': 10.27, 'm5-1': 4.9, 'm6-1': 26.65, 'm7-1': 9.89, 'm8-1': 108.73}",0.03750000000005116,190.98399999999998,inf,191.00900000000001,191.00900000000001,191.00900000000001
814,T7,BESTEFFORT,MISSED,m2-1,81.09,"{'m1-1': 26.13, 'm2-1': 0.98, 'm3-1': 98.27, 'm4-1': 10.32, 'm5-1': 4.88, 'm6-1': 27.19, 'm7-1': 9.85, 'm8-1': 96.77}",0.12149999999998329,191.00900000000001,inf,191.09,191.09,191.09
815,T1,BESTEFFORT,MISSED,m2-1,81.837,"{'m1-1': 27.18, 'm2-1': 0.93, 'm3-1': 111.19, 'm4-1': 10.56, 'm5-1': 5.54, 'm6-1': 27.61, 'm7-1': 11.42, 'm8-1': 111.13}",1.1204999999999785,191.09,inf,191.837,191.837,191.837
816,T9,BESTEFFORT,MISSED,m2-1,81.841,"{'m1-1': 25.98, 'm2-1': 0.98, 'm3-1': 100.99, 'm4-1': 10.77, 'm5-1': 5.51, 'm6-1': 28.66, 'm7-1': 10.3, 'm8-1': 113.19}",0.006000000000028649,191.837,inf,191.841,191.841,191.841
817,T5,BESTEFFORT,MISSED,m2-1,81.848,"{'m1-1': 25.55, 'm2-1': 1.06, 'm3-1': 112.48, 'm4-1': 10.04, 'm5-1': 5.43, 'm6-1': 23.92, 'm7-1': 11.26, 'm8-1': 104.63}",0.010500000000007503,191.841,inf,191.848,191.848,191.848
818,T1,BESTEFFORT,MISSED,m2-1,82.07,"{'m1-1': 28.49, 'm2-1': 0.96, 'm3-1': 116.67, 'm4-1': 10.0, 'm5-1': 5.52, 'm6-1': 26.56, 'm7-1': 10.34, 'm8-1': 115.6}",0.33299999999997,191.848,inf,192.07,192.07,192.07
819,T7,BESTEFFORT,MISSED,m2-1,82.083,"{'m1-1': 25.28, 'm2-1': 0.94, 'm3-1': 96.62, 'm4-1': 11.62, 'm5-1': 4.78, 'm6-1': 27.1, 'm7-1': 10.72, 'm8-1': 108.76}",0.019500000000007844,192.07,inf,192.083,192.083,192.083
820,T10,BESTEFFORT,MISSED,m2-1,82.179,"{'m1-1': 26.82, 'm2-1': 1.03, 'm3-1': 104.75, 'm4-1': 10.45, 'm5-1': 5.31, 'm6-1': 23.38, 'm7-1': 10.52, 'm8-1': 107.9}",0.14400000000000546,192.083,inf,192.179,192.179,192.179
821,T6,BESTEFFORT,MISSED,m2-1,82.505,"{'m1-1': 28.82, 'm2-1': 1.08, 'm3-1': 117.36, 'm4-1': 11.14, 'm5-1': 5.07, 'm6-1': 26.21, 'm7-1': 10.13, 'm8-1': 108.52}",0.4889999999999901,192.179,inf,192.505,192.505,192.505
822,T7,BESTEFFORT,MISSED,m2-1,82.539,"{'m1-1': 25.99, 'm2-1': 1.06, 'm3-1': 102.17, 'm4-1': 9.98, 'm5-1': 5.66, 'm6-1': 24.48, 'm7-1': 11.29, 'm8-1': 107.3}",0.05099999999998772,192.505,inf,192.539,192.539,192.539
823,T4,BESTEFFORT,MISSED,m2-1,82.558,"{'m1-1': 26.51, 'm2-1': 1.08, 'm3-1': 100.6, 'm4-1': 10.41, 'm5-1': 5.08, 'm6-1': 27.67, 'm7-1': 9.39, 'm8-1': 115.63}",0.028500000000008185,192.539,inf,192.558,192.558,192.558
824,T9,BESTEFFORT,MISSED,m2-1,82.726,"{'m1-1': 23.77, 'm2-1': 1.04, 'm3-1': 106.55, 'm4-1': 10.42, 'm5-1': 5.0, 'm6-1': 28.75, 'm7-1': 9.63, 'm8-1': 102.68}",0.25200000000000955,192.558,inf,192.726,192.726,192.726
825,T6,BESTEFFORT,MISSED,m2-1,82.749,"{'m1-1': 27.06, 'm2-1': 1.06, 'm3-1': 106.79, 'm4-1': 11.67, 'm5-1': 5.6, 'm6-1': 26.7, 'm7-1': 10.1, 'm8-1': 105.06}",0.0344999999999942,192.726,inf,192.749,192.749,192.749
826,T4,BESTEFFORT,MISSED,m2-1,82.881,"{'m1-1': 25.3, 'm2-1': 1.07, 'm3-1': 96.63, 'm4-1': 11.28, 'm5-1': 5.27, 'm6-1': 24.71, 'm7-1': 9.68, 'm8-1': 102.38}",0.1980000000000075,192.749,inf,192.881,192.881,192.881
827,T6,BESTEFFORT,MISSED,m2-1,83.031,"{'m1-1': 29.28, 'm2-1': 1.06, 'm3-1': 100.51, 'm4-1': 11.43, 'm5-1': 4.89, 'm6-1': 25.32, 'm7-1': 10.27, 'm8-1': 98.17}",0.22500000000000853,192.881,inf,193.031,193.031,193.031
828,T10,BESTEFFORT,MISSED,m2-1,83.148,"{'m1-1': 27.39, 'm2-1': 1.12, 'm3-1': 106.56, 'm4-1': 10.44, 'm5-1': 4.77, 'm6-1': 24.96, 'm7-1': 10.44, 'm8-1': 96.39}",0.17549999999998533,193.031,inf,193.148,193.148,193.148
829,T5,BESTEFFORT,MISSED,m2-1,83.194,"{'m1-1': 24.62, 'm2-1': 1.15, 'm3-1': 113.14, 'm4-1': 10.09, 'm5-1': 5.24, 'm6-1': 24.78, 'm7-1': 11.59, 'm8-1': 113.63}",0.06900000000003104,193.148,inf,193.19400000000002,193.19400000000002,193.19400000000002
830,T7,BESTEFFORT,MISSED,m2-1,83.301,"{'m1-1': 25.1, 'm2-1': 1.08, 'm3-1': 113.34, 'm4-1': 11.23, 'm5-1': 5.67, 'm6-1': 25.14, 'm7-1': 10.22, 'm8-1': 100.7}",0.16049999999995634,193.19400000000002,inf,193.301,193.301,193.301
831,T10,BESTEFFORT,MISSED,m2-1,83.387,"{'m1-1': 27.4, 'm2-1': 1.14, 'm3-1': 108.61, 'm4-1': 9.65, 'm5-1': 5.47, 'm6-1': 24.17, 'm7-1': 11.08, 'm8-1': 106.34}",0.1290000000000191,193.301,inf,193.387,193.387,193.387
832,T8,BESTEFFORT,MISSED,m2-1,83.461,"{'m1-1': 23.36, 'm2-1': 1.1, 'm3-1': 107.16, 'm4-1': 10.87, 'm5-1': 5.56, 'm6-1': 25.67, 'm7-1': 10.23, 'm8-1': 99.84}",0.11100000000001842,193.387,inf,193.461,193.461,193.461
833,T3,BESTEFFORT,MISSED,m2-1,83.541,"{'m1-1': 26.37, 'm2-1': 0.96, 'm3-1': 111.8, 'm4-1': 10.36, 'm5-1': 4.92, 'm6-1': 27.35, 'm7-1': 11.01, 'm8-1': 111.3}",0.11999999999997613,193.461,inf,193.541,193.541,193.541
834,T10,BESTEFFORT,MISSED,m2-1,83.546,"{'m1-1': 25.12, 'm2-1': 1.07, 'm3-1': 111.39, 'm4-1': 10.93, 'm5-1': 5.44, 'm6-1': 25.28, 'm7-1': 10.32, 'm8-1': 105.76}",0.007499999999993179,193.541,inf,193.546,193.546,193.546
835,T9,BESTEFFORT,MISSED,m2-1,83.556,"{'m1-1': 23.69, 'm2-1': 1.07, 'm3-1': 104.07, 'm4-1': 9.43, 'm5-1': 4.95, 'm6-1': 25.54, 'm7-1': 9.44, 'm8-1': 99.65}",0.014999999999986358,193.546,inf,193.55599999999998,193.55599999999998,193.55599999999998
836,T5,BESTEFFORT,MISSED,m2-1,83.578,"{'m1-1': 25.48, 'm2-1': 1.03, 'm3-1': 112.48, 'm4-1': 10.02, 'm5-1': 5.51, 'm6-1': 24.24, 'm7-1': 10.88, 'm8-1': 99.66}",0.03300000000002967,193.55599999999998,inf,193.578,193.578,193.578
837,T4,BESTEFFORT,MISSED,m2-1,83.788,"{'m1-1': 22.98, 'm2-1': 1.15, 'm3-1': 99.28, 'm4-1': 10.23, 'm5-1': 5.52, 'm6-1': 26.86, 'm7-1': 9.92, 'm8-1': 99.92}",0.31500000000001194,193.578,inf,193.788,193.788,193.788
838,T8,BESTEFFORT,MISSED,m2-1,83.836,"{'m1-1': 23.37, 'm2-1': 1.17, 'm3-1': 102.98, 'm4-1': 9.5, 'm5-1': 5.56, 'm6-1': 28.17, 'm7-1': 10.02, 'm8-1': 99.36}",0.07200000000000273,193.788,inf,193.836,193.836,193.836
839,T3,BESTEFFORT,MISSED,m2-1,83.856,"{'m1-1': 27.5, 'm2-1': 0.98, 'm3-1': 105.94, 'm4-1': 11.43, 'm5-1': 5.55, 'm6-1': 25.72, 'm7-1': 10.34, 'm8-1': 98.74}",0.029999999999972715,193.836,inf,193.856,193.856,193.856
840,T3,BESTEFFORT,MISSED,m2-1,84.065,"{'m1-1': 24.79, 'm2-1': 1.0, 'm3-1': 110.6, 'm4-1': 9.9, 'm5-1': 5.72, 'm6-1': 27.03, 'm7-1': 10.37, 'm8-1': 109.24}",0.3135000000000048,193.856,inf,194.065,194.065,194.065
841,T10,BESTEFFORT,MISSED,m2-1,84.144,"{'m1-1': 24.66, 'm2-1': 1.16, 'm3-1': 106.36, 'm4-1': 10.7, 'm5-1': 5.56, 'm6-1': 27.25, 'm7-1': 10.8, 'm8-1': 92.39}",0.1185000000000116,194.065,inf,194.144,194.144,194.144
842,T7,BESTEFFORT,MISSED,m2-1,84.214,"{'m1-1': 24.96, 'm2-1': 1.1, 'm3-1': 99.79, 'm4-1': 11.17, 'm5-1': 5.34, 'm6-1': 26.07, 'm7-1': 9.71, 'm8-1': 110.99}",0.10499999999998977,194.144,inf,194.214,194.214,194.214
843,T7,BESTEFFORT,MISSED,m2-1,84.249,"{'m1-1': 27.87, 'm2-1': 1.06, 'm3-1': 110.99, 'm4-1': 10.3, 'm5-1': 5.64, 'm6-1': 25.34, 'm7-1': 10.87, 'm8-1': 110.74}",0.052499999999994884,194.214,inf,194.249,194.249,194.249
844,T9,BESTEFFORT,MISSED,m2-1,84.415,"{'m1-1': 27.36, 'm2-1': 0.95, 'm3-1': 112.56, 'm4-1': 10.23, 'm5-1': 5.69, 'm6-1': 26.15, 'm7-1': 9.84, 'm8-1': 116.56}",0.24900000000003786,194.249,inf,194.41500000000002,194.41500000000002,194.41500000000002
845,T10,BESTEFFORT,MISSED,m2-1,84.447,"{'m1-1': 25.32, 'm2-1': 1.17, 'm3-1': 102.56, 'm4-1': 10.72, 'm5-1': 5.42, 'm6-1': 25.94, 'm7-1': 10.47, 'm8-1': 100.81}",0.0479999999999734,194.41500000000002,inf,194.447,194.447,194.447
846,T4,BESTEFFORT,MISSED,m2-1,84.46,"{'m1-1': 24.46, 'm2-1': 1.15, 'm3-1': 100.26, 'm4-1': 11.36, 'm5-1': 5.68, 'm6-1': 27.92, 'm7-1': 9.65, 'm8-1': 107.58}",0.019499999999965212,194.447,inf,194.45999999999998,194.45999999999998,194.45999999999998
847,T9,BESTEFFORT,MISSED,m2-1,84.502,"{'m1-1': 26.2, 'm2-1': 1.03, 'm3-1': 103.39, 'm4-1': 10.71, 'm5-1': 5.63, 'm6-1': 24.98, 'm7-1': 10.44, 'm8-1': 104.99}",0.06300000000004502,194.45999999999998,inf,194.502,194.502,194.502
848,T7,BESTEFFORT,MISSED,m2-1,84.594,"{'m1-1': 26.07, 'm2-1': 1.09, 'm3-1': 110.56, 'm4-1': 10.74, 'm5-1': 5.63, 'm6-1': 28.0, 'm7-1': 10.96, 'm8-1': 97.54}",0.1379999999999768,194.502,inf,194.594,194.594,194.594
849,T7,BESTEFFORT,MISSED,m2-1,84.632,"{'m1-1': 25.94, 'm2-1': 1.02, 'm3-1': 103.22, 'm4-1': 11.57, 'm5-1': 5.29, 'm6-1': 27.48, 'm7-1': 10.58, 'm8-1': 111.47}",0.05700000000001637,194.594,inf,194.632,194.632,194.632
850,T5,BESTEFFORT,MISSED,m2-1,84.697,"{'m1-1': 26.4, 'm2-1': 1.14, 'm3-1': 109.92, 'm4-1': 9.39, 'm5-1': 5.63, 'm6-1': 24.55, 'm7-1': 10.09, 'm8-1': 103.8}",0.09749999999999659,194.632,inf,194.697,194.697,194.697
851,T3,BESTEFFORT,MISSED,m2-1,85.011,"{'m1-1': 28.16, 'm2-1': 1.09, 'm3-1': 100.21, 'm4-1': 11.28, 'm5-1': 5.08, 'm6-1': 25.42, 'm7-1': 9.95, 'm8-1': 101.63}",0.4709999999999894,194.697,inf,195.011,195.011,195.011
852,T4,BESTEFFORT,MISSED,m2-1,85.073,"{'m1-1': 26.8, 'm2-1': 1.04, 'm3-1': 110.98, 'm4-1': 9.78, 'm5-1': 5.62, 'm6-1': 23.83, 'm7-1': 10.61, 'm8-1': 108.16}",0.0929999999999751,195.011,inf,195.07299999999998,195.07299999999998,195.07299999999998
853,T6,BESTEFFORT,MISSED,m2-1,85.207,"{'m1-1': 25.78, 'm2-1': 0.99, 'm3-1': 112.34, 'm4-1': 11.37, 'm5-1': 4.74, 'm6-1': 25.17, 'm7-1': 9.61, 'm8-1': 95.89}",0.20100000000002183,195.07299999999998,inf,195.207,195.207,195.207
854,T5,BESTEFFORT,MISSED,m2-1,85.286,"{'m1-1': 25.79, 'm2-1': 1.08, 'm3-1': 112.48, 'm4-1': 9.76, 'm5-1': 5.73, 'm6-1': 23.43, 'm7-1': 10.41, 'm8-1': 111.17}",0.1185000000000116,195.207,inf,195.286,195.286,195.286
855,T3,BESTEFFORT,MISSED,m2-1,85.4,"{'m1-1': 24.07, 'm2-1': 0.96, 'm3-1': 109.77, 'm4-1': 10.37, 'm5-1': 5.07, 'm6-1': 23.82, 'm7-1': 11.1, 'm8-1': 97.68}",0.17100000000000648,195.286,inf,195.4,195.4,195.4
856,T7,BESTEFFORT,MISSED,m2-1,85.445,"{'m1-1': 24.56, 'm2-1': 1.11, 'm3-1': 105.9, 'm4-1': 10.98, 'm5-1': 5.15, 'm6-1': 25.85, 'm7-1': 9.79, 'm8-1': 108.12}",0.06749999999998124,195.4,inf,195.445,195.445,195.445
857,T10,BESTEFFORT,MISSED,m2-1,85.617,"{'m1-1': 25.95, 'm2-1': 1.08, 'm3-1': 106.6, 'm4-1': 9.57, 'm5-1': 5.39, 'm6-1': 25.64, 'm7-1': 11.37, 'm8-1': 96.53}",0.2580000000000382,195.445,inf,195.61700000000002,195.61700000000002,195.61700000000002
858,T3,BESTEFFORT,MISSED,m2-1,85.665,"{'m1-1': 25.63, 'm2-1': 1.12, 'm3-1': 111.44, 'm4-1': 10.7, 'm5-1': 5.32, 'm6-1': 27.4, 'm7-1': 10.41, 'm8-1': 107.62}",0.07200000000000273,195.61700000000002,inf,195.66500000000002,195.66500000000002,195.66500000000002
859,T1,BESTEFFORT,MISSED,m2-1,85.787,"{'m1-1': 28.01, 'm2-1': 0.93, 'm3-1': 117.75, 'm4-1': 9.79, 'm5-1': 5.2, 'm6-1': 25.83, 'm7-1': 11.54, 'm8-1': 110.45}",0.1829999999999785,195.66500000000002,inf,195.787,195.787,195.787
860,T3,BESTEFFORT,MISSED,m2-1,85.963,"{'m1-1': 27.88, 'm2-1': 1.1, 'm3-1': 105.07, 'm4-1': 11.41, 'm5-1': 5.37, 'm6-1': 25.93, 'm7-1': 10.54, 'm8-1': 95.92}",0.2639999999999816,195.787,inf,195.963,195.963,195.963
861,T6,BESTEFFORT,MISSED,m2-1,86.057,"{'m1-1': 28.74, 'm2-1': 0.99, 'm3-1': 104.29, 'm4-1': 10.73, 'm5-1': 5.32, 'm6-1': 29.01, 'm7-1': 9.84, 'm8-1': 110.15}",0.14100000000003376,195.963,inf,196.05700000000002,196.05700000000002,196.05700000000002
862,T9,BESTEFFORT,MISSED,m2-1,86.076,"{'m1-1': 27.58, 'm2-1': 1.04, 'm3-1': 105.77, 'm4-1': 9.54, 'm5-1': 5.31, 'm6-1': 27.71, 'm7-1': 10.78, 'm8-1': 116.39}",0.028499999999965553,196.05700000000002,inf,196.076,196.076,196.076
863,T9,BESTEFFORT,MISSED,m2-1,86.286,"{'m1-1': 24.75, 'm2-1': 0.96, 'm3-1': 98.2, 'm4-1': 10.31, 'm5-1': 5.22, 'm6-1': 28.92, 'm7-1': 10.43, 'm8-1': 109.48}",0.31500000000001194,196.076,inf,196.286,196.286,196.286
864,T9,BESTEFFORT,MISSED,m2-1,86.358,"{'m1-1': 23.28, 'm2-1': 1.08, 'm3-1': 101.95, 'm4-1': 10.49, 'm5-1': 5.15, 'm6-1': 25.29, 'm7-1': 10.63, 'm8-1': 106.96}",0.10800000000000409,196.286,inf,196.358,196.358,196.358
865,T8,BESTEFFORT,MISSED,m2-1,86.542,"{'m1-1': 24.68, 'm2-1': 1.13, 'm3-1': 101.04, 'm4-1': 9.59, 'm5-1': 5.21, 'm6-1': 28.76, 'm7-1': 10.27, 'm8-1': 107.45}",0.27599999999999625,196.358,inf,196.542,196.542,196.542
866,T5,BESTEFFORT,MISSED,m2-1,86.567,"{'m1-1': 24.53, 'm2-1': 1.03, 'm3-1': 103.09, 'm4-1': 9.41, 'm5-1': 5.13, 'm6-1': 23.64, 'm7-1': 9.93, 'm8-1': 103.8}",0.037500000000008527,196.542,inf,196.567,196.567,196.567
867,T6,BESTEFFORT,MISSED,m2-1,86.749,"{'m1-1': 28.54, 'm2-1': 1.03, 'm3-1': 100.4, 'm4-1': 11.13, 'm5-1': 5.05, 'm6-1': 25.56, 'm7-1': 11.27, 'm8-1': 101.15}",0.2729999999999819,196.567,inf,196.749,196.749,196.749
868,T7,BESTEFFORT,MISSED,m2-1,86.995,"{'m1-1': 25.9, 'm2-1': 0.95, 'm3-1': 112.51, 'm4-1': 10.62, 'm5-1': 5.4, 'm6-1': 27.65, 'm7-1': 11.24, 'm8-1': 96.99}",0.369000000000014,196.749,inf,196.995,196.995,196.995
869,T8,BESTEFFORT,MISSED,m2-1,86.996,"{'m1-1': 23.43, 'm2-1': 1.16, 'm3-1': 99.88, 'm4-1': 10.54, 'm5-1': 5.11, 'm6-1': 27.2, 'm7-1': 10.4, 'm8-1': 109.14}",0.0014999999999645297,196.995,inf,196.99599999999998,196.99599999999998,196.99599999999998
870,T7,BESTEFFORT,MISSED,m2-1,87.072,"{'m1-1': 25.82, 'm2-1': 1.04, 'm3-1': 104.98, 'm4-1': 9.98, 'm5-1': 5.43, 'm6-1': 23.88, 'm7-1': 10.97, 'm8-1': 103.5}",0.11400000000003274,196.99599999999998,inf,197.072,197.072,197.072
871,T7,BESTEFFORT,MISSED,m2-1,87.292,"{'m1-1': 23.77, 'm2-1': 0.99, 'm3-1': 107.82, 'm4-1': 10.94, 'm5-1': 5.25, 'm6-1': 27.02, 'm7-1': 10.93, 'm8-1': 107.78}",0.3299999999999983,197.072,inf,197.292,197.292,197.292
872,T9,BESTEFFORT,MISSED,m2-1,87.58,"{'m1-1': 26.04, 'm2-1': 1.03, 'm3-1': 114.1, 'm4-1': 9.38, 'm5-1': 4.83, 'm6-1': 26.64, 'm7-1': 10.3, 'm8-1': 107.99}",0.43199999999997374,197.292,inf,197.57999999999998,197.57999999999998,197.57999999999998
873,T8,BESTEFFORT,MISSED,m2-1,87.59,"{'m1-1': 25.34, 'm2-1': 1.11, 'm3-1': 96.58, 'm4-1': 10.77, 'm5-1': 5.54, 'm6-1': 27.49, 'm7-1': 11.32, 'm8-1': 100.6}",0.01500000000002899,197.57999999999998,inf,197.59,197.59,197.59
874,T3,BESTEFFORT,MISSED,m2-1,87.712,"{'m1-1': 27.09, 'm2-1': 1.06, 'm3-1': 108.88, 'm4-1': 11.09, 'm5-1': 5.18, 'm6-1': 24.14, 'm7-1': 9.89, 'm8-1': 101.28}",0.1829999999999785,197.59,inf,197.712,197.712,197.712
875,T3,BESTEFFORT,MISSED,m2-1,87.872,"{'m1-1': 24.02, 'm2-1': 1.01, 'm3-1': 104.94, 'm4-1': 10.42, 'm5-1': 5.2, 'm6-1': 25.42, 'm7-1': 10.73, 'm8-1': 99.03}",0.24000000000003752,197.712,inf,197.872,197.872,197.872
876,T4,BESTEFFORT,MISSED,m2-1,88.077,"{'m1-1': 25.27, 'm2-1': 1.11, 'm3-1': 112.93, 'm4-1': 11.42, 'm5-1': 5.69, 'm6-1': 24.49, 'm7-1': 9.91, 'm8-1': 112.73}",0.3074999999999761,197.872,inf,198.077,198.077,198.077
877,T6,BESTEFFORT,MISSED,m2-1,88.083,"{'m1-1': 26.13, 'm2-1': 1.06, 'm3-1': 112.52, 'm4-1': 10.44, 'm5-1': 5.11, 'm6-1': 28.88, 'm7-1': 10.8, 'm8-1': 105.54}",0.009000000000000341,198.077,inf,198.083,198.083,198.083
878,T9,BESTEFFORT,MISSED,m2-1,88.394,"{'m1-1': 23.74, 'm2-1': 0.99, 'm3-1': 99.29, 'm4-1': 9.59, 'm5-1': 5.42, 'm6-1': 28.16, 'm7-1': 10.02, 'm8-1': 108.87}",0.4665000000000106,198.083,inf,198.394,198.394,198.394
879,T3,BESTEFFORT,MISSED,m2-1,88.583,"{'m1-1': 27.18, 'm2-1': 1.05, 'm3-1': 100.47, 'm4-1': 10.52, 'm5-1': 4.91, 'm6-1': 27.19, 'm7-1': 10.51, 'm8-1': 112.76}",0.2834999999999894,198.394,inf,198.583,198.583,198.583
880,T5,BESTEFFORT,MISSED,m2-1,88.738,"{'m1-1': 24.19, 'm2-1': 1.08, 'm3-1': 105.68, 'm4-1': 10.76, 'm5-1': 4.83, 'm6-1': 25.32, 'm7-1': 11.51, 'm8-1': 101.21}",0.2325000000000017,198.583,inf,198.738,198.738,198.738
881,T10,BESTEFFORT,MISSED,m2-1,88.811,"{'m1-1': 24.4, 'm2-1': 1.04, 'm3-1': 100.33, 'm4-1': 10.58, 'm5-1': 5.02, 'm6-1': 27.23, 'm7-1': 11.56, 'm8-1': 104.73}",0.10950000000001125,198.738,inf,198.811,198.811,198.811
882,T9,BESTEFFORT,MISSED,m2-1,88.838,"{'m1-1': 25.57, 'm2-1': 1.02, 'm3-1': 107.33, 'm4-1': 9.52, 'm5-1': 5.05, 'm6-1': 29.1, 'm7-1': 9.26, 'm8-1': 99.81}",0.04049999999998022,198.811,inf,198.838,198.838,198.838
883,T7,BESTEFFORT,MISSED,m2-1,89.353,"{'m1-1': 25.49, 'm2-1': 1.08, 'm3-1': 98.28, 'm4-1': 11.11, 'm5-1': 4.83, 'm6-1': 26.73, 'm7-1': 11.22, 'm8-1': 109.13}",0.7725000000000222,198.838,inf,199.353,199.353,199.353
884,T9,BESTEFFORT,MISSED,m2-1,89.491,"{'m1-1': 26.18, 'm2-1': 0.99, 'm3-1': 115.0, 'm4-1': 10.93, 'm5-1': 4.85, 'm6-1': 27.0, 'm7-1': 9.22, 'm8-1': 106.85}",0.2069999999999652,199.353,inf,199.49099999999999,199.49099999999999,199.49099999999999
885,T10,BESTEFFORT,MISSED,m2-1,89.727,"{'m1-1': 27.31, 'm2-1': 1.01, 'm3-1': 106.6, 'm4-1': 10.09, 'm5-1': 5.36, 'm6-1': 25.07, 'm7-1': 11.66, 'm8-1': 95.53}",0.3540000000000276,199.49099999999999,inf,199.727,199.727,199.727
886,T6,BESTEFFORT,MISSED,m2-1,89.928,"{'m1-1': 25.39, 'm2-1': 1.04, 'm3-1': 107.28, 'm4-1': 11.19, 'm5-1': 5.4, 'm6-1': 28.87, 'm7-1': 9.79, 'm8-1': 111.28}",0.3014999999999901,199.727,inf,199.928,199.928,199.928
887,T1,BESTEFFORT,MISSED,m2-1,89.96,"{'m1-1': 27.06, 'm2-1': 1.02, 'm3-1': 100.32, 'm4-1': 10.5, 'm5-1': 5.4, 'm6-1': 26.23, 'm7-1': 11.64, 'm8-1': 98.84}",0.0479999999999734,199.928,inf,199.95999999999998,199.95999999999998,199.95999999999998
888,T3,BESTEFFORT,MISSED,m2-1,90.015,"{'m1-1': 28.1, 'm2-1': 0.96, 'm3-1': 105.29, 'm4-1': 11.05, 'm5-1': 5.63, 'm6-1': 26.29, 'm7-1': 10.89, 'm8-1': 111.22}",0.08250000000001023,199.95999999999998,inf,200.015,200.015,200.015
889,T7,BESTEFFORT,MISSED,m2-1,90.203,"{'m1-1': 27.57, 'm2-1': 1.08, 'm3-1': 100.02, 'm4-1': 10.75, 'm5-1': 5.25, 'm6-1': 24.38, 'm7-1': 9.97, 'm8-1': 103.14}",0.2820000000000249,200.015,inf,200.203,200.203,200.203
890,T7,BESTEFFORT,MISSED,m2-1,90.321,"{'m1-1': 27.87, 'm2-1': 1.1, 'm3-1': 108.11, 'm4-1': 11.02, 'm5-1': 5.56, 'm6-1': 25.67, 'm7-1': 11.37, 'm8-1': 106.73}",0.1769999999999925,200.203,inf,200.321,200.321,200.321
891,T3,BESTEFFORT,MISSED,m2-1,90.435,"{'m1-1': 23.96, 'm2-1': 1.02, 'm3-1': 100.13, 'm4-1': 10.67, 'm5-1': 5.12, 'm6-1': 27.38, 'm7-1': 10.74, 'm8-1': 109.85}",0.17100000000000648,200.321,inf,200.435,200.435,200.435
892,T6,BESTEFFORT,MISSED,m2-1,90.534,"{'m1-1': 27.3, 'm2-1': 1.03, 'm3-1': 109.53, 'm4-1': 10.2, 'm5-1': 5.32, 'm6-1': 28.86, 'm7-1': 10.63, 'm8-1': 97.89}",0.1484999999999843,200.435,inf,200.534,200.534,200.534
893,T6,BESTEFFORT,MISSED,m2-1,90.95,"{'m1-1': 24.78, 'm2-1': 0.98, 'm3-1': 107.29, 'm4-1': 10.78, 'm5-1': 5.46, 'm6-1': 27.87, 'm7-1': 10.92, 'm8-1': 102.99}",0.6239999999999952,200.534,inf,200.95,200.95,200.95
894,T9,BESTEFFORT,MISSED,m2-1,91.448,"{'m1-1': 26.29, 'm2-1': 1.11, 'm3-1': 106.1, 'm4-1': 9.94, 'm5-1': 5.4, 'm6-1': 26.63, 'm7-1': 10.86, 'm8-1': 107.35}",0.7469999999999857,200.95,inf,201.44799999999998,201.44799999999998,201.44799999999998
895,T6,BESTEFFORT,MISSED,m2-1,91.5,"{'m1-1': 28.73, 'm2-1': 1.08, 'm3-1': 104.22, 'm4-1': 10.59, 'm5-1': 4.9, 'm6-1': 25.4, 'm7-1': 9.62, 'm8-1': 102.2}",0.07800000000003138,201.44799999999998,inf,201.5,201.5,201.5
896,T10,BESTEFFORT,MISSED,m2-1,91.642,"{'m1-1': 23.85, 'm2-1': 1.12, 'm3-1': 105.9, 'm4-1': 9.67, 'm5-1': 5.34, 'm6-1': 24.55, 'm7-1': 10.13, 'm8-1': 105.34}",0.21299999999999386,201.5,inf,201.642,201.642,201.642
897,T7,BESTEFFORT,MISSED,m2-1,91.695,"{'m1-1': 25.45, 'm2-1': 0.97, 'm3-1': 108.5, 'm4-1': 11.5, 'm5-1': 5.23, 'm6-1': 25.95, 'm7-1': 11.06, 'm8-1': 102.73}",0.07949999999999591,201.642,inf,201.695,201.695,201.695
898,T7,BESTEFFORT,MISSED,m2-1,91.796,"{'m1-1': 24.1, 'm2-1': 1.01, 'm3-1': 109.1, 'm4-1': 10.68, 'm5-1': 5.11, 'm6-1': 24.73, 'm7-1': 11.1, 'm8-1': 111.44}",0.15149999999999864,201.695,inf,201.796,201.796,201.796
899,T10,BESTEFFORT,MISSED,m2-1,91.913,"{'m1-1': 24.78, 'm2-1': 1.06, 'm3-1': 102.21, 'm4-1': 9.74, 'm5-1': 5.33, 'm6-1': 25.17, 'm7-1': 10.62, 'm8-1': 103.37}",0.17550000000002797,201.796,inf,201.913,201.913,201.913
900,T4,BESTEFFORT,MISSED,m2-1,92.241,"{'m1-1': 23.88, 'm2-1': 1.17, 'm3-1': 101.04, 'm4-1': 11.36, 'm5-1': 5.26, 'm6-1': 28.1, 'm7-1': 10.62, 'm8-1': 109.52}",0.4919999999999618,201.913,inf,202.24099999999999,202.24099999999999,202.24099999999999
901,T4,BESTEFFORT,MISSED,m2-1,92.428,"{'m1-1': 24.03, 'm2-1': 1.01, 'm3-1': 102.87, 'm4-1': 10.52, 'm5-1': 5.48, 'm6-1': 27.09, 'm7-1': 9.67, 'm8-1': 112.24}",0.28050000000001774,202.24099999999999,inf,202.428,202.428,202.428
902,T6,BESTEFFORT,MISSED,m2-1,92.557,"{'m1-1': 24.79, 'm2-1': 0.95, 'm3-1': 111.39, 'm4-1': 11.77, 'm5-1': 4.89, 'm6-1': 29.18, 'm7-1': 10.06, 'm8-1': 102.74}",0.19350000000002865,202.428,inf,202.55700000000002,202.55700000000002,202.55700000000002
903,T3,BESTEFFORT,MISSED,m2-1,92.582,"{'m1-1': 24.35, 'm2-1': 1.08, 'm3-1': 103.61, 'm4-1': 9.83, 'm5-1': 5.31, 'm6-1': 23.75, 'm7-1': 11.06, 'm8-1': 106.42}",0.037499999999965894,202.55700000000002,inf,202.582,202.582,202.582
904,T4,BESTEFFORT,MISSED,m2-1,92.636,"{'m1-1': 25.58, 'm2-1': 1.15, 'm3-1': 98.53, 'm4-1': 10.11, 'm5-1': 5.42, 'm6-1': 23.77, 'm7-1': 10.65, 'm8-1': 110.71}",0.08100000000000307,202.582,inf,202.636,202.636,202.636
905,T10,BESTEFFORT,MISSED,m2-1,92.651,"{'m1-1': 25.58, 'm2-1': 1.0, 'm3-1': 99.49, 'm4-1': 10.01, 'm5-1': 5.24, 'm6-1': 27.21, 'm7-1': 9.93, 'm8-1': 99.67}",0.02250000000002217,202.636,inf,202.651,202.651,202.651
906,T5,BESTEFFORT,MISSED,m2-1,92.891,"{'m1-1': 23.92, 'm2-1': 1.16, 'm3-1': 109.79, 'm4-1': 10.0, 'm5-1': 5.07, 'm6-1': 24.09, 'm7-1': 9.95, 'm8-1': 106.66}",0.36000000000001364,202.651,inf,202.89100000000002,202.89100000000002,202.89100000000002
907,T1,BESTEFFORT,MISSED,m2-1,92.904,"{'m1-1': 27.29, 'm2-1': 0.93, 'm3-1': 109.5, 'm4-1': 10.08, 'm5-1': 4.92, 'm6-1': 26.1, 'm7-1': 9.97, 'm8-1': 100.68}",0.019499999999965212,202.89100000000002,inf,202.904,202.904,202.904
908,T6,BESTEFFORT,MISSED,m2-1,93.1,"{'m1-1': 28.12, 'm2-1': 0.99, 'm3-1': 112.75, 'm4-1': 10.3, 'm5-1': 5.37, 'm6-1': 25.65, 'm7-1': 10.32, 'm8-1': 104.59}",0.29399999999999693,202.904,inf,203.1,203.1,203.1
909,T10,BESTEFFORT,MISSED,m2-1,93.113,"{'m1-1': 25.04, 'm2-1': 1.03, 'm3-1': 100.82, 'm4-1': 10.32, 'm5-1': 5.42, 'm6-1': 25.13, 'm7-1': 10.89, 'm8-1': 101.59}",0.019500000000007844,203.1,inf,203.113,203.113,203.113
910,T5,BESTEFFORT,MISSED,m2-1,93.196,"{'m1-1': 25.79, 'm2-1': 1.13, 'm3-1': 114.34, 'm4-1': 9.35, 'm5-1': 4.84, 'm6-1': 24.46, 'm7-1': 10.3, 'm8-1': 112.05}",0.12449999999999761,203.113,inf,203.196,203.196,203.196
911,T1,BESTEFFORT,MISSED,m2-1,93.236,"{'m1-1': 26.68, 'm2-1': 0.94, 'm3-1': 113.83, 'm4-1': 11.31, 'm5-1': 4.89, 'm6-1': 24.33, 'm7-1': 10.11, 'm8-1': 112.02}",0.05999999999998806,203.196,inf,203.236,203.236,203.236
912,T10,BESTEFFORT,MISSED,m2-1,93.515,"{'m1-1': 27.85, 'm2-1': 1.05, 'm3-1': 95.37, 'm4-1': 9.52, 'm5-1': 5.41, 'm6-1': 23.58, 'm7-1': 10.61, 'm8-1': 99.44}",0.41849999999999454,203.236,inf,203.515,203.515,203.515
913,T1,BESTEFFORT,MISSED,m2-1,93.647,"{'m1-1': 24.72, 'm2-1': 0.95, 'm3-1': 112.55, 'm4-1': 10.53, 'm5-1': 5.34, 'm6-1': 25.96, 'm7-1': 10.09, 'm8-1': 98.23}",0.1980000000000075,203.515,inf,203.647,203.647,203.647
914,T5,BESTEFFORT,MISSED,m2-1,93.935,"{'m1-1': 26.68, 'm2-1': 1.04, 'm3-1': 108.05, 'm4-1': 10.88, 'm5-1': 5.63, 'm6-1': 23.54, 'm7-1': 11.09, 'm8-1': 99.87}",0.43200000000001637,203.647,inf,203.935,203.935,203.935
915,T9,BESTEFFORT,MISSED,m2-1,94.075,"{'m1-1': 23.43, 'm2-1': 1.05, 'm3-1': 103.26, 'm4-1': 10.34, 'm5-1': 4.83, 'm6-1': 28.44, 'm7-1': 10.55, 'm8-1': 111.31}",0.20999999999997954,203.935,inf,204.075,204.075,204.075
916,T10,BESTEFFORT,MISSED,m2-1,94.119,"{'m1-1': 25.39, 'm2-1': 1.03, 'm3-1': 108.38, 'm4-1': 10.85, 'm5-1': 5.51, 'm6-1': 23.28, 'm7-1': 10.71, 'm8-1': 102.59}",0.06600000000001671,204.075,inf,204.119,204.119,204.119
917,T3,BESTEFFORT,MISSED,m2-1,94.136,"{'m1-1': 27.87, 'm2-1': 1.1, 'm3-1': 104.04, 'm4-1': 9.85, 'm5-1': 5.19, 'm6-1': 23.57, 'm7-1': 10.91, 'm8-1': 100.6}",0.02549999999999386,204.119,inf,204.136,204.136,204.136
918,T4,BESTEFFORT,MISSED,m2-1,94.226,"{'m1-1': 25.45, 'm2-1': 1.08, 'm3-1': 108.44, 'm4-1': 10.56, 'm5-1': 5.75, 'm6-1': 24.85, 'm7-1': 9.4, 'm8-1': 106.56}",0.13500000000000512,204.136,inf,204.226,204.226,204.226
919,T6,BESTEFFORT,MISSED,m2-1,94.371,"{'m1-1': 26.67, 'm2-1': 1.02, 'm3-1': 111.02, 'm4-1': 11.36, 'm5-1': 5.0, 'm6-1': 26.19, 'm7-1': 10.86, 'm8-1': 107.33}",0.21749999999997272,204.226,inf,204.37099999999998,204.37099999999998,204.37099999999998
920,T9,BESTEFFORT,MISSED,m2-1,94.465,"{'m1-1': 25.3, 'm2-1': 0.96, 'm3-1': 99.47, 'm4-1': 10.45, 'm5-1': 5.06, 'm6-1': 27.79, 'm7-1': 9.9, 'm8-1': 114.93}",0.14100000000003376,204.37099999999998,inf,204.465,204.465,204.465
921,T3,BESTEFFORT,MISSED,m2-1,94.467,"{'m1-1': 27.22, 'm2-1': 1.04, 'm3-1': 102.45, 'm4-1': 10.94, 'm5-1': 5.12, 'm6-1': 25.8, 'm7-1': 9.84, 'm8-1': 107.64}",0.002999999999971692,204.465,inf,204.46699999999998,204.46699999999998,204.46699999999998
922,T5,BESTEFFORT,MISSED,m2-1,94.476,"{'m1-1': 27.71, 'm2-1': 1.06, 'm3-1': 108.59, 'm4-1': 9.62, 'm5-1': 5.31, 'm6-1': 26.32, 'm7-1': 9.85, 'm8-1': 105.75}",0.013500000000021828,204.46699999999998,inf,204.476,204.476,204.476
923,T5,BESTEFFORT,MISSED,m2-1,94.504,"{'m1-1': 27.45, 'm2-1': 1.08, 'm3-1': 101.29, 'm4-1': 9.74, 'm5-1': 5.16, 'm6-1': 25.51, 'm7-1': 10.63, 'm8-1': 102.31}",0.04200000000003001,204.476,inf,204.50400000000002,204.50400000000002,204.50400000000002
924,T5,BESTEFFORT,MISSED,m2-1,95.048,"{'m1-1': 25.4, 'm2-1': 1.1, 'm3-1': 115.1, 'm4-1': 9.16, 'm5-1': 5.44, 'm6-1': 23.87, 'm7-1': 11.4, 'm8-1': 115.72}",0.8159999999999741,204.50400000000002,inf,205.048,205.048,205.048
925,T6,BESTEFFORT,MISSED,m2-1,95.048,"{'m1-1': 25.8, 'm2-1': 1.01, 'm3-1': 115.05, 'm4-1': 10.7, 'm5-1': 5.15, 'm6-1': 25.9, 'm7-1': 9.94, 'm8-1': 96.1}",0.0,205.048,inf,205.048,205.048,205.048
926,T6,BESTEFFORT,MISSED,m2-1,95.1,"{'m1-1': 29.15, 'm2-1': 1.0, 'm3-1': 104.29, 'm4-1': 11.52, 'm5-1': 4.92, 'm6-1': 24.8, 'm7-1': 10.09, 'm8-1': 110.28}",0.07799999999998875,205.048,inf,205.1,205.1,205.1
927,T4,BESTEFFORT,MISSED,m2-1,95.224,"{'m1-1': 25.24, 'm2-1': 1.08, 'm3-1': 95.41, 'm4-1': 10.18, 'm5-1': 5.2, 'm6-1': 24.16, 'm7-1': 10.87, 'm8-1': 102.77}",0.18599999999999284,205.1,inf,205.224,205.224,205.224
928,T6,BESTEFFORT,MISSED,m2-1,95.408,"{'m1-1': 28.07, 'm2-1': 0.94, 'm3-1': 107.56, 'm4-1': 11.07, 'm5-1': 4.74, 'm6-1': 28.82, 'm7-1': 9.98, 'm8-1': 94.75}",0.2760000000000389,205.224,inf,205.40800000000002,205.40800000000002,205.40800000000002
929,T3,BESTEFFORT,MISSED,m2-1,95.525,"{'m1-1': 26.22, 'm2-1': 1.06, 'm3-1': 96.92, 'm4-1': 11.01, 'm5-1': 4.89, 'm6-1': 23.39, 'm7-1': 10.24, 'm8-1': 111.71}",0.17549999999998533,205.40800000000002,inf,205.525,205.525,205.525
930,T9,BESTEFFORT,MISSED,m2-1,95.873,"{'m1-1': 25.46, 'm2-1': 1.12, 'm3-1': 115.57, 'm4-1': 10.63, 'm5-1': 5.68, 'm6-1': 26.54, 'm7-1': 9.56, 'm8-1': 111.49}",0.5219999999999771,205.525,inf,205.873,205.873,205.873
931,T10,BESTEFFORT,MISSED,m2-1,96.006,"{'m1-1': 27.44, 'm2-1': 1.0, 'm3-1': 111.5, 'm4-1': 10.83, 'm5-1': 5.13, 'm6-1': 24.74, 'm7-1': 11.22, 'm8-1': 93.69}",0.19950000000001467,205.873,inf,206.006,206.006,206.006
932,T9,BESTEFFORT,MISSED,m2-1,96.096,"{'m1-1': 24.92, 'm2-1': 1.06, 'm3-1': 102.46, 'm4-1': 9.83, 'm5-1': 5.09, 'm6-1': 26.06, 'm7-1': 10.61, 'm8-1': 114.87}",0.13500000000000512,206.006,inf,206.096,206.096,206.096
933,T3,BESTEFFORT,MISSED,m2-1,96.142,"{'m1-1': 25.76, 'm2-1': 1.06, 'm3-1': 95.66, 'm4-1': 10.09, 'm5-1': 5.39, 'm6-1': 26.81, 'm7-1': 10.56, 'm8-1': 108.53}",0.0689999999999884,206.096,inf,206.142,206.142,206.142
934,T5,BESTEFFORT,MISSED,m2-1,96.525,"{'m1-1': 27.36, 'm2-1': 1.09, 'm3-1': 108.07, 'm4-1': 9.68, 'm5-1': 4.92, 'm6-1': 26.43, 'm7-1': 10.93, 'm8-1': 115.22}",0.5745000000000147,206.142,inf,206.525,206.525,206.525
935,T9,BESTEFFORT,MISSED,m2-1,96.565,"{'m1-1': 23.98, 'm2-1': 1.11, 'm3-1': 107.56, 'm4-1': 9.75, 'm5-1': 5.26, 'm6-1': 28.52, 'm7-1': 10.41, 'm8-1': 108.98}",0.05999999999998806,206.525,inf,206.565,206.565,206.565
936,T5,BESTEFFORT,MISSED,m2-1,96.599,"{'m1-1': 25.08, 'm2-1': 1.08, 'm3-1': 114.65, 'm4-1': 9.21, 'm5-1': 5.02, 'm6-1': 26.18, 'm7-1': 10.12, 'm8-1': 104.86}",0.05099999999998772,206.565,inf,206.599,206.599,206.599
937,T3,BESTEFFORT,MISSED,m2-1,96.977,"{'m1-1': 27.69, 'm2-1': 1.0, 'm3-1': 102.58, 'm4-1': 10.65, 'm5-1': 5.6, 'm6-1': 24.68, 'm7-1': 10.34, 'm8-1': 108.69}",0.5670000000000215,206.599,inf,206.977,206.977,206.977
938,T3,BESTEFFORT,MISSED,m2-1,97.01,"{'m1-1': 26.85, 'm2-1': 1.1, 'm3-1': 107.36, 'm4-1': 9.93, 'm5-1': 5.38, 'm6-1': 27.4, 'm7-1': 10.86, 'm8-1': 101.04}",0.04949999999998056,206.977,inf,207.01,207.01,207.01
939,T6,BESTEFFORT,MISSED,m2-1,97.116,"{'m1-1': 29.42, 'm2-1': 0.98, 'm3-1': 107.49, 'm4-1': 11.56, 'm5-1': 4.96, 'm6-1': 26.1, 'm7-1': 9.81, 'm8-1': 102.27}",0.15899999999999181,207.01,inf,207.11599999999999,207.11599999999999,207.11599999999999
940,T6,BESTEFFORT,MISSED,m2-1,97.142,"{'m1-1': 27.12, 'm2-1': 0.95, 'm3-1': 106.78, 'm4-1': 10.3, 'm5-1': 5.2, 'm6-1': 24.77, 'm7-1': 11.2, 'm8-1': 100.38}",0.03900000000001569,207.11599999999999,inf,207.142,207.142,207.142
941,T3,BESTEFFORT,MISSED,m2-1,97.292,"{'m1-1': 24.04, 'm2-1': 1.02, 'm3-1': 99.87, 'm4-1': 10.18, 'm5-1': 5.56, 'm6-1': 26.51, 'm7-1': 10.52, 'm8-1': 104.76}",0.22500000000000853,207.142,inf,207.292,207.292,207.292
942,T4,BESTEFFORT,MISSED,m2-1,97.537,"{'m1-1': 26.1, 'm2-1': 1.16, 'm3-1': 107.73, 'm4-1': 9.9, 'm5-1': 5.01, 'm6-1': 27.9, 'm7-1': 9.93, 'm8-1': 110.74}",0.3675000000000068,207.292,inf,207.537,207.537,207.537
943,T1,BESTEFFORT,MISSED,m2-1,97.85,"{'m1-1': 25.69, 'm2-1': 0.94, 'm3-1': 117.97, 'm4-1': 10.13, 'm5-1': 5.15, 'm6-1': 26.3, 'm7-1': 10.35, 'm8-1': 110.84}",0.46949999999998226,207.537,inf,207.85,207.85,207.85
944,T10,BESTEFFORT,MISSED,m2-1,97.938,"{'m1-1': 27.83, 'm2-1': 1.0, 'm3-1': 106.46, 'm4-1': 9.8, 'm5-1': 5.03, 'm6-1': 23.92, 'm7-1': 10.85, 'm8-1': 92.89}",0.1319999999999908,207.85,inf,207.938,207.938,207.938
945,T10,BESTEFFORT,MISSED,m2-1,97.945,"{'m1-1': 24.52, 'm2-1': 1.12, 'm3-1': 101.03, 'm4-1': 9.28, 'm5-1': 5.36, 'm6-1': 27.04, 'm7-1': 11.14, 'm8-1': 108.77}",0.010500000000007503,207.938,inf,207.945,207.945,207.945
946,T6,BESTEFFORT,MISSED,m2-1,98.081,"{'m1-1': 25.28, 'm2-1': 0.95, 'm3-1': 108.3, 'm4-1': 10.97, 'm5-1': 5.26, 'm6-1': 27.72, 'm7-1': 9.88, 'm8-1': 95.45}",0.20400000000003615,207.945,inf,208.08100000000002,208.08100000000002,208.08100000000002
947,T10,BESTEFFORT,MISSED,m2-1,98.143,"{'m1-1': 27.35, 'm2-1': 1.12, 'm3-1': 97.48, 'm4-1': 10.16, 'm5-1': 5.2, 'm6-1': 24.3, 'm7-1': 10.87, 'm8-1': 106.13}",0.0929999999999751,208.08100000000002,inf,208.143,208.143,208.143
948,T1,BESTEFFORT,MISSED,m2-1,98.362,"{'m1-1': 25.17, 'm2-1': 1.01, 'm3-1': 101.46, 'm4-1': 11.17, 'm5-1': 5.3, 'm6-1': 27.64, 'm7-1': 10.52, 'm8-1': 107.97}",0.32849999999999113,208.143,inf,208.362,208.362,208.362
949,T4,BESTEFFORT,MISSED,m2-1,98.589,"{'m1-1': 26.87, 'm2-1': 1.13, 'm3-1': 101.12, 'm4-1': 9.98, 'm5-1': 5.47, 'm6-1': 25.93, 'm7-1': 10.26, 'm8-1': 109.52}",0.3405000000000058,208.362,inf,208.589,208.589,208.589
950,T3,BESTEFFORT,MISSED,m2-1,98.623,"{'m1-1': 25.39, 'm2-1': 1.0, 'm3-1': 95.52, 'm4-1': 10.63, 'm5-1': 5.71, 'm6-1': 26.08, 'm7-1': 10.54, 'm8-1': 108.7}",0.05099999999998772,208.589,inf,208.623,208.623,208.623
951,T3,BESTEFFORT,MISSED,m2-1,98.728,"{'m1-1': 25.79, 'm2-1': 1.05, 'm3-1': 104.37, 'm4-1': 11.27, 'm5-1': 4.89, 'm6-1': 25.33, 'm7-1': 9.61, 'm8-1': 113.84}",0.15750000000002728,208.623,inf,208.728,208.728,208.728
952,T3,BESTEFFORT,MISSED,m2-1,98.973,"{'m1-1': 27.69, 'm2-1': 1.09, 'm3-1': 105.1, 'm4-1': 10.09, 'm5-1': 5.2, 'm6-1': 26.84, 'm7-1': 10.07, 'm8-1': 105.22}",0.3675000000000068,208.728,inf,208.973,208.973,208.973
953,T4,BESTEFFORT,MISSED,m2-1,99.066,"{'m1-1': 23.0, 'm2-1': 1.0, 'm3-1': 108.5, 'm4-1': 11.02, 'm5-1': 5.28, 'm6-1': 23.98, 'm7-1': 10.43, 'm8-1': 101.7}",0.13949999999998397,208.973,inf,209.066,209.066,209.066
954,T4,BESTEFFORT,MISSED,m2-1,99.149,"{'m1-1': 25.53, 'm2-1': 1.02, 'm3-1': 100.6, 'm4-1': 10.91, 'm5-1': 5.93, 'm6-1': 27.57, 'm7-1': 9.98, 'm8-1': 110.88}",0.12449999999999761,209.066,inf,209.149,209.149,209.149
955,T5,BESTEFFORT,MISSED,m2-1,99.758,"{'m1-1': 25.14, 'm2-1': 1.16, 'm3-1': 111.42, 'm4-1': 9.43, 'm5-1': 5.35, 'm6-1': 24.28, 'm7-1': 10.32, 'm8-1': 107.2}",0.9134999999999707,209.149,inf,209.75799999999998,209.75799999999998,209.75799999999998
956,T1,BESTEFFORT,MISSED,m2-1,99.834,"{'m1-1': 28.62, 'm2-1': 0.94, 'm3-1': 101.01, 'm4-1': 9.85, 'm5-1': 4.88, 'm6-1': 27.11, 'm7-1': 11.7, 'm8-1': 115.03}",0.11400000000003274,209.75799999999998,inf,209.834,209.834,209.834
957,T1,BESTEFFORT,MISSED,m2-1,99.874,"{'m1-1': 25.42, 'm2-1': 1.02, 'm3-1': 113.49, 'm4-1': 11.16, 'm5-1': 5.25, 'm6-1': 28.49, 'm7-1': 11.27, 'm8-1': 115.02}",0.05999999999998806,209.834,inf,209.874,209.874,209.874
958,T3,BESTEFFORT,MISSED,m2-1,99.935,"{'m1-1': 27.18, 'm2-1': 1.1, 'm3-1': 103.05, 'm4-1': 10.03, 'm5-1': 5.48, 'm6-1': 26.85, 'm7-1': 9.66, 'm8-1': 97.41}",0.09150000000001057,209.874,inf,209.935,209.935,209.935
959,T6,BESTEFFORT,MISSED,m2-1,99.947,"{'m1-1': 26.81, 'm2-1': 0.95, 'm3-1': 111.87, 'm4-1': 10.44, 'm5-1': 4.83, 'm6-1': 25.75, 'm7-1': 11.11, 'm8-1': 109.25}",0.018000000000000682,209.935,inf,209.947,209.947,209.947
960,T3,BESTEFFORT,MISSED,m2-1,100.036,"{'m1-1': 28.08, 'm2-1': 1.01, 'm3-1': 109.68, 'm4-1': 10.2, 'm5-1': 5.3, 'm6-1': 24.91, 'm7-1': 11.08, 'm8-1': 106.04}",0.13349999999999795,209.947,inf,210.036,210.036,210.036
961,T10,BESTEFFORT,MISSED,m2-1,100.271,"{'m1-1': 23.84, 'm2-1': 1.0, 'm3-1': 100.51, 'm4-1': 10.87, 'm5-1': 5.14, 'm6-1': 26.21, 'm7-1': 10.45, 'm8-1': 106.12}",0.35250000000002046,210.036,inf,210.27100000000002,210.27100000000002,210.27100000000002
962,T6,BESTEFFORT,MISSED,m2-1,100.352,"{'m1-1': 24.82, 'm2-1': 0.96, 'm3-1': 101.12, 'm4-1': 11.5, 'm5-1': 5.03, 'm6-1': 28.63, 'm7-1': 10.03, 'm8-1': 107.11}",0.12149999999998329,210.27100000000002,inf,210.352,210.352,210.352
963,T1,BESTEFFORT,MISSED,m2-1,100.379,"{'m1-1': 28.18, 'm2-1': 1.07, 'm3-1': 107.49, 'm4-1': 11.07, 'm5-1': 5.49, 'm6-1': 27.12, 'm7-1': 11.41, 'm8-1': 99.31}",0.04050000000002285,210.352,inf,210.37900000000002,210.37900000000002,210.37900000000002
964,T4,BESTEFFORT,MISSED,m2-1,100.73,"{'m1-1': 23.31, 'm2-1': 1.02, 'm3-1': 99.23, 'm4-1': 10.43, 'm5-1': 5.73, 'm6-1': 25.38, 'm7-1': 10.79, 'm8-1': 106.09}",0.5264999999999986,210.37900000000002,inf,210.73000000000002,210.73000000000002,210.73000000000002
965,T5,BESTEFFORT,MISSED,m2-1,101.013,"{'m1-1': 26.12, 'm2-1': 1.0, 'm3-1': 102.91, 'm4-1': 9.84, 'm5-1': 5.2, 'm6-1': 25.29, 'm7-1': 10.69, 'm8-1': 109.79}",0.42449999999998056,210.73000000000002,inf,211.013,211.013,211.013
966,T6,BESTEFFORT,MISSED,m2-1,101.111,"{'m1-1': 25.72, 'm2-1': 1.09, 'm3-1': 99.21, 'm4-1': 10.37, 'm5-1': 5.55, 'm6-1': 25.8, 'm7-1': 10.2, 'm8-1': 95.78}",0.14699999999997715,211.013,inf,211.111,211.111,211.111
967,T3,BESTEFFORT,MISSED,m2-1,101.141,"{'m1-1': 24.39, 'm2-1': 1.08, 'm3-1': 95.52, 'm4-1': 9.8, 'm5-1': 5.23, 'm6-1': 25.89, 'm7-1': 11.0, 'm8-1': 97.14}",0.04500000000004434,211.111,inf,211.14100000000002,211.14100000000002,211.14100000000002
968,T3,BESTEFFORT,MISSED,m2-1,101.199,"{'m1-1': 23.99, 'm2-1': 1.06, 'm3-1': 97.83, 'm4-1': 10.78, 'm5-1': 5.04, 'm6-1': 24.54, 'm7-1': 11.11, 'm8-1': 106.04}",0.08699999999998909,211.14100000000002,inf,211.199,211.199,211.199
969,T3,BESTEFFORT,MISSED,m2-1,101.255,"{'m1-1': 25.73, 'm2-1': 1.0, 'm3-1': 108.57, 'm4-1': 11.15, 'm5-1': 5.2, 'm6-1': 25.14, 'm7-1': 10.03, 'm8-1': 112.86}",0.08399999999997476,211.199,inf,211.255,211.255,211.255
970,T1,BESTEFFORT,MISSED,m2-1,101.345,"{'m1-1': 27.83, 'm2-1': 1.01, 'm3-1': 112.38, 'm4-1': 11.25, 'm5-1': 5.1, 'm6-1': 25.76, 'm7-1': 11.2, 'm8-1': 103.34}",0.13500000000000512,211.255,inf,211.345,211.345,211.345
971,T5,BESTEFFORT,MISSED,m2-1,101.938,"{'m1-1': 24.41, 'm2-1': 1.11, 'm3-1': 114.96, 'm4-1': 9.32, 'm5-1': 5.11, 'm6-1': 26.35, 'm7-1': 10.83, 'm8-1': 115.6}",0.889499999999984,211.345,inf,211.938,211.938,211.938
972,T6,BESTEFFORT,MISSED,m2-1,102.023,"{'m1-1': 29.27, 'm2-1': 0.92, 'm3-1': 112.14, 'm4-1': 10.81, 'm5-1': 5.18, 'm6-1': 29.0, 'm7-1': 9.59, 'm8-1': 111.24}",0.12750000000001194,211.938,inf,212.023,212.023,212.023
973,T6,BESTEFFORT,MISSED,m2-1,102.09,"{'m1-1': 25.78, 'm2-1': 1.04, 'm3-1': 114.22, 'm4-1': 11.14, 'm5-1': 5.03, 'm6-1': 25.12, 'm7-1': 9.93, 'm8-1': 94.18}",0.10050000000001091,212.023,inf,212.09,212.09,212.09
974,T5,BESTEFFORT,MISSED,m2-1,102.47,"{'m1-1': 28.05, 'm2-1': 1.18, 'm3-1': 100.41, 'm4-1': 9.3, 'm5-1': 5.49, 'm6-1': 24.47, 'm7-1': 9.88, 'm8-1': 113.78}",0.5699999999999932,212.09,inf,212.47,212.47,212.47
975,T3,BESTEFFORT,MISSED,m2-1,102.575,"{'m1-1': 25.0, 'm2-1': 1.04, 'm3-1': 101.32, 'm4-1': 10.86, 'm5-1': 4.95, 'm6-1': 25.44, 'm7-1': 10.34, 'm8-1': 99.14}",0.15749999999998465,212.47,inf,212.575,212.575,212.575
976,T5,BESTEFFORT,MISSED,m2-1,102.677,"{'m1-1': 23.95, 'm2-1': 1.13, 'm3-1': 107.04, 'm4-1': 9.56, 'm5-1': 5.32, 'm6-1': 24.97, 'm7-1': 10.77, 'm8-1': 116.95}",0.15300000000004843,212.575,inf,212.67700000000002,212.67700000000002,212.67700000000002
977,T6,BESTEFFORT,MISSED,m2-1,102.717,"{'m1-1': 28.3, 'm2-1': 0.99, 'm3-1': 108.81, 'm4-1': 10.21, 'm5-1': 5.04, 'm6-1': 26.81, 'm7-1': 10.78, 'm8-1': 107.33}",0.05999999999994543,212.67700000000002,inf,212.71699999999998,212.71699999999998,212.71699999999998
978,T1,BESTEFFORT,MISSED,m2-1,102.77,"{'m1-1': 24.42, 'm2-1': 0.98, 'm3-1': 102.21, 'm4-1': 10.8, 'm5-1': 4.98, 'm6-1': 25.0, 'm7-1': 11.4, 'm8-1': 104.47}",0.07949999999999591,212.71699999999998,inf,212.76999999999998,212.76999999999998,212.76999999999998
979,T5,BESTEFFORT,MISSED,m2-1,102.782,"{'m1-1': 27.47, 'm2-1': 1.13, 'm3-1': 115.67, 'm4-1': 9.5, 'm5-1': 5.14, 'm6-1': 27.1, 'm7-1': 10.35, 'm8-1': 110.79}",0.018000000000000682,212.76999999999998,inf,212.78199999999998,212.78199999999998,212.78199999999998
980,T5,BESTEFFORT,MISSED,m2-1,102.793,"{'m1-1': 25.48, 'm2-1': 1.18, 'm3-1': 109.6, 'm4-1': 10.25, 'm5-1': 4.86, 'm6-1': 25.75, 'm7-1': 10.32, 'm8-1': 106.23}",0.016500000000036152,212.78199999999998,inf,212.793,212.793,212.793
981,T3,BESTEFFORT,MISSED,m2-1,103.356,"{'m1-1': 27.94, 'm2-1': 0.99, 'm3-1': 98.98, 'm4-1': 10.01, 'm5-1': 5.2, 'm6-1': 23.59, 'm7-1': 10.33, 'm8-1': 103.6}",0.8444999999999823,212.793,inf,213.356,213.356,213.356
982,T6,BESTEFFORT,COMPLETED,m2-1,104.39,"{'m1-1': 27.88, 'm2-1': 1.01, 'm3-1': 102.54, 'm4-1': 11.42, 'm5-1': 5.51, 'm6-1': 26.36, 'm7-1': 9.66, 'm8-1': 111.42}",1.5150000000000001,213.356,214.36599999999999,inf,214.39,214.39
983,T1,BESTEFFORT,MISSED,m2-1,104.901,"{'m1-1': 27.52, 'm2-1': 0.95, 'm3-1': 105.56, 'm4-1': 11.21, 'm5-1': 4.92, 'm6-1': 27.79, 'm7-1': 10.02, 'm8-1': 107.56}",0.8025000000000375,214.36599999999999,inf,214.901,214.901,214.901
984,T1,BESTEFFORT,MISSED,m2-1,105.345,"{'m1-1': 24.95, 'm2-1': 0.93, 'm3-1': 103.23, 'm4-1': 10.75, 'm5-1': 5.17, 'm6-1': 25.87, 'm7-1': 10.42, 'm8-1': 108.85}",0.6659999999999826,214.901,inf,215.345,215.345,215.345
985,T6,BESTEFFORT,MISSED,m2-1,105.488,"{'m1-1': 26.88, 'm2-1': 0.95, 'm3-1': 109.69, 'm4-1': 11.74, 'm5-1': 5.61, 'm6-1': 28.91, 'm7-1': 11.18, 'm8-1': 95.84}",0.21450000000000102,215.345,inf,215.488,215.488,215.488
986,T3,BESTEFFORT,MISSED,m2-1,105.953,"{'m1-1': 24.86, 'm2-1': 1.08, 'm3-1': 111.42, 'm4-1': 9.91, 'm5-1': 5.13, 'm6-1': 25.36, 'm7-1': 10.02, 'm8-1': 101.72}",0.6975000000000051,215.488,inf,215.953,215.953,215.953
987,T6,BESTEFFORT,MISSED,m2-1,105.978,"{'m1-1': 27.25, 'm2-1': 0.99, 'm3-1': 110.92, 'm4-1': 10.76, 'm5-1': 5.16, 'm6-1': 29.2, 'm7-1': 10.42, 'm8-1': 102.15}",0.037500000000008527,215.953,inf,215.978,215.978,215.978
988,T1,BESTEFFORT,MISSED,m2-1,106.637,"{'m1-1': 26.47, 'm2-1': 0.98, 'm3-1': 113.12, 'm4-1': 11.04, 'm5-1': 4.94, 'm6-1': 24.88, 'm7-1': 10.13, 'm8-1': 114.21}",0.9884999999999877,215.978,inf,216.637,216.637,216.637
989,T3,BESTEFFORT,MISSED,m2-1,106.675,"{'m1-1': 25.25, 'm2-1': 1.02, 'm3-1': 109.5, 'm4-1': 10.42, 'm5-1': 5.62, 'm6-1': 26.01, 'm7-1': 10.99, 'm8-1': 109.44}",0.05700000000001637,216.637,inf,216.675,216.675,216.675
990,T3,BESTEFFORT,MISSED,m2-1,106.813,"{'m1-1': 25.57, 'm2-1': 1.07, 'm3-1': 102.76, 'm4-1': 11.1, 'm5-1': 5.58, 'm6-1': 26.89, 'm7-1': 11.18, 'm8-1': 102.54}",0.2069999999999652,216.675,inf,216.813,216.813,216.813
991,T3,BESTEFFORT,MISSED,m2-1,106.837,"{'m1-1': 24.48, 'm2-1': 1.11, 'm3-1': 94.43, 'm4-1': 10.72, 'm5-1': 5.37, 'm6-1': 26.1, 'm7-1': 11.1, 'm8-1': 96.14}",0.036000000000001364,216.813,inf,216.837,216.837,216.837
992,T3,BESTEFFORT,MISSED,m2-1,107.096,"{'m1-1': 28.06, 'm2-1': 1.03, 'm3-1': 106.41, 'm4-1': 11.52, 'm5-1': 5.28, 'm6-1': 24.51, 'm7-1': 10.29, 'm8-1': 103.94}",0.38850000000002183,216.837,inf,217.096,217.096,217.096
993,T1,BESTEFFORT,MISSED,m2-1,107.617,"{'m1-1': 25.03, 'm2-1': 1.0, 'm3-1': 104.24, 'm4-1': 11.28, 'm5-1': 5.73, 'm6-1': 25.96, 'm7-1': 11.76, 'm8-1': 104.83}",0.7815000000000225,217.096,inf,217.61700000000002,217.61700000000002,217.61700000000002
994,T1,BESTEFFORT,MISSED,m2-1,107.901,"{'m1-1': 24.95, 'm2-1': 1.03, 'm3-1': 100.38, 'm4-1': 10.28, 'm5-1': 4.88, 'm6-1': 25.09, 'm7-1': 11.75, 'm8-1': 105.12}",0.4259999999999877,217.61700000000002,inf,217.901,217.901,217.901
995,T1,BESTEFFORT,MISSED,m2-1,108.482,"{'m1-1': 28.04, 'm2-1': 1.07, 'm3-1': 107.29, 'm4-1': 9.64, 'm5-1': 5.24, 'm6-1': 27.01, 'm7-1': 10.75, 'm8-1': 105.09}",0.8714999999999833,217.901,inf,218.482,218.482,218.482
996,T1,BESTEFFORT,MISSED,m2-1,108.943,"{'m1-1': 27.12, 'm2-1': 1.07, 'm3-1': 113.12, 'm4-1': 10.94, 'm5-1': 5.23, 'm6-1': 25.82, 'm7-1': 11.61, 'm8-1': 105.64}",0.6914999999999765,218.482,inf,218.94299999999998,218.94299999999998,218.94299999999998
997,T1,BESTEFFORT,COMPLETED,m2-1,110.337,"{'m1-1': 26.13, 'm2-1': 1.0, 'm3-1': 105.55, 'm4-1': 11.13, 'm5-1': 4.99, 'm6-1': 27.92, 'm7-1': 10.32, 'm8-1': 106.94}",1.5,218.94299999999998,219.94299999999998,inf,220.337,220.337
998,T3,BESTEFFORT,COMPLETED,m2-1,111.416,"{'m1-1': 25.1, 'm2-1': 1.01, 'm3-1': 95.8, 'm4-1': 10.93, 'm5-1': 4.97, 'm6-1': 25.35, 'm7-1': 9.67, 'm8-1': 108.02}",1.5150000000000001,219.94299999999998,220.95299999999997,inf,221.416,221.416
999,T3,BESTEFFORT,MISSED,m2-1,111.426,"{'m1-1': 25.56, 'm2-1': 1.07, 'm3-1': 110.15, 'm4-1': 11.58, 'm5-1': 5.12, 'm6-1': 27.35, 'm7-1': 10.04, 'm8-1': 108.87}",0.7095000000000198,220.95299999999997,inf,221.426,221.426,221.426
