id,type,urgency,status,assigned_machine,arrival_time,execution_time,energy_usage,start_time,completion_time,missed_time,deadline,extended_deadline
0,TT3,BESTEFFORT,COMPLETED,m4-1,0.073,"{'m1-1': 2.156, 'm2-1': 1.301, 'm3-1': 4.335, 'm4-1': 0.753}",1.1295,0.073,0.826,inf,5.273000000000001,5.273000000000001
1,TT1,BESTEFFORT,COMPLETED,m4-1,0.107,"{'m1-1': 2.057, 'm2-1': 1.801, 'm3-1': 4.915, 'm4-1': 0.616}",0.9239999999999999,0.826,1.442,inf,5.107,5.107
2,TT1,BESTEFFORT,COMPLETED,m2-1,0.183,"{'m1-1': 2.348, 'm2-1': 1.607, 'm3-1': 4.019, 'm4-1': 0.642}",4.821,0.183,1.79,inf,5.183,5.183
3,TT1,BESTEFFORT,COMPLETED,m1-1,0.373,"{'m1-1': 2.228, 'm2-1': 1.851, 'm3-1': 4.62, 'm4-1': 0.815}",3.5648000000000004,0.373,2.601,inf,5.373,5.373
4,TT3,BESTEFFORT,COMPLETED,m4-1,0.664,"{'m1-1': 1.842, 'm2-1': 1.604, 'm3-1': 4.59, 'm4-1': 0.967}",1.4505,1.442,2.409,inf,5.864,5.864
5,TT2,BESTEFFORT,COMPLETED,m4-1,0.675,"{'m1-1': 2.368, 'm2-1': 1.605, 'm3-1': 4.135, 'm4-1': 0.722}",1.083,2.409,3.131,inf,5.7749999999999995,5.7749999999999995
6,TT2,BESTEFFORT,COMPLETED,m2-1,0.73,"{'m1-1': 2.558, 'm2-1': 1.604, 'm3-1': 4.082, 'm4-1': 0.918}",4.812,1.79,3.394,inf,5.83,5.83
7,TT4,BESTEFFORT,COMPLETED,m1-1,0.791,"{'m1-1': 1.734, 'm2-1': 1.719, 'm3-1': 5.086, 'm4-1': 0.904}",2.7744,2.601,4.335,inf,5.791,5.791
8,TT4,BESTEFFORT,COMPLETED,m4-1,0.873,"{'m1-1': 2.008, 'm2-1': 1.885, 'm3-1': 4.648, 'm4-1': 0.902}",1.353,3.131,4.0329999999999995,inf,5.873,5.873
9,TT4,BESTEFFORT,COMPLETED,m4-1,1.585,"{'m1-1': 2.378, 'm2-1': 1.659, 'm3-1': 4.116, 'm4-1': 0.774}",1.161,4.0329999999999995,4.8069999999999995,inf,6.585,6.585
10,TT4,BESTEFFORT,COMPLETED,m2-1,1.8,"{'m1-1': 2.388, 'm2-1': 1.729, 'm3-1': 4.971, 'm4-1': 0.959}",5.187,3.394,5.123,inf,6.8,6.8
11,TT1,BESTEFFORT,COMPLETED,m3-1,1.856,"{'m1-1': 1.972, 'm2-1': 1.771, 'm3-1': 4.891, 'm4-1': 0.625}",8.8038,1.856,6.747,inf,6.856,6.856
12,TT2,BESTEFFORT,COMPLETED,m1-1,1.914,"{'m1-1': 1.912, 'm2-1': 1.612, 'm3-1': 4.664, 'm4-1': 0.722}",3.0592,4.335,6.247,inf,7.013999999999999,7.013999999999999
13,TT3,BESTEFFORT,COMPLETED,m2-1,1.922,"{'m1-1': 1.984, 'm2-1': 1.683, 'm3-1': 4.83, 'm4-1': 0.96}",5.049,5.123,6.806,inf,7.122,7.122
14,TT1,BESTEFFORT,MISSED,m2-1,2.013,"{'m1-1': 2.433, 'm2-1': 1.653, 'm3-1': 4.878, 'm4-1': 0.638}",0.6209999999999996,6.806,inf,7.013,7.013,7.013
15,TT4,BESTEFFORT,MISSED,m1-1,2.013,"{'m1-1': 2.289, 'm2-1': 1.521, 'm3-1': 3.751, 'm4-1': 0.918}",1.2256,6.247,inf,7.013,7.013,7.013
16,TT4,BESTEFFORT,MISSED,m3-1,2.047,"{'m1-1': 2.312, 'm2-1': 1.464, 'm3-1': 4.4, 'm4-1': 1.062}",0.5400000000000013,6.747,inf,7.047000000000001,7.047000000000001,7.047000000000001
17,TT4,BESTEFFORT,MISSED,m3-1,2.123,"{'m1-1': 2.067, 'm2-1': 1.65, 'm3-1': 4.468, 'm4-1': 0.945}",0.13679999999999934,7.047000000000001,inf,7.123,7.123,7.123
18,TT2,BESTEFFORT,MISSED,m3-1,2.263,"{'m1-1': 2.462, 'm2-1': 1.943, 'm3-1': 3.631, 'm4-1': 0.94}",0.4319999999999988,7.123,inf,7.3629999999999995,7.3629999999999995,7.3629999999999995
19,TT1,BESTEFFORT,COMPLETED,m4-1,2.36,"{'m1-1': 1.974, 'm2-1': 1.654, 'm3-1': 4.118, 'm4-1': 0.682}",1.0230000000000001,4.8069999999999995,5.489,inf,7.359999999999999,7.359999999999999
20,TT3,BESTEFFORT,MISSED,m1-1,2.404,"{'m1-1': 2.035, 'm2-1': 1.303, 'm3-1': 4.827, 'm4-1': 0.898}",0.9456000000000003,7.013,inf,7.604,7.604,7.604
21,TT3,BESTEFFORT,COMPLETED,m4-1,2.678,"{'m1-1': 1.773, 'm2-1': 1.557, 'm3-1': 5.48, 'm4-1': 0.899}",1.3485,5.489,6.388,inf,7.878,7.878
22,TT4,BESTEFFORT,MISSED,m2-1,3.182,"{'m1-1': 1.804, 'm2-1': 1.368, 'm3-1': 4.633, 'm4-1': 0.997}",3.5070000000000014,7.013,inf,8.182,8.182,8.182
23,TT2,BESTEFFORT,MISSED,m3-1,3.213,"{'m1-1': 2.55, 'm2-1': 1.599, 'm3-1': 3.824, 'm4-1': 0.798}",0.0,10.132,inf,10.132,8.312999999999999,8.312999999999999
24,TT4,BESTEFFORT,CANCELLED,,3.227,"{'m1-1': 1.83, 'm2-1': 1.629, 'm3-1': 4.435, 'm4-1': 0.811}",0.0,inf,inf,inf,8.227,8.227
25,TT3,BESTEFFORT,MISSED,m2-1,3.27,"{'m1-1': 2.198, 'm2-1': 1.725, 'm3-1': 5.507, 'm4-1': 0.965}",0.0,10.366,inf,10.366,8.47,8.47
26,TT4,BESTEFFORT,MISSED,m3-1,3.353,"{'m1-1': 2.005, 'm2-1': 1.491, 'm3-1': 3.949, 'm4-1': 0.801}",0.0,10.132,inf,10.132,8.353,8.353
27,TT1,BESTEFFORT,MISSED,m3-1,3.379,"{'m1-1': 2.325, 'm2-1': 1.513, 'm3-1': 4.083, 'm4-1': 0.842}",1.8288,7.3629999999999995,inf,8.379,8.379,8.379
28,TT3,BESTEFFORT,MISSED,m1-1,3.728,"{'m1-1': 2.288, 'm2-1': 1.572, 'm3-1': 4.784, 'm4-1': 0.972}",2.118400000000001,7.604,inf,8.928,8.928,8.928
29,TT3,BESTEFFORT,MISSED,m2-1,3.819,"{'m1-1': 2.363, 'm2-1': 1.386, 'm3-1': 5.666, 'm4-1': 0.978}",2.5109999999999992,8.182,inf,9.019,9.019,9.019
30,TT1,BESTEFFORT,COMPLETED,m4-1,4.008,"{'m1-1': 2.195, 'm2-1': 1.613, 'm3-1': 3.673, 'm4-1': 0.659}",0.9885,6.388,7.047,inf,9.008,9.008
31,TT4,BESTEFFORT,COMPLETED,m4-1,4.448,"{'m1-1': 2.207, 'm2-1': 1.89, 'm3-1': 4.367, 'm4-1': 0.833}",1.2494999999999998,7.833,8.666,inf,9.448,9.448
32,TT3,BESTEFFORT,COMPLETED,m4-1,4.499,"{'m1-1': 2.027, 'm2-1': 1.461, 'm3-1': 5.312, 'm4-1': 0.786}",1.179,7.047,7.833,inf,9.699,9.699
33,TT4,BESTEFFORT,MISSED,m3-1,5.132,"{'m1-1': 2.309, 'm2-1': 1.666, 'm3-1': 4.817, 'm4-1': 1.012}",3.1554,8.379,inf,10.132,10.132,10.132
34,TT4,BESTEFFORT,CANCELLED,,5.163,"{'m1-1': 1.803, 'm2-1': 1.576, 'm3-1': 4.562, 'm4-1': 1.025}",0.0,inf,inf,inf,10.163,10.163
35,TT3,BESTEFFORT,MISSED,m2-1,5.166,"{'m1-1': 2.132, 'm2-1': 1.433, 'm3-1': 4.463, 'm4-1': 0.735}",0.1499999999999968,10.316,inf,10.366,10.366,10.366
36,TT2,BESTEFFORT,CANCELLED,,5.222,"{'m1-1': 2.369, 'm2-1': 2.022, 'm3-1': 4.56, 'm4-1': 1.017}",0.0,inf,inf,inf,10.322,10.322
37,TT4,BESTEFFORT,COMPLETED,m4-1,5.378,"{'m1-1': 2.219, 'm2-1': 1.646, 'm3-1': 3.8, 'm4-1': 0.852}",1.278,9.479000000000001,10.331000000000001,inf,10.378,10.378
38,TT1,BESTEFFORT,MISSED,m1-1,5.765,"{'m1-1': 2.433, 'm2-1': 1.499, 'm3-1': 4.313, 'm4-1': 0.858}",2.9391999999999996,8.928,inf,10.765,10.765,10.765
39,TT2,BESTEFFORT,MISSED,m1-1,5.787,"{'m1-1': 2.2, 'm2-1': 1.655, 'm3-1': 4.392, 'm4-1': 0.738}",0.19519999999999982,10.765,inf,10.887,10.887,10.887
40,TT1,BESTEFFORT,COMPLETED,m4-1,5.907,"{'m1-1': 2.51, 'm2-1': 1.989, 'm3-1': 4.967, 'm4-1': 0.813}",1.2195,8.666,9.479000000000001,inf,10.907,10.907
41,TT3,BESTEFFORT,COMPLETED,m2-1,6.006,"{'m1-1': 1.726, 'm2-1': 1.297, 'm3-1': 4.554, 'm4-1': 0.752}",3.891,9.019,10.316,inf,11.206,11.206
42,TT4,BESTEFFORT,CANCELLED,,6.585,"{'m1-1': 1.853, 'm2-1': 1.601, 'm3-1': 3.769, 'm4-1': 0.792}",0.0,inf,inf,inf,11.585,11.585
43,TT2,BESTEFFORT,CANCELLED,,6.765,"{'m1-1': 2.161, 'm2-1': 1.92, 'm3-1': 4.286, 'm4-1': 0.727}",0.0,inf,inf,inf,11.864999999999998,11.864999999999998
44,TT4,BESTEFFORT,MISSED,m1-1,7.454,"{'m1-1': 2.384, 'm2-1': 1.388, 'm3-1': 5.139, 'm4-1': 1.061}",2.5072000000000005,10.887,inf,12.454,12.454,12.454
45,TT1,BESTEFFORT,COMPLETED,m4-1,7.475,"{'m1-1': 2.61, 'm2-1': 1.462, 'm3-1': 3.891, 'm4-1': 0.838}",1.257,11.187000000000001,12.025,inf,12.475,12.475
46,TT1,BESTEFFORT,MISSED,m3-1,7.755,"{'m1-1': 2.059, 'm2-1': 1.551, 'm3-1': 4.412, 'm4-1': 0.751}",4.721399999999999,10.132,inf,12.754999999999999,12.754999999999999,12.754999999999999
47,TT2,BESTEFFORT,CANCELLED,,7.779,"{'m1-1': 1.972, 'm2-1': 1.636, 'm3-1': 3.951, 'm4-1': 0.73}",0.0,inf,inf,inf,12.879,12.879
48,TT1,BESTEFFORT,COMPLETED,m4-1,7.825,"{'m1-1': 2.244, 'm2-1': 1.406, 'm3-1': 4.946, 'm4-1': 0.856}",1.284,10.331000000000001,11.187000000000001,inf,12.825,12.825
49,TT1,BESTEFFORT,MISSED,m3-1,8.639,"{'m1-1': 2.078, 'm2-1': 1.728, 'm3-1': 4.874, 'm4-1': 0.852}",0.0,14.545,inf,14.545,13.639,13.639
50,TT1,BESTEFFORT,MISSED,m3-1,8.677,"{'m1-1': 2.028, 'm2-1': 1.52, 'm3-1': 4.252, 'm4-1': 0.626}",1.659600000000001,12.754999999999999,inf,13.677,13.677,13.677
51,TT2,BESTEFFORT,MISSED,m1-1,8.688,"{'m1-1': 2.127, 'm2-1': 1.956, 'm3-1': 3.725, 'm4-1': 0.955}",2.1343999999999994,12.454,inf,13.788,13.788,13.788
52,TT1,BESTEFFORT,COMPLETED,m4-1,8.727,"{'m1-1': 2.6, 'm2-1': 1.524, 'm3-1': 4.298, 'm4-1': 0.861}",1.2915,12.025,12.886000000000001,inf,13.727,13.727
53,TT4,BESTEFFORT,CANCELLED,,8.773,"{'m1-1': 2.065, 'm2-1': 1.803, 'm3-1': 4.057, 'm4-1': 0.9}",0.0,inf,inf,inf,13.773,13.773
54,TT3,BESTEFFORT,COMPLETED,m2-1,8.972,"{'m1-1': 2.118, 'm2-1': 1.364, 'm3-1': 5.221, 'm4-1': 0.791}",4.0920000000000005,10.366,11.73,inf,14.172,14.172
55,TT4,BESTEFFORT,CANCELLED,,9.055,"{'m1-1': 2.429, 'm2-1': 1.411, 'm3-1': 4.089, 'm4-1': 1.004}",0.0,inf,inf,inf,14.055,14.055
56,TT3,BESTEFFORT,MISSED,m1-1,9.247,"{'m1-1': 1.963, 'm2-1': 1.444, 'm3-1': 5.252, 'm4-1': 1.004}",0.0,14.514999999999999,inf,14.514999999999999,14.447,14.447
57,TT1,BESTEFFORT,CANCELLED,,9.387,"{'m1-1': 1.954, 'm2-1': 1.677, 'm3-1': 3.672, 'm4-1': 0.81}",0.0,inf,inf,inf,14.387,14.387
58,TT2,BESTEFFORT,MISSED,m1-1,9.415,"{'m1-1': 2.352, 'm2-1': 1.667, 'm3-1': 3.737, 'm4-1': 0.907}",1.1631999999999978,13.788,inf,14.514999999999999,14.514999999999999,14.514999999999999
59,TT2,BESTEFFORT,MISSED,m3-1,9.445,"{'m1-1': 2.207, 'm2-1': 1.684, 'm3-1': 3.733, 'm4-1': 0.73}",1.5624000000000007,13.677,inf,14.545,14.545,14.545
60,TT1,BESTEFFORT,COMPLETED,m4-1,9.66,"{'m1-1': 1.943, 'm2-1': 1.513, 'm3-1': 4.43, 'm4-1': 0.785}",1.1775,12.886000000000001,13.671000000000001,inf,14.66,14.66
61,TT4,BESTEFFORT,CANCELLED,,9.865,"{'m1-1': 1.839, 'm2-1': 1.422, 'm3-1': 4.394, 'm4-1': 0.973}",0.0,inf,inf,inf,14.865,14.865
62,TT3,BESTEFFORT,CANCELLED,,9.875,"{'m1-1': 2.04, 'm2-1': 1.429, 'm3-1': 5.126, 'm4-1': 0.729}",0.0,inf,inf,inf,15.075,15.075
63,TT4,BESTEFFORT,MISSED,m2-1,9.941,"{'m1-1': 2.032, 'm2-1': 1.726, 'm3-1': 4.381, 'm4-1': 0.761}",0.0,15.225,inf,15.225,14.941,14.941
64,TT2,BESTEFFORT,CANCELLED,,10.077,"{'m1-1': 2.558, 'm2-1': 2.078, 'm3-1': 4.785, 'm4-1': 0.759}",0.0,inf,inf,inf,15.177,15.177
65,TT4,BESTEFFORT,COMPLETED,m2-1,10.091,"{'m1-1': 1.772, 'm2-1': 1.821, 'm3-1': 3.791, 'm4-1': 1.043}",5.463,11.73,13.551,inf,15.091,15.091
66,TT4,BESTEFFORT,MISSED,m2-1,10.225,"{'m1-1': 2.083, 'm2-1': 1.732, 'm3-1': 4.817, 'm4-1': 0.916}",5.0219999999999985,13.551,inf,15.225,15.225,15.225
67,TT1,BESTEFFORT,COMPLETED,m4-1,10.335,"{'m1-1': 1.929, 'm2-1': 1.882, 'm3-1': 4.25, 'm4-1': 0.819}",1.2285,13.671000000000001,14.490000000000002,inf,15.335,15.335
68,TT1,BESTEFFORT,COMPLETED,m4-1,11.028,"{'m1-1': 1.915, 'm2-1': 1.951, 'm3-1': 4.186, 'm4-1': 0.707}",1.0605,14.490000000000002,15.197000000000003,inf,16.028,16.028
69,TT1,BESTEFFORT,CANCELLED,,11.32,"{'m1-1': 2.146, 'm2-1': 1.852, 'm3-1': 4.624, 'm4-1': 0.722}",0.0,inf,inf,inf,16.32,16.32
70,TT1,BESTEFFORT,COMPLETED,m4-1,11.434,"{'m1-1': 2.078, 'm2-1': 1.569, 'm3-1': 4.663, 'm4-1': 0.644}",0.966,15.197000000000003,15.841000000000003,inf,16.433999999999997,16.433999999999997
71,TT2,BESTEFFORT,MISSED,m2-1,11.481,"{'m1-1': 2.502, 'm2-1': 1.753, 'm3-1': 4.962, 'm4-1': 0.776}",4.068,15.225,inf,16.581,16.581,16.581
72,TT4,BESTEFFORT,COMPLETED,m1-1,11.865,"{'m1-1': 1.915, 'm2-1': 1.427, 'm3-1': 5.033, 'm4-1': 1.038}",3.064,14.514999999999999,16.43,inf,16.865000000000002,16.865000000000002
73,TT3,BESTEFFORT,CANCELLED,,12.144,"{'m1-1': 2.303, 'm2-1': 1.351, 'm3-1': 4.686, 'm4-1': 0.828}",0.0,inf,inf,inf,17.344,17.344
74,TT4,BESTEFFORT,MISSED,m2-1,12.394,"{'m1-1': 2.423, 'm2-1': 1.836, 'm3-1': 3.863, 'm4-1': 1.01}",0.0,17.9,inf,17.9,17.394,17.394
75,TT1,BESTEFFORT,MISSED,m3-1,12.472,"{'m1-1': 2.277, 'm2-1': 1.916, 'm3-1': 3.617, 'm4-1': 0.863}",5.268600000000003,14.545,inf,17.472,17.472,17.472
76,TT4,BESTEFFORT,CANCELLED,,12.545,"{'m1-1': 1.934, 'm2-1': 1.412, 'm3-1': 4.616, 'm4-1': 1.068}",0.0,inf,inf,inf,17.545,17.545
77,TT2,BESTEFFORT,MISSED,m1-1,12.644,"{'m1-1': 1.923, 'm2-1': 2.126, 'm3-1': 4.275, 'm4-1': 0.732}",0.14080000000000156,17.656,inf,17.744,17.744,17.744
78,TT4,BESTEFFORT,MISSED,m1-1,12.656,"{'m1-1': 1.787, 'm2-1': 1.684, 'm3-1': 4.01, 'm4-1': 1.015}",1.9615999999999987,16.43,inf,17.656,17.656,17.656
79,TT3,BESTEFFORT,COMPLETED,m2-1,12.746,"{'m1-1': 1.817, 'm2-1': 1.319, 'm3-1': 4.783, 'm4-1': 0.771}",3.957,16.581,17.9,inf,17.946,17.946
80,TT4,BESTEFFORT,CANCELLED,,12.854,"{'m1-1': 2.228, 'm2-1': 1.642, 'm3-1': 3.758, 'm4-1': 0.817}",0.0,inf,inf,inf,17.854,17.854
81,TT1,BESTEFFORT,COMPLETED,m4-1,13.221,"{'m1-1': 2.431, 'm2-1': 1.475, 'm3-1': 4.72, 'm4-1': 0.815}",1.2225,15.841000000000003,16.656000000000002,inf,18.221,18.221
82,TT2,BESTEFFORT,CANCELLED,,13.56,"{'m1-1': 2.629, 'm2-1': 2.104, 'm3-1': 4.176, 'm4-1': 0.932}",0.0,inf,inf,inf,18.66,18.66
83,TT2,BESTEFFORT,MISSED,m3-1,13.628,"{'m1-1': 1.948, 'm2-1': 2.14, 'm3-1': 3.837, 'm4-1': 0.81}",2.2608000000000006,17.472,inf,18.728,18.728,18.728
84,TT1,BESTEFFORT,COMPLETED,m4-1,13.666,"{'m1-1': 2.048, 'm2-1': 1.972, 'm3-1': 4.079, 'm4-1': 0.781}",1.1715,16.656000000000002,17.437,inf,18.666,18.666
85,TT3,BESTEFFORT,CANCELLED,,13.699,"{'m1-1': 2.33, 'm2-1': 1.655, 'm3-1': 4.782, 'm4-1': 0.904}",0.0,inf,inf,inf,18.899,18.899
86,TT2,BESTEFFORT,CANCELLED,,13.785,"{'m1-1': 1.935, 'm2-1': 1.541, 'm3-1': 4.331, 'm4-1': 0.898}",0.0,inf,inf,inf,18.884999999999998,18.884999999999998
87,TT4,BESTEFFORT,MISSED,m3-1,13.862,"{'m1-1': 2.111, 'm2-1': 1.52, 'm3-1': 4.886, 'm4-1': 0.831}",0.0,19.012,inf,19.012,18.862000000000002,18.862000000000002
88,TT4,BESTEFFORT,CANCELLED,,13.873,"{'m1-1': 1.883, 'm2-1': 1.57, 'm3-1': 4.325, 'm4-1': 0.776}",0.0,inf,inf,inf,18.872999999999998,18.872999999999998
89,TT1,BESTEFFORT,MISSED,m3-1,14.012,"{'m1-1': 2.279, 'm2-1': 1.654, 'm3-1': 3.86, 'm4-1': 0.72}",0.5111999999999981,18.728,inf,19.012,19.012,19.012
90,TT1,BESTEFFORT,COMPLETED,m4-1,14.151,"{'m1-1': 1.922, 'm2-1': 1.722, 'm3-1': 3.937, 'm4-1': 0.754}",1.131,17.437,18.191000000000003,inf,19.151,19.151
91,TT2,BESTEFFORT,MISSED,m1-1,14.243,"{'m1-1': 2.592, 'm2-1': 1.77, 'm3-1': 4.585, 'm4-1': 0.9}",2.5584000000000007,17.744,inf,19.343,19.343,19.343
92,TT3,BESTEFFORT,MISSED,m1-1,14.787,"{'m1-1': 2.235, 'm2-1': 1.607, 'm3-1': 5.526, 'm4-1': 0.74}",1.030400000000003,19.343,inf,19.987000000000002,19.987000000000002,19.987000000000002
93,TT1,BESTEFFORT,COMPLETED,m2-1,14.831,"{'m1-1': 2.582, 'm2-1': 1.821, 'm3-1': 4.427, 'm4-1': 0.69}",5.463,17.9,19.721,inf,19.831,19.831
94,TT1,BESTEFFORT,COMPLETED,m4-1,14.888,"{'m1-1': 2.335, 'm2-1': 1.962, 'm3-1': 4.923, 'm4-1': 0.687}",1.0305,18.191000000000003,18.878000000000004,inf,19.887999999999998,19.887999999999998
95,TT2,BESTEFFORT,COMPLETED,m4-1,15.17,"{'m1-1': 2.298, 'm2-1': 1.918, 'm3-1': 3.707, 'm4-1': 0.946}",1.419,18.878000000000004,19.824000000000005,inf,20.27,20.27
96,TT3,BESTEFFORT,MISSED,m2-1,15.245,"{'m1-1': 1.941, 'm2-1': 1.467, 'm3-1': 5.508, 'm4-1': 0.891}",0.0,20.719,inf,20.719,20.445,20.445
97,TT4,BESTEFFORT,MISSED,m2-1,15.393,"{'m1-1': 2.095, 'm2-1': 1.404, 'm3-1': 4.592, 'm4-1': 1.051}",0.0,21.658,inf,21.658,20.393,20.393
98,TT2,BESTEFFORT,CANCELLED,,15.558,"{'m1-1': 2.542, 'm2-1': 1.786, 'm3-1': 5.116, 'm4-1': 0.832}",0.0,inf,inf,inf,20.658,20.658
99,TT4,BESTEFFORT,MISSED,m1-1,15.63,"{'m1-1': 1.856, 'm2-1': 1.836, 'm3-1': 4.162, 'm4-1': 0.925}",0.0,22.356,inf,22.356,20.630000000000003,20.630000000000003
100,TT4,BESTEFFORT,MISSED,m2-1,15.719,"{'m1-1': 1.89, 'm2-1': 1.736, 'm3-1': 4.551, 'm4-1': 0.836}",2.9940000000000033,19.721,inf,20.719,20.719,20.719
101,TT3,BESTEFFORT,CANCELLED,,16.17,"{'m1-1': 2.294, 'm2-1': 1.395, 'm3-1': 5.496, 'm4-1': 0.788}",0.0,inf,inf,inf,21.37,21.37
102,TT3,BESTEFFORT,MISSED,m2-1,16.182,"{'m1-1': 1.834, 'm2-1': 1.542, 'm3-1': 5.807, 'm4-1': 0.929}",0.0,23.294,inf,23.294,21.381999999999998,21.381999999999998
103,TT4,BESTEFFORT,MISSED,m3-1,16.444,"{'m1-1': 1.89, 'm2-1': 1.358, 'm3-1': 4.487, 'm4-1': 1.002}",4.3775999999999975,19.012,inf,21.444,21.444,21.444
104,TT4,BESTEFFORT,MISSED,m3-1,16.49,"{'m1-1': 2.44, 'm2-1': 1.616, 'm3-1': 3.967, 'm4-1': 0.888}",0.0,23.309,inf,23.309,21.49,21.49
105,TT1,BESTEFFORT,MISSED,m2-1,16.658,"{'m1-1': 2.446, 'm2-1': 1.981, 'm3-1': 4.013, 'm4-1': 0.779}",2.817,20.719,inf,21.658,21.658,21.658
106,TT2,BESTEFFORT,CANCELLED,,17.158,"{'m1-1': 2.243, 'm2-1': 1.803, 'm3-1': 3.997, 'm4-1': 0.785}",0.0,inf,inf,inf,22.258000000000003,22.258000000000003
107,TT1,BESTEFFORT,COMPLETED,m4-1,17.38,"{'m1-1': 2.43, 'm2-1': 1.634, 'm3-1': 4.524, 'm4-1': 0.762}",1.143,19.824000000000005,20.586000000000006,inf,22.38,22.38
108,TT3,BESTEFFORT,COMPLETED,m1-1,17.407,"{'m1-1': 2.369, 'm2-1': 1.526, 'm3-1': 5.26, 'm4-1': 0.879}",3.7904000000000004,19.987000000000002,22.356,inf,22.607,22.607
109,TT1,BESTEFFORT,CANCELLED,,17.884,"{'m1-1': 2.006, 'm2-1': 1.824, 'm3-1': 5.06, 'm4-1': 0.703}",0.0,inf,inf,inf,22.884,22.884
110,TT3,BESTEFFORT,COMPLETED,m4-1,18.122,"{'m1-1': 2.385, 'm2-1': 1.642, 'm3-1': 4.752, 'm4-1': 0.731}",1.0965,20.586000000000006,21.317000000000007,inf,23.322,23.322
111,TT4,BESTEFFORT,MISSED,m3-1,18.309,"{'m1-1': 2.258, 'm2-1': 1.383, 'm3-1': 4.175, 'm4-1': 0.998}",3.3570000000000038,21.444,inf,23.309,23.309,23.309
112,TT2,BESTEFFORT,CANCELLED,,18.355,"{'m1-1': 2.294, 'm2-1': 1.609, 'm3-1': 4.394, 'm4-1': 0.73}",0.0,inf,inf,inf,23.455,23.455
113,TT4,BESTEFFORT,MISSED,m3-1,18.457,"{'m1-1': 2.156, 'm2-1': 1.852, 'm3-1': 3.794, 'm4-1': 0.97}",0.26639999999999947,23.309,inf,23.457,23.457,23.457
114,TT4,BESTEFFORT,MISSED,m1-1,18.792,"{'m1-1': 1.744, 'm2-1': 1.377, 'm3-1': 4.116, 'm4-1': 0.937}",2.2976,22.356,inf,23.792,23.792,23.792
115,TT1,BESTEFFORT,COMPLETED,m4-1,18.869,"{'m1-1': 2.277, 'm2-1': 1.981, 'm3-1': 3.972, 'm4-1': 0.738}",1.107,21.317000000000007,22.055000000000007,inf,23.869,23.869
116,TT1,BESTEFFORT,COMPLETED,m4-1,19.147,"{'m1-1': 1.919, 'm2-1': 1.432, 'm3-1': 4.72, 'm4-1': 0.692}",1.0379999999999998,22.055000000000007,22.747000000000007,inf,24.147,24.147
117,TT4,BESTEFFORT,MISSED,m1-1,19.366,"{'m1-1': 1.781, 'm2-1': 1.404, 'm3-1': 4.122, 'm4-1': 0.759}",0.918399999999997,23.792,inf,24.366,24.366,24.366
118,TT1,BESTEFFORT,CANCELLED,,19.545,"{'m1-1': 2.316, 'm2-1': 1.921, 'm3-1': 4.242, 'm4-1': 0.703}",0.0,inf,inf,inf,24.545,24.545
119,TT1,BESTEFFORT,COMPLETED,m4-1,19.855,"{'m1-1': 2.451, 'm2-1': 1.908, 'm3-1': 3.877, 'm4-1': 0.69}",1.035,22.747000000000007,23.43700000000001,inf,24.855,24.855
120,TT1,BESTEFFORT,MISSED,m3-1,19.897,"{'m1-1': 1.974, 'm2-1': 1.854, 'm3-1': 3.717, 'm4-1': 0.826}",2.591999999999996,23.457,inf,24.897,24.897,24.897
121,TT2,BESTEFFORT,COMPLETED,m4-1,20.3,"{'m1-1': 1.89, 'm2-1': 1.787, 'm3-1': 3.775, 'm4-1': 0.973}",1.4595,24.131000000000007,25.104000000000006,inf,25.4,25.4
122,TT2,BESTEFFORT,MISSED,m3-1,20.545,"{'m1-1': 1.882, 'm2-1': 1.82, 'm3-1': 3.897, 'm4-1': 0.966}",0.0,28.146,inf,28.146,25.645000000000003,25.645000000000003
123,TT3,BESTEFFORT,COMPLETED,m2-1,20.682,"{'m1-1': 2.183, 'm2-1': 1.636, 'm3-1': 4.901, 'm4-1': 0.933}",4.9079999999999995,21.658,23.294,inf,25.881999999999998,25.881999999999998
124,TT4,BESTEFFORT,CANCELLED,,20.872,"{'m1-1': 2.187, 'm2-1': 1.648, 'm3-1': 3.656, 'm4-1': 0.767}",0.0,inf,inf,inf,25.872,25.872
125,TT4,BESTEFFORT,MISSED,m2-1,20.954,"{'m1-1': 1.931, 'm2-1': 1.652, 'm3-1': 4.499, 'm4-1': 0.859}",2.679000000000002,25.061,inf,25.954,25.954,25.954
126,TT1,BESTEFFORT,COMPLETED,m4-1,21.038,"{'m1-1': 2.507, 'm2-1': 1.88, 'm3-1': 3.937, 'm4-1': 0.694}",1.041,23.43700000000001,24.131000000000007,inf,26.038,26.038
127,TT2,BESTEFFORT,CANCELLED,,21.054,"{'m1-1': 2.334, 'm2-1': 1.561, 'm3-1': 3.978, 'm4-1': 0.984}",0.0,inf,inf,inf,26.153999999999996,26.153999999999996
128,TT1,BESTEFFORT,MISSED,m1-1,21.157,"{'m1-1': 2.531, 'm2-1': 1.506, 'm3-1': 4.234, 'm4-1': 0.811}",0.0,26.737,inf,26.737,26.157,26.157
129,TT4,BESTEFFORT,CANCELLED,,21.226,"{'m1-1': 2.111, 'm2-1': 1.645, 'm3-1': 4.86, 'm4-1': 0.97}",0.0,inf,inf,inf,26.226,26.226
130,TT2,BESTEFFORT,COMPLETED,m2-1,21.339,"{'m1-1': 2.52, 'm2-1': 1.767, 'm3-1': 4.978, 'm4-1': 0.727}",5.301,23.294,25.061,inf,26.439,26.439
131,TT4,BESTEFFORT,MISSED,m3-1,21.581,"{'m1-1': 1.97, 'm2-1': 1.446, 'm3-1': 4.091, 'm4-1': 0.856}",0.0,28.146,inf,28.146,26.581,26.581
132,TT4,BESTEFFORT,CANCELLED,,21.721,"{'m1-1': 2.329, 'm2-1': 1.419, 'm3-1': 5.06, 'm4-1': 0.881}",0.0,inf,inf,inf,26.721,26.721
133,TT4,BESTEFFORT,COMPLETED,m1-1,22.148,"{'m1-1': 2.371, 'm2-1': 1.511, 'm3-1': 5.049, 'm4-1': 1.018}",3.7936,24.366,26.737,inf,27.148,27.148
134,TT4,BESTEFFORT,CANCELLED,,22.312,"{'m1-1': 2.236, 'm2-1': 1.601, 'm3-1': 3.985, 'm4-1': 1.014}",0.0,inf,inf,inf,27.312,27.312
135,TT2,BESTEFFORT,COMPLETED,m4-1,22.411,"{'m1-1': 1.88, 'm2-1': 1.596, 'm3-1': 3.911, 'm4-1': 0.905}",1.3575,25.104000000000006,26.009000000000007,inf,27.511000000000003,27.511000000000003
136,TT3,BESTEFFORT,MISSED,m2-1,22.721,"{'m1-1': 2.208, 'm2-1': 1.556, 'm3-1': 4.905, 'm4-1': 0.826}",0.0,28.798,inf,28.798,27.921,27.921
137,TT2,BESTEFFORT,CANCELLED,,22.745,"{'m1-1': 2.127, 'm2-1': 1.754, 'm3-1': 3.778, 'm4-1': 0.938}",0.0,inf,inf,inf,27.845,27.845
138,TT2,BESTEFFORT,CANCELLED,,22.815,"{'m1-1': 2.234, 'm2-1': 1.63, 'm3-1': 4.15, 'm4-1': 0.832}",0.0,inf,inf,inf,27.915,27.915
139,TT1,BESTEFFORT,COMPLETED,m4-1,22.852,"{'m1-1': 2.359, 'm2-1': 1.455, 'm3-1': 4.061, 'm4-1': 0.623}",0.9345,26.009000000000007,26.63200000000001,inf,27.852,27.852
140,TT2,BESTEFFORT,CANCELLED,,22.891,"{'m1-1': 2.082, 'm2-1': 1.794, 'm3-1': 4.332, 'm4-1': 0.929}",0.0,inf,inf,inf,27.991,27.991
141,TT3,BESTEFFORT,COMPLETED,m2-1,22.901,"{'m1-1': 2.057, 'm2-1': 1.677, 'm3-1': 4.713, 'm4-1': 0.91}",5.031000000000001,25.954,27.631,inf,28.101,28.101
142,TT1,BESTEFFORT,MISSED,m3-1,23.146,"{'m1-1': 1.989, 'm2-1': 1.775, 'm3-1': 3.763, 'm4-1': 0.762}",5.848200000000005,24.897,inf,28.146,28.146,28.146
143,TT3,BESTEFFORT,MISSED,m2-1,23.165,"{'m1-1': 1.724, 'm2-1': 1.634, 'm3-1': 4.504, 'm4-1': 0.743}",2.2019999999999946,27.631,inf,28.365,28.365,28.365
144,TT1,BESTEFFORT,CANCELLED,,23.175,"{'m1-1': 1.86, 'm2-1': 1.779, 'm3-1': 4.614, 'm4-1': 0.799}",0.0,inf,inf,inf,28.175,28.175
145,TT2,BESTEFFORT,MISSED,m3-1,23.534,"{'m1-1': 2.263, 'm2-1': 2.005, 'm3-1': 4.133, 'm4-1': 0.972}",0.0,33.027,inf,33.027,28.634,28.634
146,TT3,BESTEFFORT,MISSED,m2-1,23.598,"{'m1-1': 2.328, 'm2-1': 1.619, 'm3-1': 5.014, 'm4-1': 0.748}",1.2989999999999995,28.365,inf,28.798,28.798,28.798
147,TT3,BESTEFFORT,COMPLETED,m1-1,23.701,"{'m1-1': 1.952, 'm2-1': 1.317, 'm3-1': 4.791, 'm4-1': 0.753}",3.1232,26.737,28.689,inf,28.901,28.901
148,TT2,BESTEFFORT,MISSED,m3-1,23.729,"{'m1-1': 2.046, 'm2-1': 2.101, 'm3-1': 4.962, 'm4-1': 0.84}",0.0,33.027,inf,33.027,28.829,28.829
149,TT2,BESTEFFORT,CANCELLED,,23.834,"{'m1-1': 2.587, 'm2-1': 1.804, 'm3-1': 3.652, 'm4-1': 0.912}",0.0,inf,inf,inf,28.933999999999997,28.933999999999997
150,TT1,BESTEFFORT,MISSED,m1-1,23.869,"{'m1-1': 2.213, 'm2-1': 1.771, 'm3-1': 3.776, 'm4-1': 0.742}",0.28799999999999953,28.689,inf,28.869,28.869,28.869
151,TT4,BESTEFFORT,CANCELLED,,23.886,"{'m1-1': 1.986, 'm2-1': 1.343, 'm3-1': 3.842, 'm4-1': 0.885}",0.0,inf,inf,inf,28.886,28.886
152,TT1,BESTEFFORT,COMPLETED,m4-1,23.952,"{'m1-1': 1.951, 'm2-1': 1.607, 'm3-1': 4.966, 'm4-1': 0.713}",1.0695,26.63200000000001,27.34500000000001,inf,28.952,28.952
153,TT1,BESTEFFORT,COMPLETED,m4-1,24.158,"{'m1-1': 2.584, 'm2-1': 1.519, 'm3-1': 4.916, 'm4-1': 0.724}",1.0859999999999999,27.34500000000001,28.06900000000001,inf,29.158,29.158
154,TT2,BESTEFFORT,CANCELLED,,24.327,"{'m1-1': 2.625, 'm2-1': 1.686, 'm3-1': 4.334, 'm4-1': 1.002}",0.0,inf,inf,inf,29.427,29.427
155,TT1,BESTEFFORT,CANCELLED,,24.463,"{'m1-1': 2.453, 'm2-1': 1.51, 'm3-1': 4.515, 'm4-1': 0.807}",0.0,inf,inf,inf,29.463,29.463
156,TT1,BESTEFFORT,MISSED,m4-1,24.55,"{'m1-1': 2.177, 'm2-1': 1.494, 'm3-1': 4.582, 'm4-1': 0.755}",1.0154999999999887,28.873000000000008,inf,29.55,29.55,29.55
157,TT4,BESTEFFORT,MISSED,m3-1,24.587,"{'m1-1': 1.759, 'm2-1': 1.765, 'm3-1': 4.063, 'm4-1': 0.815}",2.593799999999998,28.146,inf,29.587,29.587,29.587
158,TT4,BESTEFFORT,CANCELLED,,25.128,"{'m1-1': 2.102, 'm2-1': 1.898, 'm3-1': 4.437, 'm4-1': 0.843}",0.0,inf,inf,inf,30.128,30.128
159,TT3,BESTEFFORT,MISSED,m2-1,25.398,"{'m1-1': 2.246, 'm2-1': 1.596, 'm3-1': 5.67, 'm4-1': 0.941}",0.0,32.201,inf,32.201,30.598,30.598
160,TT1,BESTEFFORT,COMPLETED,m4-1,25.846,"{'m1-1': 2.476, 'm2-1': 1.601, 'm3-1': 4.981, 'm4-1': 0.804}",1.206,28.06900000000001,28.873000000000008,inf,30.846,30.846
161,TT1,BESTEFFORT,COMPLETED,m4-1,25.853,"{'m1-1': 2.307, 'm2-1': 1.644, 'm3-1': 4.3, 'm4-1': 0.835}",1.2525,29.55,30.385,inf,30.853,30.853
162,TT3,BESTEFFORT,COMPLETED,m1-1,26.058,"{'m1-1': 2.164, 'm2-1': 1.731, 'm3-1': 5.229, 'm4-1': 0.945}",3.4624000000000006,28.869,31.033,inf,31.258,31.258
163,TT1,BESTEFFORT,COMPLETED,m2-1,26.105,"{'m1-1': 2.567, 'm2-1': 1.654, 'm3-1': 4.549, 'm4-1': 0.686}",4.962,28.798,30.451999999999998,inf,31.105,31.105
164,TT1,BESTEFFORT,MISSED,m1-1,26.73,"{'m1-1': 2.483, 'm2-1': 1.577, 'm3-1': 3.626, 'm4-1': 0.684}",1.1151999999999986,31.033,inf,31.73,31.73,31.73
165,TT2,BESTEFFORT,MISSED,m1-1,27.171,"{'m1-1': 2.22, 'm2-1': 1.605, 'm3-1': 4.83, 'm4-1': 0.808}",0.0,34.612,inf,34.612,32.271,32.271
166,TT2,BESTEFFORT,CANCELLED,,27.638,"{'m1-1': 2.587, 'm2-1': 2.141, 'm3-1': 4.793, 'm4-1': 0.998}",0.0,inf,inf,inf,32.738,32.738
167,TT3,BESTEFFORT,COMPLETED,m2-1,27.706,"{'m1-1': 2.231, 'm2-1': 1.749, 'm3-1': 5.875, 'm4-1': 0.834}",5.247,30.451999999999998,32.201,inf,32.906,32.906
168,TT1,BESTEFFORT,MISSED,m1-1,27.75,"{'m1-1': 2.101, 'm2-1': 1.591, 'm3-1': 3.724, 'm4-1': 0.859}",1.6319999999999995,31.73,inf,32.75,32.75,32.75
169,TT1,BESTEFFORT,COMPLETED,m4-1,27.836,"{'m1-1': 2.595, 'm2-1': 1.523, 'm3-1': 4.469, 'm4-1': 0.661}",0.9915,30.385,31.046000000000003,inf,32.836,32.836
170,TT2,BESTEFFORT,MISSED,m3-1,27.927,"{'m1-1': 1.883, 'm2-1': 1.98, 'm3-1': 4.643, 'm4-1': 0.985}",6.192000000000003,29.587,inf,33.027,33.027,33.027
171,TT1,BESTEFFORT,MISSED,m2-1,28.411,"{'m1-1': 2.45, 'm2-1': 1.669, 'm3-1': 4.713, 'm4-1': 0.811}",3.6300000000000026,32.201,inf,33.411,33.411,33.411
172,TT4,BESTEFFORT,COMPLETED,m4-1,28.528,"{'m1-1': 2.086, 'm2-1': 1.388, 'm3-1': 4.274, 'm4-1': 1.042}",1.5630000000000002,31.046000000000003,32.088,inf,33.528,33.528
173,TT4,BESTEFFORT,MISSED,m1-1,28.734,"{'m1-1': 1.771, 'm2-1': 1.759, 'm3-1': 4.817, 'm4-1': 0.89}",1.574400000000003,32.75,inf,33.734,33.734,33.734
174,TT1,BESTEFFORT,COMPLETED,m4-1,28.949,"{'m1-1': 1.963, 'm2-1': 1.657, 'm3-1': 4.878, 'm4-1': 0.721}",1.0815,32.088,32.809,inf,33.949,33.949
175,TT4,BESTEFFORT,MISSED,m3-1,29.045,"{'m1-1': 2.275, 'm2-1': 1.761, 'm3-1': 5.104, 'm4-1': 0.824}",1.8324000000000014,33.027,inf,34.045,34.045,34.045
176,TT2,BESTEFFORT,CANCELLED,,29.16,"{'m1-1': 2.268, 'm2-1': 1.684, 'm3-1': 4.495, 'm4-1': 0.758}",0.0,inf,inf,inf,34.26,34.26
177,TT2,BESTEFFORT,MISSED,m1-1,29.512,"{'m1-1': 2.213, 'm2-1': 1.891, 'm3-1': 4.905, 'm4-1': 0.953}",1.4048000000000003,33.734,inf,34.612,34.612,34.612
178,TT2,BESTEFFORT,MISSED,m2-1,29.538,"{'m1-1': 2.335, 'm2-1': 1.527, 'm3-1': 4.399, 'm4-1': 0.903}",3.6809999999999903,33.411,inf,34.638,34.638,34.638
179,TT1,BESTEFFORT,COMPLETED,m4-1,29.956,"{'m1-1': 1.914, 'm2-1': 1.631, 'm3-1': 4.517, 'm4-1': 0.855}",1.2825,32.809,33.663999999999994,inf,34.956,34.956
180,TT2,BESTEFFORT,CANCELLED,,29.985,"{'m1-1': 2.074, 'm2-1': 1.681, 'm3-1': 3.67, 'm4-1': 0.986}",0.0,inf,inf,inf,35.085,35.085
181,TT2,BESTEFFORT,CANCELLED,,30.272,"{'m1-1': 2.394, 'm2-1': 1.725, 'm3-1': 4.706, 'm4-1': 0.839}",0.0,inf,inf,inf,35.372,35.372
182,TT1,BESTEFFORT,CANCELLED,,30.314,"{'m1-1': 2.249, 'm2-1': 1.783, 'm3-1': 3.783, 'm4-1': 0.689}",0.0,inf,inf,inf,35.314,35.314
183,TT3,BESTEFFORT,CANCELLED,,30.412,"{'m1-1': 2.151, 'm2-1': 1.794, 'm3-1': 5.968, 'm4-1': 0.955}",0.0,inf,inf,inf,35.612,35.612
184,TT2,BESTEFFORT,MISSED,m3-1,30.521,"{'m1-1': 2.429, 'm2-1': 1.748, 'm3-1': 3.731, 'm4-1': 0.768}",0.0,37.275,inf,37.275,35.621,35.621
185,TT3,BESTEFFORT,MISSED,m2-1,30.542,"{'m1-1': 1.842, 'm2-1': 1.758, 'm3-1': 5.313, 'm4-1': 0.73}",0.0,37.279,inf,37.279,35.742000000000004,35.742000000000004
186,TT2,BESTEFFORT,COMPLETED,m4-1,30.603,"{'m1-1': 2.074, 'm2-1': 1.673, 'm3-1': 4.174, 'm4-1': 0.938}",1.407,33.663999999999994,34.602,inf,35.703,35.703
187,TT2,BESTEFFORT,CANCELLED,,31.01,"{'m1-1': 2.253, 'm2-1': 1.588, 'm3-1': 4.673, 'm4-1': 0.818}",0.0,inf,inf,inf,36.11,36.11
188,TT3,BESTEFFORT,COMPLETED,m2-1,31.182,"{'m1-1': 1.837, 'm2-1': 1.374, 'm3-1': 4.86, 'm4-1': 0.883}",4.122,34.638,36.012,inf,36.382,36.382
189,TT1,BESTEFFORT,MISSED,m2-1,31.235,"{'m1-1': 2.383, 'm2-1': 1.519, 'm3-1': 4.832, 'm4-1': 0.709}",0.6689999999999969,36.012,inf,36.235,36.235,36.235
190,TT2,BESTEFFORT,MISSED,m3-1,31.309,"{'m1-1': 2.201, 'm2-1': 1.83, 'm3-1': 4.299, 'm4-1': 0.84}",0.0,37.275,inf,37.275,36.409,36.409
191,TT1,BESTEFFORT,COMPLETED,m4-1,31.451,"{'m1-1': 2.277, 'm2-1': 1.685, 'm3-1': 4.625, 'm4-1': 0.757}",1.1355,34.602,35.358999999999995,inf,36.451,36.451
192,TT1,BESTEFFORT,CANCELLED,,31.841,"{'m1-1': 2.528, 'm2-1': 1.627, 'm3-1': 4.5, 'm4-1': 0.747}",0.0,inf,inf,inf,36.841,36.841
193,TT4,BESTEFFORT,COMPLETED,m1-1,32.021,"{'m1-1': 2.219, 'm2-1': 1.882, 'm3-1': 4.712, 'm4-1': 1.014}",3.5504,34.612,36.831,inf,37.021,37.021
194,TT2,BESTEFFORT,MISSED,m3-1,32.175,"{'m1-1': 2.092, 'm2-1': 1.791, 'm3-1': 4.408, 'm4-1': 0.737}",5.813999999999995,34.045,inf,37.275,37.275,37.275
195,TT2,BESTEFFORT,CANCELLED,,32.277,"{'m1-1': 2.421, 'm2-1': 2.06, 'm3-1': 3.721, 'm4-1': 0.807}",0.0,inf,inf,inf,37.377,37.377
196,TT4,BESTEFFORT,MISSED,m2-1,32.279,"{'m1-1': 2.079, 'm2-1': 1.738, 'm3-1': 4.185, 'm4-1': 0.776}",3.132000000000012,36.235,inf,37.279,37.279,37.279
197,TT3,BESTEFFORT,MISSED,m4-1,32.29,"{'m1-1': 1.999, 'm2-1': 1.72, 'm3-1': 4.734, 'm4-1': 0.733}",0.9540000000000148,36.85399999999999,inf,37.49,37.49,37.49
198,TT2,BESTEFFORT,CANCELLED,,32.36,"{'m1-1': 2.341, 'm2-1': 1.811, 'm3-1': 4.777, 'm4-1': 0.904}",0.0,inf,inf,inf,37.46,37.46
199,TT2,BESTEFFORT,CANCELLED,,32.474,"{'m1-1': 1.923, 'm2-1': 2.067, 'm3-1': 3.97, 'm4-1': 0.752}",0.0,inf,inf,inf,37.574,37.574
200,TT1,BESTEFFORT,COMPLETED,m4-1,32.548,"{'m1-1': 2.094, 'm2-1': 1.454, 'm3-1': 4.405, 'm4-1': 0.824}",1.236,35.358999999999995,36.18299999999999,inf,37.548,37.548
201,TT4,BESTEFFORT,MISSED,m1-1,32.779,"{'m1-1': 1.813, 'm2-1': 1.573, 'm3-1': 5.094, 'm4-1': 0.79}",0.0,38.113,inf,38.113,37.779,37.779
202,TT3,BESTEFFORT,MISSED,m1-1,32.913,"{'m1-1': 1.741, 'm2-1': 1.618, 'm3-1': 4.741, 'm4-1': 0.73}",2.0511999999999944,36.831,inf,38.113,38.113,38.113
203,TT3,BESTEFFORT,CANCELLED,,32.943,"{'m1-1': 2.329, 'm2-1': 1.474, 'm3-1': 4.712, 'm4-1': 0.818}",0.0,inf,inf,inf,38.143,38.143
204,TT1,BESTEFFORT,COMPLETED,m4-1,33.091,"{'m1-1': 1.913, 'm2-1': 1.846, 'm3-1': 3.625, 'm4-1': 0.671}",1.0065,36.18299999999999,36.85399999999999,inf,38.091,38.091
205,TT4,BESTEFFORT,MISSED,m3-1,33.738,"{'m1-1': 1.95, 'm2-1': 1.401, 'm3-1': 4.175, 'm4-1': 0.792}",2.6334000000000017,37.275,inf,38.738,38.738,38.738
206,TT2,BESTEFFORT,CANCELLED,,33.843,"{'m1-1': 1.961, 'm2-1': 1.596, 'm3-1': 4.372, 'm4-1': 0.81}",0.0,inf,inf,inf,38.943000000000005,38.943000000000005
207,TT1,BESTEFFORT,CANCELLED,,33.971,"{'m1-1': 2.114, 'm2-1': 1.415, 'm3-1': 4.645, 'm4-1': 0.861}",0.0,inf,inf,inf,38.971,38.971
208,TT4,BESTEFFORT,MISSED,m1-1,34.325,"{'m1-1': 2.186, 'm2-1': 1.897, 'm3-1': 3.931, 'm4-1': 0.864}",1.9392000000000054,38.113,inf,39.325,39.325,39.325
209,TT3,BESTEFFORT,MISSED,m1-1,34.683,"{'m1-1': 2.138, 'm2-1': 1.617, 'm3-1': 5.528, 'm4-1': 0.834}",0.8927999999999998,39.325,inf,39.883,39.883,39.883
210,TT1,BESTEFFORT,COMPLETED,m4-1,34.76,"{'m1-1': 1.872, 'm2-1': 1.946, 'm3-1': 3.827, 'm4-1': 0.66}",0.99,37.49,38.15,inf,39.76,39.76
211,TT1,BESTEFFORT,COMPLETED,m4-1,34.802,"{'m1-1': 1.883, 'm2-1': 1.541, 'm3-1': 4.978, 'm4-1': 0.799}",1.1985000000000001,38.15,38.949,inf,39.802,39.802
212,TT2,BESTEFFORT,MISSED,m3-1,35.048,"{'m1-1': 2.22, 'm2-1': 1.895, 'm3-1': 5.099, 'm4-1': 0.883}",0.0,41.627,inf,41.627,40.148,40.148
213,TT4,BESTEFFORT,CANCELLED,,35.055,"{'m1-1': 2.449, 'm2-1': 1.522, 'm3-1': 4.378, 'm4-1': 0.921}",0.0,inf,inf,inf,40.055,40.055
214,TT4,BESTEFFORT,CANCELLED,,35.093,"{'m1-1': 2.314, 'm2-1': 1.391, 'm3-1': 3.93, 'm4-1': 0.79}",0.0,inf,inf,inf,40.093,40.093
215,TT1,BESTEFFORT,COMPLETED,m2-1,35.484,"{'m1-1': 2.54, 'm2-1': 1.418, 'm3-1': 4.663, 'm4-1': 0.86}",4.254,37.279,38.697,inf,40.484,40.484
216,TT2,BESTEFFORT,COMPLETED,m2-1,35.593,"{'m1-1': 2.182, 'm2-1': 1.935, 'm3-1': 4.196, 'm4-1': 0.815}",5.805,38.697,40.632000000000005,inf,40.693000000000005,40.693000000000005
217,TT1,BESTEFFORT,CANCELLED,,35.932,"{'m1-1': 2.338, 'm2-1': 1.969, 'm3-1': 4.77, 'm4-1': 0.784}",0.0,inf,inf,inf,40.932,40.932
218,TT1,BESTEFFORT,CANCELLED,,36.165,"{'m1-1': 1.951, 'm2-1': 1.98, 'm3-1': 4.373, 'm4-1': 0.655}",0.0,inf,inf,inf,41.165,41.165
219,TT2,BESTEFFORT,MISSED,m3-1,36.207,"{'m1-1': 2.438, 'm2-1': 1.747, 'm3-1': 5.098, 'm4-1': 0.854}",4.6242000000000045,38.738,inf,41.307,41.307,41.307
220,TT2,BESTEFFORT,CANCELLED,,36.459,"{'m1-1': 1.97, 'm2-1': 2.022, 'm3-1': 4.638, 'm4-1': 0.763}",0.0,inf,inf,inf,41.559000000000005,41.559000000000005
221,TT1,BESTEFFORT,COMPLETED,m4-1,36.521,"{'m1-1': 2.592, 'm2-1': 1.432, 'm3-1': 3.941, 'm4-1': 0.786}",1.179,38.949,39.735,inf,41.521,41.521
222,TT2,BESTEFFORT,CANCELLED,,36.623,"{'m1-1': 2.059, 'm2-1': 1.992, 'm3-1': 4.919, 'm4-1': 0.799}",0.0,inf,inf,inf,41.723,41.723
223,TT1,BESTEFFORT,MISSED,m3-1,36.627,"{'m1-1': 2.341, 'm2-1': 1.763, 'm3-1': 3.984, 'm4-1': 0.689}",0.5760000000000005,41.307,inf,41.627,41.627,41.627
224,TT1,BESTEFFORT,MISSED,m4-1,36.75,"{'m1-1': 2.395, 'm2-1': 1.69, 'm3-1': 4.974, 'm4-1': 0.739}",0.4845000000000006,41.427,inf,41.75,41.75,41.75
225,TT1,BESTEFFORT,MISSED,m2-1,36.825,"{'m1-1': 1.988, 'm2-1': 1.801, 'm3-1': 4.354, 'm4-1': 0.68}",0.0,41.833,inf,41.833,41.825,41.825
226,TT4,BESTEFFORT,MISSED,m2-1,36.833,"{'m1-1': 2.093, 'm2-1': 1.709, 'm3-1': 3.925, 'm4-1': 0.835}",3.60299999999998,40.632000000000005,inf,41.833,41.833,41.833
227,TT2,BESTEFFORT,COMPLETED,m4-1,37.041,"{'m1-1': 2.33, 'm2-1': 1.886, 'm3-1': 4.102, 'm4-1': 0.987}",1.4805,39.735,40.722,inf,42.141,42.141
228,TT4,BESTEFFORT,COMPLETED,m1-1,37.181,"{'m1-1': 1.993, 'm2-1': 1.889, 'm3-1': 4.808, 'm4-1': 0.772}",3.1888000000000005,39.883,41.876000000000005,inf,42.181,42.181
229,TT4,BESTEFFORT,CANCELLED,,37.467,"{'m1-1': 2.318, 'm2-1': 1.742, 'm3-1': 4.078, 'm4-1': 0.889}",0.0,inf,inf,inf,42.467,42.467
230,TT4,BESTEFFORT,MISSED,m2-1,37.634,"{'m1-1': 2.444, 'm2-1': 1.667, 'm3-1': 4.925, 'm4-1': 0.994}",2.403000000000006,41.833,inf,42.634,42.634,42.634
231,TT1,BESTEFFORT,MISSED,m1-1,37.818,"{'m1-1': 1.913, 'm2-1': 1.852, 'm3-1': 4.549, 'm4-1': 0.655}",1.507199999999989,41.876000000000005,inf,42.818,42.818,42.818
232,TT4,BESTEFFORT,CANCELLED,,37.871,"{'m1-1': 2.125, 'm2-1': 1.641, 'm3-1': 4.877, 'm4-1': 0.9}",0.0,inf,inf,inf,42.871,42.871
233,TT1,BESTEFFORT,COMPLETED,m4-1,37.952,"{'m1-1': 2.219, 'm2-1': 1.963, 'm3-1': 3.659, 'm4-1': 0.705}",1.0574999999999999,40.722,41.427,inf,42.952,42.952
234,TT3,BESTEFFORT,MISSED,m1-1,38.268,"{'m1-1': 2.192, 'm2-1': 1.374, 'm3-1': 5.657, 'm4-1': 0.782}",0.0,43.982,inf,43.982,43.468,43.468
235,TT4,BESTEFFORT,MISSED,m3-1,38.305,"{'m1-1': 2.379, 'm2-1': 1.852, 'm3-1': 4.483, 'm4-1': 1.015}",3.020399999999995,41.627,inf,43.305,43.305,43.305
236,TT3,BESTEFFORT,CANCELLED,,38.307,"{'m1-1': 1.781, 'm2-1': 1.416, 'm3-1': 4.679, 'm4-1': 0.955}",0.0,inf,inf,inf,43.507000000000005,43.507000000000005
237,TT3,BESTEFFORT,CANCELLED,,38.491,"{'m1-1': 2.386, 'm2-1': 1.75, 'm3-1': 4.576, 'm4-1': 0.785}",0.0,inf,inf,inf,43.691,43.691
238,TT1,BESTEFFORT,MISSED,m2-1,38.81,"{'m1-1': 1.945, 'm2-1': 1.462, 'm3-1': 4.186, 'm4-1': 0.744}",3.528000000000006,42.634,inf,43.81,43.81,43.81
239,TT3,BESTEFFORT,CANCELLED,,38.964,"{'m1-1': 2.046, 'm2-1': 1.619, 'm3-1': 4.505, 'm4-1': 0.864}",0.0,inf,inf,inf,44.164,44.164
240,TT4,BESTEFFORT,MISSED,m1-1,38.982,"{'m1-1': 1.807, 'm2-1': 1.577, 'm3-1': 4.452, 'm4-1': 1.022}",1.8624000000000025,42.818,inf,43.982,43.982,43.982
241,TT2,BESTEFFORT,CANCELLED,,39.133,"{'m1-1': 2.617, 'm2-1': 1.946, 'm3-1': 4.419, 'm4-1': 0.874}",0.0,inf,inf,inf,44.233000000000004,44.233000000000004
242,TT3,BESTEFFORT,CANCELLED,,39.45,"{'m1-1': 1.773, 'm2-1': 1.331, 'm3-1': 5.526, 'm4-1': 0.955}",0.0,inf,inf,inf,44.650000000000006,44.650000000000006
243,TT1,BESTEFFORT,COMPLETED,m4-1,39.525,"{'m1-1': 2.348, 'm2-1': 1.643, 'm3-1': 3.627, 'm4-1': 0.615}",0.9225,41.75,42.365,inf,44.525,44.525
244,TT1,BESTEFFORT,CANCELLED,,39.654,"{'m1-1': 2.233, 'm2-1': 1.825, 'm3-1': 3.627, 'm4-1': 0.638}",0.0,inf,inf,inf,44.654,44.654
245,TT3,BESTEFFORT,MISSED,m3-1,39.805,"{'m1-1': 2.365, 'm2-1': 1.384, 'm3-1': 4.386, 'm4-1': 1.004}",0.0,46.091,inf,46.091,45.005,45.005
246,TT2,BESTEFFORT,CANCELLED,,40.054,"{'m1-1': 2.566, 'm2-1': 1.932, 'm3-1': 3.897, 'm4-1': 0.763}",0.0,inf,inf,inf,45.154,45.154
247,TT1,BESTEFFORT,COMPLETED,m4-1,40.106,"{'m1-1': 2.091, 'm2-1': 1.838, 'm3-1': 4.252, 'm4-1': 0.61}",0.915,42.365,42.975,inf,45.106,45.106
248,TT1,BESTEFFORT,MISSED,m2-1,40.19,"{'m1-1': 2.468, 'm2-1': 1.53, 'm3-1': 4.132, 'm4-1': 0.786}",0.0,46.935,inf,46.935,45.19,45.19
249,TT2,BESTEFFORT,MISSED,m1-1,40.292,"{'m1-1': 2.068, 'm2-1': 1.786, 'm3-1': 4.017, 'm4-1': 0.935}",0.0,46.407,inf,46.407,45.392,45.392
250,TT3,BESTEFFORT,MISSED,m1-1,40.349,"{'m1-1': 2.029, 'm2-1': 1.507, 'm3-1': 5.949, 'm4-1': 0.831}",0.0,46.407,inf,46.407,45.549,45.549
251,TT4,BESTEFFORT,CANCELLED,,40.75,"{'m1-1': 1.839, 'm2-1': 1.665, 'm3-1': 3.717, 'm4-1': 0.767}",0.0,inf,inf,inf,45.75,45.75
252,TT2,BESTEFFORT,MISSED,m3-1,40.783,"{'m1-1': 2.182, 'm2-1': 1.966, 'm3-1': 4.238, 'm4-1': 0.745}",0.0,46.091,inf,46.091,45.883,45.883
253,TT3,BESTEFFORT,COMPLETED,m2-1,40.882,"{'m1-1': 1.931, 'm2-1': 1.316, 'm3-1': 4.553, 'm4-1': 0.944}",3.9480000000000004,43.81,45.126000000000005,inf,46.082,46.082
254,TT4,BESTEFFORT,MISSED,m3-1,41.091,"{'m1-1': 1.852, 'm2-1': 1.784, 'm3-1': 4.441, 'm4-1': 0.949}",5.014800000000003,43.305,inf,46.091,46.091,46.091
255,TT3,BESTEFFORT,CANCELLED,,41.2,"{'m1-1': 1.946, 'm2-1': 1.604, 'm3-1': 4.833, 'm4-1': 0.794}",0.0,inf,inf,inf,46.400000000000006,46.400000000000006
256,TT1,BESTEFFORT,COMPLETED,m4-1,41.363,"{'m1-1': 2.131, 'm2-1': 1.658, 'm3-1': 4.075, 'm4-1': 0.617}",0.9255,42.975,43.592,inf,46.363,46.363
257,TT4,BESTEFFORT,MISSED,m1-1,41.407,"{'m1-1': 2.376, 'm2-1': 1.597, 'm3-1': 4.976, 'm4-1': 0.932}",0.5567999999999984,46.059,inf,46.407,46.407,46.407
258,TT3,BESTEFFORT,COMPLETED,m1-1,41.568,"{'m1-1': 2.077, 'm2-1': 1.713, 'm3-1': 4.604, 'm4-1': 0.987}",3.3232,43.982,46.059,inf,46.768,46.768
259,TT3,BESTEFFORT,COMPLETED,m2-1,41.584,"{'m1-1': 2.259, 'm2-1': 1.391, 'm3-1': 5.15, 'm4-1': 0.82}",4.173,45.126000000000005,46.517,inf,46.784000000000006,46.784000000000006
260,TT1,BESTEFFORT,COMPLETED,m4-1,41.663,"{'m1-1': 1.99, 'm2-1': 1.827, 'm3-1': 4.312, 'm4-1': 0.729}",1.0935,43.592,44.321,inf,46.663,46.663
261,TT1,BESTEFFORT,COMPLETED,m4-1,41.808,"{'m1-1': 1.854, 'm2-1': 1.966, 'm3-1': 4.231, 'm4-1': 0.61}",0.915,44.321,44.931,inf,46.808,46.808
262,TT4,BESTEFFORT,CANCELLED,,41.838,"{'m1-1': 1.939, 'm2-1': 1.753, 'm3-1': 4.257, 'm4-1': 0.779}",0.0,inf,inf,inf,46.838,46.838
263,TT4,BESTEFFORT,MISSED,m2-1,41.935,"{'m1-1': 2.295, 'm2-1': 1.768, 'm3-1': 4.969, 'm4-1': 0.973}",1.2539999999999978,46.517,inf,46.935,46.935,46.935
264,TT2,BESTEFFORT,COMPLETED,m4-1,42.161,"{'m1-1': 1.893, 'm2-1': 1.795, 'm3-1': 4.813, 'm4-1': 0.805}",1.2075,44.931,45.736,inf,47.261,47.261
265,TT2,BESTEFFORT,MISSED,m3-1,42.239,"{'m1-1': 2.346, 'm2-1': 1.803, 'm3-1': 4.1, 'm4-1': 0.744}",0.0,49.675000000000004,inf,49.675000000000004,47.339,47.339
266,TT2,BESTEFFORT,MISSED,m3-1,42.305,"{'m1-1': 2.145, 'm2-1': 1.767, 'm3-1': 4.24, 'm4-1': 0.944}",2.3652,46.091,inf,47.405,47.405,47.405
267,TT3,BESTEFFORT,MISSED,m1-1,42.626,"{'m1-1': 2.384, 'm2-1': 1.532, 'm3-1': 4.949, 'm4-1': 0.748}",0.0,48.205999999999996,inf,48.205999999999996,47.826,47.826
268,TT1,BESTEFFORT,MISSED,m4-1,43.377,"{'m1-1': 1.865, 'm2-1': 1.742, 'm3-1': 3.98, 'm4-1': 0.657}",0.0,49.35299999999999,inf,49.35299999999999,48.377,48.377
269,TT1,BESTEFFORT,COMPLETED,m4-1,43.423,"{'m1-1': 2.471, 'm2-1': 1.799, 'm3-1': 4.843, 'm4-1': 0.763}",1.1445,45.736,46.498999999999995,inf,48.423,48.423
270,TT2,BESTEFFORT,CANCELLED,,43.728,"{'m1-1': 1.99, 'm2-1': 1.776, 'm3-1': 3.732, 'm4-1': 0.938}",0.0,inf,inf,inf,48.828,48.828
271,TT4,BESTEFFORT,MISSED,m3-1,43.83,"{'m1-1': 1.826, 'm2-1': 1.6, 'm3-1': 4.208, 'm4-1': 0.811}",0.0,49.675000000000004,inf,49.675000000000004,48.83,48.83
272,TT4,BESTEFFORT,MISSED,m1-1,43.883,"{'m1-1': 1.976, 'm2-1': 1.421, 'm3-1': 4.595, 'm4-1': 1.008}",1.0832000000000108,48.205999999999996,inf,48.883,48.883,48.883
273,TT1,BESTEFFORT,COMPLETED,m4-1,44.03,"{'m1-1': 2.472, 'm2-1': 1.958, 'm3-1': 3.608, 'm4-1': 0.848}",1.272,47.154999999999994,48.00299999999999,inf,49.03,49.03
274,TT1,BESTEFFORT,COMPLETED,m4-1,44.104,"{'m1-1': 2.318, 'm2-1': 1.548, 'm3-1': 4.277, 'm4-1': 0.656}",0.984,46.498999999999995,47.154999999999994,inf,49.104,49.104
275,TT4,BESTEFFORT,COMPLETED,m2-1,44.123,"{'m1-1': 2.361, 'm2-1': 1.392, 'm3-1': 4.886, 'm4-1': 0.856}",4.176,46.935,48.327000000000005,inf,49.123,49.123
276,TT1,BESTEFFORT,COMPLETED,m4-1,44.488,"{'m1-1': 2.498, 'm2-1': 1.445, 'm3-1': 4.999, 'm4-1': 0.687}",1.0305,48.00299999999999,48.68999999999999,inf,49.488,49.488
277,TT2,BESTEFFORT,MISSED,m3-1,44.575,"{'m1-1': 1.972, 'm2-1': 1.655, 'm3-1': 4.768, 'm4-1': 0.969}",4.086000000000006,47.405,inf,49.675000000000004,49.675000000000004,49.675000000000004
278,TT4,BESTEFFORT,MISSED,m1-1,44.629,"{'m1-1': 2.077, 'm2-1': 1.358, 'm3-1': 4.966, 'm4-1': 0.996}",1.1935999999999922,48.883,inf,49.629,49.629,49.629
279,TT1,BESTEFFORT,COMPLETED,m4-1,44.765,"{'m1-1': 2.078, 'm2-1': 1.844, 'm3-1': 5.051, 'm4-1': 0.663}",0.9945,48.68999999999999,49.35299999999999,inf,49.765,49.765
280,TT4,BESTEFFORT,MISSED,m2-1,44.771,"{'m1-1': 2.119, 'm2-1': 1.386, 'm3-1': 4.29, 'm4-1': 0.821}",0.0,50.437,inf,50.437,49.771,49.771
281,TT2,BESTEFFORT,MISSED,m4-1,45.251,"{'m1-1': 2.136, 'm2-1': 1.995, 'm3-1': 3.898, 'm4-1': 0.911}",0.0,51.438,inf,51.438,50.351,50.351
282,TT4,BESTEFFORT,COMPLETED,m2-1,45.272,"{'m1-1': 2.397, 'm2-1': 1.565, 'm3-1': 3.751, 'm4-1': 0.916}",4.695,48.327000000000005,49.892,inf,50.272,50.272
283,TT4,BESTEFFORT,MISSED,m2-1,45.437,"{'m1-1': 1.824, 'm2-1': 1.469, 'm3-1': 3.693, 'm4-1': 0.932}",1.6349999999999838,49.892,inf,50.437,50.437,50.437
284,TT3,BESTEFFORT,COMPLETED,m1-1,45.862,"{'m1-1': 1.799, 'm2-1': 1.319, 'm3-1': 4.602, 'm4-1': 0.772}",2.8784,46.407,48.205999999999996,inf,51.062000000000005,51.062000000000005
285,TT2,BESTEFFORT,MISSED,m4-1,46.338,"{'m1-1': 2.604, 'm2-1': 1.588, 'm3-1': 4.227, 'm4-1': 0.762}",0.23250000000002302,51.28299999999999,inf,51.438,51.438,51.438
286,TT3,BESTEFFORT,MISSED,m1-1,46.51,"{'m1-1': 1.927, 'm2-1': 1.515, 'm3-1': 4.735, 'm4-1': 0.892}",0.0,54.485,inf,54.485,51.71,51.71
287,TT2,BESTEFFORT,MISSED,m3-1,47.021,"{'m1-1': 2.585, 'm2-1': 1.526, 'm3-1': 4.464, 'm4-1': 0.729}",4.4027999999999965,49.675000000000004,inf,52.121,52.121,52.121
288,TT2,BESTEFFORT,MISSED,m3-1,47.066,"{'m1-1': 2.207, 'm2-1': 1.652, 'm3-1': 3.706, 'm4-1': 0.833}",0.08100000000000307,52.121,inf,52.166000000000004,52.166000000000004,52.166000000000004
289,TT2,BESTEFFORT,MISSED,m2-1,47.276,"{'m1-1': 1.925, 'm2-1': 2.064, 'm3-1': 4.95, 'm4-1': 0.873}",0.0,54.37100000000001,inf,54.37100000000001,52.376000000000005,52.376000000000005
290,TT2,BESTEFFORT,COMPLETED,m4-1,47.353,"{'m1-1': 2.571, 'm2-1': 2.101, 'm3-1': 4.578, 'm4-1': 0.914}",1.371,49.35299999999999,50.26699999999999,inf,52.453,52.453
291,TT3,BESTEFFORT,COMPLETED,m1-1,47.356,"{'m1-1': 1.844, 'm2-1': 1.571, 'm3-1': 4.22, 'm4-1': 0.866}",2.9504,49.629,51.473,inf,52.556000000000004,52.556000000000004
292,TT2,BESTEFFORT,COMPLETED,m4-1,47.525,"{'m1-1': 2.166, 'm2-1': 1.743, 'm3-1': 5.047, 'm4-1': 1.016}",1.524,50.26699999999999,51.28299999999999,inf,52.625,52.625
293,TT3,BESTEFFORT,MISSED,m2-1,47.578,"{'m1-1': 2.398, 'm2-1': 1.519, 'm3-1': 5.799, 'm4-1': 0.784}",2.907000000000025,51.809,inf,52.778000000000006,52.778000000000006,52.778000000000006
294,TT3,BESTEFFORT,MISSED,m1-1,47.81,"{'m1-1': 1.923, 'm2-1': 1.403, 'm3-1': 4.637, 'm4-1': 0.972}",2.45920000000001,51.473,inf,53.010000000000005,53.010000000000005,53.010000000000005
295,TT2,BESTEFFORT,CANCELLED,,47.936,"{'m1-1': 2.099, 'm2-1': 1.597, 'm3-1': 4.767, 'm4-1': 0.884}",0.0,inf,inf,inf,53.036,53.036
296,TT3,BESTEFFORT,COMPLETED,m2-1,48.207,"{'m1-1': 1.721, 'm2-1': 1.372, 'm3-1': 5.223, 'm4-1': 0.726}",4.1160000000000005,50.437,51.809,inf,53.407000000000004,53.407000000000004
297,TT3,BESTEFFORT,CANCELLED,,48.211,"{'m1-1': 1.788, 'm2-1': 1.388, 'm3-1': 4.73, 'm4-1': 0.737}",0.0,inf,inf,inf,53.411,53.411
298,TT3,BESTEFFORT,MISSED,m1-1,48.319,"{'m1-1': 1.928, 'm2-1': 1.27, 'm3-1': 5.23, 'm4-1': 0.787}",0.8144000000000006,53.010000000000005,inf,53.519000000000005,53.519000000000005,53.519000000000005
299,TT2,BESTEFFORT,MISSED,m3-1,48.471,"{'m1-1': 2.642, 'm2-1': 1.519, 'm3-1': 3.831, 'm4-1': 0.745}",0.0,56.091,inf,56.091,53.571,53.571
300,TT2,BESTEFFORT,CANCELLED,,48.527,"{'m1-1': 2.577, 'm2-1': 2.057, 'm3-1': 4.269, 'm4-1': 0.807}",0.0,inf,inf,inf,53.627,53.627
301,TT1,BESTEFFORT,COMPLETED,m4-1,49.063,"{'m1-1': 1.982, 'm2-1': 1.899, 'm3-1': 4.492, 'm4-1': 0.631}",0.9465,51.438,52.069,inf,54.063,54.063
302,TT2,BESTEFFORT,MISSED,m1-1,49.385,"{'m1-1': 2.197, 'm2-1': 1.933, 'm3-1': 4.306, 'm4-1': 0.724}",1.5455999999999905,53.519000000000005,inf,54.485,54.485,54.485
303,TT4,BESTEFFORT,MISSED,m3-1,49.474,"{'m1-1': 1.823, 'm2-1': 1.348, 'm3-1': 3.632, 'm4-1': 1.007}",0.0,54.585,inf,54.585,54.474,54.474
304,TT2,BESTEFFORT,MISSED,m3-1,49.485,"{'m1-1': 2.104, 'm2-1': 2.066, 'm3-1': 4.275, 'm4-1': 0.988}",4.354199999999994,52.166000000000004,inf,54.585,54.585,54.585
305,TT3,BESTEFFORT,COMPLETED,m2-1,50.169,"{'m1-1': 2.116, 'm2-1': 1.593, 'm3-1': 5.913, 'm4-1': 0.811}",4.779,52.778000000000006,54.37100000000001,inf,55.369,55.369
306,TT1,BESTEFFORT,COMPLETED,m4-1,50.427,"{'m1-1': 2.447, 'm2-1': 1.433, 'm3-1': 5.073, 'm4-1': 0.72}",1.08,52.902,53.622,inf,55.427,55.427
307,TT4,BESTEFFORT,MISSED,m2-1,50.533,"{'m1-1': 1.809, 'm2-1': 1.412, 'm3-1': 4.204, 'm4-1': 0.994}",3.485999999999976,54.37100000000001,inf,55.533,55.533,55.533
308,TT3,BESTEFFORT,COMPLETED,m4-1,50.586,"{'m1-1': 2.183, 'm2-1': 1.317, 'm3-1': 5.809, 'm4-1': 0.918}",1.377,53.622,54.54,inf,55.786,55.786
309,TT1,BESTEFFORT,COMPLETED,m4-1,50.966,"{'m1-1': 2.358, 'm2-1': 1.58, 'm3-1': 4.64, 'm4-1': 0.833}",1.2494999999999998,52.069,52.902,inf,55.966,55.966
310,TT1,BESTEFFORT,MISSED,m3-1,51.091,"{'m1-1': 1.965, 'm2-1': 1.634, 'm3-1': 3.605, 'm4-1': 0.764}",2.7108000000000003,54.585,inf,56.091,56.091,56.091
311,TT2,BESTEFFORT,MISSED,m1-1,51.326,"{'m1-1': 2.183, 'm2-1': 1.644, 'm3-1': 4.447, 'm4-1': 0.739}",0.0,58.293,inf,58.293,56.426,56.426
312,TT1,BESTEFFORT,COMPLETED,m4-1,51.759,"{'m1-1': 2.12, 'm2-1': 1.926, 'm3-1': 3.806, 'm4-1': 0.765}",1.1475,54.54,55.305,inf,56.759,56.759
313,TT2,BESTEFFORT,MISSED,m3-1,51.812,"{'m1-1': 2.293, 'm2-1': 2.017, 'm3-1': 4.765, 'm4-1': 0.849}",0.0,59.697,inf,59.697,56.912,56.912
314,TT3,BESTEFFORT,MISSED,m2-1,51.962,"{'m1-1': 1.761, 'm2-1': 1.724, 'm3-1': 5.222, 'm4-1': 0.972}",4.887000000000015,55.533,inf,57.162000000000006,57.162000000000006,57.162000000000006
315,TT3,BESTEFFORT,COMPLETED,m4-1,52.501,"{'m1-1': 1.784, 'm2-1': 1.658, 'm3-1': 4.546, 'm4-1': 0.877}",1.3155000000000001,56.194,57.071000000000005,inf,57.701,57.701
316,TT3,BESTEFFORT,COMPLETED,m1-1,52.699,"{'m1-1': 2.178, 'm2-1': 1.73, 'm3-1': 4.55, 'm4-1': 0.812}",3.4848,54.485,56.663,inf,57.899,57.899
317,TT2,BESTEFFORT,COMPLETED,m4-1,52.866,"{'m1-1': 2.172, 'm2-1': 1.888, 'm3-1': 4.149, 'm4-1': 0.889}",1.3335,55.305,56.194,inf,57.966,57.966
318,TT2,BESTEFFORT,MISSED,m1-1,53.193,"{'m1-1': 2.329, 'm2-1': 1.579, 'm3-1': 3.807, 'm4-1': 0.746}",2.608000000000004,56.663,inf,58.293,58.293,58.293
319,TT4,BESTEFFORT,MISSED,m2-1,53.543,"{'m1-1': 2.207, 'm2-1': 1.789, 'm3-1': 4.751, 'm4-1': 0.908}",4.142999999999979,57.162000000000006,inf,58.543,58.543,58.543
320,TT1,BESTEFFORT,COMPLETED,m4-1,53.799,"{'m1-1': 1.972, 'm2-1': 1.951, 'm3-1': 4.298, 'm4-1': 0.664}",0.996,57.071000000000005,57.73500000000001,inf,58.799,58.799
321,TT2,BESTEFFORT,MISSED,m1-1,54.005,"{'m1-1': 1.97, 'm2-1': 1.512, 'm3-1': 4.332, 'm4-1': 0.724}",1.2992000000000077,58.293,inf,59.105000000000004,59.105000000000004,59.105000000000004
322,TT3,BESTEFFORT,MISSED,m2-1,54.313,"{'m1-1': 1.757, 'm2-1': 1.468, 'm3-1': 5.691, 'm4-1': 0.898}",2.910000000000018,58.543,inf,59.513000000000005,59.513000000000005,59.513000000000005
323,TT3,BESTEFFORT,MISSED,m3-1,54.497,"{'m1-1': 1.868, 'm2-1': 1.73, 'm3-1': 5.526, 'm4-1': 0.808}",6.490800000000003,56.091,inf,59.697,59.697,59.697
324,TT1,BESTEFFORT,COMPLETED,m4-1,54.691,"{'m1-1': 2.167, 'm2-1': 1.659, 'm3-1': 3.773, 'm4-1': 0.841}",1.2614999999999998,57.73500000000001,58.57600000000001,inf,59.691,59.691
325,TT4,BESTEFFORT,COMPLETED,m4-1,54.812,"{'m1-1': 1.937, 'm2-1': 1.736, 'm3-1': 4.387, 'm4-1': 0.839}",1.2585,58.57600000000001,59.415000000000006,inf,59.812,59.812
326,TT3,BESTEFFORT,MISSED,m2-1,54.937,"{'m1-1': 1.84, 'm2-1': 1.624, 'm3-1': 4.303, 'm4-1': 0.795}",1.8719999999999857,59.513000000000005,inf,60.137,60.137,60.137
327,TT3,BESTEFFORT,MISSED,m3-1,55.914,"{'m1-1': 2.269, 'm2-1': 1.487, 'm3-1': 5.804, 'm4-1': 0.845}",0.230400000000013,60.986,inf,61.114000000000004,61.114000000000004,61.114000000000004
328,TT4,BESTEFFORT,MISSED,m3-1,55.986,"{'m1-1': 2.178, 'm2-1': 1.503, 'm3-1': 3.751, 'm4-1': 1.009}",2.32019999999999,59.697,inf,60.986,60.986,60.986
329,TT3,BESTEFFORT,COMPLETED,m4-1,56.282,"{'m1-1': 1.824, 'm2-1': 1.324, 'm3-1': 5.836, 'm4-1': 0.758}",1.137,59.415000000000006,60.17300000000001,inf,61.482,61.482
330,TT3,BESTEFFORT,MISSED,m2-1,56.371,"{'m1-1': 2.273, 'm2-1': 1.519, 'm3-1': 5.119, 'm4-1': 0.732}",4.302000000000014,60.137,inf,61.571000000000005,61.571000000000005,61.571000000000005
331,TT2,BESTEFFORT,COMPLETED,m1-1,56.585,"{'m1-1': 2.014, 'm2-1': 1.872, 'm3-1': 4.893, 'm4-1': 0.848}",3.2224,59.105000000000004,61.11900000000001,inf,61.685,61.685
332,TT3,BESTEFFORT,MISSED,m1-1,56.759,"{'m1-1': 2.431, 'm2-1': 1.437, 'm3-1': 4.515, 'm4-1': 0.94}",0.0,62.121,inf,62.121,61.959,61.959
333,TT3,BESTEFFORT,MISSED,m1-1,56.921,"{'m1-1': 2.028, 'm2-1': 1.381, 'm3-1': 4.782, 'm4-1': 0.864}",1.6031999999999926,61.11900000000001,inf,62.121,62.121,62.121
334,TT2,BESTEFFORT,MISSED,m3-1,57.21,"{'m1-1': 2.268, 'm2-1': 1.747, 'm3-1': 4.238, 'm4-1': 0.998}",2.1527999999999965,61.114000000000004,inf,62.31,62.31,62.31
335,TT2,BESTEFFORT,COMPLETED,m4-1,57.298,"{'m1-1': 2.256, 'm2-1': 1.919, 'm3-1': 4.651, 'm4-1': 0.805}",1.2075,60.17300000000001,60.97800000000001,inf,62.398,62.398
336,TT4,BESTEFFORT,MISSED,m3-1,57.535,"{'m1-1': 2.065, 'm2-1': 1.456, 'm3-1': 4.008, 'm4-1': 0.853}",0.40499999999998976,62.31,inf,62.535,62.535,62.535
337,TT4,BESTEFFORT,CANCELLED,,57.595,"{'m1-1': 1.931, 'm2-1': 1.511, 'm3-1': 3.867, 'm4-1': 0.841}",0.0,inf,inf,inf,62.595,62.595
338,TT3,BESTEFFORT,COMPLETED,m4-1,57.627,"{'m1-1': 2.322, 'm2-1': 1.75, 'm3-1': 5.017, 'm4-1': 0.799}",1.1985000000000001,60.97800000000001,61.77700000000001,inf,62.827000000000005,62.827000000000005
339,TT3,BESTEFFORT,COMPLETED,m2-1,57.882,"{'m1-1': 2.103, 'm2-1': 1.431, 'm3-1': 4.423, 'm4-1': 0.937}",4.293,61.571000000000005,63.002,inf,63.082,63.082
340,TT2,BESTEFFORT,CANCELLED,,57.888,"{'m1-1': 2.156, 'm2-1': 1.824, 'm3-1': 4.5, 'm4-1': 0.975}",0.0,inf,inf,inf,62.988,62.988
341,TT4,BESTEFFORT,MISSED,m1-1,58.095,"{'m1-1': 1.809, 'm2-1': 1.89, 'm3-1': 3.766, 'm4-1': 0.798}",0.0,65.31,inf,65.31,63.095,63.095
342,TT2,BESTEFFORT,COMPLETED,m4-1,58.22,"{'m1-1': 2.276, 'm2-1': 1.818, 'm3-1': 3.824, 'm4-1': 0.871}",1.3065,61.77700000000001,62.64800000000001,inf,63.32,63.32
343,TT3,BESTEFFORT,MISSED,m2-1,58.491,"{'m1-1': 2.081, 'm2-1': 1.372, 'm3-1': 4.22, 'm4-1': 0.984}",2.067,63.002,inf,63.691,63.691,63.691
344,TT2,BESTEFFORT,CANCELLED,,58.601,"{'m1-1': 2.615, 'm2-1': 1.775, 'm3-1': 4.201, 'm4-1': 0.983}",0.0,inf,inf,inf,63.701,63.701
345,TT2,BESTEFFORT,CANCELLED,,58.695,"{'m1-1': 2.482, 'm2-1': 1.656, 'm3-1': 4.23, 'm4-1': 0.988}",0.0,inf,inf,inf,63.795,63.795
346,TT3,BESTEFFORT,MISSED,m2-1,58.902,"{'m1-1': 1.724, 'm2-1': 1.507, 'm3-1': 5.41, 'm4-1': 0.752}",1.233000000000004,63.691,inf,64.102,64.102,64.102
347,TT3,BESTEFFORT,MISSED,m1-1,59.02,"{'m1-1': 2.218, 'm2-1': 1.585, 'm3-1': 5.158, 'm4-1': 0.719}",3.3583999999999947,62.121,inf,64.22,64.22,64.22
348,TT1,BESTEFFORT,MISSED,m3-1,59.745,"{'m1-1': 2.397, 'm2-1': 1.978, 'm3-1': 4.955, 'm4-1': 0.744}",0.0,65.87700000000001,inf,65.87700000000001,64.745,64.745
349,TT1,BESTEFFORT,COMPLETED,m4-1,59.936,"{'m1-1': 2.1, 'm2-1': 1.654, 'm3-1': 4.832, 'm4-1': 0.7}",1.0499999999999998,62.64800000000001,63.34800000000001,inf,64.936,64.936
350,TT4,BESTEFFORT,MISSED,m1-1,60.102,"{'m1-1': 1.989, 'm2-1': 1.555, 'm3-1': 4.244, 'm4-1': 0.971}",1.411200000000008,64.22,inf,65.102,65.102,65.102
351,TT2,BESTEFFORT,MISSED,m1-1,60.21,"{'m1-1': 2.631, 'm2-1': 1.604, 'm3-1': 5.083, 'm4-1': 0.819}",0.3327999999999975,65.102,inf,65.31,65.31,65.31
352,TT4,BESTEFFORT,CANCELLED,,60.268,"{'m1-1': 1.785, 'm2-1': 1.887, 'm3-1': 4.709, 'm4-1': 0.898}",0.0,inf,inf,inf,65.268,65.268
353,TT2,BESTEFFORT,CANCELLED,,60.333,"{'m1-1': 1.918, 'm2-1': 1.753, 'm3-1': 3.622, 'm4-1': 1.011}",0.0,inf,inf,inf,65.43299999999999,65.43299999999999
354,TT3,BESTEFFORT,MISSED,m2-1,60.338,"{'m1-1': 2.391, 'm2-1': 1.666, 'm3-1': 4.28, 'm4-1': 0.759}",0.0,66.776,inf,66.776,65.538,65.538
355,TT1,BESTEFFORT,COMPLETED,m4-1,60.389,"{'m1-1': 2.081, 'm2-1': 1.775, 'm3-1': 3.65, 'm4-1': 0.758}",1.137,63.34800000000001,64.10600000000001,inf,65.38900000000001,65.38900000000001
356,TT4,BESTEFFORT,MISSED,m2-1,60.634,"{'m1-1': 1.907, 'm2-1': 1.564, 'm3-1': 4.924, 'm4-1': 1.054}",4.595999999999989,64.102,inf,65.634,65.634,65.634
357,TT1,BESTEFFORT,MISSED,m3-1,60.877,"{'m1-1': 2.175, 'm2-1': 1.427, 'm3-1': 4.825, 'm4-1': 0.674}",6.015600000000023,62.535,inf,65.87700000000001,65.87700000000001,65.87700000000001
358,TT1,BESTEFFORT,COMPLETED,m4-1,61.335,"{'m1-1': 2.186, 'm2-1': 1.613, 'm3-1': 4.275, 'm4-1': 0.616}",0.9239999999999999,64.10600000000001,64.72200000000001,inf,66.33500000000001,66.33500000000001
359,TT1,BESTEFFORT,COMPLETED,m4-1,61.54,"{'m1-1': 2.175, 'm2-1': 1.553, 'm3-1': 4.775, 'm4-1': 0.784}",1.1760000000000002,64.72200000000001,65.50600000000001,inf,66.53999999999999,66.53999999999999
360,TT3,BESTEFFORT,MISSED,m2-1,61.576,"{'m1-1': 2.329, 'm2-1': 1.377, 'm3-1': 5.838, 'm4-1': 0.719}",3.4259999999999877,65.634,inf,66.776,66.776,66.776
361,TT4,BESTEFFORT,MISSED,m3-1,61.906,"{'m1-1': 2.228, 'm2-1': 1.613, 'm3-1': 4.945, 'm4-1': 0.909}",1.8521999999999934,65.87700000000001,inf,66.906,66.906,66.906
362,TT1,BESTEFFORT,MISSED,m4-1,62.016,"{'m1-1': 2.535, 'm2-1': 1.459, 'm3-1': 4.083, 'm4-1': 0.826}",0.0,68.63000000000001,inf,68.63000000000001,67.01599999999999,67.01599999999999
363,TT2,BESTEFFORT,MISSED,m3-1,62.337,"{'m1-1': 2.477, 'm2-1': 1.897, 'm3-1': 4.965, 'm4-1': 0.941}",0.9557999999999851,66.906,inf,67.437,67.437,67.437
364,TT1,BESTEFFORT,COMPLETED,m4-1,62.723,"{'m1-1': 2.475, 'm2-1': 1.951, 'm3-1': 4.172, 'm4-1': 0.824}",1.236,65.50600000000001,66.33000000000001,inf,67.723,67.723
365,TT4,BESTEFFORT,COMPLETED,m1-1,62.788,"{'m1-1': 2.085, 'm2-1': 1.619, 'm3-1': 4.849, 'm4-1': 0.896}",3.3360000000000003,65.31,67.395,inf,67.788,67.788
366,TT2,BESTEFFORT,MISSED,m1-1,62.992,"{'m1-1': 2.135, 'm2-1': 1.97, 'm3-1': 4.58, 'm4-1': 0.954}",0.0,69.795,inf,69.795,68.092,68.092
367,TT4,BESTEFFORT,CANCELLED,,63.722,"{'m1-1': 1.795, 'm2-1': 1.62, 'm3-1': 3.956, 'm4-1': 0.762}",0.0,inf,inf,inf,68.72200000000001,68.72200000000001
368,TT1,BESTEFFORT,COMPLETED,m4-1,63.734,"{'m1-1': 2.516, 'm2-1': 1.951, 'm3-1': 3.91, 'm4-1': 0.744}",1.116,66.33000000000001,67.07400000000001,inf,68.73400000000001,68.73400000000001
369,TT3,BESTEFFORT,CANCELLED,,63.818,"{'m1-1': 1.86, 'm2-1': 1.494, 'm3-1': 5.843, 'm4-1': 0.726}",0.0,inf,inf,inf,69.018,69.018
370,TT2,BESTEFFORT,MISSED,m3-1,63.865,"{'m1-1': 2.622, 'm2-1': 2.123, 'm3-1': 4.929, 'm4-1': 0.908}",2.7504000000000106,67.437,inf,68.965,68.965,68.965
371,TT2,BESTEFFORT,COMPLETED,m4-1,63.893,"{'m1-1': 2.475, 'm2-1': 1.542, 'm3-1': 4.965, 'm4-1': 0.809}",1.2135,67.82100000000001,68.63000000000001,inf,68.993,68.993
372,TT1,BESTEFFORT,COMPLETED,m2-1,64.06,"{'m1-1': 2.254, 'm2-1': 1.924, 'm3-1': 4.348, 'm4-1': 0.649}",5.772,66.776,68.7,inf,69.06,69.06
373,TT2,BESTEFFORT,CANCELLED,,64.193,"{'m1-1': 2.619, 'm2-1': 1.743, 'm3-1': 3.95, 'm4-1': 0.902}",0.0,inf,inf,inf,69.29299999999999,69.29299999999999
374,TT3,BESTEFFORT,COMPLETED,m4-1,64.274,"{'m1-1': 2.169, 'm2-1': 1.476, 'm3-1': 4.577, 'm4-1': 0.747}",1.1205,67.07400000000001,67.82100000000001,inf,69.474,69.474
375,TT2,BESTEFFORT,CANCELLED,,64.33,"{'m1-1': 2.169, 'm2-1': 1.909, 'm3-1': 3.763, 'm4-1': 0.843}",0.0,inf,inf,inf,69.42999999999999,69.42999999999999
376,TT2,BESTEFFORT,CANCELLED,,64.451,"{'m1-1': 2.27, 'm2-1': 1.516, 'm3-1': 4.125, 'm4-1': 0.988}",0.0,inf,inf,inf,69.55099999999999,69.55099999999999
377,TT3,BESTEFFORT,CANCELLED,,64.791,"{'m1-1': 1.947, 'm2-1': 1.557, 'm3-1': 4.458, 'm4-1': 0.953}",0.0,inf,inf,inf,69.991,69.991
378,TT1,BESTEFFORT,MISSED,m1-1,64.863,"{'m1-1': 2.608, 'm2-1': 1.807, 'm3-1': 4.361, 'm4-1': 0.734}",0.10879999999999655,69.795,inf,69.863,69.863,69.863
379,TT4,BESTEFFORT,COMPLETED,m1-1,65.016,"{'m1-1': 2.4, 'm2-1': 1.603, 'm3-1': 4.959, 'm4-1': 0.957}",3.84,67.395,69.795,inf,70.016,70.016
380,TT3,BESTEFFORT,MISSED,m2-1,65.25,"{'m1-1': 1.955, 'm2-1': 1.516, 'm3-1': 5.173, 'm4-1': 0.84}",0.31500000000001194,70.345,inf,70.45,70.45,70.45
381,TT4,BESTEFFORT,CANCELLED,,65.257,"{'m1-1': 2.45, 'm2-1': 1.776, 'm3-1': 4.784, 'm4-1': 0.936}",0.0,inf,inf,inf,70.257,70.257
382,TT1,BESTEFFORT,MISSED,m3-1,65.327,"{'m1-1': 1.946, 'm2-1': 1.446, 'm3-1': 5.049, 'm4-1': 0.828}",2.4515999999999907,68.965,inf,70.327,70.327,70.327
383,TT3,BESTEFFORT,MISSED,m2-1,65.36,"{'m1-1': 1.959, 'm2-1': 1.519, 'm3-1': 4.75, 'm4-1': 0.962}",0.3299999999999983,70.45,inf,70.56,70.56,70.56
384,TT3,BESTEFFORT,COMPLETED,m2-1,65.621,"{'m1-1': 2.234, 'm2-1': 1.645, 'm3-1': 5.374, 'm4-1': 0.988}",4.9350000000000005,68.7,70.345,inf,70.821,70.821
385,TT4,BESTEFFORT,CANCELLED,,65.629,"{'m1-1': 2.383, 'm2-1': 1.415, 'm3-1': 5.06, 'm4-1': 1.007}",0.0,inf,inf,inf,70.629,70.629
386,TT4,BESTEFFORT,CANCELLED,,65.641,"{'m1-1': 2.007, 'm2-1': 1.461, 'm3-1': 3.89, 'm4-1': 0.821}",0.0,inf,inf,inf,70.641,70.641
387,TT2,BESTEFFORT,CANCELLED,,65.759,"{'m1-1': 2.188, 'm2-1': 2.12, 'm3-1': 4.433, 'm4-1': 0.938}",0.0,inf,inf,inf,70.859,70.859
388,TT2,BESTEFFORT,COMPLETED,m4-1,66.142,"{'m1-1': 2.276, 'm2-1': 1.769, 'm3-1': 3.627, 'm4-1': 0.8}",1.2000000000000002,68.63000000000001,69.43,inf,71.24199999999999,71.24199999999999
389,TT2,BESTEFFORT,CANCELLED,,66.233,"{'m1-1': 2.498, 'm2-1': 1.768, 'm3-1': 3.713, 'm4-1': 0.87}",0.0,inf,inf,inf,71.333,71.333
390,TT1,BESTEFFORT,MISSED,m2-1,66.301,"{'m1-1': 2.215, 'm2-1': 1.49, 'm3-1': 4.083, 'm4-1': 0.773}",0.0,73.978,inf,73.978,71.301,71.301
391,TT4,BESTEFFORT,MISSED,m3-1,66.336,"{'m1-1': 2.125, 'm2-1': 1.897, 'm3-1': 3.731, 'm4-1': 1.03}",1.8162000000000007,70.327,inf,71.336,71.336,71.336
392,TT4,BESTEFFORT,MISSED,m1-1,66.585,"{'m1-1': 2.227, 'm2-1': 1.644, 'm3-1': 5.057, 'm4-1': 0.916}",2.755199999999991,69.863,inf,71.585,71.585,71.585
393,TT2,BESTEFFORT,CANCELLED,,66.76,"{'m1-1': 1.971, 'm2-1': 1.59, 'm3-1': 4.894, 'm4-1': 0.98}",0.0,inf,inf,inf,71.86,71.86
394,TT2,BESTEFFORT,MISSED,m3-1,67.166,"{'m1-1': 2.643, 'm2-1': 1.633, 'm3-1': 3.773, 'm4-1': 0.991}",1.6739999999999868,71.336,inf,72.26599999999999,72.26599999999999,72.26599999999999
395,TT2,BESTEFFORT,CANCELLED,,67.198,"{'m1-1': 2.341, 'm2-1': 1.794, 'm3-1': 5.046, 'm4-1': 0.942}",0.0,inf,inf,inf,72.29799999999999,72.29799999999999
396,TT1,BESTEFFORT,COMPLETED,m4-1,67.213,"{'m1-1': 2.359, 'm2-1': 1.942, 'm3-1': 3.795, 'm4-1': 0.817}",1.2254999999999998,69.43,70.247,inf,72.213,72.213
397,TT3,BESTEFFORT,MISSED,m2-1,67.282,"{'m1-1': 2.215, 'm2-1': 1.619, 'm3-1': 5.654, 'm4-1': 0.742}",0.0,73.978,inf,73.978,72.482,72.482
398,TT4,BESTEFFORT,MISSED,m1-1,67.557,"{'m1-1': 1.988, 'm2-1': 1.456, 'm3-1': 4.662, 'm4-1': 0.768}",1.5552000000000135,71.585,inf,72.557,72.557,72.557
399,TT2,BESTEFFORT,MISSED,m3-1,67.807,"{'m1-1': 2.194, 'm2-1': 1.923, 'm3-1': 4.024, 'm4-1': 0.799}",0.0,73.142,inf,73.142,72.907,72.907
400,TT1,BESTEFFORT,COMPLETED,m4-1,67.95,"{'m1-1': 2.566, 'm2-1': 1.813, 'm3-1': 4.116, 'm4-1': 0.627}",0.9405,70.247,70.874,inf,72.95,72.95
401,TT1,BESTEFFORT,MISSED,m3-1,68.142,"{'m1-1': 1.891, 'm2-1': 1.737, 'm3-1': 4.412, 'm4-1': 0.768}",1.5768000000000086,72.26599999999999,inf,73.142,73.142,73.142
402,TT3,BESTEFFORT,COMPLETED,m2-1,68.16,"{'m1-1': 2.33, 'm2-1': 1.737, 'm3-1': 5.133, 'm4-1': 0.968}",5.211,70.56,72.297,inf,73.36,73.36
403,TT1,BESTEFFORT,COMPLETED,m4-1,68.241,"{'m1-1': 2.485, 'm2-1': 1.788, 'm3-1': 4.116, 'm4-1': 0.787}",1.1805,70.874,71.661,inf,73.241,73.241
404,TT1,BESTEFFORT,MISSED,m1-1,68.285,"{'m1-1': 2.399, 'm2-1': 1.932, 'm3-1': 4.568, 'm4-1': 0.844}",0.0,74.617,inf,74.617,73.285,73.285
405,TT2,BESTEFFORT,CANCELLED,,68.371,"{'m1-1': 2.57, 'm2-1': 1.72, 'm3-1': 4.093, 'm4-1': 0.8}",0.0,inf,inf,inf,73.47099999999999,73.47099999999999
406,TT1,BESTEFFORT,COMPLETED,m4-1,68.858,"{'m1-1': 2.334, 'm2-1': 1.799, 'm3-1': 4.977, 'm4-1': 0.804}",1.206,71.661,72.465,inf,73.858,73.858
407,TT2,BESTEFFORT,MISSED,m1-1,68.881,"{'m1-1': 2.198, 'm2-1': 1.899, 'm3-1': 3.681, 'm4-1': 0.744}",0.0,75.956,inf,75.956,73.981,73.981
408,TT2,BESTEFFORT,CANCELLED,,68.982,"{'m1-1': 1.883, 'm2-1': 2.055, 'm3-1': 4.555, 'm4-1': 0.986}",0.0,inf,inf,inf,74.082,74.082
409,TT2,BESTEFFORT,MISSED,m3-1,69.25,"{'m1-1': 1.979, 'm2-1': 1.543, 'm3-1': 4.568, 'm4-1': 0.873}",0.0,75.08999999999999,inf,75.08999999999999,74.35,74.35
410,TT3,BESTEFFORT,COMPLETED,m2-1,69.588,"{'m1-1': 2.335, 'm2-1': 1.681, 'm3-1': 4.851, 'm4-1': 0.834}",5.043,72.297,73.978,inf,74.788,74.788
411,TT4,BESTEFFORT,MISSED,m1-1,69.617,"{'m1-1': 2.123, 'm2-1': 1.688, 'm3-1': 3.989, 'm4-1': 0.767}",3.296000000000004,72.557,inf,74.617,74.617,74.617
412,TT3,BESTEFFORT,COMPLETED,m4-1,69.777,"{'m1-1': 2.198, 'm2-1': 1.656, 'm3-1': 4.784, 'm4-1': 0.937}",1.4055,72.465,73.402,inf,74.977,74.977
413,TT2,BESTEFFORT,MISSED,m3-1,69.99,"{'m1-1': 2.573, 'm2-1': 1.836, 'm3-1': 3.86, 'm4-1': 0.961}",3.506399999999988,73.142,inf,75.08999999999999,75.08999999999999,75.08999999999999
414,TT2,BESTEFFORT,CANCELLED,,70.122,"{'m1-1': 2.181, 'm2-1': 1.746, 'm3-1': 4.514, 'm4-1': 0.909}",0.0,inf,inf,inf,75.222,75.222
415,TT1,BESTEFFORT,MISSED,m4-1,70.352,"{'m1-1': 2.492, 'm2-1': 1.638, 'm3-1': 4.674, 'm4-1': 0.627}",0.6885000000000048,74.893,inf,75.352,75.352,75.352
416,TT1,BESTEFFORT,COMPLETED,m4-1,70.655,"{'m1-1': 2.195, 'm2-1': 1.469, 'm3-1': 4.857, 'm4-1': 0.742}",1.113,73.402,74.144,inf,75.655,75.655
417,TT3,BESTEFFORT,MISSED,m1-1,70.756,"{'m1-1': 2.303, 'm2-1': 1.347, 'm3-1': 5.508, 'm4-1': 0.75}",2.142399999999998,74.617,inf,75.956,75.956,75.956
418,TT3,BESTEFFORT,COMPLETED,m4-1,71.125,"{'m1-1': 2.143, 'm2-1': 1.42, 'm3-1': 4.779, 'm4-1': 0.749}",1.1235,74.144,74.893,inf,76.325,76.325
419,TT3,BESTEFFORT,COMPLETED,m2-1,71.992,"{'m1-1': 1.767, 'm2-1': 1.55, 'm3-1': 4.876, 'm4-1': 0.925}",4.65,73.978,75.52799999999999,inf,77.19200000000001,77.19200000000001
420,TT2,BESTEFFORT,CANCELLED,,72.381,"{'m1-1': 1.994, 'm2-1': 1.599, 'm3-1': 4.007, 'm4-1': 0.805}",0.0,inf,inf,inf,77.481,77.481
421,TT3,BESTEFFORT,MISSED,m2-1,72.387,"{'m1-1': 2.334, 'm2-1': 1.604, 'm3-1': 5.092, 'm4-1': 0.947}",0.0,78.675,inf,78.675,77.587,77.587
422,TT4,BESTEFFORT,MISSED,m1-1,72.516,"{'m1-1': 1.73, 'm2-1': 1.867, 'm3-1': 4.054, 'm4-1': 0.821}",0.0,80.469,inf,80.469,77.516,77.516
423,TT4,BESTEFFORT,COMPLETED,m2-1,72.532,"{'m1-1': 2.093, 'm2-1': 1.766, 'm3-1': 4.592, 'm4-1': 1.019}",5.298,75.52799999999999,77.294,inf,77.532,77.532
424,TT4,BESTEFFORT,MISSED,m3-1,72.555,"{'m1-1': 1.98, 'm2-1': 1.749, 'm3-1': 3.965, 'm4-1': 0.971}",0.0,78.13499999999999,inf,78.13499999999999,77.555,77.555
425,TT3,BESTEFFORT,MISSED,m2-1,72.761,"{'m1-1': 1.951, 'm2-1': 1.297, 'm3-1': 4.959, 'm4-1': 0.91}",0.0,78.675,inf,78.675,77.961,77.961
426,TT1,BESTEFFORT,COMPLETED,m4-1,72.991,"{'m1-1': 2.43, 'm2-1': 1.574, 'm3-1': 5.1, 'm4-1': 0.653}",0.9795,75.352,76.00500000000001,inf,77.991,77.991
427,TT2,BESTEFFORT,MISSED,m3-1,73.035,"{'m1-1': 2.592, 'm2-1': 1.722, 'm3-1': 3.953, 'm4-1': 0.729}",5.481000000000003,75.08999999999999,inf,78.13499999999999,78.13499999999999,78.13499999999999
428,TT1,BESTEFFORT,MISSED,m3-1,73.323,"{'m1-1': 2.431, 'm2-1': 1.567, 'm3-1': 4.353, 'm4-1': 0.798}",0.0,79.89399999999999,inf,79.89399999999999,78.323,78.323
429,TT4,BESTEFFORT,MISSED,m2-1,73.675,"{'m1-1': 2.384, 'm2-1': 1.827, 'm3-1': 3.646, 'm4-1': 0.841}",4.143000000000001,77.294,inf,78.675,78.675,78.675
430,TT3,BESTEFFORT,COMPLETED,m1-1,73.742,"{'m1-1': 1.823, 'm2-1': 1.47, 'm3-1': 5.018, 'm4-1': 0.719}",2.9168000000000003,75.956,77.779,inf,78.94200000000001,78.94200000000001
431,TT1,BESTEFFORT,COMPLETED,m4-1,74.066,"{'m1-1': 2.049, 'm2-1': 1.969, 'm3-1': 3.61, 'm4-1': 0.631}",0.9465,76.00500000000001,76.63600000000001,inf,79.066,79.066
432,TT1,BESTEFFORT,MISSED,m1-1,74.223,"{'m1-1': 2.257, 'm2-1': 1.727, 'm3-1': 4.966, 'm4-1': 0.86}",2.3104000000000045,77.779,inf,79.223,79.223,79.223
433,TT1,BESTEFFORT,COMPLETED,m4-1,74.382,"{'m1-1': 2.213, 'm2-1': 1.981, 'm3-1': 4.647, 'm4-1': 0.736}",1.104,76.63600000000001,77.37200000000001,inf,79.382,79.382
434,TT2,BESTEFFORT,COMPLETED,m4-1,74.593,"{'m1-1': 1.982, 'm2-1': 2.014, 'm3-1': 4.472, 'm4-1': 0.747}",1.1205,78.12200000000001,78.86900000000001,inf,79.693,79.693
435,TT1,BESTEFFORT,COMPLETED,m4-1,74.743,"{'m1-1': 2.319, 'm2-1': 1.738, 'm3-1': 4.181, 'm4-1': 0.75}",1.125,77.37200000000001,78.12200000000001,inf,79.743,79.743
436,TT2,BESTEFFORT,MISSED,m3-1,74.794,"{'m1-1': 2.438, 'm2-1': 1.891, 'm3-1': 4.279, 'm4-1': 0.745}",3.166200000000001,78.13499999999999,inf,79.89399999999999,79.89399999999999,79.89399999999999
437,TT2,BESTEFFORT,MISSED,m4-1,74.849,"{'m1-1': 1.866, 'm2-1': 1.748, 'm3-1': 3.782, 'm4-1': 0.933}",0.0,80.263,inf,80.263,79.949,79.949
438,TT2,BESTEFFORT,MISSED,m1-1,75.369,"{'m1-1': 2.201, 'm2-1': 1.578, 'm3-1': 4.37, 'm4-1': 0.749}",1.9935999999999923,79.223,inf,80.469,80.469,80.469
439,TT4,BESTEFFORT,COMPLETED,m2-1,75.962,"{'m1-1': 1.852, 'm2-1': 1.836, 'm3-1': 4.485, 'm4-1': 0.896}",5.508,78.675,80.511,inf,80.962,80.962
440,TT3,BESTEFFORT,MISSED,m1-1,75.984,"{'m1-1': 2.035, 'm2-1': 1.556, 'm3-1': 4.73, 'm4-1': 0.871}",1.1440000000000055,80.469,inf,81.184,81.184,81.184
441,TT1,BESTEFFORT,COMPLETED,m4-1,76.533,"{'m1-1': 1.906, 'm2-1': 1.738, 'm3-1': 3.854, 'm4-1': 0.722}",1.083,78.86900000000001,79.59100000000001,inf,81.533,81.533
442,TT1,BESTEFFORT,MISSED,m3-1,76.582,"{'m1-1': 2.083, 'm2-1': 1.444, 'm3-1': 4.033, 'm4-1': 0.771}",3.038400000000004,79.89399999999999,inf,81.582,81.582,81.582
443,TT1,BESTEFFORT,COMPLETED,m4-1,76.968,"{'m1-1': 2.286, 'm2-1': 1.885, 'm3-1': 4.025, 'm4-1': 0.672}",1.008,79.59100000000001,80.263,inf,81.968,81.968
444,TT4,BESTEFFORT,MISSED,m3-1,77.393,"{'m1-1': 2.293, 'm2-1': 1.822, 'm3-1': 3.943, 'm4-1': 0.824}",1.4598000000000126,81.582,inf,82.393,82.393,82.393
445,TT2,BESTEFFORT,MISSED,m2-1,77.605,"{'m1-1': 2.229, 'm2-1': 1.821, 'm3-1': 4.028, 'm4-1': 1.011}",0.0,83.68599999999999,inf,83.68599999999999,82.705,82.705
446,TT4,BESTEFFORT,COMPLETED,m2-1,77.841,"{'m1-1': 2.206, 'm2-1': 1.835, 'm3-1': 4.711, 'm4-1': 0.896}",5.505,80.511,82.34599999999999,inf,82.841,82.841
447,TT2,BESTEFFORT,MISSED,m2-1,78.586,"{'m1-1': 2.571, 'm2-1': 1.965, 'm3-1': 4.622, 'm4-1': 0.867}",4.02000000000001,82.34599999999999,inf,83.68599999999999,83.68599999999999,83.68599999999999
448,TT3,BESTEFFORT,COMPLETED,m4-1,78.782,"{'m1-1': 1.821, 'm2-1': 1.306, 'm3-1': 5.695, 'm4-1': 0.855}",1.2825,80.263,81.11800000000001,inf,83.982,83.982
449,TT2,BESTEFFORT,CANCELLED,,79.009,"{'m1-1': 2.179, 'm2-1': 2.065, 'm3-1': 4.032, 'm4-1': 0.797}",0.0,inf,inf,inf,84.109,84.109
450,TT1,BESTEFFORT,COMPLETED,m1-1,79.091,"{'m1-1': 2.104, 'm2-1': 1.512, 'm3-1': 4.737, 'm4-1': 0.81}",3.3664000000000005,81.184,83.288,inf,84.091,84.091
451,TT2,BESTEFFORT,MISSED,m3-1,79.114,"{'m1-1': 2.378, 'm2-1': 1.545, 'm3-1': 4.861, 'm4-1': 0.785}",0.0,84.97,inf,84.97,84.214,84.214
452,TT1,BESTEFFORT,COMPLETED,m4-1,79.301,"{'m1-1': 2.305, 'm2-1': 1.633, 'm3-1': 4.659, 'm4-1': 0.825}",1.2374999999999998,81.11800000000001,81.94300000000001,inf,84.301,84.301
453,TT4,BESTEFFORT,MISSED,m1-1,79.579,"{'m1-1': 2.206, 'm2-1': 1.875, 'm3-1': 4.352, 'm4-1': 0.95}",0.0,84.765,inf,84.765,84.579,84.579
454,TT4,BESTEFFORT,MISSED,m1-1,79.765,"{'m1-1': 2.351, 'm2-1': 1.836, 'm3-1': 3.711, 'm4-1': 0.922}",2.363200000000006,83.288,inf,84.765,84.765,84.765
455,TT2,BESTEFFORT,MISSED,m3-1,79.87,"{'m1-1': 2.072, 'm2-1': 1.799, 'm3-1': 3.85, 'm4-1': 1.001}",4.638599999999997,82.393,inf,84.97,84.97,84.97
456,TT1,BESTEFFORT,COMPLETED,m4-1,79.904,"{'m1-1': 2.278, 'm2-1': 1.642, 'm3-1': 4.955, 'm4-1': 0.739}",1.1085,83.53000000000002,84.26900000000002,inf,84.904,84.904
457,TT3,BESTEFFORT,MISSED,m2-1,79.997,"{'m1-1': 2.018, 'm2-1': 1.714, 'm3-1': 4.423, 'm4-1': 0.945}",4.53300000000003,83.68599999999999,inf,85.197,85.197,85.197
458,TT2,BESTEFFORT,COMPLETED,m4-1,80.109,"{'m1-1': 2.354, 'm2-1': 2.066, 'm3-1': 4.259, 'm4-1': 0.744}",1.116,81.94300000000001,82.68700000000001,inf,85.20899999999999,85.20899999999999
459,TT1,BESTEFFORT,MISSED,m3-1,80.198,"{'m1-1': 2.528, 'm2-1': 1.786, 'm3-1': 4.876, 'm4-1': 0.825}",0.41039999999999,84.97,inf,85.198,85.198,85.198
460,TT4,BESTEFFORT,COMPLETED,m4-1,80.238,"{'m1-1': 2.236, 'm2-1': 1.622, 'm3-1': 3.763, 'm4-1': 0.843}",1.2645,82.68700000000001,83.53000000000002,inf,85.238,85.238
461,TT4,BESTEFFORT,MISSED,m1-1,80.634,"{'m1-1': 2.032, 'm2-1': 1.728, 'm3-1': 4.584, 'm4-1': 0.855}",1.3903999999999996,84.765,inf,85.634,85.634,85.634
462,TT4,BESTEFFORT,MISSED,m1-1,81.356,"{'m1-1': 1.824, 'm2-1': 1.595, 'm3-1': 5.086, 'm4-1': 0.977}",0.0,88.6,inf,88.6,86.356,86.356
463,TT4,BESTEFFORT,MISSED,m1-1,81.57,"{'m1-1': 2.43, 'm2-1': 1.447, 'm3-1': 3.826, 'm4-1': 0.908}",1.4975999999999887,85.634,inf,86.57,86.57,86.57
464,TT1,BESTEFFORT,COMPLETED,m4-1,81.693,"{'m1-1': 2.102, 'm2-1': 1.877, 'm3-1': 4.411, 'm4-1': 0.653}",0.9795,84.26900000000002,84.92200000000003,inf,86.693,86.693
465,TT1,BESTEFFORT,MISSED,m3-1,81.697,"{'m1-1': 2.608, 'm2-1': 1.73, 'm3-1': 3.753, 'm4-1': 0.688}",2.6982000000000173,85.198,inf,86.697,86.697,86.697
466,TT1,BESTEFFORT,MISSED,m2-1,82.034,"{'m1-1': 2.5, 'm2-1': 1.842, 'm3-1': 4.364, 'm4-1': 0.703}",5.51100000000001,85.197,inf,87.034,87.034,87.034
467,TT1,BESTEFFORT,COMPLETED,m4-1,82.559,"{'m1-1': 1.998, 'm2-1': 1.737, 'm3-1': 4.357, 'm4-1': 0.616}",0.9239999999999999,84.92200000000003,85.53800000000003,inf,87.559,87.559
468,TT2,BESTEFFORT,CANCELLED,,82.933,"{'m1-1': 2.19, 'm2-1': 1.99, 'm3-1': 5.091, 'm4-1': 0.841}",0.0,inf,inf,inf,88.033,88.033
469,TT1,BESTEFFORT,COMPLETED,m4-1,83.216,"{'m1-1': 2.252, 'm2-1': 1.479, 'm3-1': 4.938, 'm4-1': 0.712}",1.068,85.53800000000003,86.25000000000003,inf,88.216,88.216
470,TT4,BESTEFFORT,MISSED,m2-1,83.296,"{'m1-1': 2.371, 'm2-1': 1.481, 'm3-1': 4.975, 'm4-1': 1.001}",0.0,88.59599999999999,inf,88.59599999999999,88.296,88.296
471,TT2,BESTEFFORT,CANCELLED,,83.415,"{'m1-1': 2.433, 'm2-1': 1.975, 'm3-1': 4.176, 'm4-1': 0.966}",0.0,inf,inf,inf,88.515,88.515
472,TT2,BESTEFFORT,MISSED,m2-1,83.496,"{'m1-1': 2.073, 'm2-1': 1.636, 'm3-1': 3.788, 'm4-1': 1.002}",4.68599999999995,87.034,inf,88.59599999999999,88.59599999999999,88.59599999999999
473,TT2,BESTEFFORT,MISSED,m3-1,83.58,"{'m1-1': 2.613, 'm2-1': 1.636, 'm3-1': 4.965, 'm4-1': 0.888}",0.0,89.763,inf,89.763,88.67999999999999,88.67999999999999
474,TT3,BESTEFFORT,COMPLETED,m1-1,83.712,"{'m1-1': 2.03, 'm2-1': 1.485, 'm3-1': 5.825, 'm4-1': 0.987}",3.2479999999999998,86.57,88.6,inf,88.912,88.912
475,TT4,BESTEFFORT,CANCELLED,,83.872,"{'m1-1': 2.102, 'm2-1': 1.571, 'm3-1': 3.957, 'm4-1': 0.871}",0.0,inf,inf,inf,88.872,88.872
476,TT1,BESTEFFORT,COMPLETED,m4-1,83.926,"{'m1-1': 2.175, 'm2-1': 1.984, 'm3-1': 4.201, 'm4-1': 0.843}",1.2645,87.07400000000003,87.91700000000003,inf,88.926,88.926
477,TT1,BESTEFFORT,COMPLETED,m4-1,84.025,"{'m1-1': 2.042, 'm2-1': 1.892, 'm3-1': 4.169, 'm4-1': 0.824}",1.236,86.25000000000003,87.07400000000003,inf,89.025,89.025
478,TT1,BESTEFFORT,COMPLETED,m4-1,84.088,"{'m1-1': 2.133, 'm2-1': 1.467, 'm3-1': 4.536, 'm4-1': 0.711}",1.0665,87.91700000000003,88.62800000000003,inf,89.088,89.088
479,TT3,BESTEFFORT,MISSED,m2-1,84.174,"{'m1-1': 1.961, 'm2-1': 1.583, 'm3-1': 5.738, 'm4-1': 1.002}",2.33400000000006,88.59599999999999,inf,89.37400000000001,89.37400000000001,89.37400000000001
480,TT1,BESTEFFORT,MISSED,m2-1,84.317,"{'m1-1': 2.143, 'm2-1': 1.582, 'm3-1': 4.508, 'm4-1': 0.641}",0.0,89.37400000000001,inf,89.37400000000001,89.317,89.317
481,TT4,BESTEFFORT,MISSED,m3-1,84.338,"{'m1-1': 2.172, 'm2-1': 1.343, 'm3-1': 4.318, 'm4-1': 0.932}",0.0,89.763,inf,89.763,89.338,89.338
482,TT4,BESTEFFORT,MISSED,m3-1,84.763,"{'m1-1': 2.112, 'm2-1': 1.474, 'm3-1': 3.774, 'm4-1': 0.896}",5.518800000000005,86.697,inf,89.763,89.763,89.763
483,TT2,BESTEFFORT,MISSED,m4-1,85.055,"{'m1-1': 2.412, 'm2-1': 2.04, 'm3-1': 4.983, 'm4-1': 0.929}",0.0,91.382,inf,91.382,90.155,90.155
484,TT2,BESTEFFORT,COMPLETED,m4-1,85.24,"{'m1-1': 2.57, 'm2-1': 1.863, 'm3-1': 5.121, 'm4-1': 0.996}",1.494,88.62800000000003,89.62400000000002,inf,90.33999999999999,90.33999999999999
485,TT4,BESTEFFORT,MISSED,m3-1,85.308,"{'m1-1': 2.435, 'm2-1': 1.667, 'm3-1': 4.168, 'm4-1': 0.829}",0.9810000000000031,89.763,inf,90.308,90.308,90.308
486,TT4,BESTEFFORT,MISSED,m3-1,85.314,"{'m1-1': 2.233, 'm2-1': 1.546, 'm3-1': 4.364, 'm4-1': 1.022}",0.01079999999997483,90.308,inf,90.314,90.314,90.314
487,TT2,BESTEFFORT,CANCELLED,,85.341,"{'m1-1': 2.295, 'm2-1': 1.784, 'm3-1': 4.768, 'm4-1': 0.947}",0.0,inf,inf,inf,90.44099999999999,90.44099999999999
488,TT3,BESTEFFORT,MISSED,m1-1,85.408,"{'m1-1': 2.294, 'm2-1': 1.751, 'm3-1': 5.346, 'm4-1': 0.956}",3.2128000000000156,88.6,inf,90.608,90.608,90.608
489,TT2,BESTEFFORT,CANCELLED,,85.687,"{'m1-1': 2.195, 'm2-1': 1.804, 'm3-1': 5.096, 'm4-1': 0.746}",0.0,inf,inf,inf,90.78699999999999,90.78699999999999
490,TT3,BESTEFFORT,MISSED,m2-1,85.919,"{'m1-1': 2.087, 'm2-1': 1.381, 'm3-1': 5.646, 'm4-1': 0.828}",0.0,93.75,inf,93.75,91.119,91.119
491,TT4,BESTEFFORT,MISSED,m1-1,86.184,"{'m1-1': 2.105, 'm2-1': 1.62, 'm3-1': 4.318, 'm4-1': 0.936}",0.9215999999999895,90.608,inf,91.184,91.184,91.184
492,TT4,BESTEFFORT,MISSED,m4-1,86.382,"{'m1-1': 1.957, 'm2-1': 1.797, 'm3-1': 4.809, 'm4-1': 0.896}",1.2374999999999616,90.55700000000003,inf,91.382,91.382,91.382
493,TT3,BESTEFFORT,COMPLETED,m4-1,86.751,"{'m1-1': 2.028, 'm2-1': 1.499, 'm3-1': 4.565, 'm4-1': 0.933}",1.3995000000000002,89.62400000000002,90.55700000000003,inf,91.95100000000001,91.95100000000001
494,TT3,BESTEFFORT,CANCELLED,,86.892,"{'m1-1': 1.838, 'm2-1': 1.288, 'm3-1': 5.967, 'm4-1': 0.926}",0.0,inf,inf,inf,92.092,92.092
495,TT2,BESTEFFORT,MISSED,m3-1,87.015,"{'m1-1': 2.491, 'm2-1': 1.978, 'm3-1': 4.401, 'm4-1': 0.777}",0.0,92.712,inf,92.712,92.115,92.115
496,TT3,BESTEFFORT,CANCELLED,,87.144,"{'m1-1': 1.882, 'm2-1': 1.571, 'm3-1': 4.339, 'm4-1': 0.796}",0.0,inf,inf,inf,92.34400000000001,92.34400000000001
497,TT3,BESTEFFORT,COMPLETED,m2-1,87.477,"{'m1-1': 2.291, 'm2-1': 1.429, 'm3-1': 5.638, 'm4-1': 0.811}",4.287,90.99100000000001,92.42000000000002,inf,92.677,92.677
498,TT4,BESTEFFORT,MISSED,m1-1,87.681,"{'m1-1': 2.312, 'm2-1': 1.355, 'm3-1': 3.642, 'm4-1': 1.003}",2.3952,91.184,inf,92.681,92.681,92.681
499,TT4,BESTEFFORT,CANCELLED,,87.691,"{'m1-1': 2.102, 'm2-1': 1.762, 'm3-1': 4.795, 'm4-1': 0.986}",0.0,inf,inf,inf,92.691,92.691
500,TT4,BESTEFFORT,MISSED,m3-1,87.712,"{'m1-1': 1.837, 'm2-1': 1.718, 'm3-1': 4.364, 'm4-1': 0.773}",4.3164000000000184,90.314,inf,92.712,92.712,92.712
501,TT4,BESTEFFORT,COMPLETED,m2-1,87.776,"{'m1-1': 2.156, 'm2-1': 1.617, 'm3-1': 4.44, 'm4-1': 1.038}",4.851,89.37400000000001,90.99100000000001,inf,92.776,92.776
502,TT1,BESTEFFORT,CANCELLED,,88.005,"{'m1-1': 2.049, 'm2-1': 1.528, 'm3-1': 4.249, 'm4-1': 0.736}",0.0,inf,inf,inf,93.005,93.005
503,TT4,BESTEFFORT,MISSED,m1-1,88.179,"{'m1-1': 2.217, 'm2-1': 1.648, 'm3-1': 5.103, 'm4-1': 0.952}",0.7968000000000075,92.681,inf,93.179,93.179,93.179
504,TT2,BESTEFFORT,MISSED,m1-1,88.727,"{'m1-1': 2.476, 'm2-1': 1.92, 'm3-1': 3.82, 'm4-1': 0.87}",0.0,96.697,inf,96.697,93.827,93.827
505,TT4,BESTEFFORT,MISSED,m2-1,88.75,"{'m1-1': 1.845, 'm2-1': 1.373, 'm3-1': 3.913, 'm4-1': 0.855}",3.9899999999999523,92.42000000000002,inf,93.75,93.75,93.75
506,TT4,BESTEFFORT,MISSED,m2-1,89.295,"{'m1-1': 2.385, 'm2-1': 1.487, 'm3-1': 4.435, 'm4-1': 0.809}",0.0,96.069,inf,96.069,94.295,94.295
507,TT1,BESTEFFORT,COMPLETED,m4-1,89.309,"{'m1-1': 2.242, 'm2-1': 1.441, 'm3-1': 4.791, 'm4-1': 0.66}",0.99,91.382,92.042,inf,94.309,94.309
508,TT3,BESTEFFORT,MISSED,m2-1,89.376,"{'m1-1': 2.12, 'm2-1': 1.677, 'm3-1': 5.816, 'm4-1': 0.806}",2.478000000000023,93.75,inf,94.57600000000001,94.57600000000001,94.57600000000001
509,TT1,BESTEFFORT,MISSED,m3-1,89.813,"{'m1-1': 1.954, 'm2-1': 1.728, 'm3-1': 3.902, 'm4-1': 0.61}",3.7817999999999983,92.712,inf,94.813,94.813,94.813
510,TT2,BESTEFFORT,MISSED,m3-1,89.861,"{'m1-1': 2.566, 'm2-1': 2.035, 'm3-1': 3.936, 'm4-1': 0.756}",0.26639999999999303,94.813,inf,94.961,94.961,94.961
511,TT3,BESTEFFORT,COMPLETED,m4-1,89.937,"{'m1-1': 1.745, 'm2-1': 1.456, 'm3-1': 4.998, 'm4-1': 0.957}",1.4355,92.875,93.832,inf,95.137,95.137
512,TT4,BESTEFFORT,MISSED,m1-1,90.192,"{'m1-1': 2.146, 'm2-1': 1.889, 'm3-1': 4.903, 'm4-1': 0.842}",3.220799999999986,93.179,inf,95.192,95.192,95.192
513,TT1,BESTEFFORT,COMPLETED,m4-1,90.475,"{'m1-1': 2.571, 'm2-1': 1.515, 'm3-1': 3.913, 'm4-1': 0.833}",1.2494999999999998,92.042,92.875,inf,95.475,95.475
514,TT2,BESTEFFORT,COMPLETED,m4-1,90.635,"{'m1-1': 2.14, 'm2-1': 1.821, 'm3-1': 4.038, 'm4-1': 0.785}",1.1775,93.832,94.61699999999999,inf,95.735,95.735
515,TT3,BESTEFFORT,CANCELLED,,90.749,"{'m1-1': 2.337, 'm2-1': 1.763, 'm3-1': 5.969, 'm4-1': 0.91}",0.0,inf,inf,inf,95.949,95.949
516,TT4,BESTEFFORT,MISSED,m2-1,91.069,"{'m1-1': 2.163, 'm2-1': 1.877, 'm3-1': 4.269, 'm4-1': 0.877}",4.478999999999985,94.57600000000001,inf,96.069,96.069,96.069
517,TT2,BESTEFFORT,MISSED,m3-1,91.113,"{'m1-1': 2.017, 'm2-1': 1.652, 'm3-1': 4.087, 'm4-1': 0.883}",0.0,96.658,inf,96.658,96.213,96.213
518,TT3,BESTEFFORT,MISSED,m4-1,91.115,"{'m1-1': 2.352, 'm2-1': 1.513, 'm3-1': 5.721, 'm4-1': 0.94}",1.2600000000000051,95.475,inf,96.315,96.315,96.315
519,TT4,BESTEFFORT,MISSED,m1-1,91.161,"{'m1-1': 1.823, 'm2-1': 1.897, 'm3-1': 4.071, 'm4-1': 0.809}",1.5504000000000133,95.192,inf,96.161,96.161,96.161
520,TT1,BESTEFFORT,MISSED,m3-1,91.658,"{'m1-1': 2.029, 'm2-1': 1.41, 'm3-1': 5.077, 'm4-1': 0.738}",3.054600000000005,94.961,inf,96.658,96.658,96.658
521,TT4,BESTEFFORT,MISSED,m1-1,91.697,"{'m1-1': 2.012, 'm2-1': 1.825, 'm3-1': 3.774, 'm4-1': 0.844}",0.8576000000000022,96.161,inf,96.697,96.697,96.697
522,TT1,BESTEFFORT,COMPLETED,m4-1,91.831,"{'m1-1': 1.863, 'm2-1': 1.648, 'm3-1': 3.61, 'm4-1': 0.858}",1.287,94.61699999999999,95.475,inf,96.831,96.831
523,TT1,BESTEFFORT,CANCELLED,,92.006,"{'m1-1': 2.065, 'm2-1': 1.594, 'm3-1': 4.554, 'm4-1': 0.652}",0.0,inf,inf,inf,97.006,97.006
524,TT4,BESTEFFORT,MISSED,m3-1,93.316,"{'m1-1': 2.437, 'm2-1': 1.389, 'm3-1': 4.865, 'm4-1': 0.811}",0.0,101.723,inf,101.723,98.316,98.316
525,TT2,BESTEFFORT,COMPLETED,m2-1,93.332,"{'m1-1': 2.439, 'm2-1': 1.95, 'm3-1': 4.48, 'm4-1': 0.912}",5.85,96.069,98.019,inf,98.43199999999999,98.43199999999999
526,TT1,BESTEFFORT,MISSED,m1-1,93.648,"{'m1-1': 2.187, 'm2-1': 1.51, 'm3-1': 4.909, 'm4-1': 0.788}",3.1215999999999897,96.697,inf,98.648,98.648,98.648
527,TT2,BESTEFFORT,COMPLETED,m4-1,93.779,"{'m1-1': 2.192, 'm2-1': 2.002, 'm3-1': 4.178, 'm4-1': 0.9}",1.35,96.315,97.215,inf,98.87899999999999,98.87899999999999
528,TT2,BESTEFFORT,MISSED,m1-1,93.853,"{'m1-1': 1.983, 'm2-1': 1.614, 'm3-1': 5.025, 'm4-1': 0.899}",0.0,101.683,inf,101.683,98.95299999999999,98.95299999999999
529,TT1,BESTEFFORT,COMPLETED,m4-1,93.919,"{'m1-1': 2.069, 'm2-1': 1.715, 'm3-1': 4.136, 'm4-1': 0.674}",1.0110000000000001,98.22200000000001,98.89600000000002,inf,98.919,98.919
530,TT4,BESTEFFORT,MISSED,m2-1,93.933,"{'m1-1': 2.43, 'm2-1': 1.737, 'm3-1': 4.418, 'm4-1': 0.771}",0.0,101.001,inf,101.001,98.933,98.933
531,TT2,BESTEFFORT,MISSED,m3-1,93.953,"{'m1-1': 2.438, 'm2-1': 1.753, 'm3-1': 4.176, 'm4-1': 1.012}",4.310999999999993,96.658,inf,99.053,99.053,99.053
532,TT2,BESTEFFORT,COMPLETED,m4-1,94.161,"{'m1-1': 2.32, 'm2-1': 1.722, 'm3-1': 4.266, 'm4-1': 1.007}",1.5105,97.215,98.22200000000001,inf,99.261,99.261
533,TT3,BESTEFFORT,COMPLETED,m2-1,94.497,"{'m1-1': 2.078, 'm2-1': 1.58, 'm3-1': 5.454, 'm4-1': 0.857}",4.74,98.019,99.599,inf,99.697,99.697
534,TT2,BESTEFFORT,MISSED,m3-1,94.521,"{'m1-1': 1.944, 'm2-1': 1.906, 'm3-1': 3.744, 'm4-1': 0.763}",1.0223999999999962,99.053,inf,99.621,99.621,99.621
535,TT2,BESTEFFORT,MISSED,m1-1,95.531,"{'m1-1': 2.52, 'm2-1': 1.898, 'm3-1': 3.807, 'm4-1': 0.817}",3.1728000000000067,98.648,inf,100.631,100.631,100.631
536,TT2,BESTEFFORT,COMPLETED,m4-1,95.567,"{'m1-1': 2.421, 'm2-1': 1.62, 'm3-1': 3.628, 'm4-1': 0.866}",1.299,98.89600000000002,99.76200000000001,inf,100.66699999999999,100.66699999999999
537,TT3,BESTEFFORT,MISSED,m2-1,95.801,"{'m1-1': 2.25, 'm2-1': 1.694, 'm3-1': 5.748, 'm4-1': 0.828}",4.206000000000003,99.599,inf,101.001,101.001,101.001
538,TT3,BESTEFFORT,CANCELLED,,96.137,"{'m1-1': 1.986, 'm2-1': 1.593, 'm3-1': 4.66, 'm4-1': 0.718}",0.0,inf,inf,inf,101.337,101.337
539,TT3,BESTEFFORT,MISSED,m2-1,96.368,"{'m1-1': 2.273, 'm2-1': 1.481, 'm3-1': 4.488, 'm4-1': 1.005}",1.7009999999999792,101.001,inf,101.568,101.568,101.568
540,TT3,BESTEFFORT,MISSED,m1-1,96.483,"{'m1-1': 1.842, 'm2-1': 1.677, 'm3-1': 4.92, 'm4-1': 0.846}",1.683200000000011,100.631,inf,101.683,101.683,101.683
541,TT3,BESTEFFORT,MISSED,m3-1,96.523,"{'m1-1': 2.407, 'm2-1': 1.677, 'm3-1': 5.747, 'm4-1': 0.874}",3.783600000000007,99.621,inf,101.723,101.723,101.723
542,TT2,BESTEFFORT,COMPLETED,m4-1,96.953,"{'m1-1': 2.295, 'm2-1': 1.971, 'm3-1': 4.297, 'm4-1': 0.76}",1.1400000000000001,99.76200000000001,100.52200000000002,inf,102.053,102.053
543,TT3,BESTEFFORT,MISSED,m1-1,97.396,"{'m1-1': 2.12, 'm2-1': 1.345, 'm3-1': 5.034, 'm4-1': 0.86}",0.0,104.59,inf,104.59,102.596,102.596
544,TT3,BESTEFFORT,COMPLETED,m4-1,97.543,"{'m1-1': 2.161, 'm2-1': 1.484, 'm3-1': 4.615, 'm4-1': 0.918}",1.377,101.21300000000002,102.13100000000003,inf,102.74300000000001,102.74300000000001
545,TT4,BESTEFFORT,CANCELLED,,97.626,"{'m1-1': 2.423, 'm2-1': 1.7, 'm3-1': 4.916, 'm4-1': 0.983}",0.0,inf,inf,inf,102.626,102.626
546,TT2,BESTEFFORT,MISSED,m3-1,97.712,"{'m1-1': 2.555, 'm2-1': 2.13, 'm3-1': 5.001, 'm4-1': 0.982}",1.9601999999999975,101.723,inf,102.812,102.812,102.812
547,TT4,BESTEFFORT,MISSED,m1-1,97.715,"{'m1-1': 1.796, 'm2-1': 1.868, 'm3-1': 4.207, 'm4-1': 0.817}",1.6511999999999944,101.683,inf,102.715,102.715,102.715
548,TT1,BESTEFFORT,COMPLETED,m4-1,97.933,"{'m1-1': 2.301, 'm2-1': 1.906, 'm3-1': 3.617, 'm4-1': 0.691}",1.0365,100.52200000000002,101.21300000000002,inf,102.933,102.933
549,TT3,BESTEFFORT,MISSED,m1-1,98.087,"{'m1-1': 2.281, 'm2-1': 1.474, 'm3-1': 5.173, 'm4-1': 0.968}",0.9152000000000045,102.715,inf,103.287,103.287,103.287
550,TT3,BESTEFFORT,MISSED,m2-1,98.31,"{'m1-1': 2.075, 'm2-1': 1.366, 'm3-1': 4.596, 'm4-1': 0.936}",0.5790000000000362,103.317,inf,103.51,103.51,103.51
551,TT3,BESTEFFORT,COMPLETED,m2-1,98.444,"{'m1-1': 2.149, 'm2-1': 1.749, 'm3-1': 4.657, 'm4-1': 0.818}",5.247,101.568,103.317,inf,103.644,103.644
552,TT1,BESTEFFORT,MISSED,m3-1,99.077,"{'m1-1': 2.327, 'm2-1': 1.735, 'm3-1': 4.605, 'm4-1': 0.719}",2.277000000000001,102.812,inf,104.077,104.077,104.077
553,TT3,BESTEFFORT,MISSED,m2-1,99.302,"{'m1-1': 1.952, 'm2-1': 1.499, 'm3-1': 4.506, 'm4-1': 0.766}",2.9760000000000133,103.51,inf,104.50200000000001,104.50200000000001,104.50200000000001
554,TT3,BESTEFFORT,MISSED,m1-1,99.39,"{'m1-1': 2.208, 'm2-1': 1.501, 'm3-1': 5.396, 'm4-1': 0.789}",2.0847999999999955,103.287,inf,104.59,104.59,104.59
555,TT4,BESTEFFORT,MISSED,m2-1,99.468,"{'m1-1': 1.923, 'm2-1': 1.7, 'm3-1': 5.033, 'm4-1': 0.757}",0.0,104.50200000000001,inf,104.50200000000001,104.468,104.468
556,TT3,BESTEFFORT,COMPLETED,m4-1,99.659,"{'m1-1': 1.923, 'm2-1': 1.438, 'm3-1': 5.194, 'm4-1': 0.944}",1.416,102.13100000000003,103.07500000000003,inf,104.85900000000001,104.85900000000001
557,TT2,BESTEFFORT,MISSED,m3-1,99.8,"{'m1-1': 2.404, 'm2-1': 2.09, 'm3-1': 3.848, 'm4-1': 0.803}",1.481399999999988,104.077,inf,104.89999999999999,104.89999999999999,104.89999999999999
558,TT2,BESTEFFORT,COMPLETED,m4-1,99.829,"{'m1-1': 2.497, 'm2-1': 2.101, 'm3-1': 3.731, 'm4-1': 0.731}",1.0965,103.07500000000003,103.80600000000003,inf,104.92899999999999,104.92899999999999
559,TT1,BESTEFFORT,COMPLETED,m4-1,100.584,"{'m1-1': 2.145, 'm2-1': 1.882, 'm3-1': 4.457, 'm4-1': 0.653}",0.9795,103.80600000000003,104.45900000000003,inf,105.584,105.584
560,TT4,BESTEFFORT,MISSED,m1-1,100.631,"{'m1-1': 2.136, 'm2-1': 1.85, 'm3-1': 4.285, 'm4-1': 0.968}",1.665599999999995,104.59,inf,105.631,105.631,105.631
561,TT2,BESTEFFORT,COMPLETED,m4-1,100.866,"{'m1-1': 2.221, 'm2-1': 1.999, 'm3-1': 4.462, 'm4-1': 0.8}",1.2000000000000002,104.45900000000003,105.25900000000003,inf,105.966,105.966
562,TT2,BESTEFFORT,MISSED,m3-1,101.702,"{'m1-1': 2.381, 'm2-1': 2.111, 'm3-1': 4.144, 'm4-1': 0.839}",3.4236000000000018,104.89999999999999,inf,106.80199999999999,106.80199999999999,106.80199999999999
563,TT3,BESTEFFORT,MISSED,m3-1,102.432,"{'m1-1': 1.786, 'm2-1': 1.721, 'm3-1': 5.201, 'm4-1': 0.917}",1.4940000000000226,106.80199999999999,inf,107.632,107.632,107.632
564,TT3,BESTEFFORT,COMPLETED,m4-1,102.968,"{'m1-1': 2.211, 'm2-1': 1.358, 'm3-1': 5.54, 'm4-1': 0.931}",1.3965,105.25900000000003,106.19000000000003,inf,108.168,108.168
565,TT4,BESTEFFORT,COMPLETED,m1-1,103.234,"{'m1-1': 2.172, 'm2-1': 1.889, 'm3-1': 4.483, 'm4-1': 1.039}",3.4752000000000005,105.631,107.803,inf,108.234,108.234
566,TT1,BESTEFFORT,COMPLETED,m2-1,103.688,"{'m1-1': 2.013, 'm2-1': 1.738, 'm3-1': 4.556, 'm4-1': 0.848}",5.214,104.50200000000001,106.24000000000001,inf,108.688,108.688
567,TT4,BESTEFFORT,COMPLETED,m2-1,103.803,"{'m1-1': 2.259, 'm2-1': 1.803, 'm3-1': 3.934, 'm4-1': 0.928}",5.409,106.24000000000001,108.043,inf,108.803,108.803
568,TT1,BESTEFFORT,COMPLETED,m4-1,103.889,"{'m1-1': 1.919, 'm2-1': 1.916, 'm3-1': 4.765, 'm4-1': 0.701}",1.0514999999999999,106.19000000000003,106.89100000000002,inf,108.889,108.889
569,TT4,BESTEFFORT,MISSED,m3-1,103.936,"{'m1-1': 2.181, 'm2-1': 1.609, 'm3-1': 3.896, 'm4-1': 0.998}",2.347200000000004,107.632,inf,108.936,108.936,108.936
570,TT1,BESTEFFORT,COMPLETED,m4-1,104.096,"{'m1-1': 2.348, 'm2-1': 1.847, 'm3-1': 4.194, 'm4-1': 0.796}",1.194,106.89100000000002,107.68700000000003,inf,109.096,109.096
571,TT3,BESTEFFORT,MISSED,m2-1,104.109,"{'m1-1': 1.926, 'm2-1': 1.582, 'm3-1': 4.623, 'm4-1': 0.93}",0.5219999999999771,109.135,inf,109.309,109.309,109.309
572,TT1,BESTEFFORT,MISSED,m2-1,104.135,"{'m1-1': 2.171, 'm2-1': 1.744, 'm3-1': 4.307, 'm4-1': 0.632}",3.2759999999999962,108.043,inf,109.135,109.135,109.135
573,TT1,BESTEFFORT,MISSED,m1-1,104.423,"{'m1-1': 2.444, 'm2-1': 1.974, 'm3-1': 4.201, 'm4-1': 0.66}",2.5920000000000076,107.803,inf,109.423,109.423,109.423
574,TT1,BESTEFFORT,MISSED,m1-1,104.693,"{'m1-1': 2.309, 'm2-1': 1.684, 'm3-1': 3.871, 'm4-1': 0.702}",0.43199999999999367,109.423,inf,109.693,109.693,109.693
575,TT3,BESTEFFORT,MISSED,m3-1,104.771,"{'m1-1': 2.276, 'm2-1': 1.602, 'm3-1': 5.881, 'm4-1': 0.973}",1.862999999999994,108.936,inf,109.971,109.971,109.971
576,TT1,BESTEFFORT,COMPLETED,m4-1,104.93,"{'m1-1': 2.11, 'm2-1': 1.55, 'm3-1': 4.169, 'm4-1': 0.638}",0.9570000000000001,107.68700000000003,108.32500000000003,inf,109.93,109.93
577,TT3,BESTEFFORT,MISSED,m2-1,105.275,"{'m1-1': 2.285, 'm2-1': 1.432, 'm3-1': 5.181, 'm4-1': 1.009}",3.498000000000033,109.309,inf,110.47500000000001,110.47500000000001,110.47500000000001
578,TT1,BESTEFFORT,COMPLETED,m4-1,105.356,"{'m1-1': 2.478, 'm2-1': 1.873, 'm3-1': 3.83, 'm4-1': 0.611}",0.9165,108.32500000000003,108.93600000000004,inf,110.356,110.356
579,TT3,BESTEFFORT,MISSED,m1-1,105.418,"{'m1-1': 1.995, 'm2-1': 1.656, 'm3-1': 4.66, 'm4-1': 0.793}",1.4800000000000182,109.693,inf,110.61800000000001,110.61800000000001,110.61800000000001
580,TT4,BESTEFFORT,MISSED,m2-1,105.518,"{'m1-1': 2.317, 'm2-1': 1.522, 'm3-1': 4.877, 'm4-1': 0.963}",0.12899999999997647,110.47500000000001,inf,110.518,110.518,110.518
581,TT2,BESTEFFORT,CANCELLED,,105.668,"{'m1-1': 2.122, 'm2-1': 1.802, 'm3-1': 5.091, 'm4-1': 0.867}",0.0,inf,inf,inf,110.768,110.768
582,TT4,BESTEFFORT,MISSED,m1-1,105.785,"{'m1-1': 1.792, 'm2-1': 1.405, 'm3-1': 4.459, 'm4-1': 0.771}",0.26719999999997984,110.61800000000001,inf,110.785,110.785,110.785
583,TT2,BESTEFFORT,COMPLETED,m4-1,105.912,"{'m1-1': 2.075, 'm2-1': 1.767, 'm3-1': 4.685, 'm4-1': 0.758}",1.137,108.93600000000004,109.69400000000003,inf,111.012,111.012
584,TT2,BESTEFFORT,MISSED,m3-1,105.982,"{'m1-1': 2.61, 'm2-1': 1.889, 'm3-1': 4.401, 'm4-1': 0.916}",1.999799999999982,109.971,inf,111.082,111.082,111.082
585,TT2,BESTEFFORT,CANCELLED,,106.313,"{'m1-1': 2.506, 'm2-1': 1.516, 'm3-1': 4.886, 'm4-1': 0.736}",0.0,inf,inf,inf,111.413,111.413
586,TT2,BESTEFFORT,CANCELLED,,106.634,"{'m1-1': 2.325, 'm2-1': 1.546, 'm3-1': 4.344, 'm4-1': 0.904}",0.0,inf,inf,inf,111.734,111.734
587,TT2,BESTEFFORT,CANCELLED,,106.962,"{'m1-1': 1.92, 'm2-1': 2.005, 'm3-1': 4.951, 'm4-1': 0.759}",0.0,inf,inf,inf,112.062,112.062
588,TT3,BESTEFFORT,COMPLETED,m4-1,107.057,"{'m1-1': 1.833, 'm2-1': 1.509, 'm3-1': 5.968, 'm4-1': 0.757}",1.1355,110.33100000000003,111.08800000000004,inf,112.257,112.257
589,TT3,BESTEFFORT,MISSED,m2-1,107.085,"{'m1-1': 1.989, 'm2-1': 1.351, 'm3-1': 5.447, 'm4-1': 0.84}",0.0,113.279,inf,113.279,112.285,112.285
590,TT2,BESTEFFORT,MISSED,m3-1,107.393,"{'m1-1': 2.122, 'm2-1': 2.082, 'm3-1': 3.69, 'm4-1': 1.005}",2.5398000000000027,111.082,inf,112.493,112.493,112.493
591,TT4,BESTEFFORT,CANCELLED,,107.67,"{'m1-1': 1.922, 'm2-1': 1.403, 'm3-1': 3.814, 'm4-1': 1.058}",0.0,inf,inf,inf,112.67,112.67
592,TT1,BESTEFFORT,COMPLETED,m4-1,107.678,"{'m1-1': 2.539, 'm2-1': 1.475, 'm3-1': 4.233, 'm4-1': 0.637}",0.9555,109.69400000000003,110.33100000000003,inf,112.678,112.678
593,TT4,BESTEFFORT,CANCELLED,,107.723,"{'m1-1': 1.783, 'm2-1': 1.62, 'm3-1': 4.982, 'm4-1': 0.982}",0.0,inf,inf,inf,112.723,112.723
594,TT3,BESTEFFORT,COMPLETED,m4-1,107.736,"{'m1-1': 1.867, 'm2-1': 1.488, 'm3-1': 4.3, 'm4-1': 0.783}",1.1745,111.08800000000004,111.87100000000004,inf,112.936,112.936
595,TT4,BESTEFFORT,MISSED,m3-1,107.739,"{'m1-1': 2.422, 'm2-1': 1.855, 'm3-1': 4.417, 'm4-1': 0.757}",0.4428000000000168,112.493,inf,112.739,112.739,112.739
596,TT3,BESTEFFORT,COMPLETED,m1-1,107.82,"{'m1-1': 2.161, 'm2-1': 1.706, 'm3-1': 5.098, 'm4-1': 0.941}",3.4576000000000002,110.785,112.946,inf,113.02,113.02
597,TT3,BESTEFFORT,MISSED,m2-1,107.825,"{'m1-1': 1.841, 'm2-1': 1.635, 'm3-1': 4.235, 'm4-1': 0.849}",3.081000000000003,111.998,inf,113.025,113.025,113.025
598,TT3,BESTEFFORT,COMPLETED,m2-1,107.945,"{'m1-1': 2.413, 'm2-1': 1.48, 'm3-1': 4.859, 'm4-1': 0.828}",4.4399999999999995,110.518,111.998,inf,113.145,113.145
599,TT1,BESTEFFORT,CANCELLED,,107.962,"{'m1-1': 2.07, 'm2-1': 1.801, 'm3-1': 3.657, 'm4-1': 0.671}",0.0,inf,inf,inf,112.962,112.962
600,TT3,BESTEFFORT,MISSED,m2-1,108.079,"{'m1-1': 2.018, 'm2-1': 1.286, 'm3-1': 5.543, 'm4-1': 1.009}",0.761999999999972,113.025,inf,113.279,113.279,113.279
601,TT2,BESTEFFORT,CANCELLED,,108.837,"{'m1-1': 2.381, 'm2-1': 1.886, 'm3-1': 3.987, 'm4-1': 0.929}",0.0,inf,inf,inf,113.937,113.937
602,TT2,BESTEFFORT,MISSED,m3-1,109.067,"{'m1-1': 1.892, 'm2-1': 1.737, 'm3-1': 4.041, 'm4-1': 0.965}",2.5703999999999696,112.739,inf,114.16699999999999,114.16699999999999,114.16699999999999
603,TT1,BESTEFFORT,CANCELLED,,109.346,"{'m1-1': 2.572, 'm2-1': 1.654, 'm3-1': 4.04, 'm4-1': 0.839}",0.0,inf,inf,inf,114.346,114.346
604,TT1,BESTEFFORT,MISSED,m2-1,109.533,"{'m1-1': 2.277, 'm2-1': 1.908, 'm3-1': 4.825, 'm4-1': 0.668}",0.0,116.3,inf,116.3,114.533,114.533
605,TT2,BESTEFFORT,CANCELLED,,109.603,"{'m1-1': 2.466, 'm2-1': 1.994, 'm3-1': 3.782, 'm4-1': 0.968}",0.0,inf,inf,inf,114.70299999999999,114.70299999999999
606,TT4,BESTEFFORT,MISSED,m1-1,109.616,"{'m1-1': 2.112, 'm2-1': 1.68, 'm3-1': 3.84, 'm4-1': 1.057}",2.672000000000003,112.946,inf,114.616,114.616,114.616
607,TT4,BESTEFFORT,MISSED,m1-1,109.66,"{'m1-1': 1.845, 'm2-1': 1.818, 'm3-1': 4.421, 'm4-1': 0.814}",0.0,115.524,inf,115.524,114.66,114.66
608,TT1,BESTEFFORT,COMPLETED,m4-1,109.664,"{'m1-1': 2.404, 'm2-1': 1.658, 'm3-1': 4.364, 'm4-1': 0.812}",1.218,111.87100000000004,112.68300000000004,inf,114.664,114.664
609,TT1,BESTEFFORT,COMPLETED,m4-1,109.794,"{'m1-1': 1.874, 'm2-1': 1.873, 'm3-1': 3.632, 'm4-1': 0.7}",1.0499999999999998,113.30000000000004,114.00000000000004,inf,114.794,114.794
610,TT3,BESTEFFORT,CANCELLED,,109.844,"{'m1-1': 2.263, 'm2-1': 1.398, 'm3-1': 4.467, 'm4-1': 0.723}",0.0,inf,inf,inf,115.044,115.044
611,TT1,BESTEFFORT,COMPLETED,m4-1,109.913,"{'m1-1': 2.145, 'm2-1': 1.656, 'm3-1': 5.008, 'm4-1': 0.617}",0.9255,112.68300000000004,113.30000000000004,inf,114.913,114.913
612,TT4,BESTEFFORT,CANCELLED,,110.02,"{'m1-1': 2.124, 'm2-1': 1.405, 'm3-1': 3.838, 'm4-1': 1.008}",0.0,inf,inf,inf,115.02,115.02
613,TT1,BESTEFFORT,MISSED,m4-1,110.397,"{'m1-1': 2.146, 'm2-1': 1.462, 'm3-1': 3.795, 'm4-1': 0.821}",0.0,115.648,inf,115.648,115.397,115.397
614,TT4,BESTEFFORT,MISSED,m1-1,110.402,"{'m1-1': 1.862, 'm2-1': 1.599, 'm3-1': 4.982, 'm4-1': 0.864}",1.2576000000000023,114.616,inf,115.402,115.402,115.402
615,TT2,BESTEFFORT,MISSED,m1-1,110.424,"{'m1-1': 1.881, 'm2-1': 2.095, 'm3-1': 4.304, 'm4-1': 0.985}",0.19519999999999982,115.402,inf,115.524,115.524,115.524
616,TT2,BESTEFFORT,MISSED,m2-1,110.438,"{'m1-1': 1.95, 'm2-1': 2.126, 'm3-1': 4.062, 'm4-1': 0.852}",0.0,116.3,inf,116.3,115.538,115.538
617,TT1,BESTEFFORT,MISSED,m4-1,110.648,"{'m1-1': 2.497, 'm2-1': 1.718, 'm3-1': 4.481, 'm4-1': 0.692}",0.5534999999999357,115.27900000000004,inf,115.648,115.648,115.648
618,TT2,BESTEFFORT,MISSED,m3-1,111.021,"{'m1-1': 1.982, 'm2-1': 1.655, 'm3-1': 3.766, 'm4-1': 0.833}",3.517200000000014,114.16699999999999,inf,116.121,116.121,116.121
619,TT3,BESTEFFORT,COMPLETED,m2-1,111.055,"{'m1-1': 2.294, 'm2-1': 1.711, 'm3-1': 4.728, 'm4-1': 0.983}",5.133,113.279,114.99,inf,116.25500000000001,116.25500000000001
620,TT1,BESTEFFORT,MISSED,m3-1,111.392,"{'m1-1': 1.945, 'm2-1': 1.864, 'm3-1': 3.814, 'm4-1': 0.621}",0.48780000000000145,116.121,inf,116.392,116.392,116.392
621,TT1,BESTEFFORT,COMPLETED,m4-1,111.434,"{'m1-1': 2.591, 'm2-1': 1.842, 'm3-1': 3.624, 'm4-1': 0.615}",0.9225,114.00000000000004,114.61500000000004,inf,116.434,116.434
622,TT4,BESTEFFORT,MISSED,m3-1,111.621,"{'m1-1': 2.083, 'm2-1': 1.861, 'm3-1': 3.633, 'm4-1': 0.824}",0.41219999999999857,116.392,inf,116.621,116.621,116.621
623,TT1,BESTEFFORT,COMPLETED,m4-1,112.425,"{'m1-1': 2.059, 'm2-1': 1.738, 'm3-1': 4.999, 'm4-1': 0.664}",0.996,114.61500000000004,115.27900000000004,inf,117.425,117.425
624,TT3,BESTEFFORT,MISSED,m1-1,112.683,"{'m1-1': 2.253, 'm2-1': 1.725, 'm3-1': 5.526, 'm4-1': 0.718}",0.0,119.783,inf,119.783,117.88300000000001,117.88300000000001
625,TT3,BESTEFFORT,COMPLETED,m2-1,112.8,"{'m1-1': 1.916, 'm2-1': 1.31, 'm3-1': 4.943, 'm4-1': 0.922}",3.93,114.99,116.3,inf,118.0,118.0
626,TT4,BESTEFFORT,COMPLETED,m1-1,113.316,"{'m1-1': 1.854, 'm2-1': 1.54, 'm3-1': 4.995, 'm4-1': 0.853}",2.9664,115.524,117.378,inf,118.316,118.316
627,TT2,BESTEFFORT,CANCELLED,,113.532,"{'m1-1': 2.494, 'm2-1': 1.636, 'm3-1': 3.777, 'm4-1': 0.869}",0.0,inf,inf,inf,118.63199999999999,118.63199999999999
628,TT4,BESTEFFORT,COMPLETED,m2-1,113.775,"{'m1-1': 1.749, 'm2-1': 1.551, 'm3-1': 5.094, 'm4-1': 0.977}",4.653,116.3,117.851,inf,118.775,118.775
629,TT3,BESTEFFORT,COMPLETED,m4-1,113.777,"{'m1-1': 1.955, 'm2-1': 1.617, 'm3-1': 5.081, 'm4-1': 0.971}",1.4565,115.648,116.619,inf,118.977,118.977
630,TT4,BESTEFFORT,MISSED,m3-1,113.871,"{'m1-1': 2.101, 'm2-1': 1.727, 'm3-1': 5.028, 'm4-1': 1.039}",4.05,116.621,inf,118.871,118.871,118.871
631,TT1,BESTEFFORT,MISSED,m3-1,113.957,"{'m1-1': 2.351, 'm2-1': 1.973, 'm3-1': 3.729, 'm4-1': 0.634}",0.0,120.635,inf,120.635,118.957,118.957
632,TT1,BESTEFFORT,MISSED,m3-1,114.232,"{'m1-1': 2.183, 'm2-1': 1.826, 'm3-1': 4.395, 'm4-1': 0.632}",0.0,120.635,inf,120.635,119.232,119.232
633,TT4,BESTEFFORT,MISSED,m1-1,114.704,"{'m1-1': 1.768, 'm2-1': 1.828, 'm3-1': 4.87, 'm4-1': 0.973}",0.0,119.783,inf,119.783,119.704,119.704
634,TT4,BESTEFFORT,COMPLETED,m1-1,114.878,"{'m1-1': 2.405, 'm2-1': 1.402, 'm3-1': 4.828, 'm4-1': 0.978}",3.848,117.378,119.783,inf,119.878,119.878
635,TT1,BESTEFFORT,COMPLETED,m4-1,114.935,"{'m1-1': 2.492, 'm2-1': 1.959, 'm3-1': 4.721, 'm4-1': 0.752}",1.1280000000000001,116.619,117.371,inf,119.935,119.935
636,TT3,BESTEFFORT,MISSED,m2-1,115.198,"{'m1-1': 1.918, 'm2-1': 1.316, 'm3-1': 4.506, 'm4-1': 0.869}",2.3940000000000055,119.6,inf,120.398,120.398,120.398
637,TT2,BESTEFFORT,COMPLETED,m4-1,115.526,"{'m1-1': 2.073, 'm2-1': 1.679, 'm3-1': 4.149, 'm4-1': 0.765}",1.1475,117.371,118.136,inf,120.62599999999999,120.62599999999999
638,TT2,BESTEFFORT,CANCELLED,,115.617,"{'m1-1': 2.38, 'm2-1': 2.06, 'm3-1': 4.995, 'm4-1': 0.758}",0.0,inf,inf,inf,120.717,120.717
639,TT4,BESTEFFORT,COMPLETED,m4-1,115.621,"{'m1-1': 2.312, 'm2-1': 1.347, 'm3-1': 4.981, 'm4-1': 0.826}",1.2389999999999999,118.136,118.96199999999999,inf,120.621,120.621
640,TT1,BESTEFFORT,MISSED,m3-1,115.635,"{'m1-1': 2.19, 'm2-1': 1.565, 'm3-1': 4.76, 'm4-1': 0.841}",3.175200000000018,118.871,inf,120.635,120.635,120.635
641,TT3,BESTEFFORT,CANCELLED,,115.773,"{'m1-1': 2.136, 'm2-1': 1.749, 'm3-1': 5.815, 'm4-1': 0.741}",0.0,inf,inf,inf,120.973,120.973
642,TT3,BESTEFFORT,MISSED,m2-1,115.928,"{'m1-1': 1.991, 'm2-1': 1.306, 'm3-1': 5.147, 'm4-1': 0.766}",2.190000000000012,120.398,inf,121.128,121.128,121.128
643,TT4,BESTEFFORT,MISSED,m3-1,116.024,"{'m1-1': 2.005, 'm2-1': 1.847, 'm3-1': 4.896, 'm4-1': 0.884}",0.0,123.535,inf,123.535,121.024,121.024
644,TT3,BESTEFFORT,COMPLETED,m2-1,116.244,"{'m1-1': 2.381, 'm2-1': 1.749, 'm3-1': 4.263, 'm4-1': 0.817}",5.247,117.851,119.6,inf,121.444,121.444
645,TT1,BESTEFFORT,CANCELLED,,116.317,"{'m1-1': 2.078, 'm2-1': 1.655, 'm3-1': 4.511, 'm4-1': 0.669}",0.0,inf,inf,inf,121.317,121.317
646,TT2,BESTEFFORT,COMPLETED,m4-1,116.486,"{'m1-1': 1.876, 'm2-1': 2.127, 'm3-1': 4.773, 'm4-1': 0.933}",1.3995000000000002,118.96199999999999,119.895,inf,121.586,121.586
647,TT2,BESTEFFORT,MISSED,m1-1,116.654,"{'m1-1': 2.532, 'm2-1': 1.526, 'm3-1': 4.658, 'm4-1': 0.858}",0.0,124.228,inf,124.228,121.75399999999999,121.75399999999999
648,TT3,BESTEFFORT,CANCELLED,,116.711,"{'m1-1': 2.336, 'm2-1': 1.75, 'm3-1': 4.482, 'm4-1': 0.908}",0.0,inf,inf,inf,121.911,121.911
649,TT2,BESTEFFORT,CANCELLED,,116.718,"{'m1-1': 2.632, 'm2-1': 1.758, 'm3-1': 4.433, 'm4-1': 0.85}",0.0,inf,inf,inf,121.818,121.818
650,TT2,BESTEFFORT,CANCELLED,,116.81,"{'m1-1': 2.313, 'm2-1': 1.793, 'm3-1': 5.022, 'm4-1': 0.766}",0.0,inf,inf,inf,121.91,121.91
651,TT3,BESTEFFORT,MISSED,m1-1,116.883,"{'m1-1': 2.406, 'm2-1': 1.495, 'm3-1': 4.93, 'm4-1': 1.013}",3.6799999999999957,119.783,inf,122.083,122.083,122.083
652,TT1,BESTEFFORT,COMPLETED,m4-1,117.057,"{'m1-1': 2.507, 'm2-1': 1.618, 'm3-1': 4.784, 'm4-1': 0.726}",1.089,119.895,120.621,inf,122.057,122.057
653,TT2,BESTEFFORT,MISSED,m3-1,117.227,"{'m1-1': 2.416, 'm2-1': 1.853, 'm3-1': 4.1, 'm4-1': 0.883}",0.0,123.535,inf,123.535,122.327,122.327
654,TT1,BESTEFFORT,MISSED,m4-1,117.269,"{'m1-1': 1.902, 'm2-1': 1.848, 'm3-1': 3.816, 'm4-1': 0.616}",0.0,122.439,inf,122.439,122.269,122.269
655,TT4,BESTEFFORT,CANCELLED,,117.276,"{'m1-1': 1.773, 'm2-1': 1.636, 'm3-1': 4.331, 'm4-1': 1.04}",0.0,inf,inf,inf,122.276,122.276
656,TT2,BESTEFFORT,MISSED,m3-1,117.517,"{'m1-1': 1.993, 'm2-1': 1.919, 'm3-1': 4.586, 'm4-1': 0.843}",0.0,123.535,inf,123.535,122.61699999999999,122.61699999999999
657,TT3,BESTEFFORT,COMPLETED,m2-1,117.643,"{'m1-1': 2.334, 'm2-1': 1.485, 'm3-1': 5.502, 'm4-1': 0.987}",4.455,121.128,122.613,inf,122.843,122.843
658,TT1,BESTEFFORT,MISSED,m2-1,117.687,"{'m1-1': 1.883, 'm2-1': 1.87, 'm3-1': 3.734, 'm4-1': 0.786}",0.0,123.62100000000001,inf,123.62100000000001,122.687,122.687
659,TT2,BESTEFFORT,CANCELLED,,117.701,"{'m1-1': 2.141, 'm2-1': 1.992, 'm3-1': 3.75, 'm4-1': 0.944}",0.0,inf,inf,inf,122.80099999999999,122.80099999999999
660,TT3,BESTEFFORT,MISSED,m1-1,117.821,"{'m1-1': 2.104, 'm2-1': 1.794, 'm3-1': 5.825, 'm4-1': 0.945}",0.0,124.228,inf,124.228,123.021,123.021
661,TT3,BESTEFFORT,COMPLETED,m4-1,118.027,"{'m1-1': 2.365, 'm2-1': 1.493, 'm3-1': 4.637, 'm4-1': 0.984}",1.476,120.621,121.60499999999999,inf,123.227,123.227
662,TT3,BESTEFFORT,MISSED,m2-1,118.421,"{'m1-1': 2.397, 'm2-1': 1.347, 'm3-1': 4.84, 'm4-1': 0.914}",3.0240000000000293,122.613,inf,123.62100000000001,123.62100000000001,123.62100000000001
663,TT4,BESTEFFORT,MISSED,m3-1,118.535,"{'m1-1': 2.194, 'm2-1': 1.625, 'm3-1': 4.757, 'm4-1': 0.883}",5.219999999999985,120.635,inf,123.535,123.535,123.535
664,TT3,BESTEFFORT,MISSED,m1-1,118.775,"{'m1-1': 2.103, 'm2-1': 1.384, 'm3-1': 5.751, 'm4-1': 0.761}",0.0,124.228,inf,124.228,123.97500000000001,123.97500000000001
665,TT3,BESTEFFORT,COMPLETED,m4-1,118.916,"{'m1-1': 2.025, 'm2-1': 1.295, 'm3-1': 5.649, 'm4-1': 0.834}",1.251,121.60499999999999,122.439,inf,124.116,124.116
666,TT2,BESTEFFORT,CANCELLED,,118.947,"{'m1-1': 2.642, 'm2-1': 1.825, 'm3-1': 4.727, 'm4-1': 0.956}",0.0,inf,inf,inf,124.047,124.047
667,TT2,BESTEFFORT,CANCELLED,,119.272,"{'m1-1': 2.132, 'm2-1': 1.747, 'm3-1': 5.035, 'm4-1': 0.863}",0.0,inf,inf,inf,124.372,124.372
668,TT1,BESTEFFORT,COMPLETED,m1-1,119.358,"{'m1-1': 2.145, 'm2-1': 1.98, 'm3-1': 4.954, 'm4-1': 0.854}",3.4320000000000004,122.083,124.228,inf,124.358,124.358
669,TT1,BESTEFFORT,COMPLETED,m4-1,120.207,"{'m1-1': 1.946, 'm2-1': 1.593, 'm3-1': 4.719, 'm4-1': 0.829}",1.2435,122.439,123.26799999999999,inf,125.207,125.207
670,TT1,BESTEFFORT,COMPLETED,m4-1,120.813,"{'m1-1': 2.069, 'm2-1': 1.522, 'm3-1': 3.633, 'm4-1': 0.739}",1.1085,124.17699999999999,124.916,inf,125.813,125.813
671,TT3,BESTEFFORT,COMPLETED,m4-1,120.871,"{'m1-1': 1.863, 'm2-1': 1.541, 'm3-1': 4.416, 'm4-1': 0.909}",1.3635000000000002,123.26799999999999,124.17699999999999,inf,126.071,126.071
672,TT4,BESTEFFORT,COMPLETED,m2-1,120.961,"{'m1-1': 1.769, 'm2-1': 1.713, 'm3-1': 5.068, 'm4-1': 1.05}",5.139,123.62100000000001,125.334,inf,125.961,125.961
673,TT3,BESTEFFORT,MISSED,m2-1,121.265,"{'m1-1': 2.163, 'm2-1': 1.65, 'm3-1': 5.397, 'm4-1': 0.852}",0.0,127.968,inf,127.968,126.465,126.465
674,TT4,BESTEFFORT,MISSED,m3-1,121.553,"{'m1-1': 2.304, 'm2-1': 1.707, 'm3-1': 4.188, 'm4-1': 0.926}",0.0,127.972,inf,127.972,126.553,126.553
675,TT3,BESTEFFORT,CANCELLED,,121.927,"{'m1-1': 2.322, 'm2-1': 1.557, 'm3-1': 4.508, 'm4-1': 0.961}",0.0,inf,inf,inf,127.12700000000001,127.12700000000001
676,TT1,BESTEFFORT,CANCELLED,,122.12,"{'m1-1': 2.017, 'm2-1': 1.931, 'm3-1': 4.784, 'm4-1': 0.667}",0.0,inf,inf,inf,127.12,127.12
677,TT2,BESTEFFORT,COMPLETED,m4-1,122.177,"{'m1-1': 2.509, 'm2-1': 1.807, 'm3-1': 4.902, 'm4-1': 0.916}",1.374,124.916,125.832,inf,127.277,127.277
678,TT3,BESTEFFORT,COMPLETED,m2-1,122.58,"{'m1-1': 2.323, 'm2-1': 1.767, 'm3-1': 4.428, 'm4-1': 0.772}",5.301,125.334,127.101,inf,127.78,127.78
679,TT1,BESTEFFORT,MISSED,m3-1,122.597,"{'m1-1': 2.173, 'm2-1': 1.603, 'm3-1': 4.231, 'm4-1': 0.765}",7.311599999999996,123.535,inf,127.597,127.597,127.597
680,TT1,BESTEFFORT,COMPLETED,m4-1,122.625,"{'m1-1': 2.478, 'm2-1': 1.691, 'm3-1': 4.955, 'm4-1': 0.626}",0.9390000000000001,125.832,126.458,inf,127.625,127.625
681,TT2,BESTEFFORT,MISSED,m1-1,122.84,"{'m1-1': 1.88, 'm2-1': 1.982, 'm3-1': 4.338, 'm4-1': 0.938}",0.0,128.798,inf,128.798,127.94,127.94
682,TT3,BESTEFFORT,MISSED,m1-1,122.901,"{'m1-1': 1.946, 'm2-1': 1.544, 'm3-1': 5.126, 'm4-1': 0.795}",0.0,128.798,inf,128.798,128.101,128.101
683,TT1,BESTEFFORT,MISSED,m2-1,122.968,"{'m1-1': 2.309, 'm2-1': 1.668, 'm3-1': 4.411, 'm4-1': 0.696}",2.6010000000000133,127.101,inf,127.968,127.968,127.968
684,TT1,BESTEFFORT,MISSED,m3-1,122.972,"{'m1-1': 1.951, 'm2-1': 1.519, 'm3-1': 3.773, 'm4-1': 0.845}",0.675,127.597,inf,127.972,127.972,127.972
685,TT1,BESTEFFORT,MISSED,m3-1,123.091,"{'m1-1': 2.319, 'm2-1': 1.821, 'm3-1': 3.937, 'm4-1': 0.822}",0.21420000000002518,127.972,inf,128.091,128.091,128.091
686,TT4,BESTEFFORT,CANCELLED,,123.434,"{'m1-1': 2.261, 'm2-1': 1.652, 'm3-1': 4.976, 'm4-1': 0.965}",0.0,inf,inf,inf,128.434,128.434
687,TT2,BESTEFFORT,COMPLETED,m4-1,123.676,"{'m1-1': 1.878, 'm2-1': 1.61, 'm3-1': 4.642, 'm4-1': 0.94}",1.41,126.458,127.398,inf,128.776,128.776
688,TT2,BESTEFFORT,MISSED,m1-1,123.698,"{'m1-1': 2.505, 'm2-1': 2.069, 'm3-1': 5.01, 'm4-1': 0.843}",3.625600000000009,126.532,inf,128.798,128.798,128.798
689,TT4,BESTEFFORT,MISSED,m3-1,123.698,"{'m1-1': 2.385, 'm2-1': 1.617, 'm3-1': 3.641, 'm4-1': 0.843}",1.0925999999999476,128.091,inf,128.69799999999998,128.69799999999998,128.69799999999998
690,TT4,BESTEFFORT,COMPLETED,m1-1,124.101,"{'m1-1': 2.304, 'm2-1': 1.676, 'm3-1': 4.743, 'm4-1': 1.023}",3.6864,124.228,126.532,inf,129.101,129.101
691,TT1,BESTEFFORT,MISSED,m2-1,124.144,"{'m1-1': 2.252, 'm2-1': 1.61, 'm3-1': 4.405, 'm4-1': 0.658}",3.528000000000006,127.968,inf,129.144,129.144,129.144
692,TT1,BESTEFFORT,COMPLETED,m4-1,124.341,"{'m1-1': 2.219, 'm2-1': 1.542, 'm3-1': 4.456, 'm4-1': 0.659}",0.9885,128.058,128.71699999999998,inf,129.341,129.341
693,TT3,BESTEFFORT,COMPLETED,m4-1,124.73,"{'m1-1': 1.995, 'm2-1': 1.53, 'm3-1': 5.909, 'm4-1': 0.774}",1.161,128.71699999999998,129.49099999999999,inf,129.93,129.93
694,TT1,BESTEFFORT,COMPLETED,m4-1,124.772,"{'m1-1': 2.491, 'm2-1': 1.86, 'm3-1': 4.584, 'm4-1': 0.66}",0.99,127.398,128.058,inf,129.772,129.772
695,TT4,BESTEFFORT,MISSED,m3-1,124.908,"{'m1-1': 2.312, 'm2-1': 1.764, 'm3-1': 3.801, 'm4-1': 1.054}",0.0,130.227,inf,130.227,129.90800000000002,129.90800000000002
696,TT2,BESTEFFORT,MISSED,m3-1,125.127,"{'m1-1': 2.501, 'm2-1': 1.972, 'm3-1': 3.799, 'm4-1': 0.876}",2.7522000000000446,128.69799999999998,inf,130.227,130.227,130.227
697,TT4,BESTEFFORT,MISSED,m3-1,125.496,"{'m1-1': 2.4, 'm2-1': 1.849, 'm3-1': 5.018, 'm4-1': 1.024}",0.48419999999995866,130.227,inf,130.49599999999998,130.49599999999998,130.49599999999998
698,TT4,BESTEFFORT,MISSED,m1-1,125.787,"{'m1-1': 2.254, 'm2-1': 1.864, 'm3-1': 3.818, 'm4-1': 0.769}",0.0,132.749,inf,132.749,130.787,130.787
699,TT4,BESTEFFORT,COMPLETED,m1-1,125.889,"{'m1-1': 2.089, 'm2-1': 1.423, 'm3-1': 4.234, 'm4-1': 0.993}",3.3424,128.798,130.887,inf,130.889,130.889
700,TT4,BESTEFFORT,MISSED,m3-1,126.517,"{'m1-1': 1.801, 'm2-1': 1.786, 'm3-1': 4.825, 'm4-1': 0.998}",1.837800000000027,130.49599999999998,inf,131.517,131.517,131.517
701,TT2,BESTEFFORT,COMPLETED,m2-1,126.77,"{'m1-1': 2.296, 'm2-1': 1.674, 'm3-1': 5.035, 'm4-1': 0.844}",5.022,129.144,130.818,inf,131.87,131.87
702,TT1,BESTEFFORT,COMPLETED,m4-1,127.013,"{'m1-1': 2.143, 'm2-1': 1.968, 'm3-1': 4.596, 'm4-1': 0.642}",0.9630000000000001,129.49099999999999,130.13299999999998,inf,132.013,132.013
703,TT1,BESTEFFORT,COMPLETED,m4-1,127.221,"{'m1-1': 1.854, 'm2-1': 1.709, 'm3-1': 3.848, 'm4-1': 0.649}",0.9735,130.13299999999998,130.78199999999998,inf,132.221,132.221
704,TT2,BESTEFFORT,MISSED,m1-1,127.381,"{'m1-1': 2.001, 'm2-1': 1.802, 'm3-1': 4.929, 'm4-1': 0.969}",0.0,132.749,inf,132.749,132.481,132.481
705,TT4,BESTEFFORT,MISSED,m2-1,127.542,"{'m1-1': 1.975, 'm2-1': 1.643, 'm3-1': 4.817, 'm4-1': 0.981}",0.9359999999999502,132.23000000000002,inf,132.542,132.542,132.542
706,TT4,BESTEFFORT,COMPLETED,m2-1,127.565,"{'m1-1': 2.171, 'm2-1': 1.412, 'm3-1': 3.693, 'm4-1': 0.774}",4.236,130.818,132.23000000000002,inf,132.565,132.565
707,TT2,BESTEFFORT,CANCELLED,,127.685,"{'m1-1': 2.094, 'm2-1': 1.585, 'm3-1': 4.521, 'm4-1': 0.954}",0.0,inf,inf,inf,132.785,132.785
708,TT3,BESTEFFORT,COMPLETED,m4-1,128.117,"{'m1-1': 2.286, 'm2-1': 1.449, 'm3-1': 5.477, 'm4-1': 1.004}",1.506,131.63199999999998,132.63599999999997,inf,133.31699999999998,133.31699999999998
709,TT2,BESTEFFORT,CANCELLED,,128.209,"{'m1-1': 2.394, 'm2-1': 2.119, 'm3-1': 5.085, 'm4-1': 0.817}",0.0,inf,inf,inf,133.309,133.309
710,TT3,BESTEFFORT,COMPLETED,m4-1,128.307,"{'m1-1': 2.194, 'm2-1': 1.779, 'm3-1': 4.424, 'm4-1': 0.85}",1.275,130.78199999999998,131.63199999999998,inf,133.50699999999998,133.50699999999998
711,TT3,BESTEFFORT,COMPLETED,m1-1,128.406,"{'m1-1': 1.862, 'm2-1': 1.721, 'm3-1': 4.542, 'm4-1': 0.847}",2.9792000000000005,130.887,132.749,inf,133.606,133.606
712,TT3,BESTEFFORT,MISSED,m2-1,128.55,"{'m1-1': 1.884, 'm2-1': 1.369, 'm3-1': 4.73, 'm4-1': 0.729}",3.6239999999999952,132.542,inf,133.75,133.75,133.75
713,TT2,BESTEFFORT,MISSED,m3-1,129.129,"{'m1-1': 2.172, 'm2-1': 2.064, 'm3-1': 4.466, 'm4-1': 0.895}",4.88159999999998,131.517,inf,134.22899999999998,134.22899999999998,134.22899999999998
714,TT2,BESTEFFORT,CANCELLED,,129.244,"{'m1-1': 2.631, 'm2-1': 1.628, 'm3-1': 4.797, 'm4-1': 0.815}",0.0,inf,inf,inf,134.344,134.344
715,TT3,BESTEFFORT,MISSED,m3-1,129.261,"{'m1-1': 2.176, 'm2-1': 1.697, 'm3-1': 5.133, 'm4-1': 0.826}",0.0,134.708,inf,134.708,134.46099999999998,134.46099999999998
716,TT1,BESTEFFORT,MISSED,m3-1,129.708,"{'m1-1': 2.453, 'm2-1': 1.714, 'm3-1': 4.506, 'm4-1': 0.64}",0.8622000000000242,134.22899999999998,inf,134.708,134.708,134.708
717,TT1,BESTEFFORT,COMPLETED,m4-1,129.751,"{'m1-1': 2.145, 'm2-1': 1.987, 'm3-1': 4.076, 'm4-1': 0.788}",1.182,132.63599999999997,133.42399999999998,inf,134.751,134.751
718,TT3,BESTEFFORT,CANCELLED,,129.806,"{'m1-1': 2.412, 'm2-1': 1.489, 'm3-1': 5.081, 'm4-1': 0.887}",0.0,inf,inf,inf,135.006,135.006
719,TT3,BESTEFFORT,COMPLETED,m1-1,129.937,"{'m1-1': 2.194, 'm2-1': 1.269, 'm3-1': 5.436, 'm4-1': 0.752}",3.5104,132.749,134.94299999999998,inf,135.137,135.137
720,TT1,BESTEFFORT,COMPLETED,m4-1,130.474,"{'m1-1': 2.207, 'm2-1': 1.784, 'm3-1': 3.866, 'm4-1': 0.765}",1.1475,133.42399999999998,134.18899999999996,inf,135.474,135.474
721,TT1,BESTEFFORT,COMPLETED,m4-1,130.574,"{'m1-1': 2.314, 'm2-1': 1.685, 'm3-1': 4.075, 'm4-1': 0.647}",0.9705,134.18899999999996,134.83599999999996,inf,135.574,135.574
722,TT4,BESTEFFORT,COMPLETED,m2-1,130.696,"{'m1-1': 2.368, 'm2-1': 1.837, 'm3-1': 5.029, 'm4-1': 1.053}",5.511,133.75,135.587,inf,135.696,135.696
723,TT2,BESTEFFORT,CANCELLED,,130.724,"{'m1-1': 2.059, 'm2-1': 2.105, 'm3-1': 4.1, 'm4-1': 0.823}",0.0,inf,inf,inf,135.82399999999998,135.82399999999998
724,TT3,BESTEFFORT,MISSED,m1-1,130.74,"{'m1-1': 2.182, 'm2-1': 1.429, 'm3-1': 4.471, 'm4-1': 0.813}",0.0,137.00799999999998,inf,137.00799999999998,135.94,135.94
725,TT4,BESTEFFORT,CANCELLED,,130.861,"{'m1-1': 2.119, 'm2-1': 1.799, 'm3-1': 3.965, 'm4-1': 0.8}",0.0,inf,inf,inf,135.861,135.861
726,TT1,BESTEFFORT,MISSED,m1-1,131.0,"{'m1-1': 2.569, 'm2-1': 1.866, 'm3-1': 4.172, 'm4-1': 0.658}",0.0,137.00799999999998,inf,137.00799999999998,136.0,136.0
727,TT4,BESTEFFORT,CANCELLED,,131.153,"{'m1-1': 2.146, 'm2-1': 1.893, 'm3-1': 4.59, 'm4-1': 0.926}",0.0,inf,inf,inf,136.153,136.153
728,TT1,BESTEFFORT,MISSED,m3-1,131.176,"{'m1-1': 2.414, 'm2-1': 1.978, 'm3-1': 4.901, 'm4-1': 0.627}",2.6423999999999808,134.708,inf,136.176,136.176,136.176
729,TT2,BESTEFFORT,COMPLETED,m4-1,131.582,"{'m1-1': 2.136, 'm2-1': 1.973, 'm3-1': 4.902, 'm4-1': 0.954}",1.431,135.67499999999995,136.62899999999996,inf,136.682,136.682
730,TT3,BESTEFFORT,MISSED,m2-1,131.655,"{'m1-1': 2.219, 'm2-1': 1.422, 'm3-1': 5.642, 'm4-1': 0.862}",0.0,136.96099999999998,inf,136.96099999999998,136.855,136.855
731,TT1,BESTEFFORT,MISSED,m3-1,131.781,"{'m1-1': 2.52, 'm2-1': 1.494, 'm3-1': 4.484, 'm4-1': 0.799}",1.0890000000000328,136.176,inf,136.781,136.781,136.781
732,TT3,BESTEFFORT,COMPLETED,m2-1,131.866,"{'m1-1': 1.875, 'm2-1': 1.374, 'm3-1': 4.561, 'm4-1': 0.793}",4.122,135.587,136.96099999999998,inf,137.066,137.066
733,TT4,BESTEFFORT,CANCELLED,,131.89,"{'m1-1': 2.444, 'm2-1': 1.629, 'm3-1': 4.17, 'm4-1': 0.846}",0.0,inf,inf,inf,136.89,136.89
734,TT1,BESTEFFORT,COMPLETED,m4-1,132.062,"{'m1-1': 2.34, 'm2-1': 1.741, 'm3-1': 4.042, 'm4-1': 0.839}",1.2585,134.83599999999996,135.67499999999995,inf,137.062,137.062
735,TT4,BESTEFFORT,COMPLETED,m1-1,132.242,"{'m1-1': 2.065, 'm2-1': 1.366, 'm3-1': 4.96, 'm4-1': 0.927}",3.3040000000000003,134.94299999999998,137.00799999999998,inf,137.242,137.242
736,TT3,BESTEFFORT,CANCELLED,,132.857,"{'m1-1': 2.333, 'm2-1': 1.658, 'm3-1': 5.423, 'm4-1': 0.769}",0.0,inf,inf,inf,138.057,138.057
737,TT3,BESTEFFORT,MISSED,m2-1,132.89,"{'m1-1': 2.064, 'm2-1': 1.352, 'm3-1': 4.947, 'm4-1': 0.784}",3.386999999999972,136.96099999999998,inf,138.08999999999997,138.08999999999997,138.08999999999997
738,TT2,BESTEFFORT,CANCELLED,,132.99,"{'m1-1': 2.582, 'm2-1': 1.606, 'm3-1': 4.238, 'm4-1': 0.885}",0.0,inf,inf,inf,138.09,138.09
739,TT3,BESTEFFORT,MISSED,m1-1,133.385,"{'m1-1': 1.874, 'm2-1': 1.467, 'm3-1': 5.702, 'm4-1': 0.84}",2.5231999999999974,137.00799999999998,inf,138.58499999999998,138.58499999999998,138.58499999999998
740,TT1,BESTEFFORT,COMPLETED,m4-1,133.653,"{'m1-1': 2.248, 'm2-1': 1.733, 'm3-1': 3.674, 'm4-1': 0.736}",1.104,137.47599999999997,138.21199999999996,inf,138.653,138.653
741,TT3,BESTEFFORT,COMPLETED,m4-1,133.747,"{'m1-1': 2.285, 'm2-1': 1.748, 'm3-1': 4.671, 'm4-1': 0.847}",1.2705,136.62899999999996,137.47599999999997,inf,138.947,138.947
742,TT1,BESTEFFORT,CANCELLED,,133.792,"{'m1-1': 1.925, 'm2-1': 1.969, 'm3-1': 4.26, 'm4-1': 0.773}",0.0,inf,inf,inf,138.792,138.792
743,TT1,BESTEFFORT,MISSED,m3-1,133.935,"{'m1-1': 2.358, 'm2-1': 1.609, 'm3-1': 4.936, 'm4-1': 0.751}",3.8771999999999935,136.781,inf,138.935,138.935,138.935
744,TT1,BESTEFFORT,MISSED,m3-1,134.175,"{'m1-1': 2.017, 'm2-1': 1.898, 'm3-1': 4.969, 'm4-1': 0.834}",0.43200000000001637,138.935,inf,139.175,139.175,139.175
745,TT3,BESTEFFORT,COMPLETED,m2-1,134.906,"{'m1-1': 2.408, 'm2-1': 1.514, 'm3-1': 5.954, 'm4-1': 0.751}",4.542,138.08999999999997,139.60399999999998,inf,140.106,140.106
746,TT2,BESTEFFORT,CANCELLED,,135.175,"{'m1-1': 2.599, 'm2-1': 1.764, 'm3-1': 4.177, 'm4-1': 0.748}",0.0,inf,inf,inf,140.275,140.275
747,TT3,BESTEFFORT,MISSED,m2-1,135.374,"{'m1-1': 2.102, 'm2-1': 1.487, 'm3-1': 5.217, 'm4-1': 0.815}",0.0,140.86999999999998,inf,140.86999999999998,140.57399999999998,140.57399999999998
748,TT1,BESTEFFORT,COMPLETED,m4-1,135.403,"{'m1-1': 1.856, 'm2-1': 1.711, 'm3-1': 4.72, 'm4-1': 0.664}",0.996,138.21199999999996,138.87599999999995,inf,140.403,140.403
749,TT1,BESTEFFORT,COMPLETED,m4-1,135.475,"{'m1-1': 2.064, 'm2-1': 1.812, 'm3-1': 3.608, 'm4-1': 0.703}",1.0545,139.50699999999995,140.20999999999995,inf,140.475,140.475
750,TT4,BESTEFFORT,MISSED,m1-1,135.521,"{'m1-1': 2.309, 'm2-1': 1.366, 'm3-1': 5.104, 'm4-1': 0.817}",0.0,141.784,inf,141.784,140.521,140.521
751,TT1,BESTEFFORT,MISSED,m3-1,135.788,"{'m1-1': 2.44, 'm2-1': 1.631, 'm3-1': 4.046, 'm4-1': 0.821}",2.903399999999999,139.175,inf,140.788,140.788,140.788
752,TT1,BESTEFFORT,COMPLETED,m4-1,135.911,"{'m1-1': 2.296, 'm2-1': 1.453, 'm3-1': 4.563, 'm4-1': 0.631}",0.9465,138.87599999999995,139.50699999999995,inf,140.911,140.911
753,TT2,BESTEFFORT,CANCELLED,,136.018,"{'m1-1': 2.298, 'm2-1': 1.59, 'm3-1': 4.122, 'm4-1': 0.743}",0.0,inf,inf,inf,141.118,141.118
754,TT3,BESTEFFORT,CANCELLED,,136.155,"{'m1-1': 1.923, 'm2-1': 1.748, 'm3-1': 5.112, 'm4-1': 0.907}",0.0,inf,inf,inf,141.355,141.355
755,TT4,BESTEFFORT,MISSED,m2-1,136.292,"{'m1-1': 2.247, 'm2-1': 1.648, 'm3-1': 3.937, 'm4-1': 1.067}",1.2660000000000764,140.86999999999998,inf,141.292,141.292,141.292
756,TT1,BESTEFFORT,COMPLETED,m1-1,136.493,"{'m1-1': 1.902, 'm2-1': 1.921, 'm3-1': 4.784, 'm4-1': 0.839}",3.0432,138.58499999999998,140.48699999999997,inf,141.493,141.493
757,TT2,BESTEFFORT,MISSED,m3-1,136.552,"{'m1-1': 2.325, 'm2-1': 1.894, 'm3-1': 4.014, 'm4-1': 0.921}",1.5551999999999566,140.788,inf,141.652,141.652,141.652
758,TT3,BESTEFFORT,COMPLETED,m2-1,136.755,"{'m1-1': 2.155, 'm2-1': 1.266, 'm3-1': 4.805, 'm4-1': 1.004}",3.798,139.60399999999998,140.86999999999998,inf,141.95499999999998,141.95499999999998
759,TT1,BESTEFFORT,MISSED,m1-1,136.784,"{'m1-1': 2.608, 'm2-1': 1.837, 'm3-1': 4.108, 'm4-1': 0.738}",2.075200000000041,140.48699999999997,inf,141.784,141.784,141.784
760,TT2,BESTEFFORT,CANCELLED,,136.788,"{'m1-1': 2.499, 'm2-1': 1.633, 'm3-1': 5.043, 'm4-1': 0.725}",0.0,inf,inf,inf,141.888,141.888
761,TT3,BESTEFFORT,MISSED,m2-1,136.856,"{'m1-1': 2.108, 'm2-1': 1.729, 'm3-1': 4.214, 'm4-1': 0.809}",0.02099999999992974,142.049,inf,142.05599999999998,142.05599999999998,142.05599999999998
762,TT4,BESTEFFORT,MISSED,m3-1,136.861,"{'m1-1': 2.038, 'm2-1': 1.833, 'm3-1': 4.997, 'm4-1': 0.917}",0.0,143.293,inf,143.293,141.861,141.861
763,TT3,BESTEFFORT,MISSED,m2-1,137.008,"{'m1-1': 2.219, 'm2-1': 1.42, 'm3-1': 5.229, 'm4-1': 0.732}",0.4560000000000457,142.05599999999998,inf,142.208,142.208,142.208
764,TT1,BESTEFFORT,MISSED,m2-1,137.049,"{'m1-1': 2.12, 'm2-1': 1.9, 'm3-1': 3.964, 'm4-1': 0.738}",2.271000000000015,141.292,inf,142.049,142.049,142.049
765,TT3,BESTEFFORT,MISSED,m1-1,137.074,"{'m1-1': 2.12, 'm2-1': 1.36, 'm3-1': 5.486, 'm4-1': 0.729}",0.0,143.738,inf,143.738,142.274,142.274
766,TT2,BESTEFFORT,MISSED,m2-1,137.147,"{'m1-1': 2.099, 'm2-1': 1.77, 'm3-1': 5.124, 'm4-1': 0.745}",0.0,146.579,inf,146.579,142.24699999999999,142.24699999999999
767,TT2,BESTEFFORT,CANCELLED,,137.316,"{'m1-1': 2.433, 'm2-1': 1.843, 'm3-1': 4.545, 'm4-1': 0.833}",0.0,inf,inf,inf,142.416,142.416
768,TT1,BESTEFFORT,MISSED,m3-1,137.876,"{'m1-1': 2.324, 'm2-1': 1.671, 'm3-1': 4.182, 'm4-1': 0.798}",0.0,144.323,inf,144.323,142.876,142.876
769,TT2,BESTEFFORT,MISSED,m4-1,137.996,"{'m1-1': 2.625, 'm2-1': 1.743, 'm3-1': 3.68, 'm4-1': 0.825}",0.9930000000000518,142.43399999999997,inf,143.096,143.096,143.096
770,TT3,BESTEFFORT,MISSED,m4-1,138.044,"{'m1-1': 2.26, 'm2-1': 1.347, 'm3-1': 4.297, 'm4-1': 0.968}",0.2219999999999942,143.096,inf,143.244,143.244,143.244
771,TT3,BESTEFFORT,MISSED,m1-1,138.154,"{'m1-1': 2.182, 'm2-1': 1.378, 'm3-1': 5.522, 'm4-1': 0.729}",0.0,143.738,inf,143.738,143.35399999999998,143.35399999999998
772,TT1,BESTEFFORT,COMPLETED,m4-1,138.192,"{'m1-1': 1.948, 'm2-1': 1.567, 'm3-1': 3.877, 'm4-1': 0.848}",1.272,141.58599999999996,142.43399999999997,inf,143.192,143.192
773,TT1,BESTEFFORT,COMPLETED,m4-1,138.205,"{'m1-1': 2.358, 'm2-1': 1.88, 'm3-1': 4.836, 'm4-1': 0.758}",1.137,140.20999999999995,140.96799999999996,inf,143.205,143.205
774,TT1,BESTEFFORT,MISSED,m3-1,138.293,"{'m1-1': 2.38, 'm2-1': 1.465, 'm3-1': 4.196, 'm4-1': 0.646}",2.9538000000000353,141.652,inf,143.293,143.293,143.293
775,TT1,BESTEFFORT,COMPLETED,m4-1,138.295,"{'m1-1': 2.48, 'm2-1': 1.406, 'm3-1': 4.287, 'm4-1': 0.618}",0.927,140.96799999999996,141.58599999999996,inf,143.295,143.295
776,TT3,BESTEFFORT,MISSED,m1-1,138.538,"{'m1-1': 2.319, 'm2-1': 1.539, 'm3-1': 5.486, 'm4-1': 0.94}",3.1264000000000127,141.784,inf,143.738,143.738,143.738
777,TT2,BESTEFFORT,MISSED,m4-1,139.086,"{'m1-1': 2.384, 'm2-1': 1.866, 'm3-1': 4.266, 'm4-1': 0.831}",0.0,146.72,inf,146.72,144.186,144.186
778,TT3,BESTEFFORT,CANCELLED,,139.11,"{'m1-1': 1.884, 'm2-1': 1.764, 'm3-1': 5.488, 'm4-1': 0.729}",0.0,inf,inf,inf,144.31,144.31
779,TT4,BESTEFFORT,MISSED,m3-1,139.323,"{'m1-1': 1.907, 'm2-1': 1.709, 'm3-1': 3.781, 'm4-1': 1.021}",1.854000000000002,143.293,inf,144.323,144.323,144.323
780,TT2,BESTEFFORT,COMPLETED,m4-1,139.434,"{'m1-1': 1.889, 'm2-1': 1.836, 'm3-1': 3.637, 'm4-1': 0.934}",1.401,143.244,144.178,inf,144.534,144.534
781,TT2,BESTEFFORT,CANCELLED,,139.506,"{'m1-1': 2.183, 'm2-1': 1.933, 'm3-1': 4.031, 'm4-1': 0.797}",0.0,inf,inf,inf,144.606,144.606
782,TT3,BESTEFFORT,MISSED,m2-1,139.8,"{'m1-1': 2.271, 'm2-1': 1.345, 'm3-1': 4.891, 'm4-1': 0.797}",3.438000000000045,143.85399999999998,inf,145.0,145.0,145.0
783,TT2,BESTEFFORT,CANCELLED,,139.977,"{'m1-1': 2.622, 'm2-1': 1.777, 'm3-1': 4.972, 'm4-1': 0.913}",0.0,inf,inf,inf,145.077,145.077
784,TT4,BESTEFFORT,MISSED,m3-1,140.644,"{'m1-1': 2.083, 'm2-1': 1.591, 'm3-1': 4.914, 'm4-1': 0.828}",0.0,148.22799999999998,inf,148.22799999999998,145.644,145.644
785,TT2,BESTEFFORT,CANCELLED,,141.023,"{'m1-1': 2.071, 'm2-1': 1.681, 'm3-1': 3.743, 'm4-1': 0.87}",0.0,inf,inf,inf,146.123,146.123
786,TT3,BESTEFFORT,COMPLETED,m2-1,141.227,"{'m1-1': 1.991, 'm2-1': 1.646, 'm3-1': 4.956, 'm4-1': 0.945}",4.938,142.208,143.85399999999998,inf,146.427,146.427
787,TT4,BESTEFFORT,CANCELLED,,141.332,"{'m1-1': 2.018, 'm2-1': 1.711, 'm3-1': 3.707, 'm4-1': 0.917}",0.0,inf,inf,inf,146.332,146.332
788,TT2,BESTEFFORT,MISSED,m4-1,141.399,"{'m1-1': 2.055, 'm2-1': 1.864, 'm3-1': 3.624, 'm4-1': 0.803}",0.0,147.444,inf,147.444,146.499,146.499
789,TT3,BESTEFFORT,COMPLETED,m1-1,141.595,"{'m1-1': 2.192, 'm2-1': 1.725, 'm3-1': 4.671, 'm4-1': 0.752}",3.5072000000000005,143.738,145.93,inf,146.795,146.795
790,TT4,BESTEFFORT,COMPLETED,m2-1,141.621,"{'m1-1': 2.237, 'm2-1': 1.579, 'm3-1': 4.043, 'm4-1': 1.024}",4.737,145.0,146.579,inf,146.621,146.621
791,TT1,BESTEFFORT,MISSED,m1-1,141.748,"{'m1-1': 2.108, 'm2-1': 1.543, 'm3-1': 3.845, 'm4-1': 0.718}",0.0,146.982,inf,146.982,146.748,146.748
792,TT4,BESTEFFORT,MISSED,m1-1,141.982,"{'m1-1': 1.767, 'm2-1': 1.865, 'm3-1': 4.046, 'm4-1': 1.067}",1.683199999999988,145.93,inf,146.982,146.982,146.982
793,TT1,BESTEFFORT,MISSED,m3-1,142.056,"{'m1-1': 2.238, 'm2-1': 1.71, 'm3-1': 4.386, 'm4-1': 0.755}",4.9194000000000075,144.323,inf,147.056,147.056,147.056
794,TT2,BESTEFFORT,MISSED,m3-1,142.211,"{'m1-1': 1.866, 'm2-1': 1.984, 'm3-1': 5.112, 'm4-1': 0.951}",0.0,148.22799999999998,inf,148.22799999999998,147.311,147.311
795,TT3,BESTEFFORT,COMPLETED,m4-1,142.259,"{'m1-1': 2.017, 'm2-1': 1.496, 'm3-1': 5.095, 'm4-1': 1.007}",1.5105,144.951,145.958,inf,147.45899999999997,147.45899999999997
796,TT1,BESTEFFORT,COMPLETED,m4-1,142.286,"{'m1-1': 2.029, 'm2-1': 1.496, 'm3-1': 3.991, 'm4-1': 0.773}",1.1595,144.178,144.951,inf,147.286,147.286
797,TT4,BESTEFFORT,COMPLETED,m4-1,142.687,"{'m1-1': 2.142, 'm2-1': 1.545, 'm3-1': 3.825, 'm4-1': 0.762}",1.143,145.958,146.72,inf,147.687,147.687
798,TT4,BESTEFFORT,MISSED,m3-1,142.829,"{'m1-1': 2.421, 'm2-1': 1.807, 'm3-1': 4.989, 'm4-1': 0.929}",0.0,148.22799999999998,inf,148.22799999999998,147.829,147.829
799,TT4,BESTEFFORT,MISSED,m1-1,142.862,"{'m1-1': 2.19, 'm2-1': 1.822, 'm3-1': 5.023, 'm4-1': 0.798}",1.4079999999999928,146.982,inf,147.862,147.862,147.862
800,TT2,BESTEFFORT,MISSED,m3-1,143.128,"{'m1-1': 1.97, 'm2-1': 1.57, 'm3-1': 3.683, 'm4-1': 0.893}",2.1095999999999435,147.056,inf,148.22799999999998,148.22799999999998,148.22799999999998
801,TT3,BESTEFFORT,COMPLETED,m2-1,143.558,"{'m1-1': 2.365, 'm2-1': 1.743, 'm3-1': 4.614, 'm4-1': 0.916}",5.229,146.579,148.322,inf,148.75799999999998,148.75799999999998
802,TT2,BESTEFFORT,MISSED,m2-1,143.928,"{'m1-1': 2.132, 'm2-1': 1.657, 'm3-1': 3.707, 'm4-1': 1.005}",2.1179999999999666,148.322,inf,149.028,149.028,149.028
803,TT1,BESTEFFORT,COMPLETED,m4-1,144.489,"{'m1-1': 2.332, 'm2-1': 1.89, 'm3-1': 4.542, 'm4-1': 0.724}",1.0859999999999999,146.72,147.444,inf,149.489,149.489
804,TT2,BESTEFFORT,COMPLETED,m4-1,144.56,"{'m1-1': 2.136, 'm2-1': 1.862, 'm3-1': 5.013, 'm4-1': 0.84}",1.26,148.137,148.977,inf,149.66,149.66
805,TT4,BESTEFFORT,MISSED,m1-1,144.771,"{'m1-1': 2.227, 'm2-1': 1.837, 'm3-1': 4.554, 'm4-1': 0.931}",3.054399999999987,147.862,inf,149.771,149.771,149.771
806,TT2,BESTEFFORT,MISSED,m2-1,145.92,"{'m1-1': 2.601, 'm2-1': 1.688, 'm3-1': 3.831, 'm4-1': 0.989}",0.7559999999999434,150.768,inf,151.01999999999998,151.01999999999998,151.01999999999998
807,TT1,BESTEFFORT,COMPLETED,m4-1,145.934,"{'m1-1': 2.424, 'm2-1': 1.869, 'm3-1': 4.833, 'm4-1': 0.693}",1.0394999999999999,147.444,148.137,inf,150.934,150.934
808,TT3,BESTEFFORT,MISSED,m1-1,146.261,"{'m1-1': 2.245, 'm2-1': 1.584, 'm3-1': 5.804, 'm4-1': 0.951}",2.7039999999999966,149.771,inf,151.46099999999998,151.46099999999998,151.46099999999998
809,TT3,BESTEFFORT,COMPLETED,m2-1,146.436,"{'m1-1': 1.995, 'm2-1': 1.74, 'm3-1': 5.133, 'm4-1': 0.839}",5.22,149.028,150.768,inf,151.636,151.636
810,TT1,BESTEFFORT,MISSED,m1-1,146.788,"{'m1-1': 2.017, 'm2-1': 1.872, 'm3-1': 4.88, 'm4-1': 0.744}",0.5232000000000426,151.46099999999998,inf,151.788,151.788,151.788
811,TT2,BESTEFFORT,COMPLETED,m4-1,147.499,"{'m1-1': 2.166, 'm2-1': 1.574, 'm3-1': 5.034, 'm4-1': 0.766}",1.149,148.977,149.743,inf,152.599,152.599
812,TT2,BESTEFFORT,COMPLETED,m4-1,147.57,"{'m1-1': 2.475, 'm2-1': 1.728, 'm3-1': 4.514, 'm4-1': 0.893}",1.3395000000000001,149.743,150.636,inf,152.67,152.67
813,TT4,BESTEFFORT,MISSED,m3-1,147.592,"{'m1-1': 2.273, 'm2-1': 1.498, 'm3-1': 5.138, 'm4-1': 1.029}",0.0,153.087,inf,153.087,152.592,152.592
814,TT4,BESTEFFORT,MISSED,m1-1,147.635,"{'m1-1': 2.228, 'm2-1': 1.515, 'm3-1': 4.622, 'm4-1': 1.065}",1.355199999999968,151.788,inf,152.635,152.635,152.635
815,TT1,BESTEFFORT,MISSED,m3-1,147.648,"{'m1-1': 2.248, 'm2-1': 1.579, 'm3-1': 4.922, 'm4-1': 0.631}",0.0,153.087,inf,153.087,152.648,152.648
816,TT4,BESTEFFORT,MISSED,m3-1,147.683,"{'m1-1': 2.049, 'm2-1': 1.867, 'm3-1': 4.639, 'm4-1': 0.926}",0.0,153.087,inf,153.087,152.683,152.683
817,TT4,BESTEFFORT,COMPLETED,m3-1,148.087,"{'m1-1': 2.015, 'm2-1': 1.443, 'm3-1': 4.859, 'm4-1': 1.015}",8.7462,148.22799999999998,153.087,inf,153.087,153.087
818,TT1,BESTEFFORT,COMPLETED,m4-1,148.108,"{'m1-1': 2.491, 'm2-1': 1.587, 'm3-1': 4.219, 'm4-1': 0.65}",0.9750000000000001,150.636,151.286,inf,153.108,153.108
819,TT1,BESTEFFORT,COMPLETED,m2-1,148.61,"{'m1-1': 2.346, 'm2-1': 1.722, 'm3-1': 5.1, 'm4-1': 0.719}",5.166,151.01999999999998,152.742,inf,153.61,153.61
820,TT1,BESTEFFORT,COMPLETED,m4-1,148.789,"{'m1-1': 2.248, 'm2-1': 1.841, 'm3-1': 4.689, 'm4-1': 0.668}",1.002,151.286,151.954,inf,153.789,153.789
821,TT4,BESTEFFORT,MISSED,m2-1,148.81,"{'m1-1': 2.393, 'm2-1': 1.368, 'm3-1': 4.651, 'm4-1': 0.937}",3.204000000000036,152.742,inf,153.81,153.81,153.81
822,TT2,BESTEFFORT,MISSED,m1-1,149.075,"{'m1-1': 2.537, 'm2-1': 2.13, 'm3-1': 4.088, 'm4-1': 0.869}",0.0,154.917,inf,154.917,154.17499999999998,154.17499999999998
823,TT3,BESTEFFORT,MISSED,m1-1,149.242,"{'m1-1': 2.4, 'm2-1': 1.675, 'm3-1': 5.158, 'm4-1': 0.905}",2.891199999999981,152.635,inf,154.44199999999998,154.44199999999998,154.44199999999998
824,TT3,BESTEFFORT,MISSED,m2-1,149.407,"{'m1-1': 1.944, 'm2-1': 1.554, 'm3-1': 5.81, 'm4-1': 0.796}",2.390999999999991,153.81,inf,154.607,154.607,154.607
825,TT1,BESTEFFORT,COMPLETED,m4-1,149.542,"{'m1-1': 2.145, 'm2-1': 1.457, 'm3-1': 4.134, 'm4-1': 0.744}",1.116,151.954,152.698,inf,154.542,154.542
826,TT2,BESTEFFORT,MISSED,m1-1,149.817,"{'m1-1': 2.604, 'm2-1': 2.022, 'm3-1': 4.767, 'm4-1': 0.866}",0.7600000000000364,154.44199999999998,inf,154.917,154.917,154.917
827,TT3,BESTEFFORT,MISSED,m2-1,150.375,"{'m1-1': 1.842, 'm2-1': 1.693, 'm3-1': 5.581, 'm4-1': 0.823}",2.903999999999968,154.607,inf,155.575,155.575,155.575
828,TT1,BESTEFFORT,COMPLETED,m4-1,150.524,"{'m1-1': 2.546, 'm2-1': 1.807, 'm3-1': 4.325, 'm4-1': 0.863}",1.2945,152.698,153.561,inf,155.524,155.524
829,TT1,BESTEFFORT,MISSED,m3-1,150.811,"{'m1-1': 2.573, 'm2-1': 1.973, 'm3-1': 4.258, 'm4-1': 0.83}",0.0,156.341,inf,156.341,155.811,155.811
830,TT1,BESTEFFORT,COMPLETED,m4-1,150.888,"{'m1-1': 2.002, 'm2-1': 1.601, 'm3-1': 5.043, 'm4-1': 0.838}",1.257,153.561,154.399,inf,155.888,155.888
831,TT2,BESTEFFORT,MISSED,m3-1,151.19,"{'m1-1': 2.136, 'm2-1': 1.72, 'm3-1': 4.235, 'm4-1': 0.857}",0.0,156.341,inf,156.341,156.29,156.29
832,TT2,BESTEFFORT,COMPLETED,m4-1,151.201,"{'m1-1': 2.513, 'm2-1': 1.621, 'm3-1': 4.1, 'm4-1': 0.889}",1.3335,154.399,155.288,inf,156.301,156.301
833,TT4,BESTEFFORT,MISSED,m3-1,151.341,"{'m1-1': 1.807, 'm2-1': 1.708, 'm3-1': 3.961, 'm4-1': 0.93}",5.857200000000034,153.087,inf,156.341,156.341,156.341
834,TT2,BESTEFFORT,MISSED,m2-1,152.285,"{'m1-1': 2.341, 'm2-1': 1.863, 'm3-1': 3.721, 'm4-1': 0.727}",5.430000000000007,155.575,inf,157.385,157.385,157.385
835,TT4,BESTEFFORT,COMPLETED,m1-1,152.449,"{'m1-1': 2.435, 'm2-1': 1.35, 'm3-1': 4.703, 'm4-1': 0.842}",3.8960000000000004,154.917,157.352,inf,157.449,157.449
836,TT2,BESTEFFORT,COMPLETED,m4-1,152.496,"{'m1-1': 2.079, 'm2-1': 2.059, 'm3-1': 4.944, 'm4-1': 0.829}",1.2435,155.288,156.11700000000002,inf,157.596,157.596
837,TT3,BESTEFFORT,MISSED,m3-1,153.041,"{'m1-1': 2.335, 'm2-1': 1.533, 'm3-1': 4.734, 'm4-1': 0.865}",3.419999999999959,156.341,inf,158.24099999999999,158.24099999999999,158.24099999999999
838,TT2,BESTEFFORT,COMPLETED,m4-1,153.139,"{'m1-1': 2.172, 'm2-1': 1.903, 'm3-1': 4.338, 'm4-1': 0.856}",1.284,156.11700000000002,156.973,inf,158.239,158.239
839,TT1,BESTEFFORT,MISSED,m2-1,153.791,"{'m1-1': 2.171, 'm2-1': 1.679, 'm3-1': 3.654, 'm4-1': 0.647}",4.218000000000018,157.385,inf,158.791,158.791,158.791
840,TT4,BESTEFFORT,MISSED,m1-1,154.001,"{'m1-1': 2.176, 'm2-1': 1.476, 'm3-1': 4.283, 'm4-1': 1.039}",0.0,159.308,inf,159.308,159.001,159.001
841,TT3,BESTEFFORT,MISSED,m2-1,154.094,"{'m1-1': 2.345, 'm2-1': 1.772, 'm3-1': 4.632, 'm4-1': 0.769}",1.5089999999999577,158.791,inf,159.29399999999998,159.29399999999998,159.29399999999998
842,TT4,BESTEFFORT,COMPLETED,m4-1,154.297,"{'m1-1': 2.298, 'm2-1': 1.351, 'm3-1': 4.981, 'm4-1': 0.898}",1.347,156.973,157.871,inf,159.297,159.297
843,TT4,BESTEFFORT,CANCELLED,,154.392,"{'m1-1': 1.797, 'm2-1': 1.456, 'm3-1': 4.162, 'm4-1': 1.064}",0.0,inf,inf,inf,159.392,159.392
844,TT3,BESTEFFORT,COMPLETED,m1-1,154.407,"{'m1-1': 1.956, 'm2-1': 1.69, 'm3-1': 4.734, 'm4-1': 0.75}",3.1296,157.352,159.308,inf,159.607,159.607
845,TT2,BESTEFFORT,COMPLETED,m4-1,154.671,"{'m1-1': 2.629, 'm2-1': 1.616, 'm3-1': 4.984, 'm4-1': 0.812}",1.218,158.73600000000002,159.54800000000003,inf,159.771,159.771
846,TT2,BESTEFFORT,MISSED,m1-1,154.741,"{'m1-1': 2.571, 'm2-1': 2.067, 'm3-1': 3.978, 'm4-1': 0.799}",0.8528000000000248,159.308,inf,159.841,159.841,159.841
847,TT1,BESTEFFORT,MISSED,m2-1,154.756,"{'m1-1': 2.019, 'm2-1': 1.626, 'm3-1': 3.648, 'm4-1': 0.637}",1.3860000000000525,159.29399999999998,inf,159.756,159.756,159.756
848,TT1,BESTEFFORT,MISSED,m3-1,154.985,"{'m1-1': 2.568, 'm2-1': 1.644, 'm3-1': 5.009, 'm4-1': 0.701}",0.0,161.183,inf,161.183,159.985,159.985
849,TT3,BESTEFFORT,COMPLETED,m4-1,155.042,"{'m1-1': 1.96, 'm2-1': 1.655, 'm3-1': 4.419, 'm4-1': 0.865}",1.2974999999999999,157.871,158.73600000000002,inf,160.242,160.242
850,TT2,BESTEFFORT,MISSED,m4-1,155.112,"{'m1-1': 2.506, 'm2-1': 1.799, 'm3-1': 3.731, 'm4-1': 0.791}",0.9959999999999383,159.54800000000003,inf,160.212,160.212,160.212
851,TT2,BESTEFFORT,MISSED,m3-1,156.049,"{'m1-1': 2.314, 'm2-1': 1.747, 'm3-1': 4.703, 'm4-1': 0.885}",0.0,161.183,inf,161.183,161.149,161.149
852,TT4,BESTEFFORT,MISSED,m3-1,156.183,"{'m1-1': 2.336, 'm2-1': 1.81, 'm3-1': 5.134, 'm4-1': 0.983}",5.295600000000014,158.24099999999999,inf,161.183,161.183,161.183
853,TT3,BESTEFFORT,MISSED,m1-1,156.318,"{'m1-1': 2.246, 'm2-1': 1.633, 'm3-1': 4.661, 'm4-1': 0.887}",0.0,164.29,inf,164.29,161.518,161.518
854,TT4,BESTEFFORT,MISSED,m2-1,156.633,"{'m1-1': 2.119, 'm2-1': 1.611, 'm3-1': 4.366, 'm4-1': 0.949}",0.0,161.85999999999999,inf,161.85999999999999,161.633,161.633
855,TT3,BESTEFFORT,MISSED,m2-1,156.66,"{'m1-1': 2.166, 'm2-1': 1.347, 'm3-1': 5.667, 'm4-1': 0.74}",2.2589999999999577,161.107,inf,161.85999999999999,161.85999999999999,161.85999999999999
856,TT3,BESTEFFORT,COMPLETED,m2-1,157.113,"{'m1-1': 1.905, 'm2-1': 1.351, 'm3-1': 5.507, 'm4-1': 0.897}",4.053,159.756,161.107,inf,162.313,162.313
857,TT2,BESTEFFORT,MISSED,m1-1,157.116,"{'m1-1': 2.459, 'm2-1': 1.656, 'm3-1': 5.119, 'm4-1': 0.833}",3.8000000000000003,159.841,inf,162.216,162.216,162.216
858,TT4,BESTEFFORT,MISSED,m3-1,157.226,"{'m1-1': 2.327, 'm2-1': 1.343, 'm3-1': 3.685, 'm4-1': 1.031}",0.0,163.111,inf,163.111,162.226,162.226
859,TT1,BESTEFFORT,COMPLETED,m4-1,157.87,"{'m1-1': 1.874, 'm2-1': 1.799, 'm3-1': 4.542, 'm4-1': 0.631}",0.9465,160.212,160.843,inf,162.87,162.87
860,TT3,BESTEFFORT,COMPLETED,m4-1,157.888,"{'m1-1': 2.087, 'm2-1': 1.551, 'm3-1': 5.245, 'm4-1': 0.876}",1.314,161.47099999999998,162.34699999999998,inf,163.088,163.088
861,TT2,BESTEFFORT,MISSED,m3-1,158.011,"{'m1-1': 2.384, 'm2-1': 1.617, 'm3-1': 4.877, 'm4-1': 0.942}",3.4703999999999953,161.183,inf,163.111,163.111,163.111
862,TT1,BESTEFFORT,COMPLETED,m4-1,158.616,"{'m1-1': 1.856, 'm2-1': 1.478, 'm3-1': 4.065, 'm4-1': 0.628}",0.942,160.843,161.47099999999998,inf,163.616,163.616
863,TT3,BESTEFFORT,CANCELLED,,158.877,"{'m1-1': 2.089, 'm2-1': 1.603, 'm3-1': 4.886, 'm4-1': 0.93}",0.0,inf,inf,inf,164.077,164.077
864,TT4,BESTEFFORT,MISSED,m1-1,158.915,"{'m1-1': 2.135, 'm2-1': 1.582, 'm3-1': 5.106, 'm4-1': 1.06}",2.718399999999974,162.216,inf,163.915,163.915,163.915
865,TT2,BESTEFFORT,COMPLETED,m2-1,159.13,"{'m1-1': 2.348, 'm2-1': 1.753, 'm3-1': 4.419, 'm4-1': 0.89}",5.2589999999999995,161.85999999999999,163.61299999999997,inf,164.23,164.23
866,TT4,BESTEFFORT,MISSED,m1-1,159.29,"{'m1-1': 2.254, 'm2-1': 1.784, 'm3-1': 4.162, 'm4-1': 0.874}",0.6000000000000001,163.915,inf,164.29,164.29,164.29
867,TT1,BESTEFFORT,COMPLETED,m4-1,159.586,"{'m1-1': 2.319, 'm2-1': 1.825, 'm3-1': 4.64, 'm4-1': 0.824}",1.236,162.34699999999998,163.171,inf,164.586,164.586
868,TT4,BESTEFFORT,MISSED,m3-1,159.728,"{'m1-1': 1.974, 'm2-1': 1.62, 'm3-1': 4.55, 'm4-1': 0.926}",2.910600000000034,163.111,inf,164.728,164.728,164.728
869,TT4,BESTEFFORT,MISSED,m3-1,160.287,"{'m1-1': 2.095, 'm2-1': 1.665, 'm3-1': 3.987, 'm4-1': 0.911}",1.0061999999999955,164.728,inf,165.287,165.287,165.287
870,TT3,BESTEFFORT,COMPLETED,m4-1,160.357,"{'m1-1': 2.323, 'm2-1': 1.696, 'm3-1': 4.842, 'm4-1': 0.815}",1.2225,163.171,163.986,inf,165.557,165.557
871,TT1,BESTEFFORT,MISSED,m1-1,160.499,"{'m1-1': 2.07, 'm2-1': 1.812, 'm3-1': 4.759, 'm4-1': 0.764}",1.9344000000000052,164.29,inf,165.499,165.499,165.499
872,TT3,BESTEFFORT,COMPLETED,m2-1,160.5,"{'m1-1': 2.027, 'm2-1': 1.447, 'm3-1': 4.991, 'm4-1': 0.844}",4.341,163.61299999999997,165.05999999999997,inf,165.7,165.7
873,TT3,BESTEFFORT,COMPLETED,m4-1,161.339,"{'m1-1': 2.131, 'm2-1': 1.382, 'm3-1': 5.174, 'm4-1': 0.941}",1.4115,163.986,164.927,inf,166.539,166.539
874,TT1,BESTEFFORT,MISSED,m2-1,161.433,"{'m1-1': 2.431, 'm2-1': 1.946, 'm3-1': 4.024, 'm4-1': 0.678}",0.0,166.67,inf,166.67,166.433,166.433
875,TT3,BESTEFFORT,COMPLETED,m2-1,161.473,"{'m1-1': 1.915, 'm2-1': 1.61, 'm3-1': 5.783, 'm4-1': 0.879}",4.83,165.05999999999997,166.67,inf,166.673,166.673
876,TT4,BESTEFFORT,MISSED,m1-1,161.509,"{'m1-1': 2.086, 'm2-1': 1.737, 'm3-1': 4.193, 'm4-1': 1.023}",0.0,167.444,inf,167.444,166.509,166.509
877,TT2,BESTEFFORT,MISSED,m1-1,161.895,"{'m1-1': 2.434, 'm2-1': 1.512, 'm3-1': 4.128, 'm4-1': 1.012}",0.0,167.444,inf,167.444,166.995,166.995
878,TT1,BESTEFFORT,MISSED,m4-1,161.937,"{'m1-1': 2.269, 'm2-1': 1.923, 'm3-1': 4.609, 'm4-1': 0.753}",0.8820000000000334,166.349,inf,166.937,166.937,166.937
879,TT2,BESTEFFORT,MISSED,m3-1,161.938,"{'m1-1': 2.046, 'm2-1': 1.975, 'm3-1': 3.624, 'm4-1': 1.005}",0.0,167.338,inf,167.338,167.03799999999998,167.03799999999998
880,TT2,BESTEFFORT,MISSED,m3-1,161.991,"{'m1-1': 2.172, 'm2-1': 1.978, 'm3-1': 4.999, 'm4-1': 0.938}",0.0,167.338,inf,167.338,167.091,167.091
881,TT1,BESTEFFORT,COMPLETED,m4-1,162.036,"{'m1-1': 2.453, 'm2-1': 1.929, 'm3-1': 4.219, 'm4-1': 0.676}",1.014,164.927,165.60299999999998,inf,167.036,167.036
882,TT2,BESTEFFORT,MISSED,m3-1,162.147,"{'m1-1': 2.321, 'm2-1': 1.579, 'm3-1': 4.37, 'm4-1': 0.945}",3.527999999999963,165.287,inf,167.24699999999999,167.24699999999999,167.24699999999999
883,TT2,BESTEFFORT,MISSED,m3-1,162.238,"{'m1-1': 1.88, 'm2-1': 1.864, 'm3-1': 3.827, 'm4-1': 0.923}",0.16380000000001474,167.24699999999999,inf,167.338,167.338,167.338
884,TT4,BESTEFFORT,MISSED,m1-1,162.444,"{'m1-1': 2.105, 'm2-1': 1.77, 'm3-1': 4.743, 'm4-1': 1.069}",3.1119999999999894,165.499,inf,167.444,167.444,167.444
885,TT1,BESTEFFORT,COMPLETED,m4-1,163.142,"{'m1-1': 2.223, 'm2-1': 1.621, 'm3-1': 3.72, 'm4-1': 0.746}",1.119,165.60299999999998,166.349,inf,168.142,168.142
886,TT3,BESTEFFORT,COMPLETED,m2-1,163.287,"{'m1-1': 1.96, 'm2-1': 1.466, 'm3-1': 5.173, 'm4-1': 0.808}",4.398,166.67,168.136,inf,168.487,168.487
887,TT3,BESTEFFORT,MISSED,m4-1,164.341,"{'m1-1': 1.736, 'm2-1': 1.655, 'm3-1': 4.252, 'm4-1': 0.991}",0.0,170.89299999999997,inf,170.89299999999997,169.541,169.541
888,TT1,BESTEFFORT,COMPLETED,m4-1,164.356,"{'m1-1': 2.429, 'm2-1': 1.42, 'm3-1': 4.457, 'm4-1': 0.667}",1.0005000000000002,166.937,167.604,inf,169.356,169.356
889,TT4,BESTEFFORT,MISSED,m2-1,164.434,"{'m1-1': 1.878, 'm2-1': 1.797, 'm3-1': 4.018, 'm4-1': 0.995}",0.0,169.659,inf,169.659,169.434,169.434
890,TT3,BESTEFFORT,MISSED,m2-1,164.459,"{'m1-1': 2.211, 'm2-1': 1.609, 'm3-1': 5.486, 'm4-1': 0.916}",4.568999999999988,168.136,inf,169.659,169.659,169.659
891,TT1,BESTEFFORT,CANCELLED,,164.56,"{'m1-1': 2.114, 'm2-1': 1.516, 'm3-1': 4.053, 'm4-1': 0.707}",0.0,inf,inf,inf,169.56,169.56
892,TT3,BESTEFFORT,CANCELLED,,164.586,"{'m1-1': 2.079, 'm2-1': 1.295, 'm3-1': 5.4, 'm4-1': 0.965}",0.0,inf,inf,inf,169.786,169.786
893,TT3,BESTEFFORT,CANCELLED,,164.654,"{'m1-1': 2.253, 'm2-1': 1.496, 'm3-1': 4.415, 'm4-1': 0.833}",0.0,inf,inf,inf,169.85399999999998,169.85399999999998
894,TT2,BESTEFFORT,MISSED,m3-1,164.841,"{'m1-1': 2.127, 'm2-1': 2.091, 'm3-1': 4.95, 'm4-1': 0.771}",0.0,172.194,inf,172.194,169.941,169.941
895,TT2,BESTEFFORT,CANCELLED,,165.009,"{'m1-1': 2.023, 'm2-1': 1.953, 'm3-1': 4.033, 'm4-1': 0.981}",0.0,inf,inf,inf,170.10899999999998,170.10899999999998
896,TT1,BESTEFFORT,COMPLETED,m1-1,165.194,"{'m1-1': 1.918, 'm2-1': 1.716, 'm3-1': 4.997, 'm4-1': 0.839}",3.0688,167.444,169.362,inf,170.194,170.194
897,TT3,BESTEFFORT,MISSED,m2-1,165.261,"{'m1-1': 1.883, 'm2-1': 1.458, 'm3-1': 4.66, 'm4-1': 0.932}",2.4059999999999775,169.659,inf,170.46099999999998,170.46099999999998,170.46099999999998
898,TT1,BESTEFFORT,COMPLETED,m4-1,165.3,"{'m1-1': 2.031, 'm2-1': 1.582, 'm3-1': 3.693, 'm4-1': 0.712}",1.068,167.604,168.316,inf,170.3,170.3
899,TT2,BESTEFFORT,CANCELLED,,165.615,"{'m1-1': 2.486, 'm2-1': 2.089, 'm3-1': 5.002, 'm4-1': 0.956}",0.0,inf,inf,inf,170.715,170.715
900,TT1,BESTEFFORT,CANCELLED,,165.803,"{'m1-1': 2.316, 'm2-1': 1.559, 'm3-1': 4.031, 'm4-1': 0.664}",0.0,inf,inf,inf,170.803,170.803
901,TT2,BESTEFFORT,CANCELLED,,165.906,"{'m1-1': 2.226, 'm2-1': 1.884, 'm3-1': 4.207, 'm4-1': 0.945}",0.0,inf,inf,inf,171.006,171.006
902,TT2,BESTEFFORT,MISSED,m3-1,165.99,"{'m1-1': 2.094, 'm2-1': 1.807, 'm3-1': 4.987, 'm4-1': 0.867}",6.753600000000017,167.338,inf,171.09,171.09,171.09
903,TT3,BESTEFFORT,COMPLETED,m4-1,166.304,"{'m1-1': 2.329, 'm2-1': 1.501, 'm3-1': 5.664, 'm4-1': 0.886}",1.329,168.316,169.202,inf,171.504,171.504
904,TT4,BESTEFFORT,MISSED,m1-1,166.548,"{'m1-1': 2.25, 'm2-1': 1.806, 'm3-1': 4.314, 'm4-1': 0.884}",0.0,171.946,inf,171.946,171.548,171.548
905,TT4,BESTEFFORT,COMPLETED,m4-1,166.72,"{'m1-1': 2.383, 'm2-1': 1.898, 'm3-1': 4.803, 'm4-1': 0.92}",1.3800000000000001,169.202,170.12199999999999,inf,171.72,171.72
906,TT3,BESTEFFORT,MISSED,m1-1,166.746,"{'m1-1': 2.01, 'm2-1': 1.593, 'm3-1': 4.791, 'm4-1': 0.847}",0.43679999999999386,171.673,inf,171.946,171.946,171.946
907,TT1,BESTEFFORT,COMPLETED,m1-1,166.942,"{'m1-1': 2.311, 'm2-1': 1.898, 'm3-1': 5.073, 'm4-1': 0.668}",3.6976,169.362,171.673,inf,171.942,171.942
908,TT2,BESTEFFORT,CANCELLED,,167.0,"{'m1-1': 2.587, 'm2-1': 1.917, 'm3-1': 4.368, 'm4-1': 0.815}",0.0,inf,inf,inf,172.1,172.1
909,TT1,BESTEFFORT,MISSED,m3-1,167.158,"{'m1-1': 2.066, 'm2-1': 1.44, 'm3-1': 4.029, 'm4-1': 0.62}",1.9223999999999706,171.09,inf,172.158,172.158,172.158
910,TT1,BESTEFFORT,MISSED,m3-1,167.194,"{'m1-1': 2.056, 'm2-1': 1.735, 'm3-1': 4.444, 'm4-1': 0.785}",0.06480000000000245,172.158,inf,172.194,172.194,172.194
911,TT2,BESTEFFORT,COMPLETED,m4-1,167.364,"{'m1-1': 2.471, 'm2-1': 1.708, 'm3-1': 5.035, 'm4-1': 0.771}",1.1565,170.12199999999999,170.89299999999997,inf,172.464,172.464
912,TT1,BESTEFFORT,CANCELLED,,167.617,"{'m1-1': 1.856, 'm2-1': 1.861, 'm3-1': 4.677, 'm4-1': 0.836}",0.0,inf,inf,inf,172.617,172.617
913,TT4,BESTEFFORT,MISSED,m2-1,167.626,"{'m1-1': 2.019, 'm2-1': 1.799, 'm3-1': 4.444, 'm4-1': 0.939}",0.0,174.00999999999996,inf,174.00999999999996,172.626,172.626
914,TT2,BESTEFFORT,MISSED,m1-1,167.626,"{'m1-1': 2.63, 'm2-1': 1.991, 'm3-1': 4.977, 'm4-1': 0.904}",1.248000000000002,171.946,inf,172.726,172.726,172.726
915,TT2,BESTEFFORT,MISSED,m3-1,167.633,"{'m1-1': 2.022, 'm2-1': 2.02, 'm3-1': 3.657, 'm4-1': 0.749}",0.0,176.60399999999998,inf,176.60399999999998,172.733,172.733
916,TT2,BESTEFFORT,CANCELLED,,167.88,"{'m1-1': 2.255, 'm2-1': 1.96, 'm3-1': 3.662, 'm4-1': 0.847}",0.0,inf,inf,inf,172.98,172.98
917,TT3,BESTEFFORT,CANCELLED,,167.906,"{'m1-1': 2.323, 'm2-1': 1.391, 'm3-1': 5.229, 'm4-1': 0.794}",0.0,inf,inf,inf,173.106,173.106
918,TT3,BESTEFFORT,COMPLETED,m2-1,167.911,"{'m1-1': 2.199, 'm2-1': 1.777, 'm3-1': 4.429, 'm4-1': 0.794}",5.3309999999999995,170.46099999999998,172.23799999999997,inf,173.111,173.111
919,TT3,BESTEFFORT,MISSED,m4-1,168.704,"{'m1-1': 2.384, 'm2-1': 1.329, 'm3-1': 5.531, 'm4-1': 0.938}",0.5190000000000481,173.55799999999996,inf,173.904,173.904,173.904
920,TT3,BESTEFFORT,COMPLETED,m4-1,168.834,"{'m1-1': 2.307, 'm2-1': 1.741, 'm3-1': 5.229, 'm4-1': 0.788}",1.182,170.89299999999997,171.68099999999998,inf,174.034,174.034
921,TT4,BESTEFFORT,MISSED,m2-1,168.992,"{'m1-1': 1.844, 'm2-1': 1.358, 'm3-1': 4.331, 'm4-1': 0.916}",0.0,174.00999999999996,inf,174.00999999999996,173.992,173.992
922,TT2,BESTEFFORT,MISSED,m3-1,169.006,"{'m1-1': 2.4, 'm2-1': 1.765, 'm3-1': 3.823, 'm4-1': 0.936}",0.0,176.60399999999998,inf,176.60399999999998,174.106,174.106
923,TT3,BESTEFFORT,COMPLETED,m2-1,169.228,"{'m1-1': 1.955, 'm2-1': 1.772, 'm3-1': 5.218, 'm4-1': 0.984}",5.316,172.23799999999997,174.00999999999996,inf,174.428,174.428
924,TT3,BESTEFFORT,CANCELLED,,169.336,"{'m1-1': 2.286, 'm2-1': 1.587, 'm3-1': 5.528, 'm4-1': 0.984}",0.0,inf,inf,inf,174.536,174.536
925,TT2,BESTEFFORT,MISSED,m3-1,169.339,"{'m1-1': 2.195, 'm2-1': 1.819, 'm3-1': 3.859, 'm4-1': 0.96}",4.041000000000008,172.194,inf,174.439,174.439,174.439
926,TT3,BESTEFFORT,COMPLETED,m4-1,169.666,"{'m1-1': 1.937, 'm2-1': 1.358, 'm3-1': 4.989, 'm4-1': 0.986}",1.479,172.57199999999997,173.55799999999996,inf,174.86599999999999,174.86599999999999
927,TT4,BESTEFFORT,COMPLETED,m4-1,169.812,"{'m1-1': 2.063, 'm2-1': 1.562, 'm3-1': 4.012, 'm4-1': 0.891}",1.3365,171.68099999999998,172.57199999999997,inf,174.812,174.812
928,TT2,BESTEFFORT,MISSED,m1-1,170.448,"{'m1-1': 2.167, 'm2-1': 1.585, 'm3-1': 4.999, 'm4-1': 0.795}",0.0,176.72400000000002,inf,176.72400000000002,175.548,175.548
929,TT3,BESTEFFORT,MISSED,m2-1,170.511,"{'m1-1': 2.276, 'm2-1': 1.321, 'm3-1': 4.947, 'm4-1': 1.001}",0.0,177.14099999999996,inf,177.14099999999996,175.71099999999998,175.71099999999998
930,TT3,BESTEFFORT,COMPLETED,m1-1,170.983,"{'m1-1': 2.079, 'm2-1': 1.563, 'm3-1': 5.496, 'm4-1': 0.892}",3.3264000000000005,172.726,174.805,inf,176.183,176.183
931,TT4,BESTEFFORT,CANCELLED,,171.118,"{'m1-1': 1.894, 'm2-1': 1.397, 'm3-1': 4.204, 'm4-1': 0.907}",0.0,inf,inf,inf,176.118,176.118
932,TT1,BESTEFFORT,COMPLETED,m4-1,171.226,"{'m1-1': 2.324, 'm2-1': 1.977, 'm3-1': 5.088, 'm4-1': 0.637}",0.9555,173.904,174.541,inf,176.226,176.226
933,TT2,BESTEFFORT,MISSED,m3-1,171.504,"{'m1-1': 2.568, 'm2-1': 1.859, 'm3-1': 4.109, 'm4-1': 0.999}",3.8969999999999856,174.439,inf,176.60399999999998,176.60399999999998,176.60399999999998
934,TT3,BESTEFFORT,COMPLETED,m2-1,171.649,"{'m1-1': 2.369, 'm2-1': 1.471, 'm3-1': 5.748, 'm4-1': 0.958}",4.413,174.00999999999996,175.48099999999997,inf,176.849,176.849
935,TT3,BESTEFFORT,CANCELLED,,171.679,"{'m1-1': 2.206, 'm2-1': 1.29, 'm3-1': 4.806, 'm4-1': 0.772}",0.0,inf,inf,inf,176.879,176.879
936,TT3,BESTEFFORT,CANCELLED,,171.77,"{'m1-1': 2.365, 'm2-1': 1.661, 'm3-1': 4.504, 'm4-1': 0.938}",0.0,inf,inf,inf,176.97,176.97
937,TT4,BESTEFFORT,CANCELLED,,171.771,"{'m1-1': 2.174, 'm2-1': 1.584, 'm3-1': 3.683, 'm4-1': 0.839}",0.0,inf,inf,inf,176.771,176.771
938,TT4,BESTEFFORT,COMPLETED,m1-1,171.839,"{'m1-1': 1.919, 'm2-1': 1.667, 'm3-1': 3.996, 'm4-1': 1.065}",3.0704000000000002,174.805,176.72400000000002,inf,176.839,176.839
939,TT2,BESTEFFORT,CANCELLED,,171.941,"{'m1-1': 2.128, 'm2-1': 2.067, 'm3-1': 5.003, 'm4-1': 0.738}",0.0,inf,inf,inf,177.041,177.041
940,TT2,BESTEFFORT,MISSED,m4-1,171.981,"{'m1-1': 2.163, 'm2-1': 1.802, 'm3-1': 4.213, 'm4-1': 0.852}",0.0,177.478,inf,177.478,177.081,177.081
941,TT3,BESTEFFORT,MISSED,m2-1,172.109,"{'m1-1': 2.175, 'm2-1': 1.399, 'm3-1': 4.22, 'm4-1': 0.791}",0.5040000000001044,177.14099999999996,inf,177.309,177.309,177.309
942,TT3,BESTEFFORT,MISSED,m1-1,172.17,"{'m1-1': 1.878, 'm2-1': 1.725, 'm3-1': 4.625, 'm4-1': 0.771}",1.033599999999933,176.72400000000002,inf,177.36999999999998,177.36999999999998,177.36999999999998
943,TT3,BESTEFFORT,CANCELLED,,172.198,"{'m1-1': 2.292, 'm2-1': 1.342, 'm3-1': 5.664, 'm4-1': 0.838}",0.0,inf,inf,inf,177.398,177.398
944,TT1,BESTEFFORT,COMPLETED,m4-1,172.443,"{'m1-1': 2.192, 'm2-1': 1.515, 'm3-1': 3.933, 'm4-1': 0.757}",1.1355,175.328,176.085,inf,177.443,177.443
945,TT2,BESTEFFORT,CANCELLED,,172.495,"{'m1-1': 2.142, 'm2-1': 2.029, 'm3-1': 4.292, 'm4-1': 0.786}",0.0,inf,inf,inf,177.595,177.595
946,TT1,BESTEFFORT,COMPLETED,m4-1,172.539,"{'m1-1': 2.143, 'm2-1': 1.762, 'm3-1': 4.233, 'm4-1': 0.787}",1.1805,174.541,175.328,inf,177.539,177.539
947,TT1,BESTEFFORT,CANCELLED,,172.578,"{'m1-1': 2.179, 'm2-1': 1.496, 'm3-1': 3.886, 'm4-1': 0.725}",0.0,inf,inf,inf,177.578,177.578
948,TT3,BESTEFFORT,MISSED,m2-1,172.741,"{'m1-1': 2.218, 'm2-1': 1.532, 'm3-1': 5.495, 'm4-1': 0.833}",0.0,180.64,inf,180.64,177.941,177.941
949,TT3,BESTEFFORT,COMPLETED,m2-1,172.86,"{'m1-1': 2.392, 'm2-1': 1.66, 'm3-1': 5.294, 'm4-1': 0.79}",4.9799999999999995,175.48099999999997,177.14099999999996,inf,178.06,178.06
950,TT4,BESTEFFORT,CANCELLED,,173.151,"{'m1-1': 1.846, 'm2-1': 1.519, 'm3-1': 4.659, 'm4-1': 1.031}",0.0,inf,inf,inf,178.151,178.151
951,TT1,BESTEFFORT,COMPLETED,m4-1,173.238,"{'m1-1': 2.397, 'm2-1': 1.451, 'm3-1': 4.922, 'm4-1': 0.707}",1.0605,176.085,176.792,inf,178.238,178.238
952,TT1,BESTEFFORT,MISSED,m3-1,173.546,"{'m1-1': 2.34, 'm2-1': 1.548, 'm3-1': 3.979, 'm4-1': 0.726}",0.0,181.266,inf,181.266,178.546,178.546
953,TT3,BESTEFFORT,MISSED,m1-1,173.628,"{'m1-1': 2.435, 'm2-1': 1.575, 'm3-1': 4.464, 'm4-1': 0.947}",2.3327999999999975,177.36999999999998,inf,178.82799999999997,178.82799999999997,178.82799999999997
954,TT4,BESTEFFORT,CANCELLED,,173.778,"{'m1-1': 2.312, 'm2-1': 1.646, 'm3-1': 4.543, 'm4-1': 0.988}",0.0,inf,inf,inf,178.778,178.778
955,TT4,BESTEFFORT,COMPLETED,m4-1,173.933,"{'m1-1': 1.857, 'm2-1': 1.898, 'm3-1': 4.062, 'm4-1': 1.015}",1.5225,177.478,178.493,inf,178.933,178.933
956,TT1,BESTEFFORT,COMPLETED,m4-1,174.026,"{'m1-1': 2.474, 'm2-1': 1.858, 'm3-1': 4.48, 'm4-1': 0.686}",1.0290000000000001,176.792,177.478,inf,179.026,179.026
957,TT4,BESTEFFORT,CANCELLED,,174.118,"{'m1-1': 2.206, 'm2-1': 1.58, 'm3-1': 4.103, 'm4-1': 0.789}",0.0,inf,inf,inf,179.118,179.118
958,TT4,BESTEFFORT,CANCELLED,,174.279,"{'m1-1': 2.45, 'm2-1': 1.786, 'm3-1': 4.437, 'm4-1': 0.95}",0.0,inf,inf,inf,179.279,179.279
959,TT2,BESTEFFORT,MISSED,m4-1,174.285,"{'m1-1': 2.062, 'm2-1': 1.966, 'm3-1': 4.207, 'm4-1': 0.874}",0.0,179.385,inf,179.385,179.385,179.385
960,TT2,BESTEFFORT,MISSED,m3-1,174.379,"{'m1-1': 1.921, 'm2-1': 1.702, 'm3-1': 4.238, 'm4-1': 0.805}",5.175,176.60399999999998,inf,179.47899999999998,179.47899999999998,179.47899999999998
961,TT4,BESTEFFORT,CANCELLED,,174.729,"{'m1-1': 1.809, 'm2-1': 1.859, 'm3-1': 4.08, 'm4-1': 0.898}",0.0,inf,inf,inf,179.729,179.729
962,TT1,BESTEFFORT,MISSED,m2-1,174.793,"{'m1-1': 2.568, 'm2-1': 1.667, 'm3-1': 3.627, 'm4-1': 0.783}",0.0,180.64,inf,180.64,179.793,179.793
963,TT3,BESTEFFORT,MISSED,m1-1,174.97,"{'m1-1': 2.134, 'm2-1': 1.715, 'm3-1': 4.805, 'm4-1': 0.827}",2.1472000000000206,178.82799999999997,inf,180.17,180.17,180.17
964,TT4,BESTEFFORT,COMPLETED,m2-1,175.308,"{'m1-1': 2.219, 'm2-1': 1.816, 'm3-1': 4.973, 'm4-1': 0.988}",5.448,177.309,179.125,inf,180.308,180.308
965,TT3,BESTEFFORT,COMPLETED,m2-1,175.554,"{'m1-1': 2.235, 'm2-1': 1.515, 'm3-1': 5.937, 'm4-1': 0.807}",4.545,179.125,180.64,inf,180.754,180.754
966,TT3,BESTEFFORT,CANCELLED,,175.619,"{'m1-1': 1.721, 'm2-1': 1.781, 'm3-1': 4.546, 'm4-1': 1.004}",0.0,inf,inf,inf,180.819,180.819
967,TT4,BESTEFFORT,CANCELLED,,175.645,"{'m1-1': 2.049, 'm2-1': 1.529, 'm3-1': 4.263, 'm4-1': 0.856}",0.0,inf,inf,inf,180.645,180.645
968,TT2,BESTEFFORT,COMPLETED,m4-1,175.765,"{'m1-1': 2.443, 'm2-1': 1.673, 'm3-1': 4.37, 'm4-1': 0.929}",1.3935,179.385,180.314,inf,180.86499999999998,180.86499999999998
969,TT2,BESTEFFORT,CANCELLED,,175.995,"{'m1-1': 2.145, 'm2-1': 1.957, 'm3-1': 3.635, 'm4-1': 0.949}",0.0,inf,inf,inf,181.095,181.095
970,TT1,BESTEFFORT,MISSED,m3-1,176.163,"{'m1-1': 2.455, 'm2-1': 1.448, 'm3-1': 3.888, 'm4-1': 0.76}",3.0312000000000467,179.47899999999998,inf,181.163,181.163,181.163
971,TT2,BESTEFFORT,COMPLETED,m4-1,176.235,"{'m1-1': 2.645, 'm2-1': 1.868, 'm3-1': 4.638, 'm4-1': 0.892}",1.338,178.493,179.385,inf,181.335,181.335
972,TT2,BESTEFFORT,MISSED,m1-1,176.246,"{'m1-1': 2.15, 'm2-1': 2.082, 'm3-1': 3.768, 'm4-1': 0.837}",1.881600000000026,180.17,inf,181.346,181.346,181.346
973,TT4,BESTEFFORT,MISSED,m3-1,176.266,"{'m1-1': 2.123, 'm2-1': 1.678, 'm3-1': 4.545, 'm4-1': 1.038}",0.1853999999999644,181.163,inf,181.266,181.266,181.266
974,TT4,BESTEFFORT,CANCELLED,,176.314,"{'m1-1': 1.909, 'm2-1': 1.423, 'm3-1': 3.722, 'm4-1': 0.847}",0.0,inf,inf,inf,181.314,181.314
975,TT3,BESTEFFORT,MISSED,m1-1,176.744,"{'m1-1': 2.023, 'm2-1': 1.303, 'm3-1': 5.275, 'm4-1': 0.747}",0.9567999999999757,181.346,inf,181.944,181.944,181.944
976,TT2,BESTEFFORT,CANCELLED,,176.802,"{'m1-1': 2.099, 'm2-1': 1.746, 'm3-1': 4.001, 'm4-1': 0.941}",0.0,inf,inf,inf,181.902,181.902
977,TT4,BESTEFFORT,CANCELLED,,177.004,"{'m1-1': 2.042, 'm2-1': 1.51, 'm3-1': 5.057, 'm4-1': 0.937}",0.0,inf,inf,inf,182.004,182.004
978,TT4,BESTEFFORT,MISSED,m3-1,177.016,"{'m1-1': 2.39, 'm2-1': 1.606, 'm3-1': 3.637, 'm4-1': 0.937}",0.0,185.254,inf,185.254,182.016,182.016
979,TT1,BESTEFFORT,COMPLETED,m4-1,177.674,"{'m1-1': 1.991, 'm2-1': 1.702, 'm3-1': 4.282, 'm4-1': 0.69}",1.035,181.79399999999998,182.48399999999998,inf,182.674,182.674
980,TT4,BESTEFFORT,MISSED,m1-1,177.79,"{'m1-1': 2.201, 'm2-1': 1.691, 'm3-1': 4.894, 'm4-1': 0.852}",1.353600000000006,181.944,inf,182.79,182.79,182.79
981,TT4,BESTEFFORT,MISSED,m1-1,177.9,"{'m1-1': 2.37, 'm2-1': 1.644, 'm3-1': 4.961, 'm4-1': 0.971}",0.17600000000002183,182.79,inf,182.9,182.9,182.9
982,TT1,BESTEFFORT,COMPLETED,m4-1,177.99,"{'m1-1': 2.419, 'm2-1': 1.582, 'm3-1': 4.081, 'm4-1': 0.619}",0.9285,180.314,180.933,inf,182.99,182.99
983,TT2,BESTEFFORT,MISSED,m4-1,178.159,"{'m1-1': 2.548, 'm2-1': 2.104, 'm3-1': 4.999, 'm4-1': 0.823}",0.0,184.88799999999998,inf,184.88799999999998,183.259,183.259
984,TT3,BESTEFFORT,COMPLETED,m2-1,178.287,"{'m1-1': 2.016, 'm2-1': 1.639, 'm3-1': 4.553, 'm4-1': 0.731}",4.917,180.64,182.279,inf,183.487,183.487
985,TT1,BESTEFFORT,MISSED,m3-1,178.317,"{'m1-1': 2.414, 'm2-1': 1.718, 'm3-1': 4.751, 'm4-1': 0.843}",3.691800000000029,181.266,inf,183.317,183.317,183.317
986,TT2,BESTEFFORT,CANCELLED,,178.33,"{'m1-1': 2.579, 'm2-1': 1.588, 'm3-1': 4.803, 'm4-1': 1.011}",0.0,inf,inf,inf,183.43,183.43
987,TT1,BESTEFFORT,COMPLETED,m4-1,178.367,"{'m1-1': 2.228, 'm2-1': 1.423, 'm3-1': 4.852, 'm4-1': 0.861}",1.2915,180.933,181.79399999999998,inf,183.367,183.367
988,TT3,BESTEFFORT,MISSED,m2-1,178.707,"{'m1-1': 2.132, 'm2-1': 1.55, 'm3-1': 5.415, 'm4-1': 0.793}",0.0,185.25599999999997,inf,185.25599999999997,183.90699999999998,183.90699999999998
989,TT2,BESTEFFORT,CANCELLED,,179.285,"{'m1-1': 2.176, 'm2-1': 1.919, 'm3-1': 3.772, 'm4-1': 0.913}",0.0,inf,inf,inf,184.385,184.385
990,TT2,BESTEFFORT,MISSED,m1-1,179.44,"{'m1-1': 1.94, 'm2-1': 1.543, 'm3-1': 4.641, 'm4-1': 0.933}",0.0,186.763,inf,186.763,184.54,184.54
991,TT2,BESTEFFORT,MISSED,m3-1,179.599,"{'m1-1': 2.218, 'm2-1': 1.793, 'm3-1': 3.997, 'm4-1': 0.967}",0.0,185.254,inf,185.254,184.69899999999998,184.69899999999998
992,TT4,BESTEFFORT,MISSED,m3-1,179.639,"{'m1-1': 2.194, 'm2-1': 1.508, 'm3-1': 3.863, 'm4-1': 1.039}",2.379600000000005,183.317,inf,184.639,184.639,184.639
993,TT1,BESTEFFORT,MISSED,m4-1,179.759,"{'m1-1': 1.88, 'm2-1': 1.405, 'm3-1': 3.633, 'm4-1': 0.626}",0.0,184.88799999999998,inf,184.88799999999998,184.759,184.759
994,TT1,BESTEFFORT,COMPLETED,m4-1,179.996,"{'m1-1': 2.238, 'm2-1': 1.687, 'm3-1': 3.698, 'm4-1': 0.785}",1.1775,182.48399999999998,183.26899999999998,inf,184.996,184.996
995,TT3,BESTEFFORT,COMPLETED,m2-1,180.097,"{'m1-1': 1.728, 'm2-1': 1.688, 'm3-1': 4.471, 'm4-1': 0.72}",5.064,182.279,183.96699999999998,inf,185.297,185.297
996,TT4,BESTEFFORT,MISSED,m3-1,180.254,"{'m1-1': 2.163, 'm2-1': 1.409, 'm3-1': 3.999, 'm4-1': 0.903}",1.1069999999999653,184.639,inf,185.254,185.254,185.254
997,TT3,BESTEFFORT,COMPLETED,m2-1,180.257,"{'m1-1': 2.087, 'm2-1': 1.289, 'm3-1': 4.72, 'm4-1': 0.873}",3.867,183.96699999999998,185.25599999999997,inf,185.457,185.457
998,TT4,BESTEFFORT,COMPLETED,m1-1,180.349,"{'m1-1': 2.055, 'm2-1': 1.784, 'm3-1': 4.051, 'm4-1': 0.902}",3.2880000000000003,182.9,184.955,inf,185.349,185.349
999,TT1,BESTEFFORT,COMPLETED,m4-1,180.435,"{'m1-1': 2.015, 'm2-1': 1.426, 'm3-1': 3.8, 'm4-1': 0.81}",1.215,183.26899999999998,184.07899999999998,inf,185.435,185.435
1000,TT3,BESTEFFORT,MISSED,m2-1,180.935,"{'m1-1': 1.759, 'm2-1': 1.532, 'm3-1': 4.362, 'm4-1': 0.954}",2.6370000000000573,185.25599999999997,inf,186.135,186.135,186.135
1001,TT1,BESTEFFORT,COMPLETED,m4-1,181.036,"{'m1-1': 2.468, 'm2-1': 1.988, 'm3-1': 4.444, 'm4-1': 0.809}",1.2135,184.07899999999998,184.88799999999998,inf,186.036,186.036
1002,TT4,BESTEFFORT,MISSED,m1-1,181.251,"{'m1-1': 1.769, 'm2-1': 1.497, 'm3-1': 4.945, 'm4-1': 0.76}",0.0,186.763,inf,186.763,186.251,186.251
1003,TT4,BESTEFFORT,MISSED,m2-1,181.353,"{'m1-1': 2.189, 'm2-1': 1.711, 'm3-1': 4.897, 'm4-1': 0.833}",0.0,187.857,inf,187.857,186.353,186.353
1004,TT4,BESTEFFORT,COMPLETED,m1-1,181.916,"{'m1-1': 1.808, 'm2-1': 1.799, 'm3-1': 3.872, 'm4-1': 0.998}",2.8928000000000003,184.955,186.763,inf,186.916,186.916
1005,TT1,BESTEFFORT,COMPLETED,m4-1,183.439,"{'m1-1': 2.535, 'm2-1': 1.97, 'm3-1': 4.681, 'm4-1': 0.854}",1.281,184.88799999999998,185.742,inf,188.439,188.439
1006,TT3,BESTEFFORT,COMPLETED,m4-1,183.474,"{'m1-1': 2.069, 'm2-1': 1.301, 'm3-1': 5.316, 'm4-1': 0.782}",1.173,185.742,186.524,inf,188.67399999999998,188.67399999999998
1007,TT4,BESTEFFORT,MISSED,m1-1,183.539,"{'m1-1': 2.166, 'm2-1': 1.836, 'm3-1': 3.84, 'm4-1': 0.846}",0.0,190.615,inf,190.615,188.539,188.539
1008,TT4,BESTEFFORT,MISSED,m3-1,183.562,"{'m1-1': 1.96, 'm2-1': 1.774, 'm3-1': 4.044, 'm4-1': 1.041}",5.954400000000038,185.254,inf,188.562,188.562,188.562
1009,TT4,BESTEFFORT,COMPLETED,m2-1,183.584,"{'m1-1': 2.366, 'm2-1': 1.722, 'm3-1': 3.709, 'm4-1': 1.064}",5.166,186.135,187.857,inf,188.584,188.584
1010,TT2,BESTEFFORT,COMPLETED,m4-1,183.613,"{'m1-1': 1.99, 'm2-1': 2.107, 'm3-1': 4.592, 'm4-1': 0.948}",1.422,187.495,188.443,inf,188.713,188.713
1011,TT2,BESTEFFORT,CANCELLED,,184.317,"{'m1-1': 2.416, 'm2-1': 2.025, 'm3-1': 4.446, 'm4-1': 1.002}",0.0,inf,inf,inf,189.417,189.417
1012,TT4,BESTEFFORT,MISSED,m3-1,184.357,"{'m1-1': 2.046, 'm2-1': 1.84, 'm3-1': 4.605, 'm4-1': 0.921}",0.0,190.261,inf,190.261,189.357,189.357
1013,TT2,BESTEFFORT,COMPLETED,m4-1,184.384,"{'m1-1': 1.972, 'm2-1': 1.746, 'm3-1': 3.796, 'm4-1': 0.971}",1.4565,186.524,187.495,inf,189.48399999999998,189.48399999999998
1014,TT4,BESTEFFORT,MISSED,m4-1,184.424,"{'m1-1': 2.264, 'm2-1': 1.584, 'm3-1': 4.502, 'm4-1': 0.971}",0.0,190.09,inf,190.09,189.424,189.424
1015,TT4,BESTEFFORT,MISSED,m3-1,184.459,"{'m1-1': 2.119, 'm2-1': 1.373, 'm3-1': 3.991, 'm4-1': 0.957}",0.0,190.261,inf,190.261,189.459,189.459
1016,TT4,BESTEFFORT,COMPLETED,m2-1,184.633,"{'m1-1': 2.175, 'm2-1': 1.726, 'm3-1': 3.709, 'm4-1': 0.942}",5.178,187.857,189.583,inf,189.633,189.633
1017,TT3,BESTEFFORT,COMPLETED,m1-1,184.79,"{'m1-1': 1.847, 'm2-1': 1.285, 'm3-1': 5.929, 'm4-1': 0.832}",2.9552,186.763,188.61,inf,189.98999999999998,189.98999999999998
1018,TT2,BESTEFFORT,MISSED,m3-1,185.161,"{'m1-1': 2.628, 'm2-1': 2.12, 'm3-1': 4.815, 'm4-1': 0.867}",3.058199999999971,188.562,inf,190.261,190.261,190.261
1019,TT2,BESTEFFORT,MISSED,m3-1,185.407,"{'m1-1': 2.208, 'm2-1': 1.999, 'm3-1': 3.631, 'm4-1': 0.719}",0.4428000000000168,190.261,inf,190.507,190.507,190.507
1020,TT1,BESTEFFORT,COMPLETED,m4-1,185.584,"{'m1-1': 2.384, 'm2-1': 1.79, 'm3-1': 4.62, 'm4-1': 0.813}",1.2195,188.443,189.256,inf,190.584,190.584
1021,TT4,BESTEFFORT,CANCELLED,,185.82,"{'m1-1': 1.861, 'm2-1': 1.751, 'm3-1': 4.212, 'm4-1': 0.908}",0.0,inf,inf,inf,190.82,190.82
1022,TT1,BESTEFFORT,MISSED,m2-1,185.898,"{'m1-1': 2.251, 'm2-1': 1.434, 'm3-1': 4.977, 'm4-1': 0.843}",3.944999999999993,189.583,inf,190.898,190.898,190.898
1023,TT3,BESTEFFORT,MISSED,m1-1,185.899,"{'m1-1': 1.91, 'm2-1': 1.306, 'm3-1': 5.086, 'm4-1': 0.766}",0.7743999999999688,190.615,inf,191.099,191.099,191.099
1024,TT4,BESTEFFORT,MISSED,m2-1,185.928,"{'m1-1': 2.029, 'm2-1': 1.882, 'm3-1': 3.999, 'm4-1': 0.926}",0.09000000000000341,190.898,inf,190.928,190.928,190.928
1025,TT2,BESTEFFORT,CANCELLED,,186.353,"{'m1-1': 2.591, 'm2-1': 1.617, 'm3-1': 4.666, 'm4-1': 0.956}",0.0,inf,inf,inf,191.453,191.453
1026,TT1,BESTEFFORT,COMPLETED,m4-1,186.373,"{'m1-1': 2.525, 'm2-1': 1.784, 'm3-1': 4.653, 'm4-1': 0.834}",1.251,189.256,190.09,inf,191.373,191.373
1027,TT3,BESTEFFORT,COMPLETED,m1-1,186.737,"{'m1-1': 2.005, 'm2-1': 1.545, 'm3-1': 5.301, 'm4-1': 0.75}",3.208,188.61,190.615,inf,191.93699999999998,191.93699999999998
1028,TT3,BESTEFFORT,MISSED,m2-1,187.002,"{'m1-1': 2.147, 'm2-1': 1.319, 'm3-1': 5.695, 'm4-1': 0.832}",3.8220000000000027,190.928,inf,192.202,192.202,192.202
1029,TT2,BESTEFFORT,MISSED,m3-1,187.059,"{'m1-1': 2.611, 'm2-1': 1.912, 'm3-1': 3.835, 'm4-1': 0.837}",2.9735999999999763,190.507,inf,192.159,192.159,192.159
1030,TT4,BESTEFFORT,CANCELLED,,187.065,"{'m1-1': 2.449, 'm2-1': 1.759, 'm3-1': 4.184, 'm4-1': 0.97}",0.0,inf,inf,inf,192.065,192.065
1031,TT2,BESTEFFORT,MISSED,m3-1,187.207,"{'m1-1': 2.475, 'm2-1': 1.862, 'm3-1': 4.23, 'm4-1': 0.856}",0.26639999999999303,192.159,inf,192.307,192.307,192.307
1032,TT3,BESTEFFORT,MISSED,m1-1,187.586,"{'m1-1': 2.015, 'm2-1': 1.466, 'm3-1': 4.785, 'm4-1': 0.793}",2.699200000000019,191.099,inf,192.786,192.786,192.786
1033,TT2,BESTEFFORT,MISSED,m3-1,187.919,"{'m1-1': 1.972, 'm2-1': 1.948, 'm3-1': 4.649, 'm4-1': 0.885}",0.0,194.602,inf,194.602,193.019,193.019
1034,TT4,BESTEFFORT,CANCELLED,,187.946,"{'m1-1': 2.268, 'm2-1': 1.545, 'm3-1': 4.116, 'm4-1': 0.934}",0.0,inf,inf,inf,192.946,192.946
1035,TT4,BESTEFFORT,COMPLETED,m4-1,188.122,"{'m1-1': 2.373, 'm2-1': 1.727, 'm3-1': 5.086, 'm4-1': 1.028}",1.542,191.074,192.102,inf,193.122,193.122
1036,TT2,BESTEFFORT,MISSED,m3-1,188.323,"{'m1-1': 2.645, 'm2-1': 2.006, 'm3-1': 4.167, 'm4-1': 0.742}",0.0,194.602,inf,194.602,193.423,193.423
1037,TT3,BESTEFFORT,COMPLETED,m4-1,188.393,"{'m1-1': 2.273, 'm2-1': 1.436, 'm3-1': 5.496, 'm4-1': 0.984}",1.476,190.09,191.074,inf,193.593,193.593
1038,TT3,BESTEFFORT,CANCELLED,,188.514,"{'m1-1': 2.192, 'm2-1': 1.481, 'm3-1': 4.415, 'm4-1': 0.921}",0.0,inf,inf,inf,193.714,193.714
1039,TT3,BESTEFFORT,MISSED,m2-1,188.834,"{'m1-1': 1.949, 'm2-1': 1.645, 'm3-1': 5.092, 'm4-1': 0.962}",0.0,194.457,inf,194.457,194.034,194.034
1040,TT3,BESTEFFORT,MISSED,m1-1,189.015,"{'m1-1': 1.957, 'm2-1': 1.792, 'm3-1': 5.622, 'm4-1': 0.82}",2.286399999999958,192.786,inf,194.21499999999997,194.21499999999997,194.21499999999997
1041,TT2,BESTEFFORT,MISSED,m3-1,189.069,"{'m1-1': 2.585, 'm2-1': 1.767, 'm3-1': 4.18, 'm4-1': 0.83}",0.0,194.602,inf,194.602,194.16899999999998,194.16899999999998
1042,TT3,BESTEFFORT,MISSED,m1-1,189.261,"{'m1-1': 2.23, 'm2-1': 1.328, 'm3-1': 4.62, 'm4-1': 0.807}",0.39360000000001494,194.21499999999997,inf,194.46099999999998,194.46099999999998,194.46099999999998
1043,TT1,BESTEFFORT,COMPLETED,m2-1,189.303,"{'m1-1': 1.949, 'm2-1': 1.618, 'm3-1': 4.045, 'm4-1': 0.698}",4.854,192.202,193.82,inf,194.303,194.303
1044,TT2,BESTEFFORT,MISSED,m2-1,189.35,"{'m1-1': 2.277, 'm2-1': 1.886, 'm3-1': 4.383, 'm4-1': 0.866}",0.0,194.457,inf,194.457,194.45,194.45
1045,TT1,BESTEFFORT,MISSED,m2-1,189.457,"{'m1-1': 1.972, 'm2-1': 1.512, 'm3-1': 4.11, 'm4-1': 0.611}",1.9110000000000014,193.82,inf,194.457,194.457,194.457
1046,TT2,BESTEFFORT,MISSED,m3-1,189.502,"{'m1-1': 1.935, 'm2-1': 2.051, 'm3-1': 4.631, 'm4-1': 0.78}",4.131000000000029,192.307,inf,194.602,194.602,194.602
1047,TT1,BESTEFFORT,COMPLETED,m4-1,189.704,"{'m1-1': 2.581, 'm2-1': 1.74, 'm3-1': 3.659, 'm4-1': 0.656}",0.984,192.793,193.449,inf,194.704,194.704
1048,TT1,BESTEFFORT,COMPLETED,m4-1,189.92,"{'m1-1': 2.436, 'm2-1': 1.98, 'm3-1': 4.483, 'm4-1': 0.691}",1.0365,192.102,192.793,inf,194.92,194.92
1049,TT2,BESTEFFORT,CANCELLED,,189.975,"{'m1-1': 2.265, 'm2-1': 1.852, 'm3-1': 4.01, 'm4-1': 0.73}",0.0,inf,inf,inf,195.075,195.075
1050,TT4,BESTEFFORT,MISSED,m1-1,190.557,"{'m1-1': 2.43, 'm2-1': 1.43, 'm3-1': 4.24, 'm4-1': 0.759}",1.7536000000000058,194.46099999999998,inf,195.557,195.557,195.557
1051,TT2,BESTEFFORT,MISSED,m3-1,190.744,"{'m1-1': 2.182, 'm2-1': 2.047, 'm3-1': 4.729, 'm4-1': 0.874}",0.0,199.38,inf,199.38,195.844,195.844
1052,TT1,BESTEFFORT,COMPLETED,m4-1,190.776,"{'m1-1': 1.972, 'm2-1': 1.559, 'm3-1': 4.681, 'm4-1': 0.673}",1.0095,193.449,194.122,inf,195.776,195.776
1053,TT4,BESTEFFORT,CANCELLED,,190.892,"{'m1-1': 2.198, 'm2-1': 1.567, 'm3-1': 3.935, 'm4-1': 0.904}",0.0,inf,inf,inf,195.892,195.892
1054,TT2,BESTEFFORT,COMPLETED,m4-1,191.134,"{'m1-1': 2.024, 'm2-1': 2.05, 'm3-1': 4.788, 'm4-1': 0.863}",1.2945,194.122,194.985,inf,196.23399999999998,196.23399999999998
1055,TT3,BESTEFFORT,CANCELLED,,191.157,"{'m1-1': 2.407, 'm2-1': 1.661, 'm3-1': 4.504, 'm4-1': 0.916}",0.0,inf,inf,inf,196.357,196.357
1056,TT4,BESTEFFORT,CANCELLED,,191.73,"{'m1-1': 1.79, 'm2-1': 1.767, 'm3-1': 4.438, 'm4-1': 1.024}",0.0,inf,inf,inf,196.73,196.73
1057,TT1,BESTEFFORT,COMPLETED,m4-1,191.737,"{'m1-1': 2.384, 'm2-1': 1.653, 'm3-1': 4.019, 'm4-1': 0.857}",1.2854999999999999,195.686,196.543,inf,196.737,196.737
1058,TT1,BESTEFFORT,MISSED,m1-1,192.233,"{'m1-1': 2.421, 'm2-1': 1.93, 'm3-1': 4.386, 'm4-1': 0.819}",2.681600000000026,195.557,inf,197.233,197.233,197.233
1059,TT1,BESTEFFORT,COMPLETED,m4-1,192.44,"{'m1-1': 2.03, 'm2-1': 1.899, 'm3-1': 4.216, 'm4-1': 0.701}",1.0514999999999999,194.985,195.686,inf,197.44,197.44
1060,TT4,BESTEFFORT,MISSED,m2-1,192.549,"{'m1-1': 1.989, 'm2-1': 1.431, 'm3-1': 4.008, 'm4-1': 0.927}",0.0,197.924,inf,197.924,197.549,197.549
1061,TT4,BESTEFFORT,MISSED,m1-1,192.807,"{'m1-1': 2.036, 'm2-1': 1.426, 'm3-1': 4.094, 'm4-1': 0.959}",0.0,198.53,inf,198.53,197.807,197.807
1062,TT4,BESTEFFORT,MISSED,m2-1,192.924,"{'m1-1': 2.077, 'm2-1': 1.823, 'm3-1': 4.85, 'm4-1': 0.775}",5.43900000000005,196.111,inf,197.924,197.924,197.924
1063,TT3,BESTEFFORT,COMPLETED,m2-1,193.096,"{'m1-1': 1.873, 'm2-1': 1.654, 'm3-1': 4.949, 'm4-1': 0.746}",4.962,194.457,196.111,inf,198.296,198.296
1064,TT2,BESTEFFORT,MISSED,m1-1,193.43,"{'m1-1': 2.641, 'm2-1': 1.595, 'm3-1': 4.866, 'm4-1': 0.998}",2.0751999999999953,197.233,inf,198.53,198.53,198.53
1065,TT2,BESTEFFORT,COMPLETED,m4-1,193.617,"{'m1-1': 2.644, 'm2-1': 1.555, 'm3-1': 5.133, 'm4-1': 0.995}",1.4925,196.543,197.538,inf,198.71699999999998,198.71699999999998
1066,TT4,BESTEFFORT,MISSED,m3-1,193.863,"{'m1-1': 2.077, 'm2-1': 1.511, 'm3-1': 4.653, 'm4-1': 0.954}",7.669799999999992,194.602,inf,198.863,198.863,198.863
1067,TT1,BESTEFFORT,MISSED,m3-1,194.126,"{'m1-1': 2.623, 'm2-1': 1.764, 'm3-1': 4.196, 'm4-1': 0.637}",0.0,199.38,inf,199.38,199.126,199.126
1068,TT2,BESTEFFORT,MISSED,m4-1,194.138,"{'m1-1': 1.898, 'm2-1': 1.983, 'm3-1': 4.174, 'm4-1': 0.998}",1.3485000000000014,198.339,inf,199.238,199.238,199.238
1069,TT3,BESTEFFORT,MISSED,m2-1,194.201,"{'m1-1': 1.859, 'm2-1': 1.531, 'm3-1': 5.824, 'm4-1': 0.78}",4.430999999999926,197.924,inf,199.40099999999998,199.40099999999998,199.40099999999998
1070,TT4,BESTEFFORT,MISSED,m3-1,194.38,"{'m1-1': 2.067, 'm2-1': 1.401, 'm3-1': 4.875, 'm4-1': 0.913}",0.9305999999999927,198.863,inf,199.38,199.38,199.38
1071,TT1,BESTEFFORT,COMPLETED,m4-1,194.771,"{'m1-1': 1.988, 'm2-1': 1.918, 'm3-1': 4.322, 'm4-1': 0.801}",1.2015,197.538,198.339,inf,199.771,199.771
1072,TT3,BESTEFFORT,MISSED,m2-1,194.861,"{'m1-1': 2.061, 'm2-1': 1.323, 'm3-1': 5.342, 'm4-1': 0.975}",1.9799999999999898,199.40099999999998,inf,200.06099999999998,200.06099999999998,200.06099999999998
1073,TT2,BESTEFFORT,CANCELLED,,194.879,"{'m1-1': 2.508, 'm2-1': 1.884, 'm3-1': 4.474, 'm4-1': 0.747}",0.0,inf,inf,inf,199.97899999999998,199.97899999999998
1074,TT4,BESTEFFORT,MISSED,m4-1,195.059,"{'m1-1': 2.355, 'm2-1': 1.749, 'm3-1': 4.896, 'm4-1': 0.989}",0.0,200.717,inf,200.717,200.059,200.059
1075,TT3,BESTEFFORT,CANCELLED,,195.065,"{'m1-1': 2.343, 'm2-1': 1.655, 'm3-1': 5.968, 'm4-1': 0.945}",0.0,inf,inf,inf,200.265,200.265
1076,TT3,BESTEFFORT,MISSED,m1-1,195.216,"{'m1-1': 1.97, 'm2-1': 1.46, 'm3-1': 4.811, 'm4-1': 0.793}",3.017599999999993,198.53,inf,200.416,200.416,200.416
1077,TT1,BESTEFFORT,MISSED,m3-1,195.254,"{'m1-1': 1.986, 'm2-1': 1.959, 'm3-1': 3.922, 'm4-1': 0.734}",1.5731999999999915,199.38,inf,200.254,200.254,200.254
1078,TT3,BESTEFFORT,MISSED,m2-1,195.57,"{'m1-1': 2.367, 'm2-1': 1.66, 'm3-1': 5.968, 'm4-1': 0.976}",0.0,201.81999999999996,inf,201.81999999999996,200.76999999999998,200.76999999999998
1079,TT4,BESTEFFORT,MISSED,m3-1,195.629,"{'m1-1': 1.942, 'm2-1': 1.636, 'm3-1': 4.739, 'm4-1': 0.777}",0.0,204.28099999999998,inf,204.28099999999998,200.629,200.629
1080,TT4,BESTEFFORT,CANCELLED,,195.664,"{'m1-1': 2.415, 'm2-1': 1.667, 'm3-1': 3.826, 'm4-1': 0.983}",0.0,inf,inf,inf,200.664,200.664
1081,TT1,BESTEFFORT,COMPLETED,m4-1,195.81,"{'m1-1': 2.41, 'm2-1': 1.583, 'm3-1': 4.62, 'm4-1': 0.841}",1.2614999999999998,199.238,200.079,inf,200.81,200.81
1082,TT2,BESTEFFORT,CANCELLED,,195.821,"{'m1-1': 2.426, 'm2-1': 1.999, 'm3-1': 4.501, 'm4-1': 0.993}",0.0,inf,inf,inf,200.921,200.921
1083,TT4,BESTEFFORT,CANCELLED,,196.078,"{'m1-1': 2.018, 'm2-1': 1.659, 'm3-1': 4.605, 'm4-1': 0.983}",0.0,inf,inf,inf,201.078,201.078
1084,TT1,BESTEFFORT,CANCELLED,,196.199,"{'m1-1': 2.412, 'm2-1': 1.854, 'm3-1': 4.446, 'm4-1': 0.801}",0.0,inf,inf,inf,201.199,201.199
1085,TT4,BESTEFFORT,MISSED,m1-1,196.294,"{'m1-1': 1.862, 'm2-1': 1.807, 'm3-1': 4.199, 'm4-1': 1.049}",0.0,202.10299999999998,inf,202.10299999999998,201.294,201.294
1086,TT3,BESTEFFORT,MISSED,m1-1,196.903,"{'m1-1': 1.755, 'm2-1': 1.7, 'm3-1': 4.317, 'm4-1': 0.724}",2.6991999999999736,200.416,inf,202.10299999999998,202.10299999999998,202.10299999999998
1087,TT4,BESTEFFORT,CANCELLED,,196.979,"{'m1-1': 2.395, 'm2-1': 1.865, 'm3-1': 3.919, 'm4-1': 0.922}",0.0,inf,inf,inf,201.979,201.979
1088,TT2,BESTEFFORT,CANCELLED,,197.179,"{'m1-1': 2.599, 'm2-1': 2.051, 'm3-1': 3.897, 'm4-1': 0.727}",0.0,inf,inf,inf,202.279,202.279
1089,TT1,BESTEFFORT,COMPLETED,m4-1,197.477,"{'m1-1': 2.103, 'm2-1': 1.802, 'm3-1': 4.583, 'm4-1': 0.638}",0.9570000000000001,200.079,200.717,inf,202.477,202.477
1090,TT4,BESTEFFORT,MISSED,m1-1,197.513,"{'m1-1': 1.767, 'm2-1': 1.669, 'm3-1': 4.954, 'm4-1': 0.858}",0.6560000000000401,202.10299999999998,inf,202.513,202.513,202.513
1091,TT2,BESTEFFORT,CANCELLED,,197.771,"{'m1-1': 2.361, 'm2-1': 1.808, 'm3-1': 4.64, 'm4-1': 0.847}",0.0,inf,inf,inf,202.87099999999998,202.87099999999998
1092,TT3,BESTEFFORT,COMPLETED,m2-1,197.832,"{'m1-1': 2.174, 'm2-1': 1.759, 'm3-1': 4.958, 'm4-1': 0.818}",5.276999999999999,200.06099999999998,201.81999999999996,inf,203.03199999999998,203.03199999999998
1093,TT3,BESTEFFORT,CANCELLED,,197.905,"{'m1-1': 1.883, 'm2-1': 1.507, 'm3-1': 5.749, 'm4-1': 0.876}",0.0,inf,inf,inf,203.105,203.105
1094,TT1,BESTEFFORT,CANCELLED,,197.957,"{'m1-1': 1.964, 'm2-1': 1.653, 'm3-1': 4.354, 'm4-1': 0.76}",0.0,inf,inf,inf,202.957,202.957
1095,TT3,BESTEFFORT,MISSED,m2-1,197.958,"{'m1-1': 2.156, 'm2-1': 1.444, 'm3-1': 5.958, 'm4-1': 0.861}",4.014000000000067,201.81999999999996,inf,203.158,203.158,203.158
1096,TT4,BESTEFFORT,MISSED,m2-1,197.971,"{'m1-1': 1.958, 'm2-1': 1.579, 'm3-1': 4.045, 'm4-1': 0.862}",0.0,203.158,inf,203.158,202.971,202.971
1097,TT4,BESTEFFORT,MISSED,m3-1,198.376,"{'m1-1': 1.84, 'm2-1': 1.861, 'm3-1': 3.738, 'm4-1': 0.973}",0.0,204.28099999999998,inf,204.28099999999998,203.376,203.376
1098,TT1,BESTEFFORT,CANCELLED,,198.563,"{'m1-1': 1.857, 'm2-1': 1.821, 'm3-1': 3.773, 'm4-1': 0.829}",0.0,inf,inf,inf,203.563,203.563
1099,TT3,BESTEFFORT,CANCELLED,,198.623,"{'m1-1': 1.902, 'm2-1': 1.544, 'm3-1': 4.502, 'm4-1': 0.75}",0.0,inf,inf,inf,203.82299999999998,203.82299999999998
1100,TT1,BESTEFFORT,CANCELLED,,199.028,"{'m1-1': 2.041, 'm2-1': 1.439, 'm3-1': 4.045, 'm4-1': 0.791}",0.0,inf,inf,inf,204.028,204.028
1101,TT3,BESTEFFORT,COMPLETED,m4-1,199.122,"{'m1-1': 2.225, 'm2-1': 1.674, 'm3-1': 4.595, 'm4-1': 0.771}",1.1565,200.717,201.488,inf,204.322,204.322
1102,TT2,BESTEFFORT,MISSED,m4-1,199.19,"{'m1-1': 1.882, 'm2-1': 1.801, 'm3-1': 4.283, 'm4-1': 0.726}",0.9044999999999703,203.687,inf,204.29,204.29,204.29
1103,TT4,BESTEFFORT,MISSED,m1-1,199.282,"{'m1-1': 1.838, 'm2-1': 1.564, 'm3-1': 4.185, 'm4-1': 0.759}",2.830400000000009,202.513,inf,204.282,204.282,204.282
1104,TT1,BESTEFFORT,COMPLETED,m3-1,199.32,"{'m1-1': 2.498, 'm2-1': 1.608, 'm3-1': 4.027, 'm4-1': 0.823}",7.248600000000001,200.254,204.28099999999998,inf,204.32,204.32
1105,TT1,BESTEFFORT,MISSED,m2-1,199.374,"{'m1-1': 2.348, 'm2-1': 1.723, 'm3-1': 4.653, 'm4-1': 0.833}",0.0,207.316,inf,207.316,204.374,204.374
1106,TT2,BESTEFFORT,MISSED,m3-1,199.471,"{'m1-1': 2.143, 'm2-1': 1.613, 'm3-1': 3.703, 'm4-1': 0.753}",0.0,206.59199999999998,inf,206.59199999999998,204.571,204.571
1107,TT2,BESTEFFORT,MISSED,m3-1,199.563,"{'m1-1': 1.888, 'm2-1': 1.789, 'm3-1': 4.259, 'm4-1': 0.773}",0.687600000000009,204.28099999999998,inf,204.66299999999998,204.66299999999998,204.66299999999998
1108,TT1,BESTEFFORT,COMPLETED,m4-1,199.612,"{'m1-1': 1.857, 'm2-1': 1.515, 'm3-1': 4.312, 'm4-1': 0.717}",1.0755,202.243,202.96,inf,204.612,204.612
1109,TT2,BESTEFFORT,CANCELLED,,199.68,"{'m1-1': 2.462, 'm2-1': 1.869, 'm3-1': 4.661, 'm4-1': 0.866}",0.0,inf,inf,inf,204.78,204.78
1110,TT2,BESTEFFORT,CANCELLED,,199.705,"{'m1-1': 2.126, 'm2-1': 1.895, 'm3-1': 3.807, 'm4-1': 0.946}",0.0,inf,inf,inf,204.805,204.805
1111,TT2,BESTEFFORT,CANCELLED,,199.823,"{'m1-1': 2.529, 'm2-1': 2.082, 'm3-1': 4.661, 'm4-1': 1.011}",0.0,inf,inf,inf,204.923,204.923
1112,TT1,BESTEFFORT,COMPLETED,m4-1,199.828,"{'m1-1': 2.597, 'm2-1': 1.406, 'm3-1': 4.407, 'm4-1': 0.755}",1.1325,201.488,202.243,inf,204.828,204.828
1113,TT2,BESTEFFORT,CANCELLED,,200.126,"{'m1-1': 2.521, 'm2-1': 1.621, 'm3-1': 5.022, 'm4-1': 0.837}",0.0,inf,inf,inf,205.226,205.226
1114,TT3,BESTEFFORT,COMPLETED,m2-1,200.279,"{'m1-1': 2.158, 'm2-1': 1.659, 'm3-1': 5.622, 'm4-1': 0.972}",4.977,203.158,204.81699999999998,inf,205.47899999999998,205.47899999999998
1115,TT1,BESTEFFORT,COMPLETED,m4-1,200.352,"{'m1-1': 2.197, 'm2-1': 1.555, 'm3-1': 4.196, 'm4-1': 0.727}",1.0905,202.96,203.687,inf,205.352,205.352
1116,TT1,BESTEFFORT,MISSED,m1-1,200.555,"{'m1-1': 2.044, 'm2-1': 1.441, 'm3-1': 3.675, 'm4-1': 0.761}",2.0367999999999937,204.282,inf,205.555,205.555,205.555
1117,TT3,BESTEFFORT,MISSED,m2-1,200.578,"{'m1-1': 2.141, 'm2-1': 1.742, 'm3-1': 4.451, 'm4-1': 0.931}",2.883000000000038,204.81699999999998,inf,205.778,205.778,205.778
1118,TT2,BESTEFFORT,MISSED,m1-1,200.681,"{'m1-1': 2.14, 'm2-1': 2.01, 'm3-1': 4.739, 'm4-1': 0.911}",0.0,206.178,inf,206.178,205.781,205.781
1119,TT2,BESTEFFORT,CANCELLED,,200.873,"{'m1-1': 2.102, 'm2-1': 1.943, 'm3-1': 4.368, 'm4-1': 0.736}",0.0,inf,inf,inf,205.97299999999998,205.97299999999998
1120,TT1,BESTEFFORT,MISSED,m3-1,201.039,"{'m1-1': 2.622, 'm2-1': 1.639, 'm3-1': 5.033, 'm4-1': 0.694}",0.0,206.59199999999998,inf,206.59199999999998,206.039,206.039
1121,TT4,BESTEFFORT,MISSED,m1-1,201.178,"{'m1-1': 2.0, 'm2-1': 1.732, 'm3-1': 4.802, 'm4-1': 0.961}",0.9967999999999848,205.555,inf,206.178,206.178,206.178
1122,TT2,BESTEFFORT,MISSED,m3-1,201.492,"{'m1-1': 1.97, 'm2-1': 1.852, 'm3-1': 3.775, 'm4-1': 0.995}",3.472200000000004,204.66299999999998,inf,206.59199999999998,206.59199999999998,206.59199999999998
1123,TT2,BESTEFFORT,CANCELLED,,201.745,"{'m1-1': 2.527, 'm2-1': 1.677, 'm3-1': 4.195, 'm4-1': 0.995}",0.0,inf,inf,inf,206.845,206.845
1124,TT1,BESTEFFORT,COMPLETED,m4-1,201.814,"{'m1-1': 2.009, 'm2-1': 1.939, 'm3-1': 4.753, 'm4-1': 0.799}",1.1985000000000001,204.29,205.089,inf,206.814,206.814
1125,TT1,BESTEFFORT,COMPLETED,m4-1,202.74,"{'m1-1': 2.609, 'm2-1': 1.972, 'm3-1': 4.553, 'm4-1': 0.763}",1.1445,205.089,205.852,inf,207.74,207.74
1126,TT4,BESTEFFORT,MISSED,m1-1,202.842,"{'m1-1': 2.136, 'm2-1': 1.364, 'm3-1': 5.094, 'm4-1': 0.874}",2.662400000000025,206.178,inf,207.842,207.842,207.842
1127,TT1,BESTEFFORT,COMPLETED,m2-1,203.021,"{'m1-1': 2.549, 'm2-1': 1.538, 'm3-1': 5.098, 'm4-1': 0.806}",4.614,205.778,207.316,inf,208.021,208.021
1128,TT1,BESTEFFORT,COMPLETED,m4-1,203.357,"{'m1-1': 2.049, 'm2-1': 1.549, 'm3-1': 4.48, 'm4-1': 0.742}",1.113,206.689,207.43099999999998,inf,208.357,208.357
1129,TT1,BESTEFFORT,COMPLETED,m4-1,203.429,"{'m1-1': 2.521, 'm2-1': 1.633, 'm3-1': 4.357, 'm4-1': 0.837}",1.2555,205.852,206.689,inf,208.429,208.429
1130,TT3,BESTEFFORT,MISSED,m2-1,203.447,"{'m1-1': 1.837, 'm2-1': 1.673, 'm3-1': 4.235, 'm4-1': 0.916}",3.9929999999999666,207.316,inf,208.647,208.647,208.647
1131,TT2,BESTEFFORT,COMPLETED,m4-1,203.474,"{'m1-1': 2.2, 'm2-1': 1.974, 'm3-1': 5.034, 'm4-1': 0.989}",1.4835,207.43099999999998,208.42,inf,208.57399999999998,208.57399999999998
1132,TT2,BESTEFFORT,CANCELLED,,203.88,"{'m1-1': 2.426, 'm2-1': 1.718, 'm3-1': 4.409, 'm4-1': 0.99}",0.0,inf,inf,inf,208.98,208.98
1133,TT2,BESTEFFORT,CANCELLED,,204.088,"{'m1-1': 2.381, 'm2-1': 1.799, 'm3-1': 4.087, 'm4-1': 0.929}",0.0,inf,inf,inf,209.188,209.188
1134,TT1,BESTEFFORT,MISSED,m3-1,204.235,"{'m1-1': 2.321, 'm2-1': 1.779, 'm3-1': 4.303, 'm4-1': 0.823}",4.757400000000053,206.59199999999998,inf,209.235,209.235,209.235
1135,TT1,BESTEFFORT,MISSED,m1-1,204.305,"{'m1-1': 2.597, 'm2-1': 1.594, 'm3-1': 4.367, 'm4-1': 0.662}",2.3407999999999904,207.842,inf,209.305,209.305,209.305
1136,TT4,BESTEFFORT,CANCELLED,,204.486,"{'m1-1': 1.744, 'm2-1': 1.646, 'm3-1': 4.846, 'm4-1': 1.062}",0.0,inf,inf,inf,209.486,209.486
1137,TT2,BESTEFFORT,CANCELLED,,204.628,"{'m1-1': 2.192, 'm2-1': 1.955, 'm3-1': 4.111, 'm4-1': 0.817}",0.0,inf,inf,inf,209.72799999999998,209.72799999999998
1138,TT1,BESTEFFORT,COMPLETED,m4-1,204.94,"{'m1-1': 2.231, 'm2-1': 1.662, 'm3-1': 4.108, 'm4-1': 0.752}",1.1280000000000001,208.42,209.172,inf,209.94,209.94
1139,TT4,BESTEFFORT,MISSED,m2-1,205.265,"{'m1-1': 1.975, 'm2-1': 1.762, 'm3-1': 4.743, 'm4-1': 0.986}",4.853999999999985,208.647,inf,210.265,210.265,210.265
1140,TT3,BESTEFFORT,MISSED,m1-1,205.748,"{'m1-1': 2.156, 'm2-1': 1.551, 'm3-1': 5.812, 'm4-1': 0.883}",0.0,211.028,inf,211.028,210.94799999999998,210.94799999999998
1141,TT4,BESTEFFORT,MISSED,m1-1,206.028,"{'m1-1': 2.289, 'm2-1': 1.606, 'm3-1': 4.932, 'm4-1': 0.808}",2.7567999999999757,209.305,inf,211.028,211.028,211.028
1142,TT2,BESTEFFORT,MISSED,m3-1,206.146,"{'m1-1': 2.097, 'm2-1': 1.767, 'm3-1': 4.677, 'm4-1': 0.74}",0.0,211.33,inf,211.33,211.24599999999998,211.24599999999998
1143,TT2,BESTEFFORT,MISSED,m3-1,206.305,"{'m1-1': 2.633, 'm2-1': 1.716, 'm3-1': 4.765, 'm4-1': 0.98}",0.13499999999997955,211.33,inf,211.405,211.405,211.405
1144,TT1,BESTEFFORT,COMPLETED,m4-1,206.316,"{'m1-1': 2.07, 'm2-1': 1.884, 'm3-1': 4.373, 'm4-1': 0.753}",1.1295,209.172,209.92499999999998,inf,211.316,211.316
1145,TT4,BESTEFFORT,MISSED,m3-1,206.33,"{'m1-1': 2.324, 'm2-1': 1.386, 'm3-1': 3.84, 'm4-1': 1.054}",3.770999999999998,209.235,inf,211.33,211.33,211.33
1146,TT1,BESTEFFORT,CANCELLED,,206.726,"{'m1-1': 2.31, 'm2-1': 1.823, 'm3-1': 4.343, 'm4-1': 0.699}",0.0,inf,inf,inf,211.726,211.726
1147,TT1,BESTEFFORT,COMPLETED,m4-1,206.759,"{'m1-1': 2.27, 'm2-1': 1.77, 'm3-1': 3.901, 'm4-1': 0.801}",1.2015,209.92499999999998,210.72599999999997,inf,211.759,211.759
1148,TT2,BESTEFFORT,CANCELLED,,206.835,"{'m1-1': 2.24, 'm2-1': 2.09, 'm3-1': 4.166, 'm4-1': 0.838}",0.0,inf,inf,inf,211.935,211.935
1149,TT4,BESTEFFORT,CANCELLED,,206.853,"{'m1-1': 2.076, 'm2-1': 1.597, 'm3-1': 3.823, 'm4-1': 0.963}",0.0,inf,inf,inf,211.853,211.853
1150,TT3,BESTEFFORT,MISSED,m1-1,207.067,"{'m1-1': 1.718, 'm2-1': 1.432, 'm3-1': 5.132, 'm4-1': 0.818}",0.0,212.87199999999999,inf,212.87199999999999,212.267,212.267
1151,TT4,BESTEFFORT,COMPLETED,m2-1,207.077,"{'m1-1': 2.136, 'm2-1': 1.597, 'm3-1': 3.75, 'm4-1': 1.03}",4.791,210.265,211.862,inf,212.077,212.077
1152,TT3,BESTEFFORT,MISSED,m2-1,207.088,"{'m1-1': 1.893, 'm2-1': 1.371, 'm3-1': 4.896, 'm4-1': 0.85}",1.2779999999999632,211.862,inf,212.28799999999998,212.28799999999998,212.28799999999998
1153,TT4,BESTEFFORT,CANCELLED,,207.233,"{'m1-1': 1.985, 'm2-1': 1.726, 'm3-1': 4.347, 'm4-1': 0.859}",0.0,inf,inf,inf,212.233,212.233
1154,TT2,BESTEFFORT,CANCELLED,,207.301,"{'m1-1': 1.948, 'm2-1': 1.575, 'm3-1': 4.729, 'm4-1': 0.828}",0.0,inf,inf,inf,212.40099999999998,212.40099999999998
1155,TT3,BESTEFFORT,MISSED,m4-1,207.346,"{'m1-1': 1.821, 'm2-1': 1.603, 'm3-1': 5.218, 'm4-1': 0.905}",0.3930000000000007,212.284,inf,212.546,212.546,212.546
1156,TT2,BESTEFFORT,CANCELLED,,207.458,"{'m1-1': 2.613, 'm2-1': 1.736, 'm3-1': 4.256, 'm4-1': 0.817}",0.0,inf,inf,inf,212.558,212.558
1157,TT3,BESTEFFORT,CANCELLED,,207.647,"{'m1-1': 2.161, 'm2-1': 1.661, 'm3-1': 5.853, 'm4-1': 0.796}",0.0,inf,inf,inf,212.84699999999998,212.84699999999998
1158,TT2,BESTEFFORT,CANCELLED,,207.658,"{'m1-1': 1.865, 'm2-1': 1.619, 'm3-1': 3.766, 'm4-1': 0.949}",0.0,inf,inf,inf,212.75799999999998,212.75799999999998
1159,TT4,BESTEFFORT,CANCELLED,,207.678,"{'m1-1': 1.905, 'm2-1': 1.611, 'm3-1': 4.989, 'm4-1': 0.926}",0.0,inf,inf,inf,212.678,212.678
1160,TT2,BESTEFFORT,CANCELLED,,207.739,"{'m1-1': 2.316, 'm2-1': 1.527, 'm3-1': 4.529, 'm4-1': 0.83}",0.0,inf,inf,inf,212.839,212.839
1161,TT2,BESTEFFORT,MISSED,m1-1,207.772,"{'m1-1': 2.339, 'm2-1': 1.587, 'm3-1': 4.782, 'm4-1': 0.756}",2.950399999999991,211.028,inf,212.87199999999999,212.87199999999999,212.87199999999999
1162,TT3,BESTEFFORT,CANCELLED,,207.788,"{'m1-1': 1.794, 'm2-1': 1.487, 'm3-1': 4.929, 'm4-1': 1.013}",0.0,inf,inf,inf,212.988,212.988
1163,TT4,BESTEFFORT,MISSED,m3-1,207.82,"{'m1-1': 1.985, 'm2-1': 1.414, 'm3-1': 3.668, 'm4-1': 1.001}",0.0,214.583,inf,214.583,212.82,212.82
1164,TT1,BESTEFFORT,COMPLETED,m4-1,208.102,"{'m1-1': 2.373, 'm2-1': 1.942, 'm3-1': 4.08, 'm4-1': 0.711}",1.0665,210.72599999999997,211.43699999999998,inf,213.102,213.102
1165,TT3,BESTEFFORT,CANCELLED,,208.311,"{'m1-1': 1.767, 'm2-1': 1.702, 'm3-1': 5.962, 'm4-1': 0.732}",0.0,inf,inf,inf,213.511,213.511
1166,TT3,BESTEFFORT,MISSED,m2-1,208.326,"{'m1-1': 2.305, 'm2-1': 1.322, 'm3-1': 5.62, 'm4-1': 0.839}",3.7139999999999986,212.28799999999998,inf,213.52599999999998,213.52599999999998,213.52599999999998
1167,TT4,BESTEFFORT,MISSED,m2-1,208.352,"{'m1-1': 1.9, 'm2-1': 1.436, 'm3-1': 4.285, 'm4-1': 0.923}",0.0,215.34699999999998,inf,215.34699999999998,213.352,213.352
1168,TT2,BESTEFFORT,CANCELLED,,208.357,"{'m1-1': 1.866, 'm2-1': 1.575, 'm3-1': 3.803, 'm4-1': 0.892}",0.0,inf,inf,inf,213.457,213.457
1169,TT3,BESTEFFORT,MISSED,m2-1,208.446,"{'m1-1': 2.141, 'm2-1': 1.316, 'm3-1': 4.764, 'm4-1': 0.869}",0.36000000000001364,213.52599999999998,inf,213.646,213.646,213.646
1170,TT2,BESTEFFORT,CANCELLED,,208.481,"{'m1-1': 2.321, 'm2-1': 1.912, 'm3-1': 3.75, 'm4-1': 1.009}",0.0,inf,inf,inf,213.581,213.581
1171,TT1,BESTEFFORT,MISSED,m3-1,208.563,"{'m1-1': 2.269, 'm2-1': 1.868, 'm3-1': 3.904, 'm4-1': 0.755}",3.8843999999999768,211.405,inf,213.563,213.563,213.563
1172,TT2,BESTEFFORT,CANCELLED,,208.762,"{'m1-1': 2.494, 'm2-1': 1.588, 'm3-1': 4.563, 'm4-1': 1.002}",0.0,inf,inf,inf,213.862,213.862
1173,TT1,BESTEFFORT,COMPLETED,m4-1,208.856,"{'m1-1': 2.16, 'm2-1': 1.874, 'm3-1': 4.167, 'm4-1': 0.847}",1.2705,211.43699999999998,212.284,inf,213.856,213.856
1174,TT3,BESTEFFORT,CANCELLED,,209.075,"{'m1-1': 2.291, 'm2-1': 1.736, 'm3-1': 4.396, 'm4-1': 1.009}",0.0,inf,inf,inf,214.27499999999998,214.27499999999998
1175,TT2,BESTEFFORT,CANCELLED,,209.186,"{'m1-1': 1.935, 'm2-1': 1.581, 'm3-1': 4.733, 'm4-1': 0.767}",0.0,inf,inf,inf,214.286,214.286
1176,TT2,BESTEFFORT,CANCELLED,,209.186,"{'m1-1': 2.409, 'm2-1': 1.593, 'm3-1': 5.096, 'm4-1': 0.967}",0.0,inf,inf,inf,214.286,214.286
1177,TT2,BESTEFFORT,COMPLETED,m4-1,209.191,"{'m1-1': 2.481, 'm2-1': 1.914, 'm3-1': 4.324, 'm4-1': 0.841}",1.2614999999999998,212.546,213.387,inf,214.291,214.291
1178,TT2,BESTEFFORT,MISSED,m3-1,209.483,"{'m1-1': 1.964, 'm2-1': 1.821, 'm3-1': 4.798, 'm4-1': 0.978}",1.8360000000000185,213.563,inf,214.583,214.583,214.583
1179,TT3,BESTEFFORT,CANCELLED,,209.548,"{'m1-1': 1.883, 'm2-1': 1.712, 'm3-1': 5.28, 'm4-1': 0.826}",0.0,inf,inf,inf,214.748,214.748
1180,TT4,BESTEFFORT,CANCELLED,,209.833,"{'m1-1': 2.068, 'm2-1': 1.665, 'm3-1': 3.71, 'm4-1': 0.889}",0.0,inf,inf,inf,214.833,214.833
1181,TT3,BESTEFFORT,CANCELLED,,209.915,"{'m1-1': 2.077, 'm2-1': 1.783, 'm3-1': 4.827, 'm4-1': 0.846}",0.0,inf,inf,inf,215.11499999999998,215.11499999999998
1182,TT1,BESTEFFORT,MISSED,m4-1,210.22,"{'m1-1': 2.382, 'm2-1': 1.489, 'm3-1': 3.61, 'm4-1': 0.824}",0.0,217.05400000000003,inf,217.05400000000003,215.22,215.22
1183,TT4,BESTEFFORT,MISSED,m1-1,210.243,"{'m1-1': 1.813, 'm2-1': 1.363, 'm3-1': 4.723, 'm4-1': 0.844}",0.5968000000000302,214.86999999999998,inf,215.243,215.243,215.243
1184,TT1,BESTEFFORT,MISSED,m1-1,210.282,"{'m1-1': 1.939, 'm2-1': 1.817, 'm3-1': 4.611, 'm4-1': 0.854}",0.0,215.704,inf,215.704,215.282,215.282
1185,TT3,BESTEFFORT,COMPLETED,m1-1,210.376,"{'m1-1': 1.998, 'm2-1': 1.357, 'm3-1': 4.637, 'm4-1': 0.795}",3.1968,212.87199999999999,214.86999999999998,inf,215.576,215.576
1186,TT3,BESTEFFORT,CANCELLED,,210.449,"{'m1-1': 2.318, 'm2-1': 1.702, 'm3-1': 4.776, 'm4-1': 0.855}",0.0,inf,inf,inf,215.649,215.649
1187,TT2,BESTEFFORT,MISSED,m3-1,210.587,"{'m1-1': 1.912, 'm2-1': 2.022, 'm3-1': 3.632, 'm4-1': 0.809}",0.0,215.905,inf,215.905,215.68699999999998,215.68699999999998
1188,TT4,BESTEFFORT,MISSED,m1-1,210.704,"{'m1-1': 2.111, 'm2-1': 1.601, 'm3-1': 4.157, 'm4-1': 0.975}",0.7376000000000205,215.243,inf,215.704,215.704,215.704
1189,TT1,BESTEFFORT,MISSED,m3-1,210.905,"{'m1-1': 2.566, 'm2-1': 1.69, 'm3-1': 4.696, 'm4-1': 0.721}",2.379600000000005,214.583,inf,215.905,215.905,215.905
1190,TT4,BESTEFFORT,COMPLETED,m2-1,210.982,"{'m1-1': 2.433, 'm2-1': 1.701, 'm3-1': 4.699, 'm4-1': 0.887}",5.103,213.646,215.34699999999998,inf,215.982,215.982
1191,TT1,BESTEFFORT,COMPLETED,m4-1,211.165,"{'m1-1': 2.371, 'm2-1': 1.862, 'm3-1': 4.831, 'm4-1': 0.666}",0.9990000000000001,213.387,214.053,inf,216.165,216.165
1192,TT2,BESTEFFORT,CANCELLED,,211.421,"{'m1-1': 2.252, 'm2-1': 1.574, 'm3-1': 4.317, 'm4-1': 0.836}",0.0,inf,inf,inf,216.521,216.521
1193,TT1,BESTEFFORT,MISSED,m4-1,211.511,"{'m1-1': 2.535, 'm2-1': 1.543, 'm3-1': 4.923, 'm4-1': 0.807}",0.0,217.89700000000002,inf,217.89700000000002,216.511,216.511
1194,TT1,BESTEFFORT,COMPLETED,m4-1,211.55,"{'m1-1': 2.108, 'm2-1': 1.842, 'm3-1': 4.568, 'm4-1': 0.734}",1.101,214.053,214.787,inf,216.55,216.55
1195,TT1,BESTEFFORT,CANCELLED,,211.903,"{'m1-1': 2.096, 'm2-1': 1.591, 'm3-1': 4.606, 'm4-1': 0.857}",0.0,inf,inf,inf,216.903,216.903
1196,TT1,BESTEFFORT,MISSED,m2-1,212.134,"{'m1-1': 1.928, 'm2-1': 1.872, 'm3-1': 5.05, 'm4-1': 0.668}",0.08699999999998909,217.105,inf,217.134,217.134,217.134
1197,TT1,BESTEFFORT,CANCELLED,,212.259,"{'m1-1': 1.951, 'm2-1': 1.603, 'm3-1': 3.667, 'm4-1': 0.776}",0.0,inf,inf,inf,217.259,217.259
1198,TT1,BESTEFFORT,COMPLETED,m4-1,212.466,"{'m1-1': 2.339, 'm2-1': 1.866, 'm3-1': 4.677, 'm4-1': 0.859}",1.2885,214.787,215.64600000000002,inf,217.466,217.466
1199,TT3,BESTEFFORT,CANCELLED,,212.54,"{'m1-1': 1.902, 'm2-1': 1.67, 'm3-1': 4.416, 'm4-1': 0.877}",0.0,inf,inf,inf,217.73999999999998,217.73999999999998
1200,TT4,BESTEFFORT,COMPLETED,m2-1,212.638,"{'m1-1': 2.335, 'm2-1': 1.758, 'm3-1': 4.36, 'm4-1': 0.989}",5.274,215.34699999999998,217.105,inf,217.638,217.638
1201,TT4,BESTEFFORT,MISSED,m3-1,212.957,"{'m1-1': 2.223, 'm2-1': 1.373, 'm3-1': 4.012, 'm4-1': 0.823}",3.6935999999999867,215.905,inf,217.957,217.957,217.957
1202,TT1,BESTEFFORT,COMPLETED,m4-1,213.081,"{'m1-1': 2.07, 'm2-1': 1.905, 'm3-1': 4.585, 'm4-1': 0.711}",1.0665,215.64600000000002,216.35700000000003,inf,218.081,218.081
1203,TT2,BESTEFFORT,CANCELLED,,213.236,"{'m1-1': 2.316, 'm2-1': 1.529, 'm3-1': 4.041, 'm4-1': 0.747}",0.0,inf,inf,inf,218.33599999999998,218.33599999999998
1204,TT1,BESTEFFORT,CANCELLED,,213.275,"{'m1-1': 2.511, 'm2-1': 1.806, 'm3-1': 4.203, 'm4-1': 0.734}",0.0,inf,inf,inf,218.275,218.275
1205,TT4,BESTEFFORT,CANCELLED,,213.329,"{'m1-1': 2.073, 'm2-1': 1.373, 'm3-1': 3.925, 'm4-1': 0.902}",0.0,inf,inf,inf,218.329,218.329
1206,TT2,BESTEFFORT,CANCELLED,,213.589,"{'m1-1': 2.311, 'm2-1': 1.967, 'm3-1': 4.057, 'm4-1': 0.765}",0.0,inf,inf,inf,218.689,218.689
1207,TT1,BESTEFFORT,MISSED,m3-1,213.938,"{'m1-1': 2.331, 'm2-1': 1.861, 'm3-1': 3.719, 'm4-1': 0.64}",1.7657999999999903,217.957,inf,218.938,218.938,218.938
1208,TT1,BESTEFFORT,COMPLETED,m4-1,213.999,"{'m1-1': 1.945, 'm2-1': 1.622, 'm3-1': 4.027, 'm4-1': 0.697}",1.0454999999999999,216.35700000000003,217.05400000000003,inf,218.999,218.999
1209,TT2,BESTEFFORT,COMPLETED,m4-1,214.564,"{'m1-1': 2.277, 'm2-1': 1.768, 'm3-1': 3.657, 'm4-1': 0.852}",1.278,218.698,219.55,inf,219.664,219.664
1210,TT3,BESTEFFORT,COMPLETED,m1-1,214.668,"{'m1-1': 2.278, 'm2-1': 1.656, 'm3-1': 5.484, 'm4-1': 0.916}",3.6448,215.704,217.982,inf,219.868,219.868
1211,TT3,BESTEFFORT,COMPLETED,m2-1,214.718,"{'m1-1': 2.118, 'm2-1': 1.697, 'm3-1': 5.664, 'm4-1': 0.861}",5.091,217.134,218.831,inf,219.91799999999998,219.91799999999998
1212,TT2,BESTEFFORT,MISSED,m3-1,214.804,"{'m1-1': 2.453, 'm2-1': 1.869, 'm3-1': 3.914, 'm4-1': 0.803}",1.7388000000000148,218.938,inf,219.904,219.904,219.904
1213,TT2,BESTEFFORT,CANCELLED,,214.929,"{'m1-1': 2.589, 'm2-1': 1.654, 'm3-1': 4.555, 'm4-1': 0.837}",0.0,inf,inf,inf,220.029,220.029
1214,TT2,BESTEFFORT,MISSED,m1-1,215.02,"{'m1-1': 2.348, 'm2-1': 1.687, 'm3-1': 4.462, 'm4-1': 0.924}",3.4208000000000087,217.982,inf,220.12,220.12,220.12
1215,TT3,BESTEFFORT,MISSED,m2-1,215.039,"{'m1-1': 1.818, 'm2-1': 1.664, 'm3-1': 5.946, 'm4-1': 0.965}",4.223999999999961,218.831,inf,220.23899999999998,220.23899999999998,220.23899999999998
1216,TT4,BESTEFFORT,MISSED,m2-1,215.217,"{'m1-1': 2.202, 'm2-1': 1.768, 'm3-1': 4.285, 'm4-1': 0.886}",0.0,221.046,inf,221.046,220.217,220.217
1217,TT4,BESTEFFORT,MISSED,m3-1,215.247,"{'m1-1': 1.817, 'm2-1': 1.512, 'm3-1': 5.124, 'm4-1': 0.812}",0.6174000000000319,219.904,inf,220.247,220.247,220.247
1218,TT3,BESTEFFORT,CANCELLED,,215.32,"{'m1-1': 2.28, 'm2-1': 1.527, 'm3-1': 4.748, 'm4-1': 0.743}",0.0,inf,inf,inf,220.51999999999998,220.51999999999998
1219,TT4,BESTEFFORT,MISSED,m1-1,215.389,"{'m1-1': 1.869, 'm2-1': 1.809, 'm3-1': 4.969, 'm4-1': 0.91}",0.4304000000000088,220.12,inf,220.389,220.389,220.389
1220,TT4,BESTEFFORT,MISSED,m3-1,215.391,"{'m1-1': 2.346, 'm2-1': 1.822, 'm3-1': 4.426, 'm4-1': 0.991}",0.0,223.542,inf,223.542,220.391,220.391
1221,TT2,BESTEFFORT,COMPLETED,m4-1,215.477,"{'m1-1': 1.912, 'm2-1': 1.527, 'm3-1': 3.95, 'm4-1': 0.843}",1.2645,217.05400000000003,217.89700000000002,inf,220.577,220.577
1222,TT1,BESTEFFORT,MISSED,m1-1,215.638,"{'m1-1': 2.029, 'm2-1': 1.634, 'm3-1': 4.479, 'm4-1': 0.72}",0.39839999999999237,220.389,inf,220.638,220.638,220.638
1223,TT3,BESTEFFORT,CANCELLED,,215.852,"{'m1-1': 2.397, 'm2-1': 1.499, 'm3-1': 4.801, 'm4-1': 0.819}",0.0,inf,inf,inf,221.052,221.052
1224,TT1,BESTEFFORT,MISSED,m2-1,216.046,"{'m1-1': 2.395, 'm2-1': 1.548, 'm3-1': 3.676, 'm4-1': 0.695}",2.421000000000049,220.23899999999998,inf,221.046,221.046,221.046
1225,TT3,BESTEFFORT,MISSED,m2-1,216.417,"{'m1-1': 1.872, 'm2-1': 1.458, 'm3-1': 4.791, 'm4-1': 0.915}",0.0,222.34699999999998,inf,222.34699999999998,221.617,221.617
1226,TT1,BESTEFFORT,COMPLETED,m4-1,216.464,"{'m1-1': 2.622, 'm2-1': 1.422, 'm3-1': 4.427, 'm4-1': 0.801}",1.2015,217.89700000000002,218.698,inf,221.464,221.464
1227,TT4,BESTEFFORT,MISSED,m1-1,216.811,"{'m1-1': 1.907, 'm2-1': 1.614, 'm3-1': 4.363, 'm4-1': 0.964}",1.876800000000003,220.638,inf,221.811,221.811,221.811
1228,TT2,BESTEFFORT,CANCELLED,,216.873,"{'m1-1': 1.973, 'm2-1': 1.92, 'm3-1': 3.752, 'm4-1': 0.765}",0.0,inf,inf,inf,221.97299999999998,221.97299999999998
1229,TT3,BESTEFFORT,CANCELLED,,217.373,"{'m1-1': 1.883, 'm2-1': 1.472, 'm3-1': 5.564, 'm4-1': 0.915}",0.0,inf,inf,inf,222.57299999999998,222.57299999999998
1230,TT1,BESTEFFORT,COMPLETED,m4-1,217.594,"{'m1-1': 1.963, 'm2-1': 1.588, 'm3-1': 3.783, 'm4-1': 0.72}",1.08,220.19,220.91,inf,222.594,222.594
1231,TT1,BESTEFFORT,COMPLETED,m4-1,217.642,"{'m1-1': 2.549, 'm2-1': 1.761, 'm3-1': 4.723, 'm4-1': 0.64}",0.96,219.55,220.19,inf,222.642,222.642
1232,TT2,BESTEFFORT,MISSED,m3-1,217.86,"{'m1-1': 2.625, 'm2-1': 1.822, 'm3-1': 4.641, 'm4-1': 0.921}",4.883399999999989,220.247,inf,222.96,222.96,222.96
1233,TT3,BESTEFFORT,COMPLETED,m2-1,217.897,"{'m1-1': 1.836, 'm2-1': 1.301, 'm3-1': 5.081, 'm4-1': 0.887}",3.9029999999999996,221.046,222.34699999999998,inf,223.09699999999998,223.09699999999998
1234,TT3,BESTEFFORT,MISSED,m1-1,218.146,"{'m1-1': 1.978, 'm2-1': 1.286, 'm3-1': 4.54, 'm4-1': 0.972}",2.4559999999999493,221.811,inf,223.34599999999998,223.34599999999998,223.34599999999998
1235,TT2,BESTEFFORT,COMPLETED,m4-1,218.306,"{'m1-1': 2.132, 'm2-1': 1.84, 'm3-1': 4.162, 'm4-1': 0.807}",1.2105000000000001,220.91,221.71699999999998,inf,223.406,223.406
1236,TT4,BESTEFFORT,MISSED,m3-1,218.542,"{'m1-1': 2.117, 'm2-1': 1.692, 'm3-1': 4.929, 'm4-1': 0.815}",1.0475999999999885,222.96,inf,223.542,223.542,223.542
1237,TT3,BESTEFFORT,MISSED,m1-1,218.833,"{'m1-1': 2.381, 'm2-1': 1.63, 'm3-1': 5.551, 'm4-1': 0.917}",1.099200000000019,223.34599999999998,inf,224.033,224.033,224.033
1238,TT2,BESTEFFORT,CANCELLED,,218.889,"{'m1-1': 2.525, 'm2-1': 1.7, 'm3-1': 3.75, 'm4-1': 0.788}",0.0,inf,inf,inf,223.989,223.989
1239,TT1,BESTEFFORT,COMPLETED,m4-1,218.992,"{'m1-1': 1.988, 'm2-1': 1.873, 'm3-1': 5.095, 'm4-1': 0.818}",1.2269999999999999,221.71699999999998,222.535,inf,223.992,223.992
1240,TT2,BESTEFFORT,COMPLETED,m4-1,219.215,"{'m1-1': 2.624, 'm2-1': 2.02, 'm3-1': 4.312, 'm4-1': 0.979}",1.4685,222.535,223.514,inf,224.315,224.315
1241,TT1,BESTEFFORT,MISSED,m1-1,219.291,"{'m1-1': 2.263, 'm2-1': 1.896, 'm3-1': 3.989, 'm4-1': 0.841}",0.0,225.131,inf,225.131,224.291,224.291
1242,TT4,BESTEFFORT,MISSED,m2-1,219.305,"{'m1-1': 2.354, 'm2-1': 1.5, 'm3-1': 3.995, 'm4-1': 1.019}",0.0,225.226,inf,225.226,224.305,224.305
1243,TT1,BESTEFFORT,MISSED,m3-1,220.0,"{'m1-1': 2.334, 'm2-1': 1.474, 'm3-1': 4.075, 'm4-1': 0.708}",2.6243999999999974,223.542,inf,225.0,225.0,225.0
1244,TT2,BESTEFFORT,MISSED,m1-1,220.031,"{'m1-1': 2.626, 'm2-1': 1.828, 'm3-1': 4.756, 'm4-1': 0.931}",1.7568000000000212,224.033,inf,225.131,225.131,225.131
1245,TT4,BESTEFFORT,COMPLETED,m2-1,220.043,"{'m1-1': 2.158, 'm2-1': 1.4, 'm3-1': 3.66, 'm4-1': 0.894}",4.199999999999999,222.34699999999998,223.74699999999999,inf,225.043,225.043
1246,TT1,BESTEFFORT,COMPLETED,m4-1,220.205,"{'m1-1': 2.261, 'm2-1': 1.552, 'm3-1': 4.051, 'm4-1': 0.751}",1.1265,223.514,224.26500000000001,inf,225.205,225.205
1247,TT4,BESTEFFORT,MISSED,m2-1,220.226,"{'m1-1': 2.258, 'm2-1': 1.737, 'm3-1': 4.046, 'm4-1': 0.782}",4.43700000000004,223.74699999999999,inf,225.226,225.226,225.226
1248,TT4,BESTEFFORT,CANCELLED,,220.483,"{'m1-1': 2.242, 'm2-1': 1.434, 'm3-1': 3.711, 'm4-1': 0.908}",0.0,inf,inf,inf,225.483,225.483
1249,TT1,BESTEFFORT,CANCELLED,,220.98,"{'m1-1': 2.082, 'm2-1': 1.864, 'm3-1': 3.729, 'm4-1': 0.76}",0.0,inf,inf,inf,225.98,225.98
1250,TT2,BESTEFFORT,CANCELLED,,221.086,"{'m1-1': 2.562, 'm2-1': 1.652, 'm3-1': 4.14, 'm4-1': 0.75}",0.0,inf,inf,inf,226.186,226.186
1251,TT2,BESTEFFORT,MISSED,m3-1,221.214,"{'m1-1': 2.253, 'm2-1': 1.52, 'm3-1': 4.396, 'm4-1': 0.888}",2.3651999999999873,225.0,inf,226.314,226.314,226.314
1252,TT4,BESTEFFORT,MISSED,m1-1,221.548,"{'m1-1': 2.215, 'm2-1': 1.678, 'm3-1': 5.082, 'm4-1': 0.807}",2.2672000000000025,225.131,inf,226.548,226.548,226.548
1253,TT1,BESTEFFORT,COMPLETED,m4-1,221.615,"{'m1-1': 2.588, 'm2-1': 1.647, 'm3-1': 4.233, 'm4-1': 0.819}",1.2285,225.109,225.928,inf,226.615,226.615
1254,TT1,BESTEFFORT,COMPLETED,m4-1,221.696,"{'m1-1': 1.991, 'm2-1': 1.485, 'm3-1': 3.814, 'm4-1': 0.844}",1.266,224.26500000000001,225.109,inf,226.696,226.696
1255,TT2,BESTEFFORT,MISSED,m2-1,221.819,"{'m1-1': 2.403, 'm2-1': 1.897, 'm3-1': 4.059, 'm4-1': 0.744}",5.078999999999951,225.226,inf,226.91899999999998,226.91899999999998,226.91899999999998
1256,TT3,BESTEFFORT,COMPLETED,m4-1,222.282,"{'m1-1': 2.032, 'm2-1': 1.366, 'm3-1': 4.637, 'm4-1': 0.716}",1.0739999999999998,226.646,227.362,inf,227.482,227.482
1257,TT3,BESTEFFORT,MISSED,m2-1,222.357,"{'m1-1': 1.947, 'm2-1': 1.587, 'm3-1': 4.815, 'm4-1': 0.814}",1.9140000000000157,226.91899999999998,inf,227.557,227.557,227.557
1258,TT2,BESTEFFORT,CANCELLED,,222.523,"{'m1-1': 2.106, 'm2-1': 1.743, 'm3-1': 3.824, 'm4-1': 0.957}",0.0,inf,inf,inf,227.623,227.623
1259,TT3,BESTEFFORT,MISSED,m2-1,222.539,"{'m1-1': 1.893, 'm2-1': 1.438, 'm3-1': 5.086, 'm4-1': 0.895}",0.0,229.172,inf,229.172,227.73899999999998,227.73899999999998
1260,TT2,BESTEFFORT,MISSED,m3-1,222.56,"{'m1-1': 2.155, 'm2-1': 1.725, 'm3-1': 4.772, 'm4-1': 0.782}",2.4228000000000067,226.314,inf,227.66,227.66,227.66
1261,TT1,BESTEFFORT,MISSED,m3-1,222.912,"{'m1-1': 2.418, 'm2-1': 1.432, 'm3-1': 4.233, 'm4-1': 0.635}",0.4536000000000172,227.66,inf,227.912,227.912,227.912
1262,TT4,BESTEFFORT,CANCELLED,,223.026,"{'m1-1': 2.028, 'm2-1': 1.775, 'm3-1': 4.502, 'm4-1': 0.795}",0.0,inf,inf,inf,228.026,228.026
1263,TT2,BESTEFFORT,CANCELLED,,223.119,"{'m1-1': 2.209, 'm2-1': 1.78, 'm3-1': 4.723, 'm4-1': 0.878}",0.0,inf,inf,inf,228.219,228.219
1264,TT3,BESTEFFORT,COMPLETED,m4-1,223.211,"{'m1-1': 2.29, 'm2-1': 1.413, 'm3-1': 5.972, 'm4-1': 0.718}",1.077,225.928,226.646,inf,228.411,228.411
1265,TT4,BESTEFFORT,MISSED,m3-1,223.434,"{'m1-1': 2.056, 'm2-1': 1.363, 'm3-1': 3.827, 'm4-1': 0.919}",0.0,231.94,inf,231.94,228.434,228.434
1266,TT4,BESTEFFORT,MISSED,m1-1,223.585,"{'m1-1': 2.114, 'm2-1': 1.811, 'm3-1': 3.842, 'm4-1': 1.042}",3.25920000000001,226.548,inf,228.585,228.585,228.585
1267,TT1,BESTEFFORT,MISSED,m3-1,224.132,"{'m1-1': 2.0, 'm2-1': 1.447, 'm3-1': 3.605, 'm4-1': 0.841}",2.195999999999998,227.912,inf,229.132,229.132,229.132
1268,TT4,BESTEFFORT,CANCELLED,,224.252,"{'m1-1': 1.788, 'm2-1': 1.822, 'm3-1': 3.895, 'm4-1': 1.021}",0.0,inf,inf,inf,229.252,229.252
1269,TT4,BESTEFFORT,COMPLETED,m2-1,224.283,"{'m1-1': 2.309, 'm2-1': 1.615, 'm3-1': 4.721, 'm4-1': 0.855}",4.845,227.557,229.172,inf,229.283,229.283
1270,TT4,BESTEFFORT,MISSED,m1-1,224.535,"{'m1-1': 2.071, 'm2-1': 1.81, 'm3-1': 4.126, 'm4-1': 0.81}",0.0,229.89999999999998,inf,229.89999999999998,229.535,229.535
1271,TT2,BESTEFFORT,MISSED,m4-1,224.569,"{'m1-1': 2.314, 'm2-1': 2.001, 'm3-1': 4.759, 'm4-1': 0.981}",0.0,229.86700000000002,inf,229.86700000000002,229.66899999999998,229.66899999999998
1272,TT3,BESTEFFORT,MISSED,m1-1,224.7,"{'m1-1': 2.188, 'm2-1': 1.484, 'm3-1': 4.637, 'm4-1': 0.729}",2.103999999999951,228.585,inf,229.89999999999998,229.89999999999998,229.89999999999998
1273,TT1,BESTEFFORT,COMPLETED,m4-1,224.884,"{'m1-1': 2.453, 'm2-1': 1.857, 'm3-1': 4.258, 'm4-1': 0.854}",1.281,227.362,228.216,inf,229.884,229.884
1274,TT3,BESTEFFORT,COMPLETED,m4-1,225.146,"{'m1-1': 2.432, 'm2-1': 1.784, 'm3-1': 5.813, 'm4-1': 0.952}",1.428,228.91500000000002,229.86700000000002,inf,230.34599999999998,230.34599999999998
1275,TT1,BESTEFFORT,MISSED,m2-1,225.286,"{'m1-1': 2.563, 'm2-1': 1.509, 'm3-1': 4.713, 'm4-1': 0.614}",0.0,230.52,inf,230.52,230.286,230.286
1276,TT1,BESTEFFORT,COMPLETED,m4-1,225.298,"{'m1-1': 1.891, 'm2-1': 1.845, 'm3-1': 4.354, 'm4-1': 0.699}",1.0485,228.216,228.91500000000002,inf,230.298,230.298
1277,TT2,BESTEFFORT,CANCELLED,,225.336,"{'m1-1': 1.97, 'm2-1': 1.986, 'm3-1': 4.115, 'm4-1': 0.96}",0.0,inf,inf,inf,230.436,230.436
1278,TT3,BESTEFFORT,COMPLETED,m2-1,225.528,"{'m1-1': 1.957, 'm2-1': 1.348, 'm3-1': 4.326, 'm4-1': 0.937}",4.0440000000000005,229.172,230.52,inf,230.72799999999998,230.72799999999998
1279,TT3,BESTEFFORT,CANCELLED,,225.656,"{'m1-1': 1.807, 'm2-1': 1.697, 'm3-1': 4.79, 'm4-1': 0.773}",0.0,inf,inf,inf,230.856,230.856
1280,TT1,BESTEFFORT,MISSED,m3-1,226.234,"{'m1-1': 2.235, 'm2-1': 1.914, 'm3-1': 5.008, 'm4-1': 0.617}",3.783600000000007,229.132,inf,231.234,231.234,231.234
1281,TT3,BESTEFFORT,MISSED,m1-1,226.295,"{'m1-1': 2.418, 'm2-1': 1.366, 'm3-1': 4.908, 'm4-1': 0.807}",2.5519999999999983,229.89999999999998,inf,231.49499999999998,231.49499999999998,231.49499999999998
1282,TT1,BESTEFFORT,CANCELLED,,226.347,"{'m1-1': 2.031, 'm2-1': 1.415, 'm3-1': 4.611, 'm4-1': 0.618}",0.0,inf,inf,inf,231.347,231.347
1283,TT1,BESTEFFORT,COMPLETED,m4-1,226.384,"{'m1-1': 2.45, 'm2-1': 1.672, 'm3-1': 4.053, 'm4-1': 0.83}",1.2449999999999999,229.86700000000002,230.69700000000003,inf,231.384,231.384
1284,TT4,BESTEFFORT,MISSED,m1-1,226.76,"{'m1-1': 1.916, 'm2-1': 1.47, 'm3-1': 4.739, 'm4-1': 0.799}",0.4240000000000237,231.49499999999998,inf,231.76,231.76,231.76
1285,TT2,BESTEFFORT,MISSED,m3-1,226.84,"{'m1-1': 2.311, 'm2-1': 1.667, 'm3-1': 4.933, 'm4-1': 0.871}",1.27079999999998,231.234,inf,231.94,231.94,231.94
1286,TT3,BESTEFFORT,COMPLETED,m2-1,227.768,"{'m1-1': 2.425, 'm2-1': 1.283, 'm3-1': 4.243, 'm4-1': 0.816}",3.8489999999999998,230.52,231.803,inf,232.968,232.968
1287,TT4,BESTEFFORT,MISSED,m1-1,228.029,"{'m1-1': 2.291, 'm2-1': 1.477, 'm3-1': 4.648, 'm4-1': 1.023}",0.0,233.445,inf,233.445,233.029,233.029
1288,TT3,BESTEFFORT,CANCELLED,,228.421,"{'m1-1': 2.107, 'm2-1': 1.344, 'm3-1': 4.68, 'm4-1': 0.744}",0.0,inf,inf,inf,233.62099999999998,233.62099999999998
1289,TT1,BESTEFFORT,MISSED,m1-1,228.445,"{'m1-1': 2.525, 'm2-1': 1.854, 'm3-1': 3.871, 'm4-1': 0.859}",2.6960000000000037,231.76,inf,233.445,233.445,233.445
1290,TT4,BESTEFFORT,MISSED,m3-1,228.465,"{'m1-1': 1.771, 'm2-1': 1.374, 'm3-1': 4.324, 'm4-1': 0.948}",2.7450000000000103,231.94,inf,233.465,233.465,233.465
1291,TT3,BESTEFFORT,COMPLETED,m4-1,228.703,"{'m1-1': 2.363, 'm2-1': 1.668, 'm3-1': 4.522, 'm4-1': 0.749}",1.1235,230.69700000000003,231.44600000000003,inf,233.903,233.903
1292,TT2,BESTEFFORT,MISSED,m3-1,228.767,"{'m1-1': 2.438, 'm2-1': 1.858, 'm3-1': 3.744, 'm4-1': 0.929}",0.0,235.212,inf,235.212,233.867,233.867
1293,TT3,BESTEFFORT,MISSED,m2-1,228.786,"{'m1-1': 2.192, 'm2-1': 1.725, 'm3-1': 4.753, 'm4-1': 0.791}",0.0,236.301,inf,236.301,233.986,233.986
1294,TT3,BESTEFFORT,COMPLETED,m2-1,228.822,"{'m1-1': 2.209, 'm2-1': 1.381, 'm3-1': 5.138, 'm4-1': 0.744}",4.143,231.803,233.184,inf,234.022,234.022
1295,TT3,BESTEFFORT,CANCELLED,,228.849,"{'m1-1': 2.31, 'm2-1': 1.539, 'm3-1': 5.826, 'm4-1': 0.835}",0.0,inf,inf,inf,234.04899999999998,234.04899999999998
1296,TT2,BESTEFFORT,COMPLETED,m4-1,229.16,"{'m1-1': 2.537, 'm2-1': 1.557, 'm3-1': 4.549, 'm4-1': 1.01}",1.5150000000000001,232.08100000000002,233.091,inf,234.26,234.26
1297,TT1,BESTEFFORT,COMPLETED,m4-1,229.438,"{'m1-1': 2.066, 'm2-1': 1.769, 'm3-1': 4.523, 'm4-1': 0.635}",0.9525,231.44600000000003,232.08100000000002,inf,234.438,234.438
1298,TT1,BESTEFFORT,CANCELLED,,229.612,"{'m1-1': 2.07, 'm2-1': 1.571, 'm3-1': 4.96, 'm4-1': 0.672}",0.0,inf,inf,inf,234.612,234.612
1299,TT4,BESTEFFORT,CANCELLED,,229.98,"{'m1-1': 2.112, 'm2-1': 1.655, 'm3-1': 5.062, 'm4-1': 0.774}",0.0,inf,inf,inf,234.98,234.98
1300,TT1,BESTEFFORT,MISSED,m2-1,230.064,"{'m1-1': 2.486, 'm2-1': 1.667, 'm3-1': 4.196, 'm4-1': 0.71}",1.2180000000000177,234.658,inf,235.064,235.064,235.064
1301,TT2,BESTEFFORT,COMPLETED,m4-1,230.119,"{'m1-1': 1.945, 'm2-1': 1.517, 'm3-1': 4.059, 'm4-1': 0.722}",1.083,233.091,233.81300000000002,inf,235.219,235.219
1302,TT4,BESTEFFORT,MISSED,m3-1,230.212,"{'m1-1': 2.006, 'm2-1': 1.609, 'm3-1': 4.576, 'm4-1': 0.8}",3.1445999999999743,233.465,inf,235.212,235.212,235.212
1303,TT3,BESTEFFORT,COMPLETED,m2-1,230.464,"{'m1-1': 2.092, 'm2-1': 1.474, 'm3-1': 4.409, 'm4-1': 0.822}",4.422,233.184,234.658,inf,235.664,235.664
1304,TT4,BESTEFFORT,CANCELLED,,230.787,"{'m1-1': 2.07, 'm2-1': 1.887, 'm3-1': 4.686, 'm4-1': 0.824}",0.0,inf,inf,inf,235.787,235.787
1305,TT1,BESTEFFORT,MISSED,m3-1,231.096,"{'m1-1': 2.378, 'm2-1': 1.492, 'm3-1': 3.748, 'm4-1': 0.691}",1.5912000000000261,235.212,inf,236.096,236.096,236.096
1306,TT3,BESTEFFORT,MISSED,m2-1,231.101,"{'m1-1': 1.758, 'm2-1': 1.73, 'm3-1': 4.842, 'm4-1': 0.799}",3.7109999999999843,235.064,inf,236.301,236.301,236.301
1307,TT2,BESTEFFORT,CANCELLED,,231.108,"{'m1-1': 2.308, 'm2-1': 1.673, 'm3-1': 3.898, 'm4-1': 0.897}",0.0,inf,inf,inf,236.208,236.208
1308,TT1,BESTEFFORT,COMPLETED,m4-1,231.205,"{'m1-1': 2.525, 'm2-1': 1.677, 'm3-1': 4.209, 'm4-1': 0.632}",0.948,234.561,235.193,inf,236.205,236.205
1309,TT1,BESTEFFORT,COMPLETED,m4-1,231.217,"{'m1-1': 2.202, 'm2-1': 1.708, 'm3-1': 3.726, 'm4-1': 0.703}",1.0545,235.193,235.89600000000002,inf,236.217,236.217
1310,TT4,BESTEFFORT,CANCELLED,,231.222,"{'m1-1': 2.156, 'm2-1': 1.88, 'm3-1': 4.109, 'm4-1': 0.77}",0.0,inf,inf,inf,236.222,236.222
1311,TT4,BESTEFFORT,COMPLETED,m1-1,231.276,"{'m1-1': 2.265, 'm2-1': 1.757, 'm3-1': 4.277, 'm4-1': 1.007}",3.6240000000000006,233.445,235.70999999999998,inf,236.276,236.276
1312,TT4,BESTEFFORT,MISSED,m1-1,231.323,"{'m1-1': 1.981, 'm2-1': 1.864, 'm3-1': 4.712, 'm4-1': 0.973}",0.9808000000000447,235.70999999999998,inf,236.323,236.323,236.323
1313,TT1,BESTEFFORT,COMPLETED,m4-1,231.422,"{'m1-1': 2.562, 'm2-1': 1.559, 'm3-1': 3.841, 'm4-1': 0.748}",1.1219999999999999,233.81300000000002,234.561,inf,236.422,236.422
1314,TT2,BESTEFFORT,MISSED,m1-1,231.835,"{'m1-1': 2.257, 'm2-1': 2.09, 'm3-1': 4.727, 'm4-1': 1.006}",0.0,237.588,inf,237.588,236.935,236.935
1315,TT3,BESTEFFORT,MISSED,m4-1,231.885,"{'m1-1': 1.92, 'm2-1': 1.331, 'm3-1': 4.552, 'm4-1': 0.884}",0.3044999999999618,236.882,inf,237.08499999999998,237.08499999999998,237.08499999999998
1316,TT3,BESTEFFORT,COMPLETED,m4-1,232.134,"{'m1-1': 2.223, 'm2-1': 1.674, 'm3-1': 4.405, 'm4-1': 0.986}",1.479,235.89600000000002,236.882,inf,237.33399999999997,237.33399999999997
1317,TT2,BESTEFFORT,CANCELLED,,232.385,"{'m1-1': 1.965, 'm2-1': 1.546, 'm3-1': 4.469, 'm4-1': 0.908}",0.0,inf,inf,inf,237.48499999999999,237.48499999999999
1318,TT3,BESTEFFORT,MISSED,m1-1,232.388,"{'m1-1': 2.273, 'm2-1': 1.671, 'm3-1': 5.586, 'm4-1': 0.787}",2.0239999999999783,236.323,inf,237.588,237.588,237.588
1319,TT3,BESTEFFORT,CANCELLED,,232.648,"{'m1-1': 2.007, 'm2-1': 1.751, 'm3-1': 5.528, 'm4-1': 0.733}",0.0,inf,inf,inf,237.84799999999998,237.84799999999998
1320,TT1,BESTEFFORT,MISSED,m3-1,232.901,"{'m1-1': 2.037, 'm2-1': 1.824, 'm3-1': 4.694, 'm4-1': 0.794}",3.2490000000000125,236.096,inf,237.901,237.901,237.901
1321,TT4,BESTEFFORT,CANCELLED,,233.004,"{'m1-1': 2.217, 'm2-1': 1.549, 'm3-1': 4.629, 'm4-1': 1.064}",0.0,inf,inf,inf,238.004,238.004
1322,TT4,BESTEFFORT,CANCELLED,,233.318,"{'m1-1': 2.03, 'm2-1': 1.716, 'm3-1': 3.775, 'm4-1': 1.001}",0.0,inf,inf,inf,238.318,238.318
1323,TT4,BESTEFFORT,MISSED,m1-1,233.529,"{'m1-1': 2.186, 'm2-1': 1.828, 'm3-1': 3.909, 'm4-1': 0.853}",0.0,240.717,inf,240.717,238.529,238.529
1324,TT2,BESTEFFORT,MISSED,m3-1,233.609,"{'m1-1': 1.925, 'm2-1': 1.706, 'm3-1': 3.669, 'm4-1': 0.732}",0.0,238.855,inf,238.855,238.709,238.709
1325,TT4,BESTEFFORT,MISSED,m3-1,233.855,"{'m1-1': 1.935, 'm2-1': 1.358, 'm3-1': 3.912, 'm4-1': 0.857}",1.7171999999999628,237.901,inf,238.855,238.855,238.855
1326,TT2,BESTEFFORT,CANCELLED,,234.023,"{'m1-1': 1.912, 'm2-1': 2.133, 'm3-1': 3.631, 'm4-1': 0.767}",0.0,inf,inf,inf,239.123,239.123
1327,TT3,BESTEFFORT,COMPLETED,m2-1,234.413,"{'m1-1': 2.124, 'm2-1': 1.684, 'm3-1': 4.728, 'm4-1': 0.91}",5.052,236.301,237.98499999999999,inf,239.613,239.613
1328,TT1,BESTEFFORT,MISSED,m2-1,234.453,"{'m1-1': 1.956, 'm2-1': 1.955, 'm3-1': 4.926, 'm4-1': 0.83}",4.404000000000053,237.98499999999999,inf,239.453,239.453,239.453
1329,TT2,BESTEFFORT,MISSED,m1-1,234.557,"{'m1-1': 1.97, 'm2-1': 1.875, 'm3-1': 3.652, 'm4-1': 0.983}",0.0,240.717,inf,240.717,239.65699999999998,239.65699999999998
1330,TT2,BESTEFFORT,CANCELLED,,234.777,"{'m1-1': 1.971, 'm2-1': 1.637, 'm3-1': 3.834, 'm4-1': 0.856}",0.0,inf,inf,inf,239.87699999999998,239.87699999999998
1331,TT3,BESTEFFORT,CANCELLED,,234.905,"{'m1-1': 2.12, 'm2-1': 1.781, 'm3-1': 5.795, 'm4-1': 0.953}",0.0,inf,inf,inf,240.105,240.105
1332,TT4,BESTEFFORT,CANCELLED,,234.975,"{'m1-1': 2.275, 'm2-1': 1.519, 'm3-1': 4.052, 'm4-1': 0.917}",0.0,inf,inf,inf,239.975,239.975
1333,TT1,BESTEFFORT,COMPLETED,m4-1,235.067,"{'m1-1': 2.495, 'm2-1': 1.886, 'm3-1': 4.622, 'm4-1': 0.841}",1.2614999999999998,237.08499999999998,237.926,inf,240.067,240.067
1334,TT3,BESTEFFORT,MISSED,m2-1,235.07,"{'m1-1': 1.9, 'm2-1': 1.61, 'm3-1': 5.126, 'm4-1': 0.733}",2.4509999999999366,239.453,inf,240.26999999999998,240.26999999999998,240.26999999999998
1335,TT3,BESTEFFORT,MISSED,m1-1,235.275,"{'m1-1': 1.767, 'm2-1': 1.362, 'm3-1': 5.444, 'm4-1': 0.925}",0.0,240.717,inf,240.717,240.475,240.475
1336,TT3,BESTEFFORT,COMPLETED,m1-1,235.389,"{'m1-1': 2.057, 'm2-1': 1.324, 'm3-1': 5.727, 'm4-1': 0.744}",3.2912,237.588,239.64499999999998,inf,240.589,240.589
1337,TT3,BESTEFFORT,MISSED,m2-1,235.533,"{'m1-1': 2.347, 'm2-1': 1.461, 'm3-1': 5.574, 'm4-1': 0.747}",1.3889999999999816,240.26999999999998,inf,240.73299999999998,240.73299999999998,240.73299999999998
1338,TT1,BESTEFFORT,COMPLETED,m4-1,235.653,"{'m1-1': 2.521, 'm2-1': 1.788, 'm3-1': 3.633, 'm4-1': 0.626}",0.9390000000000001,237.926,238.552,inf,240.653,240.653
1339,TT4,BESTEFFORT,MISSED,m1-1,235.717,"{'m1-1': 1.883, 'm2-1': 1.739, 'm3-1': 3.638, 'm4-1': 0.829}",1.71520000000005,239.64499999999998,inf,240.717,240.717,240.717
1340,TT1,BESTEFFORT,MISSED,m3-1,235.746,"{'m1-1': 1.995, 'm2-1': 1.866, 'm3-1': 3.877, 'm4-1': 0.859}",3.4038000000000355,238.855,inf,240.746,240.746,240.746
1341,TT2,BESTEFFORT,COMPLETED,m4-1,235.9,"{'m1-1': 2.611, 'm2-1': 1.584, 'm3-1': 4.645, 'm4-1': 0.765}",1.1475,239.968,240.73299999999998,inf,241.0,241.0
1342,TT1,BESTEFFORT,COMPLETED,m4-1,236.12,"{'m1-1': 2.286, 'm2-1': 1.707, 'm3-1': 4.988, 'm4-1': 0.655}",0.9825,238.552,239.207,inf,241.12,241.12
1343,TT2,BESTEFFORT,MISSED,m3-1,236.175,"{'m1-1': 1.971, 'm2-1': 1.644, 'm3-1': 4.964, 'm4-1': 1.009}",0.9521999999999935,240.746,inf,241.275,241.275,241.275
1344,TT3,BESTEFFORT,COMPLETED,m4-1,236.313,"{'m1-1': 2.369, 'm2-1': 1.301, 'm3-1': 5.581, 'm4-1': 0.761}",1.1415,239.207,239.968,inf,241.51299999999998,241.51299999999998
1345,TT3,BESTEFFORT,MISSED,m2-1,236.319,"{'m1-1': 2.214, 'm2-1': 1.77, 'm3-1': 5.646, 'm4-1': 0.822}",2.358000000000004,240.73299999999998,inf,241.51899999999998,241.51899999999998,241.51899999999998
1346,TT2,BESTEFFORT,CANCELLED,,236.841,"{'m1-1': 2.182, 'm2-1': 1.586, 'm3-1': 4.464, 'm4-1': 0.982}",0.0,inf,inf,inf,241.941,241.941
1347,TT4,BESTEFFORT,MISSED,m4-1,236.987,"{'m1-1': 1.79, 'm2-1': 1.415, 'm3-1': 5.137, 'm4-1': 0.876}",0.0,243.20799999999997,inf,243.20799999999997,241.987,241.987
1348,TT2,BESTEFFORT,MISSED,m4-1,237.108,"{'m1-1': 1.98, 'm2-1': 1.516, 'm3-1': 3.827, 'm4-1': 1.006}",0.0,242.40099999999998,inf,242.40099999999998,242.208,242.208
1349,TT2,BESTEFFORT,MISSED,m3-1,237.12,"{'m1-1': 2.479, 'm2-1': 1.796, 'm3-1': 3.792, 'm4-1': 0.866}",0.0,243.182,inf,243.182,242.22,242.22
1350,TT1,BESTEFFORT,CANCELLED,,237.134,"{'m1-1': 1.886, 'm2-1': 1.654, 'm3-1': 4.789, 'm4-1': 0.861}",0.0,inf,inf,inf,242.134,242.134
1351,TT4,BESTEFFORT,CANCELLED,,237.237,"{'m1-1': 1.745, 'm2-1': 1.414, 'm3-1': 4.993, 'm4-1': 1.022}",0.0,inf,inf,inf,242.237,242.237
1352,TT3,BESTEFFORT,CANCELLED,,237.622,"{'m1-1': 1.882, 'm2-1': 1.273, 'm3-1': 4.459, 'm4-1': 0.735}",0.0,inf,inf,inf,242.822,242.822
1353,TT4,BESTEFFORT,MISSED,m2-1,237.651,"{'m1-1': 2.083, 'm2-1': 1.768, 'm3-1': 3.921, 'm4-1': 0.898}",3.3960000000001003,241.51899999999998,inf,242.651,242.651,242.651
1354,TT1,BESTEFFORT,CANCELLED,,237.693,"{'m1-1': 2.56, 'm2-1': 1.754, 'm3-1': 4.613, 'm4-1': 0.636}",0.0,inf,inf,inf,242.693,242.693
1355,TT4,BESTEFFORT,CANCELLED,,237.797,"{'m1-1': 2.195, 'm2-1': 1.61, 'm3-1': 4.032, 'm4-1': 0.929}",0.0,inf,inf,inf,242.797,242.797
1356,TT4,BESTEFFORT,CANCELLED,,237.971,"{'m1-1': 1.844, 'm2-1': 1.514, 'm3-1': 4.693, 'm4-1': 0.934}",0.0,inf,inf,inf,242.971,242.971
1357,TT2,BESTEFFORT,COMPLETED,m4-1,238.121,"{'m1-1': 1.898, 'm2-1': 1.955, 'm3-1': 3.692, 'm4-1': 0.844}",1.266,240.73299999999998,241.57699999999997,inf,243.221,243.221
1358,TT4,BESTEFFORT,MISSED,m3-1,238.182,"{'m1-1': 1.884, 'm2-1': 1.722, 'm3-1': 4.62, 'm4-1': 0.972}",3.4325999999999683,241.275,inf,243.182,243.182,243.182
1359,TT3,BESTEFFORT,COMPLETED,m4-1,239.174,"{'m1-1': 2.135, 'm2-1': 1.271, 'm3-1': 5.164, 'm4-1': 0.824}",1.236,241.57699999999997,242.40099999999998,inf,244.374,244.374
1360,TT4,BESTEFFORT,MISSED,m3-1,239.186,"{'m1-1': 2.171, 'm2-1': 1.529, 'm3-1': 4.729, 'm4-1': 0.912}",1.8072000000000343,243.182,inf,244.186,244.186,244.186
1361,TT1,BESTEFFORT,MISSED,m3-1,239.264,"{'m1-1': 2.625, 'm2-1': 1.517, 'm3-1': 5.112, 'm4-1': 0.638}",0.0,246.041,inf,246.041,244.264,244.264
1362,TT2,BESTEFFORT,MISSED,m1-1,239.416,"{'m1-1': 2.059, 'm2-1': 1.781, 'm3-1': 4.368, 'm4-1': 1.003}",0.0,245.286,inf,245.286,244.516,244.516
1363,TT4,BESTEFFORT,COMPLETED,m2-1,239.753,"{'m1-1': 2.435, 'm2-1': 1.781, 'm3-1': 4.045, 'm4-1': 1.007}",5.343,242.651,244.43200000000002,inf,244.753,244.753
1364,TT1,BESTEFFORT,MISSED,m3-1,239.769,"{'m1-1': 2.24, 'm2-1': 1.951, 'm3-1': 3.638, 'm4-1': 0.778}",0.0,246.041,inf,246.041,244.769,244.769
1365,TT4,BESTEFFORT,CANCELLED,,239.818,"{'m1-1': 1.769, 'm2-1': 1.736, 'm3-1': 4.064, 'm4-1': 1.064}",0.0,inf,inf,inf,244.818,244.818
1366,TT1,BESTEFFORT,MISSED,m2-1,239.849,"{'m1-1': 2.23, 'm2-1': 1.932, 'm3-1': 3.747, 'm4-1': 0.616}",1.2509999999999195,244.43200000000002,inf,244.849,244.849,244.849
1367,TT3,BESTEFFORT,CANCELLED,,239.95,"{'m1-1': 2.017, 'm2-1': 1.285, 'm3-1': 4.886, 'm4-1': 0.798}",0.0,inf,inf,inf,245.14999999999998,245.14999999999998
1368,TT3,BESTEFFORT,MISSED,m2-1,240.072,"{'m1-1': 2.354, 'm2-1': 1.471, 'm3-1': 5.551, 'm4-1': 1.014}",0.0,246.012,inf,246.012,245.272,245.272
1369,TT3,BESTEFFORT,CANCELLED,,240.136,"{'m1-1': 2.108, 'm2-1': 1.502, 'm3-1': 5.495, 'm4-1': 0.743}",0.0,inf,inf,inf,245.33599999999998,245.33599999999998
1370,TT2,BESTEFFORT,MISSED,m1-1,240.186,"{'m1-1': 2.557, 'm2-1': 1.958, 'm3-1': 4.983, 'm4-1': 1.005}",0.32799999999997453,245.08100000000002,inf,245.286,245.286,245.286
1371,TT3,BESTEFFORT,COMPLETED,m1-1,240.669,"{'m1-1': 2.376, 'm2-1': 1.651, 'm3-1': 5.362, 'm4-1': 0.967}",3.8016,240.717,243.09300000000002,inf,245.869,245.869
1372,TT2,BESTEFFORT,MISSED,m1-1,240.683,"{'m1-1': 2.172, 'm2-1': 2.009, 'm3-1': 4.032, 'm4-1': 0.82}",0.0,248.951,inf,248.951,245.783,245.783
1373,TT4,BESTEFFORT,COMPLETED,m1-1,240.71,"{'m1-1': 1.988, 'm2-1': 1.775, 'm3-1': 5.057, 'm4-1': 0.89}",3.1808,243.09300000000002,245.08100000000002,inf,245.71,245.71
1374,TT3,BESTEFFORT,COMPLETED,m4-1,240.718,"{'m1-1': 1.979, 'm2-1': 1.543, 'm3-1': 5.891, 'm4-1': 0.807}",1.2105000000000001,242.40099999999998,243.20799999999997,inf,245.91799999999998,245.91799999999998
1375,TT3,BESTEFFORT,CANCELLED,,240.774,"{'m1-1': 2.227, 'm2-1': 1.516, 'm3-1': 5.216, 'm4-1': 0.749}",0.0,inf,inf,inf,245.974,245.974
1376,TT3,BESTEFFORT,MISSED,m2-1,240.812,"{'m1-1': 1.794, 'm2-1': 1.669, 'm3-1': 4.662, 'm4-1': 0.968}",3.4890000000000327,244.849,inf,246.012,246.012,246.012
1377,TT4,BESTEFFORT,MISSED,m3-1,241.041,"{'m1-1': 2.07, 'm2-1': 1.734, 'm3-1': 4.773, 'm4-1': 0.906}",3.3389999999999818,244.186,inf,246.041,246.041,246.041
1378,TT2,BESTEFFORT,CANCELLED,,241.112,"{'m1-1': 2.642, 'm2-1': 1.821, 'm3-1': 4.695, 'm4-1': 0.949}",0.0,inf,inf,inf,246.212,246.212
1379,TT4,BESTEFFORT,COMPLETED,m4-1,241.119,"{'m1-1': 1.961, 'm2-1': 1.582, 'm3-1': 4.171, 'm4-1': 0.901}",1.3515000000000001,243.20799999999997,244.10899999999998,inf,246.119,246.119
1380,TT1,BESTEFFORT,CANCELLED,,241.819,"{'m1-1': 2.173, 'm2-1': 1.782, 'm3-1': 4.024, 'm4-1': 0.626}",0.0,inf,inf,inf,246.819,246.819
1381,TT4,BESTEFFORT,MISSED,m1-1,241.931,"{'m1-1': 1.771, 'm2-1': 1.722, 'm3-1': 4.721, 'm4-1': 0.991}",2.6320000000000165,245.286,inf,246.931,246.931,246.931
1382,TT3,BESTEFFORT,COMPLETED,m4-1,242.147,"{'m1-1': 2.413, 'm2-1': 1.372, 'm3-1': 4.477, 'm4-1': 0.766}",1.149,244.10899999999998,244.87499999999997,inf,247.34699999999998,247.34699999999998
1383,TT3,BESTEFFORT,COMPLETED,m4-1,242.895,"{'m1-1': 1.888, 'm2-1': 1.501, 'm3-1': 4.834, 'm4-1': 0.73}",1.095,245.59199999999998,246.32199999999997,inf,248.095,248.095
1384,TT1,BESTEFFORT,COMPLETED,m4-1,243.038,"{'m1-1': 2.322, 'm2-1': 1.958, 'm3-1': 4.455, 'm4-1': 0.717}",1.0755,244.87499999999997,245.59199999999998,inf,248.038,248.038
1385,TT2,BESTEFFORT,CANCELLED,,243.294,"{'m1-1': 2.207, 'm2-1': 1.606, 'm3-1': 4.555, 'm4-1': 0.732}",0.0,inf,inf,inf,248.394,248.394
1386,TT4,BESTEFFORT,MISSED,m3-1,243.448,"{'m1-1': 2.112, 'm2-1': 1.667, 'm3-1': 4.11, 'm4-1': 1.05}",4.33260000000002,246.041,inf,248.448,248.448,248.448
1387,TT2,BESTEFFORT,CANCELLED,,243.476,"{'m1-1': 2.616, 'm2-1': 1.546, 'm3-1': 3.912, 'm4-1': 0.951}",0.0,inf,inf,inf,248.576,248.576
1388,TT4,BESTEFFORT,COMPLETED,m2-1,243.578,"{'m1-1': 2.228, 'm2-1': 1.851, 'm3-1': 4.512, 'm4-1': 0.883}",5.553,246.012,247.863,inf,248.578,248.578
1389,TT2,BESTEFFORT,COMPLETED,m4-1,243.607,"{'m1-1': 1.972, 'm2-1': 1.645, 'm3-1': 4.131, 'm4-1': 0.885}",1.3275000000000001,246.98199999999997,247.86699999999996,inf,248.707,248.707
1390,TT1,BESTEFFORT,COMPLETED,m4-1,243.762,"{'m1-1': 2.156, 'm2-1': 1.654, 'm3-1': 3.881, 'm4-1': 0.66}",0.99,246.32199999999997,246.98199999999997,inf,248.762,248.762
1391,TT2,BESTEFFORT,MISSED,m3-1,243.785,"{'m1-1': 2.617, 'm2-1': 1.615, 'm3-1': 4.041, 'm4-1': 0.845}",0.0,250.785,inf,250.785,248.885,248.885
1392,TT4,BESTEFFORT,MISSED,m1-1,243.951,"{'m1-1': 2.339, 'm2-1': 1.68, 'm3-1': 4.922, 'm4-1': 0.957}",0.2895999999999731,248.77,inf,248.951,248.951,248.951
1393,TT2,BESTEFFORT,MISSED,m2-1,244.08,"{'m1-1': 2.549, 'm2-1': 1.728, 'm3-1': 4.235, 'm4-1': 0.995}",0.0,250.70399999999998,inf,250.70399999999998,249.18,249.18
1394,TT3,BESTEFFORT,COMPLETED,m2-1,244.611,"{'m1-1': 2.266, 'm2-1': 1.603, 'm3-1': 5.216, 'm4-1': 1.011}",4.809,247.863,249.466,inf,249.81099999999998,249.81099999999998
1395,TT2,BESTEFFORT,MISSED,m3-1,244.817,"{'m1-1': 2.011, 'm2-1': 1.865, 'm3-1': 4.715, 'm4-1': 0.914}",2.6441999999999894,248.448,inf,249.917,249.917,249.917
1396,TT4,BESTEFFORT,CANCELLED,,244.834,"{'m1-1': 1.813, 'm2-1': 1.797, 'm3-1': 4.016, 'm4-1': 1.015}",0.0,inf,inf,inf,249.834,249.834
1397,TT4,BESTEFFORT,COMPLETED,m1-1,244.851,"{'m1-1': 1.839, 'm2-1': 1.756, 'm3-1': 3.751, 'm4-1': 0.954}",2.9424,246.931,248.77,inf,249.851,249.851
1398,TT2,BESTEFFORT,COMPLETED,m4-1,245.076,"{'m1-1': 1.926, 'm2-1': 1.843, 'm3-1': 4.764, 'm4-1': 0.956}",1.434,247.86699999999996,248.82299999999995,inf,250.176,250.176
1399,TT3,BESTEFFORT,CANCELLED,,245.329,"{'m1-1': 2.326, 'm2-1': 1.715, 'm3-1': 5.818, 'm4-1': 0.801}",0.0,inf,inf,inf,250.529,250.529
1400,TT2,BESTEFFORT,MISSED,m3-1,245.481,"{'m1-1': 2.126, 'm2-1': 2.071, 'm3-1': 4.396, 'm4-1': 0.901}",1.1951999999999772,249.917,inf,250.581,250.581,250.581
1401,TT3,BESTEFFORT,MISSED,m2-1,245.504,"{'m1-1': 1.832, 'm2-1': 1.641, 'm3-1': 5.41, 'm4-1': 0.845}",3.7139999999999134,249.466,inf,250.70399999999998,250.70399999999998,250.70399999999998
1402,TT2,BESTEFFORT,COMPLETED,m4-1,245.593,"{'m1-1': 2.442, 'm2-1': 1.527, 'm3-1': 4.759, 'm4-1': 0.819}",1.2285,248.82299999999995,249.64199999999994,inf,250.69299999999998,250.69299999999998
1403,TT1,BESTEFFORT,MISSED,m3-1,245.785,"{'m1-1': 2.252, 'm2-1': 1.437, 'm3-1': 4.068, 'm4-1': 0.838}",0.3672000000000139,250.581,inf,250.785,250.785,250.785
1404,TT3,BESTEFFORT,COMPLETED,m1-1,246.329,"{'m1-1': 2.038, 'm2-1': 1.343, 'm3-1': 5.521, 'm4-1': 0.877}",3.2607999999999997,248.951,250.989,inf,251.529,251.529
1405,TT1,BESTEFFORT,COMPLETED,m4-1,246.378,"{'m1-1': 2.166, 'm2-1': 1.585, 'm3-1': 3.908, 'm4-1': 0.659}",0.9885,249.64199999999994,250.30099999999993,inf,251.378,251.378
1406,TT3,BESTEFFORT,MISSED,m2-1,246.767,"{'m1-1': 1.912, 'm2-1': 1.732, 'm3-1': 5.656, 'm4-1': 0.788}",3.7890000000000157,250.70399999999998,inf,251.96699999999998,251.96699999999998,251.96699999999998
1407,TT4,BESTEFFORT,MISSED,m1-1,246.987,"{'m1-1': 2.353, 'm2-1': 1.58, 'm3-1': 4.167, 'm4-1': 0.991}",0.0,253.199,inf,253.199,251.987,251.987
1408,TT3,BESTEFFORT,COMPLETED,m4-1,247.064,"{'m1-1': 1.809, 'm2-1': 1.438, 'm3-1': 4.463, 'm4-1': 0.786}",1.179,250.30099999999993,251.08699999999993,inf,252.26399999999998,252.26399999999998
1409,TT3,BESTEFFORT,MISSED,m1-1,247.917,"{'m1-1': 2.253, 'm2-1': 1.53, 'm3-1': 5.247, 'm4-1': 0.788}",3.4047999999999776,250.989,inf,253.117,253.117,253.117
1410,TT3,BESTEFFORT,COMPLETED,m4-1,248.021,"{'m1-1': 2.221, 'm2-1': 1.78, 'm3-1': 5.079, 'm4-1': 0.844}",1.266,251.08699999999993,251.93099999999993,inf,253.22099999999998,253.22099999999998
1411,TT4,BESTEFFORT,CANCELLED,,248.041,"{'m1-1': 2.042, 'm2-1': 1.785, 'm3-1': 4.897, 'm4-1': 1.014}",0.0,inf,inf,inf,253.041,253.041
1412,TT1,BESTEFFORT,MISSED,m4-1,248.181,"{'m1-1': 2.567, 'm2-1': 1.824, 'm3-1': 4.427, 'm4-1': 0.815}",0.0,253.3779999999999,inf,253.3779999999999,253.181,253.181
1413,TT4,BESTEFFORT,MISSED,m1-1,248.199,"{'m1-1': 1.866, 'm2-1': 1.646, 'm3-1': 4.512, 'm4-1': 0.777}",0.1312000000000353,253.117,inf,253.199,253.199,253.199
1414,TT1,BESTEFFORT,MISSED,m3-1,248.579,"{'m1-1': 1.997, 'm2-1': 1.689, 'm3-1': 3.87, 'm4-1': 0.785}",0.0,255.335,inf,255.335,253.579,253.579
1415,TT2,BESTEFFORT,CANCELLED,,248.718,"{'m1-1': 2.457, 'm2-1': 2.027, 'm3-1': 4.05, 'm4-1': 0.843}",0.0,inf,inf,inf,253.81799999999998,253.81799999999998
1416,TT1,BESTEFFORT,COMPLETED,m4-1,249.146,"{'m1-1': 2.244, 'm2-1': 1.917, 'm3-1': 4.596, 'm4-1': 0.807}",1.2105000000000001,251.93099999999993,252.73799999999991,inf,254.146,254.146
1417,TT1,BESTEFFORT,COMPLETED,m4-1,249.199,"{'m1-1': 2.044, 'm2-1': 1.882, 'm3-1': 3.711, 'm4-1': 0.64}",0.96,252.73799999999991,253.3779999999999,inf,254.199,254.199
1418,TT1,BESTEFFORT,MISSED,m4-1,249.342,"{'m1-1': 2.211, 'm2-1': 1.676, 'm3-1': 4.083, 'm4-1': 0.739}",0.0,255.015,inf,255.015,254.342,254.342
1419,TT1,BESTEFFORT,COMPLETED,m2-1,249.375,"{'m1-1': 2.211, 'm2-1': 1.419, 'm3-1': 3.68, 'm4-1': 0.689}",4.257,251.96699999999998,253.386,inf,254.375,254.375
1420,TT1,BESTEFFORT,MISSED,m3-1,249.801,"{'m1-1': 2.409, 'm2-1': 1.861, 'm3-1': 4.412, 'm4-1': 0.667}",7.228799999999985,250.785,inf,254.801,254.801,254.801
1421,TT4,BESTEFFORT,MISSED,m1-1,249.902,"{'m1-1': 2.416, 'm2-1': 1.408, 'm3-1': 4.773, 'm4-1': 1.023}",0.0,258.14300000000003,inf,258.14300000000003,254.902,254.902
1422,TT4,BESTEFFORT,COMPLETED,m2-1,249.961,"{'m1-1': 2.282, 'm2-1': 1.543, 'm3-1': 4.33, 'm4-1': 0.777}",4.629,253.386,254.929,inf,254.961,254.961
1423,TT1,BESTEFFORT,MISSED,m4-1,250.015,"{'m1-1': 2.406, 'm2-1': 1.618, 'm3-1': 3.613, 'm4-1': 0.729}",0.13350000000012585,254.9259999999999,inf,255.015,255.015,255.015
1424,TT3,BESTEFFORT,MISSED,m2-1,250.032,"{'m1-1': 2.435, 'm2-1': 1.467, 'm3-1': 4.448, 'm4-1': 0.853}",0.0,256.007,inf,256.007,255.232,255.232
1425,TT3,BESTEFFORT,MISSED,m3-1,250.216,"{'m1-1': 2.236, 'm2-1': 1.519, 'm3-1': 4.581, 'm4-1': 0.738}",0.0,259.467,inf,259.467,255.416,255.416
1426,TT2,BESTEFFORT,MISSED,m3-1,250.235,"{'m1-1': 2.155, 'm2-1': 1.544, 'm3-1': 4.663, 'm4-1': 0.97}",0.9612000000000365,254.801,inf,255.335,255.335,255.335
1427,TT1,BESTEFFORT,CANCELLED,,250.384,"{'m1-1': 2.476, 'm2-1': 1.842, 'm3-1': 4.823, 'm4-1': 0.806}",0.0,inf,inf,inf,255.384,255.384
1428,TT2,BESTEFFORT,MISSED,m3-1,250.592,"{'m1-1': 2.504, 'm2-1': 1.845, 'm3-1': 4.785, 'm4-1': 0.88}",0.6425999999999988,255.335,inf,255.692,255.692,255.692
1429,TT3,BESTEFFORT,MISSED,m2-1,250.665,"{'m1-1': 2.225, 'm2-1': 1.509, 'm3-1': 4.283, 'm4-1': 1.011}",2.807999999999936,254.929,inf,255.86499999999998,255.86499999999998,255.86499999999998
1430,TT1,BESTEFFORT,CANCELLED,,250.679,"{'m1-1': 2.22, 'm2-1': 1.873, 'm3-1': 4.457, 'm4-1': 0.863}",0.0,inf,inf,inf,255.679,255.679
1431,TT3,BESTEFFORT,MISSED,m2-1,250.807,"{'m1-1': 1.786, 'm2-1': 1.736, 'm3-1': 5.762, 'm4-1': 0.899}",0.426000000000073,255.86499999999998,inf,256.007,256.007,256.007
1432,TT3,BESTEFFORT,COMPLETED,m1-1,250.987,"{'m1-1': 2.046, 'm2-1': 1.474, 'm3-1': 5.22, 'm4-1': 0.808}",3.2736,253.199,255.245,inf,256.187,256.187
1433,TT1,BESTEFFORT,COMPLETED,m4-1,251.391,"{'m1-1': 1.974, 'm2-1': 1.956, 'm3-1': 3.663, 'm4-1': 0.716}",1.0739999999999998,254.2099999999999,254.9259999999999,inf,256.39099999999996,256.39099999999996
1434,TT1,BESTEFFORT,MISSED,m3-1,251.506,"{'m1-1': 2.446, 'm2-1': 1.737, 'm3-1': 4.07, 'm4-1': 0.83}",0.0,259.467,inf,259.467,256.506,256.506
1435,TT1,BESTEFFORT,COMPLETED,m4-1,251.623,"{'m1-1': 2.309, 'm2-1': 1.8, 'm3-1': 4.724, 'm4-1': 0.832}",1.248,253.3779999999999,254.2099999999999,inf,256.623,256.623
1436,TT3,BESTEFFORT,CANCELLED,,251.922,"{'m1-1': 1.863, 'm2-1': 1.462, 'm3-1': 4.309, 'm4-1': 0.815}",0.0,inf,inf,inf,257.122,257.122
1437,TT2,BESTEFFORT,CANCELLED,,251.95,"{'m1-1': 2.508, 'm2-1': 1.999, 'm3-1': 3.642, 'm4-1': 0.912}",0.0,inf,inf,inf,257.05,257.05
1438,TT4,BESTEFFORT,CANCELLED,,252.572,"{'m1-1': 1.74, 'm2-1': 1.885, 'm3-1': 4.597, 'm4-1': 1.06}",0.0,inf,inf,inf,257.572,257.572
1439,TT3,BESTEFFORT,COMPLETED,m1-1,252.624,"{'m1-1': 2.084, 'm2-1': 1.536, 'm3-1': 4.386, 'm4-1': 0.822}",3.3344000000000005,255.245,257.329,inf,257.824,257.824
1440,TT4,BESTEFFORT,MISSED,m1-1,253.143,"{'m1-1': 1.939, 'm2-1': 1.467, 'm3-1': 4.254, 'm4-1': 0.965}",1.3024000000000342,257.329,inf,258.14300000000003,258.14300000000003,258.14300000000003
1441,TT1,BESTEFFORT,MISSED,m4-1,253.265,"{'m1-1': 2.197, 'm2-1': 1.818, 'm3-1': 4.737, 'm4-1': 0.745}",0.0,258.27599999999995,inf,258.27599999999995,258.265,258.265
1442,TT2,BESTEFFORT,MISSED,m3-1,253.645,"{'m1-1': 2.394, 'm2-1': 2.07, 'm3-1': 4.452, 'm4-1': 0.881}",0.0,259.467,inf,259.467,258.745,258.745
1443,TT1,BESTEFFORT,COMPLETED,m4-1,253.737,"{'m1-1': 2.183, 'm2-1': 1.462, 'm3-1': 4.261, 'm4-1': 0.854}",1.281,256.489,257.34299999999996,inf,258.73699999999997,258.73699999999997
1444,TT2,BESTEFFORT,COMPLETED,m4-1,253.796,"{'m1-1': 2.368, 'm2-1': 1.599, 'm3-1': 3.734, 'm4-1': 0.933}",1.3995000000000002,257.34299999999996,258.27599999999995,inf,258.896,258.896
1445,TT1,BESTEFFORT,COMPLETED,m4-1,254.077,"{'m1-1': 2.309, 'm2-1': 1.793, 'm3-1': 4.625, 'm4-1': 0.828}",1.242,255.015,255.843,inf,259.077,259.077
1446,TT3,BESTEFFORT,COMPLETED,m2-1,254.091,"{'m1-1': 2.074, 'm2-1': 1.403, 'm3-1': 4.972, 'm4-1': 0.783}",4.209,256.007,257.41,inf,259.291,259.291
1447,TT3,BESTEFFORT,MISSED,m4-1,254.15,"{'m1-1': 1.984, 'm2-1': 1.592, 'm3-1': 4.899, 'm4-1': 0.747}",0.0,260.337,inf,260.337,259.35,259.35
1448,TT3,BESTEFFORT,MISSED,m2-1,254.273,"{'m1-1': 2.227, 'm2-1': 1.6, 'm3-1': 4.851, 'm4-1': 0.958}",1.9530000000000314,258.822,inf,259.473,259.473,259.473
1449,TT1,BESTEFFORT,COMPLETED,m4-1,254.354,"{'m1-1': 2.556, 'm2-1': 1.859, 'm3-1': 4.169, 'm4-1': 0.646}",0.9690000000000001,255.843,256.489,inf,259.35400000000004,259.35400000000004
1450,TT4,BESTEFFORT,COMPLETED,m3-1,254.47,"{'m1-1': 2.083, 'm2-1': 1.373, 'm3-1': 3.775, 'm4-1': 0.783}",6.795,255.692,259.467,inf,259.47,259.47
1451,TT3,BESTEFFORT,CANCELLED,,254.497,"{'m1-1': 1.882, 'm2-1': 1.269, 'm3-1': 4.833, 'm4-1': 0.74}",0.0,inf,inf,inf,259.697,259.697
1452,TT4,BESTEFFORT,MISSED,m1-1,254.769,"{'m1-1': 2.206, 'm2-1': 1.738, 'm3-1': 3.876, 'm4-1': 0.871}",2.601599999999962,258.14300000000003,inf,259.769,259.769,259.769
1453,TT3,BESTEFFORT,MISSED,m1-1,255.077,"{'m1-1': 1.989, 'm2-1': 1.47, 'm3-1': 5.926, 'm4-1': 0.745}",0.0,262.488,inf,262.488,260.277,260.277
1454,TT3,BESTEFFORT,CANCELLED,,255.099,"{'m1-1': 2.176, 'm2-1': 1.476, 'm3-1': 5.506, 'm4-1': 0.738}",0.0,inf,inf,inf,260.299,260.299
1455,TT3,BESTEFFORT,MISSED,m1-1,255.276,"{'m1-1': 2.044, 'm2-1': 1.762, 'm3-1': 4.578, 'm4-1': 0.909}",1.1311999999999898,259.769,inf,260.476,260.476,260.476
1456,TT3,BESTEFFORT,COMPLETED,m2-1,255.364,"{'m1-1': 2.256, 'm2-1': 1.412, 'm3-1': 5.471, 'm4-1': 0.934}",4.236,257.41,258.822,inf,260.564,260.564
1457,TT2,BESTEFFORT,CANCELLED,,255.685,"{'m1-1': 2.304, 'm2-1': 1.722, 'm3-1': 4.641, 'm4-1': 0.998}",0.0,inf,inf,inf,260.785,260.785
1458,TT2,BESTEFFORT,MISSED,m2-1,255.971,"{'m1-1': 1.979, 'm2-1': 2.117, 'm3-1': 4.383, 'm4-1': 0.867}",4.79400000000004,259.473,inf,261.071,261.071,261.071
1459,TT4,BESTEFFORT,MISSED,m2-1,256.206,"{'m1-1': 2.129, 'm2-1': 1.685, 'm3-1': 4.713, 'm4-1': 0.984}",0.4049999999999727,261.071,inf,261.206,261.206,261.206
1460,TT2,BESTEFFORT,COMPLETED,m4-1,256.363,"{'m1-1': 2.38, 'm2-1': 1.58, 'm3-1': 3.79, 'm4-1': 0.73}",1.095,258.27599999999995,259.006,inf,261.463,261.463
1461,TT3,BESTEFFORT,MISSED,m2-1,256.663,"{'m1-1': 1.977, 'm2-1': 1.397, 'm3-1': 5.158, 'm4-1': 0.826}",1.9709999999999468,261.206,inf,261.863,261.863,261.863
1462,TT1,BESTEFFORT,COMPLETED,m4-1,256.714,"{'m1-1': 2.574, 'm2-1': 1.545, 'm3-1': 4.633, 'm4-1': 0.642}",0.9630000000000001,259.006,259.64799999999997,inf,261.714,261.714
1463,TT4,BESTEFFORT,MISSED,m3-1,257.526,"{'m1-1': 2.304, 'm2-1': 1.404, 'm3-1': 5.082, 'm4-1': 1.022}",0.0,264.517,inf,264.517,262.526,262.526
1464,TT2,BESTEFFORT,CANCELLED,,257.54,"{'m1-1': 2.361, 'm2-1': 1.786, 'm3-1': 4.044, 'm4-1': 0.955}",0.0,inf,inf,inf,262.64000000000004,262.64000000000004
1465,TT4,BESTEFFORT,COMPLETED,m1-1,257.751,"{'m1-1': 2.012, 'm2-1': 1.709, 'm3-1': 4.664, 'm4-1': 0.972}",3.2192000000000003,260.476,262.488,inf,262.751,262.751
1466,TT3,BESTEFFORT,CANCELLED,,258.102,"{'m1-1': 2.188, 'm2-1': 1.317, 'm3-1': 5.909, 'm4-1': 1.002}",0.0,inf,inf,inf,263.30199999999996,263.30199999999996
1467,TT1,BESTEFFORT,COMPLETED,m4-1,258.127,"{'m1-1': 1.919, 'm2-1': 1.762, 'm3-1': 3.657, 'm4-1': 0.689}",1.0334999999999999,259.64799999999997,260.337,inf,263.127,263.127
1468,TT4,BESTEFFORT,MISSED,m1-1,258.342,"{'m1-1': 2.215, 'm2-1': 1.598, 'm3-1': 4.256, 'm4-1': 1.019}",0.0,264.422,inf,264.422,263.342,263.342
1469,TT3,BESTEFFORT,MISSED,m4-1,258.385,"{'m1-1': 1.857, 'm2-1': 1.53, 'm3-1': 4.869, 'm4-1': 0.848}",1.0679999999999836,262.873,inf,263.585,263.585,263.585
1470,TT1,BESTEFFORT,COMPLETED,m4-1,258.404,"{'m1-1': 2.306, 'm2-1': 1.738, 'm3-1': 4.322, 'm4-1': 0.856}",1.284,260.337,261.193,inf,263.404,263.404
1471,TT2,BESTEFFORT,MISSED,m3-1,258.67,"{'m1-1': 1.979, 'm2-1': 1.762, 'm3-1': 4.729, 'm4-1': 1.01}",7.745400000000098,259.467,inf,263.77000000000004,263.77000000000004,263.77000000000004
1472,TT4,BESTEFFORT,COMPLETED,m2-1,258.706,"{'m1-1': 2.45, 'm2-1': 1.453, 'm3-1': 4.244, 'm4-1': 1.008}",4.359,261.863,263.316,inf,263.706,263.706
1473,TT1,BESTEFFORT,COMPLETED,m4-1,258.949,"{'m1-1': 2.624, 'm2-1': 1.653, 'm3-1': 4.878, 'm4-1': 0.8}",1.2000000000000002,261.193,261.993,inf,263.949,263.949
1474,TT1,BESTEFFORT,MISSED,m3-1,258.992,"{'m1-1': 2.42, 'm2-1': 1.846, 'm3-1': 4.079, 'm4-1': 0.638}",0.399599999999964,263.77000000000004,inf,263.992,263.992,263.992
1475,TT1,BESTEFFORT,CANCELLED,,259.066,"{'m1-1': 2.321, 'm2-1': 1.729, 'm3-1': 4.41, 'm4-1': 0.683}",0.0,inf,inf,inf,264.066,264.066
1476,TT2,BESTEFFORT,MISSED,m3-1,259.417,"{'m1-1': 2.585, 'm2-1': 1.652, 'm3-1': 4.398, 'm4-1': 0.878}",0.9449999999999591,263.992,inf,264.517,264.517,264.517
1477,TT4,BESTEFFORT,MISSED,m1-1,259.422,"{'m1-1': 2.021, 'm2-1': 1.833, 'm3-1': 4.532, 'm4-1': 0.978}",3.0944000000000416,262.488,inf,264.422,264.422,264.422
1478,TT3,BESTEFFORT,COMPLETED,m4-1,259.676,"{'m1-1': 2.057, 'm2-1': 1.617, 'm3-1': 4.702, 'm4-1': 0.88}",1.32,261.993,262.873,inf,264.876,264.876
1479,TT4,BESTEFFORT,CANCELLED,,259.883,"{'m1-1': 1.796, 'm2-1': 1.884, 'm3-1': 3.751, 'm4-1': 0.782}",0.0,inf,inf,inf,264.883,264.883
1480,TT3,BESTEFFORT,MISSED,m2-1,259.982,"{'m1-1': 1.941, 'm2-1': 1.48, 'm3-1': 5.197, 'm4-1': 0.929}",0.0,265.398,inf,265.398,265.182,265.182
1481,TT4,BESTEFFORT,MISSED,m3-1,260.032,"{'m1-1': 1.884, 'm2-1': 1.819, 'm3-1': 4.639, 'm4-1': 0.871}",0.9269999999999755,264.517,inf,265.032,265.032,265.032
1482,TT4,BESTEFFORT,CANCELLED,,260.103,"{'m1-1': 2.012, 'm2-1': 1.648, 'm3-1': 4.341, 'm4-1': 0.933}",0.0,inf,inf,inf,265.103,265.103
1483,TT4,BESTEFFORT,CANCELLED,,260.119,"{'m1-1': 2.182, 'm2-1': 1.529, 'm3-1': 4.989, 'm4-1': 0.774}",0.0,inf,inf,inf,265.119,265.119
1484,TT1,BESTEFFORT,CANCELLED,,260.362,"{'m1-1': 2.017, 'm2-1': 1.837, 'm3-1': 3.609, 'm4-1': 0.838}",0.0,inf,inf,inf,265.362,265.362
1485,TT4,BESTEFFORT,CANCELLED,,260.373,"{'m1-1': 2.093, 'm2-1': 1.766, 'm3-1': 4.269, 'm4-1': 0.811}",0.0,inf,inf,inf,265.373,265.373
1486,TT4,BESTEFFORT,MISSED,m2-1,260.398,"{'m1-1': 2.387, 'm2-1': 1.559, 'm3-1': 4.897, 'm4-1': 0.917}",1.4430000000001542,264.917,inf,265.398,265.398,265.398
1487,TT4,BESTEFFORT,MISSED,m1-1,260.461,"{'m1-1': 2.157, 'm2-1': 1.89, 'm3-1': 3.874, 'm4-1': 1.002}",0.0,266.81,inf,266.81,265.461,265.461
1488,TT1,BESTEFFORT,COMPLETED,m4-1,260.537,"{'m1-1': 2.618, 'm2-1': 1.752, 'm3-1': 4.751, 'm4-1': 0.668}",1.002,264.328,264.996,inf,265.537,265.537
1489,TT2,BESTEFFORT,MISSED,m3-1,260.689,"{'m1-1': 2.088, 'm2-1': 1.818, 'm3-1': 3.94, 'm4-1': 0.783}",0.0,267.105,inf,267.105,265.78900000000004,265.78900000000004
1490,TT2,BESTEFFORT,CANCELLED,,260.733,"{'m1-1': 2.161, 'm2-1': 1.824, 'm3-1': 4.962, 'm4-1': 0.966}",0.0,inf,inf,inf,265.833,265.833
1491,TT4,BESTEFFORT,CANCELLED,,260.784,"{'m1-1': 2.063, 'm2-1': 1.711, 'm3-1': 3.925, 'm4-1': 0.884}",0.0,inf,inf,inf,265.784,265.784
1492,TT3,BESTEFFORT,MISSED,m1-1,260.901,"{'m1-1': 1.862, 'm2-1': 1.733, 'm3-1': 4.338, 'm4-1': 0.747}",0.0,268.527,inf,268.527,266.101,266.101
1493,TT3,BESTEFFORT,COMPLETED,m4-1,260.944,"{'m1-1': 1.829, 'm2-1': 1.61, 'm3-1': 5.35, 'm4-1': 0.743}",1.1145,263.585,264.328,inf,266.144,266.144
1494,TT4,BESTEFFORT,CANCELLED,,260.999,"{'m1-1': 2.179, 'm2-1': 1.689, 'm3-1': 3.757, 'm4-1': 0.852}",0.0,inf,inf,inf,265.999,265.999
1495,TT3,BESTEFFORT,COMPLETED,m2-1,261.002,"{'m1-1': 1.82, 'm2-1': 1.601, 'm3-1': 5.523, 'm4-1': 0.769}",4.803,263.316,264.917,inf,266.202,266.202
1496,TT2,BESTEFFORT,MISSED,m3-1,262.005,"{'m1-1': 2.023, 'm2-1': 1.987, 'm3-1': 4.119, 'm4-1': 0.724}",3.7314000000000647,265.032,inf,267.105,267.105,267.105
1497,TT3,BESTEFFORT,COMPLETED,m1-1,262.185,"{'m1-1': 2.388, 'm2-1': 1.426, 'm3-1': 4.81, 'm4-1': 0.783}",3.8208,264.422,266.81,inf,267.385,267.385
1498,TT1,BESTEFFORT,COMPLETED,m4-1,262.343,"{'m1-1': 2.581, 'm2-1': 1.814, 'm3-1': 4.968, 'm4-1': 0.752}",1.1280000000000001,265.806,266.558,inf,267.343,267.343
1499,TT3,BESTEFFORT,MISSED,m4-1,262.401,"{'m1-1': 1.823, 'm2-1': 1.28, 'm3-1': 5.965, 'm4-1': 0.747}",0.0,269.66799999999995,inf,269.66799999999995,267.601,267.601
1500,TT3,BESTEFFORT,MISSED,m2-1,262.511,"{'m1-1': 1.97, 'm2-1': 1.46, 'm3-1': 4.304, 'm4-1': 0.8}",0.0,270.381,inf,270.381,267.711,267.711
1501,TT4,BESTEFFORT,CANCELLED,,262.528,"{'m1-1': 1.986, 'm2-1': 1.66, 'm3-1': 4.353, 'm4-1': 0.807}",0.0,inf,inf,inf,267.528,267.528
1502,TT1,BESTEFFORT,COMPLETED,m4-1,262.749,"{'m1-1': 2.388, 'm2-1': 1.73, 'm3-1': 3.902, 'm4-1': 0.81}",1.215,264.996,265.806,inf,267.749,267.749
1503,TT1,BESTEFFORT,COMPLETED,m4-1,262.817,"{'m1-1': 1.94, 'm2-1': 1.535, 'm3-1': 4.642, 'm4-1': 0.782}",1.173,266.558,267.34,inf,267.817,267.817
1504,TT4,BESTEFFORT,COMPLETED,m2-1,263.258,"{'m1-1': 1.896, 'm2-1': 1.636, 'm3-1': 4.802, 'm4-1': 0.922}",4.9079999999999995,265.398,267.03400000000005,inf,268.258,268.258
1505,TT3,BESTEFFORT,CANCELLED,,263.314,"{'m1-1': 1.81, 'm2-1': 1.329, 'm3-1': 4.423, 'm4-1': 0.779}",0.0,inf,inf,inf,268.514,268.514
1506,TT4,BESTEFFORT,CANCELLED,,263.377,"{'m1-1': 2.078, 'm2-1': 1.858, 'm3-1': 4.966, 'm4-1': 0.779}",0.0,inf,inf,inf,268.377,268.377
1507,TT3,BESTEFFORT,COMPLETED,m1-1,263.719,"{'m1-1': 1.717, 'm2-1': 1.706, 'm3-1': 5.878, 'm4-1': 0.823}",2.7472000000000003,266.81,268.527,inf,268.919,268.919
1508,TT1,BESTEFFORT,MISSED,m3-1,263.735,"{'m1-1': 1.868, 'm2-1': 1.644, 'm3-1': 4.042, 'm4-1': 0.764}",2.9339999999999917,267.105,inf,268.735,268.735,268.735
1509,TT4,BESTEFFORT,CANCELLED,,263.918,"{'m1-1': 2.099, 'm2-1': 1.828, 'm3-1': 4.584, 'm4-1': 0.987}",0.0,inf,inf,inf,268.918,268.918
1510,TT2,BESTEFFORT,COMPLETED,m4-1,264.115,"{'m1-1': 1.938, 'm2-1': 1.53, 'm3-1': 4.98, 'm4-1': 0.933}",1.3995000000000002,267.98699999999997,268.91999999999996,inf,269.21500000000003,269.21500000000003
1511,TT4,BESTEFFORT,COMPLETED,m2-1,264.128,"{'m1-1': 2.421, 'm2-1': 1.731, 'm3-1': 4.929, 'm4-1': 0.903}",5.1930000000000005,267.03400000000005,268.76500000000004,inf,269.128,269.128
1512,TT4,BESTEFFORT,CANCELLED,,264.141,"{'m1-1': 1.899, 'm2-1': 1.395, 'm3-1': 4.11, 'm4-1': 0.942}",0.0,inf,inf,inf,269.141,269.141
1513,TT1,BESTEFFORT,CANCELLED,,264.203,"{'m1-1': 2.568, 'm2-1': 1.942, 'm3-1': 3.895, 'm4-1': 0.687}",0.0,inf,inf,inf,269.203,269.203
1514,TT1,BESTEFFORT,COMPLETED,m4-1,264.415,"{'m1-1': 2.068, 'm2-1': 1.924, 'm3-1': 3.905, 'm4-1': 0.647}",0.9705,267.34,267.98699999999997,inf,269.415,269.415
1515,TT2,BESTEFFORT,CANCELLED,,264.428,"{'m1-1': 2.262, 'm2-1': 1.957, 'm3-1': 3.628, 'm4-1': 0.748}",0.0,inf,inf,inf,269.528,269.528
1516,TT2,BESTEFFORT,CANCELLED,,264.612,"{'m1-1': 2.313, 'm2-1': 2.127, 'm3-1': 4.444, 'm4-1': 0.94}",0.0,inf,inf,inf,269.71200000000005,269.71200000000005
1517,TT4,BESTEFFORT,MISSED,m1-1,264.758,"{'m1-1': 2.118, 'm2-1': 1.856, 'm3-1': 3.706, 'm4-1': 0.945}",0.0,270.688,inf,270.688,269.758,269.758
1518,TT4,BESTEFFORT,CANCELLED,,264.776,"{'m1-1': 2.032, 'm2-1': 1.846, 'm3-1': 4.094, 'm4-1': 0.771}",0.0,inf,inf,inf,269.776,269.776
1519,TT1,BESTEFFORT,MISSED,m3-1,264.953,"{'m1-1': 1.897, 'm2-1': 1.521, 'm3-1': 4.099, 'm4-1': 0.765}",2.1923999999999295,268.735,inf,269.953,269.953,269.953
1520,TT3,BESTEFFORT,MISSED,m2-1,265.181,"{'m1-1': 1.759, 'm2-1': 1.632, 'm3-1': 4.429, 'm4-1': 0.744}",4.847999999999786,268.76500000000004,inf,270.381,270.381,270.381
1521,TT2,BESTEFFORT,CANCELLED,,265.199,"{'m1-1': 1.91, 'm2-1': 2.113, 'm3-1': 4.007, 'm4-1': 0.83}",0.0,inf,inf,inf,270.29900000000004,270.29900000000004
1522,TT1,BESTEFFORT,MISSED,m4-1,265.241,"{'m1-1': 2.509, 'm2-1': 1.882, 'm3-1': 4.392, 'm4-1': 0.82}",0.8595000000000539,269.66799999999995,inf,270.241,270.241,270.241
1523,TT2,BESTEFFORT,CANCELLED,,265.449,"{'m1-1': 2.626, 'm2-1': 1.516, 'm3-1': 4.695, 'm4-1': 0.718}",0.0,inf,inf,inf,270.54900000000004,270.54900000000004
1524,TT2,BESTEFFORT,MISSED,m4-1,265.478,"{'m1-1': 1.892, 'm2-1': 2.123, 'm3-1': 4.958, 'm4-1': 0.893}",0.0,272.541,inf,272.541,270.57800000000003,270.57800000000003
1525,TT1,BESTEFFORT,CANCELLED,,265.6,"{'m1-1': 2.185, 'm2-1': 1.895, 'm3-1': 3.78, 'm4-1': 0.823}",0.0,inf,inf,inf,270.6,270.6
1526,TT3,BESTEFFORT,COMPLETED,m1-1,265.781,"{'m1-1': 2.161, 'm2-1': 1.727, 'm3-1': 4.338, 'm4-1': 0.923}",3.4576000000000002,268.527,270.688,inf,270.981,270.981
1527,TT4,BESTEFFORT,MISSED,m3-1,265.848,"{'m1-1': 1.831, 'm2-1': 1.629, 'm3-1': 4.781, 'm4-1': 0.885}",0.0,271.073,inf,271.073,270.848,270.848
1528,TT3,BESTEFFORT,MISSED,m1-1,265.852,"{'m1-1': 2.435, 'm2-1': 1.711, 'm3-1': 5.958, 'm4-1': 0.782}",0.0,272.71299999999997,inf,272.71299999999997,271.05199999999996,271.05199999999996
1529,TT4,BESTEFFORT,CANCELLED,,266.038,"{'m1-1': 1.91, 'm2-1': 1.648, 'm3-1': 3.995, 'm4-1': 1.04}",0.0,inf,inf,inf,271.038,271.038
1530,TT1,BESTEFFORT,MISSED,m3-1,266.073,"{'m1-1': 2.414, 'm2-1': 1.974, 'm3-1': 3.797, 'm4-1': 0.829}",2.0160000000000085,269.953,inf,271.073,271.073,271.073
1531,TT1,BESTEFFORT,COMPLETED,m4-1,266.081,"{'m1-1': 2.471, 'm2-1': 1.873, 'm3-1': 3.874, 'm4-1': 0.748}",1.1219999999999999,268.91999999999996,269.66799999999995,inf,271.081,271.081
1532,TT4,BESTEFFORT,MISSED,m2-1,266.368,"{'m1-1': 1.913, 'm2-1': 1.819, 'm3-1': 4.711, 'm4-1': 1.04}",2.9610000000000696,270.381,inf,271.368,271.368,271.368
1533,TT4,BESTEFFORT,CANCELLED,,266.902,"{'m1-1': 1.765, 'm2-1': 1.761, 'm3-1': 4.381, 'm4-1': 0.762}",0.0,inf,inf,inf,271.902,271.902
1534,TT4,BESTEFFORT,MISSED,m1-1,267.088,"{'m1-1': 2.278, 'm2-1': 1.87, 'm3-1': 4.822, 'm4-1': 0.855}",0.0,272.71299999999997,inf,272.71299999999997,272.088,272.088
1535,TT3,BESTEFFORT,CANCELLED,,267.275,"{'m1-1': 1.766, 'm2-1': 1.632, 'm3-1': 5.738, 'm4-1': 0.974}",0.0,inf,inf,inf,272.47499999999997,272.47499999999997
1536,TT2,BESTEFFORT,MISSED,m3-1,267.41,"{'m1-1': 2.427, 'm2-1': 1.935, 'm3-1': 4.721, 'm4-1': 0.938}",0.08100000000013097,272.465,inf,272.51000000000005,272.51000000000005,272.51000000000005
1537,TT4,BESTEFFORT,MISSED,m3-1,267.465,"{'m1-1': 2.383, 'm2-1': 1.611, 'm3-1': 4.669, 'm4-1': 0.874}",2.5055999999999927,271.073,inf,272.465,272.465,272.465
1538,TT3,BESTEFFORT,COMPLETED,m1-1,267.73,"{'m1-1': 2.025, 'm2-1': 1.58, 'm3-1': 5.107, 'm4-1': 0.719}",3.24,270.688,272.71299999999997,inf,272.93,272.93
1539,TT3,BESTEFFORT,CANCELLED,,268.192,"{'m1-1': 2.116, 'm2-1': 1.467, 'm3-1': 4.842, 'm4-1': 0.736}",0.0,inf,inf,inf,273.392,273.392
1540,TT1,BESTEFFORT,COMPLETED,m4-1,268.268,"{'m1-1': 2.525, 'm2-1': 1.868, 'm3-1': 4.031, 'm4-1': 0.707}",1.0605,270.241,270.948,inf,273.268,273.268
1541,TT4,BESTEFFORT,CANCELLED,,268.476,"{'m1-1': 2.276, 'm2-1': 1.753, 'm3-1': 4.018, 'm4-1': 0.982}",0.0,inf,inf,inf,273.476,273.476
1542,TT3,BESTEFFORT,COMPLETED,m2-1,268.576,"{'m1-1': 2.406, 'm2-1': 1.792, 'm3-1': 4.22, 'm4-1': 0.796}",5.376,271.368,273.15999999999997,inf,273.776,273.776
1543,TT2,BESTEFFORT,MISSED,m1-1,268.853,"{'m1-1': 1.971, 'm2-1': 1.852, 'm3-1': 5.021, 'm4-1': 0.978}",1.9840000000001057,272.71299999999997,inf,273.95300000000003,273.95300000000003,273.95300000000003
1544,TT1,BESTEFFORT,COMPLETED,m4-1,269.131,"{'m1-1': 2.456, 'm2-1': 1.626, 'm3-1': 4.962, 'm4-1': 0.684}",1.026,270.948,271.632,inf,274.131,274.131
1545,TT2,BESTEFFORT,COMPLETED,m4-1,269.519,"{'m1-1': 2.169, 'm2-1': 1.904, 'm3-1': 4.433, 'm4-1': 0.909}",1.3635000000000002,271.632,272.541,inf,274.619,274.619
1546,TT1,BESTEFFORT,CANCELLED,,269.786,"{'m1-1': 2.613, 'm2-1': 1.405, 'm3-1': 4.355, 'm4-1': 0.81}",0.0,inf,inf,inf,274.786,274.786
1547,TT3,BESTEFFORT,MISSED,m2-1,269.859,"{'m1-1': 1.892, 'm2-1': 1.551, 'm3-1': 5.416, 'm4-1': 0.889}",1.1549999999999727,274.674,inf,275.05899999999997,275.05899999999997,275.05899999999997
1548,TT3,BESTEFFORT,COMPLETED,m2-1,270.025,"{'m1-1': 2.423, 'm2-1': 1.514, 'm3-1': 4.864, 'm4-1': 0.766}",4.542,273.15999999999997,274.674,inf,275.22499999999997,275.22499999999997
1549,TT4,BESTEFFORT,MISSED,m1-1,270.26,"{'m1-1': 1.849, 'm2-1': 1.797, 'm3-1': 3.869, 'm4-1': 1.042}",0.0,276.187,inf,276.187,275.26,275.26
1550,TT4,BESTEFFORT,MISSED,m3-1,270.353,"{'m1-1': 2.223, 'm2-1': 1.774, 'm3-1': 4.58, 'm4-1': 0.83}",5.11739999999993,272.51000000000005,inf,275.353,275.353,275.353
1551,TT4,BESTEFFORT,MISSED,m3-1,270.501,"{'m1-1': 1.905, 'm2-1': 1.861, 'm3-1': 4.063, 'm4-1': 0.859}",0.0,276.656,inf,276.656,275.501,275.501
1552,TT4,BESTEFFORT,CANCELLED,,270.539,"{'m1-1': 1.796, 'm2-1': 1.649, 'm3-1': 4.109, 'm4-1': 0.927}",0.0,inf,inf,inf,275.539,275.539
1553,TT1,BESTEFFORT,COMPLETED,m4-1,270.6,"{'m1-1': 2.414, 'm2-1': 1.801, 'm3-1': 4.861, 'm4-1': 0.765}",1.1475,272.541,273.306,inf,275.6,275.6
1554,TT3,BESTEFFORT,COMPLETED,m4-1,270.636,"{'m1-1': 2.399, 'm2-1': 1.66, 'm3-1': 4.604, 'm4-1': 0.839}",1.2585,273.306,274.145,inf,275.836,275.836
1555,TT3,BESTEFFORT,MISSED,m2-1,270.744,"{'m1-1': 1.782, 'm2-1': 1.717, 'm3-1': 5.826, 'm4-1': 0.968}",2.6550000000001432,275.05899999999997,inf,275.944,275.944,275.944
1556,TT1,BESTEFFORT,MISSED,m3-1,270.79,"{'m1-1': 2.473, 'm2-1': 1.445, 'm3-1': 4.82, 'm4-1': 0.845}",0.7866000000000213,275.353,inf,275.79,275.79,275.79
1557,TT4,BESTEFFORT,CANCELLED,,270.84,"{'m1-1': 1.807, 'm2-1': 1.877, 'm3-1': 4.171, 'm4-1': 0.953}",0.0,inf,inf,inf,275.84,275.84
1558,TT3,BESTEFFORT,COMPLETED,m1-1,271.285,"{'m1-1': 2.234, 'm2-1': 1.444, 'm3-1': 4.882, 'm4-1': 0.844}",3.5744000000000002,273.95300000000003,276.187,inf,276.485,276.485
1559,TT1,BESTEFFORT,MISSED,m3-1,271.656,"{'m1-1': 2.491, 'm2-1': 1.424, 'm3-1': 3.623, 'm4-1': 0.698}",1.5587999999999738,275.79,inf,276.656,276.656,276.656
1560,TT4,BESTEFFORT,CANCELLED,,271.86,"{'m1-1': 2.258, 'm2-1': 1.609, 'm3-1': 4.877, 'm4-1': 0.794}",0.0,inf,inf,inf,276.86,276.86
1561,TT3,BESTEFFORT,COMPLETED,m4-1,271.869,"{'m1-1': 1.959, 'm2-1': 1.521, 'm3-1': 5.7, 'm4-1': 0.806}",1.209,274.998,275.804,inf,277.069,277.069
1562,TT3,BESTEFFORT,COMPLETED,m4-1,271.9,"{'m1-1': 1.978, 'm2-1': 1.645, 'm3-1': 4.252, 'm4-1': 0.853}",1.2795,274.145,274.998,inf,277.09999999999997,277.09999999999997
1563,TT3,BESTEFFORT,MISSED,m1-1,271.92,"{'m1-1': 1.928, 'm2-1': 1.784, 'm3-1': 4.407, 'm4-1': 0.986}",1.4927999999999884,276.187,inf,277.12,277.12,277.12
1564,TT1,BESTEFFORT,CANCELLED,,272.416,"{'m1-1': 2.446, 'm2-1': 1.862, 'm3-1': 4.373, 'm4-1': 0.659}",0.0,inf,inf,inf,277.416,277.416
1565,TT1,BESTEFFORT,COMPLETED,m4-1,272.683,"{'m1-1': 2.315, 'm2-1': 1.699, 'm3-1': 4.495, 'm4-1': 0.744}",1.116,275.804,276.548,inf,277.683,277.683
1566,TT4,BESTEFFORT,COMPLETED,m2-1,272.953,"{'m1-1': 2.243, 'm2-1': 1.546, 'm3-1': 4.282, 'm4-1': 0.84}",4.638,275.944,277.49,inf,277.953,277.953
1567,TT4,BESTEFFORT,MISSED,m3-1,272.974,"{'m1-1': 2.172, 'm2-1': 1.435, 'm3-1': 4.816, 'm4-1': 0.845}",0.0,280.672,inf,280.672,277.974,277.974
1568,TT1,BESTEFFORT,MISSED,m1-1,273.321,"{'m1-1': 2.456, 'm2-1': 1.638, 'm3-1': 4.562, 'm4-1': 0.687}",1.921600000000035,277.12,inf,278.321,278.321,278.321
1569,TT4,BESTEFFORT,MISSED,m2-1,273.521,"{'m1-1': 1.793, 'm2-1': 1.766, 'm3-1': 4.444, 'm4-1': 0.765}",3.0930000000000177,277.49,inf,278.521,278.521,278.521
1570,TT1,BESTEFFORT,COMPLETED,m4-1,273.654,"{'m1-1': 2.338, 'm2-1': 1.412, 'm3-1': 5.042, 'm4-1': 0.724}",1.0859999999999999,276.548,277.272,inf,278.654,278.654
1571,TT3,BESTEFFORT,MISSED,m2-1,273.905,"{'m1-1': 1.784, 'm2-1': 1.318, 'm3-1': 4.66, 'm4-1': 0.815}",1.751999999999839,278.521,inf,279.10499999999996,279.10499999999996,279.10499999999996
1572,TT3,BESTEFFORT,COMPLETED,m4-1,273.987,"{'m1-1': 2.307, 'm2-1': 1.444, 'm3-1': 5.804, 'm4-1': 0.855}",1.2825,277.272,278.127,inf,279.187,279.187
1573,TT4,BESTEFFORT,MISSED,m3-1,274.144,"{'m1-1': 2.09, 'm2-1': 1.424, 'm3-1': 4.03, 'm4-1': 0.977}",0.0,280.672,inf,280.672,279.144,279.144
1574,TT2,BESTEFFORT,MISSED,m1-1,274.436,"{'m1-1': 2.257, 'm2-1': 2.122, 'm3-1': 3.831, 'm4-1': 0.878}",0.0,280.52200000000005,inf,280.52200000000005,279.536,279.536
1575,TT1,BESTEFFORT,MISSED,m1-1,274.663,"{'m1-1': 2.39, 'm2-1': 1.859, 'm3-1': 5.098, 'm4-1': 0.691}",0.0,280.52200000000005,inf,280.52200000000005,279.663,279.663
1576,TT4,BESTEFFORT,MISSED,m3-1,274.819,"{'m1-1': 2.193, 'm2-1': 1.684, 'm3-1': 5.096, 'm4-1': 0.907}",5.69340000000002,276.656,inf,279.819,279.819,279.819
1577,TT4,BESTEFFORT,CANCELLED,,275.043,"{'m1-1': 2.386, 'm2-1': 1.685, 'm3-1': 5.042, 'm4-1': 0.918}",0.0,inf,inf,inf,280.043,280.043
1578,TT1,BESTEFFORT,COMPLETED,m4-1,275.153,"{'m1-1': 2.156, 'm2-1': 1.836, 'm3-1': 4.624, 'm4-1': 0.852}",1.278,278.127,278.979,inf,280.153,280.153
1579,TT4,BESTEFFORT,COMPLETED,m1-1,275.526,"{'m1-1': 2.201, 'm2-1': 1.895, 'm3-1': 4.673, 'm4-1': 1.003}",3.5216000000000003,278.321,280.52200000000005,inf,280.526,280.526
1580,TT2,BESTEFFORT,MISSED,m2-1,275.527,"{'m1-1': 2.361, 'm2-1': 1.868, 'm3-1': 4.275, 'm4-1': 0.804}",0.0,283.409,inf,283.409,280.627,280.627
1581,TT3,BESTEFFORT,COMPLETED,m2-1,275.56,"{'m1-1': 2.329, 'm2-1': 1.447, 'm3-1': 4.752, 'm4-1': 0.807}",4.341,279.10499999999996,280.55199999999996,inf,280.76,280.76
1582,TT4,BESTEFFORT,MISSED,m3-1,275.672,"{'m1-1': 1.887, 'm2-1': 1.864, 'm3-1': 4.976, 'm4-1': 0.935}",1.5354000000000156,279.819,inf,280.672,280.672,280.672
1583,TT2,BESTEFFORT,CANCELLED,,275.809,"{'m1-1': 2.554, 'm2-1': 1.768, 'm3-1': 3.985, 'm4-1': 0.996}",0.0,inf,inf,inf,280.90900000000005,280.90900000000005
1584,TT1,BESTEFFORT,COMPLETED,m4-1,275.948,"{'m1-1': 2.569, 'm2-1': 1.605, 'm3-1': 4.216, 'm4-1': 0.664}",0.996,278.979,279.643,inf,280.948,280.948
1585,TT2,BESTEFFORT,CANCELLED,,276.15,"{'m1-1': 1.972, 'm2-1': 2.027, 'm3-1': 3.77, 'm4-1': 1.015}",0.0,inf,inf,inf,281.25,281.25
1586,TT1,BESTEFFORT,MISSED,m3-1,276.323,"{'m1-1': 2.581, 'm2-1': 1.932, 'm3-1': 3.659, 'm4-1': 0.611}",0.0,283.184,inf,283.184,281.323,281.323
1587,TT3,BESTEFFORT,COMPLETED,m4-1,276.677,"{'m1-1': 2.152, 'm2-1': 1.727, 'm3-1': 4.243, 'm4-1': 0.891}",1.3365,279.643,280.534,inf,281.877,281.877
1588,TT3,BESTEFFORT,COMPLETED,m4-1,276.829,"{'m1-1': 1.862, 'm2-1': 1.432, 'm3-1': 5.133, 'm4-1': 0.794}",1.191,280.534,281.328,inf,282.029,282.029
1589,TT2,BESTEFFORT,CANCELLED,,277.053,"{'m1-1': 2.386, 'm2-1': 1.821, 'm3-1': 5.053, 'm4-1': 0.771}",0.0,inf,inf,inf,282.153,282.153
1590,TT3,BESTEFFORT,COMPLETED,m2-1,277.21,"{'m1-1': 1.883, 'm2-1': 1.572, 'm3-1': 4.803, 'm4-1': 0.909}",4.716,280.55199999999996,282.12399999999997,inf,282.40999999999997,282.40999999999997
1591,TT4,BESTEFFORT,CANCELLED,,277.552,"{'m1-1': 1.928, 'm2-1': 1.535, 'm3-1': 4.877, 'm4-1': 1.031}",0.0,inf,inf,inf,282.552,282.552
1592,TT2,BESTEFFORT,MISSED,m2-1,277.703,"{'m1-1': 2.48, 'm2-1': 1.882, 'm3-1': 4.237, 'm4-1': 0.771}",0.0,283.409,inf,283.409,282.803,282.803
1593,TT2,BESTEFFORT,MISSED,m1-1,277.722,"{'m1-1': 2.547, 'm2-1': 1.848, 'm3-1': 4.007, 'm4-1': 0.851}",3.6799999999999273,280.52200000000005,inf,282.822,282.822,282.822
1594,TT2,BESTEFFORT,MISSED,m3-1,278.084,"{'m1-1': 2.004, 'm2-1': 1.736, 'm3-1': 3.669, 'm4-1': 0.868}",4.521600000000001,280.672,inf,283.184,283.184,283.184
1595,TT2,BESTEFFORT,MISSED,m3-1,278.236,"{'m1-1': 2.146, 'm2-1': 1.991, 'm3-1': 4.418, 'm4-1': 0.911}",0.0,284.964,inf,284.964,283.336,283.336
1596,TT4,BESTEFFORT,MISSED,m2-1,278.409,"{'m1-1': 2.276, 'm2-1': 1.396, 'm3-1': 4.215, 'm4-1': 0.926}",3.855000000000075,282.12399999999997,inf,283.409,283.409,283.409
1597,TT4,BESTEFFORT,COMPLETED,m4-1,278.637,"{'m1-1': 1.922, 'm2-1': 1.684, 'm3-1': 4.903, 'm4-1': 0.776}",1.1640000000000001,281.328,282.104,inf,283.637,283.637
1598,TT4,BESTEFFORT,CANCELLED,,278.773,"{'m1-1': 2.086, 'm2-1': 1.642, 'm3-1': 4.291, 'm4-1': 0.851}",0.0,inf,inf,inf,283.773,283.773
1599,TT1,BESTEFFORT,MISSED,m1-1,279.269,"{'m1-1': 2.117, 'm2-1': 1.473, 'm3-1': 4.136, 'm4-1': 0.826}",0.0,285.166,inf,285.166,284.269,284.269
1600,TT1,BESTEFFORT,COMPLETED,m4-1,279.557,"{'m1-1': 2.078, 'm2-1': 1.76, 'm3-1': 4.961, 'm4-1': 0.833}",1.2494999999999998,282.104,282.937,inf,284.557,284.557
1601,TT2,BESTEFFORT,MISSED,m3-1,279.864,"{'m1-1': 1.882, 'm2-1': 1.578, 'm3-1': 4.96, 'm4-1': 0.976}",3.203999999999951,283.184,inf,284.964,284.964,284.964
1602,TT3,BESTEFFORT,MISSED,m1-1,279.966,"{'m1-1': 1.872, 'm2-1': 1.446, 'm3-1': 5.077, 'm4-1': 0.933}",0.5024000000000343,284.852,inf,285.166,285.166,285.166
1603,TT3,BESTEFFORT,COMPLETED,m1-1,280.187,"{'m1-1': 2.03, 'm2-1': 1.279, 'm3-1': 5.115, 'm4-1': 0.892}",3.2479999999999998,282.822,284.852,inf,285.387,285.387
1604,TT2,BESTEFFORT,CANCELLED,,280.373,"{'m1-1': 2.625, 'm2-1': 2.03, 'm3-1': 3.679, 'm4-1': 0.812}",0.0,inf,inf,inf,285.473,285.473
1605,TT4,BESTEFFORT,COMPLETED,m4-1,280.484,"{'m1-1': 2.385, 'm2-1': 1.589, 'm3-1': 4.903, 'm4-1': 0.851}",1.2765,282.937,283.788,inf,285.484,285.484
1606,TT1,BESTEFFORT,COMPLETED,m4-1,281.313,"{'m1-1': 2.064, 'm2-1': 1.764, 'm3-1': 4.916, 'm4-1': 0.752}",1.1280000000000001,283.788,284.54,inf,286.313,286.313
1607,TT3,BESTEFFORT,MISSED,m2-1,281.48,"{'m1-1': 1.901, 'm2-1': 1.556, 'm3-1': 5.586, 'm4-1': 0.74}",0.0,287.07099999999997,inf,287.07099999999997,286.68,286.68
1608,TT3,BESTEFFORT,COMPLETED,m2-1,281.514,"{'m1-1': 1.822, 'm2-1': 1.772, 'm3-1': 4.504, 'm4-1': 0.816}",5.316,283.409,285.181,inf,286.714,286.714
1609,TT1,BESTEFFORT,MISSED,m1-1,281.535,"{'m1-1': 2.221, 'm2-1': 1.728, 'm3-1': 4.267, 'm4-1': 0.674}",2.190400000000045,285.166,inf,286.535,286.535,286.535
1610,TT1,BESTEFFORT,COMPLETED,m4-1,281.662,"{'m1-1': 2.495, 'm2-1': 1.74, 'm3-1': 4.492, 'm4-1': 0.621}",0.9315,284.54,285.161,inf,286.662,286.662
1611,TT3,BESTEFFORT,CANCELLED,,281.684,"{'m1-1': 2.26, 'm2-1': 1.502, 'm3-1': 4.293, 'm4-1': 0.911}",0.0,inf,inf,inf,286.884,286.884
1612,TT3,BESTEFFORT,MISSED,m2-1,281.871,"{'m1-1': 2.228, 'm2-1': 1.675, 'm3-1': 4.396, 'm4-1': 0.945}",1.37399999999991,286.613,inf,287.07099999999997,287.07099999999997,287.07099999999997
1613,TT2,BESTEFFORT,MISSED,m3-1,282.065,"{'m1-1': 2.137, 'm2-1': 1.789, 'm3-1': 4.039, 'm4-1': 0.952}",3.9618000000000393,284.964,inf,287.165,287.165,287.165
1614,TT2,BESTEFFORT,MISSED,m4-1,282.533,"{'m1-1': 2.622, 'm2-1': 2.035, 'm3-1': 3.914, 'm4-1': 0.948}",0.0,288.2010000000001,inf,288.2010000000001,287.63300000000004,287.63300000000004
1615,TT1,BESTEFFORT,COMPLETED,m4-1,282.556,"{'m1-1': 2.621, 'm2-1': 1.48, 'm3-1': 3.803, 'm4-1': 0.773}",1.1595,285.773,286.54600000000005,inf,287.556,287.556
1616,TT1,BESTEFFORT,MISSED,m3-1,282.75,"{'m1-1': 2.595, 'm2-1': 1.505, 'm3-1': 3.76, 'm4-1': 0.787}",1.0529999999999633,287.165,inf,287.75,287.75,287.75
1617,TT1,BESTEFFORT,COMPLETED,m4-1,282.794,"{'m1-1': 2.43, 'm2-1': 1.781, 'm3-1': 4.835, 'm4-1': 0.612}",0.9179999999999999,285.161,285.773,inf,287.794,287.794
1618,TT2,BESTEFFORT,CANCELLED,,282.816,"{'m1-1': 1.922, 'm2-1': 1.722, 'm3-1': 4.999, 'm4-1': 0.821}",0.0,inf,inf,inf,287.916,287.916
1619,TT3,BESTEFFORT,COMPLETED,m2-1,282.847,"{'m1-1': 2.392, 'm2-1': 1.432, 'm3-1': 4.326, 'm4-1': 0.843}",4.295999999999999,285.181,286.613,inf,288.04699999999997,288.04699999999997
1620,TT4,BESTEFFORT,MISSED,m1-1,283.101,"{'m1-1': 2.018, 'm2-1': 1.825, 'm3-1': 5.106, 'm4-1': 1.066}",0.0,289.076,inf,289.076,288.101,288.101
1621,TT2,BESTEFFORT,COMPLETED,m4-1,283.526,"{'m1-1': 2.484, 'm2-1': 2.036, 'm3-1': 5.069, 'm4-1': 0.845}",1.2675,287.35600000000005,288.2010000000001,inf,288.62600000000003,288.62600000000003
1622,TT4,BESTEFFORT,MISSED,m1-1,283.65,"{'m1-1': 2.157, 'm2-1': 1.798, 'm3-1': 4.215, 'm4-1': 0.825}",3.383999999999924,286.535,inf,288.65,288.65,288.65
1623,TT3,BESTEFFORT,COMPLETED,m2-1,283.775,"{'m1-1': 2.429, 'm2-1': 1.385, 'm3-1': 4.269, 'm4-1': 0.731}",4.155,287.07099999999997,288.45599999999996,inf,288.97499999999997,288.97499999999997
1624,TT3,BESTEFFORT,CANCELLED,,283.797,"{'m1-1': 1.757, 'm2-1': 1.692, 'm3-1': 5.087, 'm4-1': 0.947}",0.0,inf,inf,inf,288.997,288.997
1625,TT2,BESTEFFORT,MISSED,m1-1,283.976,"{'m1-1': 2.327, 'm2-1': 2.073, 'm3-1': 4.535, 'm4-1': 0.98}",0.6816000000000714,288.65,inf,289.076,289.076,289.076
1626,TT1,BESTEFFORT,MISSED,m3-1,284.025,"{'m1-1': 2.623, 'm2-1': 1.644, 'm3-1': 4.694, 'm4-1': 0.649}",2.294999999999959,287.75,inf,289.025,289.025,289.025
1627,TT1,BESTEFFORT,COMPLETED,m4-1,284.472,"{'m1-1': 2.118, 'm2-1': 1.743, 'm3-1': 4.481, 'm4-1': 0.81}",1.215,286.54600000000005,287.35600000000005,inf,289.472,289.472
1628,TT3,BESTEFFORT,MISSED,m1-1,284.567,"{'m1-1': 2.234, 'm2-1': 1.635, 'm3-1': 4.609, 'm4-1': 0.821}",0.0,291.17,inf,291.17,289.767,289.767
1629,TT4,BESTEFFORT,MISSED,m1-1,284.645,"{'m1-1': 1.947, 'm2-1': 1.766, 'm3-1': 3.869, 'm4-1': 0.765}",0.0,291.17,inf,291.17,289.645,289.645
1630,TT2,BESTEFFORT,MISSED,m3-1,284.654,"{'m1-1': 2.408, 'm2-1': 2.02, 'm3-1': 3.848, 'm4-1': 0.735}",1.3122000000000753,289.025,inf,289.754,289.754,289.754
1631,TT4,BESTEFFORT,CANCELLED,,285.193,"{'m1-1': 2.19, 'm2-1': 1.71, 'm3-1': 4.897, 'm4-1': 0.776}",0.0,inf,inf,inf,290.193,290.193
1632,TT4,BESTEFFORT,COMPLETED,m4-1,285.266,"{'m1-1': 2.19, 'm2-1': 1.851, 'm3-1': 4.68, 'm4-1': 0.891}",1.3365,288.2010000000001,289.0920000000001,inf,290.266,290.266
1633,TT4,BESTEFFORT,MISSED,m3-1,285.56,"{'m1-1': 2.172, 'm2-1': 1.469, 'm3-1': 4.094, 'm4-1': 1.042}",1.4507999999999697,289.754,inf,290.56,290.56,290.56
1634,TT2,BESTEFFORT,MISSED,m3-1,285.934,"{'m1-1': 2.479, 'm2-1': 1.67, 'm3-1': 4.201, 'm4-1': 1.005}",0.8532000000000836,290.56,inf,291.03400000000005,291.03400000000005,291.03400000000005
1635,TT3,BESTEFFORT,COMPLETED,m2-1,286.159,"{'m1-1': 2.43, 'm2-1': 1.644, 'm3-1': 4.721, 'm4-1': 1.009}",4.9319999999999995,288.45599999999996,290.09999999999997,inf,291.359,291.359
1636,TT2,BESTEFFORT,COMPLETED,m1-1,286.374,"{'m1-1': 2.094, 'm2-1': 1.934, 'm3-1': 4.357, 'm4-1': 0.747}",3.3504,289.076,291.17,inf,291.47400000000005,291.47400000000005
1637,TT3,BESTEFFORT,MISSED,m2-1,286.782,"{'m1-1': 2.084, 'm2-1': 1.77, 'm3-1': 5.518, 'm4-1': 0.734}",1.0200000000000955,291.64199999999994,inf,291.98199999999997,291.98199999999997,291.98199999999997
1638,TT3,BESTEFFORT,COMPLETED,m2-1,286.861,"{'m1-1': 2.051, 'm2-1': 1.542, 'm3-1': 5.647, 'm4-1': 0.881}",4.626,290.09999999999997,291.64199999999994,inf,292.061,292.061
1639,TT3,BESTEFFORT,COMPLETED,m4-1,286.961,"{'m1-1': 1.983, 'm2-1': 1.676, 'm3-1': 5.978, 'm4-1': 0.976}",1.464,290.71400000000006,291.69000000000005,inf,292.161,292.161
1640,TT1,BESTEFFORT,COMPLETED,m4-1,287.179,"{'m1-1': 2.044, 'm2-1': 1.87, 'm3-1': 4.933, 'm4-1': 0.667}",1.0005000000000002,289.0920000000001,289.75900000000007,inf,292.179,292.179
1641,TT2,BESTEFFORT,CANCELLED,,287.265,"{'m1-1': 2.269, 'm2-1': 1.935, 'm3-1': 4.613, 'm4-1': 0.811}",0.0,inf,inf,inf,292.365,292.365
1642,TT3,BESTEFFORT,MISSED,m2-1,287.321,"{'m1-1': 2.325, 'm2-1': 1.589, 'm3-1': 5.017, 'm4-1': 0.796}",1.6170000000001323,291.98199999999997,inf,292.521,292.521,292.521
1643,TT3,BESTEFFORT,MISSED,m1-1,287.591,"{'m1-1': 1.9, 'm2-1': 1.328, 'm3-1': 4.674, 'm4-1': 0.72}",2.5935999999999697,291.17,inf,292.791,292.791,292.791
1644,TT3,BESTEFFORT,COMPLETED,m4-1,287.831,"{'m1-1': 2.146, 'm2-1': 1.504, 'm3-1': 5.203, 'm4-1': 0.955}",1.4324999999999999,289.75900000000007,290.71400000000006,inf,293.031,293.031
1645,TT4,BESTEFFORT,MISSED,m2-1,287.937,"{'m1-1': 2.157, 'm2-1': 1.609, 'm3-1': 4.934, 'm4-1': 0.888}",1.2479999999999905,292.521,inf,292.937,292.937,292.937
1646,TT2,BESTEFFORT,CANCELLED,,288.03,"{'m1-1': 2.322, 'm2-1': 1.597, 'm3-1': 3.848, 'm4-1': 0.978}",0.0,inf,inf,inf,293.13,293.13
1647,TT4,BESTEFFORT,COMPLETED,m4-1,288.554,"{'m1-1': 2.316, 'm2-1': 1.854, 'm3-1': 4.967, 'm4-1': 0.972}",1.458,291.69000000000005,292.66200000000003,inf,293.554,293.554
1648,TT2,BESTEFFORT,MISSED,m3-1,288.892,"{'m1-1': 2.13, 'm2-1': 1.938, 'm3-1': 4.498, 'm4-1': 0.954}",5.3243999999999465,291.03400000000005,inf,293.992,293.992,293.992
1649,TT3,BESTEFFORT,MISSED,m1-1,289.285,"{'m1-1': 2.081, 'm2-1': 1.551, 'm3-1': 5.468, 'm4-1': 0.954}",0.0,294.724,inf,294.724,294.485,294.485
1650,TT2,BESTEFFORT,COMPLETED,m4-1,289.699,"{'m1-1': 2.157, 'm2-1': 1.561, 'm3-1': 3.885, 'm4-1': 0.953}",1.4295,292.66200000000003,293.615,inf,294.79900000000004,294.79900000000004
1651,TT2,BESTEFFORT,MISSED,m3-1,289.725,"{'m1-1': 2.503, 'm2-1': 2.105, 'm3-1': 4.133, 'm4-1': 0.836}",1.4994000000000482,293.992,inf,294.82500000000005,294.82500000000005,294.82500000000005
1652,TT2,BESTEFFORT,MISSED,m3-1,289.849,"{'m1-1': 2.629, 'm2-1': 1.579, 'm3-1': 4.144, 'm4-1': 1.015}",0.22319999999994025,294.82500000000005,inf,294.949,294.949,294.949
1653,TT2,BESTEFFORT,COMPLETED,m4-1,289.967,"{'m1-1': 2.633, 'm2-1': 1.768, 'm3-1': 3.804, 'm4-1': 0.885}",1.3275000000000001,293.615,294.5,inf,295.067,295.067
1654,TT2,BESTEFFORT,MISSED,m3-1,290.292,"{'m1-1': 2.624, 'm2-1': 1.569, 'm3-1': 4.989, 'm4-1': 0.74}",0.7973999999999706,294.949,inf,295.392,295.392,295.392
1655,TT1,BESTEFFORT,CANCELLED,,290.98,"{'m1-1': 2.552, 'm2-1': 1.558, 'm3-1': 4.061, 'm4-1': 0.741}",0.0,inf,inf,inf,295.98,295.98
1656,TT3,BESTEFFORT,COMPLETED,m1-1,290.982,"{'m1-1': 1.933, 'm2-1': 1.717, 'm3-1': 5.783, 'm4-1': 0.919}",3.0928000000000004,292.791,294.724,inf,296.182,296.182
1657,TT1,BESTEFFORT,MISSED,m1-1,291.022,"{'m1-1': 2.231, 'm2-1': 1.689, 'm3-1': 4.653, 'm4-1': 0.625}",2.076800000000003,294.724,inf,296.022,296.022,296.022
1658,TT4,BESTEFFORT,COMPLETED,m2-1,291.185,"{'m1-1': 2.234, 'm2-1': 1.856, 'm3-1': 4.386, 'm4-1': 1.066}",5.5680000000000005,292.937,294.793,inf,296.185,296.185
1659,TT1,BESTEFFORT,COMPLETED,m4-1,291.496,"{'m1-1': 2.566, 'm2-1': 1.587, 'm3-1': 3.902, 'm4-1': 0.63}",0.9450000000000001,294.5,295.13,inf,296.496,296.496
1660,TT3,BESTEFFORT,COMPLETED,m2-1,291.71,"{'m1-1': 2.383, 'm2-1': 1.711, 'm3-1': 5.56, 'm4-1': 0.813}",5.133,294.793,296.504,inf,296.90999999999997,296.90999999999997
1661,TT4,BESTEFFORT,CANCELLED,,291.746,"{'m1-1': 2.037, 'm2-1': 1.775, 'm3-1': 3.845, 'm4-1': 0.817}",0.0,inf,inf,inf,296.746,296.746
1662,TT4,BESTEFFORT,MISSED,m2-1,291.886,"{'m1-1': 2.111, 'm2-1': 1.884, 'm3-1': 3.891, 'm4-1': 0.988}",1.146000000000015,296.504,inf,296.886,296.886,296.886
1663,TT3,BESTEFFORT,MISSED,m1-1,292.063,"{'m1-1': 1.873, 'm2-1': 1.603, 'm3-1': 4.392, 'm4-1': 0.75}",1.9855999999999767,296.022,inf,297.263,297.263,297.263
1664,TT1,BESTEFFORT,CANCELLED,,292.178,"{'m1-1': 2.07, 'm2-1': 1.73, 'm3-1': 4.926, 'm4-1': 0.811}",0.0,inf,inf,inf,297.178,297.178
1665,TT3,BESTEFFORT,COMPLETED,m4-1,292.348,"{'m1-1': 2.038, 'm2-1': 1.297, 'm3-1': 5.092, 'm4-1': 0.954}",1.431,295.13,296.084,inf,297.548,297.548
1666,TT3,BESTEFFORT,MISSED,m1-1,292.46,"{'m1-1': 2.296, 'm2-1': 1.281, 'm3-1': 4.897, 'm4-1': 0.832}",0.6351999999999862,297.263,inf,297.65999999999997,297.65999999999997,297.65999999999997
1667,TT2,BESTEFFORT,MISSED,m1-1,292.571,"{'m1-1': 2.116, 'm2-1': 2.069, 'm3-1': 3.948, 'm4-1': 1.009}",0.017600000000129512,297.65999999999997,inf,297.67100000000005,297.67100000000005,297.67100000000005
1668,TT4,BESTEFFORT,CANCELLED,,292.647,"{'m1-1': 2.324, 'm2-1': 1.7, 'm3-1': 4.911, 'm4-1': 0.852}",0.0,inf,inf,inf,297.647,297.647
1669,TT2,BESTEFFORT,CANCELLED,,292.701,"{'m1-1': 1.897, 'm2-1': 1.908, 'm3-1': 5.083, 'm4-1': 0.973}",0.0,inf,inf,inf,297.80100000000004,297.80100000000004
1670,TT3,BESTEFFORT,MISSED,m2-1,292.804,"{'m1-1': 2.304, 'm2-1': 1.628, 'm3-1': 4.571, 'm4-1': 0.723}",3.3539999999998145,296.886,inf,298.00399999999996,298.00399999999996,298.00399999999996
1671,TT1,BESTEFFORT,COMPLETED,m4-1,292.821,"{'m1-1': 2.315, 'm2-1': 1.704, 'm3-1': 3.961, 'm4-1': 0.803}",1.2045000000000001,296.084,296.887,inf,297.821,297.821
1672,TT3,BESTEFFORT,MISSED,m2-1,293.007,"{'m1-1': 2.132, 'm2-1': 1.675, 'm3-1': 4.801, 'm4-1': 0.936}",0.0,298.986,inf,298.986,298.207,298.207
1673,TT3,BESTEFFORT,MISSED,m2-1,293.09,"{'m1-1': 1.947, 'm2-1': 1.551, 'm3-1': 4.728, 'm4-1': 0.916}",0.0,300.697,inf,300.697,298.28999999999996,298.28999999999996
1674,TT3,BESTEFFORT,MISSED,m1-1,293.341,"{'m1-1': 1.968, 'm2-1': 1.428, 'm3-1': 5.216, 'm4-1': 0.794}",0.0,301.48900000000003,inf,301.48900000000003,298.541,298.541
1675,TT1,BESTEFFORT,COMPLETED,m4-1,293.368,"{'m1-1': 2.429, 'm2-1': 1.955, 'm3-1': 4.128, 'm4-1': 0.791}",1.1865,296.887,297.678,inf,298.368,298.368
1676,TT2,BESTEFFORT,MISSED,m3-1,293.369,"{'m1-1': 2.058, 'm2-1': 1.654, 'm3-1': 4.514, 'm4-1': 1.016}",5.538600000000099,295.392,inf,298.46900000000005,298.46900000000005,298.46900000000005
1677,TT3,BESTEFFORT,MISSED,m2-1,293.786,"{'m1-1': 2.116, 'm2-1': 1.267, 'm3-1': 5.954, 'm4-1': 0.882}",2.946000000000083,298.00399999999996,inf,298.986,298.986,298.986
1678,TT1,BESTEFFORT,MISSED,m3-1,293.797,"{'m1-1': 2.246, 'm2-1': 1.946, 'm3-1': 4.386, 'm4-1': 0.776}",0.5903999999999542,298.46900000000005,inf,298.797,298.797,298.797
1679,TT2,BESTEFFORT,MISSED,m3-1,293.884,"{'m1-1': 2.231, 'm2-1': 1.697, 'm3-1': 4.312, 'm4-1': 0.763}",0.33660000000002127,298.797,inf,298.98400000000004,298.98400000000004,298.98400000000004
1680,TT2,BESTEFFORT,CANCELLED,,294.597,"{'m1-1': 2.255, 'm2-1': 1.686, 'm3-1': 4.243, 'm4-1': 0.84}",0.0,inf,inf,inf,299.697,299.697
1681,TT3,BESTEFFORT,COMPLETED,m4-1,294.654,"{'m1-1': 2.321, 'm2-1': 1.741, 'm3-1': 4.775, 'm4-1': 0.975}",1.4625,298.397,299.372,inf,299.854,299.854
1682,TT1,BESTEFFORT,COMPLETED,m4-1,294.698,"{'m1-1': 2.553, 'm2-1': 1.872, 'm3-1': 4.925, 'm4-1': 0.719}",1.0785,297.678,298.397,inf,299.698,299.698
1683,TT4,BESTEFFORT,CANCELLED,,294.933,"{'m1-1': 1.745, 'm2-1': 1.74, 'm3-1': 3.79, 'm4-1': 0.759}",0.0,inf,inf,inf,299.933,299.933
1684,TT1,BESTEFFORT,MISSED,m3-1,295.231,"{'m1-1': 1.996, 'm2-1': 1.415, 'm3-1': 4.96, 'm4-1': 0.64}",2.2445999999999233,298.98400000000004,inf,300.231,300.231,300.231
1685,TT3,BESTEFFORT,MISSED,m2-1,295.839,"{'m1-1': 1.842, 'm2-1': 1.502, 'm3-1': 4.442, 'm4-1': 0.98}",0.0,303.361,inf,303.361,301.039,301.039
1686,TT4,BESTEFFORT,CANCELLED,,295.876,"{'m1-1': 1.937, 'm2-1': 1.657, 'm3-1': 3.979, 'm4-1': 1.05}",0.0,inf,inf,inf,300.876,300.876
1687,TT1,BESTEFFORT,COMPLETED,m1-1,295.912,"{'m1-1': 2.03, 'm2-1': 1.851, 'm3-1': 4.926, 'm4-1': 0.721}",3.2479999999999998,297.67100000000005,299.701,inf,300.912,300.912
1688,TT1,BESTEFFORT,COMPLETED,m4-1,296.252,"{'m1-1': 2.44, 'm2-1': 1.571, 'm3-1': 3.745, 'm4-1': 0.689}",1.0334999999999999,299.372,300.06100000000004,inf,301.252,301.252
1689,TT1,BESTEFFORT,MISSED,m3-1,296.332,"{'m1-1': 2.315, 'm2-1': 1.977, 'm3-1': 3.881, 'm4-1': 0.773}",0.0,303.851,inf,303.851,301.332,301.332
1690,TT2,BESTEFFORT,CANCELLED,,296.469,"{'m1-1': 2.315, 'm2-1': 2.022, 'm3-1': 4.785, 'm4-1': 0.874}",0.0,inf,inf,inf,301.569,301.569
1691,TT4,BESTEFFORT,MISSED,m1-1,296.507,"{'m1-1': 2.44, 'm2-1': 1.565, 'm3-1': 3.913, 'm4-1': 0.775}",0.028799999999955618,301.48900000000003,inf,301.507,301.507,301.507
1692,TT3,BESTEFFORT,CANCELLED,,296.863,"{'m1-1': 2.102, 'm2-1': 1.519, 'm3-1': 4.41, 'm4-1': 0.955}",0.0,inf,inf,inf,302.063,302.063
1693,TT3,BESTEFFORT,COMPLETED,m2-1,296.875,"{'m1-1': 2.325, 'm2-1': 1.711, 'm3-1': 4.463, 'm4-1': 0.762}",5.133,298.986,300.697,inf,302.075,302.075
1694,TT4,BESTEFFORT,COMPLETED,m1-1,297.091,"{'m1-1': 1.788, 'm2-1': 1.384, 'm3-1': 4.828, 'm4-1': 0.824}",2.8608000000000002,299.701,301.48900000000003,inf,302.091,302.091
1695,TT2,BESTEFFORT,COMPLETED,m4-1,297.153,"{'m1-1': 2.065, 'm2-1': 1.654, 'm3-1': 4.106, 'm4-1': 0.926}",1.389,300.06100000000004,300.987,inf,302.25300000000004,302.25300000000004
1696,TT3,BESTEFFORT,MISSED,m4-1,297.746,"{'m1-1': 2.24, 'm2-1': 1.479, 'm3-1': 5.778, 'm4-1': 0.79}",0.0,303.30100000000004,inf,303.30100000000004,302.94599999999997,302.94599999999997
1697,TT1,BESTEFFORT,MISSED,m2-1,297.784,"{'m1-1': 2.223, 'm2-1': 1.799, 'm3-1': 4.219, 'm4-1': 0.742}",0.0,303.361,inf,303.361,302.784,302.784
1698,TT4,BESTEFFORT,CANCELLED,,297.784,"{'m1-1': 1.982, 'm2-1': 1.788, 'm3-1': 4.472, 'm4-1': 0.903}",0.0,inf,inf,inf,302.784,302.784
1699,TT2,BESTEFFORT,CANCELLED,,297.972,"{'m1-1': 1.935, 'm2-1': 1.892, 'm3-1': 4.715, 'm4-1': 0.753}",0.0,inf,inf,inf,303.072,303.072
1700,TT1,BESTEFFORT,CANCELLED,,297.978,"{'m1-1': 2.173, 'm2-1': 1.973, 'm3-1': 4.721, 'm4-1': 0.789}",0.0,inf,inf,inf,302.978,302.978
1701,TT1,BESTEFFORT,COMPLETED,m4-1,298.101,"{'m1-1': 2.596, 'm2-1': 1.432, 'm3-1': 5.078, 'm4-1': 0.677}",1.0155,300.987,301.66400000000004,inf,303.101,303.101
1702,TT4,BESTEFFORT,CANCELLED,,298.159,"{'m1-1': 2.278, 'm2-1': 1.725, 'm3-1': 3.76, 'm4-1': 0.872}",0.0,inf,inf,inf,303.159,303.159
1703,TT4,BESTEFFORT,MISSED,m3-1,298.262,"{'m1-1': 2.001, 'm2-1': 1.519, 'm3-1': 4.777, 'm4-1': 0.93}",5.455800000000011,300.231,inf,303.262,303.262,303.262
1704,TT4,BESTEFFORT,CANCELLED,,298.277,"{'m1-1': 1.747, 'm2-1': 1.756, 'm3-1': 5.057, 'm4-1': 1.05}",0.0,inf,inf,inf,303.277,303.277
1705,TT3,BESTEFFORT,CANCELLED,,298.278,"{'m1-1': 1.992, 'm2-1': 1.706, 'm3-1': 5.607, 'm4-1': 0.968}",0.0,inf,inf,inf,303.478,303.478
1706,TT4,BESTEFFORT,MISSED,m1-1,298.29,"{'m1-1': 2.131, 'm2-1': 1.891, 'm3-1': 4.437, 'm4-1': 0.873}",2.852800000000025,301.507,inf,303.29,303.29,303.29
1707,TT1,BESTEFFORT,MISSED,m2-1,298.361,"{'m1-1': 2.49, 'm2-1': 1.783, 'm3-1': 3.891, 'm4-1': 0.765}",3.797999999999888,302.095,inf,303.361,303.361,303.361
1708,TT3,BESTEFFORT,COMPLETED,m2-1,298.397,"{'m1-1': 2.007, 'm2-1': 1.398, 'm3-1': 5.014, 'm4-1': 0.941}",4.194,300.697,302.095,inf,303.597,303.597
1709,TT1,BESTEFFORT,MISSED,m3-1,298.663,"{'m1-1': 1.983, 'm2-1': 1.855, 'm3-1': 4.64, 'm4-1': 0.702}",0.7218000000000189,303.262,inf,303.663,303.663,303.663
1710,TT3,BESTEFFORT,MISSED,m2-1,298.698,"{'m1-1': 2.045, 'm2-1': 1.329, 'm3-1': 5.638, 'm4-1': 0.912}",0.0,306.752,inf,306.752,303.89799999999997,303.89799999999997
1711,TT3,BESTEFFORT,CANCELLED,,298.794,"{'m1-1': 2.052, 'm2-1': 1.501, 'm3-1': 5.351, 'm4-1': 1.013}",0.0,inf,inf,inf,303.99399999999997,303.99399999999997
1712,TT2,BESTEFFORT,CANCELLED,,298.842,"{'m1-1': 2.135, 'm2-1': 2.124, 'm3-1': 4.039, 'm4-1': 0.847}",0.0,inf,inf,inf,303.942,303.942
1713,TT1,BESTEFFORT,MISSED,m3-1,298.851,"{'m1-1': 2.59, 'm2-1': 1.817, 'm3-1': 3.838, 'm4-1': 0.754}",0.3383999999999787,303.663,inf,303.851,303.851,303.851
1714,TT1,BESTEFFORT,COMPLETED,m4-1,298.969,"{'m1-1': 2.011, 'm2-1': 1.403, 'm3-1': 3.872, 'm4-1': 0.687}",1.0305,301.66400000000004,302.35100000000006,inf,303.969,303.969
1715,TT2,BESTEFFORT,CANCELLED,,299.12,"{'m1-1': 2.503, 'm2-1': 1.537, 'm3-1': 4.821, 'm4-1': 0.927}",0.0,inf,inf,inf,304.22,304.22
1716,TT2,BESTEFFORT,CANCELLED,,299.38,"{'m1-1': 2.13, 'm2-1': 1.759, 'm3-1': 4.06, 'm4-1': 0.968}",0.0,inf,inf,inf,304.48,304.48
1717,TT4,BESTEFFORT,MISSED,m3-1,299.462,"{'m1-1': 1.862, 'm2-1': 1.473, 'm3-1': 4.54, 'm4-1': 0.95}",0.0,308.605,inf,308.605,304.462,304.462
1718,TT3,BESTEFFORT,MISSED,m2-1,299.555,"{'m1-1': 1.926, 'm2-1': 1.292, 'm3-1': 4.81, 'm4-1': 0.93}",0.0,306.752,inf,306.752,304.755,304.755
1719,TT2,BESTEFFORT,CANCELLED,,299.655,"{'m1-1': 1.879, 'm2-1': 2.032, 'm3-1': 4.851, 'm4-1': 0.882}",0.0,inf,inf,inf,304.755,304.755
1720,TT3,BESTEFFORT,MISSED,m4-1,299.712,"{'m1-1': 2.108, 'm2-1': 1.383, 'm3-1': 4.772, 'm4-1': 0.951}",1.2149999999999181,304.10200000000003,inf,304.912,304.912,304.912
1721,TT3,BESTEFFORT,COMPLETED,m4-1,299.826,"{'m1-1': 2.352, 'm2-1': 1.63, 'm3-1': 5.397, 'm4-1': 0.95}",1.4249999999999998,302.35100000000006,303.30100000000004,inf,305.026,305.026
1722,TT3,BESTEFFORT,MISSED,m1-1,300.018,"{'m1-1': 1.817, 'm2-1': 1.71, 'm3-1': 5.844, 'm4-1': 0.75}",0.27999999999992725,305.043,inf,305.21799999999996,305.21799999999996,305.21799999999996
1723,TT4,BESTEFFORT,CANCELLED,,300.021,"{'m1-1': 2.28, 'm2-1': 1.505, 'm3-1': 4.01, 'm4-1': 1.011}",0.0,inf,inf,inf,305.021,305.021
1724,TT1,BESTEFFORT,CANCELLED,,300.154,"{'m1-1': 1.954, 'm2-1': 1.719, 'm3-1': 3.942, 'm4-1': 0.638}",0.0,inf,inf,inf,305.154,305.154
1725,TT4,BESTEFFORT,CANCELLED,,300.251,"{'m1-1': 2.22, 'm2-1': 1.541, 'm3-1': 4.669, 'm4-1': 0.977}",0.0,inf,inf,inf,305.251,305.251
1726,TT3,BESTEFFORT,MISSED,m1-1,300.937,"{'m1-1': 2.307, 'm2-1': 1.273, 'm3-1': 4.458, 'm4-1': 0.958}",1.4704000000000634,305.21799999999996,inf,306.137,306.137,306.137
1727,TT4,BESTEFFORT,MISSED,m4-1,301.015,"{'m1-1': 1.937, 'm2-1': 1.508, 'm3-1': 3.79, 'm4-1': 0.966}",0.0,307.27199999999993,inf,307.27199999999993,306.015,306.015
1728,TT1,BESTEFFORT,COMPLETED,m4-1,301.159,"{'m1-1': 2.118, 'm2-1': 1.585, 'm3-1': 4.86, 'm4-1': 0.801}",1.2015,303.30100000000004,304.10200000000003,inf,306.159,306.159
1729,TT4,BESTEFFORT,COMPLETED,m1-1,301.184,"{'m1-1': 1.753, 'm2-1': 1.646, 'm3-1': 4.274, 'm4-1': 0.988}",2.8048,303.29,305.043,inf,306.184,306.184
1730,TT2,BESTEFFORT,CANCELLED,,301.503,"{'m1-1': 2.438, 'm2-1': 1.609, 'm3-1': 5.124, 'm4-1': 0.871}",0.0,inf,inf,inf,306.603,306.603
1731,TT3,BESTEFFORT,COMPLETED,m2-1,301.829,"{'m1-1': 2.329, 'm2-1': 1.557, 'm3-1': 5.502, 'm4-1': 0.841}",4.670999999999999,303.361,304.918,inf,307.029,307.029
1732,TT4,BESTEFFORT,MISSED,m2-1,301.905,"{'m1-1': 1.862, 'm2-1': 1.796, 'm3-1': 4.712, 'm4-1': 0.834}",0.0,311.208,inf,311.208,306.905,306.905
1733,TT4,BESTEFFORT,MISSED,m3-1,302.377,"{'m1-1': 1.887, 'm2-1': 1.421, 'm3-1': 4.018, 'm4-1': 1.055}",6.346800000000019,303.851,inf,307.377,307.377,307.377
1734,TT3,BESTEFFORT,CANCELLED,,302.527,"{'m1-1': 1.757, 'm2-1': 1.6, 'm3-1': 4.228, 'm4-1': 0.742}",0.0,inf,inf,inf,307.727,307.727
1735,TT1,BESTEFFORT,COMPLETED,m4-1,302.537,"{'m1-1': 2.622, 'm2-1': 1.883, 'm3-1': 3.619, 'm4-1': 0.856}",1.284,304.912,305.768,inf,307.537,307.537
1736,TT4,BESTEFFORT,MISSED,m1-1,302.863,"{'m1-1': 1.808, 'm2-1': 1.38, 'm3-1': 3.75, 'm4-1': 0.945}",2.7615999999999987,306.137,inf,307.863,307.863,307.863
1737,TT1,BESTEFFORT,COMPLETED,m2-1,302.975,"{'m1-1': 2.354, 'm2-1': 1.834, 'm3-1': 4.89, 'm4-1': 0.617}",5.502000000000001,304.918,306.752,inf,307.975,307.975
1738,TT4,BESTEFFORT,MISSED,m1-1,303.023,"{'m1-1': 2.042, 'm2-1': 1.745, 'm3-1': 4.764, 'm4-1': 0.767}",0.0,308.789,inf,308.789,308.023,308.023
1739,TT1,BESTEFFORT,COMPLETED,m4-1,303.1,"{'m1-1': 1.949, 'm2-1': 1.479, 'm3-1': 3.608, 'm4-1': 0.703}",1.0545,305.768,306.47099999999995,inf,308.1,308.1
1740,TT1,BESTEFFORT,MISSED,m3-1,303.364,"{'m1-1': 2.502, 'm2-1': 1.574, 'm3-1': 4.33, 'm4-1': 0.83}",1.7765999999999396,307.377,inf,308.364,308.364,308.364
1741,TT1,BESTEFFORT,COMPLETED,m4-1,303.47,"{'m1-1': 2.034, 'm2-1': 1.975, 'm3-1': 3.937, 'm4-1': 0.801}",1.2015,306.47099999999995,307.27199999999993,inf,308.47,308.47
1742,TT2,BESTEFFORT,MISSED,m3-1,303.505,"{'m1-1': 2.499, 'm2-1': 2.071, 'm3-1': 5.112, 'm4-1': 1.01}",0.4338000000000761,308.364,inf,308.605,308.605,308.605
1743,TT3,BESTEFFORT,MISSED,m1-1,303.589,"{'m1-1': 1.951, 'm2-1': 1.48, 'm3-1': 4.582, 'm4-1': 0.835}",1.4815999999999805,307.863,inf,308.789,308.789,308.789
1744,TT4,BESTEFFORT,COMPLETED,m2-1,304.021,"{'m1-1': 2.432, 'm2-1': 1.5, 'm3-1': 4.982, 'm4-1': 0.983}",4.5,306.752,308.252,inf,309.021,309.021
1745,TT4,BESTEFFORT,MISSED,m1-1,304.186,"{'m1-1': 2.116, 'm2-1': 1.683, 'm3-1': 4.916, 'm4-1': 0.879}",0.6351999999999862,308.789,inf,309.186,309.186,309.186
1746,TT3,BESTEFFORT,CANCELLED,,304.302,"{'m1-1': 1.889, 'm2-1': 1.749, 'm3-1': 4.661, 'm4-1': 1.014}",0.0,inf,inf,inf,309.502,309.502
1747,TT1,BESTEFFORT,MISSED,m4-1,304.954,"{'m1-1': 2.244, 'm2-1': 1.554, 'm3-1': 4.11, 'm4-1': 0.837}",0.5265000000000839,309.60299999999995,inf,309.954,309.954,309.954
1748,TT1,BESTEFFORT,COMPLETED,m4-1,305.046,"{'m1-1': 2.452, 'm2-1': 1.92, 'm3-1': 3.729, 'm4-1': 0.74}",1.1099999999999999,307.27199999999993,308.01199999999994,inf,310.046,310.046
1749,TT1,BESTEFFORT,CANCELLED,,305.249,"{'m1-1': 1.986, 'm2-1': 1.669, 'm3-1': 4.867, 'm4-1': 0.671}",0.0,inf,inf,inf,310.249,310.249
1750,TT1,BESTEFFORT,COMPLETED,m4-1,305.49,"{'m1-1': 2.07, 'm2-1': 1.942, 'm3-1': 4.472, 'm4-1': 0.843}",1.2645,308.01199999999994,308.85499999999996,inf,310.49,310.49
1751,TT2,BESTEFFORT,MISSED,m4-1,305.59,"{'m1-1': 2.024, 'm2-1': 2.125, 'm3-1': 4.125, 'm4-1': 0.845}",0.0,310.788,inf,310.788,310.69,310.69
1752,TT2,BESTEFFORT,COMPLETED,m4-1,305.794,"{'m1-1': 2.115, 'm2-1': 1.797, 'm3-1': 3.63, 'm4-1': 0.748}",1.1219999999999999,308.85499999999996,309.60299999999995,inf,310.894,310.894
1753,TT3,BESTEFFORT,COMPLETED,m2-1,306.353,"{'m1-1': 1.84, 'm2-1': 1.523, 'm3-1': 4.985, 'm4-1': 0.834}",4.569,308.252,309.77500000000003,inf,311.553,311.553
1754,TT4,BESTEFFORT,COMPLETED,m2-1,306.7,"{'m1-1': 2.113, 'm2-1': 1.433, 'm3-1': 4.66, 'm4-1': 0.894}",4.299,309.77500000000003,311.208,inf,311.7,311.7
1755,TT3,BESTEFFORT,CANCELLED,,307.027,"{'m1-1': 1.999, 'm2-1': 1.399, 'm3-1': 5.588, 'm4-1': 0.941}",0.0,inf,inf,inf,312.227,312.227
1756,TT3,BESTEFFORT,MISSED,m4-1,307.043,"{'m1-1': 2.069, 'm2-1': 1.782, 'm3-1': 4.744, 'm4-1': 0.745}",0.0,313.43899999999996,inf,313.43899999999996,312.243,312.243
1757,TT1,BESTEFFORT,MISSED,m3-1,307.064,"{'m1-1': 2.064, 'm2-1': 1.478, 'm3-1': 4.624, 'm4-1': 0.611}",0.0,313.35900000000004,inf,313.35900000000004,312.064,312.064
1758,TT2,BESTEFFORT,MISSED,m3-1,307.08,"{'m1-1': 2.401, 'm2-1': 1.754, 'm3-1': 4.474, 'm4-1': 0.932}",6.43499999999998,308.605,inf,312.18,312.18,312.18
1759,TT3,BESTEFFORT,CANCELLED,,307.126,"{'m1-1': 1.923, 'm2-1': 1.729, 'm3-1': 5.85, 'm4-1': 0.882}",0.0,inf,inf,inf,312.32599999999996,312.32599999999996
1760,TT2,BESTEFFORT,CANCELLED,,307.158,"{'m1-1': 2.071, 'm2-1': 1.755, 'm3-1': 4.465, 'm4-1': 0.724}",0.0,inf,inf,inf,312.25800000000004,312.25800000000004
1761,TT3,BESTEFFORT,MISSED,m1-1,307.262,"{'m1-1': 1.87, 'm2-1': 1.588, 'm3-1': 5.008, 'm4-1': 1.008}",1.3840000000000146,311.597,inf,312.462,312.462,312.462
1762,TT4,BESTEFFORT,COMPLETED,m1-1,307.319,"{'m1-1': 2.411, 'm2-1': 1.444, 'm3-1': 4.032, 'm4-1': 0.803}",3.8576,309.186,311.597,inf,312.319,312.319
1763,TT3,BESTEFFORT,MISSED,m2-1,307.371,"{'m1-1': 1.986, 'm2-1': 1.617, 'm3-1': 5.849, 'm4-1': 0.733}",0.0,312.633,inf,312.633,312.57099999999997,312.57099999999997
1764,TT2,BESTEFFORT,COMPLETED,m4-1,307.436,"{'m1-1': 2.512, 'm2-1': 1.654, 'm3-1': 4.815, 'm4-1': 0.834}",1.251,309.954,310.788,inf,312.536,312.536
1765,TT4,BESTEFFORT,MISSED,m2-1,307.633,"{'m1-1': 1.771, 'm2-1': 1.864, 'm3-1': 4.409, 'm4-1': 0.929}",4.274999999999864,311.208,inf,312.633,312.633,312.633
1766,TT4,BESTEFFORT,CANCELLED,,307.69,"{'m1-1': 2.415, 'm2-1': 1.467, 'm3-1': 4.999, 'm4-1': 0.783}",0.0,inf,inf,inf,312.69,312.69
1767,TT3,BESTEFFORT,MISSED,m1-1,308.251,"{'m1-1': 1.83, 'm2-1': 1.392, 'm3-1': 5.222, 'm4-1': 0.951}",1.5823999999999616,312.462,inf,313.45099999999996,313.45099999999996,313.45099999999996
1768,TT2,BESTEFFORT,MISSED,m3-1,308.259,"{'m1-1': 2.05, 'm2-1': 1.692, 'm3-1': 3.95, 'm4-1': 0.906}",2.122200000000055,312.18,inf,313.35900000000004,313.35900000000004,313.35900000000004
1769,TT3,BESTEFFORT,CANCELLED,,308.459,"{'m1-1': 1.93, 'm2-1': 1.366, 'm3-1': 5.62, 'm4-1': 0.842}",0.0,inf,inf,inf,313.659,313.659
1770,TT4,BESTEFFORT,MISSED,m3-1,308.515,"{'m1-1': 1.932, 'm2-1': 1.889, 'm3-1': 4.971, 'm4-1': 0.856}",0.28079999999990835,313.35900000000004,inf,313.515,313.515,313.515
1771,TT4,BESTEFFORT,MISSED,m3-1,308.673,"{'m1-1': 1.963, 'm2-1': 1.396, 'm3-1': 3.969, 'm4-1': 0.865}",0.28440000000002785,313.515,inf,313.673,313.673,313.673
1772,TT4,BESTEFFORT,MISSED,m4-1,308.777,"{'m1-1': 2.374, 'm2-1': 1.363, 'm3-1': 4.437, 'm4-1': 1.005}",0.0,315.577,inf,315.577,313.777,313.777
1773,TT2,BESTEFFORT,MISSED,m1-1,308.81,"{'m1-1': 2.138, 'm2-1': 2.081, 'm3-1': 4.995, 'm4-1': 0.843}",0.7344000000000961,313.45099999999996,inf,313.91,313.91,313.91
1774,TT2,BESTEFFORT,COMPLETED,m4-1,308.921,"{'m1-1': 2.558, 'm2-1': 1.776, 'm3-1': 4.419, 'm4-1': 0.996}",1.494,312.443,313.43899999999996,inf,314.021,314.021
1775,TT4,BESTEFFORT,CANCELLED,,308.943,"{'m1-1': 2.279, 'm2-1': 1.737, 'm3-1': 3.96, 'm4-1': 0.853}",0.0,inf,inf,inf,313.943,313.943
1776,TT2,BESTEFFORT,MISSED,m1-1,309.208,"{'m1-1': 2.063, 'm2-1': 1.963, 'm3-1': 4.236, 'm4-1': 0.99}",0.0,315.98,inf,315.98,314.30800000000005,314.30800000000005
1777,TT3,BESTEFFORT,COMPLETED,m4-1,309.334,"{'m1-1': 2.236, 'm2-1': 1.666, 'm3-1': 5.89, 'm4-1': 0.792}",1.1880000000000002,311.651,312.443,inf,314.534,314.534
1778,TT4,BESTEFFORT,MISSED,m4-1,309.405,"{'m1-1': 2.225, 'm2-1': 1.412, 'm3-1': 4.641, 'm4-1': 0.873}",0.0,315.577,inf,315.577,314.405,314.405
1779,TT2,BESTEFFORT,COMPLETED,m4-1,309.47,"{'m1-1': 1.943, 'm2-1': 2.089, 'm3-1': 4.014, 'm4-1': 0.863}",1.2945,310.788,311.651,inf,314.57000000000005,314.57000000000005
1780,TT3,BESTEFFORT,CANCELLED,,309.823,"{'m1-1': 1.799, 'm2-1': 1.539, 'm3-1': 5.689, 'm4-1': 0.766}",0.0,inf,inf,inf,315.02299999999997,315.02299999999997
1781,TT2,BESTEFFORT,MISSED,m3-1,309.988,"{'m1-1': 2.498, 'm2-1': 1.636, 'm3-1': 4.039, 'm4-1': 1.006}",2.547000000000037,313.673,inf,315.088,315.088,315.088
1782,TT2,BESTEFFORT,MISSED,m2-1,310.396,"{'m1-1': 2.076, 'm2-1': 1.821, 'm3-1': 4.446, 'm4-1': 1.002}",2.7120000000001596,314.592,inf,315.49600000000004,315.49600000000004,315.49600000000004
1783,TT2,BESTEFFORT,COMPLETED,m4-1,310.84,"{'m1-1': 2.268, 'm2-1': 1.875, 'm3-1': 3.873, 'm4-1': 0.767}",1.1505,314.066,314.83299999999997,inf,315.94,315.94
1784,TT1,BESTEFFORT,MISSED,m1-1,310.98,"{'m1-1': 2.095, 'm2-1': 1.885, 'm3-1': 3.613, 'm4-1': 0.763}",3.311999999999989,313.91,inf,315.98,315.98,315.98
1785,TT1,BESTEFFORT,COMPLETED,m2-1,311.022,"{'m1-1': 2.263, 'm2-1': 1.959, 'm3-1': 3.783, 'm4-1': 0.737}",5.877000000000001,312.633,314.592,inf,316.022,316.022
1786,TT3,BESTEFFORT,MISSED,m2-1,311.108,"{'m1-1': 1.951, 'm2-1': 1.552, 'm3-1': 5.574, 'm4-1': 0.763}",0.0,317.06300000000005,inf,317.06300000000005,316.308,316.308
1787,TT1,BESTEFFORT,COMPLETED,m4-1,311.424,"{'m1-1': 1.907, 'm2-1': 1.856, 'm3-1': 3.944, 'm4-1': 0.627}",0.9405,313.43899999999996,314.066,inf,316.424,316.424
1788,TT2,BESTEFFORT,CANCELLED,,311.644,"{'m1-1': 2.043, 'm2-1': 2.068, 'm3-1': 3.667, 'm4-1': 0.944}",0.0,inf,inf,inf,316.744,316.744
1789,TT2,BESTEFFORT,MISSED,m3-1,312.015,"{'m1-1': 1.915, 'm2-1': 1.985, 'm3-1': 4.996, 'm4-1': 0.734}",3.6485999999999765,315.088,inf,317.115,317.115,317.115
1790,TT2,BESTEFFORT,COMPLETED,m4-1,312.13,"{'m1-1': 2.138, 'm2-1': 1.766, 'm3-1': 3.669, 'm4-1': 0.744}",1.116,314.83299999999997,315.577,inf,317.23,317.23
1791,TT3,BESTEFFORT,COMPLETED,m2-1,312.248,"{'m1-1': 1.936, 'm2-1': 1.567, 'm3-1': 4.982, 'm4-1': 0.782}",4.701,315.49600000000004,317.06300000000005,inf,317.448,317.448
1792,TT2,BESTEFFORT,COMPLETED,m4-1,312.599,"{'m1-1': 2.263, 'm2-1': 1.736, 'm3-1': 4.596, 'm4-1': 0.898}",1.347,315.577,316.475,inf,317.699,317.699
1793,TT3,BESTEFFORT,MISSED,m1-1,312.692,"{'m1-1': 2.268, 'm2-1': 1.432, 'm3-1': 4.796, 'm4-1': 0.887}",0.0,318.23,inf,318.23,317.892,317.892
1794,TT2,BESTEFFORT,MISSED,m4-1,312.82,"{'m1-1': 2.556, 'm2-1': 1.68, 'm3-1': 3.861, 'm4-1': 0.838}",0.8114999999999952,317.379,inf,317.92,317.92,317.92
1795,TT3,BESTEFFORT,MISSED,m3-1,313.197,"{'m1-1': 1.773, 'm2-1': 1.441, 'm3-1': 4.55, 'm4-1': 0.806}",0.04320000000000164,318.373,inf,318.397,318.397,318.397
1796,TT4,BESTEFFORT,MISSED,m1-1,313.23,"{'m1-1': 2.428, 'm2-1': 1.721, 'm3-1': 4.554, 'm4-1': 0.837}",3.6,315.98,inf,318.23,318.23,318.23
1797,TT4,BESTEFFORT,MISSED,m3-1,313.373,"{'m1-1': 2.228, 'm2-1': 1.504, 'm3-1': 4.324, 'm4-1': 0.815}",2.2643999999999664,317.115,inf,318.373,318.373,318.373
1798,TT4,BESTEFFORT,MISSED,m2-1,313.545,"{'m1-1': 2.055, 'm2-1': 1.497, 'm3-1': 3.637, 'm4-1': 0.907}",4.445999999999913,317.06300000000005,inf,318.545,318.545,318.545
1799,TT2,BESTEFFORT,COMPLETED,m4-1,314.012,"{'m1-1': 2.249, 'm2-1': 1.861, 'm3-1': 3.652, 'm4-1': 0.771}",1.1565,317.92,318.69100000000003,inf,319.112,319.112
1800,TT2,BESTEFFORT,MISSED,m2-1,314.7,"{'m1-1': 2.225, 'm2-1': 1.873, 'm3-1': 4.498, 'm4-1': 0.886}",3.7649999999999864,318.545,inf,319.8,319.8,319.8
1801,TT1,BESTEFFORT,MISSED,m3-1,315.066,"{'m1-1': 2.14, 'm2-1': 1.65, 'm3-1': 3.76, 'm4-1': 0.779}",3.004199999999969,318.397,inf,320.066,320.066,320.066
1802,TT4,BESTEFFORT,MISSED,m3-1,315.289,"{'m1-1': 1.91, 'm2-1': 1.372, 'm3-1': 4.448, 'm4-1': 0.954}",0.0,323.13,inf,323.13,320.289,320.289
1803,TT2,BESTEFFORT,MISSED,m1-1,315.391,"{'m1-1': 2.302, 'm2-1': 1.791, 'm3-1': 4.23, 'm4-1': 0.756}",0.43840000000000146,320.21700000000004,inf,320.49100000000004,320.49100000000004,320.49100000000004
1804,TT2,BESTEFFORT,COMPLETED,m4-1,315.516,"{'m1-1': 1.898, 'm2-1': 2.126, 'm3-1': 3.904, 'm4-1': 0.904}",1.356,316.475,317.379,inf,320.61600000000004,320.61600000000004
1805,TT1,BESTEFFORT,COMPLETED,m1-1,315.621,"{'m1-1': 1.987, 'm2-1': 1.838, 'm3-1': 3.858, 'm4-1': 0.616}",3.1792000000000002,318.23,320.21700000000004,inf,320.621,320.621
1806,TT2,BESTEFFORT,MISSED,m2-1,316.065,"{'m1-1': 2.223, 'm2-1': 1.931, 'm3-1': 5.11, 'm4-1': 0.79}",0.0,321.173,inf,321.173,321.165,321.165
1807,TT2,BESTEFFORT,COMPLETED,m4-1,316.217,"{'m1-1': 1.98, 'm2-1': 1.514, 'm3-1': 4.492, 'm4-1': 0.943}",1.4144999999999999,319.64900000000006,320.59200000000004,inf,321.317,321.317
1808,TT3,BESTEFFORT,COMPLETED,m4-1,316.234,"{'m1-1': 1.984, 'm2-1': 1.343, 'm3-1': 5.936, 'm4-1': 0.958}",1.4369999999999998,318.69100000000003,319.64900000000006,inf,321.43399999999997,321.43399999999997
1809,TT2,BESTEFFORT,CANCELLED,,316.37,"{'m1-1': 2.209, 'm2-1': 1.987, 'm3-1': 5.127, 'm4-1': 1.007}",0.0,inf,inf,inf,321.47,321.47
1810,TT4,BESTEFFORT,COMPLETED,m2-1,316.401,"{'m1-1': 2.296, 'm2-1': 1.373, 'm3-1': 4.285, 'm4-1': 1.041}",4.119,319.8,321.173,inf,321.401,321.401
1811,TT4,BESTEFFORT,MISSED,m1-1,316.406,"{'m1-1': 2.116, 'm2-1': 1.864, 'm3-1': 4.101, 'm4-1': 0.852}",1.4639999999999418,320.49100000000004,inf,321.406,321.406,321.406
1812,TT2,BESTEFFORT,MISSED,m3-1,316.868,"{'m1-1': 2.532, 'm2-1': 1.985, 'm3-1': 3.93, 'm4-1': 0.996}",3.4236000000000786,320.066,inf,321.968,321.968,321.968
1813,TT4,BESTEFFORT,CANCELLED,,316.891,"{'m1-1': 2.43, 'm2-1': 1.799, 'm3-1': 3.969, 'm4-1': 0.777}",0.0,inf,inf,inf,321.891,321.891
1814,TT4,BESTEFFORT,MISSED,m1-1,317.119,"{'m1-1': 1.973, 'm2-1': 1.604, 'm3-1': 4.748, 'm4-1': 1.014}",0.0,323.334,inf,323.334,322.119,322.119
1815,TT2,BESTEFFORT,COMPLETED,m4-1,317.465,"{'m1-1': 2.008, 'm2-1': 1.758, 'm3-1': 4.765, 'm4-1': 0.843}",1.2645,320.59200000000004,321.43500000000006,inf,322.565,322.565
1816,TT2,BESTEFFORT,MISSED,m3-1,318.03,"{'m1-1': 2.335, 'm2-1': 1.569, 'm3-1': 4.365, 'm4-1': 0.777}",2.09159999999996,321.968,inf,323.13,323.13,323.13
1817,TT3,BESTEFFORT,COMPLETED,m1-1,318.225,"{'m1-1': 1.928, 'm2-1': 1.765, 'm3-1': 4.824, 'm4-1': 0.938}",3.0848,321.406,323.334,inf,323.425,323.425
1818,TT1,BESTEFFORT,COMPLETED,m4-1,318.293,"{'m1-1': 2.528, 'm2-1': 1.549, 'm3-1': 3.729, 'm4-1': 0.715}",1.0725,321.43500000000006,322.15000000000003,inf,323.293,323.293
1819,TT4,BESTEFFORT,CANCELLED,,318.425,"{'m1-1': 2.073, 'm2-1': 1.768, 'm3-1': 4.757, 'm4-1': 0.907}",0.0,inf,inf,inf,323.425,323.425
1820,TT2,BESTEFFORT,MISSED,m1-1,318.45,"{'m1-1': 2.207, 'm2-1': 1.541, 'm3-1': 4.685, 'm4-1': 0.831}",0.0,327.845,inf,327.845,323.55,323.55
1821,TT4,BESTEFFORT,COMPLETED,m2-1,318.507,"{'m1-1': 1.809, 'm2-1': 1.515, 'm3-1': 3.788, 'm4-1': 1.04}",4.545,321.173,322.688,inf,323.507,323.507
1822,TT2,BESTEFFORT,CANCELLED,,318.662,"{'m1-1': 1.969, 'm2-1': 1.52, 'm3-1': 4.37, 'm4-1': 0.891}",0.0,inf,inf,inf,323.762,323.762
1823,TT1,BESTEFFORT,CANCELLED,,319.137,"{'m1-1': 2.049, 'm2-1': 1.622, 'm3-1': 3.881, 'm4-1': 0.633}",0.0,inf,inf,inf,324.137,324.137
1824,TT4,BESTEFFORT,COMPLETED,m2-1,319.233,"{'m1-1': 2.056, 'm2-1': 1.405, 'm3-1': 4.4, 'm4-1': 0.91}",4.215,322.688,324.09299999999996,inf,324.233,324.233
1825,TT1,BESTEFFORT,COMPLETED,m4-1,319.243,"{'m1-1': 2.572, 'm2-1': 1.674, 'm3-1': 3.791, 'm4-1': 0.663}",0.9945,322.15000000000003,322.81300000000005,inf,324.243,324.243
1826,TT4,BESTEFFORT,MISSED,m3-1,319.293,"{'m1-1': 1.759, 'm2-1': 1.508, 'm3-1': 4.107, 'm4-1': 0.792}",2.09340000000002,323.13,inf,324.293,324.293,324.293
1827,TT1,BESTEFFORT,CANCELLED,,319.419,"{'m1-1': 2.548, 'm2-1': 1.476, 'm3-1': 4.481, 'm4-1': 0.636}",0.0,inf,inf,inf,324.419,324.419
1828,TT1,BESTEFFORT,CANCELLED,,319.671,"{'m1-1': 2.381, 'm2-1': 1.457, 'm3-1': 4.373, 'm4-1': 0.736}",0.0,inf,inf,inf,324.671,324.671
1829,TT4,BESTEFFORT,CANCELLED,,319.814,"{'m1-1': 1.926, 'm2-1': 1.551, 'm3-1': 4.543, 'm4-1': 1.007}",0.0,inf,inf,inf,324.814,324.814
1830,TT3,BESTEFFORT,MISSED,m2-1,319.863,"{'m1-1': 2.42, 'm2-1': 1.501, 'm3-1': 4.381, 'm4-1': 0.749}",2.910000000000082,324.09299999999996,inf,325.063,325.063,325.063
1831,TT3,BESTEFFORT,MISSED,m1-1,319.869,"{'m1-1': 2.329, 'm2-1': 1.413, 'm3-1': 5.493, 'm4-1': 0.859}",2.776000000000022,323.334,inf,325.069,325.069,325.069
1832,TT1,BESTEFFORT,COMPLETED,m4-1,319.967,"{'m1-1': 2.011, 'm2-1': 1.567, 'm3-1': 4.116, 'm4-1': 0.723}",1.0845,323.63800000000003,324.36100000000005,inf,324.967,324.967
1833,TT1,BESTEFFORT,CANCELLED,,320.043,"{'m1-1': 1.997, 'm2-1': 1.737, 'm3-1': 4.833, 'm4-1': 0.821}",0.0,inf,inf,inf,325.043,325.043
1834,TT2,BESTEFFORT,CANCELLED,,320.12,"{'m1-1': 2.118, 'm2-1': 1.861, 'm3-1': 4.176, 'm4-1': 0.79}",0.0,inf,inf,inf,325.22,325.22
1835,TT4,BESTEFFORT,MISSED,m3-1,320.132,"{'m1-1': 1.759, 'm2-1': 1.446, 'm3-1': 4.512, 'm4-1': 1.002}",1.5101999999999975,324.293,inf,325.132,325.132,325.132
1836,TT3,BESTEFFORT,MISSED,m2-1,320.318,"{'m1-1': 1.789, 'm2-1': 1.681, 'm3-1': 4.407, 'm4-1': 0.826}",1.3649999999999523,325.063,inf,325.518,325.518,325.518
1837,TT3,BESTEFFORT,CANCELLED,,320.346,"{'m1-1': 2.39, 'm2-1': 1.716, 'm3-1': 5.077, 'm4-1': 0.927}",0.0,inf,inf,inf,325.546,325.546
1838,TT1,BESTEFFORT,COMPLETED,m4-1,320.454,"{'m1-1': 2.358, 'm2-1': 1.988, 'm3-1': 4.325, 'm4-1': 0.825}",1.2374999999999998,322.81300000000005,323.63800000000003,inf,325.454,325.454
1839,TT2,BESTEFFORT,MISSED,m3-1,320.68,"{'m1-1': 2.523, 'm2-1': 1.918, 'm3-1': 4.997, 'm4-1': 0.907}",1.1664000000000443,325.132,inf,325.78000000000003,325.78000000000003,325.78000000000003
1840,TT4,BESTEFFORT,MISSED,m1-1,320.805,"{'m1-1': 2.428, 'm2-1': 1.741, 'm3-1': 3.966, 'm4-1': 0.987}",1.177599999999984,325.069,inf,325.805,325.805,325.805
1841,TT1,BESTEFFORT,COMPLETED,m4-1,320.97,"{'m1-1': 2.055, 'm2-1': 1.565, 'm3-1': 4.347, 'm4-1': 0.719}",1.0785,324.36100000000005,325.08000000000004,inf,325.97,325.97
1842,TT4,BESTEFFORT,CANCELLED,,321.335,"{'m1-1': 2.371, 'm2-1': 1.341, 'm3-1': 4.732, 'm4-1': 0.755}",0.0,inf,inf,inf,326.335,326.335
1843,TT3,BESTEFFORT,CANCELLED,,321.518,"{'m1-1': 1.717, 'm2-1': 1.538, 'm3-1': 5.171, 'm4-1': 0.96}",0.0,inf,inf,inf,326.71799999999996,326.71799999999996
1844,TT4,BESTEFFORT,MISSED,m2-1,321.593,"{'m1-1': 1.933, 'm2-1': 1.746, 'm3-1': 4.747, 'm4-1': 0.916}",3.2250000000001364,325.518,inf,326.593,326.593,326.593
1845,TT2,BESTEFFORT,CANCELLED,,321.841,"{'m1-1': 2.296, 'm2-1': 1.585, 'm3-1': 3.908, 'm4-1': 0.823}",0.0,inf,inf,inf,326.94100000000003,326.94100000000003
1846,TT4,BESTEFFORT,MISSED,m3-1,322.257,"{'m1-1': 1.75, 'm2-1': 1.833, 'm3-1': 4.954, 'm4-1': 0.961}",2.658599999999956,325.78000000000003,inf,327.257,327.257,327.257
1847,TT1,BESTEFFORT,CANCELLED,,322.275,"{'m1-1': 1.854, 'm2-1': 1.549, 'm3-1': 3.626, 'm4-1': 0.613}",0.0,inf,inf,inf,327.275,327.275
1848,TT1,BESTEFFORT,COMPLETED,m4-1,322.439,"{'m1-1': 2.431, 'm2-1': 1.771, 'm3-1': 4.128, 'm4-1': 0.746}",1.119,325.08000000000004,325.826,inf,327.439,327.439
1849,TT2,BESTEFFORT,CANCELLED,,322.467,"{'m1-1': 2.26, 'm2-1': 1.636, 'm3-1': 4.818, 'm4-1': 0.838}",0.0,inf,inf,inf,327.567,327.567
1850,TT3,BESTEFFORT,COMPLETED,m4-1,322.501,"{'m1-1': 1.868, 'm2-1': 1.437, 'm3-1': 4.305, 'm4-1': 0.764}",1.146,326.749,327.51300000000003,inf,327.70099999999996,327.70099999999996
1851,TT3,BESTEFFORT,CANCELLED,,322.584,"{'m1-1': 2.323, 'm2-1': 1.709, 'm3-1': 4.996, 'm4-1': 0.859}",0.0,inf,inf,inf,327.784,327.784
1852,TT3,BESTEFFORT,COMPLETED,m4-1,322.846,"{'m1-1': 2.236, 'm2-1': 1.75, 'm3-1': 4.782, 'm4-1': 0.923}",1.3845,325.826,326.749,inf,328.046,328.046
1853,TT3,BESTEFFORT,COMPLETED,m1-1,322.948,"{'m1-1': 2.04, 'm2-1': 1.496, 'm3-1': 4.303, 'm4-1': 0.985}",3.2640000000000002,325.805,327.845,inf,328.14799999999997,328.14799999999997
1854,TT2,BESTEFFORT,MISSED,m1-1,323.398,"{'m1-1': 1.978, 'm2-1': 1.723, 'm3-1': 3.93, 'm4-1': 0.89}",1.0448000000000321,327.845,inf,328.49800000000005,328.49800000000005,328.49800000000005
1855,TT2,BESTEFFORT,CANCELLED,,323.412,"{'m1-1': 2.249, 'm2-1': 1.985, 'm3-1': 3.714, 'm4-1': 0.79}",0.0,inf,inf,inf,328.512,328.512
1856,TT3,BESTEFFORT,COMPLETED,m2-1,323.601,"{'m1-1': 2.293, 'm2-1': 1.277, 'm3-1': 5.486, 'm4-1': 0.773}",3.8309999999999995,326.593,327.87,inf,328.801,328.801
1857,TT4,BESTEFFORT,MISSED,m3-1,323.627,"{'m1-1': 1.753, 'm2-1': 1.851, 'm3-1': 4.076, 'm4-1': 1.055}",0.0,329.89300000000003,inf,329.89300000000003,328.627,328.627
1858,TT4,BESTEFFORT,MISSED,m2-1,323.63,"{'m1-1': 2.175, 'm2-1': 1.794, 'm3-1': 4.605, 'm4-1': 1.048}",0.0,330.436,inf,330.436,328.63,328.63
1859,TT4,BESTEFFORT,MISSED,m3-1,323.777,"{'m1-1': 1.788, 'm2-1': 1.558, 'm3-1': 5.057, 'm4-1': 0.897}",2.7359999999999673,327.257,inf,328.777,328.777,328.777
1860,TT3,BESTEFFORT,CANCELLED,,324.456,"{'m1-1': 1.838, 'm2-1': 1.73, 'm3-1': 4.387, 'm4-1': 0.849}",0.0,inf,inf,inf,329.656,329.656
1861,TT2,BESTEFFORT,COMPLETED,m4-1,324.738,"{'m1-1': 2.635, 'm2-1': 1.858, 'm3-1': 4.769, 'm4-1': 0.89}",1.335,328.27000000000004,329.16,inf,329.838,329.838
1862,TT2,BESTEFFORT,MISSED,m3-1,324.793,"{'m1-1': 2.127, 'm2-1': 1.807, 'm3-1': 4.65, 'm4-1': 0.852}",2.0088000000000763,328.777,inf,329.89300000000003,329.89300000000003,329.89300000000003
1863,TT1,BESTEFFORT,COMPLETED,m4-1,324.828,"{'m1-1': 2.286, 'm2-1': 1.523, 'm3-1': 3.696, 'm4-1': 0.757}",1.1355,327.51300000000003,328.27000000000004,inf,329.828,329.828
1864,TT4,BESTEFFORT,CANCELLED,,324.91,"{'m1-1': 2.063, 'm2-1': 1.739, 'm3-1': 4.175, 'm4-1': 1.068}",0.0,inf,inf,inf,329.91,329.91
1865,TT3,BESTEFFORT,COMPLETED,m2-1,325.023,"{'m1-1': 2.119, 'm2-1': 1.378, 'm3-1': 4.86, 'm4-1': 0.75}",4.1339999999999995,327.87,329.248,inf,330.223,330.223
1866,TT4,BESTEFFORT,CANCELLED,,325.038,"{'m1-1': 2.237, 'm2-1': 1.855, 'm3-1': 4.699, 'm4-1': 0.8}",0.0,inf,inf,inf,330.038,330.038
1867,TT2,BESTEFFORT,CANCELLED,,325.049,"{'m1-1': 1.865, 'm2-1': 2.071, 'm3-1': 3.997, 'm4-1': 0.996}",0.0,inf,inf,inf,330.149,330.149
1868,TT3,BESTEFFORT,MISSED,m2-1,325.088,"{'m1-1': 2.341, 'm2-1': 1.432, 'm3-1': 4.655, 'm4-1': 0.971}",3.1200000000000614,329.248,inf,330.288,330.288,330.288
1869,TT4,BESTEFFORT,MISSED,m2-1,325.436,"{'m1-1': 2.093, 'm2-1': 1.772, 'm3-1': 4.11, 'm4-1': 0.776}",0.44399999999990314,330.288,inf,330.436,330.436,330.436
1870,TT4,BESTEFFORT,MISSED,m1-1,325.544,"{'m1-1': 2.294, 'm2-1': 1.626, 'm3-1': 4.811, 'm4-1': 0.801}",3.273599999999897,328.49800000000005,inf,330.544,330.544,330.544
1871,TT2,BESTEFFORT,MISSED,m3-1,325.994,"{'m1-1': 2.045, 'm2-1': 1.721, 'm3-1': 5.052, 'm4-1': 0.89}",0.0,334.54,inf,334.54,331.09400000000005,331.09400000000005
1872,TT1,BESTEFFORT,COMPLETED,m4-1,326.2,"{'m1-1': 2.327, 'm2-1': 1.892, 'm3-1': 4.912, 'm4-1': 0.853}",1.2795,329.16,330.01300000000003,inf,331.2,331.2
1873,TT4,BESTEFFORT,MISSED,m1-1,326.219,"{'m1-1': 1.742, 'm2-1': 1.386, 'm3-1': 4.77, 'm4-1': 0.809}",0.0,331.24,inf,331.24,331.219,331.219
1874,TT4,BESTEFFORT,MISSED,m1-1,326.24,"{'m1-1': 1.877, 'm2-1': 1.626, 'm3-1': 4.24, 'm4-1': 0.963}",1.1136000000000423,330.544,inf,331.24,331.24,331.24
1875,TT4,BESTEFFORT,MISSED,m3-1,326.467,"{'m1-1': 2.423, 'm2-1': 1.69, 'm3-1': 4.968, 'm4-1': 0.801}",2.83319999999992,329.89300000000003,inf,331.467,331.467,331.467
1876,TT1,BESTEFFORT,COMPLETED,m4-1,326.682,"{'m1-1': 2.584, 'm2-1': 1.895, 'm3-1': 4.076, 'm4-1': 0.782}",1.173,330.01300000000003,330.795,inf,331.682,331.682
1877,TT2,BESTEFFORT,COMPLETED,m4-1,327.222,"{'m1-1': 2.305, 'm2-1': 1.825, 'm3-1': 3.783, 'm4-1': 0.903}",1.3545,330.795,331.69800000000004,inf,332.322,332.322
1878,TT3,BESTEFFORT,CANCELLED,,327.782,"{'m1-1': 2.429, 'm2-1': 1.403, 'm3-1': 5.668, 'm4-1': 0.72}",0.0,inf,inf,inf,332.98199999999997,332.98199999999997
1879,TT2,BESTEFFORT,CANCELLED,,327.978,"{'m1-1': 2.256, 'm2-1': 1.714, 'm3-1': 4.978, 'm4-1': 0.912}",0.0,inf,inf,inf,333.07800000000003,333.07800000000003
1880,TT2,BESTEFFORT,CANCELLED,,328.034,"{'m1-1': 2.202, 'm2-1': 1.951, 'm3-1': 4.508, 'm4-1': 1.015}",0.0,inf,inf,inf,333.134,333.134
1881,TT3,BESTEFFORT,COMPLETED,m2-1,328.05,"{'m1-1': 1.977, 'm2-1': 1.538, 'm3-1': 5.615, 'm4-1': 0.762}",4.614,330.436,331.974,inf,333.25,333.25
1882,TT3,BESTEFFORT,MISSED,m2-1,328.087,"{'m1-1': 2.416, 'm2-1': 1.504, 'm3-1': 5.301, 'm4-1': 0.877}",3.9389999999999645,331.974,inf,333.287,333.287,333.287
1883,TT2,BESTEFFORT,CANCELLED,,328.19,"{'m1-1': 1.968, 'm2-1': 1.748, 'm3-1': 4.338, 'm4-1': 0.909}",0.0,inf,inf,inf,333.29,333.29
1884,TT1,BESTEFFORT,MISSED,m3-1,328.246,"{'m1-1': 1.963, 'm2-1': 1.872, 'm3-1': 3.933, 'm4-1': 0.753}",3.2021999999999937,331.467,inf,333.246,333.246,333.246
1885,TT4,BESTEFFORT,MISSED,m1-1,328.367,"{'m1-1': 2.281, 'm2-1': 1.614, 'm3-1': 5.096, 'm4-1': 0.863}",0.0,336.024,inf,336.024,333.367,333.367
1886,TT4,BESTEFFORT,MISSED,m1-1,328.388,"{'m1-1': 2.379, 'm2-1': 1.7, 'm3-1': 4.802, 'm4-1': 0.89}",3.4367999999999483,331.24,inf,333.388,333.388,333.388
1887,TT4,BESTEFFORT,CANCELLED,,328.455,"{'m1-1': 2.158, 'm2-1': 1.52, 'm3-1': 4.347, 'm4-1': 1.027}",0.0,inf,inf,inf,333.455,333.455
1888,TT2,BESTEFFORT,MISSED,m2-1,328.568,"{'m1-1': 2.587, 'm2-1': 1.615, 'm3-1': 3.908, 'm4-1': 0.801}",0.0,335.264,inf,335.264,333.668,333.668
1889,TT1,BESTEFFORT,COMPLETED,m4-1,328.764,"{'m1-1': 1.868, 'm2-1': 1.448, 'm3-1': 4.326, 'm4-1': 0.658}",0.9870000000000001,331.69800000000004,332.35600000000005,inf,333.764,333.764
1890,TT4,BESTEFFORT,CANCELLED,,328.964,"{'m1-1': 2.202, 'm2-1': 1.742, 'm3-1': 4.691, 'm4-1': 0.765}",0.0,inf,inf,inf,333.964,333.964
1891,TT4,BESTEFFORT,CANCELLED,,329.087,"{'m1-1': 2.298, 'm2-1': 1.519, 'm3-1': 5.057, 'm4-1': 0.983}",0.0,inf,inf,inf,334.087,334.087
1892,TT1,BESTEFFORT,COMPLETED,m4-1,329.203,"{'m1-1': 2.233, 'm2-1': 1.459, 'm3-1': 4.484, 'm4-1': 0.646}",0.9690000000000001,332.35600000000005,333.00200000000007,inf,334.203,334.203
1893,TT2,BESTEFFORT,CANCELLED,,329.242,"{'m1-1': 2.38, 'm2-1': 1.917, 'm3-1': 4.175, 'm4-1': 0.914}",0.0,inf,inf,inf,334.34200000000004,334.34200000000004
1894,TT2,BESTEFFORT,MISSED,m3-1,329.44,"{'m1-1': 2.038, 'm2-1': 1.671, 'm3-1': 3.795, 'm4-1': 0.863}",2.329200000000071,333.246,inf,334.54,334.54,334.54
1895,TT1,BESTEFFORT,COMPLETED,m4-1,329.487,"{'m1-1': 2.354, 'm2-1': 1.426, 'm3-1': 4.364, 'm4-1': 0.7}",1.0499999999999998,333.00200000000007,333.70200000000006,inf,334.487,334.487
1896,TT3,BESTEFFORT,MISSED,m1-1,329.5,"{'m1-1': 2.289, 'm2-1': 1.511, 'm3-1': 4.787, 'm4-1': 0.783}",0.0,336.024,inf,336.024,334.7,334.7
1897,TT4,BESTEFFORT,MISSED,m1-1,329.63,"{'m1-1': 1.97, 'm2-1': 1.868, 'm3-1': 5.135, 'm4-1': 0.926}",1.9872000000000298,333.388,inf,334.63,334.63,334.63
1898,TT3,BESTEFFORT,MISSED,m2-1,330.064,"{'m1-1': 2.383, 'm2-1': 1.301, 'm3-1': 4.833, 'm4-1': 0.95}",0.40200000000004366,335.13,inf,335.264,335.264,335.264
1899,TT1,BESTEFFORT,MISSED,m3-1,330.09,"{'m1-1': 2.59, 'm2-1': 1.672, 'm3-1': 4.138, 'm4-1': 0.631}",0.0,335.476,inf,335.476,335.09,335.09
1900,TT1,BESTEFFORT,MISSED,m2-1,330.13,"{'m1-1': 2.133, 'm2-1': 1.892, 'm3-1': 3.617, 'm4-1': 0.689}",1.1490000000001146,334.74699999999996,inf,335.13,335.13,335.13
1901,TT1,BESTEFFORT,CANCELLED,,330.145,"{'m1-1': 2.435, 'm2-1': 1.482, 'm3-1': 4.571, 'm4-1': 0.837}",0.0,inf,inf,inf,335.145,335.145
1902,TT1,BESTEFFORT,COMPLETED,m2-1,330.284,"{'m1-1': 2.21, 'm2-1': 1.46, 'm3-1': 3.888, 'm4-1': 0.848}",4.38,333.287,334.74699999999996,inf,335.284,335.284
1903,TT2,BESTEFFORT,MISSED,m3-1,330.376,"{'m1-1': 2.345, 'm2-1': 1.561, 'm3-1': 4.369, 'm4-1': 0.882}",1.6847999999999617,334.54,inf,335.476,335.476,335.476
1904,TT2,BESTEFFORT,CANCELLED,,330.523,"{'m1-1': 2.632, 'm2-1': 1.935, 'm3-1': 4.466, 'm4-1': 0.89}",0.0,inf,inf,inf,335.62300000000005,335.62300000000005
1905,TT3,BESTEFFORT,CANCELLED,,330.741,"{'m1-1': 2.149, 'm2-1': 1.478, 'm3-1': 4.423, 'm4-1': 0.981}",0.0,inf,inf,inf,335.941,335.941
1906,TT2,BESTEFFORT,CANCELLED,,330.869,"{'m1-1': 2.577, 'm2-1': 1.599, 'm3-1': 3.813, 'm4-1': 0.981}",0.0,inf,inf,inf,335.96900000000005,335.96900000000005
1907,TT3,BESTEFFORT,CANCELLED,,330.896,"{'m1-1': 1.97, 'm2-1': 1.583, 'm3-1': 4.972, 'm4-1': 0.853}",0.0,inf,inf,inf,336.096,336.096
1908,TT1,BESTEFFORT,COMPLETED,m4-1,330.945,"{'m1-1': 2.126, 'm2-1': 1.905, 'm3-1': 3.835, 'm4-1': 0.79}",1.185,333.70200000000006,334.4920000000001,inf,335.945,335.945
1909,TT4,BESTEFFORT,MISSED,m1-1,331.024,"{'m1-1': 2.278, 'm2-1': 1.88, 'm3-1': 4.803, 'm4-1': 0.985}",2.230400000000009,334.63,inf,336.024,336.024,336.024
1910,TT2,BESTEFFORT,MISSED,m1-1,331.144,"{'m1-1': 2.15, 'm2-1': 1.708, 'm3-1': 3.679, 'm4-1': 0.808}",0.35200000000004367,336.024,inf,336.244,336.244,336.244
1911,TT3,BESTEFFORT,CANCELLED,,331.391,"{'m1-1': 2.128, 'm2-1': 1.272, 'm3-1': 4.693, 'm4-1': 1.002}",0.0,inf,inf,inf,336.591,336.591
1912,TT2,BESTEFFORT,CANCELLED,,331.712,"{'m1-1': 2.253, 'm2-1': 1.667, 'm3-1': 4.279, 'm4-1': 0.88}",0.0,inf,inf,inf,336.812,336.812
1913,TT1,BESTEFFORT,COMPLETED,m4-1,331.775,"{'m1-1': 2.473, 'm2-1': 1.518, 'm3-1': 4.405, 'm4-1': 0.735}",1.1025,334.4920000000001,335.2270000000001,inf,336.775,336.775
1914,TT2,BESTEFFORT,CANCELLED,,332.513,"{'m1-1': 2.115, 'm2-1': 1.633, 'm3-1': 4.1, 'm4-1': 0.759}",0.0,inf,inf,inf,337.613,337.613
1915,TT1,BESTEFFORT,COMPLETED,m4-1,332.894,"{'m1-1': 2.383, 'm2-1': 1.771, 'm3-1': 4.252, 'm4-1': 0.642}",0.9630000000000001,335.2270000000001,335.8690000000001,inf,337.894,337.894
1916,TT3,BESTEFFORT,COMPLETED,m4-1,333.196,"{'m1-1': 1.771, 'm2-1': 1.368, 'm3-1': 4.41, 'm4-1': 0.773}",1.1595,335.8690000000001,336.6420000000001,inf,338.396,338.396
1917,TT2,BESTEFFORT,MISSED,m3-1,333.4,"{'m1-1': 2.343, 'm2-1': 1.714, 'm3-1': 4.01, 'm4-1': 0.926}",5.443200000000002,335.476,inf,338.5,338.5,338.5
1918,TT2,BESTEFFORT,CANCELLED,,333.472,"{'m1-1': 2.51, 'm2-1': 1.887, 'm3-1': 4.455, 'm4-1': 0.75}",0.0,inf,inf,inf,338.572,338.572
1919,TT1,BESTEFFORT,COMPLETED,m4-1,333.851,"{'m1-1': 2.379, 'm2-1': 1.61, 'm3-1': 4.312, 'm4-1': 0.653}",0.9795,336.6420000000001,337.29500000000013,inf,338.851,338.851
1920,TT2,BESTEFFORT,MISSED,m3-1,333.878,"{'m1-1': 2.39, 'm2-1': 1.725, 'm3-1': 5.03, 'm4-1': 1.006}",0.8604000000000156,338.5,inf,338.978,338.978,338.978
1921,TT3,BESTEFFORT,COMPLETED,m2-1,334.106,"{'m1-1': 2.28, 'm2-1': 1.729, 'm3-1': 5.836, 'm4-1': 0.988}",5.187,335.264,336.993,inf,339.306,339.306
1922,TT4,BESTEFFORT,MISSED,m2-1,334.371,"{'m1-1': 1.955, 'm2-1': 1.81, 'm3-1': 3.764, 'm4-1': 0.785}",1.8719999999999004,338.747,inf,339.371,339.371,339.371
1923,TT3,BESTEFFORT,CANCELLED,,334.383,"{'m1-1': 2.423, 'm2-1': 1.723, 'm3-1': 4.467, 'm4-1': 0.874}",0.0,inf,inf,inf,339.58299999999997,339.58299999999997
1924,TT4,BESTEFFORT,CANCELLED,,334.617,"{'m1-1': 1.785, 'm2-1': 1.636, 'm3-1': 4.325, 'm4-1': 0.899}",0.0,inf,inf,inf,339.617,339.617
1925,TT1,BESTEFFORT,MISSED,m3-1,334.697,"{'m1-1': 1.857, 'm2-1': 1.952, 'm3-1': 4.031, 'm4-1': 0.696}",0.0,340.11100000000005,inf,340.11100000000005,339.697,339.697
1926,TT4,BESTEFFORT,COMPLETED,m2-1,334.745,"{'m1-1': 2.121, 'm2-1': 1.754, 'm3-1': 4.371, 'm4-1': 0.98}",5.2620000000000005,336.993,338.747,inf,339.745,339.745
1927,TT2,BESTEFFORT,MISSED,m1-1,334.901,"{'m1-1': 2.639, 'm2-1': 2.091, 'm3-1': 4.765, 'm4-1': 0.986}",0.0,340.45000000000005,inf,340.45000000000005,340.00100000000003,340.00100000000003
1928,TT2,BESTEFFORT,MISSED,m3-1,335.011,"{'m1-1': 2.462, 'm2-1': 1.949, 'm3-1': 4.444, 'm4-1': 0.74}",2.039400000000069,338.978,inf,340.11100000000005,340.11100000000005,340.11100000000005
1929,TT3,BESTEFFORT,COMPLETED,m4-1,335.127,"{'m1-1': 2.397, 'm2-1': 1.763, 'm3-1': 5.203, 'm4-1': 0.766}",1.149,337.29500000000013,338.06100000000015,inf,340.327,340.327
1930,TT3,BESTEFFORT,MISSED,m2-1,335.163,"{'m1-1': 2.369, 'm2-1': 1.596, 'm3-1': 5.826, 'm4-1': 0.846}",2.976000000000056,339.371,inf,340.363,340.363,340.363
1931,TT3,BESTEFFORT,CANCELLED,,335.296,"{'m1-1': 2.135, 'm2-1': 1.782, 'm3-1': 5.745, 'm4-1': 0.959}",0.0,inf,inf,inf,340.496,340.496
1932,TT3,BESTEFFORT,COMPLETED,m1-1,335.547,"{'m1-1': 1.79, 'm2-1': 1.71, 'm3-1': 5.299, 'm4-1': 0.85}",2.8640000000000003,338.66,340.45000000000005,inf,340.747,340.747
1933,TT3,BESTEFFORT,MISSED,m4-1,335.585,"{'m1-1': 2.051, 'm2-1': 1.642, 'm3-1': 5.212, 'm4-1': 0.88}",0.0,341.16900000000015,inf,341.16900000000015,340.78499999999997,340.78499999999997
1934,TT3,BESTEFFORT,CANCELLED,,335.638,"{'m1-1': 1.782, 'm2-1': 1.702, 'm3-1': 5.743, 'm4-1': 0.834}",0.0,inf,inf,inf,340.83799999999997,340.83799999999997
1935,TT3,BESTEFFORT,MISSED,m2-1,335.677,"{'m1-1': 2.24, 'm2-1': 1.385, 'm3-1': 5.555, 'm4-1': 0.833}",0.0,343.385,inf,343.385,340.877,340.877
1936,TT1,BESTEFFORT,COMPLETED,m4-1,335.686,"{'m1-1': 1.951, 'm2-1': 1.631, 'm3-1': 4.666, 'm4-1': 0.635}",0.9525,338.06100000000015,338.69600000000014,inf,340.686,340.686
1937,TT2,BESTEFFORT,CANCELLED,,335.723,"{'m1-1': 1.873, 'm2-1': 2.107, 'm3-1': 4.174, 'm4-1': 0.779}",0.0,inf,inf,inf,340.82300000000004,340.82300000000004
1938,TT4,BESTEFFORT,COMPLETED,m1-1,335.95,"{'m1-1': 2.416, 'm2-1': 1.652, 'm3-1': 3.645, 'm4-1': 0.979}",3.8656,336.244,338.66,inf,340.95,340.95
1939,TT1,BESTEFFORT,COMPLETED,m4-1,336.051,"{'m1-1': 2.252, 'm2-1': 1.76, 'm3-1': 4.516, 'm4-1': 0.823}",1.2345,338.69600000000014,339.5190000000001,inf,341.051,341.051
1940,TT3,BESTEFFORT,MISSED,m2-1,336.196,"{'m1-1': 2.381, 'm2-1': 1.511, 'm3-1': 4.7, 'm4-1': 0.988}",3.0990000000000464,340.363,inf,341.396,341.396,341.396
1941,TT3,BESTEFFORT,MISSED,m1-1,336.227,"{'m1-1': 2.046, 'm2-1': 1.584, 'm3-1': 5.732, 'm4-1': 0.876}",1.5631999999998698,340.45000000000005,inf,341.42699999999996,341.42699999999996,341.42699999999996
1942,TT4,BESTEFFORT,CANCELLED,,336.369,"{'m1-1': 2.318, 'm2-1': 1.567, 'm3-1': 4.032, 'm4-1': 0.905}",0.0,inf,inf,inf,341.369,341.369
1943,TT2,BESTEFFORT,MISSED,m3-1,336.386,"{'m1-1': 2.044, 'm2-1': 1.869, 'm3-1': 4.663, 'm4-1': 0.96}",0.0,343.77,inf,343.77,341.48600000000005,341.48600000000005
1944,TT4,BESTEFFORT,MISSED,m1-1,336.646,"{'m1-1': 1.779, 'm2-1': 1.761, 'm3-1': 3.685, 'm4-1': 0.924}",0.0,341.733,inf,341.733,341.646,341.646
1945,TT1,BESTEFFORT,COMPLETED,m4-1,336.674,"{'m1-1': 1.902, 'm2-1': 1.716, 'm3-1': 4.611, 'm4-1': 0.826}",1.2389999999999999,340.34300000000013,341.16900000000015,inf,341.674,341.674
1946,TT4,BESTEFFORT,CANCELLED,,336.678,"{'m1-1': 1.961, 'm2-1': 1.726, 'm3-1': 4.817, 'm4-1': 0.819}",0.0,inf,inf,inf,341.678,341.678
1947,TT4,BESTEFFORT,MISSED,m1-1,336.733,"{'m1-1': 2.312, 'm2-1': 1.849, 'm3-1': 3.895, 'm4-1': 1.05}",0.48960000000006404,341.42699999999996,inf,341.733,341.733,341.733
1948,TT1,BESTEFFORT,COMPLETED,m4-1,336.751,"{'m1-1': 2.197, 'm2-1': 1.782, 'm3-1': 4.969, 'm4-1': 0.824}",1.236,339.5190000000001,340.34300000000013,inf,341.751,341.751
1949,TT4,BESTEFFORT,MISSED,m1-1,337.338,"{'m1-1': 1.807, 'm2-1': 1.519, 'm3-1': 4.149, 'm4-1': 1.004}",0.9680000000000292,341.733,inf,342.338,342.338,342.338
1950,TT1,BESTEFFORT,MISSED,m1-1,337.678,"{'m1-1': 2.111, 'm2-1': 1.824, 'm3-1': 3.929, 'm4-1': 0.674}",0.0,344.41200000000003,inf,344.41200000000003,342.678,342.678
1951,TT2,BESTEFFORT,CANCELLED,,337.754,"{'m1-1': 2.188, 'm2-1': 2.127, 'm3-1': 3.761, 'm4-1': 0.846}",0.0,inf,inf,inf,342.85400000000004,342.85400000000004
1952,TT1,BESTEFFORT,MISSED,m3-1,337.974,"{'m1-1': 1.9, 'm2-1': 1.786, 'm3-1': 3.659, 'm4-1': 0.64}",0.0,343.77,inf,343.77,342.974,342.974
1953,TT2,BESTEFFORT,CANCELLED,,338.353,"{'m1-1': 2.088, 'm2-1': 1.785, 'm3-1': 4.946, 'm4-1': 0.991}",0.0,inf,inf,inf,343.45300000000003,343.45300000000003
1954,TT4,BESTEFFORT,MISSED,m3-1,338.412,"{'m1-1': 2.259, 'm2-1': 1.534, 'm3-1': 3.858, 'm4-1': 1.062}",5.941799999999875,340.11100000000005,inf,343.412,343.412,343.412
1955,TT4,BESTEFFORT,MISSED,m2-1,338.59,"{'m1-1': 2.155, 'm2-1': 1.873, 'm3-1': 4.961, 'm4-1': 0.854}",0.0,343.671,inf,343.671,343.59,343.59
1956,TT4,BESTEFFORT,MISSED,m2-1,338.671,"{'m1-1': 2.06, 'm2-1': 1.673, 'm3-1': 4.981, 'm4-1': 0.903}",0.8580000000000041,343.385,inf,343.671,343.671,343.671
1957,TT1,BESTEFFORT,COMPLETED,m2-1,338.713,"{'m1-1': 1.955, 'm2-1': 1.989, 'm3-1': 3.605, 'm4-1': 0.744}",5.9670000000000005,341.396,343.385,inf,343.713,343.713
1958,TT4,BESTEFFORT,MISSED,m3-1,338.77,"{'m1-1': 1.83, 'm2-1': 1.888, 'm3-1': 4.063, 'm4-1': 1.066}",0.6444000000000074,343.412,inf,343.77,343.77,343.77
1959,TT2,BESTEFFORT,MISSED,m1-1,338.801,"{'m1-1': 2.285, 'm2-1': 1.604, 'm3-1': 3.737, 'm4-1': 0.756}",0.0,344.41200000000003,inf,344.41200000000003,343.901,343.901
1960,TT2,BESTEFFORT,CANCELLED,,338.847,"{'m1-1': 1.888, 'm2-1': 1.947, 'm3-1': 4.569, 'm4-1': 0.795}",0.0,inf,inf,inf,343.947,343.947
1961,TT4,BESTEFFORT,CANCELLED,,338.894,"{'m1-1': 2.345, 'm2-1': 1.69, 'm3-1': 3.666, 'm4-1': 0.979}",0.0,inf,inf,inf,343.894,343.894
1962,TT2,BESTEFFORT,COMPLETED,m4-1,339.129,"{'m1-1': 2.333, 'm2-1': 1.613, 'm3-1': 4.999, 'm4-1': 0.821}",1.2315,342.61800000000017,343.4390000000002,inf,344.22900000000004,344.22900000000004
1963,TT1,BESTEFFORT,COMPLETED,m4-1,339.205,"{'m1-1': 1.891, 'm2-1': 1.605, 'm3-1': 3.638, 'm4-1': 0.796}",1.194,341.16900000000015,341.96500000000015,inf,344.205,344.205
1964,TT1,BESTEFFORT,COMPLETED,m4-1,339.206,"{'m1-1': 2.083, 'm2-1': 1.609, 'm3-1': 3.877, 'm4-1': 0.653}",0.9795,341.96500000000015,342.61800000000017,inf,344.206,344.206
1965,TT4,BESTEFFORT,MISSED,m3-1,339.399,"{'m1-1': 2.365, 'm2-1': 1.623, 'm3-1': 5.071, 'm4-1': 1.005}",0.0,348.23,inf,348.23,344.399,344.399
1966,TT2,BESTEFFORT,COMPLETED,m4-1,339.437,"{'m1-1': 2.557, 'm2-1': 1.651, 'm3-1': 3.803, 'm4-1': 0.772}",1.158,343.4390000000002,344.2110000000002,inf,344.53700000000003,344.53700000000003
1967,TT3,BESTEFFORT,MISSED,m1-1,339.578,"{'m1-1': 1.819, 'm2-1': 1.515, 'm3-1': 5.413, 'm4-1': 0.729}",0.0,346.509,inf,346.509,344.77799999999996,344.77799999999996
1968,TT4,BESTEFFORT,MISSED,m3-1,340.016,"{'m1-1': 1.982, 'm2-1': 1.606, 'm3-1': 4.113, 'm4-1': 0.978}",0.0,348.23,inf,348.23,345.016,345.016
1969,TT4,BESTEFFORT,MISSED,m1-1,340.144,"{'m1-1': 2.302, 'm2-1': 1.753, 'm3-1': 4.662, 'm4-1': 0.79}",1.1711999999999534,344.41200000000003,inf,345.144,345.144,345.144
1970,TT4,BESTEFFORT,MISSED,m1-1,340.727,"{'m1-1': 1.989, 'm2-1': 1.341, 'm3-1': 4.426, 'm4-1': 0.852}",0.0,346.509,inf,346.509,345.727,345.727
1971,TT2,BESTEFFORT,COMPLETED,m1-1,340.761,"{'m1-1': 2.074, 'm2-1': 2.012, 'm3-1': 4.582, 'm4-1': 0.955}",3.3184,342.338,344.41200000000003,inf,345.86100000000005,345.86100000000005
1972,TT2,BESTEFFORT,MISSED,m2-1,340.798,"{'m1-1': 2.043, 'm2-1': 1.605, 'm3-1': 4.743, 'm4-1': 0.808}",2.3850000000000477,345.103,inf,345.898,345.898,345.898
1973,TT3,BESTEFFORT,MISSED,m4-1,341.161,"{'m1-1': 2.398, 'm2-1': 1.288, 'm3-1': 4.3, 'm4-1': 0.845}",0.47849999999976944,346.04200000000014,inf,346.361,346.361,346.361
1974,TT3,BESTEFFORT,MISSED,m1-1,341.309,"{'m1-1': 2.293, 'm2-1': 1.528, 'm3-1': 5.656, 'm4-1': 0.875}",2.184000000000015,345.144,inf,346.509,346.509,346.509
1975,TT2,BESTEFFORT,COMPLETED,m4-1,341.515,"{'m1-1': 2.182, 'm2-1': 1.901, 'm3-1': 3.752, 'm4-1': 0.924}",1.3860000000000001,344.2110000000002,345.13500000000016,inf,346.615,346.615
1976,TT2,BESTEFFORT,MISSED,m3-1,342.054,"{'m1-1': 1.973, 'm2-1': 1.655, 'm3-1': 3.77, 'm4-1': 0.98}",6.091200000000026,343.77,inf,347.154,347.154,347.154
1977,TT3,BESTEFFORT,COMPLETED,m2-1,342.254,"{'m1-1': 2.28, 'm2-1': 1.396, 'm3-1': 4.905, 'm4-1': 0.925}",4.188,345.898,347.29400000000004,inf,347.454,347.454
1978,TT4,BESTEFFORT,MISSED,m4-1,342.334,"{'m1-1': 2.298, 'm2-1': 1.582, 'm3-1': 4.01, 'm4-1': 1.063}",1.4595000000000198,346.361,inf,347.334,347.334,347.334
1979,TT4,BESTEFFORT,COMPLETED,m4-1,342.459,"{'m1-1': 1.973, 'm2-1': 1.871, 'm3-1': 4.627, 'm4-1': 0.907}",1.3605,345.13500000000016,346.04200000000014,inf,347.459,347.459
1980,TT3,BESTEFFORT,COMPLETED,m2-1,342.577,"{'m1-1': 2.369, 'm2-1': 1.432, 'm3-1': 5.977, 'm4-1': 0.84}",4.295999999999999,343.671,345.103,inf,347.777,347.777
1981,TT3,BESTEFFORT,MISSED,m2-1,343.209,"{'m1-1': 2.315, 'm2-1': 1.523, 'm3-1': 5.23, 'm4-1': 0.869}",3.3449999999998568,347.29400000000004,inf,348.409,348.409,348.409
1982,TT4,BESTEFFORT,MISSED,m3-1,343.23,"{'m1-1': 1.786, 'm2-1': 1.584, 'm3-1': 4.11, 'm4-1': 0.966}",1.9368000000000394,347.154,inf,348.23,348.23,348.23
1983,TT3,BESTEFFORT,MISSED,m2-1,344.473,"{'m1-1': 2.341, 'm2-1': 1.409, 'm3-1': 5.397, 'm4-1': 0.949}",3.79200000000003,348.409,inf,349.673,349.673,349.673
1984,TT3,BESTEFFORT,COMPLETED,m4-1,344.735,"{'m1-1': 2.134, 'm2-1': 1.64, 'm3-1': 4.665, 'm4-1': 0.828}",1.242,347.334,348.162,inf,349.935,349.935
1985,TT3,BESTEFFORT,COMPLETED,m1-1,345.099,"{'m1-1': 1.819, 'm2-1': 1.58, 'm3-1': 5.962, 'm4-1': 0.879}",2.9104,346.509,348.32800000000003,inf,350.299,350.299
1986,TT4,BESTEFFORT,COMPLETED,m4-1,345.417,"{'m1-1': 2.448, 'm2-1': 1.444, 'm3-1': 4.966, 'm4-1': 0.896}",1.344,348.919,349.815,inf,350.417,350.417
1987,TT4,BESTEFFORT,MISSED,m2-1,345.825,"{'m1-1': 1.916, 'm2-1': 1.753, 'm3-1': 3.949, 'm4-1': 1.016}",3.4559999999999604,349.673,inf,350.825,350.825,350.825
1988,TT3,BESTEFFORT,COMPLETED,m4-1,346.019,"{'m1-1': 1.947, 'm2-1': 1.329, 'm3-1': 5.332, 'm4-1': 0.757}",1.1355,348.162,348.919,inf,351.219,351.219
1989,TT4,BESTEFFORT,COMPLETED,m1-1,346.741,"{'m1-1': 2.083, 'm2-1': 1.788, 'm3-1': 4.721, 'm4-1': 0.855}",3.3328000000000007,348.32800000000003,350.41100000000006,inf,351.741,351.741
1990,TT4,BESTEFFORT,MISSED,m1-1,346.963,"{'m1-1': 2.063, 'm2-1': 1.867, 'm3-1': 4.739, 'm4-1': 0.856}",2.483199999999943,350.41100000000006,inf,351.963,351.963,351.963
1991,TT4,BESTEFFORT,MISSED,m1-1,347.012,"{'m1-1': 1.844, 'm2-1': 1.685, 'm3-1': 4.352, 'm4-1': 0.941}",0.07839999999996508,351.963,inf,352.012,352.012,352.012
1992,TT3,BESTEFFORT,MISSED,m3-1,347.143,"{'m1-1': 1.721, 'm2-1': 1.36, 'm3-1': 4.622, 'm4-1': 0.905}",7.403399999999897,348.23,inf,352.34299999999996,352.34299999999996,352.34299999999996
1993,TT4,BESTEFFORT,COMPLETED,m4-1,348.564,"{'m1-1': 1.945, 'm2-1': 1.648, 'm3-1': 4.32, 'm4-1': 1.022}",1.533,349.815,350.837,inf,353.564,353.564
1994,TT3,BESTEFFORT,COMPLETED,m4-1,348.96,"{'m1-1': 1.767, 'm2-1': 1.388, 'm3-1': 4.675, 'm4-1': 0.77}",1.155,350.837,351.60699999999997,inf,354.15999999999997,354.15999999999997
1995,TT4,BESTEFFORT,COMPLETED,m4-1,349.247,"{'m1-1': 1.831, 'm2-1': 1.843, 'm3-1': 4.467, 'm4-1': 1.068}",1.602,351.60699999999997,352.67499999999995,inf,354.247,354.247
1996,TT3,BESTEFFORT,COMPLETED,m2-1,349.789,"{'m1-1': 2.147, 'm2-1': 1.392, 'm3-1': 4.677, 'm4-1': 0.788}",4.176,350.825,352.217,inf,354.989,354.989
1997,TT4,BESTEFFORT,COMPLETED,m4-1,350.992,"{'m1-1': 2.028, 'm2-1': 1.689, 'm3-1': 5.057, 'm4-1': 1.065}",1.5975,352.67499999999995,353.73999999999995,inf,355.992,355.992
1998,TT4,BESTEFFORT,COMPLETED,m2-1,351.418,"{'m1-1': 1.961, 'm2-1': 1.6, 'm3-1': 4.619, 'm4-1': 0.965}",4.800000000000001,352.217,353.817,inf,356.418,356.418
1999,TT4,BESTEFFORT,COMPLETED,m1-1,351.539,"{'m1-1': 1.945, 'm2-1': 1.853, 'm3-1': 4.838, 'm4-1': 0.995}",3.112,352.012,353.957,inf,356.539,356.539
