id,type,urgency,status,assigned_machine,arrival_time,execution_time,energy_usage,start_time,completion_time,missed_time,deadline,extended_deadline
0,T3,BESTEFFORT,COMPLETED,m6-1,0.021,"{'m1-1': 109.31, 'm2-1': 113.31, 'm3-1': 112.14, 'm4-1': 10.02, 'm5-1': 9.72, 'm6-1': 1.12, 'm7-1': 10.26, 'm8-1': 1.02}",1.6800000000000002,0.021,1.141,inf,150.021,150.021
1,T1,BESTEFFORT,COMPLETED,m8-1,0.048,"{'m1-1': 98.21, 'm2-1': 107.42, 'm3-1': 108.59, 'm4-1': 10.66, 'm5-1': 10.6, 'm6-1': 1.07, 'm7-1': 10.74, 'm8-1': 1.1}",1.6500000000000001,0.048,1.1480000000000001,inf,150.048,150.048
2,T3,BESTEFFORT,COMPLETED,m6-1,0.644,"{'m1-1': 110.14, 'm2-1': 111.28, 'm3-1': 115.63, 'm4-1': 11.69, 'm5-1': 10.52, 'm6-1': 1.09, 'm7-1': 11.35, 'm8-1': 1.01}",1.6350000000000002,1.141,2.231,inf,150.644,150.644
3,T1,BESTEFFORT,COMPLETED,m6-1,0.868,"{'m1-1': 97.3, 'm2-1': 99.64, 'm3-1': 116.42, 'm4-1': 10.98, 'm5-1': 10.38, 'm6-1': 1.07, 'm7-1': 10.63, 'm8-1': 1.08}",1.605,2.231,3.301,inf,150.868,150.868
4,T2,BESTEFFORT,COMPLETED,m8-1,1.061,"{'m1-1': 105.08, 'm2-1': 99.4, 'm3-1': 117.94, 'm4-1': 10.88, 'm5-1': 11.61, 'm6-1': 1.02, 'm7-1': 10.25, 'm8-1': 0.92}",1.3800000000000001,1.1480000000000001,2.068,inf,151.061,151.061
5,T3,BESTEFFORT,COMPLETED,m6-1,1.569,"{'m1-1': 102.02, 'm2-1': 100.39, 'm3-1': 106.06, 'm4-1': 11.76, 'm5-1': 9.71, 'm6-1': 0.98, 'm7-1': 11.14, 'm8-1': 1.09}",1.47,3.301,4.281000000000001,inf,151.569,151.569
6,T1,BESTEFFORT,COMPLETED,m8-1,1.689,"{'m1-1': 104.61, 'm2-1': 108.24, 'm3-1': 114.05, 'm4-1': 9.93, 'm5-1': 10.13, 'm6-1': 1.01, 'm7-1': 10.25, 'm8-1': 1.08}",1.62,2.068,3.148,inf,151.689,151.689
7,T1,BESTEFFORT,COMPLETED,m6-1,2.155,"{'m1-1': 96.03, 'm2-1': 101.43, 'm3-1': 102.14, 'm4-1': 10.48, 'm5-1': 9.38, 'm6-1': 1.0, 'm7-1': 11.37, 'm8-1': 1.14}",1.5,4.281000000000001,5.281000000000001,inf,152.155,152.155
8,T4,BESTEFFORT,COMPLETED,m8-1,2.176,"{'m1-1': 106.72, 'm2-1': 106.99, 'm3-1': 100.42, 'm4-1': 9.97, 'm5-1': 10.51, 'm6-1': 1.13, 'm7-1': 10.73, 'm8-1': 1.03}",1.545,3.148,4.178,inf,152.176,152.176
9,T1,BESTEFFORT,COMPLETED,m8-1,2.337,"{'m1-1': 107.02, 'm2-1': 109.21, 'm3-1': 112.7, 'm4-1': 9.78, 'm5-1': 10.87, 'm6-1': 1.03, 'm7-1': 10.12, 'm8-1': 1.1}",1.6500000000000001,4.178,5.2780000000000005,inf,152.337,152.337
10,T2,BESTEFFORT,COMPLETED,m6-1,2.593,"{'m1-1': 113.25, 'm2-1': 96.62, 'm3-1': 117.76, 'm4-1': 10.2, 'm5-1': 10.04, 'm6-1': 1.0, 'm7-1': 10.35, 'm8-1': 0.97}",1.5,5.281000000000001,6.281000000000001,inf,152.593,152.593
11,T4,BESTEFFORT,COMPLETED,m8-1,3.118,"{'m1-1': 104.6, 'm2-1': 114.38, 'm3-1': 108.65, 'm4-1': 9.89, 'm5-1': 10.55, 'm6-1': 1.06, 'm7-1': 10.05, 'm8-1': 1.11}",1.665,5.2780000000000005,6.388000000000001,inf,153.118,153.118
12,T3,BESTEFFORT,COMPLETED,m8-1,3.125,"{'m1-1': 98.8, 'm2-1': 113.51, 'm3-1': 114.27, 'm4-1': 11.87, 'm5-1': 10.76, 'm6-1': 1.05, 'm7-1': 11.23, 'm8-1': 1.06}",1.59,6.388000000000001,7.448,inf,153.125,153.125
13,T4,BESTEFFORT,COMPLETED,m8-1,3.689,"{'m1-1': 113.23, 'm2-1': 98.3, 'm3-1': 100.98, 'm4-1': 10.4, 'm5-1': 10.67, 'm6-1': 1.18, 'm7-1': 11.39, 'm8-1': 1.07}",1.605,7.448,8.518,inf,153.689,153.689
14,T1,BESTEFFORT,COMPLETED,m6-1,4.063,"{'m1-1': 110.26, 'm2-1': 115.32, 'm3-1': 108.03, 'm4-1': 10.78, 'm5-1': 10.96, 'm6-1': 1.05, 'm7-1': 11.32, 'm8-1': 1.01}",1.5750000000000002,6.281000000000001,7.331,inf,154.063,154.063
15,T3,BESTEFFORT,COMPLETED,m8-1,4.199,"{'m1-1': 99.14, 'm2-1': 100.62, 'm3-1': 105.9, 'm4-1': 10.44, 'm5-1': 11.02, 'm6-1': 1.14, 'm7-1': 9.87, 'm8-1': 0.99}",1.4849999999999999,8.518,9.508000000000001,inf,154.199,154.199
16,T1,BESTEFFORT,COMPLETED,m8-1,4.725,"{'m1-1': 98.87, 'm2-1': 105.77, 'm3-1': 116.43, 'm4-1': 10.11, 'm5-1': 10.41, 'm6-1': 0.99, 'm7-1': 9.79, 'm8-1': 1.01}",1.5150000000000001,9.508000000000001,10.518,inf,154.725,154.725
17,T1,BESTEFFORT,COMPLETED,m6-1,4.732,"{'m1-1': 108.39, 'm2-1': 98.51, 'm3-1': 105.62, 'm4-1': 10.87, 'm5-1': 9.54, 'm6-1': 0.97, 'm7-1': 10.92, 'm8-1': 1.17}",1.455,7.331,8.301,inf,154.732,154.732
18,T4,BESTEFFORT,COMPLETED,m8-1,5.467,"{'m1-1': 101.4, 'm2-1': 104.17, 'm3-1': 109.73, 'm4-1': 10.99, 'm5-1': 11.38, 'm6-1': 1.11, 'm7-1': 11.04, 'm8-1': 1.01}",1.5150000000000001,10.518,11.528,inf,155.467,155.467
19,T3,BESTEFFORT,COMPLETED,m6-1,5.473,"{'m1-1': 103.44, 'm2-1': 103.88, 'm3-1': 111.86, 'm4-1': 10.01, 'm5-1': 10.74, 'm6-1': 1.13, 'm7-1': 10.85, 'm8-1': 0.99}",1.6949999999999998,8.301,9.431000000000001,inf,155.473,155.473
20,T3,BESTEFFORT,COMPLETED,m8-1,5.795,"{'m1-1': 114.12, 'm2-1': 114.49, 'm3-1': 104.31, 'm4-1': 10.57, 'm5-1': 9.72, 'm6-1': 1.06, 'm7-1': 10.99, 'm8-1': 1.03}",1.545,11.528,12.558,inf,155.795,155.795
21,T3,BESTEFFORT,COMPLETED,m8-1,5.821,"{'m1-1': 115.87, 'm2-1': 112.63, 'm3-1': 99.7, 'm4-1': 10.18, 'm5-1': 9.97, 'm6-1': 1.02, 'm7-1': 11.32, 'm8-1': 1.12}",1.6800000000000002,12.558,13.678,inf,155.821,155.821
22,T4,BESTEFFORT,COMPLETED,m8-1,5.883,"{'m1-1': 98.82, 'm2-1': 112.88, 'm3-1': 105.93, 'm4-1': 9.84, 'm5-1': 11.3, 'm6-1': 1.13, 'm7-1': 10.65, 'm8-1': 1.06}",1.59,13.678,14.738000000000001,inf,155.883,155.883
23,T2,BESTEFFORT,COMPLETED,m8-1,5.972,"{'m1-1': 107.08, 'm2-1': 110.49, 'm3-1': 118.54, 'm4-1': 10.23, 'm5-1': 9.86, 'm6-1': 1.01, 'm7-1': 9.95, 'm8-1': 1.04}",1.56,14.738000000000001,15.778000000000002,inf,155.972,155.972
24,T4,BESTEFFORT,COMPLETED,m8-1,6.474,"{'m1-1': 104.44, 'm2-1': 108.14, 'm3-1': 106.04, 'm4-1': 11.65, 'm5-1': 10.92, 'm6-1': 1.05, 'm7-1': 10.22, 'm8-1': 1.01}",1.5150000000000001,15.778000000000002,16.788000000000004,inf,156.474,156.474
25,T3,BESTEFFORT,COMPLETED,m6-1,6.616,"{'m1-1': 104.12, 'm2-1': 101.01, 'm3-1': 109.64, 'm4-1': 10.61, 'm5-1': 10.01, 'm6-1': 1.04, 'm7-1': 10.89, 'm8-1': 1.01}",1.56,9.431000000000001,10.471,inf,156.61599999999999,156.61599999999999
26,T4,BESTEFFORT,COMPLETED,m6-1,6.659,"{'m1-1': 101.16, 'm2-1': 101.33, 'm3-1': 105.22, 'm4-1': 10.48, 'm5-1': 10.67, 'm6-1': 1.0, 'm7-1': 10.79, 'm8-1': 1.12}",1.5,10.471,11.471,inf,156.659,156.659
27,T4,BESTEFFORT,COMPLETED,m8-1,6.865,"{'m1-1': 109.49, 'm2-1': 102.0, 'm3-1': 103.34, 'm4-1': 10.71, 'm5-1': 10.43, 'm6-1': 1.16, 'm7-1': 10.09, 'm8-1': 1.06}",1.59,16.788000000000004,17.848000000000003,inf,156.865,156.865
28,T2,BESTEFFORT,COMPLETED,m6-1,7.054,"{'m1-1': 103.42, 'm2-1': 112.02, 'm3-1': 117.6, 'm4-1': 11.0, 'm5-1': 11.69, 'm6-1': 1.09, 'm7-1': 10.79, 'm8-1': 0.96}",1.6350000000000002,11.471,12.561,inf,157.054,157.054
29,T2,BESTEFFORT,COMPLETED,m8-1,7.302,"{'m1-1': 102.33, 'm2-1': 111.97, 'm3-1': 113.6, 'm4-1': 10.66, 'm5-1': 9.88, 'm6-1': 1.12, 'm7-1': 9.53, 'm8-1': 0.98}",1.47,17.848000000000003,18.828000000000003,inf,157.302,157.302
30,T1,BESTEFFORT,COMPLETED,m6-1,7.512,"{'m1-1': 111.72, 'm2-1': 108.42, 'm3-1': 99.84, 'm4-1': 9.65, 'm5-1': 10.94, 'm6-1': 1.02, 'm7-1': 10.89, 'm8-1': 1.16}",1.53,12.561,13.581,inf,157.512,157.512
31,T2,BESTEFFORT,COMPLETED,m6-1,7.569,"{'m1-1': 107.9, 'm2-1': 99.87, 'm3-1': 112.03, 'm4-1': 11.62, 'm5-1': 10.09, 'm6-1': 1.1, 'm7-1': 9.48, 'm8-1': 1.0}",1.6500000000000001,13.581,14.681,inf,157.569,157.569
32,T1,BESTEFFORT,COMPLETED,m8-1,7.745,"{'m1-1': 106.03, 'm2-1': 114.86, 'm3-1': 110.24, 'm4-1': 10.5, 'm5-1': 10.2, 'm6-1': 0.95, 'm7-1': 10.7, 'm8-1': 1.11}",1.665,18.828000000000003,19.938000000000002,inf,157.745,157.745
33,T4,BESTEFFORT,COMPLETED,m6-1,7.776,"{'m1-1': 100.97, 'm2-1': 100.17, 'm3-1': 110.11, 'm4-1': 11.49, 'm5-1': 10.34, 'm6-1': 1.08, 'm7-1': 9.94, 'm8-1': 0.98}",1.62,14.681,15.761,inf,157.776,157.776
34,T3,BESTEFFORT,COMPLETED,m8-1,7.919,"{'m1-1': 103.02, 'm2-1': 98.84, 'm3-1': 117.72, 'm4-1': 11.16, 'm5-1': 9.94, 'm6-1': 0.97, 'm7-1': 11.33, 'm8-1': 1.01}",1.5150000000000001,19.938000000000002,20.948000000000004,inf,157.919,157.919
35,T2,BESTEFFORT,COMPLETED,m8-1,8.192,"{'m1-1': 108.53, 'm2-1': 108.54, 'm3-1': 112.95, 'm4-1': 11.26, 'm5-1': 10.11, 'm6-1': 1.16, 'm7-1': 10.18, 'm8-1': 0.93}",1.395,20.948000000000004,21.878000000000004,inf,158.192,158.192
36,T2,BESTEFFORT,COMPLETED,m8-1,8.207,"{'m1-1': 109.42, 'm2-1': 110.72, 'm3-1': 113.71, 'm4-1': 10.27, 'm5-1': 10.42, 'm6-1': 1.13, 'm7-1': 9.71, 'm8-1': 0.92}",1.3800000000000001,21.878000000000004,22.798000000000005,inf,158.207,158.207
37,T2,BESTEFFORT,COMPLETED,m6-1,8.35,"{'m1-1': 110.4, 'm2-1': 102.69, 'm3-1': 106.2, 'm4-1': 10.32, 'm5-1': 9.98, 'm6-1': 1.08, 'm7-1': 10.35, 'm8-1': 0.99}",1.62,15.761,16.841,inf,158.35,158.35
38,T1,BESTEFFORT,COMPLETED,m6-1,8.675,"{'m1-1': 100.4, 'm2-1': 100.83, 'm3-1': 115.89, 'm4-1': 9.82, 'm5-1': 9.58, 'm6-1': 0.96, 'm7-1': 10.4, 'm8-1': 1.01}",1.44,16.841,17.801000000000002,inf,158.675,158.675
39,T1,BESTEFFORT,COMPLETED,m8-1,8.86,"{'m1-1': 111.98, 'm2-1': 98.68, 'm3-1': 104.18, 'm4-1': 9.38, 'm5-1': 9.54, 'm6-1': 1.08, 'm7-1': 10.35, 'm8-1': 1.1}",1.6500000000000001,22.798000000000005,23.898000000000007,inf,158.86,158.86
40,T1,BESTEFFORT,COMPLETED,m8-1,8.919,"{'m1-1': 96.34, 'm2-1': 106.8, 'm3-1': 104.3, 'm4-1': 10.18, 'm5-1': 9.24, 'm6-1': 1.0, 'm7-1': 10.12, 'm8-1': 1.07}",1.605,23.898000000000007,24.968000000000007,inf,158.919,158.919
41,T1,BESTEFFORT,COMPLETED,m6-1,8.991,"{'m1-1': 110.26, 'm2-1': 114.92, 'm3-1': 102.98, 'm4-1': 9.91, 'm5-1': 10.14, 'm6-1': 0.94, 'm7-1': 10.73, 'm8-1': 1.06}",1.41,17.801000000000002,18.741000000000003,inf,158.99099999999999,158.99099999999999
42,T1,BESTEFFORT,COMPLETED,m6-1,9.235,"{'m1-1': 107.52, 'm2-1': 117.07, 'm3-1': 101.96, 'm4-1': 10.5, 'm5-1': 10.03, 'm6-1': 1.08, 'm7-1': 10.47, 'm8-1': 1.1}",1.62,18.741000000000003,19.821000000000005,inf,159.235,159.235
43,T3,BESTEFFORT,COMPLETED,m8-1,9.318,"{'m1-1': 111.97, 'm2-1': 113.49, 'm3-1': 107.37, 'm4-1': 11.72, 'm5-1': 11.28, 'm6-1': 0.97, 'm7-1': 10.46, 'm8-1': 0.99}",1.4849999999999999,24.968000000000007,25.958000000000006,inf,159.318,159.318
44,T2,BESTEFFORT,COMPLETED,m8-1,9.728,"{'m1-1': 106.13, 'm2-1': 103.13, 'm3-1': 110.08, 'm4-1': 11.0, 'm5-1': 11.38, 'm6-1': 1.12, 'm7-1': 10.64, 'm8-1': 0.92}",1.3800000000000001,25.958000000000006,26.878000000000007,inf,159.728,159.728
45,T3,BESTEFFORT,COMPLETED,m6-1,9.832,"{'m1-1': 110.04, 'm2-1': 101.6, 'm3-1': 103.93, 'm4-1': 11.81, 'm5-1': 10.39, 'm6-1': 1.1, 'm7-1': 10.04, 'm8-1': 1.02}",1.6500000000000001,19.821000000000005,20.921000000000006,inf,159.832,159.832
46,T4,BESTEFFORT,COMPLETED,m8-1,10.194,"{'m1-1': 104.9, 'm2-1': 112.44, 'm3-1': 110.4, 'm4-1': 10.03, 'm5-1': 10.67, 'm6-1': 1.04, 'm7-1': 11.76, 'm8-1': 0.94}",1.41,26.878000000000007,27.81800000000001,inf,160.194,160.194
47,T2,BESTEFFORT,COMPLETED,m8-1,10.869,"{'m1-1': 112.06, 'm2-1': 104.17, 'm3-1': 110.11, 'm4-1': 11.71, 'm5-1': 10.23, 'm6-1': 1.03, 'm7-1': 10.54, 'm8-1': 0.92}",1.3800000000000001,27.81800000000001,28.73800000000001,inf,160.869,160.869
48,T4,BESTEFFORT,COMPLETED,m8-1,11.135,"{'m1-1': 108.98, 'm2-1': 99.94, 'm3-1': 96.94, 'm4-1': 11.41, 'm5-1': 10.19, 'm6-1': 1.04, 'm7-1': 11.04, 'm8-1': 1.05}",1.5750000000000002,28.73800000000001,29.78800000000001,inf,161.135,161.135
49,T2,BESTEFFORT,COMPLETED,m8-1,11.532,"{'m1-1': 97.68, 'm2-1': 103.18, 'm3-1': 112.46, 'm4-1': 10.93, 'm5-1': 11.11, 'm6-1': 1.12, 'm7-1': 9.72, 'm8-1': 1.02}",1.53,29.78800000000001,30.80800000000001,inf,161.532,161.532
50,T1,BESTEFFORT,COMPLETED,m6-1,11.581,"{'m1-1': 98.66, 'm2-1': 110.0, 'm3-1': 110.54, 'm4-1': 9.76, 'm5-1': 10.89, 'm6-1': 1.05, 'm7-1': 9.79, 'm8-1': 1.02}",1.5750000000000002,20.921000000000006,21.971000000000007,inf,161.581,161.581
51,T2,BESTEFFORT,COMPLETED,m8-1,12.317,"{'m1-1': 113.07, 'm2-1': 103.56, 'm3-1': 113.06, 'm4-1': 11.23, 'm5-1': 10.15, 'm6-1': 1.18, 'm7-1': 10.23, 'm8-1': 0.95}",1.4249999999999998,30.80800000000001,31.75800000000001,inf,162.317,162.317
52,T2,BESTEFFORT,COMPLETED,m8-1,12.399,"{'m1-1': 109.75, 'm2-1': 109.69, 'm3-1': 113.06, 'm4-1': 11.64, 'm5-1': 10.1, 'm6-1': 1.1, 'm7-1': 9.49, 'm8-1': 0.97}",1.455,31.75800000000001,32.72800000000001,inf,162.399,162.399
53,T4,BESTEFFORT,COMPLETED,m8-1,12.989,"{'m1-1': 111.66, 'm2-1': 103.95, 'm3-1': 106.72, 'm4-1': 11.16, 'm5-1': 10.01, 'm6-1': 1.03, 'm7-1': 10.62, 'm8-1': 1.04}",1.56,32.72800000000001,33.76800000000001,inf,162.989,162.989
54,T3,BESTEFFORT,COMPLETED,m6-1,13.201,"{'m1-1': 105.28, 'm2-1': 108.12, 'm3-1': 114.32, 'm4-1': 10.85, 'm5-1': 10.09, 'm6-1': 1.0, 'm7-1': 10.32, 'm8-1': 1.12}",1.5,21.971000000000007,22.971000000000007,inf,163.201,163.201
55,T2,BESTEFFORT,COMPLETED,m8-1,13.312,"{'m1-1': 102.49, 'm2-1': 100.7, 'm3-1': 101.12, 'm4-1': 10.61, 'm5-1': 9.95, 'm6-1': 1.13, 'm7-1': 9.81, 'm8-1': 1.0}",1.5,33.76800000000001,34.76800000000001,inf,163.312,163.312
56,T2,BESTEFFORT,COMPLETED,m8-1,13.321,"{'m1-1': 112.38, 'm2-1': 111.02, 'm3-1': 106.34, 'm4-1': 10.56, 'm5-1': 11.67, 'm6-1': 1.04, 'm7-1': 10.14, 'm8-1': 0.93}",1.395,34.76800000000001,35.69800000000001,inf,163.321,163.321
57,T2,BESTEFFORT,COMPLETED,m8-1,13.38,"{'m1-1': 101.53, 'm2-1': 106.08, 'm3-1': 115.66, 'm4-1': 11.22, 'm5-1': 9.86, 'm6-1': 1.08, 'm7-1': 10.02, 'm8-1': 0.93}",1.395,35.69800000000001,36.62800000000001,inf,163.38,163.38
58,T4,BESTEFFORT,COMPLETED,m8-1,13.432,"{'m1-1': 116.68, 'm2-1': 100.85, 'm3-1': 94.74, 'm4-1': 10.02, 'm5-1': 11.42, 'm6-1': 1.16, 'm7-1': 11.16, 'm8-1': 0.95}",1.4249999999999998,36.62800000000001,37.57800000000001,inf,163.432,163.432
59,T1,BESTEFFORT,COMPLETED,m8-1,13.44,"{'m1-1': 109.92, 'm2-1': 114.86, 'm3-1': 116.73, 'm4-1': 10.57, 'm5-1': 9.46, 'm6-1': 0.95, 'm7-1': 9.94, 'm8-1': 1.11}",1.665,37.57800000000001,38.68800000000001,inf,163.44,163.44
60,T1,BESTEFFORT,COMPLETED,m6-1,13.729,"{'m1-1': 107.29, 'm2-1': 113.63, 'm3-1': 109.77, 'm4-1': 10.93, 'm5-1': 9.84, 'm6-1': 1.08, 'm7-1': 10.82, 'm8-1': 1.0}",1.62,22.971000000000007,24.05100000000001,inf,163.72899999999998,163.72899999999998
61,T1,BESTEFFORT,COMPLETED,m6-1,13.742,"{'m1-1': 111.93, 'm2-1': 99.82, 'm3-1': 99.41, 'm4-1': 10.84, 'm5-1': 10.62, 'm6-1': 0.94, 'm7-1': 9.7, 'm8-1': 1.18}",1.41,24.05100000000001,24.99100000000001,inf,163.742,163.742
62,T1,BESTEFFORT,COMPLETED,m6-1,13.854,"{'m1-1': 96.16, 'm2-1': 114.83, 'm3-1': 114.05, 'm4-1': 10.35, 'm5-1': 9.67, 'm6-1': 0.96, 'm7-1': 11.15, 'm8-1': 1.04}",1.44,24.99100000000001,25.95100000000001,inf,163.85399999999998,163.85399999999998
63,T2,BESTEFFORT,COMPLETED,m6-1,14.02,"{'m1-1': 109.08, 'm2-1': 102.05, 'm3-1': 100.98, 'm4-1': 10.6, 'm5-1': 11.27, 'm6-1': 1.03, 'm7-1': 9.26, 'm8-1': 0.97}",1.545,25.95100000000001,26.981000000000012,inf,164.02,164.02
64,T4,BESTEFFORT,COMPLETED,m6-1,14.097,"{'m1-1': 102.17, 'm2-1': 108.3, 'm3-1': 108.62, 'm4-1': 11.58, 'm5-1': 11.2, 'm6-1': 1.0, 'm7-1': 10.58, 'm8-1': 0.96}",1.5,26.981000000000012,27.981000000000012,inf,164.097,164.097
65,T2,BESTEFFORT,COMPLETED,m6-1,14.291,"{'m1-1': 99.34, 'm2-1': 99.47, 'm3-1': 100.67, 'm4-1': 10.53, 'm5-1': 10.57, 'm6-1': 1.04, 'm7-1': 10.35, 'm8-1': 0.98}",1.56,27.981000000000012,29.02100000000001,inf,164.291,164.291
66,T2,BESTEFFORT,COMPLETED,m8-1,14.574,"{'m1-1': 99.12, 'm2-1': 97.86, 'm3-1': 114.14, 'm4-1': 10.6, 'm5-1': 9.92, 'm6-1': 1.05, 'm7-1': 9.59, 'm8-1': 0.93}",1.395,38.68800000000001,39.61800000000001,inf,164.574,164.574
67,T2,BESTEFFORT,COMPLETED,m8-1,14.894,"{'m1-1': 111.89, 'm2-1': 112.16, 'm3-1': 114.53, 'm4-1': 10.92, 'm5-1': 11.11, 'm6-1': 1.17, 'm7-1': 10.67, 'm8-1': 1.04}",1.56,39.61800000000001,40.65800000000001,inf,164.894,164.894
68,T3,BESTEFFORT,COMPLETED,m6-1,15.286,"{'m1-1': 104.12, 'm2-1': 113.31, 'm3-1': 114.39, 'm4-1': 10.45, 'm5-1': 10.98, 'm6-1': 0.96, 'm7-1': 10.86, 'm8-1': 0.98}",1.44,29.02100000000001,29.981000000000012,inf,165.286,165.286
69,T4,BESTEFFORT,COMPLETED,m8-1,15.358,"{'m1-1': 111.38, 'm2-1': 97.84, 'm3-1': 110.56, 'm4-1': 10.68, 'm5-1': 10.31, 'm6-1': 1.14, 'm7-1': 10.35, 'm8-1': 0.98}",1.47,40.65800000000001,41.638000000000005,inf,165.358,165.358
70,T3,BESTEFFORT,COMPLETED,m6-1,15.476,"{'m1-1': 102.27, 'm2-1': 111.09, 'm3-1': 103.83, 'm4-1': 10.15, 'm5-1': 11.26, 'm6-1': 0.98, 'm7-1': 10.0, 'm8-1': 1.03}",1.47,29.981000000000012,30.961000000000013,inf,165.476,165.476
71,T1,BESTEFFORT,COMPLETED,m6-1,15.691,"{'m1-1': 112.6, 'm2-1': 109.85, 'm3-1': 111.53, 'm4-1': 10.94, 'm5-1': 10.51, 'm6-1': 0.96, 'm7-1': 9.92, 'm8-1': 1.08}",1.44,30.961000000000013,31.921000000000014,inf,165.691,165.691
72,T2,BESTEFFORT,COMPLETED,m8-1,16.056,"{'m1-1': 114.82, 'm2-1': 109.05, 'm3-1': 116.92, 'm4-1': 10.44, 'm5-1': 9.98, 'm6-1': 1.09, 'm7-1': 10.68, 'm8-1': 1.01}",1.5150000000000001,41.638000000000005,42.648,inf,166.056,166.056
73,T1,BESTEFFORT,COMPLETED,m6-1,16.415,"{'m1-1': 106.26, 'm2-1': 104.32, 'm3-1': 117.02, 'm4-1': 10.17, 'm5-1': 9.84, 'm6-1': 1.11, 'm7-1': 9.83, 'm8-1': 1.03}",1.665,31.921000000000014,33.03100000000001,inf,166.415,166.415
74,T4,BESTEFFORT,COMPLETED,m8-1,16.5,"{'m1-1': 103.76, 'm2-1': 113.92, 'm3-1': 108.65, 'm4-1': 10.55, 'm5-1': 11.6, 'm6-1': 1.16, 'm7-1': 11.39, 'm8-1': 0.97}",1.455,42.648,43.618,inf,166.5,166.5
75,T2,BESTEFFORT,COMPLETED,m8-1,16.504,"{'m1-1': 109.0, 'm2-1': 95.94, 'm3-1': 114.59, 'm4-1': 10.23, 'm5-1': 10.6, 'm6-1': 1.08, 'm7-1': 10.28, 'm8-1': 0.94}",1.41,43.618,44.558,inf,166.504,166.504
76,T4,BESTEFFORT,COMPLETED,m8-1,16.951,"{'m1-1': 116.21, 'm2-1': 100.6, 'm3-1': 93.0, 'm4-1': 11.41, 'm5-1': 11.03, 'm6-1': 1.18, 'm7-1': 10.15, 'm8-1': 1.08}",1.62,44.558,45.638,inf,166.951,166.951
77,T4,BESTEFFORT,COMPLETED,m6-1,17.031,"{'m1-1': 99.94, 'm2-1': 109.04, 'm3-1': 110.03, 'm4-1': 11.43, 'm5-1': 11.15, 'm6-1': 1.03, 'm7-1': 10.59, 'm8-1': 1.08}",1.545,33.03100000000001,34.061000000000014,inf,167.031,167.031
78,T4,BESTEFFORT,COMPLETED,m8-1,17.081,"{'m1-1': 103.02, 'm2-1': 109.31, 'm3-1': 106.1, 'm4-1': 10.74, 'm5-1': 10.96, 'm6-1': 1.13, 'm7-1': 9.95, 'm8-1': 1.1}",1.6500000000000001,45.638,46.738,inf,167.081,167.081
79,T3,BESTEFFORT,COMPLETED,m6-1,17.084,"{'m1-1': 109.9, 'm2-1': 101.75, 'm3-1': 116.72, 'm4-1': 10.15, 'm5-1': 11.31, 'm6-1': 1.06, 'm7-1': 11.63, 'm8-1': 0.97}",1.59,34.061000000000014,35.121000000000016,inf,167.084,167.084
80,T3,BESTEFFORT,COMPLETED,m6-1,17.283,"{'m1-1': 105.24, 'm2-1': 107.07, 'm3-1': 101.11, 'm4-1': 10.8, 'm5-1': 10.68, 'm6-1': 1.06, 'm7-1': 10.17, 'm8-1': 1.02}",1.59,35.121000000000016,36.18100000000002,inf,167.28300000000002,167.28300000000002
81,T2,BESTEFFORT,COMPLETED,m8-1,17.289,"{'m1-1': 114.04, 'm2-1': 101.01, 'm3-1': 116.37, 'm4-1': 10.27, 'm5-1': 10.64, 'm6-1': 1.11, 'm7-1': 9.25, 'm8-1': 1.04}",1.56,46.738,47.778,inf,167.289,167.289
82,T3,BESTEFFORT,COMPLETED,m6-1,17.312,"{'m1-1': 98.13, 'm2-1': 97.33, 'm3-1': 110.49, 'm4-1': 10.29, 'm5-1': 10.71, 'm6-1': 1.05, 'm7-1': 11.14, 'm8-1': 0.97}",1.5750000000000002,36.18100000000002,37.231000000000016,inf,167.312,167.312
83,T2,BESTEFFORT,COMPLETED,m8-1,17.402,"{'m1-1': 102.74, 'm2-1': 97.9, 'm3-1': 112.72, 'm4-1': 10.66, 'm5-1': 11.62, 'm6-1': 1.16, 'm7-1': 9.94, 'm8-1': 0.94}",1.41,47.778,48.717999999999996,inf,167.402,167.402
84,T1,BESTEFFORT,COMPLETED,m6-1,17.551,"{'m1-1': 102.64, 'm2-1': 99.9, 'm3-1': 104.76, 'm4-1': 10.21, 'm5-1': 10.06, 'm6-1': 1.0, 'm7-1': 9.9, 'm8-1': 1.02}",1.5,37.231000000000016,38.231000000000016,inf,167.551,167.551
85,T4,BESTEFFORT,COMPLETED,m8-1,18.05,"{'m1-1': 102.87, 'm2-1': 97.22, 'm3-1': 93.29, 'm4-1': 10.13, 'm5-1': 11.14, 'm6-1': 1.1, 'm7-1': 10.66, 'm8-1': 1.05}",1.5750000000000002,48.717999999999996,49.767999999999994,inf,168.05,168.05
86,T4,BESTEFFORT,COMPLETED,m8-1,18.559,"{'m1-1': 112.19, 'm2-1': 96.7, 'm3-1': 105.07, 'm4-1': 11.28, 'm5-1': 11.73, 'm6-1': 1.11, 'm7-1': 10.49, 'm8-1': 1.05}",1.5750000000000002,49.767999999999994,50.81799999999999,inf,168.559,168.559
87,T1,BESTEFFORT,COMPLETED,m6-1,18.621,"{'m1-1': 107.42, 'm2-1': 112.97, 'm3-1': 115.77, 'm4-1': 9.89, 'm5-1': 10.93, 'm6-1': 1.09, 'm7-1': 11.05, 'm8-1': 1.1}",1.6350000000000002,38.231000000000016,39.32100000000002,inf,168.621,168.621
88,T2,BESTEFFORT,COMPLETED,m6-1,19.401,"{'m1-1': 106.31, 'm2-1': 110.25, 'm3-1': 108.77, 'm4-1': 11.71, 'm5-1': 11.48, 'm6-1': 1.16, 'm7-1': 10.84, 'm8-1': 1.07}",1.7399999999999998,39.32100000000002,40.481000000000016,inf,169.401,169.401
89,T1,BESTEFFORT,COMPLETED,m6-1,19.894,"{'m1-1': 110.55, 'm2-1': 115.94, 'm3-1': 112.7, 'm4-1': 10.73, 'm5-1': 9.7, 'm6-1': 0.99, 'm7-1': 11.3, 'm8-1': 1.02}",1.4849999999999999,40.481000000000016,41.47100000000002,inf,169.894,169.894
90,T4,BESTEFFORT,COMPLETED,m8-1,21.01,"{'m1-1': 114.04, 'm2-1': 113.9, 'm3-1': 99.97, 'm4-1': 10.93, 'm5-1': 10.71, 'm6-1': 1.17, 'm7-1': 11.56, 'm8-1': 1.02}",1.53,50.81799999999999,51.837999999999994,inf,171.01,171.01
91,T4,BESTEFFORT,COMPLETED,m8-1,21.215,"{'m1-1': 104.58, 'm2-1': 110.35, 'm3-1': 97.95, 'm4-1': 10.32, 'm5-1': 10.66, 'm6-1': 1.05, 'm7-1': 10.78, 'm8-1': 1.08}",1.62,51.837999999999994,52.91799999999999,inf,171.215,171.215
92,T3,BESTEFFORT,COMPLETED,m8-1,21.762,"{'m1-1': 110.21, 'm2-1': 113.09, 'm3-1': 112.67, 'm4-1': 10.64, 'm5-1': 10.81, 'm6-1': 1.01, 'm7-1': 10.57, 'm8-1': 1.03}",1.545,52.91799999999999,53.94799999999999,inf,171.762,171.762
93,T2,BESTEFFORT,COMPLETED,m8-1,22.485,"{'m1-1': 105.1, 'm2-1': 106.14, 'm3-1': 104.67, 'm4-1': 10.0, 'm5-1': 10.21, 'm6-1': 1.16, 'm7-1': 10.77, 'm8-1': 0.95}",1.4249999999999998,53.94799999999999,54.897999999999996,inf,172.485,172.485
94,T3,BESTEFFORT,COMPLETED,m6-1,22.851,"{'m1-1': 102.41, 'm2-1': 113.9, 'm3-1': 113.08, 'm4-1': 11.66, 'm5-1': 9.82, 'm6-1': 1.08, 'm7-1': 10.0, 'm8-1': 1.03}",1.62,41.47100000000002,42.551000000000016,inf,172.851,172.851
95,T1,BESTEFFORT,COMPLETED,m6-1,23.12,"{'m1-1': 103.28, 'm2-1': 112.63, 'm3-1': 108.06, 'm4-1': 10.87, 'm5-1': 9.8, 'm6-1': 1.06, 'm7-1': 11.33, 'm8-1': 1.18}",1.59,42.551000000000016,43.61100000000002,inf,173.12,173.12
96,T2,BESTEFFORT,COMPLETED,m8-1,24.41,"{'m1-1': 111.88, 'm2-1': 97.03, 'm3-1': 108.85, 'm4-1': 10.52, 'm5-1': 9.84, 'm6-1': 1.07, 'm7-1': 10.51, 'm8-1': 1.07}",1.605,54.897999999999996,55.967999999999996,inf,174.41,174.41
97,T3,BESTEFFORT,COMPLETED,m8-1,24.864,"{'m1-1': 115.06, 'm2-1': 105.91, 'm3-1': 101.4, 'm4-1': 11.88, 'm5-1': 11.17, 'm6-1': 1.14, 'm7-1': 11.45, 'm8-1': 1.03}",1.545,55.967999999999996,56.998,inf,174.864,174.864
98,T2,BESTEFFORT,COMPLETED,m8-1,24.943,"{'m1-1': 103.91, 'm2-1': 102.62, 'm3-1': 115.6, 'm4-1': 10.01, 'm5-1': 9.86, 'm6-1': 1.02, 'm7-1': 10.32, 'm8-1': 1.04}",1.56,56.998,58.038,inf,174.943,174.943
99,T2,BESTEFFORT,COMPLETED,m6-1,25.021,"{'m1-1': 114.72, 'm2-1': 108.3, 'm3-1': 110.6, 'm4-1': 11.43, 'm5-1': 11.58, 'm6-1': 1.08, 'm7-1': 9.69, 'm8-1': 1.03}",1.62,43.61100000000002,44.69100000000002,inf,175.02100000000002,175.02100000000002
100,T4,BESTEFFORT,COMPLETED,m8-1,25.043,"{'m1-1': 106.09, 'm2-1': 108.21, 'm3-1': 103.41, 'm4-1': 10.72, 'm5-1': 10.03, 'm6-1': 1.06, 'm7-1': 10.05, 'm8-1': 1.01}",1.5150000000000001,58.038,59.047999999999995,inf,175.043,175.043
101,T3,BESTEFFORT,COMPLETED,m6-1,25.162,"{'m1-1': 103.98, 'm2-1': 112.72, 'm3-1': 113.78, 'm4-1': 11.68, 'm5-1': 10.24, 'm6-1': 1.07, 'm7-1': 10.52, 'm8-1': 1.02}",1.605,44.69100000000002,45.76100000000002,inf,175.162,175.162
102,T1,BESTEFFORT,COMPLETED,m6-1,25.467,"{'m1-1': 106.17, 'm2-1': 101.82, 'm3-1': 114.46, 'm4-1': 10.68, 'm5-1': 9.3, 'm6-1': 1.05, 'm7-1': 11.35, 'm8-1': 1.12}",1.5750000000000002,45.76100000000002,46.811000000000014,inf,175.46699999999998,175.46699999999998
103,T2,BESTEFFORT,COMPLETED,m8-1,25.596,"{'m1-1': 111.76, 'm2-1': 98.28, 'm3-1': 105.21, 'm4-1': 10.62, 'm5-1': 10.01, 'm6-1': 1.03, 'm7-1': 9.49, 'm8-1': 1.08}",1.62,59.047999999999995,60.12799999999999,inf,175.596,175.596
104,T3,BESTEFFORT,COMPLETED,m6-1,25.915,"{'m1-1': 112.12, 'm2-1': 112.76, 'm3-1': 104.93, 'm4-1': 10.56, 'm5-1': 10.37, 'm6-1': 1.03, 'm7-1': 11.0, 'm8-1': 1.14}",1.545,46.811000000000014,47.841000000000015,inf,175.915,175.915
105,T1,BESTEFFORT,COMPLETED,m6-1,26.108,"{'m1-1': 94.94, 'm2-1': 109.29, 'm3-1': 109.46, 'm4-1': 9.36, 'm5-1': 10.32, 'm6-1': 0.97, 'm7-1': 11.49, 'm8-1': 1.03}",1.455,47.841000000000015,48.811000000000014,inf,176.108,176.108
106,T2,BESTEFFORT,COMPLETED,m8-1,26.238,"{'m1-1': 109.68, 'm2-1': 108.72, 'm3-1': 103.64, 'm4-1': 11.6, 'm5-1': 10.31, 'm6-1': 1.17, 'm7-1': 10.6, 'm8-1': 0.98}",1.47,60.12799999999999,61.10799999999999,inf,176.238,176.238
107,T3,BESTEFFORT,COMPLETED,m8-1,26.392,"{'m1-1': 102.28, 'm2-1': 100.68, 'm3-1': 117.88, 'm4-1': 10.62, 'm5-1': 10.06, 'm6-1': 1.06, 'm7-1': 10.41, 'm8-1': 1.13}",1.6949999999999998,61.10799999999999,62.23799999999999,inf,176.392,176.392
108,T4,BESTEFFORT,COMPLETED,m6-1,26.738,"{'m1-1': 105.61, 'm2-1': 105.97, 'm3-1': 93.31, 'm4-1': 10.3, 'm5-1': 10.86, 'm6-1': 1.02, 'm7-1': 10.74, 'm8-1': 0.97}",1.53,48.811000000000014,49.83100000000002,inf,176.738,176.738
109,T4,BESTEFFORT,COMPLETED,m8-1,26.764,"{'m1-1': 115.69, 'm2-1': 98.56, 'm3-1': 99.01, 'm4-1': 10.46, 'm5-1': 10.28, 'm6-1': 1.14, 'm7-1': 9.96, 'm8-1': 0.98}",1.47,62.23799999999999,63.21799999999999,inf,176.764,176.764
110,T3,BESTEFFORT,COMPLETED,m8-1,27.088,"{'m1-1': 109.38, 'm2-1': 104.79, 'm3-1': 107.88, 'm4-1': 10.65, 'm5-1': 9.9, 'm6-1': 1.04, 'm7-1': 11.62, 'm8-1': 1.1}",1.6500000000000001,63.21799999999999,64.31799999999998,inf,177.088,177.088
111,T4,BESTEFFORT,COMPLETED,m8-1,27.169,"{'m1-1': 112.34, 'm2-1': 101.61, 'm3-1': 100.06, 'm4-1': 11.07, 'm5-1': 10.26, 'm6-1': 1.13, 'm7-1': 10.68, 'm8-1': 1.07}",1.605,64.31799999999998,65.38799999999998,inf,177.169,177.169
112,T2,BESTEFFORT,COMPLETED,m8-1,27.47,"{'m1-1': 103.44, 'm2-1': 97.97, 'm3-1': 116.84, 'm4-1': 10.9, 'm5-1': 10.79, 'm6-1': 1.1, 'm7-1': 10.09, 'm8-1': 0.96}",1.44,65.38799999999998,66.34799999999997,inf,177.47,177.47
113,T1,BESTEFFORT,COMPLETED,m6-1,27.648,"{'m1-1': 101.71, 'm2-1': 99.52, 'm3-1': 111.6, 'm4-1': 9.87, 'm5-1': 10.67, 'm6-1': 1.0, 'm7-1': 11.26, 'm8-1': 1.12}",1.5,49.83100000000002,50.83100000000002,inf,177.648,177.648
114,T2,BESTEFFORT,COMPLETED,m8-1,28.476,"{'m1-1': 112.94, 'm2-1': 105.46, 'm3-1': 109.01, 'm4-1': 10.17, 'm5-1': 10.36, 'm6-1': 1.08, 'm7-1': 9.92, 'm8-1': 0.92}",1.3800000000000001,66.34799999999997,67.26799999999997,inf,178.476,178.476
115,T4,BESTEFFORT,COMPLETED,m8-1,28.584,"{'m1-1': 105.64, 'm2-1': 106.64, 'm3-1': 102.06, 'm4-1': 11.52, 'm5-1': 10.41, 'm6-1': 1.01, 'm7-1': 10.69, 'm8-1': 1.04}",1.56,67.26799999999997,68.30799999999998,inf,178.584,178.584
116,T2,BESTEFFORT,COMPLETED,m8-1,28.592,"{'m1-1': 110.33, 'm2-1': 113.05, 'm3-1': 117.02, 'm4-1': 11.46, 'm5-1': 10.98, 'm6-1': 1.14, 'm7-1': 9.8, 'm8-1': 1.01}",1.5150000000000001,68.30799999999998,69.31799999999998,inf,178.59199999999998,178.59199999999998
117,T4,BESTEFFORT,COMPLETED,m8-1,28.995,"{'m1-1': 110.06, 'm2-1': 105.8, 'm3-1': 109.27, 'm4-1': 10.77, 'm5-1': 10.13, 'm6-1': 1.18, 'm7-1': 11.14, 'm8-1': 1.04}",1.56,69.31799999999998,70.35799999999999,inf,178.995,178.995
118,T2,BESTEFFORT,COMPLETED,m8-1,29.483,"{'m1-1': 110.44, 'm2-1': 98.04, 'm3-1': 103.76, 'm4-1': 10.17, 'm5-1': 10.92, 'm6-1': 1.07, 'm7-1': 9.92, 'm8-1': 1.02}",1.53,70.35799999999999,71.37799999999999,inf,179.483,179.483
119,T2,BESTEFFORT,COMPLETED,m8-1,29.657,"{'m1-1': 113.07, 'm2-1': 110.48, 'm3-1': 102.71, 'm4-1': 10.35, 'm5-1': 10.36, 'm6-1': 1.1, 'm7-1': 10.18, 'm8-1': 1.01}",1.5150000000000001,71.37799999999999,72.38799999999999,inf,179.657,179.657
120,T4,BESTEFFORT,COMPLETED,m6-1,30.018,"{'m1-1': 108.97, 'm2-1': 114.6, 'm3-1': 108.65, 'm4-1': 10.03, 'm5-1': 11.38, 'm6-1': 1.06, 'm7-1': 11.72, 'm8-1': 0.98}",1.59,50.83100000000002,51.89100000000002,inf,180.018,180.018
121,T4,BESTEFFORT,COMPLETED,m6-1,30.211,"{'m1-1': 115.6, 'm2-1': 108.82, 'm3-1': 103.32, 'm4-1': 10.39, 'm5-1': 10.22, 'm6-1': 1.18, 'm7-1': 11.77, 'm8-1': 0.99}",1.77,51.89100000000002,53.07100000000002,inf,180.211,180.211
122,T1,BESTEFFORT,COMPLETED,m6-1,30.22,"{'m1-1': 105.59, 'm2-1': 99.2, 'm3-1': 104.18, 'm4-1': 9.53, 'm5-1': 10.97, 'm6-1': 1.06, 'm7-1': 11.34, 'm8-1': 1.06}",1.59,53.07100000000002,54.13100000000002,inf,180.22,180.22
123,T3,BESTEFFORT,COMPLETED,m8-1,30.36,"{'m1-1': 99.52, 'm2-1': 105.54, 'm3-1': 99.52, 'm4-1': 10.4, 'm5-1': 9.87, 'm6-1': 1.07, 'm7-1': 10.86, 'm8-1': 1.05}",1.5750000000000002,72.38799999999999,73.43799999999999,inf,180.36,180.36
124,T2,BESTEFFORT,COMPLETED,m8-1,30.571,"{'m1-1': 109.55, 'm2-1': 110.53, 'm3-1': 102.53, 'm4-1': 11.41, 'm5-1': 10.17, 'm6-1': 1.16, 'm7-1': 10.64, 'm8-1': 1.02}",1.53,73.43799999999999,74.45799999999998,inf,180.571,180.571
125,T3,BESTEFFORT,COMPLETED,m8-1,30.712,"{'m1-1': 113.76, 'm2-1': 98.67, 'm3-1': 112.83, 'm4-1': 11.83, 'm5-1': 9.73, 'm6-1': 0.97, 'm7-1': 11.0, 'm8-1': 1.0}",1.5,74.45799999999998,75.45799999999998,inf,180.712,180.712
126,T1,BESTEFFORT,COMPLETED,m6-1,31.294,"{'m1-1': 94.94, 'm2-1': 99.46, 'm3-1': 103.99, 'm4-1': 9.73, 'm5-1': 9.54, 'm6-1': 1.02, 'm7-1': 11.15, 'm8-1': 1.15}",1.53,54.13100000000002,55.151000000000025,inf,181.294,181.294
127,T4,BESTEFFORT,COMPLETED,m8-1,31.544,"{'m1-1': 115.77, 'm2-1': 113.83, 'm3-1': 107.96, 'm4-1': 10.27, 'm5-1': 11.82, 'm6-1': 1.17, 'm7-1': 11.43, 'm8-1': 1.04}",1.56,75.45799999999998,76.49799999999999,inf,181.544,181.544
128,T1,BESTEFFORT,COMPLETED,m8-1,31.836,"{'m1-1': 101.01, 'm2-1': 111.77, 'm3-1': 102.62, 'm4-1': 10.07, 'm5-1': 9.43, 'm6-1': 1.09, 'm7-1': 11.14, 'm8-1': 1.14}",1.71,76.49799999999999,77.63799999999999,inf,181.836,181.836
129,T2,BESTEFFORT,COMPLETED,m8-1,32.016,"{'m1-1': 101.07, 'm2-1': 106.84, 'm3-1': 109.8, 'm4-1': 10.83, 'm5-1': 11.56, 'm6-1': 1.09, 'm7-1': 9.27, 'm8-1': 0.96}",1.44,77.63799999999999,78.59799999999998,inf,182.016,182.016
130,T4,BESTEFFORT,COMPLETED,m8-1,32.194,"{'m1-1': 113.05, 'm2-1': 107.62, 'm3-1': 103.39, 'm4-1': 10.71, 'm5-1': 10.35, 'm6-1': 1.16, 'm7-1': 11.6, 'm8-1': 1.02}",1.53,78.59799999999998,79.61799999999998,inf,182.19400000000002,182.19400000000002
131,T4,BESTEFFORT,COMPLETED,m8-1,32.462,"{'m1-1': 114.8, 'm2-1': 112.25, 'm3-1': 110.11, 'm4-1': 10.02, 'm5-1': 10.45, 'm6-1': 1.04, 'm7-1': 11.32, 'm8-1': 0.97}",1.455,79.61799999999998,80.58799999999998,inf,182.462,182.462
132,T3,BESTEFFORT,COMPLETED,m8-1,32.491,"{'m1-1': 111.79, 'm2-1': 98.64, 'm3-1': 117.53, 'm4-1': 11.69, 'm5-1': 9.64, 'm6-1': 1.12, 'm7-1': 10.7, 'm8-1': 1.05}",1.5750000000000002,80.58799999999998,81.63799999999998,inf,182.49099999999999,182.49099999999999
133,T3,BESTEFFORT,COMPLETED,m8-1,32.6,"{'m1-1': 99.52, 'm2-1': 103.55, 'm3-1': 110.94, 'm4-1': 10.06, 'm5-1': 9.79, 'm6-1': 1.09, 'm7-1': 10.1, 'm8-1': 1.1}",1.6500000000000001,81.63799999999998,82.73799999999997,inf,182.6,182.6
134,T2,BESTEFFORT,COMPLETED,m6-1,32.624,"{'m1-1': 99.34, 'm2-1': 100.83, 'm3-1': 103.56, 'm4-1': 11.75, 'm5-1': 10.58, 'm6-1': 1.13, 'm7-1': 10.63, 'm8-1': 0.94}",1.6949999999999998,55.151000000000025,56.28100000000003,inf,182.624,182.624
135,T2,BESTEFFORT,COMPLETED,m8-1,32.895,"{'m1-1': 101.37, 'm2-1': 109.42, 'm3-1': 107.0, 'm4-1': 10.27, 'm5-1': 10.64, 'm6-1': 1.16, 'm7-1': 10.54, 'm8-1': 1.04}",1.56,82.73799999999997,83.77799999999998,inf,182.895,182.895
136,T4,BESTEFFORT,COMPLETED,m8-1,33.154,"{'m1-1': 104.69, 'm2-1': 113.12, 'm3-1': 109.58, 'm4-1': 9.88, 'm5-1': 10.01, 'm6-1': 1.14, 'm7-1': 10.49, 'm8-1': 1.05}",1.5750000000000002,83.77799999999998,84.82799999999997,inf,183.154,183.154
137,T1,BESTEFFORT,COMPLETED,m6-1,33.19,"{'m1-1': 102.13, 'm2-1': 114.47, 'm3-1': 100.21, 'm4-1': 10.52, 'm5-1': 10.47, 'm6-1': 1.12, 'm7-1': 10.6, 'm8-1': 1.01}",1.6800000000000002,56.28100000000003,57.401000000000025,inf,183.19,183.19
138,T2,BESTEFFORT,COMPLETED,m8-1,33.357,"{'m1-1': 112.74, 'm2-1': 100.64, 'm3-1': 105.51, 'm4-1': 10.55, 'm5-1': 10.85, 'm6-1': 1.15, 'm7-1': 9.7, 'm8-1': 1.08}",1.62,84.82799999999997,85.90799999999997,inf,183.357,183.357
139,T4,BESTEFFORT,COMPLETED,m8-1,33.859,"{'m1-1': 104.44, 'm2-1': 98.56, 'm3-1': 105.14, 'm4-1': 10.58, 'm5-1': 11.05, 'm6-1': 1.0, 'm7-1': 10.39, 'm8-1': 1.07}",1.605,85.90799999999997,86.97799999999997,inf,183.859,183.859
140,T1,BESTEFFORT,COMPLETED,m8-1,33.923,"{'m1-1': 107.04, 'm2-1': 109.44, 'm3-1': 114.66, 'm4-1': 9.98, 'm5-1': 10.46, 'm6-1': 1.12, 'm7-1': 10.08, 'm8-1': 1.01}",1.5150000000000001,86.97799999999997,87.98799999999997,inf,183.923,183.923
141,T2,BESTEFFORT,COMPLETED,m8-1,34.0,"{'m1-1': 113.98, 'm2-1': 109.16, 'm3-1': 104.28, 'm4-1': 10.07, 'm5-1': 11.34, 'm6-1': 1.13, 'm7-1': 10.6, 'm8-1': 1.05}",1.5750000000000002,87.98799999999997,89.03799999999997,inf,184.0,184.0
142,T1,BESTEFFORT,COMPLETED,m6-1,34.159,"{'m1-1': 103.23, 'm2-1': 111.52, 'm3-1': 117.09, 'm4-1': 9.45, 'm5-1': 9.8, 'm6-1': 1.0, 'm7-1': 10.42, 'm8-1': 1.12}",1.5,57.401000000000025,58.401000000000025,inf,184.159,184.159
143,T2,BESTEFFORT,COMPLETED,m8-1,34.211,"{'m1-1': 114.08, 'm2-1': 108.4, 'm3-1': 112.7, 'm4-1': 10.01, 'm5-1': 10.92, 'm6-1': 1.12, 'm7-1': 9.9, 'm8-1': 1.0}",1.5,89.03799999999997,90.03799999999997,inf,184.211,184.211
144,T2,BESTEFFORT,COMPLETED,m8-1,34.23,"{'m1-1': 100.75, 'm2-1': 97.32, 'm3-1': 103.26, 'm4-1': 10.59, 'm5-1': 11.04, 'm6-1': 1.04, 'm7-1': 9.79, 'm8-1': 1.06}",1.59,90.03799999999997,91.09799999999997,inf,184.23,184.23
145,T2,BESTEFFORT,COMPLETED,m8-1,34.403,"{'m1-1': 104.24, 'm2-1': 107.03, 'm3-1': 117.26, 'm4-1': 10.44, 'm5-1': 10.2, 'm6-1': 1.0, 'm7-1': 10.01, 'm8-1': 1.02}",1.53,91.09799999999997,92.11799999999997,inf,184.403,184.403
146,T2,BESTEFFORT,COMPLETED,m6-1,34.791,"{'m1-1': 110.15, 'm2-1': 109.63, 'm3-1': 117.51, 'm4-1': 11.03, 'm5-1': 11.68, 'm6-1': 1.06, 'm7-1': 9.28, 'm8-1': 0.94}",1.59,58.401000000000025,59.46100000000003,inf,184.791,184.791
147,T2,BESTEFFORT,COMPLETED,m8-1,34.934,"{'m1-1': 103.6, 'm2-1': 108.33, 'm3-1': 104.94, 'm4-1': 11.18, 'm5-1': 10.95, 'm6-1': 1.16, 'm7-1': 9.9, 'm8-1': 1.03}",1.545,92.11799999999997,93.14799999999997,inf,184.934,184.934
148,T2,BESTEFFORT,COMPLETED,m8-1,35.383,"{'m1-1': 108.48, 'm2-1': 102.88, 'm3-1': 105.79, 'm4-1': 11.44, 'm5-1': 11.41, 'm6-1': 1.16, 'm7-1': 10.92, 'm8-1': 0.98}",1.47,93.14799999999997,94.12799999999997,inf,185.383,185.383
149,T4,BESTEFFORT,COMPLETED,m8-1,35.594,"{'m1-1': 112.35, 'm2-1': 99.34, 'm3-1': 96.57, 'm4-1': 9.84, 'm5-1': 10.11, 'm6-1': 1.03, 'm7-1': 10.35, 'm8-1': 1.09}",1.6350000000000002,94.12799999999997,95.21799999999998,inf,185.594,185.594
150,T1,BESTEFFORT,COMPLETED,m6-1,35.847,"{'m1-1': 109.71, 'm2-1': 117.0, 'm3-1': 107.29, 'm4-1': 9.38, 'm5-1': 10.91, 'm6-1': 1.0, 'm7-1': 10.98, 'm8-1': 1.04}",1.5,59.46100000000003,60.46100000000003,inf,185.847,185.847
151,T4,BESTEFFORT,COMPLETED,m8-1,36.168,"{'m1-1': 101.44, 'm2-1': 107.22, 'm3-1': 97.86, 'm4-1': 10.88, 'm5-1': 10.88, 'm6-1': 1.02, 'm7-1': 10.26, 'm8-1': 1.08}",1.62,95.21799999999998,96.29799999999997,inf,186.168,186.168
152,T4,BESTEFFORT,COMPLETED,m6-1,36.466,"{'m1-1': 99.52, 'm2-1': 99.41, 'm3-1': 108.1, 'm4-1': 11.15, 'm5-1': 11.51, 'm6-1': 1.07, 'm7-1': 11.74, 'm8-1': 1.05}",1.605,60.46100000000003,61.53100000000003,inf,186.466,186.466
153,T1,BESTEFFORT,COMPLETED,m6-1,36.744,"{'m1-1': 108.54, 'm2-1': 109.66, 'm3-1': 103.96, 'm4-1': 10.6, 'm5-1': 10.22, 'm6-1': 1.0, 'm7-1': 11.18, 'm8-1': 1.12}",1.5,61.53100000000003,62.53100000000003,inf,186.744,186.744
154,T4,BESTEFFORT,COMPLETED,m8-1,37.064,"{'m1-1': 107.19, 'm2-1': 98.13, 'm3-1': 110.41, 'm4-1': 10.41, 'm5-1': 11.0, 'm6-1': 1.0, 'm7-1': 10.94, 'm8-1': 1.07}",1.605,96.29799999999997,97.36799999999997,inf,187.064,187.064
155,T2,BESTEFFORT,COMPLETED,m8-1,37.067,"{'m1-1': 112.88, 'm2-1': 106.91, 'm3-1': 108.98, 'm4-1': 11.18, 'm5-1': 10.33, 'm6-1': 1.15, 'm7-1': 9.87, 'm8-1': 0.97}",1.455,97.36799999999997,98.33799999999997,inf,187.067,187.067
156,T2,BESTEFFORT,COMPLETED,m8-1,37.432,"{'m1-1': 106.59, 'm2-1': 96.65, 'm3-1': 116.49, 'm4-1': 10.09, 'm5-1': 10.97, 'm6-1': 1.15, 'm7-1': 9.25, 'm8-1': 1.02}",1.53,98.33799999999997,99.35799999999996,inf,187.43200000000002,187.43200000000002
157,T4,BESTEFFORT,COMPLETED,m8-1,37.699,"{'m1-1': 98.36, 'm2-1': 100.96, 'm3-1': 101.49, 'm4-1': 11.61, 'm5-1': 11.75, 'm6-1': 1.11, 'm7-1': 11.08, 'm8-1': 1.05}",1.5750000000000002,99.35799999999996,100.40799999999996,inf,187.699,187.699
158,T1,BESTEFFORT,COMPLETED,m8-1,37.907,"{'m1-1': 100.84, 'm2-1': 114.33, 'm3-1': 115.13, 'm4-1': 9.62, 'm5-1': 9.52, 'm6-1': 1.01, 'm7-1': 10.96, 'm8-1': 1.16}",1.7399999999999998,100.40799999999996,101.56799999999996,inf,187.90699999999998,187.90699999999998
159,T4,BESTEFFORT,COMPLETED,m6-1,38.098,"{'m1-1': 98.38, 'm2-1': 111.26, 'm3-1': 94.12, 'm4-1': 10.34, 'm5-1': 11.59, 'm6-1': 1.05, 'm7-1': 11.38, 'm8-1': 0.99}",1.5750000000000002,62.53100000000003,63.581000000000024,inf,188.098,188.098
160,T4,BESTEFFORT,COMPLETED,m8-1,38.396,"{'m1-1': 99.14, 'm2-1': 111.17, 'm3-1': 98.32, 'm4-1': 11.36, 'm5-1': 10.18, 'm6-1': 1.02, 'm7-1': 11.73, 'm8-1': 1.11}",1.665,101.56799999999996,102.67799999999995,inf,188.39600000000002,188.39600000000002
161,T1,BESTEFFORT,COMPLETED,m6-1,38.481,"{'m1-1': 103.58, 'm2-1': 109.21, 'm3-1': 112.3, 'm4-1': 10.49, 'm5-1': 9.73, 'm6-1': 1.04, 'm7-1': 10.47, 'm8-1': 1.15}",1.56,63.581000000000024,64.62100000000002,inf,188.481,188.481
162,T1,BESTEFFORT,COMPLETED,m6-1,38.526,"{'m1-1': 109.6, 'm2-1': 98.62, 'm3-1': 100.56, 'm4-1': 10.22, 'm5-1': 9.63, 'm6-1': 0.95, 'm7-1': 10.22, 'm8-1': 1.05}",1.4249999999999998,64.62100000000002,65.57100000000003,inf,188.526,188.526
163,T3,BESTEFFORT,COMPLETED,m6-1,38.947,"{'m1-1': 98.14, 'm2-1': 98.92, 'm3-1': 116.82, 'm4-1': 10.03, 'm5-1': 10.17, 'm6-1': 0.97, 'm7-1': 10.04, 'm8-1': 1.05}",1.455,65.57100000000003,66.54100000000003,inf,188.947,188.947
164,T2,BESTEFFORT,COMPLETED,m8-1,39.203,"{'m1-1': 99.71, 'm2-1': 95.37, 'm3-1': 110.61, 'm4-1': 9.94, 'm5-1': 10.34, 'm6-1': 1.0, 'm7-1': 9.9, 'm8-1': 0.94}",1.41,102.67799999999995,103.61799999999995,inf,189.203,189.203
165,T3,BESTEFFORT,COMPLETED,m6-1,39.403,"{'m1-1': 100.51, 'm2-1': 108.12, 'm3-1': 101.39, 'm4-1': 10.24, 'm5-1': 10.54, 'm6-1': 1.01, 'm7-1': 9.9, 'm8-1': 0.98}",1.5150000000000001,66.54100000000003,67.55100000000003,inf,189.403,189.403
166,T3,BESTEFFORT,COMPLETED,m8-1,40.456,"{'m1-1': 108.18, 'm2-1': 101.24, 'm3-1': 105.93, 'm4-1': 10.59, 'm5-1': 9.72, 'm6-1': 1.07, 'm7-1': 10.84, 'm8-1': 1.04}",1.56,103.61799999999995,104.65799999999996,inf,190.45600000000002,190.45600000000002
167,T4,BESTEFFORT,COMPLETED,m8-1,40.487,"{'m1-1': 111.75, 'm2-1': 103.38, 'm3-1': 104.71, 'm4-1': 10.01, 'm5-1': 11.27, 'm6-1': 1.09, 'm7-1': 10.24, 'm8-1': 0.97}",1.455,104.65799999999996,105.62799999999996,inf,190.487,190.487
168,T3,BESTEFFORT,COMPLETED,m6-1,40.614,"{'m1-1': 103.01, 'm2-1': 104.57, 'm3-1': 113.28, 'm4-1': 10.76, 'm5-1': 10.87, 'm6-1': 1.02, 'm7-1': 11.08, 'm8-1': 1.09}",1.53,67.55100000000003,68.57100000000003,inf,190.614,190.614
169,T2,BESTEFFORT,COMPLETED,m8-1,40.696,"{'m1-1': 97.2, 'm2-1': 101.8, 'm3-1': 113.0, 'm4-1': 11.62, 'm5-1': 9.92, 'm6-1': 1.15, 'm7-1': 10.88, 'm8-1': 0.93}",1.395,105.62799999999996,106.55799999999996,inf,190.696,190.696
170,T2,BESTEFFORT,COMPLETED,m8-1,40.964,"{'m1-1': 109.42, 'm2-1': 100.51, 'm3-1': 113.02, 'm4-1': 10.09, 'm5-1': 10.34, 'm6-1': 1.11, 'm7-1': 9.82, 'm8-1': 1.02}",1.53,106.55799999999996,107.57799999999996,inf,190.964,190.964
171,T2,BESTEFFORT,COMPLETED,m8-1,41.052,"{'m1-1': 100.61, 'm2-1': 96.96, 'm3-1': 105.67, 'm4-1': 11.53, 'm5-1': 9.94, 'm6-1': 1.08, 'm7-1': 10.16, 'm8-1': 0.92}",1.3800000000000001,107.57799999999996,108.49799999999996,inf,191.052,191.052
172,T1,BESTEFFORT,COMPLETED,m6-1,41.112,"{'m1-1': 103.47, 'm2-1': 115.08, 'm3-1': 116.31, 'm4-1': 9.6, 'm5-1': 9.81, 'm6-1': 0.94, 'm7-1': 10.55, 'm8-1': 1.02}",1.41,68.57100000000003,69.51100000000002,inf,191.112,191.112
173,T2,BESTEFFORT,COMPLETED,m6-1,41.658,"{'m1-1': 103.27, 'm2-1': 98.1, 'm3-1': 117.35, 'm4-1': 10.86, 'm5-1': 10.28, 'm6-1': 1.01, 'm7-1': 9.89, 'm8-1': 0.97}",1.5150000000000001,69.51100000000002,70.52100000000003,inf,191.65800000000002,191.65800000000002
174,T3,BESTEFFORT,COMPLETED,m8-1,42.033,"{'m1-1': 115.4, 'm2-1': 113.41, 'm3-1': 112.67, 'm4-1': 11.42, 'm5-1': 10.71, 'm6-1': 1.01, 'm7-1': 10.16, 'm8-1': 1.02}",1.53,108.49799999999996,109.51799999999996,inf,192.03300000000002,192.03300000000002
175,T1,BESTEFFORT,COMPLETED,m6-1,42.156,"{'m1-1': 103.19, 'm2-1': 105.48, 'm3-1': 105.94, 'm4-1': 9.4, 'm5-1': 9.8, 'm6-1': 1.12, 'm7-1': 11.12, 'm8-1': 1.02}",1.6800000000000002,70.52100000000003,71.64100000000003,inf,192.156,192.156
176,T1,BESTEFFORT,COMPLETED,m6-1,42.75,"{'m1-1': 112.66, 'm2-1': 106.44, 'm3-1': 108.16, 'm4-1': 9.45, 'm5-1': 9.4, 'm6-1': 1.1, 'm7-1': 11.1, 'm8-1': 1.0}",1.6500000000000001,71.64100000000003,72.74100000000003,inf,192.75,192.75
177,T1,BESTEFFORT,COMPLETED,m6-1,42.806,"{'m1-1': 100.82, 'm2-1': 102.62, 'm3-1': 103.59, 'm4-1': 9.95, 'm5-1': 9.27, 'm6-1': 0.96, 'm7-1': 11.44, 'm8-1': 1.03}",1.44,72.74100000000003,73.70100000000002,inf,192.80599999999998,192.80599999999998
178,T1,BESTEFFORT,COMPLETED,m6-1,42.898,"{'m1-1': 108.79, 'm2-1': 108.51, 'm3-1': 111.53, 'm4-1': 10.32, 'm5-1': 10.41, 'm6-1': 0.95, 'm7-1': 10.12, 'm8-1': 1.08}",1.4249999999999998,73.70100000000002,74.65100000000002,inf,192.898,192.898
179,T4,BESTEFFORT,COMPLETED,m8-1,43.523,"{'m1-1': 106.38, 'm2-1': 114.42, 'm3-1': 97.86, 'm4-1': 9.99, 'm5-1': 11.45, 'm6-1': 1.09, 'm7-1': 9.93, 'm8-1': 1.05}",1.5750000000000002,109.51799999999996,110.56799999999996,inf,193.523,193.523
180,T2,BESTEFFORT,COMPLETED,m8-1,43.631,"{'m1-1': 114.13, 'm2-1': 102.88, 'm3-1': 103.1, 'm4-1': 11.49, 'm5-1': 10.97, 'm6-1': 1.08, 'm7-1': 10.34, 'm8-1': 1.08}",1.62,110.56799999999996,111.64799999999995,inf,193.631,193.631
181,T2,BESTEFFORT,COMPLETED,m8-1,43.699,"{'m1-1': 105.86, 'm2-1': 96.58, 'm3-1': 115.39, 'm4-1': 10.7, 'm5-1': 11.1, 'm6-1': 1.11, 'm7-1': 9.68, 'm8-1': 1.08}",1.62,111.64799999999995,112.72799999999995,inf,193.699,193.699
182,T4,BESTEFFORT,COMPLETED,m8-1,43.745,"{'m1-1': 102.41, 'm2-1': 112.78, 'm3-1': 105.16, 'm4-1': 10.46, 'm5-1': 11.34, 'm6-1': 1.12, 'm7-1': 11.78, 'm8-1': 1.12}",1.6800000000000002,112.72799999999995,113.84799999999996,inf,193.745,193.745
183,T3,BESTEFFORT,COMPLETED,m8-1,43.754,"{'m1-1': 102.95, 'm2-1': 111.43, 'm3-1': 101.04, 'm4-1': 11.42, 'm5-1': 11.21, 'm6-1': 0.97, 'm7-1': 10.98, 'm8-1': 1.03}",1.545,113.84799999999996,114.87799999999996,inf,193.754,193.754
184,T1,BESTEFFORT,COMPLETED,m6-1,43.796,"{'m1-1': 96.33, 'm2-1': 106.97, 'm3-1': 99.18, 'm4-1': 10.1, 'm5-1': 9.24, 'm6-1': 0.96, 'm7-1': 10.26, 'm8-1': 1.06}",1.44,74.65100000000002,75.61100000000002,inf,193.796,193.796
185,T1,BESTEFFORT,COMPLETED,m8-1,43.846,"{'m1-1': 107.7, 'm2-1': 116.93, 'm3-1': 107.73, 'm4-1': 9.58, 'm5-1': 10.07, 'm6-1': 0.96, 'm7-1': 11.5, 'm8-1': 1.01}",1.5150000000000001,114.87799999999996,115.88799999999996,inf,193.846,193.846
186,T2,BESTEFFORT,COMPLETED,m8-1,44.072,"{'m1-1': 99.35, 'm2-1': 110.23, 'm3-1': 107.66, 'm4-1': 10.83, 'm5-1': 11.69, 'm6-1': 1.12, 'm7-1': 10.77, 'm8-1': 0.98}",1.47,115.88799999999996,116.86799999999997,inf,194.072,194.072
187,T1,BESTEFFORT,COMPLETED,m6-1,44.19,"{'m1-1': 97.75, 'm2-1': 98.78, 'm3-1': 103.04, 'm4-1': 9.52, 'm5-1': 9.27, 'm6-1': 0.94, 'm7-1': 9.92, 'm8-1': 1.08}",1.41,75.61100000000002,76.55100000000002,inf,194.19,194.19
188,T4,BESTEFFORT,COMPLETED,m8-1,44.321,"{'m1-1': 115.65, 'm2-1': 104.79, 'm3-1': 101.47, 'm4-1': 11.1, 'm5-1': 11.3, 'm6-1': 1.0, 'm7-1': 11.38, 'm8-1': 1.0}",1.5,116.86799999999997,117.86799999999997,inf,194.321,194.321
189,T4,BESTEFFORT,COMPLETED,m8-1,44.418,"{'m1-1': 104.57, 'm2-1': 99.32, 'm3-1': 97.95, 'm4-1': 10.64, 'm5-1': 11.49, 'm6-1': 1.15, 'm7-1': 11.65, 'm8-1': 1.08}",1.62,117.86799999999997,118.94799999999996,inf,194.418,194.418
190,T4,BESTEFFORT,COMPLETED,m8-1,44.427,"{'m1-1': 100.24, 'm2-1': 99.03, 'm3-1': 96.44, 'm4-1': 10.82, 'm5-1': 11.9, 'm6-1': 1.01, 'm7-1': 9.94, 'm8-1': 0.99}",1.4849999999999999,118.94799999999996,119.93799999999996,inf,194.427,194.427
191,T4,BESTEFFORT,COMPLETED,m8-1,44.739,"{'m1-1': 104.25, 'm2-1': 101.09, 'm3-1': 102.18, 'm4-1': 9.86, 'm5-1': 10.7, 'm6-1': 1.15, 'm7-1': 10.92, 'm8-1': 0.96}",1.44,119.93799999999996,120.89799999999995,inf,194.739,194.739
192,T1,BESTEFFORT,COMPLETED,m6-1,44.949,"{'m1-1': 107.79, 'm2-1': 108.84, 'm3-1': 102.33, 'm4-1': 10.39, 'm5-1': 9.3, 'm6-1': 1.03, 'm7-1': 11.11, 'm8-1': 1.14}",1.545,76.55100000000002,77.58100000000002,inf,194.949,194.949
193,T1,BESTEFFORT,COMPLETED,m6-1,45.013,"{'m1-1': 104.96, 'm2-1': 106.66, 'm3-1': 110.13, 'm4-1': 10.48, 'm5-1': 10.32, 'm6-1': 0.99, 'm7-1': 9.72, 'm8-1': 1.03}",1.4849999999999999,77.58100000000002,78.57100000000001,inf,195.013,195.013
194,T1,BESTEFFORT,COMPLETED,m6-1,45.593,"{'m1-1': 103.99, 'm2-1': 101.38, 'm3-1': 114.47, 'm4-1': 10.54, 'm5-1': 10.32, 'm6-1': 1.02, 'm7-1': 11.24, 'm8-1': 1.0}",1.53,78.57100000000001,79.59100000000001,inf,195.59300000000002,195.59300000000002
195,T4,BESTEFFORT,COMPLETED,m8-1,46.007,"{'m1-1': 108.36, 'm2-1': 107.66, 'm3-1': 96.74, 'm4-1': 11.36, 'm5-1': 11.08, 'm6-1': 1.12, 'm7-1': 11.25, 'm8-1': 1.09}",1.6350000000000002,120.89799999999995,121.98799999999996,inf,196.007,196.007
196,T3,BESTEFFORT,COMPLETED,m8-1,46.137,"{'m1-1': 116.11, 'm2-1': 97.48, 'm3-1': 99.72, 'm4-1': 11.09, 'm5-1': 10.51, 'm6-1': 1.13, 'm7-1': 9.99, 'm8-1': 1.05}",1.5750000000000002,121.98799999999996,123.03799999999995,inf,196.137,196.137
197,T1,BESTEFFORT,COMPLETED,m6-1,46.209,"{'m1-1': 104.99, 'm2-1': 104.46, 'm3-1': 99.52, 'm4-1': 10.63, 'm5-1': 10.91, 'm6-1': 1.06, 'm7-1': 11.41, 'm8-1': 1.03}",1.59,79.59100000000001,80.65100000000001,inf,196.209,196.209
198,T4,BESTEFFORT,COMPLETED,m8-1,46.308,"{'m1-1': 111.13, 'm2-1': 107.72, 'm3-1': 109.92, 'm4-1': 11.45, 'm5-1': 11.33, 'm6-1': 1.06, 'm7-1': 10.9, 'm8-1': 1.11}",1.665,123.03799999999995,124.14799999999995,inf,196.308,196.308
199,T4,BESTEFFORT,COMPLETED,m8-1,46.346,"{'m1-1': 115.53, 'm2-1': 102.22, 'm3-1': 93.36, 'm4-1': 10.62, 'm5-1': 10.37, 'm6-1': 1.1, 'm7-1': 10.59, 'm8-1': 1.02}",1.53,124.14799999999995,125.16799999999995,inf,196.346,196.346
200,T2,BESTEFFORT,COMPLETED,m8-1,46.582,"{'m1-1': 108.3, 'm2-1': 107.31, 'm3-1': 105.51, 'm4-1': 10.51, 'm5-1': 11.59, 'm6-1': 1.16, 'm7-1': 10.62, 'm8-1': 1.04}",1.56,125.16799999999995,126.20799999999996,inf,196.582,196.582
201,T2,BESTEFFORT,COMPLETED,m8-1,46.611,"{'m1-1': 106.38, 'm2-1': 100.19, 'm3-1': 106.34, 'm4-1': 10.99, 'm5-1': 11.28, 'm6-1': 1.02, 'm7-1': 10.49, 'm8-1': 1.06}",1.59,126.20799999999996,127.26799999999996,inf,196.611,196.611
202,T2,BESTEFFORT,COMPLETED,m8-1,46.623,"{'m1-1': 103.64, 'm2-1': 101.65, 'm3-1': 113.62, 'm4-1': 10.86, 'm5-1': 11.33, 'm6-1': 1.18, 'm7-1': 10.13, 'm8-1': 1.03}",1.545,127.26799999999996,128.29799999999994,inf,196.623,196.623
203,T3,BESTEFFORT,COMPLETED,m6-1,46.913,"{'m1-1': 108.94, 'm2-1': 110.9, 'm3-1': 102.68, 'm4-1': 11.13, 'm5-1': 10.46, 'm6-1': 0.96, 'm7-1': 11.6, 'm8-1': 0.99}",1.44,80.65100000000001,81.611,inf,196.913,196.913
204,T4,BESTEFFORT,COMPLETED,m8-1,47.111,"{'m1-1': 109.1, 'm2-1': 102.78, 'm3-1': 102.0, 'm4-1': 10.52, 'm5-1': 10.14, 'm6-1': 1.03, 'm7-1': 10.74, 'm8-1': 1.03}",1.545,128.29799999999994,129.32799999999995,inf,197.111,197.111
205,T2,BESTEFFORT,COMPLETED,m8-1,47.688,"{'m1-1': 109.97, 'm2-1': 109.48, 'm3-1': 108.95, 'm4-1': 10.6, 'm5-1': 10.91, 'm6-1': 1.12, 'm7-1': 10.8, 'm8-1': 0.98}",1.47,129.32799999999995,130.30799999999994,inf,197.688,197.688
206,T3,BESTEFFORT,COMPLETED,m8-1,47.76,"{'m1-1': 101.3, 'm2-1': 100.08, 'm3-1': 104.67, 'm4-1': 10.44, 'm5-1': 9.98, 'm6-1': 0.96, 'm7-1': 11.39, 'm8-1': 0.99}",1.4849999999999999,130.30799999999994,131.29799999999994,inf,197.76,197.76
207,T3,BESTEFFORT,COMPLETED,m6-1,48.384,"{'m1-1': 107.46, 'm2-1': 105.64, 'm3-1': 106.0, 'm4-1': 10.72, 'm5-1': 11.14, 'm6-1': 1.0, 'm7-1': 10.25, 'm8-1': 0.96}",1.5,81.611,82.611,inf,198.38400000000001,198.38400000000001
208,T1,BESTEFFORT,COMPLETED,m6-1,48.799,"{'m1-1': 111.37, 'm2-1': 109.88, 'm3-1': 100.43, 'm4-1': 10.48, 'm5-1': 10.35, 'm6-1': 0.96, 'm7-1': 11.35, 'm8-1': 1.03}",1.44,82.611,83.571,inf,198.799,198.799
209,T1,BESTEFFORT,COMPLETED,m6-1,49.068,"{'m1-1': 94.99, 'm2-1': 105.85, 'm3-1': 103.18, 'm4-1': 10.36, 'm5-1': 10.24, 'm6-1': 1.08, 'm7-1': 10.66, 'm8-1': 1.1}",1.62,83.571,84.651,inf,199.06799999999998,199.06799999999998
210,T4,BESTEFFORT,COMPLETED,m8-1,49.713,"{'m1-1': 107.33, 'm2-1': 106.66, 'm3-1': 104.2, 'm4-1': 10.04, 'm5-1': 10.11, 'm6-1': 1.12, 'm7-1': 11.77, 'm8-1': 1.11}",1.665,131.29799999999994,132.40799999999996,inf,199.713,199.713
211,T4,BESTEFFORT,COMPLETED,m6-1,49.921,"{'m1-1': 113.08, 'm2-1': 104.26, 'm3-1': 102.75, 'm4-1': 11.56, 'm5-1': 10.6, 'm6-1': 1.05, 'm7-1': 10.06, 'm8-1': 0.96}",1.5750000000000002,84.651,85.701,inf,199.921,199.921
212,T4,BESTEFFORT,COMPLETED,m8-1,49.946,"{'m1-1': 116.15, 'm2-1': 100.57, 'm3-1': 105.63, 'm4-1': 11.03, 'm5-1': 10.68, 'm6-1': 1.07, 'm7-1': 10.96, 'm8-1': 1.03}",1.545,132.40799999999996,133.43799999999996,inf,199.946,199.946
213,T2,BESTEFFORT,COMPLETED,m8-1,50.218,"{'m1-1': 106.23, 'm2-1': 112.82, 'm3-1': 105.3, 'm4-1': 10.79, 'm5-1': 10.21, 'm6-1': 1.07, 'm7-1': 9.3, 'm8-1': 1.08}",1.62,133.43799999999996,134.51799999999997,inf,200.21800000000002,200.21800000000002
214,T3,BESTEFFORT,COMPLETED,m6-1,50.394,"{'m1-1': 107.88, 'm2-1': 106.84, 'm3-1': 107.22, 'm4-1': 11.68, 'm5-1': 10.2, 'm6-1': 0.98, 'm7-1': 11.14, 'm8-1': 1.03}",1.47,85.701,86.681,inf,200.394,200.394
215,T1,BESTEFFORT,COMPLETED,m6-1,50.485,"{'m1-1': 104.96, 'm2-1': 112.3, 'm3-1': 114.41, 'm4-1': 10.69, 'm5-1': 9.47, 'm6-1': 1.02, 'm7-1': 10.06, 'm8-1': 1.18}",1.53,86.681,87.701,inf,200.485,200.485
216,T2,BESTEFFORT,COMPLETED,m6-1,50.654,"{'m1-1': 102.22, 'm2-1': 109.63, 'm3-1': 110.24, 'm4-1': 11.27, 'm5-1': 10.09, 'm6-1': 1.09, 'm7-1': 9.71, 'm8-1': 0.98}",1.6350000000000002,87.701,88.791,inf,200.654,200.654
217,T4,BESTEFFORT,COMPLETED,m8-1,50.937,"{'m1-1': 113.18, 'm2-1': 103.92, 'm3-1': 97.36, 'm4-1': 10.56, 'm5-1': 11.3, 'm6-1': 1.07, 'm7-1': 10.72, 'm8-1': 1.03}",1.545,134.51799999999997,135.54799999999997,inf,200.937,200.937
218,T2,BESTEFFORT,COMPLETED,m8-1,51.079,"{'m1-1': 109.08, 'm2-1': 109.69, 'm3-1': 118.79, 'm4-1': 10.27, 'm5-1': 10.48, 'm6-1': 1.09, 'm7-1': 9.3, 'm8-1': 1.03}",1.545,135.54799999999997,136.57799999999997,inf,201.079,201.079
219,T1,BESTEFFORT,COMPLETED,m6-1,51.407,"{'m1-1': 94.91, 'm2-1': 108.42, 'm3-1': 116.28, 'm4-1': 10.0, 'm5-1': 10.41, 'm6-1': 0.99, 'm7-1': 11.48, 'm8-1': 1.15}",1.4849999999999999,88.791,89.78099999999999,inf,201.40699999999998,201.40699999999998
220,T1,BESTEFFORT,COMPLETED,m6-1,51.511,"{'m1-1': 95.83, 'm2-1': 103.82, 'm3-1': 101.53, 'm4-1': 9.82, 'm5-1': 10.96, 'm6-1': 1.02, 'm7-1': 11.51, 'm8-1': 1.1}",1.53,89.78099999999999,90.80099999999999,inf,201.511,201.511
221,T2,BESTEFFORT,COMPLETED,m8-1,51.54,"{'m1-1': 104.46, 'm2-1': 107.24, 'm3-1': 112.23, 'm4-1': 10.27, 'm5-1': 10.07, 'm6-1': 1.07, 'm7-1': 9.68, 'm8-1': 0.96}",1.44,136.57799999999997,137.53799999999998,inf,201.54,201.54
222,T4,BESTEFFORT,COMPLETED,m8-1,52.009,"{'m1-1': 102.42, 'm2-1': 100.88, 'm3-1': 105.23, 'm4-1': 11.02, 'm5-1': 11.48, 'm6-1': 1.17, 'm7-1': 10.85, 'm8-1': 1.12}",1.6800000000000002,137.53799999999998,138.658,inf,202.00900000000001,202.00900000000001
223,T4,BESTEFFORT,COMPLETED,m8-1,52.219,"{'m1-1': 99.31, 'm2-1': 110.14, 'm3-1': 104.78, 'm4-1': 10.39, 'm5-1': 11.79, 'm6-1': 1.16, 'm7-1': 11.75, 'm8-1': 1.02}",1.53,138.658,139.678,inf,202.219,202.219
224,T2,BESTEFFORT,COMPLETED,m8-1,52.914,"{'m1-1': 99.88, 'm2-1': 98.1, 'm3-1': 118.21, 'm4-1': 10.52, 'm5-1': 11.4, 'm6-1': 1.02, 'm7-1': 10.07, 'm8-1': 1.0}",1.5,139.678,140.678,inf,202.914,202.914
225,T1,BESTEFFORT,COMPLETED,m6-1,53.068,"{'m1-1': 97.3, 'm2-1': 109.83, 'm3-1': 111.98, 'm4-1': 10.13, 'm5-1': 9.58, 'm6-1': 1.09, 'm7-1': 9.85, 'm8-1': 1.13}",1.6350000000000002,90.80099999999999,91.89099999999999,inf,203.06799999999998,203.06799999999998
226,T1,BESTEFFORT,COMPLETED,m6-1,53.869,"{'m1-1': 108.51, 'm2-1': 104.47, 'm3-1': 114.68, 'm4-1': 10.03, 'm5-1': 9.71, 'm6-1': 1.12, 'm7-1': 10.27, 'm8-1': 1.14}",1.6800000000000002,91.89099999999999,93.011,inf,203.869,203.869
227,T4,BESTEFFORT,COMPLETED,m8-1,54.47,"{'m1-1': 105.76, 'm2-1': 97.79, 'm3-1': 95.06, 'm4-1': 10.0, 'm5-1': 11.65, 'm6-1': 1.07, 'm7-1': 11.48, 'm8-1': 1.11}",1.665,140.678,141.788,inf,204.47,204.47
228,T2,BESTEFFORT,COMPLETED,m8-1,54.859,"{'m1-1': 104.85, 'm2-1': 98.4, 'm3-1': 110.11, 'm4-1': 11.27, 'm5-1': 10.42, 'm6-1': 1.18, 'm7-1': 9.82, 'm8-1': 1.08}",1.62,141.788,142.86800000000002,inf,204.859,204.859
229,T3,BESTEFFORT,COMPLETED,m6-1,54.993,"{'m1-1': 99.15, 'm2-1': 106.86, 'm3-1': 112.18, 'm4-1': 11.24, 'm5-1': 10.06, 'm6-1': 1.01, 'm7-1': 10.13, 'm8-1': 0.98}",1.5150000000000001,93.011,94.021,inf,204.993,204.993
230,T2,BESTEFFORT,COMPLETED,m8-1,55.36,"{'m1-1': 112.74, 'm2-1': 100.04, 'm3-1': 105.69, 'm4-1': 11.66, 'm5-1': 10.68, 'm6-1': 1.14, 'm7-1': 9.36, 'm8-1': 1.0}",1.5,142.86800000000002,143.86800000000002,inf,205.36,205.36
231,T2,BESTEFFORT,COMPLETED,m8-1,55.517,"{'m1-1': 97.67, 'm2-1': 106.39, 'm3-1': 100.98, 'm4-1': 10.62, 'm5-1': 10.25, 'm6-1': 1.03, 'm7-1': 9.87, 'm8-1': 1.06}",1.59,143.86800000000002,144.92800000000003,inf,205.517,205.517
232,T4,BESTEFFORT,COMPLETED,m8-1,55.594,"{'m1-1': 112.19, 'm2-1': 98.59, 'm3-1': 98.84, 'm4-1': 11.53, 'm5-1': 11.27, 'm6-1': 1.17, 'm7-1': 11.71, 'm8-1': 1.05}",1.5750000000000002,144.92800000000003,145.97800000000004,inf,205.594,205.594
233,T4,BESTEFFORT,COMPLETED,m8-1,55.925,"{'m1-1': 105.9, 'm2-1': 103.12, 'm3-1': 93.51, 'm4-1': 10.13, 'm5-1': 11.65, 'm6-1': 1.15, 'm7-1': 11.35, 'm8-1': 1.11}",1.665,145.97800000000004,147.08800000000005,inf,205.925,205.925
234,T3,BESTEFFORT,COMPLETED,m8-1,56.142,"{'m1-1': 98.81, 'm2-1': 107.55, 'm3-1': 99.92, 'm4-1': 11.8, 'm5-1': 10.8, 'm6-1': 1.14, 'm7-1': 10.43, 'm8-1': 1.08}",1.62,147.08800000000005,148.16800000000006,inf,206.142,206.142
235,T4,BESTEFFORT,COMPLETED,m6-1,56.611,"{'m1-1': 99.82, 'm2-1': 106.16, 'm3-1': 103.36, 'm4-1': 11.63, 'm5-1': 11.86, 'm6-1': 1.06, 'm7-1': 11.66, 'm8-1': 1.1}",1.59,94.021,95.081,inf,206.611,206.611
236,T1,BESTEFFORT,COMPLETED,m6-1,56.648,"{'m1-1': 98.45, 'm2-1': 99.24, 'm3-1': 102.7, 'm4-1': 9.78, 'm5-1': 10.37, 'm6-1': 1.07, 'm7-1': 10.36, 'm8-1': 1.04}",1.605,95.081,96.151,inf,206.648,206.648
237,T2,BESTEFFORT,COMPLETED,m8-1,56.786,"{'m1-1': 102.74, 'm2-1': 111.13, 'm3-1': 100.19, 'm4-1': 10.69, 'm5-1': 10.61, 'm6-1': 1.16, 'm7-1': 10.53, 'm8-1': 0.95}",1.4249999999999998,148.16800000000006,149.11800000000005,inf,206.786,206.786
238,T1,BESTEFFORT,COMPLETED,m6-1,56.792,"{'m1-1': 95.69, 'm2-1': 106.51, 'm3-1': 102.9, 'm4-1': 9.66, 'm5-1': 9.43, 'm6-1': 1.06, 'm7-1': 10.71, 'm8-1': 1.07}",1.59,96.151,97.211,inf,206.792,206.792
239,T4,BESTEFFORT,COMPLETED,m8-1,57.158,"{'m1-1': 105.25, 'm2-1': 106.9, 'm3-1': 105.4, 'm4-1': 11.42, 'm5-1': 11.07, 'm6-1': 1.15, 'm7-1': 11.46, 'm8-1': 1.07}",1.605,149.11800000000005,150.18800000000005,inf,207.15800000000002,207.15800000000002
240,T3,BESTEFFORT,COMPLETED,m8-1,57.168,"{'m1-1': 108.6, 'm2-1': 96.9, 'm3-1': 109.1, 'm4-1': 11.07, 'm5-1': 10.63, 'm6-1': 1.06, 'm7-1': 10.17, 'm8-1': 1.1}",1.6500000000000001,150.18800000000005,151.28800000000004,inf,207.168,207.168
241,T3,BESTEFFORT,COMPLETED,m6-1,57.184,"{'m1-1': 107.54, 'm2-1': 112.26, 'm3-1': 103.07, 'm4-1': 11.78, 'm5-1': 10.65, 'm6-1': 1.09, 'm7-1': 11.17, 'm8-1': 1.13}",1.6350000000000002,97.211,98.301,inf,207.184,207.184
242,T3,BESTEFFORT,COMPLETED,m6-1,57.317,"{'m1-1': 110.87, 'm2-1': 103.02, 'm3-1': 104.68, 'm4-1': 11.29, 'm5-1': 10.68, 'm6-1': 1.0, 'm7-1': 10.23, 'm8-1': 1.13}",1.5,98.301,99.301,inf,207.317,207.317
243,T3,BESTEFFORT,COMPLETED,m6-1,57.691,"{'m1-1': 108.96, 'm2-1': 111.54, 'm3-1': 112.61, 'm4-1': 10.36, 'm5-1': 11.31, 'm6-1': 1.06, 'm7-1': 11.2, 'm8-1': 1.02}",1.59,99.301,100.361,inf,207.691,207.691
244,T1,BESTEFFORT,COMPLETED,m6-1,57.823,"{'m1-1': 95.23, 'm2-1': 116.24, 'm3-1': 106.63, 'm4-1': 9.55, 'm5-1': 9.82, 'm6-1': 1.01, 'm7-1': 11.4, 'm8-1': 1.02}",1.5150000000000001,100.361,101.37100000000001,inf,207.823,207.823
245,T2,BESTEFFORT,COMPLETED,m8-1,58.37,"{'m1-1': 97.99, 'm2-1': 100.35, 'm3-1': 117.62, 'm4-1': 10.24, 'm5-1': 10.43, 'm6-1': 1.17, 'm7-1': 10.69, 'm8-1': 0.95}",1.4249999999999998,151.28800000000004,152.23800000000003,inf,208.37,208.37
246,T2,BESTEFFORT,COMPLETED,m8-1,59.34,"{'m1-1': 106.36, 'm2-1': 107.83, 'm3-1': 108.6, 'm4-1': 10.37, 'm5-1': 10.53, 'm6-1': 1.07, 'm7-1': 10.88, 'm8-1': 0.93}",1.395,152.23800000000003,153.16800000000003,inf,209.34,209.34
247,T1,BESTEFFORT,COMPLETED,m6-1,59.583,"{'m1-1': 104.86, 'm2-1': 110.16, 'm3-1': 105.48, 'm4-1': 9.5, 'm5-1': 10.58, 'm6-1': 1.01, 'm7-1': 9.84, 'm8-1': 1.08}",1.5150000000000001,101.37100000000001,102.38100000000001,inf,209.583,209.583
248,T1,BESTEFFORT,COMPLETED,m6-1,59.8,"{'m1-1': 109.22, 'm2-1': 107.3, 'm3-1': 113.88, 'm4-1': 9.58, 'm5-1': 10.89, 'm6-1': 1.09, 'm7-1': 10.62, 'm8-1': 1.14}",1.6350000000000002,102.38100000000001,103.47100000000002,inf,209.8,209.8
249,T2,BESTEFFORT,COMPLETED,m8-1,59.934,"{'m1-1': 98.99, 'm2-1': 99.52, 'm3-1': 113.08, 'm4-1': 10.2, 'm5-1': 11.62, 'm6-1': 1.05, 'm7-1': 10.43, 'm8-1': 0.97}",1.455,153.16800000000003,154.13800000000003,inf,209.934,209.934
250,T3,BESTEFFORT,COMPLETED,m8-1,60.122,"{'m1-1': 110.53, 'm2-1': 106.11, 'm3-1': 111.44, 'm4-1': 10.6, 'm5-1': 10.31, 'm6-1': 1.07, 'm7-1': 10.6, 'm8-1': 1.0}",1.5,154.13800000000003,155.13800000000003,inf,210.122,210.122
251,T2,BESTEFFORT,COMPLETED,m8-1,60.385,"{'m1-1': 97.8, 'm2-1': 106.18, 'm3-1': 118.26, 'm4-1': 11.05, 'm5-1': 11.2, 'm6-1': 1.1, 'm7-1': 9.62, 'm8-1': 1.0}",1.5,155.13800000000003,156.13800000000003,inf,210.385,210.385
252,T2,BESTEFFORT,COMPLETED,m8-1,60.489,"{'m1-1': 102.22, 'm2-1': 108.3, 'm3-1': 109.36, 'm4-1': 10.09, 'm5-1': 11.56, 'm6-1': 1.16, 'm7-1': 9.9, 'm8-1': 1.04}",1.56,156.13800000000003,157.17800000000003,inf,210.489,210.489
253,T4,BESTEFFORT,COMPLETED,m8-1,60.567,"{'m1-1': 108.38, 'm2-1': 113.83, 'm3-1': 106.46, 'm4-1': 10.3, 'm5-1': 10.51, 'm6-1': 1.06, 'm7-1': 10.01, 'm8-1': 1.01}",1.5150000000000001,157.17800000000003,158.18800000000002,inf,210.567,210.567
254,T2,BESTEFFORT,COMPLETED,m8-1,60.692,"{'m1-1': 102.29, 'm2-1': 101.65, 'm3-1': 107.9, 'm4-1': 11.18, 'm5-1': 10.06, 'm6-1': 1.14, 'm7-1': 9.37, 'm8-1': 0.98}",1.47,158.18800000000002,159.168,inf,210.692,210.692
255,T3,BESTEFFORT,COMPLETED,m6-1,60.776,"{'m1-1': 110.05, 'm2-1': 100.67, 'm3-1': 100.46, 'm4-1': 10.82, 'm5-1': 10.32, 'm6-1': 1.03, 'm7-1': 11.38, 'm8-1': 1.11}",1.545,103.47100000000002,104.50100000000002,inf,210.776,210.776
256,T2,BESTEFFORT,COMPLETED,m8-1,61.327,"{'m1-1': 100.0, 'm2-1': 112.22, 'm3-1': 115.24, 'm4-1': 11.4, 'm5-1': 10.03, 'm6-1': 1.16, 'm7-1': 10.68, 'm8-1': 1.05}",1.5750000000000002,159.168,160.21800000000002,inf,211.327,211.327
257,T4,BESTEFFORT,COMPLETED,m6-1,61.508,"{'m1-1': 108.34, 'm2-1': 114.0, 'm3-1': 106.89, 'm4-1': 10.54, 'm5-1': 10.74, 'm6-1': 1.09, 'm7-1': 10.72, 'm8-1': 1.06}",1.6350000000000002,104.50100000000002,105.59100000000002,inf,211.508,211.508
258,T3,BESTEFFORT,COMPLETED,m8-1,61.901,"{'m1-1': 111.11, 'm2-1': 110.48, 'm3-1': 117.27, 'm4-1': 11.66, 'm5-1': 10.26, 'm6-1': 1.06, 'm7-1': 10.85, 'm8-1': 0.96}",1.44,160.21800000000002,161.17800000000003,inf,211.901,211.901
259,T1,BESTEFFORT,COMPLETED,m6-1,61.928,"{'m1-1': 96.08, 'm2-1': 105.45, 'm3-1': 107.04, 'm4-1': 10.22, 'm5-1': 10.03, 'm6-1': 1.12, 'm7-1': 11.05, 'm8-1': 1.18}",1.6800000000000002,105.59100000000002,106.71100000000003,inf,211.928,211.928
260,T1,BESTEFFORT,COMPLETED,m8-1,62.204,"{'m1-1': 106.67, 'm2-1': 106.54, 'm3-1': 112.54, 'm4-1': 10.16, 'm5-1': 10.94, 'm6-1': 1.07, 'm7-1': 10.82, 'm8-1': 1.07}",1.605,161.17800000000003,162.24800000000002,inf,212.204,212.204
261,T3,BESTEFFORT,COMPLETED,m8-1,62.341,"{'m1-1': 99.24, 'm2-1': 110.55, 'm3-1': 114.83, 'm4-1': 11.2, 'm5-1': 11.18, 'm6-1': 1.12, 'm7-1': 11.17, 'm8-1': 1.01}",1.5150000000000001,162.24800000000002,163.258,inf,212.341,212.341
262,T4,BESTEFFORT,COMPLETED,m8-1,62.927,"{'m1-1': 111.13, 'm2-1': 100.25, 'm3-1': 106.84, 'm4-1': 11.11, 'm5-1': 10.84, 'm6-1': 1.15, 'm7-1': 10.28, 'm8-1': 1.11}",1.665,163.258,164.36800000000002,inf,212.927,212.927
263,T3,BESTEFFORT,COMPLETED,m8-1,63.562,"{'m1-1': 99.31, 'm2-1': 102.12, 'm3-1': 113.15, 'm4-1': 11.04, 'm5-1': 10.67, 'm6-1': 1.1, 'm7-1': 11.38, 'm8-1': 1.12}",1.6800000000000002,164.36800000000002,165.48800000000003,inf,213.562,213.562
264,T2,BESTEFFORT,COMPLETED,m8-1,63.729,"{'m1-1': 98.28, 'm2-1': 100.04, 'm3-1': 109.14, 'm4-1': 10.57, 'm5-1': 10.74, 'm6-1': 1.03, 'm7-1': 10.09, 'm8-1': 0.98}",1.47,165.48800000000003,166.46800000000002,inf,213.72899999999998,213.72899999999998
265,T2,BESTEFFORT,COMPLETED,m8-1,64.183,"{'m1-1': 100.39, 'm2-1': 110.11, 'm3-1': 105.04, 'm4-1': 10.24, 'm5-1': 10.29, 'm6-1': 1.13, 'm7-1': 10.89, 'm8-1': 0.95}",1.4249999999999998,166.46800000000002,167.418,inf,214.183,214.183
266,T4,BESTEFFORT,COMPLETED,m8-1,64.268,"{'m1-1': 115.22, 'm2-1': 108.82, 'm3-1': 106.26, 'm4-1': 11.15, 'm5-1': 11.74, 'm6-1': 1.07, 'm7-1': 11.44, 'm8-1': 1.1}",1.6500000000000001,167.418,168.518,inf,214.268,214.268
267,T2,BESTEFFORT,COMPLETED,m8-1,64.614,"{'m1-1': 102.49, 'm2-1': 101.84, 'm3-1': 109.36, 'm4-1': 10.5, 'm5-1': 11.44, 'm6-1': 1.14, 'm7-1': 9.66, 'm8-1': 1.0}",1.5,168.518,169.518,inf,214.614,214.614
268,T1,BESTEFFORT,COMPLETED,m6-1,64.676,"{'m1-1': 111.84, 'm2-1': 106.8, 'm3-1': 115.95, 'm4-1': 10.61, 'm5-1': 9.6, 'm6-1': 0.97, 'm7-1': 11.04, 'm8-1': 1.08}",1.455,106.71100000000003,107.68100000000003,inf,214.676,214.676
269,T3,BESTEFFORT,COMPLETED,m8-1,64.922,"{'m1-1': 102.67, 'm2-1': 107.16, 'm3-1': 111.62, 'm4-1': 10.47, 'm5-1': 10.11, 'm6-1': 0.99, 'm7-1': 10.52, 'm8-1': 1.1}",1.6500000000000001,169.518,170.618,inf,214.922,214.922
270,T2,BESTEFFORT,COMPLETED,m6-1,65.28,"{'m1-1': 112.74, 'm2-1': 96.39, 'm3-1': 118.61, 'm4-1': 10.0, 'm5-1': 10.15, 'm6-1': 1.01, 'm7-1': 10.41, 'm8-1': 0.93}",1.5150000000000001,107.68100000000003,108.69100000000003,inf,215.28,215.28
271,T4,BESTEFFORT,COMPLETED,m6-1,65.304,"{'m1-1': 114.62, 'm2-1': 110.52, 'm3-1': 93.46, 'm4-1': 10.5, 'm5-1': 10.68, 'm6-1': 1.04, 'm7-1': 11.48, 'm8-1': 1.1}",1.56,108.69100000000003,109.73100000000004,inf,215.304,215.304
272,T2,BESTEFFORT,COMPLETED,m8-1,65.326,"{'m1-1': 103.74, 'm2-1': 101.08, 'm3-1': 118.37, 'm4-1': 11.25, 'm5-1': 10.59, 'm6-1': 1.0, 'm7-1': 9.28, 'm8-1': 0.98}",1.47,170.618,171.59799999999998,inf,215.326,215.326
273,T3,BESTEFFORT,COMPLETED,m6-1,65.551,"{'m1-1': 100.77, 'm2-1': 100.39, 'm3-1': 105.05, 'm4-1': 11.41, 'm5-1': 9.78, 'm6-1': 1.01, 'm7-1': 11.06, 'm8-1': 1.1}",1.5150000000000001,109.73100000000004,110.74100000000004,inf,215.551,215.551
274,T1,BESTEFFORT,COMPLETED,m6-1,65.637,"{'m1-1': 105.15, 'm2-1': 108.83, 'm3-1': 104.64, 'm4-1': 10.52, 'm5-1': 9.61, 'm6-1': 1.09, 'm7-1': 10.49, 'm8-1': 1.01}",1.6350000000000002,110.74100000000004,111.83100000000005,inf,215.637,215.637
275,T1,BESTEFFORT,COMPLETED,m6-1,65.698,"{'m1-1': 112.55, 'm2-1': 105.63, 'm3-1': 109.02, 'm4-1': 10.97, 'm5-1': 10.86, 'm6-1': 1.11, 'm7-1': 11.48, 'm8-1': 1.18}",1.665,111.83100000000005,112.94100000000005,inf,215.69799999999998,215.69799999999998
276,T3,BESTEFFORT,COMPLETED,m6-1,67.551,"{'m1-1': 106.02, 'm2-1': 97.65, 'm3-1': 104.18, 'm4-1': 11.54, 'm5-1': 11.02, 'm6-1': 1.03, 'm7-1': 10.22, 'm8-1': 0.96}",1.545,112.94100000000005,113.97100000000005,inf,217.551,217.551
277,T3,BESTEFFORT,COMPLETED,m6-1,67.552,"{'m1-1': 101.79, 'm2-1': 97.59, 'm3-1': 102.72, 'm4-1': 11.66, 'm5-1': 11.12, 'm6-1': 1.09, 'm7-1': 10.39, 'm8-1': 1.05}",1.6350000000000002,113.97100000000005,115.06100000000005,inf,217.55200000000002,217.55200000000002
278,T2,BESTEFFORT,COMPLETED,m6-1,67.905,"{'m1-1': 114.52, 'm2-1': 96.19, 'm3-1': 117.7, 'm4-1': 11.23, 'm5-1': 10.49, 'm6-1': 1.05, 'm7-1': 10.14, 'm8-1': 0.96}",1.5750000000000002,115.06100000000005,116.11100000000005,inf,217.905,217.905
279,T3,BESTEFFORT,COMPLETED,m6-1,68.15,"{'m1-1': 107.48, 'm2-1': 108.07, 'm3-1': 116.81, 'm4-1': 11.26, 'm5-1': 10.86, 'm6-1': 1.13, 'm7-1': 11.18, 'm8-1': 1.05}",1.6949999999999998,116.11100000000005,117.24100000000004,inf,218.15,218.15
280,T1,BESTEFFORT,COMPLETED,m8-1,69.501,"{'m1-1': 102.38, 'm2-1': 105.91, 'm3-1': 99.21, 'm4-1': 10.88, 'm5-1': 10.38, 'm6-1': 1.0, 'm7-1': 11.03, 'm8-1': 1.17}",1.755,171.59799999999998,172.76799999999997,inf,219.501,219.501
281,T4,BESTEFFORT,COMPLETED,m8-1,69.838,"{'m1-1': 111.5, 'm2-1': 105.63, 'm3-1': 96.37, 'm4-1': 10.93, 'm5-1': 11.36, 'm6-1': 1.08, 'm7-1': 11.26, 'm8-1': 1.06}",1.59,172.76799999999997,173.82799999999997,inf,219.838,219.838
282,T4,BESTEFFORT,COMPLETED,m8-1,69.841,"{'m1-1': 109.1, 'm2-1': 111.42, 'm3-1': 95.65, 'm4-1': 10.31, 'm5-1': 11.44, 'm6-1': 1.18, 'm7-1': 11.78, 'm8-1': 0.97}",1.455,173.82799999999997,174.79799999999997,inf,219.841,219.841
283,T4,BESTEFFORT,COMPLETED,m6-1,70.14,"{'m1-1': 111.48, 'm2-1': 114.32, 'm3-1': 102.44, 'm4-1': 11.16, 'm5-1': 11.47, 'm6-1': 1.04, 'm7-1': 11.35, 'm8-1': 1.06}",1.56,117.24100000000004,118.28100000000005,inf,220.14,220.14
284,T4,BESTEFFORT,COMPLETED,m8-1,70.297,"{'m1-1': 107.57, 'm2-1': 104.66, 'm3-1': 95.94, 'm4-1': 11.25, 'm5-1': 10.67, 'm6-1': 1.12, 'm7-1': 10.44, 'm8-1': 1.1}",1.6500000000000001,174.79799999999997,175.89799999999997,inf,220.297,220.297
285,T4,BESTEFFORT,COMPLETED,m8-1,70.31,"{'m1-1': 98.38, 'm2-1': 101.06, 'm3-1': 110.06, 'm4-1': 10.67, 'm5-1': 11.71, 'm6-1': 1.0, 'm7-1': 11.46, 'm8-1': 1.07}",1.605,175.89799999999997,176.96799999999996,inf,220.31,220.31
286,T2,BESTEFFORT,COMPLETED,m8-1,70.327,"{'m1-1': 112.86, 'm2-1': 107.44, 'm3-1': 110.27, 'm4-1': 11.76, 'm5-1': 11.45, 'm6-1': 1.16, 'm7-1': 10.03, 'm8-1': 0.92}",1.3800000000000001,176.96799999999996,177.88799999999995,inf,220.327,220.327
287,T1,BESTEFFORT,COMPLETED,m8-1,70.4,"{'m1-1': 98.42, 'm2-1': 101.23, 'm3-1': 100.2, 'm4-1': 10.68, 'm5-1': 9.97, 'm6-1': 0.95, 'm7-1': 10.09, 'm8-1': 1.01}",1.5150000000000001,177.88799999999995,178.89799999999994,inf,220.4,220.4
288,T2,BESTEFFORT,COMPLETED,m8-1,70.555,"{'m1-1': 114.63, 'm2-1': 104.44, 'm3-1': 110.8, 'm4-1': 11.62, 'm5-1': 11.54, 'm6-1': 1.01, 'm7-1': 9.71, 'm8-1': 1.04}",1.56,178.89799999999994,179.93799999999993,inf,220.555,220.555
289,T2,BESTEFFORT,COMPLETED,m8-1,70.631,"{'m1-1': 97.04, 'm2-1': 110.32, 'm3-1': 106.36, 'm4-1': 11.37, 'm5-1': 11.35, 'm6-1': 1.17, 'm7-1': 10.57, 'm8-1': 1.06}",1.59,179.93799999999993,180.99799999999993,inf,220.631,220.631
290,T4,BESTEFFORT,COMPLETED,m8-1,71.026,"{'m1-1': 98.4, 'm2-1': 100.41, 'm3-1': 107.49, 'm4-1': 10.67, 'm5-1': 11.41, 'm6-1': 1.02, 'm7-1': 9.94, 'm8-1': 1.09}",1.6350000000000002,180.99799999999993,182.08799999999994,inf,221.026,221.026
291,T4,BESTEFFORT,COMPLETED,m6-1,71.2,"{'m1-1': 107.34, 'm2-1': 104.56, 'm3-1': 95.94, 'm4-1': 10.14, 'm5-1': 10.53, 'm6-1': 1.09, 'm7-1': 11.64, 'm8-1': 1.06}",1.6350000000000002,118.28100000000005,119.37100000000005,inf,221.2,221.2
292,T2,BESTEFFORT,COMPLETED,m8-1,71.502,"{'m1-1': 103.01, 'm2-1': 110.94, 'm3-1': 118.51, 'm4-1': 10.97, 'm5-1': 11.66, 'm6-1': 1.1, 'm7-1': 10.45, 'm8-1': 1.05}",1.5750000000000002,182.08799999999994,183.13799999999995,inf,221.502,221.502
293,T1,BESTEFFORT,COMPLETED,m6-1,71.808,"{'m1-1': 95.33, 'm2-1': 104.53, 'm3-1': 115.56, 'm4-1': 10.78, 'm5-1': 9.59, 'm6-1': 1.06, 'm7-1': 9.9, 'm8-1': 1.01}",1.59,119.37100000000005,120.43100000000005,inf,221.808,221.808
294,T4,BESTEFFORT,COMPLETED,m8-1,72.274,"{'m1-1': 115.64, 'm2-1': 110.3, 'm3-1': 100.65, 'm4-1': 10.6, 'm5-1': 10.46, 'm6-1': 1.02, 'm7-1': 10.12, 'm8-1': 0.95}",1.4249999999999998,183.13799999999995,184.08799999999994,inf,222.274,222.274
295,T3,BESTEFFORT,COMPLETED,m6-1,72.506,"{'m1-1': 100.17, 'm2-1': 103.85, 'm3-1': 107.37, 'm4-1': 11.43, 'm5-1': 10.01, 'm6-1': 1.06, 'm7-1': 9.94, 'm8-1': 0.98}",1.59,120.43100000000005,121.49100000000006,inf,222.506,222.506
296,T2,BESTEFFORT,COMPLETED,m8-1,72.593,"{'m1-1': 108.8, 'm2-1': 104.41, 'm3-1': 103.85, 'm4-1': 10.71, 'm5-1': 11.05, 'm6-1': 1.1, 'm7-1': 10.24, 'm8-1': 0.95}",1.4249999999999998,184.08799999999994,185.03799999999993,inf,222.59300000000002,222.59300000000002
297,T4,BESTEFFORT,COMPLETED,m6-1,72.681,"{'m1-1': 107.21, 'm2-1': 97.35, 'm3-1': 102.33, 'm4-1': 10.24, 'm5-1': 10.89, 'm6-1': 1.13, 'm7-1': 10.03, 'm8-1': 1.07}",1.6949999999999998,121.49100000000006,122.62100000000005,inf,222.68099999999998,222.68099999999998
298,T2,BESTEFFORT,COMPLETED,m8-1,73.29,"{'m1-1': 102.09, 'm2-1': 109.7, 'm3-1': 112.72, 'm4-1': 10.17, 'm5-1': 9.98, 'm6-1': 1.06, 'm7-1': 10.14, 'm8-1': 1.06}",1.59,185.03799999999993,186.09799999999993,inf,223.29000000000002,223.29000000000002
299,T4,BESTEFFORT,COMPLETED,m6-1,73.3,"{'m1-1': 102.03, 'm2-1': 101.01, 'm3-1': 98.16, 'm4-1': 10.82, 'm5-1': 10.27, 'm6-1': 1.02, 'm7-1': 10.51, 'm8-1': 1.1}",1.53,122.62100000000005,123.64100000000005,inf,223.3,223.3
300,T4,BESTEFFORT,COMPLETED,m6-1,73.366,"{'m1-1': 103.06, 'm2-1': 100.79, 'm3-1': 105.38, 'm4-1': 11.31, 'm5-1': 11.76, 'm6-1': 1.16, 'm7-1': 10.57, 'm8-1': 0.97}",1.7399999999999998,123.64100000000005,124.80100000000004,inf,223.36599999999999,223.36599999999999
301,T2,BESTEFFORT,COMPLETED,m6-1,73.516,"{'m1-1': 106.18, 'm2-1': 103.21, 'm3-1': 101.12, 'm4-1': 10.81, 'm5-1': 9.98, 'm6-1': 1.16, 'm7-1': 9.62, 'm8-1': 1.01}",1.7399999999999998,124.80100000000004,125.96100000000004,inf,223.51600000000002,223.51600000000002
302,T3,BESTEFFORT,COMPLETED,m8-1,74.008,"{'m1-1': 107.08, 'm2-1': 106.36, 'm3-1': 109.51, 'm4-1': 10.27, 'm5-1': 10.41, 'm6-1': 1.14, 'm7-1': 11.07, 'm8-1': 1.08}",1.62,186.09799999999993,187.17799999999994,inf,224.00799999999998,224.00799999999998
303,T2,BESTEFFORT,COMPLETED,m8-1,74.113,"{'m1-1': 109.99, 'm2-1': 112.21, 'm3-1': 105.3, 'm4-1': 10.02, 'm5-1': 10.31, 'm6-1': 1.05, 'm7-1': 9.65, 'm8-1': 0.95}",1.4249999999999998,187.17799999999994,188.12799999999993,inf,224.113,224.113
304,T3,BESTEFFORT,COMPLETED,m8-1,74.249,"{'m1-1': 111.68, 'm2-1': 107.01, 'm3-1': 109.44, 'm4-1': 11.83, 'm5-1': 9.83, 'm6-1': 1.01, 'm7-1': 10.99, 'm8-1': 1.08}",1.62,188.12799999999993,189.20799999999994,inf,224.249,224.249
305,T1,BESTEFFORT,COMPLETED,m6-1,74.87,"{'m1-1': 100.02, 'm2-1': 111.47, 'm3-1': 101.4, 'm4-1': 9.51, 'm5-1': 10.39, 'm6-1': 1.11, 'm7-1': 10.95, 'm8-1': 1.06}",1.665,125.96100000000004,127.07100000000004,inf,224.87,224.87
306,T2,BESTEFFORT,COMPLETED,m8-1,75.338,"{'m1-1': 113.35, 'm2-1': 104.21, 'm3-1': 100.71, 'm4-1': 10.82, 'm5-1': 10.11, 'm6-1': 1.0, 'm7-1': 9.5, 'm8-1': 0.94}",1.41,189.20799999999994,190.14799999999994,inf,225.338,225.338
307,T3,BESTEFFORT,COMPLETED,m6-1,75.388,"{'m1-1': 103.26, 'm2-1': 112.04, 'm3-1': 104.44, 'm4-1': 11.05, 'm5-1': 9.76, 'm6-1': 1.0, 'm7-1': 9.8, 'm8-1': 1.12}",1.5,127.07100000000004,128.07100000000003,inf,225.388,225.388
308,T2,BESTEFFORT,COMPLETED,m8-1,75.649,"{'m1-1': 113.52, 'm2-1': 108.5, 'm3-1': 112.95, 'm4-1': 10.63, 'm5-1': 9.85, 'm6-1': 1.09, 'm7-1': 10.83, 'm8-1': 1.07}",1.605,190.14799999999994,191.21799999999993,inf,225.649,225.649
309,T2,BESTEFFORT,COMPLETED,m8-1,76.221,"{'m1-1': 111.28, 'm2-1': 103.5, 'm3-1': 110.24, 'm4-1': 10.0, 'm5-1': 10.9, 'm6-1': 1.17, 'm7-1': 10.18, 'm8-1': 0.92}",1.3800000000000001,191.21799999999993,192.13799999999992,inf,226.221,226.221
310,T4,BESTEFFORT,COMPLETED,m8-1,76.497,"{'m1-1': 110.15, 'm2-1': 102.2, 'm3-1': 106.59, 'm4-1': 10.22, 'm5-1': 11.41, 'm6-1': 1.07, 'm7-1': 11.15, 'm8-1': 0.99}",1.4849999999999999,192.13799999999992,193.12799999999993,inf,226.497,226.497
311,T2,BESTEFFORT,COMPLETED,m8-1,76.606,"{'m1-1': 104.73, 'm2-1': 111.28, 'm3-1': 102.93, 'm4-1': 11.53, 'm5-1': 10.09, 'm6-1': 1.15, 'm7-1': 9.62, 'm8-1': 0.98}",1.47,193.12799999999993,194.10799999999992,inf,226.606,226.606
312,T1,BESTEFFORT,COMPLETED,m6-1,78.247,"{'m1-1': 108.98, 'm2-1': 111.68, 'm3-1': 100.46, 'm4-1': 10.35, 'm5-1': 10.96, 'm6-1': 1.11, 'm7-1': 11.11, 'm8-1': 1.05}",1.665,128.07100000000003,129.18100000000004,inf,228.247,228.247
313,T1,BESTEFFORT,COMPLETED,m6-1,78.627,"{'m1-1': 96.74, 'm2-1': 109.46, 'm3-1': 107.77, 'm4-1': 10.23, 'm5-1': 10.37, 'm6-1': 1.09, 'm7-1': 9.74, 'm8-1': 1.01}",1.6350000000000002,129.18100000000004,130.27100000000004,inf,228.627,228.627
314,T1,BESTEFFORT,COMPLETED,m6-1,78.634,"{'m1-1': 102.29, 'm2-1': 117.02, 'm3-1': 101.84, 'm4-1': 10.9, 'm5-1': 9.96, 'm6-1': 1.11, 'm7-1': 9.75, 'm8-1': 1.15}",1.665,130.27100000000004,131.38100000000006,inf,228.63400000000001,228.63400000000001
315,T1,BESTEFFORT,COMPLETED,m6-1,79.221,"{'m1-1': 97.07, 'm2-1': 116.25, 'm3-1': 105.71, 'm4-1': 10.6, 'm5-1': 9.52, 'm6-1': 1.06, 'm7-1': 11.04, 'm8-1': 1.12}",1.59,131.38100000000006,132.44100000000006,inf,229.221,229.221
316,T2,BESTEFFORT,COMPLETED,m8-1,79.223,"{'m1-1': 108.3, 'm2-1': 105.48, 'm3-1': 102.71, 'm4-1': 9.94, 'm5-1': 10.86, 'm6-1': 1.03, 'm7-1': 9.22, 'm8-1': 1.08}",1.62,194.10799999999992,195.18799999999993,inf,229.223,229.223
317,T4,BESTEFFORT,COMPLETED,m8-1,79.274,"{'m1-1': 106.69, 'm2-1': 108.77, 'm3-1': 94.49, 'm4-1': 10.11, 'm5-1': 10.77, 'm6-1': 1.1, 'm7-1': 10.46, 'm8-1': 1.02}",1.53,195.18799999999993,196.20799999999994,inf,229.274,229.274
318,T2,BESTEFFORT,COMPLETED,m8-1,79.448,"{'m1-1': 100.86, 'm2-1': 101.29, 'm3-1': 106.74, 'm4-1': 10.03, 'm5-1': 10.13, 'm6-1': 1.16, 'm7-1': 10.56, 'm8-1': 0.97}",1.455,196.20799999999994,197.17799999999994,inf,229.44799999999998,229.44799999999998
319,T3,BESTEFFORT,COMPLETED,m6-1,79.609,"{'m1-1': 105.8, 'm2-1': 110.42, 'm3-1': 117.07, 'm4-1': 10.44, 'm5-1': 11.31, 'm6-1': 1.06, 'm7-1': 10.84, 'm8-1': 1.11}",1.59,132.44100000000006,133.50100000000006,inf,229.60899999999998,229.60899999999998
320,T3,BESTEFFORT,COMPLETED,m6-1,79.996,"{'m1-1': 116.19, 'm2-1': 97.77, 'm3-1': 99.49, 'm4-1': 10.77, 'm5-1': 9.89, 'm6-1': 1.08, 'm7-1': 9.97, 'm8-1': 1.12}",1.62,133.50100000000006,134.58100000000007,inf,229.99599999999998,229.99599999999998
321,T1,BESTEFFORT,COMPLETED,m6-1,80.218,"{'m1-1': 96.8, 'm2-1': 105.85, 'm3-1': 105.47, 'm4-1': 10.34, 'm5-1': 10.68, 'm6-1': 1.08, 'm7-1': 9.94, 'm8-1': 1.04}",1.62,134.58100000000007,135.6610000000001,inf,230.21800000000002,230.21800000000002
322,T4,BESTEFFORT,COMPLETED,m6-1,80.309,"{'m1-1': 115.63, 'm2-1': 105.26, 'm3-1': 105.49, 'm4-1': 11.2, 'm5-1': 10.28, 'm6-1': 1.01, 'm7-1': 11.38, 'm8-1': 1.09}",1.5150000000000001,135.6610000000001,136.67100000000008,inf,230.309,230.309
323,T3,BESTEFFORT,COMPLETED,m6-1,80.478,"{'m1-1': 106.69, 'm2-1': 110.63, 'm3-1': 105.52, 'm4-1': 11.35, 'm5-1': 10.37, 'm6-1': 1.1, 'm7-1': 10.59, 'm8-1': 1.09}",1.6500000000000001,136.67100000000008,137.77100000000007,inf,230.478,230.478
324,T2,BESTEFFORT,COMPLETED,m8-1,80.634,"{'m1-1': 113.22, 'm2-1': 96.6, 'm3-1': 115.7, 'm4-1': 11.69, 'm5-1': 10.83, 'm6-1': 1.05, 'm7-1': 10.86, 'm8-1': 0.94}",1.41,197.17799999999994,198.11799999999994,inf,230.63400000000001,230.63400000000001
325,T2,BESTEFFORT,COMPLETED,m8-1,81.538,"{'m1-1': 99.58, 'm2-1': 112.22, 'm3-1': 103.9, 'm4-1': 10.22, 'm5-1': 11.2, 'm6-1': 1.01, 'm7-1': 10.8, 'm8-1': 0.99}",1.4849999999999999,198.11799999999994,199.10799999999995,inf,231.538,231.538
326,T1,BESTEFFORT,COMPLETED,m6-1,81.837,"{'m1-1': 104.8, 'm2-1': 101.89, 'm3-1': 112.7, 'm4-1': 10.71, 'm5-1': 9.28, 'm6-1': 1.07, 'm7-1': 10.62, 'm8-1': 1.03}",1.605,137.77100000000007,138.84100000000007,inf,231.837,231.837
327,T1,BESTEFFORT,COMPLETED,m6-1,82.07,"{'m1-1': 95.07, 'm2-1': 111.92, 'm3-1': 110.32, 'm4-1': 10.55, 'm5-1': 10.93, 'm6-1': 1.1, 'm7-1': 10.95, 'm8-1': 1.18}",1.6500000000000001,138.84100000000007,139.94100000000006,inf,232.07,232.07
328,T4,BESTEFFORT,COMPLETED,m8-1,82.558,"{'m1-1': 112.99, 'm2-1': 101.73, 'm3-1': 107.57, 'm4-1': 10.5, 'm5-1': 10.16, 'm6-1': 1.18, 'm7-1': 10.74, 'm8-1': 1.11}",1.665,199.10799999999995,200.21799999999996,inf,232.558,232.558
329,T2,BESTEFFORT,COMPLETED,m8-1,82.653,"{'m1-1': 109.97, 'm2-1': 105.42, 'm3-1': 110.8, 'm4-1': 11.34, 'm5-1': 11.44, 'm6-1': 1.06, 'm7-1': 10.47, 'm8-1': 1.03}",1.545,200.21799999999996,201.24799999999996,inf,232.65300000000002,232.65300000000002
330,T4,BESTEFFORT,COMPLETED,m8-1,82.881,"{'m1-1': 114.05, 'm2-1': 107.17, 'm3-1': 96.21, 'm4-1': 10.84, 'm5-1': 10.89, 'm6-1': 1.1, 'm7-1': 10.17, 'm8-1': 1.06}",1.59,201.24799999999996,202.30799999999996,inf,232.881,232.881
331,T2,BESTEFFORT,COMPLETED,m8-1,82.891,"{'m1-1': 99.3, 'm2-1': 112.23, 'm3-1': 108.87, 'm4-1': 10.24, 'm5-1': 10.77, 'm6-1': 1.01, 'm7-1': 9.39, 'm8-1': 1.02}",1.53,202.30799999999996,203.32799999999997,inf,232.89100000000002,232.89100000000002
332,T3,BESTEFFORT,COMPLETED,m8-1,83.541,"{'m1-1': 112.72, 'm2-1': 110.81, 'm3-1': 99.7, 'm4-1': 10.16, 'm5-1': 9.93, 'm6-1': 1.06, 'm7-1': 10.43, 'm8-1': 1.1}",1.6500000000000001,203.32799999999997,204.42799999999997,inf,233.541,233.541
333,T4,BESTEFFORT,COMPLETED,m8-1,83.788,"{'m1-1': 111.08, 'm2-1': 106.35, 'm3-1': 100.39, 'm4-1': 10.01, 'm5-1': 10.05, 'm6-1': 1.1, 'm7-1': 11.75, 'm8-1': 1.08}",1.62,204.42799999999997,205.50799999999998,inf,233.788,233.788
334,T3,BESTEFFORT,COMPLETED,m6-1,83.856,"{'m1-1': 112.99, 'm2-1': 102.93, 'm3-1': 107.7, 'm4-1': 11.73, 'm5-1': 10.52, 'm6-1': 1.11, 'm7-1': 10.69, 'm8-1': 0.97}",1.665,139.94100000000006,141.05100000000007,inf,233.856,233.856
335,T3,BESTEFFORT,COMPLETED,m6-1,84.065,"{'m1-1': 112.65, 'm2-1': 110.95, 'm3-1': 116.58, 'm4-1': 11.27, 'm5-1': 10.43, 'm6-1': 1.05, 'm7-1': 10.78, 'm8-1': 1.06}",1.5750000000000002,141.05100000000007,142.10100000000008,inf,234.065,234.065
336,T2,BESTEFFORT,COMPLETED,m8-1,84.444,"{'m1-1': 109.5, 'm2-1': 112.68, 'm3-1': 110.57, 'm4-1': 11.41, 'm5-1': 9.96, 'm6-1': 1.1, 'm7-1': 10.68, 'm8-1': 1.0}",1.5,205.50799999999998,206.50799999999998,inf,234.44400000000002,234.44400000000002
337,T4,BESTEFFORT,COMPLETED,m8-1,84.46,"{'m1-1': 115.42, 'm2-1': 109.39, 'm3-1': 110.11, 'm4-1': 10.36, 'm5-1': 11.11, 'm6-1': 1.0, 'm7-1': 11.72, 'm8-1': 1.04}",1.56,206.50799999999998,207.54799999999997,inf,234.45999999999998,234.45999999999998
338,T3,BESTEFFORT,COMPLETED,m6-1,85.011,"{'m1-1': 106.48, 'm2-1': 97.33, 'm3-1': 115.72, 'm4-1': 10.13, 'm5-1': 9.66, 'm6-1': 1.03, 'm7-1': 10.87, 'm8-1': 1.01}",1.545,142.10100000000008,143.13100000000009,inf,235.011,235.011
339,T4,BESTEFFORT,COMPLETED,m8-1,85.073,"{'m1-1': 98.46, 'm2-1': 107.18, 'm3-1': 105.59, 'm4-1': 10.21, 'm5-1': 10.63, 'm6-1': 1.17, 'm7-1': 11.72, 'm8-1': 0.98}",1.47,207.54799999999997,208.52799999999996,inf,235.07299999999998,235.07299999999998
340,T2,BESTEFFORT,COMPLETED,m8-1,85.229,"{'m1-1': 98.2, 'm2-1': 102.56, 'm3-1': 113.03, 'm4-1': 11.68, 'm5-1': 11.36, 'm6-1': 1.14, 'm7-1': 9.41, 'm8-1': 1.08}",1.62,208.52799999999996,209.60799999999998,inf,235.22899999999998,235.22899999999998
341,T3,BESTEFFORT,COMPLETED,m8-1,85.4,"{'m1-1': 110.12, 'm2-1': 102.82, 'm3-1': 103.46, 'm4-1': 10.33, 'm5-1': 10.56, 'm6-1': 1.11, 'm7-1': 11.34, 'm8-1': 1.13}",1.6949999999999998,209.60799999999998,210.73799999999997,inf,235.4,235.4
342,T3,BESTEFFORT,COMPLETED,m6-1,85.665,"{'m1-1': 99.9, 'm2-1': 101.21, 'm3-1': 113.25, 'm4-1': 10.07, 'm5-1': 10.0, 'm6-1': 1.02, 'm7-1': 10.73, 'm8-1': 1.02}",1.53,143.13100000000009,144.1510000000001,inf,235.66500000000002,235.66500000000002
343,T1,BESTEFFORT,COMPLETED,m6-1,85.787,"{'m1-1': 98.11, 'm2-1': 98.68, 'm3-1': 109.4, 'm4-1': 9.51, 'm5-1': 9.93, 'm6-1': 1.07, 'm7-1': 10.84, 'm8-1': 1.12}",1.605,144.1510000000001,145.2210000000001,inf,235.787,235.787
344,T3,BESTEFFORT,COMPLETED,m6-1,85.963,"{'m1-1': 105.65, 'm2-1': 102.21, 'm3-1': 114.54, 'm4-1': 10.6, 'm5-1': 9.93, 'm6-1': 1.03, 'm7-1': 11.01, 'm8-1': 1.06}",1.545,145.2210000000001,146.2510000000001,inf,235.963,235.963
345,T2,BESTEFFORT,COMPLETED,m8-1,87.411,"{'m1-1': 97.87, 'm2-1': 106.17, 'm3-1': 100.98, 'm4-1': 9.94, 'm5-1': 11.2, 'm6-1': 1.09, 'm7-1': 9.21, 'm8-1': 1.08}",1.62,210.73799999999997,211.81799999999998,inf,237.411,237.411
346,T3,BESTEFFORT,COMPLETED,m8-1,87.712,"{'m1-1': 103.05, 'm2-1': 98.56, 'm3-1': 113.09, 'm4-1': 10.68, 'm5-1': 11.18, 'm6-1': 1.06, 'm7-1': 10.88, 'm8-1': 0.98}",1.47,211.81799999999998,212.79799999999997,inf,237.712,237.712
347,T2,BESTEFFORT,COMPLETED,m6-1,87.865,"{'m1-1': 103.44, 'm2-1': 99.38, 'm3-1': 106.99, 'm4-1': 10.4, 'm5-1': 11.12, 'm6-1': 1.03, 'm7-1': 10.33, 'm8-1': 0.94}",1.545,146.2510000000001,147.2810000000001,inf,237.865,237.865
348,T3,BESTEFFORT,COMPLETED,m6-1,87.872,"{'m1-1': 113.24, 'm2-1': 109.38, 'm3-1': 115.7, 'm4-1': 10.52, 'm5-1': 10.3, 'm6-1': 1.1, 'm7-1': 11.3, 'm8-1': 1.01}",1.6500000000000001,147.2810000000001,148.38100000000009,inf,237.872,237.872
349,T4,BESTEFFORT,COMPLETED,m8-1,88.077,"{'m1-1': 108.97, 'm2-1': 108.7, 'm3-1': 100.15, 'm4-1': 10.44, 'm5-1': 11.76, 'm6-1': 1.06, 'm7-1': 10.41, 'm8-1': 1.1}",1.6500000000000001,212.79799999999997,213.89799999999997,inf,238.077,238.077
350,T2,BESTEFFORT,COMPLETED,m8-1,88.08,"{'m1-1': 97.35, 'm2-1': 98.82, 'm3-1': 114.53, 'm4-1': 11.47, 'm5-1': 10.51, 'm6-1': 1.01, 'm7-1': 10.36, 'm8-1': 1.06}",1.59,213.89799999999997,214.95799999999997,inf,238.07999999999998,238.07999999999998
351,T3,BESTEFFORT,COMPLETED,m6-1,88.583,"{'m1-1': 102.17, 'm2-1': 108.95, 'm3-1': 112.17, 'm4-1': 10.04, 'm5-1': 10.17, 'm6-1': 0.99, 'm7-1': 11.35, 'm8-1': 1.09}",1.4849999999999999,148.38100000000009,149.3710000000001,inf,238.583,238.583
352,T2,BESTEFFORT,COMPLETED,m8-1,89.551,"{'m1-1': 113.28, 'm2-1': 112.17, 'm3-1': 115.6, 'm4-1': 10.45, 'm5-1': 11.38, 'm6-1': 1.04, 'm7-1': 9.88, 'm8-1': 1.08}",1.62,214.95799999999997,216.03799999999998,inf,239.551,239.551
353,T1,BESTEFFORT,COMPLETED,m6-1,89.96,"{'m1-1': 95.74, 'm2-1': 113.08, 'm3-1': 104.88, 'm4-1': 10.99, 'm5-1': 9.53, 'm6-1': 1.06, 'm7-1': 10.45, 'm8-1': 1.0}",1.59,149.3710000000001,150.4310000000001,inf,239.95999999999998,239.95999999999998
354,T3,BESTEFFORT,COMPLETED,m6-1,90.015,"{'m1-1': 104.39, 'm2-1': 97.46, 'm3-1': 113.5, 'm4-1': 11.03, 'm5-1': 11.08, 'm6-1': 1.06, 'm7-1': 11.16, 'm8-1': 0.96}",1.59,150.4310000000001,151.4910000000001,inf,240.015,240.015
355,T3,BESTEFFORT,COMPLETED,m8-1,90.435,"{'m1-1': 111.41, 'm2-1': 101.08, 'm3-1': 105.68, 'm4-1': 10.82, 'm5-1': 10.8, 'm6-1': 1.1, 'm7-1': 10.59, 'm8-1': 1.03}",1.545,216.03799999999998,217.06799999999998,inf,240.435,240.435
356,T2,BESTEFFORT,COMPLETED,m6-1,90.658,"{'m1-1': 109.99, 'm2-1': 101.08, 'm3-1': 114.4, 'm4-1': 10.62, 'm5-1': 11.14, 'm6-1': 1.07, 'm7-1': 10.8, 'm8-1': 0.99}",1.605,151.4910000000001,152.5610000000001,inf,240.65800000000002,240.65800000000002
357,T2,BESTEFFORT,COMPLETED,m8-1,90.739,"{'m1-1': 101.32, 'm2-1': 99.08, 'm3-1': 116.99, 'm4-1': 10.2, 'm5-1': 11.33, 'm6-1': 1.18, 'm7-1': 10.56, 'm8-1': 1.04}",1.56,217.06799999999998,218.10799999999998,inf,240.739,240.739
358,T4,BESTEFFORT,COMPLETED,m6-1,92.241,"{'m1-1': 106.86, 'm2-1': 103.96, 'm3-1': 98.12, 'm4-1': 10.25, 'm5-1': 10.08, 'm6-1': 1.17, 'm7-1': 10.34, 'm8-1': 1.1}",1.755,152.5610000000001,153.73100000000008,inf,242.24099999999999,242.24099999999999
359,T2,BESTEFFORT,COMPLETED,m8-1,92.299,"{'m1-1': 110.84, 'm2-1': 111.96, 'm3-1': 103.9, 'm4-1': 11.63, 'm5-1': 9.98, 'm6-1': 1.14, 'm7-1': 9.55, 'm8-1': 0.98}",1.47,218.10799999999998,219.08799999999997,inf,242.299,242.299
360,T4,BESTEFFORT,COMPLETED,m6-1,92.428,"{'m1-1': 113.08, 'm2-1': 106.08, 'm3-1': 95.48, 'm4-1': 10.92, 'm5-1': 10.14, 'm6-1': 1.05, 'm7-1': 10.13, 'm8-1': 1.11}",1.5750000000000002,153.73100000000008,154.7810000000001,inf,242.428,242.428
361,T3,BESTEFFORT,COMPLETED,m8-1,92.582,"{'m1-1': 98.34, 'm2-1': 99.69, 'm3-1': 112.44, 'm4-1': 10.18, 'm5-1': 9.79, 'm6-1': 0.98, 'm7-1': 10.44, 'm8-1': 1.03}",1.545,219.08799999999997,220.11799999999997,inf,242.582,242.582
362,T4,BESTEFFORT,COMPLETED,m6-1,92.636,"{'m1-1': 102.17, 'm2-1': 112.91, 'm3-1': 94.88, 'm4-1': 11.21, 'm5-1': 10.6, 'm6-1': 1.12, 'm7-1': 11.25, 'm8-1': 1.01}",1.6800000000000002,154.7810000000001,155.9010000000001,inf,242.636,242.636
363,T1,BESTEFFORT,COMPLETED,m6-1,92.904,"{'m1-1': 101.2, 'm2-1': 115.65, 'm3-1': 108.9, 'm4-1': 9.99, 'm5-1': 10.5, 'm6-1': 1.09, 'm7-1': 11.05, 'm8-1': 1.08}",1.6350000000000002,155.9010000000001,156.9910000000001,inf,242.904,242.904
364,T2,BESTEFFORT,COMPLETED,m8-1,92.986,"{'m1-1': 97.76, 'm2-1': 112.13, 'm3-1': 102.58, 'm4-1': 11.57, 'm5-1': 9.97, 'm6-1': 1.0, 'm7-1': 10.39, 'm8-1': 0.92}",1.3800000000000001,220.11799999999997,221.03799999999995,inf,242.986,242.986
365,T1,BESTEFFORT,COMPLETED,m6-1,93.236,"{'m1-1': 99.19, 'm2-1': 114.38, 'm3-1': 116.42, 'm4-1': 9.48, 'm5-1': 10.87, 'm6-1': 0.95, 'm7-1': 11.32, 'm8-1': 1.09}",1.4249999999999998,156.9910000000001,157.9410000000001,inf,243.236,243.236
366,T1,BESTEFFORT,COMPLETED,m6-1,93.647,"{'m1-1': 100.32, 'm2-1': 101.77, 'm3-1': 116.98, 'm4-1': 10.4, 'm5-1': 10.2, 'm6-1': 1.06, 'm7-1': 11.32, 'm8-1': 1.15}",1.59,157.9410000000001,159.0010000000001,inf,243.647,243.647
367,T2,BESTEFFORT,COMPLETED,m8-1,93.848,"{'m1-1': 111.34, 'm2-1': 107.23, 'm3-1': 105.8, 'm4-1': 10.64, 'm5-1': 11.69, 'm6-1': 1.04, 'm7-1': 10.66, 'm8-1': 1.04}",1.56,221.03799999999995,222.07799999999995,inf,243.848,243.848
368,T3,BESTEFFORT,COMPLETED,m6-1,94.136,"{'m1-1': 114.14, 'm2-1': 102.89, 'm3-1': 106.51, 'm4-1': 11.62, 'm5-1': 10.92, 'm6-1': 1.06, 'm7-1': 9.82, 'm8-1': 1.08}",1.59,159.0010000000001,160.0610000000001,inf,244.136,244.136
369,T4,BESTEFFORT,COMPLETED,m8-1,94.226,"{'m1-1': 112.15, 'm2-1': 99.88, 'm3-1': 96.72, 'm4-1': 10.02, 'm5-1': 10.88, 'm6-1': 1.08, 'm7-1': 11.77, 'm8-1': 0.96}",1.44,222.07799999999995,223.03799999999995,inf,244.226,244.226
370,T2,BESTEFFORT,COMPLETED,m8-1,94.436,"{'m1-1': 102.49, 'm2-1': 108.17, 'm3-1': 104.67, 'm4-1': 10.27, 'm5-1': 9.97, 'm6-1': 1.13, 'm7-1': 10.07, 'm8-1': 0.94}",1.41,223.03799999999995,223.97799999999995,inf,244.436,244.436
371,T3,BESTEFFORT,COMPLETED,m6-1,94.467,"{'m1-1': 108.86, 'm2-1': 112.14, 'm3-1': 111.71, 'm4-1': 11.41, 'm5-1': 10.07, 'm6-1': 1.13, 'm7-1': 11.2, 'm8-1': 1.03}",1.6949999999999998,160.0610000000001,161.1910000000001,inf,244.46699999999998,244.46699999999998
372,T4,BESTEFFORT,COMPLETED,m8-1,95.224,"{'m1-1': 103.34, 'm2-1': 98.47, 'm3-1': 106.84, 'm4-1': 10.32, 'm5-1': 10.53, 'm6-1': 1.14, 'm7-1': 11.43, 'm8-1': 1.12}",1.6800000000000002,223.97799999999995,225.09799999999996,inf,245.224,245.224
373,T2,BESTEFFORT,COMPLETED,m8-1,95.502,"{'m1-1': 111.4, 'm2-1': 103.5, 'm3-1': 118.28, 'm4-1': 11.72, 'm5-1': 11.43, 'm6-1': 1.0, 'm7-1': 9.71, 'm8-1': 0.93}",1.395,225.09799999999996,226.02799999999996,inf,245.502,245.502
374,T3,BESTEFFORT,COMPLETED,m6-1,95.525,"{'m1-1': 109.66, 'm2-1': 98.36, 'm3-1': 102.77, 'm4-1': 11.41, 'm5-1': 11.01, 'm6-1': 1.08, 'm7-1': 11.07, 'm8-1': 1.03}",1.62,161.1910000000001,162.2710000000001,inf,245.525,245.525
375,T2,BESTEFFORT,COMPLETED,m8-1,95.785,"{'m1-1': 107.54, 'm2-1': 96.2, 'm3-1': 116.38, 'm4-1': 10.17, 'm5-1': 10.26, 'm6-1': 1.05, 'm7-1': 9.87, 'm8-1': 0.96}",1.44,226.02799999999996,226.98799999999997,inf,245.785,245.785
376,T2,BESTEFFORT,COMPLETED,m8-1,96.098,"{'m1-1': 103.91, 'm2-1': 108.36, 'm3-1': 110.35, 'm4-1': 10.5, 'm5-1': 10.02, 'm6-1': 1.17, 'm7-1': 10.35, 'm8-1': 0.93}",1.395,226.98799999999997,227.91799999999998,inf,246.098,246.098
377,T3,BESTEFFORT,COMPLETED,m6-1,96.142,"{'m1-1': 109.92, 'm2-1': 111.42, 'm3-1': 107.22, 'm4-1': 11.4, 'm5-1': 10.11, 'm6-1': 1.0, 'm7-1': 9.88, 'm8-1': 1.1}",1.5,162.2710000000001,163.2710000000001,inf,246.142,246.142
378,T3,BESTEFFORT,COMPLETED,m6-1,96.977,"{'m1-1': 104.78, 'm2-1': 109.97, 'm3-1': 101.55, 'm4-1': 10.37, 'm5-1': 9.73, 'm6-1': 1.06, 'm7-1': 11.51, 'm8-1': 1.03}",1.59,163.2710000000001,164.3310000000001,inf,246.977,246.977
379,T3,BESTEFFORT,COMPLETED,m6-1,97.01,"{'m1-1': 105.46, 'm2-1': 112.87, 'm3-1': 100.02, 'm4-1': 11.2, 'm5-1': 10.11, 'm6-1': 0.99, 'm7-1': 11.57, 'm8-1': 1.13}",1.4849999999999999,164.3310000000001,165.3210000000001,inf,247.01,247.01
380,T3,BESTEFFORT,COMPLETED,m6-1,97.292,"{'m1-1': 102.4, 'm2-1': 100.09, 'm3-1': 114.63, 'm4-1': 11.52, 'm5-1': 9.72, 'm6-1': 1.09, 'm7-1': 11.05, 'm8-1': 0.99}",1.6350000000000002,165.3210000000001,166.41100000000012,inf,247.292,247.292
381,T4,BESTEFFORT,COMPLETED,m6-1,97.537,"{'m1-1': 102.63, 'm2-1': 110.61, 'm3-1': 97.09, 'm4-1': 10.9, 'm5-1': 10.01, 'm6-1': 1.17, 'm7-1': 11.33, 'm8-1': 1.12}",1.755,166.41100000000012,167.5810000000001,inf,247.537,247.537
382,T1,BESTEFFORT,COMPLETED,m6-1,97.85,"{'m1-1': 98.16, 'm2-1': 116.25, 'm3-1': 112.91, 'm4-1': 9.29, 'm5-1': 9.59, 'm6-1': 1.05, 'm7-1': 9.76, 'm8-1': 1.12}",1.5750000000000002,167.5810000000001,168.6310000000001,inf,247.85,247.85
383,T1,BESTEFFORT,COMPLETED,m6-1,98.362,"{'m1-1': 110.28, 'm2-1': 115.48, 'm3-1': 103.07, 'm4-1': 10.65, 'm5-1': 10.02, 'm6-1': 1.07, 'm7-1': 9.91, 'm8-1': 1.08}",1.605,168.6310000000001,169.7010000000001,inf,248.362,248.362
384,T4,BESTEFFORT,COMPLETED,m6-1,98.589,"{'m1-1': 106.7, 'm2-1': 110.73, 'm3-1': 100.36, 'm4-1': 10.54, 'm5-1': 10.09, 'm6-1': 1.16, 'm7-1': 11.58, 'm8-1': 0.96}",1.7399999999999998,169.7010000000001,170.8610000000001,inf,248.589,248.589
385,T3,BESTEFFORT,COMPLETED,m8-1,98.623,"{'m1-1': 110.04, 'm2-1': 113.82, 'm3-1': 115.02, 'm4-1': 11.75, 'm5-1': 9.86, 'm6-1': 1.04, 'm7-1': 11.02, 'm8-1': 1.11}",1.665,227.91799999999998,229.028,inf,248.623,248.623
386,T3,BESTEFFORT,COMPLETED,m6-1,98.728,"{'m1-1': 107.73, 'm2-1': 112.32, 'm3-1': 105.71, 'm4-1': 11.47, 'm5-1': 10.55, 'm6-1': 1.06, 'm7-1': 9.84, 'm8-1': 1.13}",1.59,170.8610000000001,171.9210000000001,inf,248.728,248.728
387,T3,BESTEFFORT,COMPLETED,m6-1,98.973,"{'m1-1': 112.54, 'm2-1': 107.92, 'm3-1': 111.44, 'm4-1': 10.41, 'm5-1': 11.2, 'm6-1': 0.97, 'm7-1': 11.18, 'm8-1': 1.11}",1.455,171.9210000000001,172.8910000000001,inf,248.973,248.973
388,T4,BESTEFFORT,COMPLETED,m6-1,99.066,"{'m1-1': 98.69, 'm2-1': 101.61, 'm3-1': 96.58, 'm4-1': 11.56, 'm5-1': 11.62, 'm6-1': 1.12, 'm7-1': 10.2, 'm8-1': 0.98}",1.6800000000000002,172.8910000000001,174.0110000000001,inf,249.066,249.066
389,T4,BESTEFFORT,COMPLETED,m8-1,99.149,"{'m1-1': 110.4, 'm2-1': 103.07, 'm3-1': 101.18, 'm4-1': 11.58, 'm5-1': 10.54, 'm6-1': 1.04, 'm7-1': 10.02, 'm8-1': 1.04}",1.56,229.028,230.06799999999998,inf,249.149,249.149
390,T2,BESTEFFORT,COMPLETED,m8-1,99.361,"{'m1-1': 103.16, 'm2-1': 108.33, 'm3-1': 100.71, 'm4-1': 10.03, 'm5-1': 11.12, 'm6-1': 1.09, 'm7-1': 10.32, 'm8-1': 1.04}",1.56,230.06799999999998,231.10799999999998,inf,249.361,249.361
391,T1,BESTEFFORT,COMPLETED,m6-1,99.834,"{'m1-1': 109.92, 'm2-1': 110.79, 'm3-1': 109.01, 'm4-1': 10.68, 'm5-1': 10.59, 'm6-1': 1.04, 'm7-1': 11.35, 'm8-1': 1.09}",1.56,174.0110000000001,175.0510000000001,inf,249.834,249.834
392,T1,BESTEFFORT,COMPLETED,m6-1,99.874,"{'m1-1': 99.32, 'm2-1': 106.16, 'm3-1': 100.81, 'm4-1': 9.66, 'm5-1': 9.53, 'm6-1': 1.11, 'm7-1': 11.08, 'm8-1': 1.09}",1.665,175.0510000000001,176.16100000000012,inf,249.874,249.874
393,T3,BESTEFFORT,COMPLETED,m8-1,99.935,"{'m1-1': 97.86, 'm2-1': 99.05, 'm3-1': 108.6, 'm4-1': 10.31, 'm5-1': 11.18, 'm6-1': 1.01, 'm7-1': 9.9, 'm8-1': 1.06}",1.59,231.10799999999998,232.16799999999998,inf,249.935,249.935
394,T3,BESTEFFORT,COMPLETED,m6-1,100.036,"{'m1-1': 101.83, 'm2-1': 105.64, 'm3-1': 109.54, 'm4-1': 10.96, 'm5-1': 10.03, 'm6-1': 1.01, 'm7-1': 10.79, 'm8-1': 1.14}",1.5150000000000001,176.16100000000012,177.1710000000001,inf,250.036,250.036
395,T1,BESTEFFORT,COMPLETED,m6-1,100.379,"{'m1-1': 105.39, 'm2-1': 113.66, 'm3-1': 112.35, 'm4-1': 10.61, 'm5-1': 9.81, 'm6-1': 0.95, 'm7-1': 10.11, 'm8-1': 1.1}",1.4249999999999998,177.1710000000001,178.1210000000001,inf,250.37900000000002,250.37900000000002
396,T4,BESTEFFORT,COMPLETED,m6-1,100.73,"{'m1-1': 110.1, 'm2-1': 111.65, 'm3-1': 107.35, 'm4-1': 11.24, 'm5-1': 11.7, 'm6-1': 1.11, 'm7-1': 10.89, 'm8-1': 1.11}",1.665,178.1210000000001,179.2310000000001,inf,250.73000000000002,250.73000000000002
397,T2,BESTEFFORT,COMPLETED,m8-1,100.752,"{'m1-1': 115.24, 'm2-1': 109.54, 'm3-1': 110.8, 'm4-1': 11.62, 'm5-1': 10.69, 'm6-1': 1.1, 'm7-1': 10.32, 'm8-1': 1.04}",1.56,232.16799999999998,233.20799999999997,inf,250.752,250.752
398,T4,BESTEFFORT,COMPLETED,m8-1,100.889,"{'m1-1': 111.05, 'm2-1': 107.97, 'm3-1': 99.44, 'm4-1': 11.61, 'm5-1': 10.88, 'm6-1': 1.09, 'm7-1': 10.26, 'm8-1': 1.06}",1.59,233.20799999999997,234.26799999999997,inf,250.889,250.889
399,T3,BESTEFFORT,COMPLETED,m8-1,101.141,"{'m1-1': 111.62, 'm2-1': 109.72, 'm3-1': 108.56, 'm4-1': 11.73, 'm5-1': 9.72, 'm6-1': 0.99, 'm7-1': 10.02, 'm8-1': 1.12}",1.6800000000000002,234.26799999999997,235.38799999999998,inf,251.14100000000002,251.14100000000002
400,T3,BESTEFFORT,COMPLETED,m6-1,101.199,"{'m1-1': 107.32, 'm2-1': 112.72, 'm3-1': 113.78, 'm4-1': 11.61, 'm5-1': 10.35, 'm6-1': 0.99, 'm7-1': 11.41, 'm8-1': 1.07}",1.4849999999999999,179.2310000000001,180.22100000000012,inf,251.199,251.199
401,T3,BESTEFFORT,COMPLETED,m8-1,101.255,"{'m1-1': 111.08, 'm2-1': 107.27, 'm3-1': 99.39, 'm4-1': 10.37, 'm5-1': 9.99, 'm6-1': 1.12, 'm7-1': 10.03, 'm8-1': 1.12}",1.6800000000000002,235.38799999999998,236.50799999999998,inf,251.255,251.255
402,T1,BESTEFFORT,COMPLETED,m8-1,101.345,"{'m1-1': 109.68, 'm2-1': 113.44, 'm3-1': 99.95, 'm4-1': 9.74, 'm5-1': 10.29, 'm6-1': 1.08, 'm7-1': 10.1, 'm8-1': 1.18}",1.77,236.50799999999998,237.688,inf,251.345,251.345
403,T2,BESTEFFORT,COMPLETED,m8-1,102.51,"{'m1-1': 98.97, 'm2-1': 106.57, 'm3-1': 117.26, 'm4-1': 11.25, 'm5-1': 11.4, 'm6-1': 1.05, 'm7-1': 9.91, 'm8-1': 1.02}",1.53,237.688,238.708,inf,252.51,252.51
404,T3,BESTEFFORT,COMPLETED,m6-1,102.575,"{'m1-1': 98.76, 'm2-1': 108.68, 'm3-1': 101.62, 'm4-1': 10.77, 'm5-1': 10.25, 'm6-1': 1.12, 'm7-1': 10.11, 'm8-1': 1.09}",1.6800000000000002,180.22100000000012,181.34100000000012,inf,252.575,252.575
405,T2,BESTEFFORT,COMPLETED,m8-1,102.663,"{'m1-1': 99.2, 'm2-1': 112.82, 'm3-1': 112.9, 'm4-1': 10.78, 'm5-1': 10.98, 'm6-1': 1.16, 'm7-1': 9.35, 'm8-1': 1.04}",1.56,238.708,239.748,inf,252.663,252.663
406,T1,BESTEFFORT,COMPLETED,m8-1,102.77,"{'m1-1': 105.47, 'm2-1': 99.03, 'm3-1': 108.59, 'm4-1': 10.39, 'm5-1': 10.52, 'm6-1': 1.11, 'm7-1': 10.34, 'm8-1': 1.12}",1.6800000000000002,239.748,240.868,inf,252.76999999999998,252.76999999999998
407,T2,BESTEFFORT,COMPLETED,m8-1,103.034,"{'m1-1': 108.98, 'm2-1': 104.92, 'm3-1': 107.32, 'm4-1': 10.3, 'm5-1': 11.36, 'm6-1': 1.06, 'm7-1': 10.6, 'm8-1': 0.92}",1.3800000000000001,240.868,241.78799999999998,inf,253.034,253.034
408,T3,BESTEFFORT,COMPLETED,m8-1,103.356,"{'m1-1': 108.6, 'm2-1': 105.1, 'm3-1': 113.5, 'm4-1': 10.31, 'm5-1': 11.08, 'm6-1': 1.1, 'm7-1': 11.47, 'm8-1': 1.0}",1.5,241.78799999999998,242.78799999999998,inf,253.356,253.356
409,T2,BESTEFFORT,COMPLETED,m8-1,103.475,"{'m1-1': 112.88, 'm2-1': 107.61, 'm3-1': 116.14, 'm4-1': 10.64, 'm5-1': 10.2, 'm6-1': 1.04, 'm7-1': 10.83, 'm8-1': 0.94}",1.41,242.78799999999998,243.72799999999998,inf,253.475,253.475
410,T2,BESTEFFORT,COMPLETED,m8-1,103.832,"{'m1-1': 106.36, 'm2-1': 110.21, 'm3-1': 104.14, 'm4-1': 11.33, 'm5-1': 11.36, 'm6-1': 1.01, 'm7-1': 10.86, 'm8-1': 0.92}",1.3800000000000001,243.72799999999998,244.64799999999997,inf,253.832,253.832
411,T4,BESTEFFORT,COMPLETED,m8-1,104.608,"{'m1-1': 105.82, 'm2-1': 100.96, 'm3-1': 102.18, 'm4-1': 10.67, 'm5-1': 10.1, 'm6-1': 1.02, 'm7-1': 10.71, 'm8-1': 1.01}",1.5150000000000001,244.64799999999997,245.65799999999996,inf,254.608,254.608
412,T1,BESTEFFORT,COMPLETED,m6-1,104.901,"{'m1-1': 108.73, 'm2-1': 111.92, 'm3-1': 110.99, 'm4-1': 10.93, 'm5-1': 10.37, 'm6-1': 0.94, 'm7-1': 9.85, 'm8-1': 1.11}",1.41,181.34100000000012,182.28100000000012,inf,254.901,254.901
413,T1,BESTEFFORT,COMPLETED,m6-1,105.345,"{'m1-1': 103.64, 'm2-1': 103.09, 'm3-1': 103.99, 'm4-1': 9.38, 'm5-1': 9.68, 'm6-1': 1.07, 'm7-1': 10.3, 'm8-1': 1.04}",1.605,182.28100000000012,183.3510000000001,inf,255.345,255.345
414,T3,BESTEFFORT,COMPLETED,m8-1,105.953,"{'m1-1': 106.87, 'm2-1': 108.12, 'm3-1': 106.62, 'm4-1': 11.29, 'm5-1': 10.12, 'm6-1': 1.08, 'm7-1': 9.98, 'm8-1': 1.1}",1.6500000000000001,245.65799999999996,246.75799999999995,inf,255.953,255.953
415,T1,BESTEFFORT,COMPLETED,m6-1,106.637,"{'m1-1': 112.45, 'm2-1': 105.85, 'm3-1': 109.33, 'm4-1': 10.46, 'm5-1': 9.66, 'm6-1': 1.09, 'm7-1': 10.88, 'm8-1': 1.11}",1.6350000000000002,183.3510000000001,184.44100000000012,inf,256.637,256.637
416,T3,BESTEFFORT,COMPLETED,m8-1,106.675,"{'m1-1': 104.36, 'm2-1': 111.63, 'm3-1': 112.92, 'm4-1': 10.24, 'm5-1': 11.3, 'm6-1': 1.03, 'm7-1': 10.45, 'm8-1': 1.08}",1.62,246.75799999999995,247.83799999999997,inf,256.675,256.675
417,T3,BESTEFFORT,COMPLETED,m6-1,106.813,"{'m1-1': 98.73, 'm2-1': 97.12, 'm3-1': 112.74, 'm4-1': 10.36, 'm5-1': 10.17, 'm6-1': 1.0, 'm7-1': 11.18, 'm8-1': 0.99}",1.5,184.44100000000012,185.44100000000012,inf,256.813,256.813
418,T3,BESTEFFORT,COMPLETED,m6-1,106.837,"{'m1-1': 114.27, 'm2-1': 102.68, 'm3-1': 99.22, 'm4-1': 11.81, 'm5-1': 10.42, 'm6-1': 1.13, 'm7-1': 10.31, 'm8-1': 1.12}",1.6949999999999998,185.44100000000012,186.5710000000001,inf,256.837,256.837
419,T3,BESTEFFORT,COMPLETED,m8-1,107.096,"{'m1-1': 114.73, 'm2-1': 112.29, 'm3-1': 109.41, 'm4-1': 11.0, 'm5-1': 10.53, 'm6-1': 0.98, 'm7-1': 10.26, 'm8-1': 1.09}",1.6350000000000002,247.83799999999997,248.92799999999997,inf,257.096,257.096
420,T1,BESTEFFORT,COMPLETED,m6-1,107.617,"{'m1-1': 111.59, 'm2-1': 100.8, 'm3-1': 115.41, 'm4-1': 10.89, 'm5-1': 10.46, 'm6-1': 0.95, 'm7-1': 10.57, 'm8-1': 1.05}",1.4249999999999998,186.5710000000001,187.5210000000001,inf,257.617,257.617
421,T4,BESTEFFORT,COMPLETED,m6-1,107.724,"{'m1-1': 111.6, 'm2-1': 114.74, 'm3-1': 100.04, 'm4-1': 9.92, 'm5-1': 11.4, 'm6-1': 1.0, 'm7-1': 11.04, 'm8-1': 0.99}",1.5,187.5210000000001,188.5210000000001,inf,257.724,257.724
422,T4,BESTEFFORT,COMPLETED,m8-1,107.732,"{'m1-1': 112.8, 'm2-1': 111.7, 'm3-1': 105.17, 'm4-1': 11.59, 'm5-1': 11.04, 'm6-1': 1.05, 'm7-1': 11.45, 'm8-1': 1.02}",1.53,248.92799999999997,249.94799999999998,inf,257.73199999999997,257.73199999999997
423,T1,BESTEFFORT,COMPLETED,m6-1,107.901,"{'m1-1': 97.92, 'm2-1': 106.29, 'm3-1': 105.84, 'm4-1': 10.63, 'm5-1': 10.61, 'm6-1': 0.96, 'm7-1': 10.32, 'm8-1': 1.13}",1.44,188.5210000000001,189.4810000000001,inf,257.901,257.901
424,T4,BESTEFFORT,COMPLETED,m6-1,108.267,"{'m1-1': 102.93, 'm2-1': 99.88, 'm3-1': 93.11, 'm4-1': 10.11, 'm5-1': 10.08, 'm6-1': 1.17, 'm7-1': 10.21, 'm8-1': 1.08}",1.755,189.4810000000001,190.6510000000001,inf,258.267,258.267
425,T1,BESTEFFORT,COMPLETED,m6-1,108.482,"{'m1-1': 107.8, 'm2-1': 111.68, 'm3-1': 109.78, 'm4-1': 10.14, 'm5-1': 9.35, 'm6-1': 1.02, 'm7-1': 11.4, 'm8-1': 1.17}",1.53,190.6510000000001,191.6710000000001,inf,258.48199999999997,258.48199999999997
426,T1,BESTEFFORT,COMPLETED,m8-1,108.943,"{'m1-1': 111.53, 'm2-1': 105.25, 'm3-1': 111.59, 'm4-1': 9.84, 'm5-1': 9.6, 'm6-1': 0.97, 'm7-1': 10.56, 'm8-1': 1.15}",1.7249999999999999,249.94799999999998,251.09799999999998,inf,258.943,258.943
427,T4,BESTEFFORT,COMPLETED,m6-1,109.903,"{'m1-1': 112.26, 'm2-1': 113.05, 'm3-1': 108.05, 'm4-1': 10.02, 'm5-1': 11.7, 'm6-1': 1.17, 'm7-1': 10.18, 'm8-1': 1.1}",1.755,191.6710000000001,192.8410000000001,inf,259.903,259.903
428,T1,BESTEFFORT,COMPLETED,m6-1,110.337,"{'m1-1': 101.48, 'm2-1': 98.84, 'm3-1': 113.91, 'm4-1': 10.02, 'm5-1': 10.07, 'm6-1': 0.96, 'm7-1': 11.41, 'm8-1': 1.1}",1.44,192.8410000000001,193.8010000000001,inf,260.337,260.337
429,T1,BESTEFFORT,COMPLETED,m6-1,110.529,"{'m1-1': 95.23, 'm2-1': 111.68, 'm3-1': 100.13, 'm4-1': 9.92, 'm5-1': 9.81, 'm6-1': 1.04, 'm7-1': 9.74, 'm8-1': 1.0}",1.56,193.8010000000001,194.8410000000001,inf,260.529,260.529
430,T3,BESTEFFORT,COMPLETED,m6-1,111.416,"{'m1-1': 106.54, 'm2-1': 101.93, 'm3-1': 108.36, 'm4-1': 10.61, 'm5-1': 10.29, 'm6-1': 1.14, 'm7-1': 11.14, 'm8-1': 1.08}",1.71,194.8410000000001,195.98100000000008,inf,261.416,261.416
431,T3,BESTEFFORT,COMPLETED,m8-1,111.426,"{'m1-1': 111.92, 'm2-1': 112.08, 'm3-1': 101.64, 'm4-1': 10.79, 'm5-1': 10.24, 'm6-1': 1.04, 'm7-1': 11.4, 'm8-1': 1.13}",1.6949999999999998,251.09799999999998,252.22799999999998,inf,261.426,261.426
432,T3,BESTEFFORT,COMPLETED,m8-1,111.48,"{'m1-1': 110.25, 'm2-1': 109.38, 'm3-1': 115.49, 'm4-1': 11.26, 'm5-1': 10.9, 'm6-1': 1.12, 'm7-1': 11.44, 'm8-1': 1.0}",1.5,252.22799999999998,253.22799999999998,inf,261.48,261.48
433,T3,BESTEFFORT,COMPLETED,m8-1,111.894,"{'m1-1': 110.8, 'm2-1': 112.66, 'm3-1': 116.81, 'm4-1': 10.15, 'm5-1': 10.76, 'm6-1': 0.96, 'm7-1': 10.37, 'm8-1': 1.06}",1.59,253.22799999999998,254.28799999999998,inf,261.894,261.894
434,T3,BESTEFFORT,COMPLETED,m8-1,112.316,"{'m1-1': 114.29, 'm2-1': 108.09, 'm3-1': 113.79, 'm4-1': 10.65, 'm5-1': 11.32, 'm6-1': 1.0, 'm7-1': 10.92, 'm8-1': 1.03}",1.545,254.28799999999998,255.31799999999998,inf,262.31600000000003,262.31600000000003
435,T4,BESTEFFORT,COMPLETED,m8-1,112.848,"{'m1-1': 101.26, 'm2-1': 103.52, 'm3-1': 95.65, 'm4-1': 11.33, 'm5-1': 11.45, 'm6-1': 1.12, 'm7-1': 11.14, 'm8-1': 1.07}",1.605,255.31799999999998,256.388,inf,262.848,262.848
436,T1,BESTEFFORT,COMPLETED,m8-1,112.884,"{'m1-1': 105.58, 'm2-1': 113.9, 'm3-1': 116.24, 'm4-1': 10.48, 'm5-1': 10.96, 'm6-1': 1.04, 'm7-1': 11.11, 'm8-1': 1.12}",1.6800000000000002,256.388,257.508,inf,262.884,262.884
437,T4,BESTEFFORT,COMPLETED,m8-1,113.361,"{'m1-1': 99.39, 'm2-1': 113.85, 'm3-1': 103.84, 'm4-1': 11.06, 'm5-1': 10.96, 'm6-1': 1.1, 'm7-1': 11.11, 'm8-1': 0.98}",1.47,257.508,258.488,inf,263.361,263.361
438,T4,BESTEFFORT,COMPLETED,m6-1,113.693,"{'m1-1': 99.19, 'm2-1': 113.15, 'm3-1': 96.58, 'm4-1': 11.68, 'm5-1': 11.14, 'm6-1': 1.16, 'm7-1': 10.91, 'm8-1': 1.02}",1.7399999999999998,195.98100000000008,197.14100000000008,inf,263.693,263.693
439,T1,BESTEFFORT,COMPLETED,m6-1,113.834,"{'m1-1': 108.54, 'm2-1': 116.48, 'm3-1': 101.82, 'm4-1': 10.96, 'm5-1': 9.87, 'm6-1': 0.97, 'm7-1': 11.36, 'm8-1': 1.07}",1.455,197.14100000000008,198.11100000000008,inf,263.834,263.834
440,T3,BESTEFFORT,COMPLETED,m8-1,113.994,"{'m1-1': 103.21, 'm2-1': 98.18, 'm3-1': 110.17, 'm4-1': 10.97, 'm5-1': 10.63, 'm6-1': 1.11, 'm7-1': 11.41, 'm8-1': 1.11}",1.665,258.488,259.598,inf,263.994,263.994
441,T4,BESTEFFORT,COMPLETED,m8-1,114.28,"{'m1-1': 114.56, 'm2-1': 108.88, 'm3-1': 97.87, 'm4-1': 10.66, 'm5-1': 11.66, 'm6-1': 1.14, 'm7-1': 10.84, 'm8-1': 1.06}",1.59,259.598,260.658,inf,264.28,264.28
442,T1,BESTEFFORT,COMPLETED,m6-1,115.457,"{'m1-1': 101.44, 'm2-1': 104.74, 'm3-1': 111.56, 'm4-1': 10.14, 'm5-1': 10.28, 'm6-1': 1.04, 'm7-1': 11.29, 'm8-1': 1.12}",1.56,198.11100000000008,199.15100000000007,inf,265.457,265.457
443,T4,BESTEFFORT,COMPLETED,m8-1,115.884,"{'m1-1': 111.5, 'm2-1': 106.24, 'm3-1': 106.13, 'm4-1': 9.89, 'm5-1': 10.48, 'm6-1': 1.12, 'm7-1': 10.27, 'm8-1': 1.06}",1.59,260.658,261.718,inf,265.884,265.884
444,T3,BESTEFFORT,COMPLETED,m6-1,116.322,"{'m1-1': 105.7, 'm2-1': 105.36, 'm3-1': 114.03, 'm4-1': 11.66, 'm5-1': 10.76, 'm6-1': 1.0, 'm7-1': 11.42, 'm8-1': 1.01}",1.5,199.15100000000007,200.15100000000007,inf,266.322,266.322
445,T1,BESTEFFORT,COMPLETED,m6-1,116.434,"{'m1-1': 96.28, 'm2-1': 107.71, 'm3-1': 112.49, 'm4-1': 10.84, 'm5-1': 10.61, 'm6-1': 1.1, 'm7-1': 10.47, 'm8-1': 1.1}",1.6500000000000001,200.15100000000007,201.25100000000006,inf,266.43399999999997,266.43399999999997
446,T3,BESTEFFORT,COMPLETED,m8-1,116.494,"{'m1-1': 103.02, 'm2-1': 100.17, 'm3-1': 105.1, 'm4-1': 10.11, 'm5-1': 10.8, 'm6-1': 1.09, 'm7-1': 10.74, 'm8-1': 1.03}",1.545,261.718,262.748,inf,266.494,266.494
447,T4,BESTEFFORT,COMPLETED,m8-1,117.215,"{'m1-1': 101.26, 'm2-1': 111.8, 'm3-1': 96.37, 'm4-1': 11.21, 'm5-1': 11.11, 'm6-1': 1.17, 'm7-1': 11.3, 'm8-1': 1.03}",1.545,262.748,263.77799999999996,inf,267.21500000000003,267.21500000000003
448,T3,BESTEFFORT,COMPLETED,m6-1,117.307,"{'m1-1': 108.99, 'm2-1': 108.94, 'm3-1': 117.54, 'm4-1': 10.93, 'm5-1': 9.69, 'm6-1': 1.07, 'm7-1': 10.92, 'm8-1': 1.08}",1.605,201.25100000000006,202.32100000000005,inf,267.307,267.307
449,T3,BESTEFFORT,COMPLETED,m8-1,117.321,"{'m1-1': 112.87, 'm2-1': 106.49, 'm3-1': 113.32, 'm4-1': 10.19, 'm5-1': 11.07, 'm6-1': 1.02, 'm7-1': 10.09, 'm8-1': 0.98}",1.47,263.77799999999996,264.758,inf,267.321,267.321
450,T3,BESTEFFORT,COMPLETED,m8-1,117.347,"{'m1-1': 100.3, 'm2-1': 100.69, 'm3-1': 114.2, 'm4-1': 10.6, 'm5-1': 11.37, 'm6-1': 1.01, 'm7-1': 11.14, 'm8-1': 1.1}",1.6500000000000001,264.758,265.858,inf,267.347,267.347
451,T1,BESTEFFORT,COMPLETED,m8-1,117.617,"{'m1-1': 99.92, 'm2-1': 109.08, 'm3-1': 114.87, 'm4-1': 10.71, 'm5-1': 10.97, 'm6-1': 1.12, 'm7-1': 11.07, 'm8-1': 1.07}",1.605,265.858,266.928,inf,267.617,267.617
452,T3,BESTEFFORT,COMPLETED,m6-1,117.745,"{'m1-1': 115.86, 'm2-1': 107.55, 'm3-1': 107.41, 'm4-1': 11.75, 'm5-1': 9.58, 'm6-1': 0.98, 'm7-1': 11.08, 'm8-1': 1.12}",1.47,202.32100000000005,203.30100000000004,inf,267.745,267.745
453,T4,BESTEFFORT,COMPLETED,m8-1,118.096,"{'m1-1': 109.13, 'm2-1': 108.38, 'm3-1': 99.46, 'm4-1': 10.78, 'm5-1': 11.88, 'm6-1': 1.16, 'm7-1': 11.53, 'm8-1': 1.02}",1.53,266.928,267.948,inf,268.096,268.096
454,T4,BESTEFFORT,MISSED,m8-1,118.127,"{'m1-1': 106.56, 'm2-1': 110.11, 'm3-1': 105.05, 'm4-1': 9.98, 'm5-1': 10.66, 'm6-1': 1.1, 'm7-1': 10.38, 'm8-1': 1.06}",0.2685000000000457,267.948,inf,268.127,268.127,268.127
455,T1,BESTEFFORT,COMPLETED,m6-1,118.267,"{'m1-1': 95.07, 'm2-1': 99.11, 'm3-1': 101.82, 'm4-1': 10.05, 'm5-1': 10.99, 'm6-1': 1.1, 'm7-1': 10.16, 'm8-1': 1.12}",1.6500000000000001,203.30100000000004,204.40100000000004,inf,268.267,268.267
456,T1,BESTEFFORT,COMPLETED,m6-1,118.477,"{'m1-1': 107.66, 'm2-1': 110.44, 'm3-1': 100.16, 'm4-1': 9.48, 'm5-1': 9.87, 'm6-1': 1.04, 'm7-1': 9.94, 'm8-1': 1.01}",1.56,204.40100000000004,205.44100000000003,inf,268.477,268.477
457,T3,BESTEFFORT,MISSED,m8-1,118.654,"{'m1-1': 104.21, 'm2-1': 112.12, 'm3-1': 109.11, 'm4-1': 10.77, 'm5-1': 10.87, 'm6-1': 1.06, 'm7-1': 10.07, 'm8-1': 1.0}",0.7904999999999802,268.127,inf,268.654,268.654,268.654
458,T4,BESTEFFORT,MISSED,m8-1,118.996,"{'m1-1': 110.87, 'm2-1': 107.77, 'm3-1': 105.17, 'm4-1': 9.99, 'm5-1': 11.65, 'm6-1': 1.04, 'm7-1': 11.21, 'm8-1': 0.98}",0.5129999999999768,268.654,inf,268.996,268.996,268.996
459,T3,BESTEFFORT,COMPLETED,m6-1,119.002,"{'m1-1': 106.44, 'm2-1': 113.73, 'm3-1': 116.27, 'm4-1': 10.96, 'm5-1': 11.08, 'm6-1': 1.03, 'm7-1': 10.65, 'm8-1': 1.09}",1.545,205.44100000000003,206.47100000000003,inf,269.002,269.002
460,T3,BESTEFFORT,COMPLETED,m6-1,119.61,"{'m1-1': 98.95, 'm2-1': 102.73, 'm3-1': 115.32, 'm4-1': 11.01, 'm5-1': 10.18, 'm6-1': 1.13, 'm7-1': 10.33, 'm8-1': 1.11}",1.6949999999999998,206.47100000000003,207.60100000000003,inf,269.61,269.61
461,T1,BESTEFFORT,COMPLETED,m6-1,120.132,"{'m1-1': 98.71, 'm2-1': 115.19, 'm3-1': 104.76, 'm4-1': 10.98, 'm5-1': 10.97, 'm6-1': 1.08, 'm7-1': 10.07, 'm8-1': 1.04}",1.62,207.60100000000003,208.68100000000004,inf,270.132,270.132
462,T3,BESTEFFORT,COMPLETED,m6-1,120.369,"{'m1-1': 104.45, 'm2-1': 103.4, 'm3-1': 117.81, 'm4-1': 10.42, 'm5-1': 10.31, 'm6-1': 1.12, 'm7-1': 10.81, 'm8-1': 1.09}",1.6800000000000002,208.68100000000004,209.80100000000004,inf,270.369,270.369
463,T1,BESTEFFORT,COMPLETED,m6-1,120.545,"{'m1-1': 101.88, 'm2-1': 116.04, 'm3-1': 103.05, 'm4-1': 10.42, 'm5-1': 10.37, 'm6-1': 0.95, 'm7-1': 11.26, 'm8-1': 1.18}",1.4249999999999998,209.80100000000004,210.75100000000003,inf,270.545,270.545
464,T4,BESTEFFORT,COMPLETED,m6-1,120.838,"{'m1-1': 115.77, 'm2-1': 100.85, 'm3-1': 98.91, 'm4-1': 11.54, 'm5-1': 10.73, 'm6-1': 1.06, 'm7-1': 11.12, 'm8-1': 1.01}",1.59,210.75100000000003,211.81100000000004,inf,270.83799999999997,270.83799999999997
465,T4,BESTEFFORT,COMPLETED,m8-1,120.888,"{'m1-1': 107.96, 'm2-1': 100.76, 'm3-1': 94.04, 'm4-1': 10.1, 'm5-1': 10.04, 'm6-1': 1.06, 'm7-1': 11.28, 'm8-1': 1.05}",1.5750000000000002,268.996,270.046,inf,270.88800000000003,270.88800000000003
466,T1,BESTEFFORT,MISSED,m8-1,121.041,"{'m1-1': 96.61, 'm2-1': 102.38, 'm3-1': 114.51, 'm4-1': 10.75, 'm5-1': 10.08, 'm6-1': 1.04, 'm7-1': 9.9, 'm8-1': 1.02}",1.4925000000000068,270.046,inf,271.041,271.041,271.041
467,T3,BESTEFFORT,MISSED,m8-1,121.472,"{'m1-1': 110.69, 'm2-1': 102.44, 'm3-1': 105.68, 'm4-1': 11.48, 'm5-1': 10.5, 'm6-1': 1.1, 'm7-1': 11.17, 'm8-1': 0.96}",0.6464999999999748,271.041,inf,271.472,271.472,271.472
468,T4,BESTEFFORT,MISSED,m8-1,121.547,"{'m1-1': 104.25, 'm2-1': 111.08, 'm3-1': 109.0, 'm4-1': 10.44, 'm5-1': 11.54, 'm6-1': 1.12, 'm7-1': 10.01, 'm8-1': 0.99}",0.11250000000006821,271.472,inf,271.547,271.547,271.547
469,T4,BESTEFFORT,MISSED,m8-1,121.714,"{'m1-1': 102.22, 'm2-1': 98.14, 'm3-1': 108.66, 'm4-1': 10.11, 'm5-1': 10.59, 'm6-1': 1.03, 'm7-1': 10.66, 'm8-1': 1.1}",0.25049999999995975,271.547,inf,271.714,271.714,271.714
470,T3,BESTEFFORT,MISSED,m8-1,122.083,"{'m1-1': 111.26, 'm2-1': 108.88, 'm3-1': 106.7, 'm4-1': 11.46, 'm5-1': 10.8, 'm6-1': 0.96, 'm7-1': 10.09, 'm8-1': 0.96}",0.553499999999957,271.714,inf,272.08299999999997,272.08299999999997,272.08299999999997
471,T3,BESTEFFORT,MISSED,m8-1,122.171,"{'m1-1': 113.68, 'm2-1': 107.0, 'm3-1': 99.91, 'm4-1': 11.44, 'm5-1': 10.25, 'm6-1': 0.96, 'm7-1': 11.63, 'm8-1': 0.97}",0.13200000000003342,272.08299999999997,inf,272.171,272.171,272.171
472,T4,BESTEFFORT,MISSED,m8-1,122.34,"{'m1-1': 107.34, 'm2-1': 97.68, 'm3-1': 101.34, 'm4-1': 10.67, 'm5-1': 10.37, 'm6-1': 1.05, 'm7-1': 10.81, 'm8-1': 1.07}",0.25350000000005934,272.171,inf,272.34000000000003,272.34000000000003,272.34000000000003
473,T3,BESTEFFORT,COMPLETED,m6-1,122.606,"{'m1-1': 108.2, 'm2-1': 111.33, 'm3-1': 109.1, 'm4-1': 10.29, 'm5-1': 11.14, 'm6-1': 1.06, 'm7-1': 10.58, 'm8-1': 0.97}",1.59,211.81100000000004,212.87100000000004,inf,272.606,272.606
474,T3,BESTEFFORT,MISSED,m8-1,122.607,"{'m1-1': 101.05, 'm2-1': 104.9, 'm3-1': 104.02, 'm4-1': 11.47, 'm5-1': 11.35, 'm6-1': 1.01, 'm7-1': 11.2, 'm8-1': 1.0}",0.4004999999999086,272.34000000000003,inf,272.60699999999997,272.60699999999997,272.60699999999997
475,T1,BESTEFFORT,COMPLETED,m6-1,122.896,"{'m1-1': 104.07, 'm2-1': 113.61, 'm3-1': 101.0, 'm4-1': 10.65, 'm5-1': 10.78, 'm6-1': 1.06, 'm7-1': 10.94, 'm8-1': 1.08}",1.59,212.87100000000004,213.93100000000004,inf,272.896,272.896
476,T3,BESTEFFORT,COMPLETED,m8-1,123.921,"{'m1-1': 111.62, 'm2-1': 98.7, 'm3-1': 99.78, 'm4-1': 11.04, 'm5-1': 10.86, 'm6-1': 1.12, 'm7-1': 10.46, 'm8-1': 1.07}",1.605,272.60699999999997,273.67699999999996,inf,273.921,273.921
477,T1,BESTEFFORT,MISSED,m8-1,123.955,"{'m1-1': 106.27, 'm2-1': 100.41, 'm3-1': 113.71, 'm4-1': 9.42, 'm5-1': 10.89, 'm6-1': 1.0, 'm7-1': 11.24, 'm8-1': 1.13}",0.41700000000003,273.67699999999996,inf,273.955,273.955,273.955
478,T3,BESTEFFORT,MISSED,m8-1,124.034,"{'m1-1': 108.94, 'm2-1': 113.28, 'm3-1': 107.43, 'm4-1': 10.72, 'm5-1': 11.37, 'm6-1': 1.09, 'm7-1': 11.13, 'm8-1': 0.96}",0.1185000000000116,273.955,inf,274.034,274.034,274.034
479,T1,BESTEFFORT,MISSED,m8-1,124.95,"{'m1-1': 96.74, 'm2-1': 99.74, 'm3-1': 108.63, 'm4-1': 9.85, 'm5-1': 9.4, 'm6-1': 0.96, 'm7-1': 10.24, 'm8-1': 1.16}",1.3739999999999952,274.034,inf,274.95,274.95,274.95
480,T3,BESTEFFORT,COMPLETED,m6-1,125.548,"{'m1-1': 110.42, 'm2-1': 108.35, 'm3-1': 107.82, 'm4-1': 10.57, 'm5-1': 9.8, 'm6-1': 1.01, 'm7-1': 11.07, 'm8-1': 1.04}",1.5150000000000001,213.93100000000004,214.94100000000003,inf,275.548,275.548
481,T3,BESTEFFORT,COMPLETED,m6-1,126.432,"{'m1-1': 116.24, 'm2-1': 103.81, 'm3-1': 102.4, 'm4-1': 10.12, 'm5-1': 11.02, 'm6-1': 1.09, 'm7-1': 11.27, 'm8-1': 1.01}",1.6350000000000002,214.94100000000003,216.03100000000003,inf,276.432,276.432
482,T4,BESTEFFORT,COMPLETED,m8-1,126.498,"{'m1-1': 114.05, 'm2-1': 104.25, 'm3-1': 104.58, 'm4-1': 10.37, 'm5-1': 10.58, 'm6-1': 1.04, 'm7-1': 10.35, 'm8-1': 1.06}",1.59,274.95,276.01,inf,276.498,276.498
483,T1,BESTEFFORT,MISSED,m8-1,126.629,"{'m1-1': 108.37, 'm2-1': 110.58, 'm3-1': 110.53, 'm4-1': 10.63, 'm5-1': 9.27, 'm6-1': 1.04, 'm7-1': 11.41, 'm8-1': 1.04}",0.9285000000000423,276.01,inf,276.629,276.629,276.629
484,T1,BESTEFFORT,COMPLETED,m6-1,126.827,"{'m1-1': 105.93, 'm2-1': 105.72, 'm3-1': 112.39, 'm4-1': 10.7, 'm5-1': 10.52, 'm6-1': 1.1, 'm7-1': 10.4, 'm8-1': 1.08}",1.6500000000000001,216.03100000000003,217.13100000000003,inf,276.827,276.827
485,T3,BESTEFFORT,COMPLETED,m6-1,126.934,"{'m1-1': 107.0, 'm2-1': 110.38, 'm3-1': 107.84, 'm4-1': 11.38, 'm5-1': 9.83, 'm6-1': 1.06, 'm7-1': 11.21, 'm8-1': 1.07}",1.59,217.13100000000003,218.19100000000003,inf,276.93399999999997,276.93399999999997
486,T4,BESTEFFORT,MISSED,m8-1,127.149,"{'m1-1': 102.6, 'm2-1': 97.23, 'm3-1': 100.04, 'm4-1': 11.04, 'm5-1': 10.04, 'm6-1': 1.08, 'm7-1': 10.62, 'm8-1': 1.08}",0.7799999999999727,276.629,inf,277.149,277.149,277.149
487,T3,BESTEFFORT,MISSED,m8-1,127.408,"{'m1-1': 115.32, 'm2-1': 109.13, 'm3-1': 111.38, 'm4-1': 10.5, 'm5-1': 10.81, 'm6-1': 1.07, 'm7-1': 10.27, 'm8-1': 1.06}",0.38850000000002183,277.149,inf,277.408,277.408,277.408
488,T4,BESTEFFORT,COMPLETED,m6-1,127.558,"{'m1-1': 104.44, 'm2-1': 114.73, 'm3-1': 100.79, 'm4-1': 11.47, 'm5-1': 10.5, 'm6-1': 1.08, 'm7-1': 11.74, 'm8-1': 1.05}",1.62,218.19100000000003,219.27100000000004,inf,277.558,277.558
489,T1,BESTEFFORT,COMPLETED,m6-1,127.733,"{'m1-1': 101.28, 'm2-1': 107.16, 'm3-1': 112.06, 'm4-1': 9.75, 'm5-1': 10.03, 'm6-1': 1.1, 'm7-1': 9.85, 'm8-1': 1.0}",1.6500000000000001,219.27100000000004,220.37100000000004,inf,277.733,277.733
490,T1,BESTEFFORT,COMPLETED,m6-1,127.985,"{'m1-1': 97.73, 'm2-1': 100.42, 'm3-1': 99.19, 'm4-1': 10.06, 'm5-1': 9.24, 'm6-1': 1.09, 'm7-1': 9.97, 'm8-1': 1.09}",1.6350000000000002,220.37100000000004,221.46100000000004,inf,277.985,277.985
491,T1,BESTEFFORT,COMPLETED,m6-1,128.446,"{'m1-1': 112.35, 'm2-1': 113.65, 'm3-1': 99.88, 'm4-1': 10.78, 'm5-1': 10.38, 'm6-1': 0.94, 'm7-1': 10.96, 'm8-1': 1.06}",1.41,221.46100000000004,222.40100000000004,inf,278.446,278.446
492,T1,BESTEFFORT,COMPLETED,m6-1,129.174,"{'m1-1': 100.61, 'm2-1': 112.68, 'm3-1': 115.05, 'm4-1': 10.55, 'm5-1': 10.26, 'm6-1': 0.95, 'm7-1': 9.95, 'm8-1': 1.09}",1.4249999999999998,222.40100000000004,223.35100000000003,inf,279.174,279.174
493,T1,BESTEFFORT,COMPLETED,m6-1,129.383,"{'m1-1': 109.68, 'm2-1': 105.14, 'm3-1': 103.52, 'm4-1': 10.02, 'm5-1': 9.8, 'm6-1': 1.06, 'm7-1': 11.48, 'm8-1': 1.08}",1.59,223.35100000000003,224.41100000000003,inf,279.38300000000004,279.38300000000004
494,T4,BESTEFFORT,COMPLETED,m6-1,130.289,"{'m1-1': 109.4, 'm2-1': 109.17, 'm3-1': 107.68, 'm4-1': 9.84, 'm5-1': 11.75, 'm6-1': 1.17, 'm7-1': 10.94, 'm8-1': 1.07}",1.755,224.41100000000003,225.58100000000002,inf,280.289,280.289
495,T1,BESTEFFORT,COMPLETED,m6-1,130.708,"{'m1-1': 96.61, 'm2-1': 106.16, 'm3-1': 107.79, 'm4-1': 9.61, 'm5-1': 10.94, 'm6-1': 1.03, 'm7-1': 11.32, 'm8-1': 1.12}",1.545,225.58100000000002,226.61100000000002,inf,280.70799999999997,280.70799999999997
496,T4,BESTEFFORT,COMPLETED,m6-1,131.603,"{'m1-1': 99.94, 'm2-1': 109.96, 'm3-1': 107.91, 'm4-1': 10.95, 'm5-1': 10.35, 'm6-1': 1.18, 'm7-1': 10.77, 'm8-1': 1.01}",1.77,226.61100000000002,227.79100000000003,inf,281.603,281.603
497,T1,BESTEFFORT,COMPLETED,m6-1,132.386,"{'m1-1': 94.87, 'm2-1': 114.56, 'm3-1': 98.95, 'm4-1': 10.76, 'm5-1': 9.6, 'm6-1': 1.06, 'm7-1': 9.94, 'm8-1': 1.04}",1.59,227.79100000000003,228.85100000000003,inf,282.38599999999997,282.38599999999997
498,T1,BESTEFFORT,COMPLETED,m8-1,134.081,"{'m1-1': 112.64, 'm2-1': 114.95, 'm3-1': 116.55, 'm4-1': 10.55, 'm5-1': 10.16, 'm6-1': 0.99, 'm7-1': 10.2, 'm8-1': 1.12}",1.6800000000000002,277.408,278.528,inf,284.081,284.081
499,T1,BESTEFFORT,COMPLETED,m6-1,136.816,"{'m1-1': 102.78, 'm2-1': 105.6, 'm3-1': 112.4, 'm4-1': 9.41, 'm5-1': 9.85, 'm6-1': 1.1, 'm7-1': 9.78, 'm8-1': 1.09}",1.6500000000000001,228.85100000000003,229.95100000000002,inf,286.81600000000003,286.81600000000003
