id,type,urgency,status,assigned_machine,arrival_time,execution_time,energy_usage,start_time,completion_time,missed_time,deadline,extended_deadline
0,T4,BESTEFFORT,COMPLETED,m3-1,0.938,"{'m1-1': 106.1, 'm2-1': 27.44, 'm3-1': 9.85, 'm4-1': 102.03, 'm5-1': 23.78, 'm6-1': 27.82, 'm7-1': 105.5, 'm8-1': 11.27}",14.774999999999999,0.938,10.788,inf,110.938,110.938
1,T4,BESTEFFORT,COMPLETED,m8-1,1.757,"{'m1-1': 113.34, 'm2-1': 24.79, 'm3-1': 9.76, 'm4-1': 98.03, 'm5-1': 27.13, 'm6-1': 28.87, 'm7-1': 105.13, 'm8-1': 11.04}",16.56,1.757,12.796999999999999,inf,111.757,111.757
2,T6,BESTEFFORT,COMPLETED,m3-1,3.656,"{'m1-1': 97.47, 'm2-1': 27.88, 'm3-1': 10.23, 'm4-1': 108.07, 'm5-1': 24.07, 'm6-1': 26.63, 'm7-1': 109.88, 'm8-1': 9.26}",15.345,10.788,21.018,inf,113.656,113.656
3,T8,BESTEFFORT,COMPLETED,m8-1,3.693,"{'m1-1': 110.18, 'm2-1': 27.0, 'm3-1': 10.54, 'm4-1': 111.11, 'm5-1': 24.41, 'm6-1': 26.13, 'm7-1': 99.08, 'm8-1': 11.2}",16.799999999999997,12.796999999999999,23.997,inf,113.693,113.693
4,T1,BESTEFFORT,COMPLETED,m6-1,3.934,"{'m1-1': 109.09, 'm2-1': 24.74, 'm3-1': 9.67, 'm4-1': 117.49, 'm5-1': 24.4, 'm6-1': 24.87, 'm7-1': 109.62, 'm8-1': 11.58}",37.305,3.934,28.804000000000002,inf,113.934,113.934
5,T10,BESTEFFORT,COMPLETED,m5-1,4.683,"{'m1-1': 105.55, 'm2-1': 25.57, 'm3-1': 9.97, 'm4-1': 106.98, 'm5-1': 25.73, 'm6-1': 27.18, 'm7-1': 107.99, 'm8-1': 11.22}",38.595,4.683,30.413,inf,114.68299999999999,114.68299999999999
6,T8,BESTEFFORT,COMPLETED,m3-1,4.713,"{'m1-1': 107.37, 'm2-1': 25.62, 'm3-1': 9.59, 'm4-1': 100.47, 'm5-1': 24.3, 'm6-1': 28.86, 'm7-1': 92.37, 'm8-1': 11.02}",14.385,21.018,30.608,inf,114.713,114.713
7,T7,BESTEFFORT,COMPLETED,m2-1,5.378,"{'m1-1': 103.7, 'm2-1': 26.48, 'm3-1': 10.53, 'm4-1': 93.46, 'm5-1': 25.35, 'm6-1': 27.11, 'm7-1': 106.41, 'm8-1': 10.16}",39.72,5.378,31.858,inf,115.378,115.378
8,T7,BESTEFFORT,COMPLETED,m8-1,5.43,"{'m1-1': 104.67, 'm2-1': 25.61, 'm3-1': 9.59, 'm4-1': 105.32, 'm5-1': 26.45, 'm6-1': 27.43, 'm7-1': 111.02, 'm8-1': 11.52}",17.28,23.997,35.516999999999996,inf,115.43,115.43
9,T3,BESTEFFORT,COMPLETED,m3-1,5.521,"{'m1-1': 113.28, 'm2-1': 28.07, 'm3-1': 9.22, 'm4-1': 93.78, 'm5-1': 25.47, 'm6-1': 29.2, 'm7-1': 101.55, 'm8-1': 10.07}",13.830000000000002,30.608,39.828,inf,115.521,115.521
10,T6,BESTEFFORT,COMPLETED,m8-1,6.736,"{'m1-1': 97.87, 'm2-1': 28.58, 'm3-1': 10.14, 'm4-1': 98.76, 'm5-1': 27.79, 'm6-1': 26.27, 'm7-1': 109.88, 'm8-1': 9.61}",14.415,35.516999999999996,45.126999999999995,inf,116.736,116.736
11,T5,BESTEFFORT,COMPLETED,m5-1,8.67,"{'m1-1': 102.15, 'm2-1': 25.27, 'm3-1': 10.63, 'm4-1': 104.27, 'm5-1': 23.12, 'm6-1': 28.4, 'm7-1': 99.26, 'm8-1': 10.97}",34.68,30.413,53.533,inf,118.67,118.67
12,T6,BESTEFFORT,COMPLETED,m6-1,8.918,"{'m1-1': 114.76, 'm2-1': 28.65, 'm3-1': 10.8, 'm4-1': 105.39, 'm5-1': 27.04, 'm6-1': 25.4, 'm7-1': 107.46, 'm8-1': 9.41}",38.099999999999994,28.804000000000002,54.204,inf,118.918,118.918
13,T5,BESTEFFORT,COMPLETED,m2-1,9.187,"{'m1-1': 107.19, 'm2-1': 24.73, 'm3-1': 9.88, 'm4-1': 107.44, 'm5-1': 25.41, 'm6-1': 27.64, 'm7-1': 97.79, 'm8-1': 11.27}",37.095,31.858,56.588,inf,119.187,119.187
14,T5,BESTEFFORT,COMPLETED,m5-1,9.431,"{'m1-1': 98.65, 'm2-1': 27.48, 'm3-1': 10.87, 'm4-1': 107.82, 'm5-1': 26.61, 'm6-1': 26.28, 'm7-1': 101.37, 'm8-1': 10.15}",39.915,53.533,80.143,inf,119.431,119.431
15,T7,BESTEFFORT,COMPLETED,m3-1,11.433,"{'m1-1': 96.13, 'm2-1': 27.83, 'm3-1': 10.32, 'm4-1': 101.83, 'm5-1': 25.43, 'm6-1': 24.33, 'm7-1': 113.69, 'm8-1': 10.27}",15.48,39.828,50.148,inf,121.43299999999999,121.43299999999999
16,T2,BESTEFFORT,COMPLETED,m8-1,13.646,"{'m1-1': 107.06, 'm2-1': 26.24, 'm3-1': 10.81, 'm4-1': 112.8, 'm5-1': 24.88, 'm6-1': 27.45, 'm7-1': 109.61, 'm8-1': 11.19}",16.785,45.126999999999995,56.31699999999999,inf,123.646,123.646
17,T7,BESTEFFORT,COMPLETED,m6-1,14.331,"{'m1-1': 102.67, 'm2-1': 25.5, 'm3-1': 10.49, 'm4-1': 94.18, 'm5-1': 24.18, 'm6-1': 24.69, 'm7-1': 104.52, 'm8-1': 11.84}",37.035000000000004,54.204,78.894,inf,124.331,124.331
18,T6,BESTEFFORT,COMPLETED,m2-1,14.549,"{'m1-1': 96.89, 'm2-1': 28.39, 'm3-1': 9.82, 'm4-1': 101.75, 'm5-1': 25.79, 'm6-1': 27.16, 'm7-1': 101.38, 'm8-1': 10.66}",42.585,56.588,84.97800000000001,inf,124.549,124.549
19,T6,BESTEFFORT,COMPLETED,m5-1,14.782,"{'m1-1': 101.27, 'm2-1': 24.6, 'm3-1': 9.52, 'm4-1': 106.8, 'm5-1': 28.02, 'm6-1': 23.57, 'm7-1': 102.49, 'm8-1': 9.48}",42.03,80.143,108.163,inf,124.782,124.782
20,T3,BESTEFFORT,COMPLETED,m6-1,15.518,"{'m1-1': 99.06, 'm2-1': 26.72, 'm3-1': 10.07, 'm4-1': 99.48, 'm5-1': 28.23, 'm6-1': 25.25, 'm7-1': 101.45, 'm8-1': 10.24}",37.875,78.894,104.144,inf,125.518,125.518
21,T1,BESTEFFORT,COMPLETED,m1-1,16.518,"{'m1-1': 99.7, 'm2-1': 25.45, 'm3-1': 9.67, 'm4-1': 103.24, 'm5-1': 25.7, 'm6-1': 24.32, 'm7-1': 105.95, 'm8-1': 10.34}",149.55,16.518,116.218,inf,126.518,126.518
22,T6,BESTEFFORT,COMPLETED,m2-1,16.961,"{'m1-1': 101.06, 'm2-1': 24.93, 'm3-1': 10.52, 'm4-1': 104.01, 'm5-1': 25.67, 'm6-1': 23.49, 'm7-1': 100.75, 'm8-1': 10.27}",37.394999999999996,84.97800000000001,109.90800000000002,inf,126.961,126.961
23,T1,BESTEFFORT,MISSED,m4-1,18.462,"{'m1-1': 101.33, 'm2-1': 24.99, 'm3-1': 10.93, 'm4-1': 113.23, 'm5-1': 26.06, 'm6-1': 24.48, 'm7-1': 112.94, 'm8-1': 10.46}",164.99999999999997,18.462,inf,128.462,128.462,128.462
24,T4,BESTEFFORT,COMPLETED,m7-1,18.814,"{'m1-1': 101.7, 'm2-1': 23.9, 'm3-1': 9.39, 'm4-1': 108.86, 'm5-1': 24.62, 'm6-1': 26.23, 'm7-1': 109.61, 'm8-1': 11.17}",164.415,18.814,128.424,inf,128.814,128.814
25,T1,BESTEFFORT,MISSED,m1-1,19.483,"{'m1-1': 101.33, 'm2-1': 28.34, 'm3-1': 9.89, 'm4-1': 109.67, 'm5-1': 23.14, 'm6-1': 26.45, 'm7-1': 113.5, 'm8-1': 11.14}",19.8975,116.218,inf,129.483,129.483,129.483
26,T8,BESTEFFORT,MISSED,m7-1,20.384,"{'m1-1': 112.46, 'm2-1': 26.18, 'm3-1': 9.28, 'm4-1': 108.72, 'm5-1': 27.85, 'm6-1': 27.07, 'm7-1': 106.79, 'm8-1': 10.26}",2.940000000000012,128.424,inf,130.38400000000001,130.38400000000001,130.38400000000001
27,T3,BESTEFFORT,MISSED,m7-1,20.922,"{'m1-1': 114.04, 'm2-1': 24.79, 'm3-1': 9.66, 'm4-1': 93.51, 'm5-1': 24.17, 'm6-1': 25.54, 'm7-1': 106.28, 'm8-1': 9.73}",0.8069999999999737,130.38400000000001,inf,130.922,130.922,130.922
28,T6,BESTEFFORT,COMPLETED,m3-1,21.312,"{'m1-1': 98.07, 'm2-1': 28.7, 'm3-1': 10.08, 'm4-1': 98.89, 'm5-1': 27.04, 'm6-1': 26.5, 'm7-1': 96.8, 'm8-1': 9.35}",15.120000000000001,50.148,60.228,inf,131.312,131.312
29,T10,BESTEFFORT,MISSED,m7-1,21.919,"{'m1-1': 101.07, 'm2-1': 26.66, 'm3-1': 9.78, 'm4-1': 110.42, 'm5-1': 26.9, 'm6-1': 26.15, 'm7-1': 103.9, 'm8-1': 10.05}",1.4955000000000211,130.922,inf,131.919,131.919,131.919
30,T5,BESTEFFORT,MISSED,m4-1,23.514,"{'m1-1': 99.18, 'm2-1': 26.19, 'm3-1': 10.53, 'm4-1': 97.57, 'm5-1': 26.31, 'm6-1': 26.93, 'm7-1': 106.25, 'm8-1': 11.53}",7.578000000000031,128.462,inf,133.514,133.514,133.514
31,T4,BESTEFFORT,MISSED,m4-1,23.672,"{'m1-1': 111.91, 'm2-1': 24.79, 'm3-1': 9.61, 'm4-1': 102.19, 'm5-1': 27.07, 'm6-1': 28.3, 'm7-1': 112.54, 'm8-1': 11.14}",0.23699999999998056,133.514,inf,133.672,133.672,133.672
32,T6,BESTEFFORT,MISSED,m1-1,23.839,"{'m1-1': 104.15, 'm2-1': 26.53, 'm3-1': 10.29, 'm4-1': 100.03, 'm5-1': 26.56, 'm6-1': 25.28, 'm7-1': 104.58, 'm8-1': 9.31}",6.533999999999992,129.483,inf,133.839,133.839,133.839
33,T1,BESTEFFORT,MISSED,m4-1,23.949,"{'m1-1': 96.72, 'm2-1': 25.91, 'm3-1': 10.32, 'm4-1': 110.22, 'm5-1': 23.31, 'm6-1': 27.1, 'm7-1': 96.66, 'm8-1': 10.2}",0.41550000000002285,133.672,inf,133.949,133.949,133.949
34,T2,BESTEFFORT,COMPLETED,m8-1,25.534,"{'m1-1': 98.43, 'm2-1': 26.8, 'm3-1': 9.66, 'm4-1': 107.13, 'm5-1': 28.41, 'm6-1': 27.54, 'm7-1': 101.79, 'm8-1': 11.2}",16.799999999999997,56.31699999999999,67.517,inf,135.534,135.534
35,T3,BESTEFFORT,MISSED,m1-1,26.074,"{'m1-1': 97.0, 'm2-1': 27.81, 'm3-1': 10.74, 'm4-1': 104.89, 'm5-1': 26.11, 'm6-1': 25.53, 'm7-1': 97.38, 'm8-1': 9.32}",3.3525000000000205,133.839,inf,136.074,136.074,136.074
36,T9,BESTEFFORT,COMPLETED,m6-1,26.383,"{'m1-1': 115.32, 'm2-1': 26.59, 'm3-1': 10.96, 'm4-1': 102.87, 'm5-1': 27.79, 'm6-1': 27.41, 'm7-1': 102.7, 'm8-1': 10.12}",41.115,104.144,131.554,inf,136.383,136.383
37,T4,BESTEFFORT,COMPLETED,m5-1,26.52,"{'m1-1': 101.92, 'm2-1': 25.62, 'm3-1': 9.88, 'm4-1': 100.51, 'm5-1': 26.73, 'm6-1': 25.97, 'm7-1': 95.8, 'm8-1': 10.03}",40.095,108.163,134.893,inf,136.52,136.52
38,T4,BESTEFFORT,COMPLETED,m3-1,28.097,"{'m1-1': 102.78, 'm2-1': 25.99, 'm3-1': 10.54, 'm4-1': 102.37, 'm5-1': 26.11, 'm6-1': 28.82, 'm7-1': 97.57, 'm8-1': 10.58}",15.809999999999999,60.228,70.768,inf,138.097,138.097
39,T1,BESTEFFORT,COMPLETED,m8-1,29.377,"{'m1-1': 103.65, 'm2-1': 26.56, 'm3-1': 9.57, 'm4-1': 115.91, 'm5-1': 23.04, 'm6-1': 25.64, 'm7-1': 106.02, 'm8-1': 10.17}",15.254999999999999,67.517,77.687,inf,139.377,139.377
40,T10,BESTEFFORT,COMPLETED,m2-1,30.288,"{'m1-1': 100.02, 'm2-1': 27.46, 'm3-1': 10.2, 'm4-1': 109.84, 'm5-1': 24.53, 'm6-1': 24.51, 'm7-1': 110.19, 'm8-1': 9.69}",41.19,109.90800000000002,137.36800000000002,inf,140.288,140.288
41,T3,BESTEFFORT,COMPLETED,m3-1,30.291,"{'m1-1': 99.93, 'm2-1': 28.55, 'm3-1': 10.39, 'm4-1': 108.32, 'm5-1': 26.72, 'm6-1': 24.9, 'm7-1': 111.41, 'm8-1': 10.65}",15.585,70.768,81.158,inf,140.291,140.291
42,T2,BESTEFFORT,COMPLETED,m8-1,30.889,"{'m1-1': 98.35, 'm2-1': 26.38, 'm3-1': 10.87, 'm4-1': 99.29, 'm5-1': 25.33, 'm6-1': 27.42, 'm7-1': 94.25, 'm8-1': 10.07}",15.105,77.687,87.757,inf,140.889,140.889
43,T3,BESTEFFORT,COMPLETED,m3-1,33.043,"{'m1-1': 105.65, 'm2-1': 24.67, 'm3-1': 10.88, 'm4-1': 109.02, 'm5-1': 24.7, 'm6-1': 24.84, 'm7-1': 104.49, 'm8-1': 10.6}",16.32,90.748,101.628,inf,143.043,143.043
44,T1,BESTEFFORT,COMPLETED,m3-1,33.078,"{'m1-1': 101.56, 'm2-1': 25.52, 'm3-1': 9.59, 'm4-1': 115.41, 'm5-1': 25.32, 'm6-1': 27.65, 'm7-1': 98.98, 'm8-1': 11.02}",14.385,81.158,90.748,inf,143.078,143.078
45,T6,BESTEFFORT,COMPLETED,m8-1,33.345,"{'m1-1': 110.23, 'm2-1': 25.1, 'm3-1': 9.48, 'm4-1': 100.0, 'm5-1': 24.35, 'm6-1': 25.15, 'm7-1': 97.17, 'm8-1': 9.26}",13.89,87.757,97.01700000000001,inf,143.345,143.345
46,T1,BESTEFFORT,COMPLETED,m3-1,34.182,"{'m1-1': 109.89, 'm2-1': 27.24, 'm3-1': 10.16, 'm4-1': 104.12, 'm5-1': 25.17, 'm6-1': 25.25, 'm7-1': 101.8, 'm8-1': 11.11}",15.24,101.628,111.788,inf,144.18200000000002,144.18200000000002
47,T5,BESTEFFORT,COMPLETED,m8-1,34.212,"{'m1-1': 108.78, 'm2-1': 27.6, 'm3-1': 10.39, 'm4-1': 100.14, 'm5-1': 25.46, 'm6-1': 26.3, 'm7-1': 97.95, 'm8-1': 11.36}",17.04,97.01700000000001,108.37700000000001,inf,144.212,144.212
48,T4,BESTEFFORT,COMPLETED,m3-1,35.568,"{'m1-1': 111.67, 'm2-1': 23.3, 'm3-1': 10.26, 'm4-1': 108.01, 'm5-1': 24.33, 'm6-1': 26.68, 'm7-1': 95.56, 'm8-1': 10.02}",15.39,121.408,131.668,inf,145.56799999999998,145.56799999999998
49,T2,BESTEFFORT,COMPLETED,m8-1,35.912,"{'m1-1': 107.62, 'm2-1': 26.14, 'm3-1': 10.33, 'm4-1': 105.4, 'm5-1': 28.46, 'm6-1': 27.79, 'm7-1': 109.18, 'm8-1': 10.83}",16.245,119.24700000000001,130.07700000000003,inf,145.912,145.912
50,T1,BESTEFFORT,COMPLETED,m3-1,35.947,"{'m1-1': 101.95, 'm2-1': 26.66, 'm3-1': 9.62, 'm4-1': 112.52, 'm5-1': 24.33, 'm6-1': 24.77, 'm7-1': 102.85, 'm8-1': 10.76}",14.43,111.788,121.408,inf,145.947,145.947
51,T2,BESTEFFORT,COMPLETED,m8-1,36.163,"{'m1-1': 109.29, 'm2-1': 25.61, 'm3-1': 9.46, 'm4-1': 107.66, 'm5-1': 25.42, 'm6-1': 25.21, 'm7-1': 97.33, 'm8-1': 10.87}",16.305,108.37700000000001,119.24700000000001,inf,146.163,146.163
52,T2,BESTEFFORT,COMPLETED,m3-1,37.703,"{'m1-1': 107.51, 'm2-1': 26.23, 'm3-1': 10.48, 'm4-1': 106.9, 'm5-1': 26.7, 'm6-1': 24.32, 'm7-1': 104.78, 'm8-1': 11.34}",15.72,131.668,142.148,inf,147.703,147.703
53,T5,BESTEFFORT,COMPLETED,m8-1,37.807,"{'m1-1': 94.63, 'm2-1': 27.97, 'm3-1': 9.8, 'm4-1': 105.9, 'm5-1': 24.65, 'm6-1': 24.51, 'm7-1': 105.32, 'm8-1': 10.49}",15.735,130.07700000000003,140.56700000000004,inf,147.80700000000002,147.80700000000002
54,T1,BESTEFFORT,MISSED,m7-1,38.626,"{'m1-1': 100.61, 'm2-1': 27.94, 'm3-1': 9.77, 'm4-1': 114.13, 'm5-1': 23.94, 'm6-1': 26.54, 'm7-1': 101.73, 'm8-1': 11.17}",0.0,225.209,inf,225.209,148.626,148.626
55,T2,BESTEFFORT,MISSED,m4-1,38.881,"{'m1-1': 102.57, 'm2-1': 25.82, 'm3-1': 10.28, 'm4-1': 110.91, 'm5-1': 24.27, 'm6-1': 26.25, 'm7-1': 98.22, 'm8-1': 10.55}",0.0,234.73900000000003,inf,234.73900000000003,148.881,148.881
56,T3,BESTEFFORT,MISSED,m6-1,40.089,"{'m1-1': 113.23, 'm2-1': 27.86, 'm3-1': 9.84, 'm4-1': 94.49, 'm5-1': 25.95, 'm6-1': 28.83, 'm7-1': 110.86, 'm8-1': 10.6}",0.0,186.184,inf,186.184,150.089,150.089
57,T5,BESTEFFORT,CANCELLED,,40.091,"{'m1-1': 109.18, 'm2-1': 26.33, 'm3-1': 10.81, 'm4-1': 107.22, 'm5-1': 23.62, 'm6-1': 24.16, 'm7-1': 99.87, 'm8-1': 10.42}",0.0,inf,inf,inf,150.091,150.091
58,T1,BESTEFFORT,MISSED,m1-1,40.153,"{'m1-1': 109.38, 'm2-1': 24.66, 'm3-1': 10.4, 'm4-1': 109.32, 'm5-1': 25.21, 'm6-1': 23.67, 'm7-1': 98.88, 'm8-1': 10.72}",0.0,151.262,inf,151.262,150.153,150.153
59,T3,BESTEFFORT,MISSED,m1-1,41.262,"{'m1-1': 100.09, 'm2-1': 25.24, 'm3-1': 9.21, 'm4-1': 109.49, 'm5-1': 27.3, 'm6-1': 28.03, 'm7-1': 108.34, 'm8-1': 9.52}",22.781999999999982,136.074,inf,151.262,151.262,151.262
60,T6,BESTEFFORT,COMPLETED,m8-1,42.031,"{'m1-1': 105.39, 'm2-1': 25.54, 'm3-1': 10.97, 'm4-1': 109.36, 'm5-1': 25.19, 'm6-1': 25.66, 'm7-1': 106.98, 'm8-1': 9.84}",14.76,140.56700000000004,150.40700000000004,inf,152.031,152.031
61,T3,BESTEFFORT,MISSED,m4-1,42.082,"{'m1-1': 102.5, 'm2-1': 28.65, 'm3-1': 10.83, 'm4-1': 99.44, 'm5-1': 24.84, 'm6-1': 28.2, 'm7-1': 110.01, 'm8-1': 10.05}",0.0,234.73900000000003,inf,234.73900000000003,152.082,152.082
62,T2,BESTEFFORT,MISSED,m4-1,42.247,"{'m1-1': 100.49, 'm2-1': 23.93, 'm3-1': 9.52, 'm4-1': 106.75, 'm5-1': 26.42, 'm6-1': 25.98, 'm7-1': 93.16, 'm8-1': 9.86}",0.0,234.73900000000003,inf,234.73900000000003,152.247,152.247
63,T4,BESTEFFORT,COMPLETED,m3-1,45.631,"{'m1-1': 111.13, 'm2-1': 27.44, 'm3-1': 9.32, 'm4-1': 106.57, 'm5-1': 23.38, 'm6-1': 27.89, 'm7-1': 112.85, 'm8-1': 11.25}",13.98,142.148,151.468,inf,155.631,155.631
64,T10,BESTEFFORT,MISSED,m5-1,46.555,"{'m1-1': 104.28, 'm2-1': 25.94, 'm3-1': 10.46, 'm4-1': 105.81, 'm5-1': 24.74, 'm6-1': 27.86, 'm7-1': 102.58, 'm8-1': 10.07}",32.49300000000001,134.893,inf,156.555,156.555,156.555
65,T7,BESTEFFORT,MISSED,m1-1,46.762,"{'m1-1': 101.03, 'm2-1': 27.41, 'm3-1': 9.83, 'm4-1': 110.43, 'm5-1': 23.86, 'm6-1': 28.85, 'm7-1': 103.34, 'm8-1': 11.6}",8.25,151.262,inf,156.762,156.762,156.762
66,T7,BESTEFFORT,MISSED,m7-1,47.943,"{'m1-1': 96.98, 'm2-1': 27.65, 'm3-1': 9.66, 'm4-1': 106.61, 'm5-1': 25.83, 'm6-1': 25.78, 'm7-1': 101.87, 'm8-1': 11.31}",0.0,225.209,inf,225.209,157.94299999999998,157.94299999999998
67,T7,BESTEFFORT,MISSED,m1-1,48.237,"{'m1-1': 111.76, 'm2-1': 25.1, 'm3-1': 9.48, 'm4-1': 99.19, 'm5-1': 24.99, 'm6-1': 25.51, 'm7-1': 102.33, 'm8-1': 11.03}",2.2124999999999915,156.762,inf,158.237,158.237,158.237
68,T2,BESTEFFORT,CANCELLED,,48.24,"{'m1-1': 98.91, 'm2-1': 25.18, 'm3-1': 9.51, 'm4-1': 117.58, 'm5-1': 27.1, 'm6-1': 26.81, 'm7-1': 108.77, 'm8-1': 10.11}",0.0,inf,inf,inf,158.24,158.24
69,T5,BESTEFFORT,MISSED,m1-1,48.417,"{'m1-1': 97.19, 'm2-1': 26.38, 'm3-1': 10.9, 'm4-1': 97.39, 'm5-1': 25.19, 'm6-1': 27.0, 'm7-1': 111.04, 'm8-1': 10.92}",0.0,255.177,inf,255.177,158.417,158.417
70,T2,BESTEFFORT,CANCELLED,,48.702,"{'m1-1': 94.89, 'm2-1': 25.35, 'm3-1': 10.17, 'm4-1': 111.37, 'm5-1': 24.62, 'm6-1': 25.32, 'm7-1': 95.31, 'm8-1': 10.18}",0.0,inf,inf,inf,158.702,158.702
71,T7,BESTEFFORT,MISSED,m1-1,48.775,"{'m1-1': 107.25, 'm2-1': 24.35, 'm3-1': 10.26, 'm4-1': 101.24, 'm5-1': 26.47, 'm6-1': 28.82, 'm7-1': 104.59, 'm8-1': 10.82}",0.0,255.177,inf,255.177,158.775,158.775
72,T9,BESTEFFORT,MISSED,m7-1,48.777,"{'m1-1': 113.57, 'm2-1': 28.11, 'm3-1': 10.37, 'm4-1': 106.08, 'm5-1': 26.35, 'm6-1': 28.64, 'm7-1': 107.93, 'm8-1': 10.58}",0.0,225.209,inf,225.209,158.777,158.777
73,T8,BESTEFFORT,MISSED,m1-1,50.532,"{'m1-1': 108.55, 'm2-1': 26.59, 'm3-1': 9.62, 'm4-1': 108.89, 'm5-1': 27.85, 'm6-1': 28.96, 'm7-1': 92.51, 'm8-1': 9.72}",0.0,255.177,inf,255.177,160.53199999999998,160.53199999999998
74,T2,BESTEFFORT,CANCELLED,,50.658,"{'m1-1': 109.0, 'm2-1': 26.28, 'm3-1': 9.76, 'm4-1': 116.45, 'm5-1': 28.42, 'm6-1': 25.6, 'm7-1': 95.23, 'm8-1': 10.07}",0.0,inf,inf,inf,160.65800000000002,160.65800000000002
75,T9,BESTEFFORT,COMPLETED,m6-1,51.333,"{'m1-1': 104.92, 'm2-1': 26.58, 'm3-1': 10.93, 'm4-1': 107.0, 'm5-1': 24.98, 'm6-1': 28.28, 'm7-1': 105.22, 'm8-1': 10.0}",42.42,131.554,159.834,inf,161.333,161.333
76,T4,BESTEFFORT,COMPLETED,m8-1,51.931,"{'m1-1': 101.17, 'm2-1': 23.19, 'm3-1': 9.18, 'm4-1': 91.8, 'm5-1': 27.12, 'm6-1': 27.23, 'm7-1': 103.33, 'm8-1': 10.28}",15.419999999999998,150.40700000000004,160.68700000000004,inf,161.93099999999998,161.93099999999998
77,T3,BESTEFFORT,COMPLETED,m3-1,55.115,"{'m1-1': 109.15, 'm2-1': 26.94, 'm3-1': 10.12, 'm4-1': 101.16, 'm5-1': 25.42, 'm6-1': 26.44, 'm7-1': 106.67, 'm8-1': 10.12}",15.18,151.468,161.588,inf,165.115,165.115
78,T8,BESTEFFORT,COMPLETED,m2-1,55.765,"{'m1-1': 109.48, 'm2-1': 23.73, 'm3-1': 10.52, 'm4-1': 96.94, 'm5-1': 23.75, 'm6-1': 27.77, 'm7-1': 99.48, 'm8-1': 9.8}",35.595,137.36800000000002,161.098,inf,165.765,165.765
79,T3,BESTEFFORT,CANCELLED,,57.034,"{'m1-1': 104.55, 'm2-1': 25.73, 'm3-1': 9.54, 'm4-1': 104.38, 'm5-1': 28.22, 'm6-1': 27.25, 'm7-1': 98.37, 'm8-1': 9.75}",0.0,inf,inf,inf,167.034,167.034
80,T2,BESTEFFORT,CANCELLED,,57.351,"{'m1-1': 97.5, 'm2-1': 25.68, 'm3-1': 10.63, 'm4-1': 101.17, 'm5-1': 25.77, 'm6-1': 25.09, 'm7-1': 97.53, 'm8-1': 10.7}",0.0,inf,inf,inf,167.351,167.351
81,T4,BESTEFFORT,CANCELLED,,57.472,"{'m1-1': 103.66, 'm2-1': 26.12, 'm3-1': 10.1, 'm4-1': 101.1, 'm5-1': 23.75, 'm6-1': 28.85, 'm7-1': 108.5, 'm8-1': 9.99}",0.0,inf,inf,inf,167.472,167.472
82,T3,BESTEFFORT,CANCELLED,,58.292,"{'m1-1': 105.75, 'm2-1': 25.78, 'm3-1': 9.97, 'm4-1': 103.83, 'm5-1': 23.98, 'm6-1': 25.99, 'm7-1': 110.85, 'm8-1': 10.85}",0.0,inf,inf,inf,168.292,168.292
83,T10,BESTEFFORT,CANCELLED,,59.06,"{'m1-1': 99.51, 'm2-1': 25.18, 'm3-1': 9.49, 'm4-1': 101.71, 'm5-1': 26.16, 'm6-1': 27.71, 'm7-1': 114.72, 'm8-1': 10.81}",0.0,inf,inf,inf,169.06,169.06
84,T5,BESTEFFORT,CANCELLED,,59.351,"{'m1-1': 94.04, 'm2-1': 27.48, 'm3-1': 11.38, 'm4-1': 95.79, 'm5-1': 25.5, 'm6-1': 26.51, 'm7-1': 108.62, 'm8-1': 11.46}",0.0,inf,inf,inf,169.351,169.351
85,T10,BESTEFFORT,CANCELLED,,59.548,"{'m1-1': 109.68, 'm2-1': 25.04, 'm3-1': 10.22, 'm4-1': 99.14, 'm5-1': 27.22, 'm6-1': 26.84, 'm7-1': 106.33, 'm8-1': 10.24}",0.0,inf,inf,inf,169.548,169.548
86,T3,BESTEFFORT,MISSED,m3-1,60.926,"{'m1-1': 108.66, 'm2-1': 26.34, 'm3-1': 10.59, 'm4-1': 94.35, 'm5-1': 23.89, 'm6-1': 28.4, 'm7-1': 100.59, 'm8-1': 10.52}",14.00699999999999,161.588,inf,170.926,170.926,170.926
87,T6,BESTEFFORT,COMPLETED,m8-1,61.243,"{'m1-1': 109.41, 'm2-1': 27.16, 'm3-1': 9.92, 'm4-1': 109.86, 'm5-1': 26.9, 'm6-1': 25.6, 'm7-1': 106.14, 'm8-1': 10.23}",15.345,160.68700000000004,170.91700000000003,inf,171.243,171.243
88,T6,BESTEFFORT,CANCELLED,,61.663,"{'m1-1': 107.63, 'm2-1': 26.85, 'm3-1': 10.01, 'm4-1': 97.39, 'm5-1': 24.9, 'm6-1': 27.14, 'm7-1': 99.66, 'm8-1': 9.72}",0.0,inf,inf,inf,171.663,171.663
89,T10,BESTEFFORT,CANCELLED,,63.33,"{'m1-1': 108.11, 'm2-1': 23.52, 'm3-1': 9.73, 'm4-1': 103.14, 'm5-1': 23.83, 'm6-1': 23.82, 'm7-1': 115.98, 'm8-1': 10.22}",0.0,inf,inf,inf,173.32999999999998,173.32999999999998
90,T10,BESTEFFORT,CANCELLED,,63.62,"{'m1-1': 111.72, 'm2-1': 25.08, 'm3-1': 10.01, 'm4-1': 100.39, 'm5-1': 28.3, 'm6-1': 26.92, 'm7-1': 103.46, 'm8-1': 10.36}",0.0,inf,inf,inf,173.62,173.62
91,T2,BESTEFFORT,CANCELLED,,64.93,"{'m1-1': 105.86, 'm2-1': 26.16, 'm3-1': 10.23, 'm4-1': 101.71, 'm5-1': 28.47, 'm6-1': 27.37, 'm7-1': 106.8, 'm8-1': 11.48}",0.0,inf,inf,inf,174.93,174.93
92,T6,BESTEFFORT,CANCELLED,,68.361,"{'m1-1': 97.16, 'm2-1': 28.19, 'm3-1': 9.53, 'm4-1': 103.05, 'm5-1': 27.01, 'm6-1': 27.68, 'm7-1': 104.58, 'm8-1': 10.57}",0.0,inf,inf,inf,178.361,178.361
93,T2,BESTEFFORT,CANCELLED,,69.076,"{'m1-1': 107.57, 'm2-1': 25.14, 'm3-1': 9.59, 'm4-1': 110.86, 'm5-1': 25.08, 'm6-1': 26.03, 'm7-1': 103.4, 'm8-1': 10.27}",0.0,inf,inf,inf,179.076,179.076
94,T8,BESTEFFORT,CANCELLED,,70.386,"{'m1-1': 106.13, 'm2-1': 24.67, 'm3-1': 9.99, 'm4-1': 106.03, 'm5-1': 24.78, 'm6-1': 29.49, 'm7-1': 101.88, 'm8-1': 10.42}",0.0,inf,inf,inf,180.386,180.386
95,T7,BESTEFFORT,MISSED,m8-1,71.082,"{'m1-1': 109.33, 'm2-1': 23.73, 'm3-1': 10.52, 'm4-1': 109.8, 'm5-1': 26.98, 'm6-1': 24.49, 'm7-1': 118.43, 'm8-1': 10.22}",15.247499999999945,170.91700000000003,inf,181.082,181.082,181.082
96,T1,BESTEFFORT,CANCELLED,,71.292,"{'m1-1': 95.98, 'm2-1': 27.62, 'm3-1': 9.64, 'm4-1': 112.95, 'm5-1': 23.45, 'm6-1': 25.92, 'm7-1': 114.24, 'm8-1': 11.35}",0.0,inf,inf,inf,181.292,181.292
97,T4,BESTEFFORT,MISSED,m5-1,72.363,"{'m1-1': 102.88, 'm2-1': 25.12, 'm3-1': 9.38, 'm4-1': 102.72, 'm5-1': 26.28, 'm6-1': 27.59, 'm7-1': 98.27, 'm8-1': 10.0}",38.71199999999999,156.555,inf,182.363,182.363,182.363
98,T8,BESTEFFORT,COMPLETED,m3-1,72.89,"{'m1-1': 104.64, 'm2-1': 25.17, 'm3-1': 10.21, 'm4-1': 103.68, 'm5-1': 27.71, 'm6-1': 25.63, 'm7-1': 98.62, 'm8-1': 10.64}",15.315000000000001,170.926,181.136,inf,182.89,182.89
99,T2,BESTEFFORT,CANCELLED,,73.735,"{'m1-1': 103.7, 'm2-1': 23.73, 'm3-1': 9.98, 'm4-1': 109.54, 'm5-1': 27.86, 'm6-1': 27.98, 'm7-1': 93.16, 'm8-1': 10.66}",0.0,inf,inf,inf,183.735,183.735
100,T8,BESTEFFORT,COMPLETED,m6-1,78.147,"{'m1-1': 105.7, 'm2-1': 24.76, 'm3-1': 10.62, 'm4-1': 108.62, 'm5-1': 25.72, 'm6-1': 26.35, 'm7-1': 95.02, 'm8-1': 10.46}",39.525000000000006,159.834,186.184,inf,188.147,188.147
101,T8,BESTEFFORT,CANCELLED,,78.828,"{'m1-1': 104.68, 'm2-1': 25.06, 'm3-1': 9.28, 'm4-1': 97.6, 'm5-1': 25.91, 'm6-1': 28.84, 'm7-1': 104.34, 'm8-1': 9.45}",0.0,inf,inf,inf,188.828,188.828
102,T10,BESTEFFORT,CANCELLED,,79.162,"{'m1-1': 105.8, 'm2-1': 25.02, 'm3-1': 9.52, 'm4-1': 106.87, 'm5-1': 27.55, 'm6-1': 25.88, 'm7-1': 102.9, 'm8-1': 10.55}",0.0,inf,inf,inf,189.162,189.162
103,T5,BESTEFFORT,CANCELLED,,79.828,"{'m1-1': 107.31, 'm2-1': 28.32, 'm3-1': 10.42, 'm4-1': 105.97, 'm5-1': 26.07, 'm6-1': 28.59, 'm7-1': 98.63, 'm8-1': 11.5}",0.0,inf,inf,inf,189.828,189.828
104,T5,BESTEFFORT,CANCELLED,,81.958,"{'m1-1': 99.44, 'm2-1': 26.65, 'm3-1': 11.18, 'm4-1': 106.37, 'm5-1': 24.05, 'm6-1': 26.08, 'm7-1': 93.76, 'm8-1': 10.45}",0.0,inf,inf,inf,191.958,191.958
105,T3,BESTEFFORT,COMPLETED,m3-1,82.319,"{'m1-1': 104.59, 'm2-1': 26.73, 'm3-1': 9.85, 'm4-1': 99.58, 'm5-1': 24.0, 'm6-1': 27.46, 'm7-1': 105.03, 'm8-1': 9.7}",14.774999999999999,181.136,190.986,inf,192.31900000000002,192.31900000000002
106,T1,BESTEFFORT,COMPLETED,m8-1,82.647,"{'m1-1': 103.2, 'm2-1': 26.86, 'm3-1': 10.27, 'm4-1': 100.78, 'm5-1': 27.07, 'm6-1': 26.17, 'm7-1': 98.21, 'm8-1': 9.97}",14.955000000000002,181.082,191.052,inf,192.647,192.647
107,T3,BESTEFFORT,COMPLETED,m2-1,82.825,"{'m1-1': 102.97, 'm2-1': 25.86, 'm3-1': 9.52, 'm4-1': 99.53, 'm5-1': 26.35, 'm6-1': 25.85, 'm7-1': 107.16, 'm8-1': 9.39}",38.79,161.098,186.95800000000003,inf,192.825,192.825
108,T7,BESTEFFORT,CANCELLED,,84.379,"{'m1-1': 105.12, 'm2-1': 26.99, 'm3-1': 10.47, 'm4-1': 94.75, 'm5-1': 23.5, 'm6-1': 26.61, 'm7-1': 102.14, 'm8-1': 10.53}",0.0,inf,inf,inf,194.37900000000002,194.37900000000002
109,T7,BESTEFFORT,CANCELLED,,86.584,"{'m1-1': 99.29, 'm2-1': 23.42, 'm3-1': 10.8, 'm4-1': 97.73, 'm5-1': 24.61, 'm6-1': 27.12, 'm7-1': 100.46, 'm8-1': 10.5}",0.0,inf,inf,inf,196.584,196.584
110,T10,BESTEFFORT,CANCELLED,,87.694,"{'m1-1': 107.47, 'm2-1': 27.44, 'm3-1': 10.35, 'm4-1': 109.76, 'm5-1': 28.23, 'm6-1': 26.84, 'm7-1': 108.4, 'm8-1': 10.75}",0.0,inf,inf,inf,197.69400000000002,197.69400000000002
111,T4,BESTEFFORT,CANCELLED,,87.834,"{'m1-1': 103.91, 'm2-1': 24.32, 'm3-1': 9.6, 'm4-1': 106.09, 'm5-1': 26.36, 'm6-1': 28.8, 'm7-1': 109.72, 'm8-1': 9.96}",0.0,inf,inf,inf,197.834,197.834
112,T10,BESTEFFORT,CANCELLED,,91.344,"{'m1-1': 105.8, 'm2-1': 24.26, 'm3-1': 9.75, 'm4-1': 110.69, 'm5-1': 25.34, 'm6-1': 25.72, 'm7-1': 102.49, 'm8-1': 9.6}",0.0,inf,inf,inf,201.344,201.344
113,T1,BESTEFFORT,COMPLETED,m3-1,91.731,"{'m1-1': 96.96, 'm2-1': 27.58, 'm3-1': 10.15, 'm4-1': 112.86, 'm5-1': 25.18, 'm6-1': 26.3, 'm7-1': 108.08, 'm8-1': 11.36}",15.225000000000001,190.986,201.136,inf,201.731,201.731
114,T1,BESTEFFORT,COMPLETED,m8-1,93.317,"{'m1-1': 110.17, 'm2-1': 26.15, 'm3-1': 9.77, 'm4-1': 101.81, 'm5-1': 25.22, 'm6-1': 23.67, 'm7-1': 101.51, 'm8-1': 10.45}",15.674999999999999,191.052,201.50199999999998,inf,203.317,203.317
115,T6,BESTEFFORT,CANCELLED,,93.722,"{'m1-1': 100.52, 'm2-1': 25.49, 'm3-1': 9.92, 'm4-1': 108.24, 'm5-1': 27.1, 'm6-1': 24.03, 'm7-1': 99.01, 'm8-1': 10.34}",0.0,inf,inf,inf,203.72199999999998,203.72199999999998
116,T1,BESTEFFORT,CANCELLED,,94.021,"{'m1-1': 110.6, 'm2-1': 28.53, 'm3-1': 10.84, 'm4-1': 117.81, 'm5-1': 26.5, 'm6-1': 23.62, 'm7-1': 98.51, 'm8-1': 10.46}",0.0,inf,inf,inf,204.02100000000002,204.02100000000002
117,T8,BESTEFFORT,CANCELLED,,94.302,"{'m1-1': 112.2, 'm2-1': 25.65, 'm3-1': 9.53, 'm4-1': 113.2, 'm5-1': 27.82, 'm6-1': 27.51, 'm7-1': 109.34, 'm8-1': 10.94}",0.0,inf,inf,inf,204.30200000000002,204.30200000000002
118,T6,BESTEFFORT,CANCELLED,,94.877,"{'m1-1': 114.53, 'm2-1': 27.89, 'm3-1': 9.88, 'm4-1': 105.94, 'm5-1': 26.03, 'm6-1': 25.92, 'm7-1': 102.54, 'm8-1': 9.4}",0.0,inf,inf,inf,204.877,204.877
119,T4,BESTEFFORT,CANCELLED,,96.758,"{'m1-1': 108.28, 'm2-1': 25.12, 'm3-1': 9.19, 'm4-1': 100.36, 'm5-1': 23.39, 'm6-1': 25.49, 'm7-1': 99.15, 'm8-1': 11.53}",0.0,inf,inf,inf,206.75799999999998,206.75799999999998
120,T8,BESTEFFORT,CANCELLED,,97.04,"{'m1-1': 96.94, 'm2-1': 27.05, 'm3-1': 10.78, 'm4-1': 110.34, 'm5-1': 26.22, 'm6-1': 25.36, 'm7-1': 107.57, 'm8-1': 9.54}",0.0,inf,inf,inf,207.04000000000002,207.04000000000002
121,T10,BESTEFFORT,CANCELLED,,97.295,"{'m1-1': 111.42, 'm2-1': 24.89, 'm3-1': 10.2, 'm4-1': 110.52, 'm5-1': 24.26, 'm6-1': 25.55, 'm7-1': 115.57, 'm8-1': 9.69}",0.0,inf,inf,inf,207.29500000000002,207.29500000000002
122,T2,BESTEFFORT,CANCELLED,,97.37,"{'m1-1': 93.81, 'm2-1': 23.72, 'm3-1': 10.02, 'm4-1': 100.3, 'm5-1': 28.28, 'm6-1': 28.11, 'm7-1': 93.38, 'm8-1': 10.05}",0.0,inf,inf,inf,207.37,207.37
123,T7,BESTEFFORT,CANCELLED,,97.575,"{'m1-1': 108.04, 'm2-1': 23.58, 'm3-1': 10.03, 'm4-1': 95.14, 'm5-1': 26.85, 'm6-1': 24.55, 'm7-1': 100.59, 'm8-1': 10.06}",0.0,inf,inf,inf,207.575,207.575
124,T2,BESTEFFORT,COMPLETED,m5-1,97.74,"{'m1-1': 104.94, 'm2-1': 26.52, 'm3-1': 9.9, 'm4-1': 117.26, 'm5-1': 25.29, 'm6-1': 28.75, 'm7-1': 106.79, 'm8-1': 9.82}",37.935,182.363,207.653,inf,207.74,207.74
125,T5,BESTEFFORT,CANCELLED,,97.779,"{'m1-1': 107.75, 'm2-1': 25.34, 'm3-1': 10.0, 'm4-1': 101.82, 'm5-1': 24.05, 'm6-1': 26.49, 'm7-1': 110.8, 'm8-1': 10.42}",0.0,inf,inf,inf,207.779,207.779
126,T8,BESTEFFORT,CANCELLED,,98.107,"{'m1-1': 111.52, 'm2-1': 23.48, 'm3-1': 10.89, 'm4-1': 107.29, 'm5-1': 25.64, 'm6-1': 26.73, 'm7-1': 109.11, 'm8-1': 10.23}",0.0,inf,inf,inf,208.107,208.107
127,T8,BESTEFFORT,CANCELLED,,98.541,"{'m1-1': 98.08, 'm2-1': 24.01, 'm3-1': 9.25, 'm4-1': 113.53, 'm5-1': 27.54, 'm6-1': 29.17, 'm7-1': 96.79, 'm8-1': 10.58}",0.0,inf,inf,inf,208.541,208.541
128,T3,BESTEFFORT,CANCELLED,,99.269,"{'m1-1': 114.2, 'm2-1': 26.7, 'm3-1': 9.37, 'm4-1': 105.53, 'm5-1': 27.78, 'm6-1': 28.25, 'm7-1': 103.06, 'm8-1': 10.52}",0.0,inf,inf,inf,209.269,209.269
129,T2,BESTEFFORT,CANCELLED,,100.102,"{'m1-1': 94.23, 'm2-1': 26.97, 'm3-1': 10.9, 'm4-1': 112.8, 'm5-1': 24.61, 'm6-1': 25.37, 'm7-1': 94.18, 'm8-1': 10.93}",0.0,inf,inf,inf,210.102,210.102
130,T6,BESTEFFORT,CANCELLED,,100.172,"{'m1-1': 109.55, 'm2-1': 26.42, 'm3-1': 10.89, 'm4-1': 113.56, 'm5-1': 24.03, 'm6-1': 24.63, 'm7-1': 101.53, 'm8-1': 9.43}",0.0,inf,inf,inf,210.172,210.172
131,T5,BESTEFFORT,CANCELLED,,101.131,"{'m1-1': 104.16, 'm2-1': 27.2, 'm3-1': 10.05, 'm4-1': 92.64, 'm5-1': 25.13, 'm6-1': 25.96, 'm7-1': 93.54, 'm8-1': 11.46}",0.0,inf,inf,inf,211.131,211.131
132,T3,BESTEFFORT,CANCELLED,,101.41,"{'m1-1': 110.95, 'm2-1': 25.33, 'm3-1': 9.9, 'm4-1': 102.7, 'm5-1': 24.52, 'm6-1': 25.39, 'm7-1': 95.65, 'm8-1': 9.83}",0.0,inf,inf,inf,211.41,211.41
133,T10,BESTEFFORT,CANCELLED,,101.527,"{'m1-1': 98.42, 'm2-1': 26.18, 'm3-1': 10.78, 'm4-1': 103.95, 'm5-1': 26.59, 'm6-1': 26.38, 'm7-1': 112.45, 'm8-1': 10.57}",0.0,inf,inf,inf,211.527,211.527
134,T2,BESTEFFORT,MISSED,m6-1,101.538,"{'m1-1': 98.68, 'm2-1': 26.64, 'm3-1': 10.32, 'm4-1': 114.1, 'm5-1': 28.22, 'm6-1': 26.71, 'm7-1': 99.45, 'm8-1': 11.04}",38.03100000000002,186.184,inf,211.538,211.538,211.538
135,T3,BESTEFFORT,COMPLETED,m3-1,101.624,"{'m1-1': 104.6, 'm2-1': 24.88, 'm3-1': 9.46, 'm4-1': 109.17, 'm5-1': 25.42, 'm6-1': 26.5, 'm7-1': 94.78, 'm8-1': 10.19}",14.190000000000001,201.136,210.596,inf,211.624,211.624
136,T8,BESTEFFORT,CANCELLED,,103.009,"{'m1-1': 100.94, 'm2-1': 26.2, 'm3-1': 9.81, 'm4-1': 113.73, 'm5-1': 27.17, 'm6-1': 26.54, 'm7-1': 105.76, 'm8-1': 9.79}",0.0,inf,inf,inf,213.00900000000001,213.00900000000001
137,T1,BESTEFFORT,COMPLETED,m8-1,105.507,"{'m1-1': 105.43, 'm2-1': 27.83, 'm3-1': 10.68, 'm4-1': 112.69, 'm5-1': 24.1, 'm6-1': 25.59, 'm7-1': 101.64, 'm8-1': 10.83}",16.245,201.50199999999998,212.332,inf,215.507,215.507
138,T3,BESTEFFORT,COMPLETED,m2-1,106.139,"{'m1-1': 112.06, 'm2-1': 27.28, 'm3-1': 10.32, 'm4-1': 109.68, 'm5-1': 25.03, 'm6-1': 24.84, 'm7-1': 107.5, 'm8-1': 9.81}",40.92,186.95800000000003,214.23800000000003,inf,216.139,216.139
139,T8,BESTEFFORT,CANCELLED,,106.349,"{'m1-1': 98.8, 'm2-1': 23.87, 'm3-1': 10.63, 'm4-1': 112.17, 'm5-1': 24.76, 'm6-1': 28.34, 'm7-1': 104.14, 'm8-1': 10.54}",0.0,inf,inf,inf,216.349,216.349
140,T7,BESTEFFORT,CANCELLED,,106.358,"{'m1-1': 106.84, 'm2-1': 27.16, 'm3-1': 9.62, 'm4-1': 93.78, 'm5-1': 25.07, 'm6-1': 25.13, 'm7-1': 101.2, 'm8-1': 10.93}",0.0,inf,inf,inf,216.358,216.358
141,T5,BESTEFFORT,CANCELLED,,106.484,"{'m1-1': 108.97, 'm2-1': 26.03, 'm3-1': 10.43, 'm4-1': 105.02, 'm5-1': 25.52, 'm6-1': 25.98, 'm7-1': 110.88, 'm8-1': 10.94}",0.0,inf,inf,inf,216.48399999999998,216.48399999999998
142,T6,BESTEFFORT,CANCELLED,,106.523,"{'m1-1': 105.27, 'm2-1': 26.04, 'm3-1': 9.81, 'm4-1': 100.18, 'm5-1': 26.68, 'm6-1': 26.51, 'm7-1': 107.99, 'm8-1': 10.41}",0.0,inf,inf,inf,216.523,216.523
143,T6,BESTEFFORT,CANCELLED,,107.884,"{'m1-1': 110.01, 'm2-1': 28.05, 'm3-1': 9.7, 'm4-1': 97.46, 'm5-1': 25.26, 'm6-1': 27.33, 'm7-1': 110.95, 'm8-1': 9.47}",0.0,inf,inf,inf,217.88400000000001,217.88400000000001
144,T4,BESTEFFORT,CANCELLED,,108.517,"{'m1-1': 113.14, 'm2-1': 24.6, 'm3-1': 9.34, 'm4-1': 100.2, 'm5-1': 23.52, 'm6-1': 24.78, 'm7-1': 95.93, 'm8-1': 10.55}",0.0,inf,inf,inf,218.517,218.517
145,T10,BESTEFFORT,CANCELLED,,109.447,"{'m1-1': 102.86, 'm2-1': 24.2, 'm3-1': 10.76, 'm4-1': 98.29, 'm5-1': 26.49, 'm6-1': 25.53, 'm7-1': 105.27, 'm8-1': 10.33}",0.0,inf,inf,inf,219.447,219.447
146,T9,BESTEFFORT,COMPLETED,m3-1,110.32,"{'m1-1': 105.77, 'm2-1': 24.75, 'm3-1': 9.57, 'm4-1': 101.38, 'm5-1': 26.08, 'm6-1': 29.14, 'm7-1': 118.04, 'm8-1': 10.0}",14.355,210.596,220.166,inf,220.32,220.32
147,T1,BESTEFFORT,CANCELLED,,113.149,"{'m1-1': 109.94, 'm2-1': 25.81, 'm3-1': 10.96, 'm4-1': 118.28, 'm5-1': 23.76, 'm6-1': 26.47, 'm7-1': 107.86, 'm8-1': 10.87}",0.0,inf,inf,inf,223.149,223.149
148,T3,BESTEFFORT,COMPLETED,m8-1,113.757,"{'m1-1': 110.29, 'm2-1': 26.7, 'm3-1': 10.61, 'm4-1': 100.18, 'm5-1': 27.04, 'm6-1': 28.57, 'm7-1': 100.17, 'm8-1': 9.59}",14.385,212.332,221.922,inf,223.757,223.757
149,T8,BESTEFFORT,COMPLETED,m7-1,116.311,"{'m1-1': 110.86, 'm2-1': 23.46, 'm3-1': 9.52, 'm4-1': 109.72, 'm5-1': 24.9, 'm6-1': 27.99, 'm7-1': 93.29, 'm8-1': 9.69}",139.935,131.919,225.209,inf,226.311,226.311
150,T5,BESTEFFORT,MISSED,m7-1,116.512,"{'m1-1': 110.43, 'm2-1': 28.14, 'm3-1': 10.09, 'm4-1': 97.55, 'm5-1': 23.44, 'm6-1': 24.35, 'm7-1': 98.63, 'm8-1': 9.9}",0.0,270.687,inf,270.687,226.512,226.512
151,T9,BESTEFFORT,MISSED,m6-1,121.467,"{'m1-1': 103.32, 'm2-1': 25.23, 'm3-1': 10.57, 'm4-1': 112.5, 'm5-1': 27.94, 'm6-1': 25.31, 'm7-1': 110.34, 'm8-1': 10.32}",0.0,237.448,inf,237.448,231.46699999999998,231.46699999999998
152,T8,BESTEFFORT,MISSED,m5-1,121.492,"{'m1-1': 109.82, 'm2-1': 27.84, 'm3-1': 10.36, 'm4-1': 97.12, 'm5-1': 24.54, 'm6-1': 26.45, 'm7-1': 104.57, 'm8-1': 10.69}",35.75850000000004,207.653,inf,231.49200000000002,231.49200000000002,231.49200000000002
153,T2,BESTEFFORT,COMPLETED,m3-1,121.882,"{'m1-1': 105.76, 'm2-1': 24.37, 'm3-1': 10.71, 'm4-1': 101.17, 'm5-1': 24.48, 'm6-1': 26.3, 'm7-1': 109.75, 'm8-1': 11.44}",16.065,220.166,230.876,inf,231.882,231.882
154,T2,BESTEFFORT,CANCELLED,,122.735,"{'m1-1': 97.91, 'm2-1': 23.7, 'm3-1': 9.94, 'm4-1': 115.36, 'm5-1': 28.33, 'm6-1': 28.67, 'm7-1': 98.5, 'm8-1': 10.52}",0.0,inf,inf,inf,232.735,232.735
155,T4,BESTEFFORT,MISSED,m8-1,123.113,"{'m1-1': 106.74, 'm2-1': 25.48, 'm3-1': 10.42, 'm4-1': 94.49, 'm5-1': 25.43, 'm6-1': 26.12, 'm7-1': 107.57, 'm8-1': 11.53}",16.786500000000004,221.922,inf,233.113,233.113,233.113
156,T3,BESTEFFORT,COMPLETED,m4-1,125.426,"{'m1-1': 97.8, 'm2-1': 26.08, 'm3-1': 10.22, 'm4-1': 100.79, 'm5-1': 27.1, 'm6-1': 26.7, 'm7-1': 108.96, 'm8-1': 10.91}",151.185,133.949,234.73900000000003,inf,235.426,235.426
157,T2,BESTEFFORT,MISSED,m4-1,126.262,"{'m1-1': 97.84, 'm2-1': 24.01, 'm3-1': 10.11, 'm4-1': 113.58, 'm5-1': 27.51, 'm6-1': 26.72, 'm7-1': 102.79, 'm8-1': 10.82}",0.0,248.395,inf,248.395,236.262,236.262
158,T8,BESTEFFORT,MISSED,m4-1,127.373,"{'m1-1': 102.65, 'm2-1': 23.99, 'm3-1': 9.3, 'm4-1': 109.92, 'm5-1': 27.26, 'm6-1': 29.76, 'm7-1': 96.21, 'm8-1': 11.06}",0.0,248.395,inf,248.395,237.373,237.373
159,T5,BESTEFFORT,CANCELLED,,127.818,"{'m1-1': 95.78, 'm2-1': 27.96, 'm3-1': 10.26, 'm4-1': 107.33, 'm5-1': 22.91, 'm6-1': 24.42, 'm7-1': 107.76, 'm8-1': 10.3}",0.0,inf,inf,inf,237.81799999999998,237.81799999999998
160,T4,BESTEFFORT,MISSED,m7-1,128.066,"{'m1-1': 102.26, 'm2-1': 24.93, 'm3-1': 10.35, 'm4-1': 92.59, 'm5-1': 26.33, 'm6-1': 26.69, 'm7-1': 107.96, 'm8-1': 10.26}",0.0,270.687,inf,270.687,238.066,238.066
161,T3,BESTEFFORT,COMPLETED,m6-1,131.091,"{'m1-1': 101.49, 'm2-1': 25.96, 'm3-1': 9.74, 'm4-1': 93.68, 'm5-1': 26.82, 'm6-1': 25.91, 'm7-1': 106.34, 'm8-1': 10.21}",38.865,211.538,237.448,inf,241.091,241.091
162,T1,BESTEFFORT,COMPLETED,m3-1,131.947,"{'m1-1': 104.05, 'm2-1': 28.26, 'm3-1': 10.15, 'm4-1': 106.9, 'm5-1': 24.88, 'm6-1': 23.97, 'm7-1': 100.92, 'm8-1': 11.49}",15.225000000000001,230.876,241.026,inf,241.947,241.947
163,T9,BESTEFFORT,COMPLETED,m2-1,133.013,"{'m1-1': 107.07, 'm2-1': 25.23, 'm3-1': 9.62, 'm4-1': 103.68, 'm5-1': 27.4, 'm6-1': 27.85, 'm7-1': 109.78, 'm8-1': 10.51}",37.845,214.23800000000003,239.46800000000002,inf,243.013,243.013
164,T7,BESTEFFORT,MISSED,m7-1,133.251,"{'m1-1': 95.24, 'm2-1': 24.5, 'm3-1': 9.98, 'm4-1': 107.59, 'm5-1': 26.09, 'm6-1': 28.07, 'm7-1': 109.05, 'm8-1': 10.36}",0.0,270.687,inf,270.687,243.251,243.251
165,T10,BESTEFFORT,CANCELLED,,133.347,"{'m1-1': 108.18, 'm2-1': 26.12, 'm3-1': 9.76, 'm4-1': 109.19, 'm5-1': 24.84, 'm6-1': 27.68, 'm7-1': 102.83, 'm8-1': 10.11}",0.0,inf,inf,inf,243.347,243.347
166,T7,BESTEFFORT,MISSED,m8-1,133.383,"{'m1-1': 105.42, 'm2-1': 26.8, 'm3-1': 10.4, 'm4-1': 107.96, 'm5-1': 25.75, 'm6-1': 24.64, 'm7-1': 103.51, 'm8-1': 10.89}",15.405000000000015,233.113,inf,243.383,243.383,243.383
167,T4,BESTEFFORT,CANCELLED,,133.895,"{'m1-1': 102.97, 'm2-1': 23.91, 'm3-1': 9.88, 'm4-1': 105.54, 'm5-1': 25.19, 'm6-1': 27.97, 'm7-1': 108.97, 'm8-1': 10.16}",0.0,inf,inf,inf,243.895,243.895
168,T8,BESTEFFORT,MISSED,m4-1,133.913,"{'m1-1': 105.68, 'm2-1': 27.03, 'm3-1': 9.56, 'm4-1': 105.73, 'm5-1': 25.99, 'm6-1': 29.12, 'm7-1': 96.11, 'm8-1': 10.34}",0.0,248.395,inf,248.395,243.913,243.913
169,T5,BESTEFFORT,CANCELLED,,135.612,"{'m1-1': 104.26, 'm2-1': 28.33, 'm3-1': 9.91, 'm4-1': 100.86, 'm5-1': 23.04, 'm6-1': 24.76, 'm7-1': 108.88, 'm8-1': 10.91}",0.0,inf,inf,inf,245.612,245.612
170,T2,BESTEFFORT,CANCELLED,,137.404,"{'m1-1': 100.75, 'm2-1': 23.56, 'm3-1': 9.52, 'm4-1': 102.5, 'm5-1': 25.67, 'm6-1': 25.44, 'm7-1': 100.39, 'm8-1': 10.4}",0.0,inf,inf,inf,247.404,247.404
171,T8,BESTEFFORT,CANCELLED,,137.834,"{'m1-1': 110.86, 'm2-1': 26.62, 'm3-1': 10.48, 'm4-1': 113.93, 'm5-1': 26.1, 'm6-1': 27.77, 'm7-1': 96.55, 'm8-1': 10.68}",0.0,inf,inf,inf,247.834,247.834
172,T3,BESTEFFORT,CANCELLED,,138.161,"{'m1-1': 98.17, 'm2-1': 24.55, 'm3-1': 10.06, 'm4-1': 97.72, 'm5-1': 24.4, 'm6-1': 25.86, 'm7-1': 96.36, 'm8-1': 10.18}",0.0,inf,inf,inf,248.161,248.161
173,T10,BESTEFFORT,MISSED,m4-1,138.395,"{'m1-1': 113.27, 'm2-1': 24.62, 'm3-1': 9.43, 'm4-1': 108.8, 'm5-1': 28.14, 'm6-1': 27.5, 'm7-1': 119.14, 'm8-1': 10.47}",20.483999999999966,234.73900000000003,inf,248.395,248.395,248.395
174,T10,BESTEFFORT,MISSED,m3-1,140.393,"{'m1-1': 106.53, 'm2-1': 26.16, 'm3-1': 9.84, 'm4-1': 111.11, 'm5-1': 27.86, 'm6-1': 23.71, 'm7-1': 113.05, 'm8-1': 10.94}",14.050499999999985,241.026,inf,250.393,250.393,250.393
175,T10,BESTEFFORT,MISSED,m4-1,140.788,"{'m1-1': 104.82, 'm2-1': 25.49, 'm3-1': 9.56, 'm4-1': 99.49, 'm5-1': 26.33, 'm6-1': 25.14, 'm7-1': 117.61, 'm8-1': 9.94}",0.0,345.385,inf,345.385,250.788,250.788
176,T4,BESTEFFORT,MISSED,m4-1,141.29,"{'m1-1': 106.47, 'm2-1': 23.61, 'm3-1': 10.69, 'm4-1': 93.62, 'm5-1': 25.21, 'm6-1': 28.1, 'm7-1': 111.75, 'm8-1': 10.28}",0.0,345.385,inf,345.385,251.29,251.29
177,T8,BESTEFFORT,CANCELLED,,143.239,"{'m1-1': 113.02, 'm2-1': 25.63, 'm3-1': 10.48, 'm4-1': 100.06, 'm5-1': 25.62, 'm6-1': 28.28, 'm7-1': 92.51, 'm8-1': 9.76}",0.0,inf,inf,inf,253.239,253.239
178,T2,BESTEFFORT,MISSED,m8-1,144.689,"{'m1-1': 99.02, 'm2-1': 23.57, 'm3-1': 10.34, 'm4-1': 104.84, 'm5-1': 24.86, 'm6-1': 27.07, 'm7-1': 108.75, 'm8-1': 11.37}",16.958999999999975,243.383,inf,254.689,254.689,254.689
179,T9,BESTEFFORT,MISSED,m4-1,147.456,"{'m1-1': 107.0, 'm2-1': 27.59, 'm3-1': 10.71, 'm4-1': 102.22, 'm5-1': 25.11, 'm6-1': 28.99, 'm7-1': 106.12, 'm8-1': 10.92}",0.0,345.385,inf,345.385,257.456,257.456
180,T1,BESTEFFORT,COMPLETED,m1-1,147.576,"{'m1-1': 96.94, 'm2-1': 24.84, 'm3-1': 10.48, 'm4-1': 103.9, 'm5-1': 26.03, 'm6-1': 25.38, 'm7-1': 103.15, 'm8-1': 11.08}",145.41,158.237,255.177,inf,257.576,257.576
181,T8,BESTEFFORT,MISSED,m1-1,147.646,"{'m1-1': 110.26, 'm2-1': 26.77, 'm3-1': 9.9, 'm4-1': 103.16, 'm5-1': 24.73, 'm6-1': 29.5, 'm7-1': 92.26, 'm8-1': 9.88}",0.0,273.66999999999996,inf,273.66999999999996,257.64599999999996,257.64599999999996
182,T6,BESTEFFORT,COMPLETED,m5-1,148.257,"{'m1-1': 111.68, 'm2-1': 25.58, 'm3-1': 9.53, 'm4-1': 113.77, 'm5-1': 24.05, 'm6-1': 26.29, 'm7-1': 101.9, 'm8-1': 10.74}",36.075,231.49200000000002,255.54200000000003,inf,258.257,258.257
183,T6,BESTEFFORT,MISSED,m1-1,148.463,"{'m1-1': 113.67, 'm2-1': 26.0, 'm3-1': 10.19, 'm4-1': 105.85, 'm5-1': 25.59, 'm6-1': 25.4, 'm7-1': 102.06, 'm8-1': 10.52}",0.0,273.66999999999996,inf,273.66999999999996,258.46299999999997,258.46299999999997
184,T9,BESTEFFORT,COMPLETED,m3-1,151.826,"{'m1-1': 108.74, 'm2-1': 27.6, 'm3-1': 10.5, 'm4-1': 108.45, 'm5-1': 27.2, 'm6-1': 24.88, 'm7-1': 111.63, 'm8-1': 10.72}",15.75,250.393,260.89300000000003,inf,261.826,261.826
185,T10,BESTEFFORT,CANCELLED,,152.406,"{'m1-1': 110.69, 'm2-1': 23.62, 'm3-1': 9.43, 'm4-1': 96.02, 'm5-1': 26.31, 'm6-1': 26.38, 'm7-1': 108.04, 'm8-1': 10.16}",0.0,inf,inf,inf,262.406,262.406
186,T8,BESTEFFORT,COMPLETED,m8-1,156.802,"{'m1-1': 99.93, 'm2-1': 27.12, 'm3-1': 10.4, 'm4-1': 112.0, 'm5-1': 24.16, 'm6-1': 28.46, 'm7-1': 95.29, 'm8-1': 10.04}",15.059999999999999,254.689,264.729,inf,266.802,266.802
187,T8,BESTEFFORT,COMPLETED,m6-1,156.931,"{'m1-1': 104.23, 'm2-1': 25.73, 'm3-1': 10.54, 'm4-1': 101.85, 'm5-1': 27.8, 'm6-1': 25.97, 'm7-1': 95.64, 'm8-1': 10.21}",38.955,237.448,263.418,inf,266.93100000000004,266.93100000000004
188,T8,BESTEFFORT,COMPLETED,m2-1,159.431,"{'m1-1': 105.78, 'm2-1': 25.96, 'm3-1': 9.59, 'm4-1': 108.95, 'm5-1': 24.79, 'm6-1': 28.48, 'm7-1': 92.13, 'm8-1': 10.48}",38.94,239.46800000000002,265.428,inf,269.43100000000004,269.43100000000004
189,T6,BESTEFFORT,MISSED,m7-1,160.687,"{'m1-1': 101.28, 'm2-1': 28.3, 'm3-1': 10.3, 'm4-1': 113.52, 'm5-1': 25.13, 'm6-1': 24.72, 'm7-1': 111.56, 'm8-1': 10.02}",68.21700000000001,225.209,inf,270.687,270.687,270.687
190,T4,BESTEFFORT,MISSED,m3-1,161.209,"{'m1-1': 106.02, 'm2-1': 24.4, 'm3-1': 10.43, 'm4-1': 105.21, 'm5-1': 23.63, 'm6-1': 27.25, 'm7-1': 101.63, 'm8-1': 10.45}",15.473999999999961,260.89300000000003,inf,271.209,271.209,271.209
191,T3,BESTEFFORT,MISSED,m7-1,162.758,"{'m1-1': 100.63, 'm2-1': 26.78, 'm3-1': 9.63, 'm4-1': 99.58, 'm5-1': 26.23, 'm6-1': 26.07, 'm7-1': 106.36, 'm8-1': 10.11}",0.0,360.48900000000003,inf,360.48900000000003,272.75800000000004,272.75800000000004
192,T9,BESTEFFORT,MISSED,m1-1,163.67,"{'m1-1': 114.02, 'm2-1': 25.38, 'm3-1': 9.74, 'm4-1': 115.51, 'm5-1': 26.22, 'm6-1': 27.52, 'm7-1': 105.77, 'm8-1': 9.39}",27.73949999999995,255.177,inf,273.66999999999996,273.66999999999996,273.66999999999996
193,T4,BESTEFFORT,MISSED,m1-1,164.674,"{'m1-1': 100.15, 'm2-1': 23.21, 'm3-1': 9.26, 'm4-1': 96.74, 'm5-1': 27.62, 'm6-1': 27.71, 'm7-1': 107.34, 'm8-1': 11.12}",0.0,376.322,inf,376.322,274.674,274.674
194,T1,BESTEFFORT,MISSED,m7-1,165.746,"{'m1-1': 107.48, 'm2-1': 28.44, 'm3-1': 11.0, 'm4-1': 107.06, 'm5-1': 26.8, 'm6-1': 25.7, 'm7-1': 101.2, 'm8-1': 10.86}",0.0,360.48900000000003,inf,360.48900000000003,275.746,275.746
195,T1,BESTEFFORT,COMPLETED,m8-1,165.999,"{'m1-1': 97.9, 'm2-1': 25.76, 'm3-1': 10.39, 'm4-1': 106.84, 'm5-1': 27.03, 'm6-1': 27.37, 'm7-1': 106.48, 'm8-1': 10.96}",16.44,264.729,275.68899999999996,inf,275.999,275.999
196,T1,BESTEFFORT,MISSED,m7-1,166.427,"{'m1-1': 105.42, 'm2-1': 26.53, 'm3-1': 9.58, 'm4-1': 110.22, 'm5-1': 27.18, 'm6-1': 27.61, 'm7-1': 111.83, 'm8-1': 11.67}",0.0,360.48900000000003,inf,360.48900000000003,276.427,276.427
197,T10,BESTEFFORT,MISSED,m1-1,167.039,"{'m1-1': 109.62, 'm2-1': 24.85, 'm3-1': 10.22, 'm4-1': 95.1, 'm5-1': 24.57, 'm6-1': 26.66, 'm7-1': 105.7, 'm8-1': 11.17}",5.053500000000042,273.66999999999996,inf,277.039,277.039,277.039
198,T2,BESTEFFORT,MISSED,m1-1,169.051,"{'m1-1': 97.7, 'm2-1': 23.23, 'm3-1': 9.83, 'm4-1': 115.83, 'm5-1': 28.32, 'm6-1': 24.42, 'm7-1': 101.31, 'm8-1': 10.03}",0.0,376.322,inf,376.322,279.051,279.051
199,T8,BESTEFFORT,CANCELLED,,169.415,"{'m1-1': 105.78, 'm2-1': 26.32, 'm3-1': 9.36, 'm4-1': 101.34, 'm5-1': 27.92, 'm6-1': 28.61, 'm7-1': 107.91, 'm8-1': 11.1}",0.0,inf,inf,inf,279.41499999999996,279.41499999999996
200,T5,BESTEFFORT,MISSED,m1-1,170.071,"{'m1-1': 101.76, 'm2-1': 26.49, 'm3-1': 11.16, 'm4-1': 103.88, 'm5-1': 24.0, 'm6-1': 27.09, 'm7-1': 93.76, 'm8-1': 10.93}",0.0,376.322,inf,376.322,280.071,280.071
201,T4,BESTEFFORT,CANCELLED,,171.116,"{'m1-1': 112.49, 'm2-1': 24.11, 'm3-1': 9.24, 'm4-1': 100.7, 'm5-1': 23.63, 'm6-1': 24.5, 'm7-1': 110.78, 'm8-1': 11.25}",0.0,inf,inf,inf,281.116,281.116
202,T5,BESTEFFORT,COMPLETED,m3-1,172.372,"{'m1-1': 100.14, 'm2-1': 25.64, 'm3-1': 9.86, 'm4-1': 98.98, 'm5-1': 24.35, 'm6-1': 25.23, 'm7-1': 108.99, 'm8-1': 11.47}",14.79,271.209,281.069,inf,282.372,282.372
203,T1,BESTEFFORT,COMPLETED,m5-1,176.04,"{'m1-1': 98.73, 'm2-1': 28.4, 'm3-1': 10.93, 'm4-1': 117.19, 'm5-1': 24.18, 'm6-1': 26.53, 'm7-1': 106.37, 'm8-1': 10.28}",36.269999999999996,255.54200000000003,279.72200000000004,inf,286.03999999999996,286.03999999999996
204,T5,BESTEFFORT,COMPLETED,m8-1,179.662,"{'m1-1': 99.8, 'm2-1': 26.16, 'm3-1': 11.05, 'm4-1': 93.83, 'm5-1': 25.64, 'm6-1': 24.29, 'm7-1': 106.87, 'm8-1': 10.78}",16.169999999999998,275.68899999999996,286.46899999999994,inf,289.66200000000003,289.66200000000003
205,T9,BESTEFFORT,MISSED,m3-1,180.415,"{'m1-1': 100.96, 'm2-1': 24.7, 'm3-1': 10.03, 'm4-1': 110.98, 'm5-1': 27.68, 'm6-1': 25.86, 'm7-1': 117.8, 'm8-1': 10.3}",14.01899999999992,281.069,inf,290.41499999999996,290.41499999999996,290.41499999999996
206,T10,BESTEFFORT,CANCELLED,,181.876,"{'m1-1': 110.92, 'm2-1': 26.33, 'm3-1': 10.24, 'm4-1': 106.59, 'm5-1': 25.3, 'm6-1': 27.88, 'm7-1': 105.25, 'm8-1': 11.18}",0.0,inf,inf,inf,291.876,291.876
207,T5,BESTEFFORT,MISSED,m2-1,182.951,"{'m1-1': 95.32, 'm2-1': 29.04, 'm3-1': 10.12, 'm4-1': 107.66, 'm5-1': 25.13, 'm6-1': 26.05, 'm7-1': 107.82, 'm8-1': 11.19}",41.28450000000004,265.428,inf,292.951,292.951,292.951
208,T1,BESTEFFORT,CANCELLED,,183.049,"{'m1-1': 107.21, 'm2-1': 27.12, 'm3-1': 9.76, 'm4-1': 111.97, 'm5-1': 25.08, 'm6-1': 23.57, 'm7-1': 109.3, 'm8-1': 9.98}",0.0,inf,inf,inf,293.049,293.049
209,T7,BESTEFFORT,CANCELLED,,183.932,"{'m1-1': 94.69, 'm2-1': 25.23, 'm3-1': 10.23, 'm4-1': 96.24, 'm5-1': 25.05, 'm6-1': 28.22, 'm7-1': 108.29, 'm8-1': 10.91}",0.0,inf,inf,inf,293.932,293.932
210,T3,BESTEFFORT,COMPLETED,m6-1,186.748,"{'m1-1': 98.91, 'm2-1': 26.02, 'm3-1': 9.7, 'm4-1': 110.27, 'm5-1': 27.35, 'm6-1': 26.13, 'm7-1': 104.7, 'm8-1': 10.44}",39.195,263.418,289.548,inf,296.748,296.748
211,T5,BESTEFFORT,CANCELLED,,187.967,"{'m1-1': 95.56, 'm2-1': 28.04, 'm3-1': 10.13, 'm4-1': 92.72, 'm5-1': 23.19, 'm6-1': 27.66, 'm7-1': 102.08, 'm8-1': 11.11}",0.0,inf,inf,inf,297.967,297.967
212,T2,BESTEFFORT,COMPLETED,m8-1,188.358,"{'m1-1': 107.35, 'm2-1': 24.79, 'm3-1': 9.4, 'm4-1': 106.1, 'm5-1': 24.47, 'm6-1': 28.29, 'm7-1': 97.59, 'm8-1': 10.76}",16.14,286.46899999999994,297.2289999999999,inf,298.358,298.358
213,T5,BESTEFFORT,CANCELLED,,190.192,"{'m1-1': 95.2, 'm2-1': 26.28, 'm3-1': 10.76, 'm4-1': 96.19, 'm5-1': 26.05, 'm6-1': 24.62, 'm7-1': 95.65, 'm8-1': 10.47}",0.0,inf,inf,inf,300.192,300.192
214,T10,BESTEFFORT,CANCELLED,,190.725,"{'m1-1': 98.11, 'm2-1': 23.13, 'm3-1': 10.73, 'm4-1': 99.14, 'm5-1': 25.03, 'm6-1': 27.96, 'm7-1': 107.39, 'm8-1': 10.85}",0.0,inf,inf,inf,300.725,300.725
215,T3,BESTEFFORT,COMPLETED,m3-1,192.611,"{'m1-1': 104.87, 'm2-1': 24.29, 'm3-1': 10.87, 'm4-1': 93.21, 'm5-1': 27.85, 'm6-1': 27.64, 'm7-1': 95.27, 'm8-1': 9.65}",16.305,290.41499999999996,301.28499999999997,inf,302.611,302.611
216,T3,BESTEFFORT,CANCELLED,,193.876,"{'m1-1': 114.93, 'm2-1': 26.86, 'm3-1': 10.31, 'm4-1': 99.96, 'm5-1': 25.57, 'm6-1': 28.21, 'm7-1': 106.47, 'm8-1': 10.48}",0.0,inf,inf,inf,303.876,303.876
217,T6,BESTEFFORT,CANCELLED,,194.357,"{'m1-1': 112.64, 'm2-1': 24.53, 'm3-1': 10.23, 'm4-1': 108.79, 'm5-1': 24.06, 'm6-1': 24.58, 'm7-1': 97.17, 'm8-1': 9.96}",0.0,inf,inf,inf,304.35699999999997,304.35699999999997
218,T9,BESTEFFORT,CANCELLED,,195.047,"{'m1-1': 117.94, 'm2-1': 28.42, 'm3-1': 10.84, 'm4-1': 109.38, 'm5-1': 26.85, 'm6-1': 26.07, 'm7-1': 116.47, 'm8-1': 9.95}",0.0,inf,inf,inf,305.047,305.047
219,T6,BESTEFFORT,CANCELLED,,198.708,"{'m1-1': 98.93, 'm2-1': 26.61, 'm3-1': 10.63, 'm4-1': 110.05, 'm5-1': 26.34, 'm6-1': 24.73, 'm7-1': 113.34, 'm8-1': 10.09}",0.0,inf,inf,inf,308.70799999999997,308.70799999999997
220,T1,BESTEFFORT,COMPLETED,m8-1,200.14,"{'m1-1': 96.59, 'm2-1': 26.55, 'm3-1': 9.49, 'm4-1': 112.47, 'm5-1': 25.45, 'm6-1': 26.73, 'm7-1': 107.93, 'm8-1': 11.66}",17.490000000000002,297.2289999999999,308.88899999999995,inf,310.14,310.14
221,T2,BESTEFFORT,COMPLETED,m5-1,200.435,"{'m1-1': 109.7, 'm2-1': 24.58, 'm3-1': 10.66, 'm4-1': 103.3, 'm5-1': 26.72, 'm6-1': 25.81, 'm7-1': 104.99, 'm8-1': 10.79}",40.08,279.72200000000004,306.442,inf,310.435,310.435
222,T5,BESTEFFORT,CANCELLED,,202.853,"{'m1-1': 104.42, 'm2-1': 29.13, 'm3-1': 11.22, 'm4-1': 91.9, 'm5-1': 26.41, 'm6-1': 26.12, 'm7-1': 107.8, 'm8-1': 10.81}",0.0,inf,inf,inf,312.853,312.853
223,T3,BESTEFFORT,COMPLETED,m3-1,203.236,"{'m1-1': 97.61, 'm2-1': 24.78, 'm3-1': 10.72, 'm4-1': 96.83, 'm5-1': 24.51, 'm6-1': 26.61, 'm7-1': 96.44, 'm8-1': 9.67}",16.080000000000002,301.28499999999997,312.005,inf,313.236,313.236
224,T2,BESTEFFORT,CANCELLED,,203.262,"{'m1-1': 95.83, 'm2-1': 26.23, 'm3-1': 11.12, 'm4-1': 109.59, 'm5-1': 28.68, 'm6-1': 25.91, 'm7-1': 103.53, 'm8-1': 10.96}",0.0,inf,inf,inf,313.262,313.262
225,T7,BESTEFFORT,MISSED,m6-1,203.839,"{'m1-1': 102.61, 'm2-1': 23.76, 'm3-1': 9.96, 'm4-1': 101.26, 'm5-1': 26.98, 'm6-1': 24.48, 'm7-1': 113.16, 'm8-1': 10.37}",36.436499999999995,289.548,inf,313.839,313.839,313.839
226,T3,BESTEFFORT,CANCELLED,,204.404,"{'m1-1': 97.32, 'm2-1': 28.44, 'm3-1': 10.35, 'm4-1': 97.43, 'm5-1': 27.3, 'm6-1': 25.85, 'm7-1': 93.78, 'm8-1': 10.33}",0.0,inf,inf,inf,314.404,314.404
227,T9,BESTEFFORT,CANCELLED,,205.708,"{'m1-1': 111.51, 'm2-1': 27.19, 'm3-1': 10.09, 'm4-1': 106.87, 'm5-1': 26.93, 'm6-1': 26.07, 'm7-1': 99.54, 'm8-1': 10.14}",0.0,inf,inf,inf,315.70799999999997,315.70799999999997
228,T4,BESTEFFORT,CANCELLED,,206.178,"{'m1-1': 106.57, 'm2-1': 25.44, 'm3-1': 9.26, 'm4-1': 93.34, 'm5-1': 24.89, 'm6-1': 28.59, 'm7-1': 112.08, 'm8-1': 9.82}",0.0,inf,inf,inf,316.178,316.178
229,T1,BESTEFFORT,CANCELLED,,207.488,"{'m1-1': 103.2, 'm2-1': 28.38, 'm3-1': 9.39, 'm4-1': 110.84, 'm5-1': 24.76, 'm6-1': 26.12, 'm7-1': 112.88, 'm8-1': 10.95}",0.0,inf,inf,inf,317.488,317.488
230,T6,BESTEFFORT,CANCELLED,,208.019,"{'m1-1': 105.72, 'm2-1': 26.73, 'm3-1': 9.98, 'm4-1': 111.97, 'm5-1': 24.29, 'm6-1': 24.57, 'm7-1': 110.53, 'm8-1': 10.66}",0.0,inf,inf,inf,318.019,318.019
231,T4,BESTEFFORT,MISSED,m2-1,208.143,"{'m1-1': 116.9, 'm2-1': 26.18, 'm3-1': 10.12, 'm4-1': 106.73, 'm5-1': 27.54, 'm6-1': 27.53, 'm7-1': 95.56, 'm8-1': 10.93}",37.78800000000001,292.951,inf,318.14300000000003,318.14300000000003,318.14300000000003
232,T3,BESTEFFORT,COMPLETED,m8-1,209.826,"{'m1-1': 112.21, 'm2-1': 24.73, 'm3-1': 10.87, 'm4-1': 104.5, 'm5-1': 28.18, 'm6-1': 28.4, 'm7-1': 97.89, 'm8-1': 9.3}",13.950000000000001,308.88899999999995,318.18899999999996,inf,319.826,319.826
233,T6,BESTEFFORT,CANCELLED,,210.47,"{'m1-1': 113.06, 'm2-1': 27.45, 'm3-1': 10.52, 'm4-1': 106.26, 'm5-1': 23.72, 'm6-1': 24.27, 'm7-1': 113.12, 'm8-1': 9.79}",0.0,inf,inf,inf,320.47,320.47
234,T2,BESTEFFORT,COMPLETED,m3-1,212.915,"{'m1-1': 103.01, 'm2-1': 26.69, 'm3-1': 10.14, 'm4-1': 103.65, 'm5-1': 26.87, 'm6-1': 28.42, 'm7-1': 93.8, 'm8-1': 10.14}",15.21,312.005,322.145,inf,322.91499999999996,322.91499999999996
235,T1,BESTEFFORT,CANCELLED,,215.014,"{'m1-1': 99.3, 'm2-1': 24.42, 'm3-1': 9.29, 'm4-1': 107.67, 'm5-1': 25.4, 'm6-1': 26.29, 'm7-1': 111.49, 'm8-1': 10.65}",0.0,inf,inf,inf,325.014,325.014
236,T2,BESTEFFORT,CANCELLED,,216.243,"{'m1-1': 101.28, 'm2-1': 24.9, 'm3-1': 10.74, 'm4-1': 104.49, 'm5-1': 27.59, 'm6-1': 24.37, 'm7-1': 93.42, 'm8-1': 10.31}",0.0,inf,inf,inf,326.243,326.243
237,T4,BESTEFFORT,CANCELLED,,216.575,"{'m1-1': 110.42, 'm2-1': 24.36, 'm3-1': 10.22, 'm4-1': 92.02, 'm5-1': 26.58, 'm6-1': 24.84, 'm7-1': 109.81, 'm8-1': 11.01}",0.0,inf,inf,inf,326.575,326.575
238,T3,BESTEFFORT,CANCELLED,,217.616,"{'m1-1': 100.16, 'm2-1': 25.64, 'm3-1': 10.48, 'm4-1': 103.38, 'm5-1': 27.02, 'm6-1': 27.02, 'm7-1': 99.45, 'm8-1': 9.65}",0.0,inf,inf,inf,327.616,327.616
239,T4,BESTEFFORT,CANCELLED,,219.657,"{'m1-1': 103.51, 'm2-1': 26.01, 'm3-1': 10.04, 'm4-1': 100.23, 'm5-1': 25.81, 'm6-1': 25.78, 'm7-1': 110.42, 'm8-1': 10.64}",0.0,inf,inf,inf,329.65700000000004,329.65700000000004
240,T2,BESTEFFORT,COMPLETED,m8-1,221.712,"{'m1-1': 102.2, 'm2-1': 24.17, 'm3-1': 9.65, 'm4-1': 110.35, 'm5-1': 24.58, 'm6-1': 24.93, 'm7-1': 109.06, 'm8-1': 11.35}",17.025,318.18899999999996,329.539,inf,331.712,331.712
241,T8,BESTEFFORT,CANCELLED,,222.562,"{'m1-1': 99.59, 'm2-1': 25.76, 'm3-1': 10.17, 'm4-1': 101.36, 'm5-1': 27.96, 'm6-1': 25.1, 'm7-1': 100.16, 'm8-1': 10.11}",0.0,inf,inf,inf,332.562,332.562
242,T3,BESTEFFORT,MISSED,m3-1,222.775,"{'m1-1': 96.98, 'm2-1': 27.62, 'm3-1': 10.84, 'm4-1': 101.9, 'm5-1': 25.22, 'm6-1': 25.91, 'm7-1': 97.11, 'm8-1': 10.33}",15.944999999999993,322.145,inf,332.775,332.775,332.775
243,T9,BESTEFFORT,CANCELLED,,223.487,"{'m1-1': 105.77, 'm2-1': 26.42, 'm3-1': 10.92, 'm4-1': 104.0, 'm5-1': 25.16, 'm6-1': 28.4, 'm7-1': 110.05, 'm8-1': 10.03}",0.0,inf,inf,inf,333.48699999999997,333.48699999999997
244,T7,BESTEFFORT,CANCELLED,,224.475,"{'m1-1': 101.48, 'm2-1': 24.76, 'm3-1': 9.4, 'm4-1': 104.68, 'm5-1': 24.91, 'm6-1': 25.59, 'm7-1': 117.16, 'm8-1': 10.57}",0.0,inf,inf,inf,334.475,334.475
245,T8,BESTEFFORT,CANCELLED,,225.998,"{'m1-1': 99.23, 'm2-1': 24.06, 'm3-1': 9.93, 'm4-1': 105.2, 'm5-1': 27.99, 'm6-1': 27.76, 'm7-1': 92.85, 'm8-1': 9.67}",0.0,inf,inf,inf,335.998,335.998
246,T2,BESTEFFORT,CANCELLED,,226.382,"{'m1-1': 107.62, 'm2-1': 24.12, 'm3-1': 10.89, 'm4-1': 116.57, 'm5-1': 26.99, 'm6-1': 28.36, 'm7-1': 100.54, 'm8-1': 9.78}",0.0,inf,inf,inf,336.382,336.382
247,T4,BESTEFFORT,COMPLETED,m5-1,228.453,"{'m1-1': 116.54, 'm2-1': 23.96, 'm3-1': 10.16, 'm4-1': 93.05, 'm5-1': 25.0, 'm6-1': 28.22, 'm7-1': 106.25, 'm8-1': 10.32}",37.5,306.442,331.442,inf,338.453,338.453
248,T9,BESTEFFORT,MISSED,m8-1,229.197,"{'m1-1': 111.73, 'm2-1': 25.99, 'm3-1': 9.74, 'm4-1': 103.23, 'm5-1': 27.66, 'm6-1': 28.14, 'm7-1': 103.8, 'm8-1': 10.57}",14.487000000000023,329.539,inf,339.197,339.197,339.197
249,T5,BESTEFFORT,COMPLETED,m6-1,230.33,"{'m1-1': 100.39, 'm2-1': 25.24, 'm3-1': 9.97, 'm4-1': 100.01, 'm5-1': 23.74, 'm6-1': 25.75, 'm7-1': 103.93, 'm8-1': 11.29}",38.625,313.839,339.589,inf,340.33000000000004,340.33000000000004
250,T4,BESTEFFORT,CANCELLED,,231.5,"{'m1-1': 109.35, 'm2-1': 24.4, 'm3-1': 10.24, 'm4-1': 99.78, 'm5-1': 24.22, 'm6-1': 27.33, 'm7-1': 98.58, 'm8-1': 10.05}",0.0,inf,inf,inf,341.5,341.5
251,T8,BESTEFFORT,COMPLETED,m3-1,232.342,"{'m1-1': 104.96, 'm2-1': 27.25, 'm3-1': 9.47, 'm4-1': 103.29, 'm5-1': 27.12, 'm6-1': 28.62, 'm7-1': 107.98, 'm8-1': 11.17}",14.205000000000002,332.775,342.245,inf,342.342,342.342
252,T3,BESTEFFORT,MISSED,m2-1,235.266,"{'m1-1': 101.98, 'm2-1': 28.23, 'm3-1': 9.63, 'm4-1': 96.93, 'm5-1': 27.48, 'm6-1': 28.21, 'm7-1': 102.75, 'm8-1': 9.68}",40.6844999999999,318.14300000000003,inf,345.26599999999996,345.26599999999996,345.26599999999996
253,T8,BESTEFFORT,MISSED,m4-1,238.355,"{'m1-1': 112.55, 'm2-1': 26.73, 'm3-1': 9.95, 'm4-1': 102.44, 'm5-1': 26.11, 'm6-1': 28.56, 'm7-1': 105.91, 'm8-1': 11.12}",0.0,368.112,inf,368.112,348.355,348.355
254,T5,BESTEFFORT,CANCELLED,,238.428,"{'m1-1': 109.26, 'm2-1': 25.76, 'm3-1': 9.83, 'm4-1': 107.85, 'm5-1': 26.0, 'm6-1': 24.19, 'm7-1': 100.42, 'm8-1': 10.86}",0.0,inf,inf,inf,348.428,348.428
255,T3,BESTEFFORT,COMPLETED,m8-1,243.134,"{'m1-1': 105.14, 'm2-1': 26.91, 'm3-1': 9.44, 'm4-1': 96.1, 'm5-1': 25.73, 'm6-1': 26.51, 'm7-1': 106.92, 'm8-1': 9.32}",13.98,339.197,348.517,inf,353.134,353.134
256,T3,BESTEFFORT,MISSED,m4-1,243.367,"{'m1-1': 106.96, 'm2-1': 24.52, 'm3-1': 10.13, 'm4-1': 105.41, 'm5-1': 25.93, 'm6-1': 28.14, 'm7-1': 95.07, 'm8-1': 10.91}",0.0,368.112,inf,368.112,353.36699999999996,353.36699999999996
257,T5,BESTEFFORT,COMPLETED,m3-1,244.084,"{'m1-1': 96.4, 'm2-1': 26.64, 'm3-1': 11.26, 'm4-1': 108.55, 'm5-1': 25.99, 'm6-1': 27.23, 'm7-1': 99.21, 'm8-1': 10.51}",16.89,342.245,353.505,inf,354.084,354.084
258,T4,BESTEFFORT,MISSED,m5-1,246.903,"{'m1-1': 103.8, 'm2-1': 27.03, 'm3-1': 10.71, 'm4-1': 106.57, 'm5-1': 26.23, 'm6-1': 24.88, 'm7-1': 95.64, 'm8-1': 9.82}",0.0,435.392,inf,435.392,356.903,356.903
259,T5,BESTEFFORT,CANCELLED,,246.968,"{'m1-1': 101.25, 'm2-1': 24.81, 'm3-1': 10.12, 'm4-1': 103.23, 'm5-1': 23.46, 'm6-1': 26.08, 'm7-1': 96.18, 'm8-1': 10.42}",0.0,inf,inf,inf,356.96799999999996,356.96799999999996
260,T7,BESTEFFORT,COMPLETED,m4-1,247.691,"{'m1-1': 108.25, 'm2-1': 23.88, 'm3-1': 10.96, 'm4-1': 96.99, 'm5-1': 24.92, 'm6-1': 24.38, 'm7-1': 116.24, 'm8-1': 11.58}",145.48499999999999,248.395,345.385,inf,357.69100000000003,357.69100000000003
261,T10,BESTEFFORT,CANCELLED,,247.982,"{'m1-1': 100.38, 'm2-1': 23.57, 'm3-1': 10.77, 'm4-1': 104.28, 'm5-1': 27.7, 'm6-1': 23.9, 'm7-1': 100.46, 'm8-1': 10.83}",0.0,inf,inf,inf,357.98199999999997,357.98199999999997
262,T4,BESTEFFORT,CANCELLED,,247.996,"{'m1-1': 115.46, 'm2-1': 24.72, 'm3-1': 9.75, 'm4-1': 92.97, 'm5-1': 24.9, 'm6-1': 25.47, 'm7-1': 103.43, 'm8-1': 10.58}",0.0,inf,inf,inf,357.996,357.996
263,T2,BESTEFFORT,MISSED,m8-1,248.485,"{'m1-1': 99.66, 'm2-1': 23.18, 'm3-1': 9.91, 'm4-1': 105.15, 'm5-1': 24.67, 'm6-1': 26.01, 'm7-1': 109.51, 'm8-1': 10.14}",14.952000000000027,348.517,inf,358.485,358.485,358.485
264,T7,BESTEFFORT,COMPLETED,m5-1,249.374,"{'m1-1': 95.92, 'm2-1': 24.16, 'm3-1': 10.41, 'm4-1': 103.14, 'm5-1': 25.39, 'm6-1': 28.17, 'm7-1': 103.45, 'm8-1': 11.63}",38.085,331.442,356.832,inf,359.374,359.374
265,T9,BESTEFFORT,MISSED,m4-1,249.394,"{'m1-1': 113.37, 'm2-1': 26.62, 'm3-1': 9.44, 'm4-1': 113.12, 'm5-1': 26.94, 'm6-1': 27.99, 'm7-1': 106.86, 'm8-1': 9.24}",0.0,368.112,inf,368.112,359.394,359.394
266,T3,BESTEFFORT,CANCELLED,,250.018,"{'m1-1': 108.98, 'm2-1': 27.43, 'm3-1': 10.26, 'm4-1': 94.98, 'm5-1': 24.9, 'm6-1': 28.4, 'm7-1': 99.56, 'm8-1': 10.06}",0.0,inf,inf,inf,360.01800000000003,360.01800000000003
267,T7,BESTEFFORT,MISSED,m7-1,250.489,"{'m1-1': 111.79, 'm2-1': 27.48, 'm3-1': 10.48, 'm4-1': 98.15, 'm5-1': 24.66, 'm6-1': 26.68, 'm7-1': 107.14, 'm8-1': 11.14}",134.70300000000003,270.687,inf,360.48900000000003,360.48900000000003,360.48900000000003
268,T8,BESTEFFORT,CANCELLED,,250.967,"{'m1-1': 109.71, 'm2-1': 27.27, 'm3-1': 9.77, 'm4-1': 104.78, 'm5-1': 24.26, 'm6-1': 25.76, 'm7-1': 102.52, 'm8-1': 11.04}",0.0,inf,inf,inf,360.967,360.967
269,T7,BESTEFFORT,CANCELLED,,251.026,"{'m1-1': 105.67, 'm2-1': 27.28, 'm3-1': 9.76, 'm4-1': 100.06, 'm5-1': 25.89, 'm6-1': 28.62, 'm7-1': 111.49, 'm8-1': 11.2}",0.0,inf,inf,inf,361.026,361.026
270,T8,BESTEFFORT,CANCELLED,,252.16,"{'m1-1': 102.69, 'm2-1': 26.59, 'm3-1': 10.78, 'm4-1': 107.13, 'm5-1': 27.93, 'm6-1': 25.34, 'm7-1': 106.97, 'm8-1': 10.97}",0.0,inf,inf,inf,362.15999999999997,362.15999999999997
271,T8,BESTEFFORT,MISSED,m3-1,252.25,"{'m1-1': 108.86, 'm2-1': 23.57, 'm3-1': 10.24, 'm4-1': 100.46, 'm5-1': 27.64, 'm6-1': 26.04, 'm7-1': 97.93, 'm8-1': 10.68}",13.117500000000007,353.505,inf,362.25,362.25,362.25
272,T5,BESTEFFORT,MISSED,m7-1,253.318,"{'m1-1': 101.29, 'm2-1': 26.28, 'm3-1': 9.91, 'm4-1': 95.34, 'm5-1': 25.14, 'm6-1': 25.88, 'm7-1': 102.95, 'm8-1': 11.21}",0.0,392.607,inf,392.607,363.318,363.318
273,T7,BESTEFFORT,MISSED,m7-1,254.765,"{'m1-1': 103.7, 'm2-1': 27.09, 'm3-1': 10.1, 'm4-1': 97.05, 'm5-1': 24.02, 'm6-1': 26.47, 'm7-1': 110.5, 'm8-1': 11.01}",0.0,392.607,inf,392.607,364.765,364.765
274,T10,BESTEFFORT,CANCELLED,,255.488,"{'m1-1': 105.51, 'm2-1': 26.06, 'm3-1': 9.73, 'm4-1': 96.06, 'm5-1': 24.75, 'm6-1': 24.08, 'm7-1': 102.36, 'm8-1': 11.19}",0.0,inf,inf,inf,365.488,365.488
275,T7,BESTEFFORT,MISSED,m7-1,256.397,"{'m1-1': 109.63, 'm2-1': 25.93, 'm3-1': 9.88, 'm4-1': 110.98, 'm5-1': 24.4, 'm6-1': 26.13, 'm7-1': 102.57, 'm8-1': 10.58}",0.0,392.607,inf,392.607,366.397,366.397
276,T10,BESTEFFORT,MISSED,m2-1,256.782,"{'m1-1': 98.4, 'm2-1': 27.1, 'm3-1': 9.45, 'm4-1': 110.51, 'm5-1': 25.94, 'm6-1': 27.5, 'm7-1': 103.97, 'm8-1': 10.07}",32.27400000000003,345.26599999999996,inf,366.782,366.782,366.782
277,T5,BESTEFFORT,COMPLETED,m6-1,257.42,"{'m1-1': 109.62, 'm2-1': 26.51, 'm3-1': 9.69, 'm4-1': 96.9, 'm5-1': 25.54, 'm6-1': 26.5, 'm7-1': 93.88, 'm8-1': 10.27}",39.75,339.589,366.089,inf,367.42,367.42
278,T8,BESTEFFORT,CANCELLED,,257.585,"{'m1-1': 105.03, 'm2-1': 26.73, 'm3-1': 9.36, 'm4-1': 98.37, 'm5-1': 26.99, 'm6-1': 25.57, 'm7-1': 97.18, 'm8-1': 9.47}",0.0,inf,inf,inf,367.585,367.585
279,T3,BESTEFFORT,CANCELLED,,257.819,"{'m1-1': 111.33, 'm2-1': 25.45, 'm3-1': 10.22, 'm4-1': 103.08, 'm5-1': 24.64, 'm6-1': 24.86, 'm7-1': 105.31, 'm8-1': 10.83}",0.0,inf,inf,inf,367.819,367.819
280,T3,BESTEFFORT,MISSED,m4-1,258.112,"{'m1-1': 100.44, 'm2-1': 25.73, 'm3-1': 10.32, 'm4-1': 95.58, 'm5-1': 24.53, 'm6-1': 27.32, 'm7-1': 99.73, 'm8-1': 10.99}",34.09050000000005,345.385,inf,368.112,368.112,368.112
281,T3,BESTEFFORT,MISSED,m8-1,258.322,"{'m1-1': 111.69, 'm2-1': 26.46, 'm3-1': 9.55, 'm4-1': 110.59, 'm5-1': 28.03, 'm6-1': 26.3, 'm7-1': 104.01, 'm8-1': 10.31}",14.755499999999984,358.485,inf,368.322,368.322,368.322
282,T4,BESTEFFORT,CANCELLED,,258.58,"{'m1-1': 101.76, 'm2-1': 23.43, 'm3-1': 9.59, 'm4-1': 107.92, 'm5-1': 26.36, 'm6-1': 26.95, 'm7-1': 99.15, 'm8-1': 10.56}",0.0,inf,inf,inf,368.58,368.58
283,T6,BESTEFFORT,MISSED,m4-1,258.715,"{'m1-1': 97.19, 'm2-1': 27.42, 'm3-1': 10.7, 'm4-1': 107.95, 'm5-1': 26.59, 'm6-1': 25.15, 'm7-1': 109.18, 'm8-1': 9.68}",0.0,463.699,inf,463.699,368.715,368.715
284,T1,BESTEFFORT,CANCELLED,,259.771,"{'m1-1': 109.04, 'm2-1': 27.61, 'm3-1': 9.31, 'm4-1': 107.37, 'm5-1': 25.82, 'm6-1': 25.88, 'm7-1': 106.51, 'm8-1': 10.97}",0.0,inf,inf,inf,369.771,369.771
285,T4,BESTEFFORT,MISSED,m4-1,260.577,"{'m1-1': 105.63, 'm2-1': 25.07, 'm3-1': 10.83, 'm4-1': 107.56, 'm5-1': 25.73, 'm6-1': 28.72, 'm7-1': 108.5, 'm8-1': 11.37}",0.0,463.699,inf,463.699,370.577,370.577
286,T1,BESTEFFORT,CANCELLED,,261.963,"{'m1-1': 104.12, 'm2-1': 28.14, 'm3-1': 10.93, 'm4-1': 99.99, 'm5-1': 26.19, 'm6-1': 27.04, 'm7-1': 113.2, 'm8-1': 10.45}",0.0,inf,inf,inf,371.963,371.963
287,T4,BESTEFFORT,CANCELLED,,262.018,"{'m1-1': 103.63, 'm2-1': 24.24, 'm3-1': 10.38, 'm4-1': 93.11, 'm5-1': 24.44, 'm6-1': 26.13, 'm7-1': 108.93, 'm8-1': 11.6}",0.0,inf,inf,inf,372.018,372.018
288,T1,BESTEFFORT,CANCELLED,,262.505,"{'m1-1': 101.9, 'm2-1': 26.21, 'm3-1': 9.72, 'm4-1': 104.32, 'm5-1': 23.39, 'm6-1': 27.3, 'm7-1': 109.47, 'm8-1': 11.44}",0.0,inf,inf,inf,372.505,372.505
289,T7,BESTEFFORT,COMPLETED,m3-1,264.564,"{'m1-1': 101.05, 'm2-1': 27.06, 'm3-1': 9.91, 'm4-1': 105.47, 'm5-1': 24.02, 'm6-1': 26.82, 'm7-1': 115.66, 'm8-1': 11.72}",14.865,362.25,372.16,inf,374.564,374.564
290,T8,BESTEFFORT,CANCELLED,,265.226,"{'m1-1': 108.64, 'm2-1': 24.49, 'm3-1': 9.3, 'm4-1': 111.7, 'm5-1': 27.79, 'm6-1': 26.28, 'm7-1': 100.82, 'm8-1': 10.16}",0.0,inf,inf,inf,375.226,375.226
291,T4,BESTEFFORT,CANCELLED,,265.389,"{'m1-1': 101.16, 'm2-1': 24.87, 'm3-1': 10.49, 'm4-1': 103.02, 'm5-1': 25.19, 'm6-1': 25.38, 'm7-1': 112.21, 'm8-1': 11.64}",0.0,inf,inf,inf,375.389,375.389
292,T1,BESTEFFORT,MISSED,m1-1,266.322,"{'m1-1': 110.93, 'm2-1': 25.79, 'm3-1': 10.04, 'm4-1': 117.1, 'm5-1': 27.2, 'm6-1': 27.51, 'm7-1': 110.81, 'm8-1': 10.47}",148.92450000000002,277.039,inf,376.322,376.322,376.322
293,T1,BESTEFFORT,CANCELLED,,266.381,"{'m1-1': 111.03, 'm2-1': 27.77, 'm3-1': 9.49, 'm4-1': 110.88, 'm5-1': 23.59, 'm6-1': 26.24, 'm7-1': 96.71, 'm8-1': 9.94}",0.0,inf,inf,inf,376.381,376.381
294,T2,BESTEFFORT,MISSED,m4-1,267.145,"{'m1-1': 105.95, 'm2-1': 24.0, 'm3-1': 10.63, 'm4-1': 109.88, 'm5-1': 26.61, 'm6-1': 27.15, 'm7-1': 99.61, 'm8-1': 10.22}",0.0,463.699,inf,463.699,377.145,377.145
295,T10,BESTEFFORT,MISSED,m1-1,267.541,"{'m1-1': 100.64, 'm2-1': 24.31, 'm3-1': 10.74, 'm4-1': 109.58, 'm5-1': 26.94, 'm6-1': 27.84, 'm7-1': 113.47, 'm8-1': 10.47}",0.0,483.12800000000004,inf,483.12800000000004,377.541,377.541
296,T1,BESTEFFORT,CANCELLED,,268.704,"{'m1-1': 111.96, 'm2-1': 26.89, 'm3-1': 10.82, 'm4-1': 113.79, 'm5-1': 24.95, 'm6-1': 24.91, 'm7-1': 101.67, 'm8-1': 10.04}",0.0,inf,inf,inf,378.704,378.704
297,T9,BESTEFFORT,COMPLETED,m8-1,269.005,"{'m1-1': 102.86, 'm2-1': 26.37, 'm3-1': 10.54, 'm4-1': 102.2, 'm5-1': 27.65, 'm6-1': 27.13, 'm7-1': 105.61, 'm8-1': 9.32}",13.98,368.322,377.642,inf,379.005,379.005
298,T6,BESTEFFORT,CANCELLED,,269.777,"{'m1-1': 111.57, 'm2-1': 26.17, 'm3-1': 9.37, 'm4-1': 110.9, 'm5-1': 26.46, 'm6-1': 23.84, 'm7-1': 105.96, 'm8-1': 10.23}",0.0,inf,inf,inf,379.777,379.777
299,T5,BESTEFFORT,CANCELLED,,270.132,"{'m1-1': 104.82, 'm2-1': 26.12, 'm3-1': 10.94, 'm4-1': 100.39, 'm5-1': 25.71, 'm6-1': 25.4, 'm7-1': 95.56, 'm8-1': 11.08}",0.0,inf,inf,inf,380.132,380.132
300,T1,BESTEFFORT,MISSED,m1-1,270.342,"{'m1-1': 94.71, 'm2-1': 28.53, 'm3-1': 10.68, 'm4-1': 107.21, 'm5-1': 26.69, 'm6-1': 24.97, 'm7-1': 112.37, 'm8-1': 11.0}",0.0,483.12800000000004,inf,483.12800000000004,380.342,380.342
301,T8,BESTEFFORT,CANCELLED,,271.132,"{'m1-1': 111.74, 'm2-1': 26.53, 'm3-1': 9.96, 'm4-1': 105.12, 'm5-1': 24.22, 'm6-1': 27.81, 'm7-1': 108.97, 'm8-1': 9.55}",0.0,inf,inf,inf,381.132,381.132
302,T9,BESTEFFORT,MISSED,m1-1,271.468,"{'m1-1': 100.5, 'm2-1': 24.37, 'm3-1': 9.8, 'm4-1': 110.44, 'm5-1': 27.92, 'm6-1': 26.14, 'm7-1': 102.94, 'm8-1': 10.83}",7.7190000000000225,376.322,inf,381.468,381.468,381.468
303,T10,BESTEFFORT,COMPLETED,m3-1,272.985,"{'m1-1': 99.1, 'm2-1': 26.38, 'm3-1': 9.36, 'm4-1': 97.34, 'm5-1': 27.47, 'm6-1': 26.24, 'm7-1': 103.46, 'm8-1': 10.28}",14.04,372.16,381.52000000000004,inf,382.985,382.985
304,T5,BESTEFFORT,COMPLETED,m5-1,276.866,"{'m1-1': 106.77, 'm2-1': 25.47, 'm3-1': 11.41, 'm4-1': 93.91, 'm5-1': 24.17, 'm6-1': 26.36, 'm7-1': 106.52, 'm8-1': 9.9}",36.255,356.832,381.002,inf,386.866,386.866
305,T2,BESTEFFORT,CANCELLED,,277.41,"{'m1-1': 101.65, 'm2-1': 24.27, 'm3-1': 10.75, 'm4-1': 117.36, 'm5-1': 24.38, 'm6-1': 28.1, 'm7-1': 98.85, 'm8-1': 10.55}",0.0,inf,inf,inf,387.41,387.41
306,T10,BESTEFFORT,CANCELLED,,277.662,"{'m1-1': 109.04, 'm2-1': 25.68, 'm3-1': 9.96, 'm4-1': 110.33, 'm5-1': 26.12, 'm6-1': 27.2, 'm7-1': 103.99, 'm8-1': 10.16}",0.0,inf,inf,inf,387.662,387.662
307,T3,BESTEFFORT,COMPLETED,m8-1,278.405,"{'m1-1': 96.83, 'm2-1': 27.74, 'm3-1': 9.85, 'm4-1': 110.58, 'm5-1': 26.85, 'm6-1': 27.33, 'm7-1': 97.41, 'm8-1': 9.4}",14.100000000000001,377.642,387.042,inf,388.405,388.405
308,T10,BESTEFFORT,CANCELLED,,278.672,"{'m1-1': 106.98, 'm2-1': 27.35, 'm3-1': 10.73, 'm4-1': 94.99, 'm5-1': 26.81, 'm6-1': 25.24, 'm7-1': 108.91, 'm8-1': 10.7}",0.0,inf,inf,inf,388.672,388.672
309,T10,BESTEFFORT,CANCELLED,,279.874,"{'m1-1': 108.46, 'm2-1': 26.07, 'm3-1': 10.73, 'm4-1': 101.44, 'm5-1': 28.21, 'm6-1': 27.84, 'm7-1': 112.01, 'm8-1': 9.7}",0.0,inf,inf,inf,389.874,389.874
310,T9,BESTEFFORT,MISSED,m1-1,280.383,"{'m1-1': 117.62, 'm2-1': 27.1, 'm3-1': 10.94, 'm4-1': 110.34, 'm5-1': 27.3, 'm6-1': 25.86, 'm7-1': 101.43, 'm8-1': 10.92}",0.0,483.12800000000004,inf,483.12800000000004,390.383,390.383
311,T10,BESTEFFORT,CANCELLED,,281.17,"{'m1-1': 111.84, 'm2-1': 24.64, 'm3-1': 9.47, 'm4-1': 100.68, 'm5-1': 24.31, 'm6-1': 27.94, 'm7-1': 111.9, 'm8-1': 10.81}",0.0,inf,inf,inf,391.17,391.17
312,T2,BESTEFFORT,CANCELLED,,281.374,"{'m1-1': 105.85, 'm2-1': 25.51, 'm3-1': 10.72, 'm4-1': 109.56, 'm5-1': 26.93, 'm6-1': 27.49, 'm7-1': 92.83, 'm8-1': 10.01}",0.0,inf,inf,inf,391.374,391.374
313,T6,BESTEFFORT,COMPLETED,m6-1,281.587,"{'m1-1': 108.42, 'm2-1': 27.94, 'm3-1': 10.62, 'm4-1': 97.57, 'm5-1': 26.32, 'm6-1': 25.42, 'm7-1': 107.96, 'm8-1': 9.72}",38.13,366.089,391.509,inf,391.587,391.587
314,T1,BESTEFFORT,MISSED,m2-1,282.243,"{'m1-1': 107.97, 'm2-1': 27.3, 'm3-1': 10.19, 'm4-1': 114.7, 'm5-1': 24.76, 'm6-1': 23.85, 'm7-1': 110.76, 'm8-1': 10.69}",38.19150000000002,366.782,inf,392.243,392.243,392.243
315,T10,BESTEFFORT,CANCELLED,,282.265,"{'m1-1': 108.74, 'm2-1': 24.64, 'm3-1': 9.65, 'm4-1': 109.73, 'm5-1': 25.34, 'm6-1': 27.18, 'm7-1': 113.88, 'm8-1': 10.13}",0.0,inf,inf,inf,392.265,392.265
316,T9,BESTEFFORT,MISSED,m7-1,282.607,"{'m1-1': 101.42, 'm2-1': 26.92, 'm3-1': 10.0, 'm4-1': 115.82, 'm5-1': 27.01, 'm6-1': 25.05, 'm7-1': 109.2, 'm8-1': 9.98}",48.17699999999999,360.48900000000003,inf,392.607,392.607,392.607
317,T3,BESTEFFORT,CANCELLED,,282.968,"{'m1-1': 112.59, 'm2-1': 25.0, 'm3-1': 10.03, 'm4-1': 104.85, 'm5-1': 24.19, 'm6-1': 26.95, 'm7-1': 97.4, 'm8-1': 9.47}",0.0,inf,inf,inf,392.968,392.968
318,T6,BESTEFFORT,MISSED,m7-1,283.517,"{'m1-1': 111.04, 'm2-1': 27.57, 'm3-1': 9.53, 'm4-1': 114.43, 'm5-1': 26.68, 'm6-1': 23.8, 'm7-1': 104.81, 'm8-1': 10.7}",0.0,468.706,inf,468.706,393.517,393.517
319,T1,BESTEFFORT,COMPLETED,m3-1,283.846,"{'m1-1': 98.56, 'm2-1': 25.65, 'm3-1': 10.66, 'm4-1': 103.17, 'm5-1': 25.96, 'm6-1': 26.21, 'm7-1': 104.74, 'm8-1': 10.43}",15.99,381.52000000000004,392.18000000000006,inf,393.846,393.846
320,T8,BESTEFFORT,MISSED,m7-1,285.413,"{'m1-1': 110.6, 'm2-1': 24.8, 'm3-1': 10.61, 'm4-1': 114.14, 'm5-1': 25.32, 'm6-1': 26.58, 'm7-1': 96.82, 'm8-1': 10.88}",0.0,468.706,inf,468.706,395.413,395.413
321,T7,BESTEFFORT,MISSED,m7-1,286.715,"{'m1-1': 108.87, 'm2-1': 24.02, 'm3-1': 9.75, 'm4-1': 98.43, 'm5-1': 26.75, 'm6-1': 26.73, 'm7-1': 109.32, 'm8-1': 10.44}",0.0,468.706,inf,468.706,396.715,396.715
322,T9,BESTEFFORT,CANCELLED,,287.223,"{'m1-1': 101.41, 'm2-1': 25.85, 'm3-1': 9.99, 'm4-1': 108.27, 'm5-1': 27.49, 'm6-1': 25.53, 'm7-1': 101.87, 'm8-1': 10.66}",0.0,inf,inf,inf,397.223,397.223
323,T3,BESTEFFORT,CANCELLED,,291.483,"{'m1-1': 112.38, 'm2-1': 25.9, 'm3-1': 10.05, 'm4-1': 106.59, 'm5-1': 27.84, 'm6-1': 28.94, 'm7-1': 109.28, 'm8-1': 9.93}",0.0,inf,inf,inf,401.483,401.483
324,T1,BESTEFFORT,COMPLETED,m8-1,291.539,"{'m1-1': 97.14, 'm2-1': 27.32, 'm3-1': 9.28, 'm4-1': 117.68, 'm5-1': 25.82, 'm6-1': 26.36, 'm7-1': 109.35, 'm8-1': 10.22}",15.330000000000002,387.042,397.262,inf,401.539,401.539
325,T4,BESTEFFORT,CANCELLED,,292.382,"{'m1-1': 113.0, 'm2-1': 27.35, 'm3-1': 10.28, 'm4-1': 101.25, 'm5-1': 26.44, 'm6-1': 25.49, 'm7-1': 107.89, 'm8-1': 11.28}",0.0,inf,inf,inf,402.382,402.382
326,T10,BESTEFFORT,CANCELLED,,293.331,"{'m1-1': 106.77, 'm2-1': 24.92, 'm3-1': 9.62, 'm4-1': 105.67, 'm5-1': 28.3, 'm6-1': 25.29, 'm7-1': 107.16, 'm8-1': 10.19}",0.0,inf,inf,inf,403.331,403.331
327,T8,BESTEFFORT,CANCELLED,,297.757,"{'m1-1': 104.29, 'm2-1': 25.84, 'm3-1': 9.83, 'm4-1': 99.76, 'm5-1': 26.8, 'm6-1': 27.23, 'm7-1': 99.38, 'm8-1': 10.82}",0.0,inf,inf,inf,407.757,407.757
328,T10,BESTEFFORT,CANCELLED,,297.791,"{'m1-1': 109.28, 'm2-1': 26.53, 'm3-1': 10.73, 'm4-1': 101.61, 'm5-1': 24.0, 'm6-1': 24.44, 'm7-1': 104.49, 'm8-1': 10.12}",0.0,inf,inf,inf,407.791,407.791
329,T2,BESTEFFORT,COMPLETED,m3-1,297.953,"{'m1-1': 102.19, 'm2-1': 27.21, 'm3-1': 10.89, 'm4-1': 110.95, 'm5-1': 25.0, 'm6-1': 26.65, 'm7-1': 96.27, 'm8-1': 10.04}",16.335,392.18000000000006,403.07000000000005,inf,407.953,407.953
330,T1,BESTEFFORT,CANCELLED,,299.777,"{'m1-1': 111.55, 'm2-1': 25.91, 'm3-1': 10.17, 'm4-1': 108.88, 'm5-1': 23.75, 'm6-1': 26.53, 'm7-1': 106.78, 'm8-1': 11.4}",0.0,inf,inf,inf,409.777,409.777
331,T6,BESTEFFORT,COMPLETED,m5-1,301.263,"{'m1-1': 105.34, 'm2-1': 28.03, 'm3-1': 9.79, 'm4-1': 97.23, 'm5-1': 28.06, 'm6-1': 27.68, 'm7-1': 111.76, 'm8-1': 10.21}",42.089999999999996,381.002,409.062,inf,411.263,411.263
332,T6,BESTEFFORT,CANCELLED,,304.089,"{'m1-1': 113.61, 'm2-1': 25.96, 'm3-1': 10.2, 'm4-1': 102.35, 'm5-1': 26.54, 'm6-1': 27.41, 'm7-1': 112.48, 'm8-1': 10.54}",0.0,inf,inf,inf,414.089,414.089
333,T10,BESTEFFORT,COMPLETED,m3-1,304.622,"{'m1-1': 103.23, 'm2-1': 23.36, 'm3-1': 9.74, 'm4-1': 109.55, 'm5-1': 27.01, 'm6-1': 26.49, 'm7-1': 106.52, 'm8-1': 10.08}",14.61,403.07000000000005,412.81000000000006,inf,414.622,414.622
334,T7,BESTEFFORT,COMPLETED,m8-1,304.778,"{'m1-1': 106.59, 'm2-1': 23.58, 'm3-1': 11.03, 'm4-1': 105.01, 'm5-1': 27.84, 'm6-1': 26.38, 'm7-1': 108.22, 'm8-1': 10.81}",16.215,397.262,408.072,inf,414.778,414.778
335,T3,BESTEFFORT,CANCELLED,,305.89,"{'m1-1': 101.87, 'm2-1': 27.86, 'm3-1': 10.62, 'm4-1': 96.9, 'm5-1': 27.14, 'm6-1': 27.5, 'm7-1': 99.76, 'm8-1': 10.81}",0.0,inf,inf,inf,415.89,415.89
336,T3,BESTEFFORT,COMPLETED,m6-1,310.656,"{'m1-1': 112.59, 'm2-1': 27.91, 'm3-1': 9.84, 'm4-1': 102.66, 'm5-1': 24.47, 'm6-1': 28.03, 'm7-1': 101.93, 'm8-1': 10.76}",42.045,391.509,419.539,inf,420.656,420.656
337,T2,BESTEFFORT,COMPLETED,m2-1,310.692,"{'m1-1': 102.17, 'm2-1': 24.38, 'm3-1': 11.12, 'm4-1': 116.53, 'm5-1': 24.89, 'm6-1': 27.11, 'm7-1': 92.34, 'm8-1': 11.51}",36.57,392.243,416.623,inf,420.692,420.692
338,T1,BESTEFFORT,COMPLETED,m8-1,312.875,"{'m1-1': 97.42, 'm2-1': 25.91, 'm3-1': 10.15, 'm4-1': 108.72, 'm5-1': 25.43, 'm6-1': 24.49, 'm7-1': 104.6, 'm8-1': 10.87}",16.305,408.072,418.942,inf,422.875,422.875
339,T6,BESTEFFORT,COMPLETED,m3-1,313.357,"{'m1-1': 109.56, 'm2-1': 28.87, 'm3-1': 9.49, 'm4-1': 107.37, 'm5-1': 24.4, 'm6-1': 24.85, 'm7-1': 102.41, 'm8-1': 10.48}",14.235,412.81000000000006,422.30000000000007,inf,423.357,423.357
340,T8,BESTEFFORT,CANCELLED,,314.006,"{'m1-1': 99.16, 'm2-1': 24.25, 'm3-1': 10.76, 'm4-1': 98.49, 'm5-1': 26.87, 'm6-1': 27.29, 'm7-1': 107.41, 'm8-1': 9.8}",0.0,inf,inf,inf,424.006,424.006
341,T1,BESTEFFORT,CANCELLED,,315.458,"{'m1-1': 95.74, 'm2-1': 28.35, 'm3-1': 10.87, 'm4-1': 117.92, 'm5-1': 27.07, 'm6-1': 25.2, 'm7-1': 112.22, 'm8-1': 11.2}",0.0,inf,inf,inf,425.458,425.458
342,T2,BESTEFFORT,CANCELLED,,316.445,"{'m1-1': 107.26, 'm2-1': 27.05, 'm3-1': 11.09, 'm4-1': 99.58, 'm5-1': 24.98, 'm6-1': 24.81, 'm7-1': 101.95, 'm8-1': 10.08}",0.0,inf,inf,inf,426.445,426.445
343,T5,BESTEFFORT,CANCELLED,,316.586,"{'m1-1': 96.12, 'm2-1': 26.27, 'm3-1': 10.26, 'm4-1': 96.2, 'm5-1': 23.12, 'm6-1': 25.24, 'm7-1': 103.31, 'm8-1': 11.39}",0.0,inf,inf,inf,426.586,426.586
344,T2,BESTEFFORT,CANCELLED,,316.919,"{'m1-1': 93.78, 'm2-1': 26.76, 'm3-1': 10.87, 'm4-1': 105.08, 'm5-1': 26.77, 'm6-1': 26.31, 'm7-1': 103.27, 'm8-1': 10.82}",0.0,inf,inf,inf,426.919,426.919
345,T2,BESTEFFORT,CANCELLED,,317.506,"{'m1-1': 110.56, 'm2-1': 23.43, 'm3-1': 11.02, 'm4-1': 113.8, 'm5-1': 27.63, 'm6-1': 28.72, 'm7-1': 93.74, 'm8-1': 10.57}",0.0,inf,inf,inf,427.506,427.506
346,T7,BESTEFFORT,CANCELLED,,320.52,"{'m1-1': 94.57, 'm2-1': 27.82, 'm3-1': 10.93, 'm4-1': 95.16, 'm5-1': 24.57, 'm6-1': 28.75, 'm7-1': 109.51, 'm8-1': 11.28}",0.0,inf,inf,inf,430.52,430.52
347,T2,BESTEFFORT,CANCELLED,,321.248,"{'m1-1': 109.57, 'm2-1': 26.49, 'm3-1': 9.62, 'm4-1': 101.74, 'm5-1': 27.62, 'm6-1': 26.75, 'm7-1': 99.45, 'm8-1': 10.55}",0.0,inf,inf,inf,431.248,431.248
348,T4,BESTEFFORT,CANCELLED,,321.323,"{'m1-1': 104.72, 'm2-1': 26.01, 'm3-1': 9.46, 'm4-1': 105.76, 'm5-1': 25.04, 'm6-1': 24.54, 'm7-1': 104.27, 'm8-1': 10.87}",0.0,inf,inf,inf,431.323,431.323
349,T5,BESTEFFORT,COMPLETED,m8-1,321.955,"{'m1-1': 103.68, 'm2-1': 28.88, 'm3-1': 10.72, 'm4-1': 105.02, 'm5-1': 25.13, 'm6-1': 27.74, 'm7-1': 110.05, 'm8-1': 10.04}",15.059999999999999,418.942,428.982,inf,431.955,431.955
350,T5,BESTEFFORT,CANCELLED,,322.296,"{'m1-1': 101.75, 'm2-1': 27.34, 'm3-1': 10.98, 'm4-1': 102.37, 'm5-1': 26.16, 'm6-1': 26.35, 'm7-1': 95.25, 'm8-1': 11.34}",0.0,inf,inf,inf,432.296,432.296
351,T3,BESTEFFORT,CANCELLED,,322.848,"{'m1-1': 114.43, 'm2-1': 25.14, 'm3-1': 10.61, 'm4-1': 99.78, 'm5-1': 26.22, 'm6-1': 26.14, 'm7-1': 107.91, 'm8-1': 9.61}",0.0,inf,inf,inf,432.848,432.848
352,T8,BESTEFFORT,COMPLETED,m3-1,325.096,"{'m1-1': 101.33, 'm2-1': 24.8, 'm3-1': 9.26, 'm4-1': 106.76, 'm5-1': 23.89, 'm6-1': 25.84, 'm7-1': 106.28, 'm8-1': 9.78}",13.89,422.30000000000007,431.56000000000006,inf,435.096,435.096
353,T5,BESTEFFORT,CANCELLED,,327.954,"{'m1-1': 105.25, 'm2-1': 28.26, 'm3-1': 9.62, 'm4-1': 105.2, 'm5-1': 23.45, 'm6-1': 24.77, 'm7-1': 103.08, 'm8-1': 11.74}",0.0,inf,inf,inf,437.954,437.954
354,T10,BESTEFFORT,COMPLETED,m5-1,329.238,"{'m1-1': 107.95, 'm2-1': 23.12, 'm3-1': 10.74, 'm4-1': 97.15, 'm5-1': 26.33, 'm6-1': 23.66, 'm7-1': 110.32, 'm8-1': 10.08}",39.495,409.062,435.392,inf,439.238,439.238
355,T6,BESTEFFORT,CANCELLED,,330.423,"{'m1-1': 101.72, 'm2-1': 28.05, 'm3-1': 9.68, 'm4-1': 107.58, 'm5-1': 23.81, 'm6-1': 23.71, 'm7-1': 107.82, 'm8-1': 9.63}",0.0,inf,inf,inf,440.423,440.423
356,T2,BESTEFFORT,MISSED,m5-1,330.505,"{'m1-1': 95.44, 'm2-1': 24.25, 'm3-1': 11.14, 'm4-1': 110.06, 'm5-1': 28.5, 'm6-1': 25.03, 'm7-1': 98.68, 'm8-1': 11.49}",0.0,483.282,inf,483.282,440.505,440.505
357,T9,BESTEFFORT,CANCELLED,,331.225,"{'m1-1': 107.66, 'm2-1': 27.62, 'm3-1': 10.95, 'm4-1': 113.7, 'm5-1': 28.02, 'm6-1': 25.73, 'm7-1': 103.8, 'm8-1': 10.25}",0.0,inf,inf,inf,441.225,441.225
358,T3,BESTEFFORT,COMPLETED,m8-1,331.604,"{'m1-1': 101.24, 'm2-1': 28.53, 'm3-1': 9.41, 'm4-1': 109.23, 'm5-1': 27.65, 'm6-1': 28.61, 'm7-1': 107.98, 'm8-1': 9.53}",14.294999999999998,428.982,438.512,inf,441.604,441.604
359,T7,BESTEFFORT,CANCELLED,,333.347,"{'m1-1': 96.18, 'm2-1': 23.58, 'm3-1': 10.92, 'm4-1': 99.52, 'm5-1': 25.01, 'm6-1': 24.91, 'm7-1': 103.62, 'm8-1': 10.15}",0.0,inf,inf,inf,443.347,443.347
360,T7,BESTEFFORT,COMPLETED,m2-1,333.413,"{'m1-1': 106.3, 'm2-1': 26.38, 'm3-1': 9.8, 'm4-1': 108.6, 'm5-1': 26.92, 'm6-1': 25.28, 'm7-1': 100.78, 'm8-1': 11.51}",39.57,416.623,443.003,inf,443.413,443.413
361,T1,BESTEFFORT,COMPLETED,m3-1,333.443,"{'m1-1': 94.71, 'm2-1': 27.1, 'm3-1': 9.58, 'm4-1': 116.69, 'm5-1': 23.44, 'm6-1': 23.77, 'm7-1': 111.61, 'm8-1': 10.56}",14.370000000000001,431.56000000000006,441.14000000000004,inf,443.443,443.443
362,T7,BESTEFFORT,CANCELLED,,333.858,"{'m1-1': 104.19, 'm2-1': 25.07, 'm3-1': 9.69, 'm4-1': 110.15, 'm5-1': 26.68, 'm6-1': 27.97, 'm7-1': 118.6, 'm8-1': 11.32}",0.0,inf,inf,inf,443.858,443.858
363,T8,BESTEFFORT,CANCELLED,,334.375,"{'m1-1': 110.7, 'm2-1': 27.32, 'm3-1': 10.45, 'm4-1': 114.34, 'm5-1': 24.8, 'm6-1': 27.32, 'm7-1': 95.3, 'm8-1': 10.94}",0.0,inf,inf,inf,444.375,444.375
364,T7,BESTEFFORT,CANCELLED,,335.414,"{'m1-1': 104.22, 'm2-1': 23.92, 'm3-1': 11.01, 'm4-1': 109.68, 'm5-1': 26.72, 'm6-1': 24.94, 'm7-1': 117.2, 'm8-1': 10.21}",0.0,inf,inf,inf,445.414,445.414
365,T3,BESTEFFORT,CANCELLED,,335.486,"{'m1-1': 111.7, 'm2-1': 24.73, 'm3-1': 9.24, 'm4-1': 103.1, 'm5-1': 27.22, 'm6-1': 28.06, 'm7-1': 107.76, 'm8-1': 10.14}",0.0,inf,inf,inf,445.486,445.486
366,T6,BESTEFFORT,COMPLETED,m6-1,335.831,"{'m1-1': 105.65, 'm2-1': 25.43, 'm3-1': 10.08, 'm4-1': 111.97, 'm5-1': 24.09, 'm6-1': 25.5, 'm7-1': 110.03, 'm8-1': 9.38}",38.25,419.539,445.039,inf,445.831,445.831
367,T7,BESTEFFORT,CANCELLED,,335.971,"{'m1-1': 94.59, 'm2-1': 25.33, 'm3-1': 10.12, 'm4-1': 106.08, 'm5-1': 25.07, 'm6-1': 27.25, 'm7-1': 102.34, 'm8-1': 11.41}",0.0,inf,inf,inf,445.971,445.971
368,T6,BESTEFFORT,CANCELLED,,336.466,"{'m1-1': 105.27, 'm2-1': 27.28, 'm3-1': 10.04, 'm4-1': 97.99, 'm5-1': 23.85, 'm6-1': 24.27, 'm7-1': 104.34, 'm8-1': 9.78}",0.0,inf,inf,inf,446.466,446.466
369,T4,BESTEFFORT,CANCELLED,,337.148,"{'m1-1': 109.05, 'm2-1': 25.06, 'm3-1': 10.62, 'm4-1': 100.47, 'm5-1': 27.26, 'm6-1': 26.41, 'm7-1': 98.37, 'm8-1': 10.3}",0.0,inf,inf,inf,447.148,447.148
370,T2,BESTEFFORT,CANCELLED,,337.466,"{'m1-1': 99.42, 'm2-1': 25.5, 'm3-1': 10.34, 'm4-1': 103.49, 'm5-1': 24.46, 'm6-1': 24.35, 'm7-1': 93.91, 'm8-1': 10.56}",0.0,inf,inf,inf,447.466,447.466
371,T3,BESTEFFORT,CANCELLED,,337.814,"{'m1-1': 105.79, 'm2-1': 26.42, 'm3-1': 9.53, 'm4-1': 108.3, 'm5-1': 27.98, 'm6-1': 26.16, 'm7-1': 105.26, 'm8-1': 10.92}",0.0,inf,inf,inf,447.814,447.814
372,T2,BESTEFFORT,CANCELLED,,338.932,"{'m1-1': 99.38, 'm2-1': 23.79, 'm3-1': 10.15, 'm4-1': 117.61, 'm5-1': 27.0, 'm6-1': 25.66, 'm7-1': 97.53, 'm8-1': 10.0}",0.0,inf,inf,inf,448.932,448.932
373,T5,BESTEFFORT,CANCELLED,,339.156,"{'m1-1': 102.11, 'm2-1': 28.1, 'm3-1': 11.1, 'm4-1': 97.97, 'm5-1': 23.58, 'm6-1': 25.74, 'm7-1': 101.37, 'm8-1': 9.96}",0.0,inf,inf,inf,449.156,449.156
374,T5,BESTEFFORT,CANCELLED,,340.379,"{'m1-1': 109.2, 'm2-1': 29.01, 'm3-1': 11.29, 'm4-1': 97.0, 'm5-1': 23.35, 'm6-1': 24.78, 'm7-1': 99.4, 'm8-1': 10.4}",0.0,inf,inf,inf,450.379,450.379
375,T3,BESTEFFORT,COMPLETED,m8-1,342.326,"{'m1-1': 101.53, 'm2-1': 24.74, 'm3-1': 9.6, 'm4-1': 93.32, 'm5-1': 26.8, 'm6-1': 25.32, 'm7-1': 111.4, 'm8-1': 9.82}",14.73,438.512,448.332,inf,452.326,452.326
376,T3,BESTEFFORT,COMPLETED,m3-1,343.513,"{'m1-1': 98.05, 'm2-1': 26.09, 'm3-1': 10.01, 'm4-1': 103.58, 'm5-1': 27.44, 'm6-1': 25.0, 'm7-1': 102.18, 'm8-1': 10.75}",15.015,441.14000000000004,451.15000000000003,inf,453.513,453.513
377,T2,BESTEFFORT,CANCELLED,,344.205,"{'m1-1': 97.12, 'm2-1': 25.62, 'm3-1': 9.63, 'm4-1': 108.82, 'm5-1': 25.43, 'm6-1': 24.73, 'm7-1': 104.08, 'm8-1': 10.94}",0.0,inf,inf,inf,454.205,454.205
378,T9,BESTEFFORT,CANCELLED,,345.765,"{'m1-1': 113.0, 'm2-1': 24.33, 'm3-1': 10.54, 'm4-1': 115.63, 'm5-1': 26.22, 'm6-1': 26.72, 'm7-1': 110.12, 'm8-1': 10.2}",0.0,inf,inf,inf,455.765,455.765
379,T3,BESTEFFORT,CANCELLED,,346.934,"{'m1-1': 106.79, 'm2-1': 25.84, 'm3-1': 9.25, 'm4-1': 100.04, 'm5-1': 27.91, 'm6-1': 26.23, 'm7-1': 103.06, 'm8-1': 10.65}",0.0,inf,inf,inf,456.934,456.934
380,T7,BESTEFFORT,CANCELLED,,350.132,"{'m1-1': 105.48, 'm2-1': 27.07, 'm3-1': 10.28, 'm4-1': 105.87, 'm5-1': 24.63, 'm6-1': 25.88, 'm7-1': 103.34, 'm8-1': 10.9}",0.0,inf,inf,inf,460.132,460.132
381,T1,BESTEFFORT,CANCELLED,,350.297,"{'m1-1': 96.76, 'm2-1': 24.11, 'm3-1': 9.31, 'm4-1': 116.0, 'm5-1': 25.19, 'm6-1': 23.46, 'm7-1': 99.01, 'm8-1': 10.43}",0.0,inf,inf,inf,460.297,460.297
382,T2,BESTEFFORT,CANCELLED,,350.574,"{'m1-1': 101.32, 'm2-1': 26.93, 'm3-1': 9.37, 'm4-1': 111.25, 'm5-1': 28.32, 'm6-1': 25.81, 'm7-1': 105.84, 'm8-1': 10.3}",0.0,inf,inf,inf,460.574,460.574
383,T9,BESTEFFORT,COMPLETED,m8-1,350.814,"{'m1-1': 115.13, 'm2-1': 26.82, 'm3-1': 9.45, 'm4-1': 104.46, 'm5-1': 24.45, 'm6-1': 28.58, 'm7-1': 104.94, 'm8-1': 10.66}",15.99,448.332,458.992,inf,460.814,460.814
384,T8,BESTEFFORT,MISSED,m4-1,353.699,"{'m1-1': 103.9, 'm2-1': 25.28, 'm3-1': 10.94, 'm4-1': 100.06, 'm5-1': 26.27, 'm6-1': 28.1, 'm7-1': 107.61, 'm8-1': 9.49}",143.38049999999998,368.112,inf,463.699,463.699,463.699
385,T4,BESTEFFORT,COMPLETED,m5-1,354.56,"{'m1-1': 115.52, 'm2-1': 26.93, 'm3-1': 10.26, 'm4-1': 99.8, 'm5-1': 23.62, 'm6-1': 25.55, 'm7-1': 101.57, 'm8-1': 11.51}",35.43,435.392,459.012,inf,464.56,464.56
386,T7,BESTEFFORT,MISSED,m7-1,358.706,"{'m1-1': 106.3, 'm2-1': 24.73, 'm3-1': 9.82, 'm4-1': 109.16, 'm5-1': 26.55, 'm6-1': 26.42, 'm7-1': 111.38, 'm8-1': 11.08}",114.14849999999998,392.607,inf,468.706,468.706,468.706
387,T1,BESTEFFORT,COMPLETED,m6-1,359.515,"{'m1-1': 107.54, 'm2-1': 27.01, 'm3-1': 10.7, 'm4-1': 116.31, 'm5-1': 23.84, 'm6-1': 24.21, 'm7-1': 105.36, 'm8-1': 11.63}",36.315,445.039,469.24899999999997,inf,469.515,469.515
388,T6,BESTEFFORT,COMPLETED,m3-1,360.245,"{'m1-1': 112.15, 'm2-1': 25.13, 'm3-1': 10.07, 'm4-1': 101.55, 'm5-1': 25.59, 'm6-1': 24.32, 'm7-1': 100.24, 'm8-1': 10.26}",15.105,451.15000000000003,461.22,inf,470.245,470.245
389,T2,BESTEFFORT,COMPLETED,m2-1,361.191,"{'m1-1': 97.72, 'm2-1': 26.13, 'm3-1': 10.36, 'm4-1': 104.65, 'm5-1': 26.75, 'm6-1': 28.84, 'm7-1': 108.29, 'm8-1': 10.52}",39.195,443.003,469.133,inf,471.191,471.191
390,T10,BESTEFFORT,COMPLETED,m8-1,362.177,"{'m1-1': 100.64, 'm2-1': 27.44, 'm3-1': 9.82, 'm4-1': 107.98, 'm5-1': 24.35, 'm6-1': 25.48, 'm7-1': 113.07, 'm8-1': 10.49}",15.735,458.992,469.482,inf,472.177,472.177
391,T7,BESTEFFORT,MISSED,m4-1,364.421,"{'m1-1': 96.94, 'm2-1': 25.53, 'm3-1': 9.88, 'm4-1': 102.23, 'm5-1': 26.58, 'm6-1': 27.81, 'm7-1': 113.1, 'm8-1': 10.48}",0.0,487.928,inf,487.928,474.421,474.421
392,T10,BESTEFFORT,COMPLETED,m3-1,365.478,"{'m1-1': 112.56, 'm2-1': 26.01, 'm3-1': 9.65, 'm4-1': 101.11, 'm5-1': 27.85, 'm6-1': 24.08, 'm7-1': 104.47, 'm8-1': 10.35}",14.475000000000001,461.22,470.87,inf,475.478,475.478
393,T8,BESTEFFORT,CANCELLED,,365.568,"{'m1-1': 107.36, 'm2-1': 27.43, 'm3-1': 10.14, 'm4-1': 102.88, 'm5-1': 27.56, 'm6-1': 26.54, 'm7-1': 102.57, 'm8-1': 10.39}",0.0,inf,inf,inf,475.568,475.568
394,T8,BESTEFFORT,CANCELLED,,365.671,"{'m1-1': 103.94, 'm2-1': 26.21, 'm3-1': 9.49, 'm4-1': 104.05, 'm5-1': 25.68, 'm6-1': 25.8, 'm7-1': 104.54, 'm8-1': 9.6}",0.0,inf,inf,inf,475.671,475.671
395,T1,BESTEFFORT,MISSED,m4-1,367.204,"{'m1-1': 94.61, 'm2-1': 24.33, 'm3-1': 10.08, 'm4-1': 109.66, 'm5-1': 23.01, 'm6-1': 23.52, 'm7-1': 112.48, 'm8-1': 10.4}",0.0,487.928,inf,487.928,477.204,477.204
396,T2,BESTEFFORT,MISSED,m4-1,368.999,"{'m1-1': 94.82, 'm2-1': 25.85, 'm3-1': 10.43, 'm4-1': 109.45, 'm5-1': 25.99, 'm6-1': 27.05, 'm7-1': 106.24, 'm8-1': 11.03}",0.0,487.928,inf,487.928,478.999,478.999
397,T2,BESTEFFORT,COMPLETED,m8-1,372.485,"{'m1-1': 101.12, 'm2-1': 26.68, 'm3-1': 11.11, 'm4-1': 104.04, 'm5-1': 28.46, 'm6-1': 26.13, 'm7-1': 93.31, 'm8-1': 9.88}",14.82,469.482,479.362,inf,482.485,482.485
398,T6,BESTEFFORT,COMPLETED,m1-1,373.482,"{'m1-1': 101.66, 'm2-1': 27.0, 'm3-1': 10.45, 'm4-1': 115.3, 'm5-1': 27.3, 'm6-1': 23.96, 'm7-1': 102.73, 'm8-1': 10.87}",152.49,381.468,483.12800000000004,inf,483.482,483.482
399,T10,BESTEFFORT,MISSED,m7-1,374.671,"{'m1-1': 108.64, 'm2-1': 24.24, 'm3-1': 10.27, 'm4-1': 105.68, 'm5-1': 24.22, 'm6-1': 24.57, 'm7-1': 109.98, 'm8-1': 10.18}",0.0,506.535,inf,506.535,484.671,484.671
400,T7,BESTEFFORT,COMPLETED,m3-1,375.139,"{'m1-1': 103.08, 'm2-1': 27.48, 'm3-1': 10.87, 'm4-1': 103.68, 'm5-1': 24.26, 'm6-1': 25.51, 'm7-1': 103.16, 'm8-1': 10.74}",16.305,470.87,481.74,inf,485.139,485.139
401,T1,BESTEFFORT,CANCELLED,,375.429,"{'m1-1': 110.05, 'm2-1': 24.15, 'm3-1': 10.17, 'm4-1': 103.01, 'm5-1': 25.72, 'm6-1': 26.96, 'm7-1': 98.2, 'm8-1': 9.88}",0.0,inf,inf,inf,485.429,485.429
402,T3,BESTEFFORT,MISSED,m1-1,375.597,"{'m1-1': 97.98, 'm2-1': 28.19, 'm3-1': 9.54, 'm4-1': 105.76, 'm5-1': 28.32, 'm6-1': 27.46, 'm7-1': 94.81, 'm8-1': 9.75}",0.0,589.38,inf,589.38,485.597,485.597
403,T1,BESTEFFORT,MISSED,m7-1,376.348,"{'m1-1': 104.98, 'm2-1': 27.64, 'm3-1': 9.28, 'm4-1': 115.1, 'm5-1': 26.25, 'm6-1': 23.55, 'm7-1': 106.0, 'm8-1': 10.27}",0.0,506.535,inf,506.535,486.348,486.348
404,T4,BESTEFFORT,CANCELLED,,377.587,"{'m1-1': 102.42, 'm2-1': 25.23, 'm3-1': 10.2, 'm4-1': 102.44, 'm5-1': 26.38, 'm6-1': 28.92, 'm7-1': 101.38, 'm8-1': 10.55}",0.0,inf,inf,inf,487.587,487.587
405,T5,BESTEFFORT,CANCELLED,,377.693,"{'m1-1': 95.09, 'm2-1': 25.74, 'm3-1': 10.64, 'm4-1': 105.3, 'm5-1': 24.36, 'm6-1': 28.04, 'm7-1': 109.3, 'm8-1': 11.25}",0.0,inf,inf,inf,487.693,487.693
406,T3,BESTEFFORT,MISSED,m4-1,377.928,"{'m1-1': 106.66, 'm2-1': 24.64, 'm3-1': 9.66, 'm4-1': 98.03, 'm5-1': 26.58, 'm6-1': 26.43, 'm7-1': 106.88, 'm8-1': 10.9}",36.34349999999998,463.699,inf,487.928,487.928,487.928
407,T6,BESTEFFORT,MISSED,m4-1,378.269,"{'m1-1': 107.41, 'm2-1': 27.05, 'm3-1': 9.77, 'm4-1': 108.78, 'm5-1': 24.3, 'm6-1': 27.68, 'm7-1': 104.03, 'm8-1': 9.7}",0.0,587.5989999999999,inf,587.5989999999999,488.269,488.269
408,T9,BESTEFFORT,MISSED,m7-1,378.43,"{'m1-1': 114.6, 'm2-1': 26.34, 'm3-1': 10.94, 'm4-1': 101.72, 'm5-1': 24.43, 'm6-1': 27.58, 'm7-1': 112.86, 'm8-1': 10.29}",0.0,506.535,inf,506.535,488.43,488.43
409,T10,BESTEFFORT,COMPLETED,m5-1,378.934,"{'m1-1': 104.34, 'm2-1': 25.42, 'm3-1': 9.96, 'm4-1': 102.72, 'm5-1': 24.27, 'm6-1': 25.79, 'm7-1': 115.05, 'm8-1': 11.37}",36.405,459.012,483.282,inf,488.934,488.934
410,T7,BESTEFFORT,MISSED,m1-1,379.197,"{'m1-1': 106.67, 'm2-1': 23.97, 'm3-1': 9.33, 'm4-1': 104.12, 'm5-1': 24.91, 'm6-1': 26.95, 'm7-1': 103.64, 'm8-1': 11.72}",9.10349999999994,483.12800000000004,inf,489.197,489.197,489.197
411,T10,BESTEFFORT,COMPLETED,m8-1,380.846,"{'m1-1': 96.58, 'm2-1': 26.02, 'm3-1': 11.0, 'm4-1': 98.45, 'm5-1': 24.39, 'm6-1': 25.29, 'm7-1': 106.1, 'm8-1': 10.28}",15.419999999999998,479.362,489.642,inf,490.846,490.846
412,T4,BESTEFFORT,MISSED,m1-1,381.744,"{'m1-1': 109.43, 'm2-1': 23.44, 'm3-1': 9.39, 'm4-1': 105.02, 'm5-1': 24.17, 'm6-1': 25.54, 'm7-1': 112.87, 'm8-1': 10.35}",0.0,589.38,inf,589.38,491.744,491.744
413,T8,BESTEFFORT,CANCELLED,,381.829,"{'m1-1': 106.5, 'm2-1': 24.06, 'm3-1': 10.74, 'm4-1': 102.89, 'm5-1': 24.12, 'm6-1': 25.84, 'm7-1': 104.66, 'm8-1': 9.7}",0.0,inf,inf,inf,491.829,491.829
414,T6,BESTEFFORT,COMPLETED,m3-1,383.28,"{'m1-1': 99.28, 'm2-1': 28.03, 'm3-1': 10.6, 'm4-1': 103.3, 'm5-1': 24.11, 'm6-1': 27.58, 'm7-1': 105.84, 'm8-1': 9.53}",15.899999999999999,481.74,492.34000000000003,inf,493.28,493.28
415,T4,BESTEFFORT,MISSED,m1-1,384.922,"{'m1-1': 105.86, 'm2-1': 24.04, 'm3-1': 9.82, 'm4-1': 101.81, 'm5-1': 27.46, 'm6-1': 27.4, 'm7-1': 109.93, 'm8-1': 11.12}",0.0,589.38,inf,589.38,494.922,494.922
416,T2,BESTEFFORT,MISSED,m4-1,385.007,"{'m1-1': 97.17, 'm2-1': 27.16, 'm3-1': 11.09, 'm4-1': 110.98, 'm5-1': 26.52, 'm6-1': 27.85, 'm7-1': 98.06, 'm8-1': 11.28}",0.0,587.5989999999999,inf,587.5989999999999,495.007,495.007
417,T9,BESTEFFORT,CANCELLED,,386.035,"{'m1-1': 117.96, 'm2-1': 28.74, 'm3-1': 9.48, 'm4-1': 109.38, 'm5-1': 27.52, 'm6-1': 28.56, 'm7-1': 102.42, 'm8-1': 10.16}",0.0,inf,inf,inf,496.035,496.035
418,T2,BESTEFFORT,COMPLETED,m6-1,386.887,"{'m1-1': 95.33, 'm2-1': 23.28, 'm3-1': 9.86, 'm4-1': 113.76, 'm5-1': 24.24, 'm6-1': 24.82, 'm7-1': 97.66, 'm8-1': 10.9}",37.230000000000004,469.24899999999997,494.06899999999996,inf,496.887,496.887
419,T7,BESTEFFORT,COMPLETED,m2-1,387.318,"{'m1-1': 106.21, 'm2-1': 26.88, 'm3-1': 10.29, 'm4-1': 106.56, 'm5-1': 25.35, 'm6-1': 26.61, 'm7-1': 117.39, 'm8-1': 11.82}",40.32,469.133,496.013,inf,497.318,497.318
420,T8,BESTEFFORT,MISSED,m4-1,387.464,"{'m1-1': 101.92, 'm2-1': 26.43, 'm3-1': 10.5, 'm4-1': 105.53, 'm5-1': 25.69, 'm6-1': 27.24, 'm7-1': 98.48, 'm8-1': 9.67}",0.0,587.5989999999999,inf,587.5989999999999,497.464,497.464
421,T3,BESTEFFORT,CANCELLED,,387.769,"{'m1-1': 101.63, 'm2-1': 25.0, 'm3-1': 10.18, 'm4-1': 102.46, 'm5-1': 26.06, 'm6-1': 28.51, 'm7-1': 102.03, 'm8-1': 9.61}",0.0,inf,inf,inf,497.769,497.769
422,T3,BESTEFFORT,COMPLETED,m8-1,390.472,"{'m1-1': 103.58, 'm2-1': 25.79, 'm3-1': 10.61, 'm4-1': 99.62, 'm5-1': 27.23, 'm6-1': 25.98, 'm7-1': 97.91, 'm8-1': 9.38}",14.07,489.642,499.022,inf,500.472,500.472
423,T4,BESTEFFORT,COMPLETED,m3-1,392.155,"{'m1-1': 102.59, 'm2-1': 23.19, 'm3-1': 9.39, 'm4-1': 100.41, 'm5-1': 26.14, 'm6-1': 24.55, 'm7-1': 102.96, 'm8-1': 11.32}",14.085,492.34000000000003,501.73,inf,502.155,502.155
424,T1,BESTEFFORT,CANCELLED,,395.033,"{'m1-1': 110.88, 'm2-1': 25.89, 'm3-1': 10.32, 'm4-1': 103.32, 'm5-1': 25.4, 'm6-1': 27.05, 'm7-1': 106.14, 'm8-1': 11.68}",0.0,inf,inf,inf,505.033,505.033
425,T5,BESTEFFORT,CANCELLED,,395.225,"{'m1-1': 105.37, 'm2-1': 27.12, 'm3-1': 10.58, 'm4-1': 98.61, 'm5-1': 23.63, 'm6-1': 28.56, 'm7-1': 104.38, 'm8-1': 11.69}",0.0,inf,inf,inf,505.225,505.225
426,T10,BESTEFFORT,CANCELLED,,395.357,"{'m1-1': 112.6, 'm2-1': 27.17, 'm3-1': 10.02, 'm4-1': 104.56, 'm5-1': 24.9, 'm6-1': 24.17, 'm7-1': 117.45, 'm8-1': 10.57}",0.0,inf,inf,inf,505.357,505.357
427,T1,BESTEFFORT,CANCELLED,,395.37,"{'m1-1': 104.54, 'm2-1': 25.5, 'm3-1': 10.93, 'm4-1': 106.18, 'm5-1': 24.33, 'm6-1': 23.96, 'm7-1': 106.34, 'm8-1': 11.35}",0.0,inf,inf,inf,505.37,505.37
428,T1,BESTEFFORT,CANCELLED,,395.896,"{'m1-1': 109.12, 'm2-1': 24.09, 'm3-1': 9.88, 'm4-1': 103.0, 'm5-1': 23.26, 'm6-1': 25.46, 'm7-1': 102.75, 'm8-1': 11.47}",0.0,inf,inf,inf,505.896,505.896
429,T2,BESTEFFORT,CANCELLED,,396.255,"{'m1-1': 95.79, 'm2-1': 24.9, 'm3-1': 9.84, 'm4-1': 112.8, 'm5-1': 25.92, 'm6-1': 27.82, 'm7-1': 104.81, 'm8-1': 10.91}",0.0,inf,inf,inf,506.255,506.255
430,T3,BESTEFFORT,MISSED,m7-1,396.535,"{'m1-1': 101.19, 'm2-1': 28.2, 'm3-1': 10.43, 'm4-1': 96.1, 'm5-1': 24.1, 'm6-1': 26.82, 'm7-1': 96.72, 'm8-1': 10.03}",56.74350000000001,468.706,inf,506.535,506.535,506.535
431,T5,BESTEFFORT,CANCELLED,,398.543,"{'m1-1': 94.79, 'm2-1': 29.04, 'm3-1': 9.65, 'm4-1': 103.99, 'm5-1': 24.9, 'm6-1': 27.89, 'm7-1': 105.39, 'm8-1': 10.76}",0.0,inf,inf,inf,508.543,508.543
432,T2,BESTEFFORT,MISSED,m7-1,398.671,"{'m1-1': 105.0, 'm2-1': 25.41, 'm3-1': 10.08, 'm4-1': 116.51, 'm5-1': 26.01, 'm6-1': 27.81, 'm7-1': 101.17, 'm8-1': 9.85}",0.0,595.942,inf,595.942,508.671,508.671
433,T3,BESTEFFORT,CANCELLED,,398.821,"{'m1-1': 113.86, 'm2-1': 27.05, 'm3-1': 9.7, 'm4-1': 94.2, 'm5-1': 25.0, 'm6-1': 28.12, 'm7-1': 102.5, 'm8-1': 9.59}",0.0,inf,inf,inf,508.821,508.821
434,T1,BESTEFFORT,MISSED,m7-1,399.317,"{'m1-1': 110.17, 'm2-1': 28.4, 'm3-1': 10.97, 'm4-1': 113.5, 'm5-1': 23.75, 'm6-1': 26.09, 'm7-1': 97.17, 'm8-1': 10.38}",0.0,595.942,inf,595.942,509.317,509.317
435,T8,BESTEFFORT,COMPLETED,m3-1,401.516,"{'m1-1': 109.52, 'm2-1': 26.02, 'm3-1': 9.55, 'm4-1': 97.36, 'm5-1': 26.15, 'm6-1': 28.59, 'm7-1': 108.24, 'm8-1': 10.2}",14.325000000000001,501.73,511.28000000000003,inf,511.516,511.516
436,T5,BESTEFFORT,COMPLETED,m8-1,401.779,"{'m1-1': 106.49, 'm2-1': 28.52, 'm3-1': 10.89, 'm4-1': 98.48, 'm5-1': 26.04, 'm6-1': 24.84, 'm7-1': 105.39, 'm8-1': 10.09}",15.135,499.022,509.11199999999997,inf,511.779,511.779
437,T2,BESTEFFORT,CANCELLED,,403.506,"{'m1-1': 109.89, 'm2-1': 23.51, 'm3-1': 10.81, 'm4-1': 109.59, 'm5-1': 27.04, 'm6-1': 26.88, 'm7-1': 109.1, 'm8-1': 10.0}",0.0,inf,inf,inf,513.506,513.506
438,T3,BESTEFFORT,COMPLETED,m5-1,403.771,"{'m1-1': 108.19, 'm2-1': 26.86, 'm3-1': 10.58, 'm4-1': 95.48, 'm5-1': 25.06, 'm6-1': 25.81, 'm7-1': 98.2, 'm8-1': 10.48}",37.589999999999996,483.282,508.342,inf,513.771,513.771
439,T7,BESTEFFORT,CANCELLED,,403.886,"{'m1-1': 99.06, 'm2-1': 26.7, 'm3-1': 9.83, 'm4-1': 110.12, 'm5-1': 25.21, 'm6-1': 27.74, 'm7-1': 108.22, 'm8-1': 10.02}",0.0,inf,inf,inf,513.886,513.886
440,T6,BESTEFFORT,CANCELLED,,404.367,"{'m1-1': 99.1, 'm2-1': 26.94, 'm3-1': 10.35, 'm4-1': 107.52, 'm5-1': 28.03, 'm6-1': 26.34, 'm7-1': 105.71, 'm8-1': 9.44}",0.0,inf,inf,inf,514.367,514.367
441,T6,BESTEFFORT,CANCELLED,,405.553,"{'m1-1': 100.24, 'm2-1': 24.56, 'm3-1': 9.33, 'm4-1': 112.42, 'm5-1': 25.55, 'm6-1': 24.1, 'm7-1': 99.55, 'm8-1': 9.73}",0.0,inf,inf,inf,515.553,515.553
442,T1,BESTEFFORT,CANCELLED,,405.739,"{'m1-1': 105.27, 'm2-1': 27.24, 'm3-1': 9.78, 'm4-1': 118.39, 'm5-1': 25.45, 'm6-1': 27.24, 'm7-1': 105.2, 'm8-1': 10.64}",0.0,inf,inf,inf,515.739,515.739
443,T4,BESTEFFORT,CANCELLED,,406.74,"{'m1-1': 112.82, 'm2-1': 26.22, 'm3-1': 10.1, 'm4-1': 105.3, 'm5-1': 24.64, 'm6-1': 27.93, 'm7-1': 110.72, 'm8-1': 11.31}",0.0,inf,inf,inf,516.74,516.74
444,T8,BESTEFFORT,MISSED,m2-1,407.422,"{'m1-1': 104.46, 'm2-1': 23.82, 'm3-1': 10.88, 'm4-1': 105.35, 'm5-1': 24.94, 'm6-1': 26.26, 'm7-1': 100.55, 'm8-1': 11.22}",32.11350000000007,496.013,inf,517.422,517.422,517.422
445,T10,BESTEFFORT,MISSED,m7-1,407.437,"{'m1-1': 107.74, 'm2-1': 27.28, 'm3-1': 10.8, 'm4-1': 108.36, 'm5-1': 24.26, 'm6-1': 26.51, 'm7-1': 111.97, 'm8-1': 10.21}",0.0,595.942,inf,595.942,517.437,517.437
446,T8,BESTEFFORT,CANCELLED,,407.577,"{'m1-1': 109.61, 'm2-1': 23.6, 'm3-1': 9.98, 'm4-1': 101.36, 'm5-1': 24.64, 'm6-1': 28.58, 'm7-1': 92.56, 'm8-1': 10.4}",0.0,inf,inf,inf,517.577,517.577
447,T3,BESTEFFORT,MISSED,m5-1,409.385,"{'m1-1': 102.08, 'm2-1': 26.4, 'm3-1': 10.85, 'm4-1': 107.38, 'm5-1': 24.87, 'm6-1': 25.18, 'm7-1': 103.33, 'm8-1': 10.39}",0.0,533.412,inf,533.412,519.385,519.385
448,T6,BESTEFFORT,COMPLETED,m8-1,411.25,"{'m1-1': 101.78, 'm2-1': 27.35, 'm3-1': 10.93, 'm4-1': 113.16, 'm5-1': 25.42, 'm6-1': 26.19, 'm7-1': 105.33, 'm8-1': 10.49}",15.735,509.11199999999997,519.602,inf,521.25,521.25
449,T10,BESTEFFORT,COMPLETED,m3-1,411.772,"{'m1-1': 108.02, 'm2-1': 27.0, 'm3-1': 9.56, 'm4-1': 103.0, 'm5-1': 26.25, 'm6-1': 24.15, 'm7-1': 102.8, 'm8-1': 10.03}",14.34,511.28000000000003,520.84,inf,521.7719999999999,521.7719999999999
450,T10,BESTEFFORT,COMPLETED,m6-1,416.277,"{'m1-1': 112.98, 'm2-1': 27.42, 'm3-1': 10.88, 'm4-1': 99.1, 'm5-1': 25.16, 'm6-1': 26.88, 'm7-1': 102.04, 'm8-1': 10.04}",40.32,494.06899999999996,520.949,inf,526.277,526.277
451,T10,BESTEFFORT,CANCELLED,,416.823,"{'m1-1': 104.01, 'm2-1': 23.97, 'm3-1': 9.37, 'm4-1': 99.59, 'm5-1': 25.3, 'm6-1': 27.66, 'm7-1': 101.5, 'm8-1': 10.51}",0.0,inf,inf,inf,526.823,526.823
452,T6,BESTEFFORT,CANCELLED,,419.656,"{'m1-1': 106.03, 'm2-1': 24.79, 'm3-1': 10.66, 'm4-1': 112.99, 'm5-1': 27.95, 'm6-1': 27.21, 'm7-1': 103.0, 'm8-1': 9.69}",0.0,inf,inf,inf,529.656,529.656
453,T6,BESTEFFORT,CANCELLED,,419.854,"{'m1-1': 110.38, 'm2-1': 26.2, 'm3-1': 10.51, 'm4-1': 114.35, 'm5-1': 26.41, 'm6-1': 25.95, 'm7-1': 112.05, 'm8-1': 10.65}",0.0,inf,inf,inf,529.854,529.854
454,T5,BESTEFFORT,CANCELLED,,420.51,"{'m1-1': 100.68, 'm2-1': 26.5, 'm3-1': 9.84, 'm4-1': 105.77, 'm5-1': 25.09, 'm6-1': 27.35, 'm7-1': 102.63, 'm8-1': 10.89}",0.0,inf,inf,inf,530.51,530.51
455,T2,BESTEFFORT,COMPLETED,m8-1,421.315,"{'m1-1': 105.76, 'm2-1': 26.64, 'm3-1': 10.9, 'm4-1': 117.36, 'm5-1': 28.44, 'm6-1': 28.54, 'm7-1': 101.14, 'm8-1': 10.49}",15.735,519.602,530.092,inf,531.315,531.315
456,T5,BESTEFFORT,CANCELLED,,421.849,"{'m1-1': 108.44, 'm2-1': 27.46, 'm3-1': 10.79, 'm4-1': 92.89, 'm5-1': 23.6, 'm6-1': 26.51, 'm7-1': 99.8, 'm8-1': 11.32}",0.0,inf,inf,inf,531.8489999999999,531.8489999999999
457,T9,BESTEFFORT,COMPLETED,m3-1,421.968,"{'m1-1': 106.36, 'm2-1': 28.24, 'm3-1': 10.83, 'm4-1': 106.85, 'm5-1': 25.66, 'm6-1': 27.58, 'm7-1': 114.52, 'm8-1': 10.56}",16.245,520.84,531.6700000000001,inf,531.9680000000001,531.9680000000001
458,T8,BESTEFFORT,CANCELLED,,423.579,"{'m1-1': 112.78, 'm2-1': 27.81, 'm3-1': 9.63, 'm4-1': 112.17, 'm5-1': 23.92, 'm6-1': 28.58, 'm7-1': 96.16, 'm8-1': 9.76}",0.0,inf,inf,inf,533.579,533.579
459,T6,BESTEFFORT,CANCELLED,,424.398,"{'m1-1': 110.32, 'm2-1': 25.01, 'm3-1': 10.13, 'm4-1': 103.87, 'm5-1': 26.01, 'm6-1': 27.4, 'm7-1': 105.6, 'm8-1': 9.66}",0.0,inf,inf,inf,534.398,534.398
460,T9,BESTEFFORT,CANCELLED,,424.508,"{'m1-1': 99.77, 'm2-1': 27.05, 'm3-1': 10.01, 'm4-1': 103.23, 'm5-1': 28.01, 'm6-1': 26.64, 'm7-1': 105.38, 'm8-1': 9.49}",0.0,inf,inf,inf,534.508,534.508
461,T2,BESTEFFORT,CANCELLED,,426.014,"{'m1-1': 105.93, 'm2-1': 26.9, 'm3-1': 10.76, 'm4-1': 106.16, 'm5-1': 27.44, 'm6-1': 25.23, 'm7-1': 103.32, 'm8-1': 11.05}",0.0,inf,inf,inf,536.014,536.014
462,T3,BESTEFFORT,CANCELLED,,427.736,"{'m1-1': 110.78, 'm2-1': 26.82, 'm3-1': 10.4, 'm4-1': 94.86, 'm5-1': 28.04, 'm6-1': 25.42, 'm7-1': 104.7, 'm8-1': 10.28}",0.0,inf,inf,inf,537.736,537.736
463,T9,BESTEFFORT,COMPLETED,m5-1,428.067,"{'m1-1': 113.74, 'm2-1': 28.68, 'm3-1': 10.71, 'm4-1': 114.21, 'm5-1': 25.07, 'm6-1': 26.06, 'm7-1': 105.52, 'm8-1': 10.43}",37.605000000000004,508.342,533.412,inf,538.067,538.067
464,T4,BESTEFFORT,CANCELLED,,428.574,"{'m1-1': 101.89, 'm2-1': 25.56, 'm3-1': 10.06, 'm4-1': 108.37, 'm5-1': 27.61, 'm6-1': 28.52, 'm7-1': 110.96, 'm8-1': 10.81}",0.0,inf,inf,inf,538.5740000000001,538.5740000000001
465,T10,BESTEFFORT,CANCELLED,,429.527,"{'m1-1': 111.8, 'm2-1': 24.86, 'm3-1': 9.76, 'm4-1': 108.63, 'm5-1': 24.77, 'm6-1': 24.84, 'm7-1': 113.71, 'm8-1': 10.07}",0.0,inf,inf,inf,539.527,539.527
466,T10,BESTEFFORT,CANCELLED,,430.129,"{'m1-1': 99.39, 'm2-1': 23.16, 'm3-1': 11.04, 'm4-1': 106.0, 'm5-1': 24.02, 'm6-1': 23.92, 'm7-1': 103.55, 'm8-1': 9.77}",0.0,inf,inf,inf,540.129,540.129
467,T4,BESTEFFORT,CANCELLED,,430.212,"{'m1-1': 111.66, 'm2-1': 23.23, 'm3-1': 9.55, 'm4-1': 92.38, 'm5-1': 27.57, 'm6-1': 26.49, 'm7-1': 107.82, 'm8-1': 11.2}",0.0,inf,inf,inf,540.212,540.212
468,T6,BESTEFFORT,CANCELLED,,430.738,"{'m1-1': 97.0, 'm2-1': 28.15, 'm3-1': 10.44, 'm4-1': 105.72, 'm5-1': 24.66, 'm6-1': 25.11, 'm7-1': 101.63, 'm8-1': 9.61}",0.0,inf,inf,inf,540.738,540.738
469,T1,BESTEFFORT,COMPLETED,m8-1,432.531,"{'m1-1': 112.29, 'm2-1': 25.08, 'm3-1': 10.6, 'm4-1': 118.24, 'm5-1': 23.57, 'm6-1': 26.79, 'm7-1': 111.64, 'm8-1': 10.64}",15.96,530.092,540.732,inf,542.531,542.531
470,T3,BESTEFFORT,COMPLETED,m2-1,432.764,"{'m1-1': 99.93, 'm2-1': 24.79, 'm3-1': 10.01, 'm4-1': 107.46, 'm5-1': 27.06, 'm6-1': 25.01, 'm7-1': 97.38, 'm8-1': 11.02}",37.185,517.422,542.212,inf,542.764,542.764
471,T6,BESTEFFORT,COMPLETED,m3-1,433.552,"{'m1-1': 96.59, 'm2-1': 28.12, 'm3-1': 10.84, 'm4-1': 114.5, 'm5-1': 27.69, 'm6-1': 24.09, 'm7-1': 99.41, 'm8-1': 10.65}",16.259999999999998,531.6700000000001,542.5100000000001,inf,543.552,543.552
472,T3,BESTEFFORT,CANCELLED,,437.471,"{'m1-1': 106.9, 'm2-1': 26.19, 'm3-1': 10.18, 'm4-1': 105.7, 'm5-1': 26.88, 'm6-1': 26.39, 'm7-1': 108.49, 'm8-1': 10.16}",0.0,inf,inf,inf,547.471,547.471
473,T7,BESTEFFORT,CANCELLED,,437.771,"{'m1-1': 105.05, 'm2-1': 24.04, 'm3-1': 9.68, 'm4-1': 109.97, 'm5-1': 24.45, 'm6-1': 26.62, 'm7-1': 107.24, 'm8-1': 11.07}",0.0,inf,inf,inf,547.771,547.771
474,T3,BESTEFFORT,CANCELLED,,439.157,"{'m1-1': 113.86, 'm2-1': 27.12, 'm3-1': 10.19, 'm4-1': 108.3, 'm5-1': 24.61, 'm6-1': 24.77, 'm7-1': 110.31, 'm8-1': 9.34}",0.0,inf,inf,inf,549.1569999999999,549.1569999999999
475,T9,BESTEFFORT,COMPLETED,m6-1,440.357,"{'m1-1': 109.72, 'm2-1': 27.71, 'm3-1': 9.69, 'm4-1': 101.92, 'm5-1': 26.25, 'm6-1': 24.87, 'm7-1': 104.18, 'm8-1': 10.57}",37.305,520.949,545.819,inf,550.357,550.357
476,T8,BESTEFFORT,COMPLETED,m8-1,440.522,"{'m1-1': 112.91, 'm2-1': 26.87, 'm3-1': 10.92, 'm4-1': 113.8, 'm5-1': 24.87, 'm6-1': 25.5, 'm7-1': 104.76, 'm8-1': 9.53}",14.294999999999998,540.732,550.262,inf,550.5219999999999,550.5219999999999
477,T6,BESTEFFORT,MISSED,m3-1,441.529,"{'m1-1': 102.14, 'm2-1': 27.96, 'm3-1': 10.0, 'm4-1': 111.8, 'm5-1': 25.53, 'm6-1': 27.65, 'm7-1': 112.31, 'm8-1': 10.36}",13.528499999999838,542.5100000000001,inf,551.529,551.529,551.529
478,T2,BESTEFFORT,CANCELLED,,443.231,"{'m1-1': 102.7, 'm2-1': 26.17, 'm3-1': 9.97, 'm4-1': 100.93, 'm5-1': 27.13, 'm6-1': 27.39, 'm7-1': 105.07, 'm8-1': 10.88}",0.0,inf,inf,inf,553.231,553.231
479,T8,BESTEFFORT,CANCELLED,,443.451,"{'m1-1': 108.99, 'm2-1': 25.18, 'm3-1': 10.36, 'm4-1': 97.28, 'm5-1': 26.64, 'm6-1': 25.82, 'm7-1': 99.04, 'm8-1': 11.04}",0.0,inf,inf,inf,553.451,553.451
480,T1,BESTEFFORT,CANCELLED,,445.239,"{'m1-1': 99.83, 'm2-1': 24.37, 'm3-1': 10.68, 'm4-1': 110.41, 'm5-1': 24.74, 'm6-1': 27.37, 'm7-1': 110.28, 'm8-1': 9.97}",0.0,inf,inf,inf,555.239,555.239
481,T10,BESTEFFORT,CANCELLED,,445.853,"{'m1-1': 99.27, 'm2-1': 23.67, 'm3-1': 10.46, 'm4-1': 108.7, 'm5-1': 26.39, 'm6-1': 23.76, 'm7-1': 113.22, 'm8-1': 9.59}",0.0,inf,inf,inf,555.8530000000001,555.8530000000001
482,T1,BESTEFFORT,CANCELLED,,446.488,"{'m1-1': 108.04, 'm2-1': 27.43, 'm3-1': 10.81, 'm4-1': 111.17, 'm5-1': 25.03, 'm6-1': 23.9, 'm7-1': 110.68, 'm8-1': 11.6}",0.0,inf,inf,inf,556.488,556.488
483,T2,BESTEFFORT,CANCELLED,,446.972,"{'m1-1': 98.06, 'm2-1': 23.45, 'm3-1': 10.8, 'm4-1': 103.9, 'm5-1': 26.54, 'm6-1': 28.21, 'm7-1': 101.95, 'm8-1': 10.75}",0.0,inf,inf,inf,556.972,556.972
484,T7,BESTEFFORT,CANCELLED,,447.121,"{'m1-1': 109.14, 'm2-1': 25.53, 'm3-1': 10.91, 'm4-1': 102.18, 'm5-1': 26.31, 'm6-1': 25.89, 'm7-1': 114.7, 'm8-1': 11.8}",0.0,inf,inf,inf,557.121,557.121
485,T6,BESTEFFORT,CANCELLED,,447.259,"{'m1-1': 99.81, 'm2-1': 26.44, 'm3-1': 10.26, 'm4-1': 97.6, 'm5-1': 25.16, 'm6-1': 27.41, 'm7-1': 103.7, 'm8-1': 9.71}",0.0,inf,inf,inf,557.259,557.259
486,T10,BESTEFFORT,CANCELLED,,447.525,"{'m1-1': 111.04, 'm2-1': 26.51, 'm3-1': 9.82, 'm4-1': 111.62, 'm5-1': 24.65, 'm6-1': 27.63, 'm7-1': 101.74, 'm8-1': 9.62}",0.0,inf,inf,inf,557.525,557.525
487,T7,BESTEFFORT,CANCELLED,,447.694,"{'m1-1': 104.42, 'm2-1': 26.33, 'm3-1': 9.51, 'm4-1': 102.13, 'm5-1': 23.6, 'm6-1': 28.39, 'm7-1': 107.86, 'm8-1': 11.76}",0.0,inf,inf,inf,557.694,557.694
488,T9,BESTEFFORT,CANCELLED,,447.709,"{'m1-1': 109.4, 'm2-1': 27.34, 'm3-1': 10.78, 'm4-1': 104.06, 'm5-1': 27.79, 'm6-1': 27.78, 'm7-1': 113.5, 'm8-1': 10.02}",0.0,inf,inf,inf,557.7090000000001,557.7090000000001
489,T3,BESTEFFORT,CANCELLED,,448.682,"{'m1-1': 101.34, 'm2-1': 25.29, 'm3-1': 10.48, 'm4-1': 107.16, 'm5-1': 24.11, 'm6-1': 27.72, 'm7-1': 106.43, 'm8-1': 9.89}",0.0,inf,inf,inf,558.682,558.682
490,T3,BESTEFFORT,COMPLETED,m3-1,451.886,"{'m1-1': 108.19, 'm2-1': 26.78, 'm3-1': 9.82, 'm4-1': 96.4, 'm5-1': 26.0, 'm6-1': 25.02, 'm7-1': 99.4, 'm8-1': 10.62}",14.73,551.529,561.349,inf,561.886,561.886
491,T9,BESTEFFORT,COMPLETED,m8-1,452.0,"{'m1-1': 103.83, 'm2-1': 27.89, 'm3-1': 10.39, 'm4-1': 111.17, 'm5-1': 24.52, 'm6-1': 25.03, 'm7-1': 106.94, 'm8-1': 10.07}",15.105,550.262,560.332,inf,562.0,562.0
492,T5,BESTEFFORT,COMPLETED,m5-1,452.623,"{'m1-1': 98.56, 'm2-1': 29.07, 'm3-1': 10.51, 'm4-1': 109.18, 'm5-1': 26.72, 'm6-1': 24.91, 'm7-1': 110.78, 'm8-1': 11.34}",40.08,533.412,560.1320000000001,inf,562.623,562.623
493,T5,BESTEFFORT,CANCELLED,,456.6,"{'m1-1': 95.48, 'm2-1': 26.08, 'm3-1': 9.72, 'm4-1': 95.29, 'm5-1': 26.75, 'm6-1': 27.38, 'm7-1': 95.31, 'm8-1': 11.64}",0.0,inf,inf,inf,566.6,566.6
494,T1,BESTEFFORT,MISSED,m2-1,457.251,"{'m1-1': 96.94, 'm2-1': 27.48, 'm3-1': 10.46, 'm4-1': 110.93, 'm5-1': 24.04, 'm6-1': 26.16, 'm7-1': 106.16, 'm8-1': 10.09}",37.55849999999998,542.212,inf,567.251,567.251,567.251
495,T7,BESTEFFORT,CANCELLED,,458.574,"{'m1-1': 111.72, 'm2-1': 23.61, 'm3-1': 9.8, 'm4-1': 107.75, 'm5-1': 27.74, 'm6-1': 26.82, 'm7-1': 115.24, 'm8-1': 11.01}",0.0,inf,inf,inf,568.5740000000001,568.5740000000001
496,T8,BESTEFFORT,COMPLETED,m3-1,463.848,"{'m1-1': 109.27, 'm2-1': 26.9, 'm3-1': 9.47, 'm4-1': 110.08, 'm5-1': 23.76, 'm6-1': 26.84, 'm7-1': 102.64, 'm8-1': 10.99}",14.205000000000002,561.349,570.8190000000001,inf,573.848,573.848
497,T5,BESTEFFORT,COMPLETED,m8-1,464.254,"{'m1-1': 105.78, 'm2-1': 26.02, 'm3-1': 10.95, 'm4-1': 94.83, 'm5-1': 23.61, 'm6-1': 27.25, 'm7-1': 99.6, 'm8-1': 11.41}",17.115000000000002,560.332,571.742,inf,574.254,574.254
498,T8,BESTEFFORT,CANCELLED,,464.289,"{'m1-1': 102.2, 'm2-1': 26.56, 'm3-1': 10.9, 'm4-1': 111.52, 'm5-1': 27.16, 'm6-1': 28.14, 'm7-1': 109.32, 'm8-1': 10.26}",0.0,inf,inf,inf,574.289,574.289
499,T4,BESTEFFORT,CANCELLED,,464.785,"{'m1-1': 111.3, 'm2-1': 24.02, 'm3-1': 10.23, 'm4-1': 105.13, 'm5-1': 25.17, 'm6-1': 28.4, 'm7-1': 101.07, 'm8-1': 11.48}",0.0,inf,inf,inf,574.7850000000001,574.7850000000001
500,T1,BESTEFFORT,CANCELLED,,468.032,"{'m1-1': 99.46, 'm2-1': 26.48, 'm3-1': 10.69, 'm4-1': 117.44, 'm5-1': 24.05, 'm6-1': 25.66, 'm7-1': 106.0, 'm8-1': 10.52}",0.0,inf,inf,inf,578.0319999999999,578.0319999999999
501,T1,BESTEFFORT,COMPLETED,m6-1,468.279,"{'m1-1': 96.76, 'm2-1': 26.8, 'm3-1': 10.96, 'm4-1': 118.43, 'm5-1': 23.3, 'm6-1': 26.58, 'm7-1': 105.65, 'm8-1': 9.98}",39.87,545.819,572.399,inf,578.279,578.279
502,T5,BESTEFFORT,CANCELLED,,470.236,"{'m1-1': 97.97, 'm2-1': 29.13, 'm3-1': 9.88, 'm4-1': 108.49, 'm5-1': 27.13, 'm6-1': 26.15, 'm7-1': 94.38, 'm8-1': 10.46}",0.0,inf,inf,inf,580.236,580.236
503,T9,BESTEFFORT,CANCELLED,,470.946,"{'m1-1': 113.87, 'm2-1': 25.21, 'm3-1': 9.32, 'm4-1': 101.2, 'm5-1': 26.4, 'm6-1': 28.82, 'm7-1': 109.94, 'm8-1': 9.42}",0.0,inf,inf,inf,580.946,580.946
504,T1,BESTEFFORT,COMPLETED,m3-1,472.587,"{'m1-1': 104.15, 'm2-1': 24.2, 'm3-1': 10.07, 'm4-1': 106.04, 'm5-1': 25.18, 'm6-1': 24.48, 'm7-1': 108.49, 'm8-1': 11.12}",15.105,570.8190000000001,580.8890000000001,inf,582.587,582.587
505,T6,BESTEFFORT,CANCELLED,,474.105,"{'m1-1': 108.81, 'm2-1': 26.94, 'm3-1': 10.97, 'm4-1': 112.94, 'm5-1': 24.64, 'm6-1': 26.95, 'm7-1': 109.64, 'm8-1': 10.46}",0.0,inf,inf,inf,584.105,584.105
506,T10,BESTEFFORT,COMPLETED,m8-1,474.307,"{'m1-1': 112.6, 'm2-1': 24.16, 'm3-1': 11.09, 'm4-1': 102.68, 'm5-1': 24.72, 'm6-1': 26.82, 'm7-1': 105.7, 'm8-1': 11.18}",16.77,571.742,582.9219999999999,inf,584.307,584.307
507,T4,BESTEFFORT,CANCELLED,,475.104,"{'m1-1': 103.64, 'm2-1': 26.96, 'm3-1': 10.36, 'm4-1': 94.05, 'm5-1': 27.55, 'm6-1': 26.06, 'm7-1': 100.77, 'm8-1': 11.21}",0.0,inf,inf,inf,585.104,585.104
508,T4,BESTEFFORT,CANCELLED,,475.638,"{'m1-1': 101.78, 'm2-1': 26.16, 'm3-1': 9.29, 'm4-1': 104.26, 'm5-1': 24.43, 'm6-1': 27.5, 'm7-1': 112.37, 'm8-1': 10.17}",0.0,inf,inf,inf,585.6379999999999,585.6379999999999
509,T9,BESTEFFORT,CANCELLED,,475.732,"{'m1-1': 115.0, 'm2-1': 25.22, 'm3-1': 10.45, 'm4-1': 114.65, 'm5-1': 23.87, 'm6-1': 26.32, 'm7-1': 105.68, 'm8-1': 10.3}",0.0,inf,inf,inf,585.732,585.732
510,T3,BESTEFFORT,CANCELLED,,475.895,"{'m1-1': 101.09, 'm2-1': 24.93, 'm3-1': 9.59, 'm4-1': 103.16, 'm5-1': 28.28, 'm6-1': 26.69, 'm7-1': 99.91, 'm8-1': 10.9}",0.0,inf,inf,inf,585.895,585.895
511,T7,BESTEFFORT,CANCELLED,,477.297,"{'m1-1': 101.48, 'm2-1': 25.23, 'm3-1': 10.45, 'm4-1': 102.74, 'm5-1': 27.37, 'm6-1': 28.42, 'm7-1': 103.24, 'm8-1': 11.21}",0.0,inf,inf,inf,587.297,587.297
512,T6,BESTEFFORT,MISSED,m4-1,477.599,"{'m1-1': 114.76, 'm2-1': 26.04, 'm3-1': 10.58, 'm4-1': 112.52, 'm5-1': 23.89, 'm6-1': 27.28, 'm7-1': 100.26, 'm8-1': 10.41}",149.5064999999999,487.928,inf,587.5989999999999,587.5989999999999,587.5989999999999
513,T2,BESTEFFORT,MISSED,m4-1,478.114,"{'m1-1': 108.48, 'm2-1': 26.16, 'm3-1': 9.85, 'm4-1': 100.46, 'm5-1': 26.93, 'm6-1': 24.28, 'm7-1': 92.41, 'm8-1': 10.82}",0.0,616.012,inf,616.012,588.114,588.114
514,T9,BESTEFFORT,COMPLETED,m5-1,478.79,"{'m1-1': 112.3, 'm2-1': 26.96, 'm3-1': 9.74, 'm4-1': 101.29, 'm5-1': 25.5, 'm6-1': 27.04, 'm7-1': 102.5, 'm8-1': 10.45}",38.25,560.1320000000001,585.6320000000001,inf,588.79,588.79
515,T3,BESTEFFORT,MISSED,m1-1,479.38,"{'m1-1': 109.2, 'm2-1': 27.79, 'm3-1': 10.68, 'm4-1': 94.79, 'm5-1': 27.03, 'm6-1': 25.37, 'm7-1': 100.64, 'm8-1': 10.13}",150.2745,489.197,inf,589.38,589.38,589.38
516,T8,BESTEFFORT,MISSED,m1-1,479.915,"{'m1-1': 114.37, 'm2-1': 24.72, 'm3-1': 10.43, 'm4-1': 104.92, 'm5-1': 27.82, 'm6-1': 27.5, 'm7-1': 100.39, 'm8-1': 10.98}",0.0,607.242,inf,607.242,589.915,589.915
517,T9,BESTEFFORT,COMPLETED,m3-1,482.524,"{'m1-1': 115.75, 'm2-1': 26.16, 'm3-1': 10.7, 'm4-1': 104.18, 'm5-1': 24.22, 'm6-1': 28.79, 'm7-1': 106.4, 'm8-1': 10.49}",16.049999999999997,580.8890000000001,591.5890000000002,inf,592.524,592.524
518,T6,BESTEFFORT,COMPLETED,m8-1,483.067,"{'m1-1': 99.7, 'm2-1': 27.64, 'm3-1': 10.41, 'm4-1': 99.31, 'm5-1': 23.62, 'm6-1': 23.38, 'm7-1': 110.42, 'm8-1': 9.58}",14.370000000000001,582.9219999999999,592.502,inf,593.067,593.067
519,T3,BESTEFFORT,MISSED,m4-1,483.832,"{'m1-1': 107.8, 'm2-1': 26.82, 'm3-1': 10.17, 'm4-1': 105.14, 'm5-1': 25.62, 'm6-1': 25.98, 'm7-1': 105.96, 'm8-1': 9.9}",0.0,616.012,inf,616.012,593.832,593.832
520,T9,BESTEFFORT,MISSED,m1-1,484.453,"{'m1-1': 105.84, 'm2-1': 27.04, 'm3-1': 10.51, 'm4-1': 102.88, 'm5-1': 25.12, 'm6-1': 29.32, 'm7-1': 100.43, 'm8-1': 10.05}",0.0,607.242,inf,607.242,594.453,594.453
521,T3,BESTEFFORT,COMPLETED,m2-1,484.546,"{'m1-1': 106.1, 'm2-1': 24.63, 'm3-1': 10.9, 'm4-1': 101.16, 'm5-1': 24.76, 'm6-1': 28.84, 'm7-1': 106.83, 'm8-1': 10.18}",36.945,567.251,591.881,inf,594.546,594.546
522,T6,BESTEFFORT,MISSED,m7-1,485.942,"{'m1-1': 109.76, 'm2-1': 26.47, 'm3-1': 10.98, 'm4-1': 105.98, 'm5-1': 26.81, 'm6-1': 25.62, 'm7-1': 105.38, 'm8-1': 10.56}",134.11049999999997,506.535,inf,595.942,595.942,595.942
523,T10,BESTEFFORT,MISSED,m1-1,486.884,"{'m1-1': 97.91, 'm2-1': 23.9, 'm3-1': 9.64, 'm4-1': 111.12, 'm5-1': 24.51, 'm6-1': 27.0, 'm7-1': 110.12, 'm8-1': 9.7}",0.0,607.242,inf,607.242,596.884,596.884
524,T1,BESTEFFORT,MISSED,m5-1,489.373,"{'m1-1': 96.15, 'm2-1': 28.61, 'm3-1': 10.7, 'm4-1': 104.68, 'm5-1': 26.84, 'm6-1': 26.68, 'm7-1': 103.11, 'm8-1': 10.01}",20.611499999999978,585.6320000000001,inf,599.373,599.373,599.373
525,T3,BESTEFFORT,MISSED,m7-1,490.354,"{'m1-1': 99.63, 'm2-1': 26.37, 'm3-1': 9.4, 'm4-1': 108.81, 'm5-1': 28.11, 'm6-1': 26.43, 'm7-1': 108.49, 'm8-1': 9.43}",0.0,635.689,inf,635.689,600.354,600.354
526,T2,BESTEFFORT,MISSED,m3-1,490.562,"{'m1-1': 100.61, 'm2-1': 24.29, 'm3-1': 9.52, 'm4-1': 100.58, 'm5-1': 25.83, 'm6-1': 27.38, 'm7-1': 106.15, 'm8-1': 10.92}",13.459499999999764,591.5890000000002,inf,600.562,600.562,600.562
527,T6,BESTEFFORT,CANCELLED,,491.776,"{'m1-1': 99.48, 'm2-1': 27.05, 'm3-1': 9.9, 'm4-1': 113.16, 'm5-1': 24.96, 'm6-1': 26.83, 'm7-1': 104.18, 'm8-1': 10.36}",0.0,inf,inf,inf,601.7760000000001,601.7760000000001
528,T7,BESTEFFORT,MISSED,m7-1,492.019,"{'m1-1': 110.42, 'm2-1': 25.35, 'm3-1': 9.52, 'm4-1': 98.43, 'm5-1': 25.04, 'm6-1': 27.28, 'm7-1': 105.39, 'm8-1': 10.62}",0.0,635.689,inf,635.689,602.019,602.019
529,T2,BESTEFFORT,MISSED,m4-1,492.215,"{'m1-1': 102.34, 'm2-1': 24.16, 'm3-1': 10.98, 'm4-1': 116.38, 'm5-1': 26.95, 'm6-1': 25.74, 'm7-1': 104.5, 'm8-1': 11.4}",0.0,616.012,inf,616.012,602.2149999999999,602.2149999999999
530,T9,BESTEFFORT,COMPLETED,m6-1,492.645,"{'m1-1': 117.69, 'm2-1': 25.14, 'm3-1': 9.88, 'm4-1': 107.88, 'm5-1': 26.69, 'm6-1': 27.33, 'm7-1': 105.97, 'm8-1': 10.34}",40.995,572.399,599.729,inf,602.645,602.645
531,T8,BESTEFFORT,MISSED,m7-1,492.891,"{'m1-1': 113.16, 'm2-1': 25.36, 'm3-1': 10.18, 'm4-1': 99.49, 'm5-1': 27.63, 'm6-1': 26.64, 'm7-1': 98.68, 'm8-1': 10.12}",0.0,635.689,inf,635.689,602.8910000000001,602.8910000000001
532,T3,BESTEFFORT,COMPLETED,m8-1,494.503,"{'m1-1': 104.59, 'm2-1': 27.18, 'm3-1': 10.32, 'm4-1': 109.89, 'm5-1': 27.8, 'm6-1': 27.65, 'm7-1': 97.6, 'm8-1': 10.72}",16.080000000000002,592.502,603.222,inf,604.5029999999999,604.5029999999999
533,T2,BESTEFFORT,MISSED,m1-1,497.242,"{'m1-1': 103.37, 'm2-1': 26.43, 'm3-1': 9.93, 'm4-1': 102.15, 'm5-1': 24.5, 'm6-1': 25.71, 'm7-1': 100.22, 'm8-1': 10.79}",26.79299999999995,589.38,inf,607.242,607.242,607.242
534,T1,BESTEFFORT,CANCELLED,,498.336,"{'m1-1': 111.8, 'm2-1': 26.37, 'm3-1': 10.54, 'm4-1': 109.78, 'm5-1': 23.44, 'm6-1': 24.09, 'm7-1': 98.65, 'm8-1': 11.4}",0.0,inf,inf,inf,608.336,608.336
535,T6,BESTEFFORT,MISSED,m3-1,500.532,"{'m1-1': 100.69, 'm2-1': 28.18, 'm3-1': 10.09, 'm4-1': 97.39, 'm5-1': 24.31, 'm6-1': 27.38, 'm7-1': 110.3, 'm8-1': 10.78}",14.95499999999987,600.562,inf,610.5319999999999,610.5319999999999,610.5319999999999
536,T5,BESTEFFORT,MISSED,m1-1,502.005,"{'m1-1': 101.83, 'm2-1': 25.06, 'm3-1': 9.7, 'm4-1': 107.53, 'm5-1': 26.75, 'm6-1': 27.58, 'm7-1': 100.32, 'm8-1': 10.42}",0.0,710.024,inf,710.024,612.005,612.005
537,T7,BESTEFFORT,CANCELLED,,503.769,"{'m1-1': 95.18, 'm2-1': 26.38, 'm3-1': 9.67, 'm4-1': 97.72, 'm5-1': 27.22, 'm6-1': 26.93, 'm7-1': 105.45, 'm8-1': 11.61}",0.0,inf,inf,inf,613.769,613.769
538,T9,BESTEFFORT,COMPLETED,m8-1,504.504,"{'m1-1': 100.13, 'm2-1': 24.73, 'm3-1': 10.31, 'm4-1': 112.28, 'm5-1': 27.87, 'm6-1': 26.13, 'm7-1': 111.65, 'm8-1': 10.49}",15.735,603.222,613.712,inf,614.504,614.504
539,T9,BESTEFFORT,MISSED,m4-1,506.012,"{'m1-1': 113.02, 'm2-1': 27.6, 'm3-1': 10.81, 'm4-1': 109.64, 'm5-1': 27.36, 'm6-1': 29.02, 'm7-1': 113.53, 'm8-1': 9.25}",42.619500000000016,587.5989999999999,inf,616.012,616.012,616.012
540,T8,BESTEFFORT,MISSED,m1-1,507.2,"{'m1-1': 100.55, 'm2-1': 27.39, 'm3-1': 10.39, 'm4-1': 105.65, 'm5-1': 24.73, 'm6-1': 26.08, 'm7-1': 106.43, 'm8-1': 9.57}",0.0,710.024,inf,710.024,617.2,617.2
541,T5,BESTEFFORT,CANCELLED,,507.576,"{'m1-1': 106.46, 'm2-1': 26.77, 'm3-1': 11.4, 'm4-1': 102.64, 'm5-1': 23.73, 'm6-1': 25.18, 'm7-1': 106.6, 'm8-1': 10.95}",0.0,inf,inf,inf,617.576,617.576
542,T5,BESTEFFORT,MISSED,m4-1,507.813,"{'m1-1': 103.54, 'm2-1': 26.04, 'm3-1': 11.12, 'm4-1': 98.96, 'm5-1': 23.78, 'm6-1': 27.23, 'm7-1': 94.28, 'm8-1': 10.93}",0.0,705.636,inf,705.636,617.813,617.813
543,T3,BESTEFFORT,MISSED,m4-1,508.628,"{'m1-1': 111.98, 'm2-1': 28.2, 'm3-1': 9.35, 'm4-1': 99.75, 'm5-1': 24.16, 'm6-1': 29.09, 'm7-1': 109.63, 'm8-1': 9.36}",0.0,705.636,inf,705.636,618.6279999999999,618.6279999999999
544,T3,BESTEFFORT,MISSED,m1-1,511.766,"{'m1-1': 111.86, 'm2-1': 28.6, 'm3-1': 9.83, 'm4-1': 95.9, 'm5-1': 26.32, 'm6-1': 26.61, 'm7-1': 102.16, 'm8-1': 9.67}",0.0,710.024,inf,710.024,621.7660000000001,621.7660000000001
545,T8,BESTEFFORT,COMPLETED,m3-1,512.793,"{'m1-1': 105.68, 'm2-1': 27.3, 'm3-1': 10.36, 'm4-1': 105.69, 'm5-1': 27.24, 'm6-1': 28.24, 'm7-1': 101.88, 'm8-1': 10.74}",15.54,610.5319999999999,620.8919999999999,inf,622.793,622.793
546,T4,BESTEFFORT,COMPLETED,m2-1,513.144,"{'m1-1': 105.68, 'm2-1': 27.19, 'm3-1': 10.25, 'm4-1': 105.86, 'm5-1': 25.21, 'm6-1': 25.88, 'm7-1': 99.12, 'm8-1': 11.08}",40.785000000000004,591.881,619.071,inf,623.144,623.144
547,T6,BESTEFFORT,COMPLETED,m8-1,514.812,"{'m1-1': 108.56, 'm2-1': 26.49, 'm3-1': 9.39, 'm4-1': 100.59, 'm5-1': 23.87, 'm6-1': 27.48, 'm7-1': 102.54, 'm8-1': 10.64}",15.96,613.712,624.352,inf,624.812,624.812
548,T2,BESTEFFORT,COMPLETED,m6-1,516.239,"{'m1-1': 103.27, 'm2-1': 23.27, 'm3-1': 9.52, 'm4-1': 108.33, 'm5-1': 24.41, 'm6-1': 25.75, 'm7-1': 108.57, 'm8-1': 11.5}",38.625,599.729,625.479,inf,626.239,626.239
549,T7,BESTEFFORT,CANCELLED,,517.01,"{'m1-1': 108.41, 'm2-1': 23.92, 'm3-1': 10.92, 'm4-1': 100.97, 'm5-1': 24.5, 'm6-1': 26.78, 'm7-1': 117.7, 'm8-1': 10.06}",0.0,inf,inf,inf,627.01,627.01
550,T9,BESTEFFORT,COMPLETED,m5-1,518.045,"{'m1-1': 105.22, 'm2-1': 26.03, 'm3-1': 10.84, 'm4-1': 115.14, 'm5-1': 25.31, 'm6-1': 26.25, 'm7-1': 110.69, 'm8-1': 10.78}",37.964999999999996,599.373,624.683,inf,628.045,628.045
551,T1,BESTEFFORT,MISSED,m4-1,519.847,"{'m1-1': 101.66, 'm2-1': 24.33, 'm3-1': 9.67, 'm4-1': 99.8, 'm5-1': 25.95, 'm6-1': 27.31, 'm7-1': 104.76, 'm8-1': 11.62}",0.0,705.636,inf,705.636,629.847,629.847
552,T7,BESTEFFORT,COMPLETED,m3-1,522.168,"{'m1-1': 95.02, 'm2-1': 25.94, 'm3-1': 10.34, 'm4-1': 94.42, 'm5-1': 26.35, 'm6-1': 25.91, 'm7-1': 112.16, 'm8-1': 11.44}",15.51,620.8919999999999,631.232,inf,632.168,632.168
553,T8,BESTEFFORT,CANCELLED,,522.2,"{'m1-1': 107.15, 'm2-1': 26.47, 'm3-1': 9.75, 'm4-1': 113.0, 'm5-1': 24.8, 'm6-1': 29.22, 'm7-1': 94.25, 'm8-1': 10.82}",0.0,inf,inf,inf,632.2,632.2
554,T1,BESTEFFORT,MISSED,m8-1,522.694,"{'m1-1': 109.54, 'm2-1': 26.4, 'm3-1': 9.39, 'm4-1': 100.55, 'm5-1': 26.48, 'm6-1': 25.92, 'm7-1': 106.65, 'm8-1': 10.43}",12.512999999999977,624.352,inf,632.694,632.694,632.694
555,T9,BESTEFFORT,CANCELLED,,524.832,"{'m1-1': 103.78, 'm2-1': 28.38, 'm3-1': 9.57, 'm4-1': 113.98, 'm5-1': 23.98, 'm6-1': 25.8, 'm7-1': 111.47, 'm8-1': 10.28}",0.0,inf,inf,inf,634.832,634.832
556,T7,BESTEFFORT,MISSED,m7-1,525.689,"{'m1-1': 107.19, 'm2-1': 23.44, 'm3-1': 10.45, 'm4-1': 107.34, 'm5-1': 25.96, 'm6-1': 26.03, 'm7-1': 105.88, 'm8-1': 10.13}",59.620499999999936,595.942,inf,635.689,635.689,635.689
557,T5,BESTEFFORT,CANCELLED,,527.229,"{'m1-1': 93.6, 'm2-1': 25.81, 'm3-1': 10.48, 'm4-1': 102.64, 'm5-1': 22.93, 'm6-1': 26.41, 'm7-1': 99.35, 'm8-1': 11.11}",0.0,inf,inf,inf,637.229,637.229
558,T9,BESTEFFORT,MISSED,m7-1,527.634,"{'m1-1': 110.84, 'm2-1': 27.11, 'm3-1': 9.89, 'm4-1': 116.59, 'm5-1': 27.68, 'm6-1': 26.66, 'm7-1': 106.56, 'm8-1': 9.81}",0.0,704.908,inf,704.908,637.634,637.634
559,T6,BESTEFFORT,MISSED,m7-1,528.033,"{'m1-1': 100.94, 'm2-1': 27.74, 'm3-1': 10.6, 'm4-1': 104.79, 'm5-1': 24.48, 'm6-1': 23.38, 'm7-1': 97.92, 'm8-1': 9.9}",0.0,704.908,inf,704.908,638.033,638.033
560,T2,BESTEFFORT,CANCELLED,,528.996,"{'m1-1': 98.04, 'm2-1': 23.81, 'm3-1': 10.18, 'm4-1': 114.05, 'm5-1': 27.51, 'm6-1': 28.71, 'm7-1': 100.05, 'm8-1': 10.77}",0.0,inf,inf,inf,638.996,638.996
561,T2,BESTEFFORT,CANCELLED,,529.853,"{'m1-1': 107.69, 'm2-1': 24.17, 'm3-1': 9.97, 'm4-1': 101.89, 'm5-1': 28.75, 'm6-1': 28.0, 'm7-1': 105.73, 'm8-1': 9.8}",0.0,inf,inf,inf,639.853,639.853
562,T3,BESTEFFORT,CANCELLED,,530.126,"{'m1-1': 107.53, 'm2-1': 26.81, 'm3-1': 9.29, 'm4-1': 98.97, 'm5-1': 25.32, 'm6-1': 28.65, 'm7-1': 110.27, 'm8-1': 9.61}",0.0,inf,inf,inf,640.126,640.126
563,T9,BESTEFFORT,COMPLETED,m3-1,532.897,"{'m1-1': 106.04, 'm2-1': 25.31, 'm3-1': 10.54, 'm4-1': 107.62, 'm5-1': 25.66, 'm6-1': 25.69, 'm7-1': 112.91, 'm8-1': 9.52}",15.809999999999999,631.232,641.7719999999999,inf,642.897,642.897
564,T9,BESTEFFORT,MISSED,m7-1,535.232,"{'m1-1': 107.94, 'm2-1': 25.68, 'm3-1': 9.31, 'm4-1': 101.8, 'm5-1': 28.14, 'm6-1': 24.8, 'm7-1': 109.9, 'm8-1': 10.14}",0.0,704.908,inf,704.908,645.232,645.232
565,T1,BESTEFFORT,CANCELLED,,535.668,"{'m1-1': 96.54, 'm2-1': 24.78, 'm3-1': 10.38, 'm4-1': 104.17, 'm5-1': 25.15, 'm6-1': 26.73, 'm7-1': 112.22, 'm8-1': 11.28}",0.0,inf,inf,inf,645.668,645.668
566,T7,BESTEFFORT,COMPLETED,m8-1,535.866,"{'m1-1': 108.14, 'm2-1': 24.81, 'm3-1': 9.43, 'm4-1': 98.26, 'm5-1': 26.09, 'm6-1': 26.82, 'm7-1': 103.26, 'm8-1': 11.44}",17.16,632.694,644.134,inf,645.866,645.866
567,T7,BESTEFFORT,COMPLETED,m2-1,535.913,"{'m1-1': 97.09, 'm2-1': 26.74, 'm3-1': 10.1, 'm4-1': 102.84, 'm5-1': 27.0, 'm6-1': 27.81, 'm7-1': 116.24, 'm8-1': 10.27}",40.11,619.071,645.811,inf,645.913,645.913
568,T1,BESTEFFORT,CANCELLED,,536.367,"{'m1-1': 111.9, 'm2-1': 27.62, 'm3-1': 10.81, 'm4-1': 113.5, 'm5-1': 26.48, 'm6-1': 25.48, 'm7-1': 103.87, 'm8-1': 10.17}",0.0,inf,inf,inf,646.367,646.367
569,T3,BESTEFFORT,CANCELLED,,539.992,"{'m1-1': 99.35, 'm2-1': 25.0, 'm3-1': 10.31, 'm4-1': 93.19, 'm5-1': 24.29, 'm6-1': 28.37, 'm7-1': 104.08, 'm8-1': 10.62}",0.0,inf,inf,inf,649.992,649.992
570,T2,BESTEFFORT,CANCELLED,,540.421,"{'m1-1': 105.56, 'm2-1': 24.8, 'm3-1': 10.0, 'm4-1': 114.08, 'm5-1': 27.65, 'm6-1': 25.05, 'm7-1': 104.45, 'm8-1': 11.56}",0.0,inf,inf,inf,650.421,650.421
571,T6,BESTEFFORT,CANCELLED,,540.838,"{'m1-1': 96.68, 'm2-1': 25.32, 'm3-1': 10.97, 'm4-1': 105.91, 'm5-1': 23.72, 'm6-1': 23.84, 'm7-1': 105.03, 'm8-1': 10.7}",0.0,inf,inf,inf,650.838,650.838
572,T3,BESTEFFORT,MISSED,m6-1,541.992,"{'m1-1': 112.74, 'm2-1': 27.61, 'm3-1': 9.98, 'm4-1': 95.21, 'm5-1': 26.31, 'm6-1': 28.52, 'm7-1': 109.23, 'm8-1': 9.9}",39.76949999999988,625.479,inf,651.992,651.992,651.992
573,T5,BESTEFFORT,COMPLETED,m3-1,542.212,"{'m1-1': 96.53, 'm2-1': 25.67, 'm3-1': 10.26, 'm4-1': 101.84, 'm5-1': 27.04, 'm6-1': 27.52, 'm7-1': 97.6, 'm8-1': 10.38}",15.39,641.7719999999999,652.0319999999999,inf,652.212,652.212
574,T10,BESTEFFORT,CANCELLED,,543.796,"{'m1-1': 102.06, 'm2-1': 26.49, 'm3-1': 9.64, 'm4-1': 110.06, 'm5-1': 26.74, 'm6-1': 26.39, 'm7-1': 103.75, 'm8-1': 10.82}",0.0,inf,inf,inf,653.796,653.796
575,T5,BESTEFFORT,CANCELLED,,544.535,"{'m1-1': 99.1, 'm2-1': 27.35, 'm3-1': 10.81, 'm4-1': 96.9, 'm5-1': 25.9, 'm6-1': 27.14, 'm7-1': 108.59, 'm8-1': 10.01}",0.0,inf,inf,inf,654.535,654.535
576,T2,BESTEFFORT,COMPLETED,m8-1,544.555,"{'m1-1': 96.77, 'm2-1': 25.31, 'm3-1': 11.04, 'm4-1': 108.21, 'm5-1': 28.57, 'm6-1': 25.22, 'm7-1': 95.48, 'm8-1': 9.86}",14.79,644.134,653.994,inf,654.555,654.555
577,T7,BESTEFFORT,COMPLETED,m5-1,544.831,"{'m1-1': 94.68, 'm2-1': 24.24, 'm3-1': 10.52, 'm4-1': 105.85, 'm5-1': 25.84, 'm6-1': 26.93, 'm7-1': 109.72, 'm8-1': 11.39}",38.76,624.683,650.523,inf,654.831,654.831
578,T10,BESTEFFORT,CANCELLED,,548.524,"{'m1-1': 111.42, 'm2-1': 25.76, 'm3-1': 10.52, 'm4-1': 110.74, 'm5-1': 25.2, 'm6-1': 26.84, 'm7-1': 106.52, 'm8-1': 9.74}",0.0,inf,inf,inf,658.524,658.524
579,T8,BESTEFFORT,MISSED,m3-1,551.538,"{'m1-1': 102.88, 'm2-1': 27.28, 'm3-1': 10.94, 'm4-1': 96.54, 'm5-1': 24.41, 'm6-1': 25.42, 'm7-1': 105.25, 'm8-1': 11.16}",14.259000000000128,652.0319999999999,inf,661.538,661.538,661.538
580,T9,BESTEFFORT,CANCELLED,,553.867,"{'m1-1': 107.24, 'm2-1': 27.81, 'm3-1': 10.2, 'm4-1': 108.48, 'm5-1': 25.89, 'm6-1': 29.18, 'm7-1': 107.62, 'm8-1': 9.7}",0.0,inf,inf,inf,663.867,663.867
581,T2,BESTEFFORT,CANCELLED,,553.961,"{'m1-1': 96.84, 'm2-1': 24.17, 'm3-1': 10.59, 'm4-1': 111.1, 'm5-1': 26.65, 'm6-1': 27.68, 'm7-1': 98.92, 'm8-1': 10.14}",0.0,inf,inf,inf,663.961,663.961
582,T6,BESTEFFORT,CANCELLED,,554.252,"{'m1-1': 99.7, 'm2-1': 27.95, 'm3-1': 10.74, 'm4-1': 102.54, 'm5-1': 27.96, 'm6-1': 27.42, 'm7-1': 106.21, 'm8-1': 10.35}",0.0,inf,inf,inf,664.252,664.252
583,T3,BESTEFFORT,CANCELLED,,557.369,"{'m1-1': 107.86, 'm2-1': 24.89, 'm3-1': 9.59, 'm4-1': 109.13, 'm5-1': 24.34, 'm6-1': 29.13, 'm7-1': 106.54, 'm8-1': 10.01}",0.0,inf,inf,inf,667.369,667.369
584,T3,BESTEFFORT,CANCELLED,,557.554,"{'m1-1': 106.68, 'm2-1': 27.94, 'm3-1': 9.58, 'm4-1': 105.2, 'm5-1': 27.28, 'm6-1': 28.1, 'm7-1': 110.22, 'm8-1': 9.5}",0.0,inf,inf,inf,667.554,667.554
585,T7,BESTEFFORT,COMPLETED,m8-1,558.235,"{'m1-1': 96.83, 'm2-1': 23.89, 'm3-1': 9.36, 'm4-1': 108.75, 'm5-1': 24.26, 'm6-1': 26.4, 'm7-1': 105.45, 'm8-1': 10.82}",16.23,653.994,664.8140000000001,inf,668.235,668.235
586,T2,BESTEFFORT,MISSED,m2-1,558.466,"{'m1-1': 101.47, 'm2-1': 24.54, 'm3-1': 10.7, 'm4-1': 108.48, 'm5-1': 28.25, 'm6-1': 24.66, 'm7-1': 99.85, 'm8-1': 9.78}",33.98249999999996,645.811,inf,668.466,668.466,668.466
587,T2,BESTEFFORT,CANCELLED,,558.543,"{'m1-1': 103.66, 'm2-1': 26.5, 'm3-1': 10.42, 'm4-1': 112.16, 'm5-1': 26.68, 'm6-1': 25.51, 'm7-1': 106.01, 'm8-1': 10.34}",0.0,inf,inf,inf,668.543,668.543
588,T4,BESTEFFORT,CANCELLED,,559.285,"{'m1-1': 114.05, 'm2-1': 23.44, 'm3-1': 9.83, 'm4-1': 107.91, 'm5-1': 24.38, 'm6-1': 25.67, 'm7-1': 105.96, 'm8-1': 11.47}",0.0,inf,inf,inf,669.285,669.285
589,T10,BESTEFFORT,CANCELLED,,560.965,"{'m1-1': 114.74, 'm2-1': 26.51, 'm3-1': 9.43, 'm4-1': 103.81, 'm5-1': 24.38, 'm6-1': 26.25, 'm7-1': 117.41, 'm8-1': 9.59}",0.0,inf,inf,inf,670.965,670.965
590,T6,BESTEFFORT,CANCELLED,,561.421,"{'m1-1': 97.31, 'm2-1': 26.44, 'm3-1': 9.77, 'm4-1': 111.82, 'm5-1': 25.55, 'm6-1': 26.0, 'm7-1': 111.21, 'm8-1': 9.3}",0.0,inf,inf,inf,671.421,671.421
591,T9,BESTEFFORT,COMPLETED,m3-1,562.439,"{'m1-1': 107.86, 'm2-1': 27.59, 'm3-1': 10.49, 'm4-1': 103.7, 'm5-1': 26.93, 'm6-1': 29.26, 'm7-1': 117.34, 'm8-1': 9.65}",15.735,661.538,672.028,inf,672.439,672.439
592,T7,BESTEFFORT,CANCELLED,,563.936,"{'m1-1': 97.72, 'm2-1': 26.13, 'm3-1': 9.77, 'm4-1': 102.16, 'm5-1': 24.6, 'm6-1': 26.54, 'm7-1': 109.03, 'm8-1': 11.7}",0.0,inf,inf,inf,673.936,673.936
593,T6,BESTEFFORT,MISSED,m6-1,564.434,"{'m1-1': 112.01, 'm2-1': 25.7, 'm3-1': 10.19, 'm4-1': 111.55, 'm5-1': 23.88, 'm6-1': 27.28, 'm7-1': 102.0, 'm8-1': 9.34}",33.66300000000001,651.992,inf,674.434,674.434,674.434
594,T7,BESTEFFORT,MISSED,m6-1,564.59,"{'m1-1': 104.15, 'm2-1': 27.82, 'm3-1': 10.52, 'm4-1': 98.43, 'm5-1': 26.43, 'm6-1': 27.86, 'm7-1': 105.32, 'm8-1': 10.39}",0.0,750.704,inf,750.704,674.59,674.59
595,T2,BESTEFFORT,CANCELLED,,564.734,"{'m1-1': 107.9, 'm2-1': 24.26, 'm3-1': 9.77, 'm4-1': 111.32, 'm5-1': 24.33, 'm6-1': 26.5, 'm7-1': 108.68, 'm8-1': 10.07}",0.0,inf,inf,inf,674.734,674.734
596,T2,BESTEFFORT,CANCELLED,,564.853,"{'m1-1': 102.59, 'm2-1': 26.74, 'm3-1': 10.01, 'm4-1': 111.84, 'm5-1': 26.86, 'm6-1': 26.17, 'm7-1': 97.5, 'm8-1': 10.06}",0.0,inf,inf,inf,674.853,674.853
597,T9,BESTEFFORT,CANCELLED,,569.014,"{'m1-1': 111.51, 'm2-1': 25.01, 'm3-1': 10.92, 'm4-1': 109.65, 'm5-1': 27.33, 'm6-1': 28.06, 'm7-1': 113.19, 'm8-1': 10.2}",0.0,inf,inf,inf,679.014,679.014
598,T5,BESTEFFORT,COMPLETED,m8-1,569.026,"{'m1-1': 106.77, 'm2-1': 24.8, 'm3-1': 10.46, 'm4-1': 102.91, 'm5-1': 23.02, 'm6-1': 26.86, 'm7-1': 109.07, 'm8-1': 10.72}",16.080000000000002,664.8140000000001,675.5340000000001,inf,679.026,679.026
599,T7,BESTEFFORT,CANCELLED,,569.292,"{'m1-1': 111.3, 'm2-1': 24.4, 'm3-1': 9.45, 'm4-1': 107.12, 'm5-1': 27.83, 'm6-1': 28.26, 'm7-1': 109.02, 'm8-1': 11.42}",0.0,inf,inf,inf,679.292,679.292
600,T9,BESTEFFORT,CANCELLED,,569.406,"{'m1-1': 99.58, 'm2-1': 26.57, 'm3-1': 10.45, 'm4-1': 102.32, 'm5-1': 26.57, 'm6-1': 26.61, 'm7-1': 101.42, 'm8-1': 10.07}",0.0,inf,inf,inf,679.406,679.406
601,T10,BESTEFFORT,CANCELLED,,569.68,"{'m1-1': 99.82, 'm2-1': 23.19, 'm3-1': 9.43, 'm4-1': 95.15, 'm5-1': 24.51, 'm6-1': 26.9, 'm7-1': 118.87, 'm8-1': 10.1}",0.0,inf,inf,inf,679.68,679.68
602,T10,BESTEFFORT,CANCELLED,,569.944,"{'m1-1': 99.21, 'm2-1': 23.93, 'm3-1': 10.46, 'm4-1': 108.62, 'm5-1': 27.84, 'm6-1': 26.04, 'm7-1': 118.0, 'm8-1': 9.95}",0.0,inf,inf,inf,679.944,679.944
603,T3,BESTEFFORT,CANCELLED,,570.363,"{'m1-1': 101.18, 'm2-1': 25.58, 'm3-1': 9.84, 'm4-1': 96.39, 'm5-1': 27.32, 'm6-1': 27.61, 'm7-1': 101.24, 'm8-1': 9.67}",0.0,inf,inf,inf,680.363,680.363
604,T8,BESTEFFORT,MISSED,m3-1,570.875,"{'m1-1': 108.16, 'm2-1': 24.48, 'm3-1': 10.15, 'm4-1': 112.09, 'm5-1': 27.68, 'm6-1': 28.34, 'm7-1': 101.05, 'm8-1': 9.76}",13.27049999999997,672.028,inf,680.875,680.875,680.875
605,T5,BESTEFFORT,CANCELLED,,570.93,"{'m1-1': 94.32, 'm2-1': 27.88, 'm3-1': 11.35, 'm4-1': 101.36, 'm5-1': 23.3, 'm6-1': 24.22, 'm7-1': 100.01, 'm8-1': 10.12}",0.0,inf,inf,inf,680.93,680.93
606,T8,BESTEFFORT,CANCELLED,,571.521,"{'m1-1': 109.74, 'm2-1': 24.21, 'm3-1': 10.28, 'm4-1': 112.32, 'm5-1': 25.08, 'm6-1': 28.05, 'm7-1': 105.78, 'm8-1': 9.56}",0.0,inf,inf,inf,681.521,681.521
607,T8,BESTEFFORT,COMPLETED,m5-1,571.754,"{'m1-1': 103.74, 'm2-1': 27.11, 'm3-1': 9.43, 'm4-1': 112.12, 'm5-1': 26.27, 'm6-1': 26.38, 'm7-1': 95.43, 'm8-1': 10.62}",39.405,650.523,676.793,inf,681.754,681.754
608,T3,BESTEFFORT,CANCELLED,,573.276,"{'m1-1': 108.07, 'm2-1': 27.0, 'm3-1': 10.16, 'm4-1': 101.4, 'm5-1': 27.7, 'm6-1': 25.92, 'm7-1': 103.44, 'm8-1': 10.12}",0.0,inf,inf,inf,683.276,683.276
609,T3,BESTEFFORT,CANCELLED,,574.396,"{'m1-1': 104.6, 'm2-1': 27.65, 'm3-1': 9.89, 'm4-1': 107.32, 'm5-1': 27.7, 'm6-1': 25.81, 'm7-1': 98.23, 'm8-1': 10.28}",0.0,inf,inf,inf,684.396,684.396
610,T10,BESTEFFORT,CANCELLED,,577.831,"{'m1-1': 114.52, 'm2-1': 24.15, 'm3-1': 9.58, 'm4-1': 98.06, 'm5-1': 25.62, 'm6-1': 25.82, 'm7-1': 100.55, 'm8-1': 10.45}",0.0,inf,inf,inf,687.831,687.831
611,T5,BESTEFFORT,COMPLETED,m8-1,578.187,"{'m1-1': 93.71, 'm2-1': 28.3, 'm3-1': 10.9, 'm4-1': 96.55, 'm5-1': 24.62, 'm6-1': 25.75, 'm7-1': 102.35, 'm8-1': 10.23}",15.345,675.5340000000001,685.7640000000001,inf,688.187,688.187
612,T3,BESTEFFORT,CANCELLED,,578.762,"{'m1-1': 111.5, 'm2-1': 26.95, 'm3-1': 10.3, 'm4-1': 110.08, 'm5-1': 26.96, 'm6-1': 25.35, 'm7-1': 99.1, 'm8-1': 11.04}",0.0,inf,inf,inf,688.762,688.762
613,T6,BESTEFFORT,CANCELLED,,579.16,"{'m1-1': 107.62, 'm2-1': 28.88, 'm3-1': 10.44, 'm4-1': 101.09, 'm5-1': 27.65, 'm6-1': 25.34, 'm7-1': 99.78, 'm8-1': 10.9}",0.0,inf,inf,inf,689.16,689.16
614,T5,BESTEFFORT,CANCELLED,,580.593,"{'m1-1': 94.07, 'm2-1': 26.04, 'm3-1': 10.87, 'm4-1': 108.03, 'm5-1': 25.13, 'm6-1': 25.38, 'm7-1': 99.04, 'm8-1': 10.83}",0.0,inf,inf,inf,690.593,690.593
615,T9,BESTEFFORT,CANCELLED,,581.311,"{'m1-1': 103.62, 'm2-1': 25.42, 'm3-1': 10.69, 'm4-1': 108.45, 'm5-1': 27.02, 'm6-1': 26.81, 'm7-1': 105.4, 'm8-1': 10.32}",0.0,inf,inf,inf,691.311,691.311
616,T9,BESTEFFORT,COMPLETED,m2-1,583.323,"{'m1-1': 117.71, 'm2-1': 24.4, 'm3-1': 10.54, 'm4-1': 112.79, 'm5-1': 28.31, 'm6-1': 24.91, 'm7-1': 114.76, 'm8-1': 9.5}",36.599999999999994,668.466,692.866,inf,693.323,693.323
617,T1,BESTEFFORT,COMPLETED,m3-1,583.816,"{'m1-1': 104.12, 'm2-1': 24.36, 'm3-1': 10.24, 'm4-1': 115.01, 'm5-1': 25.52, 'm6-1': 27.12, 'm7-1': 98.88, 'm8-1': 10.04}",15.36,680.875,691.115,inf,693.816,693.816
618,T2,BESTEFFORT,CANCELLED,,584.07,"{'m1-1': 101.7, 'm2-1': 24.5, 'm3-1': 10.25, 'm4-1': 109.44, 'm5-1': 24.89, 'm6-1': 25.09, 'm7-1': 95.28, 'm8-1': 9.82}",0.0,inf,inf,inf,694.07,694.07
619,T6,BESTEFFORT,CANCELLED,,586.221,"{'m1-1': 107.59, 'm2-1': 28.44, 'm3-1': 10.26, 'm4-1': 101.64, 'm5-1': 25.29, 'm6-1': 24.39, 'm7-1': 106.51, 'm8-1': 10.9}",0.0,inf,inf,inf,696.221,696.221
620,T4,BESTEFFORT,COMPLETED,m8-1,588.269,"{'m1-1': 102.56, 'm2-1': 25.9, 'm3-1': 10.01, 'm4-1': 98.88, 'm5-1': 24.6, 'm6-1': 26.32, 'm7-1': 96.44, 'm8-1': 9.91}",14.865,685.7640000000001,695.6740000000001,inf,698.269,698.269
621,T8,BESTEFFORT,CANCELLED,,589.332,"{'m1-1': 103.15, 'm2-1': 25.06, 'm3-1': 10.4, 'm4-1': 110.43, 'm5-1': 27.83, 'm6-1': 25.58, 'm7-1': 109.15, 'm8-1': 11.16}",0.0,inf,inf,inf,699.332,699.332
622,T6,BESTEFFORT,CANCELLED,,590.769,"{'m1-1': 101.72, 'm2-1': 24.68, 'm3-1': 10.0, 'm4-1': 112.31, 'm5-1': 27.01, 'm6-1': 25.03, 'm7-1': 99.28, 'm8-1': 9.34}",0.0,inf,inf,inf,700.769,700.769
623,T6,BESTEFFORT,COMPLETED,m3-1,592.902,"{'m1-1': 100.44, 'm2-1': 27.08, 'm3-1': 10.29, 'm4-1': 111.18, 'm5-1': 23.74, 'm6-1': 25.2, 'm7-1': 106.48, 'm8-1': 10.5}",15.434999999999999,691.115,701.405,inf,702.902,702.902
624,T8,BESTEFFORT,CANCELLED,,592.923,"{'m1-1': 112.96, 'm2-1': 25.76, 'm3-1': 10.38, 'm4-1': 110.82, 'm5-1': 24.79, 'm6-1': 29.07, 'm7-1': 93.09, 'm8-1': 10.22}",0.0,inf,inf,inf,702.923,702.923
625,T7,BESTEFFORT,COMPLETED,m6-1,593.426,"{'m1-1': 95.16, 'm2-1': 23.44, 'm3-1': 10.35, 'm4-1': 107.34, 'm5-1': 26.48, 'm6-1': 27.04, 'm7-1': 118.29, 'm8-1': 11.01}",40.56,674.434,701.4739999999999,inf,703.426,703.426
626,T3,BESTEFFORT,CANCELLED,,593.472,"{'m1-1': 98.24, 'm2-1': 26.98, 'm3-1': 9.7, 'm4-1': 100.25, 'm5-1': 26.72, 'm6-1': 28.16, 'm7-1': 105.14, 'm8-1': 9.7}",0.0,inf,inf,inf,703.472,703.472
627,T1,BESTEFFORT,CANCELLED,,593.612,"{'m1-1': 100.48, 'm2-1': 27.02, 'm3-1': 9.44, 'm4-1': 117.09, 'm5-1': 25.73, 'm6-1': 23.46, 'm7-1': 113.61, 'm8-1': 11.15}",0.0,inf,inf,inf,703.612,703.612
628,T6,BESTEFFORT,CANCELLED,,594.698,"{'m1-1': 112.23, 'm2-1': 24.56, 'm3-1': 9.56, 'm4-1': 106.19, 'm5-1': 27.18, 'm6-1': 26.22, 'm7-1': 101.68, 'm8-1': 10.91}",0.0,inf,inf,inf,704.698,704.698
629,T3,BESTEFFORT,MISSED,m7-1,594.908,"{'m1-1': 109.93, 'm2-1': 28.45, 'm3-1': 9.33, 'm4-1': 99.87, 'm5-1': 26.59, 'm6-1': 25.6, 'm7-1': 102.03, 'm8-1': 9.52}",103.82850000000008,635.689,inf,704.908,704.908,704.908
630,T9,BESTEFFORT,MISSED,m4-1,595.636,"{'m1-1': 115.59, 'm2-1': 28.1, 'm3-1': 9.71, 'm4-1': 103.68, 'm5-1': 27.34, 'm6-1': 29.11, 'm7-1': 114.76, 'm8-1': 10.9}",134.43600000000004,616.012,inf,705.636,705.636,705.636
631,T8,BESTEFFORT,MISSED,m4-1,595.776,"{'m1-1': 112.17, 'm2-1': 26.59, 'm3-1': 9.95, 'm4-1': 113.2, 'm5-1': 26.31, 'm6-1': 27.22, 'm7-1': 107.03, 'm8-1': 10.57}",0.0,736.645,inf,736.645,705.776,705.776
632,T6,BESTEFFORT,MISSED,m4-1,595.86,"{'m1-1': 96.65, 'm2-1': 25.4, 'm3-1': 10.79, 'm4-1': 99.28, 'm5-1': 26.93, 'm6-1': 25.87, 'm7-1': 107.46, 'm8-1': 9.35}",0.0,736.645,inf,736.645,705.86,705.86
633,T2,BESTEFFORT,COMPLETED,m5-1,598.571,"{'m1-1': 101.18, 'm2-1': 25.17, 'm3-1': 10.11, 'm4-1': 116.33, 'm5-1': 24.66, 'm6-1': 26.21, 'm7-1': 98.92, 'm8-1': 10.33}",36.99,676.793,701.453,inf,708.571,708.571
634,T9,BESTEFFORT,MISSED,m7-1,598.867,"{'m1-1': 113.96, 'm2-1': 26.26, 'm3-1': 10.42, 'm4-1': 110.55, 'm5-1': 27.43, 'm6-1': 28.06, 'm7-1': 101.89, 'm8-1': 10.32}",0.0,740.064,inf,740.064,708.867,708.867
635,T2,BESTEFFORT,MISSED,m7-1,599.029,"{'m1-1': 94.37, 'm2-1': 23.79, 'm3-1': 10.66, 'm4-1': 107.6, 'm5-1': 28.53, 'm6-1': 27.9, 'm7-1': 102.21, 'm8-1': 10.51}",0.0,740.064,inf,740.064,709.029,709.029
636,T2,BESTEFFORT,COMPLETED,m8-1,599.475,"{'m1-1': 107.69, 'm2-1': 25.34, 'm3-1': 9.76, 'm4-1': 113.34, 'm5-1': 25.72, 'm6-1': 25.45, 'm7-1': 106.33, 'm8-1': 10.75}",16.125,695.6740000000001,706.4240000000001,inf,709.475,709.475
637,T3,BESTEFFORT,MISSED,m7-1,599.848,"{'m1-1': 110.66, 'm2-1': 28.35, 'm3-1': 10.74, 'm4-1': 105.45, 'm5-1': 26.36, 'm6-1': 25.37, 'm7-1': 104.47, 'm8-1': 9.92}",0.0,740.064,inf,740.064,709.848,709.848
638,T4,BESTEFFORT,MISSED,m1-1,600.024,"{'m1-1': 114.45, 'm2-1': 25.25, 'm3-1': 10.86, 'm4-1': 106.8, 'm5-1': 25.41, 'm6-1': 25.96, 'm7-1': 112.29, 'm8-1': 9.93}",154.17300000000006,607.242,inf,710.024,710.024,710.024
639,T5,BESTEFFORT,MISSED,m1-1,600.368,"{'m1-1': 111.14, 'm2-1': 28.6, 'm3-1': 11.11, 'm4-1': 92.83, 'm5-1': 24.33, 'm6-1': 26.15, 'm7-1': 103.33, 'm8-1': 11.08}",0.0,727.795,inf,727.795,710.368,710.368
640,T4,BESTEFFORT,MISSED,m1-1,600.481,"{'m1-1': 108.2, 'm2-1': 23.86, 'm3-1': 9.62, 'm4-1': 98.83, 'm5-1': 25.03, 'm6-1': 28.72, 'm7-1': 99.31, 'm8-1': 11.29}",0.0,727.795,inf,727.795,710.481,710.481
641,T5,BESTEFFORT,MISSED,m4-1,600.556,"{'m1-1': 101.63, 'm2-1': 24.94, 'm3-1': 10.63, 'm4-1': 103.74, 'm5-1': 23.01, 'm6-1': 27.95, 'm7-1': 106.59, 'm8-1': 9.9}",0.0,736.645,inf,736.645,710.556,710.556
642,T8,BESTEFFORT,CANCELLED,,602.371,"{'m1-1': 99.69, 'm2-1': 25.66, 'm3-1': 10.74, 'm4-1': 97.64, 'm5-1': 25.56, 'm6-1': 28.77, 'm7-1': 94.67, 'm8-1': 11.02}",0.0,inf,inf,inf,712.371,712.371
643,T4,BESTEFFORT,COMPLETED,m3-1,604.636,"{'m1-1': 115.37, 'm2-1': 26.04, 'm3-1': 9.44, 'm4-1': 94.22, 'm5-1': 24.14, 'm6-1': 25.5, 'm7-1': 98.59, 'm8-1': 10.44}",14.16,701.405,710.845,inf,714.636,714.636
644,T7,BESTEFFORT,MISSED,m1-1,606.378,"{'m1-1': 109.25, 'm2-1': 23.79, 'm3-1': 10.06, 'm4-1': 108.23, 'm5-1': 24.0, 'm6-1': 27.17, 'm7-1': 103.45, 'm8-1': 10.92}",0.0,727.795,inf,727.795,716.378,716.378
645,T7,BESTEFFORT,CANCELLED,,607.878,"{'m1-1': 96.45, 'm2-1': 27.39, 'm3-1': 9.88, 'm4-1': 103.14, 'm5-1': 23.79, 'm6-1': 26.16, 'm7-1': 113.99, 'm8-1': 11.36}",0.0,inf,inf,inf,717.878,717.878
646,T6,BESTEFFORT,MISSED,m2-1,608.956,"{'m1-1': 99.74, 'm2-1': 29.04, 'm3-1': 10.82, 'm4-1': 99.29, 'm5-1': 27.37, 'm6-1': 24.48, 'm7-1': 105.87, 'm8-1': 9.62}",39.13500000000005,692.866,inf,718.956,718.956,718.956
647,T3,BESTEFFORT,CANCELLED,,613.783,"{'m1-1': 107.01, 'm2-1': 27.53, 'm3-1': 10.74, 'm4-1': 108.29, 'm5-1': 26.03, 'm6-1': 28.04, 'm7-1': 101.93, 'm8-1': 10.67}",0.0,inf,inf,inf,723.783,723.783
648,T9,BESTEFFORT,COMPLETED,m3-1,613.822,"{'m1-1': 114.22, 'm2-1': 25.88, 'm3-1': 10.14, 'm4-1': 102.26, 'm5-1': 24.1, 'm6-1': 24.81, 'm7-1': 110.78, 'm8-1': 10.04}",15.21,710.845,720.985,inf,723.822,723.822
649,T1,BESTEFFORT,COMPLETED,m8-1,614.277,"{'m1-1': 97.77, 'm2-1': 24.74, 'm3-1': 9.68, 'm4-1': 103.59, 'm5-1': 24.74, 'm6-1': 24.27, 'm7-1': 105.73, 'm8-1': 11.36}",17.04,706.4240000000001,717.7840000000001,inf,724.277,724.277
650,T2,BESTEFFORT,CANCELLED,,614.462,"{'m1-1': 99.74, 'm2-1': 23.61, 'm3-1': 10.34, 'm4-1': 103.54, 'm5-1': 25.7, 'm6-1': 25.51, 'm7-1': 106.5, 'm8-1': 10.91}",0.0,inf,inf,inf,724.462,724.462
651,T5,BESTEFFORT,CANCELLED,,615.33,"{'m1-1': 101.75, 'm2-1': 25.67, 'm3-1': 10.99, 'm4-1': 98.34, 'm5-1': 26.0, 'm6-1': 25.91, 'm7-1': 104.62, 'm8-1': 10.62}",0.0,inf,inf,inf,725.33,725.33
652,T3,BESTEFFORT,CANCELLED,,615.992,"{'m1-1': 96.94, 'm2-1': 26.69, 'm3-1': 10.44, 'm4-1': 101.76, 'm5-1': 26.82, 'm6-1': 25.14, 'm7-1': 95.72, 'm8-1': 9.6}",0.0,inf,inf,inf,725.992,725.992
653,T3,BESTEFFORT,CANCELLED,,616.096,"{'m1-1': 108.66, 'm2-1': 26.78, 'm3-1': 9.86, 'm4-1': 95.86, 'm5-1': 24.28, 'm6-1': 27.32, 'm7-1': 97.11, 'm8-1': 10.16}",0.0,inf,inf,inf,726.096,726.096
654,T6,BESTEFFORT,COMPLETED,m6-1,617.224,"{'m1-1': 102.49, 'm2-1': 28.6, 'm3-1': 9.85, 'm4-1': 111.54, 'm5-1': 26.99, 'm6-1': 24.07, 'm7-1': 111.76, 'm8-1': 10.36}",36.105000000000004,701.4739999999999,725.544,inf,727.224,727.224
655,T3,BESTEFFORT,MISSED,m1-1,617.795,"{'m1-1': 99.96, 'm2-1': 24.92, 'm3-1': 9.9, 'm4-1': 95.56, 'm5-1': 25.47, 'm6-1': 28.32, 'm7-1': 99.73, 'm8-1': 9.44}",26.656499999999937,710.024,inf,727.795,727.795,727.795
656,T3,BESTEFFORT,CANCELLED,,618.489,"{'m1-1': 98.49, 'm2-1': 27.28, 'm3-1': 9.58, 'm4-1': 100.07, 'm5-1': 26.95, 'm6-1': 27.15, 'm7-1': 96.13, 'm8-1': 11.01}",0.0,inf,inf,inf,728.489,728.489
657,T5,BESTEFFORT,CANCELLED,,618.671,"{'m1-1': 93.95, 'm2-1': 29.16, 'm3-1': 9.79, 'm4-1': 104.68, 'm5-1': 23.62, 'm6-1': 25.43, 'm7-1': 106.62, 'm8-1': 11.15}",0.0,inf,inf,inf,728.671,728.671
658,T4,BESTEFFORT,MISSED,m1-1,619.306,"{'m1-1': 111.38, 'm2-1': 26.8, 'm3-1': 9.24, 'm4-1': 98.7, 'm5-1': 25.16, 'm6-1': 28.86, 'm7-1': 107.41, 'm8-1': 9.8}",0.0,824.996,inf,824.996,729.306,729.306
659,T10,BESTEFFORT,MISSED,m1-1,620.839,"{'m1-1': 110.22, 'm2-1': 27.42, 'm3-1': 9.76, 'm4-1': 107.69, 'm5-1': 24.88, 'm6-1': 25.41, 'm7-1': 100.92, 'm8-1': 9.84}",0.0,824.996,inf,824.996,730.839,730.839
660,T9,BESTEFFORT,COMPLETED,m8-1,621.014,"{'m1-1': 110.79, 'm2-1': 27.05, 'm3-1': 10.13, 'm4-1': 115.41, 'm5-1': 28.28, 'm6-1': 26.99, 'm7-1': 109.39, 'm8-1': 9.97}",14.955000000000002,717.7840000000001,727.7540000000001,inf,731.014,731.014
661,T8,BESTEFFORT,COMPLETED,m5-1,621.858,"{'m1-1': 111.1, 'm2-1': 26.74, 'm3-1': 10.62, 'm4-1': 108.95, 'm5-1': 25.8, 'm6-1': 26.19, 'm7-1': 108.44, 'm8-1': 10.56}",38.7,701.453,727.2529999999999,inf,731.858,731.858
662,T4,BESTEFFORT,COMPLETED,m3-1,623.481,"{'m1-1': 116.56, 'm2-1': 24.23, 'm3-1': 9.18, 'm4-1': 92.8, 'm5-1': 24.73, 'm6-1': 27.23, 'm7-1': 102.52, 'm8-1': 11.14}",13.77,720.985,730.165,inf,733.481,733.481
663,T2,BESTEFFORT,CANCELLED,,624.296,"{'m1-1': 108.89, 'm2-1': 24.7, 'm3-1': 10.81, 'm4-1': 116.63, 'm5-1': 27.28, 'm6-1': 25.67, 'm7-1': 108.18, 'm8-1': 10.65}",0.0,inf,inf,inf,734.296,734.296
664,T8,BESTEFFORT,CANCELLED,,624.625,"{'m1-1': 112.87, 'm2-1': 27.08, 'm3-1': 10.72, 'm4-1': 100.54, 'm5-1': 24.34, 'm6-1': 27.64, 'm7-1': 94.95, 'm8-1': 11.09}",0.0,inf,inf,inf,734.625,734.625
665,T4,BESTEFFORT,CANCELLED,,625.054,"{'m1-1': 111.07, 'm2-1': 25.81, 'm3-1': 10.43, 'm4-1': 108.8, 'm5-1': 27.24, 'm6-1': 25.54, 'm7-1': 109.83, 'm8-1': 10.72}",0.0,inf,inf,inf,735.054,735.054
666,T3,BESTEFFORT,CANCELLED,,626.27,"{'m1-1': 112.87, 'm2-1': 26.63, 'm3-1': 10.09, 'm4-1': 106.01, 'm5-1': 27.88, 'm6-1': 28.31, 'm7-1': 102.83, 'm8-1': 9.96}",0.0,inf,inf,inf,736.27,736.27
667,T3,BESTEFFORT,MISSED,m4-1,626.645,"{'m1-1': 107.64, 'm2-1': 25.68, 'm3-1': 9.75, 'm4-1': 97.7, 'm5-1': 24.82, 'm6-1': 26.6, 'm7-1': 94.6, 'm8-1': 10.88}",46.51350000000002,705.636,inf,736.645,736.645,736.645
668,T8,BESTEFFORT,MISSED,m4-1,626.669,"{'m1-1': 106.44, 'm2-1': 24.5, 'm3-1': 9.47, 'm4-1': 106.94, 'm5-1': 24.91, 'm6-1': 27.33, 'm7-1': 99.3, 'm8-1': 10.27}",0.0,817.91,inf,817.91,736.669,736.669
669,T8,BESTEFFORT,CANCELLED,,627.209,"{'m1-1': 113.32, 'm2-1': 26.54, 'm3-1': 10.8, 'm4-1': 107.9, 'm5-1': 26.09, 'm6-1': 28.13, 'm7-1': 104.66, 'm8-1': 9.86}",0.0,inf,inf,inf,737.209,737.209
670,T9,BESTEFFORT,MISSED,m1-1,627.252,"{'m1-1': 117.95, 'm2-1': 25.05, 'm3-1': 10.18, 'm4-1': 111.81, 'm5-1': 25.69, 'm6-1': 25.81, 'm7-1': 107.68, 'm8-1': 10.77}",0.0,824.996,inf,824.996,737.252,737.252
671,T7,BESTEFFORT,CANCELLED,,628.203,"{'m1-1': 105.9, 'm2-1': 24.67, 'm3-1': 10.7, 'm4-1': 96.98, 'm5-1': 23.96, 'm6-1': 26.06, 'm7-1': 114.47, 'm8-1': 11.05}",0.0,inf,inf,inf,738.203,738.203
672,T2,BESTEFFORT,MISSED,m4-1,629.09,"{'m1-1': 102.11, 'm2-1': 27.34, 'm3-1': 10.33, 'm4-1': 111.79, 'm5-1': 26.72, 'm6-1': 24.85, 'm7-1': 99.62, 'm8-1': 11.33}",0.0,817.91,inf,817.91,739.09,739.09
673,T8,BESTEFFORT,COMPLETED,m8-1,629.38,"{'m1-1': 101.83, 'm2-1': 23.84, 'm3-1': 9.7, 'm4-1': 110.19, 'm5-1': 24.04, 'm6-1': 29.48, 'm7-1': 103.25, 'm8-1': 9.78}",14.669999999999998,727.7540000000001,737.5340000000001,inf,739.38,739.38
674,T9,BESTEFFORT,CANCELLED,,629.7,"{'m1-1': 104.68, 'm2-1': 25.27, 'm3-1': 9.94, 'm4-1': 101.71, 'm5-1': 28.26, 'm6-1': 28.36, 'm7-1': 100.48, 'm8-1': 9.91}",0.0,inf,inf,inf,739.7,739.7
675,T8,BESTEFFORT,MISSED,m4-1,630.036,"{'m1-1': 108.64, 'm2-1': 24.8, 'm3-1': 10.64, 'm4-1': 98.4, 'm5-1': 26.91, 'm6-1': 28.57, 'm7-1': 99.67, 'm8-1': 11.13}",0.0,817.91,inf,817.91,740.036,740.036
676,T2,BESTEFFORT,MISSED,m7-1,630.064,"{'m1-1': 100.88, 'm2-1': 26.38, 'm3-1': 9.68, 'm4-1': 106.3, 'm5-1': 26.29, 'm6-1': 24.3, 'm7-1': 106.37, 'm8-1': 10.63}",52.733999999999924,704.908,inf,740.064,740.064,740.064
677,T2,BESTEFFORT,CANCELLED,,631.326,"{'m1-1': 108.96, 'm2-1': 24.22, 'm3-1': 9.9, 'm4-1': 102.61, 'm5-1': 26.87, 'm6-1': 25.77, 'm7-1': 106.15, 'm8-1': 10.22}",0.0,inf,inf,inf,741.326,741.326
678,T4,BESTEFFORT,COMPLETED,m3-1,632.169,"{'m1-1': 114.83, 'm2-1': 27.2, 'm3-1': 9.46, 'm4-1': 94.45, 'm5-1': 24.93, 'm6-1': 27.19, 'm7-1': 101.58, 'm8-1': 9.86}",14.190000000000001,730.165,739.625,inf,742.169,742.169
679,T10,BESTEFFORT,MISSED,m7-1,633.056,"{'m1-1': 105.88, 'm2-1': 25.98, 'm3-1': 9.75, 'm4-1': 108.67, 'm5-1': 27.16, 'm6-1': 25.27, 'm7-1': 100.92, 'm8-1': 11.13}",0.0,810.106,inf,810.106,743.056,743.056
680,T5,BESTEFFORT,MISSED,m2-1,634.144,"{'m1-1': 100.56, 'm2-1': 29.13, 'm3-1': 10.03, 'm4-1': 99.2, 'm5-1': 25.7, 'm6-1': 26.33, 'm7-1': 98.36, 'm8-1': 11.38}",37.78199999999998,718.956,inf,744.144,744.144,744.144
681,T8,BESTEFFORT,MISSED,m7-1,634.681,"{'m1-1': 104.67, 'm2-1': 26.58, 'm3-1': 10.98, 'm4-1': 110.38, 'm5-1': 26.41, 'm6-1': 25.8, 'm7-1': 98.45, 'm8-1': 10.78}",0.0,810.106,inf,810.106,744.681,744.681
682,T8,BESTEFFORT,CANCELLED,,637.182,"{'m1-1': 104.53, 'm2-1': 24.31, 'm3-1': 9.74, 'm4-1': 103.44, 'm5-1': 24.32, 'm6-1': 27.13, 'm7-1': 108.11, 'm8-1': 10.39}",0.0,inf,inf,inf,747.182,747.182
683,T10,BESTEFFORT,CANCELLED,,637.37,"{'m1-1': 100.38, 'm2-1': 24.28, 'm3-1': 9.63, 'm4-1': 109.04, 'm5-1': 24.48, 'm6-1': 27.01, 'm7-1': 104.48, 'm8-1': 9.66}",0.0,inf,inf,inf,747.37,747.37
684,T8,BESTEFFORT,CANCELLED,,638.282,"{'m1-1': 105.49, 'm2-1': 27.13, 'm3-1': 10.22, 'm4-1': 107.16, 'm5-1': 25.74, 'm6-1': 28.73, 'm7-1': 105.55, 'm8-1': 10.02}",0.0,inf,inf,inf,748.282,748.282
685,T9,BESTEFFORT,COMPLETED,m8-1,639.173,"{'m1-1': 110.13, 'm2-1': 25.76, 'm3-1': 9.46, 'm4-1': 101.36, 'm5-1': 27.43, 'm6-1': 29.17, 'm7-1': 109.74, 'm8-1': 9.95}",14.924999999999999,737.5340000000001,747.4840000000002,inf,749.173,749.173
686,T6,BESTEFFORT,CANCELLED,,639.482,"{'m1-1': 111.09, 'm2-1': 27.96, 'm3-1': 9.88, 'm4-1': 115.36, 'm5-1': 24.95, 'm6-1': 25.8, 'm7-1': 114.24, 'm8-1': 10.65}",0.0,inf,inf,inf,749.482,749.482
687,T3,BESTEFFORT,CANCELLED,,640.873,"{'m1-1': 98.0, 'm2-1': 24.73, 'm3-1': 9.29, 'm4-1': 95.55, 'm5-1': 26.53, 'm6-1': 25.72, 'm7-1': 103.96, 'm8-1': 9.62}",0.0,inf,inf,inf,750.873,750.873
688,T10,BESTEFFORT,MISSED,m7-1,641.314,"{'m1-1': 108.37, 'm2-1': 24.15, 'm3-1': 10.12, 'm4-1': 108.2, 'm5-1': 27.8, 'm6-1': 26.26, 'm7-1': 103.56, 'm8-1': 9.94}",0.0,810.106,inf,810.106,751.314,751.314
689,T6,BESTEFFORT,CANCELLED,,641.652,"{'m1-1': 111.21, 'm2-1': 28.32, 'm3-1': 10.43, 'm4-1': 97.63, 'm5-1': 27.69, 'm6-1': 23.43, 'm7-1': 114.75, 'm8-1': 9.39}",0.0,inf,inf,inf,751.652,751.652
690,T2,BESTEFFORT,COMPLETED,m3-1,643.675,"{'m1-1': 106.44, 'm2-1': 27.41, 'm3-1': 10.11, 'm4-1': 111.66, 'm5-1': 28.73, 'm6-1': 24.93, 'm7-1': 108.46, 'm8-1': 10.78}",15.165,739.625,749.735,inf,753.675,753.675
691,T8,BESTEFFORT,COMPLETED,m5-1,644.297,"{'m1-1': 113.57, 'm2-1': 27.37, 'm3-1': 10.02, 'm4-1': 105.54, 'm5-1': 26.46, 'm6-1': 27.56, 'm7-1': 106.33, 'm8-1': 10.84}",39.69,727.2529999999999,753.713,inf,754.297,754.297
692,T1,BESTEFFORT,MISSED,m6-1,645.38,"{'m1-1': 103.32, 'm2-1': 28.35, 'm3-1': 10.41, 'm4-1': 106.33, 'm5-1': 26.85, 'm6-1': 24.8, 'm7-1': 106.16, 'm8-1': 10.66}",0.0,804.6639999999999,inf,804.6639999999999,755.38,755.38
693,T1,BESTEFFORT,CANCELLED,,645.667,"{'m1-1': 107.13, 'm2-1': 24.28, 'm3-1': 10.08, 'm4-1': 110.22, 'm5-1': 24.06, 'm6-1': 26.15, 'm7-1': 105.84, 'm8-1': 10.1}",0.0,inf,inf,inf,755.667,755.667
694,T8,BESTEFFORT,COMPLETED,m6-1,647.024,"{'m1-1': 111.42, 'm2-1': 27.61, 'm3-1': 9.88, 'm4-1': 97.7, 'm5-1': 26.33, 'm6-1': 25.16, 'm7-1': 103.96, 'm8-1': 9.94}",37.74,725.544,750.704,inf,757.024,757.024
695,T2,BESTEFFORT,CANCELLED,,648.469,"{'m1-1': 96.37, 'm2-1': 24.37, 'm3-1': 9.82, 'm4-1': 101.62, 'm5-1': 25.4, 'm6-1': 25.42, 'm7-1': 93.46, 'm8-1': 10.7}",0.0,inf,inf,inf,758.469,758.469
696,T8,BESTEFFORT,COMPLETED,m8-1,649.668,"{'m1-1': 110.82, 'm2-1': 27.61, 'm3-1': 9.53, 'm4-1': 103.4, 'm5-1': 24.38, 'm6-1': 28.95, 'm7-1': 108.28, 'm8-1': 9.46}",14.190000000000001,747.4840000000002,756.9440000000002,inf,759.668,759.668
697,T1,BESTEFFORT,CANCELLED,,651.004,"{'m1-1': 103.14, 'm2-1': 24.9, 'm3-1': 9.49, 'm4-1': 118.04, 'm5-1': 23.97, 'm6-1': 26.95, 'm7-1': 113.75, 'm8-1': 10.64}",0.0,inf,inf,inf,761.004,761.004
698,T5,BESTEFFORT,COMPLETED,m3-1,654.162,"{'m1-1': 97.79, 'm2-1': 28.09, 'm3-1': 9.84, 'm4-1': 92.51, 'm5-1': 27.07, 'm6-1': 25.97, 'm7-1': 101.06, 'm8-1': 10.95}",14.76,749.735,759.575,inf,764.162,764.162
699,T10,BESTEFFORT,COMPLETED,m8-1,658.775,"{'m1-1': 107.49, 'm2-1': 23.57, 'm3-1': 9.66, 'm4-1': 102.79, 'm5-1': 25.39, 'm6-1': 25.53, 'm7-1': 114.39, 'm8-1': 9.9}",14.850000000000001,756.9440000000002,766.8440000000002,inf,768.775,768.775
700,T10,BESTEFFORT,COMPLETED,m2-1,659.237,"{'m1-1': 113.4, 'm2-1': 23.41, 'm3-1': 10.55, 'm4-1': 103.59, 'm5-1': 27.0, 'm6-1': 24.48, 'm7-1': 105.96, 'm8-1': 11.31}",35.115,744.144,767.554,inf,769.237,769.237
701,T7,BESTEFFORT,CANCELLED,,659.496,"{'m1-1': 101.86, 'm2-1': 24.51, 'm3-1': 9.31, 'm4-1': 98.06, 'm5-1': 24.44, 'm6-1': 24.29, 'm7-1': 102.66, 'm8-1': 9.97}",0.0,inf,inf,inf,769.496,769.496
702,T9,BESTEFFORT,CANCELLED,,659.705,"{'m1-1': 114.8, 'm2-1': 25.48, 'm3-1': 10.78, 'm4-1': 108.24, 'm5-1': 28.02, 'm6-1': 25.96, 'm7-1': 105.6, 'm8-1': 10.81}",0.0,inf,inf,inf,769.705,769.705
703,T7,BESTEFFORT,CANCELLED,,659.925,"{'m1-1': 108.09, 'm2-1': 26.69, 'm3-1': 10.85, 'm4-1': 95.8, 'm5-1': 26.84, 'm6-1': 27.91, 'm7-1': 116.8, 'm8-1': 10.6}",0.0,inf,inf,inf,769.925,769.925
704,T9,BESTEFFORT,CANCELLED,,660.768,"{'m1-1': 108.94, 'm2-1': 25.13, 'm3-1': 10.67, 'm4-1': 103.55, 'm5-1': 24.16, 'm6-1': 27.53, 'm7-1': 113.8, 'm8-1': 9.61}",0.0,inf,inf,inf,770.768,770.768
705,T2,BESTEFFORT,CANCELLED,,662.379,"{'m1-1': 98.25, 'm2-1': 24.45, 'm3-1': 9.56, 'm4-1': 104.23, 'm5-1': 27.81, 'm6-1': 26.01, 'm7-1': 95.38, 'm8-1': 10.9}",0.0,inf,inf,inf,772.379,772.379
706,T1,BESTEFFORT,CANCELLED,,662.531,"{'m1-1': 101.82, 'm2-1': 28.33, 'm3-1': 9.32, 'm4-1': 102.79, 'm5-1': 26.7, 'm6-1': 27.81, 'm7-1': 109.84, 'm8-1': 10.52}",0.0,inf,inf,inf,772.531,772.531
707,T3,BESTEFFORT,CANCELLED,,662.629,"{'m1-1': 106.16, 'm2-1': 27.56, 'm3-1': 10.73, 'm4-1': 100.16, 'm5-1': 25.87, 'm6-1': 28.7, 'm7-1': 107.01, 'm8-1': 9.43}",0.0,inf,inf,inf,772.629,772.629
708,T8,BESTEFFORT,CANCELLED,,662.888,"{'m1-1': 105.69, 'm2-1': 25.14, 'm3-1': 9.6, 'm4-1': 98.7, 'm5-1': 26.52, 'm6-1': 27.97, 'm7-1': 107.1, 'm8-1': 10.49}",0.0,inf,inf,inf,772.888,772.888
709,T6,BESTEFFORT,COMPLETED,m3-1,664.168,"{'m1-1': 109.04, 'm2-1': 26.56, 'm3-1': 9.47, 'm4-1': 104.83, 'm5-1': 25.25, 'm6-1': 25.72, 'm7-1': 110.86, 'm8-1': 10.33}",14.205000000000002,759.575,769.0450000000001,inf,774.168,774.168
710,T6,BESTEFFORT,CANCELLED,,664.603,"{'m1-1': 98.59, 'm2-1': 24.73, 'm3-1': 9.87, 'm4-1': 111.68, 'm5-1': 27.08, 'm6-1': 24.5, 'm7-1': 98.75, 'm8-1': 9.23}",0.0,inf,inf,inf,774.603,774.603
711,T7,BESTEFFORT,CANCELLED,,664.678,"{'m1-1': 97.26, 'm2-1': 25.06, 'm3-1': 10.53, 'm4-1': 102.92, 'm5-1': 24.28, 'm6-1': 25.18, 'm7-1': 101.66, 'm8-1': 11.77}",0.0,inf,inf,inf,774.678,774.678
712,T2,BESTEFFORT,CANCELLED,,665.66,"{'m1-1': 107.99, 'm2-1': 23.59, 'm3-1': 10.04, 'm4-1': 102.33, 'm5-1': 28.62, 'm6-1': 26.37, 'm7-1': 107.45, 'm8-1': 10.24}",0.0,inf,inf,inf,775.66,775.66
713,T8,BESTEFFORT,COMPLETED,m5-1,670.259,"{'m1-1': 112.67, 'm2-1': 24.9, 'm3-1': 10.12, 'm4-1': 101.62, 'm5-1': 25.66, 'm6-1': 26.54, 'm7-1': 105.95, 'm8-1': 9.77}",38.49,753.713,779.3729999999999,inf,780.259,780.259
714,T2,BESTEFFORT,COMPLETED,m8-1,670.31,"{'m1-1': 104.44, 'm2-1': 24.41, 'm3-1': 10.99, 'm4-1': 111.87, 'm5-1': 26.21, 'm6-1': 28.45, 'm7-1': 97.23, 'm8-1': 11.34}",17.009999999999998,766.8440000000002,778.1840000000002,inf,780.31,780.31
715,T6,BESTEFFORT,CANCELLED,,670.461,"{'m1-1': 101.16, 'm2-1': 25.76, 'm3-1': 10.1, 'm4-1': 111.62, 'm5-1': 25.7, 'm6-1': 27.39, 'm7-1': 108.1, 'm8-1': 10.11}",0.0,inf,inf,inf,780.461,780.461
716,T8,BESTEFFORT,COMPLETED,m6-1,670.847,"{'m1-1': 103.96, 'm2-1': 26.38, 'm3-1': 9.57, 'm4-1': 111.3, 'm5-1': 27.54, 'm6-1': 25.28, 'm7-1': 94.56, 'm8-1': 10.66}",37.92,750.704,775.9839999999999,inf,780.847,780.847
717,T5,BESTEFFORT,CANCELLED,,671.775,"{'m1-1': 99.39, 'm2-1': 29.04, 'm3-1': 10.33, 'm4-1': 101.38, 'm5-1': 25.56, 'm6-1': 26.54, 'm7-1': 106.6, 'm8-1': 11.46}",0.0,inf,inf,inf,781.775,781.775
718,T5,BESTEFFORT,CANCELLED,,671.839,"{'m1-1': 101.74, 'm2-1': 27.21, 'm3-1': 11.12, 'm4-1': 102.64, 'm5-1': 23.02, 'm6-1': 25.0, 'm7-1': 107.83, 'm8-1': 10.82}",0.0,inf,inf,inf,781.839,781.839
719,T2,BESTEFFORT,COMPLETED,m3-1,672.96,"{'m1-1': 103.28, 'm2-1': 26.88, 'm3-1': 9.52, 'm4-1': 112.37, 'm5-1': 25.66, 'm6-1': 27.49, 'm7-1': 93.38, 'm8-1': 11.22}",14.28,769.0450000000001,778.565,inf,782.96,782.96
720,T4,BESTEFFORT,CANCELLED,,674.783,"{'m1-1': 102.97, 'm2-1': 26.66, 'm3-1': 9.46, 'm4-1': 91.88, 'm5-1': 25.57, 'm6-1': 26.35, 'm7-1': 107.17, 'm8-1': 9.92}",0.0,inf,inf,inf,784.783,784.783
721,T4,BESTEFFORT,CANCELLED,,676.099,"{'m1-1': 109.8, 'm2-1': 25.57, 'm3-1': 10.53, 'm4-1': 108.3, 'm5-1': 24.86, 'm6-1': 26.26, 'm7-1': 112.0, 'm8-1': 10.61}",0.0,inf,inf,inf,786.099,786.099
722,T7,BESTEFFORT,CANCELLED,,678.689,"{'m1-1': 100.04, 'm2-1': 23.84, 'm3-1': 9.76, 'm4-1': 103.2, 'm5-1': 25.88, 'm6-1': 25.8, 'm7-1': 108.53, 'm8-1': 11.34}",0.0,inf,inf,inf,788.689,788.689
723,T9,BESTEFFORT,CANCELLED,,679.816,"{'m1-1': 104.94, 'm2-1': 26.65, 'm3-1': 10.39, 'm4-1': 102.84, 'm5-1': 27.79, 'm6-1': 28.08, 'm7-1': 115.24, 'm8-1': 10.69}",0.0,inf,inf,inf,789.816,789.816
724,T4,BESTEFFORT,COMPLETED,m8-1,680.818,"{'m1-1': 112.74, 'm2-1': 25.35, 'm3-1': 10.2, 'm4-1': 93.74, 'm5-1': 27.48, 'm6-1': 27.42, 'm7-1': 110.46, 'm8-1': 11.55}",17.325000000000003,778.1840000000002,789.7340000000002,inf,790.818,790.818
725,T8,BESTEFFORT,CANCELLED,,681.283,"{'m1-1': 101.23, 'm2-1': 25.79, 'm3-1': 10.11, 'm4-1': 102.86, 'm5-1': 25.55, 'm6-1': 28.79, 'm7-1': 102.85, 'm8-1': 10.03}",0.0,inf,inf,inf,791.283,791.283
726,T2,BESTEFFORT,CANCELLED,,683.368,"{'m1-1': 102.67, 'm2-1': 25.84, 'm3-1': 10.05, 'm4-1': 117.26, 'm5-1': 26.13, 'm6-1': 28.47, 'm7-1': 107.45, 'm8-1': 10.39}",0.0,inf,inf,inf,793.368,793.368
727,T1,BESTEFFORT,COMPLETED,m3-1,683.739,"{'m1-1': 100.02, 'm2-1': 24.65, 'm3-1': 11.0, 'm4-1': 104.68, 'm5-1': 25.22, 'm6-1': 25.89, 'm7-1': 103.53, 'm8-1': 11.27}",16.5,778.565,789.565,inf,793.739,793.739
728,T2,BESTEFFORT,CANCELLED,,685.946,"{'m1-1': 103.3, 'm2-1': 24.84, 'm3-1': 10.05, 'm4-1': 116.36, 'm5-1': 24.59, 'm6-1': 26.37, 'm7-1': 101.02, 'm8-1': 9.92}",0.0,inf,inf,inf,795.946,795.946
729,T9,BESTEFFORT,COMPLETED,m2-1,686.014,"{'m1-1': 110.4, 'm2-1': 28.26, 'm3-1': 9.33, 'm4-1': 107.1, 'm5-1': 26.04, 'm6-1': 27.81, 'm7-1': 99.76, 'm8-1': 10.04}",42.39,767.554,795.814,inf,796.014,796.014
730,T8,BESTEFFORT,CANCELLED,,687.52,"{'m1-1': 109.73, 'm2-1': 24.76, 'm3-1': 10.84, 'm4-1': 106.16, 'm5-1': 24.69, 'm6-1': 29.74, 'm7-1': 104.52, 'm8-1': 9.58}",0.0,inf,inf,inf,797.52,797.52
731,T2,BESTEFFORT,CANCELLED,,688.496,"{'m1-1': 108.4, 'm2-1': 24.73, 'm3-1': 10.81, 'm4-1': 116.17, 'm5-1': 24.31, 'm6-1': 24.72, 'm7-1': 96.88, 'm8-1': 9.82}",0.0,inf,inf,inf,798.496,798.496
732,T5,BESTEFFORT,CANCELLED,,689.358,"{'m1-1': 109.13, 'm2-1': 26.1, 'm3-1': 10.35, 'm4-1': 107.24, 'm5-1': 23.48, 'm6-1': 28.19, 'm7-1': 94.65, 'm8-1': 11.62}",0.0,inf,inf,inf,799.358,799.358
733,T1,BESTEFFORT,CANCELLED,,690.259,"{'m1-1': 96.15, 'm2-1': 24.5, 'm3-1': 9.68, 'm4-1': 111.23, 'm5-1': 24.48, 'm6-1': 26.36, 'm7-1': 99.28, 'm8-1': 11.08}",0.0,inf,inf,inf,800.259,800.259
734,T9,BESTEFFORT,CANCELLED,,690.716,"{'m1-1': 106.65, 'm2-1': 28.33, 'm3-1': 10.7, 'm4-1': 100.69, 'm5-1': 24.16, 'm6-1': 28.29, 'm7-1': 101.43, 'm8-1': 9.63}",0.0,inf,inf,inf,800.716,800.716
735,T10,BESTEFFORT,MISSED,m5-1,692.739,"{'m1-1': 96.55, 'm2-1': 23.47, 'm3-1': 9.88, 'm4-1': 104.15, 'm5-1': 24.35, 'm6-1': 26.07, 'm7-1': 108.01, 'm8-1': 11.06}",35.04900000000015,779.3729999999999,inf,802.739,802.739,802.739
736,T6,BESTEFFORT,COMPLETED,m8-1,692.842,"{'m1-1': 98.02, 'm2-1': 27.66, 'm3-1': 10.7, 'm4-1': 108.83, 'm5-1': 25.03, 'm6-1': 24.2, 'm7-1': 108.12, 'm8-1': 10.36}",15.54,789.7340000000002,800.0940000000002,inf,802.842,802.842
737,T7,BESTEFFORT,COMPLETED,m3-1,694.311,"{'m1-1': 109.15, 'm2-1': 27.74, 'm3-1': 10.73, 'm4-1': 101.72, 'm5-1': 24.45, 'm6-1': 28.06, 'm7-1': 102.02, 'm8-1': 11.16}",16.095,789.565,800.2950000000001,inf,804.311,804.311
738,T9,BESTEFFORT,CANCELLED,,697.054,"{'m1-1': 112.45, 'm2-1': 25.88, 'm3-1': 9.37, 'm4-1': 106.81, 'm5-1': 24.19, 'm6-1': 26.25, 'm7-1': 102.53, 'm8-1': 10.95}",0.0,inf,inf,inf,807.054,807.054
739,T2,BESTEFFORT,COMPLETED,m6-1,697.913,"{'m1-1': 102.94, 'm2-1': 26.07, 'm3-1': 9.82, 'm4-1': 104.94, 'm5-1': 28.0, 'm6-1': 28.68, 'm7-1': 102.91, 'm8-1': 11.58}",43.019999999999996,775.9839999999999,804.6639999999999,inf,807.913,807.913
740,T1,BESTEFFORT,CANCELLED,,699.583,"{'m1-1': 95.89, 'm2-1': 27.62, 'm3-1': 9.51, 'm4-1': 104.96, 'm5-1': 25.35, 'm6-1': 23.4, 'm7-1': 107.75, 'm8-1': 11.26}",0.0,inf,inf,inf,809.583,809.583
741,T5,BESTEFFORT,CANCELLED,,699.993,"{'m1-1': 100.14, 'm2-1': 26.72, 'm3-1': 10.04, 'm4-1': 108.64, 'm5-1': 26.73, 'm6-1': 25.0, 'm7-1': 109.99, 'm8-1': 10.5}",0.0,inf,inf,inf,809.993,809.993
742,T2,BESTEFFORT,MISSED,m7-1,700.106,"{'m1-1': 105.66, 'm2-1': 24.45, 'm3-1': 10.13, 'm4-1': 104.0, 'm5-1': 27.27, 'm6-1': 24.32, 'm7-1': 94.12, 'm8-1': 10.72}",105.06300000000005,740.064,inf,810.106,810.106,810.106
743,T5,BESTEFFORT,MISSED,m8-1,701.001,"{'m1-1': 109.93, 'm2-1': 26.51, 'm3-1': 10.76, 'm4-1': 103.99, 'm5-1': 25.28, 'm6-1': 27.01, 'm7-1': 109.41, 'm8-1': 11.57}",16.360499999999718,800.0940000000002,inf,811.001,811.001,811.001
744,T8,BESTEFFORT,COMPLETED,m3-1,702.636,"{'m1-1': 99.08, 'm2-1': 27.51, 'm3-1': 9.35, 'm4-1': 101.31, 'm5-1': 25.62, 'm6-1': 29.09, 'm7-1': 105.79, 'm8-1': 9.76}",14.024999999999999,800.2950000000001,809.6450000000001,inf,812.636,812.636
745,T4,BESTEFFORT,CANCELLED,,703.034,"{'m1-1': 105.63, 'm2-1': 26.5, 'm3-1': 9.89, 'm4-1': 92.71, 'm5-1': 23.92, 'm6-1': 24.88, 'm7-1': 106.25, 'm8-1': 11.26}",0.0,inf,inf,inf,813.034,813.034
746,T6,BESTEFFORT,MISSED,m7-1,703.896,"{'m1-1': 100.69, 'm2-1': 25.12, 'm3-1': 9.36, 'm4-1': 109.53, 'm5-1': 25.84, 'm6-1': 25.64, 'm7-1': 109.06, 'm8-1': 10.02}",0.0,863.309,inf,863.309,813.896,813.896
747,T7,BESTEFFORT,CANCELLED,,704.681,"{'m1-1': 96.56, 'm2-1': 27.63, 'm3-1': 9.49, 'm4-1': 99.53, 'm5-1': 27.06, 'm6-1': 25.31, 'm7-1': 111.82, 'm8-1': 11.22}",0.0,inf,inf,inf,814.681,814.681
748,T2,BESTEFFORT,CANCELLED,,705.067,"{'m1-1': 97.49, 'm2-1': 26.97, 'm3-1': 11.08, 'm4-1': 113.56, 'm5-1': 27.51, 'm6-1': 26.42, 'm7-1': 102.18, 'm8-1': 10.72}",0.0,inf,inf,inf,815.067,815.067
749,T9,BESTEFFORT,MISSED,m7-1,705.564,"{'m1-1': 102.69, 'm2-1': 25.97, 'm3-1': 9.85, 'm4-1': 102.34, 'm5-1': 24.8, 'm6-1': 28.81, 'm7-1': 107.7, 'm8-1': 9.29}",0.0,863.309,inf,863.309,815.564,815.564
750,T10,BESTEFFORT,CANCELLED,,707.66,"{'m1-1': 106.32, 'm2-1': 26.7, 'm3-1': 10.18, 'm4-1': 110.46, 'm5-1': 24.66, 'm6-1': 27.34, 'm7-1': 118.72, 'm8-1': 10.84}",0.0,inf,inf,inf,817.66,817.66
751,T1,BESTEFFORT,MISSED,m4-1,707.91,"{'m1-1': 101.75, 'm2-1': 24.16, 'm3-1': 9.95, 'm4-1': 118.11, 'm5-1': 23.06, 'm6-1': 23.46, 'm7-1': 114.7, 'm8-1': 10.66}",121.89749999999998,736.645,inf,817.91,817.91,817.91
752,T3,BESTEFFORT,MISSED,m4-1,708.319,"{'m1-1': 100.0, 'm2-1': 27.93, 'm3-1': 9.53, 'm4-1': 96.4, 'm5-1': 24.33, 'm6-1': 27.38, 'm7-1': 108.53, 'm8-1': 10.74}",0.0,837.496,inf,837.496,818.319,818.319
753,T10,BESTEFFORT,MISSED,m7-1,708.666,"{'m1-1': 111.12, 'm2-1': 26.77, 'm3-1': 10.12, 'm4-1': 102.29, 'm5-1': 27.46, 'm6-1': 23.91, 'm7-1': 110.88, 'm8-1': 9.9}",0.0,863.309,inf,863.309,818.666,818.666
754,T7,BESTEFFORT,MISSED,m3-1,710.117,"{'m1-1': 98.68, 'm2-1': 23.98, 'm3-1': 10.64, 'm4-1': 97.39, 'm5-1': 24.95, 'm6-1': 28.17, 'm7-1': 100.69, 'm8-1': 11.34}",15.7079999999998,809.6450000000001,inf,820.117,820.117,820.117
755,T2,BESTEFFORT,MISSED,m2-1,711.12,"{'m1-1': 110.18, 'm2-1': 25.59, 'm3-1': 11.01, 'm4-1': 108.71, 'm5-1': 25.93, 'm6-1': 25.64, 'm7-1': 106.81, 'm8-1': 11.44}",37.95900000000006,795.814,inf,821.12,821.12,821.12
756,T4,BESTEFFORT,MISSED,m1-1,714.996,"{'m1-1': 110.01, 'm2-1': 25.93, 'm3-1': 9.16, 'm4-1': 92.44, 'm5-1': 24.97, 'm6-1': 27.71, 'm7-1': 95.88, 'm8-1': 11.1}",145.80150000000003,727.795,inf,824.996,824.996,824.996
757,T1,BESTEFFORT,MISSED,m5-1,716.047,"{'m1-1': 110.41, 'm2-1': 24.53, 'm3-1': 10.34, 'm4-1': 116.0, 'm5-1': 25.01, 'm6-1': 27.06, 'm7-1': 106.16, 'm8-1': 11.35}",34.96199999999999,802.739,inf,826.047,826.047,826.047
758,T4,BESTEFFORT,COMPLETED,m8-1,717.136,"{'m1-1': 112.82, 'm2-1': 24.98, 'm3-1': 9.98, 'm4-1': 103.51, 'm5-1': 24.42, 'm6-1': 25.62, 'm7-1': 105.98, 'm8-1': 10.57}",15.855,811.001,821.571,inf,827.136,827.136
759,T3,BESTEFFORT,MISSED,m4-1,717.399,"{'m1-1': 97.18, 'm2-1': 27.39, 'm3-1': 9.73, 'm4-1': 100.83, 'm5-1': 24.27, 'm6-1': 26.14, 'm7-1': 107.78, 'm8-1': 9.88}",0.0,837.496,inf,837.496,827.399,827.399
760,T4,BESTEFFORT,COMPLETED,m3-1,720.516,"{'m1-1': 99.12, 'm2-1': 25.2, 'm3-1': 9.26, 'm4-1': 92.02, 'm5-1': 26.36, 'm6-1': 25.5, 'm7-1': 109.96, 'm8-1': 10.3}",13.89,820.117,829.377,inf,830.516,830.516
761,T6,BESTEFFORT,MISSED,m6-1,721.107,"{'m1-1': 112.05, 'm2-1': 28.55, 'm3-1': 9.35, 'm4-1': 101.05, 'm5-1': 26.99, 'm6-1': 27.15, 'm7-1': 104.74, 'm8-1': 9.32}",39.664500000000146,804.6639999999999,inf,831.107,831.107,831.107
762,T9,BESTEFFORT,COMPLETED,m8-1,722.153,"{'m1-1': 114.64, 'm2-1': 25.79, 'm3-1': 10.8, 'm4-1': 99.24, 'm5-1': 24.98, 'm6-1': 27.13, 'm7-1': 100.42, 'm8-1': 9.93}",14.895,821.571,831.501,inf,832.153,832.153
763,T4,BESTEFFORT,MISSED,m6-1,727.141,"{'m1-1': 101.79, 'm2-1': 25.05, 'm3-1': 9.94, 'm4-1': 103.8, 'm5-1': 24.04, 'm6-1': 25.73, 'm7-1': 105.51, 'm8-1': 10.89}",0.0,856.893,inf,856.893,837.141,837.141
764,T4,BESTEFFORT,MISSED,m4-1,727.496,"{'m1-1': 105.81, 'm2-1': 23.3, 'm3-1': 10.38, 'm4-1': 102.97, 'm5-1': 26.68, 'm6-1': 24.7, 'm7-1': 99.76, 'm8-1': 10.25}",29.37900000000002,817.91,inf,837.496,837.496,837.496
765,T9,BESTEFFORT,MISSED,m3-1,730.029,"{'m1-1': 114.79, 'm2-1': 24.3, 'm3-1': 10.72, 'm4-1': 113.74, 'm5-1': 26.46, 'm6-1': 28.9, 'm7-1': 114.03, 'm8-1': 9.84}",15.978000000000065,829.377,inf,840.029,840.029,840.029
766,T1,BESTEFFORT,MISSED,m4-1,731.694,"{'m1-1': 108.68, 'm2-1': 24.54, 'm3-1': 10.82, 'm4-1': 109.14, 'm5-1': 23.58, 'm6-1': 23.96, 'm7-1': 101.47, 'm8-1': 10.23}",6.296999999999969,837.496,inf,841.694,841.694,841.694
767,T8,BESTEFFORT,MISSED,m4-1,731.786,"{'m1-1': 114.35, 'm2-1': 25.34, 'm3-1': 9.63, 'm4-1': 111.94, 'm5-1': 26.53, 'm6-1': 28.72, 'm7-1': 96.62, 'm8-1': 10.49}",0.0,941.786,inf,941.786,841.786,841.786
768,T6,BESTEFFORT,MISSED,m1-1,731.943,"{'m1-1': 112.22, 'm2-1': 29.04, 'm3-1': 10.97, 'm4-1': 108.69, 'm5-1': 26.17, 'm6-1': 24.42, 'm7-1': 113.18, 'm8-1': 9.8}",0.0,849.199,inf,849.199,841.943,841.943
769,T3,BESTEFFORT,MISSED,m1-1,732.43,"{'m1-1': 98.73, 'm2-1': 27.98, 'm3-1': 9.99, 'm4-1': 104.23, 'm5-1': 25.03, 'm6-1': 27.22, 'm7-1': 94.09, 'm8-1': 10.08}",0.0,849.199,inf,849.199,842.43,842.43
770,T5,BESTEFFORT,MISSED,m1-1,732.724,"{'m1-1': 101.3, 'm2-1': 25.3, 'm3-1': 10.26, 'm4-1': 94.87, 'm5-1': 23.24, 'm6-1': 27.32, 'm7-1': 100.21, 'm8-1': 10.87}",0.0,849.199,inf,849.199,842.724,842.724
771,T7,BESTEFFORT,COMPLETED,m8-1,732.741,"{'m1-1': 96.42, 'm2-1': 23.97, 'm3-1': 10.41, 'm4-1': 105.0, 'm5-1': 25.74, 'm6-1': 28.56, 'm7-1': 105.04, 'm8-1': 10.75}",16.125,831.501,842.251,inf,842.741,842.741
772,T3,BESTEFFORT,CANCELLED,,732.862,"{'m1-1': 104.01, 'm2-1': 28.55, 'm3-1': 10.25, 'm4-1': 93.25, 'm5-1': 25.29, 'm6-1': 25.81, 'm7-1': 107.53, 'm8-1': 10.18}",0.0,inf,inf,inf,842.862,842.862
773,T6,BESTEFFORT,CANCELLED,,733.783,"{'m1-1': 98.94, 'm2-1': 26.53, 'm3-1': 10.68, 'm4-1': 97.51, 'm5-1': 26.68, 'm6-1': 27.14, 'm7-1': 97.32, 'm8-1': 9.53}",0.0,inf,inf,inf,843.783,843.783
774,T1,BESTEFFORT,CANCELLED,,735.406,"{'m1-1': 109.19, 'm2-1': 27.64, 'm3-1': 10.62, 'm4-1': 108.43, 'm5-1': 23.76, 'm6-1': 24.76, 'm7-1': 114.37, 'm8-1': 11.23}",0.0,inf,inf,inf,845.406,845.406
775,T8,BESTEFFORT,MISSED,m4-1,736.255,"{'m1-1': 113.57, 'm2-1': 24.21, 'm3-1': 10.55, 'm4-1': 104.97, 'm5-1': 28.18, 'm6-1': 27.83, 'm7-1': 98.69, 'm8-1': 10.65}",0.0,941.786,inf,941.786,846.255,846.255
776,T3,BESTEFFORT,CANCELLED,,736.355,"{'m1-1': 109.76, 'm2-1': 24.45, 'm3-1': 10.22, 'm4-1': 97.94, 'm5-1': 26.95, 'm6-1': 26.78, 'm7-1': 104.7, 'm8-1': 9.52}",0.0,inf,inf,inf,846.355,846.355
777,T1,BESTEFFORT,CANCELLED,,736.859,"{'m1-1': 102.18, 'm2-1': 24.88, 'm3-1': 10.66, 'm4-1': 114.38, 'm5-1': 25.31, 'm6-1': 24.95, 'm7-1': 97.73, 'm8-1': 11.29}",0.0,inf,inf,inf,846.859,846.859
778,T7,BESTEFFORT,COMPLETED,m2-1,736.918,"{'m1-1': 97.78, 'm2-1': 24.08, 'm3-1': 9.88, 'm4-1': 95.0, 'm5-1': 24.87, 'm6-1': 26.36, 'm7-1': 107.92, 'm8-1': 10.99}",36.12,821.12,845.2,inf,846.918,846.918
779,T2,BESTEFFORT,MISSED,m4-1,736.942,"{'m1-1': 104.94, 'm2-1': 26.27, 'm3-1': 10.5, 'm4-1': 114.86, 'm5-1': 24.75, 'm6-1': 27.31, 'm7-1': 98.17, 'm8-1': 11.37}",0.0,941.786,inf,941.786,846.942,846.942
780,T8,BESTEFFORT,CANCELLED,,738.182,"{'m1-1': 114.25, 'm2-1': 23.47, 'm3-1': 10.11, 'm4-1': 103.78, 'm5-1': 26.37, 'm6-1': 28.66, 'm7-1': 99.37, 'm8-1': 10.1}",0.0,inf,inf,inf,848.182,848.182
781,T2,BESTEFFORT,MISSED,m3-1,739.018,"{'m1-1': 95.29, 'm2-1': 23.75, 'm3-1': 9.67, 'm4-1': 104.6, 'm5-1': 28.26, 'm6-1': 27.11, 'm7-1': 104.97, 'm8-1': 10.84}",13.48350000000005,840.029,inf,849.018,849.018,849.018
782,T1,BESTEFFORT,MISSED,m1-1,739.199,"{'m1-1': 103.63, 'm2-1': 26.49, 'm3-1': 10.78, 'm4-1': 107.21, 'm5-1': 24.17, 'm6-1': 25.97, 'm7-1': 104.3, 'm8-1': 10.6}",36.30449999999996,824.996,inf,849.199,849.199,849.199
783,T3,BESTEFFORT,COMPLETED,m8-1,742.623,"{'m1-1': 101.12, 'm2-1': 28.24, 'm3-1': 10.06, 'm4-1': 98.07, 'm5-1': 24.14, 'm6-1': 27.27, 'm7-1': 97.08, 'm8-1': 10.12}",15.18,842.251,852.371,inf,852.623,852.623
784,T4,BESTEFFORT,COMPLETED,m5-1,743.239,"{'m1-1': 103.66, 'm2-1': 25.32, 'm3-1': 9.16, 'm4-1': 108.8, 'm5-1': 26.7, 'm6-1': 27.07, 'm7-1': 109.36, 'm8-1': 10.88}",40.05,826.047,852.7470000000001,inf,853.239,853.239
785,T5,BESTEFFORT,MISSED,m1-1,745.247,"{'m1-1': 105.7, 'm2-1': 29.04, 'm3-1': 9.79, 'm4-1': 97.6, 'm5-1': 25.63, 'm6-1': 27.88, 'm7-1': 108.69, 'm8-1': 10.86}",0.0,955.279,inf,955.279,855.247,855.247
786,T6,BESTEFFORT,MISSED,m1-1,745.773,"{'m1-1': 111.32, 'm2-1': 25.84, 'm3-1': 9.49, 'm4-1': 109.56, 'm5-1': 26.77, 'm6-1': 23.74, 'm7-1': 99.83, 'm8-1': 10.13}",0.0,955.279,inf,955.279,855.773,855.773
787,T4,BESTEFFORT,MISSED,m6-1,746.893,"{'m1-1': 98.51, 'm2-1': 27.35, 'm3-1': 10.59, 'm4-1': 100.62, 'm5-1': 26.6, 'm6-1': 27.22, 'm7-1': 108.12, 'm8-1': 9.86}",38.67900000000009,831.107,inf,856.893,856.893,856.893
788,T2,BESTEFFORT,COMPLETED,m3-1,750.872,"{'m1-1': 94.32, 'm2-1': 23.18, 'm3-1': 10.74, 'm4-1': 108.66, 'm5-1': 27.88, 'm6-1': 28.59, 'm7-1': 102.33, 'm8-1': 10.35}",16.11,849.018,859.758,inf,860.872,860.872
789,T7,BESTEFFORT,CANCELLED,,752.909,"{'m1-1': 108.09, 'm2-1': 26.88, 'm3-1': 10.1, 'm4-1': 95.19, 'm5-1': 26.81, 'm6-1': 24.84, 'm7-1': 104.72, 'm8-1': 11.11}",0.0,inf,inf,inf,862.909,862.909
790,T10,BESTEFFORT,MISSED,m7-1,753.309,"{'m1-1': 112.5, 'm2-1': 26.7, 'm3-1': 9.36, 'm4-1': 111.26, 'm5-1': 27.9, 'm6-1': 27.88, 'm7-1': 111.2, 'm8-1': 9.7}",79.80449999999996,810.106,inf,863.309,863.309,863.309
791,T6,BESTEFFORT,MISSED,m7-1,755.565,"{'m1-1': 107.89, 'm2-1': 26.76, 'm3-1': 9.43, 'm4-1': 111.09, 'm5-1': 24.06, 'm6-1': 27.64, 'm7-1': 100.08, 'm8-1': 9.41}",0.0,926.589,inf,926.589,865.565,865.565
792,T4,BESTEFFORT,COMPLETED,m8-1,755.65,"{'m1-1': 116.94, 'm2-1': 24.45, 'm3-1': 10.34, 'm4-1': 102.21, 'm5-1': 27.34, 'm6-1': 25.67, 'm7-1': 99.03, 'm8-1': 10.05}",15.075000000000001,852.371,862.4209999999999,inf,865.65,865.65
793,T9,BESTEFFORT,MISSED,m1-1,756.826,"{'m1-1': 101.0, 'm2-1': 25.78, 'm3-1': 10.2, 'm4-1': 116.58, 'm5-1': 27.34, 'm6-1': 29.17, 'm7-1': 102.1, 'm8-1': 10.51}",0.0,955.279,inf,955.279,866.826,866.826
794,T10,BESTEFFORT,MISSED,m7-1,759.88,"{'m1-1': 108.99, 'm2-1': 25.6, 'm3-1': 10.9, 'm4-1': 104.67, 'm5-1': 25.8, 'm6-1': 24.6, 'm7-1': 100.51, 'm8-1': 10.03}",0.0,926.589,inf,926.589,869.88,869.88
795,T7,BESTEFFORT,COMPLETED,m3-1,761.258,"{'m1-1': 99.36, 'm2-1': 26.74, 'm3-1': 9.46, 'm4-1': 96.38, 'm5-1': 27.13, 'm6-1': 27.86, 'm7-1': 112.29, 'm8-1': 11.21}",14.190000000000001,859.758,869.2180000000001,inf,871.258,871.258
796,T1,BESTEFFORT,MISSED,m7-1,761.874,"{'m1-1': 104.22, 'm2-1': 27.49, 'm3-1': 10.34, 'm4-1': 113.46, 'm5-1': 24.91, 'm6-1': 24.19, 'm7-1': 98.23, 'm8-1': 10.22}",0.0,926.589,inf,926.589,871.874,871.874
797,T8,BESTEFFORT,COMPLETED,m2-1,766.033,"{'m1-1': 101.85, 'm2-1': 24.1, 'm3-1': 10.71, 'm4-1': 99.92, 'm5-1': 24.5, 'm6-1': 27.71, 'm7-1': 102.8, 'm8-1': 9.57}",36.150000000000006,845.2,869.3000000000001,inf,876.033,876.033
798,T6,BESTEFFORT,COMPLETED,m8-1,766.353,"{'m1-1': 113.62, 'm2-1': 24.63, 'm3-1': 10.01, 'm4-1': 99.33, 'm5-1': 25.89, 'm6-1': 27.14, 'm7-1': 107.19, 'm8-1': 9.84}",14.76,862.4209999999999,872.261,inf,876.353,876.353
799,T1,BESTEFFORT,CANCELLED,,767.404,"{'m1-1': 101.38, 'm2-1': 25.65, 'm3-1': 10.66, 'm4-1': 106.02, 'm5-1': 23.46, 'm6-1': 26.47, 'm7-1': 108.09, 'm8-1': 11.52}",0.0,inf,inf,inf,877.404,877.404
800,T8,BESTEFFORT,CANCELLED,,767.839,"{'m1-1': 110.47, 'm2-1': 25.36, 'm3-1': 10.86, 'm4-1': 101.23, 'm5-1': 24.73, 'm6-1': 29.47, 'm7-1': 102.63, 'm8-1': 11.14}",0.0,inf,inf,inf,877.839,877.839
801,T1,BESTEFFORT,COMPLETED,m5-1,770.354,"{'m1-1': 104.4, 'm2-1': 24.43, 'm3-1': 10.31, 'm4-1': 111.02, 'm5-1': 23.71, 'm6-1': 26.7, 'm7-1': 110.88, 'm8-1': 11.61}",35.565,852.7470000000001,876.4570000000001,inf,880.354,880.354
802,T4,BESTEFFORT,COMPLETED,m3-1,770.907,"{'m1-1': 102.31, 'm2-1': 24.38, 'm3-1': 9.37, 'm4-1': 98.13, 'm5-1': 23.69, 'm6-1': 24.64, 'm7-1': 96.55, 'm8-1': 10.11}",14.055,869.2180000000001,878.5880000000001,inf,880.907,880.907
803,T7,BESTEFFORT,CANCELLED,,772.503,"{'m1-1': 108.15, 'm2-1': 27.78, 'm3-1': 10.38, 'm4-1': 110.06, 'm5-1': 24.42, 'm6-1': 28.22, 'm7-1': 115.3, 'm8-1': 11.55}",0.0,inf,inf,inf,882.503,882.503
804,T10,BESTEFFORT,CANCELLED,,772.869,"{'m1-1': 102.88, 'm2-1': 25.6, 'm3-1': 10.14, 'm4-1': 109.73, 'm5-1': 26.81, 'm6-1': 26.41, 'm7-1': 112.34, 'm8-1': 10.93}",0.0,inf,inf,inf,882.869,882.869
805,T5,BESTEFFORT,CANCELLED,,773.556,"{'m1-1': 104.19, 'm2-1': 24.74, 'm3-1': 10.94, 'm4-1': 94.32, 'm5-1': 23.46, 'm6-1': 25.51, 'm7-1': 102.91, 'm8-1': 10.91}",0.0,inf,inf,inf,883.556,883.556
806,T5,BESTEFFORT,MISSED,m8-1,773.574,"{'m1-1': 94.6, 'm2-1': 28.89, 'm3-1': 9.64, 'm4-1': 107.76, 'm5-1': 25.81, 'm6-1': 27.83, 'm7-1': 97.74, 'm8-1': 11.56}",16.969499999999982,872.261,inf,883.574,883.574,883.574
807,T4,BESTEFFORT,COMPLETED,m6-1,773.951,"{'m1-1': 111.86, 'm2-1': 24.4, 'm3-1': 10.06, 'm4-1': 95.63, 'm5-1': 25.74, 'm6-1': 24.8, 'm7-1': 107.86, 'm8-1': 10.1}",37.2,856.893,881.693,inf,883.951,883.951
808,T10,BESTEFFORT,CANCELLED,,774.427,"{'m1-1': 109.95, 'm2-1': 26.64, 'm3-1': 10.96, 'm4-1': 107.04, 'm5-1': 25.49, 'm6-1': 24.1, 'm7-1': 100.52, 'm8-1': 10.64}",0.0,inf,inf,inf,884.427,884.427
809,T5,BESTEFFORT,CANCELLED,,775.153,"{'m1-1': 98.77, 'm2-1': 26.82, 'm3-1': 11.41, 'm4-1': 104.13, 'm5-1': 25.79, 'm6-1': 27.66, 'm7-1': 97.62, 'm8-1': 10.97}",0.0,inf,inf,inf,885.153,885.153
810,T2,BESTEFFORT,CANCELLED,,777.904,"{'m1-1': 102.85, 'm2-1': 24.68, 'm3-1': 9.77, 'm4-1': 109.85, 'm5-1': 24.24, 'm6-1': 27.22, 'm7-1': 96.6, 'm8-1': 10.8}",0.0,inf,inf,inf,887.904,887.904
811,T2,BESTEFFORT,CANCELLED,,778.321,"{'m1-1': 110.01, 'm2-1': 24.45, 'm3-1': 9.69, 'm4-1': 113.5, 'm5-1': 26.09, 'm6-1': 24.61, 'm7-1': 93.78, 'm8-1': 11.04}",0.0,inf,inf,inf,888.321,888.321
812,T5,BESTEFFORT,CANCELLED,,778.944,"{'m1-1': 98.8, 'm2-1': 28.36, 'm3-1': 9.87, 'm4-1': 98.37, 'm5-1': 24.71, 'm6-1': 25.18, 'm7-1': 99.67, 'm8-1': 9.98}",0.0,inf,inf,inf,888.944,888.944
813,T10,BESTEFFORT,COMPLETED,m3-1,779.662,"{'m1-1': 113.49, 'm2-1': 25.54, 'm3-1': 10.5, 'm4-1': 95.94, 'm5-1': 27.55, 'm6-1': 27.14, 'm7-1': 114.17, 'm8-1': 9.78}",15.75,878.5880000000001,889.0880000000001,inf,889.662,889.662
814,T1,BESTEFFORT,CANCELLED,,782.297,"{'m1-1': 99.35, 'm2-1': 24.91, 'm3-1': 10.27, 'm4-1': 105.48, 'm5-1': 24.89, 'm6-1': 24.62, 'm7-1': 107.95, 'm8-1': 10.67}",0.0,inf,inf,inf,892.297,892.297
815,T4,BESTEFFORT,CANCELLED,,784.078,"{'m1-1': 102.2, 'm2-1': 24.2, 'm3-1': 9.79, 'm4-1': 95.02, 'm5-1': 24.86, 'm6-1': 25.96, 'm7-1': 103.96, 'm8-1': 11.28}",0.0,inf,inf,inf,894.078,894.078
816,T10,BESTEFFORT,COMPLETED,m8-1,784.979,"{'m1-1': 112.13, 'm2-1': 24.81, 'm3-1': 10.44, 'm4-1': 102.77, 'm5-1': 28.31, 'm6-1': 26.25, 'm7-1': 117.75, 'm8-1': 11.24}",16.86,883.574,894.814,inf,894.979,894.979
817,T1,BESTEFFORT,CANCELLED,,790.466,"{'m1-1': 103.55, 'm2-1': 26.78, 'm3-1': 10.35, 'm4-1': 116.9, 'm5-1': 23.98, 'm6-1': 24.81, 'm7-1': 107.0, 'm8-1': 10.66}",0.0,inf,inf,inf,900.466,900.466
818,T8,BESTEFFORT,COMPLETED,m3-1,791.288,"{'m1-1': 110.71, 'm2-1': 24.01, 'm3-1': 10.37, 'm4-1': 113.79, 'm5-1': 27.07, 'm6-1': 29.27, 'm7-1': 107.59, 'm8-1': 11.18}",15.555,889.0880000000001,899.4580000000001,inf,901.288,901.288
819,T9,BESTEFFORT,COMPLETED,m2-1,791.991,"{'m1-1': 110.84, 'm2-1': 25.0, 'm3-1': 10.17, 'm4-1': 102.67, 'm5-1': 28.09, 'm6-1': 27.73, 'm7-1': 116.4, 'm8-1': 10.71}",37.5,869.3000000000001,894.3000000000001,inf,901.991,901.991
820,T6,BESTEFFORT,COMPLETED,m5-1,794.979,"{'m1-1': 103.16, 'm2-1': 24.66, 'm3-1': 10.64, 'm4-1': 103.12, 'm5-1': 26.93, 'm6-1': 25.69, 'm7-1': 115.08, 'm8-1': 9.82}",40.394999999999996,876.4570000000001,903.3870000000001,inf,904.979,904.979
821,T1,BESTEFFORT,COMPLETED,m8-1,796.112,"{'m1-1': 106.25, 'm2-1': 27.74, 'm3-1': 10.96, 'm4-1': 109.2, 'm5-1': 23.59, 'm6-1': 23.85, 'm7-1': 104.59, 'm8-1': 10.74}",16.11,894.814,905.554,inf,906.112,906.112
822,T4,BESTEFFORT,CANCELLED,,796.362,"{'m1-1': 110.16, 'm2-1': 27.11, 'm3-1': 10.32, 'm4-1': 101.94, 'm5-1': 24.38, 'm6-1': 26.54, 'm7-1': 107.18, 'm8-1': 11.35}",0.0,inf,inf,inf,906.362,906.362
823,T8,BESTEFFORT,CANCELLED,,796.915,"{'m1-1': 112.59, 'm2-1': 24.06, 'm3-1': 10.44, 'm4-1': 103.69, 'm5-1': 26.87, 'm6-1': 28.18, 'm7-1': 99.04, 'm8-1': 10.48}",0.0,inf,inf,inf,906.915,906.915
824,T1,BESTEFFORT,CANCELLED,,796.963,"{'m1-1': 107.08, 'm2-1': 26.62, 'm3-1': 9.79, 'm4-1': 117.02, 'm5-1': 23.15, 'm6-1': 24.49, 'm7-1': 106.14, 'm8-1': 9.89}",0.0,inf,inf,inf,906.963,906.963
825,T1,BESTEFFORT,CANCELLED,,797.501,"{'m1-1': 108.89, 'm2-1': 26.65, 'm3-1': 10.08, 'm4-1': 117.49, 'm5-1': 26.48, 'm6-1': 25.44, 'm7-1': 111.03, 'm8-1': 10.97}",0.0,inf,inf,inf,907.501,907.501
826,T7,BESTEFFORT,MISSED,m6-1,799.064,"{'m1-1': 108.84, 'm2-1': 24.67, 'm3-1': 10.47, 'm4-1': 105.21, 'm5-1': 27.55, 'm6-1': 28.44, 'm7-1': 112.31, 'm8-1': 9.99}",41.05649999999997,881.693,inf,909.064,909.064,909.064
827,T7,BESTEFFORT,CANCELLED,,799.676,"{'m1-1': 108.85, 'm2-1': 26.84, 'm3-1': 10.64, 'm4-1': 93.69, 'm5-1': 26.59, 'm6-1': 25.77, 'm7-1': 108.56, 'm8-1': 10.08}",0.0,inf,inf,inf,909.676,909.676
828,T10,BESTEFFORT,CANCELLED,,802.122,"{'m1-1': 103.46, 'm2-1': 27.1, 'm3-1': 9.67, 'm4-1': 109.98, 'm5-1': 28.12, 'm6-1': 27.16, 'm7-1': 110.93, 'm8-1': 10.32}",0.0,inf,inf,inf,912.122,912.122
829,T1,BESTEFFORT,COMPLETED,m3-1,802.736,"{'m1-1': 112.33, 'm2-1': 24.15, 'm3-1': 10.8, 'm4-1': 107.75, 'm5-1': 26.51, 'm6-1': 25.29, 'm7-1': 100.07, 'm8-1': 10.53}",16.200000000000003,899.4580000000001,910.258,inf,912.736,912.736
830,T5,BESTEFFORT,CANCELLED,,806.376,"{'m1-1': 99.44, 'm2-1': 27.09, 'm3-1': 11.19, 'm4-1': 95.86, 'm5-1': 26.0, 'm6-1': 25.09, 'm7-1': 103.18, 'm8-1': 11.04}",0.0,inf,inf,inf,916.376,916.376
831,T4,BESTEFFORT,MISSED,m8-1,806.67,"{'m1-1': 108.06, 'm2-1': 25.25, 'm3-1': 10.51, 'm4-1': 91.66, 'm5-1': 25.97, 'm6-1': 28.97, 'm7-1': 109.93, 'm8-1': 11.4}",16.673999999999978,905.554,inf,916.67,916.67,916.67
832,T10,BESTEFFORT,CANCELLED,,808.36,"{'m1-1': 104.78, 'm2-1': 24.96, 'm3-1': 10.77, 'm4-1': 95.45, 'm5-1': 26.91, 'm6-1': 23.75, 'm7-1': 109.93, 'm8-1': 11.36}",0.0,inf,inf,inf,918.36,918.36
833,T9,BESTEFFORT,CANCELLED,,808.746,"{'m1-1': 114.19, 'm2-1': 27.22, 'm3-1': 9.41, 'm4-1': 116.09, 'm5-1': 27.0, 'm6-1': 25.11, 'm7-1': 106.86, 'm8-1': 9.91}",0.0,inf,inf,inf,918.746,918.746
834,T8,BESTEFFORT,MISSED,m6-1,808.907,"{'m1-1': 107.46, 'm2-1': 24.25, 'm3-1': 10.25, 'm4-1': 110.08, 'm5-1': 24.79, 'm6-1': 27.08, 'm7-1': 100.44, 'm8-1': 10.07}",14.764500000000112,909.064,inf,918.907,918.907,918.907
835,T6,BESTEFFORT,COMPLETED,m3-1,810.752,"{'m1-1': 113.28, 'm2-1': 28.16, 'm3-1': 9.72, 'm4-1': 108.73, 'm5-1': 27.65, 'm6-1': 25.09, 'm7-1': 102.84, 'm8-1': 9.37}",14.580000000000002,910.258,919.9780000000001,inf,920.752,920.752
836,T5,BESTEFFORT,CANCELLED,,812.345,"{'m1-1': 102.72, 'm2-1': 26.41, 'm3-1': 11.26, 'm4-1': 94.22, 'm5-1': 25.58, 'm6-1': 28.32, 'm7-1': 110.78, 'm8-1': 10.68}",0.0,inf,inf,inf,922.345,922.345
837,T4,BESTEFFORT,CANCELLED,,812.484,"{'m1-1': 101.88, 'm2-1': 23.96, 'm3-1': 10.16, 'm4-1': 95.18, 'm5-1': 24.76, 'm6-1': 28.62, 'm7-1': 109.69, 'm8-1': 10.76}",0.0,inf,inf,inf,922.484,922.484
838,T5,BESTEFFORT,CANCELLED,,813.11,"{'m1-1': 102.5, 'm2-1': 27.29, 'm3-1': 11.17, 'm4-1': 107.46, 'm5-1': 26.91, 'm6-1': 24.43, 'm7-1': 109.56, 'm8-1': 11.44}",0.0,inf,inf,inf,923.11,923.11
839,T10,BESTEFFORT,CANCELLED,,813.908,"{'m1-1': 107.61, 'm2-1': 23.38, 'm3-1': 9.78, 'm4-1': 109.35, 'm5-1': 26.7, 'm6-1': 26.88, 'm7-1': 115.34, 'm8-1': 11.06}",0.0,inf,inf,inf,923.908,923.908
840,T1,BESTEFFORT,CANCELLED,,816.374,"{'m1-1': 102.22, 'm2-1': 25.44, 'm3-1': 9.9, 'm4-1': 115.55, 'm5-1': 23.07, 'm6-1': 23.67, 'm7-1': 103.16, 'm8-1': 11.26}",0.0,inf,inf,inf,926.374,926.374
841,T10,BESTEFFORT,MISSED,m7-1,816.589,"{'m1-1': 114.76, 'm2-1': 23.52, 'm3-1': 10.93, 'm4-1': 94.92, 'm5-1': 26.82, 'm6-1': 25.03, 'm7-1': 115.94, 'm8-1': 10.63}",94.92000000000013,863.309,inf,926.589,926.589,926.589
842,T1,BESTEFFORT,COMPLETED,m2-1,819.997,"{'m1-1': 112.16, 'm2-1': 25.74, 'm3-1': 10.24, 'm4-1': 101.81, 'm5-1': 23.95, 'm6-1': 27.53, 'm7-1': 109.88, 'm8-1': 11.37}",38.61,894.3000000000001,920.0400000000001,inf,929.997,929.997
843,T5,BESTEFFORT,COMPLETED,m5-1,821.65,"{'m1-1': 100.45, 'm2-1': 27.35, 'm3-1': 9.71, 'm4-1': 94.34, 'm5-1': 25.62, 'm6-1': 27.52, 'm7-1': 100.55, 'm8-1': 11.11}",38.43,903.3870000000001,929.0070000000001,inf,931.65,931.65
844,T10,BESTEFFORT,COMPLETED,m8-1,824.709,"{'m1-1': 111.42, 'm2-1': 23.62, 'm3-1': 9.97, 'm4-1': 107.9, 'm5-1': 26.08, 'm6-1': 25.74, 'm7-1': 112.92, 'm8-1': 9.94}",14.91,916.67,926.61,inf,934.709,934.709
845,T5,BESTEFFORT,COMPLETED,m3-1,826.348,"{'m1-1': 106.35, 'm2-1': 26.2, 'm3-1': 10.4, 'm4-1': 108.15, 'm5-1': 23.46, 'm6-1': 26.68, 'm7-1': 97.56, 'm8-1': 10.54}",15.600000000000001,919.9780000000001,930.378,inf,936.348,936.348
846,T1,BESTEFFORT,MISSED,m7-1,827.205,"{'m1-1': 99.53, 'm2-1': 27.21, 'm3-1': 9.96, 'm4-1': 107.21, 'm5-1': 25.84, 'm6-1': 26.12, 'm7-1': 111.72, 'm8-1': 11.32}",0.0,983.139,inf,983.139,937.205,937.205
847,T9,BESTEFFORT,MISSED,m7-1,829.327,"{'m1-1': 110.79, 'm2-1': 25.08, 'm3-1': 11.03, 'm4-1': 115.35, 'm5-1': 26.68, 'm6-1': 26.88, 'm7-1': 105.61, 'm8-1': 9.64}",0.0,983.139,inf,983.139,939.327,939.327
848,T4,BESTEFFORT,COMPLETED,m8-1,829.841,"{'m1-1': 109.01, 'm2-1': 24.54, 'm3-1': 9.36, 'm4-1': 95.54, 'm5-1': 27.5, 'm6-1': 29.01, 'm7-1': 105.54, 'm8-1': 10.13}",15.195,926.61,936.74,inf,939.841,939.841
849,T8,BESTEFFORT,MISSED,m4-1,831.786,"{'m1-1': 111.7, 'm2-1': 24.94, 'm3-1': 9.52, 'm4-1': 106.68, 'm5-1': 25.82, 'm6-1': 25.19, 'm7-1': 100.53, 'm8-1': 11.19}",150.13799999999998,841.694,inf,941.786,941.786,941.786
850,T9,BESTEFFORT,COMPLETED,m3-1,831.802,"{'m1-1': 102.53, 'm2-1': 28.82, 'm3-1': 9.54, 'm4-1': 114.1, 'm5-1': 27.6, 'm6-1': 24.81, 'm7-1': 102.36, 'm8-1': 10.74}",14.309999999999999,930.378,939.918,inf,941.802,941.802
851,T8,BESTEFFORT,MISSED,m4-1,833.782,"{'m1-1': 96.92, 'm2-1': 26.37, 'm3-1': 10.88, 'm4-1': 106.42, 'm5-1': 24.97, 'm6-1': 27.66, 'm7-1': 102.54, 'm8-1': 10.72}",0.0,960.59,inf,960.59,943.782,943.782
852,T1,BESTEFFORT,MISSED,m4-1,834.657,"{'m1-1': 95.88, 'm2-1': 27.53, 'm3-1': 9.48, 'm4-1': 105.45, 'm5-1': 24.68, 'm6-1': 24.47, 'm7-1': 104.51, 'm8-1': 10.08}",0.0,960.59,inf,960.59,944.657,944.657
853,T1,BESTEFFORT,MISSED,m7-1,835.565,"{'m1-1': 104.23, 'm2-1': 26.87, 'm3-1': 9.5, 'm4-1': 116.52, 'm5-1': 25.02, 'm6-1': 26.47, 'm7-1': 104.03, 'm8-1': 9.88}",0.0,983.139,inf,983.139,945.565,945.565
854,T5,BESTEFFORT,COMPLETED,m8-1,838.638,"{'m1-1': 107.73, 'm2-1': 26.08, 'm3-1': 11.18, 'm4-1': 99.61, 'm5-1': 24.19, 'm6-1': 27.32, 'm7-1': 94.1, 'm8-1': 10.07}",15.105,936.74,946.8100000000001,inf,948.638,948.638
855,T5,BESTEFFORT,COMPLETED,m6-1,840.246,"{'m1-1': 99.66, 'm2-1': 25.33, 'm3-1': 11.13, 'm4-1': 96.62, 'm5-1': 23.23, 'm6-1': 28.69, 'm7-1': 110.08, 'm8-1': 9.99}",43.035000000000004,918.907,947.5970000000001,inf,950.246,950.246
856,T9,BESTEFFORT,COMPLETED,m2-1,844.482,"{'m1-1': 109.91, 'm2-1': 27.33, 'm3-1': 10.58, 'm4-1': 114.35, 'm5-1': 27.6, 'm6-1': 26.79, 'm7-1': 106.35, 'm8-1': 9.74}",40.995,920.0400000000001,947.3700000000001,inf,954.482,954.482
857,T5,BESTEFFORT,COMPLETED,m5-1,848.375,"{'m1-1': 99.19, 'm2-1': 25.34, 'm3-1': 11.29, 'm4-1': 96.19, 'm5-1': 23.82, 'm6-1': 28.34, 'm7-1': 103.77, 'm8-1': 10.14}",35.730000000000004,929.0070000000001,952.8270000000001,inf,958.375,958.375
858,T8,BESTEFFORT,COMPLETED,m3-1,848.762,"{'m1-1': 106.84, 'm2-1': 27.35, 'm3-1': 9.9, 'm4-1': 107.77, 'm5-1': 24.77, 'm6-1': 25.23, 'm7-1': 101.71, 'm8-1': 10.43}",14.850000000000001,939.918,949.818,inf,958.762,958.762
859,T4,BESTEFFORT,COMPLETED,m1-1,848.869,"{'m1-1': 106.08, 'm2-1': 25.36, 'm3-1': 10.7, 'm4-1': 102.21, 'm5-1': 27.24, 'm6-1': 26.56, 'm7-1': 103.91, 'm8-1': 10.91}",159.12,849.199,955.279,inf,958.869,958.869
860,T7,BESTEFFORT,COMPLETED,m8-1,848.912,"{'m1-1': 97.83, 'm2-1': 26.02, 'm3-1': 10.97, 'm4-1': 99.13, 'm5-1': 27.72, 'm6-1': 27.73, 'm7-1': 102.73, 'm8-1': 11.07}",16.605,946.8100000000001,957.8800000000001,inf,958.912,958.912
861,T10,BESTEFFORT,MISSED,m4-1,849.526,"{'m1-1': 106.0, 'm2-1': 23.71, 'm3-1': 10.75, 'm4-1': 104.54, 'm5-1': 25.08, 'm6-1': 27.8, 'm7-1': 109.08, 'm8-1': 10.06}",0.0,960.59,inf,960.59,959.526,959.526
862,T6,BESTEFFORT,MISSED,m4-1,850.59,"{'m1-1': 97.8, 'm2-1': 27.13, 'm3-1': 10.13, 'm4-1': 100.0, 'm5-1': 24.02, 'm6-1': 23.38, 'm7-1': 110.42, 'm8-1': 10.88}",28.20600000000013,941.786,inf,960.59,960.59,960.59
863,T5,BESTEFFORT,COMPLETED,m3-1,852.106,"{'m1-1': 94.96, 'm2-1': 25.34, 'm3-1': 10.35, 'm4-1': 100.36, 'm5-1': 25.62, 'm6-1': 25.38, 'm7-1': 103.33, 'm8-1': 11.57}",15.524999999999999,949.818,960.168,inf,962.106,962.106
864,T1,BESTEFFORT,MISSED,m1-1,853.234,"{'m1-1': 109.04, 'm2-1': 28.35, 'm3-1': 10.62, 'm4-1': 112.05, 'm5-1': 26.89, 'm6-1': 23.5, 'm7-1': 108.08, 'm8-1': 10.59}",0.0,976.257,inf,976.257,963.234,963.234
865,T8,BESTEFFORT,COMPLETED,m8-1,860.304,"{'m1-1': 106.8, 'm2-1': 23.73, 'm3-1': 9.8, 'm4-1': 101.38, 'm5-1': 24.85, 'm6-1': 26.26, 'm7-1': 92.51, 'm8-1': 9.52}",14.28,957.8800000000001,967.4000000000001,inf,970.304,970.304
866,T1,BESTEFFORT,COMPLETED,m6-1,861.274,"{'m1-1': 109.37, 'm2-1': 24.58, 'm3-1': 10.35, 'm4-1': 101.44, 'm5-1': 26.96, 'm6-1': 23.55, 'm7-1': 113.15, 'm8-1': 10.18}",35.325,947.5970000000001,971.147,inf,971.274,971.274
867,T9,BESTEFFORT,COMPLETED,m3-1,862.475,"{'m1-1': 116.35, 'm2-1': 24.8, 'm3-1': 9.44, 'm4-1': 116.86, 'm5-1': 24.72, 'm6-1': 28.98, 'm7-1': 113.18, 'm8-1': 9.85}",14.16,960.168,969.6080000000001,inf,972.475,972.475
868,T8,BESTEFFORT,MISSED,m1-1,864.948,"{'m1-1': 107.27, 'm2-1': 25.53, 'm3-1': 10.67, 'm4-1': 110.77, 'm5-1': 25.34, 'm6-1': 29.65, 'm7-1': 104.35, 'm8-1': 11.0}",0.0,976.257,inf,976.257,974.948,974.948
869,T4,BESTEFFORT,MISSED,m1-1,866.257,"{'m1-1': 102.69, 'm2-1': 26.19, 'm3-1': 10.45, 'm4-1': 91.73, 'm5-1': 27.31, 'm6-1': 29.07, 'm7-1': 98.0, 'm8-1': 11.39}",31.466999999999928,955.279,inf,976.257,976.257,976.257
870,T5,BESTEFFORT,MISSED,m1-1,866.298,"{'m1-1': 103.53, 'm2-1': 28.5, 'm3-1': 10.15, 'm4-1': 104.84, 'm5-1': 23.0, 'm6-1': 24.6, 'm7-1': 107.03, 'm8-1': 10.24}",0.06150000000008049,976.257,inf,976.298,976.298,976.298
871,T9,BESTEFFORT,MISSED,m5-1,866.634,"{'m1-1': 111.4, 'm2-1': 24.41, 'm3-1': 10.0, 'm4-1': 106.67, 'm5-1': 25.31, 'm6-1': 29.46, 'm7-1': 104.1, 'm8-1': 10.19}",35.710499999999854,952.8270000000001,inf,976.634,976.634,976.634
872,T5,BESTEFFORT,MISSED,m4-1,866.804,"{'m1-1': 99.41, 'm2-1': 26.12, 'm3-1': 9.98, 'm4-1': 102.44, 'm5-1': 26.64, 'm6-1': 26.97, 'm7-1': 94.82, 'm8-1': 10.68}",0.0,1067.893,inf,1067.893,976.804,976.804
873,T5,BESTEFFORT,COMPLETED,m2-1,867.286,"{'m1-1': 103.21, 'm2-1': 25.28, 'm3-1': 11.12, 'm4-1': 97.34, 'm5-1': 24.26, 'm6-1': 26.59, 'm7-1': 102.62, 'm8-1': 10.74}",37.92,947.3700000000001,972.6500000000001,inf,977.286,977.286
874,T5,BESTEFFORT,COMPLETED,m8-1,872.444,"{'m1-1': 105.78, 'm2-1': 26.2, 'm3-1': 10.56, 'm4-1': 106.37, 'm5-1': 24.55, 'm6-1': 27.67, 'm7-1': 101.06, 'm8-1': 11.04}",16.56,967.4000000000001,978.44,inf,982.444,982.444
875,T4,BESTEFFORT,MISSED,m7-1,873.139,"{'m1-1': 100.46, 'm2-1': 26.93, 'm3-1': 10.45, 'm4-1': 102.24, 'm5-1': 25.73, 'm6-1': 26.68, 'm7-1': 95.4, 'm8-1': 11.17}",84.82499999999993,926.589,inf,983.139,983.139,983.139
876,T7,BESTEFFORT,COMPLETED,m3-1,874.278,"{'m1-1': 98.81, 'm2-1': 24.5, 'm3-1': 9.59, 'm4-1': 107.68, 'm5-1': 26.83, 'm6-1': 27.58, 'm7-1': 111.29, 'm8-1': 10.89}",14.385,969.6080000000001,979.1980000000001,inf,984.278,984.278
877,T1,BESTEFFORT,MISSED,m4-1,876.71,"{'m1-1': 110.49, 'm2-1': 27.98, 'm3-1': 10.3, 'm4-1': 100.63, 'm5-1': 25.05, 'm6-1': 23.71, 'm7-1': 113.53, 'm8-1': 11.6}",0.0,1067.893,inf,1067.893,986.71,986.71
878,T1,BESTEFFORT,MISSED,m4-1,879.131,"{'m1-1': 110.88, 'm2-1': 26.02, 'm3-1': 9.57, 'm4-1': 105.59, 'm5-1': 25.97, 'm6-1': 25.36, 'm7-1': 109.1, 'm8-1': 10.93}",0.0,1067.893,inf,1067.893,989.131,989.131
879,T10,BESTEFFORT,COMPLETED,m3-1,880.563,"{'m1-1': 101.44, 'm2-1': 27.47, 'm3-1': 9.87, 'm4-1': 105.58, 'm5-1': 25.37, 'm6-1': 25.23, 'm7-1': 103.71, 'm8-1': 10.8}",14.805,979.1980000000001,989.0680000000001,inf,990.563,990.563
880,T8,BESTEFFORT,COMPLETED,m8-1,880.765,"{'m1-1': 98.84, 'm2-1': 25.84, 'm3-1': 9.58, 'm4-1': 97.19, 'm5-1': 24.79, 'm6-1': 28.24, 'm7-1': 97.58, 'm8-1': 10.07}",15.105,978.44,988.5100000000001,inf,990.765,990.765
881,T4,BESTEFFORT,MISSED,m7-1,884.803,"{'m1-1': 100.75, 'm2-1': 26.61, 'm3-1': 9.35, 'm4-1': 95.36, 'm5-1': 24.93, 'm6-1': 24.61, 'm7-1': 102.88, 'm8-1': 10.18}",0.0,1058.339,inf,1058.339,994.803,994.803
882,T5,BESTEFFORT,MISSED,m1-1,885.329,"{'m1-1': 94.36, 'm2-1': 25.69, 'm3-1': 9.68, 'm4-1': 105.36, 'm5-1': 25.42, 'm6-1': 25.37, 'm7-1': 97.62, 'm8-1': 10.26}",0.0,1080.938,inf,1080.938,995.329,995.329
883,T6,BESTEFFORT,MISSED,m1-1,886.409,"{'m1-1': 112.69, 'm2-1': 28.3, 'm3-1': 9.56, 'm4-1': 101.39, 'm5-1': 26.09, 'm6-1': 26.77, 'm7-1': 103.17, 'm8-1': 9.49}",0.0,1080.938,inf,1080.938,996.409,996.409
884,T6,BESTEFFORT,MISSED,m7-1,888.133,"{'m1-1': 107.51, 'm2-1': 28.88, 'm3-1': 9.61, 'm4-1': 107.87, 'm5-1': 23.97, 'm6-1': 23.78, 'm7-1': 103.08, 'm8-1': 10.83}",0.0,1058.339,inf,1058.339,998.133,998.133
885,T9,BESTEFFORT,MISSED,m1-1,888.745,"{'m1-1': 102.91, 'm2-1': 26.3, 'm3-1': 10.03, 'm4-1': 104.24, 'm5-1': 24.49, 'm6-1': 29.37, 'm7-1': 101.14, 'm8-1': 10.09}",0.0,1080.938,inf,1080.938,998.745,998.745
886,T9,BESTEFFORT,COMPLETED,m6-1,888.949,"{'m1-1': 116.59, 'm2-1': 28.21, 'm3-1': 10.48, 'm4-1': 110.32, 'm5-1': 26.3, 'm6-1': 27.72, 'm7-1': 100.13, 'm8-1': 10.53}",41.58,971.147,998.8670000000001,inf,998.949,998.949
887,T5,BESTEFFORT,COMPLETED,m8-1,891.143,"{'m1-1': 99.83, 'm2-1': 27.3, 'm3-1': 9.67, 'm4-1': 93.1, 'm5-1': 25.65, 'm6-1': 27.01, 'm7-1': 105.78, 'm8-1': 11.34}",17.009999999999998,988.5100000000001,999.8500000000001,inf,1001.143,1001.143
888,T7,BESTEFFORT,COMPLETED,m2-1,893.621,"{'m1-1': 105.48, 'm2-1': 23.68, 'm3-1': 10.62, 'm4-1': 96.61, 'm5-1': 25.97, 'm6-1': 27.35, 'm7-1': 103.27, 'm8-1': 10.5}",35.519999999999996,972.6500000000001,996.33,inf,1003.621,1003.621
889,T9,BESTEFFORT,COMPLETED,m5-1,896.881,"{'m1-1': 110.82, 'm2-1': 24.96, 'm3-1': 10.17, 'm4-1': 115.51, 'm5-1': 27.38, 'm6-1': 26.87, 'm7-1': 101.68, 'm8-1': 10.46}",41.07,976.634,1004.014,inf,1006.881,1006.881
890,T7,BESTEFFORT,COMPLETED,m3-1,897.368,"{'m1-1': 97.98, 'm2-1': 24.18, 'm3-1': 9.43, 'm4-1': 102.39, 'm5-1': 24.28, 'm6-1': 28.45, 'm7-1': 107.79, 'm8-1': 10.58}",14.145,989.0680000000001,998.498,inf,1007.368,1007.368
891,T10,BESTEFFORT,MISSED,m7-1,898.499,"{'m1-1': 108.64, 'm2-1': 25.44, 'm3-1': 10.47, 'm4-1': 104.95, 'm5-1': 25.08, 'm6-1': 24.74, 'm7-1': 100.59, 'm8-1': 10.33}",0.0,1058.339,inf,1058.339,1008.499,1008.499
892,T5,BESTEFFORT,CANCELLED,,899.035,"{'m1-1': 103.13, 'm2-1': 26.2, 'm3-1': 9.68, 'm4-1': 95.96, 'm5-1': 25.46, 'm6-1': 25.83, 'm7-1': 98.56, 'm8-1': 10.78}",0.0,inf,inf,inf,1009.035,1009.035
893,T7,BESTEFFORT,COMPLETED,m8-1,900.857,"{'m1-1': 109.24, 'm2-1': 26.73, 'm3-1': 10.29, 'm4-1': 95.87, 'm5-1': 25.89, 'm6-1': 24.66, 'm7-1': 118.5, 'm8-1': 10.62}",15.93,999.8500000000001,1010.4700000000001,inf,1010.857,1010.857
894,T8,BESTEFFORT,CANCELLED,,901.158,"{'m1-1': 109.87, 'm2-1': 26.59, 'm3-1': 10.94, 'm4-1': 98.03, 'm5-1': 27.31, 'm6-1': 28.62, 'm7-1': 107.89, 'm8-1': 9.54}",0.0,inf,inf,inf,1011.158,1011.158
895,T6,BESTEFFORT,COMPLETED,m3-1,901.208,"{'m1-1': 100.84, 'm2-1': 28.82, 'm3-1': 9.45, 'm4-1': 108.34, 'm5-1': 24.95, 'm6-1': 24.96, 'm7-1': 109.31, 'm8-1': 10.71}",14.174999999999999,998.498,1007.9480000000001,inf,1011.208,1011.208
896,T10,BESTEFFORT,CANCELLED,,902.294,"{'m1-1': 110.66, 'm2-1': 24.46, 'm3-1': 10.01, 'm4-1': 97.06, 'm5-1': 28.31, 'm6-1': 23.52, 'm7-1': 105.87, 'm8-1': 9.91}",0.0,inf,inf,inf,1012.294,1012.294
897,T1,BESTEFFORT,CANCELLED,,905.301,"{'m1-1': 109.12, 'm2-1': 25.9, 'm3-1': 10.67, 'm4-1': 103.09, 'm5-1': 24.04, 'm6-1': 27.75, 'm7-1': 105.73, 'm8-1': 10.61}",0.0,inf,inf,inf,1015.301,1015.301
898,T4,BESTEFFORT,CANCELLED,,906.288,"{'m1-1': 108.45, 'm2-1': 24.7, 'm3-1': 9.35, 'm4-1': 103.24, 'm5-1': 25.05, 'm6-1': 27.97, 'm7-1': 102.22, 'm8-1': 10.28}",0.0,inf,inf,inf,1016.288,1016.288
899,T5,BESTEFFORT,CANCELLED,,908.4,"{'m1-1': 98.98, 'm2-1': 27.89, 'm3-1': 10.69, 'm4-1': 95.36, 'm5-1': 26.41, 'm6-1': 27.38, 'm7-1': 108.96, 'm8-1': 11.06}",0.0,inf,inf,inf,1018.4,1018.4
900,T7,BESTEFFORT,COMPLETED,m3-1,909.716,"{'m1-1': 95.14, 'm2-1': 26.64, 'm3-1': 10.07, 'm4-1': 108.22, 'm5-1': 27.51, 'm6-1': 25.28, 'm7-1': 100.9, 'm8-1': 11.08}",15.105,1007.9480000000001,1018.0180000000001,inf,1019.716,1019.716
901,T10,BESTEFFORT,MISSED,m2-1,910.646,"{'m1-1': 100.84, 'm2-1': 27.2, 'm3-1': 9.48, 'm4-1': 101.3, 'm5-1': 26.9, 'm6-1': 26.64, 'm7-1': 115.13, 'm8-1': 10.76}",36.473999999999876,996.33,inf,1020.646,1020.646,1020.646
902,T9,BESTEFFORT,CANCELLED,,911.235,"{'m1-1': 114.17, 'm2-1': 28.32, 'm3-1': 11.0, 'm4-1': 115.41, 'm5-1': 25.32, 'm6-1': 26.95, 'm7-1': 103.5, 'm8-1': 10.15}",0.0,inf,inf,inf,1021.235,1021.235
903,T4,BESTEFFORT,CANCELLED,,911.481,"{'m1-1': 99.1, 'm2-1': 26.19, 'm3-1': 10.5, 'm4-1': 97.21, 'm5-1': 25.02, 'm6-1': 26.34, 'm7-1': 99.38, 'm8-1': 9.93}",0.0,inf,inf,inf,1021.481,1021.481
904,T7,BESTEFFORT,COMPLETED,m8-1,911.958,"{'m1-1': 102.03, 'm2-1': 25.39, 'm3-1': 10.76, 'm4-1': 104.21, 'm5-1': 23.64, 'm6-1': 27.73, 'm7-1': 116.42, 'm8-1': 10.98}",16.47,1010.4700000000001,1021.4500000000002,inf,1021.958,1021.958
905,T5,BESTEFFORT,CANCELLED,,912.631,"{'m1-1': 108.97, 'm2-1': 25.84, 'm3-1': 11.06, 'm4-1': 98.33, 'm5-1': 26.14, 'm6-1': 28.59, 'm7-1': 102.69, 'm8-1': 10.84}",0.0,inf,inf,inf,1022.631,1022.631
906,T5,BESTEFFORT,MISSED,m6-1,913.211,"{'m1-1': 102.4, 'm2-1': 27.42, 'm3-1': 11.29, 'm4-1': 96.61, 'm5-1': 25.81, 'm6-1': 27.74, 'm7-1': 97.36, 'm8-1': 11.09}",0.0,1103.7559999999999,inf,1103.7559999999999,1023.211,1023.211
907,T6,BESTEFFORT,MISSED,m6-1,915.074,"{'m1-1': 100.69, 'm2-1': 28.54, 'm3-1': 11.0, 'm4-1': 106.12, 'm5-1': 27.64, 'm6-1': 27.33, 'm7-1': 106.43, 'm8-1': 10.64}",39.31049999999999,998.8670000000001,inf,1025.074,1025.074,1025.074
908,T4,BESTEFFORT,CANCELLED,,915.467,"{'m1-1': 101.37, 'm2-1': 23.72, 'm3-1': 9.4, 'm4-1': 108.66, 'm5-1': 25.04, 'm6-1': 27.85, 'm7-1': 111.07, 'm8-1': 10.41}",0.0,inf,inf,inf,1025.467,1025.467
909,T7,BESTEFFORT,CANCELLED,,916.404,"{'m1-1': 105.42, 'm2-1': 27.27, 'm3-1': 10.13, 'm4-1': 101.89, 'm5-1': 24.35, 'm6-1': 27.94, 'm7-1': 105.16, 'm8-1': 10.76}",0.0,inf,inf,inf,1026.404,1026.404
910,T9,BESTEFFORT,CANCELLED,,917.542,"{'m1-1': 104.98, 'm2-1': 25.96, 'm3-1': 9.71, 'm4-1': 106.41, 'm5-1': 26.66, 'm6-1': 29.03, 'm7-1': 102.91, 'm8-1': 9.74}",0.0,inf,inf,inf,1027.542,1027.542
911,T9,BESTEFFORT,COMPLETED,m3-1,918.382,"{'m1-1': 114.94, 'm2-1': 26.78, 'm3-1': 10.14, 'm4-1': 107.21, 'm5-1': 27.59, 'm6-1': 29.47, 'm7-1': 108.07, 'm8-1': 10.89}",15.21,1018.0180000000001,1028.1580000000001,inf,1028.382,1028.382
912,T4,BESTEFFORT,CANCELLED,,920.048,"{'m1-1': 111.35, 'm2-1': 26.82, 'm3-1': 9.74, 'm4-1': 96.14, 'm5-1': 24.79, 'm6-1': 28.58, 'm7-1': 102.37, 'm8-1': 10.02}",0.0,inf,inf,inf,1030.048,1030.048
913,T4,BESTEFFORT,CANCELLED,,920.077,"{'m1-1': 99.18, 'm2-1': 24.78, 'm3-1': 9.2, 'm4-1': 100.62, 'm5-1': 25.25, 'm6-1': 27.09, 'm7-1': 111.41, 'm8-1': 10.64}",0.0,inf,inf,inf,1030.077,1030.077
914,T9,BESTEFFORT,CANCELLED,,921.513,"{'m1-1': 109.42, 'm2-1': 25.72, 'm3-1': 9.95, 'm4-1': 114.76, 'm5-1': 25.2, 'm6-1': 28.26, 'm7-1': 109.91, 'm8-1': 10.51}",0.0,inf,inf,inf,1031.513,1031.513
915,T9,BESTEFFORT,COMPLETED,m5-1,922.983,"{'m1-1': 104.98, 'm2-1': 25.73, 'm3-1': 9.6, 'm4-1': 101.53, 'm5-1': 24.16, 'm6-1': 25.92, 'm7-1': 106.28, 'm8-1': 9.85}",36.24,1004.014,1028.174,inf,1032.983,1032.983
916,T10,BESTEFFORT,CANCELLED,,924.214,"{'m1-1': 97.9, 'm2-1': 23.87, 'm3-1': 10.29, 'm4-1': 100.06, 'm5-1': 25.31, 'm6-1': 26.88, 'm7-1': 116.43, 'm8-1': 10.66}",0.0,inf,inf,inf,1034.214,1034.214
917,T10,BESTEFFORT,COMPLETED,m8-1,924.586,"{'m1-1': 104.23, 'm2-1': 26.0, 'm3-1': 9.66, 'm4-1': 110.41, 'm5-1': 25.96, 'm6-1': 27.2, 'm7-1': 116.55, 'm8-1': 11.31}",16.965,1021.4500000000002,1032.7600000000002,inf,1034.586,1034.586
918,T7,BESTEFFORT,CANCELLED,,925.655,"{'m1-1': 109.42, 'm2-1': 26.02, 'm3-1': 10.05, 'm4-1': 106.65, 'm5-1': 23.78, 'm6-1': 28.01, 'm7-1': 104.46, 'm8-1': 11.26}",0.0,inf,inf,inf,1035.655,1035.655
919,T9,BESTEFFORT,CANCELLED,,926.258,"{'m1-1': 108.6, 'm2-1': 28.32, 'm3-1': 9.89, 'm4-1': 110.08, 'm5-1': 27.12, 'm6-1': 29.29, 'm7-1': 110.16, 'm8-1': 10.85}",0.0,inf,inf,inf,1036.258,1036.258
920,T4,BESTEFFORT,CANCELLED,,927.894,"{'m1-1': 108.42, 'm2-1': 26.53, 'm3-1': 9.49, 'm4-1': 101.29, 'm5-1': 25.21, 'm6-1': 29.07, 'm7-1': 108.96, 'm8-1': 10.86}",0.0,inf,inf,inf,1037.894,1037.894
921,T9,BESTEFFORT,MISSED,m3-1,928.636,"{'m1-1': 117.0, 'm2-1': 27.76, 'm3-1': 10.94, 'm4-1': 116.18, 'm5-1': 23.94, 'm6-1': 26.32, 'm7-1': 105.75, 'm8-1': 10.79}",15.716999999999757,1028.1580000000001,inf,1038.636,1038.636,1038.636
922,T4,BESTEFFORT,CANCELLED,,930.384,"{'m1-1': 113.1, 'm2-1': 25.03, 'm3-1': 9.81, 'm4-1': 104.38, 'm5-1': 25.18, 'm6-1': 27.66, 'm7-1': 111.69, 'm8-1': 9.9}",0.0,inf,inf,inf,1040.384,1040.384
923,T7,BESTEFFORT,CANCELLED,,930.936,"{'m1-1': 101.55, 'm2-1': 25.68, 'm3-1': 10.86, 'm4-1': 96.01, 'm5-1': 24.81, 'm6-1': 26.28, 'm7-1': 106.82, 'm8-1': 11.61}",0.0,inf,inf,inf,1040.9360000000001,1040.9360000000001
924,T7,BESTEFFORT,CANCELLED,,932.355,"{'m1-1': 101.22, 'm2-1': 23.87, 'm3-1': 10.68, 'm4-1': 94.8, 'm5-1': 24.85, 'm6-1': 28.27, 'm7-1': 110.69, 'm8-1': 10.82}",0.0,inf,inf,inf,1042.355,1042.355
925,T6,BESTEFFORT,MISSED,m8-1,933.047,"{'m1-1': 114.7, 'm2-1': 24.82, 'm3-1': 10.51, 'm4-1': 114.32, 'm5-1': 24.05, 'm6-1': 24.72, 'm7-1': 111.67, 'm8-1': 10.9}",15.43049999999971,1032.7600000000002,inf,1043.047,1043.047,1043.047
926,T10,BESTEFFORT,COMPLETED,m2-1,942.236,"{'m1-1': 100.01, 'm2-1': 27.18, 'm3-1': 10.83, 'm4-1': 106.68, 'm5-1': 27.22, 'm6-1': 26.5, 'm7-1': 117.73, 'm8-1': 10.11}",40.769999999999996,1020.646,1047.826,inf,1052.2359999999999,1052.2359999999999
927,T7,BESTEFFORT,COMPLETED,m6-1,945.547,"{'m1-1': 104.66, 'm2-1': 25.74, 'm3-1': 10.96, 'm4-1': 95.0, 'm5-1': 23.92, 'm6-1': 28.48, 'm7-1': 106.85, 'm8-1': 10.27}",42.72,1025.074,1053.554,inf,1055.547,1055.547
928,T4,BESTEFFORT,MISSED,m7-1,948.339,"{'m1-1': 111.63, 'm2-1': 24.75, 'm3-1': 9.37, 'm4-1': 103.26, 'm5-1': 27.48, 'm6-1': 27.44, 'm7-1': 97.77, 'm8-1': 10.06}",112.7999999999999,983.139,inf,1058.339,1058.339,1058.339
929,T5,BESTEFFORT,COMPLETED,m5-1,949.979,"{'m1-1': 94.41, 'm2-1': 25.42, 'm3-1': 10.02, 'm4-1': 107.23, 'm5-1': 25.05, 'm6-1': 28.16, 'm7-1': 94.82, 'm8-1': 10.62}",37.575,1028.174,1053.224,inf,1059.979,1059.979
930,T9,BESTEFFORT,COMPLETED,m3-1,952.647,"{'m1-1': 102.82, 'm2-1': 26.3, 'm3-1': 9.47, 'm4-1': 105.07, 'm5-1': 27.38, 'm6-1': 27.86, 'm7-1': 117.07, 'm8-1': 10.34}",14.205000000000002,1038.636,1048.106,inf,1062.647,1062.647
931,T5,BESTEFFORT,COMPLETED,m8-1,953.527,"{'m1-1': 103.54, 'm2-1': 29.23, 'm3-1': 10.69, 'm4-1': 107.53, 'm5-1': 24.66, 'm6-1': 25.89, 'm7-1': 96.95, 'm8-1': 10.5}",15.75,1043.047,1053.547,inf,1063.527,1063.527
932,T4,BESTEFFORT,MISSED,m4-1,957.893,"{'m1-1': 99.26, 'm2-1': 26.14, 'm3-1': 9.62, 'm4-1': 108.6, 'm5-1': 26.58, 'm6-1': 25.74, 'm7-1': 112.84, 'm8-1': 10.33}",160.9545,960.59,inf,1067.893,1067.893,1067.893
933,T7,BESTEFFORT,COMPLETED,m3-1,958.852,"{'m1-1': 105.18, 'm2-1': 25.36, 'm3-1': 9.9, 'm4-1': 108.75, 'm5-1': 24.89, 'm6-1': 26.34, 'm7-1': 103.64, 'm8-1': 11.5}",14.850000000000001,1048.106,1058.006,inf,1068.8519999999999,1068.8519999999999
934,T6,BESTEFFORT,COMPLETED,m8-1,962.007,"{'m1-1': 99.18, 'm2-1': 27.58, 'm3-1': 9.98, 'm4-1': 101.0, 'm5-1': 24.71, 'm6-1': 26.25, 'm7-1': 101.49, 'm8-1': 10.5}",15.75,1053.547,1064.047,inf,1072.007,1072.007
935,T10,BESTEFFORT,COMPLETED,m3-1,963.88,"{'m1-1': 109.56, 'm2-1': 25.5, 'm3-1': 10.56, 'm4-1': 98.25, 'm5-1': 24.42, 'm6-1': 27.88, 'm7-1': 114.42, 'm8-1': 10.27}",15.84,1058.006,1068.566,inf,1073.88,1073.88
936,T7,BESTEFFORT,COMPLETED,m2-1,963.988,"{'m1-1': 98.4, 'm2-1': 25.38, 'm3-1': 10.42, 'm4-1': 110.41, 'm5-1': 26.14, 'm6-1': 26.18, 'm7-1': 104.3, 'm8-1': 10.64}",38.07,1047.826,1073.2060000000001,inf,1073.988,1073.988
937,T10,BESTEFFORT,MISSED,m8-1,963.992,"{'m1-1': 114.22, 'm2-1': 23.41, 'm3-1': 9.8, 'm4-1': 96.75, 'm5-1': 28.27, 'm6-1': 23.87, 'm7-1': 106.52, 'm8-1': 10.92}",14.917499999999905,1064.047,inf,1073.992,1073.992,1073.992
938,T4,BESTEFFORT,COMPLETED,m6-1,970.603,"{'m1-1': 98.62, 'm2-1': 23.82, 'm3-1': 9.33, 'm4-1': 103.29, 'm5-1': 24.88, 'm6-1': 24.54, 'm7-1': 103.47, 'm8-1': 10.78}",36.81,1053.554,1078.094,inf,1080.603,1080.603
939,T5,BESTEFFORT,COMPLETED,m1-1,972.377,"{'m1-1': 104.64, 'm2-1': 29.07, 'm3-1': 10.02, 'm4-1': 97.75, 'm5-1': 23.84, 'm6-1': 25.24, 'm7-1': 105.78, 'm8-1': 10.36}",156.96,976.298,1080.938,inf,1082.377,1082.377
940,T5,BESTEFFORT,COMPLETED,m5-1,973.146,"{'m1-1': 99.66, 'm2-1': 27.46, 'm3-1': 10.91, 'm4-1': 94.39, 'm5-1': 25.34, 'm6-1': 26.3, 'm7-1': 100.93, 'm8-1': 10.97}",38.01,1053.224,1078.5639999999999,inf,1083.146,1083.146
941,T6,BESTEFFORT,COMPLETED,m3-1,975.828,"{'m1-1': 110.81, 'm2-1': 25.52, 'm3-1': 9.79, 'm4-1': 110.95, 'm5-1': 27.64, 'm6-1': 25.39, 'm7-1': 105.08, 'm8-1': 9.99}",14.684999999999999,1068.566,1078.356,inf,1085.828,1085.828
942,T10,BESTEFFORT,COMPLETED,m8-1,976.627,"{'m1-1': 104.9, 'm2-1': 23.52, 'm3-1': 9.77, 'm4-1': 99.05, 'm5-1': 26.59, 'm6-1': 25.42, 'm7-1': 100.32, 'm8-1': 9.6}",14.399999999999999,1073.992,1083.5919999999999,inf,1086.627,1086.627
943,T6,BESTEFFORT,MISSED,m2-1,977.783,"{'m1-1': 101.93, 'm2-1': 26.44, 'm3-1': 10.65, 'm4-1': 102.72, 'm5-1': 25.92, 'm6-1': 25.18, 'm7-1': 97.6, 'm8-1': 10.5}",0.0,1124.879,inf,1124.879,1087.783,1087.783
944,T4,BESTEFFORT,MISSED,m7-1,978.368,"{'m1-1': 108.85, 'm2-1': 26.37, 'm3-1': 10.5, 'm4-1': 99.2, 'm5-1': 27.53, 'm6-1': 28.2, 'm7-1': 102.65, 'm8-1': 10.29}",0.0,1120.8029999999999,inf,1120.8029999999999,1088.368,1088.368
945,T10,BESTEFFORT,COMPLETED,m3-1,980.648,"{'m1-1': 113.77, 'm2-1': 23.18, 'm3-1': 9.58, 'm4-1': 94.43, 'm5-1': 26.48, 'm6-1': 23.76, 'm7-1': 107.5, 'm8-1': 11.31}",14.370000000000001,1078.356,1087.936,inf,1090.6480000000001,1090.6480000000001
946,T5,BESTEFFORT,MISSED,m7-1,983.019,"{'m1-1': 110.15, 'm2-1': 26.04, 'm3-1': 9.98, 'm4-1': 105.55, 'm5-1': 26.08, 'm6-1': 26.24, 'm7-1': 103.09, 'm8-1': 11.58}",0.0,1120.8029999999999,inf,1120.8029999999999,1093.019,1093.019
947,T5,BESTEFFORT,MISSED,m7-1,984.49,"{'m1-1': 94.41, 'm2-1': 26.2, 'm3-1': 10.71, 'm4-1': 106.37, 'm5-1': 25.12, 'm6-1': 26.14, 'm7-1': 99.04, 'm8-1': 10.71}",0.0,1120.8029999999999,inf,1120.8029999999999,1094.49,1094.49
948,T4,BESTEFFORT,COMPLETED,m8-1,985.408,"{'m1-1': 114.86, 'm2-1': 23.83, 'm3-1': 9.21, 'm4-1': 101.84, 'm5-1': 26.6, 'm6-1': 28.24, 'm7-1': 102.37, 'm8-1': 11.07}",16.605,1083.5919999999999,1094.6619999999998,inf,1095.408,1095.408
949,T7,BESTEFFORT,COMPLETED,m2-1,990.786,"{'m1-1': 108.97, 'm2-1': 27.46, 'm3-1': 10.27, 'm4-1': 93.36, 'm5-1': 26.56, 'm6-1': 27.12, 'm7-1': 103.43, 'm8-1': 11.78}",41.19,1073.2060000000001,1100.6660000000002,inf,1100.786,1100.786
950,T4,BESTEFFORT,MISSED,m6-1,993.756,"{'m1-1': 99.38, 'm2-1': 24.47, 'm3-1': 10.2, 'm4-1': 105.6, 'm5-1': 25.44, 'm6-1': 28.75, 'm7-1': 101.44, 'm8-1': 9.83}",38.49299999999971,1078.094,inf,1103.7559999999999,1103.7559999999999,1103.7559999999999
951,T4,BESTEFFORT,COMPLETED,m5-1,998.747,"{'m1-1': 113.95, 'm2-1': 25.88, 'm3-1': 9.85, 'm4-1': 100.23, 'm5-1': 25.99, 'm6-1': 27.51, 'm7-1': 100.04, 'm8-1': 9.92}",38.985,1078.5639999999999,1104.5539999999999,inf,1108.7469999999998,1108.7469999999998
952,T6,BESTEFFORT,COMPLETED,m8-1,1002.702,"{'m1-1': 99.28, 'm2-1': 27.49, 'm3-1': 10.68, 'm4-1': 102.17, 'm5-1': 24.77, 'm6-1': 24.18, 'm7-1': 100.86, 'm8-1': 9.48}",14.22,1094.6619999999998,1104.1419999999998,inf,1112.702,1112.702
953,T7,BESTEFFORT,COMPLETED,m3-1,1003.14,"{'m1-1': 99.11, 'm2-1': 25.39, 'm3-1': 9.54, 'm4-1': 110.96, 'm5-1': 24.91, 'm6-1': 27.77, 'm7-1': 116.14, 'm8-1': 11.25}",14.309999999999999,1087.936,1097.4759999999999,inf,1113.1399999999999,1113.1399999999999
954,T9,BESTEFFORT,MISSED,m4-1,1005.455,"{'m1-1': 106.39, 'm2-1': 26.28, 'm3-1': 10.92, 'm4-1': 101.13, 'm5-1': 24.68, 'm6-1': 27.52, 'm7-1': 102.0, 'm8-1': 10.98}",71.34299999999985,1067.893,inf,1115.455,1115.455,1115.455
955,T4,BESTEFFORT,MISSED,m4-1,1007.215,"{'m1-1': 114.57, 'm2-1': 23.25, 'm3-1': 10.34, 'm4-1': 96.52, 'm5-1': 23.98, 'm6-1': 28.96, 'm7-1': 109.28, 'm8-1': 10.09}",0.0,1120.8319999999999,inf,1120.8319999999999,1117.2150000000001,1117.2150000000001
956,T10,BESTEFFORT,COMPLETED,m3-1,1009.215,"{'m1-1': 106.05, 'm2-1': 23.45, 'm3-1': 10.91, 'm4-1': 104.2, 'm5-1': 26.67, 'm6-1': 27.94, 'm7-1': 109.7, 'm8-1': 11.37}",16.365000000000002,1097.4759999999999,1108.386,inf,1119.2150000000001,1119.2150000000001
957,T9,BESTEFFORT,MISSED,m7-1,1010.803,"{'m1-1': 107.05, 'm2-1': 24.73, 'm3-1': 10.32, 'm4-1': 115.91, 'm5-1': 27.8, 'm6-1': 28.98, 'm7-1': 103.45, 'm8-1': 9.4}",93.69599999999991,1058.339,inf,1120.8029999999999,1120.8029999999999,1120.8029999999999
958,T10,BESTEFFORT,MISSED,m4-1,1010.832,"{'m1-1': 110.25, 'm2-1': 24.2, 'm3-1': 10.04, 'm4-1': 110.52, 'm5-1': 27.19, 'm6-1': 25.37, 'm7-1': 111.38, 'm8-1': 10.67}",8.065499999999929,1115.455,inf,1120.8319999999999,1120.8319999999999,1120.8319999999999
959,T4,BESTEFFORT,MISSED,m4-1,1011.312,"{'m1-1': 113.2, 'm2-1': 23.39, 'm3-1': 10.5, 'm4-1': 101.16, 'm5-1': 27.35, 'm6-1': 27.34, 'm7-1': 112.21, 'm8-1': 10.31}",0.7200000000000273,1120.8319999999999,inf,1121.312,1121.312,1121.312
960,T9,BESTEFFORT,COMPLETED,m8-1,1012.932,"{'m1-1': 104.28, 'm2-1': 28.76, 'm3-1': 10.94, 'm4-1': 103.28, 'm5-1': 27.79, 'm6-1': 26.26, 'm7-1': 100.1, 'm8-1': 9.78}",14.669999999999998,1104.1419999999998,1113.9219999999998,inf,1122.932,1122.932
961,T7,BESTEFFORT,MISSED,m2-1,1014.879,"{'m1-1': 111.24, 'm2-1': 25.17, 'm3-1': 10.87, 'm4-1': 100.23, 'm5-1': 26.34, 'm6-1': 25.74, 'm7-1': 112.43, 'm8-1': 11.47}",36.31949999999961,1100.6660000000002,inf,1124.879,1124.879,1124.879
962,T6,BESTEFFORT,COMPLETED,m3-1,1015.837,"{'m1-1': 98.88, 'm2-1': 25.12, 'm3-1': 10.74, 'm4-1': 105.81, 'm5-1': 24.03, 'm6-1': 27.02, 'm7-1': 109.13, 'm8-1': 10.88}",16.11,1108.386,1119.126,inf,1125.837,1125.837
963,T4,BESTEFFORT,MISSED,m1-1,1017.088,"{'m1-1': 112.87, 'm2-1': 27.3, 'm3-1': 9.67, 'm4-1': 101.43, 'm5-1': 24.44, 'm6-1': 27.96, 'm7-1': 97.99, 'm8-1': 11.06}",69.2249999999998,1080.938,inf,1127.088,1127.088,1127.088
964,T7,BESTEFFORT,MISSED,m1-1,1017.419,"{'m1-1': 96.81, 'm2-1': 27.45, 'm3-1': 9.84, 'm4-1': 107.94, 'm5-1': 25.6, 'm6-1': 28.04, 'm7-1': 105.16, 'm8-1': 10.94}",0.0,1128.0819999999999,inf,1128.0819999999999,1127.4189999999999,1127.4189999999999
965,T6,BESTEFFORT,MISSED,m1-1,1018.082,"{'m1-1': 108.67, 'm2-1': 25.2, 'm3-1': 10.75, 'm4-1': 100.59, 'm5-1': 27.69, 'm6-1': 23.78, 'm7-1': 106.51, 'm8-1': 9.54}",1.4909999999998718,1127.088,inf,1128.0819999999999,1128.0819999999999,1128.0819999999999
966,T9,BESTEFFORT,COMPLETED,m5-1,1022.381,"{'m1-1': 104.62, 'm2-1': 26.09, 'm3-1': 10.7, 'm4-1': 114.86, 'm5-1': 24.42, 'm6-1': 27.18, 'm7-1': 107.35, 'm8-1': 10.93}",36.63,1104.5539999999999,1128.974,inf,1132.3809999999999,1132.3809999999999
967,T9,BESTEFFORT,COMPLETED,m6-1,1030.664,"{'m1-1': 104.88, 'm2-1': 26.49, 'm3-1': 10.2, 'm4-1': 100.4, 'm5-1': 25.72, 'm6-1': 28.24, 'm7-1': 99.6, 'm8-1': 10.27}",42.36,1103.7559999999999,1131.9959999999999,inf,1140.664,1140.664
968,T6,BESTEFFORT,MISSED,m1-1,1032.874,"{'m1-1': 100.54, 'm2-1': 29.04, 'm3-1': 9.8, 'm4-1': 100.27, 'm5-1': 25.26, 'm6-1': 26.84, 'm7-1': 112.11, 'm8-1': 10.4}",22.188000000000216,1128.0819999999999,inf,1142.874,1142.874,1142.874
969,T10,BESTEFFORT,COMPLETED,m8-1,1034.826,"{'m1-1': 107.61, 'm2-1': 25.24, 'm3-1': 11.08, 'm4-1': 98.05, 'm5-1': 27.71, 'm6-1': 26.18, 'm7-1': 118.13, 'm8-1': 9.61}",14.415,1113.9219999999998,1123.5319999999997,inf,1144.826,1144.826
970,T4,BESTEFFORT,COMPLETED,m3-1,1036.843,"{'m1-1': 104.58, 'm2-1': 25.81, 'm3-1': 10.47, 'm4-1': 92.5, 'm5-1': 26.34, 'm6-1': 25.9, 'm7-1': 105.02, 'm8-1': 9.8}",15.705000000000002,1119.126,1129.596,inf,1146.843,1146.843
971,T7,BESTEFFORT,COMPLETED,m8-1,1038.406,"{'m1-1': 106.6, 'm2-1': 23.48, 'm3-1': 9.83, 'm4-1': 93.79, 'm5-1': 24.72, 'm6-1': 28.81, 'm7-1': 106.24, 'm8-1': 10.59}",15.885,1123.5319999999997,1134.1219999999996,inf,1148.406,1148.406
972,T9,BESTEFFORT,MISSED,m6-1,1039.379,"{'m1-1': 110.11, 'm2-1': 25.28, 'm3-1': 10.87, 'm4-1': 103.93, 'm5-1': 26.44, 'm6-1': 27.37, 'm7-1': 116.87, 'm8-1': 10.75}",0.0,1159.626,inf,1159.626,1149.379,1149.379
973,T6,BESTEFFORT,COMPLETED,m3-1,1039.849,"{'m1-1': 104.18, 'm2-1': 25.18, 'm3-1': 10.66, 'm4-1': 101.55, 'm5-1': 26.02, 'm6-1': 23.92, 'm7-1': 109.88, 'm8-1': 10.86}",15.99,1129.596,1140.256,inf,1149.849,1149.849
974,T9,BESTEFFORT,COMPLETED,m2-1,1048.941,"{'m1-1': 110.59, 'm2-1': 25.08, 'm3-1': 9.37, 'm4-1': 114.03, 'm5-1': 24.87, 'm6-1': 29.24, 'm7-1': 109.53, 'm8-1': 9.75}",37.62,1124.879,1149.9589999999998,inf,1158.941,1158.941
975,T10,BESTEFFORT,COMPLETED,m5-1,1050.372,"{'m1-1': 109.17, 'm2-1': 25.73, 'm3-1': 9.61, 'm4-1': 109.15, 'm5-1': 24.44, 'm6-1': 24.33, 'm7-1': 117.49, 'm8-1': 9.83}",36.660000000000004,1128.974,1153.414,inf,1160.372,1160.372
976,T10,BESTEFFORT,COMPLETED,m6-1,1053.503,"{'m1-1': 100.72, 'm2-1': 25.04, 'm3-1': 9.86, 'm4-1': 101.87, 'm5-1': 25.39, 'm6-1': 27.63, 'm7-1': 116.91, 'm8-1': 11.25}",41.445,1131.9959999999999,1159.626,inf,1163.503,1163.503
977,T6,BESTEFFORT,COMPLETED,m8-1,1054.254,"{'m1-1': 97.5, 'm2-1': 29.07, 'm3-1': 11.0, 'm4-1': 108.13, 'm5-1': 26.1, 'm6-1': 24.72, 'm7-1': 99.62, 'm8-1': 10.32}",15.48,1134.1219999999996,1144.4419999999996,inf,1164.254,1164.254
978,T7,BESTEFFORT,COMPLETED,m3-1,1055.337,"{'m1-1': 102.79, 'm2-1': 27.26, 'm3-1': 10.96, 'm4-1': 97.45, 'm5-1': 27.36, 'm6-1': 26.05, 'm7-1': 105.07, 'm8-1': 10.84}",16.44,1140.256,1151.2160000000001,inf,1165.337,1165.337
979,T4,BESTEFFORT,COMPLETED,m8-1,1057.707,"{'m1-1': 102.43, 'm2-1': 24.19, 'm3-1': 9.83, 'm4-1': 96.02, 'm5-1': 23.71, 'm6-1': 27.59, 'm7-1': 110.42, 'm8-1': 11.57}",17.355,1144.4419999999996,1156.0119999999995,inf,1167.707,1167.707
980,T10,BESTEFFORT,COMPLETED,m3-1,1058.442,"{'m1-1': 113.99, 'm2-1': 26.43, 'm3-1': 9.82, 'm4-1': 95.38, 'm5-1': 24.89, 'm6-1': 25.21, 'm7-1': 106.1, 'm8-1': 11.36}",14.73,1151.2160000000001,1161.036,inf,1168.442,1168.442
981,T7,BESTEFFORT,MISSED,m4-1,1059.385,"{'m1-1': 107.69, 'm2-1': 24.76, 'm3-1': 10.41, 'm4-1': 106.21, 'm5-1': 26.35, 'm6-1': 24.49, 'm7-1': 116.54, 'm8-1': 10.98}",72.10950000000014,1121.312,inf,1169.385,1169.385,1169.385
982,T9,BESTEFFORT,MISSED,m7-1,1065.683,"{'m1-1': 105.26, 'm2-1': 25.42, 'm3-1': 10.86, 'm4-1': 109.32, 'm5-1': 25.19, 'm6-1': 24.95, 'm7-1': 106.52, 'm8-1': 9.32}",0.0,1213.722,inf,1213.722,1175.683,1175.683
983,T9,BESTEFFORT,COMPLETED,m5-1,1075.715,"{'m1-1': 116.15, 'm2-1': 27.89, 'm3-1': 10.43, 'm4-1': 106.03, 'm5-1': 24.03, 'm6-1': 27.84, 'm7-1': 115.89, 'm8-1': 10.6}",36.045,1153.414,1177.444,inf,1185.715,1185.715
984,T6,BESTEFFORT,COMPLETED,m2-1,1080.432,"{'m1-1': 108.76, 'm2-1': 27.46, 'm3-1': 11.01, 'm4-1': 107.59, 'm5-1': 23.75, 'm6-1': 23.79, 'm7-1': 101.49, 'm8-1': 9.6}",41.19,1149.9589999999998,1177.4189999999999,inf,1190.432,1190.432
985,T7,BESTEFFORT,COMPLETED,m6-1,1082.942,"{'m1-1': 112.1, 'm2-1': 27.25, 'm3-1': 9.99, 'm4-1': 96.29, 'm5-1': 27.1, 'm6-1': 28.82, 'm7-1': 114.7, 'm8-1': 11.2}",43.230000000000004,1159.626,1188.446,inf,1192.942,1192.942
986,T10,BESTEFFORT,MISSED,m7-1,1083.741,"{'m1-1': 102.23, 'm2-1': 26.86, 'm3-1': 10.86, 'm4-1': 95.84, 'm5-1': 25.78, 'm6-1': 26.98, 'm7-1': 109.37, 'm8-1': 9.71}",0.0,1213.722,inf,1213.722,1193.741,1193.741
987,T7,BESTEFFORT,MISSED,m4-1,1090.467,"{'m1-1': 107.94, 'm2-1': 25.63, 'm3-1': 10.81, 'm4-1': 96.27, 'm5-1': 27.74, 'm6-1': 26.77, 'm7-1': 109.25, 'm8-1': 11.15}",0.0,1205.538,inf,1205.538,1200.467,1200.467
988,T9,BESTEFFORT,MISSED,m7-1,1093.407,"{'m1-1': 99.63, 'm2-1': 24.78, 'm3-1': 9.41, 'm4-1': 108.07, 'm5-1': 26.07, 'm6-1': 26.46, 'm7-1': 113.24, 'm8-1': 10.88}",0.0,1213.722,inf,1213.722,1203.407,1203.407
989,T7,BESTEFFORT,MISSED,m4-1,1095.538,"{'m1-1': 99.38, 'm2-1': 27.58, 'm3-1': 10.1, 'm4-1': 104.5, 'm5-1': 25.09, 'm6-1': 25.29, 'm7-1': 106.35, 'm8-1': 11.34}",54.22950000000003,1169.385,inf,1205.538,1205.538,1205.538
990,T7,BESTEFFORT,COMPLETED,m5-1,1101.2,"{'m1-1': 99.19, 'm2-1': 26.38, 'm3-1': 10.95, 'm4-1': 93.7, 'm5-1': 27.39, 'm6-1': 25.81, 'm7-1': 105.16, 'm8-1': 10.35}",41.085,1177.444,1204.834,inf,1211.2,1211.2
991,T10,BESTEFFORT,MISSED,m7-1,1103.722,"{'m1-1': 114.32, 'm2-1': 25.7, 'm3-1': 11.0, 'm4-1': 102.17, 'm5-1': 25.36, 'm6-1': 24.14, 'm7-1': 100.66, 'm8-1': 9.6}",139.37850000000014,1120.8029999999999,inf,1213.722,1213.722,1213.722
992,T10,BESTEFFORT,COMPLETED,m8-1,1106.019,"{'m1-1': 113.87, 'm2-1': 24.7, 'm3-1': 9.63, 'm4-1': 111.86, 'm5-1': 25.7, 'm6-1': 25.73, 'm7-1': 118.91, 'm8-1': 10.75}",16.125,1156.0119999999995,1166.7619999999995,inf,1216.019,1216.019
993,T9,BESTEFFORT,MISSED,m4-1,1107.365,"{'m1-1': 101.31, 'm2-1': 26.63, 'm3-1': 10.6, 'm4-1': 111.37, 'm5-1': 27.96, 'm6-1': 27.64, 'm7-1': 104.18, 'm8-1': 9.34}",17.740499999999997,1205.538,inf,1217.365,1217.365,1217.365
994,T10,BESTEFFORT,COMPLETED,m2-1,1113.733,"{'m1-1': 105.8, 'm2-1': 23.46, 'm3-1': 10.87, 'm4-1': 103.57, 'm5-1': 24.88, 'm6-1': 27.19, 'm7-1': 109.83, 'm8-1': 10.09}",35.19,1177.4189999999999,1200.879,inf,1223.733,1223.733
995,T4,BESTEFFORT,COMPLETED,m2-1,1117.921,"{'m1-1': 103.82, 'm2-1': 26.47, 'm3-1': 9.94, 'm4-1': 105.6, 'm5-1': 24.0, 'm6-1': 26.94, 'm7-1': 112.35, 'm8-1': 11.47}",39.705,1200.879,1227.349,inf,1227.921,1227.921
996,T9,BESTEFFORT,MISSED,m1-1,1126.036,"{'m1-1': 106.33, 'm2-1': 26.0, 'm3-1': 10.1, 'm4-1': 113.14, 'm5-1': 26.75, 'm6-1': 26.31, 'm7-1': 107.71, 'm8-1': 10.32}",139.74300000000005,1142.874,inf,1236.036,1236.036,1236.036
997,T9,BESTEFFORT,COMPLETED,m3-1,1149.919,"{'m1-1': 117.92, 'm2-1': 26.64, 'm3-1': 10.78, 'm4-1': 105.83, 'm5-1': 25.51, 'm6-1': 27.85, 'm7-1': 107.08, 'm8-1': 9.72}",16.169999999999998,1161.036,1171.816,inf,1259.919,1259.919
998,T9,BESTEFFORT,COMPLETED,m8-1,1157.605,"{'m1-1': 113.19, 'm2-1': 26.92, 'm3-1': 9.63, 'm4-1': 105.56, 'm5-1': 28.09, 'm6-1': 26.11, 'm7-1': 106.34, 'm8-1': 9.91}",14.865,1166.7619999999995,1176.6719999999996,inf,1267.605,1267.605
999,T9,BESTEFFORT,COMPLETED,m3-1,1161.804,"{'m1-1': 99.95, 'm2-1': 27.88, 'm3-1': 9.39, 'm4-1': 106.67, 'm5-1': 24.76, 'm6-1': 27.63, 'm7-1': 101.19, 'm8-1': 9.76}",14.085,1171.816,1181.2060000000001,inf,1271.804,1271.804
