task_type_id,arrival_time,est_m1,est_m2,est_m3,est_m4,est_m5,est_m6,est_m7,ext_m1-1,ext_m2-1,ext_m3-1,ext_m4-1,ext_m5-1,ext_m6-1,ext_m7-1
2,0.014,104.314,1.059,104.108,115.844,110.663,107.379,0.986,105.435,1.125,105.634,106.401,100.008,113.701,1.161
2,0.151,106.934,1.103,100.952,115.329,100.024,113.106,1.031,97.639,1.143,104.115,98.041,107.395,105.979,1.048
3,0.217,102.967,109.559,100.789,11.055,107.683,106.221,110.521,116.544,97.463,108.84,10.421,106.587,107.486,109.348
2,0.272,99.369,1.144,100.629,108.224,109.13,107.354,1.145,105.47,1.118,104.585,102.853,114.422,96.101,0.98
2,0.559,98.918,1.082,105.611,99.784,110.632,109.269,1.016,96.499,1.148,103.79,105.528,106.575,99.175,1.031
2,0.884,105.626,1.149,98.909,108.734,116.835,102.897,1.046,94.103,1.149,104.44,113.375,112.103,97.767,1.127
1,0.944,99.433,10.044,93.092,100.857,104.152,94.058,1.083,104.912,11.825,94.322,111.497,108.042,105.373,1.037
1,1.063,104.182,11.449,94.754,111.802,100.71,106.167,1.127,99.368,10.999,105.466,106.011,92.698,106.091,1.134
3,1.164,112.046,112.104,96.075,10.924,113.26,114.351,105.634,110.503,107.468,109.585,9.859,108.015,114.26,105.462
3,1.714,108.288,101.724,103.233,10.98,111.652,108.313,95.259,114.926,94.862,108.262,10.85,106.491,112.062,103.441
4,1.765,104.237,99.434,116.59,0.998,0.94,101.414,10.419,104.06,111.192,113.683,1.083,1.076,99.285,10.884
1,1.943,95.19,10.693,94.307,107.512,108.137,94.515,1.013,101.987,11.276,96.083,104.421,95.688,110.077,1.114
4,2.151,105.248,110.88,108.261,0.939,1.041,97.381,9.923,93.322,102.983,113.37,1.089,0.946,106.807,10.466
4,2.197,101.809,99.487,114.784,1.034,1.09,93.092,10.961,109.98,104.082,108.634,0.997,1.009,96.54,9.46
3,2.268,116.857,96.768,110.534,10.399,110.063,103.548,103.688,110.425,110.351,97.521,11.437,117.594,114.735,97.84
3,2.306,101.817,107.322,96.895,10.564,104.364,102.448,102.834,109.212,94.697,96.904,11.024,102.187,108.366,103.873
2,2.353,102.042,0.996,106.363,109.902,103.654,104.8,1.038,108.087,1.068,104.427,101.523,100.778,105.314,1.047
1,2.657,100.016,10.587,92.339,106.577,106.215,97.32,1.105,97.696,10.088,104.353,111.551,93.392,96.596,1.1
4,2.881,108.025,109.946,113.709,0.969,0.928,102.768,10.868,99.962,107.37,100.354,1.053,1.034,93.787,10.306
1,3.197,103.019,10.964,108.083,107.666,93.46,98.194,1.036,96.991,11.517,94.322,98.019,105.358,99.275,1.163
3,3.57,98.492,111.749,98.083,11.318,111.619,115.245,108.753,103.991,100.982,98.483,10.799,106.163,101.507,97.687
3,3.666,115.825,105.075,97.755,10.118,108.724,110.516,100.502,115.131,109.982,101.451,11.111,105.537,102.662,99.307
4,4.233,110.246,99.262,113.329,0.997,1.088,100.558,11.159,108.783,99.993,101.28,1.045,1.044,99.602,11.094
4,4.658,108.834,106.09,102.65,1.024,1.064,106.385,10.141,107.56,102.564,103.721,0.997,0.993,102.139,11.193
1,4.695,106.474,11.476,107.96,100.401,94.169,98.138,1.013,105.249,11.564,107.496,99.935,106.265,105.231,1.017
4,5.188,100.656,100.664,105.247,1.019,0.949,92.05,10.292,98.36,102.157,110.047,1.103,1.027,102.26,10.089
2,5.365,104.309,1.136,97.101,98.444,111.218,107.484,0.979,98.757,1.126,94.082,112.905,100.343,97.793,1.151
2,5.464,99.206,1.166,110.227,102.524,104.86,95.933,1.134,106.685,1.139,100.437,112.442,115.085,102.955,1.065
3,5.484,113.459,108.176,106.365,11.397,110.82,100.468,97.447,105.699,111.201,108.677,11.316,110.276,107.273,97.952
1,6.166,96.788,11.843,109.009,98.678,107.601,95.757,1.021,107.508,10.234,94.589,103.4,103.687,95.346,1.085
1,7.15,105.611,11.046,94.262,101.038,106.811,104.014,1.148,112.784,10.498,107.657,107.131,106.766,96.7,1.028
3,7.33,104.384,108.634,109.563,10.147,100.081,110.656,110.833,103.624,110.216,108.223,10.035,113.93,111.036,95.978
1,7.792,102.807,10.629,102.564,109.516,105.18,109.315,1.057,96.021,11.087,107.382,101.071,97.349,109.03,1.105
4,8.008,106.936,100.399,113.797,1.035,1.047,102.665,11.03,108.762,114.884,106.746,0.941,1.004,100.677,9.778
4,8.042,100.066,106.03,103.582,0.995,1.044,100.662,9.483,104.131,110.811,108.442,1.078,1.024,97.297,10.741
3,8.846,111.907,96.531,109.304,11.124,108.912,117.708,96.86,112.645,95.918,110.173,11.166,115.985,113.161,100.725
2,9.016,96.096,1.136,94.607,110.102,101.679,96.022,0.991,104.91,1.01,103.389,115.446,103.862,112.112,1.133
4,9.311,93.722,99.362,115.695,1.1,1.075,98.201,10.768,99.386,104.151,112.219,1.084,0.942,105.29,9.812
3,9.708,109.31,99.483,109.563,11.335,115.254,103.505,103.547,116.535,94.43,98.818,9.746,100.874,114.816,99.344
1,9.882,106.783,10.999,108.519,111.649,108.161,94.131,0.993,95.312,11.369,95.28,106.558,92.087,105.248,1.144
4,10.187,97.934,98.031,101.277,1.079,1.018,101.414,9.683,93.935,108.662,116.293,1.039,0.967,102.372,10.736
2,10.223,95.842,1.067,107.004,108.847,113.189,102.976,1.113,108.84,1.132,109.512,114.681,116.736,103.032,1.157
2,10.597,110.057,1.023,102.678,113.392,112.892,112.753,1.106,103.935,1.152,97.101,110.896,116.022,107.691,1.025
2,10.92,103.064,0.997,99.549,99.656,102.868,107.54,1.043,101.682,1.089,101.499,104.447,105.378,100.292,1.025
1,11.014,95.864,11.423,101.196,111.418,107.02,100.292,1.13,102.694,10.048,100.763,109.376,96.185,108.176,1.159
4,11.034,93.365,100.99,108.041,1.108,0.961,97.262,10.419,93.877,110.728,113.429,0.978,1.011,92.405,10.026
4,11.057,96.369,112.24,114.422,0.995,0.941,105.747,10.266,97.065,111.679,112.423,1.079,0.983,94.722,9.522
2,11.165,99.867,1.082,104.079,100.216,105.378,107.84,1.134,109.122,1.0,108.745,115.398,99.05,98.689,1.073
4,11.22,104.974,103.684,104.316,1.093,0.98,104.029,9.974,100.184,99.929,117.088,0.941,0.945,99.378,10.718
3,11.782,103.888,103.713,114.062,10.585,107.224,111.032,103.411,114.545,96.969,108.981,10.289,100.786,113.747,110.003
4,12.139,105.854,111.192,115.73,1.096,1.04,96.935,10.292,100.668,102.276,99.798,1.03,1.066,104.525,10.55
2,12.152,102.333,1.057,100.825,107.685,113.849,101.205,1.137,100.549,1.011,107.985,106.262,109.503,109.618,1.017
2,12.517,103.232,1.137,104.848,99.356,111.527,109.187,1.129,100.886,1.162,97.234,104.867,114.353,108.155,1.041
3,12.721,102.88,112.104,108.046,10.84,107.224,117.255,97.575,106.779,105.619,99.861,10.63,107.602,116.92,103.171
4,12.731,99.386,109.385,113.812,1.063,1.038,97.169,9.851,99.876,97.694,111.812,1.016,1.083,107.276,10.542
4,12.814,94.078,111.257,100.466,0.974,0.95,101.999,10.404,108.155,99.558,100.787,1.099,0.953,101.389,10.89
3,12.857,115.004,103.479,98.307,11.42,115.213,111.88,97.298,110.777,106.262,103.468,9.854,106.413,116.01,98.187
3,13.161,107.275,108.48,110.476,9.986,116.409,116.129,105.927,102.365,95.474,114.073,11.269,116.075,108.794,103.445
4,13.554,101.116,100.525,105.572,1.092,1.054,96.622,10.93,95.701,98.976,101.662,0.981,1.045,95.397,10.247
4,13.628,110.756,101.151,103.139,1.031,1.072,107.48,10.343,101.896,99.939,107.95,1.043,1.038,102.987,10.922
2,13.801,107.305,1.052,111.205,99.787,115.088,96.445,1.021,101.441,1.039,101.785,97.862,112.821,109.659,1.076
4,14.568,99.767,97.746,115.401,0.998,1.029,102.868,11.036,103.088,98.999,108.391,1.004,1.1,102.551,9.93
1,14.846,95.943,11.593,109.077,102.698,92.485,109.912,1.12,100.143,11.877,106.194,113.207,98.646,96.851,1.142
3,14.908,100.27,95.851,104.684,11.259,104.199,116.962,109.716,106.343,109.92,96.048,10.008,106.27,105.071,109.372
2,15.064,93.159,1.064,105.804,112.108,98.71,108.901,1.106,99.071,0.998,98.397,115.354,102.999,107.859,0.989
1,15.096,98.206,10.674,100.914,98.252,97.911,109.962,1.089,106.17,10.864,98.479,107.673,92.207,105.845,1.002
2,15.347,108.84,1.161,108.448,107.947,105.514,101.184,1.12,95.284,1.027,96.254,100.686,110.453,111.102,1.071
4,15.377,98.288,99.274,105.156,1.044,1.065,107.015,10.551,101.798,104.522,111.685,1.035,0.943,99.328,9.725
3,15.827,99.484,105.184,110.09,10.935,118.044,103.495,104.468,100.16,111.741,100.003,10.843,116.867,115.245,100.336
2,15.84,92.87,1.143,96.413,100.058,112.547,111.147,1.072,105.413,1.085,100.323,101.672,99.58,107.852,1.048
4,15.998,93.21,116.122,99.531,0.979,0.957,108.145,10.143,94.924,101.556,110.667,0.996,1.056,102.517,11.017
3,16.1,99.252,105.895,105.539,11.229,109.598,114.637,100.133,114.04,111.972,111.408,11.098,100.509,110.715,110.596
2,16.681,97.02,1.109,105.0,101.197,107.867,96.175,1.04,102.231,1.114,94.082,113.098,105.551,111.88,1.07
2,16.996,100.452,0.998,101.895,108.847,100.027,109.644,1.075,97.424,1.16,100.393,110.139,98.705,110.529,1.149
3,17.137,114.04,112.046,113.799,11.509,103.273,112.192,101.656,101.855,103.894,108.079,10.623,102.662,111.835,98.265
4,17.681,103.782,111.052,110.684,1.068,1.041,97.678,10.45,96.141,111.254,113.526,1.101,1.002,105.372,11.201
2,17.977,98.06,1.141,107.611,109.054,116.326,109.652,1.103,96.462,1.127,101.785,105.108,101.04,107.55,1.004
1,18.008,101.937,10.66,98.868,114.813,92.977,101.944,1.115,112.587,11.877,93.645,110.88,104.237,102.153,1.028
4,18.022,103.276,103.79,105.878,1.092,1.082,100.944,10.072,99.133,110.168,112.975,1.102,1.1,92.826,10.431
3,18.743,112.137,98.847,109.255,11.163,114.803,118.335,109.243,109.233,103.627,109.06,10.065,108.392,106.395,95.4
1,18.791,107.317,10.453,104.319,109.123,104.762,105.822,1.167,94.915,10.19,104.355,107.713,106.454,98.996,1.041
1,19.528,109.146,11.452,103.843,99.047,104.976,109.908,1.036,95.391,11.617,103.802,102.26,92.241,97.591,1.141
1,19.694,111.539,10.651,104.329,106.577,94.541,98.936,1.092,109.751,11.656,104.782,103.377,94.574,105.971,1.017
4,20.066,105.552,103.126,108.441,1.099,1.048,100.327,11.118,108.136,99.381,114.118,0.954,0.953,100.069,9.701
1,20.46,103.78,10.572,101.176,104.963,105.429,101.614,1.088,99.602,10.015,99.304,107.782,99.167,96.049,1.048
2,20.811,104.384,1.017,107.292,115.634,109.574,100.1,0.987,109.122,1.066,104.108,105.102,101.139,111.92,1.041
3,21.561,113.696,111.279,107.273,11.049,116.293,105.567,110.003,112.973,112.076,113.177,11.17,106.266,115.647,108.02
4,21.682,103.045,113.095,116.315,1.095,1.072,102.12,9.909,103.416,110.267,112.55,1.083,0.94,92.819,10.89
2,22.051,109.532,0.997,103.591,104.913,105.4,111.754,1.132,94.856,1.061,97.295,98.974,108.55,112.341,1.159
4,22.108,95.71,107.38,102.186,1.103,0.994,97.085,9.673,108.701,102.019,117.183,1.109,1.067,103.587,9.807
4,22.522,95.088,107.79,103.937,1.01,0.93,96.174,10.237,99.76,108.698,103.608,1.013,1.066,100.621,9.936
1,22.717,105.028,11.465,106.4,99.031,100.846,107.101,1.044,98.812,10.49,93.687,101.47,109.093,95.415,1.061
4,23.022,101.653,115.745,103.56,1.082,0.968,97.32,10.664,100.266,106.063,112.491,1.073,0.931,104.237,11.087
4,23.075,107.65,103.047,115.244,0.999,1.002,101.365,11.095,105.905,107.47,116.08,1.018,0.974,103.711,10.012
2,23.296,109.756,1.104,101.049,102.179,98.967,106.509,1.091,96.009,1.036,100.641,100.944,111.376,96.826,1.09
1,23.363,111.519,10.725,106.155,109.849,98.923,107.748,1.056,109.207,11.768,97.633,112.627,97.172,103.369,1.114
4,23.598,110.319,109.401,100.512,1.108,0.933,108.055,10.333,100.048,107.107,104.219,0.954,1.075,104.283,10.741
1,23.905,106.266,10.177,93.645,110.911,93.221,105.733,1.13,95.046,10.164,103.681,102.28,95.868,109.77,1.107
1,24.397,98.4,10.407,94.825,101.397,105.442,107.54,1.049,107.592,11.587,96.167,104.278,94.327,96.253,1.114
4,24.875,106.46,110.728,102.625,1.003,0.95,98.718,9.488,97.298,104.31,106.322,1.009,1.056,93.01,10.948
4,25.033,96.842,110.645,106.525,1.031,1.077,104.393,11.225,100.394,108.698,100.047,0.935,1.07,101.863,10.557
3,25.036,114.672,104.706,105.174,10.221,114.205,100.872,110.362,110.115,101.744,102.048,11.242,116.822,106.547,101.843
1,25.318,108.933,11.623,99.241,102.971,101.344,101.152,1.089,101.744,10.719,102.636,109.943,95.513,97.256,1.131
3,25.389,98.41,98.176,113.219,9.813,102.208,117.349,103.547,111.311,104.655,113.884,11.153,103.577,101.088,99.309
3,25.456,104.748,94.384,96.167,9.825,108.928,114.446,96.035,109.126,111.272,98.858,11.267,118.034,112.023,96.473
2,25.637,97.816,1.024,105.584,105.851,103.785,103.589,1.158,100.187,1.101,96.682,106.586,110.106,103.918,1.056
3,25.888,112.944,95.297,102.612,11.025,107.07,104.576,110.597,107.335,96.723,98.577,11.076,115.213,118.065,110.74
3,26.116,107.046,111.744,98.358,11.544,102.662,114.736,94.416,111.322,105.045,97.826,10.736,108.015,104.13,101.639
1,26.171,99.316,10.748,104.415,114.422,107.389,94.603,1.119,109.503,11.085,95.685,99.856,96.443,107.933,1.004
3,26.263,111.612,111.741,96.735,10.146,116.775,118.662,111.579,109.617,108.573,112.111,10.806,109.072,116.922,101.497
1,26.34,95.262,10.334,93.298,106.042,105.918,105.401,0.982,95.774,10.539,103.43,103.471,92.463,108.876,1.131
1,26.369,99.341,10.574,95.512,104.192,104.643,110.617,1.165,106.474,10.069,108.215,114.497,99.231,99.86,1.145
3,26.49,105.673,97.71,110.322,10.067,109.935,109.948,107.303,99.957,95.132,111.509,11.476,117.311,119.007,97.847
1,26.529,98.772,11.603,102.548,100.051,92.865,101.12,1.049,104.066,10.016,100.459,100.339,92.463,108.404,0.997
4,26.638,109.359,105.371,106.322,1.058,0.962,101.982,10.9,93.877,114.011,106.288,1.045,1.025,107.677,11.016
4,26.656,105.445,108.662,113.53,1.034,0.966,91.912,10.62,106.913,98.686,111.351,0.941,1.0,104.934,9.917
3,26.748,104.216,108.104,110.777,10.26,117.455,115.784,102.779,116.765,111.273,108.223,11.397,101.376,108.755,112.191
4,27.139,107.619,110.316,115.362,1.068,1.024,97.177,9.914,100.394,105.909,101.844,1.035,1.027,102.25,11.016
3,27.497,113.696,101.279,106.294,11.158,105.655,109.419,109.835,112.877,110.095,101.812,10.892,109.848,110.656,104.579
4,27.677,96.623,102.983,106.525,0.941,0.942,106.357,9.735,96.655,114.006,103.476,1.024,1.026,92.917,10.8
4,28.411,107.461,111.661,101.596,0.96,0.969,104.75,11.107,102.683,115.703,112.344,1.067,0.981,107.106,10.52
4,28.781,97.592,110.94,106.782,1.006,1.057,104.393,9.914,93.33,104.226,105.314,0.934,1.038,100.056,10.02
3,28.905,109.499,98.439,104.848,10.306,112.157,115.982,101.254,103.888,109.112,106.966,10.245,101.36,112.702,97.028
2,28.972,109.107,1.142,109.382,116.16,110.782,111.735,1.01,94.919,1.004,109.845,106.228,98.559,108.98,1.04
1,29.002,101.482,11.549,103.051,98.124,93.022,108.471,1.056,103.923,10.277,101.222,97.312,98.594,94.941,0.984
2,29.142,100.951,0.996,94.688,106.228,101.679,97.47,1.007,106.909,1.106,110.002,98.114,103.141,104.57,1.092
4,29.248,103.558,111.679,113.169,1.069,0.953,93.951,9.53,105.81,100.643,101.751,0.96,1.099,98.786,10.77
2,29.606,98.691,1.125,111.481,103.691,114.479,103.685,1.049,108.452,1.101,96.135,100.054,102.885,104.239,1.017
1,29.68,98.998,11.88,96.106,98.997,106.265,107.41,0.991,107.783,11.032,105.766,103.427,106.202,103.926,1.143
2,29.744,99.597,1.024,101.815,100.352,103.291,104.782,1.114,94.912,1.153,96.938,112.057,100.801,108.91,1.031
1,30.378,110.409,10.496,103.43,108.437,108.137,106.67,1.035,112.7,11.615,100.434,103.573,104.971,94.297,1.108
1,30.587,94.997,11.91,99.969,114.059,96.285,94.33,1.088,105.127,11.64,108.796,107.465,108.994,102.652,1.088
2,32.166,104.825,1.161,96.625,104.371,107.375,103.864,0.998,96.634,1.175,98.486,115.05,113.31,102.263,1.005
3,32.472,105.806,110.592,98.659,10.239,101.714,106.909,96.552,109.257,109.164,96.981,10.618,100.65,111.008,102.537
2,33.262,107.991,1.003,95.271,108.642,110.884,112.874,1.124,102.41,1.08,99.926,107.04,101.447,110.832,1.121
4,33.398,105.977,106.264,103.476,1.053,0.969,97.869,10.623,105.689,112.561,116.438,1.058,0.982,106.844,10.759
3,33.445,105.152,105.872,107.023,11.011,115.146,114.789,111.482,105.913,102.642,108.981,11.437,115.969,101.905,112.159
4,33.591,108.741,108.682,110.748,1.013,0.928,98.268,9.816,98.035,112.753,116.954,0.964,0.981,100.933,10.388
4,33.828,107.185,104.198,114.667,1.108,0.971,96.036,10.124,95.115,103.339,110.249,1.062,0.936,100.271,9.635
2,33.898,107.68,1.108,94.562,106.872,113.855,113.129,1.073,102.697,1.013,99.256,102.539,101.735,99.553,1.02
2,34.325,93.399,1.138,96.02,99.5,105.247,101.463,0.995,96.353,1.154,97.31,104.519,115.321,107.829,1.032
4,34.472,102.009,116.139,105.451,1.03,1.06,102.725,11.073,99.971,112.477,116.311,1.045,1.073,102.628,10.035
2,34.656,108.234,1.09,95.465,102.853,116.534,107.137,1.103,97.247,1.175,108.603,103.42,103.435,108.245,1.013
2,34.732,98.219,0.993,109.099,99.135,106.337,110.832,1.1,93.383,1.018,96.771,100.899,112.547,100.635,1.076
2,35.23,101.841,1.015,107.392,114.789,105.059,112.051,1.012,98.088,1.05,98.109,111.819,107.174,103.452,1.012
3,35.385,104.081,112.079,107.78,10.791,103.056,112.304,106.169,116.227,99.466,97.583,9.857,103.968,110.893,111.061
3,35.402,103.142,108.318,104.372,11.085,115.276,102.229,94.668,107.927,103.324,109.585,10.523,103.143,104.035,105.11
3,35.408,109.783,109.964,109.304,11.212,111.955,101.653,94.651,116.301,105.557,101.596,9.921,117.695,100.989,106.338
2,35.744,105.36,1.09,101.397,103.041,104.771,112.178,1.055,92.624,1.127,102.748,102.864,111.927,102.841,1.113
2,35.76,106.741,1.142,98.96,105.709,116.007,104.569,1.061,97.393,1.059,93.934,106.174,115.773,111.039,1.027
4,35.765,98.737,98.696,113.373,1.043,0.994,95.952,9.708,98.694,102.428,102.538,0.96,0.946,93.31,10.9
2,36.237,92.87,1.09,99.256,101.862,110.735,101.223,0.989,108.273,1.048,96.798,116.171,107.762,107.372,1.14
4,36.37,104.083,115.125,110.045,1.089,0.998,94.075,10.624,109.657,107.049,112.725,0.939,0.971,103.513,10.166
3,36.615,105.22,106.625,106.764,11.225,109.598,112.918,105.492,113.955,105.763,97.285,11.111,111.15,106.547,101.642
3,36.723,115.21,104.971,100.157,10.338,102.225,118.991,106.944,111.336,104.821,113.868,11.3,111.647,118.273,94.752
4,36.778,95.701,112.793,113.526,0.944,0.96,96.355,10.09,105.932,109.033,109.926,0.95,1.024,101.375,11.018
4,36.843,99.802,100.155,106.265,0.951,0.97,96.348,11.019,106.376,112.24,99.089,1.053,0.982,103.742,10.824
3,36.917,106.881,96.318,108.548,10.573,107.162,116.081,106.954,115.693,108.048,105.923,11.427,106.587,106.403,96.051
3,37.089,112.661,106.092,96.549,9.766,112.19,111.216,98.893,104.639,111.623,108.84,10.983,113.36,104.353,108.657
3,37.445,102.374,102.642,107.78,10.678,111.734,114.139,107.568,116.544,97.14,113.103,10.962,113.532,119.076,106.573
3,37.646,110.209,96.739,100.021,9.954,108.015,111.72,96.353,111.324,95.516,111.273,10.72,111.971,112.304,107.38
1,38.13,97.103,10.886,92.212,103.726,102.659,94.617,1.101,103.911,11.461,96.852,111.802,95.513,109.433,1.109
1,39.292,111.689,10.086,104.331,99.031,96.218,96.057,1.078,103.674,10.391,103.346,100.307,91.842,93.513,1.059
4,39.581,95.71,110.612,102.559,0.983,0.998,97.635,10.383,105.274,101.727,102.962,1.011,0.949,95.093,11.113
4,39.642,101.157,107.922,102.65,1.016,0.997,103.667,10.802,109.931,110.883,109.214,0.974,0.954,98.397,10.879
4,39.855,94.924,97.994,107.198,0.975,1.053,95.187,11.16,103.532,111.406,103.533,1.039,1.094,102.481,10.907
4,40.383,110.524,106.611,99.413,1.033,0.936,99.374,10.984,101.687,99.974,102.214,1.077,1.009,93.092,9.657
4,40.686,106.251,99.543,99.532,0.96,0.986,104.973,9.995,94.078,112.561,116.344,1.094,0.957,94.929,10.754
1,40.711,97.53,10.953,95.244,99.277,100.376,98.097,1.067,103.029,10.45,91.847,111.553,106.265,100.073,1.107
1,41.005,108.907,10.968,100.625,99.273,92.637,110.255,1.097,99.531,11.644,108.665,104.824,105.056,100.897,1.049
4,41.04,97.034,99.656,99.444,1.099,1.098,103.559,9.479,95.553,112.753,115.49,1.11,1.065,95.265,9.891
4,41.166,106.309,110.374,104.283,1.063,0.931,108.528,10.075,93.877,97.76,103.105,0.934,0.934,101.324,10.092
4,41.696,95.571,98.556,108.441,1.098,1.043,94.01,10.766,101.44,104.31,116.029,0.998,1.057,100.635,11.012
3,41.744,115.22,106.024,108.998,11.521,111.18,105.913,95.243,107.309,94.384,97.685,11.355,113.719,104.455,98.965
4,41.997,100.272,115.926,102.349,1.062,1.065,93.957,10.802,94.924,110.362,115.425,1.002,1.005,93.338,9.617
2,42.028,105.36,1.107,94.298,109.762,114.312,97.469,1.032,105.949,0.992,101.249,110.324,101.447,105.098,0.995
1,42.101,107.532,10.208,95.241,99.567,94.169,96.245,1.15,98.296,10.406,102.52,106.168,96.174,110.396,1.044
2,42.458,103.022,1.109,96.655,106.152,108.161,107.627,0.987,105.289,1.134,109.762,111.924,108.572,97.072,1.033
1,42.536,99.918,11.724,100.383,100.426,97.677,97.567,1.017,103.069,10.591,108.579,101.333,100.404,96.314,1.093
1,42.929,108.702,10.215,109.011,112.696,106.093,108.876,1.092,112.053,10.115,95.228,106.303,96.185,101.504,1.148
2,43.085,109.627,1.055,111.186,110.896,98.966,104.848,1.066,105.152,1.044,97.424,101.605,109.203,96.102,0.987
1,43.182,106.473,10.371,100.662,108.301,92.241,101.714,1.128,101.892,11.346,106.518,114.21,98.766,95.169,1.154
4,43.383,109.08,108.157,106.234,0.944,0.983,101.882,10.428,106.967,106.094,105.391,0.989,0.93,101.75,10.736
1,43.385,96.097,10.49,92.112,109.441,101.971,106.501,1.013,96.624,11.461,102.114,109.211,94.17,108.242,0.994
3,43.424,108.402,105.561,96.975,11.269,112.797,107.618,104.016,103.62,106.054,112.602,11.262,103.857,105.331,99.967
1,43.561,101.505,11.063,101.763,111.501,101.662,103.192,1.035,101.569,11.411,100.448,105.333,92.912,106.999,1.104
2,43.583,97.214,1.176,105.032,112.907,101.116,100.652,0.978,107.826,1.021,94.466,99.695,107.267,101.168,0.992
1,44.103,100.813,11.283,98.864,106.558,108.625,102.083,0.993,104.34,11.171,106.856,113.207,96.301,106.217,1.111
1,44.78,96.372,11.524,93.752,111.996,99.426,95.667,0.985,106.107,10.822,103.033,99.816,102.554,98.331,1.014
4,44.878,109.521,109.972,114.859,1.008,1.084,94.739,10.396,105.007,105.597,102.85,1.062,0.986,105.154,10.806
2,44.936,95.019,1.174,95.542,111.348,104.431,106.404,1.021,96.696,1.149,104.766,115.882,114.061,97.154,1.123
3,45.025,101.608,95.132,112.705,9.975,111.304,115.091,101.485,111.727,97.463,104.646,10.044,108.14,108.968,100.418
3,45.076,98.979,96.451,99.46,11.241,112.148,118.072,111.718,109.468,107.215,99.393,10.983,103.566,110.043,98.58
3,45.541,115.906,105.278,111.67,10.454,101.131,101.051,103.478,109.798,94.536,113.849,11.318,108.198,100.547,97.614
3,45.635,105.913,110.095,106.332,11.263,103.128,116.334,95.055,99.897,106.986,103.74,10.233,100.236,118.589,108.676
2,45.69,94.82,1.081,109.479,112.634,100.801,107.622,1.101,97.111,1.117,109.121,110.503,116.75,105.786,1.092
2,46.65,98.025,1.062,111.489,108.464,115.62,108.732,0.978,98.401,1.154,105.7,102.15,116.322,103.546,1.104
3,47.074,100.538,105.148,101.144,10.964,100.056,109.963,102.494,98.643,99.591,109.102,10.516,101.132,109.872,98.906
3,47.275,113.787,98.873,97.278,11.441,112.527,101.305,99.194,100.869,100.012,110.54,11.318,110.733,106.232,111.401
2,47.755,102.58,1.005,99.328,98.115,105.487,112.33,1.005,109.566,0.996,107.392,112.264,112.826,107.126,1.034
2,47.777,109.953,1.094,101.815,110.573,113.588,105.677,1.046,104.017,1.02,96.396,104.563,106.37,113.048,1.044
4,47.897,100.76,103.119,105.599,1.01,1.095,92.238,11.174,100.548,111.184,115.61,1.11,0.992,92.687,10.824
4,47.997,96.886,103.105,105.687,1.088,1.051,96.601,10.227,109.95,98.814,100.841,0.956,1.095,106.576,9.838
2,48.122,98.943,1.096,103.006,102.196,105.177,107.776,1.124,98.602,1.16,94.078,103.041,100.733,101.337,0.979
1,48.762,109.878,10.909,100.459,111.552,92.207,93.927,1.008,105.829,11.708,98.265,101.04,97.651,109.954,1.013
4,48.856,93.894,113.392,104.181,1.027,0.942,97.07,10.861,104.698,106.484,101.728,0.977,1.043,101.238,10.07
1,48.883,111.552,11.475,100.025,98.708,92.438,99.804,1.127,102.439,10.172,103.395,112.43,105.748,107.429,1.109
2,49.114,99.02,1.124,101.942,102.607,102.437,112.798,1.112,105.607,1.094,101.574,106.03,112.242,96.641,1.076
2,49.362,105.861,1.029,109.61,100.999,103.245,103.601,1.102,93.415,1.019,107.926,112.358,106.417,108.221,1.045
3,49.583,112.137,106.952,99.326,11.565,114.336,103.505,98.87,108.725,111.3,99.047,11.522,111.521,110.86,109.269
2,49.708,104.416,0.997,96.243,104.899,106.101,99.312,0.979,108.241,1.017,110.16,104.867,100.102,111.128,1.133
4,50.104,100.981,112.112,105.743,1.046,1.065,102.829,10.536,93.878,114.102,105.913,1.036,1.053,94.065,9.633
4,50.222,106.435,105.194,115.68,0.957,1.046,104.514,9.555,95.471,103.247,98.84,0.966,1.037,107.454,10.004
2,50.282,109.978,1.011,94.877,114.969,107.231,99.721,0.977,95.88,1.16,111.443,108.801,100.159,109.309,1.119
1,50.706,104.032,11.296,102.176,103.782,107.33,104.764,1.002,95.608,10.628,93.982,105.153,95.773,104.595,1.123
2,51.043,101.42,1.045,109.835,109.511,102.171,105.62,0.989,98.555,1.062,103.405,103.565,109.237,101.337,1.014
2,51.272,99.661,1.035,94.134,98.525,110.061,101.693,1.095,97.632,1.038,102.949,98.14,98.705,105.197,1.025
4,51.336,108.354,107.19,100.072,1.088,1.027,104.75,10.295,105.445,113.473,108.386,1.08,1.063,95.142,9.643
1,51.4,100.61,11.477,96.669,100.849,105.328,105.469,1.023,107.92,11.234,104.194,109.124,93.274,97.591,1.104
1,51.536,94.975,10.497,97.633,102.836,93.768,94.941,1.034,101.484,11.279,95.686,101.525,104.774,97.298,1.099
3,51.793,99.341,108.21,110.24,10.486,106.137,101.752,107.646,99.195,107.527,107.456,11.383,118.546,116.355,99.962
3,51.941,99.304,109.132,103.843,11.154,100.786,102.322,103.958,104.582,106.238,107.62,9.753,111.649,105.259,96.692
4,51.943,103.922,104.706,104.511,1.026,1.082,104.0,9.871,99.481,113.938,115.639,1.016,0.971,95.187,9.749
2,52.391,97.237,1.14,106.044,108.642,102.544,106.558,1.148,93.041,0.998,95.737,109.728,100.159,103.452,1.134
4,52.568,95.338,114.661,111.569,1.033,0.96,107.539,10.5,106.309,99.929,101.632,1.101,1.074,105.356,11.208
4,52.629,105.178,102.019,117.054,1.088,0.972,106.114,11.016,102.151,113.157,104.288,1.022,0.963,96.155,10.166
4,52.729,102.32,105.204,104.557,1.031,1.079,94.61,11.055,109.148,113.259,106.79,0.987,1.078,99.924,10.931
3,52.762,105.749,97.212,101.903,11.048,111.076,117.963,110.104,108.571,99.433,98.413,9.751,100.832,109.928,109.954
2,52.826,107.347,1.078,95.679,113.358,98.703,104.423,1.076,97.321,1.055,100.224,105.603,109.437,98.969,1.148
2,52.92,107.227,1.085,95.476,115.398,99.165,98.665,1.052,101.332,1.143,102.949,102.179,104.048,102.067,1.154
3,53.417,102.356,112.076,105.266,11.296,104.823,115.514,107.568,106.261,106.578,103.34,10.044,116.76,114.373,111.017
3,53.82,107.046,101.565,96.753,11.529,108.645,117.188,106.376,102.093,104.796,111.677,10.799,110.645,106.369,109.226
2,54.221,102.396,1.053,108.891,104.039,103.395,113.143,1.147,102.364,1.052,97.456,112.405,107.375,96.933,1.095
2,54.469,103.083,1.124,108.857,105.818,110.584,96.862,0.994,105.101,1.028,95.921,112.968,102.536,109.942,1.128
4,54.723,99.081,108.063,107.044,1.024,1.026,108.939,10.76,110.834,109.541,113.551,0.943,1.077,107.295,10.559
1,54.864,109.452,11.151,96.865,104.422,100.047,102.286,1.087,110.703,10.773,107.678,102.619,96.218,95.423,1.063
2,54.928,104.525,1.15,110.316,104.867,101.439,108.944,1.128,94.818,1.09,105.002,114.099,115.876,108.245,1.101
3,55.011,113.286,101.477,107.62,10.027,107.662,102.768,97.84,102.616,102.986,99.754,10.367,104.204,117.929,110.376
3,55.081,101.709,99.983,106.423,10.076,104.452,101.234,101.614,98.436,103.894,112.641,11.448,112.379,114.733,104.813
4,55.48,110.613,104.735,114.187,0.969,0.935,97.244,9.868,106.136,111.158,117.121,0.989,1.007,97.123,11.118
1,55.499,106.663,11.175,107.009,99.851,101.386,100.413,1.137,107.345,11.499,104.371,102.836,107.565,97.778,1.099
4,56.085,104.269,102.572,107.423,1.019,0.994,100.133,10.41,102.575,112.354,108.261,1.027,0.998,101.022,10.696
4,56.086,99.547,102.119,104.402,1.048,1.052,101.005,11.036,102.575,98.465,105.735,0.945,1.0,102.592,10.496
3,56.167,110.632,107.191,100.34,11.017,116.101,112.804,108.412,101.253,105.278,102.036,10.886,111.118,112.731,96.935
3,56.2,101.617,108.432,111.495,10.543,111.502,112.028,103.061,99.484,102.624,109.896,11.147,111.971,106.284,97.447
2,56.224,101.088,1.09,110.609,110.674,106.138,99.326,1.044,103.206,1.076,109.099,100.947,106.33,106.822,1.11
2,56.787,97.688,1.022,110.826,114.96,106.13,113.43,1.067,107.639,1.126,104.115,114.628,108.424,108.789,1.133
1,57.478,110.167,10.539,102.269,110.251,100.994,94.612,1.026,104.458,10.02,100.962,102.235,105.881,108.111,1.061
3,57.842,113.723,108.002,106.243,10.389,100.303,111.266,94.702,111.257,104.253,106.272,9.767,106.414,106.905,104.286
4,58.05,93.196,106.173,105.656,1.064,0.973,93.94,9.936,96.535,98.886,114.241,1.066,1.028,107.48,10.181
3,58.142,113.878,100.989,112.419,10.811,100.258,106.835,111.404,102.642,104.253,106.965,10.495,105.55,108.905,96.345
4,58.183,104.698,111.057,107.115,0.962,1.03,94.065,10.461,95.115,101.73,101.389,1.105,1.049,104.623,10.688
3,58.915,101.33,111.567,109.24,10.27,108.508,109.582,108.682,113.77,109.082,106.434,10.616,107.224,105.007,94.388
2,59.329,94.043,1.0,105.543,107.855,113.122,108.732,1.051,97.841,1.104,102.763,112.114,105.551,96.621,0.985
1,59.76,100.016,11.69,92.947,113.955,99.537,107.504,1.048,108.593,10.182,107.897,113.072,104.374,101.712,1.062
1,59.909,106.842,11.771,96.09,107.144,100.212,96.542,1.109,99.466,11.006,104.355,113.548,100.151,106.893,1.065
2,60.095,102.697,1.12,109.84,103.4,109.457,109.659,1.045,100.427,1.014,98.34,112.821,112.799,103.859,1.04
3,60.607,103.067,102.164,110.652,11.427,117.32,100.2,94.819,114.473,104.324,111.809,10.606,100.467,107.719,97.028
4,60.742,108.228,115.273,100.652,1.033,1.034,104.086,10.744,95.057,102.552,99.586,0.986,1.006,106.67,11.235
1,60.917,110.594,11.405,98.981,109.071,106.083,95.917,0.983,102.484,10.818,93.645,107.173,106.67,110.744,1.167
1,61.088,105.05,10.074,95.005,101.676,107.909,103.192,1.002,100.471,11.068,99.855,107.465,98.03,98.894,1.099
3,61.293,107.219,95.684,101.523,9.78,103.307,107.411,108.471,114.857,109.696,112.039,9.793,110.172,105.331,104.34
3,61.44,114.935,97.943,104.992,10.84,113.615,118.943,109.962,101.891,107.354,97.171,11.305,112.665,107.623,100.188
4,61.522,102.599,112.793,105.913,1.097,1.01,106.01,11.208,94.119,114.185,104.402,1.053,1.099,104.806,9.815
2,61.645,109.133,1.078,108.764,112.968,109.792,107.611,0.989,101.682,1.148,106.36,112.821,101.735,102.468,1.122
2,61.718,109.763,1.114,100.536,99.41,115.714,96.845,1.159,93.707,1.018,103.011,101.556,112.861,108.633,1.012
3,61.976,103.586,109.318,113.919,10.128,116.822,105.366,96.0,116.843,104.484,110.048,11.043,104.641,118.095,104.505
4,62.63,105.031,113.463,114.531,0.964,0.927,95.377,10.049,104.932,105.544,100.38,1.047,0.954,107.407,10.085
4,62.662,100.322,106.09,116.206,0.951,1.079,93.117,11.107,109.385,109.076,105.351,0.983,1.072,95.377,10.156
2,62.998,109.57,1.157,111.612,105.709,115.944,113.33,1.061,95.912,0.995,99.204,108.847,100.615,106.719,1.105
1,63.483,95.608,11.619,92.595,106.276,100.718,98.418,0.983,112.436,10.321,101.671,106.07,93.013,104.51,1.111
3,63.802,102.041,96.784,99.423,10.935,112.57,105.205,101.503,108.388,97.602,111.508,10.197,111.18,114.351,95.533
1,64.035,109.893,11.825,108.921,104.922,100.179,110.398,1.086,101.007,11.428,95.28,106.505,107.041,102.211,0.989
4,64.193,97.752,100.478,116.315,1.049,1.072,107.891,9.635,100.287,112.023,100.787,1.012,1.065,98.53,10.554
4,64.765,97.176,109.942,107.073,1.021,1.026,101.353,10.072,104.282,112.197,102.843,0.951,1.065,102.816,10.205
2,65.021,105.234,1.008,109.704,104.732,98.703,96.375,1.156,102.035,1.007,110.087,98.595,105.743,97.101,1.113
3,65.246,105.612,95.618,110.605,10.589,100.875,112.101,106.221,113.954,100.064,99.32,11.318,116.599,110.671,104.793
3,66.161,109.619,104.045,110.593,10.78,105.28,108.708,108.932,104.639,106.263,111.414,10.935,106.565,107.919,101.553
2,66.564,103.083,1.109,110.403,108.642,113.12,103.297,1.074,100.386,1.011,97.386,109.881,99.58,105.326,1.036
3,66.679,108.535,111.435,114.163,10.215,113.719,107.425,102.053,104.464,97.943,114.073,11.337,113.598,118.153,108.676
4,67.444,104.833,105.704,99.841,1.016,0.995,100.743,10.528,108.739,110.005,108.442,1.009,1.057,97.244,9.926
4,67.61,96.768,97.955,102.989,0.991,1.028,100.621,10.614,107.549,103.95,98.842,1.015,0.936,102.481,10.913
2,67.87,94.573,1.081,97.591,108.421,103.305,107.336,1.007,103.446,1.137,101.957,107.515,101.991,101.478,1.053
3,68.69,113.787,106.404,104.343,9.788,107.374,114.202,99.553,113.033,94.43,112.591,10.689,115.146,111.179,95.162
1,69.548,105.821,10.06,92.094,96.972,103.269,107.308,1.092,112.086,11.409,96.094,102.431,94.737,95.66,1.077
2,69.608,105.435,1.066,96.848,104.364,99.787,100.289,1.152,96.966,1.074,98.203,99.686,98.71,100.683,1.013
2,69.639,97.919,1.066,101.107,109.58,113.579,99.814,1.133,101.066,1.112,110.842,98.781,112.489,113.12,1.06
1,69.667,109.972,10.742,93.291,114.059,98.457,105.377,1.07,101.571,10.126,95.139,112.843,97.517,102.937,1.028
1,69.782,108.151,11.543,104.682,113.6,104.545,102.614,1.146,97.664,10.966,98.698,114.479,104.845,98.135,0.982
1,69.849,106.985,10.767,98.948,109.696,101.581,105.757,1.119,107.843,11.602,99.457,113.364,98.599,110.342,1.066
2,69.897,93.062,1.142,107.839,107.185,111.73,102.955,1.078,100.376,1.14,96.702,115.319,106.005,95.933,1.029
3,69.942,109.126,110.351,100.218,11.186,113.0,118.37,97.028,116.908,98.389,102.854,10.795,108.061,101.305,96.271
3,70.065,109.068,110.466,101.604,10.18,115.031,115.803,108.323,99.457,96.969,114.117,10.818,103.384,114.266,110.108
1,70.132,103.146,11.668,102.974,112.449,93.506,98.163,1.147,107.736,11.136,103.269,108.336,96.174,100.898,1.013
3,70.263,111.857,108.493,113.216,11.021,116.088,109.777,102.019,109.584,99.734,113.868,11.427,104.533,109.948,98.714
3,70.435,107.939,106.517,105.315,9.767,117.756,103.387,108.03,106.216,95.805,99.849,10.892,109.529,100.749,96.053
2,70.95,93.201,1.045,99.108,115.381,111.257,99.819,1.138,96.357,1.008,103.168,106.181,113.12,109.765,0.98
3,71.174,114.283,109.448,97.171,10.483,116.074,118.662,104.331,113.888,97.943,108.992,11.402,104.823,113.903,111.718
1,71.44,112.07,11.132,96.534,109.168,95.616,106.481,1.164,112.32,11.89,92.762,100.304,100.126,94.515,1.153
2,71.534,100.1,1.007,103.591,106.132,103.351,108.745,1.029,109.856,1.124,99.862,103.923,107.521,109.993,1.077
3,71.809,116.321,99.084,104.218,11.333,114.805,113.302,103.786,98.506,97.17,98.373,10.322,111.115,115.981,105.601
2,71.839,98.647,1.089,99.452,107.142,116.863,112.869,1.006,109.31,1.061,109.845,102.729,115.538,103.949,1.125
3,71.878,107.399,111.749,113.338,10.494,113.02,116.512,98.693,114.926,100.101,96.357,10.011,103.085,107.616,110.446
4,71.983,100.926,99.822,114.343,1.002,1.034,107.169,9.519,104.882,113.586,112.712,1.091,1.078,94.914,9.735
1,72.06,102.287,10.65,98.072,97.52,96.604,105.77,1.167,104.868,11.04,97.974,109.73,98.446,105.886,1.135
1,72.459,101.415,11.479,101.686,110.453,104.505,110.401,1.13,108.702,10.996,108.002,109.942,98.791,94.173,0.984
1,73.5,100.607,11.69,97.633,101.373,100.992,106.818,0.992,96.645,11.04,98.987,106.412,96.96,99.687,1.101
4,73.502,97.231,103.322,108.931,1.101,1.064,105.074,9.515,97.847,101.727,111.659,1.092,1.009,109.241,9.598
2,73.711,105.217,1.143,109.61,101.365,106.319,103.648,1.118,100.637,1.027,98.334,103.197,101.116,98.033,1.1
1,73.77,108.31,10.308,104.628,110.008,102.86,95.783,1.146,112.465,10.879,97.553,108.336,94.847,94.469,1.048
1,74.661,99.539,11.213,104.821,106.239,100.307,95.346,0.991,102.696,10.182,92.535,108.437,107.819,97.104,1.122
2,74.671,106.611,1.084,94.384,115.387,106.625,99.853,1.042,96.002,1.127,105.003,105.103,114.109,105.359,1.114
2,74.748,105.719,1.138,100.035,105.502,112.799,103.98,1.127,100.091,1.061,105.492,100.053,98.559,102.742,1.084
2,75.039,101.731,1.111,97.386,107.536,114.919,107.691,1.144,106.067,1.12,110.865,104.039,98.827,108.98,1.08
1,75.209,95.847,10.926,102.38,96.801,108.879,102.085,1.138,104.182,10.126,99.607,101.333,96.157,105.202,1.031
1,75.383,99.475,11.044,106.43,106.264,98.542,109.386,1.096,97.601,11.301,102.418,105.146,99.145,108.863,1.144
2,75.829,100.511,1.061,104.153,98.578,108.486,100.289,0.989,102.916,1.012,101.701,101.879,112.543,102.866,0.98
3,76.168,102.475,100.379,97.984,9.985,112.156,110.744,99.193,102.093,108.58,99.462,10.105,115.096,103.855,95.268
2,76.186,108.488,1.131,107.595,99.576,100.733,112.071,1.133,94.842,1.105,105.934,104.899,103.056,108.4,1.044
2,76.662,109.195,1.08,109.919,100.331,102.474,103.032,1.027,100.886,1.17,96.371,98.14,107.334,98.786,1.103
3,76.941,113.587,100.805,113.289,10.799,112.156,108.761,96.332,107.236,96.748,104.127,11.518,112.246,102.647,96.665
4,77.091,108.455,104.535,101.064,0.934,1.051,97.07,9.909,108.142,110.538,102.214,0.993,0.987,98.241,10.029
4,78.032,108.138,105.607,115.362,0.979,1.043,108.015,10.039,107.547,102.597,101.064,0.957,1.052,98.243,10.921
4,78.082,96.842,115.086,114.284,1.07,1.057,106.384,9.643,98.107,104.807,107.789,0.999,1.016,98.603,10.511
1,78.832,99.73,10.114,94.626,106.135,100.847,95.075,1.021,107.025,10.147,96.075,108.194,101.866,110.312,1.072
2,78.972,100.002,1.162,108.603,107.017,115.439,98.549,1.013,109.158,1.004,96.706,102.316,113.055,108.155,1.13
4,79.607,96.167,100.168,107.291,0.974,1.062,97.79,10.784,101.409,112.543,99.199,1.101,1.038,101.233,10.928
4,79.824,98.36,110.85,102.659,0.964,0.928,100.997,10.408,106.256,109.671,105.569,0.979,1.011,95.25,11.013
4,79.826,103.148,112.07,115.68,1.057,1.07,104.21,10.186,93.77,106.951,107.492,1.044,1.064,104.485,9.726
2,81.094,106.2,1.105,108.857,111.317,102.002,98.533,0.993,107.37,1.14,101.972,106.579,116.153,111.896,1.11
2,81.346,104.268,0.993,102.648,104.35,104.024,104.953,1.084,107.336,1.155,96.733,102.884,114.353,104.517,1.004
1,81.388,94.951,10.928,102.45,109.696,95.338,108.872,1.069,109.539,11.831,93.327,108.032,92.325,96.56,1.121
4,81.681,101.942,98.821,116.378,0.986,1.007,99.488,10.286,96.035,103.356,99.568,0.948,1.03,94.723,9.92
1,81.745,102.455,11.801,93.546,111.501,95.901,109.956,1.158,106.107,10.405,101.667,110.987,98.136,104.804,1.09
1,81.998,96.078,11.16,102.384,99.273,98.035,105.121,1.165,107.843,11.166,92.724,107.855,103.596,109.498,1.155
4,82.503,95.272,112.079,101.02,0.947,1.047,102.992,9.992,95.602,99.964,117.32,1.103,1.051,104.025,10.434
3,83.355,98.41,96.77,109.11,10.123,115.213,107.015,102.547,114.55,105.815,103.816,10.864,109.571,108.027,106.237
3,84.04,115.791,112.104,114.117,11.448,114.734,108.862,108.423,100.419,104.959,110.114,9.843,107.93,102.147,101.299
4,84.314,96.97,103.047,107.677,1.045,1.033,107.918,10.62,93.77,111.289,115.266,1.075,1.054,92.88,9.87
4,84.34,93.894,101.695,116.675,0.949,1.025,95.972,9.631,95.586,106.134,109.639,1.026,0.936,93.787,9.47
2,84.439,100.287,1.03,94.134,98.912,110.553,97.793,1.004,95.162,1.006,94.74,99.356,101.439,109.908,1.103
3,84.65,114.891,97.71,101.367,11.522,105.386,110.744,102.413,116.161,95.09,113.987,11.326,107.169,118.609,110.596
4,85.222,99.878,111.074,101.222,1.044,0.954,103.219,9.851,102.611,106.673,112.829,1.07,0.992,102.139,10.331
3,85.454,112.45,96.731,100.844,11.45,110.792,102.877,97.901,102.448,98.593,110.54,10.892,118.647,103.363,106.858
1,85.806,112.7,10.763,104.611,114.934,99.49,93.626,1.075,100.425,10.087,101.877,99.678,104.636,109.836,1.085
2,86.506,106.854,1.148,105.326,100.243,104.399,103.8,1.009,100.064,1.019,109.512,97.924,109.351,103.685,1.106
4,86.512,96.36,115.229,114.133,0.981,0.965,93.766,10.77,93.998,112.027,115.913,1.002,1.021,104.114,11.011
1,86.606,110.377,10.411,92.662,112.436,107.395,109.836,1.007,103.069,10.948,107.891,100.554,106.424,110.09,1.088
1,86.654,108.856,11.096,93.831,96.943,95.299,106.217,1.002,109.582,10.209,98.886,106.072,102.947,102.678,1.083
4,86.803,110.246,110.538,99.514,1.084,1.059,93.974,9.882,108.835,108.003,99.38,0.987,1.05,93.4,10.199
2,86.95,97.393,1.117,99.719,98.857,104.048,108.067,1.138,104.586,1.085,105.883,104.861,100.37,98.303,1.073
3,87.233,109.787,96.944,102.729,10.668,100.981,107.318,97.487,98.815,96.531,96.665,11.286,110.53,113.863,109.91
2,87.556,105.861,1.013,97.474,116.147,111.549,108.981,0.988,93.682,1.136,105.002,109.985,110.989,97.481,1.15
3,87.693,105.271,107.366,113.197,9.861,117.455,116.665,98.87,104.821,97.037,107.996,9.779,109.68,110.874,102.279
1,87.941,109.253,10.722,100.57,101.525,98.446,98.194,1.016,111.671,11.557,96.534,113.207,102.738,94.971,1.094
1,88.003,100.632,10.122,107.874,111.497,103.361,107.315,1.011,104.438,10.844,104.996,101.554,103.164,100.698,1.155
3,88.218,100.358,98.922,111.589,10.486,117.134,119.006,102.259,112.492,106.395,104.794,11.089,105.286,102.711,112.191
3,88.304,107.246,104.892,96.887,10.225,111.815,117.221,98.486,98.545,109.756,106.579,9.804,110.087,108.142,103.001
4,88.345,96.772,116.116,116.479,1.109,1.091,94.369,9.857,104.118,109.7,102.416,0.974,1.05,101.038,10.298
1,88.346,112.781,11.77,108.083,102.836,97.711,94.305,0.998,101.639,10.232,95.436,109.287,92.144,96.943,1.004
3,88.568,113.878,94.972,103.02,11.15,114.894,106.417,103.91,102.77,99.034,101.034,10.012,114.146,118.072,109.981
4,88.902,98.117,115.124,116.675,1.033,0.968,103.219,10.658,107.337,101.216,109.347,1.049,1.073,106.276,10.737
4,89.164,105.905,109.909,107.789,1.012,0.955,105.372,10.235,100.51,105.985,105.896,1.014,1.087,104.0,10.156
2,89.319,102.697,1.064,109.845,111.944,113.464,104.517,1.159,108.922,1.094,109.839,97.838,111.071,108.336,1.027
1,89.437,106.279,11.557,101.85,108.336,99.547,99.563,1.14,110.887,10.222,103.065,105.627,102.568,105.248,1.152
2,89.742,99.056,1.073,107.158,108.916,102.023,108.119,1.064,100.452,1.079,108.064,102.194,111.072,100.724,1.152
4,89.749,107.215,115.666,98.863,0.943,0.944,107.46,10.029,104.237,112.793,110.563,1.041,0.936,96.806,10.412
3,89.914,114.146,110.358,105.184,11.432,101.227,116.379,111.061,111.082,102.542,108.778,11.362,114.245,109.394,107.9
2,89.958,96.269,1.083,103.604,114.985,113.183,103.655,1.1,98.219,1.137,103.717,107.515,111.361,107.334,1.152
3,90.275,100.811,99.195,97.702,10.305,109.935,107.201,102.661,101.891,98.007,111.659,10.84,105.707,104.655,96.198
2,90.37,93.636,1.054,109.84,115.388,102.399,103.949,1.004,94.818,1.143,111.006,100.672,111.733,104.569,1.076
4,90.565,99.454,114.452,113.789,0.961,0.949,98.442,10.299,110.79,110.929,114.325,1.01,1.052,102.12,11.081
1,91.062,112.7,10.528,104.04,108.08,105.832,107.617,1.075,104.222,10.016,103.355,106.024,101.971,100.509,1.088
2,92.207,92.917,1.097,105.7,100.243,103.376,97.412,1.136,96.22,1.005,110.868,112.358,106.795,95.994,1.129
4,92.45,101.97,115.286,105.55,1.039,0.928,98.813,10.653,109.931,102.321,112.418,1.073,0.932,103.219,10.555
2,92.473,101.151,1.104,109.689,109.634,111.933,109.587,1.092,93.425,1.079,98.712,105.102,101.61,111.692,1.077
1,92.764,100.788,11.784,107.487,102.965,96.683,109.956,1.052,102.645,11.472,106.782,106.412,104.626,104.23,1.165
3,92.815,104.104,106.423,97.814,11.226,103.685,101.078,107.22,114.356,99.413,113.812,10.142,111.18,114.363,102.537
4,93.08,110.287,98.814,112.448,1.061,1.003,106.798,10.754,104.777,116.16,99.077,1.105,1.048,102.988,11.148
2,93.135,107.402,1.166,96.254,101.259,116.679,106.07,0.982,104.861,1.067,101.815,111.204,101.305,108.557,1.02
1,93.155,102.599,11.571,100.755,111.492,92.859,94.618,1.152,112.525,11.717,92.662,112.253,92.182,109.962,1.074
1,93.698,105.329,10.108,102.438,99.856,94.893,93.737,0.994,111.76,11.717,106.543,98.861,98.339,96.506,1.07
1,93.787,99.419,11.886,97.605,97.52,100.796,110.227,1.047,95.587,10.433,93.307,99.851,96.088,93.782,1.025
4,94.024,97.482,100.405,116.726,1.007,1.067,105.186,9.879,108.417,103.956,103.902,1.024,0.966,96.908,9.654
3,94.514,102.093,103.048,112.688,10.218,105.952,108.928,96.837,103.732,107.468,110.671,10.687,102.055,108.873,98.265
2,95.773,105.842,1.011,100.536,108.597,110.582,98.61,0.987,100.78,1.158,107.237,110.071,108.31,105.987,1.071
2,95.778,102.999,0.994,107.839,109.191,107.684,96.534,1.118,103.736,1.048,99.662,102.482,115.944,111.677,1.025
4,96.002,98.107,107.775,114.782,1.087,1.094,104.688,11.019,108.773,114.185,100.072,0.977,1.097,102.957,10.372
2,96.037,109.235,1.039,94.466,116.028,105.77,111.734,1.124,99.032,1.146,105.361,101.2,103.671,96.621,1.074
4,96.186,109.275,107.68,109.131,0.986,0.934,104.539,10.868,99.876,115.745,105.351,0.971,0.955,96.512,9.498
3,96.482,112.142,108.396,103.35,9.959,108.061,102.147,109.642,107.045,98.049,110.675,10.161,118.667,101.413,99.883
1,96.692,100.696,10.763,104.52,101.37,106.766,103.277,1.133,106.058,10.918,100.015,111.833,96.403,97.298,1.016
3,96.693,102.989,96.678,113.902,10.256,100.734,112.005,109.261,113.77,104.971,104.127,9.776,113.48,105.575,98.714
3,96.775,114.009,102.771,113.874,10.599,118.528,117.793,101.33,104.961,102.432,110.777,11.358,114.87,113.044,99.194
3,96.926,114.205,96.005,104.534,11.097,115.989,100.964,110.241,98.65,103.797,112.293,10.178,106.266,108.541,104.612
4,97.17,107.347,103.247,106.881,0.962,1.071,107.407,9.481,95.382,114.123,114.133,0.941,1.014,105.052,9.749
4,97.302,102.947,105.289,102.599,1.026,1.061,95.654,9.593,104.131,99.931,107.154,0.962,0.981,98.136,9.701
2,97.613,107.971,1.06,99.977,115.781,106.187,103.015,1.146,93.307,1.016,111.468,99.568,115.69,104.682,1.098
1,98.198,95.89,10.955,100.217,104.252,96.646,109.081,1.06,100.682,11.225,101.247,101.237,99.613,101.574,1.095
3,98.422,113.655,96.879,99.303,10.163,113.48,103.548,106.017,98.448,97.325,108.945,10.217,118.58,114.202,102.46
4,98.427,95.44,101.637,105.799,1.081,0.995,105.162,9.965,99.153,108.39,105.247,0.937,0.988,107.106,9.653
1,99.102,95.787,11.344,101.695,114.434,102.252,94.724,1.039,99.531,11.363,103.165,98.565,95.746,98.997,1.095
1,99.482,109.797,11.074,108.682,112.012,103.102,108.113,1.009,97.507,10.866,99.969,96.715,93.206,102.762,1.103
4,100.647,108.155,113.397,105.879,0.957,0.946,95.803,10.77,106.755,105.132,115.639,0.971,1.006,105.773,10.182
3,100.787,102.762,111.484,98.485,11.133,112.648,103.172,111.017,113.386,99.983,105.223,11.364,105.533,117.544,110.52
2,100.808,97.424,1.041,111.443,115.279,101.291,113.294,1.131,105.196,1.009,101.705,108.224,110.756,112.874,1.036
1,101.102,111.519,11.87,100.434,114.082,101.742,103.877,1.028,103.249,10.469,108.124,109.044,103.729,98.997,1.147
3,101.272,101.396,98.692,104.868,10.253,110.893,104.746,95.151,112.142,99.591,111.492,10.825,112.382,102.711,110.961
3,101.667,102.699,98.893,114.218,11.085,112.85,108.541,96.812,109.212,108.318,112.161,10.397,115.255,100.34,102.712
4,101.78,105.977,102.119,106.86,1.009,0.993,93.94,11.193,99.09,109.46,107.73,0.999,1.042,104.419,10.207
2,102.236,97.841,1.112,111.116,114.456,107.945,108.901,1.002,99.541,1.013,111.578,98.754,108.437,101.882,1.158
2,102.463,107.212,1.148,102.554,102.293,112.861,113.465,1.12,97.186,1.058,104.389,107.626,115.714,96.972,0.997
3,102.741,103.562,111.006,102.82,10.143,115.828,100.2,103.876,108.121,98.708,107.018,10.957,108.043,106.176,105.091
1,103.049,109.677,10.657,103.802,109.168,92.285,94.381,1.093,102.167,10.109,106.69,109.047,95.78,98.996,1.091
4,103.205,100.981,110.566,115.462,1.093,0.957,101.682,10.084,103.466,111.928,103.937,1.048,1.093,98.462,11.011
3,103.288,114.583,109.677,111.461,10.423,103.273,102.767,101.041,116.965,96.448,109.892,11.262,110.761,101.798,107.909
4,103.422,94.76,103.048,99.798,1.03,1.007,104.283,9.942,100.218,100.985,114.241,1.047,1.088,104.597,10.023
4,103.735,95.71,108.698,104.282,0.987,0.978,93.006,10.859,102.265,115.125,115.495,1.103,1.055,97.765,10.343
4,104.404,110.572,105.607,108.188,1.019,1.054,106.221,10.532,93.883,102.276,105.814,0.996,0.935,94.007,9.93
4,105.365,102.322,115.286,112.231,0.992,1.099,101.136,10.208,102.503,104.3,100.864,1.073,0.935,92.267,11.087
1,105.803,107.477,10.539,101.65,98.51,99.099,109.807,1.167,97.808,10.793,93.215,113.704,104.726,97.089,1.07
1,106.15,107.477,10.503,102.367,106.024,100.718,104.369,1.092,107.637,11.041,100.662,103.326,108.451,98.418,1.124
1,106.365,103.088,10.081,92.646,114.155,104.972,105.662,0.988,110.594,10.368,101.498,112.54,106.226,103.266,1.135
4,106.874,94.592,113.665,103.516,0.981,1.074,100.446,9.782,94.741,100.434,114.944,1.049,0.983,97.838,10.967
3,107.295,99.707,106.065,96.075,10.032,113.551,110.707,111.034,111.687,108.002,112.688,11.151,115.065,101.674,99.789
1,107.45,104.73,10.122,92.422,97.635,99.068,110.103,1.043,100.607,10.449,106.518,110.579,108.161,99.877,1.059
1,107.584,112.246,10.117,93.215,101.106,101.786,98.361,1.066,105.212,11.195,97.966,111.872,92.549,104.715,1.053
2,107.876,98.591,1.014,106.741,106.298,99.091,108.987,1.158,103.605,1.026,94.018,113.894,111.227,101.931,1.082
1,108.657,104.598,11.504,107.964,99.153,95.901,105.871,1.143,101.498,10.994,96.53,101.038,103.326,105.265,1.007
1,108.749,98.501,11.886,101.686,114.497,100.555,101.94,1.046,95.067,10.976,98.119,96.968,92.603,106.283,1.073
4,108.789,101.073,110.566,106.648,0.988,0.937,102.332,10.859,106.936,113.018,105.415,1.06,1.065,98.422,11.163
1,108.842,103.78,11.475,95.244,114.162,97.911,100.181,1.141,99.489,10.909,92.567,97.312,105.493,105.189,1.099
2,108.863,105.198,1.127,97.679,116.13,101.51,102.742,1.14,94.651,1.013,110.826,113.648,110.632,110.119,1.046
1,109.015,106.693,10.042,103.165,98.835,105.886,110.054,1.015,97.527,10.324,106.782,102.118,100.555,100.196,1.108
4,109.215,102.925,111.85,103.476,0.989,1.072,92.556,11.138,109.955,102.893,104.535,1.094,1.0,106.285,10.964
3,109.642,103.196,106.092,113.05,9.735,116.349,110.744,111.165,100.63,102.023,100.764,10.149,110.631,107.567,109.853
3,109.672,110.602,104.498,108.368,11.446,117.818,116.355,111.93,101.198,111.953,100.021,10.193,110.645,117.255,107.457
3,109.785,100.549,110.481,105.013,10.043,107.613,113.925,106.037,102.603,94.638,101.816,10.284,114.971,118.103,97.487
4,109.841,107.717,104.064,103.067,1.069,0.988,102.991,9.837,102.265,106.168,101.313,1.098,0.976,101.005,10.751
2,110.159,96.484,1.152,97.913,106.03,103.443,107.116,1.154,103.898,1.002,108.793,114.041,104.048,102.065,0.987
1,110.712,96.423,11.344,100.744,103.251,100.248,109.656,1.06,101.189,10.05,105.223,111.614,102.915,109.481,1.044
4,110.801,102.575,112.477,111.694,1.031,1.007,101.136,10.859,109.931,110.994,105.92,1.025,0.975,106.217,9.57
1,110.877,99.86,11.764,101.877,106.959,99.613,94.297,1.11,97.923,10.177,93.128,106.339,95.565,107.736,1.115
1,111.153,100.531,10.109,92.081,111.257,106.766,104.41,1.028,97.177,10.759,97.336,109.73,105.358,96.727,1.029
1,111.163,109.46,10.484,92.421,111.705,97.651,106.481,1.162,96.748,10.839,97.048,104.164,95.343,104.217,1.136
4,111.181,108.809,115.427,116.359,1.105,0.96,94.613,10.39,106.872,104.276,106.746,0.959,1.035,102.991,10.531
4,111.246,101.327,113.476,100.093,0.999,1.087,100.763,10.329,104.821,114.09,117.09,1.024,0.937,108.401,10.139
1,111.607,106.783,11.782,93.108,98.026,99.264,98.574,1.028,110.532,11.846,105.613,108.301,107.041,108.719,1.11
1,112.16,112.126,10.775,97.252,103.633,104.237,102.553,1.074,106.984,11.046,107.164,106.339,104.559,100.263,1.164
1,112.43,106.446,11.859,103.12,113.195,103.195,101.877,1.015,98.105,10.763,99.216,114.542,106.893,96.506,1.076
4,112.886,104.583,99.434,98.863,1.036,0.966,102.018,9.479,97.39,110.519,104.181,1.066,1.074,105.764,10.924
3,113.155,101.817,98.356,113.837,10.508,100.608,101.655,102.537,116.732,109.532,103.584,10.553,116.375,117.537,98.198
2,113.22,99.751,1.149,108.819,100.977,111.073,107.179,1.129,109.31,1.083,102.763,110.409,112.897,98.458,1.014
2,113.662,95.462,1.162,103.703,99.826,111.257,113.129,1.078,97.051,1.155,111.209,104.038,99.732,111.941,1.008
2,113.847,93.383,1.143,97.443,101.605,108.849,104.73,1.013,106.212,1.05,100.793,98.989,107.415,108.241,1.009
1,114.006,105.593,10.816,103.049,106.276,95.061,105.627,1.005,102.039,10.111,104.996,102.073,95.606,101.262,1.039
4,114.045,109.927,114.743,105.802,0.961,1.038,99.284,11.204,98.776,107.017,116.794,1.096,1.081,102.276,9.871
2,114.356,99.541,1.059,103.003,97.985,98.482,108.067,1.152,99.069,1.097,96.431,99.668,106.678,103.98,0.987
2,114.375,102.764,1.106,106.849,111.107,101.116,107.286,1.134,104.391,1.1,97.398,113.232,115.321,109.508,1.048
1,114.391,97.923,11.843,103.707,111.141,104.399,94.898,1.095,105.944,11.091,108.339,109.73,100.932,108.775,1.096
4,115.048,109.959,111.915,109.297,1.063,0.934,97.832,9.558,95.632,105.704,106.529,0.974,0.947,104.273,10.023
1,115.748,99.266,11.154,93.215,108.135,102.899,93.669,1.064,94.961,11.564,103.413,114.299,104.117,109.982,1.062
3,116.166,110.022,98.663,109.414,11.186,110.364,110.723,110.861,105.998,95.805,100.12,11.376,110.677,114.736,98.971
2,116.167,108.854,1.1,94.693,104.038,109.792,100.094,1.029,96.364,1.074,100.864,99.135,103.376,101.255,1.036
1,116.204,103.525,10.593,105.372,110.833,97.888,101.504,1.07,112.4,10.292,95.687,110.819,103.028,93.925,1.016
2,116.215,105.455,1.154,108.453,99.621,111.843,104.443,1.117,100.713,1.025,105.675,103.659,102.204,109.364,1.066
4,116.261,95.768,102.081,112.491,1.091,0.968,97.875,9.851,103.403,103.335,116.62,1.091,1.047,99.97,10.52
4,117.086,94.467,115.222,101.122,1.008,1.0,101.825,11.033,99.649,104.129,100.047,1.005,0.95,96.414,9.558
4,117.177,102.508,105.055,104.403,0.958,0.969,104.737,11.004,97.722,115.403,111.947,0.94,0.993,102.006,9.687
1,117.276,106.216,10.336,101.197,101.477,95.035,101.878,1.104,99.29,11.831,106.4,106.731,108.512,101.423,1.094
1,117.682,101.395,11.225,105.254,97.746,105.299,98.894,1.09,97.829,11.147,95.686,101.674,92.022,94.751,0.994
3,117.784,108.054,106.924,103.707,10.17,109.949,102.927,100.725,107.535,94.609,101.299,10.256,118.404,112.047,109.226
3,118.213,115.251,94.791,99.323,10.229,113.0,109.963,97.423,112.29,109.446,108.981,9.998,115.471,108.942,107.33
3,118.527,105.24,98.111,107.909,10.825,110.462,111.673,110.209,114.527,99.604,107.131,11.293,113.845,104.455,95.865
2,118.56,95.849,1.04,95.766,103.565,102.351,109.911,1.093,106.42,1.09,102.6,100.957,100.37,105.506,1.078
4,118.677,102.27,113.018,109.144,1.031,1.053,92.45,11.231,99.84,104.36,114.533,0.969,0.938,106.616,9.946
2,118.987,94.321,1.119,105.0,104.799,104.867,109.397,1.065,99.448,1.094,111.14,113.894,112.11,99.117,1.009
1,119.086,108.054,10.53,104.275,113.066,104.826,105.299,1.114,110.143,10.721,107.551,111.535,102.554,106.973,1.115
1,119.199,105.279,10.775,100.744,99.757,107.474,110.088,1.085,97.275,11.378,108.498,98.883,99.0,99.961,1.093
1,119.239,100.857,11.104,99.345,102.102,97.451,103.838,1.118,101.972,11.608,104.628,110.029,100.847,106.571,1.018
1,119.547,100.607,10.182,94.324,103.572,93.16,110.683,1.047,98.645,10.968,104.331,110.251,93.022,110.458,1.095
4,119.832,93.265,98.465,114.552,1.098,1.081,104.11,10.231,110.8,107.045,99.199,1.027,1.056,92.238,9.464
3,120.084,116.544,105.057,102.68,11.565,111.821,110.966,97.028,114.283,106.466,107.796,11.382,118.044,104.035,101.26
4,120.113,93.763,109.341,104.662,0.986,1.025,97.669,10.919,103.794,112.231,102.896,1.022,1.029,109.099,10.707
1,120.222,110.704,10.769,100.305,106.025,94.912,99.545,1.096,107.912,11.428,97.046,106.558,95.732,94.286,1.133
2,120.425,94.481,1.082,98.442,111.924,103.376,99.819,0.993,107.639,1.168,103.495,97.763,112.746,108.789,1.008
1,120.585,109.811,10.256,104.867,103.552,95.139,101.342,1.019,100.312,11.002,108.124,97.444,104.912,94.772,1.163
4,120.801,97.341,111.679,114.381,1.02,0.967,94.775,9.926,102.14,113.428,103.633,1.058,0.95,106.911,10.343
4,120.829,107.174,115.124,110.487,1.044,0.984,95.749,10.17,94.046,101.842,108.602,0.949,1.052,94.941,10.881
3,120.872,111.448,96.283,104.218,10.126,115.254,109.948,103.411,111.438,99.781,97.166,10.385,107.929,114.651,96.652
2,121.257,94.315,1.041,107.18,102.907,105.394,109.374,0.983,103.064,1.09,100.479,112.899,109.631,111.735,1.021
2,121.281,94.565,1.167,111.346,102.521,115.62,100.635,1.097,105.267,1.02,105.367,115.381,110.969,109.881,1.033
1,121.557,105.279,10.568,107.098,110.553,108.635,102.66,1.167,101.854,11.842,95.671,110.199,97.945,108.176,1.104
4,121.946,110.076,109.909,110.487,1.008,0.946,96.036,10.292,101.333,98.154,112.87,1.045,1.099,106.545,9.591
4,121.95,109.689,114.635,102.546,1.019,0.996,104.025,9.863,105.295,99.15,113.297,0.983,1.059,101.791,11.03
1,122.747,111.409,11.294,106.602,111.409,102.626,108.059,1.116,108.631,11.389,98.71,108.042,101.899,101.611,1.005
4,123.0,109.166,106.33,104.511,0.936,0.981,93.94,10.373,102.207,113.319,101.745,1.025,1.052,92.578,11.211
4,123.104,96.623,99.362,117.414,0.963,0.974,106.753,10.21,103.148,114.01,111.284,1.072,1.102,103.711,9.735
2,123.12,94.218,1.05,97.937,110.139,107.638,100.905,1.021,109.885,1.144,98.218,103.232,99.296,113.355,1.158
1,123.122,108.433,10.016,103.023,97.399,103.164,93.992,1.102,94.961,10.411,92.052,98.812,92.665,105.885,1.067
2,123.17,105.47,1.154,107.286,110.714,112.439,100.942,0.991,92.702,1.04,107.876,108.371,114.132,113.52,1.122
1,123.2,111.824,11.042,98.733,111.502,99.467,110.396,1.012,111.116,11.264,105.417,109.836,92.875,110.771,1.129
2,123.336,100.371,1.09,101.707,109.637,105.404,109.508,1.111,101.093,1.155,100.765,109.608,105.559,104.782,1.021
1,123.731,95.78,10.098,106.863,100.792,99.649,103.971,1.138,98.658,10.674,103.889,110.392,104.218,99.703,1.076
1,123.783,104.235,10.391,103.023,112.911,102.947,96.369,1.031,106.169,11.635,94.028,106.729,104.097,99.428,1.022
1,123.847,106.651,10.672,96.865,103.561,99.649,100.233,1.071,110.281,11.096,108.664,102.444,93.31,96.664,1.152
1,123.894,99.266,10.569,97.993,107.131,106.73,96.676,1.108,100.673,11.195,108.181,98.335,100.615,102.083,0.993
4,123.943,95.759,113.397,103.378,1.012,1.039,106.221,9.488,110.586,115.582,115.054,0.959,1.054,99.666,10.939
1,123.957,95.262,11.733,103.412,110.064,106.226,106.656,1.022,97.664,11.337,100.3,107.077,102.037,99.181,1.053
4,124.163,102.821,112.686,112.712,1.037,1.038,103.622,10.653,101.365,102.998,109.639,0.993,0.954,99.056,10.002
3,124.58,107.347,103.324,101.034,11.15,118.805,106.967,103.547,110.115,109.636,100.861,11.326,100.467,107.719,111.492
3,125.069,108.677,110.864,107.131,11.373,105.694,118.057,105.632,102.448,110.864,99.861,11.169,111.302,104.01,107.38
1,125.673,110.841,11.478,94.56,99.156,93.652,98.669,1.09,96.851,10.897,101.304,103.782,96.285,111.161,1.167
1,125.705,104.247,10.804,94.825,108.701,100.354,95.757,1.097,107.47,10.108,101.719,102.827,105.886,100.423,1.079
2,126.475,109.499,1.026,110.645,98.912,106.222,96.233,1.02,102.282,1.008,108.66,102.884,108.36,108.557,1.119
1,126.608,100.569,10.775,102.373,100.849,103.325,106.491,1.123,107.843,10.29,96.608,112.695,104.643,109.484,1.144
4,126.899,104.187,115.286,113.571,0.987,1.101,92.698,10.248,104.976,99.931,99.25,0.955,0.963,92.973,10.408
1,126.995,100.696,11.303,108.246,101.717,99.343,103.028,0.992,97.759,10.974,106.4,113.668,105.932,101.504,1.06
1,128.264,107.017,10.445,94.054,105.99,105.289,95.239,0.998,100.925,11.327,99.865,97.685,102.515,107.315,1.034
2,128.464,104.525,1.144,109.402,109.232,105.728,104.984,1.066,106.787,1.108,108.979,108.983,101.595,107.691,1.076
2,128.683,100.333,1.015,109.024,113.849,102.204,109.175,1.029,110.036,1.105,98.982,105.233,110.106,106.974,1.11
4,129.145,103.714,107.553,117.488,0.999,1.077,97.635,9.851,99.273,98.513,101.038,0.98,0.943,101.414,10.638
1,129.523,103.899,11.501,106.665,103.561,108.557,109.744,1.135,99.836,10.309,109.06,109.708,101.366,107.056,1.061
3,129.781,105.892,101.928,113.446,10.611,102.038,105.259,96.508,106.844,104.059,112.401,9.777,104.595,104.543,105.236
1,130.327,95.236,10.214,106.51,112.696,93.283,104.718,1.093,100.937,10.905,105.417,97.778,92.901,96.727,1.135
4,130.379,110.5,108.133,113.43,1.095,1.022,108.148,11.013,108.426,114.267,104.438,1.053,1.1,107.049,9.909
2,130.419,94.759,1.123,97.679,99.514,101.954,108.221,1.131,93.707,1.154,102.782,112.096,112.444,110.627,1.083
2,130.565,101.806,1.007,105.89,114.678,103.351,99.072,1.136,108.048,1.06,96.396,112.998,112.936,104.106,1.104
2,130.774,109.977,1.093,102.949,110.013,115.372,111.082,1.069,100.047,1.145,99.771,111.107,106.127,98.331,1.147
2,130.822,99.068,1.039,104.335,101.444,110.353,108.893,1.154,108.247,1.062,96.063,112.096,102.332,110.627,1.013
4,131.163,101.835,106.222,115.3,1.025,1.051,97.409,10.564,102.463,100.211,104.923,1.031,0.932,91.977,10.467
2,131.401,96.62,1.174,93.99,110.484,104.463,99.599,1.023,106.03,1.174,96.771,103.682,108.038,108.56,1.067
4,131.799,102.396,103.209,115.919,0.989,1.093,106.722,9.598,104.949,108.063,113.28,1.039,1.063,95.331,9.93
2,132.191,107.227,1.039,104.593,112.814,116.046,113.701,1.053,97.051,1.055,110.184,99.957,113.815,112.649,1.101
2,132.297,107.854,1.102,108.116,112.447,113.075,98.411,0.984,98.963,1.097,98.909,113.957,105.747,103.98,1.045
3,132.394,100.01,111.597,103.35,11.158,114.961,110.988,110.521,105.152,107.219,102.086,9.929,105.581,110.893,110.74
4,132.883,108.417,109.341,106.551,1.018,0.983,104.802,10.768,100.184,102.761,104.508,1.056,1.055,95.194,10.932
2,133.943,94.481,1.136,99.937,98.115,100.012,107.184,0.994,103.209,1.125,107.966,101.808,112.746,103.601,1.126
3,133.964,102.138,111.48,108.079,11.207,104.595,118.412,101.949,105.32,103.043,101.171,11.104,118.293,112.081,101.114
2,134.11,93.928,1.007,102.763,113.358,108.109,110.102,1.043,93.866,1.133,95.79,101.461,105.514,106.025,1.096
2,134.136,94.211,1.058,100.074,99.359,114.171,107.858,1.074,101.488,1.117,94.018,107.841,111.88,102.451,1.063
2,134.224,106.329,0.991,97.565,106.55,111.032,109.587,0.979,108.148,1.037,97.537,113.232,98.458,111.128,1.028
1,134.612,103.899,10.666,104.418,99.159,96.733,106.491,0.989,99.202,11.082,99.328,101.106,102.252,106.131,1.052
4,136.498,102.523,114.22,117.31,1.092,1.079,103.335,9.856,101.44,110.456,114.751,1.084,0.946,92.949,9.597
4,136.868,102.396,99.716,103.633,0.944,1.083,100.247,9.737,94.536,109.535,117.064,1.085,1.04,106.807,10.531
4,138.084,106.46,110.557,103.92,1.024,0.961,105.356,10.901,109.487,114.157,99.199,1.012,0.979,109.31,9.61
3,138.122,108.121,101.928,99.253,11.482,104.641,117.578,102.682,100.16,95.657,98.358,10.962,110.556,104.409,110.696
4,138.721,109.711,110.557,110.017,1.024,0.994,102.621,10.004,105.15,100.512,109.742,1.095,0.991,99.056,9.876
3,138.982,110.397,100.442,106.795,10.358,100.477,109.582,110.833,104.893,112.076,105.084,10.703,100.056,114.554,96.102
1,139.298,106.757,10.503,101.686,113.962,105.028,104.804,1.095,112.436,11.155,103.204,108.024,97.127,98.177,1.163
3,140.354,106.076,106.777,105.867,11.058,103.446,114.089,106.237,107.75,97.17,100.945,11.377,109.164,118.93,95.055
4,140.413,98.077,113.196,103.313,1.105,1.008,93.226,10.573,104.083,103.944,107.388,1.083,0.939,97.352,9.858
4,140.549,100.76,101.727,116.206,1.047,0.936,101.005,9.717,101.166,113.349,114.075,0.961,1.003,107.761,9.673
1,140.767,97.759,11.217,95.244,96.837,94.931,101.877,1.099,98.598,10.197,101.059,103.261,106.146,94.329,1.012
3,140.797,109.574,95.692,110.675,10.528,104.787,109.678,107.839,115.231,98.226,105.084,11.048,104.609,112.052,98.17
4,140.887,98.197,104.547,104.557,1.103,0.967,96.225,10.537,108.348,112.974,112.344,1.016,1.017,93.092,9.669
2,141.05,99.706,1.035,109.407,110.626,106.583,95.784,1.065,93.947,1.17,103.003,102.399,104.415,107.244,1.071
4,141.179,106.233,116.131,100.422,1.069,1.087,93.226,10.948,94.524,106.173,100.335,1.046,0.934,108.349,9.99
2,141.216,107.378,1.013,95.354,116.171,99.746,102.278,1.015,95.145,0.997,104.848,107.53,109.834,113.143,1.138
2,141.321,104.596,1.061,98.02,107.521,105.487,98.694,1.067,100.33,1.132,94.562,113.825,106.26,102.976,1.076
3,141.395,101.435,110.782,99.713,10.186,110.012,115.829,105.809,110.448,100.909,109.122,9.856,116.518,113.118,99.931
3,141.409,99.042,103.523,106.732,11.407,107.618,106.395,100.359,109.756,111.269,108.857,9.841,108.647,105.919,98.616
1,141.474,104.951,11.296,103.165,109.069,107.368,102.143,1.052,98.593,10.805,101.671,110.432,92.802,110.028,1.056
4,141.763,94.464,105.941,116.359,1.078,1.066,97.32,9.597,99.782,112.564,105.92,0.961,1.017,107.026,10.707
4,141.821,110.439,101.393,105.684,0.939,1.075,102.276,10.428,95.855,115.124,110.498,0.98,0.965,97.592,10.312
4,141.896,110.164,100.211,108.389,1.039,1.073,104.806,10.846,110.527,99.0,108.979,1.038,0.979,107.796,9.929
4,142.073,107.894,99.262,108.765,1.013,0.971,93.093,10.362,97.482,98.534,98.995,0.986,1.022,105.776,10.516
2,142.805,97.688,1.078,95.766,101.275,111.415,97.101,1.139,93.201,1.14,99.381,103.597,111.144,106.236,0.979
1,143.29,100.482,10.172,91.984,112.591,93.311,99.498,1.11,101.98,10.369,104.331,112.312,105.848,105.745,1.023
2,143.532,106.013,1.12,98.194,102.816,102.792,109.201,1.041,108.273,1.166,111.353,108.697,112.861,111.163,1.13
2,143.615,103.85,1.066,107.845,111.493,115.62,111.039,1.138,99.027,1.033,102.709,109.086,98.945,104.73,1.011
1,143.696,96.538,11.071,103.55,100.415,104.545,109.242,1.119,100.471,10.321,92.631,108.077,106.226,102.95,1.16
3,143.913,100.379,94.641,106.965,10.963,111.06,111.696,101.396,111.899,107.147,113.728,10.863,104.868,112.667,100.51
3,144.018,101.839,104.701,108.448,11.349,100.999,108.151,112.233,104.58,105.588,96.075,10.967,116.47,114.503,95.4
4,144.209,107.621,98.882,104.316,1.065,1.014,98.944,9.837,106.016,101.289,115.703,0.937,0.929,104.399,9.701
1,144.308,111.316,10.587,96.385,109.73,97.618,95.607,1.158,95.953,10.05,96.083,112.911,104.097,94.37,1.098
1,144.313,109.639,10.276,93.86,100.339,101.227,95.171,0.997,102.267,10.498,92.51,106.959,96.903,94.758,1.104
3,144.442,115.663,108.231,104.848,10.483,113.941,110.523,103.687,112.881,96.377,103.333,11.239,101.523,112.547,94.423
1,144.844,107.645,10.568,94.668,107.666,93.311,96.943,1.01,109.582,11.859,100.036,114.375,92.875,111.012,1.045
1,146.339,107.912,11.476,106.334,114.253,105.648,109.242,1.099,96.096,10.707,104.271,102.77,94.422,110.673,1.056
4,146.921,96.214,98.251,105.878,1.016,1.055,94.123,9.88,101.687,103.669,105.687,0.97,1.046,100.056,10.151
2,146.957,100.951,1.129,110.331,101.068,107.42,105.817,1.159,105.897,1.091,101.364,99.083,103.051,105.852,1.15
1,147.233,109.62,11.321,100.108,111.44,98.717,110.922,1.013,96.487,10.631,103.275,103.745,104.072,95.431,1.015
3,147.271,100.367,110.713,101.299,10.249,113.022,118.178,106.161,108.844,107.78,110.951,11.511,113.582,105.919,102.053
4,147.752,105.673,101.393,111.685,1.1,1.022,95.048,9.54,103.615,101.505,114.869,0.982,0.933,94.519,10.899
1,147.895,110.144,11.409,109.077,101.47,100.488,103.588,1.085,109.542,10.697,95.005,100.857,100.125,101.503,1.11
1,148.123,108.7,10.524,97.024,104.21,96.181,107.66,1.026,107.317,11.04,97.655,103.758,93.702,94.803,0.999
1,148.164,99.341,11.121,94.286,100.992,107.169,100.06,0.997,101.744,10.06,96.53,101.728,98.232,103.634,0.996
1,148.899,95.584,11.493,97.718,98.531,101.875,95.642,1.083,112.053,10.342,93.811,101.016,107.041,95.246,1.089
2,148.982,104.783,1.136,98.557,105.268,103.409,104.239,1.055,102.697,1.107,108.456,113.632,106.132,101.208,1.063
2,149.292,96.733,1.127,110.826,100.524,112.936,101.372,1.142,98.069,1.03,110.488,107.017,100.017,111.386,1.021
1,149.348,100.696,10.918,99.784,107.972,93.435,110.442,1.028,99.861,11.476,97.615,96.96,92.04,94.654,1.059
2,149.409,99.02,1.094,102.782,110.907,105.378,99.045,1.116,93.81,1.093,109.65,113.535,113.166,99.333,1.066
4,149.436,94.435,113.823,100.522,1.068,1.052,92.75,10.913,108.228,105.508,104.958,0.941,1.087,94.513,11.125
2,149.723,95.29,1.0,110.456,104.913,105.415,96.532,1.077,101.682,1.129,110.846,114.315,114.496,109.769,1.062
4,150.328,101.081,100.74,105.589,1.053,0.937,92.574,9.805,94.652,102.019,114.881,1.058,0.953,95.397,10.186
3,150.493,106.311,112.131,99.393,9.796,103.283,110.544,103.246,107.442,98.31,110.526,9.861,104.204,103.63,94.975
1,150.865,112.341,11.747,94.361,108.409,100.246,99.838,1.008,98.073,10.309,93.131,102.698,92.635,109.678,1.038
4,150.918,104.015,113.397,101.658,0.957,0.991,97.352,10.022,108.417,111.499,103.313,1.099,0.973,100.069,9.93
1,151.389,104.25,10.772,105.704,108.125,100.809,101.423,1.072,103.674,11.859,95.228,112.206,94.327,110.262,1.003
4,151.514,93.891,110.463,116.794,1.042,0.993,99.489,10.474,98.096,108.133,110.5,1.065,1.038,97.545,10.516
3,151.897,99.594,108.805,103.172,9.753,118.58,104.849,109.165,107.787,101.928,101.124,9.909,106.75,100.84,107.655
1,151.988,106.043,11.083,106.044,105.62,95.035,108.719,1.054,112.32,10.265,101.871,106.505,105.932,110.55,1.021
3,152.306,112.065,99.251,110.873,10.892,100.647,105.481,101.041,105.604,109.642,107.576,11.078,105.22,117.698,107.048
2,152.384,98.111,1.17,106.815,97.89,99.296,96.061,1.136,96.981,1.066,104.427,102.729,98.88,104.301,1.112
1,152.627,101.054,11.293,105.704,104.16,92.241,94.898,0.987,104.735,11.859,104.371,114.4,92.087,104.308,1.155
3,152.967,106.382,101.148,97.977,9.766,114.744,118.787,109.352,114.009,101.363,109.24,9.834,118.58,102.663,106.743
2,153.636,106.685,1.146,109.604,110.869,108.754,96.972,1.093,101.214,1.127,101.482,103.619,101.139,103.601,1.028
3,153.729,101.699,103.169,108.222,10.439,101.317,117.864,98.372,104.357,109.716,111.589,9.845,107.642,115.753,109.906
3,153.781,115.215,104.278,99.056,10.205,108.225,101.365,110.633,111.257,97.315,108.848,10.149,109.848,109.928,110.961
4,153.829,96.573,109.185,100.094,0.936,1.055,105.213,10.22,102.73,101.658,105.602,1.018,1.039,99.811,11.198
4,153.982,108.122,106.951,109.214,1.018,0.944,96.739,10.899,107.165,98.332,112.491,1.07,0.95,95.187,9.92
1,154.051,106.244,11.706,96.41,110.473,104.215,94.982,0.986,101.438,11.387,104.271,101.525,93.135,108.362,1.067
1,154.056,108.739,10.394,93.774,100.497,107.97,103.944,1.159,105.26,11.229,101.615,98.728,108.873,99.181,0.986
3,154.236,98.573,96.731,106.348,10.01,105.905,107.871,110.673,105.555,99.691,99.323,10.076,104.199,114.736,101.299
3,154.455,104.821,104.292,96.786,9.953,107.171,114.651,94.411,98.436,97.143,110.639,10.962,118.861,100.363,96.692
3,154.505,113.72,105.678,113.837,11.263,111.076,108.582,111.929,109.584,94.836,112.343,10.939,103.36,103.461,105.127
4,154.793,108.455,98.238,107.677,1.077,1.028,95.834,9.535,108.155,106.047,109.889,1.07,0.966,101.882,10.211
3,155.366,106.701,102.434,99.849,10.589,113.02,110.718,104.676,101.497,106.466,103.196,11.017,118.892,113.982,99.64
2,155.663,94.021,1.002,98.674,106.132,104.417,108.4,0.989,97.457,1.166,106.988,98.027,102.444,104.062,1.11
4,156.166,102.984,101.556,105.314,1.064,0.999,107.48,10.601,97.024,104.547,105.137,0.965,0.958,98.467,9.982
2,156.911,98.688,1.112,106.998,98.974,116.58,110.817,1.148,93.548,1.089,100.955,111.013,114.084,113.467,0.988
4,157.499,94.579,110.864,105.32,1.015,1.005,95.033,10.144,95.632,115.745,104.108,0.957,0.966,108.145,9.925
3,157.896,102.408,105.13,107.432,10.233,112.379,102.647,96.473,101.11,107.322,110.526,10.046,101.106,100.745,97.709
3,158.144,111.045,100.793,106.598,10.905,109.922,117.104,100.517,110.537,107.48,106.239,11.121,107.904,112.731,95.238
2,158.571,108.418,1.11,109.807,115.334,98.524,103.673,1.045,109.195,1.101,99.102,114.063,105.571,104.376,1.03
3,159.039,115.504,110.745,113.987,11.382,117.08,110.988,109.917,102.439,106.76,105.422,10.147,109.637,106.033,105.869
1,159.289,99.914,11.881,108.513,112.173,94.6,96.211,1.009,99.515,10.724,105.302,104.247,93.506,98.542,1.119
1,160.008,104.322,11.619,93.645,103.427,93.614,108.748,1.165,108.452,11.564,92.646,111.879,108.182,101.605,1.167
3,160.836,105.614,103.709,100.914,11.097,108.784,118.629,94.819,102.404,105.945,104.616,10.392,105.286,105.261,96.665
4,161.215,95.473,106.264,115.695,1.02,1.013,105.776,10.596,99.981,115.046,106.722,1.105,0.96,98.658,9.61
4,161.572,108.671,103.155,104.673,0.978,1.072,106.911,10.721,104.314,105.383,115.703,1.018,1.065,106.207,10.557
3,161.781,116.474,103.911,101.654,10.468,110.638,106.177,110.376,114.891,95.543,104.492,11.461,100.874,111.69,99.261
3,161.791,102.353,107.191,108.551,9.842,115.718,118.613,106.724,112.335,107.064,105.127,11.248,110.846,100.91,110.362
2,161.885,95.019,1.124,102.649,110.706,111.939,107.179,1.128,106.507,1.054,95.618,101.672,100.027,99.938,1.139
2,161.943,109.953,1.167,110.267,97.921,111.11,112.341,1.001,106.934,1.118,106.381,108.254,101.833,108.523,1.124
4,162.218,102.768,115.128,105.974,1.035,0.945,98.151,10.664,110.527,99.656,109.888,0.943,1.026,96.622,10.907
3,162.385,99.897,103.492,113.446,11.46,110.638,109.669,96.321,107.342,109.532,100.789,10.032,101.461,113.332,103.521
4,162.597,97.507,99.433,107.34,0.997,1.093,107.029,10.528,102.503,112.24,105.899,1.016,0.977,106.838,10.101
1,162.669,101.3,11.522,93.752,107.694,93.667,93.768,1.094,107.492,11.561,105.53,113.849,93.532,101.251,1.132
1,163.428,109.847,11.293,101.119,108.518,94.224,109.315,1.019,95.915,10.71,108.118,110.326,101.172,103.0,1.063
3,163.445,100.403,104.655,104.275,10.067,109.898,105.913,98.109,113.525,111.165,99.803,9.867,106.74,103.389,97.553
4,163.786,99.932,114.474,110.369,1.0,1.048,97.447,10.614,105.358,114.743,106.709,1.057,1.072,105.058,10.163
1,163.906,108.008,10.521,98.698,102.42,104.482,97.223,1.058,105.636,11.068,102.341,97.786,96.338,100.205,1.056
1,164.278,109.531,10.369,103.867,108.336,108.557,98.697,1.029,100.754,11.771,100.842,106.373,102.386,102.678,1.041
2,165.77,93.73,1.16,103.235,115.124,114.728,101.693,1.061,96.35,1.14,109.0,100.964,104.132,102.353,1.078
2,166.076,103.347,1.171,109.121,113.642,103.654,99.069,1.159,100.452,1.004,108.633,102.607,115.445,99.663,1.064
1,166.429,105.131,11.132,95.195,110.593,103.517,110.965,1.055,102.174,11.718,99.612,108.032,98.982,96.923,1.077
4,167.678,103.782,110.179,115.73,0.937,1.083,108.75,10.824,99.324,105.363,109.307,0.984,0.968,96.739,11.221
4,167.941,98.383,104.919,104.115,1.003,1.092,97.447,9.498,102.521,101.216,112.559,0.948,1.066,101.771,11.143
3,167.948,111.167,108.58,106.795,11.383,108.039,106.176,111.482,106.176,98.58,112.419,10.689,100.48,114.133,104.317
3,168.216,102.316,94.361,113.06,11.194,105.782,106.448,111.975,114.784,107.515,100.679,10.435,108.426,118.24,110.52
2,168.363,101.675,1.116,94.777,113.372,104.86,101.311,1.09,99.968,1.162,109.291,106.55,112.332,104.443,1.151
2,168.784,106.117,1.069,107.339,101.862,103.077,105.545,1.066,102.211,0.992,111.379,99.576,108.105,101.448,1.078
4,169.343,94.738,103.766,114.645,1.095,1.085,104.21,9.591,106.345,105.374,106.641,1.051,0.961,108.078,10.012
1,169.471,105.611,10.403,101.273,100.845,93.46,95.499,1.012,103.559,11.43,102.801,102.836,103.871,98.493,1.042
2,169.971,104.921,1.095,108.131,108.881,104.042,102.955,1.145,95.596,1.132,100.067,112.047,106.417,104.5,1.089
3,170.339,107.008,105.377,108.616,10.7,114.791,117.864,106.978,101.872,108.081,97.166,10.791,113.129,106.503,106.091
2,170.512,102.687,1.163,108.66,107.938,100.19,105.006,1.072,97.182,1.177,105.939,111.548,106.101,95.933,1.14
1,171.123,95.15,11.77,94.813,111.671,95.688,107.771,1.031,109.207,10.675,98.127,105.191,105.289,109.255,1.023
4,171.433,102.218,109.017,114.251,1.034,0.981,101.722,10.343,102.947,112.584,101.728,1.075,1.038,104.273,9.953
2,171.442,94.321,1.02,102.148,111.024,103.029,106.236,1.14,92.915,1.074,93.917,108.944,107.003,99.45,1.148
1,171.698,112.07,11.802,95.902,100.497,104.276,107.058,1.162,99.117,11.087,108.796,106.551,105.569,102.385,1.147
2,172.012,98.227,1.174,99.669,115.082,113.822,96.445,1.065,100.117,1.064,99.839,102.842,111.859,98.592,1.076
1,172.323,107.085,10.632,92.115,105.985,100.555,109.327,1.149,97.923,11.906,103.143,110.079,102.265,105.193,1.163
2,172.788,103.872,1.105,111.186,113.167,108.855,96.141,1.051,106.23,1.006,96.688,105.337,116.929,110.332,1.159
2,173.195,96.982,1.176,103.669,110.528,98.67,110.524,1.029,107.81,1.075,105.94,100.612,106.968,109.734,0.996
2,173.24,106.42,1.096,93.917,111.765,114.666,100.958,1.123,94.573,1.153,97.621,101.213,104.616,107.511,1.064
1,173.275,98.903,11.069,96.285,100.554,92.214,105.356,1.009,112.216,11.691,96.559,108.414,94.257,100.413,1.002
3,173.289,115.415,95.618,105.141,10.38,109.949,107.318,96.652,105.557,111.615,110.226,11.119,117.676,108.098,98.212
2,173.426,103.382,1.113,104.389,101.62,100.977,110.893,0.978,105.731,1.099,97.81,98.033,104.857,100.1,1.137
1,173.984,104.717,11.701,104.194,99.386,92.087,94.747,1.096,109.756,10.081,105.984,114.477,99.569,108.073,1.037
1,174.385,101.396,10.9,93.015,106.635,100.354,99.002,1.138,99.266,11.032,103.867,111.409,95.299,98.584,0.99
1,174.58,103.816,11.326,106.4,103.1,99.143,98.894,1.003,111.902,10.324,107.76,109.726,92.299,107.552,1.108
3,175.37,115.612,97.943,102.247,11.437,105.363,113.78,109.181,116.301,106.777,105.013,9.741,111.619,100.343,95.001
4,175.607,107.351,111.777,102.186,1.106,0.945,100.133,11.123,110.834,99.129,105.391,1.105,1.039,98.603,11.082
3,175.835,105.575,98.275,101.517,11.124,107.171,114.202,111.2,98.545,97.71,96.759,10.266,111.647,113.058,111.332
3,176.112,101.168,102.803,96.277,11.254,101.836,104.13,101.254,115.504,100.577,113.072,10.284,118.761,110.723,111.109
1,177.053,107.098,10.298,92.882,97.495,108.429,107.685,1.073,102.744,10.568,106.68,109.943,94.224,101.342,1.111
3,177.159,103.408,104.031,101.775,10.957,101.196,111.008,106.42,108.812,98.31,102.538,10.063,111.948,118.118,95.534
2,177.206,99.457,1.114,97.424,103.32,111.415,111.025,1.043,96.099,1.006,110.112,99.96,107.775,96.504,0.983
3,177.222,107.797,94.46,111.589,11.485,100.752,116.129,105.273,104.022,105.634,112.374,11.121,115.897,102.683,100.001
1,177.624,103.692,11.266,108.747,112.918,102.386,102.367,1.032,105.173,10.566,107.365,98.892,108.181,95.917,1.121
4,178.297,102.603,110.357,99.531,1.096,0.947,94.006,10.76,101.352,115.582,111.547,1.018,1.005,104.283,10.934
1,178.395,97.638,11.338,102.367,99.094,95.164,100.181,1.023,109.582,10.109,107.874,97.786,101.808,99.049,1.11
3,178.895,99.201,106.466,100.632,10.524,107.079,108.957,96.652,109.31,96.678,98.618,11.522,102.662,104.713,102.834
1,178.944,95.197,10.733,95.212,101.941,101.398,109.236,1.143,101.396,11.018,108.983,99.43,93.022,106.481,0.989
2,178.987,106.959,1.036,108.715,102.399,101.491,98.189,1.078,100.497,1.172,96.02,102.504,109.294,99.027,1.138
3,179.013,98.492,98.007,98.748,10.564,101.36,109.444,96.343,104.281,108.617,99.027,9.794,107.809,105.175,108.7
1,179.378,104.194,11.515,98.534,107.077,98.608,96.35,1.096,110.803,11.57,95.755,101.514,92.802,108.404,1.071
4,179.491,95.701,116.027,103.533,1.058,1.092,92.819,10.531,106.43,113.746,111.769,0.97,1.042,98.569,10.298
2,179.766,96.099,1.12,108.133,102.482,115.065,98.094,1.009,94.885,1.05,107.183,102.399,100.37,109.569,1.041
2,179.926,106.863,1.038,102.543,104.336,111.71,96.272,1.059,108.881,1.028,97.692,98.485,98.766,95.747,0.981
2,180.021,102.396,1.09,111.422,99.621,111.257,95.933,1.073,105.584,1.062,111.481,103.347,114.673,111.98,0.988
4,180.585,103.532,114.69,111.569,1.04,0.967,101.936,9.738,95.863,110.522,101.064,1.093,1.053,104.792,10.715
4,180.626,110.356,112.112,116.897,1.012,1.1,103.73,10.907,99.782,98.416,105.47,1.055,1.051,101.592,11.032
1,180.711,111.689,10.408,104.914,104.763,106.549,105.609,1.108,105.944,10.789,103.244,107.34,95.71,98.894,1.004
3,180.738,101.061,105.763,99.049,10.703,115.465,109.374,98.212,101.163,105.588,108.981,10.043,113.513,115.515,109.262
1,180.992,103.372,10.718,93.811,113.214,93.14,100.634,1.15,112.029,11.162,96.094,108.936,102.915,95.415,1.016
3,181.066,108.861,99.413,110.916,10.027,115.146,106.314,94.488,113.225,107.081,96.786,9.975,114.205,110.256,103.061
2,181.515,100.035,1.148,102.678,112.264,114.955,99.779,1.072,93.639,1.174,99.093,99.359,103.051,102.321,1.158
4,181.582,97.412,106.063,116.07,1.0,1.026,94.038,10.315,108.348,98.456,102.962,0.996,1.027,93.092,11.036
4,182.271,93.344,111.254,108.777,0.959,1.038,97.421,10.859,106.346,106.863,108.391,1.039,1.016,96.225,9.658
4,182.408,107.476,104.557,115.919,1.024,1.033,94.03,9.767,105.061,114.756,115.858,0.957,0.99,104.501,11.113
1,183.054,101.498,10.742,92.535,108.414,106.363,96.542,1.012,99.765,11.784,97.792,102.014,105.634,99.498,1.11
4,183.595,110.468,110.196,112.399,1.099,0.971,101.025,11.178,102.255,111.257,112.289,0.981,1.004,96.977,10.884
2,183.892,102.331,1.038,96.702,101.81,113.12,112.906,1.1,94.818,1.069,109.968,100.096,116.702,109.508,1.092
2,183.962,105.693,1.12,96.868,104.371,109.865,106.126,0.977,99.113,1.119,101.333,99.621,102.106,107.379,1.136
1,184.435,106.054,10.016,96.09,102.102,106.521,95.897,1.071,107.495,11.049,108.26,107.946,102.738,103.944,1.099
2,184.489,102.121,1.15,99.381,102.242,104.9,101.964,1.112,93.413,1.013,107.554,104.235,107.832,111.264,0.998
3,185.087,103.127,111.269,110.932,10.808,103.682,117.514,100.332,116.383,107.215,105.539,10.012,108.101,108.718,98.468
4,185.613,107.621,107.922,103.64,1.042,1.051,101.394,9.76,108.741,97.694,101.132,1.03,1.026,94.538,10.767
3,185.663,103.586,112.065,106.826,9.932,113.188,117.412,97.575,100.532,104.795,104.636,9.775,100.348,117.104,100.617
3,185.815,106.966,109.513,98.659,10.015,110.893,102.269,109.954,102.762,100.728,102.538,11.161,108.021,100.745,105.715
3,186.105,103.426,102.434,111.169,11.389,112.527,108.521,110.667,114.473,102.772,99.414,10.823,116.409,103.944,96.287
3,186.198,116.098,110.5,113.657,11.496,102.348,112.501,95.243,110.397,108.346,103.34,11.391,100.227,115.306,95.485
2,186.541,98.049,1.017,94.236,108.233,98.458,106.8,1.048,95.88,1.142,102.208,107.855,116.913,100.81,1.087
1,187.209,112.732,10.127,98.627,109.069,108.994,98.829,1.138,111.97,10.014,100.116,98.109,94.6,101.9,1.009
2,188.227,103.872,1.06,110.842,108.847,98.351,105.524,1.143,109.188,1.033,99.662,110.681,116.656,105.006,0.983
1,188.392,112.805,11.64,101.222,104.463,107.395,108.956,1.012,105.825,10.302,101.828,114.479,102.626,94.869,1.113
4,188.672,95.553,114.102,105.616,1.063,1.084,100.677,9.842,104.294,103.669,105.32,0.999,0.988,101.389,11.066
4,188.904,101.034,104.614,101.457,1.024,1.095,99.632,10.415,103.648,113.953,105.81,1.045,1.083,98.592,10.98
1,189.043,111.352,11.685,96.468,100.75,99.877,104.043,1.041,109.457,11.3,107.678,102.254,93.667,107.056,1.134
4,189.079,99.207,101.835,111.381,0.966,1.088,100.673,10.164,94.22,105.704,113.116,1.034,0.944,104.11,9.851
1,189.397,110.703,10.993,102.076,98.952,106.083,109.766,1.072,96.372,11.801,106.749,96.749,96.174,102.11,1.081
1,189.652,102.174,10.804,98.581,97.64,107.976,109.908,1.072,99.114,10.39,91.736,98.033,101.644,99.563,0.988
2,189.992,102.06,1.08,105.002,98.2,107.334,98.683,0.987,108.519,1.046,111.14,108.597,113.911,112.661,1.129
1,190.097,103.5,10.829,94.709,106.042,96.09,98.542,1.055,107.146,11.825,104.862,97.899,106.719,94.145,0.984
2,190.456,92.933,1.03,111.067,103.682,116.153,98.411,1.081,108.562,1.057,98.455,105.597,115.62,108.789,0.98
1,190.458,99.704,10.209,106.094,113.291,105.545,101.775,1.074,95.14,10.247,97.252,108.225,108.953,95.48,1.012
4,190.644,93.448,110.645,116.916,1.075,0.958,93.754,10.343,93.378,102.148,104.444,0.977,1.014,102.149,11.125
2,191.032,105.994,1.035,106.767,113.636,108.849,110.477,1.139,96.015,1.169,106.849,109.658,104.945,106.162,1.077
1,191.186,98.598,11.753,96.167,114.059,92.422,97.506,1.042,111.691,10.971,97.559,108.908,95.678,105.733,1.117
1,191.19,112.781,11.818,93.751,107.694,100.571,99.98,1.129,97.406,10.268,106.094,112.388,102.766,101.848,1.096
4,191.296,104.686,109.871,101.064,1.018,1.063,96.45,9.513,94.76,106.94,109.213,0.959,1.082,94.613,10.237
1,191.621,108.828,10.087,94.518,103.412,95.114,109.08,1.136,101.439,10.927,108.246,106.462,92.691,102.367,1.168
4,191.707,94.909,102.868,112.448,1.083,0.972,105.651,10.55,104.356,113.428,102.606,1.058,1.085,104.623,10.572
2,191.716,97.321,1.137,101.397,98.088,110.24,101.882,1.112,100.187,1.003,100.542,115.381,108.038,110.736,1.096
2,191.728,98.647,1.071,110.087,102.607,116.24,111.678,0.987,96.966,1.145,105.94,112.814,109.334,109.562,1.086
2,191.73,100.632,1.053,111.379,99.257,101.61,107.959,1.153,100.815,1.044,95.716,101.002,101.904,101.497,1.019
1,191.863,112.139,11.132,98.265,107.06,105.056,94.603,1.064,103.166,11.188,100.788,114.371,102.386,94.236,1.002
2,191.96,108.168,1.135,94.384,115.124,114.082,113.366,1.02,94.413,1.174,111.509,102.495,115.169,112.112,1.102
1,192.093,97.664,11.224,96.608,111.418,106.428,107.255,1.015,100.531,11.846,96.402,98.868,92.217,108.757,1.004
1,192.289,98.716,10.484,107.425,100.307,101.921,110.396,1.021,107.037,10.509,99.604,109.117,106.093,101.503,0.984
1,192.8,111.684,10.938,92.947,97.187,108.352,108.471,1.011,110.167,11.445,102.704,101.524,104.218,93.995,1.005
4,192.977,97.482,101.695,109.742,1.087,1.08,106.028,10.811,110.834,104.651,113.049,1.073,0.99,101.825,11.235
4,192.977,96.098,109.216,110.862,0.94,1.076,107.283,10.872,101.365,106.063,102.444,1.094,1.082,100.997,10.964
3,193.036,115.502,111.242,98.647,10.154,114.245,112.554,108.423,106.382,105.045,105.772,11.452,116.668,112.586,107.76
4,193.112,106.345,103.852,111.475,1.009,0.945,100.997,9.643,103.782,101.92,116.954,1.055,1.006,107.049,10.364
4,193.539,94.543,103.956,113.433,1.098,1.011,96.815,10.919,108.138,102.582,105.389,0.947,1.053,96.07,11.159
2,193.719,104.257,1.153,102.234,116.16,114.595,108.92,1.083,94.755,1.17,109.127,114.969,99.508,113.002,1.118
3,193.764,107.569,104.7,111.312,9.775,114.858,104.713,96.579,114.205,104.7,108.757,9.999,107.777,114.733,94.702
2,193.804,98.05,1.06,109.248,105.233,106.124,105.359,0.989,109.885,1.003,110.594,103.949,108.31,105.197,0.978
3,194.068,110.21,101.984,102.121,9.868,115.096,111.031,94.416,101.396,101.565,99.423,10.129,112.473,117.855,105.632
4,194.396,104.598,110.539,103.634,1.073,0.967,103.423,10.364,106.435,100.114,110.522,1.091,1.083,94.968,11.038
2,195.725,101.087,1.026,97.911,102.227,112.474,112.906,1.136,100.884,1.124,111.066,103.949,103.891,108.954,1.032
3,195.812,110.831,97.248,111.28,10.243,106.158,117.537,110.079,98.41,111.725,105.32,10.968,109.922,112.002,95.856
4,196.193,104.269,116.018,104.402,1.087,1.035,107.078,11.231,100.701,109.594,110.259,0.958,1.1,95.901,10.105
4,196.197,103.602,114.518,112.407,0.962,0.935,104.406,9.891,101.814,106.438,111.517,1.03,1.004,108.755,10.381
2,196.611,101.731,1.168,99.565,110.139,105.081,110.479,1.009,94.866,1.164,100.1,110.907,114.862,113.507,0.98
1,196.611,102.645,11.218,94.123,109.696,101.007,93.626,1.082,101.484,11.825,102.341,102.552,93.135,105.662,1.011
2,197.323,96.982,1.157,101.427,110.594,114.518,99.175,1.089,102.537,1.041,101.757,112.228,108.806,98.543,1.029
4,197.78,106.251,110.196,116.352,0.963,1.011,92.751,10.261,96.213,102.024,100.715,0.977,0.996,103.196,11.113
3,197.854,98.528,94.416,101.697,9.963,106.525,105.913,95.941,103.651,96.896,104.246,11.493,105.288,104.62,101.009
2,198.086,95.819,1.085,94.159,112.108,102.543,107.179,1.044,102.867,1.031,96.131,115.882,113.464,104.065,1.026
3,199.196,102.726,112.0,99.415,10.108,108.731,112.002,98.187,116.403,109.232,99.049,9.753,108.647,100.724,99.193
4,199.266,104.67,99.045,116.589,1.026,0.929,97.861,10.352,98.476,104.822,102.035,1.107,1.031,108.584,10.917
3,199.691,112.227,105.815,99.46,11.046,109.075,117.067,97.577,109.787,96.676,108.616,11.089,115.656,113.945,106.577
4,200.331,99.22,107.26,116.537,1.064,1.01,105.819,10.566,104.694,99.714,117.512,0.958,0.981,99.93,9.783
3,200.56,103.732,95.889,111.617,10.636,110.657,104.369,107.28,112.877,108.774,103.018,10.42,103.273,106.367,107.9
1,200.577,99.153,11.266,101.351,109.775,102.326,108.126,1.012,100.212,11.864,97.677,101.471,105.18,104.595,1.07
1,200.675,95.78,10.408,107.858,103.377,104.912,97.089,1.027,107.532,10.454,107.745,110.145,102.019,100.492,1.028
4,200.876,98.365,108.39,112.213,1.022,0.986,104.934,10.712,96.342,113.157,103.343,0.992,0.942,93.264,10.549
3,200.986,100.288,100.973,113.751,11.263,116.814,113.058,107.993,104.229,107.978,105.169,11.42,110.645,118.913,104.697
3,201.194,113.77,95.471,101.894,10.62,109.909,108.853,107.457,99.402,105.906,103.532,11.065,112.527,108.169,106.161
2,201.214,96.966,1.015,97.424,98.661,111.069,100.986,1.141,104.18,1.169,98.495,102.379,112.242,112.831,1.035
2,201.265,95.88,1.084,97.345,104.35,105.031,96.445,1.077,99.499,1.079,108.633,106.377,110.949,110.332,1.065
3,201.502,103.408,97.113,100.021,11.117,116.409,100.279,95.409,99.597,99.798,112.688,11.304,113.058,111.366,99.517
4,201.641,107.351,106.484,101.209,1.064,1.045,93.599,10.658,101.914,102.998,115.662,0.975,1.072,103.478,10.186
1,201.657,111.409,11.032,93.609,104.76,106.301,107.362,1.037,95.297,10.844,100.682,107.79,101.113,101.96,1.143
1,201.819,108.397,11.635,106.143,114.813,96.185,108.748,0.997,112.032,10.219,92.02,111.36,103.755,100.393,1.05
2,202.487,109.122,1.057,97.837,99.356,105.777,102.955,1.044,92.802,1.02,99.088,109.678,105.514,111.98,0.977
1,202.942,100.569,11.162,94.028,101.507,102.013,97.034,1.045,99.67,10.492,106.863,114.375,108.451,102.796,1.016
2,203.034,100.091,1.008,94.447,109.985,114.632,103.977,1.009,107.227,1.094,103.35,106.059,112.892,110.295,1.03
4,203.27,110.47,110.374,115.048,1.084,0.932,106.949,10.963,104.583,108.133,115.115,0.963,0.97,106.207,9.717
1,203.721,104.171,10.171,92.055,98.51,102.665,93.782,1.116,109.847,10.769,103.323,114.114,107.274,110.219,1.02
3,204.335,103.639,98.623,103.843,10.623,116.614,116.627,95.238,100.504,101.384,107.456,11.056,111.267,110.952,109.642
1,204.384,108.88,11.287,101.828,109.348,105.918,98.132,1.136,106.718,11.69,104.592,109.836,104.353,104.715,0.982
1,204.623,98.724,10.775,96.915,109.513,104.961,109.593,1.115,112.155,11.329,108.498,112.46,97.671,110.798,0.998
3,205.045,112.291,101.171,107.629,11.005,100.303,118.101,105.743,110.012,101.279,103.02,10.602,109.596,111.86,105.715
4,205.358,95.892,113.899,115.842,1.088,1.026,101.866,10.162,101.693,111.457,101.627,0.992,1.048,92.949,10.001
1,205.6,97.34,10.665,92.535,104.132,92.698,108.778,1.041,106.317,11.428,103.715,106.357,94.456,101.115,1.158
3,205.611,115.878,111.38,109.691,10.454,114.341,108.037,96.63,105.069,109.06,106.194,10.483,109.093,110.734,105.649
2,205.615,93.033,1.003,97.885,104.983,106.625,102.321,1.029,102.253,1.007,104.828,109.637,100.977,109.769,1.051
4,206.09,98.36,100.896,115.609,1.019,1.077,99.424,9.62,107.351,113.397,102.948,1.085,0.967,102.473,10.165
1,206.223,102.661,11.16,101.599,102.28,104.344,100.895,1.098,110.841,10.645,108.498,114.794,96.328,108.956,1.073
2,206.279,108.148,1.098,105.418,107.142,102.026,113.515,1.024,98.293,1.006,105.939,104.811,99.091,109.737,1.138
3,207.009,104.92,108.104,109.375,10.818,109.109,117.575,95.409,116.702,106.515,96.479,9.817,104.675,101.358,104.585
4,207.018,96.517,104.943,99.586,1.012,0.967,102.02,10.24,94.536,110.728,103.168,1.002,1.041,94.756,10.431
1,207.154,98.712,11.312,107.4,102.426,93.185,109.328,1.085,97.44,10.131,102.023,110.72,108.444,98.493,1.11
1,207.5,108.382,11.753,100.788,103.633,95.901,105.202,0.989,110.172,11.059,106.096,111.552,100.932,94.058,1.004
4,207.515,95.612,113.725,99.73,1.007,1.054,99.18,10.923,100.795,101.289,100.864,0.966,1.062,106.345,10.543
1,207.899,109.17,10.631,107.858,110.908,108.625,108.956,1.085,95.288,11.685,102.38,113.962,93.478,102.153,1.155
4,208.171,94.487,105.218,98.863,0.974,1.055,94.007,10.549,104.723,109.12,112.425,0.962,0.981,96.224,10.945
2,208.314,97.182,1.079,102.6,101.561,100.74,109.669,1.012,100.035,1.113,97.424,109.902,111.733,108.915,1.103
1,208.515,110.201,10.993,106.972,98.787,106.991,104.715,1.002,107.506,10.916,100.871,111.36,99.784,96.7,1.068
3,208.726,106.779,109.691,101.922,10.621,109.716,110.852,99.092,113.937,95.684,105.63,10.067,116.567,109.95,109.243
4,209.228,102.618,113.463,106.447,1.022,1.075,93.957,10.601,103.528,102.347,115.223,1.083,0.998,104.264,11.099
2,209.45,99.706,1.155,96.081,109.881,115.423,99.339,1.019,99.25,1.007,99.051,99.415,105.501,106.025,1.109
1,209.515,101.3,10.898,106.665,98.773,95.606,106.043,1.017,112.648,10.748,97.496,101.721,99.0,96.269,1.0
1,210.124,97.704,11.596,92.828,98.019,98.592,106.825,1.026,105.09,11.854,93.092,103.722,97.911,105.565,1.137
2,210.158,96.62,1.153,111.116,112.905,109.457,109.659,1.117,93.866,1.178,105.611,109.905,113.31,100.333,0.992
1,210.176,95.288,10.29,94.723,113.422,92.022,100.785,1.108,94.997,11.105,105.334,99.047,100.69,93.768,1.156
2,210.276,107.617,1.128,106.242,105.328,114.955,109.587,1.155,98.757,1.045,110.238,105.268,113.815,107.336,0.98
1,210.39,96.651,11.476,103.209,106.091,103.325,103.701,1.141,108.135,11.887,92.993,110.395,98.094,98.664,0.984
2,210.459,92.675,1.118,111.205,104.967,98.839,109.397,1.051,94.566,1.161,94.233,98.391,108.773,99.663,1.095
1,210.535,103.525,11.405,95.83,109.403,92.139,98.228,0.982,101.189,10.976,93.546,101.04,104.663,106.052,1.071
4,210.597,100.51,101.727,108.713,1.034,1.052,101.75,11.036,102.768,108.032,106.668,1.108,1.013,103.016,10.55
3,210.626,104.58,100.442,96.735,9.742,108.225,102.459,96.847,105.154,104.807,110.526,9.847,117.594,112.44,109.015
2,211.052,95.492,1.162,96.015,115.16,113.076,107.624,1.107,100.427,1.01,96.079,100.612,114.153,103.388,0.988
2,211.105,101.731,1.16,100.864,98.921,113.062,96.618,1.069,109.218,1.062,96.661,107.921,108.572,110.844,1.142
4,211.129,107.972,102.019,109.347,0.969,0.927,96.225,10.02,97.176,115.286,104.283,1.029,0.938,94.135,10.661
2,211.133,96.202,1.02,99.81,101.122,105.763,96.421,1.108,100.989,1.167,97.49,99.753,107.762,113.649,1.011
4,211.401,107.255,108.826,115.048,1.055,1.099,98.397,10.077,103.416,114.661,116.359,1.064,1.04,95.654,9.481
1,212.422,101.955,11.518,101.011,111.705,106.549,110.739,1.102,106.763,10.874,93.779,101.496,106.428,101.92,1.016
2,212.859,99.512,0.992,107.986,101.444,116.828,96.318,1.117,105.101,1.029,104.809,115.124,98.736,111.073,0.977
1,213.91,99.872,10.111,93.546,105.328,93.614,103.588,0.984,109.033,11.039,105.026,98.647,102.794,100.629,1.087
1,214.093,105.772,10.246,92.947,107.077,108.161,106.6,0.99,95.943,10.122,108.363,98.883,104.453,93.497,0.998
3,214.18,106.311,106.316,100.511,10.087,112.85,117.039,109.196,114.665,106.423,107.638,11.472,107.416,113.182,100.214
4,214.26,96.172,102.572,106.181,1.099,0.945,99.325,9.62,94.177,97.76,102.412,1.096,0.966,93.951,10.613
2,214.828,94.231,1.121,103.714,99.753,113.384,109.717,1.097,105.725,1.119,109.259,111.048,99.471,102.478,1.152
1,215.295,102.491,10.773,107.678,104.469,97.793,101.528,1.104,106.619,11.854,94.757,114.026,96.441,99.179,0.994
3,215.395,117.005,99.034,96.947,10.605,107.971,101.099,108.41,107.257,95.225,110.54,10.407,113.551,112.528,107.252
4,215.993,96.389,111.848,108.442,1.01,0.99,93.869,10.998,107.362,109.363,102.035,0.971,0.981,95.732,10.288
3,216.121,106.612,111.216,109.151,10.346,107.929,107.735,104.913,109.188,97.073,96.545,10.205,107.169,118.327,111.295
3,216.272,109.617,109.661,104.992,10.256,109.624,102.713,110.814,117.005,96.129,96.636,11.405,100.227,105.071,99.022
4,216.276,103.794,98.473,107.371,0.959,1.018,94.538,9.805,106.61,115.723,114.759,0.975,0.942,95.815,11.087
1,216.465,99.914,11.784,98.716,114.384,99.267,98.066,1.109,108.0,10.587,103.889,102.363,99.343,99.084,1.014
2,216.566,100.954,1.097,110.087,102.55,110.343,107.052,0.979,106.048,1.128,107.038,104.158,101.004,112.178,0.977
2,216.766,104.152,1.05,109.236,103.236,98.818,107.858,1.101,98.735,1.063,106.044,104.864,100.114,104.682,0.996
1,216.873,95.995,10.016,101.019,110.924,95.53,94.993,1.092,96.991,10.198,103.051,100.857,95.068,104.496,1.097
4,217.281,101.67,99.037,111.096,1.105,0.976,95.253,10.06,103.388,103.036,108.881,1.008,0.942,96.268,10.364
2,217.432,94.369,1.058,110.267,115.124,105.743,100.1,1.121,94.82,1.104,110.214,103.324,108.03,96.826,1.154
1,217.639,101.372,11.396,98.948,102.014,102.738,95.653,1.095,104.566,11.082,106.373,98.59,95.199,105.469,1.061
1,217.668,105.772,11.274,94.765,99.06,96.642,110.028,1.029,102.744,11.276,99.994,103.894,92.912,106.293,1.016
4,218.473,101.166,113.397,116.478,0.992,1.03,98.969,9.982,94.487,108.157,112.705,1.094,1.082,105.814,10.802
3,218.578,114.29,108.322,103.443,11.531,111.948,100.781,102.975,109.396,100.814,112.056,10.965,110.828,103.505,106.611
4,219.433,105.432,109.946,105.415,1.105,0.971,104.934,9.673,109.487,110.61,103.343,1.015,1.06,95.55,9.893
4,219.76,108.002,114.541,106.938,1.009,1.063,98.827,9.499,93.602,104.305,116.359,1.093,0.942,93.439,9.863
4,219.965,107.619,111.457,105.32,0.966,0.943,102.474,10.053,101.793,103.335,116.311,1.087,1.057,102.868,10.706
4,220.265,97.231,107.185,112.846,1.045,1.039,96.542,10.228,109.163,112.753,113.812,0.957,1.006,96.61,11.036
3,220.524,116.029,103.285,102.121,10.284,110.731,114.816,107.35,101.616,97.052,98.503,11.112,113.196,101.099,102.46
3,220.943,103.149,111.846,103.327,10.972,116.668,112.716,99.194,101.11,103.699,108.448,10.237,100.402,113.161,97.709
3,221.114,107.246,103.699,96.481,10.718,107.477,102.713,105.853,110.209,109.982,100.97,11.262,118.892,114.202,109.165
2,221.302,106.212,1.117,106.086,102.943,110.24,110.866,1.129,92.591,1.168,99.263,98.695,112.489,110.494,1.138
3,221.378,109.719,104.626,101.717,9.995,111.18,112.547,111.72,98.956,111.405,96.075,9.834,109.075,110.746,96.287
1,221.667,97.292,10.985,96.431,106.918,108.06,110.472,1.108,108.845,11.526,99.654,103.534,106.704,107.971,1.002
2,221.702,103.18,0.998,93.934,112.047,116.58,107.513,1.055,96.77,0.993,105.48,102.293,105.566,98.86,1.066
4,221.725,100.554,113.095,117.252,1.085,0.986,101.025,10.355,99.133,111.977,107.765,1.055,0.938,102.25,9.758
3,221.978,106.727,98.751,99.414,10.131,106.126,111.808,107.889,112.998,105.139,113.837,11.089,118.848,109.214,106.724
4,222.226,96.122,107.433,116.44,1.053,0.996,95.761,10.001,105.715,101.991,105.351,1.072,1.053,95.855,10.354
1,222.549,112.292,11.264,101.713,109.117,102.665,100.492,1.128,96.624,10.331,100.065,105.438,107.098,108.748,0.991
1,222.617,103.012,10.406,107.479,109.942,102.925,108.323,1.016,101.84,11.091,108.156,101.61,95.746,96.057,1.111
2,222.678,99.071,1.089,111.105,115.863,114.632,98.814,1.051,93.422,1.087,107.311,106.67,104.884,112.944,1.136
2,222.746,105.556,1.158,101.067,102.539,116.617,107.959,1.025,96.939,1.056,96.775,97.723,115.137,112.473,1.056
1,223.037,107.025,11.452,96.74,105.328,104.845,99.498,1.041,105.523,10.665,95.83,108.113,103.77,102.937,1.156
3,223.123,104.729,110.72,114.102,10.462,110.631,102.1,109.723,98.815,103.114,105.074,11.189,104.959,107.552,106.015
4,223.22,109.777,104.943,109.888,0.959,1.101,106.838,10.333,99.479,101.785,115.414,1.067,1.046,103.678,10.995
2,223.252,93.947,1.077,98.909,111.287,103.518,112.273,1.072,93.485,1.106,104.896,108.881,115.267,107.852,0.984
4,223.685,93.265,99.643,104.101,0.942,1.017,109.003,9.914,98.016,108.049,109.192,0.982,0.983,100.763,9.984
4,223.69,104.125,112.535,104.444,0.999,1.037,95.614,10.182,93.5,104.27,103.433,0.96,0.962,97.318,11.193
4,223.86,108.892,108.472,106.746,0.954,1.008,108.349,9.562,108.025,107.049,99.699,0.967,0.964,102.14,9.683
2,224.287,96.768,1.06,100.44,104.771,112.752,100.091,1.022,94.043,1.09,102.835,115.639,100.908,98.689,1.101
3,224.372,106.176,111.669,107.156,9.868,118.293,110.178,108.988,112.598,97.943,99.431,10.117,107.852,104.846,112.018
1,224.509,95.36,10.268,103.802,112.246,95.38,108.757,1.027,112.048,10.212,101.69,102.964,95.851,108.362,1.022
3,224.892,102.995,98.884,101.554,10.108,118.199,113.78,96.554,104.821,107.78,98.618,10.255,115.276,116.206,109.452
1,225.111,98.815,10.366,92.257,99.832,108.557,107.594,1.162,106.99,11.303,105.53,109.816,106.494,100.005,1.055
4,225.44,99.011,108.852,110.418,1.018,0.964,95.614,10.046,99.24,105.756,106.79,1.084,1.005,92.636,9.93
1,225.897,98.51,10.32,101.384,111.761,107.101,109.61,1.001,99.515,10.528,102.438,103.572,101.691,107.631,1.001
1,226.465,98.979,11.784,94.123,106.135,102.386,110.255,1.147,97.849,11.549,105.372,111.022,102.182,100.806,0.991
2,226.816,100.159,1.096,111.346,108.881,106.467,97.596,1.138,98.972,1.049,103.609,111.413,116.084,109.765,1.117
4,227.206,100.394,101.727,105.415,1.019,0.96,100.686,9.936,95.382,109.942,104.284,1.1,0.93,108.148,9.481
3,227.452,108.048,109.661,96.549,11.127,111.115,108.136,108.682,104.893,102.596,110.605,11.027,108.731,109.214,96.861
1,228.107,99.341,11.635,101.684,100.706,99.454,100.058,1.085,109.539,11.452,95.999,100.857,93.094,109.595,1.067
4,228.107,97.065,109.851,102.65,1.087,1.065,92.91,10.365,93.935,112.231,115.048,0.972,0.966,95.614,9.717
4,228.448,107.461,111.243,116.479,1.001,1.006,105.372,10.329,108.945,102.52,112.454,1.036,0.943,107.183,9.902
4,228.518,108.136,98.332,103.124,1.07,0.948,98.136,10.686,100.531,108.208,114.584,1.047,0.928,94.787,10.89
4,228.551,95.965,97.974,101.676,0.999,1.091,101.519,10.272,96.038,98.821,106.703,1.109,0.93,98.813,11.186
1,228.724,111.691,10.474,105.06,105.896,93.614,93.711,1.114,100.754,10.197,103.323,97.711,99.583,93.654,0.993
1,228.752,110.392,11.103,100.108,110.653,101.956,99.703,1.16,111.401,10.858,102.942,104.71,101.543,95.171,1.017
4,228.803,105.606,110.394,102.962,1.102,1.015,100.448,10.984,107.311,113.575,103.139,0.936,0.932,97.339,9.936
3,228.972,98.972,96.448,105.223,10.087,104.156,119.156,98.957,111.586,96.277,109.714,10.516,115.897,112.706,95.031
3,229.232,99.87,111.425,105.174,9.867,111.076,117.404,109.954,104.033,101.481,99.823,11.451,111.367,110.544,109.537
3,229.247,110.568,98.263,114.057,9.778,117.013,114.145,105.541,112.78,107.414,104.712,11.461,117.08,100.399,103.488
3,229.572,116.857,101.314,99.46,10.49,106.537,105.259,110.673,103.504,107.636,108.069,10.356,103.388,102.569,110.903
4,230.039,93.619,113.586,113.116,0.937,0.953,96.036,9.711,93.77,114.55,105.389,1.08,1.002,93.4,10.182
3,230.06,104.172,111.567,97.241,11.259,109.632,106.765,110.897,115.21,97.895,109.255,10.407,108.173,110.482,106.954
3,230.087,115.195,95.041,104.833,10.543,114.791,118.118,101.485,104.022,99.073,105.789,10.472,115.056,103.731,95.28
3,230.165,114.056,101.803,106.473,11.158,118.498,115.022,101.114,101.521,98.893,103.805,10.874,103.36,112.501,109.853
3,230.684,113.721,110.466,99.393,11.283,103.025,113.55,105.041,105.132,95.069,101.134,10.897,114.791,114.266,111.492
4,230.821,94.618,97.866,115.668,1.047,0.963,99.011,10.322,94.22,108.032,99.73,1.056,1.091,96.284,10.785
3,230.962,106.255,97.588,106.637,11.011,102.469,107.198,110.438,110.091,107.615,99.536,11.048,105.119,109.514,96.287
3,231.012,114.527,111.972,113.177,11.455,103.143,118.592,103.285,107.07,99.017,106.423,10.056,101.738,110.904,97.245
2,231.051,96.368,1.168,100.067,115.172,109.756,109.536,1.038,92.678,1.152,111.609,104.732,107.174,112.079,1.039
4,231.139,106.4,109.017,101.676,1.04,1.099,92.824,10.298,109.974,105.297,106.181,1.044,1.083,106.516,10.47
4,231.837,96.739,103.339,110.214,1.031,0.992,96.004,10.689,95.754,115.559,113.596,1.064,0.97,103.792,11.05
4,232.153,94.119,108.605,113.116,1.103,0.985,102.635,10.754,99.133,114.066,108.3,1.101,1.051,96.589,10.879
1,232.331,101.438,10.644,94.56,112.577,104.529,108.928,1.092,100.99,10.201,92.858,100.792,102.514,101.647,1.072
2,232.607,102.331,1.082,105.841,107.799,108.434,104.848,1.088,92.614,1.061,105.93,109.221,114.089,108.523,1.062
4,232.781,108.945,108.818,108.931,0.969,0.957,109.261,11.122,96.095,98.198,113.485,0.937,1.018,108.755,10.58
2,233.134,106.08,1.055,108.582,115.353,99.276,112.051,1.024,102.331,1.06,104.101,104.039,101.679,111.082,1.076
1,233.482,105.127,11.214,108.363,103.782,100.17,102.881,1.021,105.784,10.582,107.513,100.156,95.199,107.671,1.015
1,233.535,103.575,10.909,97.336,112.679,102.788,99.877,1.075,109.066,10.364,99.037,101.524,96.96,108.928,1.056
1,233.799,102.289,10.733,104.611,101.41,108.71,95.114,1.1,100.736,11.428,107.249,102.964,109.093,104.843,1.05
2,233.866,108.857,1.107,99.465,102.227,105.782,99.004,1.057,93.201,1.001,100.415,109.678,116.322,107.484,1.09
4,233.909,109.654,111.67,100.924,1.072,1.051,96.225,10.851,107.476,115.751,107.377,1.068,0.955,106.592,10.383
3,234.143,115.245,101.429,106.434,9.737,103.577,110.426,102.826,98.89,108.231,110.476,10.806,112.539,105.485,94.461
3,234.392,105.366,98.922,103.522,11.262,108.398,118.892,94.365,98.767,106.211,99.255,10.488,108.14,114.554,103.294
2,234.432,96.35,1.123,104.165,111.031,100.37,96.114,0.993,105.062,1.127,109.248,115.643,104.548,103.396,1.128
1,234.753,111.517,11.308,104.275,110.354,97.599,94.297,1.138,97.53,11.771,97.999,103.758,100.064,93.827,1.038
4,234.808,98.393,103.368,98.844,1.015,0.949,98.056,10.872,97.163,113.681,103.702,0.964,1.075,95.678,10.811
3,235.109,116.975,95.322,96.786,11.205,110.241,105.922,102.515,111.311,98.007,100.821,11.496,112.246,107.988,101.491
3,235.613,102.138,103.529,105.074,10.105,109.718,105.429,107.812,101.708,104.807,107.489,10.152,107.971,111.211,101.639
2,235.704,109.404,1.077,102.997,103.462,112.746,108.557,1.093,101.731,1.056,101.961,110.064,103.245,99.397,1.141
1,235.981,101.103,11.494,92.055,112.754,104.215,97.516,1.022,101.211,11.546,108.513,104.21,104.636,106.685,1.074
1,236.344,102.345,10.791,101.402,105.211,108.161,101.513,0.991,100.586,11.049,105.302,105.499,95.453,101.891,1.165
1,236.892,103.923,11.384,100.842,104.657,94.224,96.596,1.113,95.806,11.279,108.301,114.52,106.656,97.203,1.04
1,237.083,98.615,11.091,107.551,97.187,100.846,94.801,0.988,102.757,10.362,92.422,100.201,106.202,99.316,1.074
1,237.234,105.896,10.803,92.567,100.307,97.273,99.144,1.069,112.202,11.543,107.325,114.351,106.428,104.887,1.056
2,237.619,108.166,1.042,102.648,104.264,112.885,106.226,1.044,102.537,0.997,107.004,108.983,102.766,110.031,1.103
2,237.83,96.966,1.032,111.135,109.86,105.081,104.067,1.123,109.002,1.113,94.74,104.371,101.685,106.719,1.129
3,237.951,116.965,98.922,107.786,10.49,115.04,107.546,109.128,111.586,107.527,108.78,11.098,113.859,104.073,100.214
3,237.967,103.624,102.358,106.508,9.865,101.331,118.613,95.537,105.575,97.508,113.079,11.333,100.314,114.26,102.257
2,238.768,105.949,1.177,94.688,108.0,112.752,104.065,1.122,97.476,1.096,111.57,109.671,98.552,111.222,1.099
3,239.223,114.891,104.324,96.887,11.147,104.617,112.553,107.591,109.083,107.191,104.127,9.863,118.528,105.453,98.965
2,239.613,99.661,1.129,100.074,114.041,110.958,100.496,1.101,100.665,0.998,110.424,97.723,99.165,98.683,1.036
1,239.632,107.495,10.302,108.921,102.242,95.91,103.416,1.035,111.401,10.79,98.987,112.388,95.777,99.192,0.992
1,239.844,106.439,11.104,93.744,104.103,100.404,102.881,1.023,97.785,10.783,108.513,107.747,108.662,103.219,1.11
2,239.933,92.876,1.003,110.186,111.915,104.576,101.337,1.048,97.679,1.02,95.679,108.322,104.661,103.26,1.1
1,240.694,103.657,11.405,104.118,108.437,105.231,106.6,1.149,104.146,10.126,97.454,111.535,92.912,105.631,1.167
4,240.923,98.887,104.822,106.616,0.98,1.095,95.167,10.824,106.4,110.88,115.054,0.988,0.953,104.237,10.36
3,240.978,115.469,105.13,101.903,10.887,115.656,108.016,103.686,111.269,103.043,99.165,10.488,107.285,107.25,105.127
1,241.072,108.462,10.335,107.813,109.907,98.141,98.462,1.147,95.297,10.545,103.165,97.837,95.363,97.591,1.091
2,241.244,94.651,1.054,98.486,115.206,116.63,102.496,1.141,106.089,1.078,102.234,114.439,101.843,113.371,0.98
2,242.142,99.252,1.056,94.047,107.423,113.056,111.88,1.1,94.211,1.039,110.507,101.879,107.635,113.023,1.044
2,242.225,108.857,1.051,109.881,100.944,100.778,96.933,1.124,100.558,1.079,102.269,107.919,107.198,108.771,1.031
1,242.667,101.955,10.048,105.71,99.863,104.529,108.145,1.03,106.757,10.466,94.765,100.885,97.079,102.447,1.097
1,242.808,96.296,11.717,107.874,99.294,95.01,106.167,1.146,106.17,10.221,97.655,96.841,96.237,103.369,0.994
4,242.861,106.161,101.835,103.433,0.995,0.928,101.722,10.299,97.684,104.773,103.429,1.005,0.992,101.771,10.961
4,242.884,109.955,111.052,106.881,0.96,1.007,104.754,10.051,98.4,108.39,98.863,1.052,0.964,98.999,11.157
1,242.995,110.841,11.569,104.821,101.085,99.784,110.262,0.994,107.836,11.211,94.344,98.727,97.599,98.242,1.048
4,243.055,108.741,104.36,101.277,0.959,0.963,97.696,10.445,109.233,102.347,99.713,0.951,1.073,100.673,9.879
1,243.466,106.446,11.078,100.953,104.685,97.26,97.952,1.122,111.76,11.092,99.865,104.824,99.839,98.177,1.12
3,243.878,114.857,95.041,96.048,11.551,111.112,112.765,99.309,112.279,94.402,114.089,9.928,118.864,117.104,98.695
3,244.036,108.054,107.366,99.462,11.544,116.627,112.674,98.187,111.899,103.467,105.05,11.167,110.35,109.678,107.453
1,244.609,111.671,10.663,92.02,98.663,105.299,101.26,1.12,98.755,10.674,104.847,109.051,104.545,109.579,1.087
3,244.65,115.05,103.699,100.12,10.981,110.846,118.613,107.568,112.279,98.893,97.88,10.507,107.166,107.015,102.206
4,244.711,99.723,100.168,100.652,1.041,1.095,95.015,9.93,100.656,114.102,106.836,1.081,0.935,107.926,10.22
4,244.752,96.366,108.371,116.468,1.002,0.959,102.868,10.686,104.882,100.136,104.557,1.106,1.095,101.057,10.773
1,245.333,99.153,10.366,107.874,105.88,105.926,104.271,1.1,100.062,10.299,94.202,108.482,104.103,107.216,1.035
1,245.42,104.73,10.729,100.788,114.059,104.072,109.656,1.013,110.122,10.615,93.687,113.026,100.354,97.104,1.026
1,245.531,97.495,11.04,101.935,100.931,95.389,104.911,1.023,107.574,11.522,103.31,113.207,92.463,93.911,1.155
2,245.535,109.636,1.074,98.557,103.475,104.704,107.539,1.059,98.318,1.017,100.715,100.944,103.443,110.229,0.996
1,245.763,105.556,10.265,103.915,105.139,108.241,106.399,1.076,103.665,11.491,102.023,111.127,108.271,106.126,1.145
2,245.921,105.701,1.139,95.737,102.214,114.061,98.284,1.061,101.441,1.119,100.393,115.775,116.736,97.182,1.136
2,246.325,93.684,1.027,94.078,113.663,106.23,110.956,1.059,106.782,0.993,99.047,108.049,116.599,95.896,1.097
3,247.004,111.667,111.168,108.309,10.669,109.099,118.202,108.796,104.384,106.211,104.636,10.081,114.969,107.623,104.416
1,247.322,112.791,11.103,98.519,109.94,97.876,109.851,1.044,102.267,10.277,103.915,103.363,96.338,99.529,1.012
4,247.476,95.313,112.12,115.544,1.098,0.947,94.369,9.871,95.03,107.324,109.742,0.946,1.012,93.554,10.572
1,247.562,97.978,11.242,96.215,99.998,94.888,98.881,1.015,110.438,10.822,106.602,99.567,107.412,109.433,1.147
3,247.822,115.231,96.079,99.588,10.661,109.596,108.256,105.116,103.06,99.873,104.578,11.396,110.657,107.198,107.889
2,248.224,99.807,1.048,100.067,112.254,114.359,97.242,0.995,98.265,1.147,107.396,100.054,110.106,105.103,1.092
3,248.244,105.879,105.793,103.468,10.38,108.676,108.862,95.086,100.367,100.064,97.63,10.126,117.626,117.698,98.87
3,248.561,103.77,103.467,112.602,11.386,101.523,105.259,109.716,112.419,103.002,110.605,9.998,113.513,100.907,102.94
2,248.679,98.599,1.055,108.979,103.743,99.165,107.137,1.138,105.517,1.109,105.616,111.843,116.374,108.981,1.043
1,249.074,98.724,11.831,96.2,110.542,93.171,104.81,1.022,107.418,11.343,98.305,108.896,94.931,110.683,1.004
4,249.475,100.235,109.942,109.861,1.055,1.082,92.826,10.733,109.662,103.972,114.066,1.034,1.096,98.592,9.863
1,249.514,101.17,11.704,96.384,98.883,100.555,109.912,1.162,106.107,11.717,94.291,111.409,92.471,100.471,1.099
1,249.576,111.588,10.324,107.225,108.369,102.515,106.091,1.085,110.999,11.43,98.534,102.023,108.06,106.688,1.013
1,250.51,99.419,11.504,95.671,109.287,100.913,107.123,1.062,100.685,11.23,104.355,110.579,105.482,109.954,1.006
3,251.291,101.061,104.692,112.637,9.918,109.37,102.238,94.388,114.04,100.7,104.312,11.077,110.42,110.448,94.975
3,251.392,108.121,101.7,100.608,9.887,118.072,107.623,101.415,106.966,107.223,106.435,10.811,114.919,109.698,108.852
4,251.428,106.256,105.383,111.517,0.955,1.003,93.01,10.431,98.911,112.753,100.884,1.024,1.023,99.18,9.968
4,251.669,101.632,113.476,111.812,1.073,0.93,107.588,10.813,93.77,100.433,110.902,1.109,1.077,99.085,9.647
3,251.738,115.034,109.448,112.056,10.982,113.719,102.768,111.492,103.118,110.466,104.28,11.281,103.12,114.202,100.406
2,251.797,107.955,1.007,109.259,107.851,110.758,107.31,1.019,105.551,1.152,94.693,114.8,101.281,105.999,1.041
1,252.22,112.155,10.928,108.664,101.717,92.438,109.255,1.159,109.178,10.391,102.801,103.1,99.635,101.605,1.164
3,252.846,98.643,98.111,106.423,10.134,103.001,105.383,103.178,108.812,105.656,104.992,10.819,106.3,118.153,98.325
4,253.006,107.777,107.79,105.137,1.023,1.056,99.26,10.262,95.313,98.561,112.322,0.958,0.982,98.255,9.482
4,253.372,104.821,110.051,108.747,1.095,1.055,97.696,9.444,105.007,105.083,112.015,1.096,0.937,97.244,11.013
1,253.666,105.556,10.778,93.86,113.088,95.513,93.571,1.113,105.639,10.517,106.155,99.083,99.264,102.447,1.013
4,253.717,93.877,114.661,113.373,0.967,1.082,95.549,9.53,105.469,112.293,99.174,0.951,1.014,107.588,10.824
3,254.027,105.969,94.836,111.509,10.982,116.11,109.703,111.59,115.195,109.716,98.277,10.668,105.537,103.509,109.763
1,254.205,102.271,11.302,99.654,100.279,92.137,96.923,1.022,111.044,10.953,103.843,109.929,92.131,95.653,1.075
2,254.26,105.919,0.996,96.186,100.957,112.312,100.093,1.083,94.856,0.994,104.586,114.728,102.792,104.73,1.055
2,254.274,102.879,1.017,102.649,105.643,112.248,111.078,1.062,101.778,1.038,102.377,116.074,107.663,106.162,0.984
4,254.556,107.778,101.509,113.158,1.064,0.967,106.616,10.075,101.693,98.198,115.719,1.05,1.062,100.576,9.889
2,254.598,105.429,1.165,98.679,101.898,114.632,103.673,1.044,108.509,1.115,110.396,113.663,101.658,99.562,1.15
4,254.621,98.887,98.251,111.461,0.986,0.93,108.107,11.073,98.426,115.82,107.112,0.983,1.095,99.811,9.654
4,254.621,102.224,99.103,111.685,1.019,1.032,105.778,11.073,93.196,110.741,98.844,0.987,0.994,101.394,10.817
2,254.688,98.301,1.118,105.361,103.261,115.491,102.492,1.09,97.815,1.132,99.565,102.031,106.132,96.621,1.019
3,254.904,112.5,96.77,98.857,9.84,104.864,101.942,102.633,103.849,100.173,100.003,10.131,116.349,107.388,103.559
1,255.066,108.462,10.209,100.414,100.426,105.926,108.323,1.158,99.861,11.617,108.513,109.767,96.046,108.566,1.133
1,255.515,101.892,10.322,106.69,101.251,96.566,104.715,1.16,107.218,10.995,107.177,99.06,94.405,109.879,0.998
2,255.549,96.45,1.096,102.95,113.613,115.321,105.368,0.996,105.241,1.147,98.557,112.683,106.333,102.928,0.985
1,255.802,111.552,11.727,101.222,114.151,97.293,100.844,1.066,98.13,10.989,108.948,104.204,104.626,98.802,1.005
3,255.823,102.924,102.164,102.778,11.455,102.681,102.711,97.335,102.404,110.864,108.131,10.762,103.387,114.494,103.525
2,255.938,105.742,1.057,98.622,110.506,101.004,103.032,1.144,100.549,1.052,97.424,115.733,103.029,113.465,1.067
4,256.034,103.489,105.888,103.902,1.055,1.039,92.963,10.224,100.655,98.882,99.699,0.95,0.967,102.621,9.92
1,256.038,100.586,10.892,94.387,108.408,96.566,102.211,1.159,104.247,10.73,101.481,105.801,103.678,100.379,1.16
4,256.419,98.541,113.899,115.928,0.979,1.064,95.083,11.134,94.765,115.661,100.652,1.024,1.068,97.051,10.689
2,256.6,98.532,1.037,95.543,101.145,108.2,101.168,1.009,98.599,1.071,100.452,111.944,112.985,108.876,1.023
1,256.771,110.143,10.548,92.135,114.307,107.098,109.574,1.123,107.912,11.049,108.064,109.543,101.956,94.898,1.133
3,256.78,114.583,97.985,98.634,11.266,105.922,103.427,110.859,106.834,97.204,106.239,10.665,102.385,118.133,97.66
4,256.836,102.27,110.415,103.705,1.045,1.047,94.093,10.448,101.327,113.345,100.523,0.937,1.084,95.855,10.135
2,256.843,100.713,1.078,97.937,99.963,112.535,108.271,1.148,104.06,1.098,97.907,99.966,116.535,113.129,1.05
1,256.92,98.941,11.476,93.774,100.657,108.681,99.988,1.104,100.607,10.775,106.334,110.064,96.046,98.213,1.074
2,257.051,104.898,1.165,99.926,105.508,104.845,104.363,1.144,102.694,1.127,111.135,104.967,104.024,111.648,1.074
1,257.098,104.247,11.263,95.436,112.918,100.571,102.762,1.029,106.529,10.885,106.725,113.858,97.02,103.369,1.006
2,257.362,106.863,1.108,97.998,106.062,111.072,105.245,1.142,93.637,1.012,97.692,116.074,103.664,113.507,1.112
4,258.113,110.686,102.276,104.357,1.062,0.999,96.888,10.319,98.123,109.185,114.729,1.072,1.07,98.789,9.445
1,258.221,103.816,10.526,107.098,114.026,101.581,110.922,1.014,105.09,11.504,102.716,106.635,102.013,103.926,1.136
2,258.409,109.011,1.019,101.961,115.319,108.887,110.329,1.138,103.599,1.028,104.725,113.375,100.977,102.99,1.136
1,258.424,95.608,10.722,106.863,114.375,107.395,95.251,1.099,110.611,10.791,91.739,102.118,106.148,97.167,1.044
2,258.543,97.384,1.137,105.934,106.03,99.936,107.852,1.014,104.897,1.036,104.131,111.915,107.492,107.511,1.106
3,258.686,113.587,102.135,111.509,10.868,107.374,113.835,101.614,114.04,106.052,108.157,9.751,110.264,105.231,110.104
3,258.822,111.568,97.196,106.435,11.445,103.685,102.1,103.91,102.852,94.516,103.018,11.422,112.698,109.95,105.959
4,258.855,94.62,115.658,105.06,0.941,1.024,106.994,10.689,107.194,107.324,107.115,0.952,1.053,98.442,10.586
3,258.879,115.382,96.269,112.688,10.417,100.144,115.357,108.852,100.549,94.536,96.549,9.793,101.613,100.343,101.671
3,259.118,102.713,96.739,97.131,9.984,109.011,108.369,96.332,113.622,94.403,103.813,11.207,117.98,102.495,108.025
1,259.148,94.915,10.144,108.983,105.042,101.518,106.701,1.022,100.531,10.816,93.475,109.123,97.272,105.461,0.99
1,259.203,102.599,10.591,107.145,108.318,98.83,106.043,1.036,109.639,11.772,105.015,107.696,106.301,109.081,0.994
1,259.436,111.991,10.059,105.734,110.392,95.901,102.11,1.165,98.716,11.707,101.059,108.342,107.098,101.683,1.087
2,259.802,109.218,1.088,97.593,113.43,108.212,101.311,1.043,100.586,1.124,105.239,113.924,98.559,100.481,1.133
4,260.057,95.894,107.154,104.49,0.974,1.065,96.414,9.752,105.682,115.0,99.883,0.957,0.929,102.652,10.628
1,260.34,98.658,11.232,96.09,99.3,108.241,94.236,1.004,109.248,10.054,101.304,103.044,98.795,105.202,1.155
1,260.397,109.457,10.852,103.165,108.123,99.969,97.089,1.005,97.945,10.208,103.65,111.879,94.182,96.805,1.018
1,260.433,95.68,11.755,106.543,104.431,97.02,95.415,1.148,105.639,10.371,101.675,103.726,100.248,110.028,1.054
4,260.633,98.393,104.919,110.403,0.946,1.048,101.613,10.961,101.685,100.037,107.822,0.954,0.963,103.856,9.529
2,260.804,106.916,1.139,110.464,110.318,107.684,102.833,1.113,107.021,0.996,96.371,102.943,110.251,96.834,0.991
1,260.811,107.408,10.331,99.783,101.519,100.58,96.253,1.097,110.144,11.373,106.51,99.047,104.807,106.419,1.148
2,260.86,105.068,1.175,101.482,105.297,106.865,104.5,1.155,95.849,1.053,97.752,116.074,113.684,100.792,1.038
4,261.393,102.679,102.644,116.293,1.063,1.102,100.491,10.139,100.051,114.01,110.214,0.964,1.04,95.302,10.559
3,261.645,112.45,104.324,111.928,11.049,114.291,112.915,98.454,100.917,97.336,109.102,10.516,117.626,111.48,94.416
3,261.758,105.749,102.743,102.778,10.372,109.718,104.814,102.019,115.339,96.678,98.792,10.309,108.856,113.517,105.091
2,261.943,109.979,1.027,110.352,106.923,110.727,109.672,1.104,96.584,1.102,103.534,102.806,102.973,113.12,1.159
3,262.148,106.453,100.068,96.895,11.154,118.044,105.453,110.854,103.397,102.59,113.657,10.253,110.116,100.39,107.252
1,262.565,106.966,11.338,107.669,113.072,100.992,103.219,1.113,112.781,10.563,104.002,99.902,108.667,104.51,0.997
3,262.634,115.22,97.784,105.948,10.967,101.71,100.39,95.834,104.909,108.528,101.992,10.943,108.734,105.913,102.515
2,262.942,97.65,1.085,107.237,99.106,102.036,106.364,1.006,105.373,1.165,107.497,99.083,106.058,103.936,1.04
4,262.957,102.396,108.913,106.886,1.01,1.003,102.522,10.876,102.322,111.192,112.126,0.963,0.972,92.637,10.149
3,263.151,116.098,101.499,101.59,10.933,107.374,116.512,102.384,115.196,103.704,105.223,11.126,115.04,102.711,110.084
4,263.225,98.581,102.244,116.98,0.981,1.071,98.422,10.306,101.153,109.432,116.776,0.994,1.027,104.688,9.859
1,263.423,94.915,11.424,105.277,110.987,102.296,95.266,0.988,109.62,10.014,105.754,110.833,98.789,108.876,1.083
3,264.19,106.861,96.723,99.803,9.763,108.225,104.846,97.298,105.699,101.932,111.37,11.089,117.756,116.081,96.812
4,264.465,103.73,103.874,103.632,1.014,0.969,96.225,10.684,104.422,112.023,105.146,1.085,1.057,98.0,10.525
4,264.638,94.046,104.33,112.065,1.012,0.949,101.238,9.92,106.376,107.712,106.234,0.957,1.052,103.775,9.767
4,265.034,105.295,101.727,115.266,0.964,1.057,99.708,11.013,102.726,110.846,115.815,1.056,0.997,95.265,10.686
1,265.265,102.696,10.885,103.291,114.836,103.102,100.06,1.092,104.669,10.221,96.546,100.023,104.294,94.8,1.044
4,265.365,109.022,114.237,111.447,1.083,1.096,95.495,9.667,100.964,115.82,103.937,0.936,1.02,92.637,9.893
1,265.553,102.735,10.693,103.204,98.6,107.295,106.973,1.16,94.963,10.742,104.36,106.264,98.768,97.388,1.139
2,266.223,99.159,1.011,101.292,99.7,104.213,101.54,1.158,105.626,1.027,97.099,100.096,110.251,107.184,1.042
4,266.475,105.908,104.142,115.94,1.068,1.014,97.409,10.689,108.441,112.261,109.762,1.109,0.949,109.081,9.917
2,266.526,109.797,1.04,98.442,102.804,101.554,111.026,1.148,105.949,1.063,96.849,115.697,115.133,112.103,1.067
3,266.858,100.043,97.94,96.385,10.479,111.219,107.318,99.967,100.193,101.801,113.05,11.154,105.215,115.982,105.781
2,266.864,105.584,1.086,95.819,103.619,101.073,109.303,1.054,96.55,1.075,107.396,102.704,98.552,113.143,1.047
1,267.096,95.89,10.292,100.025,99.843,108.125,100.742,1.154,99.301,10.582,103.269,109.516,95.777,97.073,1.006
1,267.192,101.054,11.717,100.283,111.022,97.711,100.844,1.091,110.227,10.885,98.573,112.12,92.178,100.836,1.085
1,267.199,95.752,10.163,96.559,106.104,103.871,99.316,1.123,104.438,11.718,108.118,106.239,99.784,100.707,1.119
2,267.358,109.978,1.055,110.846,108.944,111.903,97.031,1.147,108.868,1.118,109.479,108.983,104.9,111.514,0.991
1,267.561,110.994,11.053,103.139,98.078,103.195,104.497,1.089,107.218,11.058,97.121,106.948,106.148,102.794,1.128
1,268.432,99.29,11.685,102.076,111.553,93.022,97.046,1.007,105.204,10.298,108.687,114.207,106.73,94.612,1.021
4,268.705,105.689,115.506,109.563,0.94,0.937,101.729,10.182,94.177,115.338,102.349,1.089,0.969,97.22,11.113
2,268.839,97.583,1.106,99.723,101.213,109.806,100.208,1.134,98.532,1.019,94.688,100.233,107.663,98.219,1.144
3,269.138,105.327,100.814,113.849,10.197,116.47,102.569,103.303,110.022,99.591,109.543,9.98,107.613,101.612,94.773
4,269.194,96.167,110.96,111.361,1.019,1.082,102.485,10.528,104.239,114.524,117.09,1.047,0.976,102.89,10.781
4,269.413,109.657,107.485,115.401,1.025,1.06,97.635,9.461,106.598,98.386,99.675,1.105,1.056,107.026,10.848
3,269.838,99.395,99.483,114.218,11.309,116.612,109.52,101.623,101.298,107.615,102.247,10.774,103.001,106.109,105.506
3,269.841,105.502,108.322,110.382,10.723,103.682,109.056,112.018,111.233,103.152,99.255,10.239,100.349,117.378,105.781
3,270.319,106.574,110.982,99.713,10.965,108.198,105.691,108.89,110.334,97.212,108.181,11.112,108.101,108.43,112.159
3,270.685,114.891,106.693,107.352,10.932,103.923,102.293,96.508,110.503,108.827,97.685,10.407,105.021,106.835,100.875
3,271.324,98.998,103.492,103.249,11.011,115.117,113.044,102.734,102.964,98.58,113.079,9.794,109.923,104.409,102.487
2,271.684,94.211,1.102,99.051,109.511,103.007,99.814,0.985,108.418,1.078,99.669,104.371,105.41,112.178,1.101
2,271.955,96.585,1.107,99.263,113.648,103.418,104.337,1.077,100.859,1.082,96.243,106.298,108.806,109.587,1.006
2,272.072,105.897,1.014,110.294,109.634,104.867,106.291,1.045,102.8,1.03,110.779,104.967,98.482,108.102,1.018
4,272.165,103.088,103.105,102.412,1.092,1.006,93.574,10.144,107.403,114.938,105.669,1.105,0.998,97.676,10.15
4,272.741,103.276,114.069,109.889,1.079,1.09,96.542,10.497,101.809,112.076,103.209,1.004,1.023,101.876,9.9
4,272.772,102.829,110.741,116.779,1.049,0.942,94.122,11.017,94.22,114.403,111.173,0.944,0.929,96.395,11.157
3,272.819,102.266,101.685,107.139,10.289,106.947,112.708,101.019,103.21,98.815,101.922,11.423,111.413,109.47,103.88
1,273.304,95.943,10.292,103.839,109.449,100.708,103.85,1.013,112.188,10.53,107.029,101.359,100.825,95.26,1.141
2,273.618,109.979,1.035,100.952,115.481,107.832,110.948,1.142,108.234,1.06,109.469,99.52,104.155,99.858,1.091
1,273.805,112.409,11.387,97.384,99.401,105.762,97.02,1.035,105.611,10.722,106.101,100.706,102.702,98.664,1.089
2,274.11,94.211,1.086,99.81,109.214,106.285,109.175,1.014,108.198,1.096,101.106,114.681,98.607,109.637,1.114
2,274.466,93.413,1.122,95.182,105.502,98.992,103.396,0.987,101.709,0.995,105.883,99.656,105.283,104.078,1.111
2,275.202,93.748,1.076,109.688,109.388,104.66,101.599,1.023,94.847,1.09,110.198,100.988,101.313,100.326,1.061
3,275.491,99.597,107.191,107.497,10.481,111.982,110.191,98.965,102.538,107.578,99.415,10.795,118.569,110.256,103.247
1,275.521,109.58,10.615,94.825,101.04,97.677,97.988,0.992,106.503,10.938,107.786,99.153,107.997,98.894,1.162
3,276.304,102.475,102.545,105.913,10.181,100.875,104.583,103.583,100.288,104.089,114.151,11.056,115.897,118.607,99.309
2,276.304,93.928,1.084,99.204,107.892,110.961,97.154,1.011,107.187,1.118,108.919,102.031,113.622,105.107,1.111
3,276.64,109.651,100.198,97.411,10.027,115.164,100.873,107.376,108.522,100.454,103.443,9.779,111.652,111.81,104.812
2,276.791,106.635,1.046,106.633,116.13,116.203,105.578,1.09,98.612,1.016,109.685,100.176,102.85,103.936,1.1
2,276.801,99.124,1.154,101.474,103.626,101.305,112.273,1.067,100.593,1.007,109.807,99.359,106.349,104.18,0.977
2,276.915,94.919,1.108,98.455,103.347,116.702,112.649,1.147,94.962,1.147,97.491,99.135,113.482,97.367,0.979
2,276.99,93.521,1.113,101.205,99.7,113.076,102.99,1.001,103.592,1.065,100.437,115.036,102.874,102.141,1.095
2,277.794,94.447,1.133,100.479,104.649,101.554,103.26,1.146,106.212,1.082,107.724,103.197,107.867,107.056,0.978
2,277.956,97.722,1.092,96.303,109.721,99.296,110.688,1.006,107.174,1.137,110.009,101.95,108.212,108.888,1.044
1,278.171,112.029,10.014,99.241,101.085,107.274,95.836,1.05,98.461,10.803,103.395,111.996,106.148,101.033,1.079
2,279.063,101.015,1.042,99.381,101.03,105.824,107.707,1.106,92.614,1.113,100.864,109.107,101.991,106.364,1.021
2,279.294,102.253,1.095,98.53,106.923,110.632,100.729,1.076,98.793,1.081,99.557,102.501,108.343,109.652,1.161
4,279.467,100.392,104.853,112.732,0.941,0.984,108.417,10.949,95.88,102.556,111.346,1.045,1.054,102.992,10.431
3,279.896,106.907,100.458,101.523,10.289,109.077,107.198,101.009,101.839,107.15,105.05,11.132,100.271,110.988,100.667
4,279.911,103.794,98.109,112.501,1.087,0.996,94.093,9.487,100.554,100.434,114.343,1.041,0.954,109.026,9.994
1,280.258,97.275,11.242,94.291,97.338,92.912,101.528,1.085,101.283,11.499,108.587,100.62,102.019,98.669,1.001
2,280.459,96.582,1.09,100.261,109.678,112.799,108.961,1.061,96.29,1.116,99.347,109.785,99.61,105.865,1.126
4,281.137,104.949,111.765,115.472,1.048,0.969,93.856,9.711,103.388,115.859,114.325,1.11,0.981,105.502,10.47
1,281.256,105.019,11.346,104.245,101.365,108.0,105.802,1.083,106.474,10.963,93.946,114.371,102.915,101.107,1.05
4,281.358,104.608,107.107,106.739,0.985,1.075,95.002,11.208,105.458,105.289,105.415,0.964,0.993,93.229,9.519
2,281.373,107.725,1.098,110.009,115.122,116.263,108.528,1.021,100.027,1.009,95.008,108.036,100.778,105.03,1.046
4,281.515,108.879,102.018,106.151,0.974,1.061,106.528,9.626,100.98,107.324,111.381,0.941,1.085,95.093,11.03
2,281.737,92.802,1.119,106.23,101.523,114.077,102.263,1.134,102.58,1.14,100.803,104.811,105.247,101.547,1.106
3,281.972,103.849,95.297,113.885,10.889,100.348,103.468,110.633,113.305,99.838,99.393,10.312,111.456,118.188,102.708
3,282.312,111.612,104.154,104.389,10.368,113.234,101.905,112.159,107.309,106.336,107.023,10.562,116.589,113.863,103.037
2,282.727,104.525,1.126,107.459,115.122,116.535,100.91,1.092,104.016,1.063,110.646,115.722,106.37,112.649,1.122
2,282.776,100.632,1.045,99.966,112.821,115.169,111.754,1.109,92.614,1.112,105.492,115.991,105.623,97.412,1.05
4,282.793,106.61,99.618,100.047,1.095,1.054,103.796,10.934,107.517,116.022,105.743,1.025,1.058,99.489,10.596
1,282.969,112.436,10.829,99.304,98.326,95.006,98.493,1.121,110.567,10.645,95.686,98.41,100.727,104.542,1.053
2,283.204,103.599,1.06,102.837,99.784,114.422,98.033,1.139,96.585,1.062,94.238,110.484,106.444,105.865,1.072
3,283.706,113.962,95.499,110.979,11.568,100.48,101.234,95.323,114.224,103.704,96.887,10.289,100.875,110.382,97.526
4,283.712,108.739,107.68,104.673,0.957,1.002,92.91,10.923,101.146,114.321,102.284,1.045,1.045,102.488,9.767
4,284.296,101.073,107.035,116.524,1.094,1.052,108.211,9.764,94.708,113.319,109.482,0.981,1.069,107.48,11.154
4,284.717,108.527,103.247,99.089,1.048,0.934,94.804,9.633,94.991,103.852,113.618,0.95,1.06,96.284,10.784
2,284.86,94.231,1.05,107.339,114.96,110.24,101.668,1.042,99.717,1.176,103.088,115.844,109.78,102.928,1.076
4,284.952,98.586,114.284,104.567,1.024,1.016,107.093,11.179,94.618,101.505,106.722,1.005,1.078,99.237,10.884
1,285.168,107.663,10.319,92.773,105.833,93.768,100.616,1.09,104.322,11.293,108.738,106.167,96.81,104.804,1.163
2,285.547,107.26,1.17,104.441,111.287,108.979,100.091,1.126,100.33,1.142,108.886,114.609,112.096,106.323,1.149
1,285.731,105.279,10.666,105.061,114.151,101.628,94.958,1.006,103.816,10.54,93.298,102.965,99.994,99.961,1.005
1,285.923,100.736,10.674,103.802,102.698,106.121,105.435,1.058,99.376,11.326,92.421,97.338,101.078,101.614,1.158
2,286.148,93.684,1.116,93.956,109.648,106.678,97.367,0.978,105.853,1.09,110.922,113.117,109.372,104.634,1.069
3,286.31,107.731,97.602,106.826,10.726,110.494,110.266,102.279,100.288,111.48,98.766,10.454,114.962,106.937,102.826
1,286.694,107.579,11.782,105.754,103.572,100.125,101.646,1.006,100.747,11.607,93.747,111.525,106.762,106.698,0.992
1,286.724,99.442,10.256,94.885,100.156,100.796,102.091,1.018,95.915,11.049,103.269,107.972,106.093,94.058,1.013
2,286.76,109.095,1.113,96.079,109.15,106.591,105.786,1.124,106.048,1.135,107.554,116.193,109.51,110.57,1.05
1,287.602,97.46,10.034,96.669,104.458,96.964,95.667,1.14,97.696,11.449,105.7,110.203,101.669,94.612,1.053
3,287.649,114.665,109.696,102.041,10.472,101.76,112.954,97.191,114.665,101.724,96.167,11.437,110.965,110.656,110.503
1,287.702,99.489,11.018,103.867,103.412,103.619,93.593,1.105,103.899,10.789,93.645,110.213,99.802,98.971,0.993
4,287.758,100.218,102.966,109.704,1.015,1.054,104.539,10.425,102.32,107.833,102.203,1.011,0.993,97.538,10.13
3,287.818,106.893,100.58,112.637,10.867,116.258,113.903,105.715,114.224,103.704,106.402,10.202,105.215,109.928,100.165
3,287.877,110.836,111.078,98.659,11.222,108.173,106.932,107.892,102.382,97.456,103.013,11.452,102.469,105.231,109.762
3,287.93,106.861,97.456,100.746,10.764,102.333,110.547,107.892,114.718,98.439,112.618,11.097,112.527,108.613,103.688
4,288.459,99.81,103.874,99.514,1.047,1.025,108.349,10.322,107.331,105.508,115.457,1.024,1.03,102.063,10.302
4,288.677,101.759,106.951,100.066,1.006,0.953,104.806,10.907,105.734,98.991,101.579,0.942,1.1,107.61,10.312
4,288.835,104.777,106.264,109.889,1.105,1.009,104.688,11.082,103.047,100.939,105.391,1.088,1.087,93.4,9.837
4,289.346,108.122,99.822,112.289,0.941,0.972,98.151,10.49,99.386,103.669,100.093,1.018,0.932,101.365,9.753
3,289.365,100.846,105.375,108.333,11.481,100.421,105.445,97.487,110.703,98.31,106.807,11.057,110.439,118.607,95.327
1,289.525,99.376,11.487,99.607,96.801,100.69,110.028,1.101,108.335,10.177,100.108,100.42,101.344,107.362,1.141
1,289.656,100.016,11.844,95.999,107.79,100.518,106.51,1.088,103.116,10.474,92.39,101.488,99.413,103.926,1.141
1,289.745,111.606,11.391,92.668,98.685,92.327,110.43,0.993,97.88,11.727,107.96,98.516,108.525,102.091,1.148
3,289.943,105.638,95.892,99.303,10.819,112.473,109.263,109.184,114.551,98.663,99.718,10.586,109.529,114.574,109.569
4,289.96,107.351,112.145,107.112,0.982,1.026,99.221,10.458,105.418,104.919,110.487,1.012,1.046,98.397,11.016
3,289.985,110.558,102.986,104.139,10.689,113.917,115.156,97.952,111.618,106.466,104.868,10.161,103.273,103.855,101.612
3,290.011,101.198,104.498,98.022,10.935,106.739,102.293,97.709,98.955,111.445,96.532,11.121,103.805,114.499,95.696
3,290.131,115.612,111.716,105.517,10.381,118.761,100.781,110.521,98.528,108.613,104.218,11.285,111.115,112.58,105.186
2,290.146,93.428,1.169,109.099,102.845,108.109,110.273,1.117,93.428,1.003,108.117,103.42,103.245,113.128,1.131
3,290.292,111.267,105.757,101.604,10.988,107.286,110.266,108.02,112.973,98.356,103.445,11.064,116.623,118.101,96.321
3,291.329,115.189,96.213,99.325,11.54,111.426,106.533,95.736,99.395,99.691,104.51,9.911,109.302,113.747,109.94
2,291.444,104.596,1.149,96.431,105.548,110.782,98.447,1.146,98.587,1.1,99.014,110.448,106.417,106.07,1.035
3,291.748,113.525,111.3,103.816,10.61,111.498,112.804,101.174,99.804,108.081,102.524,9.815,114.803,102.495,102.413
4,291.754,103.276,107.664,102.64,1.024,0.935,107.295,9.995,102.385,102.564,111.475,0.935,1.013,92.973,10.612
2,292.179,101.432,1.096,95.154,114.402,100.163,101.527,0.978,101.755,1.059,97.727,111.048,101.899,104.347,1.072
3,292.412,112.598,102.405,113.421,11.568,115.255,112.483,105.236,106.076,100.69,110.951,11.089,116.668,115.013,105.462
4,292.808,96.638,114.979,101.209,0.971,0.964,92.277,9.49,95.869,115.859,106.018,1.095,0.928,107.794,10.768
1,293.129,95.197,10.258,91.847,103.65,93.826,108.111,1.049,104.204,10.466,108.825,99.401,95.389,105.822,1.049
3,293.459,101.817,97.604,110.504,10.396,109.68,100.84,109.372,113.807,102.596,113.35,10.79,118.43,113.133,107.021
4,294.052,96.664,109.972,106.151,1.02,1.09,97.169,10.09,100.983,104.78,107.789,1.104,1.018,106.467,10.759
1,294.162,95.19,10.571,96.74,104.567,92.865,100.379,1.028,100.092,11.039,108.818,111.36,105.569,100.292,1.148
1,294.448,110.364,10.58,98.119,114.836,95.016,97.328,1.066,97.258,10.311,106.417,112.638,97.832,98.194,1.109
2,294.475,104.775,1.127,108.66,112.808,98.987,113.366,1.11,93.879,1.099,95.373,103.181,107.142,104.634,1.047
2,294.893,107.37,1.013,107.497,100.551,100.778,99.175,1.12,99.457,1.0,97.644,114.789,102.785,102.169,1.066
1,295.074,102.289,10.311,106.012,106.918,103.186,109.836,1.147,109.598,11.25,96.546,97.399,97.272,99.504,1.056
1,295.114,105.591,10.234,102.623,102.788,107.956,99.687,1.099,102.744,10.657,100.97,108.518,98.457,95.917,1.09
1,295.589,107.306,11.456,108.204,106.011,106.41,98.669,1.024,104.212,10.532,103.232,101.04,106.412,95.096,1.118
4,295.797,99.76,104.898,116.811,0.988,1.075,103.677,9.512,102.949,99.274,113.169,0.992,0.95,100.754,10.847
3,295.934,111.257,98.389,104.688,10.618,111.219,106.367,105.541,114.958,103.529,109.131,10.808,108.398,116.776,100.308
2,295.947,106.741,1.082,109.293,111.548,98.478,97.326,1.078,104.314,1.136,100.405,100.216,112.826,107.137,1.066
2,296.386,102.15,1.074,98.495,115.137,101.049,103.936,0.995,110.02,1.04,102.234,102.495,111.53,97.367,0.985
3,296.481,114.846,106.065,97.884,11.419,109.072,117.164,95.394,106.255,106.262,103.661,10.46,110.771,108.369,94.819
2,296.549,96.368,1.176,100.479,111.924,104.845,101.616,0.997,99.369,1.089,95.143,114.041,116.828,109.748,1.006
3,296.751,104.598,96.451,112.851,9.951,113.113,111.063,104.84,103.501,94.526,105.719,10.349,105.965,118.674,107.866
4,297.454,95.612,109.535,99.081,0.989,0.929,103.326,10.859,94.924,103.162,100.044,1.026,0.957,92.751,9.76
3,297.465,106.923,105.561,111.513,10.528,107.416,107.797,100.478,108.818,110.864,97.032,10.064,111.669,111.88,108.412
2,297.469,101.088,1.009,108.48,111.819,111.837,104.346,1.101,105.477,1.011,105.634,112.405,103.431,100.292,1.012
3,297.479,102.727,106.76,105.211,10.571,109.556,107.198,111.165,111.213,98.265,103.234,10.78,118.58,117.611,103.384
2,297.487,100.306,1.066,102.787,97.792,109.391,111.677,1.02,103.399,0.993,108.305,106.298,100.19,106.656,1.0
1,298.435,95.864,10.583,101.808,107.162,105.18,108.111,0.984,98.888,10.129,96.094,99.567,102.265,95.309,1.074
2,298.731,94.695,1.175,96.041,111.277,102.059,102.559,1.074,106.507,1.135,97.398,98.115,103.549,104.099,1.136
3,298.852,113.955,102.432,109.754,10.035,100.875,100.741,102.975,116.975,102.542,106.402,10.046,103.115,114.266,96.198
2,299.302,109.127,1.125,96.431,104.732,116.702,97.352,0.979,99.369,1.0,110.331,102.03,102.263,110.627,1.032
4,299.324,106.868,107.775,115.036,0.951,1.009,108.055,10.995,101.814,102.276,115.362,1.055,1.03,93.754,10.231
4,299.879,106.755,109.389,112.213,0.995,1.095,103.18,10.555,109.281,99.221,117.098,1.004,1.002,100.133,9.551
2,299.939,108.604,1.114,109.293,106.55,109.251,111.804,1.03,92.702,1.106,109.776,99.41,115.253,100.986,1.097
1,300.405,98.505,10.302,101.675,109.881,108.103,94.048,0.989,96.372,11.082,106.68,111.553,102.327,95.266,0.996
4,300.725,102.463,115.23,105.974,0.981,1.08,107.184,9.708,101.146,112.24,115.401,1.095,1.049,109.261,10.557
3,300.966,116.843,94.844,112.309,10.819,112.539,102.891,96.035,99.84,96.676,113.987,9.975,101.497,115.195,98.372
1,301.364,97.601,11.77,102.327,102.576,95.035,98.19,1.155,105.247,11.039,97.496,109.047,100.69,97.591,1.087
3,301.461,103.888,105.267,96.285,9.999,112.539,108.027,99.447,112.252,104.447,106.915,10.127,106.491,118.016,108.323
3,301.52,102.567,108.797,107.069,10.437,117.404,116.167,105.274,101.891,98.961,96.277,9.736,103.66,110.482,111.251
2,301.657,109.797,1.161,108.448,102.017,116.75,107.893,1.07,105.132,1.036,106.988,104.864,112.514,110.693,1.01
2,301.667,107.378,1.073,101.482,115.71,110.795,108.987,1.154,106.08,1.066,107.861,102.399,110.453,106.368,1.046
3,301.836,105.614,104.796,98.618,10.143,106.137,114.327,111.2,102.833,98.049,106.673,10.443,102.251,109.489,98.109
3,301.901,107.856,95.069,97.55,10.305,110.156,107.704,111.401,107.847,106.108,97.786,10.481,112.121,109.872,105.274
4,301.915,109.729,104.651,108.261,1.054,0.963,108.069,10.497,96.655,110.196,116.954,0.947,0.992,96.865,11.07
2,301.92,106.916,1.156,109.839,98.339,109.677,100.523,1.012,100.497,1.135,99.557,98.485,101.396,111.073,1.016
2,302.563,105.939,1.043,97.837,110.194,107.561,104.73,1.065,106.013,1.054,96.131,115.993,101.843,98.589,1.048
3,302.66,109.291,109.446,113.836,9.985,115.861,110.715,95.736,111.311,102.1,106.581,10.265,107.597,110.707,106.459
1,302.667,108.512,10.267,92.646,114.371,93.638,94.971,1.088,99.662,11.569,107.745,98.026,98.699,109.281,1.116
1,302.685,108.292,11.891,106.447,114.4,106.766,103.348,1.046,98.413,10.909,98.79,112.728,96.668,106.467,1.109
4,302.849,94.62,110.264,115.548,1.055,1.024,93.656,10.004,98.365,111.192,110.565,0.964,1.091,106.15,9.871
4,302.866,98.393,112.921,105.314,0.961,0.983,108.015,10.984,93.883,110.811,107.34,1.067,1.085,104.212,10.487
3,302.933,102.382,101.983,98.204,10.616,104.364,109.52,107.814,111.269,101.817,96.066,10.455,106.525,117.578,103.143
2,303.206,97.214,1.111,97.366,99.572,107.492,97.596,1.075,105.198,1.061,104.168,102.524,108.063,106.977,1.156
3,303.224,102.159,96.725,105.867,11.441,103.12,103.368,109.078,99.155,109.982,107.538,10.516,117.847,118.892,103.552
4,303.244,110.627,116.154,115.639,0.983,0.958,100.518,10.035,106.33,109.017,116.468,1.048,0.941,101.527,9.864
2,303.252,96.308,1.169,99.988,111.204,116.835,101.07,0.989,100.661,1.027,104.593,115.329,100.932,102.496,0.985
2,303.474,106.088,1.092,103.745,114.607,102.023,111.896,1.09,108.315,1.042,101.98,102.513,106.526,112.906,1.068
1,303.621,107.272,11.701,96.157,110.251,102.572,108.349,1.0,109.751,10.127,101.675,111.048,99.827,96.876,0.991
1,303.98,110.409,10.182,105.061,97.711,99.583,103.775,1.134,104.493,11.881,93.278,102.044,104.971,103.881,0.989
1,304.005,95.89,10.895,104.384,103.458,108.444,107.771,0.993,95.608,11.599,95.902,113.305,101.602,101.224,1.077
3,304.148,109.787,108.756,104.416,11.075,104.921,114.166,109.756,112.402,109.061,107.018,10.867,111.07,114.574,103.102
3,304.233,111.026,110.296,110.114,10.648,113.215,116.068,106.42,113.543,97.136,110.879,11.064,109.093,107.704,101.662
1,304.271,98.998,10.105,103.023,109.929,98.646,105.189,1.028,95.785,11.704,105.061,103.534,104.123,110.442,1.047
3,304.643,104.961,106.714,106.423,10.123,113.933,114.478,100.462,114.423,108.537,97.131,10.977,105.655,112.774,107.814
3,304.75,112.823,98.69,104.168,10.562,116.74,109.409,94.78,108.288,105.861,97.254,11.441,100.657,106.547,100.65
3,304.884,106.844,99.165,106.795,10.903,115.065,107.015,106.723,105.892,98.692,109.141,10.185,115.871,102.459,99.447
3,305.642,113.721,99.084,106.093,10.284,103.519,106.765,103.002,105.892,102.608,99.047,11.086,111.521,112.474,106.188
2,305.72,96.702,1.07,96.396,98.647,112.096,113.286,1.069,108.97,1.109,110.865,115.781,100.333,100.292,1.015
2,305.824,93.998,1.094,110.002,110.139,101.926,108.241,1.117,104.921,1.113,111.422,105.508,102.023,96.597,1.125
3,305.898,106.536,104.022,99.415,11.207,107.754,112.708,107.772,116.583,97.895,104.868,10.647,105.257,108.905,109.008
1,306.02,100.352,10.221,101.466,110.057,93.008,108.349,1.096,101.114,11.132,103.232,103.337,100.847,98.936,1.0
2,306.317,105.693,1.059,107.787,108.255,115.383,104.065,1.148,100.855,1.118,100.759,112.899,112.244,110.44,1.145
1,306.444,99.368,11.229,94.361,106.918,102.436,102.631,1.129,102.033,11.37,95.588,104.685,99.583,94.898,1.111
1,306.518,103.361,11.123,106.866,98.545,94.703,98.194,1.072,95.067,11.506,108.26,110.242,95.53,93.91,1.131
2,306.571,108.607,1.082,106.201,98.578,104.66,96.3,1.152,104.779,1.103,97.621,99.41,109.446,102.656,1.072
1,306.942,96.858,11.504,98.479,104.685,100.126,95.836,1.09,109.248,11.429,99.57,99.738,92.299,97.506,1.085
2,307.665,97.59,1.129,105.367,107.612,98.437,112.342,0.995,95.834,1.102,105.434,114.628,107.285,108.789,1.157
1,307.954,103.559,11.889,98.886,107.587,107.169,97.154,0.991,102.782,10.629,92.663,113.422,103.262,106.724,1.072
1,308.194,98.206,10.878,102.974,98.598,104.123,96.207,0.992,95.762,10.517,105.372,108.242,96.397,94.145,1.046
3,308.666,114.224,102.642,96.479,10.814,116.518,106.284,103.478,102.433,97.795,105.678,10.43,111.754,105.919,96.107
2,308.867,101.962,1.007,94.003,103.277,111.879,96.504,1.117,94.211,1.169,109.758,111.615,99.614,98.98,1.099
3,308.912,109.083,108.104,106.644,11.263,107.88,102.46,95.333,101.253,97.378,97.505,10.112,117.207,117.13,94.692
1,309.143,111.991,11.529,98.981,114.151,101.066,109.678,1.09,97.01,11.829,99.328,100.992,103.729,107.909,1.099
4,309.507,106.872,107.775,110.777,1.009,1.0,104.501,9.978,107.549,104.853,104.402,1.099,1.01,97.262,9.841
2,309.69,93.449,1.16,105.215,99.181,109.213,100.458,1.023,102.513,1.119,99.328,114.389,103.516,109.081,1.161
2,309.743,102.282,1.064,99.256,115.923,115.503,105.314,1.11,95.912,1.077,104.285,104.004,103.431,99.027,1.014
2,310.087,93.777,1.125,102.287,106.152,101.946,105.974,1.142,101.707,1.018,98.101,105.709,114.553,105.792,1.077
4,310.342,108.161,111.457,116.378,1.094,0.944,94.61,10.366,107.165,114.831,99.629,0.959,1.041,95.952,11.094
4,310.379,105.202,111.289,116.221,0.987,0.968,96.601,9.79,103.388,103.356,106.517,1.079,0.99,100.556,11.213
4,310.453,108.809,114.213,114.881,1.049,0.961,104.501,10.015,96.845,114.831,103.828,1.014,0.99,108.148,9.868
4,310.625,94.559,110.79,111.812,0.993,0.964,103.326,10.614,108.879,104.91,107.438,0.947,0.975,103.428,10.802
1,310.663,98.105,10.948,92.094,103.717,92.299,95.246,1.053,97.601,10.114,101.196,110.911,106.472,98.664,1.138
4,310.848,94.362,113.476,108.261,0.972,0.962,101.682,9.464,106.087,110.839,111.401,0.987,0.963,102.063,10.128
1,311.153,97.164,10.679,107.249,99.057,92.753,109.766,1.06,105.385,10.496,101.059,98.855,108.72,95.309,1.056
2,311.502,105.152,1.137,107.53,108.655,112.897,98.219,1.14,109.885,1.053,95.271,102.504,107.867,102.955,1.064
3,311.573,115.791,102.261,113.05,10.256,115.096,107.546,101.485,103.732,107.191,99.588,11.496,106.565,102.768,98.117
3,311.885,104.232,100.588,104.896,9.842,114.146,105.123,99.194,102.726,96.127,102.806,9.763,116.725,110.37,101.981
4,312.031,94.149,103.356,103.739,1.089,1.035,94.687,9.768,102.993,100.71,105.314,0.942,1.069,99.831,11.199
2,312.068,108.09,1.059,106.242,115.319,115.844,105.602,1.036,92.991,1.146,98.748,99.359,112.892,103.788,1.086
1,312.286,100.75,10.094,101.119,105.438,107.956,106.829,1.096,97.945,10.221,102.445,111.551,98.325,107.124,0.999
3,312.354,103.651,105.427,102.219,9.767,115.465,113.517,101.873,114.305,100.198,107.018,11.326,106.99,104.683,95.94
3,313.449,104.172,96.127,98.483,11.204,106.158,106.909,100.336,102.439,109.999,111.408,10.903,115.052,103.444,111.465
4,313.49,94.869,104.714,99.38,0.987,1.032,102.484,10.511,93.763,115.895,107.039,1.045,1.097,94.023,10.913
2,313.583,94.759,1.007,94.987,98.599,107.775,100.729,1.07,94.469,1.07,99.771,113.613,116.096,109.587,1.111
1,313.991,105.753,11.233,104.332,104.361,108.71,103.142,1.083,97.654,11.706,106.782,111.765,108.681,106.96,1.124
4,314.435,93.942,105.14,113.521,1.041,0.989,106.722,11.09,101.572,115.877,114.381,0.991,1.1,100.863,10.261
4,314.803,100.981,102.925,100.066,1.083,0.977,108.436,10.381,98.383,100.835,109.548,1.005,0.983,104.025,10.76
3,315.27,105.769,103.885,105.659,11.192,114.479,102.116,109.723,99.341,111.216,106.769,11.138,112.296,103.948,109.887
4,315.393,94.524,108.133,116.675,1.053,1.095,103.428,10.261,105.418,102.607,105.06,1.099,1.086,106.114,9.627
1,316.506,111.116,10.371,106.474,99.863,108.863,99.049,1.11,98.772,10.236,107.461,105.499,104.663,95.897,1.058
3,316.799,110.091,111.846,101.833,9.793,103.273,112.017,96.051,104.333,110.694,103.682,11.209,108.444,116.512,98.906
4,316.837,98.077,103.859,108.786,1.014,1.079,100.036,9.619,103.148,111.42,115.472,1.006,0.929,92.147,10.689
2,316.842,109.252,1.052,98.909,114.628,109.213,105.03,1.088,102.764,1.107,94.544,109.261,103.166,95.896,1.127
2,317.02,105.949,1.036,100.637,105.528,114.077,112.178,1.108,96.499,1.015,103.235,101.556,98.987,110.956,1.063
2,317.169,96.941,1.084,97.885,109.544,108.371,101.03,1.042,97.182,1.147,94.733,100.218,100.333,99.312,1.134
3,317.63,108.861,108.231,104.535,10.673,105.144,102.466,109.642,103.888,99.55,110.965,11.231,118.498,110.718,98.906
3,318.203,115.415,105.891,111.508,10.808,115.146,109.439,110.765,112.881,96.518,103.071,10.439,116.258,100.343,99.979
2,318.206,101.962,1.151,95.057,106.079,112.858,111.102,1.092,109.002,1.098,100.323,113.337,111.227,109.618,1.028
1,318.874,104.212,11.055,107.813,109.427,108.71,101.647,0.982,101.111,11.085,101.434,106.412,104.875,106.408,1.042
1,319.246,112.077,11.068,102.507,109.898,103.77,105.886,0.992,99.39,11.347,108.557,111.982,99.537,104.81,1.141
1,319.353,105.71,10.214,92.02,109.287,92.076,98.971,1.128,106.281,11.477,99.092,104.461,109.083,103.277,1.001
1,320.062,99.466,10.366,98.907,101.237,92.063,96.062,1.114,108.907,10.751,105.315,101.373,106.494,107.41,1.141
4,320.084,105.432,114.358,105.06,1.099,1.057,95.563,11.213,93.77,106.063,103.42,0.949,1.025,97.312,9.6
3,320.319,102.356,98.69,102.947,9.863,102.253,107.153,110.446,108.268,106.625,103.412,11.085,103.66,117.011,95.497
2,320.409,108.952,1.113,103.168,109.122,103.337,109.987,1.044,100.877,1.051,94.466,110.064,102.059,96.618,1.05
1,320.485,100.531,10.66,101.138,99.277,106.808,109.021,1.11,106.602,10.099,105.442,107.173,99.926,93.535,1.152
2,321.043,96.582,1.154,106.619,108.813,102.931,110.192,1.022,105.028,1.123,111.38,106.992,103.277,100.955,1.088
1,321.995,102.174,11.279,100.116,108.032,97.769,106.695,0.982,105.212,10.734,96.468,111.354,106.36,98.35,1.141
3,322.955,111.525,101.481,96.636,11.271,112.25,117.116,109.269,101.33,109.636,99.049,11.296,104.115,111.558,96.837
3,323.138,110.209,111.708,100.021,9.751,104.959,110.1,96.343,107.927,100.146,96.759,11.317,111.15,106.967,106.465
4,323.292,94.308,113.643,107.423,0.986,1.002,99.285,11.083,98.096,114.225,115.903,1.096,1.04,101.75,11.125
2,323.641,107.854,0.991,111.353,112.808,101.042,97.801,1.033,99.032,1.041,110.186,104.45,111.231,105.786,1.021
1,323.798,95.19,10.492,104.194,98.516,104.319,104.497,1.114,95.68,10.74,105.734,101.47,101.624,102.077,1.073
4,323.857,93.218,103.036,117.488,1.094,1.061,104.554,10.8,95.965,104.535,101.271,1.088,0.994,95.302,11.099
3,323.911,107.535,99.604,107.273,9.921,102.939,111.28,98.621,106.453,108.797,110.347,9.793,111.733,108.43,95.869
4,323.996,101.019,113.643,101.745,1.008,1.09,103.251,11.038,97.762,113.878,100.072,0.987,1.102,96.739,9.519
3,324.275,114.891,105.763,96.753,10.652,118.739,102.653,100.478,106.489,95.6,113.412,9.865,101.36,103.89,97.952
3,324.943,106.311,110.569,97.505,11.203,105.215,118.433,98.435,108.054,97.136,96.357,11.511,100.467,115.256,102.94
2,325.163,103.779,1.025,109.701,102.729,108.212,107.84,1.106,99.706,1.124,103.845,115.036,99.614,109.689,1.051
2,325.398,100.427,1.114,96.135,107.63,111.231,97.154,1.019,102.943,1.088,96.702,104.248,100.163,107.776,1.043
3,325.575,112.03,102.588,100.746,10.354,105.22,116.379,105.409,105.968,104.743,104.76,11.263,104.921,106.395,97.489
2,325.804,106.08,1.019,106.201,115.061,104.352,104.443,0.978,99.516,1.041,110.424,98.087,107.684,104.42,1.009
1,326.722,103.226,10.962,102.029,108.125,96.181,100.367,1.09,104.596,11.411,95.685,104.422,91.97,100.766,0.984
1,326.897,109.972,10.606,108.818,113.088,106.274,107.54,1.067,104.049,11.864,108.156,104.197,105.328,104.996,1.115
2,327.606,109.128,1.03,104.113,105.1,101.658,98.592,0.977,104.898,1.128,110.455,109.107,113.588,97.47,1.114
2,327.721,108.198,1.1,110.401,107.845,105.196,97.14,1.125,98.025,1.098,99.157,104.583,102.27,110.888,1.054
1,327.802,112.792,10.201,96.41,100.279,103.187,93.593,0.997,106.401,11.236,103.55,111.219,101.971,105.527,1.141
3,328.202,111.872,108.78,104.578,10.085,113.513,112.107,100.332,99.799,101.369,102.948,11.563,107.416,106.882,108.02
3,328.353,99.198,106.692,103.86,11.5,111.07,113.621,103.686,104.175,108.267,108.615,11.27,107.224,110.734,94.447
4,328.958,96.369,102.792,109.547,1.027,1.047,95.158,10.934,94.575,109.534,115.425,1.034,1.022,94.606,10.77
2,329.295,101.682,1.156,105.434,106.831,99.017,104.065,1.114,107.516,1.075,108.582,102.842,104.884,105.821,0.987
1,329.349,107.408,10.68,106.447,109.794,108.841,104.49,1.056,105.281,11.458,107.802,101.676,96.34,104.308,1.098
1,329.761,112.792,11.881,103.413,106.091,95.851,104.051,0.998,96.723,10.751,107.517,106.135,100.69,102.494,1.023
2,329.94,94.218,1.137,98.65,100.851,105.77,110.107,1.041,107.469,1.155,94.585,101.365,103.862,107.088,1.09
1,330.048,108.762,10.406,92.02,110.087,92.875,107.504,1.074,106.917,10.338,101.247,109.183,95.139,108.876,1.12
1,330.18,102.174,10.938,104.054,105.191,102.127,104.887,1.0,108.625,11.301,92.112,113.548,96.397,106.829,1.098
1,330.322,107.164,11.628,108.775,106.963,102.604,99.139,1.006,103.282,11.858,101.713,106.373,106.265,99.871,1.005
1,330.342,96.296,10.878,100.008,98.033,99.145,93.455,1.155,112.077,10.751,101.176,103.261,100.571,102.11,1.114
1,330.562,100.482,10.65,104.638,109.112,91.881,100.006,1.147,99.602,10.679,98.948,103.894,95.565,107.587,1.151
2,331.037,96.484,1.09,109.47,111.048,113.328,103.888,1.149,105.482,1.056,98.812,107.947,102.874,98.552,0.987
1,331.113,108.109,10.539,93.696,103.796,96.237,102.95,1.056,95.045,10.963,107.205,108.936,99.368,104.694,1.121
3,331.551,102.852,110.782,109.304,11.085,116.946,114.816,108.657,116.978,94.423,100.665,10.407,112.473,110.669,108.276
2,331.83,96.059,1.022,107.839,112.899,100.932,98.683,0.981,102.269,1.097,110.16,104.239,99.882,96.577,1.047
4,332.113,98.586,109.8,100.522,0.991,1.006,102.006,10.941,96.924,106.754,102.331,1.099,0.935,98.243,10.182
4,332.593,109.654,114.267,112.723,0.949,0.955,93.264,10.893,102.361,110.051,102.186,1.096,1.053,93.696,11.222
3,333.048,105.32,112.086,101.314,11.046,115.384,107.446,101.671,101.093,111.762,105.638,10.594,112.783,106.914,101.341
2,333.679,102.58,1.056,105.611,102.845,115.999,103.516,1.161,98.401,1.085,110.062,112.968,99.61,107.554,1.006
2,333.926,99.535,1.112,99.088,102.775,103.443,107.539,1.038,99.856,1.02,98.378,98.908,98.409,97.376,1.017
3,334.009,100.549,103.885,113.18,11.111,116.47,100.215,95.856,103.127,94.428,109.122,11.229,116.53,101.798,105.853
2,334.02,95.655,1.035,101.247,102.431,112.238,109.175,0.98,108.881,1.131,100.26,101.735,116.294,101.72,1.133
1,334.277,96.096,11.777,96.215,106.635,96.57,100.561,1.161,101.192,11.18,106.749,99.978,93.667,99.428,1.054
4,334.391,101.092,114.011,111.818,1.083,1.064,103.335,10.564,98.776,104.186,106.647,1.011,0.952,94.99,9.521
4,334.832,100.964,99.558,104.072,0.945,1.005,105.12,10.555,98.476,108.38,111.818,1.045,1.037,108.021,10.752
2,334.938,93.879,1.145,111.066,109.985,102.931,101.386,1.137,97.162,1.118,110.846,98.444,103.007,101.255,1.159
4,335.052,94.066,103.087,99.531,0.965,0.932,106.834,10.001,110.344,105.371,108.167,1.093,1.029,93.752,10.529
4,335.065,104.853,114.246,112.454,0.964,0.959,94.093,11.198,97.722,110.79,101.02,0.945,1.1,92.973,10.467
4,335.48,98.889,114.22,100.94,0.996,1.056,106.114,11.083,101.261,99.141,110.283,0.952,1.048,92.01,10.754
4,335.831,104.727,100.977,99.889,1.061,0.999,92.09,9.555,99.381,108.371,106.142,1.083,1.003,96.456,10.051
4,335.977,106.61,104.829,101.28,0.981,0.942,94.84,11.041,100.548,108.208,115.425,1.087,1.052,95.784,10.747
3,336.061,100.549,100.853,97.166,11.098,113.06,100.806,100.336,108.795,104.154,104.049,11.355,103.307,115.069,100.725
4,336.48,107.396,105.626,115.457,1.099,0.984,92.643,10.5,94.741,111.499,116.304,0.962,0.994,93.497,10.548
4,336.481,102.603,112.145,103.92,0.957,0.938,102.25,10.638,101.685,106.451,114.712,0.97,1.02,98.0,10.737
2,337.085,94.864,1.104,98.397,101.997,106.532,111.078,1.095,100.665,1.135,97.885,101.867,113.822,101.527,1.134
3,338.155,112.03,108.231,103.149,10.949,115.828,111.184,102.682,112.78,107.111,102.284,10.172,102.251,102.269,100.401
1,338.167,107.085,11.506,94.829,99.185,98.525,96.805,1.089,95.902,11.504,104.271,114.11,101.644,94.8,1.072
4,338.321,94.119,114.35,108.777,1.016,1.054,101.981,9.558,101.409,99.129,104.316,1.107,1.017,102.816,10.563
3,338.612,102.161,98.809,113.482,10.751,111.076,112.954,94.652,101.521,111.744,98.307,10.353,112.527,103.925,108.931
1,338.65,99.918,10.234,103.889,110.833,105.18,107.66,0.989,107.582,10.098,92.0,107.776,96.766,98.746,1.044
3,339.025,102.699,105.328,100.398,9.841,115.796,104.192,95.696,100.911,104.845,100.407,10.309,113.0,108.169,104.697
4,339.027,93.998,105.138,109.307,1.061,1.056,101.426,11.14,109.95,113.908,114.46,0.986,1.054,107.199,10.496
2,339.053,94.501,1.176,106.619,113.613,109.203,103.98,1.137,92.878,1.023,109.248,99.356,101.3,98.189,1.078
2,339.255,107.463,1.117,99.042,112.821,116.863,105.688,0.98,95.912,1.081,95.888,102.11,115.456,100.091,1.101
4,339.259,97.81,115.959,99.841,1.083,1.065,93.304,11.154,95.77,111.413,109.482,1.021,1.081,103.196,10.098
3,339.286,103.562,99.372,109.414,11.178,106.27,113.332,105.995,105.699,98.815,104.992,11.209,115.164,105.361,103.239
4,339.985,101.365,99.15,109.118,1.044,1.014,97.177,9.778,108.671,111.184,106.881,0.975,0.945,100.548,10.426
3,340.038,101.673,98.111,102.121,10.011,112.735,110.538,100.462,114.333,94.862,106.764,10.412,111.18,111.211,103.441
4,340.303,97.796,109.709,112.454,1.052,1.013,104.431,9.512,107.194,112.145,100.964,1.032,0.939,96.348,9.989
1,340.448,96.645,10.565,105.83,100.885,105.484,94.286,1.144,107.222,10.164,95.212,103.045,95.199,93.925,1.147
4,340.744,98.7,105.704,113.231,1.061,0.971,92.75,10.341,105.891,110.375,104.809,0.991,1.065,102.468,9.524
2,340.762,93.547,1.085,108.066,101.605,116.823,96.641,1.027,100.386,1.057,106.501,114.827,107.975,107.534,1.123
4,341.057,95.309,108.913,100.466,0.971,0.968,105.752,10.163,105.903,108.31,106.648,1.074,1.009,95.371,10.393
1,341.159,105.478,11.061,100.953,102.619,105.926,107.594,1.072,100.332,10.06,96.872,102.849,105.322,93.53,1.088
1,341.299,103.876,11.242,108.557,112.911,92.839,104.088,1.145,109.452,11.128,108.923,113.589,108.421,107.869,1.155
1,341.565,112.499,10.048,108.921,99.683,97.206,110.458,1.054,110.567,10.353,95.195,99.354,96.91,100.893,1.134
4,341.77,99.292,107.569,111.812,0.993,1.037,108.484,9.621,110.74,115.022,116.429,1.036,0.932,94.804,9.535
1,341.953,98.645,10.302,95.811,112.498,99.877,107.155,1.003,108.88,10.112,96.534,98.835,104.726,94.37,1.11
2,342.013,106.224,1.15,100.955,103.347,99.054,107.751,1.042,98.234,1.02,101.961,107.536,104.125,109.734,1.099
4,342.347,95.313,98.109,108.747,0.993,0.953,103.251,10.182,106.704,107.664,103.56,1.008,0.928,94.065,10.261
2,342.414,97.135,1.026,105.57,102.804,104.371,111.686,1.025,102.187,1.176,108.963,112.296,101.584,98.209,1.144
3,342.622,102.995,110.981,111.087,10.972,109.098,116.622,109.352,103.624,108.322,111.186,10.652,117.354,103.495,108.657
2,342.644,100.594,1.151,98.109,104.158,98.818,105.326,1.138,95.367,1.118,96.706,108.983,113.148,106.719,1.008
1,342.992,108.158,11.587,98.286,114.371,108.681,107.058,1.121,111.671,10.321,92.947,106.522,107.083,104.694,1.105
3,343.195,113.72,96.005,98.369,11.466,100.402,116.587,99.459,102.56,96.075,104.089,10.114,112.527,100.907,101.503
3,343.446,110.012,111.834,113.079,11.121,104.595,118.37,103.389,109.798,110.344,108.122,10.648,110.638,110.656,95.736
3,343.55,100.379,94.844,100.539,10.014,102.501,118.913,99.092,110.568,104.154,102.247,9.815,118.85,102.287,106.321
1,343.673,110.39,11.572,105.71,104.567,99.994,103.001,1.089,112.341,11.549,103.395,101.41,108.821,98.894,1.086
3,343.673,102.56,105.653,103.412,10.528,111.721,108.43,96.321,105.271,96.129,109.184,10.939,107.59,115.245,96.424
3,343.796,111.025,110.82,109.151,11.427,115.524,114.26,103.111,109.356,103.492,96.464,10.058,100.144,100.878,104.845
1,343.803,103.242,10.071,91.84,112.505,94.888,106.688,1.131,107.28,10.317,97.887,103.458,92.207,98.645,1.024
2,344.217,96.939,1.044,102.972,110.526,108.434,99.814,1.025,104.467,1.078,109.133,108.025,98.935,106.279,1.076
2,344.315,99.524,1.056,104.389,103.811,112.004,101.223,1.048,103.592,1.084,97.534,103.626,109.13,111.026,1.102
2,344.318,104.525,1.154,101.427,115.707,108.557,98.732,1.124,101.993,1.159,110.645,112.254,112.985,100.683,1.146
3,344.343,114.305,96.981,108.631,11.482,108.099,103.368,109.906,114.04,101.817,101.949,10.585,118.441,112.304,102.257
2,344.445,99.98,1.153,108.919,98.695,107.62,109.652,1.067,106.765,1.155,103.658,106.584,100.258,97.326,1.008
1,344.546,101.063,10.802,106.474,104.472,100.913,95.439,1.048,105.269,11.546,108.92,104.469,103.713,94.321,1.004
1,344.622,103.282,11.517,107.479,107.587,97.864,106.303,1.003,110.232,10.209,103.359,110.819,106.977,98.228,1.116
3,344.954,105.889,111.644,108.157,11.293,106.907,105.731,107.66,114.522,101.567,110.526,10.008,110.72,100.754,106.037
3,345.036,108.522,103.296,108.705,10.064,118.404,107.015,104.883,104.729,105.763,102.577,10.62,116.679,103.57,104.316
1,345.095,95.864,11.347,107.382,98.545,101.921,99.804,1.027,95.503,11.287,91.905,101.251,102.252,96.93,1.164
2,345.126,101.709,1.08,101.593,107.841,102.999,101.386,1.053,105.693,1.022,101.764,102.626,105.747,111.147,1.104
1,345.236,95.106,10.405,101.573,99.202,105.056,103.266,1.039,106.718,10.74,101.66,102.231,107.295,106.6,1.144
4,345.354,103.027,104.714,108.454,1.085,1.062,102.517,9.751,101.957,104.305,113.605,1.067,0.943,95.203,10.675
4,345.69,95.028,111.661,108.272,0.987,0.946,102.332,10.151,106.136,114.638,100.512,1.099,0.963,94.093,9.535
3,345.776,110.568,109.468,100.123,10.005,107.884,107.611,106.944,112.546,108.613,99.718,11.323,108.225,101.986,110.346
4,345.969,97.163,114.066,103.396,1.0,1.035,101.233,11.049,94.368,113.259,115.266,1.013,0.97,99.708,10.721
2,347.053,94.021,1.119,111.509,97.862,108.105,107.54,1.09,106.789,1.147,101.815,99.452,101.991,104.065,0.979
3,347.435,111.899,94.958,108.998,10.821,101.132,116.776,104.627,116.535,107.615,100.665,11.511,116.11,109.326,106.967
1,347.489,95.787,11.124,107.786,110.017,106.337,102.889,1.089,111.289,10.298,93.831,98.252,95.343,104.542,1.1
1,347.518,112.053,10.111,97.615,101.237,92.549,102.085,1.091,107.968,10.599,105.71,106.167,106.808,102.762,1.111
4,347.622,109.275,103.453,112.423,1.068,1.043,98.462,10.015,94.924,97.957,104.586,1.083,0.998,92.074,10.42
3,347.702,108.888,105.653,96.075,11.063,115.249,111.132,96.051,104.676,107.78,101.775,10.784,111.971,110.671,109.835
3,347.744,99.644,102.017,96.464,10.068,103.682,105.375,102.992,99.93,111.669,111.526,10.564,110.631,117.793,110.696
1,347.805,97.659,10.219,95.049,105.153,97.349,99.804,0.998,96.788,11.43,95.098,99.61,101.284,108.964,1.137
2,348.31,102.035,1.133,96.938,100.053,111.032,111.804,1.073,97.457,1.007,106.363,107.773,114.312,111.247,1.108
1,348.611,98.712,11.796,92.961,112.754,101.398,109.394,1.147,97.51,11.846,103.244,111.045,108.0,106.406,1.038
3,348.847,99.707,104.292,102.247,10.417,109.694,114.327,99.344,109.356,97.323,102.839,10.439,110.156,114.039,112.076
2,349.706,100.035,1.058,109.127,101.675,102.82,110.119,1.061,104.391,1.063,99.102,115.94,106.26,97.787,1.029
2,349.806,100.386,1.012,106.416,108.371,98.458,111.686,1.029,103.181,1.081,110.267,106.96,103.191,107.334,1.063
1,349.913,110.033,11.105,96.215,114.555,101.005,104.718,1.042,104.469,10.115,96.614,103.4,106.093,96.405,1.036
1,350.943,100.212,10.105,100.453,98.814,103.382,103.403,1.006,112.732,11.561,109.011,110.546,95.851,94.329,1.108
3,350.991,116.281,106.531,105.83,10.349,114.241,107.198,102.419,116.161,97.318,103.234,11.004,117.209,112.954,101.503
1,351.399,96.589,11.091,97.559,110.087,101.039,106.456,1.125,111.824,11.438,92.631,98.883,106.977,94.655,1.143
1,351.432,112.436,10.773,98.519,111.553,97.272,97.154,1.042,108.452,11.127,107.874,105.265,92.698,94.967,1.101
1,351.552,101.283,11.802,92.964,107.972,103.195,105.469,1.113,105.209,10.046,96.755,100.992,101.691,107.827,1.021
1,351.824,97.77,10.221,97.401,103.02,98.982,99.685,1.024,109.248,11.012,94.48,108.336,92.897,108.757,1.156
1,351.899,95.429,11.506,106.194,112.385,107.055,102.652,1.093,106.503,10.311,104.353,99.832,102.693,103.268,1.099
2,352.788,108.922,1.075,105.616,109.658,105.77,103.575,1.111,107.227,1.055,98.982,113.795,106.512,99.674,0.997
1,353.031,110.004,11.611,98.71,109.427,96.763,108.176,1.005,98.413,10.672,99.111,103.65,98.717,93.908,1.009
2,353.364,99.717,1.116,98.02,106.81,116.492,104.106,1.137,106.959,1.113,101.249,115.182,107.375,110.844,1.066
4,353.758,101.261,109.8,103.943,0.958,1.101,107.283,10.536,96.623,108.24,115.61,0.953,0.995,95.55,9.711
2,353.949,102.843,1.149,108.066,105.102,108.038,107.484,1.142,108.059,1.106,111.582,114.728,99.692,99.117,1.138
2,354.354,102.825,1.146,106.428,109.819,101.734,96.706,1.103,105.754,1.117,98.982,107.921,110.013,100.333,1.071
1,354.599,105.772,10.174,108.671,111.833,103.263,98.911,1.15,98.436,10.776,105.357,106.07,108.662,106.406,0.995
1,354.918,112.805,11.308,95.592,103.928,99.426,107.971,1.103,102.708,10.221,92.563,114.542,106.148,101.971,1.145
4,355.549,107.778,103.339,112.175,1.072,1.041,95.253,9.91,109.962,111.436,114.075,1.013,0.982,93.226,10.12
4,355.879,98.878,100.896,104.522,0.943,1.038,98.827,9.522,108.522,98.057,98.852,0.999,1.101,97.704,9.725
2,356.05,96.002,1.12,104.168,104.425,107.641,97.012,0.988,98.406,1.038,104.079,108.233,114.081,98.871,1.15
2,356.435,94.116,1.173,96.015,99.12,99.68,101.337,1.053,102.867,1.096,108.116,107.63,105.713,107.921,1.014
2,356.528,100.855,1.062,98.218,109.273,103.705,109.032,1.127,98.219,1.177,104.626,113.716,103.435,105.194,1.131
1,356.729,97.177,11.041,97.028,114.549,101.005,108.748,1.006,103.226,11.281,97.134,105.565,104.248,96.35,1.003
4,356.733,96.267,100.28,104.181,1.105,0.929,99.489,10.627,103.414,113.643,112.87,0.994,0.993,94.093,9.69
4,357.487,102.009,112.008,112.555,1.105,1.078,93.523,10.664,106.233,113.018,104.593,1.097,0.963,102.703,9.88
1,357.7,111.606,11.823,104.183,106.042,108.557,107.581,1.153,99.466,10.769,108.35,110.911,105.926,107.083,1.096
2,357.718,99.751,1.018,94.544,115.27,109.792,98.549,1.129,106.42,1.12,98.491,110.281,98.466,105.368,1.042
4,357.821,96.342,110.875,100.584,0.962,0.996,99.278,10.922,107.621,99.546,113.049,1.091,1.102,103.79,10.286
1,358.651,97.945,11.059,100.392,106.339,101.398,106.549,0.989,104.322,10.999,101.66,104.984,108.841,107.126,1.148
3,359.483,109.356,107.615,99.253,11.179,113.917,118.095,97.174,99.804,97.8,108.251,10.767,108.043,106.75,102.537
2,359.604,93.823,1.172,101.725,107.841,105.559,110.479,0.98,101.964,1.083,106.381,106.079,116.492,102.627,1.083
2,359.615,99.02,1.057,108.064,114.063,112.312,112.103,1.102,96.096,1.007,97.366,105.317,102.9,109.187,1.024
1,359.917,101.385,11.214,95.19,97.801,95.01,110.889,1.095,107.086,11.635,96.425,104.934,95.064,94.784,1.064
2,360.117,104.988,1.175,94.77,110.056,101.533,103.032,1.077,103.592,1.038,109.875,107.53,101.51,104.239,1.154
4,360.272,101.166,102.998,105.241,1.052,1.1,97.545,9.61,98.476,102.925,107.478,1.057,0.954,92.578,9.749
3,360.71,102.439,94.43,105.76,9.953,101.438,106.896,111.93,110.036,100.897,111.756,10.736,104.192,105.007,105.116
1,360.764,98.039,10.402,104.859,100.583,104.353,106.579,1.148,108.2,11.552,93.51,97.068,99.531,95.169,1.036
2,360.883,101.087,1.073,109.866,101.84,105.84,113.517,0.992,94.1,1.127,97.386,111.843,98.705,105.882,1.132
1,361.009,98.823,10.394,93.493,113.214,104.341,98.163,1.029,106.966,10.481,92.646,112.505,93.46,105.77,1.144
1,361.013,107.866,11.687,102.373,102.597,94.17,96.6,0.985,112.54,10.539,107.513,108.422,98.717,100.844,1.06
4,361.342,97.412,110.214,102.599,1.099,1.086,102.768,10.299,94.453,104.853,104.8,0.951,1.057,100.78,9.65
2,361.912,100.815,1.056,95.395,98.905,106.625,106.495,1.145,106.23,1.094,105.032,111.984,114.673,98.761,1.001
3,362.441,104.729,99.138,102.948,10.068,102.795,107.612,95.47,98.674,107.275,101.132,10.327,104.822,119.007,111.109
2,362.718,94.987,0.995,105.152,102.539,115.229,104.279,1.144,92.904,1.155,109.178,108.507,114.352,96.862,1.095
2,362.859,106.004,1.085,105.015,113.257,104.958,110.284,1.078,103.446,1.106,102.997,102.442,103.897,95.925,1.006
2,363.005,99.448,1.085,105.003,103.949,106.795,98.146,1.067,98.793,1.072,96.733,115.082,113.303,109.041,0.987
1,363.234,108.64,10.087,97.046,114.479,102.739,108.081,1.088,103.242,10.32,93.09,109.441,95.688,105.678,1.11
1,363.373,101.281,10.015,98.119,106.955,108.429,99.049,0.993,95.297,10.895,102.564,104.482,95.188,104.148,1.122
1,363.429,104.944,11.499,104.611,98.6,96.185,98.135,1.037,98.901,10.256,102.741,102.909,98.533,98.066,1.146
1,363.452,99.537,10.125,105.466,112.627,104.826,94.732,1.155,105.279,11.784,102.076,99.277,102.388,107.54,1.147
3,363.514,99.254,104.584,99.652,10.63,108.399,115.245,112.207,111.336,98.461,113.338,10.62,100.883,107.73,96.668
1,363.52,108.936,11.437,100.186,101.477,98.768,101.528,1.104,108.97,11.224,107.382,102.672,108.451,100.698,1.002
2,364.241,100.632,1.088,106.727,98.846,107.376,104.049,1.159,101.682,1.097,96.115,99.452,110.24,99.699,1.025
4,364.763,107.796,115.022,114.712,0.955,0.931,104.471,10.824,110.79,98.489,113.885,1.096,0.985,95.397,11.073
4,364.888,107.048,104.706,103.295,1.067,0.949,100.96,9.817,96.655,109.592,112.175,1.035,1.045,108.349,10.927
2,364.896,99.189,1.004,98.183,105.103,98.697,99.957,1.077,93.415,1.067,106.828,108.049,108.486,100.283,1.062
3,364.911,104.216,111.652,97.171,9.951,118.498,106.314,107.22,114.846,96.981,106.9,9.809,115.094,114.554,110.52
4,364.964,99.129,103.859,108.979,1.079,1.061,107.51,11.154,98.698,100.941,115.245,0.997,0.996,100.673,10.434
3,364.965,111.532,103.787,100.733,10.011,113.26,113.124,111.492,104.033,107.191,102.46,10.774,107.31,117.356,111.202
2,364.999,94.912,1.078,109.776,109.86,107.661,111.628,0.981,104.257,1.12,103.669,108.968,113.754,98.953,1.159
2,365.169,100.187,1.164,106.545,104.308,116.835,112.147,1.06,102.06,1.044,94.238,113.816,105.676,105.103,0.98
1,365.214,100.989,10.014,101.257,109.211,95.678,103.238,1.012,98.579,10.081,106.68,103.412,93.206,102.373,0.982
2,365.235,105.731,1.066,101.897,102.11,116.932,104.405,1.101,107.602,1.131,107.459,110.139,114.174,112.071,1.138
4,365.663,103.264,105.267,111.447,1.083,1.045,92.475,11.165,102.151,101.867,104.115,1.014,1.018,101.771,9.974
4,366.02,102.009,110.362,109.349,1.098,1.075,103.832,9.926,94.738,112.561,115.3,0.949,1.094,103.792,10.252
2,366.078,100.035,1.117,104.168,102.52,115.524,100.792,1.109,107.79,1.157,108.646,98.599,99.936,107.707,1.16
4,366.191,108.451,111.081,103.396,0.997,0.927,106.684,9.912,95.16,111.485,113.43,1.106,1.018,101.374,9.633
4,366.634,109.777,104.74,108.069,1.071,1.042,103.928,10.135,100.21,99.644,116.315,1.017,0.939,104.688,10.932
1,366.749,101.037,11.405,97.999,103.758,105.358,110.262,1.064,105.09,11.852,103.688,108.077,97.87,106.724,1.13
1,367.005,98.501,11.595,99.111,103.044,102.739,94.635,1.092,106.872,10.923,104.979,101.18,99.926,102.505,1.087
3,367.161,114.339,100.361,103.071,11.265,112.567,106.411,108.657,106.844,101.7,103.41,10.874,106.932,104.849,110.299
2,367.164,102.547,1.089,100.585,109.58,103.6,102.833,1.065,104.298,1.09,99.326,107.638,101.688,105.677,1.141
2,367.326,98.049,1.02,95.825,115.082,112.535,96.114,1.031,94.206,1.032,100.479,102.521,115.439,113.43,1.059
1,367.609,96.429,11.471,98.873,109.449,108.635,104.887,1.159,107.272,11.569,103.16,113.583,96.34,107.771,0.995
4,367.992,104.754,105.204,105.241,1.108,1.016,93.093,11.178,100.981,106.316,117.064,0.964,1.025,104.539,9.498
4,368.117,108.111,109.5,113.885,1.002,1.058,94.03,10.365,107.514,108.83,104.662,0.953,0.945,103.677,9.856
3,368.233,105.969,110.981,98.051,11.259,109.075,107.318,97.515,98.523,98.31,101.851,10.004,108.043,119.156,95.486
1,368.5,103.546,11.706,98.108,109.513,92.463,110.55,1.104,101.281,11.13,94.062,103.619,104.918,96.211,1.108
1,368.892,95.429,11.391,96.74,113.548,104.566,101.712,0.989,112.086,10.015,105.83,105.88,98.132,108.546,1.14
4,368.902,108.773,100.181,111.075,0.977,1.061,100.915,10.408,94.128,102.966,113.789,0.959,1.034,108.094,9.784
2,369.383,108.066,1.167,94.508,100.947,113.12,104.29,1.078,100.47,1.088,103.456,105.528,104.213,100.711,1.053
4,369.814,100.554,98.513,107.552,1.009,1.088,94.267,11.083,106.844,114.831,111.812,0.959,1.067,92.09,10.811
4,370.395,106.195,104.584,117.056,1.053,1.064,105.898,10.198,109.222,98.825,116.977,1.089,1.056,93.408,10.555
4,370.658,96.36,110.88,106.79,1.024,0.978,102.325,9.868,106.4,111.254,103.219,1.098,0.935,107.203,10.881
1,371.508,101.349,10.179,101.719,100.051,104.011,100.379,1.147,99.222,10.721,98.265,106.339,107.851,93.561,0.984
1,371.869,100.736,11.586,96.431,109.836,102.572,103.926,0.991,95.288,10.034,94.098,102.148,99.221,105.461,1.109
3,372.025,113.787,100.906,102.82,9.796,102.117,103.963,100.405,98.914,107.288,111.821,10.625,118.805,118.141,102.834
2,372.041,93.383,1.084,97.099,99.96,98.766,103.015,1.137,103.286,0.997,103.534,102.612,98.437,104.8,1.154
2,372.189,105.626,1.056,108.745,98.908,102.424,107.852,0.986,105.482,1.119,101.292,110.064,108.918,109.488,1.115
1,372.486,100.548,11.771,92.858,107.623,106.073,101.971,1.149,110.377,10.167,97.559,98.124,105.499,97.567,1.15
4,372.691,94.368,106.586,102.559,1.103,1.085,101.11,10.054,93.87,112.12,101.59,0.936,1.077,97.037,10.564
2,372.713,105.842,1.082,104.734,107.638,102.885,104.517,0.979,99.032,1.068,100.927,109.752,112.373,96.429,1.136
2,372.82,104.91,1.048,99.656,106.414,115.267,108.56,0.994,101.731,1.119,111.582,109.052,114.518,107.761,1.006
1,372.861,105.025,11.721,97.454,113.088,101.543,93.816,0.997,95.017,11.035,101.011,106.167,105.818,94.047,1.075
4,373.298,107.278,113.273,102.489,1.105,1.092,103.979,10.072,107.449,105.119,101.542,1.098,1.093,96.208,9.988
3,373.449,107.309,112.131,103.682,10.446,103.959,106.696,97.575,102.989,104.59,97.254,11.17,108.759,108.332,100.237
3,373.691,113.72,112.104,103.468,10.911,109.529,115.069,99.583,98.914,110.981,103.707,9.797,112.702,117.216,95.929
1,374.066,108.39,11.006,106.582,110.392,101.644,102.41,1.016,106.494,11.456,105.754,99.273,100.69,110.739,1.164
2,374.125,92.915,1.048,101.53,110.573,109.334,109.158,0.992,102.231,1.038,109.002,108.968,113.579,106.822,1.124
3,374.159,99.93,102.388,109.102,10.412,106.209,104.636,98.971,111.45,108.106,104.034,11.397,108.225,108.885,98.468
1,374.66,110.596,10.299,100.992,106.412,108.529,105.845,1.041,97.857,11.276,96.166,99.159,96.766,107.429,1.085
3,375.277,104.357,106.235,108.625,10.606,111.115,102.1,109.763,99.86,98.809,99.823,11.52,102.348,100.76,106.724
2,375.527,101.04,1.05,106.512,106.404,116.807,98.986,0.981,95.643,1.018,101.725,107.505,116.823,104.5,1.043
2,375.7,96.059,1.038,105.002,115.782,101.735,101.527,1.148,107.548,1.036,102.6,115.446,106.124,110.293,1.136
1,376.288,101.552,10.691,107.9,112.76,108.079,96.93,1.012,95.785,10.742,102.367,106.138,106.121,105.878,1.005
1,376.335,108.151,11.564,105.223,96.715,99.264,108.929,1.037,109.677,11.5,97.881,99.946,107.474,110.325,1.066
2,376.365,103.181,1.018,99.381,112.448,109.494,98.665,1.019,96.768,1.114,101.474,104.519,98.556,98.102,1.073
4,376.797,104.723,111.201,102.606,1.063,1.058,107.207,10.775,105.458,116.16,99.342,0.969,0.953,100.973,9.97
1,377.147,101.349,11.643,102.564,100.849,91.827,93.91,1.081,103.012,11.48,101.686,101.524,96.046,95.251,1.109
4,377.17,106.43,113.105,108.765,0.993,1.014,100.266,10.17,99.207,110.805,103.206,1.102,1.014,106.345,10.004
1,377.178,106.787,11.287,102.384,109.516,95.496,110.401,0.992,111.182,11.122,107.206,104.086,97.864,94.745,1.019
4,377.382,108.701,99.999,116.221,1.094,1.075,103.374,10.294,107.351,111.118,113.033,1.005,0.929,106.576,9.507
4,377.385,98.911,106.611,111.949,1.074,0.988,93.787,10.536,107.924,113.643,112.289,0.964,1.051,96.225,11.213
4,377.625,107.476,115.984,117.366,1.068,0.985,99.488,10.258,104.282,110.903,101.457,1.098,1.009,104.0,9.809
4,377.791,108.809,112.584,110.047,1.044,0.969,97.861,9.519,109.385,108.738,116.424,1.109,1.05,106.217,10.661
2,378.576,100.245,1.08,108.764,113.899,113.482,107.379,1.022,105.949,1.092,104.991,112.968,111.71,100.414,1.116
2,378.66,107.891,1.094,102.515,103.626,116.736,101.693,1.026,94.447,1.024,93.921,104.004,100.37,108.613,1.067
1,378.754,105.784,11.477,98.573,102.985,105.299,99.488,1.02,103.213,10.366,108.587,97.495,102.947,107.617,1.143
2,378.839,102.731,1.113,108.919,104.642,98.987,108.944,1.072,96.22,1.061,102.77,105.297,101.439,96.826,1.144
4,378.883,107.476,103.322,109.214,0.957,0.996,93.439,10.566,100.542,111.48,99.342,0.988,1.066,93.186,11.168
3,379.126,110.503,109.929,109.122,11.019,105.993,107.273,102.506,101.026,102.642,110.675,10.114,117.271,104.073,111.2
4,379.529,109.962,115.225,116.794,0.981,1.043,102.522,9.735,110.686,104.31,108.272,1.076,1.045,102.25,10.802
1,379.63,111.671,11.347,101.466,108.701,98.608,100.997,1.134,102.407,10.9,107.874,113.712,101.183,106.02,1.109
2,380.001,100.989,1.107,109.176,100.977,108.849,108.368,1.086,96.982,1.146,109.742,102.504,102.351,99.321,1.037
4,380.058,103.782,115.747,103.828,0.989,0.958,104.419,10.077,96.845,102.983,107.112,1.014,0.949,95.377,9.984
2,380.34,92.695,1.102,110.137,116.13,101.491,108.876,1.031,108.059,1.14,97.885,102.194,103.376,100.724,1.016
1,380.894,111.462,10.818,97.275,112.385,105.836,109.879,1.136,103.363,10.487,102.438,100.415,101.066,100.205,1.096
1,381.041,100.707,10.221,106.74,96.972,99.784,94.329,1.047,107.016,11.648,103.688,111.671,98.169,95.26,1.138
1,381.115,103.063,10.445,104.385,102.466,95.777,109.968,1.089,111.824,10.369,94.668,103.572,105.503,107.362,1.153
1,381.453,109.207,10.66,106.792,111.756,105.291,109.617,1.068,101.484,11.881,97.718,98.997,108.71,107.311,1.006
2,381.5,105.33,1.057,96.733,111.615,111.549,96.141,1.11,104.463,1.12,100.398,115.329,104.9,109.474,1.129
2,381.958,104.187,1.176,94.115,102.52,112.397,106.14,1.148,103.399,1.109,109.685,111.013,109.384,98.59,1.051
3,382.434,106.612,101.871,107.352,10.454,104.617,111.72,95.4,100.504,94.844,103.34,10.564,104.204,110.893,94.844
1,382.696,111.116,11.347,98.519,101.855,104.392,93.497,1.136,105.393,11.302,101.266,102.26,93.283,110.398,1.06
1,382.875,110.606,11.336,92.762,97.3,100.248,96.7,0.989,96.723,10.643,97.615,108.396,102.947,94.801,0.986
2,382.906,107.055,0.996,97.386,99.181,108.547,111.247,1.16,95.162,0.994,109.118,109.444,113.825,95.933,1.103
1,382.925,97.34,11.274,94.56,99.04,108.72,94.321,1.155,103.238,11.478,95.292,102.538,98.446,100.616,1.044
1,383.05,96.296,11.298,101.257,102.26,97.876,102.553,1.131,111.606,11.461,98.49,99.58,102.359,97.223,1.007
1,383.771,98.812,10.974,106.69,101.47,97.769,105.356,1.028,106.549,11.549,108.124,101.237,107.284,103.142,1.067
4,383.781,99.73,111.081,109.547,1.103,1.041,99.056,11.107,102.09,99.656,105.92,0.975,0.963,93.856,11.148
1,384.045,95.405,11.04,92.257,113.973,102.236,103.933,1.088,108.708,11.587,97.275,96.837,108.657,101.318,1.147
2,384.225,105.068,1.017,108.811,115.129,104.701,110.284,1.001,108.166,1.089,105.012,105.395,109.619,111.678,1.086
1,384.605,104.493,10.351,97.208,101.471,94.901,105.783,1.033,100.318,11.063,107.858,102.552,102.374,100.713,1.076
2,384.669,109.979,1.039,98.455,101.145,105.77,109.825,1.153,109.379,1.049,97.985,97.838,112.397,107.09,1.048
1,384.901,104.524,11.846,106.238,105.333,103.762,105.18,1.044,100.352,11.391,97.454,110.819,102.127,108.409,0.982
4,385.043,104.314,102.859,101.064,0.967,1.026,104.471,9.558,103.184,107.26,106.022,1.044,1.083,100.556,9.657
3,385.055,100.63,107.94,100.337,10.768,114.369,104.153,105.098,112.787,102.743,106.341,9.815,118.704,112.199,97.023
3,385.285,100.432,111.242,101.501,11.522,109.31,107.552,106.376,103.129,104.037,102.129,9.972,111.269,105.348,100.283
2,385.392,100.632,1.122,105.729,99.572,112.474,108.92,0.996,94.856,1.102,95.357,100.312,108.199,102.141,1.128
3,385.472,109.224,104.975,112.488,10.761,112.493,108.364,103.91,99.254,111.669,100.679,11.423,113.513,114.813,95.324
1,385.984,95.36,11.283,103.355,99.58,101.113,110.771,1.101,99.947,11.77,99.783,102.26,93.652,108.767,1.064
1,386.24,105.523,10.122,102.704,111.828,107.295,108.116,1.144,106.985,10.783,103.43,109.348,98.839,108.748,1.026
1,386.452,105.269,11.101,105.53,99.153,95.435,95.588,1.063,111.689,10.309,95.536,110.912,97.769,94.967,1.116
3,386.544,100.069,95.657,96.887,10.456,104.617,106.221,111.386,109.574,110.296,111.112,11.065,114.419,109.406,109.204
1,386.579,95.391,10.923,101.671,107.623,95.016,110.683,0.987,101.505,11.756,102.801,114.794,97.668,106.973,0.994
4,386.66,109.163,110.79,100.584,1.025,0.979,94.613,10.433,102.096,114.873,105.059,1.068,0.939,106.815,10.573
2,387.02,97.639,0.993,96.943,100.899,101.442,105.006,0.989,94.231,1.136,99.347,102.884,98.71,100.093,1.157
4,387.067,103.987,101.835,115.68,0.974,0.992,92.154,11.094,100.916,105.119,107.013,1.068,1.066,108.75,9.609
4,387.263,109.729,103.339,115.928,0.947,0.93,100.242,9.864,106.755,110.858,109.703,1.053,1.096,92.556,11.013
3,387.49,110.342,109.448,106.943,11.3,105.363,118.163,107.402,113.72,110.26,106.958,10.027,113.48,107.388,99.492
1,387.589,99.515,11.049,103.126,96.801,97.899,105.801,1.134,105.611,10.356,101.46,112.911,106.337,105.121,1.042
3,388.021,114.454,104.059,99.393,10.957,106.261,112.023,102.038,102.742,98.623,97.55,9.806,114.83,112.023,96.932
4,388.112,103.333,115.022,116.344,0.974,0.932,105.536,11.221,101.22,111.485,104.567,1.053,1.083,106.15,10.934
4,388.228,100.812,104.535,116.221,1.095,1.013,101.394,10.69,105.932,101.835,113.373,0.993,1.077,93.599,11.099
4,388.424,107.215,100.896,116.779,0.991,0.96,92.475,11.092,102.338,114.452,117.31,0.996,0.973,96.977,10.817
3,388.604,100.419,103.885,97.553,10.723,115.641,114.26,112.018,103.127,101.724,98.792,10.112,116.668,101.662,106.967
1,388.643,112.794,11.236,93.475,100.401,102.947,111.133,1.136,103.361,11.867,103.347,108.522,92.144,107.44,1.12
2,388.661,98.658,1.09,107.554,107.53,100.333,99.684,1.134,94.348,1.097,103.098,104.45,99.471,104.099,1.128
4,388.709,104.67,101.776,105.156,1.055,1.084,108.75,10.754,94.765,109.733,107.044,1.018,1.011,99.993,11.222
3,388.793,110.458,99.221,103.813,11.54,102.816,111.558,111.611,99.195,97.985,105.308,10.043,112.536,100.84,98.556
1,388.901,111.182,10.575,107.812,100.76,100.857,100.205,1.155,98.047,10.371,104.271,97.644,91.952,110.255,1.0
2,389.325,96.202,1.106,105.375,99.359,112.397,97.237,1.064,105.63,1.109,103.867,112.359,113.043,105.979,1.013
3,389.515,106.801,99.983,98.558,10.46,105.038,101.12,109.262,112.013,97.14,104.535,10.024,100.348,118.629,107.66
2,389.881,103.679,1.098,109.689,102.539,108.144,97.326,1.07,104.682,1.031,101.481,106.682,103.056,104.8,0.979
3,389.973,115.477,110.105,107.521,9.751,106.304,114.202,105.409,100.367,109.061,105.719,10.209,115.361,109.444,111.061
4,390.401,97.298,102.983,117.252,0.979,0.959,96.036,10.601,109.661,102.52,115.449,1.019,1.086,99.602,9.489
4,390.586,103.342,116.164,107.197,0.967,1.007,96.935,9.481,107.361,112.781,100.512,0.937,1.042,108.56,10.138
3,390.777,114.784,101.744,104.168,10.37,107.07,105.624,107.376,102.924,98.627,112.377,10.571,114.116,113.447,108.932
3,391.335,107.787,105.444,98.423,11.501,114.114,110.852,110.875,112.382,109.847,102.361,10.337,114.695,106.712,105.809
1,391.379,109.17,10.331,92.662,112.056,91.919,93.911,1.023,99.454,10.48,106.43,106.412,93.667,95.587,1.158
3,391.569,112.787,105.25,106.926,10.094,116.753,111.907,110.984,108.732,103.772,108.84,9.98,100.65,114.743,108.591
4,391.967,96.267,115.842,99.129,1.032,1.092,103.423,10.304,101.81,106.736,110.017,1.086,1.09,96.977,11.148
3,392.57,110.537,101.619,101.379,9.928,118.769,114.424,103.876,100.437,110.157,114.102,10.706,107.852,104.646,102.661
3,392.635,115.162,103.714,110.226,10.321,110.657,112.474,96.692,104.232,97.508,100.185,10.149,112.382,111.211,102.515
2,392.74,96.981,1.102,103.745,107.921,105.404,113.323,1.004,107.377,1.168,95.618,112.821,105.457,102.451,1.136
1,392.856,105.893,10.453,98.981,99.185,107.851,94.967,1.096,103.363,10.722,106.673,113.364,108.662,104.678,1.015
1,393.545,102.757,11.738,97.977,113.648,99.547,100.263,1.076,99.809,10.131,92.052,107.465,95.453,106.973,1.114
2,393.936,102.687,1.135,97.086,116.13,101.954,100.091,1.064,98.691,1.057,109.688,113.872,104.463,108.241,0.98
4,394.167,98.181,106.892,114.04,1.063,0.933,97.049,10.089,97.961,98.513,101.155,0.991,0.968,107.169,10.801
4,394.274,102.396,110.634,114.251,0.987,1.03,98.891,10.723,94.467,106.598,101.59,1.054,1.022,105.461,10.09
3,394.276,107.246,97.052,107.796,11.174,107.285,103.505,95.333,101.732,103.492,107.996,10.443,107.344,114.733,96.048
2,394.83,96.099,1.149,101.892,102.539,100.159,99.721,1.106,100.452,1.015,97.346,106.566,105.824,99.828,1.061
3,395.262,112.881,110.925,101.851,10.712,116.567,110.454,104.468,111.872,99.798,105.714,9.854,107.268,106.411,103.688
4,395.517,104.219,103.766,100.466,0.937,0.956,97.297,10.001,94.467,108.868,106.647,0.96,1.024,107.454,10.515
1,395.526,97.532,11.203,102.801,111.614,101.363,101.262,1.097,106.783,10.525,94.324,109.341,95.94,99.127,1.046
2,395.922,98.555,1.049,101.705,100.054,103.451,104.196,1.145,99.706,1.097,95.896,108.642,103.451,110.57,1.032
2,395.936,108.059,1.146,100.793,110.89,114.109,99.542,1.04,103.181,1.14,99.102,109.467,107.762,97.182,1.124
4,396.031,93.763,110.566,116.879,0.944,0.968,97.051,10.696,96.662,104.4,107.765,1.097,1.023,107.796,10.128
4,396.148,97.154,106.168,115.73,0.979,1.045,103.678,10.017,94.17,100.336,104.283,1.03,0.963,96.622,9.912
1,396.232,109.582,11.383,105.766,113.858,95.778,99.438,1.159,100.673,10.377,106.263,111.501,91.764,98.802,1.085
1,396.571,99.153,10.685,106.866,109.547,100.212,97.268,0.982,100.626,11.214,104.979,104.76,96.718,101.848,1.154
4,396.683,107.163,112.698,117.147,0.971,1.068,108.946,10.55,98.895,101.505,111.351,1.006,1.043,101.534,10.396
4,397.019,109.163,106.315,100.94,1.095,1.07,97.538,10.315,98.698,99.822,106.516,1.103,1.078,98.243,10.549
1,397.327,99.084,11.363,108.363,98.678,99.343,100.073,1.071,97.959,11.596,98.265,110.392,104.726,95.927,1.135
1,397.874,108.856,11.105,101.466,101.829,103.028,102.791,1.167,108.64,11.082,92.094,97.82,106.202,96.245,1.079
1,397.91,106.474,11.384,94.291,107.417,97.272,97.203,1.007,108.41,10.24,103.688,110.087,104.505,107.66,1.109
4,398.323,107.449,110.304,104.072,1.064,1.061,107.597,10.084,98.604,110.723,101.542,1.009,1.036,92.369,10.461
2,398.95,94.695,1.106,102.543,103.588,98.766,103.648,0.993,101.731,1.15,99.872,106.923,111.092,113.465,1.125
2,398.991,96.648,1.022,107.749,104.447,105.676,104.634,1.053,100.511,1.12,106.415,104.364,112.474,106.583,0.997
2,399.122,105.949,1.12,111.266,113.82,105.84,106.183,1.091,98.234,1.155,111.19,106.524,101.904,105.46,1.089
1,399.153,95.758,11.294,107.218,103.717,106.07,99.195,1.071,104.539,11.456,101.501,103.933,100.073,99.275,1.134
3,399.574,99.292,100.284,105.422,11.058,118.049,105.913,103.001,109.647,102.928,108.732,11.254,103.954,110.37,104.416
3,399.9,113.163,104.037,98.204,11.452,100.787,116.267,99.385,103.397,107.354,112.634,11.119,103.999,109.059,107.66
3,400.045,104.384,105.012,102.577,10.753,105.411,107.002,104.913,115.339,94.541,106.473,9.999,111.476,106.658,107.129
3,400.249,99.953,106.336,109.385,11.112,107.618,106.859,98.372,112.013,106.921,110.173,10.562,107.668,118.943,103.239
1,401.19,97.247,10.692,107.96,100.883,100.796,95.256,1.139,99.368,11.049,94.286,112.754,97.832,108.546,1.138
3,401.264,114.812,102.595,97.653,11.265,108.676,103.509,105.941,111.269,104.975,111.169,10.957,105.624,106.369,112.231
2,401.301,108.059,1.12,100.878,106.075,102.224,99.542,1.04,98.477,1.038,98.397,100.176,111.253,107.085,1.146
4,401.611,100.967,105.941,110.506,1.094,0.976,100.558,10.754,109.931,108.826,109.703,1.0,1.008,107.186,10.882
3,401.665,109.194,99.017,100.632,11.402,115.052,101.905,97.871,111.45,101.363,96.374,10.3,115.213,108.809,104.97
1,402.162,105.218,11.844,102.327,104.159,92.149,95.19,1.072,112.784,10.258,108.671,112.261,102.385,105.703,1.109
3,402.258,105.469,105.012,106.239,10.683,117.32,108.708,100.359,109.47,104.626,97.918,9.864,108.588,118.148,94.772
4,402.475,110.232,104.78,104.402,1.092,0.93,102.325,10.477,106.909,110.751,101.844,1.011,1.054,94.705,10.664
4,402.579,103.579,108.24,101.676,1.036,0.954,100.266,10.516,102.361,100.092,103.072,0.999,1.071,101.527,10.002
4,402.804,108.834,115.661,109.349,1.053,1.069,102.652,10.458,101.409,105.383,105.149,1.062,0.967,101.592,9.732
3,402.968,107.495,110.745,107.352,10.49,105.864,113.302,107.633,103.691,96.981,104.034,11.445,113.668,102.293,103.384
3,402.985,101.875,101.958,108.591,11.008,109.435,111.673,109.887,110.644,101.477,105.223,11.089,116.623,110.718,94.388
2,403.294,97.919,1.126,103.456,112.359,113.043,113.002,1.146,93.89,1.064,94.508,99.559,108.144,95.983,1.036
3,403.373,101.957,101.697,113.448,10.63,107.268,114.559,106.459,115.825,101.565,97.944,10.78,101.438,108.313,102.506
1,404.422,99.349,11.718,102.445,103.666,94.169,103.105,1.016,108.158,11.436,103.323,113.228,96.181,102.254,1.004
4,406.258,94.051,104.714,107.029,1.057,0.974,93.264,10.812,109.654,98.991,110.667,1.077,0.99,94.691,10.481
3,406.317,98.65,102.642,108.616,11.07,101.061,102.647,110.458,113.292,97.248,108.582,10.446,116.939,100.799,97.53
1,406.852,100.334,11.378,108.125,101.524,94.182,96.996,1.07,106.971,11.557,98.948,107.587,102.947,103.877,1.015
2,407.106,95.284,1.148,100.074,109.881,110.397,107.184,1.058,98.463,1.113,107.986,110.535,106.083,108.633,0.978
4,407.122,105.606,112.467,106.588,1.108,1.002,94.059,10.034,94.002,112.244,102.559,1.021,0.99,96.69,10.164
1,407.479,97.849,10.49,103.627,106.34,108.103,101.318,1.134,95.608,11.125,103.413,111.257,92.207,100.777,1.162
3,407.535,111.727,103.667,99.71,10.911,118.498,114.733,107.866,108.604,97.14,108.069,10.819,104.533,116.805,110.706
2,407.95,101.806,1.147,102.6,103.041,106.319,105.545,1.007,98.304,1.131,101.427,107.645,100.027,95.612,0.979
2,408.724,94.321,1.119,107.295,114.074,114.496,103.371,1.159,108.048,1.06,105.515,110.139,115.229,107.508,1.146
1,408.896,99.13,10.086,100.015,109.775,108.983,101.107,1.101,104.661,10.657,92.993,113.459,95.38,108.929,1.066
1,409.635,101.84,10.829,103.049,103.337,91.848,109.879,1.138,106.763,10.071,106.983,114.331,104.826,102.791,0.997
2,409.676,104.335,0.991,106.619,106.402,101.327,107.306,0.997,94.651,1.1,101.084,103.11,105.378,113.12,1.149
2,409.842,92.876,1.09,107.133,104.406,116.263,97.031,1.02,106.08,1.09,111.135,114.441,107.42,109.72,0.985
4,410.499,93.883,115.926,113.969,1.094,0.981,99.285,11.0,102.32,109.671,117.09,1.102,0.963,98.99,11.089
2,410.61,101.002,0.995,109.133,116.191,115.456,99.562,1.121,106.959,1.126,98.158,115.082,111.88,110.231,1.035
4,412.27,93.507,105.891,104.28,1.025,0.99,102.127,10.015,98.581,100.092,107.438,0.986,1.028,105.776,10.559
4,412.59,101.165,105.657,109.548,0.974,0.983,103.79,10.144,104.885,105.194,110.862,1.084,0.996,103.863,10.54
4,412.613,95.808,99.974,106.658,1.054,1.044,107.026,9.444,102.603,114.119,116.98,1.003,1.002,97.312,10.164
1,412.739,110.281,11.458,104.194,104.76,104.123,108.386,1.05,95.197,10.528,99.783,108.125,105.918,105.202,1.14
4,412.807,102.508,100.242,104.181,1.076,0.999,94.01,11.013,95.848,101.066,99.174,0.966,1.065,101.005,9.891
2,414.078,106.359,1.168,99.291,111.907,106.968,111.139,1.144,107.055,1.015,99.63,97.774,110.438,97.558,1.016
4,414.096,103.094,98.473,106.517,0.987,1.072,104.133,9.711,107.196,102.893,106.668,1.098,1.053,92.824,10.58
2,414.915,100.146,1.148,94.078,111.174,113.122,98.102,1.146,103.679,1.048,109.588,104.425,116.807,96.3,1.14
2,414.991,94.584,1.082,101.942,111.924,109.631,101.599,0.992,106.048,1.044,104.984,114.729,108.212,100.905,1.047
1,414.991,95.752,10.042,107.479,113.214,93.171,106.973,1.006,105.329,11.718,92.406,98.516,92.673,103.85,1.115
1,414.994,95.405,10.219,104.628,105.801,104.505,101.862,1.137,100.626,10.816,106.444,110.057,100.72,97.19,0.994
2,415.724,97.688,1.006,96.938,114.858,98.603,106.37,1.019,92.904,1.149,97.534,105.597,104.485,106.717,1.104
1,416.125,101.972,10.548,107.551,104.422,97.272,102.831,1.074,107.031,10.744,95.436,111.614,101.497,100.806,1.102
3,416.197,115.231,100.989,105.923,10.442,106.3,110.541,103.873,115.113,98.692,103.816,10.216,106.537,118.118,110.856
4,416.245,97.752,101.393,113.116,0.986,1.054,104.514,10.605,110.627,114.267,105.137,1.024,1.093,105.891,9.833
4,416.369,109.692,100.5,111.989,0.96,1.08,98.718,9.912,107.278,113.586,105.735,0.993,1.093,104.029,10.573
4,416.68,98.859,101.851,100.044,0.959,1.065,94.613,10.627,97.21,110.96,104.834,0.975,0.967,101.622,10.613
2,416.73,105.196,1.06,103.534,110.064,99.508,112.105,0.993,99.819,1.102,105.7,109.15,109.158,103.546,1.013
4,417.207,107.531,110.751,105.314,0.964,1.083,99.831,11.036,101.073,102.893,103.072,1.099,1.025,93.574,9.748
2,417.229,96.353,1.012,101.546,105.0,113.328,96.748,1.089,101.441,1.099,94.467,116.24,104.343,99.033,1.029
3,417.251,115.747,97.943,101.334,11.187,116.177,118.425,103.603,105.557,105.557,99.056,11.333,112.493,113.982,98.693
3,417.349,103.804,97.795,110.639,10.154,107.793,104.614,106.944,113.543,96.51,105.757,10.01,105.949,117.039,110.438
4,417.553,102.361,99.618,115.266,0.996,1.075,107.199,10.619,101.632,110.539,108.041,0.937,0.958,103.941,11.073
4,417.808,104.125,100.627,109.704,0.942,1.089,96.622,10.698,103.094,110.538,103.721,0.948,1.082,98.052,10.051
3,417.868,110.209,107.081,102.522,11.171,118.796,112.913,95.151,99.292,104.037,110.652,11.446,108.734,104.583,106.978
4,418.275,105.932,109.047,114.518,0.992,1.095,101.238,10.331,108.579,110.522,110.777,0.959,0.957,101.426,11.229
2,419.056,103.53,1.085,98.34,113.366,101.734,110.192,1.126,107.857,1.048,101.24,110.896,103.518,111.754,1.147
1,419.303,98.468,10.324,92.947,106.505,96.181,107.101,1.05,97.704,10.775,95.512,111.56,97.677,102.211,1.121
1,419.321,98.579,10.19,93.811,110.912,98.982,106.126,1.053,112.732,11.224,100.992,113.364,92.022,110.139,1.147
4,419.677,110.627,112.244,105.201,0.966,0.999,97.279,9.551,103.148,110.88,112.75,1.02,0.932,97.669,10.545
2,419.869,100.091,1.03,108.582,99.106,98.422,101.919,1.144,96.724,1.063,99.528,114.467,112.489,105.245,1.059
1,419.977,105.636,10.526,102.737,99.915,100.913,107.41,1.148,112.611,11.896,106.856,112.685,108.648,106.126,1.074
3,420.042,116.702,111.623,97.166,10.636,107.093,104.368,98.483,109.854,94.972,104.049,11.328,100.952,116.594,96.425
3,420.049,103.454,100.458,107.78,10.117,101.376,112.079,105.166,115.113,104.662,97.207,10.543,118.482,106.877,100.791
2,421.39,102.764,1.005,94.877,101.841,112.746,109.488,1.108,102.06,1.092,107.286,106.67,98.559,97.331,1.019
4,421.473,105.258,102.957,116.62,1.101,1.093,107.415,9.654,104.754,104.604,112.559,0.984,1.074,98.397,10.346
3,421.744,113.368,102.59,109.131,10.965,102.365,101.217,100.805,101.946,96.944,103.906,10.779,101.497,110.969,101.299
4,421.833,94.128,99.644,105.659,1.027,1.028,91.999,10.446,110.834,115.895,98.842,0.939,1.013,92.475,9.697
3,421.853,103.991,103.043,98.185,11.481,101.245,110.833,104.303,101.026,104.016,98.748,11.222,111.961,107.414,110.583
4,422.245,97.81,106.94,103.702,1.016,1.008,96.54,10.421,107.851,105.422,106.151,1.11,0.93,100.576,10.428
1,423.05,101.453,10.071,99.838,109.73,104.875,98.829,1.037,97.014,10.528,97.688,114.7,94.391,108.719,1.071
4,423.419,108.579,109.385,106.288,1.066,0.929,102.139,10.477,108.582,114.292,103.209,1.075,0.933,99.924,10.292
2,423.973,107.187,1.05,105.584,115.446,114.059,99.326,1.013,94.206,1.097,101.696,111.493,115.491,111.98,1.111
2,424.025,93.684,1.166,110.842,107.799,102.324,110.102,1.136,101.087,1.151,109.729,109.426,102.513,112.763,1.1
1,424.305,108.31,11.202,97.048,103.573,92.603,103.369,1.07,112.195,10.591,102.212,113.583,105.056,105.845,1.119
1,424.326,109.457,11.114,101.615,99.328,102.326,100.427,1.159,111.684,11.018,98.682,113.583,97.033,106.213,1.089
1,424.629,101.385,11.209,100.764,114.11,92.665,108.239,1.009,101.854,10.394,97.46,107.783,98.826,108.929,1.041
2,424.847,92.624,1.16,109.685,99.514,112.397,103.505,1.019,96.761,1.111,96.313,99.053,110.251,112.375,1.097
3,424.85,99.151,106.263,109.632,10.385,118.892,104.919,94.357,104.993,110.153,107.909,10.152,113.732,117.575,98.176
2,424.966,101.088,1.099,100.26,115.782,106.956,95.994,1.137,104.779,1.158,109.719,112.596,116.534,107.611,1.009
3,425.087,108.868,112.104,101.992,10.495,117.207,115.935,96.572,109.233,97.576,97.583,10.097,114.744,103.89,108.17
2,425.448,107.865,1.096,97.11,108.983,100.793,104.065,0.989,105.234,1.175,106.428,109.785,98.523,98.953,1.11
1,425.642,98.712,10.524,103.269,112.498,92.485,108.613,1.085,101.553,11.059,108.665,114.542,104.747,93.732,1.159
4,425.744,109.699,116.027,99.629,0.94,1.053,103.44,10.872,98.889,105.347,107.206,0.961,1.005,99.424,9.522
4,425.981,105.15,109.401,106.647,0.972,1.025,107.367,11.104,102.961,106.063,109.924,0.985,0.978,106.2,9.738
2,426.015,97.828,1.118,98.981,104.867,99.379,107.813,1.065,102.843,1.11,103.569,104.35,106.444,103.322,1.073
3,426.137,103.178,108.878,105.428,10.978,102.816,101.652,102.015,105.554,94.641,113.657,10.718,103.944,100.741,104.034
3,426.61,103.813,95.553,100.861,10.158,116.53,114.651,111.037,113.955,104.845,102.226,10.381,108.8,101.135,97.335
3,426.62,116.975,106.714,110.226,10.097,109.848,105.361,108.447,104.761,103.418,103.149,10.843,114.241,112.708,95.47
4,426.926,110.572,111.472,103.702,1.024,1.029,96.025,10.039,105.723,112.8,104.072,1.011,1.082,109.21,10.781
3,427.189,106.176,100.867,110.777,11.281,113.173,108.142,111.72,107.26,105.815,110.382,11.078,111.669,103.63,105.501
1,427.372,104.469,10.311,100.953,114.026,108.364,106.617,0.985,104.919,10.74,93.645,114.493,104.152,100.492,1.062
2,428.194,106.138,1.081,100.479,104.908,106.87,96.022,1.136,101.682,1.178,97.456,109.139,111.879,97.787,1.036
2,428.298,95.401,1.127,99.465,101.002,116.21,99.175,1.069,102.927,1.143,107.294,102.703,110.306,101.999,1.106
3,428.965,107.275,104.5,113.173,10.843,114.291,106.859,99.967,100.982,96.079,110.71,10.585,109.023,107.414,98.621
3,429.308,105.981,98.663,102.821,10.412,118.871,114.036,98.421,113.955,94.985,110.679,11.296,114.695,112.052,97.614
2,429.434,94.565,1.004,106.767,111.277,112.489,111.804,0.986,107.232,1.0,107.849,115.45,109.88,97.481,1.061
3,429.603,101.855,106.423,113.197,10.064,114.858,100.567,97.378,103.239,101.714,108.582,9.975,115.796,100.873,104.377
2,429.644,107.377,1.155,104.168,112.096,103.431,101.562,1.148,107.174,1.167,105.57,103.772,102.536,96.582,1.075
2,429.684,100.511,1.053,102.758,107.04,105.777,101.317,1.059,100.989,1.023,96.456,110.666,106.736,102.99,1.141
1,429.73,108.856,10.405,107.177,102.761,107.0,99.961,1.072,95.36,10.735,107.479,97.38,100.69,108.614,1.013
2,429.837,102.992,1.019,94.626,101.538,106.285,108.241,1.159,100.637,0.992,101.292,109.53,111.069,98.081,1.15
4,430.08,104.976,98.093,115.3,1.063,1.066,95.952,9.566,109.275,103.669,114.427,0.977,1.058,92.402,10.698
2,430.281,103.022,1.156,111.404,105.508,103.291,113.121,1.042,96.696,1.131,98.516,102.868,107.564,111.366,1.091
3,430.363,108.595,100.793,102.168,10.237,111.15,106.417,97.487,109.847,96.5,96.33,10.666,101.973,114.363,98.265
3,430.733,101.699,101.567,99.6,11.15,108.912,104.01,101.503,105.554,104.615,108.233,9.931,108.912,111.88,105.92
1,430.842,104.524,11.552,92.535,114.7,95.565,98.894,1.0,97.671,10.214,108.664,110.395,104.663,102.143,0.988
3,431.427,114.958,111.379,102.839,11.161,113.692,108.541,95.086,103.142,109.164,96.721,10.265,110.788,111.88,111.72
2,431.585,98.39,1.126,104.335,106.663,116.492,109.207,1.014,98.293,1.039,103.036,106.043,111.549,113.4,1.119
4,432.428,107.924,103.669,115.245,1.075,1.07,105.297,11.215,104.949,103.162,114.859,1.048,1.02,99.602,10.273
3,432.77,109.428,111.859,98.757,11.467,118.546,108.674,98.421,112.78,97.895,111.312,9.781,100.258,103.07,106.091
4,433.778,110.613,98.983,115.709,0.969,1.066,98.066,11.222,110.032,101.92,116.516,1.065,1.102,103.711,9.9
1,434.036,96.021,10.014,106.033,99.915,105.98,107.405,1.074,98.645,10.615,107.496,104.431,93.945,95.76,1.056
3,434.326,116.161,100.58,108.582,9.972,101.76,116.512,103.525,115.878,102.648,111.821,11.391,105.486,107.281,95.171
2,434.495,98.265,1.006,106.086,108.403,100.74,104.196,1.061,100.216,1.081,108.482,109.378,102.85,101.33,1.065
3,434.519,112.29,95.101,111.599,11.451,100.487,106.033,110.521,114.583,96.531,114.075,10.112,109.099,109.708,106.221
1,434.562,108.762,10.691,95.228,106.239,99.412,100.263,1.067,97.51,10.926,108.204,111.022,104.072,110.219,1.103
2,434.824,105.63,1.071,101.476,105.395,103.029,102.353,1.139,97.768,1.023,96.135,103.923,100.114,96.193,1.027
1,434.854,107.491,10.087,95.784,100.792,93.506,109.03,1.154,95.179,10.098,105.254,101.141,103.491,109.908,0.998
2,435.967,93.989,1.113,111.209,107.945,116.823,109.474,1.084,99.973,1.173,99.104,115.565,110.989,104.29,1.116
3,436.189,113.286,111.824,108.232,10.103,108.912,110.723,99.211,104.858,99.595,99.431,10.456,118.429,114.789,101.784
2,436.355,95.755,1.062,105.431,98.241,99.475,100.729,1.092,101.087,0.998,95.876,115.129,106.865,113.33,1.032
1,436.569,97.704,11.143,93.09,111.982,91.881,103.716,1.008,100.471,11.203,97.792,101.04,108.738,93.626,1.13
1,436.866,99.282,10.109,103.413,96.902,96.303,100.379,1.101,103.39,10.985,98.534,106.749,97.911,97.01,1.05
4,436.939,98.082,110.379,105.451,0.942,1.096,93.306,10.528,94.674,112.197,109.912,0.978,0.971,106.37,10.302
2,437.084,108.607,1.052,108.456,109.819,109.622,110.688,0.994,108.09,1.154,107.749,113.795,112.11,102.353,1.012
3,437.132,110.469,108.774,108.84,10.72,116.451,110.225,110.897,116.281,94.526,98.183,10.296,115.04,100.873,95.329
3,437.137,100.674,111.744,109.375,11.482,109.308,102.291,97.487,105.557,111.416,107.796,11.085,110.172,110.426,97.335
1,438.263,111.519,10.134,101.605,102.044,99.926,107.124,1.038,95.36,11.409,93.015,107.417,108.373,99.838,1.136
1,438.27,99.153,11.48,103.531,112.836,103.498,103.268,1.085,99.788,10.58,97.454,104.422,93.294,102.697,1.111
4,438.323,102.443,108.238,117.056,1.03,0.987,96.004,10.949,99.481,105.472,108.858,1.009,1.025,92.556,10.274
2,439.119,95.155,1.132,100.559,98.245,103.649,107.84,1.044,92.695,1.174,96.081,103.551,106.437,110.565,1.14
2,439.482,105.101,1.05,111.443,98.451,106.37,97.589,1.089,95.705,1.018,106.409,106.49,102.525,112.147,0.999
3,439.582,106.049,96.278,100.109,11.14,104.823,114.733,105.297,110.558,100.361,98.369,10.197,100.657,107.97,106.432
1,440.016,103.923,10.84,95.588,100.251,96.144,100.06,1.111,101.283,11.649,102.974,103.722,97.677,102.494,1.103
3,440.596,110.558,109.55,96.975,10.729,104.374,105.348,96.552,114.259,111.416,100.605,11.55,117.455,103.368,110.814
2,440.744,97.916,1.087,110.062,103.236,104.399,97.791,1.131,110.115,1.154,100.437,116.128,115.62,97.767,1.043
1,440.774,107.491,11.234,98.492,97.468,97.172,99.993,1.116,102.133,11.558,100.108,99.856,102.606,95.783,1.156
4,440.806,94.288,98.867,99.107,1.054,1.059,99.221,9.925,101.825,112.058,110.383,0.948,0.988,97.177,10.352
4,440.946,103.088,110.751,105.156,0.963,0.949,107.749,11.055,108.818,104.91,104.522,0.95,0.961,97.869,9.961
1,441.199,111.599,11.495,92.055,109.412,92.206,99.86,1.11,106.39,11.428,101.247,103.854,100.767,105.435,1.09
1,441.345,100.736,11.344,96.302,113.704,103.917,93.495,1.008,98.998,10.234,96.454,113.369,97.677,96.943,1.045
2,441.716,98.632,1.032,109.291,107.363,106.378,105.865,1.065,97.02,1.085,97.383,110.056,98.391,113.4,1.087
2,441.921,99.807,1.053,103.669,111.924,110.713,96.873,1.029,100.558,1.017,105.015,116.109,101.439,107.858,1.136
4,441.98,98.016,110.858,108.747,1.02,0.95,106.844,11.081,103.694,101.323,114.284,0.944,0.945,99.489,10.483
2,442.434,104.859,1.161,97.31,109.281,102.369,105.331,1.092,97.919,1.062,99.81,109.107,115.607,107.611,1.016
1,442.69,100.402,11.301,93.128,99.614,103.935,105.611,1.018,103.39,10.316,98.948,112.108,104.374,95.075,0.985
3,443.123,115.796,100.924,110.951,10.027,113.756,112.047,111.929,102.967,95.805,100.021,10.266,110.264,114.133,96.357
2,443.427,95.155,1.094,98.674,107.515,110.844,96.931,1.096,108.857,1.163,98.011,112.359,102.075,103.903,1.022
3,443.716,113.723,103.285,108.333,10.393,116.725,100.907,108.938,112.29,103.343,97.583,9.809,103.249,104.211,107.316
1,444.361,104.566,10.878,101.501,106.07,101.829,107.945,1.164,104.912,10.642,95.784,110.064,97.293,108.116,1.151
1,444.456,106.602,10.267,101.466,109.019,104.082,101.318,1.164,110.947,10.537,104.628,113.636,103.229,94.559,1.072
3,445.026,105.22,99.983,105.638,9.861,104.609,103.434,95.998,106.612,108.723,111.492,10.323,103.692,111.558,95.28
1,445.055,109.62,10.221,107.897,105.153,107.909,107.504,1.131,103.665,11.391,98.39,106.373,101.17,100.573,1.024
3,445.52,108.453,109.636,111.408,11.049,118.645,106.942,105.33,105.587,109.393,110.634,10.263,101.06,104.465,95.941
4,445.747,96.623,98.763,116.977,1.063,0.946,102.829,11.07,109.988,111.257,106.703,1.015,0.947,108.517,9.566
4,445.951,101.073,106.484,117.064,1.053,1.068,107.926,10.223,103.782,101.509,105.208,1.023,0.962,100.686,11.113
2,446.236,105.028,1.078,109.362,100.463,99.91,97.182,1.013,100.05,1.144,103.332,114.686,107.174,103.413,1.148
1,446.667,98.998,11.373,105.286,100.023,102.265,95.66,0.991,97.941,11.603,106.104,113.962,95.363,95.346,1.002
3,446.675,100.48,100.973,113.631,10.011,118.199,118.892,96.722,98.643,99.95,109.385,11.568,109.445,112.804,94.652
1,446.797,98.979,11.236,101.719,102.964,95.688,93.927,1.005,100.25,10.783,95.753,106.168,108.042,102.111,1.004
1,447.044,106.917,10.924,106.194,101.237,91.848,104.147,0.997,97.664,10.05,100.962,100.201,108.821,111.161,1.1
1,447.402,101.054,11.578,102.52,113.743,97.769,96.384,1.15,101.439,11.649,104.859,107.401,106.424,107.429,1.003
3,447.454,101.253,112.131,101.428,10.015,114.87,105.378,111.14,111.899,94.521,100.34,10.114,112.296,105.449,96.059
4,447.489,108.378,99.546,103.42,0.964,0.961,101.866,11.019,110.5,114.536,104.426,1.087,0.963,100.933,10.528
2,447.685,105.283,0.998,100.641,102.806,115.538,111.941,1.055,98.219,1.024,99.489,106.524,104.606,107.734,1.147
2,447.844,100.1,1.07,97.398,111.287,112.746,104.469,1.114,101.423,1.044,109.839,105.707,107.832,105.96,1.097
1,448.058,111.824,11.074,104.441,112.261,107.196,111.012,1.165,95.14,11.749,95.436,99.951,108.738,94.074,1.088
3,448.185,99.807,95.732,101.812,10.683,104.983,118.63,95.497,104.729,109.446,111.898,11.407,102.844,102.459,105.143
2,448.519,96.493,1.007,100.715,112.114,109.78,110.956,1.088,96.768,1.08,96.405,112.764,109.622,96.469,1.086
2,448.54,101.214,1.04,105.634,111.174,108.643,106.855,1.126,92.614,1.09,96.413,102.729,106.132,111.944,1.08
2,448.542,97.247,0.991,109.571,104.0,101.554,100.292,1.097,103.022,1.084,110.164,100.686,98.88,99.033,1.009
3,448.558,112.039,103.434,101.816,11.323,113.732,101.713,106.723,101.198,104.735,103.013,10.064,103.085,111.063,101.396
1,448.583,107.783,10.89,102.716,108.077,108.855,108.409,1.086,99.202,10.778,95.19,100.481,97.599,102.881,1.016
3,448.91,104.175,101.984,99.429,11.408,104.823,113.822,105.197,99.464,103.434,97.63,11.241,102.423,118.178,100.346
3,449.63,114.386,97.943,114.057,10.129,112.246,116.594,103.199,103.651,106.211,105.141,10.322,116.349,114.559,95.941
1,449.734,105.704,10.966,98.493,108.181,101.377,102.671,1.037,104.458,11.831,107.457,109.513,96.776,102.733,0.988
2,449.843,102.687,1.066,98.36,111.348,100.19,111.677,1.148,104.541,1.135,107.876,102.521,104.024,107.517,1.027
2,449.905,100.386,1.16,98.455,98.759,111.797,105.039,1.024,105.435,1.151,111.14,100.977,109.792,103.685,0.977
1,449.909,104.182,10.517,105.734,111.212,94.291,99.86,1.035,97.978,10.835,105.921,99.757,100.747,95.382,1.114
4,450.055,102.385,109.34,99.129,0.942,1.008,96.174,10.045,108.693,105.155,106.96,1.031,1.025,107.186,10.686
1,450.095,106.947,11.891,99.457,97.653,108.703,101.423,1.129,112.54,10.897,106.69,102.698,105.956,100.629,1.069
1,450.29,103.069,11.37,103.232,112.151,100.179,104.088,0.986,98.823,10.822,106.665,113.097,106.226,94.131,1.044
2,450.863,105.693,1.092,95.766,99.181,99.379,112.661,1.058,103.209,1.116,109.907,113.811,116.44,96.618,0.983
4,450.974,110.74,111.232,109.645,1.006,1.075,104.597,9.593,96.098,98.443,109.213,1.012,0.963,92.809,9.837
1,451.03,99.202,11.619,106.012,108.134,102.115,93.866,1.107,107.345,10.496,94.096,106.34,105.503,101.683,1.089
3,451.112,111.798,108.971,96.464,11.509,100.29,105.375,107.316,115.113,111.652,111.169,10.819,109.436,108.273,98.957
1,451.433,98.903,10.496,94.691,106.918,104.082,96.876,1.086,102.039,10.403,105.522,98.408,105.832,93.94,1.124
4,451.86,98.859,111.413,112.559,0.983,0.941,107.454,10.698,95.056,114.524,102.606,1.102,0.967,100.673,10.272
1,451.907,99.454,11.77,98.249,98.686,104.747,99.195,1.083,100.902,10.112,104.183,108.369,98.158,105.401,1.079
4,452.589,105.81,98.229,105.802,1.098,1.081,101.973,9.551,109.595,112.24,112.371,1.108,1.08,104.431,10.524
1,452.607,103.559,10.29,98.119,97.38,99.271,101.971,1.128,107.696,10.377,101.266,106.558,98.327,111.012,1.125
4,452.699,108.508,112.337,104.985,0.941,0.996,104.525,11.198,95.612,101.851,116.872,1.024,1.049,105.074,10.181
4,452.831,107.531,111.192,99.027,1.039,1.067,104.737,9.643,103.402,98.386,111.075,1.099,0.965,97.669,10.426
2,453.116,96.484,1.1,99.872,109.107,115.621,109.086,1.136,103.403,1.174,105.543,108.464,112.746,103.062,1.134
3,453.59,107.799,109.999,101.833,11.019,112.507,118.789,102.814,104.229,99.55,107.996,10.201,108.025,101.983,103.294
3,453.631,112.409,96.553,105.266,10.887,118.848,112.028,102.027,116.975,99.12,101.816,10.618,107.477,103.427,95.834
1,453.641,99.67,10.046,100.434,105.196,93.547,109.807,1.041,100.531,11.529,105.754,103.262,92.695,103.105,0.994
2,453.838,100.855,1.107,100.734,101.122,102.544,110.997,1.148,99.619,1.111,95.017,101.023,110.884,109.201,1.095
4,453.921,96.886,109.399,114.164,1.009,1.08,103.565,10.995,105.803,98.867,115.054,0.995,1.011,95.784,10.571
1,454.525,109.507,10.125,104.183,111.212,96.095,110.312,1.155,100.682,11.166,108.093,97.31,99.645,98.361,1.128
3,455.409,110.115,101.685,107.128,11.025,107.133,104.035,107.299,101.168,109.06,102.878,10.059,114.807,100.481,94.427
3,455.511,101.957,95.689,111.273,9.979,101.376,103.855,108.451,106.282,109.393,106.011,11.207,101.461,112.483,101.386
3,455.59,111.45,103.877,105.678,10.897,105.411,102.892,96.714,110.285,103.187,110.932,10.886,110.116,113.517,110.446
3,455.653,99.151,94.384,108.62,10.516,117.233,108.582,95.865,109.47,111.257,101.703,11.124,115.052,106.533,107.303
1,455.93,99.662,10.473,108.181,105.561,105.299,97.19,1.09,104.019,11.124,102.749,99.386,100.925,110.614,1.001
1,456.471,111.606,11.619,106.155,106.264,93.652,101.891,1.082,111.401,11.471,105.015,112.261,98.826,95.653,1.096
3,456.502,113.525,100.982,99.326,9.888,112.296,117.476,96.544,102.14,100.754,97.505,11.097,110.116,106.859,98.486
1,456.805,98.554,10.901,95.049,104.278,97.272,94.329,1.024,112.792,10.885,92.094,106.239,93.135,107.835,1.068
4,457.811,109.941,98.109,102.648,1.103,0.945,106.753,10.802,101.073,114.518,111.714,1.052,1.025,108.642,10.186
1,458.092,99.419,11.107,95.512,109.543,100.994,99.895,1.078,99.602,10.048,101.856,98.787,96.733,94.381,1.103
3,458.265,112.382,99.77,99.414,10.112,100.575,106.533,97.577,103.111,101.871,107.156,10.897,109.098,112.338,97.191
1,458.808,101.037,11.87,105.454,98.868,104.163,99.804,1.096,103.655,10.129,98.492,102.836,107.814,108.778,1.093
4,458.864,99.831,104.706,111.361,1.07,0.949,103.928,10.813,99.411,104.547,114.251,1.061,0.948,102.244,11.112
3,460.441,112.142,104.371,97.918,10.585,112.567,119.108,103.806,114.98,111.272,101.711,10.726,106.304,116.283,104.585
2,460.632,100.78,1.132,94.003,106.077,103.47,106.211,1.097,104.099,1.118,103.66,101.444,116.736,111.972,1.113
3,461.001,102.355,95.516,100.485,10.038,106.491,110.516,98.582,116.975,105.375,108.069,10.7,118.215,116.204,112.018
2,461.781,96.724,1.04,105.967,100.686,114.291,101.79,1.106,98.322,1.057,94.13,110.864,106.058,99.033,1.156
2,461.837,92.991,1.176,98.014,115.061,98.968,100.289,1.092,101.962,1.103,105.367,114.789,113.31,112.511,1.0
2,461.968,95.985,1.022,98.109,98.961,113.432,109.637,1.115,106.359,1.14,101.701,115.186,107.003,111.678,1.064
2,461.972,103.027,1.151,95.143,101.62,111.74,111.754,1.113,93.062,1.12,111.006,110.102,115.299,103.545,1.116
3,462.041,109.068,102.713,111.526,10.399,118.429,103.713,109.243,102.616,107.215,97.755,10.256,107.793,102.269,107.886
3,462.459,111.322,102.907,106.965,10.407,115.718,115.245,102.027,98.528,109.513,105.252,10.918,113.26,106.611,110.982
4,462.467,108.843,114.884,111.947,1.01,1.0,95.253,10.075,96.406,100.985,103.943,1.069,1.099,102.063,10.354
3,462.727,108.824,106.693,106.402,11.419,106.973,104.583,110.765,102.977,97.576,105.83,9.985,113.002,113.772,102.419
3,462.877,98.979,110.925,103.802,9.793,116.775,115.256,99.798,101.084,108.322,110.921,10.185,112.502,101.976,95.293
4,462.957,102.338,115.507,112.418,1.109,1.076,92.331,11.203,98.878,105.544,112.906,1.078,0.946,106.357,10.884
3,463.064,100.403,109.559,96.975,9.984,110.638,110.738,110.595,113.822,111.269,102.183,10.149,104.822,101.051,95.537
4,463.158,102.116,98.787,114.422,1.056,1.026,102.89,10.169,102.611,115.559,103.072,0.935,1.032,102.685,10.929
3,463.373,111.612,109.061,108.069,10.474,107.304,103.855,105.506,101.876,111.632,112.551,10.524,113.539,113.888,98.893
2,463.504,109.955,1.026,100.637,104.867,112.332,95.994,1.136,94.885,1.171,99.256,109.985,115.372,109.702,1.015
2,463.772,106.03,1.14,102.709,104.371,101.3,102.451,1.0,96.35,1.056,99.029,101.461,113.033,107.921,1.011
4,464.223,107.336,111.915,101.05,0.964,1.0,98.999,10.881,110.352,98.814,117.098,1.069,1.052,107.454,10.108
3,464.316,102.666,104.78,99.414,9.811,106.413,112.501,99.335,100.456,97.325,100.861,9.736,116.189,103.925,95.68
2,464.432,102.58,0.998,108.857,102.539,104.704,99.339,0.984,94.818,0.994,103.653,108.54,103.664,110.893,1.047
4,464.71,93.21,109.92,100.675,1.088,0.93,103.742,9.455,105.606,106.316,112.281,1.103,1.025,108.078,10.075
3,465.285,99.953,94.516,110.916,9.847,112.379,102.1,111.112,112.661,112.046,97.544,10.305,107.37,116.622,109.463
4,466.502,98.082,105.085,110.176,1.064,1.062,102.551,9.49,104.806,114.066,106.625,0.936,0.957,106.576,10.55
2,466.858,102.64,1.16,103.534,111.724,107.978,103.859,1.086,104.606,1.172,98.137,99.784,111.88,105.218,1.004
3,466.921,110.024,110.105,102.226,11.147,101.613,111.366,104.59,100.699,96.377,101.833,10.932,115.251,117.188,106.827
2,466.941,109.584,1.158,102.678,103.462,110.713,112.753,1.038,105.754,1.074,95.618,99.269,105.841,110.107,1.106
4,467.422,94.645,107.098,112.454,0.935,0.948,95.25,9.946,102.502,105.371,100.072,0.99,1.007,108.232,9.735
3,467.498,103.161,108.368,106.194,10.193,114.336,118.072,109.338,109.798,101.289,113.266,9.815,113.264,117.575,109.226
2,467.63,93.639,1.15,104.593,102.626,109.097,107.893,1.125,98.195,1.078,96.431,100.074,113.166,110.688,1.142
2,467.714,107.011,1.03,105.729,112.254,99.515,98.543,1.04,100.665,1.061,101.957,114.692,115.108,96.101,1.051
4,467.808,104.713,100.4,103.209,0.974,0.943,100.635,10.621,100.964,109.583,115.913,0.971,0.977,101.771,10.543
2,467.879,97.424,1.05,98.014,108.14,110.836,108.689,1.103,97.71,1.097,109.688,104.783,110.24,108.981,1.116
2,467.925,110.036,1.131,109.82,105.595,100.778,97.011,1.051,108.315,1.09,93.99,108.983,100.733,109.243,1.066
2,468.216,103.034,1.018,107.985,110.594,116.76,100.635,1.156,107.715,1.064,107.611,109.228,102.414,107.056,1.154
2,468.324,99.98,1.054,94.086,115.882,104.485,103.788,0.992,93.258,1.116,109.61,98.2,109.615,104.469,1.095
2,468.377,100.855,1.032,104.892,112.905,101.734,107.267,1.047,94.705,1.088,108.066,113.613,99.12,105.62,1.154
3,468.553,103.586,98.751,97.626,11.169,105.097,115.181,103.061,113.721,106.024,106.795,11.15,109.694,115.245,101.497
4,469.089,102.322,110.42,113.661,1.108,1.092,108.484,10.995,106.399,111.43,114.66,0.964,1.078,96.07,11.094
2,470.045,94.695,1.178,95.989,106.075,113.987,104.569,0.993,105.068,1.136,94.078,112.447,102.078,99.779,1.008
2,470.054,96.733,1.175,95.044,100.686,103.283,97.154,1.068,109.122,1.041,99.029,105.492,116.863,97.101,0.991
2,470.232,95.284,1.118,109.127,105.446,112.489,95.974,1.014,110.02,1.127,94.808,106.03,102.106,113.143,1.097
3,471.434,111.082,99.691,100.683,9.928,115.471,118.354,100.405,101.617,96.409,106.348,11.55,105.411,102.448,95.998
2,471.449,93.616,1.141,93.961,114.456,109.631,103.936,1.16,96.584,1.04,103.79,105.502,102.026,97.377,1.066
4,471.5,104.698,110.864,110.293,1.068,0.931,98.268,9.965,107.163,112.698,111.309,1.073,0.932,107.454,9.839
4,472.326,108.161,99.045,108.014,0.965,1.041,92.238,10.928,109.692,100.481,104.403,1.06,1.015,95.855,10.405
3,472.373,111.257,95.892,97.918,10.112,116.679,116.918,95.856,108.844,112.065,100.842,9.809,106.75,101.173,100.823
2,472.437,109.627,1.096,111.266,107.947,112.933,113.467,1.009,96.203,1.015,107.916,114.609,104.17,109.488,1.104
2,472.768,104.384,1.109,101.948,115.299,108.424,109.987,0.984,103.206,1.115,96.431,114.939,116.548,110.627,1.117
2,473.04,97.999,0.994,101.705,104.864,113.303,103.903,0.992,100.047,1.044,107.736,103.923,113.482,101.337,1.051
2,473.378,97.816,1.074,99.858,103.475,101.554,98.139,1.136,110.089,1.02,98.595,115.909,116.823,111.88,1.032
3,473.471,102.338,94.775,103.978,10.978,102.431,106.063,100.478,104.221,105.793,108.131,9.975,113.36,101.566,95.516
3,473.637,110.115,96.127,105.223,11.266,113.188,115.069,103.827,115.382,108.002,105.539,11.259,107.073,111.366,109.181
2,473.718,93.403,1.057,97.911,99.481,101.954,111.734,1.148,98.576,1.081,106.767,110.706,110.491,97.14,1.148
3,474.515,109.919,102.907,109.375,10.273,112.851,101.301,110.376,103.058,98.627,112.851,10.385,112.783,114.035,100.65
4,475.071,95.03,99.192,112.899,1.037,1.089,108.015,11.017,103.333,107.971,103.04,1.024,1.07,104.029,10.678
2,475.207,92.819,0.993,107.566,100.55,108.572,106.025,1.117,97.916,1.069,105.438,113.157,104.057,105.095,1.144
3,475.43,102.767,111.834,105.677,10.367,103.968,110.911,96.918,102.199,108.212,104.703,10.606,107.253,103.444,106.011
2,475.45,109.413,1.101,108.857,112.282,115.683,106.8,1.047,104.207,1.146,105.003,98.82,104.787,113.185,1.127
4,475.468,110.8,101.598,114.243,0.983,1.088,107.106,9.958,95.759,104.822,112.418,1.051,1.08,104.815,10.294
2,475.588,110.118,1.161,103.036,102.293,108.109,104.5,0.98,98.318,1.019,108.811,98.14,106.101,106.211,1.083
3,475.642,112.279,109.961,113.643,10.988,110.172,116.962,109.222,103.991,109.765,103.843,9.804,116.375,109.439,101.019
2,475.681,97.722,1.156,95.182,102.775,113.12,108.893,1.118,104.099,1.08,109.571,106.564,103.654,110.524,1.004
4,475.749,108.441,110.903,113.618,0.967,1.033,93.4,10.591,105.442,100.512,105.314,1.034,1.079,104.754,9.876
3,475.805,115.906,104.037,107.392,10.889,101.331,111.705,111.465,112.142,98.663,108.945,10.333,117.818,115.055,95.982
3,475.968,100.811,106.226,104.246,10.472,103.384,118.943,100.856,107.342,104.08,109.255,10.488,102.939,109.963,100.562
3,476.023,116.332,94.641,108.222,9.834,100.48,109.47,94.844,102.607,100.198,100.482,11.448,109.898,100.806,95.001
3,476.436,114.522,109.448,113.482,10.392,115.132,118.101,96.58,103.469,109.559,103.34,10.889,115.096,102.291,107.015
3,477.376,102.616,95.499,100.397,10.217,114.245,102.131,107.812,103.408,110.964,103.417,11.274,113.022,118.065,102.053
2,478.06,97.135,1.056,106.296,115.533,116.58,104.782,1.122,102.879,1.092,105.002,115.71,109.574,98.665,0.979
2,478.37,98.971,1.139,95.976,109.444,106.687,110.948,1.066,102.809,1.045,105.032,115.722,102.543,99.027,1.032
3,478.543,104.582,104.892,102.243,10.712,107.224,107.618,105.197,104.104,105.895,97.664,10.188,101.06,107.318,98.528
3,478.759,102.924,95.684,101.475,10.392,115.164,115.306,108.512,111.026,100.064,99.031,11.004,110.123,110.671,106.611
3,478.956,102.878,109.061,102.086,11.539,109.164,118.072,105.822,99.804,94.444,110.048,11.025,106.9,110.671,109.91
4,479.283,110.74,107.786,105.723,1.055,0.978,103.094,9.92,109.931,112.535,106.748,0.954,1.02,93.142,10.346
2,479.308,110.118,1.044,107.03,105.102,108.058,96.834,1.073,102.098,1.045,94.041,100.992,102.766,106.509,1.044
3,479.415,107.243,94.361,108.591,10.479,110.966,112.079,111.929,111.025,98.627,109.608,11.158,111.926,104.049,105.186
2,479.558,92.591,1.038,97.752,114.402,103.283,102.905,1.141,106.13,1.016,97.752,115.334,114.793,100.289,1.156
3,479.682,99.484,111.078,107.071,10.666,118.769,111.37,102.384,110.883,107.522,106.423,9.951,106.932,112.278,98.13
4,479.802,110.439,102.347,114.251,0.974,1.047,102.12,9.598,95.855,111.928,105.351,1.002,0.996,97.107,9.481
3,479.947,112.409,107.111,113.849,11.437,108.317,100.547,108.03,105.749,109.9,104.334,10.784,100.897,108.554,109.954
2,480.092,104.586,1.1,109.907,115.381,100.882,104.099,1.161,94.518,1.06,96.868,109.281,106.625,101.07,1.016
2,480.523,93.823,1.048,105.988,108.655,111.152,99.542,1.005,97.214,1.079,97.593,114.041,98.415,110.295,1.042
4,480.953,98.7,103.79,103.766,0.942,0.982,102.474,10.374,98.107,114.714,104.069,1.047,1.042,104.121,10.364
3,481.586,112.065,101.714,107.629,10.16,107.302,115.072,103.687,105.271,97.315,97.533,11.072,116.764,117.264,96.63
3,481.697,109.803,106.024,112.813,10.392,106.491,112.196,98.176,110.334,95.889,114.073,10.178,109.529,108.142,103.294
3,482.357,105.575,106.75,109.414,11.182,107.133,118.095,98.813,113.524,98.58,97.984,11.553,113.311,117.116,110.765
3,482.949,109.66,95.041,107.78,10.149,110.137,100.363,108.7,102.88,105.804,102.524,11.058,108.225,115.181,103.285
4,483.19,99.133,101.272,108.869,1.092,0.928,101.863,10.272,103.466,116.154,107.044,0.99,0.946,94.99,10.7
4,483.397,103.532,115.703,114.187,0.995,0.982,99.489,10.623,109.941,113.464,104.508,1.021,1.041,100.535,10.371
4,483.966,94.464,111.434,101.23,0.996,1.025,106.844,10.638,94.879,101.191,114.243,1.076,1.064,106.949,10.605
3,484.202,113.888,108.756,98.369,10.237,116.567,106.232,110.376,99.484,100.924,107.023,9.854,102.385,112.804,109.905
4,484.428,99.133,101.505,102.203,1.032,0.939,105.747,10.421,96.464,104.27,110.777,1.01,0.941,108.148,10.5
3,485.416,113.77,107.273,109.131,11.012,118.761,117.086,110.814,107.834,112.146,103.433,10.78,111.07,114.478,109.181
4,486.338,99.199,104.082,110.847,1.1,0.945,102.26,10.747,100.967,110.394,105.556,0.96,1.046,98.813,10.428
4,486.398,95.865,113.756,116.215,0.993,1.01,102.628,10.961,101.042,113.823,102.43,1.024,1.003,97.676,10.363
4,487.168,106.562,110.79,100.522,1.053,1.065,92.934,10.092,100.981,111.118,109.149,1.015,1.058,95.623,10.312
3,487.859,100.348,96.716,104.535,11.423,104.668,100.989,100.502,99.402,96.51,102.121,10.999,107.597,113.118,105.116
4,488.6,105.098,115.103,105.687,0.955,1.045,104.029,11.006,107.777,109.7,113.158,1.075,0.936,105.752,11.059
4,488.783,102.611,108.39,110.5,1.079,1.083,93.356,9.953,104.974,111.232,104.918,0.936,1.1,101.981,11.208
4,489.098,101.509,100.687,115.337,1.079,0.954,95.25,9.471,102.617,113.725,99.25,1.041,1.0,92.819,9.659
3,489.365,106.881,98.751,100.398,10.648,116.075,104.455,106.573,102.266,106.299,101.314,11.203,103.023,113.621,108.471
3,489.542,114.056,104.324,113.448,10.795,111.07,102.291,107.192,116.952,101.254,100.511,9.861,100.402,115.181,100.769
4,489.883,97.412,109.946,112.723,0.964,0.991,95.834,10.301,104.422,113.119,114.952,0.948,0.96,92.917,10.525
4,490.253,102.627,104.853,102.606,1.044,0.928,106.253,11.013,105.533,102.564,113.317,1.084,0.937,100.036,10.466
4,490.287,98.889,114.638,116.916,1.06,1.075,98.467,10.026,100.916,101.325,99.155,1.073,0.965,98.948,10.876
4,491.266,94.536,100.211,100.057,1.072,1.008,102.111,10.903,98.908,106.586,107.291,1.021,1.078,106.045,11.215
3,492.429,107.041,101.871,114.062,11.096,106.414,111.927,94.702,108.453,111.269,108.981,10.118,115.255,109.669,110.59
4,492.45,101.261,109.534,115.695,1.041,0.934,101.825,9.768,108.579,98.886,109.639,0.993,1.03,102.047,10.759
3,493.179,105.561,104.08,108.968,11.025,109.571,100.806,97.26,102.199,98.296,99.325,11.125,110.494,112.028,96.676
3,493.486,111.393,107.154,113.903,10.326,110.556,117.216,96.847,100.504,94.46,106.385,10.201,111.652,115.069,107.83
3,493.635,116.664,109.615,102.82,9.736,112.798,115.245,105.602,115.338,97.037,111.273,10.225,106.491,110.077,99.755
3,494.004,111.727,94.559,105.934,11.039,112.121,105.007,96.508,106.384,99.155,108.594,11.051,101.132,113.888,106.015
4,494.17,110.344,103.669,99.883,1.106,0.929,101.152,10.627,95.759,110.714,103.209,0.952,1.075,106.01,11.016
4,494.465,105.946,98.247,114.712,0.963,1.019,103.678,10.995,101.685,110.357,104.171,1.027,1.033,99.632,10.938
3,495.26,101.708,96.07,113.728,10.38,107.683,109.444,105.92,111.213,104.795,112.284,11.271,114.369,111.063,102.826
3,496.806,108.399,102.958,114.048,10.38,104.507,118.335,96.795,100.456,111.766,98.818,11.036,114.919,110.515,103.688
3,497.451,109.787,101.884,100.857,11.112,109.909,101.914,105.098,103.93,100.262,103.583,9.864,101.398,111.544,104.639
3,497.567,115.22,106.316,110.09,11.049,107.286,109.137,102.547,107.847,100.814,100.539,10.321,100.496,107.446,106.169
3,498.41,116.535,102.542,96.278,9.807,100.737,110.917,108.323,109.256,107.632,97.241,9.777,110.966,118.589,99.261
3,499.873,98.405,107.78,102.522,9.736,116.939,111.274,99.583,110.022,97.732,108.251,11.402,108.759,101.301,98.117
4,500.11,102.961,98.068,99.107,0.998,1.087,104.623,11.178,104.949,111.466,101.612,1.088,0.932,95.253,9.751
3,500.527,114.551,105.184,114.075,11.133,107.235,115.31,95.238,98.573,95.618,109.02,10.668,108.729,108.369,103.603
3,501.492,109.256,98.263,108.505,11.019,105.116,118.768,108.666,99.473,103.467,109.632,10.302,116.725,118.141,95.742
4,501.569,103.3,98.234,102.64,0.965,0.959,99.328,9.479,107.604,109.7,115.283,1.035,1.026,92.238,10.045
3,501.902,104.033,97.052,97.533,10.945,108.642,110.602,105.959,100.702,107.756,106.373,10.338,112.851,117.285,94.844
4,502.073,104.131,115.225,107.34,1.012,1.052,104.626,10.723,98.7,102.957,104.438,0.986,0.934,95.715,10.658
4,502.093,105.202,114.157,111.447,0.949,1.014,93.467,11.013,104.723,112.059,101.28,1.014,0.954,95.855,10.098
3,502.451,101.608,106.517,100.935,10.077,115.774,111.279,111.034,111.525,97.028,100.539,11.323,115.255,112.44,104.59
3,503.516,110.777,104.022,110.873,10.723,110.788,111.206,105.822,101.168,107.496,111.305,11.544,113.215,112.451,94.819
4,503.97,102.056,100.564,99.87,0.965,1.055,101.136,10.781,105.457,108.83,104.752,0.985,1.01,95.015,9.471
4,504.411,105.485,98.821,117.26,1.026,1.072,98.827,10.928,109.097,110.179,117.312,0.944,0.928,104.121,9.716
4,504.983,103.648,114.119,112.712,1.094,0.971,102.147,10.467,98.107,103.247,101.389,1.021,1.026,106.193,10.62
4,505.178,107.796,98.456,107.822,0.955,1.009,102.616,9.97,109.359,99.129,105.899,1.029,1.087,104.002,10.946
3,505.258,99.195,97.895,99.849,11.568,114.369,117.036,103.899,108.48,94.46,103.978,11.402,106.939,118.913,109.762
4,505.487,110.5,113.725,99.883,1.052,0.995,96.414,10.372,102.32,109.047,100.362,0.985,1.078,103.742,10.696
3,505.636,112.998,110.72,101.229,11.004,113.26,104.035,99.402,99.358,101.289,107.561,9.856,110.231,108.258,99.789
3,505.91,116.765,105.427,102.854,11.292,105.148,113.058,102.724,112.03,94.521,101.703,9.825,105.782,110.225,96.198
3,506.053,114.132,108.2,98.51,11.203,116.07,118.072,100.207,98.955,96.947,98.617,11.531,102.502,113.925,104.138
3,507.766,113.955,105.184,96.418,11.551,108.843,115.256,107.947,105.985,102.758,104.76,11.012,105.425,115.12,96.668
3,508.448,101.084,97.028,101.776,10.463,112.296,119.007,95.151,100.27,110.466,98.972,10.706,111.955,104.369,102.506
4,509.276,108.211,110.316,115.74,1.007,0.928,97.884,10.364,102.092,104.714,107.073,1.098,0.999,102.621,9.92
4,510.026,95.612,103.335,106.748,0.993,1.051,106.467,10.691,100.656,108.08,101.23,1.008,0.936,94.006,10.747
4,510.166,105.007,101.14,110.186,0.992,1.09,94.602,9.919,100.272,105.374,105.566,0.966,0.966,102.484,10.282
3,510.504,110.334,95.035,106.95,11.225,118.044,100.76,96.714,115.162,101.565,113.919,11.271,113.215,109.95,106.913
3,510.518,107.631,102.646,102.247,10.205,100.737,102.663,99.63,99.151,111.846,100.608,9.769,110.501,103.387,100.429
3,511.224,110.036,100.284,108.233,10.806,102.055,118.768,111.426,105.007,98.873,103.234,10.187,109.046,107.145,111.72
3,513.063,107.342,96.318,110.026,11.166,106.206,112.062,100.283,105.981,106.226,96.479,10.82,109.923,112.451,97.073
3,515.98,106.443,102.306,103.02,11.383,101.421,118.678,101.843,100.057,100.71,108.594,10.495,109.065,101.201,107.889
3,517.015,102.727,109.232,110.54,9.76,107.824,107.913,107.83,99.87,96.409,103.813,10.066,113.941,101.712,96.271
3,517.585,101.211,104.655,111.414,11.076,107.594,118.736,96.277,100.288,105.184,96.545,9.977,118.731,117.569,94.388
3,518.029,112.643,108.048,108.448,9.863,111.502,119.156,110.673,108.288,103.794,103.249,9.817,103.474,110.311,102.355
3,518.518,110.831,106.124,107.287,10.66,111.06,107.919,107.456,99.304,98.69,107.489,10.779,113.08,117.404,102.544
3,519.177,99.473,107.496,103.583,10.573,100.65,106.942,100.283,111.644,94.991,103.071,11.317,103.249,100.399,96.056
3,519.884,102.374,94.495,96.704,9.825,103.609,111.279,99.092,112.468,99.686,113.657,11.048,101.438,112.338,100.332
3,521.366,113.07,98.627,106.895,11.037,107.31,111.907,110.108,112.335,111.766,97.308,11.004,113.856,116.134,94.427
3,522.835,105.638,99.77,100.608,10.999,118.731,116.01,97.191,101.443,98.626,103.433,11.189,108.392,115.902,107.297
